T	 BPW(LIQUID)	BPW(BCC_A2)	BPW(FCC_A1)	BPW(LAVES_PHASE_C14)	BPW(NI3TI)
1473.15	.3108366	.4763732	0	.2127902	0
1472.15	.3049912	.48027	0	.2147389	0
1471.15	.2992549	.4840902	0	.216655	0
1470.15	.2936247	.4878358	0	.2185395	0
1469.15	.2880979	.4915088	0	.2203933	0
1468.15	.2826717	.4951111	0	.2222172	0
1467.15	.2773434	.4986446	0	.224012	0
1466.15	.2721104	.5021111	0	.2257785	0
1465.15	.2669703	.5055122	0	.2275176	0
1464.15	.2619206	.5088496	0	.2292298	0
1463.15	.256959	.512125	0	.230916	0
1462.15	.2520833	.5153399	0	.2325768	0
1461.15	.2472913	.5184959	0	.2342128	0
1460.15	.2425809	.5215943	0	.2358248	0
1459.15	.2379501	.5246366	0	.2374133	0
1458.15	.2333968	.5276242	0	.2389789	0
1457.15	.2289193	.5305584	0	.2405223	0
1456.15	.2245156	.5334405	0	.2420439	0
1455.15	.2201839	.5362717	0	.2435444	0
1454.15	.2159226	.5390532	0	.2450242	0
1453.15	.2117299	.5417863	0	.2464838	0
1452.15	.2076042	.544472	0	.2479238	0
1451.15	.203544	.5471114	0	.2493446	0
1450.15	.1995476	.5497057	0	.2507468	0
1449.15	.1956136	.5522557	0	.2521306	0
1448.15	.1917407	.5547627	0	.2534967	0
1447.15	.1879272	.5572275	0	.2548453	0
1446.15	.184172	.559651	0	.256177	0
1445.15	.1804737	.5620343	0	.257492	0
1444.15	.176831	.5643782	0	.2587908	0
1443.15	.1732427	.5666835	0	.2600738	0
1442.15	.1697075	.5689511	0	.2613414	0
1441.15	.1662243	.5711819	0	.2625938	0
1440.15	.162792	.5733766	0	.2638314	0
1439.15	.1594094	.575536	0	.2650546	0
1438.15	.1560754	.5776609	0	.2662637	0
1437.15	.1527891	.579752	0	.267459	0
1436.15	.1495493	.5818099	0	.2686407	0
1435.15	.1463552	.5838355	0	.2698093	0
1434.15	.1432057	.5858294	0	.2709649	0
1433.15	.1400999	.5877922	0	.2721079	0
1432.15	.1370369	.5897246	0	.2732385	0
1431.15	.1340158	.5916271	0	.2743571	0
1430.15	.1310357	.5935005	0	.2754638	0
1429.15	.1280958	.5953453	0	.2765588	0
1428.15	.1251953	.5971621	0	.2776426	0
1427.15	.1223334	.5989514	0	.2787152	0
1426.15	.1195092	.6007138	0	.2797769	0
1425.15	.1167221	.6024499	0	.280828	0
1424.15	.1139713	.60416	0	.2818687	0
1423.15	.1112561	.6058448	0	.2828991	0
1422.15	.1085757	.6075048	0	.2839195	0
1421.15	.1059295	.6091404	0	.2849301	0
1420.15	.1033169	.610752	0	.2859311	0
1419.15	.1007371	.6123403	0	.2869226	0
1418.15	.0981896	.6139055	0	.2879049	0
1417.15	.09567369	.6154482	0	.2888782	0
1416.15	.0931888	.6169687	0	.2898425	0
1415.15	.09073434	.6184675	0	.2907982	0
1414.15	.08830974	.619945	0	.2917453	0
1413.15	.08591443	.6214015	0	.2926841	0
1412.15	.08354787	.6228376	0	.2936146	0
1411.15	.08120952	.6242534	0	.2945371	0
1410.15	.07889886	.6256495	0	.2954516	0
1409.15	.07661538	.6270262	0	.2963585	0
1408.15	.07435859	.6283837	0	.2972577	0
1407.15	.07212799	.6297226	0	.2981494	0
1406.15	.06992312	.631043	0	.2990338	0
1405.15	.06774351	.6323454	0	.2999111	0
1404.15	.0655887	.6336301	0	.3007812	0
1403.15	.06345826	.6348973	0	.3016445	0
1402.15	.06135175	.6361474	0	.3025009	0
1401.15	.05926875	.6373806	0	.3033506	0
1400.15	.05720884	.6385973	0	.3041938	0
1399.15	.05517163	.6397978	0	.3050306	0
1398.15	.05315671	.6409823	0	.305861	0
1397.15	.05116369	.6421512	0	.3066852	0
1396.15	.04919221	.6433046	0	.3075032	0
1395.15	.04724189	.6444428	0	.3083153	0
1394.15	.04531237	.6455662	0	.3091215	0
1393.15	.0434033	.6466749	0	.3099219	0
1392.15	.04151433	.6477691	0	.3107165	0
1391.15	.03964511	.6488493	0	.3115056	0
1390.15	.03779533	.6499155	0	.3122892	0
1389.15	.03596465	.650968	0	.3130674	0
1388.15	.03415276	.652007	0	.3138402	0
1387.15	.03235934	.6530328	0	.3146079	0
1386.15	.0305841	.6540456	0	.3153703	0
1385.15	.02882674	.6550455	0	.3161278	0
1384.15	.02708695	.6560328	0	.3168802	0
1383.15	.02536446	.6570078	0	.3176278	0
1382.15	.02365899	.6579705	0	.3183705	0
1381.15	.02197026	.6589212	0	.3191086	0
1380.15	.020298	.6598601	0	.3198419	0
1379.15	.01864196	.6607873	0	.3205707	0
1378.15	.01700186	.6617031	0	.321295	0
1377.15	.01537747	.6626077	0	.3220148	0
1376.15	.01376853	.6635012	0	.3227303	0
1375.15	.01217479	.6643837	0	.3234415	0
1374.15	.01059603	.6652555	0	.3241485	0
1373.15	.00903201	.6661167	0	.3248513	0
1372.15	.007482496	.6669675	0	.32555	0
1371.15	.005947268	.6678081	0	.3262446	0
1370.15	.004426105	.6686386	0	.3269353	0
1369.15	.002918791	.6694591	0	.3276221	0
1368.15	.001425116	.6702698	0	.328305	0
1367.187	0	.6710411	0	.3289589	0
1367.187	0	.6710411	0	.3289589	0
1367.15	0	.6710242	0	.3289758	0
1366.15	0	.6705728	0	.3294273	0
1365.15	0	.6701223	0	.3298777	0
1364.15	0	.6696729	0	.3303271	0
1363.15	0	.6692246	0	.3307754	0
1362.15	0	.6687773	0	.3312227	0
1361.15	0	.6683311	0	.3316689	0
1360.15	0	.6678859	0	.3321141	0
1359.15	0	.6674417	0	.3325583	0
1358.15	0	.6669986	0	.3330015	0
1357.15	0	.6665564	0	.3334436	0
1356.15	0	.6661153	0	.3338847	0
1355.15	0	.6656753	0	.3343247	0
1354.15	0	.6652362	0	.3347638	0
1353.15	0	.6647982	0	.3352018	0
1352.15	0	.6643611	0	.3356389	0
1351.15	0	.6639251	0	.3360749	0
1350.15	0	.6634901	0	.3365099	0
1349.15	0	.6630561	0	.3369439	0
1348.15	0	.662623	0	.337377	0
1347.15	0	.662191	0	.337809	0
1346.15	0	.6617599	0	.3382401	0
1345.15	0	.6613299	0	.3386701	0
1344.15	0	.6609008	0	.3390992	0
1343.15	0	.6604727	0	.3395273	0
1342.15	0	.6600456	0	.3399544	0
1341.15	0	.6596195	0	.3403805	0
1340.15	0	.6591943	0	.3408057	0
1339.15	0	.6587701	0	.3412299	0
1338.15	0	.6583469	0	.3416531	0
1337.15	0	.6579246	0	.3420754	0
1336.15	0	.6575034	0	.3424967	0
1335.15	0	.657083	0	.342917	0
1334.15	0	.6566636	0	.3433364	0
1333.15	0	.6562452	0	.3437548	0
1332.15	0	.6558277	0	.3441723	0
1331.15	0	.6554111	0	.3445889	0
1330.15	0	.6549955	0	.3450045	0
1329.15	0	.6545808	0	.3454192	0
1328.15	0	.6541671	0	.3458329	0
1327.15	0	.6537543	0	.3462457	0
1326.15	0	.6533424	0	.3466576	0
1325.15	0	.6529315	0	.3470685	0
1324.15	0	.6525215	0	.3474785	0
1323.15	0	.6521124	0	.3478876	0
1322.15	0	.6517042	0	.3482958	0
1321.15	0	.6512969	0	.3487031	0
1320.15	0	.6508906	0	.3491094	0
1319.15	0	.6504852	0	.3495148	0
1318.15	0	.6500806	0	.3499194	0
1317.15	0	.649677	0	.350323	0
1316.15	0	.6492743	0	.3507257	0
1315.15	0	.6488725	0	.3511276	0
1314.15	0	.6484715	0	.3515285	0
1313.15	0	.6480715	0	.3519285	0
1312.15	0	.6476723	0	.3523277	0
1311.15	0	.6472741	0	.3527259	0
1310.15	0	.6468767	0	.3531233	0
1309.15	0	.6464802	0	.3535198	0
1308.15	0	.6460846	0	.3539154	0
1307.15	0	.6456899	0	.3543101	0
1306.15	0	.645296	0	.354704	0
1305.15	0	.644903	0	.355097	0
1304.15	0	.6445109	0	.3554891	0
1303.15	0	.6441197	0	.3558803	0
1302.15	0	.6437293	0	.3562707	0
1301.15	0	.6433398	0	.3566602	0
1300.15	0	.6429511	0	.3570489	0
1299.15	0	.6425633	0	.3574367	0
1298.15	0	.6421764	0	.3578237	0
1297.15	0	.6417903	0	.3582098	0
1296.15	0	.641405	0	.358595	0
1295.15	0	.6410206	0	.3589794	0
1294.15	0	.640637	0	.359363	0
1293.15	0	.6402543	0	.3597457	0
1292.15	0	.6398724	0	.3601276	0
1291.15	0	.6394914	0	.3605086	0
1290.15	0	.6391112	0	.3608888	0
1289.15	0	.6387318	0	.3612682	0
1288.15	0	.6383532	0	.3616468	0
1287.15	0	.6379755	0	.3620245	0
1286.15	0	.6375986	0	.3624014	0
1285.15	0	.6372225	0	.3627775	0
1284.15	0	.6368473	0	.3631527	0
1283.15	0	.6364728	0	.3635272	0
1282.15	0	.6360992	0	.3639008	0
1281.15	0	.6357264	0	.3642736	0
1280.15	0	.6353544	0	.3646456	0
1279.15	0	.6349832	0	.3650168	0
1278.15	0	.6346128	0	.3653872	0
1277.15	0	.6342432	0	.3657568	0
1276.15	0	.6338744	0	.3661256	0
1275.15	0	.6335064	0	.3664936	0
1274.15	0	.6331392	0	.3668608	0
1273.15	0	.6327728	0	.3672272	0
1272.15	0	.6324072	0	.3675928	0
1271.15	0	.6320424	0	.3679576	0
1270.15	0	.6316783	0	.3683217	0
1269.15	0	.6313151	0	.3686849	0
1268.15	0	.6309526	0	.3690474	0
1267.15	0	.6305909	0	.3694091	0
1266.15	0	.63023	0	.36977	0
1265.15	0	.6298699	0	.3701301	0
1264.15	0	.6295105	0	.3704895	0
1263.15	0	.6291519	0	.3708481	0
1262.15	0	.6287941	0	.3712059	0
1261.15	0	.628437	0	.371563	0
1260.15	0	.6280807	0	.3719193	0
1259.15	0	.6277252	0	.3722748	0
1258.15	0	.6273704	0	.3726296	0
1257.15	0	.6270164	0	.3729836	0
1256.15	0	.6266632	0	.3733369	0
1255.15	0	.6263107	0	.3736894	0
1254.15	0	.6259589	0	.3740411	0
1253.15	0	.6256079	0	.3743921	0
1252.15	0	.6252576	0	.3747424	0
1251.15	0	.6249081	0	.3750919	0
1250.15	0	.6245594	0	.3754406	0
1249.15	0	.6242114	0	.3757887	0
1248.15	0	.6238641	0	.3761359	0
1247.15	0	.6235175	0	.3764825	0
1246.15	0	.6231717	0	.3768283	0
1245.15	0	.6228266	0	.3771734	0
1244.15	0	.6224823	0	.3775177	0
1243.15	0	.6221387	0	.3778613	0
1242.15	0	.6217958	0	.3782042	0
1241.15	0	.6214536	0	.3785464	0
1240.15	0	.6211122	0	.3788878	0
1239.15	0	.6207715	0	.3792286	0
1238.15	0	.6204314	0	.3795686	0
1237.15	0	.6200922	0	.3799078	0
1236.15	0	.6197536	0	.3802464	0
1235.15	0	.6194157	0	.3805843	0
1234.15	0	.6190786	0	.3809214	0
1233.15	0	.6187422	0	.3812578	0
1232.15	0	.6184064	0	.3815936	0
1231.15	0	.6180714	0	.3819286	0
1230.15	0	.6177371	0	.3822629	0
1229.15	0	.6174035	0	.3825965	0
1228.15	0	.6170706	0	.3829294	0
1227.15	0	.6167383	0	.3832617	0
1226.15	0	.6164068	0	.3835932	0
1225.15	0	.616076	0	.383924	0
1224.15	0	.6157459	0	.3842541	0
1223.15	0	.6154164	0	.3845836	0
1222.15	0	.6150877	0	.3849123	0
1221.15	0	.6147596	0	.3852404	0
1220.15	0	.6144322	0	.3855678	0
1219.15	0	.6141055	0	.3858945	0
1218.15	0	.6137795	0	.3862205	0
1217.15	0	.6134542	0	.3865458	0
1216.15	0	.6131295	0	.3868705	0
1215.15	0	.6128056	0	.3871944	0
1214.15	0	.6124823	0	.3875177	0
1213.15	0	.6121596	0	.3878404	0
1212.15	0	.6118377	0	.3881623	0
1211.15	0	.6115164	0	.3884836	0
1210.15	0	.6111958	0	.3888043	0
1209.15	0	.6108758	0	.3891242	0
1208.15	0	.6105565	0	.3894435	0
1207.15	0	.6102379	0	.3897621	0
1206.15	0	.6099199	0	.3900801	0
1205.15	0	.6096026	0	.3903974	0
1204.15	0	.6092859	0	.3907141	0
1203.15	0	.60897	0	.3910301	0
1202.15	0	.6086546	0	.3913454	0
1201.15	0	.6083399	0	.3916601	0
1200.15	0	.6080259	0	.3919741	0
1199.15	0	.6077125	0	.3922875	0
1198.15	0	.6073997	0	.3926003	0
1197.15	0	.6070876	0	.3929124	0
1196.15	0	.6067762	0	.3932238	0
1195.15	0	.6064654	0	.3935346	0
1194.798	0	.6063561	0	.3936439	0
1194.798	0	.6063561	0	.3936439	0
1194.798	0	.6063561	0	.3936439	0
1194.15	0	.6057063	4.717525E-04	.393822	0
1193.15	0	.6047054	.00119841	.3940962	0
1192.15	0	.6037071	.00192314	.3943697	0
1191.15	0	.6027115	.002645943	.3946425	0
1190.15	0	.6017186	.003366822	.3949146	0
1189.15	0	.6007282	.004085779	.395186	0
1188.15	0	.5997405	.004802814	.3954566	0
1187.15	0	.5987555	.005517929	.3957266	0
1186.15	0	.5977731	.006231127	.3959958	0
1185.15	0	.5967933	.006942407	.3962643	0
1184.15	0	.5958161	.007651773	.3965322	0
1183.15	0	.5948415	.008359224	.3967993	0
1182.15	0	.5938695	.009064764	.3970657	0
1181.15	0	.5929002	.009768392	.3973314	0
1180.15	0	.5919334	.01047011	.3975965	0
1179.15	0	.5909693	.01116992	.3978608	0
1178.15	0	.5900077	.01186782	.3981244	0
1177.15	0	.5890488	.01256382	.3983874	0
1176.15	0	.5880924	.01325792	.3986497	0
1175.15	0	.5871386	.0139501	.3989113	0
1174.15	0	.5861874	.01464039	.3991722	0
1173.15	0	.5852388	.01532878	.3994324	0
1172.15	0	.5842928	.01601527	.399692	0
1171.15	0	.5833493	.01669986	.3999508	0
1170.15	0	.5824084	.01738255	.400209	0
1169.15	0	.5814701	.01806334	.4004666	0
1168.15	0	.5805343	.01874224	.4007235	0
1167.15	0	.5796011	.01941924	.4009797	0
1166.15	0	.5786705	.02009436	.4012352	0
1165.15	0	.5777424	.02076757	.4014901	0
1164.15	0	.5768168	.0214389	.4017443	0
1163.15	0	.5758938	.02210834	.4019978	0
1162.15	0	.5749734	.02277588	.4022508	0
1161.15	0	.5740555	.02344154	.402503	0
1160.15	0	.5731401	.02410531	.4027546	0
1159.15	0	.5722272	.02476719	.4030056	0
1158.15	0	.571317	.02542718	.4032559	0
1157.15	0	.5704092	.02608529	.4035055	0
1156.15	0	.5695039	.02674151	.4037546	0
1155.15	0	.5686012	.02739585	.4040029	0
1154.15	0	.567701	.02804833	.4042507	0
1153.15	0	.5668033	.0286989	.4044978	0
1152.15	0	.5659082	.02934759	.4047442	0
1151.15	0	.5650155	.0299944	.4049901	0
1150.15	0	.5641254	.03063933	.4052353	0
1149.15	0	.5632378	.03128237	.4054799	0
1148.15	0	.5623527	.03192354	.4057238	0
1147.15	0	.5614701	.03256282	.4059671	0
1146.15	0	.56059	.03320023	.4062098	0
1145.15	0	.5597124	.03383576	.4064519	0
1144.15	0	.5588373	.0344694	.4066933	0
1143.15	0	.5579647	.03510117	.4069342	0
1142.15	0	.5570945	.03573107	.4071744	0
1141.15	0	.5562269	.03635908	.407414	0
1140.15	0	.5553618	.03698522	.407653	0
1139.15	0	.5544992	.03760948	.4078914	0
1138.15	0	.553639	.03823187	.4081291	0
1137.15	0	.5527813	.03885238	.4083663	0
1136.15	0	.5519261	.03947101	.4086029	0
1135.15	0	.5510734	.04008776	.4088388	0
1134.15	0	.5502232	.04070264	.4090742	0
1133.15	0	.5493754	.04131565	.4093089	0
1132.15	0	.5485302	.04192678	.4095431	0
1131.15	0	.5476874	.04253603	.4097766	0
1130.15	0	.546847	.04314341	.4100096	0
1129.15	0	.5460091	.04374892	.4102419	0
1128.15	0	.5451737	.04435254	.4104737	0
1127.15	0	.5443408	.0449543	.4107049	0
1126.15	0	.5435103	.04555417	.4109355	0
1125.15	0	.5426823	.04615217	.4111655	0
1124.15	0	.5418568	.0467483	.4113949	0
1123.15	0	.5410337	.04734255	.4116238	0
1122.15	0	.5402131	.04793493	.411852	0
1121.15	0	.5393949	.04852542	.4120797	0
1120.15	0	.5385792	.04911405	.4123068	0
1119.15	0	.5377659	.04970079	.4125333	0
1118.15	0	.5369551	.05028566	.4127592	0
1117.15	0	.5361468	.05086865	.4129846	0
1116.15	0	.5353409	.05144977	.4132094	0
1115.15	0	.5345374	.05202901	.4134336	0
1114.15	0	.5337364	.05260637	.4136572	0
1113.15	0	.5329379	.05318185	.4138803	0
1112.15	0	.5321417	.05375545	.4141028	0
1111.15	0	.5313481	.05432718	.4143247	0
1110.15	0	.5305569	.05489702	.4145461	0
1109.15	0	.5297681	.05546499	.4147669	0
1108.15	0	.5289818	.05603107	.4149872	0
1107.15	0	.5281979	.05659527	.4152069	0
1106.15	0	.5274164	.0571576	.415426	0
1105.15	0	.5266374	.05771804	.4156446	0
1104.15	0	.5258608	.0582766	.4158626	0
1103.15	0	.5250867	.05883327	.41608	0
1102.15	0	.524315	.05938806	.4162969	0
1101.15	0	.5235458	.05994097	.4165133	0
1100.15	0	.5227789	.06049199	.4167291	0
1099.15	0	.5220146	.06104113	.4169443	0
1098.15	0	.5212526	.06158838	.417159	0
1097.15	0	.5204931	.06213374	.4173732	0
1096.15	0	.519736	.06267722	.4175868	0
1095.15	0	.5189814	.06321881	.4177998	0
1094.15	0	.5182292	.06375851	.4180123	0
1093.15	0	.5174794	.06429632	.4182243	0
1092.15	0	.516732	.06483223	.4184357	0
1091.15	0	.5159871	.06536626	.4186466	0
1090.15	0	.5152447	.06589839	.4188569	0
1089.15	0	.5145046	.06642863	.4190667	0
1088.15	0	.513767	.06695698	.419276	0
1087.15	0	.5130318	.06748343	.4194847	0
1086.15	0	.5122991	.06800799	.4196929	0
1085.15	0	.5115688	.06853064	.4199006	0
1084.15	0	.5108409	.0690514	.4201077	0
1083.15	0	.5101155	.06957026	.4203143	0
1082.15	0	.5093924	.07008723	.4205203	0
1081.15	0	.5086719	.07060229	.4207259	0
1080.15	0	.5079537	.07111544	.4209309	0
1079.15	0	.507238	.0716267	.4211353	0
1078.15	0	.5065247	.07213605	.4213393	0
1077.15	0	.5058138	.07264349	.4215427	0
1076.15	0	.5051054	.07314903	.4217456	0
1075.15	0	.5043994	.07365266	.4219479	0
1074.15	0	.5036959	.07415439	.4221497	0
1073.15	0	.5029947	.0746542	.4223511	0
1072.15	0	.502296	.0751521	.4225519	0
1071.15	0	.5015998	.07564809	.4227521	0
1070.15	0	.500906	.07614217	.4229519	0
1069.15	0	.5002146	.07663433	.4231511	0
1068.15	0	.4995256	.07712458	.4233498	0
1067.15	0	.4988391	.07761291	.423548	0
1066.15	0	.498155	.07809932	.4237456	0
1065.15	0	.4974734	.07858382	.4239428	0
1064.15	0	.4967942	.07906639	.4241394	0
1063.15	0	.4961174	.07954704	.4243355	0
1062.15	0	.4954431	.08002576	.4245311	0
1061.15	0	.4947712	.08050257	.4247262	0
1060.15	0	.4941018	.08097744	.4249208	0
1059.15	0	.4934348	.08145039	.4251149	0
1058.15	0	.4927702	.08192141	.4253084	0
1057.15	0	.4921081	.0823905	.4255014	0
1056.15	0	.4914484	.08285766	.4256939	0
1055.15	0	.4907912	.08332289	.425886	0
1054.15	0	.4901364	.08378619	.4260775	0
1053.15	0	.489484	.08424755	.4262685	0
1052.15	0	.4888341	.08470697	.4264589	0
1051.15	0	.4881867	.08516445	.4266489	0
1050.15	0	.4875416	.08562	.4268384	0
1049.15	0	.4868991	.0860736	.4270273	0
1048.15	0	.486259	.08652527	.4272158	0
1047.15	0	.4856213	.08697499	.4274037	0
1046.15	0	.4849861	.08742276	.4275911	0
1045.15	0	.4843534	.08786859	.4277781	0
1044.15	0	.4837231	.08831248	.4279645	0
1043.15	0	.4830952	.08875441	.4281504	0
1042.15	0	.4824698	.08919439	.4283358	0
1041.15	0	.4818469	.08963243	.4285207	0
1040.15	0	.4812264	.0900685	.4287051	0
1039.15	0	.4806084	.09050263	.428889	0
1038.15	0	.4799929	.0909348	.4290724	0
1037.15	0	.4793798	.09136501	.4292552	0
1036.15	0	.4787691	.09179327	.4294376	0
1035.15	0	.478161	.09221956	.4296195	0
1034.15	0	.4775552	.0926439	.4298009	0
1033.15	0	.476952	.09306627	.4299817	0
1032.15	0	.4763513	.09348668	.4301621	0
1031.15	0	.475753	.09390513	.4303419	0
1030.15	0	.4751571	.09432161	.4305213	0
1029.15	0	.4745638	.09473612	.4307001	0
1028.15	0	.4739729	.09514866	.4308785	0
1027.15	0	.4733845	.09555924	.4310563	0
1026.15	0	.4727985	.09596784	.4312337	0
1025.15	0	.472215	.09637448	.4314105	0
1024.15	0	.4716341	.09677913	.4315868	0
1023.15	0	.4710555	.09718182	.4317626	0
1022.15	0	.4704795	.09758253	.431938	0
1021.15	0	.469906	.09798126	.4321128	0
1020.15	0	.4693349	.09837802	.4322871	0
1019.15	0	.4687663	.0987728	.4324609	0
1018.15	0	.4682002	.0991656	.4326342	0
1017.15	0	.4676366	.09955642	.432807	0
1016.15	0	.4670755	.09994526	.4329793	0
1015.15	0	.4665168	.1003321	.4331511	0
1014.15	0	.4659607	.100717	.4333224	0
1013.15	0	.465407	.1010999	.4334931	0
1012.15	0	.4648558	.1014808	.4336634	0
1011.15	0	.4643071	.1018597	.4338332	0
1010.15	0	.463761	.1022366	.4340024	0
1009.15	0	.4632173	.1026116	.4341712	0
1008.15	0	.4626761	.1029845	.4343394	0
1007.15	0	.4621374	.1033555	.4345071	0
1006.15	0	.4616012	.1037245	.4346743	0
1005.15	0	.4610675	.1040915	.434841	0
1004.15	0	.4605363	.1044565	.4350072	0
1003.15	0	.4600076	.1048195	.4351729	0
1002.15	0	.4594814	.1051805	.4353381	0
1001.15	0	.4589577	.1055396	.4355027	0
1000.15	0	.4584365	.1058966	.4356669	0
999.15	0	.4579178	.1062517	.4358305	0
998.15	0	.4574016	.1066048	.4359936	0
997.15	0	.4568879	.1069559	.4361562	0
996.15	0	.4563768	.1073049	.4363183	0
995.15	0	.4558681	.107652	.4364799	0
994.15	0	.455362	.1079972	.4366409	0
993.15	0	.4548583	.1083403	.4368014	0
992.15	0	.4543572	.1086814	.4369614	0
991.15	0	.4538586	.1090205	.4371209	0
990.15	0	.4533624	.1093577	.4372799	0
989.15	0	.4528688	.1096929	.4374383	0
988.15	0	.4523777	.1100261	.4375962	0
987.15	0	.4518892	.1103573	.4377536	0
986.15	0	.4514031	.1106865	.4379104	0
985.15	0	.4509195	.1110137	.4380667	0
984.15	0	.4504385	.111339	.4382225	0
983.15	0	.4499599	.1116623	.4383778	0
982.15	0	.4494839	.1119836	.4385325	0
981.15	0	.4490104	.1123029	.4386867	0
980.15	0	.4485394	.1126202	.4388404	0
979.15	0	.4480709	.1129356	.4389935	0
978.15	0	.4476049	.113249	.4391461	0
977.15	0	.4471415	.1135604	.4392981	0
976.15	0	.4466805	.1138699	.4394496	0
975.15	0	.446222	.1141774	.4396006	0
974.15	0	.4457661	.1144829	.439751	0
973.15	0	.4453126	.1147865	.4399008	0
972.15	0	.4448617	.1150882	.4400501	0
971.15	0	.4444133	.1153878	.4401989	0
970.15	0	.4439674	.1156856	.4403471	0
969.15	0	.4435239	.1159813	.4404947	0
968.15	0	.443083	.1162752	.4406418	0
967.15	0	.4426446	.1165671	.4407884	0
966.15	0	.4422086	.116857	.4409344	0
965.15	0	.4417752	.117145	.4410798	0
964.15	0	.4413443	.1174311	.4412246	0
963.15	0	.4409158	.1177153	.4413689	0
962.15	0	.4404899	.1179976	.4415126	0
961.15	0	.4400664	.1182779	.4416557	0
960.15	0	.4396454	.1185564	.4417983	0
959.15	0	.4392269	.1188329	.4419403	0
958.15	0	.4388108	.1191075	.4420817	0
957.15	0	.4383972	.1193803	.4422225	0
956.15	0	.4379861	.1196511	.4423627	0
955.15	0	.4375775	.1199201	.4425024	0
954.15	0	.4371714	.1201872	.4426414	0
953.15	0	.4367676	.1204525	.4427799	0
952.15	0	.4363664	.1207159	.4429177	0
951.15	0	.4359676	.1209774	.443055	0
950.15	0	.4355712	.1212371	.4431917	0
949.15	0	.4351773	.121495	.4433277	0
948.15	0	.4347858	.121751	.4434632	0
947.15	0	.4343967	.1220052	.443598	0
946.15	0	.4340101	.1222576	.4437322	0
945.15	0	.4336259	.1225082	.4438659	0
944.15	0	.4332441	.1227571	.4439988	0
943.15	0	.4328647	.1230041	.4441312	0
942.15	0	.4324877	.1232494	.4442629	0
941.15	0	.4321131	.1234929	.444394	0
940.15	0	.4317409	.1237346	.4445245	0
939.15	0	.4313711	.1239747	.4446543	0
938.15	0	.4310036	.1242129	.4447835	0
937.15	0	.4306385	.1244495	.444912	0
936.15	0	.4302757	.1246844	.4450399	0
935.15	0	.4299153	.1249176	.4451671	0
934.15	0	.4295572	.1251491	.4452936	0
933.15	0	.4292015	.125379	.4454195	0
932.15	0	.4288481	.1256072	.4455448	0
931.15	0	.4284969	.1258338	.4456693	0
930.15	0	.4281481	.1260587	.4457932	0
929.15	0	.4278015	.1262821	.4459164	0
928.15	0	.4274573	.1265039	.4460389	0
927.15	0	.4271152	.1267241	.4461607	0
926.15	0	.4267755	.1269427	.4462818	0
925.15	0	.4264379	.1271599	.4464022	0
924.15	0	.4261026	.1273755	.4465219	0
923.15	0	.4257695	.1275896	.4466409	0
922.15	0	.4254386	.1278022	.4467592	0
921.15	0	.4251099	.1280134	.4468767	0
920.15	0	.4247833	.1282231	.4469935	0
919.15	0	.4244589	.1284315	.4471096	0
918.15	0	.4241367	.1286384	.4472249	0
917.15	0	.4238165	.128844	.4473395	0
916.15	0	.4234984	.1290482	.4474534	0
915.15	0	.4231825	.1292511	.4475665	0
914.15	0	.4228686	.1294527	.4476788	0
913.15	0	.4225567	.129653	.4477903	0
912.15	0	.4222469	.1298521	.4479011	0
911.15	0	.421939	.1300499	.448011	0
910.15	0	.4216332	.1302466	.4481202	0
909.15	0	.4213293	.1304421	.4482286	0
908.15	0	.4210274	.1306364	.4483362	0
907.15	0	.4207274	.1308297	.448443	0
906.15	0	.4204293	.1310218	.4485489	0
905.15	0	.420133	.131213	.448654	0
904.15	0	.4198386	.1314031	.4487583	0
903.15	0	.4195461	.1315923	.4488617	0
902.15	0	.4192553	.1317805	.4489643	0
901.15	0	.4189663	.1319678	.449066	0
900.15	0	.418679	.1321542	.4491668	0
899.15	0	.4183935	.1323398	.4492668	0
898.15	0	.4181096	.1325246	.4493659	0
897.15	0	.4178274	.1327086	.449464	0
896.15	0	.4175468	.1328919	.4495613	0
895.15	0	.4172678	.1330746	.4496577	0
894.15	0	.4169903	.1332566	.4497531	0
893.15	0	.4167144	.133438	.4498476	0
892.15	0	.41644	.1336189	.4499411	0
891.15	0	.416167	.1337993	.4500337	0
890.15	0	.4158954	.1339793	.4501253	0
889.15	0	.4156252	.1341589	.4502159	0
888.15	0	.4153563	.1343381	.4503056	0
887.15	0	.4150888	.134517	.4503942	0
886.15	0	.4148225	.1346957	.4504818	0
885.15	0	.4145573	.1348743	.4505684	0
884.15	0	.4142934	.1350526	.450654	0
883.15	0	.4140306	.135231	.4507385	0
882.15	0	.4137688	.1354093	.4508219	0
881.15	0	.4135081	.1355877	.4509042	0
880.15	0	.4132483	.1357662	.4509855	0
879.15	0	.4129894	.1359449	.4510656	0
878.15	0	.4127314	.1361239	.4511447	0
877.15	0	.4124743	.1363032	.4512225	0
876.15	0	.4122178	.1364829	.4512993	0
875.15	0	.4119621	.1366631	.4513748	0
874.15	0	.411707	.1368438	.4514492	0
873.15	0	.4114525	.1370252	.4515223	0
872.15	0	.4111985	.1372073	.4515943	0
871.15	0	.4109449	.1373902	.4516649	0
870.15	0	.4106917	.137574	.4517344	0
869.15	0	.4104387	.1377588	.4518025	0
868.15	0	.4101861	.1379446	.4518694	0
867.15	0	.4099335	.1381316	.4519349	0
866.15	0	.409681	.1383199	.451999	0
865.15	0	.4094285	.1385096	.4520618	0
864.15	0	.409176	.1387008	.4521232	0
863.15	0	.4089232	.1388936	.4521832	0
862.15	0	.4086701	.1390881	.4522418	0
861.15	0	.4084167	.1392845	.4522988	0
860.15	0	.4081628	.1394828	.4523544	0
859.15	0	.4079084	.1396832	.4524085	0
858.15	0	.4076532	.1398858	.452461	0
857.15	0	.4073973	.1400908	.4525119	0
856.15	0	.4071404	.1402984	.4525612	0
855.15	0	.4068826	.1405086	.4526088	0
854.15	0	.4066236	.1407217	.4526547	0
853.15	0	.4063633	.1409378	.452699	0
852.15	0	.4061016	.141157	.4527414	0
851.15	0	.4058383	.1413796	.4527821	0
850.15	0	.4055733	.1416058	.4528209	0
849.15	0	.4053065	.1418357	.4528578	0
848.15	0	.4050376	.1420697	.4528927	0
847.15	0	.4047666	.1423078	.4529257	0
846.15	0	.4044931	.1425503	.4529566	0
845.15	0	.404217	.1427975	.4529854	0
844.15	0	.4039382	.1430497	.4530121	0
843.15	0	.4036564	.143307	.4530366	0
842.15	0	.4033714	.1435699	.4530587	0
841.15	0	.4030829	.1438387	.4530785	0
840.15	0	.4027906	.1441135	.4530958	0
839.15	0	.4024944	.1443949	.4531107	0
838.15	0	.4021939	.1446831	.4531229	0
837.15	0	.4018889	.1449787	.4531325	0
836.15	0	.4015789	.1452819	.4531392	0
835.15	0	.4012636	.1455933	.4531431	0
834.15	0	.4009427	.1459134	.453144	0
833.15	0	.4006157	.1462427	.4531417	0
832.15	0	.4002821	.1465817	.4531362	0
831.15	0	.3999416	.1469312	.4531272	0
830.15	0	.3995936	.1472917	.4531147	0
829.15	0	.3992375	.1476641	.4530984	0
828.15	0	.3988726	.1480491	.4530783	0
827.15	0	.3984984	.1484476	.453054	0
826.15	0	.398114	.1488607	.4530253	0
825.15	0	.3975328	.1495172	.4529501	0
824.15	0	.3967618	.1504099	.4528282	0
823.15	0	.3960403	.1512462	.4527136	0
822.15	0	.3953635	.1520312	.4526053	0
821.15	0	.3947274	.1527698	.4525028	0
820.15	0	.3941287	.1534657	.4524056	0
819.15	0	.3935642	.1541227	.4523131	0
818.15	0	.3930312	.1547439	.4522249	0
817.15	0	.3925273	.1553319	.4521407	0
816.15	0	.3920504	.1558894	.4520601	0
815.15	0	.3915986	.1564186	.4519829	0
814.15	0	.3911699	.1569213	.4519087	0
813.15	0	.390763	.1573996	.4518374	0
812.15	0	.3903763	.157855	.4517687	0
811.15	0	.3900086	.158289	.4517024	0
810.15	0	.3896585	.158703	.4516384	0
809.15	0	.3893251	.1590983	.4515765	0
808.15	0	.3890073	.159476	.4515166	0
807.15	0	.3887042	.1598372	.4514586	0
806.15	0	.388415	.1601828	.4514022	0
805.15	0	.3881387	.1605139	.4513475	0
804.15	0	.3878747	.1608311	.4512942	0
803.15	0	.3876223	.1611353	.4512424	0
802.15	0	.3873809	.1614272	.4511919	0
801.15	0	.3871498	.1617075	.4511427	0
800.15	0	.3869286	.1619768	.4510946	0
799.15	0	.3867166	.1622357	.4510477	0
798.15	0	.3865134	.1624848	.4510018	0
797.15	0	.3863186	.1627245	.4509569	0
796.15	0	.3861317	.1629554	.4509129	0
795.15	0	.3859523	.1631779	.4508698	0
794.15	0	.38578	.1633924	.4508276	0
793.15	0	.3856146	.1635993	.4507861	0
792.15	0	.3854556	.163799	.4507454	0
791.15	0	.3853027	.1639919	.4507054	0
790.15	0	.3851556	.1641783	.4506661	0
789.15	0	.3850141	.1643585	.4506274	0
788.15	0	.3848779	.1645328	.4505893	0
787.15	0	.3847468	.1647014	.4505518	0
786.15	0	.3846204	.1648648	.4505148	0
785.15	0	.3844986	.165023	.4504784	0
784.15	0	.3843812	.1651763	.4504424	0
783.15	0	.384268	.1653251	.450407	0
782.15	0	.3841587	.1654694	.4503719	0
781.15	0	.3840532	.1656094	.4503373	0
780.15	0	.3839514	.1657455	.4503031	0
779.15	0	.383853	.1658777	.4502693	0
778.15	0	.3837579	.1660063	.4502359	0
777.15	0	.3836659	.1661313	.4502028	0
776.15	0	.383577	.166253	.45017	0
775.15	0	.3834909	.1663715	.4501376	0
774.15	0	.3834076	.166487	.4501054	0
773.15	0	.3833269	.1665995	.4500736	0
772.15	0	.3832488	.1667093	.450042	0
771.15	0	.383173	.1668164	.4500107	0
770.15	0	.3830995	.1669209	.4499796	0
769.15	0	.3830282	.167023	.4499488	0
768.15	0	.3829591	.1671228	.4499182	0
767.15	0	.3828919	.1672203	.4498878	0
766.15	0	.3828266	.1673157	.4498576	0
765.15	0	.3827632	.1674091	.4498277	0
764.15	0	.3827016	.1675006	.4497979	0
763.15	0	.3826416	.1675901	.4497683	0
762.15	0	.3825833	.1676779	.4497388	0
761.15	0	.3825282	.1677627	.4497092	0
760.15	0	.3824727	.1678473	.4496801	0
759.15	0	.3824186	.1679302	.4496511	0
758.15	0	.3823659	.1680117	.4496223	0
757.15	0	.3823145	.1680918	.4495937	0
756.15	0	.3822644	.1681705	.4495651	0
755.15	0	.3822154	.1682479	.4495367	0
754.15	0	.3821676	.168324	.4495084	0
753.15	0	.3821209	.1683989	.4494802	0
752.15	0	.3820752	.1684727	.4494521	0
751.15	0	.3820305	.1685453	.4494242	0
750.15	0	.3819868	.1686169	.4493963	0
749.15	0	.381944	.1686876	.4493685	0
748.15	0	.381902	.1687572	.4493408	0
747.15	0	.3818609	.168826	.4493131	0
746.15	0	.3818206	.1688938	.4492856	0
745.15	0	.3817811	.1689608	.4492581	0
744.15	0	.3817423	.1690271	.4492307	0
743.15	0	.3817042	.1690925	.4492033	0
742.15	0	.3816667	.1691573	.449176	0
741.15	0	.3816299	.1692213	.4491488	0
740.15	0	.3815937	.1692846	.4491217	0
739.15	0	.3815581	.1693474	.4490945	0
738.15	0	.381523	.1694095	.4490675	0
737.15	0	.3814885	.169471	.4490405	0
736.15	0	.3814545	.169532	.4490135	0
735.15	0	.381421	.1695925	.4489866	0
734.15	0	.3813879	.1696524	.4489597	0
733.15	0	.3813553	.1697119	.4489329	0
732.15	0	.381323	.1697709	.448906	0
731.15	0	.3812912	.1698295	.4488793	0
730.15	0	.3812598	.1698877	.4488525	0
729.15	0	.3812287	.1699455	.4488258	0
728.15	0	.381198	.1700029	.4487991	0
727.15	0	.3811677	.1700599	.4487724	0
726.15	0	.3811376	.1701166	.4487458	0
725.15	0	.3811078	.170173	.4487192	0
724.15	0	.3810783	.1702291	.4486926	0
723.15	0	.3810491	.1702849	.448666	0
722.15	0	.3810202	.1703404	.4486394	0
721.15	0	.3809914	.1703957	.4486129	0
720.15	0	.380963	.1704507	.4485863	0
719.15	0	.3809347	.1705055	.4485598	0
718.15	0	.3809066	.1705601	.4485333	0
717.15	0	.3808788	.1706144	.4485068	0
716.15	0	.3808511	.1706686	.4484803	0
715.15	0	.3808236	.1707226	.4484538	0
714.15	0	.3807963	.1707764	.4484273	0
713.15	0	.3807691	.1708301	.4484008	0
712.15	0	.3807421	.1708835	.4483744	0
711.15	0	.3807152	.1709369	.4483479	0
710.15	0	.3806884	.1709901	.4483215	0
709.15	0	.3806618	.1710432	.448295	0
708.15	0	.3806353	.1710962	.4482685	0
707.15	0	.3806088	.1711491	.4482421	0
706.15	0	.3805825	.1712019	.4482156	0
705.15	0	.3805563	.1712545	.4481891	0
704.15	0	.3805302	.1713071	.4481627	0
703.15	0	.3805041	.1713597	.4481362	0
702.15	0	.3804782	.1714121	.4481097	0
701.15	0	.3804522	.1714645	.4480833	0
700.15	0	.3804264	.1715168	.4480568	0
699.15	0	.3804006	.1715691	.4480303	0
698.15	0	.3803749	.1716213	.4480038	0
697.15	0	.3803492	.1716735	.4479773	0
696.15	0	.3803235	.1717256	.4479508	0
695.15	0	.3802979	.1717778	.4479243	0
694.15	0	.3802724	.1718298	.4478978	0
693.15	0	.3802468	.1718819	.4478713	0
692.15	0	.3802213	.1719339	.4478448	0
691.15	0	.3801958	.171986	.4478182	0
690.15	0	.3801703	.172038	.4477917	0
689.15	0	.3801449	.17209	.4477651	0
688.15	0	.3801194	.172142	.4477386	0
687.15	0	.380094	.172194	.447712	0
686.15	0	.3800686	.172246	.4476854	0
685.15	0	.3800431	.1722981	.4476588	0
684.15	0	.3800177	.1723501	.4476322	0
683.15	0	.3799923	.1724021	.4476056	0
682.15	0	.3799669	.1724542	.447579	0
681.15	0	.3799414	.1725062	.4475523	0
680.15	0	.379916	.1725583	.4475257	0
679.15	0	.3798905	.1726105	.447499	0
678.15	0	.3798651	.1726626	.4474724	0
677.15	0	.3798396	.1727148	.4474457	0
676.15	0	.3798141	.172767	.447419	0
675.15	0	.3797885	.1728192	.4473923	0
674.15	0	.379763	.1728715	.4473656	0
673.15	0	.3797374	.1729237	.4473388	0
672.15	0	.3797118	.1729761	.4473121	0
671.15	0	.3796862	.1730284	.4472854	0
670.15	0	.3796606	.1730808	.4472586	0
669.15	0	.3796349	.1731333	.4472318	0
668.15	0	.3796092	.1731858	.447205	0
667.15	0	.3795835	.1732383	.4471782	0
666.15	0	.3795577	.1732909	.4471514	0
665.15	0	.3795319	.1733435	.4471246	0
664.15	0	.3795061	.1733961	.4470978	0
663.15	0	.3794802	.1734488	.4470709	0
662.15	0	.3794543	.1735016	.4470441	0
661.15	0	.3794284	.1735544	.4470172	0
660.15	0	.3794024	.1736072	.4469903	0
659.15	0	.3793764	.1736601	.4469634	0
658.15	0	.3793504	.1737131	.4469366	0
657.15	0	.3793243	.1737661	.4469096	0
656.15	0	.3792982	.1738191	.4468827	0
655.15	0	.379272	.1738722	.4468558	0
654.15	0	.3792458	.1739254	.4468288	0
653.15	0	.3792195	.1739786	.4468019	0
652.15	0	.3791933	.1740318	.4467749	0
651.15	0	.3791669	.1740851	.446748	0
650.15	0	.3791406	.1741385	.446721	0
649.15	0	.3791142	.1741919	.446694	0
648.15	0	.3790877	.1742453	.446667	0
647.15	0	.3790612	.1742988	.44664	0
646.15	0	.3790347	.1743524	.4466129	0
645.15	0	.3790081	.174406	.4465859	0
644.15	0	.3789815	.1744597	.4465589	0
643.15	0	.3789548	.1745134	.4465318	0
642.15	0	.3789281	.1745672	.4465048	0
641.15	0	.3789013	.174621	.4464777	0
640.15	0	.3788745	.1746749	.4464506	0
639.15	0	.3788477	.1747288	.4464235	0
638.15	0	.3788208	.1747827	.4463964	0
637.15	0	.3787939	.1748368	.4463693	0
636.15	0	.3787669	.1748908	.4463422	0
635.15	0	.3787399	.1749449	.4463151	0
634.15	0	.3787129	.1749991	.446288	0
633.15	0	.3786858	.1750533	.4462609	0
632.15	0	.3786586	.1751076	.4462338	0
631.15	0	.3786315	.1751619	.4462066	0
630.15	0	.3786042	.1752163	.4461795	0
629.15	0	.378577	.1752707	.4461523	0
628.15	0	.3785497	.1753252	.4461252	0
627.15	0	.3785223	.1753797	.446098	0
626.15	0	.3784949	.1754342	.4460709	0
625.15	0	.3784675	.1754888	.4460437	0
624.15	0	.37844	.1755435	.4460165	0
623.15	0	.3784125	.1755981	.4459893	0
622.15	0	.378385	.1756529	.4459622	0
621.15	0	.3783574	.1757076	.445935	0
620.15	0	.3783298	.1757625	.4459078	0
619.15	0	.3783021	.1758173	.4458806	0
618.15	0	.3782744	.1758722	.4458534	0
617.15	0	.3782467	.1759271	.4458262	0
616.15	0	.3782189	.1759821	.445799	0
615.15	0	.3781911	.1760371	.4457718	0
614.15	0	.3781632	.1760922	.4457446	0
613.15	0	.3781353	.1761473	.4457174	0
612.15	0	.3781074	.1762024	.4456902	0
611.15	0	.3780794	.1762575	.445663	0
610.15	0	.3780514	.1763127	.4456358	0
609.15	0	.3780234	.1763679	.4456086	0
608.15	0	.3779953	.1764232	.4455814	0
607.15	0	.3779672	.1764785	.4455543	0
606.15	0	.3779391	.1765338	.4455271	0
605.15	0	.3779109	.1765892	.4454999	0
604.15	0	.3778827	.1766446	.4454727	0
603.15	0	.3778545	.1767	.4454455	0
602.15	0	.3778262	.1767555	.4454183	0
601.15	0	.3777979	.1768109	.4453911	0
600.15	0	.3777696	.1768664	.445364	0
599.15	0	.3777413	.1769219	.4453368	0
598.15	0	.3777129	.1769775	.4453096	0
597.15	0	.3776845	.1770331	.4452825	0
596.15	0	.377656	.1770887	.4452553	0
595.15	0	.3776275	.1771443	.4452281	0
594.15	0	.377599	.1772	.445201	0
593.15	0	.3775705	.1772556	.4451739	0
592.15	0	.377542	.1773113	.4451467	0
591.15	0	.3775134	.177367	.4451196	0
590.15	0	.3774848	.1774227	.4450925	0
589.15	0	.3774561	.1774785	.4450654	0
588.15	0	.3774275	.1775343	.4450383	0
587.15	0	.3773988	.17759	.4450112	0
586.15	0	.3773701	.1776458	.4449841	0
585.15	0	.3773414	.1777016	.444957	0
584.15	0	.3773126	.1777574	.4449299	0
583.15	0	.3772839	.1778133	.4449029	0
582.15	0	.3772551	.1778691	.4448758	0
581.15	0	.3772263	.177925	.4448488	0
580.15	0	.3771974	.1779808	.4448218	0
579.15	0	.3771686	.1780367	.4447947	0
578.15	0	.3771397	.1780926	.4447677	0
577.15	0	.3771108	.1781485	.4447407	0
576.15	0	.3770819	.1782043	.4447138	0
575.15	0	.377053	.1782602	.4446868	0
574.15	0	.377024	.1783161	.4446599	0
573.15	0	.3769951	.178372	.4446329	0
572.15	0	.3769661	.1784279	.444606	0
571.15	0	.3769371	.1784838	.4445791	0
570.15	0	.3769081	.1785398	.4445522	0
569.15	0	.3768791	.1785957	.4445253	0
568.15	0	.37685	.1786516	.4444984	0
567.15	0	.376821	.1787075	.4444716	0
566.15	0	.3767919	.1787634	.4444447	0
565.15	0	.3767628	.1788193	.4444179	0
564.15	0	.3767337	.1788752	.4443911	0
563.15	0	.3767046	.178931	.4443644	0
562.15	0	.3766755	.1789869	.4443376	0
561.15	0	.3766464	.1790428	.4443108	0
560.15	0	.3766173	.1790986	.4442841	0
559.15	0	.3765881	.1791545	.4442574	0
558.15	0	.376559	.1792103	.4442307	0
557.15	0	.3765298	.1792662	.4442041	0
556.15	0	.3765006	.179322	.4441774	0
555.15	0	.3764714	.1793778	.4441508	0
554.15	0	.3764423	.1794335	.4441242	0
553.15	0	.3764131	.1794893	.4440976	0
552.15	0	.3763839	.1795451	.444071	0
551.15	0	.3763547	.1796008	.4440445	0
550.15	0	.3763255	.1796565	.444018	0
549.15	0	.3762963	.1797122	.4439915	0
548.15	0	.3762671	.1797679	.443965	0
547.15	0	.3762378	.1798236	.4439386	0
546.15	0	.3762086	.1798792	.4439122	0
545.15	0	.3761794	.1799348	.4438858	0
544.15	0	.3761502	.1799904	.4438594	0
543.15	0	.3761209	.180046	.4438331	0
542.15	0	.3760917	.1801016	.4438067	0
541.15	0	.3760625	.1801571	.4437805	0
540.15	0	.3760333	.1802126	.4437542	0
539.15	0	.376004	.180268	.4437279	0
538.15	0	.3759748	.1803234	.4437017	0
537.15	0	.3759456	.1803789	.4436756	0
536.15	0	.3759164	.1804342	.4436494	0
535.15	0	.3758872	.1804896	.4436233	0
534.15	0	.3758579	.1805449	.4435972	0
533.15	0	.3758287	.1806002	.4435711	0
532.15	0	.3757995	.1806554	.4435451	0
531.15	0	.3757703	.1807106	.4435191	0
530.15	0	.3757411	.1807658	.4434931	0
529.15	0	.3757119	.1808209	.4434672	0
528.15	0	.3756827	.180876	.4434413	0
527.15	0	.3756536	.1809311	.4434154	0
526.15	0	.3756244	.1809861	.4433895	0
525.15	0	.3755952	.1810411	.4433637	0
524.15	0	.375566	.181096	.4433379	0
523.15	0	.3755369	.1811509	.4433122	0
522.15	0	.3755078	.1812058	.4432865	0
521.15	0	.3754786	.1812606	.4432608	0
520.15	0	.3754495	.1813153	.4432352	0
519.15	0	.3754204	.1813701	.4432096	0
518.15	0	.3753913	.1814247	.443184	0
517.15	0	.3753622	.1814794	.4431584	0
516.15	0	.3753331	.1815339	.443133	0
515.15	0	.375304	.1815885	.4431075	0
514.15	0	.375275	.181643	.4430821	0
513.15	0	.3752459	.1816974	.4430567	0
512.15	0	.3752169	.1817518	.4430313	0
511.15	0	.3751879	.1818061	.443006	0
510.15	0	.3751589	.1818604	.4429808	0
509.15	0	.3751299	.1819146	.4429555	0
508.15	0	.3751009	.1819688	.4429303	0
507.15	0	.3750719	.1820229	.4429052	0
506.15	0	.375043	.1820769	.4428801	0
505.15	0	.3750142	.1821309	.4428549	0
504.15	0	.3749853	.1821849	.4428299	0
503.15	0	.3749564	.1822388	.4428049	0
502.15	0	.3749275	.1822926	.4427799	0
501.15	0	.3748986	.1823463	.442755	0
500.15	0	.3748698	.1824001	.4427302	0
499.15	0	.374841	.1824537	.4427054	0
498.15	0	.3748122	.1825073	.4426806	0
497.15	0	.3747834	.1825608	.4426558	0
496.15	0	.3747546	.1826143	.4426312	0
495.15	0	.3747258	.1826676	.4426065	0
494.15	0	.3746971	.182721	.4425819	0
493.15	0	.3746684	.1827742	.4425574	0
492.15	0	.3746397	.1828274	.4425329	0
491.15	0	.3746111	.1828805	.4425084	0
490.15	0	.3745824	.1829336	.442484	0
489.15	0	.3745538	.1829866	.4424596	0
488.15	0	.3745252	.1830395	.4424353	0
487.15	0	.3744966	.1830923	.4424111	0
486.15	0	.374468	.1831451	.4423868	0
485.15	0	.3744395	.1831978	.4423627	0
484.15	0	.374411	.1832505	.4423385	0
483.15	0	.3743825	.183303	.4423145	0
482.15	0	.3743541	.1833555	.4422904	0
481.15	0	.3743256	.1834079	.4422665	0
480.15	0	.3742972	.1834602	.4422425	0
479.15	0	.3742688	.1835125	.4422187	0
478.15	0	.3742405	.1835647	.4421948	0
477.15	0	.3742122	.1836168	.4421711	0
476.15	0	.3741839	.1836688	.4421474	0
475.15	0	.3741556	.1837207	.4421237	0
474.15	0	.3741273	.1837726	.4421001	0
473.15	0	.3740991	.1838244	.4420765	0
472.15	0	.3740709	.1838761	.442053	0
471.15	0	.3740427	.1839277	.4420295	0
470.15	0	.3740146	.1839793	.4420061	0
469.15	0	.3739865	.1840307	.4419828	0
468.15	0	.3739584	.1840821	.4419595	0
467.15	0	.3739304	.1841334	.4419363	0
466.15	0	.3739023	.1841846	.4419131	0
465.15	0	.3738743	.1842357	.44189	0
464.15	0	.3738464	.1842868	.4418669	0
463.15	0	.3738184	.1843377	.4418439	0
462.15	0	.3737905	.1843885	.4418209	0
461.15	0	.3737627	.1844393	.441798	0
460.15	0	.3737348	.18449	.4417752	0
459.15	0	.373707	.1845406	.4417524	0
458.15	0	.3736792	.1845911	.4417297	0
457.15	0	.3736515	.1846415	.441707	0
456.15	0	.3736238	.1846918	.4416844	0
455.15	0	.3735961	.1847421	.4416618	0
454.15	0	.3735684	.1847922	.4416393	0
453.15	0	.3735408	.1848423	.4416169	0
452.15	0	.3735132	.1848922	.4415945	0
451.15	0	.3734857	.1849421	.4415722	0
450.15	0	.3734582	.1849918	.44155	0
449.15	0	.3734307	.1850415	.4415278	0
448.15	0	.3734033	.185091	.4415057	0
447.15	0	.3733759	.1851405	.4414836	0
446.15	0	.3733486	.1851898	.4414617	0
445.15	0	.3733213	.185239	.4414397	0
444.15	0	.373294	.1852881	.4414179	0
443.15	0	.3732668	.1853371	.4413961	0
442.15	0	.3732397	.185386	.4413744	0
441.15	0	.3732126	.1854347	.4413527	0
440.15	0	.3731855	.1854834	.4413311	0
439.15	0	.3731585	.1855319	.4413096	0
438.15	0	.3731316	.1855802	.4412882	0
437.15	0	.3731047	.1856285	.4412668	0
436.15	0	.3730779	.1856766	.4412456	0
435.15	0	.3730511	.1857246	.4412243	0
434.15	0	.3730244	.1857724	.4412032	0
433.15	0	.3729977	.1858201	.4411822	0
432.15	0	.3729712	.1858677	.4411612	0
431.15	0	.3729446	.1859151	.4411403	0
430.15	0	.3729182	.1859623	.4411195	0
429.15	0	.3728918	.1860095	.4410987	0
428.15	0	.3728655	.1860564	.4410781	0
427.15	0	.3728393	.1861033	.4410575	0
426.15	0	.3728131	.1861499	.441037	0
425.15	0	.372787	.1861965	.4410166	0
424.15	0	.3727609	.1862428	.4409962	0
423.15	0	.372735	.186289	.440976	0
422.15	0	.3727091	.1863351	.4409558	0
421.3614	0	.3726887	.1863713	.44094	0
421.3614	0	.3726887	.1863713	.44094	0
421.3614	0	.3726887	.1863713	.44094	0
421.15	0	.372717	.1862999	.4408929	9.016493E-05
420.15	0	.3728505	.1859626	.4406705	5.163743E-04
419.15	0	.3729837	.1856259	.4404484	9.419693E-04
418.15	0	.3731165	.1852898	.4402268	.001366955
417.15	0	.3732489	.1849543	.4400055	.001791338
416.15	0	.373381	.1846193	.4397846	.002215124
415.15	0	.3735127	.1842849	.4395641	.002638317
414.15	0	.3736441	.183951	.4393439	.003060923
413.15	0	.3737751	.1836178	.4391242	.003482947
412.15	0	.3739058	.183285	.4389048	.003904395
