T	 BPW(LIQUID)	BPW(BCC_A2)	BPW(FCC_A1)	BPW(LAVES_PHASE_C14)	BPW(NI3TI)
1473.15	.102903	.67263	0	.224467	0
1472.15	.09825657	.6755963	0	.2261471	0
1471.15	.09369759	.6785022	0	.2278002	0
1470.15	.08922379	.6813494	0	.2294268	0
1469.15	.08483293	.6841394	0	.2310277	0
1468.15	.08052284	.6868736	0	.2326035	0
1467.15	.07629144	.6895535	0	.234155	0
1466.15	.07213672	.6921805	0	.2356828	0
1465.15	.06805671	.6947558	0	.2371875	0
1464.15	.06404953	.6972808	0	.2386697	0
1463.15	.06011336	.6997567	0	.24013	0
1462.15	.05624642	.7021847	0	.2415689	0
1461.15	.052447	.7045661	0	.2429869	0
1460.15	.04871345	.7069018	0	.2443847	0
1459.847	.04759495	.7076007	0	.2448043	0
1459.847	.04759495	.7076007	0	.2448043	0
1459.847	.04759495	.7076007	0	.2448043	0
1459.15	.03731704	.6976214	.01677084	.2482907	0
1458.15	.02285271	.6836957	.04028728	.2531643	0
1457.15	.008701002	.6702075	.0631972	.2578943	0
1456.524	0	.6619851	.07723154	.2607834	0
1456.524	0	.6619851	.07723154	.2607834	0
1456.15	0	.6608472	.07816559	.2609872	0
1455.15	0	.6578091	.08066015	.2615308	0
1454.15	0	.6547791	.08314871	.2620722	0
1453.15	0	.6517572	.08563129	.2626115	0
1452.15	0	.6487436	.0881079	.2631485	0
1451.15	0	.645738	.09057855	.2636834	0
1450.15	0	.6427406	.09304324	.2642162	0
1449.15	0	.6397513	.09550199	.2647467	0
1448.15	0	.63677	.0979548	.2652752	0
1447.15	0	.6337968	.1004017	.2658015	0
1446.15	0	.6308317	.1028427	.2663257	0
1445.15	0	.6278745	.1052777	.2668478	0
1444.15	0	.6249254	.1077069	.2673678	0
1443.15	0	.6219842	.1101302	.2678857	0
1442.15	0	.619051	.1125476	.2684015	0
1441.15	0	.6161257	.1149591	.2689152	0
1440.15	0	.6132083	.1173648	.269427	0
1439.15	0	.6102988	.1197646	.2699366	0
1438.15	0	.6073972	.1221585	.2704442	0
1437.15	0	.6045035	.1245467	.2709498	0
1436.15	0	.6016176	.1269289	.2714534	0
1435.15	0	.5987396	.1293054	.271955	0
1434.15	0	.5958693	.1316761	.2724546	0
1433.15	0	.5930069	.1340409	.2729522	0
1432.15	0	.5901522	.1364	.2734478	0
1431.15	0	.5873053	.1387533	.2739414	0
1430.15	0	.5844661	.1411008	.2744331	0
1429.15	0	.5816346	.1434425	.2749229	0
1428.15	0	.5788109	.1457785	.2754107	0
1427.15	0	.5759948	.1481087	.2758966	0
1426.15	0	.5731864	.1504331	.2763805	0
1425.15	0	.5703856	.1527518	.2768625	0
1424.15	0	.5675925	.1550648	.2773427	0
1423.15	0	.564807	.157372	.277821	0
1422.15	0	.5620291	.1596735	.2782973	0
1421.15	0	.5592588	.1619694	.2787718	0
1420.15	0	.5564961	.1642595	.2792444	0
1419.15	0	.553741	.1665438	.2797152	0
1418.15	0	.5509933	.1688226	.2801841	0
1417.15	0	.5482532	.1710956	.2806512	0
1416.15	0	.5455206	.1733629	.2811165	0
1415.15	0	.5427955	.1756246	.2815799	0
1414.15	0	.5400779	.1778806	.2820415	0
1413.15	0	.5373678	.1801309	.2825013	0
1412.15	0	.5346651	.1823755	.2829594	0
1411.15	0	.5319698	.1846146	.2834156	0
1410.15	0	.529282	.1868479	.28387	0
1409.15	0	.5266016	.1890757	.2843227	0
1408.15	0	.5239286	.1912978	.2847736	0
1407.15	0	.5212629	.1935143	.2852228	0
1406.15	0	.5186046	.1957251	.2856702	0
1405.15	0	.5159537	.1979304	.2861159	0
1404.15	0	.5133101	.20013	.2865599	0
1403.15	0	.5106739	.202324	.2870021	0
1402.15	0	.5080449	.2045124	.2874426	0
1401.15	0	.5054233	.2066952	.2878814	0
1400.15	0	.502809	.2088725	.2883186	0
1399.15	0	.5002019	.2110441	.288754	0
1398.15	0	.4976021	.2132102	.2891877	0
1397.15	0	.4950095	.2153707	.2896198	0
1396.15	0	.4924242	.2175256	.2900502	0
1395.15	0	.4898461	.2196749	.290479	0
1394.15	0	.4872753	.2218187	.2909061	0
1393.15	0	.4847116	.2239569	.2913315	0
1392.15	0	.4821552	.2260895	.2917553	0
1391.15	0	.4796059	.2282166	.2921775	0
1390.15	0	.4770638	.2303382	.2925981	0
1389.15	0	.4745288	.2324542	.293017	0
1388.15	0	.472001	.2345646	.2934344	0
1387.15	0	.4694803	.2366695	.2938501	0
1386.15	0	.4669668	.2387689	.2942643	0
1385.15	0	.4644604	.2408627	.2946769	0
1384.15	0	.4619611	.242951	.2950879	0
1383.15	0	.4594689	.2450338	.2954973	0
1382.15	0	.4569838	.2471111	.2959051	0
1381.15	0	.4545058	.2491828	.2963114	0
1380.15	0	.4520348	.251249	.2967162	0
1379.15	0	.4495709	.2533097	.2971194	0
1378.15	0	.4471141	.2553649	.2975211	0
1377.15	0	.4446643	.2574145	.2979212	0
1376.15	0	.4422215	.2594587	.2983199	0
1375.15	0	.4397832	.2614999	.2987169	0
1374.15	0	.4373544	.2635331	.2991125	0
1373.15	0	.4349326	.2655608	.2995066	0
1372.15	0	.4325179	.2675829	.2998992	0
1371.15	0	.4301101	.2695996	.3002903	0
1370.15	0	.4277093	.2716107	.30068	0
1369.15	0	.4253156	.2736163	.3010681	0
1368.15	0	.4229287	.2756164	.3014548	0
1367.15	0	.4205489	.2776111	.3018401	0
1366.15	0	.418176	.2796002	.3022238	0
1365.15	0	.4158101	.2815838	.3026061	0
1364.15	0	.4134511	.2835619	.302987	0
1363.15	0	.411099	.2855345	.3033665	0
1362.15	0	.4087539	.2875016	.3037445	0
1361.15	0	.4064157	.2894632	.3041211	0
1360.15	0	.4040845	.2914193	.3044962	0
1359.15	0	.4017601	.2933699	.30487	0
1358.15	0	.3994427	.295315	.3052423	0
1357.15	0	.3971322	.2972546	.3056133	0
1356.15	0	.3948285	.2991886	.3059828	0
1355.15	0	.3925318	.3011172	.306351	0
1354.15	0	.390242	.3030403	.3067178	0
1353.15	0	.387959	.3049578	.3070832	0
1352.15	0	.385683	.3068698	.3074472	0
1351.15	0	.3834138	.3087763	.3078099	0
1350.15	0	.3811515	.3106773	.3081712	0
1349.15	0	.3788961	.3125728	.3085311	0
1348.15	0	.3766475	.3144628	.3088897	0
1347.15	0	.3744058	.3163472	.309247	0
1346.15	0	.372171	.3182261	.3096029	0
1345.15	0	.3699431	.3200994	.3099575	0
1344.15	0	.367722	.3219673	.3103108	0
1343.15	0	.3655077	.3238296	.3106627	0
1342.15	0	.3633003	.3256863	.3110134	0
1341.15	0	.3610998	.3275375	.3113627	0
1340.15	0	.3589061	.3293832	.3117107	0
1339.15	0	.3567193	.3312233	.3120574	0
1338.15	0	.3545393	.3330579	.3124029	0
1337.15	0	.3523661	.3348869	.312747	0
1336.15	0	.3501998	.3367103	.3130899	0
1335.15	0	.3480404	.3385282	.3134314	0
1334.15	0	.3458878	.3403405	.3137718	0
1333.15	0	.3437421	.3421472	.3141108	0
1332.15	0	.3416031	.3439483	.3144486	0
1331.15	0	.3394711	.3457438	.3147851	0
1330.15	0	.3373459	.3475338	.3151204	0
1329.15	0	.3352275	.3493181	.3154544	0
1328.15	0	.333116	.3510968	.3157872	0
1327.15	0	.3310113	.3528699	.3161187	0
1326.15	0	.3289135	.3546374	.3164491	0
1325.15	0	.3268226	.3563993	.3167781	0
1324.15	0	.3247385	.3581555	.317106	0
1323.15	0	.3226612	.3599061	.3174327	0
1322.15	0	.3205909	.3616511	.3177581	0
1321.15	0	.3185273	.3633903	.3180823	0
1320.15	0	.3164707	.365124	.3184054	0
1319.15	0	.3144209	.3668519	.3187272	0
1318.15	0	.312378	.3685742	.3190478	0
1317.15	0	.310342	.3702908	.3193673	0
1316.15	0	.3083128	.3720017	.3196855	0
1315.15	0	.3062905	.3737068	.3200026	0
1314.15	0	.3042752	.3754063	.3203185	0
1313.15	0	.3022667	.3771001	.3206333	0
1312.15	0	.3002651	.3787881	.3209468	0
1311.15	0	.2982704	.3804703	.3212593	0
1310.15	0	.2962826	.3821469	.3215705	0
1309.15	0	.2943018	.3838176	.3218806	0
1308.15	0	.2923278	.3854826	.3221896	0
1307.15	0	.2903608	.3871418	.3224974	0
1306.15	0	.2884007	.3887952	.3228041	0
1305.15	0	.2864476	.3904428	.3231096	0
1304.15	0	.2845014	.3920846	.323414	0
1303.15	0	.2825622	.3937205	.3237173	0
1302.15	0	.2806299	.3953507	.3240194	0
1301.15	0	.2787046	.3969749	.3243205	0
1300.15	0	.2767863	.3985933	.3246204	0
1299.15	0	.274875	.4002058	.3249192	0
1298.15	0	.2729706	.4018125	.3252169	0
1297.15	0	.2710733	.4034132	.3255135	0
1296.15	0	.2691829	.405008	.325809	0
1295.15	0	.2672996	.4065969	.3261035	0
1294.15	0	.2654234	.4081798	.3263968	0
1293.15	0	.2635541	.4097568	.326689	0
1292.15	0	.261692	.4113278	.3269802	0
1291.15	0	.2598369	.4128929	.3272703	0
1290.15	0	.2579888	.4144519	.3275593	0
1289.15	0	.2561479	.4160049	.3278472	0
1288.15	0	.2543206	.4175453	.3281341	0
1287.15	0	.2524939	.4190862	.3284199	0
1286.15	0	.2506743	.4206211	.3287046	0
1285.15	0	.2488619	.4221498	.3289883	0
1284.15	0	.2470566	.4236725	.329271	0
1283.15	0	.2452584	.425189	.3295526	0
1282.15	0	.2434675	.4266994	.3298331	0
1281.15	0	.2416837	.4282037	.3301126	0
1280.15	0	.2399071	.4297017	.3303911	0
1279.15	0	.2381378	.4311936	.3306686	0
1278.15	0	.2363757	.4326794	.330945	0
1277.15	0	.2346208	.4341588	.3312204	0
1276.15	0	.2328732	.4356321	.3314947	0
1275.15	0	.2311329	.4370991	.3317681	0
1274.15	0	.2293998	.4385598	.3320404	0
1273.15	0	.2276741	.4400142	.3323117	0
1272.15	0	.2259557	.4414623	.332582	0
1271.15	0	.2242446	.4429041	.3328513	0
1270.15	0	.2225409	.4443395	.3331196	0
1269.15	0	.2208446	.4457685	.3333869	0
1268.15	0	.2191557	.4471911	.3336533	0
1267.15	0	.2174741	.4486073	.3339186	0
1266.15	0	.2158001	.450017	.3341829	0
1265.15	0	.2141334	.4514203	.3344463	0
1264.15	0	.2124743	.4528171	.3347086	0
1263.15	0	.2108226	.4542074	.33497	0
1262.15	0	.2091785	.4555912	.3352304	0
1261.15	0	.2075418	.4569683	.3354898	0
1260.15	0	.2059128	.4583389	.3357483	0
1259.15	0	.2042913	.4597029	.3360058	0
1258.15	0	.2026774	.4610603	.3362624	0
1257.15	0	.2010711	.462411	.3365179	0
1256.15	0	.1994724	.463755	.3367726	0
1255.15	0	.1978815	.4650923	.3370262	0
1254.15	0	.1962982	.4664229	.337279	0
1253.15	0	.1947226	.4677467	.3375307	0
1252.15	0	.1931547	.4690637	.3377816	0
1251.15	0	.1915946	.4703739	.3380314	0
1250.15	0	.1900423	.4716773	.3382804	0
1249.15	0	.1884978	.4729738	.3385284	0
1248.15	0	.1869612	.4742634	.3387755	0
1247.15	0	.1854323	.475546	.3390216	0
1246.15	0	.1839114	.4768218	.3392668	0
1245.15	0	.1823984	.4780905	.3395111	0
1244.15	0	.1808933	.4793522	.3397545	0
1243.15	0	.1793962	.4806069	.339997	0
1242.15	0	.1779071	.4818544	.3402385	0
1241.15	0	.176426	.4830949	.3404791	0
1240.15	0	.1749529	.4843283	.3407189	0
1239.15	0	.1734879	.4855544	.3409577	0
1238.15	0	.172031	.4867734	.3411956	0
1237.15	0	.1705823	.4879851	.3414326	0
1236.15	0	.1691417	.4891896	.3416687	0
1235.15	0	.1677094	.4903867	.3419039	0
1234.15	0	.1662852	.4915766	.3421382	0
1233.15	0	.1648694	.492759	.3423716	0
1232.15	0	.1634618	.4939341	.3426042	0
1231.15	0	.1620625	.4951017	.3428358	0
1230.15	0	.1606716	.4962619	.3430666	0
1229.15	0	.1592891	.4974145	.3432964	0
1228.15	0	.157915	.4985596	.3435254	0
1227.15	0	.1565493	.4996971	.3437536	0
1226.15	0	.1551922	.500827	.3439808	0
1225.15	0	.1538436	.5019493	.3442072	0
1224.15	0	.1525035	.5030638	.3444327	0
1223.15	0	.151172	.5041706	.3446573	0
1222.15	0	.1498492	.5052697	.3448811	0
1221.15	0	.1485351	.5063609	.345104	0
1220.15	0	.1472296	.5074443	.3453261	0
1219.15	0	.1459329	.5085198	.3455473	0
1218.15	0	.144645	.5095874	.3457676	0
1217.15	0	.1433659	.510647	.3459871	0
1216.15	0	.1420956	.5116986	.3462058	0
1215.15	0	.1408343	.5127422	.3464236	0
1214.15	0	.1395819	.5137776	.3466405	0
1213.15	0	.1383384	.514805	.3468566	0
1212.15	0	.137104	.5158241	.3470719	0
1211.15	0	.1358786	.5168351	.3472863	0
1210.15	0	.1346624	.5178377	.3474999	0
1209.15	0	.1334553	.5188321	.3477127	0
1208.15	0	.1322573	.5198181	.3479246	0
1207.15	0	.1310686	.5207957	.3481357	0
1206.15	0	.1298892	.5217649	.3483459	0
1205.15	0	.1287191	.5227256	.3485554	0
1204.15	0	.1275583	.5236777	.348764	0
1203.15	0	.1264069	.5246213	.3489718	0
1202.15	0	.125265	.5255563	.3491788	0
1201.15	0	.1241326	.5264825	.3493849	0
1200.15	0	.1230097	.5274001	.3495903	0
1199.15	0	.1218964	.5283089	.3497948	0
1198.15	0	.1207927	.5292088	.3499985	0
1197.15	0	.1196987	.5300999	.3502014	0
1196.15	0	.1186144	.5309821	.3504035	0
1195.15	0	.1175399	.5318553	.3506048	0
1194.15	0	.1164752	.5327195	.3508053	0
1193.15	0	.1154204	.5335746	.351005	0
1192.15	0	.1143755	.5344206	.3512039	0
1191.15	0	.1133405	.5352574	.351402	0
1190.15	0	.1123156	.536085	.3515994	0
1189.15	0	.1113008	.5369034	.3517959	0
1188.15	0	.1102961	.5377124	.3519916	0
1187.15	0	.1093015	.538512	.3521865	0
1186.15	0	.1083172	.5393022	.3523807	0
1185.15	0	.1073431	.5400829	.352574	0
1184.15	0	.1063794	.540854	.3527666	0
1183.15	0	.105426	.5416156	.3529584	0
1182.15	0	.1044831	.5423675	.3531495	0
1181.15	0	.1035506	.5431097	.3533397	0
1180.15	0	.1026287	.5438421	.3535292	0
1179.15	0	.1017174	.5445647	.3537179	0
1178.15	0	.1008168	.5452775	.3539058	0
1177.15	0	.0999268	.5459803	.3540929	0
1176.15	0	.0990476	.5466731	.3542793	0
1175.15	0	.09817922	.5473558	.354465	0
1174.15	0	.09732171	.5480285	.3546498	0
1173.15	0	.09647512	.548691	.3548339	0
1172.15	0	.09563952	.5493432	.3550173	0
1171.15	0	.09481497	.5499852	.3551998	0
1170.15	0	.09400151	.5506168	.3553816	0
1169.15	0	.09319921	.5512381	.3555627	0
1168.15	0	.09240812	.5518489	.355743	0
1167.15	0	.09162831	.5524491	.3559226	0
1166.15	0	.09085983	.5530388	.3561014	0
1165.15	0	.09010274	.5536178	.3562795	0
1164.15	0	.0893571	.5541861	.3564568	0
1163.15	0	.08862297	.5547437	.3566334	0
1162.15	0	.08790041	.5552904	.3568092	0
1161.15	0	.08718948	.5558262	.3569843	0
1160.15	0	.08649023	.5563511	.3571587	0
1159.15	0	.08580274	.556865	.3573323	0
1158.15	0	.08512707	.5573677	.3575052	0
1157.15	0	.08446326	.5578594	.3576774	0
1156.15	0	.08381139	.5583398	.3578488	0
1155.15	0	.08317151	.558809	.3580195	0
1154.15	0	.08254361	.5592669	.3581894	0
1153.15	0	.0819279	.5597134	.3583587	0
1152.15	0	.08132438	.5601484	.3585272	0
1151.15	0	.08073309	.5605719	.358695	0
1150.15	0	.08015411	.5609838	.3588621	0
1149.15	0	.07958749	.5613841	.3590285	0
1148.15	0	.07903329	.5617726	.3591941	0
1147.15	0	.07849159	.5621494	.359359	0
1146.15	0	.07796244	.5625143	.3595233	0
1145.15	0	.0774459	.5628673	.3596868	0
1144.15	0	.07694204	.5632084	.3598496	0
1143.15	0	.07645091	.5635374	.3600117	0
1142.15	0	.07597259	.5638544	.360173	0
1141.15	0	.07550713	.5641591	.3603337	0
1140.15	0	.07505459	.5644517	.3604937	0
1139.15	0	.07461504	.564732	.360653	0
1138.15	0	.07418854	.5649999	.3608116	0
1137.15	0	.07377515	.5652554	.3609695	0
1136.15	0	.07337494	.5654984	.3611267	0
1135.15	0	.07298796	.5657289	.3612832	0
1134.15	0	.07261427	.5659467	.361439	0
1133.15	0	.07225395	.5661519	.3615941	0
1132.15	0	.07190704	.5663444	.3617486	0
1131.15	0	.07157362	.5665241	.3619023	0
1130.15	0	.07125373	.5666909	.3620554	0
1129.15	0	.07094745	.5668448	.3622078	0
1128.15	0	.07065483	.5669857	.3623595	0
1127.15	0	.07037592	.5671135	.3625106	0
1126.15	0	.0701108	.5672283	.3626609	0
1125.15	0	.06985953	.5673299	.3628106	0
1124.15	0	.06962215	.5674182	.3629597	0
1123.15	0	.06939872	.5674933	.363108	0
1122.15	0	.06918932	.567555	.3632557	0
1121.15	0	.06899398	.5676033	.3634027	0
1120.15	0	.06881278	.5676381	.3635491	0
1119.15	0	.06864576	.5676594	.3636948	0
1118.15	0	.06849299	.5676672	.3638399	0
1117.15	0	.06835451	.5676612	.3639843	0
1116.15	0	.06823039	.5676416	.364128	0
1115.15	0	.06812067	.5676082	.3642711	0
1114.15	0	.06802542	.5675611	.3644135	0
1113.15	0	.06794467	.5675	.3645553	0
1112.15	0	.0678785	.567425	.3646965	0
1111.15	0	.06782694	.5673361	.364837	0
1110.15	0	.06779005	.5672331	.3649769	0
1109.15	0	.06776788	.567116	.3651161	0
1108.15	0	.06776047	.5669848	.3652547	0
1107.15	0	.06776788	.5668395	.3653926	0
1106.15	0	.06779016	.5666799	.36553	0
1105.15	0	.06782734	.566506	.3656667	0
1104.15	0	.06787948	.5663178	.3658027	0
1103.15	0	.06794662	.5661152	.3659382	0
1102.15	0	.0680288	.5658982	.366073	0
1101.15	0	.06812607	.5656667	.3662072	0
1100.15	0	.06823846	.5654207	.3663408	0
1099.15	0	.06836603	.5651602	.3664738	0
1098.15	0	.0685088	.564885	.3666062	0
1097.15	0	.06866682	.5645953	.3667379	0
1096.15	0	.06884012	.5642908	.3668691	0
1095.15	0	.06902873	.5639717	.3669996	0
1094.15	0	.0692327	.5636378	.3671295	0
1093.15	0	.06945206	.5632891	.3672589	0
1092.15	0	.06968684	.5629256	.3673876	0
1091.15	0	.06993706	.5625472	.3675158	0
1090.15	0	.07020276	.5621539	.3676433	0
1089.15	0	.07048397	.5617458	.3677703	0
1088.15	0	.07078071	.5613227	.3678966	0
1087.15	0	.07109301	.5608846	.3680224	0
1086.15	0	.07142088	.5604315	.3681476	0
1085.15	0	.07176437	.5599634	.3682723	0
1084.15	0	.07212347	.5594802	.3683963	0
1083.15	0	.07249822	.558982	.3685198	0
1082.15	0	.07288862	.5584687	.3686427	0
1081.15	0	.0732947	.5579403	.368765	0
1080.15	0	.07371647	.5573967	.3688868	0
1079.15	0	.07415394	.5568381	.369008	0
1078.15	0	.07460712	.5562642	.3691287	0
1077.15	0	.07507602	.5556753	.3692487	0
1076.15	0	.07556064	.5550711	.3693683	0
1075.15	0	.076061	.5544518	.3694872	0
1074.15	0	.0765771	.5538172	.3696057	0
1073.15	0	.07710893	.5531675	.3697236	0
1072.15	0	.07765649	.5525026	.3698409	0
1071.15	0	.07821979	.5518225	.3699577	0
1070.15	0	.07879882	.5511273	.3700739	0
1069.15	0	.07939357	.5504168	.3701897	0
1068.15	0	.08000403	.5496911	.3703048	0
1067.15	0	.0806302	.5489503	.3704195	0
1066.15	0	.08127206	.5481943	.3705336	0
1065.15	0	.0819296	.5474232	.3706472	0
1064.15	0	.0826028	.5466369	.3707603	0
1063.15	0	.08329164	.5458355	.3708729	0
1062.15	0	.0839961	.545019	.3709849	0
1061.15	0	.08471616	.5441874	.3710964	0
1060.15	0	.08545179	.5433408	.3712074	0
1059.15	0	.08620297	.5424791	.371318	0
1058.15	0	.08696966	.5416024	.371428	0
1057.15	0	.08775184	.5407107	.3715375	0
1056.15	0	.08854947	.5398041	.3716465	0
1055.15	0	.08936251	.5388825	.371755	0
1054.15	0	.09019093	.5379461	.371863	0
1053.15	0	.09103468	.5369948	.3719705	0
1052.15	0	.09189373	.5360287	.3720776	0
1051.15	0	.09276803	.5350479	.3721841	0
1050.15	0	.09365752	.5340523	.3722902	0
1049.15	0	.09456217	.5330421	.3723958	0
1048.15	0	.09548191	.5320172	.3725008	0
1047.15	0	.0964167	.5309778	.3726055	0
1046.15	0	.09736648	.5299239	.3727097	0
1045.15	0	.09833118	.5288555	.3728133	0
1044.15	0	.09931076	.5277727	.3729166	0
1043.15	0	.1003051	.5266755	.3730193	0
1042.15	0	.1013142	.5255641	.3731216	0
1041.15	0	.102338	.5244385	.3732235	0
1040.15	0	.1033764	.5232987	.3733249	0
1039.15	0	.1044293	.5221449	.3734258	0
1038.15	0	.1054967	.5209771	.3735263	0
1037.15	0	.1065784	.5197953	.3736263	0
1036.15	0	.1076744	.5185997	.3737259	0
1035.15	0	.1087846	.5173903	.373825	0
1034.15	0	.109909	.5161672	.3739237	0
1033.15	0	.1110474	.5149306	.374022	0
1032.15	0	.1121998	.5136804	.3741199	0
1031.15	0	.113366	.5124168	.3742172	0
1030.15	0	.114546	.5111398	.3743142	0
1029.15	0	.1157396	.5098497	.3744107	0
1028.15	0	.1169468	.5085463	.3745069	0
1027.15	0	.1181675	.50723	.3746025	0
1026.15	0	.1194016	.5059006	.3746978	0
1025.15	0	.1206489	.5045585	.3747926	0
1024.15	0	.1219094	.5032035	.374887	0
1023.15	0	.123183	.501836	.3749811	0
1022.15	0	.1244695	.5004559	.3750746	0
1021.15	0	.1257688	.4990634	.3751678	0
1020.15	0	.1270808	.4976586	.3752606	0
1019.15	0	.1284054	.4962417	.3753529	0
1018.15	0	.1297425	.4948126	.3754449	0
1017.15	0	.131092	.4933716	.3755364	0
1016.15	0	.1324537	.4919188	.3756275	0
1015.15	0	.1338275	.4904543	.3757183	0
1014.15	0	.1352133	.4889782	.3758086	0
1013.15	0	.1366109	.4874906	.3758985	0
1012.15	0	.1380203	.4859917	.3759881	0
1011.15	0	.1394412	.4844816	.3760772	0
1010.15	0	.1408736	.4829605	.3761659	0
1009.15	0	.1423174	.4814284	.3762542	0
1008.15	0	.1437723	.4798856	.3763422	0
1007.15	0	.1452383	.478332	.3764297	0
1006.15	0	.1467151	.476768	.3765169	0
1005.15	0	.1482028	.4751936	.3766036	0
1004.15	0	.149701	.473609	.37669	0
1003.15	0	.1512098	.4720143	.3767759	0
1002.15	0	.1527288	.4704097	.3768615	0
1001.15	0	.1542581	.4687953	.3769467	0
1000.15	0	.1557973	.4671712	.3770315	0
999.15	0	.1573465	.4655377	.3771159	0
998.15	0	.1589054	.4638948	.3771999	0
997.15	0	.1604738	.4622427	.3772835	0
996.15	0	.1620517	.4605816	.3773667	0
995.15	0	.1636388	.4589117	.3774495	0
994.15	0	.1652351	.457233	.3775319	0
993.15	0	.1668402	.4555458	.377614	0
992.15	0	.1684542	.4538502	.3776956	0
991.15	0	.1700768	.4521464	.3777768	0
990.15	0	.1717078	.4504345	.3778577	0
989.15	0	.1733472	.4487147	.3779381	0
988.15	0	.1749947	.4469872	.3780181	0
987.15	0	.1766502	.4452521	.3780978	0
986.15	0	.1783134	.4435096	.378177	0
985.15	0	.1799843	.4417599	.3782558	0
984.15	0	.1816627	.4400031	.3783342	0
983.15	0	.1833484	.4382394	.3784122	0
982.15	0	.1850412	.436469	.3784898	0
981.15	0	.186741	.434692	.378567	0
980.15	0	.1884476	.4329087	.3786437	0
979.15	0	.1901608	.4311192	.3787201	0
978.15	0	.1918804	.4293236	.378796	0
977.15	0	.1936063	.4275222	.3788715	0
976.15	0	.1953384	.4257151	.3789465	0
975.15	0	.1970763	.4239026	.3790211	0
974.15	0	.1988201	.4220847	.3790953	0
973.15	0	.2005694	.4202616	.379169	0
972.15	0	.2023241	.4184336	.3792423	0
971.15	0	.204084	.4166009	.3793151	0
970.15	0	.2058491	.4147635	.3793874	0
969.15	0	.207619	.4129217	.3794593	0
968.15	0	.2093936	.4110757	.3795308	0
967.15	0	.2111727	.4092256	.3796017	0
966.15	0	.2129034	.4074208	.3796758	0
965.15	0	.2146157	.4056329	.3797514	0
964.15	0	.216348	.4038262	.3798258	0
963.15	0	.218099	.4020019	.3798991	0
962.15	0	.2198676	.4001611	.3799713	0
961.15	0	.2216527	.3983048	.3800424	0
960.15	0	.2234532	.3964343	.3801124	0
959.15	0	.2252681	.3945505	.3801814	0
958.15	0	.2270964	.3926544	.3802493	0
957.15	0	.228937	.3907469	.3803161	0
956.15	0	.2307891	.388829	.3803819	0
955.15	0	.2326518	.3869015	.3804467	0
954.15	0	.2345242	.3849654	.3805105	0
953.15	0	.2364053	.3830214	.3805732	0
952.15	0	.2382946	.3810704	.380635	0
951.15	0	.240191	.3791132	.3806958	0
950.15	0	.242094	.3771505	.3807555	0
949.15	0	.2440028	.3751829	.3808143	0
948.15	0	.2459166	.3732113	.3808722	0
947.15	0	.2478347	.3712363	.380929	0
946.15	0	.2497566	.3692585	.3809849	0
945.15	0	.2516816	.3672786	.3810398	0
944.15	0	.2536091	.3652971	.3810938	0
943.15	0	.2555385	.3633147	.3811468	0
942.15	0	.2574693	.361332	.3811988	0
941.15	0	.2594008	.3593493	.3812499	0
940.15	0	.2613326	.3573674	.3813	0
939.15	0	.2632641	.3553867	.3813492	0
938.15	0	.2651949	.3534076	.3813974	0
937.15	0	.2671246	.3514307	.3814447	0
936.15	0	.2690525	.3494564	.381491	0
935.15	0	.2709784	.3474851	.3815365	0
934.15	0	.2729018	.3455173	.3815809	0
933.15	0	.2748223	.3435533	.3816244	0
932.15	0	.2767394	.3415936	.381667	0
931.15	0	.2786529	.3396385	.3817086	0
930.15	0	.2805624	.3376884	.3817492	0
929.15	0	.2824674	.3357436	.381789	0
928.15	0	.2843678	.3338045	.3818278	0
927.15	0	.2862631	.3318714	.3818656	0
926.15	0	.288153	.3299445	.3819025	0
925.15	0	.2900373	.3280243	.3819384	0
924.15	0	.2919157	.3261109	.3819734	0
923.15	0	.2937878	.3242047	.3820075	0
922.15	0	.2956535	.3223059	.3820406	0
921.15	0	.2975124	.3204149	.3820727	0
920.15	0	.2993644	.3185317	.3821039	0
919.15	0	.3012092	.3166567	.3821342	0
918.15	0	.3030465	.3147901	.3821635	0
917.15	0	.3048761	.3129321	.3821918	0
916.15	0	.3066979	.3110829	.3822193	0
915.15	0	.3085116	.3092427	.3822457	0
914.15	0	.310317	.3074118	.3822712	0
913.15	0	.312114	.3055902	.3822958	0
912.15	0	.3139023	.3037783	.3823194	0
911.15	0	.3156819	.3019761	.382342	0
910.15	0	.3174525	.3001838	.3823637	0
909.15	0	.3192139	.2984016	.3823845	0
908.15	0	.3209661	.2966297	.3824043	0
907.15	0	.3227088	.2948681	.3824231	0
906.15	0	.3244419	.2931171	.382441	0
905.15	0	.3261654	.2913767	.3824579	0
904.15	0	.3278789	.2896471	.3824739	0
903.15	0	.3295826	.2879285	.382489	0
902.15	0	.3312761	.2862208	.3825031	0
901.15	0	.3329594	.2845244	.3825162	0
900.15	0	.3346324	.2828392	.3825284	0
899.15	0	.336295	.2811653	.3825397	0
898.15	0	.337947	.279503	.38255	0
897.15	0	.3395884	.2778522	.3825594	0
896.15	0	.3412191	.2762131	.3825679	0
895.15	0	.3428389	.2745857	.3825754	0
894.15	0	.3444479	.2729702	.382582	0
893.15	0	.3460458	.2713666	.3825876	0
892.15	0	.3476327	.269775	.3825923	0
891.15	0	.3492084	.2681955	.3825961	0
890.15	0	.3507729	.2666281	.382599	0
889.15	0	.3523261	.265073	.382601	0
888.15	0	.3538679	.2635301	.382602	0
887.15	0	.3553983	.2619996	.3826022	0
886.15	0	.3569171	.2604815	.3826014	0
885.15	0	.3584245	.2589758	.3825998	0
884.15	0	.3599202	.2574826	.3825972	0
883.15	0	.3614042	.2560021	.3825938	0
882.15	0	.3628765	.2545341	.3825894	0
881.15	0	.364337	.2530787	.3825842	0
880.15	0	.3657858	.2516361	.3825782	0
879.15	0	.3672226	.2502061	.3825712	0
878.15	0	.3686476	.248789	.3825634	0
877.15	0	.3700607	.2473846	.3825548	0
876.15	0	.3714617	.245993	.3825453	0
875.15	0	.3728508	.2446143	.3825349	0
874.15	0	.3742278	.2432484	.3825238	0
873.15	0	.3755928	.2418954	.3825118	0
872.15	0	.3769457	.2405553	.382499	0
871.15	0	.3782865	.2392281	.3824854	0
870.15	0	.3796152	.2379138	.382471	0
869.15	0	.3809317	.2366125	.3824558	0
868.15	0	.3822361	.235324	.3824398	0
867.15	0	.3835284	.2340485	.3824231	0
866.15	0	.3848085	.2327859	.3824056	0
865.15	0	.3860765	.2315362	.3823873	0
864.15	0	.3873323	.2302994	.3823683	0
863.15	0	.3885759	.2290755	.3823486	0
862.15	0	.3898074	.2278645	.3823281	0
861.15	0	.3910267	.2266663	.382307	0
860.15	0	.392234	.225481	.3822851	0
859.15	0	.3934291	.2243084	.3822625	0
858.15	0	.3946121	.2231486	.3822393	0
857.15	0	.3957831	.2220016	.3822153	0
856.15	0	.396942	.2208672	.3821907	0
855.15	0	.398089	.2197455	.3821655	0
854.15	0	.3992239	.2186364	.3821396	0
853.15	0	.4003469	.21754	.3821131	0
852.15	0	.4014581	.216456	.382086	0
851.15	0	.4025573	.2153844	.3820582	0
850.15	0	.4036448	.2143253	.3820299	0
849.15	0	.4047205	.2132786	.382001	0
848.15	0	.4057844	.2122441	.3819715	0
847.15	0	.4068367	.2112219	.3819414	0
846.15	0	.4078774	.2102118	.3819108	0
845.15	0	.4089066	.2092138	.3818796	0
844.15	0	.4099243	.2082278	.3818479	0
843.15	0	.4109306	.2072537	.3818157	0
842.15	0	.4119256	.2062915	.381783	0
841.15	0	.4129093	.205341	.3817497	0
840.15	0	.4138818	.2044023	.381716	0
839.15	0	.4148431	.2034751	.3816818	0
838.15	0	.4157935	.2025595	.381647	0
837.15	0	.4167329	.2016552	.3816119	0
836.15	0	.4176614	.2007623	.3815763	0
835.15	0	.4185791	.1998807	.3815402	0
834.15	0	.4194862	.1990101	.3815037	0
833.15	0	.4203826	.1981506	.3814668	0
832.15	0	.4212685	.1973021	.3814294	0
831.15	0	.422144	.1964643	.3813917	0
830.15	0	.4230092	.1956373	.3813535	0
829.15	0	.4238641	.1948209	.381315	0
828.15	0	.424709	.194015	.381276	0
827.15	0	.4255438	.1932195	.3812367	0
826.15	0	.4263687	.1924343	.3811971	0
825.15	0	.4271837	.1916593	.381157	0
824.15	0	.427989	.1908944	.3811166	0
823.15	0	.4287847	.1901394	.3810759	0
822.15	0	.429571	.1893943	.3810348	0
821.3462	0	.4301961	.1888024	.3810015	0
821.3462	0	.4301961	.1888024	.3810015	0
821.3462	0	.4301961	.1888024	.3810015	0
821.15	0	.4312426	.1875122	.3806756	5.695966E-04
820.15	0	.4364782	.1810449	.3790349	.003442047
819.15	0	.4415528	.1747563	.3774275	.006263425
818.15	0	.4464723	.16864	.3758524	.009035236
817.15	0	.4512422	.1626901	.3743088	.01175891
816.15	0	.4558679	.1569007	.3727956	.01443583
815.15	0	.4603544	.1512663	.371312	.0170673
814.15	0	.4647066	.1457816	.3698573	.01965456
813.15	0	.4689291	.1404417	.3684305	.02219883
812.15	0	.4730262	.1352417	.3670308	.02470124
811.15	0	.4770023	.1301771	.3656577	.0271629
810.15	0	.4808614	.1252434	.3643103	.02958486
809.15	0	.4846073	.1204366	.362988	.03196813
808.15	0	.4882437	.1157525	.3616901	.03431369
807.15	0	.4917742	.1111873	.360416	.03662246
806.15	0	.4952022	.1067373	.3591652	.03889534
805.15	0	.4985309	.102399	.3579369	.04113319
804.15	0	.5017635	.09816905	.3567306	.04333685
803.15	0	.5049029	.09404409	.3555459	.04550711
802.15	0	.5079521	.09002102	.3543821	.04764474
801.15	0	.5109139	.08609684	.3532388	.04975049
800.15	0	.5137908	.08226864	.3521155	.05182506
799.15	0	.5165855	.07853363	.3510117	.05386916
798.15	0	.5193004	.07488914	.349927	.05588345
797.15	0	.5219379	.07133258	.3488609	.05786858
796.15	0	.5245004	.06786146	.347813	.05982516
795.15	0	.5269899	.06447338	.3467829	.0617538
794.15	0	.5294087	.06116602	.3457702	.06365509
793.15	0	.5317588	.05793716	.3447745	.0655296
792.15	0	.5340422	.05478463	.3437953	.06737786
791.15	0	.5362608	.05170634	.3428325	.06920041
790.15	0	.5384164	.0487003	.3418855	.07099777
789.15	0	.5405109	.04576455	.3409541	.07277044
788.15	0	.542546	.04289721	.3400379	.07451891
787.15	0	.5445233	.04009646	.3391366	.07624364
786.15	0	.5464445	.03736054	.3382498	.07794509
785.15	0	.5483112	.03468775	.3373774	.07962371
784.15	0	.5501248	.03207643	.3365189	.08127995
783.15	0	.5518868	.02952498	.335674	.0829142
782.15	0	.5535987	.02703184	.3348426	.08452691
781.15	0	.5552618	.02459553	.3340242	.08611845
780.15	0	.5568775	.02221457	.3332187	.08768922
779.15	0	.5584471	.01988755	.3324258	.08923961
778.15	0	.5599718	.01761309	.3316451	.09076999
777.15	0	.5614529	.01538985	.3308765	.09228072
776.15	0	.5628915	.01321655	.3301198	.09377216
775.15	0	.5642889	.01109193	.3293746	.09524464
774.15	0	.5656461	.009014741	.3286407	.09669852
773.15	0	.5669642	.00698381	.3279179	.09813412
772.15	0	.5682443	.004997977	.327206	.09955177
771.15	0	.5694874	.003056112	.3265047	.1009518
770.15	0	.5706945	.00115712	.3258139	.1023345
769.5296	0	.5714258	0	.3253904	.1031838
769.5296	0	.5714258	0	.3253904	.1031838
769.15	0	.5713865	0	.3253172	.1032963
768.15	0	.5712832	0	.3251248	.103592
767.15	0	.5711804	0	.324933	.1038866
766.15	0	.571078	0	.3247419	.1041802
765.15	0	.570976	0	.3245513	.1044727
764.15	0	.5708745	0	.3243613	.1047642
763.15	0	.5707734	0	.324172	.1050546
762.15	0	.5706728	0	.3239832	.105344
761.15	0	.5705726	0	.3237951	.1056324
760.15	0	.5704728	0	.3236075	.1059197
759.15	0	.5703735	0	.3234205	.106206
758.15	0	.5702745	0	.3232342	.1064913
757.15	0	.570176	0	.3230484	.1067756
756.15	0	.570078	0	.3228632	.1070588
755.15	0	.5699803	0	.3226787	.107341
754.15	0	.5698831	0	.3224947	.1076222
753.15	0	.5697863	0	.3223113	.1079025
752.15	0	.5696898	0	.3221285	.1081817
751.15	0	.5695938	0	.3219463	.1084599
750.15	0	.5694982	0	.3217647	.1087371
749.15	0	.5694031	0	.3215836	.1090133
748.15	0	.5693083	0	.3214032	.1092886
747.15	0	.5692139	0	.3212233	.1095628
746.15	0	.5691199	0	.321044	.1098361
745.15	0	.5690263	0	.3208653	.1101084
744.15	0	.5689331	0	.3206872	.1103797
743.15	0	.5688403	0	.3205097	.11065
742.15	0	.5687479	0	.3203327	.1109194
741.15	0	.5686559	0	.3201564	.1111878
740.15	0	.5685642	0	.3199806	.1114552
739.15	0	.568473	0	.3198053	.1117217
738.15	0	.5683821	0	.3196307	.1119872
737.15	0	.5682916	0	.3194566	.1122518
736.15	0	.5682015	0	.3192831	.1125154
735.15	0	.5681118	0	.3191102	.1127781
734.15	0	.5680224	0	.3189378	.1130398
733.15	0	.5679334	0	.3187661	.1133005
732.15	0	.5678448	0	.3185948	.1135604
731.15	0	.5677566	0	.3184242	.1138193
730.15	0	.5676687	0	.3182541	.1140772
729.15	0	.5675812	0	.3180846	.1143342
728.15	0	.567494	0	.3179156	.1145903
727.15	0	.5674072	0	.3177473	.1148455
726.15	0	.5673208	0	.3175794	.1150997
725.15	0	.5672348	0	.3174122	.115353
724.15	0	.5671491	0	.3172455	.1156054
723.15	0	.5670637	0	.3170794	.1158569
722.15	0	.5669787	0	.3169138	.1161075
721.15	0	.5668941	0	.3167488	.1163571
720.15	0	.5668098	0	.3165843	.1166059
719.15	0	.5667259	0	.3164204	.1168537
718.15	0	.5666423	0	.3162571	.1171006
717.15	0	.5665591	0	.3160943	.1173466
716.15	0	.5664762	0	.315932	.1175917
715.15	0	.5663937	0	.3157704	.1178359
714.15	0	.5663115	0	.3156092	.1180793
713.15	0	.5662297	0	.3154486	.1183217
712.15	0	.5661482	0	.3152886	.1185632
711.15	0	.566067	0	.3151291	.1188039
710.15	0	.5659862	0	.3149702	.1190436
709.15	0	.5659057	0	.3148118	.1192825
708.15	0	.5658256	0	.314654	.1195205
707.15	0	.5657458	0	.3144967	.1197576
706.15	0	.5656663	0	.3143399	.1199938
705.15	0	.5655871	0	.3141837	.1202291
704.15	0	.5655083	0	.3140281	.1204636
703.15	0	.5654299	0	.3138729	.1206972
702.15	0	.5653517	0	.3137184	.1209299
701.15	0	.5652739	0	.3135643	.1211618
700.15	0	.5651964	0	.3134108	.1213928
699.15	0	.5651192	0	.3132579	.1216229
698.15	0	.5650424	0	.3131055	.1218522
697.15	0	.5649659	0	.3129536	.1220806
696.15	0	.5648897	0	.3128022	.1223081
695.15	0	.5648138	0	.3126514	.1225348
694.15	0	.5647382	0	.3125012	.1227606
693.15	0	.564663	0	.3123514	.1229856
692.15	0	.5645881	0	.3122022	.1232097
691.15	0	.5645135	0	.3120535	.123433
690.15	0	.5644392	0	.3119054	.1236554
689.15	0	.5643653	0	.3117578	.123877
688.15	0	.5642916	0	.3116107	.1240977
687.15	0	.5642183	0	.3114641	.1243176
686.15	0	.5641453	0	.3113181	.1245366
685.15	0	.5640726	0	.3111726	.1247548
684.15	0	.5640002	0	.3110276	.1249722
683.15	0	.5639281	0	.3108832	.1251887
682.15	0	.5638563	0	.3107393	.1254044
681.15	0	.5637849	0	.3105959	.1256193
680.15	0	.5637137	0	.310453	.1258333
679.15	0	.5636429	0	.3103107	.1260465
678.15	0	.5635723	0	.3101688	.1262589
677.15	0	.5635021	0	.3100275	.1264704
676.15	0	.5634321	0	.3098867	.1266811
675.15	0	.5633625	0	.3097465	.1268911
674.15	0	.5632932	0	.3096067	.1271001
673.15	0	.5632241	0	.3094675	.1273084
672.15	0	.5631554	0	.3093288	.1275158
671.15	0	.563087	0	.3091906	.1277225
670.15	0	.5630188	0	.3090529	.1279283
669.15	0	.562951	0	.3089157	.1281333
668.15	0	.5628835	0	.3087791	.1283375
667.15	0	.5628162	0	.3086429	.1285409
666.15	0	.5627493	0	.3085073	.1287434
665.15	0	.5626826	0	.3083722	.1289452
664.15	0	.5626163	0	.3082376	.1291462
663.15	0	.5625502	0	.3081035	.1293463
662.15	0	.5624844	0	.3079699	.1295457
661.15	0	.5624189	0	.3078368	.1297443
660.15	0	.5623538	0	.3077043	.129942
659.15	0	.5622889	0	.3075722	.130139
658.15	0	.5622242	0	.3074406	.1303351
657.15	0	.5621599	0	.3073096	.1305305
656.15	0	.5620959	0	.307179	.1307251
655.15	0	.5620321	0	.307049	.1309189
654.15	0	.5619687	0	.3069195	.1311119
653.15	0	.5619055	0	.3067904	.1313041
652.15	0	.5618426	0	.3066619	.1314955
651.15	0	.56178	0	.3065338	.1316862
650.15	0	.5617177	0	.3064063	.131876
649.15	0	.5616556	0	.3062793	.1320651
648.15	0	.5615939	0	.3061527	.1322534
647.15	0	.5615324	0	.3060267	.1324409
646.15	0	.5614712	0	.3059012	.1326277
645.15	0	.5614103	0	.3057761	.1328136
644.15	0	.5613496	0	.3056516	.1329988
643.15	0	.5612893	0	.3055275	.1331832
642.15	0	.5612292	0	.3054039	.1333669
641.15	0	.5611694	0	.3052809	.1335498
640.15	0	.5611098	0	.3051583	.1337319
639.15	0	.5610506	0	.3050362	.1339132
638.15	0	.5609916	0	.3049146	.1340938
637.15	0	.5609329	0	.3047935	.1342736
636.15	0	.5608745	0	.3046729	.1344527
635.15	0	.5608163	0	.3045528	.1346309
634.15	0	.5607584	0	.3044331	.1348085
633.15	0	.5607008	0	.304314	.1349852
632.15	0	.5606434	0	.3041953	.1351613
631.15	0	.5605864	0	.3040771	.1353365
630.15	0	.5605296	0	.3039594	.135511
629.15	0	.560473	0	.3038422	.1356848
628.15	0	.5604167	0	.3037255	.1358578
627.15	0	.5603607	0	.3036092	.1360301
626.15	0	.560305	0	.3034934	.1362016
625.15	0	.5602495	0	.3033782	.1363723
624.15	0	.5601943	0	.3032634	.1365423
623.15	0	.5601394	0	.303149	.1367116
622.15	0	.5600847	0	.3030352	.1368802
621.15	0	.5600303	0	.3029218	.1370479
620.15	0	.5599761	0	.3028089	.137215
619.15	0	.5599222	0	.3026965	.1373813
618.15	0	.5598686	0	.3025845	.1375469
617.15	0	.5598152	0	.302473	.1377117
616.15	0	.5597621	0	.302362	.1378759
615.15	0	.5597093	0	.3022515	.1380393
614.15	0	.5596567	0	.3021414	.1382019
613.15	0	.5596043	0	.3020318	.1383639
612.15	0	.5595522	0	.3019227	.1385251
611.15	0	.5595004	0	.3018141	.1386855
610.15	0	.5594489	0	.3017059	.1388453
609.15	0	.5593976	0	.3015981	.1390043
608.15	0	.5593465	0	.3014909	.1391626
607.15	0	.5592957	0	.3013841	.1393202
606.15	0	.5592451	0	.3012778	.1394771
605.15	0	.5591948	0	.3011719	.1396333
604.15	0	.5591448	0	.3010665	.1397887
603.15	0	.559095	0	.3009615	.1399435
602.15	0	.5590455	0	.3008571	.1400975
601.15	0	.5589962	0	.300753	.1402508
600.15	0	.5589471	0	.3006495	.1404034
599.15	0	.5588983	0	.3005464	.1405553
598.15	0	.5588498	0	.3004437	.1407065
597.15	0	.5588015	0	.3003415	.140857
596.15	0	.5587534	0	.3002398	.1410068
595.15	0	.5587056	0	.3001385	.1411559
594.15	0	.558658	0	.3000376	.1413043
593.15	0	.5586107	0	.2999373	.141452
592.15	0	.5585636	0	.2998373	.141599
591.15	0	.5585168	0	.2997379	.1417453
590.15	0	.5584702	0	.2996388	.141891
589.15	0	.5584239	0	.2995402	.1420359
588.15	0	.5583778	0	.2994421	.1421801
587.15	0	.5583319	0	.2993444	.1423237
586.15	0	.5582863	0	.2992471	.1424666
585.15	0	.5582409	0	.2991504	.1426088
584.15	0	.5581957	0	.299054	.1427503
583.15	0	.5581508	0	.2989581	.1428911
582.15	0	.5581061	0	.2988626	.1430313
581.15	0	.5580617	0	.2987675	.1431708
580.15	0	.5580175	0	.2986729	.1433096
579.15	0	.5579735	0	.2985788	.1434477
578.15	0	.5579298	0	.298485	.1435852
577.15	0	.5578863	0	.2983918	.143722
576.15	0	.557843	0	.2982989	.1438581
575.15	0	.5578	0	.2982065	.1439935
574.15	0	.5577572	0	.2981145	.1441283
573.15	0	.5577146	0	.2980229	.1442625
572.15	0	.5576722	0	.2979318	.144396
571.15	0	.5576301	0	.2978411	.1445288
570.15	0	.5575883	0	.2977508	.1446609
569.15	0	.5575466	0	.297661	.1447925
568.15	0	.5575052	0	.2975715	.1449233
567.15	0	.557464	0	.2974825	.1450535
566.15	0	.557423	0	.297394	.1451831
565.15	0	.5573822	0	.2973058	.145312
564.15	0	.5573417	0	.2972181	.1454402
563.15	0	.5573014	0	.2971308	.1455678
562.15	0	.5572613	0	.2970439	.1456948
561.15	0	.5572214	0	.2969574	.1458212
560.15	0	.5571818	0	.2968713	.1459469
559.15	0	.5571424	0	.2967857	.1460719
558.15	0	.5571032	0	.2967005	.1461964
557.15	0	.5570642	0	.2966157	.1463202
556.15	0	.5570254	0	.2965313	.1464433
555.15	0	.5569869	0	.2964472	.1465659
554.15	0	.5569485	0	.2963637	.1466878
553.15	0	.5569104	0	.2962805	.1468091
552.15	0	.5568725	0	.2961977	.1469298
551.15	0	.5568348	0	.2961153	.1470498
550.15	0	.5567974	0	.2960334	.1471692
549.15	0	.5567601	0	.2959518	.1472881
548.15	0	.5567231	0	.2958707	.1474063
547.15	0	.5566862	0	.2957899	.1475239
546.15	0	.5566496	0	.2957095	.1476408
545.15	0	.5566132	0	.2956296	.1477572
544.15	0	.556577	0	.29555	.147873
543.15	0	.556541	0	.2954709	.1479881
542.15	0	.5565052	0	.2953921	.1481027
541.15	0	.5564696	0	.2953137	.1482167
540.15	0	.5564343	0	.2952357	.14833
539.15	0	.5563991	0	.2951581	.1484428
538.15	0	.5563641	0	.2950809	.148555
537.15	0	.5563294	0	.2950041	.1486666
536.15	0	.5562948	0	.2949276	.1487776
535.15	0	.5562605	0	.2948516	.148888
534.15	0	.5562263	0	.2947759	.1489978
533.15	0	.5561924	0	.2947006	.149107
532.15	0	.5561586	0	.2946257	.1492157
531.15	0	.556125	0	.2945512	.1493238
530.15	0	.5560917	0	.294477	.1494313
529.15	0	.5560585	0	.2944032	.1495383
528.15	0	.5560256	0	.2943298	.1496446
527.15	0	.5559928	0	.2942568	.1497504
526.15	0	.5559602	0	.2941841	.1498557
525.15	0	.5559279	0	.2941118	.1499603
524.15	0	.5558957	0	.2940399	.1500644
523.15	0	.5558637	0	.2939684	.150168
522.15	0	.5558319	0	.2938972	.150271
521.15	0	.5558003	0	.2938263	.1503734
520.15	0	.5557688	0	.2937559	.1504753
519.15	0	.5557376	0	.2936858	.1505766
518.15	0	.5557066	0	.293616	.1506774
517.15	0	.5556757	0	.2935467	.1507776
516.15	0	.5556451	0	.2934776	.1508773
515.15	0	.5556146	0	.293409	.1509765
514.15	0	.5555843	0	.2933407	.1510751
513.15	0	.5555542	0	.2932727	.1511732
512.15	0	.5555242	0	.2932051	.1512707
511.15	0	.5554945	0	.2931378	.1513677
510.15	0	.5554649	0	.2930709	.1514642
509.15	0	.5554355	0	.2930043	.1515602
508.15	0	.5554063	0	.2929381	.1516556
507.15	0	.5553773	0	.2928722	.1517505
506.15	0	.5553485	0	.2928067	.1518449
505.15	0	.5553198	0	.2927415	.1519388
504.15	0	.5552913	0	.2926766	.1520321
503.15	0	.555263	0	.2926121	.152125
502.15	0	.5552348	0	.2925479	.1522173
501.15	0	.5552069	0	.292484	.1523091
500.15	0	.5551791	0	.2924205	.1524004
499.15	0	.5551514	0	.2923573	.1524913
498.15	0	.555124	0	.2922944	.1525816
497.15	0	.5550967	0	.2922319	.1526714
496.15	0	.5550696	0	.2921697	.1527608
495.15	0	.5550426	0	.2921078	.1528496
494.15	0	.5550159	0	.2920462	.1529379
493.15	0	.5549893	0	.2919849	.1530258
492.15	0	.5549628	0	.291924	.1531132
491.15	0	.5549365	0	.2918634	.1532001
490.15	0	.5549104	0	.2918031	.1532865
489.15	0	.5548845	0	.2917431	.1533724
488.15	0	.5548587	0	.2916834	.1534579
487.15	0	.554833	0	.291624	.1535429
486.15	0	.5548076	0	.291565	.1536274
485.15	0	.5547823	0	.2915062	.1537115
484.15	0	.5547571	0	.2914478	.1537951
483.15	0	.5547321	0	.2913896	.1538782
482.15	0	.5547073	0	.2913318	.1539609
481.15	0	.5546826	0	.2912742	.1540432
480.15	0	.5546581	0	.291217	.1541249
479.15	0	.5546337	0	.29116	.1542063
478.15	0	.5546095	0	.2911034	.1542871
477.15	0	.5545854	0	.291047	.1543676
476.15	0	.5545615	0	.2909909	.1544475
475.15	0	.5545377	0	.2909352	.1545271
474.15	0	.5545141	0	.2908797	.1546062
473.15	0	.5544907	0	.2908244	.1546849
472.15	0	.5544673	0	.2907695	.1547632
471.15	0	.5544442	0	.2907149	.154841
470.15	0	.5544212	0	.2906605	.1549184
469.15	0	.5543983	0	.2906064	.1549953
468.15	0	.5543755	0	.2905526	.1550719
467.15	0	.5543529	0	.290499	.155148
466.15	0	.5543305	0	.2904458	.1552237
465.15	0	.5543082	0	.2903928	.155299
464.15	0	.554286	0	.2903401	.1553739
463.15	0	.554264	0	.2902876	.1554484
462.15	0	.5542421	0	.2902354	.1555225
461.15	0	.5542203	0	.2901835	.1555962
460.15	0	.5541987	0	.2901318	.1556695
459.15	0	.5541772	0	.2900804	.1557424
458.15	0	.5541559	0	.2900292	.1558149
457.15	0	.5541347	0	.2899783	.155887
456.15	0	.5541136	0	.2899277	.1559587
455.15	0	.5540926	0	.2898773	.1560301
