T	 BPW(LIQUID)	BPW(BCC_A2)	BPW(FCC_A1)	BPW(LAVES_PHASE_C14)	BPW(NI3TI)
1473.15	.3750004	.6249996	0	0	0
1472.15	.3716826	.6283174	0	0	0
1471.15	.3683876	.6316124	0	0	0
1470.15	.3651152	.6348848	0	0	0
1469.15	.3618652	.6381348	0	0	0
1468.15	.3586375	.6413625	0	0	0
1467.15	.355432	.644568	0	0	0
1466.15	.3522485	.6477515	0	0	0
1465.15	.3490869	.6509131	0	0	0
1464.15	.3459469	.6540531	0	0	0
1463.15	.3428286	.6571714	0	0	0
1462.15	.3397316	.6602684	0	0	0
1461.15	.3366559	.6633441	0	0	0
1460.15	.3336014	.6663986	0	0	0
1459.15	.3305678	.6694322	0	0	0
1458.15	.3275551	.6724449	0	0	0
1457.15	.3245631	.6754369	0	0	0
1456.15	.3215917	.6784083	0	0	0
1455.15	.3186407	.6813593	0	0	0
1454.15	.3157099	.6842901	0	0	0
1453.15	.3127994	.6872006	0	0	0
1452.15	.3099088	.6900912	0	0	0
1451.15	.3070381	.6929619	0	0	0
1450.15	.3041872	.6958128	0	0	0
1449.15	.3013559	.6986441	0	0	0
1448.15	.298544	.701456	0	0	0
1447.15	.2957515	.7042485	0	0	0
1446.15	.2929782	.7070218	0	0	0
1445.15	.2902241	.709776	0	0	0
1444.15	.2874888	.7125112	0	0	0
1443.15	.2847724	.7152276	0	0	0
1442.15	.2820746	.7179254	0	0	0
1441.15	.2793955	.7206045	0	0	0
1440.15	.2767347	.7232653	0	0	0
1439.15	.2740923	.7259077	0	0	0
1438.15	.2714681	.7285319	0	0	0
1437.15	.2688619	.7311381	0	0	0
1437.128	.2688049	.7311951	0	0	0
1437.128	.2688049	.7311951	0	0	0
1437.128	.2688049	.7311951	0	0	0
1436.15	.2645531	.7338614	0	.001585507	0
1435.15	.2602653	.7365457	0	.003189018	0
1434.15	.2560363	.7391886	0	.004775151	0
1433.15	.2518648	.7417909	0	.006344276	0
1432.15	.2477498	.7443534	0	.007896752	0
1431.15	.24369	.7468771	0	.00943293	0
1430.15	.2396843	.7493625	0	.01095315	0
1429.15	.2357317	.7518106	0	.01245774	0
1428.15	.2318309	.7542221	0	.01394702	0
1427.15	.2279811	.7565976	0	.01542131	0
1426.15	.2241812	.7589379	0	.01688091	0
1425.15	.2204301	.7612437	0	.01832613	0
1424.15	.216727	.7635157	0	.01975724	0
1423.15	.2130709	.7657545	0	.02117453	0
1422.15	.2094609	.7679608	0	.02257828	0
1421.15	.2058961	.7701351	0	.02396876	0
1420.15	.2023756	.7722782	0	.02534622	0
1419.15	.1988986	.7743905	0	.02671092	0
1418.15	.1954642	.7764728	0	.0280631	0
1417.15	.1920716	.7785254	0	.02940301	0
1416.15	.1887201	.7805491	0	.03073089	0
1415.15	.1854088	.7825442	0	.03204696	0
1414.15	.1821371	.7845115	0	.03335145	0
1413.15	.1789041	.7864513	0	.03464458	0
1412.15	.1757093	.7883642	0	.03592656	0
1411.15	.1725518	.7902506	0	.03719759	0
1410.15	.169431	.7921111	0	.03845789	0
1409.15	.1663462	.7939461	0	.03970765	0
1408.15	.1632968	.7957561	0	.04094706	0
1407.15	.1602822	.7975415	0	.04217631	0
1406.15	.1573016	.7993028	0	.04339558	0
1405.15	.1543546	.8010404	0	.04460507	0
1404.15	.1514405	.8027546	0	.04580493	0
1403.15	.1485587	.804446	0	.04699535	0
1402.15	.1457086	.8061149	0	.0481765	0
1401.15	.1428898	.8077616	0	.04934852	0
1400.15	.1401017	.8093867	0	.0505116	0
1399.15	.1373437	.8109904	0	.05166587	0
1398.15	.1346153	.8125732	0	.0528115	0
1397.15	.1319161	.8141353	0	.05394864	0
1396.15	.1292455	.8156771	0	.05507742	0
1395.15	.1266029	.8171991	0	.056198	0
1394.15	.1239881	.8187014	0	.05731052	0
1393.15	.1214004	.8201845	0	.0584151	0
1392.15	.1188395	.8216486	0	.05951189	0
1391.15	.1163049	.8230941	0	.06060101	0
1390.15	.1137962	.8245212	0	.06168259	0
1389.15	.1113129	.8259304	0	.06275676	0
1388.15	.1088545	.8273218	0	.06382364	0
1387.15	.1064208	.8286958	0	.06488334	0
1386.15	.1040113	.8300527	0	.06593599	0
1385.15	.1016257	.8313926	0	.06698171	0
1384.15	.0992634	.832716	0	.06802059	0
1383.15	.0969242	.834023	0	.06905276	0
1382.15	.09460769	.835314	0	.07007832	0
1381.15	.0923135	.8365891	0	.07109737	0
1380.15	.09004128	.8378487	0	.07211002	0
1379.15	.08779068	.839093	0	.07311637	0
1378.15	.08556136	.8403221	0	.07411651	0
1377.15	.083353	.8415365	0	.07511055	0
1376.15	.08116526	.8427362	0	.07609858	0
1375.15	.07899782	.8439215	0	.0770807	0
1374.15	.07685037	.8450927	0	.07805698	0
1373.15	.07472261	.8462499	0	.07902753	0
1372.15	.07261423	.8473933	0	.07999242	0
1371.15	.07052493	.8485233	0	.08095176	0
1370.15	.06845442	.84964	0	.08190561	0
1369.15	.06640243	.8507435	0	.08285406	0
1368.15	.06436867	.8518341	0	.08379719	0
1367.15	.06235287	.8529121	0	.08473508	0
1366.15	.06035475	.8539774	0	.08566781	0
1365.15	.05837406	.8550305	0	.08659546	0
1364.15	.05641053	.8560714	0	.08751809	0
1363.15	.05446392	.8571003	0	.08843579	0
1362.15	.05253397	.8581174	0	.08934862	0
1361.15	.05062044	.8591229	0	.09025665	0
1360.15	.04872309	.860117	0	.09115996	0
1359.15	.04684168	.8610997	0	.0920586	0
1358.15	.04497598	.8620714	0	.09295265	0
1357.15	.04312576	.8630321	0	.09384217	0
1356.15	.04129081	.863982	0	.09472723	0
1355.15	.0394709	.8649212	0	.09560788	0
1354.15	.03766582	.86585	0	.0964842	0
1353.15	.03587535	.8667684	0	.09735623	0
1352.15	.03409929	.8676767	0	.09822405	0
1351.15	.03233743	.8685749	0	.0990877	0
1350.15	.03058958	.8694632	0	.09994724	0
1349.15	.02885553	.8703417	0	.1008027	0
1348.15	.0271351	.8712107	0	.1016542	0
1347.15	.02542809	.8720701	0	.1025018	0
1346.15	.02373432	.8729202	0	.1033455	0
1345.15	.0220536	.8737611	0	.1041853	0
1344.15	.02038576	.8745929	0	.1050214	0
1343.15	.01873061	.8754157	0	.1058537	0
1342.15	.01708798	.8762297	0	.1066823	0
1341.15	.01545771	.877035	0	.1075073	0
1340.15	.01383961	.8778317	0	.1083287	0
1339.15	.01223353	.8786199	0	.1091466	0
1338.15	.01063931	.8793997	0	.109961	0
1337.15	.009056773	.8801714	0	.1107719	0
1336.15	.007485776	.8809348	0	.1115794	0
1335.15	.00592616	.8816903	0	.1123835	0
1334.15	.004377773	.8824378	0	.1131844	0
1333.15	.002840464	.8831776	0	.1139819	0
1332.15	.001314087	.8839096	0	.1147763	0
1331.283	0	.8845379	0	.1154621	0
1331.283	0	.8845379	0	.1154621	0
1331.15	0	.8844612	0	.1155388	0
1330.15	0	.8838865	0	.1161135	0
1329.15	0	.883313	0	.116687	0
1328.15	0	.8827409	0	.1172591	0
1327.15	0	.88217	0	.11783	0
1326.15	0	.8816003	0	.1183997	0
1325.15	0	.881032	0	.118968	0
1324.15	0	.8804648	0	.1195352	0
1323.15	0	.879899	0	.120101	0
1322.15	0	.8793344	0	.1206656	0
1321.15	0	.878771	0	.121229	0
1320.15	0	.8782089	0	.1217911	0
1319.15	0	.877648	0	.122352	0
1318.15	0	.8770883	0	.1229117	0
1317.15	0	.8765299	0	.1234701	0
1316.15	0	.8759727	0	.1240273	0
1315.15	0	.8754167	0	.1245833	0
1314.15	0	.874862	0	.125138	0
1313.15	0	.8743085	0	.1256916	0
1312.15	0	.8737561	0	.1262439	0
1311.15	0	.873205	0	.126795	0
1310.15	0	.8726551	0	.1273449	0
1309.15	0	.8721064	0	.1278936	0
1308.15	0	.8715589	0	.1284411	0
1307.15	0	.8710126	0	.1289875	0
1306.15	0	.8704674	0	.1295326	0
1305.15	0	.8699235	0	.1300765	0
1304.15	0	.8693807	0	.1306193	0
1303.15	0	.8688392	0	.1311608	0
1302.15	0	.8682988	0	.1317012	0
1301.15	0	.8677595	0	.1322405	0
1300.15	0	.8672215	0	.1327785	0
1299.15	0	.8666846	0	.1333154	0
1298.15	0	.8661489	0	.1338511	0
1297.15	0	.8656143	0	.1343857	0
1296.15	0	.8650809	0	.1349191	0
1295.15	0	.8645486	0	.1354514	0
1294.15	0	.8640175	0	.1359825	0
1293.15	0	.8634876	0	.1365124	0
1292.15	0	.8629588	0	.1370412	0
1291.15	0	.8624311	0	.1375689	0
1290.15	0	.8619046	0	.1380955	0
1289.15	0	.8613791	0	.1386209	0
1288.15	0	.8608549	0	.1391451	0
1287.15	0	.8603317	0	.1396683	0
1286.15	0	.8598097	0	.1401903	0
1285.15	0	.8592888	0	.1407112	0
1284.15	0	.858769	0	.141231	0
1283.15	0	.8582503	0	.1417497	0
1282.15	0	.8577328	0	.1422672	0
1281.15	0	.8572163	0	.1427837	0
1280.15	0	.856701	0	.1432991	0
1279.15	0	.8561867	0	.1438133	0
1278.15	0	.8556736	0	.1443264	0
1277.15	0	.8551615	0	.1448385	0
1276.15	0	.8546505	0	.1453495	0
1275.374	0	.854255	0	.145745	0
1275.374	0	.854255	0	.145745	0
1275.374	0	.854255	0	.145745	0
1275.15	0	.8539221	2.244413E-04	.1458534	0
1274.15	0	.8524413	.001222957	.1463358	0
1273.15	0	.8509644	.002218777	.1468168	0
1272.15	0	.8494916	.003211907	.1472965	0
1271.15	0	.8480227	.004202351	.1477749	0
1270.15	0	.8465579	.005190116	.148252	0
1269.15	0	.845097	.006175205	.1487278	0
1268.15	0	.84364	.007157625	.1492023	0
1267.15	0	.8421871	.00813738	.1496755	0
1266.15	0	.8407381	.009114475	.1501475	0
1265.15	0	.839293	.01008892	.1506181	0
1264.15	0	.8378518	.01106071	.1510875	0
1263.15	0	.8364146	.01202985	.1515556	0
1262.15	0	.8349812	.01299636	.1520224	0
1261.15	0	.8335518	.01396023	.152488	0
1260.15	0	.8321262	.01492147	.1529523	0
1259.15	0	.8307045	.01588009	.1534154	0
1258.15	0	.8292867	.01683608	.1538772	0
1257.15	0	.8278728	.01778946	.1543378	0
1256.15	0	.8264627	.01874023	.1547971	0
1255.15	0	.8250564	.01968838	.1552552	0
1254.15	0	.823654	.02063394	.1557121	0
1253.15	0	.8222554	.0215769	.1561677	0
1252.15	0	.8208606	.02251726	.1566222	0
1251.15	0	.8194696	.02345504	.1570754	0
1250.15	0	.8180824	.02439023	.1575274	0
1249.15	0	.816699	.02532284	.1579782	0
1248.15	0	.8153193	.02625287	.1584278	0
1247.15	0	.8139435	.02718033	.1588762	0
1246.15	0	.8125714	.02810523	.1593234	0
1245.15	0	.811203	.02902756	.1597694	0
1244.15	0	.8098384	.02994733	.1602143	0
1243.15	0	.8084775	.03086454	.1606579	0
1242.15	0	.8071204	.03177921	.1611004	0
1241.15	0	.805767	.03269132	.1615417	0
1240.15	0	.8044173	.03360089	.1619819	0
1239.15	0	.8030713	.03450792	.1624208	0
1238.15	0	.8017289	.03541242	.1628586	0
1237.15	0	.8003903	.03631438	.1632953	0
1236.15	0	.7990554	.03721382	.1637308	0
1235.15	0	.7977241	.03811073	.1641652	0
1234.15	0	.7963965	.03900512	.1645984	0
1233.15	0	.7950725	.03989699	.1650305	0
1232.15	0	.7937522	.04078635	.1654615	0
1231.15	0	.7924355	.04167319	.1658913	0
1230.15	0	.7911225	.04255754	.16632	0
1229.15	0	.7898131	.04343937	.1667476	0
1228.15	0	.7885073	.04431871	.167174	0
1227.15	0	.7872051	.04519555	.1675994	0
1226.15	0	.7859065	.0460699	.1680236	0
1225.15	0	.7846115	.04694176	.1684467	0
1224.15	0	.7833201	.04781114	.1688687	0
1223.15	0	.7820323	.04867803	.1692897	0
1222.15	0	.7807481	.04954244	.1697095	0
1221.15	0	.7794674	.05040437	.1701282	0
1220.15	0	.7781903	.05126383	.1705459	0
1219.15	0	.7769167	.05212082	.1709624	0
1218.15	0	.7756467	.05297534	.1713779	0
1217.15	0	.7743803	.0538274	.1717924	0
1216.15	0	.7731173	.054677	.1722057	0
1215.15	0	.7718579	.05552413	.172618	0
1214.15	0	.770602	.05636882	.1730292	0
1213.15	0	.7693496	.05721105	.1734393	0
1212.15	0	.7681008	.05805082	.1738484	0
1211.15	0	.7668554	.05888816	.1742564	0
1210.15	0	.7656135	.05972304	.1746634	0
1209.15	0	.7643752	.06055549	.1750694	0
1208.15	0	.7631403	.0613855	.1754742	0
1207.15	0	.7619088	.06221307	.1758781	0
1206.15	0	.7606809	.0630382	.1762809	0
1205.15	0	.7594564	.06386091	.1766827	0
1204.15	0	.7582354	.06468119	.1770834	0
1203.15	0	.7570178	.06549904	.1774832	0
1202.15	0	.7558037	.06631446	.1778819	0
1201.15	0	.754593	.06712747	.1782796	0
1200.15	0	.7533857	.06793805	.1786762	0
1199.15	0	.7521819	.06874622	.1790719	0
1198.15	0	.7509815	.06955197	.1794665	0
1197.15	0	.7497845	.07035532	.1798602	0
1196.15	0	.7485909	.07115625	.1802528	0
1195.15	0	.7474008	.07195477	.1806445	0
1194.15	0	.746214	.07275089	.1810351	0
1193.15	0	.7450306	.0735446	.1814248	0
1192.15	0	.7438507	.07433591	.1818134	0
1191.15	0	.7426741	.07512482	.1822011	0
1190.15	0	.7415009	.07591134	.1825878	0
1189.15	0	.740331	.07669546	.1829735	0
1188.15	0	.7391646	.07747718	.1833583	0
1187.15	0	.7380015	.07825651	.183742	0
1186.15	0	.7368417	.07903346	.1841248	0
1185.15	0	.7356854	.07980801	.1845066	0
1184.15	0	.7345323	.08058017	.1848875	0
1183.15	0	.7333826	.08134996	.1852674	0
1182.15	0	.7322363	.08211735	.1856464	0
1181.15	0	.7310933	.08288237	.1860243	0
1180.15	0	.7299536	.08364501	.1864014	0
1179.15	0	.7288173	.08440526	.1867775	0
1178.15	0	.7276843	.08516314	.1871526	0
1177.15	0	.7265546	.08591865	.1875268	0
1176.15	0	.7254282	.08667178	.1879001	0
1175.15	0	.7243051	.08742253	.1882724	0
1174.15	0	.7231853	.08817092	.1886438	0
1173.15	0	.7220688	.08891694	.1890142	0
1172.15	0	.7209557	.08966058	.1893837	0
1171.15	0	.7198458	.09040186	.1897523	0
1170.15	0	.7187392	.09114078	.19012	0
1169.15	0	.7176359	.09187732	.1904868	0
1168.15	0	.7165359	.09261151	.1908526	0
1167.15	0	.7154391	.09334333	.1912175	0
1166.15	0	.7143457	.09407279	.1915815	0
1165.15	0	.7132555	.09479989	.1919447	0
1164.15	0	.7121685	.09552462	.1923069	0
1163.15	0	.7110849	.096247	.1926681	0
1162.15	0	.7100044	.09696702	.1930285	0
1161.15	0	.7089273	.09768469	.193388	0
1160.15	0	.7078534	.0984	.1937466	0
1159.15	0	.7067827	.09911295	.1941043	0
1158.15	0	.7057153	.09982355	.1944612	0
1157.15	0	.7046511	.1005318	.1948171	0
1156.15	0	.7035902	.1012377	.1951721	0
1155.15	0	.7025325	.1019412	.1955263	0
1154.15	0	.701478	.1026424	.1958796	0
1153.15	0	.7004268	.1033413	.196232	0
1152.15	0	.6993787	.1040378	.1965835	0
1151.15	0	.698334	.1047319	.1969342	0
1150.15	0	.6972924	.1054237	.1972839	0
1149.15	0	.696254	.1061131	.1976329	0
1148.15	0	.6952189	.1068002	.1979809	0
1147.15	0	.694187	.1074849	.1983281	0
1146.15	0	.6931583	.1081673	.1986744	0
1145.15	0	.6921327	.1088474	.1990199	0
1144.15	0	.6911104	.1095251	.1993645	0
1143.15	0	.6900913	.1102004	.1997083	0
1142.15	0	.6890754	.1108734	.2000512	0
1141.15	0	.6880627	.1115441	.2003932	0
1140.15	0	.6870532	.1122124	.2007344	0
1139.15	0	.6860468	.1128784	.2010748	0
1138.15	0	.6850437	.113542	.2014143	0
1137.15	0	.6840437	.1142032	.201753	0
1136.15	0	.683047	.1148622	.2020909	0
1135.15	0	.6820534	.1155188	.2024279	0
1134.15	0	.6810629	.116173	.2027641	0
1133.15	0	.6800757	.1168249	.2030994	0
1132.15	0	.6790916	.1174744	.203434	0
1131.15	0	.6781108	.1181216	.2037677	0
1130.15	0	.677133	.1187664	.2041005	0
1129.15	0	.6761585	.1194089	.2044326	0
1128.15	0	.6751871	.1200491	.2047638	0
1127.15	0	.6742189	.1206869	.2050942	0
1126.15	0	.6732538	.1213224	.2054238	0
1125.15	0	.6722919	.1219555	.2057526	0
1124.15	0	.6713332	.1225862	.2060806	0
1123.15	0	.6703776	.1232146	.2064078	0
1122.15	0	.6694252	.1238407	.2067341	0
1121.15	0	.668476	.1244644	.2070597	0
1120.15	0	.6675299	.1250857	.2073844	0
1119.15	0	.6665869	.1257047	.2077084	0
1118.15	0	.6656471	.1263214	.2080315	0
1117.15	0	.6647105	.1269357	.2083539	0
1116.15	0	.663777	.1275476	.2086754	0
1115.15	0	.6628466	.1281572	.2089961	0
1114.15	0	.6619194	.1287645	.2093161	0
1113.15	0	.6609954	.1293694	.2096353	0
1112.15	0	.6600745	.1299719	.2099537	0
1111.15	0	.6591567	.130572	.2102713	0
1110.15	0	.6582421	.1311698	.2105881	0
1109.15	0	.6573306	.1317653	.2109041	0
1108.15	0	.6564222	.1323584	.2112194	0
1107.15	0	.6555171	.1329491	.2115338	0
1106.15	0	.654615	.1335375	.2118475	0
1105.15	0	.6537161	.1341235	.2121605	0
1104.15	0	.6528203	.1347071	.2124726	0
1103.15	0	.6519277	.1352884	.2127839	0
1102.15	0	.6510382	.1358673	.2130946	0
1101.15	0	.6501518	.1364438	.2134044	0
1100.15	0	.6492686	.137018	.2137134	0
1099.15	0	.6483885	.1375898	.2140217	0
1098.15	0	.6475115	.1381592	.2143292	0
1097.15	0	.6466377	.1387263	.214636	0
1096.15	0	.645767	.1392909	.214942	0
1095.15	0	.6448995	.1398533	.2152473	0
1094.15	0	.6440351	.1404132	.2155517	0
1093.15	0	.6431738	.1409707	.2158555	0
1092.15	0	.6423157	.1415259	.2161584	0
1091.15	0	.6414607	.1420787	.2164606	0
1090.15	0	.6406088	.1426291	.2167621	0
1089.15	0	.6397601	.1431771	.2170628	0
1088.15	0	.6389145	.1437227	.2173628	0
1087.15	0	.638072	.144266	.217662	0
1086.15	0	.6372327	.1448069	.2179604	0
1085.15	0	.6363965	.1453453	.2182581	0
1084.15	0	.6355635	.1458814	.2185551	0
1083.15	0	.6347336	.1464151	.2188513	0
1082.15	0	.6339068	.1469464	.2191468	0
1081.15	0	.6330832	.1474752	.2194416	0
1080.15	0	.6322627	.1480017	.2197356	0
1079.15	0	.6314454	.1485258	.2200288	0
1078.15	0	.6306312	.1490475	.2203213	0
1077.15	0	.6298201	.1495668	.2206131	0
1076.15	0	.6290121	.1500837	.2209042	0
1075.15	0	.6282074	.1505981	.2211945	0
1074.15	0	.6274057	.1511102	.2214841	0
1073.15	0	.6266072	.1516198	.2217729	0
1072.15	0	.6258119	.1521271	.2220611	0
1071.15	0	.6250197	.1526319	.2223485	0
1070.15	0	.6242306	.1531343	.2226351	0
1069.15	0	.6234447	.1536342	.2229211	0
1068.15	0	.6226619	.1541318	.2232063	0
1067.15	0	.6218823	.1546269	.2234907	0
1066.15	0	.6211059	.1551196	.2237745	0
1065.15	0	.6203326	.1556099	.2240575	0
1064.15	0	.6195624	.1560978	.2243398	0
1063.15	0	.6187954	.1565832	.2246214	0
1062.15	0	.6180316	.1570661	.2249023	0
1061.15	0	.6172709	.1575467	.2251824	0
1060.15	0	.6165134	.1580248	.2254618	0
1059.15	0	.615759	.1585004	.2257406	0
1058.15	0	.6150078	.1589737	.2260185	0
1057.15	0	.6142598	.1594444	.2262958	0
1056.15	0	.6135149	.1599128	.2265724	0
1055.15	0	.6127732	.1603786	.2268482	0
1054.15	0	.6120346	.1608421	.2271233	0
1053.15	0	.6112993	.161303	.2273977	0
1052.15	0	.6105671	.1617615	.2276714	0
1051.15	0	.609838	.1622176	.2279444	0
1050.15	0	.6091122	.1626712	.2282166	0
1049.15	0	.6083895	.1631223	.2284882	0
1048.15	0	.60767	.163571	.228759	0
1047.15	0	.6069537	.1640172	.2290291	0
1046.15	0	.6062405	.1644609	.2292985	0
1045.15	0	.6055306	.1649022	.2295672	0
1044.15	0	.6048238	.165341	.2298352	0
1043.15	0	.6041203	.1657773	.2301025	0
1042.15	0	.6034198	.1662111	.2303691	0
1041.15	0	.6027227	.1666424	.2306349	0
1040.15	0	.6020286	.1670713	.2309001	0
1039.15	0	.6013378	.1674977	.2311645	0
1038.15	0	.6006502	.1679216	.2314282	0
1037.15	0	.5999658	.1683429	.2316913	0
1036.15	0	.5992846	.1687619	.2319536	0
1035.15	0	.5986066	.1691783	.2322152	0
1034.15	0	.5979317	.1695922	.2324761	0
1033.15	0	.5972601	.1700036	.2327363	0
1032.15	0	.5965918	.1704125	.2329957	0
1031.15	0	.5959266	.1708189	.2332545	0
1030.15	0	.5952646	.1712228	.2335126	0
1029.15	0	.5946059	.1716242	.2337699	0
1028.15	0	.5939503	.1720231	.2340266	0
1027.15	0	.593298	.1724195	.2342825	0
1026.15	0	.5926489	.1728133	.2345377	0
1025.15	0	.5920031	.1732047	.2347923	0
1024.15	0	.5913604	.1735935	.2350461	0
1023.15	0	.590721	.1739798	.2352992	0
1022.15	0	.5900848	.1743636	.2355516	0
1021.15	0	.5894519	.1747449	.2358033	0
1020.15	0	.5888222	.1751236	.2360542	0
1019.15	0	.5881957	.1754998	.2363045	0
1018.15	0	.5875724	.1758735	.236554	0
1017.15	0	.5869524	.1762447	.2368029	0
1016.15	0	.5863357	.1766133	.237051	0
1015.15	0	.5857222	.1769794	.2372984	0
1014.15	0	.5851119	.1773429	.2375451	0
1013.15	0	.5845049	.177704	.2377911	0
1012.15	0	.5839011	.1780624	.2380364	0
1011.15	0	.5833006	.1784184	.238281	0
1010.15	0	.5827034	.1787718	.2385248	0
1009.15	0	.5821094	.1791226	.238768	0
1008.15	0	.5815187	.1794709	.2390104	0
1007.15	0	.5809312	.1798167	.2392521	0
1006.15	0	.580347	.1801599	.2394931	0
1005.15	0	.5797661	.1805006	.2397333	0
1004.15	0	.5791884	.1808387	.2399729	0
1003.15	0	.578614	.1811743	.2402117	0
1002.15	0	.5780429	.1815073	.2404498	0
1001.15	0	.577475	.1818378	.2406872	0
1000.15	0	.5769104	.1821658	.2409238	0
999.15	0	.5763491	.1824911	.2411598	0
998.15	0	.5757911	.182814	.241395	0
997.15	0	.5752363	.1831342	.2416294	0
996.15	0	.5746849	.183452	.2418632	0
995.15	0	.5741367	.1837671	.2420962	0
994.15	0	.5735918	.1840797	.2423285	0
993.15	0	.5730502	.1843898	.24256	0
992.15	0	.5725118	.1846973	.2427909	0
991.15	0	.5719768	.1850023	.243021	0
990.15	0	.571445	.1853047	.2432503	0
989.15	0	.5709165	.1856046	.2434789	0
988.15	0	.5703914	.1859019	.2437068	0
987.15	0	.5698695	.1861966	.2439339	0
986.15	0	.5693509	.1864888	.2441603	0
985.15	0	.5688356	.1867785	.2443859	0
984.15	0	.5683236	.1870656	.2446108	0
983.15	0	.5678148	.1873502	.244835	0
982.15	0	.5673094	.1876323	.2450584	0
981.15	0	.5668073	.1879118	.245281	0
980.15	0	.5663084	.1881887	.2455029	0
979.15	0	.5658129	.1884631	.245724	0
978.15	0	.5653206	.188735	.2459444	0
977.15	0	.5648317	.1890044	.246164	0
976.15	0	.564346	.1892712	.2463828	0
975.15	0	.5638636	.1895355	.2466009	0
974.15	0	.5633845	.1897973	.2468182	0
973.15	0	.5629087	.1900566	.2470347	0
972.15	0	.5624362	.1903133	.2472505	0
971.15	0	.561967	.1905676	.2474654	0
970.15	0	.5615011	.1908193	.2476797	0
969.15	0	.5610384	.1910685	.2478931	0
968.15	0	.560579	.1913153	.2481057	0
967.15	0	.5601229	.1915595	.2483176	0
966.15	0	.5596701	.1918012	.2485286	0
965.15	0	.5592206	.1920405	.2487389	0
964.15	0	.5587743	.1922773	.2489484	0
963.15	0	.5583314	.1925116	.249157	0
962.15	0	.5578916	.1927435	.2493649	0
961.15	0	.5574552	.1929729	.249572	0
960.15	0	.557022	.1931998	.2497782	0
959.15	0	.556592	.1934243	.2499837	0
958.15	0	.5561654	.1936463	.2501883	0
957.15	0	.5557419	.193866	.2503921	0
956.15	0	.5553217	.1940832	.2505951	0
955.15	0	.5549048	.194298	.2507972	0
954.15	0	.5544911	.1945104	.2509986	0
953.15	0	.5540806	.1947204	.2511991	0
952.15	0	.5536733	.194928	.2513987	0
951.15	0	.5532693	.1951332	.2515975	0
950.15	0	.5528685	.1953361	.2517955	0
949.15	0	.5524709	.1955366	.2519926	0
948.15	0	.5520764	.1957347	.2521888	0
947.15	0	.5516852	.1959306	.2523842	0
946.15	0	.5512971	.1961241	.2525788	0
945.15	0	.5509123	.1963153	.2527724	0
944.15	0	.5505306	.1965042	.2529652	0
943.15	0	.550152	.1966909	.2531571	0
942.15	0	.5497766	.1968752	.2533481	0
941.15	0	.5494044	.1970573	.2535383	0
940.15	0	.5490353	.1972372	.2537275	0
939.15	0	.5486693	.1974149	.2539159	0
938.15	0	.5483064	.1975903	.2541033	0
937.15	0	.5479466	.1977636	.2542898	0
936.15	0	.5475899	.1979347	.2544754	0
935.15	0	.5472362	.1981036	.2546601	0
934.15	0	.5468857	.1982704	.2548439	0
933.15	0	.5465382	.1984351	.2550267	0
932.15	0	.5461937	.1985977	.2552086	0
931.15	0	.5458522	.1987582	.2553896	0
930.15	0	.5455138	.1989167	.2555696	0
929.15	0	.5451783	.1990731	.2557486	0
928.15	0	.5448458	.1992275	.2559267	0
927.15	0	.5445163	.1993799	.2561038	0
926.15	0	.5441897	.1995304	.2562799	0
925.15	0	.543866	.1996789	.2564551	0
924.15	0	.5435453	.1998255	.2566292	0
923.15	0	.5432274	.1999702	.2568024	0
922.15	0	.5429124	.2001131	.2569745	0
921.15	0	.5426003	.2002541	.2571456	0
920.15	0	.542291	.2003933	.2573157	0
919.15	0	.5419845	.2005307	.2574848	0
918.15	0	.5416807	.2006664	.2576529	0
917.15	0	.5413798	.2008004	.2578199	0
916.15	0	.5410815	.2009327	.2579858	0
915.15	0	.540786	.2010633	.2581507	0
914.15	0	.5404932	.2011924	.2583145	0
913.15	0	.540203	.2013198	.2584772	0
912.15	0	.5399154	.2014457	.2586389	0
911.15	0	.5396305	.2015701	.2587994	0
910.15	0	.5393482	.201693	.2589588	0
909.15	0	.5390683	.2018145	.2591171	0
908.15	0	.5387911	.2019346	.2592743	0
907.15	0	.5385162	.2020534	.2594304	0
906.15	0	.5382439	.2021709	.2595853	0
905.15	0	.5379739	.202287	.259739	0
904.15	0	.5377064	.202402	.2598916	0
903.15	0	.5374412	.2025158	.260043	0
902.15	0	.5371783	.2026285	.2601932	0
901.15	0	.5369177	.2027402	.2603422	0
900.15	0	.5366593	.2028508	.26049	0
899.15	0	.5364031	.2029604	.2606365	0
898.15	0	.536149	.2030691	.2607819	0
897.15	0	.5358971	.203177	.2609259	0
896.15	0	.5356472	.203284	.2610687	0
895.15	0	.5353994	.2033904	.2612102	0
894.15	0	.5351535	.203496	.2613505	0
893.15	0	.5349096	.203601	.2614894	0
892.15	0	.5346675	.2037055	.261627	0
891.15	0	.5344273	.2038095	.2617633	0
890.15	0	.5341888	.203913	.2618982	0
889.15	0	.533952	.2040162	.2620318	0
888.15	0	.5337169	.2041191	.2621639	0
887.15	0	.5334835	.2042218	.2622947	0
886.15	0	.5332515	.2043244	.2624241	0
885.15	0	.5330211	.2044269	.262552	0
884.15	0	.5327921	.2045294	.2626785	0
883.15	0	.5325644	.2046321	.2628036	0
882.15	0	.532338	.2047349	.2629271	0
881.15	0	.5321129	.204838	.2630491	0
880.15	0	.5318889	.2049415	.2631697	0
879.15	0	.5316659	.2050454	.2632886	0
878.15	0	.531444	.2051499	.2634061	0
877.15	0	.531223	.2052551	.2635219	0
876.15	0	.5310029	.205361	.2636361	0
875.15	0	.5307835	.2054678	.2637487	0
874.15	0	.5305648	.2055755	.2638597	0
873.15	0	.5303467	.2056843	.263969	0
872.15	0	.5301291	.2057943	.2640765	0
871.15	0	.529912	.2059057	.2641824	0
870.15	0	.5296951	.2060185	.2642865	0
869.15	0	.5294784	.2061328	.2643888	0
868.15	0	.5292618	.2062489	.2644893	0
867.15	0	.5290453	.2063668	.264588	0
866.15	0	.5288286	.2064866	.2646848	0
865.15	0	.5286117	.2066086	.2647797	0
864.15	0	.5283945	.2067329	.2648726	0
863.15	0	.5281768	.2068596	.2649637	0
862.15	0	.5279585	.2069888	.2650527	0
861.15	0	.5277395	.2071209	.2651396	0
860.15	0	.5275196	.2072559	.2652245	0
859.15	0	.5272987	.207394	.2653073	0
858.15	0	.5270766	.2075355	.2653879	0
857.15	0	.5268533	.2076804	.2654663	0
856.15	0	.5266285	.2078291	.2655425	0
855.15	0	.526402	.2079817	.2656164	0
854.15	0	.5261737	.2081384	.2656879	0
853.15	0	.5259434	.2082996	.265757	0
852.15	0	.5257109	.2084654	.2658237	0
851.15	0	.525476	.2086361	.2658879	0
850.15	0	.5252385	.208812	.2659495	0
849.15	0	.5249982	.2089934	.2660084	0
848.15	0	.5247548	.2091805	.2660647	0
847.15	0	.5245081	.2093737	.2661182	0
846.15	0	.5242579	.2095733	.2661688	0
845.15	0	.5240038	.2097797	.2662165	0
844.15	0	.5237456	.2099932	.2662612	0
843.15	0	.523483	.2102142	.2663028	0
842.15	0	.5232156	.2104432	.2663412	0
841.15	0	.5229431	.2106806	.2663763	0
840.15	0	.5226652	.2109268	.266408	0
839.15	0	.5223814	.2111825	.2664362	0
838.15	0	.5220913	.211448	.2664607	0
837.15	0	.5217945	.211724	.2664814	0
836.15	0	.5214906	.2120112	.2664982	0
835.15	0	.5211789	.2123102	.266511	0
834.15	0	.5208589	.2126216	.2665195	0
833.15	0	.5205301	.2129464	.2665235	0
832.15	0	.5201918	.2132853	.2665229	0
831.15	0	.5198432	.2136393	.2665175	0
830.15	0	.5194836	.2140094	.266507	0
829.15	0	.5191121	.2143967	.2664912	0
828.15	0	.5187278	.2148024	.2664697	0
827.15	0	.5179313	.2157189	.2663497	0
826.15	0	.5171096	.2166717	.2662187	0
825.15	0	.5163447	.2175595	.2660959	0
824.15	0	.5156312	.2183885	.2659804	0
823.15	0	.5149646	.2191639	.2658715	0
822.15	0	.514341	.2198906	.2657685	0
821.15	0	.5137567	.2205725	.2656708	0
820.15	0	.5132088	.2212131	.2655781	0
819.15	0	.5126943	.2218159	.2654898	0
818.15	0	.5122109	.2223835	.2654056	0
817.15	0	.5117562	.2229187	.2653251	0
816.15	0	.5113283	.2234237	.265248	0
815.15	0	.5109252	.2239007	.2651741	0
814.15	0	.5105454	.2243515	.2651031	0
813.15	0	.5101872	.224778	.2650349	0
812.15	0	.5098493	.2251816	.2649691	0
811.15	0	.5095303	.225564	.2649056	0
810.15	0	.5092292	.2259264	.2648444	0
809.15	0	.5089448	.2262701	.2647851	0
808.15	0	.5086761	.2265962	.2647277	0
807.15	0	.5084221	.2269058	.2646721	0
806.15	0	.5081821	.2271998	.2646181	0
805.15	0	.5079551	.2274793	.2645656	0
804.15	0	.5077405	.2277449	.2645146	0
803.15	0	.5075375	.2279976	.2644649	0
802.15	0	.5073455	.2282381	.2644165	0
801.15	0	.5071638	.228467	.2643693	0
800.15	0	.5069919	.2286849	.2643231	0
799.15	0	.5068294	.2288926	.2642781	0
798.15	0	.5066755	.2290905	.264234	0
797.15	0	.50653	.2292792	.2641908	0
796.15	0	.5063923	.2294592	.2641485	0
795.15	0	.506262	.229631	.2641071	0
794.15	0	.5061387	.2297949	.2640664	0
793.15	0	.5060222	.2299514	.2640264	0
792.15	0	.5059119	.2301009	.2639872	0
791.15	0	.5058076	.2302438	.2639486	0
790.15	0	.505709	.2303804	.2639106	0
789.15	0	.5056157	.230511	.2638732	0
788.15	0	.5055276	.230636	.2638364	0
787.15	0	.5054443	.2307556	.2638001	0
786.15	0	.5053656	.2308702	.2637642	0
785.15	0	.5052912	.2309799	.2637289	0
784.15	0	.505221	.231085	.263694	0
783.15	0	.5051547	.2311858	.2636595	0
782.15	0	.5050922	.2312825	.2636254	0
781.15	0	.5050331	.2313753	.2635917	0
780.15	0	.5049774	.2314643	.2635583	0
779.15	0	.5049249	.2315499	.2635252	0
778.15	0	.5048754	.2316321	.2634925	0
777.15	0	.5048287	.2317112	.2634601	0
776.15	0	.5047848	.2317872	.263428	0
775.15	0	.5047434	.2318605	.2633961	0
774.15	0	.5047045	.231931	.2633645	0
773.15	0	.5046679	.231999	.2633332	0
772.15	0	.5046335	.2320645	.263302	0
771.15	0	.5046011	.2321278	.2632711	0
770.15	0	.5045708	.2321888	.2632404	0
769.15	0	.5045423	.2322478	.2632099	0
768.15	0	.5045156	.2323049	.2631795	0
767.15	0	.5044905	.2323601	.2631494	0
766.15	0	.5044671	.2324136	.2631194	0
765.15	0	.5044451	.2324654	.2630895	0
764.15	0	.5044246	.2325156	.2630598	0
763.15	0	.5044054	.2325644	.2630302	0
762.15	0	.5043874	.2326118	.2630008	0
761.15	0	.5043707	.2326579	.2629714	0
760.15	0	.5043551	.2327027	.2629422	0
759.15	0	.5043406	.2327463	.2629131	0
758.15	0	.5043293	.2327871	.2628836	0
757.15	0	.5043166	.2328287	.2628547	0
756.15	0	.5043047	.2328694	.2628259	0
755.15	0	.5042937	.2329091	.2627972	0
754.15	0	.5042835	.232948	.2627685	0
753.15	0	.5042741	.232986	.2627399	0
752.15	0	.5042653	.2330233	.2627114	0
751.15	0	.5042572	.2330598	.262683	0
750.15	0	.5042497	.2330957	.2626546	0
749.15	0	.5042428	.2331309	.2626263	0
748.15	0	.5042365	.2331656	.2625979	0
747.15	0	.5042306	.2331997	.2625697	0
746.15	0	.5042252	.2332333	.2625415	0
745.15	0	.5042203	.2332665	.2625133	0
744.15	0	.5042157	.2332992	.2624851	0
743.15	0	.5042115	.2333315	.262457	0
742.15	0	.5042077	.2333635	.2624289	0
741.15	0	.5042041	.2333951	.2624008	0
740.15	0	.5042009	.2334264	.2623727	0
739.15	0	.5041979	.2334575	.2623447	0
738.15	0	.5041951	.2334882	.2623166	0
737.15	0	.5041926	.2335188	.2622886	0
736.15	0	.5041902	.2335492	.2622606	0
735.15	0	.5041881	.2335794	.2622326	0
734.15	0	.504186	.2336094	.2622046	0
733.15	0	.5041841	.2336393	.2621766	0
732.15	0	.5041823	.2336691	.2621486	0
731.15	0	.5041807	.2336988	.2621206	0
730.15	0	.504179	.2337284	.2620925	0
729.15	0	.5041775	.233758	.2620645	0
728.15	0	.504176	.2337875	.2620365	0
727.15	0	.5041745	.233817	.2620085	0
726.15	0	.5041731	.2338465	.2619804	0
725.15	0	.5041716	.233876	.2619524	0
724.15	0	.5041702	.2339055	.2619243	0
723.15	0	.5041687	.233935	.2618962	0
722.15	0	.5041672	.2339646	.2618681	0
721.15	0	.5041657	.2339943	.26184	0
720.15	0	.5041641	.234024	.2618119	0
719.15	0	.5041625	.2340538	.2617837	0
718.15	0	.5041608	.2340836	.2617556	0
717.15	0	.504159	.2341136	.2617274	0
716.15	0	.5041572	.2341437	.2616992	0
715.15	0	.5041552	.2341739	.2616709	0
714.15	0	.5041532	.2342042	.2616427	0
713.15	0	.504151	.2342346	.2616144	0
712.15	0	.5041487	.2342652	.2615861	0
711.15	0	.5041463	.2342959	.2615578	0
710.15	0	.5041438	.2343268	.2615294	0
709.15	0	.5041412	.2343578	.261501	0
708.15	0	.5041384	.234389	.2614726	0
707.15	0	.5041355	.2344203	.2614442	0
706.15	0	.5041324	.2344519	.2614157	0
705.15	0	.5041292	.2344836	.2613872	0
704.15	0	.5041258	.2345155	.2613587	0
703.15	0	.5041223	.2345476	.2613302	0
702.15	0	.5041186	.2345799	.2613016	0
701.15	0	.5041147	.2346123	.261273	0
700.15	0	.5041107	.234645	.2612444	0
699.15	0	.5041065	.2346779	.2612157	0
698.15	0	.5041021	.2347109	.261187	0
697.15	0	.5040976	.2347442	.2611582	0
696.15	0	.5040928	.2347777	.2611295	0
695.15	0	.5040879	.2348114	.2611007	0
694.15	0	.5040828	.2348453	.2610719	0
693.15	0	.5040775	.2348794	.261043	0
692.15	0	.5040721	.2349138	.2610141	0
691.15	0	.5040664	.2349484	.2609852	0
690.15	0	.5040606	.2349832	.2609563	0
689.15	0	.5040545	.2350182	.2609273	0
688.15	0	.5040483	.2350534	.2608983	0
687.15	0	.5040419	.2350889	.2608692	0
686.15	0	.5040353	.2351246	.2608402	0
685.15	0	.5040285	.2351605	.260811	0
684.15	0	.5040215	.2351966	.2607819	0
683.15	0	.5040142	.235233	.2607527	0
682.15	0	.5040069	.2352696	.2607235	0
681.15	0	.5039993	.2353064	.2606943	0
680.15	0	.5039915	.2353435	.260665	0
679.15	0	.5039835	.2353808	.2606357	0
678.15	0	.5039753	.2354183	.2606064	0
677.15	0	.5039669	.235456	.2605771	0
676.15	0	.5039583	.235494	.2605477	0
675.15	0	.5039495	.2355322	.2605183	0
674.15	0	.5039406	.2355706	.2604888	0
673.15	0	.5039314	.2356093	.2604593	0
672.15	0	.503922	.2356482	.2604298	0
671.15	0	.5039125	.2356873	.2604003	0
670.15	0	.5039027	.2357266	.2603707	0
669.15	0	.5038927	.2357661	.2603411	0
668.15	0	.5038826	.2358059	.2603115	0
667.15	0	.5038723	.2358459	.2602819	0
666.15	0	.5038617	.2358861	.2602522	0
665.15	0	.503851	.2359266	.2602225	0
664.15	0	.5038401	.2359672	.2601927	0
663.15	0	.503829	.2360081	.260163	0
662.15	0	.5038177	.2360492	.2601332	0
661.15	0	.5038062	.2360905	.2601034	0
660.15	0	.5037945	.236132	.2600735	0
659.15	0	.5037826	.2361737	.2600436	0
658.15	0	.5037706	.2362157	.2600137	0
657.15	0	.5037584	.2362578	.2599838	0
656.15	0	.5037459	.2363002	.2599539	0
655.15	0	.5037333	.2363428	.2599239	0
654.15	0	.5037206	.2363855	.2598939	0
653.15	0	.5037076	.2364285	.2598639	0
652.15	0	.5036945	.2364717	.2598339	0
651.15	0	.5036812	.2365151	.2598038	0
650.15	0	.5036677	.2365586	.2597737	0
649.15	0	.503654	.2366024	.2597436	0
648.15	0	.5036402	.2366464	.2597135	0
647.15	0	.5036261	.2366906	.2596833	0
646.15	0	.5036119	.2367349	.2596531	0
645.15	0	.5035976	.2367795	.2596229	0
644.15	0	.5035831	.2368242	.2595927	0
643.15	0	.5035684	.2368692	.2595625	0
642.15	0	.5035535	.2369143	.2595322	0
641.15	0	.5035385	.2369596	.259502	0
640.15	0	.5035233	.2370051	.2594717	0
639.15	0	.5035079	.2370507	.2594414	0
638.15	0	.5034924	.2370966	.259411	0
637.15	0	.5034768	.2371426	.2593807	0
636.15	0	.5034609	.2371888	.2593503	0
635.15	0	.5034449	.2372351	.2593199	0
634.15	0	.5034288	.2372817	.2592896	0
633.15	0	.5034125	.2373283	.2592591	0
632.15	0	.5033961	.2373752	.2592287	0
631.15	0	.5033795	.2374223	.2591983	0
630.15	0	.5033627	.2374694	.2591678	0
629.15	0	.5033458	.2375168	.2591374	0
628.15	0	.5033288	.2375643	.2591069	0
627.15	0	.5033116	.237612	.2590764	0
626.15	0	.5032943	.2376598	.2590459	0
625.15	0	.5032768	.2377078	.2590154	0
624.15	0	.5032592	.2377559	.2589849	0
623.15	0	.5032414	.2378042	.2589543	0
622.15	0	.5032236	.2378526	.2589238	0
621.15	0	.5032055	.2379012	.2588933	0
620.15	0	.5031874	.2379499	.2588627	0
619.15	0	.5031691	.2379988	.2588321	0
618.15	0	.5031507	.2380478	.2588015	0
617.15	0	.5031321	.2380969	.258771	0
616.15	0	.5031134	.2381462	.2587404	0
615.15	0	.5030946	.2381956	.2587098	0
614.15	0	.5030757	.2382451	.2586792	0
613.15	0	.5030566	.2382948	.2586486	0
612.15	0	.5030374	.2383446	.258618	0
611.15	0	.5030182	.2383945	.2585874	0
610.15	0	.5029987	.2384445	.2585568	0
609.15	0	.5029792	.2384947	.2585261	0
608.15	0	.5029595	.238545	.2584955	0
607.15	0	.5029398	.2385954	.2584649	0
606.15	0	.5029199	.2386459	.2584343	0
605.15	0	.5028999	.2386965	.2584036	0
604.15	0	.5028797	.2387472	.258373	0
603.15	0	.5028595	.2387981	.2583424	0
602.15	0	.5028392	.238849	.2583118	0
601.15	0	.5028188	.2389001	.2582812	0
600.15	0	.5027982	.2389512	.2582505	0
599.15	0	.5027776	.2390025	.2582199	0
598.15	0	.5027568	.2390539	.2581893	0
597.15	0	.502736	.2391053	.2581587	0
596.15	0	.502715	.2391569	.2581281	0
595.15	0	.502694	.2392085	.2580975	0
594.15	0	.5026728	.2392603	.2580669	0
593.15	0	.5026516	.2393121	.2580363	0
592.15	0	.5026303	.239364	.2580057	0
591.15	0	.5026088	.239416	.2579752	0
590.15	0	.5025873	.2394681	.2579446	0
589.15	0	.5025657	.2395202	.2579141	0
588.15	0	.502544	.2395725	.2578835	0
587.15	0	.5025222	.2396248	.257853	0
586.15	0	.5025003	.2396772	.2578224	0
585.15	0	.5024784	.2397297	.2577919	0
584.15	0	.5024563	.2397822	.2577614	0
583.15	0	.5024342	.2398349	.2577309	0
582.15	0	.502412	.2398875	.2577005	0
581.15	0	.5023897	.2399403	.25767	0
580.15	0	.5023674	.2399931	.2576395	0
579.15	0	.5023449	.240046	.2576091	0
578.15	0	.5023224	.2400989	.2575787	0
577.15	0	.5022998	.2401519	.2575483	0
576.15	0	.5022772	.240205	.2575179	0
575.15	0	.5022544	.2402581	.2574875	0
574.15	0	.5022316	.2403113	.2574571	0
573.15	0	.5022087	.2403645	.2574268	0
572.15	0	.5021858	.2404177	.2573965	0
571.15	0	.5021628	.2404711	.2573662	0
570.15	0	.5021397	.2405244	.2573359	0
569.15	0	.5021166	.2405778	.2573056	0
568.15	0	.5020934	.2406313	.2572754	0
567.15	0	.5020701	.2406848	.2572452	0
566.15	0	.5020468	.2407383	.2572149	0
565.15	0	.5020234	.2407918	.2571848	0
564.15	0	.5019999	.2408454	.2571546	0
563.15	0	.5019765	.2408991	.2571245	0
562.15	0	.5019529	.2409527	.2570944	0
561.15	0	.5019293	.2410064	.2570643	0
560.15	0	.5019056	.2410602	.2570342	0
559.15	0	.5018819	.2411139	.2570042	0
558.15	0	.5018581	.2411677	.2569742	0
557.15	0	.5018343	.2412215	.2569442	0
556.15	0	.5018104	.2412753	.2569143	0
555.15	0	.5017865	.2413291	.2568843	0
554.15	0	.5017626	.241383	.2568545	0
553.15	0	.5017386	.2414369	.2568246	0
552.15	0	.5017145	.2414907	.2567948	0
551.15	0	.5016904	.2415446	.256765	0
550.15	0	.5016663	.2415985	.2567352	0
549.15	0	.5016421	.2416525	.2567055	0
548.15	0	.5016179	.2417064	.2566757	0
547.15	0	.5015936	.2417603	.2566461	0
546.15	0	.5015693	.2418143	.2566164	0
545.15	0	.501545	.2418682	.2565868	0
544.15	0	.5015206	.2419221	.2565573	0
543.15	0	.5014962	.2419761	.2565277	0
542.15	0	.5014718	.24203	.2564982	0
541.15	0	.5014473	.2420839	.2564687	0
540.15	0	.5014228	.2421379	.2564393	0
539.15	0	.5013983	.2421918	.2564099	0
538.15	0	.5013737	.2422457	.2563806	0
537.15	0	.5013491	.2422996	.2563513	0
536.15	0	.5013245	.2423535	.256322	0
535.15	0	.5012999	.2424074	.2562928	0
534.15	0	.5012752	.2424612	.2562636	0
533.15	0	.5012505	.2425151	.2562344	0
532.15	0	.5012258	.2425689	.2562053	0
531.15	0	.5012011	.2426227	.2561762	0
530.15	0	.5011763	.2426765	.2561472	0
529.15	0	.5011515	.2427302	.2561182	0
528.15	0	.5011267	.242784	.2560893	0
527.15	0	.5011019	.2428377	.2560604	0
526.15	0	.5010771	.2428914	.2560315	0
525.15	0	.5010522	.242945	.2560027	0
524.15	0	.5010274	.2429987	.255974	0
523.15	0	.5010025	.2430522	.2559453	0
522.15	0	.5009776	.2431058	.2559166	0
521.15	0	.5009527	.2431593	.255888	0
520.15	0	.5009278	.2432128	.2558594	0
519.15	0	.5009028	.2432663	.2558309	0
518.15	0	.5008779	.2433197	.2558024	0
517.15	0	.5008529	.243373	.255774	0
516.15	0	.500828	.2434264	.2557456	0
515.15	0	.500803	.2434797	.2557173	0
514.15	0	.500778	.2435329	.2556891	0
513.15	0	.5007531	.2435861	.2556609	0
512.15	0	.5007281	.2436392	.2556327	0
511.15	0	.5007031	.2436923	.2556046	0
510.15	0	.5006781	.2437454	.2555765	0
509.15	0	.5006531	.2437984	.2555485	0
508.15	0	.5006281	.2438513	.2555206	0
507.15	0	.5006031	.2439042	.2554927	0
506.15	0	.5005781	.243957	.2554649	0
505.15	0	.5005531	.2440098	.2554371	0
504.15	0	.5005283	.2440625	.2554093	0
503.15	0	.5005033	.2441151	.2553816	0
502.15	0	.5004783	.2441677	.255354	0
501.15	0	.5004533	.2442202	.2553265	0
500.15	0	.5004283	.2442727	.255299	0
499.15	0	.5004034	.2443251	.2552716	0
498.15	0	.5003784	.2443774	.2552442	0
497.15	0	.5003535	.2444297	.2552169	0
496.15	0	.5003285	.2444818	.2551896	0
495.15	0	.5003036	.244534	.2551625	0
494.15	0	.5002786	.244586	.2551354	0
493.15	0	.5002537	.244638	.2551083	0
492.15	0	.5002288	.2446899	.2550813	0
491.15	0	.5002039	.2447417	.2550544	0
490.15	0	.500179	.2447934	.2550275	0
489.15	0	.5001542	.2448451	.2550007	0
488.15	0	.5001293	.2448967	.254974	0
487.15	0	.5001045	.2449482	.2549473	0
486.15	0	.5000797	.2449996	.2549207	0
485.15	0	.5000549	.2450509	.2548942	0
484.15	0	.5000301	.2451022	.2548678	0
483.15	0	.5000053	.2451534	.2548414	0
482.15	0	.4999805	.2452044	.254815	0
481.15	0	.4999558	.2452554	.2547888	0
480.15	0	.4999311	.2453063	.2547626	0
479.15	0	.4999064	.2453571	.2547365	0
478.15	0	.4998817	.2454079	.2547104	0
477.15	0	.4998571	.2454585	.2546845	0
476.15	0	.4998324	.245509	.2546586	0
475.15	0	.4998078	.2455594	.2546327	0
474.15	0	.4997832	.2456098	.254607	0
473.15	0	.4997587	.24566	.2545813	0
472.15	0	.4997341	.2457102	.2545557	0
471.15	0	.4997096	.2457602	.2545302	0
470.15	0	.4996852	.2458102	.2545047	0
469.15	0	.4996607	.24586	.2544793	0
468.15	0	.4996363	.2459097	.254454	0
467.15	0	.4996119	.2459594	.2544288	0
466.15	0	.4995875	.2460089	.2544036	0
465.15	0	.4995632	.2460583	.2543785	0
464.15	0	.4995388	.2461076	.2543535	0
463.15	0	.4995146	.2461568	.2543286	0
462.15	0	.4994903	.2462059	.2543038	0
461.15	0	.4994661	.2462549	.254279	0
460.15	0	.4994419	.2463038	.2542543	0
459.15	0	.4994178	.2463525	.2542297	0
458.15	0	.4993936	.2464012	.2542052	0
457.15	0	.4993696	.2464497	.2541807	0
456.15	0	.4993455	.2464981	.2541564	0
455.15	0	.4993215	.2465464	.2541321	0
454.15	0	.4992975	.2465946	.2541079	0
453.15	0	.4992736	.2466427	.2540838	0
452.15	0	.4992496	.2466906	.2540598	0
451.15	0	.4992258	.2467384	.2540358	0
450.15	0	.4992019	.2467861	.2540119	0
449.15	0	.4991782	.2468337	.2539882	0
448.15	0	.4991544	.2468811	.2539645	0
447.15	0	.4991308	.2469284	.2539409	0
446.15	0	.4991071	.2469755	.2539174	0
445.15	0	.4990836	.2470225	.253894	0
444.15	0	.49906	.2470693	.2538706	0
443.15	0	.4990366	.247116	.2538474	0
442.15	0	.4990131	.2471626	.2538243	0
441.15	0	.4989898	.247209	.2538012	0
440.15	0	.4989665	.2472552	.2537783	0
439.15	0	.4989433	.2473013	.2537555	0
438.15	0	.4989201	.2473472	.2537327	0
437.15	0	.4988971	.2473929	.2537101	0
436.15	0	.498874	.2474384	.2536875	0
435.15	0	.4988511	.2474838	.2536651	0
434.15	0	.4988283	.247529	.2536428	0
433.15	0	.4988055	.247574	.2536206	0
432.15	0	.4987828	.2476188	.2535984	0
431.15	0	.4987602	.2476634	.2535764	0
430.15	0	.4987376	.2477078	.2535545	0
429.15	0	.4987152	.2477521	.2535327	0
428.15	0	.4986928	.2477961	.2535111	0
427.15	0	.4986706	.2478399	.2534895	0
426.15	0	.4986484	.2478836	.253468	0
425.15	0	.4986263	.247927	.2534467	0
