T	 BPW(LIQUID)	BPW(BCC_A2)	BPW(FCC_A1)	BPW(LAVES_PHASE_C14)	BPW(NI3TI)
1473.15	.5248624	.4751376	0	0	0
1472.15	.5214035	.4785965	0	0	0
1471.15	.5179668	.4820332	0	0	0
1470.15	.514552	.485448	0	0	0
1469.15	.5111591	.4888409	0	0	0
1468.15	.5077879	.4922121	0	0	0
1467.15	.5044382	.4955618	0	0	0
1466.15	.5011099	.4988901	0	0	0
1465.15	.4978029	.5021971	0	0	0
1464.15	.494517	.505483	0	0	0
1463.15	.491252	.508748	0	0	0
1462.15	.4880078	.5119922	0	0	0
1461.15	.4847843	.5152157	0	0	0
1460.15	.4815813	.5184187	0	0	0
1459.15	.4783987	.5216013	0	0	0
1458.15	.4752364	.5247636	0	0	0
1457.15	.4720942	.5279058	0	0	0
1456.15	.4689719	.5310281	0	0	0
1455.15	.4658695	.5341305	0	0	0
1454.15	.4627868	.5372132	0	0	0
1453.15	.4597237	.5402763	0	0	0
1452.15	.45668	.54332	0	0	0
1451.15	.4536556	.5463444	0	0	0
1450.15	.4506504	.5493496	0	0	0
1449.15	.4476642	.5523358	0	0	0
1448.15	.444697	.555303	0	0	0
1447.15	.4417485	.5582515	0	0	0
1446.15	.4388188	.5611813	0	0	0
1445.15	.4359075	.5640925	0	0	0
1444.15	.4330147	.5669853	0	0	0
1443.15	.4301402	.5698598	0	0	0
1442.15	.4272838	.5727162	0	0	0
1441.15	.4244455	.5755545	0	0	0
1440.15	.4216252	.5783748	0	0	0
1439.15	.4188226	.5811774	0	0	0
1438.15	.4160377	.5839623	0	0	0
1437.15	.4132704	.5867296	0	0	0
1436.15	.4105206	.5894794	0	0	0
1435.15	.4077881	.5922119	0	0	0
1434.15	.4050728	.5949272	0	0	0
1433.15	.4023746	.5976254	0	0	0
1432.15	.3996935	.6003065	0	0	0
1431.15	.3970292	.6029708	0	0	0
1430.15	.3943817	.6056183	0	0	0
1429.15	.3917508	.6082492	0	0	0
1428.15	.3891365	.6108635	0	0	0
1427.15	.3865387	.6134614	0	0	0
1426.15	.3839571	.6160429	0	0	0
1425.15	.3813918	.6186082	0	0	0
1424.15	.3788426	.6211574	0	0	0
1423.15	.3763094	.6236906	0	0	0
1422.15	.3737922	.6262079	0	0	0
1421.15	.3712907	.6287093	0	0	0
1420.15	.3688049	.6311951	0	0	0
1419.15	.3663347	.6336653	0	0	0
1418.15	.36388	.63612	0	0	0
1417.15	.3614406	.6385594	0	0	0
1416.15	.3590166	.6409834	0	0	0
1415.15	.3566077	.6433923	0	0	0
1414.15	.354214	.6457861	0	0	0
1413.15	.3518352	.6481648	0	0	0
1412.15	.3494713	.6505287	0	0	0
1411.381	.3476638	.6523362	0	0	0
1411.381	.3476638	.6523362	0	0	0
1411.381	.3476638	.6523362	0	0	0
1411.15	.34679	.6528792	0	3.308663E-04	0
1410.15	.3430364	.6552094	0	.001754226	0
1409.15	.339326	.6575091	0	.003164853	0
1408.15	.3356579	.6597791	0	.004562979	0
1407.15	.3320315	.6620197	0	.005948829	0
1406.15	.3284458	.6642315	0	.00732262	0
1405.15	.3249004	.6664151	0	.008684569	0
1404.15	.3213944	.6685708	0	.01003488	0
1403.15	.3179271	.6706991	0	.01137377	0
1402.15	.3144979	.6728006	0	.01270143	0
1401.15	.3111062	.6748757	0	.01401805	0
1400.15	.3077513	.6769249	0	.01532383	0
1399.15	.3044326	.6789485	0	.01661895	0
1398.15	.3011494	.680947	0	.0179036	0
1397.15	.2979013	.6829208	0	.01917796	0
1396.15	.2946875	.6848704	0	.02044219	0
1395.15	.2915075	.6867961	0	.02169647	0
1394.15	.2883607	.6886983	0	.02294097	0
1393.15	.2852467	.6905775	0	.02417585	0
1392.15	.2821648	.6924339	0	.02540127	0
1391.15	.2791146	.694268	0	.02661739	0
1390.15	.2760955	.6960802	0	.02782435	0
1389.15	.273107	.6978707	0	.02902232	0
1388.15	.2701486	.69964	0	.03021142	0
1387.15	.2672199	.7013883	0	.03139182	0
1386.15	.2643204	.703116	0	.03256364	0
1385.15	.2614495	.7048234	0	.03372703	0
1384.15	.258607	.7065109	0	.03488212	0
1383.15	.2557922	.7081788	0	.03602904	0
1382.15	.2530048	.7098273	0	.03716792	0
1381.15	.2502443	.7114568	0	.03829888	0
1380.15	.2475104	.7130676	0	.03942206	0
1379.15	.2448025	.7146599	0	.04053757	0
1378.15	.2421204	.7162341	0	.04164553	0
1377.15	.2394636	.7177903	0	.04274606	0
1376.15	.2368317	.719329	0	.04383926	0
1375.15	.2342244	.7208503	0	.04492526	0
1374.15	.2316413	.7223546	0	.04600416	0
1373.15	.2290819	.723842	0	.04707607	0
1372.15	.2265461	.7253129	0	.04814109	0
1371.15	.2240333	.7267674	0	.04919933	0
1370.15	.2215432	.7282059	0	.05025089	0
1369.15	.2190756	.7296285	0	.05129586	0
1368.15	.2166301	.7310355	0	.05233435	0
1367.15	.2142064	.7324272	0	.05336645	0
1366.15	.2118041	.7338037	0	.05439225	0
1365.15	.2094229	.7351653	0	.05541184	0
1364.15	.2070625	.7365122	0	.05642532	0
1363.15	.2047227	.7378445	0	.05743277	0
1362.15	.2024031	.7391626	0	.05843428	0
1361.15	.2001034	.7404667	0	.05942993	0
1360.15	.1978234	.7417568	0	.06041981	0
1359.15	.1955627	.7430333	0	.061404	0
1358.15	.1933212	.7442963	0	.06238257	0
1357.15	.1910984	.745546	0	.06335562	0
1356.15	.1888943	.7467826	0	.06432321	0
1355.15	.1867084	.7480062	0	.06528541	0
1354.15	.1845405	.7492172	0	.06624232	0
1353.15	.1823905	.7504156	0	.06719399	0
1352.15	.1802579	.7516016	0	.0681405	0
1351.15	.1781427	.7527754	0	.06908192	0
1350.15	.1760445	.7539372	0	.07001831	0
1349.15	.1739632	.7550871	0	.07094976	0
1348.15	.1718985	.7562252	0	.07187632	0
1347.15	.1698501	.7573519	0	.07279806	0
1346.15	.1678178	.7584671	0	.07371504	0
1345.15	.1658015	.7595712	0	.07462733	0
1344.15	.1638009	.7606641	0	.07553498	0
1343.15	.1618158	.7617461	0	.07643807	0
1342.15	.159846	.7628174	0	.07733665	0
1341.15	.1578913	.763878	0	.07823078	0
1340.15	.1559514	.764928	0	.07912051	0
1339.15	.1540263	.7659678	0	.08000591	0
1338.15	.1521156	.7669974	0	.08088702	0
1337.15	.1502193	.7680168	0	.08176391	0
1336.15	.148337	.7690264	0	.08263663	0
1335.15	.1464687	.7700261	0	.08350523	0
1334.15	.1446141	.7710161	0	.08436977	0
1333.15	.1427731	.7719966	0	.08523029	0
1332.15	.1409455	.7729676	0	.08608685	0
1331.15	.1391311	.7739294	0	.08693949	0
1330.15	.1373298	.774882	0	.08778826	0
1329.15	.1355413	.7758255	0	.08863322	0
1328.15	.1337656	.77676	0	.08947441	0
1327.15	.1320024	.7776858	0	.09031188	0
1326.15	.1302516	.7786028	0	.09114566	0
1325.15	.128513	.7795112	0	.09197582	0
1324.15	.1267865	.7804111	0	.09280238	0
1323.15	.1250719	.7813027	0	.0936254	0
1323.017	.1248442	.781421	0	.09373489	0
1323.017	.1248442	.781421	0	.09373489	0
1323.017	.1248442	.781421	0	.09373489	0
1322.15	.1176159	.7783157	.008886135	.0951823	0
1321.15	.1092932	.7748023	.01906825	.09683627	0
1320.15	.1009893	.7713626	.02917488	.09847315	0
1319.15	.09270354	.7679961	.03920717	.1000932	0
1318.15	.08443526	.7647018	.04916625	.1016967	0
1317.15	.07618394	.7614791	.05905321	.1032837	0
1316.15	.06794899	.7583272	.06886913	.1048547	0
1315.15	.05972986	.7552453	.07861506	.1064098	0
1314.15	.051526	.7522328	.08829207	.1079492	0
1313.15	.0433369	.7492889	.09790116	.1094731	0
1312.15	.035162	.7464129	.1074434	.1109818	0
1311.15	.02700082	.7436041	.1169196	.1124754	0
1310.15	.01885283	.7408619	.126331	.1139543	0
1309.15	.01071755	.7381857	.1356783	.1154185	0
1308.15	.002594498	.7355746	.1449626	.1168682	0
1307.83	0	.7347535	.1479178	.1173287	0
1307.83	0	.7347535	.1479178	.1173287	0
1307.15	0	.733743	.1485753	.1176817	0
1306.15	0	.7322613	.1495393	.1181994	0
1305.15	0	.730784	.1505005	.1187156	0
1304.15	0	.7293109	.1514587	.1192304	0
1303.15	0	.7278422	.1524141	.1197437	0
1302.15	0	.7263778	.1533665	.1202557	0
1301.15	0	.7249177	.1543161	.1207662	0
1300.15	0	.7234618	.1552629	.1212754	0
1299.15	0	.7220102	.1562067	.1217831	0
1298.15	0	.7205629	.1571477	.1222894	0
1297.15	0	.7191198	.1580858	.1227943	0
1296.15	0	.717681	.1590211	.1232979	0
1295.15	0	.7162464	.1599536	.1238001	0
1294.15	0	.7148159	.1608832	.1243009	0
1293.15	0	.7133897	.16181	.1248003	0
1292.15	0	.7119677	.1627339	.1252984	0
1291.15	0	.7105499	.163655	.1257951	0
1290.15	0	.7091362	.1645733	.1262905	0
1289.15	0	.7077267	.1654888	.1267845	0
1288.15	0	.7063213	.1664015	.1272772	0
1287.15	0	.7049201	.1673114	.1277685	0
1286.15	0	.703523	.1682185	.1282585	0
1285.15	0	.70213	.1691228	.1287472	0
1284.15	0	.7007411	.1700243	.1292346	0
1283.15	0	.6993563	.1709231	.1297207	0
1282.15	0	.6979756	.171819	.1302054	0
1281.15	0	.6965989	.1727122	.1306889	0
1280.15	0	.6952263	.1736027	.131171	0
1279.15	0	.6938578	.1744903	.1316519	0
1278.15	0	.6924933	.1753753	.1321314	0
1277.15	0	.6911329	.1762574	.1326097	0
1276.15	0	.6897764	.1771368	.1330867	0
1275.15	0	.688424	.1780135	.1335625	0
1274.15	0	.6870756	.1788875	.1340369	0
1273.15	0	.6857312	.1797587	.1345101	0
1272.15	0	.6843908	.1806272	.1349821	0
1271.15	0	.6830543	.1814929	.1354528	0
1270.15	0	.6817218	.182356	.1359222	0
1269.15	0	.6803933	.1832163	.1363904	0
1268.15	0	.6790687	.1840739	.1368574	0
1267.15	0	.6777481	.1849288	.1373231	0
1266.15	0	.6764314	.185781	.1377876	0
1265.15	0	.6751186	.1866305	.1382509	0
1264.15	0	.6738097	.1874773	.138713	0
1263.15	0	.6725047	.1883215	.1391738	0
1262.15	0	.6712037	.1891629	.1396334	0
1261.15	0	.6699065	.1900017	.1400918	0
1260.15	0	.6686131	.1908378	.1405491	0
1259.15	0	.6673237	.1916712	.1410051	0
1258.15	0	.6660381	.192502	.14146	0
1257.15	0	.6647564	.19333	.1419136	0
1256.15	0	.6634785	.1941555	.1423661	0
1255.15	0	.6622044	.1949782	.1428174	0
1254.15	0	.6609342	.1957983	.1432675	0
1253.15	0	.6596678	.1966158	.1437164	0
1252.15	0	.6584052	.1974306	.1441642	0
1251.15	0	.6571464	.1982428	.1446108	0
1250.15	0	.6558914	.1990523	.1450563	0
1249.15	0	.6546402	.1998592	.1455006	0
1248.15	0	.6533928	.2006635	.1459438	0
1247.15	0	.6521491	.2014651	.1463858	0
1246.15	0	.6509092	.2022641	.1468267	0
1245.15	0	.6496731	.2030605	.1472665	0
1244.15	0	.6484407	.2038542	.1477051	0
1243.15	0	.647212	.2046454	.1481426	0
1242.15	0	.6459871	.2054339	.148579	0
1241.15	0	.644766	.2062198	.1490142	0
1240.15	0	.6435485	.2070031	.1494484	0
1239.15	0	.6423347	.2077838	.1498814	0
1238.15	0	.6411247	.2085619	.1503134	0
1237.15	0	.6399184	.2093374	.1507442	0
1236.15	0	.6387157	.2101104	.1511739	0
1235.15	0	.6375168	.2108807	.1516026	0
1234.15	0	.6363215	.2116484	.1520301	0
1233.15	0	.6351299	.2124135	.1524566	0
1232.15	0	.6339419	.2131761	.152882	0
1231.15	0	.6327576	.2139361	.1533063	0
1230.15	0	.631577	.2146934	.1537295	0
1229.15	0	.6304	.2154482	.1541517	0
1228.15	0	.6292267	.2162005	.1545728	0
1227.15	0	.628057	.2169501	.1549929	0
1226.15	0	.6268909	.2176972	.1554119	0
1225.15	0	.6257284	.2184418	.1558298	0
1224.15	0	.6245696	.2191837	.1562467	0
1223.15	0	.6234144	.2199231	.1566625	0
1222.15	0	.6222627	.2206599	.1570773	0
1221.15	0	.6211147	.2213942	.1574911	0
1220.15	0	.6199703	.2221259	.1579038	0
1219.15	0	.6188294	.2228551	.1583155	0
1218.15	0	.6176921	.2235817	.1587262	0
1217.15	0	.6165584	.2243057	.1591358	0
1216.15	0	.6154283	.2250273	.1595445	0
1215.15	0	.6143017	.2257462	.1599521	0
1214.15	0	.6131787	.2264626	.1603587	0
1213.15	0	.6120593	.2271765	.1607642	0
1212.15	0	.6109434	.2278878	.1611688	0
1211.15	0	.609831	.2285966	.1615724	0
1210.15	0	.6087222	.2293028	.161975	0
1209.15	0	.6076169	.2300066	.1623766	0
1208.15	0	.6065151	.2307077	.1627772	0
1207.15	0	.6054169	.2314064	.1631768	0
1206.15	0	.6043221	.2321025	.1635754	0
1205.15	0	.6032309	.232796	.163973	0
1204.15	0	.6021432	.2334871	.1643697	0
1203.15	0	.601059	.2341756	.1647654	0
1202.15	0	.5999783	.2348616	.1651601	0
1201.15	0	.5989011	.235545	.1655539	0
1200.15	0	.5978274	.236226	.1659467	0
1199.15	0	.5967572	.2369044	.1663385	0
1198.15	0	.5956904	.2375802	.1667293	0
1197.15	0	.5946271	.2382536	.1671193	0
1196.15	0	.5935673	.2389244	.1675082	0
1195.15	0	.592511	.2395928	.1678962	0
1194.15	0	.5914581	.2402585	.1682833	0
1193.15	0	.5904087	.2409218	.1686694	0
1192.15	0	.5893628	.2415826	.1690546	0
1191.15	0	.5883203	.2422408	.1694389	0
1190.15	0	.5872812	.2428965	.1698222	0
1189.15	0	.5862456	.2435498	.1702046	0
1188.15	0	.5852135	.2442005	.1705861	0
1187.15	0	.5841847	.2448486	.1709666	0
1186.15	0	.5831594	.2454943	.1713463	0
1185.15	0	.5821376	.2461374	.171725	0
1184.15	0	.5811191	.2467781	.1721028	0
1183.15	0	.5801041	.2474162	.1724797	0
1182.15	0	.5790925	.2480518	.1728557	0
1181.15	0	.5780844	.2486849	.1732307	0
1180.15	0	.5770796	.2493155	.1736049	0
1179.15	0	.5760783	.2499436	.1739782	0
1178.15	0	.5750803	.2505691	.1743506	0
1177.15	0	.5740858	.2511922	.1747221	0
1176.15	0	.5730947	.2518127	.1750927	0
1175.15	0	.5721069	.2524307	.1754624	0
1174.15	0	.5711226	.2530462	.1758312	0
1173.15	0	.5701416	.2536592	.1761992	0
1172.15	0	.5691641	.2542697	.1765662	0
1171.15	0	.5681899	.2548777	.1769324	0
1170.15	0	.5672192	.2554831	.1772977	0
1169.15	0	.5662518	.2560861	.1776622	0
1168.15	0	.5652878	.2566865	.1780258	0
1167.15	0	.5643271	.2572844	.1783885	0
1166.15	0	.5633699	.2578798	.1787504	0
1165.15	0	.562416	.2584727	.1791114	0
1164.15	0	.5614655	.259063	.1794715	0
1163.15	0	.5605184	.2596509	.1798308	0
1162.15	0	.5595746	.2602362	.1801892	0
1161.15	0	.5586342	.260819	.1805468	0
1160.15	0	.5576971	.2613993	.1809036	0
1159.15	0	.5567635	.2619771	.1812594	0
1158.15	0	.5558332	.2625523	.1816145	0
1157.15	0	.5549062	.2631251	.1819687	0
1156.15	0	.5539826	.2636953	.1823221	0
1155.15	0	.5530624	.2642629	.1826747	0
1154.15	0	.5521455	.2648281	.1830264	0
1153.15	0	.5512319	.2653908	.1833773	0
1152.15	0	.5503218	.2659509	.1837274	0
1151.15	0	.5494149	.2665085	.1840766	0
1150.15	0	.5485115	.2670635	.184425	0
1149.15	0	.5476114	.267616	.1847726	0
1148.15	0	.5467146	.268166	.1851194	0
1147.15	0	.5458211	.2687134	.1854654	0
1146.15	0	.5449311	.2692584	.1858106	0
1145.15	0	.5440443	.2698007	.1861549	0
1144.15	0	.5431609	.2703406	.1864985	0
1143.15	0	.5422809	.2708779	.1868412	0
1142.15	0	.5414042	.2714126	.1871832	0
1141.15	0	.5405308	.2719449	.1875243	0
1140.15	0	.5396608	.2724745	.1878647	0
1139.15	0	.5387941	.2730017	.1882042	0
1138.15	0	.5379308	.2735262	.188543	0
1137.15	0	.5370708	.2740483	.188881	0
1136.15	0	.5362141	.2745677	.1892181	0
1135.15	0	.5353608	.2750847	.1895545	0
1134.15	0	.5345108	.275599	.1898902	0
1133.15	0	.5336642	.2761108	.190225	0
1132.15	0	.5328209	.2766201	.190559	0
1131.15	0	.5319809	.2771268	.1908923	0
1130.15	0	.5311443	.2776309	.1912248	0
1129.15	0	.5303111	.2781324	.1915565	0
1128.15	0	.5294811	.2786314	.1918875	0
1127.15	0	.5286545	.2791278	.1922177	0
1126.15	0	.5278313	.2796216	.1925471	0
1125.15	0	.5270114	.2801129	.1928758	0
1124.15	0	.5261948	.2806016	.1932036	0
1123.15	0	.5253816	.2810877	.1935308	0
1122.15	0	.5245717	.2815712	.1938571	0
1121.15	0	.5237652	.2820521	.1941828	0
1120.15	0	.522962	.2825304	.1945076	0
1119.15	0	.5221622	.2830061	.1948317	0
1118.15	0	.5213657	.2834793	.1951551	0
1117.15	0	.5205725	.2839498	.1954777	0
1116.15	0	.5197827	.2844177	.1957995	0
1115.15	0	.5189963	.2848831	.1961206	0
1114.15	0	.5182132	.2853458	.196441	0
1113.15	0	.5174335	.2858059	.1967606	0
1112.15	0	.5166571	.2862634	.1970795	0
1111.15	0	.5158841	.2867183	.1973976	0
1110.15	0	.5151145	.2871705	.1977151	0
1109.15	0	.5143482	.2876201	.1980317	0
1108.15	0	.5135852	.2880671	.1983477	0
1107.15	0	.5128257	.2885115	.1986629	0
1106.15	0	.5120695	.2889532	.1989773	0
1105.15	0	.5113166	.2893923	.1992911	0
1104.15	0	.5105672	.2898287	.1996041	0
1103.15	0	.5098211	.2902625	.1999164	0
1102.15	0	.5090784	.2906937	.200228	0
1101.15	0	.508339	.2911222	.2005388	0
1100.15	0	.5076031	.291548	.2008489	0
1099.15	0	.5068705	.2919712	.2011584	0
1098.15	0	.5061413	.2923917	.201467	0
1097.15	0	.5054155	.2928095	.201775	0
1096.15	0	.5046931	.2932246	.2020823	0
1095.15	0	.503974	.2936371	.2023888	0
1094.15	0	.5032584	.2940469	.2026947	0
1093.15	0	.5025462	.294454	.2029998	0
1092.15	0	.5018374	.2948584	.2033042	0
1091.15	0	.5011319	.2952602	.2036079	0
1090.15	0	.5004299	.2956592	.2039109	0
1089.15	0	.4997313	.2960555	.2042132	0
1088.15	0	.4990361	.2964491	.2045148	0
1087.15	0	.4983443	.29684	.2048157	0
1086.15	0	.4976559	.2972282	.2051159	0
1085.15	0	.496971	.2976136	.2054154	0
1084.15	0	.4962895	.2979964	.2057142	0
1083.15	0	.4956114	.2983763	.2060123	0
1082.15	0	.4949367	.2987536	.2063097	0
1081.15	0	.4942655	.2991281	.2066064	0
1080.15	0	.4935978	.2994999	.2069024	0
1079.15	0	.4929334	.2998689	.2071977	0
1078.15	0	.4922726	.3002351	.2074923	0
1077.15	0	.4916151	.3005986	.2077863	0
1076.15	0	.4909612	.3009593	.2080795	0
1075.15	0	.4903107	.3013173	.2083721	0
1074.15	0	.4896636	.3016724	.208664	0
1073.15	0	.48902	.3020248	.2089551	0
1072.15	0	.4883799	.3023744	.2092456	0
1071.15	0	.4877433	.3027212	.2095355	0
1070.15	0	.4871102	.3030652	.2098246	0
1069.15	0	.4864805	.3034064	.2101131	0
1068.15	0	.4858544	.3037448	.2104008	0
1067.15	0	.4852317	.3040804	.2106879	0
1066.15	0	.4846126	.3044131	.2109743	0
1065.15	0	.4839969	.304743	.2112601	0
1064.15	0	.4833848	.3050701	.2115451	0
1063.15	0	.4827762	.3053944	.2118295	0
1062.15	0	.4821711	.3057158	.2121132	0
1061.15	0	.4815695	.3060343	.2123962	0
1060.15	0	.4809715	.30635	.2126786	0
1059.15	0	.480377	.3066628	.2129602	0
1058.15	0	.479786	.3069728	.2132412	0
1057.15	0	.4791986	.3072799	.2135215	0
1056.15	0	.4786148	.307584	.2138012	0
1055.15	0	.4780345	.3078854	.2140802	0
1054.15	0	.4774577	.3081838	.2143585	0
1053.15	0	.4768846	.3084793	.2146361	0
1052.15	0	.476315	.3087719	.2149131	0
1051.15	0	.475749	.3090616	.2151894	0
1050.15	0	.4751866	.3093484	.215465	0
1049.15	0	.4746278	.3096322	.21574	0
1048.15	0	.4740726	.3099132	.2160143	0
1047.15	0	.473521	.3101911	.2162879	0
1046.15	0	.472973	.3104662	.2165608	0
1045.15	0	.4724286	.3107382	.2168331	0
1044.15	0	.4718879	.3110074	.2171047	0
1043.15	0	.4713508	.3112735	.2173757	0
1042.15	0	.4708173	.3115367	.217646	0
1041.15	0	.4702875	.3117969	.2179156	0
1040.15	0	.4697613	.3120542	.2181845	0
1039.15	0	.4692388	.3123084	.2184528	0
1038.15	0	.46872	.3125596	.2187204	0
1037.15	0	.4682048	.3128078	.2189874	0
1036.15	0	.4676933	.3130531	.2192536	0
1035.15	0	.4671855	.3132953	.2195192	0
1034.15	0	.4666814	.3135344	.2197842	0
1033.15	0	.466181	.3137706	.2200485	0
1032.15	0	.4656843	.3140037	.2203121	0
1031.15	0	.4651913	.3142337	.220575	0
1030.15	0	.464702	.3144607	.2208373	0
1029.15	0	.4642165	.3146846	.2210989	0
1028.15	0	.4637347	.3149055	.2213598	0
1027.15	0	.4632566	.3151233	.2216201	0
1026.15	0	.4627823	.315338	.2218797	0
1025.15	0	.4623118	.3155496	.2221386	0
1024.15	0	.461845	.3157581	.2223969	0
1023.15	0	.461382	.3159635	.2226545	0
1022.15	0	.4609228	.3161658	.2229114	0
1021.15	0	.4604673	.316365	.2231677	0
1020.15	0	.4600157	.316561	.2234233	0
1019.15	0	.4595679	.316754	.2236782	0
1018.15	0	.4591239	.3169437	.2239324	0
1017.15	0	.4586837	.3171304	.224186	0
1016.15	0	.4582473	.3173139	.2244389	0
1015.15	0	.4578147	.3174942	.2246911	0
1014.15	0	.457386	.3176713	.2249426	0
1013.15	0	.4569612	.3178453	.2251935	0
1012.15	0	.4565402	.3180161	.2254437	0
1011.15	0	.4561231	.3181837	.2256932	0
1010.15	0	.4557099	.3183481	.225942	0
1009.15	0	.4553005	.3185093	.2261902	0
1008.15	0	.454895	.3186673	.2264376	0
1007.15	0	.4544935	.3188221	.2266844	0
1006.15	0	.4540958	.3189737	.2269305	0
1005.15	0	.4537021	.319122	.2271759	0
1004.15	0	.4533123	.3192671	.2274207	0
1003.15	0	.4529264	.3194089	.2276647	0
1002.15	0	.4525444	.3195475	.2279081	0
1001.15	0	.4521664	.3196828	.2281507	0
1000.15	0	.4517924	.3198149	.2283927	0
999.15	0	.4514223	.3199437	.228634	0
998.15	0	.4510562	.3200692	.2288746	0
997.15	0	.4506941	.3201914	.2291145	0
996.15	0	.450336	.3203104	.2293537	0
995.15	0	.4499818	.320426	.2295922	0
994.15	0	.4496317	.3205384	.22983	0
993.15	0	.4492856	.3206474	.230067	0
992.15	0	.4489435	.3207531	.2303034	0
991.15	0	.4486054	.3208555	.2305391	0
990.15	0	.4482714	.3209546	.2307741	0
989.15	0	.4479414	.3210503	.2310084	0
988.15	0	.4476154	.3211427	.2312419	0
987.15	0	.4472936	.3212317	.2314747	0
986.15	0	.4469758	.3213174	.2317068	0
985.15	0	.446662	.3213997	.2319382	0
984.15	0	.4463524	.3214787	.2321689	0
983.15	0	.4460468	.3215543	.2323989	0
982.15	0	.4457453	.3216266	.2326281	0
981.15	0	.445448	.3216954	.2328566	0
980.15	0	.4451547	.3217609	.2330843	0
979.15	0	.4448656	.321823	.2333114	0
978.15	0	.4445806	.3218817	.2335377	0
977.15	0	.4442997	.321937	.2337632	0
976.15	0	.444023	.321989	.233988	0
975.15	0	.4437505	.3220375	.2342121	0
974.15	0	.443482	.3220826	.2344354	0
973.15	0	.4432178	.3221243	.2346579	0
972.15	0	.4429577	.3221626	.2348797	0
971.15	0	.4427018	.3221975	.2351008	0
970.15	0	.44245	.3222289	.2353211	0
969.15	0	.4422025	.322257	.2355406	0
968.15	0	.4419591	.3222816	.2357593	0
967.15	0	.4417199	.3223028	.2359773	0
966.15	0	.441485	.3223205	.2361945	0
965.15	0	.4412542	.3223349	.2364109	0
964.15	0	.4410277	.3223458	.2366265	0
963.15	0	.4408054	.3223533	.2368414	0
962.15	0	.4405873	.3223573	.2370554	0
961.15	0	.4403734	.3223579	.2372687	0
960.15	0	.4401638	.3223551	.2374811	0
959.15	0	.4399584	.3223489	.2376928	0
958.15	0	.4397572	.3223392	.2379036	0
957.15	0	.4395603	.3223261	.2381137	0
956.15	0	.4393676	.3223096	.2383229	0
955.15	0	.4391792	.3222896	.2385312	0
954.15	0	.438995	.3222662	.2387388	0
953.15	0	.4388151	.3222394	.2389455	0
952.15	0	.4386394	.3222092	.2391514	0
951.15	0	.438468	.3221756	.2393564	0
950.15	0	.4383009	.3221385	.2395606	0
949.15	0	.438138	.3220981	.239764	0
948.15	0	.4379793	.3220542	.2399665	0
947.15	0	.437825	.322007	.2401681	0
946.15	0	.4376749	.3219563	.2403688	0
945.15	0	.437529	.3219023	.2405687	0
944.15	0	.4373875	.3218449	.2407677	0
943.15	0	.4372501	.3217841	.2409658	0
942.15	0	.4371171	.32172	.241163	0
941.15	0	.4369883	.3216525	.2413593	0
940.15	0	.4368637	.3215816	.2415547	0
939.15	0	.4367434	.3215075	.2417491	0
938.15	0	.4366274	.32143	.2419427	0
937.15	0	.4365155	.3213492	.2421353	0
936.15	0	.436408	.321265	.242327	0
935.15	0	.4363046	.3211776	.2425178	0
934.15	0	.4362055	.3210869	.2427076	0
933.15	0	.4361106	.320993	.2428964	0
932.15	0	.4360199	.3208958	.2430843	0
931.15	0	.4359335	.3207954	.2432712	0
930.15	0	.4358512	.3206917	.2434571	0
929.15	0	.4357731	.3205849	.243642	0
928.15	0	.4356992	.3204748	.243826	0
927.15	0	.4356295	.3203616	.2440089	0
926.15	0	.4355639	.3202453	.2441908	0
925.15	0	.4355024	.3201258	.2443717	0
924.15	0	.4354452	.3200033	.2445516	0
923.15	0	.435392	.3198776	.2447304	0
922.15	0	.4353429	.3197489	.2449082	0
921.15	0	.435298	.3196172	.2450849	0
920.15	0	.4352571	.3194824	.2452605	0
919.15	0	.4352202	.3193447	.2454351	0
918.15	0	.4351875	.319204	.2456085	0
917.15	0	.4351587	.3190604	.2457809	0
916.15	0	.4351339	.3189139	.2459522	0
915.15	0	.4351132	.3187645	.2461223	0
914.15	0	.4350964	.3186123	.2462913	0
913.15	0	.4350835	.3184574	.2464591	0
912.15	0	.4350746	.3182996	.2466258	0
911.15	0	.4350695	.3181391	.2467913	0
910.15	0	.4350684	.317976	.2469557	0
909.15	0	.435071	.3178101	.2471188	0
908.15	0	.4350775	.3176417	.2472808	0
907.15	0	.4350878	.3174707	.2474415	0
906.15	0	.4351018	.3172972	.247601	0
905.15	0	.4351196	.3171212	.2477592	0
904.15	0	.435141	.3169428	.2479162	0
903.15	0	.4351661	.316762	.2480719	0
902.15	0	.4351948	.3165789	.2482263	0
901.15	0	.4352271	.3163935	.2483794	0
900.15	0	.435263	.3162059	.2485312	0
899.15	0	.4353023	.316016	.2486816	0
898.15	0	.4353451	.3158241	.2488307	0
897.15	0	.4353914	.3156302	.2489785	0
896.15	0	.435441	.3154342	.2491248	0
895.15	0	.4354939	.3152363	.2492698	0
894.15	0	.4355501	.3150366	.2494133	0
893.15	0	.4356095	.3148351	.2495554	0
892.15	0	.4356721	.3146319	.249696	0
891.15	0	.4357379	.314427	.2498352	0
890.15	0	.4358067	.3142205	.2499728	0
889.15	0	.4358785	.3140126	.250109	0
888.15	0	.4359532	.3138032	.2502436	0
887.15	0	.4360309	.3135925	.2503766	0
886.15	0	.4361113	.3133806	.2505081	0
885.15	0	.4361945	.3131676	.2506379	0
884.15	0	.4362804	.3129534	.2507662	0
883.15	0	.4363689	.3127384	.2508928	0
882.15	0	.4364599	.3125224	.2510177	0
881.15	0	.4365534	.3123057	.2511409	0
880.15	0	.4366492	.3120884	.2512624	0
879.15	0	.4367474	.3118705	.2513821	0
878.15	0	.4368477	.3116522	.2515001	0
877.15	0	.4369502	.3114336	.2516162	0
876.15	0	.4370547	.3112148	.2517305	0
875.15	0	.4371611	.3109959	.251843	0
874.15	0	.4372693	.3107772	.2519535	0
873.15	0	.4373793	.3105586	.2520621	0
872.15	0	.4374908	.3103404	.2521688	0
871.15	0	.4376039	.3101227	.2522734	0
870.15	0	.4377184	.3099056	.252376	0
869.15	0	.4378341	.3096894	.2524765	0
868.15	0	.437951	.3094741	.2525749	0
867.15	0	.4380689	.30926	.2526711	0
866.15	0	.4381876	.3090472	.2527652	0
865.15	0	.4383071	.308836	.2528569	0
864.15	0	.4384271	.3086264	.2529464	0
863.15	0	.4385477	.3084188	.2530336	0
862.15	0	.4386684	.3082133	.2531183	0
861.15	0	.4387893	.3080101	.2532006	0
860.15	0	.4389101	.3078095	.2532804	0
859.15	0	.4390306	.3076118	.2533576	0
858.15	0	.4391507	.3074171	.2534322	0
857.15	0	.4392702	.3072257	.2535041	0
856.15	0	.4393888	.307038	.2535733	0
855.15	0	.4395063	.3068541	.2536396	0
854.15	0	.4396225	.3066745	.253703	0
853.15	0	.4397371	.3064995	.2537634	0
852.15	0	.4398499	.3063293	.2538207	0
851.15	0	.4399606	.3061645	.2538749	0
850.15	0	.440069	.3060052	.2539258	0
849.15	0	.4401746	.3058521	.2539734	0
848.15	0	.4402772	.3057054	.2540174	0
847.15	0	.4403764	.3055657	.2540579	0
846.15	0	.4404719	.3054335	.2540946	0
845.15	0	.4405632	.3053093	.2541275	0
844.15	0	.44065	.3051936	.2541564	0
843.15	0	.4407317	.3050872	.2541811	0
842.15	0	.4408079	.3049907	.2542014	0
841.15	0	.440878	.3049047	.2542173	0
840.15	0	.4409415	.3048301	.2542284	0
839.15	0	.4409977	.3047678	.2542346	0
838.15	0	.4410459	.3047186	.2542356	0
837.15	0	.4410853	.3046836	.2542311	0
836.15	0	.4409241	.3049108	.2541651	0
835.15	0	.4406132	.3053367	.2540501	0
834.15	0	.440354	.3057013	.2539447	0
833.15	0	.4401408	.3060117	.2538475	0
832.15	0	.4399689	.3062737	.2537574	0
831.15	0	.439834	.3064924	.2536736	0
830.15	0	.4397325	.3066721	.2535953	0
829.15	0	.4396615	.3068166	.2535219	0
828.15	0	.4396179	.3069291	.2534529	0
827.15	0	.4395996	.3070126	.2533878	0
826.15	0	.4396043	.3070696	.2533261	0
825.15	0	.4396299	.3071024	.2532677	0
824.15	0	.4396749	.307113	.253212	0
823.15	0	.4397376	.3071034	.253159	0
822.15	0	.4398166	.3070751	.2531083	0
821.15	0	.4399106	.3070297	.2530597	0
820.15	0	.4400183	.3069686	.2530131	0
819.15	0	.4401387	.306893	.2529683	0
818.15	0	.4402708	.3068041	.2529251	0
817.15	0	.4404136	.306703	.2528834	0
816.15	0	.4405663	.3065906	.2528431	0
815.15	0	.440728	.3064679	.2528041	0
814.15	0	.4408982	.3063356	.2527662	0
813.15	0	.441076	.3061946	.2527294	0
812.15	0	.4412609	.3060456	.2526935	0
811.15	0	.4414522	.3058891	.2526587	0
810.15	0	.4416495	.3057259	.2526246	0
809.15	0	.4418521	.3055566	.2525913	0
808.15	0	.4420597	.3053815	.2525588	0
807.15	0	.4422718	.3052013	.2525269	0
806.15	0	.4424879	.3050165	.2524957	0
805.15	0	.4427077	.3048273	.252465	0
804.15	0	.4429308	.3046343	.2524348	0
803.15	0	.4431569	.3044379	.2524052	0
802.15	0	.4433857	.3042383	.252376	0
801.15	0	.4436168	.3040359	.2523473	0
800.15	0	.4438501	.303831	.2523189	0
799.15	0	.4440851	.303624	.2522909	0
798.15	0	.4443217	.303415	.2522633	0
797.15	0	.4445597	.3032044	.2522359	0
796.15	0	.4447988	.3029923	.2522089	0
795.15	0	.4450388	.3027791	.2521821	0
794.15	0	.4452796	.3025648	.2521556	0
793.15	0	.4455209	.3023498	.2521293	0
792.15	0	.4457627	.3021341	.2521032	0
791.15	0	.4460046	.301918	.2520773	0
790.15	0	.4462467	.3017017	.2520517	0
789.15	0	.4464887	.3014851	.2520261	0
788.15	0	.4467306	.3012687	.2520008	0
787.15	0	.4469721	.3010523	.2519756	0
786.15	0	.4472132	.3008363	.2519505	0
785.15	0	.4474539	.3006206	.2519255	0
784.15	0	.4476939	.3004055	.2519007	0
783.15	0	.4479332	.3001909	.2518759	0
782.15	0	.4481717	.2999771	.2518512	0
781.15	0	.4484094	.299764	.2518267	0
780.15	0	.4486461	.2995518	.2518022	0
779.15	0	.4488817	.2993405	.2517777	0
778.15	0	.4491163	.2991303	.2517533	0
777.15	0	.4493498	.2989212	.251729	0
776.15	0	.449582	.2987132	.2517048	0
775.15	0	.449813	.2985064	.2516805	0
774.15	0	.4500427	.2983009	.2516563	0
773.15	0	.4502711	.2980967	.2516322	0
772.15	0	.450498	.2978939	.2516081	0
771.15	0	.4507236	.2976925	.2515839	0
770.15	0	.4509476	.2974925	.2515598	0
769.15	0	.4511702	.297294	.2515358	0
768.15	0	.4513913	.2970971	.2515117	0
767.15	0	.4516108	.2969017	.2514876	0
766.15	0	.4518287	.2967078	.2514635	0
765.15	0	.452045	.2965156	.2514395	0
764.15	0	.4522597	.296325	.2514154	0
763.15	0	.4524727	.296136	.2513913	0
762.15	0	.4526841	.2959487	.2513672	0
761.15	0	.4528938	.2957631	.2513431	0
760.15	0	.4531019	.2955792	.251319	0
759.15	0	.4533082	.295397	.2512948	0
758.15	0	.4535128	.2952165	.2512707	0
757.15	0	.4537157	.2950378	.2512465	0
756.15	0	.4539169	.2948608	.2512223	0
755.15	0	.4541164	.2946856	.251198	0
754.15	0	.4543141	.2945121	.2511737	0
753.15	0	.4545101	.2943404	.2511494	0
752.15	0	.4547044	.2941705	.2511251	0
751.15	0	.4548969	.2940023	.2511008	0
750.15	0	.4550877	.2938359	.2510764	0
749.15	0	.4552767	.2936713	.2510519	0
748.15	0	.455464	.2935085	.2510275	0
747.15	0	.4556496	.2933474	.251003	0
746.15	0	.4558334	.2931882	.2509784	0
745.15	0	.4560155	.2930306	.2509538	0
744.15	0	.4561959	.2928749	.2509292	0
743.15	0	.4563746	.2927209	.2509045	0
742.15	0	.4565515	.2925687	.2508798	0
741.15	0	.4567295	.2924161	.2508543	0
740.15	0	.4569028	.2922676	.2508296	0
739.15	0	.4570745	.2921207	.2508048	0
738.15	0	.4572444	.2919756	.25078	0
737.15	0	.4574127	.2918323	.2507551	0
736.15	0	.4575793	.2916906	.2507301	0
735.15	0	.4577443	.2915506	.2507051	0
734.15	0	.4579076	.2914123	.2506801	0
733.15	0	.4580693	.2912758	.250655	0
732.15	0	.4582293	.2911409	.2506298	0
731.15	0	.4583877	.2910076	.2506046	0
730.15	0	.4585445	.290876	.2505794	0
729.15	0	.4586998	.2907461	.2505541	0
728.15	0	.4588534	.2906179	.2505288	0
727.15	0	.4590054	.2904912	.2505034	0
726.15	0	.4591559	.2903662	.2504779	0
725.15	0	.4593048	.2902428	.2504524	0
724.15	0	.4594522	.290121	.2504268	0
723.15	0	.459598	.2900008	.2504012	0
722.15	0	.4597423	.2898821	.2503756	0
721.15	0	.4598851	.2897651	.2503499	0
720.15	0	.4600264	.2896495	.2503241	0
719.15	0	.4601661	.2895356	.2502983	0
718.15	0	.4603045	.2894231	.2502724	0
717.15	0	.4604413	.2893122	.2502465	0
716.15	0	.4605766	.2892029	.2502205	0
715.15	0	.4607105	.289095	.2501945	0
714.15	0	.460843	.2889886	.2501684	0
713.15	0	.4609741	.2888836	.2501423	0
712.15	0	.4611037	.2887802	.2501161	0
711.15	0	.4612319	.2886782	.2500899	0
710.15	0	.4613587	.2885776	.2500636	0
709.15	0	.4614842	.2884785	.2500373	0
708.15	0	.4616083	.2883808	.2500109	0
707.15	0	.461731	.2882845	.2499845	0
706.15	0	.4618524	.2881896	.249958	0
705.15	0	.4619724	.2880961	.2499315	0
704.15	0	.4620911	.2880039	.2499049	0
703.15	0	.4622085	.2879131	.2498783	0
702.15	0	.4623246	.2878237	.2498517	0
701.15	0	.4624395	.2877356	.2498249	0
700.15	0	.462553	.2876488	.2497982	0
699.15	0	.4626653	.2875634	.2497714	0
698.15	0	.4627763	.2874792	.2497445	0
697.15	0	.4628861	.2873963	.2497176	0
696.15	0	.4629946	.2873148	.2496907	0
695.15	0	.4631019	.2872344	.2496637	0
694.15	0	.463208	.2871554	.2496366	0
693.15	0	.4633129	.2870775	.2496095	0
692.15	0	.4634166	.287001	.2495824	0
691.15	0	.4635192	.2869256	.2495552	0
690.15	0	.4636206	.2868514	.249528	0
689.15	0	.4637208	.2867785	.2495007	0
688.15	0	.4638198	.2867067	.2494734	0
687.15	0	.4639178	.2866361	.2494461	0
686.15	0	.4640146	.2865667	.2494187	0
685.15	0	.4641103	.2864984	.2493913	0
684.15	0	.4642049	.2864313	.2493638	0
683.15	0	.4642984	.2863653	.2493363	0
682.15	0	.4643908	.2863005	.2493087	0
681.15	0	.4644822	.2862367	.2492811	0
680.15	0	.4645725	.2861741	.2492535	0
679.15	0	.4646617	.2861125	.2492258	0
678.15	0	.4647499	.286052	.2491981	0
677.15	0	.4648371	.2859926	.2491703	0
676.15	0	.4649232	.2859343	.2491426	0
675.15	0	.4650083	.285877	.2491147	0
674.15	0	.4650924	.2858207	.2490869	0
673.15	0	.4651756	.2857655	.249059	0
672.15	0	.4652577	.2857113	.249031	0
671.15	0	.4653389	.2856581	.2490031	0
670.15	0	.4654191	.2856059	.248975	0
669.15	0	.4654983	.2855547	.248947	0
668.15	0	.4655766	.2855044	.2489189	0
667.15	0	.465654	.2854552	.2488908	0
666.15	0	.4657305	.2854069	.2488627	0
665.15	0	.465806	.2853596	.2488345	0
664.15	0	.4658806	.2853132	.2488063	0
663.15	0	.4659543	.2852677	.2487781	0
662.15	0	.4660271	.2852231	.2487498	0
661.15	0	.466099	.2851795	.2487215	0
660.15	0	.4661701	.2851368	.2486932	0
659.15	0	.4662402	.285095	.2486648	0
658.15	0	.4663096	.285054	.2486364	0
657.15	0	.466378	.285014	.248608	0
656.15	0	.4664457	.2849748	.2485795	0
655.15	0	.4665125	.2849365	.2485511	0
654.15	0	.4665784	.284899	.2485226	0
653.15	0	.4666436	.2848624	.248494	0
652.15	0	.4667079	.2848266	.2484655	0
651.15	0	.4667715	.2847916	.2484369	0
650.15	0	.4668342	.2847575	.2484083	0
649.15	0	.4668962	.2847242	.2483797	0
648.15	0	.4669573	.2846916	.248351	0
647.15	0	.4670177	.2846599	.2483224	0
646.15	0	.4670774	.284629	.2482937	0
645.15	0	.4671363	.2845988	.248265	0
644.15	0	.4671944	.2845694	.2482362	0
643.15	0	.4672518	.2845408	.2482074	0
642.15	0	.4673084	.2845129	.2481787	0
641.15	0	.4673644	.2844857	.2481499	0
640.15	0	.4674196	.2844594	.2481211	0
639.15	0	.4674741	.2844337	.2480922	0
638.15	0	.4675279	.2844088	.2480634	0
637.15	0	.467581	.2843846	.2480345	0
636.15	0	.4676334	.2843611	.2480056	0
635.15	0	.4676851	.2843382	.2479767	0
634.15	0	.4677361	.2843161	.2479478	0
633.15	0	.4677865	.2842947	.2479188	0
632.15	0	.4678361	.284274	.2478899	0
631.15	0	.4678852	.2842539	.2478609	0
630.15	0	.4679335	.2842345	.2478319	0
629.15	0	.4679813	.2842158	.2478029	0
628.15	0	.4680284	.2841977	.2477739	0
627.15	0	.4680748	.2841803	.2477449	0
626.15	0	.4681206	.2841635	.2477159	0
625.15	0	.4681658	.2841473	.2476869	0
624.15	0	.4682104	.2841318	.2476578	0
623.15	0	.4682544	.2841169	.2476287	0
622.15	0	.4682978	.2841026	.2475997	0
621.15	0	.4683405	.2840889	.2475706	0
620.15	0	.4683827	.2840758	.2475415	0
619.15	0	.4684243	.2840633	.2475124	0
618.15	0	.4684653	.2840514	.2474833	0
617.15	0	.4685058	.28404	.2474542	0
616.15	0	.4685456	.2840293	.2474251	0
615.15	0	.4685849	.2840191	.247396	0
614.15	0	.4686237	.2840095	.2473669	0
613.15	0	.4686618	.2840004	.2473377	0
612.15	0	.4686995	.2839919	.2473086	0
611.15	0	.4687366	.283984	.2472795	0
610.15	0	.4687731	.2839765	.2472503	0
609.15	0	.4688092	.2839696	.2472212	0
608.15	0	.4688447	.2839633	.2471921	0
607.15	0	.4688796	.2839574	.2471629	0
606.15	0	.4689141	.2839521	.2471338	0
605.15	0	.4689481	.2839473	.2471047	0
604.15	0	.4689815	.283943	.2470755	0
603.15	0	.4690144	.2839392	.2470464	0
602.15	0	.4690469	.2839359	.2470173	0
601.15	0	.4690788	.2839331	.2469881	0
600.15	0	.4691103	.2839307	.246959	0
599.15	0	.4691413	.2839289	.2469299	0
598.15	0	.4691718	.2839275	.2469008	0
597.15	0	.4692018	.2839265	.2468717	0
596.15	0	.4692314	.2839261	.2468426	0
595.15	0	.4692604	.2839261	.2468135	0
594.15	0	.4692891	.2839265	.2467844	0
593.15	0	.4693173	.2839275	.2467553	0
592.15	0	.469345	.2839288	.2467262	0
591.15	0	.4693723	.2839306	.2466972	0
590.15	0	.4693991	.2839328	.2466681	0
589.15	0	.4694255	.2839354	.2466391	0
588.15	0	.4694515	.2839385	.24661	0
587.15	0	.469477	.283942	.246581	0
586.15	0	.4695021	.2839459	.246552	0
585.15	0	.4695268	.2839502	.246523	0
584.15	0	.4695511	.2839549	.246494	0
583.15	0	.4695749	.28396	.246465	0
582.15	0	.4695984	.2839655	.2464361	0
581.15	0	.4696214	.2839714	.2464071	0
580.15	0	.4696441	.2839777	.2463782	0
579.15	0	.4696664	.2839843	.2463493	0
578.15	0	.4696882	.2839914	.2463204	0
577.15	0	.4697097	.2839988	.2462915	0
576.15	0	.4697308	.2840066	.2462627	0
575.15	0	.4697515	.2840147	.2462338	0
574.15	0	.4697718	.2840232	.246205	0
573.15	0	.4697917	.2840321	.2461762	0
572.15	0	.4698113	.2840413	.2461474	0
571.15	0	.4698305	.2840508	.2461187	0
570.15	0	.4698494	.2840607	.2460899	0
569.15	0	.4698679	.2840709	.2460612	0
568.15	0	.469886	.2840815	.2460325	0
567.15	0	.4699038	.2840924	.2460038	0
566.15	0	.4699212	.2841036	.2459752	0
565.15	0	.4699383	.2841152	.2459465	0
564.15	0	.469955	.284127	.2459179	0
563.15	0	.4699714	.2841392	.2458894	0
562.15	0	.4699875	.2841517	.2458608	0
561.15	0	.4700032	.2841645	.2458323	0
560.15	0	.4700186	.2841776	.2458038	0
559.15	0	.4700337	.2841909	.2457753	0
558.15	0	.4700485	.2842046	.2457469	0
557.15	0	.4700629	.2842186	.2457185	0
556.15	0	.470077	.2842329	.2456901	0
555.15	0	.4700908	.2842474	.2456618	0
554.15	0	.4701043	.2842622	.2456334	0
553.15	0	.4701175	.2842773	.2456052	0
552.15	0	.4701304	.2842927	.2455769	0
551.15	0	.470143	.2843083	.2455487	0
550.15	0	.4701553	.2843243	.2455205	0
549.15	0	.4701673	.2843404	.2454923	0
548.15	0	.470179	.2843568	.2454642	0
547.15	0	.4701904	.2843735	.2454361	0
546.15	0	.4702015	.2843905	.245408	0
545.15	0	.4702124	.2844076	.24538	0
544.15	0	.4702229	.284425	.245352	0
543.15	0	.4702332	.2844427	.2453241	0
542.15	0	.4702432	.2844606	.2452962	0
541.15	0	.4702529	.2844787	.2452683	0
540.15	0	.4702624	.2844971	.2452405	0
539.15	0	.4702716	.2845157	.2452127	0
538.15	0	.4702806	.2845345	.2451849	0
537.15	0	.4702892	.2845535	.2451572	0
536.15	0	.4702976	.2845728	.2451296	0
535.15	0	.4703058	.2845923	.2451019	0
534.15	0	.4703137	.2846119	.2450744	0
533.15	0	.4703214	.2846318	.2450468	0
532.15	0	.4703288	.2846519	.2450193	0
531.15	0	.4703359	.2846722	.2449918	0
530.15	0	.4703429	.2846927	.2449644	0
529.15	0	.4703495	.2847134	.2449371	0
528.15	0	.470356	.2847343	.2449097	0
527.15	0	.4703622	.2847554	.2448825	0
526.15	0	.4703682	.2847766	.2448552	0
525.15	0	.4703739	.2847981	.2448281	0
524.15	0	.4703794	.2848197	.2448009	0
523.15	0	.4703847	.2848415	.2447738	0
522.15	0	.4703897	.2848635	.2447468	0
521.15	0	.4703946	.2848856	.2447198	0
520.15	0	.4703992	.2849079	.2446929	0
519.15	0	.4704036	.2849304	.244666	0
518.15	0	.4704078	.2849531	.2446391	0
517.15	0	.4704118	.2849759	.2446124	0
516.15	0	.4704155	.2849989	.2445856	0
515.15	0	.4704191	.285022	.244559	0
514.15	0	.4704224	.2850452	.2445323	0
513.15	0	.4704256	.2850687	.2445057	0
512.15	0	.4704285	.2850923	.2444792	0
511.15	0	.4704313	.285116	.2444528	0
510.15	0	.4704338	.2851398	.2444264	0
509.15	0	.4704362	.2851638	.2444	0
508.15	0	.4704383	.285188	.2443737	0
507.15	0	.4704403	.2852122	.2443475	0
506.15	0	.4704421	.2852367	.2443213	0
505.15	0	.4704436	.2852612	.2442952	0
504.15	0	.4704451	.2852858	.2442691	0
503.15	0	.4704463	.2853106	.2442431	0
502.15	0	.4704473	.2853355	.2442172	0
501.15	0	.4704482	.2853606	.2441913	0
500.15	0	.4704489	.2853857	.2441655	0
499.15	0	.4704494	.2854109	.2441397	0
498.15	0	.4704497	.2854363	.244114	0
497.15	0	.4704499	.2854618	.2440884	0
496.15	0	.4704499	.2854874	.2440628	0
495.15	0	.4704497	.2855131	.2440373	0
494.15	0	.4704493	.2855389	.2440118	0
493.15	0	.4704488	.2855647	.2439864	0
492.15	0	.4704483	.2855907	.243961	0
491.15	0	.4704475	.2856168	.2439357	0
490.15	0	.4704465	.285643	.2439105	0
489.15	0	.4704453	.2856692	.2438854	0
488.15	0	.4704441	.2856956	.2438603	0
487.15	0	.4704426	.2857221	.2438354	0
486.15	0	.470441	.2857486	.2438104	0
485.15	0	.4704392	.2857752	.2437856	0
484.15	0	.4704373	.2858019	.2437608	0
483.15	0	.4704353	.2858287	.2437361	0
482.6175	0	.4704341	.2858429	.2437229	0
482.6175	0	.4704341	.2858429	.2437229	0
482.6175	0	.4704341	.2858429	.2437229	0
482.15	0	.4705504	.2855902	.2435805	2.789212E-04
481.15	0	.470798	.2850512	.2432763	8.744873E-04
480.15	0	.4710444	.2845141	.2429729	.001468607
479.15	0	.4712894	.283979	.2426703	.002061294
478.15	0	.4715331	.2834458	.2423685	.002652559
477.15	0	.4717755	.2829146	.2420675	.003242417
476.15	0	.4720167	.2823853	.2417672	.003830879
475.15	0	.4722566	.2818578	.2414677	.004417958
474.15	0	.4724953	.2813321	.2411689	.005003666
473.15	0	.4727328	.2808083	.2408709	.005588015
472.15	0	.4729691	.2802863	.2405736	.006171017
471.15	0	.4732042	.2797661	.240277	.006752683
470.15	0	.4734381	.2792477	.2399812	.007333027
469.15	0	.4736709	.278731	.2396861	.007912059
468.15	0	.4739025	.278216	.2393917	.008489791
467.15	0	.474133	.2777027	.2390981	.009066234
466.15	0	.4743625	.277191	.2388051	.0096414
465.15	0	.4745908	.2766811	.2385128	.0102153
464.15	0	.474818	.2761727	.2382213	.01078795
463.15	0	.4750442	.275666	.2379304	.01135935
462.15	0	.4752694	.2751609	.2376402	.01192951
461.15	0	.4754935	.2746574	.2373507	.01249846
460.15	0	.4757165	.2741554	.2370619	.0130662
459.15	0	.4759386	.2736549	.2367738	.01363273
458.15	0	.4761597	.273156	.2364863	.01419807
457.15	0	.4763798	.2726585	.2361994	.01476224
456.15	0	.4765989	.2721626	.2359133	.01532523
455.15	0	.4768171	.2716681	.2356277	.01588706
454.15	0	.4770343	.2711751	.2353429	.01644775
453.15	0	.4772506	.2706834	.2350586	.0170073
452.15	0	.477466	.2701932	.2347751	.01756571
451.15	0	.4776805	.2697044	.2344921	.01812301
450.15	0	.4778941	.2692169	.2342098	.0186792
449.15	0	.4781069	.2687308	.2339281	.0192343
448.15	0	.4783188	.268246	.233647	.01978831
447.15	0	.4785298	.2677624	.2333665	.02034124
446.15	0	.47874	.2672802	.2330867	.02089311
445.15	0	.4789494	.2667993	.2328074	.02144391
444.15	0	.479158	.2663196	.2325288	.02199367
443.15	0	.4793658	.2658411	.2322508	.0225424
442.15	0	.4795728	.2653638	.2319733	.02309009
