T	 BPW(LIQUID)	BPW(BCC_A2)	BPW(FCC_A1)	BPW(LAVES_PHASE_C14)	BPW(NI3TI)
1473.15	.1718017	.8281983	0	0	0
1472.15	.1693326	.8306674	0	0	0
1471.15	.1668807	.8331193	0	0	0
1470.15	.1644458	.8355542	0	0	0
1469.15	.1620276	.8379724	0	0	0
1468.15	.1596262	.8403738	0	0	0
1467.15	.1572413	.8427587	0	0	0
1466.15	.1548728	.8451272	0	0	0
1465.15	.1525206	.8474794	0	0	0
1464.15	.1501845	.8498155	0	0	0
1463.15	.1478645	.8521355	0	0	0
1462.15	.1455603	.8544397	0	0	0
1461.15	.1432719	.8567281	0	0	0
1460.15	.1409991	.8590009	0	0	0
1459.15	.1387417	.8612583	0	0	0
1458.15	.1364998	.8635002	0	0	0
1457.15	.1342731	.8657269	0	0	0
1456.15	.1320614	.8679386	0	0	0
1455.15	.1298648	.8701352	0	0	0
1454.15	.1276831	.8723169	0	0	0
1453.15	.1255161	.8744839	0	0	0
1452.15	.1233637	.8766363	0	0	0
1451.15	.1212259	.8787741	0	0	0
1450.15	.1191024	.8808976	0	0	0
1449.15	.1169932	.8830068	0	0	0
1448.15	.1148982	.8851018	0	0	0
1447.15	.1128172	.8871828	0	0	0
1446.15	.1107502	.8892498	0	0	0
1445.15	.1086969	.8913031	0	0	0
1444.15	.1066574	.8933426	0	0	0
1443.15	.1046315	.8953685	0	0	0
1442.15	.1026191	.8973809	0	0	0
1441.15	.1006201	.8993799	0	0	0
1440.15	.09863436	.9013656	0	0	0
1439.15	.0966618	.9033382	0	0	0
1438.15	.09470231	.9052977	0	0	0
1437.15	.09275578	.9072442	0	0	0
1436.15	.09082212	.9091779	0	0	0
1435.15	.08890122	.9110988	0	0	0
1434.15	.08699299	.913007	0	0	0
1433.15	.08509732	.9149027	0	0	0
1432.15	.08321411	.9167859	0	0	0
1431.15	.08134327	.9186567	0	0	0
1430.15	.0794847	.9205153	0	0	0
1429.15	.07763831	.9223617	0	0	0
1428.15	.07580399	.924196	0	0	0
1427.15	.07398167	.9260183	0	0	0
1426.15	.07217123	.9278288	0	0	0
1425.15	.07037259	.9296274	0	0	0
1424.15	.06858567	.9314143	0	0	0
1423.15	.06681036	.9331896	0	0	0
1422.15	.06504658	.9349534	0	0	0
1421.15	.06329424	.9367058	0	0	0
1420.15	.06155325	.9384467	0	0	0
1419.15	.05982353	.9401765	0	0	0
1418.15	.05810499	.941895	0	0	0
1417.15	.05639754	.9436025	0	0	0
1416.15	.0547011	.9452989	0	0	0
1415.15	.05301558	.9469844	0	0	0
1414.15	.05134091	.9486591	0	0	0
1413.15	.049677	.950323	0	0	0
1412.15	.04802377	.9519762	0	0	0
1411.15	.04638113	.9536189	0	0	0
1410.15	.04474901	.955251	0	0	0
1409.15	.04312734	.9568727	0	0	0
1408.15	.04151602	.958484	0	0	0
1407.15	.03991499	.960085	0	0	0
1406.15	.03832416	.9616758	0	0	0
1405.15	.03674346	.9632565	0	0	0
1404.15	.03517282	.9648272	0	0	0
1403.15	.03361216	.9663878	0	0	0
1402.15	.03206141	.9679386	0	0	0
1401.15	.03052049	.9694795	0	0	0
1400.15	.02898932	.9710107	0	0	0
1399.15	.02746785	.9725322	0	0	0
1398.15	.025956	.974044	0	0	0
1397.15	.0244537	.9755463	0	0	0
1396.15	.02296087	.9770391	0	0	0
1395.15	.02147745	.9785225	0	0	0
1394.15	.02000337	.9799966	0	0	0
1393.15	.01853857	.9814614	0	0	0
1392.15	.01708297	.982917	0	0	0
1391.15	.01563651	.9843635	0	0	0
1390.15	.01419912	.9858009	0	0	0
1389.15	.01277075	.9872293	0	0	0
1388.15	.01135131	.9886487	0	0	0
1387.15	.009940756	.9900592	0	0	0
1386.15	.008539018	.991461	0	0	0
1385.15	.007146034	.992854	0	0	0
1384.15	.005761743	.9942383	0	0	0
1383.15	.004386082	.9956139	0	0	0
1382.15	.00301899	.996981	0	0	0
1381.15	.001660408	.9983396	0	0	0
1380.15	3.10276E-04	.9996897	0	0	0
1379.919	0	1	0	0	0
1379.919	0	1	0	0	0
1379.15	0	1	0	0	0
1378.15	0	1	0	0	0
1377.15	0	1	0	0	0
1376.15	0	1	0	0	0
1375.15	0	1	0	0	0
1374.15	0	1	0	0	0
1373.15	0	1	0	0	0
1372.15	0	1	0	0	0
1371.15	0	1	0	0	0
1370.15	0	1	0	0	0
1369.15	0	1	0	0	0
1368.15	0	1	0	0	0
1367.15	0	1	0	0	0
1366.15	0	1	0	0	0
1365.15	0	1	0	0	0
1364.15	0	1	0	0	0
1363.15	0	1	0	0	0
1362.15	0	1	0	0	0
1361.15	0	1	0	0	0
1360.15	0	1	0	0	0
1359.15	0	1	0	0	0
1358.15	0	1	0	0	0
1357.15	0	1	0	0	0
1356.15	0	1	0	0	0
1355.15	0	1	0	0	0
1354.15	0	1	0	0	0
1353.15	0	1	0	0	0
1352.15	0	1	0	0	0
1351.15	0	1	0	0	0
1350.15	0	1	0	0	0
1349.15	0	1	0	0	0
1348.15	0	1	0	0	0
1347.15	0	1	0	0	0
1346.15	0	1	0	0	0
1345.15	0	1	0	0	0
1344.15	0	1	0	0	0
1343.15	0	1	0	0	0
1342.15	0	1	0	0	0
1341.15	0	1	0	0	0
1340.15	0	1	0	0	0
1339.15	0	1	0	0	0
1338.15	0	1	0	0	0
1337.15	0	1	0	0	0
1336.15	0	1	0	0	0
1335.15	0	1	0	0	0
1334.15	0	1	0	0	0
1333.15	0	1	0	0	0
1332.15	0	1	0	0	0
1331.15	0	1	0	0	0
1330.15	0	1	0	0	0
1329.15	0	1	0	0	0
1328.15	0	1	0	0	0
1327.15	0	1	0	0	0
1326.15	0	1	0	0	0
1325.15	0	1	0	0	0
1324.15	0	1	0	0	0
1323.15	0	1	0	0	0
1322.15	0	1	0	0	0
1321.15	0	1	0	0	0
1320.15	0	1	0	0	0
1319.15	0	1	0	0	0
1318.15	0	1	0	0	0
1317.15	0	1	0	0	0
1316.15	0	1	0	0	0
1315.15	0	1	0	0	0
1314.15	0	1	0	0	0
1313.15	0	1	0	0	0
1312.15	0	1	0	0	0
1311.534	0	1	0	0	0
1311.534	0	1	0	0	0
1311.534	0	1	0	0	0
1311.15	0	.9997582	0	2.417996E-04	0
1310.15	0	.9991298	0	8.702422E-04	0
1309.15	0	.9985027	0	.001497309	0
1308.15	0	.997877	0	.002123003	0
1307.15	0	.9972527	0	.002747328	0
1306.15	0	.9966297	0	.003370289	0
1305.15	0	.9960081	0	.00399189	0
1304.15	0	.9953879	0	.004612135	0
1303.15	0	.994769	0	.005231026	0
1302.15	0	.9941514	0	.005848569	0
1301.15	0	.9935352	0	.006464768	0
1300.15	0	.9929204	0	.007079625	0
1299.15	0	.9923068	0	.007693145	0
1298.15	0	.9916947	0	.008305333	0
1297.15	0	.9910838	0	.00891619	0
1296.15	0	.9904743	0	.009525723	0
1295.15	0	.9898661	0	.01013393	0
1294.15	0	.9892592	0	.01074083	0
1293.15	0	.9886536	0	.0113464	0
1292.15	0	.9880493	0	.01195067	0
1291.15	0	.9874464	0	.01255363	0
1290.15	0	.9868447	0	.01315529	0
1289.15	0	.9862443	0	.01375565	0
1288.15	0	.9856453	0	.01435471	0
1287.15	0	.9850475	0	.01495248	0
1286.15	0	.984451	0	.01554896	0
1285.15	0	.9838558	0	.01614416	0
1284.15	0	.9832619	0	.01673807	0
1283.15	0	.9826693	0	.01733071	0
1282.15	0	.9820779	0	.01792207	0
1281.15	0	.9814878	0	.01851216	0
1280.15	0	.980899	0	.01910099	0
1279.15	0	.9803114	0	.01968855	0
1278.15	0	.9797252	0	.02027485	0
1277.15	0	.9791401	0	.0208599	0
1276.15	0	.9785563	0	.02144369	0
1275.15	0	.9779738	0	.02202623	0
1274.15	0	.9773925	0	.02260753	0
1273.15	0	.9768124	0	.02318758	0
1272.15	0	.9762336	0	.0237664	0
1271.15	0	.975656	0	.02434398	0
1270.15	0	.9750797	0	.02492032	0
1269.15	0	.9745046	0	.02549544	0
1268.15	0	.9739307	0	.02606933	0
1267.15	0	.973358	0	.026642	0
1266.15	0	.9727866	0	.02721344	0
1265.15	0	.9722163	0	.02778368	0
1264.15	0	.9716473	0	.0283527	0
1263.15	0	.9710795	0	.02892051	0
1262.15	0	.9705129	0	.02948712	0
1261.15	0	.9699475	0	.03005252	0
1260.15	0	.9693833	0	.03061672	0
1259.15	0	.9688203	0	.03117973	0
1258.15	0	.9682585	0	.03174154	0
1257.15	0	.9676978	0	.03230217	0
1256.15	0	.9671384	0	.0328616	0
1255.15	0	.9665801	0	.03341986	0
1254.15	0	.9660231	0	.03397693	0
1253.15	0	.9654672	0	.03453283	0
1252.15	0	.9649124	0	.03508755	0
1251.15	0	.9643589	0	.0356411	0
1250.15	0	.9638065	0	.03619348	0
1249.15	0	.9632553	0	.0367447	0
1248.15	0	.9627052	0	.03729475	0
1247.15	0	.9621564	0	.03784365	0
1246.15	0	.9616086	0	.0383914	0
1245.15	0	.961062	0	.03893798	0
1244.15	0	.9605166	0	.03948342	0
1243.15	0	.9599723	0	.04002772	0
1242.15	0	.9594291	0	.04057086	0
1241.15	0	.9588871	0	.04111287	0
1240.15	0	.9583463	0	.04165374	0
1239.15	0	.9578065	0	.04219348	0
1238.15	0	.9572679	0	.04273208	0
1237.15	0	.9567304	0	.04326956	0
1236.15	0	.9561941	0	.04380591	0
1235.15	0	.9556589	0	.04434113	0
1234.15	0	.9551248	0	.04487524	0
1233.15	0	.9545918	0	.04540823	0
1232.15	0	.9540599	0	.0459401	0
1231.15	0	.9535291	0	.04647087	0
1230.858	0	.9533745	0	.0466255	0
1230.858	0	.9533745	0	.0466255	0
1230.858	0	.9533745	0	.0466255	0
1230.15	0	.9522992	7.214695E-04	.0469793	0
1229.15	0	.9507846	.001737741	.04747771	0
1228.15	0	.9492739	.002751242	.04797482	0
1227.15	0	.9477674	.003761976	.04847062	0
1226.15	0	.9462649	.004769948	.04896513	0
1225.15	0	.9447665	.005775162	.04945834	0
1224.15	0	.9432721	.006777622	.04995027	0
1223.15	0	.9417818	.007777332	.05044091	0
1222.15	0	.9402954	.008774295	.05093027	0
1221.15	0	.9388131	.009768516	.05141835	0
1220.15	0	.9373348	.01076	.05190516	0
1219.15	0	.9358606	.01174875	.05239071	0
1218.15	0	.9343903	.01273476	.05287499	0
1217.15	0	.9329239	.01371805	.05335801	0
1216.15	0	.9314616	.01469862	.05383978	0
1215.15	0	.9300032	.01567646	.0543203	0
1214.15	0	.9285488	.01665159	.05479957	0
1213.15	0	.9270984	.01762401	.0552776	0
1212.15	0	.9256519	.01859371	.0557544	0
1211.15	0	.9242093	.01956071	.05622995	0
1210.15	0	.9227707	.02052501	.05670428	0
1209.15	0	.921336	.02148661	.05717739	0
1208.15	0	.9199052	.02244551	.05764927	0
1207.15	0	.9184783	.02340172	.05811993	0
1206.15	0	.9170554	.02435524	.05858938	0
1205.15	0	.9156363	.02530608	.05905762	0
1204.15	0	.9142211	.02625423	.05952466	0
1203.15	0	.9128098	.0271997	.05999049	0
1202.15	0	.9114024	.02814249	.06045513	0
1201.15	0	.9099988	.02908261	.06091857	0
1200.15	0	.9085991	.03002006	.06138082	0
1199.15	0	.9072033	.03095484	.06184188	0
1198.15	0	.9058113	.03188696	.06230176	0
1197.15	0	.9044231	.03281641	.06276047	0
1196.15	0	.9030388	.0337432	.06321799	0
1195.15	0	.9016583	.03466734	.06367435	0
1194.15	0	.9002816	.03558882	.06412954	0
1193.15	0	.8989088	.03650765	.06458356	0
1192.15	0	.8975397	.03742384	.06503643	0
1191.15	0	.8961745	.03833737	.06548814	0
1190.15	0	.894813	.03924826	.06593869	0
1189.15	0	.8934554	.04015651	.0663881	0
1188.15	0	.8921015	.04106213	.06683636	0
1187.15	0	.8907514	.0419651	.06728347	0
1186.15	0	.8894051	.04286545	.06772945	0
1185.15	0	.8880626	.04376316	.0681743	0
1184.15	0	.8867238	.04465824	.06861801	0
1183.15	0	.8853887	.04555069	.06906059	0
1182.15	0	.8840574	.04644052	.06950205	0
1181.15	0	.8827299	.04732773	.06994239	0
1180.15	0	.8814061	.04821232	.07038161	0
1179.15	0	.880086	.04909429	.07081971	0
1178.15	0	.8787697	.04997364	.07125671	0
1177.15	0	.877457	.05085038	.07169259	0
1176.15	0	.8761481	.0517245	.07212738	0
1175.15	0	.8748429	.05259602	.07256105	0
1174.15	0	.8735414	.05346492	.07299364	0
1173.15	0	.8722437	.05433122	.07342513	0
1172.15	0	.8709496	.05519492	.07385552	0
1171.15	0	.8696592	.05605601	.07428483	0
1170.15	0	.8683724	.0569145	.07471306	0
1169.15	0	.8670894	.05777039	.0751402	0
1168.15	0	.8658101	.05862368	.07556626	0
1167.15	0	.8645344	.05947438	.07599125	0
1166.15	0	.8632624	.06032248	.07641517	0
1165.15	0	.861994	.06116798	.07683802	0
1164.15	0	.8607293	.0620109	.0772598	0
1163.15	0	.8594683	.06285122	.07768052	0
1162.15	0	.8582109	.06368896	.07810017	0
1161.15	0	.8569571	.0645241	.07851878	0
1160.15	0	.855707	.06535666	.07893633	0
1159.15	0	.8544605	.06618664	.07935282	0
1158.15	0	.8532177	.06701403	.07976827	0
1157.15	0	.8519785	.06783884	.08018268	0
1156.15	0	.8507429	.06866107	.08059604	0
1155.15	0	.8495109	.06948072	.08100836	0
1154.15	0	.8482825	.07029781	.08141967	0
1153.15	0	.8470578	.0711123	.08182992	0
1152.15	0	.8458366	.07192421	.08223914	0
1151.15	0	.8446191	.07273355	.08264734	0
1150.15	0	.8434052	.07354031	.08305451	0
1149.15	0	.8421948	.0743445	.08346066	0
1148.15	0	.8409881	.07514611	.08386579	0
1147.15	0	.8397849	.07594515	.0842699	0
1146.15	0	.8385854	.07674162	.084673	0
1145.15	0	.8373894	.07753551	.08507509	0
1144.15	0	.836197	.07832684	.08547617	0
1143.15	0	.8350082	.0791156	.08587624	0
1142.15	0	.8338229	.07990179	.08627531	0
1141.15	0	.8326412	.0806854	.08667339	0
1140.15	0	.8314631	.08146645	.08707046	0
1139.15	0	.8302885	.08224494	.08746654	0
1138.15	0	.8291175	.08302085	.08786162	0
1137.15	0	.8279501	.0837942	.08825572	0
1136.15	0	.8267862	.08456499	.08864883	0
1135.15	0	.8256258	.08533321	.08904096	0
1134.15	0	.824469	.08609886	.0894321	0
1133.15	0	.8233158	.08686194	.08982226	0
1132.15	0	.8221661	.08762247	.09021145	0
1131.15	0	.8210199	.08838042	.09059966	0
1130.15	0	.8198773	.08913582	.09098689	0
1129.15	0	.8187382	.08988864	.09137316	0
1128.15	0	.8176026	.09063891	.09175846	0
1127.15	0	.8164706	.09138661	.0921428	0
1126.15	0	.8153421	.09213174	.09252617	0
1125.15	0	.8142171	.09287431	.09290858	0
1124.15	0	.8130956	.09361432	.09329004	0
1123.15	0	.8119777	.09435176	.09367053	0
1122.15	0	.8108633	.09508664	.09405008	0
1121.15	0	.8097524	.09581895	.09442867	0
1120.15	0	.808645	.0965487	.09480631	0
1119.15	0	.8075411	.09727588	.09518301	0
1118.15	0	.8064407	.0980005	.09555876	0
1117.15	0	.8053439	.09872255	.09593357	0
1116.15	0	.8042505	.09944204	.09630744	0
1115.15	0	.8031607	.100159	.09668037	0
1114.15	0	.8020743	.1008733	.09705236	0
1113.15	0	.8009915	.1015851	.09742342	0
1112.15	0	.7999121	.1022943	.09779355	0
1111.15	0	.7988363	.103001	.09816275	0
1110.15	0	.7977639	.1037051	.09853102	0
1109.15	0	.7966951	.1044066	.09889836	0
1108.15	0	.7956297	.1051055	.09926478	0
1107.15	0	.7945678	.1058019	.09963028	0
1106.15	0	.7935095	.1064957	.09999486	0
1105.15	0	.7924546	.1071869	.1003585	0
1104.15	0	.7914032	.1078756	.1007213	0
1103.15	0	.7903553	.1085616	.1010831	0
1102.15	0	.7893109	.1092451	.101444	0
1101.15	0	.7882699	.1099261	.101804	0
1100.15	0	.7872324	.1106044	.1021631	0
1099.15	0	.7861985	.1112802	.1025213	0
1098.15	0	.785168	.1119534	.1028786	0
1097.15	0	.784141	.112624	.103235	0
1096.15	0	.7831175	.1132921	.1035905	0
1095.15	0	.7820974	.1139575	.103945	0
1094.15	0	.7810809	.1146204	.1042987	0
1093.15	0	.7800678	.1152807	.1046515	0
1092.15	0	.7790582	.1159384	.1050034	0
1091.15	0	.778052	.1165936	.1053544	0
1090.15	0	.7770494	.1172461	.1057045	0
1089.15	0	.7760502	.1178961	.1060537	0
1088.15	0	.7750545	.1185434	.1064021	0
1087.15	0	.7740623	.1191882	.1067495	0
1086.15	0	.7730736	.1198304	.1070961	0
1085.15	0	.7720883	.12047	.1074417	0
1084.15	0	.7711065	.121107	.1077865	0
1083.15	0	.7701282	.1217414	.1081304	0
1082.15	0	.7691534	.1223732	.1084735	0
1081.15	0	.768182	.1230024	.1088156	0
1080.15	0	.7672141	.123629	.1091569	0
1079.15	0	.7662497	.124253	.1094973	0
1078.15	0	.7652888	.1248744	.1098368	0
1077.15	0	.7643313	.1254932	.1101755	0
1076.15	0	.7633773	.1261094	.1105133	0
1075.15	0	.7624268	.126723	.1108502	0
1074.15	0	.7614798	.127334	.1111862	0
1073.15	0	.7605363	.1279424	.1115214	0
1072.15	0	.7595962	.1285481	.1118557	0
1071.15	0	.7586596	.1291513	.1121892	0
1070.15	0	.7577265	.1297518	.1125218	0
1069.15	0	.7567968	.1303497	.1128535	0
1068.15	0	.7558707	.130945	.1131843	0
1067.15	0	.754948	.1315377	.1135143	0
1066.15	0	.7540288	.1321277	.1138435	0
1065.15	0	.7531131	.1327152	.1141718	0
1064.15	0	.7522009	.1333	.1144992	0
1063.15	0	.7512921	.1338821	.1148257	0
1062.15	0	.7503869	.1344617	.1151515	0
1061.15	0	.7494851	.1350386	.1154763	0
1060.15	0	.7485868	.1356129	.1158003	0
1059.15	0	.747692	.1361846	.1161235	0
1058.15	0	.7468006	.1367536	.1164458	0
1057.15	0	.7459128	.13732	.1167672	0
1056.15	0	.7450285	.1378837	.1170878	0
1055.15	0	.7441476	.1384448	.1174076	0
1054.15	0	.7432703	.1390033	.1177265	0
1053.15	0	.7423964	.1395591	.1180445	0
1052.15	0	.741526	.1401122	.1183617	0
1051.15	0	.7406592	.1406628	.1186781	0
1050.15	0	.7397958	.1412106	.1189936	0
1049.15	0	.7389359	.1417558	.1193083	0
1048.15	0	.7380795	.1422984	.1196221	0
1047.15	0	.7372266	.1428383	.1199351	0
1046.15	0	.7363772	.1433756	.1202472	0
1045.15	0	.7355313	.1439102	.1205585	0
1044.15	0	.734689	.1444421	.120869	0
1043.15	0	.7338501	.1449714	.1211786	0
1042.15	0	.7330147	.1454979	.1214873	0
1041.15	0	.7321829	.1460219	.1217953	0
1040.15	0	.7313545	.1465432	.1221024	0
1039.15	0	.7305297	.1470617	.1224086	0
1038.15	0	.7297083	.1475777	.122714	0
1037.15	0	.7288905	.1480909	.1230186	0
1036.15	0	.7280762	.1486015	.1233223	0
1035.15	0	.7272654	.1491094	.1236252	0
1034.15	0	.7264582	.1496146	.1239272	0
1033.15	0	.7256544	.1501172	.1242284	0
1032.15	0	.7248542	.150617	.1245288	0
1031.15	0	.7240575	.1511142	.1248283	0
1030.15	0	.7232643	.1516087	.125127	0
1029.15	0	.7224747	.1521005	.1254249	0
1028.15	0	.7216885	.1525896	.1257219	0
1027.15	0	.7209059	.153076	.1260181	0
1026.15	0	.7201269	.1535597	.1263134	0
1025.15	0	.7193513	.1540408	.1266079	0
1024.15	0	.7185793	.1545191	.1269015	0
1023.15	0	.7178109	.1549948	.1271944	0
1022.15	0	.717046	.1554677	.1274863	0
1021.15	0	.7162846	.155938	.1277775	0
1020.15	0	.7155267	.1564055	.1280678	0
1019.15	0	.7147724	.1568704	.1283572	0
1018.15	0	.7140216	.1573325	.1286458	0
1017.15	0	.7132744	.157792	.1289336	0
1016.15	0	.7125307	.1582487	.1292205	0
1015.15	0	.7117906	.1587028	.1295066	0
1014.15	0	.711054	.1591541	.1297919	0
1013.15	0	.710321	.1596027	.1300763	0
1012.15	0	.7095915	.1600487	.1303598	0
1011.15	0	.7088656	.1604919	.1306425	0
1010.15	0	.7081432	.1609324	.1309244	0
1009.15	0	.7074244	.1613702	.1312054	0
1008.15	0	.7067091	.1618053	.1314856	0
1007.15	0	.7059974	.1622377	.1317649	0
1006.15	0	.7052893	.1626673	.1320434	0
1005.15	0	.7045847	.1630943	.132321	0
1004.15	0	.7038837	.1635186	.1325978	0
1003.15	0	.7031862	.1639401	.1328737	0
1002.15	0	.7024923	.1643589	.1331488	0
1001.15	0	.701802	.1647751	.133423	0
1000.15	0	.7011152	.1651885	.1336963	0
999.15	0	.700432	.1655992	.1339688	0
998.15	0	.6997524	.1660072	.1342405	0
997.15	0	.6990763	.1664125	.1345112	0
996.15	0	.6984038	.166815	.1347812	0
995.15	0	.6977349	.1672149	.1350502	0
994.15	0	.6970695	.1676121	.1353184	0
993.15	0	.6964077	.1680066	.1355858	0
992.15	0	.6957494	.1683983	.1358522	0
991.15	0	.6950948	.1687874	.1361178	0
990.15	0	.6944437	.1691738	.1363825	0
989.15	0	.6937962	.1695574	.1366464	0
988.15	0	.6931522	.1699384	.1369094	0
987.15	0	.6925118	.1703167	.1371715	0
986.15	0	.691875	.1706923	.1374327	0
985.15	0	.6912417	.1710652	.1376931	0
984.15	0	.6906121	.1714354	.1379525	0
983.15	0	.6899859	.1718029	.1382111	0
982.15	0	.6893634	.1721678	.1384688	0
981.15	0	.6887444	.17253	.1387257	0
980.15	0	.688129	.1728895	.1389816	0
979.15	0	.6875171	.1732463	.1392366	0
978.15	0	.6869088	.1736005	.1394907	0
977.15	0	.686304	.173952	.139744	0
976.15	0	.6857029	.1743008	.1399963	0
975.15	0	.6851052	.174647	.1402478	0
974.15	0	.6845111	.1749906	.1404983	0
973.15	0	.6839206	.1753315	.140748	0
972.15	0	.6833336	.1756697	.1409967	0
971.15	0	.6827502	.1760053	.1412445	0
970.15	0	.6821703	.1763383	.1414914	0
969.15	0	.6815939	.1766687	.1417373	0
968.15	0	.6810211	.1769965	.1419824	0
967.15	0	.6804518	.1773216	.1422265	0
966.15	0	.6798861	.1776442	.1424697	0
965.15	0	.6793238	.1779642	.142712	0
964.15	0	.6787651	.1782816	.1429533	0
963.15	0	.6782099	.1785964	.1431937	0
962.15	0	.6776583	.1789086	.1434332	0
961.15	0	.6771101	.1792183	.1436717	0
960.15	0	.6765654	.1795254	.1439092	0
959.15	0	.6760242	.1798299	.1441458	0
958.15	0	.6754865	.180132	.1443815	0
957.15	0	.6749523	.1804315	.1446162	0
956.15	0	.6744216	.1807285	.1448499	0
955.15	0	.6738943	.181023	.1450826	0
954.15	0	.6733706	.181315	.1453144	0
953.15	0	.6728502	.1816046	.1455452	0
952.15	0	.6723333	.1818916	.145775	0
951.15	0	.6718199	.1821762	.1460039	0
950.15	0	.6713099	.1824584	.1462317	0
949.15	0	.6708033	.1827381	.1464586	0
948.15	0	.6703001	.1830155	.1466844	0
947.15	0	.6698003	.1832904	.1469093	0
946.15	0	.669304	.183563	.1471331	0
945.15	0	.668811	.1838331	.1473559	0
944.15	0	.6683214	.184101	.1475777	0
943.15	0	.6678351	.1843665	.1477985	0
942.15	0	.6673522	.1846296	.1480182	0
941.15	0	.6668726	.1848905	.1482369	0
940.15	0	.6663964	.1851491	.1484546	0
939.15	0	.6659234	.1854054	.1486712	0
938.15	0	.6654538	.1856595	.1488867	0
937.15	0	.6649875	.1859114	.1491012	0
936.15	0	.6645244	.186161	.1493146	0
935.15	0	.6640645	.1864085	.149527	0
934.15	0	.663608	.1866538	.1497382	0
933.15	0	.6631546	.186897	.1499484	0
932.15	0	.6627044	.1871381	.1501575	0
931.15	0	.6622575	.1873771	.1503655	0
930.15	0	.6618137	.187614	.1505724	0
929.15	0	.661373	.1878489	.1507781	0
928.15	0	.6609355	.1880817	.1509828	0
927.15	0	.6605011	.1883126	.1511863	0
926.15	0	.6600697	.1885416	.1513887	0
925.15	0	.6596415	.1887686	.1515899	0
924.15	0	.6592163	.1889937	.15179	0
923.15	0	.6587941	.189217	.1519889	0
922.15	0	.6583749	.1894384	.1521867	0
921.15	0	.6579587	.1896581	.1523833	0
920.15	0	.6575454	.1898759	.1525786	0
919.15	0	.6571351	.1900921	.1527728	0
918.15	0	.6567276	.1903065	.1529658	0
917.15	0	.6563231	.1905193	.1531576	0
916.15	0	.6559213	.1907305	.1533482	0
915.15	0	.6555224	.1909401	.1535375	0
914.15	0	.6551263	.1911482	.1537256	0
913.15	0	.6547329	.1913548	.1539124	0
912.15	0	.6543422	.1915599	.154098	0
911.15	0	.6539542	.1917636	.1542823	0
910.15	0	.6535688	.1919659	.1544653	0
909.15	0	.653186	.192167	.154647	0
908.15	0	.6528059	.1923667	.1548274	0
907.15	0	.6524282	.1925652	.1550065	0
906.15	0	.6520531	.1927626	.1551843	0
905.15	0	.6516804	.1929589	.1553607	0
904.15	0	.6513101	.1931541	.1555358	0
903.15	0	.6509423	.1933482	.1557095	0
902.15	0	.6505767	.1935415	.1558819	0
901.15	0	.6502134	.1937338	.1560528	0
900.15	0	.6498524	.1939253	.1562224	0
899.15	0	.6494935	.194116	.1563905	0
898.15	0	.6491368	.194306	.1565572	0
897.15	0	.6487822	.1944954	.1567224	0
896.15	0	.6484296	.1946842	.1568862	0
895.15	0	.648079	.1948725	.1570486	0
894.15	0	.6477303	.1950603	.1572094	0
893.15	0	.6473835	.1952478	.1573687	0
892.15	0	.6470385	.195435	.1575265	0
891.15	0	.6466952	.195622	.1576828	0
890.15	0	.6463537	.1958089	.1578375	0
889.15	0	.6460137	.1959957	.1579906	0
888.15	0	.6456753	.1961825	.1581422	0
887.15	0	.6453384	.1963694	.1582921	0
886.15	0	.645003	.1965566	.1584404	0
885.15	0	.6446688	.1967441	.1585871	0
884.15	0	.644336	.1969319	.1587321	0
883.15	0	.6440043	.1971202	.1588754	0
882.15	0	.6436738	.1973092	.159017	0
881.15	0	.6433443	.1974988	.1591569	0
880.15	0	.6430157	.1976892	.159295	0
879.15	0	.6426881	.1978806	.1594314	0
878.15	0	.6423611	.1980729	.1595659	0
877.15	0	.6420349	.1982664	.1596987	0
876.15	0	.6417093	.1984612	.1598296	0
875.15	0	.6413841	.1986573	.1599586	0
874.15	0	.6410594	.198855	.1600857	0
873.15	0	.6407349	.1990543	.1602109	0
872.15	0	.6404106	.1992553	.1603341	0
871.15	0	.6400863	.1994583	.1604554	0
870.15	0	.639762	.1996634	.1605746	0
869.15	0	.6394375	.1998707	.1606918	0
868.15	0	.6391128	.2000803	.1608069	0
867.15	0	.6387876	.2002925	.1609199	0
866.15	0	.6384618	.2005074	.1610308	0
865.15	0	.6381354	.2007252	.1611394	0
864.15	0	.6378081	.200946	.1612459	0
863.15	0	.6374798	.2011701	.1613501	0
862.15	0	.6371504	.2013976	.161452	0
861.15	0	.6368197	.2016288	.1615515	0
860.15	0	.6364875	.2018638	.1616487	0
859.15	0	.6361537	.2021029	.1617434	0
858.15	0	.6358181	.2023463	.1618356	0
857.15	0	.6354805	.2025942	.1619253	0
856.15	0	.6351406	.2028469	.1620125	0
855.15	0	.6347984	.2031047	.1620969	0
854.15	0	.6344535	.2033678	.1621787	0
853.15	0	.6341058	.2036364	.1622578	0
852.15	0	.633755	.203911	.162334	0
851.15	0	.6334009	.2041918	.1624073	0
850.15	0	.6330432	.2044792	.1624776	0
849.15	0	.6326817	.2047734	.1625449	0
848.15	0	.632316	.2050748	.1626092	0
847.15	0	.6319459	.2053839	.1626702	0
846.15	0	.631571	.2057011	.1627279	0
845.15	0	.6311911	.2060266	.1627823	0
844.15	0	.6308057	.2063611	.1628331	0
843.15	0	.6304145	.206705	.1628805	0
842.15	0	.6300171	.2070588	.1629241	0
841.15	0	.6296131	.2074231	.1629639	0
840.15	0	.6292019	.2077983	.1629997	0
839.15	0	.6287832	.2081853	.1630316	0
838.15	0	.6283564	.2085845	.1630591	0
837.15	0	.627921	.2089967	.1630823	0
836.15	0	.6274763	.2094227	.163101	0
835.15	0	.6270217	.2098633	.163115	0
834.15	0	.6265566	.2103194	.163124	0
833.15	0	.6260801	.210792	.1631279	0
832.15	0	.6255915	.2112821	.1631264	0
831.15	0	.6250899	.2117909	.1631193	0
830.15	0	.6245742	.2123195	.1631063	0
829.15	0	.6235221	.2134985	.1629795	0
828.15	0	.6225235	.2146187	.1628578	0
827.15	0	.6215836	.2156738	.1627426	0
826.15	0	.6206976	.2166691	.1626334	0
825.15	0	.6198613	.2176091	.1625296	0
824.15	0	.619071	.2184981	.1624308	0
823.15	0	.6183234	.21934	.1623366	0
822.15	0	.6176154	.220138	.1622465	0
821.15	0	.6169443	.2208953	.1621603	0
820.15	0	.6163076	.2216147	.1620777	0
819.15	0	.6157031	.2222986	.1619983	0
818.15	0	.6151286	.2229494	.161922	0
817.15	0	.6145823	.2235692	.1618485	0
816.15	0	.6140624	.22416	.1617776	0
815.15	0	.6135673	.2247234	.1617092	0
814.15	0	.6130956	.2252613	.1616431	0
813.15	0	.6126459	.2257751	.1615791	0
812.15	0	.6122168	.2262661	.161517	0
811.15	0	.6118073	.2267358	.1614569	0
810.15	0	.6114162	.2271853	.1613984	0
809.15	0	.6110426	.2276158	.1613416	0
808.15	0	.6106854	.2280283	.1612863	0
807.15	0	.6103438	.2284237	.1612325	0
806.15	0	.610017	.2288031	.16118	0
805.15	0	.6097041	.2291672	.1611287	0
804.15	0	.6094044	.2295169	.1610787	0
803.15	0	.6091174	.2298529	.1610297	0
802.15	0	.6088422	.230176	.1609818	0
801.15	0	.6085784	.2304867	.160935	0
800.15	0	.6083253	.2307857	.160889	0
799.15	0	.6080824	.2310737	.1608439	0
798.15	0	.6078493	.2313511	.1607997	0
797.15	0	.6076254	.2316184	.1607562	0
796.15	0	.6074102	.2318763	.1607135	0
795.15	0	.6072035	.2321251	.1606715	0
794.15	0	.6070047	.2323652	.1606301	0
793.15	0	.6068134	.2325972	.1605894	0
792.15	0	.6066294	.2328213	.1605493	0
791.15	0	.6064523	.233038	.1605097	0
790.15	0	.6062817	.2332477	.1604706	0
789.15	0	.6061174	.2334505	.1604321	0
788.15	0	.6059591	.233647	.160394	0
787.15	0	.6058064	.2338373	.1603563	0
786.15	0	.6056592	.2340217	.1603191	0
785.15	0	.6055171	.2342006	.1602823	0
784.15	0	.60538	.2343741	.1602459	0
783.15	0	.6052476	.2345426	.1602098	0
782.15	0	.6051197	.2347063	.160174	0
781.15	0	.6049961	.2348653	.1601386	0
780.15	0	.6048766	.2350199	.1601035	0
779.15	0	.6047611	.2351703	.1600687	0
778.15	0	.6046493	.2353167	.1600341	0
777.15	0	.604541	.2354592	.1599998	0
776.15	0	.6044362	.2355981	.1599657	0
775.15	0	.6043347	.2357335	.1599318	0
774.15	0	.6042363	.2358655	.1598982	0
773.15	0	.6041409	.2359944	.1598648	0
772.15	0	.6040483	.2361202	.1598315	0
771.15	0	.6039584	.2362431	.1597985	0
770.15	0	.6038712	.2363632	.1597656	0
769.15	0	.6037865	.2364807	.1597328	0
768.15	0	.6037041	.2365957	.1597002	0
767.15	0	.6036241	.2367082	.1596678	0
766.15	0	.6035462	.2368184	.1596355	0
765.15	0	.6034704	.2369264	.1596033	0
764.15	0	.6033966	.2370323	.1595712	0
763.15	0	.6033247	.2371361	.1595392	0
762.15	0	.6032546	.2372381	.1595073	0
761.15	0	.6031863	.2373382	.1594755	0
760.15	0	.6031196	.2374366	.1594438	0
759.15	0	.6030545	.2375333	.1594122	0
758.15	0	.6029934	.2376265	.15938	0
757.15	0	.6029312	.2377202	.1593486	0
756.15	0	.6028703	.2378125	.1593173	0
755.15	0	.6028108	.2379033	.1592859	0
754.15	0	.6027525	.2379928	.1592547	0
753.15	0	.6026955	.2380811	.1592234	0
752.15	0	.6026397	.2381681	.1591923	0
751.15	0	.6025849	.238254	.1591611	0
750.15	0	.6025313	.2383387	.15913	0
749.15	0	.6024787	.2384224	.1590989	0
748.15	0	.602427	.2385051	.1590679	0
747.15	0	.6023763	.2385868	.1590368	0
746.15	0	.6023265	.2386677	.1590058	0
745.15	0	.6022776	.2387476	.1589748	0
744.15	0	.6022294	.2388268	.1589438	0
743.15	0	.6021821	.2389051	.1589128	0
742.15	0	.6021354	.2389827	.1588819	0
741.15	0	.6020895	.2390596	.1588509	0
740.15	0	.6020443	.2391358	.1588199	0
739.15	0	.6019997	.2392114	.158789	0
738.15	0	.6019557	.2392863	.158758	0
737.15	0	.6019123	.2393607	.158727	0
736.15	0	.6018695	.2394345	.158696	0
735.15	0	.6018271	.2395078	.158665	0
734.15	0	.6017853	.2395806	.158634	0
733.15	0	.601744	.239653	.158603	0
732.15	0	.6017032	.2397249	.158572	0
731.15	0	.6016627	.2397963	.1585409	0
730.15	0	.6016227	.2398674	.1585099	0
729.15	0	.6015831	.2399381	.1584788	0
728.15	0	.6015439	.2400085	.1584477	0
727.15	0	.601505	.2400785	.1584165	0
726.15	0	.6014664	.2401482	.1583854	0
725.15	0	.6014282	.2402176	.1583542	0
724.15	0	.6013903	.2402868	.158323	0
723.15	0	.6013526	.2403556	.1582918	0
722.15	0	.6013153	.2404242	.1582605	0
721.15	0	.6012782	.2404926	.1582292	0
720.15	0	.6012413	.2405608	.1581979	0
719.15	0	.6012047	.2406288	.1581665	0
718.15	0	.6011682	.2406966	.1581352	0
717.15	0	.601132	.2407642	.1581037	0
716.15	0	.601096	.2408317	.1580723	0
715.15	0	.6010602	.240899	.1580408	0
714.15	0	.6010245	.2409662	.1580093	0
713.15	0	.600989	.2410333	.1579778	0
712.15	0	.6009536	.2411002	.1579462	0
711.15	0	.6009184	.241167	.1579146	0
710.15	0	.6008834	.2412338	.1578829	0
709.15	0	.6008484	.2413004	.1578512	0
708.15	0	.6008136	.241367	.1578195	0
707.15	0	.6007788	.2414335	.1577877	0
706.15	0	.6007442	.2414999	.1577559	0
705.15	0	.6007096	.2415663	.1577241	0
704.15	0	.6006752	.2416327	.1576922	0
703.15	0	.6006408	.241699	.1576603	0
702.15	0	.6006065	.2417652	.1576283	0
701.15	0	.6005722	.2418315	.1575963	0
700.15	0	.600538	.2418977	.1575643	0
699.15	0	.6005039	.2419639	.1575322	0
698.15	0	.6004698	.2420301	.1575001	0
697.15	0	.6004358	.2420963	.1574679	0
696.15	0	.6004018	.2421625	.1574358	0
695.15	0	.6003678	.2422287	.1574035	0
694.15	0	.6003339	.2422949	.1573713	0
693.15	0	.6002999	.2423611	.1573389	0
692.15	0	.6002661	.2424274	.1573066	0
691.15	0	.6002322	.2424936	.1572742	0
690.15	0	.6001983	.2425599	.1572418	0
689.15	0	.6001645	.2426262	.1572093	0
688.15	0	.6001306	.2426926	.1571768	0
687.15	0	.6000968	.242759	.1571443	0
686.15	0	.6000629	.2428254	.1571117	0
685.15	0	.6000291	.2428918	.1570791	0
684.15	0	.5999952	.2429583	.1570464	0
683.15	0	.5999614	.2430249	.1570138	0
682.15	0	.5999275	.2430915	.156981	0
681.15	0	.5998936	.2431581	.1569483	0
680.15	0	.5998598	.2432248	.1569155	0
679.15	0	.5998258	.2432915	.1568826	0
678.15	0	.5997919	.2433583	.1568497	0
677.15	0	.599758	.2434252	.1568168	0
676.15	0	.599724	.2434921	.1567839	0
675.15	0	.59969	.2435591	.1567509	0
674.15	0	.599656	.2436261	.1567179	0
673.15	0	.599622	.2436932	.1566848	0
672.15	0	.5995879	.2437603	.1566517	0
671.15	0	.5995538	.2438276	.1566186	0
670.15	0	.5995197	.2438948	.1565855	0
669.15	0	.5994855	.2439622	.1565523	0
668.15	0	.5994514	.2440296	.1565191	0
667.15	0	.5994171	.2440971	.1564858	0
666.15	0	.5993829	.2441646	.1564525	0
665.15	0	.5993486	.2442322	.1564192	0
664.15	0	.5993143	.2442998	.1563859	0
663.15	0	.5992799	.2443676	.1563525	0
662.15	0	.5992455	.2444354	.1563191	0
661.15	0	.5992111	.2445032	.1562857	0
660.15	0	.5991766	.2445712	.1562522	0
659.15	0	.5991421	.2446392	.1562187	0
658.15	0	.5991076	.2447072	.1561852	0
657.15	0	.599073	.2447754	.1561516	0
656.15	0	.5990384	.2448435	.156118	0
655.15	0	.5990038	.2449118	.1560844	0
654.15	0	.5989691	.2449801	.1560508	0
653.15	0	.5989344	.2450485	.1560172	0
652.15	0	.5988996	.2451169	.1559835	0
651.15	0	.5988648	.2451854	.1559498	0
650.15	0	.59883	.245254	.155916	0
649.15	0	.5987951	.2453226	.1558823	0
648.15	0	.5987602	.2453913	.1558485	0
647.15	0	.5987252	.2454601	.1558147	0
646.15	0	.5986902	.2455289	.1557809	0
645.15	0	.5986552	.2455978	.155747	0
644.15	0	.5986201	.2456667	.1557132	0
643.15	0	.598585	.2457357	.1556793	0
642.15	0	.5985499	.2458047	.1556454	0
641.15	0	.5985147	.2458738	.1556115	0
640.15	0	.5984795	.245943	.1555775	0
639.15	0	.5984443	.2460122	.1555436	0
638.15	0	.598409	.2460814	.1555096	0
637.15	0	.5983737	.2461507	.1554756	0
636.15	0	.5983384	.2462201	.1554416	0
635.15	0	.598303	.2462895	.1554075	0
634.15	0	.5982676	.2463589	.1553735	0
633.15	0	.5982321	.2464284	.1553394	0
632.15	0	.5981967	.246498	.1553054	0
631.15	0	.5981612	.2465676	.1552713	0
630.15	0	.5981256	.2466372	.1552372	0
629.15	0	.5980901	.2467069	.1552031	0
628.15	0	.5980545	.2467766	.155169	0
627.15	0	.5980188	.2468463	.1551348	0
626.15	0	.5979832	.2469161	.1551007	0
625.15	0	.5979475	.246986	.1550665	0
624.15	0	.5979118	.2470558	.1550324	0
623.15	0	.5978761	.2471257	.1549982	0
622.15	0	.5978403	.2471957	.154964	0
621.15	0	.5978045	.2472656	.1549299	0
620.15	0	.5977687	.2473356	.1548957	0
619.15	0	.5977329	.2474056	.1548615	0
618.15	0	.597697	.2474757	.1548273	0
617.15	0	.5976612	.2475458	.1547931	0
616.15	0	.5976253	.2476158	.1547589	0
615.15	0	.5975894	.247686	.1547247	0
614.15	0	.5975534	.2477561	.1546905	0
613.15	0	.5975175	.2478263	.1546562	0
612.15	0	.5974815	.2478965	.154622	0
611.15	0	.5974455	.2479667	.1545878	0
610.15	0	.5974095	.2480369	.1545536	0
609.15	0	.5973735	.2481071	.1545194	0
608.15	0	.5973375	.2481774	.1544852	0
607.15	0	.5973014	.2482476	.154451	0
606.15	0	.5972654	.2483179	.1544168	0
605.15	0	.5972293	.2483882	.1543826	0
604.15	0	.5971932	.2484584	.1543484	0
603.15	0	.5971571	.2485287	.1543142	0
602.15	0	.597121	.248599	.15428	0
601.15	0	.5970849	.2486693	.1542458	0
600.15	0	.5970488	.2487396	.1542116	0
599.15	0	.5970127	.2488099	.1541775	0
598.15	0	.5969765	.2488802	.1541433	0
597.15	0	.5969404	.2489505	.1541092	0
596.15	0	.5969042	.2490208	.154075	0
595.15	0	.5968681	.249091	.1540409	0
594.15	0	.5968319	.2491613	.1540068	0
593.15	0	.5967958	.2492316	.1539727	0
592.15	0	.5967596	.2493018	.1539386	0
591.15	0	.5967235	.249372	.1539045	0
590.15	0	.5966873	.2494422	.1538704	0
589.15	0	.5966512	.2495125	.1538364	0
588.15	0	.596615	.2495826	.1538023	0
587.15	0	.5965789	.2496528	.1537683	0
586.15	0	.5965427	.249723	.1537343	0
585.15	0	.5965066	.2497931	.1537003	0
584.15	0	.5964705	.2498632	.1536664	0
583.15	0	.5964344	.2499333	.1536324	0
582.15	0	.5963982	.2500033	.1535985	0
581.15	0	.5963621	.2500733	.1535646	0
580.15	0	.596326	.2501433	.1535307	0
579.15	0	.5962899	.2502133	.1534968	0
578.15	0	.5962538	.2502832	.1534629	0
577.15	0	.5962178	.2503531	.1534291	0
576.15	0	.5961817	.250423	.1533953	0
575.15	0	.5961457	.2504928	.1533615	0
574.15	0	.5961097	.2505625	.1533278	0
573.15	0	.5960737	.2506323	.1532941	0
572.15	0	.5960377	.250702	.1532604	0
571.15	0	.5960017	.2507716	.1532267	0
570.15	0	.5959657	.2508412	.153193	0
569.15	0	.5959298	.2509108	.1531594	0
568.15	0	.5958939	.2509803	.1531258	0
567.15	0	.595858	.2510498	.1530923	0
566.15	0	.5958221	.2511192	.1530588	0
565.15	0	.5957862	.2511885	.1530253	0
564.15	0	.5957504	.2512578	.1529918	0
563.15	0	.5957146	.2513271	.1529584	0
562.15	0	.5956788	.2513963	.152925	0
561.15	0	.595643	.2514654	.1528916	0
560.15	0	.5956073	.2515345	.1528583	0
559.15	0	.5955716	.2516035	.152825	0
558.15	0	.5955359	.2516724	.1527917	0
557.15	0	.5955002	.2517413	.1527585	0
556.15	0	.5954646	.2518101	.1527253	0
555.15	0	.595429	.2518788	.1526921	0
554.15	0	.5953935	.2519475	.152659	0
553.15	0	.5953579	.2520161	.152626	0
552.15	0	.5953224	.2520847	.1525929	0
551.15	0	.595287	.2521531	.1525599	0
550.15	0	.5952515	.2522215	.152527	0
549.15	0	.5952162	.2522898	.1524941	0
548.15	0	.5951808	.252358	.1524612	0
547.15	0	.5951455	.2524262	.1524284	0
546.15	0	.5951102	.2524942	.1523956	0
545.15	0	.5950749	.2525622	.1523629	0
544.15	0	.5950397	.2526301	.1523302	0
543.15	0	.5950046	.2526979	.1522976	0
542.15	0	.5949694	.2527656	.152265	0
541.15	0	.5949344	.2528332	.1522324	0
540.15	0	.5948993	.2529008	.1521999	0
539.15	0	.5948643	.2529682	.1521675	0
538.15	0	.5948294	.2530356	.1521351	0
537.15	0	.5947944	.2531029	.1521027	0
536.15	0	.5947596	.25317	.1520704	0
535.15	0	.5947248	.2532371	.1520382	0
534.15	0	.59469	.2533041	.152006	0
533.15	0	.5946553	.2533709	.1519738	0
532.15	0	.5946206	.2534377	.1519417	0
531.15	0	.5945859	.2535044	.1519097	0
530.15	0	.5945514	.2535709	.1518777	0
529.15	0	.5945168	.2536374	.1518458	0
528.15	0	.5944824	.2537037	.1518139	0
527.15	0	.5944479	.25377	.1517821	0
526.15	0	.5944136	.2538361	.1517504	0
525.15	0	.5943792	.2539021	.1517187	0
524.15	0	.594345	.253968	.151687	0
523.15	0	.5943108	.2540338	.1516555	0
522.15	0	.5942766	.2540995	.1516239	0
521.15	0	.5942425	.254165	.1515925	0
520.15	0	.5942085	.2542305	.1515611	0
519.15	0	.5941745	.2542958	.1515298	0
518.15	0	.5941405	.254361	.1514985	0
517.15	0	.5941067	.2544261	.1514673	0
516.15	0	.5940729	.254491	.1514361	0
515.15	0	.5940391	.2545558	.1514051	0
514.15	0	.5940054	.2546205	.151374	0
513.15	0	.5939718	.2546851	.1513431	0
512.15	0	.5939382	.2547496	.1513122	0
511.15	0	.5939047	.2548139	.1512814	0
510.15	0	.5938713	.2548781	.1512507	0
509.15	0	.5938379	.2549421	.15122	0
508.15	0	.5938046	.255006	.1511894	0
507.15	0	.5937714	.2550698	.1511588	0
506.15	0	.5937383	.2551334	.1511282	0
505.15	0	.5937052	.2551969	.1510978	0
504.15	0	.5936722	.2552603	.1510675	0
503.15	0	.5936392	.2553235	.1510373	0
502.15	0	.5936063	.2553866	.1510071	0
501.15	0	.5935735	.2554496	.150977	0
500.15	0	.5935407	.2555124	.1509469	0
499.15	0	.593508	.255575	.150917	0
498.15	0	.5934754	.2556375	.1508871	0
497.15	0	.5934428	.2556999	.1508573	0
496.15	0	.5934104	.2557621	.1508275	0
495.15	0	.593378	.2558242	.1507979	0
494.15	0	.5933456	.2558861	.1507683	0
493.15	0	.5933134	.2559478	.1507388	0
492.15	0	.5932812	.2560094	.1507094	0
491.15	0	.5932491	.2560709	.1506801	0
490.15	0	.593217	.2561322	.1506508	0
489.15	0	.5931851	.2561933	.1506216	0
488.15	0	.5931532	.2562543	.1505925	0
487.15	0	.5931214	.2563151	.1505635	0
486.15	0	.5930897	.2563758	.1505346	0
485.15	0	.593058	.2564363	.1505057	0
484.15	0	.5930265	.2564966	.150477	0
483.15	0	.592995	.2565568	.1504483	0
482.15	0	.5929636	.2566168	.1504197	0
481.15	0	.5929322	.2566766	.1503912	0
480.15	0	.592901	.2567363	.1503627	0
479.15	0	.5928699	.2567958	.1503344	0
478.15	0	.5928388	.2568551	.1503061	0
477.15	0	.5928078	.2569143	.150278	0
476.15	0	.5927769	.2569732	.1502499	0
475.15	0	.592746	.2570321	.1502219	0
474.15	0	.5927153	.2570907	.150194	0
473.15	0	.5926846	.2571492	.1501662	0
472.15	0	.5926541	.2572075	.1501385	0
471.15	0	.5926236	.2572656	.1501109	0
470.15	0	.5925932	.2573235	.1500833	0
469.15	0	.5925629	.2573813	.1500559	0
468.15	0	.5925326	.2574388	.1500285	0
467.15	0	.5925025	.2574962	.1500013	0
466.15	0	.5924724	.2575534	.1499741	0
465.15	0	.5924425	.2576105	.1499471	0
464.15	0	.5924126	.2576673	.1499201	0
463.15	0	.5923828	.257724	.1498932	0
462.15	0	.5923531	.2577805	.1498664	0
461.15	0	.5923235	.2578367	.1498397	0
460.15	0	.592294	.2578929	.1498132	0
459.15	0	.5922646	.2579488	.1497867	0
458.15	0	.5922352	.2580045	.1497603	0
457.15	0	.592206	.25806	.149734	0
456.15	0	.5921769	.2581154	.1497078	0
455.15	0	.5921478	.2581705	.1496817	0
454.15	0	.5921189	.2582255	.1496557	0
453.15	0	.59209	.2582802	.1496298	0
452.15	0	.5920612	.2583348	.149604	0
451.15	0	.5920326	.2583891	.1495783	0
450.15	0	.592004	.2584433	.1495527	0
449.15	0	.5919755	.2584972	.1495272	0
448.15	0	.5919472	.2585509	.1495019	0
447.15	0	.5919189	.2586044	.1494766	0
446.15	0	.5918908	.2586577	.1494515	0
445.15	0	.5918628	.2587108	.1494264	0
444.15	0	.5918349	.2587637	.1494015	0
443.15	0	.5918071	.2588163	.1493767	0
442.15	0	.5917794	.2588687	.149352	0
441.15	0	.5917518	.2589208	.1493274	0
440.15	0	.5917244	.2589727	.1493029	0
439.15	0	.5916971	.2590244	.1492786	0
438.15	0	.5916699	.2590758	.1492543	0
437.15	0	.5916428	.2591269	.1492302	0
436.15	0	.5916159	.2591778	.1492063	0
435.15	0	.5915892	.2592284	.1491824	0
434.15	0	.5915625	.2592788	.1491587	0
433.15	0	.591536	.2593289	.1491351	0
432.15	0	.5915096	.2593787	.1491116	0
431.15	0	.5914834	.2594283	.1490883	0
430.15	0	.5914574	.2594776	.1490651	0
429.15	0	.5914314	.2595266	.149042	0
428.15	0	.5914057	.2595753	.149019	0
427.15	0	.5913801	.2596237	.1489962	0
426.15	0	.5913546	.2596719	.1489735	0
425.15	0	.5913293	.2597198	.148951	0
424.15	0	.5913041	.2597673	.1489286	0
423.15	0	.5912791	.2598146	.1489063	0
422.15	0	.5912542	.2598616	.1488842	0
421.15	0	.5912295	.2599083	.1488622	0
420.15	0	.591205	.2599547	.1488403	0
419.15	0	.5911806	.2600008	.1488186	0
418.15	0	.5911563	.2600467	.148797	0
417.15	0	.5911322	.2600922	.1487756	0
416.4917	0	.5911165	.260122	.1487615	0
416.4917	0	.5911165	.260122	.1487615	0
416.4917	0	.5911165	.260122	.1487615	0
416.15	0	.5911906	.2599446	.1486627	2.020656E-04
415.15	0	.5914071	.2594262	.1483739	7.927568E-04
414.15	0	.5916232	.2589086	.1480856	.001382574
413.15	0	.5918388	.2583917	.147798	.001971524
412.15	0	.592054	.2578755	.1475109	.002559616
411.15	0	.5922687	.2573601	.1472244	.003146856
410.15	0	.592483	.2568454	.1469384	.003733253
409.15	0	.5926968	.2563313	.1466531	.004318814
408.15	0	.5929102	.255818	.1463683	.004903546
407.15	0	.5931232	.2553053	.146084	.005487456
406.15	0	.5933358	.2547933	.1458003	.006070552
405.15	0	.593548	.2542819	.1455172	.006652841
404.15	0	.5937598	.2537712	.1452347	.00723433
403.15	0	.5939712	.2532611	.1449526	.007815025
402.15	0	.5941823	.2527516	.1446712	.008394934
401.15	0	.594393	.2522427	.1443903	.008974063
400.15	0	.5946033	.2517344	.1441099	.009552419
399.15	0	.5948132	.2512267	.1438301	.01013001
398.15	0	.5950228	.2507196	.1435508	.01070684
397.15	0	.5952321	.250213	.143272	.01128292
396.15	0	.595441	.249707	.1429938	.01185824
395.15	0	.5956496	.2492015	.1427161	.01243283
394.15	0	.5958578	.2486966	.1424389	.01300669
393.15	0	.5960658	.2481922	.1421622	.01357981
392.15	0	.5962734	.2476883	.1418861	.01415221
391.15	0	.5964807	.2471849	.1416105	.0147239
390.15	0	.5966877	.246682	.1413354	.01529488
389.15	0	.5968945	.2461796	.1410608	.01586515
388.15	0	.5971009	.2456777	.1407867	.01643472
387.15	0	.597307	.2451763	.1405131	.0170036
386.15	0	.5975129	.2446753	.1402401	.01757179
385.15	0	.5977185	.2441748	.1399675	.0181393
384.15	0	.5979238	.2436747	.1396954	.01870613
