T	 BPW(LIQUID)	BPW(BCC_A2)	BPW(FCC_A1)	BPW(LAVES_PHASE_C14)	BPW(NI3TI)
1473.15	0	.6921947	.3078053	0	0
1472.15	0	.6901753	.3098247	0	0
1471.15	0	.6881599	.3118401	0	0
1470.15	0	.6861487	.3138513	0	0
1469.15	0	.6841415	.3158586	0	0
1468.15	0	.6821383	.3178617	0	0
1467.15	0	.6801392	.3198608	0	0
1466.15	0	.6781442	.3218558	0	0
1465.15	0	.6761532	.3238469	0	0
1464.15	0	.6741662	.3258338	0	0
1463.15	0	.6721833	.3278167	0	0
1462.15	0	.6702044	.3297956	0	0
1461.15	0	.6682296	.3317704	0	0
1460.15	0	.6662587	.3337413	0	0
1459.15	0	.6642919	.3357081	0	0
1458.15	0	.6623292	.3376708	0	0
1457.15	0	.6603704	.3396296	0	0
1456.15	0	.6584157	.3415843	0	0
1455.15	0	.656465	.343535	0	0
1454.15	0	.6545183	.3454818	0	0
1453.15	0	.6525755	.3474245	0	0
1452.15	0	.6506368	.3493632	0	0
1451.15	0	.6487021	.3512979	0	0
1450.15	0	.6467714	.3532286	0	0
1449.15	0	.6448447	.3551553	0	0
1448.15	0	.6429219	.3570781	0	0
1447.15	0	.6410031	.3589969	0	0
1446.15	0	.6390884	.3609116	0	0
1445.15	0	.6371776	.3628224	0	0
1444.15	0	.6352708	.3647293	0	0
1443.15	0	.6333679	.3666321	0	0
1442.15	0	.631469	.368531	0	0
1441.15	0	.6295741	.3704259	0	0
1440.15	0	.6276832	.3723168	0	0
1439.15	0	.6257962	.3742038	0	0
1438.15	0	.6239132	.3760869	0	0
1437.15	0	.6220341	.3779659	0	0
1436.15	0	.620159	.379841	0	0
1435.15	0	.6182878	.3817122	0	0
1434.15	0	.6164206	.3835794	0	0
1433.15	0	.6145573	.3854427	0	0
1432.15	0	.612698	.387302	0	0
1431.15	0	.6108427	.3891573	0	0
1430.15	0	.6089912	.3910088	0	0
1429.15	0	.6071437	.3928563	0	0
1428.15	0	.6053002	.3946998	0	0
1427.15	0	.6034606	.3965394	0	0
1426.15	0	.6016249	.3983751	0	0
1425.15	0	.5997931	.4002069	0	0
1424.15	0	.5979653	.4020347	0	0
1423.15	0	.5961415	.4038586	0	0
1422.15	0	.5943215	.4056785	0	0
1421.15	0	.5925055	.4074945	0	0
1420.15	0	.5906934	.4093066	0	0
1419.15	0	.5888852	.4111148	0	0
1418.15	0	.5870809	.4129191	0	0
1417.15	0	.5852806	.4147194	0	0
1416.15	0	.5834842	.4165158	0	0
1415.15	0	.5816917	.4183083	0	0
1414.15	0	.5799031	.4200969	0	0
1413.15	0	.5781184	.4218816	0	0
1412.15	0	.5763377	.4236623	0	0
1411.15	0	.5745609	.4254391	0	0
1410.15	0	.572788	.4272121	0	0
1409.15	0	.571019	.428981	0	0
1408.15	0	.5692539	.4307461	0	0
1407.15	0	.5674927	.4325073	0	0
1406.15	0	.5657354	.4342646	0	0
1405.15	0	.5639821	.4360179	0	0
1404.15	0	.5622327	.4377673	0	0
1403.15	0	.5604872	.4395128	0	0
1402.15	0	.5587456	.4412545	0	0
1401.15	0	.5570079	.4429921	0	0
1400.15	0	.5552741	.4447259	0	0
1399.15	0	.5535442	.4464558	0	0
1398.15	0	.5518183	.4481817	0	0
1397.15	0	.5500962	.4499038	0	0
1396.15	0	.5483781	.4516219	0	0
1395.15	0	.5466639	.4533361	0	0
1394.15	0	.5449536	.4550464	0	0
1393.15	0	.5432472	.4567528	0	0
1392.15	0	.5415447	.4584553	0	0
1391.15	0	.5398462	.4601538	0	0
1390.15	0	.5381516	.4618484	0	0
1389.15	0	.5364608	.4635392	0	0
1388.15	0	.5347741	.4652259	0	0
1387.15	0	.5330912	.4669088	0	0
1386.15	0	.5314122	.4685878	0	0
1385.15	0	.5297372	.4702628	0	0
1384.15	0	.5280661	.4719339	0	0
1383.15	0	.5263989	.4736011	0	0
1382.15	0	.5247357	.4752644	0	0
1381.15	0	.5230763	.4769237	0	0
1380.15	0	.5214209	.4785791	0	0
1379.15	0	.5197695	.4802305	0	0
1378.15	0	.5181219	.4818781	0	0
1377.15	0	.5164783	.4835217	0	0
1376.15	0	.5148387	.4851613	0	0
1375.15	0	.513203	.486797	0	0
1374.15	0	.5115712	.4884288	0	0
1373.15	0	.5099433	.4900567	0	0
1372.15	0	.5083195	.4916805	0	0
1371.15	0	.5066995	.4933005	0	0
1370.15	0	.5050835	.4949165	0	0
1369.15	0	.5034715	.4965285	0	0
1368.15	0	.5018634	.4981366	0	0
1367.15	0	.5002593	.4997407	0	0
1366.15	0	.4986591	.5013409	0	0
1365.15	0	.4970629	.5029371	0	0
1364.15	0	.4954707	.5045293	0	0
1363.15	0	.4938825	.5061175	0	0
1362.15	0	.4922982	.5077018	0	0
1361.15	0	.4907179	.5092821	0	0
1360.15	0	.4891416	.5108585	0	0
1359.15	0	.4875692	.5124308	0	0
1358.15	0	.4860009	.5139991	0	0
1357.15	0	.4844365	.5155635	0	0
1356.15	0	.4828761	.5171239	0	0
1355.15	0	.4813198	.5186802	0	0
1354.15	0	.4797674	.5202326	0	0
1353.15	0	.4782191	.521781	0	0
1352.15	0	.4766747	.5233253	0	0
1351.15	0	.4751344	.5248656	0	0
1350.15	0	.4735981	.5264019	0	0
1349.15	0	.4720658	.5279342	0	0
1348.15	0	.4705375	.5294625	0	0
1347.15	0	.4690133	.5309867	0	0
1346.15	0	.4674931	.5325069	0	0
1345.15	0	.465977	.534023	0	0
1344.15	0	.4644649	.5355351	0	0
1343.15	0	.4629569	.5370431	0	0
1342.15	0	.4614529	.5385471	0	0
1341.15	0	.459953	.540047	0	0
1340.15	0	.4584571	.5415429	0	0
1339.15	0	.4569654	.5430346	0	0
1338.15	0	.4554777	.5445223	0	0
1337.15	0	.4539941	.5460059	0	0
1336.15	0	.4525146	.5474854	0	0
1335.15	0	.4510392	.5489608	0	0
1334.15	0	.4495679	.5504322	0	0
1333.15	0	.4481007	.5518994	0	0
1332.15	0	.4466376	.5533624	0	0
1331.15	0	.4451786	.5548214	0	0
1330.15	0	.4437238	.5562762	0	0
1329.15	0	.4422731	.5577269	0	0
1328.15	0	.4408265	.5591735	0	0
1327.15	0	.4393841	.5606159	0	0
1326.15	0	.4379459	.5620541	0	0
1325.15	0	.4365118	.5634882	0	0
1324.15	0	.4350819	.5649181	0	0
1323.15	0	.4336562	.5663438	0	0
1322.15	0	.4322346	.5677654	0	0
1321.15	0	.4308173	.5691827	0	0
1320.15	0	.4294041	.5705959	0	0
1319.15	0	.4279952	.5720048	0	0
1318.15	0	.4265904	.5734096	0	0
1317.15	0	.4251899	.5748101	0	0
1316.15	0	.4237937	.5762063	0	0
1315.15	0	.4224016	.5775984	0	0
1314.15	0	.4210139	.5789861	0	0
1313.15	0	.4196303	.5803697	0	0
1312.15	0	.4182511	.5817489	0	0
1311.15	0	.4168761	.5831239	0	0
1310.15	0	.4155054	.5844946	0	0
1309.15	0	.414139	.585861	0	0
1308.15	0	.4127769	.5872231	0	0
1307.15	0	.4114191	.5885809	0	0
1306.15	0	.4100656	.5899344	0	0
1305.15	0	.4087165	.5912835	0	0
1304.15	0	.4073717	.5926283	0	0
1303.15	0	.4060312	.5939688	0	0
1302.15	0	.4046951	.5953049	0	0
1301.15	0	.4033634	.5966366	0	0
1300.15	0	.4020361	.5979639	0	0
1299.15	0	.4007131	.5992869	0	0
1298.15	0	.3993946	.6006054	0	0
1297.15	0	.3980805	.6019196	0	0
1296.15	0	.3967707	.6032293	0	0
1295.15	0	.3954655	.6045345	0	0
1294.15	0	.3941646	.6058354	0	0
1293.15	0	.3928683	.6071318	0	0
1292.15	0	.3915763	.6084237	0	0
1291.15	0	.3902889	.6097111	0	0
1290.15	0	.389006	.610994	0	0
1289.15	0	.3877275	.6122725	0	0
1288.15	0	.3864536	.6135464	0	0
1287.15	0	.3851842	.6148158	0	0
1286.15	0	.3839193	.6160807	0	0
1285.15	0	.382659	.617341	0	0
1284.15	0	.3814033	.6185967	0	0
1283.15	0	.3801521	.6198479	0	0
1282.15	0	.3789055	.6210945	0	0
1281.15	0	.3776636	.6223365	0	0
1280.15	0	.3764262	.6235738	0	0
1279.15	0	.3751935	.6248066	0	0
1278.15	0	.3739654	.6260347	0	0
1277.15	0	.3727419	.6272581	0	0
1276.15	0	.3715231	.6284769	0	0
1275.15	0	.3703091	.6296909	0	0
1274.15	0	.3690997	.6309003	0	0
1273.15	0	.367895	.632105	0	0
1272.15	0	.366695	.633305	0	0
1271.15	0	.3654998	.6345002	0	0
1270.15	0	.3643094	.6356906	0	0
1269.15	0	.3631237	.6368763	0	0
1268.15	0	.3619428	.6380572	0	0
1267.15	0	.3607667	.6392333	0	0
1266.15	0	.3595954	.6404046	0	0
1265.15	0	.358429	.641571	0	0
1264.15	0	.3572674	.6427326	0	0
1263.15	0	.3561106	.6438894	0	0
1262.15	0	.3549588	.6450412	0	0
1261.15	0	.3538118	.6461882	0	0
1260.15	0	.3526697	.6473303	0	0
1259.15	0	.3515326	.6484674	0	0
1258.15	0	.3504004	.6495996	0	0
1257.15	0	.3492732	.6507268	0	0
1256.15	0	.348151	.651849	0	0
1255.15	0	.3470338	.6529662	0	0
1254.15	0	.3459215	.6540785	0	0
1253.15	0	.3448143	.6551857	0	0
1252.15	0	.3437122	.6562878	0	0
1251.15	0	.3426151	.6573849	0	0
1250.15	0	.3415231	.6584769	0	0
1249.15	0	.3404363	.6595637	0	0
1248.15	0	.3393545	.6606455	0	0
1247.15	0	.3382779	.6617221	0	0
1246.15	0	.3372065	.6627935	0	0
1245.15	0	.3361402	.6638598	0	0
1244.15	0	.3350791	.6649209	0	0
1243.15	0	.3340233	.6659767	0	0
1242.15	0	.3329727	.6670273	0	0
1241.15	0	.3319273	.6680727	0	0
1240.15	0	.3308873	.6691127	0	0
1239.15	0	.3298525	.6701475	0	0
1238.15	0	.3288231	.6711769	0	0
1237.15	0	.327799	.672201	0	0
1236.15	0	.3267802	.6732198	0	0
1235.15	0	.3257669	.6742331	0	0
1234.15	0	.3247589	.6752411	0	0
1233.15	0	.3237564	.6762436	0	0
1232.15	0	.3227594	.6772406	0	0
1231.15	0	.3217678	.6782322	0	0
1230.15	0	.3207817	.6792183	0	0
1229.15	0	.3198011	.6801989	0	0
1228.15	0	.318826	.681174	0	0
1227.15	0	.3178566	.6821434	0	0
1226.15	0	.3168927	.6831073	0	0
1225.15	0	.3159344	.6840656	0	0
1224.15	0	.3149817	.6850183	0	0
1223.15	0	.3140347	.6859653	0	0
1222.15	0	.3130934	.6869066	0	0
1221.15	0	.3121578	.6878422	0	0
1220.15	0	.3112279	.6887721	0	0
1219.15	0	.3103038	.6896962	0	0
1219.096	0	.3102543	.6897457	0	0
1219.096	0	.3102543	.6897457	0	0
1219.096	0	.3102543	.6897457	0	0
1218.15	0	.3087028	.6908977	3.995292E-04	0
1217.15	0	.3070702	.6921093	8.206004E-04	0
1216.15	0	.3054446	.6933149	.001240503	0
1215.15	0	.3038262	.6945145	.001659239	0
1214.15	0	.302215	.6957082	.002076814	0
1213.15	0	.300611	.6968958	.002493231	0
1212.15	0	.2990141	.6980774	.002908492	0
1211.15	0	.2974245	.6992529	.003322602	0
1210.15	0	.2958421	.7004224	.003735563	0
1209.15	0	.294267	.7015857	.004147379	0
1208.15	0	.2926991	.7027428	.004558054	0
1207.15	0	.2911386	.7038938	.004967591	0
1206.15	0	.2895854	.7050387	.005375993	0
1205.15	0	.2880395	.7061772	.005783263	0
1204.15	0	.286501	.7073096	.006189404	0
1203.15	0	.2849699	.7084357	.00659442	0
1202.15	0	.2834463	.7095554	.006998315	0
1201.15	0	.28193	.7106689	.00740109	0
1200.15	0	.2804213	.711776	.007802749	0
1199.15	0	.27892	.7128767	.008203296	0
1198.15	0	.2774263	.7139709	.008602733	0
1197.15	0	.2759401	.7150588	.009001064	0
1196.15	0	.2744615	.7161402	.009398291	0
1195.15	0	.2729905	.7172151	.009794418	0
1194.15	0	.2715272	.7182834	.01018945	0
1193.15	0	.2700714	.7193452	.01058338	0
1192.15	0	.2686234	.7204004	.01097622	0
1191.15	0	.2671831	.7214489	.01136798	0
1190.15	0	.2657505	.7224909	.01175865	0
1189.15	0	.2643257	.7235261	.01214824	0
1188.15	0	.2629087	.7245546	.01253674	0
1187.15	0	.2614995	.7255763	.01292417	0
1186.15	0	.2600982	.7265913	.01331053	0
1185.15	0	.2587047	.7275995	.01369581	0
1184.15	0	.2573192	.7286007	.01408002	0
1183.15	0	.2559417	.7295951	.01446317	0
1182.15	0	.2545721	.7305826	.01484526	0
1181.15	0	.2532106	.7315631	.01522628	0
1180.15	0	.2518571	.7325367	.01560625	0
1179.15	0	.2505117	.7335031	.01598516	0
1178.15	0	.2491744	.7344626	.01636302	0
1177.15	0	.2478453	.7354149	.01673983	0
1176.15	0	.2465244	.7363601	.01711559	0
1175.15	0	.2452117	.737298	.0174903	0
1174.15	0	.2439072	.7382288	.01786398	0
1173.15	0	.2426111	.7391523	.01823661	0
1172.15	0	.2413233	.7400685	.0186082	0
1171.15	0	.2400439	.7409774	.01897877	0
1170.15	0	.2387728	.7418789	.01934829	0
1169.15	0	.2375103	.7427729	.01971679	0
1168.15	0	.2362562	.7436596	.02008426	0
1167.15	0	.2350106	.7445387	.02045071	0
1166.15	0	.2337737	.7454102	.02081613	0
1165.15	0	.2325453	.7462742	.02118053	0
1164.15	0	.2313256	.7471305	.02154391	0
1163.15	0	.2301145	.7479792	.02190628	0
1162.15	0	.2289122	.7488201	.02226763	0
1161.15	0	.2277187	.7496533	.02262797	0
1160.15	0	.226534	.7504787	.0229873	0
1159.15	0	.2253582	.7512962	.02334563	0
1158.15	0	.2241912	.7521058	.02370295	0
1157.15	0	.2230332	.7529075	.02405926	0
1156.15	0	.2218843	.7537012	.02441458	0
1155.15	0	.2207443	.7544868	.02476889	0
1154.15	0	.2196134	.7552644	.02512222	0
1153.15	0	.2184916	.7560338	.02547454	0
1152.15	0	.2173791	.756795	.02582587	0
1151.15	0	.2162758	.757548	.02617622	0
1150.15	0	.2151817	.7582927	.02652557	0
1149.15	0	.214097	.7590291	.02687393	0
1148.15	0	.2130216	.7597571	.02722131	0
1147.15	0	.2119557	.7604766	.02756771	0
1146.15	0	.2108993	.7611876	.02791313	0
1145.15	0	.2098523	.7618901	.02825756	0
1144.15	0	.208815	.762584	.02860102	0
1143.15	0	.2077872	.7632693	.02894351	0
1142.15	0	.2067692	.7639458	.02928502	0
1141.15	0	.2057609	.7646136	.02962556	0
1140.15	0	.2047623	.7652725	.02996513	0
1139.15	0	.2037736	.7659226	.03030373	0
1138.15	0	.2027948	.7665638	.03064136	0
1137.15	0	.201826	.767196	.03097803	0
1136.15	0	.2008672	.7678191	.03131373	0
1135.15	0	.1999184	.7684332	.03164847	0
1134.15	0	.1989797	.7690381	.03198226	0
1133.15	0	.1980512	.7696337	.03231508	0
1132.15	0	.1971329	.7702201	.03264695	0
1131.15	0	.196225	.7707972	.03297786	0
1130.15	0	.1953274	.7713648	.03330781	0
1129.15	0	.1944401	.771923	.03363682	0
1128.15	0	.1935634	.7724717	.03396487	0
1127.15	0	.1926972	.7730108	.03429197	0
1126.15	0	.1918416	.7735403	.03461813	0
1125.15	0	.1909966	.7740601	.03494334	0
1124.15	0	.1901624	.77457	.0352676	0
1123.15	0	.1893389	.7750702	.03559092	0
1122.15	0	.1885263	.7755604	.03591329	0
1121.15	0	.1877245	.7760407	.03623473	0
1120.15	0	.1869338	.776511	.03655522	0
1119.15	0	.1861541	.7769712	.03687478	0
1118.15	0	.1853855	.7774212	.03719339	0
1117.15	0	.184628	.7778609	.03751107	0
1116.15	0	.1838818	.7782904	.03782782	0
1115.15	0	.1831469	.7787095	.03814363	0
1114.15	0	.1824233	.7791182	.03845851	0
1113.15	0	.1817112	.7795164	.03877245	0
1112.15	0	.1810106	.779904	.03908547	0
1111.15	0	.1803215	.7802809	.03939755	0
1110.15	0	.1796441	.7806472	.03970871	0
1109.15	0	.1789785	.7810026	.04001894	0
1108.15	0	.1783246	.7813472	.04032824	0
1107.15	0	.1776825	.7816809	.04063662	0
1106.15	0	.1770524	.7820035	.04094407	0
1105.15	0	.1764343	.7823151	.0412506	0
1104.15	0	.1758283	.7826156	.0415562	0
1103.15	0	.1752344	.7829048	.04186088	0
1102.15	0	.1746527	.7831827	.04216464	0
1101.15	0	.1740833	.7834492	.04246748	0
1100.15	0	.1735263	.7837043	.0427694	0
1099.15	0	.1729817	.7839479	.0430704	0
1098.15	0	.1724496	.7841799	.04337049	0
1097.15	0	.1719302	.7844002	.04366965	0
1096.15	0	.1714234	.7846087	.0439679	0
1095.15	0	.1709293	.7848054	.04426523	0
1094.15	0	.1704481	.7849902	.04456165	0
1093.15	0	.1699798	.7851631	.04485715	0
1092.15	0	.1695244	.7853238	.04515174	0
1091.15	0	.1690822	.7854724	.04544541	0
1090.15	0	.168653	.7856088	.04573817	0
1089.15	0	.1682371	.7857329	.04603002	0
1088.15	0	.1678344	.7858446	.04632096	0
1087.15	0	.1674451	.7859439	.04661098	0
1086.15	0	.1670693	.7860306	.04690009	0
1085.15	0	.166707	.7861047	.0471883	0
1084.15	0	.1663584	.7861661	.04747559	0
1083.15	0	.1660234	.7862147	.04776197	0
1082.15	0	.1657022	.7862504	.04804744	0
1081.15	0	.1653948	.7862732	.048332	0
1080.15	0	.1651014	.7862829	.04861566	0
1079.15	0	.164822	.7862796	.0488984	0
1078.15	0	.1645568	.786263	.04918024	0
1077.15	0	.1643057	.7862332	.04946117	0
1076.15	0	.1640688	.78619	.04974119	0
1075.15	0	.1638463	.7861334	.0500203	0
1074.15	0	.1636383	.7860632	.0502985	0
1073.15	0	.1634447	.7859795	.05057579	0
1072.15	0	.1632658	.7858821	.05085218	0
1071.15	0	.1631015	.7857709	.05112766	0
1070.15	0	.162952	.7856458	.05140224	0
1069.15	0	.1628173	.7855068	.0516759	0
1068.15	0	.1626975	.7853538	.05194866	0
1067.15	0	.1625928	.7851867	.05222051	0
1066.15	0	.1625032	.7850054	.05249145	0
1065.15	0	.1624287	.7848098	.05276148	0
1064.15	0	.1623695	.7845999	.05303061	0
1063.15	0	.1623256	.7843756	.05329882	0
1062.15	0	.1622971	.7841368	.05356613	0
1061.15	0	.1622842	.7838833	.05383253	0
1060.15	0	.1622868	.7836152	.05409802	0
1059.15	0	.1623051	.7833323	.0543626	0
1058.15	0	.1623391	.7830346	.05462628	0
1057.15	0	.162389	.782722	.05488904	0
1056.15	0	.1624547	.7823944	.05515089	0
1055.15	0	.1625365	.7820517	.05541183	0
1054.15	0	.1626343	.7816939	.05567186	0
1053.15	0	.1627483	.7813208	.05593098	0
1052.15	0	.1628785	.7809324	.05618918	0
1051.15	0	.1630249	.7805286	.05644648	0
1050.15	0	.1631878	.7801093	.05670286	0
1049.15	0	.1633672	.7796745	.05695832	0
1048.15	0	.163563	.7792241	.05721288	0
1047.15	0	.1637755	.778758	.05746651	0
1046.15	0	.1640047	.7782761	.05771923	0
1045.15	0	.1642506	.7777784	.05797104	0
1044.15	0	.1645134	.7772647	.05822193	0
1043.15	0	.1647931	.776735	.05847189	0
1042.15	0	.1650897	.7761893	.05872094	0
1041.15	0	.1654034	.7756275	.05896907	0
1040.15	0	.1657343	.7750494	.05921628	0
1039.15	0	.1660823	.7744551	.05946257	0
1038.15	0	.1664476	.7738445	.05970793	0
1037.15	0	.1668303	.7732174	.05995237	0
1036.15	0	.1672303	.7725738	.06019589	0
1035.15	0	.1676478	.7719137	.06043848	0
1034.15	0	.1680828	.7712371	.06068014	0
1033.15	0	.1685354	.7705437	.06092087	0
1032.15	0	.1690057	.7698336	.06116068	0
1031.15	0	.1694937	.7691068	.06139955	0
1030.15	0	.1699995	.7683631	.0616375	0
1029.15	0	.1705231	.7676024	.0618745	0
1028.15	0	.1710646	.7668249	.06211058	0
1027.15	0	.171624	.7660303	.06234571	0
1026.15	0	.1722015	.7652186	.06257991	0
1025.15	0	.172797	.7643899	.06281317	0
1024.15	0	.1734106	.7635439	.06304549	0
1023.15	0	.1740424	.7626808	.06327686	0
1022.15	0	.1746923	.7618004	.06350729	0
1021.15	0	.1753606	.7609027	.06373677	0
1020.15	0	.1760471	.7599876	.06396531	0
1019.15	0	.176752	.7590552	.06419289	0
1018.15	0	.1774752	.7581053	.06441953	0
1017.15	0	.1782169	.7571379	.0646452	0
1016.15	0	.178977	.756153	.06486993	0
1015.15	0	.1797557	.7551507	.06509369	0
1014.15	0	.1805528	.7541307	.0653165	0
1013.15	0	.1813686	.7530931	.06553834	0
1012.15	0	.1822029	.7520379	.06575921	0
1011.15	0	.1830558	.7509651	.06597912	0
1010.15	0	.1839274	.7498746	.06619806	0
1009.15	0	.1848176	.7487663	.06641602	0
1008.15	0	.1857266	.7476404	.06663301	0
1007.15	0	.1866542	.7464968	.06684902	0
1006.15	0	.1876006	.7453353	.06706405	0
1005.15	0	.1885657	.7441562	.0672781	0
1004.15	0	.1895496	.7429592	.06749115	0
1003.15	0	.1905523	.7417445	.06770322	0
1002.15	0	.1915737	.740512	.0679143	0
1001.15	0	.1926139	.7392618	.06812438	0
1000.15	0	.1936728	.7379937	.06833346	0
999.15	0	.1947506	.7367079	.06854153	0
998.15	0	.1958471	.7354043	.0687486	0
997.15	0	.1969624	.734083	.06895466	0
996.15	0	.1980965	.7327438	.06915971	0
995.15	0	.1992493	.731387	.06936373	0
994.15	0	.2004208	.7300125	.06956674	0
993.15	0	.2016111	.7286202	.06976871	0
992.15	0	.2028201	.7272103	.06996966	0
991.15	0	.2040478	.7257827	.07016957	0
990.15	0	.2052941	.7243375	.07036845	0
989.15	0	.206559	.7228747	.07056627	0
988.15	0	.2078426	.7213944	.07076305	0
987.15	0	.2091447	.7198965	.07095878	0
986.15	0	.2104654	.7183812	.07115344	0
985.15	0	.2118046	.7168484	.07134704	0
984.15	0	.2131622	.7152982	.07153957	0
983.15	0	.2145383	.7137307	.07173102	0
982.15	0	.2159327	.712146	.0719214	0
981.15	0	.2173454	.710544	.07211068	0
980.15	0	.2187763	.7089248	.07229887	0
979.15	0	.2202255	.7072885	.07248597	0
978.15	0	.2216928	.7056352	.07267195	0
977.15	0	.2231782	.703965	.07285682	0
976.15	0	.2246816	.7022778	.07304057	0
975.15	0	.226203	.7005738	.0732232	0
974.15	0	.2277422	.6988531	.07340469	0
973.15	0	.2292993	.6971157	.07358504	0
972.15	0	.230874	.6953617	.07376423	0
971.15	0	.2324664	.6935913	.07394227	0
970.15	0	.2340764	.6918045	.07411914	0
969.15	0	.2357038	.6900014	.07429484	0
968.15	0	.2373486	.6881821	.07446935	0
967.15	0	.2390106	.6863467	.07464266	0
966.15	0	.2406899	.6844953	.07481478	0
965.15	0	.2423862	.6826281	.07498568	0
964.15	0	.2440995	.6807451	.07515536	0
963.15	0	.2458297	.6788465	.0753238	0
962.15	0	.2475766	.6769323	.075491	0
961.15	0	.2493402	.6750028	.07565695	0
960.15	0	.2511204	.673058	.07582162	0
959.15	0	.2529169	.6710981	.07598502	0
958.15	0	.2547297	.6691232	.07614713	0
957.15	0	.2565587	.6671334	.07630793	0
956.15	0	.2584037	.6651289	.07646742	0
955.15	0	.2602646	.6631098	.07662558	0
954.15	0	.2621412	.6610764	.07678239	0
953.15	0	.2640335	.6590287	.07693784	0
952.15	0	.2659413	.6569668	.07709192	0
951.15	0	.2678643	.6548911	.07724461	0
950.15	0	.2698026	.6528015	.07739589	0
949.15	0	.2717559	.6506984	.07754575	0
948.15	0	.273724	.6485818	.07769418	0
947.15	0	.2757068	.646452	.07784114	0
946.15	0	.2777042	.6443091	.07798664	0
945.15	0	.279716	.6421534	.07813064	0
944.15	0	.2817419	.639985	.07827313	0
943.15	0	.2837819	.637804	.07841408	0
942.15	0	.2858357	.6356108	.07855348	0
941.15	0	.2879032	.6334055	.07869131	0
940.15	0	.2899842	.6311883	.07882754	0
939.15	0	.2920784	.6289594	.07896215	0
938.15	0	.2941858	.6267191	.07909511	0
937.15	0	.296306	.6244676	.07922641	0
936.15	0	.2984389	.6222051	.07935601	0
935.15	0	.3005843	.6199318	.07948389	0
934.15	0	.3026188	.6177681	.07961309	0
933.15	0	.3046875	.615573	.0797396	0
932.15	0	.3067936	.613343	.07986333	0
931.15	0	.3089354	.6110803	.07998431	0
930.15	0	.3111107	.6087868	.08010259	0
929.15	0	.3133176	.6064642	.08021822	0
928.15	0	.3155544	.6041144	.08033121	0
927.15	0	.3178193	.6017391	.08044162	0
926.15	0	.3201105	.59934	.08054947	0
925.15	0	.3224265	.5969187	.08065479	0
924.15	0	.3247657	.5944767	.08075762	0
923.15	0	.3271266	.5920154	.08085797	0
922.15	0	.3295077	.5895364	.08095587	0
921.15	0	.3319076	.587041	.08105136	0
920.15	0	.3343251	.5845305	.08114444	0
919.15	0	.3367586	.5820063	.08123515	0
918.15	0	.339207	.5794695	.0813235	0
917.15	0	.3416691	.5769214	.08140951	0
916.15	0	.3441437	.5743631	.0814932	0
915.15	0	.3466297	.5717957	.08157459	0
914.15	0	.3491259	.5692204	.0816537	0
913.15	0	.3516313	.5666382	.08173054	0
912.15	0	.3541448	.5640501	.08180513	0
911.15	0	.3566655	.561457	.08187749	0
910.15	0	.3591924	.55886	.08194763	0
909.15	0	.3617246	.5562599	.08201556	0
908.15	0	.3642611	.5536576	.08208131	0
907.15	0	.3668011	.5510541	.08214487	0
906.15	0	.3693437	.54845	.08220628	0
905.15	0	.3718882	.5458463	.08226554	0
904.15	0	.3744337	.5432437	.08232266	0
903.15	0	.3769794	.5406429	.08237767	0
902.15	0	.3795246	.5380448	.08243057	0
901.15	0	.3820687	.53545	.08248137	0
900.15	0	.3846108	.5328591	.0825301	0
899.15	0	.3871503	.5302729	.08257676	0
898.15	0	.3896866	.5276921	.08262136	0
897.15	0	.392219	.5251171	.08266393	0
896.15	0	.3947468	.5225487	.08270447	0
895.15	0	.3972696	.5199874	.082743	0
894.15	0	.3997866	.5174338	.08277954	0
893.15	0	.4022975	.5148885	.08281409	0
892.15	0	.4048015	.5123519	.08284667	0
891.15	0	.4072981	.5098246	.0828773	0
890.15	0	.409787	.507307	.082906	0
889.15	0	.4122675	.5047998	.08293276	0
888.15	0	.4147392	.5023032	.08295763	0
887.15	0	.4172015	.4998179	.0829806	0
886.15	0	.4196542	.4973441	.08300169	0
885.15	0	.4220967	.4948824	.08302092	0
884.15	0	.4245286	.4924331	.08303831	0
883.15	0	.4269495	.4899966	.08305388	0
882.15	0	.429359	.4875734	.08306764	0
881.15	0	.4317567	.4851637	.0830796	0
880.15	0	.4341423	.4827679	.08308979	0
879.15	0	.4365154	.4803864	.08309823	0
878.15	0	.4388757	.4780194	.08310493	0
877.15	0	.4412228	.4756673	.08310991	0
876.15	0	.4435564	.4733304	.08311319	0
875.15	0	.4458763	.4710089	.08311479	0
874.15	0	.4481821	.4687032	.08311473	0
873.15	0	.4504736	.4664134	.08311304	0
872.15	0	.4527505	.4641398	.08310972	0
871.15	0	.4550125	.4618827	.0831048	0
870.15	0	.4572594	.4596423	.0830983	0
869.15	0	.4594911	.4574187	.08309024	0
868.15	0	.4617071	.4552122	.08308064	0
867.15	0	.4639075	.453023	.08306953	0
866.15	0	.4660919	.4508512	.08305692	0
865.15	0	.4682602	.4486969	.08304284	0
864.15	0	.4704123	.4465604	.08302731	0
863.15	0	.4725479	.4444418	.08301034	0
862.15	0	.4746669	.4423412	.08299197	0
861.15	0	.4767692	.4402586	.08297221	0
860.15	0	.4788546	.4381943	.08295108	0
859.15	0	.4809231	.4361483	.08292861	0
858.15	0	.4829745	.4341207	.08290482	0
857.15	0	.4850087	.4321115	.08287973	0
856.15	0	.4870257	.4301209	.08285336	0
855.15	0	.4890254	.4281489	.08282574	0
854.15	0	.4910077	.4261954	.08279689	0
853.15	0	.4929726	.4242606	.08276682	0
852.15	0	.4949199	.4223445	.08273556	0
851.15	0	.4968498	.4204471	.08270314	0
850.15	0	.4987621	.4185683	.08266957	0
849.15	0	.5006568	.4167083	.08263487	0
848.15	0	.502534	.4148669	.08259907	0
847.15	0	.5043936	.4130442	.08256219	0
846.15	0	.5062357	.4112401	.08252424	0
845.15	0	.5080602	.4094546	.08248526	0
844.15	0	.5098671	.4076876	.08244525	0
843.15	0	.5116566	.4059392	.08240425	0
842.15	0	.5134286	.4042091	.08236226	0
841.15	0	.5151833	.4024974	.08231931	0
840.15	0	.5169205	.4008041	.08227542	0
839.15	0	.5186405	.3991289	.08223061	0
838.15	0	.5203432	.3974719	.08218489	0
837.15	0	.5220288	.3958329	.08213829	0
836.15	0	.5236974	.3942118	.08209083	0
835.15	0	.5253489	.3926086	.08204251	0
834.15	0	.5269835	.3910232	.08199337	0
833.15	0	.5286013	.3894553	.08194341	0
832.15	0	.5302024	.387905	.08189266	0
831.15	0	.5317868	.3863721	.08184113	0
830.15	0	.5333548	.3848564	.08178883	0
829.15	0	.5349063	.3833579	.08173579	0
828.15	0	.5364416	.3818763	.08168202	0
827.15	0	.5379608	.3804117	.08162754	0
826.15	0	.5394639	.3789638	.08157236	0
825.15	0	.540951	.3775325	.08151649	0
824.15	0	.5424224	.3761176	.08145996	0
823.15	0	.5438782	.374719	.08140277	0
822.15	0	.5453184	.3733367	.08134494	0
821.15	0	.5467432	.3719703	.08128649	0
820.15	0	.5481528	.3706198	.08122742	0
819.15	0	.5495473	.369285	.08116775	0
818.15	0	.5509268	.3679657	.0811075	0
817.15	0	.5522914	.3666619	.08104667	0
816.15	0	.5536414	.3653733	.08098528	0
815.15	0	.5549769	.3640998	.08092335	0
814.15	0	.5562979	.3628412	.08086087	0
813.15	0	.5576047	.3615974	.08079788	0
812.15	0	.5588974	.3603682	.08073436	0
811.15	0	.5601761	.3591535	.08067035	0
810.15	0	.5614411	.3579531	.08060584	0
809.15	0	.5626923	.3567668	.08054086	0
808.15	0	.5639301	.3555945	.0804754	0
807.15	0	.5651544	.3544361	.08040948	0
806.15	0	.5663656	.3532913	.08034312	0
805.15	0	.5675637	.35216	.08027632	0
804.15	0	.5687488	.3510421	.08020908	0
803.15	0	.5699212	.3499374	.08014143	0
802.15	0	.5710809	.3488457	.08007337	0
801.15	0	.5722282	.3477669	.0800049	0
800.15	0	.5733631	.3467009	.07993604	0
799.15	0	.5744857	.3456475	.07986681	0
798.15	0	.5755964	.3446065	.07979719	0
797.15	0	.576695	.3435777	.07972721	0
796.15	0	.577782	.3425612	.07965688	0
795.15	0	.5788572	.3415566	.07958619	0
794.15	0	.579921	.3405639	.07951517	0
793.15	0	.5809733	.3395828	.07944381	0
792.15	0	.5820145	.3386134	.07937213	0
791.15	0	.5830445	.3376554	.07930013	0
790.15	0	.5840636	.3367086	.07922782	0
789.15	0	.5850718	.335773	.07915521	0
788.15	0	.5860693	.3348484	.07908231	0
787.15	0	.5870562	.3339347	.07900912	0
786.15	0	.5880327	.3330317	.07893565	0
785.15	0	.5889988	.3321393	.07886191	0
784.15	0	.5899547	.3312574	.07878791	0
783.15	0	.5909005	.3303858	.07871365	0
782.15	0	.5918364	.3295245	.07863914	0
781.15	0	.5927624	.3286732	.07856438	0
780.15	0	.5936787	.3278319	.07848939	0
779.15	0	.5945854	.3270005	.07841417	0
778.15	0	.5954825	.3261788	.07833872	0
777.15	0	.5963703	.3253666	.07826306	0
776.15	0	.5972488	.324564	.07818719	0
775.15	0	.5981181	.3237707	.07811111	0
774.15	0	.5989784	.3229867	.07803484	0
773.15	0	.5998298	.3222119	.07795838	0
772.15	0	.6006722	.321446	.07788173	0
771.15	0	.601506	.3206891	.0778049	0
770.15	0	.6023311	.319941	.0777279	0
769.15	0	.6031477	.3192016	.07765073	0
768.15	0	.6039558	.3184708	.0775734	0
767.15	0	.6047556	.3177485	.07749591	0
766.15	0	.6055472	.3170346	.07741828	0
765.5961	0	.6059821	.3166427	.07737522	0
765.5961	0	.6059821	.3166427	.07737522	0
765.5961	0	.6059821	.3166427	.07737522	0
765.15	0	.6075779	.3145404	.07676458	.001117123
764.15	0	.6111009	.3098897	.07540907	.003600355
763.15	0	.6145505	.3053228	.07407172	.006054995
762.15	0	.6179283	.3008379	.07275222	.008481504
761.15	0	.6212359	.2964335	.07145026	.01088034
760.15	0	.6244749	.2921076	.07016553	.01325194
759.15	0	.6276468	.2878587	.06889773	.01559674
758.15	0	.6307532	.2836851	.06764656	.01791517
757.15	0	.6337953	.2795853	.06641175	.02020765
756.15	0	.6367748	.2755576	.065193	.02247459
755.15	0	.639693	.2716006	.06399005	.02471638
754.15	0	.6425512	.2677128	.06280261	.02693343
753.15	0	.6453507	.2638927	.06163043	.02912611
752.15	0	.6480929	.260139	.06047323	.03129482
751.15	0	.6507791	.2564502	.05933076	.03343992
750.15	0	.6534104	.2528251	.05820277	.03556177
749.15	0	.6559881	.2492622	.05708901	.03766074
748.15	0	.6585133	.2457603	.05598923	.03973719
747.15	0	.6609872	.2423181	.0549032	.04179145
746.15	0	.663411	.2389345	.05383066	.04382387
745.15	0	.6657857	.2356081	.05277141	.04583479
744.15	0	.6681124	.2323379	.0517252	.04782454
743.15	0	.6703922	.2291226	.0506918	.04979343
742.15	0	.6726261	.2259611	.04967101	.05174179
741.15	0	.6748151	.2228524	.0486626	.05366993
740.15	0	.6769602	.2197953	.04766636	.05557817
739.15	0	.6790623	.2167888	.04668208	.0574668
738.15	0	.6811225	.2138319	.04570955	.05933611
737.15	0	.6831415	.2109235	.04474857	.06118642
736.15	0	.6851204	.2080626	.04379893	.063018
735.15	0	.6870601	.2052484	.04286045	.06483113
734.15	0	.6889612	.2024797	.04193294	.06662611
733.15	0	.6908248	.1997558	.04101619	.0684032
732.15	0	.6926516	.1970757	.04011002	.07016267
731.15	0	.6944425	.1944384	.03921426	.07190479
730.15	0	.6961982	.1918432	.03832872	.07362983
729.15	0	.6979195	.1892892	.03745322	.07533803
728.15	0	.6996072	.1867755	.03658759	.07702966
727.15	0	.701262	.1843014	.03573165	.07870497
726.15	0	.7028846	.181866	.03488525	.08036419
725.15	0	.7044757	.1794685	.03404821	.08200757
724.15	0	.7060361	.1771082	.03322038	.08363536
723.15	0	.7075663	.1747844	.03240159	.08524777
722.15	0	.7090671	.1724962	.03159168	.08684506
721.15	0	.710539	.170243	.03079051	.08842743
720.15	0	.7119828	.1680241	.02999792	.08999512
719.15	0	.7133991	.1658388	.02921376	.09154834
718.15	0	.7147884	.1636864	.02843789	.09308731
717.15	0	.7161513	.1615663	.02767016	.09461225
716.15	0	.7174884	.1594778	.02691044	.09612336
715.15	0	.7188003	.1574203	.02615858	.09762085
714.15	0	.7200875	.1553931	.02541445	.09910491
713.15	0	.7213506	.1533957	.02467792	.1005758
712.15	0	.72259	.1514275	.02394886	.1020336
711.15	0	.7238064	.1494879	.02322713	.1034786
710.15	0	.7250002	.1475763	.02251262	.1049109
709.15	0	.7261718	.1456922	.02180519	.1063308
708.15	0	.7273218	.143835	.02110474	.1077385
707.15	0	.7284506	.1420042	.02041113	.109134
706.15	0	.7295588	.1401993	.01972425	.1105176
705.15	0	.7306467	.1384198	.019044	.1118895
704.15	0	.7317147	.1366652	.01837024	.1132499
703.15	0	.7327634	.1349349	.01770288	.1145988
702.15	0	.7337931	.1332286	.01704182	.1159365
701.15	0	.7348042	.1315458	.01638693	.1172632
700.15	0	.7357971	.1298859	.01573811	.1185789
699.15	0	.7367723	.1282486	.01509528	.1198839
698.15	0	.73773	.1266334	.01445831	.1211783
697.15	0	.7386707	.1250399	.01382712	.1224623
696.15	0	.7395948	.1234676	.01320162	.123736
695.15	0	.7405025	.1219162	.0125817	.1249995
694.15	0	.7413943	.1203853	.01196727	.1262531
693.15	0	.7422705	.1188745	.01135824	.1274968
692.15	0	.7431313	.1173833	.01075452	.1287309
691.15	0	.7439772	.1159114	.01015604	.1299553
690.15	0	.7448085	.1144585	.009562685	.1311703
689.15	0	.7456253	.1130242	.00897439	.1323761
688.15	0	.7464282	.1116081	.008391067	.1335727
687.15	0	.7472173	.1102099	.007812635	.1347602
686.15	0	.7479929	.1088292	.007239016	.1359389
685.15	0	.7487554	.1074658	.006670131	.1371088
684.15	0	.7495049	.1061192	.006105903	.13827
683.15	0	.7502418	.1047892	.005546258	.1394227
682.15	0	.7509664	.1034755	.004991122	.140567
681.15	0	.7516788	.1021778	.004440423	.141703
680.15	0	.7523794	.1008957	.003894091	.1428308
679.15	0	.7530684	.09962899	.003352056	.1439506
678.15	0	.753746	.09837738	.002814249	.1450624
677.15	0	.7544124	.09714058	.002280605	.1461664
676.15	0	.755068	.09591831	.001751058	.1472626
675.15	0	.7557129	.09471032	.001225543	.1483513
674.15	0	.7563473	.09351633	7.039973E-04	.1494324
673.15	0	.7569714	.0923361	1.863595E-04	.1505061
672.7881	0	.7571948	.09191236	0	.1508929
672.7881	0	.7571948	.09191236	0	.1508929
672.15	0	.7572061	.09177297	0	.151021
671.15	0	.7572222	.09155849	0	.1512193
670.15	0	.7572365	.09134875	0	.1514147
669.15	0	.757249	.09114369	0	.1516073
668.15	0	.7572597	.09094323	0	.1517971
667.15	0	.7572686	.09074729	0	.1519841
666.15	0	.7572758	.09055582	0	.1521684
665.15	0	.7572813	.09036873	0	.1523499
664.15	0	.7572852	.09018596	0	.1525289
663.15	0	.7572874	.09000743	0	.1527052
662.15	0	.757288	.08983309	0	.1528789
661.15	0	.7572871	.08966286	0	.1530501
660.15	0	.7572846	.08949667	0	.1532188
659.15	0	.7572806	.08933447	0	.153385
658.15	0	.757275	.08917619	0	.1535488
657.15	0	.7572681	.08902176	0	.1537102
656.15	0	.7572596	.08887112	0	.1538692
655.15	0	.7572498	.08872421	0	.154026
654.15	0	.7572386	.08858097	0	.1541804
653.15	0	.757226	.08844134	0	.1543327
652.15	0	.7572121	.08830526	0	.1544827
651.15	0	.7571969	.08817267	0	.1546305
650.15	0	.7571803	.08804351	0	.1547762
649.15	0	.7571625	.08791773	0	.1549198
648.15	0	.7571435	.08779527	0	.1550613
647.15	0	.7571232	.08767608	0	.1552007
646.15	0	.7571017	.08756009	0	.1553382
645.15	0	.757079	.08744727	0	.1554737
644.15	0	.7570552	.08733754	0	.1556073
643.15	0	.7570302	.08723087	0	.1557389
642.15	0	.7570041	.08712719	0	.1558687
641.15	0	.7569769	.08702647	0	.1559966
640.15	0	.7569486	.08692864	0	.1561227
639.15	0	.7569193	.08683366	0	.1562471
638.15	0	.7568889	.08674148	0	.1563697
637.15	0	.7568575	.08665205	0	.1564905
636.15	0	.756825	.08656532	0	.1566097
635.15	0	.7567916	.08648126	0	.1567272
634.15	0	.7567576	.08639973	0	.1568426
633.15	0	.7567223	.08632084	0	.1569569
632.15	0	.756686	.08624448	0	.1570696
631.15	0	.7566487	.08617059	0	.1571807
630.15	0	.7566106	.08609913	0	.1572903
629.15	0	.7565715	.08603007	0	.1573984
628.15	0	.7565316	.08596335	0	.157505
627.15	0	.7564909	.08589894	0	.1576102
626.15	0	.7564492	.08583679	0	.157714
625.15	0	.7564068	.08577687	0	.1578163
624.15	0	.7563635	.08571912	0	.1579173
623.15	0	.7563195	.08566353	0	.158017
622.15	0	.7562746	.08561004	0	.1581153
621.15	0	.756229	.08555862	0	.1582124
620.15	0	.7561826	.08550923	0	.1583081
619.15	0	.7561355	.08546183	0	.1584027
618.15	0	.7560877	.08541639	0	.1584959
617.15	0	.7560391	.08537287	0	.158588
616.15	0	.7559898	.08533123	0	.158679
615.15	0	.7559398	.08529145	0	.1587687
614.15	0	.7558892	.08525348	0	.1588573
613.15	0	.7558379	.08521729	0	.1589448
612.15	0	.7557859	.08518285	0	.1590313
611.15	0	.7557333	.08515013	0	.1591166
610.15	0	.75568	.08511909	0	.1592009
609.15	0	.7556261	.08508969	0	.1592842
608.15	0	.7555717	.08506192	0	.1593664
607.15	0	.7555166	.08503574	0	.1594477
606.15	0	.7554609	.08501112	0	.159528
605.15	0	.7554047	.08498802	0	.1596073
604.15	0	.7553478	.08496642	0	.1596857
603.15	0	.7552905	.08494629	0	.1597632
602.15	0	.7552326	.0849276	0	.1598398
601.15	0	.7551741	.08491032	0	.1599156
600.15	0	.7551151	.08489443	0	.1599904
599.15	0	.7550557	.08487989	0	.1600644
598.15	0	.7549957	.08486668	0	.1601376
597.15	0	.7549352	.08485478	0	.16021
596.15	0	.7548742	.08484415	0	.1602816
595.15	0	.7548128	.08483477	0	.1603524
594.15	0	.7547509	.08482662	0	.1604225
593.15	0	.7546885	.08481966	0	.1604918
592.15	0	.7546257	.08481388	0	.1605604
591.15	0	.7545624	.08480926	0	.1606283
590.15	0	.7544988	.08480576	0	.1606955
589.15	0	.7544347	.08480336	0	.160762
588.15	0	.7543702	.08480205	0	.1608278
587.15	0	.7543052	.08480179	0	.160893
586.15	0	.7542399	.08480256	0	.1609575
585.15	0	.7541742	.08480435	0	.1610214
584.15	0	.7541081	.08480713	0	.1610847
583.15	0	.7540417	.08481088	0	.1611474
582.15	0	.7539749	.08481558	0	.1612096
581.15	0	.7539077	.0848212	0	.1612711
580.15	0	.7538402	.08482773	0	.1613321
579.15	0	.7537723	.08483515	0	.1613925
578.15	0	.7537041	.08484343	0	.1614524
577.15	0	.7536356	.08485256	0	.1615118
576.15	0	.7535668	.08486252	0	.1615707
575.15	0	.7534977	.08487328	0	.1616291
574.15	0	.7534282	.08488483	0	.161687
573.15	0	.7533585	.08489716	0	.1617444
572.15	0	.7532884	.08491023	0	.1618013
571.15	0	.7532181	.08492405	0	.1618578
570.15	0	.7531475	.08493857	0	.1619139
569.15	0	.7530767	.0849538	0	.1619695
568.15	0	.7530056	.08496971	0	.1620247
567.15	0	.7529342	.08498629	0	.1620795
566.15	0	.7528626	.08500351	0	.1621339
565.15	0	.7527907	.08502137	0	.1621879
564.15	0	.7527187	.08503984	0	.1622415
563.15	0	.7526463	.08505891	0	.1622947
562.15	0	.7525738	.08507857	0	.1623476
561.15	0	.7525011	.0850988	0	.1624001
560.15	0	.7524281	.08511958	0	.1624523
559.15	0	.7523549	.0851409	0	.1625042
558.15	0	.7522816	.08516274	0	.1625557
557.15	0	.752208	.08518509	0	.1626069
556.15	0	.7521343	.08520794	0	.1626578
555.15	0	.7520603	.08523127	0	.1627084
554.15	0	.7519863	.08525507	0	.1627587
553.15	0	.751912	.08527932	0	.1628087
552.15	0	.7518376	.08530401	0	.1628584
551.15	0	.751763	.08532912	0	.1629079
550.15	0	.7516883	.08535465	0	.1629571
549.15	0	.7516134	.08538058	0	.163006
548.15	0	.7515384	.08540689	0	.1630547
547.15	0	.7514632	.08543359	0	.1631032
546.15	0	.751388	.08546064	0	.1631514
545.15	0	.7513126	.08548804	0	.1631994
544.15	0	.751237	.08551579	0	.1632472
543.15	0	.7511614	.08554386	0	.1632948
542.15	0	.7510857	.08557224	0	.1633421
541.15	0	.7510098	.08560093	0	.1633893
540.15	0	.7509339	.08562991	0	.1634362
539.15	0	.7508579	.08565917	0	.163483
538.15	0	.7507817	.0856887	0	.1635296
537.15	0	.7507055	.08571848	0	.163576
536.15	0	.7506293	.08574852	0	.1636222
535.15	0	.7505529	.08577879	0	.1636683
534.15	0	.7504765	.08580929	0	.1637142
533.15	0	.7504	.08584001	0	.16376
532.15	0	.7503235	.08587093	0	.1638056
531.15	0	.7502469	.08590205	0	.1638511
530.15	0	.7501702	.08593336	0	.1638964
529.15	0	.7500935	.08596484	0	.1639416
528.15	0	.7500168	.08599649	0	.1639867
527.15	0	.74994	.08602829	0	.1640317
526.15	0	.7498633	.08606025	0	.1640765
525.15	0	.7497864	.08609234	0	.1641212
524.15	0	.7497096	.08612457	0	.1641658
523.15	0	.7496327	.08615691	0	.1642104
522.15	0	.7495559	.08618937	0	.1642548
521.15	0	.749479	.08622193	0	.1642991
520.15	0	.7494021	.08625459	0	.1643433
519.15	0	.7493252	.08628733	0	.1643874
518.15	0	.7492483	.08632015	0	.1644315
517.15	0	.7491715	.08635304	0	.1644755
516.15	0	.7490946	.08638599	0	.1645194
515.15	0	.7490178	.086419	0	.1645632
514.15	0	.748941	.08645205	0	.164607
513.15	0	.7488642	.08648514	0	.1646507
512.15	0	.7487874	.08651826	0	.1646943
511.15	0	.7487107	.0865514	0	.1647379
510.15	0	.748634	.08658456	0	.1647815
509.15	0	.7485573	.08661772	0	.164825
508.15	0	.7484807	.08665089	0	.1648684
507.15	0	.7484041	.08668405	0	.1649118
506.15	0	.7483276	.08671719	0	.1649552
505.15	0	.7482512	.08675031	0	.1649985
504.15	0	.7481748	.08678341	0	.1650418
503.15	0	.7480985	.08681647	0	.1650851
502.15	0	.7480222	.08684948	0	.1651283
501.15	0	.747946	.08688245	0	.1651715
500.15	0	.7478699	.08691537	0	.1652147
499.15	0	.7477939	.08694822	0	.1652579
498.15	0	.7477179	.08698101	0	.1653011
497.15	0	.7476421	.08701372	0	.1653442
496.15	0	.7475663	.08704635	0	.1653874
495.15	0	.7474906	.08707889	0	.1654305
494.15	0	.747415	.08711134	0	.1654737
493.15	0	.7473395	.08714369	0	.1655168
492.15	0	.7472642	.08717594	0	.1655599
491.15	0	.7471889	.08720808	0	.1656031
490.15	0	.7471137	.0872401	0	.1656462
489.15	0	.7470387	.087272	0	.1656893
488.15	0	.7469637	.08730377	0	.1657325
487.15	0	.7468889	.08733541	0	.1657757
486.15	0	.7468142	.08736691	0	.1658189
485.15	0	.7467397	.08739826	0	.1658621
484.15	0	.7466653	.08742947	0	.1659053
483.15	0	.746591	.08746052	0	.1659485
482.15	0	.7465168	.08749141	0	.1659918
481.15	0	.7464428	.08752214	0	.1660351
480.15	0	.7463689	.08755269	0	.1660784
479.15	0	.7462952	.08758308	0	.1661217
478.15	0	.7462216	.08761328	0	.1661651
477.15	0	.7461482	.08764329	0	.1662085
476.15	0	.7460749	.08767312	0	.1662519
475.15	0	.7460018	.08770275	0	.1662954
474.15	0	.7459289	.08773218	0	.1663389
473.15	0	.7458561	.08776141	0	.1663825
472.15	0	.7457835	.08779043	0	.1664261
471.15	0	.7457111	.08781924	0	.1664697
470.15	0	.7456388	.08784783	0	.1665134
469.15	0	.7455667	.0878762	0	.1665571
468.15	0	.7454948	.08790434	0	.1666008
467.15	0	.7454231	.08793225	0	.1666447
466.15	0	.7453516	.08795993	0	.1666885
465.15	0	.7452802	.08798737	0	.1667324
464.15	0	.7452091	.08801456	0	.1667764
463.15	0	.7451381	.08804151	0	.1668204
462.15	0	.7450673	.08806821	0	.1668645
461.15	0	.7449968	.08809465	0	.1669086
460.15	0	.7449264	.08812083	0	.1669528
459.15	0	.7448562	.08814675	0	.166997
458.15	0	.7447863	.08817241	0	.1670413
457.15	0	.7447166	.08819779	0	.1670856
456.15	0	.7446471	.0882229	0	.1671301
455.15	0	.7445777	.08824773	0	.1671745
454.15	0	.7445087	.08827229	0	.1672191
453.15	0	.7444398	.08829655	0	.1672637
452.15	0	.7443711	.08832053	0	.1673083
451.15	0	.7443027	.08834422	0	.1673531
450.15	0	.7442345	.08836761	0	.1673979
449.15	0	.7441667	.08839061	0	.1674427
448.15	0	.744099	.08841329	0	.1674877
447.15	0	.7440316	.08843565	0	.1675327
446.15	0	.7439645	.08845768	0	.1675778
445.15	0	.7438977	.08847936	0	.167623
444.15	0	.7438311	.08850068	0	.1676683
443.15	0	.7437648	.08852164	0	.1677136
442.15	0	.7436988	.08854222	0	.167759
441.15	0	.7436331	.08856242	0	.1678045
440.15	0	.7435677	.08858222	0	.1678501
439.15	0	.7435026	.08860161	0	.1678958
438.15	0	.7434378	.08862059	0	.1679416
437.15	0	.7433734	.08863914	0	.1679875
436.15	0	.7433093	.08865726	0	.1680334
435.15	0	.7432456	.08867495	0	.1680795
434.15	0	.7431822	.08869219	0	.1681256
433.15	0	.7431191	.08870897	0	.1681719
432.15	0	.7430565	.08872529	0	.1682183
431.15	0	.7429941	.08874114	0	.1682647
