T	 BPW(LIQUID)	BPW(BCC_A2)	BPW(FCC_A1)	BPW(LAVES_PHASE_C14)	BPW(NI3TI)
1473.15	.5117602	.4882398	0	0	0
1472.15	.5082541	.4917459	0	0	0
1471.15	.5047714	.4952286	0	0	0
1470.15	.501312	.498688	0	0	0
1469.15	.4978756	.5021244	0	0	0
1468.15	.4944621	.5055379	0	0	0
1467.15	.4910713	.5089287	0	0	0
1466.15	.4877031	.5122969	0	0	0
1465.15	.4843572	.5156428	0	0	0
1464.15	.4810336	.5189664	0	0	0
1463.15	.477732	.522268	0	0	0
1462.15	.4744522	.5255478	0	0	0
1461.15	.4711941	.5288059	0	0	0
1460.15	.4679575	.5320425	0	0	0
1459.15	.4647423	.5352577	0	0	0
1458.15	.4615483	.5384517	0	0	0
1457.15	.4583753	.5416247	0	0	0
1456.15	.4552232	.5447768	0	0	0
1455.15	.4520918	.5479082	0	0	0
1454.15	.448981	.551019	0	0	0
1453.15	.4458905	.5541095	0	0	0
1452.15	.4428203	.5571797	0	0	0
1451.15	.4397702	.5602298	0	0	0
1450.15	.43674	.56326	0	0	0
1449.15	.4337296	.5662704	0	0	0
1448.15	.4307388	.5692612	0	0	0
1447.15	.4277676	.5722324	0	0	0
1446.15	.4248156	.5751844	0	0	0
1445.15	.4218829	.5781171	0	0	0
1444.15	.4189692	.5810308	0	0	0
1443.15	.4160744	.5839256	0	0	0
1442.15	.4131983	.5868017	0	0	0
1441.15	.4103409	.5896591	0	0	0
1440.15	.4075019	.5924981	0	0	0
1439.15	.4046813	.5953187	0	0	0
1438.15	.4018789	.5981211	0	0	0
1437.15	.3990946	.6009055	0	0	0
1436.15	.3963281	.6036719	0	0	0
1435.15	.3935795	.6064205	0	0	0
1434.15	.3908485	.6091515	0	0	0
1433.15	.388135	.611865	0	0	0
1432.15	.385439	.614561	0	0	0
1431.15	.3827602	.6172398	0	0	0
1430.15	.3800985	.6199015	0	0	0
1429.15	.3774538	.6225462	0	0	0
1428.15	.374826	.625174	0	0	0
1427.15	.372215	.627785	0	0	0
1426.15	.3696206	.6303794	0	0	0
1425.15	.3670426	.6329574	0	0	0
1424.15	.3644811	.6355189	0	0	0
1423.15	.3619358	.6380642	0	0	0
1422.15	.3594067	.6405934	0	0	0
1421.15	.3568935	.6431065	0	0	0
1420.15	.3543963	.6456037	0	0	0
1419.15	.3519148	.6480852	0	0	0
1418.15	.349449	.650551	0	0	0
1417.15	.3469987	.6530013	0	0	0
1416.15	.3445639	.6554361	0	0	0
1415.15	.3421443	.6578557	0	0	0
1414.15	.33974	.66026	0	0	0
1413.15	.3373507	.6626493	0	0	0
1412.15	.3349765	.6650236	0	0	0
1411.15	.332617	.667383	0	0	0
1410.15	.3302724	.6697276	0	0	0
1409.15	.3279424	.6720577	0	0	0
1408.15	.3256269	.6743731	0	0	0
1407.15	.3233258	.6766742	0	0	0
1406.15	.3210391	.6789609	0	0	0
1405.15	.3187666	.6812334	0	0	0
1404.15	.3165082	.6834918	0	0	0
1403.15	.3142638	.6857362	0	0	0
1402.15	.3120333	.6879667	0	0	0
1401.15	.3098166	.6901834	0	0	0
1400.15	.3076136	.6923864	0	0	0
1399.15	.3054242	.6945758	0	0	0
1398.15	.3032483	.6967517	0	0	0
1397.15	.3010859	.6989141	0	0	0
1396.15	.2989367	.7010633	0	0	0
1395.15	.2968007	.7031993	0	0	0
1394.15	.2946779	.7053221	0	0	0
1393.15	.2925681	.7074319	0	0	0
1392.15	.2904712	.7095288	0	0	0
1391.15	.2883871	.7116129	0	0	0
1390.15	.2863157	.7136843	0	0	0
1389.15	.2842571	.715743	0	0	0
1388.15	.2822109	.7177891	0	0	0
1387.15	.2801772	.7198228	0	0	0
1386.15	.2781559	.7218441	0	0	0
1385.15	.2761469	.7238531	0	0	0
1384.15	.2741501	.7258499	0	0	0
1383.15	.2721653	.7278347	0	0	0
1382.15	.2701926	.7298074	0	0	0
1381.15	.2682319	.7317681	0	0	0
1380.15	.2662829	.7337171	0	0	0
1379.15	.2643458	.7356542	0	0	0
1378.15	.2624203	.7375797	0	0	0
1377.15	.2605064	.7394936	0	0	0
1376.15	.258604	.741396	0	0	0
1375.15	.2567131	.7432869	0	0	0
1374.15	.2548335	.7451665	0	0	0
1373.15	.2529652	.7470348	0	0	0
1372.15	.2511081	.7488919	0	0	0
1371.15	.249262	.750738	0	0	0
1370.15	.247427	.752573	0	0	0
1369.15	.245603	.754397	0	0	0
1368.15	.2437899	.7562102	0	0	0
1367.15	.2419875	.7580125	0	0	0
1366.15	.2401959	.7598041	0	0	0
1365.15	.2384149	.7615851	0	0	0
1364.15	.2366445	.7633555	0	0	0
1363.15	.2348846	.7651154	0	0	0
1362.15	.2331351	.7668649	0	0	0
1361.15	.231396	.768604	0	0	0
1360.15	.2296672	.7703328	0	0	0
1359.75	.2289777	.7710223	0	0	0
1359.75	.2289777	.7710223	0	0	0
1359.75	.2289777	.7710223	0	0	0
1359.15	.2275232	.7718351	0	6.417798E-04	0
1358.15	.2251138	.7731788	0	.00170743	0
1357.15	.2227251	.7745078	0	.002767076	0
1356.15	.220357	.7758222	0	.003820802	0
1355.15	.218009	.7771223	0	.004868689	0
1354.15	.2156809	.7784083	0	.00591082	0
1353.15	.2133723	.7796804	0	.006947274	0
1352.15	.2110832	.7809387	0	.007978128	0
1351.15	.2088131	.7821835	0	.00900346	0
1350.15	.2065618	.7834149	0	.01002334	0
1349.15	.204329	.7846332	0	.01103786	0
1348.15	.2021145	.7858385	0	.01204706	0
1347.15	.199918	.787031	0	.01305105	0
1346.15	.1977393	.7882109	0	.01404986	0
1345.15	.1955781	.7893783	0	.01504359	0
1344.15	.1934342	.7905335	0	.0160323	0
1343.15	.1913074	.7916765	0	.01701604	0
1342.15	.1891974	.7928077	0	.0179949	0
1341.15	.187104	.793927	0	.01896892	0
1340.15	.1850271	.7950348	0	.01993818	0
1339.15	.1829662	.7961311	0	.02090273	0
1338.15	.1809213	.7972161	0	.02186264	0
1337.15	.1788922	.7982899	0	.02281796	0
1336.15	.1768785	.7993527	0	.02376876	0
1335.15	.1748802	.8004047	0	.02471509	0
1334.15	.172897	.801446	0	.02565701	0
1333.15	.1709287	.8024767	0	.02659457	0
1332.15	.1689751	.803497	0	.02752783	0
1331.15	.1670361	.804507	0	.02845684	0
1330.15	.1651114	.8055069	0	.02938165	0
1329.15	.1632009	.8064968	0	.03030232	0
1328.15	.1613044	.8074767	0	.0312189	0
1327.15	.1594216	.8084469	0	.03213143	0
1326.15	.1575525	.8094075	0	.03303997	0
1325.15	.1556968	.8103586	0	.03394456	0
1324.15	.1538544	.8113003	0	.03484526	0
1323.15	.1520251	.8122328	0	.0357421	0
1322.15	.1502088	.8131561	0	.03663514	0
1321.15	.1484052	.8140704	0	.03752442	0
1320.15	.1466142	.8149758	0	.03840999	0
1319.15	.1448357	.8158724	0	.03929188	0
1318.15	.1430695	.8167603	0	.04017015	0
1317.15	.1413155	.8176397	0	.04104483	0
1316.15	.1395735	.8185106	0	.04191597	0
1315.15	.1378433	.8193731	0	.04278361	0
1314.15	.1361248	.8202274	0	.04364778	0
1313.15	.1344179	.8210736	0	.04450854	0
1312.15	.1327223	.8219117	0	.04536591	0
1311.15	.1310381	.822742	0	.04621993	0
1310.15	.129365	.8235643	0	.04707065	0
1309.15	.127703	.8243789	0	.0479181	0
1308.15	.1260518	.8251859	0	.04876232	0
1307.15	.1244113	.8259853	0	.04960334	0
1306.15	.1227815	.8267773	0	.0504412	0
1305.15	.1211621	.8275619	0	.05127594	0
1304.15	.1195531	.8283393	0	.05210759	0
1303.15	.1179544	.8291094	0	.05293618	0
1302.15	.1163657	.8298725	0	.05376175	0
1301.15	.1147871	.8306286	0	.05458433	0
1300.15	.1132183	.8313777	0	.05540395	0
1299.15	.1116559	.8321229	0	.05622119	0
1298.15	.1101065	.8328585	0	.05703499	0
1297.15	.1085667	.8335874	0	.05784593	0
1296.15	.1070363	.8343097	0	.05865403	0
1295.15	.1055152	.8350255	0	.05945934	0
1294.15	.1040033	.8357348	0	.06026187	0
1293.15	.1025005	.8364378	0	.06106166	0
1292.15	.1010067	.8371346	0	.06185874	0
1291.15	.09952174	.8378251	0	.06265314	0
1290.15	.09804559	.8385095	0	.06344487	0
1289.15	.09657812	.8391879	0	.06423398	0
1288.15	.09511922	.8398603	0	.06502049	0
1287.15	.09366881	.8405268	0	.06580442	0
1286.15	.09222678	.8411874	0	.06658581	0
1285.15	.09079304	.8418423	0	.06736467	0
1284.15	.08936749	.8424915	0	.06814104	0
1283.15	.08795004	.843135	0	.06891493	0
1282.15	.0865406	.843773	0	.06968638	0
1281.15	.08513908	.8444055	0	.07045541	0
1280.15	.08374539	.8450326	0	.07122205	0
1279.15	.08235943	.8456543	0	.07198631	0
1278.15	.08098113	.8462706	0	.07274822	0
1277.15	.0796104	.8468818	0	.07350781	0
1276.15	.07824715	.8474878	0	.0742651	0
1275.15	.07689129	.8480886	0	.0750201	0
1274.15	.07554275	.8486844	0	.07577285	0
1273.15	.07420145	.8492752	0	.07652337	0
1272.15	.07286729	.849861	0	.07727167	0
1271.15	.07154022	.850442	0	.07801778	0
1270.15	.07022013	.8510182	0	.07876172	0
1269.15	.06890697	.8515895	0	.07950351	0
1268.15	.06760064	.8521562	0	.08024317	0
1267.15	.06630108	.8527182	0	.08098073	0
1266.15	.06500822	.8532756	0	.0817162	0
1265.15	.06372197	.8538284	0	.0824496	0
1264.15	.06244226	.8543768	0	.08318095	0
1263.15	.06116903	.8549207	0	.08391027	0
1262.15	.0599022	.8554602	0	.08463759	0
1261.15	.05864171	.8559954	0	.08536291	0
1260.15	.05738747	.8565263	0	.08608627	0
1259.15	.05613943	.8570529	0	.08680767	0
1258.15	.05489752	.8575753	0	.08752713	0
1257.15	.05366167	.8580937	0	.08824468	0
1256.15	.05243182	.8586079	0	.08896033	0
1255.15	.05120789	.859118	0	.08967409	0
1254.15	.04998983	.8596242	0	.09038599	0
1253.302	.04896123	.8600504	0	.09098837	0
1253.302	.04896123	.8600504	0	.09098837	0
1253.302	.04896123	.8600504	0	.09098837	0
1253.15	.04776589	.859799	.001277409	.0911577	0
1252.15	.03989121	.8581716	.00966973	.09226751	0
1251.15	.03201516	.8565932	.01802386	.09336775	0
1250.15	.02413758	.8550636	.02634031	.09445851	0
1249.15	.0162583	.8535823	.03461956	.09553988	0
1248.15	.008377165	.8521488	.04286211	.09661193	0
1247.15	4.940189E-04	.8507628	.05106845	.09767475	0
1247.087	0	.8506775	.05158145	.09774104	0
1247.087	0	.8506775	.05158145	.09774104	0
1246.15	0	.8494507	.05230871	.09824063	0
1245.15	0	.8481455	.05308222	.09877232	0
1244.15	0	.846844	.05385329	.09930267	0
1243.15	0	.8455464	.05462193	.09983169	0
1242.15	0	.8442525	.05538815	.1003594	0
1241.15	0	.8429623	.05615195	.1008857	0
1240.15	0	.8416759	.05691333	.1014108	0
1239.15	0	.8403932	.05767231	.1019345	0
1238.15	0	.8391142	.05842889	.1024569	0
1237.15	0	.8378389	.05918307	.102978	0
1236.15	0	.8365673	.05993486	.1034978	0
1235.15	0	.8352994	.06068426	.1040163	0
1234.15	0	.8340352	.06143128	.1045335	0
1233.15	0	.8327746	.06217593	.1050495	0
1232.15	0	.8315177	.06291821	.1055641	0
1231.15	0	.8302644	.06365813	.1060775	0
1230.15	0	.8290148	.06439569	.1065895	0
1229.15	0	.8277688	.0651309	.1071004	0
1228.15	0	.8265263	.06586376	.1076099	0
1227.15	0	.8252875	.06659428	.1081182	0
1226.15	0	.8240523	.06732246	.1086252	0
1225.15	0	.8228207	.06804831	.109131	0
1224.15	0	.8215926	.06877183	.1096355	0
1223.15	0	.8203681	.06949303	.1101388	0
1222.15	0	.8191472	.07021191	.1106409	0
1221.15	0	.8179298	.07092849	.1111417	0
1220.15	0	.816716	.07164276	.1116413	0
1219.15	0	.8155056	.07235472	.1121396	0
1218.15	0	.8142988	.07306439	.1126368	0
1217.15	0	.8130955	.07377177	.1131327	0
1216.15	0	.8118957	.07447687	.1136274	0
1215.15	0	.8106994	.07517968	.1141209	0
1214.15	0	.8095066	.07588022	.1146132	0
1213.15	0	.8083172	.07657848	.1151043	0
1212.15	0	.8071314	.07727448	.1155942	0
1211.15	0	.8059489	.07796822	.1160829	0
1210.15	0	.8047699	.0786597	.1165704	0
1209.15	0	.8035944	.07934893	.1170567	0
1208.15	0	.8024222	.08003591	.1175419	0
1207.15	0	.8012535	.08072064	.1180258	0
1206.15	0	.8000882	.08140315	.1185086	0
1205.15	0	.7989264	.08208341	.1189902	0
1204.15	0	.7977679	.08276145	.1194707	0
1203.15	0	.7966127	.08343727	.11995	0
1202.15	0	.795461	.08411086	.1204281	0
1201.15	0	.7943126	.08478225	.1209051	0
1200.15	0	.7931676	.08545142	.121381	0
1199.15	0	.792026	.08611838	.1218557	0
1198.15	0	.7908876	.08678315	.1223292	0
1197.15	0	.7897527	.08744572	.1228016	0
1196.15	0	.788621	.08810609	.1232729	0
1195.15	0	.7874927	.08876428	.123743	0
1194.15	0	.7863676	.08942029	.1242121	0
1193.15	0	.7852459	.09007411	.12468	0
1192.15	0	.7841275	.09072576	.1251468	0
1191.15	0	.7830124	.09137525	.1256124	0
1190.15	0	.7819005	.09202256	.126077	0
1189.15	0	.7807919	.09266772	.1265404	0
1188.15	0	.7796866	.09331071	.1270027	0
1187.15	0	.7785845	.09395156	.127464	0
1186.15	0	.7774857	.09459025	.1279241	0
1185.15	0	.7763901	.0952268	.1283831	0
1184.15	0	.7752977	.09586121	.1288411	0
1183.15	0	.7742086	.09649349	.1292979	0
1182.15	0	.7731226	.09712363	.1297537	0
1181.15	0	.7720399	.09775164	.1302084	0
1180.15	0	.7709604	.09837754	.1306621	0
1179.15	0	.7698841	.0990013	.1311146	0
1178.15	0	.768811	.09962296	.1315661	0
1177.15	0	.767741	.1002425	.1320165	0
1176.15	0	.7666742	.1008599	.1324658	0
1175.15	0	.7656106	.1014753	.1329141	0
1174.15	0	.7645502	.1020885	.1333613	0
1173.15	0	.7634929	.1026996	.1338075	0
1172.15	0	.7624387	.1033087	.1342526	0
1171.15	0	.7613877	.1039157	.1346967	0
1170.15	0	.7603397	.1045205	.1351397	0
1169.15	0	.759295	.1051233	.1355817	0
1168.15	0	.7582533	.105724	.1360227	0
1167.15	0	.7572147	.1063227	.1364626	0
1166.15	0	.7561793	.1069193	.1369015	0
1165.15	0	.7551469	.1075138	.1373393	0
1164.15	0	.7541176	.1081062	.1377762	0
1163.15	0	.7530914	.1086966	.138212	0
1162.15	0	.7520683	.109285	.1386468	0
1161.15	0	.7510482	.1098713	.1390805	0
1160.15	0	.7500312	.1104555	.1395133	0
1159.15	0	.7490172	.1110377	.1399451	0
1158.15	0	.7480063	.1116179	.1403758	0
1157.15	0	.7469984	.112196	.1408056	0
1156.15	0	.7459936	.1127721	.1412343	0
1155.15	0	.7449918	.1133462	.141662	0
1154.15	0	.7439929	.1139183	.1420888	0
1153.15	0	.7429971	.1144883	.1425146	0
1152.15	0	.7420044	.1150563	.1429393	0
1151.15	0	.7410146	.1156223	.1433631	0
1150.15	0	.7400278	.1161863	.1437859	0
1149.15	0	.739044	.1167483	.1442077	0
1148.15	0	.7380632	.1173083	.1446286	0
1147.15	0	.7370853	.1178663	.1450484	0
1146.15	0	.7361104	.1184223	.1454673	0
1145.15	0	.7351385	.1189763	.1458852	0
1144.15	0	.7341695	.1195283	.1463022	0
1143.15	0	.7332035	.1200783	.1467182	0
1142.15	0	.7322404	.1206264	.1471332	0
1141.15	0	.7312803	.1211725	.1475473	0
1140.15	0	.7303231	.1217166	.1479604	0
1139.15	0	.7293688	.1222587	.1483725	0
1138.15	0	.7284174	.1227989	.1487837	0
1137.15	0	.7274689	.1233371	.149194	0
1136.15	0	.7265234	.1238733	.1496033	0
1135.15	0	.7255807	.1244076	.1500117	0
1134.15	0	.724641	.1249399	.1504191	0
1133.15	0	.7237041	.1254703	.1508256	0
1132.15	0	.7227701	.1259987	.1512312	0
1131.15	0	.721839	.1265252	.1516358	0
1130.15	0	.7209107	.1270498	.1520395	0
1129.15	0	.7199853	.1275724	.1524423	0
1128.15	0	.7190628	.1280931	.1528441	0
1127.15	0	.7181431	.1286118	.153245	0
1126.15	0	.7172263	.1291287	.153645	0
1125.15	0	.7163123	.1296436	.1540441	0
1124.15	0	.7154012	.1301566	.1544423	0
1123.15	0	.7144928	.1306676	.1548395	0
1122.15	0	.7135873	.1311768	.1552359	0
1121.15	0	.7126847	.1316841	.1556313	0
1120.15	0	.7117848	.1321894	.1560258	0
1119.15	0	.7108877	.1326928	.1564195	0
1118.15	0	.7099935	.1331944	.1568122	0
1117.15	0	.709102	.133694	.157204	0
1116.15	0	.7082133	.1341918	.1575949	0
1115.15	0	.7073274	.1346876	.1579849	0
1114.15	0	.7064443	.1351816	.1583741	0
1113.15	0	.705564	.1356737	.1587623	0
1112.15	0	.7046864	.1361639	.1591497	0
1111.15	0	.7038116	.1366522	.1595362	0
1110.15	0	.7029396	.1371387	.1599217	0
1109.15	0	.7020703	.1376233	.1603064	0
1108.15	0	.7012037	.138106	.1606903	0
1107.15	0	.7003399	.1385869	.1610732	0
1106.15	0	.6994789	.1390659	.1614553	0
1105.15	0	.6986205	.139543	.1618365	0
1104.15	0	.6977649	.1400183	.1622168	0
1103.15	0	.696912	.1404917	.1625963	0
1102.15	0	.6960619	.1409633	.1629749	0
1101.15	0	.6952144	.141433	.1633526	0
1100.15	0	.6943696	.1419009	.1637294	0
1099.15	0	.6935276	.142367	.1641054	0
1098.15	0	.6926882	.1428312	.1644806	0
1097.15	0	.6918516	.1432936	.1648548	0
1096.15	0	.6910176	.1437541	.1652283	0
1095.15	0	.6901863	.1442129	.1656009	0
1094.15	0	.6893576	.1446698	.1659726	0
1093.15	0	.6885317	.1451249	.1663434	0
1092.15	0	.6877084	.1455782	.1667135	0
1091.15	0	.6868878	.1460296	.1670826	0
1090.15	0	.6860698	.1464793	.167451	0
1089.15	0	.6852544	.1469271	.1678184	0
1088.15	0	.6844418	.1473732	.1681851	0
1087.15	0	.6836317	.1478174	.1685509	0
1086.15	0	.6828243	.1482599	.1689158	0
1085.15	0	.6820195	.1487005	.16928	0
1084.15	0	.6812174	.1491394	.1696433	0
1083.15	0	.6804178	.1495764	.1700057	0
1082.15	0	.6796209	.1500117	.1703673	0
1081.15	0	.6788266	.1504453	.1707281	0
1080.15	0	.6780349	.150877	.1710881	0
1079.15	0	.6772458	.1513069	.1714472	0
1078.15	0	.6764593	.1517351	.1718056	0
1077.15	0	.6756754	.1521616	.1721631	0
1076.15	0	.6748941	.1525862	.1725197	0
1075.15	0	.6741153	.1530091	.1728756	0
1074.15	0	.6733392	.1534302	.1732306	0
1073.15	0	.6725656	.1538496	.1735848	0
1072.15	0	.6717945	.1542672	.1739382	0
1071.15	0	.6710261	.1546831	.1742908	0
1070.15	0	.6702602	.1550973	.1746426	0
1069.15	0	.6694968	.1555097	.1749935	0
1068.15	0	.668736	.1559203	.1753437	0
1067.15	0	.6679777	.1563292	.175693	0
1066.15	0	.667222	.1567364	.1760416	0
1065.15	0	.6664688	.1571419	.1763893	0
1064.15	0	.6657182	.1575456	.1767362	0
1063.15	0	.66497	.1579477	.1770823	0
1062.15	0	.6642244	.158348	.1774276	0
1061.15	0	.6634813	.1587466	.1777721	0
1060.15	0	.6627407	.1591434	.1781158	0
1059.15	0	.6620026	.1595386	.1784587	0
1058.15	0	.6612671	.1599321	.1788009	0
1057.15	0	.660534	.1603239	.1791422	0
1056.15	0	.6598034	.1607139	.1794827	0
1055.15	0	.6590753	.1611023	.1798224	0
1054.15	0	.6583496	.161489	.1801614	0
1053.15	0	.6576265	.161874	.1804995	0
1052.15	0	.6569058	.1622573	.1808369	0
1051.15	0	.6561876	.162639	.1811734	0
1050.15	0	.6554719	.163019	.1815092	0
1049.15	0	.6547586	.1633973	.1818442	0
1048.15	0	.6540478	.1637739	.1821784	0
1047.15	0	.6533394	.1641489	.1825118	0
1046.15	0	.6526334	.1645222	.1828444	0
1045.15	0	.6519299	.1648939	.1831762	0
1044.15	0	.6512289	.1652639	.1835073	0
1043.15	0	.6505302	.1656322	.1838375	0
1042.15	0	.649834	.165999	.184167	0
1041.15	0	.6491402	.166364	.1844957	0
1040.15	0	.6484489	.1667275	.1848237	0
1039.15	0	.6477599	.1670893	.1851508	0
1038.15	0	.6470733	.1674495	.1854772	0
1037.15	0	.6463892	.167808	.1858028	0
1036.15	0	.6457075	.168165	.1861276	0
1035.15	0	.6450281	.1685203	.1864516	0
1034.15	0	.6443511	.168874	.1867749	0
1033.15	0	.6436765	.1692261	.1870974	0
1032.15	0	.6430043	.1695766	.1874191	0
1031.15	0	.6423345	.1699255	.18774	0
1030.15	0	.641667	.1702728	.1880602	0
1029.15	0	.6410018	.1706186	.1883796	0
1028.15	0	.6403391	.1709627	.1886982	0
1027.15	0	.6396787	.1713053	.189016	0
1026.15	0	.6390206	.1716462	.1893331	0
1025.15	0	.6383649	.1719857	.1896494	0
1024.15	0	.6377115	.1723235	.189965	0
1023.15	0	.6370605	.1726598	.1902797	0
1022.15	0	.6364118	.1729945	.1905937	0
1021.15	0	.6357654	.1733277	.190907	0
1020.15	0	.6351213	.1736593	.1912194	0
1019.15	0	.6344795	.1739894	.1915311	0
1018.15	0	.6338401	.1743179	.191842	0
1017.15	0	.6332029	.1746449	.1921522	0
1016.15	0	.6325681	.1749704	.1924616	0
1015.15	0	.6319355	.1752943	.1927702	0
1014.15	0	.6313052	.1756168	.193078	0
1013.15	0	.6306772	.1759377	.1933851	0
1012.15	0	.6300515	.1762571	.1936914	0
1011.15	0	.629428	.176575	.193997	0
1010.15	0	.6288068	.1768914	.1943018	0
1009.15	0	.6281879	.1772063	.1946058	0
1008.15	0	.6275712	.1775198	.194909	0
1007.15	0	.6269568	.1778317	.1952115	0
1006.15	0	.6263446	.1781422	.1955132	0
1005.15	0	.6257346	.1784512	.1958142	0
1004.15	0	.6251269	.1787587	.1961144	0
1003.15	0	.6245214	.1790648	.1964138	0
1002.15	0	.6239181	.1793694	.1967124	0
1001.15	0	.6233171	.1796726	.1970103	0
1000.15	0	.6227182	.1799744	.1973074	0
999.15	0	.6221216	.1802747	.1976038	0
998.15	0	.6215271	.1805735	.1978994	0
997.15	0	.6209348	.180871	.1981942	0
996.15	0	.6203448	.181167	.1984882	0
995.15	0	.6197569	.1814617	.1987815	0
994.15	0	.6191711	.1817549	.199074	0
993.15	0	.6185876	.1820467	.1993657	0
992.15	0	.6180062	.1823371	.1996567	0
991.15	0	.6174269	.1826262	.1999469	0
990.15	0	.6168498	.1829139	.2002363	0
989.15	0	.6162749	.1832002	.200525	0
988.15	0	.6157021	.1834851	.2008129	0
987.15	0	.6151313	.1837687	.2011	0
986.15	0	.6145628	.1840509	.2013863	0
985.15	0	.6139963	.1843318	.2016719	0
984.15	0	.613432	.1846114	.2019567	0
983.15	0	.6128697	.1848896	.2022407	0
982.15	0	.6123096	.1851665	.2025239	0
981.15	0	.6117515	.1854421	.2028064	0
980.15	0	.6111955	.1857164	.2030881	0
979.15	0	.6106416	.1859894	.203369	0
978.15	0	.6100898	.1862611	.2036491	0
977.15	0	.60954	.1865315	.2039285	0
976.15	0	.6089923	.1868007	.204207	0
975.15	0	.6084466	.1870685	.2044848	0
974.15	0	.607903	.1873352	.2047618	0
973.15	0	.6073614	.1876006	.2050381	0
972.15	0	.6068218	.1878647	.2053135	0
971.15	0	.6062842	.1881276	.2055882	0
970.15	0	.6057487	.1883893	.205862	0
969.15	0	.6052151	.1886498	.2061351	0
968.15	0	.6046836	.188909	.2064074	0
967.15	0	.604154	.1891671	.2066789	0
966.15	0	.6036264	.189424	.2069496	0
965.15	0	.6031007	.1896797	.2072195	0
964.15	0	.6025771	.1899343	.2074886	0
963.15	0	.6020554	.1901877	.207757	0
962.15	0	.6015356	.1904399	.2080245	0
961.15	0	.6010177	.190691	.2082912	0
960.15	0	.6005018	.190941	.2085572	0
959.15	0	.5999878	.1911899	.2088223	0
958.15	0	.5994758	.1914376	.2090866	0
957.15	0	.5989656	.1916843	.2093502	0
956.15	0	.5984573	.1919299	.2096129	0
955.15	0	.5979509	.1921744	.2098748	0
954.15	0	.5974463	.1924178	.2101359	0
953.15	0	.5969437	.1926602	.2103962	0
952.15	0	.5964429	.1929015	.2106556	0
951.15	0	.5959439	.1931418	.2109143	0
950.15	0	.5954468	.1933811	.2111721	0
949.15	0	.5949514	.1936194	.2114291	0
948.15	0	.594458	.1938567	.2116853	0
947.15	0	.5939663	.194093	.2119407	0
946.15	0	.5934764	.1943284	.2121953	0
945.15	0	.5929883	.1945628	.212449	0
944.15	0	.592502	.1947962	.2127019	0
943.15	0	.5920174	.1950287	.2129539	0
942.15	0	.5915346	.1952603	.2132051	0
941.15	0	.5910535	.195491	.2134555	0
940.15	0	.5905742	.1957207	.2137051	0
939.15	0	.5900966	.1959497	.2139538	0
938.15	0	.5896207	.1961777	.2142016	0
937.15	0	.5891465	.1964049	.2144486	0
936.15	0	.588674	.1966312	.2146948	0
935.15	0	.5882031	.1968568	.2149401	0
934.15	0	.5877339	.1970815	.2151846	0
933.15	0	.5872664	.1973054	.2154282	0
932.15	0	.5868005	.1975286	.2156709	0
931.15	0	.5863363	.1977509	.2159128	0
930.15	0	.5858737	.1979726	.2161538	0
929.15	0	.5854126	.1981935	.2163939	0
928.15	0	.5849532	.1984137	.2166332	0
927.15	0	.5844953	.1986331	.2168715	0
926.15	0	.584039	.1988519	.2171091	0
925.15	0	.5835843	.1990701	.2173457	0
924.15	0	.583131	.1992875	.2175814	0
923.15	0	.5826794	.1995044	.2178163	0
922.15	0	.5822292	.1997206	.2180502	0
921.15	0	.5817805	.1999362	.2182833	0
920.15	0	.5813333	.2001513	.2185154	0
919.15	0	.5808876	.2003658	.2187467	0
918.15	0	.5804433	.2005797	.218977	0
917.15	0	.5800005	.2007931	.2192065	0
916.15	0	.579559	.201006	.219435	0
915.15	0	.579119	.2012184	.2196626	0
914.15	0	.5786804	.2014303	.2198893	0
913.15	0	.5782432	.2016418	.220115	0
912.15	0	.5778073	.2018528	.2203399	0
911.15	0	.5773728	.2020635	.2205637	0
910.15	0	.5769396	.2022737	.2207867	0
909.15	0	.5765077	.2024836	.2210087	0
908.15	0	.5760771	.2026931	.2212297	0
907.15	0	.5756478	.2029023	.2214498	0
906.15	0	.5752198	.2031112	.221669	0
905.15	0	.574793	.2033199	.2218872	0
904.15	0	.5743674	.2035282	.2221044	0
903.15	0	.5739431	.2037363	.2223206	0
902.15	0	.5735199	.2039442	.2225359	0
901.15	0	.5730979	.2041519	.2227501	0
900.15	0	.5726771	.2043595	.2229634	0
899.15	0	.5722574	.2045669	.2231757	0
898.15	0	.5718388	.2047741	.223387	0
897.15	0	.5714214	.2049813	.2235973	0
896.15	0	.571005	.2051884	.2238066	0
895.15	0	.5705896	.2053955	.2240149	0
894.15	0	.5701753	.2056025	.2242221	0
893.15	0	.5697621	.2058096	.2244284	0
892.15	0	.5693498	.2060166	.2246336	0
891.15	0	.5689385	.2062238	.2248377	0
890.15	0	.5685282	.206431	.2250408	0
889.15	0	.5681188	.2066384	.2252429	0
888.15	0	.5677103	.2068459	.2254439	0
887.15	0	.5673027	.2070536	.2256438	0
886.15	0	.5668959	.2072614	.2258427	0
885.15	0	.56649	.2074695	.2260404	0
884.15	0	.566085	.2076779	.2262371	0
883.15	0	.5656807	.2078866	.2264327	0
882.15	0	.5652772	.2080956	.2266272	0
881.15	0	.5648745	.2083049	.2268206	0
880.15	0	.5644725	.2085147	.2270129	0
879.15	0	.5640711	.2087248	.2272041	0
878.15	0	.5636705	.2089354	.2273941	0
877.15	0	.5632705	.2091466	.227583	0
876.15	0	.5628711	.2093582	.2277707	0
875.15	0	.5624724	.2095704	.2279573	0
874.15	0	.5620742	.2097832	.2281427	0
873.15	0	.5616765	.2099966	.2283269	0
872.15	0	.5612793	.2102107	.22851	0
871.15	0	.5608827	.2104254	.2286919	0
870.15	0	.5604865	.210641	.2288726	0
869.15	0	.5600907	.2108573	.229052	0
868.15	0	.5596953	.2110744	.2292303	0
867.15	0	.5593003	.2112924	.2294073	0
866.15	0	.5589056	.2115113	.2295831	0
865.15	0	.5585113	.2117312	.2297576	0
864.15	0	.5581171	.211952	.2299308	0
863.15	0	.5577233	.2121739	.2301028	0
862.15	0	.5573296	.2123968	.2302735	0
861.15	0	.5569362	.2126209	.230443	0
860.15	0	.5565428	.2128461	.2306111	0
859.15	0	.5561496	.2130726	.2307779	0
858.15	0	.5557564	.2133003	.2309433	0
857.15	0	.5553632	.2135293	.2311075	0
856.15	0	.5549701	.2137596	.2312702	0
855.15	0	.5545769	.2139914	.2314316	0
854.15	0	.5541836	.2142247	.2315917	0
853.15	0	.5537902	.2144595	.2317503	0
852.15	0	.5533967	.2146958	.2319075	0
851.15	0	.5530029	.2149337	.2320633	0
850.15	0	.5526089	.2151734	.2322177	0
849.15	0	.5522146	.2154148	.2323706	0
848.15	0	.55182	.2156579	.232522	0
847.15	0	.551425	.215903	.232672	0
846.15	0	.5510296	.21615	.2328204	0
845.15	0	.5506337	.2163989	.2329674	0
844.15	0	.5502373	.2166499	.2331128	0
843.15	0	.5498403	.216903	.2332566	0
842.15	0	.5494427	.2171583	.2333989	0
841.15	0	.5490445	.2174159	.2335396	0
840.15	0	.5486455	.2176758	.2336787	0
839.15	0	.5482458	.2179381	.2338161	0
838.15	0	.5478452	.2182029	.2339519	0
837.15	0	.5474437	.2184702	.2340861	0
836.15	0	.5470413	.2187402	.2342185	0
835.15	0	.5466379	.2190129	.2343492	0
834.15	0	.5462334	.2192884	.2344782	0
833.15	0	.5458277	.2195668	.2346054	0
832.15	0	.5454209	.2198482	.2347309	0
831.15	0	.5450128	.2201327	.2348545	0
830.15	0	.5446034	.2204204	.2349763	0
829.15	0	.5441925	.2207113	.2350962	0
828.15	0	.5437802	.2210056	.2352142	0
827.15	0	.5433663	.2213034	.2353303	0
826.15	0	.5429508	.2216048	.2354444	0
825.15	0	.5425335	.22191	.2355565	0
824.15	0	.5421144	.2222189	.2356667	0
823.15	0	.5416935	.2225318	.2357747	0
822.15	0	.5412705	.2228488	.2358807	0
821.15	0	.5408455	.22317	.2359846	0
820.15	0	.5404182	.2234955	.2360862	0
819.15	0	.5399887	.2238256	.2361857	0
818.15	0	.5395568	.2241603	.2362829	0
817.15	0	.5391224	.2244998	.2363778	0
816.15	0	.5386853	.2248442	.2364704	0
815.15	0	.5382456	.2251938	.2365606	0
814.15	0	.5378029	.2255487	.2366484	0
813.15	0	.5373572	.2259091	.2367337	0
812.15	0	.5369084	.2262751	.2368164	0
811.15	0	.5364564	.2266471	.2368966	0
810.15	0	.5360008	.2270252	.236974	0
809.15	0	.535544	.2274076	.2370484	0
808.15	0	.535081	.2277987	.2371204	0
807.15	0	.534614	.2281965	.2371895	0
806.15	0	.5341429	.2286014	.2372557	0
805.15	0	.5336675	.2290137	.2373188	0
804.15	0	.5331875	.2294337	.2373789	0
803.15	0	.5327027	.2298615	.2374358	0
802.15	0	.532213	.2302977	.2374894	0
801.15	0	.5317179	.2307424	.2375396	0
800.15	0	.5312174	.2311962	.2375864	0
799.15	0	.5307111	.2316594	.2376295	0
798.15	0	.5301987	.2321324	.237669	0
797.15	0	.5296798	.2326156	.2377046	0
796.15	0	.5291541	.2331096	.2377362	0
795.15	0	.5286213	.2336149	.2377637	0
794.15	0	.528081	.2341321	.237787	0
793.15	0	.5275326	.2346617	.2378057	0
792.15	0	.5269757	.2352044	.2378199	0
791.15	0	.5264099	.2357609	.2378292	0
790.15	0	.5258345	.236332	.2378334	0
789.15	0	.525249	.2369186	.2378324	0
788.15	0	.5246526	.2375215	.2378259	0
787.15	0	.5240447	.2381418	.2378135	0
786.15	0	.5234244	.2387806	.2377949	0
785.15	0	.5227909	.2394392	.2377699	0
784.15	0	.5221431	.2401189	.2377381	0
783.15	0	.5214799	.2408212	.2376989	0
782.15	0	.5208	.2415479	.2376521	0
781.15	0	.5201022	.2423009	.2375969	0
780.15	0	.5193847	.2430825	.2375328	0
779.15	0	.5186457	.2438951	.2374592	0
778.15	0	.5178831	.2447416	.2373752	0
777.15	0	.5170946	.2456255	.23728	0
776.15	0	.5162771	.2465505	.2371724	0
775.15	0	.5154273	.2475215	.2370513	0
774.15	0	.5145412	.2485438	.236915	0
773.15	0	.513134	.2502601	.2366059	0
772.15	0	.5111495	.2527487	.2361018	0
771.15	0	.5093982	.254936	.2356659	0
770.15	0	.5078272	.2568909	.2352819	0
769.15	0	.506401	.2586599	.2349391	0
768.15	0	.5050941	.2602761	.2346298	0
767.15	0	.5038877	.261764	.2343483	0
766.15	0	.5027673	.2631423	.2340903	0
765.15	0	.5017217	.2644258	.2338525	0
764.15	0	.5007416	.2656262	.2336323	0
763.15	0	.4998196	.2667531	.2334273	0
762.15	0	.4989494	.2678146	.2332359	0
761.15	0	.498126	.2688175	.2330566	0
760.15	0	.4973448	.2697672	.232888	0
759.15	0	.4966021	.2706688	.2327291	0
758.15	0	.4958945	.2715265	.2325791	0
757.15	0	.4952192	.2723438	.232437	0
756.15	0	.4945736	.2731242	.2323022	0
755.15	0	.4939556	.2738703	.2321741	0
754.15	0	.4933631	.2745848	.2320521	0
753.15	0	.4927944	.2752699	.2319357	0
752.15	0	.4922478	.2759276	.2318246	0
751.15	0	.491722	.2765598	.2317183	0
750.15	0	.4912155	.2771681	.2316164	0
749.15	0	.4907273	.2777539	.2315188	0
748.15	0	.4902563	.2783187	.231425	0
747.15	0	.4898014	.2788637	.2313348	0
746.15	0	.4893618	.2793901	.2312481	0
745.15	0	.4889366	.2798989	.2311645	0
744.15	0	.4885251	.280391	.2310839	0
743.15	0	.4881265	.2808673	.2310061	0
742.15	0	.4877403	.2813288	.230931	0
741.15	0	.4873657	.2817761	.2308583	0
740.15	0	.4870022	.2822099	.2307879	0
739.15	0	.4866492	.2826309	.2307198	0
738.15	0	.4863064	.2830398	.2306538	0
737.15	0	.4859732	.2834371	.2305897	0
736.15	0	.4856492	.2838233	.2305274	0
735.15	0	.485334	.284199	.230467	0
734.15	0	.4850272	.2845646	.2304082	0
733.15	0	.4847284	.2849206	.230351	0
732.15	0	.4844373	.2852673	.2302954	0
731.15	0	.4841536	.2856053	.2302411	0
730.15	0	.483877	.2859348	.2301882	0
729.15	0	.4836072	.2862561	.2301366	0
728.15	0	.483344	.2865698	.2300863	0
727.15	0	.483087	.2868759	.2300371	0
726.15	0	.4828361	.2871749	.229989	0
725.15	0	.4825909	.2874671	.229942	0
724.15	0	.4823514	.2877526	.229896	0
723.15	0	.4821173	.2880318	.229851	0
722.15	0	.4818883	.2883048	.2298069	0
721.15	0	.4816644	.288572	.2297636	0
720.15	0	.4814452	.2888335	.2297212	0
719.15	0	.4812308	.2890895	.2296797	0
718.15	0	.4810208	.2893403	.2296388	0
717.15	0	.4808152	.289586	.2295988	0
716.15	0	.4806138	.2898268	.2295594	0
715.15	0	.4804164	.2900629	.2295207	0
714.15	0	.480223	.2902944	.2294826	0
713.15	0	.4800333	.2905215	.2294452	0
712.15	0	.4798474	.2907444	.2294083	0
711.15	0	.4796649	.2909631	.229372	0
710.15	0	.4794859	.2911779	.2293362	0
709.15	0	.4793103	.2913888	.2293009	0
708.15	0	.4791378	.291596	.2292662	0
707.15	0	.4789685	.2917996	.2292319	0
706.15	0	.4788022	.2919998	.229198	0
705.15	0	.4786389	.2921965	.2291646	0
704.15	0	.4784784	.29239	.2291316	0
703.15	0	.4783206	.2925804	.229099	0
702.15	0	.4781656	.2927676	.2290668	0
701.15	0	.4780131	.292952	.229035	0
700.15	0	.4778632	.2931334	.2290034	0
699.15	0	.4777157	.293312	.2289723	0
698.15	0	.4775706	.293488	.2289414	0
697.15	0	.4774278	.2936613	.2289109	0
696.15	0	.4772873	.2938321	.2288806	0
695.15	0	.477149	.2940004	.2288506	0
694.15	0	.4770128	.2941663	.2288209	0
693.15	0	.4768787	.2943299	.2287915	0
692.15	0	.4767465	.2944912	.2287622	0
691.15	0	.4766164	.2946504	.2287333	0
690.15	0	.4764881	.2948074	.2287045	0
689.15	0	.4763617	.2949623	.228676	0
688.15	0	.4762371	.2951152	.2286477	0
687.15	0	.4761143	.2952662	.2286195	0
686.15	0	.4759931	.2954153	.2285916	0
685.15	0	.4758737	.2955625	.2285638	0
684.15	0	.4757558	.295708	.2285362	0
683.15	0	.4756396	.2958516	.2285088	0
682.15	0	.4755249	.2959936	.2284815	0
681.15	0	.4754116	.296134	.2284544	0
680.15	0	.4752999	.2962727	.2284274	0
679.15	0	.4751896	.2964098	.2284006	0
678.15	0	.4750807	.2965455	.2283739	0
677.15	0	.4749731	.2966796	.2283473	0
676.15	0	.4748669	.2968123	.2283208	0
675.15	0	.4747619	.2969436	.2282945	0
674.15	0	.4746583	.2970736	.2282682	0
673.15	0	.4745558	.2972021	.2282421	0
672.15	0	.4744546	.2973294	.228216	0
671.15	0	.4743545	.2974555	.22819	0
670.15	0	.4742556	.2975803	.2281642	0
669.15	0	.4741578	.2977039	.2281384	0
668.15	0	.4740611	.2978263	.2281126	0
667.15	0	.4739654	.2979476	.228087	0
666.15	0	.4738708	.2980678	.2280614	0
665.15	0	.4737773	.2981868	.2280359	0
664.15	0	.4736847	.2983049	.2280104	0
663.15	0	.4735931	.2984218	.2279851	0
662.15	0	.4735025	.2985378	.2279597	0
661.15	0	.4734128	.2986528	.2279344	0
660.15	0	.473324	.2987668	.2279092	0
659.15	0	.4732361	.29888	.227884	0
658.15	0	.473149	.2989921	.2278588	0
657.15	0	.4730629	.2991034	.2278337	0
656.15	0	.4729775	.2992139	.2278086	0
655.15	0	.472893	.2993234	.2277836	0
654.15	0	.4728093	.2994322	.2277586	0
653.15	0	.4727263	.2995401	.2277336	0
652.15	0	.4726441	.2996473	.2277086	0
651.15	0	.4725627	.2997536	.2276837	0
650.15	0	.472482	.2998592	.2276588	0
649.15	0	.472402	.2999641	.2276339	0
648.15	0	.4723228	.3000683	.227609	0
647.15	0	.4722442	.3001717	.2275841	0
646.15	0	.4721663	.3002745	.2275593	0
645.15	0	.472089	.3003766	.2275344	0
644.15	0	.4720124	.300478	.2275096	0
643.15	0	.4719365	.3005788	.2274847	0
642.15	0	.4718612	.3006789	.2274599	0
641.15	0	.4717864	.3007785	.2274351	0
640.15	0	.4717123	.3008774	.2274103	0
639.15	0	.4716388	.3009758	.2273855	0
638.15	0	.4715658	.3010736	.2273606	0
637.15	0	.4714934	.3011708	.2273358	0
636.15	0	.4714216	.3012674	.227311	0
635.15	0	.4713503	.3013635	.2272861	0
634.15	0	.4712796	.3014591	.2272613	0
633.15	0	.4712093	.3015542	.2272365	0
632.15	0	.4711396	.3016488	.2272116	0
631.15	0	.4710704	.3017429	.2271868	0
630.15	0	.4710017	.3018364	.2271619	0
629.15	0	.4709334	.3019296	.227137	0
628.15	0	.4708657	.3020222	.2271121	0
627.15	0	.4707984	.3021144	.2270872	0
626.15	0	.4707316	.3022061	.2270623	0
625.15	0	.4706652	.3022974	.2270374	0
624.15	0	.4705993	.3023883	.2270124	0
623.15	0	.4705338	.3024788	.2269875	0
622.15	0	.4704687	.3025688	.2269625	0
621.15	0	.4704041	.3026584	.2269375	0
620.15	0	.4703398	.3027477	.2269125	0
619.15	0	.470276	.3028365	.2268875	0
618.15	0	.4702126	.302925	.2268624	0
617.15	0	.4701496	.3030131	.2268374	0
616.15	0	.4700869	.3031008	.2268123	0
615.15	0	.4700247	.3031882	.2267872	0
614.15	0	.4699628	.3032752	.226762	0
613.15	0	.4699013	.3033619	.2267369	0
612.15	0	.4698401	.3034482	.2267117	0
611.15	0	.4697793	.3035342	.2266865	0
610.15	0	.4697189	.3036199	.2266613	0
609.15	0	.4696588	.3037052	.226636	0
608.15	0	.469599	.3037902	.2266108	0
607.15	0	.4695396	.3038749	.2265855	0
606.15	0	.4694805	.3039593	.2265602	0
605.15	0	.4694217	.3040434	.2265349	0
604.15	0	.4693633	.3041273	.2265095	0
603.15	0	.4693051	.3042108	.2264841	0
602.15	0	.4692473	.304294	.2264587	0
601.15	0	.4691898	.304377	.2264333	0
600.15	0	.4691325	.3044596	.2264078	0
599.15	0	.4690756	.304542	.2263824	0
598.15	0	.469019	.3046242	.2263568	0
597.15	0	.4689626	.3047061	.2263313	0
596.15	0	.4689066	.3047877	.2263058	0
595.15	0	.4688508	.304869	.2262802	0
594.15	0	.4687953	.3049501	.2262546	0
593.15	0	.46874	.305031	.226229	0
592.15	0	.4686851	.3051116	.2262033	0
591.15	0	.4686304	.305192	.2261777	0
590.15	0	.4685759	.3052721	.2261519	0
589.15	0	.4685217	.305352	.2261262	0
588.15	0	.4684678	.3054317	.2261005	0
587.15	0	.4684141	.3055112	.2260747	0
586.15	0	.4683607	.3055904	.2260489	0
585.15	0	.4683075	.3056694	.2260231	0
584.15	0	.4682545	.3057482	.2259973	0
583.15	0	.4682018	.3058268	.2259714	0
582.15	0	.4681494	.3059051	.2259455	0
581.15	0	.4680971	.3059833	.2259196	0
580.15	0	.4680451	.3060612	.2258937	0
579.15	0	.4679933	.306139	.2258677	0
578.15	0	.4679417	.3062165	.2258417	0
577.15	0	.4678904	.3062939	.2258157	0
576.15	0	.4678393	.306371	.2257897	0
575.15	0	.4677884	.306448	.2257636	0
574.15	0	.4677377	.3065247	.2257376	0
573.15	0	.4676872	.3066013	.2257115	0
572.15	0	.4676369	.3066777	.2256854	0
571.15	0	.4675869	.3067539	.2256592	0
570.15	0	.467537	.3068299	.2256331	0
569.15	0	.4674873	.3069058	.2256069	0
568.15	0	.4674379	.3069814	.2255807	0
567.15	0	.4673886	.3070569	.2255545	0
566.15	0	.4673395	.3071322	.2255283	0
565.15	0	.4672907	.3072073	.225502	0
564.15	0	.467242	.3072823	.2254758	0
563.15	0	.4671935	.307357	.2254495	0
562.15	0	.4671452	.3074317	.2254232	0
561.15	0	.4670971	.3075061	.2253968	0
560.15	0	.4670491	.3075804	.2253705	0
559.15	0	.4670014	.3076545	.2253441	0
558.15	0	.4669538	.3077284	.2253178	0
557.15	0	.4669064	.3078022	.2252914	0
556.15	0	.4668592	.3078758	.225265	0
555.15	0	.4668122	.3079493	.2252386	0
554.15	0	.4667653	.3080226	.2252121	0
553.15	0	.4667186	.3080957	.2251857	0
552.15	0	.4666721	.3081687	.2251592	0
551.15	0	.4666257	.3082415	.2251327	0
550.15	0	.4665796	.3083142	.2251062	0
549.15	0	.4665335	.3083867	.2250797	0
548.15	0	.4664879	.3084591	.2250531	0
547.15	0	.4664422	.3085313	.2250265	0
546.15	0	.4663966	.3086034	.225	0
545.15	0	.4663513	.3086753	.2249735	0
544.15	0	.4663061	.308747	.2249469	0
543.15	0	.466261	.3088186	.2249203	0
542.15	0	.4662162	.3088901	.2248937	0
541.15	0	.4661714	.3089614	.2248671	0
540.15	0	.4661269	.3090326	.2248405	0
539.15	0	.4660825	.3091036	.2248139	0
538.15	0	.4660382	.3091745	.2247873	0
537.15	0	.4659941	.3092452	.2247607	0
536.15	0	.4659501	.3093158	.2247341	0
535.15	0	.4659063	.3093863	.2247074	0
534.15	0	.4658627	.3094565	.2246808	0
533.15	0	.4658192	.3095267	.2246541	0
532.15	0	.4657758	.3095967	.2246275	0
531.15	0	.4657326	.3096666	.2246008	0
530.15	0	.4656895	.3097363	.2245742	0
529.15	0	.4656466	.3098059	.2245475	0
528.15	0	.4656038	.3098753	.2245208	0
527.15	0	.4655612	.3099446	.2244942	0
526.15	0	.4655187	.3100138	.2244675	0
525.15	0	.4654763	.3100828	.2244408	0
524.15	0	.4654341	.3101517	.2244142	0
523.15	0	.4653921	.3102204	.2243875	0
522.15	0	.4653501	.310289	.2243608	0
521.15	0	.4653084	.3103575	.2243342	0
520.15	0	.4652667	.3104258	.2243075	0
519.15	0	.4652252	.310494	.2242808	0
518.15	0	.4651838	.310562	.2242542	0
517.15	0	.4651426	.3106299	.2242275	0
516.15	0	.4651015	.3106977	.2242009	0
515.15	0	.4650605	.3107653	.2241742	0
514.15	0	.4650197	.3108328	.2241476	0
513.15	0	.464979	.3109001	.2241209	0
512.15	0	.4649384	.3109673	.2240943	0
511.15	0	.464898	.3110344	.2240677	0
510.15	0	.4648577	.3111013	.224041	0
509.15	0	.4648175	.3111681	.2240144	0
508.15	0	.4647774	.3112347	.2239878	0
507.15	0	.4647375	.3113012	.2239612	0
506.15	0	.4646978	.3113676	.2239346	0
505.15	0	.4646581	.3114338	.2239081	0
504.15	0	.4646186	.3114999	.2238815	0
503.15	0	.4645792	.3115659	.2238549	0
502.15	0	.4645399	.3116317	.2238284	0
501.15	0	.4645008	.3116973	.2238019	0
500.15	0	.4644618	.3117628	.2237754	0
499.15	0	.4644229	.3118282	.2237489	0
498.15	0	.4643842	.3118935	.2237224	0
497.15	0	.4643455	.3119586	.2236959	0
496.15	0	.464307	.3120235	.2236695	0
495.15	0	.4642687	.3120883	.223643	0
494.15	0	.4642304	.312153	.2236166	0
493.15	0	.4641923	.3122175	.2235902	0
492.15	0	.4641543	.3122819	.2235638	0
491.15	0	.4641164	.3123461	.2235374	0
490.15	0	.4640787	.3124103	.2235111	0
489.15	0	.4640411	.3124742	.2234847	0
488.15	0	.4640036	.312538	.2234584	0
487.15	0	.4639662	.3126017	.2234321	0
486.15	0	.463929	.3126652	.2234058	0
485.15	0	.4638918	.3127286	.2233796	0
484.15	0	.4638548	.3127918	.2233534	0
483.15	0	.4638179	.3128549	.2233272	0
482.15	0	.4637812	.3129178	.223301	0
481.15	0	.4637445	.3129806	.2232748	0
480.15	0	.463708	.3130433	.2232487	0
479.15	0	.4636716	.3131058	.2232226	0
478.15	0	.4636354	.3131681	.2231965	0
477.15	0	.4635992	.3132303	.2231704	0
476.15	0	.4635632	.3132924	.2231444	0
475.15	0	.4635273	.3133543	.2231184	0
474.15	0	.4634915	.3134161	.2230924	0
473.15	0	.4634558	.3134777	.2230665	0
472.15	0	.4634203	.3135391	.2230406	0
471.15	0	.4633849	.3136004	.2230147	0
470.15	0	.4633496	.3136616	.2229889	0
469.15	0	.4633144	.3137226	.222963	0
468.15	0	.4632793	.3137834	.2229372	0
467.15	0	.4632444	.3138441	.2229115	0
466.15	0	.4632096	.3139047	.2228858	0
465.15	0	.4631749	.3139651	.2228601	0
464.15	0	.4631403	.3140253	.2228344	0
463.15	0	.4631059	.3140854	.2228088	0
462.15	0	.4630715	.3141453	.2227832	0
461.15	0	.4630373	.314205	.2227577	0
460.15	0	.4630032	.3142647	.2227321	0
459.15	0	.4629692	.3143241	.2227067	0
458.15	0	.4629353	.3143834	.2226812	0
457.15	0	.4629016	.3144426	.2226558	0
456.15	0	.462868	.3145015	.2226305	0
455.15	0	.4628345	.3145604	.2226052	0
454.15	0	.4628011	.314619	.2225799	0
453.15	0	.4627678	.3146775	.2225546	0
452.15	0	.4627347	.3147359	.2225294	0
451.15	0	.4627017	.314794	.2225043	0
450.15	0	.4626688	.3148521	.2224792	0
449.15	0	.462636	.3149099	.2224541	0
448.15	0	.4626034	.3149675	.2224291	0
447.15	0	.4625709	.315025	.2224041	0
446.15	0	.4625385	.3150823	.2223792	0
445.15	0	.4625063	.3151394	.2223544	0
444.15	0	.4624742	.3151963	.2223296	0
443.15	0	.4624422	.315253	.2223048	0
442.15	0	.4624104	.3153095	.2222801	0
441.15	0	.4623787	.3153658	.2222555	0
440.15	0	.4623471	.315422	.2222309	0
439.15	0	.4623157	.3154779	.2222064	0
438.15	0	.4622845	.3155336	.222182	0
437.15	0	.4622534	.3155891	.2221576	0
436.15	0	.4622224	.3156443	.2221333	0
435.15	0	.4621916	.3156994	.222109	0
434.15	0	.462161	.3157542	.2220848	0
433.15	0	.4621305	.3158088	.2220607	0
432.15	0	.4621002	.3158631	.2220367	0
431.15	0	.46207	.3159172	.2220128	0
430.15	0	.46204	.3159711	.2219889	0
429.15	0	.4620102	.3160247	.2219651	0
428.15	0	.4619805	.3160781	.2219414	0
427.15	0	.461951	.3161313	.2219177	0
426.15	0	.4619217	.3161842	.2218941	0
425.15	0	.4618925	.3162368	.2218707	0
424.15	0	.4618635	.3162893	.2218473	0
423.15	0	.4618347	.3163414	.2218239	0
422.15	0	.461806	.3163933	.2218007	0
