T	 BPW(LIQUID)	BPW(BCC_A2)	BPW(FCC_A1)	BPW(LAVES_PHASE_C14)	BPW(NI3TI)
1473.15	.2606431	.6964682	0	.04288862	0
1472.15	.2545597	.7004264	0	.04501392	0
1471.15	.2485891	.7043057	0	.04710526	0
1470.15	.2427281	.7081083	0	.04916359	0
1469.15	.2369739	.7118363	0	.05118982	0
1468.15	.2313236	.7154915	0	.05318483	0
1467.15	.2257745	.719076	0	.05514946	0
1466.15	.2203239	.7225916	0	.05708455	0
1465.15	.2149692	.7260399	0	.05899087	0
1464.15	.209708	.7294228	0	.0608692	0
1463.15	.2045379	.7327419	0	.06272026	0
1462.15	.1994564	.7359988	0	.06454479	0
1461.15	.1944615	.739195	0	.06634346	0
1460.15	.189551	.7423321	0	.06811694	0
1459.15	.1847226	.7454115	0	.06986588	0
1458.15	.1799745	.7484346	0	.0715909	0
1457.15	.1753046	.7514028	0	.07329261	0
1456.15	.170711	.7543175	0	.07497159	0
1455.15	.1661918	.7571798	0	.0766284	0
1454.15	.1617454	.759991	0	.0782636	0
1453.15	.1573699	.7627524	0	.07987772	0
1452.15	.1530637	.7654651	0	.08147126	0
1451.15	.1488251	.7681302	0	.08304473	0
1450.15	.1446525	.7707489	0	.08459861	0
1449.15	.1405445	.7733222	0	.08613336	0
1448.15	.1364995	.7758511	0	.08764945	0
1447.15	.1325161	.7783366	0	.08914731	0
1446.15	.1285928	.7807798	0	.09062737	0
1445.15	.1247284	.7831816	0	.09209004	0
1444.15	.1209215	.7855428	0	.09353573	0
1443.15	.1171707	.7878645	0	.09496481	0
1442.15	.113475	.7901474	0	.09637768	0
1441.15	.1098329	.7923924	0	.0977747	0
1440.15	.1062435	.7946003	0	.09915623	0
1439.15	.1027055	.7967719	0	.1005226	0
1438.15	.09921776	.7989081	0	.1018742	0
1437.15	.09577928	.8010095	0	.1032113	0
1436.15	.09238897	.8030768	0	.1045342	0
1435.15	.08904581	.8051109	0	.1058433	0
1434.15	.0857488	.8071124	0	.1071388	0
1433.15	.08249698	.809082	0	.108421	0
1432.15	.0792894	.8110203	0	.1096903	0
1431.15	.07612514	.812928	0	.1109469	0
1430.15	.07300331	.8148057	0	.112191	0
1429.15	.06992303	.816654	0	.113423	0
1428.15	.06688346	.8184735	0	.114643	0
1427.15	.06388378	.8202648	0	.1158514	0
1426.15	.06092317	.8220285	0	.1170483	0
1425.15	.05800086	.8237651	0	.1182341	0
1424.15	.05511607	.8254751	0	.1194089	0
1423.15	.05226807	.827159	0	.1205729	0
1422.15	.04945614	.8288174	0	.1217264	0
1421.15	.04667955	.8304508	0	.1228696	0
1420.15	.04393762	.8320597	0	.1240027	0
1419.15	.04122969	.8336444	0	.1251259	0
1418.15	.03855508	.8352056	0	.1262394	0
1417.15	.03591317	.8367435	0	.1273433	0
1416.15	.03330333	.8382588	0	.1284379	0
1415.15	.03072495	.8397517	0	.1295234	0
1414.15	.02817743	.8412227	0	.1305998	0
1413.15	.0256602	.8426723	0	.1316675	0
1412.15	.02317268	.8441008	0	.1327265	0
1411.15	.02071433	.8455086	0	.1337771	0
1410.15	.0182846	.8468961	0	.1348193	0
1409.15	.01588297	.8482637	0	.1358534	0
1408.15	.01350892	.8496116	0	.1368794	0
1407.15	.01116195	.8509404	0	.1378976	0
1406.15	.008841572	.8522503	0	.1389081	0
1405.15	.006547299	.8535417	0	.139911	0
1404.15	.004278664	.8548148	0	.1409065	0
1403.15	.002035209	.8560701	0	.1418947	0
1402.233	0	.8572056	0	.1427944	0
1402.233	0	.8572056	0	.1427944	0
1402.15	0	.8571555	0	.1428445	0
1401.15	0	.8565536	0	.1434464	0
1400.15	0	.8559532	0	.1440468	0
1399.15	0	.8553542	0	.1446458	0
1398.15	0	.8547566	0	.1452434	0
1397.15	0	.8541605	0	.1458395	0
1396.15	0	.8535659	0	.1464341	0
1395.15	0	.8529727	0	.1470273	0
1394.15	0	.8523808	0	.1476192	0
1393.15	0	.8517905	0	.1482095	0
1392.15	0	.8512015	0	.1487985	0
1391.15	0	.850614	0	.1493861	0
1390.15	0	.8500278	0	.1499722	0
1389.15	0	.8494431	0	.1505569	0
1388.15	0	.8488597	0	.1511403	0
1387.15	0	.8482778	0	.1517222	0
1386.15	0	.8476972	0	.1523028	0
1385.15	0	.847118	0	.152882	0
1384.15	0	.8465402	0	.1534598	0
1383.15	0	.8459638	0	.1540362	0
1382.15	0	.8453888	0	.1546113	0
1381.15	0	.8448151	0	.1551849	0
1380.15	0	.8442427	0	.1557573	0
1379.15	0	.8436718	0	.1563282	0
1378.15	0	.8431021	0	.1568979	0
1377.15	0	.8425339	0	.1574661	0
1376.15	0	.841967	0	.158033	0
1375.15	0	.8414014	0	.1585986	0
1374.15	0	.8408371	0	.1591629	0
1373.15	0	.8402742	0	.1597258	0
1372.15	0	.8397126	0	.1602874	0
1371.15	0	.8391523	0	.1608477	0
1370.15	0	.8385934	0	.1614066	0
1369.15	0	.8380358	0	.1619642	0
1368.15	0	.8374794	0	.1625206	0
1367.15	0	.8369244	0	.1630756	0
1366.15	0	.8363707	0	.1636293	0
1365.15	0	.8358183	0	.1641817	0
1364.15	0	.8352671	0	.1647329	0
1363.15	0	.8347173	0	.1652827	0
1362.15	0	.8341688	0	.1658312	0
1361.15	0	.8336215	0	.1663785	0
1360.15	0	.8330755	0	.1669245	0
1359.15	0	.8325308	0	.1674692	0
1358.15	0	.8319873	0	.1680127	0
1357.15	0	.8314451	0	.1685549	0
1356.15	0	.8309042	0	.1690958	0
1355.15	0	.8303645	0	.1696355	0
1354.15	0	.8298261	0	.1701739	0
1353.15	0	.8292889	0	.1707111	0
1352.15	0	.828753	0	.171247	0
1351.15	0	.8282183	0	.1717817	0
1350.15	0	.8276849	0	.1723151	0
1349.15	0	.8271527	0	.1728473	0
1348.15	0	.8266217	0	.1733783	0
1347.15	0	.8260919	0	.1739081	0
1346.15	0	.8255634	0	.1744366	0
1345.15	0	.8250361	0	.1749639	0
1344.15	0	.82451	0	.1754901	0
1343.15	0	.8239851	0	.1760149	0
1342.15	0	.8234614	0	.1765386	0
1341.15	0	.8229389	0	.1770611	0
1340.15	0	.8224176	0	.1775824	0
1339.15	0	.8218975	0	.1781025	0
1338.15	0	.8213786	0	.1786214	0
1337.15	0	.8208609	0	.1791391	0
1336.15	0	.8203444	0	.1796556	0
1335.15	0	.8198291	0	.1801709	0
1334.15	0	.8193149	0	.1806851	0
1333.15	0	.8188019	0	.1811981	0
1332.15	0	.8182901	0	.1817099	0
1331.15	0	.8177794	0	.1822206	0
1330.15	0	.8172699	0	.1827301	0
1329.15	0	.8167616	0	.1832384	0
1328.15	0	.8162544	0	.1837456	0
1327.15	0	.8157484	0	.1842516	0
1326.15	0	.8152435	0	.1847565	0
1325.15	0	.8147398	0	.1852602	0
1324.15	0	.8142372	0	.1857628	0
1323.15	0	.8137358	0	.1862642	0
1322.15	0	.8132355	0	.1867645	0
1321.15	0	.8127363	0	.1872637	0
1320.15	0	.8122383	0	.1877617	0
1319.15	0	.8117413	0	.1882587	0
1318.15	0	.8112455	0	.1887545	0
1317.15	0	.8107509	0	.1892491	0
1316.15	0	.8102573	0	.1897427	0
1315.15	0	.8097648	0	.1902352	0
1314.15	0	.8092735	0	.1907265	0
1313.15	0	.8087833	0	.1912167	0
1312.15	0	.8082941	0	.1917059	0
1311.15	0	.8078061	0	.1921939	0
1310.15	0	.8073191	0	.1926809	0
1309.15	0	.8068333	0	.1931667	0
1308.15	0	.8063485	0	.1936515	0
1307.15	0	.8058649	0	.1941351	0
1306.15	0	.8053823	0	.1946177	0
1305.15	0	.8049008	0	.1950992	0
1304.15	0	.8044203	0	.1955797	0
1303.15	0	.803941	0	.196059	0
1302.15	0	.8034627	0	.1965373	0
1301.15	0	.8029855	0	.1970145	0
1300.15	0	.8025093	0	.1974907	0
1299.15	0	.8020342	0	.1979658	0
1298.15	0	.8015602	0	.1984398	0
1297.15	0	.8010872	0	.1989128	0
1296.15	0	.8006153	0	.1993847	0
1295.15	0	.8001444	0	.1998556	0
1294.15	0	.7996745	0	.2003255	0
1293.15	0	.7992058	0	.2007943	0
1292.15	0	.798738	0	.201262	0
1291.15	0	.7982713	0	.2017287	0
1290.15	0	.7978056	0	.2021944	0
1289.15	0	.797341	0	.2026591	0
1288.15	0	.7968773	0	.2031227	0
1287.15	0	.7964147	0	.2035853	0
1286.15	0	.7959532	0	.2040468	0
1285.15	0	.7954926	0	.2045074	0
1284.15	0	.7950331	0	.2049669	0
1283.15	0	.7945745	0	.2054255	0
1282.15	0	.794117	0	.205883	0
1281.15	0	.7936605	0	.2063395	0
1280.15	0	.793205	0	.206795	0
1279.15	0	.7927505	0	.2072495	0
1278.15	0	.792297	0	.207703	0
1277.15	0	.7918445	0	.2081555	0
1276.15	0	.791393	0	.208607	0
1275.15	0	.7909425	0	.2090575	0
1274.15	0	.790493	0	.209507	0
1273.15	0	.7900445	0	.2099556	0
1272.15	0	.7895969	0	.2104031	0
1271.15	0	.7891503	0	.2108497	0
1270.15	0	.7887047	0	.2112953	0
1269.15	0	.7882601	0	.2117399	0
1268.15	0	.7878165	0	.2121835	0
1267.15	0	.7873738	0	.2126262	0
1266.15	0	.7869321	0	.2130679	0
1265.15	0	.7864913	0	.2135087	0
1264.15	0	.7860515	0	.2139485	0
1263.15	0	.7856127	0	.2143873	0
1262.15	0	.7851748	0	.2148252	0
1261.15	0	.7847379	0	.2152621	0
1260.15	0	.7843019	0	.2156981	0
1259.15	0	.7838669	0	.2161331	0
1258.15	0	.7834329	0	.2165672	0
1257.15	0	.7829997	0	.2170003	0
1256.15	0	.7825675	0	.2174325	0
1255.15	0	.7821363	0	.2178637	0
1254.15	0	.781706	0	.218294	0
1253.15	0	.7812766	0	.2187234	0
1252.15	0	.7808482	0	.2191519	0
1251.15	0	.7804206	0	.2195794	0
1250.15	0	.779994	0	.220006	0
1249.15	0	.7795684	0	.2204316	0
1248.15	0	.7791436	0	.2208564	0
1247.15	0	.7787198	0	.2212802	0
1246.15	0	.7782969	0	.2217031	0
1245.15	0	.7778749	0	.2221251	0
1244.15	0	.7774538	0	.2225462	0
1243.15	0	.7770336	0	.2229664	0
1242.15	0	.7766144	0	.2233856	0
1241.15	0	.776196	0	.223804	0
1240.15	0	.7757785	0	.2242215	0
1239.15	0	.775362	0	.224638	0
1238.15	0	.7749463	0	.2250537	0
1237.15	0	.7745315	0	.2254685	0
1236.15	0	.7741176	0	.2258824	0
1235.15	0	.7737046	0	.2262954	0
1234.15	0	.7732926	0	.2267075	0
1233.15	0	.7728813	0	.2271187	0
1232.15	0	.772471	0	.227529	0
1231.15	0	.7720616	0	.2279385	0
1230.15	0	.771653	0	.228347	0
1229.15	0	.7712453	0	.2287547	0
1228.15	0	.7708385	0	.2291615	0
1227.15	0	.7704325	0	.2295675	0
1226.15	0	.7700274	0	.2299726	0
1225.15	0	.7696232	0	.2303768	0
1224.15	0	.7692199	0	.2307801	0
1223.15	0	.7688174	0	.2311826	0
1222.15	0	.7684158	0	.2315842	0
1221.15	0	.768015	0	.231985	0
1220.15	0	.7676151	0	.2323849	0
1219.15	0	.7672161	0	.2327839	0
1218.15	0	.7668179	0	.2331821	0
1217.15	0	.7664205	0	.2335795	0
1216.15	0	.766024	0	.233976	0
1215.15	0	.7656284	0	.2343716	0
1214.15	0	.7652336	0	.2347664	0
1213.15	0	.7648396	0	.2351604	0
1212.15	0	.7644465	0	.2355535	0
1211.15	0	.7640542	0	.2359458	0
1210.15	0	.7636627	0	.2363373	0
1209.15	0	.7632721	0	.2367279	0
1208.15	0	.7628823	0	.2371177	0
1207.15	0	.7624934	0	.2375066	0
1206.15	0	.7621053	0	.2378947	0
1205.15	0	.7617179	0	.2382821	0
1204.15	0	.7613315	0	.2386685	0
1203.15	0	.7609458	0	.2390542	0
1202.15	0	.760561	0	.239439	0
1201.15	0	.7601769	0	.2398231	0
1200.15	0	.7597937	0	.2402063	0
1199.15	0	.7594114	0	.2405886	0
1198.15	0	.7590298	0	.2409702	0
1197.15	0	.758649	0	.241351	0
1196.15	0	.758269	0	.241731	0
1195.15	0	.7578899	0	.2421101	0
1194.15	0	.7575115	0	.2424885	0
1193.15	0	.757134	0	.242866	0
1192.15	0	.7567572	0	.2432428	0
1191.15	0	.7563813	0	.2436187	0
1190.15	0	.7560061	0	.2439939	0
1189.15	0	.7556317	0	.2443683	0
1188.15	0	.7552582	0	.2447418	0
1187.15	0	.7548854	0	.2451146	0
1186.15	0	.7545134	0	.2454866	0
1185.15	0	.7541422	0	.2458578	0
1184.15	0	.7537718	0	.2462282	0
1183.15	0	.7534021	0	.2465979	0
1182.15	0	.7530333	0	.2469667	0
1181.15	0	.7526652	0	.2473348	0
1180.15	0	.7522979	0	.2477021	0
1179.15	0	.7519314	0	.2480686	0
1178.15	0	.7515656	0	.2484344	0
1177.15	0	.7512007	0	.2487993	0
1176.15	0	.7508365	0	.2491635	0
1175.581	0	.7506297	0	.2493703	0
1175.581	0	.7506297	0	.2493703	0
1175.581	0	.7506297	0	.2493703	0
1175.15	0	.7501165	3.703727E-04	.2495131	0
1174.15	0	.748929	.001227434	.2498435	0
1173.15	0	.7477448	.002082152	.2501731	0
1172.15	0	.7465637	.002934525	.2505018	0
1171.15	0	.7453858	.003784556	.2508296	0
1170.15	0	.7442111	.004632244	.2511566	0
1169.15	0	.7430397	.005477591	.2514828	0
1168.15	0	.7418714	.006320597	.251808	0
1167.15	0	.7407063	.007161264	.2521325	0
1166.15	0	.7395444	.007999591	.252456	0
1165.15	0	.7383856	.008835578	.2527788	0
1164.15	0	.7372301	.009669228	.2531007	0
1163.15	0	.7360777	.01050054	.2534218	0
1162.15	0	.7349285	.01132951	.253742	0
1161.15	0	.7337825	.01215615	.2540614	0
1160.15	0	.7326396	.01298045	.2543799	0
1159.15	0	.7314999	.01380241	.2546977	0
1158.15	0	.7303634	.01462204	.2550146	0
1157.15	0	.72923	.01543934	.2553307	0
1156.15	0	.7280998	.01625429	.2556459	0
1155.15	0	.7269727	.01706692	.2559604	0
1154.15	0	.7258488	.01787723	.256274	0
1153.15	0	.724728	.01868518	.2565868	0
1152.15	0	.7236104	.0194908	.2568988	0
1151.15	0	.7224959	.02029408	.25721	0
1150.15	0	.7213846	.02109503	.2575204	0
1149.15	0	.7202764	.02189364	.25783	0
1148.15	0	.7191713	.02268992	.2581387	0
1147.15	0	.7180694	.02348386	.2584467	0
1146.15	0	.7169706	.02427547	.2587539	0
1145.15	0	.715875	.02506474	.2590603	0
1144.15	0	.7147825	.02585168	.2593659	0
1143.15	0	.7136931	.02663628	.2596707	0
1142.15	0	.7126068	.02741855	.2599747	0
1141.15	0	.7115236	.02819848	.2602779	0
1140.15	0	.7104436	.02897607	.2605803	0
1139.15	0	.7093667	.02975133	.260882	0
1138.15	0	.7082929	.03052425	.2611828	0
1137.15	0	.7072222	.03129483	.2614829	0
1136.15	0	.7061547	.03206308	.2617822	0
1135.15	0	.7050902	.03282898	.2620808	0
1134.15	0	.7040289	.03359255	.2623786	0
1133.15	0	.7029707	.03435377	.2626756	0
1132.15	0	.7019155	.03511266	.2629718	0
1131.15	0	.7008635	.03586921	.2632673	0
1130.15	0	.6998146	.03662341	.263562	0
1129.15	0	.6987688	.03737527	.2638559	0
1128.15	0	.6977261	.03812478	.2641491	0
1127.15	0	.6966865	.03887196	.2644415	0
1126.15	0	.6956501	.03961678	.2647332	0
1125.15	0	.6946167	.04035927	.2650241	0
1124.15	0	.6935864	.0410994	.2653142	0
1123.15	0	.6925592	.04183719	.2656036	0
1122.15	0	.6915351	.04257263	.2658923	0
1121.15	0	.6905141	.04330571	.2661802	0
1120.15	0	.6894962	.04403645	.2664674	0
1119.15	0	.6884814	.04476484	.2667538	0
1118.15	0	.6874697	.04549087	.2670395	0
1117.15	0	.686461	.04621455	.2673244	0
1116.15	0	.6854555	.04693587	.2676086	0
1115.15	0	.6844531	.04765484	.2678921	0
1114.15	0	.6834537	.04837145	.2681748	0
1113.15	0	.6824575	.0490857	.2684568	0
1112.15	0	.6814643	.04979759	.2687381	0
1111.15	0	.6804743	.05050711	.2690186	0
1110.15	0	.6794873	.05121428	.2692985	0
1109.15	0	.6785034	.05191908	.2695775	0
1108.15	0	.6775226	.05262151	.2698559	0
1107.15	0	.6765449	.05332157	.2701335	0
1106.15	0	.6755703	.05401927	.2704105	0
1105.15	0	.6745988	.0547146	.2706866	0
1104.15	0	.6736303	.05540755	.2709621	0
1103.15	0	.672665	.05609813	.2712369	0
1102.15	0	.6717027	.05678633	.2715109	0
1101.15	0	.6707436	.05747216	.2717843	0
1100.15	0	.6697875	.05815561	.2720569	0
1099.15	0	.6688345	.05883667	.2723288	0
1098.15	0	.6678846	.05951536	.2726	0
1097.15	0	.6669378	.06019166	.2728705	0
1096.15	0	.6659941	.06086557	.2731403	0
1095.15	0	.6650535	.0615371	.2734094	0
1094.15	0	.664116	.06220624	.2736778	0
1093.15	0	.6631816	.06287298	.2739454	0
1092.15	0	.6622502	.06353733	.2742124	0
1091.15	0	.661322	.06419929	.2744787	0
1090.15	0	.6603969	.06485885	.2747443	0
1089.15	0	.6594748	.065516	.2750092	0
1088.15	0	.6585559	.06617076	.2752734	0
1087.15	0	.65764	.06682311	.2755369	0
1086.15	0	.6567273	.06747306	.2757997	0
1085.15	0	.6558176	.0681206	.2760618	0
1084.15	0	.6549111	.06876572	.2763232	0
1083.15	0	.6540076	.06940844	.2765839	0
1082.15	0	.6531073	.07004874	.276844	0
1081.15	0	.65221	.07068662	.2771033	0
1080.15	0	.6513159	.07132209	.277362	0
1079.15	0	.6504249	.07195513	.27762	0
1078.15	0	.649537	.07258575	.2778773	0
1077.15	0	.6486521	.07321394	.2781339	0
1076.15	0	.6477704	.07383971	.2783899	0
1075.15	0	.6468919	.07446304	.2786451	0
1074.15	0	.6460164	.07508394	.2788997	0
1073.15	0	.645144	.0757024	.2791536	0
1072.15	0	.6442748	.07631843	.2794068	0
1071.15	0	.6434086	.07693201	.2796594	0
1070.15	0	.6425456	.07754316	.2799112	0
1069.15	0	.6416857	.07815185	.2801624	0
1068.15	0	.6408289	.0787581	.280413	0
1067.15	0	.6399753	.0793619	.2806628	0
1066.15	0	.6391248	.07996324	.280912	0
1065.15	0	.6382774	.08056213	.2811605	0
1064.15	0	.6374331	.08115856	.2814083	0
1063.15	0	.636592	.08175253	.2816555	0
1062.15	0	.635754	.08234403	.281902	0
1061.15	0	.6349191	.08293307	.2821478	0
1060.15	0	.6340874	.08351964	.282393	0
1059.15	0	.6332588	.08410374	.2826375	0
1058.15	0	.6324333	.08468536	.2828813	0
1057.15	0	.631611	.0852645	.2831245	0
1056.15	0	.6307918	.08584117	.283367	0
1055.15	0	.6299758	.08641536	.2836088	0
1054.15	0	.6291629	.08698705	.28385	0
1053.15	0	.6283532	.08755627	.2840905	0
1052.15	0	.6275467	.08812299	.2843304	0
1051.15	0	.6267432	.08868721	.2845696	0
1050.15	0	.625943	.08924895	.2848081	0
1049.15	0	.6251459	.08980818	.2850459	0
1048.15	0	.6243519	.09036491	.2852831	0
1047.15	0	.6235612	.09091913	.2855197	0
1046.15	0	.6227736	.09147085	.2857556	0
1045.15	0	.6219891	.09202006	.2859908	0
1044.15	0	.6212079	.09256676	.2862254	0
1043.15	0	.6204298	.09311094	.2864593	0
1042.15	0	.6196549	.09365261	.2866925	0
1041.15	0	.6188831	.09419175	.2869251	0
1040.15	0	.6181146	.09472837	.287157	0
1039.15	0	.6173492	.09526246	.2873883	0
1038.15	0	.616587	.09579403	.2876189	0
1037.15	0	.615828	.09632306	.2878489	0
1036.15	0	.6150722	.09684956	.2880782	0
1035.15	0	.6143196	.09737352	.2883069	0
1034.15	0	.6135702	.09789495	.2885349	0
1033.15	0	.612824	.09841383	.2887622	0
1032.15	0	.612081	.09893016	.2889889	0
1031.15	0	.6113411	.09944395	.2892149	0
1030.15	0	.6106046	.09995519	.2894403	0
1029.15	0	.6098712	.1004639	.289665	0
1028.15	0	.609141	.10097	.289889	0
1027.15	0	.608414	.1014736	.2901124	0
1026.15	0	.6076902	.1019746	.2903352	0
1025.15	0	.6069697	.1024731	.2905572	0
1024.15	0	.6062524	.1029689	.2907787	0
1023.15	0	.6055383	.1034623	.2909994	0
1022.15	0	.6048275	.103953	.2912195	0
1021.15	0	.6041198	.1044412	.291439	0
1020.15	0	.6034154	.1049268	.2916578	0
1019.15	0	.6027143	.1054098	.2918759	0
1018.15	0	.6020164	.1058903	.2920934	0
1017.15	0	.6013217	.1063681	.2923102	0
1016.15	0	.6006302	.1068434	.2925263	0
1015.15	0	.5999421	.1073161	.2927418	0
1014.15	0	.5992571	.1077862	.2929567	0
1013.15	0	.5985754	.1082537	.2931708	0
1012.15	0	.597897	.1087187	.2933843	0
1011.15	0	.5972218	.109181	.2935972	0
1010.15	0	.5965499	.1096408	.2938094	0
1009.15	0	.5958812	.1100979	.2940209	0
1008.15	0	.5952158	.1105525	.2942317	0
1007.15	0	.5945537	.1110044	.2944419	0
1006.15	0	.5938948	.1114538	.2946514	0
1005.15	0	.5932392	.1119006	.2948603	0
1004.15	0	.5925869	.1123447	.2950684	0
1003.15	0	.5919378	.1127863	.295276	0
1002.15	0	.591292	.1132252	.2954828	0
1001.15	0	.5906495	.1136615	.295689	0
1000.15	0	.5900103	.1140953	.2958944	0
999.15	0	.5893744	.1145264	.2960993	0
998.15	0	.5887417	.1149549	.2963034	0
997.15	0	.5881124	.1153808	.2965069	0
996.15	0	.5874863	.1158041	.2967097	0
995.15	0	.5868635	.1162248	.2969118	0
994.15	0	.586244	.1166428	.2971132	0
993.15	0	.5856278	.1170583	.2973139	0
992.15	0	.5850149	.1174711	.297514	0
991.15	0	.5844052	.1178814	.2977134	0
990.15	0	.5837989	.118289	.2979121	0
989.15	0	.5831959	.118694	.2981101	0
988.15	0	.5825962	.1190964	.2983074	0
987.15	0	.5819998	.1194962	.298504	0
986.15	0	.5814067	.1198934	.2986999	0
985.15	0	.5808168	.120288	.2988952	0
984.15	0	.5802303	.12068	.2990897	0
983.15	0	.5796471	.1210693	.2992836	0
982.15	0	.5790672	.1214561	.2994767	0
981.15	0	.5784906	.1218403	.2996691	0
980.15	0	.5779173	.1222219	.2998609	0
979.15	0	.5773473	.1226008	.3000519	0
978.15	0	.5767806	.1229772	.3002422	0
977.15	0	.5762172	.123351	.3004318	0
976.15	0	.5756571	.1237222	.3006207	0
975.15	0	.5751004	.1240908	.3008089	0
974.15	0	.5745469	.1244568	.3009963	0
973.15	0	.5739967	.1248202	.3011831	0
972.15	0	.5734498	.1251811	.3013691	0
971.15	0	.5729063	.1255394	.3015544	0
970.15	0	.572366	.1258951	.3017389	0
969.15	0	.571829	.1262483	.3019227	0
968.15	0	.5712953	.1265989	.3021058	0
967.15	0	.5707649	.1269469	.3022882	0
966.15	0	.5702378	.1272924	.3024698	0
965.15	0	.569714	.1276353	.3026507	0
964.15	0	.5691935	.1279757	.3028308	0
963.15	0	.5686763	.1283136	.3030102	0
962.15	0	.5681623	.1286489	.3031888	0
961.15	0	.5676516	.1289818	.3033666	0
960.15	0	.5671442	.1293121	.3035437	0
959.15	0	.56664	.1296399	.3037201	0
958.15	0	.5661392	.1299652	.3038957	0
957.15	0	.5656415	.130288	.3040705	0
956.15	0	.5651472	.1306084	.3042445	0
955.15	0	.5646561	.1309262	.3044177	0
954.15	0	.5641682	.1312416	.3045902	0
953.15	0	.5636836	.1315546	.3047619	0
952.15	0	.5632022	.1318651	.3049328	0
951.15	0	.562724	.1321732	.3051029	0
950.15	0	.562249	.1324788	.3052722	0
949.15	0	.5617773	.132782	.3054406	0
948.15	0	.5613088	.1330829	.3056083	0
947.15	0	.5608434	.1333814	.3057752	0
946.15	0	.5603813	.1336774	.3059413	0
945.15	0	.5599223	.1339712	.3061065	0
944.15	0	.5594665	.1342626	.3062709	0
943.15	0	.5590139	.1345516	.3064345	0
942.15	0	.5585644	.1348383	.3065972	0
941.15	0	.5581181	.1351228	.3067591	0
940.15	0	.5576749	.1354049	.3069202	0
939.15	0	.5572348	.1356848	.3070804	0
938.15	0	.5567978	.1359625	.3072397	0
937.15	0	.556364	.1362379	.3073982	0
936.15	0	.5559332	.1365111	.3075558	0
935.15	0	.5555054	.1367821	.3077125	0
934.15	0	.5550808	.1370509	.3078683	0
933.15	0	.5546591	.1373176	.3080233	0
932.15	0	.5542405	.1375821	.3081773	0
931.15	0	.5538249	.1378446	.3083305	0
930.15	0	.5534123	.1381049	.3084827	0
929.15	0	.5530027	.1383632	.3086341	0
928.15	0	.552596	.1386195	.3087845	0
927.15	0	.5521923	.1388737	.308934	0
926.15	0	.5517915	.139126	.3090825	0
925.15	0	.5513936	.1393763	.3092301	0
924.15	0	.5509986	.1396247	.3093767	0
923.15	0	.5506064	.1398712	.3095224	0
922.15	0	.5502171	.1401158	.3096672	0
921.15	0	.5498305	.1403586	.3098109	0
920.15	0	.5494468	.1405995	.3099537	0
919.15	0	.5490659	.1408387	.3100954	0
918.15	0	.5486876	.1410762	.3102362	0
917.15	0	.5483121	.1413119	.310376	0
916.15	0	.5479393	.141546	.3105147	0
915.15	0	.5475691	.1417785	.3106524	0
914.15	0	.5472016	.1420093	.3107891	0
913.15	0	.5468367	.1422387	.3109247	0
912.15	0	.5464743	.1424665	.3110593	0
911.15	0	.5461144	.1426928	.3111928	0
910.15	0	.5457571	.1429177	.3113252	0
909.15	0	.5454022	.1431413	.3114565	0
908.15	0	.5450498	.1433635	.3115867	0
907.15	0	.5446997	.1435844	.3117159	0
906.15	0	.544352	.1438041	.3118439	0
905.15	0	.5440067	.1440226	.3119707	0
904.15	0	.5436635	.14424	.3120965	0
903.15	0	.5433227	.1444563	.312221	0
902.15	0	.542984	.1446716	.3123444	0
901.15	0	.5426474	.144886	.3124666	0
900.15	0	.542313	.1450994	.3125876	0
899.15	0	.5419806	.145312	.3127074	0
898.15	0	.5416502	.1455239	.312826	0
897.15	0	.5413217	.145735	.3129433	0
896.15	0	.5409951	.1459455	.3130594	0
895.15	0	.5406704	.1461554	.3131742	0
894.15	0	.5403474	.1463648	.3132877	0
893.15	0	.5400262	.1465739	.3134	0
892.15	0	.5397066	.1467825	.3135109	0
891.15	0	.5393886	.1469909	.3136204	0
890.15	0	.5390722	.1471991	.3137287	0
889.15	0	.5387572	.1474073	.3138355	0
888.15	0	.5384436	.1476154	.313941	0
887.15	0	.5381314	.1478236	.3140451	0
886.15	0	.5378204	.1480319	.3141477	0
885.15	0	.5375105	.1482406	.3142489	0
884.15	0	.5372018	.1484496	.3143486	0
883.15	0	.5368941	.1486591	.3144468	0
882.15	0	.5365873	.1488691	.3145436	0
881.15	0	.5362813	.1490799	.3146388	0
880.15	0	.5359761	.1492915	.3147324	0
879.15	0	.5356716	.149504	.3148245	0
878.15	0	.5353676	.1497175	.3149149	0
877.15	0	.535064	.1499322	.3150038	0
876.15	0	.5347608	.1501482	.3150909	0
875.15	0	.5344579	.1503657	.3151764	0
874.15	0	.5341551	.1505848	.3152602	0
873.15	0	.5338523	.1508056	.3153422	0
872.15	0	.5335493	.1510283	.3154224	0
871.15	0	.5332462	.151253	.3155009	0
870.15	0	.5329426	.1514799	.3155774	0
869.15	0	.5326386	.1517093	.3156522	0
868.15	0	.5323339	.1519412	.315725	0
867.15	0	.5320284	.1521758	.3157958	0
866.15	0	.5317219	.1524134	.3158647	0
865.15	0	.5314144	.1526542	.3159315	0
864.15	0	.5311055	.1528983	.3159962	0
863.15	0	.5307952	.153146	.3160589	0
862.15	0	.5304832	.1533975	.3161193	0
861.15	0	.5301694	.1536531	.3161776	0
860.15	0	.5298535	.153913	.3162335	0
859.15	0	.5295354	.1541774	.3162872	0
858.15	0	.5292148	.1544468	.3163384	0
857.15	0	.5288915	.1547213	.3163872	0
856.15	0	.5285652	.1550013	.3164335	0
855.15	0	.5282356	.1552871	.3164773	0
854.15	0	.5279026	.1555791	.3165184	0
853.15	0	.5275658	.1558775	.3165567	0
852.15	0	.5272248	.1561829	.3165923	0
851.15	0	.5268795	.1564956	.3166249	0
850.15	0	.5265293	.1568161	.3166546	0
849.15	0	.526174	.1571448	.3166812	0
848.15	0	.5258132	.1574822	.3167046	0
847.15	0	.5254464	.1578289	.3167248	0
846.15	0	.5250731	.1581854	.3167415	0
845.15	0	.524693	.1585523	.3167547	0
844.15	0	.5243055	.1589303	.3167642	0
843.15	0	.52391	.1593201	.3167699	0
842.15	0	.5235059	.1597225	.3167716	0
841.15	0	.522783	.1605006	.3167164	0
840.15	0	.5220039	.1613491	.3166471	0
839.15	0	.5212674	.1621521	.3165805	0
838.15	0	.5205708	.1629128	.3165164	0
837.15	0	.5199114	.1636339	.3164546	0
836.15	0	.5192869	.1643181	.316395	0
835.15	0	.518695	.1649675	.3163374	0
834.15	0	.5181338	.1655846	.3162817	0
833.15	0	.5176013	.1661711	.3162276	0
832.15	0	.5170958	.166729	.3161752	0
831.15	0	.5166158	.16726	.3161243	0
830.15	0	.5161597	.1677656	.3160747	0
829.15	0	.5157262	.1682474	.3160265	0
828.15	0	.515314	.1687066	.3159794	0
827.15	0	.5149219	.1691446	.3159335	0
826.15	0	.5145488	.1695626	.3158886	0
825.15	0	.5141936	.1699616	.3158447	0
824.15	0	.5138555	.1703428	.3158018	0
823.15	0	.5135333	.170707	.3157596	0
822.15	0	.5132264	.1710552	.3157183	0
821.15	0	.5129339	.1713883	.3156778	0
820.15	0	.5126551	.171707	.315638	0
819.15	0	.5123892	.1720121	.3155988	0
818.15	0	.5121355	.1723043	.3155602	0
817.15	0	.5118935	.1725842	.3155223	0
816.15	0	.5116625	.1728526	.3154849	0
815.15	0	.511442	.1731101	.315448	0
814.15	0	.5112315	.173357	.3154115	0
813.15	0	.5110303	.1735941	.3153756	0
812.15	0	.5108382	.1738217	.31534	0
811.15	0	.5106546	.1740405	.3153049	0
810.15	0	.5104791	.1742507	.3152701	0
809.15	0	.5103113	.1744529	.3152357	0
808.15	0	.5101509	.1746475	.3152016	0
807.15	0	.5099974	.1748348	.3151679	0
806.15	0	.5098505	.1750151	.3151344	0
805.15	0	.5097099	.1751889	.3151012	0
804.15	0	.5095753	.1753564	.3150683	0
803.15	0	.5094464	.175518	.3150356	0
802.15	0	.5093229	.175674	.3150031	0
801.15	0	.5092046	.1758246	.3149708	0
800.15	0	.5090912	.1759701	.3149388	0
799.15	0	.5089824	.1761107	.3149069	0
798.15	0	.5088781	.1762467	.3148752	0
797.15	0	.508778	.1763783	.3148437	0
796.15	0	.508682	.1765057	.3148123	0
795.15	0	.5085897	.1766292	.3147811	0
794.15	0	.5085012	.1767489	.31475	0
793.15	0	.508416	.176865	.314719	0
792.15	0	.5083342	.1769776	.3146882	0
791.15	0	.5082555	.1770871	.3146574	0
790.15	0	.5081798	.1771934	.3146268	0
789.15	0	.508107	.1772968	.3145962	0
788.15	0	.5080368	.1773975	.3145658	0
787.15	0	.5079692	.1774954	.3145354	0
786.15	0	.5079041	.1775909	.3145051	0
785.15	0	.5078412	.1776839	.3144748	0
784.15	0	.5077806	.1777747	.3144447	0
783.15	0	.5077221	.1778633	.3144145	0
782.15	0	.5076656	.1779499	.3143845	0
781.15	0	.507611	.1780345	.3143545	0
780.15	0	.5075582	.1781173	.3143245	0
779.15	0	.5075071	.1781983	.3142946	0
778.15	0	.5074577	.1782777	.3142647	0
777.15	0	.5074098	.1783555	.3142348	0
776.15	0	.5073633	.1784317	.314205	0
775.15	0	.5073183	.1785066	.3141751	0
774.15	0	.5072745	.1785801	.3141453	0
773.15	0	.5072321	.1786523	.3141156	0
772.15	0	.5071908	.1787234	.3140858	0
771.15	0	.5071507	.1787933	.3140561	0
770.15	0	.5071116	.1788621	.3140263	0
769.15	0	.5070735	.1789299	.3139966	0
768.15	0	.5070364	.1789967	.3139669	0
767.15	0	.5070002	.1790627	.3139371	0
766.15	0	.5069649	.1791277	.3139074	0
765.15	0	.5069303	.179192	.3138777	0
764.15	0	.5068966	.1792555	.3138479	0
763.15	0	.5068635	.1793183	.3138182	0
762.15	0	.5068312	.1793804	.3137884	0
761.15	0	.5067995	.1794419	.3137587	0
760.15	0	.5067684	.1795027	.3137289	0
759.15	0	.5067379	.179563	.3136991	0
758.15	0	.5067079	.1796228	.3136693	0
757.15	0	.5066784	.1796821	.3136395	0
756.15	0	.5066494	.179741	.3136096	0
755.15	0	.5066208	.1797994	.3135798	0
754.15	0	.5065927	.1798574	.3135499	0
753.15	0	.5065649	.1799151	.31352	0
752.15	0	.5065375	.1799724	.3134901	0
751.15	0	.5065105	.1800294	.3134601	0
750.15	0	.5064837	.1800861	.3134302	0
749.15	0	.5064573	.1801425	.3134002	0
748.15	0	.5064311	.1801987	.3133701	0
747.15	0	.5064052	.1802547	.3133401	0
746.15	0	.5063796	.1803104	.31331	0
745.15	0	.5063541	.180366	.3132799	0
744.15	0	.5063288	.1804214	.3132498	0
743.15	0	.5063055	.1804754	.3132192	0
742.15	0	.5062804	.1805306	.313189	0
741.15	0	.5062555	.1805857	.3131588	0
740.15	0	.5062308	.1806407	.3131286	0
739.15	0	.5062061	.1806956	.3130983	0
738.15	0	.5061816	.1807504	.313068	0
737.15	0	.5061572	.1808051	.3130377	0
736.15	0	.5061329	.1808598	.3130073	0
735.15	0	.5061087	.1809144	.3129769	0
734.15	0	.5060845	.180969	.3129465	0
733.15	0	.5060604	.1810236	.312916	0
732.15	0	.5060363	.1810782	.3128855	0
731.15	0	.5060123	.1811328	.3128549	0
730.15	0	.5059883	.1811873	.3128244	0
729.15	0	.5059643	.1812419	.3127937	0
728.15	0	.5059404	.1812966	.3127631	0
727.15	0	.5059164	.1813512	.3127324	0
726.15	0	.5058924	.1814059	.3127017	0
725.15	0	.5058685	.1814606	.3126709	0
724.15	0	.5058445	.1815154	.3126401	0
723.15	0	.5058204	.1815703	.3126093	0
722.15	0	.5057964	.1816252	.3125784	0
721.15	0	.5057723	.1816802	.3125475	0
720.15	0	.5057481	.1817353	.3125166	0
719.15	0	.505724	.1817905	.3124856	0
718.15	0	.5056997	.1818457	.3124545	0
717.15	0	.5056754	.1819011	.3124235	0
716.15	0	.5056511	.1819565	.3123924	0
715.15	0	.5056267	.1820121	.3123613	0
714.15	0	.5056022	.1820677	.3123301	0
713.15	0	.5055776	.1821235	.3122989	0
712.15	0	.505553	.1821793	.3122677	0
711.15	0	.5055283	.1822353	.3122364	0
710.15	0	.5055035	.1822914	.3122051	0
709.15	0	.5054786	.1823476	.3121738	0
708.15	0	.5054536	.1824039	.3121424	0
707.15	0	.5054286	.1824604	.312111	0
706.15	0	.5054034	.182517	.3120796	0
705.15	0	.5053782	.1825737	.3120481	0
704.15	0	.5053528	.1826306	.3120166	0
703.15	0	.5053274	.1826875	.3119851	0
702.15	0	.5053019	.1827447	.3119535	0
701.15	0	.5052762	.1828019	.3119219	0
700.15	0	.5052505	.1828593	.3118902	0
699.15	0	.5052247	.1829168	.3118586	0
698.15	0	.5051987	.1829744	.3118269	0
697.15	0	.5051726	.1830322	.3117951	0
696.15	0	.5051465	.1830902	.3117634	0
695.15	0	.5051202	.1831482	.3117316	0
694.15	0	.5050938	.1832064	.3116997	0
693.15	0	.5050673	.1832648	.3116679	0
692.15	0	.5050408	.1833233	.311636	0
691.15	0	.505014	.1833819	.3116041	0
690.15	0	.5049872	.1834406	.3115721	0
689.15	0	.5049603	.1834995	.3115402	0
688.15	0	.5049333	.1835586	.3115082	0
687.15	0	.5049061	.1836178	.3114761	0
686.15	0	.5048788	.1836771	.3114441	0
685.15	0	.5048515	.1837365	.311412	0
684.15	0	.504824	.1837961	.3113799	0
683.15	0	.5047964	.1838559	.3113478	0
682.15	0	.5047687	.1839157	.3113156	0
681.15	0	.5047409	.1839757	.3112834	0
680.15	0	.5047129	.1840359	.3112512	0
679.15	0	.5046849	.1840962	.3112189	0
678.15	0	.5046568	.1841566	.3111867	0
677.15	0	.5046285	.1842171	.3111544	0
676.15	0	.5046002	.1842778	.3111221	0
675.15	0	.5045717	.1843386	.3110897	0
674.15	0	.5045431	.1843995	.3110574	0
673.15	0	.5045144	.1844606	.311025	0
672.15	0	.5044856	.1845218	.3109926	0
671.15	0	.5044568	.1845831	.3109602	0
670.15	0	.5044277	.1846445	.3109277	0
669.15	0	.5043986	.1847061	.3108953	0
668.15	0	.5043694	.1847678	.3108628	0
667.15	0	.5043401	.1848296	.3108303	0
666.15	0	.5043107	.1848915	.3107978	0
665.15	0	.5042812	.1849536	.3107652	0
664.15	0	.5042516	.1850157	.3107327	0
663.15	0	.5042219	.185078	.3107001	0
662.15	0	.5041921	.1851404	.3106675	0
661.15	0	.5041622	.1852029	.3106349	0
660.15	0	.5041322	.1852656	.3106023	0
659.15	0	.5041021	.1853283	.3105696	0
658.15	0	.5040719	.1853911	.310537	0
657.15	0	.5040416	.1854541	.3105043	0
656.15	0	.5040112	.1855172	.3104716	0
655.15	0	.5039808	.1855803	.3104389	0
654.15	0	.5039502	.1856436	.3104062	0
653.15	0	.5039196	.185707	.3103735	0
652.15	0	.5038888	.1857704	.3103407	0
651.15	0	.503858	.185834	.310308	0
650.15	0	.5038271	.1858977	.3102752	0
649.15	0	.5037961	.1859614	.3102425	0
648.15	0	.5037651	.1860253	.3102097	0
647.15	0	.5037339	.1860892	.3101769	0
646.15	0	.5037027	.1861533	.3101441	0
645.15	0	.5036713	.1862174	.3101113	0
644.15	0	.5036399	.1862816	.3100785	0
643.15	0	.5036085	.1863459	.3100456	0
642.15	0	.5035769	.1864103	.3100128	0
641.15	0	.5035453	.1864748	.30998	0
640.15	0	.5035136	.1865393	.3099471	0
639.15	0	.5034818	.1866039	.3099143	0
638.15	0	.50345	.1866686	.3098814	0
637.15	0	.503418	.1867334	.3098485	0
636.15	0	.5033861	.1867983	.3098157	0
635.15	0	.503354	.1868632	.3097828	0
634.15	0	.5033219	.1869282	.3097499	0
633.15	0	.5032897	.1869933	.3097171	0
632.15	0	.5032574	.1870584	.3096842	0
631.15	0	.5032251	.1871236	.3096513	0
630.15	0	.5031927	.1871889	.3096184	0
629.15	0	.5031603	.1872542	.3095855	0
628.15	0	.5031278	.1873196	.3095527	0
627.15	0	.5030952	.187385	.3095198	0
626.15	0	.5030626	.1874505	.3094869	0
625.15	0	.5030299	.1875161	.309454	0
624.15	0	.5029972	.1875817	.3094212	0
623.15	0	.5029644	.1876473	.3093883	0
622.15	0	.5029315	.1877131	.3093554	0
621.15	0	.5028986	.1877788	.3093226	0
620.15	0	.5028657	.1878446	.3092897	0
619.15	0	.5028327	.1879105	.3092569	0
618.15	0	.5027996	.1879764	.309224	0
617.15	0	.5027665	.1880423	.3091912	0
616.15	0	.5027334	.1881083	.3091583	0
615.15	0	.5027002	.1881743	.3091255	0
614.15	0	.5026669	.1882404	.3090927	0
613.15	0	.5026337	.1883065	.3090599	0
612.15	0	.5026003	.1883726	.3090271	0
611.15	0	.502567	.1884387	.3089943	0
610.15	0	.5025336	.1885049	.3089615	0
609.15	0	.5025001	.1885711	.3089287	0
608.15	0	.5024667	.1886374	.308896	0
607.15	0	.5024331	.1887036	.3088632	0
606.15	0	.5023996	.1887699	.3088305	0
605.15	0	.502366	.1888362	.3087978	0
604.15	0	.5023324	.1889026	.308765	0
603.15	0	.5022987	.1889689	.3087323	0
602.15	0	.5022651	.1890353	.3086997	0
601.15	0	.5022314	.1891017	.308667	0
600.15	0	.5021976	.1891681	.3086343	0
599.15	0	.5021638	.1892345	.3086017	0
598.15	0	.50213	.1893009	.3085691	0
597.15	0	.5020962	.1893673	.3085365	0
596.15	0	.5020624	.1894338	.3085039	0
595.15	0	.5020285	.1895002	.3084713	0
594.15	0	.5019946	.1895666	.3084388	0
593.15	0	.5019607	.1896331	.3084062	0
592.15	0	.5019267	.1896995	.3083737	0
591.15	0	.5018928	.189766	.3083412	0
590.15	0	.5018588	.1898324	.3083088	0
589.15	0	.5018248	.1898989	.3082763	0
588.15	0	.5017908	.1899653	.3082439	0
587.15	0	.5017568	.1900317	.3082115	0
586.15	0	.5017227	.1900982	.3081791	0
585.15	0	.5016887	.1901646	.3081467	0
584.15	0	.5016546	.190231	.3081144	0
583.15	0	.5016206	.1902974	.3080821	0
582.15	0	.5015865	.1903637	.3080498	0
581.15	0	.5015524	.1904301	.3080176	0
580.15	0	.5015183	.1904964	.3079853	0
579.15	0	.5014841	.1905627	.3079531	0
578.15	0	.50145	.190629	.307921	0
577.15	0	.5014159	.1906953	.3078888	0
576.15	0	.5013818	.1907616	.3078567	0
575.15	0	.5013476	.1908278	.3078246	0
574.15	0	.5013135	.190894	.3077925	0
573.15	0	.5012793	.1909602	.3077605	0
572.15	0	.5012452	.1910263	.3077285	0
571.15	0	.5012111	.1910924	.3076965	0
570.15	0	.5011769	.1911585	.3076646	0
569.15	0	.5011428	.1912245	.3076327	0
568.15	0	.5011086	.1912906	.3076008	0
567.15	0	.5010745	.1913565	.307569	0
566.15	0	.5010404	.1914225	.3075372	0
565.15	0	.5010062	.1914884	.3075054	0
564.15	0	.5009721	.1915542	.3074737	0
563.15	0	.500938	.19162	.307442	0
562.15	0	.5009039	.1916858	.3074103	0
561.15	0	.5008698	.1917515	.3073787	0
560.15	0	.5008357	.1918172	.3073471	0
559.15	0	.5008016	.1918828	.3073156	0
558.15	0	.5007676	.1919484	.3072841	0
557.15	0	.5007335	.1920139	.3072526	0
556.15	0	.5006995	.1920794	.3072211	0
555.15	0	.5006654	.1921448	.3071898	0
554.15	0	.5006314	.1922102	.3071584	0
553.15	0	.5005974	.1922755	.3071271	0
552.15	0	.5005635	.1923407	.3070958	0
551.15	0	.5005295	.1924059	.3070646	0
550.15	0	.5004955	.1924711	.3070334	0
549.15	0	.5004616	.1925361	.3070023	0
548.15	0	.5004277	.1926011	.3069712	0
547.15	0	.5003938	.1926661	.3069401	0
546.15	0	.5003599	.1927309	.3069091	0
545.15	0	.5003261	.1927957	.3068782	0
544.15	0	.5002923	.1928605	.3068473	0
543.15	0	.5002585	.1929251	.3068164	0
542.15	0	.5002247	.1929898	.3067856	0
541.15	0	.5001909	.1930543	.3067548	0
540.15	0	.5001572	.1931187	.3067241	0
539.15	0	.5001235	.1931831	.3066934	0
538.15	0	.5000898	.1932474	.3066628	0
537.15	0	.5000562	.1933116	.3066322	0
536.15	0	.5000226	.1933758	.3066017	0
535.15	0	.499989	.1934398	.3065712	0
534.15	0	.4999554	.1935038	.3065408	0
533.15	0	.4999219	.1935677	.3065104	0
532.15	0	.4998884	.1936315	.3064801	0
531.15	0	.4998549	.1936953	.3064498	0
530.15	0	.4998215	.1937589	.3064196	0
529.15	0	.4997881	.1938225	.3063894	0
528.15	0	.4997547	.193886	.3063593	0
527.15	0	.4997214	.1939493	.3063293	0
526.15	0	.4996881	.1940126	.3062993	0
525.15	0	.4996548	.1940758	.3062693	0
524.15	0	.4996216	.1941389	.3062395	0
523.15	0	.4995884	.1942019	.3062096	0
522.15	0	.4995553	.1942649	.3061799	0
521.15	0	.4995222	.1943277	.3061502	0
520.15	0	.4994891	.1943904	.3061205	0
519.15	0	.4994561	.194453	.3060909	0
518.15	0	.4994231	.1945155	.3060614	0
517.15	0	.4993901	.1945779	.3060319	0
516.15	0	.4993572	.1946403	.3060025	0
515.15	0	.4993244	.1947025	.3059732	0
514.15	0	.4992915	.1947646	.3059439	0
513.15	0	.4992588	.1948266	.3059147	0
512.15	0	.499226	.1948885	.3058855	0
511.15	0	.4991933	.1949503	.3058564	0
510.15	0	.4991607	.1950119	.3058274	0
509.15	0	.4991281	.1950735	.3057984	0
508.15	0	.4990955	.195135	.3057695	0
507.15	0	.499063	.1951963	.3057407	0
506.15	0	.4990306	.1952575	.3057119	0
505.15	0	.4989982	.1953187	.3056832	0
504.15	0	.4989658	.1953797	.3056545	0
503.15	0	.4989335	.1954405	.305626	0
502.15	0	.4989012	.1955013	.3055975	0
501.15	0	.498869	.195562	.305569	0
500.15	0	.4988369	.1956225	.3055406	0
499.15	0	.4988048	.1956829	.3055123	0
498.15	0	.4987727	.1957432	.3054841	0
497.15	0	.4987407	.1958033	.305456	0
496.15	0	.4987089	.1958634	.3054278	0
495.15	0	.498677	.1959233	.3053997	0
494.15	0	.4986451	.1959831	.3053718	0
493.15	0	.4986134	.1960427	.3053439	0
492.15	0	.4985816	.1961023	.3053161	0
491.15	0	.4985499	.1961617	.3052884	0
490.15	0	.4985183	.196221	.3052607	0
489.15	0	.4984868	.1962801	.3052331	0
488.15	0	.4984553	.1963391	.3052056	0
487.15	0	.4984238	.196398	.3051782	0
486.15	0	.4983924	.1964568	.3051508	0
485.15	0	.4983611	.1965154	.3051235	0
484.15	0	.4983298	.1965738	.3050963	0
483.15	0	.4982986	.1966322	.3050692	0
482.15	0	.4982675	.1966904	.3050421	0
481.15	0	.4982364	.1967485	.3050151	0
480.15	0	.4982054	.1968064	.3049882	0
479.15	0	.4981744	.1968642	.3049614	0
478.15	0	.4981435	.1969218	.3049347	0
477.15	0	.4981127	.1969793	.304908	0
476.15	0	.4980819	.1970367	.3048814	0
475.15	0	.4980512	.1970939	.3048549	0
474.15	0	.4980205	.197151	.3048285	0
473.15	0	.4979899	.197208	.3048021	0
472.15	0	.4979594	.1972647	.3047759	0
471.15	0	.4979289	.1973214	.3047497	0
470.15	0	.4978985	.1973779	.3047236	0
469.15	0	.4978682	.1974342	.3046976	0
468.15	0	.4978379	.1974904	.3046716	0
467.15	0	.4978077	.1975465	.3046458	0
466.15	0	.4977776	.1976024	.30462	0
465.15	0	.4977475	.1976581	.3045943	0
464.8198	0	.4977376	.1976765	.3045859	0
464.8198	0	.4977376	.1976765	.3045859	0
464.8198	0	.4977376	.1976765	.3045859	0
464.15	0	.4978618	.1973756	.3044064	3.561668E-04
463.15	0	.4980466	.1969274	.304139	8.870591E-04
462.15	0	.4982307	.1964803	.3038721	.00141691
461.15	0	.4984139	.1960345	.3036059	.001945729
460.15	0	.4985964	.1955898	.3033402	.002473524
459.15	0	.4987782	.1951463	.3030752	.003000306
458.15	0	.4989593	.194704	.3028107	.003526082
457.15	0	.4991396	.1942627	.3025468	.004050862
456.15	0	.4993192	.1938226	.3022835	.004574655
455.15	0	.4994981	.1933836	.3020208	.005097468
454.15	0	.4996764	.1929457	.3017587	.005619312
453.15	0	.499854	.1925088	.3014971	.006140194
452.15	0	.5000309	.192073	.3012361	.006660123
451.15	0	.5002071	.1916382	.3009756	.007179108
450.15	0	.5003827	.1912044	.3007157	.007697156
449.15	0	.5005577	.1907717	.3004564	.008214287
448.15	0	.5007321	.1903398	.3001976	.008730502
447.15	0	.5009058	.189909	.2999393	.009245806
446.15	0	.501079	.1894791	.2996817	.00976021
445.15	0	.5012516	.1890502	.2994245	.01027372
444.15	0	.5014236	.1886222	.2991679	.01078635
443.15	0	.501595	.188195	.2989118	.01129811
442.15	0	.5017659	.1877688	.2986563	.011809
441.15	0	.5019363	.1873434	.2984013	.01231903
440.15	0	.5021061	.1869189	.2981468	.01282822
439.15	0	.5022754	.1864952	.2978929	.01333656
438.15	0	.5024442	.1860723	.2976395	.01384408
437.15	0	.5026125	.1856502	.2973866	.01435077
436.15	0	.5027803	.1852289	.2971342	.01485664
435.15	0	.5029476	.1848084	.2968823	.01536171
434.15	0	.5031145	.1843886	.296631	.01586598
433.15	0	.5032809	.1839695	.2963801	.01636946
432.15	0	.5034469	.1835512	.2961298	.01687215
431.15	0	.5036124	.1831336	.2958799	.01737407
430.15	0	.5037775	.1827167	.2956306	.01787521
429.15	0	.5039422	.1823004	.2953818	.0183756
428.15	0	.5041065	.1818849	.2951334	.01887523
427.15	0	.5042703	.18147	.2948856	.01937411
426.15	0	.5044338	.1810557	.2946383	.01987225
425.15	0	.5045969	.180642	.2943914	.02036966
424.15	0	.5047596	.180229	.2941451	.02086634
423.15	0	.5049219	.1798166	.2938992	.0213623
422.15	0	.5050839	.1794048	.2936538	.02185755
421.15	0	.5052456	.1789935	.2934089	.0223521
420.15	0	.5054068	.1785828	.2931644	.02284594
419.15	0	.5055678	.1781727	.2929204	.02333909
418.15	0	.5057284	.1777631	.292677	.02383155
417.15	0	.5058887	.1773541	.2924339	.02432334
416.15	0	.5060486	.1769456	.2921914	.02481444
415.15	0	.5062083	.1765376	.2919493	.02530488
414.15	0	.5063676	.1761301	.2917077	.02579466
413.15	0	.5065267	.1757231	.2914665	.02628378
412.15	0	.5066854	.1753165	.2912258	.02677225
