T	 BPW(LIQUID)	BPW(BCC_A2)	BPW(FCC_A1)	BPW(LAVES_PHASE_C14)	BPW(NI3TI)
1473.15	.2462984	.7537016	0	0	0
1472.15	.2435276	.7564724	0	0	0
1471.15	.2407762	.7592238	0	0	0
1470.15	.2380441	.7619559	0	0	0
1469.15	.235331	.764669	0	0	0
1468.15	.2326369	.7673631	0	0	0
1467.15	.2299615	.7700386	0	0	0
1466.15	.2273046	.7726954	0	0	0
1465.15	.2246662	.7753338	0	0	0
1464.15	.2220461	.7779539	0	0	0
1463.15	.2194441	.780556	0	0	0
1462.15	.21686	.78314	0	0	0
1461.15	.2142938	.7857062	0	0	0
1460.15	.2117452	.7882548	0	0	0
1459.15	.2092141	.7907859	0	0	0
1458.15	.2067005	.7932995	0	0	0
1457.15	.204204	.795796	0	0	0
1456.15	.2017246	.7982754	0	0	0
1455.15	.1992622	.8007378	0	0	0
1454.15	.1968165	.8031835	0	0	0
1453.15	.1943875	.8056125	0	0	0
1452.15	.1919751	.808025	0	0	0
1451.15	.189579	.8104211	0	0	0
1450.15	.1871991	.8128009	0	0	0
1449.15	.1848353	.8151647	0	0	0
1448.15	.1824876	.8175125	0	0	0
1447.15	.1801556	.8198444	0	0	0
1446.15	.1778394	.8221606	0	0	0
1445.15	.1755387	.8244613	0	0	0
1444.15	.1732535	.8267465	0	0	0
1443.15	.1709837	.8290163	0	0	0
1442.15	.168729	.831271	0	0	0
1441.15	.1664894	.8335106	0	0	0
1440.15	.1642647	.8357353	0	0	0
1439.15	.1620549	.8379451	0	0	0
1438.15	.1598597	.8401403	0	0	0
1437.15	.1576792	.8423208	0	0	0
1436.15	.1555131	.8444869	0	0	0
1435.15	.1533614	.8466386	0	0	0
1434.15	.1512239	.8487761	0	0	0
1433.15	.1491005	.8508995	0	0	0
1432.15	.1469911	.8530089	0	0	0
1431.15	.1448955	.8551045	0	0	0
1430.15	.1428138	.8571862	0	0	0
1429.15	.1407457	.8592543	0	0	0
1428.15	.1386912	.8613088	0	0	0
1427.15	.1366501	.8633499	0	0	0
1426.15	.1346223	.8653777	0	0	0
1425.15	.1326077	.8673922	0	0	0
1424.15	.1306063	.8693937	0	0	0
1423.15	.1286179	.8713821	0	0	0
1422.15	.1266424	.8733576	0	0	0
1421.15	.1246797	.8753203	0	0	0
1420.15	.1227297	.8772703	0	0	0
1419.15	.1207923	.8792077	0	0	0
1418.15	.1188674	.8811326	0	0	0
1417.15	.1169549	.8830451	0	0	0
1416.15	.1150546	.8849453	0	0	0
1415.15	.1131666	.8868334	0	0	0
1414.15	.1112907	.8887093	0	0	0
1413.15	.1094269	.8905731	0	0	0
1412.15	.1075749	.8924251	0	0	0
1411.15	.1057348	.8942653	0	0	0
1410.15	.1039063	.8960937	0	0	0
1409.15	.1020896	.8979105	0	0	0
1408.15	.1002843	.8997157	0	0	0
1407.15	.09849053	.9015095	0	0	0
1406.15	.09670811	.9032919	0	0	0
1405.15	.09493698	.905063	0	0	0
1404.15	.09317703	.906823	0	0	0
1403.15	.09142818	.9085718	0	0	0
1402.15	.08969035	.9103096	0	0	0
1401.15	.08796345	.9120366	0	0	0
1400.15	.0862474	.9137526	0	0	0
1399.15	.08454211	.9154579	0	0	0
1398.15	.0828475	.9171525	0	0	0
1397.15	.08116349	.9188365	0	0	0
1396.15	.07948999	.92051	0	0	0
1395.15	.07782693	.9221731	0	0	0
1394.15	.07617423	.9238258	0	0	0
1393.15	.0745318	.9254682	0	0	0
1392.15	.07289958	.9271004	0	0	0
1391.15	.07127748	.9287225	0	0	0
1390.15	.06966542	.9303346	0	0	0
1389.15	.06806333	.9319367	0	0	0
1388.15	.06647114	.9335289	0	0	0
1387.15	.06488876	.9351112	0	0	0
1386.15	.06331614	.9366839	0	0	0
1385.15	.06175318	.9382468	0	0	0
1384.15	.06019983	.9398002	0	0	0
1383.15	.05865601	.941344	0	0	0
1382.15	.05712165	.9428783	0	0	0
1381.15	.05559667	.9444033	0	0	0
1380.15	.05408102	.945919	0	0	0
1379.15	.05257461	.9474254	0	0	0
1378.15	.05107739	.9489226	0	0	0
1377.15	.04958929	.9504107	0	0	0
1376.15	.04811023	.9518898	0	0	0
1375.15	.04664015	.9533599	0	0	0
1374.15	.04517899	.954821	0	0	0
1373.15	.04372669	.9562733	0	0	0
1372.15	.04228317	.9577168	0	0	0
1371.15	.04084837	.9591516	0	0	0
1370.15	.03942224	.9605778	0	0	0
1369.15	.0380047	.9619953	0	0	0
1368.15	.0365957	.9634043	0	0	0
1367.15	.03519518	.9648048	0	0	0
1366.15	.03380308	.9661969	0	0	0
1365.15	.03241933	.9675807	0	0	0
1364.15	.03104387	.9689561	0	0	0
1363.15	.02967666	.9703233	0	0	0
1362.15	.02831762	.9716824	0	0	0
1361.15	.02696671	.9730333	0	0	0
1360.15	.02562386	.9743761	0	0	0
1359.15	.02428902	.975711	0	0	0
1358.15	.02296213	.9770379	0	0	0
1357.15	.02164314	.9783569	0	0	0
1356.15	.020332	.979668	0	0	0
1355.15	.01902864	.9809714	0	0	0
1354.15	.01773302	.982267	0	0	0
1353.15	.01644508	.9835549	0	0	0
1352.15	.01516476	.9848352	0	0	0
1351.15	.01389203	.986108	0	0	0
1350.15	.01262682	.9873732	0	0	0
1349.15	.01136909	.9886309	0	0	0
1348.15	.01011878	.9898812	0	0	0
1347.15	.008875841	.9911242	0	0	0
1346.15	.007640229	.9923598	0	0	0
1345.15	.006411893	.9935881	0	0	0
1344.15	.005190784	.9948092	0	0	0
1343.15	.003976853	.9960232	0	0	0
1342.15	.002770054	.99723	0	0	0
1341.15	.001570339	.9984297	0	0	0
1340.15	3.776606E-04	.9996223	0	0	0
1339.832	0	1	0	0	0
1339.832	0	1	0	0	0
1339.15	0	1	0	0	0
1338.15	0	1	0	0	0
1337.15	0	1	0	0	0
1336.15	0	1	0	0	0
1335.15	0	1	0	0	0
1334.15	0	1	0	0	0
1333.15	0	1	0	0	0
1332.15	0	1	0	0	0
1331.15	0	1	0	0	0
1330.15	0	1	0	0	0
1329.15	0	1	0	0	0
1328.15	0	1	0	0	0
1327.15	0	1	0	0	0
1326.15	0	1	0	0	0
1325.15	0	1	0	0	0
1324.15	0	1	0	0	0
1323.15	0	1	0	0	0
1322.15	0	1	0	0	0
1321.15	0	1	0	0	0
1320.15	0	1	0	0	0
1319.15	0	1	0	0	0
1318.647	0	1	0	0	0
1318.647	0	1	0	0	0
1318.647	0	1	0	0	0
1318.15	0	.9996641	0	3.35952E-04	0
1317.15	0	.9989899	0	.001010148	0
1316.15	0	.9983171	0	.001682894	0
1315.15	0	.9976458	0	.002354195	0
1314.15	0	.9969759	0	.003024055	0
1313.15	0	.9963075	0	.00369248	0
1312.15	0	.9956405	0	.004359472	0
1311.15	0	.994975	0	.005025037	0
1310.15	0	.9943108	0	.005689178	0
1309.15	0	.9936481	0	.006351901	0
1308.15	0	.9929868	0	.007013208	0
1307.15	0	.9923269	0	.007673105	0
1306.15	0	.9916684	0	.008331596	0
1305.15	0	.9910113	0	.008988685	0
1304.15	0	.9903556	0	.009644375	0
1303.15	0	.9897013	0	.01029867	0
1302.15	0	.9890484	0	.01095158	0
1301.15	0	.9883969	0	.0116031	0
1300.15	0	.9877468	0	.01225324	0
1299.15	0	.987098	0	.012902	0
1298.15	0	.9864506	0	.01354939	0
1297.15	0	.9858046	0	.01419541	0
1296.15	0	.9851599	0	.01484007	0
1295.15	0	.9845166	0	.01548336	0
1294.15	0	.9838747	0	.0161253	0
1293.15	0	.9832341	0	.01676588	0
1292.15	0	.9825949	0	.01740512	0
1291.15	0	.981957	0	.01804301	0
1290.15	0	.9813205	0	.01867955	0
1289.15	0	.9806852	0	.01931476	0
1288.15	0	.9800514	0	.01994864	0
1287.15	0	.9794188	0	.02058118	0
1286.15	0	.9787876	0	.02121241	0
1285.15	0	.9781577	0	.0218423	0
1284.15	0	.9775291	0	.02247088	0
1283.15	0	.9769018	0	.02309815	0
1282.15	0	.9762759	0	.02372411	0
1281.15	0	.9756512	0	.02434876	0
1280.15	0	.9750279	0	.0249721	0
1279.15	0	.9744059	0	.02559415	0
1278.15	0	.9737851	0	.0262149	0
1277.15	0	.9731656	0	.02683436	0
1276.15	0	.9725475	0	.02745253	0
1275.15	0	.9719306	0	.02806941	0
1274.15	0	.971315	0	.02868502	0
1273.15	0	.9707007	0	.02929935	0
1272.15	0	.9700876	0	.0299124	0
1271.15	0	.9694758	0	.03052419	0
1270.15	0	.9688653	0	.0311347	0
1269.15	0	.968256	0	.03174396	0
1268.15	0	.967648	0	.03235196	0
1267.15	0	.9670413	0	.0329587	0
1266.15	0	.9664358	0	.03356418	0
1265.15	0	.9658316	0	.03416842	0
1264.15	0	.9652286	0	.03477142	0
1263.15	0	.9646268	0	.03537317	0
1262.15	0	.9640263	0	.03597368	0
1261.15	0	.963427	0	.03657296	0
1260.15	0	.962829	0	.03717101	0
1259.15	0	.9622322	0	.03776783	0
1258.15	0	.9616366	0	.03836343	0
1257.15	0	.9610422	0	.0389578	0
1256.15	0	.960449	0	.03955096	0
1255.15	0	.9598571	0	.0401429	0
1254.15	0	.9592664	0	.04073364	0
1253.15	0	.9586768	0	.04132316	0
1252.15	0	.9580885	0	.04191148	0
1251.15	0	.9575014	0	.0424986	0
1250.15	0	.9569155	0	.04308452	0
1249.15	0	.9563308	0	.04366924	0
1248.15	0	.9557472	0	.04425278	0
1247.15	0	.9551649	0	.04483513	0
1246.15	0	.9545837	0	.04541629	0
1245.15	0	.9540037	0	.04599627	0
1244.15	0	.9534249	0	.04657508	0
1243.15	0	.9528473	0	.0471527	0
1242.15	0	.9522708	0	.04772916	0
1241.15	0	.9516956	0	.04830445	0
1240.15	0	.9511214	0	.04887857	0
1239.15	0	.9505485	0	.04945153	0
1238.15	0	.9499767	0	.05002333	0
1237.15	0	.949406	0	.05059397	0
1236.15	0	.9488365	0	.05116346	0
1235.15	0	.9482682	0	.0517318	0
1234.15	0	.947701	0	.052299	0
1233.15	0	.947135	0	.05286505	0
1232.15	0	.9465701	0	.05342995	0
1231.15	0	.9460063	0	.05399372	0
1230.15	0	.9454436	0	.05455636	0
1229.15	0	.9448821	0	.05511786	0
1228.15	0	.9443218	0	.05567824	0
1227.15	0	.9437625	0	.05623749	0
1226.15	0	.9432044	0	.05679562	0
1225.15	0	.9426474	0	.05735262	0
1224.15	0	.9420915	0	.05790851	0
1223.15	0	.9415367	0	.05846329	0
1222.15	0	.9409831	0	.05901695	0
1221.15	0	.9404305	0	.05956951	0
1220.15	0	.939879	0	.06012096	0
1219.15	0	.9393287	0	.06067131	0
1218.15	0	.9387795	0	.06122056	0
1217.15	0	.9382313	0	.06176871	0
1216.15	0	.9376842	0	.06231576	0
1215.15	0	.9371383	0	.06286173	0
1214.15	0	.9365934	0	.06340661	0
1213.15	0	.9360496	0	.0639504	0
1212.15	0	.9355069	0	.06449311	0
1211.15	0	.9349653	0	.06503474	0
1210.15	0	.9344247	0	.06557529	0
1209.15	0	.9338852	0	.06611477	0
1208.15	0	.9333468	0	.06665318	0
1207.15	0	.9328095	0	.06719052	0
1206.15	0	.9322732	0	.06772679	0
1205.15	0	.931738	0	.06826199	0
1204.15	0	.9312039	0	.06879614	0
1203.15	0	.9306708	0	.06932923	0
1202.15	0	.9301387	0	.06986126	0
1201.15	0	.9296078	0	.07039224	0
1200.15	0	.9290778	0	.07092217	0
1199.15	0	.928549	0	.07145105	0
1198.15	0	.9280211	0	.07197889	0
1197.15	0	.9274943	0	.07250568	0
1196.15	0	.9269686	0	.07303144	0
1195.15	0	.9264438	0	.07355616	0
1194.15	0	.9259202	0	.07407984	0
1193.15	0	.9253975	0	.07460249	0
1192.15	0	.9248759	0	.07512411	0
1191.15	0	.9243553	0	.07564471	0
1190.15	0	.9238357	0	.07616428	0
1189.15	0	.9233172	0	.07668282	0
1188.15	0	.9227996	0	.07720035	0
1187.15	0	.9222831	0	.07771686	0
1186.15	0	.9217676	0	.07823236	0
1185.15	0	.9212532	0	.07874684	0
1184.15	0	.9207397	0	.07926032	0
1183.15	0	.9202272	0	.07977279	0
1182.15	0	.9197157	0	.08028425	0
1181.15	0	.9192053	0	.08079471	0
1180.15	0	.9186958	0	.08130418	0
1179.15	0	.9181874	0	.08181264	0
1178.15	0	.9176799	0	.08232011	0
1177.15	0	.9171734	0	.08282659	0
1176.15	0	.9166679	0	.08333207	0
1175.15	0	.9161634	0	.08383657	0
1174.15	0	.9156599	0	.08434008	0
1173.15	0	.9151574	0	.08484261	0
1172.15	0	.9146558	0	.08534416	0
1171.15	0	.9141553	0	.08584473	0
1170.15	0	.9136557	0	.08634433	0
1169.15	0	.9131571	0	.08684295	0
1168.15	0	.9126594	0	.0873406	0
1167.15	0	.9121627	0	.08783728	0
1166.15	0	.911667	0	.08833299	0
1165.15	0	.9111723	0	.08882774	0
1164.15	0	.9106785	0	.08932152	0
1163.15	0	.9101857	0	.08981435	0
1162.441	0	.909837	0	.090163	0
1162.441	0	.909837	0	.090163	0
1162.441	0	.909837	0	.090163	0
1162.15	0	.9094799	2.265666E-04	.09029357	0
1161.15	0	.9082563	.00100275	.09074097	0
1160.15	0	.907036	.00177674	.09118728	0
1159.15	0	.905819	.002548541	.09163249	0
1158.15	0	.9046052	.003318156	.09207661	0
1157.15	0	.9033948	.004085588	.09251964	0
1156.15	0	.9021876	.004850842	.09296159	0
1155.15	0	.9009836	.005613921	.09340246	0
1154.15	0	.8997829	.006374856	.09384227	0
1153.15	0	.8985854	.007133596	.09428098	0
1152.15	0	.8973912	.007890172	.09471862	0
1151.15	0	.8962002	.008644588	.09515519	0
1150.15	0	.8950125	.009396847	.09559069	0
1149.15	0	.8938279	.01014695	.09602513	0
1148.15	0	.8926466	.01089491	.0964585	0
1147.15	0	.8914685	.01164072	.09689082	0
1146.15	0	.8902935	.01238438	.09732208	0
1145.15	0	.8891218	.01312591	.09775229	0
1144.15	0	.8879533	.0138653	.09818145	0
1143.15	0	.8867879	.01460255	.09860957	0
1142.15	0	.8856257	.01533768	.09903664	0
1141.15	0	.8844667	.01607069	.09946266	0
1140.15	0	.8833108	.01680156	.09988765	0
1139.15	0	.8821581	.01753032	.1003116	0
1138.15	0	.8810085	.01825697	.1007345	0
1137.15	0	.8798621	.0189815	.1011564	0
1136.15	0	.8787188	.01970392	.1015773	0
1135.15	0	.8775786	.02042423	.1019971	0
1134.15	0	.8764416	.02114244	.1024159	0
1133.15	0	.8753077	.02185856	.1028337	0
1132.15	0	.8741769	.02257257	.1032505	0
1131.15	0	.8730492	.02328449	.1036663	0
1130.15	0	.8719246	.02399432	.104081	0
1129.15	0	.8708032	.02470207	.1044948	0
1128.15	0	.8696848	.02540773	.1049075	0
1127.15	0	.8685694	.0261113	.1053193	0
1126.15	0	.8674572	.0268128	.10573	0
1125.15	0	.8663481	.02751223	.1061397	0
1124.15	0	.865242	.02820959	.1065485	0
1123.15	0	.8641389	.02890487	.1069562	0
1122.15	0	.863039	.02959809	.107363	0
1121.15	0	.861942	.03028925	.1077687	0
1120.15	0	.8608482	.03097834	.1081735	0
1119.15	0	.8597573	.03166538	.1085773	0
1118.15	0	.8586696	.03235037	.1089801	0
1117.15	0	.8575848	.03303331	.1093819	0
1116.15	0	.8565031	.03371419	.1097828	0
1115.15	0	.8554243	.03439304	.1101826	0
1114.15	0	.8543486	.03506984	.1105815	0
1113.15	0	.8532759	.0357446	.1109795	0
1112.15	0	.8522063	.03641733	.1113764	0
1111.15	0	.8511396	.03708802	.1117724	0
1110.15	0	.8500759	.03775668	.1121675	0
1109.15	0	.8490152	.03842332	.1125615	0
1108.15	0	.8479574	.03908793	.1129546	0
1107.15	0	.8469027	.03975052	.1133468	0
1106.15	0	.8458509	.04041109	.113738	0
1105.15	0	.8448021	.04106964	.1141282	0
1104.15	0	.8437563	.04172618	.1145175	0
1103.15	0	.8427134	.04238071	.1149059	0
1102.15	0	.8416735	.04303323	.1152932	0
1101.15	0	.8406366	.04368375	.1156797	0
1100.15	0	.8396025	.04433226	.1160652	0
1099.15	0	.8385715	.04497878	.1164498	0
1098.15	0	.8375433	.0456233	.1168334	0
1097.15	0	.8365181	.04626582	.1172161	0
1096.15	0	.8354958	.04690636	.1175978	0
1095.15	0	.8344764	.0475449	.1179787	0
1094.15	0	.83346	.04818146	.1183586	0
1093.15	0	.8324465	.04881604	.1187375	0
1092.15	0	.8314358	.04944864	.1191155	0
1091.15	0	.8304281	.05007926	.1194926	0
1090.15	0	.8294233	.0507079	.1198688	0
1089.15	0	.8284214	.05133458	.1202441	0
1088.15	0	.8274223	.05195928	.1206184	0
1087.15	0	.8264262	.05258202	.1209918	0
1086.15	0	.8254329	.05320279	.1213643	0
1085.15	0	.8244425	.0538216	.1217359	0
1084.15	0	.823455	.05443846	.1221066	0
1083.15	0	.8224703	.05505335	.1224764	0
1082.15	0	.8214885	.0556663	.1228452	0
1081.15	0	.8205096	.05627729	.1232131	0
1080.15	0	.8195335	.05688634	.1235802	0
1079.15	0	.8185602	.05749344	.1239463	0
1078.15	0	.8175899	.0580986	.1243115	0
1077.15	0	.8166223	.05870182	.1246759	0
1076.15	0	.8156576	.0593031	.1250393	0
1075.15	0	.8146957	.05990245	.1254018	0
1074.15	0	.8137367	.06049987	.1257634	0
1073.15	0	.8127805	.06109536	.1261242	0
1072.15	0	.8118271	.06168892	.126484	0
1071.15	0	.8108765	.06228056	.1268429	0
1070.15	0	.8099288	.06287028	.127201	0
1069.15	0	.8089838	.06345808	.1275581	0
1068.15	0	.8080416	.06404396	.1279144	0
1067.15	0	.8071023	.06462794	.1282698	0
1066.15	0	.8061657	.06521	.1286243	0
1065.15	0	.805232	.06579016	.1289779	0
1064.15	0	.804301	.06636841	.1293306	0
1063.15	0	.8033728	.06694476	.1296825	0
1062.15	0	.8024474	.06751921	.1300334	0
1061.15	0	.8015248	.06809177	.1303835	0
1060.15	0	.8006049	.06866243	.1307327	0
1059.15	0	.7996878	.0692312	.131081	0
1058.15	0	.7987735	.06979809	.1314285	0
1057.15	0	.7978619	.07036309	.131775	0
1056.15	0	.7969531	.07092621	.1321207	0
1055.15	0	.796047	.07148745	.1324655	0
1054.15	0	.7951437	.07204682	.1328095	0
1053.15	0	.7942431	.07260431	.1331526	0
1052.15	0	.7933453	.07315993	.1334948	0
1051.15	0	.7924502	.07371369	.1338361	0
1050.15	0	.7915578	.07426558	.1341766	0
1049.15	0	.7906682	.0748156	.1345162	0
1048.15	0	.7897813	.07536378	.1348549	0
1047.15	0	.7888971	.07591009	.1351928	0
1046.15	0	.7880156	.07645455	.1355298	0
1045.15	0	.7871369	.07699717	.1358659	0
1044.15	0	.7862608	.07753794	.1362012	0
1043.15	0	.7853875	.07807686	.1365356	0
1042.15	0	.7845169	.07861395	.1368692	0
1041.15	0	.7836489	.0791492	.1372019	0
1040.15	0	.7827837	.07968261	.1375337	0
1039.15	0	.7819211	.0802142	.1378647	0
1038.15	0	.7810612	.08074395	.1381948	0
1037.15	0	.780204	.08127189	.1385241	0
1036.15	0	.7793495	.081798	.1388525	0
1035.15	0	.7784977	.0823223	.13918	0
1034.15	0	.7776485	.08284478	.1395067	0
1033.15	0	.776802	.08336545	.1398326	0
1032.15	0	.7759581	.08388432	.1401576	0
1031.15	0	.7751169	.08440138	.1404817	0
1030.15	0	.7742784	.08491664	.140805	0
1029.15	0	.7734425	.08543011	.1411274	0
1028.15	0	.7726093	.08594178	.1414489	0
1027.15	0	.7717787	.08645167	.1417697	0
1026.15	0	.7709507	.08695976	.1420895	0
1025.15	0	.7701254	.08746608	.1424085	0
1024.15	0	.7693027	.08797062	.1427267	0
1023.15	0	.7684826	.08847338	.143044	0
1022.15	0	.7676652	.08897438	.1433605	0
1021.15	0	.7668503	.0894736	.1436761	0
1020.15	0	.7660381	.08997107	.1439908	0
1019.15	0	.7652285	.09046677	.1443048	0
1018.15	0	.7644215	.09096072	.1446178	0
1017.15	0	.7636171	.09145292	.14493	0
1016.15	0	.7628152	.09194338	.1452414	0
1015.15	0	.762016	.09243209	.1455519	0
1014.15	0	.7612194	.09291906	.1458616	0
1013.15	0	.7604253	.09340431	.1461704	0
1012.15	0	.7596339	.09388782	.1464783	0
1011.15	0	.758845	.09436961	.1467854	0
1010.15	0	.7580586	.09484967	.1470917	0
1009.15	0	.7572749	.09532803	.1473971	0
1008.15	0	.7564937	.09580467	.1477017	0
1007.15	0	.755715	.0962796	.1480054	0
1006.15	0	.7549389	.09675284	.1483083	0
1005.15	0	.7541654	.09722437	.1486103	0
1004.15	0	.7533944	.09769422	.1489114	0
1003.15	0	.7526259	.09816238	.1492117	0
1002.15	0	.7518599	.09862886	.1495112	0
1001.15	0	.7510965	.09909366	.1498098	0
1000.15	0	.7503356	.09955679	.1501076	0
999.15	0	.7495773	.1000183	.1504045	0
998.15	0	.7488214	.1004781	.1507005	0
997.15	0	.7480681	.1009362	.1509957	0
996.15	0	.7473172	.1013927	.1512901	0
995.15	0	.7465689	.1018476	.1515836	0
994.15	0	.745823	.1023008	.1518762	0
993.15	0	.7450796	.1027524	.152168	0
992.15	0	.7443388	.1032023	.1524589	0
991.15	0	.7436003	.1036507	.152749	0
990.15	0	.7428644	.1040974	.1530382	0
989.15	0	.7421309	.1045425	.1533265	0
988.15	0	.7413999	.1049861	.153614	0
987.15	0	.7406713	.105428	.1539007	0
986.15	0	.7399452	.1058683	.1541864	0
985.15	0	.7392216	.1063071	.1544714	0
984.15	0	.7385003	.1067443	.1547554	0
983.15	0	.7377815	.1071799	.1550386	0
982.15	0	.7370651	.107614	.1553209	0
981.15	0	.7363512	.1080465	.1556024	0
980.15	0	.7356396	.1084774	.1558829	0
979.15	0	.7349305	.1089068	.1561627	0
978.15	0	.7342237	.1093347	.1564415	0
977.15	0	.7335194	.1097611	.1567195	0
976.15	0	.7328174	.110186	.1569966	0
975.15	0	.7321179	.1106093	.1572728	0
974.15	0	.7314206	.1110312	.1575482	0
973.15	0	.7307258	.1114515	.1578227	0
972.15	0	.7300333	.1118704	.1580963	0
971.15	0	.7293432	.1122878	.158369	0
970.15	0	.7286554	.1127038	.1586409	0
969.15	0	.7279699	.1131182	.1589118	0
968.15	0	.7272868	.1135313	.1591819	0
967.15	0	.726606	.1139429	.1594511	0
966.15	0	.7259275	.1143531	.1597194	0
965.15	0	.7252513	.1147618	.1599869	0
964.15	0	.7245775	.1151692	.1602534	0
963.15	0	.7239059	.1155751	.160519	0
962.15	0	.7232366	.1159797	.1607838	0
961.15	0	.7225695	.1163829	.1610476	0
960.15	0	.7219048	.1167847	.1613106	0
959.15	0	.7212422	.1171851	.1615726	0
958.15	0	.720582	.1175843	.1618338	0
957.15	0	.719924	.117982	.162094	0
956.15	0	.7192682	.1183785	.1623534	0
955.15	0	.7186146	.1187736	.1626118	0
954.15	0	.7179632	.1191675	.1628693	0
953.15	0	.7173141	.11956	.1631259	0
952.15	0	.7166671	.1199513	.1633816	0
951.15	0	.7160223	.1203413	.1636364	0
950.15	0	.7153797	.1207301	.1638902	0
949.15	0	.7147393	.1211176	.1641432	0
948.15	0	.714101	.1215039	.1643952	0
947.15	0	.7134648	.121889	.1646462	0
946.15	0	.7128308	.1222729	.1648964	0
945.15	0	.7121989	.1226556	.1651456	0
944.15	0	.7115691	.1230371	.1653938	0
943.15	0	.7109414	.1234175	.1656412	0
942.15	0	.7103158	.1237967	.1658875	0
941.15	0	.7096922	.1241748	.166133	0
940.15	0	.7090707	.1245518	.1663775	0
939.15	0	.7084513	.1249277	.166621	0
938.15	0	.7078339	.1253025	.1668636	0
937.15	0	.7072185	.1256763	.1671052	0
936.15	0	.7066052	.126049	.1673459	0
935.15	0	.7059938	.1264206	.1675855	0
934.15	0	.7053844	.1267913	.1678243	0
933.15	0	.704777	.1271609	.168062	0
932.15	0	.7041716	.1275296	.1682988	0
931.15	0	.7035681	.1278973	.1685346	0
930.15	0	.7029665	.1282641	.1687694	0
929.15	0	.7023669	.1286299	.1690032	0
928.15	0	.7017691	.1289949	.169236	0
927.15	0	.7011733	.1293589	.1694678	0
926.15	0	.7005793	.1297221	.1696987	0
925.15	0	.6999871	.1300844	.1699285	0
924.15	0	.6993968	.1304459	.1701573	0
923.15	0	.6988083	.1308066	.1703851	0
922.15	0	.6982217	.1311665	.1706119	0
921.15	0	.6976368	.1315256	.1708376	0
920.15	0	.6970537	.131884	.1710623	0
919.15	0	.6964723	.1322417	.171286	0
918.15	0	.6958927	.1325986	.1715087	0
917.15	0	.6953148	.1329549	.1717303	0
916.15	0	.6947386	.1333106	.1719508	0
915.15	0	.6941641	.1336656	.1721704	0
914.15	0	.6935912	.13402	.1723888	0
913.15	0	.69302	.1343738	.1726062	0
912.15	0	.6924505	.134727	.1728225	0
911.15	0	.6918825	.1350798	.1730378	0
910.15	0	.6913161	.135432	.1732519	0
909.15	0	.6907512	.1357838	.173465	0
908.15	0	.690188	.136135	.173677	0
907.15	0	.6896262	.1364859	.1738879	0
906.15	0	.6890659	.1368364	.1740977	0
905.15	0	.6885071	.1371865	.1743064	0
904.15	0	.6879498	.1375363	.1745139	0
903.15	0	.6873939	.1378858	.1747204	0
902.15	0	.6868394	.1382349	.1749257	0
901.15	0	.6862863	.1385839	.1751299	0
900.15	0	.6857345	.1389326	.1753329	0
899.15	0	.6851841	.1392811	.1755348	0
898.15	0	.684635	.1396295	.1757355	0
897.15	0	.6840872	.1399778	.1759351	0
896.15	0	.6835406	.140326	.1761335	0
895.15	0	.6829952	.1406741	.1763307	0
894.15	0	.6824511	.1410222	.1765267	0
893.15	0	.6819081	.1413704	.1767215	0
892.15	0	.6813663	.1417185	.1769152	0
891.15	0	.6808256	.1420668	.1771076	0
890.15	0	.680286	.1424152	.1772988	0
889.15	0	.6797474	.1427638	.1774887	0
888.15	0	.6792099	.1431126	.1776775	0
887.15	0	.6786734	.1434617	.177865	0
886.15	0	.6781378	.143811	.1780512	0
885.15	0	.6776032	.1441606	.1782362	0
884.15	0	.6770695	.1445107	.1784199	0
883.15	0	.6765366	.1448611	.1786023	0
882.15	0	.6760046	.145212	.1787834	0
881.15	0	.6754733	.1455634	.1789632	0
880.15	0	.6749429	.1459154	.1791418	0
879.15	0	.6744131	.1462679	.1793189	0
878.15	0	.6738841	.1466211	.1794948	0
877.15	0	.6733557	.146975	.1796693	0
876.15	0	.6728279	.1473296	.1798425	0
875.15	0	.6723007	.1476851	.1800143	0
874.15	0	.671774	.1480413	.1801847	0
873.15	0	.6712478	.1483985	.1803537	0
872.15	0	.6707221	.1487566	.1805213	0
871.15	0	.6701968	.1491157	.1806875	0
870.15	0	.6696719	.1494759	.1808523	0
869.15	0	.6691472	.1498372	.1810156	0
868.15	0	.6686229	.1501997	.1811775	0
867.15	0	.6680988	.1505634	.1813379	0
866.15	0	.6675748	.1509284	.1814968	0
865.15	0	.667051	.1512947	.1816542	0
864.15	0	.6665273	.1516625	.1818101	0
863.15	0	.6660037	.1520318	.1819645	0
862.15	0	.66548	.1524027	.1821174	0
861.15	0	.6649562	.1527751	.1822687	0
860.15	0	.6644323	.1531493	.1824184	0
859.15	0	.6639083	.1535253	.1825665	0
858.15	0	.663384	.153903	.182713	0
857.15	0	.6628594	.1542827	.1828579	0
856.15	0	.6623345	.1546644	.1830011	0
855.15	0	.6618091	.1550482	.1831427	0
854.15	0	.6612833	.1554342	.1832825	0
853.15	0	.6607569	.1558223	.1834207	0
852.15	0	.66023	.1562129	.1835572	0
851.15	0	.6597023	.1566058	.1836919	0
850.15	0	.659174	.1570012	.1838248	0
849.15	0	.6586448	.1573993	.183956	0
848.15	0	.6581147	.1578	.1840853	0
847.15	0	.6575836	.1582035	.1842128	0
846.15	0	.6570516	.15861	.1843385	0
845.15	0	.6565184	.1590195	.1844622	0
844.15	0	.6559839	.159432	.184584	0
843.15	0	.6554483	.1598478	.1847039	0
842.15	0	.6549112	.160267	.1848219	0
841.15	0	.6543726	.1606896	.1849378	0
840.15	0	.6538326	.1611158	.1850517	0
839.15	0	.6532908	.1615457	.1851635	0
838.15	0	.6527473	.1619795	.1852733	0
837.15	0	.6522019	.1624172	.1853809	0
836.15	0	.6516546	.1628591	.1854863	0
835.15	0	.6511052	.1633052	.1855896	0
834.15	0	.6505536	.1637558	.1856906	0
833.15	0	.6499997	.164211	.1857894	0
832.15	0	.6494433	.1646709	.1858858	0
831.15	0	.6488844	.1651358	.1859799	0
830.15	0	.6483228	.1656057	.1860715	0
829.15	0	.6477583	.1660809	.1861608	0
828.15	0	.6471909	.1665617	.1862475	0
827.15	0	.6466203	.1670481	.1863317	0
826.15	0	.6460464	.1675404	.1864132	0
825.15	0	.6454691	.1680388	.1864921	0
824.15	0	.6448881	.1685436	.1865683	0
823.15	0	.6443033	.169055	.1866417	0
822.15	0	.6437145	.1695732	.1867123	0
821.15	0	.6431215	.1700985	.18678	0
820.15	0	.642524	.1706313	.1868447	0
819.15	0	.6419219	.1711717	.1869063	0
818.15	0	.641315	.1717202	.1869648	0
817.15	0	.6407029	.172277	.1870201	0
816.15	0	.6400854	.1728425	.1870721	0
815.15	0	.6394622	.1734171	.1871207	0
814.15	0	.6388331	.1740011	.1871658	0
813.15	0	.6381977	.174595	.1872073	0
812.15	0	.6375558	.1751992	.1872451	0
811.15	0	.6369068	.1758142	.187279	0
810.15	0	.6362505	.1764405	.187309	0
809.15	0	.6355865	.1770787	.1873349	0
808.15	0	.6349143	.1777292	.1873565	0
807.15	0	.6342334	.1783928	.1873738	0
806.15	0	.6335434	.1790701	.1873865	0
805.15	0	.6328438	.1797619	.1873944	0
804.15	0	.6321338	.1804688	.1873974	0
803.15	0	.631413	.1811918	.1873952	0
802.15	0	.6306805	.1819318	.1873877	0
801.15	0	.6299357	.1826897	.1873745	0
800.15	0	.6291778	.1834668	.1873555	0
799.15	0	.6284058	.1842641	.1873302	0
798.15	0	.6276187	.185083	.1872984	0
797.15	0	.6268154	.1859249	.1872596	0
796.15	0	.6259948	.1867916	.1872137	0
795.15	0	.6251554	.1876847	.1871599	0
794.15	0	.6242958	.1886063	.1870979	0
793.15	0	.6234142	.1895587	.1870271	0
792.15	0	.6225086	.1905445	.1869469	0
791.15	0	.621577	.1915665	.1868565	0
790.15	0	.6206184	.1926269	.1867547	0
789.15	0	.6188412	.1947279	.1864309	0
788.15	0	.6170817	.1968138	.1861046	0
787.15	0	.6154441	.1987518	.1858042	0
786.15	0	.6139128	.200561	.1855262	0
785.15	0	.6124752	.202257	.1852678	0
784.15	0	.6111208	.2038526	.1850266	0
783.15	0	.609841	.2053583	.1848008	0
782.15	0	.6086284	.2067832	.1845885	0
781.15	0	.6074766	.2081349	.1843885	0
780.15	0	.6063803	.2094201	.1841996	0
779.15	0	.6053348	.2106445	.1840207	0
778.15	0	.604336	.2118132	.1838509	0
777.15	0	.6033801	.2129305	.1836895	0
776.15	0	.602464	.2140003	.1835357	0
775.15	0	.6015848	.2150262	.1833889	0
774.15	0	.6007401	.2160112	.1832487	0
773.15	0	.5999273	.2169582	.1831145	0
772.15	0	.5991446	.2178696	.1829859	0
771.15	0	.5983899	.2187477	.1828624	0
770.15	0	.5976617	.2195946	.1827437	0
769.15	0	.5969582	.2204122	.1826296	0
768.15	0	.5962782	.2212022	.1825196	0
767.15	0	.5956202	.2219662	.1824136	0
766.15	0	.5949832	.2227056	.1823113	0
765.15	0	.5943659	.2234217	.1822124	0
764.15	0	.5937673	.2241159	.1821168	0
763.15	0	.5931865	.2247892	.1820243	0
762.15	0	.5926226	.2254428	.1819346	0
761.15	0	.5920749	.2260775	.1818477	0
760.15	0	.5915424	.2266943	.1817633	0
759.15	0	.5910245	.2272941	.1816814	0
758.15	0	.5905206	.2278777	.1816018	0
757.15	0	.59003	.2284457	.1815243	0
756.15	0	.5895521	.228999	.1814489	0
755.15	0	.5890863	.2295381	.1813755	0
754.15	0	.5886323	.2300637	.181304	0
753.15	0	.5881894	.2305764	.1812342	0
752.15	0	.5877572	.2310767	.1811661	0
751.15	0	.5873354	.2315651	.1810996	0
750.15	0	.5869233	.2320421	.1810346	0
749.15	0	.5865208	.2325081	.1809711	0
748.15	0	.5861274	.2329637	.1809089	0
747.15	0	.5857427	.2334092	.1808481	0
746.15	0	.5853666	.2338449	.1807885	0
745.15	0	.5849985	.2342713	.1807302	0
744.15	0	.5846383	.2346888	.180673	0
743.15	0	.5842856	.2350976	.1806168	0
742.15	0	.5839402	.235498	.1805618	0
741.15	0	.5836019	.2358904	.1805077	0
740.15	0	.5832703	.2362751	.1804546	0
739.15	0	.5829453	.2366523	.1804024	0
738.15	0	.5826267	.2370223	.1803511	0
737.15	0	.5823141	.2373853	.1803006	0
736.15	0	.5820075	.2377416	.1802509	0
735.15	0	.5817067	.2380914	.180202	0
734.15	0	.5814113	.2384349	.1801538	0
733.15	0	.5811214	.2387723	.1801063	0
732.15	0	.5808366	.2391038	.1800596	0
731.15	0	.5805569	.2394297	.1800134	0
730.15	0	.5802821	.23975	.1799679	0
729.15	0	.580012	.240065	.179923	0
728.15	0	.5797465	.2403748	.1798787	0
727.15	0	.5794855	.2406796	.1798349	0
726.15	0	.5792288	.2409796	.1797916	0
725.15	0	.5789763	.2412749	.1797489	0
724.15	0	.5787278	.2415656	.1797066	0
723.15	0	.5784834	.2418518	.1796648	0
722.15	0	.5782428	.2421338	.1796235	0
721.15	0	.5780059	.2424116	.1795826	0
720.15	0	.5777726	.2426853	.1795421	0
719.15	0	.5775429	.2429551	.179502	0
718.15	0	.5773167	.2432211	.1794623	0
717.15	0	.5770938	.2434833	.1794229	0
716.15	0	.5768741	.243742	.1793839	0
715.15	0	.5766576	.2439971	.1793453	0
714.15	0	.5764442	.2442488	.1793069	0
713.15	0	.5762338	.2444972	.1792689	0
712.15	0	.5760264	.2447424	.1792312	0
711.15	0	.5758218	.2449844	.1791938	0
710.15	0	.5756199	.2452234	.1791567	0
709.15	0	.5754208	.2454594	.1791198	0
708.15	0	.5752243	.2456925	.1790832	0
707.15	0	.5750305	.2459228	.1790468	0
706.15	0	.5748391	.2461503	.1790107	0
705.15	0	.5746501	.2463751	.1789748	0
704.15	0	.5744636	.2465973	.1789391	0
703.15	0	.5742794	.246817	.1789036	0
702.15	0	.5740975	.2470342	.1788683	0
701.15	0	.5739178	.247249	.1788332	0
700.15	0	.5737403	.2474614	.1787983	0
699.15	0	.5735649	.2476715	.1787636	0
698.15	0	.5733916	.2478793	.1787291	0
697.15	0	.5732203	.248085	.1786947	0
696.15	0	.573051	.2482885	.1786605	0
695.15	0	.5728836	.24849	.1786264	0
694.15	0	.5727181	.2486894	.1785925	0
693.15	0	.5725545	.2488868	.1785588	0
692.15	0	.5723927	.2490822	.1785251	0
691.15	0	.5722326	.2492758	.1784916	0
690.15	0	.5720743	.2494675	.1784582	0
689.15	0	.5719177	.2496574	.1784249	0
688.15	0	.5717627	.2498455	.1783918	0
687.15	0	.5716094	.2500319	.1783587	0
686.15	0	.5714577	.2502166	.1783258	0
685.15	0	.5713075	.2503996	.1782929	0
684.15	0	.5711588	.250581	.1782602	0
683.15	0	.5710117	.2507608	.1782275	0
682.15	0	.5708659	.2509391	.178195	0
681.15	0	.5707217	.2511159	.1781625	0
680.15	0	.5705788	.2512911	.1781301	0
679.15	0	.5704373	.251465	.1780977	0
678.15	0	.5702972	.2516374	.1780655	0
677.15	0	.5701584	.2518084	.1780333	0
676.15	0	.5700208	.251978	.1780011	0
675.15	0	.5698846	.2521463	.1779691	0
674.15	0	.5697496	.2523133	.1779371	0
673.15	0	.5696158	.252479	.1779051	0
672.15	0	.5694832	.2526435	.1778733	0
671.15	0	.5693518	.2528068	.1778414	0
670.15	0	.5692216	.2529688	.1778096	0
669.15	0	.5690925	.2531296	.1777779	0
668.15	0	.5689645	.2532893	.1777462	0
667.15	0	.5688376	.2534479	.1777145	0
666.15	0	.5687118	.2536053	.1776829	0
665.15	0	.568587	.2537617	.1776514	0
664.15	0	.5684632	.253917	.1776198	0
663.15	0	.5683405	.2540712	.1775883	0
662.15	0	.5682188	.2542244	.1775568	0
661.15	0	.568098	.2543766	.1775254	0
660.15	0	.5679783	.2545278	.177494	0
659.15	0	.5678594	.254678	.1774626	0
658.15	0	.5677415	.2548273	.1774312	0
657.15	0	.5676246	.2549756	.1773999	0
656.15	0	.5675085	.255123	.1773685	0
655.15	0	.5673933	.2552695	.1773372	0
654.15	0	.5672789	.2554151	.177306	0
653.15	0	.5671655	.2555598	.1772747	0
652.15	0	.5670528	.2557037	.1772434	0
651.15	0	.566941	.2558467	.1772122	0
650.15	0	.5668301	.255989	.177181	0
649.15	0	.5667199	.2561303	.1771498	0
648.15	0	.5666105	.2562709	.1771186	0
647.15	0	.5665019	.2564107	.1770874	0
646.15	0	.566394	.2565497	.1770562	0
645.15	0	.5662869	.256688	.1770251	0
644.15	0	.5661806	.2568255	.1769939	0
643.15	0	.566075	.2569623	.1769628	0
642.15	0	.5659701	.2570983	.1769316	0
641.15	0	.5658659	.2572337	.1769005	0
640.15	0	.5657624	.2573683	.1768693	0
639.15	0	.5656596	.2575023	.1768382	0
638.15	0	.5655574	.2576355	.1768071	0
637.15	0	.565456	.2577681	.1767759	0
636.15	0	.5653552	.2579	.1767448	0
635.15	0	.565255	.2580313	.1767137	0
634.15	0	.5651555	.258162	.1766825	0
633.15	0	.5650566	.258292	.1766514	0
632.15	0	.5649583	.2584214	.1766203	0
631.15	0	.5648607	.2585501	.1765892	0
630.15	0	.5647636	.2586783	.176558	0
629.15	0	.5646672	.2588059	.1765269	0
628.15	0	.5645713	.2589329	.1764958	0
627.15	0	.5644761	.2590593	.1764646	0
626.15	0	.5643813	.2591851	.1764335	0
625.15	0	.5642872	.2593104	.1764024	0
624.15	0	.5641936	.2594352	.1763712	0
623.15	0	.5641006	.2595594	.1763401	0
622.15	0	.5640081	.259683	.1763089	0
621.15	0	.5639161	.2598061	.1762778	0
620.15	0	.5638247	.2599287	.1762466	0
619.15	0	.5637338	.2600508	.1762154	0
618.15	0	.5636434	.2601723	.1761843	0
617.15	0	.5635535	.2602934	.1761531	0
616.15	0	.5634642	.2604139	.1761219	0
615.15	0	.5633753	.260534	.1760907	0
614.15	0	.5632869	.2606536	.1760595	0
613.15	0	.563199	.2607726	.1760284	0
612.15	0	.5631116	.2608913	.1759972	0
611.15	0	.5630246	.2610094	.1759659	0
610.15	0	.5629382	.2611271	.1759347	0
609.15	0	.5628522	.2612443	.1759035	0
608.15	0	.5627666	.2613611	.1758723	0
607.15	0	.5626815	.2614774	.1758411	0
606.15	0	.5625969	.2615933	.1758098	0
605.15	0	.5625127	.2617088	.1757786	0
604.15	0	.5624289	.2618238	.1757474	0
603.15	0	.5623455	.2619383	.1757161	0
602.15	0	.5622626	.2620525	.1756849	0
601.15	0	.5621801	.2621662	.1756536	0
600.15	0	.5620981	.2622796	.1756224	0
599.15	0	.5620164	.2623925	.1755911	0
598.15	0	.5619352	.262505	.1755598	0
597.15	0	.5618544	.2626171	.1755286	0
596.15	0	.5617739	.2627288	.1754973	0
595.15	0	.5616939	.2628401	.175466	0
594.15	0	.5616143	.262951	.1754347	0
593.15	0	.561535	.2630615	.1754034	0
592.15	0	.5614562	.2631717	.1753722	0
591.15	0	.5613777	.2632814	.1753409	0
590.15	0	.5612996	.2633908	.1753096	0
589.15	0	.5612219	.2634999	.1752783	0
588.15	0	.5611445	.2636085	.175247	0
587.15	0	.5610676	.2637168	.1752157	0
586.15	0	.5609909	.2638247	.1751844	0
585.15	0	.5609147	.2639322	.1751531	0
584.15	0	.5608388	.2640394	.1751218	0
583.15	0	.5607633	.2641463	.1750905	0
582.15	0	.5606881	.2642527	.1750592	0
581.15	0	.5606132	.2643589	.1750279	0
580.15	0	.5605387	.2644647	.1749966	0
579.15	0	.5604646	.2645701	.1749653	0
578.15	0	.5603908	.2646752	.174934	0
577.15	0	.5603173	.26478	.1749027	0
576.15	0	.5602442	.2648844	.1748714	0
575.15	0	.5601714	.2649885	.1748401	0
574.15	0	.5600989	.2650923	.1748088	0
573.15	0	.5600268	.2651957	.1747776	0
572.15	0	.5599549	.2652988	.1747463	0
571.15	0	.5598834	.2654016	.174715	0
570.15	0	.5598123	.265504	.1746837	0
569.15	0	.5597414	.2656061	.1746525	0
568.15	0	.5596708	.265708	.1746212	0
567.15	0	.5596006	.2658095	.17459	0
566.15	0	.5595307	.2659106	.1745587	0
565.15	0	.559461	.2660115	.1745275	0
564.15	0	.5593917	.266112	.1744962	0
563.15	0	.5593227	.2662123	.174465	0
562.15	0	.559254	.2663122	.1744338	0
561.15	0	.5591856	.2664118	.1744026	0
560.15	0	.5591175	.2665112	.1743714	0
559.15	0	.5590496	.2666102	.1743402	0
558.15	0	.5589821	.2667089	.174309	0
557.15	0	.5589148	.2668073	.1742779	0
556.15	0	.5588479	.2669054	.1742467	0
555.15	0	.5587812	.2670032	.1742155	0
554.15	0	.5587148	.2671007	.1741844	0
553.15	0	.5586487	.267198	.1741533	0
552.15	0	.5585829	.2672949	.1741222	0
551.15	0	.5585174	.2673915	.1740911	0
550.15	0	.5584521	.2674879	.17406	0
549.15	0	.5583871	.2675839	.1740289	0
548.15	0	.5583224	.2676797	.1739979	0
547.15	0	.558258	.2677752	.1739669	0
546.15	0	.5581938	.2678704	.1739358	0
545.15	0	.5581299	.2679653	.1739048	0
544.15	0	.5580663	.2680599	.1738738	0
543.15	0	.5580029	.2681542	.1738429	0
542.15	0	.5579398	.2682483	.1738119	0
541.15	0	.557877	.268342	.173781	0
540.15	0	.5578144	.2684355	.1737501	0
539.15	0	.5577522	.2685287	.1737191	0
538.15	0	.5576902	.2686216	.1736882	0
537.15	0	.5576284	.2687143	.1736573	0
536.15	0	.5575668	.2688067	.1736265	0
535.15	0	.5575056	.2688988	.1735957	0
534.15	0	.5574445	.2689906	.1735649	0
533.15	0	.5573837	.2690821	.1735341	0
532.15	0	.5573232	.2691734	.1735034	0
531.15	0	.557263	.2692644	.1734727	0
530.15	0	.5572029	.2693551	.173442	0
529.15	0	.5571432	.2694455	.1734113	0
528.15	0	.5570836	.2695357	.1733807	0
527.15	0	.5570243	.2696256	.1733501	0
526.15	0	.5569653	.2697152	.1733195	0
525.15	0	.5569065	.2698046	.1732889	0
524.15	0	.556848	.2698936	.1732584	0
523.15	0	.5567896	.2699825	.1732279	0
522.15	0	.5567316	.270071	.1731974	0
521.15	0	.5566737	.2701593	.173167	0
520.15	0	.5566161	.2702473	.1731366	0
519.15	0	.5565588	.270335	.1731062	0
518.15	0	.5565017	.2704225	.1730758	0
517.15	0	.5564448	.2705097	.1730455	0
516.15	0	.5563881	.2705966	.1730152	0
515.15	0	.5563317	.2706833	.172985	0
514.15	0	.5562756	.2707697	.1729548	0
513.15	0	.5562196	.2708558	.1729246	0
512.15	0	.5561639	.2709417	.1728945	0
511.15	0	.5561084	.2710273	.1728643	0
510.15	0	.5560531	.2711126	.1728343	0
509.15	0	.5559981	.2711977	.1728042	0
508.15	0	.5559433	.2712825	.1727742	0
507.15	0	.5558888	.271367	.1727443	0
506.15	0	.5558344	.2714513	.1727144	0
505.15	0	.5557803	.2715353	.1726845	0
504.15	0	.5557264	.271619	.1726546	0
503.15	0	.5556727	.2717024	.1726248	0
502.15	0	.5556193	.2717857	.1725951	0
501.15	0	.5555661	.2718686	.1725653	0
500.15	0	.555513	.2719513	.1725357	0
499.15	0	.5554603	.2720337	.172506	0
498.15	0	.5554077	.2721158	.1724764	0
497.15	0	.5553554	.2721977	.1724469	0
496.15	0	.5553033	.2722793	.1724174	0
495.15	0	.5552514	.2723607	.1723879	0
494.15	0	.5551997	.2724418	.1723585	0
493.15	0	.5551482	.2725226	.1723292	0
492.15	0	.555097	.2726032	.1722999	0
491.15	0	.5550459	.2726835	.1722706	0
490.15	0	.5549951	.2727635	.1722414	0
489.15	0	.5549445	.2728433	.1722122	0
488.15	0	.5548941	.2729228	.1721831	0
487.15	0	.554844	.273002	.172154	0
486.15	0	.554794	.273081	.172125	0
485.15	0	.5547443	.2731597	.172096	0
484.15	0	.5546948	.2732381	.1720671	0
483.15	0	.5546454	.2733163	.1720383	0
482.15	0	.5545963	.2733942	.1720094	0
481.15	0	.5545474	.2734719	.1719807	0
480.15	0	.5544987	.2735493	.171952	0
479.15	0	.5544503	.2736264	.1719233	0
478.15	0	.554402	.2737032	.1718948	0
477.15	0	.554354	.2737798	.1718662	0
476.15	0	.5543061	.2738561	.1718377	0
475.15	0	.5542585	.2739322	.1718093	0
474.15	0	.5542111	.274008	.171781	0
473.15	0	.5541638	.2740835	.1717527	0
472.15	0	.5541168	.2741588	.1717244	0
471.15	0	.55407	.2742338	.1716962	0
470.15	0	.5540234	.2743085	.1716681	0
469.15	0	.553977	.2743829	.17164	0
468.15	0	.5539308	.2744571	.171612	0
467.15	0	.5538849	.274531	.1715841	0
466.15	0	.5538391	.2746047	.1715562	0
465.15	0	.5537935	.2746781	.1715284	0
464.15	0	.5537481	.2747512	.1715007	0
463.15	0	.553703	.2748241	.171473	0
462.15	0	.553658	.2748966	.1714453	0
461.15	0	.5536133	.2749689	.1714178	0
460.15	0	.5535687	.275041	.1713903	0
459.15	0	.5535243	.2751128	.1713629	0
458.15	0	.5534802	.2751843	.1713355	0
457.15	0	.5534363	.2752555	.1713083	0
456.15	0	.5533925	.2753265	.171281	0
455.15	0	.553349	.2753972	.1712539	0
454.15	0	.5533056	.2754676	.1712268	0
453.15	0	.5532625	.2755377	.1711998	0
452.15	0	.5532195	.2756076	.1711729	0
451.15	0	.5531768	.2756772	.171146	0
450.15	0	.5531342	.2757466	.1711192	0
449.15	0	.5530919	.2758156	.1710925	0
448.15	0	.5530498	.2758843	.1710659	0
447.15	0	.5530079	.2759528	.1710393	0
446.15	0	.5529662	.2760209	.1710129	0
445.15	0	.5529248	.2760888	.1709865	0
444.15	0	.5528835	.2761563	.1709602	0
443.15	0	.5528424	.2762236	.1709339	0
442.15	0	.5528016	.2762906	.1709078	0
441.15	0	.552761	.2763572	.1708818	0
440.15	0	.5527206	.2764236	.1708558	0
439.15	0	.5526805	.2764896	.17083	0
438.15	0	.5526406	.2765553	.1708042	0
437.15	0	.5526009	.2766206	.1707785	0
436.15	0	.5525614	.2766856	.170753	0
435.15	0	.5525222	.2767503	.1707275	0
434.15	0	.5524832	.2768147	.1707021	0
433.15	0	.5524444	.2768787	.1706769	0
432.15	0	.5524059	.2769423	.1706517	0
431.15	0	.5523677	.2770057	.1706267	0
430.15	0	.5523296	.2770686	.1706017	0
429.15	0	.5522919	.2771312	.1705769	0
428.15	0	.5522543	.2771935	.1705522	0
427.15	0	.552217	.2772554	.1705275	0
426.15	0	.55218	.277317	.170503	0
425.15	0	.5521432	.2773782	.1704787	0
424.15	0	.5521066	.277439	.1704544	0
423.15	0	.5520703	.2774995	.1704302	0
422.15	0	.5520342	.2775596	.1704062	0
421.15	0	.5519984	.2776193	.1703822	0
420.15	0	.5519629	.2776787	.1703584	0
419.15	0	.5519275	.2777377	.1703347	0
418.15	0	.5518925	.2777964	.1703111	0
417.15	0	.5518576	.2778547	.1702877	0
416.15	0	.5518231	.2779126	.1702644	0
415.15	0	.5517887	.2779701	.1702411	0
414.15	0	.5517547	.2780273	.1702181	0
413.15	0	.5517208	.2780841	.1701951	0
412.15	0	.5516872	.2781405	.1701722	0
411.15	0	.5516539	.2781966	.1701495	0
410.15	0	.5516208	.2782523	.1701269	0
409.15	0	.551588	.2783076	.1701044	0
408.15	0	.5515553	.2783626	.170082	0
407.15	0	.551523	.2784172	.1700598	0
406.15	0	.5514909	.2784714	.1700377	0
405.15	0	.551459	.2785253	.1700157	0
404.15	0	.5514274	.2785788	.1699939	0
403.15	0	.551396	.2786319	.1699721	0
402.15	0	.5513648	.2786847	.1699505	0
401.15	0	.5513339	.2787371	.169929	0
400.15	0	.5513032	.2787891	.1699077	0
399.15	0	.5512728	.2788408	.1698864	0
398.15	0	.5512425	.2788921	.1698653	0
397.15	0	.5512126	.2789431	.1698443	0
396.15	0	.5511828	.2789937	.1698235	0
395.15	0	.5511533	.279044	.1698027	0
394.15	0	.551124	.2790939	.1697821	0
393.15	0	.551095	.2791434	.1697617	0
392.15	0	.5510661	.2791926	.1697413	0
391.15	0	.5510375	.2792414	.1697211	0
390.15	0	.5510091	.2792899	.169701	0
389.15	0	.550981	.2793381	.169681	0
388.15	0	.550953	.2793859	.1696611	0
387.15	0	.5509253	.2794333	.1696414	0
386.15	0	.5508978	.2794804	.1696218	0
385.15	0	.5508705	.2795272	.1696023	0
384.15	0	.5508435	.2795736	.1695829	0
383.15	0	.5508166	.2796197	.1695637	0
382.15	0	.55079	.2796655	.1695446	0
381.15	0	.5507635	.2797109	.1695256	0
380.15	0	.5507373	.279756	.1695067	0
379.15	0	.5507113	.2798008	.1694879	0
