T	 BPW(LIQUID)	BPW(BCC_A2)	BPW(FCC_A1)	BPW(LAVES_PHASE_C14)	BPW(NI3TI)
1473.15	0	.9107671	.0892329	0	0
1472.15	0	.9085646	.09143536	0	0
1471.15	0	.9063676	.09363243	0	0
1470.15	0	.9041759	.09582413	0	0
1469.15	0	.9019896	.09801045	0	0
1468.15	0	.8998086	.1001914	0	0
1467.15	0	.897633	.102367	0	0
1466.15	0	.8954627	.1045373	0	0
1465.15	0	.8932978	.1067022	0	0
1464.15	0	.8911383	.1088617	0	0
1463.15	0	.888984	.111016	0	0
1462.15	0	.8868351	.1131649	0	0
1461.15	0	.8846916	.1153084	0	0
1460.15	0	.8825533	.1174467	0	0
1459.15	0	.8804204	.1195796	0	0
1458.15	0	.8782927	.1217073	0	0
1457.15	0	.8761704	.1238296	0	0
1456.15	0	.8740533	.1259467	0	0
1455.15	0	.8719416	.1280584	0	0
1454.15	0	.8698351	.1301649	0	0
1453.15	0	.8677339	.1322661	0	0
1452.15	0	.865638	.134362	0	0
1451.15	0	.8635473	.1364527	0	0
1450.15	0	.8614619	.1385381	0	0
1449.15	0	.8593818	.1406182	0	0
1448.15	0	.8573069	.1426931	0	0
1447.15	0	.8552373	.1447627	0	0
1446.15	0	.8531729	.1468271	0	0
1445.15	0	.8511137	.1488863	0	0
1444.15	0	.8490598	.1509402	0	0
1443.15	0	.8470111	.1529889	0	0
1442.15	0	.8449677	.1550323	0	0
1441.15	0	.8429294	.1570706	0	0
1440.15	0	.8408964	.1591036	0	0
1439.15	0	.8388686	.1611314	0	0
1438.15	0	.836846	.163154	0	0
1437.15	0	.8348285	.1651715	0	0
1436.15	0	.8328163	.1671837	0	0
1435.15	0	.8308093	.1691907	0	0
1434.15	0	.8288075	.1711925	0	0
1433.15	0	.8268108	.1731892	0	0
1432.15	0	.8248193	.1751807	0	0
1431.15	0	.822833	.177167	0	0
1430.15	0	.8208519	.1791481	0	0
1429.15	0	.818876	.1811241	0	0
1428.15	0	.8169052	.1830948	0	0
1427.15	0	.8149395	.1850605	0	0
1426.15	0	.8129791	.1870209	0	0
1425.15	0	.8110237	.1889763	0	0
1424.15	0	.8090736	.1909264	0	0
1423.15	0	.8071286	.1928714	0	0
1422.15	0	.8051887	.1948113	0	0
1421.15	0	.8032539	.1967461	0	0
1420.15	0	.8013243	.1986757	0	0
1419.15	0	.7993999	.2006001	0	0
1418.15	0	.7974805	.2025195	0	0
1417.15	0	.7955663	.2044337	0	0
1416.15	0	.7936572	.2063428	0	0
1415.15	0	.7917533	.2082468	0	0
1414.15	0	.7898544	.2101456	0	0
1413.15	0	.7879607	.2120393	0	0
1412.15	0	.786072	.213928	0	0
1411.15	0	.7841885	.2158115	0	0
1410.15	0	.7823101	.2176899	0	0
1409.15	0	.7804368	.2195632	0	0
1408.15	0	.7785686	.2214314	0	0
1407.15	0	.7767055	.2232945	0	0
1406.15	0	.7748475	.2251525	0	0
1405.15	0	.7729946	.2270054	0	0
1404.15	0	.7711468	.2288532	0	0
1403.15	0	.7693041	.2306959	0	0
1402.15	0	.7674665	.2325336	0	0
1401.15	0	.7656339	.2343661	0	0
1400.15	0	.7638064	.2361936	0	0
1399.15	0	.7619841	.2380159	0	0
1398.15	0	.7601668	.2398332	0	0
1397.15	0	.7583545	.2416455	0	0
1396.15	0	.7565474	.2434526	0	0
1395.15	0	.7547453	.2452547	0	0
1394.15	0	.7529484	.2470517	0	0
1393.15	0	.7511564	.2488436	0	0
1392.15	0	.7493696	.2506304	0	0
1391.15	0	.7475878	.2524122	0	0
1390.15	0	.7458111	.2541889	0	0
1389.15	0	.7440395	.2559605	0	0
1388.15	0	.7422729	.2577271	0	0
1387.15	0	.7405114	.2594886	0	0
1386.15	0	.738755	.261245	0	0
1385.15	0	.7370036	.2629964	0	0
1384.15	0	.7352573	.2647427	0	0
1383.15	0	.733516	.266484	0	0
1382.15	0	.7317799	.2682201	0	0
1381.15	0	.7300487	.2699513	0	0
1380.15	0	.7283227	.2716773	0	0
1379.15	0	.7266017	.2733983	0	0
1378.15	0	.7248857	.2751143	0	0
1377.15	0	.7231749	.2768251	0	0
1376.15	0	.7214691	.2785309	0	0
1375.15	0	.7197683	.2802317	0	0
1374.15	0	.7180726	.2819274	0	0
1373.15	0	.716382	.283618	0	0
1372.15	0	.7146964	.2853036	0	0
1371.15	0	.7130159	.2869841	0	0
1370.15	0	.7113404	.2886596	0	0
1369.15	0	.70967	.29033	0	0
1368.15	0	.7080047	.2919953	0	0
1367.15	0	.7063444	.2936556	0	0
1366.15	0	.7046892	.2953108	0	0
1365.15	0	.7030391	.2969609	0	0
1364.15	0	.701394	.298606	0	0
1363.15	0	.699754	.300246	0	0
1362.15	0	.6981191	.3018809	0	0
1361.15	0	.6964892	.3035108	0	0
1360.15	0	.6948644	.3051356	0	0
1359.15	0	.6932447	.3067553	0	0
1358.15	0	.69163	.30837	0	0
1357.15	0	.6900204	.3099796	0	0
1356.15	0	.6884159	.3115841	0	0
1355.15	0	.6868164	.3131836	0	0
1354.15	0	.6852221	.3147779	0	0
1353.15	0	.6836328	.3163672	0	0
1352.15	0	.6820486	.3179514	0	0
1351.15	0	.6804694	.3195306	0	0
1350.15	0	.6788954	.3211046	0	0
1349.15	0	.6773265	.3226736	0	0
1348.15	0	.6757626	.3242374	0	0
1347.15	0	.6742038	.3257962	0	0
1346.546	0	.6732643	.3267357	0	0
1346.546	0	.6732643	.3267357	0	0
1346.546	0	.6732643	.3267357	0	0
1346.15	0	.6721947	.3275772	2.281781E-04	0
1345.15	0	.669497	.3296995	8.034909E-04	0
1344.15	0	.6668073	.3318158	.00137691	0
1343.15	0	.6641255	.3339261	.001948444	0
1342.15	0	.6614515	.3360304	.002518099	0
1341.15	0	.6587854	.3381287	.003085883	0
1340.15	0	.6561272	.340221	.003651803	0
1339.15	0	.6534769	.3423072	.004215867	0
1338.15	0	.6508344	.3443875	.004778083	0
1337.15	0	.6481998	.3464617	.005338456	0
1336.15	0	.645573	.34853	.005896996	0
1335.15	0	.6429541	.3505922	.006453707	0
1334.15	0	.640343	.3526484	.007008599	0
1333.15	0	.6377397	.3546986	.007561678	0
1332.15	0	.6351442	.3567428	.008112951	0
1331.15	0	.6325566	.358781	.008662424	0
1330.15	0	.6299767	.3608132	.009210106	0
1329.15	0	.6274047	.3628393	.009756002	0
1328.15	0	.6248404	.3648595	.01030012	0
1327.15	0	.622284	.3668736	.01084247	0
1326.15	0	.6197353	.3688817	.01138305	0
1325.15	0	.6171944	.3708837	.01192187	0
1324.15	0	.6146613	.3728798	.01245895	0
1323.15	0	.6121359	.3748698	.01299428	0
1322.15	0	.6096184	.3768537	.01352787	0
1321.15	0	.6071086	.3788317	.01405973	0
1320.15	0	.6046066	.3808036	.01458986	0
1319.15	0	.6021123	.3827694	.01511828	0
1318.15	0	.5996258	.3847292	.01564498	0
1317.15	0	.5971471	.386683	.01616998	0
1316.15	0	.5946761	.3886307	.01669328	0
1315.15	0	.5922128	.3905723	.01721489	0
1314.15	0	.5897574	.3925078	.01773481	0
1313.15	0	.5873096	.3944373	.01825305	0
1312.15	0	.5848696	.3963608	.01876962	0
1311.15	0	.5824374	.3982781	.01928452	0
1310.15	0	.5800129	.4001893	.01979776	0
1309.15	0	.5775962	.4020945	.02030934	0
1308.15	0	.5751872	.4039936	.02081928	0
1307.15	0	.5727859	.4058865	.02132757	0
1306.15	0	.5703924	.4077734	.02183422	0
1305.15	0	.5680066	.4096541	.02233924	0
1304.15	0	.5656286	.4115287	.02284264	0
1303.15	0	.5632584	.4133972	.02334442	0
1302.15	0	.5608959	.4152595	.02384458	0
1301.15	0	.5585411	.4171157	.02434314	0
1300.15	0	.5561941	.4189658	.02484009	0
1299.15	0	.5538549	.4208097	.02533545	0
1298.15	0	.5515234	.4226474	.02582922	0
1297.15	0	.5491997	.4244789	.0263214	0
1296.15	0	.5468837	.4263043	.02681201	0
1295.15	0	.5445755	.4281235	.02730104	0
1294.15	0	.5422751	.4299364	.0277885	0
1293.15	0	.5399824	.4317432	.0282744	0
1292.15	0	.5376975	.4335437	.02875875	0
1291.15	0	.5354205	.435338	.02924154	0
1290.15	0	.5331511	.4371261	.02972278	0
1289.15	0	.5308896	.4389079	.03020249	0
1288.15	0	.5286359	.4406834	.03068066	0
1287.15	0	.52639	.4424527	.0311573	0
1286.15	0	.5241519	.4442157	.03163242	0
1285.15	0	.5219216	.4459724	.03210601	0
1284.15	0	.5196991	.4477228	.0325781	0
1283.15	0	.5174844	.4494669	.03304867	0
1282.15	0	.5152776	.4512047	.03351774	0
1281.15	0	.5130786	.4529361	.03398531	0
1280.15	0	.5108874	.4546612	.03445139	0
1279.15	0	.5087042	.4563799	.03491598	0
1278.15	0	.5065287	.4580922	.03537909	0
1277.15	0	.5043611	.4597981	.03584072	0
1276.15	0	.5022015	.4614977	.03630087	0
1275.15	0	.5000496	.4631908	.03675956	0
1274.15	0	.4979057	.4648775	.03721678	0
1273.15	0	.4957697	.4665577	.03767255	0
1272.15	0	.4936416	.4682315	.03812686	0
1271.15	0	.4915214	.4698988	.03857972	0
1270.15	0	.4894092	.4715597	.03903114	0
1269.15	0	.4873049	.473214	.03948112	0
1268.15	0	.4852085	.4748618	.03992967	0
1267.15	0	.4831201	.4765031	.04037678	0
1266.15	0	.4810397	.4781378	.04082247	0
1265.15	0	.4789673	.4797659	.04126674	0
1264.15	0	.4769029	.4813875	.0417096	0
1263.15	0	.4748465	.4830025	.04215104	0
1262.15	0	.4727981	.4846109	.04259108	0
1261.15	0	.4707577	.4862126	.04302971	0
1260.15	0	.4687254	.4878077	.04346695	0
1259.15	0	.4667011	.4893961	.04390279	0
1258.15	0	.464685	.4909778	.04433725	0
1257.15	0	.4626769	.4925528	.04477032	0
1256.15	0	.4606769	.4941211	.04520201	0
1255.15	0	.458685	.4956827	.04563233	0
1254.15	0	.4567013	.4972374	.04606127	0
1253.15	0	.4547257	.4987855	.04648885	0
1252.15	0	.4527583	.5003267	.04691506	0
1251.15	0	.450799	.501861	.04733992	0
1250.15	0	.448848	.5033886	.04776343	0
1249.15	0	.4469052	.5049093	.04818558	0
1248.15	0	.4449705	.5064231	.04860639	0
1247.15	0	.4430442	.50793	.04902585	0
1246.15	0	.4411261	.5094299	.04944398	0
1245.15	0	.4392163	.510923	.04986078	0
1244.15	0	.4373147	.512409	.05027624	0
1243.15	0	.4354215	.5138881	.05069039	0
1242.15	0	.4335367	.5153601	.05110321	0
1241.15	0	.4316602	.5168251	.05151471	0
1240.15	0	.429792	.5182831	.0519249	0
1239.15	0	.4279323	.5197339	.05233378	0
1238.15	0	.426081	.5211777	.05274136	0
1237.15	0	.4242381	.5226143	.05314763	0
1236.15	0	.4224036	.5240438	.05355261	0
1235.15	0	.4205777	.525466	.05395629	0
1234.15	0	.4187602	.5268811	.05435869	0
1233.15	0	.4169513	.5282889	.0547598	0
1232.15	0	.4151509	.5296895	.05515962	0
1231.15	0	.4133591	.5310828	.05555817	0
1230.15	0	.4115758	.5324687	.05595544	0
1229.15	0	.4098012	.5338474	.05635144	0
1228.15	0	.4080352	.5352186	.05674618	0
1227.15	0	.4062779	.5365825	.05713965	0
1226.15	0	.4045292	.5379389	.05753185	0
1225.15	0	.4027893	.5392879	.05792281	0
1224.15	0	.4010581	.5406294	.05831251	0
1223.15	0	.3993356	.5419634	.05870096	0
1222.15	0	.397622	.5432899	.05908817	0
1221.15	0	.3959171	.5446088	.05947413	0
1220.15	0	.3942211	.5459201	.05985885	0
1219.15	0	.3925339	.5472237	.06024234	0
1218.15	0	.3908557	.5485197	.0606246	0
1217.15	0	.3891863	.549808	.06100563	0
1216.15	0	.3875259	.5510886	.06138543	0
1215.15	0	.3858745	.5523615	.06176401	0
1214.15	0	.3842321	.5536265	.06214138	0
1213.15	0	.3825987	.5548838	.06251752	0
1212.15	0	.3809744	.5561331	.06289246	0
1211.15	0	.3793592	.5573746	.06326619	0
1210.15	0	.3777531	.5586082	.06363871	0
1209.15	0	.3761561	.5598339	.06401003	0
1208.15	0	.3745683	.5610515	.06438016	0
1207.15	0	.3729898	.5622611	.06474908	0
1206.15	0	.3714205	.5634627	.06511682	0
1205.15	0	.3698604	.5646562	.06548337	0
1204.15	0	.3683097	.5658416	.06584873	0
1203.15	0	.3667684	.5670187	.0662129	0
1202.15	0	.3652364	.5681877	.0665759	0
1201.15	0	.3637138	.5693485	.06693772	0
1200.15	0	.3622006	.570501	.06729837	0
1199.15	0	.360697	.5716452	.06765785	0
1198.15	0	.3592028	.572781	.06801616	0
1197.15	0	.3577182	.5739085	.06837331	0
1196.15	0	.3562432	.5750275	.06872929	0
1195.15	0	.3547778	.576138	.06908412	0
1194.15	0	.3533221	.5772401	.06943779	0
1193.15	0	.3518761	.5783336	.0697903	0
1192.15	0	.3504398	.5794186	.07014167	0
1191.15	0	.3490132	.5804949	.07049189	0
1190.15	0	.3475965	.5815626	.07084097	0
1189.15	0	.3461896	.5826215	.07118891	0
1188.15	0	.3447926	.5836717	.07153571	0
1187.15	0	.3434055	.5847131	.07188137	0
1186.15	0	.3420284	.5857457	.07222591	0
1185.15	0	.3406612	.5867695	.07256931	0
1184.15	0	.3393042	.5877843	.07291158	0
1183.15	0	.3379572	.5887901	.07325273	0
1182.15	0	.3366203	.589787	.07359276	0
1181.15	0	.3352936	.5907748	.07393167	0
1180.15	0	.333977	.5917535	.07426947	0
1179.15	0	.3326708	.5927231	.07460615	0
1178.15	0	.3313748	.5936835	.07494172	0
1177.15	0	.3300892	.5946347	.07527618	0
1176.15	0	.3288139	.5955766	.07560954	0
1175.15	0	.327549	.5965092	.0759418	0
1174.15	0	.3262946	.5974324	.07627295	0
1173.15	0	.3250507	.5983462	.07660301	0
1172.15	0	.3238174	.5992506	.07693198	0
1171.15	0	.3225947	.6001455	.07725985	0
1170.15	0	.3213826	.6010308	.07758663	0
1169.15	0	.3201811	.6019065	.07791232	0
1168.15	0	.3189905	.6027726	.07823694	0
1167.15	0	.3178106	.603629	.07856046	0
1166.15	0	.3166415	.6044756	.07888291	0
1165.15	0	.3154833	.6053125	.07920428	0
1164.15	0	.314336	.6061395	.07952458	0
1163.15	0	.3131996	.6069566	.07984381	0
1162.15	0	.3120743	.6077637	.08016196	0
1161.15	0	.3109601	.6085609	.08047905	0
1160.15	0	.3098569	.609348	.08079507	0
1159.15	0	.308765	.610125	.08111003	0
1158.15	0	.3076842	.6108919	.08142393	0
1157.15	0	.3066147	.6116485	.08173678	0
1156.15	0	.3055565	.612395	.08204857	0
1155.15	0	.3045096	.6131311	.0823593	0
1154.15	0	.3034741	.6138569	.08266899	0
1153.15	0	.3024502	.6145722	.08297763	0
1152.15	0	.3014377	.6152771	.08328522	0
1151.15	0	.3004368	.6159715	.08359177	0
1150.15	0	.2994475	.6166552	.08389727	0
1149.15	0	.2984699	.6173284	.08420174	0
1148.15	0	.297504	.6179909	.08450517	0
1147.15	0	.2965498	.6186426	.08480757	0
1146.15	0	.2956075	.6192836	.08510893	0
1145.15	0	.294677	.6199137	.08540926	0
1144.15	0	.2937585	.6205329	.08570857	0
1143.15	0	.292852	.6211412	.08600685	0
1142.15	0	.2919575	.6217384	.08630411	0
1141.15	0	.2910751	.6223246	.08660034	0
1140.15	0	.2902048	.6228997	.08689556	0
1139.15	0	.2893467	.6234636	.08718976	0
1138.15	0	.2885008	.6240162	.08748295	0
1137.15	0	.2876673	.6245576	.08777512	0
1136.15	0	.2868461	.6250876	.08806629	0
1135.15	0	.2860374	.6256062	.08835645	0
1134.15	0	.2852411	.6261133	.0886456	0
1133.15	0	.2844573	.626609	.08893374	0
1132.15	0	.2836861	.627093	.08922089	0
1131.15	0	.2829275	.6275654	.08950704	0
1130.15	0	.2821817	.6280262	.08979219	0
1129.15	0	.2814485	.6284751	.09007634	0
1128.15	0	.2807282	.6289123	.0903595	0
1127.15	0	.2800207	.6293376	.09064168	0
1126.15	0	.2793261	.629751	.09092286	0
1125.15	0	.2786445	.6301525	.09120305	0
1124.15	0	.2779759	.6305418	.09148226	0
1123.15	0	.2773204	.6309191	.09176049	0
1122.15	0	.276678	.6312843	.09203774	0
1121.15	0	.2760488	.6316372	.09231401	0
1120.15	0	.2754329	.6319778	.09258931	0
1119.15	0	.2748302	.6323062	.09286363	0
1118.15	0	.2742409	.6326221	.09313697	0
1117.15	0	.273665	.6329256	.09340935	0
1116.15	0	.2731026	.6332167	.09368076	0
1115.15	0	.2725537	.6334951	.09395121	0
1114.15	0	.2720183	.633761	.09422069	0
1113.15	0	.2714966	.6340142	.09448921	0
1112.15	0	.2709886	.6342546	.09475676	0
1111.15	0	.2704943	.6344823	.09502336	0
1110.15	0	.2700139	.6346971	.09528901	0
1109.15	0	.2695472	.6348991	.0955537	0
1108.15	0	.2690945	.6350881	.09581744	0
1107.15	0	.2686557	.635264	.09608023	0
1106.15	0	.268231	.635427	.09634207	0
1105.15	0	.2678203	.6355768	.09660297	0
1104.15	0	.2674237	.6357134	.09686292	0
1103.15	0	.2670413	.6358368	.09712193	0
1102.15	0	.2666731	.6359469	.09738	0
1101.15	0	.2663192	.6360437	.09763713	0
1100.15	0	.2659796	.6361271	.09789333	0
1099.15	0	.2656544	.636197	.09814859	0
1098.15	0	.2653436	.6362535	.09840293	0
1097.15	0	.2650473	.6362964	.09865633	0
1096.15	0	.2647655	.6363257	.0989088	0
1095.15	0	.2644983	.6363413	.09916035	0
1094.15	0	.2642457	.6363433	.09941098	0
1093.15	0	.2640078	.6363315	.09966068	0
1092.15	0	.2637847	.6363059	.09990946	0
1091.15	0	.2635763	.6362664	.1001573	0
1090.15	0	.2633827	.636213	.1004043	0
1089.15	0	.263204	.6361457	.1006503	0
1088.15	0	.2630402	.6360644	.1008954	0
1087.15	0	.2628914	.635969	.1011397	0
1086.15	0	.2627575	.6358595	.1013829	0
1085.15	0	.2626387	.6357359	.1016254	0
1084.15	0	.262535	.6355981	.1018669	0
1083.15	0	.2624464	.6354461	.1021074	0
1082.15	0	.262373	.6352799	.1023471	0
1081.15	0	.2623148	.6350993	.1025859	0
1080.15	0	.2622719	.6349043	.1028238	0
1079.15	0	.2622442	.634695	.1030608	0
1078.15	0	.2622319	.6344712	.103297	0
1077.15	0	.2622349	.6342329	.1035322	0
1076.15	0	.2622534	.6339801	.1037665	0
1075.15	0	.2622872	.6337128	.104	0
1074.15	0	.2623366	.6334309	.1042325	0
1073.15	0	.2624014	.6331344	.1044642	0
1072.15	0	.2624818	.6328232	.104695	0
1071.15	0	.2625778	.6324973	.1049249	0
1070.15	0	.2626893	.6321567	.105154	0
1069.15	0	.2628165	.6318014	.1053821	0
1068.15	0	.2629594	.6314312	.1056094	0
1067.15	0	.2631179	.6310463	.1058358	0
1066.15	0	.2632921	.6306465	.1060614	0
1065.15	0	.2634821	.6302318	.1062861	0
1064.15	0	.2636878	.6298023	.1065099	0
1063.15	0	.2639093	.6293578	.1067329	0
1062.15	0	.2641466	.6288984	.106955	0
1061.15	0	.2643997	.6284241	.1071762	0
1060.15	0	.2646687	.6279348	.1073966	0
1059.15	0	.2649535	.6274304	.1076161	0
1058.15	0	.2652541	.6269111	.1078348	0
1057.15	0	.2655707	.6263767	.1080526	0
1056.15	0	.2659031	.6258273	.1082696	0
1055.15	0	.2662515	.6252629	.1084857	0
1054.15	0	.2666157	.6246833	.1087009	0
1053.15	0	.2669959	.6240887	.1089154	0
1052.15	0	.267392	.6234791	.109129	0
1051.15	0	.267804	.6228543	.1093417	0
1050.15	0	.268232	.6222144	.1095536	0
1049.15	0	.2686759	.6215594	.1097647	0
1048.15	0	.2691358	.6208893	.1099749	0
1047.15	0	.2696116	.6202042	.1101843	0
1046.15	0	.2701033	.6195039	.1103928	0
1045.15	0	.2706109	.6187885	.1106006	0
1044.15	0	.2711345	.618058	.1108075	0
1043.15	0	.271674	.6173125	.1110135	0
1042.15	0	.2722294	.6165519	.1112188	0
1041.15	0	.2728006	.6157762	.1114232	0
1040.15	0	.2733878	.6149855	.1116268	0
1039.15	0	.2739908	.6141797	.1118296	0
1038.15	0	.2746096	.6133589	.1120315	0
1037.15	0	.2752443	.6125231	.1122327	0
1036.15	0	.2758948	.6116723	.112433	0
1035.15	0	.276561	.6108065	.1126325	0
1034.15	0	.277243	.6099258	.1128311	0
1033.15	0	.2779407	.6090302	.113029	0
1032.15	0	.2786542	.6081198	.1132261	0
1031.15	0	.2793833	.6071944	.1134223	0
1030.15	0	.280128	.6062542	.1136178	0
1029.15	0	.2808883	.6052993	.1138124	0
1028.15	0	.2816642	.6043296	.1140063	0
1027.15	0	.2824556	.6033451	.1141993	0
1026.15	0	.2832625	.602346	.1143915	0
1025.15	0	.2840848	.6013323	.1145829	0
1024.15	0	.2849226	.6003039	.1147735	0
1023.15	0	.2857756	.599261	.1149633	0
1022.15	0	.286644	.5982037	.1151523	0
1021.15	0	.2875276	.5971318	.1153405	0
1020.15	0	.2884265	.5960456	.115528	0
1019.15	0	.2893404	.594945	.1157146	0
1018.15	0	.2902694	.5938302	.1159004	0
1017.15	0	.2912135	.5927011	.1160854	0
1016.15	0	.2921725	.5915579	.1162696	0
1015.15	0	.2931465	.5904005	.1164531	0
1014.15	0	.2941352	.5892291	.1166357	0
1013.15	0	.2951387	.5880438	.1168175	0
1012.15	0	.2961569	.5868445	.1169986	0
1011.15	0	.2971898	.5856314	.1171788	0
1010.15	0	.2982372	.5844046	.1173582	0
1009.15	0	.299299	.5831641	.1175369	0
1008.15	0	.3003753	.58191	.1177148	0
1007.15	0	.3014658	.5806423	.1178919	0
1006.15	0	.3025706	.5793613	.1180681	0
1005.15	0	.3036896	.5780668	.1182436	0
1004.15	0	.3048226	.5767591	.1184183	0
1003.15	0	.3059696	.5754383	.1185922	0
1002.15	0	.3071304	.5741043	.1187653	0
1001.15	0	.3083051	.5727573	.1189376	0
1000.15	0	.3094935	.5713975	.1191091	0
999.15	0	.3106954	.5700248	.1192798	0
998.15	0	.3119109	.5686395	.1194497	0
997.15	0	.3131397	.5672415	.1196188	0
996.15	0	.3143819	.5658311	.1197871	0
995.15	0	.3156372	.5644082	.1199546	0
994.15	0	.3169056	.5629731	.1201213	0
993.15	0	.318187	.5615258	.1202872	0
992.15	0	.3194813	.5600664	.1204523	0
991.15	0	.3207883	.5585952	.1206165	0
990.15	0	.322108	.557112	.12078	0
989.15	0	.3234402	.5556172	.1209426	0
988.15	0	.3247848	.5541108	.1211045	0
987.15	0	.3261416	.5525929	.1212655	0
986.15	0	.3275107	.5510636	.1214257	0
985.15	0	.3288918	.5495232	.1215851	0
984.15	0	.3302847	.5479717	.1217436	0
983.15	0	.3316895	.5464092	.1219013	0
982.15	0	.3331059	.5448359	.1220582	0
981.15	0	.3345339	.5432518	.1222142	0
980.15	0	.3359733	.5416573	.1223694	0
979.15	0	.3374239	.5400523	.1225238	0
978.15	0	.3388856	.5384371	.1226773	0
977.15	0	.3403583	.5368117	.12283	0
976.15	0	.3418419	.5351763	.1229818	0
975.15	0	.3433361	.5335311	.1231327	0
974.15	0	.3448409	.5318762	.1232828	0
973.15	0	.3463562	.5302118	.123432	0
972.15	0	.3478817	.528538	.1235804	0
971.15	0	.3494173	.5268549	.1237278	0
970.15	0	.3509629	.5251628	.1238744	0
969.15	0	.3525183	.5234617	.12402	0
968.15	0	.3540833	.5217519	.1241648	0
967.15	0	.3556579	.5200334	.1243087	0
966.15	0	.3572418	.5183066	.1244516	0
965.15	0	.3588349	.5165714	.1245936	0
964.15	0	.3604371	.5148282	.1247347	0
963.15	0	.3620481	.513077	.1248749	0
962.15	0	.3636679	.5113181	.1250141	0
961.15	0	.3652961	.5095516	.1251523	0
960.15	0	.3669328	.5077776	.1252896	0
959.15	0	.3685777	.5059964	.1254259	0
958.15	0	.3702306	.5042082	.1255612	0
957.15	0	.3718914	.5024131	.1256955	0
956.15	0	.3735598	.5006113	.1258289	0
955.15	0	.3752359	.498803	.1259612	0
954.15	0	.3769192	.4969884	.1260924	0
953.15	0	.3786097	.4951676	.1262227	0
952.15	0	.3803072	.4933409	.1263519	0
951.15	0	.3820116	.4915084	.12648	0
950.15	0	.3837225	.4896705	.1266071	0
949.15	0	.3852988	.4879604	.1267409	0
948.15	0	.3868736	.4862522	.1268741	0
947.15	0	.388479	.4845159	.1270051	0
946.15	0	.3901133	.4827529	.1271337	0
945.15	0	.3917753	.4809646	.1272601	0
944.15	0	.3934633	.4791524	.1273843	0
943.15	0	.3951761	.4773176	.1275063	0
942.15	0	.3969124	.4754615	.1276261	0
941.15	0	.3986708	.4735854	.1277438	0
940.15	0	.4004502	.4716904	.1278595	0
939.15	0	.4022493	.4697777	.127973	0
938.15	0	.404067	.4678484	.1280846	0
937.15	0	.4059022	.4659037	.1281941	0
936.15	0	.4077538	.4639446	.1283017	0
935.15	0	.4096208	.461972	.1284072	0
934.15	0	.4115021	.4599871	.1285109	0
933.15	0	.4133968	.4579906	.1286126	0
932.15	0	.415304	.4559836	.1287124	0
931.15	0	.4172227	.453967	.1288103	0
930.15	0	.419152	.4519416	.1289064	0
929.15	0	.4210912	.4499082	.1290006	0
928.15	0	.4230393	.4478677	.129093	0
927.15	0	.4249956	.4458209	.1291835	0
926.15	0	.4269594	.4437684	.1292722	0
925.15	0	.4289297	.4417111	.1293591	0
924.15	0	.4309061	.4396497	.1294443	0
923.15	0	.4328876	.4375847	.1295276	0
922.15	0	.4348738	.435517	.1296092	0
921.15	0	.4368638	.4334472	.1296891	0
920.15	0	.4388571	.4313758	.1297671	0
919.15	0	.440853	.4293035	.1298435	0
918.15	0	.442851	.4272309	.1299181	0
917.15	0	.4448504	.4251585	.129991	0
916.15	0	.4468508	.423087	.1300623	0
915.15	0	.4488515	.4210167	.1301318	0
914.15	0	.4508521	.4189483	.1301996	0
913.15	0	.452852	.4168823	.1302657	0
912.15	0	.4548507	.4148191	.1303301	0
911.15	0	.4568478	.4127593	.1303929	0
910.15	0	.4588428	.4107032	.130454	0
909.15	0	.4608352	.4086513	.1305135	0
908.15	0	.4628246	.4066041	.1305713	0
907.15	0	.4648106	.4045619	.1306275	0
906.15	0	.4667927	.4025253	.130682	0
905.15	0	.4687706	.4004945	.1307349	0
904.15	0	.4707439	.3984699	.1307862	0
903.15	0	.4727122	.396452	.1308359	0
902.15	0	.4746751	.394441	.1308839	0
901.15	0	.4766322	.3924374	.1309304	0
900.15	0	.4785833	.3904414	.1309753	0
899.15	0	.480528	.3884534	.1310186	0
898.15	0	.4824659	.3864738	.1310603	0
897.15	0	.4843968	.3845027	.1311005	0
896.15	0	.4863203	.3825406	.1311391	0
895.15	0	.4882362	.3805877	.1311762	0
894.15	0	.4901441	.3786443	.1312117	0
893.15	0	.4920438	.3767106	.1312457	0
892.15	0	.493935	.3747869	.1312781	0
891.15	0	.4958174	.3728735	.131309	0
890.15	0	.4976908	.3709707	.1313385	0
889.15	0	.499555	.3690786	.1313664	0
888.15	0	.5014097	.3671975	.1313928	0
887.15	0	.5032546	.3653276	.1314178	0
886.15	0	.5050895	.3634692	.1314413	0
885.15	0	.5069143	.3616224	.1314633	0
884.15	0	.5087287	.3597874	.1314839	0
883.15	0	.5105325	.3579644	.1315031	0
882.15	0	.5123255	.3561537	.1315208	0
881.15	0	.5141075	.3543554	.1315371	0
880.15	0	.5158784	.3525696	.1315521	0
879.15	0	.5176379	.3507966	.1315656	0
878.15	0	.5193859	.3490364	.1315777	0
877.15	0	.5211222	.3472893	.1315885	0
876.15	0	.5228467	.3455553	.1315979	0
875.15	0	.5245593	.3438347	.131606	0
874.15	0	.5262597	.3421275	.1316128	0
873.15	0	.5279478	.3404339	.1316182	0
872.15	0	.5296236	.338754	.1316224	0
871.15	0	.5312869	.3370879	.1316253	0
870.15	0	.5329375	.3354356	.1316269	0
869.15	0	.5345755	.3337973	.1316272	0
868.15	0	.5362005	.3321732	.1316263	0
867.15	0	.5378127	.3305631	.1316242	0
866.15	0	.5394118	.3289673	.1316208	0
865.15	0	.5409979	.3273858	.1316163	0
864.15	0	.5425707	.3258187	.1316106	0
863.15	0	.5441303	.324266	.1316037	0
862.15	0	.5456766	.3227277	.1315957	0
861.15	0	.5472095	.321204	.1315865	0
860.15	0	.548729	.3196948	.1315762	0
859.15	0	.550235	.3182002	.1315648	0
858.15	0	.5517275	.3167202	.1315523	0
857.15	0	.5532065	.3152547	.1315388	0
856.15	0	.5546719	.3138039	.1315241	0
855.15	0	.5561238	.3123678	.1315085	0
854.15	0	.557562	.3109462	.1314918	0
853.15	0	.5589866	.3095393	.1314741	0
852.15	0	.5603976	.308147	.1314554	0
851.15	0	.561795	.3067692	.1314358	0
850.15	0	.5631788	.305406	.1314152	0
849.15	0	.564549	.3040574	.1313936	0
848.15	0	.5659057	.3027233	.1313711	0
847.15	0	.5672488	.3014036	.1313477	0
846.15	0	.5685784	.3000983	.1313234	0
845.15	0	.5698945	.2988073	.1312981	0
844.15	0	.5711972	.2975307	.1312721	0
843.15	0	.5724866	.2962683	.1312451	0
842.15	0	.5737626	.2950201	.1312174	0
841.15	0	.5750253	.2937859	.1311888	0
840.15	0	.5762748	.2925659	.1311594	0
839.15	0	.5775111	.2913597	.1311292	0
838.15	0	.5787344	.2901675	.1310982	0
837.15	0	.5799446	.288989	.1310664	0
836.15	0	.5811419	.2878242	.1310339	0
835.15	0	.5823263	.286673	.1310007	0
834.15	0	.5834979	.2855354	.1309667	0
833.15	0	.5846569	.2844111	.130932	0
832.15	0	.5858032	.2833002	.1308966	0
831.15	0	.5869371	.2822024	.1308605	0
830.15	0	.5880585	.2811178	.1308237	0
829.15	0	.5891676	.2800461	.1307863	0
828.15	0	.5902644	.2789874	.1307482	0
827.15	0	.5913492	.2779414	.1307095	0
826.15	0	.5924219	.276908	.1306701	0
825.15	0	.5934828	.2758872	.1306301	0
824.15	0	.5945318	.2748787	.1305895	0
823.15	0	.5955691	.2738826	.1305483	0
822.15	0	.5965949	.2728986	.1305065	0
821.15	0	.5976092	.2719267	.1304641	0
820.15	0	.5986121	.2709667	.1304212	0
819.15	0	.5996038	.2700185	.1303777	0
818.15	0	.6005844	.269082	.1303337	0
817.15	0	.6015539	.268157	.1302891	0
816.15	0	.6025126	.2672435	.130244	0
815.15	0	.6034605	.2663412	.1301983	0
814.15	0	.6043977	.2654501	.1301522	0
813.15	0	.6053245	.26457	.1301055	0
812.15	0	.6062408	.2637009	.1300584	0
811.15	0	.6071468	.2628425	.1300107	0
810.15	0	.6080426	.2619948	.1299626	0
809.15	0	.6089284	.2611576	.129914	0
808.15	0	.6098042	.2603309	.129865	0
807.15	0	.6106702	.2595144	.1298154	0
806.15	0	.6115265	.258708	.1297655	0
805.15	0	.6123732	.2579117	.1297151	0
804.15	0	.6132105	.2571253	.1296642	0
803.15	0	.6140384	.2563487	.129613	0
802.15	0	.614857	.2555817	.1295613	0
801.15	0	.6156666	.2548243	.1295092	0
800.15	0	.6164671	.2540763	.1294566	0
799.15	0	.6172587	.2533376	.1294037	0
798.15	0	.6180416	.252608	.1293504	0
797.15	0	.6188158	.2518875	.1292967	0
796.15	0	.6195814	.251176	.1292426	0
795.15	0	.6203386	.2504733	.1291881	0
794.15	0	.6210874	.2497793	.1291333	0
793.15	0	.621828	.2490939	.1290781	0
792.15	0	.6225605	.248417	.1290225	0
791.15	0	.623285	.2477485	.1289666	0
790.15	0	.6240015	.2470882	.1289103	0
789.15	0	.6247102	.2464361	.1288537	0
788.3012	0	.6253057	.2458889	.1288054	0
788.3012	0	.6253057	.2458889	.1288054	0
788.3012	0	.6253057	.2458889	.1288054	0
788.15	0	.6259446	.2450575	.1285744	4.23494E-04
787.15	0	.6301112	.2396256	.1270604	.003202774
786.15	0	.6341771	.2343079	.12557	.005945031
785.15	0	.6381451	.2291014	.1241026	.008650981
784.15	0	.6420177	.2240033	.1226577	.01132132
783.15	0	.6457973	.2190109	.121235	.01395673
782.15	0	.6494865	.2141216	.119834	.01655787
781.15	0	.6530875	.2093329	.1184542	.01912537
780.15	0	.6566026	.2046424	.1170952	.02165986
779.15	0	.660034	.2000475	.1157566	.02416194
778.15	0	.6633838	.195546	.114438	.02663222
777.15	0	.6666541	.1911357	.113139	.02907125
776.15	0	.6698469	.1868144	.1118592	.0314796
775.15	0	.6729641	.1825799	.1105982	.03385782
774.15	0	.6760077	.1784302	.1093557	.03620644
773.15	0	.6789794	.1743633	.1081314	.03852599
772.15	0	.681881	.1703773	.1069248	.04081696
771.15	0	.6847143	.1664702	.1057356	.04307986
770.15	0	.687481	.1626403	.1045636	.04531517
769.15	0	.6901827	.1588856	.1034083	.04752337
768.15	0	.692821	.1552046	.1022695	.04970492
767.15	0	.6953974	.1515955	.1011468	.05186027
766.15	0	.6979135	.1480567	.10004	.05398986
765.15	0	.7003707	.1445864	.09894869	.05609413
764.15	0	.7027705	.1411833	.09787265	.05817351
763.15	0	.7051143	.1378457	.09681159	.06022841
762.15	0	.7074034	.1345722	.0957652	.06225924
761.15	0	.7096391	.1313613	.09473323	.0642664
760.15	0	.7118228	.1282115	.0937154	.06625028
759.15	0	.7139557	.1251216	.09271144	.06821126
758.15	0	.716039	.1220902	.0917211	.07014973
757.15	0	.7180739	.1191159	.09074412	.07206605
756.15	0	.7200616	.1161976	.08978025	.07396059
755.15	0	.7220033	.1133338	.08882926	.0758337
754.15	0	.7239	.1105234	.08789089	.07768572
753.15	0	.7257528	.1077653	.08696491	.07951702
752.15	0	.7275628	.1050582	.0860511	.08132791
751.15	0	.729331	.102401	.08514922	.08311873
750.15	0	.7310585	.09979268	.08425905	.08488982
749.15	0	.7327461	.09723204	.08338037	.08664148
748.15	0	.7343949	.09471807	.08251298	.08837403
747.15	0	.7360059	.09224972	.08165664	.09008778
746.15	0	.7375798	.089826	.08081117	.09178304
745.15	0	.7391176	.08744591	.07997636	.09346009
744.15	0	.7406203	.08510848	.07915201	.09511924
743.15	0	.7420885	.08281278	.07833791	.09676077
742.15	0	.7435232	.08055789	.07753389	.09838497
741.15	0	.7449252	.07834291	.07673975	.09999211
740.15	0	.7462953	.07616695	.0759553	.1015825
739.15	0	.7476342	.07402915	.07518036	.1031563
738.15	0	.7489426	.07192869	.07441476	.1047139
737.15	0	.7502214	.06986473	.07365832	.1062555
736.15	0	.7514713	.06783648	.07291087	.1077814
735.15	0	.7526928	.06584315	.07217224	.1092918
734.15	0	.7538868	.06388397	.07144226	.1107869
733.15	0	.7550539	.0619582	.07072077	.1122671
732.15	0	.7561948	.06006511	.07000762	.1137325
731.15	0	.75731	.05820398	.06930263	.1151834
730.15	0	.7584002	.05637411	.06860567	.11662
729.15	0	.759466	.05457483	.06791658	.1180426
728.15	0	.760508	.05280545	.06723522	.1194513
727.15	0	.7615268	.05106534	.06656143	.1208464
726.15	0	.7625229	.04935385	.06589508	.1222281
725.15	0	.763497	.04767037	.06523602	.1235967
724.15	0	.7644494	.04601428	.06458412	.1249522
723.15	0	.7653808	.04438499	.06393925	.126295
722.15	0	.7662916	.04278192	.06330128	.1276252
721.15	0	.7671824	.0412045	.06267007	.1289431
720.15	0	.7680536	.03965218	.0620455	.1302487
719.15	0	.7689057	.03812441	.06142745	.1315425
718.15	0	.7697392	.03662067	.06081579	.1328244
717.15	0	.7705545	.03514044	.06021041	.1340947
716.15	0	.7713521	.03368322	.05961118	.1353535
715.15	0	.7721323	.0322485	.059018	.1366012
714.15	0	.7728957	.03083581	.05843076	.1378377
713.15	0	.7736426	.02944468	.05784933	.1390634
712.15	0	.7743734	.02807465	.05727363	.1402784
711.15	0	.7750885	.02672526	.05670353	.1414828
710.15	0	.7757882	.02539607	.05613895	.1426768
709.15	0	.776473	.02408667	.05557976	.1438606
708.15	0	.7771432	.02279661	.05502589	.1450343
707.15	0	.7777992	.02152551	.05447723	.1461981
706.15	0	.7784413	.02027295	.05393369	.1473521
705.15	0	.7790698	.01903854	.05339516	.1484965
704.15	0	.779685	.01782191	.05286157	.1496315
703.15	0	.7802873	.01662267	.05233282	.1507572
702.15	0	.780877	.01544046	.05180883	.1518737
701.15	0	.7814544	.01427493	.05128951	.1529811
700.15	0	.7820198	.01312572	.05077477	.1540797
699.15	0	.7825734	.0119925	.05026453	.1551695
698.15	0	.7831156	.01087493	.04975872	.1562507
697.15	0	.7836466	.009772684	.04925726	.1573235
696.15	0	.7841667	.008685445	.04876006	.1583878
695.15	0	.7846761	.007612901	.04826705	.159444
694.15	0	.7851751	.006554749	.04777816	.160492
693.15	0	.785664	.005510691	.04729332	.161532
692.15	0	.7861429	.004480436	.04681245	.1625642
691.15	0	.7866122	.0034637	.04633548	.1635887
690.15	0	.787072	.002460207	.04586236	.1646055
689.15	0	.7875225	.001469684	.045393	.1656148
688.15	0	.7879641	4.918655E-04	.04492735	.1666167
687.6421	0	.788185	0	.04469224	.1671228
687.6421	0	.788185	0	.04469224	.1671228
687.15	0	.7881284	0	.04459623	.1672754
686.15	0	.7880138	0	.04440161	.1675846
685.15	0	.7878997	0	.04420762	.1678926
684.15	0	.7877862	0	.04401428	.1681995
683.15	0	.7876733	0	.04382158	.1685051
682.15	0	.7875609	0	.04362951	.1688096
681.15	0	.787449	0	.04343809	.1691129
680.15	0	.7873377	0	.04324731	.169415
679.15	0	.7872269	0	.04305717	.169716
678.15	0	.7871166	0	.04286767	.1700158
677.15	0	.7870069	0	.04267881	.1703143
676.15	0	.7868976	0	.0424906	.1706118
675.15	0	.786789	0	.04230303	.170908
674.15	0	.7866808	0	.0421161	.1712031
673.15	0	.7865732	0	.04192982	.171497
672.15	0	.786466	0	.04174418	.1717898
671.15	0	.7863594	0	.04155919	.1720814
670.15	0	.7862534	0	.04137484	.1723718
669.15	0	.7861478	0	.04119114	.1726611
668.15	0	.7860428	0	.04100809	.1729492
667.15	0	.7859382	0	.04082568	.1732361
666.15	0	.7858342	0	.04064392	.1735219
665.15	0	.7857306	0	.0404628	.1738066
664.15	0	.7856276	0	.04028233	.17409
663.15	0	.7855251	0	.04010251	.1743724
662.15	0	.7854231	0	.03992334	.1746536
661.15	0	.7853216	0	.03974482	.1749336
660.15	0	.7852205	0	.03956695	.1752125
659.15	0	.78512	0	.03938973	.1754903
658.15	0	.78502	0	.03921316	.1757669
657.15	0	.7849205	0	.03903724	.1760423
656.15	0	.7848214	0	.03886197	.1763166
655.15	0	.7847229	0	.03868735	.1765898
654.15	0	.7846248	0	.03851338	.1768618
653.15	0	.7845272	0	.03834007	.1771327
652.15	0	.7844301	0	.0381674	.1774025
651.15	0	.7843335	0	.0379954	.1776711
650.15	0	.7842374	0	.03782404	.1779386
649.15	0	.7841417	0	.03765334	.178205
648.15	0	.7840465	0	.03748329	.1784702
647.15	0	.7839518	0	.0373139	.1787343
646.15	0	.7838576	0	.03714516	.1789972
645.15	0	.7837639	0	.03697707	.1792591
644.15	0	.7836706	0	.03680965	.1795198
643.15	0	.7835778	0	.03664288	.1797794
642.15	0	.7834854	0	.03647676	.1800378
641.15	0	.7833936	0	.0363113	.1802951
640.15	0	.7833022	0	.0361465	.1805513
639.15	0	.7832112	0	.03598236	.1808064
638.15	0	.7831207	0	.03581887	.1810604
637.15	0	.7830307	0	.03565605	.1813132
636.15	0	.7829412	0	.03549388	.181565
635.15	0	.7828521	0	.03533237	.1818156
634.15	0	.7827634	0	.03517152	.1820651
633.15	0	.7826753	0	.03501132	.1823134
632.15	0	.7825875	0	.03485179	.1825607
631.15	0	.7825003	0	.03469292	.1828068
630.15	0	.7824134	0	.03453471	.1830519
629.15	0	.7823271	0	.03437716	.1832958
628.15	0	.7822412	0	.03422027	.1835386
627.15	0	.7821557	0	.03406404	.1837803
626.15	0	.7820707	0	.03390848	.1840209
625.15	0	.7819861	0	.03375357	.1842604
624.15	0	.7819019	0	.03359933	.1844987
623.15	0	.7818183	0	.03344575	.184736
622.15	0	.781735	0	.03329284	.1849722
621.15	0	.7816522	0	.03314058	.1852072
620.15	0	.7815698	0	.03298899	.1854412
619.15	0	.7814879	0	.03283806	.185674
618.15	0	.7814064	0	.0326878	.1859058
617.15	0	.7813254	0	.0325382	.1861365
616.15	0	.7812447	0	.03238927	.186366
615.15	0	.7811645	0	.032241	.1865945
614.15	0	.7810848	0	.03209339	.1868218
613.15	0	.7810055	0	.03194645	.1870481
612.15	0	.7809266	0	.03180017	.1872733
611.15	0	.7808481	0	.03165456	.1874973
610.15	0	.7807701	0	.03150962	.1877203
609.15	0	.7806925	0	.03136534	.1879422
608.15	0	.7806153	0	.03122172	.188163
607.15	0	.7805385	0	.03107877	.1883827
606.15	0	.7804622	0	.03093649	.1886013
605.15	0	.7803863	0	.03079487	.1888189
604.15	0	.7803108	0	.03065392	.1890353
603.15	0	.7802357	0	.03051363	.1892507
602.15	0	.7801611	0	.03037402	.1894649
601.15	0	.7800868	0	.03023506	.1896781
600.15	0	.780013	0	.03009678	.1898902
599.15	0	.7799396	0	.02995916	.1901013
598.15	0	.7798666	0	.0298222	.1903112
597.15	0	.779794	0	.02968592	.1905201
596.15	0	.7797219	0	.0295503	.1907278
595.15	0	.7796501	0	.02941534	.1909346
594.15	0	.7795788	0	.02928106	.1911402
593.15	0	.7795078	0	.02914744	.1913447
592.15	0	.7794373	0	.02901449	.1915482
591.15	0	.7793672	0	.0288822	.1917506
590.15	0	.7792975	0	.02875058	.1919519
589.15	0	.7792282	0	.02861963	.1921522
588.15	0	.7791593	0	.02848934	.1923514
587.15	0	.7790908	0	.02835972	.1925495
586.15	0	.7790227	0	.02823077	.1927466
585.15	0	.778955	0	.02810248	.1929425
584.15	0	.7788877	0	.02797486	.1931375
583.15	0	.7788208	0	.0278479	.1933313
582.15	0	.7787543	0	.02772161	.1935241
581.15	0	.7786882	0	.02759599	.1937158
580.15	0	.7786225	0	.02747103	.1939065
579.15	0	.7785572	0	.02734673	.1940961
578.15	0	.7784923	0	.02722311	.1942846
577.15	0	.7784277	0	.02710014	.1944721
576.15	0	.7783636	0	.02697784	.1946586
575.15	0	.7782999	0	.02685621	.1948439
574.15	0	.7782365	0	.02673524	.1950283
573.15	0	.7781735	0	.02661493	.1952115
572.15	0	.778111	0	.02649529	.1953937
571.15	0	.7780488	0	.02637631	.1955749
570.15	0	.777987	0	.02625799	.195755
569.15	0	.7779256	0	.02614034	.1959341
568.15	0	.7778645	0	.02602335	.1961121
567.15	0	.7778039	0	.02590702	.1962891
566.15	0	.7777436	0	.02579135	.196465
565.15	0	.7776837	0	.02567635	.1966399
564.15	0	.7776242	0	.025562	.1968138
563.15	0	.7775651	0	.02544832	.1969866
562.15	0	.7775063	0	.02533529	.1971584
561.15	0	.777448	0	.02522293	.1973291
560.15	0	.77739	0	.02511122	.1974988
559.15	0	.7773324	0	.02500017	.1976675
558.15	0	.7772751	0	.02488979	.1978351
557.15	0	.7772182	0	.02478005	.1980017
556.15	0	.7771617	0	.02467098	.1981673
555.15	0	.7771056	0	.02456256	.1983318
554.15	0	.7770498	0	.0244548	.1984954
553.15	0	.7769945	0	.02434769	.1986579
552.15	0	.7769394	0	.02424124	.1988193
551.15	0	.7768848	0	.02413544	.1989798
550.15	0	.7768305	0	.0240303	.1991392
549.15	0	.7767766	0	.02392581	.1992976
548.15	0	.776723	0	.02382197	.199455
547.15	0	.7766698	0	.02371878	.1996114
546.15	0	.776617	0	.02361624	.1997668
545.15	0	.7765645	0	.02351436	.1999211
544.15	0	.7765124	0	.02341312	.2000745
543.15	0	.7764606	0	.02331253	.2002268
542.15	0	.7764092	0	.02321259	.2003782
541.15	0	.7763582	0	.02311329	.2005285
540.15	0	.7763075	0	.02301464	.2006778
539.15	0	.7762572	0	.02291664	.2008262
538.15	0	.7762072	0	.02281928	.2009735
537.15	0	.7761576	0	.02272257	.2011198
536.15	0	.7761083	0	.0226265	.2012652
535.15	0	.7760594	0	.02253107	.2014095
534.15	0	.7760109	0	.02243628	.2015529
533.15	0	.7759626	0	.02234213	.2016952
532.15	0	.7759148	0	.02224862	.2018366
531.15	0	.7758673	0	.02215575	.201977
530.15	0	.7758201	0	.02206351	.2021164
529.15	0	.7757732	0	.02197191	.2022549
528.15	0	.7757268	0	.02188095	.2023923
527.15	0	.7756806	0	.02179062	.2025288
526.15	0	.7756348	0	.02170092	.2026643
525.15	0	.7755894	0	.02161185	.2027988
524.15	0	.7755442	0	.02152342	.2029324
523.15	0	.7754994	0	.02143561	.203065
522.15	0	.775455	0	.02134843	.2031966
521.15	0	.7754109	0	.02126188	.2033272
520.15	0	.7753671	0	.02117595	.2034569
519.15	0	.7753237	0	.02109065	.2035857
518.15	0	.7752806	0	.02100598	.2037135
517.15	0	.7752378	0	.02092192	.2038403
516.15	0	.7751954	0	.02083849	.2039662
515.15	0	.7751532	0	.02075567	.2040911
514.15	0	.7751115	0	.02067347	.2042151
513.15	0	.77507	0	.02059189	.2043381
512.15	0	.7750289	0	.02051093	.2044602
511.15	0	.7749881	0	.02043058	.2045813
510.15	0	.7749476	0	.02035084	.2047016
509.15	0	.7749074	0	.02027171	.2048208
508.15	0	.7748676	0	.0201932	.2049392
507.15	0	.7748281	0	.02011529	.2050566
506.15	0	.7747889	0	.02003798	.2051731
505.15	0	.77475	0	.01996129	.2052887
504.15	0	.7747115	0	.01988519	.2054033
503.15	0	.7746732	0	.0198097	.2055171
502.15	0	.7746353	0	.01973481	.2056299
501.15	0	.7745977	0	.01966052	.2057418
500.15	0	.7745604	0	.01958683	.2058528
499.15	0	.7745234	0	.01951373	.2059629
498.15	0	.7744868	0	.01944122	.206072
497.15	0	.7744504	0	.01936931	.2061803
496.15	0	.7744143	0	.01929799	.2062877
495.15	0	.7743786	0	.01922726	.2063942
494.15	0	.7743431	0	.01915712	.2064997
493.15	0	.774308	0	.01908756	.2066044
492.15	0	.7742732	0	.01901858	.2067082
491.15	0	.7742386	0	.01895019	.2068112
490.15	0	.7742044	0	.01888238	.2069132
489.15	0	.7741705	0	.01881515	.2070144
488.15	0	.7741369	0	.01874849	.2071147
487.15	0	.7741035	0	.0186824	.2072141
486.15	0	.7740705	0	.01861689	.2073126
485.15	0	.7740378	0	.01855195	.2074103
484.15	0	.7740053	0	.01848758	.2075071
483.15	0	.7739731	0	.01842378	.2076031
482.15	0	.7739413	0	.01836054	.2076982
481.15	0	.7739097	0	.01829786	.2077924
480.15	0	.7738784	0	.01823575	.2078858
479.15	0	.7738474	0	.01817419	.2079784
478.15	0	.7738167	0	.01811319	.2080701
477.15	0	.7737863	0	.01805275	.2081609
476.15	0	.7737562	0	.01799286	.208251
475.15	0	.7737263	0	.01793352	.2083402
474.15	0	.7736967	0	.01787473	.2084285
473.15	0	.7736675	0	.01781648	.2085161
472.15	0	.7736384	0	.01775878	.2086028
471.15	0	.7736097	0	.01770162	.2086887
470.15	0	.7735812	0	.017645	.2087738
469.15	0	.7735531	0	.01758891	.208858
468.15	0	.7735251	0	.01753337	.2089415
467.15	0	.7734975	0	.01747835	.2090242
466.15	0	.7734701	0	.01742387	.209106
465.15	0	.773443	0	.01736991	.2091871
464.15	0	.7734162	0	.01731648	.2092673
463.15	0	.7733896	0	.01726358	.2093468
462.15	0	.7733633	0	.01721119	.2094255
461.15	0	.7733373	0	.01715933	.2095034
460.15	0	.7733115	0	.01710798	.2095805
459.15	0	.773286	0	.01705715	.2096568
458.15	0	.7732608	0	.01700682	.2097324
457.15	0	.7732358	0	.01695701	.2098072
456.15	0	.773211	0	.01690771	.2098813
455.15	0	.7731866	0	.01685891	.2099545
454.15	0	.7731623	0	.01681061	.2100271
453.15	0	.7731384	0	.01676281	.2100988
452.15	0	.7731147	0	.01671551	.2101698
451.15	0	.7730912	0	.0166687	.2102401
450.15	0	.773068	0	.01662238	.2103097
449.15	0	.773045	0	.01657658	.2103784
