T	 BPW(LIQUID)	BPW(BCC_A2)	BPW(FCC_A1)	BPW(LAVES_PHASE_C14)	BPW(NI3TI)
1473.15	.101011	.7795943	.1193946	0	0
1472.15	.09636084	.7770856	.1265535	0	0
1471.15	.09171273	.7745931	.1336941	0	0
1470.15	.08706647	.7721168	.1408167	0	0
1469.15	.08242182	.7696567	.1479215	0	0
1468.15	.07777853	.7672127	.1550088	0	0
1467.15	.07313637	.7647848	.1620788	0	0
1466.15	.0684951	.762373	.169132	0	0
1465.15	.06385447	.7599771	.1761684	0	0
1464.15	.05921427	.7575973	.1831884	0	0
1463.15	.05457426	.7552334	.1901923	0	0
1462.15	.04993421	.7528854	.1971803	0	0
1461.15	.04529389	.7505534	.2041527	0	0
1460.15	.04065309	.7482372	.2111097	0	0
1459.15	.03601159	.7459368	.2180516	0	0
1458.15	.03136916	.7436523	.2249786	0	0
1457.15	.02672559	.7413835	.2318909	0	0
1456.15	.02208066	.7391305	.2387889	0	0
1455.15	.01743417	.7368932	.2456727	0	0
1454.15	.0127859	.7346716	.2525425	0	0
1453.15	.008135649	.7324656	.2593987	0	0
1452.15	.003483209	.7302754	.2662414	0	0
1451.402	0	.7286465	.2713535	0	0
1451.402	0	.7286465	.2713535	0	0
1451.15	0	.728193	.271807	0	0
1450.15	0	.7263929	.2736071	0	0
1449.15	0	.724596	.275404	0	0
1448.15	0	.7228023	.2771977	0	0
1447.15	0	.7210118	.2789882	0	0
1446.15	0	.7192245	.2807755	0	0
1445.15	0	.7174405	.2825595	0	0
1444.15	0	.7156596	.2843404	0	0
1443.15	0	.7138819	.2861181	0	0
1442.15	0	.7121074	.2878926	0	0
1441.15	0	.7103361	.2896639	0	0
1440.15	0	.708568	.291432	0	0
1439.15	0	.7068031	.2931969	0	0
1438.15	0	.7050414	.2949586	0	0
1437.15	0	.7032829	.2967171	0	0
1436.15	0	.7015275	.2984725	0	0
1435.15	0	.6997753	.3002247	0	0
1434.15	0	.6980263	.3019737	0	0
1433.15	0	.6962805	.3037195	0	0
1432.15	0	.6945379	.3054621	0	0
1431.15	0	.6927984	.3072016	0	0
1430.15	0	.6910621	.3089379	0	0
1429.15	0	.6893289	.3106711	0	0
1428.15	0	.687599	.312401	0	0
1427.15	0	.6858722	.3141278	0	0
1426.15	0	.6841485	.3158515	0	0
1425.15	0	.682428	.317572	0	0
1424.15	0	.6807107	.3192893	0	0
1423.15	0	.6789965	.3210035	0	0
1422.15	0	.6772855	.3227145	0	0
1421.15	0	.6755776	.3244224	0	0
1420.15	0	.6738729	.3261271	0	0
1419.15	0	.6721714	.3278286	0	0
1418.15	0	.670473	.329527	0	0
1417.15	0	.6687777	.3312223	0	0
1416.15	0	.6670856	.3329144	0	0
1415.15	0	.6653966	.3346034	0	0
1414.15	0	.6637108	.3362892	0	0
1413.15	0	.6620281	.3379719	0	0
1412.15	0	.6603486	.3396514	0	0
1411.15	0	.6586722	.3413278	0	0
1410.15	0	.6569989	.3430011	0	0
1409.15	0	.6553288	.3446712	0	0
1408.15	0	.6536618	.3463382	0	0
1407.15	0	.651998	.348002	0	0
1406.15	0	.6503373	.3496627	0	0
1405.15	0	.6486797	.3513203	0	0
1404.15	0	.6470253	.3529747	0	0
1403.15	0	.645374	.354626	0	0
1402.15	0	.6437258	.3562742	0	0
1401.15	0	.6420808	.3579192	0	0
1400.15	0	.6404389	.3595611	0	0
1399.15	0	.6388001	.3611999	0	0
1398.15	0	.6371645	.3628355	0	0
1397.15	0	.635532	.364468	0	0
1396.15	0	.6339026	.3660974	0	0
1395.15	0	.6322763	.3677237	0	0
1394.15	0	.6306532	.3693468	0	0
1393.15	0	.6290332	.3709668	0	0
1392.15	0	.6274164	.3725836	0	0
1391.15	0	.6258026	.3741974	0	0
1390.15	0	.624192	.375808	0	0
1389.15	0	.6225846	.3774154	0	0
1388.15	0	.6209802	.3790198	0	0
1387.15	0	.619379	.380621	0	0
1386.15	0	.617781	.382219	0	0
1385.15	0	.616186	.383814	0	0
1384.15	0	.6145942	.3854058	0	0
1383.15	0	.6130055	.3869945	0	0
1382.15	0	.61142	.38858	0	0
1381.15	0	.6098375	.3901625	0	0
1380.15	0	.6082583	.3917417	0	0
1379.15	0	.6066821	.3933179	0	0
1378.15	0	.6051091	.3948909	0	0
1377.15	0	.6035392	.3964608	0	0
1376.15	0	.6019724	.3980276	0	0
1375.15	0	.6004088	.3995912	0	0
1374.15	0	.5988484	.4011517	0	0
1373.15	0	.597291	.402709	0	0
1372.15	0	.5957368	.4042632	0	0
1371.15	0	.5941858	.4058142	0	0
1370.15	0	.5926378	.4073622	0	0
1369.15	0	.5910931	.4089069	0	0
1368.15	0	.5895514	.4104486	0	0
1367.15	0	.5880129	.4119871	0	0
1366.15	0	.5864776	.4135224	0	0
1365.15	0	.5849454	.4150546	0	0
1364.15	0	.5834164	.4165837	0	0
1363.15	0	.5818905	.4181095	0	0
1362.15	0	.5803677	.4196323	0	0
1361.15	0	.5788481	.4211519	0	0
1360.15	0	.5773317	.4226683	0	0
1359.15	0	.5758184	.4241816	0	0
1358.15	0	.5743083	.4256917	0	0
1357.15	0	.5728014	.4271986	0	0
1356.15	0	.5712976	.4287024	0	0
1355.15	0	.569797	.430203	0	0
1354.15	0	.5682995	.4317005	0	0
1353.15	0	.5668052	.4331948	0	0
1352.15	0	.5653141	.4346859	0	0
1351.15	0	.5638262	.4361738	0	0
1350.15	0	.5623414	.4376586	0	0
1349.15	0	.5608598	.4391402	0	0
1348.15	0	.5593814	.4406186	0	0
1347.15	0	.5579062	.4420938	0	0
1346.15	0	.5564342	.4435658	0	0
1345.15	0	.5549654	.4450346	0	0
1344.15	0	.5534997	.4465003	0	0
1343.15	0	.5520373	.4479627	0	0
1342.15	0	.550578	.449422	0	0
1341.15	0	.549122	.450878	0	0
1340.15	0	.5476692	.4523308	0	0
1339.15	0	.5462195	.4537805	0	0
1338.15	0	.5447731	.4552269	0	0
1337.15	0	.5433299	.4566701	0	0
1336.15	0	.54189	.45811	0	0
1335.15	0	.5404532	.4595468	0	0
1334.15	0	.5390197	.4609803	0	0
1333.15	0	.5375894	.4624106	0	0
1332.15	0	.5361623	.4638377	0	0
1331.15	0	.5347385	.4652615	0	0
1330.15	0	.5333179	.4666821	0	0
1329.15	0	.5319006	.4680994	0	0
1328.15	0	.5304865	.4695135	0	0
1327.15	0	.5290756	.4709244	0	0
1326.15	0	.527668	.472332	0	0
1325.15	0	.5262637	.4737363	0	0
1324.15	0	.5248627	.4751373	0	0
1323.15	0	.5234649	.4765351	0	0
1322.15	0	.5220704	.4779296	0	0
1321.15	0	.5206792	.4793208	0	0
1320.15	0	.5192913	.4807088	0	0
1319.15	0	.5179066	.4820934	0	0
1318.15	0	.5165253	.4834747	0	0
1317.15	0	.5151472	.4848528	0	0
1316.15	0	.5137725	.4862275	0	0
1315.15	0	.512401	.487599	0	0
1314.15	0	.5110329	.4889671	0	0
1313.15	0	.5096681	.4903319	0	0
1312.15	0	.5083067	.4916933	0	0
1311.15	0	.5069485	.4930515	0	0
1310.15	0	.5055937	.4944063	0	0
1309.15	0	.5042423	.4957577	0	0
1308.15	0	.5028942	.4971058	0	0
1307.15	0	.5015495	.4984506	0	0
1306.15	0	.5002081	.4997919	0	0
1305.15	0	.4988701	.5011299	0	0
1304.15	0	.4975354	.5024646	0	0
1303.15	0	.4962042	.5037958	0	0
1302.15	0	.4948763	.5051237	0	0
1301.15	0	.4935518	.5064482	0	0
1300.15	0	.4922307	.5077693	0	0
1299.15	0	.4909131	.5090869	0	0
1298.15	0	.4895988	.5104012	0	0
1297.15	0	.488288	.511712	0	0
1296.15	0	.4869806	.5130194	0	0
1295.15	0	.4856766	.5143234	0	0
1294.15	0	.4843761	.5156239	0	0
1293.15	0	.483079	.516921	0	0
1292.15	0	.4817854	.5182146	0	0
1291.15	0	.4804952	.5195048	0	0
1290.15	0	.4792086	.5207914	0	0
1289.15	0	.4779254	.5220746	0	0
1288.15	0	.4766457	.5233543	0	0
1287.15	0	.4753694	.5246306	0	0
1286.15	0	.4740967	.5259033	0	0
1285.15	0	.4728275	.5271725	0	0
1284.15	0	.4715619	.5284382	0	0
1283.15	0	.4702997	.5297003	0	0
1282.15	0	.4690411	.5309589	0	0
1281.15	0	.467786	.532214	0	0
1280.15	0	.4665345	.5334655	0	0
1279.15	0	.4652866	.5347134	0	0
1278.15	0	.4640422	.5359578	0	0
1277.15	0	.4628014	.5371986	0	0
1276.15	0	.4615642	.5384358	0	0
1275.15	0	.4603307	.5396693	0	0
1274.15	0	.4591007	.5408993	0	0
1273.15	0	.4578743	.5421257	0	0
1272.15	0	.4566516	.5433484	0	0
1271.15	0	.4554325	.5445675	0	0
1270.15	0	.4542171	.5457829	0	0
1269.15	0	.4530053	.5469947	0	0
1268.15	0	.4517972	.5482028	0	0
1267.15	0	.4505928	.5494072	0	0
1266.15	0	.449392	.550608	0	0
1265.15	0	.448195	.551805	0	0
1264.15	0	.4470017	.5529983	0	0
1263.15	0	.4458121	.5541879	0	0
1262.15	0	.4446262	.5553738	0	0
1261.15	0	.4434441	.5565559	0	0
1260.15	0	.4422658	.5577342	0	0
1259.15	0	.4410912	.5589088	0	0
1258.15	0	.4399204	.5600796	0	0
1257.15	0	.4387534	.5612466	0	0
1256.15	0	.4375902	.5624098	0	0
1255.15	0	.4364308	.5635692	0	0
1254.15	0	.4352752	.5647248	0	0
1253.15	0	.4341235	.5658765	0	0
1252.15	0	.4329757	.5670243	0	0
1251.15	0	.4318317	.5681683	0	0
1250.15	0	.4306915	.5693085	0	0
1249.15	0	.4295553	.5704447	0	0
1248.15	0	.428423	.571577	0	0
1247.15	0	.4272946	.5727054	0	0
1246.15	0	.4261701	.5738299	0	0
1245.15	0	.4250496	.5749504	0	0
1244.15	0	.423933	.576067	0	0
1243.15	0	.4228204	.5771796	0	0
1242.15	0	.4217118	.5782882	0	0
1241.15	0	.4206072	.5793928	0	0
1240.15	0	.4195066	.5804934	0	0
1239.15	0	.41841	.58159	0	0
1238.15	0	.4173175	.5826825	0	0
1237.15	0	.4162291	.5837709	0	0
1236.15	0	.4151447	.5848553	0	0
1235.15	0	.4140644	.5859356	0	0
1234.15	0	.4129882	.5870118	0	0
1233.15	0	.4119161	.5880839	0	0
1232.15	0	.4108482	.5891519	0	0
1231.15	0	.4097844	.5902157	0	0
1230.15	0	.4087247	.5912753	0	0
1229.15	0	.4076693	.5923307	0	0
1228.15	0	.406618	.593382	0	0
1227.15	0	.405571	.594429	0	0
1226.15	0	.4045282	.5954718	0	0
1225.15	0	.4034897	.5965103	0	0
1224.15	0	.4024554	.5975446	0	0
1223.15	0	.4014254	.5985746	0	0
1222.15	0	.4003997	.5996004	0	0
1221.15	0	.3993783	.6006217	0	0
1220.15	0	.3983612	.6016388	0	0
1219.15	0	.3973485	.6026515	0	0
1218.15	0	.3963402	.6036598	0	0
1217.15	0	.3953363	.6046638	0	0
1216.15	0	.3943367	.6056633	0	0
1215.15	0	.3933416	.6066584	0	0
1214.15	0	.3923509	.6076491	0	0
1213.15	0	.3913647	.6086353	0	0
1212.15	0	.390383	.609617	0	0
1211.15	0	.3894058	.6105942	0	0
1210.15	0	.3884331	.6115669	0	0
1209.15	0	.387465	.612535	0	0
1208.15	0	.3865014	.6134986	0	0
1207.15	0	.3855424	.6144576	0	0
1206.15	0	.384588	.615412	0	0
1205.15	0	.3836382	.6163618	0	0
1204.15	0	.3826931	.6173069	0	0
1203.15	0	.3817526	.6182474	0	0
1202.15	0	.3808168	.6191832	0	0
1201.15	0	.3798858	.6201142	0	0
1200.15	0	.3789594	.6210406	0	0
1199.15	0	.3780378	.6219622	0	0
1198.15	0	.377121	.622879	0	0
1197.15	0	.376209	.623791	0	0
1196.15	0	.3753018	.6246982	0	0
1195.15	0	.3743994	.6256006	0	0
1194.15	0	.3735019	.6264981	0	0
1193.15	0	.3726093	.6273907	0	0
1192.15	0	.3717216	.6282784	0	0
1191.15	0	.3708388	.6291612	0	0
1190.15	0	.369961	.630039	0	0
1189.15	0	.3690882	.6309118	0	0
1188.15	0	.3682204	.6317797	0	0
1187.15	0	.3673576	.6326425	0	0
1186.15	0	.3664998	.6335002	0	0
1185.15	0	.3656472	.6343528	0	0
1184.15	0	.3647996	.6352004	0	0
1183.15	0	.3639572	.6360428	0	0
1182.15	0	.3631199	.6368801	0	0
1181.15	0	.3622878	.6377122	0	0
1180.15	0	.3614609	.6385391	0	0
1179.15	0	.3606393	.6393607	0	0
1178.15	0	.3598229	.6401771	0	0
1177.15	0	.3590118	.6409882	0	0
1176.15	0	.358206	.641794	0	0
1175.15	0	.3574056	.6425944	0	0
1174.15	0	.3566105	.6433895	0	0
1173.15	0	.3558209	.6441791	0	0
1172.15	0	.3550366	.6449634	0	0
1171.15	0	.3542579	.6457421	0	0
1170.15	0	.3534846	.6465154	0	0
1169.15	0	.3527168	.6472832	0	0
1168.15	0	.3519545	.6480455	0	0
1167.15	0	.3511979	.6488021	0	0
1166.15	0	.3504468	.6495532	0	0
1165.15	0	.3497014	.6502987	0	0
1164.15	0	.3489616	.6510384	0	0
1163.15	0	.3482275	.6517725	0	0
1163.049	0	.3481534	.6518466	0	0
1163.049	0	.3481534	.6518466	0	0
1163.049	0	.3481534	.6518466	0	0
1162.15	0	.3470584	.6525898	3.517814E-04	0
1161.15	0	.3458462	.6534114	7.423151E-04	0
1160.15	0	.3446407	.6542275	.001131873	0
1159.15	0	.3434417	.6550378	.001520457	0
1158.15	0	.3422494	.6558425	.00190807	0
1157.15	0	.3410638	.6566415	.002294715	0
1156.15	0	.3398849	.6574347	.002680394	0
1155.15	0	.3387127	.6582222	.003065109	0
1154.15	0	.3375472	.6590039	.003448874	0
1153.15	0	.3363886	.6597797	.00383167	0
1152.15	0	.3352368	.6605497	.00421351	0
1151.15	0	.3340918	.6613138	.004594396	0
1150.15	0	.3329536	.6620721	.004974331	0
1149.15	0	.3318224	.6628243	.005353318	0
1148.15	0	.330698	.6635706	.005731357	0
1147.15	0	.3295806	.6643109	.006108453	0
1146.15	0	.3284702	.6650452	.006484606	0
1145.15	0	.3273667	.6657735	.00685982	0
1144.15	0	.3262703	.6664956	.007234097	0
1143.15	0	.3251809	.6672117	.007607438	0
1142.15	0	.3240986	.6679216	.007979847	0
1141.15	0	.3230234	.6686253	.008351324	0
1140.15	0	.3219553	.6693228	.008721873	0
1139.15	0	.3208944	.6700141	.009091496	0
1138.15	0	.3198407	.6706991	.009460194	0
1137.15	0	.3187943	.6713778	.009827969	0
1136.15	0	.317755	.6720501	.01019483	0
1135.15	0	.3167231	.6727161	.01056076	0
1134.15	0	.3156985	.6733757	.01092578	0
1133.15	0	.3146813	.6740288	.01128989	0
1132.15	0	.3136714	.6746755	.01165308	0
1131.15	0	.312669	.6753157	.01201537	0
1130.15	0	.311674	.6759493	.01237674	0
1129.15	0	.3106865	.6765763	.01273721	0
1128.15	0	.3097065	.6771967	.01309678	0
1127.15	0	.3087341	.6778104	.01345544	0
1126.15	0	.3077693	.6784175	.0138132	0
1125.15	0	.3068121	.6790178	.01417006	0
1124.15	0	.3058626	.6796114	.01452602	0
1123.15	0	.3049208	.6801982	.01488109	0
1122.15	0	.3039867	.6807781	.01523527	0
1121.15	0	.3030603	.6813511	.01558855	0
1120.15	0	.3021418	.6819172	.01594094	0
1119.15	0	.3012312	.6824764	.01629244	0
1118.15	0	.3003284	.6830285	.01664306	0
1117.15	0	.2994336	.6835737	.01699278	0
1116.15	0	.2985467	.6841117	.01734163	0
1115.15	0	.2976678	.6846426	.01768959	0
1114.15	0	.296797	.6851663	.01803667	0
1113.15	0	.2959343	.6856829	.01838287	0
1112.15	0	.2950797	.6861922	.01872819	0
1111.15	0	.2942332	.6866942	.01907264	0
1110.15	0	.293395	.6871888	.0194162	0
1109.15	0	.292565	.6876761	.0197589	0
1108.15	0	.2917433	.6881559	.02010072	0
1107.15	0	.29093	.6886283	.02044167	0
1106.15	0	.290125	.6890932	.02078175	0
1105.15	0	.2893285	.6895505	.02112096	0
1104.15	0	.2885405	.6900002	.02145931	0
1103.15	0	.2877609	.6904423	.02179678	0
1102.15	0	.28699	.6908767	.02213339	0
1101.15	0	.2862276	.6913033	.02246914	0
1100.15	0	.2854739	.6917221	.02280402	0
1099.15	0	.2847289	.6921331	.02313804	0
1098.15	0	.2839926	.6925362	.0234712	0
1097.15	0	.2832652	.6929313	.0238035	0
1096.15	0	.2825465	.6933185	.02413495	0
1095.15	0	.2818368	.6936977	.02446553	0
1094.15	0	.281136	.6940687	.02479525	0
1093.15	0	.2804442	.6944316	.02512412	0
1092.15	0	.2797615	.6947864	.02545213	0
1091.15	0	.2790878	.6951329	.02577929	0
1090.15	0	.2784233	.6954711	.0261056	0
1089.15	0	.277768	.6958009	.02643105	0
1088.15	0	.277122	.6961224	.02675565	0
1087.15	0	.2764852	.6964354	.02707939	0
1086.15	0	.2758578	.6967399	.02740229	0
1085.15	0	.2752398	.6970359	.02772433	0
1084.15	0	.2746312	.6973233	.02804553	0
1083.15	0	.2740322	.697602	.02836587	0
1082.15	0	.2734427	.6978719	.02868537	0
1081.15	0	.2728628	.6981331	.02900402	0
1080.15	0	.2722927	.6983855	.02932182	0
1079.15	0	.2717322	.698629	.02963877	0
1078.15	0	.2711816	.6988636	.02995487	0
1077.15	0	.2706408	.6990891	.03027013	0
1076.15	0	.2701099	.6993056	.03058454	0
1075.15	0	.2695889	.699513	.03089811	0
1074.15	0	.269078	.6997112	.03121083	0
1073.15	0	.2685772	.6999001	.0315227	0
1072.15	0	.2680865	.7000798	.03183373	0
1071.15	0	.2676059	.7002501	.03214391	0
1070.15	0	.2671357	.7004111	.03245325	0
1069.15	0	.2666758	.7005625	.03276174	0
1068.15	0	.2662262	.7007044	.03306938	0
1067.15	0	.2657871	.7008368	.03337618	0
1066.15	0	.2653584	.7009594	.03368214	0
1065.15	0	.2649404	.7010724	.03398724	0
1064.15	0	.2645329	.7011756	.0342915	0
1063.15	0	.2641362	.7012689	.03459492	0
1062.15	0	.2637502	.7013524	.03489748	0
1061.15	0	.2633749	.7014258	.03519921	0
1060.15	0	.2630106	.7014893	.03550008	0
1059.15	0	.2626572	.7015427	.0358001	0
1058.15	0	.2623149	.7015859	.03609928	0
1057.15	0	.2619835	.7016189	.03639761	0
1056.15	0	.2616634	.7016416	.03669509	0
1055.15	0	.2613544	.7016539	.03699172	0
1054.15	0	.2610567	.7016559	.03728749	0
1053.15	0	.2607703	.7016473	.03758242	0
1052.15	0	.2604953	.7016282	.0378765	0
1051.15	0	.2602317	.7015986	.03816972	0
1050.15	0	.2599797	.7015582	.03846208	0
1049.15	0	.2597393	.7015071	.0387536	0
1048.15	0	.2595106	.7014452	.03904425	0
1047.15	0	.2592936	.7013724	.03933406	0
1046.15	0	.2590884	.7012886	.039623	0
1045.15	0	.258895	.7011939	.03991108	0
1044.15	0	.2587136	.7010881	.04019831	0
1043.15	0	.2585442	.7009711	.04048467	0
1042.15	0	.2583869	.7008429	.04077017	0
1041.15	0	.2582417	.7007035	.04105481	0
1040.15	0	.2581088	.7005526	.04133858	0
1039.15	0	.2579881	.7003904	.04162148	0
1038.15	0	.2578798	.7002167	.04190352	0
1037.15	0	.2577838	.7000315	.04218468	0
1036.15	0	.2577004	.6998346	.04246498	0
1035.15	0	.2576296	.699626	.0427444	0
1034.15	0	.2575714	.6994057	.04302294	0
1033.15	0	.2575258	.6991736	.04330061	0
1032.15	0	.2574931	.6989295	.0435774	0
1031.15	0	.2574731	.6986735	.04385331	0
1030.15	0	.2574661	.6984055	.04412834	0
1029.15	0	.2574721	.6981254	.04440248	0
1028.15	0	.2574911	.6978331	.04467573	0
1027.15	0	.2575233	.6975286	.04494809	0
1026.15	0	.2575686	.6972118	.04521957	0
1025.15	0	.2576272	.6968826	.04549014	0
1024.15	0	.2576992	.696541	.04575982	0
1023.15	0	.2577845	.6961869	.04602861	0
1022.15	0	.2578833	.6958202	.04629648	0
1021.15	0	.2579956	.6954409	.04656346	0
1020.15	0	.2581216	.6950489	.04682952	0
1019.15	0	.2582612	.6946441	.04709468	0
1018.15	0	.2584146	.6942265	.04735892	0
1017.15	0	.2585817	.693796	.04762225	0
1016.15	0	.2587628	.6933525	.04788465	0
1015.15	0	.2589578	.692896	.04814614	0
1014.15	0	.2591669	.6924265	.04840669	0
1013.15	0	.25939	.6919437	.04866632	0
1012.15	0	.2596272	.6914478	.04892502	0
1011.15	0	.2598787	.6909385	.04918277	0
1010.15	0	.2601445	.6904159	.04943959	0
1009.15	0	.2604246	.68988	.04969546	0
1008.15	0	.2607191	.6893305	.04995039	0
1007.15	0	.2610281	.6887675	.05020436	0
1006.15	0	.2613517	.688191	.05045737	0
1005.15	0	.2616898	.6876008	.05070943	0
1004.15	0	.2620426	.6869969	.05096052	0
1003.15	0	.2624101	.6863792	.05121064	0
1002.15	0	.2627925	.6857477	.05145979	0
1001.15	0	.2631896	.6851024	.05170795	0
1000.15	0	.2636017	.6844432	.05195514	0
999.15	0	.2640288	.6837699	.05220133	0
998.15	0	.2644708	.6830826	.05244654	0
997.15	0	.264928	.6823813	.05269074	0
996.15	0	.2654003	.6816658	.05293394	0
995.15	0	.2658877	.6809361	.05317614	0
994.15	0	.2663905	.6801922	.05341731	0
993.15	0	.2669085	.679434	.05365747	0
992.15	0	.2674419	.6786615	.0538966	0
991.15	0	.2679906	.6778747	.0541347	0
990.15	0	.2685549	.6770734	.05437176	0
989.15	0	.2691346	.6762577	.05460778	0
988.15	0	.2697298	.6754274	.05484274	0
987.15	0	.2703407	.6745827	.05507665	0
986.15	0	.2709672	.6737233	.0553095	0
985.15	0	.2716094	.6728494	.05554127	0
984.15	0	.2722673	.6719608	.05577197	0
983.15	0	.2729409	.6710575	.05600158	0
982.15	0	.2736304	.6701395	.0562301	0
981.15	0	.2743357	.6692068	.05645752	0
980.15	0	.2750568	.6682594	.05668383	0
979.15	0	.2757939	.6672971	.05690902	0
978.15	0	.2765469	.66632	.05713309	0
977.15	0	.2773159	.6653281	.05735603	0
976.15	0	.2781009	.6643213	.05757783	0
975.15	0	.2789019	.6632996	.05779849	0
974.15	0	.279719	.6622631	.05801798	0
973.15	0	.2805521	.6612116	.0582363	0
972.15	0	.2814013	.6601452	.05845345	0
971.15	0	.2822667	.6590639	.05866942	0
970.15	0	.2831482	.6579676	.05888418	0
969.15	0	.2840458	.6568564	.05909774	0
968.15	0	.2849596	.6557303	.05931009	0
967.15	0	.2858896	.6545892	.05952121	0
966.15	0	.2868358	.6534331	.05973109	0
965.15	0	.2877981	.6522621	.05993972	0
964.15	0	.2887767	.6510762	.0601471	0
963.15	0	.2897714	.6498754	.0603532	0
962.15	0	.2907824	.6486596	.06055802	0
961.15	0	.2918095	.647429	.06076154	0
960.15	0	.2928528	.6461834	.06096376	0
959.15	0	.2939123	.644923	.06116465	0
958.15	0	.294988	.6436478	.06136421	0
957.15	0	.2960798	.6423578	.06156243	0
956.15	0	.2971877	.641053	.06175928	0
955.15	0	.2983118	.6397334	.06195476	0
954.15	0	.299452	.6383992	.06214885	0
953.15	0	.3006083	.6370502	.06234154	0
952.15	0	.3017805	.6356867	.0625328	0
951.15	0	.3029688	.6343085	.06272263	0
950.15	0	.3041731	.6329159	.06291101	0
949.15	0	.3053934	.6315087	.06309793	0
948.15	0	.3066295	.6300872	.06328335	0
947.15	0	.3078815	.6286513	.06346728	0
946.15	0	.3091493	.6272011	.06364968	0
945.15	0	.3104328	.6257366	.06383055	0
944.15	0	.3117321	.6242581	.06400986	0
943.15	0	.313047	.6227654	.0641876	0
942.15	0	.3143775	.6212588	.06436374	0
941.15	0	.3157235	.6197382	.06453826	0
940.15	0	.317085	.6182039	.06471115	0
939.15	0	.3184618	.6166558	.06488238	0
938.15	0	.319854	.6150941	.06505192	0
937.15	0	.3212614	.6135189	.06521976	0
936.15	0	.3226839	.6119303	.06538588	0
935.15	0	.3241214	.6103283	.06555025	0
934.15	0	.3255739	.6087132	.06571283	0
933.15	0	.3270413	.6070851	.06587362	0
932.15	0	.3285234	.605444	.06603258	0
931.15	0	.3300202	.6037901	.06618969	0
930.15	0	.3315315	.6021236	.06634491	0
929.15	0	.3330573	.6004445	.06649822	0
928.15	0	.3345973	.5987531	.0666496	0
927.15	0	.3361515	.5970495	.06679899	0
926.15	0	.3377197	.5953339	.06694639	0
925.15	0	.3393018	.5936064	.06709175	0
924.15	0	.3408977	.5918673	.06723505	0
923.15	0	.3425072	.5901166	.06737624	0
922.15	0	.3441301	.5883546	.06751529	0
921.15	0	.3457663	.5865815	.06765216	0
920.15	0	.3474157	.5847975	.06778682	0
919.15	0	.3490779	.5830029	.06791922	0
918.15	0	.350753	.5811977	.06804933	0
917.15	0	.3524406	.5793823	.06817711	0
916.15	0	.3541406	.5775569	.0683025	0
915.15	0	.3558528	.5757217	.06842546	0
914.15	0	.357577	.5738771	.06854596	0
913.15	0	.3592633	.5720747	.06866205	0
912.15	0	.3608667	.5703625	.06877089	0
911.15	0	.3625119	.5686115	.06887667	0
910.15	0	.3641965	.5668241	.06897945	0
909.15	0	.3659183	.5650025	.06907926	0
908.15	0	.3676751	.5631488	.06917613	0
907.15	0	.3694648	.5612651	.06927011	0
906.15	0	.3712855	.5593533	.06936123	0
905.15	0	.3731352	.5574153	.06944951	0
904.15	0	.3750122	.5554528	.069535	0
903.15	0	.3769146	.5534677	.06961771	0
902.15	0	.3788408	.5514615	.06969769	0
901.15	0	.3807891	.5494359	.06977496	0
900.15	0	.3827581	.5473924	.06984955	0
899.15	0	.3847461	.5453324	.06992149	0
898.15	0	.3867518	.5432575	.0699908	0
897.15	0	.3887736	.5411689	.07005751	0
896.15	0	.3908104	.5390679	.07012166	0
895.15	0	.3928608	.536956	.07018326	0
894.15	0	.3949235	.5348342	.07024234	0
893.15	0	.3969973	.5327038	.07029892	0
892.15	0	.399081	.5305659	.07035304	0
891.15	0	.4011736	.5284217	.07040472	0
890.15	0	.4032739	.5262721	.07045399	0
889.15	0	.4053809	.5241182	.07050086	0
888.15	0	.4074935	.5219611	.07054537	0
887.15	0	.4096109	.5198016	.07058755	0
886.15	0	.411732	.5176406	.0706274	0
885.15	0	.4138558	.5154792	.07066498	0
884.15	0	.4159817	.513318	.07070029	0
883.15	0	.4181086	.5111581	.07073336	0
882.15	0	.4202357	.5090001	.07076423	0
881.15	0	.4223623	.5068448	.07079291	0
880.15	0	.4244876	.5046929	.07081944	0
879.15	0	.4266109	.5025453	.07084383	0
878.15	0	.4287314	.5004025	.07086612	0
877.15	0	.4308484	.4982652	.07088634	0
876.15	0	.4329614	.4961341	.0709045	0
875.15	0	.4350696	.4940098	.07092064	0
874.15	0	.4371724	.4918928	.07093478	0
873.15	0	.4392692	.4897838	.07094695	0
872.15	0	.4413596	.4876832	.07095718	0
871.15	0	.4434429	.4855916	.0709655	0
870.15	0	.4455186	.4835095	.07097193	0
869.15	0	.4475862	.4814373	.0709765	0
868.15	0	.4496452	.4793755	.07097924	0
867.15	0	.4516952	.4773246	.07098017	0
866.15	0	.4537357	.4752849	.07097933	0
865.15	0	.4557664	.4732569	.07097674	0
864.15	0	.4577868	.4712408	.07097243	0
863.15	0	.4597965	.4692371	.07096643	0
862.15	0	.4617951	.4672461	.07095876	0
861.15	0	.4637824	.4652681	.07094946	0
860.15	0	.465758	.4633035	.07093854	0
859.15	0	.4677216	.4613524	.07092605	0
858.15	0	.4696729	.4594151	.07091201	0
857.15	0	.4716116	.457492	.07089643	0
856.15	0	.4735375	.4555832	.07087936	0
855.15	0	.4754503	.4536889	.07086083	0
854.15	0	.4773498	.4518094	.07084084	0
853.15	0	.4792358	.4499448	.07081944	0
852.15	0	.4811081	.4480953	.07079666	0
851.15	0	.4829665	.446261	.07077251	0
850.15	0	.4848108	.4444421	.07074702	0
849.15	0	.486641	.4426388	.07072023	0
848.15	0	.4884568	.4408511	.07069215	0
847.15	0	.4902581	.4390791	.07066282	0
846.15	0	.4920448	.4373229	.07063226	0
845.15	0	.4938169	.4355827	.07060049	0
844.15	0	.4955741	.4338584	.07056754	0
843.15	0	.4973165	.4321501	.07053343	0
842.15	0	.4990439	.4304579	.07049819	0
841.15	0	.5007564	.4287818	.07046185	0
840.15	0	.5024538	.4271218	.07042442	0
839.15	0	.5041361	.4254779	.07038594	0
838.15	0	.5058033	.4238502	.07034642	0
837.15	0	.5074555	.4222387	.07030588	0
836.15	0	.5090924	.4206432	.07026436	0
835.15	0	.5107142	.4190639	.07022187	0
834.15	0	.5123209	.4175006	.07017843	0
833.15	0	.5139125	.4159534	.07013408	0
832.15	0	.515489	.4144222	.07008882	0
831.15	0	.5170504	.412907	.07004268	0
830.15	0	.5185967	.4114076	.06999568	0
829.15	0	.5201281	.4099241	.06994783	0
828.15	0	.5216445	.4084563	.06989917	0
827.15	0	.523146	.4070043	.06984972	0
826.15	0	.5246327	.4055678	.06979948	0
825.15	0	.5261046	.4041469	.06974848	0
824.15	0	.5275618	.4027415	.06969673	0
823.15	0	.5290044	.4013514	.06964426	0
822.15	0	.5304323	.3999766	.06959109	0
821.15	0	.5318459	.3986169	.06953723	0
820.15	0	.533245	.3972723	.0694827	0
819.15	0	.5346298	.3959427	.06942751	0
818.15	0	.5360004	.3946279	.06937169	0
817.15	0	.5373569	.3933279	.06931525	0
816.15	0	.5386993	.3920425	.0692582	0
815.15	0	.5400278	.3907716	.06920057	0
814.15	0	.5413425	.3895151	.06914236	0
813.15	0	.5426435	.3882729	.06908359	0
812.15	0	.5439309	.3870449	.06902429	0
811.15	0	.5452047	.3858309	.06896446	0
810.15	0	.5464651	.3846308	.06890411	0
809.15	0	.5477123	.3834445	.06884327	0
808.15	0	.5489463	.3822718	.06878194	0
807.15	0	.5501672	.3811127	.06872014	0
806.15	0	.5513751	.379967	.06865789	0
805.15	0	.5525702	.3788346	.06859519	0
804.15	0	.5537526	.3777153	.06853206	0
803.15	0	.5549224	.3766091	.06846852	0
802.15	0	.5560797	.3755158	.06840456	0
801.15	0	.5572246	.3744352	.06834022	0
800.15	0	.5583573	.3733673	.06827549	0
799.15	0	.5594778	.3723118	.0682104	0
798.15	0	.5605863	.3712688	.06814494	0
797.15	0	.5616829	.370238	.06807914	0
796.15	0	.5627676	.3692193	.06801301	0
795.15	0	.5638408	.3682127	.06794655	0
794.15	0	.5649023	.3672179	.06787978	0
793.15	0	.5659525	.3662348	.06781271	0
792.15	0	.5669913	.3652634	.06774534	0
791.15	0	.5680189	.3643034	.06767769	0
790.15	0	.5690354	.3633549	.06760977	0
789.15	0	.5700409	.3624175	.06754159	0
788.15	0	.5710356	.3614913	.06747316	0
787.15	0	.5720195	.360576	.06740448	0
786.15	0	.5729928	.3596717	.06733557	0
785.15	0	.5739555	.3587781	.06726643	0
784.15	0	.5749078	.3578951	.06719708	0
783.15	0	.5758499	.3570226	.06712752	0
782.15	0	.5767817	.3561605	.06705777	0
781.15	0	.5777035	.3553087	.06698782	0
780.15	0	.5786153	.3544671	.06691769	0
779.15	0	.5795172	.3536354	.06684739	0
778.15	0	.5804093	.3528138	.06677692	0
777.15	0	.5812918	.3520019	.0667063	0
776.15	0	.5821648	.3511997	.06663552	0
775.15	0	.5830283	.3504071	.0665646	0
774.15	0	.5838824	.349624	.06649355	0
773.15	0	.5847273	.3488503	.06642237	0
772.15	0	.5855631	.3480858	.06635107	0
771.15	0	.5863899	.3473305	.06627965	0
770.15	0	.5872077	.3465842	.06620812	0
769.15	0	.5880167	.3458469	.0661365	0
768.15	0	.5888169	.3451184	.06606477	0
767.15	0	.5896085	.3443986	.06599296	0
766.15	0	.5903915	.3436874	.06592107	0
765.15	0	.5911661	.3429848	.0658491	0
764.15	0	.5919323	.3422906	.06577706	0
763.15	0	.5926903	.3416048	.06570496	0
762.15	0	.5934401	.3409272	.06563279	0
761.15	0	.5941818	.3402577	.06556058	0
760.15	0	.5949155	.3395962	.06548831	0
759.15	0	.5956413	.3389427	.065416	0
758.15	0	.5963593	.338297	.06534365	0
757.15	0	.5970696	.3376591	.06527127	0
756.15	0	.5977723	.3370289	.06519886	0
755.15	0	.5984674	.3364062	.06512643	0
754.15	0	.599155	.335791	.06505397	0
753.15	0	.5998353	.3351832	.0649815	0
752.15	0	.6005082	.3345827	.06490902	0
751.15	0	.601174	.3339895	.06483654	0
750.15	0	.6018326	.3334033	.06476405	0
749.15	0	.6024842	.3328243	.06469157	0
748.15	0	.6031288	.3322521	.06461908	0
747.15	0	.6037665	.3316869	.06454661	0
746.15	0	.6043974	.3311284	.06447416	0
745.15	0	.6050216	.3305767	.06440171	0
744.15	0	.6056391	.3300316	.06432929	0
743.15	0	.60625	.3294931	.06425689	0
742.15	0	.6068545	.328961	.06418452	0
741.15	0	.6074525	.3284353	.06411218	0
740.15	0	.6080441	.327916	.06403987	0
739.15	0	.6086295	.3274029	.06396759	0
738.15	0	.6092087	.326896	.06389536	0
737.15	0	.6097817	.3263952	.06382316	0
736.15	0	.6103486	.3259004	.06375101	0
735.15	0	.6109096	.3254115	.0636789	0
734.15	0	.6114646	.3249286	.06360685	0
733.15	0	.6120137	.3244514	.06353484	0
732.15	0	.6125571	.32398	.06346289	0
731.15	0	.6130947	.3235143	.063391	0
730.15	0	.6136267	.3230541	.06331916	0
729.15	0	.6141531	.3225995	.06324738	0
728.15	0	.614674	.3221504	.06317567	0
727.15	0	.6151893	.3217066	.06310401	0
726.15	0	.6156993	.3212683	.06303243	0
725.15	0	.616204	.3208351	.06296091	0
724.15	0	.6167033	.3204072	.06288946	0
723.15	0	.6171975	.3199844	.06281809	0
722.15	0	.6176865	.3195668	.06274678	0
721.15	0	.6181704	.3191541	.06267555	0
720.737	0	.6183687	.3189851	.06264616	0
720.737	0	.6183687	.3189851	.06264616	0
720.737	0	.6183687	.3189851	.06264616	0
720.15	0	.6195875	.3172609	.06207489	.001076645
719.15	0	.6216347	.3143579	.06110996	.002897412
718.15	0	.6236458	.3114974	.06015534	.004701439
717.15	0	.6256216	.3086786	.05921087	.006488962
716.15	0	.6275627	.3059007	.05827638	.008260217
715.15	0	.6294698	.303163	.05735171	.01001543
714.15	0	.6313437	.3004648	.0564367	.01175484
713.15	0	.633185	.2978051	.05553119	.01347866
712.15	0	.6349944	.2951834	.05463502	.01518712
711.15	0	.6367726	.2925989	.05374805	.01688042
710.15	0	.6385201	.290051	.05287013	.01855879
709.15	0	.6402376	.2875389	.05200111	.02022244
708.15	0	.6419257	.2850619	.05114084	.02187157
707.15	0	.643585	.2826194	.05028919	.02350638
706.15	0	.6452161	.2802108	.04944601	.02512709
705.15	0	.6468195	.2778355	.04861117	.02673388
704.15	0	.6483958	.2754927	.04778453	.02832695
703.15	0	.6499455	.273182	.04696596	.0299065
702.15	0	.6514693	.2709027	.04615534	.0314727
701.15	0	.6529675	.2686542	.04535253	.03302576
700.15	0	.6544408	.266436	.0445574	.03456584
699.15	0	.6558895	.2642475	.04376984	.03609314
698.15	0	.6573143	.2620882	.04298973	.03760783
697.15	0	.6587155	.2599575	.04221694	.03911008
696.15	0	.6600937	.2578549	.04145136	.04060006
695.15	0	.6614493	.2557799	.04069287	.04207795
694.15	0	.6627828	.2537319	.03994136	.04354392
693.15	0	.6640945	.2517106	.03919673	.04499811
692.15	0	.665385	.2497154	.03845886	.04644071
691.15	0	.6666546	.2477459	.03772764	.04787186
690.15	0	.6679038	.2458015	.03700298	.04929173
689.15	0	.669133	.2438818	.03628477	.05070046
688.15	0	.6703425	.2419864	.0355729	.05209822
687.15	0	.6715327	.2401149	.03486728	.05348514
686.15	0	.6727041	.2382668	.03416781	.05486138
685.15	0	.6738569	.2364416	.0334744	.05622708
684.15	0	.6749916	.2346391	.03278695	.05758239
683.15	0	.6761084	.2328587	.03210538	.05892744
682.15	0	.6772079	.2311002	.03142958	.06026238
681.15	0	.6782902	.229363	.03075947	.06158734
680.15	0	.6793557	.2276469	.03009496	.06290244
679.15	0	.6804048	.2259514	.02943597	.06420784
678.15	0	.6814377	.2242762	.02878242	.06550365
677.15	0	.6824548	.222621	.02813421	.06679001
676.15	0	.6834564	.2209853	.02749128	.06806703
675.15	0	.6844427	.2193689	.02685353	.06933486
674.15	0	.6854141	.2177714	.0262209	.0705936
673.15	0	.6863708	.2161925	.0255933	.07184337
672.15	0	.6873132	.2146318	.02497066	.0730843
671.15	0	.6882415	.2130891	.0243529	.07431651
670.15	0	.6891559	.211564	.02373996	.0755401
669.15	0	.6900568	.2100563	.02313176	.0767552
668.15	0	.6909443	.2085656	.02252823	.0779619
667.15	0	.6918188	.2070916	.0219293	.07916033
666.15	0	.6926805	.205634	.0213349	.0803506
665.15	0	.6935296	.2041927	.02074497	.0815328
664.15	0	.6943663	.2027672	.02015945	.08270704
663.15	0	.695191	.2013574	.01957826	.08387343
662.15	0	.6960061	.1999606	.01900028	.08503307
661.15	0	.6968068	.1985815	.01842771	.08618392
660.15	0	.6975962	.1972173	.01785929	.08732723
659.15	0	.6983744	.1958676	.01729494	.08846311
658.15	0	.6991416	.1945322	.01673462	.08959163
657.15	0	.699898	.1932109	.01617825	.0907129
656.15	0	.7006438	.1919034	.0156258	.09182701
655.15	0	.7013792	.1906096	.0150772	.09293404
654.15	0	.7021044	.1893292	.0145324	.0940341
653.15	0	.7028195	.1880619	.01399135	.09512726
652.15	0	.7035248	.1868076	.013454	.09621362
651.15	0	.7042205	.185566	.01292029	.09729325
650.15	0	.7049066	.184337	.01239017	.09836625
649.15	0	.7055834	.1831203	.0118636	.0994327
648.15	0	.7062511	.1819157	.01134052	.1004927
647.15	0	.7069098	.180723	.01082089	.1015463
646.15	0	.7075597	.1795421	.01030466	.1025935
645.15	0	.7082009	.1783728	.009791787	.1036346
644.15	0	.7088336	.1772148	.009282222	.1046695
643.15	0	.7094579	.1760679	.008775922	.1056982
642.15	0	.7100741	.174932	.008272842	.1067211
641.15	0	.7106821	.173807	.007772939	.1077379
640.15	0	.7112823	.1726926	.00727617	.108749
639.15	0	.7118747	.1715887	.006782494	.1097542
638.15	0	.7124594	.170495	.00629187	.1107537
637.15	0	.7130367	.1694115	.005804256	.1117476
636.15	0	.7136065	.1683379	.005319613	.1127359
635.15	0	.7141692	.1672742	.004837902	.1137187
634.15	0	.7147247	.1662201	.004359084	.1146961
633.15	0	.7152733	.1651755	.003883121	.1156681
632.15	0	.715815	.1641403	.003409977	.1166348
631.15	0	.7163499	.1631143	.002939614	.1175962
630.15	0	.7168782	.1620973	.002471996	.1185525
629.15	0	.7174001	.1610892	.002007089	.1195036
628.15	0	.7179155	.1600899	.001544856	.1204497
627.15	0	.7184247	.1590992	.001085265	.1213909
626.15	0	.7189277	.1581171	6.282803E-04	.122327
625.15	0	.7194246	.1571432	1.738697E-04	.1232583
624.7659	0	.7196139	.1567714	0	.1236148
624.7659	0	.7196139	.1567714	0	.1236148
624.15	0	.7196409	.1565945	0	.1237645
623.15	0	.7196836	.1563104	0	.1240059
622.15	0	.7197248	.15603	0	.1242452
621.15	0	.7197645	.1557532	0	.1244822
620.15	0	.7198028	.15548	0	.1247172
619.15	0	.7198397	.1552103	0	.12495
618.15	0	.7198751	.1549441	0	.1251808
617.15	0	.7199091	.1546813	0	.1254095
616.15	0	.7199418	.154422	0	.1256362
615.15	0	.7199731	.1541659	0	.1258609
614.15	0	.7200031	.1539133	0	.1260836
613.15	0	.7200318	.1536638	0	.1263044
612.15	0	.7200592	.1534176	0	.1265232
611.15	0	.7200853	.1531746	0	.1267402
610.15	0	.7201101	.1529347	0	.1269552
609.15	0	.7201338	.1526979	0	.1271684
608.15	0	.7201562	.1524642	0	.1273797
607.15	0	.7201773	.1522334	0	.1275892
606.15	0	.7201974	.1520057	0	.1277969
605.15	0	.7202162	.1517809	0	.1280029
604.15	0	.7202339	.151559	0	.1282071
603.15	0	.7202504	.15134	0	.1284096
602.15	0	.7202659	.1511238	0	.1286104
601.15	0	.7202802	.1509104	0	.1288095
600.15	0	.7202934	.1506997	0	.1290069
599.15	0	.7203056	.1504917	0	.1292027
598.15	0	.7203167	.1502864	0	.1293969
597.15	0	.7203267	.1500838	0	.1295895
596.15	0	.7203358	.1498838	0	.1297805
595.15	0	.7203438	.1496863	0	.1299699
594.15	0	.7203508	.1494913	0	.1301578
593.15	0	.7203569	.1492989	0	.1303442
592.15	0	.7203619	.1491089	0	.1305291
591.15	0	.720366	.1489214	0	.1307125
590.15	0	.7203692	.1487363	0	.1308945
589.15	0	.7203715	.1485535	0	.131075
588.15	0	.7203728	.1483731	0	.1312541
587.15	0	.7203732	.148195	0	.1314318
586.15	0	.7203727	.1480191	0	.1316082
585.15	0	.7203714	.1478455	0	.1317831
584.15	0	.7203692	.1476741	0	.1319567
583.15	0	.7203661	.1475048	0	.132129
582.15	0	.7203622	.1473378	0	.1323
581.15	0	.7203575	.1471728	0	.1324697
580.15	0	.720352	.1470099	0	.1326381
579.15	0	.7203456	.1468491	0	.1328053
578.15	0	.7203385	.1466903	0	.1329713
577.15	0	.7203306	.1465335	0	.133136
576.15	0	.7203219	.1463787	0	.1332995
575.15	0	.7203124	.1462258	0	.1334618
574.15	0	.7203022	.1460748	0	.1336229
573.15	0	.7202913	.1459258	0	.133783
572.15	0	.7202796	.1457785	0	.1339418
571.15	0	.7202673	.1456332	0	.1340996
570.15	0	.7202542	.1454896	0	.1342562
569.15	0	.7202404	.1453478	0	.1344118
568.15	0	.720226	.1452078	0	.1345662
567.15	0	.7202109	.1450695	0	.1347196
566.15	0	.7201951	.1449329	0	.134872
565.15	0	.7201786	.144798	0	.1350234
564.15	0	.7201616	.1446647	0	.1351737
563.15	0	.7201439	.1445331	0	.135323
562.15	0	.7201255	.1444031	0	.1354714
561.15	0	.7201066	.1442747	0	.1356188
560.15	0	.720087	.1441478	0	.1357652
559.15	0	.7200669	.1440224	0	.1359107
558.15	0	.7200461	.1438986	0	.1360553
557.15	0	.7200248	.1437763	0	.1361989
556.15	0	.7200029	.1436554	0	.1363417
555.15	0	.7199805	.143536	0	.1364835
554.15	0	.7199575	.143418	0	.1366245
553.15	0	.719934	.1433014	0	.1367646
552.15	0	.7199099	.1431862	0	.1369039
551.15	0	.7198853	.1430723	0	.1370423
550.15	0	.7198602	.1429598	0	.13718
549.15	0	.7198346	.1428486	0	.1373168
548.15	0	.7198085	.1427387	0	.1374528
547.15	0	.7197819	.1426301	0	.137588
546.15	0	.7197548	.1425227	0	.1377225
545.15	0	.7197273	.1424166	0	.1378562
544.15	0	.7196992	.1423117	0	.1379891
543.15	0	.7196708	.1422079	0	.1381213
542.15	0	.7196418	.1421054	0	.1382528
541.15	0	.7196124	.142004	0	.1383835
540.15	0	.7195826	.1419038	0	.1385136
539.15	0	.7195524	.1418047	0	.138643
538.15	0	.7195217	.1417066	0	.1387716
537.15	0	.7194907	.1416097	0	.1388996
536.15	0	.7194592	.1415139	0	.139027
535.15	0	.7194273	.141419	0	.1391537
534.15	0	.719395	.1413253	0	.1392797
533.15	0	.7193624	.1412325	0	.1394052
532.15	0	.7193293	.1411407	0	.13953
531.15	0	.7192959	.1410499	0	.1396541
530.15	0	.7192622	.1409601	0	.1397777
529.15	0	.719228	.1408712	0	.1399007
528.15	0	.7191936	.1407833	0	.1400231
527.15	0	.7191588	.1406963	0	.140145
526.15	0	.7191236	.1406102	0	.1402662
525.15	0	.7190881	.1405249	0	.140387
524.15	0	.7190523	.1404405	0	.1405071
523.15	0	.7190162	.140357	0	.1406268
522.15	0	.7189798	.1402743	0	.1407459
521.15	0	.7189431	.1401925	0	.1408645
520.15	0	.718906	.1401114	0	.1409826
519.15	0	.7188687	.1400312	0	.1411001
518.15	0	.7188311	.1399517	0	.1412172
517.15	0	.7187932	.139873	0	.1413338
516.15	0	.7187551	.139795	0	.1414499
515.15	0	.7187167	.1397178	0	.1415656
514.15	0	.718678	.1396413	0	.1416807
513.15	0	.718639	.1395655	0	.1417955
512.15	0	.7185999	.1394904	0	.1419097
511.15	0	.7185604	.139416	0	.1420236
510.15	0	.7185208	.1393422	0	.142137
509.15	0	.7184809	.1392691	0	.14225
508.15	0	.7184408	.1391967	0	.1423625
507.15	0	.7184004	.1391249	0	.1424747
506.15	0	.7183599	.1390537	0	.1425864
505.15	0	.7183191	.1389831	0	.1426978
504.15	0	.7182782	.1389131	0	.1428087
503.15	0	.718237	.1388437	0	.1429193
502.15	0	.7181957	.1387748	0	.1430295
501.15	0	.7181542	.1387065	0	.1431393
500.15	0	.7181125	.1386387	0	.1432488
499.15	0	.7180706	.1385715	0	.1433579
498.15	0	.7180285	.1385048	0	.1434667
497.15	0	.7179863	.1384386	0	.1435751
496.15	0	.7179439	.1383729	0	.1436832
495.15	0	.7179014	.1383077	0	.1437909
494.15	0	.7178587	.138243	0	.1438983
493.15	0	.7178159	.1381787	0	.1440054
492.15	0	.7177729	.1381149	0	.1441122
491.15	0	.7177298	.1380516	0	.1442186
490.15	0	.7176866	.1379886	0	.1443248
489.15	0	.7176433	.1379261	0	.1444306
488.15	0	.7175998	.137864	0	.1445362
487.15	0	.7175562	.1378023	0	.1446415
486.15	0	.7175125	.1377411	0	.1447464
485.15	0	.7174687	.1376801	0	.1448512
484.15	0	.7174248	.1376196	0	.1449556
483.15	0	.7173808	.1375594	0	.1450598
482.15	0	.7173367	.1374996	0	.1451637
481.15	0	.7172926	.1374401	0	.1452673
480.15	0	.7172483	.137381	0	.1453707
479.15	0	.717204	.1373222	0	.1454738
478.15	0	.7171596	.1372637	0	.1455767
477.15	0	.7171152	.1372055	0	.1456794
476.15	0	.7170706	.1371476	0	.1457818
475.15	0	.717026	.13709	0	.145884
474.15	0	.7169814	.1370327	0	.145986
473.15	0	.7169367	.1369756	0	.1460877
472.15	0	.716892	.1369188	0	.1461892
471.15	0	.7168472	.1368623	0	.1462905
470.15	0	.7168024	.136806	0	.1463916
469.15	0	.7167575	.13675	0	.1464925
468.15	0	.7167127	.1366942	0	.1465932
467.15	0	.7166678	.1366386	0	.1466937
466.15	0	.7166229	.1365832	0	.1467939
465.15	0	.7165779	.136528	0	.146894
464.15	0	.716533	.1364731	0	.146994
463.15	0	.716488	.1364183	0	.1470937
462.15	0	.7164431	.1363637	0	.1471932
461.15	0	.7163981	.1363093	0	.1472926
460.15	0	.7163532	.136255	0	.1473918
459.15	0	.7163082	.136201	0	.1474908
458.15	0	.7162633	.136147	0	.1475897
457.15	0	.7162184	.1360932	0	.1476884
456.15	0	.7161735	.1360396	0	.1477869
455.15	0	.7161286	.1359861	0	.1478853
454.15	0	.7160838	.1359327	0	.1479835
453.15	0	.7160389	.1358795	0	.1480816
452.15	0	.7159942	.1358263	0	.1481796
451.15	0	.7159494	.1357733	0	.1482773
450.15	0	.7159047	.1357203	0	.148375
449.15	0	.7158601	.1356674	0	.1484725
448.15	0	.7158156	.1356145	0	.1485699
447.15	0	.7157711	.1355617	0	.1486672
446.15	0	.7157267	.1355089	0	.1487643
445.15	0	.7156825	.1354562	0	.1488614
444.15	0	.7156382	.1354035	0	.1489583
443.15	0	.7155941	.1353508	0	.1490551
442.15	0	.7155501	.135298	0	.1491518
441.15	0	.7155063	.1352453	0	.1492484
440.15	0	.7154625	.1351925	0	.1493449
439.15	0	.7154189	.1351397	0	.1494414
438.15	0	.7153755	.1350869	0	.1495377
437.15	0	.7153322	.1350339	0	.1496339
436.15	0	.715289	.1349809	0	.1497301
435.15	0	.715246	.1349278	0	.1498262
434.15	0	.7152032	.1348746	0	.1499222
433.15	0	.7151606	.1348213	0	.1500181
432.15	0	.7151182	.1347678	0	.150114
431.15	0	.715076	.1347142	0	.1502098
430.15	0	.7150339	.1346605	0	.1503056
429.15	0	.7149921	.1346067	0	.1504013
428.15	0	.7149505	.1345527	0	.1504969
427.15	0	.7149091	.1344985	0	.1505925
426.15	0	.7148679	.1344441	0	.150688
425.15	0	.7148269	.1343896	0	.1507835
424.15	0	.7147862	.1343349	0	.1508789
423.15	0	.7147457	.13428	0	.1509743
422.15	0	.7147055	.1342249	0	.1510697
421.15	0	.7146655	.1341695	0	.151165
420.15	0	.7146258	.134114	0	.1512603
419.15	0	.7145863	.1340583	0	.1513555
