T	 BPW(LIQUID)	BPW(BCC_A2)	BPW(FCC_A1)	BPW(LAVES_PHASE_C14)	BPW(NI3TI)
1473.15	.1150989	.7733675	0	.1115337	0
1472.15	.1100159	.7766391	0	.113345	0
1471.15	.1050297	.7798427	0	.1151276	0
1470.15	.1001377	.78298	0	.1168823	0
1469.15	.09533727	.7860528	0	.11861	0
1468.15	.09062589	.7890628	0	.1203113	0
1467.15	.08600117	.7920118	0	.121987	0
1466.15	.08146077	.7949014	0	.1236379	0
1465.15	.07700245	.7977331	0	.1252645	0
1464.15	.07262404	.8005083	0	.1268676	0
1463.15	.06832343	.8032287	0	.1284478	0
1462.15	.06409861	.8058956	0	.1300058	0
1461.15	.05994761	.8085104	0	.131542	0
1460.15	.05586853	.8110743	0	.1330571	0
1459.15	.05185954	.8135888	0	.1345517	0
1458.15	.04791887	.8160549	0	.1360262	0
1457.15	.04404479	.8184739	0	.1374813	0
1456.15	.04023564	.820847	0	.1389174	0
1455.15	.03648982	.8231753	0	.1403349	0
1454.15	.03280576	.8254599	0	.1417344	0
1453.15	.02918196	.8277017	0	.1431163	0
1452.15	.02561694	.829902	0	.1444811	0
1451.15	.0221093	.8320616	0	.1458291	0
1450.15	.01865765	.8341815	0	.1471608	0
1449.15	.01526066	.8362627	0	.1484767	0
1448.15	.01191705	.838306	0	.149777	0
1447.15	.00862555	.8403123	0	.1510622	0
1446.15	.00538495	.8422825	0	.1523325	0
1445.15	.002194069	.8442174	0	.1535885	0
1444.453	0	.8455449	0	.1544551	0
1444.453	0	.8455449	0	.1544551	0
1444.15	0	.8453474	0	.1546526	0
1443.15	0	.8446973	0	.1553027	0
1442.15	0	.8440489	0	.1559511	0
1441.15	0	.8434021	0	.1565979	0
1440.15	0	.842757	0	.157243	0
1439.15	0	.8421134	0	.1578866	0
1438.15	0	.8414715	0	.1585285	0
1437.15	0	.8408312	0	.1591688	0
1436.15	0	.8401925	0	.1598075	0
1435.15	0	.8395554	0	.1604446	0
1434.15	0	.8389199	0	.1610801	0
1433.15	0	.838286	0	.161714	0
1432.15	0	.8376537	0	.1623463	0
1431.15	0	.837023	0	.1629771	0
1430.15	0	.8363938	0	.1636062	0
1429.15	0	.8357662	0	.1642338	0
1428.15	0	.8351401	0	.1648599	0
1427.15	0	.8345156	0	.1654844	0
1426.15	0	.8338927	0	.1661073	0
1425.15	0	.8332713	0	.1667287	0
1424.15	0	.8326515	0	.1673486	0
1423.15	0	.8320331	0	.1679669	0
1422.15	0	.8314163	0	.1685837	0
1421.15	0	.8308011	0	.1691989	0
1420.15	0	.8301873	0	.1698127	0
1419.15	0	.8295751	0	.1704249	0
1418.15	0	.8289644	0	.1710356	0
1417.15	0	.8283551	0	.1716449	0
1416.15	0	.8277474	0	.1722526	0
1415.15	0	.8271412	0	.1728588	0
1414.15	0	.8265364	0	.1734636	0
1413.15	0	.8259332	0	.1740668	0
1412.15	0	.8253314	0	.1746686	0
1411.15	0	.8247311	0	.175269	0
1410.15	0	.8241322	0	.1758678	0
1409.15	0	.8235348	0	.1764652	0
1408.15	0	.8229389	0	.1770611	0
1407.15	0	.8223444	0	.1776556	0
1406.15	0	.8217514	0	.1782486	0
1405.15	0	.8211598	0	.1788402	0
1404.15	0	.8205696	0	.1794304	0
1403.15	0	.8199809	0	.1800191	0
1402.15	0	.8193936	0	.1806064	0
1401.15	0	.8188077	0	.1811923	0
1400.15	0	.8182233	0	.1817767	0
1399.15	0	.8176402	0	.1823598	0
1398.15	0	.8170586	0	.1829414	0
1397.15	0	.8164784	0	.1835216	0
1396.15	0	.8158995	0	.1841005	0
1395.15	0	.8153221	0	.1846779	0
1394.15	0	.814746	0	.185254	0
1393.15	0	.8141714	0	.1858286	0
1392.15	0	.8135981	0	.1864019	0
1391.15	0	.8130262	0	.1869738	0
1390.15	0	.8124557	0	.1875444	0
1389.15	0	.8118865	0	.1881135	0
1388.15	0	.8113187	0	.1886813	0
1387.15	0	.8107522	0	.1892478	0
1386.15	0	.8101871	0	.1898129	0
1385.15	0	.8096234	0	.1903766	0
1384.15	0	.809061	0	.190939	0
1383.15	0	.8084999	0	.1915001	0
1382.15	0	.8079401	0	.1920599	0
1381.15	0	.8073817	0	.1926183	0
1380.15	0	.8068247	0	.1931754	0
1379.15	0	.8062689	0	.1937311	0
1378.15	0	.8057145	0	.1942855	0
1377.15	0	.8051613	0	.1948387	0
1376.15	0	.8046095	0	.1953905	0
1375.15	0	.804059	0	.195941	0
1374.15	0	.8035098	0	.1964902	0
1373.15	0	.8029619	0	.1970381	0
1372.15	0	.8024152	0	.1975848	0
1371.15	0	.8018699	0	.1981301	0
1370.15	0	.8013258	0	.1986742	0
1369.15	0	.8007831	0	.1992169	0
1368.15	0	.8002416	0	.1997584	0
1367.15	0	.7997013	0	.2002987	0
1366.15	0	.7991624	0	.2008376	0
1365.15	0	.7986247	0	.2013753	0
1364.15	0	.7980882	0	.2019118	0
1363.15	0	.797553	0	.202447	0
1362.15	0	.7970191	0	.2029809	0
1361.15	0	.7964864	0	.2035136	0
1360.15	0	.795955	0	.204045	0
1359.15	0	.7954248	0	.2045752	0
1358.15	0	.7948958	0	.2051042	0
1357.15	0	.794368	0	.205632	0
1356.15	0	.7938415	0	.2061585	0
1355.15	0	.7933162	0	.2066838	0
1354.15	0	.7927922	0	.2072078	0
1353.15	0	.7922693	0	.2077307	0
1352.15	0	.7917476	0	.2082524	0
1351.15	0	.7912272	0	.2087728	0
1350.15	0	.790708	0	.209292	0
1349.15	0	.7901899	0	.2098101	0
1348.15	0	.7896731	0	.2103269	0
1347.15	0	.7891574	0	.2108426	0
1346.15	0	.788643	0	.211357	0
1345.15	0	.7881297	0	.2118703	0
1344.15	0	.7876176	0	.2123824	0
1343.15	0	.7871067	0	.2128933	0
1342.15	0	.786597	0	.2134031	0
1341.15	0	.7860884	0	.2139116	0
1340.15	0	.785581	0	.214419	0
1339.15	0	.7850747	0	.2149253	0
1338.15	0	.7845697	0	.2154304	0
1337.15	0	.7840657	0	.2159343	0
1336.15	0	.7835629	0	.2164371	0
1335.15	0	.7830613	0	.2169387	0
1334.15	0	.7825608	0	.2174392	0
1333.15	0	.7820615	0	.2179385	0
1332.15	0	.7815633	0	.2184367	0
1331.15	0	.7810662	0	.2189338	0
1330.15	0	.7805703	0	.2194297	0
1329.15	0	.7800755	0	.2199245	0
1328.15	0	.7795818	0	.2204182	0
1327.15	0	.7790892	0	.2209108	0
1326.15	0	.7785978	0	.2214022	0
1325.15	0	.7781075	0	.2218925	0
1324.15	0	.7776183	0	.2223818	0
1323.15	0	.7771301	0	.2228699	0
1322.15	0	.7766431	0	.2233569	0
1321.15	0	.7761572	0	.2238428	0
1320.15	0	.7756724	0	.2243276	0
1319.15	0	.7751887	0	.2248113	0
1318.15	0	.7747061	0	.2252939	0
1317.15	0	.7742245	0	.2257755	0
1316.15	0	.7737441	0	.2262559	0
1315.15	0	.7732647	0	.2267353	0
1314.15	0	.7727864	0	.2272136	0
1313.15	0	.7723092	0	.2276908	0
1312.15	0	.771833	0	.228167	0
1311.15	0	.7713579	0	.2286421	0
1310.15	0	.7708839	0	.2291161	0
1309.15	0	.770411	0	.2295891	0
1308.15	0	.7699391	0	.230061	0
1307.15	0	.7694682	0	.2305318	0
1306.15	0	.7689984	0	.2310016	0
1305.15	0	.7685297	0	.2314703	0
1304.15	0	.768062	0	.231938	0
1303.15	0	.7675953	0	.2324047	0
1302.15	0	.7671297	0	.2328703	0
1301.15	0	.7666651	0	.2333349	0
1300.15	0	.7662016	0	.2337984	0
1299.15	0	.7657391	0	.2342609	0
1298.15	0	.7652776	0	.2347224	0
1297.15	0	.7648172	0	.2351828	0
1296.15	0	.7643577	0	.2356423	0
1295.15	0	.7638993	0	.2361007	0
1294.15	0	.7634419	0	.2365581	0
1293.15	0	.7629855	0	.2370145	0
1292.15	0	.7625301	0	.2374699	0
1291.15	0	.7620758	0	.2379242	0
1290.15	0	.7616224	0	.2383776	0
1289.15	0	.76117	0	.23883	0
1288.15	0	.7607187	0	.2392813	0
1287.15	0	.7602683	0	.2397317	0
1286.15	0	.7598189	0	.2401811	0
1285.15	0	.7593705	0	.2406295	0
1284.15	0	.7589231	0	.2410769	0
1283.15	0	.7584767	0	.2415233	0
1282.15	0	.7580313	0	.2419687	0
1281.15	0	.7575868	0	.2424132	0
1280.15	0	.7571433	0	.2428567	0
1279.15	0	.7567008	0	.2432992	0
1278.15	0	.7562593	0	.2437407	0
1277.15	0	.7558187	0	.2441813	0
1276.15	0	.7553791	0	.2446209	0
1275.15	0	.7549405	0	.2450595	0
1274.15	0	.7545028	0	.2454972	0
1273.15	0	.7540661	0	.2459339	0
1272.15	0	.7536303	0	.2463697	0
1271.15	0	.7531955	0	.2468045	0
1270.15	0	.7527616	0	.2472384	0
1269.15	0	.7523287	0	.2476713	0
1268.15	0	.7518967	0	.2481033	0
1267.15	0	.7514657	0	.2485344	0
1266.15	0	.7510356	0	.2489645	0
1265.15	0	.7506064	0	.2493936	0
1264.15	0	.7501781	0	.2498219	0
1263.15	0	.7497509	0	.2502492	0
1262.15	0	.7493245	0	.2506755	0
1261.15	0	.748899	0	.251101	0
1260.15	0	.7484745	0	.2515255	0
1259.15	0	.7480509	0	.2519491	0
1258.15	0	.7476282	0	.2523718	0
1257.15	0	.7472064	0	.2527936	0
1256.15	0	.7467856	0	.2532144	0
1255.15	0	.7463656	0	.2536344	0
1254.15	0	.7459466	0	.2540534	0
1253.15	0	.7455285	0	.2544715	0
1252.15	0	.7451112	0	.2548888	0
1251.15	0	.7446949	0	.2553051	0
1250.15	0	.7442795	0	.2557205	0
1249.15	0	.7438649	0	.2561351	0
1248.15	0	.7434513	0	.2565487	0
1247.15	0	.7430385	0	.2569615	0
1246.15	0	.7426267	0	.2573733	0
1245.15	0	.7422157	0	.2577843	0
1244.15	0	.7418056	0	.2581944	0
1243.15	0	.7413964	0	.2586036	0
1242.15	0	.7409881	0	.2590119	0
1241.15	0	.7405806	0	.2594194	0
1240.15	0	.740174	0	.259826	0
1239.15	0	.7397683	0	.2602317	0
1238.15	0	.7393635	0	.2606365	0
1237.15	0	.7389595	0	.2610405	0
1236.15	0	.7385564	0	.2614436	0
1235.15	0	.7381542	0	.2618458	0
1234.15	0	.7377528	0	.2622472	0
1233.15	0	.7373523	0	.2626477	0
1232.15	0	.7369526	0	.2630474	0
1231.15	0	.7365538	0	.2634462	0
1230.15	0	.7361558	0	.2638442	0
1229.15	0	.7357587	0	.2642413	0
1228.15	0	.7353625	0	.2646375	0
1227.15	0	.734967	0	.265033	0
1226.15	0	.7345725	0	.2654275	0
1225.15	0	.7341787	0	.2658213	0
1224.15	0	.7337858	0	.2662142	0
1223.15	0	.7333938	0	.2666062	0
1222.15	0	.7330026	0	.2669975	0
1221.15	0	.7326122	0	.2673878	0
1220.15	0	.7322226	0	.2677774	0
1219.15	0	.7318339	0	.2681661	0
1218.15	0	.731446	0	.268554	0
1217.15	0	.7310589	0	.2689411	0
1216.15	0	.7306726	0	.2693274	0
1215.15	0	.7302872	0	.2697128	0
1214.15	0	.7299026	0	.2700974	0
1213.15	0	.7295187	0	.2704813	0
1212.15	0	.7291358	0	.2708642	0
1211.15	0	.7287536	0	.2712464	0
1210.15	0	.7283722	0	.2716278	0
1209.15	0	.7279916	0	.2720084	0
1208.15	0	.7276119	0	.2723881	0
1207.15	0	.7272329	0	.2727671	0
1206.15	0	.7268548	0	.2731452	0
1205.15	0	.7264774	0	.2735226	0
1204.15	0	.7261009	0	.2738992	0
1203.15	0	.7257251	0	.2742749	0
1202.15	0	.7253501	0	.2746499	0
1201.15	0	.7249759	0	.2750241	0
1200.15	0	.7246026	0	.2753974	0
1199.15	0	.72423	0	.27577	0
1198.15	0	.7238581	0	.2761419	0
1197.15	0	.7234871	0	.2765129	0
1196.15	0	.7231169	0	.2768831	0
1195.15	0	.7227474	0	.2772526	0
1194.15	0	.7223787	0	.2776213	0
1193.15	0	.7220108	0	.2779892	0
1192.15	0	.7216437	0	.2783563	0
1191.15	0	.7212773	0	.2787227	0
1190.15	0	.7209117	0	.2790883	0
1189.15	0	.7205469	0	.2794531	0
1188.15	0	.7201828	0	.2798172	0
1187.15	0	.7198195	0	.2801805	0
1186.15	0	.719457	0	.280543	0
1185.15	0	.7190952	0	.2809048	0
1184.15	0	.7187342	0	.2812658	0
1183.15	0	.718374	0	.281626	0
1182.15	0	.7180145	0	.2819855	0
1181.15	0	.7176557	0	.2823443	0
1180.15	0	.7172978	0	.2827022	0
1179.15	0	.7169405	0	.2830595	0
1178.15	0	.716584	0	.283416	0
1177.15	0	.7162283	0	.2837717	0
1176.15	0	.7158733	0	.2841267	0
1175.15	0	.715519	0	.284481	0
1174.15	0	.7151655	0	.2848345	0
1173.15	0	.7148128	0	.2851872	0
1172.15	0	.7144607	0	.2855393	0
1171.15	0	.7141095	0	.2858906	0
1170.15	0	.7137589	0	.2862411	0
1169.15	0	.7134091	0	.2865909	0
1168.15	0	.71306	0	.28694	0
1167.15	0	.7127116	0	.2872884	0
1166.15	0	.712364	0	.287636	0
1165.15	0	.7120171	0	.2879829	0
1164.15	0	.7116709	0	.2883291	0
1163.15	0	.7113255	0	.2886745	0
1162.15	0	.7109807	0	.2890193	0
1161.15	0	.7106367	0	.2893633	0
1160.15	0	.7102934	0	.2897066	0
1159.15	0	.7099508	0	.2900492	0
1158.15	0	.709609	0	.290391	0
1157.15	0	.7092678	0	.2907322	0
1156.15	0	.7089274	0	.2910726	0
1155.15	0	.7085877	0	.2914123	0
1154.15	0	.7082487	0	.2917514	0
1153.15	0	.7079103	0	.2920897	0
1152.15	0	.7075727	0	.2924273	0
1151.15	0	.7072358	0	.2927642	0
1150.15	0	.7068997	0	.2931003	0
1149.15	0	.7065642	0	.2934358	0
1148.15	0	.7062294	0	.2937706	0
1147.15	0	.7058953	0	.2941047	0
1146.15	0	.7055619	0	.2944381	0
1145.15	0	.7052292	0	.2947708	0
1144.15	0	.7048972	0	.2951028	0
1143.15	0	.7045659	0	.2954341	0
1142.15	0	.7042352	0	.2957648	0
1141.15	0	.7039053	0	.2960947	0
1140.15	0	.7035761	0	.2964239	0
1139.15	0	.7032475	0	.2967525	0
1138.15	0	.7029196	0	.2970804	0
1137.15	0	.7025924	0	.2974076	0
1136.15	0	.7022659	0	.2977341	0
1135.15	0	.7019401	0	.2980599	0
1134.15	0	.7016149	0	.2983851	0
1133.15	0	.7012905	0	.2987095	0
1132.15	0	.7009667	0	.2990333	0
1131.15	0	.7006436	0	.2993564	0
1130.15	0	.7003211	0	.2996789	0
1129.15	0	.6999993	0	.3000007	0
1128.15	0	.6996782	0	.3003218	0
1127.15	0	.6993578	0	.3006422	0
1126.15	0	.699038	0	.300962	0
1125.15	0	.6987189	0	.3012811	0
1124.15	0	.6984005	0	.3015995	0
1123.15	0	.6980827	0	.3019173	0
1122.15	0	.6977656	0	.3022344	0
1121.15	0	.6974491	0	.3025509	0
1120.15	0	.6971333	0	.3028667	0
1119.15	0	.6968182	0	.3031818	0
1118.15	0	.6965037	0	.3034963	0
1117.15	0	.6961899	0	.3038101	0
1116.15	0	.6958767	0	.3041233	0
1115.15	0	.6955642	0	.3044358	0
1114.15	0	.6952524	0	.3047477	0
1113.15	0	.6949411	0	.3050589	0
1112.15	0	.6946306	0	.3053694	0
1111.15	0	.6943207	0	.3056793	0
1110.15	0	.6940114	0	.3059886	0
1109.15	0	.6937028	0	.3062972	0
1108.15	0	.6933948	0	.3066052	0
1107.15	0	.6930874	0	.3069126	0
1106.15	0	.6927807	0	.3072193	0
1105.15	0	.6924747	0	.3075253	0
1104.15	0	.6921693	0	.3078307	0
1103.15	0	.6918645	0	.3081355	0
1102.15	0	.6915603	0	.3084397	0
1101.15	0	.6912568	0	.3087432	0
1100.15	0	.6909539	0	.3090461	0
1099.15	0	.6906517	0	.3093483	0
1098.15	0	.6903501	0	.3096499	0
1097.15	0	.6900491	0	.3099509	0
1096.15	0	.6897487	0	.3102513	0
1095.15	0	.689449	0	.310551	0
1094.15	0	.6891499	0	.3108501	0
1093.15	0	.6888514	0	.3111486	0
1092.15	0	.6885536	0	.3114464	0
1091.15	0	.6882563	0	.3117437	0
1090.15	0	.6879597	0	.3120403	0
1089.15	0	.6876637	0	.3123363	0
1088.15	0	.6873684	0	.3126316	0
1087.15	0	.6870736	0	.3129264	0
1086.15	0	.6867795	0	.3132205	0
1085.15	0	.686486	0	.313514	0
1084.15	0	.6861931	0	.3138069	0
1083.15	0	.6859008	0	.3140992	0
1082.15	0	.6856091	0	.3143909	0
1081.15	0	.685318	0	.314682	0
1080.15	0	.6850276	0	.3149724	0
1079.15	0	.6847377	0	.3152623	0
1078.15	0	.6844485	0	.3155515	0
1077.15	0	.6841599	0	.3158402	0
1076.15	0	.6838718	0	.3161282	0
1075.15	0	.6835844	0	.3164156	0
1074.15	0	.6832976	0	.3167024	0
1073.15	0	.6830114	0	.3169886	0
1072.15	0	.6827258	0	.3172743	0
1071.15	0	.6824407	0	.3175593	0
1070.15	0	.6821563	0	.3178437	0
1069.15	0	.6818725	0	.3181275	0
1068.15	0	.6815893	0	.3184107	0
1067.15	0	.6813067	0	.3186933	0
1066.15	0	.6810246	0	.3189754	0
1065.15	0	.6807432	0	.3192568	0
1064.15	0	.6804623	0	.3195377	0
1063.15	0	.6801821	0	.3198179	0
1062.15	0	.6799024	0	.3200976	0
1061.15	0	.6796234	0	.3203766	0
1060.15	0	.6793449	0	.3206551	0
1059.15	0	.679067	0	.320933	0
1058.15	0	.6787897	0	.3212103	0
1057.15	0	.678513	0	.321487	0
1056.15	0	.6782368	0	.3217632	0
1055.15	0	.6779613	0	.3220387	0
1054.15	0	.6776863	0	.3223137	0
1053.15	0	.6774119	0	.3225881	0
1052.15	0	.6771381	0	.3228619	0
1051.15	0	.6768649	0	.3231351	0
1050.15	0	.6765923	0	.3234078	0
1049.15	0	.6763202	0	.3236798	0
1048.15	0	.6760487	0	.3239513	0
1047.15	0	.6757778	0	.3242222	0
1046.15	0	.6755074	0	.3244926	0
1045.15	0	.6752377	0	.3247623	0
1044.15	0	.6749685	0	.3250315	0
1043.15	0	.6746999	0	.3253002	0
1042.15	0	.6744318	0	.3255682	0
1041.15	0	.6741643	0	.3258357	0
1040.15	0	.6738974	0	.3261026	0
1039.15	0	.6736311	0	.3263689	0
1038.15	0	.6733653	0	.3266347	0
1037.15	0	.6731001	0	.3268999	0
1036.15	0	.6728355	0	.3271645	0
1035.15	0	.6725714	0	.3274286	0
1034.15	0	.6723079	0	.3276921	0
1033.15	0	.6720449	0	.3279551	0
1032.15	0	.6717825	0	.3282175	0
1031.15	0	.6715207	0	.3284793	0
1030.15	0	.6712595	0	.3287405	0
1029.15	0	.6709988	0	.3290012	0
1028.15	0	.6707386	0	.3292614	0
1027.15	0	.670479	0	.329521	0
1026.15	0	.67022	0	.32978	0
1025.15	0	.6699615	0	.3300385	0
1024.15	0	.6697036	0	.3302964	0
1023.15	0	.6694463	0	.3305537	0
1022.15	0	.6691895	0	.3308106	0
1021.15	0	.6689332	0	.3310668	0
1020.15	0	.6686775	0	.3313225	0
1019.15	0	.6684223	0	.3315777	0
1018.15	0	.6681678	0	.3318322	0
1017.15	0	.6679137	0	.3320863	0
1016.15	0	.6676602	0	.3323398	0
1015.15	0	.6674072	0	.3325928	0
1014.15	0	.6671548	0	.3328452	0
1013.15	0	.666903	0	.333097	0
1012.15	0	.6666517	0	.3333483	0
1011.15	0	.6664009	0	.3335991	0
1010.15	0	.6661507	0	.3338493	0
1009.15	0	.665901	0	.334099	0
1008.15	0	.6656519	0	.3343481	0
1007.15	0	.6654033	0	.3345967	0
1006.15	0	.6651552	0	.3348448	0
1005.15	0	.6649077	0	.3350923	0
1004.15	0	.6646607	0	.3353393	0
1003.15	0	.6644143	0	.3355857	0
1002.15	0	.6641684	0	.3358316	0
1001.15	0	.6639231	0	.336077	0
1000.15	0	.6636782	0	.3363218	0
999.15	0	.6634339	0	.3365661	0
998.15	0	.6631902	0	.3368098	0
997.15	0	.662947	0	.337053	0
996.15	0	.6627043	0	.3372957	0
995.15	0	.6624621	0	.3375379	0
994.15	0	.6622205	0	.3377795	0
993.15	0	.6619794	0	.3380206	0
992.15	0	.6617389	0	.3382611	0
991.7708	0	.6616478	0	.3383522	0
991.7708	0	.6616478	0	.3383522	0
991.7708	0	.6616478	0	.3383522	0
991.15	0	.6611533	3.738178E-04	.3384729	0
990.15	0	.6603587	9.74615E-04	.3386667	0
989.15	0	.6595663	.001573739	.3388599	0
988.15	0	.6587763	.002171191	.3390525	0
987.15	0	.6579887	.002766976	.3392444	0
986.15	0	.6572033	.003361096	.3394356	0
985.15	0	.6564203	.003953555	.3396262	0
984.15	0	.6556395	.004544354	.3398161	0
983.15	0	.6548612	.005133498	.3400054	0
982.15	0	.6540851	.00572099	.340194	0
981.15	0	.6533113	.006306834	.3403819	0
980.15	0	.6525398	.006891032	.3405691	0
979.15	0	.6517707	.007473589	.3407557	0
978.15	0	.6510038	.008054508	.3409417	0
977.15	0	.6502393	.008633794	.3411269	0
976.15	0	.649477	.00921145	.3413115	0
975.15	0	.6487171	.009787481	.3414954	0
974.15	0	.6479594	.01036189	.3416787	0
973.15	0	.6472041	.01093468	.3418613	0
972.15	0	.646451	.01150586	.3420432	0
971.15	0	.6457002	.01207543	.3422244	0
970.15	0	.6449517	.0126434	.3424049	0
969.15	0	.6442055	.01320978	.3425848	0
968.15	0	.6434615	.01377456	.3427639	0
967.15	0	.6427198	.01433775	.3429424	0
966.15	0	.6419804	.01489936	.3431202	0
965.15	0	.6412433	.01545939	.3432973	0
964.15	0	.6405084	.01601785	.3434737	0
963.15	0	.6397758	.01657475	.3436495	0
962.15	0	.6390454	.01713009	.3438245	0
961.15	0	.6383173	.01768388	.3439988	0
960.15	0	.6375914	.01823612	.3441725	0
959.15	0	.6368678	.01878682	.3443454	0
958.15	0	.6361464	.01933599	.3445176	0
957.15	0	.6354273	.01988363	.3446891	0
956.15	0	.6347103	.02042975	.3448599	0
955.15	0	.6339956	.02097437	.34503	0
954.15	0	.6332831	.02151748	.3451994	0
953.15	0	.6325729	.0220591	.345368	0
952.15	0	.6318648	.02259923	.345536	0
951.15	0	.6311589	.02313788	.3457032	0
950.15	0	.6304553	.02367507	.3458697	0
949.15	0	.6297538	.02421079	.3460355	0
948.15	0	.6290545	.02474506	.3462005	0
947.15	0	.6283573	.02527789	.3463648	0
946.15	0	.6276624	.02580929	.3465283	0
945.15	0	.6269696	.02633926	.3466911	0
944.15	0	.626279	.02686782	.3468532	0
943.15	0	.6255905	.02739499	.3470145	0
942.15	0	.6249041	.02792076	.3471751	0
941.15	0	.6242199	.02844515	.3473349	0
940.15	0	.6235379	.02896818	.347494	0
939.15	0	.6228579	.02948984	.3476523	0
938.15	0	.62218	.03001017	.3478098	0
937.15	0	.6215043	.03052917	.3479666	0
936.15	0	.6208306	.03104684	.3481225	0
935.15	0	.620159	.03156322	.3482778	0
934.15	0	.6194895	.0320783	.3484322	0
933.15	0	.6188221	.03259211	.3485858	0
932.15	0	.6181567	.03310465	.3487387	0
931.15	0	.6174933	.03361595	.3488907	0
930.15	0	.616832	.03412601	.349042	0
929.15	0	.6161727	.03463486	.3491924	0
928.15	0	.6155154	.03514251	.3493421	0
927.15	0	.6148601	.03564897	.3494909	0
926.15	0	.6142068	.03615427	.3496389	0
925.15	0	.6135555	.03665843	.3497861	0
924.15	0	.6129061	.03716145	.3499325	0
923.15	0	.6122587	.03766336	.350078	0
922.15	0	.6116132	.03816417	.3502227	0
921.15	0	.6109696	.03866392	.3503665	0
920.15	0	.6103279	.03916261	.3505095	0
919.15	0	.6096881	.03966027	.3506517	0
918.15	0	.6090502	.04015692	.3507929	0
917.15	0	.6084141	.04065258	.3509334	0
916.15	0	.6077798	.04114728	.3510729	0
915.15	0	.6071474	.04164104	.3512116	0
914.15	0	.6065168	.04213387	.3513493	0
913.15	0	.605888	.04262582	.3514862	0
912.15	0	.6052609	.04311689	.3516222	0
911.15	0	.6046356	.04360712	.3517573	0
910.15	0	.604012	.04409654	.3518915	0
909.15	0	.6033901	.04458517	.3520247	0
908.15	0	.6027699	.04507304	.352157	0
907.15	0	.6021514	.04556018	.3522884	0
906.15	0	.6015345	.04604662	.3524189	0
905.15	0	.6009192	.04653238	.3525484	0
904.15	0	.6003056	.04701751	.3526769	0
903.15	0	.5996935	.04750203	.3528045	0
902.15	0	.5990829	.04798599	.3529311	0
901.15	0	.5984738	.0484694	.3530568	0
900.15	0	.5978663	.0489523	.3531814	0
899.15	0	.5972602	.04943474	.353305	0
898.15	0	.5966556	.04991675	.3534277	0
897.15	0	.5960523	.05039837	.3535493	0
896.15	0	.5954505	.05087964	.3536699	0
895.15	0	.5948499	.0513606	.3537895	0
894.15	0	.5942507	.05184129	.353908	0
893.15	0	.5936528	.05232175	.3540255	0
892.15	0	.5930561	.05280203	.3541418	0
891.15	0	.5924607	.05328217	.3542572	0
890.15	0	.5918664	.05376222	.3543714	0
889.15	0	.5912732	.05424223	.3544846	0
888.15	0	.5906812	.05472225	.3545966	0
887.15	0	.5900902	.05520232	.3547075	0
886.15	0	.5895002	.05568251	.3548173	0
885.15	0	.5889112	.05616286	.3549259	0
884.15	0	.5883232	.05664344	.3550334	0
883.15	0	.587736	.05712429	.3551397	0
882.15	0	.5871497	.05760548	.3552449	0
881.15	0	.5865641	.05808706	.3553488	0
880.15	0	.5859794	.05856911	.3554515	0
879.15	0	.5853953	.05905169	.355553	0
878.15	0	.5848119	.05953485	.3556533	0
877.15	0	.584229	.06001868	.3557523	0
876.15	0	.5836467	.06050324	.35585	0
875.15	0	.5830649	.0609886	.3559465	0
874.15	0	.5824835	.06147485	.3560416	0
873.15	0	.5819025	.06196205	.3561355	0
872.15	0	.5813218	.0624503	.356228	0
871.15	0	.5807412	.06293966	.3563191	0
870.15	0	.5801609	.06343024	.3564089	0
869.15	0	.5795806	.06392211	.3564973	0
868.15	0	.5790004	.06441537	.3565842	0
867.15	0	.5784201	.06491012	.3566698	0
866.15	0	.5778397	.06540645	.3567538	0
865.15	0	.5772591	.06590446	.3568364	0
864.15	0	.5766782	.06640427	.3569176	0
863.15	0	.5760969	.06690597	.3569971	0
862.15	0	.5755151	.06740969	.3570752	0
861.15	0	.5749328	.06791553	.3571517	0
860.15	0	.5743498	.06842363	.3572265	0
859.15	0	.5737661	.06893411	.3572998	0
858.15	0	.5731815	.0694471	.3573714	0
857.15	0	.5725959	.06996274	.3574413	0
856.15	0	.5720093	.07048116	.3575096	0
855.15	0	.5714214	.07100253	.357576	0
854.15	0	.5708323	.07152698	.3576408	0
853.15	0	.5702417	.07205469	.3577037	0
852.15	0	.5696495	.07258582	.3577647	0
851.15	0	.5690556	.07312055	.3578239	0
850.15	0	.5684598	.07365905	.3578812	0
849.15	0	.567862	.07420152	.3579365	0
848.15	0	.567262	.07474816	.3579898	0
847.15	0	.5666598	.07529918	.3580411	0
846.15	0	.566055	.0758548	.3580902	0
845.15	0	.5654475	.07641524	.3581373	0
844.15	0	.5648371	.07698076	.3581821	0
843.15	0	.5642237	.0775516	.3582247	0
842.15	0	.5636069	.07812803	.3582651	0
841.15	0	.5629867	.07871033	.358303	0
840.15	0	.5623626	.07929881	.3583386	0
839.15	0	.5617346	.07989378	.3583716	0
838.15	0	.5611023	.08049556	.3584021	0
837.15	0	.5604655	.08110452	.35843	0
836.15	0	.5598239	.08172102	.3584551	0
835.15	0	.559177	.08234546	.3584775	0
834.15	0	.5585247	.08297826	.358497	0
833.15	0	.5578666	.08361988	.3585135	0
832.15	0	.5572022	.08427079	.358527	0
831.15	0	.5565313	.08493152	.3585372	0
830.15	0	.5558532	.0856026	.3585442	0
829.15	0	.5551676	.08628462	.3585478	0
828.15	0	.554474	.08697824	.3585478	0
827.15	0	.5537718	.08768413	.358544	0
826.15	0	.5530605	.08840303	.3585365	0
825.15	0	.5523394	.08913574	.3585249	0
824.15	0	.5516077	.08988315	.3585091	0
823.15	0	.5508649	.09064619	.358489	0
822.15	0	.5501099	.09142591	.3584642	0
821.15	0	.5491782	.09241568	.3584061	0
820.15	0	.5479165	.09379688	.3582866	0
819.15	0	.546709	.09511941	.3581716	0
818.15	0	.545552	.09638715	.3580609	0
817.15	0	.5444422	.09760364	.3579541	0
816.15	0	.5433767	.09877214	.3578511	0
815.15	0	.5423527	.0998956	.3577516	0
814.15	0	.5413678	.1009768	.3576555	0
813.15	0	.5404195	.1020181	.3575624	0
812.15	0	.5395057	.103022	.3574723	0
811.15	0	.5386245	.1039906	.3573849	0
810.15	0	.5377741	.1049258	.3573001	0
809.15	0	.5369528	.1058294	.3572178	0
808.15	0	.536159	.1067032	.3571378	0
807.15	0	.5353913	.1075487	.35706	0
806.15	0	.5346483	.1083674	.3569843	0
805.15	0	.5339289	.1091606	.3569106	0
804.15	0	.5332317	.1099296	.3568387	0
803.15	0	.5325558	.1106757	.3567686	0
802.15	0	.5319001	.1113998	.3567001	0
801.15	0	.5312636	.1121031	.3566333	0
800.15	0	.5306456	.1127865	.3565679	0
799.15	0	.530045	.113451	.356504	0
798.15	0	.5294612	.1140973	.3564415	0
797.15	0	.5288934	.1147264	.3563802	0
796.15	0	.5283409	.1153389	.3563202	0
795.15	0	.527803	.1159356	.3562614	0
794.15	0	.5272791	.1165172	.3562037	0
793.15	0	.5267687	.1170843	.356147	0
792.15	0	.5262712	.1176375	.3560914	0
791.15	0	.525786	.1181773	.3560367	0
790.15	0	.5253127	.1187044	.355983	0
789.15	0	.5248508	.1192191	.3559301	0
788.15	0	.5243998	.1197221	.3558781	0
787.15	0	.5239594	.1202138	.3558269	0
786.15	0	.523529	.1206945	.3557764	0
785.15	0	.5231084	.1211648	.3557267	0
784.15	0	.5226972	.121625	.3556777	0
783.15	0	.522295	.1220755	.3556294	0
782.15	0	.5219016	.1225167	.3555817	0
781.15	0	.5215165	.1229488	.3555347	0
780.15	0	.5211395	.1233723	.3554882	0
779.15	0	.5207703	.1237874	.3554423	0
778.15	0	.5204087	.1241944	.3553969	0
777.15	0	.5200543	.1245936	.3553521	0
776.15	0	.519707	.1249853	.3553077	0
775.15	0	.5193664	.1253697	.3552638	0
774.15	0	.5190325	.1257471	.3552204	0
773.15	0	.5187048	.1261178	.3551774	0
772.15	0	.5183834	.1264818	.3551348	0
771.15	0	.5180691	.1268385	.3550924	0
770.15	0	.5177592	.1271902	.3550506	0
769.15	0	.5174549	.1275359	.3550092	0
768.15	0	.517156	.1278758	.3549682	0
767.15	0	.5168623	.1282102	.3549275	0
766.15	0	.5165737	.1285392	.3548871	0
765.15	0	.51629	.128863	.3548471	0
764.15	0	.5160111	.1291816	.3548073	0
763.15	0	.5157368	.1294954	.3547678	0
762.15	0	.515467	.1298044	.3547286	0
761.15	0	.5152015	.1301088	.3546897	0
760.15	0	.5149403	.1304087	.354651	0
759.15	0	.5146832	.1307042	.3546126	0
758.15	0	.5144301	.1309956	.3545744	0
757.15	0	.5141808	.1312828	.3545364	0
756.15	0	.5139353	.131566	.3544987	0
755.15	0	.5136935	.1318454	.3544611	0
754.15	0	.5134553	.132121	.3544237	0
753.15	0	.5132205	.132393	.3543866	0
752.15	0	.512989	.1326614	.3543496	0
751.15	0	.5127609	.1329263	.3543128	0
750.15	0	.5125359	.1331879	.3542762	0
749.15	0	.5123141	.1334462	.3542397	0
748.15	0	.5120952	.1337014	.3542034	0
747.15	0	.5118793	.1339534	.3541672	0
746.15	0	.5116663	.1342025	.3541312	0
745.15	0	.5114561	.1344486	.3540953	0
744.15	0	.5112486	.1346918	.3540595	0
743.15	0	.5110438	.1349323	.3540239	0
742.15	0	.5108415	.1351701	.3539884	0
741.15	0	.5106418	.1354052	.353953	0
740.15	0	.5104445	.1356377	.3539178	0
739.15	0	.5102497	.1358677	.3538826	0
738.15	0	.5100572	.1360953	.3538475	0
737.15	0	.509867	.1363205	.3538125	0
736.15	0	.509679	.1365434	.3537777	0
735.15	0	.5094932	.136764	.3537429	0
734.15	0	.5093095	.1369823	.3537082	0
733.15	0	.5091279	.1371986	.3536736	0
732.15	0	.5089483	.1374126	.353639	0
731.15	0	.5087707	.1376247	.3536046	0
730.15	0	.5085951	.1378347	.3535702	0
729.15	0	.5084214	.1380428	.3535359	0
728.15	0	.5082495	.1382489	.3535016	0
727.15	0	.5080794	.1384531	.3534674	0
726.15	0	.5079111	.1386556	.3534333	0
725.15	0	.5077446	.1388562	.3533993	0
724.15	0	.5075797	.1390551	.3533652	0
723.15	0	.5074165	.1392522	.3533313	0
722.15	0	.5072549	.1394477	.3532974	0
721.15	0	.507095	.1396415	.3532635	0
720.15	0	.5069365	.1398338	.3532297	0
719.15	0	.5067796	.1400244	.3531959	0
718.15	0	.5066242	.1402136	.3531622	0
717.15	0	.5064703	.1404012	.3531285	0
716.15	0	.5063178	.1405873	.3530949	0
715.15	0	.5061667	.1407721	.3530613	0
714.15	0	.506017	.1409554	.3530277	0
713.15	0	.5058686	.1411373	.3529941	0
712.15	0	.5057216	.1413178	.3529606	0
711.15	0	.5055758	.1414971	.3529271	0
710.15	0	.5054314	.141675	.3528937	0
709.15	0	.5052881	.1418516	.3528602	0
708.15	0	.5051461	.1420271	.3528268	0
707.15	0	.5050053	.1422013	.3527934	0
706.15	0	.5048657	.1423742	.3527601	0
705.15	0	.5047272	.142546	.3527267	0
704.15	0	.5045899	.1427167	.3526934	0
703.15	0	.5044537	.1428862	.3526601	0
702.15	0	.5043186	.1430546	.3526268	0
701.15	0	.5041845	.1432219	.3525935	0
700.15	0	.5040516	.1433882	.3525603	0
699.15	0	.5039196	.1435534	.352527	0
698.15	0	.5037887	.1437175	.3524938	0
697.15	0	.5036587	.1438807	.3524606	0
696.15	0	.5035298	.1440428	.3524274	0
695.15	0	.5034018	.144204	.3523942	0
694.15	0	.5032748	.1443642	.352361	0
693.15	0	.5031487	.1445235	.3523278	0
692.15	0	.5030235	.1446818	.3522947	0
691.15	0	.5028992	.1448393	.3522615	0
690.15	0	.5027758	.1449958	.3522284	0
689.15	0	.5026533	.1451515	.3521952	0
688.15	0	.5025317	.1453063	.3521621	0
687.15	0	.5024109	.1454602	.3521289	0
686.15	0	.5022909	.1456133	.3520958	0
685.15	0	.5021717	.1457656	.3520627	0
684.15	0	.5020534	.1459171	.3520296	0
683.15	0	.5019358	.1460678	.3519965	0
682.15	0	.501819	.1462176	.3519633	0
681.15	0	.501703	.1463668	.3519302	0
680.15	0	.5015878	.1465151	.3518971	0
679.15	0	.5014732	.1466627	.351864	0
678.15	0	.5013595	.1468096	.3518309	0
677.15	0	.5012464	.1469558	.3517978	0
676.15	0	.5011341	.1471012	.3517647	0
675.15	0	.5010225	.147246	.3517316	0
674.15	0	.5009115	.14739	.3516985	0
673.15	0	.5008013	.1475334	.3516654	0
672.15	0	.5006917	.147676	.3516323	0
671.15	0	.5005827	.1478181	.3515992	0
670.15	0	.5004745	.1479594	.3515661	0
669.15	0	.5003669	.1481002	.351533	0
668.15	0	.5002599	.1482403	.3514999	0
667.15	0	.5001535	.1483797	.3514668	0
666.15	0	.5000478	.1485186	.3514337	0
665.15	0	.4999426	.1486568	.3514006	0
664.15	0	.4998381	.1487945	.3513675	0
663.15	0	.4997342	.1489315	.3513343	0
662.15	0	.4996308	.149068	.3513012	0
661.15	0	.499528	.1492039	.3512681	0
660.15	0	.4994258	.1493392	.351235	0
659.15	0	.4993242	.1494739	.3512019	0
658.15	0	.4992231	.1496081	.3511688	0
657.15	0	.4991226	.1497418	.3511357	0
656.15	0	.4990226	.1498749	.3511025	0
655.15	0	.4989231	.1500075	.3510694	0
654.15	0	.4988242	.1501395	.3510363	0
653.15	0	.4987258	.150271	.3510032	0
652.15	0	.4986279	.150402	.3509701	0
651.15	0	.4985305	.1505325	.3509369	0
650.15	0	.4984337	.1506625	.3509038	0
649.15	0	.4983373	.150792	.3508707	0
648.15	0	.4982414	.150921	.3508376	0
647.15	0	.498146	.1510495	.3508044	0
646.15	0	.4980511	.1511776	.3507713	0
645.15	0	.4979567	.1513051	.3507382	0
644.15	0	.4978627	.1514322	.3507051	0
643.15	0	.4977692	.1515589	.3506719	0
642.15	0	.4976762	.151685	.3506388	0
641.15	0	.4975836	.1518107	.3506057	0
640.15	0	.4974915	.151936	.3505726	0
639.15	0	.4973998	.1520608	.3505395	0
638.15	0	.4973085	.1521852	.3505063	0
637.15	0	.4972177	.1523091	.3504732	0
636.15	0	.4971273	.1524326	.3504401	0
635.15	0	.4970374	.1525557	.350407	0
634.15	0	.4969478	.1526783	.3503738	0
633.15	0	.4968587	.1528005	.3503407	0
632.15	0	.49677	.1529224	.3503076	0
631.15	0	.4966817	.1530438	.3502745	0
630.15	0	.4965938	.1531647	.3502414	0
629.15	0	.4965064	.1532853	.3502083	0
628.15	0	.4964193	.1534055	.3501752	0
627.15	0	.4963326	.1535253	.3501421	0
626.15	0	.4962463	.1536447	.350109	0
625.15	0	.4961604	.1537637	.350076	0
624.15	0	.4960748	.1538823	.3500429	0
623.15	0	.4959897	.1540005	.3500098	0
622.15	0	.4959049	.1541184	.3499767	0
621.15	0	.4958205	.1542358	.3499437	0
620.15	0	.4957365	.1543529	.3499106	0
619.15	0	.4956528	.1544697	.3498776	0
618.15	0	.4955695	.154586	.3498445	0
617.15	0	.4954865	.154702	.3498115	0
616.15	0	.4954039	.1548176	.3497785	0
615.15	0	.4953217	.1549329	.3497454	0
614.15	0	.4952398	.1550478	.3497124	0
613.15	0	.4951583	.1551623	.3496794	0
612.15	0	.4950771	.1552765	.3496464	0
611.15	0	.4949962	.1553904	.3496134	0
610.15	0	.4949157	.1555039	.3495804	0
609.15	0	.4948355	.155617	.3495475	0
608.15	0	.4947557	.1557298	.3495145	0
607.15	0	.4946761	.1558423	.3494816	0
606.15	0	.4945969	.1559544	.3494486	0
605.15	0	.4945181	.1560662	.3494157	0
604.15	0	.4944395	.1561777	.3493828	0
603.15	0	.4943613	.1562888	.3493499	0
602.15	0	.4942834	.1563996	.349317	0
601.15	0	.4942058	.1565101	.3492841	0
600.15	0	.4941285	.1566202	.3492512	0
599.15	0	.4940516	.1567301	.3492184	0
598.15	0	.4939749	.1568396	.3491856	0
597.15	0	.4938985	.1569487	.3491527	0
596.15	0	.4938225	.1570576	.3491199	0
595.15	0	.4937467	.1571661	.3490871	0
594.15	0	.4936713	.1572744	.3490544	0
593.15	0	.4935961	.1573823	.3490216	0
592.15	0	.4935213	.1574899	.3489889	0
591.15	0	.4934467	.1575972	.3489561	0
590.15	0	.4933725	.1577041	.3489234	0
589.15	0	.4932985	.1578108	.3488907	0
588.15	0	.4932248	.1579172	.3488581	0
587.15	0	.4931514	.1580232	.3488254	0
586.15	0	.4930783	.158129	.3487928	0
585.15	0	.4930054	.1582345	.3487602	0
584.15	0	.4929329	.1583396	.3487275	0
583.15	0	.4928606	.1584445	.348695	0
582.15	0	.4927886	.158549	.3486624	0
581.15	0	.4927168	.1586533	.3486299	0
580.15	0	.4926454	.1587573	.3485974	0
579.15	0	.4925742	.1588609	.3485649	0
578.15	0	.4925033	.1589643	.3485324	0
577.15	0	.4924326	.1590674	.3485	0
576.15	0	.4923623	.1591702	.3484676	0
575.15	0	.4922921	.1592727	.3484352	0
574.15	0	.4922223	.1593749	.3484028	0
573.15	0	.4921527	.1594769	.3483704	0
572.15	0	.4920834	.1595785	.3483381	0
571.15	0	.4920143	.1596799	.3483058	0
570.15	0	.4919455	.159781	.3482735	0
569.15	0	.4918769	.1598818	.3482413	0
568.15	0	.4918087	.1599823	.3482091	0
567.15	0	.4917406	.1600825	.3481769	0
566.15	0	.4916728	.1601824	.3481447	0
565.15	0	.4916053	.1602821	.3481126	0
564.15	0	.491538	.1603815	.3480805	0
563.15	0	.491471	.1604806	.3480484	0
562.15	0	.4914042	.1605794	.3480164	0
561.15	0	.4913376	.160678	.3479844	0
560.15	0	.4912713	.1607763	.3479524	0
559.15	0	.4912053	.1608743	.3479204	0
558.15	0	.4911395	.160972	.3478885	0
557.15	0	.4910739	.1610695	.3478566	0
556.15	0	.4910086	.1611667	.3478248	0
555.15	0	.4909435	.1612636	.347793	0
554.15	0	.4908786	.1613602	.3477612	0
553.15	0	.490814	.1614566	.3477294	0
552.15	0	.4907496	.1615527	.3476977	0
551.15	0	.4906855	.1616485	.347666	0
550.15	0	.4906216	.161744	.3476344	0
549.15	0	.4905579	.1618393	.3476028	0
548.15	0	.4904945	.1619343	.3475712	0
547.15	0	.4904313	.1620291	.3475396	0
546.15	0	.4903683	.1621236	.3475081	0
545.15	0	.4903055	.1622178	.3474767	0
544.15	0	.490243	.1623117	.3474452	0
543.15	0	.4901807	.1624054	.3474139	0
542.15	0	.4901187	.1624988	.3473825	0
541.15	0	.4900568	.162592	.3473512	0
540.15	0	.4899952	.1626848	.3473199	0
539.15	0	.4899338	.1627775	.3472887	0
538.15	0	.4898727	.1628698	.3472575	0
537.15	0	.4898117	.1629619	.3472264	0
536.15	0	.489751	.1630537	.3471953	0
535.15	0	.4896905	.1631453	.3471642	0
534.15	0	.4896302	.1632366	.3471332	0
533.15	0	.4895701	.1633276	.3471023	0
532.15	0	.4895103	.1634184	.3470713	0
531.15	0	.4894506	.1635089	.3470404	0
530.15	0	.4893912	.1635992	.3470096	0
529.15	0	.489332	.1636892	.3469788	0
528.15	0	.489273	.1637789	.3469481	0
527.15	0	.4892143	.1638684	.3469174	0
526.15	0	.4891557	.1639576	.3468867	0
525.15	0	.4890974	.1640465	.3468561	0
524.15	0	.4890392	.1641352	.3468256	0
523.15	0	.4889813	.1642236	.3467951	0
522.15	0	.4889236	.1643118	.3467646	0
521.15	0	.4888661	.1643997	.3467342	0
520.15	0	.4888088	.1644874	.3467038	0
519.15	0	.4887517	.1645747	.3466735	0
518.15	0	.4886949	.1646619	.3466433	0
517.15	0	.4886382	.1647487	.3466131	0
516.15	0	.4885818	.1648353	.3465828	0
515.15	0	.4885256	.1649217	.3465527	0
514.15	0	.4884695	.1650078	.3465227	0
513.15	0	.4884137	.1650936	.3464927	0
512.15	0	.488358	.1651792	.3464627	0
511.15	0	.4883026	.1652645	.3464329	0
510.15	0	.4882474	.1653496	.346403	0
509.15	0	.4881924	.1654344	.3463732	0
508.15	0	.4881375	.1655189	.3463435	0
507.15	0	.4880829	.1656032	.3463139	0
506.15	0	.4880285	.1656873	.3462842	0
505.15	0	.4879743	.165771	.3462547	0
504.15	0	.4879203	.1658546	.3462252	0
503.15	0	.4878664	.1659378	.3461958	0
502.15	0	.4878128	.1660208	.3461664	0
501.15	0	.4877594	.1661036	.3461371	0
500.15	0	.4877062	.1661861	.3461078	0
499.15	0	.4876531	.1662683	.3460786	0
498.15	0	.4876003	.1663503	.3460494	0
497.15	0	.4875477	.166432	.3460204	0
496.15	0	.4874952	.1665134	.3459913	0
495.15	0	.487443	.1665946	.3459624	0
494.15	0	.4873909	.1666756	.3459335	0
493.15	0	.4873391	.1667563	.3459047	0
492.15	0	.4872874	.1668367	.3458759	0
491.15	0	.487236	.1669169	.3458472	0
490.15	0	.4871847	.1669968	.3458185	0
489.15	0	.4871336	.1670765	.34579	0
488.15	0	.4870827	.1671559	.3457614	0
487.15	0	.487032	.167235	.345733	0
486.15	0	.4869815	.1673139	.3457046	0
485.15	0	.4869312	.1673925	.3456763	0
484.15	0	.4868811	.1674709	.345648	0
483.15	0	.4868311	.167549	.3456198	0
482.15	0	.4867814	.1676269	.3455917	0
481.15	0	.4867318	.1677045	.3455637	0
480.15	0	.4866825	.1677819	.3455357	0
479.15	0	.4866333	.167859	.3455078	0
478.15	0	.4865843	.1679358	.3454799	0
477.15	0	.4865355	.1680124	.3454522	0
476.15	0	.4864869	.1680887	.3454245	0
475.15	0	.4864384	.1681648	.3453968	0
474.15	0	.4863902	.1682406	.3453693	0
473.15	0	.4863421	.1683161	.3453418	0
472.15	0	.4862942	.1683914	.3453143	0
471.15	0	.4862465	.1684665	.345287	0
470.15	0	.4861991	.1685412	.3452597	0
469.15	0	.4861517	.1686158	.3452325	0
468.15	0	.4861046	.16869	.3452054	0
467.15	0	.4860576	.168764	.3451783	0
466.15	0	.4860109	.1688378	.3451514	0
465.15	0	.4859643	.1689113	.3451244	0
464.15	0	.4859179	.1689845	.3450976	0
463.15	0	.4858716	.1690575	.3450709	0
462.15	0	.4858256	.1691302	.3450442	0
461.15	0	.4857797	.1692027	.3450176	0
460.15	0	.4857341	.1692749	.344991	0
459.15	0	.4856886	.1693469	.3449646	0
458.15	0	.4856432	.1694186	.3449382	0
457.15	0	.4855981	.16949	.3449119	0
456.15	0	.4855531	.1695612	.3448857	0
455.15	0	.4855084	.1696321	.3448596	0
454.15	0	.4854638	.1697028	.3448335	0
453.15	0	.4854193	.1697732	.3448075	0
452.15	0	.4853751	.1698433	.3447816	0
451.15	0	.485331	.1699132	.3447558	0
450.15	0	.4852871	.1699828	.34473	0
449.15	0	.4852434	.1700522	.3447044	0
448.15	0	.4851999	.1701213	.3446788	0
447.15	0	.4851566	.1701901	.3446533	0
446.15	0	.4851135	.1702586	.344628	0
445.15	0	.4850705	.1703268	.3446026	0
444.15	0	.4850278	.1703948	.3445774	0
443.15	0	.4849852	.1704625	.3445523	0
442.15	0	.4849428	.1705299	.3445273	0
441.15	0	.4849006	.1705971	.3445023	0
440.15	0	.4848586	.1706639	.3444775	0
439.15	0	.4848168	.1707305	.3444527	0
438.15	0	.4847752	.1707967	.3444281	0
437.15	0	.4847338	.1708627	.3444035	0
436.15	0	.4846927	.1709283	.344379	0
435.15	0	.4846517	.1709937	.3443547	0
434.15	0	.4846109	.1710587	.3443304	0
433.15	0	.4845703	.1711234	.3443063	0
432.15	0	.4845299	.1711879	.3442822	0
431.15	0	.4844898	.171252	.3442583	0
430.15	0	.4844498	.1713158	.3442344	0
429.15	0	.48441	.1713793	.3442107	0
428.15	0	.4843705	.1714424	.344187	0
427.15	0	.4843312	.1715053	.3441635	0
426.15	0	.4842921	.1715678	.3441401	0
425.15	0	.4842531	.1716301	.3441168	0
424.15	0	.4842144	.1716919	.3440936	0
423.15	0	.484176	.1717535	.3440705	0
422.15	0	.4841377	.1718148	.3440476	0
421.15	0	.4840996	.1718757	.3440247	0
420.15	0	.4840617	.1719363	.3440019	0
419.15	0	.4840241	.1719966	.3439793	0
418.15	0	.4839867	.1720566	.3439568	0
417.15	0	.4839494	.1721162	.3439344	0
416.15	0	.4839124	.1721755	.3439121	0
415.15	0	.4838756	.1722345	.3438899	0
414.15	0	.483839	.1722932	.3438678	0
413.15	0	.4838026	.1723516	.3438458	0
412.15	0	.4837664	.1724096	.343824	0
411.15	0	.4837305	.1724673	.3438023	0
410.15	0	.4836947	.1725247	.3437806	0
409.15	0	.4836591	.1725817	.3437591	0
408.15	0	.4836238	.1726385	.3437378	0
407.15	0	.4835886	.1726949	.3437165	0
406.15	0	.4835537	.172751	.3436953	0
405.15	0	.4835189	.1728068	.3436743	0
404.15	0	.4834844	.1728623	.3436534	0
403.15	0	.48345	.1729174	.3436325	0
402.15	0	.4834159	.1729723	.3436118	0
401.15	0	.4833819	.1730268	.3435913	0
400.15	0	.4833482	.173081	.3435708	0
399.15	0	.4833146	.1731349	.3435504	0
398.15	0	.4832813	.1731885	.3435302	0
397.15	0	.4832481	.1732418	.3435101	0
396.15	0	.4832152	.1732948	.3434901	0
395.15	0	.4831824	.1733475	.3434702	0
394.15	0	.4831498	.1733998	.3434504	0
393.15	0	.4831174	.1734519	.3434307	0
392.15	0	.4830852	.1735037	.3434112	0
391.15	0	.4830532	.1735551	.3433917	0
390.15	0	.4830213	.1736063	.3433724	0
389.15	0	.4829897	.1736572	.3433532	0
388.15	0	.4829582	.1737077	.3433341	0
387.15	0	.4829269	.173758	.3433151	0
386.15	0	.4828958	.173808	.3432962	0
385.15	0	.4828649	.1738577	.3432774	0
384.15	0	.4828341	.1739071	.3432588	0
383.15	0	.4828035	.1739562	.3432402	0
382.15	0	.4827731	.1740051	.3432218	0
381.15	0	.4827429	.1740536	.3432035	0
380.15	0	.4827128	.1741019	.3431853	0
379.15	0	.4826829	.1741499	.3431672	0
378.15	0	.4826532	.1741976	.3431492	0
377.15	0	.4826236	.1742451	.3431313	0
376.15	0	.4825942	.1742923	.3431135	0
375.15	0	.482565	.1743392	.3430958	0
374.15	0	.4825359	.1743858	.3430783	0
373.15	0	.482507	.1744322	.3430608	0
372.15	0	.4824782	.1744783	.3430434	0
371.15	0	.4824496	.1745242	.3430262	0
370.15	0	.4824212	.1745698	.3430091	0
369.15	0	.4823929	.1746151	.342992	0
368.15	0	.4823648	.1746602	.3429751	0
367.15	0	.4823367	.174705	.3429583	0
366.7875	0	.4823266	.1747212	.3429522	0
366.7875	0	.4823266	.1747212	.3429522	0
366.7875	0	.4823266	.1747212	.3429522	0
366.15	0	.4824204	.1744776	.342808	2.9397E-04
365.15	0	.4825674	.1740956	.3425822	7.547483E-04
364.15	0	.4827143	.1737139	.3423567	.001215082
363.15	0	.482861	.1733324	.3421316	.001674976
362.15	0	.4830075	.1729512	.3419068	.002134431
361.15	0	.483154	.1725702	.3416824	.002593452
360.15	0	.4833003	.1721894	.3414583	.003052042
