T	 BPW(LIQUID)	BPW(BCC_A2)	BPW(FCC_A1)	BPW(LAVES_PHASE_C14)	BPW(NI3TI)
1473.15	.2974406	.5239709	0	.1785885	0
1472.15	.2915934	.5278423	0	.1805643	0
1471.15	.2858547	.5316378	0	.1825075	0
1470.15	.2802215	.5353594	0	.1844192	0
1469.15	.2746909	.539009	0	.1863001	0
1468.15	.2692604	.5425886	0	.188151	0
1467.15	.2639271	.5461	0	.1899729	0
1466.15	.2586886	.5495449	0	.1917665	0
1465.15	.2535425	.552925	0	.1935325	0
1464.15	.2484863	.556242	0	.1952717	0
1463.15	.2435177	.5594975	0	.1969848	0
1462.15	.2386346	.562693	0	.1986724	0
1461.15	.2338347	.5658301	0	.2003353	0
1460.15	.2291159	.56891	0	.201974	0
1459.15	.2244764	.5719344	0	.2035892	0
1458.15	.219914	.5749044	0	.2051815	0
1457.15	.215427	.5778215	0	.2067515	0
1456.15	.2110135	.5806868	0	.2082997	0
1455.15	.2066717	.5835017	0	.2098266	0
1454.15	.2023999	.5862673	0	.2113329	0
1453.15	.1981964	.5889847	0	.2128189	0
1452.15	.1940596	.5916552	0	.2142852	0
1451.15	.189988	.5942797	0	.2157322	0
1450.15	.18598	.5968594	0	.2171606	0
1449.15	.1820342	.5993953	0	.2185705	0
1448.15	.1781491	.6018883	0	.2199626	0
1447.15	.1743233	.6043395	0	.2213372	0
1446.15	.1705556	.6067497	0	.2226948	0
1445.15	.1668445	.6091199	0	.2240357	0
1444.15	.1631888	.611451	0	.2253603	0
1443.15	.1595873	.6137437	0	.226669	0
1442.15	.1560388	.6159991	0	.2279621	0
1441.15	.1525421	.6182178	0	.2292401	0
1440.15	.1490961	.6204007	0	.2305032	0
1439.15	.1456997	.6225486	0	.2317518	0
1438.15	.1423517	.6246621	0	.2329862	0
1437.15	.1390513	.626742	0	.2342067	0
1436.15	.1357973	.6287891	0	.2354136	0
1435.15	.1325888	.6308039	0	.2366073	0
1434.15	.1294248	.6327872	0	.237788	0
1433.15	.1263044	.6347397	0	.2389559	0
1432.15	.1232267	.6366619	0	.2401115	0
1431.15	.1201907	.6385545	0	.2412548	0
1430.15	.1171957	.640418	0	.2423862	0
1429.15	.1142408	.6422532	0	.243506	0
1428.15	.1113252	.6440604	0	.2446143	0
1427.15	.1084481	.6458404	0	.2457115	0
1426.15	.1056087	.6475936	0	.2467977	0
1425.15	.1028063	.6493206	0	.2478732	0
1424.15	.10004	.6510218	0	.2489381	0
1423.15	.09730933	.6526979	0	.2499928	0
1422.15	.09461344	.6543492	0	.2510374	0
1421.15	.09195169	.6559763	0	.2520721	0
1420.15	.0893234	.6575795	0	.2530971	0
1419.15	.08672794	.6591595	0	.2541126	0
1418.15	.08416468	.6607166	0	.2551188	0
1417.15	.08163299	.6622512	0	.2561158	0
1416.15	.07913227	.6637638	0	.257104	0
1415.15	.07666194	.6652548	0	.2580833	0
1414.15	.07422144	.6667245	0	.259054	0
1413.15	.07181019	.6681735	0	.2600163	0
1412.15	.06942766	.669602	0	.2609704	0
1411.15	.06707331	.6710104	0	.2619163	0
1410.15	.06474663	.6723992	0	.2628542	0
1409.15	.0624471	.6737686	0	.2637843	0
1408.15	.06017423	.675119	0	.2647067	0
1407.15	.05792754	.6764508	0	.2656217	0
1406.15	.05570655	.6777643	0	.2665292	0
1405.15	.0535108	.6790598	0	.2674294	0
1404.15	.05133985	.6803376	0	.2683226	0
1403.15	.04919324	.6815981	0	.2692087	0
1402.15	.04707055	.6828415	0	.270088	0
1401.15	.04497136	.6840681	0	.2709605	0
1400.15	.04289525	.6852783	0	.2718264	0
1399.15	.04084183	.6864724	0	.2726858	0
1398.15	.03881069	.6876505	0	.2735388	0
1397.15	.03680145	.688813	0	.2743856	0
1396.15	.03481374	.6899601	0	.2752261	0
1395.15	.03284719	.6910922	0	.2760606	0
1394.15	.03090143	.6922094	0	.2768892	0
1393.15	.02897611	.693312	0	.2777119	0
1392.15	.02707089	.6944003	0	.2785288	0
1391.15	.02518543	.6954744	0	.2793401	0
1390.15	.0233194	.6965347	0	.2801459	0
1389.15	.02147248	.6975814	0	.2809461	0
1388.15	.01964434	.6986146	0	.281741	0
1387.15	.01783469	.6996347	0	.2825306	0
1386.15	.0160432	.7006417	0	.2833151	0
1385.15	.01426959	.701636	0	.2840944	0
1384.15	.01251357	.7026178	0	.2848687	0
1383.15	.01077485	.7035872	0	.285638	0
1382.15	.009053148	.7045444	0	.2864025	0
1381.15	.007348193	.7054896	0	.2871622	0
1380.15	.005659717	.7064231	0	.2879172	0
1379.15	.003987455	.707345	0	.2886676	0
1378.15	.002331152	.7082555	0	.2894134	0
1377.15	6.905535E-04	.7091548	0	.2901547	0
1376.726	0	.7095325	0	.2904675	0
1376.726	0	.7095325	0	.2904675	0
1376.15	0	.7092589	0	.2907411	0
1375.15	0	.708785	0	.291215	0
1374.15	0	.7083123	0	.2916877	0
1373.15	0	.7078406	0	.2921594	0
1372.15	0	.7073701	0	.2926299	0
1371.15	0	.7069007	0	.2930993	0
1370.15	0	.7064324	0	.2935676	0
1369.15	0	.7059652	0	.2940348	0
1368.15	0	.7054991	0	.2945009	0
1367.15	0	.7050341	0	.2949659	0
1366.15	0	.7045703	0	.2954297	0
1365.15	0	.7041074	0	.2958925	0
1364.15	0	.7036457	0	.2963543	0
1363.15	0	.7031851	0	.2968149	0
1362.15	0	.7027256	0	.2972744	0
1361.15	0	.7022671	0	.2977329	0
1360.15	0	.7018097	0	.2981903	0
1359.15	0	.7013534	0	.2986466	0
1358.15	0	.7008981	0	.2991019	0
1357.15	0	.7004439	0	.2995561	0
1356.15	0	.6999908	0	.3000092	0
1355.15	0	.6995387	0	.3004613	0
1354.15	0	.6990877	0	.3009123	0
1353.15	0	.6986377	0	.3013623	0
1352.15	0	.6981888	0	.3018112	0
1351.15	0	.6977409	0	.3022591	0
1350.15	0	.6972941	0	.3027059	0
1349.15	0	.6968483	0	.3031517	0
1348.15	0	.6964035	0	.3035965	0
1347.15	0	.6959598	0	.3040402	0
1346.15	0	.6955171	0	.304483	0
1345.15	0	.6950754	0	.3049246	0
1344.15	0	.6946347	0	.3053653	0
1343.15	0	.694195	0	.305805	0
1342.15	0	.6937564	0	.3062436	0
1341.15	0	.6933188	0	.3066812	0
1340.15	0	.6928822	0	.3071178	0
1339.15	0	.6924466	0	.3075534	0
1338.15	0	.692012	0	.3079881	0
1337.15	0	.6915783	0	.3084217	0
1336.15	0	.6911457	0	.3088543	0
1335.15	0	.6907141	0	.3092859	0
1334.15	0	.6902835	0	.3097165	0
1333.15	0	.6898538	0	.3101462	0
1332.15	0	.6894252	0	.3105748	0
1331.15	0	.6889975	0	.3110025	0
1330.15	0	.6885708	0	.3114292	0
1329.15	0	.688145	0	.311855	0
1328.15	0	.6877203	0	.3122797	0
1327.15	0	.6872965	0	.3127035	0
1326.15	0	.6868737	0	.3131264	0
1325.15	0	.6864518	0	.3135482	0
1324.15	0	.6860309	0	.3139691	0
1323.15	0	.6856109	0	.3143891	0
1322.15	0	.6851919	0	.3148081	0
1321.15	0	.6847739	0	.3152261	0
1320.15	0	.6843568	0	.3156432	0
1319.15	0	.6839406	0	.3160594	0
1318.15	0	.6835254	0	.3164746	0
1317.15	0	.6831111	0	.3168889	0
1316.15	0	.6826978	0	.3173022	0
1315.15	0	.6822854	0	.3177146	0
1314.15	0	.6818739	0	.3181261	0
1313.15	0	.6814634	0	.3185366	0
1312.15	0	.6810538	0	.3189462	0
1311.15	0	.6806451	0	.319355	0
1310.15	0	.6802373	0	.3197627	0
1309.15	0	.6798304	0	.3201696	0
1308.15	0	.6794245	0	.3205755	0
1307.15	0	.6790194	0	.3209806	0
1306.15	0	.6786153	0	.3213847	0
1305.15	0	.6782121	0	.3217879	0
1304.15	0	.6778097	0	.3221903	0
1303.15	0	.6774083	0	.3225917	0
1302.15	0	.6770078	0	.3229922	0
1301.15	0	.6766082	0	.3233918	0
1300.15	0	.6762094	0	.3237906	0
1299.15	0	.6758116	0	.3241884	0
1298.15	0	.6754146	0	.3245854	0
1297.15	0	.6750185	0	.3249815	0
1296.15	0	.6746234	0	.3253766	0
1295.15	0	.6742291	0	.325771	0
1294.15	0	.6738356	0	.3261644	0
1293.15	0	.673443	0	.326557	0
1292.15	0	.6730514	0	.3269487	0
1291.15	0	.6726605	0	.3273395	0
1290.15	0	.6722706	0	.3277294	0
1289.15	0	.6718815	0	.3281185	0
1288.15	0	.6714933	0	.3285068	0
1287.15	0	.6711059	0	.3288941	0
1286.15	0	.6707194	0	.3292806	0
1285.15	0	.6703337	0	.3296663	0
1284.15	0	.6699489	0	.3300511	0
1283.15	0	.6695649	0	.3304351	0
1282.15	0	.6691818	0	.3308182	0
1281.15	0	.6687996	0	.3312005	0
1280.15	0	.6684181	0	.3315819	0
1279.15	0	.6680375	0	.3319625	0
1278.15	0	.6676578	0	.3323422	0
1277.15	0	.6672789	0	.3327211	0
1276.15	0	.6669008	0	.3330992	0
1275.15	0	.6665235	0	.3334765	0
1274.15	0	.6661471	0	.3338529	0
1273.15	0	.6657715	0	.3342285	0
1272.15	0	.6653967	0	.3346033	0
1271.15	0	.6650228	0	.3349772	0
1270.15	0	.6646496	0	.3353504	0
1269.15	0	.6642773	0	.3357227	0
1268.15	0	.6639058	0	.3360942	0
1267.15	0	.6635351	0	.3364649	0
1266.15	0	.6631652	0	.3368348	0
1265.15	0	.6627961	0	.3372039	0
1264.15	0	.6624279	0	.3375722	0
1263.15	0	.6620604	0	.3379396	0
1262.15	0	.6616937	0	.3383063	0
1261.15	0	.6613278	0	.3386722	0
1260.15	0	.6609627	0	.3390373	0
1259.15	0	.6605984	0	.3394016	0
1258.15	0	.6602349	0	.3397651	0
1257.15	0	.6598722	0	.3401278	0
1256.15	0	.6595103	0	.3404897	0
1255.15	0	.6591492	0	.3408508	0
1254.15	0	.6587888	0	.3412112	0
1253.15	0	.6584293	0	.3415708	0
1252.15	0	.6580704	0	.3419296	0
1251.15	0	.6577124	0	.3422876	0
1250.15	0	.6573552	0	.3426448	0
1249.15	0	.6569987	0	.3430013	0
1248.15	0	.656643	0	.343357	0
1247.15	0	.6562881	0	.3437119	0
1246.15	0	.6559339	0	.3440661	0
1245.15	0	.6555805	0	.3444195	0
1244.15	0	.6552279	0	.3447722	0
1243.15	0	.654876	0	.345124	0
1242.15	0	.6545248	0	.3454752	0
1241.15	0	.6541745	0	.3458255	0
1240.15	0	.6538249	0	.3461752	0
1239.15	0	.653476	0	.346524	0
1238.15	0	.6531279	0	.3468721	0
1237.15	0	.6527805	0	.3472195	0
1236.15	0	.6524339	0	.3475661	0
1235.15	0	.652088	0	.347912	0
1234.15	0	.6517428	0	.3482572	0
1233.15	0	.6513984	0	.3486016	0
1232.15	0	.6510548	0	.3489452	0
1231.15	0	.6507118	0	.3492882	0
1230.15	0	.6503696	0	.3496304	0
1229.15	0	.6500282	0	.3499718	0
1228.15	0	.6496875	0	.3503126	0
1227.15	0	.6493474	0	.3506526	0
1226.15	0	.6490082	0	.3509918	0
1225.15	0	.6486696	0	.3513304	0
1224.15	0	.6483318	0	.3516682	0
1223.946	0	.648263	0	.351737	0
1223.946	0	.648263	0	.351737	0
1223.946	0	.648263	0	.351737	0
1223.15	0	.6473531	6.662102E-04	.3519807	0
1222.15	0	.646213	.001501088	.3522859	0
1221.15	0	.6450758	.002333802	.3525904	0
1220.15	0	.6439416	.003164354	.352894	0
1219.15	0	.6428104	.003992744	.3531968	0
1218.15	0	.6416822	.004818976	.3534988	0
1217.15	0	.640557	.005643051	.3538	0
1216.15	0	.6394347	.006464971	.3541004	0
1215.15	0	.6383154	.007284738	.3543999	0
1214.15	0	.637199	.008102353	.3546986	0
1213.15	0	.6360856	.008917818	.3549966	0
1212.15	0	.6349751	.009731135	.3552937	0
1211.15	0	.6338676	.01054231	.3555901	0
1210.15	0	.6327631	.01135133	.3558856	0
1209.15	0	.6316614	.01215821	.3561804	0
1208.15	0	.6305627	.01296295	.3564743	0
1207.15	0	.6294669	.01376555	.3567675	0
1206.15	0	.6283741	.01456601	.3570599	0
1205.15	0	.6272842	.01536433	.3573515	0
1204.15	0	.6261971	.01616052	.3576423	0
1203.15	0	.625113	.01695457	.3579324	0
1202.15	0	.6240318	.01774649	.3582217	0
1201.15	0	.6229535	.01853627	.3585102	0
1200.15	0	.6218781	.01932392	.358798	0
1199.15	0	.6208056	.02010945	.359085	0
1198.15	0	.619736	.02089284	.3593712	0
1197.15	0	.6186693	.02167411	.3596566	0
1196.15	0	.6176054	.02245325	.3599413	0
1195.15	0	.6165444	.02323026	.3602253	0
1194.15	0	.6154864	.02400515	.3605085	0
1193.15	0	.6144311	.02477792	.3607909	0
1192.15	0	.6133788	.02554857	.3610727	0
1191.15	0	.6123293	.02631709	.3613536	0
1190.15	0	.6112827	.02708349	.3616338	0
1189.15	0	.6102389	.02784777	.3619133	0
1188.15	0	.609198	.02860993	.3621921	0
1187.15	0	.6081599	.02936998	.3624701	0
1186.15	0	.6071247	.0301279	.3627474	0
1185.15	0	.6060924	.03088371	.3630239	0
1184.15	0	.6050629	.0316374	.3632997	0
1183.15	0	.6040362	.03238898	.3635749	0
1182.15	0	.6030123	.03313844	.3638492	0
1181.15	0	.6019913	.03388579	.3641229	0
1180.15	0	.6009731	.03463102	.3643958	0
1179.15	0	.5999578	.03537414	.3646681	0
1178.15	0	.5989453	.03611515	.3649396	0
1177.15	0	.5979356	.03685404	.3652104	0
1176.15	0	.5969287	.03759083	.3654805	0
1175.15	0	.5959246	.0383255	.3657499	0
1174.15	0	.5949234	.03905805	.3660186	0
1173.15	0	.5939249	.0397885	.3662866	0
1172.15	0	.5929293	.04051684	.3665539	0
1171.15	0	.5919365	.04124306	.3668205	0
1170.15	0	.5909464	.04196717	.3670864	0
1169.15	0	.5899592	.04268918	.3673516	0
1168.15	0	.5889748	.04340907	.3676161	0
1167.15	0	.5879932	.04412685	.36788	0
1166.15	0	.5870143	.04484252	.3681431	0
1165.15	0	.5860383	.04555608	.3684056	0
1164.15	0	.5850651	.04626753	.3686674	0
1163.15	0	.5840946	.04697687	.3689285	0
1162.15	0	.5831269	.0476841	.369189	0
1161.15	0	.582162	.04838922	.3694487	0
1160.15	0	.5812	.04909223	.3697078	0
1159.15	0	.5802406	.04979312	.3699663	0
1158.15	0	.5792841	.05049191	.370224	0
1157.15	0	.5783303	.05118858	.3704811	0
1156.15	0	.5773793	.05188314	.3707375	0
1155.15	0	.5764311	.05257559	.3709933	0
1154.15	0	.5754856	.05326595	.3712484	0
1153.15	0	.574543	.05395417	.3715029	0
1152.15	0	.5736031	.05464028	.3717567	0
1151.15	0	.5726659	.05532427	.3720098	0
1150.15	0	.5717316	.05600615	.3722623	0
1149.15	0	.5708	.05668591	.3725141	0
1148.15	0	.5698711	.05736356	.3727653	0
1147.15	0	.568945	.05803909	.3730159	0
1146.15	0	.5680217	.0587125	.3732658	0
1145.15	0	.5671012	.0593838	.373515	0
1144.15	0	.5661834	.06005297	.3737637	0
1143.15	0	.5652683	.06072003	.3740117	0
1142.15	0	.564356	.06138497	.374259	0
1141.15	0	.5634465	.06204779	.3745057	0
1140.15	0	.5625397	.06270848	.3747518	0
1139.15	0	.5616357	.06336705	.3749973	0
1138.15	0	.5607344	.0640235	.3752421	0
1137.15	0	.5598359	.06467782	.3754863	0
1136.15	0	.5589401	.06533002	.3757299	0
1135.15	0	.5580471	.06598009	.3759728	0
1134.15	0	.5571569	.06662803	.3762151	0
1133.15	0	.5562693	.06727384	.3764568	0
1132.15	0	.5553846	.06791752	.3766979	0
1131.15	0	.5545025	.06855907	.3769384	0
1130.15	0	.5536233	.06919849	.3771783	0
1129.15	0	.5527467	.06983577	.3774175	0
1128.15	0	.551873	.07047092	.3776561	0
1127.15	0	.5510019	.07110393	.3778942	0
1126.15	0	.5501336	.0717348	.3781316	0
1125.15	0	.5492681	.07236354	.3783684	0
1124.15	0	.5484053	.07299013	.3786046	0
1123.15	0	.5475452	.07361458	.3788402	0
1122.15	0	.5466879	.07423689	.3790752	0
1121.15	0	.5458334	.07485705	.3793096	0
1120.15	0	.5449816	.07547506	.3795434	0
1119.15	0	.5441325	.07609093	.3797766	0
1118.15	0	.5432862	.07670464	.3800092	0
1117.15	0	.5424426	.0773162	.3802412	0
1116.15	0	.5416018	.07792561	.3804726	0
1115.15	0	.5407637	.07853286	.3807034	0
1114.15	0	.5399284	.07913796	.3809337	0
1113.15	0	.5390958	.07974089	.3811633	0
1112.15	0	.5382659	.08034167	.3813924	0
1111.15	0	.5374388	.08094028	.3816209	0
1110.15	0	.5366145	.08153673	.3818488	0
1109.15	0	.5357929	.08213101	.3820761	0
1108.15	0	.5349741	.08272312	.3823028	0
1107.15	0	.534158	.08331306	.382529	0
1106.15	0	.5333446	.08390082	.3827546	0
1105.15	0	.532534	.08448642	.3829796	0
1104.15	0	.5317262	.08506983	.383204	0
1103.15	0	.5309211	.08565107	.3834278	0
1102.15	0	.5301188	.08623012	.3836511	0
1101.15	0	.5293192	.08680699	.3838738	0
1100.15	0	.5285224	.08738167	.3840959	0
1099.15	0	.5277283	.08795416	.3843175	0
1098.15	0	.526937	.08852447	.3845385	0
1097.15	0	.5261485	.08909258	.3847589	0
1096.15	0	.5253627	.08965849	.3849788	0
1095.15	0	.5245797	.09022221	.3851981	0
1094.15	0	.5237995	.09078373	.3854168	0
1093.15	0	.523022	.09134304	.385635	0
1092.15	0	.5222473	.09190015	.3858526	0
1091.15	0	.5214753	.09245504	.3860697	0
1090.15	0	.5207061	.09300773	.3862861	0
1089.15	0	.5199397	.09355821	.3865021	0
1088.15	0	.5191761	.09410647	.3867175	0
1087.15	0	.5184152	.09465251	.3869323	0
1086.15	0	.5176571	.09519633	.3871466	0
1085.15	0	.5169018	.09573792	.3873603	0
1084.15	0	.5161493	.09627729	.3875734	0
1083.15	0	.5153995	.09681443	.387786	0
1082.15	0	.5146526	.09734933	.3879981	0
1081.15	0	.5139084	.097882	.3882096	0
1080.15	0	.513167	.09841243	.3884206	0
1079.15	0	.5124284	.09894062	.388631	0
1078.15	0	.5116926	.09946657	.3888409	0
1077.15	0	.5109596	.09999027	.3890502	0
1076.15	0	.5102293	.1005117	.389259	0
1075.15	0	.5095019	.1010309	.3894672	0
1074.15	0	.5087773	.1015478	.3896749	0
1073.15	0	.5080554	.1020625	.389882	0
1072.15	0	.5073364	.102575	.3900886	0
1071.15	0	.5066202	.1030851	.3902947	0
1070.15	0	.5059068	.103593	.3905002	0
1069.15	0	.5051962	.1040986	.3907052	0
1068.15	0	.5044884	.1046019	.3909096	0
1067.15	0	.5037835	.105103	.3911136	0
1066.15	0	.5030813	.1056018	.3913169	0
1065.15	0	.502382	.1060983	.3915198	0
1064.15	0	.5016855	.1065925	.3917221	0
1063.15	0	.5009918	.1070844	.3919238	0
1062.15	0	.500301	.107574	.3921251	0
1061.15	0	.499613	.1080613	.3923258	0
1060.15	0	.4989278	.1085463	.3925259	0
1059.15	0	.4982454	.109029	.3927255	0
1058.15	0	.4975659	.1095094	.3929246	0
1057.15	0	.4968893	.1099875	.3931232	0
1056.15	0	.4962155	.1104633	.3933212	0
1055.15	0	.4955445	.1109368	.3935187	0
1054.15	0	.4948764	.1114079	.3937157	0
1053.15	0	.4942112	.1118767	.3939122	0
1052.15	0	.4935488	.1123432	.3941081	0
1051.15	0	.4928892	.1128073	.3943034	0
1050.15	0	.4922326	.1132691	.3944983	0
1049.15	0	.4915788	.1137286	.3946926	0
1048.15	0	.4909278	.1141857	.3948864	0
1047.15	0	.4902798	.1146405	.3950797	0
1046.15	0	.4896346	.1150929	.3952724	0
1045.15	0	.4889923	.115543	.3954647	0
1044.15	0	.4883529	.1159907	.3956564	0
1043.15	0	.4877164	.1164361	.3958475	0
1042.15	0	.4870828	.1168791	.3960382	0
1041.15	0	.4864521	.1173197	.3962283	0
1040.15	0	.4858242	.1177579	.3964179	0
1039.15	0	.4851993	.1181938	.3966069	0
1038.15	0	.4845773	.1186273	.3967954	0
1037.15	0	.4839581	.1190584	.3969835	0
1036.15	0	.4833419	.1194871	.3971709	0
1035.15	0	.4827287	.1199135	.3973579	0
1034.15	0	.4821183	.1203374	.3975443	0
1033.15	0	.4815108	.1207589	.3977302	0
1032.15	0	.4809063	.1211781	.3979156	0
1031.15	0	.4803047	.1215948	.3981005	0
1030.15	0	.4797061	.1220091	.3982848	0
1029.15	0	.4791104	.1224211	.3984686	0
1028.15	0	.4785176	.1228305	.3986519	0
1027.15	0	.4779278	.1232376	.3988346	0
1026.15	0	.4773409	.1236423	.3990168	0
1025.15	0	.476757	.1240445	.3991985	0
1024.15	0	.476176	.1244443	.3993797	0
1023.15	0	.475598	.1248417	.3995603	0
1022.15	0	.475023	.1252366	.3997405	0
1021.15	0	.4744509	.1256291	.39992	0
1020.15	0	.4738818	.1260191	.4000991	0
1019.15	0	.4733157	.1264067	.4002776	0
1018.15	0	.4727525	.1267919	.4004556	0
1017.15	0	.4721924	.1271746	.4006331	0
1016.15	0	.4716352	.1275548	.40081	0
1015.15	0	.471081	.1279326	.4009864	0
1014.15	0	.4705298	.1283079	.4011623	0
1013.15	0	.4699816	.1286807	.4013377	0
1012.15	0	.4694364	.1290511	.4015125	0
1011.15	0	.4688942	.129419	.4016868	0
1010.15	0	.468355	.1297844	.4018605	0
1009.15	0	.4678189	.1301474	.4020337	0
1008.15	0	.4672857	.1305078	.4022064	0
1007.15	0	.4667556	.1308658	.4023786	0
1006.15	0	.4662285	.1312213	.4025502	0
1005.15	0	.4657044	.1315743	.4027213	0
1004.15	0	.4651834	.1319248	.4028918	0
1003.15	0	.4646654	.1322728	.4030618	0
1002.15	0	.4641504	.1326183	.4032312	0
1001.15	0	.4636385	.1329614	.4034001	0
1000.15	0	.4631296	.1333019	.4035685	0
999.15	0	.4626238	.1336399	.4037363	0
998.15	0	.462121	.1339754	.4039036	0
997.15	0	.4616213	.1343083	.4040704	0
996.15	0	.4611247	.1346388	.4042365	0
995.15	0	.4606311	.1349668	.4044022	0
994.15	0	.4601405	.1352922	.4045673	0
993.15	0	.4596531	.1356151	.4047318	0
992.15	0	.4591687	.1359355	.4048958	0
991.15	0	.4586873	.1362534	.4050592	0
990.15	0	.4582091	.1365688	.4052221	0
989.15	0	.4577339	.1368816	.4053845	0
988.15	0	.4572619	.1371919	.4055462	0
987.15	0	.4567929	.1374997	.4057074	0
986.15	0	.456327	.1378049	.4058681	0
985.15	0	.4558642	.1381077	.4060282	0
984.15	0	.4554045	.1384079	.4061877	0
983.15	0	.4549478	.1387055	.4063466	0
982.15	0	.4544943	.1390007	.406505	0
981.15	0	.4540439	.1392933	.4066628	0
980.15	0	.4535966	.1395833	.4068201	0
979.15	0	.4531524	.1398709	.4069768	0
978.15	0	.4527113	.1401559	.4071328	0
977.15	0	.4522733	.1404384	.4072884	0
976.15	0	.4518384	.1407183	.4074433	0
975.15	0	.4514066	.1409957	.4075977	0
974.15	0	.450978	.1412706	.4077514	0
973.15	0	.4505524	.141543	.4079046	0
972.15	0	.45013	.1418128	.4080572	0
971.15	0	.4497107	.1420801	.4082092	0
970.15	0	.4492945	.1423449	.4083606	0
969.15	0	.4488814	.1426072	.4085114	0
968.15	0	.4484714	.1428669	.4086616	0
967.15	0	.4480646	.1431242	.4088113	0
966.15	0	.4476609	.1433789	.4089603	0
965.15	0	.4472602	.1436311	.4091087	0
964.15	0	.4468627	.1438808	.4092564	0
963.15	0	.4464684	.144128	.4094036	0
962.15	0	.4460771	.1443727	.4095502	0
961.15	0	.445689	.1446149	.4096961	0
960.15	0	.4453039	.1448546	.4098414	0
959.15	0	.444922	.1450919	.4099861	0
958.15	0	.4445432	.1453266	.4101302	0
957.15	0	.4441675	.1455589	.4102736	0
956.15	0	.4437949	.1457887	.4104164	0
955.15	0	.4434254	.146016	.4105586	0
954.15	0	.4430591	.1462409	.4107001	0
953.15	0	.4426958	.1464633	.4108409	0
952.15	0	.4423356	.1466833	.4109812	0
951.15	0	.4419785	.1469008	.4111207	0
950.15	0	.4416245	.1471159	.4112596	0
949.15	0	.4412735	.1473286	.4113979	0
948.15	0	.4409257	.1475389	.4115354	0
947.15	0	.4405809	.1477467	.4116724	0
946.15	0	.4402392	.1479522	.4118086	0
945.15	0	.4399006	.1481553	.4119442	0
944.15	0	.439565	.148356	.412079	0
943.15	0	.4392325	.1485543	.4122132	0
942.15	0	.438903	.1487503	.4123467	0
941.15	0	.4385765	.148944	.4124795	0
940.15	0	.4382531	.1491353	.4126116	0
939.15	0	.4379327	.1493243	.4127429	0
938.15	0	.4376153	.1495111	.4128736	0
937.15	0	.437301	.1496955	.4130036	0
936.15	0	.4369896	.1498776	.4131328	0
935.15	0	.4366812	.1500575	.4132613	0
934.15	0	.4363757	.1502352	.4133891	0
933.15	0	.4360733	.1504106	.4135161	0
932.15	0	.4357738	.1505838	.4136424	0
931.15	0	.4354772	.1507549	.4137679	0
930.15	0	.4351836	.1509237	.4138927	0
929.15	0	.4348929	.1510904	.4140167	0
928.15	0	.434605	.151255	.4141399	0
927.15	0	.4343201	.1514175	.4142624	0
926.15	0	.4340381	.1515779	.4143841	0
925.15	0	.4337589	.1517362	.414505	0
924.15	0	.4334825	.1518924	.4146251	0
923.15	0	.433209	.1520467	.4147444	0
922.15	0	.4329382	.1521989	.4148629	0
921.15	0	.4326703	.1523492	.4149805	0
920.15	0	.4324051	.1524975	.4150974	0
919.15	0	.4321427	.1526439	.4152134	0
918.15	0	.431883	.1527884	.4153286	0
917.15	0	.431626	.1529311	.4154429	0
916.15	0	.4313717	.1530719	.4155564	0
915.15	0	.4311201	.1532109	.415669	0
914.15	0	.4308711	.1533482	.4157807	0
913.15	0	.4306247	.1534837	.4158915	0
912.15	0	.4303809	.1536176	.4160015	0
911.15	0	.4301397	.1537497	.4161105	0
910.15	0	.429901	.1538803	.4162187	0
909.15	0	.4296648	.1540093	.4163259	0
908.15	0	.4294311	.1541367	.4164322	0
907.15	0	.4291999	.1542626	.4165376	0
906.15	0	.428971	.154387	.416642	0
905.15	0	.4287445	.15451	.4167454	0
904.15	0	.4285204	.1546317	.4168479	0
903.15	0	.4282986	.154752	.4169494	0
902.15	0	.4280791	.154871	.4170499	0
901.15	0	.4278618	.1549888	.4171494	0
900.15	0	.4276467	.1551054	.4172479	0
899.15	0	.4274337	.1552209	.4173454	0
898.15	0	.4272229	.1553353	.4174418	0
897.15	0	.4270141	.1554487	.4175371	0
896.15	0	.4268074	.1555612	.4176314	0
895.15	0	.4266027	.1556727	.4177247	0
894.15	0	.4263998	.1557834	.4178168	0
893.15	0	.4261989	.1558933	.4179078	0
892.15	0	.4259998	.1560025	.4179977	0
891.15	0	.4258025	.1561111	.4180864	0
890.15	0	.4256069	.156219	.4181741	0
889.15	0	.425413	.1563265	.4182605	0
888.15	0	.4252207	.1564336	.4183457	0
887.15	0	.4250299	.1565403	.4184298	0
886.15	0	.4248406	.1566468	.4185126	0
885.15	0	.4246528	.156753	.4185942	0
884.15	0	.4244663	.1568592	.4186745	0
883.15	0	.4242811	.1569654	.4187536	0
882.15	0	.4240971	.1570716	.4188313	0
881.15	0	.4239142	.157178	.4189078	0
880.15	0	.4237324	.1572847	.4189829	0
879.15	0	.4235516	.1573917	.4190567	0
878.15	0	.4233717	.1574993	.4191291	0
877.15	0	.4231926	.1576074	.4192	0
876.15	0	.4230142	.1577163	.4192696	0
875.15	0	.4228364	.1578259	.4193377	0
874.15	0	.4226592	.1579365	.4194043	0
873.15	0	.4224824	.1580482	.4194694	0
872.15	0	.4223059	.1581611	.419533	0
871.15	0	.4221297	.1582753	.419595	0
870.15	0	.4219536	.1583909	.4196555	0
869.15	0	.4217775	.1585082	.4197143	0
868.15	0	.4216012	.1586273	.4197715	0
867.15	0	.4214247	.1587483	.4198269	0
866.15	0	.4212479	.1588715	.4198807	0
865.15	0	.4210705	.1589969	.4199327	0
864.15	0	.4208924	.1591247	.4199829	0
863.15	0	.4207135	.1592553	.4200312	0
862.15	0	.4205337	.1593886	.4200777	0
861.15	0	.4203527	.1595251	.4201223	0
860.15	0	.4201704	.1596648	.4201648	0
859.15	0	.4199867	.159808	.4202054	0
858.15	0	.4198012	.1599549	.4202439	0
857.15	0	.4196139	.1601059	.4202802	0
856.15	0	.4194245	.1602611	.4203144	0
855.15	0	.4192328	.1604209	.4203463	0
854.15	0	.4190385	.1605855	.420376	0
853.15	0	.4188415	.1607553	.4204032	0
852.15	0	.4186414	.1609306	.420428	0
851.15	0	.418438	.1611117	.4204503	0
850.15	0	.418231	.1612991	.4204699	0
849.15	0	.41802	.1614931	.4204869	0
848.15	0	.4178048	.1616941	.4205011	0
847.15	0	.417585	.1619027	.4205124	0
846.15	0	.4173601	.1621192	.4205207	0
845.15	0	.4171298	.1623443	.4205258	0
844.15	0	.4168937	.1625785	.4205278	0
843.15	0	.4166512	.1628224	.4205264	0
842.15	0	.4164019	.1630766	.4205214	0
841.15	0	.4161452	.163342	.4205128	0
840.15	0	.4155977	.1639585	.4204439	0
839.15	0	.4150329	.1645997	.4203674	0
838.15	0	.4145063	.1651992	.4202945	0
837.15	0	.4140149	.1657602	.4202249	0
836.15	0	.4135561	.1662856	.4201584	0
835.15	0	.4131275	.166778	.4200945	0
834.15	0	.4127271	.1672397	.4200332	0
833.15	0	.4123528	.167673	.4199742	0
832.15	0	.4120029	.1680798	.4199173	0
831.15	0	.4116758	.1684618	.4198624	0
830.15	0	.41137	.1688207	.4198093	0
829.15	0	.411084	.169158	.4197579	0
828.15	0	.4108168	.1694752	.4197081	0
827.15	0	.410567	.1697734	.4196596	0
826.15	0	.4103337	.1700538	.4196125	0
825.15	0	.4101158	.1703176	.4195667	0
824.15	0	.4099123	.1705657	.419522	0
823.15	0	.4097225	.1707992	.4194784	0
822.15	0	.4095454	.1710188	.4194358	0
821.15	0	.4093805	.1712254	.4193941	0
820.15	0	.4092269	.1714198	.4193533	0
819.15	0	.409084	.1716027	.4193134	0
818.15	0	.4089511	.1717747	.4192742	0
817.15	0	.4088278	.1719365	.4192357	0
816.15	0	.4087134	.1720887	.4191979	0
815.15	0	.4086075	.1722317	.4191607	0
814.15	0	.4085096	.1723663	.4191242	0
813.15	0	.4084192	.1724927	.4190881	0
812.15	0	.4083358	.1726115	.4190527	0
811.15	0	.4082592	.1727232	.4190177	0
810.15	0	.4081889	.172828	.4189831	0
809.15	0	.4081245	.1729265	.418949	0
808.15	0	.4080658	.1730189	.4189154	0
807.15	0	.4080124	.1731056	.418882	0
806.15	0	.4079639	.173187	.4188491	0
805.15	0	.4079202	.1732633	.4188165	0
804.15	0	.407881	.1733348	.4187842	0
803.15	0	.407846	.1734018	.4187523	0
802.15	0	.4078149	.1734645	.4187206	0
801.15	0	.4077875	.1735233	.4186892	0
800.15	0	.4077637	.1735783	.418658	0
799.15	0	.4077432	.1736297	.4186271	0
798.15	0	.4077258	.1736778	.4185964	0
797.15	0	.4077114	.1737227	.4185659	0
796.15	0	.4076997	.1737647	.4185356	0
795.15	0	.4076906	.1738039	.4185055	0
794.15	0	.407684	.1738404	.4184756	0
793.15	0	.4076796	.1738745	.4184459	0
792.15	0	.4076774	.1739063	.4184163	0
791.15	0	.4076773	.1739359	.4183869	0
790.15	0	.407679	.1739635	.4183576	0
789.15	0	.4076825	.1739891	.4183284	0
788.15	0	.4076876	.174013	.4182994	0
787.15	0	.4076944	.1740352	.4182704	0
786.15	0	.4077025	.1740559	.4182416	0
785.15	0	.407712	.1740751	.4182129	0
784.15	0	.4077228	.1740929	.4181843	0
783.15	0	.4077347	.1741095	.4181558	0
782.15	0	.4077478	.1741249	.4181274	0
781.15	0	.4077618	.1741392	.418099	0
780.15	0	.4077768	.1741525	.4180707	0
779.15	0	.4077926	.1741649	.4180425	0
778.15	0	.4078092	.1741764	.4180144	0
777.15	0	.4078266	.1741871	.4179863	0
776.15	0	.4078446	.1741971	.4179583	0
775.15	0	.4078632	.1742065	.4179303	0
774.15	0	.4078824	.1742152	.4179024	0
773.15	0	.4079021	.1742234	.4178745	0
772.15	0	.4079222	.1742311	.4178467	0
771.15	0	.4079428	.1742383	.4178189	0
770.15	0	.4079637	.1742452	.4177911	0
769.15	0	.4079849	.1742517	.4177634	0
768.15	0	.4080064	.1742579	.4177357	0
767.15	0	.4080281	.1742638	.4177081	0
766.15	0	.4080501	.1742695	.4176804	0
765.15	0	.4080722	.174275	.4176528	0
764.15	0	.4080944	.1742804	.4176252	0
763.15	0	.4081168	.1742856	.4175976	0
762.15	0	.4081392	.1742908	.41757	0
761.15	0	.4081617	.1742958	.4175425	0
760.15	0	.4081842	.1743009	.417515	0
759.15	0	.4082067	.1743059	.4174874	0
758.15	0	.4082291	.174311	.4174599	0
757.15	0	.4082515	.1743161	.4174324	0
756.15	0	.4082739	.1743213	.4174049	0
755.15	0	.4082961	.1743265	.4173774	0
754.15	0	.4083183	.1743319	.4173499	0
753.15	0	.4083403	.1743373	.4173224	0
752.15	0	.4083622	.174343	.4172949	0
751.15	0	.4083839	.1743488	.4172674	0
750.15	0	.4084055	.1743547	.4172398	0
749.15	0	.4084268	.1743609	.4172123	0
748.15	0	.408448	.1743672	.4171848	0
747.15	0	.4084689	.1743738	.4171573	0
746.15	0	.4084896	.1743806	.4171297	0
745.15	0	.4085101	.1743877	.4171022	0
744.15	0	.4085304	.174395	.4170746	0
743.15	0	.4085504	.1744026	.4170471	0
742.15	0	.4085701	.1744104	.4170195	0
741.15	0	.4085912	.1744173	.4169915	0
740.15	0	.4086102	.1744259	.4169639	0
739.15	0	.408629	.1744347	.4169363	0
738.15	0	.4086474	.1744438	.4169087	0
737.15	0	.4086656	.1744533	.4168811	0
736.15	0	.4086835	.174463	.4168535	0
735.15	0	.4087011	.1744731	.4168259	0
734.15	0	.4087183	.1744835	.4167982	0
733.15	0	.4087353	.1744942	.4167705	0
732.15	0	.4087519	.1745053	.4167428	0
731.15	0	.4087682	.1745167	.4167151	0
730.15	0	.4087842	.1745285	.4166873	0
729.15	0	.4087998	.1745406	.4166596	0
728.15	0	.4088151	.1745531	.4166318	0
727.15	0	.4088301	.1745659	.416604	0
726.15	0	.4088447	.1745791	.4165762	0
725.15	0	.408859	.1745927	.4165483	0
724.15	0	.4088729	.1746066	.4165205	0
723.15	0	.4088865	.1746209	.4164926	0
722.15	0	.4088997	.1746356	.4164647	0
721.15	0	.4089126	.1746506	.4164368	0
720.15	0	.4089251	.174666	.4164088	0
719.15	0	.4089373	.1746818	.4163809	0
718.15	0	.4089492	.174698	.4163529	0
717.15	0	.4089606	.1747145	.4163249	0
716.15	0	.4089718	.1747314	.4162968	0
715.15	0	.4089825	.1747487	.4162688	0
714.15	0	.4089929	.1747664	.4162407	0
713.15	0	.409003	.1747844	.4162126	0
712.15	0	.4090127	.1748028	.4161845	0
711.15	0	.4090221	.1748216	.4161564	0
710.15	0	.4090311	.1748407	.4161282	0
709.15	0	.4090397	.1748603	.4161	0
708.15	0	.409048	.1748802	.4160718	0
707.15	0	.409056	.1749005	.4160436	0
706.15	0	.4090635	.1749211	.4160153	0
705.15	0	.4090708	.1749421	.4159871	0
704.15	0	.4090777	.1749635	.4159588	0
703.15	0	.4090843	.1749853	.4159305	0
702.15	0	.4090905	.1750074	.4159021	0
701.15	0	.4090963	.1750299	.4158738	0
700.15	0	.4091018	.1750527	.4158454	0
699.15	0	.409107	.1750759	.415817	0
698.15	0	.4091119	.1750995	.4157886	0
697.15	0	.4091164	.1751234	.4157602	0
696.15	0	.4091206	.1751477	.4157317	0
695.15	0	.4091244	.1751724	.4157032	0
694.15	0	.4091279	.1751973	.4156748	0
693.15	0	.4091311	.1752227	.4156462	0
692.15	0	.4091339	.1752483	.4156177	0
691.15	0	.4091365	.1752744	.4155892	0
690.15	0	.4091387	.1753008	.4155606	0
689.15	0	.4091405	.1753275	.415532	0
688.15	0	.4091421	.1753545	.4155034	0
687.15	0	.4091434	.1753819	.4154748	0
686.15	0	.4091443	.1754096	.4154461	0
685.15	0	.4091449	.1754377	.4154174	0
684.15	0	.4091452	.175466	.4153887	0
683.15	0	.4091452	.1754947	.41536	0
682.15	0	.4091449	.1755238	.4153313	0
681.15	0	.4091443	.1755531	.4153026	0
680.15	0	.4091434	.1755828	.4152738	0
679.15	0	.4091422	.1756128	.4152451	0
678.15	0	.4091407	.1756431	.4152163	0
677.15	0	.4091389	.1756737	.4151875	0
676.15	0	.4091368	.1757046	.4151586	0
675.15	0	.4091344	.1757358	.4151298	0
674.15	0	.4091317	.1757673	.415101	0
673.15	0	.4091288	.1757991	.4150721	0
672.15	0	.4091255	.1758312	.4150432	0
671.15	0	.409122	.1758637	.4150143	0
670.15	0	.4091182	.1758964	.4149854	0
669.15	0	.4091142	.1759294	.4149565	0
668.15	0	.4091098	.1759626	.4149276	0
667.15	0	.4091052	.1759962	.4148986	0
666.15	0	.4091003	.1760301	.4148696	0
665.15	0	.4090952	.1760642	.4148407	0
664.15	0	.4090897	.1760986	.4148117	0
663.15	0	.4090841	.1761332	.4147827	0
662.15	0	.4090782	.1761682	.4147537	0
661.15	0	.409072	.1762034	.4147246	0
660.15	0	.4090655	.1762389	.4146956	0
659.15	0	.4090589	.1762746	.4146666	0
658.15	0	.4090519	.1763106	.4146375	0
657.15	0	.4090447	.1763468	.4146084	0
656.15	0	.4090373	.1763833	.4145794	0
655.15	0	.4090296	.1764201	.4145503	0
654.15	0	.4090217	.1764571	.4145212	0
653.15	0	.4090136	.1764943	.4144921	0
652.15	0	.4090052	.1765318	.414463	0
651.15	0	.4089966	.1765696	.4144338	0
650.15	0	.4089878	.1766075	.4144047	0
649.15	0	.4089787	.1766457	.4143756	0
648.15	0	.4089694	.1766842	.4143464	0
647.15	0	.4089599	.1767228	.4143173	0
646.15	0	.4089501	.1767617	.4142881	0
645.15	0	.4089402	.1768009	.414259	0
644.15	0	.40893	.1768402	.4142298	0
643.15	0	.4089196	.1768797	.4142006	0
642.15	0	.408909	.1769195	.4141715	0
641.15	0	.4088982	.1769595	.4141423	0
640.15	0	.4088872	.1769997	.4141131	0
639.15	0	.408876	.1770401	.4140839	0
638.15	0	.4088646	.1770807	.4140547	0
637.15	0	.4088529	.1771215	.4140255	0
636.15	0	.4088411	.1771626	.4139963	0
635.15	0	.4088291	.1772038	.4139671	0
634.15	0	.4088169	.1772452	.4139379	0
633.15	0	.4088045	.1772868	.4139087	0
632.15	0	.4087919	.1773286	.4138795	0
631.15	0	.4087791	.1773706	.4138503	0
630.15	0	.4087662	.1774127	.4138211	0
629.15	0	.408753	.1774551	.4137919	0
628.15	0	.4087397	.1774976	.4137627	0
627.15	0	.4087262	.1775403	.4137335	0
626.15	0	.4087125	.1775832	.4137043	0
625.15	0	.4086986	.1776263	.4136751	0
624.15	0	.4086846	.1776695	.4136459	0
623.15	0	.4086704	.1777129	.4136167	0
622.15	0	.408656	.1777565	.4135875	0
621.15	0	.4086415	.1778002	.4135583	0
620.15	0	.4086268	.1778441	.4135291	0
619.15	0	.4086119	.1778882	.4134999	0
618.15	0	.4085969	.1779324	.4134707	0
617.15	0	.4085817	.1779768	.4134416	0
616.15	0	.4085663	.1780213	.4134124	0
615.15	0	.4085508	.178066	.4133832	0
614.15	0	.4085352	.1781108	.4133541	0
613.15	0	.4085193	.1781558	.4133249	0
612.15	0	.4085034	.1782009	.4132958	0
611.15	0	.4084873	.1782461	.4132666	0
610.15	0	.408471	.1782915	.4132375	0
609.15	0	.4084546	.178337	.4132084	0
608.15	0	.4084381	.1783827	.4131793	0
607.15	0	.4084214	.1784285	.4131502	0
606.15	0	.4084045	.1784744	.4131211	0
605.15	0	.4083876	.1785204	.413092	0
604.15	0	.4083705	.1785666	.4130629	0
603.15	0	.4083532	.1786129	.4130338	0
602.15	0	.4083359	.1786593	.4130048	0
601.15	0	.4083184	.1787059	.4129758	0
600.15	0	.4083007	.1787525	.4129467	0
599.15	0	.408283	.1787993	.4129177	0
598.15	0	.4082651	.1788462	.4128887	0
597.15	0	.4082471	.1788932	.4128597	0
596.15	0	.408229	.1789403	.4128307	0
595.15	0	.4082107	.1789875	.4128018	0
594.15	0	.4081923	.1790348	.4127728	0
593.15	0	.4081739	.1790823	.4127439	0
592.15	0	.4081552	.1791298	.412715	0
591.15	0	.4081365	.1791774	.4126861	0
590.15	0	.4081177	.1792251	.4126572	0
589.15	0	.4080988	.179273	.4126283	0
588.15	0	.4080797	.1793209	.4125995	0
587.15	0	.4080605	.1793689	.4125706	0
586.15	0	.4080413	.1794169	.4125418	0
585.15	0	.4080219	.1794651	.412513	0
584.15	0	.4080024	.1795134	.4124842	0
583.15	0	.4079828	.1795617	.4124555	0
582.15	0	.4079631	.1796102	.4124267	0
581.15	0	.4079434	.1796587	.412398	0
580.15	0	.4079235	.1797072	.4123693	0
579.15	0	.4079035	.1797559	.4123406	0
578.15	0	.4078834	.1798046	.4123119	0
577.15	0	.4078633	.1798534	.4122833	0
576.15	0	.407843	.1799023	.4122547	0
575.15	0	.4078226	.1799513	.4122261	0
574.15	0	.4078022	.1800003	.4121975	0
573.15	0	.4077817	.1800493	.412169	0
572.15	0	.407761	.1800985	.4121405	0
571.15	0	.4077404	.1801477	.412112	0
570.15	0	.4077196	.180197	.4120835	0
569.15	0	.4076987	.1802463	.412055	0
568.15	0	.4076777	.1802957	.4120266	0
567.15	0	.4076567	.1803451	.4119982	0
566.15	0	.4076356	.1803946	.4119699	0
565.15	0	.4076144	.1804441	.4119415	0
564.15	0	.4075931	.1804937	.4119132	0
563.15	0	.4075718	.1805433	.4118849	0
562.15	0	.4075504	.180593	.4118566	0
561.15	0	.4075289	.1806427	.4118284	0
560.15	0	.4075073	.1806925	.4118002	0
559.15	0	.4074857	.1807423	.411772	0
558.15	0	.407464	.1807921	.4117439	0
557.15	0	.4074422	.180842	.4117158	0
556.15	0	.4074204	.1808919	.4116877	0
555.15	0	.4073985	.1809419	.4116596	0
554.15	0	.4073765	.1809919	.4116316	0
553.15	0	.4073545	.1810419	.4116036	0
552.15	0	.4073324	.1810919	.4115757	0
551.15	0	.4073102	.181142	.4115478	0
550.15	0	.407288	.1811921	.4115199	0
549.15	0	.4072657	.1812422	.411492	0
548.15	0	.4072434	.1812924	.4114642	0
547.15	0	.407221	.1813426	.4114364	0
546.15	0	.4071986	.1813928	.4114087	0
545.15	0	.4071761	.181443	.411381	0
544.15	0	.4071535	.1814932	.4113533	0
543.15	0	.4071309	.1815434	.4113256	0
542.15	0	.4071083	.1815937	.411298	0
541.15	0	.4070856	.181644	.4112705	0
540.15	0	.4070628	.1816943	.4112429	0
539.15	0	.40704	.1817446	.4112154	0
538.15	0	.4070171	.1817949	.411188	0
537.15	0	.4069942	.1818452	.4111606	0
536.15	0	.4069713	.1818955	.4111332	0
535.15	0	.4069483	.1819458	.4111059	0
534.15	0	.4069253	.1819962	.4110786	0
533.15	0	.4069022	.1820465	.4110513	0
532.15	0	.4068791	.1820968	.4110241	0
531.15	0	.4068559	.1821471	.4109969	0
530.15	0	.4068327	.1821975	.4109698	0
529.15	0	.4068095	.1822478	.4109427	0
528.15	0	.4067862	.1822981	.4109157	0
527.15	0	.4067629	.1823484	.4108887	0
526.15	0	.4067396	.1823987	.4108617	0
525.15	0	.4067162	.182449	.4108348	0
524.15	0	.4066928	.1824993	.4108079	0
523.15	0	.4066693	.1825495	.4107811	0
522.15	0	.4066459	.1825998	.4107544	0
521.15	0	.4066224	.18265	.4107276	0
520.15	0	.4065988	.1827003	.4107009	0
519.15	0	.4065753	.1827505	.4106743	0
518.15	0	.4065517	.1828007	.4106477	0
517.15	0	.406528	.1828508	.4106212	0
516.15	0	.4065044	.182901	.4105947	0
515.15	0	.4064807	.1829511	.4105682	0
514.15	0	.406457	.1830012	.4105418	0
513.15	0	.4064333	.1830513	.4105155	0
512.15	0	.4064095	.1831013	.4104892	0
511.15	0	.4063857	.1831514	.4104629	0
510.15	0	.4063619	.1832013	.4104367	0
509.15	0	.4063381	.1832513	.4104106	0
508.15	0	.4063143	.1833013	.4103845	0
507.15	0	.4062904	.1833512	.4103584	0
506.15	0	.4062666	.183401	.4103324	0
505.15	0	.4062427	.1834509	.4103065	0
504.15	0	.4062187	.1835007	.4102806	0
503.15	0	.4061948	.1835504	.4102548	0
502.15	0	.4061709	.1836002	.410229	0
501.15	0	.4061469	.1836498	.4102033	0
500.15	0	.4061229	.1836995	.4101776	0
499.15	0	.4060989	.1837491	.410152	0
498.15	0	.4060749	.1837987	.4101264	0
497.15	0	.4060509	.1838482	.4101009	0
496.15	0	.4060269	.1838977	.4100754	0
495.15	0	.4060029	.1839471	.41005	0
494.15	0	.4059788	.1839965	.4100247	0
493.15	0	.4059549	.1840458	.4099993	0
492.15	0	.4059308	.1840951	.4099741	0
491.15	0	.4059067	.1841444	.4099489	0
490.15	0	.4058827	.1841935	.4099238	0
489.15	0	.4058586	.1842427	.4098988	0
488.15	0	.4058345	.1842918	.4098738	0
487.15	0	.4058104	.1843408	.4098488	0
486.15	0	.4057863	.1843898	.409824	0
485.15	0	.4057622	.1844387	.4097992	0
484.15	0	.4057381	.1844876	.4097744	0
483.15	0	.4057139	.1845364	.4097497	0
482.15	0	.4056898	.1845851	.4097251	0
481.15	0	.4056657	.1846338	.4097005	0
480.15	0	.4056416	.1846824	.409676	0
479.15	0	.4056175	.184731	.4096515	0
478.1776	0	.405594	.1847782	.4096278	0
478.1776	0	.405594	.1847782	.4096278	0
478.1776	0	.405594	.1847782	.4096278	0
478.15	0	.4055986	.1847672	.409621	1.320967E-05
477.15	0	.4057643	.1843709	.4093731	4.916952E-04
476.15	0	.4059292	.1839759	.4091257	9.691608E-04
475.15	0	.4060933	.1835822	.4088789	.001445615
474.15	0	.4062565	.1831897	.4086327	.001921068
473.15	0	.4064189	.1827985	.4083871	.002395528
472.15	0	.4065805	.1824085	.408142	.002869004
471.15	0	.4067414	.1820198	.4078974	.003341504
470.15	0	.4069014	.1816322	.4076534	.003813038
469.15	0	.4070607	.1812458	.4074099	.004283614
468.15	0	.4072192	.1808606	.407167	.00475324
467.15	0	.407377	.1804765	.4069246	.005221925
466.15	0	.407534	.1800936	.4066827	.005689677
465.15	0	.4076903	.1797118	.4064413	.006156504
464.15	0	.4078459	.1793311	.4062005	.006622416
463.15	0	.4080008	.1789515	.4059602	.007087419
462.15	0	.408155	.178573	.4057204	.007551521
461.15	0	.4083085	.1781956	.4054811	.008014732
460.15	0	.4084614	.1778192	.4052424	.008477058
459.15	0	.4086136	.1774438	.4050041	.008938507
458.15	0	.4087651	.1770695	.4047663	.009399088
457.15	0	.4089159	.1766962	.4045291	.009858807
456.15	0	.4090662	.1763239	.4042923	.01031767
455.15	0	.4092157	.1759525	.404056	.01077569
454.15	0	.4093647	.1755822	.4038202	.01123287
453.15	0	.4095131	.1752128	.4035849	.01168923
452.15	0	.4096609	.1748443	.4033501	.01214475
451.15	0	.409808	.1744768	.4031157	.01259946
450.15	0	.4099546	.1741102	.4028818	.01305336
449.15	0	.4101007	.1737445	.4026484	.01350647
448.15	0	.4102461	.1733796	.4024155	.01395878
447.15	0	.410391	.1730157	.402183	.01441031
446.15	0	.4105354	.1726526	.401951	.01486106
445.15	0	.4106793	.1722903	.4017194	.01531104
444.15	0	.4108226	.1719289	.4014883	.01576026
443.15	0	.4109654	.1715683	.4012577	.01620872
442.15	0	.4111077	.1712084	.4010275	.01665643
441.15	0	.4112495	.1708494	.4007977	.0171034
440.15	0	.4113908	.1704911	.4005685	.01754964
439.15	0	.4115316	.1701336	.4003396	.01799515
438.15	0	.411672	.1697769	.4001112	.01843994
437.15	0	.4118119	.1694208	.3998832	.01888402
436.15	0	.4119514	.1690655	.3996557	.0193274
435.15	0	.4120904	.1687108	.3994286	.01977007
434.15	0	.4122291	.1683569	.399202	.02021206
433.15	0	.4123672	.1680037	.3989757	.02065336
432.15	0	.412505	.1676511	.3987499	.02109398
431.15	0	.4126424	.1672991	.3985246	.02153393
430.15	0	.4127794	.1669478	.3982996	.02197321
429.15	0	.412916	.1665971	.3980751	.02241184
428.15	0	.4130522	.166247	.397851	.02284981
427.15	0	.413188	.1658976	.3976273	.02328714
426.15	0	.4133235	.1655487	.397404	.02372382
425.15	0	.4134586	.1652004	.3971812	.02415987
