T	 BPW(LIQUID)	BPW(BCC_A2)	BPW(FCC_A1)	BPW(LAVES_PHASE_C14)	BPW(NI3TI)
1473.15	.3365907	.6634093	0	0	0
1472.15	.3332982	.6667018	0	0	0
1471.15	.3300293	.6699707	0	0	0
1470.15	.3267838	.6732162	0	0	0
1469.15	.3235614	.6764386	0	0	0
1468.15	.3203621	.6796379	0	0	0
1467.15	.3171857	.6828143	0	0	0
1466.15	.314032	.685968	0	0	0
1465.15	.3109008	.6890993	0	0	0
1464.15	.3077919	.6922081	0	0	0
1463.15	.3047053	.6952947	0	0	0
1462.15	.3016407	.6983593	0	0	0
1461.15	.2985979	.7014021	0	0	0
1460.15	.2955769	.7044231	0	0	0
1459.15	.2925774	.7074226	0	0	0
1458.15	.2895993	.7104007	0	0	0
1457.15	.2866425	.7133575	0	0	0
1456.15	.2837067	.7162933	0	0	0
1455.15	.2807919	.7192082	0	0	0
1454.15	.2778977	.7221023	0	0	0
1453.15	.2750243	.7249757	0	0	0
1452.15	.2721712	.7278288	0	0	0
1451.15	.2693385	.7306615	0	0	0
1450.15	.2665259	.7334741	0	0	0
1449.15	.2637333	.7362667	0	0	0
1448.15	.2609606	.7390394	0	0	0
1447.15	.2582076	.7417924	0	0	0
1446.15	.2554741	.7445259	0	0	0
1445.15	.25276	.74724	0	0	0
1444.15	.2500652	.7499348	0	0	0
1443.15	.2473896	.7526104	0	0	0
1442.15	.2447329	.7552671	0	0	0
1441.15	.242095	.757905	0	0	0
1440.15	.2394758	.7605242	0	0	0
1439.15	.2368752	.7631248	0	0	0
1438.15	.2342929	.7657071	0	0	0
1437.15	.231729	.768271	0	0	0
1436.15	.2291832	.7708168	0	0	0
1435.15	.2266554	.7733447	0	0	0
1434.15	.2241454	.7758546	0	0	0
1433.15	.2216532	.7783468	0	0	0
1432.15	.2191785	.7808215	0	0	0
1431.15	.2167213	.7832787	0	0	0
1430.15	.2142815	.7857185	0	0	0
1429.15	.2118588	.7881412	0	0	0
1428.15	.2094532	.7905468	0	0	0
1427.15	.2070646	.7929354	0	0	0
1426.15	.2046927	.7953073	0	0	0
1425.15	.2023375	.7976625	0	0	0
1424.15	.1999989	.8000011	0	0	0
1423.15	.1976767	.8023233	0	0	0
1422.15	.1953708	.8046292	0	0	0
1421.15	.1930812	.8069188	0	0	0
1420.15	.1908075	.8091925	0	0	0
1419.15	.1885498	.8114502	0	0	0
1418.15	.1863079	.8136921	0	0	0
1417.431	.1847058	.8152942	0	0	0
1417.431	.1847058	.8152942	0	0	0
1417.431	.1847058	.8152942	0	0	0
1417.15	.1837388	.8158752	0	3.859675E-04	0
1416.15	.1803255	.8179231	0	.001751455	0
1415.15	.1769538	.8199414	0	.003104888	0
1414.15	.1736229	.8219306	0	.004446497	0
1413.15	.1703321	.8238914	0	.005776507	0
1412.15	.1670806	.8258242	0	.007095141	0
1411.15	.1638678	.8277296	0	.008402612	0
1410.15	.1606928	.8296081	0	.009699129	0
1409.15	.157555	.8314601	0	.0109849	0
1408.15	.1544538	.8332861	0	.01226012	0
1407.15	.1513883	.8350867	0	.01352498	0
1406.15	.1483581	.8368622	0	.01477968	0
1405.15	.1453624	.8386132	0	.0160244	0
1404.15	.1424007	.84034	0	.01725933	0
1403.15	.1394723	.8420431	0	.01848463	0
1402.15	.1365766	.8437229	0	.01970048	0
1401.15	.1337131	.8453798	0	.02090706	0
1400.15	.1308812	.8470143	0	.02210451	0
1399.15	.1280804	.8486266	0	.02329302	0
1398.15	.12531	.8502173	0	.02447273	0
1397.15	.1225697	.8517866	0	.02564379	0
1396.15	.1198587	.8533349	0	.02680636	0
1395.15	.1171768	.8548626	0	.02796058	0
1394.15	.1145233	.8563701	0	.0291066	0
1393.15	.1118978	.8578577	0	.03024456	0
1392.15	.1092998	.8593257	0	.03137458	0
1391.15	.1067288	.8607744	0	.03249682	0
1390.15	.1041844	.8622042	0	.0336114	0
1389.15	.1016661	.8636154	0	.03471844	0
1388.15	.09917359	.8650083	0	.03581807	0
1387.15	.09670633	.8663833	0	.03691042	0
1386.15	.09426395	.8677405	0	.0379956	0
1385.15	.09184602	.8690803	0	.03907373	0
1384.15	.08945215	.8704029	0	.04014493	0
1383.15	.08708196	.8717087	0	.0412093	0
1382.15	.08473506	.872998	0	.04226697	0
1381.15	.08241107	.8742709	0	.04331803	0
1380.15	.08010963	.8755278	0	.04436259	0
1379.15	.07783037	.8767689	0	.04540075	0
1378.15	.07557295	.8779944	0	.04643262	0
1377.15	.07333703	.8792047	0	.0474583	0
1376.15	.07112225	.8803999	0	.04847787	0
1375.15	.0689283	.8815803	0	.04949144	0
1374.15	.06675484	.8827461	0	.05049909	0
1373.15	.06460156	.8838975	0	.05150093	0
1372.15	.06246814	.8850348	0	.05249703	0
1371.15	.06035428	.8861582	0	.05348749	0
1370.15	.05825968	.8872679	0	.05447239	0
1369.15	.05618404	.8883642	0	.05545181	0
1368.15	.05412708	.8894471	0	.05642584	0
1367.15	.05208852	.8905169	0	.05739455	0
1366.15	.05006806	.8915739	0	.05835803	0
1365.15	.04806545	.8926182	0	.05931635	0
1364.15	.04608042	.89365	0	.06026959	0
1363.15	.0441127	.8946695	0	.06121783	0
1362.15	.04216203	.8956769	0	.06216113	0
1361.15	.04022816	.8966723	0	.06309956	0
1360.15	.03831085	.8976559	0	.0640332	0
1359.15	.03640986	.898628	0	.06496212	0
1358.15	.03452493	.8995887	0	.06588638	0
1357.15	.03265585	.9005381	0	.06680605	0
1356.15	.03080237	.9014764	0	.06772119	0
1355.15	.02896428	.9024039	0	.06863187	0
1354.15	.02714135	.9033205	0	.06953815	0
1353.15	.02533336	.9042265	0	.07044009	0
1352.15	.0235401	.9051222	0	.07133775	0
1351.15	.02176137	.9060074	0	.07223119	0
1350.15	.01999694	.9068826	0	.07312047	0
1349.15	.01824663	.9077477	0	.07400564	0
1348.15	.01651023	.908603	0	.07488677	0
1347.15	.01478754	.9094486	0	.07576389	0
1346.15	.01307838	.9102845	0	.07663708	0
1345.15	.01138256	.9111111	0	.07750637	0
1344.15	.009699881	.9119283	0	.07837183	0
1343.15	.008030175	.9127363	0	.07923351	0
1342.15	.006373257	.9135353	0	.08009144	0
1341.15	.004728953	.9143254	0	.0809457	0
1340.15	.003097088	.9151066	0	.08179631	0
1339.15	.001477492	.9158792	0	.08264333	0
1338.231	0	.9165815	0	.08341848	0
1338.231	0	.9165815	0	.08341848	0
1338.15	0	.9165302	0	.08346976	0
1337.15	0	.9158992	0	.08410085	0
1336.15	0	.9152694	0	.08473056	0
1335.15	0	.9146411	0	.08535888	0
1334.15	0	.9140142	0	.08598583	0
1333.15	0	.9133886	0	.0866114	0
1332.15	0	.9127644	0	.0872356	0
1331.15	0	.9121416	0	.08785844	0
1330.15	0	.9115201	0	.08847992	0
1329.15	0	.9109	0	.08910003	0
1328.15	0	.9102812	0	.0897188	0
1327.15	0	.9096638	0	.09033622	0
1326.15	0	.9090477	0	.09095229	0
1325.15	0	.908433	0	.09156702	0
1324.15	0	.9078196	0	.09218042	0
1323.15	0	.9072075	0	.09279248	0
1322.15	0	.9065968	0	.09340321	0
1321.15	0	.9059874	0	.09401263	0
1320.15	0	.9053793	0	.09462072	0
1319.15	0	.9047725	0	.09522749	0
1318.15	0	.904167	0	.09583296	0
1317.15	0	.9035629	0	.09643711	0
1316.15	0	.90296	0	.09703997	0
1315.15	0	.9023585	0	.09764152	0
1314.15	0	.9017582	0	.09824177	0
1313.15	0	.9011593	0	.09884074	0
1312.15	0	.9005616	0	.09943842	0
1311.15	0	.8999652	0	.1000348	0
1310.15	0	.8993701	0	.1006299	0
1309.15	0	.8987763	0	.1012238	0
1308.15	0	.8981837	0	.1018163	0
1307.15	0	.8975924	0	.1024076	0
1306.15	0	.8970024	0	.1029976	0
1305.15	0	.8964136	0	.1035864	0
1304.15	0	.8958261	0	.1041739	0
1303.15	0	.8952398	0	.1047602	0
1302.15	0	.8946548	0	.1053452	0
1301.15	0	.8940711	0	.1059289	0
1300.15	0	.8934885	0	.1065115	0
1299.15	0	.8929073	0	.1070927	0
1298.15	0	.8923272	0	.1076728	0
1297.15	0	.8917484	0	.1082516	0
1296.15	0	.8911708	0	.1088292	0
1295.15	0	.8905945	0	.1094056	0
1294.15	0	.8900193	0	.1099807	0
1293.15	0	.8894454	0	.1105546	0
1292.15	0	.8888727	0	.1111273	0
1291.15	0	.8883012	0	.1116988	0
1290.15	0	.8877309	0	.1122691	0
1289.15	0	.8871618	0	.1128382	0
1288.15	0	.8865939	0	.1134061	0
1287.15	0	.8860272	0	.1139728	0
1286.15	0	.8854617	0	.1145383	0
1285.15	0	.8848974	0	.1151026	0
1284.15	0	.8843343	0	.1156658	0
1283.15	0	.8837723	0	.1162277	0
1282.15	0	.8832115	0	.1167885	0
1281.15	0	.8826519	0	.1173481	0
1280.15	0	.8820935	0	.1179065	0
1279.15	0	.8815362	0	.1184638	0
1278.15	0	.8809802	0	.1190198	0
1277.15	0	.8804252	0	.1195748	0
1276.15	0	.8798715	0	.1201285	0
1275.15	0	.8793188	0	.1206812	0
1274.15	0	.8787674	0	.1212326	0
1273.15	0	.8782171	0	.1217829	0
1272.15	0	.8776679	0	.1223321	0
1271.15	0	.8771199	0	.1228801	0
1270.15	0	.876573	0	.123427	0
1269.15	0	.8760272	0	.1239728	0
1268.15	0	.8754826	0	.1245174	0
1267.15	0	.8749391	0	.1250609	0
1266.15	0	.8743967	0	.1256033	0
1265.15	0	.8738555	0	.1261445	0
1264.15	0	.8733153	0	.1266847	0
1263.15	0	.8727763	0	.1272237	0
1262.15	0	.8722384	0	.1277616	0
1261.15	0	.8717016	0	.1282984	0
1260.15	0	.871166	0	.128834	0
1259.15	0	.8706314	0	.1293686	0
1258.15	0	.8700979	0	.1299021	0
1257.15	0	.8695655	0	.1304345	0
1256.15	0	.8690342	0	.1309658	0
1255.15	0	.868504	0	.131496	0
1254.15	0	.8679749	0	.1320251	0
1253.15	0	.8674469	0	.1325531	0
1252.15	0	.86692	0	.13308	0
1251.15	0	.8663941	0	.1336059	0
1250.15	0	.8658693	0	.1341307	0
1249.15	0	.8653456	0	.1346544	0
1248.15	0	.864823	0	.135177	0
1247.15	0	.8643014	0	.1356986	0
1246.15	0	.8637809	0	.1362191	0
1245.15	0	.8632615	0	.1367385	0
1244.15	0	.8627431	0	.1372569	0
1243.15	0	.8622257	0	.1377743	0
1242.15	0	.8617095	0	.1382905	0
1241.15	0	.8611942	0	.1388058	0
1240.15	0	.8606801	0	.1393199	0
1239.15	0	.8601669	0	.1398331	0
1238.15	0	.8596548	0	.1403452	0
1237.15	0	.8591438	0	.1408562	0
1236.15	0	.8586337	0	.1413662	0
1235.15	0	.8581248	0	.1418752	0
1234.15	0	.8576168	0	.1423832	0
1233.15	0	.8571099	0	.1428901	0
1232.15	0	.856604	0	.143396	0
1231.15	0	.8560991	0	.1439009	0
1230.15	0	.8555952	0	.1444048	0
1229.15	0	.8550924	0	.1449076	0
1228.15	0	.8545906	0	.1454094	0
1227.15	0	.8540897	0	.1459102	0
1226.15	0	.8535899	0	.1464101	0
1225.15	0	.8530911	0	.1469089	0
1224.15	0	.8525933	0	.1474067	0
1223.15	0	.8520965	0	.1479035	0
1222.15	0	.8516007	0	.1483993	0
1221.15	0	.8511059	0	.1488941	0
1220.15	0	.8506121	0	.1493879	0
1219.15	0	.8501193	0	.1498807	0
1218.15	0	.8496275	0	.1503725	0
1217.15	0	.8491366	0	.1508634	0
1216.15	0	.8486468	0	.1513532	0
1215.15	0	.8481579	0	.1518421	0
1214.15	0	.84767	0	.15233	0
1213.15	0	.847183	0	.152817	0
1212.15	0	.8466971	0	.1533029	0
1211.15	0	.8462121	0	.1537879	0
1210.15	0	.845728	0	.154272	0
1209.15	0	.845245	0	.154755	0
1208.15	0	.8447629	0	.1552371	0
1207.15	0	.8442818	0	.1557182	0
1206.15	0	.8438016	0	.1561984	0
1205.15	0	.8433224	0	.1566776	0
1204.15	0	.8428441	0	.1571559	0
1203.15	0	.8423668	0	.1576332	0
1202.15	0	.8418904	0	.1581096	0
1201.15	0	.841415	0	.158585	0
1200.15	0	.8409405	0	.1590595	0
1199.15	0	.840467	0	.159533	0
1198.15	0	.8399944	0	.1600056	0
1197.15	0	.8395227	0	.1604773	0
1196.15	0	.8390519	0	.1609481	0
1195.15	0	.8385822	0	.1614179	0
1194.15	0	.8381133	0	.1618867	0
1193.15	0	.8376453	0	.1623547	0
1192.15	0	.8371783	0	.1628217	0
1191.15	0	.8367122	0	.1632878	0
1190.15	0	.836247	0	.163753	0
1189.15	0	.8357828	0	.1642172	0
1188.15	0	.8353194	0	.1646806	0
1187.15	0	.834857	0	.165143	0
1186.15	0	.8343955	0	.1656045	0
1185.15	0	.8339349	0	.1660651	0
1184.15	0	.8334751	0	.1665249	0
1183.15	0	.8330163	0	.1669837	0
1182.15	0	.8325584	0	.1674416	0
1181.15	0	.8321014	0	.1678986	0
1180.15	0	.8316453	0	.1683547	0
1179.15	0	.8311901	0	.1688099	0
1178.15	0	.8307358	0	.1692642	0
1177.15	0	.8302824	0	.1697176	0
1176.15	0	.8298298	0	.1701702	0
1175.15	0	.8293782	0	.1706218	0
1174.15	0	.8289274	0	.1710726	0
1173.15	0	.8284776	0	.1715225	0
1172.15	0	.8280285	0	.1719715	0
1171.15	0	.8275804	0	.1724196	0
1170.15	0	.8271332	0	.1728668	0
1169.15	0	.8266868	0	.1733132	0
1168.15	0	.8262413	0	.1737587	0
1167.15	0	.8257967	0	.1742033	0
1166.15	0	.8253529	0	.1746471	0
1165.15	0	.82491	0	.17509	0
1164.15	0	.824468	0	.175532	0
1163.15	0	.8240268	0	.1759732	0
1163.063	0	.8239885	0	.1760116	0
1163.063	0	.8239885	0	.1760116	0
1163.063	0	.8239885	0	.1760116	0
1162.15	0	.8229494	6.755644E-04	.176375	0
1161.15	0	.8218142	.001413586	.1767723	0
1160.15	0	.820682	.002149539	.1771685	0
1159.15	0	.8195528	.002883427	.1775637	0
1158.15	0	.8184267	.003615252	.177958	0
1157.15	0	.8173037	.004345019	.1783513	0
1156.15	0	.8161836	.00507273	.1787436	0
1155.15	0	.8150666	.005798388	.179135	0
1154.15	0	.8139526	.006522022	.1795254	0
1153.15	0	.8128416	.007243584	.1799149	0
1152.15	0	.8117336	.007963102	.1803033	0
1151.15	0	.8106286	.008680581	.1806908	0
1150.15	0	.8095266	.009396022	.1810774	0
1149.15	0	.8084276	.01010943	.181463	0
1148.15	0	.8073315	.0108208	.1818477	0
1147.15	0	.8062385	.01153015	.1822314	0
1146.15	0	.8051484	.01223747	.1826142	0
1145.15	0	.8040613	.01294277	.182996	0
1144.15	0	.8029771	.01364605	.1833769	0
1143.15	0	.8018959	.01434732	.1837568	0
1142.15	0	.8008176	.01504656	.1841358	0
1141.15	0	.7997423	.0157438	.1845139	0
1140.15	0	.7986699	.01643903	.1848911	0
1139.15	0	.7976004	.01713226	.1852673	0
1138.15	0	.7965339	.01782348	.1856426	0
1137.15	0	.7954703	.0185127	.186017	0
1136.15	0	.7944096	.01919993	.1863905	0
1135.15	0	.7933518	.01988516	.186763	0
1134.15	0	.7922969	.0205684	.1871347	0
1133.15	0	.7912449	.02124965	.1875054	0
1132.15	0	.7901959	.02192892	.1878752	0
1131.15	0	.7891497	.0226062	.1882441	0
1130.15	0	.7881064	.0232815	.1886121	0
1129.15	0	.7870659	.02395483	.1889793	0
1128.15	0	.7860284	.02462618	.1893455	0
1127.15	0	.7849937	.02529555	.1897108	0
1126.15	0	.7839619	.02596296	.1900752	0
1125.15	0	.7829329	.02662839	.1904387	0
1124.15	0	.7819068	.02729187	.1908013	0
1123.15	0	.7808836	.02795338	.1911631	0
1122.15	0	.7798632	.02861293	.1915239	0
1121.15	0	.7788456	.02927052	.1918839	0
1120.15	0	.7778309	.02992616	.192243	0
1119.15	0	.776819	.03057984	.1926012	0
1118.15	0	.7758099	.03123158	.1929585	0
1117.15	0	.7748037	.03188136	.1933149	0
1116.15	0	.7738003	.03252921	.1936705	0
1115.15	0	.7727997	.03317511	.1940252	0
1114.15	0	.7718019	.03381907	.1943791	0
1113.15	0	.7708069	.03446109	.194732	0
1112.15	0	.7698147	.03510118	.1950842	0
1111.15	0	.7688253	.03573933	.1954354	0
1110.15	0	.7678387	.03637555	.1957858	0
1109.15	0	.7668549	.03700985	.1961353	0
1108.15	0	.7658738	.03764222	.196484	0
1107.15	0	.7648956	.03827267	.1968318	0
1106.15	0	.7639201	.03890119	.1971787	0
1105.15	0	.7629474	.0395278	.1975248	0
1104.15	0	.7619774	.04015249	.1978701	0
1103.15	0	.7610103	.04077526	.1982145	0
1102.15	0	.7600458	.04139613	.198558	0
1101.15	0	.7590842	.04201508	.1989008	0
1100.15	0	.7581252	.04263213	.1992426	0
1099.15	0	.7571691	.04324727	.1995837	0
1098.15	0	.7562156	.04386051	.1999239	0
1097.15	0	.755265	.04447185	.2002632	0
1096.15	0	.754317	.04508129	.2006017	0
1095.15	0	.7533718	.04568883	.2009394	0
1094.15	0	.7524293	.04629448	.2012763	0
1093.15	0	.7514895	.04689824	.2016123	0
1092.15	0	.7505524	.04750011	.2019475	0
1091.15	0	.7496181	.04810009	.2022819	0
1090.15	0	.7486864	.04869819	.2026154	0
1089.15	0	.7477575	.04929441	.2029481	0
1088.15	0	.7468313	.04988874	.20328	0
1087.15	0	.7459077	.0504812	.2036111	0
1086.15	0	.7449869	.05107178	.2039414	0
1085.15	0	.7440687	.05166048	.2042708	0
1084.15	0	.7431533	.05224732	.2045994	0
1083.15	0	.7422405	.05283228	.2049272	0
1082.15	0	.7413304	.05341538	.2052542	0
1081.15	0	.740423	.05399661	.2055804	0
1080.15	0	.7395182	.05457598	.2059058	0
1079.15	0	.7386162	.05515349	.2062304	0
1078.15	0	.7377168	.05572914	.2065541	0
1077.15	0	.73682	.05630293	.2068771	0
1076.15	0	.7359259	.05687487	.2071992	0
1075.15	0	.7350345	.05744496	.2075206	0
1074.15	0	.7341457	.0580132	.2078411	0
1073.15	0	.7332596	.05857959	.2081609	0
1072.15	0	.7323761	.05914413	.2084798	0
1071.15	0	.7314952	.05970683	.208798	0
1070.15	0	.730617	.06026769	.2091153	0
1069.15	0	.7297414	.06082671	.2094319	0
1068.15	0	.7288685	.06138389	.2097476	0
1067.15	0	.7279982	.06193924	.2100626	0
1066.15	0	.7271305	.06249276	.2103768	0
1065.15	0	.7262654	.06304444	.2106902	0
1064.15	0	.7254029	.0635943	.2110028	0
1063.15	0	.7245431	.06414233	.2113146	0
1062.15	0	.7236859	.06468854	.2116256	0
1061.15	0	.7228312	.06523292	.2119359	0
1060.15	0	.7219792	.06577549	.2122453	0
1059.15	0	.7211298	.06631624	.212554	0
1058.15	0	.720283	.06685518	.2128619	0
1057.15	0	.7194387	.0673923	.213169	0
1056.15	0	.7185971	.06792761	.2134753	0
1055.15	0	.717758	.06846112	.2137809	0
1054.15	0	.7169216	.06899282	.2140856	0
1053.15	0	.7160877	.06952272	.2143896	0
1052.15	0	.7152564	.07005082	.2146928	0
1051.15	0	.7144276	.07057711	.2149953	0
1050.15	0	.7136015	.07110162	.2152969	0
1049.15	0	.7127779	.07162433	.2155978	0
1048.15	0	.7119568	.07214524	.2158979	0
1047.15	0	.7111384	.07266437	.2161973	0
1046.15	0	.7103225	.07318171	.2164958	0
1045.15	0	.7095091	.07369727	.2167936	0
1044.15	0	.7086983	.07421105	.2170907	0
1043.15	0	.70789	.07472305	.2173869	0
1042.15	0	.7070843	.07523327	.2176824	0
1041.15	0	.7062812	.07574172	.2179771	0
1040.15	0	.7054805	.07624839	.2182711	0
1039.15	0	.7046824	.0767533	.2185643	0
1038.15	0	.7038869	.07725644	.2188567	0
1037.15	0	.7030939	.07775782	.2191483	0
1036.15	0	.7023033	.07825744	.2194392	0
1035.15	0	.7015154	.0787553	.2197293	0
1034.15	0	.7007299	.07925141	.2200187	0
1033.15	0	.699947	.07974576	.2203073	0
1032.15	0	.6991665	.08023836	.2205951	0
1031.15	0	.6983886	.08072921	.2208822	0
1030.15	0	.6976132	.08121833	.2211685	0
1029.15	0	.6968403	.0817057	.221454	0
1028.15	0	.6960698	.08219133	.2217388	0
1027.15	0	.6953019	.08267523	.2220229	0
1026.15	0	.6945365	.08315739	.2223061	0
1025.15	0	.6937736	.08363783	.2225886	0
1024.15	0	.6930131	.08411654	.2228703	0
1023.15	0	.6922552	.08459352	.2231513	0
1022.15	0	.6914997	.08506879	.2234315	0
1021.15	0	.6907467	.08554234	.223711	0
1020.15	0	.6899961	.08601418	.2239897	0
1019.15	0	.6892481	.0864843	.2242676	0
1018.15	0	.6885025	.08695272	.2245448	0
1017.15	0	.6877593	.08741944	.2248212	0
1016.15	0	.6870187	.08788446	.2250969	0
1015.15	0	.6862804	.08834778	.2253718	0
1014.15	0	.6855447	.08880941	.2256459	0
1013.15	0	.6848113	.08926934	.2259193	0
1012.15	0	.6840805	.0897276	.2261919	0
1011.15	0	.683352	.09018417	.2264638	0
1010.15	0	.682626	.09063907	.2267349	0
1009.15	0	.6819025	.09109229	.2270052	0
1008.15	0	.6811813	.09154384	.2272748	0
1007.15	0	.6804626	.09199372	.2275437	0
1006.15	0	.6797463	.09244194	.2278117	0
1005.15	0	.6790325	.0928885	.228079	0
1004.15	0	.678321	.09333341	.2283456	0
1003.15	0	.677612	.09377667	.2286113	0
1002.15	0	.6769054	.09421829	.2288764	0
1001.15	0	.6762011	.09465826	.2291406	0
1000.15	0	.6754993	.0950966	.2294041	0
999.15	0	.6747998	.0955333	.2296669	0
998.15	0	.6741028	.09596838	.2299288	0
997.15	0	.6734081	.09640184	.23019	0
996.15	0	.6727159	.09683368	.2304505	0
995.15	0	.672026	.0972639	.2307102	0
994.15	0	.6713384	.09769252	.2309691	0
993.15	0	.6706533	.09811954	.2312272	0
992.15	0	.6699705	.09854495	.2314846	0
991.15	0	.66929	.09896878	.2317412	0
990.15	0	.668612	.09939102	.231997	0
989.15	0	.6679362	.09981167	.2322521	0
988.15	0	.6672628	.1002307	.2325064	0
987.15	0	.6665918	.1006483	.2327599	0
986.15	0	.6659231	.1010642	.2330127	0
985.15	0	.6652567	.1014786	.2332647	0
984.15	0	.6645927	.1018914	.2335159	0
983.15	0	.6639309	.1023027	.2337664	0
982.15	0	.6632715	.1027125	.234016	0
981.15	0	.6626144	.1031207	.2342649	0
980.15	0	.6619596	.1035274	.2345131	0
979.15	0	.6613071	.1039325	.2347604	0
978.15	0	.6606569	.1043362	.2350069	0
977.15	0	.660009	.1047383	.2352527	0
976.15	0	.6593633	.105139	.2354977	0
975.15	0	.65872	.1055381	.2357419	0
974.15	0	.6580789	.1059358	.2359853	0
973.15	0	.6574401	.1063319	.236228	0
972.15	0	.6568035	.1067267	.2364698	0
971.15	0	.6561692	.1071199	.2367109	0
970.15	0	.6555371	.1075117	.2369512	0
969.15	0	.6549073	.107902	.2371907	0
968.15	0	.6542797	.1082909	.2374294	0
967.15	0	.6536544	.1086784	.2376673	0
966.15	0	.6530312	.1090644	.2379043	0
965.15	0	.6524103	.1094491	.2381406	0
964.15	0	.6517916	.1098323	.2383761	0
963.15	0	.651175	.1102141	.2386108	0
962.15	0	.6505607	.1105946	.2388447	0
961.15	0	.6499486	.1109736	.2390778	0
960.15	0	.6493386	.1113513	.2393101	0
959.15	0	.6487308	.1117276	.2395416	0
958.15	0	.6481252	.1121026	.2397722	0
957.15	0	.6475217	.1124763	.2400021	0
956.15	0	.6469203	.1128486	.2402311	0
955.15	0	.6463211	.1132196	.2404593	0
954.15	0	.6457241	.1135892	.2406867	0
953.15	0	.6451291	.1139576	.2409133	0
952.15	0	.6445363	.1143247	.241139	0
951.15	0	.6439456	.1146905	.2413639	0
950.15	0	.6433569	.1150551	.241588	0
949.15	0	.6427704	.1154184	.2418113	0
948.15	0	.6421859	.1157805	.2420337	0
947.15	0	.6416035	.1161413	.2422553	0
946.15	0	.6410231	.1165009	.242476	0
945.15	0	.6404448	.1168593	.2426959	0
944.15	0	.6398685	.1172166	.2429149	0
943.15	0	.6392943	.1175726	.2431331	0
942.15	0	.638722	.1179275	.2433505	0
941.15	0	.6381518	.1182812	.243567	0
940.15	0	.6375836	.1186338	.2437826	0
939.15	0	.6370173	.1189853	.2439974	0
938.15	0	.636453	.1193357	.2442113	0
937.15	0	.6358907	.1196849	.2444244	0
936.15	0	.6353304	.1200331	.2446365	0
935.15	0	.6347719	.1203802	.2448478	0
934.15	0	.6342154	.1207263	.2450583	0
933.15	0	.6336608	.1210714	.2452678	0
932.15	0	.6331081	.1214154	.2454765	0
931.15	0	.6325573	.1217585	.2456842	0
930.15	0	.6320084	.1221005	.2458911	0
929.15	0	.6314613	.1224416	.2460971	0
928.15	0	.6309161	.1227818	.2463022	0
927.15	0	.6303727	.123121	.2465064	0
926.15	0	.6298311	.1234593	.2467097	0
925.15	0	.6292913	.1237967	.246912	0
924.15	0	.6287533	.1241332	.2471135	0
923.15	0	.6282171	.1244689	.247314	0
922.15	0	.6276826	.1248038	.2475136	0
921.15	0	.6271499	.1251378	.2477123	0
920.15	0	.626619	.125471	.24791	0
919.15	0	.6260897	.1258035	.2481068	0
918.15	0	.6255621	.1261352	.2483027	0
917.15	0	.6250362	.1264662	.2484976	0
916.15	0	.624512	.1267965	.2486916	0
915.15	0	.6239893	.1271261	.2488846	0
914.15	0	.6234684	.127455	.2490766	0
913.15	0	.622949	.1277833	.2492677	0
912.15	0	.6224312	.1281109	.2494578	0
911.15	0	.621915	.128438	.249647	0
910.15	0	.6214004	.1287645	.2498351	0
909.15	0	.6208872	.1290905	.2500223	0
908.15	0	.6203756	.129416	.2502084	0
907.15	0	.6198655	.1297409	.2503936	0
906.15	0	.6193568	.1300654	.2505777	0
905.15	0	.6188496	.1303895	.2507609	0
904.15	0	.6183439	.1307131	.250943	0
903.15	0	.6178395	.1310364	.2511241	0
902.15	0	.6173365	.1313593	.2513042	0
901.15	0	.6168349	.1316819	.2514832	0
900.15	0	.6163346	.1320042	.2516612	0
899.15	0	.6158356	.1323262	.2518382	0
898.15	0	.6153379	.132648	.2520141	0
897.15	0	.6148415	.1329696	.2521889	0
896.15	0	.6143463	.1332911	.2523626	0
895.15	0	.6138523	.1336124	.2525353	0
894.15	0	.6133595	.1339336	.2527069	0
893.15	0	.6128679	.1342547	.2528774	0
892.15	0	.6123774	.1345758	.2530468	0
891.15	0	.611888	.1348969	.2532151	0
890.15	0	.6113997	.1352181	.2533822	0
889.15	0	.6109124	.1355393	.2535483	0
888.15	0	.6104262	.1358606	.2537132	0
887.15	0	.609941	.1361821	.2538769	0
886.15	0	.6094567	.1365038	.2540396	0
885.15	0	.6089733	.1368257	.254201	0
884.15	0	.6084908	.1371479	.2543613	0
883.15	0	.6080092	.1374704	.2545204	0
882.15	0	.6075285	.1377932	.2546783	0
881.15	0	.6070485	.1381165	.254835	0
880.15	0	.6065693	.1384402	.2549905	0
879.15	0	.6060908	.1387644	.2551448	0
878.15	0	.605613	.1390891	.2552979	0
877.15	0	.6051359	.1394144	.2554497	0
876.15	0	.6046594	.1397404	.2556003	0
875.15	0	.6041834	.140067	.2557496	0
874.15	0	.603708	.1403944	.2558976	0
873.15	0	.6032331	.1407225	.2560444	0
872.15	0	.6027587	.1410515	.2561898	0
871.15	0	.6022847	.1413813	.256334	0
870.15	0	.6018111	.1417121	.2564768	0
869.15	0	.6013378	.1420439	.2566183	0
868.15	0	.6008648	.1423768	.2567584	0
867.15	0	.600392	.1427108	.2568972	0
866.15	0	.5999194	.143046	.2570346	0
865.15	0	.599447	.1433823	.2571707	0
864.15	0	.5989747	.14372	.2573053	0
863.15	0	.5985024	.1440591	.2574385	0
862.15	0	.5980301	.1443996	.2575703	0
861.15	0	.5975578	.1447416	.2577006	0
860.15	0	.5970854	.1450852	.2578294	0
859.15	0	.5966128	.1454304	.2579568	0
858.15	0	.59614	.1457773	.2580827	0
857.15	0	.5956669	.146126	.258207	0
856.15	0	.5951935	.1464766	.2583299	0
855.15	0	.5947197	.1468291	.2584511	0
854.15	0	.5942455	.1471837	.2585708	0
853.15	0	.5937707	.1475404	.2586889	0
852.15	0	.5932953	.1478992	.2588054	0
851.15	0	.5928193	.1482604	.2589203	0
850.15	0	.5923426	.1486239	.2590335	0
849.15	0	.5918651	.1489899	.259145	0
848.15	0	.5913867	.1493585	.2592549	0
847.15	0	.5909073	.1497297	.259363	0
846.15	0	.590427	.1501037	.2594693	0
845.15	0	.5899455	.1504806	.2595739	0
844.15	0	.5894629	.1508605	.2596767	0
843.15	0	.5889789	.1512435	.2597776	0
842.15	0	.5884937	.1516296	.2598767	0
841.15	0	.5880069	.1520192	.2599739	0
840.15	0	.5875186	.1524122	.2600692	0
839.15	0	.5870287	.1528088	.2601625	0
838.15	0	.586537	.1532091	.2602539	0
837.15	0	.5860435	.1536133	.2603432	0
836.15	0	.585548	.1540215	.2604305	0
835.15	0	.5850504	.1544338	.2605157	0
834.15	0	.5845507	.1548505	.2605988	0
833.15	0	.5840486	.1552717	.2606797	0
832.15	0	.5835441	.1556975	.2607584	0
831.15	0	.5830369	.1561282	.2608349	0
830.15	0	.5825271	.1565638	.260909	0
829.15	0	.5820144	.1570047	.2609808	0
828.15	0	.5814987	.157451	.2610502	0
827.15	0	.5809798	.1579029	.2611172	0
826.15	0	.5804576	.1583607	.2611817	0
825.15	0	.5799319	.1588246	.2612436	0
824.15	0	.5794024	.1592948	.2613029	0
823.15	0	.5788691	.1597715	.2613594	0
822.15	0	.5783316	.1602551	.2614133	0
821.15	0	.5777899	.1607458	.2614643	0
820.15	0	.5772436	.161244	.2615124	0
819.15	0	.5766925	.16175	.2615575	0
818.15	0	.5761364	.162264	.2615996	0
817.15	0	.575575	.1627865	.2616385	0
816.15	0	.5750081	.1633177	.2616742	0
815.15	0	.5744352	.1638583	.2617065	0
814.15	0	.5738562	.1644085	.2617354	0
813.15	0	.5732706	.1649688	.2617607	0
812.15	0	.572678	.1655397	.2617823	0
811.15	0	.5720782	.1661217	.2618001	0
810.15	0	.5714706	.1667155	.2618139	0
809.15	0	.5708549	.1673215	.2618236	0
808.15	0	.5702305	.1679405	.2618291	0
807.15	0	.5695968	.1685731	.2618301	0
806.15	0	.5689534	.1692202	.2618264	0
805.15	0	.5682995	.1698826	.2618179	0
804.15	0	.5676346	.1705611	.2618043	0
803.15	0	.5669579	.1712567	.2617854	0
802.15	0	.5662685	.1719706	.2617609	0
801.15	0	.5655655	.1727039	.2617306	0
800.15	0	.564848	.173458	.261694	0
799.15	0	.5641148	.1742343	.2616509	0
798.15	0	.5633648	.1750345	.2616008	0
797.15	0	.5625965	.1758603	.2615432	0
796.15	0	.5618084	.1767138	.2614778	0
795.15	0	.5609987	.1775974	.2614039	0
794.15	0	.5601655	.1785137	.2613208	0
793.15	0	.5591582	.179653	.2611888	0
792.15	0	.5575133	.1816034	.2608833	0
791.15	0	.5559872	.18341	.2606028	0
790.15	0	.5545658	.185091	.2603433	0
789.15	0	.5532331	.186664	.260103	0
788.15	0	.5519804	.1881405	.2598791	0
787.15	0	.5507992	.1895312	.2596696	0
786.15	0	.5496822	.1908449	.2594729	0
785.15	0	.5486232	.192089	.2592878	0
784.15	0	.5476169	.19327	.2591131	0
783.15	0	.5466588	.1943935	.2589477	0
782.15	0	.5457448	.1954643	.2587909	0
781.15	0	.5448715	.1964866	.2586419	0
780.15	0	.5440357	.1974644	.2584999	0
779.15	0	.5432347	.1984008	.2583645	0
778.15	0	.542466	.1992988	.2582352	0
777.15	0	.5417274	.2001612	.2581114	0
776.15	0	.5410169	.2009904	.2579927	0
775.15	0	.5403328	.2017884	.2578789	0
774.15	0	.5396733	.2025573	.2577695	0
773.15	0	.539037	.2032988	.2576642	0
772.15	0	.5384226	.2040147	.2575628	0
771.15	0	.5378287	.2047063	.257465	0
770.15	0	.5372543	.2053751	.2573706	0
769.15	0	.5366983	.2060223	.2572794	0
768.15	0	.5361597	.2066491	.2571912	0
767.15	0	.5356376	.2072566	.2571058	0
766.15	0	.5351312	.2078458	.257023	0
765.15	0	.5346397	.2084176	.2569427	0
764.15	0	.5341624	.2089728	.2568648	0
763.15	0	.5336986	.2095123	.2567891	0
762.15	0	.5332477	.2100368	.2567155	0
761.15	0	.5328091	.210547	.2566439	0
760.15	0	.5323822	.2110436	.2565742	0
759.15	0	.5319665	.2115272	.2565063	0
758.15	0	.5315616	.2119983	.25644	0
757.15	0	.531167	.2124576	.2563754	0
756.15	0	.5307822	.2129055	.2563123	0
755.15	0	.5304068	.2133424	.2562507	0
754.15	0	.5300406	.213769	.2561905	0
753.15	0	.529683	.2141855	.2561315	0
752.15	0	.5293338	.2145924	.2560739	0
751.15	0	.5289926	.21499	.2560174	0
750.15	0	.5286591	.2153788	.2559621	0
749.15	0	.5283331	.2157591	.2559078	0
748.15	0	.5280142	.2161312	.2558547	0
747.15	0	.5277022	.2164953	.2558025	0
746.15	0	.5273969	.2168519	.2557512	0
745.15	0	.527098	.2172012	.2557009	0
744.15	0	.5268052	.2175434	.2556514	0
743.15	0	.5265185	.2178788	.2556027	0
742.15	0	.5262374	.2182077	.2555549	0
741.15	0	.525962	.2185302	.2555078	0
740.15	0	.5256919	.2188467	.2554614	0
739.15	0	.525427	.2191572	.2554157	0
738.15	0	.5251672	.2194621	.2553707	0
737.15	0	.5249122	.2197615	.2553264	0
736.15	0	.5246619	.2200555	.2552826	0
735.15	0	.5244162	.2203444	.2552394	0
734.15	0	.5241748	.2206283	.2551968	0
733.15	0	.5239378	.2209074	.2551548	0
732.15	0	.5237049	.2211819	.2551132	0
731.15	0	.523476	.2214518	.2550722	0
730.15	0	.523251	.2217174	.2550316	0
729.15	0	.5230298	.2219787	.2549915	0
728.15	0	.5228122	.2222359	.2549518	0
727.15	0	.5225983	.2224892	.2549126	0
726.15	0	.5223877	.2227386	.2548737	0
725.15	0	.5221805	.2229842	.2548353	0
724.15	0	.5219766	.2232263	.2547972	0
723.15	0	.5217758	.2234647	.2547594	0
722.15	0	.5215781	.2236998	.254722	0
721.15	0	.5213834	.2239316	.254685	0
720.15	0	.5211916	.2241601	.2546483	0
719.15	0	.5210027	.2243855	.2546118	0
718.15	0	.5208164	.2246079	.2545757	0
717.15	0	.5206329	.2248273	.2545398	0
716.15	0	.520452	.2250438	.2545042	0
715.15	0	.5202736	.2252575	.2544689	0
714.15	0	.5200977	.2254685	.2544338	0
713.15	0	.5199242	.2256769	.254399	0
712.15	0	.519753	.2258827	.2543644	0
711.15	0	.5195841	.2260859	.25433	0
710.15	0	.5194174	.2262868	.2542958	0
709.15	0	.5192529	.2264852	.2542618	0
708.15	0	.5190906	.2266814	.2542281	0
707.15	0	.5189302	.2268753	.2541945	0
706.15	0	.5187719	.227067	.2541611	0
705.15	0	.5186156	.2272566	.2541278	0
704.15	0	.5184612	.2274441	.2540948	0
703.15	0	.5183086	.2276295	.2540618	0
702.15	0	.5181579	.227813	.2540291	0
701.15	0	.5180089	.2279946	.2539965	0
700.15	0	.5178617	.2281743	.253964	0
699.15	0	.5177162	.2283521	.2539317	0
698.15	0	.5175724	.2285282	.2538995	0
697.15	0	.5174302	.2287025	.2538674	0
696.15	0	.5172895	.2288751	.2538354	0
695.15	0	.5171504	.229046	.2538036	0
694.15	0	.5170128	.2292153	.2537719	0
693.15	0	.5168767	.2293831	.2537402	0
692.15	0	.5167421	.2295492	.2537087	0
691.15	0	.5166089	.2297139	.2536773	0
690.15	0	.516477	.2298771	.2536459	0
689.15	0	.5163465	.2300388	.2536146	0
688.15	0	.5162174	.2301992	.2535835	0
687.15	0	.5160895	.2303581	.2535524	0
686.15	0	.5159629	.2305157	.2535214	0
685.15	0	.5158375	.230672	.2534904	0
684.15	0	.5157134	.230827	.2534596	0
683.15	0	.5155905	.2309808	.2534288	0
682.15	0	.5154687	.2311333	.253398	0
681.15	0	.515348	.2312846	.2533673	0
680.15	0	.5152285	.2314348	.2533367	0
679.15	0	.5151101	.2315837	.2533062	0
678.15	0	.5149928	.2317316	.2532756	0
677.15	0	.5148765	.2318783	.2532452	0
676.15	0	.5147613	.232024	.2532148	0
675.15	0	.514647	.2321686	.2531844	0
674.15	0	.5145338	.2323122	.2531541	0
673.15	0	.5144215	.2324547	.2531238	0
672.15	0	.5143102	.2325963	.2530935	0
671.15	0	.5141998	.2327369	.2530633	0
670.15	0	.5140904	.2328765	.2530331	0
669.15	0	.5139818	.2330152	.253003	0
668.15	0	.5138742	.233153	.2529729	0
667.15	0	.5137674	.2332898	.2529428	0
666.15	0	.5136614	.2334258	.2529127	0
665.15	0	.5135563	.233561	.2528827	0
664.15	0	.5134521	.2336953	.2528527	0
663.15	0	.5133486	.2338287	.2528227	0
662.15	0	.5132459	.2339614	.2527927	0
661.15	0	.5131441	.2340932	.2527627	0
660.15	0	.5130429	.2342243	.2527328	0
659.15	0	.5129425	.2343545	.2527029	0
658.15	0	.5128429	.2344841	.252673	0
657.15	0	.512744	.2346129	.2526431	0
656.15	0	.5126458	.2347409	.2526132	0
655.15	0	.5125483	.2348683	.2525834	0
654.15	0	.5124516	.2349949	.2525535	0
653.15	0	.5123554	.2351209	.2525237	0
652.15	0	.51226	.2352462	.2524939	0
651.15	0	.5121652	.2353708	.252464	0
650.15	0	.5120711	.2354947	.2524342	0
649.15	0	.5119776	.235618	.2524044	0
648.15	0	.5118847	.2357407	.2523746	0
647.15	0	.5117924	.2358628	.2523448	0
646.15	0	.5117008	.2359843	.252315	0
645.15	0	.5116097	.2361051	.2522852	0
644.15	0	.5115192	.2362254	.2522554	0
643.15	0	.5114293	.2363451	.2522256	0
642.15	0	.51134	.2364642	.2521958	0
641.15	0	.5112512	.2365827	.252166	0
640.15	0	.511163	.2367007	.2521363	0
639.15	0	.5110754	.2368182	.2521065	0
638.15	0	.5109882	.2369351	.2520767	0
637.15	0	.5109016	.2370515	.2520469	0
636.15	0	.5108156	.2371673	.2520171	0
635.15	0	.51073	.2372827	.2519873	0
634.15	0	.5106449	.2373976	.2519575	0
633.15	0	.5105604	.2375119	.2519277	0
632.15	0	.5104763	.2376258	.2518979	0
631.15	0	.5103927	.2377392	.2518681	0
630.15	0	.5103096	.2378521	.2518383	0
629.15	0	.510227	.2379646	.2518085	0
628.15	0	.5101448	.2380766	.2517787	0
627.15	0	.5100631	.2381881	.2517488	0
626.15	0	.5099818	.2382992	.251719	0
625.15	0	.509901	.2384099	.2516892	0
624.15	0	.5098206	.2385201	.2516593	0
623.15	0	.5097407	.2386299	.2516295	0
622.15	0	.5096612	.2387392	.2515996	0
621.15	0	.5095821	.2388482	.2515698	0
620.15	0	.5095034	.2389567	.2515399	0
619.15	0	.5094251	.2390648	.25151	0
618.15	0	.5093473	.2391726	.2514802	0
617.15	0	.5092698	.2392799	.2514503	0
616.15	0	.5091928	.2393868	.2514204	0
615.15	0	.5091161	.2394934	.2513905	0
614.15	0	.5090398	.2395995	.2513606	0
613.15	0	.5089639	.2397053	.2513307	0
612.15	0	.5088884	.2398108	.2513008	0
611.15	0	.5088133	.2399158	.2512709	0
610.15	0	.5087385	.2400205	.251241	0
609.15	0	.5086641	.2401248	.251211	0
608.15	0	.5085901	.2402288	.2511811	0
607.15	0	.5085164	.2403324	.2511512	0
606.15	0	.5084431	.2404357	.2511212	0
605.15	0	.5083701	.2405386	.2510913	0
604.15	0	.5082975	.2406412	.2510613	0
603.15	0	.5082252	.2407434	.2510314	0
602.15	0	.5081532	.2408453	.2510014	0
601.15	0	.5080816	.2409469	.2509715	0
600.15	0	.5080103	.2410482	.2509415	0
599.15	0	.5079394	.2411491	.2509115	0
598.15	0	.5078687	.2412497	.2508815	0
597.15	0	.5077984	.24135	.2508516	0
596.15	0	.5077284	.24145	.2508216	0
595.15	0	.5076587	.2415497	.2507916	0
594.15	0	.5075894	.2416491	.2507616	0
593.15	0	.5075203	.2417481	.2507316	0
592.15	0	.5074515	.2418469	.2507016	0
591.15	0	.5073831	.2419454	.2506716	0
590.15	0	.5073149	.2420435	.2506416	0
589.15	0	.507247	.2421414	.2506116	0
588.15	0	.5071795	.242239	.2505816	0
587.15	0	.5071122	.2423363	.2505516	0
586.15	0	.5070452	.2424333	.2505216	0
585.15	0	.5069785	.24253	.2504916	0
584.15	0	.5069121	.2426264	.2504615	0
583.15	0	.5068459	.2427226	.2504315	0
582.15	0	.5067801	.2428184	.2504015	0
581.15	0	.5067145	.242914	.2503715	0
580.15	0	.5066491	.2430094	.2503415	0
579.15	0	.5065841	.2431044	.2503115	0
578.15	0	.5065193	.2431992	.2502815	0
577.15	0	.5064548	.2432937	.2502515	0
576.15	0	.5063906	.2433879	.2502215	0
575.15	0	.5063266	.2434819	.2501915	0
574.15	0	.5062629	.2435756	.2501615	0
573.15	0	.5061994	.2436691	.2501315	0
572.15	0	.5061362	.2437623	.2501015	0
571.15	0	.5060732	.2438552	.2500715	0
570.15	0	.5060105	.2439479	.2500416	0
569.15	0	.5059481	.2440404	.2500116	0
568.15	0	.5058859	.2441325	.2499816	0
567.15	0	.5058239	.2442245	.2499517	0
566.15	0	.5057622	.2443161	.2499217	0
565.15	0	.5057007	.2444075	.2498918	0
564.15	0	.5056395	.2444987	.2498618	0
563.15	0	.5055785	.2445896	.2498319	0
562.15	0	.5055177	.2446803	.249802	0
561.15	0	.5054572	.2447708	.2497721	0
560.15	0	.5053969	.2448609	.2497422	0
559.15	0	.5053368	.2449509	.2497123	0
558.15	0	.505277	.2450406	.2496824	0
557.15	0	.5052174	.2451301	.2496525	0
556.15	0	.5051581	.2452193	.2496226	0
555.15	0	.5050989	.2453083	.2495928	0
554.15	0	.50504	.2453971	.2495629	0
553.15	0	.5049813	.2454856	.2495331	0
552.15	0	.5049229	.2455739	.2495033	0
551.15	0	.5048646	.2456619	.2494735	0
550.15	0	.5048066	.2457497	.2494437	0
549.15	0	.5047488	.2458373	.2494139	0
548.15	0	.5046912	.2459246	.2493841	0
547.15	0	.5046338	.2460118	.2493544	0
546.15	0	.5045767	.2460987	.2493247	0
545.15	0	.5045197	.2461853	.249295	0
544.15	0	.504463	.2462717	.2492653	0
543.15	0	.5044065	.2463579	.2492356	0
542.15	0	.5043502	.2464439	.2492059	0
541.15	0	.5042941	.2465297	.2491763	0
540.15	0	.5042382	.2466152	.2491466	0
539.15	0	.5041825	.2467005	.249117	0
538.15	0	.504127	.2467855	.2490874	0
537.15	0	.5040718	.2468704	.2490579	0
536.15	0	.5040168	.246955	.2490282	0
535.15	0	.503962	.2470394	.2489987	0
534.15	0	.5039073	.2471235	.2489692	0
533.15	0	.5038529	.2472075	.2489397	0
532.15	0	.5037986	.2472912	.2489102	0
531.15	0	.5037445	.2473747	.2488808	0
530.15	0	.5036907	.247458	.2488513	0
529.15	0	.503637	.247541	.248822	0
528.15	0	.5035835	.2476239	.2487926	0
527.15	0	.5035303	.2477065	.2487633	0
526.15	0	.5034772	.2477889	.2487339	0
525.15	0	.5034243	.247871	.2487046	0
524.15	0	.5033716	.247953	.2486754	0
523.15	0	.5033191	.2480347	.2486462	0
522.15	0	.5032668	.2481162	.2486169	0
521.15	0	.5032147	.2481975	.2485878	0
520.15	0	.5031628	.2482786	.2485586	0
519.15	0	.5031111	.2483594	.2485295	0
518.15	0	.5030595	.2484401	.2485004	0
517.15	0	.5030082	.2485205	.2484713	0
516.15	0	.502957	.2486007	.2484423	0
515.15	0	.502906	.2486807	.2484133	0
514.15	0	.5028552	.2487604	.2483843	0
513.15	0	.5028046	.24884	.2483554	0
512.15	0	.5027542	.2489193	.2483265	0
511.15	0	.502704	.2489984	.2482976	0
510.15	0	.5026539	.2490773	.2482688	0
509.15	0	.5026041	.2491559	.24824	0
508.15	0	.5025544	.2492344	.2482112	0
507.15	0	.5025049	.2493126	.2481825	0
506.15	0	.5024555	.2493906	.2481538	0
505.15	0	.5024064	.2494684	.2481252	0
504.15	0	.5023574	.249546	.2480966	0
503.15	0	.5023087	.2496233	.248068	0
502.15	0	.5022601	.2497005	.2480395	0
501.15	0	.5022117	.2497774	.248011	0
500.15	0	.5021634	.2498541	.2479825	0
499.15	0	.5021153	.2499306	.2479541	0
498.15	0	.5020675	.2500069	.2479257	0
497.15	0	.5020197	.2500829	.2478974	0
496.15	0	.5019722	.2501587	.2478691	0
495.15	0	.5019248	.2502343	.2478408	0
494.15	0	.5018777	.2503097	.2478126	0
493.15	0	.5018307	.2503849	.2477844	0
492.15	0	.5017838	.2504599	.2477563	0
491.15	0	.5017372	.2505346	.2477282	0
490.15	0	.5016907	.2506091	.2477002	0
489.15	0	.5016444	.2506834	.2476722	0
488.15	0	.5015982	.2507575	.2476443	0
487.15	0	.5015523	.2508313	.2476164	0
486.15	0	.5015065	.250905	.2475886	0
485.15	0	.5014609	.2509784	.2475608	0
484.15	0	.5014154	.2510516	.247533	0
483.15	0	.5013701	.2511246	.2475053	0
482.15	0	.501325	.2511973	.2474776	0
481.15	0	.5012801	.2512698	.2474501	0
480.15	0	.5012353	.2513421	.2474225	0
479.15	0	.5011908	.2514142	.247395	0
478.15	0	.5011463	.2514861	.2473676	0
477.15	0	.5011021	.2515578	.2473402	0
476.15	0	.501058	.2516292	.2473128	0
475.15	0	.5010141	.2517004	.2472855	0
474.15	0	.5009703	.2517714	.2472583	0
473.15	0	.5009267	.2518421	.2472311	0
472.15	0	.5008833	.2519127	.247204	0
471.15	0	.5008401	.251983	.2471769	0
470.15	0	.500797	.2520531	.2471499	0
469.15	0	.5007541	.252123	.247123	0
468.15	0	.5007113	.2521926	.2470961	0
467.15	0	.5006688	.252262	.2470692	0
466.15	0	.5006264	.2523312	.2470424	0
465.15	0	.5005841	.2524002	.2470157	0
464.15	0	.500542	.2524689	.246989	0
463.15	0	.5005001	.2525375	.2469624	0
462.15	0	.5004584	.2526058	.2469359	0
461.15	0	.5004168	.2526738	.2469094	0
460.15	0	.5003754	.2527417	.246883	0
459.15	0	.5003341	.2528093	.2468566	0
458.15	0	.500293	.2528767	.2468303	0
457.15	0	.5002521	.2529439	.2468041	0
456.15	0	.5002113	.2530108	.2467779	0
455.15	0	.5001707	.2530775	.2467518	0
454.15	0	.5001303	.253144	.2467257	0
453.15	0	.50009	.2532102	.2466998	0
452.15	0	.5000499	.2532763	.2466738	0
451.15	0	.5000099	.2533421	.246648	0
450.15	0	.4999702	.2534076	.2466222	0
449.15	0	.4999306	.2534729	.2465965	0
448.15	0	.4998911	.253538	.2465709	0
447.15	0	.4998519	.2536028	.2465453	0
446.15	0	.4998128	.2536674	.2465198	0
445.15	0	.4997739	.2537317	.2464944	0
444.15	0	.4997351	.2537958	.2464691	0
443.15	0	.4996966	.2538596	.2464438	0
442.15	0	.4996582	.2539231	.2464186	0
441.15	0	.49962	.2539864	.2463936	0
440.15	0	.499582	.2540495	.2463686	0
439.15	0	.4995442	.2541122	.2463436	0
438.15	0	.4995065	.2541747	.2463188	0
437.15	0	.4994691	.2542369	.246294	0
436.15	0	.4994319	.2542988	.2462694	0
435.15	0	.4993948	.2543604	.2462448	0
434.15	0	.499358	.2544217	.2462203	0
433.15	0	.4993213	.2544828	.2461959	0
432.15	0	.4992848	.2545435	.2461717	0
431.15	0	.4992486	.254604	.2461475	0
430.15	0	.4992125	.2546641	.2461234	0
429.15	0	.4991767	.2547239	.2460994	0
428.15	0	.499141	.2547835	.2460755	0
427.15	0	.4991056	.2548427	.2460517	0
426.15	0	.4990703	.2549017	.246028	0
425.15	0	.4990353	.2549603	.2460044	0
424.15	0	.4990004	.2550186	.2459809	0
423.15	0	.4989658	.2550767	.2459575	0
422.15	0	.4989314	.2551344	.2459343	0
421.15	0	.4988972	.2551917	.2459111	0
420.15	0	.4988632	.2552488	.245888	0
419.15	0	.4988294	.2553056	.2458651	0
418.15	0	.4987958	.255362	.2458422	0
417.15	0	.4987624	.2554182	.2458195	0
416.15	0	.4987292	.255474	.2457968	0
415.15	0	.4986962	.2555295	.2457743	0
414.15	0	.4986635	.2555847	.2457519	0
413.15	0	.4986309	.2556395	.2457296	0
412.15	0	.4985986	.2556941	.2457074	0
411.15	0	.4985664	.2557483	.2456853	0
410.15	0	.4985345	.2558022	.2456633	0
409.15	0	.4985027	.2558558	.2456415	0
408.15	0	.4984712	.2559091	.2456197	0
407.15	0	.4984398	.2559621	.2455981	0
406.15	0	.4984087	.2560148	.2455765	0
405.15	0	.4983778	.2560671	.2455551	0
404.15	0	.4983471	.2561191	.2455338	0
403.15	0	.4983165	.2561708	.2455126	0
402.15	0	.4982862	.2562222	.2454916	0
401.15	0	.4982561	.2562733	.2454706	0
