T	 BPW(LIQUID)	BPW(BCC_A2)	BPW(FCC_A1)	BPW(LAVES_PHASE_C14)	BPW(NI3TI)
1473.15	0	.8989491	.1010509	0	0
1472.15	0	.8968624	.1031376	0	0
1471.15	0	.8947795	.1052205	0	0
1470.15	0	.8927003	.1072997	0	0
1469.15	0	.890625	.109375	0	0
1468.15	0	.8885534	.1114466	0	0
1467.15	0	.8864856	.1135144	0	0
1466.15	0	.8844217	.1155784	0	0
1465.15	0	.8823614	.1176386	0	0
1464.15	0	.880305	.119695	0	0
1463.15	0	.8782523	.1217477	0	0
1462.15	0	.8762035	.1237966	0	0
1461.15	0	.8741583	.1258417	0	0
1460.15	0	.8721169	.1278831	0	0
1459.15	0	.8700793	.1299207	0	0
1458.15	0	.8680454	.1319546	0	0
1457.15	0	.8660153	.1339847	0	0
1456.15	0	.8639889	.1360111	0	0
1455.15	0	.8619662	.1380338	0	0
1454.15	0	.8599473	.1400527	0	0
1453.15	0	.8579321	.1420679	0	0
1452.15	0	.8559206	.1440794	0	0
1451.15	0	.8539129	.1460871	0	0
1450.15	0	.8519088	.1480912	0	0
1449.15	0	.8499085	.1500915	0	0
1448.15	0	.8479119	.1520881	0	0
1447.15	0	.845919	.154081	0	0
1446.15	0	.8439298	.1560702	0	0
1445.15	0	.8419443	.1580557	0	0
1444.15	0	.8399625	.1600375	0	0
1443.15	0	.8379844	.1620156	0	0
1442.15	0	.83601	.16399	0	0
1441.15	0	.8340392	.1659608	0	0
1440.15	0	.8320722	.1679279	0	0
1439.15	0	.8301088	.1698912	0	0
1438.15	0	.8281491	.1718509	0	0
1437.15	0	.826193	.173807	0	0
1436.15	0	.8242407	.1757593	0	0
1435.15	0	.822292	.177708	0	0
1434.15	0	.8203469	.1796531	0	0
1433.15	0	.8184055	.1815945	0	0
1432.15	0	.8164678	.1835322	0	0
1431.15	0	.8145338	.1854662	0	0
1430.15	0	.8126033	.1873967	0	0
1429.15	0	.8106766	.1893234	0	0
1428.15	0	.8087535	.1912466	0	0
1427.15	0	.806834	.193166	0	0
1426.15	0	.8049181	.1950819	0	0
1425.15	0	.8030059	.1969941	0	0
1424.15	0	.8010974	.1989026	0	0
1423.15	0	.7991924	.2008076	0	0
1422.15	0	.7972911	.2027089	0	0
1421.15	0	.7953934	.2046066	0	0
1420.15	0	.7934994	.2065006	0	0
1419.15	0	.7916089	.2083911	0	0
1418.15	0	.7897221	.2102779	0	0
1417.15	0	.7878389	.2121611	0	0
1416.15	0	.7859594	.2140406	0	0
1415.15	0	.7840834	.2159166	0	0
1414.15	0	.782211	.217789	0	0
1413.15	0	.7803423	.2196577	0	0
1412.15	0	.7784772	.2215228	0	0
1411.15	0	.7766156	.2233844	0	0
1410.15	0	.7747577	.2252423	0	0
1409.15	0	.7729034	.2270966	0	0
1408.15	0	.7710527	.2289474	0	0
1407.15	0	.7692055	.2307945	0	0
1406.15	0	.767362	.232638	0	0
1405.15	0	.7655221	.2344779	0	0
1404.15	0	.7636857	.2363143	0	0
1403.15	0	.761853	.238147	0	0
1402.15	0	.7600238	.2399762	0	0
1401.15	0	.7581982	.2418018	0	0
1400.15	0	.7563763	.2436237	0	0
1399.15	0	.7545579	.2454421	0	0
1398.15	0	.7527431	.247257	0	0
1397.15	0	.7509318	.2490682	0	0
1396.15	0	.7491242	.2508758	0	0
1395.15	0	.7473201	.2526799	0	0
1394.15	0	.7455196	.2544804	0	0
1393.15	0	.7437227	.2562773	0	0
1392.15	0	.7419294	.2580706	0	0
1391.15	0	.7401397	.2598603	0	0
1390.15	0	.7383535	.2616465	0	0
1389.15	0	.7365709	.2634291	0	0
1388.15	0	.7347919	.2652081	0	0
1387.15	0	.7330165	.2669835	0	0
1386.15	0	.7312446	.2687554	0	0
1385.15	0	.7294764	.2705236	0	0
1384.15	0	.7277117	.2722884	0	0
1383.15	0	.7259505	.2740495	0	0
1382.15	0	.724193	.275807	0	0
1381.15	0	.722439	.277561	0	0
1380.15	0	.7206886	.2793114	0	0
1379.15	0	.7189417	.2810583	0	0
1378.15	0	.7171985	.2828015	0	0
1377.15	0	.7154588	.2845412	0	0
1376.15	0	.7137227	.2862773	0	0
1375.15	0	.7119901	.2880099	0	0
1374.15	0	.7102612	.2897388	0	0
1373.15	0	.7085358	.2914642	0	0
1372.15	0	.706814	.2931861	0	0
1371.15	0	.7050957	.2949043	0	0
1370.15	0	.7033811	.2966189	0	0
1369.15	0	.70167	.29833	0	0
1368.15	0	.6999625	.3000376	0	0
1367.15	0	.6982585	.3017415	0	0
1366.15	0	.6965582	.3034418	0	0
1365.15	0	.6948614	.3051386	0	0
1364.15	0	.6931682	.3068318	0	0
1363.15	0	.6914786	.3085214	0	0
1362.15	0	.6897926	.3102074	0	0
1361.15	0	.6881101	.3118899	0	0
1360.15	0	.6864313	.3135687	0	0
1359.15	0	.684756	.315244	0	0
1358.15	0	.6830843	.3169157	0	0
1357.15	0	.6814162	.3185838	0	0
1356.15	0	.6797517	.3202483	0	0
1355.15	0	.6780908	.3219092	0	0
1354.15	0	.6764335	.3235665	0	0
1353.15	0	.6747798	.3252202	0	0
1352.15	0	.6731297	.3268703	0	0
1351.15	0	.6714831	.3285169	0	0
1350.15	0	.6698402	.3301598	0	0
1349.15	0	.6682009	.3317991	0	0
1348.15	0	.6665652	.3334348	0	0
1347.15	0	.6649331	.3350669	0	0
1346.15	0	.6633046	.3366954	0	0
1345.15	0	.6616797	.3383203	0	0
1344.15	0	.6600585	.3399415	0	0
1343.15	0	.6584408	.3415592	0	0
1342.15	0	.6568268	.3431732	0	0
1341.15	0	.6552164	.3447836	0	0
1340.15	0	.6536096	.3463904	0	0
1339.15	0	.6520065	.3479935	0	0
1338.15	0	.650407	.349593	0	0
1337.15	0	.6488111	.3511889	0	0
1336.15	0	.6472189	.3527811	0	0
1335.15	0	.6456302	.3543698	0	0
1334.15	0	.6440453	.3559547	0	0
1333.15	0	.642464	.357536	0	0
1332.15	0	.6408863	.3591137	0	0
1331.15	0	.6393123	.3606877	0	0
1330.15	0	.637742	.362258	0	0
1329.15	0	.6361753	.3638247	0	0
1328.15	0	.6346123	.3653877	0	0
1327.15	0	.6330529	.3669471	0	0
1326.15	0	.6314973	.3685027	0	0
1325.15	0	.6299453	.3700547	0	0
1324.15	0	.628397	.371603	0	0
1323.15	0	.6268523	.3731477	0	0
1322.15	0	.6253114	.3746886	0	0
1321.15	0	.6237742	.3762258	0	0
1320.15	0	.6222406	.3777594	0	0
1319.15	0	.6207108	.3792892	0	0
1318.15	0	.6191847	.3808153	0	0
1317.15	0	.6176622	.3823378	0	0
1316.15	0	.6161435	.3838565	0	0
1315.15	0	.6146286	.3853714	0	0
1314.15	0	.6131173	.3868827	0	0
1313.15	0	.6116098	.3883902	0	0
1312.15	0	.610106	.389894	0	0
1311.15	0	.608606	.391394	0	0
1310.15	0	.6071097	.3928903	0	0
1309.15	0	.6056172	.3943828	0	0
1308.15	0	.6041284	.3958716	0	0
1307.15	0	.6026434	.3973566	0	0
1306.15	0	.6011622	.3988378	0	0
1305.15	0	.5996848	.4003152	0	0
1304.15	0	.5982111	.4017889	0	0
1303.15	0	.5967413	.4032587	0	0
1302.15	0	.5952752	.4047248	0	0
1301.15	0	.5938129	.4061871	0	0
1300.15	0	.5923545	.4076455	0	0
1299.15	0	.5908998	.4091002	0	0
1298.15	0	.589449	.410551	0	0
1297.15	0	.588002	.411998	0	0
1296.15	0	.5865589	.4134411	0	0
1295.15	0	.5851196	.4148804	0	0
1294.15	0	.5836842	.4163158	0	0
1293.15	0	.5822526	.4177474	0	0
1292.15	0	.5808248	.4191752	0	0
1291.15	0	.579401	.420599	0	0
1290.15	0	.577981	.422019	0	0
1289.15	0	.5765649	.4234351	0	0
1288.15	0	.5751528	.4248472	0	0
1287.15	0	.5737445	.4262555	0	0
1286.15	0	.5723401	.4276599	0	0
1285.15	0	.5709397	.4290603	0	0
1284.15	0	.5695432	.4304568	0	0
1283.15	0	.5681506	.4318494	0	0
1282.15	0	.566762	.433238	0	0
1281.15	0	.5653773	.4346227	0	0
1280.15	0	.5639966	.4360034	0	0
1279.15	0	.5626199	.4373801	0	0
1278.15	0	.5612471	.4387529	0	0
1277.15	0	.5598784	.4401216	0	0
1276.15	0	.5585136	.4414864	0	0
1275.15	0	.5571529	.4428471	0	0
1274.15	0	.5557961	.4442039	0	0
1273.15	0	.5544434	.4455566	0	0
1272.15	0	.5530948	.4469052	0	0
1271.15	0	.5517502	.4482498	0	0
1270.15	0	.5504096	.4495904	0	0
1269.15	0	.5490731	.4509269	0	0
1268.15	0	.5477407	.4522593	0	0
1267.15	0	.5464124	.4535876	0	0
1266.15	0	.5450882	.4549118	0	0
1265.15	0	.5437681	.4562319	0	0
1264.15	0	.5424522	.4575479	0	0
1263.15	0	.5411403	.4588597	0	0
1262.15	0	.5398326	.4601674	0	0
1261.15	0	.5385291	.4614709	0	0
1260.15	0	.5372297	.4627703	0	0
1259.15	0	.5359345	.4640655	0	0
1258.15	0	.5346435	.4653565	0	0
1257.15	0	.5333567	.4666433	0	0
1256.15	0	.5320741	.4679259	0	0
1255.15	0	.5307958	.4692042	0	0
1254.15	0	.5295217	.4704783	0	0
1253.15	0	.5282518	.4717482	0	0
1252.15	0	.5269862	.4730138	0	0
1251.15	0	.5257249	.4742751	0	0
1250.15	0	.5244678	.4755322	0	0
1249.15	0	.5232151	.4767849	0	0
1248.15	0	.5219667	.4780333	0	0
1247.15	0	.5207226	.4792774	0	0
1246.15	0	.5194829	.4805171	0	0
1245.15	0	.5182475	.4817525	0	0
1244.15	0	.5170165	.4829835	0	0
1243.15	0	.5157898	.4842102	0	0
1242.15	0	.5145676	.4854324	0	0
1241.15	0	.5133498	.4866502	0	0
1240.15	0	.5121364	.4878636	0	0
1239.15	0	.5109274	.4890726	0	0
1238.15	0	.5097229	.4902771	0	0
1237.15	0	.5085229	.4914771	0	0
1236.15	0	.5073274	.4926726	0	0
1235.15	0	.5061363	.4938637	0	0
1234.15	0	.5049498	.4950502	0	0
1233.15	0	.5037678	.4962322	0	0
1232.15	0	.5025904	.4974096	0	0
1231.15	0	.5014175	.4985825	0	0
1230.15	0	.5002492	.4997508	0	0
1229.15	0	.4990856	.5009145	0	0
1228.15	0	.4979265	.5020735	0	0
1227.15	0	.496772	.503228	0	0
1226.15	0	.4956222	.5043778	0	0
1225.15	0	.4944771	.5055229	0	0
1224.15	0	.4933366	.5066634	0	0
1223.15	0	.4922009	.5077991	0	0
1222.15	0	.4910698	.5089302	0	0
1221.15	0	.4899435	.5100565	0	0
1220.15	0	.488822	.5111781	0	0
1219.15	0	.4877052	.5122948	0	0
1218.15	0	.4865932	.5134068	0	0
1217.15	0	.485486	.514514	0	0
1216.15	0	.4843836	.5156164	0	0
1215.15	0	.4832861	.5167139	0	0
1214.15	0	.4821934	.5178066	0	0
1213.15	0	.4811056	.5188944	0	0
1212.15	0	.4800227	.5199773	0	0
1211.15	0	.4789448	.5210552	0	0
1210.15	0	.4778718	.5221283	0	0
1209.15	0	.4768037	.5231963	0	0
1208.15	0	.4757406	.5242594	0	0
1207.15	0	.4746825	.5253175	0	0
1206.15	0	.4736295	.5263705	0	0
1205.15	0	.4725815	.5274185	0	0
1204.15	0	.4715385	.5284615	0	0
1203.15	0	.4705006	.5294994	0	0
1202.15	0	.4694679	.5305321	0	0
1201.15	0	.4684402	.5315598	0	0
1200.15	0	.4674177	.5325823	0	0
1199.15	0	.4664004	.5335996	0	0
1198.15	0	.4653883	.5346117	0	0
1197.15	0	.4643814	.5356186	0	0
1196.15	0	.4633797	.5366203	0	0
1195.15	0	.4623833	.5376167	0	0
1194.15	0	.4613922	.5386078	0	0
1193.15	0	.4604063	.5395937	0	0
1192.15	0	.4594259	.5405741	0	0
1191.15	0	.4584507	.5415493	0	0
1190.15	0	.457481	.542519	0	0
1189.15	0	.4565166	.5434834	0	0
1188.15	0	.4555577	.5444423	0	0
1187.15	0	.4546042	.5453958	0	0
1186.15	0	.4536562	.5463438	0	0
1185.15	0	.4527137	.5472863	0	0
1184.15	0	.4517767	.5482233	0	0
1183.15	0	.4508452	.5491548	0	0
1182.15	0	.4499194	.5500806	0	0
1181.15	0	.4489991	.5510009	0	0
1180.15	0	.4480845	.5519155	0	0
1179.15	0	.4471755	.5528245	0	0
1178.15	0	.4462722	.5537278	0	0
1177.15	0	.4453747	.5546254	0	0
1176.15	0	.4444828	.5555172	0	0
1175.15	0	.4435967	.5564033	0	0
1174.15	0	.4427164	.5572836	0	0
1173.15	0	.4418419	.5581581	0	0
1172.15	0	.4409733	.5590267	0	0
1171.15	0	.4401105	.5598895	0	0
1170.15	0	.4392537	.5607463	0	0
1169.15	0	.4384027	.5615973	0	0
1168.15	0	.4375578	.5624423	0	0
1167.15	0	.4367188	.5632812	0	0
1166.15	0	.4358858	.5641142	0	0
1165.15	0	.4350588	.5649412	0	0
1164.15	0	.434238	.565762	0	0
1163.15	0	.4334233	.5665767	0	0
1162.15	0	.4326147	.5673854	0	0
1161.15	0	.4318122	.5681878	0	0
1160.15	0	.431016	.568984	0	0
1159.15	0	.4302259	.5697741	0	0
1158.15	0	.4294422	.5705578	0	0
1157.15	0	.4286647	.5713353	0	0
1156.15	0	.4278936	.5721064	0	0
1155.15	0	.4271288	.5728712	0	0
1154.15	0	.4263703	.5736297	0	0
1153.15	0	.4256183	.5743817	0	0
1152.15	0	.4248728	.5751272	0	0
1151.15	0	.4241338	.5758662	0	0
1150.15	0	.4234012	.5765988	0	0
1149.15	0	.4226753	.5773248	0	0
1148.15	0	.4219559	.5780442	0	0
1147.15	0	.4212431	.5787569	0	0
1146.15	0	.4205369	.5794631	0	0
1145.15	0	.4198375	.5801625	0	0
1144.15	0	.4191448	.5808552	0	0
1143.15	0	.4184588	.5815412	0	0
1142.15	0	.4177797	.5822203	0	0
1141.15	0	.4171073	.5828927	0	0
1140.15	0	.4164418	.5835582	0	0
1139.15	0	.4157832	.5842168	0	0
1138.15	0	.4151316	.5848684	0	0
1137.15	0	.4144869	.5855131	0	0
1136.15	0	.4138492	.5861508	0	0
1135.15	0	.4132186	.5867814	0	0
1134.15	0	.412595	.587405	0	0
1133.15	0	.4119786	.5880214	0	0
1132.15	0	.4113693	.5886307	0	0
1131.15	0	.4107672	.5892328	0	0
1130.15	0	.4101724	.5898276	0	0
1129.15	0	.4095848	.5904152	0	0
1128.15	0	.4090045	.5909955	0	0
1127.15	0	.4084315	.5915685	0	0
1126.15	0	.407866	.592134	0	0
1125.15	0	.4073079	.5926921	0	0
1124.15	0	.4067572	.5932428	0	0
1123.15	0	.406214	.593786	0	0
1122.15	0	.4056784	.5943216	0	0
1121.15	0	.4051504	.5948496	0	0
1120.15	0	.40463	.59537	0	0
1119.15	0	.4041172	.5958828	0	0
1118.15	0	.4036122	.5963878	0	0
1117.15	0	.4031149	.5968851	0	0
1116.15	0	.4026253	.5973747	0	0
1115.15	0	.4021437	.5978564	0	0
1114.15	0	.4016698	.5983302	0	0
1113.15	0	.4012039	.5987961	0	0
1112.15	0	.400746	.599254	0	0
1111.15	0	.400296	.599704	0	0
1110.15	0	.3998541	.6001459	0	0
1109.15	0	.3994202	.6005798	0	0
1108.15	0	.3989945	.6010055	0	0
1107.15	0	.398577	.601423	0	0
1106.15	0	.3981676	.6018324	0	0
1105.15	0	.3977665	.6022335	0	0
1104.15	0	.3973737	.6026263	0	0
1103.15	0	.3969893	.6030107	0	0
1102.15	0	.3966132	.6033868	0	0
1101.15	0	.3962456	.6037545	0	0
1100.15	0	.3958864	.6041136	0	0
1099.15	0	.3955357	.6044643	0	0
1098.15	0	.3951936	.6048064	0	0
1097.15	0	.3948601	.6051399	0	0
1096.15	0	.3945353	.6054647	0	0
1095.15	0	.3942192	.6057808	0	0
1094.15	0	.3939118	.6060882	0	0
1093.15	0	.3936132	.6063868	0	0
1092.15	0	.3933234	.6066766	0	0
1091.15	0	.3930425	.6069575	0	0
1090.15	0	.3927705	.6072295	0	0
1089.15	0	.3925075	.6074925	0	0
1088.15	0	.3922535	.6077465	0	0
1087.15	0	.3920086	.6079914	0	0
1086.15	0	.3917728	.6082272	0	0
1085.15	0	.3915461	.6084539	0	0
1084.658	0	.3914379	.6085621	0	0
1084.658	0	.3914379	.6085621	0	0
1084.658	0	.3914379	.6085621	0	0
1084.15	0	.3911065	.6087285	1.649929E-04	0
1083.15	0	.3904614	.6090493	4.892925E-04	0
1082.15	0	.3898263	.609361	8.126581E-04	0
1081.15	0	.3892014	.6096635	.00113509	0
1080.15	0	.3885867	.6099567	.00145659	0
1079.15	0	.3879823	.6102406	.001777158	0
1078.15	0	.3873881	.6105151	.002096795	0
1077.15	0	.3868043	.6107802	.0024155	0
1076.15	0	.3862309	.6110358	.002733276	0
1075.15	0	.385668	.6112819	.003050123	0
1074.15	0	.3851155	.6115184	.00336604	0
1073.15	0	.3845736	.6117454	.003681029	0
1072.15	0	.3840423	.6119626	.00399509	0
1071.15	0	.3835216	.6121702	.004308223	0
1070.15	0	.3830116	.612368	.004620429	0
1069.15	0	.3825124	.6125559	.004931708	0
1068.15	0	.3820239	.612734	.005242061	0
1067.15	0	.3815463	.6129022	.005551487	0
1066.15	0	.3810796	.6130604	.005859988	0
1065.15	0	.3806238	.6132086	.006167563	0
1064.15	0	.3801791	.6133467	.006474212	0
1063.15	0	.3797453	.6134747	.006779935	0
1062.15	0	.3793227	.6135926	.007084733	0
1061.15	0	.3789112	.6137002	.007388607	0
1060.15	0	.3785109	.6137976	.007691554	0
1059.15	0	.3781218	.6138846	.007993577	0
1058.15	0	.3777441	.6139612	.008294674	0
1057.15	0	.3773777	.6140275	.008594846	0
1056.15	0	.3770227	.6140832	.008894092	0
1055.15	0	.3766791	.6141285	.009192413	0
1054.15	0	.3763471	.6141631	.009489808	0
1053.15	0	.3760266	.6141871	.009786277	0
1052.15	0	.3757177	.6142005	.01008182	0
1051.15	0	.3754205	.6142031	.01037643	0
1050.15	0	.375135	.6141949	.01067012	0
1049.15	0	.3748612	.6141759	.01096288	0
1048.15	0	.3745992	.6141461	.01125472	0
1047.15	0	.3743491	.6141053	.01154562	0
1046.15	0	.3741109	.6140535	.0118356	0
1045.15	0	.3738847	.6139907	.01212464	0
1044.15	0	.3736704	.6139168	.01241276	0
1043.15	0	.3734683	.6138318	.01269994	0
1042.15	0	.3732782	.6137356	.0129862	0
1041.15	0	.3731003	.6136282	.01327152	0
1040.15	0	.3729346	.6135095	.01355591	0
1039.15	0	.3727811	.6133795	.01383936	0
1038.15	0	.37264	.6132382	.01412188	0
1037.15	0	.3725112	.6130854	.01440346	0
1036.15	0	.3723948	.6129211	.0146841	0
1035.15	0	.3722909	.6127453	.01496381	0
1034.15	0	.3721994	.612558	.01524258	0
1033.15	0	.3721205	.6123591	.0155204	0
1032.15	0	.3720542	.6121485	.01579729	0
1031.15	0	.3720006	.6119262	.01607323	0
1030.15	0	.3719596	.6116922	.01634823	0
1029.15	0	.3719314	.6114464	.01662228	0
1028.15	0	.3719159	.6111887	.01689539	0
1027.15	0	.3719132	.6109192	.01716754	0
1026.15	0	.3719235	.6106378	.01743875	0
1025.15	0	.3719466	.6103444	.017709	0
1024.15	0	.3719827	.610039	.0179783	0
1023.15	0	.3720318	.6097216	.01824664	0
1022.15	0	.3720939	.6093921	.01851402	0
1021.15	0	.3721691	.6090504	.01878045	0
1020.15	0	.3722575	.6086966	.01904591	0
1019.15	0	.372359	.6083306	.01931041	0
1018.15	0	.3724737	.6079524	.01957395	0
1017.15	0	.3726017	.6075618	.01983652	0
1016.15	0	.3727429	.607159	.02009811	0
1015.15	0	.3728975	.6067438	.02035874	0
1014.15	0	.3730654	.6063163	.02061838	0
1013.15	0	.3732467	.6058763	.02087706	0
1012.15	0	.3734414	.6054238	.02113475	0
1011.15	0	.3736496	.6049589	.02139145	0
1010.15	0	.3738714	.6044815	.02164718	0
1009.15	0	.3741066	.6039915	.02190191	0
1008.15	0	.3743554	.6034889	.02215565	0
1007.15	0	.3746178	.6029738	.0224084	0
1006.15	0	.3748939	.602446	.02266015	0
1005.15	0	.3751836	.6019055	.0229109	0
1004.15	0	.375487	.6013524	.02316064	0
1003.15	0	.3758041	.6007865	.02340938	0
1002.15	0	.3761349	.600208	.02365711	0
1001.15	0	.3764795	.5996167	.02390382	0
1000.15	0	.3768379	.5990125	.02414951	0
999.15	0	.3772102	.5983957	.02439418	0
998.15	0	.3775962	.597766	.02463782	0
997.15	0	.3779961	.5971234	.02488044	0
996.15	0	.3784099	.5964681	.02512202	0
995.15	0	.3788376	.5957998	.02536256	0
994.15	0	.3792792	.5951187	.02560206	0
993.15	0	.3797347	.5944248	.02584051	0
992.15	0	.3802042	.5937179	.02607791	0
991.15	0	.3806877	.5929981	.02631425	0
990.15	0	.3811851	.5922654	.02654953	0
989.15	0	.3816964	.5915198	.02678375	0
988.15	0	.3822218	.5907613	.02701689	0
987.15	0	.3827612	.5899899	.02724895	0
986.15	0	.3833145	.5892055	.02747994	0
985.15	0	.3838819	.5884082	.02770983	0
984.15	0	.3844633	.5875981	.02793863	0
983.15	0	.3850587	.586775	.02816633	0
982.15	0	.3856681	.585939	.02839292	0
981.15	0	.3862915	.5850901	.0286184	0
980.15	0	.386929	.5842283	.02884277	0
979.15	0	.3875804	.5833536	.02906601	0
978.15	0	.3882458	.5824661	.02928811	0
977.15	0	.3889252	.5815657	.02950908	0
976.15	0	.3896186	.5806525	.0297289	0
975.15	0	.390326	.5797265	.02994757	0
974.15	0	.3910473	.5787876	.03016508	0
973.15	0	.3917825	.5778361	.03038142	0
972.15	0	.3925317	.5768718	.03059658	0
971.15	0	.3932947	.5758947	.03081056	0
970.15	0	.3940716	.574905	.03102335	0
969.15	0	.3948624	.5739027	.03123493	0
968.15	0	.395667	.5728877	.03144531	0
967.15	0	.3964854	.5718602	.03165446	0
966.15	0	.3973175	.5708201	.03186239	0
965.15	0	.3981634	.5697675	.03206908	0
964.15	0	.399023	.5687025	.03227452	0
963.15	0	.3998962	.5676251	.03247871	0
962.15	0	.4007831	.5665353	.03268163	0
961.15	0	.4016835	.5654332	.03288327	0
960.15	0	.4025975	.5643189	.03308362	0
959.15	0	.4035249	.5631924	.03328266	0
958.15	0	.4044659	.5620538	.0334804	0
957.15	0	.4054201	.560903	.03367681	0
956.15	0	.4063878	.5597403	.03387189	0
955.15	0	.4073687	.5585657	.03406562	0
954.15	0	.4083628	.5573792	.03425798	0
953.15	0	.4093701	.5561809	.03444897	0
952.15	0	.4103905	.5549709	.03463858	0
951.15	0	.411424	.5537493	.03482678	0
950.15	0	.4124703	.5525161	.03501356	0
949.15	0	.4135296	.5512715	.03519891	0
948.15	0	.4146017	.5500155	.03538282	0
947.15	0	.4156865	.5487482	.03556526	0
946.15	0	.416784	.5474698	.03574623	0
945.15	0	.417894	.5461803	.0359257	0
944.15	0	.4190166	.5448798	.03610366	0
943.15	0	.4201515	.5435685	.03628009	0
942.15	0	.4212987	.5422464	.03645497	0
941.15	0	.4224581	.5409137	.03662828	0
940.15	0	.4236296	.5395704	.03680001	0
939.15	0	.424813	.5382168	.03697014	0
938.15	0	.4260084	.5368529	.03713864	0
937.15	0	.4272156	.535479	.03730549	0
936.15	0	.4284344	.534095	.03747067	0
935.15	0	.4296647	.5327011	.03763416	0
934.15	0	.4309065	.5312976	.03779594	0
933.15	0	.4321595	.5298845	.03795598	0
932.15	0	.4334237	.528462	.03811426	0
931.15	0	.4346989	.5270303	.03827075	0
930.15	0	.435985	.5255895	.03842543	0
929.15	0	.4372819	.5241399	.03857827	0
928.15	0	.4385893	.5226815	.03872924	0
927.15	0	.4399071	.5212146	.03887831	0
926.15	0	.4412353	.5197393	.03902546	0
925.15	0	.4425735	.5182558	.03917065	0
924.15	0	.4439217	.5167645	.03931385	0
923.15	0	.4452796	.5152654	.03945502	0
922.15	0	.4466471	.5137587	.03959414	0
921.15	0	.448024	.5122448	.03973117	0
920.15	0	.4494101	.5107238	.03986608	0
919.15	0	.4508052	.5091959	.03999881	0
918.15	0	.4522092	.5076615	.04012934	0
917.15	0	.4536216	.5061207	.04025762	0
916.15	0	.4548389	.5047795	.04038161	0
915.15	0	.4560914	.5034063	.0405024	0
914.15	0	.4573829	.501997	.04062009	0
913.15	0	.4587116	.5005537	.04073473	0
912.15	0	.4600754	.4990782	.04084638	0
911.15	0	.4614727	.4975723	.04095507	0
910.15	0	.4629015	.4960376	.04106086	0
909.15	0	.4643602	.494476	.04116378	0
908.15	0	.4658472	.492889	.04126388	0
907.15	0	.4673608	.491278	.04136119	0
906.15	0	.4688996	.4896447	.04145574	0
905.15	0	.470462	.4879904	.04154757	0
904.15	0	.4720467	.4863166	.04163673	0
903.15	0	.4736522	.4846246	.04172323	0
902.15	0	.4752773	.4829156	.0418071	0
901.15	0	.4769207	.4811909	.04188839	0
900.15	0	.4785811	.4794518	.04196711	0
899.15	0	.4802573	.4776994	.0420433	0
898.15	0	.4819482	.4759348	.04211698	0
897.15	0	.4836526	.4741592	.04218818	0
896.15	0	.4853695	.4723736	.04225693	0
895.15	0	.4870978	.4705789	.04232325	0
894.15	0	.4888365	.4687763	.04238717	0
893.15	0	.4905846	.4669667	.04244871	0
892.15	0	.4923412	.4651509	.0425079	0
891.15	0	.4941053	.4633299	.04256477	0
890.15	0	.4958761	.4615046	.04261934	0
889.15	0	.4976526	.4596758	.04267163	0
888.15	0	.4994341	.4578443	.04272166	0
887.15	0	.5012197	.4560109	.04276947	0
886.15	0	.5030086	.4541763	.04281508	0
885.15	0	.5048001	.4523414	.0428585	0
884.15	0	.5065935	.4505067	.04289977	0
883.15	0	.508388	.4486731	.04293891	0
882.15	0	.510183	.4468411	.04297594	0
881.15	0	.5119777	.4450114	.04301088	0
880.15	0	.5137715	.4431847	.04304377	0
879.15	0	.5155639	.4413614	.04307463	0
878.15	0	.5173542	.4395423	.04310347	0
877.15	0	.5191418	.4377278	.04313033	0
876.15	0	.5209262	.4359185	.04315523	0
875.15	0	.5227068	.434115	.04317819	0
874.15	0	.5244832	.4323176	.04319924	0
873.15	0	.5262547	.4305269	.0432184	0
872.15	0	.528021	.4287433	.0432357	0
871.15	0	.5297815	.4269673	.04325117	0
870.15	0	.5315358	.4251994	.04326482	0
869.15	0	.5332835	.4234398	.04327669	0
868.15	0	.5350242	.421689	.04328679	0
867.15	0	.5367575	.4199474	.04329516	0
866.15	0	.5384829	.4182153	.04330182	0
865.15	0	.5402002	.416493	.04330679	0
864.15	0	.541909	.4147809	.0433101	0
863.15	0	.543609	.4130793	.04331178	0
862.15	0	.5452998	.4113884	.04331185	0
861.15	0	.5469811	.4097086	.04331033	0
860.15	0	.5486527	.40804	.04330726	0
859.15	0	.5503143	.406383	.04330265	0
858.15	0	.5519657	.4047378	.04329653	0
857.15	0	.5536066	.4031045	.04328893	0
856.15	0	.5552367	.4014835	.04327987	0
855.15	0	.5568559	.3998747	.04326937	0
854.15	0	.558464	.3982786	.04325747	0
853.15	0	.5600607	.3966951	.04324418	0
852.15	0	.561646	.3951245	.04322953	0
851.15	0	.5632196	.3935669	.04321355	0
850.15	0	.5647814	.3920224	.04319626	0
849.15	0	.5663312	.3904911	.04317767	0
848.15	0	.567869	.3889732	.04315783	0
847.15	0	.5693946	.3874687	.04313674	0
846.15	0	.5709079	.3859776	.04311443	0
845.15	0	.5724089	.3845002	.04309094	0
844.15	0	.5738973	.3830364	.04306627	0
843.15	0	.5753733	.3815863	.04304045	0
842.15	0	.5768366	.3801499	.04301351	0
841.15	0	.5782873	.3787273	.04298546	0
840.15	0	.5797252	.3773185	.04295633	0
839.15	0	.5811504	.3759234	.04292614	0
838.15	0	.5825629	.3745422	.04289492	0
837.15	0	.5839625	.3731748	.04286267	0
836.15	0	.5853494	.3718212	.04282943	0
835.15	0	.5867234	.3704814	.04279521	0
834.15	0	.5880846	.3691553	.04276004	0
833.15	0	.589433	.367843	.04272393	0
832.15	0	.5907687	.3665445	.0426869	0
831.15	0	.5920915	.3652595	.04264898	0
830.15	0	.5934016	.3639882	.04261018	0
829.15	0	.594699	.3627305	.04257052	0
828.15	0	.5959836	.3614864	.04253001	0
827.15	0	.5972557	.3602556	.04248869	0
826.15	0	.5985151	.3590383	.04244656	0
825.15	0	.599762	.3578343	.04240364	0
824.15	0	.6009964	.3566436	.04235996	0
823.15	0	.6022184	.3554661	.04231552	0
822.15	0	.603428	.3543017	.04227034	0
821.15	0	.6046253	.3531503	.04222445	0
820.15	0	.6058104	.3520118	.04217785	0
819.15	0	.6069832	.3508862	.04213057	0
818.15	0	.608144	.3497733	.04208261	0
817.15	0	.6092928	.3486732	.042034	0
816.15	0	.6104297	.3475856	.04198474	0
815.15	0	.6115547	.3465105	.04193486	0
814.15	0	.6126679	.3454477	.04188437	0
813.15	0	.6137694	.3443973	.04183328	0
812.15	0	.6148594	.343359	.04178161	0
811.15	0	.6159378	.3423328	.04172937	0
810.15	0	.6170048	.3413186	.04167658	0
809.15	0	.6180605	.3403162	.04162324	0
808.15	0	.619105	.3393256	.04156937	0
807.15	0	.6201383	.3383467	.04151499	0
806.15	0	.6211606	.3373793	.0414601	0
805.15	0	.622172	.3364233	.04140473	0
804.15	0	.6231724	.3354787	.04134887	0
803.15	0	.6241622	.3345453	.04129255	0
802.15	0	.6251413	.333623	.04123578	0
801.15	0	.6261098	.3327116	.04117856	0
800.15	0	.6270679	.3318112	.04112092	0
799.15	0	.6280156	.3309216	.04106285	0
798.15	0	.628953	.3300426	.04100437	0
797.15	0	.6298803	.3291742	.0409455	0
796.15	0	.6307975	.3283163	.04088624	0
795.15	0	.6317048	.3274686	.04082661	0
794.15	0	.6326021	.3266313	.04076661	0
793.15	0	.6334897	.325804	.04070625	0
792.15	0	.6343677	.3249868	.04064555	0
791.15	0	.635236	.3241795	.04058451	0
790.15	0	.6360949	.323382	.04052315	0
789.15	0	.6369444	.3225942	.04046147	0
788.15	0	.6377846	.3218159	.04039949	0
787.15	0	.6386156	.3210472	.0403372	0
786.15	0	.6394375	.3202879	.04027463	0
785.15	0	.6402504	.3195378	.04021178	0
784.15	0	.6410544	.3187969	.04014866	0
783.15	0	.6418496	.3180651	.04008528	0
782.15	0	.6426361	.3173423	.04002164	0
781.15	0	.6434139	.3166283	.03995776	0
780.15	0	.6441832	.3159232	.03989364	0
779.15	0	.644944	.3152267	.03982929	0
778.15	0	.6456965	.3145387	.03976472	0
777.15	0	.6464408	.3138593	.03969994	0
776.15	0	.6471768	.3131882	.03963495	0
775.15	0	.6479048	.3125255	.03956976	0
774.15	0	.6486247	.3118709	.03950439	0
773.15	0	.6493368	.3112244	.03943882	0
772.15	0	.650041	.310586	.03937309	0
771.15	0	.6507374	.3099554	.03930718	0
770.15	0	.6514262	.3093327	.0392411	0
769.15	0	.6521074	.3087177	.03917487	0
768.15	0	.6527812	.3081104	.0391085	0
767.15	0	.6534475	.3075106	.03904197	0
766.15	0	.6541064	.3069183	.03897531	0
765.15	0	.6547582	.3063333	.03890852	0
764.15	0	.6554027	.3057557	.0388416	0
763.15	0	.6560402	.3051852	.03877457	0
762.15	0	.6566707	.3046219	.03870742	0
761.15	0	.6572942	.3040657	.03864016	0
760.15	0	.6579108	.3035164	.0385728	0
759.15	0	.6585207	.3029739	.03850534	0
758.15	0	.6591239	.3024383	.03843779	0
757.15	0	.6597204	.3019094	.03837015	0
756.15	0	.6603104	.3013872	.03830243	0
755.15	0	.6608939	.3008715	.03823464	0
754.15	0	.661471	.3003622	.03816677	0
753.15	0	.6620418	.2998594	.03809883	0
752.15	0	.6626063	.2993629	.03803083	0
751.15	0	.6631645	.2988727	.03796277	0
750.15	0	.6637167	.2983886	.03789466	0
749.15	0	.6642628	.2979107	.0378265	0
748.15	0	.6648029	.2974388	.03775829	0
747.15	0	.6653371	.2969729	.03769004	0
746.15	0	.6658654	.2965128	.03762175	0
745.15	0	.666388	.2960586	.03755343	0
744.15	0	.6669048	.2956101	.03748508	0
743.15	0	.667416	.2951673	.0374167	0
742.15	0	.6679216	.2947301	.0373483	0
741.15	0	.6684216	.2942985	.03727988	0
740.15	0	.6689162	.2938724	.03721144	0
739.15	0	.6694054	.2934517	.03714299	0
738.15	0	.6698892	.2930363	.03707452	0
737.15	0	.6703678	.2926262	.03700606	0
736.15	0	.6708411	.2922213	.03693758	0
735.15	0	.6713093	.2918216	.03686911	0
734.15	0	.6717723	.291427	.03680064	0
733.15	0	.6722304	.2910375	.03673217	0
732.15	0	.6726834	.2906529	.03666371	0
731.15	0	.6731315	.2902732	.03659526	0
730.15	0	.6735748	.2898984	.03652682	0
729.15	0	.6740132	.2895284	.03645839	0
728.15	0	.6744469	.2891631	.03638998	0
727.15	0	.6748759	.2888025	.0363216	0
726.15	0	.6753002	.2884466	.03625323	0
725.15	0	.6757199	.2880952	.03618488	0
724.15	0	.6761351	.2877483	.03611657	0
723.15	0	.6765458	.2874059	.03604827	0
722.15	0	.6769521	.2870679	.03598001	0
721.7288	0	.6771219	.2869269	.03595127	0
721.7288	0	.6771219	.2869269	.03595127	0
721.7288	0	.6771219	.2869269	.03595127	0
721.15	0	.6782784	.2852613	.03539155	.001068798
720.15	0	.6802479	.2824175	.03443274	.00290184
719.15	0	.682182	.2796158	.03348422	.004717934
718.15	0	.6840813	.2768555	.03254582	.006517325
717.15	0	.6859466	.2741358	.03161738	.008300254
716.15	0	.6877785	.2714558	.03069873	.01006696
715.15	0	.6895779	.2688148	.0297897	.01181767
714.15	0	.6913452	.266212	.02889014	.01355262
713.15	0	.6930813	.2636468	.02799989	.01527204
712.15	0	.6947866	.2611184	.0271188	.01697614
711.15	0	.696462	.2586261	.02624671	.01866515
710.15	0	.698108	.2561693	.02538348	.02033928
709.15	0	.6997252	.2537471	.02452897	.02199875
708.15	0	.7013141	.2513591	.02368302	.02364376
707.15	0	.7028755	.2490045	.0228455	.02527452
706.15	0	.7044098	.2466827	.02201627	.02689124
705.15	0	.7059176	.2443931	.0211952	.02849411
704.15	0	.7073995	.2421351	.02038214	.03008333
703.15	0	.7088559	.239908	.01957697	.0316591
702.15	0	.7102874	.2377114	.01877957	.0332216
701.15	0	.7116946	.2355446	.0179898	.03477102
700.15	0	.7130778	.2334071	.01720754	.03630755
699.15	0	.7144377	.2312983	.01643267	.03783136
698.15	0	.7157746	.2292177	.01566507	.03934264
697.15	0	.717089	.2271648	.01490461	.04084156
696.15	0	.7183815	.2251391	.0141512	.0423283
695.15	0	.7196523	.22314	.01340471	.04380302
694.15	0	.7209021	.221167	.01266503	.0452659
693.15	0	.7221311	.2192197	.01193205	.0467171
692.15	0	.7233399	.2172977	.01120567	.04815678
691.15	0	.7245287	.2154004	.01048578	.0495851
690.15	0	.7256981	.2135274	.009772272	.05100222
689.15	0	.7268484	.2116782	.009065052	.05240829
688.15	0	.7279801	.2098524	.008364019	.05380347
687.15	0	.7290933	.2080497	.007669073	.05518791
686.15	0	.7301887	.2062695	.006980121	.05656176
685.15	0	.7312664	.2045114	.006297066	.05792515
684.15	0	.7323268	.2027752	.005619817	.05927824
683.15	0	.7333703	.2010602	.004948283	.06062117
682.15	0	.7343973	.1993663	.004282376	.06195407
681.15	0	.735408	.197693	.003622006	.06327708
680.15	0	.7364027	.1960399	.00296709	.06459033
679.15	0	.7373819	.1944066	.002317542	.06589396
678.15	0	.7383457	.1927929	.00167328	.06718811
677.15	0	.7392945	.1911984	.001034222	.06847289
676.15	0	.7402286	.1896227	4.002896E-04	.06974843
675.5144	0	.7408147	.1886309	0	.0705544
675.5144	0	.7408147	.1886309	0	.0705544
675.15	0	.7408776	.1884511	0	.07067132
674.15	0	.7410478	.1879623	0	.07098992
673.15	0	.7412145	.1874803	0	.07130522
672.15	0	.741378	.1870047	0	.07161726
671.15	0	.7415382	.1865357	0	.07192609
670.15	0	.7416953	.186073	0	.07223174
669.15	0	.7418491	.1856166	0	.07253427
668.15	0	.7419999	.1851665	0	.07283369
667.15	0	.7421475	.1847224	0	.07313006
666.15	0	.7422922	.1842844	0	.07342341
665.15	0	.7424339	.1838523	0	.07371378
664.15	0	.7425727	.1834261	0	.0740012
663.15	0	.7427086	.1830057	0	.07428572
662.15	0	.7428417	.1825909	0	.07456738
661.15	0	.742972	.1821818	0	.0748462
660.15	0	.7430996	.1817782	0	.07512222
659.15	0	.7432244	.1813801	0	.07539549
658.15	0	.7433466	.1809874	0	.07566603
657.15	0	.7434662	.1806	0	.07593388
656.15	0	.7435832	.1802178	0	.07619907
655.15	0	.7436976	.1798407	0	.07646165
654.15	0	.7438096	.1794688	0	.07672163
653.15	0	.7439191	.1791019	0	.07697907
652.15	0	.7440261	.1787399	0	.07723399
651.15	0	.7441308	.1783828	0	.07748642
650.15	0	.7442331	.1780305	0	.07773639
649.15	0	.7443331	.177683	0	.07798395
648.15	0	.7444308	.1773401	0	.07822911
647.15	0	.7445262	.1770018	0	.07847192
646.15	0	.7446195	.1766681	0	.0787124
645.15	0	.7447105	.1763389	0	.07895059
644.15	0	.7447994	.1760141	0	.07918651
643.15	0	.7448862	.1756936	0	.07942019
642.15	0	.7449709	.1753774	0	.07965167
641.15	0	.7450535	.1750655	0	.07988098
640.15	0	.7451341	.1747578	0	.08010814
639.15	0	.7452127	.1744541	0	.08033319
638.15	0	.7452893	.1741545	0	.08055614
637.15	0	.745364	.1738589	0	.08077704
636.15	0	.7454368	.1735673	0	.08099591
635.15	0	.7455077	.1732795	0	.08121277
634.15	0	.7455776	.1729954	0	.08142708
633.15	0	.7456447	.1727152	0	.08164004
632.15	0	.7457101	.1724388	0	.08185108
631.15	0	.7457737	.1721661	0	.08206022
630.15	0	.7458355	.171897	0	.08226749
629.15	0	.7458956	.1716315	0	.08247291
628.15	0	.745954	.1713695	0	.08267652
627.15	0	.7460107	.1711109	0	.08287833
626.15	0	.7460658	.1708558	0	.08307837
625.15	0	.7461193	.1706041	0	.08327668
624.15	0	.7461711	.1703556	0	.08347326
623.15	0	.7462214	.1701105	0	.08366815
622.15	0	.7462701	.1698686	0	.08386136
621.15	0	.7463172	.1696299	0	.08405293
620.15	0	.7463629	.1693943	0	.08424288
619.15	0	.746407	.1691618	0	.08443122
618.15	0	.7464497	.1689323	0	.08461799
617.15	0	.7464909	.1687059	0	.08480319
616.15	0	.7465307	.1684825	0	.08498687
615.15	0	.7465691	.1682619	0	.08516903
614.15	0	.746606	.1680443	0	.08534971
613.15	0	.7466417	.1678294	0	.08552891
612.15	0	.7466759	.1676174	0	.08570667
611.15	0	.7467088	.1674082	0	.085883
610.15	0	.7467404	.1672016	0	.08605792
609.15	0	.7467707	.1669978	0	.08623146
608.15	0	.7467998	.1667966	0	.08640363
607.15	0	.7468276	.166598	0	.08657446
606.15	0	.7468541	.166402	0	.08674396
605.15	0	.7468794	.1662085	0	.08691216
604.15	0	.7469035	.1660175	0	.08707906
603.15	0	.7469264	.1658289	0	.0872447
602.15	0	.7469481	.1656428	0	.08740909
601.15	0	.7469687	.1654591	0	.08757224
600.15	0	.7469881	.1652777	0	.08773419
599.15	0	.7470064	.1650987	0	.08789493
598.15	0	.7470236	.1649219	0	.0880545
597.15	0	.7470397	.1647474	0	.08821291
596.15	0	.7470547	.1645751	0	.08837017
595.15	0	.7470687	.164405	0	.08852631
594.15	0	.7470816	.1642371	0	.08868134
593.15	0	.7470934	.1640713	0	.08883528
592.15	0	.7471043	.1639076	0	.08898813
591.15	0	.7471141	.1637459	0	.08913993
590.15	0	.747123	.1635863	0	.08929069
589.15	0	.7471309	.1634287	0	.08944041
588.15	0	.7471378	.1632731	0	.08958912
587.15	0	.7471438	.1631194	0	.08973684
586.15	0	.7471488	.1629676	0	.08988357
585.15	0	.7471529	.1628178	0	.09002933
584.15	0	.7471561	.1626698	0	.09017414
583.15	0	.7471584	.1625236	0	.09031801
582.15	0	.7471598	.1623792	0	.09046096
581.15	0	.7471604	.1622366	0	.09060299
580.15	0	.7471601	.1620958	0	.09074413
579.15	0	.7471589	.1619567	0	.09088439
578.15	0	.7471569	.1618193	0	.09102377
577.15	0	.7471541	.1616836	0	.0911623
576.15	0	.7471505	.1615495	0	.09129999
575.15	0	.7471461	.1614171	0	.09143685
574.15	0	.7471409	.1612862	0	.09157289
573.15	0	.7471349	.161157	0	.09170813
572.15	0	.7471281	.1610293	0	.09184257
571.15	0	.7471206	.1609031	0	.09197624
570.15	0	.7471124	.1607785	0	.09210914
569.15	0	.7471034	.1606553	0	.09224128
568.15	0	.7470937	.1605336	0	.09237268
567.15	0	.7470833	.1604133	0	.09250335
566.15	0	.7470722	.1602945	0	.0926333
565.15	0	.7470604	.160177	0	.09276254
564.15	0	.747048	.160061	0	.09289108
563.15	0	.7470348	.1599462	0	.09301893
562.15	0	.7470211	.1598328	0	.09314611
561.15	0	.7470066	.1597208	0	.09327262
560.15	0	.7469915	.15961	0	.09339848
559.15	0	.7469758	.1595005	0	.09352369
558.15	0	.7469595	.1593922	0	.09364827
557.15	0	.7469426	.1592852	0	.09377223
556.15	0	.746925	.1591794	0	.09389557
555.15	0	.7469069	.1590748	0	.0940183
554.15	0	.7468882	.1589713	0	.09414044
553.15	0	.7468689	.1588691	0	.094262
552.15	0	.7468491	.1587679	0	.09438298
551.15	0	.7468287	.1586679	0	.0945034
550.15	0	.7468078	.158569	0	.09462326
549.15	0	.7467863	.1584711	0	.09474257
548.15	0	.7467643	.1583744	0	.09486134
547.15	0	.7467418	.1582786	0	.09497958
546.15	0	.7467187	.158184	0	.0950973
545.15	0	.7466952	.1580903	0	.09521451
544.15	0	.7466712	.1579976	0	.09533121
543.15	0	.7466467	.1579059	0	.09544741
542.15	0	.7466217	.1578152	0	.09556313
541.15	0	.7465962	.1577254	0	.09567836
540.15	0	.7465703	.1576366	0	.09579313
539.15	0	.746544	.1575486	0	.09590743
538.15	0	.7465171	.1574616	0	.09602127
537.15	0	.7464899	.1573755	0	.09613466
536.15	0	.7464622	.1572902	0	.09624761
535.15	0	.7464341	.1572058	0	.09636013
534.15	0	.7464056	.1571222	0	.09647222
533.15	0	.7463766	.1570395	0	.09658389
532.15	0	.7463473	.1569575	0	.09669515
531.15	0	.7463176	.1568764	0	.096806
530.15	0	.7462875	.1567961	0	.09691645
529.15	0	.746257	.1567165	0	.09702652
528.15	0	.7462261	.1566377	0	.09713619
527.15	0	.7461949	.1565596	0	.09724549
526.15	0	.7461634	.1564822	0	.09735441
525.15	0	.7461314	.1564056	0	.09746297
524.15	0	.7460992	.1563297	0	.09757117
523.15	0	.7460666	.1562544	0	.09767902
522.15	0	.7460336	.1561799	0	.09778651
521.15	0	.7460004	.156106	0	.09789367
520.15	0	.7459668	.1560327	0	.09800049
519.15	0	.7459329	.1559601	0	.09810698
518.15	0	.7458987	.1558881	0	.09821315
517.15	0	.7458642	.1558168	0	.098319
516.15	0	.7458295	.155746	0	.09842453
515.15	0	.7457944	.1556758	0	.09852977
514.15	0	.7457591	.1556062	0	.09863469
513.15	0	.7457235	.1555372	0	.09873933
512.15	0	.7456876	.1554687	0	.09884367
511.15	0	.7456515	.1554008	0	.09894772
510.15	0	.7456151	.1553334	0	.0990515
509.15	0	.7455785	.1552665	0	.099155
508.15	0	.7455416	.1552002	0	.09925823
507.15	0	.7455045	.1551343	0	.09936119
506.15	0	.7454672	.1550689	0	.09946389
505.15	0	.7454296	.155004	0	.09956634
504.15	0	.7453919	.1549396	0	.09966853
503.15	0	.7453539	.1548756	0	.09977048
502.15	0	.7453157	.1548121	0	.09987219
501.15	0	.7452773	.154749	0	.09997365
500.15	0	.7452387	.1546864	0	.1000749
499.15	0	.7452	.1546242	0	.1001759
498.15	0	.745161	.1545623	0	.1002767
497.15	0	.7451219	.1545009	0	.1003772
496.15	0	.7450826	.1544399	0	.1004776
495.15	0	.7450431	.1543792	0	.1005777
494.15	0	.7450035	.1543189	0	.1006776
493.15	0	.7449637	.154259	0	.1007774
492.15	0	.7449237	.1541994	0	.1008769
491.15	0	.7448837	.1541401	0	.1009762
490.15	0	.7448434	.1540812	0	.1010753
489.15	0	.7448031	.1540227	0	.1011743
488.15	0	.7447626	.1539644	0	.101273
487.15	0	.744722	.1539064	0	.1013716
486.15	0	.7446812	.1538488	0	.10147
485.15	0	.7446404	.1537914	0	.1015682
484.15	0	.7445994	.1537343	0	.1016663
483.15	0	.7445584	.1536775	0	.1017642
482.15	0	.7445172	.1536209	0	.1018619
481.15	0	.7444759	.1535646	0	.1019594
480.15	0	.7444346	.1535086	0	.1020568
479.15	0	.7443931	.1534528	0	.1021541
478.15	0	.7443516	.1533972	0	.1022512
477.15	0	.74431	.1533419	0	.1023481
476.15	0	.7442683	.1532867	0	.1024449
475.15	0	.7442266	.1532318	0	.1025416
474.15	0	.7441848	.1531771	0	.1026381
473.15	0	.7441429	.1531226	0	.1027345
472.15	0	.744101	.1530682	0	.1028308
471.15	0	.744059	.1530141	0	.1029269
470.15	0	.744017	.1529601	0	.1030229
469.15	0	.743975	.1529063	0	.1031187
468.15	0	.7439329	.1528526	0	.1032145
467.15	0	.7438908	.1527991	0	.1033101
466.15	0	.7438486	.1527457	0	.1034056
465.15	0	.7438065	.1526925	0	.103501
464.15	0	.7437643	.1526394	0	.1035963
463.15	0	.7437221	.1525864	0	.1036915
462.15	0	.7436799	.1525336	0	.1037866
461.15	0	.7436376	.1524808	0	.1038815
460.15	0	.7435954	.1524282	0	.1039764
459.15	0	.7435532	.1523757	0	.1040712
458.15	0	.743511	.1523232	0	.1041658
457.15	0	.7434688	.1522709	0	.1042604
456.15	0	.7434266	.1522186	0	.1043549
455.15	0	.7433844	.1521664	0	.1044493
454.15	0	.7433422	.1521142	0	.1045436
453.15	0	.7433001	.1520621	0	.1046378
452.15	0	.743258	.1520101	0	.1047319
451.15	0	.7432159	.1519581	0	.104826
450.15	0	.7431739	.1519062	0	.1049199
449.15	0	.7431319	.1518542	0	.1050138
448.15	0	.7430901	.1518023	0	.1051077
447.15	0	.7430483	.1517503	0	.1052014
446.15	0	.7430066	.1516983	0	.1052951
445.15	0	.7429649	.1516463	0	.1053888
444.15	0	.7429233	.1515943	0	.1054823
443.15	0	.7428819	.1515423	0	.1055759
442.15	0	.7428405	.1514901	0	.1056693
441.15	0	.7427993	.151438	0	.1057627
440.15	0	.7427582	.1513857	0	.1058561
439.15	0	.7427172	.1513333	0	.1059494
438.15	0	.7426764	.1512809	0	.1060427
437.15	0	.7426357	.1512283	0	.106136
436.15	0	.7425952	.1511756	0	.1062292
435.15	0	.7425549	.1511228	0	.1063224
434.15	0	.7425147	.1510698	0	.1064155
433.15	0	.7424747	.1510166	0	.1065086
432.15	0	.742435	.1509633	0	.1066017
431.15	0	.7423954	.1509099	0	.1066948
430.15	0	.7423559	.1508562	0	.1067878
429.15	0	.7423168	.1508024	0	.1068809
428.15	0	.7422778	.1507483	0	.1069739
427.15	0	.742239	.1506941	0	.1070669
426.15	0	.7422005	.1506396	0	.1071599
425.15	0	.7421622	.150585	0	.1072528
424.15	0	.7421241	.1505301	0	.1073458
423.15	0	.7420863	.150475	0	.1074387
422.15	0	.7420487	.1504196	0	.1075317
421.15	0	.7420114	.150364	0	.1076246
420.15	0	.7419743	.1503082	0	.1077175
419.15	0	.7419375	.1502521	0	.1078105
418.15	0	.7419009	.1501957	0	.1079034
417.15	0	.7418646	.1501391	0	.1079963
416.15	0	.7418286	.1500822	0	.1080892
415.15	0	.7417928	.150025	0	.1081821
414.15	0	.7417573	.1499676	0	.108275
413.15	0	.7417221	.1499099	0	.108368
412.15	0	.7416872	.1498519	0	.1084609
411.15	0	.7416525	.1497937	0	.1085538
410.15	0	.7416182	.1497351	0	.1086467
409.15	0	.7415841	.1496762	0	.1087397
408.15	0	.7415503	.1496171	0	.1088326
407.15	0	.7415168	.1495577	0	.1089255
406.15	0	.7414836	.1494979	0	.1090185
405.15	0	.7414507	.1494379	0	.1091114
404.15	0	.741418	.1493775	0	.1092044
403.15	0	.7413857	.1493169	0	.1092974
402.15	0	.7413537	.149256	0	.1093903
401.15	0	.741322	.1491947	0	.1094833
400.15	0	.7412905	.1491332	0	.1095763
399.15	0	.7412594	.1490713	0	.1096693
398.15	0	.7412286	.1490091	0	.1097623
397.15	0	.741198	.1489467	0	.1098553
396.15	0	.7411678	.1488839	0	.1099483
395.15	0	.7411379	.1488208	0	.1100414
394.15	0	.7411083	.1487573	0	.1101344
393.15	0	.7410789	.1486936	0	.1102274
392.15	0	.7410499	.1486296	0	.1103205
391.15	0	.7410212	.1485652	0	.1104135
