T	 BPW(LIQUID)	BPW(BCC_A2)	BPW(FCC_A1)	BPW(LAVES_PHASE_C14)	BPW(NI3TI)
1473.15	.5837802	.4088683	0	.007351449	0
1472.15	.5757493	.4142326	0	.01001818	0
1471.15	.5678639	.4194954	0	.01264065	0
1470.15	.5601204	.4246595	0	.01522008	0
1469.15	.552515	.4297274	0	.01775763	0
1468.15	.545044	.4347016	0	.02025441	0
1467.15	.5377039	.4395846	0	.02271151	0
1466.15	.5304915	.4443785	0	.02512998	0
1465.15	.5234034	.4490857	0	.02751083	0
1464.15	.5164366	.4537084	0	.02985504	0
1463.15	.5095879	.4582486	0	.03216354	0
1462.15	.5028544	.4627083	0	.03443726	0
1461.15	.4962333	.4670896	0	.03667707	0
1460.15	.4897218	.4713943	0	.03888384	0
1459.15	.4833173	.4756244	0	.04105838	0
1458.15	.477017	.4797815	0	.0432015	0
1457.15	.4708187	.4838673	0	.04531398	0
1456.15	.4647197	.4878837	0	.04739655	0
1455.15	.4587178	.4918322	0	.04944996	0
1454.15	.4528107	.4957144	0	.05147491	0
1453.15	.4469961	.4995318	0	.05347207	0
1452.15	.441272	.5032859	0	.0554421	0
1451.15	.4356362	.5069782	0	.05738566	0
1450.15	.4300867	.51061	0	.05930335	0
1449.15	.4246215	.5141827	0	.06119579	0
1448.15	.4192388	.5176976	0	.06306356	0
1447.15	.4139367	.521156	0	.06490722	0
1446.15	.4087134	.5245592	0	.06672733	0
1445.15	.4035672	.5279084	0	.06852442	0
1444.15	.3984964	.5312046	0	.07029901	0
1443.15	.3934992	.5344492	0	.0720516	0
1442.15	.3885742	.5376431	0	.07378268	0
1441.15	.3837198	.5407875	0	.07549274	0
1440.15	.3789344	.5438834	0	.07718222	0
1439.15	.3742166	.5469318	0	.07885159	0
1438.15	.369565	.5499337	0	.08050126	0
1437.15	.3649782	.5528902	0	.08213168	0
1436.15	.3604547	.555802	0	.08374325	0
1435.15	.3559934	.5586703	0	.08533638	0
1434.15	.3515929	.5614957	0	.08691144	0
1433.15	.3472519	.5642793	0	.08846884	0
1432.15	.3429693	.5670217	0	.09000892	0
1431.15	.3387439	.569724	0	.09153205	0
1430.15	.3345745	.5723869	0	.09303859	0
1429.15	.3304601	.5750111	0	.09452886	0
1428.15	.3263994	.5775974	0	.09600321	0
1427.15	.3223914	.5801466	0	.09746196	0
1426.15	.3184352	.5826594	0	.09890541	0
1425.15	.3145297	.5851364	0	.1003339	0
1424.15	.3106739	.5875785	0	.1017477	0
1423.15	.3068668	.5899862	0	.1031471	0
1422.15	.3031075	.5923602	0	.1045323	0
1421.15	.2993951	.5947011	0	.1059038	0
1420.15	.2957288	.5970096	0	.1072617	0
1419.15	.2921075	.5992863	0	.1086062	0
1418.15	.2885305	.6015317	0	.1099378	0
1417.15	.2849971	.6037465	0	.1112565	0
1416.15	.2815062	.6059311	0	.1125627	0
1415.15	.2780572	.6080863	0	.1138565	0
1414.15	.2746493	.6102125	0	.1151383	0
1413.15	.2712817	.6123101	0	.1164082	0
1412.15	.2679537	.6143798	0	.1176665	0
1411.15	.2646646	.6164221	0	.1189133	0
1410.15	.2614137	.6184374	0	.1201489	0
1409.15	.2582002	.6204262	0	.1213736	0
1408.15	.2550236	.622389	0	.1225874	0
1407.15	.2518832	.6243263	0	.1237906	0
1406.15	.2487783	.6262384	0	.1249833	0
1405.15	.2457083	.6281258	0	.1261658	0
1404.15	.2426726	.629989	0	.1273383	0
1403.15	.2396706	.6318284	0	.1285009	0
1402.15	.2367018	.6336444	0	.1296538	0
1401.15	.2337655	.6354374	0	.1307972	0
1400.15	.2308611	.6372077	0	.1319312	0
1399.15	.2279882	.6389558	0	.133056	0
1398.15	.2251463	.640682	0	.1341718	0
1397.15	.2223347	.6423867	0	.1352786	0
1396.15	.219553	.6440703	0	.1363767	0
1395.15	.2168006	.6457331	0	.1374663	0
1394.15	.2140772	.6473754	0	.1385474	0
1393.15	.2113822	.6489977	0	.1396201	0
1392.15	.2087151	.6506002	0	.1406848	0
1391.15	.2060755	.6521832	0	.1417413	0
1390.15	.2034629	.653747	0	.14279	0
1389.15	.2008769	.6552921	0	.143831	0
1388.15	.1983171	.6568186	0	.1448642	0
1387.15	.1957831	.6583269	0	.14589	0
1386.15	.1932743	.6598173	0	.1469084	0
1385.15	.1907905	.66129	0	.1479195	0
1384.15	.1883312	.6627453	0	.1489235	0
1383.15	.1858961	.6641836	0	.1499204	0
1382.15	.1834847	.665605	0	.1509104	0
1381.15	.1810967	.6670098	0	.1518935	0
1380.15	.1787317	.6683984	0	.15287	0
1379.15	.1763893	.6697709	0	.1538398	0
1378.15	.1740693	.6711276	0	.1548031	0
1377.15	.1717713	.6724687	0	.1557601	0
1376.15	.1694948	.6737945	0	.1567107	0
1375.15	.1672397	.6751052	0	.1576551	0
1374.15	.1650056	.676401	0	.1585934	0
1373.15	.1627921	.6776823	0	.1595257	0
1372.15	.1605989	.6789491	0	.160452	0
1371.15	.1584258	.6802016	0	.1613725	0
1370.15	.1562724	.6814403	0	.1622873	0
1369.15	.1541385	.6826651	0	.1631964	0
1368.15	.1520237	.6838764	0	.1640999	0
1367.15	.1499278	.6850743	0	.1649979	0
1366.15	.1478505	.686259	0	.1658905	0
1365.15	.1457915	.6874308	0	.1667778	0
1364.15	.1437506	.6885897	0	.1676597	0
1363.15	.1417274	.6897361	0	.1685366	0
1362.15	.1397218	.69087	0	.1694083	0
1361.15	.1377334	.6919917	0	.1702749	0
1360.15	.1357621	.6931013	0	.1711366	0
1359.15	.1338075	.694199	0	.1719934	0
1358.15	.1318696	.6952851	0	.1728454	0
1357.15	.1299479	.6963595	0	.1736926	0
1356.15	.1280422	.6974226	0	.1745351	0
1355.15	.1261525	.6984745	0	.1753731	0
1354.15	.1242784	.6995152	0	.1762064	0
1353.15	.1224196	.7005451	0	.1770353	0
1352.15	.1205761	.7015642	0	.1778597	0
1351.15	.1187475	.7025727	0	.1786797	0
1350.15	.1169337	.7035708	0	.1794955	0
1349.15	.1151345	.7045585	0	.180307	0
1348.15	.1133497	.7055361	0	.1811143	0
1347.15	.111579	.7065036	0	.1819174	0
1346.15	.1098223	.7074612	0	.1827165	0
1345.15	.1080794	.7084091	0	.1835115	0
1344.15	.1063501	.7093474	0	.1843026	0
1343.15	.1046341	.7102761	0	.1850897	0
1342.15	.1029315	.7111956	0	.185873	0
1341.15	.1012419	.7121057	0	.1866524	0
1340.15	.09956511	.7130068	0	.1874281	0
1339.15	.09790108	.7138988	0	.1882001	0
1338.15	.09624959	.714782	0	.1889684	0
1337.15	.09461047	.7156565	0	.189733	0
1336.15	.09298356	.7165223	0	.1904941	0
1335.15	.0913687	.7173796	0	.1912517	0
1334.15	.08976573	.7182285	0	.1920058	0
1333.15	.08817449	.7190691	0	.1927564	0
1332.15	.08659483	.7199015	0	.1935036	0
1331.15	.0850266	.7207259	0	.1942475	0
1330.15	.08346965	.7215423	0	.1949881	0
1329.15	.08192384	.7223508	0	.1957254	0
1328.15	.08038901	.7231516	0	.1964594	0
1327.15	.07886504	.7239446	0	.1971903	0
1326.15	.07735178	.7247302	0	.197918	0
1325.471	.07633078	.7252591	0	.1984102	0
1325.471	.07633078	.7252591	0	.1984102	0
1325.471	.07633078	.7252591	0	.1984102	0
1325.15	.07395175	.7241916	.00297435	.1988823	0
1324.15	.06655933	.7209143	.01218493	.2003414	0
1323.15	.05918406	.7177043	.02132639	.2017852	0
1322.15	.05182538	.714561	.03039978	.2032139	0
1321.15	.04448274	.7114835	.03940614	.2046276	0
1320.15	.03715563	.7084713	.04834647	.2060267	0
1319.15	.02984351	.7055235	.05722177	.2074112	0
1318.15	.02254588	.7026396	.06603302	.2087816	0
1317.15	.01526223	.6998188	.07478118	.2101378	0
1316.15	.007992084	.6970605	.08346719	.2114802	0
1315.15	7.349492E-04	.6943642	.09209198	.2128089	0
1315.049	0	.6940943	.09296289	.2129429	0
1315.049	0	.6940943	.09296289	.2129429	0
1314.15	0	.692808	.09383578	.2133563	0
1313.15	0	.6913804	.09480453	.2138151	0
1312.15	0	.6899569	.09577057	.2142725	0
1311.15	0	.6885374	.09673388	.2147287	0
1310.15	0	.6871219	.09769448	.2151836	0
1309.15	0	.6857104	.09865238	.2156372	0
1308.15	0	.684303	.09960757	.2160895	0
1307.15	0	.6828994	.1005601	.2165405	0
1306.15	0	.6814999	.1015099	.2169902	0
1305.15	0	.6801043	.102457	.2174387	0
1304.15	0	.6787127	.1034014	.2178859	0
1303.15	0	.677325	.1043432	.2183318	0
1302.15	0	.6759412	.1052823	.2187765	0
1301.15	0	.6745614	.1062188	.2192199	0
1300.15	0	.6731854	.1071525	.219662	0
1299.15	0	.6718134	.1080837	.220103	0
1298.15	0	.6704452	.1090121	.2205427	0
1297.15	0	.6690809	.109938	.2209811	0
1296.15	0	.6677205	.1108612	.2214183	0
1295.15	0	.6663639	.1117817	.2218543	0
1294.15	0	.6650112	.1126997	.2222891	0
1293.15	0	.6636623	.113615	.2227227	0
1292.15	0	.6623172	.1145277	.2231551	0
1291.15	0	.660976	.1154378	.2235862	0
1290.15	0	.6596385	.1163453	.2240162	0
1289.15	0	.6583049	.1172501	.224445	0
1288.15	0	.656975	.1181524	.2248726	0
1287.15	0	.6556489	.1190521	.225299	0
1286.15	0	.6543266	.1199492	.2257242	0
1285.15	0	.6530081	.1208437	.2261483	0
1284.15	0	.6516932	.1217356	.2265711	0
1283.15	0	.6503822	.122625	.2269929	0
1282.15	0	.6490748	.1235118	.2274134	0
1281.15	0	.6477712	.124396	.2278328	0
1280.15	0	.6464713	.1252776	.2282511	0
1279.15	0	.6451751	.1261567	.2286682	0
1278.15	0	.6438826	.1270332	.2290842	0
1277.15	0	.6425938	.1279072	.229499	0
1276.15	0	.6413087	.1287786	.2299127	0
1275.15	0	.6400272	.1296475	.2303253	0
1274.15	0	.6387494	.1305139	.2307367	0
1273.15	0	.6374752	.1313777	.2311471	0
1272.15	0	.6362047	.132239	.2315563	0
1271.15	0	.6349379	.1330977	.2319644	0
1270.15	0	.6336746	.133954	.2323714	0
1269.15	0	.632415	.1348077	.2327773	0
1268.15	0	.631159	.1356589	.2331821	0
1267.15	0	.6299066	.1365076	.2335859	0
1266.15	0	.6286577	.1373538	.2339885	0
1265.15	0	.6274125	.1381975	.23439	0
1264.15	0	.6261709	.1390386	.2347905	0
1263.15	0	.6249328	.1398773	.2351899	0
1262.15	0	.6236983	.1407135	.2355882	0
1261.15	0	.6224673	.1415472	.2359855	0
1260.15	0	.6212399	.1423784	.2363817	0
1259.15	0	.6200161	.1432071	.2367768	0
1258.15	0	.6187957	.1440334	.2371709	0
1257.15	0	.6175789	.1448571	.2375639	0
1256.15	0	.6163657	.1456784	.2379559	0
1255.15	0	.6151559	.1464973	.2383469	0
1254.15	0	.6139496	.1473136	.2387368	0
1253.15	0	.6127469	.1481275	.2391256	0
1252.15	0	.6115476	.1489389	.2395135	0
1251.15	0	.6103518	.1497479	.2399003	0
1250.15	0	.6091595	.1505544	.2402861	0
1249.15	0	.6079706	.1513585	.2406709	0
1248.15	0	.6067853	.1521601	.2410547	0
1247.15	0	.6056033	.1529593	.2414374	0
1246.15	0	.6044249	.153756	.2418191	0
1245.15	0	.6032499	.1545503	.2421999	0
1244.15	0	.6020783	.1553421	.2425796	0
1243.15	0	.6009101	.1561315	.2429584	0
1242.15	0	.5997454	.1569185	.2433362	0
1241.15	0	.5985841	.157703	.2437129	0
1240.15	0	.5974262	.1584851	.2440887	0
1239.15	0	.5962717	.1592648	.2444635	0
1238.15	0	.5951206	.160042	.2448374	0
1237.15	0	.5939729	.1608169	.2452102	0
1236.15	0	.5928286	.1615893	.2455821	0
1235.15	0	.5916877	.1623593	.2459531	0
1234.15	0	.5905501	.1631269	.246323	0
1233.15	0	.5894159	.1638921	.246692	0
1232.15	0	.5882851	.1646548	.2470601	0
1231.15	0	.5871576	.1654152	.2474272	0
1230.15	0	.5860335	.1661731	.2477933	0
1229.15	0	.5849128	.1669287	.2481586	0
1228.15	0	.5837954	.1676818	.2485228	0
1227.15	0	.5826813	.1684325	.2488862	0
1226.15	0	.5815705	.1691809	.2492486	0
1225.15	0	.5804631	.1699268	.24961	0
1224.15	0	.579359	.1706704	.2499706	0
1223.15	0	.5782582	.1714115	.2503302	0
1222.15	0	.5771608	.1721503	.2506889	0
1221.15	0	.5760666	.1728867	.2510467	0
1220.15	0	.5749757	.1736207	.2514036	0
1219.15	0	.5738882	.1743523	.2517596	0
1218.15	0	.5728039	.1750815	.2521146	0
1217.15	0	.5717229	.1758083	.2524688	0
1216.15	0	.5706452	.1765328	.252822	0
1215.15	0	.5695708	.1772549	.2531744	0
1214.15	0	.5684996	.1779745	.2535259	0
1213.15	0	.5674317	.1786919	.2538764	0
1212.15	0	.5663671	.1794068	.2542261	0
1211.15	0	.5653057	.1801194	.2545749	0
1210.15	0	.5642476	.1808296	.2549229	0
1209.15	0	.5631927	.1815374	.2552699	0
1208.15	0	.5621411	.1822428	.2556161	0
1207.15	0	.5610927	.1829459	.2559614	0
1206.15	0	.5600476	.1836466	.2563058	0
1205.15	0	.5590057	.1843449	.2566494	0
1204.15	0	.557967	.1850409	.2569921	0
1203.15	0	.5569316	.1857345	.257334	0
1202.15	0	.5558993	.1864257	.257675	0
1201.15	0	.5548703	.1871146	.2580151	0
1200.15	0	.5538445	.1878011	.2583544	0
1199.15	0	.552822	.1884852	.2586929	0
1198.15	0	.5518026	.189167	.2590305	0
1197.15	0	.5507864	.1898464	.2593672	0
1196.15	0	.5497734	.1905234	.2597031	0
1195.15	0	.5487637	.1911981	.2600382	0
1194.15	0	.5477571	.1918704	.2603725	0
1193.15	0	.5467537	.1925404	.2607059	0
1192.15	0	.5457535	.193208	.2610385	0
1191.15	0	.5447565	.1938732	.2613703	0
1190.15	0	.5437626	.1945361	.2617012	0
1189.15	0	.542772	.1951966	.2620314	0
1188.15	0	.5417845	.1958548	.2623607	0
1187.15	0	.5408002	.1965106	.2626892	0
1186.15	0	.539819	.197164	.2630169	0
1185.15	0	.538841	.1978151	.2633438	0
1184.15	0	.5378662	.1984638	.2636699	0
1183.15	0	.5368946	.1991102	.2639952	0
1182.15	0	.5359261	.1997542	.2643197	0
1181.15	0	.5349607	.2003959	.2646434	0
1180.15	0	.5339985	.2010351	.2649663	0
1179.15	0	.5330395	.2016721	.2652884	0
1178.15	0	.5320836	.2023066	.2656098	0
1177.15	0	.5311309	.2029388	.2659303	0
1176.15	0	.5301813	.2035687	.2662501	0
1175.15	0	.5292348	.2041962	.266569	0
1174.15	0	.5282915	.2048213	.2668872	0
1173.15	0	.5273513	.205444	.2672047	0
1172.15	0	.5264143	.2060644	.2675213	0
1171.15	0	.5254804	.2066824	.2678372	0
1170.15	0	.5245496	.2072981	.2681523	0
1169.15	0	.5236219	.2079114	.2684667	0
1168.15	0	.5226974	.2085223	.2687802	0
1167.15	0	.521776	.2091309	.2690931	0
1166.15	0	.5208578	.2097371	.2694051	0
1165.15	0	.5199426	.2103409	.2697164	0
1164.15	0	.5190306	.2109424	.270027	0
1163.15	0	.5181217	.2115415	.2703368	0
1162.15	0	.5172159	.2121382	.2706459	0
1161.15	0	.5163132	.2127326	.2709542	0
1160.15	0	.5154137	.2133245	.2712618	0
1159.15	0	.5145173	.2139141	.2715686	0
1158.15	0	.5136239	.2145014	.2718747	0
1157.15	0	.5127337	.2150862	.2721801	0
1156.15	0	.5118466	.2156687	.2724847	0
1155.15	0	.5109627	.2162488	.2727886	0
1154.15	0	.5100817	.2168265	.2730918	0
1153.15	0	.509204	.2174018	.2733942	0
1152.15	0	.5083293	.2179748	.2736959	0
1151.15	0	.5074578	.2185453	.2739969	0
1150.15	0	.5065893	.2191135	.2742971	0
1149.15	0	.505724	.2196793	.2745967	0
1148.15	0	.5048618	.2202427	.2748955	0
1147.15	0	.5040027	.2208037	.2751936	0
1146.15	0	.5031467	.2213623	.2754911	0
1145.15	0	.5022938	.2219185	.2757877	0
1144.15	0	.501444	.2224723	.2760837	0
1143.15	0	.5005973	.2230237	.276379	0
1142.15	0	.4997537	.2235727	.2766736	0
1141.15	0	.4989132	.2241193	.2769675	0
1140.15	0	.4980758	.2246635	.2772606	0
1139.15	0	.4972416	.2252053	.2775531	0
1138.15	0	.4964104	.2257447	.2778449	0
1137.15	0	.4955823	.2262817	.278136	0
1136.15	0	.4947574	.2268162	.2784264	0
1135.15	0	.4939355	.2273484	.2787161	0
1134.15	0	.4931168	.2278781	.2790051	0
1133.15	0	.4923012	.2284054	.2792934	0
1132.15	0	.4914886	.2289302	.2795811	0
1131.15	0	.4906792	.2294527	.2798681	0
1130.15	0	.4898729	.2299727	.2801544	0
1129.15	0	.4890697	.2304903	.28044	0
1128.15	0	.4882697	.2310054	.2807249	0
1127.15	0	.4874727	.2315181	.2810092	0
1126.15	0	.4866788	.2320284	.2812927	0
1125.15	0	.4858881	.2325362	.2815757	0
1124.15	0	.4851005	.2330416	.2818579	0
1123.15	0	.484316	.2335446	.2821395	0
1122.15	0	.4835346	.234045	.2824204	0
1121.15	0	.4827563	.2345431	.2827007	0
1120.15	0	.4819811	.2350386	.2829802	0
1119.15	0	.4812091	.2355317	.2832592	0
1118.15	0	.4804402	.2360224	.2835374	0
1117.15	0	.4796744	.2365105	.2838151	0
1116.15	0	.4789118	.2369962	.284092	0
1115.15	0	.4781522	.2374794	.2843683	0
1114.15	0	.4773959	.2379602	.284644	0
1113.15	0	.4766426	.2384384	.284919	0
1112.15	0	.4758925	.2389142	.2851933	0
1111.15	0	.4751455	.2393875	.285467	0
1110.15	0	.4744016	.2398583	.2857401	0
1109.15	0	.4736609	.2403266	.2860125	0
1108.15	0	.4729233	.2407924	.2862843	0
1107.15	0	.4721889	.2412557	.2865554	0
1106.15	0	.4714576	.2417165	.2868259	0
1105.15	0	.4707295	.2421748	.2870957	0
1104.15	0	.4700045	.2426305	.287365	0
1103.15	0	.4692827	.2430838	.2876335	0
1102.15	0	.4685641	.2435345	.2879015	0
1101.15	0	.4678486	.2439827	.2881688	0
1100.15	0	.4671362	.2444283	.2884355	0
1099.15	0	.4664271	.2448714	.2887015	0
1098.15	0	.465721	.245312	.288967	0
1097.15	0	.4650182	.24575	.2892318	0
1096.15	0	.4643186	.2461855	.2894959	0
1095.15	0	.4636221	.2466184	.2897595	0
1094.15	0	.4629288	.2470488	.2900224	0
1093.15	0	.4622387	.2474766	.2902847	0
1092.15	0	.4615518	.2479018	.2905464	0
1091.15	0	.4608681	.2483245	.2908075	0
1090.15	0	.4601875	.2487446	.2910679	0
1089.15	0	.4595102	.2491621	.2913277	0
1088.15	0	.4588361	.249577	.2915869	0
1087.15	0	.4581651	.2499893	.2918455	0
1086.15	0	.4574974	.2503991	.2921035	0
1085.15	0	.4568329	.2508062	.2923609	0
1084.15	0	.4561717	.2512107	.2926177	0
1083.15	0	.4555136	.2516126	.2928738	0
1082.15	0	.4548588	.2520119	.2931293	0
1081.15	0	.4542072	.2524086	.2933843	0
1080.15	0	.4535588	.2528026	.2936386	0
1079.15	0	.4529137	.253194	.2938923	0
1078.15	0	.4522718	.2535828	.2941454	0
1077.15	0	.4516332	.2539689	.2943979	0
1076.15	0	.4509978	.2543524	.2946499	0
1075.15	0	.4503657	.2547332	.2949012	0
1074.15	0	.4497368	.2551113	.2951519	0
1073.15	0	.4491112	.2554868	.295402	0
1072.15	0	.4484889	.2558596	.2956515	0
1071.15	0	.4478699	.2562298	.2959004	0
1070.15	0	.4472541	.2565972	.2961487	0
1069.15	0	.4466416	.256962	.2963964	0
1068.15	0	.4460324	.2573241	.2966435	0
1067.15	0	.4454266	.2576834	.29689	0
1066.15	0	.444824	.2580401	.297136	0
1065.15	0	.4442247	.258394	.2973813	0
1064.15	0	.4436287	.2587453	.297626	0
1063.15	0	.4430361	.2590938	.2978702	0
1062.15	0	.4424468	.2594395	.2981137	0
1061.15	0	.4418608	.2597826	.2983567	0
1060.15	0	.4412781	.2601229	.298599	0
1059.15	0	.4406988	.2604604	.2988408	0
1058.15	0	.4401228	.2607952	.299082	0
1057.15	0	.4395502	.2611272	.2993226	0
1056.15	0	.438981	.2614564	.2995626	0
1055.15	0	.4384151	.2617829	.299802	0
1054.15	0	.4378526	.2621066	.3000409	0
1053.15	0	.4372934	.2624275	.3002791	0
1052.15	0	.4367377	.2627455	.3005168	0
1051.15	0	.4361853	.2630608	.3007538	0
1050.15	0	.4356364	.2633733	.3009903	0
1049.15	0	.4350908	.263683	.3012262	0
1048.15	0	.4345486	.2639898	.3014616	0
1047.15	0	.4340099	.2642938	.3016963	0
1046.15	0	.4334746	.264595	.3019304	0
1045.15	0	.4329427	.2648933	.302164	0
1044.15	0	.4324143	.2651888	.302397	0
1043.15	0	.4318893	.2654814	.3026294	0
1042.15	0	.4313677	.2657711	.3028612	0
1041.15	0	.4308496	.266058	.3030924	0
1040.15	0	.430335	.266342	.303323	0
1039.15	0	.4298238	.2666231	.3035531	0
1038.15	0	.4293161	.2669013	.3037826	0
1037.15	0	.4288119	.2671766	.3040114	0
1036.15	0	.4283112	.267449	.3042398	0
1035.15	0	.4278141	.2677185	.3044675	0
1034.15	0	.4273204	.2679851	.3046946	0
1033.15	0	.4268302	.2682487	.3049212	0
1032.15	0	.4263435	.2685093	.3051471	0
1031.15	0	.4258604	.2687671	.3053725	0
1030.15	0	.4253808	.2690219	.3055973	0
1029.15	0	.4249048	.2692737	.3058215	0
1028.15	0	.4244323	.2695225	.3060451	0
1027.15	0	.4239634	.2697684	.3062682	0
1026.15	0	.4234981	.2700113	.3064906	0
1025.15	0	.4230363	.2702512	.3067125	0
1024.15	0	.4225781	.2704881	.3069338	0
1023.15	0	.4221235	.270722	.3071545	0
1022.15	0	.4216726	.2709529	.3073746	0
1021.15	0	.4212252	.2711807	.3075941	0
1020.15	0	.4207814	.2714055	.307813	0
1019.15	0	.4203413	.2716273	.3080314	0
1018.15	0	.4199048	.2718461	.3082491	0
1017.15	0	.419472	.2720618	.3084663	0
1016.15	0	.4190428	.2722744	.3086828	0
1015.15	0	.4186172	.272484	.3088988	0
1014.15	0	.4181954	.2726904	.3091142	0
1013.15	0	.4177772	.2728938	.309329	0
1012.15	0	.4173627	.2730942	.3095432	0
1011.15	0	.4169519	.2732914	.3097568	0
1010.15	0	.4165448	.2734855	.3099698	0
1009.15	0	.4161414	.2736765	.3101822	0
1008.15	0	.4157417	.2738644	.310394	0
1007.15	0	.4153457	.2740491	.3106052	0
1006.15	0	.4149535	.2742307	.3108158	0
1005.15	0	.414565	.2744092	.3110258	0
1004.15	0	.4141803	.2745845	.3112352	0
1003.15	0	.4137994	.2747566	.311444	0
1002.15	0	.4134222	.2749256	.3116522	0
1001.15	0	.4130488	.2750914	.3118598	0
1000.15	0	.4126792	.2752541	.3120667	0
999.15	0	.4123134	.2754135	.3122731	0
998.15	0	.4119514	.2755698	.3124789	0
997.15	0	.4115932	.2757228	.312684	0
996.15	0	.4112388	.2758726	.3128885	0
995.15	0	.4108883	.2760193	.3130925	0
994.15	0	.4105416	.2761627	.3132957	0
993.15	0	.4101987	.2763028	.3134984	0
992.15	0	.4098598	.2764398	.3137005	0
991.15	0	.4095246	.2765735	.3139019	0
990.15	0	.4091934	.2767039	.3141027	0
989.15	0	.408866	.2768311	.3143029	0
988.15	0	.4085425	.276955	.3145024	0
987.15	0	.408223	.2770757	.3147014	0
986.15	0	.4079073	.277193	.3148997	0
985.15	0	.4075956	.2773072	.3150973	0
984.15	0	.4072877	.277418	.3152943	0
983.15	0	.4069838	.2775255	.3154907	0
982.15	0	.4066839	.2776297	.3156864	0
981.15	0	.4063879	.2777306	.3158815	0
980.15	0	.4060958	.2778282	.316076	0
979.15	0	.4058078	.2779225	.3162697	0
978.15	0	.4055237	.2780135	.3164629	0
977.15	0	.4052435	.2781011	.3166554	0
976.15	0	.4049674	.2781854	.3168472	0
975.15	0	.4046952	.2782664	.3170384	0
974.15	0	.4044271	.2783441	.3172289	0
973.15	0	.404163	.2784184	.3174187	0
972.15	0	.4039028	.2784893	.3176079	0
971.15	0	.4036467	.2785569	.3177963	0
970.15	0	.4033947	.2786212	.3179842	0
969.15	0	.4031467	.2786821	.3181713	0
968.15	0	.4029027	.2787396	.3183577	0
967.15	0	.4026627	.2787937	.3185435	0
966.15	0	.4024269	.2788445	.3187286	0
965.15	0	.402195	.278892	.318913	0
964.15	0	.4019673	.278936	.3190967	0
963.15	0	.4017436	.2789767	.3192797	0
962.15	0	.401524	.279014	.3194619	0
961.15	0	.4013085	.279048	.3196435	0
960.15	0	.4010971	.2790785	.3198244	0
959.15	0	.4008898	.2791057	.3200045	0
958.15	0	.4006865	.2791295	.3201839	0
957.15	0	.4004874	.27915	.3203626	0
956.15	0	.4002924	.279167	.3205406	0
955.15	0	.4001015	.2791807	.3207178	0
954.15	0	.3999147	.279191	.3208943	0
953.15	0	.399732	.2791979	.3210701	0
952.15	0	.3995534	.2792015	.3212451	0
951.15	0	.399379	.2792017	.3214193	0
950.15	0	.3992087	.2791985	.3215928	0
949.15	0	.3990425	.279192	.3217656	0
948.15	0	.3988804	.2791821	.3219375	0
947.15	0	.3987225	.2791688	.3221087	0
946.15	0	.3985687	.2791522	.3222791	0
945.15	0	.398419	.2791323	.3224487	0
944.15	0	.3982735	.279109	.3226176	0
943.15	0	.398132	.2790824	.3227856	0
942.15	0	.3979947	.2790524	.3229528	0
941.15	0	.3978616	.2790192	.3231193	0
940.15	0	.3977325	.2789826	.3232849	0
939.15	0	.3976076	.2789427	.3234497	0
938.15	0	.3974868	.2788996	.3236136	0
937.15	0	.3973701	.2788531	.3237767	0
936.15	0	.3972576	.2788034	.323939	0
935.15	0	.3971491	.2787504	.3241004	0
934.15	0	.3970448	.2786942	.324261	0
933.15	0	.3969445	.2786348	.3244207	0
932.15	0	.3968483	.2785721	.3245796	0
931.15	0	.3967562	.2785062	.3247376	0
930.15	0	.3966682	.2784371	.3248946	0
929.15	0	.3965843	.2783649	.3250508	0
928.15	0	.3965044	.2782895	.3252061	0
927.15	0	.3964286	.2782109	.3253605	0
926.15	0	.3963568	.2781293	.3255139	0
925.15	0	.396289	.2780445	.3256665	0
924.15	0	.3962253	.2779566	.3258181	0
923.15	0	.3961655	.2778657	.3259688	0
922.15	0	.3961098	.2777718	.3261185	0
921.15	0	.396058	.2776748	.3262672	0
920.15	0	.3960102	.2775748	.326415	0
919.15	0	.3959664	.2774719	.3265617	0
918.15	0	.3959264	.277366	.3267075	0
917.15	0	.3958904	.2772573	.3268523	0
916.15	0	.3958583	.2771456	.3269961	0
915.15	0	.39583	.2770311	.3271389	0
914.15	0	.3958056	.2769138	.3272806	0
913.15	0	.3957851	.2767937	.3274213	0
912.15	0	.3957683	.2766708	.3275609	0
911.15	0	.3957553	.2765452	.3276995	0
910.15	0	.3957461	.2764169	.3278369	0
909.15	0	.3957406	.2762861	.3279733	0
908.15	0	.3957388	.2761525	.3281086	0
907.15	0	.3957407	.2760165	.3282428	0
906.15	0	.3957463	.2758779	.3283758	0
905.15	0	.3957554	.2757369	.3285077	0
904.15	0	.3957682	.2755934	.3286384	0
903.15	0	.3957844	.2754476	.328768	0
902.15	0	.3958042	.2752994	.3288964	0
901.15	0	.3958275	.275149	.3290236	0
900.15	0	.3958542	.2749963	.3291495	0
899.15	0	.3958843	.2748415	.3292743	0
898.15	0	.3959177	.2746845	.3293978	0
897.15	0	.3959545	.2745256	.32952	0
896.15	0	.3959945	.2743646	.3296409	0
895.15	0	.3960377	.2742017	.3297606	0
894.15	0	.3960841	.274037	.3298789	0
893.15	0	.3961336	.2738705	.329996	0
892.15	0	.3961862	.2737022	.3301116	0
891.15	0	.3962417	.2735324	.3302259	0
890.15	0	.3963003	.2733609	.3303388	0
889.15	0	.3963617	.273188	.3304503	0
888.15	0	.3964259	.2730137	.3305604	0
887.15	0	.3964929	.2728381	.330669	0
886.15	0	.3965626	.2726613	.3307761	0
885.15	0	.3966349	.2724833	.3308818	0
884.15	0	.3967098	.2723042	.3309859	0
883.15	0	.3967872	.2721243	.3310885	0
882.15	0	.396867	.2719435	.3311896	0
881.15	0	.3969491	.2717619	.331289	0
880.15	0	.3970334	.2715798	.3313868	0
879.15	0	.3971199	.2713971	.331483	0
878.15	0	.3972085	.271214	.3315775	0
877.15	0	.397299	.2710307	.3316703	0
876.15	0	.3973914	.2708472	.3317614	0
875.15	0	.3974856	.2706637	.3318507	0
874.15	0	.3975815	.2704804	.3319382	0
873.15	0	.3976789	.2702973	.3320239	0
872.15	0	.3977778	.2701146	.3321077	0
871.15	0	.397878	.2699325	.3321896	0
870.15	0	.3979794	.2697511	.3322696	0
869.15	0	.3980819	.2695706	.3323475	0
868.15	0	.3981853	.2693912	.3324235	0
867.15	0	.3982896	.269213	.3324974	0
866.15	0	.3983945	.2690363	.3325692	0
865.15	0	.3985	.2688612	.3326389	0
864.15	0	.3986058	.2686879	.3327063	0
863.15	0	.3987118	.2685167	.3327715	0
862.15	0	.3988178	.2683478	.3328344	0
861.15	0	.3989236	.2681815	.3328949	0
860.15	0	.3990291	.2680179	.332953	0
859.15	0	.3991341	.2678573	.3330086	0
858.15	0	.3992383	.2677001	.3330616	0
857.15	0	.3993415	.2675465	.333112	0
856.15	0	.3994435	.2673968	.3331597	0
855.15	0	.399544	.2672513	.3332047	0
854.15	0	.3996428	.2671104	.3332467	0
853.15	0	.3997397	.2669745	.3332858	0
852.15	0	.3998342	.2668439	.3333219	0
851.15	0	.3999261	.266719	.3333548	0
850.15	0	.4000151	.2666004	.3333845	0
849.15	0	.4001008	.2664884	.3334108	0
848.15	0	.4001829	.2663836	.3334336	0
847.15	0	.4002608	.2662865	.3334527	0
846.15	0	.4003342	.2661977	.3334681	0
845.15	0	.4004027	.2661178	.3334795	0
844.15	0	.4004656	.2660475	.3334869	0
843.15	0	.4005225	.2659876	.3334899	0
842.15	0	.4005727	.2659389	.3334884	0
841.15	0	.4004856	.2660676	.3334468	0
840.15	0	.4002305	.2664148	.3333547	0
839.15	0	.4000191	.2667115	.3332694	0
838.15	0	.399847	.2669629	.3331901	0
837.15	0	.3997103	.2671736	.333116	0
836.15	0	.3996059	.2673476	.3330465	0
835.15	0	.3995307	.2674881	.3329811	0
834.15	0	.3994823	.2675983	.3329194	0
833.15	0	.3994583	.2676809	.3328609	0
832.15	0	.3994567	.2677381	.3328053	0
831.15	0	.3994756	.2677721	.3327523	0
830.15	0	.3995134	.2677849	.3327017	0
829.15	0	.3995686	.2677782	.3326532	0
828.15	0	.3996398	.2677535	.3326067	0
827.15	0	.3997257	.2677123	.332562	0
826.15	0	.3998252	.2676559	.3325189	0
825.15	0	.3999373	.2675855	.3324773	0
824.15	0	.4000608	.2675022	.332437	0
823.15	0	.4001951	.267407	.3323979	0
822.15	0	.4003391	.2673008	.33236	0
821.15	0	.4004922	.2671846	.3323231	0
820.15	0	.4006537	.2670591	.3322872	0
819.15	0	.4008228	.2669251	.3322522	0
818.15	0	.4009989	.2667832	.3322179	0
817.15	0	.4011815	.2666341	.3321844	0
816.15	0	.40137	.2664784	.3321516	0
815.15	0	.4015639	.2663167	.3321194	0
814.15	0	.4017628	.2661494	.3320878	0
813.15	0	.4019661	.2659771	.3320568	0
812.15	0	.4021736	.2658001	.3320262	0
811.15	0	.4023848	.2656191	.3319961	0
810.15	0	.4025993	.2654342	.3319665	0
809.15	0	.4028169	.2652459	.3319372	0
808.15	0	.4030371	.2650546	.3319083	0
807.15	0	.4032597	.2648605	.3318798	0
806.15	0	.4034845	.264664	.3318515	0
805.15	0	.4037111	.2644654	.3318235	0
804.15	0	.4039393	.2642649	.3317958	0
803.15	0	.4041689	.2640628	.3317684	0
802.15	0	.4043996	.2638592	.3317412	0
801.15	0	.4046313	.2636545	.3317141	0
800.15	0	.4048638	.2634489	.3316873	0
799.15	0	.4050968	.2632425	.3316607	0
798.15	0	.4053303	.2630355	.3316342	0
797.15	0	.405564	.2628281	.3316079	0
796.15	0	.4057979	.2626204	.3315817	0
795.15	0	.4060317	.2624127	.3315557	0
794.15	0	.4062653	.262205	.3315297	0
793.15	0	.4064987	.2619974	.3315039	0
792.15	0	.4067317	.2617901	.3314782	0
791.15	0	.4069642	.2615833	.3314525	0
790.15	0	.4071961	.261377	.331427	0
789.15	0	.4074273	.2611713	.3314015	0
788.15	0	.4076577	.2609663	.3313761	0
787.15	0	.4078872	.2607621	.3313507	0
786.15	0	.4081158	.2605588	.3313254	0
785.15	0	.4083434	.2603564	.3313002	0
784.15	0	.40857	.2601551	.331275	0
783.15	0	.4087954	.2599549	.3312498	0
782.15	0	.4090196	.2597558	.3312247	0
781.15	0	.4092425	.2595579	.3311996	0
780.15	0	.4094641	.2593614	.3311745	0
779.15	0	.4096844	.2591661	.3311494	0
778.15	0	.4099034	.2589723	.3311244	0
777.15	0	.4101209	.2587798	.3310993	0
776.15	0	.4103369	.2585888	.3310743	0
775.15	0	.4105515	.2583992	.3310493	0
774.15	0	.4107645	.2582112	.3310243	0
773.15	0	.410976	.2580248	.3309993	0
772.15	0	.4111859	.2578399	.3309743	0
771.15	0	.4113942	.2576566	.3309492	0
770.15	0	.4116009	.2574749	.3309242	0
769.15	0	.4118059	.2572949	.3308992	0
768.15	0	.4120093	.2571166	.3308741	0
767.15	0	.412211	.2569399	.3308491	0
766.15	0	.4124111	.2567649	.330824	0
765.15	0	.4126094	.2565917	.3307989	0
764.15	0	.4128061	.2564201	.3307738	0
763.15	0	.4130011	.2562503	.3307487	0
762.15	0	.4131943	.2560822	.3307235	0
761.15	0	.4133858	.2559159	.3306984	0
760.15	0	.4135756	.2557513	.3306732	0
759.15	0	.4137636	.2555884	.3306479	0
758.15	0	.41395	.2554273	.3306227	0
757.15	0	.4141346	.255268	.3305974	0
756.15	0	.4143174	.2551105	.3305721	0
755.15	0	.4144986	.2549547	.3305468	0
754.15	0	.414678	.2548006	.3305214	0
753.15	0	.4148556	.2546483	.330496	0
752.15	0	.4150316	.2544978	.3304706	0
751.15	0	.4152058	.254349	.3304452	0
750.15	0	.4153783	.254202	.3304197	0
749.15	0	.4155492	.2540567	.3303942	0
748.15	0	.4157183	.2539131	.3303686	0
747.15	0	.4158857	.2537713	.330343	0
746.15	0	.4160514	.2536312	.3303174	0
745.15	0	.4162154	.2534928	.3302917	0
744.15	0	.4163778	.2533562	.330266	0
743.15	0	.4165385	.2532212	.3302403	0
742.15	0	.4166975	.253088	.3302145	0
741.15	0	.4168549	.2529564	.3301887	0
740.15	0	.4170106	.2528265	.3301629	0
739.15	0	.4171648	.2526982	.330137	0
738.15	0	.4173172	.2525717	.3301111	0
737.15	0	.4174681	.2524467	.3300851	0
736.15	0	.4176174	.2523235	.3300591	0
735.15	0	.4177676	.2522	.3300325	0
734.15	0	.4179135	.2520801	.3300064	0
733.15	0	.4180579	.2519618	.3299804	0
732.15	0	.4182007	.2518451	.3299543	0
731.15	0	.418342	.2517299	.3299281	0
730.15	0	.4184817	.2516164	.3299019	0
729.15	0	.41862	.2515043	.3298757	0
728.15	0	.4187567	.2513939	.3298494	0
727.15	0	.418892	.2512849	.3298231	0
726.15	0	.4190257	.2511775	.3297968	0
725.15	0	.419158	.2510716	.3297703	0
724.15	0	.4192889	.2509672	.3297439	0
723.15	0	.4194183	.2508643	.3297174	0
722.15	0	.4195463	.2507628	.3296909	0
721.15	0	.4196728	.2506628	.3296644	0
720.15	0	.4197979	.2505643	.3296378	0
719.15	0	.4199217	.2504672	.3296111	0
718.15	0	.420044	.2503716	.3295845	0
717.15	0	.420165	.2502773	.3295577	0
716.15	0	.4202846	.2501845	.329531	0
715.15	0	.4204028	.250093	.3295042	0
714.15	0	.4205197	.2500029	.3294774	0
713.15	0	.4206353	.2499142	.3294505	0
712.15	0	.4207496	.2498269	.3294236	0
711.15	0	.4208625	.2497408	.3293966	0
710.15	0	.4209742	.2496562	.3293696	0
709.15	0	.4210846	.2495728	.3293426	0
708.15	0	.4211937	.2494908	.3293156	0
707.15	0	.4213015	.24941	.3292885	0
706.15	0	.4214081	.2493305	.3292613	0
705.15	0	.4215135	.2492523	.3292342	0
704.15	0	.4216176	.2491754	.3292069	0
703.15	0	.4217206	.2490997	.3291797	0
702.15	0	.4218223	.2490253	.3291524	0
701.15	0	.4219228	.2489521	.3291251	0
700.15	0	.4220222	.2488801	.3290978	0
699.15	0	.4221204	.2488093	.3290704	0
698.15	0	.4222174	.2487397	.329043	0
697.15	0	.4223133	.2486712	.3290155	0
696.15	0	.422408	.248604	.328988	0
695.15	0	.4225016	.2485379	.3289605	0
694.15	0	.4225941	.2484729	.328933	0
693.15	0	.4226855	.2484091	.3289054	0
692.15	0	.4227758	.2483464	.3288778	0
691.15	0	.422865	.2482849	.3288501	0
690.15	0	.4229532	.2482244	.3288224	0
689.15	0	.4230402	.248165	.3287947	0
688.15	0	.4231263	.2481067	.328767	0
687.15	0	.4232113	.2480495	.3287392	0
686.15	0	.4232952	.2479934	.3287114	0
685.15	0	.4233782	.2479382	.3286836	0
684.15	0	.4234601	.2478842	.3286557	0
683.15	0	.423541	.2478312	.3286278	0
682.15	0	.4236209	.2477791	.3285999	0
681.15	0	.4236999	.2477281	.328572	0
680.15	0	.4237778	.2476781	.328544	0
679.15	0	.4238549	.2476291	.328516	0
678.15	0	.4239309	.2475811	.328488	0
677.15	0	.424006	.247534	.32846	0
676.15	0	.4240802	.2474879	.3284319	0
675.15	0	.4241534	.2474428	.3284038	0
674.15	0	.4242258	.2473986	.3283757	0
673.15	0	.4242972	.2473553	.3283475	0
672.15	0	.4243677	.2473129	.3283193	0
671.15	0	.4244374	.2472715	.3282911	0
670.15	0	.4245061	.247231	.3282629	0
669.15	0	.424574	.2471913	.3282347	0
668.15	0	.424641	.2471526	.3282064	0
667.15	0	.4247072	.2471147	.3281781	0
666.15	0	.4247725	.2470777	.3281498	0
665.15	0	.424837	.2470415	.3281215	0
664.15	0	.4249007	.2470062	.3280931	0
663.15	0	.4249635	.2469718	.3280648	0
662.15	0	.4250255	.2469381	.3280364	0
661.15	0	.4250867	.2469053	.3280079	0
660.15	0	.4251471	.2468734	.3279795	0
659.15	0	.4252068	.2468422	.3279511	0
658.15	0	.4252656	.2468118	.3279226	0
657.15	0	.4253237	.2467822	.3278941	0
656.15	0	.425381	.2467534	.3278656	0
655.15	0	.4254375	.2467254	.3278371	0
654.15	0	.4254933	.2466981	.3278086	0
653.15	0	.4255484	.2466716	.32778	0
652.15	0	.4256027	.2466459	.3277514	0
651.15	0	.4256563	.2466209	.3277229	0
650.15	0	.4257091	.2465966	.3276943	0
649.15	0	.4257613	.2465731	.3276657	0
648.15	0	.4258127	.2465503	.327637	0
647.15	0	.4258635	.2465282	.3276084	0
646.15	0	.4259135	.2465068	.3275797	0
645.15	0	.4259629	.2464861	.3275511	0
644.15	0	.4260116	.246466	.3275224	0
643.15	0	.4260596	.2464467	.3274937	0
642.15	0	.4261069	.2464281	.327465	0
641.15	0	.4261536	.2464101	.3274363	0
640.15	0	.4261996	.2463928	.3274076	0
639.15	0	.426245	.2463761	.3273789	0
638.15	0	.4262898	.2463601	.3273501	0
637.15	0	.4263339	.2463447	.3273214	0
636.15	0	.4263774	.24633	.3272927	0
635.15	0	.4264202	.2463159	.3272639	0
634.15	0	.4264625	.2463024	.3272351	0
633.15	0	.4265041	.2462895	.3272063	0
632.15	0	.4265451	.2462773	.3271776	0
631.15	0	.4265856	.2462656	.3271488	0
630.15	0	.4266254	.2462546	.32712	0
629.15	0	.4266647	.2462441	.3270912	0
628.15	0	.4267034	.2462342	.3270624	0
627.15	0	.4267415	.2462249	.3270336	0
626.15	0	.426779	.2462162	.3270048	0
625.15	0	.426816	.246208	.326976	0
624.15	0	.4268524	.2462004	.3269472	0
623.15	0	.4268883	.2461933	.3269184	0
622.15	0	.4269237	.2461868	.3268896	0
621.15	0	.4269584	.2461808	.3268607	0
620.15	0	.4269927	.2461754	.3268319	0
619.15	0	.4270264	.2461705	.3268031	0
618.15	0	.4270596	.2461661	.3267743	0
617.15	0	.4270923	.2461622	.3267455	0
616.15	0	.4271245	.2461589	.3267167	0
615.15	0	.4271561	.246156	.3266879	0
614.15	0	.4271873	.2461537	.3266591	0
613.15	0	.427218	.2461518	.3266303	0
612.15	0	.4272481	.2461504	.3266015	0
611.15	0	.4272778	.2461496	.3265727	0
610.15	0	.427307	.2461492	.3265439	0
609.15	0	.4273357	.2461492	.3265151	0
608.15	0	.4273639	.2461498	.3264863	0
607.15	0	.4273917	.2461508	.3264575	0
606.15	0	.427419	.2461523	.3264288	0
605.15	0	.4274458	.2461542	.3264	0
604.15	0	.4274722	.2461566	.3263712	0
603.15	0	.4274981	.2461594	.3263425	0
602.15	0	.4275236	.2461626	.3263138	0
601.15	0	.4275487	.2461663	.326285	0
600.15	0	.4275733	.2461705	.3262563	0
599.15	0	.4275974	.246175	.3262276	0
598.15	0	.4276212	.24618	.3261989	0
597.15	0	.4276445	.2461853	.3261702	0
596.15	0	.4276674	.2461911	.3261415	0
595.15	0	.4276898	.2461973	.3261129	0
594.15	0	.4277119	.2462039	.3260842	0
593.15	0	.4277336	.2462109	.3260556	0
592.15	0	.4277548	.2462183	.3260269	0
591.15	0	.4277756	.246226	.3259983	0
590.15	0	.4277961	.2462342	.3259697	0
589.15	0	.4278161	.2462427	.3259412	0
588.15	0	.4278358	.2462516	.3259126	0
587.15	0	.4278551	.2462609	.325884	0
586.15	0	.427874	.2462705	.3258555	0
585.15	0	.4278925	.2462805	.325827	0
584.15	0	.4279107	.2462909	.3257985	0
583.15	0	.4279284	.2463016	.32577	0
582.15	0	.4279458	.2463126	.3257415	0
581.15	0	.4279629	.246324	.3257131	0
580.15	0	.4279796	.2463358	.3256847	0
579.15	0	.4279959	.2463478	.3256563	0
578.15	0	.4280119	.2463603	.3256279	0
577.15	0	.4280275	.246373	.3255995	0
576.15	0	.4280428	.246386	.3255712	0
575.15	0	.4280578	.2463994	.3255428	0
574.15	0	.4280723	.2464131	.3255145	0
573.15	0	.4280866	.2464271	.3254863	0
572.15	0	.4281006	.2464414	.325458	0
571.15	0	.4281142	.2464561	.3254298	0
570.15	0	.4281275	.246471	.3254016	0
569.15	0	.4281404	.2464862	.3253734	0
568.15	0	.428153	.2465017	.3253452	0
567.15	0	.4281654	.2465175	.3253171	0
566.15	0	.4281774	.2465336	.325289	0
565.15	0	.4281891	.24655	.3252609	0
564.15	0	.4282005	.2465666	.3252329	0
563.15	0	.4282116	.2465835	.3252049	0
562.15	0	.4282224	.2466008	.3251769	0
561.15	0	.4282329	.2466182	.3251489	0
560.15	0	.4282431	.2466359	.325121	0
559.15	0	.428253	.2466539	.3250931	0
558.15	0	.4282626	.2466722	.3250652	0
557.15	0	.4282719	.2466907	.3250374	0
556.15	0	.428281	.2467095	.3250096	0
555.15	0	.4282898	.2467285	.3249818	0
554.15	0	.4282983	.2467477	.324954	0
553.15	0	.4283065	.2467672	.3249263	0
552.15	0	.4283144	.2467869	.3248986	0
551.15	0	.4283221	.2468069	.324871	0
550.15	0	.4283295	.2468271	.3248434	0
549.15	0	.4283367	.2468475	.3248158	0
548.15	0	.4283436	.2468682	.3247883	0
547.15	0	.4283502	.246889	.3247608	0
546.15	0	.4283566	.2469101	.3247333	0
545.15	0	.4283627	.2469314	.3247059	0
544.15	0	.4283686	.246953	.3246785	0
543.15	0	.4283742	.2469747	.3246511	0
542.15	0	.4283796	.2469966	.3246238	0
541.15	0	.4283847	.2470188	.3245965	0
540.15	0	.4283896	.2470411	.3245693	0
539.15	0	.4283943	.2470637	.3245421	0
538.15	0	.4283987	.2470864	.3245149	0
537.15	0	.4284029	.2471093	.3244878	0
536.15	0	.4284068	.2471325	.3244607	0
535.15	0	.4284106	.2471558	.3244337	0
534.15	0	.4284141	.2471792	.3244067	0
533.15	0	.4284173	.2472029	.3243797	0
532.15	0	.4284204	.2472268	.3243528	0
531.15	0	.4284232	.2472508	.324326	0
530.15	0	.4284258	.247275	.3242992	0
529.15	0	.4284283	.2472994	.3242724	0
528.15	0	.4284305	.2473239	.3242456	0
527.15	0	.4284324	.2473486	.324219	0
526.15	0	.4284342	.2473735	.3241923	0
525.15	0	.4284358	.2473985	.3241657	0
524.15	0	.4284371	.2474237	.3241392	0
523.15	0	.4284383	.247449	.3241127	0
522.15	0	.4284393	.2474745	.3240863	0
521.15	0	.42844	.2475001	.3240599	0
520.15	0	.4284406	.2475259	.3240335	0
519.15	0	.428441	.2475518	.3240072	0
518.15	0	.4284412	.2475779	.323981	0
517.15	0	.4284412	.2476041	.3239548	0
516.15	0	.428441	.2476304	.3239286	0
515.15	0	.4284406	.2476569	.3239025	0
514.15	0	.42844	.2476835	.3238765	0
513.15	0	.4284393	.2477103	.3238505	0
512.15	0	.4284383	.2477371	.3238245	0
511.15	0	.4284372	.2477641	.3237987	0
510.15	0	.428436	.2477912	.3237728	0
509.15	0	.4284345	.2478185	.323747	0
508.15	0	.4284329	.2478458	.3237213	0
507.15	0	.4284311	.2478733	.3236957	0
506.15	0	.4284291	.2479008	.32367	0
505.15	0	.428427	.2479285	.3236445	0
504.15	0	.4284247	.2479563	.323619	0
503.15	0	.4284222	.2479842	.3235935	0
502.15	0	.4284196	.2480122	.3235682	0
501.258	0	.4284171	.2480373	.3235456	0
501.258	0	.4284171	.2480373	.3235456	0
501.258	0	.4284171	.2480373	.3235456	0
501.15	0	.4284425	.2479824	.3235141	6.0917E-05
500.15	0	.4286765	.2474757	.3232238	6.239708E-04
499.15	0	.428909	.2469712	.3229343	.001185536
498.15	0	.4291402	.2464687	.3226455	.001745625
497.15	0	.4293699	.2459683	.3223576	.002304252
496.15	0	.4295982	.24547	.3220704	.002861431
495.15	0	.4298251	.2449737	.321784	.003417173
494.15	0	.4300507	.2444794	.3214984	.003971493
493.15	0	.430275	.2439871	.3212135	.004524403
492.15	0	.4304979	.2434967	.3209294	.005075916
491.15	0	.4307196	.2430083	.3206461	.005626044
490.15	0	.4309401	.2425218	.3203633	.006174844
489.15	0	.4311592	.2420371	.3200815	.00672224
488.15	0	.431377	.2415544	.3198003	.007268288
487.15	0	.4315936	.2410735	.3195199	.007813001
486.15	0	.431809	.2405943	.3192403	.00835639
485.15	0	.4320232	.240117	.3189613	.008898467
484.15	0	.4322362	.2396415	.3186831	.009439244
483.15	0	.432448	.2391677	.3184055	.009978733
482.15	0	.4326587	.2386957	.3181287	.01051694
481.15	0	.4328683	.2382253	.3178525	.01105389
480.15	0	.4330767	.2377567	.317577	.01158958
479.15	0	.433284	.2372897	.3173023	.01212403
478.15	0	.4334902	.2368244	.3170282	.01265725
477.15	0	.4336954	.2363607	.3167547	.01318924
476.15	0	.4338994	.2358986	.316482	.01372003
475.15	0	.4341025	.2354381	.3162099	.01424961
474.15	0	.4343044	.2349791	.3159384	.01477801
473.15	0	.4345054	.2345217	.3156676	.01530523
472.15	0	.4347054	.2340659	.3153975	.01583128
471.15	0	.4349043	.2336115	.315128	.01635617
470.15	0	.4351023	.2331587	.3148591	.01687991
469.15	0	.4352993	.2327073	.3145909	.01740252
468.15	0	.4354954	.2322574	.3143233	.017924
467.15	0	.4356905	.2318089	.3140563	.01844436
466.15	0	.4358847	.2313618	.3137899	.01896362
465.15	0	.4360779	.2309161	.3135242	.01948178
464.15	0	.4362703	.2304718	.313259	.01999885
463.15	0	.4364617	.2300289	.3129945	.02051484
462.15	0	.4366523	.2295873	.3127306	.02102976
461.15	0	.4368421	.2291471	.3124672	.02154362
460.15	0	.4370309	.2287082	.3122045	.02205644
459.15	0	.4372189	.2282706	.3119423	.02256821
458.15	0	.4374061	.2278342	.3116807	.02307895
457.15	0	.4375925	.2273992	.3114197	.02358867
456.15	0	.437778	.2269653	.3111593	.02409737
455.15	0	.4379627	.2265328	.3108995	.02460507
454.15	0	.4381467	.2261014	.3106402	.02511177
453.15	0	.4383299	.2256712	.3103814	.02561748
452.15	0	.4385123	.2252422	.3101233	.02612222
