T	 BPW(LIQUID)	BPW(BCC_A2)	BPW(FCC_A1)	BPW(LAVES_PHASE_C14)	BPW(NI3TI)
1473.15	.4915674	.5084326	0	0	0
1472.15	.4881124	.5118877	0	0	0
1471.15	.4846801	.5153199	0	0	0
1470.15	.4812706	.5187294	0	0	0
1469.15	.4778836	.5221164	0	0	0
1468.15	.4745189	.5254811	0	0	0
1467.15	.4711765	.5288235	0	0	0
1466.15	.467856	.532144	0	0	0
1465.15	.4645575	.5354425	0	0	0
1464.15	.4612807	.5387193	0	0	0
1463.15	.4580254	.5419746	0	0	0
1462.15	.4547915	.5452085	0	0	0
1461.15	.4515789	.5484211	0	0	0
1460.15	.4483873	.5516127	0	0	0
1459.15	.4452167	.5547833	0	0	0
1458.15	.4420669	.5579331	0	0	0
1457.15	.4389377	.5610623	0	0	0
1456.15	.435829	.564171	0	0	0
1455.15	.4327407	.5672593	0	0	0
1454.15	.4296726	.5703275	0	0	0
1453.15	.4266245	.5733755	0	0	0
1452.15	.4235963	.5764037	0	0	0
1451.15	.4205878	.5794122	0	0	0
1450.15	.417599	.582401	0	0	0
1449.15	.4146297	.5853703	0	0	0
1448.15	.4116797	.5883203	0	0	0
1447.15	.4087489	.5912511	0	0	0
1446.15	.4058372	.5941628	0	0	0
1445.15	.4029444	.5970556	0	0	0
1444.15	.4000704	.5999296	0	0	0
1443.15	.3972151	.6027849	0	0	0
1442.15	.3943782	.6056218	0	0	0
1441.15	.3915598	.6084402	0	0	0
1440.15	.3887596	.6112404	0	0	0
1439.15	.3859776	.6140224	0	0	0
1438.15	.3832136	.6167864	0	0	0
1437.15	.3804674	.6195326	0	0	0
1436.15	.377739	.622261	0	0	0
1435.15	.3750282	.6249718	0	0	0
1434.15	.3723349	.6276652	0	0	0
1433.15	.3696589	.6303411	0	0	0
1432.15	.3670002	.6329998	0	0	0
1431.15	.3643586	.6356414	0	0	0
1430.15	.3617341	.638266	0	0	0
1429.15	.3591263	.6408737	0	0	0
1428.15	.3565354	.6434646	0	0	0
1427.15	.3539611	.6460389	0	0	0
1426.15	.3514033	.6485967	0	0	0
1425.15	.3488619	.6511381	0	0	0
1424.15	.3463368	.6536632	0	0	0
1423.15	.3438279	.6561721	0	0	0
1422.15	.3413351	.658665	0	0	0
1421.15	.3388581	.6611419	0	0	0
1420.15	.336397	.663603	0	0	0
1419.15	.3339517	.6660484	0	0	0
1418.15	.3315219	.6684781	0	0	0
1417.15	.3291076	.6708924	0	0	0
1416.15	.3267087	.6732913	0	0	0
1415.15	.3243251	.6756749	0	0	0
1414.15	.3219567	.6780433	0	0	0
1413.15	.3196033	.6803967	0	0	0
1412.15	.3172649	.6827351	0	0	0
1411.15	.3149413	.6850587	0	0	0
1410.15	.3126325	.6873675	0	0	0
1409.15	.3103383	.6896617	0	0	0
1408.15	.3080586	.6919414	0	0	0
1407.15	.3057934	.6942066	0	0	0
1406.15	.3035426	.6964574	0	0	0
1405.15	.3013059	.6986941	0	0	0
1404.15	.2990834	.7009166	0	0	0
1403.15	.2968749	.7031251	0	0	0
1402.15	.2946804	.7053196	0	0	0
1401.15	.2924997	.7075003	0	0	0
1400.15	.2903327	.7096673	0	0	0
1399.15	.2881794	.7118206	0	0	0
1398.15	.2860396	.7139604	0	0	0
1397.15	.2839133	.7160867	0	0	0
1396.15	.2818004	.7181997	0	0	0
1395.15	.2797007	.7202994	0	0	0
1394.15	.2776141	.7223859	0	0	0
1393.15	.2755407	.7244593	0	0	0
1392.582	.2743697	.7256303	0	0	0
1392.582	.2743697	.7256303	0	0	0
1392.582	.2743697	.7256303	0	0	0
1392.15	.2730268	.7264314	0	5.41803E-04	0
1391.15	.2699445	.7282675	0	.00178799	0
1390.15	.266894	.7300811	0	.003024921	0
1389.15	.2638747	.7318725	0	.004252749	0
1388.15	.2608862	.7336421	0	.005471623	0
1387.15	.257928	.7353903	0	.006681689	0
1386.15	.2549996	.7371173	0	.007883091	0
1385.15	.2521004	.7388236	0	.009075967	0
1384.15	.2492301	.7405094	0	.01026045	0
1383.15	.2463882	.7421752	0	.01143669	0
1382.15	.2435741	.7438211	0	.0126048	0
1381.15	.2407875	.7454475	0	.01376492	0
1380.15	.238028	.7470548	0	.01491717	0
1379.15	.2352951	.7486432	0	.01606167	0
1378.15	.2325884	.750213	0	.01719855	0
1377.15	.2299075	.7517646	0	.01832792	0
1376.15	.227252	.7532981	0	.0194499	0
1375.15	.2246216	.7548138	0	.02056461	0
1374.15	.2220157	.7563122	0	.02167215	0
1373.15	.2194341	.7577933	0	.02277263	0
1372.15	.2168764	.7592575	0	.02386616	0
1371.15	.2143422	.760705	0	.02495285	0
1370.15	.2118311	.7621361	0	.02603279	0
1369.15	.2093429	.763551	0	.02710609	0
1368.15	.2068772	.7649499	0	.02817284	0
1367.15	.2044336	.7663332	0	.02923315	0
1366.15	.2020119	.767701	0	.03028711	0
1365.15	.1996116	.7690536	0	.0313348	0
1364.15	.1972325	.7703912	0	.03237633	0
1363.15	.1948743	.7717139	0	.03341177	0
1362.15	.1925367	.7730221	0	.03444122	0
1361.15	.1902193	.774316	0	.03546477	0
1360.15	.1879219	.7755956	0	.0364825	0
1359.15	.1856442	.7768614	0	.03749448	0
1358.15	.1833858	.7781134	0	.03850081	0
1357.15	.1811467	.7793518	0	.03950156	0
1356.15	.1789263	.7805769	0	.0404968	0
1355.15	.1767246	.7817888	0	.04148663	0
1354.15	.1745412	.7829877	0	.0424711	0
1353.15	.1723758	.7841739	0	.0434503	0
1352.15	.1702283	.7853474	0	.0444243	0
1351.15	.1680983	.7865085	0	.04539316	0
1350.15	.1659857	.7876574	0	.04635697	0
1349.15	.1638901	.7887942	0	.04731578	0
1348.15	.1618113	.789919	0	.04826966	0
1347.15	.1597492	.7910321	0	.04921869	0
1346.15	.1577035	.7921336	0	.05016292	0
1345.15	.1556739	.7932237	0	.05110242	0
1344.15	.1536603	.7943024	0	.05203726	0
1343.15	.1516624	.7953701	0	.05296748	0
1342.15	.14968	.7964269	0	.05389316	0
1341.15	.1477129	.7974728	0	.05481436	0
1340.15	.1457609	.798508	0	.05573113	0
1339.15	.1438238	.7995327	0	.05664352	0
1338.15	.1419014	.800547	0	.0575516	0
1337.15	.1399935	.8015511	0	.05845542	0
1336.15	.1380999	.8025451	0	.05935504	0
1335.15	.1362204	.8035291	0	.06025051	0
1334.15	.1343548	.8045033	0	.06114187	0
1333.15	.1325031	.8054678	0	.06202919	0
1332.15	.1306648	.8064227	0	.06291252	0
1331.15	.12884	.8073681	0	.0637919	0
1330.15	.1270284	.8083042	0	.06466737	0
1329.15	.1252298	.8092312	0	.06553901	0
1328.15	.1234441	.810149	0	.06640684	0
1327.15	.1216712	.8110579	0	.06727091	0
1326.15	.1199107	.811958	0	.06813128	0
1325.15	.1181627	.8128493	0	.06898799	0
1324.15	.1164269	.813732	0	.06984107	0
1323.15	.1147032	.8146062	0	.07069058	0
1322.15	.1129914	.815472	0	.07153656	0
1321.15	.1112914	.8163296	0	.07237905	0
1320.15	.109603	.8171789	0	.07321809	0
1319.15	.1079261	.8180202	0	.07405372	0
1318.15	.1062605	.8188535	0	.07488598	0
1317.15	.1046061	.819679	0	.07571492	0
1316.15	.1029628	.8204966	0	.07654057	0
1315.15	.1013304	.8213067	0	.07736297	0
1314.15	.09970872	.8221091	0	.07818216	0
1313.15	.09809774	.8229041	0	.07899817	0
1312.15	.09649726	.8236917	0	.07981105	0
1311.15	.09490718	.824472	0	.08062082	0
1310.15	.09332736	.8252451	0	.08142753	0
1309.15	.09175767	.8260111	0	.0822312	0
1308.15	.090198	.8267701	0	.08303188	0
1307.15	.08864822	.8275222	0	.0838296	0
1306.15	.0871082	.8282674	0	.08462438	0
1305.15	.08557784	.8290059	0	.08541627	0
1304.15	.08405701	.8297377	0	.08620529	0
1303.15	.08254561	.8304629	0	.08699148	0
1302.15	.08104351	.8311816	0	.08777488	0
1301.15	.07955061	.8318939	0	.0885555	0
1300.15	.07806679	.8325998	0	.08933338	0
1299.15	.07658869	.8333023	0	.09010906	0
1298.15	.07512274	.8339957	0	.09088155	0
1297.15	.07366555	.8346831	0	.09165139	0
1296.15	.07221702	.8353644	0	.0924186	0
1295.15	.07077705	.8360397	0	.09318322	0
1294.15	.06934554	.8367092	0	.09394528	0
1293.15	.06792239	.8373728	0	.09470479	0
1292.15	.06650751	.8380307	0	.0954618	0
1291.15	.06510078	.8386829	0	.09621632	0
1290.15	.06370213	.8393295	0	.09696839	0
1289.15	.06231146	.8399705	0	.09771802	0
1288.15	.06092866	.8406061	0	.09846524	0
1287.15	.05955366	.8412363	0	.09921009	0
1286.15	.05818635	.8418611	0	.09995258	0
1285.454	.0572395	.8422927	0	.1004678	0
1285.454	.0572395	.8422927	0	.1004678	0
1285.454	.0572395	.8422927	0	.1004678	0
1285.15	.05484283	.8415486	.002740886	.1008677	0
1284.15	.046968	.8391409	.01171687	.1021742	0
1283.15	.03909813	.8367913	.02064163	.1034689	0
1282.15	.03123291	.8344993	.02951586	.1047519	0
1281.15	.023372	.8322645	.03834027	.1060232	0
1280.15	.0155151	.8300863	.04711553	.1072831	0
1279.15	.007661917	.8279642	.05584232	.1085316	0
1278.174	0	.8259465	.06431412	.1097394	0
1278.174	0	.8259465	.06431412	.1097394	0
1278.15	0	.8259128	.06433513	.109752	0
1277.15	0	.8245091	.06521168	.1102792	0
1276.15	0	.8231094	.06608557	.110805	0
1275.15	0	.8217138	.06695679	.1113294	0
1274.15	0	.8203222	.06782536	.1118524	0
1273.15	0	.8189347	.06869128	.112374	0
1272.15	0	.8175512	.06955455	.1128943	0
1271.15	0	.8161717	.07041519	.1134131	0
1270.15	0	.8147962	.07127319	.1139306	0
1269.15	0	.8134247	.07212858	.1144468	0
1268.15	0	.8120571	.07298134	.1149615	0
1267.15	0	.8106936	.07383148	.1154749	0
1266.15	0	.809334	.07467902	.115987	0
1265.15	0	.8079783	.07552396	.1164977	0
1264.15	0	.8066266	.07636629	.1170071	0
1263.15	0	.8052788	.07720604	.1175152	0
1262.15	0	.8039349	.0780432	.1180219	0
1261.15	0	.802595	.07887777	.1185273	0
1260.15	0	.8012589	.07970977	.1190314	0
1259.15	0	.7999267	.08053921	.1195341	0
1258.15	0	.7985984	.08136607	.1200356	0
1257.15	0	.7972739	.08219038	.1205357	0
1256.15	0	.7959533	.08301213	.1210346	0
1255.15	0	.7946365	.08383133	.1215321	0
1254.15	0	.7933236	.08464799	.1220284	0
1253.15	0	.7920145	.08546211	.1225234	0
1252.15	0	.7907092	.0862737	.1230171	0
1251.15	0	.7894078	.08708275	.1235095	0
1250.15	0	.7881101	.08788929	.1240007	0
1249.15	0	.7868162	.0886933	.1244905	0
1248.15	0	.785526	.0894948	.1249792	0
1247.15	0	.7842397	.09029379	.1254665	0
1246.15	0	.7829571	.09109028	.1259526	0
1245.15	0	.7816782	.09188426	.1264375	0
1244.15	0	.7804031	.09267576	.1269212	0
1243.15	0	.7791317	.09346476	.1274035	0
1242.15	0	.777864	.09425128	.1278847	0
1241.15	0	.7766001	.09503531	.1283646	0
1240.15	0	.7753398	.09581687	.1288433	0
1239.15	0	.7740833	.09659596	.1293208	0
1238.15	0	.7728304	.09737258	.1297971	0
1237.15	0	.7715812	.09814675	.1302721	0
1236.15	0	.7703356	.09891845	.1307459	0
1235.15	0	.7690937	.0996877	.1312186	0
1234.15	0	.7678555	.1004545	.13169	0
1233.15	0	.7666209	.1012189	.1321603	0
1232.15	0	.7653899	.1019808	.1326293	0
1231.15	0	.7641625	.1027403	.1330972	0
1230.15	0	.7629388	.1034973	.1335639	0
1229.15	0	.7617187	.1042519	.1340294	0
1228.15	0	.7605021	.1050041	.1344937	0
1227.15	0	.7592892	.1057539	.1349569	0
1226.15	0	.7580798	.1065013	.1354189	0
1225.15	0	.756874	.1072462	.1358798	0
1224.15	0	.7556718	.1079888	.1363394	0
1223.15	0	.7544731	.1087289	.136798	0
1222.15	0	.753278	.1094667	.1372553	0
1221.15	0	.7520864	.110202	.1377116	0
1220.15	0	.7508983	.110935	.1381667	0
1219.15	0	.7497138	.1116656	.1386207	0
1218.15	0	.7485328	.1123938	.1390735	0
1217.15	0	.7473553	.1131196	.1395252	0
1216.15	0	.7461813	.113843	.1399757	0
1215.15	0	.7450107	.1145641	.1404252	0
1214.15	0	.7438437	.1152828	.1408735	0
1213.15	0	.7426801	.1159991	.1413207	0
1212.15	0	.7415201	.1167131	.1417669	0
1211.15	0	.7403634	.1174247	.1422119	0
1210.15	0	.7392103	.118134	.1426558	0
1209.15	0	.7380605	.1188409	.1430986	0
1208.15	0	.7369142	.1195455	.1435403	0
1207.15	0	.7357714	.1202477	.1439809	0
1206.15	0	.734632	.1209476	.1444204	0
1205.15	0	.733496	.1216452	.1448589	0
1204.15	0	.7323634	.1223404	.1452962	0
1203.15	0	.7312342	.1230333	.1457326	0
1202.15	0	.7301084	.1237238	.1461678	0
1201.15	0	.728986	.1244121	.1466019	0
1200.15	0	.727867	.125098	.147035	0
1199.15	0	.7267513	.1257816	.147467	0
1198.15	0	.7256391	.126463	.147898	0
1197.15	0	.7245302	.1271419	.1483279	0
1196.15	0	.7234246	.1278186	.1487568	0
1195.15	0	.7223224	.128493	.1491846	0
1194.15	0	.7212236	.1291651	.1496113	0
1193.15	0	.720128	.1298349	.1500371	0
1192.15	0	.7190359	.1305024	.1504618	0
1191.15	0	.717947	.1311676	.1508854	0
1190.15	0	.7168615	.1318305	.151308	0
1189.15	0	.7157792	.1324912	.1517296	0
1188.15	0	.7147003	.1331495	.1521502	0
1187.15	0	.7136247	.1338056	.1525697	0
1186.15	0	.7125523	.1344594	.1529883	0
1185.15	0	.7114833	.1351109	.1534058	0
1184.15	0	.7104175	.1357602	.1538223	0
1183.15	0	.709355	.1364072	.1542378	0
1182.15	0	.7082958	.1370519	.1546523	0
1181.15	0	.7072398	.1376944	.1550658	0
1180.15	0	.7061871	.1383346	.1554783	0
1179.15	0	.7051377	.1389725	.1558898	0
1178.15	0	.7040915	.1396082	.1563003	0
1177.15	0	.7030485	.1402417	.1567098	0
1176.15	0	.7020088	.1408729	.1571183	0
1175.15	0	.7009723	.1415019	.1575259	0
1174.15	0	.699939	.1421286	.1579325	0
1173.15	0	.6989089	.142753	.158338	0
1172.15	0	.6978821	.1433753	.1587427	0
1171.15	0	.6968584	.1439953	.1591463	0
1170.15	0	.695838	.144613	.159549	0
1169.15	0	.6948207	.1452285	.1599507	0
1168.15	0	.6938067	.1458419	.1603515	0
1167.15	0	.6927958	.1464529	.1607513	0
1166.15	0	.6917881	.1470618	.1611501	0
1165.15	0	.6907836	.1476684	.161548	0
1164.15	0	.6897822	.1482728	.1619449	0
1163.15	0	.688784	.148875	.1623409	0
1162.15	0	.687789	.149475	.162736	0
1161.15	0	.6867971	.1500728	.1631301	0
1160.15	0	.6858084	.1506683	.1635233	0
1159.15	0	.6848228	.1512617	.1639155	0
1158.15	0	.6838404	.1518528	.1643068	0
1157.15	0	.6828611	.1524418	.1646972	0
1156.15	0	.6818849	.1530285	.1650866	0
1155.15	0	.6809119	.153613	.1654751	0
1154.15	0	.6799419	.1541954	.1658627	0
1153.15	0	.6789751	.1547755	.1662494	0
1152.15	0	.6780114	.1553535	.1666352	0
1151.15	0	.6770508	.1559293	.16702	0
1150.15	0	.6760933	.1565028	.1674039	0
1149.15	0	.6751389	.1570742	.1677869	0
1148.15	0	.6741876	.1576434	.1681691	0
1147.15	0	.6732393	.1582104	.1685503	0
1146.15	0	.6722942	.1587752	.1689306	0
1145.15	0	.6713521	.1593379	.16931	0
1144.15	0	.6704132	.1598983	.1696885	0
1143.15	0	.6694773	.1604566	.1700662	0
1142.15	0	.6685444	.1610127	.1704429	0
1141.15	0	.6676146	.1615667	.1708187	0
1140.15	0	.6666879	.1621184	.1711937	0
1139.15	0	.6657642	.162668	.1715678	0
1138.15	0	.6648436	.1632154	.171941	0
1137.15	0	.6639261	.1637607	.1723133	0
1136.15	0	.6630115	.1643038	.1726847	0
1135.15	0	.6621	.1648447	.1730553	0
1134.15	0	.6611916	.1653835	.173425	0
1133.15	0	.6602862	.1659201	.1737938	0
1132.15	0	.6593838	.1664545	.1741618	0
1131.15	0	.6584844	.1669868	.1745288	0
1130.15	0	.657588	.1675169	.1748951	0
1129.15	0	.6566947	.1680449	.1752604	0
1128.15	0	.6558044	.1685707	.175625	0
1127.15	0	.654917	.1690944	.1759886	0
1126.15	0	.6540327	.1696159	.1763514	0
1125.15	0	.6531514	.1701352	.1767133	0
1124.15	0	.6522731	.1706525	.1770745	0
1123.15	0	.6513978	.1711675	.1774347	0
1122.15	0	.6505254	.1716804	.1777941	0
1121.15	0	.6496561	.1721912	.1781527	0
1120.15	0	.6487897	.1726999	.1785104	0
1119.15	0	.6479264	.1732064	.1788673	0
1118.15	0	.647066	.1737107	.1792234	0
1117.15	0	.6462085	.1742129	.1795786	0
1116.15	0	.6453541	.174713	.179933	0
1115.15	0	.6445026	.1752109	.1802865	0
1114.15	0	.6436541	.1757067	.1806392	0
1113.15	0	.6428085	.1762004	.1809911	0
1112.15	0	.6419659	.1766919	.1813422	0
1111.15	0	.6411263	.1771813	.1816925	0
1110.15	0	.6402896	.1776686	.1820419	0
1109.15	0	.6394558	.1781537	.1823905	0
1108.15	0	.638625	.1786367	.1827383	0
1107.15	0	.6377972	.1791175	.1830853	0
1106.15	0	.6369723	.1795963	.1834315	0
1105.15	0	.6361503	.1800729	.1837768	0
1104.15	0	.6353313	.1805474	.1841213	0
1103.15	0	.6345152	.1810198	.1844651	0
1102.15	0	.633702	.18149	.184808	0
1101.15	0	.6328917	.1819581	.1851502	0
1100.15	0	.6320844	.1824241	.1854915	0
1099.15	0	.63128	.182888	.185832	0
1098.15	0	.6304785	.1833497	.1861718	0
1097.15	0	.62968	.1838094	.1865107	0
1096.15	0	.6288843	.1842669	.1868488	0
1095.15	0	.6280916	.1847223	.1871862	0
1094.15	0	.6273017	.1851755	.1875227	0
1093.15	0	.6265148	.1856267	.1878585	0
1092.15	0	.6257308	.1860757	.1881934	0
1091.15	0	.6249497	.1865227	.1885276	0
1090.15	0	.6241715	.1869675	.188861	0
1089.15	0	.6233962	.1874102	.1891936	0
1088.15	0	.6226238	.1878508	.1895255	0
1087.15	0	.6218542	.1882892	.1898565	0
1086.15	0	.6210876	.1887256	.1901868	0
1085.15	0	.6203239	.1891599	.1905163	0
1084.15	0	.619563	.189592	.190845	0
1083.15	0	.618805	.190022	.191173	0
1082.15	0	.6180499	.1904499	.1915001	0
1081.15	0	.6172977	.1908758	.1918265	0
1080.15	0	.6165484	.1912995	.1921521	0
1079.15	0	.6158019	.1917211	.192477	0
1078.15	0	.6150584	.1921406	.1928011	0
1077.15	0	.6143177	.192558	.1931244	0
1076.15	0	.6135798	.1929732	.193447	0
1075.15	0	.6128449	.1933864	.1937687	0
1074.15	0	.6121128	.1937975	.1940898	0
1073.15	0	.6113835	.1942065	.19441	0
1072.15	0	.6106571	.1946133	.1947295	0
1071.15	0	.6099336	.1950181	.1950483	0
1070.15	0	.609213	.1954208	.1953663	0
1069.15	0	.6084952	.1958213	.1956835	0
1068.15	0	.6077803	.1962198	.196	0
1067.15	0	.6070682	.1966162	.1963157	0
1066.15	0	.6063589	.1970105	.1966306	0
1065.15	0	.6056526	.1974026	.1969448	0
1064.15	0	.604949	.1977927	.1972583	0
1063.15	0	.6042483	.1981807	.197571	0
1062.15	0	.6035505	.1985666	.197883	0
1061.15	0	.6028555	.1989503	.1981942	0
1060.15	0	.6021634	.199332	.1985046	0
1059.15	0	.6014741	.1997116	.1988143	0
1058.15	0	.6007876	.2000891	.1991233	0
1057.15	0	.600104	.2004645	.1994315	0
1056.15	0	.5994232	.2008379	.199739	0
1055.15	0	.5987452	.2012091	.2000457	0
1054.15	0	.5980701	.2015782	.2003517	0
1053.15	0	.5973978	.2019453	.200657	0
1052.15	0	.5967283	.2023102	.2009615	0
1051.15	0	.5960617	.2026731	.2012652	0
1050.15	0	.5953979	.2030339	.2015683	0
1049.15	0	.5947369	.2033926	.2018705	0
1048.15	0	.5940787	.2037491	.2021721	0
1047.15	0	.5934234	.2041037	.2024729	0
1046.15	0	.5927709	.2044561	.202773	0
1045.15	0	.5921212	.2048064	.2030723	0
1044.15	0	.5914744	.2051547	.2033709	0
1043.15	0	.5908303	.2055009	.2036688	0
1042.15	0	.5901891	.205845	.2039659	0
1041.15	0	.5895507	.206187	.2042623	0
1040.15	0	.5889151	.2065269	.204558	0
1039.15	0	.5882823	.2068648	.204853	0
1038.15	0	.5876523	.2072006	.2051472	0
1037.15	0	.5870251	.2075343	.2054406	0
1036.15	0	.5864008	.2078659	.2057334	0
1035.15	0	.5857792	.2081954	.2060254	0
1034.15	0	.5851604	.2085229	.2063166	0
1033.15	0	.5845445	.2088483	.2066072	0
1032.15	0	.5839314	.2091716	.206897	0
1031.15	0	.583321	.2094929	.2071861	0
1030.15	0	.5827135	.2098121	.2074745	0
1029.15	0	.5821088	.2101292	.2077621	0
1028.15	0	.5815068	.2104442	.208049	0
1027.15	0	.5809077	.2107572	.2083351	0
1026.15	0	.5803113	.2110681	.2086206	0
1025.15	0	.5797178	.211377	.2089053	0
1024.15	0	.579127	.2116837	.2091893	0
1023.15	0	.578539	.2119885	.2094725	0
1022.15	0	.5779538	.2122911	.2097551	0
1021.15	0	.5773714	.2125917	.2100369	0
1020.15	0	.5767918	.2128903	.2103179	0
1019.15	0	.576215	.2131868	.2105983	0
1018.15	0	.575641	.2134812	.2108779	0
1017.15	0	.5750697	.2137736	.2111567	0
1016.15	0	.5745012	.2140639	.2114349	0
1015.15	0	.5739355	.2143522	.2117123	0
1014.15	0	.5733726	.2146384	.211989	0
1013.15	0	.5728124	.2149226	.212265	0
1012.15	0	.572255	.2152048	.2125402	0
1011.15	0	.5717004	.2154849	.2128147	0
1010.15	0	.5711486	.215763	.2130885	0
1009.15	0	.5705995	.216039	.2133615	0
1008.15	0	.5700532	.216313	.2136338	0
1007.15	0	.5695097	.216585	.2139054	0
1006.15	0	.5689689	.2168549	.2141762	0
1005.15	0	.5684309	.2171228	.2144463	0
1004.15	0	.5678956	.2173887	.2147157	0
1003.15	0	.5673631	.2176525	.2149843	0
1002.15	0	.5668334	.2179144	.2152523	0
1001.15	0	.5663064	.2181742	.2155194	0
1000.15	0	.5657821	.218432	.2157859	0
999.15	0	.5652607	.2186878	.2160516	0
998.15	0	.5647419	.2189416	.2163165	0
997.15	0	.5642259	.2191934	.2165807	0
996.15	0	.5637126	.2194431	.2168442	0
995.15	0	.5632021	.2196909	.217107	0
994.15	0	.5626943	.2199367	.217369	0
993.15	0	.5621893	.2201805	.2176302	0
992.15	0	.561687	.2204223	.2178907	0
991.15	0	.5611873	.2206621	.2181505	0
990.15	0	.5606905	.2209	.2184096	0
989.15	0	.5601963	.2211358	.2186678	0
988.15	0	.5597049	.2213697	.2189254	0
987.15	0	.5592162	.2216016	.2191822	0
986.15	0	.5587302	.2218316	.2194382	0
985.15	0	.5582469	.2220596	.2196935	0
984.15	0	.5577664	.2222856	.219948	0
983.15	0	.5572885	.2225097	.2202018	0
982.15	0	.5568133	.2227319	.2204548	0
981.15	0	.5563408	.2229521	.2207071	0
980.15	0	.5558711	.2231703	.2209586	0
979.15	0	.555404	.2233867	.2212093	0
978.15	0	.5549396	.2236011	.2214593	0
977.15	0	.5544779	.2238136	.2217086	0
976.15	0	.5540188	.2240241	.221957	0
975.15	0	.5535625	.2242328	.2222047	0
974.15	0	.5531088	.2244396	.2224517	0
973.15	0	.5526578	.2246444	.2226978	0
972.15	0	.5522094	.2248474	.2229432	0
971.15	0	.5517637	.2250485	.2231878	0
970.15	0	.5513206	.2252477	.2234317	0
969.15	0	.5508802	.2254451	.2236747	0
968.15	0	.5504425	.2256405	.223917	0
967.15	0	.5500073	.2258342	.2241585	0
966.15	0	.5495748	.226026	.2243992	0
965.15	0	.5491449	.2262159	.2246392	0
964.15	0	.5487177	.226404	.2248783	0
963.15	0	.5482931	.2265903	.2251167	0
962.15	0	.547871	.2267747	.2253542	0
961.15	0	.5474516	.2269574	.225591	0
960.15	0	.5470348	.2271382	.225827	0
959.15	0	.5466205	.2273173	.2260621	0
958.15	0	.5462089	.2274946	.2262965	0
957.15	0	.5457998	.2276701	.2265301	0
956.15	0	.5453933	.2278439	.2267628	0
955.15	0	.5449894	.2280158	.2269948	0
954.15	0	.544588	.2281861	.2272259	0
953.15	0	.5441892	.2283546	.2274562	0
952.15	0	.5437929	.2285214	.2276857	0
951.15	0	.5433991	.2286865	.2279144	0
950.15	0	.5430079	.2288499	.2281422	0
949.15	0	.5426192	.2290116	.2283692	0
948.15	0	.542233	.2291716	.2285954	0
947.15	0	.5418493	.22933	.2288208	0
946.15	0	.541468	.2294867	.2290453	0
945.15	0	.5410893	.2296418	.2292689	0
944.15	0	.540713	.2297952	.2294917	0
943.15	0	.5403392	.2299471	.2297137	0
942.15	0	.5399679	.2300973	.2299348	0
941.15	0	.539599	.2302459	.2301551	0
940.15	0	.5392325	.230393	.2303745	0
939.15	0	.5388684	.2305385	.230593	0
938.15	0	.5385068	.2306825	.2308107	0
937.15	0	.5381476	.230825	.2310275	0
936.15	0	.5377907	.2309659	.2312434	0
935.15	0	.5374362	.2311054	.2314584	0
934.15	0	.5370841	.2312434	.2316726	0
933.15	0	.5367343	.2313799	.2318858	0
932.15	0	.5363869	.2315149	.2320982	0
931.15	0	.5360418	.2316486	.2323097	0
930.15	0	.535699	.2317808	.2325202	0
929.15	0	.5353585	.2319117	.2327299	0
928.15	0	.5350202	.2320411	.2329386	0
927.15	0	.5346843	.2321693	.2331465	0
926.15	0	.5343506	.2322961	.2333534	0
925.15	0	.5340191	.2324216	.2335593	0
924.15	0	.5336899	.2325457	.2337644	0
923.15	0	.5333629	.2326687	.2339685	0
922.15	0	.533038	.2327904	.2341716	0
921.15	0	.5327154	.2329108	.2343738	0
920.15	0	.5323949	.23303	.2345751	0
919.15	0	.5320765	.2331481	.2347754	0
918.15	0	.5317602	.2332651	.2349747	0
917.15	0	.5314461	.2333808	.235173	0
916.15	0	.5311341	.2334955	.2353704	0
915.15	0	.5308241	.2336091	.2355668	0
914.15	0	.5305161	.2337217	.2357622	0
913.15	0	.5302102	.2338332	.2359566	0
912.15	0	.5299063	.2339437	.23615	0
911.15	0	.5296044	.2340532	.2363424	0
910.15	0	.5293044	.2341618	.2365338	0
909.15	0	.5290064	.2342695	.2367241	0
908.15	0	.5287103	.2343763	.2369134	0
907.15	0	.5284161	.2344823	.2371017	0
906.15	0	.5281237	.2345874	.2372889	0
905.15	0	.5278332	.2346917	.2374751	0
904.15	0	.5275445	.2347953	.2376602	0
903.15	0	.5272577	.2348981	.2378443	0
902.15	0	.5269726	.2350002	.2380272	0
901.15	0	.5266892	.2351017	.2382091	0
900.15	0	.5264076	.2352026	.2383899	0
899.15	0	.5261276	.2353028	.2385696	0
898.15	0	.5258493	.2354025	.2387481	0
897.15	0	.5255727	.2355017	.2389256	0
896.15	0	.5252976	.2356005	.2391019	0
895.15	0	.5250241	.2356988	.2392771	0
894.15	0	.5247522	.2357967	.2394512	0
893.15	0	.5244818	.2358942	.239624	0
892.15	0	.5242128	.2359914	.2397958	0
891.15	0	.5239453	.2360884	.2399663	0
890.15	0	.5236792	.2361851	.2401357	0
889.15	0	.5234145	.2362817	.2403038	0
888.15	0	.5231511	.2363781	.2404708	0
887.15	0	.5228891	.2364744	.2406365	0
886.15	0	.5226283	.2365707	.240801	0
885.15	0	.5223687	.236667	.2409643	0
884.15	0	.5221103	.2367634	.2411263	0
883.15	0	.5218531	.2368599	.2412871	0
882.15	0	.521597	.2369565	.2414465	0
881.15	0	.5213419	.2370534	.2416047	0
880.15	0	.5210879	.2371505	.2417616	0
879.15	0	.5208349	.237248	.2419172	0
878.15	0	.5205828	.2373458	.2420714	0
877.15	0	.5203316	.2374441	.2422243	0
876.15	0	.5200812	.2375429	.2423759	0
875.15	0	.5198317	.2376423	.242526	0
874.15	0	.5195829	.2377423	.2426748	0
873.15	0	.5193348	.237843	.2428223	0
872.15	0	.5190873	.2379444	.2429682	0
871.15	0	.5188405	.2380467	.2431128	0
870.15	0	.5185942	.2381499	.2432559	0
869.15	0	.5183484	.2382541	.2433975	0
868.15	0	.518103	.2383593	.2435377	0
867.15	0	.517858	.2384656	.2436764	0
866.15	0	.5176133	.2385731	.2438135	0
865.15	0	.5173689	.2386819	.2439492	0
864.15	0	.5171247	.2387921	.2440832	0
863.15	0	.5168806	.2389037	.2442157	0
862.15	0	.5166365	.2390169	.2443466	0
861.15	0	.5163925	.2391316	.2444759	0
860.15	0	.5161484	.2392481	.2446036	0
859.15	0	.5159041	.2393663	.2447296	0
858.15	0	.5156597	.2394865	.2448539	0
857.15	0	.5154149	.2396086	.2449765	0
856.15	0	.5151697	.2397329	.2450974	0
855.15	0	.5149242	.2398593	.2452165	0
854.15	0	.514678	.2399881	.2453339	0
853.15	0	.5144313	.2401193	.2454494	0
852.15	0	.5141839	.240253	.2455631	0
851.15	0	.5139357	.2403894	.245675	0
850.15	0	.5136865	.2405285	.2457849	0
849.15	0	.5134364	.2406706	.245893	0
848.15	0	.5131853	.2408157	.245999	0
847.15	0	.5129329	.240964	.2461031	0
846.15	0	.5126792	.2411156	.2462052	0
845.15	0	.5124242	.2412706	.2463052	0
844.15	0	.5121676	.2414293	.2464031	0
843.15	0	.5119094	.2415917	.2464989	0
842.15	0	.5116494	.2417581	.2465925	0
841.15	0	.5113875	.2419286	.2466839	0
840.15	0	.5111237	.2421034	.246773	0
839.15	0	.5108576	.2422826	.2468598	0
838.15	0	.5105893	.2424665	.2469442	0
837.15	0	.5103185	.2426553	.2470262	0
836.15	0	.5100451	.2428491	.2471058	0
835.15	0	.5097689	.2430483	.2471829	0
834.15	0	.5094897	.243253	.2472573	0
833.15	0	.5092074	.2434634	.2473291	0
832.15	0	.5089218	.2436799	.2473982	0
831.15	0	.5086327	.2439027	.2474646	0
830.15	0	.5083398	.2441321	.2475281	0
829.15	0	.508043	.2443684	.2475886	0
828.15	0	.507742	.2446118	.2476462	0
827.15	0	.5074365	.2448628	.2477006	0
826.15	0	.5071264	.2451217	.2477519	0
825.15	0	.5068112	.2453889	.2477999	0
824.15	0	.5064908	.2456647	.2478445	0
823.15	0	.5061647	.2459497	.2478856	0
822.15	0	.5058327	.2462442	.2479231	0
821.15	0	.5054945	.2465488	.2479568	0
820.15	0	.5051495	.2468639	.2479866	0
819.15	0	.5047973	.2471902	.2480125	0
818.15	0	.5044377	.2475283	.2480341	0
817.15	0	.5040699	.2478787	.2480513	0
816.15	0	.5036936	.2482423	.248064	0
815.15	0	.5033081	.2486199	.248072	0
814.15	0	.5029129	.2490121	.248075	0
813.15	0	.5025071	.2494201	.2480728	0
812.15	0	.5020901	.2498448	.2480651	0
811.15	0	.5016611	.2502873	.2480516	0
810.15	0	.5012191	.2507489	.248032	0
809.15	0	.500763	.2512309	.248006	0
808.15	0	.5002918	.251735	.2479732	0
807.15	0	.4998042	.2522628	.247933	0
806.15	0	.4992987	.2528162	.2478851	0
805.15	0	.4987737	.2533976	.2478287	0
804.15	0	.4982272	.2540094	.2477634	0
803.15	0	.4971765	.2552756	.2475479	0
802.15	0	.495992	.2567204	.2472875	0
801.15	0	.4949132	.2580345	.2470524	0
800.15	0	.4939243	.2592375	.2468382	0
799.15	0	.4930131	.2603451	.2466418	0
798.15	0	.4921697	.2613695	.2464609	0
797.15	0	.4913862	.2623206	.2462933	0
796.15	0	.490656	.2632067	.2461374	0
795.15	0	.4899735	.2640347	.2459919	0
794.15	0	.4893341	.2648104	.2458556	0
793.15	0	.4887337	.2655388	.2457275	0
792.15	0	.4881689	.2662242	.2456069	0
791.15	0	.4876366	.2668704	.2454931	0
790.15	0	.4871341	.2674806	.2453853	0
789.15	0	.4866592	.2680577	.2452831	0
788.15	0	.4862097	.2686044	.2451859	0
787.15	0	.4857837	.2691228	.2450935	0
786.15	0	.4853796	.2696151	.2450053	0
785.15	0	.4849959	.270083	.2449211	0
784.15	0	.4846338	.2705262	.2448399	0
783.15	0	.4842866	.2709506	.2447628	0
782.15	0	.4839559	.2713552	.2446889	0
781.15	0	.4836409	.2717413	.2446178	0
780.15	0	.4833405	.2721101	.2445495	0
779.15	0	.4830538	.2724625	.2444837	0
778.15	0	.4827801	.2727997	.2444203	0
777.15	0	.4825186	.2731224	.2443591	0
776.15	0	.4822686	.2734315	.2442999	0
775.15	0	.4820295	.2737277	.2442427	0
774.15	0	.4818007	.2740119	.2441874	0
773.15	0	.4815817	.2742846	.2441337	0
772.15	0	.4813718	.2745464	.2440817	0
771.15	0	.4811707	.274798	.2440312	0
770.15	0	.480978	.2750399	.2439822	0
769.15	0	.480793	.2752725	.2439344	0
768.15	0	.4806156	.2754964	.243888	0
767.15	0	.4804452	.275712	.2438428	0
766.15	0	.4802817	.2759196	.2437987	0
765.15	0	.4801245	.2761198	.2437557	0
764.15	0	.4799735	.2763128	.2437137	0
763.15	0	.4798283	.276499	.2436726	0
762.15	0	.4796887	.2766788	.2436325	0
761.15	0	.4795544	.2768523	.2435933	0
760.15	0	.4794251	.27702	.2435548	0
759.15	0	.4793007	.2771821	.2435172	0
758.15	0	.4791809	.2773389	.2434803	0
757.15	0	.4790654	.2774905	.2434441	0
756.15	0	.4789542	.2776373	.2434085	0
755.15	0	.478847	.2777794	.2433736	0
754.15	0	.4787436	.2779171	.2433393	0
753.15	0	.4786439	.2780505	.2433056	0
752.15	0	.4785477	.2781799	.2432723	0
751.15	0	.4784549	.2783055	.2432397	0
750.15	0	.4783652	.2784273	.2432075	0
749.15	0	.4782787	.2785456	.2431757	0
748.15	0	.4781951	.2786605	.2431444	0
747.15	0	.4781143	.2787721	.2431136	0
746.15	0	.4780362	.2788807	.2430831	0
745.15	0	.4779607	.2789863	.243053	0
744.15	0	.4778877	.279089	.2430233	0
743.15	0	.477817	.2791891	.2429939	0
742.15	0	.4777487	.2792865	.2429648	0
741.15	0	.4776825	.2793815	.2429361	0
740.15	0	.4776184	.279474	.2429076	0
739.15	0	.4775563	.2795643	.2428794	0
738.15	0	.4774961	.2796524	.2428515	0
737.15	0	.4774377	.2797384	.2428239	0
736.15	0	.4773812	.2798224	.2427964	0
735.15	0	.4773263	.2799044	.2427693	0
734.15	0	.477273	.2799847	.2427423	0
733.15	0	.4772214	.2800631	.2427155	0
732.15	0	.4771712	.2801399	.242689	0
731.15	0	.4771224	.2802151	.2426626	0
730.15	0	.477075	.2802887	.2426364	0
729.15	0	.4770289	.2803608	.2426103	0
728.15	0	.4769841	.2804315	.2425844	0
727.15	0	.4769405	.2805008	.2425587	0
726.15	0	.4768981	.2805688	.2425331	0
725.15	0	.4768568	.2806356	.2425076	0
724.15	0	.4768166	.2807012	.2424823	0
723.15	0	.4767773	.2807656	.242457	0
722.15	0	.4767391	.280829	.2424319	0
721.15	0	.4767018	.2808912	.2424069	0
720.15	0	.4766655	.2809525	.242382	0
719.15	0	.47663	.2810129	.2423572	0
718.15	0	.4765953	.2810722	.2423324	0
717.15	0	.4765614	.2811308	.2423078	0
716.15	0	.4765283	.2811884	.2422832	0
715.15	0	.476496	.2812453	.2422587	0
714.15	0	.4764643	.2813014	.2422343	0
713.15	0	.4764333	.2813568	.2422099	0
712.15	0	.476403	.2814114	.2421856	0
711.15	0	.4763733	.2814654	.2421613	0
710.15	0	.4763442	.2815188	.2421371	0
709.15	0	.4763156	.2815715	.2421129	0
708.15	0	.4762876	.2816236	.2420888	0
707.15	0	.4762601	.2816752	.2420647	0
706.15	0	.4762331	.2817263	.2420406	0
705.15	0	.4762066	.2817768	.2420166	0
704.15	0	.4761806	.2818269	.2419926	0
703.15	0	.4761549	.2818765	.2419686	0
702.15	0	.4761297	.2819257	.2419446	0
701.15	0	.4761049	.2819744	.2419207	0
700.15	0	.4760805	.2820228	.2418967	0
699.15	0	.4760564	.2820708	.2418728	0
698.15	0	.4760327	.2821184	.2418489	0
697.15	0	.4760093	.2821656	.241825	0
696.15	0	.4759863	.2822126	.2418011	0
695.15	0	.4759635	.2822593	.2417772	0
694.15	0	.475941	.2823056	.2417534	0
693.15	0	.4759188	.2823517	.2417295	0
692.15	0	.4758969	.2823976	.2417056	0
691.15	0	.4758752	.2824432	.2416817	0
690.15	0	.4758537	.2824885	.2416578	0
689.15	0	.4758325	.2825337	.2416339	0
688.15	0	.4758114	.2825786	.2416099	0
687.15	0	.4757906	.2826234	.241586	0
686.15	0	.47577	.282668	.2415621	0
685.15	0	.4757495	.2827124	.2415381	0
684.15	0	.4757292	.2827566	.2415141	0
683.15	0	.4757091	.2828007	.2414902	0
682.15	0	.4756891	.2828447	.2414662	0
681.15	0	.4756693	.2828886	.2414421	0
680.15	0	.4756496	.2829323	.2414181	0
679.15	0	.47563	.282976	.241394	0
678.15	0	.4756106	.2830195	.2413699	0
677.15	0	.4755912	.283063	.2413458	0
676.15	0	.475572	.2831063	.2413217	0
675.15	0	.4755529	.2831496	.2412975	0
674.15	0	.4755338	.2831929	.2412733	0
673.15	0	.4755148	.283236	.2412491	0
672.15	0	.475496	.2832792	.2412249	0
671.15	0	.4754771	.2833222	.2412006	0
670.15	0	.4754584	.2833653	.2411763	0
669.15	0	.4754397	.2834083	.241152	0
668.15	0	.4754211	.2834513	.2411277	0
667.15	0	.4754025	.2834943	.2411033	0
666.15	0	.4753839	.2835372	.2410788	0
665.15	0	.4753654	.2835802	.2410544	0
664.15	0	.475347	.2836231	.2410299	0
663.15	0	.4753285	.2836661	.2410054	0
662.15	0	.4753101	.283709	.2409809	0
661.15	0	.4752917	.283752	.2409563	0
660.15	0	.4752734	.2837949	.2409317	0
659.15	0	.475255	.2838379	.2409071	0
658.15	0	.4752367	.2838809	.2408824	0
657.15	0	.4752184	.283924	.2408577	0
656.15	0	.4752	.283967	.2408329	0
655.15	0	.4751817	.2840101	.2408081	0
654.15	0	.4751634	.2840533	.2407833	0
653.15	0	.4751451	.2840965	.2407585	0
652.15	0	.4751267	.2841397	.2407336	0
651.15	0	.4751084	.2841829	.2407087	0
650.15	0	.47509	.2842262	.2406837	0
649.15	0	.4750716	.2842696	.2406588	0
648.15	0	.4750533	.284313	.2406337	0
647.15	0	.4750348	.2843565	.2406087	0
646.15	0	.4750164	.2844	.2405836	0
645.15	0	.474998	.2844436	.2405585	0
644.15	0	.4749795	.2844872	.2405333	0
643.15	0	.474961	.2845309	.2405081	0
642.15	0	.4749424	.2845747	.2404829	0
641.15	0	.4749239	.2846185	.2404576	0
640.15	0	.4749053	.2846624	.2404323	0
639.15	0	.4748866	.2847064	.240407	0
638.15	0	.4748679	.2847504	.2403816	0
637.15	0	.4748492	.2847946	.2403562	0
636.15	0	.4748305	.2848387	.2403308	0
635.15	0	.4748117	.284883	.2403053	0
634.15	0	.4747929	.2849273	.2402798	0
633.15	0	.474774	.2849718	.2402542	0
632.15	0	.4747551	.2850162	.2402287	0
631.15	0	.4747362	.2850608	.2402031	0
630.15	0	.4747172	.2851054	.2401774	0
629.15	0	.4746981	.2851502	.2401517	0
628.15	0	.474679	.285195	.240126	0
627.15	0	.4746599	.2852398	.2401003	0
626.15	0	.4746407	.2852848	.2400745	0
625.15	0	.4746214	.2853298	.2400487	0
624.15	0	.4746022	.285375	.2400229	0
623.15	0	.4745828	.2854202	.239997	0
622.15	0	.4745634	.2854655	.2399711	0
621.15	0	.474544	.2855108	.2399452	0
620.15	0	.4745245	.2855563	.2399193	0
619.15	0	.4745049	.2856018	.2398933	0
618.15	0	.4744853	.2856474	.2398673	0
617.15	0	.4744657	.2856931	.2398412	0
616.15	0	.474446	.2857389	.2398151	0
615.15	0	.4744262	.2857847	.239789	0
614.15	0	.4744064	.2858307	.2397629	0
613.15	0	.4743866	.2858767	.2397367	0
612.15	0	.4743667	.2859228	.2397105	0
611.15	0	.4743467	.285969	.2396843	0
610.15	0	.4743267	.2860152	.2396581	0
609.15	0	.4743066	.2860616	.2396318	0
608.15	0	.4742864	.286108	.2396056	0
607.15	0	.4742663	.2861545	.2395792	0
606.15	0	.474246	.2862011	.2395529	0
605.15	0	.4742257	.2862478	.2395265	0
604.15	0	.4742054	.2862945	.2395001	0
603.15	0	.4741849	.2863413	.2394737	0
602.15	0	.4741645	.2863882	.2394473	0
601.15	0	.474144	.2864352	.2394208	0
600.15	0	.4741234	.2864822	.2393944	0
599.15	0	.4741028	.2865294	.2393679	0
598.15	0	.4740821	.2865766	.2393413	0
597.15	0	.4740614	.2866238	.2393148	0
596.15	0	.4740406	.2866712	.2392882	0
595.15	0	.4740198	.2867186	.2392616	0
594.15	0	.4739989	.2867661	.239235	0
593.15	0	.473978	.2868136	.2392084	0
592.15	0	.473957	.2868613	.2391818	0
591.15	0	.4739359	.286909	.2391551	0
590.15	0	.4739148	.2869567	.2391284	0
589.15	0	.4738937	.2870046	.2391018	0
588.15	0	.4738725	.2870525	.2390751	0
587.15	0	.4738512	.2871004	.2390483	0
586.15	0	.4738299	.2871485	.2390216	0
585.15	0	.4738086	.2871966	.2389948	0
584.15	0	.4737872	.2872447	.2389681	0
583.15	0	.4737658	.287293	.2389413	0
582.15	0	.4737443	.2873413	.2389145	0
581.15	0	.4737227	.2873896	.2388877	0
580.15	0	.4737011	.287438	.2388609	0
579.15	0	.4736795	.2874865	.238834	0
578.15	0	.4736578	.287535	.2388072	0
577.15	0	.4736361	.2875836	.2387803	0
576.15	0	.4736143	.2876322	.2387535	0
575.15	0	.4735925	.2876809	.2387266	0
574.15	0	.4735706	.2877296	.2386997	0
573.15	0	.4735487	.2877784	.2386728	0
572.15	0	.4735268	.2878273	.2386459	0
571.15	0	.4735048	.2878762	.238619	0
570.15	0	.4734828	.2879251	.2385921	0
569.15	0	.4734607	.2879741	.2385652	0
568.15	0	.4734386	.2880231	.2385383	0
567.15	0	.4734164	.2880722	.2385114	0
566.15	0	.4733942	.2881213	.2384844	0
565.15	0	.473372	.2881705	.2384575	0
564.15	0	.4733497	.2882197	.2384306	0
563.15	0	.4733274	.288269	.2384036	0
562.15	0	.473305	.2883183	.2383767	0
561.15	0	.4732826	.2883676	.2383497	0
560.15	0	.4732602	.288417	.2383228	0
559.15	0	.4732378	.2884664	.2382959	0
558.15	0	.4732152	.2885158	.2382689	0
557.15	0	.4731927	.2885653	.238242	0
556.15	0	.4731702	.2886148	.238215	0
555.15	0	.4731476	.2886644	.2381881	0
554.15	0	.4731249	.2887139	.2381612	0
553.15	0	.4731022	.2887635	.2381342	0
552.15	0	.4730796	.2888132	.2381073	0
551.15	0	.4730568	.2888628	.2380804	0
550.15	0	.4730341	.2889125	.2380534	0
549.15	0	.4730113	.2889622	.2380265	0
548.15	0	.4729885	.2890119	.2379996	0
547.15	0	.4729656	.2890617	.2379727	0
546.15	0	.4729427	.2891114	.2379458	0
545.15	0	.4729198	.2891612	.2379189	0
544.15	0	.4728969	.289211	.2378921	0
543.15	0	.4728739	.2892609	.2378652	0
542.15	0	.472851	.2893107	.2378384	0
541.15	0	.472828	.2893605	.2378115	0
540.15	0	.4728049	.2894104	.2377847	0
539.15	0	.4727819	.2894603	.2377578	0
538.15	0	.4727588	.2895102	.237731	0
537.15	0	.4727357	.2895601	.2377042	0
536.15	0	.4727126	.28961	.2376774	0
535.15	0	.4726894	.2896599	.2376507	0
534.15	0	.4726663	.2897098	.2376239	0
533.15	0	.4726431	.2897597	.2375972	0
532.15	0	.4726199	.2898097	.2375704	0
531.15	0	.4725967	.2898596	.2375437	0
530.15	0	.4725735	.2899095	.237517	0
529.15	0	.4725502	.2899595	.2374903	0
528.15	0	.4725269	.2900094	.2374637	0
527.15	0	.4725036	.2900593	.2374371	0
526.15	0	.4724804	.2901092	.2374104	0
525.15	0	.4724571	.2901591	.2373838	0
524.15	0	.4724337	.290209	.2373572	0
523.15	0	.4724104	.2902589	.2373307	0
522.15	0	.4723872	.2903088	.237304	0
521.15	0	.4723638	.2903587	.2372775	0
520.15	0	.4723405	.2904085	.237251	0
519.15	0	.4723171	.2904584	.2372245	0
518.15	0	.4722937	.2905082	.2371981	0
517.15	0	.4722703	.290558	.2371717	0
516.15	0	.4722469	.2906078	.2371453	0
515.15	0	.4722235	.2906576	.2371189	0
514.15	0	.4722001	.2907074	.2370926	0
513.15	0	.4721766	.2907571	.2370662	0
512.15	0	.4721532	.2908069	.2370399	0
511.15	0	.4721298	.2908565	.2370137	0
510.15	0	.4721063	.2909062	.2369875	0
509.15	0	.4720829	.2909559	.2369613	0
508.15	0	.4720594	.2910055	.2369351	0
507.15	0	.472036	.2910551	.236909	0
506.15	0	.4720125	.2911046	.2368828	0
505.15	0	.4719891	.2911542	.2368568	0
504.15	0	.4719656	.2912037	.2368307	0
503.15	0	.4719422	.2912531	.2368047	0
502.15	0	.4719187	.2913026	.2367787	0
501.15	0	.4718953	.291352	.2367528	0
500.15	0	.4718718	.2914013	.2367269	0
499.15	0	.4718484	.2914506	.236701	0
498.15	0	.4718249	.2914999	.2366752	0
497.15	0	.4718015	.2915492	.2366494	0
496.15	0	.471778	.2915984	.2366236	0
495.15	0	.4717546	.2916475	.2365979	0
494.15	0	.4717312	.2916966	.2365722	0
493.15	0	.4717078	.2917457	.2365465	0
492.15	0	.4716844	.2917947	.2365209	0
491.15	0	.471661	.2918437	.2364954	0
490.15	0	.4716376	.2918926	.2364698	0
489.15	0	.4716142	.2919415	.2364443	0
488.15	0	.4715908	.2919903	.2364189	0
487.15	0	.4715674	.2920391	.2363935	0
486.15	0	.4715441	.2920878	.2363681	0
485.15	0	.4715207	.2921364	.2363428	0
484.15	0	.4714974	.292185	.2363176	0
483.15	0	.4714741	.2922336	.2362923	0
482.15	0	.4714508	.2922821	.2362671	0
481.15	0	.4714275	.2923305	.236242	0
480.15	0	.4714042	.2923789	.2362169	0
479.15	0	.471381	.2924272	.2361919	0
478.15	0	.4713577	.2924754	.2361669	0
477.15	0	.4713345	.2925236	.236142	0
476.15	0	.4713113	.2925717	.2361171	0
475.15	0	.4712881	.2926197	.2360922	0
474.15	0	.4712649	.2926677	.2360674	0
473.15	0	.4712417	.2927156	.2360427	0
472.15	0	.4712186	.2927634	.236018	0
471.15	0	.4711955	.2928112	.2359933	0
470.15	0	.4711724	.2928589	.2359687	0
469.15	0	.4711493	.2929065	.2359442	0
468.15	0	.4711262	.2929541	.2359197	0
467.15	0	.4711032	.2930015	.2358953	0
466.15	0	.4710802	.2930489	.2358709	0
465.15	0	.4710572	.2930963	.2358466	0
464.15	0	.4710342	.2931435	.2358223	0
463.15	0	.4710113	.2931906	.2357981	0
462.15	0	.4709883	.2932377	.2357739	0
461.15	0	.4709655	.2932847	.2357498	0
460.15	0	.4709426	.2933316	.2357258	0
459.15	0	.4709197	.2933784	.2357018	0
458.15	0	.4708969	.2934252	.2356779	0
457.15	0	.4708741	.2934718	.235654	0
456.15	0	.4708514	.2935184	.2356302	0
455.15	0	.4708286	.2935649	.2356065	0
454.15	0	.4708059	.2936113	.2355828	0
453.15	0	.4707833	.2936576	.2355592	0
452.15	0	.4707606	.2937038	.2355356	0
451.15	0	.470738	.2937499	.2355121	0
450.15	0	.4707154	.2937959	.2354887	0
449.15	0	.4706929	.2938418	.2354653	0
448.15	0	.4706704	.2938875	.235442	0
447.15	0	.470648	.2939332	.2354188	0
446.15	0	.4706256	.2939788	.2353957	0
445.15	0	.4706032	.2940242	.2353726	0
444.15	0	.4705809	.2940696	.2353496	0
443.15	0	.4705586	.2941148	.2353266	0
442.15	0	.4705364	.2941598	.2353038	0
441.15	0	.4705142	.2942048	.235281	0
440.15	0	.4704921	.2942496	.2352583	0
439.15	0	.4704701	.2942942	.2352357	0
438.15	0	.4704481	.2943388	.2352131	0
437.15	0	.4704262	.2943831	.2351907	0
436.15	0	.4704044	.2944274	.2351683	0
435.15	0	.4703826	.2944714	.235146	0
434.15	0	.4703609	.2945153	.2351238	0
433.15	0	.4703393	.2945591	.2351016	0
432.15	0	.4703177	.2946027	.2350796	0
431.15	0	.4702962	.2946461	.2350577	0
430.15	0	.4702748	.2946893	.2350358	0
429.15	0	.4702535	.2947324	.2350141	0
428.15	0	.4702323	.2947753	.2349924	0
427.15	0	.4702111	.294818	.2349708	0
