T	 BPW(LIQUID)	BPW(BCC_A2)	BPW(FCC_A1)	BPW(LAVES_PHASE_C14)	BPW(NI3TI)
1473.15	.6368629	.3631371	0	0	0
1472.15	.6330647	.3669353	0	0	0
1471.15	.6292901	.37071	0	0	0
1470.15	.6255389	.3744611	0	0	0
1469.15	.621811	.378189	0	0	0
1468.15	.6181063	.3818937	0	0	0
1467.15	.6144246	.3855754	0	0	0
1466.15	.6107658	.3892343	0	0	0
1465.15	.6071296	.3928704	0	0	0
1464.15	.6035159	.3964841	0	0	0
1463.15	.5999247	.4000753	0	0	0
1462.15	.5963557	.4036443	0	0	0
1461.15	.5928088	.4071912	0	0	0
1460.15	.5892839	.4107161	0	0	0
1459.15	.5857808	.4142192	0	0	0
1458.15	.5822993	.4177007	0	0	0
1457.15	.5788394	.4211606	0	0	0
1456.15	.5754009	.4245991	0	0	0
1455.15	.5719836	.4280164	0	0	0
1454.15	.5685875	.4314125	0	0	0
1453.15	.5652124	.4347876	0	0	0
1452.15	.5618581	.4381419	0	0	0
1451.15	.5585245	.4414755	0	0	0
1450.15	.5552115	.4447885	0	0	0
1449.15	.5519189	.4480811	0	0	0
1448.15	.5486467	.4513533	0	0	0
1447.15	.5453946	.4546054	0	0	0
1446.15	.5421626	.4578374	0	0	0
1445.15	.5389506	.4610494	0	0	0
1444.15	.5357583	.4642417	0	0	0
1443.15	.5325858	.4674142	0	0	0
1442.15	.5294328	.4705672	0	0	0
1441.15	.5262992	.4737008	0	0	0
1440.15	.5231849	.4768151	0	0	0
1439.15	.5200898	.4799102	0	0	0
1438.15	.5170138	.4829862	0	0	0
1437.15	.5139567	.4860433	0	0	0
1436.15	.5109184	.4890816	0	0	0
1435.15	.5078988	.4921012	0	0	0
1434.15	.5048978	.4951021	0	0	0
1433.15	.5019153	.4980847	0	0	0
1432.15	.4989512	.5010488	0	0	0
1431.15	.4960052	.5039948	0	0	0
1430.15	.4930774	.5069226	0	0	0
1429.15	.4901676	.5098324	0	0	0
1428.15	.4872757	.5127243	0	0	0
1427.15	.4844015	.5155985	0	0	0
1426.15	.481545	.518455	0	0	0
1425.698	.480261	.519739	0	0	0
1425.698	.480261	.519739	0	0	0
1425.698	.480261	.519739	0	0	0
1425.15	.4776712	.5214056	0	9.231675E-04	0
1424.15	.4729957	.5244117	0	.002592623	0
1423.15	.4683791	.5273763	0	.004244595	0
1422.15	.4638204	.5303001	0	.005879425	0
1421.15	.4593185	.533184	0	.007497447	0
1420.15	.4548723	.5360287	0	.009098984	0
1419.15	.4504807	.5388349	0	.01068436	0
1418.15	.4461428	.5416034	0	.01225387	0
1417.15	.4418574	.5443348	0	.01380782	0
1416.15	.4376237	.5470298	0	.01534651	0
1415.15	.4334408	.549689	0	.01687022	0
1414.15	.4293075	.5523132	0	.01837924	0
1413.15	.4252232	.554903	0	.01987383	0
1412.15	.4211868	.5574589	0	.02135426	0
1411.15	.4171976	.5599816	0	.02282079	0
1410.15	.4132546	.5624718	0	.02427368	0
1409.15	.409357	.5649298	0	.02571317	0
1408.15	.4055042	.5673564	0	.0271395	0
1407.15	.4016951	.569752	0	.02855291	0
1406.15	.3979292	.5721172	0	.02995364	0
1405.15	.3942055	.5744526	0	.0313419	0
1404.15	.3905235	.5767586	0	.03271792	0
1403.15	.3868824	.5790357	0	.03408191	0
1402.15	.3832814	.5812845	0	.03543408	0
1401.15	.3797199	.5835054	0	.03677464	0
1400.15	.3761972	.585699	0	.03810379	0
1399.15	.3727127	.5878655	0	.03942172	0
1398.15	.3692657	.5900056	0	.04072863	0
1397.15	.3658556	.5921197	0	.0420247	0
1396.15	.3624818	.5942081	0	.04331012	0
1395.15	.3591436	.5962713	0	.04458507	0
1394.15	.3558405	.5983098	0	.04584972	0
1393.15	.3525719	.6003239	0	.04710424	0
1392.15	.3493372	.602314	0	.0483488	0
1391.15	.346136	.6042805	0	.04958358	0
1390.15	.3429675	.6062238	0	.05080872	0
1389.15	.3398314	.6081443	0	.05202438	0
1388.15	.336727	.6100423	0	.05323072	0
1387.15	.3336539	.6119182	0	.05442789	0
1386.15	.3306117	.6137723	0	.05561604	0
1385.15	.3275997	.615605	0	.05679531	0
1384.15	.3246175	.6174167	0	.05796584	0
1383.15	.3216647	.6192076	0	.05912777	0
1382.15	.3187407	.620978	0	.06028124	0
1381.15	.3158452	.6227284	0	.06142638	0
1380.15	.3129777	.624459	0	.06256332	0
1379.15	.3101378	.62617	0	.06369218	0
1378.15	.307325	.6278619	0	.0648131	0
1377.15	.3045389	.6295349	0	.06592619	0
1376.15	.3017791	.6311893	0	.06703157	0
1375.15	.2990453	.6328253	0	.06812937	0
1374.15	.296337	.6344433	0	.06921969	0
1373.15	.2936538	.6360435	0	.07030265	0
1372.15	.2909954	.6376262	0	.07137836	0
1371.15	.2883614	.6391916	0	.07244693	0
1370.15	.2857515	.6407401	0	.07350847	0
1369.15	.2831652	.6422717	0	.07456307	0
1368.15	.2806022	.6437869	0	.07561084	0
1367.15	.2780623	.6452858	0	.07665189	0
1366.15	.275545	.6467688	0	.0776863	0
1365.15	.27305	.6482359	0	.07871418	0
1364.15	.270577	.6496874	0	.07973562	0
1363.15	.2681256	.6511236	0	.08075071	0
1362.15	.2656957	.6525447	0	.08175955	0
1361.15	.2632868	.653951	0	.08276222	0
1360.15	.2608987	.6553425	0	.08375881	0
1359.15	.2585311	.6567195	0	.08474941	0
1358.15	.2561836	.6580823	0	.0857341	0
1357.15	.253856	.659431	0	.08671296	0
1356.15	.251548	.6607659	0	.08768608	0
1355.15	.2492594	.6620871	0	.08865353	0
1354.15	.2469899	.6633947	0	.08961539	0
1353.15	.2447391	.6646891	0	.09057175	0
1352.15	.2425069	.6659704	0	.09152267	0
1351.15	.240293	.6672388	0	.09246823	0
1350.15	.2380971	.6684944	0	.0934085	0
1349.15	.235919	.6697374	0	.09434356	0
1348.15	.2337585	.6709681	0	.09527347	0
1347.15	.2316152	.6721864	0	.09619831	0
1346.15	.2294891	.6733928	0	.09711813	0
1345.15	.2273798	.6745872	0	.09803301	0
1344.15	.2252871	.6757699	0	.09894302	0
1343.15	.2232108	.676941	0	.09984821	0
1342.15	.2211507	.6781007	0	.1007486	0
1341.15	.2191065	.6792491	0	.1016444	0
1340.15	.2170781	.6803863	0	.1025355	0
1339.15	.2150653	.6815126	0	.1034221	0
1338.15	.2130677	.6826281	0	.1043041	0
1337.15	.2110854	.6837329	0	.1051818	0
1336.15	.2091179	.6848271	0	.106055	0
1335.15	.2071652	.685911	0	.1069238	0
1334.15	.2052271	.6869845	0	.1077884	0
1333.15	.2033033	.688048	0	.1086488	0
1332.15	.2013937	.6891014	0	.109505	0
1331.15	.1994981	.6901449	0	.110357	0
1330.15	.1976163	.6911787	0	.111205	0
1329.15	.1957481	.6922029	0	.112049	0
1328.15	.1938934	.6932176	0	.112889	0
1327.15	.192052	.6942229	0	.1137251	0
1326.15	.1902238	.695219	0	.1145573	0
1325.15	.1884085	.6962059	0	.1153856	0
1324.15	.186606	.6971838	0	.1162102	0
1323.15	.1848161	.6981528	0	.1170311	0
1322.15	.1830387	.699113	0	.1178482	0
1321.15	.1812737	.7000646	0	.1186618	0
1320.15	.1795208	.7010075	0	.1194717	0
1319.15	.1777799	.701942	0	.1202781	0
1318.15	.1760509	.7028682	0	.1210809	0
1317.15	.1743337	.7037861	0	.1218803	0
1316.15	.172628	.7046958	0	.1226762	0
1315.15	.1709337	.7055975	0	.1234688	0
1314.427	.1697155	.7062447	0	.1240399	0
1314.427	.1697155	.7062447	0	.1240399	0
1314.427	.1697155	.7062447	0	.1240399	0
1314.15	.1674836	.7053647	.002680354	.1244713	0
1313.15	.1594299	.7022288	.01232103	.1260202	0
1312.15	.151392	.6991605	.02189399	.1275535	0
1311.15	.1433691	.6961591	.03140024	.1290715	0
1310.15	.1353609	.6932239	.04084075	.1305744	0
1309.15	.1273668	.6903543	.05021648	.1320624	0
1308.15	.1193863	.6875495	.05952839	.1335357	0
1307.15	.111419	.6848091	.06877739	.1349945	0
1306.15	.1034644	.6821322	.07796442	.136439	0
1305.15	.09552194	.6795184	.08709036	.1378694	0
1304.15	.08759124	.6769669	.0961561	.1392858	0
1303.15	.07967183	.6744772	.1051625	.1406885	0
1302.15	.07176327	.6720487	.1141105	.1420776	0
1301.15	.06386513	.6696808	.1230008	.1434533	0
1300.15	.05597699	.6673729	.1318343	.1448158	0
1299.15	.04808641	.665123	.140624	.1461666	0
1298.15	.04021699	.6629335	.1493463	.1475032	0
1297.15	.03235636	.6608023	.1580143	.148827	0
1296.15	.02450412	.6587289	.1666287	.1501383	0
1295.15	.01665989	.6567127	.1751902	.1514372	0
1294.15	.008823291	.6547532	.1836997	.1527239	0
1293.15	9.939646E-04	.6528498	.1921578	.1539984	0
1293.023	0	.6526121	.1932285	.1541595	0
1293.023	0	.6526121	.1932285	.1541595	0
1292.15	0	.6514643	.1939537	.1545821	0
1291.15	0	.6501531	.1947819	.155065	0
1290.15	0	.648846	.1956075	.1555465	0
1289.15	0	.6475429	.1964303	.1560268	0
1288.15	0	.6462437	.1972505	.1565058	0
1287.15	0	.6449484	.1980681	.1569835	0
1286.15	0	.6436571	.1988829	.15746	0
1285.15	0	.6423697	.1996952	.1579351	0
1284.15	0	.6410863	.2005048	.158409	0
1283.15	0	.6398067	.2013117	.1588816	0
1282.15	0	.6385311	.202116	.159353	0
1281.15	0	.6372593	.2029177	.1598231	0
1280.15	0	.6359914	.2037167	.1602919	0
1279.15	0	.6347274	.2045131	.1607595	0
1278.15	0	.6334672	.2053069	.1612259	0
1277.15	0	.6322109	.2060981	.161691	0
1276.15	0	.6309584	.2068867	.162155	0
1275.15	0	.6297097	.2076726	.1626176	0
1274.15	0	.6284649	.208456	.1630791	0
1273.15	0	.6272239	.2092368	.1635393	0
1272.15	0	.6259867	.210015	.1639984	0
1271.15	0	.6247532	.2107906	.1644562	0
1270.15	0	.6235236	.2115636	.1649128	0
1269.15	0	.6222977	.212334	.1653683	0
1268.15	0	.6210756	.2131019	.1658225	0
1267.15	0	.6198572	.2138672	.1662756	0
1266.15	0	.6186426	.2146299	.1667275	0
1265.15	0	.6174317	.2153901	.1671782	0
1264.15	0	.6162246	.2161477	.1676277	0
1263.15	0	.6150212	.2169028	.168076	0
1262.15	0	.6138215	.2176553	.1685232	0
1261.15	0	.6126255	.2184053	.1689693	0
1260.15	0	.6114331	.2191527	.1694142	0
1259.15	0	.6102445	.2198976	.1698579	0
1258.15	0	.6090596	.22064	.1703005	0
1257.15	0	.6078783	.2213798	.1707419	0
1256.15	0	.6067006	.2221172	.1711822	0
1255.15	0	.6055267	.2228519	.1716214	0
1254.15	0	.6043563	.2235842	.1720594	0
1253.15	0	.6031897	.224314	.1724964	0
1252.15	0	.6020266	.2250412	.1729322	0
1251.15	0	.6008672	.225766	.1733668	0
1250.15	0	.5997113	.2264882	.1738004	0
1249.15	0	.5985591	.227208	.1742329	0
1248.15	0	.5974105	.2279253	.1746643	0
1247.15	0	.5962655	.22864	.1750945	0
1246.15	0	.595124	.2293523	.1755237	0
1245.15	0	.5939861	.2300621	.1759518	0
1244.15	0	.5928518	.2307694	.1763788	0
1243.15	0	.5917211	.2314742	.1768047	0
1242.15	0	.5905939	.2321766	.1772296	0
1241.15	0	.5894702	.2328764	.1776534	0
1240.15	0	.5883501	.2335739	.1780761	0
1239.15	0	.5872335	.2342688	.1784977	0
1238.15	0	.5861205	.2349613	.1789183	0
1237.15	0	.5850109	.2356513	.1793378	0
1236.15	0	.5839049	.2363389	.1797562	0
1235.15	0	.5828024	.237024	.1801737	0
1234.15	0	.5817033	.2377067	.18059	0
1233.15	0	.5806078	.2383869	.1810054	0
1232.15	0	.5795157	.2390646	.1814197	0
1231.15	0	.5784271	.23974	.1818329	0
1230.15	0	.577342	.2404129	.1822451	0
1229.15	0	.5762604	.2410833	.1826563	0
1228.15	0	.5751822	.2417513	.1830665	0
1227.15	0	.5741074	.2424169	.1834757	0
1226.15	0	.5730361	.2430801	.1838838	0
1225.15	0	.5719683	.2437408	.184291	0
1224.15	0	.5709038	.2443991	.1846971	0
1223.15	0	.5698428	.245055	.1851022	0
1222.15	0	.5687853	.2457084	.1855063	0
1221.15	0	.5677311	.2463595	.1859095	0
1220.15	0	.5666803	.2470081	.1863116	0
1219.15	0	.565633	.2476543	.1867127	0
1218.15	0	.564589	.2482981	.1871129	0
1217.15	0	.5635484	.2489395	.1875121	0
1216.15	0	.5625112	.2495785	.1879103	0
1215.15	0	.5614774	.2502151	.1883075	0
1214.15	0	.560447	.2508493	.1887038	0
1213.15	0	.5594199	.2514811	.1890991	0
1212.15	0	.5583962	.2521104	.1894934	0
1211.15	0	.5573758	.2527375	.1898867	0
1210.15	0	.5563588	.2533621	.1902792	0
1209.15	0	.5553451	.2539842	.1906706	0
1208.15	0	.5543348	.2546041	.1910611	0
1207.15	0	.5533278	.2552215	.1914507	0
1206.15	0	.5523242	.2558365	.1918393	0
1205.15	0	.5513239	.2564492	.1922269	0
1204.15	0	.5503269	.2570595	.1926137	0
1203.15	0	.5493332	.2576674	.1929995	0
1202.15	0	.5483428	.2582729	.1933843	0
1201.15	0	.5473557	.258876	.1937683	0
1200.15	0	.5463719	.2594768	.1941513	0
1199.15	0	.5453915	.2600751	.1945334	0
1198.15	0	.5444143	.2606711	.1949146	0
1197.15	0	.5434404	.2612648	.1952948	0
1196.15	0	.5424698	.261856	.1956742	0
1195.15	0	.5415024	.2624449	.1960526	0
1194.15	0	.5405384	.2630314	.1964302	0
1193.15	0	.5395776	.2636156	.1968068	0
1192.15	0	.53862	.2641974	.1971826	0
1191.15	0	.5376658	.2647768	.1975574	0
1190.15	0	.5367148	.2653539	.1979314	0
1189.15	0	.535767	.2659286	.1983044	0
1188.15	0	.5348225	.2665009	.1986766	0
1187.15	0	.5338812	.2670709	.1990479	0
1186.15	0	.5329432	.2676385	.1994183	0
1185.15	0	.5320084	.2682037	.1997879	0
1184.15	0	.5310769	.2687666	.2001565	0
1183.15	0	.5301485	.2693272	.2005243	0
1182.15	0	.5292234	.2698853	.2008912	0
1181.15	0	.5283016	.2704412	.2012573	0
1180.15	0	.5273829	.2709946	.2016225	0
1179.15	0	.5264675	.2715457	.2019868	0
1178.15	0	.5255552	.2720945	.2023503	0
1177.15	0	.5246462	.2726409	.2027129	0
1176.15	0	.5237404	.2731849	.2030747	0
1175.15	0	.5228377	.2737266	.2034356	0
1174.15	0	.5219383	.274266	.2037957	0
1173.15	0	.5210421	.274803	.2041549	0
1172.15	0	.5201491	.2753376	.2045133	0
1171.15	0	.5192592	.2758699	.2048709	0
1170.15	0	.5183725	.2763998	.2052276	0
1169.15	0	.5174891	.2769274	.2055835	0
1168.15	0	.5166088	.2774527	.2059386	0
1167.15	0	.5157316	.2779756	.2062928	0
1166.15	0	.5148577	.2784961	.2066462	0
1165.15	0	.5139869	.2790143	.2069988	0
1164.15	0	.5131193	.2795301	.2073506	0
1163.15	0	.5122549	.2800436	.2077016	0
1162.15	0	.5113936	.2805547	.2080517	0
1161.15	0	.5105355	.2810635	.208401	0
1160.15	0	.5096805	.2815699	.2087496	0
1159.15	0	.5088287	.282074	.2090973	0
1158.15	0	.5079801	.2825758	.2094442	0
1157.15	0	.5071345	.2830751	.2097903	0
1156.15	0	.5062922	.2835722	.2101356	0
1155.15	0	.505453	.2840669	.2104802	0
1154.15	0	.5046169	.2845592	.2108239	0
1153.15	0	.503784	.2850492	.2111668	0
1152.15	0	.5029542	.2855368	.211509	0
1151.15	0	.5021276	.2860221	.2118503	0
1150.15	0	.5013041	.286505	.2121909	0
1149.15	0	.5004838	.2869855	.2125307	0
1148.15	0	.4996665	.2874637	.2128697	0
1147.15	0	.4988524	.2879396	.213208	0
1146.15	0	.4980415	.2884131	.2135455	0
1145.15	0	.4972336	.2888842	.2138822	0
1144.15	0	.4964289	.289353	.2142181	0
1143.15	0	.4956274	.2898194	.2145533	0
1142.15	0	.4948289	.2902834	.2148876	0
1141.15	0	.4940336	.2907452	.2152213	0
1140.15	0	.4932414	.2912045	.2155541	0
1139.15	0	.4924523	.2916615	.2158863	0
1138.15	0	.4916663	.2921161	.2162176	0
1137.15	0	.4908835	.2925683	.2165482	0
1136.15	0	.4901037	.2930182	.2168781	0
1135.15	0	.4893271	.2934657	.2172072	0
1134.15	0	.4885536	.2939108	.2175356	0
1133.15	0	.4877832	.2943536	.2178632	0
1132.15	0	.4870159	.294794	.21819	0
1131.15	0	.4862518	.2952321	.2185162	0
1130.15	0	.4854907	.2956677	.2188416	0
1129.15	0	.4847328	.296101	.2191662	0
1128.15	0	.483978	.2965319	.2194901	0
1127.15	0	.4832263	.2969604	.2198133	0
1126.15	0	.4824777	.2973866	.2201358	0
1125.15	0	.4817322	.2978103	.2204575	0
1124.15	0	.4809898	.2982317	.2207785	0
1123.15	0	.4802505	.2986507	.2210988	0
1122.15	0	.4795144	.2990673	.2214183	0
1121.15	0	.4787813	.2994816	.2217371	0
1120.15	0	.4780513	.2998934	.2220553	0
1119.15	0	.4773245	.3003028	.2223726	0
1118.15	0	.4766008	.3007099	.2226893	0
1117.15	0	.4758802	.3011146	.2230053	0
1116.15	0	.4751627	.3015168	.2233205	0
1115.15	0	.4744483	.3019167	.2236351	0
1114.15	0	.4737369	.3023141	.2239489	0
1113.15	0	.4730288	.3027092	.2242621	0
1112.15	0	.4723237	.3031018	.2245745	0
1111.15	0	.4716217	.3034921	.2248862	0
1110.15	0	.4709229	.3038799	.2251972	0
1109.15	0	.4702271	.3042653	.2255075	0
1108.15	0	.4695345	.3046483	.2258172	0
1107.15	0	.468845	.3050289	.2261261	0
1106.15	0	.4681586	.3054071	.2264343	0
1105.15	0	.4674753	.3057828	.2267419	0
1104.15	0	.4667951	.3061562	.2270487	0
1103.15	0	.4661181	.3065271	.2273549	0
1102.15	0	.4654442	.3068955	.2276603	0
1101.15	0	.4647733	.3072615	.2279651	0
1100.15	0	.4641056	.3076251	.2282692	0
1099.15	0	.463441	.3079863	.2285726	0
1098.15	0	.4627796	.308345	.2288754	0
1097.15	0	.4621213	.3087013	.2291774	0
1096.15	0	.4614661	.3090551	.2294788	0
1095.15	0	.460814	.3094065	.2297795	0
1094.15	0	.460165	.3097554	.2300795	0
1093.15	0	.4595192	.3101019	.2303789	0
1092.15	0	.4588765	.3104459	.2306776	0
1091.15	0	.4582369	.3107875	.2309756	0
1090.15	0	.4576005	.3111266	.2312729	0
1089.15	0	.4569672	.3114632	.2315696	0
1088.15	0	.456337	.3117974	.2318656	0
1087.15	0	.45571	.3121291	.2321609	0
1086.15	0	.4550862	.3124582	.2324556	0
1085.15	0	.4544654	.312785	.2327496	0
1084.15	0	.4538478	.3131092	.2330429	0
1083.15	0	.4532334	.313431	.2333356	0
1082.15	0	.4526221	.3137502	.2336276	0
1081.15	0	.452014	.314067	.233919	0
1080.15	0	.451409	.3143813	.2342097	0
1079.15	0	.4508072	.3146931	.2344998	0
1078.15	0	.4502085	.3150023	.2347892	0
1077.15	0	.449613	.3153091	.2350779	0
1076.15	0	.4490207	.3156133	.235366	0
1075.15	0	.4484315	.3159151	.2356534	0
1074.15	0	.4478455	.3162143	.2359402	0
1073.15	0	.4472627	.316511	.2362264	0
1072.15	0	.446683	.3168051	.2365118	0
1071.15	0	.4461066	.3170968	.2367967	0
1070.15	0	.4455333	.3173859	.2370809	0
1069.15	0	.4449631	.3176724	.2373644	0
1068.15	0	.4443962	.3179565	.2376473	0
1067.15	0	.4438325	.3182379	.2379296	0
1066.15	0	.443272	.3185168	.2382112	0
1065.15	0	.4427146	.3187932	.2384922	0
1064.15	0	.4421605	.319067	.2387725	0
1063.15	0	.4416096	.3193383	.2390522	0
1062.15	0	.4410618	.3196069	.2393312	0
1061.15	0	.4405173	.319873	.2396097	0
1060.15	0	.439976	.3201366	.2398874	0
1059.15	0	.4394379	.3203975	.2401646	0
1058.15	0	.438903	.3206559	.2404411	0
1057.15	0	.4383714	.3209117	.2407169	0
1056.15	0	.437843	.3211649	.2409922	0
1055.15	0	.4373178	.3214154	.2412668	0
1054.15	0	.4367959	.3216634	.2415407	0
1053.15	0	.4362772	.3219088	.241814	0
1052.15	0	.4357617	.3221516	.2420867	0
1051.15	0	.4352495	.3223917	.2423588	0
1050.15	0	.4347405	.3226292	.2426302	0
1049.15	0	.4342348	.3228641	.242901	0
1048.15	0	.4337324	.3230964	.2431712	0
1047.15	0	.4332332	.3233261	.2434407	0
1046.15	0	.4327373	.3235531	.2437096	0
1045.15	0	.4322447	.3237774	.2439779	0
1044.15	0	.4317553	.3239991	.2442456	0
1043.15	0	.4312692	.3242182	.2445126	0
1042.15	0	.4307865	.3244346	.2447789	0
1041.15	0	.430307	.3246483	.2450447	0
1040.15	0	.4298308	.3248594	.2453098	0
1039.15	0	.4293579	.3250678	.2455744	0
1038.15	0	.4288883	.3252735	.2458382	0
1037.15	0	.428422	.3254765	.2461015	0
1036.15	0	.4279591	.3256769	.2463641	0
1035.15	0	.4274994	.3258745	.2466261	0
1034.15	0	.4270431	.3260695	.2468875	0
1033.15	0	.4265901	.3262617	.2471482	0
1032.15	0	.4261404	.3264513	.2474083	0
1031.15	0	.4256941	.3266381	.2476678	0
1030.15	0	.4252512	.3268222	.2479266	0
1029.15	0	.4248115	.3270036	.2481849	0
1028.15	0	.4243753	.3271823	.2484425	0
1027.15	0	.4239424	.3273582	.2486994	0
1026.15	0	.4235128	.3275314	.2489558	0
1025.15	0	.4230867	.3277018	.2492115	0
1024.15	0	.4226639	.3278695	.2494666	0
1023.15	0	.4222445	.3280345	.249721	0
1022.15	0	.4218285	.3281967	.2499749	0
1021.15	0	.4214158	.3283561	.2502281	0
1020.15	0	.4210066	.3285128	.2504806	0
1019.15	0	.4206008	.3286667	.2507326	0
1018.15	0	.4201984	.3288178	.2509839	0
1017.15	0	.4197994	.3289661	.2512346	0
1016.15	0	.4194038	.3291116	.2514846	0
1015.15	0	.4190116	.3292544	.251734	0
1014.15	0	.4186229	.3293943	.2519828	0
1013.15	0	.4182376	.3295314	.252231	0
1012.15	0	.4178558	.3296658	.2524785	0
1011.15	0	.4174774	.3297973	.2527253	0
1010.15	0	.4171025	.329926	.2529716	0
1009.15	0	.416731	.3300518	.2532172	0
1008.15	0	.416363	.3301749	.2534622	0
1007.15	0	.4159984	.3302951	.2537065	0
1006.15	0	.4156374	.3304125	.2539502	0
1005.15	0	.4152798	.330527	.2541932	0
1004.15	0	.4149257	.3306387	.2544357	0
1003.15	0	.4145751	.3307475	.2546774	0
1002.15	0	.414228	.3308534	.2549186	0
1001.15	0	.4138844	.3309566	.255159	0
1000.15	0	.4135443	.3310568	.2553989	0
999.15	0	.4132078	.3311542	.2556381	0
998.15	0	.4128748	.3312487	.2558766	0
997.15	0	.4125452	.3313403	.2561145	0
996.15	0	.4122193	.331429	.2563517	0
995.15	0	.4118969	.3315148	.2565883	0
994.15	0	.411578	.3315978	.2568243	0
993.15	0	.4112627	.3316778	.2570596	0
992.15	0	.4109509	.331755	.2572942	0
991.15	0	.4106427	.3318292	.2575281	0
990.15	0	.410338	.3319005	.2577615	0
989.15	0	.410037	.3319689	.2579941	0
988.15	0	.4097395	.3320344	.2582261	0
987.15	0	.4094456	.332097	.2584574	0
986.15	0	.4091553	.3321566	.2586881	0
985.15	0	.4088686	.3322134	.258918	0
984.15	0	.4085855	.3322671	.2591474	0
983.15	0	.408306	.332318	.259376	0
982.15	0	.4080301	.3323659	.2596039	0
981.15	0	.4077579	.3324109	.2598312	0
980.15	0	.4074893	.3324529	.2600579	0
979.15	0	.4072243	.332492	.2602838	0
978.15	0	.4069629	.3325281	.260509	0
977.15	0	.4067051	.3325613	.2607336	0
976.15	0	.4064511	.3325915	.2609574	0
975.15	0	.4062006	.3326188	.2611806	0
974.15	0	.4059538	.3326431	.2614031	0
973.15	0	.4057107	.3326644	.2616249	0
972.15	0	.4054712	.3326828	.261846	0
971.15	0	.4052354	.3326982	.2620664	0
970.15	0	.4050033	.3327107	.262286	0
969.15	0	.4047749	.3327201	.262505	0
968.15	0	.4045501	.3327266	.2627233	0
967.15	0	.404329	.3327302	.2629408	0
966.15	0	.4041116	.3327308	.2631577	0
965.15	0	.4038979	.3327284	.2633738	0
964.15	0	.4036879	.332723	.2635891	0
963.15	0	.4034815	.3327147	.2638038	0
962.15	0	.4032789	.3327033	.2640177	0
961.15	0	.40308	.3326891	.2642309	0
960.15	0	.4028848	.3326718	.2644434	0
959.15	0	.4026933	.3326516	.2646551	0
958.15	0	.4025055	.3326284	.2648661	0
957.15	0	.4023215	.3326023	.2650763	0
956.15	0	.4021411	.3325731	.2652858	0
955.15	0	.4019645	.3325411	.2654945	0
954.15	0	.4017915	.3325061	.2657024	0
953.15	0	.4016223	.3324681	.2659096	0
952.15	0	.4014569	.3324271	.266116	0
951.15	0	.4012951	.3323832	.2663217	0
950.15	0	.4011371	.3323364	.2665265	0
949.15	0	.4009828	.3322866	.2667306	0
948.15	0	.4008322	.3322339	.2669339	0
947.15	0	.4006853	.3321783	.2671364	0
946.15	0	.4005422	.3321197	.2673381	0
945.15	0	.4004028	.3320582	.267539	0
944.15	0	.4002671	.3319938	.2677391	0
943.15	0	.4001352	.3319265	.2679384	0
942.15	0	.4000069	.3318563	.2681368	0
941.15	0	.3998824	.3317832	.2683345	0
940.15	0	.3997616	.3317072	.2685313	0
939.15	0	.3996445	.3316283	.2687272	0
938.15	0	.3995311	.3315466	.2689224	0
937.15	0	.3994214	.331462	.2691166	0
936.15	0	.3993154	.3313745	.2693101	0
935.15	0	.3992131	.3312842	.2695026	0
934.15	0	.3991145	.3311911	.2696944	0
933.15	0	.3990196	.3310952	.2698852	0
932.15	0	.3989284	.3309964	.2700751	0
931.15	0	.3988409	.3308949	.2702642	0
930.15	0	.398757	.3307906	.2704524	0
929.15	0	.3986768	.3306836	.2706397	0
928.15	0	.3986002	.3305737	.270826	0
927.15	0	.3985273	.3304612	.2710115	0
926.15	0	.398458	.3303459	.2711961	0
925.15	0	.3983924	.3302279	.2713797	0
924.15	0	.3983304	.3301073	.2715623	0
923.15	0	.398272	.329984	.2717441	0
922.15	0	.3982171	.329858	.2719249	0
921.15	0	.3981659	.3297294	.2721047	0
920.15	0	.3981182	.3295982	.2722835	0
919.15	0	.3980742	.3294644	.2724614	0
918.15	0	.3980336	.3293281	.2726383	0
917.15	0	.3979966	.3291892	.2728142	0
916.15	0	.3979631	.3290478	.2729891	0
915.15	0	.3979331	.3289039	.273163	0
914.15	0	.3979066	.3287576	.2733358	0
913.15	0	.3978836	.3286088	.2735077	0
912.15	0	.397864	.3284575	.2736784	0
911.15	0	.3978479	.328304	.2738482	0
910.15	0	.3978351	.328148	.2740169	0
909.15	0	.3978258	.3279898	.2741845	0
908.15	0	.3978198	.3278292	.274351	0
907.15	0	.3978172	.3276664	.2745164	0
906.15	0	.3978179	.3275014	.2746807	0
905.15	0	.3978219	.3273342	.2748439	0
904.15	0	.3978292	.3271648	.275006	0
903.15	0	.3978398	.3269934	.2751669	0
902.15	0	.3978535	.3268198	.2753267	0
901.15	0	.3978705	.3266443	.2754853	0
900.15	0	.3978906	.3264667	.2756427	0
899.15	0	.3979139	.3262872	.2757989	0
898.15	0	.3979402	.3261058	.275954	0
897.15	0	.3979697	.3259225	.2761078	0
896.15	0	.3980022	.3257375	.2762603	0
895.15	0	.3980377	.3255507	.2764117	0
894.15	0	.3980761	.3253622	.2765617	0
893.15	0	.3981175	.325172	.2767105	0
892.15	0	.3981617	.3249802	.2768581	0
891.15	0	.3982088	.3247869	.2770042	0
890.15	0	.3982588	.3245921	.2771491	0
889.15	0	.3983114	.3243959	.2772926	0
888.15	0	.3983668	.3241984	.2774348	0
887.15	0	.3984249	.3239995	.2775756	0
886.15	0	.3984856	.3237994	.277715	0
885.15	0	.3985489	.3235982	.277853	0
884.15	0	.3986146	.3233959	.2779895	0
883.15	0	.3986829	.3231925	.2781246	0
882.15	0	.3987535	.3229882	.2782583	0
881.15	0	.3988265	.3227831	.2783904	0
880.15	0	.3989018	.3225771	.278521	0
879.15	0	.3989794	.3223705	.2786501	0
878.15	0	.3990591	.3221632	.2787777	0
877.15	0	.3991409	.3219555	.2789036	0
876.15	0	.3992247	.3217473	.279028	0
875.15	0	.3993105	.3215387	.2791507	0
874.15	0	.3993982	.32133	.2792718	0
873.15	0	.3994878	.321121	.2793912	0
872.15	0	.399579	.3209121	.2795089	0
871.15	0	.3996719	.3207032	.2796248	0
870.15	0	.3997664	.3204946	.2797391	0
869.15	0	.3998624	.3202862	.2798515	0
868.15	0	.3999598	.3200782	.279962	0
867.15	0	.4000584	.3198708	.2800708	0
866.15	0	.4001583	.3196641	.2801776	0
865.15	0	.4002593	.3194582	.2802825	0
864.15	0	.4003613	.3192533	.2803855	0
863.15	0	.4004641	.3190494	.2804864	0
862.15	0	.4005678	.3188468	.2805854	0
861.15	0	.4006721	.3186457	.2806822	0
860.15	0	.400777	.3184461	.280777	0
859.15	0	.4008823	.3182482	.2808695	0
858.15	0	.4009878	.3180523	.2809599	0
857.15	0	.4010936	.3178584	.281048	0
856.15	0	.4011993	.3176669	.2811338	0
855.15	0	.4013048	.3174779	.2812173	0
854.15	0	.4014101	.3172916	.2812984	0
853.15	0	.4015149	.3171082	.2813769	0
852.15	0	.401619	.316928	.281453	0
851.15	0	.4017224	.3167512	.2815265	0
850.15	0	.4018247	.3165781	.2815972	0
849.15	0	.4019258	.3164089	.2816653	0
848.15	0	.4020255	.316244	.2817306	0
847.15	0	.4021235	.3160836	.2817929	0
846.15	0	.4022197	.315928	.2818523	0
845.15	0	.4023137	.3157776	.2819087	0
844.15	0	.4024053	.3156328	.2819619	0
843.15	0	.4024943	.3154939	.2820118	0
842.15	0	.4025803	.3153614	.2820583	0
841.15	0	.402663	.3152356	.2821014	0
840.15	0	.4027421	.315117	.2821408	0
839.15	0	.4028172	.3150062	.2821766	0
838.15	0	.402888	.3149037	.2822084	0
837.15	0	.4029539	.31481	.2822361	0
836.15	0	.4030145	.3147258	.2822597	0
835.15	0	.4030694	.3146518	.2822788	0
834.15	0	.403118	.3145887	.2822933	0
833.15	0	.4031597	.3145373	.282303	0
832.15	0	.4031939	.3144985	.2823076	0
831.15	0	.4032198	.3144733	.2823068	0
830.15	0	.4032367	.3144628	.2823005	0
829.15	0	.4032437	.3144682	.2822881	0
828.15	0	.4032398	.3144909	.2822694	0
827.15	0	.4028816	.3149871	.2821313	0
826.15	0	.4025241	.3154881	.2819878	0
825.15	0	.4022259	.3159156	.2818584	0
824.15	0	.4019792	.31628	.2817408	0
823.15	0	.4017776	.3165892	.2816332	0
822.15	0	.4016156	.31685	.2815343	0
821.15	0	.4014891	.317068	.2814429	0
820.15	0	.4013942	.3172477	.2813581	0
819.15	0	.4013276	.3173933	.2812791	0
818.15	0	.4012868	.317508	.2812052	0
817.15	0	.4012692	.3175949	.281136	0
816.15	0	.4012726	.3176566	.2810708	0
815.15	0	.4012953	.3176954	.2810093	0
814.15	0	.4013355	.3177133	.2809512	0
813.15	0	.4013917	.3177122	.2808961	0
812.15	0	.4014626	.3176937	.2808437	0
811.15	0	.4015469	.3176593	.2807938	0
810.15	0	.4016436	.3176102	.2807462	0
809.15	0	.4017515	.3175478	.2807007	0
808.15	0	.4018698	.3174731	.2806571	0
807.15	0	.4019977	.3173871	.2806152	0
806.15	0	.4021343	.3172908	.2805749	0
805.15	0	.402279	.3171849	.2805362	0
804.15	0	.402431	.3170702	.2804988	0
803.15	0	.4025898	.3169476	.2804627	0
802.15	0	.4027548	.3168175	.2804277	0
801.15	0	.4029255	.3166807	.2803938	0
800.15	0	.4031014	.3165377	.280361	0
799.15	0	.403282	.3163889	.280329	0
798.15	0	.403467	.316235	.280298	0
797.15	0	.403656	.3160764	.2802677	0
796.15	0	.4038485	.3159134	.2802382	0
795.15	0	.4040442	.3157465	.2802093	0
794.15	0	.4042429	.315576	.2801811	0
793.15	0	.4044442	.3154023	.2801536	0
792.15	0	.4046479	.3152256	.2801265	0
791.15	0	.4048536	.3150464	.2801	0
790.15	0	.4050612	.3148648	.280074	0
789.15	0	.4052705	.3146811	.2800484	0
788.15	0	.4054811	.3144956	.2800233	0
787.15	0	.405693	.3143085	.2799985	0
786.15	0	.405906	.3141199	.2799741	0
785.15	0	.4061197	.3139302	.2799501	0
784.15	0	.4063342	.3137395	.2799263	0
783.15	0	.4065492	.3135479	.2799029	0
782.15	0	.4067647	.3133556	.2798797	0
781.15	0	.4069803	.3131629	.2798568	0
780.15	0	.4071962	.3129697	.2798341	0
779.15	0	.407412	.3127763	.2798117	0
778.15	0	.4076278	.3125828	.2797894	0
777.15	0	.4078434	.3123893	.2797673	0
776.15	0	.4080587	.3121959	.2797454	0
775.15	0	.4082736	.3120027	.2797237	0
774.15	0	.408488	.3118098	.2797021	0
773.15	0	.4087019	.3116174	.2796807	0
772.15	0	.4089152	.3114254	.2796594	0
771.15	0	.4091278	.311234	.2796382	0
770.15	0	.4093396	.3110433	.2796171	0
769.15	0	.4095507	.3108532	.2795961	0
768.15	0	.4097608	.310664	.2795752	0
767.15	0	.40997	.3104756	.2795544	0
766.15	0	.4101783	.3102881	.2795336	0
765.15	0	.4103855	.3101015	.2795129	0
764.15	0	.4105917	.309916	.2794923	0
763.15	0	.4107968	.3097315	.2794718	0
762.15	0	.4110007	.3095481	.2794512	0
761.15	0	.4112034	.3093658	.2794307	0
760.15	0	.411405	.3091847	.2794103	0
759.15	0	.4116053	.3090048	.2793899	0
758.15	0	.4118043	.3088262	.2793695	0
757.15	0	.4120021	.3086488	.2793491	0
756.15	0	.4121985	.3084727	.2793287	0
755.15	0	.4123937	.308298	.2793084	0
754.15	0	.4125874	.3081245	.279288	0
753.15	0	.4127798	.3079525	.2792677	0
752.15	0	.4129708	.3077818	.2792474	0
751.15	0	.4131635	.3076102	.2792263	0
750.15	0	.4133515	.3074426	.279206	0
749.15	0	.413538	.3072763	.2791857	0
748.15	0	.4137232	.3071115	.2791653	0
747.15	0	.4139069	.3069481	.279145	0
746.15	0	.4140892	.3067861	.2791246	0
745.15	0	.4142701	.3066257	.2791042	0
744.15	0	.4144495	.3064667	.2790838	0
743.15	0	.4146274	.3063092	.2790634	0
742.15	0	.4148039	.3061532	.2790429	0
741.15	0	.4149789	.3059986	.2790224	0
740.15	0	.4151525	.3058456	.2790019	0
739.15	0	.4153246	.3056941	.2789813	0
738.15	0	.4154952	.3055441	.2789607	0
737.15	0	.4156644	.3053955	.2789401	0
736.15	0	.4158321	.3052485	.2789194	0
735.15	0	.4159983	.305103	.2788987	0
734.15	0	.4161631	.304959	.2788779	0
733.15	0	.4163264	.3048165	.2788571	0
732.15	0	.4164883	.3046755	.2788363	0
731.15	0	.4166487	.3045359	.2788154	0
730.15	0	.4168076	.3043979	.2787944	0
729.15	0	.4169651	.3042614	.2787735	0
728.15	0	.4171212	.3041264	.2787524	0
727.15	0	.4172758	.3039929	.2787313	0
726.15	0	.417429	.3038608	.2787102	0
725.15	0	.4175807	.3037302	.278689	0
724.15	0	.4177311	.3036011	.2786678	0
723.15	0	.41788	.3034735	.2786465	0
722.15	0	.4180275	.3033473	.2786252	0
721.15	0	.4181736	.3032226	.2786038	0
720.15	0	.4183183	.3030993	.2785824	0
719.15	0	.4184617	.3029774	.2785609	0
718.15	0	.4186036	.302857	.2785394	0
717.15	0	.4187442	.302738	.2785178	0
716.15	0	.4188834	.3026205	.2784961	0
715.15	0	.4190213	.3025043	.2784744	0
714.15	0	.4191578	.3023896	.2784527	0
713.15	0	.4192929	.3022762	.2784309	0
712.15	0	.4194268	.3021642	.278409	0
711.15	0	.4195593	.3020536	.2783871	0
710.15	0	.4196905	.3019444	.2783651	0
709.15	0	.4198204	.3018365	.2783431	0
708.15	0	.419949	.30173	.278321	0
707.15	0	.4200763	.3016249	.2782989	0
706.15	0	.4202023	.301521	.2782767	0
705.15	0	.420327	.3014185	.2782545	0
704.15	0	.4204505	.3013173	.2782322	0
703.15	0	.4205728	.3012174	.2782098	0
702.15	0	.4206938	.3011188	.2781874	0
701.15	0	.4208135	.3010215	.2781649	0
700.15	0	.4209321	.3009255	.2781424	0
699.15	0	.4210494	.3008308	.2781199	0
698.15	0	.4211655	.3007373	.2780972	0
697.15	0	.4212804	.300645	.2780745	0
696.15	0	.4213942	.300554	.2780518	0
695.15	0	.4215067	.3004643	.278029	0
694.15	0	.4216181	.3003757	.2780062	0
693.15	0	.4217283	.3002884	.2779833	0
692.15	0	.4218374	.3002023	.2779603	0
691.15	0	.4219454	.3001173	.2779373	0
690.15	0	.4220522	.3000336	.2779143	0
689.15	0	.4221578	.299951	.2778912	0
688.15	0	.4222624	.2998696	.277868	0
687.15	0	.4223659	.2997894	.2778448	0
686.15	0	.4224682	.2997103	.2778215	0
685.15	0	.4225695	.2996323	.2777982	0
684.15	0	.4226697	.2995555	.2777748	0
683.15	0	.4227688	.2994797	.2777514	0
682.15	0	.4228669	.2994051	.2777279	0
681.15	0	.422964	.2993316	.2777044	0
680.15	0	.4230599	.2992592	.2776809	0
679.15	0	.4231549	.2991879	.2776572	0
678.15	0	.4232488	.2991176	.2776336	0
677.15	0	.4233417	.2990484	.2776098	0
676.15	0	.4234336	.2989803	.2775861	0
675.15	0	.4235245	.2989132	.2775623	0
674.15	0	.4236145	.2988471	.2775384	0
673.15	0	.4237034	.2987821	.2775145	0
672.15	0	.4237914	.2987181	.2774905	0
671.15	0	.4238784	.2986551	.2774665	0
670.15	0	.4239644	.2985931	.2774425	0
669.15	0	.4240496	.298532	.2774184	0
668.15	0	.4241337	.298472	.2773943	0
667.15	0	.424217	.298413	.2773701	0
666.15	0	.4242993	.2983549	.2773458	0
665.15	0	.4243807	.2982977	.2773216	0
664.15	0	.4244612	.2982416	.2772972	0
663.15	0	.4245408	.2981863	.2772729	0
662.15	0	.4246195	.298132	.2772485	0
661.15	0	.4246974	.2980786	.277224	0
660.15	0	.4247743	.2980261	.2771996	0
659.15	0	.4248504	.2979746	.277175	0
658.15	0	.4249256	.2979239	.2771505	0
657.15	0	.425	.2978741	.2771259	0
656.15	0	.4250736	.2978252	.2771012	0
655.15	0	.4251463	.2977772	.2770765	0
654.15	0	.4252182	.2977301	.2770518	0
653.15	0	.4252892	.2976838	.277027	0
652.15	0	.4253595	.2976383	.2770022	0
651.15	0	.4254289	.2975937	.2769774	0
650.15	0	.4254976	.2975499	.2769525	0
649.15	0	.4255654	.297507	.2769276	0
648.15	0	.4256325	.2974649	.2769026	0
647.15	0	.4256988	.2974236	.2768776	0
646.15	0	.4257643	.2973831	.2768526	0
645.15	0	.4258291	.2973434	.2768275	0
644.15	0	.4258931	.2973044	.2768025	0
643.15	0	.4259563	.2972663	.2767773	0
642.15	0	.4260189	.297229	.2767522	0
641.15	0	.4260807	.2971924	.276727	0
640.15	0	.4261417	.2971566	.2767018	0
639.15	0	.426202	.2971215	.2766765	0
638.15	0	.4262616	.2970872	.2766512	0
637.15	0	.4263205	.2970536	.2766259	0
636.15	0	.4263787	.2970207	.2766006	0
635.15	0	.4264363	.2969886	.2765752	0
634.15	0	.4264931	.2969572	.2765498	0
633.15	0	.4265492	.2969265	.2765243	0
632.15	0	.4266047	.2968965	.2764989	0
631.15	0	.4266594	.2968672	.2764734	0
630.15	0	.4267136	.2968386	.2764479	0
629.15	0	.426767	.2968107	.2764223	0
628.15	0	.4268198	.2967834	.2763968	0
627.15	0	.426872	.2967569	.2763712	0
626.15	0	.4269235	.2967309	.2763456	0
625.15	0	.4269744	.2967057	.2763199	0
624.15	0	.4270246	.2966811	.2762943	0
623.15	0	.4270742	.2966572	.2762686	0
622.15	0	.4271232	.2966339	.2762429	0
621.15	0	.4271716	.2966112	.2762172	0
620.15	0	.4272194	.2965892	.2761914	0
619.15	0	.4272666	.2965678	.2761656	0
618.15	0	.4273132	.296547	.2761398	0
617.15	0	.4273592	.2965268	.276114	0
616.15	0	.4274046	.2965072	.2760882	0
615.15	0	.4274494	.2964882	.2760623	0
614.15	0	.4274937	.2964698	.2760365	0
613.15	0	.4275374	.296452	.2760106	0
612.15	0	.4275805	.2964348	.2759847	0
611.15	0	.427623	.2964182	.2759588	0
610.15	0	.427665	.2964021	.2759329	0
609.15	0	.4277065	.2963866	.2759069	0
608.15	0	.4277474	.2963716	.2758809	0
607.15	0	.4277878	.2963572	.275855	0
606.15	0	.4278276	.2963434	.275829	0
605.15	0	.4278669	.2963301	.275803	0
604.15	0	.4279057	.2963173	.275777	0
603.15	0	.427944	.2963051	.2757509	0
602.15	0	.4279817	.2962934	.2757249	0
601.15	0	.428019	.2962822	.2756988	0
600.15	0	.4280557	.2962715	.2756728	0
599.15	0	.4280919	.2962613	.2756467	0
598.15	0	.4281277	.2962517	.2756207	0
597.15	0	.4281629	.2962425	.2755946	0
596.15	0	.4281977	.2962339	.2755685	0
595.15	0	.4282319	.2962257	.2755424	0
594.15	0	.4282657	.296218	.2755163	0
593.15	0	.428299	.2962108	.2754902	0
592.15	0	.4283319	.2962041	.2754641	0
591.15	0	.4283643	.2961978	.2754379	0
590.15	0	.4283962	.296192	.2754118	0
589.15	0	.4284276	.2961867	.2753857	0
588.15	0	.4284586	.2961818	.2753596	0
587.15	0	.4284892	.2961774	.2753334	0
586.15	0	.4285193	.2961734	.2753073	0
585.15	0	.428549	.2961699	.2752811	0
584.15	0	.4285782	.2961668	.275255	0
583.15	0	.428607	.2961641	.2752289	0
582.15	0	.4286354	.2961619	.2752027	0
581.15	0	.4286633	.2961601	.2751766	0
580.15	0	.4286908	.2961587	.2751505	0
579.15	0	.4287179	.2961577	.2751243	0
578.15	0	.4287446	.2961572	.2750982	0
577.15	0	.4287709	.296157	.2750721	0
576.15	0	.4287968	.2961573	.2750459	0
575.15	0	.4288222	.296158	.2750198	0
574.15	0	.4288473	.296159	.2749937	0
573.15	0	.428872	.2961604	.2749676	0
572.15	0	.4288962	.2961623	.2749415	0
571.15	0	.4289201	.2961645	.2749154	0
570.15	0	.4289436	.296167	.2748893	0
569.15	0	.4289668	.29617	.2748633	0
568.15	0	.4289895	.2961733	.2748372	0
567.15	0	.4290119	.296177	.2748111	0
566.15	0	.4290339	.2961811	.2747851	0
565.15	0	.4290555	.2961855	.274759	0
564.15	0	.4290768	.2961902	.274733	0
563.15	0	.4290977	.2961953	.274707	0
562.15	0	.4291182	.2962008	.274681	0
561.15	0	.4291384	.2962066	.274655	0
560.15	0	.4291583	.2962127	.274629	0
559.15	0	.4291778	.2962192	.274603	0
558.15	0	.4291969	.296226	.2745771	0
557.15	0	.4292157	.2962331	.2745511	0
556.15	0	.4292342	.2962406	.2745252	0
555.15	0	.4292523	.2962484	.2744993	0
554.15	0	.4292701	.2962565	.2744734	0
553.15	0	.4292876	.2962649	.2744476	0
552.15	0	.4293047	.2962736	.2744217	0
551.15	0	.4293216	.2962826	.2743958	0
550.15	0	.4293381	.2962919	.27437	0
549.15	0	.4293542	.2963015	.2743442	0
548.15	0	.4293701	.2963114	.2743185	0
547.15	0	.4293857	.2963216	.2742927	0
546.15	0	.4294009	.2963321	.274267	0
545.15	0	.4294158	.2963429	.2742412	0
544.15	0	.4294305	.296354	.2742156	0
543.15	0	.4294448	.2963653	.2741899	0
542.15	0	.4294589	.2963769	.2741643	0
541.15	0	.4294726	.2963888	.2741386	0
540.15	0	.4294861	.2964009	.274113	0
539.15	0	.4294992	.2964133	.2740875	0
538.15	0	.4295121	.296426	.2740619	0
537.15	0	.4295247	.2964389	.2740364	0
536.15	0	.429537	.2964521	.2740109	0
535.15	0	.429549	.2964656	.2739854	0
534.15	0	.4295608	.2964793	.27396	0
533.15	0	.4295722	.2964932	.2739346	0
532.15	0	.4295834	.2965074	.2739092	0
531.15	0	.4295944	.2965218	.2738839	0
530.15	0	.429605	.2965364	.2738585	0
529.15	0	.4296155	.2965513	.2738332	0
528.15	0	.4296256	.2965664	.273808	0
527.15	0	.4296355	.2965818	.2737828	0
526.15	0	.4296451	.2965973	.2737576	0
525.15	0	.4296545	.2966131	.2737324	0
524.15	0	.4296636	.2966291	.2737073	0
523.15	0	.4296725	.2966453	.2736822	0
522.15	0	.4296811	.2966618	.2736571	0
521.15	0	.4296895	.2966784	.2736321	0
520.15	0	.4296976	.2966953	.2736071	0
519.15	0	.4297055	.2967123	.2735822	0
518.15	0	.4297132	.2967296	.2735573	0
517.15	0	.4297206	.296747	.2735324	0
516.15	0	.4297278	.2967647	.2735076	0
515.15	0	.4297347	.2967825	.2734828	0
514.15	0	.4297415	.2968005	.273458	0
513.15	0	.429748	.2968188	.2734333	0
512.15	0	.4297542	.2968371	.2734086	0
511.15	0	.4297603	.2968557	.273384	0
510.15	0	.4297661	.2968745	.2733594	0
509.15	0	.4297717	.2968935	.2733348	0
508.15	0	.4297771	.2969126	.2733103	0
507.15	0	.4297823	.2969318	.2732858	0
506.15	0	.4297873	.2969513	.2732614	0
505.15	0	.429792	.2969709	.273237	0
504.15	0	.4297966	.2969907	.2732127	0
503.15	0	.4298009	.2970107	.2731884	0
502.15	0	.4298051	.2970308	.2731641	0
501.15	0	.429809	.2970511	.2731399	0
500.15	0	.4298127	.2970715	.2731158	0
499.15	0	.4298163	.297092	.2730917	0
498.15	0	.4298196	.2971128	.2730676	0
497.15	0	.4298229	.2971336	.2730435	0
496.15	0	.4298259	.2971546	.2730195	0
495.15	0	.4298286	.2971758	.2729956	0
494.15	0	.4298312	.2971971	.2729717	0
493.15	0	.4298336	.2972185	.2729479	0
492.15	0	.4298358	.2972401	.2729241	0
491.15	0	.4298378	.2972618	.2729004	0
490.15	0	.4298397	.2972836	.2728768	0
489.15	0	.4298413	.2973055	.2728531	0
488.15	0	.4298428	.2973276	.2728296	0
487.15	0	.4298441	.2973498	.2728061	0
486.15	0	.4298452	.2973722	.2727826	0
485.15	0	.4298462	.2973946	.2727592	0
484.15	0	.4298469	.2974172	.2727359	0
483.15	0	.4298476	.2974398	.2727126	0
482.15	0	.429848	.2974626	.2726894	0
481.15	0	.4298483	.2974855	.2726662	0
480.15	0	.4298484	.2975085	.2726431	0
479.15	0	.4298483	.2975316	.27262	0
478.15	0	.4298481	.2975549	.272597	0
477.15	0	.4298477	.2975782	.2725741	0
476.15	0	.4298472	.2976016	.2725512	0
475.15	0	.4298465	.2976251	.2725284	0
474.15	0	.4298456	.2976487	.2725056	0
473.15	0	.4298446	.2976724	.2724829	0
472.15	0	.4298435	.2976962	.2724603	0
471.15	0	.4298422	.2977201	.2724377	0
470.15	0	.4298407	.2977441	.2724152	0
469.15	0	.4298391	.2977682	.2723927	0
468.15	0	.4298374	.2977923	.2723703	0
467.15	0	.4298355	.2978165	.272348	0
466.15	0	.4298335	.2978408	.2723257	0
465.15	0	.4298313	.2978652	.2723035	0
464.15	0	.429829	.2978897	.2722814	0
463.15	0	.4298265	.2979142	.2722593	0
462.15	0	.4298239	.2979388	.2722373	0
461.15	0	.4298212	.2979635	.2722154	0
460.15	0	.4298183	.2979882	.2721935	0
459.15	0	.4298153	.298013	.2721717	0
458.15	0	.4298122	.2980379	.2721499	0
457.9879	0	.4298117	.2980419	.2721464	0
457.9879	0	.4298117	.2980419	.2721464	0
457.9879	0	.4298117	.2980419	.2721464	0
457.15	0	.4299989	.2976296	.2719059	4.656083E-04
456.15	0	.4302213	.297139	.2716195	.001020192
455.15	0	.4304428	.29665	.2713337	.001573598
454.15	0	.4306632	.2961625	.2710485	.002125834
453.15	0	.4308826	.2956765	.270764	.002676912
452.15	0	.431101	.2951921	.2704801	.003226842
451.15	0	.4313184	.2947091	.2701968	.003775633
450.15	0	.4315349	.2942276	.2699142	.004323296
449.15	0	.4317504	.2937475	.2696322	.004869852
448.15	0	.431965	.2932689	.2693508	.005415301
447.15	0	.4321787	.2927916	.26907	.005959652
446.15	0	.4323915	.2923158	.2687898	.006502917
445.15	0	.4326033	.2918413	.2685103	.007045106
444.15	0	.4328143	.2913682	.2682313	.007586229
443.15	0	.4330245	.2908964	.2679529	.008126296
442.15	0	.4332337	.2904259	.2676751	.008665317
441.15	0	.4334422	.2899566	.2673979	.009203303
440.15	0	.4336498	.2894887	.2671213	.009740264
