T	 BPW(LIQUID)	BPW(BCC_A2)	BPW(FCC_A1)	BPW(LAVES_PHASE_C14)	BPW(NI3TI)
1473.15	.01817649	.9818235	0	0	0
1472.15	.01592893	.9840711	0	0	0
1471.15	.01369853	.9863015	0	0	0
1470.15	.01148513	.9885149	0	0	0
1469.15	.00928859	.9907114	0	0	0
1468.15	.007108761	.9928912	0	0	0
1467.15	.004945497	.9950545	0	0	0
1466.15	.002798652	.9972013	0	0	0
1465.15	6.68084E-04	.9993319	0	0	0
1464.835	0	1	0	0	0
1464.835	0	1	0	0	0
1464.15	0	1	0	0	0
1463.15	0	1	0	0	0
1462.15	0	1	0	0	0
1461.15	0	1	0	0	0
1460.15	0	1	0	0	0
1459.15	0	1	0	0	0
1458.15	0	1	0	0	0
1457.15	0	1	0	0	0
1456.15	0	1	0	0	0
1455.15	0	1	0	0	0
1454.15	0	1	0	0	0
1453.15	0	1	0	0	0
1452.15	0	1	0	0	0
1451.15	0	1	0	0	0
1450.15	0	1	0	0	0
1449.15	0	1	0	0	0
1448.15	0	1	0	0	0
1447.15	0	1	0	0	0
1446.15	0	1	0	0	0
1445.15	0	1	0	0	0
1444.15	0	1	0	0	0
1443.15	0	1	0	0	0
1442.15	0	1	0	0	0
1441.15	0	1	0	0	0
1440.15	0	1	0	0	0
1439.15	0	1	0	0	0
1438.15	0	1	0	0	0
1437.15	0	1	0	0	0
1436.15	0	1	0	0	0
1435.15	0	1	0	0	0
1434.15	0	1	0	0	0
1433.15	0	1	0	0	0
1432.15	0	1	0	0	0
1431.15	0	1	0	0	0
1430.15	0	1	0	0	0
1429.15	0	1	0	0	0
1428.15	0	1	0	0	0
1427.15	0	1	0	0	0
1426.15	0	1	0	0	0
1425.15	0	1	0	0	0
1424.15	0	1	0	0	0
1423.15	0	1	0	0	0
1422.15	0	1	0	0	0
1421.15	0	1	0	0	0
1420.15	0	1	0	0	0
1419.15	0	1	0	0	0
1418.15	0	1	0	0	0
1417.15	0	1	0	0	0
1416.15	0	1	0	0	0
1415.15	0	1	0	0	0
1414.15	0	1	0	0	0
1413.15	0	1	0	0	0
1412.15	0	1	0	0	0
1411.15	0	1	0	0	0
1410.15	0	1	0	0	0
1409.15	0	1	0	0	0
1408.15	0	1	0	0	0
1407.15	0	1	0	0	0
1406.15	0	1	0	0	0
1405.15	0	1	0	0	0
1404.15	0	1	0	0	0
1403.15	0	1	0	0	0
1402.15	0	1	0	0	0
1401.15	0	1	0	0	0
1400.15	0	1	0	0	0
1399.15	0	1	0	0	0
1398.15	0	1	0	0	0
1397.15	0	1	0	0	0
1396.15	0	1	0	0	0
1395.15	0	1	0	0	0
1394.15	0	1	0	0	0
1393.15	0	1	0	0	0
1392.15	0	1	0	0	0
1391.15	0	1	0	0	0
1390.15	0	1	0	0	0
1389.15	0	1	0	0	0
1388.15	0	1	0	0	0
1387.15	0	1	0	0	0
1386.15	0	1	0	0	0
1385.15	0	1	0	0	0
1384.15	0	1	0	0	0
1383.15	0	1	0	0	0
1382.15	0	1	0	0	0
1381.15	0	1	0	0	0
1380.15	0	1	0	0	0
1379.15	0	1	0	0	0
1378.15	0	1	0	0	0
1377.15	0	1	0	0	0
1376.15	0	1	0	0	0
1375.15	0	1	0	0	0
1374.15	0	1	0	0	0
1373.15	0	1	0	0	0
1372.15	0	1	0	0	0
1371.15	0	1	0	0	0
1370.15	0	1	0	0	0
1369.15	0	1	0	0	0
1368.15	0	1	0	0	0
1367.15	0	1	0	0	0
1366.15	0	1	0	0	0
1365.15	0	1	0	0	0
1364.15	0	1	0	0	0
1363.15	0	1	0	0	0
1362.15	0	1	0	0	0
1361.15	0	1	0	0	0
1360.15	0	1	0	0	0
1359.15	0	1	0	0	0
1358.15	0	1	0	0	0
1357.15	0	1	0	0	0
1356.15	0	1	0	0	0
1355.15	0	1	0	0	0
1354.15	0	1	0	0	0
1353.15	0	1	0	0	0
1352.15	0	1	0	0	0
1351.15	0	1	0	0	0
1350.15	0	1	0	0	0
1349.15	0	1	0	0	0
1348.15	0	1	0	0	0
1347.15	0	1	0	0	0
1346.15	0	1	0	0	0
1345.15	0	1	0	0	0
1344.15	0	1	0	0	0
1343.15	0	1	0	0	0
1342.15	0	1	0	0	0
1341.15	0	1	0	0	0
1340.15	0	1	0	0	0
1339.15	0	1	0	0	0
1338.15	0	1	0	0	0
1337.15	0	1	0	0	0
1336.15	0	1	0	0	0
1335.15	0	1	0	0	0
1334.15	0	1	0	0	0
1333.15	0	1	0	0	0
1332.15	0	1	0	0	0
1331.15	0	1	0	0	0
1330.15	0	1	0	0	0
1329.15	0	1	0	0	0
1328.15	0	1	0	0	0
1327.15	0	1	0	0	0
1326.15	0	1	0	0	0
1325.15	0	1	0	0	0
1324.15	0	1	0	0	0
1323.15	0	1	0	0	0
1322.15	0	1	0	0	0
1321.15	0	1	0	0	0
1320.926	0	1	0	0	0
1320.926	0	1	0	0	0
1320.926	0	1	0	0	0
1320.15	0	.999506	0	4.940469E-04	0
1319.15	0	.9988709	0	.001129115	0
1318.15	0	.9982372	0	.001762769	0
1317.15	0	.997605	0	.002395012	0
1316.15	0	.9969742	0	.003025847	0
1315.15	0	.9963447	0	.003655281	0
1314.15	0	.9957167	0	.004283315	0
1313.15	0	.99509	0	.004909956	0
1312.15	0	.9944648	0	.005535206	0
1311.15	0	.9938409	0	.00615907	0
1310.15	0	.9932185	0	.006781551	0
1309.15	0	.9925974	0	.007402655	0
1308.15	0	.9919776	0	.008022384	0
1307.15	0	.9913593	0	.008640743	0
1306.15	0	.9907423	0	.009257735	0
1305.15	0	.9901266	0	.009873366	0
1304.15	0	.9895124	0	.01048764	0
1303.15	0	.9888994	0	.01110056	0
1302.15	0	.9882879	0	.01171212	0
1301.15	0	.9876777	0	.01232234	0
1300.15	0	.9870688	0	.01293122	0
1299.15	0	.9864612	0	.01353876	0
1298.15	0	.985855	0	.01414496	0
1297.15	0	.9852502	0	.01474983	0
1296.15	0	.9846466	0	.01535338	0
1295.15	0	.9840444	0	.0159556	0
1294.15	0	.9834435	0	.0165565	0
1293.15	0	.9828439	0	.01715609	0
1292.15	0	.9822456	0	.01775436	0
1291.15	0	.9816487	0	.01835132	0
1290.15	0	.981053	0	.01894698	0
1289.15	0	.9804587	0	.01954133	0
1288.15	0	.9798656	0	.02013439	0
1287.15	0	.9792738	0	.02072616	0
1286.15	0	.9786834	0	.02131663	0
1285.15	0	.9780942	0	.02190582	0
1284.15	0	.9775063	0	.02249372	0
1283.15	0	.9769197	0	.02308035	0
1282.15	0	.9763343	0	.02366569	0
1281.15	0	.9757502	0	.02424977	0
1280.15	0	.9751674	0	.02483258	0
1279.15	0	.9745859	0	.02541412	0
1278.15	0	.9740056	0	.02599439	0
1277.15	0	.9734266	0	.02657341	0
1276.15	0	.9728488	0	.02715118	0
1275.15	0	.9722723	0	.02772769	0
1274.15	0	.971697	0	.02830296	0
1273.15	0	.971123	0	.02887697	0
1272.15	0	.9705503	0	.02944975	0
1271.15	0	.9699787	0	.03002129	0
1270.15	0	.9694084	0	.0305916	0
1269.15	0	.9688393	0	.03116067	0
1268.15	0	.9682715	0	.03172852	0
1267.15	0	.9677049	0	.03229514	0
1266.15	0	.9671395	0	.03286054	0
1265.15	0	.9665753	0	.03342472	0
1264.15	0	.9660123	0	.03398769	0
1263.15	0	.9654505	0	.03454945	0
1262.15	0	.96489	0	.03511	0
1261.15	0	.9643307	0	.03566934	0
1260.15	0	.9637725	0	.03622748	0
1259.15	0	.9632156	0	.03678442	0
1258.15	0	.9626598	0	.03734017	0
1257.15	0	.9621053	0	.03789473	0
1256.15	0	.9615519	0	.03844809	0
1255.15	0	.9609997	0	.03900028	0
1254.15	0	.9604487	0	.03955127	0
1253.15	0	.9598989	0	.04010109	0
1252.15	0	.9593503	0	.04064973	0
1251.15	0	.9588028	0	.0411972	0
1250.15	0	.9582565	0	.0417435	0
1249.15	0	.9577114	0	.04228864	0
1248.15	0	.9571674	0	.0428326	0
1247.15	0	.9566246	0	.04337541	0
1246.15	0	.9560829	0	.04391706	0
1245.15	0	.9555425	0	.04445755	0
1244.15	0	.9550031	0	.04499689	0
1243.15	0	.9544649	0	.04553509	0
1242.15	0	.9539279	0	.04607214	0
1241.15	0	.953392	0	.04660804	0
1240.15	0	.9528572	0	.0471428	0
1239.15	0	.9523236	0	.04767643	0
1238.15	0	.9517911	0	.04820892	0
1237.15	0	.9512597	0	.04874029	0
1236.15	0	.9507295	0	.04927052	0
1235.15	0	.9502004	0	.04979963	0
1234.15	0	.9496724	0	.05032761	0
1233.15	0	.9491455	0	.05085448	0
1232.15	0	.9486198	0	.05138023	0
1231.15	0	.9480951	0	.05190486	0
1230.15	0	.9475716	0	.05242839	0
1229.15	0	.9470492	0	.0529508	0
1228.15	0	.9465279	0	.05347211	0
1227.15	0	.9460077	0	.05399232	0
1226.15	0	.9454886	0	.05451142	0
1225.15	0	.9449706	0	.05502944	0
1224.15	0	.9444537	0	.05554635	0
1223.15	0	.9439378	0	.05606217	0
1222.15	0	.9434231	0	.05657691	0
1221.15	0	.9429094	0	.05709056	0
1220.15	0	.9423969	0	.05760312	0
1219.15	0	.9418854	0	.0581146	0
1218.15	0	.941375	0	.05862501	0
1217.15	0	.9408657	0	.05913434	0
1216.15	0	.9403574	0	.0596426	0
1215.15	0	.9398502	0	.06014978	0
1214.15	0	.9393441	0	.0606559	0
1213.15	0	.938839	0	.06116096	0
1212.15	0	.9383351	0	.06166495	0
1211.15	0	.9378321	0	.06216788	0
1210.15	0	.9373302	0	.06266976	0
1209.15	0	.9368294	0	.06317058	0
1208.15	0	.9363297	0	.06367035	0
1207.15	0	.9358309	0	.06416906	0
1206.15	0	.9353333	0	.06466674	0
1205.15	0	.9348366	0	.06516336	0
1204.15	0	.9343411	0	.06565895	0
1203.15	0	.9338465	0	.06615349	0
1202.15	0	.933353	0	.066647	0
1201.15	0	.9328605	0	.06713948	0
1200.15	0	.9323691	0	.06763092	0
1199.15	0	.9318787	0	.06812133	0
1198.15	0	.9313893	0	.06861072	0
1197.15	0	.9309009	0	.06909908	0
1196.15	0	.9304136	0	.06958642	0
1195.15	0	.9299273	0	.07007274	0
1194.15	0	.929442	0	.07055804	0
1193.15	0	.9289577	0	.07104233	0
1192.15	0	.9284744	0	.0715256	0
1191.15	0	.9279921	0	.07200787	0
1190.15	0	.9275109	0	.07248912	0
1189.15	0	.9270306	0	.07296937	0
1188.15	0	.9265514	0	.07344862	0
1187.15	0	.9260731	0	.07392687	0
1186.15	0	.9255959	0	.07440412	0
1185.15	0	.9251196	0	.07488037	0
1184.15	0	.9246444	0	.07535563	0
1183.15	0	.9241701	0	.07582989	0
1182.15	0	.9236968	0	.07630317	0
1181.15	0	.9232245	0	.07677546	0
1180.15	0	.9227532	0	.07724677	0
1179.15	0	.9222829	0	.07771709	0
1178.15	0	.9218136	0	.07818643	0
1177.15	0	.9213452	0	.0786548	0
1176.15	0	.9208778	0	.07912219	0
1175.15	0	.9204114	0	.0795886	0
1174.15	0	.919946	0	.08005404	0
1173.15	0	.9194815	0	.08051852	0
1172.15	0	.919018	0	.08098203	0
1171.15	0	.9185554	0	.08144457	0
1170.15	0	.9180938	0	.08190615	0
1169.15	0	.9176332	0	.08236677	0
1168.15	0	.9171736	0	.08282643	0
1167.15	0	.9167149	0	.08328513	0
1166.15	0	.9162571	0	.08374289	0
1165.15	0	.9158003	0	.08419968	0
1164.15	0	.9153445	0	.08465553	0
1163.15	0	.9148896	0	.08511043	0
1162.15	0	.9144356	0	.08556439	0
1161.15	0	.9139826	0	.0860174	0
1160.15	0	.9135305	0	.08646947	0
1159.15	0	.9130794	0	.0869206	0
1158.15	0	.9126292	0	.08737079	0
1157.15	0	.91218	0	.08782004	0
1156.15	0	.9117316	0	.08826837	0
1155.15	0	.9112842	0	.08871576	0
1154.15	0	.9108378	0	.08916224	0
1153.15	0	.9103922	0	.08960778	0
1152.15	0	.9099476	0	.09005239	0
1151.15	0	.9095039	0	.09049607	0
1150.15	0	.9090612	0	.09093884	0
1149.15	0	.9086193	0	.09138068	0
1148.15	0	.9081784	0	.09182161	0
1147.15	0	.9077384	0	.09226162	0
1146.15	0	.9072993	0	.09270072	0
1145.15	0	.9068611	0	.0931389	0
1144.15	0	.9064238	0	.09357618	0
1143.15	0	.9059875	0	.09401255	0
1142.15	0	.905552	0	.09444801	0
1141.15	0	.9051174	0	.09488257	0
1140.15	0	.9046838	0	.09531623	0
1139.15	0	.904251	0	.09574898	0
1138.15	0	.9038192	0	.09618084	0
1137.15	0	.9033882	0	.0966118	0
1136.15	0	.9029581	0	.09704187	0
1135.15	0	.902529	0	.09747105	0
1134.15	0	.9021007	0	.09789933	0
1133.15	0	.9016733	0	.09832672	0
1132.15	0	.9012468	0	.09875323	0
1131.15	0	.9008212	0	.09917885	0
1130.15	0	.9003964	0	.09960359	0
1129.15	0	.8999726	0	.1000275	0
1128.15	0	.8995496	0	.1004504	0
1127.15	0	.8991275	0	.1008725	0
1126.15	0	.8987063	0	.1012937	0
1125.15	0	.8982859	0	.1017141	0
1124.15	0	.8978664	0	.1021336	0
1123.15	0	.8974478	0	.1025522	0
1122.15	0	.8970301	0	.1029699	0
1121.15	0	.8966132	0	.1033868	0
1120.15	0	.8961972	0	.1038028	0
1119.15	0	.8957821	0	.1042179	0
1118.15	0	.8953678	0	.1046322	0
1117.15	0	.8949544	0	.1050456	0
1116.15	0	.8945419	0	.1054581	0
1115.15	0	.8941302	0	.1058698	0
1114.15	0	.8937193	0	.1062807	0
1113.15	0	.8933093	0	.1066907	0
1112.15	0	.8929002	0	.1070998	0
1111.15	0	.8924919	0	.1075081	0
1110.15	0	.8920845	0	.1079155	0
1109.15	0	.8916779	0	.1083221	0
1108.15	0	.8912722	0	.1087278	0
1107.15	0	.8908673	0	.1091327	0
1106.15	0	.8904632	0	.1095368	0
1105.15	0	.89006	0	.10994	0
1104.15	0	.8896576	0	.1103424	0
1103.15	0	.8892561	0	.1107439	0
1102.15	0	.8888554	0	.1111446	0
1101.15	0	.8884555	0	.1115445	0
1100.15	0	.8880565	0	.1119435	0
1099.15	0	.8876583	0	.1123417	0
1098.15	0	.8872609	0	.1127391	0
1097.15	0	.8868644	0	.1131356	0
1096.15	0	.8864687	0	.1135313	0
1095.15	0	.8860738	0	.1139262	0
1094.15	0	.8856797	0	.1143203	0
1093.15	0	.8852865	0	.1147135	0
1092.15	0	.884894	0	.115106	0
1091.15	0	.8845024	0	.1154976	0
1090.15	0	.8841117	0	.1158883	0
1089.15	0	.8837217	0	.1162783	0
1088.15	0	.8833325	0	.1166675	0
1087.15	0	.8829442	0	.1170558	0
1086.15	0	.8825567	0	.1174433	0
1085.15	0	.8821699	0	.1178301	0
1084.15	0	.881784	0	.118216	0
1083.15	0	.8813989	0	.1186011	0
1082.15	0	.8810146	0	.1189854	0
1081.15	0	.8806312	0	.1193688	0
1080.15	0	.8802485	0	.1197515	0
1079.15	0	.8798666	0	.1201334	0
1078.15	0	.8794855	0	.1205145	0
1077.15	0	.8791052	0	.1208948	0
1076.15	0	.8787257	0	.1212743	0
1075.15	0	.878347	0	.121653	0
1074.15	0	.8779691	0	.1220309	0
1073.15	0	.877592	0	.122408	0
1072.15	0	.8772157	0	.1227843	0
1071.15	0	.8768402	0	.1231598	0
1070.15	0	.8764654	0	.1235346	0
1069.15	0	.8760915	0	.1239085	0
1068.15	0	.8757183	0	.1242817	0
1067.15	0	.8753459	0	.1246541	0
1066.15	0	.8749744	0	.1250256	0
1065.15	0	.8746035	0	.1253965	0
1064.15	0	.8742335	0	.1257665	0
1063.15	0	.8738643	0	.1261357	0
1062.15	0	.8734958	0	.1265042	0
1061.15	0	.8731281	0	.1268719	0
1060.15	0	.8727612	0	.1272388	0
1059.15	0	.8723951	0	.127605	0
1058.15	0	.8720297	0	.1279703	0
1057.15	0	.8716651	0	.1283349	0
1056.15	0	.8713013	0	.1286987	0
1055.15	0	.8709382	0	.1290618	0
1054.15	0	.8705759	0	.1294241	0
1053.15	0	.8702144	0	.1297856	0
1052.15	0	.8698536	0	.1301464	0
1051.15	0	.8694937	0	.1305063	0
1050.15	0	.8691344	0	.1308656	0
1049.15	0	.868776	0	.131224	0
1048.15	0	.8684183	0	.1315817	0
1047.15	0	.8680613	0	.1319387	0
1046.15	0	.8677051	0	.1322949	0
1045.15	0	.8673497	0	.1326503	0
1044.15	0	.866995	0	.133005	0
1043.15	0	.8666411	0	.1333589	0
1042.15	0	.866288	0	.133712	0
1041.15	0	.8659356	0	.1340644	0
1040.15	0	.8655839	0	.1344161	0
1039.15	0	.865233	0	.134767	0
1038.15	0	.8648828	0	.1351172	0
1037.382	0	.8646143	0	.1353857	0
1037.382	0	.8646143	0	.1353857	0
1037.382	0	.8646143	0	.1353857	0
1037.15	0	.8643744	1.695871E-04	.135456	0
1036.15	0	.8633406	9.003669E-04	.135759	0
1035.15	0	.8623098	.001629063	.1360612	0
1034.15	0	.8612819	.002355678	.1363625	0
1033.15	0	.8602569	.003080212	.1366629	0
1032.15	0	.8592348	.003802667	.1369625	0
1031.15	0	.8582158	.004523044	.1372612	0
1030.15	0	.8571996	.005241345	.137559	0
1029.15	0	.8561864	.005957572	.137856	0
1028.15	0	.8551761	.006671725	.1381522	0
1027.15	0	.8541687	.007383806	.1384475	0
1026.15	0	.8531643	.008093817	.1387419	0
1025.15	0	.8521628	.00880176	.1390355	0
1024.15	0	.8511642	.009507636	.1393282	0
1023.15	0	.8501686	.01021145	.13962	0
1022.15	0	.8491758	.01091319	.139911	0
1021.15	0	.848186	.01161288	.1402011	0
1020.15	0	.8471991	.0123105	.1404904	0
1019.15	0	.8462151	.01300607	.1407788	0
1018.15	0	.845234	.01369958	.1410664	0
1017.15	0	.8442559	.01439104	.1413531	0
1016.15	0	.8432806	.01508044	.1416389	0
1015.15	0	.8423083	.01576779	.1419239	0
1014.15	0	.8413389	.0164531	.1422081	0
1013.15	0	.8403723	.01713635	.1424913	0
1012.15	0	.8394087	.01781757	.1427738	0
1011.15	0	.838448	.01849674	.1430553	0
1010.15	0	.8374901	.01917387	.143336	0
1009.15	0	.8365352	.01984896	.1436158	0
1008.15	0	.8355832	.02052202	.1438948	0
1007.15	0	.834634	.02119304	.1441729	0
1006.15	0	.8336878	.02186204	.1444502	0
1005.15	0	.8327444	.022529	.1447266	0
1004.15	0	.8318039	.02319394	.1450021	0
1003.15	0	.8308663	.02385686	.1452768	0
1002.15	0	.8299316	.02451776	.1455506	0
1001.15	0	.8289998	.02517664	.1458236	0
1000.15	0	.8280708	.02583351	.1460957	0
999.15	0	.8271447	.02648837	.1463669	0
998.15	0	.8262215	.02714122	.1466373	0
997.15	0	.8253012	.02779206	.1469067	0
996.15	0	.8243837	.0284409	.1471754	0
995.15	0	.8234691	.02908775	.1474431	0
994.15	0	.8225574	.0297326	.14771	0
993.15	0	.8216485	.03037545	.147976	0
992.15	0	.8207425	.03101632	.1482412	0
991.15	0	.8198393	.03165521	.1485055	0
990.15	0	.818939	.03229212	.1487689	0
989.15	0	.8180416	.03292705	.1490314	0
988.15	0	.817147	.03356	.149293	0
987.15	0	.8162552	.034191	.1495538	0
986.15	0	.8153663	.03482002	.1498137	0
985.15	0	.8144802	.03544709	.1500727	0
984.15	0	.8135969	.03607221	.1503309	0
983.15	0	.8127165	.03669537	.1505881	0
982.15	0	.8118389	.03731659	.1508445	0
981.15	0	.8109642	.03793587	.1511	0
980.15	0	.8100922	.03855321	.1513546	0
979.15	0	.8092231	.03916863	.1516083	0
978.15	0	.8083568	.03978212	.1518611	0
977.15	0	.8074933	.04039369	.152113	0
976.15	0	.8066326	.04100335	.1523641	0
975.15	0	.8057747	.04161111	.1526142	0
974.15	0	.8049196	.04221696	.1528634	0
973.15	0	.8040673	.04282092	.1531118	0
972.15	0	.8032178	.04342299	.1533592	0
971.15	0	.8023711	.04402318	.1536058	0
970.15	0	.8015271	.0446215	.1538514	0
969.15	0	.8006859	.04521795	.1540961	0
968.15	0	.7998476	.04581253	.1543399	0
967.15	0	.7990119	.04640527	.1545828	0
966.15	0	.7981791	.04699616	.1548248	0
965.15	0	.7973489	.04758521	.1550659	0
964.15	0	.7965216	.04817243	.155306	0
963.15	0	.7956969	.04875784	.1555452	0
962.15	0	.7948751	.04934143	.1557835	0
961.15	0	.7940559	.04992322	.1560209	0
960.15	0	.7932395	.05050321	.1562573	0
959.15	0	.7924258	.05108142	.1564928	0
958.15	0	.7916148	.05165785	.1567274	0
957.15	0	.7908065	.05223252	.156961	0
956.15	0	.7900009	.05280543	.1571937	0
955.15	0	.789198	.0533766	.1574254	0
954.15	0	.7883978	.05394604	.1576562	0
953.15	0	.7876003	.05451375	.157886	0
952.15	0	.7868054	.05507975	.1581149	0
951.15	0	.7860132	.05564405	.1583428	0
950.15	0	.7852236	.05620666	.1585697	0
949.15	0	.7844367	.05676759	.1587957	0
948.15	0	.7836524	.05732687	.1590207	0
947.15	0	.7828708	.05788449	.1592448	0
946.15	0	.7820917	.05844048	.1594678	0
945.15	0	.7813153	.05899484	.1596899	0
944.15	0	.7805415	.0595476	.1599109	0
943.15	0	.7797702	.06009876	.160131	0
942.15	0	.7790015	.06064834	.1603501	0
941.15	0	.7782354	.06119636	.1605682	0
940.15	0	.7774719	.06174283	.1607853	0
939.15	0	.7767108	.06228777	.1610014	0
938.15	0	.7759524	.06283119	.1612165	0
937.15	0	.7751964	.06337312	.1614305	0
936.15	0	.7744429	.06391357	.1616435	0
935.15	0	.7736919	.06445256	.1618555	0
934.15	0	.7729434	.0649901	.1620665	0
933.15	0	.7721974	.06552622	.1622764	0
932.15	0	.7714538	.06606093	.1624853	0
931.15	0	.7707127	.06659426	.1626931	0
930.15	0	.7699739	.06712622	.1628999	0
929.15	0	.7692376	.06765685	.1631056	0
928.15	0	.7685036	.06818615	.1633102	0
927.15	0	.7677721	.06871415	.1635138	0
926.15	0	.7670429	.06924088	.1637163	0
925.15	0	.766316	.06976636	.1639177	0
924.15	0	.7655914	.07029061	.164118	0
923.15	0	.7648692	.07081366	.1643172	0
922.15	0	.7641492	.07133554	.1645153	0
921.15	0	.7634315	.07185626	.1647123	0
920.15	0	.762716	.07237586	.1649082	0
919.15	0	.7620027	.07289437	.1651029	0
918.15	0	.7612917	.07341181	.1652965	0
917.15	0	.7605828	.07392821	.165489	0
916.15	0	.7598761	.07444361	.1656803	0
915.15	0	.7591715	.07495803	.1658705	0
914.15	0	.758469	.0754715	.1660595	0
913.15	0	.7577686	.07598407	.1662473	0
912.15	0	.7570703	.07649575	.166434	0
911.15	0	.7563739	.0770066	.1666195	0
910.15	0	.7556797	.07751663	.1668037	0
909.15	0	.7549873	.07802589	.1669868	0
908.15	0	.7542969	.07853442	.1671686	0
907.15	0	.7536085	.07904225	.1673493	0
906.15	0	.7529219	.07954942	.1675287	0
905.15	0	.7522372	.08005598	.1677068	0
904.15	0	.7515543	.08056196	.1678837	0
903.15	0	.7508732	.08106741	.1680594	0
902.15	0	.7501939	.08157237	.1682337	0
901.15	0	.7495163	.08207689	.1684068	0
900.15	0	.7488404	.082581	.1685786	0
899.15	0	.7481661	.08308477	.1687491	0
898.15	0	.7474935	.08358823	.1689183	0
897.15	0	.7468225	.08409145	.1690861	0
896.15	0	.7461529	.08459446	.1692526	0
895.15	0	.7454849	.08509732	.1694178	0
894.15	0	.7448183	.08560009	.1695816	0
893.15	0	.7441532	.08610283	.169744	0
892.15	0	.7434894	.08660558	.169905	0
891.15	0	.7428269	.08710842	.1700647	0
890.15	0	.7421658	.08761139	.1702229	0
889.15	0	.7415058	.08811456	.1703797	0
888.15	0	.740847	.088618	.170535	0
887.15	0	.7401893	.08912177	.1706889	0
886.15	0	.7395327	.08962594	.1708413	0
885.15	0	.7388772	.09013058	.1709922	0
884.15	0	.7382226	.09063576	.1711417	0
883.15	0	.7375689	.09114156	.1712896	0
882.15	0	.736916	.09164805	.171436	0
881.15	0	.7362639	.0921553	.1715808	0
880.15	0	.7356126	.0926634	.171724	0
879.15	0	.7349619	.09317244	.1718657	0
878.15	0	.7343118	.09368249	.1720058	0
877.15	0	.7336622	.09419366	.1721442	0
876.15	0	.733013	.09470601	.172281	0
875.15	0	.7323642	.09521966	.1724161	0
874.15	0	.7317157	.09573469	.1725496	0
873.15	0	.7310675	.09625121	.1726813	0
872.15	0	.7304194	.09676932	.1728113	0
871.15	0	.7297713	.09728912	.1729396	0
870.15	0	.7291232	.09781073	.1730661	0
869.15	0	.728475	.09833425	.1731908	0
868.15	0	.7278265	.09885981	.1733137	0
867.15	0	.7271778	.09938752	.1734347	0
866.15	0	.7265286	.09991752	.1735538	0
865.15	0	.725879	.1004499	.1736711	0
864.15	0	.7252287	.1009849	.1737864	0
863.15	0	.7245777	.1015225	.1738998	0
862.15	0	.7239259	.1020629	.1740112	0
861.15	0	.7232731	.1026064	.1741206	0
860.15	0	.7226192	.1031529	.1742279	0
859.15	0	.7219642	.1037027	.1743331	0
858.15	0	.7213078	.104256	.1744362	0
857.15	0	.7206499	.1048129	.1745372	0
856.15	0	.7199904	.1053737	.174636	0
855.15	0	.7193292	.1059384	.1747325	0
854.15	0	.718666	.1065073	.1748268	0
853.15	0	.7180008	.1070805	.1749187	0
852.15	0	.7173333	.1076584	.1750083	0
851.15	0	.7166634	.1082411	.1750955	0
850.15	0	.7159909	.1088289	.1751802	0
849.15	0	.7153157	.1094219	.1752625	0
848.15	0	.7146374	.1100205	.1753422	0
847.15	0	.713956	.1106248	.1754192	0
846.15	0	.7132711	.1112353	.1754936	0
845.15	0	.7125826	.1118521	.1755653	0
844.15	0	.7118903	.1124756	.1756342	0
843.15	0	.7111938	.113106	.1757002	0
842.15	0	.7104929	.1137438	.1757633	0
841.15	0	.7097873	.1143893	.1758234	0
840.15	0	.7090768	.1150428	.1758804	0
839.15	0	.708361	.1157048	.1759342	0
838.15	0	.7076396	.1163756	.1759848	0
837.15	0	.7069122	.1170557	.1760321	0
836.15	0	.7061785	.1177456	.1760759	0
835.15	0	.7054381	.1184457	.1761162	0
834.15	0	.7046906	.1191567	.1761528	0
833.15	0	.7039355	.1198789	.1761856	0
832.15	0	.7031723	.1206132	.1762145	0
831.15	0	.7024006	.12136	.1762394	0
830.15	0	.7016197	.1221201	.1762601	0
829.15	0	.7008292	.1228943	.1762765	0
828.15	0	.7000284	.1236832	.1762884	0
827.15	0	.6992166	.1244879	.1762955	0
826.15	0	.698393	.1253091	.1762978	0
825.15	0	.697557	.126148	.1762951	0
824.15	0	.6967075	.1270055	.1762869	0
823.15	0	.6958438	.127883	.1762733	0
822.15	0	.6949647	.1287816	.1762537	0
821.15	0	.6937284	.1301035	.1761681	0
820.15	0	.6922489	.1317171	.1760339	0
819.15	0	.6908344	.1332602	.1759053	0
818.15	0	.6894805	.1347376	.1757819	0
817.15	0	.6881831	.1361537	.1756632	0
816.15	0	.6869386	.1375123	.1755491	0
815.15	0	.6857437	.1388172	.1754392	0
814.15	0	.6845952	.1400716	.1753332	0
813.15	0	.6834904	.1412787	.1752309	0
812.15	0	.6824268	.1424411	.1751321	0
811.15	0	.6814018	.1435616	.1750366	0
810.15	0	.6804135	.1446424	.1749441	0
809.15	0	.6794597	.1456858	.1748546	0
808.15	0	.6785385	.1466938	.1747677	0
807.15	0	.6776483	.1476683	.1746834	0
806.15	0	.6767873	.1486111	.1746016	0
805.15	0	.6759542	.1495237	.174522	0
804.15	0	.6751476	.1504078	.1744446	0
803.15	0	.674366	.1512648	.1743693	0
802.15	0	.6736083	.1520959	.1742958	0
801.15	0	.6728734	.1529024	.1742242	0
800.15	0	.6721601	.1536855	.1741544	0
799.15	0	.6714676	.1544463	.1740861	0
798.15	0	.6707948	.1551858	.1740195	0
797.15	0	.6701408	.1559049	.1739543	0
796.15	0	.6695049	.1566046	.1738905	0
795.15	0	.6688862	.1572857	.1738281	0
794.15	0	.668284	.1579491	.1737669	0
793.15	0	.6676976	.1585954	.173707	0
792.15	0	.6671264	.1592255	.1736481	0
791.15	0	.6665697	.1598399	.1735904	0
790.15	0	.6660269	.1604394	.1735337	0
789.15	0	.6654975	.1610245	.173478	0
788.15	0	.6649809	.1615958	.1734233	0
787.15	0	.6644767	.1621539	.1733694	0
786.15	0	.6639843	.1626993	.1733164	0
785.15	0	.6635034	.1632324	.1732642	0
784.15	0	.6630334	.1637538	.1732128	0
783.15	0	.662574	.1642639	.1731622	0
782.15	0	.6621248	.164763	.1731122	0
781.15	0	.6616853	.1652517	.1730629	0
780.15	0	.6612554	.1657303	.1730143	0
779.15	0	.6608345	.1661992	.1729663	0
778.15	0	.6604224	.1666587	.1729189	0
777.15	0	.6600189	.1671091	.172872	0
776.15	0	.6596235	.1675509	.1728257	0
775.15	0	.6592361	.1679841	.1727798	0
774.15	0	.6588562	.1684093	.1727345	0
773.15	0	.6584838	.1688266	.1726896	0
772.15	0	.6581185	.1692363	.1726452	0
771.15	0	.6577619	.1696373	.1726008	0
770.15	0	.65741	.1700327	.1725573	0
769.15	0	.6570647	.1704212	.1725141	0
768.15	0	.6567256	.1708031	.1724713	0
767.15	0	.6563926	.1711785	.1724289	0
766.15	0	.6560655	.1715477	.1723868	0
765.15	0	.655744	.171911	.172345	0
764.15	0	.6554281	.1722683	.1723035	0
763.15	0	.6551176	.17262	.1722624	0
762.15	0	.6548122	.1729663	.1722215	0
761.15	0	.6545119	.1733072	.1721809	0
760.15	0	.6542165	.173643	.1721405	0
759.15	0	.6539258	.1739738	.1721004	0
758.15	0	.6536397	.1742998	.1720605	0
757.15	0	.6533581	.174621	.1720209	0
756.15	0	.6530809	.1749377	.1719814	0
755.15	0	.6528078	.17525	.1719422	0
754.15	0	.6525389	.175558	.1719032	0
753.15	0	.6522739	.1758618	.1718643	0
752.15	0	.6520129	.1761615	.1718256	0
751.15	0	.6517556	.1764573	.1717871	0
750.15	0	.6515019	.1767493	.1717488	0
749.15	0	.6512518	.1770376	.1717106	0
748.15	0	.6510053	.1773222	.1716725	0
747.15	0	.650762	.1776033	.1716346	0
746.15	0	.6505221	.177881	.1715969	0
745.15	0	.6502854	.1781554	.1715592	0
744.15	0	.6500518	.1784265	.1715217	0
743.15	0	.6498213	.1786945	.1714843	0
742.15	0	.6495937	.1789593	.171447	0
741.15	0	.649369	.1792212	.1714098	0
740.15	0	.6491471	.1794802	.1713727	0
739.15	0	.648928	.1797363	.1713357	0
738.15	0	.6487115	.1799897	.1712988	0
737.15	0	.6484977	.1802404	.1712619	0
736.15	0	.6482864	.1804884	.1712252	0
735.15	0	.6480776	.1807339	.1711885	0
734.15	0	.6478713	.1809768	.1711519	0
733.15	0	.6476673	.1812174	.1711154	0
732.15	0	.6474656	.1814555	.1710789	0
731.15	0	.6472662	.1816914	.1710425	0
730.15	0	.647069	.1819249	.1710061	0
729.15	0	.6468739	.1821563	.1709698	0
728.15	0	.646681	.1823855	.1709335	0
727.15	0	.6464901	.1826125	.1708973	0
726.15	0	.6463013	.1828376	.1708611	0
725.15	0	.6461144	.1830606	.170825	0
724.15	0	.6459295	.1832816	.1707889	0
723.15	0	.6457464	.1835007	.1707528	0
722.15	0	.6455652	.183718	.1707168	0
721.15	0	.6453858	.1839334	.1706808	0
720.15	0	.6452082	.184147	.1706448	0
719.15	0	.6450323	.1843588	.1706089	0
718.15	0	.6448581	.184569	.170573	0
717.15	0	.6446855	.1847774	.1705371	0
716.15	0	.6445146	.1849842	.1705012	0
715.15	0	.6443453	.1851894	.1704653	0
714.15	0	.6441775	.1853931	.1704295	0
713.15	0	.6440112	.1855951	.1703936	0
712.15	0	.6438465	.1857957	.1703578	0
711.15	0	.6436832	.1859948	.170322	0
710.15	0	.6435214	.1861925	.1702862	0
709.15	0	.6433609	.1863887	.1702504	0
708.15	0	.6432019	.1865835	.1702146	0
707.15	0	.6430442	.186777	.1701788	0
706.15	0	.6428879	.1869692	.170143	0
705.15	0	.6427328	.18716	.1701072	0
704.15	0	.642579	.1873496	.1700714	0
703.15	0	.6424265	.1875379	.1700356	0
702.15	0	.6422752	.1877249	.1699998	0
701.15	0	.6421252	.1879108	.169964	0
700.15	0	.6419763	.1880954	.1699282	0
699.15	0	.6418286	.1882789	.1698924	0
698.15	0	.6416821	.1884613	.1698566	0
697.15	0	.6415366	.1886425	.1698208	0
696.15	0	.6413923	.1888227	.169785	0
695.15	0	.6412491	.1890017	.1697492	0
694.15	0	.6411069	.1891797	.1697134	0
693.15	0	.6409658	.1893567	.1696775	0
692.15	0	.6408258	.1895326	.1696417	0
691.15	0	.6406867	.1897075	.1696058	0
690.15	0	.6405487	.1898814	.1695699	0
689.15	0	.6404116	.1900544	.169534	0
688.15	0	.6402755	.1902264	.1694982	0
687.15	0	.6401403	.1903974	.1694622	0
686.15	0	.6400061	.1905676	.1694263	0
685.15	0	.6398728	.1907368	.1693904	0
684.15	0	.6397405	.1909051	.1693545	0
683.15	0	.639609	.1910726	.1693185	0
682.15	0	.6394783	.1912391	.1692825	0
681.15	0	.6393486	.1914049	.1692465	0
680.15	0	.6392197	.1915698	.1692105	0
679.15	0	.6390917	.1917338	.1691745	0
678.15	0	.6389644	.1918971	.1691385	0
677.15	0	.638838	.1920596	.1691025	0
676.15	0	.6387124	.1922212	.1690664	0
675.15	0	.6385876	.1923821	.1690303	0
674.15	0	.6384635	.1925423	.1689942	0
673.15	0	.6383403	.1927016	.1689581	0
672.15	0	.6382177	.1928603	.168922	0
671.15	0	.638096	.1930182	.1688859	0
670.15	0	.6379749	.1931754	.1688497	0
669.15	0	.6378546	.1933318	.1688136	0
668.15	0	.637735	.1934876	.1687774	0
667.15	0	.6376161	.1936427	.1687412	0
666.15	0	.6374979	.1937971	.168705	0
665.15	0	.6373804	.1939508	.1686688	0
664.15	0	.6372636	.1941039	.1686325	0
663.15	0	.6371475	.1942563	.1685963	0
662.15	0	.637032	.1944081	.16856	0
661.15	0	.6369171	.1945592	.1685237	0
660.15	0	.6368029	.1947097	.1684874	0
659.15	0	.6366893	.1948596	.1684511	0
658.15	0	.6365764	.1950088	.1684148	0
657.15	0	.6364641	.1951575	.1683784	0
656.15	0	.6363524	.1953056	.1683421	0
655.15	0	.6362413	.195453	.1683057	0
654.15	0	.6361307	.1955999	.1682693	0
653.15	0	.6360208	.1957462	.1682329	0
652.15	0	.6359115	.195892	.1681965	0
651.15	0	.6358027	.1960371	.1681601	0
650.15	0	.6356946	.1961818	.1681237	0
649.15	0	.6355869	.1963258	.1680872	0
648.15	0	.6354799	.1964694	.1680508	0
647.15	0	.6353733	.1966123	.1680143	0
646.15	0	.6352674	.1967548	.1679778	0
645.15	0	.6351619	.1968967	.1679414	0
644.15	0	.635057	.1970381	.1679049	0
643.15	0	.6349526	.197179	.1678684	0
642.15	0	.6348488	.1973194	.1678318	0
641.15	0	.6347454	.1974592	.1677953	0
640.15	0	.6346426	.1975986	.1677588	0
639.15	0	.6345403	.1977375	.1677223	0
638.15	0	.6344384	.1978759	.1676857	0
637.15	0	.6343371	.1980138	.1676492	0
636.15	0	.6342363	.1981512	.1676126	0
635.15	0	.6341359	.1982881	.167576	0
634.15	0	.634036	.1984246	.1675394	0
633.15	0	.6339366	.1985606	.1675029	0
632.15	0	.6338377	.1986961	.1674663	0
631.15	0	.6337392	.1988311	.1674297	0
630.15	0	.6336412	.1989657	.1673931	0
629.15	0	.6335436	.1990999	.1673565	0
628.15	0	.6334465	.1992336	.1673199	0
627.15	0	.6333498	.1993669	.1672833	0
626.15	0	.6332536	.1994997	.1672467	0
625.15	0	.6331579	.1996321	.1672101	0
624.15	0	.6330625	.199764	.1671735	0
623.15	0	.6329676	.1998956	.1671368	0
622.15	0	.6328731	.2000267	.1671002	0
621.15	0	.6327791	.2001573	.1670636	0
620.15	0	.6326854	.2002876	.167027	0
619.15	0	.6325922	.2004174	.1669904	0
618.15	0	.6324994	.2005468	.1669538	0
617.15	0	.632407	.2006758	.1669172	0
616.15	0	.632315	.2008044	.1668806	0
615.15	0	.6322235	.2009326	.166844	0
614.15	0	.6321323	.2010604	.1668074	0
613.15	0	.6320415	.2011877	.1667708	0
612.15	0	.6319511	.2013147	.1667342	0
611.15	0	.6318611	.2014413	.1666976	0
610.15	0	.6317715	.2015675	.166661	0
609.15	0	.6316823	.2016933	.1666245	0
608.15	0	.6315934	.2018187	.1665879	0
607.15	0	.631505	.2019437	.1665513	0
606.15	0	.6314169	.2020683	.1665148	0
605.15	0	.6313292	.2021926	.1664783	0
604.15	0	.6312418	.2023165	.1664417	0
603.15	0	.6311548	.20244	.1664052	0
602.15	0	.6310682	.2025631	.1663687	0
601.15	0	.630982	.2026858	.1663322	0
600.15	0	.6308961	.2028082	.1662957	0
599.15	0	.6308106	.2029302	.1662593	0
598.15	0	.6307254	.2030518	.1662228	0
597.15	0	.6306406	.2031731	.1661863	0
596.15	0	.6305561	.203294	.1661499	0
595.15	0	.630472	.2034145	.1661135	0
594.15	0	.6303882	.2035347	.1660771	0
593.15	0	.6303048	.2036545	.1660407	0
592.15	0	.6302217	.203774	.1660043	0
591.15	0	.630139	.2038931	.165968	0
590.15	0	.6300565	.2040118	.1659316	0
589.15	0	.6299745	.2041302	.1658953	0
588.15	0	.6298927	.2042483	.165859	0
587.15	0	.6298113	.2043659	.1658228	0
586.15	0	.6297303	.2044833	.1657865	0
585.15	0	.6296495	.2046003	.1657503	0
584.15	0	.6295691	.2047169	.165714	0
583.15	0	.629489	.2048332	.1656778	0
582.15	0	.6294092	.2049491	.1656417	0
581.15	0	.6293298	.2050647	.1656055	0
580.15	0	.6292506	.20518	.1655694	0
579.15	0	.6291718	.2052949	.1655333	0
578.15	0	.6290933	.2054095	.1654972	0
577.15	0	.6290151	.2055237	.1654612	0
576.15	0	.6289372	.2056376	.1654252	0
575.15	0	.6288597	.2057512	.1653892	0
574.15	0	.6287824	.2058644	.1653532	0
573.15	0	.6287055	.2059773	.1653173	0
572.15	0	.6286288	.2060898	.1652814	0
571.15	0	.6285525	.2062021	.1652455	0
570.15	0	.6284764	.2063139	.1652096	0
569.15	0	.6284007	.2064255	.1651738	0
568.15	0	.6283253	.2065367	.165138	0
567.15	0	.6282502	.2066476	.1651023	0
566.15	0	.6281753	.2067581	.1650666	0
565.15	0	.6281008	.2068684	.1650309	0
564.15	0	.6280265	.2069783	.1649952	0
563.15	0	.6279526	.2070878	.1649596	0
562.15	0	.6278789	.2071971	.164924	0
561.15	0	.6278056	.207306	.1648885	0
560.15	0	.6277325	.2074146	.1648529	0
559.15	0	.6276597	.2075228	.1648175	0
558.15	0	.6275872	.2076308	.1647821	0
557.15	0	.627515	.2077384	.1647466	0
556.15	0	.6274431	.2078457	.1647113	0
555.15	0	.6273714	.2079526	.164676	0
554.15	0	.6273	.2080593	.1646407	0
553.15	0	.627229	.2081656	.1646055	0
552.15	0	.6271582	.2082715	.1645703	0
551.15	0	.6270876	.2083772	.1645351	0
550.15	0	.6270174	.2084826	.1645	0
549.15	0	.6269474	.2085876	.164465	0
548.15	0	.6268778	.2086923	.16443	0
547.15	0	.6268083	.2087967	.164395	0
546.15	0	.6267392	.2089007	.1643601	0
545.15	0	.6266703	.2090045	.1643252	0
544.15	0	.6266018	.2091079	.1642904	0
543.15	0	.6265334	.209211	.1642556	0
542.15	0	.6264654	.2093138	.1642208	0
541.15	0	.6263976	.2094162	.1641862	0
540.15	0	.6263301	.2095184	.1641515	0
539.15	0	.6262629	.2096202	.1641169	0
538.15	0	.6261959	.2097217	.1640824	0
537.15	0	.6261292	.2098229	.1640479	0
536.15	0	.6260628	.2099238	.1640135	0
535.15	0	.6259966	.2100243	.1639791	0
534.15	0	.6259307	.2101245	.1639448	0
533.15	0	.625865	.2102245	.1639105	0
532.15	0	.6257996	.210324	.1638763	0
531.15	0	.6257345	.2104233	.1638422	0
530.15	0	.6256697	.2105223	.1638081	0
529.15	0	.6256051	.2106209	.163774	0
528.15	0	.6255407	.2107192	.16374	0
527.15	0	.6254766	.2108173	.1637061	0
526.15	0	.6254128	.2109149	.1636722	0
525.15	0	.6253493	.2110123	.1636384	0
524.15	0	.6252859	.2111094	.1636047	0
523.15	0	.6252229	.2112061	.163571	0
522.15	0	.6251601	.2113025	.1635374	0
521.15	0	.6250976	.2113986	.1635038	0
520.15	0	.6250353	.2114944	.1634703	0
519.15	0	.6249732	.2115899	.1634369	0
518.15	0	.6249115	.211685	.1634035	0
517.15	0	.6248501	.2117799	.1633701	0
516.15	0	.6247888	.2118744	.1633368	0
515.15	0	.6247278	.2119686	.1633037	0
514.15	0	.624667	.2120625	.1632706	0
513.15	0	.6246065	.212156	.1632375	0
512.15	0	.6245462	.2122493	.1632045	0
511.15	0	.6244862	.2123422	.1631716	0
510.15	0	.6244264	.2124348	.1631388	0
509.15	0	.6243669	.2125271	.163106	0
508.15	0	.6243076	.2126191	.1630733	0
507.15	0	.6242486	.2127107	.1630407	0
506.15	0	.6241898	.2128021	.1630081	0
505.15	0	.6241313	.2128931	.1629757	0
504.15	0	.624073	.2129838	.1629432	0
503.15	0	.6240149	.2130742	.1629109	0
502.15	0	.6239571	.2131643	.1628786	0
501.15	0	.6238995	.213254	.1628465	0
500.15	0	.6238422	.2133434	.1628143	0
499.15	0	.6237852	.2134325	.1627823	0
498.15	0	.6237283	.2135213	.1627503	0
497.15	0	.6236717	.2136098	.1627185	0
496.15	0	.6236154	.213698	.1626866	0
495.15	0	.6235593	.2137858	.1626549	0
494.15	0	.6235034	.2138733	.1626233	0
493.15	0	.6234478	.2139605	.1625917	0
492.15	0	.6233924	.2140474	.1625602	0
491.15	0	.6233373	.2141339	.1625288	0
490.15	0	.6232824	.2142202	.1624975	0
489.15	0	.6232277	.2143061	.1624662	0
488.15	0	.6231733	.2143917	.1624351	0
487.15	0	.6231191	.2144769	.162404	0
486.15	0	.6230651	.2145619	.162373	0
485.15	0	.6230114	.2146465	.1623421	0
484.15	0	.6229579	.2147308	.1623113	0
483.15	0	.6229047	.2148148	.1622805	0
482.15	0	.6228517	.2148985	.1622499	0
481.15	0	.6227989	.2149818	.1622193	0
480.15	0	.6227464	.2150648	.1621888	0
479.15	0	.6226941	.2151475	.1621584	0
478.15	0	.622642	.2152299	.1621281	0
477.15	0	.6225902	.215312	.1620979	0
476.15	0	.6225386	.2153937	.1620678	0
475.15	0	.6224872	.2154751	.1620377	0
474.15	0	.6224361	.2155562	.1620078	0
473.15	0	.6223852	.2156369	.1619779	0
472.15	0	.6223345	.2157174	.1619482	0
471.15	0	.622284	.2157975	.1619185	0
470.15	0	.6222338	.2158773	.1618889	0
469.15	0	.6221838	.2159567	.1618594	0
468.15	0	.6221341	.2160359	.1618301	0
467.15	0	.6220846	.2161147	.1618008	0
466.15	0	.6220353	.2161931	.1617716	0
465.15	0	.6219862	.2162713	.1617424	0
464.15	0	.6219374	.2163491	.1617134	0
463.15	0	.6218888	.2164267	.1616845	0
462.15	0	.6218405	.2165038	.1616557	0
461.15	0	.6217923	.2165807	.161627	0
460.15	0	.6217444	.2166572	.1615984	0
459.15	0	.6216967	.2167334	.1615698	0
458.15	0	.6216493	.2168093	.1615414	0
457.15	0	.621602	.2168849	.1615131	0
456.15	0	.621555	.2169601	.1614849	0
455.15	0	.6215083	.217035	.1614568	0
454.15	0	.6214617	.2171095	.1614287	0
453.15	0	.6214154	.2171838	.1614008	0
452.15	0	.6213693	.2172577	.161373	0
451.15	0	.6213234	.2173313	.1613453	0
450.15	0	.6212778	.2174046	.1613177	0
449.15	0	.6212324	.2174774	.1612902	0
448.15	0	.6211872	.21755	.1612628	0
447.15	0	.6211423	.2176222	.1612355	0
446.15	0	.6210976	.217694	.1612084	0
445.15	0	.6210532	.2177655	.1611813	0
444.15	0	.6210089	.2178367	.1611544	0
443.15	0	.620965	.2179075	.1611276	0
442.15	0	.6209212	.2179779	.1611009	0
441.15	0	.6208778	.218048	.1610743	0
440.15	0	.6208345	.2181176	.1610478	0
439.15	0	.6207916	.2181869	.1610215	0
438.15	0	.6207488	.2182559	.1609953	0
437.15	0	.6207064	.2183244	.1609692	0
436.15	0	.6206642	.2183926	.1609432	0
435.15	0	.6206222	.2184604	.1609174	0
434.15	0	.6205805	.2185278	.1608917	0
433.15	0	.6205391	.2185948	.1608661	0
432.15	0	.620498	.2186614	.1608407	0
431.15	0	.6204571	.2187276	.1608154	0
430.15	0	.6204164	.2187934	.1607902	0
429.15	0	.6203761	.2188587	.1607652	0
428.15	0	.620336	.2189237	.1607403	0
427.15	0	.6202962	.2189883	.1607156	0
426.15	0	.6202566	.2190525	.1606909	0
425.15	0	.6202173	.2191162	.1606665	0
424.15	0	.6201783	.2191796	.1606421	0
423.15	0	.6201396	.2192425	.160618	0
422.15	0	.6201011	.219305	.1605939	0
421.15	0	.6200629	.2193671	.16057	0
420.15	0	.620025	.2194288	.1605462	0
419.15	0	.6199873	.2194901	.1605226	0
418.15	0	.6199499	.2195509	.1604992	0
417.15	0	.6199128	.2196114	.1604758	0
416.15	0	.619876	.2196714	.1604527	0
415.15	0	.6198394	.219731	.1604296	0
414.15	0	.6198031	.2197902	.1604067	0
413.15	0	.619767	.219849	.160384	0
412.15	0	.6197313	.2199073	.1603614	0
411.15	0	.6196958	.2199653	.160339	0
410.15	0	.6196606	.2200228	.1603167	0
409.15	0	.6196256	.2200799	.1602945	0
408.15	0	.6195909	.2201366	.1602725	0
407.15	0	.6195565	.2201929	.1602507	0
406.15	0	.6195223	.2202488	.160229	0
405.15	0	.6194884	.2203042	.1602074	0
404.15	0	.6194547	.2203593	.160186	0
403.15	0	.6194214	.2204139	.1601647	0
402.15	0	.6193882	.2204681	.1601436	0
401.15	0	.6193554	.220522	.1601227	0
400.15	0	.6193228	.2205754	.1601019	0
399.15	0	.6192904	.2206284	.1600812	0
398.15	0	.6192583	.220681	.1600607	0
397.15	0	.6192265	.2207332	.1600403	0
396.15	0	.6191949	.220785	.1600201	0
395.15	0	.6191635	.2208364	.16	0
394.15	0	.6191325	.2208874	.1599801	0
393.15	0	.6191016	.2209381	.1599603	0
392.15	0	.619071	.2209883	.1599407	0
391.15	0	.6190407	.2210381	.1599212	0
390.15	0	.6190105	.2210876	.1599019	0
389.15	0	.6189807	.2211366	.1598827	0
388.15	0	.618951	.2211853	.1598637	0
387.15	0	.6189216	.2212336	.1598448	0
386.15	0	.6188925	.2212815	.159826	0
385.15	0	.6188636	.2213291	.1598074	0
384.15	0	.6188349	.2213762	.1597889	0
383.15	0	.6188064	.221423	.1597706	0
382.15	0	.6187782	.2214694	.1597524	0
381.15	0	.6187501	.2215155	.1597344	0
380.15	0	.6187224	.2215611	.1597165	0
379.15	0	.6186948	.2216065	.1596988	0
378.15	0	.6186675	.2216514	.1596812	0
377.15	0	.6186403	.221696	.1596637	0
376.15	0	.6186134	.2217402	.1596464	0
375.15	0	.6185867	.2217841	.1596292	0
374.15	0	.6185603	.2218276	.1596121	0
373.15	0	.618534	.2218708	.1595952	0
372.15	0	.6185079	.2219136	.1595784	0
371.15	0	.6184821	.2219561	.1595618	0
370.15	0	.6184564	.2219983	.1595453	0
369.15	0	.618431	.2220401	.159529	0
368.15	0	.6184057	.2220815	.1595127	0
367.15	0	.6183807	.2221227	.1594967	0
366.15	0	.6183558	.2221635	.1594807	0
365.15	0	.6183312	.2222039	.1594649	0
364.15	0	.6183067	.2222441	.1594492	0
363.15	0	.6182825	.2222839	.1594336	0
362.15	0	.6182584	.2223234	.1594182	0
361.15	0	.6182345	.2223626	.1594029	0
360.15	0	.6182108	.2224015	.1593878	0
359.15	0	.6181872	.22244	.1593728	0
358.2885	0	.6181671	.222473	.1593599	0
358.2885	0	.6181671	.222473	.1593599	0
358.2885	0	.6181671	.222473	.1593599	0
358.15	0	.6181947	.2224045	.1593236	7.727657E-05
357.15	0	.6183935	.2219104	.1590612	6.348768E-04
356.15	0	.6185922	.2214166	.1587993	.001191933
355.15	0	.6187907	.220923	.1585378	.001748448
354.15	0	.6189891	.2204296	.1582768	.002304427
353.15	0	.6191874	.2199366	.1580162	.002859872
352.15	0	.6193855	.2194437	.157756	.003414788
351.15	0	.6195834	.2189511	.1574963	.003969178
350.15	0	.6197813	.2184587	.157237	.004523045
349.15	0	.6199789	.2179666	.1569781	.005076394
348.15	0	.6201765	.2174747	.1567196	.005629227
347.15	0	.6203739	.216983	.1564616	.006181547
346.15	0	.6205712	.2164916	.1562039	.006733359
345.15	0	.6207683	.2160003	.1559467	.007284665
344.15	0	.6209654	.2155093	.1556899	.007835469
343.15	0	.6211623	.2150184	.1554335	.008385774
342.15	0	.621359	.2145278	.1551776	.008935582
341.15	0	.6215557	.2140374	.154922	.009484898
340.15	0	.6217522	.2135472	.1546668	.01003372
339.15	0	.6219486	.2130572	.1544121	.01058206
338.15	0	.6221449	.2125674	.1541578	.01112992
337.15	0	.6223411	.2120778	.1539038	.01167729
336.15	0	.6225372	.2115883	.1536503	.01222419
335.15	0	.6227332	.2110991	.1533971	.01277061
334.15	0	.622929	.21061	.1531444	.01331656
333.15	0	.6231248	.2101211	.1528921	.01386203
332.15	0	.6233204	.2096324	.1526401	.01440704
331.15	0	.623516	.2091439	.1523886	.01495159
330.15	0	.6237114	.2086555	.1521374	.01549567
329.15	0	.6239067	.2081673	.1518867	.0160393
328.15	0	.624102	.2076793	.1516363	.01658247
327.15	0	.6242971	.2071914	.1513863	.01712518
326.15	0	.6244921	.2067037	.1511367	.01766744
325.15	0	.6246871	.2062162	.1508875	.01820926
324.15	0	.6248819	.2057288	.1506387	.01875062
323.15	0	.6250766	.2052416	.1503902	.01929154
322.15	0	.6252713	.2047545	.1501422	.01983202
