T	 BPW(LIQUID)	BPW(BCC_A2)	BPW(FCC_A1)	BPW(LAVES_PHASE_C14)	BPW(NI3TI)
1473.15	.5881149	.4118851	0	0	0
1472.15	.5843561	.4156439	0	0	0
1471.15	.5806211	.4193789	0	0	0
1470.15	.5769097	.4230903	0	0	0
1469.15	.5732217	.4267783	0	0	0
1468.15	.5695571	.4304429	0	0	0
1467.15	.5659157	.4340843	0	0	0
1466.15	.5622973	.4377027	0	0	0
1465.15	.5587017	.4412983	0	0	0
1464.15	.5551288	.4448712	0	0	0
1463.15	.5515785	.4484215	0	0	0
1462.15	.5480507	.4519493	0	0	0
1461.15	.5445451	.4554549	0	0	0
1460.15	.5410616	.4589384	0	0	0
1459.15	.5376002	.4623998	0	0	0
1458.15	.5341606	.4658394	0	0	0
1457.15	.5307427	.4692573	0	0	0
1456.15	.5273464	.4726536	0	0	0
1455.15	.5239716	.4760284	0	0	0
1454.15	.520618	.479382	0	0	0
1453.15	.5172856	.4827144	0	0	0
1452.15	.5139743	.4860257	0	0	0
1451.15	.5106838	.4893162	0	0	0
1450.15	.5074141	.4925859	0	0	0
1449.15	.504165	.495835	0	0	0
1448.15	.5009365	.4990635	0	0	0
1447.15	.4977283	.5022717	0	0	0
1446.15	.4945403	.5054597	0	0	0
1445.15	.4913725	.5086275	0	0	0
1444.15	.4882247	.5117754	0	0	0
1443.15	.4850967	.5149033	0	0	0
1442.15	.4819884	.5180116	0	0	0
1441.15	.4788998	.5211002	0	0	0
1440.15	.4758306	.5241694	0	0	0
1439.15	.4727808	.5272192	0	0	0
1438.15	.4697502	.5302498	0	0	0
1437.15	.4667388	.5332612	0	0	0
1436.15	.4637463	.5362537	0	0	0
1435.15	.4607728	.5392272	0	0	0
1434.15	.4578179	.5421821	0	0	0
1433.474	.4558318	.5441682	0	0	0
1433.474	.4558318	.5441682	0	0	0
1433.474	.4558318	.5441682	0	0	0
1433.15	.4542225	.5452061	0	5.713321E-04	0
1432.15	.4493038	.548376	0	.002320213	0
1431.15	.4444507	.5514997	0	.004049609	0
1430.15	.4396621	.554578	0	.005759921	0
1429.15	.4349365	.557612	0	.007451541	0
1428.15	.4302728	.5606024	0	.009124848	0
1427.15	.4256696	.5635502	0	.01078021	0
1426.15	.4211259	.5664561	0	.012418	0
1425.15	.4166405	.5693209	0	.01403855	0
1424.15	.4122122	.5721456	0	.01564221	0
1423.15	.4078399	.5749307	0	.01722933	0
1422.15	.4035226	.5776772	0	.01880021	0
1421.15	.3992592	.5803857	0	.02035518	0
1420.15	.3950486	.5830568	0	.02189454	0
1419.15	.39089	.5856915	0	.0234186	0
1418.15	.3867822	.5882902	0	.02492766	0
1417.15	.3827243	.5908537	0	.02642199	0
1416.15	.3787155	.5933826	0	.02790187	0
1415.15	.3747548	.5958776	0	.02936759	0
1414.15	.3708414	.5983392	0	.0308194	0
1413.15	.3669743	.6007681	0	.03225756	0
1412.15	.3631527	.603165	0	.03368233	0
1411.15	.3593758	.6055302	0	.03509396	0
1410.15	.3556429	.6078645	0	.03649268	0
1409.15	.351953	.6101683	0	.03787872	0
1408.15	.3483055	.6124422	0	.03925233	0
1407.15	.3446995	.6146868	0	.04061372	0
1406.15	.3411344	.6169024	0	.04196312	0
1405.15	.3376095	.6190898	0	.04330073	0
1404.15	.334124	.6212493	0	.04462677	0
1403.15	.3306772	.6233814	0	.04594144	0
1402.15	.3272685	.6254865	0	.04724493	0
1401.15	.3238973	.6275652	0	.04853746	0
1400.15	.3205629	.629618	0	.0498192	0
1399.15	.3172645	.6316451	0	.05109034	0
1398.15	.3140018	.6336471	0	.05235106	0
1397.15	.310774	.6356244	0	.05360155	0
1396.15	.3075806	.6375774	0	.05484197	0
1395.15	.304421	.6395066	0	.0560725	0
1394.15	.3012945	.6414122	0	.0572933	0
1393.15	.2982008	.6432947	0	.05850454	0
1392.15	.2951392	.6451544	0	.05970637	0
1391.15	.2921092	.6469918	0	.06089895	0
1390.15	.2891104	.6488072	0	.06208243	0
1389.15	.2861421	.650601	0	.06325697	0
1388.15	.2832039	.6523734	0	.0644227	0
1387.15	.2802953	.6541249	0	.06557978	0
1386.15	.2774159	.6558558	0	.06672834	0
1385.15	.2745651	.6575663	0	.06786851	0
1384.15	.2717426	.659257	0	.06900044	0
1383.15	.2689479	.6609279	0	.07012425	0
1382.15	.2661805	.6625795	0	.07124007	0
1381.15	.2634399	.664212	0	.07234803	0
1380.15	.2607259	.6658258	0	.07344825	0
1379.15	.258038	.6674212	0	.07454085	0
1378.15	.2553758	.6689983	0	.07562595	0
1377.15	.2527388	.6705576	0	.07670367	0
1376.15	.2501267	.6720992	0	.07777411	0
1375.15	.2475392	.6736235	0	.07883739	0
1374.15	.2449757	.6751306	0	.07989363	0
1373.15	.2424361	.676621	0	.08094292	0
1372.15	.2399199	.6780948	0	.08198537	0
1371.15	.2374267	.6795522	0	.08302108	0
1370.15	.2349563	.6809935	0	.08405016	0
1369.15	.2325083	.682419	0	.08507269	0
1368.15	.2300823	.6838289	0	.08608879	0
1367.15	.227678	.6852234	0	.08709854	0
1366.15	.2252952	.6866028	0	.08810204	0
1365.15	.2229334	.6879672	0	.08909938	0
1364.15	.2205925	.6893169	0	.09009064	0
1363.15	.218272	.6906521	0	.09107592	0
1362.15	.2159717	.691973	0	.0920553	0
1361.15	.2136914	.6932798	0	.09302887	0
1360.15	.2114306	.6945727	0	.0939967	0
1359.15	.2091892	.6958519	0	.09495888	0
1358.15	.2069668	.6971177	0	.0959155	0
1357.15	.2047632	.6983702	0	.09686662	0
1356.15	.2025782	.6996095	0	.09781233	0
1355.15	.2004114	.7008359	0	.09875269	0
1354.15	.1982626	.7020496	0	.09968779	0
1353.15	.1961316	.7032507	0	.1006177	0
1352.15	.194018	.7044395	0	.1015425	0
1351.15	.1919218	.705616	0	.1024622	0
1350.15	.1898426	.7067805	0	.103377	0
1349.15	.1877801	.7079331	0	.1042868	0
1348.15	.1857343	.709074	0	.1051918	0
1347.15	.1837047	.7102033	0	.106092	0
1346.15	.1816913	.7113212	0	.1069875	0
1345.15	.1796938	.7124279	0	.1078783	0
1344.15	.1777119	.7135236	0	.1087645	0
1343.15	.1757456	.7146082	0	.1096462	0
1342.15	.1737945	.7156821	0	.1105234	0
1341.15	.1718584	.7167454	0	.1113962	0
1340.15	.1699372	.7177982	0	.1122647	0
1339.15	.1680307	.7188406	0	.1131288	0
1338.15	.1661386	.7198728	0	.1139887	0
1337.15	.1642608	.7208949	0	.1148444	0
1336.15	.1623971	.721907	0	.1156959	0
1335.15	.1605472	.7229094	0	.1165434	0
1334.15	.1587111	.723902	0	.1173869	0
1333.15	.1568886	.7248851	0	.1182263	0
1332.15	.1550794	.7258588	0	.1190618	0
1331.15	.1532834	.7268231	0	.1198935	0
1330.15	.1515004	.7277783	0	.1207213	0
1329.15	.1497303	.7287244	0	.1215453	0
1328.15	.1479729	.7296616	0	.1223656	0
1327.15	.146228	.7305899	0	.1231822	0
1326.15	.1444954	.7315095	0	.1239951	0
1325.15	.1427751	.7324205	0	.1248044	0
1324.15	.1410668	.733323	0	.1256102	0
1323.15	.1393705	.7342171	0	.1264124	0
1322.15	.1376859	.7351029	0	.1272112	0
1321.15	.1360129	.7359806	0	.1280066	0
1320.15	.1343513	.7368502	0	.1287985	0
1319.15	.1327011	.7377118	0	.1295871	0
1318.15	.131062	.7385656	0	.1303724	0
1317.15	.129434	.7394116	0	.1311544	0
1316.15	.1278169	.7402499	0	.1319332	0
1315.15	.1262106	.7410806	0	.1327088	0
1314.15	.1246149	.7419039	0	.1334812	0
1313.15	.1230297	.7427198	0	.1342506	0
1312.15	.1214549	.7435284	0	.1350168	0
1311.15	.1198903	.7443298	0	.13578	0
1310.15	.1183358	.745124	0	.1365401	0
1309.495	.1173237	.7456402	0	.1370361	0
1309.495	.1173237	.7456402	0	.1370361	0
1309.495	.1173237	.7456402	0	.1370361	0
1309.15	.1146223	.7446005	.003234793	.1375424	0
1308.15	.1068096	.7416339	.01255786	.1389987	0
1307.15	.09900957	.7387319	.02181793	.1404406	0
1306.15	.09122183	.7358939	.03101593	.1418684	0
1305.15	.08344588	.7331191	.04015274	.1432822	0
1304.15	.07568127	.7304071	.04922926	.1446823	0
1303.15	.06792755	.7277573	.05824634	.1460689	0
1302.15	.06018431	.7251689	.06720486	.147442	0
1301.15	.0524511	.7226414	.07610564	.1488019	0
1300.15	.04472751	.7201743	.08494952	.1501487	0
1299.15	.03700127	.7177653	.09374944	.151484	0
1298.15	.02929568	.7154172	.1024819	.1528052	0
1297.15	.0215985	.7131278	.1111599	.1541139	0
1296.15	.01390936	.7108964	.1197841	.1554101	0
1295.15	.006227876	.7087226	.1283554	.1566941	0
1294.339	0	.7070005	.1352723	.1577272	0
1294.339	0	.7070005	.1352723	.1577272	0
1294.15	0	.7067435	.135437	.1578194	0
1293.15	0	.705383	.1363091	.1583079	0
1292.15	0	.7040264	.1371785	.1587951	0
1291.15	0	.7026739	.1380452	.1592809	0
1290.15	0	.7013254	.1389093	.1597654	0
1289.15	0	.6999808	.1397706	.1602486	0
1288.15	0	.6986402	.1406293	.1607305	0
1287.15	0	.6973036	.1414854	.161211	0
1286.15	0	.6959709	.1423387	.1616903	0
1285.15	0	.6946422	.1431895	.1621683	0
1284.15	0	.6933175	.1440375	.162645	0
1283.15	0	.6919966	.144883	.1631204	0
1282.15	0	.6906797	.1457258	.1635945	0
1281.15	0	.6893666	.146566	.1640674	0
1280.15	0	.6880575	.1474035	.164539	0
1279.15	0	.6867522	.1482384	.1650093	0
1278.15	0	.6854509	.1490708	.1654784	0
1277.15	0	.6841533	.1499005	.1659462	0
1276.15	0	.6828597	.1507276	.1664128	0
1275.15	0	.6815698	.1515521	.1668781	0
1274.15	0	.6802838	.152374	.1673422	0
1273.15	0	.6790017	.1531933	.167805	0
1272.15	0	.6777233	.15401	.1682666	0
1271.15	0	.6764488	.1548242	.168727	0
1270.15	0	.675178	.1556357	.1691862	0
1269.15	0	.6739111	.1564448	.1696442	0
1268.15	0	.6726479	.1572512	.1701009	0
1267.15	0	.6713885	.1580551	.1705565	0
1266.15	0	.6701328	.1588564	.1710108	0
1265.15	0	.6688809	.1596551	.171464	0
1264.15	0	.6676327	.1604513	.171916	0
1263.15	0	.6663883	.161245	.1723667	0
1262.15	0	.6651476	.1620361	.1728163	0
1261.15	0	.6639105	.1628247	.1732647	0
1260.15	0	.6626772	.1636108	.173712	0
1259.15	0	.6614476	.1643943	.1741581	0
1258.15	0	.6602217	.1651753	.174603	0
1257.15	0	.6589995	.1659538	.1750467	0
1256.15	0	.6577809	.1667298	.1754893	0
1255.15	0	.656566	.1675032	.1759308	0
1254.15	0	.6553548	.1682742	.1763711	0
1253.15	0	.6541472	.1690426	.1768102	0
1252.15	0	.6529432	.1698086	.1772482	0
1251.15	0	.6517429	.170572	.1776851	0
1250.15	0	.6505462	.171333	.1781209	0
1249.15	0	.6493531	.1720914	.1785555	0
1248.15	0	.6481636	.1728474	.178989	0
1247.15	0	.6469777	.1736009	.1794214	0
1246.15	0	.6457954	.1743519	.1798527	0
1245.15	0	.6446167	.1751005	.1802829	0
1244.15	0	.6434415	.1758466	.180712	0
1243.15	0	.6422699	.1765902	.1811399	0
1242.15	0	.6411019	.1773313	.1815668	0
1241.15	0	.6399374	.17807	.1819926	0
1240.15	0	.6387765	.1788062	.1824173	0
1239.15	0	.6376191	.17954	.1828409	0
1238.15	0	.6364652	.1802713	.1832634	0
1237.15	0	.6353149	.1810002	.1836849	0
1236.15	0	.6341681	.1817267	.1841053	0
1235.15	0	.6330248	.1824506	.1845246	0
1234.15	0	.6318849	.1831722	.1849429	0
1233.15	0	.6307486	.1838913	.1853601	0
1232.15	0	.6296158	.184608	.1857762	0
1231.15	0	.6284864	.1853223	.1861913	0
1230.15	0	.6273605	.1860341	.1866054	0
1229.15	0	.6262381	.1867436	.1870184	0
1228.15	0	.6251191	.1874506	.1874303	0
1227.15	0	.6240036	.1881551	.1878412	0
1226.15	0	.6228916	.1888573	.1882511	0
1225.15	0	.6217829	.1895571	.18866	0
1224.15	0	.6206777	.1902544	.1890678	0
1223.15	0	.619576	.1909494	.1894747	0
1222.15	0	.6184776	.1916419	.1898805	0
1221.15	0	.6173827	.1923321	.1902852	0
1220.15	0	.6162912	.1930198	.190689	0
1219.15	0	.6152031	.1937052	.1910918	0
1218.15	0	.6141183	.1943881	.1914936	0
1217.15	0	.613037	.1950687	.1918943	0
1216.15	0	.611959	.1957469	.1922941	0
1215.15	0	.6108845	.1964227	.1926929	0
1214.15	0	.6098132	.1970961	.1930907	0
1213.15	0	.6087454	.1977671	.1934875	0
1212.15	0	.6076809	.1984358	.1938833	0
1211.15	0	.6066198	.1991021	.1942781	0
1210.15	0	.605562	.199766	.194672	0
1209.15	0	.6045076	.2004275	.1950649	0
1208.15	0	.6034565	.2010867	.1954568	0
1207.15	0	.6024087	.2017435	.1958478	0
1206.15	0	.6013643	.2023979	.1962378	0
1205.15	0	.6003231	.20305	.1966268	0
1204.15	0	.5992853	.2036997	.1970149	0
1203.15	0	.5982508	.2043471	.1974021	0
1202.15	0	.5972196	.2049921	.1977883	0
1201.15	0	.5961918	.2056347	.1981735	0
1200.15	0	.5951672	.206275	.1985578	0
1199.15	0	.5941458	.206913	.1989412	0
1198.15	0	.5931278	.2075486	.1993236	0
1197.15	0	.5921131	.2081818	.1997051	0
1196.15	0	.5911016	.2088127	.2000857	0
1195.15	0	.5900934	.2094412	.2004653	0
1194.15	0	.5890885	.2100675	.200844	0
1193.15	0	.5880868	.2106913	.2012219	0
1192.15	0	.5870884	.2113128	.2015988	0
1191.15	0	.5860933	.211932	.2019747	0
1190.15	0	.5851013	.2125489	.2023498	0
1189.15	0	.5841127	.2131634	.2027239	0
1188.15	0	.5831272	.2137756	.2030972	0
1187.15	0	.582145	.2143854	.2034696	0
1186.15	0	.5811661	.2149929	.203841	0
1185.15	0	.5801903	.2155981	.2042116	0
1184.15	0	.5792178	.216201	.2045812	0
1183.15	0	.5782485	.2168015	.20495	0
1182.15	0	.5772824	.2173997	.2053179	0
1181.15	0	.5763195	.2179956	.2056849	0
1180.15	0	.5753598	.2185891	.2060511	0
1179.15	0	.5744033	.2191803	.2064163	0
1178.15	0	.5734501	.2197692	.2067807	0
1177.15	0	.5725	.2203558	.2071442	0
1176.15	0	.5715531	.2209401	.2075069	0
1175.15	0	.5706094	.221522	.2078686	0
1174.15	0	.5696688	.2221016	.2082295	0
1173.15	0	.5687315	.2226789	.2085896	0
1172.15	0	.5677973	.2232539	.2089488	0
1171.15	0	.5668663	.2238266	.2093071	0
1170.15	0	.5659385	.2243969	.2096646	0
1169.15	0	.5650138	.2249649	.2100213	0
1168.15	0	.5640923	.2255307	.2103771	0
1167.15	0	.5631739	.2260941	.210732	0
1166.15	0	.5622587	.2266551	.2110861	0
1165.15	0	.5613467	.2272139	.2114394	0
1164.15	0	.5604378	.2277704	.2117918	0
1163.15	0	.559532	.2283245	.2121434	0
1162.15	0	.5586294	.2288764	.2124942	0
1161.15	0	.55773	.2294259	.2128441	0
1160.15	0	.5568336	.2299731	.2131933	0
1159.15	0	.5559404	.230518	.2135416	0
1158.15	0	.5550504	.2310606	.213889	0
1157.15	0	.5541635	.2316009	.2142357	0
1156.15	0	.5532796	.2321388	.2145815	0
1155.15	0	.552399	.2326745	.2149265	0
1154.15	0	.5515214	.2332079	.2152708	0
1153.15	0	.5506469	.2337389	.2156142	0
1152.15	0	.5497756	.2342676	.2159568	0
1151.15	0	.5489074	.2347941	.2162986	0
1150.15	0	.5480423	.2353182	.2166396	0
1149.15	0	.5471803	.2358399	.2169798	0
1148.15	0	.5463214	.2363594	.2173192	0
1147.15	0	.5454656	.2368766	.2176578	0
1146.15	0	.5446129	.2373915	.2179956	0
1145.15	0	.5437634	.237904	.2183326	0
1144.15	0	.5429169	.2384142	.2186689	0
1143.15	0	.5420735	.2389222	.2190043	0
1142.15	0	.5412332	.2394278	.219339	0
1141.15	0	.540396	.2399311	.2196729	0
1140.15	0	.5395619	.2404321	.220006	0
1139.15	0	.5387309	.2409307	.2203384	0
1138.15	0	.537903	.2414271	.2206699	0
1137.15	0	.5370781	.2419211	.2210007	0
1136.15	0	.5362564	.2424129	.2213308	0
1135.15	0	.5354377	.2429023	.22166	0
1134.15	0	.5346221	.2433894	.2219885	0
1133.15	0	.5338096	.2438741	.2223163	0
1132.15	0	.5330002	.2443566	.2226432	0
1131.15	0	.5321938	.2448367	.2229695	0
1130.15	0	.5313905	.2453145	.2232949	0
1129.15	0	.5305903	.2457901	.2236196	0
1128.15	0	.5297932	.2462632	.2239436	0
1127.15	0	.5289991	.2467341	.2242668	0
1126.15	0	.5282082	.2472026	.2245892	0
1125.15	0	.5274202	.2476688	.2249109	0
1124.15	0	.5266354	.2481327	.2252319	0
1123.15	0	.5258536	.2485943	.2255521	0
1122.15	0	.5250749	.2490535	.2258716	0
1121.15	0	.5242993	.2495104	.2261904	0
1120.15	0	.5235267	.2499649	.2265084	0
1119.15	0	.5227572	.2504172	.2268257	0
1118.15	0	.5219907	.2508671	.2271422	0
1117.15	0	.5212274	.2513146	.227458	0
1116.15	0	.5204671	.2517599	.2277731	0
1115.15	0	.5197098	.2522028	.2280874	0
1114.15	0	.5189556	.2526433	.2284011	0
1113.15	0	.5182045	.2530815	.228714	0
1112.15	0	.5174564	.2535174	.2290262	0
1111.15	0	.5167114	.253951	.2293376	0
1110.15	0	.5159695	.2543821	.2296484	0
1109.15	0	.5152306	.254811	.2299584	0
1108.15	0	.5144948	.2552375	.2302677	0
1107.15	0	.5137621	.2556616	.2305763	0
1106.15	0	.5130324	.2560834	.2308842	0
1105.15	0	.5123058	.2565029	.2311914	0
1104.15	0	.5115822	.25692	.2314978	0
1103.15	0	.5108617	.2573347	.2318036	0
1102.15	0	.5101443	.2577471	.2321087	0
1101.15	0	.5094299	.2581571	.232413	0
1100.15	0	.5087186	.2585647	.2327167	0
1099.15	0	.5080104	.25897	.2330196	0
1098.15	0	.5073052	.2593729	.2333219	0
1097.15	0	.5066031	.2597735	.2336234	0
1096.15	0	.505904	.2601717	.2339243	0
1095.15	0	.5052081	.2605675	.2342245	0
1094.15	0	.5045152	.2609609	.2345239	0
1093.15	0	.5038253	.261352	.2348227	0
1092.15	0	.5031385	.2617407	.2351208	0
1091.15	0	.5024548	.262127	.2354182	0
1090.15	0	.5017742	.2625109	.2357149	0
1089.15	0	.5010966	.2628924	.236011	0
1088.15	0	.5004222	.2632715	.2363063	0
1087.15	0	.4997508	.2636483	.236601	0
1086.15	0	.4990824	.2640227	.2368949	0
1085.15	0	.4984172	.2643946	.2371882	0
1084.15	0	.497755	.2647642	.2374808	0
1083.15	0	.4970959	.2651314	.2377728	0
1082.15	0	.4964398	.2654961	.2380641	0
1081.15	0	.4957869	.2658585	.2383546	0
1080.15	0	.495137	.2662184	.2386445	0
1079.15	0	.4944903	.266576	.2389338	0
1078.15	0	.4938466	.2669311	.2392224	0
1077.15	0	.493206	.2672838	.2395103	0
1076.15	0	.4925685	.2676341	.2397975	0
1075.15	0	.491934	.2679819	.240084	0
1074.15	0	.4913027	.2683274	.2403699	0
1073.15	0	.4906745	.2686704	.2406551	0
1072.15	0	.4900493	.269011	.2409397	0
1071.15	0	.4894273	.2693491	.2412236	0
1070.15	0	.4888084	.2696848	.2415068	0
1069.15	0	.4881925	.2700181	.2417894	0
1068.15	0	.4875798	.2703489	.2420713	0
1067.15	0	.4869701	.2706773	.2423525	0
1066.15	0	.4863636	.2710033	.2426331	0
1065.15	0	.4857602	.2713268	.242913	0
1064.15	0	.4851599	.2716478	.2431923	0
1063.15	0	.4845628	.2719664	.2434709	0
1062.15	0	.4839687	.2722825	.2437488	0
1061.15	0	.4833778	.2725961	.2440261	0
1060.15	0	.4827899	.2729073	.2443027	0
1059.15	0	.4822052	.273216	.2445787	0
1058.15	0	.4816237	.2735223	.244854	0
1057.15	0	.4810452	.273826	.2451287	0
1056.15	0	.4804699	.2741273	.2454027	0
1055.15	0	.4798978	.2744261	.2456761	0
1054.15	0	.4793287	.2747224	.2459488	0
1053.15	0	.4787629	.2750163	.2462209	0
1052.15	0	.4782001	.2753076	.2464923	0
1051.15	0	.4776405	.2755964	.2467631	0
1050.15	0	.4770841	.2758828	.2470332	0
1049.15	0	.4765308	.2761666	.2473027	0
1048.15	0	.4759806	.2764479	.2475715	0
1047.15	0	.4754336	.2767267	.2478397	0
1046.15	0	.4748898	.277003	.2481072	0
1045.15	0	.4743492	.2772768	.2483741	0
1044.15	0	.4738117	.277548	.2486403	0
1043.15	0	.4732774	.2778168	.2489059	0
1042.15	0	.4727462	.278083	.2491708	0
1041.15	0	.4722183	.2783466	.2494351	0
1040.15	0	.4716935	.2786078	.2496988	0
1039.15	0	.4711719	.2788664	.2499618	0
1038.15	0	.4706535	.2791224	.2502241	0
1037.15	0	.4701382	.2793759	.2504858	0
1036.15	0	.4696262	.2796269	.2507469	0
1035.15	0	.4691174	.2798753	.2510073	0
1034.15	0	.4686117	.2801211	.2512671	0
1033.15	0	.4681093	.2803644	.2515263	0
1032.15	0	.4676101	.2806052	.2517848	0
1031.15	0	.4671141	.2808433	.2520426	0
1030.15	0	.4666213	.2810789	.2522998	0
1029.15	0	.4661317	.2813119	.2525564	0
1028.15	0	.4656454	.2815423	.2528123	0
1027.15	0	.4651623	.2817702	.2530676	0
1026.15	0	.4646824	.2819954	.2533222	0
1025.15	0	.4642057	.2822181	.2535762	0
1024.15	0	.4637323	.2824382	.2538295	0
1023.15	0	.4632621	.2826557	.2540822	0
1022.15	0	.4627952	.2828705	.2543343	0
1021.15	0	.4623315	.2830828	.2545857	0
1020.15	0	.4618711	.2832925	.2548364	0
1019.15	0	.4614139	.2834996	.2550865	0
1018.15	0	.46096	.283704	.255336	0
1017.15	0	.4605093	.2839059	.2555848	0
1016.15	0	.460062	.2841051	.255833	0
1015.15	0	.4596179	.2843016	.2560805	0
1014.15	0	.459177	.2844956	.2563274	0
1013.15	0	.4587395	.2846869	.2565736	0
1012.15	0	.4583052	.2848756	.2568192	0
1011.15	0	.4578742	.2850617	.2570641	0
1010.15	0	.4574466	.2852451	.2573084	0
1009.15	0	.4570222	.2854259	.257552	0
1008.15	0	.4566011	.285604	.257795	0
1007.15	0	.4561833	.2857795	.2580373	0
1006.15	0	.4557688	.2859523	.2582789	0
1005.15	0	.4553576	.2861225	.2585199	0
1004.15	0	.4549498	.28629	.2587603	0
1003.15	0	.4545452	.2864548	.259	0
1002.15	0	.454144	.286617	.259239	0
1001.15	0	.4537462	.2867765	.2594774	0
1000.15	0	.4533516	.2869333	.2597151	0
999.15	0	.4529604	.2870875	.2599521	0
998.15	0	.4525725	.287239	.2601885	0
997.15	0	.452188	.2873878	.2604242	0
996.15	0	.4518068	.2875339	.2606593	0
995.15	0	.4514289	.2876774	.2608937	0
994.15	0	.4510544	.2878182	.2611274	0
993.15	0	.4506833	.2879562	.2613605	0
992.15	0	.4503155	.2880916	.2615928	0
991.15	0	.4499511	.2882243	.2618246	0
990.15	0	.4495901	.2883543	.2620556	0
989.15	0	.4492324	.2884816	.262286	0
988.15	0	.4488781	.2886062	.2625156	0
987.15	0	.4485272	.2887281	.2627447	0
986.15	0	.4481797	.2888474	.262973	0
985.15	0	.4478355	.2889639	.2632006	0
984.15	0	.4474947	.2890777	.2634276	0
983.15	0	.4471574	.2891888	.2636539	0
982.15	0	.4468234	.2892972	.2638794	0
981.15	0	.4464928	.2894029	.2641043	0
980.15	0	.4461656	.2895059	.2643285	0
979.15	0	.4458418	.2896061	.264552	0
978.15	0	.4455214	.2897037	.2647749	0
977.15	0	.4452045	.2897985	.264997	0
976.15	0	.4448909	.2898907	.2652184	0
975.15	0	.4445807	.2899802	.2654391	0
974.15	0	.444274	.2900669	.2656591	0
973.15	0	.4439707	.2901509	.2658784	0
972.15	0	.4436708	.2902322	.266097	0
971.15	0	.4433743	.2903109	.2663149	0
970.15	0	.4430812	.2903868	.266532	0
969.15	0	.4427916	.29046	.2667485	0
968.15	0	.4425054	.2905305	.2669642	0
967.15	0	.4422226	.2905983	.2671792	0
966.15	0	.4419432	.2906634	.2673934	0
965.15	0	.4416673	.2907258	.267607	0
964.15	0	.4413947	.2907855	.2678198	0
963.15	0	.4411257	.2908425	.2680318	0
962.15	0	.44086	.2908969	.2682431	0
961.15	0	.4405978	.2909485	.2684537	0
960.15	0	.440339	.2909975	.2686635	0
959.15	0	.4400836	.2910437	.2688726	0
958.15	0	.4398317	.2910873	.2690809	0
957.15	0	.4395832	.2911283	.2692885	0
956.15	0	.4393381	.2911665	.2694953	0
955.15	0	.4390965	.2912021	.2697014	0
954.15	0	.4388583	.2912351	.2699066	0
953.15	0	.4386235	.2912654	.2701112	0
952.15	0	.4383921	.291293	.2703149	0
951.15	0	.4381642	.291318	.2705178	0
950.15	0	.4379397	.2913404	.27072	0
949.15	0	.4377186	.2913601	.2709214	0
948.15	0	.4375008	.2913772	.2711219	0
947.15	0	.4372866	.2913917	.2713217	0
946.15	0	.4370757	.2914036	.2715207	0
945.15	0	.4368682	.2914129	.2717189	0
944.15	0	.4366642	.2914196	.2719162	0
943.15	0	.4364635	.2914238	.2721128	0
942.15	0	.4362662	.2914253	.2723085	0
941.15	0	.4360723	.2914243	.2725033	0
940.15	0	.4358818	.2914208	.2726974	0
939.15	0	.4356947	.2914147	.2728906	0
938.15	0	.4355109	.2914061	.273083	0
937.15	0	.4353305	.2913949	.2732745	0
936.15	0	.4351535	.2913813	.2734652	0
935.15	0	.4349798	.2913652	.273655	0
934.15	0	.4348095	.2913466	.273844	0
933.15	0	.4346424	.2913255	.2740321	0
932.15	0	.4344788	.291302	.2742192	0
931.15	0	.4343184	.2912761	.2744056	0
930.15	0	.4341613	.2912477	.274591	0
929.15	0	.4340076	.2912169	.2747755	0
928.15	0	.4338571	.2911838	.2749591	0
927.15	0	.4337099	.2911483	.2751418	0
926.15	0	.4335659	.2911104	.2753236	0
925.15	0	.4334252	.2910702	.2755045	0
924.15	0	.4332878	.2910277	.2756845	0
923.15	0	.4331536	.290983	.2758635	0
922.15	0	.4330226	.2909359	.2760415	0
921.15	0	.4328948	.2908866	.2762186	0
920.15	0	.4327702	.2908351	.2763948	0
919.15	0	.4326487	.2907814	.27657	0
918.15	0	.4325304	.2907255	.2767441	0
917.15	0	.4324152	.2906674	.2769174	0
916.15	0	.4323032	.2906072	.2770896	0
915.15	0	.4321942	.290545	.2772608	0
914.15	0	.4320884	.2904806	.277431	0
913.15	0	.4319856	.2904143	.2776002	0
912.15	0	.4318858	.2903459	.2777683	0
911.15	0	.4317891	.2902755	.2779354	0
910.15	0	.4316953	.2902032	.2781015	0
909.15	0	.4316045	.2901289	.2782665	0
908.15	0	.4315167	.2900528	.2784305	0
907.15	0	.4314318	.2899748	.2785933	0
906.15	0	.4313498	.2898951	.2787551	0
905.15	0	.4312707	.2898135	.2789158	0
904.15	0	.4311945	.2897302	.2790753	0
903.15	0	.431121	.2896452	.2792338	0
902.15	0	.4310504	.2895586	.2793911	0
901.15	0	.4309825	.2894703	.2795473	0
900.15	0	.4309173	.2893804	.2797023	0
899.15	0	.4308548	.289289	.2798561	0
898.15	0	.430795	.2891962	.2800088	0
897.15	0	.4307378	.2891019	.2801603	0
896.15	0	.4306833	.2890062	.2803105	0
895.15	0	.4306312	.2889092	.2804596	0
894.15	0	.4305817	.2888109	.2806074	0
893.15	0	.4305347	.2887113	.280754	0
892.15	0	.4304901	.2886106	.2808993	0
891.15	0	.4304479	.2885087	.2810434	0
890.15	0	.4304081	.2884058	.2811861	0
889.15	0	.4303706	.2883019	.2813276	0
888.15	0	.4303353	.288197	.2814677	0
887.15	0	.4303023	.2880912	.2816065	0
886.15	0	.4302714	.2879847	.2817439	0
885.15	0	.4302426	.2878773	.28188	0
884.15	0	.4302159	.2877693	.2820147	0
883.15	0	.4301913	.2876608	.282148	0
882.15	0	.4301685	.2875516	.2822799	0
881.15	0	.4301477	.287442	.2824103	0
880.15	0	.4301287	.287332	.2825393	0
879.15	0	.4301115	.2872217	.2826667	0
878.15	0	.4300961	.2871112	.2827927	0
877.15	0	.4300822	.2870006	.2829172	0
876.15	0	.43007	.2868899	.2830401	0
875.15	0	.4300593	.2867793	.2831615	0
874.15	0	.43005	.2866688	.2832812	0
873.15	0	.4300421	.2865585	.2833994	0
872.15	0	.4300354	.2864486	.2835159	0
871.15	0	.43003	.2863392	.2836308	0
870.15	0	.4300258	.2862302	.283744	0
869.15	0	.4300226	.286122	.2838555	0
868.15	0	.4300203	.2860145	.2839652	0
867.15	0	.430019	.2859079	.2840731	0
866.15	0	.4300184	.2858023	.2841793	0
865.15	0	.4300185	.2856979	.2842837	0
864.15	0	.4300192	.2855947	.2843861	0
863.15	0	.4300203	.2854929	.2844867	0
862.15	0	.4300219	.2853927	.2845854	0
861.15	0	.4300237	.2852942	.2846821	0
860.15	0	.4300257	.2851976	.2847768	0
859.15	0	.4300277	.2851029	.2848694	0
858.15	0	.4300296	.2850104	.28496	0
857.15	0	.4300313	.2849203	.2850484	0
856.15	0	.4300326	.2848327	.2851347	0
855.15	0	.4300334	.2847478	.2852188	0
854.15	0	.4300336	.2846658	.2853006	0
853.15	0	.430033	.2845869	.2853801	0
852.15	0	.4300314	.2845113	.2854573	0
851.15	0	.4300287	.2844393	.285532	0
850.15	0	.4300247	.284371	.2856043	0
849.15	0	.4300193	.2843067	.285674	0
848.15	0	.4300121	.2842467	.2857411	0
847.15	0	.4300031	.2841913	.2858056	0
846.15	0	.429992	.2841407	.2858673	0
845.15	0	.4299786	.2840952	.2859262	0
844.15	0	.4299627	.2840551	.2859822	0
843.15	0	.429944	.2840208	.2860352	0
842.15	0	.4299222	.2839927	.2860852	0
841.15	0	.429897	.2839711	.2861319	0
840.15	0	.4298682	.2839563	.2861754	0
839.15	0	.4298355	.283949	.2862156	0
838.15	0	.4297985	.2839494	.2862522	0
837.15	0	.4297568	.2839581	.2862851	0
836.15	0	.42971	.2839756	.2863143	0
835.15	0	.4296578	.2840026	.2863396	0
834.15	0	.4295997	.2840395	.2863609	0
833.15	0	.4295351	.2840871	.2863778	0
832.15	0	.4294636	.2841461	.2863904	0
831.15	0	.4293846	.2842172	.2863982	0
830.15	0	.4292974	.2843014	.2864012	0
829.15	0	.4292013	.2843996	.2863991	0
828.15	0	.4290956	.2845128	.2863916	0
827.15	0	.4289795	.2846421	.2863784	0
826.15	0	.4288519	.2847889	.2863592	0
825.15	0	.4287119	.2849546	.2863335	0
824.15	0	.4281904	.2856202	.2861894	0
823.15	0	.4276541	.2863104	.2860355	0
822.15	0	.4271807	.2869238	.2858955	0
821.15	0	.426762	.2874707	.2857673	0
820.15	0	.4263917	.287959	.2856493	0
819.15	0	.4260642	.2883957	.2855401	0
818.15	0	.425775	.2887862	.2854387	0
817.15	0	.4255203	.2891356	.2853441	0
816.15	0	.4252967	.2894477	.2852556	0
815.15	0	.4251013	.2897262	.2851725	0
814.15	0	.4249315	.2899742	.2850943	0
813.15	0	.4247852	.2901944	.2850204	0
812.15	0	.4246604	.2903891	.2849505	0
811.15	0	.4245552	.2905606	.2848842	0
810.15	0	.4244682	.2907107	.2848211	0
809.15	0	.4243978	.2908411	.2847611	0
808.15	0	.4243429	.2909534	.2847037	0
807.15	0	.4243021	.291049	.2846489	0
806.15	0	.4242744	.2911292	.2845964	0
805.15	0	.424259	.291195	.284546	0
804.15	0	.4242548	.2912476	.2844976	0
803.15	0	.4242611	.291288	.2844509	0
802.15	0	.424277	.291317	.284406	0
801.15	0	.424302	.2913354	.2843626	0
800.15	0	.4243353	.2913441	.2843207	0
799.15	0	.4243764	.2913436	.28428	0
798.15	0	.4244247	.2913347	.2842407	0
797.15	0	.4244796	.2913179	.2842025	0
796.15	0	.4245408	.2912938	.2841654	0
795.15	0	.4246078	.291263	.2841292	0
794.15	0	.4246801	.2912258	.2840941	0
793.15	0	.4247574	.2911828	.2840598	0
792.15	0	.4248393	.2911344	.2840263	0
791.15	0	.4249255	.2910809	.2839937	0
790.15	0	.4250156	.2910227	.2839617	0
789.15	0	.4251093	.2909602	.2839304	0
788.15	0	.4252065	.2908937	.2838998	0
787.15	0	.4253068	.2908235	.2838697	0
786.15	0	.4254099	.2907499	.2838402	0
785.15	0	.4255157	.2906731	.2838112	0
784.15	0	.4256239	.2905933	.2837828	0
783.15	0	.4257344	.2905109	.2837547	0
782.15	0	.4258468	.2904261	.2837271	0
781.15	0	.4259611	.2903389	.2836999	0
780.15	0	.4260772	.2902497	.2836731	0
779.15	0	.4261947	.2901587	.2836467	0
778.15	0	.4263136	.2900659	.2836206	0
777.15	0	.4264337	.2899715	.2835948	0
776.15	0	.426555	.2898758	.2835692	0
775.15	0	.4266772	.2897788	.283544	0
774.15	0	.4268003	.2896807	.283519	0
773.15	0	.4269241	.2895816	.2834943	0
772.15	0	.4270485	.2894817	.2834698	0
771.15	0	.4271736	.2893809	.2834455	0
770.15	0	.427299	.2892796	.2834214	0
769.15	0	.4274248	.2891777	.2833975	0
768.15	0	.4275509	.2890753	.2833738	0
767.15	0	.4276772	.2889726	.2833502	0
766.15	0	.4278036	.2888696	.2833268	0
765.15	0	.4279301	.2887664	.2833035	0
764.15	0	.4280566	.288663	.2832804	0
763.15	0	.428183	.2885597	.2832574	0
762.15	0	.4283092	.2884563	.2832345	0
761.15	0	.4284353	.288353	.2832117	0
760.15	0	.4285612	.2882499	.2831889	0
759.15	0	.4286867	.288147	.2831663	0
758.15	0	.428812	.2880442	.2831438	0
757.15	0	.4289397	.2879396	.2831207	0
756.15	0	.4290639	.2878378	.2830983	0
755.15	0	.4291877	.2877362	.283076	0
754.15	0	.4293111	.2876351	.2830538	0
753.15	0	.4294339	.2875345	.2830316	0
752.15	0	.4295562	.2874344	.2830095	0
751.15	0	.4296779	.2873347	.2829874	0
750.15	0	.429799	.2872357	.2829653	0
749.15	0	.4299195	.2871372	.2829433	0
748.15	0	.4300394	.2870394	.2829213	0
747.15	0	.4301585	.2869422	.2828993	0
746.15	0	.430277	.2868457	.2828773	0
745.15	0	.4303948	.2867499	.2828554	0
744.15	0	.4305118	.2866548	.2828334	0
743.15	0	.4306281	.2865604	.2828115	0
742.15	0	.4307437	.2864668	.2827895	0
741.15	0	.4308584	.286374	.2827676	0
740.15	0	.4309724	.2862819	.2827457	0
739.15	0	.4310856	.2861907	.2827237	0
738.15	0	.4311979	.2861003	.2827018	0
737.15	0	.4313094	.2860107	.2826798	0
736.15	0	.4314201	.285922	.2826579	0
735.15	0	.43153	.2858342	.2826359	0
734.15	0	.4316389	.2857472	.2826139	0
733.15	0	.4317471	.2856611	.2825919	0
732.15	0	.4318543	.2855759	.2825698	0
731.15	0	.4319607	.2854915	.2825478	0
730.15	0	.4320662	.2854081	.2825257	0
729.15	0	.4321708	.2853256	.2825036	0
728.15	0	.4322746	.285244	.2824815	0
727.15	0	.4323774	.2851633	.2824593	0
726.15	0	.4324793	.2850836	.2824371	0
725.15	0	.4325804	.2850047	.2824149	0
724.15	0	.4326805	.2849268	.2823926	0
723.15	0	.4327798	.2848499	.2823704	0
722.15	0	.4328781	.2847738	.282348	0
721.15	0	.4329756	.2846987	.2823257	0
720.15	0	.4330721	.2846246	.2823033	0
719.15	0	.4331678	.2845514	.2822809	0
718.15	0	.4332625	.2844791	.2822584	0
717.15	0	.4333564	.2844077	.2822359	0
716.15	0	.4334493	.2843373	.2822134	0
715.15	0	.4335413	.2842679	.2821908	0
714.15	0	.4336325	.2841994	.2821682	0
713.15	0	.4337227	.2841318	.2821455	0
712.15	0	.4338121	.2840651	.2821228	0
711.15	0	.4339006	.2839994	.2821001	0
710.15	0	.4339882	.2839346	.2820773	0
709.15	0	.4340749	.2838707	.2820544	0
708.15	0	.4341607	.2838078	.2820315	0
707.15	0	.4342456	.2837458	.2820086	0
706.15	0	.4343297	.2836846	.2819857	0
705.15	0	.4344129	.2836245	.2819627	0
704.15	0	.4344952	.2835652	.2819396	0
703.15	0	.4345767	.2835068	.2819165	0
702.15	0	.4346573	.2834493	.2818933	0
701.15	0	.4347371	.2833928	.2818701	0
700.15	0	.434816	.2833371	.2818469	0
699.15	0	.434894	.2832824	.2818236	0
698.15	0	.4349712	.2832285	.2818003	0
697.15	0	.4350476	.2831755	.2817769	0
696.15	0	.4351232	.2831233	.2817535	0
695.15	0	.4351979	.2830721	.28173	0
694.15	0	.4352718	.2830217	.2817065	0
693.15	0	.4353449	.2829722	.2816829	0
692.15	0	.4354171	.2829236	.2816593	0
691.15	0	.4354886	.2828758	.2816357	0
690.15	0	.4355592	.2828288	.2816119	0
689.15	0	.4356291	.2827827	.2815882	0
688.15	0	.4356982	.2827375	.2815644	0
687.15	0	.4357664	.282693	.2815406	0
686.15	0	.4358339	.2826494	.2815167	0
685.15	0	.4359007	.2826066	.2814927	0
684.15	0	.4359666	.2825647	.2814687	0
683.15	0	.4360318	.2825235	.2814447	0
682.15	0	.4360962	.2824832	.2814206	0
681.15	0	.4361599	.2824436	.2813965	0
680.15	0	.4362228	.2824049	.2813723	0
679.15	0	.436285	.2823669	.2813481	0
678.15	0	.4363464	.2823297	.2813239	0
677.15	0	.4364071	.2822933	.2812996	0
676.15	0	.4364671	.2822577	.2812752	0
675.15	0	.4365263	.2822229	.2812508	0
674.15	0	.4365849	.2821888	.2812264	0
673.15	0	.4366427	.2821554	.2812019	0
672.15	0	.4366998	.2821228	.2811774	0
671.15	0	.4367562	.282091	.2811528	0
670.15	0	.4368119	.2820599	.2811282	0
669.15	0	.436867	.2820295	.2811035	0
668.15	0	.4369213	.2819999	.2810788	0
667.15	0	.436975	.2819709	.2810541	0
666.15	0	.437028	.2819427	.2810293	0
665.15	0	.4370803	.2819152	.2810045	0
664.15	0	.437132	.2818884	.2809796	0
663.15	0	.4371829	.2818623	.2809547	0
662.15	0	.4372333	.2818369	.2809298	0
661.15	0	.437283	.2818122	.2809048	0
660.15	0	.4373321	.2817882	.2808798	0
659.15	0	.4373805	.2817648	.2808547	0
658.15	0	.4374283	.2817421	.2808296	0
657.15	0	.4374755	.2817201	.2808045	0
656.15	0	.437522	.2816987	.2807793	0
655.15	0	.437568	.281678	.2807541	0
654.15	0	.4376133	.2816579	.2807288	0
653.15	0	.437658	.2816385	.2807035	0
652.15	0	.4377021	.2816197	.2806782	0
651.15	0	.4377456	.2816015	.2806528	0
650.15	0	.4377886	.281584	.2806274	0
649.15	0	.4378309	.2815671	.280602	0
648.15	0	.4378727	.2815508	.2805765	0
647.15	0	.4379139	.2815351	.280551	0
646.15	0	.4379545	.28152	.2805255	0
645.15	0	.4379946	.2815055	.2804999	0
644.15	0	.4380341	.2814916	.2804743	0
643.15	0	.438073	.2814783	.2804487	0
642.15	0	.4381114	.2814656	.280423	0
641.15	0	.4381493	.2814534	.2803973	0
640.15	0	.4381866	.2814419	.2803716	0
639.15	0	.4382233	.2814309	.2803458	0
638.15	0	.4382596	.2814204	.28032	0
637.15	0	.4382953	.2814105	.2802942	0
636.15	0	.4383305	.2814012	.2802683	0
635.15	0	.4383651	.2813924	.2802425	0
634.15	0	.4383993	.2813841	.2802166	0
633.15	0	.4384329	.2813764	.2801906	0
632.15	0	.4384661	.2813693	.2801647	0
631.15	0	.4384987	.2813626	.2801387	0
630.15	0	.4385309	.2813565	.2801127	0
629.15	0	.4385625	.2813509	.2800866	0
628.15	0	.4385937	.2813457	.2800606	0
627.15	0	.4386244	.2813411	.2800344	0
626.15	0	.4386546	.2813371	.2800083	0
625.15	0	.4386844	.2813335	.2799822	0
624.15	0	.4387136	.2813304	.279956	0
623.15	0	.4387424	.2813277	.2799298	0
622.15	0	.4387708	.2813256	.2799036	0
621.15	0	.4387986	.2813239	.2798774	0
620.15	0	.4388261	.2813228	.2798512	0
619.15	0	.4388531	.2813221	.2798249	0
618.15	0	.4388796	.2813218	.2797986	0
617.15	0	.4389057	.281322	.2797723	0
616.15	0	.4389313	.2813227	.279746	0
615.15	0	.4389566	.2813238	.2797196	0
614.15	0	.4389814	.2813254	.2796932	0
613.15	0	.4390057	.2813274	.2796669	0
612.15	0	.4390297	.2813299	.2796405	0
611.15	0	.4390532	.2813327	.279614	0
610.15	0	.4390763	.2813361	.2795876	0
609.15	0	.439099	.2813398	.2795612	0
608.15	0	.4391213	.281344	.2795347	0
607.15	0	.4391432	.2813485	.2795082	0
606.15	0	.4391648	.2813535	.2794817	0
605.15	0	.4391858	.2813589	.2794552	0
604.15	0	.4392066	.2813647	.2794287	0
603.15	0	.4392269	.2813709	.2794022	0
602.15	0	.4392468	.2813775	.2793757	0
601.15	0	.4392664	.2813845	.2793491	0
600.15	0	.4392856	.2813919	.2793226	0
599.15	0	.4393044	.2813996	.279296	0
598.15	0	.4393228	.2814078	.2792694	0
597.15	0	.4393409	.2814163	.2792428	0
596.15	0	.4393586	.2814252	.2792162	0
595.15	0	.439376	.2814344	.2791896	0
594.15	0	.439393	.281444	.279163	0
593.15	0	.4394096	.281454	.2791364	0
592.15	0	.4394259	.2814643	.2791098	0
591.15	0	.4394418	.281475	.2790832	0
590.15	0	.4394574	.2814861	.2790565	0
589.15	0	.4394727	.2814974	.2790299	0
588.15	0	.4394876	.2815091	.2790033	0
587.15	0	.4395022	.2815212	.2789766	0
586.15	0	.4395164	.2815336	.27895	0
585.15	0	.4395304	.2815463	.2789233	0
584.15	0	.439544	.2815594	.2788967	0
583.15	0	.4395572	.2815727	.27887	0
582.15	0	.4395702	.2815864	.2788434	0
581.15	0	.4395828	.2816004	.2788167	0
580.15	0	.4395952	.2816147	.2787901	0
579.15	0	.4396072	.2816294	.2787635	0
578.15	0	.4396189	.2816443	.2787368	0
577.15	0	.4396303	.2816595	.2787102	0
576.15	0	.4396414	.281675	.2786836	0
575.15	0	.4396522	.2816909	.2786569	0
574.15	0	.4396627	.281707	.2786303	0
573.15	0	.439673	.2817234	.2786037	0
572.15	0	.4396829	.28174	.2785771	0
571.15	0	.4396925	.281757	.2785505	0
570.15	0	.4397019	.2817743	.2785239	0
569.15	0	.439711	.2817918	.2784972	0
568.15	0	.4397198	.2818096	.2784707	0
567.15	0	.4397283	.2818276	.2784441	0
566.15	0	.4397365	.281846	.2784175	0
565.15	0	.4397445	.2818645	.278391	0
564.15	0	.4397522	.2818834	.2783644	0
563.15	0	.4397597	.2819025	.2783379	0
562.15	0	.4397668	.2819218	.2783114	0
561.15	0	.4397737	.2819414	.2782848	0
560.15	0	.4397804	.2819613	.2782583	0
559.15	0	.4397868	.2819814	.2782319	0
558.15	0	.439793	.2820017	.2782054	0
557.15	0	.4397989	.2820222	.2781789	0
556.15	0	.4398045	.282043	.2781525	0
555.15	0	.4398099	.2820641	.278126	0
554.15	0	.4398151	.2820853	.2780996	0
553.15	0	.43982	.2821068	.2780732	0
552.15	0	.4398247	.2821285	.2780469	0
551.15	0	.4398291	.2821504	.2780205	0
550.15	0	.4398333	.2821726	.2779941	0
549.15	0	.4398373	.2821949	.2779678	0
548.15	0	.439841	.2822175	.2779415	0
547.15	0	.4398445	.2822402	.2779152	0
546.15	0	.4398478	.2822632	.277889	0
545.15	0	.4398509	.2822864	.2778627	0
544.15	0	.4398537	.2823097	.2778365	0
543.15	0	.4398564	.2823333	.2778103	0
542.15	0	.4398588	.2823571	.2777841	0
541.15	0	.439861	.282381	.277758	0
540.15	0	.439863	.2824052	.2777319	0
539.15	0	.4398648	.2824295	.2777057	0
538.15	0	.4398663	.282454	.2776797	0
537.15	0	.4398677	.2824787	.2776536	0
536.15	0	.4398689	.2825036	.2776276	0
535.15	0	.4398698	.2825286	.2776016	0
534.15	0	.4398706	.2825538	.2775756	0
533.15	0	.4398711	.2825792	.2775497	0
532.15	0	.4398715	.2826047	.2775238	0
531.15	0	.4398717	.2826305	.2774979	0
530.15	0	.4398717	.2826563	.277472	0
529.15	0	.4398714	.2826824	.2774462	0
528.15	0	.4398711	.2827086	.2774204	0
527.15	0	.4398705	.2827349	.2773946	0
526.15	0	.4398697	.2827614	.2773689	0
525.15	0	.4398688	.282788	.2773432	0
524.15	0	.4398676	.2828148	.2773175	0
523.15	0	.4398663	.2828418	.2772919	0
522.15	0	.4398648	.2828689	.2772663	0
521.15	0	.4398632	.2828961	.2772407	0
520.15	0	.4398613	.2829234	.2772152	0
519.15	0	.4398593	.2829509	.2771897	0
518.15	0	.4398572	.2829785	.2771643	0
517.15	0	.4398549	.2830063	.2771388	0
516.15	0	.4398524	.2830342	.2771135	0
515.15	0	.4398497	.2830622	.2770881	0
514.15	0	.4398469	.2830903	.2770628	0
513.15	0	.4398439	.2831186	.2770376	0
512.15	0	.4398407	.283147	.2770123	0
511.15	0	.4398374	.2831754	.2769872	0
510.15	0	.439834	.283204	.276962	0
509.15	0	.4398304	.2832327	.2769369	0
508.15	0	.4398266	.2832616	.2769118	0
507.15	0	.4398227	.2832905	.2768868	0
506.15	0	.4398186	.2833196	.2768618	0
505.15	0	.4398144	.2833487	.2768369	0
504.15	0	.43981	.2833779	.276812	0
503.15	0	.4398055	.2834073	.2767872	0
502.15	0	.4398009	.2834367	.2767624	0
501.15	0	.4397963	.2834662	.2767375	0
500.15	0	.4397914	.2834959	.2767128	0
499.15	0	.4397863	.2835256	.2766881	0
498.15	0	.4397811	.2835554	.2766635	0
497.15	0	.4397758	.2835853	.2766389	0
496.15	0	.4397703	.2836152	.2766144	0
495.15	0	.4397647	.2836453	.2765899	0
494.15	0	.439759	.2836754	.2765655	0
493.15	0	.4397532	.2837057	.2765411	0
492.15	0	.4397472	.283736	.2765168	0
491.15	0	.4397411	.2837663	.2764926	0
490.15	0	.4397349	.2837968	.2764683	0
489.15	0	.4397285	.2838273	.2764442	0
488.15	0	.4397221	.2838579	.27642	0
487.15	0	.4397155	.2838885	.276396	0
486.15	0	.4397088	.2839192	.276372	0
485.15	0	.439702	.28395	.276348	0
484.15	0	.439695	.2839809	.2763241	0
483.15	0	.439688	.2840118	.2763003	0
482.15	0	.4396808	.2840427	.2762765	0
481.15	0	.4396735	.2840737	.2762528	0
480.15	0	.4396661	.2841048	.2762291	0
479.15	0	.4396586	.2841359	.2762055	0
478.15	0	.439651	.2841671	.2761819	0
477.15	0	.4396433	.2841983	.2761584	0
476.15	0	.4396355	.2842295	.276135	0
475.15	0	.4396276	.2842609	.2761116	0
474.15	0	.4396196	.2842922	.2760882	0
473.15	0	.4396114	.2843236	.276065	0
472.15	0	.4396032	.284355	.2760418	0
471.15	0	.4395949	.2843865	.2760186	0
470.15	0	.4395865	.284418	.2759955	0
469.15	0	.439578	.2844495	.2759725	0
468.15	0	.4395694	.2844811	.2759495	0
467.15	0	.4395607	.2845127	.2759266	0
466.15	0	.4395518	.2845443	.2759038	0
465.15	0	.439543	.284576	.2758811	0
464.15	0	.439534	.2846077	.2758583	0
463.15	0	.4395249	.2846394	.2758357	0
462.15	0	.4395158	.2846711	.2758131	0
461.15	0	.4395065	.2847029	.2757906	0
460.15	0	.4394972	.2847346	.2757682	0
459.15	0	.4394878	.2847664	.2757458	0
458.15	0	.4394783	.2847982	.2757235	0
457.15	0	.4394687	.2848301	.2757012	0
456.15	0	.439459	.2848619	.2756791	0
455.15	0	.4394493	.2848937	.275657	0
454.15	0	.4394395	.2849256	.2756349	0
453.15	0	.4394296	.2849575	.275613	0
452.15	0	.4394196	.2849893	.2755911	0
451.15	0	.4394096	.2850212	.2755692	0
450.15	0	.4393994	.2850531	.2755475	0
449.15	0	.4393893	.285085	.2755258	0
448.15	0	.439379	.2851168	.2755042	0
447.15	0	.4393687	.2851486	.2754827	0
446.15	0	.4393583	.2851805	.2754612	0
445.15	0	.4393479	.2852123	.2754398	0
444.15	0	.4393374	.2852441	.2754185	0
443.15	0	.4393269	.2852758	.2753973	0
442.15	0	.4393163	.2853076	.2753762	0
441.15	0	.4393056	.2853393	.2753551	0
440.15	0	.4392949	.2853709	.2753341	0
439.15	0	.4392842	.2854026	.2753133	0
438.15	0	.4392734	.2854341	.2752924	0
437.3588	0	.4392649	.2854591	.275276	0
437.3588	0	.4392649	.2854591	.275276	0
437.3588	0	.4392649	.2854591	.275276	0
437.15	0	.4393075	.2853621	.2752185	1.118833E-04
