T	 BPW(LIQUID)	BPW(BCC_A2)	BPW(FCC_A1)	BPW(LAVES_PHASE_C14)	BPW(NI3TI)
1473.15	0	1	0	0	0
1472.15	0	1	0	0	0
1471.15	0	1	0	0	0
1470.15	0	1	0	0	0
1469.15	0	1	0	0	0
1468.15	0	1	0	0	0
1467.15	0	1	0	0	0
1466.15	0	1	0	0	0
1465.15	0	1	0	0	0
1464.15	0	1	0	0	0
1463.15	0	1	0	0	0
1462.15	0	1	0	0	0
1461.15	0	1	0	0	0
1460.15	0	1	0	0	0
1459.15	0	1	0	0	0
1458.15	0	1	0	0	0
1457.15	0	1	0	0	0
1456.15	0	1	0	0	0
1455.389	0	1	0	0	0
1455.389	0	1	0	0	0
1455.389	0	1	0	0	0
1455.15	0	.9994391	5.609248E-04	0	0
1454.15	0	.9970982	.00290184	0	0
1453.15	0	.9947625	.005237537	0	0
1452.15	0	.992432	.00756802	0	0
1451.15	0	.9901067	.009893295	0	0
1450.15	0	.9877866	.01221337	0	0
1449.15	0	.9854718	.01452824	0	0
1448.15	0	.9831621	.01683793	0	0
1447.15	0	.9808576	.01914243	0	0
1446.15	0	.9785583	.02144175	0	0
1445.15	0	.9762641	.02373589	0	0
1444.15	0	.9739751	.02602487	0	0
1443.15	0	.9716913	.02830868	0	0
1442.15	0	.9694127	.03058734	0	0
1441.15	0	.9671392	.03286083	0	0
1440.15	0	.9648708	.03512918	0	0
1439.15	0	.9626076	.03739239	0	0
1438.15	0	.9603495	.03965046	0	0
1437.15	0	.9580966	.04190339	0	0
1436.15	0	.9558488	.04415119	0	0
1435.15	0	.9536061	.04639387	0	0
1434.15	0	.9513686	.04863143	0	0
1433.15	0	.9491361	.05086387	0	0
1432.15	0	.9469088	.05309121	0	0
1431.15	0	.9446866	.05531343	0	0
1430.15	0	.9424694	.05753056	0	0
1429.15	0	.9402574	.05974259	0	0
1428.15	0	.9380505	.06194952	0	0
1427.15	0	.9358486	.06415136	0	0
1426.15	0	.9336519	.06634812	0	0
1425.15	0	.9314602	.0685398	0	0
1424.15	0	.9292736	.0707264	0	0
1423.15	0	.9270921	.07290793	0	0
1422.15	0	.9249156	.07508439	0	0
1421.15	0	.9227442	.07725578	0	0
1420.15	0	.9205779	.07942211	0	0
1419.15	0	.9184166	.08158338	0	0
1418.15	0	.9162604	.0837396	0	0
1417.15	0	.9141092	.08589077	0	0
1416.15	0	.9119631	.08803689	0	0
1415.15	0	.909822	.09017797	0	0
1414.15	0	.907686	.092314	0	0
1413.15	0	.905555	.094445	0	0
1412.15	0	.903429	.09657096	0	0
1411.15	0	.9013081	.09869189	0	0
1410.15	0	.8991922	.1008078	0	0
1409.15	0	.8970813	.1029187	0	0
1408.15	0	.8949755	.1050245	0	0
1407.15	0	.8928746	.1071254	0	0
1406.15	0	.8907788	.1092212	0	0
1405.15	0	.888688	.111312	0	0
1404.15	0	.8866022	.1133978	0	0
1403.15	0	.8845215	.1154786	0	0
1402.15	0	.8824457	.1175543	0	0
1401.15	0	.8803749	.1196251	0	0
1400.15	0	.8783091	.1216909	0	0
1399.15	0	.8762484	.1237516	0	0
1398.15	0	.8741926	.1258074	0	0
1397.15	0	.8721419	.1278582	0	0
1396.15	0	.8700961	.1299039	0	0
1395.15	0	.8680553	.1319447	0	0
1394.15	0	.8660195	.1339805	0	0
1393.15	0	.8639887	.1360113	0	0
1392.15	0	.8619629	.1380371	0	0
1391.15	0	.8599421	.140058	0	0
1390.15	0	.8579262	.1420738	0	0
1389.15	0	.8559154	.1440847	0	0
1388.15	0	.8539095	.1460905	0	0
1387.15	0	.8519086	.1480914	0	0
1386.15	0	.8499127	.1500873	0	0
1385.15	0	.8479217	.1520783	0	0
1384.15	0	.8459358	.1540642	0	0
1383.15	0	.8439548	.1560452	0	0
1382.15	0	.8419788	.1580212	0	0
1381.15	0	.8400077	.1599923	0	0
1380.15	0	.8380417	.1619583	0	0
1379.15	0	.8360806	.1639194	0	0
1378.15	0	.8341245	.1658755	0	0
1377.15	0	.8321733	.1678267	0	0
1376.15	0	.8302272	.1697728	0	0
1375.15	0	.828286	.171714	0	0
1374.15	0	.8263498	.1736502	0	0
1373.15	0	.8244185	.1755815	0	0
1372.15	0	.8224923	.1775078	0	0
1371.15	0	.820571	.1794291	0	0
1370.15	0	.8186546	.1813454	0	0
1369.15	0	.8167433	.1832567	0	0
1368.15	0	.8148369	.1851631	0	0
1367.15	0	.8129355	.1870645	0	0
1366.15	0	.8110391	.1889609	0	0
1365.15	0	.8091476	.1908524	0	0
1364.15	0	.8072611	.1927389	0	0
1363.15	0	.8053796	.1946204	0	0
1362.15	0	.8035031	.1964969	0	0
1361.15	0	.8016316	.1983684	0	0
1360.15	0	.799765	.200235	0	0
1359.15	0	.7979034	.2020966	0	0
1358.15	0	.7960468	.2039532	0	0
1357.15	0	.7941952	.2058048	0	0
1356.15	0	.7923486	.2076514	0	0
1355.15	0	.790507	.209493	0	0
1354.15	0	.7886703	.2113297	0	0
1353.15	0	.7868386	.2131613	0	0
1352.15	0	.785012	.214988	0	0
1351.15	0	.7831903	.2168097	0	0
1350.15	0	.7813736	.2186264	0	0
1349.15	0	.779562	.220438	0	0
1348.15	0	.7777553	.2222447	0	0
1347.15	0	.7759536	.2240464	0	0
1346.15	0	.774157	.225843	0	0
1345.15	0	.7723653	.2276347	0	0
1344.15	0	.7705787	.2294213	0	0
1343.15	0	.7687971	.2312029	0	0
1342.15	0	.7670205	.2329795	0	0
1341.15	0	.7652489	.2347511	0	0
1340.15	0	.7634823	.2365177	0	0
1339.15	0	.7617208	.2382792	0	0
1338.15	0	.7599643	.2400357	0	0
1337.15	0	.7582128	.2417872	0	0
1336.15	0	.7564664	.2435336	0	0
1335.15	0	.754725	.245275	0	0
1334.15	0	.7529886	.2470114	0	0
1333.15	0	.7512573	.2487427	0	0
1332.15	0	.7495311	.2504689	0	0
1331.15	0	.7478099	.2521901	0	0
1330.15	0	.7460937	.2539063	0	0
1329.15	0	.7443827	.2556173	0	0
1328.15	0	.7426767	.2573233	0	0
1327.15	0	.7409757	.2590243	0	0
1326.15	0	.7392799	.2607201	0	0
1325.15	0	.7375891	.2624109	0	0
1324.15	0	.7359034	.2640966	0	0
1323.15	0	.7342228	.2657772	0	0
1322.15	0	.7325473	.2674527	0	0
1321.15	0	.730877	.2691231	0	0
1320.15	0	.7292117	.2707883	0	0
1319.15	0	.7275515	.2724485	0	0
1318.15	0	.7258964	.2741036	0	0
1317.15	0	.7242465	.2757535	0	0
1316.15	0	.7226017	.2773983	0	0
1315.15	0	.720962	.279038	0	0
1314.15	0	.7193275	.2806725	0	0
1313.15	0	.7176981	.2823019	0	0
1312.15	0	.7160739	.2839261	0	0
1311.15	0	.7144548	.2855452	0	0
1310.15	0	.7128409	.2871591	0	0
1309.15	0	.7112322	.2887678	0	0
1308.15	0	.7096286	.2903714	0	0
1307.15	0	.7080302	.2919698	0	0
1306.15	0	.7064371	.293563	0	0
1305.15	0	.7048491	.2951509	0	0
1304.15	0	.7032663	.2967337	0	0
1303.15	0	.7016887	.2983113	0	0
1302.15	0	.7001164	.2998836	0	0
1301.15	0	.6985492	.3014508	0	0
1300.15	0	.6969874	.3030127	0	0
1299.15	0	.6954307	.3045693	0	0
1298.15	0	.6938793	.3061207	0	0
1297.15	0	.6923332	.3076668	0	0
1296.15	0	.6907923	.3092077	0	0
1295.15	0	.6892567	.3107433	0	0
1294.15	0	.6877264	.3122736	0	0
1293.15	0	.6862013	.3137987	0	0
1292.15	0	.6846816	.3153184	0	0
1291.15	0	.6831672	.3168328	0	0
1290.15	0	.6816581	.3183419	0	0
1289.15	0	.6801543	.3198457	0	0
1288.15	0	.6786558	.3213442	0	0
1287.15	0	.6771627	.3228373	0	0
1286.15	0	.6756749	.3243251	0	0
1285.15	0	.6741925	.3258075	0	0
1284.15	0	.6727155	.3272845	0	0
1283.15	0	.6712438	.3287562	0	0
1282.15	0	.6697776	.3302224	0	0
1281.15	0	.6683167	.3316833	0	0
1280.15	0	.6668612	.3331388	0	0
1279.15	0	.6654112	.3345888	0	0
1278.15	0	.6639666	.3360334	0	0
1277.15	0	.6625274	.3374726	0	0
1276.15	0	.6610937	.3389063	0	0
1275.15	0	.6596654	.3403346	0	0
1274.15	0	.6582426	.3417574	0	0
1273.15	0	.6568253	.3431747	0	0
1272.15	0	.6554135	.3445866	0	0
1271.15	0	.6540071	.3459929	0	0
1270.15	0	.6526063	.3473937	0	0
1269.15	0	.651211	.348789	0	0
1268.15	0	.6498213	.3501787	0	0
1267.15	0	.6484371	.3515629	0	0
1266.15	0	.6470585	.3529415	0	0
1265.15	0	.6456854	.3543146	0	0
1264.15	0	.6443179	.3556821	0	0
1263.15	0	.642956	.357044	0	0
1262.15	0	.6415997	.3584003	0	0
1261.15	0	.6402491	.3597509	0	0
1260.15	0	.6389041	.3610959	0	0
1259.15	0	.6375647	.3624353	0	0
1258.15	0	.636231	.3637691	0	0
1257.15	0	.6349029	.3650971	0	0
1256.15	0	.6335805	.3664195	0	0
1255.15	0	.6322639	.3677361	0	0
1254.15	0	.6309529	.3690471	0	0
1253.15	0	.6296477	.3703523	0	0
1252.15	0	.6283482	.3716518	0	0
1251.15	0	.6270544	.3729456	0	0
1250.15	0	.6257664	.3742336	0	0
1249.15	0	.6244842	.3755158	0	0
1248.15	0	.6232078	.3767922	0	0
1247.15	0	.6219372	.3780628	0	0
1246.15	0	.6206724	.3793276	0	0
1245.15	0	.6194135	.3805865	0	0
1244.15	0	.6181604	.3818396	0	0
1243.15	0	.6169132	.3830868	0	0
1242.15	0	.6156718	.3843282	0	0
1241.15	0	.6144364	.3855636	0	0
1240.15	0	.6132068	.3867932	0	0
1239.15	0	.6119832	.3880168	0	0
1238.15	0	.6107655	.3892345	0	0
1237.15	0	.6095538	.3904462	0	0
1236.15	0	.608348	.391652	0	0
1235.15	0	.6071483	.3928517	0	0
1234.15	0	.6059545	.3940455	0	0
1233.15	0	.6047668	.3952332	0	0
1232.15	0	.6035851	.3964149	0	0
1231.15	0	.6024094	.3975906	0	0
1230.15	0	.6012399	.3987601	0	0
1229.15	0	.6000764	.3999236	0	0
1228.15	0	.598919	.401081	0	0
1227.15	0	.5977677	.4022323	0	0
1226.15	0	.5966226	.4033774	0	0
1225.15	0	.5954836	.4045164	0	0
1224.15	0	.5943508	.4056492	0	0
1223.15	0	.5932242	.4067758	0	0
1222.15	0	.5921038	.4078962	0	0
1221.15	0	.5909896	.4090104	0	0
1220.15	0	.5898817	.4101183	0	0
1219.15	0	.58878	.41122	0	0
1218.15	0	.5876846	.4123154	0	0
1217.15	0	.5865955	.4134045	0	0
1216.15	0	.5855127	.4144873	0	0
1215.15	0	.5844362	.4155638	0	0
1214.15	0	.5833661	.4166339	0	0
1213.15	0	.5823024	.4176976	0	0
1212.15	0	.581245	.418755	0	0
1211.15	0	.5801941	.4198059	0	0
1210.15	0	.5791496	.4208504	0	0
1209.15	0	.5781116	.4218884	0	0
1208.15	0	.57708	.42292	0	0
1207.15	0	.5760549	.4239451	0	0
1206.15	0	.5750363	.4249637	0	0
1205.15	0	.5740242	.4259758	0	0
1204.15	0	.5730187	.4269813	0	0
1203.15	0	.5720197	.4279803	0	0
1202.15	0	.5710274	.4289726	0	0
1201.15	0	.5700416	.4299584	0	0
1200.15	0	.5690625	.4309375	0	0
1199.15	0	.56809	.43191	0	0
1198.15	0	.5671242	.4328758	0	0
1197.15	0	.5661651	.4338349	0	0
1196.15	0	.5652127	.4347873	0	0
1195.15	0	.564267	.435733	0	0
1194.15	0	.5633281	.4366719	0	0
1193.15	0	.5623959	.4376041	0	0
1192.15	0	.5614706	.4385294	0	0
1191.15	0	.5605521	.4394479	0	0
1190.15	0	.5596404	.4403596	0	0
1189.15	0	.5587356	.4412644	0	0
1188.15	0	.5578377	.4421624	0	0
1187.15	0	.5569466	.4430534	0	0
1186.15	0	.5560625	.4439375	0	0
1185.15	0	.5551854	.4448146	0	0
1184.15	0	.5543152	.4456848	0	0
1183.15	0	.553452	.446548	0	0
1182.15	0	.5525959	.4474041	0	0
1181.15	0	.5517468	.4482532	0	0
1180.15	0	.5509047	.4490953	0	0
1179.15	0	.5500698	.4499302	0	0
1178.15	0	.5492419	.4507581	0	0
1177.15	0	.5484212	.4515788	0	0
1176.15	0	.5476076	.4523924	0	0
1175.15	0	.5468013	.4531987	0	0
1174.15	0	.5460021	.4539979	0	0
1173.15	0	.5452101	.4547899	0	0
1172.15	0	.5444254	.4555746	0	0
1171.15	0	.543648	.456352	0	0
1170.15	0	.5428779	.4571221	0	0
1169.15	0	.5421151	.4578849	0	0
1168.15	0	.5413597	.4586403	0	0
1167.15	0	.5406116	.4593884	0	0
1166.15	0	.539871	.460129	0	0
1165.15	0	.5391377	.4608623	0	0
1164.15	0	.5384119	.4615881	0	0
1163.15	0	.5376936	.4623064	0	0
1162.15	0	.5369827	.4630173	0	0
1161.15	0	.5362794	.4637206	0	0
1160.15	0	.5355837	.4644163	0	0
1159.15	0	.5348955	.4651045	0	0
1158.15	0	.5342149	.4657851	0	0
1157.15	0	.5335419	.4664581	0	0
1156.15	0	.5328765	.4671235	0	0
1155.15	0	.5322188	.4677812	0	0
1154.15	0	.5315688	.4684312	0	0
1153.15	0	.5309265	.4690735	0	0
1152.15	0	.530292	.469708	0	0
1151.15	0	.5296653	.4703347	0	0
1150.15	0	.5290463	.4709537	0	0
1149.97	0	.5289357	.4710643	0	0
1149.97	0	.5289357	.4710643	0	0
1149.97	0	.5289357	.4710643	0	0
1149.15	0	.5279293	.4717748	2.958799E-04	0
1148.15	0	.5267109	.4726334	6.556914E-04	0
1147.15	0	.5255024	.4734832	.001014383	0
1146.15	0	.5243038	.4743243	.001371957	0
1145.15	0	.5231151	.4751565	.001728416	0
1144.15	0	.5219364	.4759799	.002083763	0
1143.15	0	.5207677	.4767944	.002438	0
1142.15	0	.519609	.4775999	.00279113	0
1141.15	0	.5184604	.4783964	.003143156	0
1140.15	0	.5173219	.479184	.003494079	0
1139.15	0	.5161936	.4799625	.003843903	0
1138.15	0	.5150754	.4807319	.00419263	0
1137.15	0	.5139675	.4814923	.004540262	0
1136.15	0	.5128698	.4822434	.004886802	0
1135.15	0	.5117824	.4829854	.005232253	0
1134.15	0	.5107053	.4837181	.005576615	0
1133.15	0	.5096385	.4844416	.005919894	0
1132.15	0	.5085822	.4851557	.006262089	0
1131.15	0	.5075362	.4858606	.006603205	0
1130.15	0	.5065008	.486556	.006943243	0
1129.15	0	.5054758	.487242	.007282205	0
1128.15	0	.5044613	.4879186	.007620094	0
1127.15	0	.5034575	.4885856	.007956913	0
1126.15	0	.5024642	.4892432	.008292664	0
1125.15	0	.5014815	.4898911	.008627348	0
1124.15	0	.5005096	.4905295	.008960968	0
1123.15	0	.4995483	.4911582	.009293527	0
1122.15	0	.4985978	.4917772	.009625027	0
1121.15	0	.4976581	.4923864	.00995547	0
1120.15	0	.4967292	.492986	.01028486	0
1119.15	0	.4958111	.4935757	.01061319	0
1118.15	0	.494904	.4941556	.01094048	0
1117.15	0	.4940077	.4947256	.01126672	0
1116.15	0	.4931225	.4952856	.01159191	0
1115.15	0	.4922482	.4958358	.01191605	0
1114.15	0	.491385	.4963759	.01223916	0
1113.15	0	.4905328	.496906	.01256122	0
1112.15	0	.4896918	.497426	.01288225	0
1111.15	0	.4888619	.4979359	.01320225	0
1110.15	0	.4880431	.4984357	.01352121	0
1109.15	0	.4872356	.4989252	.01383914	0
1108.15	0	.4864394	.4994046	.01415604	0
1107.15	0	.4856544	.4998737	.01447191	0
1106.15	0	.4848808	.5003324	.01478676	0
1105.15	0	.4841186	.5007809	.01510058	0
1104.15	0	.4833677	.5012189	.01541338	0
1103.15	0	.4826282	.5016466	.01572517	0
1102.15	0	.4819003	.5020638	.01603594	0
1101.15	0	.4811838	.5024705	.01634569	0
1100.15	0	.4804789	.5028667	.01665443	0
1099.15	0	.4797855	.5032523	.01696216	0
1098.15	0	.4791038	.5036273	.01726888	0
1097.15	0	.4784337	.5039917	.0175746	0
1096.15	0	.4777753	.5043454	.0178793	0
1095.15	0	.4771286	.5046884	.01818301	0
1094.15	0	.4764937	.5050206	.01848571	0
1093.15	0	.4758705	.5053421	.01878742	0
1092.15	0	.4752591	.5056527	.01908812	0
1091.15	0	.4746596	.5059526	.01938783	0
1090.15	0	.474072	.5062414	.01968655	0
1089.15	0	.4734963	.5065194	.01998427	0
1088.15	0	.4729325	.5067865	.02028101	0
1087.15	0	.4723808	.5070425	.02057675	0
1086.15	0	.471841	.5072875	.02087151	0
1085.15	0	.4713133	.5075215	.02116528	0
1084.15	0	.4707976	.5077443	.02145808	0
1083.15	0	.4702941	.507956	.02174988	0
1082.15	0	.4698027	.5081566	.02204071	0
1081.15	0	.4693234	.508346	.02233056	0
1080.15	0	.4688564	.5085242	.02261944	0
1079.15	0	.4684016	.5086911	.02290733	0
1078.15	0	.467959	.5088467	.02319426	0
1077.15	0	.4675288	.508991	.02348021	0
1076.15	0	.4671108	.509124	.0237652	0
1075.15	0	.4667052	.5092456	.02404921	0
1074.15	0	.466312	.5093558	.02433226	0
1073.15	0	.4659311	.5094545	.02461435	0
1072.15	0	.4655627	.5095418	.02489547	0
1071.15	0	.4652067	.5096177	.02517563	0
1070.15	0	.4648632	.5096819	.02545483	0
1069.15	0	.4645322	.5097347	.02573306	0
1068.15	0	.4642137	.5097759	.02601035	0
1067.15	0	.4639078	.5098055	.02628667	0
1066.15	0	.4636144	.5098235	.02656204	0
1065.15	0	.4633336	.5098299	.02683646	0
1064.15	0	.4630655	.5098246	.02710993	0
1063.15	0	.4628099	.5098076	.02738244	0
1062.15	0	.4625671	.5097789	.02765401	0
1061.15	0	.4623368	.5097385	.02792463	0
1060.15	0	.4621193	.5096864	.0281943	0
1059.15	0	.4619145	.5096225	.02846303	0
1058.15	0	.4617225	.5095467	.02873081	0
1057.15	0	.4615431	.5094592	.02899766	0
1056.15	0	.4613765	.5093599	.02926356	0
1055.15	0	.4612228	.5092487	.02952852	0
1054.15	0	.4610817	.5091257	.02979254	0
1053.15	0	.4609536	.5089908	.03005563	0
1052.15	0	.4608382	.508844	.03031778	0
1051.15	0	.4607356	.5086854	.03057899	0
1050.15	0	.4606459	.5085148	.03083927	0
1049.15	0	.4605691	.5083323	.03109861	0
1048.15	0	.4605051	.5081379	.03135703	0
1047.15	0	.4604539	.5079316	.03161451	0
1046.15	0	.4604157	.5077133	.03187107	0
1045.15	0	.4603903	.507483	.03212669	0
1044.15	0	.4603778	.5072408	.03238139	0
1043.15	0	.4603782	.5069866	.03263516	0
1042.15	0	.4603916	.5067204	.032888	0
1041.15	0	.4604178	.5064423	.03313992	0
1040.15	0	.4604569	.5061522	.03339092	0
1039.15	0	.4605089	.5058501	.03364099	0
1038.15	0	.4605738	.5055361	.03389014	0
1037.15	0	.4606516	.50521	.03413836	0
1036.15	0	.4607423	.504872	.03438567	0
1035.15	0	.4608459	.504522	.03463205	0
1034.15	0	.4609624	.5041601	.03487751	0
1033.15	0	.4610918	.5037862	.03512206	0
1032.15	0	.461234	.5034003	.03536568	0
1031.15	0	.4613892	.5030025	.03560839	0
1030.15	0	.4615571	.5025927	.03585017	0
1029.15	0	.461738	.502171	.03609104	0
1028.15	0	.4619316	.5017374	.036331	0
1027.15	0	.4621381	.5012919	.03657003	0
1026.15	0	.4623574	.5008345	.03680815	0
1025.15	0	.4625895	.5003652	.03704535	0
1024.15	0	.4628343	.4998841	.03728164	0
1023.15	0	.4630919	.4993911	.03751701	0
1022.15	0	.4633623	.4988863	.03775146	0
1021.15	0	.4636453	.4983697	.037985	0
1020.15	0	.4639411	.4978413	.03821762	0
1019.15	0	.4642495	.4973011	.03844933	0
1018.15	0	.4645706	.4967493	.03868012	0
1017.15	0	.4649043	.4961857	.03890999	0
1016.15	0	.4652506	.4956105	.03913895	0
1015.15	0	.4656095	.4950236	.03936699	0
1014.15	0	.4659809	.494425	.03959411	0
1013.15	0	.4663647	.4938149	.03982031	0
1012.15	0	.4667611	.4931933	.0400456	0
1011.15	0	.4671699	.4925601	.04026996	0
1010.15	0	.4675911	.4919155	.04049341	0
1009.15	0	.4680247	.4912594	.04071593	0
1008.15	0	.4684706	.4905919	.04093754	0
1007.15	0	.4689287	.489913	.04115822	0
1006.15	0	.4693992	.4892229	.04137798	0
1005.15	0	.4698818	.4885214	.04159682	0
1004.15	0	.4703765	.4878087	.04181473	0
1003.15	0	.4708834	.4870849	.04203171	0
1002.15	0	.4714023	.4863499	.04224777	0
1001.15	0	.4719333	.4856038	.0424629	0
1000.15	0	.4724762	.4848467	.0426771	0
999.15	0	.473031	.4840786	.04289036	0
998.15	0	.4735977	.4832996	.0431027	0
997.15	0	.4741762	.4825097	.04331409	0
996.15	0	.4747664	.481709	.04352455	0
995.15	0	.4753683	.4808976	.04373407	0
994.15	0	.4759819	.4800755	.04394265	0
993.15	0	.476607	.4792427	.04415029	0
992.15	0	.4772436	.4783995	.04435697	0
991.15	0	.4778916	.4775457	.04456272	0
990.15	0	.478551	.4766815	.04476751	0
989.15	0	.4792217	.4758069	.04497134	0
988.15	0	.4799037	.4749221	.04517422	0
987.15	0	.4805968	.4740271	.04537614	0
986.15	0	.481301	.4731219	.0455771	0
985.15	0	.4820163	.4722067	.04577709	0
984.15	0	.4827424	.4712815	.04597611	0
983.15	0	.4834795	.4703464	.04617416	0
982.15	0	.4842273	.4694015	.04637123	0
981.15	0	.4849858	.4684469	.04656733	0
980.15	0	.485755	.4674826	.04676244	0
979.15	0	.4865347	.4665088	.04695656	0
978.15	0	.4873248	.4655255	.04714968	0
977.15	0	.4881253	.4645328	.04734181	0
976.15	0	.4889361	.4635309	.04753294	0
975.15	0	.4897571	.4625198	.04772306	0
974.15	0	.4905882	.4614996	.04791217	0
973.15	0	.4914293	.4604704	.04810026	0
972.15	0	.4922803	.4594323	.04828732	0
971.15	0	.4931411	.4583855	.04847336	0
970.15	0	.4940117	.45733	.04865836	0
969.15	0	.4948918	.4562658	.04884232	0
968.15	0	.4957815	.4551933	.04902524	0
967.15	0	.4966805	.4541124	.0492071	0
966.15	0	.4975889	.4530232	.0493879	0
965.15	0	.4985065	.4519259	.04956762	0
964.15	0	.4994331	.4508206	.04974628	0
963.15	0	.5003688	.4497074	.04992385	0
962.15	0	.5013132	.4485864	.05010032	0
961.15	0	.5022665	.4474578	.0502757	0
960.15	0	.5032283	.4463217	.05044997	0
959.15	0	.5041987	.4451782	.05062312	0
958.15	0	.5051775	.4440274	.05079514	0
957.15	0	.5061646	.4428694	.05096603	0
956.15	0	.5071597	.4417045	.05113576	0
955.15	0	.508163	.4405327	.05130435	0
954.15	0	.5091741	.4393542	.05147176	0
953.15	0	.5101929	.4381691	.05163799	0
952.15	0	.5112194	.4369775	.05180303	0
951.15	0	.5122534	.4357797	.05196687	0
950.15	0	.5132948	.4345757	.0521295	0
949.15	0	.5143433	.4333658	.05229089	0
948.15	0	.515399	.43215	.05245105	0
947.15	0	.5164616	.4309285	.05260994	0
946.15	0	.517531	.4297015	.05276757	0
945.15	0	.518607	.4284691	.05292391	0
944.15	0	.5196895	.4272316	.05307896	0
943.15	0	.5207783	.425989	.05323268	0
942.15	0	.5218734	.4247416	.05338508	0
941.15	0	.5229744	.4234895	.05353612	0
940.15	0	.5240813	.4222329	.0536858	0
939.15	0	.5251939	.420972	.05383408	0
938.15	0	.5263121	.419707	.05398097	0
937.15	0	.5274356	.418438	.05412643	0
936.15	0	.5284655	.41726	.05427445	0
935.15	0	.5293607	.4162128	.05442649	0
934.15	0	.5302915	.415133	.05457555	0
933.15	0	.5312563	.414022	.05472168	0
932.15	0	.5322538	.4128813	.05486494	0
931.15	0	.5332824	.4117122	.05500539	0
930.15	0	.5343408	.4105162	.05514306	0
929.15	0	.5354275	.4092945	.05527803	0
928.15	0	.5365414	.4080483	.05541032	0
927.15	0	.5376811	.4067789	.05553998	0
926.15	0	.5388454	.4054875	.05566706	0
925.15	0	.5400332	.4041752	.05579159	0
924.15	0	.5412432	.4028432	.05591361	0
923.15	0	.5424745	.4014924	.05603315	0
922.15	0	.5437258	.400124	.05615025	0
921.15	0	.5449962	.3987388	.05626493	0
920.15	0	.5462847	.3973381	.05637724	0
919.15	0	.5475903	.3959225	.0564872	0
918.15	0	.548912	.3944932	.05659482	0
917.15	0	.5502489	.393051	.05670015	0
916.15	0	.5516001	.3915967	.05680321	0
915.15	0	.5529648	.3901312	.05690402	0
914.15	0	.5543421	.3886553	.0570026	0
913.15	0	.5557313	.3871697	.05709898	0
912.15	0	.5571314	.3856754	.05719317	0
911.15	0	.5585418	.384173	.05728521	0
910.15	0	.5599617	.3826632	.0573751	0
909.15	0	.5613904	.3811467	.05746287	0
908.15	0	.5628272	.3796243	.05754854	0
907.15	0	.5642713	.3780966	.05763212	0
906.15	0	.5657222	.3765642	.05771363	0
905.15	0	.5671792	.3750277	.0577931	0
904.15	0	.5686416	.3734878	.05787053	0
903.15	0	.5701089	.3719451	.05794595	0
902.15	0	.5715805	.3704001	.05801936	0
901.15	0	.5730557	.3688535	.0580908	0
900.15	0	.5745341	.3673056	.05816026	0
899.15	0	.5760151	.3657571	.05822778	0
898.15	0	.5774981	.3642086	.05829336	0
897.15	0	.5789827	.3626603	.05835701	0
896.15	0	.5804683	.361113	.05841876	0
895.15	0	.5819544	.359567	.05847863	0
894.15	0	.5834407	.3580227	.05853661	0
893.15	0	.5849265	.3564807	.05859274	0
892.15	0	.5864116	.3549414	.05864702	0
891.15	0	.5878954	.3534052	.05869947	0
890.15	0	.5893775	.3518724	.0587501	0
889.15	0	.5908575	.3503435	.05879894	0
888.15	0	.5923351	.3488189	.05884599	0
887.15	0	.5938098	.3472989	.05889127	0
886.15	0	.5952812	.345784	.05893479	0
885.15	0	.5967491	.3442743	.05897658	0
884.15	0	.598213	.3427704	.05901665	0
883.15	0	.5996725	.3412725	.05905501	0
882.15	0	.6011275	.3397809	.05909167	0
881.15	0	.6025775	.3382959	.05912666	0
880.15	0	.6040222	.3368178	.05915999	0
879.15	0	.6054613	.335347	.05919168	0
878.15	0	.6068946	.3338836	.05922174	0
877.15	0	.6083218	.332428	.05925019	0
876.15	0	.6097425	.3309804	.05927705	0
875.15	0	.6111566	.3295411	.05930233	0
874.15	0	.6125637	.3281102	.05932605	0
873.15	0	.6139637	.3266881	.05934822	0
872.15	0	.6153562	.3252749	.05936887	0
871.15	0	.6167412	.3238708	.05938801	0
870.15	0	.6181182	.3224761	.05940565	0
869.15	0	.6194873	.3210909	.05942183	0
868.15	0	.6208481	.3197154	.05943654	0
867.15	0	.6222004	.3183498	.05944982	0
866.15	0	.6235441	.3169942	.05946167	0
865.15	0	.624879	.3156488	.05947213	0
864.15	0	.626205	.3143138	.05948119	0
863.15	0	.6275219	.3129892	.05948889	0
862.15	0	.6288295	.3116752	.05949524	0
861.15	0	.6301278	.310372	.05950026	0
860.15	0	.6314165	.3090796	.05950396	0
859.15	0	.6326955	.3077981	.05950637	0
858.15	0	.6339649	.3065276	.0595075	0
857.15	0	.6352243	.3052683	.05950737	0
856.15	0	.6364738	.3040202	.05950599	0
855.15	0	.6377133	.3027833	.0595034	0
854.15	0	.6389427	.3015578	.0594996	0
853.15	0	.6401618	.3003436	.05949461	0
852.15	0	.6413707	.2991409	.05948845	0
851.15	0	.6425692	.2979496	.05948113	0
850.15	0	.6437574	.2967699	.05947268	0
849.15	0	.6449351	.2956017	.05946312	0
848.15	0	.6461024	.2944451	.05945245	0
847.15	0	.6472592	.2933001	.0594407	0
846.15	0	.6484055	.2921667	.05942788	0
845.15	0	.6495412	.2910448	.05941402	0
844.15	0	.6506663	.2899346	.05939912	0
843.15	0	.6517809	.2888359	.05938321	0
842.15	0	.6528849	.2877488	.05936629	0
841.15	0	.6539784	.2866733	.0593484	0
840.15	0	.6550612	.2856092	.05932953	0
839.15	0	.6561336	.2845567	.05930972	0
838.15	0	.6571954	.2835157	.05928897	0
837.15	0	.6582467	.282486	.05926729	0
836.15	0	.6592875	.2814678	.05924472	0
835.15	0	.6603179	.2804609	.05922125	0
834.15	0	.6613378	.2794653	.05919691	0
833.15	0	.6623474	.2784809	.05917171	0
832.15	0	.6633467	.2775077	.05914566	0
831.15	0	.6643356	.2765456	.05911878	0
830.15	0	.6653144	.2755946	.05909108	0
829.15	0	.6662829	.2746545	.05906258	0
828.15	0	.6672414	.2737253	.05903329	0
827.15	0	.6681898	.272807	.05900322	0
826.15	0	.6691282	.2718994	.05897238	0
825.15	0	.6700566	.2710026	.0589408	0
824.15	0	.6709752	.2701163	.05890848	0
823.15	0	.671884	.2692406	.05887543	0
822.15	0	.6727831	.2683752	.05884166	0
821.15	0	.6736725	.2675203	.0588072	0
820.15	0	.6745524	.2666756	.05877205	0
819.15	0	.6754228	.265841	.05873621	0
818.15	0	.6762837	.2650166	.05869971	0
817.15	0	.6771353	.2642021	.05866256	0
816.15	0	.6779776	.2633976	.05862476	0
815.15	0	.6788108	.2626028	.05858633	0
814.15	0	.6796349	.2618178	.05854728	0
813.15	0	.68045	.2610424	.05850761	0
812.15	0	.6812562	.2602765	.05846734	0
811.15	0	.6820535	.25952	.05842648	0
810.15	0	.6828421	.2587729	.05838504	0
809.15	0	.683622	.258035	.05834303	0
808.15	0	.6843933	.2573063	.05830046	0
807.15	0	.6851561	.2565865	.05825733	0
806.15	0	.6859106	.2558758	.05821366	0
805.15	0	.6866567	.2551738	.05816946	0
804.15	0	.6873946	.2544807	.05812474	0
803.15	0	.6881243	.2537962	.0580795	0
802.15	0	.688846	.2531202	.05803375	0
801.15	0	.6895597	.2524528	.0579875	0
800.15	0	.6902656	.2517937	.05794077	0
799.15	0	.6909636	.2511429	.05789356	0
798.15	0	.6916539	.2505002	.05784587	0
797.15	0	.6923366	.2498657	.05779772	0
796.15	0	.6930118	.2492391	.05774912	0
795.15	0	.6936795	.2486205	.05770007	0
794.15	0	.6943398	.2480097	.05765058	0
793.15	0	.6949928	.2474066	.05760065	0
792.15	0	.6956386	.2468111	.05755031	0
791.15	0	.6962773	.2462232	.05749954	0
790.15	0	.6969089	.2456427	.05744837	0
789.15	0	.6975336	.2450696	.0573968	0
788.15	0	.6981513	.2445038	.05734484	0
787.15	0	.6987623	.2439452	.05729249	0
786.15	0	.6993665	.2433937	.05723976	0
785.15	0	.6999641	.2428493	.05718666	0
784.15	0	.7005551	.2423118	.05713319	0
783.15	0	.7011395	.2417811	.05707937	0
782.15	0	.7017176	.2412573	.0570252	0
781.15	0	.7022892	.2407401	.05697068	0
780.15	0	.7028546	.2402296	.05691583	0
779.15	0	.7034138	.2397256	.05686065	0
778.15	0	.7039668	.2392281	.05680514	0
777.15	0	.7045138	.2387369	.05674932	0
776.15	0	.7050547	.2382521	.05669319	0
775.15	0	.7055897	.2377736	.05663675	0
774.15	0	.7061188	.2373012	.05658002	0
773.15	0	.7066422	.2368349	.056523	0
772.15	0	.7071597	.2363746	.05646569	0
771.15	0	.7076717	.2359202	.05640811	0
770.15	0	.708178	.2354718	.05635025	0
769.15	0	.7086787	.2350292	.05629213	0
768.15	0	.709174	.2345923	.05623375	0
767.15	0	.7096638	.234161	.05617511	0
766.15	0	.7101483	.2337355	.05611623	0
765.15	0	.7106275	.2333154	.0560571	0
764.15	0	.7111015	.2329008	.05599774	0
763.15	0	.7115702	.2324917	.05593815	0
762.15	0	.7120338	.2320878	.05587833	0
761.15	0	.7124924	.2316893	.0558183	0
760.15	0	.7129459	.231296	.05575805	0
759.15	0	.7133945	.2309079	.05569759	0
758.15	0	.7138382	.2305249	.05563693	0
757.15	0	.714277	.2301469	.05557607	0
756.5812	0	.7145245	.2299341	.05554137	0
756.5812	0	.7145245	.2299341	.05554137	0
756.5812	0	.7145245	.2299341	.05554137	0
756.15	0	.7157129	.2282847	.0550284	9.740175E-04
755.15	0	.7184267	.2245085	.05384991	.003214866
754.15	0	.7210827	.2207997	.05268679	.005430788
753.15	0	.7236822	.2171568	.05153878	.007622177
752.15	0	.7262265	.2135785	.05040559	.009789423
751.15	0	.7287167	.2100634	.04928698	.01193291
750.15	0	.7311542	.2066102	.04818268	.014053
749.15	0	.73354	.2032174	.04709244	.01615008
748.15	0	.7358755	.199884	.04601602	.01822449
747.15	0	.7381618	.1966085	.04495315	.0202766
746.15	0	.7403999	.1933898	.04390362	.02230676
745.15	0	.7425909	.1902266	.04286717	.02431531
744.15	0	.744736	.1871179	.04184359	.02630258
743.15	0	.7468361	.1840624	.04083263	.0282689
742.15	0	.7488923	.181059	.03983408	.03021461
741.15	0	.7509055	.1781067	.03884771	.03214003
740.15	0	.7528768	.1752044	.03787331	.03404546
739.15	0	.7548071	.172351	.03691067	.03593122
738.15	0	.7566974	.1695454	.03595958	.03779761
737.15	0	.7585484	.1667868	.03501983	.03964494
736.15	0	.7603612	.1640741	.03409122	.0414735
735.15	0	.7621366	.1614063	.03317355	.04328357
734.15	0	.7638754	.1587825	.03226663	.04507545
733.15	0	.7655785	.1562018	.03137026	.04684942
732.15	0	.7672466	.1536634	.03048426	.04860574
731.15	0	.7688807	.1511662	.02960845	.0503447
730.15	0	.7704813	.1487095	.02874264	.05206656
729.15	0	.7720494	.1462924	.02788665	.05377158
728.15	0	.7735856	.1439141	.02704031	.05546002
727.15	0	.7750906	.1415738	.02620345	.05713215
726.15	0	.7765652	.1392707	.02537589	.05878819
725.15	0	.7780101	.137004	.02455748	.06042842
724.15	0	.7794258	.134773	.02374805	.06205306
723.15	0	.7808132	.132577	.02294744	.06366235
722.15	0	.7821728	.1304152	.02215549	.06525654
721.15	0	.7835052	.1282869	.02137205	.06683584
720.15	0	.7848111	.1261914	.02059697	.06840049
719.15	0	.7860911	.1241281	.0198301	.06995071
718.15	0	.7873457	.1220963	.01907129	.07148673
717.15	0	.7885756	.1200953	.0183204	.07300875
716.15	0	.7897812	.1181245	.0175773	.07451699
715.15	0	.7909631	.1161834	.01684184	.07601166
714.15	0	.7921219	.1142712	.01611389	.07749296
713.15	0	.7932581	.1123875	.01539331	.0789611
712.15	0	.7943722	.1105315	.01467999	.08041628
711.15	0	.7954646	.1087029	.01397378	.08185868
710.15	0	.796536	.1069009	.01327456	.08328851
709.15	0	.7975866	.1051252	.01258222	.08470596
708.15	0	.7986171	.1033751	.01189663	.0861112
707.15	0	.7996278	.1016501	.01121767	.08750443
706.15	0	.8006193	.09994967	.01054524	.08888582
705.15	0	.8015918	.09827342	.009879202	.09025556
704.15	0	.8025459	.09662081	.009219462	.0916138
703.15	0	.803482	.09499138	.008565907	.09296073
702.15	0	.8044004	.09338465	.00791843	.09429652
701.15	0	.8053016	.09180017	.007276925	.09562133
700.15	0	.8061859	.0902375	.006641292	.09693532
699.15	0	.8070537	.08869621	.006011427	.09823866
698.15	0	.8079054	.08717588	.005387234	.0995315
697.15	0	.8087413	.08567609	.004768614	.100814
696.15	0	.8095618	.08419643	.004155474	.1020863
695.15	0	.8103672	.08273651	.003547719	.1033486
694.15	0	.8111579	.08129594	.00294526	.1046009
693.15	0	.8119341	.07987434	.002348005	.1058436
692.15	0	.8126962	.07847134	.001755869	.1070766
691.15	0	.8134446	.07708658	.001168763	.1083001
690.15	0	.8141794	.07571969	5.866056E-04	.1095143
689.15	0	.814901	.07437034	9.312682E-06	.1107194
689.1338	0	.8149126	.07434862	0	.1107388
689.1338	0	.8149126	.07434862	0	.1107388
688.15	0	.8149145	.07415298	0	.1109325
687.15	0	.8149143	.07395961	0	.1111261
686.15	0	.8149121	.07377166	0	.1113162
685.15	0	.8149078	.07358906	0	.1115031
684.15	0	.8149015	.0734117	0	.1116868
683.15	0	.8148933	.0732395	0	.1118672
682.15	0	.8148831	.07307238	0	.1120445
681.15	0	.8148711	.07291023	0	.1122187
680.15	0	.8148572	.07275298	0	.1123898
679.15	0	.8148415	.07260054	0	.112558
678.15	0	.814824	.07245283	0	.1127231
677.15	0	.8148048	.07230977	0	.1128854
676.15	0	.8147839	.07217126	0	.1130449
675.15	0	.8147613	.07203724	0	.1132015
674.15	0	.814737	.07190763	0	.1133553
673.15	0	.8147112	.07178234	0	.1135065
672.15	0	.8146838	.07166129	0	.1136549
671.15	0	.8146548	.07154443	0	.1138008
670.15	0	.8146244	.07143166	0	.113944
669.15	0	.8145924	.07132291	0	.1140847
668.15	0	.814559	.07121812	0	.1142229
667.15	0	.8145241	.07111721	0	.1143587
666.15	0	.8144879	.07102012	0	.114492
665.15	0	.8144503	.07092676	0	.114623
664.15	0	.8144113	.07083708	0	.1147516
663.15	0	.814371	.070751	0	.114878
662.15	0	.8143295	.07066847	0	.1150021
661.15	0	.8142866	.07058941	0	.115124
660.15	0	.8142426	.07051376	0	.1152437
659.15	0	.8141973	.07044146	0	.1153613
658.15	0	.8141508	.07037245	0	.1154768
657.15	0	.8141031	.07030666	0	.1155902
656.15	0	.8140543	.07024403	0	.1157017
655.15	0	.8140044	.07018451	0	.1158111
654.15	0	.8139533	.07012803	0	.1159187
653.15	0	.8139012	.07007455	0	.1160243
652.15	0	.813848	.07002399	0	.116128
651.15	0	.8137938	.06997631	0	.1162299
650.15	0	.8137385	.06993145	0	.11633
649.15	0	.8136823	.06988936	0	.1164284
648.15	0	.8136251	.06984998	0	.116525
647.15	0	.8135669	.06981326	0	.1166199
646.15	0	.8135077	.06977915	0	.1167131
645.15	0	.8134477	.06974761	0	.1168047
644.15	0	.8133867	.06971856	0	.1168947
643.15	0	.8133249	.06969198	0	.1169831
642.15	0	.8132622	.06966781	0	.11707
641.15	0	.8131986	.069646	0	.1171554
640.15	0	.8131342	.06962651	0	.1172393
639.15	0	.813069	.06960929	0	.1173217
638.15	0	.8130029	.0695943	0	.1174028
637.15	0	.8129361	.06958148	0	.1174824
636.15	0	.8128685	.06957081	0	.1175607
635.15	0	.8128002	.06956222	0	.1176376
634.15	0	.8127311	.06955569	0	.1177132
633.15	0	.8126613	.06955116	0	.1177875
632.15	0	.8125908	.0695486	0	.1178606
631.15	0	.8125196	.06954797	0	.1179325
630.15	0	.8124477	.06954923	0	.1180031
629.15	0	.8123751	.06955234	0	.1180726
628.15	0	.8123019	.06955725	0	.1181409
627.15	0	.812228	.06956394	0	.1182081
626.15	0	.8121535	.06957236	0	.1182742
625.15	0	.8120784	.06958248	0	.1183392
624.15	0	.8120027	.06959427	0	.1184031
623.15	0	.8119263	.06960768	0	.118466
622.15	0	.8118495	.06962268	0	.1185279
621.15	0	.811772	.06963924	0	.1185888
620.15	0	.811694	.06965732	0	.1186487
619.15	0	.8116154	.06967689	0	.1187077
618.15	0	.8115364	.06969792	0	.1187657
617.15	0	.8114568	.06972038	0	.1188229
616.15	0	.8113767	.06974423	0	.1188791
615.15	0	.811296	.06976945	0	.1189345
614.15	0	.8112149	.069796	0	.1189891
613.15	0	.8111334	.06982385	0	.1190428
612.15	0	.8110513	.06985297	0	.1190957
611.15	0	.8109689	.06988334	0	.1191478
610.15	0	.8108859	.06991493	0	.1191992
609.15	0	.8108025	.0699477	0	.1192498
608.15	0	.8107187	.06998164	0	.1192996
607.15	0	.8106345	.07001671	0	.1193488
606.15	0	.8105499	.07005288	0	.1193972
605.15	0	.8104649	.07009014	0	.119445
604.15	0	.8103795	.07012845	0	.1194921
603.15	0	.8102937	.07016779	0	.1195385
602.15	0	.8102075	.07020814	0	.1195843
601.15	0	.810121	.07024947	0	.1196295
600.15	0	.8100342	.07029175	0	.1196741
599.15	0	.809947	.07033496	0	.1197181
598.15	0	.8098594	.07037909	0	.1197615
597.15	0	.8097716	.0704241	0	.1198043
596.15	0	.8096834	.07046997	0	.1198466
595.15	0	.8095949	.07051669	0	.1198884
594.15	0	.8095061	.07056422	0	.1199297
593.15	0	.809417	.07061256	0	.1199704
592.15	0	.8093276	.07066167	0	.1200107
591.15	0	.809238	.07071154	0	.1200505
590.15	0	.809148	.07076215	0	.1200898
589.15	0	.8090578	.07081347	0	.1201287
588.15	0	.8089674	.07086549	0	.1201671
587.15	0	.8088767	.07091818	0	.1202051
586.15	0	.8087858	.07097154	0	.1202427
585.15	0	.8086946	.07102554	0	.1202799
584.15	0	.8086032	.07108015	0	.1203166
583.15	0	.8085116	.07113537	0	.120353
582.15	0	.8084198	.07119117	0	.120389
581.15	0	.8083277	.07124755	0	.1204247
580.15	0	.8082355	.07130447	0	.12046
579.15	0	.8081431	.07136193	0	.120495
578.15	0	.8080505	.0714199	0	.1205296
577.15	0	.8079577	.07147837	0	.120564
576.15	0	.8078647	.07153733	0	.120598
575.15	0	.8077716	.07159676	0	.1206317
574.15	0	.8076783	.07165664	0	.1206651
573.15	0	.8075848	.07171696	0	.1206982
572.15	0	.8074912	.0717777	0	.1207311
571.15	0	.8073975	.07183884	0	.1207637
570.15	0	.8073036	.07190038	0	.120796
569.15	0	.8072096	.0719623	0	.1208281
568.15	0	.8071155	.07202459	0	.1208599
567.15	0	.8070212	.07208722	0	.1208916
566.15	0	.8069268	.07215019	0	.120923
565.15	0	.8068326	.07221354	0	.1209538
564.15	0	.806738	.07227714	0	.1209848
563.15	0	.8066434	.07234104	0	.1210156
562.15	0	.8065486	.07240522	0	.1210462
561.15	0	.8064537	.07246967	0	.1210766
560.15	0	.8063588	.07253438	0	.1211068
559.15	0	.8062638	.07259934	0	.1211369
558.15	0	.8061687	.07266454	0	.1211668
557.15	0	.8060735	.07272995	0	.1211965
556.15	0	.8059783	.07279558	0	.1212261
555.15	0	.8058831	.0728614	0	.1212555
554.15	0	.8057878	.07292741	0	.1212848
553.15	0	.8056924	.0729936	0	.121314
552.15	0	.805597	.07305996	0	.121343
551.15	0	.8055016	.07312646	0	.121372
550.15	0	.8054061	.07319312	0	.1214008
549.15	0	.8053106	.0732599	0	.1214295
548.15	0	.8052151	.07332681	0	.1214581
547.15	0	.8051196	.07339383	0	.1214866
546.15	0	.8050241	.07346096	0	.121515
545.15	0	.8049285	.07352817	0	.1215433
544.15	0	.804833	.07359547	0	.1215715
543.15	0	.8047375	.07366285	0	.1215997
542.15	0	.8046419	.07373029	0	.1216278
541.15	0	.8045464	.07379778	0	.1216558
540.15	0	.8044509	.07386532	0	.1216838
539.15	0	.8043554	.07393289	0	.1217117
538.15	0	.80426	.07400049	0	.1217395
537.15	0	.8041645	.07406811	0	.1217673
536.15	0	.8040692	.07413574	0	.1217951
535.15	0	.8039738	.07420337	0	.1218228
534.15	0	.8038785	.074271	0	.1218505
533.15	0	.8037832	.07433861	0	.1218782
532.15	0	.803688	.07440619	0	.1219058
531.15	0	.8035929	.07447375	0	.1219334
530.15	0	.8034978	.07454126	0	.121961
529.15	0	.8034027	.07460873	0	.1219885
528.15	0	.8033078	.07467614	0	.1220161
527.15	0	.8032129	.07474349	0	.1220437
526.15	0	.803118	.07481077	0	.1220712
525.15	0	.8030233	.07487797	0	.1220987
524.15	0	.8029286	.07494509	0	.1221263
523.15	0	.8028341	.07501212	0	.1221538
522.15	0	.8027396	.07507904	0	.1221814
521.15	0	.8026452	.07514586	0	.122209
520.15	0	.8025509	.07521257	0	.1222365
519.15	0	.8024567	.07527916	0	.1222642
518.15	0	.8023626	.07534562	0	.1222918
517.15	0	.8022686	.07541195	0	.1223194
516.15	0	.8021748	.07547814	0	.1223471
515.15	0	.802081	.07554418	0	.1223748
514.15	0	.8019874	.07561007	0	.1224025
513.15	0	.8018939	.0756758	0	.1224303
512.15	0	.8018005	.07574136	0	.1224581
511.15	0	.8017073	.07580676	0	.122486
510.15	0	.8016142	.07587198	0	.1225139
509.15	0	.8015212	.07593701	0	.1225418
508.15	0	.8014284	.07600186	0	.1225698
507.15	0	.8013357	.07606651	0	.1225978
506.15	0	.8012431	.07613096	0	.1226259
505.15	0	.8011508	.07619521	0	.122654
504.15	0	.8010585	.07625925	0	.1226822
503.15	0	.8009664	.07632306	0	.1227105
502.15	0	.8008745	.07638666	0	.1227388
501.15	0	.8007828	.07645003	0	.1227672
500.15	0	.8006912	.07651316	0	.1227956
499.15	0	.8005998	.07657606	0	.1228241
498.15	0	.8005086	.07663871	0	.1228527
497.15	0	.8004175	.07670112	0	.1228814
496.15	0	.8003266	.07676327	0	.1229101
495.15	0	.800236	.07682517	0	.1229389
494.15	0	.8001455	.0768868	0	.1229678
493.15	0	.8000551	.07694816	0	.1229967
492.15	0	.799965	.07700925	0	.1230257
491.15	0	.7998751	.07707007	0	.1230548
490.15	0	.7997854	.0771306	0	.123084
489.15	0	.7996958	.07719085	0	.1231133
488.15	0	.7996065	.0772508	0	.1231427
487.15	0	.7995174	.07731046	0	.1231721
486.15	0	.7994285	.07736983	0	.1232016
485.15	0	.7993399	.07742888	0	.1232313
484.15	0	.7992514	.07748763	0	.123261
483.15	0	.7991632	.07754607	0	.1232908
482.15	0	.7990751	.07760419	0	.1233207
481.15	0	.7989873	.07766199	0	.1233507
480.15	0	.7988998	.07771947	0	.1233807
479.15	0	.7988125	.07777661	0	.1234109
478.15	0	.7987254	.07783343	0	.1234412
477.15	0	.7986385	.07788991	0	.1234716
476.15	0	.7985519	.07794605	0	.1235021
475.15	0	.7984655	.07800184	0	.1235326
474.15	0	.7983794	.07805729	0	.1235633
473.15	0	.7982935	.07811238	0	.1235941
472.15	0	.7982079	.07816712	0	.123625
471.15	0	.7981225	.0782215	0	.123656
470.15	0	.7980374	.07827552	0	.1236871
469.15	0	.7979525	.07832918	0	.1237183
468.15	0	.7978679	.07838246	0	.1237496
467.15	0	.7977836	.07843538	0	.123781
466.15	0	.7976995	.07848792	0	.1238126
465.15	0	.7976157	.07854008	0	.1238442
464.15	0	.7975322	.07859185	0	.1238759
463.15	0	.797449	.07864324	0	.1239078
462.15	0	.797366	.07869425	0	.1239398
461.15	0	.7972833	.07874486	0	.1239718
460.15	0	.7972009	.07879508	0	.1240041
459.15	0	.7971188	.07884489	0	.1240364
458.15	0	.7970369	.07889431	0	.1240688
457.15	0	.7969554	.07894333	0	.1241013
456.15	0	.7968741	.07899194	0	.124134
455.15	0	.7967931	.07904014	0	.1241667
454.15	0	.7967125	.07908792	0	.1241996
453.15	0	.7966321	.0791353	0	.1242326
452.15	0	.796552	.07918225	0	.1242657
451.15	0	.7964722	.07922879	0	.124299
450.15	0	.7963928	.0792749	0	.1243323
449.15	0	.7963137	.07932049	0	.1243658
448.15	0	.796235	.07936563	0	.1243994
447.15	0	.7961565	.07941032	0	.1244332
446.15	0	.7960784	.07945455	0	.124467
445.15	0	.7960007	.07949831	0	.124501
444.15	0	.7959233	.0795416	0	.1245351
443.15	0	.7958463	.07958438	0	.1245694
442.15	0	.7957696	.07962667	0	.1246037
441.15	0	.7956933	.07966845	0	.1246382
440.15	0	.7956174	.0797097	0	.1246729
439.15	0	.7955419	.07975043	0	.1247076
438.15	0	.7954668	.07979062	0	.1247426
437.15	0	.7953921	.07983026	0	.1247776
436.15	0	.7953179	.07986935	0	.1248128
435.15	0	.795244	.07990787	0	.1248481
434.15	0	.7951706	.07994583	0	.1248836
433.15	0	.7950976	.07998321	0	.1249192
432.15	0	.795025	.08002001	0	.124955
431.15	0	.7949529	.08005622	0	.1249909
430.15	0	.7948813	.08009184	0	.1250269
429.15	0	.7948101	.08012686	0	.1250631
428.15	0	.7947393	.08016128	0	.1250994
427.15	0	.794669	.08019508	0	.1251359
426.15	0	.7945992	.08022828	0	.1251725
425.15	0	.7945299	.08026085	0	.1252093
424.15	0	.794461	.08029281	0	.1252462
423.15	0	.7943926	.08032414	0	.1252832
422.15	0	.7943247	.08035484	0	.1253204
421.15	0	.7942573	.08038491	0	.1253578
420.15	0	.7941904	.08041435	0	.1253953
419.15	0	.7941239	.08044315	0	.1254329
418.15	0	.794058	.08047131	0	.1254707
417.15	0	.7939925	.08049883	0	.1255086
416.15	0	.7939276	.08052571	0	.1255467
415.15	0	.7938631	.08055194	0	.1255849
414.15	0	.7937992	.08057752	0	.1256233
413.15	0	.7937357	.08060246	0	.1256618
412.15	0	.7936728	.08062675	0	.1257004
411.15	0	.7936104	.0806504	0	.1257392
410.15	0	.7935484	.08067339	0	.1257782
409.15	0	.793487	.08069574	0	.1258172
408.15	0	.7934261	.08071743	0	.1258565
