T	 BPW(LIQUID)	BPW(BCC_A2)	BPW(FCC_A1)	BPW(LAVES_PHASE_C14)	BPW(NI3TI)
1473.15	.4219595	.5780405	0	0	0
1472.15	.4189893	.5810107	0	0	0
1471.15	.4160383	.5839617	0	0	0
1470.15	.4131063	.5868937	0	0	0
1469.15	.4101933	.5898067	0	0	0
1468.15	.407299	.592701	0	0	0
1467.15	.4044234	.5955766	0	0	0
1466.15	.4015662	.5984338	0	0	0
1465.15	.3987273	.6012727	0	0	0
1464.15	.3959066	.6040934	0	0	0
1463.15	.3931039	.6068961	0	0	0
1462.15	.3903191	.6096809	0	0	0
1461.15	.387552	.612448	0	0	0
1460.15	.3848025	.6151975	0	0	0
1459.15	.3820705	.6179295	0	0	0
1458.15	.3793558	.6206442	0	0	0
1457.15	.3766583	.6233417	0	0	0
1456.15	.3739778	.6260222	0	0	0
1455.15	.3713143	.6286857	0	0	0
1454.15	.3686676	.6313324	0	0	0
1453.15	.3660375	.6339625	0	0	0
1452.15	.3634239	.6365761	0	0	0
1451.15	.3608268	.6391732	0	0	0
1450.15	.3582459	.6417541	0	0	0
1449.15	.3556812	.6443188	0	0	0
1448.15	.3531325	.6468675	0	0	0
1447.15	.3505997	.6494003	0	0	0
1446.15	.3480827	.6519173	0	0	0
1445.15	.3455813	.6544187	0	0	0
1444.15	.3430955	.6569045	0	0	0
1443.15	.3406251	.6593749	0	0	0
1442.15	.33817	.66183	0	0	0
1441.15	.3357301	.6642699	0	0	0
1440.15	.3333053	.6666947	0	0	0
1439.15	.3308955	.6691045	0	0	0
1438.15	.3285004	.6714996	0	0	0
1437.15	.3261202	.6738798	0	0	0
1436.15	.3237545	.6762455	0	0	0
1435.15	.3214034	.6785966	0	0	0
1434.15	.3190667	.6809333	0	0	0
1433.15	.3167443	.6832557	0	0	0
1432.15	.314436	.685564	0	0	0
1431.15	.3121419	.6878581	0	0	0
1430.15	.3098617	.6901383	0	0	0
1429.15	.3075955	.6924045	0	0	0
1428.15	.305343	.694657	0	0	0
1427.15	.3031042	.6968959	0	0	0
1426.15	.3008789	.6991211	0	0	0
1425.15	.2986671	.7013329	0	0	0
1424.15	.2964688	.7035313	0	0	0
1423.15	.2942836	.7057164	0	0	0
1422.15	.2921117	.7078883	0	0	0
1421.15	.2899529	.7100471	0	0	0
1420.15	.287807	.712193	0	0	0
1419.15	.2856741	.7143259	0	0	0
1418.15	.2835539	.7164461	0	0	0
1417.15	.2814465	.7185535	0	0	0
1416.15	.2793517	.7206484	0	0	0
1415.15	.2772694	.7227307	0	0	0
1414.15	.2751995	.7248005	0	0	0
1413.15	.273142	.726858	0	0	0
1412.15	.2710967	.7289033	0	0	0
1411.15	.2690637	.7309364	0	0	0
1410.15	.2670427	.7329573	0	0	0
1409.15	.2650337	.7349663	0	0	0
1408.15	.2630366	.7369634	0	0	0
1407.15	.2610513	.7389487	0	0	0
1406.15	.2590778	.7409222	0	0	0
1405.15	.257116	.742884	0	0	0
1404.15	.2551657	.7448343	0	0	0
1403.15	.2532269	.7467731	0	0	0
1402.15	.2512996	.7487004	0	0	0
1401.15	.2493836	.7506164	0	0	0
1400.15	.2474788	.7525212	0	0	0
1399.15	.2455852	.7544148	0	0	0
1398.15	.2437028	.7562972	0	0	0
1397.15	.2418313	.7581687	0	0	0
1396.15	.2399708	.7600292	0	0	0
1395.15	.2381212	.7618788	0	0	0
1394.15	.2362824	.7637176	0	0	0
1393.15	.2344543	.7655457	0	0	0
1392.15	.2326368	.7673632	0	0	0
1391.15	.2308299	.7691701	0	0	0
1390.15	.2290335	.7709665	0	0	0
1389.15	.2272476	.7727524	0	0	0
1388.15	.225472	.774528	0	0	0
1387.15	.2237067	.7762933	0	0	0
1386.15	.2219516	.7780484	0	0	0
1385.15	.2202067	.7797933	0	0	0
1384.15	.2184718	.7815282	0	0	0
1383.15	.216747	.783253	0	0	0
1382.15	.2150321	.7849679	0	0	0
1381.15	.2133271	.7866729	0	0	0
1380.15	.2116319	.7883681	0	0	0
1379.15	.2099464	.7900536	0	0	0
1378.15	.2082707	.7917293	0	0	0
1377.15	.2066045	.7933955	0	0	0
1376.15	.2049479	.7950521	0	0	0
1375.15	.2033008	.7966992	0	0	0
1374.15	.2016631	.7983369	0	0	0
1373.15	.2000348	.7999652	0	0	0
1372.15	.1984158	.8015842	0	0	0
1371.15	.196806	.803194	0	0	0
1370.15	.1952054	.8047946	0	0	0
1369.15	.1936139	.8063861	0	0	0
1368.15	.1920315	.8079685	0	0	0
1367.15	.1904581	.8095419	0	0	0
1366.15	.1888937	.8111063	0	0	0
1365.15	.1873381	.8126619	0	0	0
1364.15	.1857914	.8142086	0	0	0
1363.15	.1842534	.8157466	0	0	0
1362.15	.1827241	.8172759	0	0	0
1361.15	.1812035	.8187965	0	0	0
1360.15	.1796916	.8203084	0	0	0
1359.15	.1781881	.8218119	0	0	0
1358.15	.1766932	.8233068	0	0	0
1357.15	.1752067	.8247933	0	0	0
1356.15	.1737286	.8262714	0	0	0
1355.15	.1722588	.8277412	0	0	0
1354.15	.1707973	.8292027	0	0	0
1353.15	.169344	.830656	0	0	0
1352.15	.167899	.8321011	0	0	0
1351.15	.166462	.833538	0	0	0
1350.15	.1650331	.8349669	0	0	0
1349.15	.1636123	.8363877	0	0	0
1348.15	.1621994	.8378006	0	0	0
1347.15	.1607945	.8392055	0	0	0
1346.15	.1593974	.8406026	0	0	0
1345.15	.1580082	.8419918	0	0	0
1344.15	.1566267	.8433733	0	0	0
1343.15	.155253	.844747	0	0	0
1342.15	.153887	.846113	0	0	0
1341.15	.1525286	.8474714	0	0	0
1340.15	.1511779	.8488221	0	0	0
1339.15	.1498346	.8501654	0	0	0
1338.15	.1484989	.8515011	0	0	0
1337.15	.1471706	.8528294	0	0	0
1336.15	.1458498	.8541502	0	0	0
1335.15	.1445363	.8554637	0	0	0
1334.15	.1432302	.8567698	0	0	0
1333.15	.1419313	.8580687	0	0	0
1332.15	.1406397	.8593603	0	0	0
1331.15	.1393553	.8606448	0	0	0
1330.15	.138078	.861922	0	0	0
1329.15	.1368078	.8631922	0	0	0
1328.15	.1355447	.8644553	0	0	0
1327.15	.1342887	.8657113	0	0	0
1326.15	.1330396	.8669604	0	0	0
1325.15	.1317975	.8682025	0	0	0
1324.15	.1305623	.8694377	0	0	0
1323.15	.129334	.870666	0	0	0
1322.15	.1281125	.8718875	0	0	0
1321.15	.1268978	.8731022	0	0	0
1320.15	.1256898	.8743102	0	0	0
1319.805	.1252743	.8747257	0	0	0
1319.805	.1252743	.8747257	0	0	0
1319.805	.1252743	.8747257	0	0	0
1319.15	.1240951	.8753203	0	5.846378E-04	0
1318.15	.1223038	.8762215	0	.001474649	0
1317.15	.1205244	.8771145	0	.002361091	0
1316.809	.1199198	.8774174	0	.002662825	0
1316.809	.1199198	.8774174	0	.002662825	0
1316.809	.1199198	.8774174	0	.002662825	0
1316.15	.1139749	.8749824	.007208855	.003833896	0
1315.15	.1049646	.8713508	.01808768	.005596904	0
1314.15	.09597194	.867797	.02888887	.007342233	0
1313.15	.08699617	.8643201	.03961358	.009070129	0
1312.15	.07803676	.8609195	.05026294	.01078083	0
1311.15	.06909312	.8575943	.06083806	.01247458	0
1310.15	.0601647	.8543437	.07134002	.01415161	0
1309.15	.05125093	.851167	.08176992	.01581213	0
1308.15	.04235129	.8480635	.0921288	.01745638	0
1307.15	.03346523	.8450325	.1024177	.01908457	0
1306.15	.02459224	.8420732	.1126377	.02069693	0
1305.15	.01573181	.8391849	.1227897	.02229364	0
1304.15	.006883431	.8363669	.1328747	.02387493	0
1303.371	0	.8342204	.1406836	.02509595	0
1303.371	0	.8342204	.1406836	.02509595	0
1303.15	0	.8338683	.1409068	.02522492	0
1302.15	0	.8322786	.1419143	.02580709	0
1301.15	0	.8306937	.1429187	.02638766	0
1300.15	0	.8291134	.1439199	.02696665	0
1299.15	0	.8275378	.1449181	.02754406	0
1298.15	0	.8259669	.1459132	.0281199	0
1297.15	0	.8244005	.1469053	.02869417	0
1296.15	0	.8228389	.1478943	.02926688	0
1295.15	0	.8212818	.1488802	.02983803	0
1294.15	0	.8197293	.1498631	.03040764	0
1293.15	0	.8181814	.1508429	.03097571	0
1292.15	0	.8166381	.1518197	.03154224	0
1291.15	0	.8150993	.1527935	.03210723	0
1290.15	0	.8135651	.1537642	.03267071	0
1289.15	0	.8120354	.1547319	.03323267	0
1288.15	0	.8105102	.1556966	.03379311	0
1287.15	0	.8089896	.1566584	.03435205	0
1286.15	0	.8074735	.1576171	.03490949	0
1285.15	0	.8059618	.1585728	.03546544	0
1284.15	0	.8044546	.1595255	.0360199	0
1283.15	0	.8029519	.1604752	.03657287	0
1282.15	0	.8014536	.161422	.03712437	0
1281.15	0	.7999598	.1623658	.03767439	0
1280.15	0	.7984704	.1633066	.03822296	0
1279.15	0	.7969855	.1642445	.03877006	0
1278.15	0	.7955049	.1651794	.0393157	0
1277.15	0	.7940287	.1661114	.0398599	0
1276.15	0	.7925569	.1670404	.04040266	0
1275.15	0	.7910895	.1679665	.04094398	0
1274.15	0	.7896265	.1688897	.04148387	0
1273.15	0	.7881678	.1698099	.04202233	0
1272.15	0	.7867134	.1707272	.04255937	0
1271.15	0	.7852634	.1716416	.043095	0
1270.15	0	.7838177	.1725531	.04362921	0
1269.15	0	.7823763	.1734617	.04416202	0
1268.15	0	.7809392	.1743674	.04469344	0
1267.15	0	.7795064	.1752702	.04522345	0
1266.15	0	.7780779	.1761701	.04575208	0
1265.15	0	.7766536	.1770671	.04627933	0
1264.15	0	.7752336	.1779612	.0468052	0
1263.15	0	.7738178	.1788525	.0473297	0
1262.15	0	.7724063	.1797409	.04785283	0
1261.15	0	.770999	.1806264	.04837459	0
1260.15	0	.7695959	.1815091	.048895	0
1259.15	0	.768197	.1823889	.04941406	0
1258.15	0	.7668024	.1832659	.04993177	0
1257.15	0	.7654119	.18414	.05044813	0
1256.15	0	.7640256	.1850113	.05096316	0
1255.15	0	.7626434	.1858797	.05147686	0
1254.15	0	.7612655	.1867453	.05198923	0
1253.15	0	.7598916	.1876081	.05250028	0
1252.15	0	.7585219	.188468	.05301002	0
1251.15	0	.7571564	.1893252	.05351843	0
1250.15	0	.755795	.1901795	.05402555	0
1249.15	0	.7544376	.191031	.05453136	0
1248.15	0	.7530844	.1918797	.05503587	0
1247.15	0	.7517353	.1927256	.05553909	0
1246.15	0	.7503903	.1935687	.05604101	0
1245.15	0	.7490493	.194409	.05654166	0
1244.15	0	.7477124	.1952465	.05704103	0
1243.15	0	.7463796	.1960813	.05753912	0
1242.15	0	.7450508	.1969132	.05803595	0
1241.15	0	.7437261	.1977424	.05853151	0
1240.15	0	.7424054	.1985688	.0590258	0
1239.15	0	.7410888	.1993924	.05951885	0
1238.15	0	.7397761	.2002132	.06001064	0
1237.15	0	.7384675	.2010313	.06050118	0
1236.15	0	.7371629	.2018467	.06099049	0
1235.15	0	.7358622	.2026592	.06147855	0
1234.15	0	.7345656	.203469	.06196538	0
1233.15	0	.7332729	.2042761	.06245099	0
1232.15	0	.7319842	.2050804	.06293536	0
1231.15	0	.7306995	.205882	.06341852	0
1230.15	0	.7294187	.2066808	.06390047	0
1229.15	0	.7281419	.2074769	.0643812	0
1228.15	0	.726869	.2082703	.06486072	0
1227.15	0	.7256001	.2090609	.06533904	0
1226.15	0	.724335	.2098488	.06581617	0
1225.15	0	.7230739	.210634	.06629209	0
1224.15	0	.7218167	.2114164	.06676683	0
1223.15	0	.7205634	.2121962	.06724039	0
1222.15	0	.719314	.2129732	.06771276	0
1221.15	0	.7180685	.2137475	.06818395	0
1220.15	0	.7168269	.2145191	.06865397	0
1219.15	0	.7155892	.215288	.06912282	0
1218.15	0	.7143553	.2160542	.06959051	0
1217.15	0	.7131253	.2168177	.07005704	0
1216.15	0	.7118991	.2175785	.0705224	0
1215.15	0	.7106768	.2183365	.07098662	0
1214.15	0	.7094584	.2190919	.07144968	0
1213.15	0	.7082438	.2198446	.0719116	0
1212.15	0	.707033	.2205947	.07237238	0
1211.15	0	.705826	.221342	.07283202	0
1210.15	0	.7046229	.2220866	.07329053	0
1209.15	0	.7034235	.2228286	.07374791	0
1208.15	0	.702228	.2235679	.07420417	0
1207.15	0	.7010362	.2243045	.0746593	0
1206.15	0	.6998483	.2250384	.07511331	0
1205.15	0	.6986642	.2257696	.07556621	0
1204.15	0	.6974838	.2264982	.076018	0
1203.15	0	.6963072	.2272241	.07646868	0
1202.15	0	.6951344	.2279474	.07691826	0
1201.15	0	.6939653	.228668	.07736674	0
1200.15	0	.6928	.2293859	.07781412	0
1199.15	0	.6916385	.2301011	.07826041	0
1198.15	0	.6904807	.2308137	.07870562	0
1197.15	0	.6893266	.2315237	.07914974	0
1196.15	0	.6881763	.2322309	.07959278	0
1195.15	0	.6870297	.2329356	.08003474	0
1194.15	0	.6858869	.2336375	.08047562	0
1193.15	0	.6847477	.2343368	.08091544	0
1192.15	0	.6836123	.2350335	.08135419	0
1191.15	0	.6824806	.2357275	.08179188	0
1190.15	0	.6813526	.2364189	.0822285	0
1189.15	0	.6802283	.2371076	.08266408	0
1188.15	0	.6791077	.2377937	.08309859	0
1187.15	0	.6779908	.2384771	.08353206	0
1186.15	0	.6768776	.2391579	.08396448	0
1185.15	0	.6757681	.2398361	.08439586	0
1184.15	0	.6746622	.2405116	.0848262	0
1183.15	0	.67356	.2411845	.0852555	0
1182.15	0	.6724615	.2418547	.08568377	0
1181.15	0	.6713667	.2425223	.08611101	0
1180.15	0	.6702755	.2431873	.08653723	0
1179.15	0	.669188	.2438496	.08696242	0
1178.15	0	.6681041	.2445093	.08738659	0
1177.15	0	.6670239	.2451664	.08780974	0
1176.15	0	.6659473	.2458208	.08823189	0
1175.15	0	.6648744	.2464726	.08865302	0
1174.15	0	.6638051	.2471218	.08907314	0
1173.15	0	.6627394	.2477683	.08949227	0
1172.15	0	.6616774	.2484122	.08991039	0
1171.15	0	.660619	.2490535	.09032751	0
1170.15	0	.6595642	.2496921	.09074364	0
1169.15	0	.6585131	.2503282	.09115877	0
1168.15	0	.6574655	.2509616	.09157292	0
1167.15	0	.6564216	.2515923	.09198608	0
1166.15	0	.6553813	.2522205	.09239826	0
1165.15	0	.6543446	.252846	.09280946	0
1164.15	0	.6533115	.2534689	.09321969	0
1163.15	0	.6522819	.2540891	.09362894	0
1162.15	0	.651256	.2547067	.09403722	0
1161.15	0	.6502337	.2553218	.09444453	0
1160.15	0	.649215	.2559341	.09485088	0
1159.15	0	.6481999	.2565439	.09525626	0
1158.15	0	.6471883	.257151	.09566069	0
1157.15	0	.6461803	.2577555	.09606416	0
1156.15	0	.6451759	.2583574	.09646668	0
1155.15	0	.6441751	.2589566	.09686824	0
1154.15	0	.6431778	.2595533	.09726888	0
1153.15	0	.6421842	.2601473	.09766855	0
1152.15	0	.6411941	.2607386	.09806728	0
1151.15	0	.6402076	.2613274	.09846507	0
1150.15	0	.6392246	.2619135	.09886192	0
1149.15	0	.6382452	.262497	.09925784	0
1148.15	0	.6372694	.2630778	.09965283	0
1147.15	0	.6362971	.263656	.1000469	0
1146.15	0	.6353284	.2642316	.10044	0
1145.15	0	.6343632	.2648046	.1008322	0
1144.15	0	.6334016	.2653749	.1012235	0
1143.15	0	.6324436	.2659426	.1016139	0
1142.15	0	.631489	.2665076	.1020033	0
1141.15	0	.6305381	.2670701	.1023919	0
1140.15	0	.6295907	.2676298	.1027795	0
1139.15	0	.6286468	.268187	.1031662	0
1138.15	0	.6277065	.2687415	.103552	0
1137.15	0	.6267697	.2692934	.103937	0
1136.15	0	.6258364	.2698426	.1043209	0
1135.15	0	.6249067	.2703892	.1047041	0
1134.15	0	.6239806	.2709332	.1050863	0
1133.15	0	.6230579	.2714745	.1054676	0
1132.15	0	.6221389	.2720131	.105848	0
1131.15	0	.6212233	.2725491	.1062276	0
1130.15	0	.6203113	.2730825	.1066062	0
1129.15	0	.6194028	.2736132	.106984	0
1128.15	0	.6184978	.2741413	.1073609	0
1127.15	0	.6175964	.2746667	.1077369	0
1126.15	0	.6166985	.2751895	.108112	0
1125.15	0	.6158041	.2757096	.1084863	0
1124.15	0	.6149133	.2762271	.1088596	0
1123.15	0	.614026	.2767419	.1092321	0
1122.15	0	.6131422	.277254	.1096038	0
1121.15	0	.612262	.2777635	.1099746	0
1120.15	0	.6113852	.2782703	.1103444	0
1119.15	0	.6105121	.2787745	.1107135	0
1118.15	0	.6096424	.2792759	.1110817	0
1117.15	0	.6087762	.2797748	.111449	0
1116.15	0	.6079136	.2802709	.1118155	0
1115.15	0	.6070545	.2807644	.1121811	0
1114.15	0	.606199	.2812552	.1125459	0
1113.15	0	.605347	.2817433	.1129098	0
1112.15	0	.6044985	.2822287	.1132728	0
1111.15	0	.6036535	.2827115	.113635	0
1110.15	0	.6028121	.2831915	.1139964	0
1109.15	0	.6019741	.2836689	.1143569	0
1108.15	0	.6011398	.2841436	.1147166	0
1107.15	0	.6003089	.2846156	.1150755	0
1106.15	0	.5994816	.2850849	.1154335	0
1105.15	0	.5986578	.2855515	.1157907	0
1104.15	0	.5978375	.2860155	.116147	0
1103.15	0	.5970208	.2864767	.1165025	0
1102.15	0	.5962076	.2869352	.1168572	0
1101.15	0	.595398	.287391	.1172111	0
1100.15	0	.5945919	.2878441	.1175641	0
1099.15	0	.5937893	.2882944	.1179163	0
1098.15	0	.5929903	.2887421	.1182677	0
1097.15	0	.5921947	.289187	.1186182	0
1096.15	0	.5914028	.2896293	.118968	0
1095.15	0	.5906144	.2900687	.1193169	0
1094.15	0	.5898295	.2905055	.119665	0
1093.15	0	.5890482	.2909395	.1200123	0
1092.15	0	.5882704	.2913708	.1203588	0
1091.15	0	.5874962	.2917994	.1207044	0
1090.15	0	.5867255	.2922252	.1210493	0
1089.15	0	.5859584	.2926483	.1213933	0
1088.15	0	.5851948	.2930687	.1217366	0
1087.15	0	.5844348	.2934862	.122079	0
1086.15	0	.5836783	.2939011	.1224206	0
1085.15	0	.5829254	.2943131	.1227615	0
1084.15	0	.5821761	.2947224	.1231015	0
1083.15	0	.5814303	.295129	.1234407	0
1082.15	0	.5806881	.2955328	.1237791	0
1081.15	0	.5799495	.2959338	.1241168	0
1080.15	0	.5792144	.296332	.1244536	0
1079.15	0	.5784829	.2967275	.1247896	0
1078.15	0	.577755	.2971201	.1251249	0
1077.15	0	.5770307	.29751	.1254593	0
1076.15	0	.5763099	.2978971	.125793	0
1075.15	0	.5755927	.2982814	.1261259	0
1074.15	0	.5748792	.2986629	.1264579	0
1073.15	0	.5741692	.2990416	.1267892	0
1072.15	0	.5734628	.2994175	.1271197	0
1071.15	0	.57276	.2997906	.1274495	0
1070.15	0	.5720607	.3001609	.1277784	0
1069.15	0	.5713651	.3005283	.1281066	0
1068.15	0	.5706731	.3008929	.1284339	0
1067.15	0	.5699847	.3012548	.1287605	0
1066.15	0	.5692999	.3016137	.1290863	0
1065.15	0	.5686188	.3019699	.1294114	0
1064.15	0	.5679412	.3023232	.1297356	0
1063.15	0	.5672673	.3026736	.1300591	0
1062.15	0	.566597	.3030212	.1303818	0
1061.15	0	.5659303	.303366	.1307037	0
1060.15	0	.5652673	.3037079	.1310248	0
1059.15	0	.5646079	.3040469	.1313452	0
1058.15	0	.5639521	.3043831	.1316648	0
1057.15	0	.5633	.3047164	.1319836	0
1056.15	0	.5626515	.3050468	.1323017	0
1055.15	0	.5620067	.3053744	.1326189	0
1054.15	0	.5613655	.3056991	.1329355	0
1053.15	0	.560728	.3060208	.1332512	0
1052.15	0	.5600941	.3063397	.1335662	0
1051.15	0	.5594639	.3066557	.1338804	0
1050.15	0	.5588374	.3069688	.1341938	0
1049.15	0	.5582146	.307279	.1345064	0
1048.15	0	.5575954	.3075863	.1348183	0
1047.15	0	.5569799	.3078906	.1351295	0
1046.15	0	.5563681	.308192	.1354398	0
1045.15	0	.5557601	.3084905	.1357494	0
1044.15	0	.5551557	.3087861	.1360582	0
1043.15	0	.554555	.3090788	.1363663	0
1042.15	0	.553958	.3093685	.1366736	0
1041.15	0	.5533647	.3096552	.1369801	0
1040.15	0	.5527751	.309939	.1372859	0
1039.15	0	.5521893	.3102199	.1375909	0
1038.15	0	.5516072	.3104977	.1378951	0
1037.15	0	.5510288	.3107727	.1381986	0
1036.15	0	.5504541	.3110446	.1385013	0
1035.15	0	.5498832	.3113136	.1388032	0
1034.15	0	.549316	.3115796	.1391044	0
1033.15	0	.5487526	.3118426	.1394048	0
1032.15	0	.5481929	.3121026	.1397045	0
1031.15	0	.547637	.3123596	.1400033	0
1030.15	0	.5470849	.3126137	.1403015	0
1029.15	0	.5465365	.3128647	.1405988	0
1028.15	0	.5459919	.3131127	.1408954	0
1027.15	0	.5454511	.3133577	.1411912	0
1026.15	0	.5449141	.3135997	.1414863	0
1025.15	0	.5443808	.3138386	.1417806	0
1024.15	0	.5438514	.3140746	.1420741	0
1023.15	0	.5433257	.3143075	.1423668	0
1022.15	0	.5428039	.3145373	.1426588	0
1021.15	0	.5422858	.3147641	.14295	0
1020.15	0	.5417716	.3149879	.1432405	0
1019.15	0	.5412612	.3152086	.1435302	0
1018.15	0	.5407547	.3154262	.1438191	0
1017.15	0	.540252	.3156408	.1441072	0
1016.15	0	.5397531	.3158523	.1443946	0
1015.15	0	.539258	.3160608	.1446812	0
1014.15	0	.5387668	.3162661	.144967	0
1013.15	0	.5382795	.3164684	.1452521	0
1012.15	0	.537796	.3166676	.1455364	0
1011.15	0	.5373164	.3168637	.1458199	0
1010.15	0	.5368406	.3170567	.1461026	0
1009.15	0	.5363688	.3172467	.1463846	0
1008.15	0	.5359008	.3174335	.1466658	0
1007.15	0	.5354367	.3176172	.1469462	0
1006.15	0	.5349765	.3177977	.1472258	0
1005.15	0	.5345201	.3179752	.1475047	0
1004.15	0	.5340677	.3181495	.1477827	0
1003.15	0	.5336192	.3183208	.14806	0
1002.15	0	.5331747	.3184888	.1483365	0
1001.15	0	.532734	.3186538	.1486122	0
1000.15	0	.5322973	.3188156	.1488871	0
999.15	0	.5318644	.3189743	.1491613	0
998.15	0	.5314356	.3191298	.1494346	0
997.15	0	.5310107	.3192822	.1497072	0
996.15	0	.5305897	.3194314	.1499789	0
995.15	0	.5301726	.3195775	.1502499	0
994.15	0	.5297596	.3197204	.1505201	0
993.15	0	.5293504	.3198601	.1507894	0
992.15	0	.5289453	.3199967	.151058	0
991.15	0	.5285441	.3201301	.1513258	0
990.15	0	.5281469	.3202603	.1515928	0
989.15	0	.5277537	.3203874	.1518589	0
988.15	0	.5273645	.3205113	.1521243	0
987.15	0	.5269792	.320632	.1523888	0
986.15	0	.526598	.3207495	.1526525	0
985.15	0	.5262207	.3208638	.1529155	0
984.15	0	.5258475	.320975	.1531776	0
983.15	0	.5254782	.3210829	.1534388	0
982.15	0	.525113	.3211877	.1536993	0
981.15	0	.5247518	.3212893	.1539589	0
980.15	0	.5243946	.3213877	.1542177	0
979.15	0	.5240414	.3214828	.1544757	0
978.15	0	.5236923	.3215748	.1547329	0
977.15	0	.5233472	.3216636	.1549892	0
976.15	0	.5230061	.3217492	.1552446	0
975.15	0	.5226691	.3218316	.1554993	0
974.15	0	.5223361	.3219108	.1557531	0
973.15	0	.5220072	.3219868	.156006	0
972.15	0	.5216823	.3220596	.1562581	0
971.15	0	.5213614	.3221292	.1565094	0
970.15	0	.5210446	.3221956	.1567597	0
969.15	0	.5207319	.3222589	.1570092	0
968.15	0	.5204232	.3223189	.1572579	0
967.15	0	.5201186	.3223757	.1575057	0
966.15	0	.5198181	.3224293	.1577526	0
965.15	0	.5195215	.3224798	.1579987	0
964.15	0	.5192291	.322527	.1582438	0
963.15	0	.5189408	.3225711	.1584881	0
962.15	0	.5186565	.322612	.1587315	0
961.15	0	.5183762	.3226497	.1589741	0
960.15	0	.5181001	.3226843	.1592157	0
959.15	0	.517828	.3227156	.1594564	0
958.15	0	.51756	.3227438	.1596962	0
957.15	0	.517296	.3227689	.1599351	0
956.15	0	.5170361	.3227908	.1601731	0
955.15	0	.5167803	.3228095	.1604102	0
954.15	0	.5165286	.3228251	.1606464	0
953.15	0	.5162809	.3228375	.1608816	0
952.15	0	.5160373	.3228469	.1611159	0
951.15	0	.5157977	.322853	.1613493	0
950.15	0	.5155622	.3228561	.1615817	0
949.15	0	.5153307	.3228561	.1618132	0
948.15	0	.5151033	.322853	.1620437	0
947.15	0	.51488	.3228467	.1622733	0
946.15	0	.5146607	.3228374	.1625019	0
945.15	0	.5144454	.3228251	.1627295	0
944.15	0	.5142342	.3228096	.1629562	0
943.15	0	.5140269	.3227912	.1631819	0
942.15	0	.5138238	.3227696	.1634066	0
941.15	0	.5136246	.3227451	.1636303	0
940.15	0	.5134295	.3227175	.163853	0
939.15	0	.5132383	.322687	.1640747	0
938.15	0	.5130512	.3226534	.1642954	0
937.15	0	.512868	.3226169	.1645151	0
936.15	0	.5126888	.3225774	.1647337	0
935.15	0	.5125136	.322535	.1649513	0
934.15	0	.5123424	.3224897	.1651679	0
933.15	0	.5121751	.3224415	.1653835	0
932.15	0	.5120117	.3223903	.1655979	0
931.15	0	.5118523	.3223364	.1658113	0
930.15	0	.5116968	.3222795	.1660237	0
929.15	0	.5115452	.3222199	.1662349	0
928.15	0	.5113975	.3221574	.1664451	0
927.15	0	.5112536	.3220922	.1666542	0
926.15	0	.5111137	.3220241	.1668622	0
925.15	0	.5109775	.3219534	.1670691	0
924.15	0	.5108452	.32188	.1672748	0
923.15	0	.5107168	.3218038	.1674794	0
922.15	0	.5105921	.321725	.1676829	0
921.15	0	.5104712	.3216436	.1678853	0
920.15	0	.510354	.3215596	.1680864	0
919.15	0	.5102406	.3214729	.1682865	0
918.15	0	.5101309	.3213838	.1684853	0
917.15	0	.5100249	.3212922	.1686829	0
916.15	0	.5099226	.321198	.1688794	0
915.15	0	.5098239	.3211015	.1690746	0
914.15	0	.5097289	.3210025	.1692687	0
913.15	0	.5096374	.3209012	.1694615	0
912.15	0	.5095495	.3207975	.169653	0
911.15	0	.5094652	.3206915	.1698433	0
910.15	0	.5093844	.3205833	.1700324	0
909.15	0	.509307	.3204728	.1702201	0
908.15	0	.5092331	.3203602	.1704066	0
907.15	0	.5091627	.3202455	.1705918	0
906.15	0	.5090956	.3201287	.1707757	0
905.15	0	.5090319	.3200099	.1709582	0
904.15	0	.5089715	.3198891	.1711394	0
903.15	0	.5089144	.3197663	.1713193	0
902.15	0	.5088606	.3196417	.1714977	0
901.15	0	.5088099	.3195153	.1716749	0
900.15	0	.5087624	.319387	.1718506	0
899.15	0	.5087181	.3192571	.1720249	0
898.15	0	.5086768	.3191255	.1721977	0
897.15	0	.5086385	.3189923	.1723692	0
896.15	0	.5086032	.3188576	.1725391	0
895.15	0	.5085709	.3187215	.1727076	0
894.15	0	.5085415	.3185839	.1728747	0
893.15	0	.5085149	.318445	.1730402	0
892.15	0	.5084911	.3183048	.1732041	0
891.15	0	.50847	.3181635	.1733666	0
890.15	0	.5084516	.318021	.1735275	0
889.15	0	.5084357	.3178775	.1736868	0
888.15	0	.5084225	.3177331	.1738445	0
887.15	0	.5084117	.3175877	.1740005	0
886.15	0	.5084034	.3174416	.174155	0
885.15	0	.5083974	.3172948	.1743078	0
884.15	0	.5083938	.3171474	.1744589	0
883.15	0	.5083923	.3169995	.1746083	0
882.15	0	.508393	.3168511	.1747559	0
881.15	0	.5083957	.3167024	.1749019	0
880.15	0	.5084005	.3165535	.175046	0
879.15	0	.5084071	.3164045	.1751883	0
878.15	0	.5084156	.3162555	.1753289	0
877.15	0	.5084258	.3161066	.1754676	0
876.15	0	.5084377	.3159579	.1756044	0
875.15	0	.5084511	.3158096	.1757392	0
874.15	0	.5084661	.3156618	.1758722	0
873.15	0	.5084823	.3155145	.1760032	0
872.15	0	.5084999	.315368	.1761322	0
871.15	0	.5085185	.3152223	.1762592	0
870.15	0	.5085383	.3150777	.1763841	0
869.15	0	.508559	.3149342	.1765069	0
868.15	0	.5085805	.314792	.1766276	0
867.15	0	.5086027	.3146512	.1767461	0
866.15	0	.5086255	.3145122	.1768624	0
865.15	0	.5086487	.3143749	.1769765	0
864.15	0	.5086722	.3142395	.1770883	0
863.15	0	.5086959	.3141064	.1771977	0
862.15	0	.5087196	.3139756	.1773048	0
861.15	0	.5087432	.3138473	.1774095	0
860.15	0	.5087665	.3137218	.1775117	0
859.15	0	.5087894	.3135992	.1776114	0
858.15	0	.5088116	.3134799	.1777085	0
857.15	0	.5088331	.3133639	.177803	0
856.15	0	.5088536	.3132516	.1778948	0
855.15	0	.5088729	.3131433	.1779839	0
854.15	0	.5088908	.3130391	.1780701	0
853.15	0	.5089071	.3129394	.1781535	0
852.15	0	.5089216	.3128445	.1782339	0
851.15	0	.5089341	.3127546	.1783113	0
850.15	0	.5089442	.3126701	.1783857	0
849.15	0	.5089518	.3125914	.1784568	0
848.15	0	.5089566	.3125187	.1785247	0
847.15	0	.5089583	.3124525	.1785892	0
846.15	0	.5089566	.3123932	.1786502	0
845.15	0	.5089511	.3123412	.1787077	0
844.15	0	.5089416	.312297	.1787615	0
843.15	0	.5089276	.312261	.1788115	0
842.15	0	.5089088	.3122337	.1788575	0
841.15	0	.5088847	.3122158	.1788995	0
840.15	0	.508855	.3122077	.1789373	0
839.15	0	.5088191	.3122102	.1789707	0
838.15	0	.5087765	.3122239	.1789996	0
837.15	0	.5087267	.3122495	.1790237	0
836.15	0	.5086692	.3122879	.179043	0
835.15	0	.5086031	.3123399	.179057	0
834.15	0	.5085279	.3124064	.1790657	0
833.15	0	.5084427	.3124885	.1790687	0
832.15	0	.5083468	.3125874	.1790658	0
831.15	0	.5082392	.3127042	.1790567	0
830.15	0	.5081188	.3128403	.1790409	0
829.15	0	.5075473	.3135593	.1788934	0
828.15	0	.507019	.3142288	.1787522	0
827.15	0	.5065511	.3148265	.1786225	0
826.15	0	.5061368	.3153605	.1785027	0
825.15	0	.5057706	.3158377	.1783917	0
824.15	0	.5054474	.3162642	.1782884	0
823.15	0	.5051633	.3166448	.1781919	0
822.15	0	.5049146	.316984	.1781014	0
821.15	0	.5046981	.3172855	.1780163	0
820.15	0	.5045111	.3175528	.1779362	0
819.15	0	.504351	.3177887	.1778604	0
818.15	0	.5042156	.3179958	.1777886	0
817.15	0	.504103	.3181766	.1777204	0
816.15	0	.5040113	.3183332	.1776555	0
815.15	0	.503939	.3184674	.1775936	0
814.15	0	.5038846	.3185809	.1775345	0
813.15	0	.5038467	.3186754	.1774779	0
812.15	0	.5038241	.3187523	.1774236	0
811.15	0	.5038157	.3188129	.1773714	0
810.15	0	.5038204	.3188583	.1773213	0
809.15	0	.5038373	.3188898	.1772729	0
808.15	0	.5038656	.3189082	.1772263	0
807.15	0	.5039043	.3189145	.1771811	0
806.15	0	.5039528	.3189097	.1771375	0
805.15	0	.5040104	.3188944	.1770952	0
804.15	0	.5040763	.3188696	.1770541	0
803.15	0	.5041501	.3188357	.1770142	0
802.15	0	.5042311	.3187935	.1769754	0
801.15	0	.5043188	.3187436	.1769376	0
800.15	0	.5044128	.3186865	.1769007	0
799.15	0	.5045125	.3186228	.1768647	0
798.15	0	.5046176	.3185529	.1768295	0
797.15	0	.5047276	.3184773	.1767951	0
796.15	0	.5048422	.3183965	.1767614	0
795.15	0	.504961	.3183107	.1767283	0
794.15	0	.5050837	.3182204	.1766959	0
793.15	0	.50521	.318126	.1766641	0
792.15	0	.5053395	.3180277	.1766328	0
791.15	0	.5054721	.3179259	.176602	0
790.15	0	.5056074	.3178209	.1765717	0
789.15	0	.5057453	.3177129	.1765418	0
788.15	0	.5058854	.3176022	.1765124	0
787.15	0	.5060276	.3174891	.1764833	0
786.15	0	.5061717	.3173737	.1764546	0
785.15	0	.5063175	.3172562	.1764263	0
784.15	0	.5064648	.317137	.1763983	0
783.15	0	.5066134	.3170161	.1763705	0
782.15	0	.5067632	.3168937	.1763431	0
781.15	0	.506914	.3167701	.1763159	0
780.15	0	.5070658	.3166453	.1762889	0
779.15	0	.5072183	.3165195	.1762622	0
778.15	0	.5073714	.3163929	.1762357	0
777.15	0	.5075251	.3162655	.1762094	0
776.15	0	.5076792	.3161376	.1761833	0
775.15	0	.5078336	.3160091	.1761573	0
774.15	0	.5079882	.3158803	.1761315	0
773.15	0	.5081429	.3157513	.1761058	0
772.15	0	.5082976	.315622	.1760803	0
771.15	0	.5084523	.3154927	.1760549	0
770.15	0	.5086069	.3153635	.1760296	0
769.15	0	.5087613	.3152343	.1760045	0
768.15	0	.5089154	.3151052	.1759794	0
767.15	0	.5090692	.3149765	.1759544	0
766.15	0	.5092225	.314848	.1759295	0
765.15	0	.5093755	.3147199	.1759046	0
764.15	0	.5095279	.3145922	.1758798	0
763.15	0	.5096798	.3144651	.1758551	0
762.15	0	.5098311	.3143384	.1758305	0
761.15	0	.5099818	.3142124	.1758058	0
760.15	0	.5101318	.314087	.1757813	0
759.15	0	.510281	.3139623	.1757567	0
758.15	0	.5104295	.3138383	.1757322	0
757.15	0	.5105773	.313715	.1757077	0
756.15	0	.5107242	.3135926	.1756833	0
755.15	0	.5108702	.313471	.1756588	0
754.15	0	.5110154	.3133502	.1756344	0
753.15	0	.5111597	.3132303	.17561	0
752.15	0	.5113031	.3131114	.1755855	0
751.15	0	.5114484	.3129912	.1755604	0
750.15	0	.5115897	.3128743	.175536	0
749.15	0	.5117299	.3127585	.1755116	0
748.15	0	.5118692	.3126436	.1754872	0
747.15	0	.5120075	.3125297	.1754628	0
746.15	0	.5121447	.3124169	.1754384	0
745.15	0	.512281	.3123051	.1754139	0
744.15	0	.5124162	.3121944	.1753895	0
743.15	0	.5125503	.3120847	.175365	0
742.15	0	.5126834	.3119762	.1753405	0
741.15	0	.5128154	.3118687	.1753159	0
740.15	0	.5129463	.3117624	.1752913	0
739.15	0	.5130761	.3116571	.1752667	0
738.15	0	.5132049	.311553	.1752421	0
737.15	0	.5133325	.3114501	.1752174	0
736.15	0	.5134591	.3113483	.1751927	0
735.15	0	.5135845	.3112476	.1751679	0
734.15	0	.5137088	.3111481	.1751431	0
733.15	0	.513832	.3110497	.1751183	0
732.15	0	.5139541	.3109525	.1750934	0
731.15	0	.514075	.3108565	.1750685	0
730.15	0	.5141949	.3107616	.1750435	0
729.15	0	.5143136	.3106679	.1750185	0
728.15	0	.5144312	.3105753	.1749935	0
727.15	0	.5145477	.310484	.1749683	0
726.15	0	.5146631	.3103937	.1749432	0
725.15	0	.5147773	.3103047	.174918	0
724.15	0	.5148905	.3102168	.1748927	0
723.15	0	.5150025	.3101301	.1748674	0
722.15	0	.5151134	.3100445	.1748421	0
721.15	0	.5152232	.3099601	.1748167	0
720.15	0	.5153319	.3098769	.1747912	0
719.15	0	.5154395	.3097948	.1747657	0
718.15	0	.515546	.3097139	.1747401	0
717.15	0	.5156514	.3096341	.1747145	0
716.15	0	.5157557	.3095555	.1746889	0
715.15	0	.5158589	.3094779	.1746631	0
714.15	0	.5159611	.3094016	.1746373	0
713.15	0	.5160622	.3093263	.1746115	0
712.15	0	.5161622	.3092522	.1745856	0
711.15	0	.5162611	.3091792	.1745597	0
710.15	0	.516359	.3091073	.1745337	0
709.15	0	.5164559	.3090365	.1745076	0
708.15	0	.5165517	.3089668	.1744815	0
707.15	0	.5166464	.3088983	.1744554	0
706.15	0	.5167401	.3088308	.1744291	0
705.15	0	.5168328	.3087644	.1744029	0
704.15	0	.5169244	.308699	.1743765	0
703.15	0	.5170151	.3086348	.1743501	0
702.15	0	.5171047	.3085716	.1743237	0
701.15	0	.5171934	.3085094	.1742972	0
700.15	0	.517281	.3084483	.1742707	0
699.15	0	.5173677	.3083883	.174244	0
698.15	0	.5174533	.3083293	.1742174	0
697.15	0	.517538	.3082713	.1741907	0
696.15	0	.5176217	.3082144	.1741639	0
695.15	0	.5177045	.3081585	.1741371	0
694.15	0	.5177863	.3081035	.1741102	0
693.15	0	.5178671	.3080496	.1740833	0
692.15	0	.517947	.3079967	.1740563	0
691.15	0	.518026	.3079448	.1740292	0
690.15	0	.5181041	.3078938	.1740022	0
689.15	0	.5181812	.3078438	.173975	0
688.15	0	.5182574	.3077948	.1739478	0
687.15	0	.5183327	.3077467	.1739206	0
686.15	0	.5184071	.3076996	.1738932	0
685.15	0	.5184806	.3076535	.1738659	0
684.15	0	.5185533	.3076082	.1738385	0
683.15	0	.518625	.307564	.173811	0
682.15	0	.5186959	.3075206	.1737835	0
681.15	0	.5187659	.3074781	.173756	0
680.15	0	.5188351	.3074366	.1737284	0
679.15	0	.5189034	.3073959	.1737007	0
678.15	0	.5189709	.3073561	.173673	0
677.15	0	.5190375	.3073172	.1736452	0
676.15	0	.5191033	.3072792	.1736174	0
675.15	0	.5191683	.3072421	.1735896	0
674.15	0	.5192325	.3072058	.1735617	0
673.15	0	.5192959	.3071704	.1735337	0
672.15	0	.5193585	.3071358	.1735057	0
671.15	0	.5194202	.3071021	.1734777	0
670.15	0	.5194812	.3070692	.1734496	0
669.15	0	.5195414	.3070371	.1734215	0
668.15	0	.5196009	.3070058	.1733933	0
667.15	0	.5196595	.3069754	.1733651	0
666.15	0	.5197174	.3069457	.1733368	0
665.15	0	.5197746	.3069169	.1733085	0
664.15	0	.519831	.3068888	.1732802	0
663.15	0	.5198867	.3068615	.1732518	0
662.15	0	.5199416	.306835	.1732233	0
661.15	0	.5199958	.3068093	.1731949	0
660.15	0	.5200493	.3067843	.1731664	0
659.15	0	.5201021	.3067601	.1731378	0
658.15	0	.5201542	.3067366	.1731092	0
657.15	0	.5202056	.3067139	.1730806	0
656.15	0	.5202562	.3066918	.1730519	0
655.15	0	.5203062	.3066706	.1730232	0
654.15	0	.5203556	.30665	.1729945	0
653.15	0	.5204042	.3066301	.1729657	0
652.15	0	.5204522	.306611	.1729369	0
651.15	0	.5204995	.3065925	.172908	0
650.15	0	.5205461	.3065748	.1728791	0
649.15	0	.5205921	.3065577	.1728502	0
648.15	0	.5206375	.3065413	.1728212	0
647.15	0	.5206822	.3065256	.1727922	0
646.15	0	.5207263	.3065105	.1727632	0
645.15	0	.5207697	.3064961	.1727342	0
644.15	0	.5208126	.3064824	.1727051	0
643.15	0	.5208548	.3064693	.1726759	0
642.15	0	.5208964	.3064568	.1726468	0
641.15	0	.5209374	.306445	.1726176	0
640.15	0	.5209778	.3064338	.1725884	0
639.15	0	.5210176	.3064232	.1725592	0
638.15	0	.5210568	.3064133	.1725299	0
637.15	0	.5210955	.3064039	.1725006	0
636.15	0	.5211335	.3063952	.1724713	0
635.15	0	.521171	.306387	.172442	0
634.15	0	.521208	.3063794	.1724126	0
633.15	0	.5212444	.3063725	.1723832	0
632.15	0	.5212802	.3063661	.1723538	0
631.15	0	.5213155	.3063602	.1723243	0
630.15	0	.5213502	.306355	.1722948	0
629.15	0	.5213844	.3063503	.1722654	0
628.15	0	.521418	.3063461	.1722358	0
627.15	0	.5214512	.3063425	.1722063	0
626.15	0	.5214838	.3063395	.1721768	0
625.15	0	.5215159	.3063369	.1721472	0
624.15	0	.5215474	.306335	.1721176	0
623.15	0	.5215785	.3063335	.172088	0
622.15	0	.5216091	.3063326	.1720584	0
621.15	0	.5216391	.3063322	.1720287	0
620.15	0	.5216687	.3063323	.1719991	0
619.15	0	.5216977	.3063329	.1719694	0
618.15	0	.5217264	.306334	.1719397	0
617.15	0	.5217545	.3063355	.17191	0
616.15	0	.5217821	.3063376	.1718803	0
615.15	0	.5218093	.3063402	.1718505	0
614.15	0	.521836	.3063432	.1718208	0
613.15	0	.5218622	.3063468	.171791	0
612.15	0	.521888	.3063507	.1717613	0
611.15	0	.5219133	.3063552	.1717315	0
610.15	0	.5219382	.3063601	.1717017	0
609.15	0	.5219627	.3063655	.1716719	0
608.15	0	.5219867	.3063713	.1716421	0
607.15	0	.5220102	.3063775	.1716123	0
606.15	0	.5220334	.3063842	.1715824	0
605.15	0	.5220561	.3063913	.1715526	0
604.15	0	.5220784	.3063989	.1715228	0
603.15	0	.5221002	.3064068	.1714929	0
602.15	0	.5221217	.3064152	.1714631	0
601.15	0	.5221427	.306424	.1714332	0
600.15	0	.5221634	.3064332	.1714034	0
599.15	0	.5221836	.3064429	.1713735	0
598.15	0	.5222035	.3064529	.1713437	0
597.15	0	.5222229	.3064633	.1713138	0
596.15	0	.522242	.3064741	.1712839	0
595.15	0	.5222606	.3064853	.1712541	0
594.15	0	.5222789	.3064969	.1712242	0
593.15	0	.5222968	.3065088	.1711944	0
592.15	0	.5223144	.3065211	.1711645	0
591.15	0	.5223315	.3065338	.1711346	0
590.15	0	.5223483	.3065469	.1711048	0
589.15	0	.5223647	.3065603	.171075	0
588.15	0	.5223808	.3065741	.1710451	0
587.15	0	.5223965	.3065882	.1710153	0
586.15	0	.5224119	.3066027	.1709854	0
585.15	0	.5224269	.3066175	.1709556	0
584.15	0	.5224416	.3066326	.1709258	0
583.15	0	.5224559	.3066481	.170896	0
582.15	0	.5224699	.3066639	.1708662	0
581.15	0	.5224836	.30668	.1708364	0
580.15	0	.5224969	.3066965	.1708066	0
579.15	0	.5225099	.3067133	.1707769	0
578.15	0	.5225225	.3067304	.1707471	0
577.15	0	.5225349	.3067478	.1707173	0
576.15	0	.5225469	.3067655	.1706876	0
575.15	0	.5225586	.3067835	.1706579	0
574.15	0	.52257	.3068018	.1706282	0
573.15	0	.5225811	.3068204	.1705985	0
572.15	0	.5225919	.3068393	.1705688	0
571.15	0	.5226024	.3068584	.1705392	0
570.15	0	.5226126	.3068779	.1705095	0
569.15	0	.5226225	.3068976	.1704799	0
568.15	0	.5226321	.3069176	.1704503	0
567.15	0	.5226414	.3069379	.1704207	0
566.15	0	.5226504	.3069585	.1703911	0
565.15	0	.5226591	.3069793	.1703616	0
564.15	0	.5226676	.3070004	.1703321	0
563.15	0	.5226758	.3070217	.1703025	0
562.15	0	.5226837	.3070433	.1702731	0
561.15	0	.5226913	.3070651	.1702436	0
560.15	0	.5226987	.3070872	.1702142	0
559.15	0	.5227058	.3071095	.1701847	0
558.15	0	.5227126	.3071321	.1701554	0
557.15	0	.5227192	.3071548	.170126	0
556.15	0	.5227255	.3071779	.1700967	0
555.15	0	.5227315	.3072011	.1700673	0
554.15	0	.5227373	.3072246	.1700381	0
553.15	0	.5227429	.3072483	.1700088	0
552.15	0	.5227482	.3072722	.1699796	0
551.15	0	.5227533	.3072963	.1699504	0
550.15	0	.5227581	.3073207	.1699212	0
549.15	0	.5227627	.3073452	.1698921	0
548.15	0	.522767	.30737	.169863	0
547.15	0	.5227711	.307395	.1698339	0
546.15	0	.522775	.3074201	.1698049	0
545.15	0	.5227787	.3074455	.1697759	0
544.15	0	.5227821	.307471	.1697469	0
543.15	0	.5227853	.3074967	.169718	0
542.15	0	.5227883	.3075227	.1696891	0
541.15	0	.522791	.3075488	.1696602	0
540.15	0	.5227936	.3075751	.1696314	0
539.15	0	.5227959	.3076015	.1696026	0
538.15	0	.522798	.3076281	.1695738	0
537.15	0	.5228	.3076549	.1695451	0
536.15	0	.5228017	.3076819	.1695164	0
535.15	0	.5228031	.3077091	.1694878	0
534.15	0	.5228045	.3077364	.1694592	0
533.15	0	.5228056	.3077638	.1694307	0
532.15	0	.5228064	.3077914	.1694021	0
531.15	0	.5228072	.3078192	.1693737	0
530.15	0	.5228077	.3078471	.1693453	0
529.15	0	.522808	.3078752	.1693169	0
528.15	0	.5228081	.3079034	.1692885	0
527.15	0	.522808	.3079317	.1692603	0
526.15	0	.5228078	.3079602	.169232	0
525.15	0	.5228074	.3079888	.1692038	0
524.15	0	.5228068	.3080176	.1691757	0
523.15	0	.522806	.3080465	.1691476	0
522.15	0	.522805	.3080755	.1691195	0
521.15	0	.5228039	.3081046	.1690915	0
520.15	0	.5228026	.3081339	.1690635	0
519.15	0	.5228011	.3081632	.1690356	0
518.15	0	.5227995	.3081927	.1690078	0
517.15	0	.5227977	.3082223	.16898	0
516.15	0	.5227957	.3082521	.1689522	0
515.15	0	.5227936	.3082819	.1689245	0
514.15	0	.5227913	.3083118	.1688969	0
513.15	0	.5227888	.3083419	.1688693	0
512.15	0	.5227862	.308372	.1688418	0
511.15	0	.5227835	.3084022	.1688143	0
510.15	0	.5227806	.3084326	.1687869	0
509.15	0	.5227775	.308463	.1687595	0
508.15	0	.5227743	.3084935	.1687322	0
507.15	0	.5227709	.3085241	.1687049	0
506.15	0	.5227675	.3085548	.1686777	0
505.15	0	.5227638	.3085856	.1686506	0
504.15	0	.52276	.3086165	.1686235	0
503.15	0	.5227561	.3086474	.1685965	0
502.15	0	.522752	.3086784	.1685696	0
501.15	0	.5227478	.3087095	.1685427	0
500.15	0	.5227435	.3087407	.1685158	0
499.15	0	.5227392	.3087719	.1684889	0
498.15	0	.5227346	.3088032	.1684622	0
497.15	0	.5227299	.3088345	.1684356	0
496.15	0	.5227251	.3088659	.168409	0
495.15	0	.5227201	.3088974	.1683825	0
494.15	0	.522715	.308929	.168356	0
493.15	0	.5227098	.3089606	.1683296	0
492.15	0	.5227045	.3089922	.1683033	0
491.15	0	.522699	.3090239	.1682771	0
490.15	0	.5226934	.3090557	.1682509	0
489.15	0	.5226878	.3090875	.1682248	0
488.15	0	.5226819	.3091193	.1681988	0
487.15	0	.522676	.3091512	.1681728	0
486.15	0	.52267	.3091831	.1681469	0
485.15	0	.5226639	.3092151	.168121	0
484.15	0	.5226576	.3092471	.1680953	0
483.15	0	.5226513	.3092791	.1680696	0
482.15	0	.5226448	.3093112	.168044	0
481.15	0	.5226383	.3093433	.1680184	0
480.15	0	.5226316	.3093754	.167993	0
479.15	0	.5226249	.3094076	.1679676	0
478.15	0	.522618	.3094397	.1679423	0
477.15	0	.5226111	.3094719	.167917	0
476.15	0	.522604	.3095041	.1678919	0
475.15	0	.5225969	.3095364	.1678668	0
474.15	0	.5225897	.3095686	.1678418	0
473.15	0	.5225823	.3096009	.1678168	0
472.15	0	.5225749	.3096331	.167792	0
471.15	0	.5225674	.3096654	.1677672	0
470.15	0	.5225598	.3096977	.1677425	0
469.15	0	.5225521	.30973	.1677179	0
468.15	0	.5225444	.3097623	.1676933	0
467.15	0	.5225365	.3097946	.1676689	0
466.15	0	.5225286	.3098269	.1676445	0
465.15	0	.5225206	.3098592	.1676202	0
464.15	0	.5225125	.3098915	.167596	0
463.15	0	.5225044	.3099238	.1675718	0
462.15	0	.5224961	.3099561	.1675478	0
461.15	0	.5224878	.3099884	.1675238	0
460.15	0	.5224794	.3100206	.1675	0
459.15	0	.522471	.3100529	.1674762	0
458.15	0	.5224624	.3100851	.1674525	0
457.15	0	.5224538	.3101174	.1674288	0
456.15	0	.5224451	.3101496	.1674053	0
455.15	0	.5224364	.3101818	.1673818	0
454.15	0	.5224276	.3102139	.1673585	0
453.15	0	.5224187	.3102461	.1673352	0
452.15	0	.5224098	.3102782	.167312	0
451.15	0	.5224008	.3103103	.1672889	0
450.15	0	.5223917	.3103424	.1672659	0
449.15	0	.5223826	.3103744	.167243	0
448.4571	0	.5223763	.3103965	.1672272	0
448.4571	0	.5223763	.3103965	.1672272	0
448.4571	0	.5223763	.3103965	.1672272	0
448.15	0	.522451	.3102291	.1671329	1.870181E-04
447.15	0	.5226935	.309685	.1668264	7.95146E-04
446.15	0	.522935	.3091424	.1665205	.001402065
445.15	0	.5231757	.3086012	.1662154	.002007787
444.15	0	.5234153	.3080615	.1659109	.002612324
443.15	0	.5236541	.3075231	.1656071	.003215686
442.15	0	.523892	.3069862	.1653039	.003817886
441.15	0	.524129	.3064506	.1650015	.004418935
440.15	0	.5243651	.3059164	.1646996	.005018843
439.15	0	.5246003	.3053835	.1643985	.005617622
438.15	0	.5248348	.3048519	.164098	.006215282
437.15	0	.5250684	.3043216	.1637982	.006811834
436.15	0	.5253011	.3037926	.163499	.007407289
435.15	0	.5255331	.3032648	.1632004	.008001656
434.15	0	.5257643	.3027382	.1629025	.008594947
433.15	0	.5259948	.3022128	.1626053	.009187171
432.15	0	.5262244	.3016886	.1623086	.009778338
431.15	0	.5264534	.3011656	.1620126	.01036846
430.15	0	.5266816	.3006437	.1617173	.01095754
429.15	0	.526909	.3001229	.1614225	.0115456
428.15	0	.5271358	.2996032	.1611284	.01213264
427.15	0	.5273619	.2990846	.1608348	.01271866
426.15	0	.5275873	.2985671	.1605419	.0133037
425.15	0	.527812	.2980507	.1602496	.01388774
424.15	0	.528036	.2975352	.1599579	.0144708
