T	 BPW(LIQUID)	BPW(BCC_A2)	BPW(FCC_A1)	BPW(LAVES_PHASE_C14)	BPW(NI3TI)
1473.15	.06390189	.7065204	0	.2295777	0
1472.15	.05952706	.7093471	0	.2311258	0
1471.15	.05523622	.7121146	0	.2326492	0
1470.15	.05102704	.7148244	0	.2341486	0
1469.15	.04689727	.7174781	0	.2356246	0
1468.15	.04284474	.7200773	0	.237078	0
1467.15	.03886735	.7226234	0	.2385093	0
1466.15	.03496306	.7251178	0	.2399192	0
1465.15	.03112993	.7275619	0	.2413082	0
1464.15	.02736607	.7299569	0	.242677	0
1463.15	.02366964	.7323043	0	.2440261	0
1462.15	.02003889	.7346051	0	.245356	0
1461.15	.0164721	.7368607	0	.2466672	0
1460.15	.01296763	.7390721	0	.2479603	0
1459.15	.009523881	.7412404	0	.2492357	0
1458.15	.006139306	.7433668	0	.2504939	0
1457.15	.002812411	.7454523	0	.2517353	0
1456.291	0	.7472115	0	.2527885	0
1456.291	0	.7472115	0	.2527885	0
1456.15	0	.7471301	0	.2528699	0
1455.15	0	.7465542	0	.2534458	0
1454.15	0	.7459798	0	.2540202	0
1453.15	0	.7454069	0	.2545931	0
1452.15	0	.7448355	0	.2551645	0
1451.15	0	.7442655	0	.2557345	0
1450.15	0	.743697	0	.256303	0
1449.15	0	.74313	0	.25687	0
1448.15	0	.7425644	0	.2574356	0
1447.15	0	.7420003	0	.2579997	0
1446.15	0	.7414376	0	.2585624	0
1445.15	0	.7408764	0	.2591236	0
1444.15	0	.7403166	0	.2596834	0
1443.15	0	.7397583	0	.2602417	0
1442.15	0	.7392014	0	.2607986	0
1441.15	0	.7386459	0	.2613541	0
1440.15	0	.7380918	0	.2619082	0
1439.15	0	.7375391	0	.2624609	0
1438.15	0	.7369879	0	.2630121	0
1437.15	0	.736438	0	.263562	0
1436.15	0	.7358896	0	.2641104	0
1435.15	0	.7353425	0	.2646575	0
1434.15	0	.7347968	0	.2652032	0
1433.15	0	.7342525	0	.2657475	0
1432.15	0	.7337096	0	.2662904	0
1431.15	0	.7331681	0	.2668319	0
1430.15	0	.7326279	0	.2673721	0
1429.15	0	.7320891	0	.2679109	0
1428.15	0	.7315516	0	.2684484	0
1427.15	0	.7310155	0	.2689845	0
1426.15	0	.7304808	0	.2695192	0
1425.15	0	.7299474	0	.2700526	0
1424.15	0	.7294153	0	.2705847	0
1423.15	0	.7288846	0	.2711154	0
1422.15	0	.7283552	0	.2716448	0
1421.15	0	.7278271	0	.2721729	0
1420.15	0	.7273004	0	.2726997	0
1419.15	0	.7267749	0	.2732251	0
1418.15	0	.7262508	0	.2737492	0
1417.15	0	.725728	0	.274272	0
1416.15	0	.7252065	0	.2747935	0
1415.15	0	.7246862	0	.2753138	0
1414.15	0	.7241673	0	.2758327	0
1413.15	0	.7236497	0	.2763503	0
1412.15	0	.7231333	0	.2768667	0
1411.15	0	.7226183	0	.2773817	0
1410.15	0	.7221045	0	.2778955	0
1409.15	0	.7215919	0	.2784081	0
1408.15	0	.7210807	0	.2789193	0
1407.15	0	.7205707	0	.2794293	0
1406.15	0	.720062	0	.279938	0
1405.15	0	.7195545	0	.2804455	0
1404.15	0	.7190483	0	.2809518	0
1403.15	0	.7185433	0	.2814567	0
1402.15	0	.7180395	0	.2819605	0
1401.15	0	.717537	0	.282463	0
1400.15	0	.7170357	0	.2829643	0
1399.15	0	.7165357	0	.2834643	0
1398.15	0	.7160369	0	.2839631	0
1397.15	0	.7155393	0	.2844607	0
1396.15	0	.7150429	0	.2849571	0
1395.15	0	.7145477	0	.2854523	0
1394.15	0	.7140538	0	.2859463	0
1393.15	0	.713561	0	.286439	0
1392.15	0	.7130694	0	.2869306	0
1391.15	0	.7125791	0	.2874209	0
1390.15	0	.7120899	0	.2879101	0
1389.15	0	.7116019	0	.2883981	0
1388.15	0	.7111151	0	.2888849	0
1387.15	0	.7106295	0	.2893705	0
1386.15	0	.710145	0	.289855	0
1385.15	0	.7096618	0	.2903382	0
1384.15	0	.7091797	0	.2908203	0
1383.15	0	.7086987	0	.2913013	0
1382.15	0	.7082189	0	.2917811	0
1381.15	0	.7077403	0	.2922597	0
1380.15	0	.7072628	0	.2927372	0
1379.15	0	.7067865	0	.2932135	0
1378.15	0	.7063113	0	.2936887	0
1377.15	0	.7058373	0	.2941627	0
1376.15	0	.7053644	0	.2946356	0
1375.15	0	.7048926	0	.2951074	0
1374.15	0	.704422	0	.295578	0
1373.15	0	.7039525	0	.2960475	0
1372.15	0	.7034841	0	.2965159	0
1371.15	0	.7030169	0	.2969831	0
1370.15	0	.7025507	0	.2974493	0
1369.15	0	.7020857	0	.2979143	0
1368.15	0	.7016217	0	.2983783	0
1367.15	0	.7011589	0	.2988411	0
1366.15	0	.7006972	0	.2993028	0
1365.15	0	.7002365	0	.2997635	0
1364.15	0	.699777	0	.300223	0
1363.15	0	.6993186	0	.3006814	0
1362.15	0	.6988612	0	.3011388	0
1361.15	0	.6984049	0	.3015951	0
1360.15	0	.6979497	0	.3020503	0
1359.15	0	.6974956	0	.3025044	0
1358.15	0	.6970426	0	.3029574	0
1357.15	0	.6965906	0	.3034094	0
1356.15	0	.6961397	0	.3038603	0
1355.15	0	.6956898	0	.3043102	0
1354.15	0	.6952411	0	.304759	0
1353.15	0	.6947933	0	.3052067	0
1352.15	0	.6943466	0	.3056534	0
1351.15	0	.693901	0	.306099	0
1350.15	0	.6934564	0	.3065436	0
1349.15	0	.6930129	0	.3069871	0
1348.15	0	.6925704	0	.3074296	0
1347.15	0	.6921289	0	.3078711	0
1346.15	0	.6916885	0	.3083115	0
1345.15	0	.6912491	0	.3087509	0
1344.15	0	.6908107	0	.3091893	0
1343.15	0	.6903733	0	.3096267	0
1342.15	0	.689937	0	.310063	0
1341.15	0	.6895017	0	.3104983	0
1340.15	0	.6890674	0	.3109326	0
1339.15	0	.6886341	0	.3113659	0
1338.15	0	.6882018	0	.3117982	0
1337.15	0	.6877705	0	.3122295	0
1336.15	0	.6873402	0	.3126598	0
1335.15	0	.6869109	0	.3130891	0
1334.15	0	.6864826	0	.3135174	0
1333.15	0	.6860553	0	.3139447	0
1332.15	0	.685629	0	.314371	0
1331.15	0	.6852037	0	.3147963	0
1330.15	0	.6847793	0	.3152207	0
1329.15	0	.684356	0	.315644	0
1328.15	0	.6839336	0	.3160664	0
1327.15	0	.6835121	0	.3164879	0
1326.15	0	.6830917	0	.3169083	0
1325.15	0	.6826722	0	.3173278	0
1324.15	0	.6822537	0	.3177463	0
1323.15	0	.6818362	0	.3181639	0
1322.15	0	.6814196	0	.3185805	0
1321.15	0	.6810039	0	.3189961	0
1320.15	0	.6805892	0	.3194108	0
1319.15	0	.6801755	0	.3198245	0
1318.15	0	.6797627	0	.3202373	0
1317.15	0	.6793508	0	.3206492	0
1316.15	0	.6789399	0	.3210601	0
1315.15	0	.67853	0	.32147	0
1314.15	0	.6781209	0	.3218791	0
1313.15	0	.6777128	0	.3222872	0
1312.15	0	.6773057	0	.3226943	0
1311.15	0	.6768994	0	.3231006	0
1310.15	0	.6764941	0	.3235059	0
1309.15	0	.6760897	0	.3239103	0
1308.15	0	.6756862	0	.3243138	0
1307.15	0	.6752837	0	.3247163	0
1306.15	0	.674882	0	.325118	0
1305.15	0	.6744813	0	.3255187	0
1304.15	0	.6740815	0	.3259186	0
1303.15	0	.6736825	0	.3263175	0
1302.15	0	.6732845	0	.3267155	0
1301.15	0	.6728874	0	.3271126	0
1300.15	0	.6724912	0	.3275088	0
1299.15	0	.6720958	0	.3279042	0
1298.15	0	.6717014	0	.3282986	0
1297.15	0	.6713078	0	.3286922	0
1296.15	0	.6709152	0	.3290848	0
1295.15	0	.6705234	0	.3294766	0
1294.15	0	.6701325	0	.3298675	0
1293.15	0	.6697425	0	.3302575	0
1292.15	0	.6693533	0	.3306467	0
1291.15	0	.6689651	0	.3310349	0
1290.15	0	.6685777	0	.3314223	0
1289.15	0	.6681912	0	.3318089	0
1288.15	0	.6678055	0	.3321945	0
1287.15	0	.6674207	0	.3325793	0
1286.15	0	.6670368	0	.3329632	0
1285.15	0	.6666537	0	.3333463	0
1284.15	0	.6662714	0	.3337286	0
1283.15	0	.6658901	0	.3341099	0
1282.15	0	.6655096	0	.3344904	0
1281.15	0	.6651299	0	.3348701	0
1280.15	0	.6647511	0	.3352489	0
1279.15	0	.6643731	0	.3356269	0
1278.15	0	.663996	0	.336004	0
1277.15	0	.6636197	0	.3363803	0
1276.15	0	.6632442	0	.3367558	0
1275.15	0	.6628696	0	.3371304	0
1274.15	0	.6624958	0	.3375042	0
1273.15	0	.6621229	0	.3378772	0
1272.15	0	.6617507	0	.3382493	0
1271.15	0	.6613794	0	.3386206	0
1270.15	0	.6610089	0	.3389911	0
1269.15	0	.6606393	0	.3393607	0
1268.15	0	.6602704	0	.3397296	0
1267.15	0	.6599024	0	.3400976	0
1266.15	0	.6595352	0	.3404648	0
1265.15	0	.6591688	0	.3408312	0
1264.15	0	.6588032	0	.3411968	0
1263.15	0	.6584384	0	.3415616	0
1262.15	0	.6580744	0	.3419256	0
1261.15	0	.6577112	0	.3422888	0
1260.15	0	.6573488	0	.3426512	0
1259.15	0	.6569872	0	.3430128	0
1258.15	0	.6566265	0	.3433735	0
1257.15	0	.6562665	0	.3437335	0
1256.15	0	.6559073	0	.3440927	0
1255.15	0	.6555489	0	.3444512	0
1254.15	0	.6551912	0	.3448088	0
1253.15	0	.6548344	0	.3451656	0
1252.15	0	.6544783	0	.3455217	0
1251.15	0	.6541231	0	.345877	0
1250.15	0	.6537686	0	.3462315	0
1249.15	0	.6534148	0	.3465852	0
1248.15	0	.6530619	0	.3469381	0
1247.15	0	.6527097	0	.3472903	0
1246.15	0	.6523583	0	.3476417	0
1245.15	0	.6520077	0	.3479923	0
1244.15	0	.6516578	0	.3483422	0
1243.15	0	.6513087	0	.3486913	0
1242.15	0	.6509604	0	.3490397	0
1241.15	0	.6506128	0	.3493872	0
1240.15	0	.6502659	0	.3497341	0
1239.15	0	.6499199	0	.3500801	0
1238.15	0	.6495746	0	.3504255	0
1237.15	0	.64923	0	.35077	0
1236.15	0	.6488862	0	.3511138	0
1235.15	0	.6485431	0	.3514569	0
1234.15	0	.6482008	0	.3517992	0
1233.15	0	.6478592	0	.3521408	0
1232.15	0	.6475184	0	.3524816	0
1231.15	0	.6471783	0	.3528217	0
1230.15	0	.6468389	0	.3531611	0
1229.15	0	.6465003	0	.3534997	0
1228.15	0	.6461624	0	.3538376	0
1227.15	0	.6458253	0	.3541747	0
1226.15	0	.6454888	0	.3545112	0
1225.15	0	.6451531	0	.3548469	0
1224.15	0	.6448182	0	.3551818	0
1223.15	0	.6444839	0	.3555161	0
1222.15	0	.6441504	0	.3558496	0
1221.15	0	.6438176	0	.3561824	0
1220.15	0	.6434855	0	.3565145	0
1219.15	0	.6431542	0	.3568458	0
1218.15	0	.6428235	0	.3571765	0
1217.15	0	.6424936	0	.3575064	0
1216.15	0	.6421644	0	.3578356	0
1215.15	0	.6418359	0	.3581642	0
1214.15	0	.6415081	0	.358492	0
1213.15	0	.641181	0	.3588191	0
1212.15	0	.6408546	0	.3591454	0
1211.15	0	.6405289	0	.3594711	0
1210.15	0	.6402039	0	.3597961	0
1209.15	0	.6398796	0	.3601204	0
1208.15	0	.639556	0	.360444	0
1207.15	0	.6392331	0	.3607669	0
1206.15	0	.6389109	0	.3610891	0
1205.15	0	.6385894	0	.3614106	0
1204.15	0	.6382686	0	.3617314	0
1203.15	0	.6379484	0	.3620516	0
1202.15	0	.637629	0	.362371	0
1201.15	0	.6373102	0	.3626898	0
1200.15	0	.6369922	0	.3630078	0
1199.15	0	.6366748	0	.3633252	0
1198.15	0	.6363581	0	.3636419	0
1197.15	0	.636042	0	.363958	0
1196.15	0	.6357267	0	.3642733	0
1195.15	0	.635412	0	.364588	0
1194.15	0	.635098	0	.364902	0
1193.15	0	.6347847	0	.3652153	0
1192.15	0	.634472	0	.365528	0
1191.15	0	.63416	0	.36584	0
1190.15	0	.6338487	0	.3661513	0
1189.15	0	.633538	0	.366462	0
1188.15	0	.633228	0	.366772	0
1187.15	0	.6329187	0	.3670813	0
1186.15	0	.63261	0	.36739	0
1185.15	0	.632302	0	.367698	0
1184.15	0	.6319946	0	.3680054	0
1183.15	0	.6316879	0	.3683121	0
1182.15	0	.6313819	0	.3686181	0
1181.15	0	.6310765	0	.3689235	0
1180.15	0	.6307717	0	.3692283	0
1179.15	0	.6304676	0	.3695324	0
1178.15	0	.6301642	0	.3698358	0
1177.15	0	.6298614	0	.3701386	0
1176.15	0	.6295593	0	.3704407	0
1175.15	0	.6292577	0	.3707423	0
1174.15	0	.6289569	0	.3710431	0
1173.15	0	.6286566	0	.3713434	0
1172.15	0	.628357	0	.371643	0
1171.15	0	.6280581	0	.3719419	0
1170.15	0	.6277598	0	.3722402	0
1169.15	0	.6274621	0	.3725379	0
1168.15	0	.6271651	0	.3728349	0
1167.15	0	.6268687	0	.3731313	0
1166.15	0	.6265729	0	.3734271	0
1165.15	0	.6262777	0	.3737223	0
1164.15	0	.6259832	0	.3740168	0
1163.15	0	.6256893	0	.3743107	0
1162.15	0	.625396	0	.374604	0
1161.15	0	.6251034	0	.3748966	0
1160.15	0	.6248113	0	.3751887	0
1159.15	0	.6245199	0	.3754801	0
1158.15	0	.6242291	0	.3757709	0
1157.15	0	.6239389	0	.3760611	0
1156.15	0	.6236494	0	.3763506	0
1155.15	0	.6233604	0	.3766396	0
1154.15	0	.6230721	0	.3769279	0
1153.15	0	.6227844	0	.3772156	0
1152.15	0	.6224973	0	.3775027	0
1151.15	0	.6222108	0	.3777892	0
1150.15	0	.6219249	0	.3780751	0
1149.15	0	.6216396	0	.3783604	0
1148.15	0	.6213549	0	.3786451	0
1147.15	0	.6210708	0	.3789292	0
1146.15	0	.6207874	0	.3792126	0
1145.15	0	.6205045	0	.3794955	0
1144.15	0	.6202222	0	.3797778	0
1143.15	0	.6199406	0	.3800595	0
1142.15	0	.6196595	0	.3803405	0
1141.15	0	.619379	0	.380621	0
1140.15	0	.6190991	0	.3809009	0
1139.15	0	.6188198	0	.3811802	0
1138.15	0	.6185411	0	.3814589	0
1137.15	0	.618263	0	.381737	0
1136.15	0	.6179855	0	.3820145	0
1135.15	0	.6177086	0	.3822915	0
1134.15	0	.6174322	0	.3825678	0
1133.15	0	.6171564	0	.3828436	0
1132.15	0	.6168813	0	.3831187	0
1131.15	0	.6166067	0	.3833933	0
1130.15	0	.6163327	0	.3836673	0
1129.15	0	.6160592	0	.3839408	0
1128.15	0	.6157864	0	.3842136	0
1127.15	0	.6155141	0	.3844859	0
1126.15	0	.6152424	0	.3847576	0
1125.15	0	.6149713	0	.3850287	0
1124.15	0	.6147008	0	.3852992	0
1123.15	0	.6144308	0	.3855692	0
1122.15	0	.6141614	0	.3858386	0
1121.15	0	.6138926	0	.3861074	0
1120.15	0	.6136243	0	.3863757	0
1119.15	0	.6133566	0	.3866434	0
1118.15	0	.6130895	0	.3869105	0
1117.15	0	.6128229	0	.3871771	0
1116.15	0	.6125569	0	.3874431	0
1115.15	0	.6122915	0	.3877085	0
1114.15	0	.6120267	0	.3879733	0
1113.15	0	.6117624	0	.3882376	0
1112.15	0	.6114986	0	.3885014	0
1111.15	0	.6112354	0	.3887646	0
1110.15	0	.6109728	0	.3890272	0
1109.15	0	.6107107	0	.3892893	0
1108.15	0	.6104492	0	.3895508	0
1107.15	0	.6101883	0	.3898117	0
1106.15	0	.6099279	0	.3900722	0
1105.15	0	.609668	0	.390332	0
1104.15	0	.6094087	0	.3905913	0
1103.15	0	.60915	0	.3908501	0
1102.15	0	.6088918	0	.3911083	0
1101.15	0	.6086341	0	.3913659	0
1100.15	0	.608377	0	.391623	0
1099.15	0	.6081204	0	.3918796	0
1098.15	0	.6078644	0	.3921356	0
1097.15	0	.607609	0	.392391	0
1096.15	0	.607354	0	.392646	0
1095.15	0	.6070996	0	.3929004	0
1094.15	0	.6068458	0	.3931542	0
1093.15	0	.6065925	0	.3934075	0
1092.15	0	.6063397	0	.3936603	0
1091.15	0	.6060875	0	.3939125	0
1090.15	0	.6058358	0	.3941642	0
1089.15	0	.6055847	0	.3944154	0
1088.15	0	.605334	0	.394666	0
1087.15	0	.605084	0	.3949161	0
1086.15	0	.6048344	0	.3951656	0
1085.15	0	.6045854	0	.3954146	0
1084.15	0	.6043369	0	.3956631	0
1083.15	0	.6040889	0	.3959111	0
1082.15	0	.6038415	0	.3961585	0
1081.15	0	.6035946	0	.3964054	0
1080.15	0	.6033482	0	.3966518	0
1079.15	0	.6031023	0	.3968977	0
1078.15	0	.602857	0	.397143	0
1077.15	0	.6026122	0	.3973878	0
1076.15	0	.6023679	0	.3976321	0
1075.15	0	.6021241	0	.3978759	0
1074.15	0	.6018809	0	.3981191	0
1073.15	0	.6016382	0	.3983618	0
1072.15	0	.601396	0	.398604	0
1071.15	0	.6011543	0	.3988457	0
1070.15	0	.6009131	0	.3990869	0
1069.15	0	.6006725	0	.3993275	0
1068.15	0	.6004323	0	.3995677	0
1067.15	0	.6001927	0	.3998073	0
1066.15	0	.5999536	0	.4000464	0
1065.15	0	.599715	0	.400285	0
1064.15	0	.5994769	0	.4005231	0
1063.15	0	.5992393	0	.4007607	0
1062.15	0	.5990023	0	.4009977	0
1061.15	0	.5987657	0	.4012343	0
1060.15	0	.5985297	0	.4014704	0
1059.15	0	.5982941	0	.4017059	0
1058.15	0	.5980591	0	.4019409	0
1057.15	0	.5978245	0	.4021755	0
1056.15	0	.5975905	0	.4024095	0
1055.15	0	.597357	0	.402643	0
1054.15	0	.597124	0	.402876	0
1053.15	0	.5968914	0	.4031086	0
1052.15	0	.5966594	0	.4033406	0
1051.15	0	.5964279	0	.4035721	0
1050.15	0	.5961969	0	.4038031	0
1049.15	0	.5959664	0	.4040336	0
1048.15	0	.5957363	0	.4042637	0
1047.15	0	.5955068	0	.4044932	0
1046.15	0	.5952778	0	.4047222	0
1045.15	0	.5950492	0	.4049508	0
1044.15	0	.5948212	0	.4051788	0
1043.15	0	.5945937	0	.4054064	0
1042.15	0	.5943666	0	.4056334	0
1041.15	0	.59414	0	.40586	0
1040.15	0	.593914	0	.4060861	0
1039.15	0	.5936884	0	.4063116	0
1038.15	0	.5934633	0	.4065367	0
1037.15	0	.5932387	0	.4067613	0
1036.15	0	.5930146	0	.4069855	0
1035.15	0	.5927909	0	.4072091	0
1034.15	0	.5925678	0	.4074322	0
1033.15	0	.5923451	0	.4076549	0
1032.15	0	.5921229	0	.4078771	0
1031.15	0	.5919012	0	.4080988	0
1030.15	0	.59168	0	.40832	0
1029.15	0	.5914593	0	.4085407	0
1028.15	0	.5912391	0	.4087609	0
1027.15	0	.5910193	0	.4089807	0
1026.15	0	.5908	0	.4092	0
1025.15	0	.5905812	0	.4094188	0
1024.15	0	.5903629	0	.4096371	0
1023.15	0	.590145	0	.409855	0
1022.15	0	.5899277	0	.4100724	0
1021.15	0	.5897108	0	.4102892	0
1020.15	0	.5894943	0	.4105057	0
1019.15	0	.5892784	0	.4107216	0
1018.15	0	.5890629	0	.4109371	0
1017.15	0	.5888479	0	.4111521	0
1016.15	0	.5886334	0	.4113666	0
1015.15	0	.5884193	0	.4115807	0
1014.15	0	.5882058	0	.4117942	0
1013.15	0	.5879927	0	.4120074	0
1012.15	0	.58778	0	.41222	0
1011.15	0	.5875678	0	.4124322	0
1010.15	0	.5873561	0	.4126439	0
1009.15	0	.5871449	0	.4128551	0
1008.15	0	.5869341	0	.4130659	0
1007.15	0	.5867238	0	.4132762	0
1006.15	0	.586514	0	.413486	0
1005.15	0	.5863046	0	.4136954	0
1004.15	0	.5860957	0	.4139043	0
1003.15	0	.5858873	0	.4141127	0
1002.15	0	.5856793	0	.4143207	0
1001.15	0	.5854717	0	.4145283	0
1000.15	0	.5852647	0	.4147353	0
999.15	0	.5850581	0	.4149419	0
998.15	0	.584852	0	.415148	0
997.15	0	.5846463	0	.4153537	0
996.15	0	.5844411	0	.4155589	0
995.15	0	.5842363	0	.4157637	0
994.15	0	.584032	0	.415968	0
993.15	0	.5838282	0	.4161718	0
992.15	0	.5836248	0	.4163752	0
991.15	0	.5834218	0	.4165782	0
990.15	0	.5832194	0	.4167806	0
989.15	0	.5830173	0	.4169827	0
988.15	0	.5828158	0	.4171842	0
987.15	0	.5826147	0	.4173853	0
986.15	0	.582414	0	.417586	0
985.15	0	.5822138	0	.4177862	0
984.15	0	.582014	0	.417986	0
983.15	0	.5818147	0	.4181853	0
982.15	0	.5816159	0	.4183841	0
981.15	0	.5814175	0	.4185825	0
981.1441	0	.5814163	0	.4185837	0
981.1441	0	.5814163	0	.4185837	0
981.1441	0	.5814163	0	.4185837	0
980.15	0	.5806969	5.647428E-04	.4187384	0
979.15	0	.5799754	.00113119	.4188934	0
978.15	0	.5792562	.001695989	.4190478	0
977.15	0	.5785392	.002259142	.4192017	0
976.15	0	.5778244	.002820654	.419355	0
975.15	0	.5771118	.003380526	.4195077	0
974.15	0	.5764014	.003938763	.4196598	0
973.15	0	.5756933	.004495368	.4198114	0
972.15	0	.5749873	.005050344	.4199623	0
971.15	0	.5742836	.005603696	.4201127	0
970.15	0	.573582	.006155428	.4202625	0
969.15	0	.5728827	.006705542	.4204118	0
968.15	0	.5721856	.007254045	.4205604	0
967.15	0	.5714906	.00780094	.4207084	0
966.15	0	.5707979	.008346232	.4208559	0
965.15	0	.5701073	.008889925	.4210028	0
964.15	0	.569419	.009432024	.421149	0
963.15	0	.5687328	.009972534	.4212947	0
962.15	0	.5680488	.01051146	.4214398	0
961.15	0	.567367	.01104881	.4215842	0
960.15	0	.5666873	.01158459	.4217281	0
959.15	0	.5660098	.01211879	.4218714	0
958.15	0	.5653345	.01265144	.422014	0
957.15	0	.5646614	.01318254	.4221561	0
956.15	0	.5639904	.01371208	.4222975	0
955.15	0	.5633216	.01424008	.4224383	0
954.15	0	.562655	.01476655	.4225785	0
953.15	0	.5619904	.01529149	.4227181	0
952.15	0	.5613281	.01581491	.422857	0
951.15	0	.5606678	.01633681	.4229953	0
950.15	0	.5600098	.01685721	.423133	0
949.15	0	.5593538	.01737611	.4232701	0
948.15	0	.5586999	.01789353	.4234065	0
947.15	0	.5580482	.01840946	.4235423	0
946.15	0	.5573986	.01892391	.4236775	0
945.15	0	.5567511	.01943691	.423812	0
944.15	0	.5561057	.01994845	.4239458	0
943.15	0	.5554624	.02045855	.4240791	0
942.15	0	.5548212	.02096721	.4242116	0
941.15	0	.554182	.02147445	.4243435	0
940.15	0	.553545	.02198027	.4244747	0
939.15	0	.55291	.0224847	.4246053	0
938.15	0	.5522771	.02298773	.4247352	0
937.15	0	.5516462	.02348938	.4248644	0
936.15	0	.5510173	.02398967	.424993	0
935.15	0	.5503905	.0244886	.4251209	0
934.15	0	.5497658	.02498618	.4252481	0
933.15	0	.549143	.02548244	.4253746	0
932.15	0	.5485222	.02597738	.4255004	0
931.15	0	.5479035	.02647102	.4256255	0
930.15	0	.5472867	.02696337	.4257499	0
929.15	0	.546672	.02745445	.4258736	0
928.15	0	.5460591	.02794428	.4259966	0
927.15	0	.5454483	.02843286	.4261189	0
926.15	0	.5448394	.02892022	.4262404	0
925.15	0	.5442324	.02940637	.4263613	0
924.15	0	.5436273	.02989133	.4264814	0
923.15	0	.5430242	.03037511	.4266007	0
922.15	0	.5424229	.03085774	.4267194	0
921.15	0	.5418235	.03133924	.4268373	0
920.15	0	.541226	.03181962	.4269544	0
919.15	0	.5406303	.0322989	.4270708	0
918.15	0	.5400365	.03277711	.4271864	0
917.15	0	.5394445	.03325427	.4273012	0
916.15	0	.5388543	.03373039	.4274153	0
915.15	0	.5382659	.03420551	.4275286	0
914.15	0	.5376793	.03467964	.4276411	0
913.15	0	.5370944	.0351528	.4277528	0
912.15	0	.5365113	.03562503	.4278637	0
911.15	0	.5359299	.03609636	.4279738	0
910.15	0	.5353501	.03656679	.4280831	0
909.15	0	.5347721	.03703637	.4281916	0
908.15	0	.5341957	.03750512	.4282992	0
907.15	0	.5336209	.03797307	.428406	0
906.15	0	.5330478	.03844024	.428512	0
905.15	0	.5324763	.03890668	.4286171	0
904.15	0	.5319063	.03937241	.4287213	0
903.15	0	.5313378	.03983746	.4288247	0
902.15	0	.5307709	.04030187	.4289272	0
901.15	0	.5302055	.04076568	.4290288	0
900.15	0	.5296415	.04122891	.4291296	0
899.15	0	.529079	.0416916	.4292294	0
898.15	0	.5285179	.0421538	.4293283	0
897.15	0	.5279581	.04261553	.4294263	0
896.15	0	.5273998	.04307685	.4295234	0
895.15	0	.5268427	.0435378	.4296195	0
894.15	0	.5262869	.0439984	.4297147	0
893.15	0	.5257323	.04445872	.4298089	0
892.15	0	.525179	.0449188	.4299022	0
891.15	0	.5246268	.04537867	.4299945	0
890.15	0	.5240758	.0458384	.4300858	0
889.15	0	.5235259	.04629803	.4301761	0
888.15	0	.5229771	.04675761	.4302653	0
887.15	0	.5224292	.04721719	.4303536	0
886.15	0	.5218824	.04767684	.4304408	0
885.15	0	.5213365	.0481366	.4305269	0
884.15	0	.5207915	.04859654	.430612	0
883.15	0	.5202473	.04905672	.430696	0
882.15	0	.5197039	.0495172	.4307789	0
881.15	0	.5191612	.04997803	.4308607	0
880.15	0	.5186193	.0504393	.4309414	0
879.15	0	.518078	.05090107	.431021	0
878.15	0	.5175372	.0513634	.4310994	0
877.15	0	.516997	.05182639	.4311766	0
876.15	0	.5164573	.05229009	.4312527	0
875.15	0	.5159179	.05275459	.4313275	0
874.15	0	.5153789	.05321997	.4314011	0
873.15	0	.5148402	.05368632	.4314735	0
872.15	0	.5143016	.05415372	.4315447	0
871.15	0	.5137632	.05462227	.4316145	0
870.15	0	.5132249	.05509206	.4316831	0
869.15	0	.5126865	.05556318	.4317503	0
868.15	0	.512148	.05603574	.4318163	0
867.15	0	.5116093	.05650985	.4318808	0
866.15	0	.5110704	.05698561	.431944	0
865.15	0	.5105311	.05746313	.4320058	0
864.15	0	.5099914	.05794254	.4320661	0
863.15	0	.5094511	.05842396	.432125	0
862.15	0	.5089101	.05890752	.4321824	0
861.15	0	.5083684	.05939335	.4322383	0
860.15	0	.5078258	.05988159	.4322926	0
859.15	0	.5072822	.06037238	.4323454	0
858.15	0	.5067375	.06086587	.4323966	0
857.15	0	.5061916	.06136223	.4324461	0
856.15	0	.5056444	.06186162	.432494	0
855.15	0	.5050956	.06236421	.4325402	0
854.15	0	.5045452	.06287019	.4325847	0
853.15	0	.503993	.06337973	.4326273	0
852.15	0	.5034388	.06389304	.4326682	0
851.15	0	.5028825	.06441034	.4327072	0
850.15	0	.5023239	.06493183	.4327442	0
849.15	0	.5017629	.06545775	.4327794	0
848.15	0	.5011992	.06598834	.4328125	0
847.15	0	.5006326	.06652386	.4328436	0
846.15	0	.5000629	.06706457	.4328725	0
845.15	0	.4994899	.06761077	.4328993	0
844.15	0	.4989134	.06816274	.4329239	0
843.15	0	.498333	.06872082	.4329462	0
842.15	0	.4977486	.06928534	.4329661	0
841.15	0	.4971598	.06985665	.4329835	0
840.15	0	.4965663	.07043515	.4329985	0
839.15	0	.4959679	.07102124	.4330109	0
838.15	0	.4953641	.07161535	.4330205	0
837.15	0	.4947546	.07221794	.4330274	0
836.15	0	.494139	.07282953	.4330315	0
835.15	0	.4935169	.07345063	.4330325	0
834.15	0	.4928878	.07408183	.4330304	0
833.15	0	.4922512	.07472374	.4330251	0
832.15	0	.4916066	.07537704	.4330164	0
831.15	0	.4909533	.07604245	.4330042	0
830.15	0	.4902909	.07672075	.4329884	0
829.15	0	.4894054	.07765912	.4329355	0
828.15	0	.4883293	.07882166	.4328491	0
827.15	0	.4872967	.07993807	.4327653	0
826.15	0	.486305	.08101107	.4326839	0
825.15	0	.4853519	.08204318	.4326049	0
824.15	0	.4844351	.08303674	.4325282	0
823.15	0	.4835525	.08399389	.4324536	0
822.15	0	.4827024	.08491667	.4323809	0
821.15	0	.4818828	.08580694	.4323102	0
820.15	0	.4810923	.08666643	.4322413	0
819.15	0	.4803291	.08749676	.4321741	0
818.15	0	.479592	.08829945	.4321086	0
817.15	0	.4788795	.08907591	.4320446	0
816.15	0	.4781905	.08982746	.431982	0
815.15	0	.4775238	.09055532	.4319209	0
814.15	0	.4768783	.09126065	.4318611	0
813.15	0	.4762529	.09194455	.4318026	0
812.15	0	.4756468	.09260801	.4317452	0
811.15	0	.4750589	.093252	.4316891	0
810.15	0	.4744886	.09387742	.431634	0
809.15	0	.473935	.0944851	.4315799	0
808.15	0	.4733973	.09507586	.4315269	0
807.15	0	.4728748	.09565043	.4314747	0
806.15	0	.472367	.09620952	.4314235	0
805.15	0	.471873	.09675381	.4313732	0
804.15	0	.4713925	.09728392	.4313236	0
803.15	0	.4709247	.09780045	.4312749	0
802.15	0	.4704692	.09830398	.4312268	0
801.15	0	.4700254	.09879503	.4311795	0
800.15	0	.469593	.09927411	.4311329	0
799.15	0	.4691713	.09974171	.431087	0
798.15	0	.4687601	.1001983	.4310416	0
797.15	0	.4683589	.1006443	.4309968	0
796.15	0	.4679673	.1010801	.4309526	0
795.15	0	.4675849	.1015061	.430909	0
794.15	0	.4672115	.1019227	.4308659	0
793.15	0	.4668466	.1023302	.4308232	0
792.15	0	.4664899	.102729	.4307811	0
791.15	0	.4661412	.1031195	.4307394	0
790.15	0	.4658001	.1035018	.4306981	0
789.15	0	.4654664	.1038764	.4306573	0
788.15	0	.4651398	.1042434	.4306168	0
787.15	0	.4648201	.1046032	.4305767	0
786.15	0	.464507	.104956	.430537	0
785.15	0	.4642003	.105302	.4304977	0
784.15	0	.4638998	.1056416	.4304587	0
783.15	0	.4636052	.1059748	.43042	0
782.15	0	.4633164	.106302	.4303816	0
781.15	0	.4630332	.1066233	.4303435	0
780.15	0	.4627553	.106939	.4303057	0
779.15	0	.4624827	.1072492	.4302682	0
778.15	0	.4622151	.107554	.4302309	0
777.15	0	.4619524	.1078537	.4301939	0
776.15	0	.4616944	.1081485	.4301571	0
775.15	0	.461441	.1084385	.4301205	0
774.15	0	.461192	.1087238	.4300842	0
773.15	0	.4609474	.1090046	.4300481	0
772.15	0	.4607068	.109281	.4300121	0
771.15	0	.4604704	.1095532	.4299764	0
770.15	0	.4602378	.1098213	.4299409	0
769.15	0	.460009	.1100855	.4299055	0
768.15	0	.4597839	.1103458	.4298703	0
767.15	0	.4595624	.1106023	.4298353	0
766.15	0	.4593444	.1108552	.4298004	0
765.15	0	.4591297	.1111046	.4297657	0
764.15	0	.4589182	.1113506	.4297311	0
763.15	0	.45871	.1115933	.4296967	0
762.15	0	.458506	.1118319	.4296621	0
761.15	0	.4583038	.1120683	.429628	0
760.15	0	.4581044	.1123016	.4295939	0
759.15	0	.457908	.112532	.42956	0
758.15	0	.4577143	.1127595	.4295262	0
757.15	0	.4575232	.1129843	.4294925	0
756.15	0	.4573348	.1132063	.4294589	0
755.15	0	.457149	.1134256	.4294254	0
754.15	0	.4569656	.1136424	.429392	0
753.15	0	.4567846	.1138567	.4293587	0
752.15	0	.456606	.1140686	.4293254	0
751.15	0	.4564297	.114278	.4292923	0
750.15	0	.4562556	.1144852	.4292592	0
749.15	0	.4560836	.1146902	.4292262	0
748.15	0	.4559138	.1148929	.4291933	0
747.15	0	.4557461	.1150935	.4291604	0
746.15	0	.4555803	.115292	.4291276	0
745.15	0	.4554166	.1154885	.4290949	0
744.15	0	.4552547	.1156831	.4290622	0
743.15	0	.4550947	.1158757	.4290296	0
742.15	0	.4549366	.1160664	.428997	0
741.15	0	.4547802	.1162553	.4289645	0
740.15	0	.4546255	.1164424	.4289321	0
739.15	0	.4544725	.1166278	.4288996	0
738.15	0	.4543212	.1168115	.4288673	0
737.15	0	.4541715	.1169935	.428835	0
736.15	0	.4540234	.1171739	.4288027	0
735.15	0	.4538768	.1173527	.4287704	0
734.15	0	.4537318	.11753	.4287382	0
733.15	0	.4535882	.1177058	.428706	0
732.15	0	.453446	.1178801	.4286739	0
731.15	0	.4533053	.1180529	.4286418	0
730.15	0	.453166	.1182244	.4286097	0
729.15	0	.4530279	.1183944	.4285776	0
728.15	0	.4528912	.1185632	.4285456	0
727.15	0	.4527558	.1187306	.4285136	0
726.15	0	.4526217	.1188967	.4284816	0
725.15	0	.4524888	.1190616	.4284497	0
724.15	0	.4523571	.1192252	.4284177	0
723.15	0	.4522266	.1193876	.4283858	0
722.15	0	.4520972	.1195489	.4283539	0
721.15	0	.451969	.119709	.428322	0
720.15	0	.4518419	.119868	.4282902	0
719.15	0	.4517158	.1200258	.4282583	0
718.15	0	.4515909	.1201826	.4282265	0
717.15	0	.451467	.1203383	.4281947	0
716.15	0	.4513441	.120493	.4281629	0
715.15	0	.4512222	.1206467	.4281311	0
714.15	0	.4511014	.1207994	.4280993	0
713.15	0	.4509814	.1209511	.4280675	0
712.15	0	.4508625	.1211018	.4280357	0
711.15	0	.4507444	.1212516	.428004	0
710.15	0	.4506273	.1214005	.4279722	0
709.15	0	.4505111	.1215485	.4279405	0
708.15	0	.4503957	.1216956	.4279087	0
707.15	0	.4502812	.1218418	.427877	0
706.15	0	.4501676	.1219872	.4278453	0
705.15	0	.4500548	.1221317	.4278135	0
704.15	0	.4499428	.1222754	.4277818	0
703.15	0	.4498316	.1224183	.4277501	0
702.15	0	.4497212	.1225604	.4277184	0
701.15	0	.4496116	.1227018	.4276867	0
700.15	0	.4495027	.1228423	.4276549	0
699.15	0	.4493946	.1229821	.4276232	0
698.15	0	.4492872	.1231212	.4275915	0
697.15	0	.4491806	.1232596	.4275598	0
696.15	0	.4490746	.1233972	.4275281	0
695.15	0	.4489694	.1235342	.4274964	0
694.15	0	.4488648	.1236705	.4274647	0
693.15	0	.448761	.1238061	.427433	0
692.15	0	.4486578	.123941	.4274013	0
691.15	0	.4485552	.1240752	.4273696	0
690.15	0	.4484533	.1242089	.4273379	0
689.15	0	.448352	.1243419	.4273061	0
688.15	0	.4482513	.1244743	.4272744	0
687.15	0	.4481513	.124606	.4272427	0
686.15	0	.4480518	.1247372	.427211	0
685.15	0	.447953	.1248677	.4271793	0
684.15	0	.4478548	.1249977	.4271475	0
683.15	0	.4477571	.1251271	.4271158	0
682.15	0	.44766	.125256	.4270841	0
681.15	0	.4475634	.1253842	.4270524	0
680.15	0	.4474674	.125512	.4270206	0
679.15	0	.447372	.1256392	.4269889	0
678.15	0	.447277	.1257658	.4269571	0
677.15	0	.4471827	.125892	.4269254	0
676.15	0	.4470888	.1260176	.4268937	0
675.15	0	.4469954	.1261427	.4268619	0
674.15	0	.4469026	.1262673	.4268302	0
673.15	0	.4468102	.1263914	.4267984	0
672.15	0	.4467184	.126515	.4267666	0
671.15	0	.446627	.1266381	.4267349	0
670.15	0	.4465361	.1267608	.4267031	0
669.15	0	.4464457	.126883	.4266713	0
668.15	0	.4463558	.1270047	.4266396	0
667.15	0	.4462663	.1271259	.4266078	0
666.15	0	.4461772	.1272467	.426576	0
665.15	0	.4460887	.1273671	.4265443	0
664.15	0	.4460005	.127487	.4265125	0
663.15	0	.4459128	.1276065	.4264807	0
662.15	0	.4458255	.1277256	.4264489	0
661.15	0	.4457387	.1278442	.4264171	0
660.15	0	.4456523	.1279624	.4263853	0
659.15	0	.4455662	.1280802	.4263535	0
658.15	0	.4454807	.1281976	.4263217	0
657.15	0	.4453955	.1283146	.4262899	0
656.15	0	.4453107	.1284312	.4262582	0
655.15	0	.4452263	.1285474	.4262264	0
654.15	0	.4451423	.1286632	.4261946	0
653.15	0	.4450587	.1287786	.4261628	0
652.15	0	.4449754	.1288936	.426131	0
651.15	0	.4448926	.1290082	.4260992	0
650.15	0	.4448101	.1291225	.4260674	0
649.15	0	.444728	.1292364	.4260356	0
648.15	0	.4446463	.12935	.4260038	0
647.15	0	.4445649	.1294631	.425972	0
646.15	0	.4444839	.129576	.4259402	0
645.15	0	.4444032	.1296884	.4259084	0
644.15	0	.4443229	.1298005	.4258766	0
643.15	0	.4442429	.1299123	.4258448	0
642.15	0	.4441633	.1300237	.425813	0
641.15	0	.444084	.1301348	.4257812	0
640.15	0	.4440051	.1302455	.4257494	0
639.15	0	.4439265	.1303559	.4257176	0
638.15	0	.4438482	.130466	.4256858	0
637.15	0	.4437702	.1305757	.425654	0
636.15	0	.4436926	.1306851	.4256223	0
635.15	0	.4436153	.1307942	.4255905	0
634.15	0	.4435383	.130903	.4255587	0
633.15	0	.4434616	.1310115	.4255269	0
632.15	0	.4433852	.1311196	.4254952	0
631.15	0	.4433092	.1312274	.4254634	0
630.15	0	.4432334	.1313349	.4254316	0
629.15	0	.443158	.1314421	.4253999	0
628.15	0	.4430828	.1315491	.4253682	0
627.15	0	.4430079	.1316556	.4253364	0
626.15	0	.4429334	.1317619	.4253047	0
625.15	0	.4428591	.131868	.425273	0
624.15	0	.4427851	.1319736	.4252412	0
623.15	0	.4427114	.1320791	.4252095	0
622.15	0	.442638	.1321842	.4251778	0
621.15	0	.4425649	.132289	.4251461	0
620.15	0	.442492	.1323936	.4251144	0
619.15	0	.4424195	.1324978	.4250827	0
618.15	0	.4423472	.1326018	.425051	0
617.15	0	.4422751	.1327055	.4250194	0
616.15	0	.4422034	.1328089	.4249877	0
615.15	0	.4421319	.132912	.4249561	0
614.15	0	.4420607	.1330149	.4249244	0
613.15	0	.4419897	.1331175	.4248928	0
612.15	0	.441919	.1332198	.4248612	0
611.15	0	.4418486	.1333218	.4248296	0
610.15	0	.4417784	.1334236	.424798	0
609.15	0	.4417085	.1335251	.4247664	0
608.15	0	.4416388	.1336264	.4247348	0
607.15	0	.4415694	.1337273	.4247033	0
606.15	0	.4415003	.133828	.4246717	0
605.15	0	.4414313	.1339285	.4246402	0
604.15	0	.4413627	.1340287	.4246087	0
603.15	0	.4412942	.1341286	.4245772	0
602.15	0	.4412261	.1342283	.4245457	0
601.15	0	.4411581	.1343277	.4245142	0
600.15	0	.4410905	.1344268	.4244827	0
599.15	0	.441023	.1345257	.4244513	0
598.15	0	.4409558	.1346244	.4244198	0
597.15	0	.4408888	.1347228	.4243884	0
596.15	0	.440822	.1348209	.424357	0
595.15	0	.4407555	.1349188	.4243256	0
594.15	0	.4406892	.1350165	.4242943	0
593.15	0	.4406232	.1351139	.4242629	0
592.15	0	.4405574	.135211	.4242316	0
591.15	0	.4404918	.135308	.4242003	0
590.15	0	.4404264	.1354046	.424169	0
589.15	0	.4403612	.135501	.4241377	0
588.15	0	.4402963	.1355972	.4241065	0
587.15	0	.4402316	.1356932	.4240752	0
586.15	0	.4401671	.1357889	.424044	0
585.15	0	.4401029	.1358843	.4240128	0
584.15	0	.4400388	.1359795	.4239816	0
583.15	0	.439975	.1360745	.4239505	0
582.15	0	.4399114	.1361693	.4239194	0
581.15	0	.439848	.1362638	.4238883	0
580.15	0	.4397848	.136358	.4238572	0
579.15	0	.4397218	.1364521	.4238261	0
578.15	0	.439659	.1365459	.4237951	0
577.15	0	.4395965	.1366395	.4237641	0
576.15	0	.4395341	.1367328	.4237331	0
575.15	0	.439472	.1368259	.4237021	0
574.15	0	.4394101	.1369188	.4236712	0
573.15	0	.4393483	.1370114	.4236402	0
572.15	0	.4392868	.1371038	.4236094	0
571.15	0	.4392255	.137196	.4235785	0
570.15	0	.4391644	.137288	.4235477	0
569.15	0	.4391034	.1373797	.4235169	0
568.15	0	.4390427	.1374712	.4234861	0
567.15	0	.4389822	.1375625	.4234553	0
566.15	0	.4389219	.1376535	.4234246	0
565.15	0	.4388618	.1377443	.4233939	0
564.15	0	.4388018	.1378349	.4233632	0
563.15	0	.4387421	.1379253	.4233326	0
562.15	0	.4386826	.1380154	.423302	0
561.15	0	.4386232	.1381053	.4232714	0
560.15	0	.4385641	.138195	.4232409	0
559.15	0	.4385051	.1382845	.4232104	0
558.15	0	.4384464	.1383737	.4231799	0
557.15	0	.4383878	.1384627	.4231495	0
556.15	0	.4383294	.1385515	.4231191	0
555.15	0	.4382712	.1386401	.4230887	0
554.15	0	.4382132	.1387285	.4230583	0
553.15	0	.4381554	.1388166	.423028	0
552.15	0	.4380978	.1389045	.4229977	0
551.15	0	.4380404	.1389922	.4229675	0
550.15	0	.4379831	.1390796	.4229373	0
549.15	0	.437926	.1391669	.4229071	0
548.15	0	.4378691	.1392539	.422877	0
547.15	0	.4378124	.1393407	.4228469	0
546.15	0	.4377559	.1394273	.4228168	0
545.15	0	.4376996	.1395137	.4227868	0
544.15	0	.4376434	.1395998	.4227568	0
543.15	0	.4375875	.1396857	.4227268	0
542.15	0	.4375317	.1397714	.4226969	0
541.15	0	.437476	.1398569	.422667	0
540.15	0	.4374206	.1399422	.4226372	0
539.15	0	.4373653	.1400272	.4226074	0
538.15	0	.4373103	.1401121	.4225777	0
537.15	0	.4372554	.1401967	.422548	0
536.15	0	.4372006	.1402811	.4225183	0
535.15	0	.4371461	.1403653	.4224887	0
534.15	0	.4370917	.1404492	.4224591	0
533.15	0	.4370375	.140533	.4224295	0
532.15	0	.4369835	.1406165	.4224	0
531.15	0	.4369296	.1406998	.4223706	0
530.15	0	.436876	.1407829	.4223411	0
529.15	0	.4368225	.1408658	.4223118	0
528.15	0	.4367691	.1409484	.4222824	0
527.15	0	.436716	.1410309	.4222532	0
526.15	0	.436663	.1411131	.4222239	0
525.15	0	.4366102	.1411951	.4221947	0
524.15	0	.4365575	.1412769	.4221656	0
523.15	0	.436505	.1413585	.4221365	0
522.15	0	.4364527	.1414398	.4221074	0
521.15	0	.4364006	.141521	.4220784	0
520.15	0	.4363486	.1416019	.4220495	0
519.15	0	.4362968	.1416826	.4220206	0
518.15	0	.4362452	.1417631	.4219917	0
517.15	0	.4361937	.1418434	.4219629	0
516.15	0	.4361424	.1419235	.4219341	0
515.15	0	.4360913	.1420033	.4219054	0
514.15	0	.4360403	.1420829	.4218768	0
513.15	0	.4359895	.1421623	.4218482	0
512.15	0	.4359389	.1422416	.4218196	0
511.15	0	.4358884	.1423205	.4217911	0
510.15	0	.4358381	.1423993	.4217626	0
509.15	0	.435788	.1424778	.4217342	0
508.15	0	.435738	.1425562	.4217058	0
507.15	0	.4356882	.1426343	.4216775	0
506.15	0	.4356385	.1427122	.4216493	0
505.15	0	.4355891	.1427899	.4216211	0
504.15	0	.4355397	.1428674	.4215929	0
503.15	0	.4354905	.1429446	.4215649	0
502.15	0	.4354415	.1430217	.4215368	0
501.15	0	.4353927	.1430985	.4215089	0
500.15	0	.435344	.1431751	.4214809	0
499.15	0	.4352955	.1432515	.4214531	0
498.15	0	.4352471	.1433276	.4214253	0
497.15	0	.4351989	.1434036	.4213975	0
496.15	0	.4351508	.1434793	.4213698	0
495.15	0	.4351029	.1435549	.4213422	0
494.15	0	.4350552	.1436302	.4213147	0
493.15	0	.4350076	.1437053	.4212871	0
492.15	0	.4349602	.1437801	.4212597	0
491.15	0	.4349129	.1438548	.4212323	0
490.15	0	.4348658	.1439292	.421205	0
489.15	0	.4348189	.1440035	.4211777	0
488.15	0	.4347721	.1440775	.4211505	0
487.15	0	.4347254	.1441513	.4211233	0
486.15	0	.4346789	.1442249	.4210962	0
485.15	0	.4346326	.1442982	.4210692	0
484.15	0	.4345864	.1443713	.4210422	0
483.15	0	.4345404	.1444443	.4210153	0
482.15	0	.4344945	.144517	.4209885	0
481.15	0	.4344488	.1445895	.4209617	0
480.15	0	.4344033	.1446618	.420935	0
479.15	0	.4343578	.1447338	.4209084	0
478.15	0	.4343126	.1448057	.4208818	0
477.15	0	.4342675	.1448773	.4208552	0
476.15	0	.4342225	.1449487	.4208288	0
475.15	0	.4341777	.1450199	.4208024	0
474.15	0	.4341331	.1450908	.4207761	0
473.15	0	.4340886	.1451616	.4207498	0
472.15	0	.4340443	.1452321	.4207236	0
471.15	0	.4340001	.1453024	.4206975	0
470.15	0	.433956	.1453726	.4206714	0
469.15	0	.4339121	.1454424	.4206455	0
468.15	0	.4338684	.1455121	.4206195	0
467.15	0	.4338248	.1455815	.4205937	0
466.15	0	.4337813	.1456508	.4205679	0
465.15	0	.433738	.1457198	.4205422	0
464.15	0	.4336949	.1457886	.4205165	0
463.15	0	.4336519	.1458572	.420491	0
462.15	0	.4336091	.1459255	.4204654	0
461.15	0	.4335663	.1459937	.42044	0
460.15	0	.4335238	.1460616	.4204146	0
459.15	0	.4334814	.1461293	.4203893	0
458.15	0	.4334391	.1461968	.4203641	0
457.15	0	.433397	.146264	.420339	0
456.15	0	.433355	.1463311	.4203139	0
455.15	0	.4333132	.1463979	.4202889	0
454.15	0	.4332715	.1464645	.420264	0
453.15	0	.43323	.1465309	.4202391	0
452.15	0	.4331886	.1465971	.4202143	0
451.15	0	.4331474	.146663	.4201896	0
450.15	0	.4331063	.1467288	.4201649	0
449.15	0	.4330654	.1467942	.4201404	0
448.15	0	.4330246	.1468595	.4201159	0
447.15	0	.432984	.1469245	.4200915	0
446.15	0	.4329435	.1469893	.4200672	0
445.15	0	.4329032	.1470539	.4200429	0
444.15	0	.432863	.1471182	.4200188	0
443.15	0	.432823	.1471823	.4199947	0
442.15	0	.4327831	.1472462	.4199707	0
441.15	0	.4327434	.1473098	.4199468	0
440.15	0	.4327039	.1473732	.419923	0
439.15	0	.4326645	.1474363	.4198992	0
438.15	0	.4326253	.1474991	.4198756	0
437.15	0	.4325863	.1475617	.419852	0
436.15	0	.4325474	.1476241	.4198285	0
435.15	0	.4325087	.1476862	.4198052	0
434.15	0	.4324701	.147748	.4197819	0
433.15	0	.4324318	.1478096	.4197587	0
432.15	0	.4323936	.1478709	.4197356	0
431.15	0	.4323555	.1479319	.4197126	0
430.15	0	.4323177	.1479927	.4196896	0
429.15	0	.43228	.1480532	.4196668	0
428.15	0	.4322425	.1481134	.4196441	0
427.15	0	.4322051	.1481734	.4196215	0
426.15	0	.432168	.1482331	.4195989	0
425.15	0	.432131	.1482925	.4195765	0
424.15	0	.4320941	.1483517	.4195542	0
423.15	0	.4320575	.1484106	.4195319	0
422.15	0	.432021	.1484692	.4195098	0
421.15	0	.4319847	.1485275	.4194878	0
420.15	0	.4319486	.1485856	.4194658	0
419.15	0	.4319126	.1486434	.419444	0
418.15	0	.4318769	.1487009	.4194223	0
417.15	0	.4318413	.1487581	.4194006	0
416.15	0	.4318058	.1488151	.4193791	0
415.15	0	.4317706	.1488718	.4193577	0
414.15	0	.4317355	.1489282	.4193363	0
413.15	0	.4317006	.1489843	.4193151	0
412.15	0	.4316658	.1490402	.419294	0
411.15	0	.4316313	.1490958	.419273	0
410.15	0	.4315969	.1491511	.419252	0
409.15	0	.4315626	.1492062	.4192312	0
408.15	0	.4315286	.1492609	.4192105	0
407.15	0	.4314947	.1493154	.4191899	0
406.15	0	.4314609	.1493697	.4191694	0
405.15	0	.4314274	.1494236	.419149	0
404.15	0	.431394	.1494774	.4191287	0
403.4727	0	.4313715	.1495136	.419115	0
403.4727	0	.4313715	.1495136	.419115	0
403.4727	0	.4313715	.1495136	.419115	0
403.15	0	.4314125	.1494037	.4190449	1.388485E-04
402.15	0	.4315397	.1490636	.4188279	5.68808E-04
401.15	0	.4316666	.1487238	.4186113	9.982624E-04
400.15	0	.4317933	.1483844	.4183951	.001427216
399.15	0	.4319198	.1480453	.4181792	.001855673
398.15	0	.4320462	.1477065	.4179637	.002283639
397.15	0	.4321723	.147368	.4177486	.002711116
396.15	0	.4322983	.1470299	.4175338	.00313811
395.15	0	.432424	.146692	.4173193	.003564624
394.15	0	.4325496	.1463545	.4171052	.003990663
393.15	0	.4326751	.1460172	.4168915	.00441623
392.15	0	.4328003	.1456803	.4166781	.00484133
391.15	0	.4329254	.1453436	.4164651	.005265967
390.15	0	.4330503	.1450072	.4162524	.005690143
389.15	0	.4331751	.1446711	.41604	.006113864
388.15	0	.4332997	.1443352	.415828	.006537133
387.15	0	.4334241	.1439996	.4156164	.006959953
386.15	0	.4335484	.1436643	.415405	.007382329
385.15	0	.4336725	.1433292	.415194	.007804264
384.15	0	.4337965	.1429944	.4149834	.008225761
383.15	0	.4339204	.1426598	.414773	.008646825
382.15	0	.4340441	.1423254	.4145631	.009067458
381.15	0	.4341676	.1419913	.4143534	.009487665
380.15	0	.4342911	.1416574	.4141441	.009907448
379.15	0	.4344144	.1413237	.4139351	.01032681
378.15	0	.4345376	.1409903	.4137264	.01074576
377.15	0	.4346606	.1406571	.413518	.01116429
376.15	0	.4347835	.1403241	.41331	.01158241
375.15	0	.4349063	.1399913	.4131023	.01200013
374.15	0	.435029	.1396587	.4128949	.01241744
373.15	0	.4351515	.1393263	.4126878	.01283435
372.15	0	.435274	.1389941	.412481	.01325087
371.15	0	.4353963	.1386621	.4122746	.01366698
370.15	0	.4355185	.1383303	.4120684	.01408271
369.15	0	.4356406	.1379987	.4118626	.01449805
368.15	0	.4357626	.1376673	.4116571	.01491301
367.15	0	.4358845	.137336	.4114519	.01532758
366.15	0	.4360063	.137005	.411247	.01574177
365.15	0	.436128	.1366741	.4110424	.01615558
364.15	0	.4362496	.1363434	.4108381	.01656902
363.15	0	.4363711	.1360128	.410634	.01698209
362.15	0	.4364925	.1356824	.4104303	.01739479
