T	 BPW(LIQUID)	BPW(BCC_A2)	BPW(FCC_A1)	BPW(LAVES_PHASE_C14)	BPW(NI3TI)
1473.15	.1058902	.7128483	0	.1812615	0
1472.15	.1010796	.7159077	0	.1830128	0
1471.15	.09635952	.7189046	0	.1847359	0
1470.15	.09172769	.7218407	0	.1864316	0
1469.15	.08718177	.7247176	0	.1881006	0
1468.15	.08271951	.7275368	0	.1897437	0
1467.15	.07833875	.7302997	0	.1913616	0
1466.15	.07403742	.7330078	0	.1929548	0
1465.688	.07207655	.7342407	0	.1936828	0
1465.688	.07207655	.7342407	0	.1936828	0
1465.688	.07207655	.7342407	0	.1936828	0
1465.15	.06283671	.7251028	.01515307	.1969074	0
1464.15	.04599437	.7085738	.04268146	.2027503	0
1463.15	.02956667	.6926149	.06941352	.2084049	0
1462.15	.01353526	.6772016	.09538388	.2138793	0
1461.287	0	.6643155	.1172178	.2184667	0
1461.287	0	.6643155	.1172178	.2184667	0
1461.15	0	.6638655	.117587	.2185475	0
1460.15	0	.6605775	.1202855	.219137	0
1459.15	0	.6572985	.1229773	.2197242	0
1458.15	0	.6540285	.1256626	.2203089	0
1457.15	0	.6507675	.1283411	.2208913	0
1456.15	0	.6475155	.1310131	.2214713	0
1455.15	0	.6442725	.1336786	.222049	0
1454.15	0	.6410384	.1363374	.2226243	0
1453.15	0	.6378131	.1389896	.2231972	0
1452.15	0	.6345968	.1416353	.2237679	0
1451.15	0	.6313893	.1442745	.2243362	0
1450.15	0	.6281907	.1469071	.2249022	0
1449.15	0	.6250009	.1495331	.225466	0
1448.15	0	.6218199	.1521527	.2260274	0
1447.15	0	.6186477	.1547657	.2265866	0
1446.15	0	.6154842	.1573722	.2271436	0
1445.15	0	.6123295	.1599723	.2276983	0
1444.15	0	.6091835	.1625658	.2282507	0
1443.15	0	.6060461	.1651529	.228801	0
1442.15	0	.6029175	.1677335	.229349	0
1441.15	0	.5997975	.1703077	.2298948	0
1440.15	0	.5966862	.1728754	.2304384	0
1439.15	0	.5935835	.1754367	.2309798	0
1438.15	0	.5904894	.1779915	.2315191	0
1437.15	0	.5874038	.1805399	.2320562	0
1436.15	0	.5843268	.183082	.2325912	0
1435.15	0	.5812584	.1856176	.233124	0
1434.15	0	.5781985	.1881468	.2336547	0
1433.15	0	.5751471	.1906696	.2341833	0
1432.15	0	.5721042	.193186	.2347098	0
1431.15	0	.5690698	.1956961	.2352341	0
1430.15	0	.5660438	.1981998	.2357564	0
1429.15	0	.5630262	.2006972	.2362766	0
1428.15	0	.5600171	.2031882	.2367947	0
1427.15	0	.5570163	.2056729	.2373108	0
1426.15	0	.5540239	.2081512	.2378248	0
1425.15	0	.5510399	.2106233	.2383368	0
1424.15	0	.5480643	.2130889	.2388468	0
1423.15	0	.5450969	.2155483	.2393547	0
1422.15	0	.5421379	.2180014	.2398606	0
1421.15	0	.5391872	.2204482	.2403646	0
1420.15	0	.5362448	.2228887	.2408665	0
1419.15	0	.5333106	.225323	.2413664	0
1418.15	0	.5303847	.2277509	.2418644	0
1417.15	0	.527467	.2301726	.2423604	0
1416.15	0	.5245575	.2325881	.2428545	0
1415.15	0	.5216562	.2349972	.2433466	0
1414.15	0	.5187631	.2374002	.2438368	0
1413.15	0	.5158782	.2397968	.244325	0
1412.15	0	.5130014	.2421873	.2448113	0
1411.15	0	.5101328	.2445715	.2452957	0
1410.15	0	.5072722	.2469495	.2457783	0
1409.15	0	.5044198	.2493213	.2462589	0
1408.15	0	.5015755	.2516869	.2467376	0
1407.15	0	.4987393	.2540462	.2472145	0
1406.15	0	.4959111	.2563994	.2476895	0
1405.15	0	.493091	.2587464	.2481626	0
1404.15	0	.490279	.2610871	.2486339	0
1403.15	0	.487475	.2634217	.2491033	0
1402.15	0	.4846789	.2657501	.249571	0
1401.15	0	.4818909	.2680723	.2500367	0
1400.15	0	.4791109	.2703884	.2505007	0
1399.15	0	.4763388	.2726983	.2509629	0
1398.15	0	.4735747	.275002	.2514233	0
1397.15	0	.4708186	.2772996	.2518818	0
1396.15	0	.4680704	.279591	.2523386	0
1395.15	0	.4653301	.2818763	.2527937	0
1394.15	0	.4625977	.2841554	.2532469	0
1393.15	0	.4598732	.2864284	.2536984	0
1392.15	0	.4571566	.2886952	.2541481	0
1391.15	0	.4544479	.290956	.2545961	0
1390.15	0	.4517471	.2932105	.2550424	0
1389.15	0	.4490541	.295459	.2554869	0
1388.15	0	.446369	.2977013	.2559297	0
1387.15	0	.4436917	.2999375	.2563708	0
1386.15	0	.4410222	.3021676	.2568102	0
1385.15	0	.4383606	.3043915	.2572479	0
1384.15	0	.4357067	.3066094	.2576839	0
1383.15	0	.4330606	.3088211	.2581182	0
1382.15	0	.4304224	.3110267	.2585509	0
1381.15	0	.4277919	.3132263	.2589819	0
1380.15	0	.4251691	.3154197	.2594112	0
1379.15	0	.4225542	.317607	.2598389	0
1378.15	0	.4199469	.3197882	.2602649	0
1377.15	0	.4173475	.3219633	.2606892	0
1376.15	0	.4147557	.3241323	.261112	0
1375.15	0	.4121717	.3262952	.2615331	0
1374.15	0	.4095954	.328452	.2619526	0
1373.15	0	.4070268	.3306027	.2623705	0
1372.15	0	.4044659	.3327473	.2627868	0
1371.15	0	.4019126	.3348859	.2632015	0
1370.15	0	.3993671	.3370183	.2636146	0
1369.15	0	.3968293	.3391446	.2640261	0
1368.15	0	.3942991	.3412648	.2644361	0
1367.15	0	.3917766	.343379	.2648444	0
1366.15	0	.3892617	.345487	.2652513	0
1365.15	0	.3867545	.347589	.2656565	0
1364.15	0	.384255	.3496848	.2660602	0
1363.15	0	.3817631	.3517746	.2664624	0
1362.15	0	.3792788	.3538582	.266863	0
1361.15	0	.3768022	.3559358	.2672621	0
1360.15	0	.3743331	.3580072	.2676596	0
1359.15	0	.3718717	.3600726	.2680557	0
1358.15	0	.3694179	.3621318	.2684502	0
1357.15	0	.3669718	.364185	.2688433	0
1356.15	0	.3645332	.366232	.2692348	0
1355.15	0	.3621022	.3682729	.2696248	0
1354.15	0	.3596789	.3703077	.2700134	0
1353.15	0	.3572631	.3723364	.2704005	0
1352.15	0	.3548549	.374359	.2707861	0
1351.15	0	.3524544	.3763754	.2711702	0
1350.15	0	.3500614	.3783858	.2715529	0
1349.15	0	.3476759	.38039	.2719341	0
1348.15	0	.3452981	.382388	.2723139	0
1347.15	0	.3429279	.38438	.2726922	0
1346.15	0	.3405652	.3863658	.2730691	0
1345.15	0	.3382101	.3883454	.2734445	0
1344.15	0	.3358626	.3903189	.2738185	0
1343.15	0	.3335226	.3922863	.2741911	0
1342.15	0	.3311902	.3942474	.2745623	0
1341.15	0	.3288654	.3962025	.2749321	0
1340.15	0	.3265482	.3981513	.2753005	0
1339.15	0	.3242385	.400094	.2756675	0
1338.15	0	.3219364	.4020305	.276033	0
1337.15	0	.3196419	.4039609	.2763972	0
1336.15	0	.317355	.405885	.2767601	0
1335.15	0	.3150756	.4078029	.2771215	0
1334.15	0	.3128038	.4097147	.2774816	0
1333.15	0	.3105396	.4116202	.2778403	0
1332.15	0	.3082829	.4135195	.2781976	0
1331.15	0	.3060338	.4154126	.2785536	0
1330.15	0	.3037923	.4172994	.2789082	0
1329.15	0	.3015584	.41918	.2792615	0
1328.15	0	.2993321	.4210544	.2796135	0
1327.15	0	.2971134	.4229225	.2799641	0
1326.15	0	.2949023	.4247843	.2803134	0
1325.15	0	.2926987	.4266399	.2806614	0
1324.15	0	.2905028	.4284892	.281008	0
1323.15	0	.2883145	.4303322	.2813534	0
1322.15	0	.2861337	.4321689	.2816974	0
1321.15	0	.2839606	.4339993	.2820401	0
1320.15	0	.2817951	.4358233	.2823816	0
1319.15	0	.2796373	.4376411	.2827217	0
1318.15	0	.277487	.4394525	.2830605	0
1317.15	0	.2753444	.4412575	.2833981	0
1316.15	0	.2732094	.4430562	.2837344	0
1315.15	0	.2710821	.4448485	.2840694	0
1314.15	0	.2689624	.4466344	.2844031	0
1313.15	0	.2668504	.448414	.2847356	0
1312.15	0	.2647461	.4501871	.2850668	0
1311.15	0	.2626494	.4519538	.2853968	0
1310.15	0	.2605604	.4537141	.2857255	0
1309.15	0	.2584791	.4554679	.286053	0
1308.15	0	.2564056	.4572153	.2863792	0
1307.15	0	.2543397	.4589562	.2867042	0
1306.15	0	.2522815	.4606906	.2870279	0
1305.15	0	.2502311	.4624185	.2873504	0
1304.15	0	.2481884	.4641399	.2876717	0
1303.15	0	.2461534	.4658548	.2879918	0
1302.15	0	.2441262	.4675631	.2883107	0
1301.15	0	.2421068	.4692649	.2886283	0
1300.15	0	.2400951	.4709601	.2889448	0
1299.15	0	.2380912	.4726487	.28926	0
1298.15	0	.2360952	.4743307	.2895741	0
1297.15	0	.2341069	.4760061	.2898869	0
1296.15	0	.2321265	.4776749	.2901986	0
1295.15	0	.2301539	.479337	.2905091	0
1294.15	0	.2281892	.4809924	.2908184	0
1293.15	0	.2262323	.4826412	.2911265	0
1292.15	0	.2242833	.4842832	.2914335	0
1291.15	0	.2223422	.4859185	.2917393	0
1290.15	0	.220409	.4875471	.2920439	0
1289.15	0	.2184837	.4891689	.2923473	0
1288.15	0	.2165664	.4907839	.2926496	0
1287.15	0	.214657	.4923922	.2929508	0
1286.15	0	.2127556	.4939936	.2932508	0
1285.15	0	.2108622	.4955882	.2935496	0
1284.15	0	.2089767	.4971759	.2938474	0
1283.15	0	.2070993	.4987567	.2941439	0
1282.15	0	.20523	.5003307	.2944394	0
1281.15	0	.2033686	.5018977	.2947337	0
1280.15	0	.2015154	.5034577	.2950269	0
1279.15	0	.1996702	.5050108	.295319	0
1278.15	0	.1978332	.506557	.2956099	0
1277.15	0	.1960042	.508096	.2958997	0
1276.15	0	.1941834	.5096281	.2961884	0
1275.15	0	.1923708	.5111531	.2964761	0
1274.15	0	.1905664	.512671	.2967626	0
1273.15	0	.1887702	.5141819	.297048	0
1272.15	0	.1869822	.5156855	.2973323	0
1271.15	0	.1852024	.5171821	.2976155	0
1270.15	0	.1834309	.5186714	.2978977	0
1269.15	0	.1816678	.5201535	.2981787	0
1268.15	0	.1799129	.5216284	.2984587	0
1267.15	0	.1781664	.5230961	.2987375	0
1266.15	0	.1764282	.5245564	.2990154	0
1265.15	0	.1746984	.5260095	.2992921	0
1264.15	0	.1729771	.5274552	.2995678	0
1263.15	0	.1712641	.5288935	.2998424	0
1262.15	0	.1695597	.5303244	.3001159	0
1261.15	0	.1678637	.5317479	.3003884	0
1260.15	0	.1661762	.533164	.3006598	0
1259.15	0	.1644973	.5345725	.3009302	0
1258.15	0	.162827	.5359736	.3011995	0
1257.15	0	.1611652	.5373671	.3014678	0
1256.15	0	.159512	.538753	.301735	0
1255.15	0	.1578675	.5401313	.3020012	0
1254.15	0	.1562317	.541502	.3022663	0
1253.15	0	.1546046	.5428649	.3025304	0
1252.15	0	.1529862	.5442202	.3027935	0
1251.15	0	.1513766	.5455678	.3030556	0
1250.15	0	.1497758	.5469076	.3033166	0
1249.15	0	.1481839	.5482395	.3035766	0
1248.15	0	.1466007	.5495636	.3038356	0
1247.15	0	.1450265	.5508799	.3040936	0
1246.15	0	.1434612	.5521882	.3043506	0
1245.15	0	.1419048	.5534886	.3046065	0
1244.15	0	.1403575	.554781	.3048615	0
1243.15	0	.1388192	.5560654	.3051154	0
1242.15	0	.1372899	.5573418	.3053684	0
1241.15	0	.1357697	.55861	.3056203	0
1240.15	0	.1342586	.5598701	.3058713	0
1239.15	0	.1327567	.5611221	.3061212	0
1238.15	0	.131264	.5623658	.3063702	0
1237.15	0	.1297805	.5636013	.3066182	0
1236.15	0	.1283063	.5648285	.3068652	0
1235.15	0	.1268414	.5660474	.3071112	0
1234.15	0	.1253859	.5672579	.3073562	0
1233.15	0	.1239397	.56846	.3076003	0
1232.15	0	.122503	.5696536	.3078434	0
1231.15	0	.1210757	.5708388	.3080855	0
1230.15	0	.119658	.5720154	.3083266	0
1229.15	0	.1182497	.5731835	.3085668	0
1228.15	0	.1168511	.5743429	.308806	0
1227.15	0	.1154621	.5754937	.3090443	0
1226.15	0	.1140827	.5766357	.3092816	0
1225.15	0	.1127131	.577769	.3095179	0
1224.15	0	.1113532	.5788935	.3097533	0
1223.15	0	.1100031	.5800092	.3099877	0
1222.15	0	.1086628	.5811159	.3102212	0
1221.15	0	.1073325	.5822138	.3104538	0
1220.15	0	.106012	.5833026	.3106854	0
1219.15	0	.1047015	.5843824	.310916	0
1218.15	0	.1034011	.5854532	.3111458	0
1217.15	0	.1021107	.5865148	.3113746	0
1216.15	0	.1008304	.5875672	.3116024	0
1215.15	0	.09956028	.5886104	.3118293	0
1214.15	0	.09830036	.5896443	.3120553	0
1213.15	0	.0970507	.5906689	.3122804	0
1212.15	0	.09581134	.5916841	.3125045	0
1211.15	0	.09458233	.5926899	.3127278	0
1210.15	0	.09336372	.5936862	.3129501	0
1209.15	0	.09215557	.594673	.3131715	0
1208.15	0	.09095792	.5956501	.3133919	0
1207.15	0	.08977082	.5966177	.3136115	0
1206.15	0	.08859433	.5975755	.3138302	0
1205.15	0	.08742849	.5985236	.3140479	0
1204.15	0	.08627336	.5994619	.3142647	0
1203.15	0	.085129	.6003903	.3144807	0
1202.15	0	.08399545	.6013088	.3146957	0
1201.15	0	.08287278	.6022174	.3149099	0
1200.15	0	.08176103	.6031159	.3151231	0
1199.15	0	.08066026	.6040043	.3153355	0
1198.15	0	.07957052	.6048826	.3155469	0
1197.15	0	.07849188	.6057507	.3157575	0
1196.15	0	.07742438	.6066085	.3159672	0
1195.15	0	.07636809	.607456	.3161759	0
1194.15	0	.07532306	.6082931	.3163839	0
1193.15	0	.07428935	.6091198	.3165909	0
1192.15	0	.07326701	.609936	.316797	0
1191.15	0	.07225612	.6107416	.3170023	0
1190.15	0	.07125671	.6115366	.3172067	0
1189.15	0	.07026887	.6123209	.3174102	0
1188.15	0	.06929264	.6130945	.3176129	0
1187.15	0	.06832808	.6138573	.3178147	0
1186.15	0	.06737526	.6146092	.3180156	0
1185.15	0	.06643424	.6153501	.3182157	0
1184.15	0	.06550507	.6160801	.3184149	0
1183.15	0	.06458783	.616799	.3186132	0
1182.15	0	.06368257	.6175068	.3188107	0
1181.15	0	.06278936	.6182034	.3190073	0
1180.15	0	.06190825	.6188887	.3192031	0
1179.15	0	.06103932	.6195627	.319398	0
1178.15	0	.06018263	.6202253	.319592	0
1177.15	0	.05933823	.6208765	.3197853	0
1176.15	0	.05850621	.6215162	.3199776	0
1175.15	0	.05768661	.6221442	.3201692	0
1174.15	0	.05687951	.6227607	.3203599	0
1173.15	0	.05608497	.6233653	.3205497	0
1172.15	0	.05530305	.6239582	.3207387	0
1171.15	0	.05453383	.6245393	.3209269	0
1170.15	0	.05377737	.6251084	.3211142	0
1169.15	0	.05303374	.6256655	.3213008	0
1168.15	0	.052303	.6262106	.3214864	0
1167.15	0	.05158522	.6267435	.3216713	0
1166.15	0	.05088047	.6272642	.3218553	0
1165.15	0	.05018881	.6277726	.3220386	0
1164.15	0	.04951032	.6282687	.3222209	0
1163.15	0	.04884506	.6287524	.3224025	0
1162.15	0	.0481931	.6292236	.3225833	0
1161.15	0	.04755452	.6296823	.3227632	0
1160.15	0	.04692936	.6301283	.3229424	0
1159.15	0	.04631772	.6305616	.3231207	0
1158.15	0	.04571965	.6309822	.3232982	0
1157.15	0	.04513523	.6313899	.3234749	0
1156.15	0	.04456452	.6317847	.3236508	0
1155.15	0	.04400759	.6321665	.3238259	0
1154.15	0	.04346443	.6325354	.3240002	0
1153.15	0	.04293528	.632891	.3241737	0
1152.15	0	.04242012	.6332335	.3243464	0
1151.15	0	.04191901	.6335626	.3245184	0
1150.15	0	.04143204	.6338785	.3246895	0
1149.15	0	.04095926	.6341809	.3248598	0
1148.15	0	.04050075	.6344699	.3250294	0
1147.15	0	.04005658	.6347453	.3251981	0
1146.15	0	.03962682	.6350071	.3253661	0
1145.15	0	.03921153	.6352551	.3255333	0
1144.15	0	.03881078	.6354895	.3256998	0
1143.15	0	.03842465	.6357099	.3258654	0
1142.15	0	.0380663	.6359035	.3260302	0
1141.15	0	.0377097	.636096	.3261943	0
1140.15	0	.03736791	.6362744	.3263577	0
1139.15	0	.03704102	.6364387	.3265203	0
1138.15	0	.03672907	.6365889	.3266821	0
1137.15	0	.03643215	.6367247	.3268431	0
1136.15	0	.03615032	.6368463	.3270034	0
1135.15	0	.03588364	.6369534	.327163	0
1134.15	0	.03563219	.6370461	.3273217	0
1133.15	0	.03539602	.6371242	.3274798	0
1132.15	0	.03517521	.6371877	.3276371	0
1131.15	0	.03496981	.6372366	.3277936	0
1130.15	0	.0347799	.6372707	.3279494	0
1129.15	0	.03460553	.63729	.3281044	0
1128.15	0	.03444677	.6372945	.3282588	0
1127.15	0	.03430369	.637284	.3284123	0
1126.15	0	.03417634	.6372585	.3285652	0
1125.15	0	.03406478	.6372179	.3287173	0
1124.15	0	.03396909	.6371623	.3288686	0
1123.15	0	.03388931	.6370914	.3290193	0
1122.15	0	.03382551	.6370053	.3291692	0
1121.15	0	.03377775	.6369038	.3293184	0
1120.15	0	.03374608	.636787	.3294669	0
1119.15	0	.03373056	.6366547	.3296147	0
1118.15	0	.03373125	.636507	.3297618	0
1117.15	0	.03374821	.6363437	.3299081	0
1116.15	0	.03378148	.6361648	.3300538	0
1115.15	0	.03383113	.6359702	.3301987	0
1114.15	0	.0338972	.6357599	.3303429	0
1113.15	0	.03397975	.6355338	.3304865	0
1112.15	0	.03407882	.6352919	.3306293	0
1111.15	0	.03419448	.6350341	.3307714	0
1110.15	0	.03432675	.6347604	.3309129	0
1109.15	0	.03447571	.6344706	.3310537	0
1108.15	0	.03464138	.6341649	.3311937	0
1107.15	0	.03482381	.633843	.3313331	0
1106.15	0	.03502306	.6335051	.3314719	0
1105.15	0	.03523915	.6331509	.3316099	0
1104.15	0	.03547214	.6327806	.3317473	0
1103.15	0	.03572206	.632394	.331884	0
1102.15	0	.03598894	.631991	.33202	0
1101.15	0	.03627284	.6315718	.3321554	0
1100.15	0	.03657378	.6311361	.3322901	0
1099.15	0	.03689179	.6306841	.3324242	0
1098.15	0	.03722691	.6302155	.3325576	0
1097.15	0	.03757918	.6297305	.3326903	0
1096.15	0	.03794861	.629229	.3328224	0
1095.15	0	.03833524	.6287109	.3329538	0
1094.15	0	.0387391	.6281762	.3330847	0
1093.15	0	.0391602	.627625	.3332148	0
1092.15	0	.03959858	.627057	.3333444	0
1091.15	0	.04005425	.6264725	.3334733	0
1090.15	0	.04052722	.6258712	.3336016	0
1089.15	0	.04101753	.6252533	.3337292	0
1088.15	0	.04152518	.6246186	.3338563	0
1087.15	0	.04205019	.6239671	.3339827	0
1086.15	0	.04259257	.623299	.3341085	0
1085.15	0	.04315233	.622614	.3342337	0
1084.15	0	.04372947	.6219123	.3343583	0
1083.15	0	.04432401	.6211938	.3344822	0
1082.15	0	.04493595	.6204584	.3346056	0
1081.15	0	.04556528	.6197063	.3347284	0
1080.15	0	.04621201	.6189374	.3348506	0
1079.15	0	.04687614	.6181517	.3349722	0
1078.15	0	.04755766	.6173492	.3350932	0
1077.15	0	.04825656	.6165298	.3352136	0
1076.15	0	.04897284	.6156937	.3353335	0
1075.15	0	.04970648	.6148408	.3354527	0
1074.15	0	.05045747	.6139711	.3355714	0
1073.15	0	.0512258	.6130846	.3356896	0
1072.15	0	.05201144	.6121814	.3358071	0
1071.15	0	.05281438	.6112615	.3359242	0
1070.15	0	.0536346	.6103248	.3360406	0
1069.15	0	.05447206	.6093715	.3361565	0
1068.15	0	.05532674	.6084014	.3362718	0
1067.15	0	.05619861	.6074148	.3363866	0
1066.15	0	.05708764	.6064115	.3365009	0
1065.15	0	.0579938	.6053916	.3366146	0
1064.15	0	.05891704	.6043552	.3367278	0
1063.15	0	.05985733	.6033022	.3368405	0
1062.15	0	.06081462	.6022328	.3369526	0
1061.15	0	.06178888	.601147	.3370642	0
1060.15	0	.06278005	.6000447	.3371752	0
1059.15	0	.06378808	.5989261	.3372858	0
1058.15	0	.06481292	.5977912	.3373959	0
1057.15	0	.06585452	.5966401	.3375054	0
1056.15	0	.06691282	.5954728	.3376144	0
1055.15	0	.06798776	.5942893	.337723	0
1054.15	0	.06907928	.5930897	.337831	0
1053.15	0	.07018731	.5918742	.3379385	0
1052.15	0	.07131178	.5906427	.3380456	0
1051.15	0	.07245263	.5893953	.3381521	0
1050.15	0	.07360979	.588132	.3382582	0
1049.15	0	.07478317	.5868531	.3383638	0
1048.15	0	.0759727	.5855584	.3384689	0
1047.15	0	.0771783	.5842482	.3385735	0
1046.15	0	.07839989	.5829224	.3386777	0
1045.15	0	.07963739	.5815812	.3387814	0
1044.15	0	.0808907	.5802247	.3388847	0
1043.15	0	.08215973	.5788528	.3389874	0
1042.15	0	.08344439	.5774659	.3390898	0
1041.15	0	.08474459	.5760638	.3391916	0
1040.15	0	.08606023	.5746467	.3392931	0
1039.15	0	.0873912	.5732148	.339394	0
1038.15	0	.08873742	.571768	.3394946	0
1037.15	0	.09009876	.5703066	.3395947	0
1036.15	0	.09147512	.5688306	.3396943	0
1035.15	0	.0928664	.5673401	.3397935	0
1034.15	0	.09427248	.5658352	.3398923	0
1033.15	0	.09569325	.5643161	.3399907	0
1032.15	0	.09712858	.5627828	.3400886	0
1031.15	0	.09857837	.5612355	.3401862	0
1030.15	0	.1000425	.5596743	.3402833	0
1029.15	0	.1015208	.5580993	.3403799	0
1028.15	0	.1030132	.5565106	.3404762	0
1027.15	0	.1045195	.5549084	.3405721	0
1026.15	0	.1060397	.5532928	.3406675	0
1025.15	0	.1075736	.5516639	.3407626	0
1024.15	0	.1091209	.5500218	.3408572	0
1023.15	0	.1106818	.5483668	.3409515	0
1022.15	0	.1122559	.5466988	.3410453	0
1021.15	0	.1138431	.5450181	.3411388	0
1020.15	0	.1154433	.5433249	.3412319	0
1019.15	0	.1170563	.5416191	.3413245	0
1018.15	0	.1186821	.5399011	.3414168	0
1017.15	0	.1203204	.5381709	.3415087	0
1016.15	0	.1219711	.5364287	.3416002	0
1015.15	0	.1236341	.5346746	.3416913	0
1014.15	0	.1253091	.5329088	.3417821	0
1013.15	0	.1269961	.5311315	.3418725	0
1012.15	0	.1286948	.5293427	.3419624	0
1011.15	0	.1304052	.5275427	.342052	0
1010.15	0	.132127	.5257317	.3421413	0
1009.15	0	.1338602	.5239097	.3422302	0
1008.15	0	.1356044	.5220769	.3423187	0
1007.15	0	.1373596	.5202336	.3424068	0
1006.15	0	.1391256	.5183798	.3424945	0
1005.15	0	.1409023	.5165158	.3425819	0
1004.15	0	.1426894	.5146417	.3426689	0
1003.15	0	.1444868	.5127577	.3427556	0
1002.15	0	.1462943	.5108639	.3428418	0
1001.15	0	.1481117	.5089606	.3429277	0
1000.15	0	.1499389	.5070478	.3430133	0
999.15	0	.1517757	.5051258	.3430985	0
998.15	0	.1536219	.5031948	.3431833	0
997.15	0	.1554773	.501255	.3432677	0
996.15	0	.1573418	.4993064	.3433518	0
995.15	0	.1592152	.4973494	.3434355	0
994.15	0	.1610972	.495384	.3435188	0
993.15	0	.1629878	.4934105	.3436018	0
992.15	0	.1648866	.491429	.3436844	0
991.15	0	.1667937	.4894398	.3437666	0
990.15	0	.1687086	.4874429	.3438484	0
989.15	0	.1706314	.4854387	.3439299	0
988.15	0	.1725617	.4834273	.344011	0
987.15	0	.1744994	.4814089	.3440917	0
986.15	0	.1764443	.4793836	.3441721	0
985.15	0	.1783962	.4773517	.3442521	0
984.15	0	.180355	.4753133	.3443316	0
983.15	0	.1823204	.4732687	.3444108	0
982.15	0	.1842923	.4712181	.3444896	0
981.15	0	.1862704	.4691615	.3445681	0
980.15	0	.1882546	.4670993	.3446461	0
979.15	0	.1902447	.4650316	.3447237	0
978.15	0	.1922404	.4629587	.3448009	0
977.15	0	.1942417	.4608806	.3448778	0
976.15	0	.1962482	.4587976	.3449542	0
975.15	0	.1982599	.45671	.3450302	0
974.15	0	.2002764	.4546178	.3451058	0
973.15	0	.2022978	.4525213	.3451809	0
972.15	0	.2043236	.4504207	.3452557	0
971.15	0	.2063538	.4483163	.34533	0
970.15	0	.2083123	.446278	.3454098	0
969.15	0	.210287	.4442242	.3454888	0
968.15	0	.2122813	.442152	.3455667	0
967.15	0	.2142938	.4400626	.3456436	0
966.15	0	.2163234	.4379571	.3457195	0
965.15	0	.218369	.4358368	.3457942	0
964.15	0	.2204293	.4337027	.345868	0
963.15	0	.2225033	.4315559	.3459407	0
962.15	0	.2245901	.4293975	.3460125	0
961.15	0	.2266885	.4272283	.3460832	0
960.15	0	.2287975	.4250495	.346153	0
959.15	0	.2309164	.4228618	.3462218	0
958.15	0	.2330441	.4206663	.3462896	0
957.15	0	.2351798	.4184638	.3463565	0
956.15	0	.2373226	.4162551	.3464224	0
955.15	0	.2394717	.414041	.3464873	0
954.15	0	.2416264	.4118223	.3465513	0
953.15	0	.2437859	.4095998	.3466144	0
952.15	0	.2459494	.4073741	.3466765	0
951.15	0	.2481162	.4051461	.3467377	0
950.15	0	.2502858	.4029163	.3467979	0
949.15	0	.2524573	.4006855	.3468572	0
948.15	0	.2546302	.3984542	.3469156	0
947.15	0	.2568039	.396223	.3469731	0
946.15	0	.2589778	.3939926	.3470296	0
945.15	0	.2611513	.3917635	.3470852	0
944.15	0	.2633238	.3895362	.3471399	0
943.15	0	.265495	.3873113	.3471937	0
942.15	0	.2676642	.3850893	.3472465	0
941.15	0	.2698309	.3828706	.3472985	0
940.15	0	.2719948	.3806558	.3473495	0
939.15	0	.2741553	.3784452	.3473995	0
938.15	0	.276312	.3762393	.3474487	0
937.15	0	.2784645	.3740386	.3474969	0
936.15	0	.2806125	.3718433	.3475442	0
935.15	0	.2827554	.369654	.3475906	0
934.15	0	.284893	.367471	.347636	0
933.15	0	.2870249	.3652946	.3476805	0
932.15	0	.2891508	.3631252	.3477241	0
931.15	0	.2912702	.360963	.3477667	0
930.15	0	.293383	.3588085	.3478085	0
929.15	0	.2954888	.356662	.3478492	0
928.15	0	.2975873	.3545236	.3478891	0
927.15	0	.2996782	.3523938	.347928	0
926.15	0	.3017613	.3502727	.3479659	0
925.15	0	.3038364	.3481607	.3480029	0
924.15	0	.305903	.346058	.348039	0
923.15	0	.3079612	.3439647	.3480741	0
922.15	0	.3100105	.3418812	.3481083	0
921.15	0	.3120508	.3398077	.3481416	0
920.15	0	.3140818	.3377443	.3481738	0
919.15	0	.3161035	.3356914	.3482052	0
918.15	0	.3181155	.333649	.3482355	0
917.15	0	.3201177	.3316173	.348265	0
916.15	0	.32211	.3295966	.3482934	0
915.15	0	.3240921	.327587	.3483209	0
914.15	0	.3260638	.3255887	.3483475	0
913.15	0	.3280252	.3236018	.3483731	0
912.15	0	.3299759	.3216264	.3483977	0
911.15	0	.3319158	.3196628	.3484213	0
910.15	0	.3338449	.3177111	.348444	0
909.15	0	.335763	.3157713	.3484658	0
908.15	0	.3376698	.3138436	.3484865	0
907.15	0	.3395655	.3119282	.3485063	0
906.15	0	.3414497	.3100251	.3485252	0
905.15	0	.3433224	.3081345	.348543	0
904.15	0	.3451836	.3062565	.3485599	0
903.15	0	.347033	.3043911	.3485759	0
902.15	0	.3488707	.3025385	.3485908	0
901.15	0	.3506964	.3006987	.3486048	0
900.15	0	.3525102	.2988719	.3486179	0
899.15	0	.3543119	.2970581	.34863	0
898.15	0	.3561015	.2952575	.3486411	0
897.15	0	.3578788	.29347	.3486512	0
896.15	0	.3596439	.2916958	.3486604	0
895.15	0	.3613965	.2899349	.3486686	0
894.15	0	.3631368	.2881874	.3486759	0
893.15	0	.3648645	.2864533	.3486822	0
892.15	0	.3665796	.2847328	.3486876	0
891.15	0	.3682822	.2830258	.348692	0
890.15	0	.369972	.2813325	.3486955	0
889.15	0	.3716492	.2796528	.348698	0
888.15	0	.3733135	.2779869	.3486996	0
887.15	0	.374965	.2763348	.3487003	0
886.15	0	.3766036	.2746964	.3487	0
885.15	0	.3782293	.273072	.3486988	0
884.15	0	.379842	.2714614	.3486966	0
883.15	0	.3814417	.2698647	.3486936	0
882.15	0	.3830284	.268282	.3486896	0
881.15	0	.384602	.2667133	.3486848	0
880.15	0	.3861625	.2651585	.348679	0
879.15	0	.3877098	.2636179	.3486723	0
878.15	0	.389244	.2620913	.3486648	0
877.15	0	.3907649	.2605787	.3486563	0
876.15	0	.3922727	.2590803	.348647	0
875.15	0	.3937672	.2575959	.3486369	0
874.15	0	.3952485	.2561257	.3486258	0
873.15	0	.3967165	.2546696	.3486139	0
872.15	0	.3981713	.2532276	.3486012	0
871.15	0	.3996127	.2517997	.3485876	0
870.15	0	.4010408	.250386	.3485732	0
869.15	0	.4024557	.2489864	.348558	0
868.15	0	.4038572	.2476009	.3485419	0
867.15	0	.4052455	.2462295	.3485251	0
866.15	0	.4066204	.2448722	.3485074	0
865.15	0	.407982	.243529	.348489	0
864.15	0	.4093304	.2421998	.3484698	0
863.15	0	.4106655	.2408847	.3484499	0
862.15	0	.4119873	.2395836	.3484292	0
861.15	0	.4132959	.2382964	.3484077	0
860.15	0	.4145912	.2370233	.3483855	0
859.15	0	.4158734	.235764	.3483626	0
858.15	0	.4171424	.2345186	.348339	0
857.15	0	.4183983	.233287	.3483147	0
856.15	0	.4196411	.2320693	.3482896	0
855.15	0	.4208708	.2308653	.3482639	0
854.15	0	.4220874	.229675	.3482376	0
853.15	0	.4232911	.2284983	.3482106	0
852.15	0	.4244819	.2273352	.3481829	0
851.15	0	.4256597	.2261857	.3481546	0
850.15	0	.4268248	.2250496	.3481257	0
849.15	0	.427977	.2239268	.3480962	0
848.15	0	.4291165	.2228175	.348066	0
847.15	0	.4302434	.2217213	.3480353	0
846.15	0	.4313576	.2206383	.348004	0
845.15	0	.4324594	.2195685	.3479722	0
844.15	0	.4335487	.2185116	.3479397	0
843.15	0	.4346256	.2174677	.3479068	0
842.15	0	.4356902	.2164366	.3478733	0
841.15	0	.4367425	.2154182	.3478392	0
840.15	0	.4377827	.2144126	.3478047	0
839.15	0	.4388109	.2134194	.3477697	0
838.15	0	.4398271	.2124388	.3477341	0
837.15	0	.4408314	.2114705	.3476981	0
836.15	0	.4418239	.2105144	.3476616	0
835.15	0	.4428048	.2095705	.3476247	0
834.15	0	.443774	.2086387	.3475873	0
833.15	0	.4447317	.2077188	.3475495	0
832.15	0	.4456781	.2068107	.3475112	0
831.15	0	.4466131	.2059144	.3474725	0
830.15	0	.447537	.2050296	.3474334	0
829.3882	0	.4482333	.2043634	.3474033	0
829.3882	0	.4482333	.2043634	.3474033	0
829.3882	0	.4482333	.2043634	.3474033	0
829.15	0	.449813	.2024395	.3469375	8.099839E-04
828.15	0	.4563052	.1945171	.34501	.004167738
827.15	0	.4625807	.1868345	.3431258	.007459084
826.15	0	.4686481	.1793822	.3412834	.01068626
825.15	0	.4745158	.1721513	.3394816	.0138514
824.15	0	.4801917	.165133	.3377188	.0169565
823.15	0	.4856832	.1583194	.3359939	.02000349
822.15	0	.4909974	.1517027	.3343057	.02299419
821.15	0	.496141	.1452756	.332653	.02593032
820.15	0	.5011206	.1390312	.3310347	.02881354
819.15	0	.505942	.1329629	.3294497	.03164542
818.15	0	.5106111	.1270643	.3278972	.03442745
817.15	0	.5151334	.1213295	.326376	.03716106
816.15	0	.5195142	.1157528	.3248854	.03984763
815.15	0	.5237585	.1103287	.3234243	.04248845
814.15	0	.527871	.1050521	.3219921	.04508478
813.15	0	.5318563	.099918	.3205879	.0476378
812.15	0	.5357188	.09492163	.3192109	.05014867
811.15	0	.5394627	.0900585	.3178604	.05261847
810.15	0	.5430918	.08532427	.3165356	.05504826
809.15	0	.5466101	.08071479	.315236	.05743906
808.15	0	.5500212	.0762261	.3139609	.05979182
807.15	0	.5533286	.07185438	.3127096	.06210749
806.15	0	.5565356	.067596	.3114814	.06438695
805.15	0	.5596455	.06344745	.310276	.06663107
804.15	0	.5626614	.05940537	.3090926	.06884067
803.15	0	.5655862	.05546654	.3079307	.07101656
802.15	0	.5684228	.05162787	.3067899	.07315951
801.15	0	.5711738	.04788636	.3056695	.07527026
800.15	0	.5738421	.04423916	.3045692	.07734953
799.15	0	.5764301	.0406835	.3034884	.079398
798.15	0	.5789402	.03721673	.3024267	.08141636
797.15	0	.5813748	.0338363	.3013837	.08340524
796.15	0	.5837361	.03053974	.3003589	.08536527
795.15	0	.5860264	.02732466	.2993518	.08729706
794.15	0	.5882478	.02418878	.2983622	.0892012
793.15	0	.5904023	.02112989	.2973896	.09107825
792.15	0	.5924918	.01814584	.2964336	.09292876
791.15	0	.5945183	.01523457	.2954939	.09475327
790.15	0	.5964835	.01239409	.2945701	.0965523
789.15	0	.5983894	.009622467	.2936618	.09832635
788.15	0	.6002375	.006917835	.2927688	.1000759
787.15	0	.6020295	.004278388	.2918906	.1018015
786.15	0	.6037671	.001702378	.291027	.1035035
785.4756	0	.6049091	0	.2904527	.1046383
785.4756	0	.6049091	0	.2904527	.1046383
785.15	0	.6048727	0	.2903873	.10474
784.15	0	.6047615	0	.2901868	.1050517
783.15	0	.6046507	0	.2899871	.1053622
782.15	0	.6045405	0	.2897879	.1056716
781.15	0	.6044308	0	.2895894	.1059798
780.15	0	.6043215	0	.2893916	.1062869
779.15	0	.6042128	0	.2891944	.1065928
778.15	0	.6041046	0	.2889978	.1068975
777.15	0	.6039969	0	.2888019	.1072012
776.15	0	.6038897	0	.2886066	.1075037
775.15	0	.603783	0	.288412	.107805
774.15	0	.6036767	0	.288218	.1081053
773.15	0	.603571	0	.2880246	.1084044
772.15	0	.6034657	0	.2878318	.1087024
771.15	0	.6033609	0	.2876397	.1089993
770.15	0	.6032566	0	.2874483	.1092951
769.15	0	.6031528	0	.2872574	.1095898
768.15	0	.6030494	0	.2870672	.1098834
767.15	0	.6029465	0	.2868776	.1101759
766.15	0	.6028441	0	.2866886	.1104674
765.15	0	.6027421	0	.2865003	.1107577
764.15	0	.6026406	0	.2863125	.1110469
763.15	0	.6025395	0	.2861254	.1113351
762.15	0	.6024389	0	.2859389	.1116222
761.15	0	.6023387	0	.2857531	.1119082
760.15	0	.602239	0	.2855679	.1121932
759.15	0	.6021397	0	.2853832	.1124771
758.15	0	.6020409	0	.2851992	.1127599
757.15	0	.6019425	0	.2850158	.1130417
756.15	0	.6018445	0	.2848331	.1133224
755.15	0	.601747	0	.2846509	.1136021
754.15	0	.6016499	0	.2844694	.1138808
753.15	0	.6015532	0	.2842884	.1141584
752.15	0	.601457	0	.2841081	.1144349
751.15	0	.6013612	0	.2839284	.1147104
750.15	0	.6012658	0	.2837493	.1149849
749.15	0	.6011708	0	.2835708	.1152584
748.15	0	.6010763	0	.2833929	.1155309
747.15	0	.6009821	0	.2832156	.1158023
746.15	0	.6008884	0	.2830389	.1160727
745.15	0	.6007951	0	.2828628	.1163421
744.15	0	.6007022	0	.2826874	.1166104
743.15	0	.6006097	0	.2825125	.1168778
742.15	0	.6005176	0	.2823382	.1171442
741.15	0	.6004259	0	.2821645	.1174095
740.15	0	.6003347	0	.2819915	.1176739
739.15	0	.6002438	0	.281819	.1179372
738.15	0	.6001533	0	.2816471	.1181996
737.15	0	.6000632	0	.2814758	.118461
736.15	0	.5999735	0	.2813051	.1187214
735.15	0	.5998842	0	.281135	.1189808
734.15	0	.5997953	0	.2809655	.1192392
733.15	0	.5997068	0	.2807966	.1194967
732.15	0	.5996186	0	.2806283	.1197531
731.15	0	.5995309	0	.2804605	.1200086
730.15	0	.5994435	0	.2802934	.1202631
729.15	0	.5993565	0	.2801268	.1205167
728.15	0	.5992699	0	.2799608	.1207693
727.15	0	.5991837	0	.2797954	.1210209
726.15	0	.5990978	0	.2796306	.1212716
725.15	0	.5990123	0	.2794664	.1215213
724.15	0	.5989272	0	.2793028	.12177
723.15	0	.5988425	0	.2791397	.1220178
722.15	0	.5987581	0	.2789772	.1222647
721.15	0	.5986741	0	.2788153	.1225105
720.15	0	.5985905	0	.278654	.1227555
719.15	0	.5985072	0	.2784933	.1229995
718.15	0	.5984243	0	.2783331	.1232426
717.15	0	.5983418	0	.2781735	.1234847
716.15	0	.5982596	0	.2780145	.1237259
715.15	0	.5981778	0	.2778561	.1239661
714.15	0	.5980964	0	.2776982	.1242055
713.15	0	.5980153	0	.2775409	.1244438
712.15	0	.5979345	0	.2773842	.1246813
711.15	0	.5978541	0	.277228	.1249178
710.15	0	.5977741	0	.2770724	.1251535
709.15	0	.5976944	0	.2769174	.1253882
708.15	0	.5976151	0	.276763	.125622
707.15	0	.5975361	0	.2766091	.1258548
706.15	0	.5974575	0	.2764558	.1260868
705.15	0	.5973792	0	.276303	.1263178
704.15	0	.5973012	0	.2761508	.1265479
703.15	0	.5972236	0	.2759992	.1267772
702.15	0	.5971464	0	.2758482	.1270055
701.15	0	.5970695	0	.2756977	.1272329
700.15	0	.5969929	0	.2755477	.1274594
699.15	0	.5969166	0	.2753984	.127685
698.15	0	.5968408	0	.2752495	.1279097
697.15	0	.5967652	0	.2751013	.1281335
696.15	0	.59669	0	.2749536	.1283565
695.15	0	.5966151	0	.2748064	.1285785
694.15	0	.5965405	0	.2746598	.1287997
693.15	0	.5964663	0	.2745138	.1290199
692.15	0	.5963924	0	.2743683	.1292393
691.15	0	.5963188	0	.2742234	.1294578
690.15	0	.5962456	0	.274079	.1296754
689.15	0	.5961727	0	.2739352	.1298921
688.15	0	.5961001	0	.2737919	.130108
687.15	0	.5960279	0	.2736492	.130323
686.15	0	.5959559	0	.273507	.1305371
685.15	0	.5958843	0	.2733654	.1307503
684.15	0	.5958131	0	.2732243	.1309627
683.15	0	.5957421	0	.2730838	.1311742
682.15	0	.5956715	0	.2729437	.1313848
681.15	0	.5956012	0	.2728043	.1315946
680.15	0	.5955312	0	.2726654	.1318035
679.15	0	.5954615	0	.272527	.1320115
678.15	0	.5953921	0	.2723892	.1322187
677.15	0	.5953231	0	.2722519	.132425
676.15	0	.5952543	0	.2721152	.1326305
675.15	0	.5951859	0	.271979	.1328351
674.15	0	.5951178	0	.2718433	.1330389
673.15	0	.59505	0	.2717082	.1332418
672.15	0	.5949825	0	.2715736	.1334439
671.15	0	.5949154	0	.2714396	.1336451
670.15	0	.5948485	0	.271306	.1338455
669.15	0	.594782	0	.2711731	.134045
668.15	0	.5947157	0	.2710406	.1342437
667.15	0	.5946498	0	.2709087	.1344415
666.15	0	.5945841	0	.2707773	.1346386
665.15	0	.5945188	0	.2706464	.1348347
664.15	0	.5944538	0	.2705161	.1350301
663.15	0	.5943891	0	.2703863	.1352246
662.15	0	.5943247	0	.2702571	.1354183
661.15	0	.5942605	0	.2701283	.1356111
660.15	0	.5941967	0	.2700001	.1358032
659.15	0	.5941332	0	.2698724	.1359944
658.15	0	.59407	0	.2697452	.1361848
657.15	0	.5940071	0	.2696186	.1363743
656.15	0	.5939445	0	.2694925	.1365631
655.15	0	.5938821	0	.2693669	.136751
654.15	0	.5938201	0	.2692418	.1369381
653.15	0	.5937584	0	.2691172	.1371244
652.15	0	.593697	0	.2689932	.1373099
651.15	0	.5936358	0	.2688697	.1374945
650.15	0	.593575	0	.2687467	.1376784
649.15	0	.5935144	0	.2686242	.1378614
648.15	0	.5934541	0	.2685022	.1380437
647.15	0	.5933941	0	.2683807	.1382251
646.15	0	.5933345	0	.2682598	.1384057
645.15	0	.5932751	0	.2681394	.1385856
644.15	0	.5932159	0	.2680194	.1387646
643.15	0	.5931571	0	.2679	.1389428
642.15	0	.5930986	0	.2677811	.1391203
641.15	0	.5930403	0	.2676628	.1392969
640.15	0	.5929824	0	.2675449	.1394728
639.15	0	.5929247	0	.2674275	.1396478
638.15	0	.5928673	0	.2673107	.1398221
637.15	0	.5928101	0	.2671943	.1399956
636.15	0	.5927533	0	.2670784	.1401683
635.15	0	.5926967	0	.2669631	.1403402
634.15	0	.5926405	0	.2668482	.1405113
633.15	0	.5925845	0	.2667339	.1406817
632.15	0	.5925287	0	.2666201	.1408512
631.15	0	.5924733	0	.2665067	.14102
630.15	0	.5924181	0	.2663939	.141188
629.15	0	.5923632	0	.2662815	.1413553
628.15	0	.5923086	0	.2661697	.1415217
627.15	0	.5922543	0	.2660583	.1416874
626.15	0	.5922002	0	.2659475	.1418523
625.15	0	.5921464	0	.2658371	.1420165
624.15	0	.5920929	0	.2657272	.1421799
623.15	0	.5920396	0	.2656179	.1423425
622.15	0	.5919867	0	.265509	.1425044
621.15	0	.5919339	0	.2654006	.1426655
620.15	0	.5918815	0	.2652927	.1428258
619.15	0	.5918293	0	.2651853	.1429854
618.15	0	.5917774	0	.2650784	.1431442
617.15	0	.5917258	0	.2649719	.1433023
616.15	0	.5916744	0	.264866	.1434596
615.15	0	.5916233	0	.2647605	.1436162
614.15	0	.5915725	0	.2646555	.143772
613.15	0	.5915219	0	.264551	.1439271
612.15	0	.5914716	0	.264447	.1440815
611.15	0	.5914215	0	.2643434	.144235
610.15	0	.5913717	0	.2642404	.1443879
609.15	0	.5913222	0	.2641378	.14454
608.15	0	.5912729	0	.2640357	.1446914
607.15	0	.5912239	0	.263934	.144842
606.15	0	.5911752	0	.2638329	.1449919
605.15	0	.5911267	0	.2637322	.1451411
604.15	0	.5910785	0	.263632	.1452895
603.15	0	.5910305	0	.2635323	.1454372
602.15	0	.5909828	0	.263433	.1455842
601.15	0	.5909353	0	.2633342	.1457305
600.15	0	.5908881	0	.2632359	.145876
599.15	0	.5908411	0	.2631381	.1460208
598.15	0	.5907944	0	.2630407	.1461649
597.15	0	.590748	0	.2629437	.1463083
596.15	0	.5907018	0	.2628473	.146451
595.15	0	.5906558	0	.2627513	.1465929
594.15	0	.5906101	0	.2626558	.1467341
593.15	0	.5905647	0	.2625607	.1468747
592.15	0	.5905195	0	.2624661	.1470145
591.15	0	.5904745	0	.2623719	.1471536
590.15	0	.5904298	0	.2622782	.147292
589.15	0	.5903853	0	.262185	.1474297
588.15	0	.5903411	0	.2620922	.1475667
587.15	0	.5902971	0	.2619999	.147703
586.15	0	.5902534	0	.261908	.1478386
585.15	0	.5902099	0	.2618166	.1479735
584.15	0	.5901667	0	.2617256	.1481077
583.15	0	.5901237	0	.2616351	.1482412
582.15	0	.5900809	0	.261545	.1483741
581.15	0	.5900384	0	.2614554	.1485062
580.15	0	.5899961	0	.2613662	.1486377
579.15	0	.589954	0	.2612775	.1487685
578.15	0	.5899122	0	.2611892	.1488986
577.15	0	.5898707	0	.2611014	.149028
576.15	0	.5898293	0	.2610139	.1491567
575.15	0	.5897882	0	.260927	.1492848
574.15	0	.5897474	0	.2608405	.1494122
573.15	0	.5897067	0	.2607544	.1495389
572.15	0	.5896663	0	.2606687	.149665
571.15	0	.5896261	0	.2605835	.1497904
570.15	0	.5895862	0	.2604987	.1499151
569.15	0	.5895465	0	.2604143	.1500392
568.15	0	.589507	0	.2603304	.1501625
567.15	0	.5894678	0	.2602469	.1502853
566.15	0	.5894288	0	.2601639	.1504074
565.15	0	.58939	0	.2600812	.1505288
564.15	0	.5893514	0	.259999	.1506496
563.15	0	.5893131	0	.2599172	.1507697
562.15	0	.589275	0	.2598359	.1508892
561.15	0	.5892371	0	.2597549	.151008
560.15	0	.5891994	0	.2596744	.1511262
559.15	0	.589162	0	.2595943	.1512438
558.15	0	.5891247	0	.2595146	.1513607
557.15	0	.5890877	0	.2594354	.1514769
556.15	0	.5890509	0	.2593565	.1515926
555.15	0	.5890144	0	.259278	.1517076
554.15	0	.588978	0	.2592	.1518219
553.15	0	.5889419	0	.2591224	.1519357
552.15	0	.588906	0	.2590452	.1520488
551.15	0	.5888703	0	.2589684	.1521613
550.15	0	.5888348	0	.258892	.1522732
549.15	0	.5887996	0	.258816	.1523844
548.15	0	.5887645	0	.2587404	.1524951
547.15	0	.5887297	0	.2586653	.1526051
546.15	0	.588695	0	.2585905	.1527145
545.15	0	.5886606	0	.2585161	.1528233
544.15	0	.5886264	0	.2584421	.1529315
543.15	0	.5885924	0	.2583685	.1530391
542.15	0	.5885586	0	.2582953	.153146
541.15	0	.588525	0	.2582225	.1532524
540.15	0	.5884917	0	.2581501	.1533582
539.15	0	.5884585	0	.2580781	.1534634
538.15	0	.5884255	0	.2580065	.153568
537.15	0	.5883928	0	.2579353	.153672
536.15	0	.5883602	0	.2578644	.1537754
535.15	0	.5883279	0	.2577939	.1538782
534.15	0	.5882957	0	.2577239	.1539804
533.15	0	.5882638	0	.2576542	.1540821
532.15	0	.588232	0	.2575848	.1541832
531.15	0	.5882004	0	.2575159	.1542837
530.15	0	.5881691	0	.2574473	.1543836
529.15	0	.5881379	0	.2573791	.1544829
528.15	0	.588107	0	.2573113	.1545817
527.15	0	.5880762	0	.2572438	.1546799
526.15	0	.5880456	0	.2571768	.1547776
525.15	0	.5880153	0	.2571101	.1548747
524.15	0	.5879851	0	.2570437	.1549712
523.15	0	.5879551	0	.2569778	.1550672
522.15	0	.5879253	0	.2569121	.1551626
521.15	0	.5878957	0	.2568469	.1552574
520.15	0	.5878663	0	.256782	.1553518
519.15	0	.587837	0	.2567175	.1554455
518.15	0	.587808	0	.2566533	.1555387
517.15	0	.5877791	0	.2565895	.1556314
516.15	0	.5877504	0	.256526	.1557236
515.15	0	.5877219	0	.2564629	.1558152
514.15	0	.5876936	0	.2564001	.1559062
513.15	0	.5876655	0	.2563377	.1559968
512.15	0	.5876376	0	.2562757	.1560868
511.15	0	.5876098	0	.2562139	.1561762
510.15	0	.5875822	0	.2561526	.1562652
509.15	0	.5875548	0	.2560916	.1563536
508.15	0	.5875276	0	.2560309	.1564415
507.15	0	.5875006	0	.2559705	.1565289
506.15	0	.5874737	0	.2559105	.1566158
505.15	0	.587447	0	.2558508	.1567022
504.15	0	.5874205	0	.2557915	.156788
503.15	0	.5873941	0	.2557325	.1568734
502.15	0	.587368	0	.2556738	.1569583
501.15	0	.587342	0	.2556154	.1570426
500.15	0	.5873161	0	.2555574	.1571265
499.15	0	.5872905	0	.2554997	.1572098
498.15	0	.587265	0	.2554423	.1572927
497.15	0	.5872397	0	.2553853	.1573751
496.15	0	.5872145	0	.2553285	.157457
495.15	0	.5871895	0	.2552721	.1575384
494.15	0	.5871647	0	.255216	.1576193
493.15	0	.5871401	0	.2551602	.1576997
492.15	0	.5871156	0	.2551047	.1577797
491.15	0	.5870912	0	.2550496	.1578592
490.15	0	.5870671	0	.2549947	.1579382
489.15	0	.5870431	0	.2549402	.1580168
488.15	0	.5870192	0	.2548859	.1580949
487.15	0	.5869955	0	.254832	.1581725
486.15	0	.586972	0	.2547783	.1582497
485.15	0	.5869486	0	.254725	.1583264
484.15	0	.5869254	0	.254672	.1584026
483.15	0	.5869023	0	.2546192	.1584785
482.15	0	.5868794	0	.2545668	.1585538
481.15	0	.5868567	0	.2545146	.1586287
480.15	0	.5868341	0	.2544628	.1587032
479.15	0	.5868116	0	.2544112	.1587772
478.15	0	.5867893	0	.2543599	.1588508
477.15	0	.5867672	0	.2543089	.158924
476.15	0	.5867451	0	.2542582	.1589967
475.15	0	.5867233	0	.2542077	.159069
474.15	0	.5867016	0	.2541576	.1591409
473.15	0	.58668	0	.2541077	.1592123
472.15	0	.5866586	0	.2540581	.1592833
471.15	0	.5866373	0	.2540087	.1593539
470.15	0	.5866162	0	.2539597	.1594241
469.15	0	.5865952	0	.2539109	.1594939
468.15	0	.5865744	0	.2538624	.1595633
467.15	0	.5865536	0	.2538141	.1596323
466.15	0	.5865331	0	.2537661	.1597008
465.15	0	.5865126	0	.2537184	.159769
464.15	0	.5864923	0	.2536709	.1598368
463.15	0	.5864722	0	.2536237	.1599041
462.15	0	.5864522	0	.2535768	.1599711
461.15	0	.5864322	0	.2535301	.1600377
460.15	0	.5864125	0	.2534836	.1601039
459.15	0	.5863929	0	.2534374	.1601697
458.15	0	.5863734	0	.2533915	.1602351
457.15	0	.586354	0	.2533458	.1603002
456.15	0	.5863348	0	.2533004	.1603649
455.15	0	.5863157	0	.2532551	.1604292
454.15	0	.5862967	0	.2532102	.1604931
