T	 BPW(LIQUID)	BPW(BCC_A2)	BPW(FCC_A1)	BPW(LAVES_PHASE_C14)	BPW(NI3TI)
1473.15	.01961568	.9803843	0	0	0
1472.15	.01752346	.9824765	0	0	0
1471.15	.01544621	.9845538	0	0	0
1470.15	.01338381	.9866162	0	0	0
1469.15	.01133612	.9886639	0	0	0
1468.15	.009303012	.990697	0	0	0
1467.15	.007284364	.9927156	0	0	0
1466.15	.005280049	.99472	0	0	0
1465.15	.003289944	.9967101	0	0	0
1464.15	.001313926	.9986861	0	0	0
1463.481	0	1	0	0	0
1463.481	0	1	0	0	0
1463.15	0	1	0	0	0
1462.15	0	1	0	0	0
1461.15	0	1	0	0	0
1460.15	0	1	0	0	0
1459.15	0	1	0	0	0
1458.15	0	1	0	0	0
1457.15	0	1	0	0	0
1456.15	0	1	0	0	0
1455.15	0	1	0	0	0
1454.15	0	1	0	0	0
1453.15	0	1	0	0	0
1452.15	0	1	0	0	0
1451.15	0	1	0	0	0
1450.15	0	1	0	0	0
1449.15	0	1	0	0	0
1448.15	0	1	0	0	0
1447.15	0	1	0	0	0
1446.15	0	1	0	0	0
1445.15	0	1	0	0	0
1444.15	0	1	0	0	0
1443.15	0	1	0	0	0
1442.15	0	1	0	0	0
1441.15	0	1	0	0	0
1440.15	0	1	0	0	0
1439.15	0	1	0	0	0
1438.15	0	1	0	0	0
1437.15	0	1	0	0	0
1436.15	0	1	0	0	0
1435.15	0	1	0	0	0
1434.15	0	1	0	0	0
1433.15	0	1	0	0	0
1432.15	0	1	0	0	0
1431.15	0	1	0	0	0
1430.15	0	1	0	0	0
1429.15	0	1	0	0	0
1428.15	0	1	0	0	0
1427.15	0	1	0	0	0
1426.15	0	1	0	0	0
1425.15	0	1	0	0	0
1424.15	0	1	0	0	0
1423.15	0	1	0	0	0
1422.15	0	1	0	0	0
1421.15	0	1	0	0	0
1420.15	0	1	0	0	0
1419.15	0	1	0	0	0
1418.15	0	1	0	0	0
1417.15	0	1	0	0	0
1416.15	0	1	0	0	0
1415.15	0	1	0	0	0
1414.15	0	1	0	0	0
1413.15	0	1	0	0	0
1412.15	0	1	0	0	0
1411.15	0	1	0	0	0
1410.15	0	1	0	0	0
1409.15	0	1	0	0	0
1408.15	0	1	0	0	0
1407.15	0	1	0	0	0
1406.15	0	1	0	0	0
1405.15	0	1	0	0	0
1404.15	0	1	0	0	0
1403.15	0	1	0	0	0
1402.15	0	1	0	0	0
1401.15	0	1	0	0	0
1400.15	0	1	0	0	0
1399.15	0	1	0	0	0
1398.15	0	1	0	0	0
1397.15	0	1	0	0	0
1396.15	0	1	0	0	0
1395.15	0	1	0	0	0
1394.15	0	1	0	0	0
1393.15	0	1	0	0	0
1392.15	0	1	0	0	0
1391.15	0	1	0	0	0
1390.15	0	1	0	0	0
1389.15	0	1	0	0	0
1388.15	0	1	0	0	0
1387.15	0	1	0	0	0
1386.15	0	1	0	0	0
1385.15	0	1	0	0	0
1384.15	0	1	0	0	0
1383.15	0	1	0	0	0
1382.15	0	1	0	0	0
1381.15	0	1	0	0	0
1380.15	0	1	0	0	0
1379.15	0	1	0	0	0
1378.15	0	1	0	0	0
1377.15	0	1	0	0	0
1376.15	0	1	0	0	0
1375.15	0	1	0	0	0
1374.15	0	1	0	0	0
1373.15	0	1	0	0	0
1372.15	0	1	0	0	0
1371.15	0	1	0	0	0
1370.15	0	1	0	0	0
1369.15	0	1	0	0	0
1368.15	0	1	0	0	0
1367.15	0	1	0	0	0
1366.15	0	1	0	0	0
1365.15	0	1	0	0	0
1364.15	0	1	0	0	0
1363.15	0	1	0	0	0
1362.15	0	1	0	0	0
1361.15	0	1	0	0	0
1360.15	0	1	0	0	0
1359.15	0	1	0	0	0
1358.15	0	1	0	0	0
1357.15	0	1	0	0	0
1356.15	0	1	0	0	0
1355.15	0	1	0	0	0
1354.15	0	1	0	0	0
1353.15	0	1	0	0	0
1352.15	0	1	0	0	0
1351.15	0	1	0	0	0
1350.15	0	1	0	0	0
1349.15	0	1	0	0	0
1348.15	0	1	0	0	0
1347.15	0	1	0	0	0
1346.15	0	1	0	0	0
1345.15	0	1	0	0	0
1344.15	0	1	0	0	0
1343.15	0	1	0	0	0
1342.15	0	1	0	0	0
1341.15	0	1	0	0	0
1340.15	0	1	0	0	0
1339.15	0	1	0	0	0
1338.15	0	1	0	0	0
1337.15	0	1	0	0	0
1336.15	0	1	0	0	0
1335.15	0	1	0	0	0
1334.15	0	1	0	0	0
1333.15	0	1	0	0	0
1332.15	0	1	0	0	0
1331.15	0	1	0	0	0
1330.15	0	1	0	0	0
1329.15	0	1	0	0	0
1328.15	0	1	0	0	0
1327.15	0	1	0	0	0
1326.15	0	1	0	0	0
1325.15	0	1	0	0	0
1324.15	0	1	0	0	0
1323.15	0	1	0	0	0
1322.15	0	1	0	0	0
1321.15	0	1	0	0	0
1320.15	0	1	0	0	0
1319.15	0	1	0	0	0
1318.15	0	1	0	0	0
1317.15	0	1	0	0	0
1316.15	0	1	0	0	0
1315.15	0	1	0	0	0
1314.15	0	1	0	0	0
1313.15	0	1	0	0	0
1312.15	0	1	0	0	0
1311.15	0	1	0	0	0
1310.15	0	1	0	0	0
1309.15	0	1	0	0	0
1308.15	0	1	0	0	0
1307.15	0	1	0	0	0
1306.15	0	1	0	0	0
1305.15	0	1	0	0	0
1304.15	0	1	0	0	0
1303.15	0	1	0	0	0
1302.15	0	1	0	0	0
1301.15	0	1	0	0	0
1300.15	0	1	0	0	0
1299.15	0	1	0	0	0
1298.15	0	1	0	0	0
1297.15	0	1	0	0	0
1296.15	0	1	0	0	0
1295.15	0	1	0	0	0
1294.15	0	1	0	0	0
1293.15	0	1	0	0	0
1292.15	0	1	0	0	0
1291.15	0	1	0	0	0
1290.15	0	1	0	0	0
1289.15	0	1	0	0	0
1288.15	0	1	0	0	0
1287.15	0	1	0	0	0
1286.15	0	1	0	0	0
1285.15	0	1	0	0	0
1284.15	0	1	0	0	0
1283.15	0	1	0	0	0
1282.15	0	1	0	0	0
1281.15	0	1	0	0	0
1280.15	0	1	0	0	0
1279.15	0	1	0	0	0
1278.15	0	1	0	0	0
1277.15	0	1	0	0	0
1276.15	0	1	0	0	0
1275.15	0	1	0	0	0
1274.15	0	1	0	0	0
1273.15	0	1	0	0	0
1272.15	0	1	0	0	0
1271.15	0	1	0	0	0
1270.15	0	1	0	0	0
1269.15	0	1	0	0	0
1268.15	0	1	0	0	0
1267.15	0	1	0	0	0
1266.15	0	1	0	0	0
1265.15	0	1	0	0	0
1264.15	0	1	0	0	0
1263.15	0	1	0	0	0
1262.15	0	1	0	0	0
1261.991	0	1	0	0	0
1261.991	0	1	0	0	0
1261.991	0	1	0	0	0
1261.15	0	.9995196	0	4.804123E-04	0
1260.15	0	.9989496	0	.001050364	0
1259.15	0	.9983809	0	.001619087	0
1258.15	0	.9978134	0	.002186583	0
1257.15	0	.9972471	0	.002752856	0
1256.15	0	.9966821	0	.00331791	0
1255.15	0	.9961182	0	.003881747	0
1254.15	0	.9955556	0	.004444371	0
1253.15	0	.9949942	0	.005005786	0
1252.15	0	.994434	0	.005565993	0
1251.15	0	.993875	0	.006124996	0
1250.15	0	.9933172	0	.006682798	0
1249.15	0	.9927606	0	.007239404	0
1248.15	0	.9922052	0	.007794814	0
1247.15	0	.991651	0	.008349034	0
1246.15	0	.9910979	0	.008902065	0
1245.15	0	.9905461	0	.009453911	0
1244.15	0	.9899954	0	.01000457	0
1243.15	0	.9894459	0	.01055406	0
1242.15	0	.9888976	0	.01110237	0
1241.15	0	.9883505	0	.0116495	0
1240.15	0	.9878045	0	.01219547	0
1239.15	0	.9872597	0	.01274027	0
1238.15	0	.9867161	0	.0132839	0
1237.15	0	.9861736	0	.01382638	0
1236.15	0	.9856323	0	.01436769	0
1235.15	0	.9850922	0	.01490785	0
1234.15	0	.9845531	0	.01544686	0
1233.15	0	.9840153	0	.01598472	0
1232.15	0	.9834786	0	.01652143	0
1231.15	0	.982943	0	.017057	0
1230.15	0	.9824086	0	.01759142	0
1229.15	0	.9818753	0	.01812471	0
1228.15	0	.9813431	0	.01865687	0
1227.15	0	.9808121	0	.01918789	0
1226.15	0	.9802822	0	.01971778	0
1225.15	0	.9797535	0	.02024655	0
1224.15	0	.9792258	0	.02077419	0
1223.15	0	.9786993	0	.02130071	0
1222.15	0	.9781739	0	.02182612	0
1221.15	0	.9776496	0	.0223504	0
1220.15	0	.9771264	0	.02287358	0
1219.15	0	.9766044	0	.02339564	0
1218.15	0	.9760834	0	.0239166	0
1217.15	0	.9755636	0	.02443645	0
1216.15	0	.9750448	0	.0249552	0
1215.15	0	.9745272	0	.02547286	0
1214.15	0	.9740106	0	.02598941	0
1213.15	0	.9734951	0	.02650487	0
1212.15	0	.9729808	0	.02701924	0
1211.15	0	.9724675	0	.02753252	0
1210.15	0	.9719553	0	.02804472	0
1209.15	0	.9714442	0	.02855583	0
1208.15	0	.9709341	0	.02906586	0
1207.15	0	.9704252	0	.02957481	0
1206.15	0	.9699173	0	.03008269	0
1205.15	0	.9694105	0	.03058949	0
1204.15	0	.9689048	0	.03109523	0
1203.15	0	.9684001	0	.03159989	0
1202.15	0	.9678965	0	.03210349	0
1201.15	0	.967394	0	.03260603	0
1200.15	0	.9668925	0	.03310751	0
1199.15	0	.9663921	0	.03360793	0
1198.15	0	.9658927	0	.03410729	0
1197.15	0	.9653944	0	.0346056	0
1196.15	0	.9648971	0	.03510286	0
1195.15	0	.9644009	0	.03559908	0
1194.15	0	.9639058	0	.03609424	0
1193.15	0	.9634116	0	.03658837	0
1192.15	0	.9629186	0	.03708145	0
1191.15	0	.9624265	0	.03757349	0
1190.15	0	.9619355	0	.0380645	0
1189.15	0	.9614455	0	.03855448	0
1188.15	0	.9609566	0	.03904342	0
1187.15	0	.9604687	0	.03953134	0
1186.15	0	.9599818	0	.04001823	0
1185.15	0	.9594959	0	.04050409	0
1184.15	0	.9590111	0	.04098893	0
1183.15	0	.9585272	0	.04147276	0
1182.15	0	.9580444	0	.04195556	0
1181.15	0	.9575626	0	.04243735	0
1180.15	0	.9570819	0	.04291814	0
1179.15	0	.9566021	0	.0433979	0
1178.15	0	.9561233	0	.04387667	0
1177.15	0	.9556456	0	.04435442	0
1176.15	0	.9551688	0	.04483117	0
1175.15	0	.9546931	0	.04530692	0
1174.15	0	.9542183	0	.04578168	0
1173.15	0	.9537446	0	.04625543	0
1172.15	0	.9532718	0	.04672819	0
1171.15	0	.9528	0	.04719996	0
1170.15	0	.9523293	0	.04767074	0
1169.15	0	.9518595	0	.04814053	0
1168.15	0	.9513907	0	.04860933	0
1167.15	0	.9509229	0	.04907715	0
1166.15	0	.950456	0	.04954399	0
1165.15	0	.9499902	0	.05000985	0
1164.15	0	.9495253	0	.05047473	0
1163.15	0	.9490614	0	.05093864	0
1162.15	0	.9485984	0	.05140158	0
1161.15	0	.9481365	0	.05186354	0
1160.15	0	.9476755	0	.05232454	0
1159.15	0	.9472154	0	.05278457	0
1158.15	0	.9467564	0	.05324363	0
1157.15	0	.9462983	0	.05370173	0
1156.15	0	.9458411	0	.05415887	0
1155.15	0	.9453849	0	.05461506	0
1154.15	0	.9449297	0	.0550703	0
1153.15	0	.9444754	0	.05552457	0
1152.15	0	.9440221	0	.05597789	0
1151.15	0	.9435697	0	.05643026	0
1150.15	0	.9431183	0	.05688168	0
1149.15	0	.9426678	0	.05733216	0
1148.15	0	.9422183	0	.05778169	0
1147.15	0	.9417697	0	.05823028	0
1146.15	0	.9413221	0	.05867793	0
1145.15	0	.9408754	0	.05912464	0
1144.15	0	.9404296	0	.05957041	0
1143.15	0	.9399848	0	.06001525	0
1142.15	0	.9395408	0	.06045915	0
1141.15	0	.9390979	0	.06090213	0
1140.15	0	.9386558	0	.06134418	0
1139.15	0	.9382147	0	.0617853	0
1138.15	0	.9377745	0	.0622255	0
1137.15	0	.9373352	0	.06266477	0
1136.15	0	.9368969	0	.06310312	0
1135.15	0	.9364595	0	.06354055	0
1134.15	0	.9360229	0	.06397707	0
1133.15	0	.9355873	0	.06441267	0
1132.15	0	.9351526	0	.06484736	0
1131.957	0	.9350688	0	.06493124	0
1131.957	0	.9350688	0	.06493124	0
1131.957	0	.9350688	0	.06493124	0
1131.15	0	.9340208	7.272797E-04	.06525195	0
1130.15	0	.9327251	.001626402	.06564855	0
1129.15	0	.9314329	.002522949	.06604411	0
1128.15	0	.9301444	.003416922	.06643866	0
1127.15	0	.9288595	.004308321	.06683219	0
1126.15	0	.9275781	.005197148	.06722471	0
1125.15	0	.9263004	.006083403	.06761622	0
1124.15	0	.9250262	.006967085	.06800671	0
1123.15	0	.9237556	.007848197	.06839619	0
1122.15	0	.9224886	.008726738	.06878467	0
1121.15	0	.9212251	.009602709	.06917215	0
1120.15	0	.9199653	.01047611	.06955862	0
1119.15	0	.918709	.01134694	.0699441	0
1118.15	0	.9174562	.0122152	.07032858	0
1117.15	0	.916207	.0130809	.07071206	0
1116.15	0	.9149614	.01394402	.07109456	0
1115.15	0	.9137194	.01480458	.07147606	0
1114.15	0	.9124809	.01566257	.07185658	0
1113.15	0	.9112459	.01651799	.07223611	0
1112.15	0	.9100145	.01737085	.07261466	0
1111.15	0	.9087866	.01822113	.07299223	0
1110.15	0	.9075623	.01906885	.07336882	0
1109.15	0	.9063416	.01991401	.07374443	0
1108.15	0	.9051243	.02075659	.07411907	0
1107.15	0	.9039107	.02159661	.07449273	0
1106.15	0	.9027005	.02243406	.07486543	0
1105.15	0	.9014939	.02326895	.07523716	0
1104.15	0	.9002908	.02410127	.07560792	0
1103.15	0	.8990913	.02493102	.07597772	0
1102.15	0	.8978953	.0257582	.07634655	0
1101.15	0	.8967028	.02658281	.07671443	0
1100.15	0	.8955138	.02740486	.07708134	0
1099.15	0	.8943284	.02822434	.0774473	0
1098.15	0	.8931464	.02904125	.07781231	0
1097.15	0	.8919681	.02985559	.07817636	0
1096.15	0	.8907932	.03066737	.07853946	0
1095.15	0	.8896218	.03147657	.07890162	0
1094.15	0	.888454	.03228321	.07926282	0
1093.15	0	.8872896	.03308727	.07962308	0
1092.15	0	.8861288	.03388877	.0799824	0
1091.15	0	.8849715	.03468769	.08034078	0
1090.15	0	.8838177	.03548405	.08069821	0
1089.15	0	.8826675	.03627783	.08105471	0
1088.15	0	.8815207	.03706904	.08141027	0
1087.15	0	.8803774	.03785768	.08176489	0
1086.15	0	.8792377	.03864374	.08211859	0
1085.15	0	.8781014	.03942723	.08247135	0
1084.15	0	.8769687	.04020815	.08282318	0
1083.15	0	.8758394	.04098649	.08317408	0
1082.15	0	.8747137	.04176225	.08352405	0
1081.15	0	.8735915	.04253544	.0838731	0
1080.15	0	.8724727	.04330606	.08422122	0
1079.15	0	.8713575	.04407409	.08456843	0
1078.15	0	.8702458	.04483955	.08491471	0
1077.15	0	.8691375	.04560243	.08526007	0
1076.15	0	.8680328	.04636273	.08560451	0
1075.15	0	.8669315	.04712044	.08594803	0
1074.15	0	.8658338	.04787558	.08629064	0
1073.15	0	.8647395	.04862814	.08663234	0
1072.15	0	.8636488	.04937811	.08697312	0
1071.15	0	.8625615	.0501255	.087313	0
1070.15	0	.8614777	.0508703	.08765196	0
1069.15	0	.8603975	.05161252	.08799001	0
1068.15	0	.8593207	.05235215	.08832715	0
1067.15	0	.8582474	.0530892	.08866339	0
1066.15	0	.8571776	.05382365	.08899872	0
1065.15	0	.8561113	.05455552	.08933315	0
1064.15	0	.8550485	.0552848	.08966668	0
1063.15	0	.8539892	.05601149	.0899993	0
1062.15	0	.8529334	.05673559	.09033102	0
1061.15	0	.8518811	.05745709	.09066184	0
1060.15	0	.8508322	.058176	.09099176	0
1059.15	0	.8497869	.05889232	.09132079	0
1058.15	0	.8487451	.05960604	.09164891	0
1057.15	0	.8477067	.06031716	.09197615	0
1056.15	0	.8466718	.06102569	.09230248	0
1055.15	0	.8456405	.06173162	.09262792	0
1054.15	0	.8446126	.06243495	.09295247	0
1053.15	0	.8435882	.06313568	.09327613	0
1052.15	0	.8425673	.06383381	.09359889	0
1051.15	0	.8415499	.06452934	.09392077	0
1050.15	0	.840536	.06522226	.09424175	0
1049.15	0	.8395256	.06591258	.09456184	0
1048.15	0	.8385187	.06660029	.09488105	0
1047.15	0	.8375152	.0672854	.09519936	0
1046.15	0	.8365153	.0679679	.09551679	0
1045.15	0	.8355189	.0686478	.09583333	0
1044.15	0	.8345259	.06932508	.09614899	0
1043.15	0	.8335365	.06999976	.09646376	0
1042.15	0	.8325505	.07067183	.09677764	0
1041.15	0	.8315681	.07134128	.09709064	0
1040.15	0	.8305891	.07200812	.09740276	0
1039.15	0	.8296137	.07267235	.09771399	0
1038.15	0	.8286417	.07333397	.09802433	0
1037.15	0	.8276732	.07399297	.0983338	0
1036.15	0	.8267083	.07464935	.09864238	0
1035.15	0	.8257468	.07530312	.09895008	0
1034.15	0	.8247888	.07595427	.0992569	0
1033.15	0	.8238344	.07660281	.09956283	0
1032.15	0	.8228834	.07724873	.09986789	0
1031.15	0	.8219359	.07789202	.1001721	0
1030.15	0	.820992	.0785327	.1004754	0
1029.15	0	.8200515	.07917076	.1007778	0
1028.15	0	.8191145	.07980619	.1010793	0
1027.15	0	.8181811	.08043901	.1013799	0
1026.15	0	.8172511	.0810692	.1016797	0
1025.15	0	.8163246	.08169678	.1019786	0
1024.15	0	.8154017	.08232172	.1022766	0
1023.15	0	.8144823	.08294405	.1025737	0
1022.15	0	.8135663	.08356375	.1028699	0
1021.15	0	.8126539	.08418083	.1031653	0
1020.15	0	.8117449	.08479529	.1034598	0
1019.15	0	.8108395	.08540712	.1037534	0
1018.15	0	.8099376	.08601633	.1040461	0
1017.15	0	.8090392	.08662291	.1043379	0
1016.15	0	.8081443	.08722687	.1046288	0
1015.15	0	.8072529	.0878282	.1049189	0
1014.15	0	.806365	.08842692	.1052081	0
1013.15	0	.8054806	.089023	.1054964	0
1012.15	0	.8045998	.08961647	.1057838	0
1011.15	0	.8037224	.09020731	.1060703	0
1010.15	0	.8028485	.09079553	.1063559	0
1009.15	0	.8019782	.09138113	.1066407	0
1008.15	0	.8011114	.0919641	.1069246	0
1007.15	0	.800248	.09254446	.1072075	0
1006.15	0	.7993882	.09312219	.1074896	0
1005.15	0	.7985319	.09369731	.1077708	0
1004.15	0	.7976791	.0942698	.1080511	0
1003.15	0	.7968298	.09483968	.1083305	0
1002.15	0	.795984	.09540695	.108609	0
1001.15	0	.7951418	.0959716	.1088866	0
1000.15	0	.794303	.09653363	.1091634	0
999.15	0	.7934677	.09709306	.1094392	0
998.15	0	.792636	.09764987	.1097141	0
997.15	0	.7918078	.09820408	.1099882	0
996.15	0	.790983	.09875567	.1102613	0
995.15	0	.7901618	.09930467	.1105335	0
994.15	0	.7893441	.09985106	.1108049	0
993.15	0	.7885299	.1003948	.1110753	0
992.15	0	.7877191	.100936	.1113448	0
991.15	0	.7869119	.1014746	.1116134	0
990.15	0	.7861082	.1020106	.1118811	0
989.15	0	.785308	.1025441	.1121479	0
988.15	0	.7845113	.1030749	.1124138	0
987.15	0	.7837181	.1036031	.1126788	0
986.15	0	.7829284	.1041288	.1129428	0
985.15	0	.7821421	.1046519	.113206	0
984.15	0	.7813594	.1051724	.1134682	0
983.15	0	.7805802	.1056903	.1137295	0
982.15	0	.7798044	.1062057	.1139899	0
981.15	0	.7790322	.1067185	.1142493	0
980.15	0	.7782634	.1072288	.1145078	0
979.15	0	.7774981	.1077365	.1147654	0
978.15	0	.7767363	.1082416	.1150221	0
977.15	0	.7759779	.1087443	.1152778	0
976.15	0	.775223	.1092443	.1155326	0
975.15	0	.7744717	.1097419	.1157865	0
974.15	0	.7737237	.1102369	.1160394	0
973.15	0	.7729793	.1107294	.1162913	0
972.15	0	.7722382	.1112194	.1165423	0
971.15	0	.7715007	.1117069	.1167924	0
970.15	0	.7707666	.1121919	.1170415	0
969.15	0	.770036	.1126744	.1172897	0
968.15	0	.7693087	.1131544	.1175369	0
967.15	0	.768585	.1136319	.1177831	0
966.15	0	.7678647	.114107	.1180284	0
965.15	0	.7671478	.1145796	.1182727	0
964.15	0	.7664343	.1150497	.118516	0
963.15	0	.7657242	.1155174	.1187583	0
962.15	0	.7650176	.1159827	.1189997	0
961.15	0	.7643143	.1164456	.1192401	0
960.15	0	.7636145	.116906	.1194795	0
959.15	0	.7629181	.117364	.1197179	0
958.15	0	.762225	.1178197	.1199553	0
957.15	0	.7615353	.1182729	.1201918	0
956.15	0	.760849	.1187238	.1204272	0
955.15	0	.7601661	.1191723	.1206616	0
954.15	0	.7594865	.1196185	.120895	0
953.15	0	.7588103	.1200624	.1211274	0
952.15	0	.7581374	.1205039	.1213588	0
951.15	0	.7574678	.1209431	.1215891	0
950.15	0	.7568015	.1213801	.1218184	0
949.15	0	.7561386	.1218147	.1220467	0
948.15	0	.755479	.1222471	.1222739	0
947.15	0	.7548226	.1226773	.1225001	0
946.15	0	.7541695	.1231052	.1227253	0
945.15	0	.7535197	.1235309	.1229494	0
944.15	0	.7528732	.1239544	.1231724	0
943.15	0	.7522299	.1243757	.1233944	0
942.15	0	.7515898	.1247949	.1236153	0
941.15	0	.7509529	.1252119	.1238352	0
940.15	0	.7503193	.1256268	.1240539	0
939.15	0	.7496888	.1260396	.1242716	0
938.15	0	.7490615	.1264504	.1244881	0
937.15	0	.7484373	.1268591	.1247036	0
936.15	0	.7478163	.1272657	.124918	0
935.15	0	.7471985	.1276703	.1251312	0
934.15	0	.7465837	.128073	.1253434	0
933.15	0	.745972	.1284736	.1255544	0
932.15	0	.7453634	.1288724	.1257642	0
931.15	0	.7447578	.1292692	.125973	0
930.15	0	.7441553	.1296641	.1261806	0
929.15	0	.7435558	.1300572	.126387	0
928.15	0	.7429593	.1304485	.1265923	0
927.15	0	.7423657	.1308379	.1267964	0
926.15	0	.7417751	.1312256	.1269993	0
925.15	0	.7411874	.1316115	.1272011	0
924.15	0	.7406026	.1319958	.1274016	0
923.15	0	.7400207	.1323783	.127601	0
922.15	0	.7394417	.1327592	.1277991	0
921.15	0	.7388654	.1331385	.127996	0
920.15	0	.738292	.1335163	.1281917	0
919.15	0	.7377213	.1338925	.1283862	0
918.15	0	.7371534	.1342672	.1285794	0
917.15	0	.7365882	.1346405	.1287713	0
916.15	0	.7360257	.1350123	.128962	0
915.15	0	.7354658	.1353828	.1291514	0
914.15	0	.7349085	.135752	.1293395	0
913.15	0	.7343538	.1361198	.1295264	0
912.15	0	.7338017	.1364864	.1297119	0
911.15	0	.733252	.1368519	.1298961	0
910.15	0	.7327049	.1372162	.130079	0
909.15	0	.7321601	.1375793	.1302605	0
908.15	0	.7316178	.1379415	.1304407	0
907.15	0	.7310778	.1383027	.1306195	0
906.15	0	.7305402	.1386629	.1307969	0
905.15	0	.7300048	.1390222	.130973	0
904.15	0	.7294716	.1393808	.1311476	0
903.15	0	.7289406	.1397385	.1313209	0
902.15	0	.7284118	.1400956	.1314927	0
901.15	0	.727885	.140452	.131663	0
900.15	0	.7273602	.1408078	.1318319	0
899.15	0	.7268375	.1411632	.1319994	0
898.15	0	.7263166	.1415181	.1321653	0
897.15	0	.7257977	.1418726	.1323298	0
896.15	0	.7252805	.1422268	.1324927	0
895.15	0	.7247651	.1425808	.1326541	0
894.15	0	.7242514	.1429346	.1328139	0
893.15	0	.7237393	.1432884	.1329722	0
892.15	0	.7232288	.1436422	.1331289	0
891.15	0	.7227199	.1439961	.133284	0
890.15	0	.7222123	.1443502	.1334375	0
889.15	0	.7217061	.1447046	.1335894	0
888.15	0	.7212012	.1450593	.1337395	0
887.15	0	.7206975	.1454145	.1338881	0
886.15	0	.7201949	.1457702	.1340349	0
885.15	0	.7196934	.1461266	.13418	0
884.15	0	.7191929	.1464838	.1343233	0
883.15	0	.7186932	.1468419	.1344649	0
882.15	0	.7181944	.1472009	.1346047	0
881.15	0	.7176963	.147561	.1347427	0
880.15	0	.7171987	.1479224	.1348789	0
879.15	0	.7167017	.1482851	.1350132	0
878.15	0	.7162051	.1486492	.1351456	0
877.15	0	.7157089	.149015	.1352762	0
876.15	0	.7152128	.1493825	.1354047	0
875.15	0	.7147168	.1497518	.1355314	0
874.15	0	.7142208	.1501232	.135656	0
873.15	0	.7137246	.1504968	.1357786	0
872.15	0	.7132282	.1508726	.1358991	0
871.15	0	.7127314	.151251	.1360176	0
870.15	0	.7122341	.151632	.1361339	0
869.15	0	.7117361	.1520159	.1362481	0
868.15	0	.7112372	.1524027	.1363601	0
867.15	0	.7107375	.1527927	.1364698	0
866.15	0	.7102366	.1531862	.1365773	0
865.15	0	.7097344	.1535832	.1366825	0
864.15	0	.7092308	.153984	.1367853	0
863.15	0	.7087255	.1543888	.1368857	0
862.15	0	.7082185	.1547979	.1369837	0
861.15	0	.7077094	.1552114	.1370792	0
860.15	0	.7071982	.1556297	.1371721	0
859.15	0	.7066846	.156053	.1372624	0
858.15	0	.7061684	.1564815	.1373501	0
857.15	0	.7056493	.1569156	.1374351	0
856.15	0	.7051271	.1573555	.1375174	0
855.15	0	.7046017	.1578016	.1375967	0
854.15	0	.7040726	.1582542	.1376732	0
853.15	0	.7035397	.1587136	.1377468	0
852.15	0	.7030026	.1591801	.1378173	0
851.15	0	.7024611	.1596543	.1378846	0
850.15	0	.7019148	.1601364	.1379488	0
849.15	0	.7013634	.1606269	.1380097	0
848.15	0	.7008065	.1611263	.1380672	0
847.15	0	.7002438	.1616349	.1381213	0
846.15	0	.6996749	.1621534	.1381717	0
845.15	0	.6990992	.1626823	.1382185	0
844.15	0	.6985165	.163222	.1382615	0
843.15	0	.6979262	.1637733	.1383005	0
842.15	0	.6973277	.1643368	.1383355	0
841.15	0	.6967206	.1649131	.1383663	0
840.15	0	.6961042	.165503	.1383928	0
839.15	0	.695478	.1661073	.1384147	0
838.15	0	.6948411	.1667269	.1384319	0
837.15	0	.694193	.1673627	.1384443	0
836.15	0	.6935328	.1680157	.1384515	0
835.15	0	.6926706	.1689068	.1384227	0
834.15	0	.6914703	.1701961	.1383335	0
833.15	0	.6903273	.1714248	.1382479	0
832.15	0	.6892376	.1725968	.1381656	0
831.15	0	.688198	.1737157	.1380863	0
830.15	0	.6872053	.1747848	.1380099	0
829.15	0	.6862566	.1758073	.1379362	0
828.15	0	.6853492	.1767859	.1378649	0
827.15	0	.6844807	.1777233	.137796	0
826.15	0	.6836489	.1786219	.1377292	0
825.15	0	.6828517	.1794839	.1376645	0
824.15	0	.682087	.1803113	.1376017	0
823.15	0	.6813532	.1811062	.1375406	0
822.15	0	.6806485	.1818702	.1374813	0
821.15	0	.6799714	.1826051	.1374235	0
820.15	0	.6793204	.1833124	.1373672	0
819.15	0	.6786941	.1839936	.1373123	0
818.15	0	.6780913	.1846499	.1372588	0
817.15	0	.6775108	.1852828	.1372064	0
816.15	0	.6769515	.1858933	.1371552	0
815.15	0	.6764124	.1864826	.1371051	0
814.15	0	.6758923	.1870517	.137056	0
813.15	0	.6753905	.1876016	.1370079	0
812.15	0	.674906	.1881333	.1369607	0
811.15	0	.674438	.1886477	.1369144	0
810.15	0	.6739857	.1891455	.1368688	0
809.15	0	.6735485	.1896275	.1368241	0
808.15	0	.6731256	.1900944	.13678	0
807.15	0	.6727163	.190547	.1367366	0
806.15	0	.6723201	.190986	.1366939	0
805.15	0	.6719364	.1914118	.1366518	0
804.15	0	.6715646	.1918252	.1366103	0
803.15	0	.6712041	.1922267	.1365692	0
802.15	0	.6708546	.1926167	.1365287	0
801.15	0	.6705154	.1929959	.1364887	0
800.15	0	.6701862	.1933646	.1364492	0
799.15	0	.6698666	.1937233	.13641	0
798.15	0	.6695562	.1940726	.1363713	0
797.15	0	.6692544	.1944126	.136333	0
796.15	0	.6689611	.1947439	.136295	0
795.15	0	.6686758	.1950669	.1362573	0
794.15	0	.6683982	.1953818	.13622	0
793.15	0	.668128	.195689	.136183	0
792.15	0	.6678649	.1959888	.1361462	0
791.15	0	.6676087	.1962816	.1361097	0
790.15	0	.6673589	.1965676	.1360735	0
789.15	0	.6671155	.196847	.1360375	0
788.15	0	.666878	.1971202	.1360018	0
787.15	0	.6666464	.1973874	.1359662	0
786.15	0	.6664203	.1976488	.1359309	0
785.15	0	.6661996	.1979047	.1358957	0
784.15	0	.665984	.1981553	.1358607	0
783.15	0	.6657733	.1984008	.1358259	0
782.15	0	.6655674	.1986414	.1357912	0
781.15	0	.6653661	.1988773	.1357566	0
780.15	0	.6651692	.1991086	.1357222	0
779.15	0	.6649765	.1993355	.1356879	0
778.15	0	.6647879	.1995583	.1356538	0
777.15	0	.6646033	.199777	.1356197	0
776.15	0	.6644224	.1999919	.1355857	0
775.15	0	.6642451	.200203	.1355519	0
774.15	0	.6640714	.2004105	.1355181	0
773.15	0	.6639011	.2006146	.1354844	0
772.15	0	.663734	.2008153	.1354507	0
771.15	0	.6635701	.2010128	.1354171	0
770.15	0	.6634092	.2012072	.1353836	0
769.15	0	.6632512	.2013987	.1353502	0
768.15	0	.663096	.2015872	.1353167	0
767.15	0	.6629436	.2017731	.1352834	0
766.15	0	.6627938	.2019562	.13525	0
765.15	0	.6626465	.2021368	.1352167	0
764.15	0	.6625017	.2023149	.1351834	0
763.15	0	.6623593	.2024906	.1351502	0
762.15	0	.6622191	.202664	.135117	0
761.15	0	.6620811	.2028351	.1350838	0
760.15	0	.6619453	.2030042	.1350506	0
759.15	0	.6618115	.2031711	.1350174	0
758.15	0	.6616797	.2033361	.1349842	0
757.15	0	.6615499	.2034991	.134951	0
756.15	0	.6614219	.2036603	.1349178	0
755.15	0	.6612957	.2038197	.1348846	0
754.15	0	.6611733	.2039758	.1348509	0
753.15	0	.6610504	.2041319	.1348178	0
752.15	0	.6609291	.2042863	.1347846	0
751.15	0	.6608094	.2044392	.1347514	0
750.15	0	.6606912	.2045906	.1347182	0
749.15	0	.6605745	.2047405	.134685	0
748.15	0	.6604593	.204889	.1346518	0
747.15	0	.6603455	.2050361	.1346185	0
746.15	0	.660233	.2051818	.1345852	0
745.15	0	.6601218	.2053263	.1345519	0
744.15	0	.6600119	.2054696	.1345185	0
743.15	0	.6599032	.2056117	.1344851	0
742.15	0	.6597957	.2057525	.1344517	0
741.15	0	.6596894	.2058923	.1344183	0
740.15	0	.6595842	.206031	.1343848	0
739.15	0	.65948	.2061686	.1343513	0
738.15	0	.659377	.2063052	.1343178	0
737.15	0	.6592749	.2064409	.1342842	0
736.15	0	.6591739	.2065755	.1342506	0
735.15	0	.6590738	.2067093	.1342169	0
734.15	0	.6589746	.2068422	.1341832	0
733.15	0	.6588764	.2069741	.1341495	0
732.15	0	.658779	.2071053	.1341157	0
731.15	0	.6586825	.2072356	.1340819	0
730.15	0	.6585868	.2073652	.134048	0
729.15	0	.6584919	.207494	.1340141	0
728.15	0	.6583978	.207622	.1339802	0
727.15	0	.6583045	.2077493	.1339462	0
726.15	0	.6582119	.2078759	.1339122	0
725.15	0	.65812	.2080019	.1338781	0
724.15	0	.6580289	.2081272	.1338439	0
723.15	0	.6579384	.2082518	.1338098	0
722.15	0	.6578486	.2083759	.1337755	0
721.15	0	.6577594	.2084993	.1337413	0
720.15	0	.6576709	.2086221	.133707	0
719.15	0	.657583	.2087444	.1336726	0
718.15	0	.6574956	.2088662	.1336382	0
717.15	0	.6574089	.2089874	.1336037	0
716.15	0	.6573227	.209108	.1335692	0
715.15	0	.6572371	.2092282	.1335347	0
714.15	0	.657152	.2093479	.1335001	0
713.15	0	.6570674	.2094671	.1334654	0
712.15	0	.6569834	.2095859	.1334307	0
711.15	0	.6568999	.2097042	.133396	0
710.15	0	.6568168	.209822	.1333612	0
709.15	0	.6567342	.2099394	.1333264	0
708.15	0	.6566521	.2100565	.1332915	0
707.15	0	.6565704	.2101731	.1332566	0
706.15	0	.6564892	.2102893	.1332216	0
705.15	0	.6564084	.2104051	.1331865	0
704.15	0	.656328	.2105205	.1331515	0
703.15	0	.656248	.2106356	.1331163	0
702.15	0	.6561685	.2107504	.1330812	0
701.15	0	.6560893	.2108647	.133046	0
700.15	0	.6560105	.2109788	.1330107	0
699.15	0	.6559321	.2110925	.1329754	0
698.15	0	.6558541	.2112059	.1329401	0
697.15	0	.6557764	.2113189	.1329047	0
696.15	0	.6556991	.2114317	.1328692	0
695.15	0	.6556221	.2115442	.1328337	0
694.15	0	.6555455	.2116563	.1327982	0
693.15	0	.6554692	.2117682	.1327626	0
692.15	0	.6553932	.2118798	.132727	0
691.15	0	.6553175	.2119911	.1326914	0
690.15	0	.6552422	.2121022	.1326557	0
689.15	0	.6551671	.212213	.1326199	0
688.15	0	.6550924	.2123235	.1325841	0
687.15	0	.6550179	.2124338	.1325483	0
686.15	0	.6549438	.2125438	.1325124	0
685.15	0	.6548699	.2126536	.1324765	0
684.15	0	.6547963	.2127632	.1324406	0
683.15	0	.654723	.2128725	.1324046	0
682.15	0	.6546499	.2129816	.1323685	0
681.15	0	.6545771	.2130904	.1323325	0
680.15	0	.6545046	.2131991	.1322963	0
679.15	0	.6544323	.2133075	.1322602	0
678.15	0	.6543603	.2134157	.132224	0
677.15	0	.6542885	.2135237	.1321878	0
676.15	0	.654217	.2136315	.1321515	0
675.15	0	.6541457	.2137391	.1321152	0
674.15	0	.6540747	.2138465	.1320789	0
673.15	0	.6540038	.2139536	.1320425	0
672.15	0	.6539332	.2140606	.1320061	0
671.15	0	.6538629	.2141674	.1319697	0
670.15	0	.6537927	.214274	.1319333	0
669.15	0	.6537228	.2143805	.1318968	0
668.15	0	.6536531	.2144867	.1318602	0
667.15	0	.6535836	.2145928	.1318237	0
666.15	0	.6535143	.2146987	.1317871	0
665.15	0	.6534452	.2148044	.1317504	0
664.15	0	.6533763	.2149099	.1317138	0
663.15	0	.6533076	.2150152	.1316771	0
662.15	0	.6532392	.2151204	.1316404	0
661.15	0	.6531709	.2152255	.1316037	0
660.15	0	.6531028	.2153303	.1315669	0
659.15	0	.6530349	.215435	.1315301	0
658.15	0	.6529672	.2155395	.1314933	0
657.15	0	.6528997	.2156439	.1314564	0
656.15	0	.6528324	.2157481	.1314196	0
655.15	0	.6527652	.2158521	.1313827	0
654.15	0	.6526983	.215956	.1313458	0
653.15	0	.6526315	.2160597	.1313088	0
652.15	0	.6525649	.2161632	.1312719	0
651.15	0	.6524985	.2162667	.1312349	0
650.15	0	.6524322	.2163699	.1311979	0
649.15	0	.6523661	.216473	.1311609	0
648.15	0	.6523002	.2165759	.1311238	0
647.15	0	.6522345	.2166787	.1310868	0
646.15	0	.6521689	.2167814	.1310497	0
645.15	0	.6521036	.2168839	.1310126	0
644.15	0	.6520383	.2169862	.1309755	0
643.15	0	.6519733	.2170884	.1309383	0
642.15	0	.6519084	.2171904	.1309012	0
641.15	0	.6518436	.2172923	.130864	0
640.15	0	.651779	.2173941	.1308269	0
639.15	0	.6517146	.2174957	.1307897	0
638.15	0	.6516504	.2175971	.1307525	0
637.15	0	.6515863	.2176985	.1307153	0
636.15	0	.6515223	.2177996	.130678	0
635.15	0	.6514586	.2179006	.1306408	0
634.15	0	.6513949	.2180015	.1306036	0
633.15	0	.6513315	.2181022	.1305663	0
632.15	0	.6512681	.2182028	.1305291	0
631.15	0	.651205	.2183033	.1304918	0
630.15	0	.6511419	.2184035	.1304545	0
629.15	0	.6510791	.2185037	.1304172	0
628.15	0	.6510164	.2186037	.1303799	0
627.15	0	.6509538	.2187035	.1303427	0
626.15	0	.6508914	.2188033	.1303054	0
625.15	0	.6508291	.2189028	.1302681	0
624.15	0	.650767	.2190022	.1302308	0
623.15	0	.650705	.2191015	.1301935	0
622.15	0	.6506432	.2192007	.1301561	0
621.15	0	.6505815	.2192996	.1301188	0
620.15	0	.65052	.2193985	.1300815	0
619.15	0	.6504586	.2194972	.1300442	0
618.15	0	.6503974	.2195957	.1300069	0
617.15	0	.6503363	.2196941	.1299696	0
616.15	0	.6502753	.2197924	.1299323	0
615.15	0	.6502145	.2198905	.129895	0
614.15	0	.6501538	.2199884	.1298577	0
613.15	0	.6500933	.2200863	.1298205	0
612.15	0	.6500329	.2201839	.1297832	0
611.15	0	.6499727	.2202814	.1297459	0
610.15	0	.6499126	.2203788	.1297086	0
609.15	0	.6498526	.220476	.1296714	0
608.15	0	.6497928	.2205731	.1296341	0
607.15	0	.6497331	.22067	.1295969	0
606.15	0	.6496736	.2207668	.1295597	0
605.15	0	.6496142	.2208634	.1295225	0
604.15	0	.6495549	.2209599	.1294852	0
603.15	0	.6494958	.2210562	.1294481	0
602.15	0	.6494368	.2211523	.1294109	0
601.15	0	.6493779	.2212483	.1293737	0
600.15	0	.6493193	.2213442	.1293366	0
599.15	0	.6492607	.2214399	.1292994	0
598.15	0	.6492023	.2215354	.1292623	0
597.15	0	.649144	.2216308	.1292252	0
596.15	0	.6490858	.221726	.1291881	0
595.15	0	.6490278	.2218211	.1291511	0
594.15	0	.64897	.221916	.129114	0
593.15	0	.6489122	.2220108	.129077	0
592.15	0	.6488546	.2221054	.12904	0
591.15	0	.6487972	.2221998	.129003	0
590.15	0	.6487399	.2222941	.1289661	0
589.15	0	.6486827	.2223882	.1289291	0
588.15	0	.6486256	.2224822	.1288922	0
587.15	0	.6485687	.222576	.1288553	0
586.15	0	.648512	.2226696	.1288184	0
585.15	0	.6484553	.2227631	.1287816	0
584.15	0	.6483988	.2228564	.1287448	0
583.15	0	.6483425	.2229495	.128708	0
582.15	0	.6482863	.2230425	.1286712	0
581.15	0	.6482302	.2231353	.1286345	0
580.15	0	.6481743	.2232279	.1285978	0
579.15	0	.6481185	.2233204	.1285612	0
578.15	0	.6480628	.2234126	.1285245	0
577.15	0	.6480073	.2235048	.1284879	0
576.15	0	.6479519	.2235967	.1284514	0
575.15	0	.6478967	.2236885	.1284148	0
574.15	0	.6478416	.2237801	.1283783	0
573.15	0	.6477866	.2238715	.1283418	0
572.15	0	.6477318	.2239628	.1283054	0
571.15	0	.6476771	.2240539	.128269	0
570.15	0	.6476226	.2241448	.1282327	0
569.15	0	.6475682	.2242355	.1281963	0
568.15	0	.6475139	.2243261	.12816	0
567.15	0	.6474598	.2244165	.1281238	0
566.15	0	.6474058	.2245066	.1280876	0
565.15	0	.6473519	.2245967	.1280514	0
564.15	0	.6472982	.2246865	.1280153	0
563.15	0	.6472446	.2247761	.1279792	0
562.15	0	.6471912	.2248656	.1279432	0
561.15	0	.6471379	.2249549	.1279072	0
560.15	0	.6470848	.225044	.1278712	0
559.15	0	.6470318	.2251329	.1278353	0
558.15	0	.6469789	.2252216	.1277995	0
557.15	0	.6469262	.2253102	.1277637	0
556.15	0	.6468736	.2253985	.1277279	0
555.15	0	.6468211	.2254867	.1276922	0
554.15	0	.6467688	.2255746	.1276565	0
553.15	0	.6467167	.2256624	.1276209	0
552.15	0	.6466647	.22575	.1275853	0
551.15	0	.6466128	.2258374	.1275498	0
550.15	0	.6465611	.2259246	.1275143	0
549.15	0	.6465095	.2260116	.1274789	0
548.15	0	.646458	.2260984	.1274436	0
547.15	0	.6464067	.226185	.1274083	0
546.15	0	.6463556	.2262714	.127373	0
545.15	0	.6463045	.2263577	.1273378	0
544.15	0	.6462537	.2264437	.1273027	0
543.15	0	.6462029	.2265295	.1272676	0
542.15	0	.6461523	.2266151	.1272326	0
541.15	0	.6461019	.2267005	.1271976	0
540.15	0	.6460516	.2267857	.1271627	0
539.15	0	.6460014	.2268707	.1271278	0
538.15	0	.6459514	.2269555	.127093	0
537.15	0	.6459016	.2270401	.1270583	0
536.15	0	.6458519	.2271245	.1270236	0
535.15	0	.6458023	.2272087	.126989	0
534.15	0	.6457529	.2272927	.1269545	0
533.15	0	.6457036	.2273764	.12692	0
532.15	0	.6456544	.22746	.1268856	0
531.15	0	.6456055	.2275433	.1268512	0
530.15	0	.6455566	.2276264	.126817	0
529.15	0	.6455079	.2277094	.1267827	0
528.15	0	.6454594	.2277921	.1267486	0
527.15	0	.645411	.2278745	.1267145	0
526.15	0	.6453627	.2279568	.1266805	0
525.15	0	.6453146	.2280389	.1266465	0
524.15	0	.6452667	.2281207	.1266126	0
523.15	0	.6452188	.2282023	.1265788	0
522.15	0	.6451712	.2282837	.1265451	0
521.15	0	.6451237	.2283649	.1265114	0
520.15	0	.6450763	.2284458	.1264779	0
519.15	0	.6450291	.2285266	.1264443	0
518.15	0	.644982	.2286071	.1264109	0
517.15	0	.6449351	.2286874	.1263775	0
516.15	0	.6448884	.2287674	.1263442	0
515.15	0	.6448417	.2288472	.126311	0
514.15	0	.6447953	.2289268	.1262779	0
513.15	0	.644749	.2290062	.1262448	0
512.15	0	.6447028	.2290854	.1262118	0
511.15	0	.6446568	.2291643	.1261789	0
510.15	0	.6446109	.229243	.1261461	0
509.15	0	.6445652	.2293214	.1261133	0
508.15	0	.6445197	.2293997	.1260807	0
507.15	0	.6444743	.2294776	.1260481	0
506.15	0	.644429	.2295554	.1260156	0
505.15	0	.6443839	.2296329	.1259832	0
504.15	0	.6443391	.2297102	.1259507	0
503.15	0	.6442943	.2297872	.1259184	0
502.15	0	.6442497	.2298641	.1258863	0
501.15	0	.6442052	.2299406	.1258542	0
500.15	0	.6441609	.230017	.1258222	0
499.15	0	.6441167	.2300931	.1257903	0
498.15	0	.6440727	.2301689	.1257584	0
497.15	0	.6440288	.2302445	.1257267	0
496.15	0	.6439851	.2303199	.125695	0
495.15	0	.6439415	.230395	.1256635	0
494.15	0	.6438981	.2304699	.125632	0
493.15	0	.6438549	.2305445	.1256006	0
492.15	0	.6438118	.2306189	.1255693	0
491.15	0	.6437688	.2306931	.1255381	0
490.15	0	.643726	.230767	.125507	0
489.15	0	.6436834	.2308406	.125476	0
488.15	0	.6436409	.230914	.125445	0
487.15	0	.6435986	.2309872	.1254142	0
486.15	0	.6435565	.2310601	.1253835	0
485.15	0	.6435145	.2311327	.1253528	0
484.15	0	.6434726	.2312051	.1253223	0
483.15	0	.6434309	.2312772	.1252918	0
482.15	0	.6433894	.2313491	.1252615	0
481.15	0	.643348	.2314208	.1252312	0
480.15	0	.6433068	.2314921	.1252011	0
479.15	0	.6432658	.2315633	.125171	0
478.15	0	.6432249	.2316341	.125141	0
477.15	0	.6431841	.2317047	.1251112	0
476.15	0	.6431435	.2317751	.1250814	0
475.15	0	.6431031	.2318452	.1250517	0
474.15	0	.6430628	.231915	.1250222	0
473.15	0	.6430227	.2319846	.1249927	0
472.15	0	.6429828	.2320539	.1249634	0
471.15	0	.642943	.2321229	.1249341	0
470.15	0	.6429034	.2321917	.124905	0
469.15	0	.6428639	.2322602	.1248759	0
468.15	0	.6428246	.2323284	.124847	0
467.15	0	.6427854	.2323964	.1248181	0
466.15	0	.6427465	.2324642	.1247894	0
465.15	0	.6427076	.2325316	.1247608	0
464.15	0	.642669	.2325988	.1247322	0
463.15	0	.6426304	.2326657	.1247038	0
462.15	0	.6425921	.2327324	.1246755	0
461.15	0	.6425539	.2327988	.1246473	0
460.15	0	.6425159	.2328649	.1246193	0
459.15	0	.642478	.2329307	.1245913	0
458.15	0	.6424403	.2329963	.1245634	0
457.15	0	.6424028	.2330616	.1245356	0
456.15	0	.6423654	.2331266	.124508	0
455.15	0	.6423282	.2331914	.1244805	0
454.15	0	.6422911	.2332559	.124453	0
453.15	0	.6422542	.2333201	.1244257	0
452.15	0	.6422175	.233384	.1243985	0
451.15	0	.6421809	.2334477	.1243715	0
450.15	0	.6421445	.233511	.1243445	0
449.15	0	.6421083	.2335741	.1243176	0
448.15	0	.6420722	.2336368	.1242909	0
447.15	0	.6420364	.2336993	.1242643	0
446.15	0	.6420007	.2337615	.1242378	0
445.15	0	.6419651	.2338234	.1242115	0
444.15	0	.6419298	.233885	.1241852	0
443.15	0	.6418946	.2339462	.1241591	0
442.15	0	.6418597	.2340072	.1241331	0
441.15	0	.6418249	.2340679	.1241073	0
440.15	0	.6417903	.2341282	.1240816	0
439.15	0	.6417559	.2341882	.124056	0
438.15	0	.6417216	.2342479	.1240305	0
437.15	0	.6416876	.2343072	.1240052	0
436.15	0	.6416538	.2343662	.12398	0
435.15	0	.6416202	.2344248	.123955	0
434.15	0	.6415868	.2344832	.1239301	0
433.15	0	.6415536	.2345411	.1239053	0
432.15	0	.6415206	.2345987	.1238807	0
431.15	0	.6414878	.234656	.1238562	0
430.15	0	.6414552	.2347129	.1238319	0
429.15	0	.6414228	.2347695	.1238077	0
428.15	0	.6413907	.2348257	.1237836	0
427.15	0	.6413587	.2348815	.1237597	0
426.15	0	.641327	.234937	.123736	0
425.15	0	.6412955	.2349921	.1237124	0
424.15	0	.6412642	.2350469	.1236889	0
423.15	0	.6412331	.2351013	.1236656	0
422.2193	0	.6412044	.2351515	.1236441	0
422.2193	0	.6412044	.2351515	.1236441	0
422.2193	0	.6412044	.2351515	.1236441	0
422.15	0	.6412195	.2351146	.1236238	4.212759E-05
421.15	0	.6414377	.2345818	.1233309	6.495738E-04
420.15	0	.6416555	.2340498	.1230387	.001256115
419.15	0	.6418728	.2335185	.122747	.00186176
418.15	0	.6420896	.2329879	.122456	.002466516
417.15	0	.6423061	.232458	.1221656	.003070392
416.15	0	.6425221	.2319288	.1218758	.003673395
415.15	0	.6427377	.2314002	.1215866	.004275534
414.15	0	.6429529	.2308723	.121298	.004876817
413.15	0	.6431677	.2303451	.12101	.00547725
412.15	0	.6433821	.2298185	.1207225	.006076843
411.15	0	.6435962	.2292925	.1204357	.006675601
410.15	0	.6438099	.2287672	.1201495	.007273533
409.15	0	.6440232	.2282424	.1198638	.007870646
408.15	0	.6442361	.2277182	.1195787	.008466948
407.15	0	.6444488	.2271946	.1192942	.009062444
406.15	0	.644661	.2266715	.1190103	.009657143
405.15	0	.644873	.226149	.1187269	.01025105
404.15	0	.6450846	.225627	.1184442	.01084418
403.15	0	.6452959	.2251056	.118162	.01143652
402.15	0	.6455069	.2245847	.1178803	.0120281
401.15	0	.6457176	.2240643	.1175992	.01261891
400.15	0	.645928	.2235444	.1173187	.01320897
399.15	0	.6461381	.2230249	.1170387	.01379828
398.15	0	.6463479	.222506	.1167593	.01438684
397.15	0	.6465574	.2219875	.1164804	.01497466
396.15	0	.6467667	.2214695	.1162021	.01556175
395.15	0	.6469757	.2209519	.1159243	.01614812
394.15	0	.6471844	.2204348	.1156471	.01673377
393.15	0	.6473928	.2199181	.1153704	.0173187
392.15	0	.647601	.2194018	.1150942	.01790292
391.15	0	.647809	.218886	.1148186	.01848645
390.15	0	.6480167	.2183705	.1145435	.01906927
389.15	0	.6482242	.2178555	.1142689	.01965141
388.15	0	.6484315	.2173408	.1139949	.02023286
387.15	0	.6486385	.2168266	.1137213	.02081364
386.15	0	.6488453	.2163127	.1134483	.02139373
385.15	0	.6490519	.2157991	.1131759	.02197316
384.15	0	.6492582	.215286	.1129039	.02255193
383.15	0	.6494644	.2147732	.1126324	.02313004
382.15	0	.6496703	.2142607	.1123615	.0237075
381.15	0	.6498761	.2137486	.1120911	.02428431
380.15	0	.6500816	.2132368	.1118211	.02486048
379.15	0	.650287	.2127253	.1115517	.02543601
378.15	0	.6504921	.2122142	.1112828	.0260109
377.15	0	.6506971	.2117033	.1110143	.02658517
376.15	0	.6509019	.2111928	.1107464	.02715882
375.15	0	.6511066	.2106826	.110479	.02773185
374.15	0	.651311	.2101727	.110212	.02830427
373.15	0	.6515153	.2096631	.1099456	.02887608
372.15	0	.6517194	.2091537	.1096796	.02944728
371.15	0	.6519233	.2086447	.1094141	.03001789
370.15	0	.6521271	.2081359	.1091491	.0305879
369.15	0	.6523307	.2076274	.1088846	.03115732
368.15	0	.6525342	.2071191	.1086205	.03172615
367.15	0	.6527375	.2066111	.108357	.0322944
366.15	0	.6529407	.2061034	.1080939	.03286207
365.15	0	.6531437	.2055959	.1078312	.03342917
364.15	0	.6533466	.2050886	.1075691	.0339957
363.15	0	.6535493	.2045816	.1073074	.03456167
362.15	0	.653752	.2040749	.1070461	.03512707
361.15	0	.6539544	.2035683	.1067854	.03569192
360.15	0	.6541568	.203062	.1065251	.03625621
359.15	0	.6543589	.2025559	.1062652	.03681995
358.15	0	.654561	.20205	.1060058	.03738315
357.15	0	.654763	.2015443	.1057469	.03794581
356.15	0	.6549648	.2010389	.1054884	.03850792
355.15	0	.6551665	.2005336	.1052304	.0390695
354.15	0	.6553681	.2000286	.1049728	.03963055
353.15	0	.6555696	.1995237	.1047156	.04019108
352.15	0	.6557709	.1990191	.1044589	.04075108
351.15	0	.6559722	.1985146	.1042027	.04131056
350.15	0	.6561733	.1980103	.1039468	.04186952
349.15	0	.6563744	.1975062	.1036915	.04242796
348.15	0	.6565753	.1970023	.1034365	.0429859
347.15	0	.6567761	.1964986	.103182	.04354333
346.15	0	.6569768	.195995	.1029279	.04410025
345.15	0	.6571774	.1954916	.1026743	.04465668
344.15	0	.6573779	.1949884	.1024211	.0452126
343.15	0	.6575784	.1944853	.1021683	.04576803
342.15	0	.6577787	.1939824	.1019159	.04632297
341.15	0	.6579789	.1934797	.101664	.04687742
340.15	0	.6581791	.1929771	.1014125	.04743139
339.15	0	.6583791	.1924746	.1011614	.04798487
338.15	0	.6585791	.1919724	.1009107	.04853787
337.15	0	.6587789	.1914702	.1006605	.04909039
336.15	0	.6589787	.1909682	.1004106	.04964244
335.15	0	.6591784	.1904664	.1001612	.05019402
334.15	0	.659378	.1899647	.09991221	.05074512
333.15	0	.6595775	.1894631	.09966361	.05129576
332.15	0	.659777	.1889617	.09941542	.05184594
331.15	0	.6599763	.1884604	.09916764	.05239565
330.15	0	.6601756	.1879592	.09892027	.05294491
