T	 BPW(LIQUID)	BPW(BCC_A2)	BPW(FCC_A1)	BPW(LAVES_PHASE_C14)	BPW(NI3TI)
1473.15	.1887857	.6535816	0	.1576327	0
1472.15	.1834135	.6570366	0	.15955	0
1471.15	.1781411	.6604228	0	.1614362	0
1470.15	.1729658	.663742	0	.1632922	0
1469.15	.1678853	.666996	0	.1651188	0
1468.15	.1628969	.6701863	0	.1669167	0
1467.15	.1579984	.6733147	0	.1686868	0
1467.102	.1577678	.673462	0	.1687703	0
1467.102	.1577678	.673462	0	.1687703	0
1467.102	.1577678	.673462	0	.1687703	0
1466.15	.1401977	.6567801	.02809608	.1749261	0
1465.15	.1222093	.6398756	.0567329	.1811821	0
1464.15	.1046699	.6235687	.08452582	.1872355	0
1463.15	.08755952	.6078333	.111512	.1930952	0
1462.15	.0708593	.5926446	.1377265	.1987696	0
1461.15	.05455146	.5779794	.1632024	.2042667	0
1460.15	.03861913	.5638158	.187971	.2095941	0
1459.15	.02304637	.5501331	.2120618	.2147588	0
1458.15	.007818071	.5369115	.2355028	.2197676	0
1457.629	0	.5301894	.247488	.2223226	0
1457.629	0	.5301894	.247488	.2223226	0
1457.15	0	.5286771	.2487298	.2225931	0
1456.15	0	.5255234	.2513199	.2231567	0
1455.15	0	.5223786	.2539035	.2237179	0
1454.15	0	.5192424	.2564806	.224277	0
1453.15	0	.5161149	.2590514	.2248337	0
1452.15	0	.5129962	.2616156	.2253882	0
1451.15	0	.509886	.2641736	.2259405	0
1450.15	0	.5067845	.266725	.2264905	0
1449.15	0	.5036916	.2692702	.2270383	0
1448.15	0	.5006072	.2718089	.2275839	0
1447.15	0	.4975314	.2743413	.2281273	0
1446.15	0	.4944641	.2768674	.2286685	0
1445.15	0	.4914054	.2793871	.2292075	0
1444.15	0	.4883551	.2819005	.2297444	0
1443.15	0	.485311	.2844101	.2302789	0
1442.15	0	.4822776	.2869109	.2308115	0
1441.15	0	.4792525	.2894055	.231342	0
1440.15	0	.4762359	.2918938	.2318703	0
1439.15	0	.4732277	.2943758	.2323965	0
1438.15	0	.4702278	.2968516	.2329206	0
1437.15	0	.4672362	.2993212	.2334426	0
1436.15	0	.4642529	.3017845	.2339626	0
1435.15	0	.4612779	.3042416	.2344804	0
1434.15	0	.4583112	.3066925	.2349962	0
1433.15	0	.4553527	.3091373	.23551	0
1432.15	0	.4524025	.3115758	.2360217	0
1431.15	0	.4494605	.3140081	.2365314	0
1430.15	0	.4465266	.3164343	.2370391	0
1429.15	0	.4436009	.3188544	.2375447	0
1428.15	0	.4406834	.3212682	.2380484	0
1427.15	0	.4377739	.323676	.2385501	0
1426.15	0	.4348726	.3260776	.2390498	0
1425.15	0	.4319794	.3284731	.2395475	0
1424.15	0	.4290942	.3308626	.2400432	0
1423.15	0	.4262171	.3332459	.2405371	0
1422.15	0	.423348	.3356231	.2410289	0
1421.15	0	.4204869	.3379943	.2415188	0
1420.15	0	.4176338	.3403594	.2420068	0
1419.15	0	.4147887	.3427184	.2424929	0
1418.15	0	.4119515	.3450714	.2429771	0
1417.15	0	.4091222	.3474184	.2434594	0
1416.15	0	.4063009	.3497593	.2439398	0
1415.15	0	.4034875	.3520942	.2444183	0
1414.15	0	.4006819	.3544231	.244895	0
1413.15	0	.3978843	.356746	.2453698	0
1412.15	0	.3950944	.3590629	.2458427	0
1411.15	0	.3923124	.3613738	.2463138	0
1410.15	0	.3895383	.3636787	.2467831	0
1409.15	0	.3867719	.3659776	.2472505	0
1408.15	0	.3840133	.3682706	.2477161	0
1407.15	0	.3812624	.3705576	.2481799	0
1406.15	0	.3785193	.3728387	.248642	0
1405.15	0	.375784	.3751138	.2491022	0
1404.15	0	.3730563	.377383	.2495606	0
1403.15	0	.3703364	.3796463	.2500173	0
1402.15	0	.3676242	.3819037	.2504722	0
1401.15	0	.3649196	.3841551	.2509253	0
1400.15	0	.3622227	.3864006	.2513767	0
1399.15	0	.3595334	.3886403	.2518263	0
1398.15	0	.3568517	.390874	.2522743	0
1397.15	0	.3541777	.3931019	.2527204	0
1396.15	0	.3515113	.3953238	.2531649	0
1395.15	0	.3488524	.3975399	.2536077	0
1394.15	0	.3462012	.3997501	.2540487	0
1393.15	0	.3435574	.4019545	.2544881	0
1392.15	0	.3409213	.404153	.2549257	0
1391.15	0	.3382926	.4063457	.2553617	0
1390.15	0	.3356715	.4085324	.2557961	0
1389.15	0	.3330579	.4107134	.2562287	0
1388.15	0	.3304518	.4128885	.2566597	0
1387.15	0	.3278531	.4150578	.2570891	0
1386.15	0	.325262	.4172213	.2575168	0
1385.15	0	.3226782	.4193789	.2579429	0
1384.15	0	.320102	.4215307	.2583673	0
1383.15	0	.3175331	.4236767	.2587901	0
1382.15	0	.3149717	.4258169	.2592114	0
1381.15	0	.3124177	.4279513	.259631	0
1380.15	0	.3098711	.4300799	.260049	0
1379.15	0	.3073319	.4322026	.2604654	0
1378.15	0	.3048001	.4343196	.2608803	0
1377.15	0	.3022757	.4364308	.2612935	0
1376.15	0	.2997586	.4385362	.2617053	0
1375.15	0	.2972488	.4406358	.2621154	0
1374.15	0	.2947464	.4427296	.262524	0
1373.15	0	.2922513	.4448177	.262931	0
1372.15	0	.2897636	.4468999	.2633365	0
1371.15	0	.2872831	.4489764	.2637405	0
1370.15	0	.28481	.4510471	.2641429	0
1369.15	0	.2823442	.4531121	.2645438	0
1368.15	0	.2798856	.4551712	.2649432	0
1367.15	0	.2774343	.4572246	.2653411	0
1366.15	0	.2749903	.4592722	.2657375	0
1365.15	0	.2725536	.4613141	.2661323	0
1364.15	0	.2701241	.4633502	.2665257	0
1363.15	0	.2677018	.4653805	.2669177	0
1362.15	0	.2652868	.4674051	.2673081	0
1361.15	0	.2628791	.4694239	.2676971	0
1360.15	0	.2604785	.4714369	.2680846	0
1359.15	0	.2580852	.4734442	.2684706	0
1358.15	0	.2556991	.4754456	.2688552	0
1357.15	0	.2533202	.4774414	.2692384	0
1356.15	0	.2509486	.4794314	.2696201	0
1355.15	0	.2485841	.4814156	.2700004	0
1354.15	0	.2462268	.483394	.2703792	0
1353.15	0	.2438767	.4853667	.2707567	0
1352.15	0	.2415338	.4873336	.2711327	0
1351.15	0	.239198	.4892947	.2715073	0
1350.15	0	.2368695	.49125	.2718805	0
1349.15	0	.2345481	.4931996	.2722523	0
1348.15	0	.2322338	.4951434	.2726228	0
1347.15	0	.2299268	.4970814	.2729918	0
1346.15	0	.2276269	.4990137	.2733594	0
1345.15	0	.2253342	.5009401	.2737257	0
1344.15	0	.2230486	.5028608	.2740906	0
1343.15	0	.2207702	.5047757	.2744542	0
1342.15	0	.2184989	.5066847	.2748164	0
1341.15	0	.2162348	.508588	.2751772	0
1340.15	0	.2139778	.5104855	.2755367	0
1339.15	0	.211728	.5123772	.2758949	0
1338.15	0	.2094853	.514263	.2762517	0
1337.15	0	.2072497	.5161431	.2766072	0
1336.15	0	.2050213	.5180173	.2769614	0
1335.15	0	.2028001	.5198857	.2773142	0
1334.15	0	.200586	.5217483	.2776657	0
1333.15	0	.198379	.523605	.278016	0
1332.15	0	.1961792	.5254559	.2783649	0
1331.15	0	.1939865	.5273009	.2787125	0
1330.15	0	.191801	.5291401	.2790589	0
1329.15	0	.1896226	.5309735	.2794039	0
1328.15	0	.1874514	.5328009	.2797477	0
1327.15	0	.1852873	.5346225	.2800902	0
1326.15	0	.1831304	.5364383	.2804314	0
1325.15	0	.1809806	.5382481	.2807713	0
1324.15	0	.178838	.540052	.28111	0
1323.15	0	.1767026	.54185	.2814474	0
1322.15	0	.1745743	.5436421	.2817836	0
1321.15	0	.1724532	.5454283	.2821185	0
1320.15	0	.1703393	.5472086	.2824522	0
1319.15	0	.1682325	.5489829	.2827846	0
1318.15	0	.1661329	.5507513	.2831158	0
1317.15	0	.1640405	.5525137	.2834458	0
1316.15	0	.1619553	.5542702	.2837745	0
1315.15	0	.1598773	.5560206	.2841021	0
1314.15	0	.1578065	.5577651	.2844284	0
1313.15	0	.1557429	.5595036	.2847535	0
1312.15	0	.1536866	.5612361	.2850774	0
1311.15	0	.1516374	.5629625	.2854001	0
1310.15	0	.1495955	.5646829	.2857216	0
1309.15	0	.1475608	.5663973	.2860419	0
1308.15	0	.1455334	.5681056	.286361	0
1307.15	0	.1435132	.5698079	.2866789	0
1306.15	0	.1415003	.571504	.2869956	0
1305.15	0	.1394947	.5731941	.2873112	0
1304.15	0	.1374963	.5748781	.2876256	0
1303.15	0	.1355052	.5765559	.2879389	0
1302.15	0	.1335215	.5782276	.2882509	0
1301.15	0	.131545	.5798932	.2885619	0
1300.15	0	.1295759	.5815525	.2888716	0
1299.15	0	.127614	.5832058	.2891802	0
1298.15	0	.1256596	.5848528	.2894877	0
1297.15	0	.1237125	.5864936	.289794	0
1296.15	0	.1217727	.5881281	.2900992	0
1295.15	0	.1198403	.5897564	.2904032	0
1294.15	0	.1179154	.5913785	.2907061	0
1293.15	0	.1159978	.5929943	.2910079	0
1292.15	0	.1140876	.5946038	.2913086	0
1291.15	0	.1121849	.596207	.2916081	0
1290.15	0	.1102896	.5978038	.2919066	0
1289.15	0	.1084018	.5993943	.2922039	0
1288.15	0	.1065214	.6009785	.2925001	0
1287.15	0	.1046486	.6025562	.2927952	0
1286.15	0	.1027832	.6041275	.2930892	0
1285.15	0	.1009254	.6056925	.2933821	0
1284.15	0	.09907512	.6072509	.293674	0
1283.15	0	.09723239	.6088029	.2939647	0
1282.15	0	.09539724	.6103484	.2942543	0
1281.15	0	.09356967	.6118874	.2945429	0
1280.15	0	.09174971	.6134199	.2948304	0
1279.15	0	.08993739	.6149458	.2951168	0
1278.15	0	.08813271	.6164652	.2954022	0
1277.15	0	.0863357	.6179779	.2956864	0
1276.15	0	.08454637	.619484	.2959696	0
1275.15	0	.08276475	.6209835	.2962518	0
1274.15	0	.08099086	.6224763	.2965329	0
1273.15	0	.07922472	.6239624	.2968129	0
1272.15	0	.07746634	.6254418	.2970919	0
1271.15	0	.07571576	.6269144	.2973698	0
1270.15	0	.073973	.6283803	.2976467	0
1269.15	0	.07223807	.6298394	.2979226	0
1268.15	0	.07051101	.6312916	.2981974	0
1267.15	0	.06879183	.632737	.2984712	0
1266.15	0	.06708056	.6341755	.2987439	0
1265.15	0	.06537723	.6356071	.2990157	0
1264.15	0	.06368185	.6370318	.2992863	0
1263.15	0	.06199446	.6384495	.299556	0
1262.15	0	.06031509	.6398602	.2998247	0
1261.15	0	.05864375	.6412639	.3000923	0
1260.15	0	.05698048	.6426606	.3003589	0
1259.15	0	.0553253	.6440501	.3006246	0
1258.15	0	.05367824	.6454326	.3008892	0
1257.15	0	.05203934	.6468079	.3011528	0
1256.15	0	.05040861	.648176	.3014154	0
1255.15	0	.04878609	.6495369	.301677	0
1254.15	0	.04717182	.6508906	.3019376	0
1253.15	0	.04556581	.652237	.3021972	0
1252.15	0	.04396811	.653576	.3024559	0
1251.15	0	.04237874	.6549078	.3027135	0
1250.15	0	.04079773	.6562321	.3029702	0
1249.15	0	.03922512	.657549	.3032258	0
1248.15	0	.03766095	.6588585	.3034805	0
1247.15	0	.03610523	.6601605	.3037343	0
1246.15	0	.03455802	.661455	.303987	0
1245.15	0	.03301935	.6627419	.3042388	0
1244.15	0	.03148924	.6640211	.3044896	0
1243.15	0	.02996774	.6652928	.3047395	0
1242.15	0	.02845489	.6665568	.3049884	0
1241.15	0	.02695071	.667813	.3052363	0
1240.15	0	.02545525	.6690615	.3054832	0
1239.15	0	.02396855	.6703022	.3057293	0
1238.15	0	.02249064	.671535	.3059743	0
1237.15	0	.02102157	.67276	.3062184	0
1236.15	0	.01956137	.673977	.3064616	0
1235.15	0	.01811009	.6751861	.3067038	0
1234.15	0	.01666776	.6763872	.3069451	0
1233.15	0	.01523443	.6775802	.3071854	0
1232.15	0	.01381014	.678765	.3074248	0
1231.15	0	.01239493	.6799418	.3076633	0
1230.15	0	.01098885	.6811103	.3079008	0
1229.15	0	.009591941	.6822707	.3081374	0
1228.15	0	.008204246	.6834227	.3083731	0
1227.15	0	.006825812	.6845664	.3086078	0
1226.15	0	.005456683	.6857017	.3088416	0
1225.15	0	.004096908	.6868286	.3090745	0
1224.15	0	.002746533	.687947	.3093065	0
1223.15	0	.001405605	.6890568	.3095376	0
1222.15	0	7.417373E-05	.6901581	.3097677	0
1222.094	0	0	.6902195	.3097805	0
1222.094	0	0	.6902195	.3097805	0
1221.15	0	0	.6900425	.3099575	0
1220.15	0	0	.6898555	.3101445	0
1219.15	0	0	.6896688	.3103312	0
1218.15	0	0	.6894825	.3105175	0
1217.15	0	0	.6892966	.3107034	0
1216.15	0	0	.6891111	.3108889	0
1215.15	0	0	.6889256	.3110744	0
1214.15	0	0	.6887408	.3112592	0
1213.15	0	0	.6885564	.3114436	0
1212.15	0	0	.6883724	.3116276	0
1211.15	0	0	.6881888	.3118112	0
1210.15	0	0	.6880055	.3119945	0
1209.15	0	0	.6878227	.3121774	0
1208.15	0	0	.6876402	.3123598	0
1207.15	0	0	.687458	.312542	0
1206.15	0	0	.6872763	.3127237	0
1205.15	0	0	.6870949	.3129051	0
1204.15	0	0	.6869139	.3130861	0
1203.15	0	0	.6867333	.3132667	0
1202.15	0	0	.6865531	.313447	0
1201.15	0	0	.6863732	.3136268	0
1200.15	0	0	.6861937	.3138063	0
1199.15	0	0	.6860145	.3139855	0
1198.15	0	0	.6858358	.3141642	0
1197.15	0	0	.6856574	.3143426	0
1196.15	0	0	.6854794	.3145206	0
1195.15	0	0	.6853017	.3146983	0
1194.15	0	0	.6851244	.3148756	0
1193.15	0	0	.6849475	.3150525	0
1192.15	0	0	.684771	.315229	0
1191.15	0	0	.6845948	.3154052	0
1190.15	0	0	.684419	.315581	0
1189.15	0	0	.6842435	.3157565	0
1188.15	0	0	.6840685	.3159316	0
1187.15	0	0	.6838937	.3161063	0
1186.15	0	0	.6837194	.3162806	0
1185.15	0	0	.6835454	.3164546	0
1184.15	0	0	.6833718	.3166282	0
1183.15	0	0	.6831985	.3168015	0
1182.15	0	0	.6830256	.3169744	0
1181.15	0	0	.6828531	.3171469	0
1180.15	0	0	.6826809	.3173191	0
1179.15	0	0	.6825091	.3174909	0
1178.15	0	0	.6823376	.3176624	0
1177.15	0	0	.6821666	.3178335	0
1176.15	0	0	.6819958	.3180042	0
1175.15	0	0	.6818254	.3181746	0
1174.15	0	0	.6816554	.3183446	0
1173.15	0	0	.6814858	.3185142	0
1172.15	0	0	.6813165	.3186835	0
1171.15	0	0	.6811475	.3188525	0
1170.15	0	0	.6809789	.3190211	0
1169.15	0	0	.6808107	.3191893	0
1168.15	0	0	.6806428	.3193572	0
1167.15	0	0	.6804753	.3195247	0
1166.15	0	0	.6803082	.3196918	0
1165.15	0	0	.6801413	.3198587	0
1164.15	0	0	.6799749	.3200251	0
1163.15	0	0	.6798088	.3201912	0
1162.15	0	0	.679643	.320357	0
1161.15	0	0	.6794776	.3205224	0
1160.15	0	0	.6793126	.3206874	0
1159.15	0	0	.6791479	.3208521	0
1158.15	0	0	.6789835	.3210165	0
1157.15	0	0	.6788195	.3211805	0
1156.15	0	0	.6786559	.3213441	0
1155.15	0	0	.6784926	.3215074	0
1154.15	0	0	.6783296	.3216704	0
1153.15	0	0	.678167	.321833	0
1152.15	0	0	.6780048	.3219952	0
1151.15	0	0	.6778429	.3221571	0
1150.15	0	0	.6776813	.3223187	0
1149.15	0	0	.6775201	.3224799	0
1148.15	0	0	.6773593	.3226408	0
1147.15	0	0	.6771987	.3228013	0
1146.15	0	0	.6770386	.3229614	0
1145.15	0	0	.6768787	.3231213	0
1144.15	0	0	.6767193	.3232808	0
1143.15	0	0	.6765601	.3234399	0
1142.15	0	0	.6764013	.3235987	0
1141.15	0	0	.6762429	.3237571	0
1140.15	0	0	.6760848	.3239152	0
1139.15	0	0	.675927	.324073	0
1138.15	0	0	.6757696	.3242304	0
1137.15	0	0	.6756125	.3243875	0
1136.15	0	0	.6754557	.3245443	0
1135.15	0	0	.6752993	.3247007	0
1134.15	0	0	.6751433	.3248567	0
1133.15	0	0	.6749875	.3250125	0
1132.15	0	0	.6748322	.3251679	0
1131.15	0	0	.6746771	.3253229	0
1130.15	0	0	.6745224	.3254776	0
1129.15	0	0	.674368	.325632	0
1128.15	0	0	.674214	.325786	0
1127.15	0	0	.6740603	.3259397	0
1126.15	0	0	.673907	.3260931	0
1125.15	0	0	.6737539	.3262461	0
1124.15	0	0	.6736013	.3263988	0
1123.15	0	0	.6734489	.3265511	0
1122.15	0	0	.6732969	.3267031	0
1121.15	0	0	.6731452	.3268548	0
1120.15	0	0	.6729939	.3270061	0
1119.15	0	0	.6728428	.3271572	0
1118.15	0	0	.6726922	.3273078	0
1117.15	0	0	.6725418	.3274582	0
1116.15	0	0	.6723918	.3276082	0
1115.15	0	0	.6722421	.3277579	0
1114.15	0	0	.6720928	.3279072	0
1113.15	0	0	.6719438	.3280562	0
1112.15	0	0	.6717951	.3282049	0
1111.15	0	0	.6716467	.3283533	0
1110.15	0	0	.6714987	.3285013	0
1109.15	0	0	.671351	.328649	0
1108.15	0	0	.6712037	.3287963	0
1107.15	0	0	.6710566	.3289434	0
1106.15	0	0	.6709099	.3290901	0
1105.15	0	0	.6707636	.3292365	0
1104.15	0	0	.6706175	.3293825	0
1103.15	0	0	.6704718	.3295282	0
1102.15	0	0	.6703264	.3296736	0
1101.15	0	0	.6701813	.3298187	0
1100.15	0	0	.6700366	.3299634	0
1099.15	0	0	.6698922	.3301078	0
1098.15	0	0	.6697481	.3302519	0
1097.15	0	0	.6696043	.3303957	0
1096.15	0	0	.6694609	.3305391	0
1095.15	0	0	.6693178	.3306822	0
1094.15	0	0	.669175	.330825	0
1093.15	0	0	.6690325	.3309675	0
1092.15	0	0	.6688904	.3311096	0
1091.15	0	0	.6687486	.3312514	0
1090.15	0	0	.6686071	.3313929	0
1089.15	0	0	.6684659	.3315341	0
1088.15	0	0	.6683251	.3316749	0
1087.15	0	0	.6681846	.3318154	0
1086.15	0	0	.6680444	.3319556	0
1085.15	0	0	.6679045	.3320955	0
1084.15	0	0	.6677649	.3322351	0
1083.15	0	0	.6676257	.3323743	0
1082.15	0	0	.6674868	.3325132	0
1081.15	0	0	.6673482	.3326518	0
1080.15	0	0	.6672099	.3327901	0
1079.15	0	0	.6670719	.3329281	0
1078.15	0	0	.6669343	.3330657	0
1077.15	0	0	.666797	.333203	0
1076.15	0	0	.66666	.33334	0
1075.15	0	0	.6665233	.3334767	0
1074.15	0	0	.666387	.3336131	0
1073.15	0	0	.6662509	.3337491	0
1072.15	0	0	.6661152	.3338848	0
1071.15	0	0	.6659798	.3340202	0
1070.15	0	0	.6658447	.3341553	0
1069.15	0	0	.6657099	.3342901	0
1068.15	0	0	.6655754	.3344246	0
1067.15	0	0	.6654413	.3345587	0
1066.15	0	0	.6653074	.3346926	0
1065.15	0	0	.6651739	.3348261	0
1064.15	0	0	.6650407	.3349593	0
1063.15	0	0	.6649078	.3350922	0
1062.15	0	0	.6647753	.3352247	0
1061.15	0	0	.664643	.335357	0
1060.15	0	0	.6645111	.335489	0
1059.15	0	0	.6643794	.3356206	0
1058.15	0	0	.6642481	.3357519	0
1057.15	0	0	.6641171	.3358829	0
1056.15	0	0	.6639864	.3360136	0
1055.15	0	0	.663856	.336144	0
1054.15	0	0	.6637259	.3362741	0
1053.15	0	0	.6635962	.3364038	0
1052.15	0	0	.6634667	.3365333	0
1051.15	0	0	.6633376	.3366624	0
1050.15	0	0	.6632088	.3367913	0
1049.15	0	0	.6630802	.3369198	0
1048.15	0	0	.662952	.337048	0
1047.15	0	0	.6628241	.3371759	0
1046.15	0	0	.6626965	.3373035	0
1045.15	0	0	.6625692	.3374308	0
1044.15	0	0	.6624423	.3375577	0
1043.15	0	0	.6623156	.3376844	0
1042.15	0	0	.6621893	.3378107	0
1041.15	0	0	.6620632	.3379368	0
1040.15	0	0	.6619375	.3380625	0
1039.15	0	0	.661812	.338188	0
1038.15	0	0	.6616869	.3383131	0
1037.15	0	0	.6615621	.3384379	0
1036.15	0	0	.6614376	.3385624	0
1035.15	0	0	.6613134	.3386866	0
1034.15	0	0	.6611895	.3388105	0
1033.15	0	0	.6610659	.3389341	0
1032.389	0	0	.6609721	.3390279	0
1032.389	0	0	.6609721	.3390279	0
1032.389	0	0	.6609721	.3390279	0
1032.15	0	4.039366E-04	.660546	.3390501	0
1031.15	0	.002101841	.6587558	.3391424	0
1030.15	0	.003817204	.6569486	.3392342	0
1029.15	0	.005549898	.6551245	.3393256	0
1028.15	0	.007299796	.6532836	.3394166	0
1027.15	0	.009066763	.6514261	.3395071	0
1026.15	0	.01085067	.6495521	.3395972	0
1025.15	0	.01265137	.6476618	.3396869	0
1024.15	0	.01446873	.6457551	.3397761	0
1023.15	0	.0163026	.6438325	.3398649	0
1022.15	0	.01815285	.6418938	.3399534	0
1021.15	0	.02001931	.6399394	.3400413	0
1020.15	0	.02190184	.6379693	.3401289	0
1019.15	0	.02380029	.6359837	.3402161	0
1018.15	0	.02571449	.6339827	.3403028	0
1017.15	0	.02764428	.6319666	.3403892	0
1016.15	0	.02958952	.6299354	.3404751	0
1015.15	0	.03155002	.6278893	.3405606	0
1014.15	0	.03352563	.6258286	.3406458	0
1013.15	0	.03551618	.6237533	.3407305	0
1012.15	0	.03752148	.6216637	.3408149	0
1011.15	0	.03954138	.6195598	.3408988	0
1010.15	0	.04157569	.6174419	.3409824	0
1009.15	0	.04362424	.6153102	.3410655	0
1008.15	0	.04568684	.6131648	.3411483	0
1007.15	0	.04776331	.611006	.3412307	0
1006.15	0	.04985347	.6088338	.3413127	0
1005.15	0	.05195713	.6066485	.3413944	0
1004.15	0	.0540741	.6044503	.3414756	0
1003.15	0	.05620419	.6022393	.3415565	0
1002.15	0	.05834722	.6000158	.341637	0
1001.15	0	.06050298	.59778	.341717	0
1000.15	0	.06267128	.595532	.3417968	0
999.15	0	.06485192	.593272	.3418761	0
998.15	0	.06704471	.5910002	.3419551	0
997.15	0	.06924944	.5887169	.3420336	0
996.15	0	.07146591	.5864223	.3421118	0
995.15	0	.07369392	.5841164	.3421897	0
994.15	0	.07593326	.5817996	.3422671	0
993.15	0	.07818373	.5794721	.3423442	0
992.15	0	.08044512	.577134	.3424208	0
991.15	0	.08271723	.5747856	.3424971	0
990.15	0	.08499983	.5724271	.3425731	0
989.15	0	.08729273	.5700587	.3426486	0
988.15	0	.0895957	.5676806	.3427237	0
987.15	0	.09190854	.565293	.3427985	0
986.15	0	.09423104	.5628961	.3428729	0
985.15	0	.09656297	.5604902	.3429468	0
984.15	0	.09890413	.5580755	.3430204	0
983.15	0	.1012543	.5556521	.3430936	0
982.15	0	.1036132	.5532204	.3431664	0
981.15	0	.1059808	.5507804	.3432388	0
980.15	0	.1083567	.5483326	.3433108	0
979.15	0	.1107407	.545877	.3433824	0
978.15	0	.1131326	.5434139	.3434535	0
977.15	0	.1155322	.5409435	.3435243	0
976.15	0	.1179393	.538466	.3435946	0
975.15	0	.1203537	.5359818	.3436645	0
974.15	0	.1227751	.5334909	.343734	0
973.15	0	.1252033	.5309936	.3438031	0
972.15	0	.1276381	.5284902	.3438717	0
971.15	0	.1300565	.5260018	.3439417	0
970.15	0	.1324666	.5235203	.344013	0
969.15	0	.1348982	.5210184	.3440835	0
968.15	0	.1373498	.5184973	.344153	0
967.15	0	.13982	.5159584	.3442216	0
966.15	0	.1423075	.5134032	.3442893	0
965.15	0	.1448111	.5108328	.3443562	0
964.15	0	.1473294	.5082485	.3444221	0
963.15	0	.1498613	.5056515	.3444872	0
962.15	0	.1524057	.5030429	.3445514	0
961.15	0	.1549613	.5004239	.3446148	0
960.15	0	.1575272	.4977955	.3446773	0
959.15	0	.1601023	.4951587	.3447389	0
958.15	0	.1626857	.4925146	.3447997	0
957.15	0	.1652762	.4898642	.3448597	0
956.15	0	.167873	.4872082	.3449187	0
955.15	0	.1704753	.4845477	.344977	0
954.15	0	.1730821	.4818835	.3450343	0
953.15	0	.1756927	.4792165	.3450909	0
952.15	0	.1783061	.4765473	.3451466	0
951.15	0	.1809217	.4738769	.3452014	0
950.15	0	.1835387	.4712059	.3452554	0
949.15	0	.1861563	.4685352	.3453085	0
948.15	0	.188774	.4658653	.3453607	0
947.15	0	.191391	.4631969	.3454122	0
946.15	0	.1940067	.4605307	.3454627	0
945.15	0	.1966204	.4578673	.3455124	0
944.15	0	.1992316	.4552072	.3455612	0
943.15	0	.2018397	.4525512	.3456091	0
942.15	0	.2044442	.4498996	.3456562	0
941.15	0	.2070445	.4472531	.3457024	0
940.15	0	.2096401	.4446122	.3457477	0
939.15	0	.2122306	.4419773	.3457921	0
938.15	0	.2148154	.439349	.3458356	0
937.15	0	.2173941	.4367276	.3458783	0
936.15	0	.2199663	.4341136	.3459201	0
935.15	0	.2225316	.4315075	.3459609	0
934.15	0	.2250896	.4289096	.3460009	0
933.15	0	.2276398	.4263203	.3460399	0
932.15	0	.230182	.42374	.3460781	0
931.15	0	.2327157	.421169	.3461153	0
930.15	0	.2352406	.4186078	.3461516	0
929.15	0	.2377565	.4160566	.346187	0
928.15	0	.2402629	.4135157	.3462214	0
927.15	0	.2427596	.4109855	.3462549	0
926.15	0	.2452463	.4084662	.3462875	0
925.15	0	.2477227	.4059581	.3463192	0
924.15	0	.2501886	.4034615	.3463499	0
923.15	0	.2526436	.4009767	.3463797	0
922.15	0	.2550877	.3985038	.3464085	0
921.15	0	.2575205	.3960432	.3464364	0
920.15	0	.2599418	.393595	.3464633	0
919.15	0	.2623514	.3911594	.3464892	0
918.15	0	.2647491	.3887368	.3465142	0
917.15	0	.2671346	.3863272	.3465382	0
916.15	0	.2695079	.3839308	.3465612	0
915.15	0	.2718688	.3815479	.3465833	0
914.15	0	.274217	.3791786	.3466044	0
913.15	0	.2765524	.3768231	.3466245	0
912.15	0	.2788748	.3744816	.3466437	0
911.15	0	.2811841	.3721541	.3466618	0
910.15	0	.2834802	.3698409	.346679	0
909.15	0	.2857629	.367542	.3466952	0
908.15	0	.288032	.3652577	.3467103	0
907.15	0	.2902875	.362988	.3467245	0
906.15	0	.2925293	.360733	.3467377	0
905.15	0	.2947571	.3584929	.3467499	0
904.15	0	.296971	.3562679	.3467611	0
903.15	0	.2991708	.3540579	.3467713	0
902.15	0	.3013564	.3518631	.3467805	0
901.15	0	.3035277	.3496836	.3467887	0
900.15	0	.3056846	.3475195	.346796	0
899.15	0	.307827	.3453708	.3468022	0
898.15	0	.3099549	.3432377	.3468074	0
897.15	0	.3120681	.3411203	.3468116	0
896.15	0	.3141667	.3390185	.3468148	0
895.15	0	.3162504	.3369326	.346817	0
894.15	0	.3183193	.3348625	.3468182	0
893.15	0	.3203733	.3328083	.3468184	0
892.15	0	.3224123	.3307701	.3468177	0
891.15	0	.3244362	.3287479	.3468159	0
890.15	0	.326445	.3267419	.3468131	0
889.15	0	.3284387	.3247519	.3468094	0
888.15	0	.3304171	.3227782	.3468047	0
887.15	0	.3323803	.3208207	.346799	0
886.15	0	.3343282	.3188795	.3467923	0
885.15	0	.3362607	.3169547	.3467847	0
884.15	0	.3381778	.3150461	.3467761	0
883.15	0	.3400795	.313154	.3467665	0
882.15	0	.3419657	.3112783	.346756	0
881.15	0	.3438364	.3094191	.3467445	0
880.15	0	.3456916	.3075764	.3467321	0
879.15	0	.3475312	.3057501	.3467187	0
878.15	0	.3493552	.3039404	.3467044	0
877.15	0	.3511635	.3021472	.3466892	0
876.15	0	.3529563	.3003707	.3466731	0
875.15	0	.3547334	.2986106	.346656	0
874.15	0	.3564948	.2968672	.3466381	0
873.15	0	.3582405	.2951403	.3466192	0
872.15	0	.3599705	.29343	.3465995	0
871.15	0	.3616848	.2917363	.3465789	0
870.15	0	.3633834	.2900592	.3465574	0
869.15	0	.3650662	.2883987	.3465351	0
868.15	0	.3667334	.2867547	.3465119	0
867.15	0	.3683848	.2851273	.3464879	0
866.15	0	.3700205	.2835165	.346463	0
865.15	0	.3716405	.2819221	.3464374	0
864.15	0	.3732448	.2803443	.3464109	0
863.15	0	.3748335	.2787829	.3463836	0
862.15	0	.3764065	.277238	.3463556	0
861.15	0	.3779638	.2757094	.3463267	0
860.15	0	.3795056	.2741973	.3462972	0
859.15	0	.3810318	.2727014	.3462668	0
858.15	0	.3825424	.2712219	.3462357	0
857.15	0	.3840376	.2697585	.3462039	0
856.15	0	.3855172	.2683114	.3461714	0
855.15	0	.3869815	.2668804	.3461382	0
854.15	0	.3884303	.2654654	.3461043	0
853.15	0	.3898639	.2640665	.3460697	0
852.15	0	.3912821	.2626835	.3460344	0
851.15	0	.3926852	.2613163	.3459985	0
850.15	0	.394073	.259965	.345962	0
849.15	0	.3954458	.2586294	.3459248	0
848.15	0	.3968036	.2573094	.345887	0
847.15	0	.3981464	.256005	.3458486	0
846.15	0	.3994744	.254716	.3458096	0
845.15	0	.4007876	.2534424	.3457701	0
844.15	0	.402086	.252184	.34573	0
843.15	0	.4033698	.2509409	.3456893	0
842.15	0	.4046391	.2497128	.3456481	0
841.15	0	.405894	.2484997	.3456064	0
840.15	0	.4071345	.2473014	.3455641	0
839.15	0	.4083607	.2461179	.3455214	0
838.15	0	.4095728	.2449491	.3454781	0
837.15	0	.4107709	.2437947	.3454344	0
836.15	0	.411955	.2426548	.3453902	0
835.15	0	.4131254	.2415291	.3453455	0
834.15	0	.414282	.2404176	.3453004	0
833.15	0	.415425	.2393201	.3452549	0
832.7705	0	.4158552	.2389073	.3452375	0
832.7705	0	.4158552	.2389073	.3452375	0
832.7705	0	.4158552	.2389073	.3452375	0
832.15	0	.4204737	.2333444	.34393	.002251994
831.15	0	.4277089	.2246085	.3418632	.005819398
830.15	0	.4346974	.216145	.3398447	.009312925
829.15	0	.4414496	.2079425	.3378727	.01273522
828.15	0	.4479753	.1999904	.3359456	.01608878
827.15	0	.4542837	.1922785	.3340618	.01937598
826.15	0	.4603838	.1847974	.3322198	.02259905
825.15	0	.4662837	.1775379	.3304183	.02576012
824.15	0	.4719915	.1704915	.3286559	.02886121
823.15	0	.4775145	.16365	.3269313	.03190423
822.15	0	.4828599	.1570058	.3252433	.034891
821.15	0	.4880344	.1505515	.3235908	.03782325
820.15	0	.4930444	.1442802	.3219727	.04070265
819.15	0	.497896	.1381853	.3203879	.04353075
818.15	0	.502595	.1322605	.3188355	.04630905
817.15	0	.5071469	.1264997	.3173144	.04903899
816.15	0	.511557	.1208972	.3158239	.05172193
815.15	0	.5158302	.1154477	.3143629	.05435918
814.15	0	.5199715	.1101459	.3129307	.05695198
813.15	0	.5239852	.1049868	.3115264	.05950153
812.15	0	.5278759	.09996576	.3101494	.06200898
811.15	0	.5316476	.09507817	.3087988	.06447542
810.15	0	.5353044	.0903197	.307474	.06690191
809.15	0	.5388501	.08568622	.3061742	.06928944
808.15	0	.5422883	.08117375	.3048989	.071639
807.15	0	.5456226	.07677847	.3036474	.07395151
806.15	0	.5488563	.07249674	.3024191	.07622787
805.15	0	.5519926	.06832505	.3012134	.07846894
804.15	0	.5550347	.06426004	.3000297	.08067555
803.15	0	.5579855	.06029848	.2988675	.0828485
802.15	0	.5608478	.05643726	.2977264	.08498856
801.15	0	.5636244	.05267341	.2966057	.08709647
800.15	0	.566318	.04900405	.295505	.08917295
799.15	0	.5689311	.04542643	.2944238	.09121869
798.15	0	.5714661	.04193788	.2933617	.09323436
797.15	0	.5739254	.03853584	.2923182	.0952206
796.15	0	.5763112	.03521785	.2912929	.09717805
795.15	0	.5786258	.03198153	.2902854	.09910731
794.15	0	.5808713	.02882457	.2892952	.101009
793.15	0	.5830496	.02574477	.2883221	.1028836
792.15	0	.5851628	.02273999	.2873655	.1047317
791.15	0	.5872128	.01980816	.2864252	.1065539
790.15	0	.5892013	.01694727	.2855008	.1083506
789.15	0	.5911303	.01415541	.2845919	.1101224
788.15	0	.5930013	.01143071	.2836982	.1118697
787.15	0	.5948161	.008771346	.2828194	.1135931
786.15	0	.5965762	.006175583	.2819552	.115293
785.15	0	.5982833	.003641722	.2811051	.1169699
784.15	0	.5999388	.001168123	.2802691	.1186241
783.6693	0	.6007166	0	.279872	.1194114
783.6693	0	.6007166	0	.279872	.1194114
783.15	0	.6006592	0	.2797693	.1195715
782.15	0	.600549	0	.279572	.119879
781.15	0	.6004393	0	.2793754	.1201853
780.15	0	.6003301	0	.2791793	.1204905
779.15	0	.6002215	0	.278984	.1207946
778.15	0	.6001133	0	.2787892	.1210975
777.15	0	.6000056	0	.2785951	.1213993
776.15	0	.5998985	0	.2784015	.1217
775.15	0	.5997918	0	.2782087	.1219995
774.15	0	.5996856	0	.2780164	.122298
773.15	0	.5995799	0	.2778248	.1225953
772.15	0	.5994747	0	.2776338	.1228915
771.15	0	.59937	0	.2774434	.1231866
770.15	0	.5992657	0	.2772537	.1234806
769.15	0	.5991619	0	.2770645	.1237735
768.15	0	.5990586	0	.276876	.1240654
767.15	0	.5989558	0	.2766881	.1243561
766.15	0	.5988534	0	.2765008	.1246457
765.15	0	.5987515	0	.2763142	.1249343
764.15	0	.5986501	0	.2761281	.1252218
763.15	0	.5985491	0	.2759427	.1255082
762.15	0	.5984486	0	.2757578	.1257936
761.15	0	.5983485	0	.2755736	.1260779
760.15	0	.5982488	0	.27539	.1263611
759.15	0	.5981497	0	.275207	.1266433
758.15	0	.5980509	0	.2750247	.1269245
757.15	0	.5979526	0	.2748429	.1272045
756.15	0	.5978547	0	.2746617	.1274836
755.15	0	.5977573	0	.2744811	.1277616
754.15	0	.5976603	0	.2743012	.1280385
753.15	0	.5975638	0	.2741218	.1283144
752.15	0	.5974676	0	.2739431	.1285893
751.15	0	.5973719	0	.2737649	.1288632
750.15	0	.5972766	0	.2735873	.129136
749.15	0	.5971818	0	.2734104	.1294078
748.15	0	.5970873	0	.273234	.1296786
747.15	0	.5969933	0	.2730583	.1299484
746.15	0	.5968997	0	.2728831	.1302172
745.15	0	.5968065	0	.2727085	.1304849
744.15	0	.5967137	0	.2725346	.1307517
743.15	0	.5966214	0	.2723612	.1310175
742.15	0	.5965294	0	.2721884	.1312822
741.15	0	.5964379	0	.2720162	.131546
740.15	0	.5963467	0	.2718446	.1318087
739.15	0	.5962559	0	.2716736	.1320705
738.15	0	.5961656	0	.2715031	.1323313
737.15	0	.5960756	0	.2713333	.1325911
736.15	0	.5959861	0	.271164	.1328499
735.15	0	.5958969	0	.2709954	.1331078
734.15	0	.5958081	0	.2708273	.1333646
733.15	0	.5957197	0	.2706598	.1336205
732.15	0	.5956317	0	.2704929	.1338754
731.15	0	.5955441	0	.2703265	.1341294
730.15	0	.5954569	0	.2701608	.1343824
729.15	0	.59537	0	.2699956	.1346344
728.15	0	.5952836	0	.269831	.1348855
727.15	0	.5951975	0	.269667	.1351355
726.15	0	.5951118	0	.2695035	.1353847
725.15	0	.5950265	0	.2693407	.1356329
724.15	0	.5949415	0	.2691784	.1358802
723.15	0	.5948569	0	.2690166	.1361264
722.15	0	.5947727	0	.2688555	.1363718
721.15	0	.5946889	0	.2686949	.1366162
720.15	0	.5946054	0	.2685349	.1368597
719.15	0	.5945223	0	.2683755	.1371022
718.15	0	.5944395	0	.2682166	.1373438
717.15	0	.5943572	0	.2680584	.1375845
716.15	0	.5942751	0	.2679006	.1378242
715.15	0	.5941935	0	.2677435	.138063
714.15	0	.5941122	0	.2675869	.1383009
713.15	0	.5940313	0	.2674309	.1385379
712.15	0	.5939507	0	.2672754	.1387739
711.15	0	.5938705	0	.2671205	.139009
710.15	0	.5937906	0	.2669662	.1392432
709.15	0	.5937111	0	.2668124	.1394765
708.15	0	.5936319	0	.2666592	.1397089
707.15	0	.5935531	0	.2665066	.1399403
706.15	0	.5934746	0	.2663545	.1401709
705.15	0	.5933965	0	.266203	.1404005
704.15	0	.5933187	0	.266052	.1406293
703.15	0	.5932413	0	.2659016	.1408571
702.15	0	.5931642	0	.2657517	.141084
701.15	0	.5930875	0	.2656024	.1413101
700.15	0	.5930111	0	.2654537	.1415352
699.15	0	.592935	0	.2653055	.1417595
698.15	0	.5928593	0	.2651579	.1419828
697.15	0	.5927839	0	.2650108	.1422053
696.15	0	.5927089	0	.2648642	.1424269
695.15	0	.5926342	0	.2647183	.1426476
694.15	0	.5925598	0	.2645728	.1428674
693.15	0	.5924858	0	.2644279	.1430863
692.15	0	.592412	0	.2642836	.1433044
691.15	0	.5923387	0	.2641398	.1435215
690.15	0	.5922656	0	.2639966	.1437378
689.15	0	.5921929	0	.2638539	.1439532
688.15	0	.5921205	0	.2637117	.1441678
687.15	0	.5920484	0	.2635701	.1443814
686.15	0	.5919767	0	.263429	.1445943
685.15	0	.5919053	0	.2632885	.1448062
684.15	0	.5918342	0	.2631485	.1450173
683.15	0	.5917634	0	.2630091	.1452275
682.15	0	.591693	0	.2628702	.1454368
681.15	0	.5916228	0	.2627318	.1456453
680.15	0	.591553	0	.262594	.145853
679.15	0	.5914835	0	.2624567	.1460597
678.15	0	.5914144	0	.26232	.1462656
677.15	0	.5913455	0	.2621838	.1464707
676.15	0	.591277	0	.2620481	.1466749
675.15	0	.5912088	0	.2619129	.1468783
674.15	0	.5911408	0	.2617783	.1470808
673.15	0	.5910732	0	.2616442	.1472825
672.15	0	.591006	0	.2615107	.1474833
671.15	0	.590939	0	.2613777	.1476833
670.15	0	.5908723	0	.2612452	.1478825
669.15	0	.590806	0	.2611132	.1480808
668.15	0	.5907399	0	.2609818	.1482783
667.15	0	.5906742	0	.2608509	.1484749
666.15	0	.5906087	0	.2607205	.1486707
665.15	0	.5905436	0	.2605907	.1488657
664.15	0	.5904788	0	.2604614	.1490598
663.15	0	.5904143	0	.2603326	.1492532
662.15	0	.59035	0	.2602043	.1494457
661.15	0	.5902861	0	.2600765	.1496373
660.15	0	.5902225	0	.2599493	.1498282
659.15	0	.5901592	0	.2598226	.1500182
658.15	0	.5900962	0	.2596964	.1502074
657.15	0	.5900335	0	.2595707	.1503958
656.15	0	.5899711	0	.2594456	.1505834
655.15	0	.5899089	0	.2593209	.1507701
654.15	0	.5898471	0	.2591968	.1509561
653.15	0	.5897856	0	.2590732	.1511412
652.15	0	.5897244	0	.2589501	.1513255
651.15	0	.5896634	0	.2588276	.151509
650.15	0	.5896028	0	.2587055	.1516917
649.15	0	.5895424	0	.258584	.1518736
648.15	0	.5894823	0	.258463	.1520547
647.15	0	.5894226	0	.2583424	.152235
646.15	0	.5893631	0	.2582224	.1524145
645.15	0	.5893039	0	.2581029	.1525932
644.15	0	.589245	0	.2579839	.1527711
643.15	0	.5891863	0	.2578654	.1529482
642.15	0	.589128	0	.2577475	.1531245
641.15	0	.58907	0	.25763	.1533001
640.15	0	.5890122	0	.257513	.1534748
639.15	0	.5889547	0	.2573966	.1536487
638.15	0	.5888975	0	.2572806	.1538219
637.15	0	.5888406	0	.2571651	.1539943
636.15	0	.588784	0	.2570502	.1541659
635.15	0	.5887276	0	.2569357	.1543367
634.15	0	.5886715	0	.2568218	.1545067
633.15	0	.5886157	0	.2567083	.1546759
632.15	0	.5885602	0	.2565954	.1548444
631.15	0	.588505	0	.2564829	.1550121
630.15	0	.58845	0	.2563709	.155179
629.15	0	.5883953	0	.2562595	.1553452
628.15	0	.5883409	0	.2561485	.1555106
627.15	0	.5882868	0	.256038	.1556752
626.15	0	.5882329	0	.255928	.155839
625.15	0	.5881793	0	.2558185	.1560021
624.15	0	.588126	0	.2557095	.1561644
623.15	0	.588073	0	.255601	.156326
622.15	0	.5880202	0	.255493	.1564868
621.15	0	.5879677	0	.2553854	.1566468
620.15	0	.5879155	0	.2552784	.1568061
619.15	0	.5878635	0	.2551718	.1569647
618.15	0	.5878118	0	.2550657	.1571224
617.15	0	.5877604	0	.2549601	.1572795
616.15	0	.5877092	0	.254855	.1574357
615.15	0	.5876583	0	.2547504	.1575913
614.15	0	.5876077	0	.2546463	.157746
613.15	0	.5875573	0	.2545426	.1579001
612.15	0	.5875073	0	.2544394	.1580534
611.15	0	.5874574	0	.2543367	.1582059
610.15	0	.5874078	0	.2542344	.1583577
609.15	0	.5873585	0	.2541327	.1585088
608.15	0	.5873095	0	.2540314	.1586591
607.15	0	.5872607	0	.2539306	.1588088
606.15	0	.5872121	0	.2538302	.1589576
605.15	0	.5871638	0	.2537304	.1591058
604.15	0	.5871158	0	.253631	.1592532
603.15	0	.587068	0	.2535321	.1593999
602.15	0	.5870205	0	.2534336	.1595458
601.15	0	.5869733	0	.2533356	.1596911
600.15	0	.5869263	0	.2532381	.1598356
599.15	0	.5868795	0	.2531411	.1599794
598.15	0	.586833	0	.2530445	.1601225
597.15	0	.5867868	0	.2529484	.1602648
596.15	0	.5867408	0	.2528527	.1604065
595.15	0	.5866951	0	.2527575	.1605474
594.15	0	.5866496	0	.2526628	.1606876
593.15	0	.5866043	0	.2525685	.1608272
592.15	0	.5865594	0	.2524747	.160966
591.15	0	.5865146	0	.2523813	.1611041
590.15	0	.5864701	0	.2522884	.1612415
589.15	0	.5864259	0	.252196	.1613782
588.15	0	.5863819	0	.252104	.1615142
587.15	0	.5863381	0	.2520124	.1616495
586.15	0	.5862946	0	.2519213	.1617841
585.15	0	.5862513	0	.2518307	.161918
584.15	0	.5862083	0	.2517405	.1620512
583.15	0	.5861655	0	.2516508	.1621838
582.15	0	.5861229	0	.2515615	.1623156
581.15	0	.5860806	0	.2514726	.1624468
580.15	0	.5860386	0	.2513842	.1625772
579.15	0	.5859967	0	.2512962	.162707
578.15	0	.5859551	0	.2512087	.1628361
577.15	0	.5859138	0	.2511217	.1629646
576.15	0	.5858727	0	.251035	.1630923
575.15	0	.5858318	0	.2509488	.1632194
574.15	0	.5857911	0	.2508631	.1633458
573.15	0	.5857507	0	.2507778	.1634716
572.15	0	.5857105	0	.2506929	.1635966
571.15	0	.5856706	0	.2506084	.163721
570.15	0	.5856309	0	.2505244	.1638448
569.15	0	.5855914	0	.2504408	.1639678
568.15	0	.5855521	0	.2503576	.1640903
567.15	0	.5855131	0	.2502749	.164212
566.15	0	.5854743	0	.2501926	.1643331
565.15	0	.5854357	0	.2501107	.1644536
564.15	0	.5853974	0	.2500293	.1645734
563.15	0	.5853592	0	.2499483	.1646925
562.15	0	.5853213	0	.2498677	.164811
561.15	0	.5852837	0	.2497875	.1649289
560.15	0	.5852462	0	.2497077	.1650461
559.15	0	.585209	0	.2496284	.1651627
558.15	0	.585172	0	.2495494	.1652786
557.15	0	.5851352	0	.2494709	.1653939
556.15	0	.5850986	0	.2493928	.1655085
555.15	0	.5850623	0	.2493152	.1656226
554.15	0	.5850262	0	.2492379	.165736
553.15	0	.5849903	0	.249161	.1658487
552.15	0	.5849546	0	.2490846	.1659609
551.15	0	.5849191	0	.2490085	.1660724
550.15	0	.5848838	0	.2489329	.1661833
549.15	0	.5848488	0	.2488577	.1662936
548.15	0	.584814	0	.2487828	.1664032
547.15	0	.5847793	0	.2487084	.1665123
546.15	0	.5847449	0	.2486344	.1666207
545.15	0	.5847107	0	.2485607	.1667285
544.15	0	.5846768	0	.2484875	.1668357
543.15	0	.584643	0	.2484147	.1669424
542.15	0	.5846094	0	.2483422	.1670484
541.15	0	.5845761	0	.2482702	.1671537
540.15	0	.5845429	0	.2481985	.1672586
539.15	0	.58451	0	.2481273	.1673628
538.15	0	.5844772	0	.2480564	.1674664
537.15	0	.5844447	0	.2479859	.1675694
536.15	0	.5844124	0	.2479158	.1676718
535.15	0	.5843802	0	.2478461	.1677737
534.15	0	.5843483	0	.2477768	.1678749
533.15	0	.5843166	0	.2477078	.1679756
532.15	0	.584285	0	.2476393	.1680757
531.15	0	.5842537	0	.2475711	.1681752
530.15	0	.5842226	0	.2475033	.1682742
529.15	0	.5841917	0	.2474358	.1683725
528.15	0	.5841609	0	.2473688	.1684703
527.15	0	.5841304	0	.2473021	.1685676
526.15	0	.5841	0	.2472357	.1686642
525.15	0	.5840699	0	.2471698	.1687603
524.15	0	.5840399	0	.2471042	.1688559
523.15	0	.5840102	0	.247039	.1689509
522.15	0	.5839806	0	.2469741	.1690453
521.15	0	.5839512	0	.2469096	.1691392
520.15	0	.583922	0	.2468455	.1692325
519.15	0	.583893	0	.2467817	.1693253
518.15	0	.5838642	0	.2467183	.1694175
517.15	0	.5838356	0	.2466553	.1695092
516.15	0	.5838071	0	.2465926	.1696003
515.15	0	.5837789	0	.2465302	.1696909
514.15	0	.5837508	0	.2464682	.169781
513.15	0	.5837229	0	.2464066	.1698705
512.15	0	.5836952	0	.2463453	.1699595
511.15	0	.5836677	0	.2462843	.170048
510.15	0	.5836403	0	.2462237	.170136
509.15	0	.5836132	0	.2461635	.1702234
508.15	0	.5835862	0	.2461035	.1703103
507.15	0	.5835594	0	.2460439	.1703967
506.15	0	.5835327	0	.2459847	.1704826
505.15	0	.5835063	0	.2459258	.170568
504.15	0	.58348	0	.2458672	.1706528
503.15	0	.5834539	0	.245809	.1707372
502.15	0	.5834279	0	.2457511	.170821
501.15	0	.5834022	0	.2456935	.1709044
500.15	0	.5833766	0	.2456362	.1709872
499.15	0	.5833512	0	.2455793	.1710695
498.15	0	.5833259	0	.2455227	.1711514
497.15	0	.5833008	0	.2454664	.1712328
496.15	0	.5832759	0	.2454104	.1713136
495.15	0	.5832512	0	.2453548	.171394
494.15	0	.5832266	0	.2452995	.1714739
493.15	0	.5832022	0	.2452445	.1715534
492.15	0	.5831779	0	.2451898	.1716323
491.15	0	.5831538	0	.2451354	.1717108
490.15	0	.5831299	0	.2450813	.1717888
489.15	0	.5831061	0	.2450276	.1718663
488.15	0	.5830825	0	.2449741	.1719434
487.15	0	.5830591	0	.2449209	.17202
486.15	0	.5830358	0	.2448681	.1720961
485.15	0	.5830127	0	.2448155	.1721718
484.15	0	.5829897	0	.2447633	.172247
483.15	0	.5829669	0	.2447113	.1723218
482.15	0	.5829442	0	.2446597	.1723961
481.15	0	.5829217	0	.2446083	.17247
480.15	0	.5828994	0	.2445572	.1725434
479.15	0	.5828772	0	.2445065	.1726164
478.15	0	.5828551	0	.244456	.1726889
477.15	0	.5828332	0	.2444058	.172761
476.15	0	.5828115	0	.2443558	.1728327
475.15	0	.5827899	0	.2443062	.172904
474.15	0	.5827684	0	.2442568	.1729748
473.15	0	.5827471	0	.2442078	.1730452
472.15	0	.5827259	0	.2441589	.1731151
471.15	0	.5827049	0	.2441104	.1731847
470.15	0	.582684	0	.2440622	.1732538
469.15	0	.5826633	0	.2440142	.1733226
468.15	0	.5826427	0	.2439665	.1733909
467.15	0	.5826222	0	.243919	.1734588
466.15	0	.5826019	0	.2438719	.1735263
465.15	0	.5825817	0	.2438249	.1735934
464.15	0	.5825617	0	.2437783	.17366
463.15	0	.5825418	0	.2437319	.1737263
462.15	0	.582522	0	.2436858	.1737922
461.15	0	.5825024	0	.2436399	.1738578
460.15	0	.5824829	0	.2435943	.1739229
459.15	0	.5824635	0	.2435489	.1739876
458.15	0	.5824443	0	.2435038	.174052
457.15	0	.5824252	0	.2434589	.1741159
456.15	0	.5824062	0	.2434143	.1741795
455.15	0	.5823873	0	.2433699	.1742428
454.15	0	.5823686	0	.2433258	.1743056
453.15	0	.58235	0	.2432819	.1743681
452.15	0	.5823316	0	.2432382	.1744302
451.15	0	.5823132	0	.2431948	.174492
450.15	0	.582295	0	.2431516	.1745534
449.15	0	.5822769	0	.2431087	.1746144
448.15	0	.582259	0	.243066	.1746751
447.15	0	.5822411	0	.2430235	.1747354
446.15	0	.5822234	0	.2429813	.1747954
445.15	0	.5822058	0	.2429393	.174855
444.15	0	.5821883	0	.2428975	.1749143
443.15	0	.5821709	0	.2428559	.1749732
442.15	0	.5821537	0	.2428146	.1750318
441.15	0	.5821365	0	.2427735	.17509
440.15	0	.5821195	0	.2427326	.1751479
439.15	0	.5821026	0	.2426919	.1752055
438.15	0	.5820858	0	.2426514	.1752628
437.15	0	.5820692	0	.2426112	.1753197
436.15	0	.5820526	0	.2425712	.1753763
435.15	0	.5820361	0	.2425313	.1754325
434.15	0	.5820198	0	.2424917	.1754885
433.15	0	.5820036	0	.2424523	.1755441
432.15	0	.5819875	0	.2424132	.1755994
431.15	0	.5819715	0	.2423742	.1756544
430.15	0	.5819555	0	.2423354	.1757091
429.15	0	.5819398	0	.2422968	.1757634
428.15	0	.5819241	0	.2422584	.1758175
427.15	0	.5819085	0	.2422203	.1758713
426.15	0	.581893	0	.2421823	.1759247
425.15	0	.5818776	0	.2421445	.1759779
424.15	0	.5818623	0	.2421069	.1760308
