T	 BPW(LIQUID)	BPW(BCC_A2)	BPW(FCC_A1)	BPW(LAVES_PHASE_C14)	BPW(NI3TI)
1473.15	.6372685	.220267	0	.1424645	0
1472.15	.6294114	.2255539	0	.1450347	0
1471.15	.6216934	.2307448	0	.1475618	0
1470.15	.6141108	.2358422	0	.150047	0
1469.15	.6066602	.2408484	0	.1524914	0
1468.15	.5993382	.2457658	0	.154896	0
1467.15	.5921416	.2505965	0	.1572619	0
1466.15	.5850673	.2553428	0	.15959	0
1465.15	.5781121	.2600066	0	.1618813	0
1464.15	.5712733	.2645899	0	.1641368	0
1463.15	.564548	.2690948	0	.1663572	0
1462.15	.5579333	.2735231	0	.1685436	0
1461.15	.5514267	.2778766	0	.1706967	0
1460.15	.5450256	.2821571	0	.1728173	0
1459.15	.5387275	.2863662	0	.1749063	0
1458.15	.5325299	.2905058	0	.1769643	0
1457.15	.5264306	.2945772	0	.1789922	0
1456.15	.5204271	.2985823	0	.1809906	0
1455.15	.5145175	.3025223	0	.1829603	0
1454.15	.5086994	.3063988	0	.1849018	0
1453.15	.5029708	.3102133	0	.1868159	0
1452.15	.4973297	.3139671	0	.1887032	0
1451.15	.4917742	.3176615	0	.1905643	0
1450.15	.4863024	.3212978	0	.1923998	0
1449.15	.4809123	.3248774	0	.1942103	0
1448.15	.4756023	.3284014	0	.1959963	0
1447.15	.4703705	.3318711	0	.1977584	0
1446.15	.4652154	.3352876	0	.1994971	0
1445.15	.4601351	.338652	0	.2012129	0
1444.15	.4551283	.3419654	0	.2029063	0
1443.15	.4501932	.345229	0	.2045778	0
1442.15	.4453284	.3484436	0	.206228	0
1441.15	.4405324	.3516104	0	.2078571	0
1440.15	.4358039	.3547304	0	.2094658	0
1439.15	.4311413	.3578044	0	.2110543	0
1438.15	.4265433	.3608335	0	.2126232	0
1437.15	.4220087	.3638185	0	.2141729	0
1436.15	.4175361	.3667602	0	.2157036	0
1435.15	.4131243	.3696597	0	.217216	0
1434.15	.4087721	.3725177	0	.2187102	0
1433.15	.4044783	.3753349	0	.2201867	0
1432.15	.4002418	.3781123	0	.2216459	0
1431.15	.3960613	.3808506	0	.2230881	0
1430.15	.3919359	.3835506	0	.2245135	0
1429.15	.3878644	.3862129	0	.2259227	0
1428.15	.3838458	.3888383	0	.2273158	0
1427.15	.3798792	.3914276	0	.2286932	0
1426.15	.3759634	.3939813	0	.2300553	0
1425.15	.3720976	.3965002	0	.2314022	0
1424.285	.3687917	.3986524	0	.2325559	0
1424.285	.3687917	.3986524	0	.2325559	0
1424.285	.3687917	.3986524	0	.2325559	0
1424.15	.3672116	.3975627	.002196411	.2330293	0
1423.15	.3555588	.3895809	.01835394	.2365065	0
1422.15	.3440568	.3817968	.03423226	.2399141	0
1421.15	.3327013	.3742053	.04983909	.2432543	0
1420.15	.321488	.3668015	.06518184	.2465287	0
1419.15	.3104126	.3595805	.08026767	.2497392	0
1418.15	.2994712	.3525377	.0951035	.2528876	0
1417.15	.2886599	.3456687	.109696	.2559755	0
1416.15	.2779749	.3389691	.1240516	.2590045	0
1415.15	.2674126	.3324347	.1381765	.2619762	0
1414.15	.2569695	.3260616	.1520768	.2648921	0
1413.15	.2466423	.319846	.1657581	.2677536	0
1412.15	.2364275	.313784	.1792262	.2705623	0
1411.15	.2263221	.3078721	.1924865	.2733193	0
1410.15	.216323	.3021067	.2055442	.2760261	0
1409.15	.2064272	.2964845	.2184044	.2786839	0
1408.15	.1966318	.2910023	.2310719	.281294	0
1407.15	.1869339	.2856569	.2435516	.2838575	0
1406.15	.177331	.2804453	.2558481	.2863757	0
1405.15	.1678203	.2753644	.2679657	.2888496	0
1404.15	.1583993	.2704116	.2799089	.2912802	0
1403.15	.1490656	.2655839	.2916817	.2936688	0
1402.15	.1398167	.2608788	.3032883	.2960162	0
1401.15	.1306503	.2562936	.3147326	.2983236	0
1400.15	.1215641	.2518259	.3260183	.3005917	0
1399.15	.1125559	.2474732	.3371492	.3028216	0
1398.15	.1036237	.2432332	.3481289	.3050142	0
1397.15	.09476531	.2391036	.3589608	.3071703	0
1396.15	.08597875	.2350822	.3696482	.3092908	0
1395.15	.07726205	.2311669	.3801946	.3113765	0
1394.15	.06861332	.2273555	.390603	.3134282	0
1393.15	.06003071	.2236461	.4008765	.3154467	0
1392.15	.05151243	.2200367	.4110182	.3174327	0
1391.15	.04305672	.2165254	.4210309	.319387	0
1390.15	.03466189	.2131104	.4309174	.3213103	0
1389.15	.02632629	.2097898	.4406806	.3232033	0
1388.15	.01804829	.2065621	.4503231	.3250666	0
1387.15	.009826342	.2034253	.4598475	.3269008	0
1386.15	.001658917	.2003781	.4692563	.3287067	0
1385.946	0	.1997675	.4711609	.3290716	0
1385.946	0	.1997675	.4711609	.3290716	0
1385.15	0	.1984606	.4721785	.3293609	0
1384.15	0	.1968226	.4734541	.3297233	0
1383.15	0	.1951888	.4747266	.3300846	0
1382.15	0	.1935592	.4759962	.3304446	0
1381.15	0	.1919337	.4772628	.3308035	0
1380.15	0	.1903124	.4785264	.3311613	0
1379.15	0	.1886951	.479787	.3315179	0
1378.15	0	.187082	.4810447	.3318733	0
1377.15	0	.1854729	.4822995	.3322276	0
1376.15	0	.183868	.4835512	.3325808	0
1375.15	0	.1822671	.4848001	.3329328	0
1374.15	0	.1806702	.486046	.3332838	0
1373.15	0	.1790774	.487289	.3336336	0
1372.15	0	.1774886	.4885291	.3339823	0
1371.15	0	.1759038	.4897663	.3343299	0
1370.15	0	.1743231	.4910006	.3346764	0
1369.15	0	.1727463	.492232	.3350217	0
1368.15	0	.1711735	.4934605	.3353661	0
1367.15	0	.1696046	.4946861	.3357093	0
1366.15	0	.1680398	.4959088	.3360514	0
1365.15	0	.1664788	.4971287	.3363925	0
1364.15	0	.1649218	.4983457	.3367325	0
1363.15	0	.1633687	.4995598	.3370715	0
1362.15	0	.1618195	.5007711	.3374094	0
1361.15	0	.1602743	.5019795	.3377462	0
1360.15	0	.1587329	.5031851	.338082	0
1359.15	0	.1571953	.5043879	.3384168	0
1358.15	0	.1556617	.5055878	.3387505	0
1357.15	0	.1541319	.5067849	.3390832	0
1356.15	0	.1526059	.5079792	.3394149	0
1355.15	0	.1510838	.5091707	.3397455	0
1354.15	0	.1495655	.5103594	.3400752	0
1353.15	0	.148051	.5115452	.3404038	0
1352.15	0	.1465403	.5127283	.3407315	0
1351.15	0	.1450333	.5139086	.3410581	0
1350.15	0	.1435302	.5150861	.3413837	0
1349.15	0	.1420309	.5162608	.3417084	0
1348.15	0	.1405353	.5174327	.3420321	0
1347.15	0	.1390434	.5186019	.3423547	0
1346.15	0	.1375553	.5197682	.3426765	0
1345.15	0	.1360709	.5209319	.3429972	0
1344.15	0	.1345903	.5220927	.343317	0
1343.15	0	.1331133	.5232509	.3436358	0
1342.15	0	.1316401	.5244062	.3439537	0
1341.15	0	.1301705	.5255588	.3442706	0
1340.15	0	.1287047	.5267087	.3445866	0
1339.15	0	.1272425	.5278559	.3449017	0
1338.15	0	.125784	.5290003	.3452158	0
1337.15	0	.1243291	.5301419	.345529	0
1336.15	0	.1228779	.5312809	.3458412	0
1335.15	0	.1214303	.5324171	.3461525	0
1334.15	0	.1199864	.5335507	.346463	0
1333.15	0	.1185461	.5346815	.3467725	0
1332.15	0	.1171094	.5358096	.3470811	0
1331.15	0	.1156763	.536935	.3473888	0
1330.15	0	.1142468	.5380577	.3476956	0
1329.15	0	.1128209	.5391776	.3480015	0
1328.15	0	.1113986	.540295	.3483065	0
1327.15	0	.1099798	.5414096	.3486106	0
1326.15	0	.1085646	.5425215	.3489139	0
1325.15	0	.107153	.5436307	.3492163	0
1324.15	0	.105745	.5447373	.3495178	0
1323.15	0	.1043405	.5458411	.3498184	0
1322.15	0	.1029395	.5469423	.3501182	0
1321.15	0	.1015421	.5480409	.3504171	0
1320.15	0	.1001481	.5491367	.3507152	0
1319.15	0	.09875775	.5502299	.3510124	0
1318.15	0	.09737086	.5513204	.3513087	0
1317.15	0	.09598748	.5524083	.3516043	0
1316.15	0	.09460759	.5534934	.351899	0
1315.15	0	.0932312	.554576	.3521928	0
1314.15	0	.09185829	.5556559	.3524859	0
1313.15	0	.09048886	.5567331	.3527781	0
1312.15	0	.0891229	.5578077	.3530694	0
1311.15	0	.08776041	.5588796	.35336	0
1310.15	0	.08640138	.5599488	.3536498	0
1309.15	0	.08504581	.5610155	.3539387	0
1308.15	0	.08369368	.5620795	.3542269	0
1307.15	0	.082345	.5631408	.3545142	0
1306.15	0	.08099975	.5641995	.3548007	0
1305.15	0	.07965794	.5652556	.3550865	0
1304.15	0	.07831955	.566309	.3553715	0
1303.15	0	.07698459	.5673598	.3556556	0
1302.15	0	.07565304	.5684079	.355939	0
1301.15	0	.0743249	.5694534	.3562217	0
1300.15	0	.07300017	.5704963	.3565035	0
1299.15	0	.07167884	.5715366	.3567846	0
1298.15	0	.07036091	.5725742	.3570649	0
1297.15	0	.06904637	.5736092	.3573445	0
1296.15	0	.06773522	.5746415	.3576233	0
1295.15	0	.06642746	.5756712	.3579013	0
1294.15	0	.06512307	.5766984	.3581786	0
1293.15	0	.06382206	.5777228	.3584551	0
1292.15	0	.06252442	.5787446	.3587309	0
1291.15	0	.06123015	.5797639	.359006	0
1290.15	0	.05993925	.5807804	.3592803	0
1289.15	0	.0586517	.5817944	.3595539	0
1288.15	0	.05736751	.5828057	.3598268	0
1287.15	0	.05608667	.5838144	.3600989	0
1286.15	0	.05480918	.5848205	.3603703	0
1285.15	0	.05353504	.5858239	.360641	0
1284.15	0	.05226425	.5868247	.360911	0
1283.15	0	.05099679	.5878229	.3611803	0
1282.15	0	.04973267	.5888185	.3614489	0
1281.15	0	.04847189	.5898114	.3617167	0
1280.15	0	.04721444	.5908017	.3619839	0
1279.15	0	.04596032	.5917893	.3622504	0
1278.15	0	.04470953	.5927743	.3625161	0
1277.15	0	.04346206	.5937567	.3627812	0
1276.15	0	.04221792	.5947365	.3630456	0
1275.15	0	.04097709	.5957136	.3633093	0
1274.15	0	.03973959	.596688	.3635724	0
1273.15	0	.0385054	.5976599	.3638347	0
1272.15	0	.03727453	.598629	.3640964	0
1271.15	0	.03604698	.5995956	.3643574	0
1270.15	0	.03482273	.6005595	.3646178	0
1269.15	0	.0336018	.6015207	.3648775	0
1268.15	0	.03238418	.6024793	.3651365	0
1267.15	0	.03116987	.6034353	.3653949	0
1266.15	0	.02995887	.6043886	.3656526	0
1265.15	0	.02875117	.6053392	.3659097	0
1264.15	0	.02754678	.6062871	.3661661	0
1263.15	0	.0263457	.6072325	.3664219	0
1262.15	0	.02514793	.6081751	.366677	0
1261.15	0	.02395346	.6091151	.3669315	0
1260.15	0	.02276229	.6100524	.3671853	0
1259.15	0	.02157444	.610987	.3674386	0
1258.15	0	.02038989	.6119189	.3676912	0
1257.15	0	.01920864	.6128482	.3679431	0
1256.15	0	.01803071	.6137748	.3681945	0
1255.15	0	.01685608	.6146987	.3684452	0
1254.15	0	.01568475	.6156199	.3686954	0
1253.15	0	.01451674	.6165384	.3689449	0
1252.15	0	.01335204	.6174542	.3691938	0
1251.15	0	.01219065	.6183673	.3694421	0
1250.15	0	.01103257	.6192777	.3696897	0
1249.15	0	.009877803	.6201854	.3699368	0
1248.15	0	.008726354	.6210903	.3701833	0
1247.15	0	.007578222	.6219926	.3704292	0
1246.15	0	.006433409	.6228921	.3706745	0
1245.15	0	.005291917	.6237889	.3709192	0
1244.15	0	.004153749	.6246829	.3711633	0
1243.15	0	.003018906	.6255742	.3714069	0
1242.15	0	.001887392	.6264628	.3716498	0
1241.15	0	7.592081E-04	.6273486	.3718922	0
1240.475	0	0	.6279446	.3720554	0
1240.475	0	0	.6279446	.3720554	0
1240.15	0	0	.6278758	.3721242	0
1239.15	0	0	.6276646	.3723354	0
1238.15	0	0	.6274537	.3725463	0
1237.15	0	0	.6272431	.3727569	0
1236.15	0	0	.6270329	.3729671	0
1235.15	0	0	.626823	.3731771	0
1234.15	0	0	.6266133	.3733867	0
1233.15	0	0	.626404	.373596	0
1232.15	0	0	.626195	.373805	0
1231.15	0	0	.6259863	.3740137	0
1230.15	0	0	.6257779	.3742221	0
1229.15	0	0	.6255698	.3744302	0
1228.15	0	0	.625362	.374638	0
1227.15	0	0	.6251546	.3748454	0
1226.15	0	0	.6249474	.3750526	0
1225.15	0	0	.6247406	.3752594	0
1224.15	0	0	.624534	.375466	0
1223.15	0	0	.6243278	.3756722	0
1222.15	0	0	.6241218	.3758782	0
1221.15	0	0	.6239162	.3760838	0
1220.15	0	0	.6237109	.3762891	0
1219.15	0	0	.6235058	.3764942	0
1218.15	0	0	.6233011	.3766989	0
1217.15	0	0	.6230967	.3769033	0
1216.15	0	0	.6228926	.3771074	0
1215.15	0	0	.6226887	.3773113	0
1214.15	0	0	.6224852	.3775148	0
1213.15	0	0	.622282	.377718	0
1212.15	0	0	.622079	.377921	0
1211.15	0	0	.6218764	.3781236	0
1210.15	0	0	.6216741	.378326	0
1209.15	0	0	.621472	.378528	0
1208.15	0	0	.6212703	.3787297	0
1207.15	0	0	.6210688	.3789312	0
1206.15	0	0	.6208676	.3791324	0
1205.15	0	0	.6206668	.3793332	0
1204.15	0	0	.6204662	.3795338	0
1203.15	0	0	.6202659	.3797341	0
1202.15	0	0	.6200659	.3799341	0
1201.15	0	0	.6198662	.3801338	0
1200.15	0	0	.6196668	.3803332	0
1199.15	0	0	.6194676	.3805324	0
1198.15	0	0	.6192688	.3807312	0
1197.15	0	0	.6190702	.3809298	0
1196.15	0	0	.618872	.381128	0
1195.15	0	0	.618674	.381326	0
1194.15	0	0	.6184763	.3815237	0
1193.15	0	0	.6182789	.3817211	0
1192.15	0	0	.6180818	.3819182	0
1191.15	0	0	.6178849	.3821151	0
1190.15	0	0	.6176884	.3823116	0
1189.15	0	0	.6174921	.3825079	0
1188.15	0	0	.6172961	.3827039	0
1187.15	0	0	.6171004	.3828996	0
1186.15	0	0	.6169049	.3830951	0
1185.15	0	0	.6167098	.3832902	0
1184.15	0	0	.6165149	.3834851	0
1183.15	0	0	.6163203	.3836797	0
1182.15	0	0	.616126	.383874	0
1181.15	0	0	.615932	.384068	0
1180.15	0	0	.6157382	.3842618	0
1179.15	0	0	.6155447	.3844553	0
1178.15	0	0	.6153515	.3846485	0
1177.15	0	0	.6151586	.3848414	0
1176.15	0	0	.6149659	.3850341	0
1175.15	0	0	.6147735	.3852265	0
1174.15	0	0	.6145814	.3854186	0
1173.15	0	0	.6143896	.3856104	0
1172.15	0	0	.614198	.385802	0
1171.15	0	0	.6140067	.3859933	0
1170.15	0	0	.6138157	.3861843	0
1169.15	0	0	.6136249	.3863751	0
1168.15	0	0	.6134345	.3865656	0
1167.15	0	0	.6132442	.3867558	0
1166.15	0	0	.6130543	.3869457	0
1165.15	0	0	.6128646	.3871354	0
1164.15	0	0	.6126752	.3873248	0
1163.15	0	0	.6124861	.3875139	0
1162.15	0	0	.6122972	.3877028	0
1161.15	0	0	.6121086	.3878914	0
1160.15	0	0	.6119202	.3880798	0
1159.15	0	0	.6117322	.3882679	0
1158.15	0	0	.6115443	.3884557	0
1157.15	0	0	.6113568	.3886432	0
1156.15	0	0	.6111695	.3888305	0
1155.15	0	0	.6109825	.3890175	0
1154.15	0	0	.6107957	.3892043	0
1153.15	0	0	.6106092	.3893908	0
1152.15	0	0	.610423	.389577	0
1151.15	0	0	.610237	.389763	0
1150.15	0	0	.6100513	.3899487	0
1149.15	0	0	.6098658	.3901342	0
1148.15	0	0	.6096806	.3903194	0
1147.15	0	0	.6094957	.3905043	0
1146.15	0	0	.609311	.390689	0
1145.15	0	0	.6091266	.3908734	0
1144.15	0	0	.6089424	.3910576	0
1143.15	0	0	.6087585	.3912415	0
1142.15	0	0	.6085748	.3914252	0
1141.15	0	0	.6083914	.3916086	0
1140.15	0	0	.6082083	.3917917	0
1139.15	0	0	.6080254	.3919746	0
1138.15	0	0	.6078427	.3921573	0
1137.15	0	0	.6076603	.3923397	0
1136.15	0	0	.6074782	.3925218	0
1135.15	0	0	.6072963	.3927037	0
1134.15	0	0	.6071147	.3928853	0
1133.15	0	0	.6069333	.3930667	0
1132.15	0	0	.6067522	.3932478	0
1131.15	0	0	.6065713	.3934287	0
1130.15	0	0	.6063907	.3936093	0
1129.15	0	0	.6062103	.3937897	0
1128.15	0	0	.6060302	.3939698	0
1127.15	0	0	.6058503	.3941497	0
1126.15	0	0	.6056706	.3943294	0
1125.15	0	0	.6054913	.3945087	0
1124.15	0	0	.6053121	.3946879	0
1123.15	0	0	.6051332	.3948668	0
1122.15	0	0	.6049546	.3950454	0
1121.15	0	0	.6047762	.3952238	0
1120.15	0	0	.604598	.395402	0
1119.15	0	0	.6044201	.3955799	0
1118.15	0	0	.6042424	.3957576	0
1117.15	0	0	.604065	.395935	0
1116.15	0	0	.6038878	.3961122	0
1115.15	0	0	.6037109	.3962891	0
1114.15	0	0	.6035342	.3964658	0
1113.15	0	0	.6033577	.3966423	0
1112.15	0	0	.6031815	.3968185	0
1111.15	0	0	.6030055	.3969945	0
1110.15	0	0	.6028298	.3971702	0
1109.15	0	0	.6026543	.3973457	0
1108.15	0	0	.602479	.397521	0
1107.15	0	0	.602304	.397696	0
1106.15	0	0	.6021292	.3978708	0
1105.15	0	0	.6019547	.3980453	0
1104.15	0	0	.6017804	.3982196	0
1103.15	0	0	.6016063	.3983937	0
1102.15	0	0	.6014325	.3985675	0
1101.15	0	0	.6012589	.3987411	0
1100.15	0	0	.6010855	.3989145	0
1099.15	0	0	.6009124	.3990876	0
1098.15	0	0	.6007395	.3992605	0
1097.15	0	0	.6005668	.3994332	0
1096.15	0	0	.6003944	.3996056	0
1095.15	0	0	.6002222	.3997778	0
1094.15	0	0	.6000503	.3999497	0
1093.15	0	0	.5998785	.4001215	0
1092.15	0	0	.599707	.400293	0
1091.15	0	0	.5995358	.4004642	0
1090.15	0	0	.5993647	.4006353	0
1089.15	0	0	.5991939	.4008061	0
1088.15	0	0	.5990234	.4009766	0
1087.15	0	0	.598853	.401147	0
1086.15	0	0	.5986829	.4013171	0
1085.15	0	0	.598513	.401487	0
1084.15	0	0	.5983434	.4016566	0
1083.15	0	0	.598174	.401826	0
1082.15	0	0	.5980048	.4019952	0
1081.15	0	0	.5978358	.4021642	0
1080.15	0	0	.5976671	.4023329	0
1079.15	0	0	.5974985	.4025015	0
1078.15	0	0	.5973303	.4026697	0
1077.15	0	0	.5971622	.4028378	0
1076.15	0	0	.5969944	.4030056	0
1075.15	0	0	.5968268	.4031732	0
1074.15	0	0	.5966594	.4033406	0
1073.15	0	0	.5964922	.4035078	0
1072.15	0	0	.5963253	.4036747	0
1071.15	0	0	.5961586	.4038414	0
1070.15	0	0	.5959921	.4040079	0
1069.15	0	0	.5958258	.4041742	0
1068.15	0	0	.5956598	.4043403	0
1067.15	0	0	.5954939	.4045061	0
1066.15	0	0	.5953283	.4046717	0
1065.15	0	0	.5951629	.4048371	0
1064.15	0	0	.5949978	.4050022	0
1063.15	0	0	.5948328	.4051672	0
1062.15	0	0	.5946681	.4053319	0
1061.15	0	0	.5945036	.4054964	0
1060.15	0	0	.5943394	.4056607	0
1059.15	0	0	.5941753	.4058247	0
1058.15	0	0	.5940114	.4059886	0
1057.15	0	0	.5938478	.4061522	0
1056.15	0	0	.5936844	.4063156	0
1055.15	0	0	.5935212	.4064788	0
1054.15	0	0	.5933582	.4066418	0
1053.15	0	0	.5931955	.4068045	0
1052.15	0	0	.593033	.406967	0
1051.15	0	0	.5928706	.4071294	0
1050.15	0	0	.5927085	.4072915	0
1049.15	0	0	.5925466	.4074534	0
1048.15	0	0	.592385	.407615	0
1047.15	0	0	.5922235	.4077765	0
1046.15	0	0	.5920623	.4079377	0
1045.15	0	0	.5919012	.4080988	0
1044.15	0	0	.5917404	.4082596	0
1043.15	0	0	.5915798	.4084202	0
1042.15	0	0	.5914194	.4085806	0
1041.15	0	0	.5912592	.4087408	0
1040.15	0	0	.5910993	.4089007	0
1039.15	0	0	.5909395	.4090605	0
1038.15	0	0	.59078	.40922	0
1037.15	0	0	.5906206	.4093794	0
1036.15	0	0	.5904615	.4095385	0
1035.15	0	0	.5903026	.4096974	0
1034.15	0	0	.5901439	.4098561	0
1033.15	0	0	.5899854	.4100146	0
1032.15	0	0	.5898271	.4101729	0
1031.15	0	0	.5896691	.4103309	0
1030.15	0	0	.5895112	.4104888	0
1029.15	0	0	.5893536	.4106464	0
1028.15	0	0	.5891961	.4108039	0
1027.15	0	0	.5890389	.4109611	0
1026.15	0	0	.5888819	.4111181	0
1025.15	0	0	.5887251	.4112749	0
1024.15	0	0	.5885684	.4114316	0
1023.15	0	0	.588412	.411588	0
1022.15	0	0	.5882558	.4117442	0
1021.15	0	0	.5880999	.4119002	0
1020.15	0	0	.5879441	.4120559	0
1019.15	0	0	.5877885	.4122115	0
1018.15	0	0	.5876331	.4123669	0
1017.15	0	0	.587478	.4125221	0
1016.15	0	0	.587323	.412677	0
1015.15	0	0	.5871682	.4128318	0
1014.15	0	0	.5870137	.4129863	0
1013.15	0	0	.5868593	.4131407	0
1012.15	0	0	.5867052	.4132948	0
1011.15	0	0	.5865513	.4134487	0
1010.15	0	0	.5863975	.4136025	0
1009.15	0	0	.586244	.413756	0
1008.15	0	0	.5860906	.4139094	0
1007.15	0	0	.5859375	.4140625	0
1006.15	0	0	.5857846	.4142154	0
1005.15	0	0	.5856319	.4143681	0
1004.15	0	0	.5854793	.4145207	0
1003.15	0	0	.585327	.414673	0
1002.15	0	0	.5851749	.4148251	0
1001.15	0	0	.585023	.414977	0
1000.15	0	0	.5848713	.4151287	0
999.15	0	0	.5847197	.4152803	0
998.15	0	0	.5845684	.4154316	0
997.15	0	0	.5844173	.4155827	0
996.15	0	0	.5842664	.4157336	0
995.15	0	0	.5841157	.4158843	0
994.15	0	0	.5839652	.4160348	0
993.15	0	0	.5838148	.4161852	0
992.15	0	0	.5836647	.4163353	0
991.15	0	0	.5835148	.4164852	0
990.15	0	0	.5833651	.4166349	0
989.15	0	0	.5832155	.4167845	0
988.15	0	0	.5830662	.4169338	0
987.15	0	0	.5829171	.4170829	0
986.15	0	0	.5827681	.4172319	0
985.15	0	0	.5826194	.4173806	0
984.15	0	0	.5824709	.4175291	0
983.15	0	0	.5823225	.4176775	0
982.15	0	0	.5821744	.4178256	0
981.15	0	0	.5820264	.4179736	0
980.15	0	0	.5818787	.4181213	0
979.15	0	0	.5817311	.4182689	0
978.15	0	0	.5815837	.4184163	0
977.15	0	0	.5814366	.4185634	0
976.15	0	0	.5812896	.4187104	0
975.15	0	0	.5811428	.4188572	0
974.15	0	0	.5809962	.4190038	0
973.15	0	0	.5808499	.4191501	0
972.15	0	0	.5807037	.4192963	0
971.15	0	0	.5805577	.4194423	0
970.15	0	0	.5804119	.4195881	0
969.15	0	0	.5802663	.4197338	0
968.15	0	0	.5801208	.4198792	0
967.15	0	0	.5799756	.4200244	0
966.15	0	0	.5798306	.4201694	0
965.15	0	0	.5796857	.4203143	0
964.15	0	0	.5795411	.4204589	0
963.15	0	0	.5793966	.4206034	0
962.15	0	0	.5792524	.4207476	0
961.15	0	0	.5791083	.4208917	0
960.15	0	0	.5789644	.4210356	0
959.15	0	0	.5788207	.4211793	0
958.15	0	0	.5786772	.4213228	0
957.15	0	0	.5785339	.4214661	0
956.15	0	0	.5783908	.4216092	0
955.15	0	0	.5782479	.4217521	0
954.15	0	0	.5781052	.4218948	0
953.15	0	0	.5779626	.4220374	0
952.15	0	0	.5778203	.4221797	0
951.15	0	0	.5776781	.4223219	0
950.15	0	0	.5775362	.4224638	0
949.15	0	0	.5773944	.4226056	0
948.15	0	0	.5772528	.4227472	0
947.15	0	0	.5771114	.4228886	0
946.15	0	0	.5769702	.4230298	0
945.15	0	0	.5768292	.4231708	0
944.15	0	0	.5766884	.4233116	0
943.15	0	0	.5765477	.4234523	0
942.15	0	0	.5764073	.4235927	0
941.15	0	0	.576267	.423733	0
940.15	0	0	.5761269	.4238731	0
939.15	0	0	.5759871	.4240129	0
938.15	0	0	.5758474	.4241526	0
937.15	0	0	.5757079	.4242921	0
936.15	0	0	.5755685	.4244315	0
935.15	0	0	.5754294	.4245706	0
934.15	0	0	.5752905	.4247095	0
933.15	0	0	.5751517	.4248483	0
932.15	0	0	.5750132	.4249869	0
931.15	0	0	.5748748	.4251252	0
930.15	0	0	.5747366	.4252634	0
929.15	0	0	.5745986	.4254014	0
928.15	0	0	.5744608	.4255392	0
927.15	0	0	.5743231	.4256769	0
926.15	0	0	.5741857	.4258143	0
925.15	0	0	.5740484	.4259516	0
924.15	0	0	.5739114	.4260886	0
923.15	0	0	.5737745	.4262255	0
922.15	0	0	.5736378	.4263622	0
921.1677	0	0	.5735037	.4264963	0
921.1677	0	0	.5735037	.4264963	0
921.1677	0	0	.5735037	.4264963	0
921.15	0	4.458631E-05	.5734582	.4264972	0
920.15	0	.002578684	.5708714	.42655	0
919.15	0	.005133377	.5682661	.4266005	0
918.15	0	.007706858	.5656442	.426649	0
917.15	0	.01029741	.5630072	.4266954	0
916.15	0	.0129034	.5603569	.4267397	0
915.15	0	.01552328	.5576948	.426782	0
914.15	0	.01815556	.5550222	.4268222	0
913.15	0	.02079883	.5523406	.4268605	0
912.15	0	.02345175	.5496514	.4268969	0
911.15	0	.02611304	.5469557	.4269312	0
910.15	0	.02878145	.5442548	.4269637	0
909.15	0	.03145582	.5415499	.4269943	0
908.15	0	.03413503	.538842	.4270229	0
907.15	0	.03681798	.5361323	.4270497	0
906.15	0	.03950366	.5334217	.4270747	0
905.15	0	.04219106	.5307112	.4270978	0
904.15	0	.04487924	.5280017	.4271191	0
903.15	0	.04756729	.5252941	.4271386	0
902.15	0	.05025434	.5225894	.4271563	0
901.15	0	.05293953	.5198882	.4271722	0
900.15	0	.05562207	.5171915	.4271864	0
899.15	0	.05830118	.5145	.4271989	0
898.15	0	.06097612	.5118143	.4272096	0
897.15	0	.06364616	.5091352	.4272186	0
896.15	0	.06631061	.5064635	.4272259	0
895.15	0	.06896882	.5037996	.4272316	0
894.15	0	.07162015	.5011443	.4272356	0
893.15	0	.07426398	.4984981	.4272379	0
892.15	0	.07689972	.4958617	.4272386	0
891.15	0	.0795268	.4932355	.4272377	0
890.15	0	.08214469	.4906201	.4272352	0
889.15	0	.08475284	.488016	.4272311	0
888.15	0	.08735076	.4854238	.4272255	0
887.15	0	.08993796	.4828438	.4272182	0
886.15	0	.09251398	.4802765	.4272095	0
885.15	0	.09507836	.4777224	.4271993	0
884.15	0	.09763067	.4751818	.4271875	0
883.15	0	.1001705	.4726552	.4271743	0
882.15	0	.1026975	.470143	.4271596	0
881.15	0	.1052112	.4676454	.4271434	0
880.15	0	.1077112	.4651629	.4271259	0
879.15	0	.1101973	.4626958	.4271069	0
878.15	0	.1126691	.4602443	.4270865	0
877.15	0	.1151263	.4578089	.4270647	0
876.15	0	.1175686	.4553898	.4270416	0
875.15	0	.1199956	.4529872	.4270172	0
874.15	0	.1224072	.4506014	.4269914	0
873.15	0	.1248029	.4482327	.4269644	0
872.15	0	.1271827	.4458813	.426936	0
871.15	0	.1295462	.4435474	.4269064	0
870.15	0	.1318933	.4412311	.4268756	0
869.15	0	.1342237	.4389328	.4268435	0
868.15	0	.1365372	.4366526	.4268103	0
867.15	0	.1388336	.4343905	.4267758	0
866.15	0	.1411129	.4321469	.4267402	0
865.15	0	.1433747	.4299218	.4267035	0
864.15	0	.145619	.4277154	.4266657	0
863.15	0	.1478455	.4255277	.4266267	0
862.15	0	.1500543	.423359	.4265867	0
861.15	0	.1522452	.4212092	.4265456	0
860.15	0	.1544181	.4190784	.4265035	0
859.15	0	.1565728	.4169669	.4264604	0
858.15	0	.1587093	.4148745	.4264163	0
857.15	0	.1608275	.4128013	.4263712	0
856.15	0	.1629274	.4107475	.4263252	0
855.15	0	.1650089	.4087129	.4262782	0
854.15	0	.167072	.4066977	.4262303	0
853.15	0	.1691166	.4047019	.4261815	0
852.15	0	.1711427	.4027254	.4261319	0
851.15	0	.1731503	.4007683	.4260814	0
850.15	0	.1751394	.3988306	.4260301	0
849.15	0	.1771099	.3969121	.425978	0
848.15	0	.179062	.3950129	.4259251	0
847.15	0	.1809956	.393133	.4258714	0
846.15	0	.1829108	.3912723	.425817	0
845.15	0	.1848075	.3894307	.4257618	0
844.15	0	.1866859	.3876082	.4257059	0
843.15	0	.1885459	.3858048	.4256493	0
842.15	0	.1903877	.3840202	.4255921	0
841.15	0	.1922113	.3822546	.4255342	0
840.15	0	.1940167	.3805077	.4254756	0
839.15	0	.1958041	.3787794	.4254165	0
838.15	0	.1975735	.3770698	.4253567	0
837.15	0	.1993251	.3753786	.4252963	0
836.15	0	.2010588	.3737058	.4252354	0
835.15	0	.2027749	.3720512	.4251739	0
834.15	0	.2044734	.3704148	.4251119	0
833.15	0	.2061544	.3687963	.4250493	0
832.15	0	.207818	.3671957	.4249863	0
831.15	0	.2094644	.3656129	.4249227	0
830.15	0	.2110937	.3640476	.4248587	0
829.15	0	.212706	.3624998	.4247942	0
828.15	0	.2143014	.3609694	.4247293	0
827.15	0	.21588	.3594561	.4246639	0
826.15	0	.2174421	.3579598	.4245981	0
825.15	0	.2189877	.3564804	.4245319	0
824.15	0	.220517	.3550177	.4244653	0
823.15	0	.2220301	.3535716	.4243983	0
822.15	0	.2235271	.3521419	.4243309	0
821.15	0	.2250083	.3507285	.4242632	0
820.15	0	.2264737	.3493311	.4241951	0
819.15	0	.2279236	.3479497	.4241267	0
818.15	0	.229358	.346584	.424058	0
817.15	0	.2307771	.345234	.423989	0
816.15	0	.232181	.3438994	.4239196	0
815.15	0	.23357	.34258	.42385	0
814.15	0	.2349442	.3412758	.4237801	0
813.15	0	.2363037	.3399865	.4237099	0
812.15	0	.2376487	.3387119	.4236394	0
811.15	0	.2389793	.337452	.4235687	0
810.15	0	.2402957	.3362065	.4234978	0
809.15	0	.2415981	.3349754	.4234266	0
808.15	0	.2428866	.3337583	.4233552	0
807.15	0	.2441613	.3325552	.4232835	0
806.15	0	.2454225	.3313658	.4232117	0
805.15	0	.2466703	.3301901	.4231396	0
804.15	0	.2479048	.3290279	.4230674	0
803.15	0	.2491261	.3278789	.4229949	0
802.15	0	.2503345	.3267431	.4229223	0
801.15	0	.2515302	.3256203	.4228496	0
800.15	0	.2527131	.3245103	.4227766	0
799.15	0	.2538835	.323413	.4227035	0
798.15	0	.2550416	.3223281	.4226302	0
797.15	0	.2561875	.3212557	.4225568	0
796.15	0	.2573213	.3201954	.4224833	0
795.15	0	.2584432	.3191472	.4224096	0
794.15	0	.2595533	.3181109	.4223358	0
793.15	0	.2606518	.3170863	.4222619	0
792.15	0	.2617388	.3160734	.4221879	0
791.15	0	.2628144	.3150719	.4221137	0
790.15	0	.2638789	.3140817	.4220395	0
789.15	0	.2649322	.3131027	.4219651	0
788.15	0	.2659746	.3121347	.4218907	0
787.15	0	.2670063	.3111776	.4218162	0
786.15	0	.2680272	.3102312	.4217416	0
785.15	0	.2690376	.3092955	.4216669	0
784.15	0	.2700376	.3083703	.4215921	0
783.15	0	.2710273	.3074554	.4215173	0
782.15	0	.2720069	.3065507	.4214424	0
781.15	0	.2729764	.3056561	.4213675	0
780.15	0	.273936	.3047715	.4212925	0
779.15	0	.2748858	.3038967	.4212175	0
778.15	0	.2758259	.3030317	.4211424	0
777.15	0	.2767565	.3021762	.4210673	0
776.15	0	.2776777	.3013302	.4209922	0
775.15	0	.2785895	.3004935	.420917	0
774.15	0	.2794921	.2996661	.4208418	0
773.15	0	.2803857	.2988478	.4207666	0
772.3126	0	.281127	.2981694	.4207036	0
772.3126	0	.281127	.2981694	.4207036	0
772.3126	0	.281127	.2981694	.4207036	0
772.15	0	.2816264	.2975451	.4205275	3.009747E-04
771.15	0	.2846622	.2937451	.4194529	.002139721
770.15	0	.2876373	.290013	.4183924	.003957273
769.15	0	.2905529	.2863473	.4173458	.005753981
768.15	0	.2934105	.2827466	.4163128	.007530191
767.15	0	.2962111	.2792095	.4152931	.009286239
766.15	0	.2989562	.2757347	.4142867	.01102245
765.15	0	.3016469	.2723208	.4132931	.01273915
764.15	0	.3042844	.2689666	.4123123	.01443665
763.15	0	.3068698	.2656709	.4113441	.01611526
762.15	0	.3094042	.2624324	.4103881	.01777527
761.15	0	.3118888	.25925	.4094442	.01941698
760.15	0	.3143246	.2561225	.4085122	.02104068
759.15	0	.3167126	.2530488	.407592	.02264664
758.15	0	.3190539	.2500278	.4066832	.02423515
757.15	0	.3213494	.2470584	.4057858	.02580646
756.15	0	.3236001	.2441396	.4048995	.02736086
755.15	0	.325807	.2412703	.4040241	.02889859
754.15	0	.3279709	.2384496	.4031596	.0304199
753.15	0	.3300928	.2356765	.4023056	.03192506
752.15	0	.3321736	.23295	.4014621	.0334143
751.15	0	.3342141	.2302693	.4006288	.03488786
750.15	0	.3362151	.2276333	.3998056	.03634599
749.15	0	.3381776	.2250412	.3989923	.0377889
748.15	0	.3401022	.2224922	.3981888	.03921683
747.15	0	.3419897	.2199853	.3973949	.04063001
746.15	0	.3438411	.2175198	.3966105	.04202864
745.15	0	.3456569	.2150948	.3958354	.04341296
744.15	0	.347438	.2127095	.3950694	.04478316
743.15	0	.349185	.2103631	.3943124	.04613947
742.15	0	.3508987	.208055	.3935642	.04748208
741.15	0	.3525798	.2057842	.3928248	.0488112
740.15	0	.3542289	.2035501	.3920939	.05012702
739.15	0	.3558467	.2013521	.3913715	.05142974
738.15	0	.3574339	.1991892	.3906573	.05271956
737.15	0	.3589911	.197061	.3899513	.05399666
736.15	0	.3605189	.1949666	.3892533	.05526122
735.15	0	.3620179	.1929055	.3885632	.05651344
734.15	0	.3634888	.1908769	.3878808	.0577535
733.15	0	.364932	.1888803	.3872061	.05898156
732.15	0	.3663483	.1869151	.3865388	.06019781
731.15	0	.367738	.1849805	.385879	.06140242
730.15	0	.3691019	.1830761	.3852264	.06259556
729.15	0	.3704404	.1812012	.384581	.06377739
728.15	0	.3717541	.1793553	.3839426	.06494808
727.15	0	.3730434	.1775377	.383311	.06610779
726.15	0	.374309	.175748	.3826863	.06725669
725.15	0	.3755512	.1739857	.3820683	.06839491
724.15	0	.3767705	.1722501	.3814568	.06952264
723.15	0	.3779675	.1705407	.3808518	.07064
722.15	0	.3791426	.1688571	.3802531	.07174716
721.15	0	.3802962	.1671988	.3796607	.07284426
720.15	0	.3814288	.1655652	.3790745	.07393145
719.15	0	.3825409	.163956	.3784943	.07500887
718.15	0	.3836328	.1623705	.37792	.07607666
717.15	0	.384705	.1608085	.3773516	.07713496
716.15	0	.3857578	.1592693	.376789	.0781839
715.15	0	.3867918	.1577527	.3762319	.07922363
714.15	0	.3878072	.1562581	.3756805	.08025427
713.15	0	.3888044	.1547851	.3751345	.08127595
712.15	0	.3897839	.1533334	.3745939	.0822888
711.15	0	.390746	.1519024	.3740587	.08329295
710.15	0	.391691	.1504919	.3735286	.08428852
709.15	0	.3926193	.1491014	.3730036	.08527564
708.15	0	.3935313	.1477306	.3724837	.08625442
707.15	0	.3944272	.1463791	.3719687	.08722499
706.15	0	.3953075	.1450465	.3714586	.08818746
705.15	0	.3961724	.1437324	.3709533	.08914194
704.15	0	.3970222	.1424366	.3704527	.09008855
703.15	0	.3978572	.1411586	.3699567	.0910274
702.15	0	.3986779	.1398982	.3694653	.09195861
701.15	0	.3994843	.138655	.3689784	.09288227
700.15	0	.4002769	.1374286	.368496	.09379849
699.15	0	.4010559	.1362189	.3680178	.09470738
698.15	0	.4018216	.1350254	.367544	.09560905
697.15	0	.4025743	.1338479	.3670743	.09650359
696.15	0	.4033141	.132686	.3666088	.0973911
695.15	0	.4040415	.1315395	.3661473	.09827168
694.15	0	.4047566	.1304081	.3656899	.09914543
693.15	0	.4054596	.1292916	.3652364	.1000125
692.15	0	.4061509	.1281895	.3647868	.1008728
691.15	0	.4068306	.1271018	.3643409	.1017266
690.15	0	.407499	.1260281	.3638989	.102574
689.15	0	.4081564	.1249681	.3634606	.103415
688.15	0	.4088028	.1239217	.3630258	.1042497
687.15	0	.4094386	.1228885	.3625947	.1050782
686.15	0	.410064	.1218683	.3621671	.1059006
685.15	0	.4106791	.120861	.361743	.106717
684.15	0	.4112842	.1198661	.3613222	.1075274
683.15	0	.4118795	.1188837	.3609049	.108332
682.15	0	.4124651	.1179133	.3604908	.1091308
681.15	0	.4130413	.1169548	.36008	.1099239
680.15	0	.4136082	.1160081	.3596725	.1107113
679.15	0	.414166	.1150728	.359268	.1114932
678.15	0	.414715	.1141487	.3588667	.1122696
677.15	0	.4152552	.1132357	.3584684	.1130407
676.15	0	.4157868	.1123337	.3580732	.1138064
675.15	0	.41631	.1114422	.3576809	.1145668
674.15	0	.416825	.1105613	.3572916	.1153221
673.15	0	.417332	.1096907	.3569051	.1160722
672.15	0	.417831	.1088302	.3565215	.1168173
671.15	0	.4183223	.1079797	.3561406	.1175574
670.15	0	.4188059	.1071389	.3557625	.1182926
669.15	0	.4192821	.1063078	.3553871	.119023
668.15	0	.4197509	.1054861	.3550144	.1197486
667.15	0	.4202126	.1046737	.3546443	.1204694
666.15	0	.4206672	.1038703	.3542768	.1211856
665.15	0	.421115	.103076	.3539119	.1218972
664.15	0	.4215559	.1022904	.3535494	.1226042
663.15	0	.4219902	.1015135	.3531895	.1233068
662.15	0	.4224191	.100744	.3528314	.1240055
661.15	0	.4228403	.09998406	.3524764	.1246992
660.15	0	.4232552	.09923237	.3521237	.1253887
659.15	0	.423664	.09848874	.3517733	.1260739
658.15	0	.4240668	.09775303	.3514253	.1267549
657.15	0	.4244636	.0970251	.3510795	.1274318
656.15	0	.4248547	.09630484	.3507359	.1281046
655.15	0	.42524	.0955921	.3503945	.1287734
654.15	0	.4256197	.09488677	.3500553	.1294382
653.15	0	.425994	.09418872	.3497182	.1300991
652.15	0	.4263628	.09349783	.3493833	.1307561
651.15	0	.4267264	.09281398	.3490504	.1314093
650.15	0	.4270847	.09213705	.3487195	.1320587
649.15	0	.427438	.09146693	.3483907	.1327044
648.15	0	.4277862	.0908035	.3480639	.1333464
647.15	0	.4281296	.09014666	.347739	.1339848
646.15	0	.4284681	.08949629	.3474161	.1346195
645.15	0	.4288019	.08885229	.3470951	.1352508
644.15	0	.429131	.08821455	.3467759	.1358785
643.15	0	.4294556	.08758298	.3464587	.1365028
642.15	0	.4297757	.08695746	.3461432	.1371237
641.15	0	.4300914	.08633791	.3458296	.1377412
640.15	0	.4304027	.08572421	.3455177	.1383553
639.15	0	.4307099	.08511629	.3452076	.1389662
638.15	0	.4310129	.08451404	.3448993	.1395739
637.15	0	.4313117	.08391737	.3445926	.1401783
636.15	0	.4316066	.08332618	.3442876	.1407796
635.15	0	.4318975	.08274041	.3439843	.1413777
634.15	0	.4321846	.08215994	.3436827	.1419728
633.15	0	.4324678	.0815847	.3433827	.1425648
632.15	0	.4327473	.08101461	.3430842	.1431538
631.15	0	.4330232	.08044958	.3427874	.1437399
630.15	0	.4332954	.07988953	.3424921	.144323
629.15	0	.4335642	.07933437	.3421983	.1449031
628.15	0	.4338294	.07878405	.3419061	.1454805
627.15	0	.4340912	.07823846	.3416154	.1460549
626.15	0	.4343497	.07769754	.3413261	.1466266
625.15	0	.4346049	.07716122	.3410383	.1471956
624.15	0	.4348568	.07662941	.340752	.1477618
623.15	0	.4351056	.07610206	.340467	.1483253
622.15	0	.4353513	.07557909	.3401835	.1488861
621.15	0	.4355939	.07506042	.3399014	.1494443
620.15	0	.4358335	.074546	.3396206	.1499999
619.15	0	.4360701	.07403575	.3393412	.1505529
618.15	0	.4363038	.0735296	.3390632	.1511034
617.15	0	.4365347	.07302751	.3387864	.1516514
616.15	0	.4367628	.07252939	.338511	.1521969
615.15	0	.4369881	.07203519	.3382368	.1527399
614.15	0	.4372107	.07154485	.3379639	.1532805
613.15	0	.4374307	.0710583	.3376923	.1538188
612.15	0	.437648	.07057549	.3374219	.1543546
611.15	0	.4378628	.07009636	.3371527	.1548881
610.15	0	.4380751	.06962085	.3368848	.1554193
609.15	0	.4382848	.06914891	.336618	.1559483
608.15	0	.4384922	.06868048	.3363524	.1564749
607.15	0	.4386971	.0682155	.336088	.1569994
606.15	0	.4388997	.06775392	.3358247	.1575216
605.15	0	.4391	.0672957	.3355626	.1580417
604.15	0	.4392981	.06684077	.3353016	.1585596
603.15	0	.4394939	.06638909	.3350418	.1590753
602.15	0	.4396875	.0659406	.334783	.159589
601.15	0	.4398789	.06549527	.3345253	.1601006
600.15	0	.4400682	.06505303	.3342687	.1606101
599.15	0	.4402555	.06461385	.3340131	.1611175
598.15	0	.4404407	.06417767	.3337586	.161623
597.15	0	.4406239	.06374445	.3335052	.1621265
596.15	0	.4408051	.06331414	.3332527	.162628
595.15	0	.4409844	.06288671	.3330013	.1631276
594.15	0	.4411618	.0624621	.3327509	.1636252
593.15	0	.4413373	.06204027	.3325015	.164121
592.15	0	.4415109	.06162118	.332253	.1646149
591.15	0	.4416828	.06120479	.3320056	.1651069
590.15	0	.4418529	.06079106	.331759	.165597
589.15	0	.4420212	.06037995	.3315135	.1660854
588.15	0	.4421878	.05997142	.3312689	.1665719
587.15	0	.4423527	.05956542	.3310252	.1670567
586.15	0	.4425159	.05916193	.3307824	.1675397
585.15	0	.4426775	.0587609	.3305405	.168021
584.15	0	.4428376	.05836229	.3302996	.1685006
583.15	0	.442996	.05796607	.3300595	.1689784
582.15	0	.4431529	.05757221	.3298203	.1694546
581.15	0	.4433082	.05718066	.329582	.1699291
580.15	0	.4434621	.0567914	.3293445	.170402
579.15	0	.4436145	.05640438	.3291079	.1708732
578.15	0	.4437654	.05601958	.3288722	.1713429
577.15	0	.4439149	.05563696	.3286373	.1718109
576.15	0	.444063	.05525649	.3284032	.1722773
575.15	0	.4442098	.05487813	.3281699	.1727422
574.15	0	.4443551	.05450186	.3279374	.1732056
573.15	0	.4444992	.05412764	.3277058	.1736674
572.15	0	.4446419	.05375545	.3274749	.1741277
571.15	0	.4447834	.05338525	.3272448	.1745865
570.15	0	.4449236	.053017	.3270155	.1750439
569.15	0	.4450626	.05265069	.326787	.1754998
568.15	0	.4452003	.05228629	.3265592	.1759542
567.15	0	.4453369	.05192376	.3263322	.1764072
566.15	0	.4454722	.05156307	.3261059	.1768588
565.15	0	.4456064	.05120421	.3258804	.177309
564.15	0	.4457395	.05084714	.3256556	.1777578
563.15	0	.4458714	.05049183	.3254316	.1782052
562.15	0	.4460023	.05013827	.3252083	.1786512
561.15	0	.446132	.04978641	.3249856	.179096
560.15	0	.4462607	.04943624	.3247637	.1795393
559.15	0	.4463884	.04908774	.3245425	.1799814
558.15	0	.446515	.04874087	.324322	.1804222
557.15	0	.4466406	.04839561	.3241022	.1808616
556.15	0	.4467652	.04805194	.323883	.1812998
555.15	0	.4468889	.04770983	.3236645	.1817368
554.15	0	.4470116	.04736927	.3234467	.1821725
553.15	0	.4471333	.04703022	.3232296	.1826069
552.15	0	.4472541	.04669266	.3230131	.1830401
551.15	0	.447374	.04635658	.3227973	.1834721
550.15	0	.447493	.04602195	.3225821	.1839029
549.15	0	.4476112	.04568875	.3223675	.1843326
548.15	0	.4477284	.04535695	.3221536	.184761
547.15	0	.4478449	.04502653	.3219403	.1851883
546.15	0	.4479604	.04469749	.3217277	.1856144
545.15	0	.4480752	.04436978	.3215156	.1860394
544.15	0	.4481891	.0440434	.3213042	.1864632
543.15	0	.4483023	.04371832	.3210934	.186886
542.15	0	.4484147	.04339452	.3208832	.1873076
541.15	0	.4485263	.04307199	.3206736	.1877281
540.15	0	.4486372	.0427507	.3204645	.1881476
539.15	0	.4487473	.04243063	.3202561	.1885659
538.15	0	.4488567	.04211177	.3200483	.1889832
537.15	0	.4489654	.0417941	.319841	.1893995
536.15	0	.4490734	.0414776	.3196343	.1898147
535.15	0	.4491807	.04116225	.3194281	.1902289
534.15	0	.4492874	.04084803	.3192226	.190642
533.15	0	.4493933	.04053494	.3190176	.1910542
532.15	0	.4494986	.04022294	.3188131	.1914653
531.15	0	.4496033	.03991202	.3186092	.1918755
530.15	0	.4497074	.03960216	.3184059	.1922846
529.15	0	.4498108	.03929336	.318203	.1926928
528.15	0	.4499136	.03898558	.3180008	.1931
527.15	0	.4500158	.03867882	.317799	.1935063
526.15	0	.4501175	.03837307	.3175978	.1939116
525.15	0	.4502185	.03806829	.3173971	.194316
524.15	0	.4503191	.03776449	.317197	.1947195
523.15	0	.450419	.03746164	.3169973	.195122
522.15	0	.4505184	.03715972	.3167982	.1955237
521.15	0	.4506173	.03685873	.3165996	.1959244
520.15	0	.4507156	.03655865	.3164015	.1963242
519.15	0	.4508135	.03625946	.3162039	.1967232
518.15	0	.4509108	.03596115	.3160068	.1971213
517.15	0	.4510077	.03566371	.3158102	.1975185
516.15	0	.451104	.03536711	.315614	.1979148
515.15	0	.4511999	.03507136	.3154184	.1983103
514.15	0	.4512953	.03477643	.3152233	.198705
513.15	0	.4513902	.03448231	.3150286	.1990988
512.15	0	.4514848	.03418898	.3148344	.1994919
511.15	0	.4515788	.03389644	.3146407	.199884
510.15	0	.4516724	.03360467	.3144475	.2002754
509.15	0	.4517656	.03331366	.3142547	.200666
508.15	0	.4518584	.03302339	.3140624	.2010558
507.15	0	.4519508	.03273386	.3138706	.2014448
506.15	0	.4520428	.03244504	.3136792	.201833
505.15	0	.4521344	.03215694	.3134883	.2022204
504.15	0	.4522256	.03186953	.3132978	.2026071
503.15	0	.4523164	.03158281	.3131078	.202993
502.15	0	.4524069	.03129675	.3129182	.2033782
501.15	0	.452497	.03101136	.3127291	.2037626
500.15	0	.4525867	.03072662	.3125404	.2041463
499.15	0	.4526761	.03044252	.3123522	.2045292
498.15	0	.4527652	.03015904	.3121644	.2049115
497.15	0	.4528539	.02987618	.311977	.205293
496.15	0	.4529423	.02959392	.31179	.2056738
495.15	0	.4530303	.02931226	.3116035	.2060539
494.15	0	.4531181	.02903118	.3114174	.2064333
493.15	0	.4532056	.02875068	.3112318	.206812
492.15	0	.4532927	.02847074	.3110465	.20719
491.15	0	.4533796	.02819135	.3108617	.2075674
490.15	0	.4534662	.02791251	.3106773	.2079441
489.15	0	.4535525	.0276342	.3104932	.2083201
488.15	0	.4536385	.0273564	.3103096	.2086954
487.15	0	.4537243	.02707912	.3101265	.2090701
486.15	0	.4538098	.02680234	.3099437	.2094442
485.15	0	.453895	.02652605	.3097613	.2098176
484.15	0	.45398	.02625025	.3095793	.2101904
483.15	0	.4540648	.02597492	.3093978	.2105626
482.15	0	.4541493	.02570006	.3092166	.2109341
481.15	0	.4542336	.02542565	.3090358	.211305
480.15	0	.4543176	.02515169	.3088554	.2116753
479.15	0	.4544015	.02487817	.3086754	.212045
478.15	0	.4544851	.02460507	.3084957	.2124141
477.15	0	.4545685	.0243324	.3083165	.2127826
476.15	0	.4546517	.02406014	.3081377	.2131505
475.15	0	.4547347	.02378828	.3079592	.2135179
474.15	0	.4548175	.02351681	.3077811	.2138846
473.15	0	.4549001	.02324573	.3076034	.2142508
472.15	0	.4549825	.02297503	.307426	.2146164
471.15	0	.4550648	.0227047	.3072491	.2149815
470.15	0	.4551469	.02243474	.3070724	.215346
469.15	0	.4552288	.02216512	.3068962	.2157099
468.15	0	.4553105	.02189585	.3067204	.2160733
467.15	0	.4553921	.02162692	.3065449	.2164361
466.15	0	.4554735	.02135832	.3063697	.2167985
465.15	0	.4555548	.02109005	.3061949	.2171602
464.15	0	.4556359	.02082209	.3060205	.2175215
463.15	0	.4557169	.02055443	.3058465	.2178822
462.15	0	.4557977	.02028708	.3056728	.2182424
461.15	0	.4558784	.02002002	.3054994	.2186021
460.15	0	.455959	.01975325	.3053264	.2189613
459.15	0	.4560395	.01948676	.3051538	.21932
458.15	0	.4561198	.01922054	.3049815	.2196782
