T	 BPW(LIQUID)	BPW(BCC_A2)	BPW(FCC_A1)	BPW(LAVES_PHASE_C14)	BPW(NI3TI)
1473.15	0	1	0	0	0
1472.15	0	1	0	0	0
1471.15	0	1	0	0	0
1470.15	0	1	0	0	0
1469.15	0	1	0	0	0
1468.15	0	1	0	0	0
1467.15	0	1	0	0	0
1466.15	0	1	0	0	0
1465.15	0	1	0	0	0
1464.15	0	1	0	0	0
1463.15	0	1	0	0	0
1462.15	0	1	0	0	0
1461.15	0	1	0	0	0
1460.15	0	1	0	0	0
1459.15	0	1	0	0	0
1458.15	0	1	0	0	0
1457.15	0	1	0	0	0
1456.15	0	1	0	0	0
1455.15	0	1	0	0	0
1454.15	0	1	0	0	0
1453.15	0	1	0	0	0
1452.15	0	1	0	0	0
1451.15	0	1	0	0	0
1450.15	0	1	0	0	0
1449.15	0	1	0	0	0
1448.15	0	1	0	0	0
1447.15	0	1	0	0	0
1446.15	0	1	0	0	0
1445.15	0	1	0	0	0
1444.15	0	1	0	0	0
1443.15	0	1	0	0	0
1442.15	0	1	0	0	0
1441.15	0	1	0	0	0
1440.15	0	1	0	0	0
1439.15	0	1	0	0	0
1438.15	0	1	0	0	0
1437.15	0	1	0	0	0
1436.15	0	1	0	0	0
1435.15	0	1	0	0	0
1434.15	0	1	0	0	0
1433.15	0	1	0	0	0
1432.15	0	1	0	0	0
1431.15	0	1	0	0	0
1430.15	0	1	0	0	0
1429.15	0	1	0	0	0
1428.15	0	1	0	0	0
1427.15	0	1	0	0	0
1426.15	0	1	0	0	0
1425.15	0	1	0	0	0
1424.15	0	1	0	0	0
1423.15	0	1	0	0	0
1422.15	0	1	0	0	0
1421.15	0	1	0	0	0
1420.15	0	1	0	0	0
1419.15	0	1	0	0	0
1418.72	0	1	0	0	0
1418.72	0	1	0	0	0
1418.72	0	1	0	0	0
1418.15	0	.9995598	0	4.402437E-04	0
1417.15	0	.9987886	0	.001211406	0
1416.15	0	.9980193	0	.001980703	0
1415.15	0	.9972519	0	.002748141	0
1414.15	0	.9964863	0	.003513727	0
1413.15	0	.9957225	0	.004277468	0
1412.15	0	.9949606	0	.005039369	0
1411.15	0	.9942006	0	.005799437	0
1410.15	0	.9934423	0	.006557678	0
1409.15	0	.9926859	0	.007314098	0
1408.15	0	.9919313	0	.008068704	0
1407.15	0	.9911785	0	.008821502	0
1406.15	0	.9904275	0	.009572498	0
1405.15	0	.9896783	0	.0103217	0
1404.15	0	.9889309	0	.01106911	0
1403.15	0	.9881853	0	.01181473	0
1402.15	0	.9874414	0	.01255858	0
1401.15	0	.9866993	0	.01330066	0
1400.15	0	.985959	0	.01404097	0
1399.15	0	.9852205	0	.01477952	0
1398.15	0	.9844837	0	.01551632	0
1397.15	0	.9837486	0	.01625137	0
1396.15	0	.9830153	0	.01698468	0
1395.15	0	.9822838	0	.01771625	0
1394.15	0	.9815539	0	.01844609	0
1393.15	0	.9808258	0	.01917421	0
1392.15	0	.9800994	0	.01990061	0
1391.15	0	.9793747	0	.02062529	0
1390.15	0	.9786517	0	.02134827	0
1389.15	0	.9779305	0	.02206955	0
1388.15	0	.9772109	0	.02278913	0
1387.15	0	.976493	0	.02350702	0
1386.15	0	.9757768	0	.02422322	0
1385.15	0	.9750623	0	.02493775	0
1384.15	0	.9743494	0	.0256506	0
1383.15	0	.9736382	0	.02636179	0
1382.15	0	.9729287	0	.02707131	0
1381.15	0	.9722208	0	.02777917	0
1380.15	0	.9715146	0	.02848539	0
1379.15	0	.9708101	0	.02918995	0
1378.15	0	.9701071	0	.02989288	0
1377.15	0	.9694058	0	.03059417	0
1376.15	0	.9687062	0	.03129383	0
1375.15	0	.9680081	0	.03199187	0
1374.15	0	.9673117	0	.03268828	0
1373.15	0	.9666169	0	.03338308	0
1372.15	0	.9659237	0	.03407628	0
1371.15	0	.9652321	0	.03476787	0
1370.15	0	.9645421	0	.03545786	0
1369.15	0	.9638537	0	.03614626	0
1368.15	0	.9631669	0	.03683306	0
1367.15	0	.9624817	0	.03751829	0
1366.15	0	.9617981	0	.03820194	0
1365.15	0	.961116	0	.03888401	0
1364.15	0	.9604355	0	.03956452	0
1363.15	0	.9597565	0	.04024347	0
1362.15	0	.9590791	0	.04092085	0
1361.15	0	.9584033	0	.04159669	0
1360.15	0	.957729	0	.04227097	0
1359.15	0	.9570563	0	.04294372	0
1358.15	0	.9563851	0	.04361492	0
1357.15	0	.9557154	0	.04428459	0
1356.15	0	.9550473	0	.04495274	0
1355.15	0	.9543806	0	.04561936	0
1354.15	0	.9537155	0	.04628446	0
1353.15	0	.953052	0	.04694805	0
1352.15	0	.9523899	0	.04761013	0
1351.15	0	.9517293	0	.0482707	0
1350.15	0	.9510702	0	.04892978	0
1349.15	0	.9504126	0	.04958736	0
1348.15	0	.9497566	0	.05024345	0
1347.15	0	.9491019	0	.05089806	0
1346.15	0	.9484488	0	.05155118	0
1345.15	0	.9477972	0	.05220283	0
1344.15	0	.947147	0	.05285301	0
1343.15	0	.9464983	0	.05350172	0
1342.15	0	.945851	0	.05414897	0
1341.15	0	.9452052	0	.05479476	0
1340.15	0	.9445609	0	.05543909	0
1339.15	0	.943918	0	.05608198	0
1338.15	0	.9432766	0	.05672343	0
1337.15	0	.9426366	0	.05736343	0
1336.15	0	.941998	0	.058002	0
1335.15	0	.9413609	0	.05863914	0
1334.15	0	.9407252	0	.05927485	0
1333.15	0	.9400909	0	.05990914	0
1332.15	0	.939458	0	.06054201	0
1331.15	0	.9388265	0	.06117347	0
1330.15	0	.9381965	0	.06180352	0
1329.15	0	.9375678	0	.06243217	0
1328.15	0	.9369406	0	.06305941	0
1327.15	0	.9363147	0	.06368526	0
1326.15	0	.9356903	0	.06430972	0
1325.15	0	.9350672	0	.06493279	0
1324.15	0	.9344455	0	.06555447	0
1323.15	0	.9338252	0	.06617478	0
1322.15	0	.9332063	0	.06679371	0
1321.15	0	.9325887	0	.06741127	0
1320.15	0	.9319725	0	.06802747	0
1319.15	0	.9313577	0	.0686423	0
1318.15	0	.9307442	0	.06925577	0
1317.15	0	.9301321	0	.06986789	0
1316.15	0	.9295213	0	.07047866	0
1315.15	0	.9289119	0	.07108808	0
1314.15	0	.9283039	0	.07169615	0
1313.15	0	.9276971	0	.07230289	0
1312.15	0	.9270917	0	.0729083	0
1311.15	0	.9264876	0	.07351238	0
1310.15	0	.9258849	0	.07411513	0
1309.15	0	.9252835	0	.07471655	0
1308.15	0	.9246833	0	.07531666	0
1307.15	0	.9240846	0	.07591545	0
1306.15	0	.9234871	0	.07651293	0
1305.15	0	.9228909	0	.07710911	0
1304.15	0	.922296	0	.07770398	0
1303.15	0	.9217024	0	.07829756	0
1302.15	0	.9211102	0	.07888983	0
1301.15	0	.9205192	0	.07948082	0
1300.15	0	.9199295	0	.08007052	0
1299.15	0	.9193411	0	.08065893	0
1298.15	0	.9187539	0	.08124607	0
1297.15	0	.9181681	0	.08183192	0
1296.15	0	.9175835	0	.08241651	0
1295.15	0	.9170002	0	.08299982	0
1294.15	0	.9164181	0	.08358187	0
1293.15	0	.9158373	0	.08416266	0
1292.15	0	.9152578	0	.08474219	0
1291.15	0	.9146795	0	.08532046	0
1290.15	0	.9141025	0	.08589749	0
1289.15	0	.9135267	0	.08647326	0
1288.15	0	.9129522	0	.0870478	0
1287.15	0	.9123789	0	.08762109	0
1286.15	0	.9118069	0	.08819315	0
1285.15	0	.911236	0	.08876397	0
1284.15	0	.9106664	0	.08933356	0
1283.15	0	.9100981	0	.08990193	0
1282.15	0	.9095309	0	.09046907	0
1281.15	0	.908965	0	.091035	0
1280.15	0	.9084003	0	.09159971	0
1279.15	0	.9078368	0	.0921632	0
1278.15	0	.9072745	0	.09272549	0
1277.15	0	.9067134	0	.09328658	0
1276.15	0	.9061535	0	.09384646	0
1275.15	0	.9055949	0	.09440514	0
1274.15	0	.9050374	0	.09496263	0
1273.15	0	.9044811	0	.09551892	0
1272.15	0	.903926	0	.09607403	0
1271.15	0	.903372	0	.09662795	0
1270.15	0	.9028193	0	.09718069	0
1269.15	0	.9022678	0	.09773225	0
1268.15	0	.9017174	0	.09828264	0
1267.15	0	.9011682	0	.09883185	0
1266.15	0	.9006201	0	.0993799	0
1265.15	0	.9000732	0	.09992677	0
1264.15	0	.8995275	0	.1004725	0
1263.15	0	.898983	0	.1010171	0
1262.15	0	.8984395	0	.1015605	0
1261.15	0	.8978973	0	.1021027	0
1260.15	0	.8973562	0	.1026438	0
1259.15	0	.8968163	0	.1031838	0
1258.15	0	.8962774	0	.1037226	0
1257.15	0	.8957398	0	.1042602	0
1256.15	0	.8952032	0	.1047968	0
1255.15	0	.8946678	0	.1053322	0
1254.15	0	.8941336	0	.1058664	0
1253.15	0	.8936004	0	.1063996	0
1252.15	0	.8930684	0	.1069316	0
1251.15	0	.8925375	0	.1074625	0
1250.15	0	.8920078	0	.1079922	0
1249.15	0	.8914791	0	.1085209	0
1248.15	0	.8909516	0	.1090485	0
1247.15	0	.8904251	0	.1095749	0
1246.15	0	.8898998	0	.1101002	0
1245.15	0	.8893756	0	.1106244	0
1244.15	0	.8888524	0	.1111476	0
1243.15	0	.8883304	0	.1116696	0
1242.15	0	.8878095	0	.1121905	0
1241.15	0	.8872897	0	.1127104	0
1240.15	0	.8867709	0	.1132291	0
1239.15	0	.8862532	0	.1137468	0
1238.15	0	.8857367	0	.1142634	0
1237.15	0	.8852212	0	.1147788	0
1236.15	0	.8847067	0	.1152933	0
1235.15	0	.8841934	0	.1158066	0
1234.15	0	.8836811	0	.1163189	0
1233.15	0	.8831699	0	.1168301	0
1232.15	0	.8826598	0	.1173402	0
1231.15	0	.8821507	0	.1178493	0
1230.15	0	.8816427	0	.1183573	0
1229.15	0	.8811357	0	.1188643	0
1228.15	0	.8806298	0	.1193702	0
1227.15	0	.880125	0	.119875	0
1226.15	0	.8796212	0	.1203788	0
1225.15	0	.8791184	0	.1208816	0
1224.15	0	.8786167	0	.1213833	0
1223.15	0	.8781161	0	.1218839	0
1222.15	0	.8776164	0	.1223836	0
1221.15	0	.8771178	0	.1228822	0
1220.15	0	.8766203	0	.1233797	0
1219.15	0	.8761238	0	.1238762	0
1218.15	0	.8756283	0	.1243717	0
1217.15	0	.8751338	0	.1248662	0
1216.15	0	.8746404	0	.1253596	0
1215.15	0	.8741479	0	.1258521	0
1214.15	0	.8736565	0	.1263435	0
1213.15	0	.8731661	0	.1268338	0
1212.15	0	.8726768	0	.1273232	0
1211.15	0	.8721884	0	.1278116	0
1210.15	0	.8717011	0	.1282989	0
1209.15	0	.8712147	0	.1287853	0
1208.15	0	.8707294	0	.1292707	0
1207.15	0	.870245	0	.129755	0
1206.15	0	.8697617	0	.1302384	0
1205.15	0	.8692793	0	.1307207	0
1204.15	0	.8687979	0	.1312021	0
1203.15	0	.8683176	0	.1316824	0
1202.15	0	.8678382	0	.1321618	0
1201.15	0	.8673598	0	.1326402	0
1200.15	0	.8668824	0	.1331176	0
1199.15	0	.8664059	0	.1335941	0
1198.15	0	.8659305	0	.1340695	0
1197.15	0	.865456	0	.134544	0
1196.15	0	.8649825	0	.1350175	0
1195.15	0	.86451	0	.1354901	0
1194.15	0	.8640384	0	.1359616	0
1193.15	0	.8635678	0	.1364322	0
1192.15	0	.8630982	0	.1369018	0
1191.15	0	.8626295	0	.1373705	0
1190.15	0	.8621618	0	.1378382	0
1189.15	0	.861695	0	.138305	0
1188.15	0	.8612292	0	.1387708	0
1187.15	0	.8607644	0	.1392356	0
1186.15	0	.8603005	0	.1396995	0
1185.15	0	.8598375	0	.1401625	0
1184.15	0	.8593755	0	.1406245	0
1183.15	0	.8589145	0	.1410855	0
1182.15	0	.8584544	0	.1415456	0
1181.15	0	.8579952	0	.1420048	0
1180.15	0	.8575369	0	.1424631	0
1179.15	0	.8570796	0	.1429204	0
1178.15	0	.8566233	0	.1433768	0
1177.15	0	.8561678	0	.1438322	0
1176.15	0	.8557133	0	.1442867	0
1175.15	0	.8552597	0	.1447403	0
1174.15	0	.854807	0	.145193	0
1173.15	0	.8543553	0	.1456447	0
1172.15	0	.8539045	0	.1460955	0
1171.15	0	.8534546	0	.1465454	0
1170.15	0	.8530056	0	.1469944	0
1169.15	0	.8525575	0	.1474425	0
1168.15	0	.8521103	0	.1478897	0
1167.15	0	.8516641	0	.1483359	0
1166.15	0	.8512187	0	.1487813	0
1165.15	0	.8507743	0	.1492257	0
1164.15	0	.8503307	0	.1496693	0
1163.15	0	.8498881	0	.1501119	0
1162.15	0	.8494464	0	.1505536	0
1161.15	0	.8490055	0	.1509945	0
1160.15	0	.8485656	0	.1514344	0
1159.15	0	.8481265	0	.1518735	0
1158.15	0	.8476883	0	.1523117	0
1157.15	0	.8472511	0	.1527489	0
1156.15	0	.8468147	0	.1531853	0
1155.15	0	.8463792	0	.1536208	0
1154.15	0	.8459445	0	.1540555	0
1153.15	0	.8455108	0	.1544892	0
1152.15	0	.8450779	0	.1549221	0
1151.15	0	.8446459	0	.1553541	0
1150.15	0	.8442148	0	.1557852	0
1149.15	0	.8437846	0	.1562154	0
1148.15	0	.8433552	0	.1566448	0
1147.15	0	.8429267	0	.1570733	0
1146.15	0	.8424991	0	.1575009	0
1145.15	0	.8420723	0	.1579277	0
1144.15	0	.8416464	0	.1583536	0
1143.15	0	.8412214	0	.1587786	0
1142.15	0	.8407972	0	.1592028	0
1141.15	0	.8403738	0	.1596262	0
1140.15	0	.8399514	0	.1600486	0
1139.15	0	.8395298	0	.1604702	0
1138.15	0	.839109	0	.160891	0
1137.15	0	.8386891	0	.1613109	0
1136.15	0	.83827	0	.16173	0
1135.15	0	.8378518	0	.1621482	0
1134.15	0	.8374344	0	.1625656	0
1133.15	0	.8370179	0	.1629821	0
1132.15	0	.8366022	0	.1633978	0
1131.15	0	.8361874	0	.1638126	0
1130.15	0	.8357734	0	.1642266	0
1129.15	0	.8353602	0	.1646398	0
1128.15	0	.8349479	0	.1650522	0
1127.15	0	.8345364	0	.1654637	0
1126.15	0	.8341257	0	.1658743	0
1125.15	0	.8337158	0	.1662842	0
1124.15	0	.8333068	0	.1666932	0
1123.15	0	.8328986	0	.1671014	0
1122.15	0	.8324912	0	.1675088	0
1121.15	0	.8320847	0	.1679153	0
1120.15	0	.831679	0	.168321	0
1119.15	0	.8312741	0	.168726	0
1118.15	0	.83087	0	.16913	0
1117.15	0	.8304667	0	.1695333	0
1116.15	0	.8300642	0	.1699358	0
1115.15	0	.8296626	0	.1703374	0
1114.15	0	.8292617	0	.1707383	0
1113.15	0	.8288617	0	.1711383	0
1112.15	0	.8284625	0	.1715375	0
1111.15	0	.8280641	0	.1719359	0
1110.15	0	.8276664	0	.1723336	0
1109.15	0	.8272696	0	.1727304	0
1108.15	0	.8268736	0	.1731264	0
1107.15	0	.8264784	0	.1735216	0
1106.15	0	.826084	0	.173916	0
1105.15	0	.8256904	0	.1743096	0
1104.15	0	.8252976	0	.1747025	0
1103.15	0	.8249055	0	.1750945	0
1102.15	0	.8245143	0	.1754857	0
1101.15	0	.8241238	0	.1758762	0
1100.15	0	.8237342	0	.1762658	0
1099.15	0	.8233453	0	.1766547	0
1098.15	0	.8229572	0	.1770428	0
1097.15	0	.8225699	0	.1774301	0
1096.15	0	.8221834	0	.1778166	0
1095.15	0	.8217976	0	.1782024	0
1094.15	0	.8214127	0	.1785874	0
1093.15	0	.8210285	0	.1789715	0
1092.15	0	.8206451	0	.179355	0
1091.15	0	.8202624	0	.1797376	0
1090.15	0	.8198805	0	.1801195	0
1089.15	0	.8194995	0	.1805006	0
1088.15	0	.8191191	0	.1808809	0
1087.15	0	.8187396	0	.1812604	0
1086.15	0	.8183608	0	.1816392	0
1085.15	0	.8179828	0	.1820172	0
1084.15	0	.8176055	0	.1823945	0
1083.15	0	.817229	0	.182771	0
1082.15	0	.8168533	0	.1831467	0
1081.15	0	.8164783	0	.1835217	0
1080.15	0	.8161041	0	.1838959	0
1079.15	0	.8157306	0	.1842694	0
1078.15	0	.8153579	0	.1846421	0
1077.15	0	.814986	0	.185014	0
1076.15	0	.8146148	0	.1853852	0
1075.15	0	.8142444	0	.1857556	0
1074.15	0	.8138747	0	.1861253	0
1073.15	0	.8135057	0	.1864943	0
1072.15	0	.8131375	0	.1868625	0
1071.15	0	.8127701	0	.1872299	0
1070.15	0	.8124034	0	.1875966	0
1069.15	0	.8120374	0	.1879626	0
1068.15	0	.8116722	0	.1883278	0
1067.15	0	.8113077	0	.1886923	0
1066.15	0	.810944	0	.189056	0
1065.15	0	.810581	0	.189419	0
1064.15	0	.8102188	0	.1897812	0
1063.15	0	.8098572	0	.1901428	0
1062.15	0	.8094965	0	.1905035	0
1061.15	0	.8091364	0	.1908636	0
1060.15	0	.8087771	0	.1912229	0
1059.15	0	.8084185	0	.1915815	0
1058.15	0	.8080606	0	.1919394	0
1057.15	0	.8077035	0	.1922965	0
1056.15	0	.8073471	0	.1926529	0
1055.15	0	.8069914	0	.1930086	0
1054.15	0	.8066365	0	.1933635	0
1053.15	0	.8062822	0	.1937178	0
1052.15	0	.8059287	0	.1940713	0
1051.15	0	.8055759	0	.1944241	0
1050.15	0	.8052239	0	.1947761	0
1049.15	0	.8048725	0	.1951275	0
1048.15	0	.8045219	0	.1954781	0
1047.15	0	.804172	0	.195828	0
1046.15	0	.8038228	0	.1961772	0
1045.15	0	.8034743	0	.1965257	0
1044.15	0	.8031265	0	.1968735	0
1043.15	0	.8027795	0	.1972205	0
1042.15	0	.8024331	0	.1975669	0
1041.15	0	.8020875	0	.1979125	0
1040.15	0	.8017425	0	.1982575	0
1039.15	0	.8013983	0	.1986017	0
1038.15	0	.8010548	0	.1989452	0
1037.15	0	.800712	0	.1992881	0
1036.15	0	.8003698	0	.1996302	0
1035.15	0	.8000284	0	.1999716	0
1034.15	0	.7996877	0	.2003123	0
1033.15	0	.7993477	0	.2006523	0
1032.15	0	.7990084	0	.2009916	0
1031.15	0	.7986698	0	.2013302	0
1030.15	0	.7983319	0	.2016681	0
1029.15	0	.7979947	0	.2020053	0
1028.15	0	.7976581	0	.2023419	0
1027.15	0	.7973223	0	.2026777	0
1026.15	0	.7969872	0	.2030128	0
1025.15	0	.7966527	0	.2033473	0
1024.15	0	.796319	0	.203681	0
1023.15	0	.7959859	0	.2040141	0
1022.15	0	.7956535	0	.2043465	0
1021.15	0	.7953219	0	.2046782	0
1020.15	0	.7949909	0	.2050092	0
1019.15	0	.7946605	0	.2053395	0
1018.15	0	.7943309	0	.2056691	0
1017.15	0	.794002	0	.2059981	0
1016.15	0	.7936737	0	.2063263	0
1015.15	0	.7933461	0	.2066539	0
1014.15	0	.7930192	0	.2069808	0
1013.15	0	.792693	0	.207307	0
1012.15	0	.7923674	0	.2076326	0
1011.15	0	.7920426	0	.2079574	0
1010.15	0	.7917184	0	.2082816	0
1009.15	0	.7913949	0	.2086051	0
1008.15	0	.791072	0	.208928	0
1007.15	0	.7907499	0	.2092502	0
1006.15	0	.7904284	0	.2095716	0
1005.15	0	.7901075	0	.2098925	0
1004.15	0	.7897874	0	.2102126	0
1003.15	0	.7894679	0	.2105321	0
1002.15	0	.7891491	0	.2108509	0
1001.15	0	.788831	0	.211169	0
1000.15	0	.7885135	0	.2114865	0
999.15	0	.7881967	0	.2118033	0
998.15	0	.7878805	0	.2121195	0
997.15	0	.787565	0	.212435	0
996.15	0	.7872502	0	.2127498	0
995.15	0	.7869361	0	.2130639	0
994.15	0	.7866226	0	.2133774	0
993.15	0	.7863097	0	.2136903	0
992.15	0	.7859976	0	.2140024	0
991.15	0	.7856861	0	.2143139	0
990.15	0	.7853752	0	.2146248	0
989.15	0	.785065	0	.214935	0
988.15	0	.7847555	0	.2152445	0
987.15	0	.7844466	0	.2155534	0
986.15	0	.7841384	0	.2158616	0
985.15	0	.7838308	0	.2161692	0
984.15	0	.7835239	0	.2164761	0
983.15	0	.7832176	0	.2167824	0
982.15	0	.782912	0	.217088	0
981.15	0	.782607	0	.217393	0
980.15	0	.7823027	0	.2176973	0
979.15	0	.7819991	0	.218001	0
978.15	0	.781696	0	.218304	0
977.15	0	.7813937	0	.2186063	0
976.15	0	.7810919	0	.2189081	0
975.15	0	.7807909	0	.2192091	0
974.15	0	.7804904	0	.2195096	0
973.15	0	.7801906	0	.2198094	0
972.15	0	.7798915	0	.2201085	0
971.15	0	.779593	0	.220407	0
970.15	0	.7792951	0	.2207049	0
969.15	0	.7789979	0	.2210021	0
968.15	0	.7787014	0	.2212987	0
967.15	0	.7784054	0	.2215946	0
966.15	0	.7781101	0	.2218899	0
965.15	0	.7778155	0	.2221845	0
964.15	0	.7775214	0	.2224786	0
963.15	0	.7772281	0	.2227719	0
962.15	0	.7769353	0	.2230647	0
961.15	0	.7766432	0	.2233568	0
960.15	0	.7763517	0	.2236483	0
959.15	0	.7760609	0	.2239391	0
958.15	0	.7757707	0	.2242293	0
957.15	0	.7754811	0	.2245189	0
956.15	0	.7751922	0	.2248078	0
955.15	0	.7749038	0	.2250962	0
954.15	0	.7746162	0	.2253838	0
953.15	0	.7743291	0	.2256709	0
952.15	0	.7740427	0	.2259573	0
951.15	0	.7737569	0	.2262431	0
950.15	0	.7734717	0	.2265283	0
949.15	0	.7731872	0	.2268128	0
948.15	0	.7729033	0	.2270967	0
947.15	0	.77262	0	.22738	0
946.15	0	.7723373	0	.2276627	0
945.15	0	.7720553	0	.2279447	0
944.15	0	.7717739	0	.2282261	0
943.15	0	.7714931	0	.2285069	0
942.15	0	.7712129	0	.2287871	0
941.15	0	.7709334	0	.2290666	0
940.15	0	.7706545	0	.2293455	0
939.15	0	.7703762	0	.2296238	0
938.15	0	.7700985	0	.2299015	0
937.15	0	.7698214	0	.2301786	0
936.15	0	.769545	0	.230455	0
935.15	0	.7692692	0	.2307309	0
934.15	0	.768994	0	.2310061	0
933.15	0	.7687194	0	.2312806	0
932.15	0	.7684454	0	.2315546	0
931.15	0	.768172	0	.231828	0
930.15	0	.7678993	0	.2321007	0
929.15	0	.7676272	0	.2323728	0
928.15	0	.7673557	0	.2326443	0
927.15	0	.7670847	0	.2329153	0
926.15	0	.7668145	0	.2331855	0
925.15	0	.7665448	0	.2334552	0
924.15	0	.7662757	0	.2337243	0
923.15	0	.7660073	0	.2339927	0
922.15	0	.7657394	0	.2342606	0
921.15	0	.7654722	0	.2345278	0
920.15	0	.7652056	0	.2347944	0
919.15	0	.7649396	0	.2350604	0
918.15	0	.7646742	0	.2353258	0
917.15	0	.7644094	0	.2355906	0
916.15	0	.7641452	0	.2358548	0
915.15	0	.7638816	0	.2361184	0
914.15	0	.7636187	0	.2363814	0
913.15	0	.7633563	0	.2366437	0
912.15	0	.7630945	0	.2369055	0
911.15	0	.7628334	0	.2371666	0
910.15	0	.7625728	0	.2374272	0
909.15	0	.7623129	0	.2376871	0
908.15	0	.7620535	0	.2379465	0
907.15	0	.7617948	0	.2382052	0
906.15	0	.7615366	0	.2384634	0
905.15	0	.7612791	0	.2387209	0
904.15	0	.7610222	0	.2389778	0
903.15	0	.7607658	0	.2392342	0
902.15	0	.7605101	0	.2394899	0
901.15	0	.760255	0	.2397451	0
900.15	0	.7600004	0	.2399996	0
899.15	0	.7597465	0	.2402535	0
898.15	0	.7594931	0	.2405069	0
897.15	0	.7592404	0	.2407596	0
896.15	0	.7589883	0	.2410118	0
895.15	0	.7587367	0	.2412633	0
894.15	0	.7584858	0	.2415143	0
893.15	0	.7582354	0	.2417646	0
892.15	0	.7579856	0	.2420144	0
891.15	0	.7577365	0	.2422635	0
890.15	0	.7574879	0	.2425121	0
889.15	0	.7572399	0	.2427601	0
888.15	0	.7569925	0	.2430075	0
887.15	0	.7567457	0	.2432543	0
886.15	0	.7564996	0	.2435004	0
885.15	0	.7562539	0	.2437461	0
884.15	0	.7560089	0	.2439911	0
883.15	0	.7557645	0	.2442355	0
882.15	0	.7555207	0	.2444793	0
881.15	0	.7552774	0	.2447226	0
880.15	0	.7550348	0	.2449652	0
879.15	0	.7547927	0	.2452073	0
878.15	0	.7545513	0	.2454487	0
877.15	0	.7543104	0	.2456896	0
876.15	0	.7540701	0	.2459299	0
875.15	0	.7538304	0	.2461696	0
874.15	0	.7535912	0	.2464088	0
873.15	0	.7533527	0	.2466473	0
872.15	0	.7531148	0	.2468853	0
871.15	0	.7528774	0	.2471226	0
870.15	0	.7526406	0	.2473594	0
869.15	0	.7524044	0	.2475956	0
868.15	0	.7521688	0	.2478312	0
867.15	0	.7519338	0	.2480662	0
866.15	0	.7516993	0	.2483007	0
865.15	0	.7514655	0	.2485345	0
864.15	0	.7512322	0	.2487678	0
863.15	0	.7509995	0	.2490005	0
862.15	0	.7507674	0	.2492326	0
861.15	0	.7505359	0	.2494641	0
860.15	0	.750305	0	.2496951	0
859.15	0	.7500746	0	.2499254	0
858.15	0	.7498448	0	.2501552	0
857.15	0	.7496156	0	.2503844	0
856.15	0	.749387	0	.250613	0
855.15	0	.7491589	0	.2508411	0
854.15	0	.7489315	0	.2510685	0
853.15	0	.7487046	0	.2512954	0
852.15	0	.7484783	0	.2515217	0
851.15	0	.7482525	0	.2517475	0
850.15	0	.7480274	0	.2519726	0
849.15	0	.7478028	0	.2521972	0
848.15	0	.7475788	0	.2524212	0
847.15	0	.7473554	0	.2526447	0
846.15	0	.7471325	0	.2528675	0
845.15	0	.7469102	0	.2530898	0
844.15	0	.7466885	0	.2533115	0
843.15	0	.7464674	0	.2535326	0
842.15	0	.7462468	0	.2537532	0
841.15	0	.7460268	0	.2539732	0
840.15	0	.7458074	0	.2541926	0
839.15	0	.7455886	0	.2544114	0
838.15	0	.7453703	0	.2546297	0
837.15	0	.7451526	0	.2548474	0
836.15	0	.7449355	0	.2550645	0
835.15	0	.7447189	0	.2552811	0
834.15	0	.7445029	0	.2554971	0
833.15	0	.7442875	0	.2557125	0
832.15	0	.7440727	0	.2559273	0
831.15	0	.7438584	0	.2561416	0
830.15	0	.7436447	0	.2563553	0
829.3983	0	.7434844	0	.2565156	0
829.3983	0	.7434844	0	.2565156	0
829.3983	0	.7434844	0	.2565156	0
829.15	0	.7432589	2.061625E-04	.256535	0
828.15	0	.7423495	.001038906	.2566116	0
827.15	0	.7414384	.001875504	.2566861	0
826.15	0	.7405255	.002716121	.2567584	0
825.15	0	.7396105	.003560927	.2568285	0
824.15	0	.7386935	.004410099	.2568964	0
823.15	0	.7377741	.005263822	.2569621	0
822.15	0	.7368524	.00612229	.2570254	0
821.15	0	.735928	.006985705	.2570863	0
820.15	0	.7350009	.007854278	.2571448	0
819.15	0	.7340709	.008728229	.2572008	0
818.15	0	.7331378	.009607789	.2572544	0
817.15	0	.7322015	.0104932	.2573053	0
816.15	0	.7312616	.01138472	.2573536	0
815.15	0	.7303181	.01228261	.2573993	0
814.15	0	.7293707	.01318715	.2574421	0
813.15	0	.7284192	.01409864	.2574822	0
812.15	0	.7274633	.01501739	.2575193	0
811.15	0	.7265028	.01594372	.2575535	0
810.15	0	.7255374	.01687799	.2575846	0
809.15	0	.7245668	.01782055	.2576126	0
808.15	0	.7235908	.0187718	.2576374	0
807.15	0	.722609	.01973214	.2576588	0
806.15	0	.7216211	.020702	.2576769	0
805.15	0	.7206267	.02168186	.2576914	0
804.15	0	.7196255	.0226722	.2577023	0
803.15	0	.718617	.02367354	.2577095	0
802.15	0	.7176008	.02468645	.2577127	0
801.15	0	.7165765	.02571152	.257712	0
800.15	0	.7155435	.02674939	.2577072	0
799.15	0	.7145013	.02780075	.257698	0
798.15	0	.7134493	.02886635	.2576843	0
797.15	0	.712387	.02994697	.257666	0
796.15	0	.7113137	.03104348	.2576429	0
795.15	0	.7102285	.03215682	.2576147	0
794.15	0	.7091308	.03328799	.2575812	0
793.15	0	.7080198	.0344381	.2575422	0
792.15	0	.7068947	.035608	.2574973	0
791.15	0	.7057539	.03679974	.2574464	0
790.15	0	.7045966	.03801439	.2573891	0
789.15	0	.7034215	.03925353	.257325	0
788.15	0	.7022273	.04051895	.2572537	0
787.15	0	.7010125	.0418126	.2571749	0
786.15	0	.6997753	.04313667	.257088	0
785.15	0	.6985139	.04449362	.2569924	0
784.15	0	.6964933	.0467762	.2567305	0
783.15	0	.6944891	.04904593	.256465	0
782.15	0	.6925709	.05121784	.2562112	0
781.15	0	.6907324	.05329917	.2559685	0
780.15	0	.6889676	.05529641	.255736	0
779.15	0	.6872716	.05721547	.255513	0
778.15	0	.6856394	.05906166	.2552989	0
777.15	0	.684067	.06083981	.2550931	0
776.15	0	.6825505	.06255431	.2548952	0
775.15	0	.6810863	.06420915	.2547045	0
774.15	0	.6796713	.06580799	.2545208	0
773.15	0	.6783024	.06735417	.2543434	0
772.15	0	.6769771	.06885074	.2541721	0
771.15	0	.6756929	.07030052	.2540066	0
770.15	0	.6744475	.0717061	.2538464	0
769.15	0	.6732388	.07306986	.2536913	0
768.15	0	.6720649	.07439402	.253541	0
767.15	0	.6709241	.07568061	.2533953	0
766.15	0	.6698146	.07693154	.2532539	0
765.15	0	.6687349	.07814855	.2531166	0
764.15	0	.6676836	.0793333	.2529831	0
763.15	0	.6666594	.0804873	.2528533	0
762.15	0	.665661	.08161197	.252727	0
761.15	0	.6646873	.08270866	.252604	0
760.15	0	.6637372	.08377861	.2524842	0
759.15	0	.6628096	.08482297	.2523674	0
758.15	0	.6619036	.08584286	.2522535	0
757.15	0	.6610184	.08683929	.2521424	0
756.15	0	.660153	.08781324	.2520338	0
755.15	0	.6593067	.08876561	.2519277	0
754.15	0	.6584787	.08969727	.2518241	0
753.15	0	.6576683	.09060902	.2517227	0
752.15	0	.6568749	.09150164	.2516235	0
751.15	0	.6560978	.09237584	.2515264	0
750.15	0	.6553364	.09323232	.2514312	0
749.15	0	.6545902	.09407172	.2513381	0
748.15	0	.6538586	.09489465	.2512467	0
747.15	0	.6531412	.09570171	.2511571	0
746.15	0	.6524373	.09649345	.2510693	0
745.15	0	.6517466	.0972704	.250983	0
744.15	0	.6510687	.09803305	.2508983	0
743.15	0	.650403	.09878189	.2508151	0
742.15	0	.6497493	.09951738	.2507334	0
741.15	0	.649107	.1002399	.250653	0
740.15	0	.648476	.10095	.250574	0
739.15	0	.6478558	.1016479	.2504963	0
738.15	0	.6472461	.1023341	.2504198	0
737.15	0	.6466465	.103009	.2503445	0
736.15	0	.6460569	.1036728	.2502703	0
735.15	0	.6454768	.1043259	.2501973	0
734.15	0	.644906	.1049687	.2501253	0
733.15	0	.6443443	.1056013	.2500544	0
732.15	0	.6437913	.1062242	.2499845	0
731.15	0	.6432469	.1068376	.2499155	0
730.15	0	.6427108	.1074418	.2498474	0
729.15	0	.6421828	.108037	.2497803	0
728.15	0	.6416626	.1086234	.2497139	0
727.15	0	.6411501	.1092014	.2496485	0
726.15	0	.6406451	.1097711	.2495838	0
725.15	0	.6401473	.1103328	.24952	0
724.15	0	.6396566	.1108866	.2494568	0
723.15	0	.6391728	.1114328	.2493944	0
722.15	0	.6386957	.1119716	.2493327	0
721.15	0	.6382251	.1125031	.2492717	0
720.15	0	.637761	.1130276	.2492114	0
719.15	0	.6373031	.1135453	.2491517	0
718.15	0	.6368513	.1140562	.2490926	0
717.15	0	.6364054	.1145606	.2490341	0
716.15	0	.6359653	.1150585	.2489762	0
715.15	0	.6355309	.1155503	.2489188	0
714.15	0	.635102	.116036	.248862	0
713.15	0	.6346786	.1165157	.2488057	0
712.15	0	.6342604	.1169896	.2487499	0
711.15	0	.6338475	.1174579	.2486946	0
710.15	0	.6334395	.1179206	.2486398	0
709.15	0	.6330366	.118378	.2485855	0
708.15	0	.6326384	.11883	.2485316	0
707.15	0	.632245	.1192768	.2484782	0
706.15	0	.6318563	.1197186	.2484251	0
705.15	0	.631472	.1201555	.2483725	0
704.15	0	.6310922	.1205875	.2483203	0
703.15	0	.6307168	.1210147	.2482685	0
702.15	0	.6303456	.1214374	.248217	0
701.15	0	.6299786	.1218555	.2481659	0
700.15	0	.6296157	.1222691	.2481152	0
699.15	0	.6292568	.1226784	.2480648	0
698.15	0	.6289019	.1230834	.2480148	0
697.15	0	.6285507	.1234843	.247965	0
696.15	0	.6282034	.123881	.2479156	0
695.15	0	.6278598	.1242738	.2478665	0
694.15	0	.6275198	.1246626	.2478177	0
693.15	0	.6271833	.1250475	.2477692	0
692.15	0	.6268504	.1254287	.2477209	0
691.15	0	.6265209	.1258062	.2476729	0
690.15	0	.6261948	.12618	.2476252	0
689.15	0	.625872	.1265503	.2475778	0
688.15	0	.6255524	.126917	.2475306	0
687.15	0	.625236	.1272804	.2474836	0
686.15	0	.6249228	.1276403	.2474369	0
685.15	0	.6246126	.127997	.2473904	0
684.15	0	.6243054	.1283504	.2473442	0
683.15	0	.6240013	.1287006	.2472981	0
682.15	0	.6237	.1290477	.2472523	0
681.15	0	.6234016	.1293917	.2472067	0
680.15	0	.6231061	.1297327	.2471612	0
679.15	0	.6228133	.1300707	.247116	0
678.15	0	.6225232	.1304058	.247071	0
677.15	0	.6222358	.1307381	.2470261	0
676.15	0	.6219511	.1310675	.2469815	0
675.15	0	.6216689	.1313941	.246937	0
674.15	0	.6213893	.1317181	.2468926	0
673.15	0	.6211122	.1320393	.2468485	0
672.15	0	.6208376	.132358	.2468045	0
671.15	0	.6205654	.132674	.2467606	0
670.15	0	.6202956	.1329875	.2467169	0
669.15	0	.6200282	.1332984	.2466734	0
668.15	0	.619763	.1336069	.24663	0
667.15	0	.6195002	.133913	.2465868	0
666.15	0	.6192396	.1342167	.2465437	0
665.15	0	.6189812	.1345181	.2465007	0
664.15	0	.6187251	.1348171	.2464578	0
663.15	0	.618471	.1351139	.2464151	0
662.15	0	.6182191	.1354084	.2463725	0
661.15	0	.6179692	.1357007	.2463301	0
660.15	0	.6177215	.1359908	.2462877	0
659.15	0	.6174757	.1362788	.2462455	0
658.15	0	.6172319	.1365647	.2462034	0
657.15	0	.6169901	.1368485	.2461614	0
656.15	0	.6167503	.1371303	.2461195	0
655.15	0	.6165123	.13741	.2460777	0
654.15	0	.6162763	.1376877	.246036	0
653.15	0	.6160421	.1379635	.2459944	0
652.15	0	.6158097	.1382374	.2459529	0
651.15	0	.6155791	.1385094	.2459115	0
650.15	0	.6153504	.1387794	.2458702	0
649.15	0	.6151233	.1390477	.245829	0
648.15	0	.6148981	.139314	.2457879	0
647.15	0	.6146745	.1395786	.2457469	0
646.15	0	.6144526	.1398415	.2457059	0
645.15	0	.6142324	.1401026	.2456651	0
644.15	0	.6140138	.1403619	.2456243	0
643.15	0	.6137969	.1406195	.2455836	0
642.15	0	.6135815	.1408755	.245543	0
641.15	0	.6133678	.1411298	.2455024	0
640.15	0	.6131556	.1413825	.245462	0
639.15	0	.612945	.1416335	.2454216	0
638.15	0	.6127358	.1418829	.2453812	0
637.15	0	.6125282	.1421308	.245341	0
636.15	0	.6123221	.1423771	.2453008	0
635.15	0	.6121174	.1426219	.2452607	0
634.15	0	.6119142	.1428652	.2452206	0
633.15	0	.6117124	.1431069	.2451807	0
632.15	0	.6115121	.1433472	.2451407	0
631.15	0	.6113131	.143586	.2451009	0
630.15	0	.6111155	.1438234	.2450611	0
629.15	0	.6109193	.1440594	.2450214	0
628.15	0	.6107244	.1442939	.2449817	0
627.15	0	.6105309	.144527	.2449421	0
626.15	0	.6103387	.1447588	.2449025	0
625.15	0	.6101478	.1449892	.244863	0
624.15	0	.6099581	.1452183	.2448236	0
623.15	0	.6097698	.145446	.2447842	0
622.15	0	.6095827	.1456725	.2447448	0
621.15	0	.6093969	.1458976	.2447055	0
620.15	0	.6092123	.1461214	.2446663	0
619.15	0	.6090289	.146344	.2446271	0
618.15	0	.6088467	.1465653	.244588	0
617.15	0	.6086657	.1467854	.2445489	0
616.15	0	.6084859	.1470043	.2445099	0
615.15	0	.6083072	.1472219	.2444709	0
614.15	0	.6081297	.1474383	.244432	0
613.15	0	.6079534	.1476535	.2443931	0
612.15	0	.6077781	.1478676	.2443542	0
611.15	0	.607604	.1480805	.2443155	0
610.15	0	.607431	.1482923	.2442767	0
609.15	0	.6072591	.1485029	.244238	0
608.15	0	.6070883	.1487124	.2441994	0
607.15	0	.6069185	.1489207	.2441607	0
606.15	0	.6067499	.149128	.2441222	0
605.15	0	.6065822	.1493341	.2440836	0
604.15	0	.6064156	.1495392	.2440452	0
603.15	0	.6062501	.1497432	.2440067	0
602.15	0	.6060855	.1499462	.2439683	0
601.15	0	.605922	.1501481	.24393	0
600.15	0	.6057595	.1503489	.2438916	0
599.15	0	.6055979	.1505487	.2438534	0
598.15	0	.6054373	.1507475	.2438151	0
597.15	0	.6052778	.1509453	.2437769	0
596.15	0	.6051191	.1511421	.2437388	0
595.15	0	.6049615	.1513379	.2437007	0
594.15	0	.6048047	.1515327	.2436626	0
593.15	0	.6046489	.1517265	.2436246	0
592.15	0	.6044941	.1519193	.2435866	0
591.15	0	.6043401	.1521112	.2435486	0
590.15	0	.6041871	.1523022	.2435107	0
589.15	0	.604035	.1524922	.2434728	0
588.15	0	.6038837	.1526813	.243435	0
587.15	0	.6037334	.1528694	.2433972	0
586.15	0	.6035839	.1530566	.2433595	0
585.15	0	.6034353	.153243	.2433217	0
584.15	0	.6032876	.1534284	.2432841	0
583.15	0	.6031407	.1536129	.2432464	0
582.15	0	.6029947	.1537965	.2432088	0
581.15	0	.6028495	.1539793	.2431713	0
580.15	0	.6027051	.1541611	.2431337	0
579.15	0	.6025616	.1543422	.2430963	0
578.15	0	.6024189	.1545223	.2430588	0
577.15	0	.602277	.1547016	.2430214	0
576.15	0	.6021359	.1548801	.242984	0
575.15	0	.6019956	.1550577	.2429467	0
574.15	0	.6018561	.1552345	.2429094	0
573.15	0	.6017174	.1554104	.2428722	0
572.15	0	.6015795	.1555856	.2428349	0
571.15	0	.6014423	.1557599	.2427978	0
570.15	0	.6013059	.1559334	.2427606	0
569.15	0	.6011703	.1561061	.2427236	0
568.15	0	.6010355	.156278	.2426865	0
567.15	0	.6009014	.1564492	.2426495	0
566.15	0	.600768	.1566195	.2426125	0
565.15	0	.6006354	.1567891	.2425756	0
564.15	0	.6005035	.1569579	.2425387	0
563.15	0	.6003723	.1571259	.2425018	0
562.15	0	.6002419	.1572931	.242465	0
561.15	0	.6001121	.1574596	.2424282	0
560.15	0	.5999831	.1576254	.2423915	0
559.15	0	.5998548	.1577904	.2423548	0
558.15	0	.5997272	.1579547	.2423182	0
557.15	0	.5996003	.1581182	.2422815	0
556.15	0	.5994741	.158281	.242245	0
555.15	0	.5993485	.158443	.2422084	0
554.15	0	.5992237	.1586044	.242172	0
553.15	0	.5990995	.158765	.2421355	0
552.15	0	.598976	.1589249	.2420991	0
551.15	0	.5988533	.1590841	.2420627	0
550.15	0	.5987311	.1592425	.2420264	0
549.15	0	.5986096	.1594003	.2419901	0
548.15	0	.5984887	.1595574	.2419539	0
547.15	0	.5983685	.1597138	.2419177	0
546.15	0	.598249	.1598695	.2418816	0
545.15	0	.59813	.1600245	.2418455	0
544.15	0	.5980117	.1601789	.2418094	0
543.15	0	.5978941	.1603325	.2417734	0
542.15	0	.5977771	.1604855	.2417374	0
541.15	0	.5976607	.1606378	.2417015	0
540.15	0	.5975449	.1607895	.2416657	0
539.15	0	.5974297	.1609405	.2416298	0
538.15	0	.5973152	.1610908	.2415941	0
537.15	0	.5972012	.1612405	.2415583	0
536.15	0	.5970879	.1613895	.2415227	0
535.15	0	.5969751	.1615379	.241487	0
534.15	0	.596863	.1616856	.2414514	0
533.15	0	.5967515	.1618327	.2414159	0
532.15	0	.5966405	.1619791	.2413804	0
531.15	0	.5965301	.1621249	.241345	0
530.15	0	.5964203	.1622701	.2413096	0
529.15	0	.5963111	.1624147	.2412742	0
528.15	0	.5962025	.1625586	.2412389	0
527.15	0	.5960944	.1627019	.2412037	0
526.15	0	.5959869	.1628446	.2411685	0
525.15	0	.59588	.1629866	.2411334	0
524.15	0	.5957736	.1631281	.2410983	0
523.15	0	.5956678	.1632689	.2410633	0
522.15	0	.5955626	.1634091	.2410283	0
521.15	0	.5954579	.1635488	.2409934	0
520.15	0	.5953538	.1636878	.2409585	0
519.15	0	.5952502	.1638262	.2409237	0
518.15	0	.5951471	.163964	.2408889	0
517.15	0	.5950446	.1641012	.2408542	0
516.15	0	.5949426	.1642379	.2408195	0
515.15	0	.5948412	.1643739	.2407849	0
514.15	0	.5947403	.1645094	.2407504	0
513.15	0	.5946399	.1646442	.2407159	0
512.15	0	.59454	.1647785	.2406814	0
511.15	0	.5944407	.1649122	.2406471	0
510.15	0	.5943419	.1650454	.2406127	0
509.15	0	.5942436	.1651779	.2405785	0
508.15	0	.5941458	.1653099	.2405443	0
507.15	0	.5940486	.1654413	.2405101	0
506.15	0	.5939519	.1655721	.240476	0
505.15	0	.5938556	.1657024	.240442	0
504.15	0	.5937599	.1658321	.240408	0
503.15	0	.5936646	.1659612	.2403741	0
502.15	0	.5935699	.1660898	.2403403	0
501.15	0	.5934757	.1662178	.2403065	0
500.15	0	.5933819	.1663453	.2402728	0
499.15	0	.5932887	.1664722	.2402391	0
498.15	0	.593196	.1665985	.2402055	0
497.15	0	.5931037	.1667243	.240172	0
496.15	0	.5930119	.1668496	.2401385	0
495.15	0	.5929206	.1669743	.2401051	0
494.15	0	.5928298	.1670985	.2400718	0
493.15	0	.5927395	.1672221	.2400385	0
492.15	0	.5926496	.1673451	.2400053	0
491.15	0	.5925602	.1674677	.2399721	0
490.15	0	.5924713	.1675897	.239939	0
489.15	0	.5923829	.1677111	.239906	0
488.15	0	.5922949	.167832	.2398731	0
487.15	0	.5922074	.1679524	.2398402	0
486.15	0	.5921204	.1680723	.2398074	0
485.15	0	.5920338	.1681916	.2397746	0
484.15	0	.5919477	.1683104	.2397419	0
483.15	0	.591862	.1684286	.2397093	0
482.15	0	.5917768	.1685464	.2396768	0
481.15	0	.5916921	.1686636	.2396443	0
480.15	0	.5916078	.1687803	.2396119	0
479.15	0	.591524	.1688964	.2395796	0
478.15	0	.5914406	.1690121	.2395474	0
477.15	0	.5913576	.1691272	.2395152	0
476.15	0	.5912751	.1692418	.2394831	0
475.15	0	.5911931	.1693559	.239451	0
474.15	0	.5911114	.1694695	.2394191	0
473.15	0	.5910303	.1695826	.2393872	0
472.15	0	.5909495	.1696951	.2393554	0
471.15	0	.5908692	.1698072	.2393236	0
470.15	0	.5907893	.1699187	.239292	0
469.15	0	.5907099	.1700297	.2392604	0
468.15	0	.5906309	.1701402	.2392289	0
467.15	0	.5905523	.1702502	.2391974	0
466.15	0	.5904742	.1703598	.2391661	0
465.15	0	.5903964	.1704688	.2391348	0
464.15	0	.5903192	.1705773	.2391036	0
463.15	0	.5902423	.1706853	.2390725	0
462.15	0	.5901658	.1707928	.2390414	0
461.15	0	.5900898	.1708998	.2390105	0
460.15	0	.5900142	.1710063	.2389796	0
459.15	0	.5899389	.1711123	.2389488	0
458.15	0	.5898642	.1712178	.2389181	0
457.15	0	.5897898	.1713228	.2388874	0
456.15	0	.5897158	.1714273	.2388569	0
455.15	0	.5896423	.1715314	.2388264	0
454.15	0	.5895691	.1716349	.238796	0
453.15	0	.5894964	.171738	.2387657	0
452.15	0	.589424	.1718405	.2387354	0
451.15	0	.5893521	.1719426	.2387053	0
450.15	0	.5892806	.1720442	.2386753	0
449.15	0	.5892095	.1721452	.2386453	0
448.15	0	.5891388	.1722458	.2386154	0
447.15	0	.5890685	.1723458	.2385857	0
446.15	0	.5889987	.1724453	.238556	0
445.15	0	.5889292	.1725444	.2385264	0
444.15	0	.5888602	.1726429	.2384969	0
443.15	0	.5887916	.1727409	.2384675	0
442.15	0	.5887233	.1728384	.2384382	0
441.15	0	.5886556	.1729354	.2384091	0
440.15	0	.5885882	.1730318	.23838	0
439.15	0	.5885212	.1731277	.238351	0
438.15	0	.5884547	.1732231	.2383222	0
437.15	0	.5883886	.173318	.2382934	0
436.15	0	.5883229	.1734123	.2382648	0
435.15	0	.5882577	.173506	.2382363	0
434.15	0	.5881929	.1735993	.2382079	0
433.15	0	.5881285	.173692	.2381796	0
432.15	0	.5880645	.1737841	.2381514	0
431.15	0	.588001	.1738757	.2381234	0
430.15	0	.5879379	.1739667	.2380955	0
429.15	0	.5878752	.1740572	.2380676	0
428.15	0	.5878129	.1741471	.23804	0
427.15	0	.5877511	.1742364	.2380124	0
426.15	0	.5876897	.1743253	.237985	0
425.15	0	.5876288	.1744135	.2379577	0
424.15	0	.5875682	.1745012	.2379306	0
423.15	0	.5875081	.1745883	.2379035	0
422.15	0	.5874485	.1746749	.2378766	0
421.15	0	.5873892	.1747609	.2378499	0
420.15	0	.5873304	.1748464	.2378232	0
419.15	0	.587272	.1749313	.2377967	0
418.15	0	.5872141	.1750156	.2377704	0
417.15	0	.5871565	.1750994	.2377441	0
416.15	0	.5870994	.1751826	.237718	0
415.15	0	.5870427	.1752653	.2376921	0
414.15	0	.5869864	.1753474	.2376662	0
413.15	0	.5869306	.1754289	.2376405	0
412.15	0	.5868751	.1755099	.237615	0
411.15	0	.5868201	.1755903	.2375896	0
410.15	0	.5867655	.1756702	.2375643	0
409.15	0	.5867113	.1757496	.2375392	0
408.15	0	.5866575	.1758283	.2375141	0
407.15	0	.5866041	.1759066	.2374893	0
406.15	0	.5865512	.1759843	.2374646	0
405.15	0	.5864986	.1760614	.23744	0
404.15	0	.5864465	.176138	.2374155	0
403.15	0	.5863948	.1762141	.2373912	0
402.15	0	.5863434	.1762896	.237367	0
401.15	0	.5862925	.1763645	.237343	0
400.15	0	.5862419	.176439	.2373191	0
399.15	0	.5861918	.1765129	.2372953	0
398.15	0	.586142	.1765863	.2372717	0
397.15	0	.5860926	.1766591	.2372482	0
396.15	0	.5860437	.1767314	.2372249	0
395.15	0	.5859951	.1768032	.2372017	0
394.15	0	.5859469	.1768745	.2371786	0
393.15	0	.5858991	.1769453	.2371557	0
392.15	0	.5858516	.1770155	.2371329	0
391.15	0	.5858046	.1770852	.2371102	0
390.15	0	.5857579	.1771544	.2370877	0
389.15	0	.5857116	.1772231	.2370653	0
388.15	0	.5856656	.1772913	.2370431	0
387.15	0	.58562	.177359	.2370209	0
386.15	0	.5855748	.1774262	.236999	0
385.15	0	.58553	.1774929	.2369771	0
384.15	0	.5854855	.1775591	.2369554	0
383.15	0	.5854413	.1776248	.2369338	0
382.15	0	.5853976	.1776901	.2369124	0
381.15	0	.5853542	.1777548	.236891	0
380.15	0	.5853111	.1778191	.2368699	0
379.15	0	.5852684	.1778829	.2368488	0
378.15	0	.585226	.1779462	.2368279	0
377.15	0	.5851839	.178009	.2368071	0
376.15	0	.5851422	.1780714	.2367864	0
375.15	0	.5851009	.1781333	.2367659	0
374.15	0	.5850598	.1781947	.2367455	0
373.15	0	.5850191	.1782557	.2367252	0
372.15	0	.5849787	.1783162	.2367051	0
371.15	0	.5849387	.1783763	.236685	0
370.15	0	.584899	.1784359	.2366651	0
369.15	0	.5848596	.1784951	.2366454	0
368.15	0	.5848205	.1785538	.2366257	0
367.15	0	.5847817	.1786121	.2366062	0
366.15	0	.5847433	.17867	.2365868	0
365.15	0	.5847051	.1787274	.2365675	0
364.15	0	.5846673	.1787844	.2365483	0
363.15	0	.5846297	.178841	.2365293	0
362.15	0	.5845925	.1788971	.2365104	0
361.15	0	.5845555	.1789528	.2364916	0
360.15	0	.5845189	.1790082	.2364729	0
359.15	0	.5844825	.1790631	.2364544	0
358.15	0	.5844465	.1791176	.236436	0
357.15	0	.5844107	.1791717	.2364176	0
356.15	0	.5843752	.1792254	.2363994	0
355.15	0	.58434	.1792787	.2363813	0
354.15	0	.5843051	.1793316	.2363634	0
353.15	0	.5842704	.1793841	.2363455	0
352.15	0	.584236	.1794362	.2363278	0
351.15	0	.5842019	.179488	.2363101	0
350.15	0	.5841681	.1795393	.2362926	0
349.15	0	.5841345	.1795903	.2362752	0
348.15	0	.5841012	.1796409	.2362579	0
347.15	0	.5840681	.1796912	.2362407	0
346.15	0	.5840353	.179741	.2362237	0
345.15	0	.5840027	.1797906	.2362067	0
344.15	0	.5839704	.1798397	.2361899	0
343.15	0	.5839384	.1798885	.2361731	0
342.15	0	.5839066	.1799369	.2361565	0
341.15	0	.583875	.179985	.2361399	0
340.15	0	.5838437	.1800328	.2361235	0
339.15	0	.5838126	.1800802	.2361072	0
338.15	0	.5837818	.1801272	.236091	0
337.15	0	.5837512	.180174	.2360749	0
336.15	0	.5837208	.1802203	.2360588	0
335.15	0	.5836907	.1802664	.2360429	0
334.15	0	.5836607	.1803121	.2360271	0
333.15	0	.5836311	.1803575	.2360114	0
332.15	0	.5836016	.1804026	.2359958	0
331.15	0	.5835723	.1804474	.2359803	0
330.15	0	.5835433	.1804918	.2359649	0
329.15	0	.5835144	.180536	.2359496	0
328.15	0	.5834858	.1805798	.2359344	0
327.15	0	.5834574	.1806233	.2359193	0
326.15	0	.5834292	.1806665	.2359043	0
325.15	0	.5834012	.1807094	.2358894	0
324.15	0	.5833734	.1807521	.2358746	0
323.15	0	.5833458	.1807944	.2358598	0
322.15	0	.5833184	.1808364	.2358452	0
321.15	0	.5832911	.1808782	.2358307	0
320.15	0	.5832641	.1809196	.2358162	0
319.15	0	.5832373	.1809608	.2358019	0
318.15	0	.5832106	.1810017	.2357877	0
317.15	0	.5831842	.1810423	.2357735	0
316.15	0	.5831579	.1810827	.2357594	0
315.15	0	.5831318	.1811228	.2357454	0
314.15	0	.5831059	.1811626	.2357316	0
313.15	0	.5830801	.1812021	.2357178	0
312.15	0	.5830545	.1812414	.2357041	0
311.15	0	.5830291	.1812804	.2356904	0
310.15	0	.5830039	.1813192	.2356769	0
309.15	0	.5829788	.1813577	.2356635	0
308.15	0	.5829539	.181396	.2356501	0
307.15	0	.5829292	.181434	.2356369	0
306.15	0	.5829046	.1814717	.2356237	0
305.15	0	.5828802	.1815092	.2356106	0
304.15	0	.5828559	.1815465	.2355976	0
303.15	0	.5828318	.1815835	.2355847	0
302.15	0	.5828078	.1816203	.2355719	0
301.15	0	.582784	.1816569	.2355591	0
