T	 BPW(LIQUID)	BPW(BCC_A2)	BPW(FCC_A1)	BPW(LAVES_PHASE_C14)	BPW(NI3TI)
1473.15	.3627605	.5423263	0	.09491322	0
1472.15	.3561982	.5466755	0	.09712635	0
1471.15	.3497581	.550939	0	.09930294	0
1470.15	.3434369	.5551191	0	.101444	0
1469.15	.3372314	.559218	0	.1035506	0
1468.15	.3311385	.5632379	0	.1056236	0
1467.15	.3251552	.5671809	0	.1076639	0
1466.15	.3192787	.5710489	0	.1096724	0
1465.15	.3135061	.5748439	0	.11165	0
1464.15	.3078348	.5785677	0	.1135975	0
1463.15	.3022621	.5822221	0	.1155157	0
1462.15	.2967857	.585809	0	.1174054	0
1461.15	.2914029	.5893299	0	.1192672	0
1460.15	.2861115	.5927865	0	.121102	0
1459.15	.2809092	.5961804	0	.1229104	0
1458.15	.2757938	.5995131	0	.1246931	0
1457.15	.2707632	.6027861	0	.1264507	0
1456.15	.2658152	.6060009	0	.1281839	0
1455.15	.2609479	.6091588	0	.1298933	0
1454.15	.2561594	.6122612	0	.1315795	0
1453.15	.2514477	.6153093	0	.133243	0
1452.15	.2468111	.6183046	0	.1348844	0
1451.15	.2422477	.6212481	0	.1365042	0
1450.15	.2377559	.6241412	0	.1381029	0
1449.15	.233334	.6269849	0	.1396812	0
1448.15	.2289803	.6297803	0	.1412393	0
1447.15	.2246934	.6325287	0	.1427779	0
1446.15	.2204717	.635231	0	.1442974	0
1445.15	.2163136	.6378882	0	.1457982	0
1444.15	.2122179	.6405014	0	.1472807	0
1443.15	.2081831	.6430715	0	.1487454	0
1442.15	.2042078	.6455996	0	.1501927	0
1441.15	.2002907	.6480864	0	.1516229	0
1440.15	.1964306	.6505329	0	.1530366	0
1439.15	.1926262	.6529399	0	.1544339	0
1438.15	.1888763	.6553084	0	.1558153	0
1437.15	.1851797	.6576391	0	.1571812	0
1436.15	.1815353	.6599328	0	.1585319	0
1435.15	.177942	.6621903	0	.1598677	0
1434.15	.1743987	.6644123	0	.161189	0
1433.15	.1709044	.6665997	0	.162496	0
1432.15	.167458	.668753	0	.163789	0
1431.15	.1640585	.6708731	0	.1650685	0
1430.15	.160705	.6729605	0	.1663345	0
1429.15	.1573965	.675016	0	.1675875	0
1428.15	.1541321	.6770402	0	.1688277	0
1427.15	.1509109	.6790337	0	.1700554	0
1426.15	.1477321	.6809971	0	.1712708	0
1425.15	.1445948	.682931	0	.1724742	0
1424.15	.1414981	.6848361	0	.1736658	0
1423.15	.1384413	.6867128	0	.1748459	0
1422.15	.1354236	.6885617	0	.1760147	0
1421.15	.1324442	.6903834	0	.1771724	0
1420.15	.1295024	.6921784	0	.1783192	0
1419.15	.1265974	.6939472	0	.1794554	0
1418.15	.1237285	.6956903	0	.1805812	0
1417.15	.120895	.6974082	0	.1816968	0
1416.15	.1180964	.6991014	0	.1828023	0
1415.15	.1153318	.7007702	0	.183898	0
1414.15	.1126006	.7024153	0	.1849841	0
1413.15	.1099023	.704037	0	.1860607	0
1412.15	.1072363	.7056357	0	.187128	0
1411.15	.1046018	.707212	0	.1881862	0
1410.15	.1019984	.7087661	0	.1892355	0
1409.15	.09942541	.7102985	0	.1902761	0
1408.15	.09688235	.7118096	0	.191308	0
1407.15	.09436866	.7132998	0	.1923315	0
1406.15	.0918838	.7147695	0	.1933468	0
1405.15	.08942725	.7162189	0	.1943538	0
1404.15	.08699851	.7176485	0	.195353	0
1403.15	.08459708	.7190587	0	.1963442	0
1402.15	.08222248	.7204497	0	.1973278	0
1401.15	.07987423	.721822	0	.1983038	0
1400.15	.07755187	.7231757	0	.1992724	0
1399.15	.07525495	.7245113	0	.2002337	0
1398.15	.07298302	.7258291	0	.2011879	0
1397.15	.07073566	.7271294	0	.202135	0
1396.15	.06851243	.7284124	0	.2030752	0
1395.15	.06631293	.7296785	0	.2040086	0
1394.15	.06413675	.730928	0	.2049353	0
1393.15	.0619835	.7321611	0	.2058554	0
1392.15	.05985278	.7333781	0	.2067692	0
1391.15	.05774422	.7345793	0	.2076765	0
1390.15	.05565745	.7357649	0	.2085777	0
1389.15	.0535921	.7369352	0	.2094727	0
1388.15	.05154782	.7380905	0	.2103617	0
1387.15	.04952426	.739231	0	.2112447	0
1386.15	.04752108	.740357	0	.212122	0
1385.15	.04553795	.7414686	0	.2129935	0
1384.15	.04357453	.7425662	0	.2138593	0
1383.15	.04163051	.7436498	0	.2147197	0
1382.15	.03970558	.7447199	0	.2155745	0
1381.15	.03779942	.7457766	0	.216424	0
1380.15	.03591175	.74682	0	.2172682	0
1379.15	.03404225	.7478505	0	.2181073	0
1378.15	.03219065	.7488682	0	.2189412	0
1377.15	.03035666	.7498733	0	.2197701	0
1376.15	.02854	.750866	0	.220594	0
1375.15	.0267404	.7518465	0	.2214131	0
1374.15	.0249576	.7528151	0	.2222273	0
1373.15	.02319134	.7537718	0	.2230369	0
1372.15	.02144134	.7547169	0	.2238417	0
1371.15	.01970738	.7556506	0	.2246421	0
1370.15	.0179892	.756573	0	.2254378	0
1369.15	.01628656	.7574843	0	.2262292	0
1368.15	.01459922	.7583846	0	.2270162	0
1367.15	.01292694	.7592742	0	.2277989	0
1366.15	.01126951	.7601532	0	.2285773	0
1365.15	.009626703	.7610218	0	.2293515	0
1364.15	.007998291	.7618801	0	.2301217	0
1363.15	.006384063	.7627282	0	.2308877	0
1362.15	.004783807	.7635664	0	.2316498	0
1361.15	.003197317	.7643947	0	.232408	0
1360.15	.001624389	.7652134	0	.2331622	0
1359.15	6.482427E-05	.7660225	0	.2339126	0
1359.108	0	.7660561	0	.2339439	0
1359.108	0	.7660561	0	.2339439	0
1358.15	0	.7655579	0	.2344421	0
1357.15	0	.7650392	0	.2349608	0
1356.15	0	.7645217	0	.2354783	0
1355.15	0	.7640054	0	.2359947	0
1354.15	0	.7634902	0	.2365098	0
1353.15	0	.7629762	0	.2370238	0
1352.15	0	.7624634	0	.2375366	0
1351.15	0	.7619517	0	.2380483	0
1350.15	0	.7614412	0	.2385588	0
1349.15	0	.7609319	0	.2390681	0
1348.15	0	.7604237	0	.2395763	0
1347.15	0	.7599167	0	.2400833	0
1346.15	0	.7594108	0	.2405892	0
1345.15	0	.7589061	0	.2410939	0
1344.15	0	.7584025	0	.2415975	0
1343.15	0	.7579001	0	.2420999	0
1342.15	0	.7573988	0	.2426013	0
1341.15	0	.7568986	0	.2431014	0
1340.15	0	.7563995	0	.2436005	0
1339.15	0	.7559016	0	.2440984	0
1338.15	0	.7554048	0	.2445952	0
1337.15	0	.7549091	0	.2450909	0
1336.15	0	.7544145	0	.2455855	0
1335.15	0	.753921	0	.246079	0
1334.15	0	.7534287	0	.2465714	0
1333.15	0	.7529374	0	.2470626	0
1332.15	0	.7524472	0	.2475528	0
1331.15	0	.7519582	0	.2480418	0
1330.15	0	.7514702	0	.2485298	0
1329.15	0	.7509833	0	.2490167	0
1328.15	0	.7504975	0	.2495025	0
1327.15	0	.7500128	0	.2499872	0
1326.15	0	.7495291	0	.2504709	0
1325.15	0	.7490466	0	.2509534	0
1324.15	0	.7485651	0	.2514349	0
1323.15	0	.7480847	0	.2519153	0
1322.15	0	.7476053	0	.2523947	0
1321.15	0	.747127	0	.252873	0
1320.15	0	.7466498	0	.2533502	0
1319.15	0	.7461736	0	.2538264	0
1318.15	0	.7456985	0	.2543015	0
1317.15	0	.7452244	0	.2547756	0
1316.15	0	.7447514	0	.2552486	0
1315.15	0	.7442794	0	.2557206	0
1314.15	0	.7438084	0	.2561916	0
1313.15	0	.7433385	0	.2566615	0
1312.15	0	.7428696	0	.2571304	0
1311.15	0	.7424018	0	.2575982	0
1310.15	0	.741935	0	.258065	0
1309.15	0	.7414692	0	.2585308	0
1308.15	0	.7410044	0	.2589956	0
1307.15	0	.7405406	0	.2594594	0
1306.15	0	.7400779	0	.2599221	0
1305.15	0	.7396162	0	.2603838	0
1304.15	0	.7391555	0	.2608445	0
1303.15	0	.7386957	0	.2613043	0
1302.15	0	.738237	0	.261763	0
1301.15	0	.7377793	0	.2622207	0
1300.15	0	.7373226	0	.2626774	0
1299.15	0	.7368669	0	.2631331	0
1298.15	0	.7364122	0	.2635878	0
1297.15	0	.7359584	0	.2640416	0
1296.15	0	.7355057	0	.2644943	0
1295.15	0	.7350539	0	.2649461	0
1294.15	0	.7346031	0	.2653969	0
1293.15	0	.7341533	0	.2658467	0
1292.15	0	.7337045	0	.2662955	0
1291.15	0	.7332566	0	.2667434	0
1290.15	0	.7328097	0	.2671903	0
1289.15	0	.7323637	0	.2676363	0
1288.15	0	.7319188	0	.2680812	0
1287.15	0	.7314748	0	.2685252	0
1286.15	0	.7310317	0	.2689683	0
1285.15	0	.7305896	0	.2694104	0
1284.15	0	.7301484	0	.2698516	0
1283.15	0	.7297082	0	.2702918	0
1282.15	0	.729269	0	.270731	0
1281.15	0	.7288307	0	.2711694	0
1280.15	0	.7283933	0	.2716067	0
1279.15	0	.7279568	0	.2720432	0
1278.15	0	.7275213	0	.2724787	0
1277.15	0	.7270868	0	.2729132	0
1276.15	0	.7266531	0	.2733469	0
1275.15	0	.7262204	0	.2737796	0
1274.15	0	.7257886	0	.2742114	0
1273.15	0	.7253578	0	.2746423	0
1272.15	0	.7249278	0	.2750722	0
1271.15	0	.7244988	0	.2755012	0
1270.15	0	.7240706	0	.2759294	0
1269.15	0	.7236434	0	.2763566	0
1268.15	0	.7232171	0	.2767829	0
1267.15	0	.7227917	0	.2772083	0
1266.15	0	.7223672	0	.2776328	0
1265.15	0	.7219437	0	.2780564	0
1264.15	0	.721521	0	.278479	0
1263.15	0	.7210992	0	.2789008	0
1262.15	0	.7206783	0	.2793217	0
1261.15	0	.7202583	0	.2797418	0
1260.15	0	.7198391	0	.2801609	0
1259.15	0	.7194209	0	.2805791	0
1258.15	0	.7190035	0	.2809965	0
1257.15	0	.7185871	0	.2814129	0
1256.15	0	.7181715	0	.2818285	0
1255.15	0	.7177567	0	.2822433	0
1254.15	0	.7173429	0	.2826571	0
1253.15	0	.7169299	0	.2830701	0
1252.15	0	.7165178	0	.2834822	0
1251.15	0	.7161066	0	.2838934	0
1250.15	0	.7156962	0	.2843038	0
1249.15	0	.7152867	0	.2847133	0
1248.15	0	.714878	0	.285122	0
1247.15	0	.7144702	0	.2855298	0
1246.15	0	.7140633	0	.2859367	0
1245.15	0	.7136572	0	.2863428	0
1244.15	0	.713252	0	.2867481	0
1243.15	0	.7128476	0	.2871524	0
1242.15	0	.712444	0	.287556	0
1241.15	0	.7120413	0	.2879587	0
1240.15	0	.7116394	0	.2883606	0
1239.15	0	.7112384	0	.2887616	0
1238.15	0	.7108382	0	.2891618	0
1237.15	0	.7104389	0	.2895611	0
1236.15	0	.7100403	0	.2899597	0
1235.15	0	.7096427	0	.2903574	0
1234.15	0	.7092458	0	.2907542	0
1233.15	0	.7088497	0	.2911503	0
1232.15	0	.7084545	0	.2915455	0
1231.15	0	.7080601	0	.2919399	0
1230.15	0	.7076665	0	.2923335	0
1229.15	0	.7072738	0	.2927262	0
1228.15	0	.7068818	0	.2931182	0
1227.15	0	.7064907	0	.2935093	0
1226.15	0	.7061004	0	.2938997	0
1225.15	0	.7057108	0	.2942892	0
1224.15	0	.7053221	0	.2946779	0
1223.15	0	.7049342	0	.2950658	0
1222.15	0	.7045471	0	.2954529	0
1221.15	0	.7041608	0	.2958392	0
1220.15	0	.7037753	0	.2962247	0
1219.15	0	.7033906	0	.2966094	0
1218.15	0	.7030066	0	.2969934	0
1217.15	0	.7026235	0	.2973765	0
1216.15	0	.7022411	0	.2977589	0
1215.15	0	.7018596	0	.2981404	0
1214.15	0	.7014788	0	.2985212	0
1213.15	0	.7010988	0	.2989012	0
1212.15	0	.7007196	0	.2992804	0
1211.15	0	.7003412	0	.2996588	0
1210.15	0	.6999635	0	.3000365	0
1209.15	0	.6995866	0	.3004134	0
1208.15	0	.6992105	0	.3007895	0
1207.15	0	.6988352	0	.3011648	0
1206.15	0	.6984606	0	.3015394	0
1205.15	0	.6980868	0	.3019132	0
1204.15	0	.6977138	0	.3022862	0
1203.15	0	.6973415	0	.3026585	0
1202.15	0	.69697	0	.30303	0
1201.15	0	.6965993	0	.3034007	0
1200.15	0	.6962293	0	.3037707	0
1199.15	0	.69586	0	.30414	0
1198.15	0	.6954915	0	.3045085	0
1197.15	0	.6951238	0	.3048762	0
1196.15	0	.6947568	0	.3052432	0
1195.15	0	.6943906	0	.3056094	0
1194.15	0	.6940251	0	.3059749	0
1193.15	0	.6936603	0	.3063397	0
1192.15	0	.6932963	0	.3067037	0
1191.164	0	.6929382	0	.3070619	0
1191.164	0	.6929382	0	.3070619	0
1191.164	0	.6929382	0	.3070619	0
1191.15	0	.692923	1.060812E-05	.3070664	0
1190.15	0	.6918397	7.677136E-04	.3073926	0
1189.15	0	.6907594	.001522772	.3077179	0
1188.15	0	.6896819	.002275786	.3080423	0
1187.15	0	.6886073	.003026757	.3083659	0
1186.15	0	.6875356	.003775687	.3086887	0
1185.15	0	.6864668	.00452258	.3090107	0
1184.15	0	.6854008	.005267436	.3093318	0
1183.15	0	.6843377	.006010259	.3096521	0
1182.15	0	.6832774	.00675105	.3099715	0
1181.15	0	.68222	.007489811	.3102902	0
1180.15	0	.6811655	.008226544	.310608	0
1179.15	0	.6801137	.008961251	.310925	0
1178.15	0	.6790649	.009693935	.3112412	0
1177.15	0	.6780188	.0104246	.3115566	0
1176.15	0	.6769756	.01115324	.3118711	0
1175.15	0	.6759352	.01187986	.3121849	0
1174.15	0	.6748977	.01260447	.3124979	0
1173.15	0	.6738629	.01332707	.31281	0
1172.15	0	.672831	.01404765	.3131214	0
1171.15	0	.6718018	.01476622	.3134319	0
1170.15	0	.6707755	.01548278	.3137417	0
1169.15	0	.669752	.01619734	.3140507	0
1168.15	0	.6687312	.01690989	.3143589	0
1167.15	0	.6677133	.01762044	.3146663	0
1166.15	0	.6666981	.01832898	.3149729	0
1165.15	0	.6656858	.01903552	.3152787	0
1164.15	0	.6646762	.01974007	.3155838	0
1163.15	0	.6636693	.02044262	.3158881	0
1162.15	0	.6626653	.02114317	.3161916	0
1161.15	0	.661664	.02184173	.3164943	0
1160.15	0	.6606655	.0225383	.3167962	0
1159.15	0	.6596697	.02323287	.3170974	0
1158.15	0	.6586767	.02392546	.3173979	0
1157.15	0	.6576864	.02461605	.3176975	0
1156.15	0	.6566989	.02530467	.3179964	0
1155.15	0	.6557142	.02599129	.3182946	0
1154.15	0	.6547321	.02667596	.318592	0
1153.15	0	.6537528	.02735861	.3188886	0
1152.15	0	.6527762	.02803929	.3191845	0
1151.15	0	.6518024	.02871799	.3194796	0
1150.15	0	.6508313	.02939471	.319774	0
1149.15	0	.6498629	.03006945	.3200676	0
1148.15	0	.6488973	.03074221	.3203605	0
1147.15	0	.6479343	.031413	.3206527	0
1146.15	0	.6469741	.03208182	.3209441	0
1145.15	0	.6460166	.03274866	.3212348	0
1144.15	0	.6450618	.03341353	.3215247	0
1143.15	0	.6441097	.03407643	.3218139	0
1142.15	0	.6431603	.03473737	.3221024	0
1141.15	0	.6422136	.03539633	.3223901	0
1140.15	0	.6412695	.03605332	.3226772	0
1139.15	0	.6403282	.03670835	.3229635	0
1138.15	0	.6393896	.03736142	.323249	0
1137.15	0	.6384536	.03801252	.3235339	0
1136.15	0	.6375203	.03866165	.323818	0
1135.15	0	.6365897	.03930882	.3241014	0
1134.15	0	.6356618	.03995403	.3243841	0
1133.15	0	.6347366	.04059728	.3246661	0
1132.15	0	.633814	.04123857	.3249474	0
1131.15	0	.6328941	.0418779	.325228	0
1130.15	0	.6319769	.04251527	.3255079	0
1129.15	0	.6310623	.04315069	.325787	0
1128.15	0	.6301504	.04378414	.3260655	0
1127.15	0	.6292411	.04441565	.3263432	0
1126.15	0	.6283345	.04504519	.3266203	0
1125.15	0	.6274306	.04567278	.3268967	0
1124.15	0	.6265293	.04629842	.3271723	0
1123.15	0	.6256306	.0469221	.3274473	0
1122.15	0	.6247346	.04754382	.3277216	0
1121.15	0	.6238413	.0481636	.3279951	0
1120.15	0	.6229505	.04878142	.328268	0
1119.15	0	.6220625	.0493973	.3285403	0
1118.15	0	.621177	.05001122	.3288118	0
1117.15	0	.6202942	.05062319	.3290826	0
1116.15	0	.619414	.05123321	.3293528	0
1115.15	0	.6185365	.05184128	.3296223	0
1114.15	0	.6176616	.0524474	.3298911	0
1113.15	0	.6167893	.05305157	.3301592	0
1112.15	0	.6159196	.05365379	.3304266	0
1111.15	0	.6150525	.05425407	.3306934	0
1110.15	0	.6141881	.0548524	.3309595	0
1109.15	0	.6133263	.05544878	.3312249	0
1108.15	0	.6124671	.05604321	.3314897	0
1107.15	0	.6116105	.0566357	.3317538	0
1106.15	0	.6107566	.05722624	.3320172	0
1105.15	0	.6099052	.05781483	.33228	0
1104.15	0	.6090564	.05840148	.3325421	0
1103.15	0	.6082103	.05898618	.3328035	0
1102.15	0	.6073668	.05956894	.3330643	0
1101.15	0	.6065258	.06014975	.3333244	0
1100.15	0	.6056875	.06072861	.3335839	0
1099.15	0	.6048518	.06130553	.3338427	0
1098.15	0	.6040187	.0618805	.3341008	0
1097.15	0	.6031881	.06245353	.3343583	0
1096.15	0	.6023602	.06302462	.3346152	0
1095.15	0	.6015349	.06359375	.3348714	0
1094.15	0	.6007121	.06416095	.3351269	0
1093.15	0	.599892	.0647262	.3353818	0
1092.15	0	.5990744	.0652895	.3356361	0
1091.15	0	.5982594	.06585086	.3358897	0
1090.15	0	.5974471	.06641027	.3361427	0
1089.15	0	.5966373	.06696774	.336395	0
1088.15	0	.5958301	.06752326	.3366467	0
1087.15	0	.5950254	.06807684	.3368977	0
1086.15	0	.5942234	.06862847	.3371481	0
1085.15	0	.593424	.06917816	.3373979	0
1084.15	0	.5926271	.0697259	.337647	0
1083.15	0	.5918328	.0702717	.3378955	0
1082.15	0	.5910411	.07081555	.3381434	0
1081.15	0	.5902519	.07135745	.3383906	0
1080.15	0	.5894654	.07189741	.3386372	0
1079.15	0	.5886814	.07243542	.3388832	0
1078.15	0	.5879	.07297149	.3391285	0
1077.15	0	.5871212	.07350561	.3393732	0
1076.15	0	.5863449	.07403778	.3396173	0
1075.15	0	.5855712	.074568	.3398607	0
1074.15	0	.5848001	.07509628	.3401036	0
1073.15	0	.5840316	.07562261	.3403458	0
1072.15	0	.5832656	.07614699	.3405874	0
1071.15	0	.5825022	.07666942	.3408283	0
1070.15	0	.5817414	.0771899	.3410687	0
1069.15	0	.5809832	.07770844	.3413084	0
1068.15	0	.5802275	.07822502	.3415475	0
1067.15	0	.5794744	.07873966	.341786	0
1066.15	0	.5787238	.07925235	.3420238	0
1065.15	0	.5779759	.07976308	.3422611	0
1064.15	0	.5772304	.08027187	.3424977	0
1063.15	0	.5764876	.0807787	.3427337	0
1062.15	0	.5757473	.08128359	.3429691	0
1061.15	0	.5750096	.08178652	.3432039	0
1060.15	0	.5742744	.0822875	.3434381	0
1059.15	0	.5735419	.08278653	.3436716	0
1058.15	0	.5728118	.08328361	.3439045	0
1057.15	0	.5720844	.08377873	.3441369	0
1056.15	0	.5713595	.0842719	.3443686	0
1055.15	0	.5706372	.08476312	.3445997	0
1054.15	0	.5699174	.08525238	.3448302	0
1053.15	0	.5692002	.08573969	.3450601	0
1052.15	0	.5684855	.08622504	.3452894	0
1051.15	0	.5677735	.08670844	.3455181	0
1050.15	0	.5670639	.08718988	.3457462	0
1049.15	0	.566357	.08766937	.3459737	0
1048.15	0	.5656526	.0881469	.3462005	0
1047.15	0	.5649507	.08862248	.3464268	0
1046.15	0	.5642515	.0890961	.3466524	0
1045.15	0	.5635548	.08956776	.3468775	0
1044.15	0	.5628606	.09003746	.3471019	0
1043.15	0	.562169	.09050521	.3473258	0
1042.15	0	.56148	.090971	.347549	0
1041.15	0	.5607935	.09143483	.3477717	0
1040.15	0	.5601096	.0918967	.3479937	0
1039.15	0	.5594282	.09235662	.3482152	0
1038.15	0	.5587494	.09281457	.348436	0
1037.15	0	.5580732	.09327056	.3486562	0
1036.15	0	.5573995	.0937246	.3488759	0
1035.15	0	.5567284	.09417668	.3490949	0
1034.15	0	.5560599	.09462679	.3493133	0
1033.15	0	.5553939	.09507495	.3495312	0
1032.15	0	.5547305	.09552114	.3497484	0
1031.15	0	.5540696	.09596538	.349965	0
1030.15	0	.5534113	.09640765	.3501811	0
1029.15	0	.5527555	.09684797	.3503965	0
1028.15	0	.5521024	.09728632	.3506113	0
1027.15	0	.5514517	.09772271	.3508256	0
1026.15	0	.5508037	.09815715	.3510392	0
1025.15	0	.5501581	.09858962	.3512522	0
1024.15	0	.5495152	.09902013	.3514647	0
1023.15	0	.5488748	.09944868	.3516765	0
1022.15	0	.548237	.09987527	.3518878	0
1021.15	0	.5476017	.1002999	.3520984	0
1020.15	0	.546969	.1007226	.3523084	0
1019.15	0	.5463388	.1011433	.3525179	0
1018.15	0	.5457112	.101562	.3527267	0
1017.15	0	.5450862	.1019788	.352935	0
1016.15	0	.5444637	.1023937	.3531426	0
1015.15	0	.5438438	.1028065	.3533497	0
1014.15	0	.5432265	.1032174	.3535561	0
1013.15	0	.5426117	.1036264	.3537619	0
1012.15	0	.5419994	.1040334	.3539672	0
1011.15	0	.5413898	.1044384	.3541718	0
1010.15	0	.5407827	.1048415	.3543758	0
1009.15	0	.5401781	.1052427	.3545793	0
1008.15	0	.5395761	.1056418	.3547821	0
1007.15	0	.5389766	.1060391	.3549843	0
1006.15	0	.5383798	.1064343	.3551859	0
1005.15	0	.5377854	.1068277	.3553869	0
1004.15	0	.5371936	.107219	.3555873	0
1003.15	0	.5366044	.1076084	.3557871	0
1002.15	0	.5360178	.1079959	.3559863	0
1001.15	0	.5354336	.1083814	.3561849	0
1000.15	0	.5348521	.108765	.3563829	0
999.15	0	.5342731	.1091466	.3565803	0
998.15	0	.5336966	.1095263	.356777	0
997.15	0	.5331228	.1099041	.3569732	0
996.15	0	.5325514	.1102799	.3571687	0
995.15	0	.5319826	.1106537	.3573637	0
994.15	0	.5314164	.1110256	.357558	0
993.15	0	.5308527	.1113956	.3577517	0
992.15	0	.5302916	.1117637	.3579448	0
991.15	0	.529733	.1121298	.3581372	0
990.15	0	.5291769	.112494	.3583291	0
989.15	0	.5286234	.1128562	.3585203	0
988.15	0	.5280725	.1132166	.3587109	0
987.15	0	.5275241	.113575	.3589009	0
986.15	0	.5269782	.1139315	.3590903	0
985.15	0	.5264349	.1142861	.3592791	0
984.15	0	.5258941	.1146387	.3594672	0
983.15	0	.5253558	.1149895	.3596547	0
982.15	0	.5248201	.1153383	.3598416	0
981.15	0	.5242869	.1156853	.3600278	0
980.15	0	.5237562	.1160303	.3602134	0
979.15	0	.5232281	.1163735	.3603984	0
978.15	0	.5227025	.1167147	.3605828	0
977.15	0	.5221794	.1170541	.3607665	0
976.15	0	.5216589	.1173915	.3609496	0
975.15	0	.5211409	.1177271	.361132	0
974.15	0	.5206254	.1180608	.3613138	0
973.15	0	.5201124	.1183926	.361495	0
972.15	0	.5196019	.1187226	.3616755	0
971.15	0	.519094	.1190506	.3618554	0
970.15	0	.5185885	.1193769	.3620346	0
969.15	0	.5180856	.1197012	.3622132	0
968.15	0	.5175851	.1200237	.3623912	0
967.15	0	.5170871	.1203444	.3625684	0
966.15	0	.5165917	.1206632	.3627451	0
965.15	0	.5160987	.1209802	.362921	0
964.15	0	.5156083	.1212954	.3630964	0
963.15	0	.5151203	.1216087	.363271	0
962.15	0	.5146348	.1219203	.363445	0
961.15	0	.5141517	.12223	.3636183	0
960.15	0	.5136712	.1225379	.363791	0
959.15	0	.5131931	.122844	.3639629	0
958.15	0	.5127174	.1231483	.3641342	0
957.15	0	.5122443	.1234509	.3643049	0
956.15	0	.5117735	.1237516	.3644748	0
955.15	0	.5113053	.1240506	.3646441	0
954.15	0	.5108394	.1243479	.3648127	0
953.15	0	.510376	.1246434	.3649806	0
952.15	0	.5099151	.1249372	.3651478	0
951.15	0	.5094565	.1252292	.3653143	0
950.15	0	.5090004	.1255195	.3654801	0
949.15	0	.5085467	.1258081	.3656453	0
948.15	0	.5080954	.126095	.3658097	0
947.15	0	.5076465	.1263802	.3659734	0
946.15	0	.5071999	.1266637	.3661364	0
945.15	0	.5067558	.1269455	.3662987	0
944.15	0	.506314	.1272257	.3664603	0
943.15	0	.5058746	.1275043	.3666211	0
942.15	0	.5054376	.1277812	.3667813	0
941.15	0	.5050029	.1280565	.3669407	0
940.15	0	.5045705	.1283301	.3670993	0
939.15	0	.5041405	.1286022	.3672573	0
938.15	0	.5037128	.1288727	.3674145	0
937.15	0	.5032874	.1291416	.367571	0
936.15	0	.5028643	.129409	.3677267	0
935.15	0	.5024436	.1296748	.3678817	0
934.15	0	.502025	.1299391	.3680359	0
933.15	0	.5016088	.1302018	.3681894	0
932.15	0	.5011948	.1304631	.3683421	0
931.15	0	.5007831	.1307229	.368494	0
930.15	0	.5003736	.1309813	.3686451	0
929.15	0	.4999663	.1312381	.3687955	0
928.15	0	.4995613	.1314936	.3689451	0
927.15	0	.4991584	.1317477	.369094	0
926.15	0	.4987577	.1320003	.369242	0
925.15	0	.4983592	.1322516	.3693892	0
924.15	0	.4979628	.1325015	.3695356	0
923.15	0	.4975686	.1327501	.3696813	0
922.15	0	.4971765	.1329974	.3698261	0
921.15	0	.4967865	.1332434	.3699701	0
920.15	0	.4963986	.1334881	.3701132	0
919.15	0	.4960128	.1337316	.3702556	0
918.15	0	.4956291	.1339739	.3703971	0
917.15	0	.4952473	.1342149	.3705378	0
916.15	0	.4948676	.1344548	.3706776	0
915.15	0	.4944899	.1346935	.3708166	0
914.15	0	.4941142	.1349311	.3709547	0
913.15	0	.4937405	.1351676	.3710919	0
912.15	0	.4933687	.135403	.3712283	0
911.15	0	.4929988	.1356374	.3713638	0
910.15	0	.4926308	.1358708	.3714984	0
909.15	0	.4922647	.1361031	.3716321	0
908.15	0	.4919005	.1363345	.371765	0
907.15	0	.4915381	.136565	.3718969	0
906.15	0	.4911775	.1367946	.3720279	0
905.15	0	.4908187	.1370233	.372158	0
904.15	0	.4904617	.1372513	.3722871	0
903.15	0	.4901063	.1374783	.3724153	0
902.15	0	.4897527	.1377047	.3725426	0
901.15	0	.4894008	.1379303	.3726689	0
900.15	0	.4890505	.1381552	.3727943	0
899.15	0	.4887019	.1383795	.3729186	0
898.15	0	.4883548	.1386031	.3730421	0
897.15	0	.4880093	.1388262	.3731645	0
896.15	0	.4876654	.1390487	.3732859	0
895.15	0	.4873229	.1392708	.3734063	0
894.15	0	.4869819	.1394924	.3735257	0
893.15	0	.4866423	.1397136	.3736441	0
892.15	0	.4863042	.1399344	.3737614	0
891.15	0	.4859674	.1401549	.3738777	0
890.15	0	.4856319	.1403752	.3739929	0
889.15	0	.4852977	.1405952	.3741071	0
888.15	0	.4849647	.1408151	.3742202	0
887.15	0	.484633	.1410348	.3743322	0
886.15	0	.4843024	.1412545	.3744431	0
885.15	0	.483973	.1414741	.3745529	0
884.15	0	.4836446	.1416938	.3746615	0
883.15	0	.4833173	.1419137	.374769	0
882.15	0	.482991	.1421336	.3748754	0
881.15	0	.4826656	.1423538	.3749806	0
880.15	0	.4823411	.1425742	.3750846	0
879.15	0	.4820175	.142795	.3751875	0
878.15	0	.4816947	.1430162	.3752891	0
877.15	0	.4813726	.1432379	.3753895	0
876.15	0	.4810512	.1434601	.3754887	0
875.15	0	.4807304	.143683	.3755866	0
874.15	0	.4804102	.1439065	.3756833	0
873.15	0	.4800905	.1441308	.3757787	0
872.15	0	.4797713	.1443559	.3758727	0
871.15	0	.4794525	.144582	.3759655	0
870.15	0	.4791341	.144809	.3760569	0
869.15	0	.4788159	.1450371	.376147	0
868.15	0	.4784979	.1452664	.3762357	0
867.15	0	.47818	.145497	.376323	0
866.15	0	.4778622	.1457289	.3764089	0
865.15	0	.4775444	.1459623	.3764934	0
864.15	0	.4772265	.1461972	.3765764	0
863.15	0	.4769083	.1464337	.3766579	0
862.15	0	.47659	.146672	.376738	0
861.15	0	.4762713	.1469122	.3768165	0
860.15	0	.4759522	.1471543	.3768934	0
859.15	0	.4756326	.1473986	.3769688	0
858.15	0	.4753124	.147645	.3770426	0
857.15	0	.4749914	.1478938	.3771148	0
856.15	0	.4746696	.1481451	.3771853	0
855.15	0	.474347	.1483989	.3772541	0
854.15	0	.4740233	.1486555	.3773212	0
853.15	0	.4736984	.148915	.3773866	0
852.15	0	.4733723	.1491775	.3774502	0
851.15	0	.4730449	.1494432	.3775119	0
850.15	0	.4727159	.1497123	.3775718	0
849.15	0	.4723853	.1499849	.3776298	0
848.15	0	.472053	.1502612	.3776859	0
847.15	0	.4717187	.1505414	.37774	0
846.15	0	.4713823	.1508257	.377792	0
845.15	0	.4710437	.1511142	.377842	0
844.15	0	.4707028	.1514073	.3778899	0
843.15	0	.4703592	.1517051	.3779357	0
842.15	0	.4700129	.1520079	.3779792	0
841.15	0	.4696637	.1523159	.3780204	0
840.15	0	.4693114	.1526294	.3780593	0
839.15	0	.4689556	.1529486	.3780958	0
838.15	0	.4685963	.1532739	.3781298	0
837.15	0	.4682332	.1536055	.3781613	0
836.15	0	.4678661	.1539438	.3781902	0
835.15	0	.4674946	.1542891	.3782164	0
834.15	0	.4671185	.1546418	.3782398	0
833.15	0	.4667374	.1550023	.3782603	0
832.15	0	.4663512	.155371	.3782779	0
831.15	0	.4659593	.1557483	.3782924	0
830.15	0	.4655615	.1561347	.3783037	0
829.15	0	.4651574	.1565308	.3783118	0
828.15	0	.4647465	.1569371	.3783164	0
827.15	0	.4643284	.1573542	.3783174	0
826.15	0	.4639026	.1577827	.3783147	0
825.15	0	.4634685	.1582233	.3783082	0
824.15	0	.4630256	.1586769	.3782976	0
823.15	0	.4625732	.1591441	.3782827	0
822.15	0	.4621106	.159626	.3782634	0
821.15	0	.4616371	.1601235	.3782394	0
820.15	0	.4611519	.1606378	.3782104	0
819.15	0	.4606539	.1611699	.3781762	0
818.15	0	.4601421	.1617214	.3781365	0
817.15	0	.4592299	.1627694	.3780007	0
816.15	0	.4582644	.1638877	.3778479	0
815.15	0	.4573589	.1649365	.3777046	0
814.15	0	.4565077	.1659225	.3775698	0
813.15	0	.4557056	.1668518	.3774426	0
812.15	0	.4549483	.1677294	.3773223	0
811.15	0	.454232	.1685597	.3772083	0
810.15	0	.4535534	.1693467	.3770999	0
809.15	0	.4529095	.1700939	.3769966	0
808.15	0	.4522977	.1708042	.3768981	0
807.15	0	.4517155	.1714805	.376804	0
806.15	0	.451161	.1721252	.3767138	0
805.15	0	.4506322	.1727404	.3766274	0
804.15	0	.4501273	.1733283	.3765444	0
803.15	0	.4496449	.1738906	.3764645	0
802.15	0	.4491835	.174429	.3763876	0
801.15	0	.4487417	.1749449	.3763134	0
800.15	0	.4483185	.1754398	.3762417	0
799.15	0	.4479126	.1759149	.3761725	0
798.15	0	.4475231	.1763714	.3761055	0
797.15	0	.4471491	.1768103	.3760406	0
796.15	0	.4467897	.1772327	.3759776	0
795.15	0	.446444	.1776395	.3759165	0
794.15	0	.4461115	.1780315	.3758571	0
793.15	0	.4457912	.1784095	.3757993	0
792.15	0	.4454827	.1787743	.375743	0
791.15	0	.4451853	.1791265	.3756882	0
790.15	0	.4448985	.1794668	.3756348	0
789.15	0	.4446216	.1797957	.3755826	0
788.15	0	.4443544	.180114	.3755317	0
787.15	0	.4440962	.180422	.3754819	0
786.15	0	.4438466	.1807203	.3754332	0
785.15	0	.4436052	.1810093	.3753855	0
784.15	0	.4433718	.1812895	.3753388	0
783.15	0	.4431458	.1815613	.375293	0
782.15	0	.4429269	.181825	.3752481	0
781.15	0	.4427149	.1820811	.375204	0
780.15	0	.4425093	.1823299	.3751607	0
779.15	0	.44231	.1825718	.3751182	0
778.15	0	.4421167	.1828069	.3750764	0
777.15	0	.4419291	.1830357	.3750353	0
776.15	0	.4417469	.1832583	.3749948	0
775.15	0	.4415699	.1834752	.3749549	0
774.15	0	.441398	.1836864	.3749156	0
773.15	0	.4412308	.1838923	.3748769	0
772.15	0	.4410682	.1840931	.3748387	0
771.15	0	.4409119	.1842875	.3748006	0
770.15	0	.4407578	.1844787	.3747635	0
769.15	0	.4406078	.1846655	.3747267	0
768.15	0	.4404617	.1848479	.3746905	0
767.15	0	.4403193	.1850261	.3746546	0
766.15	0	.4401805	.1852004	.3746192	0
765.15	0	.4400452	.1853708	.3745841	0
764.15	0	.4399132	.1855375	.3745494	0
763.15	0	.4397843	.1857007	.374515	0
762.15	0	.4396586	.1858605	.374481	0
761.15	0	.4395358	.186017	.3744472	0
760.15	0	.4394158	.1861704	.3744138	0
759.15	0	.4392986	.1863208	.3743807	0
758.15	0	.4391839	.1864682	.3743478	0
757.15	0	.4390719	.1866129	.3743152	0
756.15	0	.4389622	.1867549	.3742829	0
755.15	0	.4388549	.1868943	.3742508	0
754.15	0	.4387498	.1870312	.3742189	0
753.15	0	.438647	.1871658	.3741873	0
752.15	0	.4385462	.187298	.3741558	0
751.15	0	.4384474	.187428	.3741246	0
750.15	0	.4383506	.1875559	.3740935	0
749.15	0	.4382557	.1876817	.3740627	0
748.15	0	.4381625	.1878055	.374032	0
747.15	0	.4380712	.1879274	.3740014	0
746.15	0	.4379815	.1880475	.373971	0
745.15	0	.4378934	.1881658	.3739408	0
744.15	0	.4378069	.1882824	.3739107	0
743.15	0	.4377219	.1883974	.3738808	0
742.15	0	.4376383	.1885107	.373851	0
741.15	0	.4375562	.1886225	.3738213	0
740.15	0	.4374754	.1887329	.3737917	0
739.15	0	.437396	.1888418	.3737623	0
738.15	0	.4373178	.1889493	.3737329	0
737.15	0	.4372408	.1890555	.3737037	0
736.15	0	.437165	.1891604	.3736745	0
735.15	0	.4370904	.1892641	.3736455	0
734.15	0	.4370169	.1893666	.3736165	0
733.15	0	.4369444	.189468	.3735876	0
732.15	0	.436873	.1895682	.3735588	0
731.15	0	.4368025	.1896674	.3735301	0
730.15	0	.4367331	.1897655	.3735014	0
729.15	0	.4366645	.1898626	.3734729	0
728.15	0	.4365969	.1899588	.3734443	0
727.15	0	.4365302	.190054	.3734159	0
726.15	0	.4364642	.1901483	.3733875	0
725.15	0	.4363991	.1902417	.3733591	0
724.15	0	.4363348	.1903343	.3733308	0
723.15	0	.4362713	.1904261	.3733026	0
722.15	0	.4362085	.1905171	.3732744	0
721.15	0	.4361464	.1906074	.3732462	0
720.15	0	.436085	.1906969	.3732181	0
719.15	0	.4360243	.1907857	.37319	0
718.15	0	.4359642	.1908738	.373162	0
717.15	0	.4359048	.1909613	.373134	0
716.15	0	.4358459	.1910481	.373106	0
715.15	0	.4357877	.1911343	.373078	0
714.15	0	.43573	.1912199	.3730501	0
713.15	0	.4356729	.1913049	.3730222	0
712.15	0	.4356163	.1913893	.3729944	0
711.15	0	.4355602	.1914733	.3729665	0
710.15	0	.4355047	.1915566	.3729387	0
709.15	0	.4354496	.1916395	.3729109	0
708.15	0	.435395	.1917219	.372883	0
707.15	0	.4353409	.1918039	.3728553	0
706.15	0	.4352872	.1918853	.3728275	0
705.15	0	.4352339	.1919664	.3727997	0
704.15	0	.4351811	.192047	.372772	0
703.15	0	.4351286	.1921272	.3727442	0
702.15	0	.4350766	.1922069	.3727165	0
701.15	0	.4350249	.1922863	.3726888	0
700.15	0	.4349736	.1923653	.3726611	0
699.15	0	.4349227	.192444	.3726333	0
698.15	0	.4348721	.1925223	.3726056	0
697.15	0	.4348218	.1926003	.3725779	0
696.15	0	.4347719	.1926779	.3725502	0
695.15	0	.4347223	.1927552	.3725225	0
694.15	0	.434673	.1928322	.3724948	0
693.15	0	.434624	.192909	.3724671	0
692.15	0	.4345753	.1929854	.3724394	0
691.15	0	.4345268	.1930615	.3724116	0
690.15	0	.4344787	.1931374	.3723839	0
689.15	0	.4344308	.193213	.3723562	0
688.15	0	.4343832	.1932884	.3723285	0
687.15	0	.4343358	.1933635	.3723007	0
686.15	0	.4342887	.1934384	.372273	0
685.15	0	.4342418	.193513	.3722452	0
684.15	0	.4341951	.1935874	.3722175	0
683.15	0	.4341487	.1936616	.3721897	0
682.15	0	.4341024	.1937356	.3721619	0
681.15	0	.4340564	.1938094	.3721342	0
680.15	0	.4340106	.193883	.3721064	0
679.15	0	.433965	.1939564	.3720786	0
678.15	0	.4339196	.1940296	.3720508	0
677.15	0	.4338744	.1941027	.3720229	0
676.15	0	.4338293	.1941756	.3719951	0
675.15	0	.4337845	.1942483	.3719673	0
674.15	0	.4337398	.1943208	.3719394	0
673.15	0	.4336953	.1943932	.3719116	0
672.15	0	.4336509	.1944654	.3718837	0
671.15	0	.4336067	.1945375	.3718558	0
670.15	0	.4335627	.1946094	.3718279	0
669.15	0	.4335188	.1946812	.3718	0
668.15	0	.4334751	.1947529	.3717721	0
667.15	0	.4334315	.1948244	.3717441	0
666.15	0	.4333881	.1948958	.3717162	0
665.15	0	.4333448	.1949671	.3716882	0
664.15	0	.4333016	.1950382	.3716602	0
663.15	0	.4332585	.1951093	.3716322	0
662.15	0	.4332156	.1951802	.3716042	0
661.15	0	.4331728	.195251	.3715762	0
660.15	0	.4331301	.1953217	.3715482	0
659.15	0	.4330876	.1953923	.3715201	0
658.15	0	.4330451	.1954628	.3714921	0
657.15	0	.4330028	.1955332	.371464	0
656.15	0	.4329606	.1956035	.3714359	0
655.15	0	.4329185	.1956737	.3714078	0
654.15	0	.4328765	.1957438	.3713797	0
653.15	0	.4328346	.1958138	.3713516	0
652.15	0	.4327928	.1958838	.3713235	0
651.15	0	.4327511	.1959536	.3712953	0
650.15	0	.4327095	.1960234	.3712671	0
649.15	0	.4326679	.1960931	.371239	0
648.15	0	.4326265	.1961627	.3712108	0
647.15	0	.4325852	.1962322	.3711826	0
646.15	0	.4325439	.1963017	.3711544	0
645.15	0	.4325028	.1963711	.3711262	0
644.15	0	.4324617	.1964404	.3710979	0
643.15	0	.4324207	.1965097	.3710697	0
642.15	0	.4323798	.1965788	.3710414	0
641.15	0	.4323389	.1966479	.3710131	0
640.15	0	.4322982	.196717	.3709848	0
639.15	0	.4322575	.196786	.3709565	0
638.15	0	.4322169	.1968549	.3709282	0
637.15	0	.4321763	.1969238	.3708999	0
636.15	0	.4321359	.1969926	.3708716	0
635.15	0	.4320955	.1970613	.3708433	0
634.15	0	.4320551	.19713	.3708149	0
633.15	0	.4320149	.1971986	.3707865	0
632.15	0	.4319747	.1972671	.3707582	0
631.15	0	.4319346	.1973357	.3707298	0
630.15	0	.4318945	.1974041	.3707014	0
629.15	0	.4318545	.1974725	.370673	0
628.15	0	.4318146	.1975408	.3706446	0
627.15	0	.4317747	.1976091	.3706162	0
626.15	0	.4317349	.1976774	.3705877	0
625.15	0	.4316951	.1977456	.3705593	0
624.15	0	.4316554	.1978137	.3705309	0
623.15	0	.4316158	.1978818	.3705024	0
622.15	0	.4315762	.1979498	.370474	0
621.15	0	.4315367	.1980178	.3704455	0
620.15	0	.4314972	.1980858	.370417	0
619.15	0	.4314578	.1981536	.3703886	0
618.15	0	.4314185	.1982215	.3703601	0
617.15	0	.4313791	.1982893	.3703316	0
616.15	0	.4313399	.198357	.3703031	0
615.15	0	.4313007	.1984247	.3702746	0
614.15	0	.4312615	.1984924	.3702461	0
613.15	0	.4312225	.19856	.3702176	0
612.15	0	.4311834	.1986275	.3701891	0
611.15	0	.4311444	.198695	.3701606	0
610.15	0	.4311055	.1987625	.370132	0
609.15	0	.4310666	.1988299	.3701035	0
608.15	0	.4310277	.1988973	.370075	0
607.15	0	.4309889	.1989646	.3700465	0
606.15	0	.4309502	.1990319	.370018	0
605.15	0	.4309115	.1990991	.3699894	0
604.15	0	.4308728	.1991663	.3699609	0
603.15	0	.4308342	.1992334	.3699324	0
602.15	0	.4307957	.1993005	.3699038	0
601.15	0	.4307572	.1993676	.3698753	0
600.15	0	.4307187	.1994345	.3698468	0
599.15	0	.4306803	.1995015	.3698182	0
598.15	0	.4306419	.1995684	.3697897	0
597.15	0	.4306036	.1996353	.3697612	0
596.15	0	.4305653	.1997021	.3697327	0
595.15	0	.4305271	.1997688	.3697041	0
594.15	0	.4304889	.1998355	.3696756	0
593.15	0	.4304507	.1999022	.3696471	0
592.15	0	.4304126	.1999688	.3696186	0
591.15	0	.4303746	.2000354	.3695901	0
590.15	0	.4303365	.2001019	.3695616	0
589.15	0	.4302986	.2001683	.3695331	0
588.15	0	.4302606	.2002348	.3695046	0
587.15	0	.4302228	.2003011	.3694761	0
586.15	0	.4301849	.2003675	.3694476	0
585.15	0	.4301471	.2004337	.3694191	0
584.15	0	.4301094	.2004999	.3693907	0
583.15	0	.4300717	.2005661	.3693622	0
582.15	0	.430034	.2006322	.3693338	0
581.15	0	.4299964	.2006983	.3693053	0
580.15	0	.4299589	.2007643	.3692769	0
579.15	0	.4299213	.2008302	.3692485	0
578.15	0	.4298838	.2008961	.36922	0
577.15	0	.4298464	.200962	.3691916	0
576.15	0	.429809	.2010278	.3691632	0
575.15	0	.4297717	.2010935	.3691348	0
574.15	0	.4297343	.2011592	.3691065	0
573.15	0	.4296971	.2012248	.3690781	0
572.15	0	.4296599	.2012904	.3690498	0
571.15	0	.4296227	.2013559	.3690214	0
570.15	0	.4295856	.2014213	.3689931	0
569.15	0	.4295485	.2014867	.3689648	0
568.15	0	.4295114	.2015521	.3689365	0
567.15	0	.4294744	.2016174	.3689082	0
566.15	0	.4294375	.2016826	.3688799	0
565.15	0	.4294006	.2017478	.3688517	0
564.15	0	.4293637	.2018129	.3688234	0
563.15	0	.4293269	.2018779	.3687952	0
562.15	0	.4292901	.2019429	.368767	0
561.15	0	.4292534	.2020078	.3687388	0
560.15	0	.4292167	.2020726	.3687107	0
559.15	0	.4291801	.2021374	.3686825	0
558.15	0	.4291435	.2022021	.3686544	0
557.15	0	.4291069	.2022668	.3686263	0
556.15	0	.4290704	.2023314	.3685982	0
555.15	0	.429034	.2023959	.3685701	0
554.15	0	.4289976	.2024604	.3685421	0
553.15	0	.4289612	.2025248	.368514	0
552.15	0	.4289249	.2025891	.368486	0
551.15	0	.4288886	.2026534	.368458	0
550.15	0	.4288524	.2027175	.3684301	0
549.15	0	.4288162	.2027817	.3684021	0
548.15	0	.4287801	.2028457	.3683742	0
547.15	0	.428744	.2029097	.3683463	0
546.15	0	.428708	.2029736	.3683184	0
545.15	0	.428672	.2030374	.3682906	0
544.15	0	.4286361	.2031012	.3682627	0
543.15	0	.4286002	.2031649	.3682349	0
542.15	0	.4285643	.2032285	.3682072	0
541.15	0	.4285286	.203292	.3681794	0
540.15	0	.4284928	.2033555	.3681517	0
539.15	0	.4284571	.2034189	.368124	0
538.15	0	.4284215	.2034822	.3680964	0
537.15	0	.4283859	.2035454	.3680687	0
536.15	0	.4283503	.2036086	.3680411	0
535.15	0	.4283148	.2036716	.3680135	0
534.15	0	.4282794	.2037346	.367986	0
533.15	0	.428244	.2037975	.3679585	0
532.15	0	.4282086	.2038604	.367931	0
531.15	0	.4281733	.2039231	.3679035	0
530.15	0	.4281381	.2039858	.3678761	0
529.15	0	.4281029	.2040484	.3678487	0
528.15	0	.4280678	.2041109	.3678214	0
527.15	0	.4280327	.2041733	.367794	0
526.15	0	.4279976	.2042356	.3677667	0
525.15	0	.4279626	.2042979	.3677395	0
524.15	0	.4279277	.20436	.3677123	0
523.15	0	.4278928	.2044221	.3676851	0
522.15	0	.427858	.2044841	.3676579	0
521.15	0	.4278232	.204546	.3676308	0
520.15	0	.4277885	.2046078	.3676037	0
519.15	0	.4277538	.2046695	.3675767	0
518.15	0	.4277192	.2047311	.3675497	0
517.15	0	.4276846	.2047927	.3675227	0
516.15	0	.4276501	.2048541	.3674958	0
515.15	0	.4276157	.2049155	.3674689	0
514.15	0	.4275813	.2049767	.367442	0
513.15	0	.427547	.2050378	.3674151	0
512.15	0	.4275127	.2050989	.3673883	0
511.15	0	.4274785	.2051599	.3673616	0
510.15	0	.4274443	.2052208	.3673349	0
509.15	0	.4274102	.2052815	.3673083	0
508.15	0	.4273761	.2053422	.3672817	0
507.15	0	.4273421	.2054028	.3672551	0
506.15	0	.4273082	.2054633	.3672286	0
505.15	0	.4272743	.2055237	.3672021	0
504.15	0	.4272404	.2055839	.3671756	0
503.15	0	.4272066	.2056441	.3671492	0
502.15	0	.4271729	.2057042	.3671229	0
501.15	0	.4271392	.2057642	.3670966	0
500.15	0	.4271056	.205824	.3670703	0
499.15	0	.4270721	.2058838	.3670441	0
498.15	0	.4270386	.2059435	.367018	0
497.15	0	.4270051	.206003	.3669918	0
496.15	0	.4269718	.2060625	.3669658	0
495.15	0	.4269384	.2061218	.3669397	0
494.15	0	.4269052	.2061811	.3669138	0
493.15	0	.426872	.2062402	.3668878	0
492.15	0	.4268388	.2062992	.366862	0
491.15	0	.4268058	.2063581	.3668361	0
490.15	0	.4267727	.2064169	.3668104	0
489.15	0	.4267398	.2064756	.3667846	0
488.15	0	.4267069	.2065342	.366759	0
487.15	0	.426674	.2065926	.3667333	0
486.15	0	.4266412	.206651	.3667078	0
485.15	0	.4266085	.2067092	.3666822	0
484.15	0	.4265759	.2067674	.3666568	0
483.15	0	.4265433	.2068254	.3666314	0
482.15	0	.4265107	.2068833	.366606	0
481.15	0	.4264783	.2069411	.3665807	0
480.15	0	.4264459	.2069987	.3665554	0
479.15	0	.4264135	.2070563	.3665302	0
478.15	0	.4263812	.2071137	.3665051	0
477.15	0	.426349	.207171	.36648	0
476.15	0	.4263168	.2072282	.366455	0
475.15	0	.4262847	.2072853	.36643	0
474.15	0	.4262527	.2073422	.3664051	0
473.15	0	.4262207	.207399	.3663802	0
472.15	0	.4261888	.2074558	.3663554	0
471.15	0	.426157	.2075123	.3663307	0
470.15	0	.4261252	.2075688	.366306	0
469.15	0	.4260935	.2076251	.3662814	0
468.15	0	.4260618	.2076814	.3662568	0
467.15	0	.4260303	.2077374	.3662323	0
466.15	0	.4259988	.2077934	.3662079	0
465.15	0	.4259673	.2078492	.3661835	0
464.15	0	.4259359	.207905	.3661591	0
463.15	0	.4259046	.2079605	.3661349	0
462.15	0	.4258733	.208016	.3661107	0
461.15	0	.4258422	.2080713	.3660865	0
460.15	0	.425811	.2081265	.3660625	0
459.15	0	.42578	.2081816	.3660385	0
458.15	0	.425749	.2082365	.3660145	0
457.15	0	.4257181	.2082913	.3659906	0
456.15	0	.4256872	.208346	.3659668	0
455.15	0	.4256564	.2084006	.365943	0
454.15	0	.4256257	.208455	.3659193	0
453.15	0	.425595	.2085092	.3658957	0
452.15	0	.4255644	.2085634	.3658722	0
451.15	0	.4255339	.2086174	.3658487	0
450.15	0	.4255035	.2086713	.3658252	0
449.15	0	.4254731	.208725	.3658019	0
448.15	0	.4254428	.2087785	.3657786	0
447.15	0	.4254126	.208832	.3657554	0
446.15	0	.4253825	.2088852	.3657323	0
445.15	0	.4253524	.2089383	.3657092	0
444.15	0	.4253225	.2089913	.3656862	0
443.15	0	.4252926	.2090441	.3656633	0
442.15	0	.4252628	.2090968	.3656405	0
441.15	0	.425233	.2091493	.3656177	0
440.15	0	.4252034	.2092016	.365595	0
439.15	0	.4251739	.2092537	.3655724	0
438.15	0	.4251444	.2093057	.3655499	0
437.15	0	.4251151	.2093575	.3655275	0
436.15	0	.4250858	.2094091	.3655051	0
435.15	0	.4250566	.2094605	.3654829	0
434.15	0	.4250276	.2095118	.3654607	0
433.15	0	.4249986	.2095628	.3654386	0
432.15	0	.4249698	.2096137	.3654166	0
431.15	0	.424941	.2096644	.3653947	0
430.15	0	.4249123	.2097149	.3653728	0
429.15	0	.4248838	.2097651	.3653511	0
428.15	0	.4248553	.2098152	.3653294	0
427.15	0	.424827	.2098651	.3653079	0
426.15	0	.4247988	.2099148	.3652864	0
425.15	0	.4247706	.2099643	.365265	0
424.15	0	.4247426	.2100136	.3652438	0
423.15	0	.4247147	.2100627	.3652226	0
422.15	0	.4246869	.2101116	.3652015	0
421.15	0	.4246592	.2101603	.3651805	0
420.15	0	.4246316	.2102088	.3651596	0
419.15	0	.4246042	.2102571	.3651388	0
418.15	0	.4245768	.2103051	.365118	0
417.15	0	.4245496	.210353	.3650974	0
416.15	0	.4245224	.2104007	.3650769	0
415.15	0	.4244954	.2104481	.3650565	0
414.15	0	.4244685	.2104954	.3650361	0
413.15	0	.4244417	.2105424	.3650159	0
412.15	0	.424415	.2105892	.3649958	0
411.15	0	.4243884	.2106358	.3649757	0
410.15	0	.4243619	.2106822	.3649558	0
409.15	0	.4243356	.2107285	.364936	0
408.15	0	.4243093	.2107744	.3649162	0
