T	 BPW(LIQUID)	BPW(BCC_A2)	BPW(FCC_A1)	BPW(LAVES_PHASE_C14)	BPW(NI3TI)
1473.15	.02502781	.8802092	0	.09476302	0
1472.15	.02043117	.8831098	0	.09645898	0
1471.15	.01592252	.8859487	0	.09812883	0
1470.15	.01149941	.8887273	0	.0997733	0
1469.15	.007159456	.8914474	0	.1013931	0
1468.15	.002900393	.8941106	0	.102989	0
1467.458	0	.8959206	0	.1040794	0
1467.458	0	.8959206	0	.1040794	0
1467.15	0	.8957021	0	.1042979	0
1466.15	0	.8949943	0	.1050057	0
1465.15	0	.8942883	0	.1057117	0
1464.15	0	.8935842	0	.1064158	0
1463.15	0	.8928819	0	.1071181	0
1462.15	0	.8921814	0	.1078186	0
1461.15	0	.8914828	0	.1085172	0
1460.15	0	.8907859	0	.1092141	0
1459.15	0	.8900909	0	.1099091	0
1458.15	0	.8893977	0	.1106024	0
1457.15	0	.8887062	0	.1112938	0
1456.15	0	.8880165	0	.1119835	0
1455.15	0	.8873286	0	.1126714	0
1454.15	0	.8866425	0	.1133575	0
1453.15	0	.8859581	0	.1140419	0
1452.15	0	.8852755	0	.1147245	0
1451.15	0	.8845946	0	.1154054	0
1450.15	0	.8839155	0	.1160845	0
1449.15	0	.8832381	0	.1167619	0
1448.15	0	.8825625	0	.1174375	0
1447.15	0	.8818886	0	.1181114	0
1446.15	0	.8812164	0	.1187836	0
1445.15	0	.8805459	0	.1194541	0
1444.15	0	.8798771	0	.1201229	0
1443.15	0	.87921	0	.12079	0
1442.15	0	.8785446	0	.1214554	0
1441.15	0	.8778809	0	.1221191	0
1440.15	0	.8772189	0	.1227811	0
1439.15	0	.8765586	0	.1234414	0
1438.15	0	.8758999	0	.1241001	0
1437.15	0	.8752429	0	.1247571	0
1436.15	0	.8745876	0	.1254124	0
1435.15	0	.8739339	0	.1260661	0
1434.15	0	.8732818	0	.1267182	0
1433.15	0	.8726314	0	.1273686	0
1432.15	0	.8719827	0	.1280173	0
1431.15	0	.8713355	0	.1286645	0
1430.15	0	.87069	0	.12931	0
1429.15	0	.8700461	0	.1299539	0
1428.15	0	.8694038	0	.1305961	0
1427.15	0	.8687632	0	.1312368	0
1426.15	0	.8681241	0	.1318759	0
1425.15	0	.8674866	0	.1325134	0
1424.15	0	.8668508	0	.1331492	0
1423.15	0	.8662165	0	.1337835	0
1422.15	0	.8655838	0	.1344162	0
1421.15	0	.8649526	0	.1350474	0
1420.15	0	.864323	0	.135677	0
1419.15	0	.863695	0	.136305	0
1418.15	0	.8630686	0	.1369314	0
1417.15	0	.8624437	0	.1375563	0
1416.15	0	.8618203	0	.1381797	0
1415.15	0	.8611985	0	.1388015	0
1414.15	0	.8605783	0	.1394217	0
1413.15	0	.8599595	0	.1400405	0
1412.15	0	.8593423	0	.1406577	0
1411.15	0	.8587266	0	.1412734	0
1410.15	0	.8581125	0	.1418876	0
1409.15	0	.8574998	0	.1425002	0
1408.15	0	.8568886	0	.1431114	0
1407.15	0	.856279	0	.143721	0
1406.15	0	.8556708	0	.1443292	0
1405.15	0	.8550642	0	.1449359	0
1404.15	0	.854459	0	.145541	0
1403.15	0	.8538553	0	.1461447	0
1402.15	0	.853253	0	.146747	0
1401.15	0	.8526523	0	.1473477	0
1400.15	0	.852053	0	.147947	0
1399.15	0	.8514552	0	.1485448	0
1398.15	0	.8508588	0	.1491412	0
1397.15	0	.8502639	0	.1497361	0
1396.15	0	.8496704	0	.1503296	0
1395.15	0	.8490784	0	.1509216	0
1394.15	0	.8484878	0	.1515122	0
1393.15	0	.8478986	0	.1521014	0
1392.15	0	.8473109	0	.1526891	0
1391.15	0	.8467245	0	.1532755	0
1390.15	0	.8461396	0	.1538604	0
1389.15	0	.8455562	0	.1544438	0
1388.15	0	.8449741	0	.1550259	0
1387.15	0	.8443934	0	.1556066	0
1386.15	0	.8438141	0	.1561859	0
1385.15	0	.8432363	0	.1567637	0
1384.15	0	.8426598	0	.1573402	0
1383.15	0	.8420847	0	.1579153	0
1382.15	0	.8415109	0	.1584891	0
1381.15	0	.8409386	0	.1590614	0
1380.15	0	.8403676	0	.1596324	0
1379.15	0	.839798	0	.160202	0
1378.15	0	.8392298	0	.1607702	0
1377.15	0	.8386629	0	.1613371	0
1376.15	0	.8380974	0	.1619026	0
1375.15	0	.8375332	0	.1624668	0
1374.15	0	.8369704	0	.1630297	0
1373.15	0	.8364089	0	.1635911	0
1372.15	0	.8358487	0	.1641513	0
1371.15	0	.8352899	0	.1647101	0
1370.15	0	.8347324	0	.1652676	0
1369.15	0	.8341762	0	.1658238	0
1368.15	0	.8336214	0	.1663786	0
1367.15	0	.8330678	0	.1669322	0
1366.15	0	.8325156	0	.1674844	0
1365.15	0	.8319647	0	.1680353	0
1364.15	0	.8314151	0	.1685849	0
1363.15	0	.8308668	0	.1691333	0
1362.15	0	.8303197	0	.1696803	0
1361.15	0	.829774	0	.170226	0
1360.15	0	.8292295	0	.1707705	0
1359.15	0	.8286864	0	.1713136	0
1358.15	0	.8281445	0	.1718555	0
1357.15	0	.8276039	0	.1723961	0
1356.15	0	.8270646	0	.1729354	0
1355.15	0	.8265265	0	.1734735	0
1354.15	0	.8259897	0	.1740103	0
1353.15	0	.8254541	0	.1745459	0
1352.15	0	.8249198	0	.1750802	0
1351.15	0	.8243868	0	.1756132	0
1350.15	0	.823855	0	.176145	0
1349.15	0	.8233244	0	.1766756	0
1348.15	0	.8227951	0	.1772049	0
1347.15	0	.822267	0	.177733	0
1346.15	0	.8217402	0	.1782598	0
1345.15	0	.8212145	0	.1787855	0
1344.15	0	.8206901	0	.1793099	0
1343.15	0	.820167	0	.179833	0
1342.15	0	.819645	0	.180355	0
1341.15	0	.8191242	0	.1808758	0
1340.15	0	.8186047	0	.1813953	0
1339.15	0	.8180864	0	.1819136	0
1338.15	0	.8175692	0	.1824308	0
1337.15	0	.8170533	0	.1829467	0
1336.15	0	.8165385	0	.1834615	0
1335.15	0	.816025	0	.183975	0
1334.15	0	.8155126	0	.1844874	0
1333.15	0	.8150014	0	.1849986	0
1332.15	0	.8144914	0	.1855086	0
1331.15	0	.8139826	0	.1860174	0
1330.15	0	.8134749	0	.1865251	0
1329.15	0	.8129684	0	.1870316	0
1328.15	0	.8124631	0	.1875369	0
1327.15	0	.8119589	0	.1880411	0
1326.15	0	.8114559	0	.1885441	0
1325.15	0	.8109541	0	.1890459	0
1324.15	0	.8104534	0	.1895466	0
1323.15	0	.8099538	0	.1900462	0
1322.15	0	.8094554	0	.1905446	0
1321.15	0	.8089582	0	.1910418	0
1320.15	0	.808462	0	.191538	0
1319.15	0	.807967	0	.192033	0
1318.15	0	.8074732	0	.1925268	0
1317.15	0	.8069804	0	.1930196	0
1316.15	0	.8064888	0	.1935112	0
1315.15	0	.8059983	0	.1940017	0
1314.15	0	.805509	0	.194491	0
1313.15	0	.8050207	0	.1949793	0
1312.15	0	.8045335	0	.1954665	0
1311.15	0	.8040475	0	.1959525	0
1310.15	0	.8035626	0	.1964374	0
1309.15	0	.8030787	0	.1969213	0
1308.15	0	.802596	0	.197404	0
1307.15	0	.8021143	0	.1978857	0
1306.15	0	.8016338	0	.1983662	0
1305.15	0	.8011543	0	.1988457	0
1304.15	0	.8006759	0	.1993241	0
1303.15	0	.8001986	0	.1998014	0
1302.15	0	.7997224	0	.2002776	0
1301.15	0	.7992473	0	.2007527	0
1300.15	0	.7987732	0	.2012268	0
1299.15	0	.7983002	0	.2016998	0
1298.15	0	.7978283	0	.2021717	0
1297.15	0	.7973574	0	.2026426	0
1296.15	0	.7968876	0	.2031124	0
1295.15	0	.7964188	0	.2035812	0
1294.15	0	.7959511	0	.2040489	0
1293.15	0	.7954845	0	.2045155	0
1292.15	0	.7950189	0	.2049811	0
1291.15	0	.7945543	0	.2054457	0
1290.15	0	.7940908	0	.2059092	0
1289.15	0	.7936283	0	.2063717	0
1288.15	0	.7931669	0	.2068331	0
1287.15	0	.7927065	0	.2072935	0
1286.15	0	.7922471	0	.2077529	0
1285.15	0	.7917888	0	.2082112	0
1284.15	0	.7913315	0	.2086686	0
1283.15	0	.7908752	0	.2091249	0
1282.15	0	.7904199	0	.2095801	0
1281.15	0	.7899656	0	.2100344	0
1280.15	0	.7895124	0	.2104877	0
1279.15	0	.7890601	0	.2109399	0
1278.15	0	.7886089	0	.2113911	0
1277.15	0	.7881587	0	.2118414	0
1276.15	0	.7877094	0	.2122906	0
1275.15	0	.7872612	0	.2127388	0
1274.15	0	.786814	0	.213186	0
1273.15	0	.7863677	0	.2136323	0
1272.15	0	.7859225	0	.2140775	0
1271.15	0	.7854782	0	.2145218	0
1270.15	0	.7850349	0	.2149651	0
1269.15	0	.7845927	0	.2154073	0
1268.15	0	.7841513	0	.2158487	0
1267.15	0	.783711	0	.216289	0
1266.15	0	.7832717	0	.2167284	0
1265.15	0	.7828333	0	.2171667	0
1264.15	0	.7823958	0	.2176042	0
1263.15	0	.7819594	0	.2180406	0
1262.15	0	.7815239	0	.2184761	0
1261.15	0	.7810894	0	.2189106	0
1260.15	0	.7806558	0	.2193442	0
1259.15	0	.7802232	0	.2197768	0
1258.15	0	.7797915	0	.2202085	0
1257.15	0	.7793608	0	.2206392	0
1256.15	0	.7789311	0	.2210689	0
1255.15	0	.7785023	0	.2214977	0
1254.15	0	.7780744	0	.2219256	0
1253.15	0	.7776475	0	.2223525	0
1252.15	0	.7772215	0	.2227785	0
1251.15	0	.7767964	0	.2232036	0
1250.15	0	.7763723	0	.2236277	0
1249.15	0	.7759491	0	.2240509	0
1248.15	0	.7755269	0	.2244731	0
1247.15	0	.7751055	0	.2248945	0
1246.15	0	.7746851	0	.2253149	0
1245.15	0	.7742657	0	.2257344	0
1244.15	0	.7738471	0	.2261529	0
1243.15	0	.7734294	0	.2265706	0
1242.15	0	.7730127	0	.2269873	0
1241.15	0	.7725969	0	.2274031	0
1240.15	0	.7721819	0	.2278181	0
1239.15	0	.7717679	0	.2282321	0
1238.15	0	.7713548	0	.2286452	0
1237.15	0	.7709426	0	.2290574	0
1236.15	0	.7705313	0	.2294687	0
1235.15	0	.7701209	0	.2298791	0
1234.15	0	.7697114	0	.2302886	0
1233.15	0	.7693028	0	.2306972	0
1232.15	0	.7688951	0	.231105	0
1231.15	0	.7684882	0	.2315118	0
1230.15	0	.7680823	0	.2319177	0
1229.15	0	.7676772	0	.2323228	0
1228.15	0	.767273	0	.232727	0
1227.15	0	.7668697	0	.2331303	0
1226.15	0	.7664673	0	.2335327	0
1225.15	0	.7660657	0	.2339343	0
1224.15	0	.765665	0	.234335	0
1223.15	0	.7652652	0	.2347348	0
1222.15	0	.7648663	0	.2351337	0
1221.15	0	.7644682	0	.2355318	0
1220.15	0	.764071	0	.235929	0
1219.15	0	.7636746	0	.2363254	0
1218.15	0	.7632791	0	.2367209	0
1217.15	0	.7628845	0	.2371155	0
1216.15	0	.7624907	0	.2375093	0
1215.15	0	.7620978	0	.2379022	0
1214.15	0	.7617057	0	.2382943	0
1213.15	0	.7613144	0	.2386856	0
1212.15	0	.7609241	0	.2390759	0
1211.15	0	.7605345	0	.2394655	0
1210.15	0	.7601458	0	.2398542	0
1209.15	0	.759758	0	.240242	0
1208.15	0	.759371	0	.240629	0
1207.15	0	.7589848	0	.2410152	0
1206.15	0	.7585994	0	.2414006	0
1205.15	0	.7582149	0	.2417851	0
1204.15	0	.7578312	0	.2421688	0
1203.15	0	.7574484	0	.2425516	0
1202.15	0	.7570663	0	.2429337	0
1201.15	0	.7566851	0	.2433149	0
1200.15	0	.7563047	0	.2436953	0
1199.15	0	.7559252	0	.2440748	0
1198.15	0	.7555465	0	.2444535	0
1197.15	0	.7551685	0	.2448315	0
1196.15	0	.7547914	0	.2452086	0
1195.15	0	.7544151	0	.2455849	0
1194.15	0	.7540396	0	.2459604	0
1193.15	0	.7536649	0	.2463351	0
1192.15	0	.7532911	0	.246709	0
1191.15	0	.752918	0	.247082	0
1190.15	0	.7525457	0	.2474543	0
1189.15	0	.7521742	0	.2478258	0
1188.15	0	.7518036	0	.2481964	0
1187.15	0	.7514337	0	.2485663	0
1186.15	0	.7510646	0	.2489354	0
1185.15	0	.7506963	0	.2493037	0
1184.15	0	.7503289	0	.2496712	0
1183.15	0	.7499621	0	.2500379	0
1182.15	0	.7495962	0	.2504038	0
1181.15	0	.7492311	0	.2507689	0
1180.15	0	.7488668	0	.2511332	0
1179.15	0	.7485032	0	.2514968	0
1178.15	0	.7481404	0	.2518596	0
1177.15	0	.7477784	0	.2522216	0
1176.15	0	.7474172	0	.2525828	0
1175.15	0	.7470568	0	.2529433	0
1174.15	0	.7466971	0	.2533029	0
1173.15	0	.7463382	0	.2536618	0
1172.15	0	.74598	0	.25402	0
1171.15	0	.7456227	0	.2543773	0
1170.15	0	.7452661	0	.2547339	0
1169.15	0	.7449102	0	.2550898	0
1168.15	0	.7445552	0	.2554448	0
1167.15	0	.7442009	0	.2557992	0
1166.15	0	.7438473	0	.2561527	0
1165.15	0	.7434945	0	.2565055	0
1164.15	0	.7431425	0	.2568575	0
1163.15	0	.7427912	0	.2572088	0
1162.15	0	.7424407	0	.2575594	0
1161.15	0	.7420909	0	.2579091	0
1160.15	0	.7417418	0	.2582582	0
1159.15	0	.7413936	0	.2586064	0
1158.15	0	.741046	0	.258954	0
1157.15	0	.7406992	0	.2593008	0
1156.15	0	.7403532	0	.2596468	0
1155.15	0	.7400079	0	.2599921	0
1154.15	0	.7396633	0	.2603367	0
1153.15	0	.7393195	0	.2606805	0
1152.15	0	.7389764	0	.2610236	0
1151.15	0	.738634	0	.261366	0
1150.15	0	.7382924	0	.2617076	0
1149.15	0	.7379515	0	.2620485	0
1148.15	0	.7376113	0	.2623887	0
1147.15	0	.7372719	0	.2627281	0
1146.15	0	.7369332	0	.2630668	0
1145.15	0	.7365952	0	.2634048	0
1144.15	0	.736258	0	.263742	0
1143.15	0	.7359214	0	.2640786	0
1142.15	0	.7355856	0	.2644144	0
1141.15	0	.7352505	0	.2647495	0
1140.15	0	.7349161	0	.2650839	0
1139.15	0	.7345825	0	.2654175	0
1138.15	0	.7342495	0	.2657505	0
1137.15	0	.7339173	0	.2660827	0
1136.15	0	.7335858	0	.2664142	0
1135.15	0	.733255	0	.2667451	0
1134.15	0	.7329249	0	.2670751	0
1133.15	0	.7325955	0	.2674046	0
1132.15	0	.7322668	0	.2677332	0
1131.15	0	.7319388	0	.2680612	0
1130.15	0	.7316115	0	.2683885	0
1129.15	0	.7312849	0	.2687151	0
1128.15	0	.730959	0	.269041	0
1127.15	0	.7306338	0	.2693662	0
1126.15	0	.7303093	0	.2696907	0
1125.15	0	.7299855	0	.2700145	0
1124.15	0	.7296625	0	.2703375	0
1123.15	0	.72934	0	.27066	0
1122.15	0	.7290183	0	.2709817	0
1121.15	0	.7286973	0	.2713027	0
1120.15	0	.728377	0	.271623	0
1119.15	0	.7280573	0	.2719427	0
1118.15	0	.7277384	0	.2722617	0
1117.15	0	.7274201	0	.2725799	0
1116.15	0	.7271025	0	.2728975	0
1115.15	0	.7267856	0	.2732144	0
1114.15	0	.7264693	0	.2735307	0
1113.15	0	.7261538	0	.2738462	0
1112.15	0	.7258389	0	.2741611	0
1111.15	0	.7255247	0	.2744753	0
1110.15	0	.7252112	0	.2747889	0
1109.15	0	.7248983	0	.2751017	0
1108.15	0	.7245861	0	.2754139	0
1107.15	0	.7242746	0	.2757254	0
1106.15	0	.7239638	0	.2760362	0
1105.15	0	.7236536	0	.2763464	0
1104.15	0	.7233441	0	.2766559	0
1103.15	0	.7230352	0	.2769648	0
1102.15	0	.7227271	0	.2772729	0
1101.15	0	.7224196	0	.2775805	0
1100.15	0	.7221127	0	.2778873	0
1099.15	0	.7218065	0	.2781935	0
1098.15	0	.721501	0	.278499	0
1097.15	0	.7211961	0	.2788039	0
1096.15	0	.7208919	0	.2791081	0
1095.15	0	.7205883	0	.2794117	0
1094.15	0	.7202854	0	.2797146	0
1093.15	0	.7199832	0	.2800168	0
1092.15	0	.7196816	0	.2803184	0
1091.15	0	.7193806	0	.2806194	0
1090.15	0	.7190803	0	.2809197	0
1089.15	0	.7187807	0	.2812194	0
1088.15	0	.7184817	0	.2815183	0
1087.15	0	.7181833	0	.2818167	0
1086.15	0	.7178856	0	.2821144	0
1085.15	0	.7175885	0	.2824115	0
1084.15	0	.7172921	0	.2827079	0
1083.15	0	.7169963	0	.2830037	0
1082.15	0	.7167011	0	.2832989	0
1081.15	0	.7164066	0	.2835934	0
1080.15	0	.7161128	0	.2838872	0
1079.15	0	.7158195	0	.2841805	0
1078.15	0	.7155269	0	.2844731	0
1077.15	0	.7152349	0	.2847651	0
1076.15	0	.7149436	0	.2850564	0
1075.15	0	.7146529	0	.2853471	0
1074.15	0	.7143628	0	.2856372	0
1073.15	0	.7140734	0	.2859266	0
1072.15	0	.7137846	0	.2862154	0
1071.15	0	.7134964	0	.2865036	0
1070.15	0	.7132088	0	.2867912	0
1069.15	0	.7129219	0	.2870781	0
1068.15	0	.7126356	0	.2873644	0
1067.15	0	.7123499	0	.2876501	0
1066.15	0	.7120648	0	.2879352	0
1065.15	0	.7117804	0	.2882196	0
1064.15	0	.7114966	0	.2885034	0
1063.15	0	.7112134	0	.2887866	0
1062.15	0	.7109308	0	.2890692	0
1061.15	0	.7106488	0	.2893512	0
1060.15	0	.7103675	0	.2896325	0
1059.15	0	.7100867	0	.2899133	0
1058.15	0	.7098066	0	.2901934	0
1057.15	0	.7095271	0	.2904729	0
1056.15	0	.7092482	0	.2907518	0
1055.15	0	.7089699	0	.2910301	0
1054.15	0	.7086922	0	.2913078	0
1053.15	0	.7084151	0	.2915849	0
1052.15	0	.7081386	0	.2918614	0
1051.15	0	.7078628	0	.2921372	0
1050.15	0	.7075875	0	.2924125	0
1049.15	0	.7073129	0	.2926871	0
1048.15	0	.7070388	0	.2929612	0
1047.15	0	.7067654	0	.2932346	0
1046.15	0	.7064925	0	.2935075	0
1045.15	0	.7062203	0	.2937797	0
1044.15	0	.7059487	0	.2940513	0
1043.15	0	.7056776	0	.2943224	0
1042.15	0	.7054072	0	.2945928	0
1041.15	0	.7051373	0	.2948627	0
1040.15	0	.704868	0	.2951319	0
1039.15	0	.7045994	0	.2954006	0
1038.15	0	.7043313	0	.2956687	0
1037.15	0	.7040638	0	.2959362	0
1036.15	0	.703797	0	.296203	0
1035.15	0	.7035307	0	.2964693	0
1034.15	0	.703265	0	.296735	0
1033.15	0	.7029998	0	.2970002	0
1032.15	0	.7027353	0	.2972647	0
1031.15	0	.7024714	0	.2975286	0
1030.15	0	.702208	0	.297792	0
1029.15	0	.7019453	0	.2980547	0
1028.15	0	.7016831	0	.2983169	0
1027.15	0	.7014215	0	.2985785	0
1026.15	0	.7011605	0	.2988395	0
1025.15	0	.7009	0	.2991	0
1024.15	0	.7006402	0	.2993598	0
1023.15	0	.7003809	0	.2996191	0
1022.15	0	.7001222	0	.2998778	0
1021.15	0	.6998641	0	.3001359	0
1020.15	0	.6996066	0	.3003935	0
1019.15	0	.6993496	0	.3006504	0
1018.15	0	.6990932	0	.3009068	0
1017.15	0	.6988374	0	.3011626	0
1016.15	0	.6985821	0	.3014179	0
1015.15	0	.6983275	0	.3016725	0
1014.15	0	.6980734	0	.3019266	0
1013.15	0	.6978199	0	.3021801	0
1012.15	0	.6975669	0	.3024331	0
1011.15	0	.6973145	0	.3026855	0
1010.15	0	.6970627	0	.3029373	0
1009.15	0	.6968115	0	.3031885	0
1008.15	0	.6965608	0	.3034392	0
1007.15	0	.6963107	0	.3036893	0
1006.15	0	.6960611	0	.3039389	0
1005.15	0	.6958122	0	.3041878	0
1004.15	0	.6955638	0	.3044363	0
1003.15	0	.6953159	0	.3046841	0
1002.15	0	.6950686	0	.3049314	0
1001.15	0	.6948219	0	.3051781	0
1000.15	0	.6945757	0	.3054243	0
999.15	0	.6943301	0	.3056699	0
998.15	0	.694085	0	.305915	0
997.15	0	.6938406	0	.3061594	0
996.15	0	.6935966	0	.3064034	0
995.15	0	.6933533	0	.3066468	0
994.15	0	.6931104	0	.3068896	0
993.15	0	.6928682	0	.3071318	0
992.15	0	.6926265	0	.3073735	0
991.15	0	.6923853	0	.3076147	0
990.15	0	.6921447	0	.3078553	0
989.15	0	.6919047	0	.3080954	0
988.15	0	.6916652	0	.3083349	0
987.15	0	.6914262	0	.3085738	0
986.15	0	.6911878	0	.3088122	0
985.15	0	.69095	0	.30905	0
984.15	0	.6907127	0	.3092873	0
983.15	0	.6904759	0	.3095241	0
982.15	0	.6902397	0	.3097603	0
981.15	0	.6900041	0	.309996	0
980.15	0	.6897689	0	.3102311	0
979.15	0	.6895344	0	.3104656	0
978.15	0	.6893004	0	.3106997	0
977.15	0	.6890669	0	.3109331	0
976.15	0	.6888339	0	.3111661	0
975.15	0	.6886015	0	.3113985	0
974.15	0	.6883697	0	.3116303	0
973.15	0	.6881384	0	.3118616	0
972.15	0	.6879076	0	.3120924	0
971.15	0	.6876774	0	.3123226	0
970.15	0	.6874477	0	.3125523	0
969.15	0	.6872185	0	.3127815	0
968.15	0	.6869899	0	.3130101	0
967.15	0	.6867618	0	.3132382	0
966.15	0	.6865343	0	.3134657	0
965.15	0	.6863073	0	.3136927	0
964.15	0	.6860808	0	.3139192	0
963.15	0	.6858549	0	.3141451	0
962.15	0	.6856294	0	.3143706	0
961.15	0	.6854046	0	.3145954	0
960.15	0	.6851802	0	.3148198	0
959.15	0	.6849564	0	.3150436	0
958.15	0	.6847331	0	.3152669	0
957.15	0	.6845104	0	.3154896	0
956.15	0	.6842882	0	.3157118	0
955.15	0	.6840665	0	.3159335	0
954.15	0	.6838453	0	.3161547	0
953.15	0	.6836247	0	.3163753	0
952.15	0	.6834046	0	.3165955	0
951.15	0	.683185	0	.316815	0
950.8955	0	.6831292	0	.3168708	0
950.8955	0	.6831292	0	.3168708	0
950.8955	0	.6831292	0	.3168708	0
950.15	0	.6825306	4.717723E-04	.3169976	0
949.15	0	.6817297	.001103267	.317167	0
948.15	0	.6809311	.001733237	.3173357	0
947.15	0	.6801348	.002361692	.3175035	0
946.15	0	.6793408	.002988642	.3176706	0
945.15	0	.678549	.003614097	.3178369	0
944.15	0	.6777595	.004238067	.3180025	0
943.15	0	.6769722	.004860563	.3181672	0
942.15	0	.6761872	.005481596	.3183312	0
941.15	0	.6754045	.006101177	.3184943	0
940.15	0	.674624	.006719318	.3186567	0
939.15	0	.6738457	.007336031	.3188183	0
938.15	0	.6730696	.007951329	.318979	0
937.15	0	.6722958	.008565224	.319139	0
936.15	0	.6715242	.009177731	.3192981	0
935.15	0	.6707547	.009788862	.3194564	0
934.15	0	.6699874	.01039863	.3196139	0
933.15	0	.6692223	.01100706	.3197706	0
932.15	0	.6684594	.01161415	.3199265	0
931.15	0	.6676986	.01221993	.3200814	0
930.15	0	.66694	.0128244	.3202356	0
929.15	0	.6661835	.0134276	.3203889	0
928.15	0	.6654291	.01402952	.3205414	0
927.15	0	.6646768	.0146302	.320693	0
926.15	0	.6639266	.01522965	.3208437	0
925.15	0	.6631785	.01582789	.3209936	0
924.15	0	.6624325	.01642494	.3211426	0
923.15	0	.6616885	.01702081	.3212907	0
922.15	0	.6609466	.01761553	.3214379	0
921.15	0	.6602067	.01820912	.3215842	0
920.15	0	.6594688	.01880161	.3217296	0
919.15	0	.6587328	.01939301	.3218742	0
918.15	0	.6579989	.01998334	.3220178	0
917.15	0	.6572669	.02057264	.3221604	0
916.15	0	.6565369	.02116093	.3223022	0
915.15	0	.6558088	.02174822	.322443	0
914.15	0	.6550825	.02233456	.3225829	0
913.15	0	.6543582	.02291996	.3227218	0
912.15	0	.6536357	.02350446	.3228598	0
911.15	0	.6529151	.02408808	.3229968	0
910.15	0	.6521963	.02467085	.3231328	0
909.15	0	.6514793	.02525281	.3232679	0
908.15	0	.6507641	.02583398	.323402	0
907.15	0	.6500506	.0264144	.323535	0
906.15	0	.6493388	.02699411	.3236671	0
905.15	0	.6486287	.02757313	.3237981	0
904.15	0	.6479204	.02815151	.3239281	0
903.15	0	.6472136	.02872927	.3240571	0
902.15	0	.6465085	.02930647	.3241851	0
901.15	0	.6458049	.02988313	.324312	0
900.15	0	.6451029	.03045931	.3244378	0
899.15	0	.6444025	.03103504	.3245625	0
898.15	0	.6437035	.03161036	.3246862	0
897.15	0	.6430059	.03218532	.3248087	0
896.15	0	.6423098	.03275998	.3249302	0
895.15	0	.6416151	.03333436	.3250505	0
894.15	0	.6409217	.03390854	.3251697	0
893.15	0	.6402297	.03448255	.3252878	0
892.15	0	.6395389	.03505645	.3254047	0
891.15	0	.6388493	.03563029	.3255204	0
890.15	0	.6381609	.03620413	.325635	0
889.15	0	.6374736	.03677804	.3257483	0
888.15	0	.6367875	.03735206	.3258605	0
887.15	0	.6361023	.03792626	.3259714	0
886.15	0	.6354182	.03850071	.3260811	0
885.15	0	.634735	.03907547	.3261895	0
884.15	0	.6340527	.03965061	.3262967	0
883.15	0	.6333712	.0402262	.3264026	0
882.15	0	.6326905	.04080232	.3265072	0
881.15	0	.6320105	.04137905	.3266104	0
880.15	0	.6313312	.04195645	.3267124	0
879.15	0	.6306524	.04253462	.326813	0
878.15	0	.6299742	.04311363	.3269122	0
877.15	0	.6292964	.04369358	.32701	0
876.15	0	.6286191	.04427456	.3271064	0
875.15	0	.627942	.04485665	.3272014	0
874.15	0	.6272651	.04543997	.3272949	0
873.15	0	.6265884	.0460246	.327387	0
872.15	0	.6259118	.04661066	.3274775	0
871.15	0	.6252352	.04719825	.3275666	0
870.15	0	.6245584	.04778749	.3276541	0
869.15	0	.6238815	.04837849	.32774	0
868.15	0	.6232043	.04897138	.3278244	0
867.15	0	.6225266	.04956628	.3279071	0
866.15	0	.6218485	.05016333	.3279882	0
865.15	0	.6211697	.05076266	.3280676	0
864.15	0	.6204903	.05136442	.3281453	0
863.15	0	.61981	.05196876	.3282213	0
862.15	0	.6191287	.05257583	.3282955	0
861.15	0	.6184463	.05318579	.3283679	0
860.15	0	.6177627	.05379882	.3284385	0
859.15	0	.6170777	.05441508	.3285072	0
858.15	0	.6163912	.05503478	.328574	0
857.15	0	.615703	.05565809	.3286389	0
856.15	0	.615013	.05628522	.3287018	0
855.15	0	.614321	.05691639	.3287626	0
854.15	0	.6136268	.05755181	.3288214	0
853.15	0	.6129303	.05819172	.328878	0
852.15	0	.6122311	.05883636	.3289325	0
851.15	0	.6115292	.059486	.3289848	0
850.15	0	.6108243	.0601409	.3290348	0
849.15	0	.6101162	.06080134	.3290825	0
848.15	0	.6094047	.06146763	.3291277	0
847.15	0	.6086894	.06214009	.3291705	0
846.15	0	.6079701	.06281904	.3292108	0
845.15	0	.6072466	.06350485	.3292486	0
844.15	0	.6065185	.06419789	.3292836	0
843.15	0	.6057855	.06489856	.3293159	0
842.15	0	.6050473	.06560727	.3293454	0
841.15	0	.6043036	.06632449	.3293719	0
840.15	0	.6035538	.06705069	.3293955	0
839.15	0	.6027977	.06778638	.3294159	0
838.15	0	.6020347	.06853211	.3294332	0
837.15	0	.6012645	.06928846	.3294471	0
836.15	0	.6004865	.07005607	.3294575	0
835.15	0	.5997001	.0708356	.3294643	0
834.15	0	.5989048	.07162779	.3294674	0
833.15	0	.5980999	.07243341	.3294667	0
832.15	0	.5972618	.07327953	.3294587	0
831.15	0	.5959595	.0746566	.3293839	0
830.15	0	.5947058	.07598343	.3293108	0
829.15	0	.593498	.07726267	.3292393	0
828.15	0	.5923337	.0784968	.3291695	0
827.15	0	.5912107	.07968816	.3291012	0
826.15	0	.5901267	.08083891	.3290344	0
825.15	0	.5890799	.08195112	.328969	0
824.15	0	.5880683	.08302671	.328905	0
823.15	0	.5870902	.08406746	.3288424	0
822.15	0	.586144	.08507508	.328781	0
821.15	0	.585228	.08605116	.3287208	0
820.15	0	.584341	.08699719	.3286618	0
819.15	0	.5834815	.08791458	.328604	0
818.15	0	.5826482	.08880465	.3285472	0
817.15	0	.5818399	.08966866	.3284914	0
816.15	0	.5810556	.09050778	.3284366	0
815.15	0	.5802941	.09132311	.3283828	0
814.15	0	.5795544	.09211572	.3283298	0
813.15	0	.5788357	.09288658	.3282778	0
812.15	0	.5781369	.09363663	.3282265	0
811.15	0	.5774572	.09436676	.328176	0
810.15	0	.5767959	.09507781	.3281263	0
809.15	0	.5761521	.09577057	.3280773	0
808.15	0	.5755252	.09644579	.328029	0
807.15	0	.5749145	.09710418	.3279814	0
806.15	0	.5743193	.09774643	.3279343	0
805.15	0	.5737389	.09837317	.3278879	0
804.15	0	.5731729	.09898502	.3278421	0
803.15	0	.5726207	.09958255	.3277968	0
802.15	0	.5720817	.1001663	.327752	0
801.15	0	.5715554	.1007369	.3277077	0
800.15	0	.5710414	.1012947	.3276639	0
799.15	0	.5705392	.1018402	.3276206	0
798.15	0	.5700484	.1023739	.3275777	0
797.15	0	.5695685	.1028963	.3275352	0
796.15	0	.5690991	.1034077	.3274932	0
795.15	0	.56864	.1039085	.3274515	0
794.15	0	.5681907	.1043992	.3274102	0
793.15	0	.5677508	.10488	.3273692	0
792.15	0	.5673201	.1053513	.3273286	0
791.15	0	.5668982	.1058135	.3272883	0
790.15	0	.5664849	.1062668	.3272482	0
789.15	0	.5660798	.1067116	.3272085	0
788.15	0	.5656827	.1071482	.3271691	0
787.15	0	.5652933	.1075767	.3271299	0
786.15	0	.5649114	.1079976	.327091	0
785.15	0	.5645367	.108411	.3270524	0
784.15	0	.5641689	.1088171	.3270139	0
783.15	0	.563808	.1092163	.3269757	0
782.15	0	.5634535	.1096087	.3269377	0
781.15	0	.5631054	.1099946	.3268999	0
780.15	0	.5627635	.1103742	.3268623	0
779.15	0	.5624275	.1107475	.3268249	0
778.15	0	.5620973	.111115	.3267877	0
777.15	0	.5617727	.1114766	.3267506	0
776.15	0	.5614536	.1118327	.3267137	0
775.15	0	.5611397	.1121834	.326677	0
774.15	0	.5608309	.1125287	.3266404	0
773.15	0	.5605271	.112869	.3266039	0
772.15	0	.5602281	.1132043	.3265676	0
771.15	0	.5599338	.1135348	.3265313	0
770.15	0	.5596441	.1138606	.3264953	0
769.15	0	.5593588	.1141819	.3264593	0
768.15	0	.5590778	.1144988	.3264234	0
767.15	0	.558801	.1148114	.3263877	0
766.15	0	.5585282	.1151198	.326352	0
765.15	0	.5582594	.1154242	.3263164	0
764.15	0	.5579945	.1157246	.326281	0
763.15	0	.5577332	.1160212	.3262456	0
762.15	0	.5574757	.1163141	.3262102	0
761.15	0	.5572229	.1166024	.3261747	0
760.15	0	.5569722	.1168882	.3261396	0
759.15	0	.556725	.1171706	.3261045	0
758.15	0	.556481	.1174496	.3260694	0
757.15	0	.5562402	.1177253	.3260345	0
756.15	0	.5560026	.1179979	.3259996	0
755.15	0	.555768	.1182673	.3259647	0
754.15	0	.5555363	.1185338	.3259299	0
753.15	0	.5553076	.1187973	.3258951	0
752.15	0	.5550817	.1190579	.3258604	0
751.15	0	.5548585	.1193158	.3258257	0
750.15	0	.554638	.1195709	.3257911	0
749.15	0	.5544202	.1198233	.3257565	0
748.15	0	.5542049	.1200732	.3257219	0
747.15	0	.5539922	.1203205	.3256874	0
746.15	0	.5537818	.1205654	.3256528	0
745.15	0	.5535739	.1208078	.3256183	0
744.15	0	.5533683	.1210479	.3255839	0
743.15	0	.5531649	.1212857	.3255494	0
742.15	0	.5529638	.1215212	.325515	0
741.15	0	.5527649	.1217546	.3254806	0
740.15	0	.5525681	.1219858	.3254462	0
739.15	0	.5523733	.1222149	.3254118	0
738.15	0	.5521807	.1224419	.3253774	0
737.15	0	.55199	.122667	.3253431	0
736.15	0	.5518012	.1228901	.3253087	0
735.15	0	.5516144	.1231112	.3252744	0
734.15	0	.5514294	.1233305	.3252401	0
733.15	0	.5512463	.123548	.3252057	0
732.15	0	.5510649	.1237637	.3251714	0
731.15	0	.5508853	.1239776	.3251371	0
730.15	0	.5507074	.1241898	.3251028	0
729.15	0	.5505313	.1244003	.3250684	0
728.15	0	.5503567	.1246092	.3250341	0
727.15	0	.5501837	.1248164	.3249998	0
726.15	0	.5500124	.1250221	.3249655	0
725.15	0	.5498426	.1252263	.3249312	0
724.15	0	.5496743	.1254289	.3248968	0
723.15	0	.5495075	.12563	.3248625	0
722.15	0	.5493422	.1258297	.3248282	0
721.15	0	.5491783	.1260279	.3247938	0
720.15	0	.5490158	.1262247	.3247595	0
719.15	0	.5488547	.1264202	.3247251	0
718.15	0	.548695	.1266143	.3246907	0
717.15	0	.5485365	.1268071	.3246563	0
716.15	0	.5483794	.1269986	.324622	0
715.15	0	.5482236	.1271889	.3245876	0
714.15	0	.548069	.1273778	.3245531	0
713.15	0	.5479157	.1275656	.3245187	0
712.15	0	.5477635	.1277522	.3244843	0
711.15	0	.5476126	.1279375	.3244499	0
710.15	0	.5474629	.1281218	.3244154	0
709.15	0	.5473143	.1283048	.3243809	0
708.15	0	.5471668	.1284868	.3243465	0
707.15	0	.5470204	.1286676	.324312	0
706.15	0	.5468751	.1288474	.3242775	0
705.15	0	.546731	.1290261	.3242429	0
704.15	0	.5465878	.1292038	.3242084	0
703.15	0	.5464457	.1293804	.3241738	0
702.15	0	.5463047	.1295561	.3241393	0
701.15	0	.5461646	.1297307	.3241047	0
700.15	0	.5460255	.1299044	.3240701	0
699.15	0	.5458874	.1300771	.3240355	0
698.15	0	.5457503	.1302488	.3240009	0
697.15	0	.5456141	.1304196	.3239663	0
696.15	0	.5454788	.1305896	.3239316	0
695.15	0	.5453445	.1307586	.323897	0
694.15	0	.545211	.1309267	.3238623	0
693.15	0	.5450785	.131094	.3238276	0
692.15	0	.5449468	.1312604	.3237929	0
691.15	0	.544816	.1314259	.3237581	0
690.15	0	.544686	.1315906	.3237234	0
689.15	0	.5445568	.1317545	.3236886	0
688.15	0	.5444285	.1319176	.3236539	0
687.15	0	.544301	.1320799	.3236191	0
686.15	0	.5441743	.1322414	.3235843	0
685.15	0	.5440484	.1324021	.3235495	0
684.15	0	.5439233	.1325621	.3235146	0
683.15	0	.5437989	.1327213	.3234798	0
682.15	0	.5436753	.1328798	.3234449	0
681.15	0	.5435524	.1330376	.3234101	0
680.15	0	.5434303	.1331946	.3233752	0
679.15	0	.5433088	.1333509	.3233403	0
678.15	0	.5431881	.1335065	.3233054	0
677.15	0	.5430682	.1336614	.3232704	0
676.15	0	.5429489	.1338156	.3232355	0
675.15	0	.5428303	.1339692	.3232005	0
674.15	0	.5427123	.1341221	.3231656	0
673.15	0	.5425951	.1342743	.3231306	0
672.15	0	.5424785	.1344259	.3230956	0
671.15	0	.5423626	.1345768	.3230606	0
670.15	0	.5422473	.1347271	.3230256	0
669.15	0	.5421326	.1348768	.3229906	0
668.15	0	.5420186	.1350259	.3229555	0
667.15	0	.5419052	.1351744	.3229205	0
666.15	0	.5417924	.1353222	.3228854	0
665.15	0	.5416802	.1354695	.3228503	0
664.15	0	.5415686	.1356161	.3228153	0
663.15	0	.5414576	.1357622	.3227802	0
662.15	0	.5413472	.1359077	.322745	0
661.15	0	.5412374	.1360527	.3227099	0
660.15	0	.5411282	.136197	.3226748	0
659.15	0	.5410195	.1363409	.3226397	0
658.15	0	.5409113	.1364841	.3226046	0
657.15	0	.5408038	.1366268	.3225694	0
656.15	0	.5406967	.136769	.3225343	0
655.15	0	.5405903	.1369107	.3224991	0
654.15	0	.5404843	.1370518	.3224639	0
653.15	0	.5403789	.1371924	.3224287	0
652.15	0	.540274	.1373325	.3223936	0
651.15	0	.5401696	.137472	.3223584	0
650.15	0	.5400657	.1376111	.3223232	0
649.15	0	.5399624	.1377496	.322288	0
648.15	0	.5398595	.1378877	.3222528	0
647.15	0	.5397572	.1380253	.3222176	0
646.15	0	.5396553	.1381623	.3221824	0
645.15	0	.5395539	.138299	.3221471	0
644.15	0	.539453	.1384351	.3221119	0
643.15	0	.5393526	.1385707	.3220767	0
642.15	0	.5392526	.1387059	.3220415	0
641.15	0	.5391532	.1388406	.3220063	0
640.15	0	.5390541	.1389748	.321971	0
639.15	0	.5389556	.1391086	.3219358	0
638.15	0	.5388575	.1392419	.3219006	0
637.15	0	.5387598	.1393748	.3218653	0
636.15	0	.5386626	.1395072	.3218301	0
635.15	0	.5385659	.1396392	.3217949	0
634.15	0	.5384695	.1397708	.3217597	0
633.15	0	.5383737	.1399019	.3217244	0
632.15	0	.5382782	.1400326	.3216892	0
631.15	0	.5381832	.1401628	.321654	0
630.15	0	.5380886	.1402927	.3216188	0
629.15	0	.5379944	.1404221	.3215836	0
628.15	0	.5379006	.1405511	.3215484	0
627.15	0	.5378072	.1406796	.3215131	0
626.15	0	.5377143	.1408078	.3214779	0
625.15	0	.5376218	.1409355	.3214427	0
624.15	0	.5375296	.1410629	.3214075	0
623.15	0	.5374379	.1411898	.3213724	0
622.15	0	.5373465	.1413163	.3213372	0
621.15	0	.5372556	.1414424	.321302	0
620.15	0	.537165	.1415682	.3212668	0
619.15	0	.5370748	.1416935	.3212317	0
618.15	0	.536985	.1418185	.3211965	0
617.15	0	.5368956	.141943	.3211614	0
616.15	0	.5368066	.1420672	.3211263	0
615.15	0	.5367179	.142191	.3210911	0
614.15	0	.5366296	.1423144	.321056	0
613.15	0	.5365417	.1424374	.3210209	0
612.15	0	.5364541	.14256	.3209859	0
611.15	0	.5363669	.1426823	.3209508	0
610.15	0	.5362801	.1428042	.3209157	0
609.15	0	.5361936	.1429257	.3208807	0
608.15	0	.5361075	.1430469	.3208456	0
607.15	0	.5360217	.1431677	.3208106	0
606.15	0	.5359363	.1432881	.3207756	0
605.15	0	.5358513	.1434081	.3207406	0
604.15	0	.5357665	.1435278	.3207056	0
603.15	0	.5356822	.1436472	.3206707	0
602.15	0	.5355981	.1437662	.3206357	0
601.15	0	.5355144	.1438848	.3206008	0
600.15	0	.5354311	.144003	.3205659	0
599.15	0	.535348	.144121	.320531	0
598.15	0	.5352653	.1442385	.3204961	0
597.15	0	.535183	.1443558	.3204613	0
596.15	0	.535101	.1444726	.3204264	0
595.15	0	.5350193	.1445891	.3203916	0
594.15	0	.5349379	.1447053	.3203568	0
593.15	0	.5348568	.1448211	.320322	0
592.15	0	.5347761	.1449366	.3202873	0
591.15	0	.5346957	.1450518	.3202526	0
590.15	0	.5346156	.1451666	.3202179	0
589.15	0	.5345358	.1452811	.3201832	0
588.15	0	.5344563	.1453952	.3201485	0
587.15	0	.5343771	.145509	.3201139	0
586.15	0	.5342983	.1456225	.3200793	0
585.15	0	.5342197	.1457356	.3200447	0
584.15	0	.5341415	.1458484	.3200101	0
583.15	0	.5340636	.1459609	.3199756	0
582.15	0	.5339859	.146073	.3199411	0
581.15	0	.5339086	.1461848	.3199066	0
580.15	0	.5338316	.1462963	.3198721	0
579.15	0	.5337548	.1464075	.3198377	0
578.15	0	.5336784	.1465183	.3198033	0
577.15	0	.5336023	.1466288	.319769	0
576.15	0	.5335264	.146739	.3197346	0
575.15	0	.5334508	.1468488	.3197003	0
574.15	0	.5333756	.1469584	.319666	0
573.15	0	.5333006	.1470676	.3196318	0
572.15	0	.5332259	.1471765	.3195976	0
571.15	0	.5331515	.1472851	.3195634	0
570.15	0	.5330774	.1473933	.3195293	0
569.15	0	.5330035	.1475013	.3194952	0
568.15	0	.53293	.1476089	.3194611	0
567.15	0	.5328567	.1477162	.3194271	0
566.15	0	.5327837	.1478232	.319393	0
565.15	0	.532711	.1479299	.3193591	0
564.15	0	.5326386	.1480363	.3193251	0
563.15	0	.5325664	.1481424	.3192913	0
562.15	0	.5324945	.1482481	.3192574	0
561.15	0	.5324229	.1483535	.3192236	0
560.15	0	.5323516	.1484586	.3191898	0
559.15	0	.5322805	.1485635	.3191561	0
558.15	0	.5322097	.148668	.3191223	0
557.15	0	.5321392	.1487722	.3190887	0
556.15	0	.5320689	.1488761	.3190551	0
555.15	0	.5319989	.1489796	.3190215	0
554.15	0	.5319292	.1490829	.3189879	0
553.15	0	.5318597	.1491859	.3189545	0
552.15	0	.5317905	.1492885	.318921	0
551.15	0	.5317215	.1493909	.3188876	0
550.15	0	.5316528	.1494929	.3188542	0
549.15	0	.5315844	.1495947	.3188209	0
548.15	0	.5315163	.1496961	.3187876	0
547.15	0	.5314484	.1497973	.3187544	0
546.15	0	.5313807	.1498981	.3187212	0
545.15	0	.5313133	.1499986	.3186881	0
544.15	0	.5312462	.1500989	.318655	0
543.15	0	.5311793	.1501988	.3186219	0
542.15	0	.5311127	.1502984	.3185889	0
541.15	0	.5310463	.1503977	.318556	0
540.15	0	.5309801	.1504968	.3185231	0
539.15	0	.5309143	.1505955	.3184903	0
538.15	0	.5308487	.1506939	.3184575	0
537.15	0	.5307833	.150792	.3184247	0
536.15	0	.5307182	.1508898	.318392	0
535.15	0	.5306533	.1509874	.3183594	0
534.15	0	.5305886	.1510846	.3183268	0
533.15	0	.5305243	.1511815	.3182943	0
532.15	0	.5304601	.1512781	.3182618	0
531.15	0	.5303962	.1513745	.3182293	0
530.15	0	.5303326	.1514705	.318197	0
529.15	0	.5302691	.1515662	.3181646	0
528.15	0	.530206	.1516617	.3181324	0
527.15	0	.5301431	.1517568	.3181002	0
526.15	0	.5300804	.1518516	.318068	0
525.15	0	.5300179	.1519462	.3180359	0
524.15	0	.5299557	.1520404	.3180039	0
523.15	0	.5298937	.1521344	.3179719	0
522.15	0	.529832	.152228	.31794	0
521.15	0	.5297705	.1523214	.3179081	0
520.15	0	.5297092	.1524144	.3178763	0
519.15	0	.5296482	.1525072	.3178446	0
518.15	0	.5295874	.1525997	.3178129	0
517.15	0	.5295269	.1526919	.3177813	0
516.15	0	.5294665	.1527837	.3177497	0
515.15	0	.5294065	.1528753	.3177182	0
514.15	0	.5293466	.1529666	.3176868	0
513.15	0	.529287	.1530576	.3176554	0
512.15	0	.5292276	.1531483	.3176241	0
511.15	0	.5291684	.1532387	.3175929	0
510.15	0	.5291096	.1533288	.3175616	0
509.15	0	.5290509	.1534186	.3175305	0
508.15	0	.5289924	.1535082	.3174995	0
507.15	0	.5289341	.1535974	.3174685	0
506.15	0	.5288761	.1536863	.3174376	0
505.15	0	.5288183	.153775	.3174067	0
504.15	0	.5287608	.1538633	.3173759	0
503.15	0	.5287034	.1539514	.3173452	0
502.15	0	.5286463	.1540391	.3173146	0
501.15	0	.5285894	.1541266	.317284	0
500.15	0	.5285327	.1542138	.3172535	0
499.15	0	.5284763	.1543006	.3172231	0
498.15	0	.5284201	.1543872	.3171927	0
497.15	0	.5283641	.1544735	.3171624	0
496.15	0	.5283083	.1545595	.3171322	0
495.15	0	.5282528	.1546452	.317102	0
494.15	0	.5281974	.1547306	.317072	0
493.15	0	.5281423	.1548157	.317042	0
492.15	0	.5280874	.1549006	.317012	0
491.15	0	.5280328	.1549851	.3169822	0
490.15	0	.5279783	.1550693	.3169524	0
489.15	0	.5279241	.1551533	.3169227	0
488.15	0	.52787	.1552369	.316893	0
487.15	0	.5278162	.1553203	.3168635	0
486.15	0	.5277627	.1554033	.316834	0
485.15	0	.5277093	.1554861	.3168046	0
484.15	0	.5276561	.1555686	.3167753	0
483.15	0	.5276032	.1556508	.316746	0
482.15	0	.5275505	.1557327	.3167169	0
481.15	0	.527498	.1558143	.3166878	0
480.15	0	.5274457	.1558956	.3166587	0
479.15	0	.5273936	.1559766	.3166298	0
478.15	0	.5273417	.1560573	.316601	0
477.15	0	.5272901	.1561377	.3165722	0
476.15	0	.5272387	.1562179	.3165435	0
475.15	0	.5271874	.1562977	.3165149	0
474.15	0	.5271364	.1563773	.3164864	0
473.15	0	.5270856	.1564565	.3164579	0
472.15	0	.527035	.1565355	.3164295	0
471.15	0	.5269846	.1566141	.3164013	0
470.15	0	.5269344	.1566925	.316373	0
469.15	0	.5268845	.1567706	.3163449	0
468.15	0	.5268347	.1568484	.3163169	0
467.15	0	.5267852	.1569259	.316289	0
466.15	0	.5267358	.1570031	.3162611	0
465.15	0	.5266867	.15708	.3162333	0
464.15	0	.5266378	.1571566	.3162056	0
463.15	0	.5265891	.1572329	.316178	0
462.15	0	.5265405	.157309	.3161505	0
461.15	0	.5264922	.1573847	.3161231	0
460.15	0	.5264441	.1574602	.3160957	0
459.15	0	.5263962	.1575353	.3160685	0
458.15	0	.5263485	.1576102	.3160413	0
457.15	0	.526301	.1576847	.3160142	0
456.15	0	.5262538	.157759	.3159872	0
455.15	0	.5262067	.157833	.3159603	0
454.15	0	.5261598	.1579067	.3159335	0
453.15	0	.5261131	.1579801	.3159068	0
452.15	0	.5260667	.1580532	.3158802	0
451.15	0	.5260204	.158126	.3158536	0
450.15	0	.5259743	.1581985	.3158272	0
449.15	0	.5259285	.1582707	.3158008	0
448.15	0	.5258828	.1583426	.3157746	0
447.15	0	.5258374	.1584142	.3157484	0
446.15	0	.5257922	.1584855	.3157224	0
445.15	0	.5257472	.1585564	.3156964	0
444.15	0	.5257024	.1586271	.3156705	0
443.15	0	.5256578	.1586974	.3156448	0
442.15	0	.5256134	.1587674	.3156191	0
441.15	0	.5255693	.1588371	.3155936	0
440.15	0	.5255254	.1589065	.3155681	0
439.15	0	.5254817	.1589755	.3155428	0
438.15	0	.5254382	.1590442	.3155176	0
437.15	0	.5253949	.1591126	.3154924	0
436.15	0	.5253519	.1591807	.3154674	0
435.15	0	.5253091	.1592484	.3154425	0
434.15	0	.5252665	.1593157	.3154177	0
433.15	0	.5252242	.1593827	.3153931	0
432.15	0	.5251821	.1594494	.3153685	0
431.15	0	.5251402	.1595157	.3153441	0
430.15	0	.5250986	.1595817	.3153198	0
429.15	0	.5250572	.1596473	.3152955	0
428.15	0	.525016	.1597126	.3152715	0
427.15	0	.524975	.1597775	.3152475	0
426.15	0	.5249343	.1598421	.3152236	0
425.15	0	.5248939	.1599063	.3151999	0
424.15	0	.5248536	.1599701	.3151763	0
423.15	0	.5248136	.1600336	.3151528	0
422.15	0	.5247738	.1600967	.3151294	0
421.15	0	.5247343	.1601595	.3151062	0
420.15	0	.524695	.1602219	.3150831	0
419.15	0	.5246559	.160284	.3150601	0
418.15	0	.5246171	.1603457	.3150372	0
417.15	0	.5245785	.1604071	.3150144	0
416.15	0	.5245401	.1604681	.3149918	0
415.15	0	.524502	.1605287	.3149693	0
414.15	0	.5244641	.160589	.3149469	0
413.15	0	.5244264	.1606489	.3149247	0
412.15	0	.524389	.1607084	.3149026	0
411.15	0	.5243518	.1607676	.3148805	0
410.15	0	.5243148	.1608265	.3148587	0
409.15	0	.5242781	.160885	.3148369	0
408.15	0	.5242416	.1609431	.3148153	0
407.15	0	.5242053	.1610009	.3147938	0
406.15	0	.5241693	.1610583	.3147724	0
405.15	0	.5241334	.1611154	.3147512	0
404.15	0	.5240978	.1611722	.3147301	0
403.15	0	.5240624	.1612285	.3147091	0
402.15	0	.5240272	.1612846	.3146882	0
401.15	0	.5239923	.1613402	.3146674	0
400.15	0	.5239576	.1613956	.3146468	0
399.15	0	.5239231	.1614506	.3146263	0
398.388	0	.5238969	.1614923	.3146108	0
398.388	0	.5238969	.1614923	.3146108	0
398.388	0	.5238969	.1614923	.3146108	0
398.15	0	.5239336	.1613963	.3145543	1.158452E-04
397.15	0	.5240873	.1609932	.3143172	6.022479E-04
396.15	0	.5242408	.1605905	.3140805	.00108809
395.15	0	.5243942	.1601881	.3138443	.001573377
394.15	0	.5245474	.159786	.3136085	.002058114
393.15	0	.5247004	.1593842	.3133731	.002542304
392.15	0	.5248532	.1589827	.3131381	.003025953
391.15	0	.5250059	.1585815	.3129035	.003509064
390.15	0	.5251584	.1581806	.3126694	.003991643
389.15	0	.5253107	.15778	.3124356	.004473694
388.15	0	.5254629	.1573796	.3122023	.004955221
387.15	0	.5256149	.1569795	.3119694	.005436228
386.15	0	.5257668	.1565797	.3117369	.00591672
385.15	0	.5259185	.1561801	.3115048	.006396701
384.15	0	.52607	.1557808	.311273	.006876174
383.15	0	.5262214	.1553817	.3110417	.007355145
382.15	0	.5263727	.1549829	.3108108	.007833617
381.15	0	.5265239	.1545842	.3105803	.008311593
380.15	0	.5266749	.1541859	.3103502	.008789079
379.15	0	.5268258	.1537877	.3101204	.009266077
378.15	0	.5269765	.1533898	.3098911	.009742591
377.15	0	.5271271	.1529921	.3096621	.01021863
376.15	0	.5272777	.1525946	.3094336	.01069419
375.15	0	.527428	.1521973	.3092054	.01116927
374.15	0	.5275783	.1518002	.3089776	.01164389
373.15	0	.5277284	.1514034	.3087502	.01211804
372.15	0	.5278785	.1510067	.3085231	.01259173
371.15	0	.5280284	.1506102	.3082964	.01306497
370.15	0	.5281782	.1502139	.3080702	.01353775
369.15	0	.5283279	.1498178	.3078442	.01401008
368.15	0	.5284775	.1494218	.3076187	.01448195
367.15	0	.528627	.149026	.3073935	.01495339
366.15	0	.5287764	.1486305	.3071687	.01542438
365.15	0	.5289258	.148235	.3069443	.01589494
364.15	0	.529075	.1478398	.3067202	.01636506
363.15	0	.5292241	.1474447	.3064965	.01683475
362.15	0	.5293731	.1470498	.3062731	.01730401
361.15	0	.5295221	.146655	.3060501	.01777284
360.15	0	.5296709	.1462604	.3058275	.01824125
359.15	0	.5298196	.1458659	.3056052	.01870925
358.15	0	.5299683	.1454716	.3053833	.01917682
357.15	0	.5301169	.1450774	.3051617	.01964398
356.15	0	.5302654	.1446833	.3049405	.02011073
355.15	0	.5304139	.1442894	.3047197	.02057707
