T	 BPW(LIQUID)	BPW(BCC_A2)	BPW(FCC_A1)	BPW(LAVES_PHASE_C14)	BPW(NI3TI)
1473.15	0	.8209148	.1790852	0	0
1472.15	0	.8186536	.1813464	0	0
1471.15	0	.8163973	.1836027	0	0
1470.15	0	.8141457	.1858543	0	0
1469.15	0	.8118989	.1881011	0	0
1468.15	0	.8096569	.1903431	0	0
1467.15	0	.8074197	.1925803	0	0
1466.15	0	.8051873	.1948127	0	0
1465.15	0	.8029596	.1970404	0	0
1464.15	0	.8007367	.1992633	0	0
1463.15	0	.7985185	.2014815	0	0
1462.15	0	.7963051	.2036949	0	0
1461.15	0	.7940964	.2059036	0	0
1460.15	0	.7918925	.2081075	0	0
1459.15	0	.7896933	.2103067	0	0
1458.15	0	.7874988	.2125012	0	0
1457.15	0	.785309	.214691	0	0
1456.15	0	.783124	.216876	0	0
1455.15	0	.7809437	.2190563	0	0
1454.15	0	.7787681	.221232	0	0
1453.15	0	.7765971	.2234029	0	0
1452.15	0	.7744309	.2255691	0	0
1451.15	0	.7722694	.2277306	0	0
1450.15	0	.7701125	.2298875	0	0
1449.15	0	.7679604	.2320396	0	0
1448.15	0	.7658129	.2341871	0	0
1447.15	0	.7636701	.2363299	0	0
1446.15	0	.7615319	.2384681	0	0
1445.15	0	.7593985	.2406015	0	0
1444.15	0	.7572696	.2427304	0	0
1443.15	0	.7551455	.2448545	0	0
1442.15	0	.753026	.246974	0	0
1441.15	0	.7509111	.2490889	0	0
1440.15	0	.7488009	.2511991	0	0
1439.15	0	.7466953	.2533047	0	0
1438.15	0	.7445944	.2554056	0	0
1437.15	0	.7424981	.2575019	0	0
1436.15	0	.7404064	.2595936	0	0
1435.15	0	.7383193	.2616807	0	0
1434.15	0	.7362369	.2637631	0	0
1433.15	0	.7341591	.2658409	0	0
1432.15	0	.7320859	.2679141	0	0
1431.15	0	.7300173	.2699827	0	0
1430.15	0	.7279533	.2720467	0	0
1429.15	0	.7258939	.2741061	0	0
1428.15	0	.7238391	.2761609	0	0
1427.15	0	.7217889	.2782111	0	0
1426.15	0	.7197434	.2802567	0	0
1425.15	0	.7177024	.2822977	0	0
1424.15	0	.7156659	.2843341	0	0
1423.15	0	.7136341	.2863659	0	0
1422.15	0	.7116069	.2883931	0	0
1421.15	0	.7095842	.2904158	0	0
1420.15	0	.7075661	.2924339	0	0
1419.15	0	.7055526	.2944474	0	0
1418.15	0	.7035437	.2964563	0	0
1417.15	0	.7015394	.2984606	0	0
1416.15	0	.6995396	.3004605	0	0
1415.15	0	.6975443	.3024557	0	0
1414.15	0	.6955537	.3044463	0	0
1413.15	0	.6935676	.3064324	0	0
1412.15	0	.691586	.308414	0	0
1411.15	0	.6896091	.3103909	0	0
1410.15	0	.6876366	.3123634	0	0
1409.15	0	.6856688	.3143312	0	0
1408.15	0	.6837055	.3162946	0	0
1407.15	0	.6817467	.3182533	0	0
1406.15	0	.6797925	.3202075	0	0
1405.15	0	.6778428	.3221572	0	0
1404.15	0	.6758977	.3241023	0	0
1403.15	0	.6739571	.3260429	0	0
1402.15	0	.6720211	.3279789	0	0
1401.15	0	.6700896	.3299104	0	0
1400.15	0	.6681627	.3318373	0	0
1399.15	0	.6662403	.3337597	0	0
1398.15	0	.6643225	.3356775	0	0
1397.15	0	.6624092	.3375908	0	0
1396.15	0	.6605004	.3394996	0	0
1395.15	0	.6585962	.3414038	0	0
1394.15	0	.6566965	.3433035	0	0
1393.15	0	.6548013	.3451987	0	0
1392.15	0	.6529107	.3470893	0	0
1391.15	0	.6510247	.3489753	0	0
1390.15	0	.6491431	.3508569	0	0
1389.15	0	.6472662	.3527339	0	0
1388.15	0	.6453937	.3546063	0	0
1387.15	0	.6435258	.3564742	0	0
1386.15	0	.6416624	.3583376	0	0
1385.15	0	.6398036	.3601964	0	0
1384.15	0	.6379493	.3620507	0	0
1383.15	0	.6360996	.3639004	0	0
1382.15	0	.6342544	.3657456	0	0
1381.15	0	.6324137	.3675863	0	0
1380.15	0	.6305776	.3694224	0	0
1379.15	0	.628746	.371254	0	0
1378.15	0	.626919	.373081	0	0
1377.15	0	.6250965	.3749035	0	0
1376.15	0	.6232786	.3767214	0	0
1375.15	0	.6214652	.3785348	0	0
1374.15	0	.6196564	.3803436	0	0
1373.15	0	.6178521	.3821479	0	0
1372.15	0	.6160524	.3839476	0	0
1371.15	0	.6142572	.3857428	0	0
1370.15	0	.6124666	.3875334	0	0
1369.15	0	.6106806	.3893194	0	0
1368.15	0	.6088991	.3911009	0	0
1367.15	0	.6071222	.3928778	0	0
1366.15	0	.6053498	.3946502	0	0
1365.15	0	.603582	.396418	0	0
1364.15	0	.6018188	.3981812	0	0
1363.15	0	.6000602	.3999398	0	0
1362.15	0	.5983061	.4016939	0	0
1361.15	0	.5965567	.4034433	0	0
1360.15	0	.5948118	.4051882	0	0
1359.15	0	.5930715	.4069285	0	0
1358.15	0	.5913357	.4086643	0	0
1357.15	0	.5896046	.4103954	0	0
1356.15	0	.5878781	.4121219	0	0
1355.15	0	.5861561	.4138439	0	0
1354.15	0	.5844388	.4155612	0	0
1353.15	0	.5827261	.4172739	0	0
1352.15	0	.581018	.418982	0	0
1351.15	0	.5793145	.4206855	0	0
1350.15	0	.5776156	.4223844	0	0
1349.15	0	.5759213	.4240787	0	0
1348.15	0	.5742317	.4257683	0	0
1347.15	0	.5725467	.4274533	0	0
1346.15	0	.5708663	.4291337	0	0
1345.15	0	.5691906	.4308094	0	0
1344.15	0	.5675195	.4324805	0	0
1343.15	0	.565853	.434147	0	0
1342.15	0	.5641913	.4358087	0	0
1341.15	0	.5625341	.4374659	0	0
1340.15	0	.5608817	.4391183	0	0
1339.15	0	.5592339	.4407661	0	0
1338.15	0	.5575908	.4424092	0	0
1337.15	0	.5559523	.4440477	0	0
1336.15	0	.5543186	.4456814	0	0
1335.15	0	.5526895	.4473105	0	0
1334.15	0	.5510651	.4489349	0	0
1333.15	0	.5494455	.4505545	0	0
1332.15	0	.5478305	.4521695	0	0
1331.15	0	.5462203	.4537797	0	0
1330.15	0	.5446148	.4553852	0	0
1329.15	0	.543014	.456986	0	0
1328.15	0	.541418	.458582	0	0
1327.15	0	.5398267	.4601734	0	0
1326.15	0	.5382401	.4617599	0	0
1325.15	0	.5366583	.4633417	0	0
1324.15	0	.5350813	.4649187	0	0
1323.15	0	.533509	.466491	0	0
1322.15	0	.5319415	.4680585	0	0
1321.15	0	.5303788	.4696212	0	0
1320.15	0	.5288209	.4711791	0	0
1319.15	0	.5272678	.4727322	0	0
1318.15	0	.5257195	.4742805	0	0
1317.15	0	.524176	.475824	0	0
1316.15	0	.5226373	.4773627	0	0
1315.15	0	.5211035	.4788965	0	0
1314.15	0	.5195745	.4804255	0	0
1313.15	0	.5180504	.4819496	0	0
1312.15	0	.5165311	.4834689	0	0
1311.15	0	.5150167	.4849833	0	0
1310.15	0	.5135072	.4864928	0	0
1309.15	0	.5120025	.4879975	0	0
1308.15	0	.5105028	.4894972	0	0
1307.15	0	.509008	.490992	0	0
1306.15	0	.5075181	.492482	0	0
1305.15	0	.506033	.493967	0	0
1304.15	0	.504553	.495447	0	0
1303.15	0	.5030779	.4969221	0	0
1302.15	0	.5016077	.4983923	0	0
1301.15	0	.5001425	.4998575	0	0
1300.15	0	.4986823	.5013177	0	0
1299.15	0	.497227	.502773	0	0
1298.15	0	.4957768	.5042232	0	0
1297.15	0	.4943315	.5056685	0	0
1296.15	0	.4928913	.5071087	0	0
1295.15	0	.4914561	.5085439	0	0
1294.15	0	.490026	.509974	0	0
1293.15	0	.4886009	.5113991	0	0
1292.15	0	.4871809	.5128191	0	0
1291.15	0	.4857659	.5142341	0	0
1290.15	0	.4843561	.5156439	0	0
1289.15	0	.4829513	.5170487	0	0
1288.15	0	.4815517	.5184483	0	0
1287.15	0	.4801571	.5198429	0	0
1286.15	0	.4787678	.5212323	0	0
1285.15	0	.4773835	.5226165	0	0
1284.15	0	.4760045	.5239955	0	0
1283.15	0	.4746306	.5253694	0	0
1282.15	0	.4732619	.5267381	0	0
1281.15	0	.4718984	.5281016	0	0
1280.15	0	.4705401	.5294599	0	0
1279.15	0	.469187	.530813	0	0
1278.15	0	.4678392	.5321608	0	0
1277.15	0	.4664967	.5335033	0	0
1276.15	0	.4651594	.5348406	0	0
1275.15	0	.4638274	.5361726	0	0
1274.15	0	.4625007	.5374993	0	0
1273.15	0	.4611794	.5388206	0	0
1272.15	0	.4598634	.5401366	0	0
1271.15	0	.4585527	.5414473	0	0
1270.15	0	.4572473	.5427527	0	0
1269.15	0	.4559474	.5440526	0	0
1268.15	0	.4546528	.5453472	0	0
1267.15	0	.4533637	.5466363	0	0
1266.15	0	.45208	.54792	0	0
1265.15	0	.4508017	.5491983	0	0
1264.15	0	.4495289	.5504711	0	0
1263.15	0	.4482616	.5517384	0	0
1262.15	0	.4469997	.5530003	0	0
1261.15	0	.4457434	.5542566	0	0
1260.15	0	.4444926	.5555074	0	0
1259.15	0	.4432473	.5567527	0	0
1258.15	0	.4420076	.5579924	0	0
1257.15	0	.4407735	.5592265	0	0
1256.15	0	.4395449	.5604551	0	0
1255.15	0	.438322	.561678	0	0
1254.15	0	.4371047	.5628953	0	0
1253.15	0	.4358931	.5641069	0	0
1252.15	0	.4346871	.5653129	0	0
1251.15	0	.4334868	.5665132	0	0
1250.15	0	.4322922	.5677078	0	0
1249.15	0	.4311034	.5688966	0	0
1248.15	0	.4299203	.5700797	0	0
1247.15	0	.428743	.5712571	0	0
1246.15	0	.4275714	.5724286	0	0
1245.15	0	.4264056	.5735944	0	0
1244.15	0	.4252457	.5747543	0	0
1243.15	0	.4240916	.5759084	0	0
1242.15	0	.4229434	.5770566	0	0
1241.15	0	.4218011	.5781989	0	0
1240.15	0	.4206647	.5793353	0	0
1239.15	0	.4195342	.5804658	0	0
1238.15	0	.4184096	.5815904	0	0
1237.15	0	.417291	.582709	0	0
1236.15	0	.4161785	.5838215	0	0
1235.15	0	.4150719	.5849281	0	0
1234.15	0	.4139714	.5860286	0	0
1233.15	0	.4128769	.5871231	0	0
1232.15	0	.4117885	.5882115	0	0
1231.15	0	.4107062	.5892938	0	0
1230.15	0	.4096301	.59037	0	0
1229.15	0	.40856	.59144	0	0
1228.15	0	.4074962	.5925038	0	0
1227.15	0	.4064386	.5935614	0	0
1226.15	0	.4053871	.5946129	0	0
1225.15	0	.404342	.595658	0	0
1224.15	0	.4033031	.5966969	0	0
1223.15	0	.4022705	.5977295	0	0
1222.15	0	.4012442	.5987558	0	0
1221.15	0	.4002242	.5997758	0	0
1220.15	0	.3992106	.6007894	0	0
1219.15	0	.3982035	.6017965	0	0
1218.15	0	.3972027	.6027973	0	0
1217.15	0	.3962083	.6037917	0	0
1216.15	0	.3952205	.6047795	0	0
1215.15	0	.3942391	.6057609	0	0
1214.15	0	.3932643	.6067357	0	0
1213.15	0	.392296	.607704	0	0
1212.15	0	.3913343	.6086657	0	0
1211.15	0	.3903792	.6096208	0	0
1210.15	0	.3894307	.6105693	0	0
1209.15	0	.3884889	.6115111	0	0
1208.15	0	.3875538	.6124462	0	0
1207.15	0	.3866254	.6133746	0	0
1206.15	0	.3857037	.6142963	0	0
1205.15	0	.3847888	.6152112	0	0
1204.15	0	.3838807	.6161193	0	0
1203.15	0	.3829794	.6170206	0	0
1202.15	0	.382085	.617915	0	0
1201.15	0	.3811974	.6188026	0	0
1200.15	0	.3803168	.6196832	0	0
1199.15	0	.3794431	.6205569	0	0
1198.15	0	.3785764	.6214236	0	0
1197.15	0	.3777167	.6222833	0	0
1196.15	0	.376864	.623136	0	0
1195.15	0	.3760184	.6239816	0	0
1194.15	0	.3751799	.6248201	0	0
1193.15	0	.3743485	.6256515	0	0
1192.15	0	.3735243	.6264757	0	0
1191.15	0	.3727073	.6272928	0	0
1190.15	0	.3718974	.6281026	0	0
1189.15	0	.3710949	.6289051	0	0
1188.15	0	.3702996	.6297004	0	0
1187.15	0	.3695116	.6304884	0	0
1186.15	0	.368731	.631269	0	0
1185.15	0	.3679578	.6320422	0	0
1184.15	0	.367192	.6328081	0	0
1183.15	0	.3664336	.6335664	0	0
1182.15	0	.3656827	.6343173	0	0
1181.15	0	.3649393	.6350607	0	0
1180.15	0	.3642035	.6357965	0	0
1179.15	0	.3634752	.6365248	0	0
1178.15	0	.3627546	.6372454	0	0
1177.15	0	.3620416	.6379584	0	0
1176.15	0	.3613363	.6386637	0	0
1175.15	0	.3606388	.6393612	0	0
1174.15	0	.3599489	.6400511	0	0
1173.15	0	.3592669	.6407331	0	0
1172.15	0	.3585927	.6414073	0	0
1171.15	0	.3579264	.6420736	0	0
1170.15	0	.3572679	.6427321	0	0
1169.15	0	.3566174	.6433826	0	0
1168.15	0	.3559749	.6440251	0	0
1167.15	0	.3553404	.6446596	0	0
1166.15	0	.3547139	.6452861	0	0
1165.15	0	.3540955	.6459045	0	0
1164.15	0	.3534852	.6465148	0	0
1163.15	0	.352883	.647117	0	0
1162.15	0	.3522891	.6477109	0	0
1161.15	0	.3517034	.6482966	0	0
1160.15	0	.3511259	.6488741	0	0
1159.15	0	.3505568	.6494432	0	0
1158.15	0	.349996	.650004	0	0
1157.15	0	.3494436	.6505564	0	0
1156.15	0	.3488996	.6511004	0	0
1155.15	0	.3483641	.6516359	0	0
1154.15	0	.347837	.652163	0	0
1153.15	0	.3473185	.6526815	0	0
1152.15	0	.3468085	.6531915	0	0
1151.15	0	.3463073	.6536928	0	0
1150.15	0	.3458146	.6541854	0	0
1149.15	0	.3453307	.6546694	0	0
1148.15	0	.3448554	.6551446	0	0
1147.15	0	.344389	.655611	0	0
1146.15	0	.3439314	.6560686	0	0
1145.15	0	.3434826	.6565174	0	0
1144.15	0	.3430427	.6569573	0	0
1143.15	0	.3426118	.6573882	0	0
1142.15	0	.3421899	.6578101	0	0
1141.15	0	.3417769	.6582231	0	0
1140.41	0	.3414774	.6585226	0	0
1140.41	0	.3414774	.6585226	0	0
1140.41	0	.3414774	.6585226	0	0
1140.15	0	.3412075	.6587021	9.04851E-05	0
1139.15	0	.3401778	.6593849	4.372678E-04	0
1138.15	0	.339159	.660058	7.82983E-04	0
1137.15	0	.338151	.6607214	.001127633	0
1136.15	0	.3371539	.6613749	.001471219	0
1135.15	0	.3361677	.6620185	.001813744	0
1134.15	0	.3351926	.6626522	.00215521	0
1133.15	0	.3342285	.6632759	.002495619	0
1132.15	0	.3332754	.6638896	.002834972	0
1131.15	0	.3323336	.6644932	.003173272	0
1130.15	0	.3314029	.6650866	.00351052	0
1129.15	0	.3304835	.6656698	.003846719	0
1128.15	0	.3295754	.6662427	.00418187	0
1127.15	0	.3286787	.6668053	.004515975	0
1126.15	0	.3277934	.6673576	.004849036	0
1125.15	0	.3269196	.6678994	.005181056	0
1124.15	0	.3260573	.6684307	.005512035	0
1123.15	0	.3252065	.6689515	.005841975	0
1122.15	0	.3243674	.6694617	.006170879	0
1121.15	0	.32354	.6699612	.006498749	0
1120.15	0	.3227244	.67045	.006825585	0
1119.15	0	.3219205	.6709281	.00715139	0
1118.15	0	.3211285	.6713953	.007476165	0
1117.15	0	.3203485	.6718516	.007799912	0
1116.15	0	.3195803	.672297	.008122634	0
1115.15	0	.3188243	.6727314	.008444331	0
1114.15	0	.3180803	.6731547	.008765005	0
1113.15	0	.3173484	.6735669	.009084657	0
1112.15	0	.3166288	.673968	.009403291	0
1111.15	0	.3159214	.6743577	.009720906	0
1110.15	0	.3152263	.6747362	.01003751	0
1109.15	0	.3145436	.6751033	.01035309	0
1108.15	0	.3138733	.6754591	.01066766	0
1107.15	0	.3132155	.6758033	.01098122	0
1106.15	0	.3125703	.676136	.01129377	0
1105.15	0	.3119376	.6764571	.01160531	0
1104.15	0	.3113176	.6767665	.01191585	0
1103.15	0	.3107104	.6770643	.01222537	0
1102.15	0	.3101159	.6773502	.0125339	0
1101.15	0	.3095343	.6776243	.01284142	0
1100.15	0	.3089656	.6778865	.01314794	0
1099.15	0	.3084098	.6781368	.01345346	0
1098.15	0	.307867	.678375	.01375799	0
1097.15	0	.3073373	.6786011	.01406151	0
1096.15	0	.3068208	.6788152	.01436404	0
1095.15	0	.3063175	.679017	.01466558	0
1094.15	0	.3058274	.6792065	.01496612	0
1093.15	0	.3053506	.6793838	.01526567	0
1092.15	0	.3048872	.6795486	.01556423	0
1091.15	0	.3044372	.679701	.01586181	0
1090.15	0	.3040007	.6798409	.01615839	0
1089.15	0	.3035778	.6799682	.01645399	0
1088.15	0	.3031685	.680083	.01674861	0
1087.15	0	.3027728	.680185	.01704224	0
1086.15	0	.3023909	.6802743	.01733488	0
1085.15	0	.3020227	.6803508	.01762655	0
1084.15	0	.3016684	.6804144	.01791724	0
1083.15	0	.301328	.6804651	.01820694	0
1082.15	0	.3010015	.6805028	.01849567	0
1081.15	0	.3006891	.6805275	.01878342	0
1080.15	0	.3003907	.6805391	.0190702	0
1079.15	0	.3001065	.6805375	.019356	0
1078.15	0	.2998365	.6805227	.01964083	0
1077.15	0	.2995806	.6804947	.01992469	0
1076.15	0	.2993391	.6804533	.02020758	0
1075.15	0	.299112	.6803985	.02048949	0
1074.15	0	.2988993	.6803303	.02077044	0
1073.15	0	.298701	.6802486	.02105042	0
1072.15	0	.2985172	.6801533	.02132943	0
1071.15	0	.2983481	.6800445	.02160747	0
1070.15	0	.2981935	.6799219	.02188455	0
1069.15	0	.2980537	.6797857	.02216067	0
1068.15	0	.2979285	.6796357	.02243582	0
1067.15	0	.2978182	.6794718	.02271001	0
1066.15	0	.2977227	.6792941	.02298324	0
1065.15	0	.2976421	.6791024	.02325551	0
1064.15	0	.2975764	.6788968	.02352682	0
1063.15	0	.2975258	.6786771	.02379717	0
1062.15	0	.2974901	.6784433	.02406656	0
1061.15	0	.2974696	.6781954	.02433499	0
1060.15	0	.2974642	.6779333	.02460247	0
1059.15	0	.297474	.6776571	.02486899	0
1058.15	0	.297499	.6773665	.02513456	0
1057.15	0	.2975393	.6770616	.02539917	0
1056.15	0	.2975949	.6767423	.02566283	0
1055.15	0	.2976659	.6764086	.02592553	0
1054.15	0	.2977523	.6760605	.02618728	0
1053.15	0	.2978541	.6756978	.02644808	0
1052.15	0	.2979715	.6753206	.02670794	0
1051.15	0	.2981043	.6749288	.02696683	0
1050.15	0	.2982528	.6745224	.02722478	0
1049.15	0	.2984169	.6741014	.02748178	0
1048.15	0	.2985966	.6736656	.02773783	0
1047.15	0	.298792	.6732151	.02799294	0
1046.15	0	.2990031	.6727498	.02824709	0
1045.15	0	.29923	.6722697	.0285003	0
1044.15	0	.2994727	.6717747	.02875256	0
1043.15	0	.2997313	.6712649	.02900387	0
1042.15	0	.3000056	.6707401	.02925424	0
1041.15	0	.3002959	.6702005	.02950366	0
1040.15	0	.3006021	.6696458	.02975213	0
1039.15	0	.3009242	.6690762	.02999966	0
1038.15	0	.3012623	.6684915	.03024624	0
1037.15	0	.3016164	.6678918	.03049188	0
1036.15	0	.3019865	.667277	.03073658	0
1035.15	0	.3023726	.6666471	.03098032	0
1034.15	0	.3027748	.6660021	.03122313	0
1033.15	0	.3031931	.6653419	.03146498	0
1032.15	0	.3036275	.6646667	.0317059	0
1031.15	0	.304078	.6639762	.03194587	0
1030.15	0	.3045446	.6632705	.03218489	0
1029.15	0	.3050273	.6625497	.03242297	0
1028.15	0	.3055263	.6618136	.0326601	0
1027.15	0	.3060414	.6610624	.03289629	0
1026.15	0	.3065726	.6602959	.03313153	0
1025.15	0	.3071201	.6595141	.03336582	0
1024.15	0	.3076837	.6587171	.03359917	0
1023.15	0	.3082635	.6579049	.03383157	0
1022.15	0	.3088595	.6570775	.03406303	0
1021.15	0	.3094717	.6562347	.03429354	0
1020.15	0	.3101001	.6553768	.0345231	0
1019.15	0	.3107447	.6545036	.03475171	0
1018.15	0	.3114055	.6536152	.03497937	0
1017.15	0	.3120824	.6527115	.03520608	0
1016.15	0	.3127755	.6517926	.03543184	0
1015.15	0	.3134848	.6508586	.03565664	0
1014.15	0	.3142102	.6499093	.0358805	0
1013.15	0	.3149517	.6489449	.0361034	0
1012.15	0	.3157094	.6479653	.03632534	0
1011.15	0	.3164831	.6469705	.03654633	0
1010.15	0	.3172729	.6459607	.03676636	0
1009.15	0	.3180788	.6449357	.03698544	0
1008.15	0	.3189007	.6438957	.03720355	0
1007.15	0	.3197386	.6428407	.0374207	0
1006.15	0	.3205925	.6417706	.03763689	0
1005.15	0	.3214623	.6406856	.03785212	0
1004.15	0	.322348	.6395856	.03806638	0
1003.15	0	.3232496	.6384707	.03827967	0
1002.15	0	.324167	.637341	.03849199	0
1001.15	0	.3251003	.6361964	.03870334	0
1000.15	0	.3260493	.635037	.03891372	0
999.15	0	.327014	.6338629	.03912312	0
998.15	0	.3279943	.6326741	.03933154	0
997.15	0	.3289903	.6314707	.03953898	0
996.15	0	.3300019	.6302527	.03974544	0
995.15	0	.331029	.6290201	.03995091	0
994.15	0	.3320715	.6277731	.0401554	0
993.15	0	.3331294	.6265117	.04035889	0
992.15	0	.3342027	.6252359	.04056139	0
991.15	0	.3352913	.6239458	.04076289	0
990.15	0	.3363951	.6226415	.04096339	0
989.15	0	.3375141	.621323	.04116288	0
988.15	0	.3386481	.6199905	.04136137	0
987.15	0	.3397972	.618644	.04155885	0
986.15	0	.3409612	.6172835	.04175531	0
985.15	0	.3421401	.6159092	.04195075	0
984.15	0	.3433338	.6145211	.04214517	0
983.15	0	.3445422	.6131193	.04233856	0
982.15	0	.3457652	.6117039	.04253092	0
981.15	0	.3470028	.610275	.04272224	0
980.15	0	.3482548	.6088326	.04291252	0
979.15	0	.3495213	.607377	.04310176	0
978.15	0	.350802	.6059081	.04328994	0
977.15	0	.3520969	.6044261	.04347706	0
976.15	0	.3534058	.602931	.04366312	0
975.15	0	.3547288	.6014231	.04384811	0
974.15	0	.3560657	.5999023	.04403203	0
973.15	0	.3574164	.5983688	.04421486	0
972.15	0	.3587807	.5968227	.04439661	0
971.15	0	.3601587	.5952641	.04457726	0
970.15	0	.3615501	.5936932	.04475681	0
969.15	0	.3629548	.59211	.04493524	0
968.15	0	.3643728	.5905146	.04511256	0
967.15	0	.3658039	.5889073	.04528876	0
966.15	0	.3672481	.5872881	.04546382	0
965.15	0	.3687051	.5856572	.04563774	0
964.15	0	.3701749	.5840146	.04581051	0
963.15	0	.3716573	.5823606	.04598212	0
962.15	0	.3731522	.5806952	.04615256	0
961.15	0	.3746595	.5790187	.04632182	0
960.15	0	.376179	.5773311	.04648989	0
959.15	0	.3777106	.5756326	.04665676	0
958.15	0	.3792542	.5739233	.04682242	0
957.15	0	.3808096	.5722035	.04698686	0
956.15	0	.3823767	.5704732	.04715006	0
955.15	0	.3839554	.5687326	.04731202	0
954.15	0	.3855454	.5669819	.04747272	0
953.15	0	.3871466	.5652212	.04763215	0
952.15	0	.3887589	.5634508	.04779029	0
951.15	0	.3903822	.5616707	.04794713	0
950.15	0	.3920162	.5598812	.04810266	0
949.15	0	.3936608	.5580824	.04825686	0
948.15	0	.3953158	.5562744	.04840972	0
947.15	0	.3969811	.5544577	.04856121	0
946.15	0	.3986565	.5526321	.04871133	0
945.15	0	.4003419	.5507981	.04886005	0
944.15	0	.402037	.5489557	.04900736	0
943.15	0	.4037416	.5471052	.04915324	0
942.15	0	.4054556	.5452467	.04929767	0
941.15	0	.4071789	.5433805	.04944063	0
940.15	0	.4089111	.5415068	.0495821	0
939.15	0	.4106522	.5396258	.04972206	0
938.15	0	.4123772	.5377614	.04986144	0
937.15	0	.4139535	.5360412	.05000526	0
936.15	0	.4155671	.5342867	.0501462	0
935.15	0	.4172162	.5324995	.0502843	0
934.15	0	.4188989	.5306814	.05041962	0
933.15	0	.4206137	.5288341	.0505522	0
932.15	0	.4223588	.5269591	.05068209	0
931.15	0	.4241328	.5250579	.05080933	0
930.15	0	.425934	.5231321	.05093397	0
929.15	0	.4277609	.521183	.05105603	0
928.15	0	.4296124	.5192121	.05117556	0
927.15	0	.4314868	.5172207	.05129258	0
926.15	0	.4333829	.51521	.05140713	0
925.15	0	.4352994	.5131813	.05151924	0
924.15	0	.4372351	.5111359	.05162894	0
923.15	0	.4391888	.5090749	.05173625	0
922.15	0	.4411594	.5069995	.05184119	0
921.15	0	.4431456	.5049106	.0519438	0
920.15	0	.4451465	.5028094	.05204409	0
919.15	0	.4471609	.500697	.05214209	0
918.15	0	.4491879	.4985743	.05223781	0
917.15	0	.4512265	.4964422	.05233128	0
916.15	0	.4532758	.4943017	.05242252	0
915.15	0	.4553347	.4921538	.05251154	0
914.15	0	.4574025	.4899992	.05259836	0
913.15	0	.4594782	.4878388	.05268299	0
912.15	0	.461561	.4856735	.05276547	0
911.15	0	.4636501	.4835041	.05284579	0
910.15	0	.4657448	.4813313	.05292398	0
909.15	0	.4678441	.4791558	.05300005	0
908.15	0	.4699475	.4769785	.05307401	0
907.15	0	.4720542	.4747999	.05314588	0
906.15	0	.4741634	.4726209	.05321568	0
905.15	0	.4762746	.470442	.05328341	0
904.15	0	.478387	.4682639	.0533491	0
903.15	0	.4805	.4660873	.05341275	0
902.15	0	.482613	.4639126	.05347438	0
901.15	0	.4847254	.4617406	.053534	0
900.15	0	.4868366	.4595718	.05359162	0
899.15	0	.488946	.4574067	.05364726	0
898.15	0	.4910531	.4552459	.05370094	0
897.15	0	.4931574	.45309	.05375266	0
896.15	0	.4952583	.4509393	.05380243	0
895.15	0	.4973553	.4487944	.05385028	0
894.15	0	.4994479	.4466558	.05389621	0
893.15	0	.5015358	.444524	.05394024	0
892.15	0	.5036183	.4423994	.05398238	0
891.15	0	.505695	.4402823	.05402265	0
890.15	0	.5077656	.4381733	.05406105	0
889.15	0	.5098296	.4360728	.05409762	0
888.15	0	.5118865	.4339811	.05413235	0
887.15	0	.5139361	.4318987	.05416526	0
886.15	0	.5159778	.4298258	.05419637	0
885.15	0	.5180114	.4277629	.0542257	0
884.15	0	.5200364	.4257103	.05425325	0
883.15	0	.5220526	.4236683	.05427905	0
882.15	0	.5240596	.4216373	.05430311	0
881.15	0	.526057	.4196176	.05432544	0
880.15	0	.5280446	.4176094	.05434607	0
879.15	0	.530022	.415613	.05436501	0
878.15	0	.5319889	.4136288	.05438227	0
877.15	0	.5339451	.411657	.05439787	0
876.15	0	.5358903	.4096978	.05441184	0
875.15	0	.5378243	.4077516	.05442418	0
874.15	0	.5397467	.4058184	.05443492	0
873.15	0	.5416573	.4038986	.05444407	0
872.15	0	.543556	.4019924	.05445166	0
871.15	0	.5454424	.4000999	.05445769	0
870.15	0	.5473165	.3982213	.05446219	0
869.15	0	.5491779	.3963569	.05446518	0
868.15	0	.5510265	.3945068	.05446668	0
867.15	0	.5528621	.3926712	.0544667	0
866.15	0	.5546845	.3908502	.05446527	0
865.15	0	.5564937	.3890439	.0544624	0
864.15	0	.5582893	.3872526	.05445812	0
863.15	0	.5600714	.3854762	.05445243	0
862.15	0	.5618397	.383715	.05444537	0
861.15	0	.5635941	.381969	.05443696	0
860.15	0	.5653345	.3802383	.0544272	0
859.15	0	.5670609	.378523	.05441613	0
858.15	0	.568773	.3768232	.05440376	0
857.15	0	.5704709	.375139	.05439011	0
856.15	0	.5721544	.3734704	.0543752	0
855.15	0	.5738236	.3718174	.05435906	0
854.15	0	.5754782	.3701801	.05434169	0
853.15	0	.5771183	.3685586	.05432313	0
852.15	0	.5787438	.3669528	.05430339	0
851.15	0	.5803547	.3653628	.05428248	0
850.15	0	.581951	.3637886	.05426044	0
849.15	0	.5835326	.3622301	.05423728	0
848.15	0	.5850995	.3606875	.05421301	0
847.15	0	.5866518	.3591606	.05418766	0
846.15	0	.5881893	.3576494	.05416125	0
845.15	0	.5897122	.356154	.05413379	0
844.15	0	.5912205	.3546742	.05410531	0
843.15	0	.592714	.3532101	.05407581	0
842.15	0	.594193	.3517616	.05404533	0
841.15	0	.5956574	.3503287	.05401388	0
840.15	0	.5971073	.3489112	.05398147	0
839.15	0	.5985427	.3475092	.05394812	0
838.15	0	.5999636	.3461225	.05391385	0
837.15	0	.6013702	.3447511	.05387868	0
836.15	0	.6027624	.3433949	.05384262	0
835.15	0	.6041404	.3420539	.0538057	0
834.15	0	.6055042	.3407279	.05376792	0
833.15	0	.6068539	.3394168	.0537293	0
832.15	0	.6081896	.3381206	.05368986	0
831.15	0	.6095113	.3368391	.05364961	0
830.15	0	.6108191	.3355723	.05360858	0
829.15	0	.6121132	.33432	.05356677	0
828.15	0	.6133937	.3330822	.05352419	0
827.15	0	.6146605	.3318586	.05348087	0
826.15	0	.6159139	.3306493	.05343682	0
825.15	0	.6171539	.3294541	.05339204	0
824.15	0	.6183806	.3282728	.05334657	0
823.15	0	.6195942	.3271054	.05330039	0
822.15	0	.6207947	.3259517	.05325354	0
821.15	0	.6219823	.3248117	.05320603	0
820.15	0	.6231571	.323685	.05315786	0
819.15	0	.6243192	.3225718	.05310905	0
818.15	0	.6254687	.3214717	.05305961	0
817.15	0	.6266057	.3203848	.05300955	0
816.15	0	.6277304	.3193108	.05295889	0
815.15	0	.6288428	.3182496	.05290763	0
814.15	0	.6299431	.3172011	.05285579	0
813.15	0	.6310315	.3161652	.05280338	0
812.15	0	.6321079	.3151417	.05275041	0
811.15	0	.6331727	.3141305	.05269688	0
810.15	0	.6342258	.3131314	.05264282	0
809.15	0	.6352674	.3121444	.05258823	0
808.15	0	.6362977	.3111692	.05253311	0
807.15	0	.6373167	.3102058	.05247749	0
806.15	0	.6383246	.3092541	.05242137	0
805.15	0	.6393214	.3083138	.05236475	0
804.15	0	.6403074	.3073849	.05230765	0
803.15	0	.6412827	.3064672	.05225009	0
802.15	0	.6422473	.3055607	.05219205	0
801.15	0	.6432014	.3046651	.05213356	0
800.15	0	.6441451	.3037803	.05207463	0
799.15	0	.6450785	.3029062	.05201526	0
798.15	0	.6460018	.3020428	.05195546	0
797.15	0	.646915	.3011897	.05189523	0
796.15	0	.6478184	.300347	.0518346	0
795.15	0	.6487119	.2995145	.05177356	0
794.15	0	.6495957	.2986922	.05171212	0
793.15	0	.65047	.2978797	.0516503	0
792.15	0	.6513348	.2970771	.05158809	0
791.15	0	.6521903	.2962842	.05152551	0
790.15	0	.6530365	.295501	.05146257	0
789.15	0	.6538736	.2947272	.05139926	0
788.15	0	.6547017	.2939627	.05133561	0
787.15	0	.6555208	.2932076	.05127161	0
786.15	0	.6563312	.2924615	.05120728	0
785.15	0	.6571329	.2917245	.05114261	0
784.15	0	.657926	.2909964	.05107762	0
783.15	0	.6587105	.2902772	.05101232	0
782.15	0	.6594867	.2895666	.0509467	0
781.15	0	.6602546	.2888646	.05088079	0
780.15	0	.6610143	.2881711	.05081458	0
779.15	0	.661766	.2874859	.05074808	0
778.15	0	.6625096	.2868091	.0506813	0
777.15	0	.6632453	.2861404	.05061424	0
776.15	0	.6639732	.2854799	.05054691	0
775.15	0	.6646934	.2848273	.05047932	0
774.15	0	.665406	.2841825	.05041148	0
773.15	0	.666111	.2835456	.05034338	0
772.15	0	.6668086	.2829164	.05027504	0
771.15	0	.6674988	.2822947	.05020646	0
770.15	0	.6681818	.2816806	.05013765	0
769.15	0	.6688575	.2810739	.05006862	0
768.15	0	.6695262	.2804744	.04999936	0
767.15	0	.6701878	.2798823	.04992989	0
766.3923	0	.6706845	.2794384	.04987711	0
766.3923	0	.6706845	.2794384	.04987711	0
766.3923	0	.6706845	.2794384	.04987711	0
766.15	0	.671522	.278318	.04954718	6.128365E-04
765.15	0	.6749319	.2737473	.04819706	.003123763
764.15	0	.6782686	.2692607	.04686533	.00560541
763.15	0	.6815336	.2648565	.04555167	.008058257
762.15	0	.6847287	.2605328	.04425577	.01048277
761.15	0	.6878554	.2562879	.04297729	.01287942
760.15	0	.6909152	.2521202	.04171594	.01524866
759.15	0	.6939099	.2480278	.04047141	.01759092
758.15	0	.6968407	.2440093	.0392434	.01990663
757.15	0	.6997091	.240063	.03803162	.02219623
756.15	0	.7025167	.2361874	.03683578	.02446013
755.15	0	.7052647	.232381	.0356556	.02669874
754.15	0	.7079545	.2286422	.03449081	.02891246
753.15	0	.7105874	.2249697	.03334113	.03110169
752.15	0	.7131648	.2213621	.03220629	.0332668
751.15	0	.7156878	.217818	.03108604	.03540819
750.15	0	.7181578	.2143359	.02998011	.03752622
749.15	0	.7205758	.2109147	.02888826	.03962126
748.15	0	.7229431	.207553	.02781024	.04169367
747.15	0	.7252608	.2042496	.02674581	.04374381
746.15	0	.72753	.2010033	.02569471	.04577202
745.15	0	.7297519	.1978128	.02465672	.04777864
744.15	0	.7319274	.194677	.02363161	.04976401
743.15	0	.7340577	.1915947	.02261916	.05172846
742.15	0	.7361438	.1885648	.02161912	.05367231
741.15	0	.7381866	.1855863	.0206313	.05559588
740.15	0	.7401871	.1826579	.01965546	.0574995
739.15	0	.7421463	.1797788	.01869141	.05938345
738.15	0	.7440652	.1769479	.01773892	.06124806
737.15	0	.7459445	.1741641	.0167978	.06309362
736.15	0	.7477853	.1714264	.01586785	.06492041
735.15	0	.7495884	.168734	.01494886	.06672874
734.15	0	.7513546	.1660859	.01404065	.06851889
733.15	0	.7530847	.1634811	.01314302	.07029113
732.15	0	.7547797	.1609188	.01225578	.07204574
731.15	0	.7564402	.1583981	.01137875	.07378299
730.15	0	.758067	.1559181	.01051175	.07550315
729.15	0	.759661	.1534779	.009654606	.07720648
728.15	0	.7612228	.1510769	.008807136	.07889324
727.15	0	.7627531	.148714	.00796917	.08056368
726.15	0	.7642528	.1463886	.00714054	.08221805
725.15	0	.7657224	.1440999	.006321082	.0838566
724.15	0	.7671627	.1418471	.005510632	.08547956
723.15	0	.7685743	.1396295	.00470903	.08708719
722.15	0	.7699578	.1374464	.003916121	.0886797
721.15	0	.7713139	.135297	.003131751	.09025733
720.15	0	.7726432	.1331807	.002355767	.09182031
719.15	0	.7739463	.1310968	.001588024	.09336886
718.15	0	.7752238	.1290446	8.283734E-04	.0949032
717.15	0	.7764763	.1270235	7.667438E-05	.09642354
717.0474	0	.7766034	.1268179	0	.09657873
717.0474	0	.7766034	.1268179	0	.09657873
716.15	0	.7767534	.1264076	0	.096839
715.15	0	.7769164	.1259586	0	.09712499
714.15	0	.7770751	.1255181	0	.09740679
713.15	0	.7772296	.125086	0	.09768446
712.15	0	.7773799	.124662	0	.09795806
711.15	0	.7775262	.1242462	0	.09822766
710.15	0	.7776685	.1238382	0	.09849331
709.15	0	.7778069	.123438	0	.09875506
708.15	0	.7779415	.1230456	0	.09901299
707.15	0	.7780723	.1226606	0	.09926715
706.15	0	.7781994	.122283	0	.09951759
705.15	0	.7783229	.1219127	0	.09976438
704.15	0	.7784429	.1215496	0	.1000076
703.15	0	.7785593	.1211935	0	.1002472
702.15	0	.7786724	.1208443	0	.1004833
701.15	0	.7787821	.1205019	0	.100716
700.15	0	.7788885	.1201661	0	.1009454
699.15	0	.7789917	.1198369	0	.1011713
698.15	0	.7790917	.1195142	0	.101394
697.15	0	.7791887	.1191978	0	.1016135
696.15	0	.7792825	.1188877	0	.1018298
695.15	0	.7793734	.1185836	0	.102043
694.15	0	.7794613	.1182856	0	.1022531
693.15	0	.7795463	.1179935	0	.1024601
692.15	0	.7796285	.1177072	0	.1026642
691.15	0	.779708	.1174267	0	.1028654
690.15	0	.7797847	.1171517	0	.1030636
689.15	0	.7798587	.1168823	0	.103259
688.15	0	.7799301	.1166183	0	.1034517
687.15	0	.7799989	.1163596	0	.1036415
686.15	0	.7800651	.1161062	0	.1038287
685.15	0	.7801289	.1158579	0	.1040132
684.15	0	.7801902	.1156147	0	.1041951
683.15	0	.7802491	.1153765	0	.1043744
682.15	0	.7803057	.1151432	0	.1045511
681.15	0	.7803599	.1149146	0	.1047254
680.15	0	.7804119	.1146908	0	.1048973
679.15	0	.7804616	.1144717	0	.1050667
678.15	0	.7805092	.1142571	0	.1052337
677.15	0	.7805546	.114047	0	.1053985
676.15	0	.7805978	.1138413	0	.1055609
675.15	0	.780639	.1136399	0	.1057211
674.15	0	.7806781	.1134428	0	.105879
673.15	0	.7807153	.1132499	0	.1060348
672.15	0	.7807504	.1130611	0	.1061885
671.15	0	.7807836	.1128764	0	.10634
670.15	0	.780815	.1126956	0	.1064895
669.15	0	.7808444	.1125187	0	.1066369
668.15	0	.780872	.1123456	0	.1067823
667.15	0	.7808978	.1121764	0	.1069258
666.15	0	.7809219	.1120108	0	.1070673
665.15	0	.7809442	.1118489	0	.107207
664.15	0	.7809647	.1116905	0	.1073448
663.15	0	.7809836	.1115357	0	.1074807
662.15	0	.7810009	.1113843	0	.1076148
661.15	0	.7810165	.1112363	0	.1077472
660.15	0	.7810305	.1110917	0	.1078778
659.15	0	.7810429	.1109503	0	.1080067
658.15	0	.7810538	.1108122	0	.108134
657.15	0	.7810632	.1106772	0	.1082596
656.15	0	.7810711	.1105453	0	.1083836
655.15	0	.7810775	.1104165	0	.1085059
654.15	0	.7810825	.1102907	0	.1086267
653.15	0	.7810861	.1101679	0	.108746
652.15	0	.7810883	.1100479	0	.1088638
651.15	0	.7810891	.1099308	0	.1089801
650.15	0	.7810886	.1098165	0	.1090949
649.15	0	.7810867	.109705	0	.1092083
648.15	0	.7810835	.1095962	0	.1093203
647.15	0	.7810791	.10949	0	.1094309
646.15	0	.7810734	.1093864	0	.1095402
645.15	0	.7810665	.1092854	0	.1096481
644.15	0	.7810584	.1091869	0	.1097547
643.15	0	.7810491	.1090909	0	.1098601
642.15	0	.7810385	.1089973	0	.1099642
641.15	0	.7810269	.1089061	0	.110067
640.15	0	.7810141	.1088172	0	.1101687
639.15	0	.7810002	.1087307	0	.1102691
638.15	0	.7809852	.1086464	0	.1103684
637.15	0	.7809691	.1085643	0	.1104666
636.15	0	.780952	.1084844	0	.1105636
635.15	0	.7809338	.1084067	0	.1106594
634.15	0	.7809146	.1083311	0	.1107543
633.15	0	.7808944	.1082575	0	.110848
632.15	0	.7808732	.108186	0	.1109407
631.15	0	.7808511	.1081165	0	.1110324
630.15	0	.7808279	.108049	0	.1111231
629.15	0	.7808039	.1079833	0	.1112128
628.15	0	.7807789	.1079196	0	.1113015
627.15	0	.780753	.1078578	0	.1113893
626.15	0	.7807262	.1077977	0	.1114761
625.15	0	.7806985	.1077395	0	.111562
624.15	0	.78067	.107683	0	.111647
623.15	0	.7806406	.1076282	0	.1117312
622.15	0	.7806104	.1075752	0	.1118145
621.15	0	.7805793	.1075238	0	.1118969
620.15	0	.7805475	.107474	0	.1119785
619.15	0	.7805148	.1074259	0	.1120593
618.15	0	.7804814	.1073793	0	.1121393
617.15	0	.7804472	.1073343	0	.1122185
616.15	0	.7804123	.1072908	0	.112297
615.15	0	.7803766	.1072488	0	.1123746
614.15	0	.7803402	.1072082	0	.1124516
613.15	0	.7803031	.1071691	0	.1125278
612.15	0	.7802652	.1071314	0	.1126033
611.15	0	.7802267	.1070952	0	.1126781
610.15	0	.7801875	.1070602	0	.1127523
609.15	0	.7801476	.1070266	0	.1128258
608.15	0	.7801071	.1069943	0	.1128986
607.15	0	.7800659	.1069633	0	.1129708
606.15	0	.7800241	.1069336	0	.1130423
605.15	0	.7799817	.1069051	0	.1131132
604.15	0	.7799387	.1068778	0	.1131836
603.15	0	.779895	.1068517	0	.1132533
602.15	0	.7798508	.1068267	0	.1133224
601.15	0	.779806	.106803	0	.113391
600.15	0	.7797606	.1067803	0	.1134591
599.15	0	.7797147	.1067588	0	.1135266
598.15	0	.7796682	.1067383	0	.1135935
597.15	0	.7796212	.1067189	0	.1136599
596.15	0	.7795736	.1067005	0	.1137259
595.15	0	.7795256	.1066832	0	.1137913
594.15	0	.779477	.1066668	0	.1138562
593.15	0	.7794279	.1066515	0	.1139207
592.15	0	.7793783	.1066371	0	.1139846
591.15	0	.7793283	.1066236	0	.1140481
590.15	0	.7792777	.1066111	0	.1141112
589.15	0	.7792267	.1065994	0	.1141738
588.15	0	.7791753	.1065887	0	.114236
587.15	0	.7791234	.1065788	0	.1142978
586.15	0	.779071	.1065698	0	.1143592
585.15	0	.7790183	.1065616	0	.1144202
584.15	0	.7789651	.1065542	0	.1144807
583.15	0	.7789115	.1065476	0	.1145409
582.15	0	.7788575	.1065418	0	.1146007
581.15	0	.7788031	.1065368	0	.1146601
580.15	0	.7787483	.1065325	0	.1147192
579.15	0	.7786931	.106529	0	.1147779
578.15	0	.7786375	.1065262	0	.1148363
577.15	0	.7785816	.106524	0	.1148944
576.15	0	.7785253	.1065226	0	.1149521
575.15	0	.7784687	.1065218	0	.1150095
574.15	0	.7784117	.1065217	0	.1150666
573.15	0	.7783544	.1065223	0	.1151233
572.15	0	.7782968	.1065234	0	.1151798
571.15	0	.7782388	.1065252	0	.115236
570.15	0	.7781805	.1065276	0	.1152919
569.15	0	.7781219	.1065306	0	.1153475
568.15	0	.778063	.1065341	0	.1154029
567.15	0	.7780039	.1065382	0	.1154579
566.15	0	.7779444	.1065429	0	.1155128
565.15	0	.7778846	.106548	0	.1155673
564.15	0	.7778246	.1065537	0	.1156217
563.15	0	.7777643	.1065599	0	.1156757
562.15	0	.7777037	.1065667	0	.1157296
561.15	0	.7776429	.1065738	0	.1157832
560.15	0	.7775819	.1065815	0	.1158367
559.15	0	.7775206	.1065896	0	.1158898
558.15	0	.777459	.1065982	0	.1159428
557.15	0	.7773972	.1066072	0	.1159956
556.15	0	.7773353	.1066166	0	.1160482
555.15	0	.777273	.1066264	0	.1161006
554.15	0	.7772106	.1066366	0	.1161528
553.15	0	.777148	.1066472	0	.1162048
552.15	0	.7770851	.1066582	0	.1162566
551.15	0	.7770221	.1066696	0	.1163083
550.15	0	.7769589	.1066813	0	.1163598
549.15	0	.7768955	.1066934	0	.1164111
548.15	0	.7768319	.1067058	0	.1164623
547.15	0	.7767681	.1067185	0	.1165133
546.15	0	.7767042	.1067316	0	.1165642
545.15	0	.7766401	.1067449	0	.1166149
544.15	0	.7765759	.1067586	0	.1166656
543.15	0	.7765115	.1067725	0	.116716
542.15	0	.776447	.1067867	0	.1167663
541.15	0	.7763823	.1068012	0	.1168165
540.15	0	.7763175	.1068159	0	.1168666
539.15	0	.7762526	.1068309	0	.1169166
538.15	0	.7761875	.1068461	0	.1169664
537.15	0	.7761223	.1068615	0	.1170162
536.15	0	.776057	.1068772	0	.1170658
535.15	0	.7759916	.1068931	0	.1171153
534.15	0	.7759261	.1069092	0	.1171647
533.15	0	.7758605	.1069255	0	.1172141
532.15	0	.7757948	.1069419	0	.1172633
531.15	0	.775729	.1069586	0	.1173125
530.15	0	.7756631	.1069754	0	.1173615
529.15	0	.7755971	.1069924	0	.1174105
528.15	0	.7755311	.1070095	0	.1174594
527.15	0	.775465	.1070268	0	.1175083
526.15	0	.7753988	.1070442	0	.117557
525.15	0	.7753326	.1070617	0	.1176057
524.15	0	.7752663	.1070794	0	.1176544
523.15	0	.7751999	.1070971	0	.1177029
522.15	0	.7751335	.107115	0	.1177515
521.15	0	.7750671	.107133	0	.1177999
520.15	0	.7750006	.1071511	0	.1178483
519.15	0	.7749341	.1071692	0	.1178967
518.15	0	.7748676	.1071875	0	.117945
517.15	0	.774801	.1072058	0	.1179933
516.15	0	.7747344	.1072241	0	.1180415
515.15	0	.7746678	.1072426	0	.1180897
514.15	0	.7746012	.107261	0	.1181378
513.15	0	.7745345	.1072796	0	.1181859
512.15	0	.7744679	.1072981	0	.118234
511.15	0	.7744012	.1073167	0	.1182821
510.15	0	.7743346	.1073353	0	.1183301
509.15	0	.774268	.1073539	0	.1183781
508.15	0	.7742013	.1073725	0	.1184261
507.15	0	.7741347	.1073912	0	.1184741
506.15	0	.7740681	.1074098	0	.1185221
505.15	0	.7740016	.1074284	0	.11857
504.15	0	.773935	.107447	0	.1186179
503.15	0	.7738685	.1074656	0	.1186658
502.15	0	.7738021	.1074842	0	.1187138
501.15	0	.7737356	.1075027	0	.1187617
500.15	0	.7736692	.1075212	0	.1188096
499.15	0	.7736029	.1075397	0	.1188575
498.15	0	.7735366	.107558	0	.1189054
497.15	0	.7734703	.1075764	0	.1189533
496.15	0	.7734042	.1075947	0	.1190012
495.15	0	.773338	.1076129	0	.1190491
494.15	0	.773272	.107631	0	.119097
493.15	0	.773206	.1076491	0	.119145
492.15	0	.7731401	.107667	0	.1191929
491.15	0	.7730742	.1076849	0	.1192409
490.15	0	.7730084	.1077027	0	.1192889
489.15	0	.7729428	.1077204	0	.1193369
488.15	0	.7728771	.107738	0	.1193849
487.15	0	.7728116	.1077555	0	.1194329
486.15	0	.7727462	.1077728	0	.119481
485.15	0	.7726809	.1077901	0	.119529
484.15	0	.7726157	.1078072	0	.1195772
483.15	0	.7725505	.1078242	0	.1196253
482.15	0	.7724855	.107841	0	.1196734
481.15	0	.7724206	.1078578	0	.1197216
480.15	0	.7723558	.1078743	0	.1197698
479.15	0	.7722911	.1078908	0	.1198181
478.15	0	.7722266	.107907	0	.1198664
477.15	0	.7721622	.1079231	0	.1199147
476.15	0	.7720978	.1079391	0	.1199631
475.15	0	.7720337	.1079549	0	.1200115
474.15	0	.7719696	.1079705	0	.1200599
473.15	0	.7719057	.107986	0	.1201084
472.15	0	.7718419	.1080012	0	.1201569
471.15	0	.7717783	.1080163	0	.1202054
470.15	0	.7717148	.1080312	0	.120254
469.15	0	.7716514	.1080459	0	.1203027
468.15	0	.7715882	.1080604	0	.1203513
467.15	0	.7715252	.1080747	0	.1204001
466.15	0	.7714623	.1080888	0	.1204489
465.15	0	.7713996	.1081027	0	.1204977
464.15	0	.771337	.1081164	0	.1205466
463.15	0	.7712746	.1081299	0	.1205955
462.15	0	.7712124	.1081432	0	.1206445
461.15	0	.7711503	.1081562	0	.1206935
460.15	0	.7710884	.108169	0	.1207426
459.15	0	.7710267	.1081816	0	.1207917
458.15	0	.7709652	.1081939	0	.1208409
457.15	0	.7709038	.108206	0	.1208902
456.15	0	.7708427	.1082179	0	.1209395
455.15	0	.7707817	.1082295	0	.1209888
454.15	0	.7707209	.1082408	0	.1210383
453.15	0	.7706605	.1082521	0	.1210874
452.15	0	.7706001	.1082629	0	.121137
451.15	0	.7705399	.1082735	0	.1211866
450.15	0	.7704799	.1082839	0	.1212363
449.15	0	.7704201	.1082939	0	.121286
448.15	0	.7703606	.1083036	0	.1213358
447.15	0	.7703013	.108313	0	.1213857
446.15	0	.7702423	.1083221	0	.1214356
445.15	0	.7701835	.1083309	0	.1214857
444.15	0	.7701249	.1083393	0	.1215357
443.15	0	.7700666	.1083475	0	.1215859
442.15	0	.7700086	.1083553	0	.1216361
441.15	0	.7699508	.1083627	0	.1216864
440.15	0	.7698934	.1083698	0	.1217368
439.15	0	.7698362	.1083765	0	.1217873
438.15	0	.7697793	.1083829	0	.1218379
437.15	0	.7697227	.1083888	0	.1218885
436.15	0	.7696665	.1083944	0	.1219392
435.15	0	.7696105	.1083995	0	.12199
434.15	0	.7695549	.1084042	0	.1220409
433.15	0	.7694996	.1084086	0	.1220918
432.15	0	.7694447	.1084124	0	.1221429
431.15	0	.7693901	.1084159	0	.122194
430.15	0	.7693358	.1084189	0	.1222453
429.15	0	.7692819	.1084215	0	.1222966
428.15	0	.7692284	.1084236	0	.122348
427.15	0	.7691752	.1084253	0	.1223995
426.15	0	.7691224	.1084265	0	.1224511
425.15	0	.7690699	.1084273	0	.1225028
424.15	0	.7690179	.1084276	0	.1225546
423.15	0	.7689662	.1084274	0	.1226065
422.15	0	.7689149	.1084267	0	.1226584
421.15	0	.768864	.1084256	0	.1227105
420.15	0	.7688134	.1084239	0	.1227626
419.15	0	.7687633	.1084218	0	.1228149
418.15	0	.7687136	.1084192	0	.1228672
417.15	0	.7686642	.1084161	0	.1229197
416.15	0	.7686153	.1084125	0	.1229722
415.15	0	.7685668	.1084084	0	.1230248
414.15	0	.7685186	.1084038	0	.1230775
413.15	0	.7684709	.1083987	0	.1231303
412.15	0	.7684236	.1083932	0	.1231832
411.15	0	.7683767	.1083871	0	.1232362
410.15	0	.7683302	.1083805	0	.1232893
409.15	0	.7682841	.1083734	0	.1233425
408.15	0	.7682385	.1083658	0	.1233958
407.15	0	.7681932	.1083576	0	.1234492
406.15	0	.7681484	.108349	0	.1235026
405.15	0	.7681039	.1083399	0	.1235562
404.15	0	.7680599	.1083303	0	.1236098
403.15	0	.7680163	.1083201	0	.1236635
402.15	0	.7679731	.1083095	0	.1237174
401.15	0	.7679304	.1082984	0	.1237713
400.15	0	.767888	.1082867	0	.1238253
399.15	0	.7678461	.1082745	0	.1238794
398.15	0	.7678046	.1082619	0	.1239335
