T	 BPW(LIQUID)	BPW(BCC_A2)	BPW(FCC_A1)	BPW(LAVES_PHASE_C14)	BPW(NI3TI)
1473.15	.552759	.447241	0	0	0
1472.15	.5489991	.4510009	0	0	0
1471.15	.5452639	.4547361	0	0	0
1470.15	.5415534	.4584466	0	0	0
1469.15	.5378673	.4621327	0	0	0
1468.15	.5342054	.4657946	0	0	0
1467.15	.5305676	.4694324	0	0	0
1466.15	.5269537	.4730463	0	0	0
1465.15	.5233636	.4766364	0	0	0
1464.15	.5197971	.4802029	0	0	0
1463.15	.516254	.483746	0	0	0
1462.15	.5127342	.4872658	0	0	0
1461.15	.5092375	.4907625	0	0	0
1460.15	.5057637	.4942363	0	0	0
1459.15	.5023127	.4976873	0	0	0
1458.15	.4988844	.5011156	0	0	0
1457.15	.4954786	.5045214	0	0	0
1456.15	.4920951	.507905	0	0	0
1455.15	.4887337	.5112663	0	0	0
1454.15	.4853944	.5146056	0	0	0
1453.15	.482077	.517923	0	0	0
1452.15	.4787813	.5212187	0	0	0
1451.15	.4755071	.5244929	0	0	0
1450.15	.4722544	.5277456	0	0	0
1449.15	.469023	.530977	0	0	0
1448.15	.4658127	.5341873	0	0	0
1447.15	.4626235	.5373765	0	0	0
1446.15	.459455	.540545	0	0	0
1445.15	.4563073	.5436927	0	0	0
1444.15	.4531801	.5468199	0	0	0
1443.15	.4500734	.5499266	0	0	0
1442.15	.4469869	.5530131	0	0	0
1441.15	.4439206	.5560794	0	0	0
1440.15	.4408743	.5591257	0	0	0
1439.15	.4378479	.5621521	0	0	0
1438.15	.4348412	.5651588	0	0	0
1437.15	.4318541	.5681459	0	0	0
1436.15	.4288865	.5711135	0	0	0
1435.15	.4259382	.5740618	0	0	0
1434.15	.4230091	.5769909	0	0	0
1433.15	.420099	.579901	0	0	0
1432.15	.4172079	.5827921	0	0	0
1431.15	.4143357	.5856643	0	0	0
1430.15	.411482	.588518	0	0	0
1429.15	.408647	.591353	0	0	0
1428.15	.4058303	.5941697	0	0	0
1427.15	.403032	.596968	0	0	0
1426.15	.4002518	.5997482	0	0	0
1425.15	.3974896	.6025104	0	0	0
1424.15	.3947454	.6052546	0	0	0
1423.15	.392019	.607981	0	0	0
1422.15	.3893102	.6106898	0	0	0
1421.15	.386619	.613381	0	0	0
1420.15	.3839452	.6160548	0	0	0
1419.15	.3812888	.6187112	0	0	0
1418.15	.3786495	.6213505	0	0	0
1417.15	.3760273	.6239727	0	0	0
1416.346	.3739313	.6260687	0	0	0
1416.346	.3739313	.6260687	0	0	0
1416.346	.3739313	.6260687	0	0	0
1416.15	.3731353	.6265683	0	2.964352E-04	0
1415.15	.3691034	.6290962	0	.001800423	0
1414.15	.3651203	.6315895	0	.003290217	0
1413.15	.3611851	.6340488	0	.004766085	0
1412.15	.3572969	.6364748	0	.006228287	0
1411.15	.3534548	.6388681	0	.007677079	0
1410.15	.349658	.6412293	0	.00911271	0
1409.15	.3459057	.6435589	0	.01053542	0
1408.15	.3421971	.6458575	0	.01194545	0
1407.15	.3385314	.6481256	0	.01334303	0
1406.15	.3349078	.6503639	0	.01472838	0
1405.15	.3313255	.6525727	0	.01610173	0
1404.15	.3277839	.6547528	0	.01746329	0
1403.15	.3242823	.6569044	0	.01881328	0
1402.15	.3208199	.6590282	0	.02015188	0
1401.15	.317396	.6611247	0	.02147932	0
1400.15	.31401	.6631942	0	.02279578	0
1399.15	.3106613	.6652373	0	.02410145	0
1398.15	.3073492	.6672543	0	.02539653	0
1397.15	.304073	.6692458	0	.02668119	0
1396.15	.3008322	.6712122	0	.02795561	0
1395.15	.2976261	.6731539	0	.02921997	0
1394.15	.2944542	.6750713	0	.03047445	0
1393.15	.291316	.6769648	0	.0317192	0
1392.15	.2882108	.6788349	0	.03295439	0
1391.15	.285138	.6806818	0	.03418018	0
1390.15	.2820973	.682506	0	.03539672	0
1389.15	.279088	.6843079	0	.03660418	0
1388.15	.2761096	.6860877	0	.03780269	0
1387.15	.2731616	.687846	0	.03899241	0
1386.15	.2702436	.6895829	0	.04017348	0
1385.15	.267355	.691299	0	.04134603	0
1384.15	.2644954	.6929944	0	.04251022	0
1383.15	.2616643	.6946695	0	.04366616	0
1382.15	.2588613	.6963247	0	.044814	0
1381.15	.2560859	.6979603	0	.04595385	0
1380.15	.2533376	.6995765	0	.04708585	0
1379.15	.2506161	.7011737	0	.04821013	0
1378.15	.247921	.7027522	0	.04932679	0
1377.15	.2452518	.7043122	0	.05043596	0
1376.15	.2426081	.7058541	0	.05153776	0
1375.15	.2399896	.7073781	0	.05263229	0
1374.15	.2373958	.7088846	0	.05371968	0
1373.15	.2348263	.7103736	0	.05480003	0
1372.15	.2322809	.7118456	0	.05587344	0
1371.15	.2297591	.7133009	0	.05694002	0
1370.15	.2272606	.7147395	0	.05799987	0
1369.15	.224785	.7161619	0	.0590531	0
1368.15	.2223321	.7175681	0	.0600998	0
1367.15	.2199013	.7189586	0	.06114007	0
1366.15	.2174925	.7203335	0	.062174	0
1365.15	.2151053	.721693	0	.06320169	0
1364.15	.2127393	.7230374	0	.06422322	0
1363.15	.2103944	.7243669	0	.0652387	0
1362.15	.2080701	.7256818	0	.06624819	0
1361.15	.2057661	.7269821	0	.0672518	0
1360.15	.2034822	.7282682	0	.0682496	0
1359.15	.2012181	.7295402	0	.06924168	0
1358.15	.1989735	.7307984	0	.07022812	0
1357.15	.1967481	.7320429	0	.07120899	0
1356.15	.1945417	.7332739	0	.07218438	0
1355.15	.1923539	.7344917	0	.07315437	0
1354.15	.1901845	.7356965	0	.07411902	0
1353.15	.1880333	.7368883	0	.07507841	0
1352.15	.1859	.7380674	0	.07603262	0
1351.15	.1837843	.739234	0	.0769817	0
1350.15	.181686	.7403882	0	.07792575	0
1349.15	.1796049	.7415303	0	.07886482	0
1348.15	.1775407	.7426603	0	.07979898	0
1347.15	.1754932	.7437785	0	.08072829	0
1346.15	.1734621	.744885	0	.08165283	0
1345.15	.1714473	.74598	0	.08257265	0
1344.15	.1694485	.7470637	0	.08348782	0
1343.15	.1674655	.7481361	0	.0843984	0
1342.15	.1654981	.7491975	0	.08530445	0
1341.15	.163546	.750248	0	.08620602	0
1340.15	.1616091	.7512877	0	.08710319	0
1339.15	.1596872	.7523168	0	.087996	0
1338.15	.15778	.7533355	0	.0888845	0
1337.15	.1558874	.7543438	0	.08976877	0
1336.15	.1540092	.755342	0	.09064884	0
1335.15	.1521451	.7563301	0	.09152478	0
1334.15	.1502951	.7573083	0	.09239663	0
1333.15	.1484589	.7582767	0	.09326445	0
1332.15	.1466363	.7592354	0	.09412829	0
1331.15	.1448271	.7601847	0	.0949882	0
1330.15	.1430313	.7611245	0	.09584422	0
1329.15	.1412485	.7620551	0	.09669641	0
1328.15	.1394787	.7629765	0	.09754481	0
1327.15	.1377217	.7638889	0	.09838947	0
1326.15	.1359773	.7647923	0	.09923044	0
1325.15	.1342453	.765687	0	.1000678	0
1324.15	.1325256	.7665729	0	.1009015	0
1323.15	.130818	.7674503	0	.1017316	0
1322.15	.1291225	.7683193	0	.1025582	0
1321.15	.1274388	.7691799	0	.1033814	0
1320.15	.1257667	.7700322	0	.1042011	0
1319.15	.1241062	.7708764	0	.1050174	0
1318.15	.1224571	.7717126	0	.1058304	0
1317.15	.1208192	.7725408	0	.10664	0
1316.15	.1191924	.7733612	0	.1074464	0
1315.15	.1175766	.7741738	0	.1082495	0
1314.15	.1159717	.7749789	0	.1090495	0
1313.15	.1143774	.7757763	0	.1098462	0
1312.15	.1127937	.7765664	0	.1106399	0
1311.15	.1112205	.7773491	0	.1114305	0
1310.15	.1096576	.7781245	0	.1122179	0
1309.15	.1081049	.7788927	0	.1130024	0
1308.15	.1065622	.7796539	0	.1137839	0
1307.15	.1050294	.7804081	0	.1145625	0
1306.15	.1035066	.7811554	0	.1153381	0
1305.15	.1019934	.7818958	0	.1161108	0
1304.15	.1004898	.7826296	0	.1168807	0
1303.15	.09899562	.7833566	0	.1176477	0
1302.15	.09751084	.7840772	0	.118412	0
1301.15	.09603532	.7847912	0	.1191735	0
1300.15	.09456894	.7854988	0	.1199323	0
1299.15	.09310838	.7862028	0	.1206889	0
1298.15	.09165996	.7868978	0	.1214423	0
1297.15	.09022036	.7875866	0	.122193	0
1296.15	.08878948	.7882694	0	.1229411	0
1295.15	.0873672	.7889461	0	.1236867	0
1294.15	.08595344	.7896169	0	.1244297	0
1293.15	.08454809	.7902817	0	.1251702	0
1292.15	.08315105	.7909408	0	.1259081	0
1291.15	.08176224	.7915941	0	.1266436	0
1290.15	.08038154	.7922418	0	.1273767	0
1289.15	.07900887	.7928839	0	.1281073	0
1288.15	.07764413	.7935204	0	.1288355	0
1287.15	.07628724	.7941514	0	.1295613	0
1286.15	.0749381	.7947771	0	.1302848	0
1285.15	.07359663	.7953974	0	.131006	0
1284.15	.07226273	.7960124	0	.1317249	0
1283.15	.07093632	.7966222	0	.1324415	0
1282.15	.06961732	.7972269	0	.1331558	0
1281.15	.06830563	.7978265	0	.1338679	0
1280.15	.06700118	.798421	0	.1345778	0
1279.15	.06570389	.7990106	0	.1352855	0
1278.15	.06441366	.7995953	0	.1359911	0
1277.15	.06313044	.8001751	0	.1366944	0
1276.15	.06185412	.8007501	0	.1373957	0
1275.15	.06058464	.8013204	0	.1380949	0
1274.15	.05932193	.801886	0	.138792	0
1273.15	.05806589	.802447	0	.1394871	0
1272.15	.05681646	.8030034	0	.1401801	0
1271.15	.05557357	.8035553	0	.1408711	0
1270.24	.05444762	.8040539	0	.1414985	0
1270.24	.05444762	.8040539	0	.1414985	0
1270.24	.05444762	.8040539	0	.1414985	0
1270.15	.05377688	.8038776	7.439647E-04	.1416016	0
1269.15	.04628889	.8019368	.00902702	.1427473	0
1268.15	.0388024	.8000471	.01726761	.1438829	0
1267.15	.03131714	.798208	.02546631	.1450085	0
1266.15	.0238329	.7964192	.03362369	.1461243	0
1265.15	.01634945	.7946801	.04174028	.1472302	0
1264.15	.008866577	.7929904	.04981666	.1483263	0
1263.15	.001384061	.7913497	.05785334	.1494129	0
1262.965	0	.7910515	.05933563	.1496129	0
1262.965	0	.7910515	.05933563	.1496129	0
1262.15	0	.7899959	.05998468	.1500194	0
1261.15	0	.7887041	.06077881	.1505171	0
1260.15	0	.7874161	.06157048	.1510135	0
1259.15	0	.7861318	.0623597	.1515086	0
1258.15	0	.7848512	.06314648	.1520023	0
1257.15	0	.7835743	.06393082	.1524949	0
1256.15	0	.7823012	.06471273	.1529861	0
1255.15	0	.7810317	.0654922	.1534761	0
1254.15	0	.779766	.06626926	.1539648	0
1253.15	0	.7785039	.0670439	.1544522	0
1252.15	0	.7772455	.06781612	.1549384	0
1251.15	0	.7759907	.06858594	.1554234	0
1250.15	0	.7747396	.06935336	.1559071	0
1249.15	0	.7734921	.07011838	.1563895	0
1248.15	0	.7722483	.07088101	.1568707	0
1247.15	0	.771008	.07164126	.1573507	0
1246.15	0	.7697714	.07239912	.1578295	0
1245.15	0	.7685384	.0731546	.158307	0
1244.15	0	.767309	.07390772	.1587833	0
1243.15	0	.7660831	.07465846	.1592584	0
1242.15	0	.7648609	.07540685	.1597323	0
1241.15	0	.7636421	.07615288	.160205	0
1240.15	0	.762427	.07689656	.1606765	0
1239.15	0	.7612154	.07763789	.1611468	0
1238.15	0	.7600073	.07837688	.1616159	0
1237.15	0	.7588027	.07911353	.1620838	0
1236.15	0	.7576017	.07984786	.1625505	0
1235.15	0	.7564041	.08057985	.163016	0
1234.15	0	.7552101	.08130952	.1634804	0
1233.15	0	.7540195	.08203687	.1639436	0
1232.15	0	.7528325	.08276191	.1644056	0
1231.15	0	.7516489	.08348463	.1648665	0
1230.15	0	.7504687	.08420506	.1653262	0
1229.15	0	.7492921	.08492318	.1657848	0
1228.15	0	.7481188	.08563901	.1662422	0
1227.15	0	.746949	.08635254	.1666984	0
1226.15	0	.7457827	.08706379	.1671536	0
1225.15	0	.7446197	.08777276	.1676075	0
1224.15	0	.7434602	.08847945	.1680604	0
1223.15	0	.742304	.08918386	.1685121	0
1222.15	0	.7411513	.08988601	.1689627	0
1221.15	0	.740002	.09058589	.1694122	0
1220.15	0	.738856	.09128351	.1698605	0
1219.15	0	.7377134	.09197887	.1703077	0
1218.15	0	.7365742	.09267198	.1707539	0
1217.15	0	.7354383	.09336284	.1711989	0
1216.15	0	.7343057	.09405146	.1716428	0
1215.15	0	.7331766	.09473784	.1720856	0
1214.15	0	.7320507	.09542198	.1725273	0
1213.15	0	.7309281	.09610389	.172968	0
1212.15	0	.7298089	.09678357	.1734075	0
1211.15	0	.728693	.09746103	.173846	0
1210.15	0	.7275804	.09813627	.1742834	0
1209.15	0	.7264711	.09880929	.1747197	0
1208.15	0	.725365	.0994801	.1751549	0
1207.15	0	.7242623	.1001487	.175589	0
1206.15	0	.7231628	.1008151	.1760221	0
1205.15	0	.7220665	.1014793	.1764542	0
1204.15	0	.7209736	.1021413	.1768852	0
1203.15	0	.7198838	.1028011	.1773151	0
1202.15	0	.7187973	.1034587	.1777439	0
1201.15	0	.7177141	.1041142	.1781718	0
1200.15	0	.716634	.1047674	.1785986	0
1199.15	0	.7155572	.1054185	.1790243	0
1198.15	0	.7144836	.1060674	.179449	0
1197.15	0	.7134132	.1067141	.1798727	0
1196.15	0	.712346	.1073587	.1802953	0
1195.15	0	.711282	.1080011	.1807169	0
1194.15	0	.7102212	.1086413	.1811375	0
1193.15	0	.7091635	.1092794	.1815571	0
1192.15	0	.7081091	.1099153	.1819756	0
1191.15	0	.7070577	.1105491	.1823932	0
1190.15	0	.7060096	.1111807	.1828097	0
1189.15	0	.7049646	.1118102	.1832252	0
1188.15	0	.7039227	.1124376	.1836397	0
1187.15	0	.702884	.1130628	.1840533	0
1186.15	0	.7018484	.1136859	.1844658	0
1185.15	0	.7008159	.1143068	.1848773	0
1184.15	0	.6997865	.1149256	.1852879	0
1183.15	0	.6987603	.1155423	.1856974	0
1182.15	0	.6977371	.1161569	.186106	0
1181.15	0	.6967171	.1167694	.1865136	0
1180.15	0	.6957001	.1173798	.1869202	0
1179.15	0	.6946862	.117988	.1873258	0
1178.15	0	.6936754	.1185941	.1877305	0
1177.15	0	.6926677	.1191982	.1881342	0
1176.15	0	.691663	.1198001	.1885369	0
1175.15	0	.6906614	.1203999	.1889387	0
1174.15	0	.6896629	.1209977	.1893395	0
1173.15	0	.6886674	.1215933	.1897393	0
1172.15	0	.6876749	.1221869	.1901382	0
1171.15	0	.6866855	.1227784	.1905362	0
1170.15	0	.6856991	.1233678	.1909332	0
1169.15	0	.6847157	.1239551	.1913292	0
1168.15	0	.6837353	.1245403	.1917243	0
1167.15	0	.682758	.1251235	.1921185	0
1166.15	0	.6817837	.1257046	.1925118	0
1165.15	0	.6808123	.1262836	.1929041	0
1164.15	0	.679844	.1268606	.1932955	0
1163.15	0	.6788786	.1274355	.1936859	0
1162.15	0	.6779163	.1280083	.1940754	0
1161.15	0	.6769569	.1285791	.194464	0
1160.15	0	.6760005	.1291478	.1948517	0
1159.15	0	.675047	.1297145	.1952385	0
1158.15	0	.6740965	.1302791	.1956244	0
1157.15	0	.673149	.1308417	.1960093	0
1156.15	0	.6722044	.1314023	.1963933	0
1155.15	0	.6712628	.1319608	.1967765	0
1154.15	0	.670324	.1325173	.1971587	0
1153.15	0	.6693883	.1330717	.1975401	0
1152.15	0	.6684554	.1336241	.1979205	0
1151.15	0	.6675255	.1341745	.1983	0
1150.15	0	.6665985	.1347228	.1986787	0
1149.15	0	.6656744	.1352691	.1990564	0
1148.15	0	.6647533	.1358134	.1994333	0
1147.15	0	.663835	.1363557	.1998093	0
1146.15	0	.6629196	.136896	.2001844	0
1145.15	0	.6620071	.1374342	.2005586	0
1144.15	0	.6610976	.1379705	.200932	0
1143.15	0	.6601909	.1385047	.2013044	0
1142.15	0	.659287	.1390369	.201676	0
1141.15	0	.6583861	.1395671	.2020468	0
1140.15	0	.657488	.1400954	.2024166	0
1139.15	0	.6565928	.1406216	.2027856	0
1138.15	0	.6557004	.1411458	.2031538	0
1137.15	0	.6548109	.141668	.2035211	0
1136.15	0	.6539243	.1421883	.2038875	0
1135.15	0	.6530404	.1427065	.204253	0
1134.15	0	.6521595	.1432228	.2046178	0
1133.15	0	.6512813	.143737	.2049816	0
1132.15	0	.650406	.1442493	.2053447	0
1131.15	0	.6495336	.1447596	.2057068	0
1130.15	0	.6486639	.145268	.2060682	0
1129.15	0	.6477971	.1457743	.2064286	0
1128.15	0	.646933	.1462787	.2067883	0
1127.15	0	.6460718	.1467811	.2071471	0
1126.15	0	.6452134	.1472815	.2075051	0
1125.15	0	.6443578	.14778	.2078622	0
1124.15	0	.643505	.1482765	.2082185	0
1123.15	0	.6426549	.148771	.208574	0
1122.15	0	.6418077	.1492636	.2089287	0
1121.15	0	.6409632	.1497543	.2092825	0
1120.15	0	.6401216	.1502429	.2096355	0
1119.15	0	.6392827	.1507296	.2099877	0
1118.15	0	.6384465	.1512144	.2103391	0
1117.15	0	.6376131	.1516972	.2106897	0
1116.15	0	.6367825	.1521781	.2110394	0
1115.15	0	.6359547	.152657	.2113884	0
1114.15	0	.6351296	.1531339	.2117365	0
1113.15	0	.6343072	.153609	.2120838	0
1112.15	0	.6334876	.1540821	.2124303	0
1111.15	0	.6326708	.1545532	.212776	0
1110.15	0	.6318566	.1550224	.2131209	0
1109.15	0	.6310453	.1554897	.213465	0
1108.15	0	.6302366	.1559551	.2138084	0
1107.15	0	.6294307	.1564185	.2141509	0
1106.15	0	.6286274	.15688	.2144926	0
1105.15	0	.6278269	.1573395	.2148335	0
1104.15	0	.6270292	.1577972	.2151737	0
1103.15	0	.6262341	.1582529	.215513	0
1102.15	0	.6254417	.1587067	.2158516	0
1101.15	0	.6246521	.1591586	.2161894	0
1100.15	0	.6238651	.1596086	.2165264	0
1099.15	0	.6230808	.1600566	.2168626	0
1098.15	0	.6222993	.1605027	.217198	0
1097.15	0	.6215204	.160947	.2175327	0
1096.15	0	.6207442	.1613893	.2178665	0
1095.15	0	.6199707	.1618297	.2181996	0
1094.15	0	.6191998	.1622682	.218532	0
1093.15	0	.6184316	.1627048	.2188635	0
1092.15	0	.6176662	.1631395	.2191943	0
1091.15	0	.6169033	.1635723	.2195243	0
1090.15	0	.6161432	.1640033	.2198536	0
1089.15	0	.6153857	.1644323	.2201821	0
1088.15	0	.6146308	.1648594	.2205098	0
1087.15	0	.6138786	.1652846	.2208368	0
1086.15	0	.6131291	.165708	.221163	0
1085.15	0	.6123822	.1661294	.2214884	0
1084.15	0	.6116379	.166549	.2218131	0
1083.15	0	.6108963	.1669667	.222137	0
1082.15	0	.6101573	.1673825	.2224602	0
1081.15	0	.609421	.1677964	.2227826	0
1080.15	0	.6086873	.1682084	.2231043	0
1079.15	0	.6079562	.1686186	.2234252	0
1078.15	0	.6072277	.1690269	.2237454	0
1077.15	0	.6065019	.1694333	.2240648	0
1076.15	0	.6057786	.1698379	.2243835	0
1075.15	0	.605058	.1702405	.2247014	0
1074.15	0	.60434	.1706413	.2250186	0
1073.15	0	.6036246	.1710403	.2253351	0
1072.15	0	.6029119	.1714374	.2256508	0
1071.15	0	.6022017	.1718326	.2259657	0
1070.15	0	.6014941	.172226	.22628	0
1069.15	0	.6007891	.1726175	.2265935	0
1068.15	0	.6000867	.1730071	.2269062	0
1067.15	0	.5993869	.1733949	.2272182	0
1066.15	0	.5986896	.1737808	.2275295	0
1065.15	0	.597995	.1741649	.2278401	0
1064.15	0	.5973029	.1745472	.2281499	0
1063.15	0	.5966134	.1749276	.228459	0
1062.15	0	.5959265	.1753061	.2287673	0
1061.15	0	.5952422	.1756829	.229075	0
1060.15	0	.5945604	.1760577	.2293819	0
1059.15	0	.5938812	.1764308	.229688	0
1058.15	0	.5932045	.176802	.2299935	0
1057.15	0	.5925305	.1771713	.2302982	0
1056.15	0	.5918589	.1775389	.2306022	0
1055.15	0	.5911899	.1779046	.2309055	0
1054.15	0	.5905235	.1782685	.2312081	0
1053.15	0	.5898596	.1786305	.2315099	0
1052.15	0	.5891983	.1789907	.231811	0
1051.15	0	.5885395	.1793491	.2321114	0
1050.15	0	.5878832	.1797057	.2324111	0
1049.15	0	.5872295	.1800605	.2327101	0
1048.15	0	.5865783	.1804134	.2330083	0
1047.15	0	.5859296	.1807646	.2333058	0
1046.15	0	.5852835	.1811139	.2336026	0
1045.15	0	.5846398	.1814614	.2338987	0
1044.15	0	.5839987	.1818072	.2341941	0
1043.15	0	.5833602	.1821511	.2344888	0
1042.15	0	.5827241	.1824932	.2347827	0
1041.15	0	.5820905	.1828335	.235076	0
1040.15	0	.5814595	.183172	.2353685	0
1039.15	0	.5808309	.1835087	.2356603	0
1038.15	0	.5802049	.1838437	.2359515	0
1037.15	0	.5795813	.1841768	.2362419	0
1036.15	0	.5789603	.1845081	.2365316	0
1035.15	0	.5783417	.1848377	.2368206	0
1034.15	0	.5777257	.1851655	.2371088	0
1033.15	0	.5771121	.1854915	.2373964	0
1032.15	0	.576501	.1858157	.2376833	0
1031.15	0	.5758924	.1861382	.2379694	0
1030.15	0	.5752863	.1864589	.2382549	0
1029.15	0	.5746826	.1867778	.2385396	0
1028.15	0	.5740814	.1870949	.2388237	0
1027.15	0	.5734827	.1874103	.239107	0
1026.15	0	.5728865	.1877239	.2393896	0
1025.15	0	.5722927	.1880358	.2396715	0
1024.15	0	.5717013	.1883459	.2399528	0
1023.15	0	.5711125	.1886543	.2402333	0
1022.15	0	.570526	.1889609	.2405131	0
1021.15	0	.5699421	.1892658	.2407922	0
1020.15	0	.5693605	.1895689	.2410706	0
1019.15	0	.5687815	.1898703	.2413483	0
1018.15	0	.5682048	.1901699	.2416253	0
1017.15	0	.5676306	.1904678	.2419016	0
1016.15	0	.5670588	.190764	.2421772	0
1015.15	0	.5664895	.1910585	.242452	0
1014.15	0	.5659226	.1913512	.2427262	0
1013.15	0	.5653581	.1916422	.2429997	0
1012.15	0	.564796	.1919315	.2432725	0
1011.15	0	.5642364	.1922191	.2435445	0
1010.15	0	.5636791	.192505	.2438159	0
1009.15	0	.5631243	.1927891	.2440866	0
1008.15	0	.5625719	.1930716	.2443565	0
1007.15	0	.5620218	.1933524	.2446258	0
1006.15	0	.5614742	.1936315	.2448943	0
1005.15	0	.560929	.1939089	.2451622	0
1004.15	0	.5603861	.1941846	.2454293	0
1003.15	0	.5598457	.1944586	.2456957	0
1002.15	0	.5593076	.1947309	.2459614	0
1001.15	0	.5587719	.1950016	.2462265	0
1000.15	0	.5582386	.1952706	.2464908	0
999.15	0	.5577077	.1955379	.2467544	0
998.15	0	.5571791	.1958036	.2470173	0
997.15	0	.5566529	.1960676	.2472795	0
996.15	0	.556129	.19633	.247541	0
995.15	0	.5556075	.1965907	.2478017	0
994.15	0	.5550884	.1968498	.2480618	0
993.15	0	.5545716	.1971073	.2483211	0
992.15	0	.5540571	.1973631	.2485798	0
991.15	0	.553545	.1976173	.2488377	0
990.15	0	.5530352	.1978699	.2490949	0
989.15	0	.5525278	.1981208	.2493514	0
988.15	0	.5520226	.1983702	.2496072	0
987.15	0	.5515198	.1986179	.2498623	0
986.15	0	.5510194	.198864	.2501166	0
985.15	0	.5505212	.1991086	.2503703	0
984.15	0	.5500253	.1993515	.2506232	0
983.15	0	.5495317	.1995929	.2508754	0
982.15	0	.5490404	.1998327	.2511269	0
981.15	0	.5485514	.200071	.2513776	0
980.15	0	.5480647	.2003076	.2516277	0
979.15	0	.5475803	.2005427	.251877	0
978.15	0	.5470982	.2007763	.2521256	0
977.15	0	.5466183	.2010083	.2523734	0
976.15	0	.5461407	.2012388	.2526206	0
975.15	0	.5456653	.2014677	.252867	0
974.15	0	.5451922	.2016952	.2531126	0
973.15	0	.5447213	.2019211	.2533576	0
972.15	0	.5442527	.2021455	.2536018	0
971.15	0	.5437863	.2023684	.2538453	0
970.15	0	.5433222	.2025898	.2540881	0
969.15	0	.5428603	.2028097	.2543301	0
968.15	0	.5424005	.2030281	.2545713	0
967.15	0	.541943	.2032451	.2548119	0
966.15	0	.5414877	.2034606	.2550517	0
965.15	0	.5410346	.2036747	.2552907	0
964.15	0	.5405837	.2038873	.255529	0
963.15	0	.540135	.2040985	.2557666	0
962.15	0	.5396884	.2043082	.2560034	0
961.15	0	.539244	.2045165	.2562394	0
960.15	0	.5388018	.2047234	.2564748	0
959.15	0	.5383617	.2049289	.2567093	0
958.15	0	.5379238	.2051331	.2569431	0
957.15	0	.537488	.2053358	.2571761	0
956.15	0	.5370544	.2055372	.2574084	0
955.15	0	.5366229	.2057372	.2576399	0
954.15	0	.5361935	.2059359	.2578707	0
953.15	0	.5357661	.2061332	.2581007	0
952.15	0	.5353409	.2063292	.2583299	0
951.15	0	.5349178	.2065239	.2585583	0
950.15	0	.5344968	.2067172	.258786	0
949.15	0	.5340778	.2069093	.2590129	0
948.15	0	.5336609	.2071001	.259239	0
947.15	0	.5332461	.2072896	.2594643	0
946.15	0	.5328333	.2074778	.2596889	0
945.15	0	.5324225	.2076648	.2599126	0
944.15	0	.5320138	.2078506	.2601356	0
943.15	0	.5316071	.2080351	.2603578	0
942.15	0	.5312024	.2082184	.2605792	0
941.15	0	.5307997	.2084006	.2607998	0
940.15	0	.530399	.2085815	.2610195	0
939.15	0	.5300002	.2087613	.2612385	0
938.15	0	.5296034	.2089399	.2614567	0
937.15	0	.5292086	.2091174	.2616741	0
936.15	0	.5288157	.2092937	.2618906	0
935.15	0	.5284247	.2094689	.2621063	0
934.15	0	.5280357	.2096431	.2623212	0
933.15	0	.5276486	.2098161	.2625353	0
932.15	0	.5272633	.2099881	.2627486	0
931.15	0	.52688	.210159	.262961	0
930.15	0	.5264985	.2103289	.2631726	0
929.15	0	.5261189	.2104978	.2633834	0
928.15	0	.5257411	.2106656	.2635933	0
927.15	0	.5253652	.2108325	.2638023	0
926.15	0	.524991	.2109984	.2640106	0
925.15	0	.5246187	.2111634	.2642179	0
924.15	0	.5242482	.2113274	.2644244	0
923.15	0	.5238794	.2114905	.2646301	0
922.15	0	.5235124	.2116527	.2648348	0
921.15	0	.5231472	.2118141	.2650387	0
920.15	0	.5227837	.2119745	.2652418	0
919.15	0	.5224219	.2121342	.2654439	0
918.15	0	.5220618	.212293	.2656452	0
917.15	0	.5217034	.212451	.2658456	0
916.15	0	.5213467	.2126083	.2660451	0
915.15	0	.5209916	.2127648	.2662436	0
914.15	0	.5206382	.2129205	.2664413	0
913.15	0	.5202863	.2130756	.2666381	0
912.15	0	.5199361	.2132299	.266834	0
911.15	0	.5195875	.2133836	.2670289	0
910.15	0	.5192404	.2135367	.2672229	0
909.15	0	.5188949	.2136891	.267416	0
908.15	0	.5185509	.2138409	.2676082	0
907.15	0	.5182084	.2139922	.2677994	0
906.15	0	.5178675	.2141429	.2679897	0
905.15	0	.517528	.2142931	.268179	0
904.15	0	.5171899	.2144428	.2683673	0
903.15	0	.5168533	.214592	.2685547	0
902.15	0	.5165181	.2147408	.2687412	0
901.15	0	.5161842	.2148892	.2689266	0
900.15	0	.5158518	.2150372	.2691111	0
899.15	0	.5155207	.2151848	.2692946	0
898.15	0	.5151909	.2153321	.269477	0
897.15	0	.5148624	.2154791	.2696585	0
896.15	0	.5145352	.2156258	.269839	0
895.15	0	.5142092	.2157723	.2700184	0
894.15	0	.5138845	.2159186	.2701969	0
893.15	0	.513561	.2160648	.2703743	0
892.15	0	.5132387	.2162107	.2705506	0
891.15	0	.5129175	.2163566	.2707259	0
890.15	0	.5125974	.2165024	.2709002	0
889.15	0	.5122785	.2166481	.2710734	0
888.15	0	.5119606	.2167939	.2712455	0
887.15	0	.5116438	.2169396	.2714166	0
886.15	0	.511328	.2170855	.2715866	0
885.15	0	.5110132	.2172314	.2717554	0
884.15	0	.5106993	.2173775	.2719232	0
883.15	0	.5103864	.2175237	.2720899	0
882.15	0	.5100744	.2176702	.2722554	0
881.15	0	.5097633	.2178169	.2724198	0
880.15	0	.509453	.217964	.272583	0
879.15	0	.5091435	.2181113	.2727451	0
878.15	0	.5088348	.2182591	.2729061	0
877.15	0	.5085269	.2184073	.2730659	0
876.15	0	.5082196	.2185559	.2732245	0
875.15	0	.5079131	.218705	.2733819	0
874.15	0	.5076071	.2188548	.2735381	0
873.15	0	.5073018	.2190051	.2736931	0
872.15	0	.5069971	.2191561	.2738468	0
871.15	0	.5066929	.2193078	.2739994	0
870.15	0	.5063891	.2194602	.2741506	0
869.15	0	.5060859	.2196135	.2743007	0
868.15	0	.505783	.2197676	.2744494	0
867.15	0	.5054806	.2199226	.2745969	0
866.15	0	.5051784	.2200786	.274743	0
865.15	0	.5048766	.2202356	.2748879	0
864.15	0	.504575	.2203937	.2750314	0
863.15	0	.5042736	.2205529	.2751736	0
862.15	0	.5039723	.2207133	.2753144	0
861.15	0	.5036712	.220875	.2754538	0
860.15	0	.5033701	.221038	.2755919	0
859.15	0	.5030691	.2212023	.2757286	0
858.15	0	.502768	.2213682	.2758638	0
857.15	0	.5024669	.2215355	.2759976	0
856.15	0	.5021656	.2217044	.27613	0
855.15	0	.5018641	.221875	.2762609	0
854.15	0	.5015624	.2220473	.2763903	0
853.15	0	.5012604	.2222215	.2765182	0
852.15	0	.500958	.2223975	.2766446	0
851.15	0	.5006552	.2225754	.2767694	0
850.15	0	.5003519	.2227554	.2768927	0
849.15	0	.5000481	.2229375	.2770144	0
848.15	0	.4997437	.2231219	.2771344	0
847.15	0	.4994386	.2233085	.2772529	0
846.15	0	.4991328	.2234975	.2773697	0
845.15	0	.4988262	.223689	.2774848	0
844.15	0	.4985187	.2238831	.2775982	0
843.15	0	.4982103	.2240798	.2777099	0
842.15	0	.4979008	.2242793	.2778198	0
841.15	0	.4975903	.2244817	.277928	0
840.15	0	.4972785	.2246871	.2780343	0
839.15	0	.4969655	.2248956	.2781389	0
838.15	0	.4966512	.2251074	.2782415	0
837.15	0	.4963353	.2253224	.2783422	0
836.15	0	.496018	.225541	.278441	0
835.15	0	.495699	.2257631	.2785379	0
834.15	0	.4953783	.225989	.2786327	0
833.15	0	.4950557	.2262188	.2787255	0
832.15	0	.4947312	.2264525	.2788162	0
831.15	0	.4944047	.2266905	.2789048	0
830.15	0	.4940759	.2269328	.2789913	0
829.15	0	.4937449	.2271796	.2790755	0
828.15	0	.4934115	.227431	.2791575	0
827.15	0	.4930755	.2276873	.2792372	0
826.15	0	.4927368	.2279487	.2793145	0
825.15	0	.4923952	.2282153	.2793895	0
824.15	0	.4920507	.2284873	.2794619	0
823.15	0	.4917031	.228765	.2795319	0
822.15	0	.4913521	.2290487	.2795993	0
821.15	0	.4909976	.2293384	.279664	0
820.15	0	.4906395	.2296345	.279726	0
819.15	0	.4902774	.2299373	.2797853	0
818.15	0	.4899113	.230247	.2798417	0
817.15	0	.4895409	.230564	.2798951	0
816.15	0	.489166	.2308885	.2799455	0
815.15	0	.4887863	.2312209	.2799928	0
814.15	0	.4884015	.2315616	.2800369	0
813.15	0	.4880115	.2319109	.2800776	0
812.15	0	.4876158	.2322693	.280115	0
811.15	0	.4872142	.2326371	.2801487	0
810.15	0	.4868063	.2330149	.2801788	0
809.15	0	.4863917	.2334032	.2802051	0
808.15	0	.4859701	.2338024	.2802274	0
807.15	0	.4855411	.2342133	.2802456	0
806.15	0	.4851041	.2346363	.2802595	0
805.15	0	.4846587	.2350723	.280269	0
804.15	0	.4842043	.235522	.2802738	0
803.15	0	.4837403	.2359861	.2802736	0
802.15	0	.4832661	.2364656	.2802684	0
801.15	0	.4827809	.2369614	.2802577	0
800.15	0	.4822839	.2374747	.2802413	0
799.15	0	.4817744	.2380067	.280219	0
798.15	0	.4812512	.2385586	.2801902	0
797.15	0	.4807132	.2391321	.2801547	0
796.15	0	.4801594	.2397287	.2801119	0
795.15	0	.4795882	.2403504	.2800615	0
794.15	0	.478998	.2409993	.2800027	0
793.15	0	.4783871	.2416779	.279935	0
792.15	0	.4777533	.2423891	.2798576	0
791.15	0	.4770942	.2431363	.2797696	0
790.15	0	.476266	.2441086	.2796254	0
789.15	0	.4747473	.2459875	.2792652	0
788.15	0	.4733884	.247664	.2789477	0
787.15	0	.4721584	.2491775	.2786641	0
786.15	0	.4710354	.2505564	.2784082	0
785.15	0	.4700028	.2518219	.2781754	0
784.15	0	.4690478	.2529902	.2779621	0
783.15	0	.4681603	.2540743	.2777655	0
782.15	0	.4673321	.2550844	.2775835	0
781.15	0	.4665567	.2560291	.2774142	0
780.15	0	.4658283	.2569155	.2772562	0
779.15	0	.4651424	.2577494	.2771082	0
778.15	0	.4644949	.258536	.2769691	0
777.15	0	.4638823	.2592796	.2768381	0
776.15	0	.4633016	.259984	.2767144	0
775.15	0	.4627503	.2606524	.2765974	0
774.15	0	.4622259	.2612877	.2764863	0
773.15	0	.4617266	.2618926	.2763808	0
772.15	0	.4612504	.2624693	.2762803	0
771.15	0	.4607956	.2630198	.2761845	0
770.15	0	.4603609	.263546	.2760931	0
769.15	0	.459945	.2640495	.2760055	0
768.15	0	.4595465	.2645318	.2759217	0
767.15	0	.4591644	.2649942	.2758414	0
766.15	0	.4587978	.2654381	.2757642	0
765.15	0	.4584456	.2658645	.2756899	0
764.15	0	.4581071	.2662744	.2756185	0
763.15	0	.4577815	.2666689	.2755497	0
762.15	0	.4574681	.2670487	.2754833	0
761.15	0	.4571661	.2674147	.2754192	0
760.15	0	.4568751	.2677677	.2753572	0
759.15	0	.4565944	.2681084	.2752972	0
758.15	0	.4563235	.2684373	.2752392	0
757.15	0	.4560619	.2687552	.2751829	0
756.15	0	.4558092	.2690625	.2751283	0
755.15	0	.4555649	.2693598	.2750753	0
754.15	0	.4553287	.2696475	.2750238	0
753.15	0	.4551	.2699262	.2749738	0
752.15	0	.4548787	.2701963	.2749251	0
751.15	0	.4546643	.2704581	.2748776	0
750.15	0	.4544566	.270712	.2748314	0
749.15	0	.4542552	.2709585	.2747863	0
748.15	0	.4540599	.2711978	.2747423	0
747.15	0	.4538704	.2714303	.2746993	0
746.15	0	.4536865	.2716562	.2746573	0
745.15	0	.4535079	.2718758	.2746162	0
744.15	0	.4533344	.2720895	.274576	0
743.15	0	.4531658	.2722975	.2745367	0
742.15	0	.4530019	.2724999	.2744981	0
741.15	0	.4528426	.2726971	.2744603	0
740.15	0	.4526875	.2728893	.2744233	0
739.15	0	.4525366	.2730766	.2743869	0
738.15	0	.4523896	.2732592	.2743512	0
737.15	0	.4522466	.2734374	.2743161	0
736.15	0	.4521072	.2736113	.2742815	0
735.15	0	.4519713	.2737811	.2742476	0
734.15	0	.4518389	.2739469	.2742142	0
733.15	0	.4517097	.274109	.2741813	0
732.15	0	.4515837	.2742674	.2741489	0
731.15	0	.4514608	.2744222	.274117	0
730.15	0	.4513407	.2745737	.2740855	0
729.15	0	.4512236	.274722	.2740545	0
728.15	0	.4511091	.2748671	.2740239	0
727.15	0	.4509973	.2750092	.2739936	0
726.15	0	.4508879	.2751483	.2739637	0
725.15	0	.4507811	.2752847	.2739342	0
724.15	0	.4506766	.2754184	.273905	0
723.15	0	.4505744	.2755495	.2738761	0
722.15	0	.4504743	.2756781	.2738475	0
721.15	0	.4503764	.2758043	.2738193	0
720.15	0	.4502806	.2759282	.2737913	0
719.15	0	.4501867	.2760498	.2737636	0
718.15	0	.4500947	.2761692	.2737361	0
717.15	0	.4500046	.2762866	.2737088	0
716.15	0	.4499163	.2764019	.2736818	0
715.15	0	.4498297	.2765153	.2736551	0
714.15	0	.4497447	.2766268	.2736285	0
713.15	0	.4496614	.2767365	.2736021	0
712.15	0	.4495796	.2768445	.2735759	0
711.15	0	.4494993	.2769507	.2735499	0
710.15	0	.4494205	.2770554	.2735241	0
709.15	0	.4493432	.2771584	.2734984	0
708.15	0	.4492672	.27726	.2734729	0
707.15	0	.4491925	.27736	.2734475	0
706.15	0	.4491191	.2774586	.2734223	0
705.15	0	.4490469	.2775559	.2733972	0
704.15	0	.4489759	.2776518	.2733722	0
703.15	0	.4489061	.2777465	.2733474	0
702.15	0	.4488374	.2778399	.2733227	0
701.15	0	.4487698	.2779321	.273298	0
700.15	0	.4487033	.2780232	.2732735	0
699.15	0	.4486378	.2781131	.2732491	0
698.15	0	.4485733	.278202	.2732247	0
697.15	0	.4485098	.2782898	.2732005	0
696.15	0	.4484472	.2783766	.2731763	0
695.15	0	.4483854	.2784624	.2731522	0
694.15	0	.4483246	.2785472	.2731282	0
693.15	0	.4482646	.2786312	.2731042	0
692.15	0	.4482055	.2787142	.2730803	0
691.15	0	.4481471	.2787964	.2730565	0
690.15	0	.4480895	.2788778	.2730327	0
689.15	0	.4480327	.2789583	.2730089	0
688.15	0	.4479766	.2790381	.2729853	0
687.15	0	.4479212	.2791172	.2729616	0
686.15	0	.4478665	.2791955	.272938	0
685.15	0	.4478125	.2792731	.2729144	0
684.15	0	.4477591	.27935	.2728909	0
683.15	0	.4477064	.2794263	.2728674	0
682.15	0	.4476542	.2795019	.2728439	0
681.15	0	.4476026	.2795769	.2728204	0
680.15	0	.4475517	.2796513	.272797	0
679.15	0	.4475012	.2797251	.2727736	0
678.15	0	.4474513	.2797984	.2727502	0
677.15	0	.447402	.2798712	.2727268	0
676.15	0	.4473532	.2799434	.2727035	0
675.15	0	.4473048	.2800151	.2726801	0
674.15	0	.4472569	.2800863	.2726568	0
673.15	0	.4472095	.280157	.2726334	0
672.15	0	.4471626	.2802273	.2726101	0
671.15	0	.4471161	.2802971	.2725868	0
670.15	0	.44707	.2803666	.2725634	0
669.15	0	.4470243	.2804355	.2725401	0
668.15	0	.4469791	.2805041	.2725168	0
667.15	0	.4469342	.2805723	.2724934	0
666.15	0	.4468897	.2806402	.2724701	0
665.15	0	.4468456	.2807076	.2724468	0
664.15	0	.4468019	.2807747	.2724234	0
663.15	0	.4467585	.2808415	.2724	0
662.15	0	.4467154	.2809079	.2723766	0
661.15	0	.4466727	.280974	.2723533	0
660.15	0	.4466303	.2810398	.2723299	0
659.15	0	.4465882	.2811053	.2723064	0
658.15	0	.4465464	.2811706	.272283	0
657.15	0	.446505	.2812355	.2722596	0
656.15	0	.4464638	.2813002	.2722361	0
655.15	0	.4464228	.2813645	.2722126	0
654.15	0	.4463822	.2814287	.2721891	0
653.15	0	.4463418	.2814926	.2721656	0
652.15	0	.4463017	.2815563	.272142	0
651.15	0	.4462618	.2816197	.2721185	0
650.15	0	.4462222	.2816829	.2720949	0
649.15	0	.4461828	.2817459	.2720713	0
648.15	0	.4461436	.2818087	.2720477	0
647.15	0	.4461047	.2818713	.272024	0
646.15	0	.446066	.2819337	.2720003	0
645.15	0	.4460274	.2819959	.2719766	0
644.15	0	.4459891	.282058	.2719529	0
643.15	0	.445951	.2821198	.2719291	0
642.15	0	.4459131	.2821815	.2719054	0
641.15	0	.4458754	.282243	.2718815	0
640.15	0	.4458379	.2823044	.2718577	0
639.15	0	.4458005	.2823656	.2718338	0
638.15	0	.4457634	.2824267	.27181	0
637.15	0	.4457264	.2824876	.271786	0
636.15	0	.4456895	.2825484	.2717621	0
635.15	0	.4456529	.282609	.2717381	0
634.15	0	.4456163	.2826695	.2717141	0
633.15	0	.44558	.2827299	.2716901	0
632.15	0	.4455438	.2827902	.271666	0
631.15	0	.4455077	.2828504	.2716419	0
630.15	0	.4454718	.2829104	.2716178	0
629.15	0	.445436	.2829703	.2715936	0
628.15	0	.4454004	.2830302	.2715695	0
627.15	0	.4453648	.2830899	.2715452	0
626.15	0	.4453295	.2831496	.271521	0
625.15	0	.4452942	.2832091	.2714967	0
624.15	0	.4452591	.2832685	.2714724	0
623.15	0	.445224	.2833279	.2714481	0
622.15	0	.4451891	.2833872	.2714237	0
621.15	0	.4451543	.2834464	.2713993	0
620.15	0	.4451196	.2835055	.2713749	0
619.15	0	.4450851	.2835645	.2713504	0
618.15	0	.4450506	.2836235	.271326	0
617.15	0	.4450162	.2836823	.2713014	0
616.15	0	.444982	.2837412	.2712769	0
615.15	0	.4449478	.2837999	.2712523	0
614.15	0	.4449137	.2838586	.2712277	0
613.15	0	.4448797	.2839172	.2712031	0
612.15	0	.4448458	.2839758	.2711784	0
611.15	0	.444812	.2840343	.2711537	0
610.15	0	.4447783	.2840927	.271129	0
609.15	0	.4447447	.2841511	.2711042	0
608.15	0	.4447111	.2842094	.2710795	0
607.15	0	.4446776	.2842677	.2710547	0
606.15	0	.4446442	.2843259	.2710298	0
605.15	0	.4446109	.2843841	.271005	0
604.15	0	.4445777	.2844423	.2709801	0
603.15	0	.4445445	.2845003	.2709551	0
602.15	0	.4445114	.2845584	.2709302	0
601.15	0	.4444784	.2846164	.2709052	0
600.15	0	.4444454	.2846743	.2708802	0
599.15	0	.4444126	.2847322	.2708552	0
598.15	0	.4443797	.2847901	.2708302	0
597.15	0	.444347	.284848	.2708051	0
596.15	0	.4443143	.2849058	.27078	0
595.15	0	.4442817	.2849635	.2707548	0
594.15	0	.4442491	.2850212	.2707297	0
593.15	0	.4442166	.2850789	.2707045	0
592.15	0	.4441841	.2851366	.2706793	0
591.15	0	.4441517	.2851942	.2706541	0
590.15	0	.4441194	.2852518	.2706288	0
589.15	0	.4440871	.2853094	.2706035	0
588.15	0	.4440549	.2853669	.2705782	0
587.15	0	.4440227	.2854244	.2705529	0
586.15	0	.4439906	.2854818	.2705276	0
585.15	0	.4439585	.2855393	.2705022	0
584.15	0	.4439265	.2855967	.2704768	0
583.15	0	.4438945	.285654	.2704514	0
582.15	0	.4438626	.2857114	.270426	0
581.15	0	.4438307	.2857687	.2704005	0
580.15	0	.4437989	.285826	.2703751	0
579.15	0	.4437672	.2858833	.2703496	0
578.15	0	.4437354	.2859405	.2703241	0
577.15	0	.4437037	.2859977	.2702985	0
576.15	0	.4436721	.2860549	.270273	0
575.15	0	.4436405	.2861121	.2702474	0
574.15	0	.443609	.2861692	.2702219	0
573.15	0	.4435775	.2862263	.2701963	0
572.15	0	.443546	.2862833	.2701707	0
571.15	0	.4435146	.2863404	.270145	0
570.15	0	.4434832	.2863974	.2701194	0
569.15	0	.4434519	.2864544	.2700937	0
568.15	0	.4434206	.2865114	.2700681	0
567.15	0	.4433893	.2865683	.2700424	0
566.15	0	.4433581	.2866252	.2700167	0
565.15	0	.4433269	.2866821	.269991	0
564.15	0	.4432958	.286739	.2699652	0
563.15	0	.4432647	.2867958	.2699395	0
562.15	0	.4432336	.2868526	.2699137	0
561.15	0	.4432026	.2869094	.269888	0
560.15	0	.4431716	.2869662	.2698622	0
559.15	0	.4431407	.2870229	.2698364	0
558.15	0	.4431098	.2870796	.2698106	0
557.15	0	.4430789	.2871363	.2697848	0
556.15	0	.4430481	.2871929	.269759	0
555.15	0	.4430173	.2872495	.2697332	0
554.15	0	.4429865	.2873061	.2697074	0
553.15	0	.4429558	.2873626	.2696815	0
552.15	0	.4429251	.2874192	.2696557	0
551.15	0	.4428945	.2874757	.2696299	0
550.15	0	.4428639	.2875321	.269604	0
549.15	0	.4428333	.2875886	.2695782	0
548.15	0	.4428028	.287645	.2695523	0
547.15	0	.4427722	.2877013	.2695264	0
546.15	0	.4427418	.2877577	.2695006	0
545.15	0	.4427114	.287814	.2694747	0
544.15	0	.442681	.2878702	.2694488	0
543.15	0	.4426506	.2879265	.2694229	0
542.15	0	.4426203	.2879827	.2693971	0
541.15	0	.44259	.2880388	.2693712	0
540.15	0	.4425597	.288095	.2693453	0
539.15	0	.4425295	.2881511	.2693194	0
538.15	0	.4424993	.2882071	.2692935	0
537.15	0	.4424692	.2882632	.2692677	0
536.15	0	.4424391	.2883191	.2692418	0
535.15	0	.442409	.2883751	.2692159	0
534.15	0	.4423789	.288431	.2691901	0
533.15	0	.4423491	.2884868	.2691641	0
532.15	0	.4423191	.2885427	.2691382	0
531.15	0	.4422892	.2885985	.2691123	0
530.15	0	.4422593	.2886542	.2690865	0
529.15	0	.4422295	.2887099	.2690606	0
528.15	0	.4421996	.2887656	.2690348	0
527.15	0	.4421698	.2888212	.269009	0
526.15	0	.4421401	.2888768	.2689831	0
525.15	0	.4421104	.2889323	.2689573	0
524.15	0	.4420807	.2889878	.2689315	0
523.15	0	.4420511	.2890432	.2689057	0
522.15	0	.4420215	.2890986	.2688799	0
521.15	0	.4419919	.289154	.2688541	0
520.15	0	.4419624	.2892093	.2688284	0
519.15	0	.4419329	.2892645	.2688026	0
518.15	0	.4419034	.2893197	.2687769	0
517.15	0	.441874	.2893749	.2687511	0
516.15	0	.4418446	.28943	.2687254	0
515.15	0	.4418153	.289485	.2686997	0
514.15	0	.441786	.28954	.268674	0
513.15	0	.4417567	.289595	.2686483	0
512.15	0	.4417275	.2896498	.2686227	0
511.15	0	.4416983	.2897047	.268597	0
510.15	0	.4416692	.2897595	.2685714	0
509.15	0	.4416401	.2898142	.2685458	0
508.15	0	.441611	.2898689	.2685202	0
507.15	0	.441582	.2899235	.2684946	0
506.15	0	.441553	.289978	.268469	0
505.15	0	.441524	.2900325	.2684435	0
504.15	0	.4414951	.2900869	.268418	0
503.15	0	.4414662	.2901413	.2683925	0
502.15	0	.4414374	.2901956	.268367	0
501.15	0	.4414086	.2902499	.2683415	0
500.15	0	.4413799	.290304	.2683161	0
499.15	0	.4413512	.2903582	.2682907	0
498.15	0	.4413225	.2904122	.2682653	0
497.15	0	.4412939	.2904662	.2682399	0
496.15	0	.4412653	.2905201	.2682146	0
495.15	0	.4412368	.290574	.2681892	0
494.15	0	.4412083	.2906278	.268164	0
493.15	0	.4411798	.2906815	.2681387	0
492.15	0	.4411514	.2907351	.2681134	0
491.15	0	.441123	.2907887	.2680882	0
490.15	0	.4410947	.2908422	.2680631	0
489.15	0	.4410665	.2908957	.2680379	0
488.15	0	.4410382	.290949	.2680128	0
487.15	0	.44101	.2910023	.2679877	0
486.15	0	.4409819	.2910555	.2679626	0
485.15	0	.4409538	.2911087	.2679376	0
484.15	0	.4409257	.2911617	.2679126	0
483.15	0	.4408977	.2912147	.2678876	0
482.15	0	.4408698	.2912676	.2678627	0
481.15	0	.4408418	.2913204	.2678377	0
480.15	0	.440814	.2913732	.2678129	0
479.15	0	.4407862	.2914258	.267788	0
478.15	0	.4407584	.2914784	.2677632	0
477.15	0	.4407306	.2915309	.2677384	0
476.15	0	.440703	.2915833	.2677137	0
475.15	0	.4406753	.2916357	.267689	0
474.15	0	.4406477	.2916879	.2676643	0
473.15	0	.4406202	.2917401	.2676397	0
472.15	0	.4405927	.2917921	.2676151	0
471.15	0	.4405653	.2918441	.2675906	0
470.15	0	.4405379	.291896	.2675661	0
469.15	0	.4405106	.2919479	.2675416	0
468.15	0	.4404833	.2919996	.2675172	0
467.15	0	.440456	.2920512	.2674928	0
466.15	0	.4404288	.2921027	.2674684	0
465.15	0	.4404017	.2921542	.2674441	0
464.15	0	.4403746	.2922055	.2674199	0
463.15	0	.4403476	.2922568	.2673956	0
462.15	0	.4403206	.292308	.2673715	0
461.15	0	.4402937	.292359	.2673473	0
460.15	0	.4402668	.29241	.2673232	0
459.15	0	.4402399	.2924609	.2672992	0
458.15	0	.4402132	.2925116	.2672752	0
457.15	0	.4401865	.2925623	.2672512	0
456.15	0	.4401598	.2926129	.2672273	0
455.15	0	.4401332	.2926633	.2672035	0
454.15	0	.4401066	.2927137	.2671797	0
453.15	0	.4400801	.292764	.2671559	0
452.15	0	.4400537	.2928141	.2671322	0
451.15	0	.4400273	.2928642	.2671085	0
450.15	0	.4400009	.2929142	.2670849	0
449.15	0	.4399747	.292964	.2670614	0
448.15	0	.4399485	.2930137	.2670379	0
447.15	0	.4399223	.2930632	.2670144	0
446.15	0	.4398963	.2931127	.266991	0
445.15	0	.4398703	.293162	.2669677	0
444.15	0	.4398443	.2932112	.2669444	0
443.15	0	.4398185	.2932603	.2669212	0
442.15	0	.4397927	.2933092	.2668981	0
441.15	0	.439767	.293358	.266875	0
440.15	0	.4397414	.2934067	.266852	0
439.15	0	.4397158	.2934551	.266829	0
438.15	0	.4396904	.2935035	.2668061	0
437.15	0	.439665	.2935517	.2667833	0
436.15	0	.4396397	.2935997	.2667606	0
435.15	0	.4396145	.2936476	.2667379	0
434.15	0	.4395894	.2936952	.2667153	0
433.15	0	.4395644	.2937428	.2666928	0
432.15	0	.4395395	.2937901	.2666704	0
431.15	0	.4395147	.2938373	.266648	0
