T	 BPW(LIQUID)	BPW(BCC_A2)	BPW(FCC_A1)	BPW(LAVES_PHASE_C14)	BPW(NI3TI)
1473.15	.6873503	.2515664	0	.06108329	0
1472.15	.6788332	.2573272	0	.06383952	0
1471.15	.6704714	.2629798	0	.06654885	0
1470.15	.6622606	.2685268	0	.06921255	0
1469.15	.654197	.2739711	0	.07183185	0
1468.15	.6462767	.2793153	0	.07440795	0
1467.15	.638496	.284562	0	.076942	0
1466.15	.6308512	.2897137	0	.07943512	0
1465.15	.623339	.2947727	0	.08188837	0
1464.15	.6159559	.2997413	0	.0843028	0
1463.15	.6086987	.3046219	0	.08667941	0
1462.15	.6015643	.3094165	0	.08901916	0
1461.15	.5945496	.3141274	0	.091323	0
1460.15	.5876517	.3187564	0	.09359184	0
1459.15	.5808678	.3233057	0	.09582655	0
1458.15	.574195	.327777	0	.09802798	0
1457.15	.5676307	.3321723	0	.100197	0
1456.15	.5611723	.3364934	0	.1023343	0
1455.15	.5548173	.340742	0	.1044407	0
1454.15	.5485633	.3449197	0	.106517	0
1453.15	.5424079	.3490282	0	.1085639	0
1452.15	.5363488	.3530692	0	.1105821	0
1451.15	.5303837	.357044	0	.1125722	0
1450.15	.5245106	.3609544	0	.114535	0
1449.15	.5187274	.3648015	0	.1164711	0
1448.15	.513032	.368587	0	.118381	0
1447.15	.5074224	.3723122	0	.1202654	0
1446.15	.5018968	.3759783	0	.1221249	0
1445.15	.4964532	.3795868	0	.1239601	0
1444.15	.4910899	.3831387	0	.1257714	0
1443.15	.4858051	.3866354	0	.1275595	0
1442.15	.4805971	.3900781	0	.1293248	0
1441.15	.4754643	.3934679	0	.1310679	0
1440.15	.470405	.3968059	0	.1327892	0
1439.15	.4654176	.4000931	0	.1344892	0
1438.15	.4605008	.4033308	0	.1361684	0
1437.15	.4556528	.4065199	0	.1378273	0
1436.15	.4508725	.4096613	0	.1394662	0
1435.15	.4461582	.4127562	0	.1410856	0
1434.15	.4415087	.4158053	0	.142686	0
1433.15	.4369226	.4188098	0	.1442676	0
1432.15	.4323987	.4217704	0	.1458309	0
1431.15	.4279356	.424688	0	.1473764	0
1430.15	.4235322	.4275636	0	.1489042	0
1429.15	.4191872	.4303979	0	.1504149	0
1428.15	.4148995	.4331917	0	.1519088	0
1427.15	.410668	.4359459	0	.1533861	0
1426.15	.4064915	.4386612	0	.1548474	0
1425.15	.402369	.4413383	0	.1562927	0
1424.15	.3982993	.4439781	0	.1577226	0
1423.15	.3942816	.4465812	0	.1591372	0
1422.15	.3903148	.4491483	0	.160537	0
1421.15	.3863979	.45168	0	.1619221	0
1420.15	.3825299	.4541772	0	.1632929	0
1419.15	.37871	.4566404	0	.1646496	0
1418.15	.3749373	.4590702	0	.1659926	0
1417.15	.3712108	.4614672	0	.167322	0
1416.15	.3675297	.4638322	0	.1686382	0
1415.15	.3638931	.4661656	0	.1699413	0
1414.15	.3603003	.468468	0	.1712317	0
1413.15	.3567504	.47074	0	.1725096	0
1412.15	.3532427	.4729822	0	.1737752	0
1411.15	.3497763	.475195	0	.1750287	0
1410.15	.3463506	.477379	0	.1762704	0
1409.15	.3429648	.4795348	0	.1775004	0
1408.15	.3396182	.4816628	0	.178719	0
1407.15	.3363101	.4837634	0	.1799265	0
1406.15	.3330398	.4858373	0	.1811229	0
1405.15	.3298067	.4878848	0	.1823085	0
1404.15	.3266101	.4899064	0	.1834835	0
1403.15	.3234494	.4919025	0	.1846481	0
1402.15	.3203239	.4938737	0	.1858025	0
1401.15	.3172331	.4958202	0	.1869467	0
1400.15	.3141763	.4977426	0	.1880811	0
1399.15	.311153	.4996412	0	.1892058	0
1398.15	.3081626	.5015165	0	.1903209	0
1397.15	.3052045	.5033688	0	.1914267	0
1396.15	.3022783	.5051985	0	.1925232	0
1395.15	.2993833	.507006	0	.1936107	0
1394.15	.2965191	.5087916	0	.1946893	0
1393.15	.2936851	.5105558	0	.1957591	0
1392.15	.2908809	.5122989	0	.1968202	0
1391.15	.2881059	.5140211	0	.1978729	0
1390.15	.2853598	.5157229	0	.1989173	0
1389.15	.2826419	.5174046	0	.1999535	0
1388.15	.2799519	.5190665	0	.2009816	0
1387.15	.2772893	.5207089	0	.2020018	0
1386.15	.2746536	.5223321	0	.2030142	0
1385.15	.2720445	.5239365	0	.204019	0
1384.15	.2694616	.5255223	0	.2050162	0
1383.15	.2669043	.5270898	0	.2060059	0
1382.15	.2643723	.5286393	0	.2069884	0
1381.15	.2618652	.5301712	0	.2079636	0
1380.15	.2593826	.5316856	0	.2089318	0
1379.15	.2569242	.5331828	0	.209893	0
1378.15	.2544896	.5346631	0	.2108474	0
1377.15	.2520783	.5361268	0	.2117949	0
1376.15	.24969	.5375741	0	.2127359	0
1375.15	.2473245	.5390052	0	.2136703	0
1374.15	.2449813	.5404205	0	.2145982	0
1373.15	.2426601	.5418201	0	.2155198	0
1372.15	.2403605	.5432043	0	.2164352	0
1371.15	.2380823	.5445733	0	.2173444	0
1370.15	.2358252	.5459273	0	.2182475	0
1369.15	.2335887	.5472666	0	.2191447	0
1368.15	.2313727	.5485914	0	.2200359	0
1367.15	.2291767	.5499019	0	.2209214	0
1366.15	.2270006	.5511982	0	.2218012	0
1365.15	.224844	.5524807	0	.2226753	0
1364.15	.2227066	.5537495	0	.2235439	0
1363.15	.2205882	.5550048	0	.224407	0
1362.15	.2184885	.5562468	0	.2252648	0
1361.15	.2164072	.5574757	0	.2261172	0
1360.15	.214344	.5586916	0	.2269644	0
1359.15	.2122987	.5598949	0	.2278064	0
1358.15	.2102711	.5610856	0	.2286434	0
1357.15	.2082608	.5622639	0	.2294753	0
1356.15	.2062677	.56343	0	.2303023	0
1355.15	.2042915	.5645841	0	.2311244	0
1354.15	.202332	.5657263	0	.2319417	0
1353.15	.2003888	.5668569	0	.2327543	0
1352.15	.1984619	.5679759	0	.2335622	0
1351.15	.196551	.5690835	0	.2343655	0
1350.15	.1946558	.5701799	0	.2351643	0
1349.15	.1927762	.5712653	0	.2359586	0
1348.15	.1909118	.5723398	0	.2367484	0
1347.15	.1890626	.5734035	0	.2375339	0
1346.15	.1872284	.5744566	0	.2383151	0
1345.15	.1854088	.5754992	0	.239092	0
1344.15	.1836037	.5765315	0	.2398648	0
1343.15	.181813	.5775537	0	.2406334	0
1342.15	.1800363	.5785657	0	.2413979	0
1341.15	.1782737	.5795679	0	.2421584	0
1340.15	.1765247	.5805603	0	.242915	0
1339.15	.1747894	.581543	0	.2436676	0
1338.15	.1730674	.5825163	0	.2444164	0
1337.15	.1713586	.5834801	0	.2451613	0
1336.15	.1696629	.5844347	0	.2459025	0
1335.15	.16798	.5853801	0	.2466399	0
1334.15	.1663099	.5863165	0	.2473737	0
1333.15	.1646522	.5872439	0	.2481038	0
1332.15	.163007	.5881626	0	.2488304	0
1331.15	.1613739	.5890726	0	.2495534	0
1330.15	.159753	.5899741	0	.250273	0
1329.15	.1581439	.5908671	0	.250989	0
1328.15	.1565466	.5917517	0	.2517017	0
1327.15	.1549608	.5926281	0	.2524111	0
1326.15	.1533865	.5934964	0	.2531171	0
1325.15	.1518236	.5943567	0	.2538198	0
1324.15	.1502718	.595209	0	.2545193	0
1323.15	.148731	.5960535	0	.2552156	0
1322.15	.1472011	.5968903	0	.2559087	0
1321.15	.1456819	.5977194	0	.2565987	0
1320.15	.1441734	.598541	0	.2572856	0
1319.15	.1426753	.5993552	0	.2579695	0
1318.15	.1411876	.600162	0	.2586503	0
1317.15	.1397102	.6009616	0	.2593282	0
1316.15	.1382428	.6017541	0	.2600032	0
1315.15	.1367854	.6025394	0	.2606752	0
1314.15	.1353378	.6033178	0	.2613444	0
1313.15	.1339	.6040893	0	.2620107	0
1312.15	.1324718	.6048539	0	.2626743	0
1311.15	.1310531	.6056119	0	.263335	0
1310.15	.1296438	.6063632	0	.2639931	0
1309.15	.1282437	.6071079	0	.2646484	0
1308.15	.1268528	.6078462	0	.265301	0
1307.15	.125471	.608578	0	.265951	0
1306.15	.1240981	.6093036	0	.2665984	0
1305.15	.122734	.6100228	0	.2672432	0
1304.15	.1213786	.610736	0	.2678854	0
1303.15	.1200319	.611443	0	.2685251	0
1302.15	.1186937	.612144	0	.2691624	0
1301.15	.1173639	.612839	0	.2697971	0
1300.15	.1160424	.6135282	0	.2704294	0
1299.811	.1155934	.6137628	0	.2706439	0
1299.811	.1155934	.6137628	0	.2706439	0
1299.811	.1155934	.6137628	0	.2706439	0
1299.15	.1112109	.6122235	.005155976	.2714097	0
1298.15	.1045857	.6099373	.01291775	.2725593	0
1297.15	.09796861	.6077025	.02063099	.2736979	0
1296.15	.09135916	.6055189	.02829638	.2748256	0
1295.15	.08475704	.6033858	.0359146	.2759426	0
1294.15	.07816193	.6013029	.0434863	.2770489	0
1293.15	.0715735	.5992696	.05101216	.2781448	0
1292.15	.06499144	.5972855	.05849279	.2792303	0
1291.15	.05841543	.5953501	.06592884	.2803056	0
1290.15	.05184516	.5934631	.07332094	.2813708	0
1289.15	.04528035	.5916239	.08066969	.2824261	0
1288.15	.03872071	.5898321	.0879757	.2834715	0
1287.15	.03216593	.5880874	.09523958	.2845071	0
1286.15	.02561575	.5863892	.1024619	.2855331	0
1285.15	.01906989	.5847372	.1096432	.2865497	0
1284.15	.01252809	.583131	.1167842	.2875568	0
1283.15	.005990088	.58157	.1238852	.2885546	0
1282.233	0	.5801787	.1303601	.2894613	0
1282.233	0	.5801787	.1303601	.2894613	0
1282.15	0	.5800841	.1304215	.2894944	0
1281.15	0	.5789509	.1311577	.2898914	0
1280.15	0	.577821	.1318917	.2902873	0
1279.15	0	.5766945	.1326233	.2906822	0
1278.15	0	.5755713	.1333527	.291076	0
1277.15	0	.5744515	.1340798	.2914687	0
1276.15	0	.573335	.1348046	.2918604	0
1275.15	0	.5722218	.1355272	.292251	0
1274.15	0	.5711119	.1362475	.2926406	0
1273.15	0	.5700054	.1369655	.2930291	0
1272.15	0	.5689021	.1376813	.2934166	0
1271.15	0	.5678021	.1383949	.293803	0
1270.15	0	.5667054	.1391062	.2941884	0
1269.15	0	.565612	.1398152	.2945728	0
1268.15	0	.5645218	.140522	.2949562	0
1267.15	0	.5634349	.1412266	.2953385	0
1266.15	0	.5623513	.1419289	.2957198	0
1265.15	0	.5612708	.142629	.2961001	0
1264.15	0	.5601936	.1433269	.2964794	0
1263.15	0	.5591197	.1440226	.2968577	0
1262.15	0	.5580489	.1447161	.297235	0
1261.15	0	.5569814	.1454073	.2976113	0
1260.15	0	.555917	.1460964	.2979866	0
1259.15	0	.5548558	.1467832	.2983609	0
1258.15	0	.5537979	.1474679	.2987343	0
1257.15	0	.5527431	.1481503	.2991066	0
1256.15	0	.5516915	.1488306	.299478	0
1255.15	0	.550643	.1495086	.2998484	0
1254.15	0	.5495977	.1501845	.3002178	0
1253.15	0	.5485555	.1508582	.3005863	0
1252.15	0	.5475165	.1515297	.3009538	0
1251.15	0	.5464806	.152199	.3013204	0
1250.15	0	.5454478	.1528662	.301686	0
1249.15	0	.5444182	.1535312	.3020506	0
1248.15	0	.5433917	.154194	.3024143	0
1247.15	0	.5423682	.1548547	.302777	0
1246.15	0	.5413479	.1555132	.3031389	0
1245.15	0	.5403307	.1561696	.3034998	0
1244.15	0	.5393165	.1568238	.3038597	0
1243.15	0	.5383055	.1574758	.3042187	0
1242.15	0	.5372975	.1581257	.3045768	0
1241.15	0	.5362925	.1587735	.304934	0
1240.15	0	.5352906	.1594191	.3052902	0
1239.15	0	.5342918	.1600626	.3056456	0
1238.15	0	.533296	.160704	.306	0
1237.15	0	.5323033	.1613432	.3063535	0
1236.15	0	.5313136	.1619803	.3067061	0
1235.15	0	.5303269	.1626152	.3070579	0
1234.15	0	.5293432	.1632481	.3074087	0
1233.15	0	.5283626	.1638788	.3077586	0
1232.15	0	.5273849	.1645074	.3081076	0
1231.15	0	.5264103	.1651339	.3084558	0
1230.15	0	.5254387	.1657583	.3088031	0
1229.15	0	.52447	.1663806	.3091494	0
1228.15	0	.5235043	.1670007	.3094949	0
1227.15	0	.5225416	.1676188	.3098396	0
1226.15	0	.5215819	.1682348	.3101834	0
1225.15	0	.5206251	.1688486	.3105263	0
1224.15	0	.5196713	.1694604	.3108683	0
1223.15	0	.5187205	.1700701	.3112095	0
1222.15	0	.5177726	.1706777	.3115498	0
1221.15	0	.5168276	.1712831	.3118892	0
1220.15	0	.5158856	.1718866	.3122279	0
1219.15	0	.5149465	.1724879	.3125656	0
1218.15	0	.5140104	.1730871	.3129025	0
1217.15	0	.5130771	.1736843	.3132386	0
1216.15	0	.5121468	.1742794	.3135739	0
1215.15	0	.5112194	.1748724	.3139082	0
1214.15	0	.5102949	.1754633	.3142418	0
1213.15	0	.5093732	.1760522	.3145746	0
1212.15	0	.5084545	.176639	.3149065	0
1211.15	0	.5075387	.1772237	.3152376	0
1210.15	0	.5066257	.1778064	.3155679	0
1209.15	0	.5057157	.178387	.3158973	0
1208.15	0	.5048085	.1789656	.3162259	0
1207.15	0	.5039042	.1795421	.3165538	0
1206.15	0	.5030027	.1801165	.3168808	0
1205.15	0	.5021041	.1806889	.317207	0
1204.15	0	.5012084	.1812592	.3175324	0
1203.15	0	.5003155	.1818275	.317857	0
1202.15	0	.4994254	.1823937	.3181809	0
1201.15	0	.4985382	.1829579	.3185039	0
1200.15	0	.4976538	.1835201	.3188261	0
1199.15	0	.4967723	.1840801	.3191476	0
1198.15	0	.4958936	.1846382	.3194682	0
1197.15	0	.4950177	.1851942	.3197881	0
1196.15	0	.4941446	.1857482	.3201072	0
1195.15	0	.4932743	.1863001	.3204255	0
1194.15	0	.4924069	.1868501	.3207431	0
1193.15	0	.4915422	.1873979	.3210599	0
1192.15	0	.4906804	.1879438	.3213759	0
1191.15	0	.4898213	.1884876	.3216911	0
1190.15	0	.4889651	.1890294	.3220056	0
1189.15	0	.4881116	.1895691	.3223193	0
1188.15	0	.4872609	.1901069	.3226323	0
1187.15	0	.486413	.1906426	.3229445	0
1186.15	0	.4855679	.1911763	.3232559	0
1185.15	0	.4847255	.1917079	.3235666	0
1184.15	0	.4838859	.1922376	.3238766	0
1183.15	0	.483049	.1927652	.3241858	0
1182.15	0	.482215	.1932908	.3244942	0
1181.15	0	.4813837	.1938144	.324802	0
1180.15	0	.4805551	.1943359	.325109	0
1179.15	0	.4797293	.1948555	.3254152	0
1178.15	0	.4789062	.1953731	.3257207	0
1177.15	0	.4780859	.1958886	.3260255	0
1176.15	0	.4772683	.1964021	.3263296	0
1175.15	0	.4764535	.1969136	.3266329	0
1174.15	0	.4756413	.1974231	.3269356	0
1173.15	0	.474832	.1979306	.3272374	0
1172.15	0	.4740253	.1984361	.3275386	0
1171.15	0	.4732213	.1989396	.3278391	0
1170.15	0	.4724201	.1994411	.3281388	0
1169.15	0	.4716216	.1999405	.3284379	0
1168.15	0	.4708258	.200438	.3287362	0
1167.15	0	.4700327	.2009335	.3290339	0
1166.15	0	.4692423	.2014269	.3293308	0
1165.15	0	.4684546	.2019184	.329627	0
1164.15	0	.4676696	.2024079	.3299225	0
1163.15	0	.4668873	.2028953	.3302174	0
1162.15	0	.4661078	.2033808	.3305115	0
1161.15	0	.4653308	.2038642	.3308049	0
1160.15	0	.4645566	.2043457	.3310977	0
1159.15	0	.4637851	.2048252	.3313898	0
1158.15	0	.4630162	.2053026	.3316811	0
1157.15	0	.4622501	.2057781	.3319718	0
1156.15	0	.4614866	.2062516	.3322618	0
1155.15	0	.4607258	.2067231	.3325512	0
1154.15	0	.4599676	.2071926	.3328399	0
1153.15	0	.4592121	.2076601	.3331278	0
1152.15	0	.4584593	.2081256	.3334151	0
1151.15	0	.4577091	.2085891	.3337018	0
1150.15	0	.4569617	.2090506	.3339878	0
1149.15	0	.4562168	.2095101	.3342731	0
1148.15	0	.4554747	.2099676	.3345577	0
1147.15	0	.4547351	.2104231	.3348417	0
1146.15	0	.4539983	.2108767	.335125	0
1145.15	0	.4532641	.2113282	.3354077	0
1144.15	0	.4525325	.2117778	.3356897	0
1143.15	0	.4518036	.2122253	.3359711	0
1142.15	0	.4510773	.2126709	.3362518	0
1141.15	0	.4503537	.2131145	.3365319	0
1140.15	0	.4496327	.213556	.3368113	0
1139.15	0	.4489143	.2139956	.33709	0
1138.15	0	.4481986	.2144332	.3373681	0
1137.15	0	.4474855	.2148688	.3376456	0
1136.15	0	.4467751	.2153025	.3379225	0
1135.15	0	.4460673	.2157341	.3381987	0
1134.15	0	.4453621	.2161637	.3384742	0
1133.15	0	.4446595	.2165913	.3387491	0
1132.15	0	.4439596	.217017	.3390235	0
1131.15	0	.4432623	.2174406	.3392971	0
1130.15	0	.4425676	.2178623	.3395702	0
1129.15	0	.4418755	.2182819	.3398426	0
1128.15	0	.4411861	.2186996	.3401144	0
1127.15	0	.4404992	.2191153	.3403855	0
1126.15	0	.439815	.2195289	.340656	0
1125.15	0	.4391334	.2199406	.340926	0
1124.15	0	.4384544	.2203503	.3411953	0
1123.15	0	.4377781	.220758	.341464	0
1122.15	0	.4371043	.2211637	.341732	0
1121.15	0	.4364331	.2215674	.3419995	0
1120.15	0	.4357646	.2219691	.3422663	0
1119.15	0	.4350987	.2223688	.3425326	0
1118.15	0	.4344353	.2227665	.3427982	0
1117.15	0	.4337746	.2231622	.3430632	0
1116.15	0	.4331165	.2235559	.3433276	0
1115.15	0	.432461	.2239476	.3435915	0
1114.15	0	.4318081	.2243373	.3438547	0
1113.15	0	.4311578	.224725	.3441173	0
1112.15	0	.4305101	.2251106	.3443793	0
1111.15	0	.429865	.2254943	.3446407	0
1110.15	0	.4292225	.225876	.3449015	0
1109.15	0	.4285826	.2262557	.3451618	0
1108.15	0	.4279452	.2266333	.3454214	0
1107.15	0	.4273106	.227009	.3456805	0
1106.15	0	.4266784	.2273827	.3459389	0
1105.15	0	.4260489	.2277543	.3461968	0
1104.15	0	.425422	.2281239	.3464541	0
1103.15	0	.4247977	.2284915	.3467108	0
1102.15	0	.424176	.2288572	.3469669	0
1101.15	0	.4235569	.2292208	.3472224	0
1100.15	0	.4229403	.2295823	.3474774	0
1099.15	0	.4223264	.2299419	.3477317	0
1098.15	0	.421715	.2302995	.3479855	0
1097.15	0	.4211063	.230655	.3482387	0
1096.15	0	.4205002	.2310085	.3484914	0
1095.15	0	.4198966	.23136	.3487434	0
1094.15	0	.4192956	.2317094	.3489949	0
1093.15	0	.4186973	.2320569	.3492459	0
1092.15	0	.4181015	.2324023	.3494962	0
1091.15	0	.4175083	.2327457	.349746	0
1090.15	0	.4169177	.2330871	.3499952	0
1089.15	0	.4163297	.2334264	.3502439	0
1088.15	0	.4157443	.2337637	.3504919	0
1087.15	0	.4151616	.234099	.3507395	0
1086.15	0	.4145813	.2344322	.3509864	0
1085.15	0	.4140037	.2347634	.3512328	0
1084.15	0	.4134287	.2350926	.3514786	0
1083.15	0	.4128563	.2354198	.3517239	0
1082.15	0	.4122865	.2357449	.3519686	0
1081.15	0	.4117193	.2360679	.3522128	0
1080.15	0	.4111547	.236389	.3524564	0
1079.15	0	.4105926	.2367079	.3526995	0
1078.15	0	.4100332	.2370248	.3529419	0
1077.15	0	.4094764	.2373397	.3531839	0
1076.15	0	.4089222	.2376526	.3534253	0
1075.15	0	.4083705	.2379634	.3536661	0
1074.15	0	.4078215	.2382721	.3539064	0
1073.15	0	.4072751	.2385788	.3541461	0
1072.15	0	.4067313	.2388834	.3543853	0
1071.15	0	.4061901	.239186	.354624	0
1070.15	0	.4056515	.2394865	.3548621	0
1069.15	0	.4051155	.2397849	.3550996	0
1068.15	0	.4045821	.2400813	.3553366	0
1067.15	0	.4040513	.2403756	.3555731	0
1066.15	0	.4035231	.2406679	.355809	0
1065.15	0	.4029976	.2409581	.3560444	0
1064.15	0	.4024746	.2412462	.3562792	0
1063.15	0	.4019543	.2415322	.3565135	0
1062.15	0	.4014365	.2418162	.3567473	0
1061.15	0	.4009214	.2420981	.3569805	0
1060.15	0	.4004089	.2423779	.3572132	0
1059.15	0	.3998991	.2426557	.3574453	0
1058.15	0	.3993918	.2429313	.3576769	0
1057.15	0	.3988872	.2432049	.357908	0
1056.15	0	.3983851	.2434764	.3581385	0
1055.15	0	.3978857	.2437457	.3583685	0
1054.15	0	.397389	.2440131	.358598	0
1053.15	0	.3968948	.2442783	.3588269	0
1052.15	0	.3964033	.2445414	.3590553	0
1051.15	0	.3959144	.2448024	.3592832	0
1050.15	0	.3954282	.2450614	.3595105	0
1049.15	0	.3949445	.2453182	.3597373	0
1048.15	0	.3944635	.2455729	.3599636	0
1047.15	0	.3939852	.2458255	.3601893	0
1046.15	0	.3935095	.246076	.3604145	0
1045.15	0	.3930364	.2463244	.3606392	0
1044.15	0	.392566	.2465707	.3608633	0
1043.15	0	.3920982	.2468149	.361087	0
1042.15	0	.391633	.2470569	.36131	0
1041.15	0	.3911705	.2472969	.3615326	0
1040.15	0	.3907106	.2475347	.3617547	0
1039.15	0	.3902534	.2477704	.3619762	0
1038.15	0	.3897989	.248004	.3621971	0
1037.15	0	.389347	.2482354	.3624176	0
1036.15	0	.3888977	.2484648	.3626375	0
1035.15	0	.3884511	.2486919	.3628569	0
1034.15	0	.3880072	.248917	.3630758	0
1033.15	0	.3875659	.2491399	.3632941	0
1032.15	0	.3871273	.2493607	.363512	0
1031.15	0	.3866914	.2495793	.3637293	0
1030.15	0	.3862581	.2497958	.363946	0
1029.15	0	.3858275	.2500102	.3641623	0
1028.15	0	.3853996	.2502224	.364378	0
1027.15	0	.3849744	.2504325	.3645932	0
1026.15	0	.3845518	.2506404	.3648078	0
1025.15	0	.3841319	.2508461	.365022	0
1024.15	0	.3837147	.2510497	.3652356	0
1023.15	0	.3833001	.2512512	.3654487	0
1022.15	0	.3828883	.2514505	.3656612	0
1021.15	0	.3824791	.2516476	.3658733	0
1020.15	0	.3820727	.2518425	.3660848	0
1019.15	0	.3816689	.2520353	.3662958	0
1018.15	0	.3812678	.252226	.3665062	0
1017.15	0	.3808694	.2524144	.3667162	0
1016.15	0	.3804738	.2526007	.3669256	0
1015.15	0	.3800808	.2527848	.3671344	0
1014.15	0	.3796905	.2529667	.3673428	0
1013.15	0	.3793029	.2531465	.3675506	0
1012.15	0	.3789181	.2533241	.3677579	0
1011.15	0	.3785359	.2534995	.3679646	0
1010.15	0	.3781565	.2536727	.3681709	0
1009.15	0	.3777798	.2538437	.3683766	0
1008.15	0	.3774057	.2540125	.3685817	0
1007.15	0	.3770345	.2541792	.3687864	0
1006.15	0	.3766659	.2543436	.3689905	0
1005.15	0	.3763001	.2545059	.369194	0
1004.15	0	.375937	.254666	.3693971	0
1003.15	0	.3755766	.2548239	.3695996	0
1002.15	0	.3752189	.2549795	.3698016	0
1001.15	0	.374864	.255133	.370003	0
1000.15	0	.3745118	.2552843	.3702039	0
999.15	0	.3741624	.2554334	.3704042	0
998.15	0	.3738157	.2555803	.3706041	0
997.15	0	.3734717	.2557249	.3708034	0
996.15	0	.3731305	.2558674	.3710021	0
995.15	0	.372792	.2560077	.3712003	0
994.15	0	.3724563	.2561457	.371398	0
993.15	0	.3721234	.2562816	.3715951	0
992.15	0	.3717931	.2564152	.3717917	0
991.15	0	.3714657	.2565466	.3719877	0
990.15	0	.371141	.2566758	.3721832	0
989.15	0	.370819	.2568028	.3723781	0
988.15	0	.3704999	.2569276	.3725725	0
987.15	0	.3701834	.2570502	.3727664	0
986.15	0	.3698698	.2571705	.3729597	0
985.15	0	.3695589	.2572887	.3731524	0
984.15	0	.3692508	.2574046	.3733446	0
983.15	0	.3689454	.2575183	.3735362	0
982.15	0	.3686429	.2576298	.3737273	0
981.15	0	.3683431	.2577391	.3739178	0
980.15	0	.368046	.2578462	.3741078	0
979.15	0	.3677518	.257951	.3742972	0
978.15	0	.3674603	.2580537	.374486	0
977.15	0	.3671716	.2581541	.3746743	0
976.15	0	.3668857	.2582523	.374862	0
975.15	0	.3666025	.2583483	.3750491	0
974.15	0	.3663222	.2584421	.3752357	0
973.15	0	.3660446	.2585337	.3754217	0
972.15	0	.3657698	.2586231	.3756071	0
971.15	0	.3654978	.2587102	.375792	0
970.15	0	.3652286	.2587952	.3759762	0
969.15	0	.3649622	.2588779	.3761599	0
968.15	0	.3646985	.2589585	.376343	0
967.15	0	.3644377	.2590368	.3765255	0
966.15	0	.3641796	.2591129	.3767075	0
965.15	0	.3639243	.2591869	.3768888	0
964.15	0	.3636718	.2592586	.3770696	0
963.15	0	.3634221	.2593281	.3772498	0
962.15	0	.3631752	.2593955	.3774293	0
961.15	0	.3629311	.2594607	.3776083	0
960.15	0	.3626897	.2595236	.3777867	0
959.15	0	.3624511	.2595845	.3779644	0
958.15	0	.3622154	.2596431	.3781416	0
957.15	0	.3619824	.2596995	.3783181	0
956.15	0	.3617522	.2597538	.3784941	0
955.15	0	.3615247	.2598059	.3786694	0
954.15	0	.3613001	.2598559	.3788441	0
953.15	0	.3610782	.2599036	.3790182	0
952.15	0	.3608591	.2599493	.3791916	0
951.15	0	.3606428	.2599927	.3793644	0
950.15	0	.3604293	.2600341	.3795366	0
949.15	0	.3602185	.2600733	.3797082	0
948.15	0	.3600105	.2601104	.3798791	0
947.15	0	.3598053	.2601453	.3800494	0
946.15	0	.3596028	.2601781	.3802191	0
945.15	0	.3594031	.2602089	.3803881	0
944.15	0	.3592061	.2602375	.3805564	0
943.15	0	.3590119	.260264	.3807241	0
942.15	0	.3588205	.2602884	.3808911	0
941.15	0	.3586318	.2603107	.3810575	0
940.15	0	.3584458	.260331	.3812232	0
939.15	0	.3582626	.2603492	.3813882	0
938.15	0	.3580821	.2603653	.3815526	0
937.15	0	.3579043	.2603794	.3817163	0
936.15	0	.3577293	.2603915	.3818792	0
935.15	0	.3575569	.2604015	.3820415	0
934.15	0	.3573873	.2604095	.3822032	0
933.15	0	.3572204	.2604155	.3823641	0
932.15	0	.3570562	.2604195	.3825243	0
931.15	0	.3568947	.2604216	.3826838	0
930.15	0	.3567358	.2604216	.3828426	0
929.15	0	.3565797	.2604197	.3830006	0
928.15	0	.3564262	.2604159	.383158	0
927.15	0	.3562753	.2604101	.3833146	0
926.15	0	.3561271	.2604024	.3834705	0
925.15	0	.3559816	.2603928	.3836257	0
924.15	0	.3558387	.2603813	.3837801	0
923.15	0	.3556984	.2603679	.3839337	0
922.15	0	.3555607	.2603527	.3840866	0
921.15	0	.3554256	.2603356	.3842388	0
920.15	0	.3552932	.2603167	.3843902	0
919.15	0	.3551633	.260296	.3845408	0
918.15	0	.3550359	.2602735	.3846906	0
917.15	0	.3549111	.2602492	.3848396	0
916.15	0	.3547889	.2602232	.3849879	0
915.15	0	.3546692	.2601955	.3851354	0
914.15	0	.354552	.260166	.385282	0
913.15	0	.3544373	.2601349	.3854278	0
912.15	0	.3543251	.260102	.3855728	0
911.15	0	.3542154	.2600676	.385717	0
910.15	0	.3541081	.2600315	.3858604	0
909.15	0	.3540033	.2599938	.3860029	0
908.15	0	.3539009	.2599546	.3861446	0
907.15	0	.3538008	.2599138	.3862854	0
906.15	0	.3537032	.2598715	.3864253	0
905.15	0	.353608	.2598277	.3865644	0
904.15	0	.353515	.2597824	.3867026	0
903.15	0	.3534245	.2597357	.3868399	0
902.15	0	.3533362	.2596875	.3869763	0
901.15	0	.3532502	.259638	.3871118	0
900.15	0	.3531665	.2595872	.3872463	0
899.15	0	.353085	.259535	.38738	0
898.15	0	.3530057	.2594816	.3875127	0
897.15	0	.3529286	.2594269	.3876445	0
896.15	0	.3528537	.259371	.3877753	0
895.15	0	.3527809	.2593139	.3879052	0
894.15	0	.3527103	.2592557	.388034	0
893.15	0	.3526417	.2591964	.3881619	0
892.15	0	.3525752	.259136	.3882888	0
891.15	0	.3525107	.2590746	.3884147	0
890.15	0	.3524482	.2590122	.3885396	0
889.15	0	.3523877	.2589489	.3886634	0
888.15	0	.3523291	.2588847	.3887862	0
887.15	0	.3522724	.2588197	.388908	0
886.15	0	.3522175	.2587538	.3890286	0
885.15	0	.3521646	.2586872	.3891482	0
884.15	0	.3521133	.2586199	.3892667	0
883.15	0	.3520639	.258552	.3893841	0
882.15	0	.3520162	.2584834	.3895004	0
881.15	0	.3519701	.2584143	.3896156	0
880.15	0	.3519257	.2583448	.3897296	0
879.15	0	.3518829	.2582747	.3898424	0
878.15	0	.3518416	.2582044	.3899541	0
877.15	0	.3518018	.2581337	.3900645	0
876.15	0	.3517635	.2580627	.3901738	0
875.15	0	.3517266	.2579916	.3902818	0
874.15	0	.3516911	.2579204	.3903886	0
873.15	0	.3516568	.2578491	.3904941	0
872.15	0	.3516239	.2577778	.3905983	0
871.15	0	.3515921	.2577066	.3907013	0
870.15	0	.3515615	.2576356	.3908029	0
869.15	0	.3515319	.2575648	.3909032	0
868.15	0	.3515035	.2574944	.3910022	0
867.15	0	.3514759	.2574244	.3910997	0
866.15	0	.3514493	.2573549	.3911959	0
865.15	0	.3514235	.2572859	.3912906	0
864.15	0	.3513985	.2572176	.3913839	0
863.15	0	.3513742	.2571501	.3914757	0
862.15	0	.3513505	.2570835	.391566	0
861.15	0	.3513274	.2570178	.3916548	0
860.15	0	.3513047	.2569532	.3917421	0
859.15	0	.3512825	.2568898	.3918278	0
858.15	0	.3512605	.2568276	.3919119	0
857.15	0	.3512388	.2567669	.3919943	0
856.15	0	.3512172	.2567077	.3920751	0
855.15	0	.3511957	.2566501	.3921542	0
854.15	0	.3511741	.2565944	.3922315	0
853.15	0	.3511523	.2565405	.3923071	0
852.15	0	.3511303	.2564888	.3923809	0
851.15	0	.3511079	.2564392	.3924529	0
850.15	0	.3510851	.256392	.3925229	0
849.15	0	.3510616	.2563473	.3925911	0
848.15	0	.3510374	.2563053	.3926573	0
847.15	0	.3510124	.2562662	.3927214	0
846.15	0	.3509863	.2562301	.3927835	0
845.15	0	.3509591	.2561973	.3928435	0
844.15	0	.3509307	.256168	.3929013	0
843.15	0	.3509008	.2561423	.3929569	0
842.15	0	.3508693	.2561205	.3930103	0
841.15	0	.350836	.2561028	.3930612	0
840.15	0	.3508007	.2560895	.3931098	0
839.15	0	.3507633	.2560809	.3931558	0
838.15	0	.3507235	.2560772	.3931993	0
837.15	0	.3506811	.2560787	.3932402	0
836.15	0	.3506359	.2560857	.3932783	0
835.15	0	.3505877	.2560987	.3933136	0
834.15	0	.3505361	.2561179	.393346	0
833.15	0	.3504809	.2561438	.3933754	0
832.15	0	.3504217	.2561767	.3934016	0
831.15	0	.3503583	.2562171	.3934246	0
830.15	0	.3502903	.2562656	.3934441	0
829.15	0	.3502173	.2563225	.3934601	0
828.15	0	.3501389	.2563886	.3934724	0
827.15	0	.3500547	.2564644	.3934809	0
826.15	0	.3499641	.2565506	.3934853	0
825.15	0	.3498666	.256648	.3934854	0
824.15	0	.3497616	.2567573	.3934811	0
823.15	0	.3496485	.2568796	.393472	0
822.15	0	.3495264	.2570157	.3934579	0
821.15	0	.3493947	.2571669	.3934385	0
820.15	0	.3492523	.2573344	.3934134	0
819.15	0	.3490982	.2575196	.3933822	0
818.15	0	.3489027	.257762	.3933353	0
817.15	0	.3482975	.2585501	.3931524	0
816.15	0	.3477701	.2592401	.3929898	0
815.15	0	.3473079	.2598484	.3928438	0
814.15	0	.346901	.2603876	.3927114	0
813.15	0	.3465419	.2608674	.3925907	0
812.15	0	.3462246	.2612956	.3924798	0
811.15	0	.345944	.2616785	.3923775	0
810.15	0	.3456961	.2620213	.3922826	0
809.15	0	.3454775	.2623283	.3921943	0
808.15	0	.345285	.2626032	.3921117	0
807.15	0	.3451163	.2628493	.3920344	0
806.15	0	.3449692	.2630692	.3919616	0
805.15	0	.3448416	.2632654	.391893	0
804.15	0	.3447319	.26344	.3918282	0
803.15	0	.3446385	.2635947	.3917667	0
802.15	0	.3445602	.2637314	.3917084	0
801.15	0	.3444958	.2638514	.3916529	0
800.15	0	.344444	.2639561	.3915999	0
799.15	0	.344404	.2640466	.3915494	0
798.15	0	.3443749	.2641242	.391501	0
797.15	0	.3443558	.2641896	.3914546	0
796.15	0	.344346	.264244	.39141	0
795.15	0	.3443448	.264288	.3913672	0
794.15	0	.3443517	.2643224	.391326	0
793.15	0	.3443659	.2643479	.3912862	0
792.15	0	.3443871	.2643651	.3912478	0
791.15	0	.3444146	.2643747	.3912107	0
790.15	0	.3444481	.2643771	.3911748	0
789.15	0	.3444872	.2643729	.3911399	0
788.15	0	.3445314	.2643625	.3911061	0
787.15	0	.3445804	.2643464	.3910733	0
786.15	0	.3446338	.2643249	.3910413	0
785.15	0	.3446913	.2642985	.3910102	0
784.15	0	.3447527	.2642675	.3909799	0
783.15	0	.3448176	.2642321	.3909503	0
782.15	0	.3448858	.2641928	.3909214	0
781.15	0	.3449571	.2641497	.3908932	0
780.15	0	.3450313	.2641032	.3908655	0
779.15	0	.345108	.2640536	.3908385	0
778.15	0	.3451872	.2640009	.3908119	0
777.15	0	.3452686	.2639455	.3907859	0
776.15	0	.3453521	.2638876	.3907603	0
775.15	0	.3454375	.2638273	.3907352	0
774.15	0	.3455246	.2637649	.3907105	0
773.15	0	.3456133	.2637005	.3906862	0
772.15	0	.3457035	.2636342	.3906623	0
771.15	0	.345795	.2635663	.3906387	0
770.15	0	.3458877	.2634968	.3906155	0
769.15	0	.3459816	.263426	.3905925	0
768.15	0	.3460764	.2633538	.3905698	0
767.15	0	.3461721	.2632805	.3905474	0
766.15	0	.3462685	.2632061	.3905253	0
765.15	0	.3463657	.2631309	.3905034	0
764.15	0	.3464661	.2630527	.3904812	0
763.15	0	.3465643	.262976	.3904597	0
762.15	0	.3466629	.2628986	.3904385	0
761.15	0	.3467619	.2628207	.3904175	0
760.15	0	.3468612	.2627422	.3903966	0
759.15	0	.3469608	.2626633	.3903759	0
758.15	0	.3470606	.2625841	.3903553	0
757.15	0	.3471605	.2625046	.3903349	0
756.15	0	.3472605	.2624249	.3903147	0
755.15	0	.3473606	.262345	.3902945	0
754.15	0	.3474606	.262265	.3902744	0
753.15	0	.3475606	.2621849	.3902545	0
752.15	0	.3476605	.2621049	.3902347	0
751.15	0	.3477602	.2620249	.3902149	0
750.15	0	.3478598	.261945	.3901953	0
749.15	0	.3479591	.2618652	.3901757	0
748.15	0	.3480582	.2617856	.3901562	0
747.15	0	.3481571	.2617062	.3901367	0
746.15	0	.3482556	.2616271	.3901173	0
745.15	0	.3483537	.2615483	.390098	0
744.15	0	.3484515	.2614698	.3900787	0
743.15	0	.3485489	.2613916	.3900595	0
742.15	0	.3486459	.2613138	.3900403	0
741.15	0	.3487424	.2612364	.3900212	0
740.15	0	.3488385	.2611595	.390002	0
739.15	0	.3489341	.2610829	.389983	0
738.15	0	.3490292	.2610069	.3899639	0
737.15	0	.3491238	.2609314	.3899449	0
736.15	0	.3492178	.2608564	.3899258	0
735.15	0	.3493113	.2607819	.3899068	0
734.15	0	.3494042	.2607079	.3898878	0
733.15	0	.3494966	.2606346	.3898688	0
732.15	0	.3495884	.2605618	.3898499	0
731.15	0	.3496795	.2604896	.3898309	0
730.15	0	.3497701	.260418	.3898119	0
729.15	0	.34986	.2603471	.3897929	0
728.15	0	.3499493	.2602768	.3897739	0
727.15	0	.350038	.2602071	.3897549	0
726.15	0	.350126	.2601381	.3897359	0
725.15	0	.3502134	.2600697	.3897169	0
724.15	0	.3503001	.260002	.3896979	0
723.15	0	.3503861	.259935	.3896789	0
722.15	0	.3504715	.2598687	.3896598	0
721.15	0	.3505562	.2598031	.3896408	0
720.15	0	.3506402	.2597381	.3896217	0
719.15	0	.3507235	.2596739	.3896026	0
718.15	0	.3508062	.2596104	.3895835	0
717.15	0	.3508881	.2595476	.3895643	0
716.15	0	.3509694	.2594855	.3895452	0
715.15	0	.3510499	.2594241	.389526	0
714.15	0	.3511298	.2593635	.3895067	0
713.15	0	.3512089	.2593036	.3894875	0
712.15	0	.3512874	.2592444	.3894682	0
711.15	0	.3513651	.259186	.3894489	0
710.15	0	.3514422	.2591283	.3894295	0
709.15	0	.3515185	.2590713	.3894102	0
708.15	0	.3515942	.259015	.3893908	0
707.15	0	.3516691	.2589595	.3893713	0
706.15	0	.3517434	.2589048	.3893519	0
705.15	0	.3518169	.2588507	.3893324	0
704.15	0	.3518898	.2587974	.3893128	0
703.15	0	.3519619	.2587448	.3892932	0
702.15	0	.3520334	.258693	.3892736	0
701.15	0	.3521041	.2586419	.389254	0
700.15	0	.3521742	.2585916	.3892343	0
699.15	0	.3522435	.2585419	.3892146	0
698.15	0	.3523122	.258493	.3891948	0
697.15	0	.3523802	.2584448	.389175	0
696.15	0	.3524475	.2583974	.3891552	0
695.15	0	.3525141	.2583507	.3891353	0
694.15	0	.35258	.2583047	.3891154	0
693.15	0	.3526452	.2582594	.3890954	0
692.15	0	.3527098	.2582148	.3890754	0
691.15	0	.3527737	.258171	.3890554	0
690.15	0	.3528369	.2581278	.3890353	0
689.15	0	.3528995	.2580854	.3890152	0
688.15	0	.3529613	.2580437	.388995	0
687.15	0	.3530226	.2580027	.3889748	0
686.15	0	.3530831	.2579624	.3889545	0
685.15	0	.353143	.2579227	.3889342	0
684.15	0	.3532023	.2578838	.3889139	0
683.15	0	.3532609	.2578456	.3888935	0
682.15	0	.3533189	.257808	.3888731	0
681.15	0	.3533762	.2577712	.3888527	0
680.15	0	.3534329	.257735	.3888322	0
679.15	0	.3534889	.2576995	.3888116	0
678.15	0	.3535443	.2576646	.3887911	0
677.15	0	.3535991	.2576305	.3887704	0
676.15	0	.3536533	.257597	.3887498	0
675.15	0	.3537068	.2575641	.3887291	0
674.15	0	.3537598	.257532	.3887083	0
673.15	0	.3538121	.2575004	.3886875	0
672.15	0	.3538638	.2574695	.3886667	0
671.15	0	.3539149	.2574393	.3886458	0
670.15	0	.3539654	.2574097	.3886249	0
669.15	0	.3540153	.2573808	.3886039	0
668.15	0	.3540646	.2573525	.3885829	0
667.15	0	.3541133	.2573248	.3885619	0
666.15	0	.3541615	.2572977	.3885408	0
665.15	0	.354209	.2572713	.3885197	0
664.15	0	.354256	.2572455	.3884985	0
663.15	0	.3543024	.2572202	.3884773	0
662.15	0	.3543483	.2571956	.3884561	0
661.15	0	.3543936	.2571717	.3884348	0
660.15	0	.3544383	.2571483	.3884135	0
659.15	0	.3544824	.2571255	.3883921	0
658.15	0	.354526	.2571033	.3883707	0
657.15	0	.3545691	.2570816	.3883493	0
656.15	0	.3546116	.2570606	.3883278	0
655.15	0	.3546536	.2570401	.3883063	0
654.15	0	.354695	.2570203	.3882847	0
653.15	0	.3547359	.257001	.3882631	0
652.15	0	.3547763	.2569822	.3882415	0
651.15	0	.3548161	.256964	.3882198	0
650.15	0	.3548555	.2569464	.3881981	0
649.15	0	.3548943	.2569293	.3881764	0
648.15	0	.3549326	.2569128	.3881546	0
647.15	0	.3549703	.2568969	.3881328	0
646.15	0	.3550076	.2568814	.388111	0
645.15	0	.3550444	.2568665	.3880891	0
644.15	0	.3550807	.2568522	.3880672	0
643.15	0	.3551165	.2568383	.3880452	0
642.15	0	.3551518	.256825	.3880232	0
641.15	0	.3551866	.2568123	.3880012	0
640.15	0	.3552209	.2568	.3879791	0
639.15	0	.3552547	.2567882	.387957	0
638.15	0	.3552881	.256777	.3879349	0
637.15	0	.355321	.2567663	.3879127	0
636.15	0	.3553534	.256756	.3878906	0
635.15	0	.3553854	.2567463	.3878683	0
634.15	0	.3554169	.256737	.3878461	0
633.15	0	.355448	.2567283	.3878238	0
632.15	0	.3554786	.25672	.3878015	0
631.15	0	.3555087	.2567122	.3877791	0
630.15	0	.3555384	.2567049	.3877567	0
629.15	0	.3555677	.256698	.3877343	0
628.15	0	.3555965	.2566916	.3877119	0
627.15	0	.3556249	.2566857	.3876894	0
626.15	0	.3556528	.2566803	.3876669	0
625.15	0	.3556803	.2566753	.3876444	0
624.15	0	.3557074	.2566707	.3876219	0
623.15	0	.3557341	.2566666	.3875993	0
622.15	0	.3557604	.256663	.3875767	0
621.15	0	.3557862	.2566598	.387554	0
620.15	0	.3558117	.256657	.3875314	0
619.15	0	.3558367	.2566546	.3875087	0
618.15	0	.3558613	.2566527	.387486	0
617.15	0	.3558855	.2566513	.3874632	0
616.15	0	.3559093	.2566502	.3874405	0
615.15	0	.3559328	.2566496	.3874177	0
614.15	0	.3559558	.2566493	.3873949	0
613.15	0	.3559784	.2566495	.387372	0
612.15	0	.3560007	.2566501	.3873492	0
611.15	0	.3560226	.2566511	.3873263	0
610.15	0	.3560441	.2566525	.3873034	0
609.15	0	.3560652	.2566543	.3872805	0
608.15	0	.3560859	.2566565	.3872575	0
607.15	0	.3561063	.2566591	.3872346	0
606.15	0	.3561263	.2566621	.3872116	0
605.15	0	.356146	.2566654	.3871886	0
604.15	0	.3561653	.2566692	.3871656	0
603.15	0	.3561842	.2566733	.3871425	0
602.15	0	.3562028	.2566778	.3871195	0
601.15	0	.356221	.2566826	.3870964	0
600.15	0	.3562389	.2566878	.3870733	0
599.15	0	.3562564	.2566934	.3870502	0
598.15	0	.3562736	.2566994	.387027	0
597.15	0	.3562905	.2567057	.3870039	0
596.15	0	.356307	.2567123	.3869807	0
595.15	0	.3563231	.2567193	.3869575	0
594.15	0	.356339	.2567267	.3869344	0
593.15	0	.3563545	.2567343	.3869111	0
592.15	0	.3563697	.2567424	.3868879	0
591.15	0	.3563846	.2567507	.3868647	0
590.15	0	.3563991	.2567594	.3868415	0
589.15	0	.3564134	.2567685	.3868182	0
588.15	0	.3564273	.2567778	.3867949	0
587.15	0	.3564409	.2567875	.3867716	0
586.15	0	.3564542	.2567975	.3867483	0
585.15	0	.3564672	.2568078	.386725	0
584.15	0	.3564798	.2568185	.3867017	0
583.15	0	.3564922	.2568294	.3866784	0
582.15	0	.3565043	.2568407	.3866551	0
581.15	0	.3565161	.2568522	.3866317	0
580.15	0	.3565276	.2568641	.3866084	0
579.15	0	.3565388	.2568763	.386585	0
578.15	0	.3565497	.2568887	.3865616	0
577.15	0	.3565603	.2569015	.3865383	0
576.15	0	.3565706	.2569145	.3865149	0
575.15	0	.3565807	.2569278	.3864915	0
574.15	0	.3565905	.2569415	.3864681	0
573.15	0	.3566	.2569554	.3864447	0
572.15	0	.3566092	.2569695	.3864213	0
571.15	0	.3566181	.256984	.3863979	0
570.15	0	.3566268	.2569987	.3863745	0
569.15	0	.3566352	.2570137	.3863511	0
568.15	0	.3566434	.257029	.3863276	0
567.15	0	.3566513	.2570445	.3863042	0
566.15	0	.3566589	.2570603	.3862808	0
565.15	0	.3566663	.2570764	.3862574	0
564.15	0	.3566734	.2570927	.386234	0
563.15	0	.3566802	.2571093	.3862105	0
562.15	0	.3566868	.2571261	.3861871	0
561.15	0	.3566932	.2571431	.3861637	0
560.15	0	.3566993	.2571604	.3861403	0
559.15	0	.3567051	.257178	.3861169	0
558.15	0	.3567108	.2571958	.3860935	0
557.15	0	.3567161	.2572138	.38607	0
556.15	0	.3567213	.2572321	.3860466	0
555.15	0	.3567262	.2572506	.3860232	0
554.15	0	.3567308	.2572694	.3859998	0
553.15	0	.3567353	.2572883	.3859764	0
552.15	0	.3567395	.2573075	.385953	0
551.15	0	.3567434	.2573269	.3859297	0
550.15	0	.3567472	.2573466	.3859063	0
549.15	0	.3567507	.2573664	.3858829	0
548.15	0	.356754	.2573865	.3858595	0
547.15	0	.3567571	.2574068	.3858362	0
546.15	0	.3567599	.2574273	.3858128	0
545.15	0	.3567625	.257448	.3857895	0
544.15	0	.356765	.2574689	.3857662	0
543.15	0	.3567672	.25749	.3857428	0
542.15	0	.3567692	.2575113	.3857195	0
541.15	0	.356771	.2575328	.3856962	0
540.15	0	.3567725	.2575545	.3856729	0
539.15	0	.3567739	.2575765	.3856496	0
538.15	0	.3567751	.2575985	.3856264	0
537.15	0	.356776	.2576208	.3856031	0
536.15	0	.3567768	.2576433	.3855799	0
535.15	0	.3567774	.257666	.3855566	0
534.15	0	.3567778	.2576888	.3855334	0
533.15	0	.3567779	.2577119	.3855102	0
532.15	0	.3567779	.2577351	.385487	0
531.15	0	.3567777	.2577584	.3854639	0
530.15	0	.3567773	.257782	.3854407	0
529.15	0	.3567767	.2578057	.3854176	0
528.15	0	.3567759	.2578296	.3853944	0
527.15	0	.356775	.2578537	.3853713	0
526.15	0	.3567738	.2578779	.3853483	0
525.15	0	.3567725	.2579023	.3853252	0
524.15	0	.356771	.2579269	.3853021	0
523.15	0	.3567693	.2579516	.3852791	0
522.15	0	.3567675	.2579764	.3852561	0
521.15	0	.3567654	.2580015	.3852331	0
520.15	0	.3567632	.2580267	.3852101	0
519.15	0	.3567608	.258052	.3851872	0
518.15	0	.3567583	.2580775	.3851643	0
517.15	0	.3567556	.2581031	.3851414	0
516.15	0	.3567527	.2581289	.3851185	0
515.15	0	.3567496	.2581548	.3850956	0
514.15	0	.3567464	.2581808	.3850728	0
513.15	0	.356743	.258207	.38505	0
512.15	0	.3567395	.2582333	.3850272	0
511.15	0	.3567358	.2582598	.3850044	0
510.15	0	.3567319	.2582864	.3849817	0
509.15	0	.3567279	.2583131	.384959	0
508.15	0	.3567237	.25834	.3849363	0
507.15	0	.3567194	.258367	.3849136	0
506.15	0	.3567149	.2583941	.384891	0
505.15	0	.3567104	.2584213	.3848682	0
504.15	0	.3567057	.2584487	.3848457	0
503.15	0	.3567007	.2584762	.3848231	0
502.15	0	.3566957	.2585038	.3848006	0
501.15	0	.3566904	.2585315	.3847781	0
500.15	0	.3566851	.2585593	.3847556	0
499.15	0	.3566796	.2585872	.3847332	0
498.15	0	.3566739	.2586153	.3847108	0
497.15	0	.3566681	.2586434	.3846884	0
496.15	0	.3566622	.2586717	.3846661	0
495.15	0	.3566561	.2587001	.3846438	0
494.15	0	.3566499	.2587286	.3846215	0
493.15	0	.3566436	.2587571	.3845993	0
492.15	0	.3566371	.2587858	.3845771	0
491.15	0	.3566305	.2588146	.3845549	0
490.15	0	.3566238	.2588435	.3845328	0
489.15	0	.3566169	.2588724	.3845107	0
488.15	0	.3566099	.2589015	.3844886	0
487.15	0	.3566028	.2589306	.3844666	0
486.15	0	.3565955	.2589599	.3844446	0
485.15	0	.3565882	.2589892	.3844226	0
484.15	0	.3565807	.2590186	.3844007	0
483.15	0	.3565731	.2590481	.3843788	0
482.15	0	.3565653	.2590777	.384357	0
481.15	0	.3565575	.2591074	.3843352	0
480.15	0	.3565495	.2591371	.3843134	0
479.15	0	.3565414	.259167	.3842917	0
478.15	0	.3565332	.2591969	.38427	0
477.15	0	.3565248	.2592268	.3842483	0
476.15	0	.3565164	.2592569	.3842267	0
475.15	0	.3565078	.259287	.3842052	0
474.15	0	.3564992	.2593172	.3841836	0
473.15	0	.3564904	.2593475	.3841622	0
472.15	0	.3564815	.2593778	.3841407	0
471.15	0	.3564725	.2594082	.3841193	0
470.15	0	.3564634	.2594387	.384098	0
469.15	0	.3564542	.2594692	.3840767	0
468.15	0	.3564448	.2594998	.3840554	0
467.15	0	.3564354	.2595304	.3840342	0
466.15	0	.3564259	.2595611	.384013	0
465.15	0	.3564162	.2595919	.3839919	0
464.15	0	.3564065	.2596227	.3839708	0
463.15	0	.3563967	.2596536	.3839498	0
462.15	0	.3563867	.2596845	.3839288	0
461.15	0	.3563767	.2597155	.3839078	0
460.15	0	.3563666	.2597465	.3838869	0
459.15	0	.3563563	.2597776	.3838661	0
458.15	0	.356346	.2598087	.3838453	0
457.15	0	.3563356	.2598399	.3838245	0
456.15	0	.3563251	.2598711	.3838038	0
455.15	0	.3563145	.2599023	.3837832	0
454.15	0	.3563038	.2599336	.3837626	0
453.15	0	.356293	.259965	.383742	0
452.15	0	.3562821	.2599963	.3837215	0
451.15	0	.3562711	.2600278	.3837011	0
450.15	0	.3562601	.2600592	.3836807	0
449.15	0	.356249	.2600907	.3836603	0
448.15	0	.3562378	.2601221	.3836401	0
447.15	0	.3562265	.2601537	.3836198	0
446.15	0	.3562151	.2601852	.3835997	0
445.15	0	.3562037	.2602168	.3835796	0
444.15	0	.3561922	.2602483	.3835595	0
443.15	0	.3561806	.2602799	.3835395	0
442.15	0	.356169	.2603115	.3835196	0
441.15	0	.3561573	.2603431	.3834997	0
440.15	0	.3561455	.2603747	.3834799	0
439.15	0	.3561336	.2604063	.3834601	0
438.15	0	.3561217	.2604378	.3834404	0
437.15	0	.3561098	.2604694	.3834208	0
