T	 BPW(LIQUID)	BPW(BCC_A2)	BPW(FCC_A1)	BPW(LAVES_PHASE_C14)	BPW(NI3TI)
1473.15	.7967827	.1600196	0	.04319773	0
1472.15	.7873328	.1664746	0	.04619268	0
1471.15	.7780582	.1728064	0	.04913533	0
1470.15	.7689544	.1790185	0	.05202713	0
1469.15	.7600167	.1851139	0	.05486947	0
1468.15	.7512407	.1910956	0	.05766369	0
1467.15	.7426223	.1969666	0	.06041109	0
1466.15	.7341574	.2027297	0	.06311292	0
1465.15	.7258419	.2083877	0	.0657704	0
1464.15	.7176721	.2139432	0	.0683847	0
1463.15	.7096443	.2193988	0	.07095694	0
1462.15	.7017549	.2247569	0	.07348822	0
1461.15	.6940005	.2300199	0	.07597959	0
1460.15	.6863776	.2351903	0	.07843208	0
1459.15	.6788831	.2402702	0	.08084668	0
1458.15	.6715139	.2452618	0	.08322433	0
1457.15	.6642668	.2501672	0	.08556597	0
1456.15	.657139	.2549885	0	.0878725	0
1455.15	.6501275	.2597277	0	.09014477	0
1454.15	.6432297	.2643867	0	.09238364	0
1453.15	.6364428	.2689673	0	.0945899	0
1452.15	.6297642	.2734715	0	.09676436	0
1451.15	.6231914	.2779008	0	.09890778	0
1450.15	.616722	.2822571	0	.1010209	0
1449.15	.6103536	.286542	0	.1031044	0
1448.15	.6040839	.2907571	0	.1051591	0
1447.15	.5979106	.2949039	0	.1071855	0
1446.15	.5918316	.2989841	0	.1091844	0
1445.15	.5858447	.302999	0	.1111563	0
1444.15	.579948	.3069501	0	.113102	0
1443.15	.5741394	.3108388	0	.1150219	0
1442.15	.5684169	.3146663	0	.1169167	0
1441.15	.5627788	.3184342	0	.118787	0
1440.15	.5572232	.3221436	0	.1206332	0
1439.15	.5517483	.3257957	0	.122456	0
1438.15	.5463524	.3293918	0	.1242558	0
1437.15	.5410338	.3329331	0	.1260331	0
1436.15	.5357908	.3364206	0	.1277885	0
1435.15	.530622	.3398556	0	.1295224	0
1434.15	.5255256	.3432391	0	.1312353	0
1433.15	.5205003	.3465721	0	.1329276	0
1432.15	.5155446	.3498557	0	.1345997	0
1431.15	.510657	.3530909	0	.1362521	0
1430.15	.5058362	.3562786	0	.1378852	0
1429.15	.5010807	.3594198	0	.1394995	0
1428.15	.4963894	.3625155	0	.1410952	0
1427.15	.4917608	.3655665	0	.1426727	0
1426.15	.4871938	.3685737	0	.1442325	0
1425.15	.4826871	.371538	0	.145775	0
1424.15	.4782396	.3744601	0	.1473003	0
1423.15	.47385	.377341	0	.148809	0
1422.15	.4695173	.3801814	0	.1503013	0
1421.15	.4652404	.382982	0	.1517776	0
1420.15	.4610181	.3857437	0	.1532381	0
1419.15	.4568495	.3884672	0	.1546833	0
1418.15	.4527335	.3911532	0	.1561133	0
1417.15	.4486692	.3938024	0	.1575285	0
1416.15	.4446555	.3964154	0	.1589291	0
1415.15	.4406915	.398993	0	.1603155	0
1414.15	.4367762	.4015358	0	.161688	0
1413.15	.4329089	.4040445	0	.1630467	0
1412.15	.4290886	.4065196	0	.1643919	0
1411.15	.4253143	.4089617	0	.1657239	0
1410.15	.4215854	.4113716	0	.167043	0
1409.15	.417901	.4137496	0	.1683494	0
1408.15	.4142602	.4160965	0	.1696433	0
1407.15	.4106624	.4184128	0	.1709249	0
1406.15	.4071066	.4206989	0	.1721945	0
1405.15	.4035922	.4229555	0	.1734523	0
1404.15	.4001185	.4251831	0	.1746984	0
1403.15	.3966847	.4273821	0	.1759332	0
1402.15	.3932902	.429553	0	.1771568	0
1401.15	.3899342	.4316964	0	.1783695	0
1400.15	.3866161	.4338126	0	.1795713	0
1399.15	.3833352	.4359023	0	.1807625	0
1398.15	.3800909	.4379658	0	.1819433	0
1397.15	.3768826	.4400035	0	.1831139	0
1396.15	.3737097	.4420159	0	.1842744	0
1395.15	.3705715	.4440035	0	.185425	0
1394.15	.3674675	.4459666	0	.1865659	0
1393.15	.3643972	.4479056	0	.1876972	0
1392.15	.3613598	.449821	0	.1888192	0
1391.15	.358355	.451713	0	.1899319	0
1390.15	.3553822	.4535822	0	.1910356	0
1389.15	.3524408	.4554289	0	.1921303	0
1388.15	.3495303	.4572534	0	.1932162	0
1387.15	.3466503	.4590561	0	.1942936	0
1386.15	.3438003	.4608374	0	.1953624	0
1385.15	.3409796	.4625975	0	.1964228	0
1384.15	.338188	.4643369	0	.1974751	0
1383.15	.3354249	.4660559	0	.1985193	0
1382.15	.3326899	.4677547	0	.1995555	0
1381.15	.3299824	.4694337	0	.2005839	0
1380.15	.3273022	.4710932	0	.2016045	0
1379.15	.3246488	.4727336	0	.2026177	0
1378.15	.3220217	.474355	0	.2036233	0
1377.15	.3194206	.4759578	0	.2046216	0
1376.15	.316845	.4775424	0	.2056127	0
1375.15	.3142945	.4791088	0	.2065966	0
1374.15	.3117689	.4806576	0	.2075736	0
1373.15	.3092676	.4821888	0	.2085436	0
1372.15	.3067903	.4837028	0	.2095069	0
1371.15	.3043367	.4851998	0	.2104635	0
1370.15	.3019064	.4866802	0	.2114134	0
1369.15	.2994991	.488144	0	.2123569	0
1368.15	.2971143	.4895917	0	.213294	0
1367.15	.2947519	.4910233	0	.2142248	0
1366.15	.2924113	.4924392	0	.2151494	0
1365.15	.2900924	.4938396	0	.2160679	0
1364.15	.2877948	.4952248	0	.2169804	0
1363.15	.2855183	.4965948	0	.2178869	0
1362.15	.2832624	.49795	0	.2187876	0
1361.15	.2810268	.4992906	0	.2196826	0
1360.15	.2788114	.5006168	0	.2205718	0
1359.15	.2766158	.5019287	0	.2214555	0
1358.15	.2744397	.5032267	0	.2223336	0
1357.15	.2722829	.5045108	0	.2232063	0
1356.15	.2701451	.5057813	0	.2240736	0
1355.15	.2680259	.5070384	0	.2249357	0
1354.15	.2659252	.5082823	0	.2257925	0
1353.15	.2638427	.5095131	0	.2266442	0
1352.15	.2617781	.510731	0	.2274908	0
1351.15	.2597312	.5119363	0	.2283325	0
1350.15	.2577018	.5131291	0	.2291692	0
1349.15	.2556895	.5143095	0	.230001	0
1348.15	.2536942	.5154777	0	.2308281	0
1347.15	.2517156	.516634	0	.2316504	0
1346.15	.2497535	.5177784	0	.2324681	0
1345.15	.2478077	.5189112	0	.2332811	0
1344.15	.245878	.5200324	0	.2340896	0
1343.15	.2439641	.5211423	0	.2348936	0
1342.15	.2420658	.5222409	0	.2356933	0
1341.15	.240183	.5233285	0	.2364885	0
1340.15	.2383153	.5244052	0	.2372794	0
1339.15	.2364627	.5254712	0	.2380661	0
1338.15	.2346249	.5265265	0	.2388486	0
1337.15	.2328017	.5275713	0	.239627	0
1336.15	.2309929	.5286058	0	.2404012	0
1335.15	.2291984	.5296301	0	.2411715	0
1334.15	.2274179	.5306443	0	.2419377	0
1333.15	.2256513	.5316486	0	.2427001	0
1332.15	.2238984	.5326431	0	.2434585	0
1331.15	.222159	.5336279	0	.2442131	0
1330.15	.2204329	.5346031	0	.2449639	0
1329.15	.21872	.5355689	0	.245711	0
1328.15	.2170202	.5365254	0	.2464544	0
1327.15	.2153331	.5374727	0	.2471942	0
1326.15	.2136587	.538411	0	.2479303	0
1325.15	.2119968	.5393402	0	.2486629	0
1324.15	.2103473	.5402607	0	.249392	0
1323.15	.20871	.5411724	0	.2501176	0
1322.15	.2070848	.5420754	0	.2508398	0
1321.15	.2054714	.54297	0	.2515586	0
1320.15	.2038698	.5438562	0	.2522741	0
1319.15	.2022798	.544734	0	.2529862	0
1318.15	.2007012	.5456037	0	.2536951	0
1317.15	.199134	.5464652	0	.2544008	0
1316.15	.197578	.5473188	0	.2551032	0
1315.15	.1960329	.5481645	0	.2558026	0
1314.15	.1944989	.5490024	0	.2564988	0
1313.15	.1929756	.5498325	0	.2571919	0
1312.15	.1914629	.5506551	0	.257882	0
1311.15	.1899608	.5514702	0	.2585691	0
1310.15	.188469	.5522778	0	.2592532	0
1309.15	.1869875	.5530781	0	.2599343	0
1308.15	.1855162	.5538712	0	.2606126	0
1307.15	.1840549	.5546571	0	.261288	0
1306.15	.1826035	.5554359	0	.2619606	0
1305.15	.1811619	.5562078	0	.2626303	0
1304.15	.17973	.5569727	0	.2632973	0
1303.15	.1783076	.5577309	0	.2639615	0
1302.15	.1768947	.5584823	0	.264623	0
1301.15	.1754911	.559227	0	.2652819	0
1300.15	.1740968	.5599652	0	.2659381	0
1299.15	.1727087	.5606991	0	.2665922	0
1298.15	.1713325	.5614244	0	.2672431	0
1297.15	.1699652	.5621433	0	.2678915	0
1296.15	.1686067	.5628559	0	.2685373	0
1295.15	.167257	.5635624	0	.2691807	0
1294.15	.1659158	.5642627	0	.2698215	0
1293.15	.1645831	.564957	0	.2704599	0
1292.15	.1632589	.5656453	0	.2710959	0
1291.15	.1619429	.5663276	0	.2717294	0
1290.15	.1606352	.5670042	0	.2723606	0
1289.15	.1593356	.5676749	0	.2729894	0
1288.15	.1580441	.56834	0	.2736159	0
1287.15	.1567605	.5689994	0	.2742401	0
1286.15	.1554848	.5696532	0	.274862	0
1285.15	.1542168	.5703016	0	.2754817	0
1284.15	.1529565	.5709444	0	.2760991	0
1283.15	.1517038	.5715819	0	.2767143	0
1282.15	.1504586	.5722141	0	.2773273	0
1281.15	.1492209	.572841	0	.2779381	0
1280.15	.1479905	.5734627	0	.2785468	0
1279.15	.1467674	.5740792	0	.2791534	0
1278.15	.1455514	.5746907	0	.2797579	0
1277.15	.1443426	.5752972	0	.2803603	0
1276.15	.1431408	.5758986	0	.2809606	0
1275.15	.1419459	.5764952	0	.2815589	0
1274.15	.1407579	.5770869	0	.2821552	0
1273.15	.1395768	.5776737	0	.2827495	0
1272.15	.1384023	.5782559	0	.2833418	0
1271.15	.1372346	.5788333	0	.2839321	0
1270.15	.1360734	.5794061	0	.2845206	0
1269.15	.1349187	.5799743	0	.2851071	0
1268.15	.1337704	.5805379	0	.2856917	0
1267.15	.1326286	.5810971	0	.2862744	0
1266.15	.131493	.5816518	0	.2868552	0
1265.15	.1303637	.5822021	0	.2874342	0
1264.15	.1292405	.5827481	0	.2880114	0
1263.15	.1281235	.5832898	0	.2885868	0
1262.15	.1270125	.5838272	0	.2891603	0
1261.15	.1259075	.5843604	0	.2897321	0
1260.15	.1248083	.5848895	0	.2903021	0
1259.15	.1237151	.5854145	0	.2908704	0
1258.15	.1226276	.5859354	0	.291437	0
1257.15	.1215459	.5864523	0	.2920019	0
1256.15	.1204698	.5869652	0	.292565	0
1255.15	.1193994	.5874741	0	.2931265	0
1254.15	.1183345	.5879792	0	.2936863	0
1253.15	.1172751	.5884805	0	.2942445	0
1252.15	.1162211	.5889779	0	.294801	0
1251.15	.1151725	.5894716	0	.295356	0
1250.15	.1141292	.5899615	0	.2959093	0
1249.15	.1130912	.5904478	0	.296461	0
1248.15	.1120584	.5909304	0	.2970112	0
1247.15	.1110308	.5914094	0	.2975598	0
1246.15	.1100082	.5918849	0	.2981069	0
1245.15	.1089908	.5923568	0	.2986524	0
1244.15	.1079783	.5928253	0	.2991964	0
1243.15	.1069708	.5932903	0	.2997389	0
1242.15	.1059682	.5937519	0	.30028	0
1241.616	.1054346	.5939971	0	.3005683	0
1241.616	.1054346	.5939971	0	.3005683	0
1241.616	.1054346	.5939971	0	.3005683	0
1241.15	.1025418	.5934805	.003035428	.3009422	0
1240.15	.09633098	.5923981	.009531191	.3017398	0
1239.15	.09011824	.5913514	.01599998	.3025304	0
1238.15	.08390352	.5903402	.02244216	.3033141	0
1237.15	.07768673	.5893641	.02885806	.3040911	0
1236.15	.07146778	.5884229	.03524802	.3048613	0
1235.15	.0652466	.5875162	.04161238	.3056249	0
1234.15	.05902311	.5866437	.04795147	.3063817	0
1233.15	.05279722	.5858051	.05426562	.307132	0
1232.15	.04656888	.5850002	.06055514	.3078758	0
1231.15	.04033801	.5842286	.06682036	.3086131	0
1230.15	.03410455	.5834899	.07306159	.3093439	0
1229.15	.02786845	.582784	.07927914	.3100684	0
1228.15	.02162965	.5821105	.08547332	.3107865	0
1227.15	.0153881	.5814692	.09164443	.3114983	0
1226.15	.009143761	.5808596	.09779277	.3122038	0
1225.15	.00289658	.5802816	.1039186	.3129032	0
1224.686	0	.5800243	.1067505	.3132252	0
1224.686	0	.5800243	.1067505	.3132252	0
1224.15	0	.5795206	.1070487	.3134308	0
1223.15	0	.5785838	.1076031	.3138131	0
1222.15	0	.5776499	.1081556	.3141946	0
1221.15	0	.5767188	.1087062	.3145751	0
1220.15	0	.5757904	.1092549	.3149546	0
1219.15	0	.5748649	.1098018	.3153333	0
1218.15	0	.5739422	.1103468	.315711	0
1217.15	0	.5730223	.1108899	.3160878	0
1216.15	0	.5721052	.1114312	.3164636	0
1215.15	0	.5711908	.1119706	.3168386	0
1214.15	0	.5702792	.1125082	.3172126	0
1213.15	0	.5693704	.1130439	.3175858	0
1212.15	0	.5684643	.1135778	.317958	0
1211.15	0	.5675609	.1141098	.3183293	0
1210.15	0	.5666603	.11464	.3186997	0
1209.15	0	.5657625	.1151683	.3190693	0
1208.15	0	.5648673	.1156948	.3194379	0
1207.15	0	.5639749	.1162195	.3198056	0
1206.15	0	.5630852	.1167423	.3201725	0
1205.15	0	.5621981	.1172634	.3205385	0
1204.15	0	.5613138	.1177826	.3209036	0
1203.15	0	.5604322	.1183	.3212678	0
1202.15	0	.5595532	.1188156	.3216311	0
1201.15	0	.558677	.1193294	.3219936	0
1200.15	0	.5578034	.1198414	.3223552	0
1199.15	0	.5569324	.1203516	.3227159	0
1198.15	0	.5560641	.12086	.3230758	0
1197.15	0	.5551985	.1213667	.3234348	0
1196.15	0	.5543355	.1218715	.323793	0
1195.15	0	.5534752	.1223745	.3241503	0
1194.15	0	.5526174	.1228758	.3245068	0
1193.15	0	.5517623	.1233753	.3248624	0
1192.15	0	.5509099	.123873	.3252171	0
1191.15	0	.55006	.1243689	.3255711	0
1190.15	0	.5492127	.1248631	.3259242	0
1189.15	0	.548368	.1253556	.3262764	0
1188.15	0	.547526	.1258462	.3266278	0
1187.15	0	.5466865	.1263351	.3269784	0
1186.15	0	.5458496	.1268223	.3273282	0
1185.15	0	.5450152	.1273077	.3276771	0
1184.15	0	.5441834	.1277913	.3280252	0
1183.15	0	.5433542	.1282732	.3283725	0
1182.15	0	.5425276	.1287534	.328719	0
1181.15	0	.5417034	.1292319	.3290647	0
1180.15	0	.5408819	.1297086	.3294096	0
1179.15	0	.5400628	.1301836	.3297536	0
1178.15	0	.5392463	.1306568	.3300969	0
1177.15	0	.5384324	.1311284	.3304393	0
1176.15	0	.5376209	.1315982	.330781	0
1175.15	0	.5368119	.1320663	.3311218	0
1174.15	0	.5360055	.1325327	.3314619	0
1173.15	0	.5352016	.1329973	.3318011	0
1172.15	0	.5344001	.1334603	.3321396	0
1171.15	0	.5336011	.1339216	.3324773	0
1170.15	0	.5328047	.1343812	.3328142	0
1169.15	0	.5320107	.134839	.3331503	0
1168.15	0	.5312191	.1352952	.3334857	0
1167.15	0	.5304301	.1357497	.3338202	0
1166.15	0	.5296435	.1362025	.334154	0
1165.15	0	.5288593	.1366536	.3344871	0
1164.15	0	.5280776	.1371031	.3348193	0
1163.15	0	.5272984	.1375508	.3351508	0
1162.15	0	.5265215	.1379969	.3354815	0
1161.15	0	.5257472	.1384413	.3358115	0
1160.15	0	.5249752	.1388841	.3361407	0
1159.15	0	.5242056	.1393252	.3364692	0
1158.15	0	.5234385	.1397646	.3367969	0
1157.15	0	.5226738	.1402024	.3371238	0
1156.15	0	.5219115	.1406385	.33745	0
1155.15	0	.5211516	.141073	.3377755	0
1154.15	0	.520394	.1415058	.3381002	0
1153.15	0	.5196389	.1419369	.3384242	0
1152.15	0	.5188862	.1423665	.3387474	0
1151.15	0	.5181358	.1427943	.3390699	0
1150.15	0	.5173878	.1432206	.3393916	0
1149.15	0	.5166422	.1436452	.3397127	0
1148.15	0	.5158989	.1440682	.3400329	0
1147.15	0	.515158	.1444895	.3403525	0
1146.15	0	.5144194	.1449092	.3406713	0
1145.15	0	.5136832	.1453273	.3409895	0
1144.15	0	.5129494	.1457438	.3413068	0
1143.15	0	.5122178	.1461587	.3416235	0
1142.15	0	.5114886	.1465719	.3419395	0
1141.15	0	.5107618	.1469835	.3422547	0
1140.15	0	.5100372	.1473936	.3425692	0
1139.15	0	.509315	.147802	.3428831	0
1138.15	0	.508595	.1482088	.3431962	0
1137.15	0	.5078774	.148614	.3435086	0
1136.15	0	.5071621	.1490177	.3438203	0
1135.15	0	.5064491	.1494197	.3441313	0
1134.15	0	.5057383	.1498201	.3444415	0
1133.15	0	.5050299	.150219	.3447512	0
1132.15	0	.5043237	.1506163	.3450601	0
1131.15	0	.5036198	.1510119	.3453683	0
1130.15	0	.5029182	.151406	.3456758	0
1129.15	0	.5022188	.1517986	.3459826	0
1128.15	0	.5015218	.1521895	.3462887	0
1127.15	0	.5008269	.1525789	.3465942	0
1126.15	0	.5001343	.1529667	.346899	0
1125.15	0	.499444	.153353	.347203	0
1124.15	0	.4987559	.1537377	.3475064	0
1123.15	0	.4980701	.1541208	.3478092	0
1122.15	0	.4973864	.1545024	.3481112	0
1121.15	0	.496705	.1548824	.3484126	0
1120.15	0	.4960259	.1552608	.3487133	0
1119.15	0	.4953489	.1556378	.3490133	0
1118.15	0	.4946742	.1560131	.3493127	0
1117.15	0	.4940017	.156387	.3496114	0
1116.15	0	.4933313	.1567593	.3499094	0
1115.15	0	.4926632	.15713	.3502068	0
1114.15	0	.4919973	.1574992	.3505035	0
1113.15	0	.4913336	.1578669	.3507995	0
1112.15	0	.490672	.1582331	.3510949	0
1111.15	0	.4900127	.1585977	.3513896	0
1110.15	0	.4893555	.1589608	.3516837	0
1109.15	0	.4887005	.1593224	.3519772	0
1108.15	0	.4880476	.1596824	.3522699	0
1107.15	0	.487397	.160041	.3525621	0
1106.15	0	.4867484	.160398	.3528535	0
1105.15	0	.4861021	.1607536	.3531443	0
1104.15	0	.4854579	.1611076	.3534345	0
1103.15	0	.4848158	.1614601	.3537241	0
1102.15	0	.4841759	.1618111	.354013	0
1101.15	0	.4835381	.1621606	.3543012	0
1100.15	0	.4829025	.1625087	.3545889	0
1099.15	0	.482269	.1628552	.3548758	0
1098.15	0	.4816376	.1632002	.3551622	0
1097.15	0	.4810083	.1635438	.3554479	0
1096.15	0	.4803811	.1638858	.355733	0
1095.15	0	.4797561	.1642264	.3560175	0
1094.15	0	.4791332	.1645655	.3563013	0
1093.15	0	.4785123	.1649032	.3565845	0
1092.15	0	.4778936	.1652393	.3568671	0
1091.15	0	.477277	.165574	.357149	0
1090.15	0	.4766624	.1659072	.3574304	0
1089.15	0	.47605	.166239	.3577111	0
1088.15	0	.4754396	.1665693	.3579912	0
1087.15	0	.4748313	.1668981	.3582706	0
1086.15	0	.4742251	.1672255	.3585495	0
1085.15	0	.4736209	.1675514	.3588277	0
1084.15	0	.4730188	.1678759	.3591053	0
1083.15	0	.4724188	.1681989	.3593824	0
1082.15	0	.4718208	.1685204	.3596588	0
1081.15	0	.4712249	.1688406	.3599345	0
1080.15	0	.470631	.1691593	.3602097	0
1079.15	0	.4700392	.1694765	.3604843	0
1078.15	0	.4694494	.1697923	.3607583	0
1077.15	0	.4688617	.1701067	.3610316	0
1076.15	0	.468276	.1704197	.3613044	0
1075.15	0	.4676923	.1707312	.3615765	0
1074.15	0	.4671106	.1710413	.3618481	0
1073.15	0	.466531	.17135	.362119	0
1072.15	0	.4659533	.1716573	.3623894	0
1071.15	0	.4653777	.1719631	.3626592	0
1070.15	0	.4648041	.1722676	.3629283	0
1069.15	0	.4642325	.1725706	.3631969	0
1068.15	0	.4636629	.1728722	.3634649	0
1067.15	0	.4630953	.1731725	.3637322	0
1066.15	0	.4625297	.1734713	.363999	0
1065.15	0	.4619661	.1737687	.3642652	0
1064.15	0	.4614044	.1740648	.3645308	0
1063.15	0	.4608447	.1743594	.3647958	0
1062.15	0	.4602871	.1746527	.3650603	0
1061.15	0	.4597313	.1749446	.3653241	0
1060.15	0	.4591776	.1752351	.3655874	0
1059.15	0	.4586258	.1755242	.36585	0
1058.15	0	.4580759	.1758119	.3661121	0
1057.15	0	.4575281	.1760983	.3663736	0
1056.15	0	.4569821	.1763833	.3666346	0
1055.15	0	.4564381	.1766669	.3668949	0
1054.15	0	.4558961	.1769492	.3671547	0
1053.15	0	.455356	.1772301	.3674139	0
1052.15	0	.4548178	.1775097	.3676725	0
1051.15	0	.4542816	.1777879	.3679305	0
1050.15	0	.4537473	.1780647	.368188	0
1049.15	0	.4532149	.1783403	.3684449	0
1048.15	0	.4526844	.1786144	.3687012	0
1047.15	0	.4521559	.1788872	.3689569	0
1046.15	0	.4516292	.1791587	.3692121	0
1045.15	0	.4511045	.1794289	.3694667	0
1044.15	0	.4505816	.1796977	.3697207	0
1043.15	0	.4500607	.1799652	.3699741	0
1042.15	0	.4495416	.1802314	.370227	0
1041.15	0	.4490245	.1804962	.3704793	0
1040.15	0	.4485092	.1807597	.3707311	0
1039.15	0	.4479958	.181022	.3709823	0
1038.15	0	.4474843	.1812829	.3712329	0
1037.15	0	.4469746	.1815425	.3714829	0
1036.15	0	.4464669	.1818008	.3717324	0
1035.15	0	.4459609	.1820578	.3719813	0
1034.15	0	.4454569	.1823135	.3722297	0
1033.15	0	.4449547	.1825679	.3724774	0
1032.15	0	.4444543	.182821	.3727247	0
1031.15	0	.4439559	.1830728	.3729713	0
1030.15	0	.4434592	.1833234	.3732174	0
1029.15	0	.4429644	.1835727	.373463	0
1028.15	0	.4424714	.1838207	.373708	0
1027.15	0	.4419803	.1840674	.3739524	0
1026.15	0	.4414909	.1843129	.3741962	0
1025.15	0	.4410034	.1845571	.3744395	0
1024.15	0	.4405177	.1848	.3746823	0
1023.15	0	.4400339	.1850417	.3749245	0
1022.15	0	.4395518	.1852821	.3751661	0
1021.15	0	.4390716	.1855213	.3754072	0
1020.15	0	.4385931	.1857592	.3756477	0
1019.15	0	.4381164	.1859959	.3758876	0
1018.15	0	.4376416	.1862314	.376127	0
1017.15	0	.4371685	.1864656	.3763659	0
1016.15	0	.4366972	.1866986	.3766042	0
1015.15	0	.4362277	.1869304	.3768419	0
1014.15	0	.43576	.187161	.3770791	0
1013.15	0	.435294	.1873903	.3773157	0
1012.15	0	.4348298	.1876185	.3775517	0
1011.15	0	.4343673	.1878454	.3777873	0
1010.15	0	.4339066	.1880711	.3780222	0
1009.15	0	.4334477	.1882957	.3782566	0
1008.15	0	.4329905	.188519	.3784905	0
1007.15	0	.4325351	.1887412	.3787238	0
1006.15	0	.4320814	.1889621	.3789565	0
1005.15	0	.4316294	.1891819	.3791887	0
1004.15	0	.4311791	.1894005	.3794203	0
1003.15	0	.4307306	.189618	.3796514	0
1002.15	0	.4302838	.1898342	.379882	0
1001.15	0	.4298387	.1900494	.3801119	0
1000.15	0	.4293954	.1902633	.3803414	0
999.15	0	.4289537	.1904761	.3805702	0
998.15	0	.4285137	.1906878	.3807985	0
997.15	0	.4280754	.1908983	.3810263	0
996.15	0	.4276388	.1911077	.3812535	0
995.15	0	.4272039	.1913159	.3814802	0
994.15	0	.4267707	.191523	.3817063	0
993.15	0	.4263392	.191729	.3819318	0
992.15	0	.4259093	.1919339	.3821568	0
991.15	0	.4254811	.1921377	.3823813	0
990.15	0	.4250546	.1923403	.3826051	0
989.15	0	.4246297	.1925419	.3828285	0
988.15	0	.4242064	.1927423	.3830512	0
987.15	0	.4237848	.1929417	.3832735	0
986.15	0	.4233649	.19314	.3834951	0
985.15	0	.4229466	.1933372	.3837162	0
984.15	0	.4225299	.1935334	.3839368	0
983.15	0	.4221148	.1937284	.3841568	0
982.15	0	.4217014	.1939224	.3843762	0
981.15	0	.4212895	.1941154	.3845951	0
980.15	0	.4208793	.1943073	.3848134	0
979.15	0	.4204707	.1944981	.3850312	0
978.15	0	.4200637	.1946879	.3852484	0
977.15	0	.4196582	.1948767	.3854651	0
976.15	0	.4192544	.1950645	.3856811	0
975.15	0	.4188521	.1952512	.3858967	0
974.15	0	.4184514	.1954369	.3861116	0
973.15	0	.4180523	.1956217	.386326	0
972.15	0	.4176547	.1958054	.3865399	0
971.15	0	.4172587	.1959881	.3867532	0
970.15	0	.4168643	.1961698	.3869659	0
969.15	0	.4164714	.1963506	.387178	0
968.15	0	.41608	.1965304	.3873896	0
967.15	0	.4156902	.1967092	.3876006	0
966.15	0	.4153019	.196887	.3878111	0
965.15	0	.4149151	.1970639	.388021	0
964.15	0	.4145299	.1972399	.3882303	0
963.15	0	.4141461	.1974149	.3884391	0
962.15	0	.4137638	.1975889	.3886472	0
961.15	0	.4133831	.1977621	.3888548	0
960.15	0	.4130038	.1979343	.3890619	0
959.15	0	.412626	.1981056	.3892683	0
958.15	0	.4122497	.198276	.3894742	0
957.15	0	.4118749	.1984456	.3896795	0
956.15	0	.4115015	.1986142	.3898843	0
955.15	0	.4111296	.198782	.3900884	0
954.15	0	.4107592	.1989488	.390292	0
953.15	0	.4103901	.1991149	.390495	0
952.15	0	.4100226	.19928	.3906974	0
951.15	0	.4096564	.1994443	.3908993	0
950.15	0	.4092917	.1996078	.3911005	0
949.15	0	.4089284	.1997704	.3913012	0
948.15	0	.4085665	.1999323	.3915013	0
947.15	0	.408206	.2000933	.3917008	0
946.15	0	.4078469	.2002535	.3918997	0
945.15	0	.4074891	.2004129	.392098	0
944.15	0	.4071328	.2005715	.3922957	0
943.15	0	.4067778	.2007293	.3924929	0
942.15	0	.4064242	.2008864	.3926894	0
941.15	0	.406072	.2010427	.3928853	0
940.15	0	.4057211	.2011982	.3930807	0
939.15	0	.4053715	.2013531	.3932754	0
938.15	0	.4050233	.2015071	.3934696	0
937.15	0	.4046764	.2016605	.3936631	0
936.15	0	.4043308	.2018132	.3938561	0
935.15	0	.4039865	.2019651	.3940484	0
934.15	0	.4036435	.2021164	.3942401	0
933.15	0	.4033019	.2022669	.3944312	0
932.15	0	.4029615	.2024168	.3946217	0
931.15	0	.4026224	.2025661	.3948116	0
930.15	0	.4022845	.2027147	.3950009	0
929.15	0	.4019479	.2028626	.3951895	0
928.15	0	.4016126	.2030099	.3953775	0
927.15	0	.4012784	.2031566	.3955649	0
926.15	0	.4009456	.2033027	.3957517	0
925.15	0	.4006139	.2034482	.3959379	0
924.15	0	.4002835	.2035931	.3961234	0
923.15	0	.3999542	.2037375	.3963083	0
922.15	0	.3996262	.2038813	.3964926	0
921.15	0	.3992993	.2040245	.3966762	0
920.15	0	.3989737	.2041672	.3968592	0
919.15	0	.3986492	.2043093	.3970415	0
918.15	0	.3983258	.204451	.3972232	0
917.15	0	.3980036	.2045921	.3974043	0
916.15	0	.3976825	.2047328	.3975847	0
915.15	0	.3973626	.204873	.3977644	0
914.15	0	.3970438	.2050127	.3979435	0
913.15	0	.396726	.205152	.398122	0
912.15	0	.3964094	.2052909	.3982998	0
911.15	0	.3960939	.2054293	.3984769	0
910.15	0	.3957794	.2055673	.3986533	0
909.15	0	.395466	.2057049	.3988291	0
908.15	0	.3951536	.2058421	.3990042	0
907.15	0	.3948423	.205979	.3991787	0
906.15	0	.394532	.2061155	.3993525	0
905.15	0	.3942228	.2062517	.3995255	0
904.15	0	.3939145	.2063876	.3996979	0
903.15	0	.3936073	.2065231	.3998696	0
902.15	0	.393301	.2066584	.4000407	0
901.15	0	.3929957	.2067933	.400211	0
900.15	0	.3926913	.2069281	.4003806	0
899.15	0	.392388	.2070625	.4005495	0
898.15	0	.3920855	.2071968	.4007178	0
897.15	0	.391784	.2073308	.4008853	0
896.15	0	.3914833	.2074646	.4010521	0
895.15	0	.3911836	.2075982	.4012181	0
894.15	0	.3908848	.2077317	.4013835	0
893.15	0	.3905868	.2078651	.4015481	0
892.15	0	.3902897	.2079982	.4017121	0
891.15	0	.3899934	.2081313	.4018752	0
890.15	0	.389698	.2082643	.4020377	0
889.15	0	.3894034	.2083973	.4021994	0
888.15	0	.3891096	.2085301	.4023603	0
887.15	0	.3888165	.2086629	.4025205	0
886.15	0	.3885243	.2087957	.40268	0
885.15	0	.3882328	.2089285	.4028387	0
884.15	0	.3879421	.2090614	.4029966	0
883.15	0	.3876521	.2091942	.4031537	0
882.15	0	.3873628	.2093271	.4033101	0
881.15	0	.3870742	.2094601	.4034657	0
880.15	0	.3867863	.2095932	.4036205	0
879.15	0	.386499	.2097264	.4037745	0
878.15	0	.3862125	.2098598	.4039278	0
877.15	0	.3859265	.2099933	.4040802	0
876.15	0	.3856412	.210127	.4042318	0
875.15	0	.3853565	.2102609	.4043826	0
874.15	0	.3850724	.210395	.4045326	0
873.15	0	.3847888	.2105294	.4046818	0
872.15	0	.3845058	.2106641	.4048301	0
871.15	0	.3842233	.210799	.4049777	0
870.15	0	.3839414	.2109343	.4051243	0
869.15	0	.3836599	.2110699	.4052701	0
868.15	0	.383379	.2112059	.4054151	0
867.15	0	.3830985	.2113423	.4055592	0
866.15	0	.3828184	.2114792	.4057024	0
865.15	0	.3825388	.2116164	.4058448	0
864.15	0	.3822595	.2117542	.4059863	0
863.15	0	.3819807	.2118925	.4061269	0
862.15	0	.3817022	.2120312	.4062666	0
861.15	0	.3814241	.2121706	.4064053	0
860.15	0	.3811463	.2123105	.4065432	0
859.15	0	.3808688	.2124511	.4066802	0
858.15	0	.3805915	.2125923	.4068162	0
857.15	0	.3803146	.2127341	.4069513	0
856.15	0	.3800378	.2128767	.4070855	0
855.15	0	.3797613	.21302	.4072187	0
854.15	0	.379485	.2131641	.4073509	0
853.15	0	.3792088	.213309	.4074822	0
852.15	0	.3789328	.2134547	.4076125	0
851.15	0	.3786569	.2136013	.4077418	0
850.15	0	.3783811	.2137488	.4078701	0
849.15	0	.3781054	.2138973	.4079974	0
848.15	0	.3778297	.2140467	.4081236	0
847.15	0	.377554	.2141971	.4082489	0
846.15	0	.3772783	.2143486	.4083731	0
845.15	0	.3770026	.2145012	.4084962	0
844.15	0	.3767268	.2146549	.4086183	0
843.15	0	.3764509	.2148097	.4087394	0
842.15	0	.3761749	.2149658	.4088593	0
841.15	0	.3758987	.2151231	.4089781	0
840.15	0	.3756224	.2152817	.4090959	0
839.15	0	.3753482	.2154396	.4092122	0
838.15	0	.3750713	.215601	.4093277	0
837.15	0	.3747941	.2157639	.409442	0
836.15	0	.3745166	.2159282	.4095552	0
835.15	0	.3742388	.2160941	.4096672	0
834.15	0	.3739606	.2162615	.409778	0
833.15	0	.3736819	.2164305	.4098875	0
832.15	0	.3734028	.2166013	.4099959	0
831.15	0	.3731232	.2167737	.4101031	0
830.15	0	.3728431	.216948	.4102089	0
829.15	0	.3725623	.2171241	.4103135	0
828.15	0	.372281	.2173021	.4104169	0
827.15	0	.371999	.2174821	.4105189	0
826.15	0	.3717163	.2176642	.4106196	0
825.15	0	.3714328	.2178483	.4107189	0
824.15	0	.3711486	.2180346	.4108169	0
823.15	0	.3708635	.2182231	.4109135	0
822.15	0	.3705775	.2184139	.4110086	0
821.15	0	.3702905	.2186071	.4111024	0
820.15	0	.3700026	.2188028	.4111947	0
819.15	0	.3697136	.2190009	.4112855	0
818.15	0	.3694234	.2192018	.4113748	0
817.15	0	.3691321	.2194053	.4114626	0
816.15	0	.3688396	.2196116	.4115488	0
815.15	0	.3685458	.2198208	.4116335	0
814.15	0	.3682506	.2200329	.4117165	0
813.15	0	.3679539	.2202481	.4117979	0
812.15	0	.3676558	.2204666	.4118777	0
811.15	0	.3673561	.2206882	.4119557	0
810.15	0	.3670547	.2209133	.412032	0
809.15	0	.3667516	.2211419	.4121065	0
808.15	0	.3664466	.2213742	.4121792	0
807.15	0	.3661398	.2216102	.4122501	0
806.15	0	.3658309	.2218501	.412319	0
805.15	0	.3655199	.2220941	.412386	0
804.15	0	.3652067	.2223422	.4124511	0
803.15	0	.3648912	.2225947	.4125141	0
802.15	0	.3645733	.2228517	.412575	0
801.15	0	.3642528	.2231133	.4126339	0
800.15	0	.3639297	.2233798	.4126905	0
799.15	0	.3636038	.2236514	.4127449	0
798.15	0	.3632749	.2239282	.412797	0
797.15	0	.3629429	.2242104	.4128467	0
796.15	0	.3626076	.2244984	.412894	0
795.15	0	.362269	.2247923	.4129387	0
794.15	0	.3619267	.2250923	.4129809	0
793.15	0	.3615807	.2253989	.4130204	0
792.15	0	.3612307	.2257122	.4130572	0
791.15	0	.3608764	.2260325	.4130911	0
790.15	0	.3605178	.2263602	.413122	0
789.15	0	.3601544	.2266957	.4131499	0
788.15	0	.359786	.2270393	.4131746	0
787.15	0	.3594124	.2273915	.413196	0
786.15	0	.3590333	.2277527	.413214	0
785.15	0	.3586482	.2281234	.4132284	0
784.15	0	.3582569	.2285041	.413239	0
783.15	0	.3578588	.2288955	.4132457	0
782.15	0	.3574536	.2292981	.4132483	0
781.15	0	.3570408	.2297126	.4132466	0
780.15	0	.3566198	.2301398	.4132404	0
779.15	0	.3561901	.2305806	.4132293	0
778.15	0	.3557509	.2310359	.4132132	0
777.15	0	.3553015	.2315068	.4131917	0
776.15	0	.3548411	.2319944	.4131645	0
775.15	0	.3543688	.2325001	.4131311	0
774.15	0	.3538834	.2330254	.4130912	0
773.15	0	.3533838	.2335719	.4130443	0
772.15	0	.3528685	.2341418	.4129897	0
771.15	0	.3523359	.2347373	.4129268	0
770.15	0	.3517842	.2353611	.4128548	0
769.15	0	.3512109	.2360163	.4127728	0
768.15	0	.3506135	.2367068	.4126798	0
767.15	0	.3499885	.2374371	.4125743	0
766.15	0	.3493321	.2382131	.4124549	0
765.15	0	.348639	.2390416	.4123194	0
764.15	0	.3473993	.2406176	.4119832	0
763.15	0	.3456037	.2429574	.4114389	0
762.15	0	.3441368	.2448569	.4110063	0
761.15	0	.3428853	.2464689	.4106457	0
760.15	0	.3417892	.2478746	.4103362	0
759.15	0	.3408118	.2491232	.410065	0
758.15	0	.3399289	.2502472	.409824	0
757.15	0	.3391233	.2512694	.4096072	0
756.15	0	.3383827	.2522067	.4094106	0
755.15	0	.3376975	.2530716	.4092308	0
754.15	0	.3370602	.2538742	.4090656	0
753.15	0	.3364649	.2546223	.4089128	0
752.15	0	.3359067	.2553224	.4087709	0
751.15	0	.3353816	.2559798	.4086386	0
750.15	0	.3348863	.2565988	.4085149	0
749.15	0	.3344178	.2571834	.4083988	0
748.15	0	.3339737	.2577367	.4082895	0
747.15	0	.333552	.2582615	.4081865	0
746.15	0	.3331508	.2587602	.408089	0
745.15	0	.3327684	.259235	.4079967	0
744.15	0	.3324034	.2596876	.407909	0
743.15	0	.3320545	.2601198	.4078257	0
742.15	0	.3317207	.2605331	.4077463	0
741.15	0	.3314008	.2609287	.4076705	0
740.15	0	.331094	.2613079	.4075981	0
739.15	0	.3307994	.2616718	.4075288	0
738.15	0	.3305163	.2620212	.4074624	0
737.15	0	.330244	.2623572	.4073988	0
736.15	0	.3299818	.2626806	.4073376	0
735.15	0	.3297293	.262992	.4072788	0
734.15	0	.3294857	.2632922	.4072222	0
733.15	0	.3292507	.2635817	.4071676	0
732.15	0	.3290238	.2638613	.407115	0
731.15	0	.3288045	.2641313	.4070642	0
730.15	0	.3285926	.2643924	.4070151	0
729.15	0	.3283875	.2646449	.4069676	0
728.15	0	.328189	.2648894	.4069216	0
727.15	0	.3279969	.2651261	.406877	0
726.15	0	.3278106	.2653556	.4068338	0
725.15	0	.3276301	.265578	.4067919	0
724.15	0	.327455	.2657939	.4067511	0
723.15	0	.3272851	.2660034	.4067116	0
722.15	0	.3271202	.2662068	.406673	0
721.15	0	.3269599	.2664045	.4066355	0
720.15	0	.3268043	.2665967	.406599	0
719.15	0	.326653	.2667836	.4065634	0
718.15	0	.3265059	.2669655	.4065287	0
717.15	0	.3263627	.2671425	.4064948	0
716.15	0	.3262234	.2673149	.4064616	0
715.15	0	.3260878	.2674829	.4064293	0
714.15	0	.3259558	.2676466	.4063976	0
713.15	0	.3258271	.2678063	.4063666	0
712.15	0	.3257017	.2679621	.4063363	0
711.15	0	.3255794	.2681141	.4063065	0
710.15	0	.3254602	.2682624	.4062774	0
709.15	0	.3253438	.2684074	.4062488	0
708.15	0	.3252303	.268549	.4062207	0
707.15	0	.3251195	.2686873	.4061932	0
706.15	0	.3250113	.2688226	.4061661	0
705.15	0	.3249055	.268955	.4061395	0
704.15	0	.3248023	.2690845	.4061133	0
703.15	0	.3247013	.2692112	.4060875	0
702.15	0	.3246026	.2693353	.4060621	0
701.15	0	.324506	.2694568	.4060371	0
700.15	0	.3244116	.2695759	.4060125	0
699.15	0	.3243192	.2696926	.4059882	0
698.15	0	.3242287	.269807	.4059642	0
697.15	0	.3241402	.2699193	.4059406	0
696.15	0	.3240534	.2700294	.4059172	0
695.15	0	.3239685	.2701374	.4058941	0
694.15	0	.3238852	.2702435	.4058713	0
693.15	0	.3238036	.2703476	.4058488	0
692.15	0	.3237236	.27045	.4058264	0
691.15	0	.3236451	.2705505	.4058044	0
690.15	0	.3235682	.2706493	.4057825	0
689.15	0	.3234927	.2707465	.4057609	0
688.15	0	.3234186	.270842	.4057394	0
687.15	0	.3233458	.270936	.4057182	0
686.15	0	.3232744	.2710285	.4056971	0
685.15	0	.3232043	.2711195	.4056762	0
684.15	0	.3231353	.2712092	.4056555	0
683.15	0	.3230676	.2712974	.4056349	0
682.15	0	.3230011	.2713844	.4056145	0
681.15	0	.3229356	.2714701	.4055942	0
680.15	0	.3228713	.2715546	.4055741	0
679.15	0	.322808	.2716379	.4055541	0
678.15	0	.3227458	.2717201	.4055342	0
677.15	0	.3226845	.2718011	.4055144	0
676.15	0	.3226242	.2718811	.4054947	0
675.15	0	.3225649	.27196	.4054751	0
674.15	0	.3225064	.2720379	.4054557	0
673.15	0	.3224489	.2721149	.4054363	0
672.15	0	.3223922	.2721909	.405417	0
671.15	0	.3223363	.272266	.4053977	0
670.15	0	.3222812	.2723402	.4053786	0
669.15	0	.322227	.2724136	.4053595	0
668.15	0	.3221734	.2724861	.4053405	0
667.15	0	.3221207	.2725578	.4053215	0
666.15	0	.3220686	.2726288	.4053026	0
665.15	0	.3220172	.272699	.4052838	0
664.15	0	.3219666	.2727684	.405265	0
663.15	0	.3219165	.2728372	.4052463	0
662.15	0	.3218672	.2729053	.4052276	0
661.15	0	.3218184	.2729727	.4052089	0
660.15	0	.3217702	.2730395	.4051903	0
659.15	0	.3217227	.2731057	.4051717	0
658.15	0	.3216757	.2731712	.4051531	0
657.15	0	.3216292	.2732362	.4051346	0
656.15	0	.3215833	.2733006	.405116	0
655.15	0	.3215379	.2733645	.4050975	0
654.15	0	.3214931	.2734279	.4050791	0
653.15	0	.3214487	.2734907	.4050606	0
652.15	0	.3214048	.273553	.4050421	0
651.15	0	.3213614	.2736149	.4050237	0
650.15	0	.3213184	.2736763	.4050053	0
649.15	0	.3212759	.2737373	.4049869	0
648.15	0	.3212338	.2737978	.4049684	0
647.15	0	.3211921	.2738579	.40495	0
646.15	0	.3211509	.2739175	.4049316	0
645.15	0	.32111	.2739768	.4049132	0
644.15	0	.3210695	.2740357	.4048947	0
643.15	0	.3210294	.2740943	.4048763	0
642.15	0	.3209897	.2741524	.4048579	0
641.15	0	.3209503	.2742103	.4048394	0
640.15	0	.3209113	.2742677	.404821	0
639.15	0	.3208726	.2743249	.4048025	0
638.15	0	.3208342	.2743817	.404784	0
637.15	0	.3207962	.2744383	.4047656	0
636.15	0	.3207584	.2744945	.404747	0
635.15	0	.320721	.2745505	.4047285	0
634.15	0	.3206838	.2746062	.40471	0
633.15	0	.320647	.2746616	.4046914	0
632.15	0	.3206104	.2747168	.4046728	0
631.15	0	.3205741	.2747717	.4046542	0
630.15	0	.3205381	.2748263	.4046356	0
629.15	0	.3205023	.2748808	.404617	0
628.15	0	.3204668	.274935	.4045983	0
627.15	0	.3204315	.274989	.4045796	0
626.15	0	.3203964	.2750427	.4045609	0
625.15	0	.3203616	.2750963	.4045421	0
624.15	0	.320327	.2751497	.4045234	0
623.15	0	.3202926	.2752028	.4045045	0
622.15	0	.3202584	.2752559	.4044857	0
621.15	0	.3202245	.2753087	.4044668	0
620.15	0	.3201907	.2753613	.404448	0
619.15	0	.3201572	.2754138	.404429	0
618.15	0	.3201238	.2754661	.4044101	0
617.15	0	.3200906	.2755183	.4043911	0
616.15	0	.3200576	.2755703	.4043721	0
615.15	0	.3200248	.2756222	.404353	0
614.15	0	.3199922	.2756739	.4043339	0
613.15	0	.3199597	.2757255	.4043148	0
612.15	0	.3199274	.275777	.4042957	0
611.15	0	.3198952	.2758283	.4042765	0
610.15	0	.3198632	.2758795	.4042573	0
609.15	0	.3198314	.2759306	.404238	0
608.15	0	.3197996	.2759817	.4042187	0
607.15	0	.3197681	.2760325	.4041994	0
606.15	0	.3197367	.2760833	.40418	0
605.15	0	.3197054	.276134	.4041606	0
604.15	0	.3196742	.2761846	.4041412	0
603.15	0	.3196432	.2762351	.4041217	0
602.15	0	.3196123	.2762855	.4041022	0
601.15	0	.3195815	.2763358	.4040826	0
600.15	0	.3195509	.2763861	.404063	0
599.15	0	.3195203	.2764362	.4040434	0
598.15	0	.3194899	.2764863	.4040238	0
597.15	0	.3194596	.2765363	.4040041	0
596.15	0	.3194294	.2765863	.4039843	0
595.15	0	.3193993	.2766362	.4039646	0
594.15	0	.3193693	.276686	.4039447	0
593.15	0	.3193394	.2767357	.4039249	0
592.15	0	.3193096	.2767854	.403905	0
591.15	0	.3192799	.2768351	.4038851	0
590.15	0	.3192502	.2768846	.4038651	0
589.15	0	.3192207	.2769342	.4038451	0
588.15	0	.3191913	.2769837	.4038251	0
587.15	0	.3191619	.2770331	.403805	0
586.15	0	.3191326	.2770825	.4037849	0
585.15	0	.3191034	.2771318	.4037648	0
584.15	0	.3190743	.2771811	.4037446	0
583.15	0	.3190453	.2772304	.4037243	0
582.15	0	.3190163	.2772796	.4037041	0
581.15	0	.3189874	.2773288	.4036838	0
580.15	0	.3189586	.277378	.4036634	0
579.15	0	.3189299	.2774271	.4036431	0
578.15	0	.3189012	.2774762	.4036226	0
577.15	0	.3188725	.2775253	.4036022	0
576.15	0	.318844	.2775743	.4035817	0
575.15	0	.3188155	.2776233	.4035612	0
574.15	0	.3187871	.2776723	.4035406	0
573.15	0	.3187587	.2777213	.40352	0
572.15	0	.3187304	.2777702	.4034994	0
571.15	0	.3187021	.2778191	.4034787	0
570.15	0	.3186739	.277868	.403458	0
569.15	0	.3186458	.2779169	.4034373	0
568.15	0	.3186177	.2779658	.4034165	0
567.15	0	.3185896	.2780146	.4033957	0
566.15	0	.3185616	.2780635	.4033749	0
565.15	0	.3185337	.2781123	.403354	0
564.15	0	.3185058	.2781611	.4033331	0
563.15	0	.3184779	.2782099	.4033122	0
562.15	0	.3184501	.2782587	.4032912	0
561.15	0	.3184224	.2783075	.4032702	0
560.15	0	.3183947	.2783562	.4032491	0
559.15	0	.318367	.278405	.4032281	0
558.15	0	.3183393	.2784537	.403207	0
557.15	0	.3183118	.2785024	.4031858	0
556.15	0	.3182842	.2785512	.4031647	0
555.15	0	.3182567	.2785999	.4031434	0
554.15	0	.3182292	.2786486	.4031222	0
553.15	0	.3182018	.2786973	.403101	0
552.15	0	.3181744	.278746	.4030797	0
551.15	0	.318147	.2787947	.4030583	0
550.15	0	.3181198	.2788434	.4030369	0
549.15	0	.3180925	.278892	.4030155	0
548.15	0	.3180652	.2789407	.4029941	0
547.15	0	.318038	.2789894	.4029726	0
546.15	0	.3180108	.2790381	.4029511	0
545.15	0	.3179836	.2790867	.4029296	0
544.15	0	.3179565	.2791354	.4029081	0
543.15	0	.3179293	.2791841	.4028866	0
542.15	0	.3179023	.2792327	.402865	0
541.15	0	.3178752	.2792814	.4028434	0
540.15	0	.3178482	.2793301	.4028217	0
539.15	0	.3178212	.2793787	.4028001	0
538.15	0	.3177942	.2794274	.4027784	0
537.15	0	.3177673	.279476	.4027567	0
536.15	0	.3177404	.2795247	.4027349	0
535.15	0	.3177135	.2795733	.4027132	0
534.15	0	.3176866	.279622	.4026914	0
533.15	0	.3176598	.2796706	.4026696	0
532.15	0	.3176329	.2797193	.4026478	0
531.15	0	.3176061	.2797679	.4026259	0
530.15	0	.3175794	.2798166	.402604	0
529.15	0	.3175526	.2798652	.4025822	0
528.15	0	.3175259	.2799139	.4025602	0
527.15	0	.3174992	.2799625	.4025383	0
526.15	0	.3174725	.2800111	.4025163	0
525.15	0	.3174459	.2800598	.4024944	0
524.15	0	.3174192	.2801084	.4024724	0
523.15	0	.3173926	.280157	.4024504	0
522.15	0	.317366	.2802057	.4024283	0
521.15	0	.3173395	.2802543	.4024063	0
520.15	0	.3173129	.2803029	.4023842	0
519.15	0	.3172864	.2803515	.4023621	0
518.15	0	.3172599	.2804002	.40234	0
517.15	0	.3172334	.2804488	.4023179	0
516.15	0	.3172069	.2804974	.4022957	0
515.15	0	.3171805	.280546	.4022736	0
514.15	0	.317154	.2805946	.4022514	0
513.15	0	.3171276	.2806432	.4022292	0
512.15	0	.3171012	.2806918	.402207	0
511.15	0	.3170749	.2807404	.4021848	0
510.15	0	.3170485	.2807889	.4021626	0
509.15	0	.3170222	.2808375	.4021403	0
508.15	0	.3169959	.2808861	.4021181	0
507.15	0	.3169696	.2809346	.4020958	0
506.15	0	.3169433	.2809832	.4020736	0
505.15	0	.316917	.2810317	.4020513	0
504.15	0	.3168908	.2810803	.402029	0
503.15	0	.3168646	.2811288	.4020067	0
502.15	0	.3168384	.2811773	.4019843	0
501.15	0	.3168122	.2812258	.401962	0
500.15	0	.316786	.2812743	.4019397	0
499.15	0	.3167599	.2813228	.4019173	0
498.15	0	.3167337	.2813713	.401895	0
497.15	0	.3167076	.2814198	.4018726	0
496.15	0	.3166815	.2814682	.4018503	0
495.15	0	.3166555	.2815167	.4018279	0
494.15	0	.3166294	.2815651	.4018055	0
493.15	0	.3166034	.2816135	.4017831	0
492.15	0	.3165773	.2816619	.4017607	0
491.15	0	.3165513	.2817103	.4017383	0
490.15	0	.3165254	.2817587	.4017159	0
489.15	0	.3164994	.2818071	.4016935	0
488.15	0	.3164734	.2818554	.4016711	0
487.15	0	.3164475	.2819038	.4016487	0
486.15	0	.3164216	.2819521	.4016263	0
485.15	0	.3163957	.2820004	.4016039	0
484.15	0	.3163699	.2820487	.4015815	0
483.15	0	.316344	.2820969	.4015591	0
482.15	0	.3163182	.2821452	.4015367	0
481.15	0	.3162923	.2821934	.4015143	0
480.15	0	.3162666	.2822416	.4014919	0
479.15	0	.3162408	.2822898	.4014694	0
478.15	0	.316215	.2823379	.401447	0
477.15	0	.3161893	.2823861	.4014246	0
476.15	0	.3161636	.2824342	.4014022	0
475.15	0	.3161379	.2824823	.4013798	0
474.15	0	.3161122	.2825304	.4013574	0
473.15	0	.3160865	.2825784	.401335	0
472.15	0	.3160609	.2826264	.4013127	0
471.15	0	.3160353	.2826745	.4012903	0
470.15	0	.3160097	.2827224	.4012679	0
469.15	0	.3159841	.2827704	.4012455	0
468.15	0	.3159586	.2828183	.4012232	0
467.15	0	.315933	.2828662	.4012008	0
466.15	0	.3159075	.282914	.4011785	0
465.15	0	.315882	.2829619	.4011561	0
464.15	0	.3158565	.2830097	.4011338	0
463.15	0	.3158311	.2830575	.4011115	0
462.15	0	.3158056	.2831052	.4010892	0
461.15	0	.3157802	.2831529	.4010669	0
460.15	0	.3157549	.2832006	.4010446	0
459.15	0	.3157295	.2832482	.4010223	0
458.15	0	.3157041	.2832959	.401	0
457.15	0	.3156788	.2833434	.4009778	0
456.15	0	.3156535	.283391	.4009555	0
455.15	0	.3156282	.2834385	.4009333	0
454.15	0	.315603	.2834859	.4009111	0
453.15	0	.3155778	.2835334	.4008889	0
452.15	0	.3155526	.2835808	.4008667	0
451.15	0	.3155274	.2836281	.4008445	0
450.15	0	.3155022	.2836755	.4008223	0
449.15	0	.3154771	.2837227	.4008002	0
448.15	0	.315452	.2837699	.4007781	0
447.15	0	.3154269	.2838171	.400756	0
446.15	0	.3154019	.2838642	.4007339	0
445.15	0	.3153769	.2839112	.4007119	0
444.15	0	.315352	.2839582	.4006899	0
443.15	0	.3153271	.2840051	.4006678	0
442.15	0	.3153022	.284052	.4006459	0
441.15	0	.3152773	.2840988	.4006239	0
440.15	0	.3152525	.2841455	.400602	0
439.15	0	.3152278	.2841921	.4005801	0
438.15	0	.3152031	.2842387	.4005583	0
437.15	0	.3151784	.2842852	.4005364	0
