T	 BPW(LIQUID)	BPW(BCC_A2)	BPW(FCC_A1)	BPW(LAVES_PHASE_C14)	BPW(NI3TI)
1473.15	0	1	0	0	0
1472.15	0	1	0	0	0
1471.15	0	1	0	0	0
1470.15	0	1	0	0	0
1469.15	0	1	0	0	0
1468.15	0	1	0	0	0
1467.15	0	1	0	0	0
1466.15	0	1	0	0	0
1465.15	0	1	0	0	0
1464.15	0	1	0	0	0
1463.15	0	1	0	0	0
1462.15	0	1	0	0	0
1461.15	0	1	0	0	0
1460.15	0	1	0	0	0
1459.15	0	1	0	0	0
1458.15	0	1	0	0	0
1457.15	0	1	0	0	0
1456.15	0	1	0	0	0
1455.15	0	1	0	0	0
1454.15	0	1	0	0	0
1453.15	0	1	0	0	0
1452.15	0	1	0	0	0
1451.15	0	1	0	0	0
1450.15	0	1	0	0	0
1449.15	0	1	0	0	0
1448.15	0	1	0	0	0
1447.15	0	1	0	0	0
1446.15	0	1	0	0	0
1445.15	0	1	0	0	0
1444.15	0	1	0	0	0
1443.15	0	1	0	0	0
1442.15	0	1	0	0	0
1441.15	0	1	0	0	0
1440.15	0	1	0	0	0
1439.15	0	1	0	0	0
1438.15	0	1	0	0	0
1437.15	0	1	0	0	0
1436.15	0	1	0	0	0
1435.15	0	1	0	0	0
1434.15	0	1	0	0	0
1433.15	0	1	0	0	0
1432.15	0	1	0	0	0
1431.15	0	1	0	0	0
1430.15	0	1	0	0	0
1429.15	0	1	0	0	0
1428.15	0	1	0	0	0
1427.15	0	1	0	0	0
1426.15	0	1	0	0	0
1425.15	0	1	0	0	0
1424.15	0	1	0	0	0
1423.15	0	1	0	0	0
1422.15	0	1	0	0	0
1421.15	0	1	0	0	0
1420.15	0	1	0	0	0
1419.15	0	1	0	0	0
1418.15	0	1	0	0	0
1417.15	0	1	0	0	0
1416.15	0	1	0	0	0
1415.15	0	1	0	0	0
1414.15	0	1	0	0	0
1413.15	0	1	0	0	0
1412.15	0	1	0	0	0
1411.15	0	1	0	0	0
1410.15	0	1	0	0	0
1409.15	0	1	0	0	0
1408.15	0	1	0	0	0
1407.15	0	1	0	0	0
1406.15	0	1	0	0	0
1405.15	0	1	0	0	0
1404.15	0	1	0	0	0
1403.15	0	1	0	0	0
1402.15	0	1	0	0	0
1401.15	0	1	0	0	0
1400.15	0	1	0	0	0
1399.15	0	1	0	0	0
1398.15	0	1	0	0	0
1397.15	0	1	0	0	0
1396.15	0	1	0	0	0
1395.15	0	1	0	0	0
1394.15	0	1	0	0	0
1393.15	0	1	0	0	0
1392.15	0	1	0	0	0
1391.15	0	1	0	0	0
1390.15	0	1	0	0	0
1389.15	0	1	0	0	0
1388.15	0	1	0	0	0
1387.15	0	1	0	0	0
1386.15	0	1	0	0	0
1385.15	0	1	0	0	0
1384.15	0	1	0	0	0
1383.15	0	1	0	0	0
1382.15	0	1	0	0	0
1381.15	0	1	0	0	0
1380.15	0	1	0	0	0
1379.15	0	1	0	0	0
1378.15	0	1	0	0	0
1377.15	0	1	0	0	0
1376.15	0	1	0	0	0
1375.15	0	1	0	0	0
1374.15	0	1	0	0	0
1373.15	0	1	0	0	0
1372.15	0	1	0	0	0
1371.15	0	1	0	0	0
1370.15	0	1	0	0	0
1369.15	0	1	0	0	0
1368.15	0	1	0	0	0
1367.15	0	1	0	0	0
1366.15	0	1	0	0	0
1365.15	0	1	0	0	0
1364.15	0	1	0	0	0
1363.15	0	1	0	0	0
1362.15	0	1	0	0	0
1361.15	0	1	0	0	0
1360.15	0	1	0	0	0
1359.15	0	1	0	0	0
1358.15	0	1	0	0	0
1357.15	0	1	0	0	0
1356.15	0	1	0	0	0
1355.15	0	1	0	0	0
1354.15	0	1	0	0	0
1353.15	0	1	0	0	0
1352.15	0	1	0	0	0
1351.15	0	1	0	0	0
1350.15	0	1	0	0	0
1349.15	0	1	0	0	0
1348.15	0	1	0	0	0
1347.15	0	1	0	0	0
1346.15	0	1	0	0	0
1345.15	0	1	0	0	0
1344.15	0	1	0	0	0
1343.15	0	1	0	0	0
1342.15	0	1	0	0	0
1341.15	0	1	0	0	0
1340.15	0	1	0	0	0
1339.15	0	1	0	0	0
1338.15	0	1	0	0	0
1337.15	0	1	0	0	0
1336.15	0	1	0	0	0
1335.15	0	1	0	0	0
1334.15	0	1	0	0	0
1333.15	0	1	0	0	0
1332.15	0	1	0	0	0
1331.15	0	1	0	0	0
1330.15	0	1	0	0	0
1329.15	0	1	0	0	0
1328.15	0	1	0	0	0
1327.15	0	1	0	0	0
1326.15	0	1	0	0	0
1325.15	0	1	0	0	0
1324.15	0	1	0	0	0
1323.15	0	1	0	0	0
1322.15	0	1	0	0	0
1321.15	0	1	0	0	0
1320.15	0	1	0	0	0
1319.15	0	1	0	0	0
1318.15	0	1	0	0	0
1317.15	0	1	0	0	0
1316.15	0	1	0	0	0
1315.15	0	1	0	0	0
1314.15	0	1	0	0	0
1313.15	0	1	0	0	0
1312.15	0	1	0	0	0
1311.15	0	1	0	0	0
1310.15	0	1	0	0	0
1309.15	0	1	0	0	0
1308.15	0	1	0	0	0
1307.15	0	1	0	0	0
1306.15	0	1	0	0	0
1305.15	0	1	0	0	0
1304.15	0	1	0	0	0
1303.15	0	1	0	0	0
1302.15	0	1	0	0	0
1301.15	0	1	0	0	0
1300.15	0	1	0	0	0
1299.15	0	1	0	0	0
1298.15	0	1	0	0	0
1297.15	0	1	0	0	0
1296.15	0	1	0	0	0
1295.15	0	1	0	0	0
1294.15	0	1	0	0	0
1293.15	0	1	0	0	0
1292.15	0	1	0	0	0
1291.15	0	1	0	0	0
1290.15	0	1	0	0	0
1289.15	0	1	0	0	0
1288.15	0	1	0	0	0
1287.15	0	1	0	0	0
1286.15	0	1	0	0	0
1285.15	0	1	0	0	0
1284.15	0	1	0	0	0
1283.15	0	1	0	0	0
1282.15	0	1	0	0	0
1281.15	0	1	0	0	0
1280.15	0	1	0	0	0
1279.506	0	1	0	0	0
1279.506	0	1	0	0	0
1279.506	0	1	0	0	0
1279.15	0	.9997768	0	2.231617E-04	0
1278.15	0	.9991516	0	8.483957E-04	0
1277.15	0	.9985277	0	.001472297	0
1276.15	0	.9979051	0	.002094869	0
1275.15	0	.9972839	0	.002716115	0
1274.15	0	.996664	0	.00333604	0
1273.15	0	.9960454	0	.003954646	0
1272.15	0	.9954281	0	.004571938	0
1271.15	0	.9948121	0	.00518792	0
1270.15	0	.9941974	0	.005802594	0
1269.15	0	.993584	0	.006415965	0
1268.15	0	.992972	0	.007028036	0
1267.15	0	.9923612	0	.00763881	0
1266.15	0	.9917517	0	.008248292	0
1265.15	0	.9911435	0	.008856485	0
1264.15	0	.9905366	0	.009463392	0
1263.15	0	.989931	0	.01006902	0
1262.15	0	.9893266	0	.01067336	0
1261.15	0	.9887236	0	.01127644	0
1260.15	0	.9881218	0	.01187824	0
1259.15	0	.9875212	0	.01247877	0
1258.15	0	.986922	0	.01307804	0
1257.15	0	.986324	0	.01367604	0
1256.15	0	.9857272	0	.01427279	0
1255.15	0	.9851317	0	.01486828	0
1254.15	0	.9845375	0	.01546253	0
1253.15	0	.9839445	0	.01605552	0
1252.15	0	.9833527	0	.01664727	0
1251.15	0	.9827622	0	.01723778	0
1250.15	0	.9821729	0	.01782706	0
1249.15	0	.9815849	0	.0184151	0
1248.15	0	.9809981	0	.0190019	0
1247.15	0	.9804125	0	.01958748	0
1246.15	0	.9798282	0	.02017184	0
1245.15	0	.979245	0	.02075497	0
1244.15	0	.9786631	0	.02133689	0
1243.15	0	.9780824	0	.02191759	0
1242.15	0	.9775029	0	.02249708	0
1241.15	0	.9769246	0	.02307537	0
1240.15	0	.9763476	0	.02365244	0
1239.15	0	.9757717	0	.02422832	0
1238.15	0	.975197	0	.024803	0
1237.15	0	.9746235	0	.02537648	0
1236.15	0	.9740512	0	.02594877	0
1235.15	0	.9734801	0	.02651987	0
1234.15	0	.9729102	0	.02708978	0
1233.15	0	.9723415	0	.02765851	0
1232.15	0	.9717739	0	.02822606	0
1231.15	0	.9712076	0	.02879244	0
1230.15	0	.9706424	0	.02935764	0
1229.15	0	.9700783	0	.02992166	0
1228.15	0	.9695155	0	.03048453	0
1227.15	0	.9689538	0	.03104622	0
1226.15	0	.9683932	0	.03160676	0
1225.15	0	.9678339	0	.03216613	0
1224.15	0	.9672757	0	.03272435	0
1223.15	0	.9667186	0	.03328142	0
1222.15	0	.9661627	0	.03383734	0
1221.15	0	.9656079	0	.03439211	0
1220.15	0	.9650543	0	.03494573	0
1219.15	0	.9645018	0	.03549822	0
1218.15	0	.9639504	0	.03604957	0
1217.15	0	.9634002	0	.03659978	0
1216.15	0	.9628511	0	.03714886	0
1215.15	0	.9623032	0	.0376968	0
1214.15	0	.9617564	0	.03824363	0
1213.15	0	.9612107	0	.03878933	0
1212.15	0	.9606661	0	.0393339	0
1211.15	0	.9601226	0	.03987736	0
1210.15	0	.9595803	0	.04041971	0
1209.15	0	.9590391	0	.04096094	0
1208.15	0	.9584989	0	.04150106	0
1207.15	0	.9579599	0	.04204007	0
1206.15	0	.957422	0	.04257798	0
1205.15	0	.9568852	0	.04311478	0
1204.15	0	.9563495	0	.04365049	0
1203.15	0	.9558149	0	.0441851	0
1202.15	0	.9552814	0	.04471862	0
1201.15	0	.9547489	0	.04525105	0
1200.15	0	.9542176	0	.04578239	0
1199.15	0	.9536874	0	.04631264	0
1198.15	0	.9531582	0	.04684181	0
1197.15	0	.9526301	0	.0473699	0
1196.15	0	.9521031	0	.04789691	0
1195.15	0	.9515772	0	.04842284	0
1194.15	0	.9510523	0	.04894771	0
1193.15	0	.9505285	0	.0494715	0
1192.15	0	.9500058	0	.04999423	0
1191.15	0	.9494841	0	.05051589	0
1190.15	0	.9489635	0	.05103649	0
1189.15	0	.948444	0	.05155603	0
1188.15	0	.9479255	0	.05207451	0
1187.15	0	.9474081	0	.05259194	0
1186.15	0	.9468917	0	.05310832	0
1185.15	0	.9463764	0	.05362364	0
1184.15	0	.9458621	0	.05413792	0
1183.15	0	.9453489	0	.05465115	0
1182.15	0	.9448367	0	.05516335	0
1181.15	0	.9443255	0	.0556745	0
1180.15	0	.9438154	0	.05618461	0
1179.15	0	.9433063	0	.05669369	0
1178.15	0	.9427983	0	.05720174	0
1177.15	0	.9422912	0	.05770876	0
1176.15	0	.9417853	0	.05821475	0
1175.15	0	.9412803	0	.05871971	0
1174.15	0	.9407764	0	.05922365	0
1173.15	0	.9402734	0	.05972658	0
1172.15	0	.9397715	0	.06022848	0
1171.15	0	.9392706	0	.06072937	0
1170.15	0	.9387708	0	.06122924	0
1169.15	0	.9382719	0	.0617281	0
1168.15	0	.937774	0	.06222596	0
1167.15	0	.9372772	0	.0627228	0
1166.15	0	.9367814	0	.06321865	0
1165.15	0	.9362865	0	.06371349	0
1164.15	0	.9357927	0	.06420733	0
1163.15	0	.9352998	0	.06470017	0
1162.15	0	.934808	0	.06519202	0
1161.15	0	.9343171	0	.06568288	0
1160.15	0	.9338273	0	.06617274	0
1159.15	0	.9333384	0	.06666162	0
1158.15	0	.9328505	0	.06714951	0
1157.15	0	.9323636	0	.06763641	0
1156.15	0	.9318777	0	.06812234	0
1155.15	0	.9313927	0	.06860728	0
1154.15	0	.9309087	0	.06909127	0
1153.15	0	.9304257	0	.06957427	0
1152.15	0	.9299437	0	.07005628	0
1151.15	0	.9294627	0	.07053733	0
1150.15	0	.9289826	0	.07101741	0
1149.15	0	.9285035	0	.07149652	0
1148.15	0	.9280253	0	.07197467	0
1147.15	0	.9275482	0	.07245185	0
1146.15	0	.9270719	0	.07292808	0
1145.15	0	.9265967	0	.07340335	0
1144.15	0	.9261223	0	.07387766	0
1143.15	0	.925649	0	.07435101	0
1142.15	0	.9251766	0	.07482342	0
1141.15	0	.9247051	0	.07529487	0
1140.15	0	.9242346	0	.07576538	0
1139.15	0	.9237651	0	.07623494	0
1138.15	0	.9232965	0	.07670356	0
1137.15	0	.9228288	0	.07717123	0
1136.15	0	.922362	0	.07763797	0
1135.15	0	.9218962	0	.07810376	0
1134.15	0	.9214314	0	.07856862	0
1133.15	0	.9209675	0	.07903255	0
1132.15	0	.9205045	0	.07949555	0
1131.15	0	.9200424	0	.07995762	0
1130.15	0	.9195813	0	.08041875	0
1129.15	0	.919121	0	.08087896	0
1128.15	0	.9186618	0	.08133825	0
1127.15	0	.9182034	0	.08179662	0
1126.15	0	.9177459	0	.08225407	0
1125.15	0	.9172894	0	.08271059	0
1124.15	0	.9168338	0	.08316621	0
1123.15	0	.9163791	0	.0836209	0
1122.15	0	.9159253	0	.08407469	0
1121.15	0	.9154724	0	.08452756	0
1120.15	0	.9150205	0	.08497953	0
1119.15	0	.9145694	0	.08543059	0
1118.15	0	.9141193	0	.08588074	0
1117.15	0	.91367	0	.08632999	0
1116.15	0	.9132217	0	.08677834	0
1115.15	0	.9127742	0	.08722579	0
1114.15	0	.9123277	0	.08767234	0
1113.15	0	.911882	0	.088118	0
1112.15	0	.9114372	0	.08856276	0
1111.15	0	.9109934	0	.08900663	0
1110.15	0	.9105504	0	.08944961	0
1109.15	0	.9101083	0	.0898917	0
1108.15	0	.9096671	0	.0903329	0
1107.15	0	.9092268	0	.09077322	0
1106.15	0	.9087873	0	.09121266	0
1105.15	0	.9083488	0	.09165121	0
1104.15	0	.9079111	0	.09208888	0
1103.15	0	.9074743	0	.09252568	0
1102.15	0	.9070384	0	.09296159	0
1101.15	0	.9066034	0	.09339664	0
1100.15	0	.9061692	0	.09383081	0
1099.15	0	.9057359	0	.09426411	0
1098.15	0	.9053035	0	.09469654	0
1097.15	0	.9048719	0	.0951281	0
1096.15	0	.9044412	0	.09555879	0
1095.15	0	.9040114	0	.09598862	0
1094.15	0	.9035824	0	.09641759	0
1093.15	0	.9031543	0	.0968457	0
1092.15	0	.9027271	0	.09727294	0
1091.15	0	.9023007	0	.09769933	0
1090.15	0	.9018751	0	.09812486	0
1089.15	0	.9014505	0	.09854954	0
1088.15	0	.9010266	0	.09897336	0
1087.15	0	.9006037	0	.09939633	0
1086.15	0	.9001815	0	.09981846	0
1085.15	0	.8997603	0	.1002397	0
1084.15	0	.8993399	0	.1006602	0
1083.15	0	.8989203	0	.1010797	0
1082.15	0	.8985015	0	.1014985	0
1081.15	0	.8980836	0	.1019164	0
1080.15	0	.8976666	0	.1023334	0
1079.15	0	.8972504	0	.1027496	0
1078.15	0	.896835	0	.103165	0
1077.15	0	.8964204	0	.1035796	0
1076.15	0	.8960067	0	.1039933	0
1075.15	0	.8955939	0	.1044061	0
1074.15	0	.8951818	0	.1048182	0
1073.15	0	.8947706	0	.1052294	0
1072.15	0	.8943602	0	.1056398	0
1071.15	0	.8939507	0	.1060493	0
1070.15	0	.8935419	0	.1064581	0
1069.15	0	.893134	0	.106866	0
1068.15	0	.892727	0	.1072731	0
1067.15	0	.8923207	0	.1076793	0
1066.15	0	.8919152	0	.1080848	0
1065.15	0	.8915106	0	.1084894	0
1064.15	0	.8911068	0	.1088932	0
1063.15	0	.8907038	0	.1092962	0
1062.15	0	.8903017	0	.1096984	0
1061.15	0	.8899003	0	.1100997	0
1060.15	0	.8894997	0	.1105003	0
1059.15	0	.8891	0	.1109	0
1058.15	0	.8887011	0	.111299	0
1057.15	0	.8883029	0	.1116971	0
1056.15	0	.8879056	0	.1120944	0
1055.15	0	.8875091	0	.1124909	0
1054.15	0	.8871134	0	.1128866	0
1053.15	0	.8867185	0	.1132816	0
1052.15	0	.8863243	0	.1136757	0
1051.15	0	.885931	0	.114069	0
1050.15	0	.8855385	0	.1144615	0
1049.15	0	.8851468	0	.1148532	0
1048.15	0	.8847559	0	.1152441	0
1047.15	0	.8843657	0	.1156343	0
1046.15	0	.8839764	0	.1160236	0
1045.15	0	.8835879	0	.1164122	0
1044.15	0	.8832001	0	.1167999	0
1043.15	0	.8828131	0	.1171869	0
1042.15	0	.882427	0	.1175731	0
1041.15	0	.8820415	0	.1179585	0
1040.15	0	.8816569	0	.1183431	0
1039.15	0	.8812731	0	.1187269	0
1038.15	0	.8808901	0	.1191099	0
1037.15	0	.8805078	0	.1194922	0
1036.15	0	.8801263	0	.1198737	0
1035.15	0	.8797456	0	.1202544	0
1034.15	0	.8793657	0	.1206343	0
1033.15	0	.8789865	0	.1210135	0
1032.15	0	.8786082	0	.1213918	0
1031.15	0	.8782306	0	.1217694	0
1030.15	0	.8778537	0	.1221463	0
1029.15	0	.8774777	0	.1225223	0
1028.15	0	.8771024	0	.1228976	0
1027.15	0	.8767279	0	.1232721	0
1026.15	0	.8763541	0	.1236459	0
1025.15	0	.8759811	0	.1240189	0
1024.15	0	.8756089	0	.1243911	0
1023.15	0	.8752375	0	.1247625	0
1022.15	0	.8748668	0	.1251332	0
1021.15	0	.8744968	0	.1255032	0
1020.15	0	.8741277	0	.1258723	0
1019.15	0	.8737593	0	.1262407	0
1018.15	0	.8733916	0	.1266084	0
1017.15	0	.8730247	0	.1269753	0
1016.15	0	.8726586	0	.1273414	0
1015.15	0	.8722932	0	.1277068	0
1014.15	0	.8719286	0	.1280714	0
1013.15	0	.8715647	0	.1284353	0
1012.15	0	.8712016	0	.1287984	0
1011.15	0	.8708392	0	.1291608	0
1010.15	0	.8704776	0	.1295224	0
1009.15	0	.8701167	0	.1298833	0
1008.15	0	.8697566	0	.1302434	0
1007.15	0	.8693972	0	.1306028	0
1006.15	0	.8690386	0	.1309614	0
1005.15	0	.8686807	0	.1313193	0
1004.15	0	.8683236	0	.1316764	0
1003.15	0	.8679672	0	.1320328	0
1002.15	0	.8676115	0	.1323885	0
1001.15	0	.8672566	0	.1327434	0
1000.15	0	.8669024	0	.1330976	0
999.15	0	.866549	0	.133451	0
998.15	0	.8661963	0	.1338037	0
997.15	0	.8658443	0	.1341557	0
996.15	0	.8654931	0	.1345069	0
995.15	0	.8651426	0	.1348574	0
994.15	0	.8647929	0	.1352072	0
993.15	0	.8644438	0	.1355562	0
992.15	0	.8640955	0	.1359045	0
991.15	0	.863748	0	.136252	0
990.15	0	.8634011	0	.1365989	0
989.15	0	.863055	0	.136945	0
988.15	0	.8627097	0	.1372903	0
987.15	0	.862365	0	.137635	0
986.15	0	.8620211	0	.1379789	0
985.15	0	.8616779	0	.1383221	0
984.15	0	.8613354	0	.1386646	0
983.15	0	.8609937	0	.1390063	0
982.15	0	.8606526	0	.1393474	0
981.15	0	.8603123	0	.1396877	0
980.15	0	.8599728	0	.1400273	0
979.15	0	.8596339	0	.1403661	0
978.15	0	.8592957	0	.1407043	0
977.15	0	.8589583	0	.1410417	0
976.15	0	.8586216	0	.1413784	0
975.15	0	.8582856	0	.1417144	0
974.15	0	.8579503	0	.1420497	0
973.15	0	.8576158	0	.1423842	0
972.15	0	.8572819	0	.1427181	0
971.15	0	.8569488	0	.1430512	0
970.15	0	.8566164	0	.1433836	0
969.15	0	.8562846	0	.1437153	0
968.15	0	.8559537	0	.1440463	0
967.15	0	.8556234	0	.1443766	0
966.15	0	.8552938	0	.1447062	0
965.15	0	.8549649	0	.1450351	0
964.15	0	.8546367	0	.1453633	0
963.15	0	.8543093	0	.1456907	0
962.15	0	.8539825	0	.1460175	0
961.15	0	.8536565	0	.1463435	0
960.15	0	.8533311	0	.1466689	0
959.15	0	.8530065	0	.1469935	0
958.15	0	.8526825	0	.1473175	0
957.15	0	.8523593	0	.1476407	0
956.15	0	.8520368	0	.1479632	0
955.15	0	.8517149	0	.1482851	0
954.15	0	.8513938	0	.1486062	0
953.15	0	.8510733	0	.1489267	0
952.15	0	.8507536	0	.1492464	0
951.15	0	.8504346	0	.1495654	0
950.15	0	.8501162	0	.1498838	0
949.15	0	.8497986	0	.1502014	0
948.15	0	.8494816	0	.1505184	0
947.15	0	.8491653	0	.1508347	0
946.15	0	.8488498	0	.1511502	0
945.15	0	.8485349	0	.1514651	0
944.15	0	.8482207	0	.1517793	0
943.15	0	.8479072	0	.1520928	0
942.15	0	.8475944	0	.1524056	0
941.15	0	.8472823	0	.1527177	0
940.15	0	.8469709	0	.1530291	0
939.15	0	.8466602	0	.1533398	0
938.15	0	.8463501	0	.1536499	0
937.15	0	.8460408	0	.1539592	0
936.15	0	.8457321	0	.1542679	0
935.15	0	.8454241	0	.1545759	0
934.15	0	.8451168	0	.1548832	0
933.15	0	.8448102	0	.1551898	0
932.15	0	.8445043	0	.1554957	0
931.15	0	.844199	0	.155801	0
930.15	0	.8438945	0	.1561055	0
929.15	0	.8435906	0	.1564094	0
928.15	0	.8432874	0	.1567126	0
927.15	0	.8429849	0	.1570151	0
926.15	0	.842683	0	.157317	0
925.15	0	.8423819	0	.1576181	0
924.15	0	.8420814	0	.1579186	0
923.15	0	.8417816	0	.1582184	0
922.15	0	.8414825	0	.1585175	0
921.15	0	.841184	0	.158816	0
920.15	0	.8408863	0	.1591137	0
919.15	0	.8405892	0	.1594108	0
918.15	0	.8402928	0	.1597072	0
917.15	0	.839997	0	.160003	0
916.15	0	.839702	0	.160298	0
915.15	0	.8394076	0	.1605924	0
914.15	0	.8391139	0	.1608861	0
913.15	0	.8388208	0	.1611792	0
912.15	0	.8385284	0	.1614716	0
911.15	0	.8382367	0	.1617633	0
910.15	0	.8379457	0	.1620543	0
909.15	0	.8376554	0	.1623446	0
908.15	0	.8373657	0	.1626343	0
907.15	0	.8370767	0	.1629234	0
906.15	0	.8367883	0	.1632117	0
905.15	0	.8365006	0	.1634994	0
904.15	0	.8362136	0	.1637864	0
903.15	0	.8359273	0	.1640728	0
902.15	0	.8356416	0	.1643584	0
901.15	0	.8353566	0	.1646434	0
900.15	0	.8350722	0	.1649278	0
899.15	0	.8347885	0	.1652115	0
898.15	0	.8345055	0	.1654945	0
897.15	0	.8342232	0	.1657768	0
896.15	0	.8339415	0	.1660585	0
895.15	0	.8336604	0	.1663396	0
894.15	0	.8333801	0	.1666199	0
893.15	0	.8331004	0	.1668996	0
892.15	0	.8328213	0	.1671787	0
891.15	0	.832543	0	.167457	0
890.15	0	.8322652	0	.1677348	0
889.15	0	.8319882	0	.1680118	0
888.15	0	.8317118	0	.1682882	0
887.15	0	.831436	0	.168564	0
886.15	0	.831161	0	.168839	0
885.15	0	.8308866	0	.1691134	0
884.15	0	.8306128	0	.1693872	0
883.15	0	.8303397	0	.1696603	0
882.15	0	.8300672	0	.1699328	0
881.15	0	.8297954	0	.1702046	0
880.15	0	.8295243	0	.1704757	0
879.15	0	.8292538	0	.1707462	0
878.15	0	.828984	0	.171016	0
877.15	0	.8287148	0	.1712852	0
876.15	0	.8284463	0	.1715537	0
875.15	0	.8281785	0	.1718215	0
874.15	0	.8279113	0	.1720887	0
873.15	0	.8276447	0	.1723553	0
872.15	0	.8273788	0	.1726212	0
871.15	0	.8271136	0	.1728864	0
870.15	0	.826849	0	.173151	0
869.15	0	.826585	0	.173415	0
868.15	0	.8263217	0	.1736783	0
867.15	0	.8260591	0	.1739409	0
866.15	0	.8257971	0	.1742029	0
865.15	0	.8255358	0	.1744642	0
864.15	0	.8252751	0	.174725	0
863.15	0	.825015	0	.174985	0
862.15	0	.8247556	0	.1752444	0
861.15	0	.8244969	0	.1755031	0
860.15	0	.8242388	0	.1757612	0
859.15	0	.8239813	0	.1760187	0
858.15	0	.8237245	0	.1762755	0
857.15	0	.8234683	0	.1765317	0
856.15	0	.8232128	0	.1767872	0
855.15	0	.822958	0	.177042	0
854.15	0	.8227037	0	.1772963	0
853.15	0	.8224502	0	.1775498	0
852.15	0	.8221972	0	.1778028	0
851.15	0	.821945	0	.178055	0
850.15	0	.8216933	0	.1783067	0
849.15	0	.8214423	0	.1785577	0
848.15	0	.8211919	0	.1788081	0
847.15	0	.8209422	0	.1790578	0
846.15	0	.8206932	0	.1793068	0
845.15	0	.8204447	0	.1795553	0
844.15	0	.8201969	0	.1798031	0
843.15	0	.8199498	0	.1800502	0
842.15	0	.8197033	0	.1802967	0
841.15	0	.8194574	0	.1805426	0
840.4468	0	.8192849	0	.1807151	0
840.4468	0	.8192849	0	.1807151	0
840.4468	0	.8192849	0	.1807151	0
840.15	0	.819007	2.432083E-04	.1807498	0
839.15	0	.8180705	.001064225	.1808653	0
838.15	0	.8171333	.001887851	.1809789	0
837.15	0	.8161953	.002714196	.1810906	0
836.15	0	.8152564	.003543373	.1812003	0
835.15	0	.8143165	.004375498	.181308	0
834.15	0	.8133756	.005210695	.1814137	0
833.15	0	.8124336	.006049087	.1815173	0
832.15	0	.8114903	.006890806	.1816189	0
831.15	0	.8105457	.007735986	.1817183	0
830.15	0	.8095996	.008584767	.1818156	0
829.15	0	.808652	.009437294	.1819107	0
828.15	0	.8077027	.01029372	.1820036	0
827.15	0	.8067515	.01115419	.1820943	0
826.15	0	.8057985	.01201888	.1821827	0
825.15	0	.8048434	.01288796	.1822687	0
824.15	0	.8038861	.01376159	.1823523	0
823.15	0	.8029264	.01463997	.1824336	0
822.15	0	.8019643	.01552328	.1825124	0
821.15	0	.8009996	.01641173	.1825887	0
820.15	0	.8000321	.01730551	.1826624	0
819.15	0	.7990616	.01820485	.1827335	0
818.15	0	.798088	.01910998	.182802	0
817.15	0	.7971111	.02002112	.1828678	0
816.15	0	.7961307	.02093854	.1829308	0
815.15	0	.7951466	.02186248	.1829909	0
814.15	0	.7941586	.02279322	.1830482	0
813.15	0	.7931665	.02373106	.1831025	0
812.15	0	.79217	.02467628	.1831538	0
811.15	0	.7911689	.0256292	.183202	0
810.15	0	.7901629	.02659017	.1832469	0
809.15	0	.7891518	.02755952	.1832887	0
808.15	0	.7881353	.02853764	.1833271	0
807.15	0	.7871131	.02952491	.183362	0
806.15	0	.7860848	.03052175	.1833934	0
805.15	0	.7850502	.03152859	.1834212	0
804.15	0	.7840089	.03254592	.1834452	0
803.15	0	.7829604	.03357421	.1834654	0
802.15	0	.7819044	.034614	.1834816	0
801.15	0	.7808405	.03566586	.1834937	0
800.15	0	.7797681	.03673037	.1835015	0
799.15	0	.7786869	.03780819	.183505	0
798.15	0	.7775962	.0389	.1835038	0
797.15	0	.7764955	.04000654	.183498	0
796.15	0	.7753841	.0411286	.1834873	0
795.15	0	.7742615	.04226704	.1834714	0
794.15	0	.7731274	.04342237	.1834502	0
793.15	0	.77198	.04459646	.1834235	0
792.15	0	.770819	.04578994	.183391	0
791.15	0	.7696435	.047004	.1833525	0
790.15	0	.7684525	.04823993	.1833076	0
789.15	0	.7672448	.04949914	.1832561	0
788.15	0	.7660194	.05078319	.1831975	0
787.15	0	.7647748	.05209379	.1831315	0
786.15	0	.7635095	.05343284	.1830576	0
785.15	0	.7622221	.05480245	.1829755	0
784.15	0	.7609106	.05620497	.1828845	0
783.15	0	.7595729	.05764305	.182784	0
782.15	0	.7579924	.05938165	.182626	0
781.15	0	.7557372	.06195077	.1823121	0
780.15	0	.7535859	.06440045	.1820136	0
779.15	0	.7515303	.06674033	.1817294	0
778.15	0	.7495627	.06897902	.1814583	0
777.15	0	.7476765	.07112419	.1811993	0
776.15	0	.7458657	.07318271	.1809516	0
775.15	0	.7441248	.07516075	.1807144	0
774.15	0	.7424491	.07706387	.180487	0
773.15	0	.7408343	.0788971	.1802687	0
772.15	0	.7392762	.08066499	.1800588	0
771.15	0	.7377714	.08237168	.1798569	0
770.15	0	.7363166	.08402093	.1796624	0
769.15	0	.7349089	.08561619	.179475	0
768.15	0	.7335454	.0871606	.179294	0
767.15	0	.7322237	.08865706	.1791193	0
766.15	0	.7309415	.09010822	.1789503	0
765.15	0	.7296966	.09151653	.1787869	0
764.15	0	.7284872	.09288426	.1786286	0
763.15	0	.7273113	.09421349	.1784752	0
762.15	0	.7261675	.09550615	.1783264	0
761.15	0	.7250539	.09676407	.178182	0
760.15	0	.7239693	.09798889	.1780418	0
759.15	0	.7229123	.09918219	.1779055	0
758.15	0	.7218817	.1003454	.1777729	0
757.15	0	.7208761	.1014799	.1776439	0
756.15	0	.7198946	.102587	.1775183	0
755.15	0	.7189362	.1036679	.177396	0
754.15	0	.7179998	.1047235	.1772767	0
753.15	0	.7170846	.1057552	.1771603	0
752.15	0	.7161896	.1067637	.1770467	0
751.15	0	.7153141	.1077501	.1769358	0
750.15	0	.7144574	.1087152	.1768274	0
749.15	0	.7136187	.1096598	.1767215	0
748.15	0	.7127973	.1105848	.1766179	0
747.15	0	.7119926	.1114909	.1765165	0
746.15	0	.7112041	.1123787	.1764173	0
745.15	0	.710431	.1132489	.1763201	0
744.15	0	.7096729	.1141022	.1762249	0
743.15	0	.7089293	.1149392	.1761315	0
742.15	0	.7081996	.1157604	.17604	0
741.15	0	.7074834	.1165664	.1759502	0
740.15	0	.7067803	.1173576	.1758621	0
739.15	0	.7060898	.1181347	.1757755	0
738.15	0	.7054115	.1188979	.1756905	0
737.15	0	.7047451	.1196479	.175607	0
736.15	0	.7040901	.1203849	.1755249	0
735.15	0	.7034463	.1211095	.1754442	0
734.15	0	.7028132	.121822	.1753648	0
733.15	0	.7021906	.1225227	.1752867	0
732.15	0	.7015781	.1232121	.1752097	0
731.15	0	.7009755	.1238905	.175134	0
730.15	0	.7003825	.1245581	.1750594	0
729.15	0	.6997988	.1252154	.1749859	0
728.15	0	.6992241	.1258625	.1749134	0
727.15	0	.6986582	.1264998	.174842	0
726.15	0	.6981008	.1271276	.1747715	0
725.15	0	.6975518	.1277462	.174702	0
724.15	0	.6970109	.1283557	.1746335	0
723.15	0	.6964778	.1289564	.1745658	0
722.15	0	.6959525	.1295486	.1744989	0
721.15	0	.6954346	.1301325	.1744329	0
720.15	0	.694924	.1307083	.1743677	0
719.15	0	.6944206	.1312762	.1743032	0
718.15	0	.693924	.1318365	.1742395	0
717.15	0	.6934343	.1323892	.1741765	0
716.15	0	.6929511	.1329347	.1741143	0
715.15	0	.6924744	.133473	.1740526	0
714.15	0	.6920039	.1340044	.1739917	0
713.15	0	.6915396	.134529	.1739314	0
712.15	0	.6910813	.135047	.1738717	0
711.15	0	.6906289	.1355586	.1738126	0
710.15	0	.6901821	.1360639	.173754	0
709.15	0	.689741	.136563	.173696	0
708.15	0	.6893053	.1370561	.1736386	0
707.15	0	.688875	.1375433	.1735817	0
706.15	0	.6884499	.1380248	.1735253	0
705.15	0	.68803	.1385007	.1734693	0
704.15	0	.687615	.1389711	.1734139	0
703.15	0	.687205	.1394361	.1733589	0
702.15	0	.6867997	.1398959	.1733044	0
701.15	0	.6863992	.1403506	.1732503	0
700.15	0	.6860032	.1408002	.1731966	0
699.15	0	.6856117	.141245	.1731433	0
698.15	0	.6852247	.1416849	.1730904	0
697.15	0	.684842	.1421201	.1730379	0
696.15	0	.6844635	.1425507	.1729858	0
695.15	0	.6840892	.1429767	.1729341	0
694.15	0	.683719	.1433984	.1728827	0
693.15	0	.6833527	.1438157	.1728316	0
692.15	0	.6829904	.1442288	.1727809	0
691.15	0	.6826319	.1446377	.1727304	0
690.15	0	.6822772	.1450425	.1726803	0
689.15	0	.6819262	.1454433	.1726306	0
688.15	0	.6815788	.1458402	.1725811	0
687.15	0	.681235	.1462332	.1725318	0
686.15	0	.6808946	.1466225	.1724829	0
685.15	0	.6805577	.147008	.1724342	0
684.15	0	.6802242	.1473899	.1723858	0
683.15	0	.679894	.1477683	.1723377	0
682.15	0	.6795671	.1481431	.1722898	0
681.15	0	.6792433	.1485145	.1722421	0
680.15	0	.6789227	.1488826	.1721947	0
679.15	0	.6786052	.1492473	.1721475	0
678.15	0	.6782907	.1496088	.1721005	0
677.15	0	.6779792	.149967	.1720538	0
676.15	0	.6776706	.1503221	.1720072	0
675.15	0	.677365	.1506742	.1719609	0
674.15	0	.6770621	.1510231	.1719148	0
673.15	0	.676762	.1513692	.1718688	0
672.15	0	.6764647	.1517122	.1718231	0
671.15	0	.6761701	.1520524	.1717775	0
670.15	0	.6758781	.1523898	.1717321	0
669.15	0	.6755888	.1527244	.1716869	0
668.15	0	.675302	.1530562	.1716418	0
667.15	0	.6750178	.1533853	.1715969	0
666.15	0	.674736	.1537118	.1715522	0
665.15	0	.6744567	.1540357	.1715076	0
664.15	0	.6741798	.154357	.1714632	0
663.15	0	.6739053	.1546758	.1714189	0
662.15	0	.6736331	.1549921	.1713748	0
661.15	0	.6733633	.1553059	.1713308	0
660.15	0	.6730957	.1556174	.1712869	0
659.15	0	.6728304	.1559264	.1712432	0
658.15	0	.6725672	.1562332	.1711996	0
657.15	0	.6723063	.1565376	.1711562	0
656.15	0	.6720474	.1568397	.1711128	0
655.15	0	.6717907	.1571397	.1710696	0
654.15	0	.6715361	.1574374	.1710265	0
653.15	0	.6712835	.157733	.1709835	0
652.15	0	.671033	.1580264	.1709406	0
651.15	0	.6707844	.1583177	.1708979	0
650.15	0	.6705379	.1586069	.1708552	0
649.15	0	.6702932	.1588941	.1708127	0
648.15	0	.6700505	.1591793	.1707702	0
647.15	0	.6698096	.1594625	.1707279	0
646.15	0	.6695707	.1597438	.1706856	0
645.15	0	.6693335	.1600231	.1706434	0
644.15	0	.6690982	.1603005	.1706014	0
643.15	0	.6688646	.160576	.1705594	0
642.15	0	.6686329	.1608497	.1705175	0
641.15	0	.6684028	.1611215	.1704757	0
640.15	0	.6681745	.1613915	.170434	0
639.15	0	.6679479	.1616598	.1703923	0
638.15	0	.667723	.1619263	.1703508	0
637.15	0	.6674997	.162191	.1703093	0
636.15	0	.667278	.1624541	.1702679	0
635.15	0	.667058	.1627154	.1702266	0
634.15	0	.6668396	.1629751	.1701853	0
633.15	0	.6666227	.1632332	.1701441	0
632.15	0	.6664074	.1634896	.170103	0
631.15	0	.6661936	.1637444	.170062	0
630.15	0	.6659814	.1639976	.170021	0
629.15	0	.6657706	.1642493	.1699801	0
628.15	0	.6655613	.1644994	.1699393	0
627.15	0	.6653535	.164748	.1698985	0
626.15	0	.6651472	.164995	.1698578	0
625.15	0	.6649423	.1652406	.1698172	0
624.15	0	.6647387	.1654847	.1697766	0
623.15	0	.6645366	.1657274	.169736	0
622.15	0	.6643359	.1659686	.1696956	0
621.15	0	.6641365	.1662083	.1696552	0
620.15	0	.6639385	.1664467	.1696148	0
619.15	0	.6637418	.1666837	.1695745	0
618.15	0	.6635464	.1669193	.1695343	0
617.15	0	.6633524	.1671536	.1694941	0
616.15	0	.6631596	.1673865	.1694539	0
615.15	0	.6629681	.167618	.1694139	0
614.15	0	.6627779	.1678483	.1693738	0
613.15	0	.6625889	.1680772	.1693338	0
612.15	0	.6624012	.1683049	.1692939	0
611.15	0	.6622147	.1685313	.169254	0
610.15	0	.6620294	.1687564	.1692142	0
609.15	0	.6618453	.1689803	.1691744	0
608.15	0	.6616624	.169203	.1691347	0
607.15	0	.6614806	.1694244	.169095	0
606.15	0	.6613	.1696446	.1690553	0
605.15	0	.6611206	.1698637	.1690157	0
604.15	0	.6609423	.1700815	.1689762	0
603.15	0	.6607652	.1702982	.1689367	0
602.15	0	.6605891	.1705137	.1688972	0
601.15	0	.6604142	.170728	.1688578	0
600.15	0	.6602403	.1709413	.1688184	0
599.15	0	.6600675	.1711534	.1687791	0
598.15	0	.6598958	.1713643	.1687398	0
597.15	0	.6597252	.1715742	.1687006	0
596.15	0	.6595556	.171783	.1686614	0
595.15	0	.6593871	.1719907	.1686222	0
594.15	0	.6592196	.1721973	.1685831	0
593.15	0	.6590531	.1724029	.168544	0
592.15	0	.6588876	.1726074	.168505	0
591.15	0	.6587232	.1728108	.168466	0
590.15	0	.6585597	.1730132	.1684271	0
589.15	0	.6583972	.1732146	.1683881	0
588.15	0	.6582357	.173415	.1683493	0
587.15	0	.6580752	.1736144	.1683105	0
586.15	0	.6579156	.1738128	.1682717	0
585.15	0	.657757	.1740101	.1682329	0
584.15	0	.6575993	.1742065	.1681942	0
583.15	0	.6574425	.1744019	.1681555	0
582.15	0	.6572867	.1745964	.1681169	0
581.15	0	.6571318	.1747899	.1680783	0
580.15	0	.6569778	.1749824	.1680398	0
579.15	0	.6568247	.175174	.1680013	0
578.15	0	.6566725	.1753647	.1679628	0
577.15	0	.6565212	.1755544	.1679244	0
576.15	0	.6563707	.1757433	.167886	0
575.15	0	.6562212	.1759312	.1678477	0
574.15	0	.6560725	.1761182	.1678093	0
573.15	0	.6559247	.1763043	.1677711	0
572.15	0	.6557777	.1764895	.1677329	0
571.15	0	.6556315	.1766738	.1676947	0
570.15	0	.6554862	.1768572	.1676565	0
569.15	0	.6553418	.1770398	.1676184	0
568.15	0	.6551981	.1772215	.1675804	0
567.15	0	.6550553	.1774024	.1675423	0
566.15	0	.6549133	.1775824	.1675044	0
565.15	0	.6547721	.1777615	.1674664	0
564.15	0	.6546317	.1779398	.1674285	0
563.15	0	.654492	.1781173	.1673907	0
562.15	0	.6543532	.178294	.1673528	0
561.15	0	.6542152	.1784698	.1673151	0
560.15	0	.6540779	.1786448	.1672773	0
559.15	0	.6539414	.178819	.1672396	0
558.15	0	.6538056	.1789924	.167202	0
557.15	0	.6536707	.179165	.1671644	0
556.15	0	.6535364	.1793367	.1671268	0
555.15	0	.653403	.1795077	.1670893	0
554.15	0	.6532703	.1796779	.1670517	0
553.15	0	.6531383	.1798474	.1670143	0
552.15	0	.6530071	.180016	.1669769	0
551.15	0	.6528765	.1801839	.1669396	0
550.15	0	.6527467	.180351	.1669023	0
549.15	0	.6526176	.1805174	.166865	0
548.15	0	.6524892	.180683	.1668278	0
547.15	0	.6523616	.1808478	.1667906	0
546.15	0	.6522346	.1810119	.1667535	0
545.15	0	.6521083	.1811753	.1667164	0
544.15	0	.6519827	.1813379	.1666794	0
543.15	0	.6518578	.1814998	.1666424	0
542.15	0	.6517336	.1816609	.1666055	0
541.15	0	.6516101	.1818213	.1665686	0
540.15	0	.6514872	.181981	.1665318	0
539.15	0	.651365	.18214	.166495	0
538.15	0	.6512435	.1822983	.1664582	0
537.15	0	.6511227	.1824558	.1664215	0
536.15	0	.6510025	.1826127	.1663849	0
535.15	0	.6508829	.1827688	.1663483	0
534.15	0	.650764	.1829243	.1663117	0
533.15	0	.6506458	.183079	.1662752	0
532.15	0	.6505282	.1832331	.1662388	0
531.15	0	.6504112	.1833864	.1662024	0
530.15	0	.6502949	.1835391	.166166	0
529.15	0	.6501792	.1836911	.1661297	0
528.15	0	.6500641	.1838424	.1660935	0
527.15	0	.6499497	.183993	.1660573	0
526.15	0	.6498359	.184143	.1660211	0
525.15	0	.6497226	.1842923	.1659851	0
524.15	0	.64961	.1844409	.165949	0
523.15	0	.6494981	.1845889	.165913	0
522.15	0	.6493867	.1847362	.1658771	0
521.15	0	.6492759	.1848829	.1658412	0
520.15	0	.6491657	.1850289	.1658054	0
519.15	0	.6490561	.1851742	.1657697	0
518.15	0	.6489471	.1853189	.165734	0
517.15	0	.6488387	.185463	.1656983	0
516.15	0	.6487309	.1856064	.1656627	0
515.15	0	.6486237	.1857491	.1656272	0
514.15	0	.648517	.1858913	.1655917	0
513.15	0	.6484109	.1860327	.1655563	0
512.15	0	.6483054	.1861736	.165521	0
511.15	0	.6482005	.1863139	.1654857	0
510.15	0	.6480961	.1864535	.1654504	0
509.15	0	.6479923	.1865924	.1654153	0
508.15	0	.6478891	.1867308	.1653801	0
507.15	0	.6477864	.1868685	.1653451	0
506.15	0	.6476843	.1870056	.1653101	0
505.15	0	.6475827	.1871421	.1652752	0
504.15	0	.6474817	.187278	.1652403	0
503.15	0	.6473812	.1874133	.1652055	0
502.15	0	.6472813	.187548	.1651708	0
501.15	0	.6471819	.187682	.1651361	0
500.15	0	.647083	.1878155	.1651015	0
499.15	0	.6469847	.1879484	.1650669	0
498.15	0	.646887	.1880806	.1650324	0
497.15	0	.6467897	.1882123	.164998	0
496.15	0	.646693	.1883433	.1649637	0
495.15	0	.6465968	.1884738	.1649294	0
494.15	0	.6465012	.1886037	.1648952	0
493.15	0	.646406	.188733	.164861	0
492.15	0	.6463114	.1888616	.1648269	0
491.15	0	.6462173	.1889898	.1647929	0
490.15	0	.6461237	.1891173	.164759	0
489.15	0	.6460307	.1892442	.1647251	0
488.15	0	.6459381	.1893706	.1646913	0
487.15	0	.6458461	.1894963	.1646576	0
486.15	0	.6457545	.1896215	.1646239	0
485.15	0	.6456635	.1897462	.1645903	0
484.15	0	.645573	.1898702	.1645568	0
483.15	0	.6454829	.1899937	.1645234	0
482.15	0	.6453934	.1901166	.16449	0
481.15	0	.6453043	.1902389	.1644567	0
480.15	0	.6452158	.1903607	.1644235	0
479.15	0	.6451277	.1904819	.1643904	0
478.15	0	.6450402	.1906025	.1643573	0
477.15	0	.6449531	.1907226	.1643243	0
476.15	0	.6448665	.1908421	.1642914	0
475.15	0	.6447804	.190961	.1642586	0
474.15	0	.6446947	.1910794	.1642258	0
473.15	0	.6446096	.1911973	.1641931	0
472.15	0	.6445249	.1913145	.1641605	0
471.15	0	.6444407	.1914313	.164128	0
470.15	0	.644357	.1915474	.1640956	0
469.15	0	.6442737	.191663	.1640632	0
468.15	0	.644191	.1917781	.1640309	0
467.15	0	.6441087	.1918926	.1639987	0
466.15	0	.6440268	.1920066	.1639666	0
465.15	0	.6439454	.19212	.1639346	0
464.15	0	.6438645	.1922329	.1639026	0
463.15	0	.6437841	.1923452	.1638708	0
462.15	0	.6437041	.192457	.163839	0
461.15	0	.6436245	.1925682	.1638073	0
460.15	0	.6435454	.1926789	.1637757	0
459.15	0	.6434668	.1927891	.1637441	0
458.15	0	.6433886	.1928987	.1637127	0
457.15	0	.6433109	.1930078	.1636813	0
456.15	0	.6432336	.1931163	.16365	0
455.15	0	.6431568	.1932243	.1636189	0
454.15	0	.6430804	.1933318	.1635878	0
453.15	0	.6430045	.1934387	.1635568	0
452.15	0	.642929	.1935452	.1635258	0
451.15	0	.642854	.193651	.163495	0
450.15	0	.6427794	.1937564	.1634643	0
449.15	0	.6427052	.1938611	.1634336	0
448.15	0	.6426316	.1939653	.1634031	0
447.15	0	.6425583	.194069	.1633727	0
446.15	0	.6424855	.1941721	.1633424	0
445.15	0	.6424132	.1942747	.1633121	0
444.15	0	.6423413	.1943767	.163282	0
443.15	0	.6422699	.1944782	.163252	0
442.15	0	.6421989	.1945791	.1632221	0
441.15	0	.6421284	.1946794	.1631923	0
440.15	0	.6420583	.1947791	.1631626	0
439.15	0	.6419887	.1948783	.163133	0
438.15	0	.6419196	.1949769	.1631035	0
437.15	0	.6418509	.1950749	.1630742	0
436.15	0	.6417827	.1951723	.163045	0
435.15	0	.641715	.1952691	.1630159	0
434.15	0	.6416477	.1953653	.1629869	0
433.15	0	.6415809	.195461	.1629581	0
432.15	0	.6415146	.195556	.1629294	0
431.15	0	.6414487	.1956504	.1629008	0
430.15	0	.6413833	.1957443	.1628724	0
429.15	0	.6413184	.1958375	.1628441	0
428.15	0	.641254	.1959301	.1628159	0
427.15	0	.64119	.1960221	.1627879	0
426.15	0	.6411265	.1961135	.16276	0
425.15	0	.6410635	.1962043	.1627322	0
424.15	0	.6410009	.1962945	.1627046	0
423.15	0	.6409388	.1963841	.1626771	0
422.15	0	.6408772	.196473	.1626498	0
421.15	0	.6408161	.1965614	.1626226	0
420.15	0	.6407554	.1966491	.1625955	0
419.15	0	.6406952	.1967362	.1625686	0
418.15	0	.6406354	.1968227	.1625418	0
417.15	0	.6405761	.1969086	.1625152	0
416.15	0	.6405173	.1969939	.1624888	0
415.15	0	.640459	.1970786	.1624624	0
414.15	0	.6404011	.1971626	.1624363	0
413.15	0	.6403437	.1972461	.1624102	0
412.15	0	.6402867	.197329	.1623844	0
411.15	0	.6402302	.1974112	.1623586	0
410.15	0	.6401741	.1974928	.162333	0
409.15	0	.6401185	.1975738	.1623076	0
408.15	0	.6400634	.1976543	.1622823	0
407.15	0	.6400087	.1977341	.1622572	0
406.15	0	.6399545	.1978133	.1622322	0
405.15	0	.6399007	.197892	.1622074	0
404.15	0	.6398473	.19797	.1621827	0
403.15	0	.6397944	.1980474	.1621582	0
402.15	0	.639742	.1981243	.1621338	0
401.15	0	.6396899	.1982005	.1621096	0
400.15	0	.6396384	.1982762	.1620855	0
399.15	0	.6395872	.1983512	.1620615	0
398.15	0	.6395365	.1984257	.1620378	0
397.15	0	.6394862	.1984997	.1620141	0
396.15	0	.6394364	.198573	.1619907	0
395.15	0	.6393869	.1986457	.1619673	0
394.15	0	.6393379	.1987179	.1619442	0
393.15	0	.6392893	.1987895	.1619211	0
392.15	0	.6392412	.1988606	.1618982	0
391.15	0	.6391934	.1989311	.1618755	0
390.15	0	.6391461	.199001	.1618529	0
389.15	0	.6390992	.1990704	.1618305	0
388.15	0	.6390527	.1991392	.1618082	0
387.15	0	.6390066	.1992074	.161786	0
386.15	0	.6389609	.1992751	.1617641	0
385.15	0	.6389155	.1993423	.1617422	0
384.15	0	.6388706	.1994089	.1617205	0
383.15	0	.6388261	.1994749	.1616989	0
382.15	0	.638782	.1995405	.1616775	0
381.15	0	.6387383	.1996055	.1616563	0
380.15	0	.6386949	.19967	.1616351	0
379.15	0	.638652	.1997339	.1616141	0
378.15	0	.6386094	.1997973	.1615933	0
377.15	0	.6385672	.1998602	.1615726	0
376.15	0	.6385254	.1999226	.161552	0
375.15	0	.6384839	.1999845	.1615316	0
374.15	0	.6384428	.2000459	.1615113	0
373.15	0	.6384021	.2001067	.1614912	0
372.15	0	.6383617	.2001671	.1614712	0
371.15	0	.6383217	.2002269	.1614513	0
370.15	0	.6382821	.2002863	.1614316	0
369.15	0	.6382428	.2003452	.161412	0
368.15	0	.6382039	.2004035	.1613926	0
367.15	0	.6381653	.2004614	.1613733	0
366.15	0	.6381271	.2005189	.1613541	0
365.15	0	.6380891	.2005758	.161335	0
364.15	0	.6380516	.2006323	.1613161	0
363.15	0	.6380144	.2006883	.1612974	0
362.15	0	.6379775	.2007438	.1612787	0
361.15	0	.6379409	.2007989	.1612602	0
360.15	0	.6379047	.2008535	.1612418	0
359.15	0	.6378688	.2009077	.1612235	0
358.15	0	.6378332	.2009614	.1612054	0
357.15	0	.6377979	.2010146	.1611874	0
356.15	0	.637763	.2010675	.1611695	0
355.15	0	.6377284	.2011199	.1611518	0
354.15	0	.637694	.2011718	.1611342	0
353.15	0	.63766	.2012233	.1611167	0
352.15	0	.6376263	.2012744	.1610993	0
351.15	0	.6375929	.2013251	.1610821	0
350.15	0	.6375597	.2013753	.1610649	0
349.15	0	.6375269	.2014251	.1610479	0
348.15	0	.6374944	.2014745	.1610311	0
347.15	0	.6374622	.2015235	.1610143	0
346.15	0	.6374302	.2015721	.1609977	0
345.15	0	.6373985	.2016203	.1609812	0
344.15	0	.6373671	.2016681	.1609647	0
343.15	0	.637336	.2017155	.1609485	0
342.15	0	.6373052	.2017625	.1609323	0
341.15	0	.6372746	.2018091	.1609163	0
340.15	0	.6372443	.2018554	.1609003	0
339.15	0	.6372143	.2019012	.1608845	0
338.15	0	.6371845	.2019467	.1608688	0
337.15	0	.637155	.2019918	.1608532	0
336.15	0	.6371258	.2020365	.1608378	0
335.15	0	.6370968	.2020809	.1608224	0
334.15	0	.637068	.2021249	.1608071	0
333.15	0	.6370395	.2021685	.160792	0
332.15	0	.6370113	.2022118	.160777	0
331.15	0	.6369833	.2022547	.160762	0
330.15	0	.6369555	.2022972	.1607472	0
329.15	0	.636928	.2023395	.1607325	0
328.15	0	.6369007	.2023814	.1607179	0
327.15	0	.6368736	.2024229	.1607035	0
326.15	0	.6368468	.2024641	.1606891	0
325.15	0	.6368202	.202505	.1606748	0
324.15	0	.6367939	.2025455	.1606607	0
323.15	0	.6367677	.2025857	.1606466	0
322.15	0	.6367418	.2026256	.1606326	0
321.15	0	.6367161	.2026652	.1606188	0
320.15	0	.6366906	.2027044	.160605	0
319.15	0	.6366653	.2027433	.1605914	0
318.15	0	.6366402	.202782	.1605778	0
317.15	0	.6366154	.2028203	.1605644	0
316.15	0	.6365907	.2028583	.160551	0
315.15	0	.6365662	.202896	.1605378	0
314.15	0	.636542	.2029334	.1605247	0
313.15	0	.6365179	.2029705	.1605116	0
312.15	0	.6364941	.2030073	.1604987	0
311.15	0	.6364704	.2030438	.1604858	0
310.15	0	.6364469	.20308	.1604731	0
309.15	0	.6364236	.203116	.1604604	0
308.15	0	.6364005	.2031516	.1604479	0
307.15	0	.6363776	.203187	.1604354	0
306.15	0	.6363548	.2032221	.160423	0
305.15	0	.6363323	.203257	.1604108	0
304.15	0	.6363099	.2032915	.1603986	0
303.15	0	.6362877	.2033258	.1603865	0
302.15	0	.6362656	.2033598	.1603746	0
301.15	0	.6362438	.2033936	.1603627	0
300.15	0	.6362221	.2034271	.1603509	0
299.15	0	.6362005	.2034603	.1603392	0
298.15	0	.6361791	.2034933	.1603276	0
