T	 BPW(LIQUID)	BPW(BCC_A2)	BPW(FCC_A1)	BPW(LAVES_PHASE_C14)	BPW(NI3TI)
1473.15	.1826697	.5730834	0	.244247	0
1472.15	.1776316	.5763482	0	.2460202	0
1471.15	.172687	.5795485	0	.2477645	0
1470.15	.1678335	.582686	0	.2494804	0
1469.15	.1630688	.5857623	0	.2511689	0
1468.15	.1583904	.588779	0	.2528306	0
1467.15	.1537962	.5917375	0	.2544663	0
1466.15	.1492841	.5946394	0	.2560766	0
1465.15	.1448519	.597486	0	.2576621	0
1464.15	.1404976	.6002788	0	.2592236	0
1463.15	.1362194	.603019	0	.2607616	0
1462.15	.1320153	.605708	0	.2622767	0
1461.15	.1278835	.608347	0	.2637695	0
1460.15	.1238223	.6109371	0	.2652406	0
1459.15	.1198299	.6134797	0	.2666905	0
1458.15	.1159046	.6159757	0	.2681197	0
1457.15	.112045	.6184263	0	.2695287	0
1456.15	.1082493	.6208326	0	.2709181	0
1455.15	.1045162	.6231956	0	.2722882	0
1455.145	.1044961	.6232083	0	.2722956	0
1455.145	.1044961	.6232083	0	.2722956	0
1455.145	.1044961	.6232083	0	.2722956	0
1454.15	.09088488	.6107972	.0215136	.2768043	0
1453.15	.07748021	.5987006	.04260927	.28121	0
1452.15	.06434622	.586973	.06318833	.2854924	0
1451.15	.05147238	.5756009	.08327025	.2896565	0
1450.15	.03884864	.5645713	.1028735	.2937065	0
1449.15	.02646546	.5538719	.1220158	.2976468	0
1448.15	.01431372	.543491	.1407139	.3014814	0
1447.15	.002384721	.5334174	.1589837	.3052142	0
1446.948	0	.5314177	.1626257	.3059566	0
1446.948	0	.5314177	.1626257	.3059566	0
1446.15	0	.5292791	.1643832	.3063377	0
1445.15	0	.5266052	.1665812	.3068136	0
1444.15	0	.5239384	.168774	.3072877	0
1443.15	0	.5212787	.1709615	.3077598	0
1442.15	0	.5186261	.1731438	.30823	0
1441.15	0	.5159806	.175321	.3086984	0
1440.15	0	.5133421	.177493	.3091649	0
1439.15	0	.5107106	.1796598	.3096296	0
1438.15	0	.5080862	.1818214	.3100924	0
1437.15	0	.5054687	.1839779	.3105534	0
1436.15	0	.5028582	.1861293	.3110126	0
1435.15	0	.5002546	.1882755	.3114699	0
1434.15	0	.497658	.1904166	.3119254	0
1433.15	0	.4950682	.1925526	.3123792	0
1432.15	0	.4924854	.1946835	.3128311	0
1431.15	0	.4899094	.1968093	.3132813	0
1430.15	0	.4873403	.19893	.3137297	0
1429.15	0	.484778	.2010457	.3141763	0
1428.15	0	.4822226	.2031562	.3146212	0
1427.15	0	.4796739	.2052617	.3150644	0
1426.15	0	.477132	.2073622	.3155058	0
1425.15	0	.4745969	.2094577	.3159455	0
1424.15	0	.4720685	.2115481	.3163834	0
1423.15	0	.4695469	.2136335	.3168197	0
1422.15	0	.467032	.2157138	.3172542	0
1421.15	0	.4645237	.2177892	.3176871	0
1420.15	0	.4620222	.2198596	.3181182	0
1419.15	0	.4595273	.221925	.3185478	0
1418.15	0	.457039	.2239854	.3189756	0
1417.15	0	.4545574	.2260408	.3194018	0
1416.15	0	.4520824	.2280913	.3198263	0
1415.15	0	.449614	.2301368	.3202492	0
1414.15	0	.4471522	.2321774	.3206704	0
1413.15	0	.4446969	.2342131	.32109	0
1412.15	0	.4422482	.2362438	.3215081	0
1411.15	0	.439806	.2382696	.3219244	0
1410.15	0	.4373703	.2402904	.3223392	0
1409.15	0	.4349412	.2423064	.3227524	0
1408.15	0	.4325185	.2443175	.323164	0
1407.15	0	.4301023	.2463236	.3235741	0
1406.15	0	.4276926	.2483249	.3239825	0
1405.15	0	.4252893	.2503213	.3243894	0
1404.15	0	.4228924	.2523128	.3247948	0
1403.15	0	.420502	.2542995	.3251986	0
1402.15	0	.4181179	.2562813	.3256008	0
1401.15	0	.4157403	.2582582	.3260015	0
1400.15	0	.413369	.2602303	.3264007	0
1399.15	0	.411004	.2621976	.3267984	0
1398.15	0	.4086455	.26416	.3271945	0
1397.15	0	.4062932	.2661176	.3275892	0
1396.15	0	.4039473	.2680704	.3279824	0
1395.15	0	.4016077	.2700183	.328374	0
1394.15	0	.3992743	.2719615	.3287642	0
1393.15	0	.3969473	.2738998	.3291529	0
1392.15	0	.3946265	.2758333	.3295402	0
1391.15	0	.392312	.2777621	.3299259	0
1390.15	0	.3900037	.279686	.3303103	0
1389.15	0	.3877017	.2816052	.3306932	0
1388.15	0	.3854058	.2835196	.3310746	0
1387.15	0	.3831162	.2854292	.3314546	0
1386.15	0	.3808328	.287334	.3318332	0
1385.15	0	.3785556	.2892341	.3322103	0
1384.15	0	.3762845	.2911294	.3325861	0
1383.15	0	.3740196	.29302	.3329604	0
1382.15	0	.3717609	.2949058	.3333333	0
1381.15	0	.3695083	.2967868	.3337049	0
1380.15	0	.3672618	.2986631	.334075	0
1379.15	0	.3650215	.3005347	.3344438	0
1378.15	0	.3627873	.3024015	.3348112	0
1377.15	0	.3605591	.3042636	.3351772	0
1376.15	0	.3583371	.306121	.3355419	0
1375.15	0	.3561211	.3079737	.3359052	0
1374.15	0	.3539112	.3098216	.3362672	0
1373.15	0	.3517074	.3116648	.3366278	0
1372.15	0	.3495096	.3135033	.3369871	0
1371.15	0	.3473179	.3153371	.3373451	0
1370.15	0	.3451322	.3171662	.3377017	0
1369.15	0	.3429525	.3189905	.338057	0
1368.15	0	.3407788	.3208102	.338411	0
1367.15	0	.3386112	.3226251	.3387637	0
1366.15	0	.3364495	.3244354	.3391151	0
1365.15	0	.3342938	.326241	.3394652	0
1364.15	0	.3321442	.3280418	.339814	0
1363.15	0	.3300005	.329838	.3401615	0
1362.15	0	.3278627	.3316295	.3405078	0
1361.15	0	.325731	.3334163	.3408528	0
1360.15	0	.3236051	.3351984	.3411965	0
1359.15	0	.3214853	.3369758	.341539	0
1358.15	0	.3193713	.3387485	.3418802	0
1357.15	0	.3172633	.3405166	.3422201	0
1356.15	0	.3151612	.3422799	.3425588	0
1355.15	0	.3130651	.3440386	.3428963	0
1354.15	0	.3109748	.3457926	.3432326	0
1353.15	0	.3088905	.3475419	.3435676	0
1352.15	0	.3068121	.3492866	.3439014	0
1351.15	0	.3047395	.3510265	.344234	0
1350.15	0	.3026729	.3527618	.3445653	0
1349.15	0	.3006121	.3544924	.3448955	0
1348.15	0	.2985572	.3562183	.3452245	0
1347.15	0	.2965082	.3579395	.3455523	0
1346.15	0	.2944651	.3596561	.3458789	0
1345.15	0	.2924278	.3613679	.3462043	0
1344.15	0	.2903964	.3630751	.3465285	0
1343.15	0	.2883709	.3647776	.3468516	0
1342.15	0	.2863512	.3664754	.3471734	0
1341.15	0	.2843373	.3681685	.3474942	0
1340.15	0	.2823293	.3698569	.3478137	0
1339.15	0	.2803272	.3715407	.3481322	0
1338.15	0	.2783309	.3732197	.3484494	0
1337.15	0	.2763404	.3748941	.3487655	0
1336.15	0	.2743557	.3765638	.3490805	0
1335.15	0	.2723769	.3782287	.3493944	0
1334.15	0	.2704039	.379889	.3497071	0
1333.15	0	.2684367	.3815445	.3500187	0
1332.15	0	.2664754	.3831954	.3503292	0
1331.15	0	.2645199	.3848415	.3506386	0
1330.15	0	.2625702	.3864829	.3509469	0
1329.15	0	.2606263	.3881197	.351254	0
1328.15	0	.2586883	.3897517	.3515601	0
1327.15	0	.256756	.3913789	.351865	0
1326.15	0	.2548296	.3930015	.3521689	0
1325.15	0	.252909	.3946193	.3524717	0
1324.15	0	.2509942	.3962324	.3527734	0
1323.15	0	.2490852	.3978407	.3530741	0
1322.15	0	.247182	.3994444	.3533736	0
1321.15	0	.2452847	.4010432	.3536721	0
1320.15	0	.2433932	.4026373	.3539695	0
1319.15	0	.2415074	.4042267	.3542659	0
1318.15	0	.2396275	.4058112	.3545612	0
1317.15	0	.2377535	.407391	.3548555	0
1316.15	0	.2358852	.4089661	.3551487	0
1315.15	0	.2340228	.4105363	.3554409	0
1314.15	0	.2321661	.4121018	.3557321	0
1313.15	0	.2303153	.4136625	.3560222	0
1312.15	0	.2284704	.4152184	.3563113	0
1311.15	0	.2266312	.4167694	.3565993	0
1310.15	0	.2247979	.4183157	.3568864	0
1309.15	0	.2229705	.4198572	.3571724	0
1308.15	0	.2211489	.4213938	.3574574	0
1307.15	0	.2193331	.4229256	.3577414	0
1306.15	0	.2175231	.4244525	.3580244	0
1305.15	0	.215719	.4259746	.3583064	0
1304.15	0	.2139208	.4274918	.3585874	0
1303.15	0	.2121284	.4290042	.3588674	0
1302.15	0	.2103419	.4305117	.3591464	0
1301.15	0	.2085613	.4320143	.3594245	0
1300.15	0	.2067865	.433512	.3597015	0
1299.15	0	.2050176	.4350048	.3599776	0
1298.15	0	.2032546	.4364927	.3602527	0
1297.15	0	.2014974	.4379757	.3605268	0
1296.15	0	.1997462	.4394538	.3608	0
1295.15	0	.1980009	.4409269	.3610722	0
1294.15	0	.1962615	.4423951	.3613435	0
1293.15	0	.194528	.4438583	.3616138	0
1292.15	0	.1928004	.4453165	.3618831	0
1291.15	0	.1910787	.4467697	.3621515	0
1290.15	0	.189363	.448218	.362419	0
1289.15	0	.1876533	.4496612	.3626855	0
1288.15	0	.1859494	.4510995	.3629511	0
1287.15	0	.1842516	.4525327	.3632158	0
1286.15	0	.1825597	.4539608	.3634795	0
1285.15	0	.1808738	.4553839	.3637423	0
1284.15	0	.1791939	.456802	.3640042	0
1283.15	0	.17752	.4582149	.3642651	0
1282.15	0	.1758521	.4596228	.3645252	0
1281.15	0	.1741902	.4610255	.3647843	0
1280.15	0	.1725344	.4624231	.3650425	0
1279.15	0	.1708845	.4638156	.3652998	0
1278.15	0	.1692408	.465203	.3655563	0
1277.15	0	.1676031	.4665852	.3658118	0
1276.15	0	.1659715	.4679622	.3660664	0
1275.15	0	.1643459	.469334	.3663201	0
1274.15	0	.1627265	.4707006	.366573	0
1273.15	0	.1611132	.4720619	.3668249	0
1272.15	0	.159506	.4734181	.367076	0
1271.15	0	.1579049	.4747689	.3673262	0
1270.15	0	.15631	.4761145	.3675755	0
1269.15	0	.1547212	.4774548	.367824	0
1268.15	0	.1531386	.4787898	.3680716	0
1267.15	0	.1515623	.4801195	.3683183	0
1266.15	0	.1499921	.4814438	.3685641	0
1265.15	0	.1484281	.4827628	.3688091	0
1264.15	0	.1468704	.4840763	.3690532	0
1263.15	0	.145319	.4853845	.3692965	0
1262.15	0	.1437738	.4866873	.3695389	0
1261.15	0	.1422349	.4879846	.3697805	0
1260.15	0	.1407023	.4892765	.3700212	0
1259.15	0	.139176	.4905629	.3702611	0
1258.15	0	.1376561	.4918438	.3705002	0
1257.15	0	.1361425	.4931191	.3707384	0
1256.15	0	.1346353	.494389	.3709757	0
1255.15	0	.1331345	.4956532	.3712123	0
1254.15	0	.13164	.4969119	.371448	0
1253.15	0	.1301521	.498165	.3716829	0
1252.15	0	.1286706	.4994125	.371917	0
1251.15	0	.1271955	.5006543	.3721502	0
1250.15	0	.1257269	.5018905	.3723826	0
1249.15	0	.1242649	.5031209	.3726142	0
1248.15	0	.1228093	.5043456	.372845	0
1247.15	0	.1213604	.5055646	.373075	0
1246.15	0	.119918	.5067778	.3733042	0
1245.15	0	.1184822	.5079853	.3735326	0
1244.15	0	.117053	.5091869	.3737602	0
1243.15	0	.1156304	.5103826	.3739869	0
1242.15	0	.1142146	.5115725	.3742129	0
1241.15	0	.1128054	.5127565	.3744381	0
1240.15	0	.1114029	.5139346	.3746625	0
1239.15	0	.1100072	.5151068	.3748861	0
1238.15	0	.1086182	.5162729	.3751089	0
1237.15	0	.107236	.5174331	.3753309	0
1236.15	0	.1058607	.5185872	.3755522	0
1235.15	0	.1044921	.5197353	.3757726	0
1234.15	0	.1031305	.5208772	.3759923	0
1233.15	0	.1017757	.5220131	.3762112	0
1232.15	0	.1004278	.5231428	.3764293	0
1231.15	0	.09908694	.5242663	.3766467	0
1230.15	0	.09775302	.5253837	.3768633	0
1229.15	0	.0964261	.5264948	.3770792	0
1228.15	0	.09510622	.5275996	.3772942	0
1227.15	0	.0937934	.5286981	.3775085	0
1226.15	0	.09248767	.5297903	.3777221	0
1225.15	0	.09118907	.5308761	.3779349	0
1224.15	0	.08989763	.5319555	.3781469	0
1223.15	0	.08861337	.5330285	.3783582	0
1222.15	0	.08733633	.534095	.3785687	0
1221.15	0	.08606654	.535155	.3787785	0
1220.15	0	.08480403	.5362085	.3789875	0
1219.15	0	.08354884	.5372554	.3791958	0
1218.15	0	.082301	.5382957	.3794034	0
1217.15	0	.08106054	.5393293	.3796102	0
1216.15	0	.07982751	.5403563	.3798162	0
1215.15	0	.07860192	.5413765	.3800216	0
1214.15	0	.07738382	.54239	.3802262	0
1213.15	0	.07617325	.5433967	.38043	0
1212.15	0	.07497024	.5443966	.3806331	0
1211.15	0	.07377483	.5453896	.3808356	0
1210.15	0	.07258705	.5463757	.3810372	0
1209.15	0	.07140695	.5473549	.3812382	0
1208.15	0	.07023456	.548327	.3814384	0
1207.15	0	.06906992	.5492922	.3816379	0
1206.15	0	.06791307	.5502502	.3818367	0
1205.15	0	.06676405	.5512012	.3820348	0
1204.15	0	.0656229	.552145	.3822321	0
1203.15	0	.06448966	.5530816	.3824288	0
1202.15	0	.06336437	.5540109	.3826247	0
1201.15	0	.06224707	.554933	.3828199	0
1200.15	0	.06113782	.5558477	.3830144	0
1199.15	0	.06003664	.5567551	.3832083	0
1198.15	0	.05894359	.5576551	.3834014	0
1197.15	0	.0578587	.5585476	.3835937	0
1196.15	0	.05678202	.5594325	.3837854	0
1195.15	0	.0557136	.56031	.3839764	0
1194.15	0	.05465348	.5611798	.3841667	0
1193.15	0	.05360171	.562042	.3843563	0
1192.15	0	.05255834	.5628964	.3845452	0
1191.15	0	.0515234	.5637432	.3847334	0
1190.15	0	.05049696	.5645821	.3849209	0
1189.15	0	.04947905	.5654132	.3851078	0
1188.15	0	.04846972	.5662364	.3852939	0
1187.15	0	.04746903	.5670516	.3854794	0
1186.15	0	.04647703	.5678588	.3856641	0
1185.15	0	.04549376	.568658	.3858482	0
1184.15	0	.04451927	.5694491	.3860316	0
1183.15	0	.04355363	.570232	.3862143	0
1182.15	0	.04259687	.5710068	.3863964	0
1181.15	0	.04164905	.5717732	.3865777	0
1180.15	0	.04071023	.5725314	.3867584	0
1179.15	0	.03978045	.5732811	.3869384	0
1178.15	0	.03885977	.5740225	.3871177	0
1177.15	0	.03794826	.5747553	.3872964	0
1176.15	0	.03704595	.5754797	.3874744	0
1175.15	0	.03615291	.5761954	.3876517	0
1174.15	0	.03526919	.5769025	.3878284	0
1173.15	0	.03439485	.5776008	.3880043	0
1172.15	0	.03352995	.5782904	.3881797	0
1171.15	0	.03267454	.5789711	.3883543	0
1170.15	0	.03182868	.579643	.3885283	0
1169.15	0	.03099244	.5803059	.3887016	0
1168.15	0	.03016586	.5809598	.3888743	0
1167.15	0	.02934902	.5816047	.3890463	0
1166.15	0	.02854197	.5822404	.3892177	0
1165.15	0	.02774476	.5828669	.3893884	0
1164.15	0	.02695747	.5834841	.3895584	0
1163.15	0	.02618016	.5840921	.3897278	0
1162.15	0	.02541288	.5846906	.3898965	0
1161.15	0	.0246557	.5852797	.3900646	0
1160.15	0	.02390869	.5858593	.390232	0
1159.15	0	.0231719	.5864293	.3903988	0
1158.15	0	.02244541	.5869897	.3905649	0
1157.15	0	.02172927	.5875403	.3907304	0
1156.15	0	.02102355	.5880812	.3908953	0
1155.15	0	.02032832	.5886122	.3910595	0
1154.15	0	.01964357	.5891334	.391223	0
1153.15	0	.01896952	.5896446	.3913859	0
1152.15	0	.01830615	.5901457	.3915482	0
1151.15	0	.01765353	.5906366	.3917098	0
1150.15	0	.01701174	.5911174	.3918708	0
1149.15	0	.01638084	.591588	.3920312	0
1148.15	0	.0157609	.5920482	.3921909	0
1147.15	0	.01515198	.592498	.39235	0
1146.15	0	.01455417	.5929374	.3925084	0
1145.15	0	.01396752	.5933662	.3926662	0
1144.15	0	.01339212	.5937845	.3928234	0
1143.15	0	.01282802	.594192	.39298	0
1142.15	0	.0122753	.5945888	.3931359	0
1141.15	0	.01173404	.5949748	.3932912	0
1140.15	0	.0112043	.5953498	.3934459	0
1139.15	0	.01068616	.5957139	.3935999	0
1138.15	0	.01017969	.596067	.3937533	0
1137.15	0	.009684954	.5964089	.3939061	0
1136.15	0	.009202037	.5967397	.3940583	0
1135.15	0	.008731008	.5970592	.3942098	0
1134.15	0	.008271942	.5973673	.3943608	0
1133.15	0	.007824911	.597664	.3945111	0
1132.15	0	.00738999	.5979492	.3946608	0
1131.15	0	.006967254	.5982229	.3948099	0
1130.15	0	.006556776	.5984849	.3949583	0
1129.15	0	.006158631	.5987352	.3951061	0
1128.15	0	.005772895	.5989737	.3952534	0
1127.15	0	.005399642	.5992004	.3954	0
1126.15	0	.005038947	.5994151	.395546	0
1125.15	0	.004690886	.5996177	.3956914	0
1124.15	0	.004355534	.5998083	.3958362	0
1123.15	0	.004032967	.5999867	.3959803	0
1122.15	0	.003723259	.6001528	.3961239	0
1121.15	0	.003426487	.6003067	.3962669	0
1120.15	0	.003142726	.6004481	.3964092	0
1119.15	0	.002872052	.600577	.396551	0
1118.15	0	.002614539	.6006934	.3966921	0
1117.15	0	.002370264	.6007971	.3968327	0
1116.15	0	.002139301	.6008881	.3969726	0
1115.15	0	.001921726	.6009663	.3971119	0
1114.15	0	.001717614	.6010317	.3972507	0
1113.15	0	.00152704	.6010841	.3973888	0
1112.15	0	.001350079	.6011235	.3975264	0
1111.15	0	.001186804	.6011499	.3976633	0
1110.15	0	.001037291	.601163	.3977997	0
1109.15	0	9.016139E-04	.6011629	.3979355	0
1108.15	0	7.798454E-04	.6011495	.3980707	0
1107.15	0	6.720594E-04	.6011227	.3982052	0
1106.15	0	5.78329E-04	.6010824	.3983392	0
1105.15	0	4.987268E-04	.6010286	.3984726	0
1104.15	0	4.33325E-04	.6009612	.3986055	0
1103.15	0	3.821956E-04	.6008801	.3987377	0
1102.15	0	3.454096E-04	.6007852	.3988694	0
1101.15	0	3.230381E-04	.6006765	.3990004	0
1100.15	0	3.151513E-04	.6005539	.3991309	0
1099.15	0	3.218188E-04	.6004173	.3992608	0
1098.15	0	3.431097E-04	.6002667	.3993902	0
1097.15	0	3.790925E-04	.600102	.3995189	0
1096.15	0	4.298349E-04	.5999231	.3996471	0
1095.15	0	4.954041E-04	.5997299	.3997747	0
1094.15	0	5.758662E-04	.5995224	.3999017	0
1093.15	0	6.712869E-04	.5993005	.4000282	0
1092.15	0	7.817308E-04	.5990642	.4001541	0
1091.15	0	9.072617E-04	.5988134	.4002794	0
1090.15	0	.001047943	.5985479	.4004041	0
1089.15	0	.001203836	.5982679	.4005283	0
1088.15	0	.001375002	.5979731	.4006519	0
1087.15	0	.001561501	.5976635	.400775	0
1086.15	0	.001763392	.5973392	.4008975	0
1085.15	0	.001980733	.5969999	.4010194	0
1084.15	0	.002213581	.5966457	.4011407	0
1083.15	0	.002461991	.5962765	.4012616	0
1082.15	0	.002726018	.5958922	.4013818	0
1081.15	0	.003005716	.5954928	.4015015	0
1080.15	0	.003301135	.5950782	.4016207	0
1079.15	0	.003612326	.5946484	.4017392	0
1078.15	0	.003939339	.5942034	.4018573	0
1077.15	0	.004282222	.593743	.4019748	0
1076.15	0	.00464102	.5932673	.4020917	0
1075.15	0	.005015779	.5927761	.4022081	0
1074.15	0	.005406542	.5922695	.402324	0
1073.15	0	.005813351	.5917474	.4024393	0
1072.15	0	.006236246	.5912097	.402554	0
1071.15	0	.006675265	.5906564	.4026683	0
1070.15	0	.007130446	.5900876	.402782	0
1069.15	0	.007601824	.589503	.4028951	0
1068.15	0	.008089431	.5889028	.4030078	0
1067.15	0	.0085933	.5882868	.4031199	0
1066.15	0	.009113461	.5876551	.4032314	0
1065.15	0	.00964994	.5870076	.4033425	0
1064.15	0	.01020277	.5863443	.403453	0
1063.15	0	.01077196	.5856651	.4035629	0
1062.15	0	.01135754	.5849701	.4036724	0
1061.15	0	.01195954	.5842591	.4037813	0
1060.15	0	.01257797	.5835323	.4038898	0
1059.15	0	.01321284	.5827895	.4039977	0
1058.15	0	.01386417	.5820308	.404105	0
1057.15	0	.01453197	.5812561	.4042119	0
1056.15	0	.01521625	.5804655	.4043183	0
1055.15	0	.01591701	.5796589	.4044241	0
1054.15	0	.01663427	.5788363	.4045295	0
1053.15	0	.01736802	.5779977	.4046343	0
1052.15	0	.01811827	.5771431	.4047386	0
1051.15	0	.018885	.5762726	.4048424	0
1050.15	0	.01966823	.575386	.4049457	0
1049.15	0	.02046793	.5744835	.4050486	0
1048.15	0	.02128411	.573565	.4051509	0
1047.15	0	.02211675	.5726305	.4052527	0
1046.15	0	.02296583	.5716801	.4053541	0
1045.15	0	.02383134	.5707138	.4054549	0
1044.15	0	.02471326	.5697315	.4055553	0
1043.15	0	.02561157	.5687333	.4056551	0
1042.15	0	.02652623	.5677193	.4057545	0
1041.15	0	.02745724	.5666894	.4058534	0
1040.15	0	.02840455	.5656436	.4059518	0
1039.15	0	.02936813	.5645821	.4060497	0
1038.15	0	.03034795	.5635049	.4061472	0
1037.15	0	.03134397	.5624119	.4062442	0
1036.15	0	.03235615	.5613032	.4063407	0
1035.15	0	.03338445	.5601789	.4064367	0
1034.15	0	.03442882	.5590389	.4065322	0
1033.15	0	.03548921	.5578835	.4066273	0
1032.15	0	.03656558	.5567125	.406722	0
1031.15	0	.03765786	.555526	.4068161	0
1030.15	0	.038766	.5543242	.4069098	0
1029.15	0	.03988995	.553107	.407003	0
1028.15	0	.04102963	.5518746	.4070958	0
1027.15	0	.04218499	.5506269	.4071881	0
1026.15	0	.04335595	.5493641	.4072799	0
1025.15	0	.04454246	.5480862	.4073713	0
1024.15	0	.04574442	.5467933	.4074622	0
1023.15	0	.04696178	.5454855	.4075527	0
1022.15	0	.04819445	.5441628	.4076427	0
1021.15	0	.04944234	.5428254	.4077323	0
1020.15	0	.05070538	.5414732	.4078214	0
1019.15	0	.05198348	.5401064	.4079101	0
1018.15	0	.05327654	.5387251	.4079983	0
1017.15	0	.05458449	.5373294	.4080861	0
1016.15	0	.05590722	.5359193	.4081735	0
1015.15	0	.05724463	.534495	.4082604	0
1014.15	0	.05859663	.5330566	.4083468	0
1013.15	0	.05996311	.5316041	.4084328	0
1012.15	0	.06134398	.5301376	.4085184	0
1011.15	0	.06273911	.5286574	.4086035	0
1010.15	0	.06414841	.5271634	.4086882	0
1009.15	0	.06557175	.5256558	.4087725	0
1008.15	0	.06700903	.5241347	.4088563	0
1007.15	0	.06846014	.5226002	.4089396	0
1006.15	0	.06992493	.5210525	.4090226	0
1005.15	0	.07140331	.5194916	.4091051	0
1004.15	0	.07289513	.5179177	.4091871	0
1003.15	0	.07440028	.5163309	.4092688	0
1002.15	0	.07591863	.5147314	.40935	0
1001.15	0	.07745004	.5131192	.4094307	0
1000.15	0	.07899438	.5114946	.4095111	0
999.15	0	.08055152	.5098575	.409591	0
998.15	0	.08212132	.5082083	.4096704	0
997.15	0	.08370363	.506547	.4097494	0
996.15	0	.08529832	.5048737	.409828	0
995.15	0	.08690525	.5031886	.4099061	0
994.15	0	.08852426	.5014919	.4099838	0
993.15	0	.09015521	.4997837	.4100611	0
992.15	0	.09179795	.4980641	.4101379	0
991.15	0	.09345233	.4963334	.4102143	0
990.15	0	.09511819	.4945916	.4102903	0
989.15	0	.09679538	.4928389	.4103657	0
988.15	0	.09848374	.4910755	.4104408	0
987.15	0	.1001831	.4893015	.4105154	0
986.15	0	.1018933	.4875171	.4105896	0
985.15	0	.1036143	.4857225	.4106633	0
984.15	0	.1053457	.4839178	.4107365	0
983.15	0	.1070876	.4821031	.4108093	0
982.15	0	.1088396	.4802788	.4108817	0
981.15	0	.1106016	.4784449	.4109535	0
980.15	0	.1123735	.4766015	.411025	0
979.15	0	.1141551	.474749	.4110959	0
978.15	0	.1159462	.4728874	.4111664	0
977.15	0	.1177467	.4710169	.4112364	0
976.15	0	.1195563	.4691378	.4113059	0
975.15	0	.1213749	.4672501	.411375	0
974.15	0	.1232024	.4653541	.4114435	0
973.15	0	.1250385	.4634499	.4115116	0
972.15	0	.126883	.4615378	.4115792	0
971.15	0	.1287359	.4596178	.4116463	0
970.15	0	.1305968	.4576903	.4117129	0
969.15	0	.1324657	.4557554	.411779	0
968.15	0	.1343423	.4538132	.4118445	0
967.15	0	.1362264	.451864	.4119096	0
966.15	0	.138118	.449908	.4119741	0
965.15	0	.1400167	.4479453	.4120381	0
964.15	0	.1419224	.4459761	.4121015	0
963.15	0	.1438349	.4440006	.4121644	0
962.15	0	.1457328	.4420391	.4122281	0
961.15	0	.1476075	.4400992	.4122934	0
960.15	0	.1495036	.4381389	.4123576	0
959.15	0	.1514199	.4361594	.4124207	0
958.15	0	.1533551	.4341622	.4124828	0
957.15	0	.155308	.4321482	.4125438	0
956.15	0	.1572773	.4301189	.4126038	0
955.15	0	.1592621	.4280752	.4126628	0
954.15	0	.161261	.4260182	.4127208	0
953.15	0	.1632732	.423949	.4127778	0
952.15	0	.1652975	.4218687	.4128338	0
951.15	0	.167333	.4197782	.4128888	0
950.15	0	.1693788	.4176784	.4129428	0
949.15	0	.1714339	.4155702	.4129959	0
948.15	0	.1734974	.4134546	.413048	0
947.15	0	.1755685	.4113324	.4130991	0
946.15	0	.1776464	.4092043	.4131493	0
945.15	0	.1797303	.4070713	.4131985	0
944.15	0	.1818193	.4049339	.4132467	0
943.15	0	.1839129	.4027931	.413294	0
942.15	0	.1860103	.4006494	.4133404	0
941.15	0	.1881108	.3985035	.4133858	0
940.15	0	.1902137	.3963561	.4134302	0
939.15	0	.1923184	.3942079	.4134737	0
938.15	0	.1944243	.3920594	.4135163	0
937.15	0	.1965309	.3899113	.4135579	0
936.15	0	.1986375	.387764	.4135985	0
935.15	0	.2007436	.3856181	.4136382	0
934.15	0	.2028487	.3834743	.413677	0
933.15	0	.2049523	.3813329	.4137148	0
932.15	0	.2070539	.3791944	.4137517	0
931.15	0	.209153	.3770594	.4137876	0
930.15	0	.2112491	.3749283	.4138226	0
929.15	0	.213342	.3728014	.4138566	0
928.15	0	.215431	.3706793	.4138897	0
927.15	0	.2175159	.3685623	.4139218	0
926.15	0	.2195961	.3664509	.413953	0
925.15	0	.2216715	.3643453	.4139832	0
924.15	0	.2237415	.362246	.4140125	0
923.15	0	.2258059	.3601534	.4140408	0
922.15	0	.2278643	.3580676	.4140681	0
921.15	0	.2299164	.3559891	.4140945	0
920.15	0	.2319618	.3539182	.4141199	0
919.15	0	.2340004	.3518552	.4141444	0
918.15	0	.2360318	.3498003	.4141679	0
917.15	0	.2380557	.3477539	.4141904	0
916.15	0	.2400718	.3457162	.414212	0
915.15	0	.24208	.3436874	.4142326	0
914.15	0	.2440799	.3416679	.4142523	0
913.15	0	.2460713	.3396578	.4142709	0
912.15	0	.248054	.3376573	.4142887	0
911.15	0	.2500278	.3356668	.4143054	0
910.15	0	.2519925	.3336864	.4143212	0
909.15	0	.2539478	.3317163	.414336	0
908.15	0	.2558935	.3297567	.4143498	0
907.15	0	.2578295	.3278078	.4143627	0
906.15	0	.2597557	.3258698	.4143746	0
905.15	0	.2616717	.3239428	.4143855	0
904.15	0	.2635774	.322027	.4143955	0
903.15	0	.2654728	.3201227	.4144045	0
902.15	0	.2673575	.3182299	.4144126	0
901.15	0	.2692316	.3163488	.4144196	0
900.15	0	.2710947	.3144795	.4144257	0
899.15	0	.2729469	.3126222	.4144309	0
898.15	0	.2747879	.3107771	.4144351	0
897.15	0	.2766176	.3089441	.4144383	0
896.15	0	.2784359	.3071235	.4144406	0
895.15	0	.2802427	.3053154	.4144419	0
894.15	0	.2820378	.3035199	.4144423	0
893.15	0	.2838212	.3017371	.4144417	0
892.15	0	.2855927	.2999671	.4144401	0
891.15	0	.2873523	.29821	.4144377	0
890.15	0	.2890998	.2964659	.4144343	0
889.15	0	.2908351	.2947349	.4144299	0
888.15	0	.2925582	.2930171	.4144247	0
887.15	0	.294269	.2913125	.4144185	0
886.15	0	.2959673	.2896213	.4144114	0
885.15	0	.2976532	.2879435	.4144033	0
884.15	0	.2993265	.2862792	.4143944	0
883.15	0	.3009871	.2846284	.4143846	0
882.15	0	.302635	.2829912	.4143738	0
881.15	0	.3042701	.2813677	.4143622	0
880.15	0	.3058924	.2797579	.4143497	0
879.15	0	.3075018	.2781619	.4143363	0
878.15	0	.3090982	.2765798	.414322	0
877.15	0	.3106816	.2750115	.4143069	0
876.15	0	.312252	.2734571	.4142909	0
875.15	0	.3138093	.2719167	.4142741	0
874.15	0	.3153534	.2703902	.4142564	0
873.15	0	.3168843	.2688778	.4142379	0
872.15	0	.3184021	.2673794	.4142186	0
871.15	0	.3199066	.265895	.4141984	0
870.15	0	.3213978	.2644247	.4141775	0
869.15	0	.3228757	.2629686	.4141557	0
868.15	0	.3243403	.2615265	.4141332	0
867.15	0	.3257916	.2600985	.4141099	0
866.15	0	.3272296	.2586846	.4140858	0
865.15	0	.3286542	.2572848	.414061	0
864.15	0	.3300655	.2558991	.4140354	0
863.15	0	.3314634	.2545275	.4140091	0
862.15	0	.3328479	.25317	.4139821	0
861.15	0	.3342191	.2518265	.4139543	0
860.15	0	.335577	.2504971	.4139259	0
859.15	0	.3369216	.2491817	.4138967	0
858.15	0	.3382528	.2478803	.4138669	0
857.15	0	.3395708	.2465928	.4138364	0
856.15	0	.3408755	.2453192	.4138053	0
855.15	0	.342167	.2440595	.4137735	0
854.15	0	.3434453	.2428137	.4137411	0
853.15	0	.3447104	.2415816	.413708	0
852.15	0	.3459624	.2403632	.4136743	0
851.15	0	.3472014	.2391586	.4136401	0
850.15	0	.3484273	.2379675	.4136052	0
849.15	0	.3496402	.23679	.4135698	0
848.15	0	.3508402	.235626	.4135338	0
847.15	0	.3520274	.2344754	.4134972	0
846.15	0	.3532017	.2333381	.4134601	0
845.15	0	.3543633	.2322141	.4134225	0
844.15	0	.3555123	.2311034	.4133844	0
843.15	0	.3566486	.2300057	.4133457	0
842.15	0	.3577725	.228921	.4133065	0
841.15	0	.3588838	.2278493	.4132669	0
840.15	0	.3599828	.2267904	.4132268	0
839.15	0	.3610696	.2257443	.4131862	0
838.15	0	.3621441	.2247108	.4131451	0
837.15	0	.3632065	.2236899	.4131036	0
836.15	0	.3642569	.2226814	.4130617	0
835.15	0	.3652954	.2216853	.4130193	0
834.15	0	.3663221	.2207014	.4129766	0
833.15	0	.367337	.2197296	.4129334	0
832.15	0	.3683403	.2187699	.4128898	0
831.15	0	.3693321	.2178221	.4128458	0
830.15	0	.3703124	.2168861	.4128015	0
829.15	0	.3712815	.2159618	.4127567	0
828.15	0	.3722393	.2150491	.4127116	0
827.15	0	.373186	.2141478	.4126662	0
826.15	0	.3741218	.2132578	.4126204	0
825.15	0	.3750466	.2123791	.4125743	0
824.15	0	.3759607	.2115114	.4125279	0
823.15	0	.3768642	.2106548	.4124811	0
822.15	0	.3777571	.2098089	.412434	0
821.15	0	.3786396	.2089739	.4123866	0
820.15	0	.3795117	.2081494	.4123389	0
819.15	0	.3803737	.2073354	.4122909	0
818.15	0	.3812257	.2065317	.4122426	0
817.15	0	.3820676	.2057383	.4121941	0
816.4892	0	.3826186	.2052196	.4121618	0
816.4892	0	.3826186	.2052196	.4121618	0
816.4892	0	.3826186	.2052196	.4121618	0
816.15	0	.3842644	.203193	.4116443	8.98329E-04
815.15	0	.3890221	.1973228	.4101383	.003516865
814.15	0	.3936426	.1916049	.408661	.006091552
813.15	0	.3981306	.1860342	.4072116	.008623591
812.15	0	.4024907	.1806059	.4057893	.01111414
811.15	0	.4067269	.1753153	.4043935	.01356429
810.15	0	.4108436	.170158	.4030234	.0159751
809.15	0	.4148444	.1651298	.4016782	.01834759
808.15	0	.4187334	.1602265	.4003575	.02068273
807.15	0	.4225139	.1554443	.3990604	.02298145
806.15	0	.4261895	.1507794	.3977865	.02524465
805.15	0	.4297634	.1462282	.3965352	.02747319
804.15	0	.4332389	.1417874	.3953058	.02966791
803.15	0	.436619	.1374536	.3940979	.03182959
802.15	0	.4399066	.1332236	.3929108	.03395902
801.15	0	.4431045	.1290944	.3917443	.03605692
800.15	0	.4462154	.125063	.3905976	.03812402
799.15	0	.4492419	.1211267	.3894704	.04016101
798.15	0	.4521865	.1172827	.3883623	.04216855
797.15	0	.4550516	.1135284	.3872727	.04414728
796.15	0	.4578397	.1098613	.3862012	.04609783
795.15	0	.4605527	.106279	.3851475	.04802079
794.15	0	.463193	.1027791	.3841112	.04991675
793.15	0	.4657627	.09935932	.3830918	.05178626
792.15	0	.4682636	.09601756	.382089	.05362989
791.15	0	.4706978	.0927517	.3811024	.05544814
790.15	0	.4730671	.08955969	.3801317	.05724154
789.15	0	.4753734	.08643958	.3791765	.05901058
788.15	0	.4776183	.08338945	.3782365	.06075574
787.15	0	.4798037	.08040749	.3773114	.06247749
786.15	0	.481931	.07749191	.3764008	.06417628
785.15	0	.4840019	.074641	.3755045	.06585256
784.15	0	.486018	.07185308	.3746222	.06750675
783.15	0	.4879807	.06912655	.3737535	.06913928
782.15	0	.4898914	.06645983	.3728982	.07075054
781.15	0	.4917515	.06385143	.3720561	.07234095
780.15	0	.4935625	.06129987	.3712268	.07391087
779.15	0	.4953255	.05880372	.3704101	.07546068
778.15	0	.497042	.0563616	.3696057	.07699077
777.15	0	.498713	.05397216	.3688134	.07850147
776.15	0	.5003399	.05163411	.3680329	.07999314
775.15	0	.5019237	.04934617	.367264	.08146612
774.15	0	.5034656	.04710711	.3665065	.08292075
773.15	0	.5049667	.04491574	.3657602	.08435734
772.15	0	.5064281	.04277089	.3650248	.08577622
771.15	0	.5078508	.04067143	.3643001	.0871777
770.15	0	.5092358	.03861626	.3635858	.08856208
769.15	0	.5105841	.0366043	.3628819	.08992966
768.15	0	.5118967	.03463452	.3621881	.09128073
767.15	0	.5131745	.0327059	.3615041	.09261557
766.15	0	.5144183	.03081744	.3608298	.09393446
765.15	0	.5156291	.02896819	.360165	.09523769
764.15	0	.5168078	.0271572	.3595095	.09652551
763.15	0	.5179551	.02538357	.3588632	.09779819
762.15	0	.5190718	.0236464	.3582258	.09905599
761.15	0	.5201589	.02194481	.3575972	.1002992
760.15	0	.521217	.02027797	.3569771	.1015279
759.15	0	.5222468	.01864505	.3563655	.1027426
758.15	0	.5232492	.01704524	.3557622	.1039433
757.15	0	.5242249	.01547776	.355167	.1051304
756.15	0	.5251745	.01394183	.3545796	.1063041
755.15	0	.5260987	.01243672	.3540001	.1074645
754.15	0	.5269982	.01096168	.3534282	.1086119
753.15	0	.5278736	.009516019	.3528638	.1097466
752.15	0	.5287255	.008099031	.3523067	.1108687
751.15	0	.5295546	.00671004	.3517568	.1119785
750.15	0	.5303615	.005348385	.351214	.1130762
749.15	0	.5311467	.004013419	.350678	.1141619
748.15	0	.5319108	.002704513	.3501488	.1152358
747.15	0	.5326544	.001421052	.3496263	.1162983
746.15	0	.533378	1.624346E-04	.3491102	.1173494
746.0195	0	.533471	0	.3490433	.1174857
746.0195	0	.533471	0	.3490433	.1174857
745.15	0	.5333891	0	.3488872	.1177237
744.15	0	.5332954	0	.348708	.1179966
743.15	0	.533202	0	.3485295	.1182686
742.15	0	.5331089	0	.3483515	.1185396
741.15	0	.5330163	0	.348174	.1188097
740.15	0	.532924	0	.3479971	.1190789
739.15	0	.5328321	0	.3478207	.1193472
738.15	0	.5327406	0	.3476449	.1196145
737.15	0	.5326495	0	.3474696	.1198809
736.15	0	.5325587	0	.3472948	.1201465
735.15	0	.5324683	0	.3471206	.1204111
734.15	0	.5323782	0	.346947	.1206748
733.15	0	.5322885	0	.3467738	.1209376
732.15	0	.5321992	0	.3466012	.1211996
731.15	0	.5321102	0	.3464292	.1214606
730.15	0	.5320216	0	.3462577	.1217207
729.15	0	.5319334	0	.3460867	.12198
728.15	0	.5318455	0	.3459162	.1222383
727.15	0	.5317579	0	.3457463	.1224958
726.15	0	.5316707	0	.3455769	.1227524
725.15	0	.5315839	0	.3454081	.1230081
724.15	0	.5314974	0	.3452397	.1232629
723.15	0	.5314112	0	.3450719	.1235169
722.15	0	.5313254	0	.3449046	.12377
721.15	0	.5312399	0	.3447379	.1240222
720.15	0	.5311548	0	.3445717	.1242735
719.15	0	.53107	0	.344406	.124524
718.15	0	.5309856	0	.3442408	.1247736
717.15	0	.5309015	0	.3440762	.1250224
716.15	0	.5308177	0	.343912	.1252703
715.15	0	.5307343	0	.3437484	.1255173
714.15	0	.5306512	0	.3435853	.1257635
713.15	0	.5305684	0	.3434227	.1260089
712.15	0	.5304859	0	.3432607	.1262533
711.15	0	.5304038	0	.3430992	.126497
710.15	0	.5303221	0	.3429382	.1267398
709.15	0	.5302406	0	.3427777	.1269817
708.15	0	.5301595	0	.3426177	.1272228
707.15	0	.5300787	0	.3424582	.1274631
706.15	0	.5299982	0	.3422993	.1277025
705.15	0	.529918	0	.3421408	.1279411
704.15	0	.5298382	0	.3419829	.1281789
703.15	0	.5297587	0	.3418255	.1284158
702.15	0	.5296795	0	.3416686	.128652
701.15	0	.5296006	0	.3415122	.1288872
700.15	0	.5295221	0	.3413563	.1291217
699.15	0	.5294438	0	.3412009	.1293553
698.15	0	.5293659	0	.341046	.1295881
697.15	0	.5292883	0	.3408917	.1298201
696.15	0	.5292109	0	.3407378	.1300513
695.15	0	.5291339	0	.3405844	.1302816
694.15	0	.5290573	0	.3404316	.1305112
693.15	0	.5289809	0	.3402792	.1307399
692.15	0	.5289048	0	.3401274	.1309678
691.15	0	.5288291	0	.339976	.1311949
690.15	0	.5287536	0	.3398252	.1314212
689.15	0	.5286785	0	.3396749	.1316467
688.15	0	.5286036	0	.339525	.1318714
687.15	0	.5285291	0	.3393757	.1320953
686.15	0	.5284548	0	.3392268	.1323184
685.15	0	.5283809	0	.3390785	.1325406
684.15	0	.5283073	0	.3389306	.1327621
683.15	0	.5282339	0	.3387833	.1329828
682.15	0	.5281609	0	.3386364	.1332027
681.15	0	.5280881	0	.3384901	.1334218
680.15	0	.5280157	0	.3383442	.1336401
679.15	0	.5279436	0	.3381988	.1338576
678.15	0	.5278717	0	.3380539	.1340744
677.15	0	.5278001	0	.3379095	.1342903
676.15	0	.5277289	0	.3377656	.1345055
675.15	0	.5276579	0	.3376222	.1347199
674.15	0	.5275872	0	.3374793	.1349335
673.15	0	.5275169	0	.3373369	.1351463
672.15	0	.5274468	0	.3371949	.1353583
671.15	0	.5273769	0	.3370535	.1355696
670.15	0	.5273074	0	.3369125	.1357801
669.15	0	.5272382	0	.336772	.1359898
668.15	0	.5271693	0	.3366321	.1361987
667.15	0	.5271006	0	.3364925	.1364069
666.15	0	.5270322	0	.3363535	.1366143
665.15	0	.5269641	0	.336215	.1368209
664.15	0	.5268964	0	.3360769	.1370267
663.15	0	.5268288	0	.3359394	.1372318
662.15	0	.5267616	0	.3358023	.1374361
661.15	0	.5266946	0	.3356657	.1376397
660.15	0	.526628	0	.3355295	.1378425
659.15	0	.5265616	0	.3353939	.1380445
658.15	0	.5264955	0	.3352587	.1382458
657.15	0	.5264296	0	.335124	.1384463
656.15	0	.5263641	0	.3349898	.1386461
655.15	0	.5262988	0	.3348561	.1388451
654.15	0	.5262338	0	.3347229	.1390433
653.15	0	.5261691	0	.3345901	.1392408
652.15	0	.5261047	0	.3344578	.1394376
651.15	0	.5260405	0	.3343259	.1396336
650.15	0	.5259766	0	.3341946	.1398288
649.15	0	.525913	0	.3340637	.1400233
648.15	0	.5258496	0	.3339333	.1402171
647.15	0	.5257866	0	.3338034	.1404101
646.15	0	.5257237	0	.3336739	.1406023
645.15	0	.5256612	0	.3335449	.1407938
644.15	0	.525599	0	.3334164	.1409846
643.15	0	.525537	0	.3332884	.1411747
642.15	0	.5254752	0	.3331608	.141364
641.15	0	.5254138	0	.3330337	.1415525
640.15	0	.5253526	0	.3329071	.1417404
639.15	0	.5252917	0	.3327809	.1419274
638.15	0	.525231	0	.3326552	.1421138
637.15	0	.5251706	0	.33253	.1422994
636.15	0	.5251105	0	.3324052	.1424843
635.15	0	.5250507	0	.3322809	.1426685
634.15	0	.5249911	0	.332157	.1428519
633.15	0	.5249317	0	.3320337	.1430346
632.15	0	.5248727	0	.3319108	.1432166
631.15	0	.5248139	0	.3317883	.1433978
630.15	0	.5247553	0	.3316663	.1435784
629.15	0	.524697	0	.3315448	.1437582
628.15	0	.524639	0	.3314237	.1439372
627.15	0	.5245813	0	.3313031	.1441156
626.15	0	.5245238	0	.331183	.1442933
625.15	0	.5244665	0	.3310633	.1444702
624.15	0	.5244095	0	.3309441	.1446464
623.15	0	.5243528	0	.3308253	.1448219
622.15	0	.5242963	0	.330707	.1449967
621.15	0	.5242401	0	.3305891	.1451707
620.15	0	.5241842	0	.3304717	.1453441
619.15	0	.5241285	0	.3303548	.1455167
618.15	0	.524073	0	.3302383	.1456887
617.15	0	.5240178	0	.3301223	.1458599
616.15	0	.5239629	0	.3300067	.1460304
615.15	0	.5239082	0	.3298916	.1462002
614.15	0	.5238538	0	.3297769	.1463694
613.15	0	.5237996	0	.3296627	.1465378
612.15	0	.5237456	0	.3295489	.1467055
611.15	0	.523692	0	.3294356	.1468725
610.15	0	.5236385	0	.3293227	.1470388
609.15	0	.5235853	0	.3292103	.1472044
608.15	0	.5235324	0	.3290983	.1473693
607.15	0	.5234797	0	.3289868	.1475335
606.15	0	.5234273	0	.3288757	.147697
605.15	0	.5233751	0	.3287651	.1478599
604.15	0	.5233231	0	.3286549	.148022
603.15	0	.5232714	0	.3285451	.1481835
602.15	0	.52322	0	.3284358	.1483442
601.15	0	.5231688	0	.328327	.1485043
600.15	0	.5231178	0	.3282185	.1486637
599.15	0	.5230671	0	.3281106	.1488224
598.15	0	.5230166	0	.328003	.1489804
597.15	0	.5229664	0	.3278959	.1491377
596.15	0	.5229164	0	.3277893	.1492944
595.15	0	.5228666	0	.3276831	.1494503
594.15	0	.5228171	0	.3275773	.1496056
593.15	0	.5227678	0	.3274719	.1497603
592.15	0	.5227188	0	.327367	.1499142
591.15	0	.52267	0	.3272626	.1500675
590.15	0	.5226214	0	.3271585	.1502201
589.15	0	.5225731	0	.3270549	.150372
588.15	0	.522525	0	.3269518	.1505232
587.15	0	.5224772	0	.3268491	.1506738
586.15	0	.5224295	0	.3267468	.1508237
585.15	0	.5223822	0	.3266449	.1509729
584.15	0	.522335	0	.3265435	.1511215
583.15	0	.5222881	0	.3264424	.1512695
582.15	0	.5222414	0	.3263419	.1514167
581.15	0	.522195	0	.3262417	.1515633
580.15	0	.5221488	0	.326142	.1517092
579.15	0	.5221028	0	.3260427	.1518545
578.15	0	.5220571	0	.3259438	.1519991
577.15	0	.5220115	0	.3258454	.1521431
576.15	0	.5219662	0	.3257474	.1522864
575.15	0	.5219212	0	.3256498	.1524291
574.15	0	.5218763	0	.3255526	.1525711
573.15	0	.5218317	0	.3254558	.1527124
572.15	0	.5217874	0	.3253595	.1528532
571.15	0	.5217432	0	.3252636	.1529932
570.15	0	.5216993	0	.3251681	.1531326
569.15	0	.5216556	0	.325073	.1532714
568.15	0	.5216121	0	.3249784	.1534095
567.15	0	.5215689	0	.3248841	.153547
566.15	0	.5215258	0	.3247903	.1536839
565.15	0	.521483	0	.3246969	.1538201
564.15	0	.5214404	0	.3246039	.1539557
563.15	0	.5213981	0	.3245113	.1540906
562.15	0	.5213559	0	.3244191	.154225
561.15	0	.521314	0	.3243273	.1543587
560.15	0	.5212723	0	.324236	.1544917
559.15	0	.5212308	0	.324145	.1546241
558.15	0	.5211896	0	.3240545	.1547559
557.15	0	.5211485	0	.3239644	.1548871
556.15	0	.5211077	0	.3238746	.1550177
555.15	0	.5210671	0	.3237853	.1551476
554.15	0	.5210267	0	.3236964	.1552769
553.15	0	.5209865	0	.3236079	.1554056
552.15	0	.5209465	0	.3235198	.1555337
551.15	0	.5209068	0	.3234321	.1556612
550.15	0	.5208672	0	.3233447	.155788
549.15	0	.5208279	0	.3232578	.1559143
548.15	0	.5207888	0	.3231713	.1560399
547.15	0	.5207499	0	.3230852	.1561649
546.15	0	.5207112	0	.3229995	.1562893
545.15	0	.5206727	0	.3229141	.1564132
544.15	0	.5206344	0	.3228292	.1565364
543.15	0	.5205964	0	.3227447	.156659
542.15	0	.5205585	0	.3226605	.156781
541.15	0	.5205208	0	.3225767	.1569024
540.15	0	.5204834	0	.3224934	.1570233
539.15	0	.5204461	0	.3224104	.1571435
538.15	0	.5204091	0	.3223278	.1572631
537.15	0	.5203723	0	.3222456	.1573822
536.15	0	.5203356	0	.3221638	.1575006
535.15	0	.5202992	0	.3220823	.1576185
534.15	0	.520263	0	.3220013	.1577358
533.15	0	.5202269	0	.3219206	.1578525
532.15	0	.5201911	0	.3218403	.1579686
531.15	0	.5201555	0	.3217603	.1580842
530.15	0	.5201201	0	.3216808	.1581991
529.15	0	.5200848	0	.3216016	.1583135
528.15	0	.5200498	0	.3215228	.1584274
527.15	0	.520015	0	.3214444	.1585406
526.15	0	.5199803	0	.3213664	.1586533
525.15	0	.5199459	0	.3212887	.1587654
524.15	0	.5199116	0	.3212114	.158877
523.15	0	.5198776	0	.3211345	.158988
522.15	0	.5198437	0	.3210579	.1590984
521.15	0	.5198101	0	.3209817	.1592083
520.15	0	.5197766	0	.3209059	.1593176
519.15	0	.5197433	0	.3208304	.1594263
518.15	0	.5197102	0	.3207553	.1595345
517.15	0	.5196773	0	.3206805	.1596422
516.15	0	.5196446	0	.3206062	.1597493
515.15	0	.519612	0	.3205321	.1598559
514.15	0	.5195797	0	.3204585	.1599619
513.15	0	.5195475	0	.3203851	.1600673
512.15	0	.5195156	0	.3203122	.1601723
511.15	0	.5194838	0	.3202396	.1602767
510.15	0	.5194522	0	.3201673	.1603805
509.15	0	.5194207	0	.3200954	.1604839
508.15	0	.5193895	0	.3200239	.1605866
507.15	0	.5193584	0	.3199527	.1606889
506.15	0	.5193276	0	.3198818	.1607907
505.15	0	.5192969	0	.3198113	.1608919
504.15	0	.5192663	0	.3197411	.1609926
503.15	0	.519236	0	.3196713	.1610927
502.15	0	.5192058	0	.3196018	.1611924
501.15	0	.5191759	0	.3195326	.1612915
500.15	0	.5191461	0	.3194638	.1613901
499.15	0	.5191164	0	.3193953	.1614882
498.15	0	.519087	0	.3193272	.1615858
497.15	0	.5190577	0	.3192594	.1616829
496.15	0	.5190286	0	.3191919	.1617795
495.15	0	.5189996	0	.3191248	.1618756
494.15	0	.5189709	0	.319058	.1619712
493.15	0	.5189423	0	.3189915	.1620663
492.15	0	.5189138	0	.3189253	.1621609
491.15	0	.5188856	0	.3188595	.162255
490.15	0	.5188575	0	.3187939	.1623486
489.15	0	.5188295	0	.3187288	.1624417
488.15	0	.5188018	0	.3186639	.1625343
487.15	0	.5187742	0	.3185993	.1626265
486.15	0	.5187468	0	.3185351	.1627182
485.15	0	.5187195	0	.3184712	.1628094
484.15	0	.5186924	0	.3184075	.1629001
483.15	0	.5186655	0	.3183442	.1629903
482.15	0	.5186387	0	.3182813	.1630801
481.15	0	.518612	0	.3182186	.1631694
480.15	0	.5185856	0	.3181562	.1632582
479.15	0	.5185593	0	.3180941	.1633466
478.15	0	.5185331	0	.3180324	.1634345
477.15	0	.5185071	0	.3179709	.163522
476.15	0	.5184813	0	.3179097	.163609
475.15	0	.5184556	0	.3178489	.1636955
474.15	0	.5184301	0	.3177883	.1637816
473.15	0	.5184047	0	.3177281	.1638672
472.15	0	.5183795	0	.3176681	.1639524
471.15	0	.5183544	0	.3176084	.1640372
470.15	0	.5183295	0	.317549	.1641215
469.15	0	.5183048	0	.3174899	.1642053
468.15	0	.5182801	0	.3174311	.1642888
467.15	0	.5182557	0	.3173726	.1643718
466.15	0	.5182313	0	.3173143	.1644543
465.15	0	.5182072	0	.3172564	.1645365
