T	 BPW(LIQUID)	BPW(BCC_A2)	BPW(FCC_A1)	BPW(LAVES_PHASE_C14)	BPW(NI3TI)
1473.15	.05215049	.9478495	0	0	0
1472.15	.049217	.950783	0	0	0
1471.15	.04630945	.9536906	0	0	0
1470.15	.04342762	.9565724	0	0	0
1469.15	.04057128	.9594287	0	0	0
1468.15	.03774023	.9622598	0	0	0
1467.15	.03493425	.9650657	0	0	0
1466.15	.03215312	.9678469	0	0	0
1465.15	.02939662	.9706034	0	0	0
1464.15	.02666454	.9733355	0	0	0
1463.15	.02395668	.9760433	0	0	0
1462.15	.02127281	.9787272	0	0	0
1461.15	.01861273	.9813873	0	0	0
1460.15	.01597623	.9840238	0	0	0
1459.15	.01336311	.9866369	0	0	0
1458.15	.01077314	.9892269	0	0	0
1457.897	.01012089	.9898791	0	0	0
1457.897	.01012089	.9898791	0	0	0
1457.897	.01012089	.9898791	0	0	0
1457.15	.006995026	.9917952	0	.001209785	0
1456.15	.002872087	.9943162	0	.00281169	0
1455.443	0	.9960681	0	.00393188	0
1455.443	0	.9960681	0	.00393188	0
1455.15	0	.9958252	0	.004174827	0
1454.15	0	.9949975	0	.005002507	0
1453.15	0	.9941719	0	.005828115	0
1452.15	0	.9933483	0	.006651657	0
1451.15	0	.9925269	0	.007473143	0
1450.15	0	.9917074	0	.008292578	0
1449.15	0	.99089	0	.009109971	0
1448.15	0	.9900747	0	.009925328	0
1447.15	0	.9892613	0	.01073866	0
1446.15	0	.98845	0	.01154997	0
1445.15	0	.9876407	0	.01235926	0
1444.15	0	.9868334	0	.01316655	0
1443.15	0	.9860281	0	.01397185	0
1442.15	0	.9852249	0	.01477515	0
1441.15	0	.9844235	0	.01557647	0
1440.15	0	.9836242	0	.01637581	0
1439.15	0	.9828268	0	.01717318	0
1438.15	0	.9820314	0	.01796858	0
1437.15	0	.981238	0	.01876203	0
1436.15	0	.9804465	0	.01955354	0
1435.15	0	.9796569	0	.0203431	0
1434.15	0	.9788693	0	.02113072	0
1433.15	0	.9780836	0	.02191642	0
1432.15	0	.9772998	0	.0227002	0
1431.15	0	.9765179	0	.02348206	0
1430.15	0	.975738	0	.02426201	0
1429.15	0	.9749599	0	.02504006	0
1428.15	0	.9741838	0	.02581622	0
1427.15	0	.9734095	0	.0265905	0
1426.15	0	.9726371	0	.02736289	0
1425.15	0	.9718666	0	.0281334	0
1424.15	0	.971098	0	.02890205	0
1423.15	0	.9703312	0	.02966884	0
1422.15	0	.9695662	0	.03043377	0
1421.15	0	.9688031	0	.03119686	0
1420.15	0	.9680419	0	.03195811	0
1419.15	0	.9672825	0	.03271752	0
1418.15	0	.9665249	0	.0334751	0
1417.15	0	.9657692	0	.03423085	0
1416.15	0	.9650152	0	.0349848	0
1415.15	0	.9642631	0	.03573693	0
1414.15	0	.9635127	0	.03648726	0
1413.15	0	.9627642	0	.03723579	0
1412.15	0	.9620175	0	.03798253	0
1411.15	0	.9612725	0	.03872749	0
1410.15	0	.9605293	0	.03947067	0
1409.15	0	.9597879	0	.04021208	0
1408.15	0	.9590483	0	.04095172	0
1407.15	0	.9583104	0	.0416896	0
1406.15	0	.9575743	0	.04242572	0
1405.15	0	.9568399	0	.0431601	0
1404.15	0	.9561073	0	.04389274	0
1403.15	0	.9553764	0	.04462364	0
1402.15	0	.9546472	0	.04535281	0
1401.15	0	.9539198	0	.04608025	0
1400.15	0	.953194	0	.04680598	0
1399.15	0	.95247	0	.04752999	0
1398.15	0	.9517477	0	.0482523	0
1397.15	0	.9510271	0	.04897291	0
1396.15	0	.9503082	0	.04969182	0
1395.15	0	.949591	0	.05040904	0
1394.15	0	.9488754	0	.05112457	0
1393.15	0	.9481616	0	.05183843	0
1392.15	0	.9474494	0	.05255062	0
1391.15	0	.9467389	0	.05326114	0
1390.15	0	.94603	0	.05397	0
1389.15	0	.9453228	0	.0546772	0
1388.15	0	.9446172	0	.05538276	0
1387.15	0	.9439133	0	.05608667	0
1386.15	0	.9432111	0	.05678894	0
1385.15	0	.9425104	0	.05748957	0
1384.15	0	.9418114	0	.05818858	0
1383.15	0	.941114	0	.05888597	0
1382.15	0	.9404183	0	.05958173	0
1381.15	0	.9397241	0	.06027589	0
1380.15	0	.9390316	0	.06096844	0
1379.15	0	.9383406	0	.06165939	0
1378.15	0	.9376513	0	.06234874	0
1377.15	0	.9369635	0	.0630365	0
1376.15	0	.9362773	0	.06372268	0
1375.15	0	.9355927	0	.06440727	0
1374.15	0	.9349097	0	.06509029	0
1373.15	0	.9342283	0	.06577174	0
1372.15	0	.9335484	0	.06645163	0
1371.15	0	.93287	0	.06712996	0
1370.15	0	.9321933	0	.06780673	0
1369.15	0	.9315181	0	.06848195	0
1368.15	0	.9308444	0	.06915563	0
1367.15	0	.9301722	0	.06982777	0
1366.15	0	.9295016	0	.07049837	0
1365.15	0	.9288325	0	.07116745	0
1364.15	0	.928165	0	.071835	0
1363.15	0	.927499	0	.07250103	0
1362.15	0	.9268344	0	.07316555	0
1361.15	0	.9261715	0	.07382855	0
1360.15	0	.9255099	0	.07449006	0
1359.15	0	.9248499	0	.07515006	0
1358.15	0	.9241914	0	.07580857	0
1357.15	0	.9235344	0	.07646558	0
1356.15	0	.9228789	0	.07712111	0
1355.15	0	.9222248	0	.07777517	0
1354.15	0	.9215723	0	.07842774	0
1353.15	0	.9209212	0	.07907884	0
1352.15	0	.9202715	0	.07972848	0
1351.15	0	.9196233	0	.08037665	0
1350.15	0	.9189766	0	.08102337	0
1349.15	0	.9183314	0	.08166864	0
1348.15	0	.9176875	0	.08231246	0
1347.15	0	.9170452	0	.08295483	0
1346.15	0	.9164042	0	.08359576	0
1345.15	0	.9157647	0	.08423526	0
1344.15	0	.9151267	0	.08487333	0
1343.15	0	.91449	0	.08550998	0
1342.15	0	.9138548	0	.0861452	0
1341.15	0	.913221	0	.08677901	0
1340.15	0	.9125886	0	.08741141	0
1339.15	0	.9119576	0	.0880424	0
1338.15	0	.911328	0	.08867198	0
1337.15	0	.9106998	0	.08930017	0
1336.15	0	.910073	0	.08992696	0
1335.15	0	.9094476	0	.09055236	0
1334.15	0	.9088236	0	.09117638	0
1333.15	0	.908201	0	.09179902	0
1332.15	0	.9075797	0	.09242028	0
1331.15	0	.9069598	0	.09304016	0
1330.15	0	.9063413	0	.09365868	0
1329.15	0	.9057242	0	.09427583	0
1328.15	0	.9051084	0	.09489162	0
1327.15	0	.9044939	0	.09550606	0
1326.15	0	.9038809	0	.09611914	0
1325.15	0	.9032691	0	.09673088	0
1324.15	0	.9026587	0	.09734128	0
1323.15	0	.9020497	0	.09795033	0
1322.15	0	.901442	0	.09855805	0
1321.15	0	.9008356	0	.09916444	0
1320.15	0	.9002305	0	.0997695	0
1319.15	0	.8996268	0	.1003732	0
1318.15	0	.8990244	0	.1009757	0
1317.15	0	.8984232	0	.1015768	0
1316.15	0	.8978234	0	.1021766	0
1315.15	0	.897225	0	.102775	0
1314.15	0	.8966278	0	.1033722	0
1313.15	0	.8960319	0	.1039681	0
1312.15	0	.8954373	0	.1045627	0
1311.15	0	.894844	0	.105156	0
1310.15	0	.894252	0	.105748	0
1309.15	0	.8936613	0	.1063387	0
1308.15	0	.8930718	0	.1069282	0
1307.15	0	.8924837	0	.1075163	0
1306.15	0	.8918968	0	.1081032	0
1305.15	0	.8913111	0	.1086889	0
1304.15	0	.8907268	0	.1092732	0
1303.15	0	.8901437	0	.1098563	0
1302.15	0	.8895618	0	.1104382	0
1301.15	0	.8889812	0	.1110188	0
1300.15	0	.8884019	0	.1115981	0
1299.15	0	.8878238	0	.1121762	0
1298.15	0	.8872469	0	.1127531	0
1297.15	0	.8866713	0	.1133287	0
1296.15	0	.8860969	0	.1139031	0
1295.15	0	.8855238	0	.1144762	0
1294.15	0	.8849519	0	.1150481	0
1293.15	0	.8843812	0	.1156188	0
1292.15	0	.8838117	0	.1161883	0
1291.15	0	.8832435	0	.1167566	0
1290.15	0	.8826764	0	.1173236	0
1289.15	0	.8821106	0	.1178894	0
1288.15	0	.8815459	0	.1184541	0
1287.15	0	.8809825	0	.1190175	0
1286.15	0	.8804203	0	.1195797	0
1285.15	0	.8798592	0	.1201408	0
1284.15	0	.8792994	0	.1207006	0
1283.15	0	.8787408	0	.1212592	0
1282.15	0	.8781833	0	.1218167	0
1281.15	0	.877627	0	.122373	0
1280.15	0	.8770719	0	.1229281	0
1279.15	0	.876518	0	.123482	0
1278.15	0	.8759652	0	.1240348	0
1277.15	0	.8754136	0	.1245864	0
1276.15	0	.8748632	0	.1251368	0
1275.15	0	.874314	0	.125686	0
1274.15	0	.8737659	0	.1262341	0
1273.15	0	.8732189	0	.1267811	0
1272.15	0	.8726731	0	.1273269	0
1271.15	0	.8721285	0	.1278715	0
1270.15	0	.871585	0	.128415	0
1269.15	0	.8710426	0	.1289574	0
1268.15	0	.8705014	0	.1294986	0
1267.15	0	.8699613	0	.1300387	0
1266.15	0	.8694224	0	.1305776	0
1265.15	0	.8688846	0	.1311154	0
1264.15	0	.8683479	0	.1316521	0
1263.15	0	.8678123	0	.1321877	0
1262.15	0	.8672779	0	.1327221	0
1261.15	0	.8667445	0	.1332555	0
1260.15	0	.8662123	0	.1337877	0
1259.15	0	.8656812	0	.1343188	0
1258.15	0	.8651512	0	.1348488	0
1257.15	0	.8646223	0	.1353777	0
1256.15	0	.8640945	0	.1359055	0
1255.15	0	.8635679	0	.1364322	0
1254.15	0	.8630423	0	.1369578	0
1253.15	0	.8625177	0	.1374823	0
1252.15	0	.8619943	0	.1380057	0
1251.15	0	.861472	0	.138528	0
1250.15	0	.8609508	0	.1390492	0
1249.15	0	.8604306	0	.1395694	0
1248.15	0	.8599115	0	.1400885	0
1247.15	0	.8593935	0	.1406065	0
1246.15	0	.8588766	0	.1411234	0
1245.15	0	.8583607	0	.1416393	0
1244.15	0	.8578459	0	.1421541	0
1243.15	0	.8573322	0	.1426678	0
1242.15	0	.8568195	0	.1431805	0
1241.15	0	.8563079	0	.1436921	0
1240.15	0	.8557973	0	.1442027	0
1239.15	0	.8552878	0	.1447122	0
1238.15	0	.8547793	0	.1452207	0
1237.15	0	.8542719	0	.1457281	0
1236.15	0	.8537655	0	.1462345	0
1235.15	0	.8532602	0	.1467398	0
1234.15	0	.8527559	0	.1472441	0
1233.15	0	.8522526	0	.1477474	0
1232.15	0	.8517504	0	.1482496	0
1231.15	0	.8512492	0	.1487508	0
1230.15	0	.850749	0	.149251	0
1229.15	0	.8502499	0	.1497501	0
1228.15	0	.8497518	0	.1502482	0
1227.15	0	.8492547	0	.1507453	0
1226.15	0	.8487586	0	.1512414	0
1225.15	0	.8482635	0	.1517365	0
1224.15	0	.8477694	0	.1522306	0
1223.15	0	.8472764	0	.1527236	0
1222.15	0	.8467843	0	.1532157	0
1221.15	0	.8462933	0	.1537067	0
1220.15	0	.8458032	0	.1541968	0
1219.15	0	.8453142	0	.1546858	0
1218.15	0	.8448261	0	.1551739	0
1217.15	0	.844339	0	.155661	0
1216.15	0	.843853	0	.156147	0
1215.15	0	.8433679	0	.1566321	0
1214.15	0	.8428838	0	.1571162	0
1213.15	0	.8424007	0	.1575993	0
1212.15	0	.8419185	0	.1580815	0
1211.15	0	.8414374	0	.1585626	0
1210.15	0	.8409572	0	.1590428	0
1209.15	0	.840478	0	.159522	0
1208.15	0	.8399997	0	.1600003	0
1207.15	0	.8395225	0	.1604775	0
1206.15	0	.8390462	0	.1609539	0
1205.15	0	.8385708	0	.1614292	0
1204.15	0	.8380964	0	.1619036	0
1203.15	0	.837623	0	.162377	0
1202.15	0	.8371505	0	.1628495	0
1201.15	0	.836679	0	.163321	0
1200.15	0	.8362084	0	.1637916	0
1199.15	0	.8357388	0	.1642612	0
1198.15	0	.8352701	0	.1647299	0
1197.15	0	.8348024	0	.1651976	0
1196.15	0	.8343356	0	.1656644	0
1195.15	0	.8338698	0	.1661302	0
1194.15	0	.8334048	0	.1665952	0
1193.15	0	.8329409	0	.1670591	0
1192.15	0	.8324778	0	.1675222	0
1191.15	0	.8320157	0	.1679843	0
1190.15	0	.8315545	0	.1684455	0
1189.15	0	.8310943	0	.1689058	0
1188.15	0	.8306349	0	.1693651	0
1187.15	0	.8301765	0	.1698235	0
1186.15	0	.829719	0	.170281	0
1185.15	0	.8292624	0	.1707376	0
1184.15	0	.8288067	0	.1711933	0
1183.15	0	.828352	0	.171648	0
1182.15	0	.8278981	0	.1721019	0
1181.15	0	.8274452	0	.1725548	0
1180.15	0	.8269931	0	.1730069	0
1179.15	0	.826542	0	.173458	0
1178.15	0	.8260918	0	.1739082	0
1177.15	0	.8256424	0	.1743576	0
1176.15	0	.825194	0	.174806	0
1175.15	0	.8247465	0	.1752536	0
1174.15	0	.8242998	0	.1757002	0
1173.15	0	.823854	0	.176146	0
1172.15	0	.8234092	0	.1765908	0
1171.15	0	.8229652	0	.1770348	0
1170.15	0	.8225221	0	.1774779	0
1169.15	0	.8220799	0	.1779201	0
1168.15	0	.8216385	0	.1783615	0
1167.15	0	.8211981	0	.1788019	0
1166.15	0	.8207585	0	.1792415	0
1165.15	0	.8203198	0	.1796802	0
1164.15	0	.8198819	0	.1801181	0
1163.15	0	.8194449	0	.180555	0
1162.15	0	.8190089	0	.1809912	0
1161.15	0	.8185736	0	.1814264	0
1160.15	0	.8181392	0	.1818608	0
1159.15	0	.8177057	0	.1822943	0
1158.15	0	.8172731	0	.1827269	0
1157.15	0	.8168413	0	.1831587	0
1156.15	0	.8164103	0	.1835897	0
1155.15	0	.8159803	0	.1840197	0
1154.15	0	.815551	0	.184449	0
1153.15	0	.8151226	0	.1848774	0
1152.15	0	.8146951	0	.1853049	0
1151.15	0	.8142684	0	.1857316	0
1150.15	0	.8138426	0	.1861574	0
1149.15	0	.8134176	0	.1865824	0
1148.15	0	.8129934	0	.1870066	0
1147.15	0	.8125701	0	.1874299	0
1146.15	0	.8121476	0	.1878524	0
1145.15	0	.811726	0	.1882741	0
1144.15	0	.8113051	0	.1886949	0
1143.15	0	.8108851	0	.1891149	0
1142.15	0	.810466	0	.189534	0
1141.15	0	.8100477	0	.1899523	0
1140.15	0	.8096302	0	.1903698	0
1139.15	0	.8092135	0	.1907865	0
1138.15	0	.8087976	0	.1912024	0
1137.15	0	.8083826	0	.1916174	0
1136.15	0	.8079684	0	.1920316	0
1135.15	0	.807555	0	.192445	0
1134.15	0	.8071424	0	.1928576	0
1133.15	0	.8067306	0	.1932694	0
1132.15	0	.8063196	0	.1936804	0
1131.15	0	.8059095	0	.1940905	0
1130.15	0	.8055001	0	.1944999	0
1129.15	0	.8050916	0	.1949084	0
1128.15	0	.8046839	0	.1953161	0
1127.15	0	.8042769	0	.1957231	0
1126.15	0	.8038708	0	.1961292	0
1125.15	0	.8034655	0	.1965345	0
1124.15	0	.8030609	0	.1969391	0
1123.15	0	.8026572	0	.1973428	0
1122.15	0	.8022543	0	.1977457	0
1121.15	0	.8018521	0	.1981479	0
1120.15	0	.8014508	0	.1985493	0
1119.15	0	.8010502	0	.1989498	0
1118.15	0	.8006504	0	.1993496	0
1117.15	0	.8002514	0	.1997486	0
1116.15	0	.7998532	0	.2001468	0
1115.15	0	.7994558	0	.2005443	0
1114.15	0	.7990591	0	.2009409	0
1113.15	0	.7986632	0	.2013368	0
1112.15	0	.7982681	0	.2017319	0
1111.15	0	.7978738	0	.2021262	0
1110.15	0	.7974803	0	.2025197	0
1109.15	0	.7970875	0	.2029125	0
1108.15	0	.7966955	0	.2033045	0
1107.15	0	.7963043	0	.2036957	0
1106.15	0	.7959138	0	.2040862	0
1105.15	0	.7955241	0	.2044759	0
1104.15	0	.7951352	0	.2048648	0
1103.15	0	.794747	0	.205253	0
1102.15	0	.7943596	0	.2056404	0
1101.15	0	.793973	0	.206027	0
1100.15	0	.7935871	0	.2064129	0
1099.15	0	.793202	0	.206798	0
1098.15	0	.7928176	0	.2071824	0
1097.15	0	.792434	0	.207566	0
1096.15	0	.7920511	0	.2079489	0
1095.15	0	.791669	0	.208331	0
1094.15	0	.7912877	0	.2087123	0
1093.15	0	.7909071	0	.2090929	0
1092.15	0	.7905272	0	.2094728	0
1091.15	0	.7901481	0	.2098519	0
1090.15	0	.7897697	0	.2102303	0
1089.15	0	.7893921	0	.2106079	0
1088.15	0	.7890152	0	.2109848	0
1087.15	0	.788639	0	.211361	0
1086.15	0	.7882636	0	.2117364	0
1085.15	0	.787889	0	.212111	0
1084.15	0	.787515	0	.212485	0
1083.15	0	.7871418	0	.2128582	0
1082.15	0	.7867694	0	.2132306	0
1081.15	0	.7863976	0	.2136024	0
1080.15	0	.7860266	0	.2139734	0
1079.15	0	.7856563	0	.2143437	0
1078.15	0	.7852868	0	.2147132	0
1077.15	0	.784918	0	.2150821	0
1076.15	0	.7845498	0	.2154502	0
1075.15	0	.7841825	0	.2158175	0
1074.15	0	.7838158	0	.2161842	0
1073.15	0	.7834499	0	.2165501	0
1072.15	0	.7830847	0	.2169153	0
1071.15	0	.7827202	0	.2172798	0
1070.15	0	.7823564	0	.2176436	0
1069.15	0	.7819933	0	.2180067	0
1068.15	0	.781631	0	.218369	0
1067.15	0	.7812694	0	.2187307	0
1066.15	0	.7809084	0	.2190916	0
1065.15	0	.7805482	0	.2194518	0
1064.15	0	.7801887	0	.2198113	0
1063.15	0	.7798299	0	.2201701	0
1062.15	0	.7794718	0	.2205282	0
1061.15	0	.7791144	0	.2208856	0
1060.15	0	.7787578	0	.2212423	0
1059.15	0	.7784018	0	.2215982	0
1058.15	0	.7780465	0	.2219535	0
1057.15	0	.7776919	0	.2223081	0
1056.15	0	.7773381	0	.2226619	0
1055.15	0	.7769849	0	.2230151	0
1054.15	0	.7766324	0	.2233676	0
1053.15	0	.7762806	0	.2237194	0
1052.15	0	.7759295	0	.2240705	0
1051.15	0	.7755791	0	.2244209	0
1050.15	0	.7752294	0	.2247706	0
1049.15	0	.7748804	0	.2251196	0
1048.15	0	.7745321	0	.2254679	0
1047.15	0	.7741844	0	.2258156	0
1046.15	0	.7738375	0	.2261625	0
1045.15	0	.7734912	0	.2265088	0
1044.15	0	.7731457	0	.2268543	0
1043.15	0	.7728008	0	.2271992	0
1042.15	0	.7724566	0	.2275435	0
1041.15	0	.772113	0	.227887	0
1040.15	0	.7717702	0	.2282298	0
1039.15	0	.771428	0	.228572	0
1038.15	0	.7710865	0	.2289135	0
1037.15	0	.7707457	0	.2292543	0
1036.15	0	.7704056	0	.2295944	0
1035.15	0	.7700661	0	.2299339	0
1034.15	0	.7697273	0	.2302727	0
1033.15	0	.7693892	0	.2306108	0
1032.15	0	.7690518	0	.2309482	0
1031.15	0	.768715	0	.231285	0
1030.15	0	.7683789	0	.2316211	0
1029.15	0	.7680435	0	.2319565	0
1028.15	0	.7677087	0	.2322913	0
1027.15	0	.7673746	0	.2326254	0
1026.15	0	.7670412	0	.2329588	0
1025.15	0	.7667084	0	.2332916	0
1024.15	0	.7663763	0	.2336237	0
1023.15	0	.7660449	0	.2339551	0
1022.15	0	.7657141	0	.2342859	0
1021.15	0	.765384	0	.234616	0
1020.15	0	.7650545	0	.2349455	0
1019.15	0	.7647257	0	.2352743	0
1018.15	0	.7643976	0	.2356024	0
1017.15	0	.7640701	0	.2359299	0
1016.15	0	.7637433	0	.2362567	0
1015.15	0	.7634171	0	.2365829	0
1014.15	0	.7630916	0	.2369084	0
1013.15	0	.7627667	0	.2372333	0
1012.15	0	.7624425	0	.2375575	0
1011.15	0	.7621189	0	.2378811	0
1010.15	0	.761796	0	.238204	0
1009.15	0	.7614737	0	.2385263	0
1008.15	0	.7611521	0	.2388479	0
1007.15	0	.7608312	0	.2391688	0
1006.15	0	.7605108	0	.2394892	0
1005.15	0	.7601911	0	.2398089	0
1004.15	0	.7598721	0	.2401279	0
1003.15	0	.7595537	0	.2404463	0
1002.15	0	.759236	0	.240764	0
1001.15	0	.7589189	0	.2410811	0
1000.15	0	.7586024	0	.2413976	0
999.15	0	.7582866	0	.2417134	0
998.15	0	.7579714	0	.2420286	0
997.15	0	.7576568	0	.2423432	0
996.15	0	.7573429	0	.2426571	0
995.15	0	.7570296	0	.2429704	0
994.15	0	.756717	0	.243283	0
993.15	0	.756405	0	.243595	0
992.15	0	.7560936	0	.2439064	0
991.15	0	.7557829	0	.2442171	0
990.15	0	.7554728	0	.2445272	0
989.15	0	.7551633	0	.2448367	0
988.15	0	.7548545	0	.2451455	0
987.15	0	.7545463	0	.2454537	0
986.15	0	.7542387	0	.2457613	0
985.15	0	.7539317	0	.2460683	0
984.15	0	.7536254	0	.2463746	0
983.15	0	.7533197	0	.2466803	0
982.15	0	.7530146	0	.2469854	0
981.15	0	.7527102	0	.2472898	0
980.15	0	.7524064	0	.2475936	0
979.15	0	.7521032	0	.2478969	0
978.15	0	.7518006	0	.2481994	0
977.15	0	.7514986	0	.2485014	0
976.15	0	.7511973	0	.2488027	0
975.15	0	.7508966	0	.2491034	0
974.15	0	.7505965	0	.2494035	0
973.15	0	.750297	0	.249703	0
972.15	0	.7499981	0	.2500019	0
971.15	0	.7496999	0	.2503001	0
970.15	0	.7494023	0	.2505977	0
969.15	0	.7491053	0	.2508947	0
968.15	0	.7488089	0	.2511911	0
967.15	0	.7485131	0	.2514869	0
966.15	0	.7482179	0	.2517821	0
965.15	0	.7479234	0	.2520766	0
964.15	0	.7476294	0	.2523706	0
963.15	0	.7473361	0	.2526639	0
962.15	0	.7470434	0	.2529566	0
961.15	0	.7467513	0	.2532487	0
960.15	0	.7464598	0	.2535402	0
959.15	0	.7461689	0	.2538311	0
958.15	0	.7458787	0	.2541214	0
957.15	0	.745589	0	.254411	0
956.15	0	.7452999	0	.2547001	0
955.15	0	.7450115	0	.2549885	0
954.15	0	.7447236	0	.2552764	0
953.15	0	.7444364	0	.2555636	0
952.15	0	.7441497	0	.2558503	0
951.15	0	.7438637	0	.2561363	0
950.15	0	.7435783	0	.2564217	0
949.15	0	.7432934	0	.2567066	0
948.15	0	.7430092	0	.2569908	0
947.15	0	.7427256	0	.2572744	0
946.15	0	.7424426	0	.2575574	0
945.15	0	.7421601	0	.2578399	0
944.15	0	.7418783	0	.2581217	0
943.15	0	.7415971	0	.2584029	0
942.15	0	.7413165	0	.2586835	0
941.15	0	.7410364	0	.2589636	0
940.15	0	.740757	0	.259243	0
939.15	0	.7404782	0	.2595218	0
938.15	0	.7401999	0	.2598001	0
937.15	0	.7399223	0	.2600777	0
936.15	0	.7396452	0	.2603548	0
935.15	0	.7393688	0	.2606312	0
934.15	0	.7390929	0	.2609071	0
933.15	0	.7388177	0	.2611823	0
932.15	0	.738543	0	.261457	0
931.15	0	.7382689	0	.2617311	0
930.15	0	.7379954	0	.2620046	0
929.15	0	.7377225	0	.2622775	0
928.15	0	.7374502	0	.2625498	0
927.15	0	.7371785	0	.2628215	0
926.15	0	.7369074	0	.2630926	0
925.15	0	.7366368	0	.2633632	0
924.15	0	.7363669	0	.2636331	0
923.15	0	.7360975	0	.2639025	0
922.15	0	.7358288	0	.2641713	0
921.15	0	.7355606	0	.2644394	0
920.15	0	.735293	0	.264707	0
919.15	0	.735026	0	.264974	0
918.15	0	.7347595	0	.2652405	0
917.15	0	.7344937	0	.2655063	0
916.15	0	.7342284	0	.2657716	0
915.15	0	.7339638	0	.2660362	0
914.15	0	.7336997	0	.2663003	0
913.15	0	.7334362	0	.2665638	0
912.15	0	.7331732	0	.2668268	0
911.15	0	.7329109	0	.2670891	0
910.15	0	.7326492	0	.2673509	0
909.15	0	.732388	0	.267612	0
908.15	0	.7321274	0	.2678726	0
907.15	0	.7318674	0	.2681326	0
906.15	0	.7316079	0	.2683921	0
905.15	0	.7313491	0	.2686509	0
904.15	0	.7310908	0	.2689092	0
903.15	0	.7308331	0	.2691669	0
902.15	0	.730576	0	.269424	0
901.15	0	.7303195	0	.2696806	0
900.15	0	.7300635	0	.2699365	0
899.15	0	.7298081	0	.2701919	0
898.15	0	.7295533	0	.2704467	0
897.15	0	.7292991	0	.2707009	0
896.15	0	.7290454	0	.2709546	0
895.15	0	.7287923	0	.2712077	0
894.15	0	.7285398	0	.2714602	0
893.15	0	.7282879	0	.2717121	0
892.15	0	.7280366	0	.2719634	0
891.15	0	.7277858	0	.2722142	0
890.15	0	.7275356	0	.2724644	0
889.15	0	.727286	0	.272714	0
888.15	0	.7270369	0	.2729631	0
887.15	0	.7267884	0	.2732116	0
886.15	0	.7265405	0	.2734595	0
885.15	0	.7262932	0	.2737068	0
884.15	0	.7260464	0	.2739536	0
883.15	0	.7258002	0	.2741998	0
882.15	0	.7255546	0	.2744454	0
881.15	0	.7253095	0	.2746905	0
880.15	0	.725065	0	.274935	0
879.15	0	.7248211	0	.2751789	0
878.15	0	.7245778	0	.2754222	0
877.15	0	.724335	0	.275665	0
876.15	0	.7240928	0	.2759072	0
875.15	0	.7238512	0	.2761488	0
874.15	0	.7236101	0	.2763899	0
873.15	0	.7233696	0	.2766304	0
872.15	0	.7231297	0	.2768703	0
871.15	0	.7228903	0	.2771097	0
870.15	0	.7226515	0	.2773485	0
869.15	0	.7224133	0	.2775867	0
868.15	0	.7221756	0	.2778244	0
867.15	0	.7219385	0	.2780615	0
866.15	0	.721702	0	.278298	0
865.15	0	.7214661	0	.278534	0
864.15	0	.7212307	0	.2787693	0
863.15	0	.7209958	0	.2790042	0
862.15	0	.7207616	0	.2792384	0
861.15	0	.7205279	0	.2794721	0
860.15	0	.7202947	0	.2797053	0
859.15	0	.7200622	0	.2799378	0
858.15	0	.7198302	0	.2801698	0
857.15	0	.7195987	0	.2804013	0
856.15	0	.7193678	0	.2806322	0
855.15	0	.7191375	0	.2808625	0
854.15	0	.7189078	0	.2810922	0
853.15	0	.7186786	0	.2813214	0
852.15	0	.71845	0	.28155	0
851.15	0	.7182219	0	.2817781	0
850.15	0	.7179944	0	.2820056	0
849.15	0	.7177675	0	.2822325	0
848.6963	0	.7176647	0	.2823353	0
848.6963	0	.7176647	0	.2823353	0
848.6963	0	.7176647	0	.2823353	0
848.15	0	.7172257	3.741442E-04	.2824002	0
847.15	0	.7164222	.001059981	.2825178	0
846.15	0	.7156189	.001747168	.282634	0
845.15	0	.7148155	.002435768	.2827487	0
844.15	0	.7140122	.003125846	.2828619	0
843.15	0	.7132088	.003817465	.2829737	0
842.15	0	.7124053	.004510695	.283084	0
841.15	0	.7116016	.005205604	.2831928	0
840.15	0	.7107977	.005902264	.2833001	0
839.15	0	.7099935	.006600748	.2834058	0
838.15	0	.709189	.007301133	.2835099	0
837.15	0	.708384	.008003496	.2836125	0
836.15	0	.7075787	.008707918	.2837134	0
835.15	0	.7067728	.009414481	.2838128	0
834.15	0	.7059663	.01012327	.2839104	0
833.15	0	.7051592	.01083438	.2840065	0
832.15	0	.7043513	.01154789	.2841008	0
831.15	0	.7035427	.0122639	.2841934	0
830.15	0	.7027332	.01298251	.2842843	0
829.15	0	.7019228	.01370381	.2843734	0
828.15	0	.7011114	.01442792	.2844607	0
827.15	0	.7002988	.01515493	.2845462	0
826.15	0	.6994851	.01588496	.2846299	0
825.15	0	.6986701	.01661813	.2847117	0
824.15	0	.6978538	.01735455	.2847916	0
823.15	0	.697036	.01809435	.2848696	0
822.15	0	.6962167	.01883765	.2849457	0
821.15	0	.6953957	.01958458	.2850197	0
820.15	0	.694573	.0203353	.2850917	0
819.15	0	.6937484	.02108993	.2851617	0
818.15	0	.6929218	.02184864	.2852295	0
817.15	0	.6920932	.02261156	.2852953	0
816.15	0	.6912623	.02337887	.2853588	0
815.15	0	.6904291	.02415074	.2854201	0
814.15	0	.6895934	.02492734	.2854792	0
813.15	0	.6887551	.02570885	.285536	0
812.15	0	.6879141	.02649546	.2855904	0
811.15	0	.6870702	.02728739	.2856425	0
810.15	0	.6862231	.02808482	.285692	0
809.15	0	.6853729	.028888	.2857391	0
808.15	0	.6845192	.02969714	.2857836	0
807.15	0	.683662	.03051249	.2858255	0
806.15	0	.6828009	.03133431	.2858648	0
805.15	0	.6819359	.03216285	.2859012	0
804.15	0	.6810667	.03299841	.2859349	0
803.15	0	.680193	.03384127	.2859657	0
802.15	0	.6793152	.03469137	.2859935	0
801.15	0	.6784319	.03554983	.2860182	0
800.15	0	.6775435	.03641659	.2860399	0
799.15	0	.6766496	.03729202	.2860583	0
798.15	0	.67575	.03817652	.2860735	0
797.15	0	.6748443	.03907049	.2860852	0
796.15	0	.6739322	.03997439	.2860934	0
795.15	0	.6730134	.04088869	.286098	0
794.15	0	.6720873	.04181388	.2860988	0
793.15	0	.6711538	.04275051	.2860957	0
792.15	0	.6702122	.04369916	.2860886	0
791.15	0	.6692622	.04466044	.2860774	0
790.15	0	.6683032	.04563503	.2860618	0
789.15	0	.6673347	.04662363	.2860417	0
788.15	0	.6663561	.04762701	.2860169	0
787.15	0	.6653668	.04864603	.2859872	0
786.15	0	.664366	.04968158	.2859525	0
785.15	0	.663353	.05073465	.2859123	0
784.15	0	.662327	.05180631	.2858666	0
783.15	0	.6612872	.05289776	.2858151	0
782.15	0	.6602324	.05401027	.2857573	0
781.15	0	.6591617	.05514527	.285693	0
780.15	0	.6580738	.05630434	.2856219	0
779.15	0	.6569674	.05748921	.2855434	0
778.15	0	.655841	.05870185	.2854571	0
777.15	0	.654693	.05994442	.2853626	0
776.15	0	.6535214	.06121938	.2852593	0
775.15	0	.6523241	.0625295	.2851464	0
774.15	0	.6510988	.06387795	.2850233	0
773.15	0	.6492902	.06595658	.2847532	0
772.15	0	.6472127	.06837732	.28441	0
771.15	0	.6452433	.07067006	.2840866	0
770.15	0	.6433719	.07284709	.283781	0
769.15	0	.6415893	.07491904	.2834916	0
768.15	0	.6398879	.07689516	.283217	0
767.15	0	.6382607	.07878353	.2829558	0
766.15	0	.6367018	.08059128	.282707	0
765.15	0	.6352058	.0823247	.2824695	0
764.15	0	.6337681	.08398938	.2822426	0
763.15	0	.6323844	.08559031	.2820253	0
762.15	0	.631051	.08713196	.2818171	0
761.15	0	.6297645	.08861835	.2816172	0
760.15	0	.6285219	.09005309	.2814251	0
759.15	0	.6273203	.09143948	.2812402	0
758.15	0	.6261573	.09278049	.2810622	0
757.15	0	.6250307	.09407885	.2808905	0
756.15	0	.6239382	.09533703	.2807248	0
755.15	0	.6228781	.0965573	.2805646	0
754.15	0	.6218484	.09774176	.2804098	0
753.15	0	.6208478	.09889232	.2802599	0
752.15	0	.6198745	.1000108	.2801147	0
751.15	0	.6189273	.1010987	.2799739	0
750.15	0	.6180049	.1021577	.2798374	0
749.15	0	.6171061	.1031892	.2797047	0
748.15	0	.6162298	.1041943	.2795759	0
747.15	0	.6153749	.1051745	.2794506	0
746.15	0	.6145405	.1061308	.2793287	0
745.15	0	.6137258	.1070643	.27921	0
744.15	0	.6129298	.1079759	.2790943	0
743.15	0	.6121518	.1088666	.2789816	0
742.15	0	.611391	.1097374	.2788716	0
741.15	0	.6106468	.1105889	.2787643	0
740.15	0	.6099184	.111422	.2786596	0
739.15	0	.6092054	.1122374	.2785572	0
738.15	0	.608507	.1130359	.2784571	0
737.15	0	.6078228	.1138179	.2783593	0
736.15	0	.6071522	.1145843	.2782635	0
735.15	0	.6064947	.1153354	.2781698	0
734.15	0	.60585	.116072	.278078	0
733.15	0	.6052174	.1167945	.2779881	0
732.15	0	.6045967	.1175034	.2778999	0
731.15	0	.6039873	.1181992	.2778135	0
730.15	0	.603389	.1188823	.2777287	0
729.15	0	.6028014	.1195532	.2776455	0
728.15	0	.6022241	.1202122	.2775637	0
727.15	0	.6016568	.1208598	.2774835	0
726.15	0	.6010991	.1214963	.2774046	0
725.15	0	.6005509	.1221221	.2773271	0
724.15	0	.6000118	.1227374	.2772508	0
723.15	0	.5994814	.1233427	.2771758	0
722.15	0	.5989597	.1239382	.2771021	0
721.15	0	.5984463	.1245243	.2770294	0
720.15	0	.5979409	.1251011	.2769579	0
719.15	0	.5974435	.1256691	.2768875	0
718.15	0	.5969536	.1262283	.2768181	0
717.15	0	.5964712	.1267791	.2767497	0
716.15	0	.595996	.1273218	.2766823	0
715.15	0	.5955278	.1278565	.2766158	0
714.15	0	.5950664	.1283834	.2765502	0
713.15	0	.5946117	.1289029	.2764854	0
712.15	0	.5941635	.129415	.2764216	0
711.15	0	.5937216	.12992	.2763585	0
710.15	0	.5932858	.130418	.2762962	0
709.15	0	.5928561	.1309093	.2762347	0
708.15	0	.5924322	.131394	.2761739	0
707.15	0	.592014	.1318722	.2761138	0
706.15	0	.5916014	.1323442	.2760544	0
705.15	0	.5911942	.1328101	.2759956	0
704.15	0	.5907923	.1332701	.2759376	0
703.15	0	.5903957	.1337242	.2758801	0
702.15	0	.5900041	.1341727	.2758232	0
701.15	0	.5896174	.1346157	.275767	0
700.15	0	.5892355	.1350532	.2757113	0
699.15	0	.5888584	.1354855	.2756561	0
698.15	0	.5884859	.1359126	.2756015	0
697.15	0	.588118	.1363347	.2755474	0
696.15	0	.5877544	.1367519	.2754938	0
695.15	0	.5873952	.1371642	.2754406	0
694.15	0	.5870402	.1375719	.275388	0
693.15	0	.5866893	.1379749	.2753358	0
692.15	0	.5863425	.1383735	.275284	0
691.15	0	.5859997	.1387676	.2752327	0
690.15	0	.5856607	.1391575	.2751818	0
689.15	0	.5853256	.1395431	.2751313	0
688.15	0	.5849941	.1399246	.2750812	0
687.15	0	.5846664	.1403021	.2750315	0
686.15	0	.5843422	.1406756	.2749821	0
685.15	0	.5840216	.1410453	.2749332	0
684.15	0	.5837043	.1414112	.2748845	0
683.15	0	.5833905	.1417733	.2748362	0
682.15	0	.58308	.1421318	.2747882	0
681.15	0	.5827727	.1424867	.2747406	0
680.15	0	.5824686	.1428381	.2746932	0
679.15	0	.5821677	.1431861	.2746462	0
678.15	0	.5818698	.1435307	.2745995	0
677.15	0	.5815749	.1438721	.274553	0
676.15	0	.581283	.1442101	.2745068	0
675.15	0	.580994	.1445451	.2744609	0
674.15	0	.5807079	.1448768	.2744153	0
673.15	0	.5804246	.1452056	.2743699	0
672.15	0	.580144	.1455313	.2743248	0
671.15	0	.5798661	.1458541	.2742799	0
670.15	0	.5795909	.1461739	.2742352	0
669.15	0	.5793183	.146491	.2741908	0
668.15	0	.5790482	.1468052	.2741466	0
667.15	0	.5787807	.1471167	.2741026	0
666.15	0	.5785157	.1474255	.2740588	0
665.15	0	.5782531	.1477317	.2740152	0
664.15	0	.5779929	.1480352	.2739719	0
663.15	0	.5777351	.1483362	.2739287	0
662.15	0	.5774796	.1486347	.2738857	0
661.15	0	.5772264	.1489307	.2738429	0
660.15	0	.5769754	.1492243	.2738003	0
659.15	0	.5767267	.1495155	.2737578	0
658.15	0	.5764801	.1498043	.2737156	0
657.15	0	.5762357	.1500909	.2736734	0
656.15	0	.5759934	.1503751	.2736315	0
655.15	0	.5757531	.1506571	.2735897	0
654.15	0	.575515	.150937	.2735481	0
653.15	0	.5752788	.1512146	.2735066	0
652.15	0	.5750446	.1514901	.2734653	0
651.15	0	.5748124	.1517635	.2734241	0
650.15	0	.5745821	.1520349	.2733831	0
649.15	0	.5743537	.1523042	.2733421	0
648.15	0	.5741272	.1525715	.2733014	0
647.15	0	.5739025	.1528368	.2732607	0
646.15	0	.5736796	.1531002	.2732202	0
645.15	0	.5734585	.1533617	.2731798	0
644.15	0	.5732392	.1536213	.2731395	0
643.15	0	.5730217	.153879	.2730993	0
642.15	0	.5728058	.1541349	.2730593	0
641.15	0	.5725916	.154389	.2730193	0
640.15	0	.5723791	.1546413	.2729795	0
639.15	0	.5721683	.1548919	.2729398	0
638.15	0	.5719591	.1551407	.2729002	0
637.15	0	.5717515	.1553879	.2728607	0
636.15	0	.5715454	.1556333	.2728213	0
635.15	0	.5713409	.1558771	.2727819	0
634.15	0	.571138	.1561193	.2727427	0
633.15	0	.5709366	.1563598	.2727036	0
632.15	0	.5707366	.1565988	.2726646	0
631.15	0	.5705382	.1568362	.2726256	0
630.15	0	.5703412	.157072	.2725868	0
629.15	0	.5701457	.1573064	.272548	0
628.15	0	.5699516	.1575392	.2725093	0
627.15	0	.5697588	.1577705	.2724707	0
626.15	0	.5695675	.1580004	.2724321	0
625.15	0	.5693775	.1582288	.2723937	0
624.15	0	.5691889	.1584558	.2723553	0
623.15	0	.5690017	.1586813	.272317	0
622.15	0	.5688157	.1589055	.2722788	0
621.15	0	.5686311	.1591283	.2722406	0
620.15	0	.5684477	.1593498	.2722025	0
619.15	0	.5682657	.1595698	.2721645	0
618.15	0	.5680848	.1597886	.2721266	0
617.15	0	.5679053	.1600061	.2720887	0
616.15	0	.5677269	.1602222	.2720509	0
615.15	0	.5675498	.1604371	.2720131	0
614.15	0	.5673738	.1606508	.2719754	0
613.15	0	.5671991	.1608631	.2719378	0
612.15	0	.5670255	.1610743	.2719002	0
611.15	0	.5668531	.1612842	.2718627	0
610.15	0	.5666818	.1614929	.2718253	0
609.15	0	.5665117	.1617004	.2717879	0
608.15	0	.5663427	.1619068	.2717505	0
607.15	0	.5661748	.162112	.2717132	0
606.15	0	.566008	.162316	.271676	0
605.15	0	.5658423	.1625189	.2716388	0
604.15	0	.5656776	.1627207	.2716017	0
603.15	0	.565514	.1629213	.2715647	0
602.15	0	.5653515	.1631208	.2715276	0
601.15	0	.56519	.1633193	.2714907	0
600.15	0	.5650296	.1635167	.2714538	0
599.15	0	.5648701	.163713	.2714169	0
598.15	0	.5647117	.1639082	.2713801	0
597.15	0	.5645543	.1641024	.2713433	0
596.15	0	.5643978	.1642956	.2713066	0
595.15	0	.5642423	.1644878	.2712699	0
594.15	0	.5640878	.1646789	.2712333	0
593.15	0	.5639343	.164869	.2711967	0
592.15	0	.5637817	.1650582	.2711602	0
591.15	0	.56363	.1652463	.2711237	0
590.15	0	.5634793	.1654335	.2710872	0
589.15	0	.5633295	.1656197	.2710508	0
588.15	0	.5631806	.165805	.2710145	0
587.15	0	.5630326	.1659893	.2709782	0
586.15	0	.5628855	.1661727	.2709419	0
585.15	0	.5627393	.1663551	.2709056	0
584.15	0	.5625939	.1665366	.2708695	0
583.15	0	.5624494	.1667173	.2708333	0
582.15	0	.5623058	.166897	.2707972	0
581.15	0	.5621631	.1670758	.2707611	0
580.15	0	.5620212	.1672537	.2707251	0
579.15	0	.5618801	.1674308	.2706891	0
578.15	0	.5617399	.167607	.2706532	0
577.15	0	.5616004	.1677823	.2706173	0
576.15	0	.5614618	.1679568	.2705814	0
575.15	0	.561324	.1681304	.2705456	0
574.15	0	.561187	.1683032	.2705098	0
573.15	0	.5610508	.1684751	.270474	0
572.15	0	.5609154	.1686462	.2704383	0
571.15	0	.5607808	.1688165	.2704027	0
570.15	0	.5606469	.168986	.270367	0
569.15	0	.5605138	.1691547	.2703315	0
568.15	0	.5603815	.1693226	.2702959	0
567.15	0	.5602499	.1694897	.2702604	0
566.15	0	.5601191	.169656	.2702249	0
565.15	0	.559989	.1698215	.2701895	0
564.15	0	.5598597	.1699863	.2701541	0
563.15	0	.559731	.1701503	.2701187	0
562.15	0	.5596031	.1703135	.2700834	0
561.15	0	.559476	.1704759	.2700481	0
560.15	0	.5593495	.1706377	.2700129	0
559.15	0	.5592238	.1707986	.2699776	0
558.15	0	.5590987	.1709588	.2699424	0
557.15	0	.5589744	.1711183	.2699073	0
556.15	0	.5588507	.1712771	.2698722	0
555.15	0	.5587277	.1714352	.2698371	0
554.15	0	.5586054	.1715925	.2698021	0
553.15	0	.5584838	.1717491	.2697671	0
552.15	0	.5583628	.171905	.2697322	0
551.15	0	.5582425	.1720602	.2696973	0
550.15	0	.5581229	.1722147	.2696624	0
549.15	0	.5580039	.1723685	.2696276	0
548.15	0	.5578855	.1725216	.2695928	0
547.15	0	.5577679	.172674	.2695581	0
546.15	0	.5576508	.1728258	.2695234	0
545.15	0	.5575344	.1729769	.2694887	0
544.15	0	.5574186	.1731273	.2694541	0
543.15	0	.5573035	.173277	.2694195	0
542.15	0	.5571889	.1734261	.269385	0
541.15	0	.557075	.1735745	.2693505	0
540.15	0	.5569617	.1737223	.269316	0
539.15	0	.556849	.1738694	.2692816	0
538.15	0	.5567369	.1740159	.2692472	0
537.15	0	.5566254	.1741617	.2692129	0
536.15	0	.5565145	.1743069	.2691786	0
535.15	0	.5564042	.1744515	.2691443	0
534.15	0	.5562945	.1745954	.2691101	0
533.15	0	.5561854	.1747387	.2690759	0
532.15	0	.5560769	.1748813	.2690418	0
531.15	0	.5559689	.1750234	.2690077	0
530.15	0	.5558615	.1751648	.2689737	0
529.15	0	.5557547	.1753057	.2689397	0
528.15	0	.5556484	.1754459	.2689057	0
527.15	0	.5555428	.1755855	.2688718	0
526.15	0	.5554376	.1757245	.2688379	0
525.15	0	.555333	.1758629	.2688041	0
524.15	0	.555229	.1760007	.2687703	0
523.15	0	.5551256	.1761379	.2687366	0
522.15	0	.5550226	.1762745	.2687029	0
521.15	0	.5549203	.1764105	.2686692	0
520.15	0	.5548184	.176546	.2686356	0
519.15	0	.5547171	.1766809	.268602	0
518.15	0	.5546163	.1768152	.2685685	0
517.15	0	.5545161	.1769489	.2685351	0
516.15	0	.5544164	.177082	.2685016	0
515.15	0	.5543172	.1772146	.2684683	0
514.15	0	.5542185	.1773466	.2684349	0
513.15	0	.5541204	.177478	.2684017	0
512.15	0	.5540227	.1776089	.2683684	0
511.15	0	.5539256	.1777392	.2683352	0
510.15	0	.553829	.1778689	.2683021	0
509.15	0	.5537328	.1779981	.268269	0
508.15	0	.5536372	.1781268	.268236	0
507.15	0	.5535421	.1782549	.268203	0
506.15	0	.5534475	.1783824	.2681701	0
505.15	0	.5533534	.1785094	.2681372	0
504.15	0	.5532598	.1786359	.2681044	0
503.15	0	.5531666	.1787618	.2680716	0
502.15	0	.553074	.1788872	.2680388	0
501.15	0	.5529818	.179012	.2680062	0
500.15	0	.5528901	.1791363	.2679735	0
499.15	0	.552799	.1792601	.267941	0
498.15	0	.5527082	.1793833	.2679085	0
497.15	0	.552618	.179506	.267876	0
496.15	0	.5525282	.1796282	.2678436	0
495.15	0	.5524389	.1797499	.2678112	0
494.15	0	.5523501	.179871	.2677789	0
493.15	0	.5522617	.1799917	.2677467	0
492.15	0	.5521738	.1801118	.2677145	0
491.15	0	.5520863	.1802314	.2676823	0
490.15	0	.5519993	.1803504	.2676502	0
489.15	0	.5519128	.180469	.2676182	0
488.15	0	.5518267	.180587	.2675863	0
487.15	0	.5517411	.1807046	.2675543	0
486.15	0	.5516559	.1808216	.2675225	0
485.15	0	.5515712	.1809381	.2674907	0
484.15	0	.5514869	.1810541	.2674589	0
483.15	0	.5514031	.1811697	.2674273	0
482.15	0	.5513197	.1812847	.2673957	0
481.15	0	.5512367	.1813992	.2673641	0
480.15	0	.5511542	.1815132	.2673326	0
479.15	0	.5510721	.1816267	.2673012	0
478.15	0	.5509905	.1817398	.2672698	0
477.15	0	.5509092	.1818523	.2672385	0
476.15	0	.5508284	.1819643	.2672072	0
475.15	0	.5507481	.1820759	.267176	0
474.15	0	.5506682	.182187	.2671449	0
473.15	0	.5505886	.1822975	.2671138	0
472.15	0	.5505096	.1824076	.2670828	0
471.15	0	.5504309	.1825172	.2670519	0
470.15	0	.5503526	.1826263	.267021	0
469.15	0	.5502748	.182735	.2669902	0
468.15	0	.5501974	.1828431	.2669595	0
467.15	0	.5501204	.1829508	.2669288	0
466.15	0	.5500438	.183058	.2668982	0
465.15	0	.5499676	.1831647	.2668677	0
464.15	0	.5498918	.183271	.2668372	0
463.15	0	.5498165	.1833768	.2668068	0
462.15	0	.5497415	.1834821	.2667764	0
461.15	0	.5496669	.1835869	.2667462	0
460.15	0	.5495928	.1836913	.266716	0
459.15	0	.549519	.1837952	.2666858	0
458.15	0	.5494457	.1838986	.2666558	0
457.15	0	.5493727	.1840015	.2666258	0
456.15	0	.5493001	.184104	.2665958	0
455.15	0	.549228	.184206	.266566	0
454.15	0	.5491562	.1843076	.2665362	0
453.15	0	.5490848	.1844087	.2665065	0
452.15	0	.5490138	.1845093	.2664769	0
451.15	0	.5489432	.1846095	.2664473	0
450.15	0	.548873	.1847092	.2664178	0
449.15	0	.5488032	.1848084	.2663884	0
448.15	0	.5487338	.1849071	.2663591	0
447.15	0	.5486648	.1850054	.2663298	0
446.15	0	.5485962	.1851032	.2663007	0
445.15	0	.5485279	.1852005	.2662716	0
444.15	0	.5484601	.1852973	.2662426	0
443.15	0	.5483927	.1853936	.2662137	0
442.15	0	.5483256	.1854895	.2661849	0
441.15	0	.548259	.1855848	.2661562	0
440.15	0	.5481928	.1856797	.2661276	0
439.15	0	.5481269	.185774	.266099	0
438.15	0	.5480615	.1858679	.2660706	0
437.15	0	.5479965	.1859612	.2660423	0
436.15	0	.5479319	.186054	.266014	0
435.15	0	.5478677	.1861464	.2659859	0
434.15	0	.547804	.1862382	.2659579	0
433.15	0	.5477406	.1863295	.26593	0
432.15	0	.5476776	.1864202	.2659022	0
431.15	0	.5476151	.1865105	.2658745	0
430.15	0	.5475529	.1866002	.2658469	0
429.15	0	.5474912	.1866894	.2658194	0
428.15	0	.5474299	.1867781	.265792	0
427.15	0	.547369	.1868662	.2657648	0
426.15	0	.5473085	.1869538	.2657376	0
425.15	0	.5472485	.1870409	.2657106	0
424.15	0	.5471888	.1871275	.2656837	0
423.15	0	.5471296	.1872135	.265657	0
422.15	0	.5470707	.187299	.2656303	0
421.15	0	.5470123	.187384	.2656037	0
420.15	0	.5469543	.1874684	.2655773	0
419.15	0	.5468967	.1875523	.265551	0
418.15	0	.5468395	.1876357	.2655248	0
417.15	0	.5467827	.1877185	.2654988	0
416.15	0	.5467263	.1878009	.2654728	0
415.15	0	.5466703	.1878827	.265447	0
414.15	0	.5466147	.1879639	.2654214	0
413.15	0	.5465596	.1880447	.2653958	0
412.15	0	.5465048	.1881249	.2653703	0
411.15	0	.5464504	.1882045	.265345	0
410.15	0	.5463965	.1882837	.2653199	0
409.15	0	.5463429	.1883623	.2652948	0
408.15	0	.5462897	.1884404	.2652699	0
407.15	0	.5462369	.188518	.2652451	0
406.15	0	.5461845	.1885951	.2652204	0
405.15	0	.5461325	.1886717	.2651958	0
404.15	0	.5460809	.1887477	.2651714	0
403.15	0	.5460297	.1888232	.2651471	0
402.15	0	.5459788	.1888982	.2651229	0
401.15	0	.5459284	.1889727	.2650989	0
400.15	0	.5458783	.1890467	.265075	0
399.15	0	.5458286	.1891202	.2650512	0
398.15	0	.5457793	.1891932	.2650275	0
397.15	0	.5457304	.1892657	.265004	0
396.15	0	.5456818	.1893377	.2649806	0
395.15	0	.5456336	.1894091	.2649573	0
394.15	0	.5455858	.1894801	.2649341	0
393.15	0	.5455383	.1895506	.2649111	0
392.15	0	.5454912	.1896206	.2648882	0
391.15	0	.5454445	.1896901	.2648654	0
390.15	0	.5453981	.1897592	.2648427	0
389.15	0	.5453521	.1898277	.2648202	0
388.15	0	.5453064	.1898958	.2647978	0
387.15	0	.5452611	.1899634	.2647755	0
386.15	0	.5452162	.1900305	.2647533	0
385.15	0	.5451715	.1900971	.2647313	0
384.15	0	.5451273	.1901633	.2647094	0
383.15	0	.5450834	.190229	.2646876	0
382.15	0	.5450398	.1902943	.2646659	0
381.15	0	.5449966	.1903591	.2646444	0
380.15	0	.5449536	.1904234	.264623	0
379.15	0	.5449111	.1904873	.2646017	0
378.15	0	.5448688	.1905507	.2645805	0
377.15	0	.5448269	.1906137	.2645594	0
376.15	0	.5447853	.1906762	.2645385	0
375.15	0	.5447441	.1907383	.2645176	0
374.15	0	.5447031	.1907999	.2644969	0
373.15	0	.5446625	.1908612	.2644763	0
372.15	0	.5446222	.190922	.2644559	0
371.15	0	.5445822	.1909823	.2644355	0
370.15	0	.5445425	.1910422	.2644153	0
369.15	0	.5445031	.1911017	.2643951	0
368.15	0	.5444641	.1911608	.2643751	0
367.15	0	.5444253	.1912195	.2643552	0
366.15	0	.5443868	.1912778	.2643354	0
365.15	0	.5443486	.1913356	.2643158	0
364.15	0	.5443108	.191393	.2642962	0
363.15	0	.5442732	.1914501	.2642768	0
362.15	0	.5442359	.1915067	.2642574	0
361.15	0	.5441988	.191563	.2642382	0
360.15	0	.5441621	.1916188	.2642191	0
359.15	0	.5441257	.1916743	.2642001	0
358.15	0	.5440895	.1917293	.2641812	0
357.15	0	.5440536	.191784	.2641624	0
356.15	0	.544018	.1918383	.2641437	0
355.15	0	.5439826	.1918922	.2641251	0
354.15	0	.5439475	.1919458	.2641067	0
353.15	0	.5439127	.191999	.2640883	0
352.15	0	.5438782	.1920518	.26407	0
351.15	0	.5438439	.1921043	.2640519	0
350.15	0	.5438098	.1921564	.2640338	0
349.15	0	.543776	.1922081	.2640159	0
348.15	0	.5437425	.1922595	.2639981	0
347.15	0	.5437092	.1923105	.2639803	0
346.15	0	.5436762	.1923612	.2639627	0
345.15	0	.5436434	.1924115	.2639451	0
344.15	0	.5436108	.1924615	.2639277	0
343.15	0	.5435785	.1925111	.2639103	0
342.15	0	.5435465	.1925605	.2638931	0
341.15	0	.5435146	.1926094	.263876	0
340.15	0	.543483	.1926581	.2638589	0
339.15	0	.5434516	.1927064	.2638419	0
338.15	0	.5434205	.1927544	.2638251	0
337.15	0	.5433895	.1928021	.2638083	0
336.15	0	.5433589	.1928495	.2637917	0
335.15	0	.5433284	.1928965	.2637751	0
334.15	0	.5432981	.1929433	.2637586	0
333.15	0	.543268	.1929897	.2637423	0
332.15	0	.5432382	.1930358	.263726	0
331.15	0	.5432086	.1930817	.2637098	0
330.15	0	.5431792	.1931272	.2636937	0
329.15	0	.5431499	.1931724	.2636776	0
328.15	0	.5431209	.1932174	.2636617	0
327.15	0	.5430921	.193262	.2636459	0
