T	 BPW(LIQUID)	BPW(BCC_A2)	BPW(FCC_A1)	BPW(LAVES_PHASE_C14)	BPW(NI3TI)
1473.15	.0383686	.9616314	0	0	0
1472.15	.036337	.963663	0	0	0
1471.15	.03431868	.9656813	0	0	0
1470.15	.03231353	.9676865	0	0	0
1469.15	.03032144	.9696786	0	0	0
1468.15	.02834228	.9716577	0	0	0
1467.15	.02637594	.9736241	0	0	0
1466.15	.0244223	.9755777	0	0	0
1465.15	.02248126	.9775187	0	0	0
1464.15	.0205527	.9794473	0	0	0
1463.15	.0186365	.9813635	0	0	0
1462.15	.01673257	.9832674	0	0	0
1461.15	.01484078	.9851592	0	0	0
1460.15	.01296105	.987039	0	0	0
1459.15	.01109325	.9889067	0	0	0
1458.15	.009237288	.9907627	0	0	0
1457.15	.007393059	.9926069	0	0	0
1456.15	.00556046	.9944395	0	0	0
1455.15	.003739392	.9962606	0	0	0
1454.15	.001929754	.9980703	0	0	0
1453.15	1.31449E-04	.9998686	0	0	0
1453.077	0	1	0	0	0
1453.077	0	1	0	0	0
1452.15	0	1	0	0	0
1451.15	0	1	0	0	0
1450.15	0	1	0	0	0
1449.15	0	1	0	0	0
1448.15	0	1	0	0	0
1447.15	0	1	0	0	0
1446.15	0	1	0	0	0
1445.15	0	1	0	0	0
1444.15	0	1	0	0	0
1443.15	0	1	0	0	0
1442.15	0	1	0	0	0
1441.15	0	1	0	0	0
1440.15	0	1	0	0	0
1439.15	0	1	0	0	0
1438.15	0	1	0	0	0
1437.15	0	1	0	0	0
1436.15	0	1	0	0	0
1435.15	0	1	0	0	0
1434.15	0	1	0	0	0
1433.15	0	1	0	0	0
1432.15	0	1	0	0	0
1431.15	0	1	0	0	0
1430.15	0	1	0	0	0
1429.15	0	1	0	0	0
1428.15	0	1	0	0	0
1427.15	0	1	0	0	0
1426.15	0	1	0	0	0
1425.15	0	1	0	0	0
1424.15	0	1	0	0	0
1423.15	0	1	0	0	0
1422.15	0	1	0	0	0
1421.15	0	1	0	0	0
1420.15	0	1	0	0	0
1419.15	0	1	0	0	0
1418.15	0	1	0	0	0
1417.15	0	1	0	0	0
1416.15	0	1	0	0	0
1415.15	0	1	0	0	0
1414.15	0	1	0	0	0
1413.15	0	1	0	0	0
1412.15	0	1	0	0	0
1411.15	0	1	0	0	0
1410.15	0	1	0	0	0
1409.15	0	1	0	0	0
1408.15	0	1	0	0	0
1407.15	0	1	0	0	0
1406.15	0	1	0	0	0
1405.15	0	1	0	0	0
1404.15	0	1	0	0	0
1403.15	0	1	0	0	0
1402.15	0	1	0	0	0
1401.15	0	1	0	0	0
1400.15	0	1	0	0	0
1399.15	0	1	0	0	0
1398.15	0	1	0	0	0
1397.15	0	1	0	0	0
1396.15	0	1	0	0	0
1395.15	0	1	0	0	0
1394.15	0	1	0	0	0
1393.15	0	1	0	0	0
1392.15	0	1	0	0	0
1391.15	0	1	0	0	0
1390.15	0	1	0	0	0
1389.15	0	1	0	0	0
1388.15	0	1	0	0	0
1387.15	0	1	0	0	0
1386.15	0	1	0	0	0
1385.15	0	1	0	0	0
1384.15	0	1	0	0	0
1383.15	0	1	0	0	0
1382.15	0	1	0	0	0
1381.15	0	1	0	0	0
1380.15	0	1	0	0	0
1379.15	0	1	0	0	0
1378.15	0	1	0	0	0
1377.15	0	1	0	0	0
1376.15	0	1	0	0	0
1375.15	0	1	0	0	0
1374.15	0	1	0	0	0
1373.15	0	1	0	0	0
1372.15	0	1	0	0	0
1371.15	0	1	0	0	0
1370.15	0	1	0	0	0
1369.15	0	1	0	0	0
1368.15	0	1	0	0	0
1367.15	0	1	0	0	0
1366.15	0	1	0	0	0
1365.15	0	1	0	0	0
1364.15	0	1	0	0	0
1363.15	0	1	0	0	0
1362.15	0	1	0	0	0
1361.15	0	1	0	0	0
1360.15	0	1	0	0	0
1359.15	0	1	0	0	0
1358.15	0	1	0	0	0
1357.15	0	1	0	0	0
1356.15	0	1	0	0	0
1355.15	0	1	0	0	0
1354.15	0	1	0	0	0
1353.15	0	1	0	0	0
1352.15	0	1	0	0	0
1351.15	0	1	0	0	0
1350.15	0	1	0	0	0
1349.15	0	1	0	0	0
1348.15	0	1	0	0	0
1347.15	0	1	0	0	0
1346.15	0	1	0	0	0
1345.15	0	1	0	0	0
1344.15	0	1	0	0	0
1343.15	0	1	0	0	0
1342.15	0	1	0	0	0
1341.15	0	1	0	0	0
1340.15	0	1	0	0	0
1339.15	0	1	0	0	0
1338.15	0	1	0	0	0
1337.15	0	1	0	0	0
1336.15	0	1	0	0	0
1335.15	0	1	0	0	0
1334.15	0	1	0	0	0
1333.15	0	1	0	0	0
1332.15	0	1	0	0	0
1331.15	0	1	0	0	0
1330.15	0	1	0	0	0
1329.15	0	1	0	0	0
1328.15	0	1	0	0	0
1327.15	0	1	0	0	0
1326.15	0	1	0	0	0
1325.15	0	1	0	0	0
1324.15	0	1	0	0	0
1323.15	0	1	0	0	0
1322.15	0	1	0	0	0
1321.15	0	1	0	0	0
1320.15	0	1	0	0	0
1319.15	0	1	0	0	0
1318.15	0	1	0	0	0
1317.15	0	1	0	0	0
1316.15	0	1	0	0	0
1315.15	0	1	0	0	0
1314.15	0	1	0	0	0
1313.15	0	1	0	0	0
1312.15	0	1	0	0	0
1311.15	0	1	0	0	0
1310.15	0	1	0	0	0
1309.15	0	1	0	0	0
1308.15	0	1	0	0	0
1307.15	0	1	0	0	0
1306.15	0	1	0	0	0
1305.15	0	1	0	0	0
1304.15	0	1	0	0	0
1303.15	0	1	0	0	0
1302.15	0	1	0	0	0
1301.15	0	1	0	0	0
1300.15	0	1	0	0	0
1299.15	0	1	0	0	0
1298.15	0	1	0	0	0
1297.15	0	1	0	0	0
1296.15	0	1	0	0	0
1295.15	0	1	0	0	0
1294.15	0	1	0	0	0
1293.15	0	1	0	0	0
1292.15	0	1	0	0	0
1291.15	0	1	0	0	0
1290.15	0	1	0	0	0
1289.15	0	1	0	0	0
1288.15	0	1	0	0	0
1287.15	0	1	0	0	0
1286.15	0	1	0	0	0
1285.15	0	1	0	0	0
1284.15	0	1	0	0	0
1283.15	0	1	0	0	0
1282.15	0	1	0	0	0
1281.15	0	1	0	0	0
1280.15	0	1	0	0	0
1279.15	0	1	0	0	0
1278.15	0	1	0	0	0
1277.15	0	1	0	0	0
1276.15	0	1	0	0	0
1275.15	0	1	0	0	0
1274.15	0	1	0	0	0
1273.15	0	1	0	0	0
1272.15	0	1	0	0	0
1271.15	0	1	0	0	0
1270.15	0	1	0	0	0
1269.15	0	1	0	0	0
1268.15	0	1	0	0	0
1267.15	0	1	0	0	0
1266.15	0	1	0	0	0
1265.15	0	1	0	0	0
1264.15	0	1	0	0	0
1263.15	0	1	0	0	0
1262.15	0	1	0	0	0
1261.15	0	1	0	0	0
1260.15	0	1	0	0	0
1259.15	0	1	0	0	0
1258.15	0	1	0	0	0
1257.15	0	1	0	0	0
1256.15	0	1	0	0	0
1255.15	0	1	0	0	0
1254.15	0	1	0	0	0
1253.15	0	1	0	0	0
1252.15	0	1	0	0	0
1251.15	0	1	0	0	0
1250.15	0	1	0	0	0
1249.15	0	1	0	0	0
1248.15	0	1	0	0	0
1247.15	0	1	0	0	0
1246.15	0	1	0	0	0
1245.15	0	1	0	0	0
1244.15	0	1	0	0	0
1243.15	0	1	0	0	0
1242.15	0	1	0	0	0
1241.15	0	1	0	0	0
1240.15	0	1	0	0	0
1239.15	0	1	0	0	0
1238.15	0	1	0	0	0
1237.15	0	1	0	0	0
1236.15	0	1	0	0	0
1235.15	0	1	0	0	0
1234.15	0	1	0	0	0
1233.15	0	1	0	0	0
1232.15	0	1	0	0	0
1231.15	0	1	0	0	0
1230.15	0	1	0	0	0
1229.15	0	1	0	0	0
1228.15	0	1	0	0	0
1227.15	0	1	0	0	0
1226.15	0	1	0	0	0
1225.15	0	1	0	0	0
1224.15	0	1	0	0	0
1223.15	0	1	0	0	0
1222.15	0	1	0	0	0
1221.15	0	1	0	0	0
1220.15	0	1	0	0	0
1219.15	0	1	0	0	0
1218.15	0	1	0	0	0
1217.15	0	1	0	0	0
1216.15	0	1	0	0	0
1215.15	0	1	0	0	0
1214.15	0	1	0	0	0
1213.15	0	1	0	0	0
1212.15	0	1	0	0	0
1211.15	0	1	0	0	0
1210.15	0	1	0	0	0
1209.15	0	1	0	0	0
1208.15	0	1	0	0	0
1207.15	0	1	0	0	0
1206.15	0	1	0	0	0
1205.15	0	1	0	0	0
1204.15	0	1	0	0	0
1203.15	0	1	0	0	0
1202.15	0	1	0	0	0
1201.15	0	1	0	0	0
1200.15	0	1	0	0	0
1199.15	0	1	0	0	0
1198.15	0	1	0	0	0
1197.15	0	1	0	0	0
1196.15	0	1	0	0	0
1195.15	0	1	0	0	0
1194.15	0	1	0	0	0
1193.15	0	1	0	0	0
1192.15	0	1	0	0	0
1191.15	0	1	0	0	0
1190.15	0	1	0	0	0
1189.15	0	1	0	0	0
1188.15	0	1	0	0	0
1187.15	0	1	0	0	0
1186.15	0	1	0	0	0
1185.15	0	1	0	0	0
1184.15	0	1	0	0	0
1183.15	0	1	0	0	0
1182.15	0	1	0	0	0
1181.15	0	1	0	0	0
1180.15	0	1	0	0	0
1179.15	0	1	0	0	0
1178.15	0	1	0	0	0
1177.15	0	1	0	0	0
1176.15	0	1	0	0	0
1175.15	0	1	0	0	0
1174.15	0	1	0	0	0
1173.15	0	1	0	0	0
1172.15	0	1	0	0	0
1171.15	0	1	0	0	0
1170.15	0	1	0	0	0
1169.15	0	1	0	0	0
1168.15	0	1	0	0	0
1167.15	0	1	0	0	0
1166.15	0	1	0	0	0
1165.696	0	1	0	0	0
1165.696	0	1	0	0	0
1165.696	0	1	0	0	0
1165.15	0	.9993954	6.046147E-04	0	0
1164.15	0	.9982901	.001709907	0	0
1163.15	0	.997187	.002813041	0	0
1162.15	0	.996086	.003914014	0	0
1161.15	0	.9949872	.005012823	0	0
1160.15	0	.9938905	.006109464	0	0
1159.15	0	.9927961	.007203933	0	0
1158.15	0	.9917038	.008296228	0	0
1157.15	0	.9906137	.009386344	0	0
1156.15	0	.9895257	.01047428	0	0
1155.15	0	.98844	.01156003	0	0
1154.479	0	.9877123	.01228773	0	0
1154.479	0	.9877123	.01228773	0	0
1154.479	0	.9877123	.01228773	0	0
1154.15	0	.9872642	.0125843	1.515471E-04	0
1153.15	0	.9859032	.01348491	6.118672E-04	0
1152.15	0	.984546	.01438293	.001071027	0
1151.15	0	.9831926	.01527838	.00152903	0
1150.15	0	.9818429	.01617124	.001985879	0
1149.15	0	.9804969	.01706153	.002441577	0
1148.15	0	.9791546	.01794924	.002896128	0
1147.15	0	.9778161	.01883438	.003349534	0
1146.15	0	.9764813	.01971695	.003801798	0
1145.15	0	.9751501	.02059695	.004252923	0
1144.15	0	.9738227	.02147438	.004702913	0
1143.15	0	.972499	.02234925	.00515177	0
1142.15	0	.9711789	.02322156	.005599498	0
1141.15	0	.9698626	.02409131	.006046099	0
1140.15	0	.9685499	.0249585	.006491576	0
1139.15	0	.9672409	.02582313	.006935932	0
1138.15	0	.9659356	.02668521	.00737917	0
1137.15	0	.964634	.02754474	.007821293	0
1136.15	0	.963336	.02840172	.008262303	0
1135.15	0	.9620416	.02925614	.008702204	0
1134.15	0	.960751	.03010802	.009140997	0
1133.15	0	.9594639	.03095736	.009578687	0
1132.15	0	.9581806	.03180415	.01001528	0
1131.15	0	.9569008	.0326484	.01045077	0
1130.15	0	.9556247	.03349011	.01088516	0
1129.15	0	.9543523	.03432928	.01131846	0
1128.15	0	.9530834	.03516591	.01175067	0
1127.15	0	.9518182	.03600001	.01218179	0
1126.15	0	.9505566	.03683157	.01261183	0
1125.15	0	.9492986	.0376606	.01304079	0
1124.15	0	.9480443	.03848709	.01346866	0
1123.15	0	.9467935	.03931106	.01389546	0
1122.15	0	.9455463	.0401325	.01432118	0
1121.15	0	.9443028	.04095141	.01474583	0
1120.15	0	.9430628	.0417678	.01516941	0
1119.15	0	.9418264	.04258166	.01559192	0
1118.15	0	.9405936	.043393	.01601337	0
1117.15	0	.9393644	.04420182	.01643375	0
1116.15	0	.9381388	.04500811	.01685308	0
1115.15	0	.9369168	.04581189	.01727134	0
1114.15	0	.9356983	.04661314	.01768855	0
1113.15	0	.9344834	.04741188	.01810471	0
1112.15	0	.9332721	.04820811	.01851982	0
1111.15	0	.9320643	.04900181	.01893387	0
1110.15	0	.9308601	.04979301	.01934689	0
1109.15	0	.9296595	.05058169	.01975885	0
1108.15	0	.9284624	.05136785	.02016978	0
1107.15	0	.9272688	.05215151	.02057967	0
1106.15	0	.9260788	.05293265	.02098852	0
1105.15	0	.9248924	.05371129	.02139633	0
1104.15	0	.9237095	.05448742	.02180311	0
1103.15	0	.9225301	.05526104	.02220886	0
1102.15	0	.9213543	.05603215	.02261359	0
1101.15	0	.920182	.05680076	.02301728	0
1100.15	0	.9190132	.05756686	.02341995	0
1099.15	0	.917848	.05833045	.0238216	0
1098.15	0	.9166862	.05909155	.02422223	0
1097.15	0	.915528	.05985013	.02462183	0
1096.15	0	.9143733	.06060622	.02502043	0
1095.15	0	.9132222	.06135981	.025418	0
1094.15	0	.9120745	.06211089	.02581457	0
1093.15	0	.9109304	.06285947	.02621012	0
1092.15	0	.9097898	.06360556	.02660467	0
1091.15	0	.9086527	.06434914	.02699821	0
1090.15	0	.907519	.06509022	.02739074	0
1089.15	0	.9063889	.06582881	.02778227	0
1088.15	0	.9052623	.0665649	.0281728	0
1087.15	0	.9041392	.06729849	.02856232	0
1086.15	0	.9030196	.06802958	.02895085	0
1085.15	0	.9019034	.06875818	.02933839	0
1084.15	0	.9007908	.06948428	.02972492	0
1083.15	0	.8996816	.07020789	.03011047	0
1082.15	0	.898576	.070929	.03049503	0
1081.15	0	.8974738	.07164761	.03087859	0
1080.15	0	.8963751	.07236374	.03126117	0
1079.15	0	.8952799	.07307736	.03164276	0
1078.15	0	.8941881	.0737885	.03202336	0
1077.15	0	.8930999	.07449714	.03240299	0
1076.15	0	.8920151	.07520328	.03278163	0
1075.15	0	.8909338	.07590694	.03315929	0
1074.15	0	.8898559	.0766081	.03353597	0
1073.15	0	.8887816	.07730677	.03391167	0
1072.15	0	.8877107	.07800295	.0342864	0
1071.15	0	.8866432	.07869664	.03466015	0
1070.15	0	.8855792	.07938783	.03503293	0
1069.15	0	.8845187	.08007654	.03540474	0
1068.15	0	.8834617	.08076275	.03577558	0
1067.15	0	.8824081	.08144647	.03614544	0
1066.15	0	.8813579	.0821277	.03651435	0
1065.15	0	.8803113	.08280644	.03688228	0
1064.15	0	.8792681	.08348269	.03724925	0
1063.15	0	.8782283	.08415646	.03761525	0
1062.15	0	.877192	.08482773	.03798029	0
1061.15	0	.8761591	.08549651	.03834437	0
1060.15	0	.8751297	.0861628	.03870748	0
1059.15	0	.8741038	.0868266	.03906964	0
1058.15	0	.8730812	.08748792	.03943084	0
1057.15	0	.8720622	.08814674	.03979108	0
1056.15	0	.8710466	.08880308	.04015036	0
1055.15	0	.8700344	.08945693	.04050869	0
1054.15	0	.8690257	.09010829	.04086606	0
1053.15	0	.8680204	.09075716	.04122248	0
1052.15	0	.8670185	.09140355	.04157795	0
1051.15	0	.8660201	.09204744	.04193246	0
1050.15	0	.8650251	.09268885	.04228602	0
1049.15	0	.8640336	.09332777	.04263864	0
1048.15	0	.8630455	.09396421	.0429903	0
1047.15	0	.8620608	.09459816	.04334101	0
1046.15	0	.8610796	.09522962	.04369078	0
1045.15	0	.8601018	.09585859	.04403959	0
1044.15	0	.8591275	.09648508	.04438746	0
1043.15	0	.8581565	.09710909	.04473439	0
1042.15	0	.857189	.0977306	.04508037	0
1041.15	0	.856225	.09834964	.0454254	0
1040.15	0	.8552643	.09896619	.04576949	0
1039.15	0	.8543071	.09958025	.04611263	0
1038.15	0	.8533533	.1001918	.04645484	0
1037.15	0	.852403	.1008009	.04679609	0
1036.15	0	.8514561	.1014075	.04713641	0
1035.15	0	.8505126	.1020117	.04747578	0
1034.15	0	.8495725	.1026133	.04781422	0
1033.15	0	.8486358	.1032125	.0481517	0
1032.15	0	.8477026	.1038092	.04848825	0
1031.15	0	.8467728	.1044034	.04882386	0
1030.15	0	.8458464	.1049951	.04915853	0
1029.15	0	.8449234	.1055843	.04949225	0
1028.15	0	.8440038	.1061711	.04982504	0
1027.15	0	.8430877	.1067554	.05015688	0
1026.15	0	.842175	.1073372	.05048779	0
1025.15	0	.8412657	.1079166	.05081775	0
1024.15	0	.8403598	.1084934	.05114678	0
1023.15	0	.8394573	.1090678	.05147486	0
1022.15	0	.8385583	.1096397	.051802	0
1021.15	0	.8376626	.1102092	.05212821	0
1020.15	0	.8367704	.1107761	.05245347	0
1019.15	0	.8358816	.1113406	.05277779	0
1018.15	0	.8349962	.1119027	.05310117	0
1017.15	0	.8341142	.1124622	.05342361	0
1016.15	0	.8332356	.1130193	.05374511	0
1015.15	0	.8323604	.1135739	.05406567	0
1014.15	0	.8314886	.1141261	.05438528	0
1013.15	0	.8306202	.1146758	.05470396	0
1012.15	0	.8297553	.115223	.05502169	0
1011.15	0	.8288937	.1157678	.05533847	0
1010.15	0	.8280355	.1163102	.05565431	0
1009.15	0	.8271808	.11685	.05596921	0
1008.15	0	.8263294	.1173875	.05628316	0
1007.15	0	.8254814	.1179224	.05659617	0
1006.15	0	.8246368	.1184549	.05690823	0
1005.15	0	.8237957	.118985	.05721934	0
1004.15	0	.8229579	.1195126	.0575295	0
1003.15	0	.8221235	.1200378	.05783872	0
1002.15	0	.8212925	.1205605	.05814699	0
1001.15	0	.8204649	.1210808	.0584543	0
1000.15	0	.8196406	.1215987	.05876067	0
999.15	0	.8188198	.1221141	.05906608	0
998.15	0	.8180023	.1226271	.05937053	0
997.15	0	.8171883	.1231377	.05967404	0
996.15	0	.8163776	.1236459	.05997658	0
995.15	0	.8155702	.1241516	.06027817	0
994.15	0	.8147663	.1246549	.0605788	0
993.15	0	.8139657	.1251558	.06087848	0
992.15	0	.8131685	.1256543	.06117719	0
991.15	0	.8123747	.1261504	.06147494	0
990.15	0	.8115842	.1266441	.06177172	0
989.15	0	.8107971	.1271354	.06206754	0
988.15	0	.8100134	.1276242	.06236239	0
987.15	0	.809233	.1281108	.06265627	0
986.15	0	.8084559	.1285949	.06294919	0
985.15	0	.8076823	.1290766	.06324113	0
984.15	0	.8069119	.129556	.06353209	0
983.15	0	.806145	.130033	.06382209	0
982.15	0	.8053813	.1305076	.0641111	0
981.15	0	.804621	.1309798	.06439914	0
980.15	0	.8038641	.1314498	.06468619	0
979.15	0	.8031104	.1319173	.06497226	0
978.15	0	.8023601	.1323825	.06525734	0
977.15	0	.8016131	.1328454	.06554144	0
976.15	0	.8008695	.133306	.06582454	0
975.15	0	.8001291	.1337642	.06610666	0
974.15	0	.7993921	.1342202	.06638778	0
973.15	0	.7986583	.1346738	.0666679	0
972.15	0	.7979279	.1351251	.06694702	0
971.15	0	.7972008	.1355741	.06722514	0
970.15	0	.7964769	.1360208	.06750225	0
969.15	0	.7957564	.1364653	.06777836	0
968.15	0	.7950391	.1369075	.06805345	0
967.15	0	.7943251	.1373474	.06832753	0
966.15	0	.7936144	.1377851	.0686006	0
965.15	0	.7929069	.1382205	.06887264	0
964.15	0	.7922027	.1386537	.06914367	0
963.15	0	.7915017	.1390847	.06941366	0
962.15	0	.790804	.1395134	.06968263	0
961.15	0	.7901095	.13994	.06995057	0
960.15	0	.7894182	.1403643	.07021747	0
959.15	0	.7887301	.1407865	.07048333	0
958.15	0	.7880453	.1412066	.07074815	0
957.15	0	.7873637	.1416244	.07101192	0
956.15	0	.7866852	.1420401	.07127464	0
955.15	0	.78601	.1424537	.0715363	0
954.15	0	.7853379	.1428652	.07179691	0
953.15	0	.784669	.1432745	.07205646	0
952.15	0	.7840033	.1436818	.07231494	0
951.15	0	.7833406	.144087	.07257235	0
950.15	0	.7826812	.1444901	.07282869	0
949.15	0	.7820249	.1448912	.07308395	0
948.15	0	.7813716	.1452902	.07333812	0
947.15	0	.7807215	.1456873	.07359121	0
946.15	0	.7800745	.1460823	.0738432	0
945.15	0	.7794306	.1464753	.0740941	0
944.15	0	.7787897	.1468664	.07434389	0
943.15	0	.7781519	.1472555	.07459258	0
942.15	0	.7775171	.1476427	.07484016	0
941.15	0	.7768854	.148028	.07508661	0
940.15	0	.7762567	.1484114	.07533195	0
939.15	0	.775631	.1487929	.07557616	0
938.15	0	.7750082	.1491726	.07581923	0
937.15	0	.7743885	.1495504	.07606117	0
936.15	0	.7737716	.1499264	.07630196	0
935.15	0	.7731578	.1503006	.0765416	0
934.15	0	.7725468	.1506731	.07678008	0
933.15	0	.7719388	.1510438	.0770174	0
932.15	0	.7713336	.1514128	.07725355	0
931.15	0	.7707313	.1517801	.07748853	0
930.15	0	.7701319	.1521458	.07772232	0
929.15	0	.7695353	.1525098	.07795493	0
928.15	0	.7689415	.1528722	.07818634	0
927.15	0	.7683505	.153233	.07841655	0
926.15	0	.7677623	.1535922	.07864554	0
925.15	0	.7671768	.1539499	.07887333	0
924.15	0	.766594	.1543061	.07909989	0
923.15	0	.7660139	.1546609	.07932522	0
922.15	0	.7654365	.1550141	.0795493	0
921.15	0	.7648618	.155366	.07977215	0
920.15	0	.7642897	.1557166	.07999373	0
919.15	0	.7637202	.1560657	.08021406	0
918.15	0	.7631533	.1564136	.08043311	0
917.15	0	.7625889	.1567602	.08065089	0
916.15	0	.7620271	.1571056	.08086737	0
915.15	0	.7614677	.1574497	.08108256	0
914.15	0	.7609108	.1577927	.08129645	0
913.15	0	.7603563	.1581346	.08150902	0
912.15	0	.7598043	.1584755	.08172026	0
911.15	0	.7592546	.1588152	.08193017	0
910.15	0	.7587072	.159154	.08213874	0
909.15	0	.7581622	.1594919	.08234595	0
908.15	0	.7576194	.1598288	.0825518	0
907.15	0	.7570788	.1601649	.08275627	0
906.15	0	.7565405	.1605002	.08295936	0
905.15	0	.7560043	.1608347	.08316105	0
904.15	0	.7554702	.1611685	.08336134	0
903.15	0	.7549382	.1615016	.08356021	0
902.15	0	.7544082	.1618342	.08375765	0
901.15	0	.7538802	.1621661	.08395364	0
900.15	0	.7533542	.1624976	.08414818	0
899.15	0	.7528301	.1628286	.08434126	0
898.15	0	.7523079	.1631593	.08453286	0
897.15	0	.7517874	.1634896	.08472296	0
896.15	0	.7512688	.1638197	.08491156	0
895.15	0	.7507518	.1641495	.08509864	0
894.15	0	.7502366	.1644792	.08528419	0
893.15	0	.7497229	.1648089	.08546819	0
892.15	0	.7492108	.1651385	.08565063	0
891.15	0	.7487002	.1654683	.0858315	0
890.15	0	.7481911	.1657981	.08601077	0
889.15	0	.7476834	.1661282	.08618843	0
888.15	0	.747177	.1664586	.08636448	0
887.15	0	.7466719	.1667893	.08653888	0
886.15	0	.7461679	.1671204	.08671163	0
885.15	0	.7456652	.1674521	.0868827	0
884.15	0	.7451635	.1677844	.08705208	0
883.15	0	.7446628	.1681174	.08721975	0
882.15	0	.7441631	.1684512	.0873857	0
881.15	0	.7436642	.1687859	.0875499	0
880.15	0	.7431661	.1691215	.08771233	0
879.15	0	.7426688	.1694582	.08787297	0
878.15	0	.7421721	.1697961	.08803181	0
877.15	0	.741676	.1701352	.08818881	0
876.15	0	.7411803	.1704757	.08834397	0
875.15	0	.740685	.1708177	.08849725	0
874.15	0	.7401901	.1711613	.08864864	0
873.15	0	.7396953	.1715066	.08879811	0
872.15	0	.7392007	.1718537	.08894563	0
871.15	0	.7387061	.1722028	.08909118	0
870.15	0	.7382114	.1725539	.08923473	0
869.15	0	.7377165	.1729072	.08937626	0
868.15	0	.7372213	.1732629	.08951574	0
867.15	0	.7367258	.1736211	.08965314	0
866.15	0	.7362298	.1739818	.08978843	0
865.15	0	.7357331	.1743454	.08992157	0
864.15	0	.7352357	.1747118	.09005254	0
863.15	0	.7347374	.1750813	.09018131	0
862.15	0	.7342381	.1754541	.09030784	0
861.15	0	.7337377	.1758302	.09043209	0
860.15	0	.733236	.1762099	.09055403	0
859.15	0	.732733	.1765934	.09067362	0
858.15	0	.7322283	.1769809	.09079082	0
857.15	0	.731722	.1773724	.09090558	0
856.15	0	.7312138	.1777684	.09101788	0
855.15	0	.7307035	.1781689	.09112765	0
854.15	0	.730191	.1785741	.09123486	0
853.15	0	.7296762	.1789844	.09133945	0
852.15	0	.7291588	.1793999	.09144139	0
851.15	0	.7286386	.1798208	.0915406	0
850.15	0	.7281154	.1802476	.09163704	0
849.15	0	.727589	.1806803	.09173065	0
848.15	0	.7270593	.1811193	.09182137	0
847.15	0	.7265259	.181565	.09190914	0
846.15	0	.7259886	.1820175	.09199389	0
845.15	0	.7254472	.1824773	.09207554	0
844.15	0	.7249014	.1829446	.09215403	0
843.15	0	.7243509	.1834198	.09222928	0
842.15	0	.7237954	.1839034	.0923012	0
841.15	0	.7232346	.1843956	.09236972	0
840.15	0	.7226683	.184897	.09243473	0
839.15	0	.7220959	.1854079	.09249615	0
838.15	0	.7215172	.1859289	.09255386	0
837.15	0	.7209318	.1864604	.09260777	0
836.15	0	.7203393	.187003	.09265775	0
835.15	0	.7197392	.1875571	.09270368	0
834.15	0	.719131	.1881235	.09274543	0
833.15	0	.7185144	.1887028	.09278286	0
832.15	0	.7178886	.1892956	.09281582	0
831.15	0	.7172532	.1899027	.09284415	0
830.15	0	.7166075	.1905248	.09286767	0
829.15	0	.7159509	.1911629	.0928862	0
828.15	0	.7152827	.1918178	.09289954	0
827.15	0	.7146021	.1924905	.09290747	0
826.15	0	.7139082	.1931821	.09290974	0
825.15	0	.7132001	.1938938	.0929061	0
824.15	0	.7124769	.1946268	.09289628	0
823.15	0	.7117375	.1953826	.09287996	0
822.15	0	.7109806	.1961626	.0928568	0
821.15	0	.7097511	.1975145	.09273438	0
820.15	0	.7083771	.1990464	.09257647	0
819.15	0	.7070755	.2004976	.09242697	0
818.15	0	.7058403	.2018745	.09228514	0
817.15	0	.7046665	.2031831	.09215034	0
816.15	0	.7035494	.2044286	.09202199	0
815.15	0	.7024849	.2056155	.09189957	0
814.15	0	.7014693	.2067481	.09178262	0
813.15	0	.7004992	.2078301	.09167073	0
812.15	0	.6995715	.2088649	.09156351	0
811.15	0	.6986836	.2098557	.09146064	0
810.15	0	.697833	.2108052	.09136181	0
809.15	0	.6970172	.2117161	.09126672	0
808.15	0	.6962343	.2125906	.09117514	0
807.15	0	.6954822	.213431	.09108683	0
806.15	0	.6947592	.2142392	.09100157	0
805.15	0	.6940636	.2150172	.09091917	0
804.15	0	.693394	.2157665	.09083945	0
803.15	0	.6927489	.2164889	.09076225	0
802.15	0	.692127	.2171856	.0906874	0
801.15	0	.691527	.2178582	.09061477	0
800.15	0	.6909479	.2185078	.09054423	0
799.15	0	.6903886	.2191357	.09047566	0
798.15	0	.6898481	.2197429	.09040894	0
797.15	0	.6893255	.2203305	.09034396	0
796.15	0	.6888199	.2208995	.09028063	0
795.15	0	.6883305	.2214506	.09021886	0
794.15	0	.6878565	.2219849	.09015856	0
793.15	0	.6873973	.2225031	.09009965	0
792.15	0	.686952	.2230059	.09004206	0
791.15	0	.6865202	.2234941	.08998571	0
790.15	0	.6861012	.2239682	.08993055	0
789.15	0	.6856944	.2244291	.0898765	0
788.15	0	.6852994	.2248771	.08982351	0
787.15	0	.6849155	.225313	.08977153	0
786.15	0	.6845424	.2257371	.0897205	0
785.15	0	.6841795	.2261501	.08967038	0
784.15	0	.6838265	.2265524	.08962111	0
783.15	0	.6834829	.2269445	.08957267	0
782.15	0	.6831483	.2273267	.08952499	0
781.15	0	.6828225	.2276995	.08947806	0
780.15	0	.6825049	.2280632	.08943182	0
779.15	0	.6821954	.2284183	.08938625	0
778.15	0	.6818936	.2287651	.08934131	0
777.15	0	.6815991	.2291039	.08929697	0
776.15	0	.6813118	.229435	.08925321	0
775.15	0	.6810312	.2297588	.08920999	0
774.15	0	.6807573	.2300754	.08916728	0
773.15	0	.6804897	.2303853	.08912507	0
772.15	0	.6802281	.2306885	.08908333	0
771.15	0	.6799724	.2309855	.08904203	0
770.15	0	.6797224	.2312764	.08900116	0
769.15	0	.6794802	.2315597	.08896013	0
768.15	0	.6792406	.2318393	.08892009	0
767.15	0	.6790062	.2321134	.0888804	0
766.15	0	.6787766	.2323824	.08884107	0
765.15	0	.6785517	.2326462	.08880206	0
764.15	0	.6783314	.2329053	.08876336	0
763.15	0	.6781155	.2331596	.08872495	0
762.15	0	.6779038	.2334094	.08868683	0
761.15	0	.6776962	.2336548	.08864898	0
760.15	0	.6774926	.233896	.08861138	0
759.15	0	.6772928	.2341332	.08857402	0
758.15	0	.6770967	.2343665	.08853689	0
757.15	0	.6769041	.2345959	.08849998	0
756.15	0	.676715	.2348217	.08846327	0
755.15	0	.6765293	.235044	.08842676	0
754.15	0	.6763467	.2352628	.08839044	0
753.15	0	.6761673	.2354784	.08835429	0
752.15	0	.675991	.2356907	.08831831	0
751.15	0	.6758175	.2359	.08828248	0
750.15	0	.6756469	.2361063	.08824681	0
749.15	0	.6754791	.2363097	.08821127	0
748.15	0	.6753139	.2365103	.08817587	0
747.15	0	.6751512	.2367082	.0881406	0
746.15	0	.6749911	.2369035	.08810544	0
745.15	0	.6748334	.2370962	.08807039	0
744.15	0	.674678	.2372865	.08803545	0
743.15	0	.674525	.2374744	.08800061	0
742.15	0	.6743741	.2376601	.08796586	0
741.15	0	.6742253	.2378435	.0879312	0
740.15	0	.6740787	.2380247	.08789662	0
739.15	0	.673934	.2382039	.08786211	0
738.15	0	.6737913	.238381	.08782768	0
737.15	0	.6736506	.2385561	.08779331	0
736.15	0	.6735116	.2387294	.087759	0
735.15	0	.6733745	.2389008	.08772475	0
734.15	0	.6732391	.2390704	.08769055	0
733.15	0	.6731054	.2392383	.0876564	0
732.15	0	.6729733	.2394044	.0876223	0
731.15	0	.6728428	.239569	.08758824	0
730.15	0	.6727139	.2397319	.08755421	0
729.15	0	.6725865	.2398933	.08752021	0
728.15	0	.6724605	.2400532	.08748625	0
727.15	0	.672336	.2402116	.08745232	0
726.15	0	.6722129	.2403687	.08741841	0
725.15	0	.6720911	.2405243	.08738451	0
724.15	0	.6719707	.2406786	.08735064	0
723.15	0	.6718515	.2408317	.08731679	0
722.15	0	.6717336	.2409834	.08728294	0
721.15	0	.6716169	.241134	.08724911	0
720.15	0	.6715014	.2412833	.08721529	0
719.15	0	.671387	.2414315	.08718147	0
718.15	0	.6712738	.2415785	.08714765	0
717.15	0	.6711617	.2417245	.08711384	0
716.15	0	.6710506	.2418694	.08708003	0
715.15	0	.6709406	.2420132	.08704621	0
714.15	0	.6708316	.2421561	.08701239	0
713.15	0	.6707235	.2422979	.08697857	0
712.15	0	.6706165	.2424388	.08694474	0
711.15	0	.6705104	.2425787	.0869109	0
710.15	0	.6704052	.2427178	.08687705	0
709.15	0	.6703009	.2428559	.08684319	0
708.15	0	.6701975	.2429932	.08680932	0
707.15	0	.6700949	.2431297	.08677543	0
706.15	0	.6699932	.2432653	.08674152	0
705.15	0	.6698922	.2434002	.08670761	0
704.15	0	.6697921	.2435342	.08667367	0
703.15	0	.6696928	.2436675	.08663971	0
702.15	0	.6695942	.2438001	.08660574	0
701.15	0	.6694964	.2439319	.08657174	0
700.15	0	.6693993	.244063	.08653773	0
699.15	0	.6693029	.2441934	.08650369	0
698.15	0	.6692072	.2443232	.08646963	0
697.15	0	.6691122	.2444523	.08643554	0
696.15	0	.6690178	.2445808	.08640143	0
695.15	0	.6689241	.2447086	.0863673	0
694.15	0	.6688311	.2448358	.08633314	0
693.15	0	.6687386	.2449624	.08629895	0
692.15	0	.6686468	.2450885	.08626474	0
691.15	0	.6685556	.2452139	.0862305	0
690.15	0	.6684649	.2453388	.08619623	0
689.15	0	.6683749	.2454632	.08616194	0
688.15	0	.6682854	.245587	.08612762	0
687.15	0	.6681964	.2457103	.08609327	0
686.15	0	.668108	.2458331	.08605889	0
685.15	0	.6680201	.2459554	.08602448	0
684.15	0	.6679328	.2460772	.08599004	0
683.15	0	.6678459	.2461985	.08595557	0
682.15	0	.6677596	.2463194	.08592107	0
681.15	0	.6676737	.2464397	.08588655	0
680.15	0	.6675883	.2465597	.08585199	0
679.15	0	.6675034	.2466792	.0858174	0
678.15	0	.667419	.2467982	.08578278	0
677.15	0	.667335	.2469169	.08574814	0
676.15	0	.6672515	.2470351	.08571346	0
675.15	0	.6671684	.2471529	.08567875	0
674.15	0	.6670857	.2472703	.08564401	0
673.15	0	.6670035	.2473873	.08560924	0
672.15	0	.6669216	.2475039	.08557445	0
671.15	0	.6668402	.2476202	.08553962	0
670.15	0	.6667592	.2477361	.08550476	0
669.15	0	.6666786	.2478516	.08546987	0
668.15	0	.6665983	.2479667	.08543495	0
667.15	0	.6665185	.2480815	.08540001	0
666.15	0	.666439	.2481959	.08536503	0
665.15	0	.6663599	.2483101	.08533003	0
664.15	0	.6662812	.2484238	.08529499	0
663.15	0	.6662028	.2485373	.08525993	0
662.15	0	.6661248	.2486504	.08522484	0
661.15	0	.6660471	.2487632	.08518972	0
660.15	0	.6659698	.2488756	.08515457	0
659.15	0	.6658928	.2489878	.0851194	0
658.15	0	.6658162	.2490997	.0850842	0
657.15	0	.6657398	.2492112	.08504897	0
656.15	0	.6656638	.2493225	.08501372	0
655.15	0	.6655881	.2494334	.08497844	0
654.15	0	.6655128	.2495441	.08494313	0
653.15	0	.6654377	.2496545	.0849078	0
652.15	0	.665363	.2497646	.08487244	0
651.15	0	.6652885	.2498744	.08483706	0
650.15	0	.6652144	.249984	.08480165	0
649.15	0	.6651405	.2500933	.08476622	0
648.15	0	.6650669	.2502023	.08473077	0
647.15	0	.6649936	.2503111	.08469529	0
646.15	0	.6649206	.2504196	.08465979	0
645.15	0	.6648479	.2505278	.08462427	0
644.15	0	.6647755	.2506358	.08458873	0
643.15	0	.6647033	.2507435	.08455316	0
642.15	0	.6646314	.250851	.08451758	0
641.15	0	.6645598	.2509582	.08448197	0
640.15	0	.6644884	.2510652	.08444635	0
639.15	0	.6644173	.251172	.0844107	0
638.15	0	.6643465	.2512785	.08437504	0
637.15	0	.6642759	.2513848	.08433936	0
636.15	0	.6642055	.2514908	.08430366	0
635.15	0	.6641355	.2515966	.08426794	0
634.15	0	.6640656	.2517022	.08423221	0
633.15	0	.663996	.2518075	.08419646	0
632.15	0	.6639267	.2519126	.0841607	0
631.15	0	.6638575	.2520175	.08412492	0
630.15	0	.6637887	.2521222	.08408913	0
629.15	0	.66372	.2522266	.08405332	0
628.15	0	.6636516	.2523309	.0840175	0
627.15	0	.6635834	.2524349	.08398167	0
626.15	0	.6635155	.2525387	.08394582	0
625.15	0	.6634478	.2526423	.08390997	0
624.15	0	.6633803	.2527456	.0838741	0
623.15	0	.663313	.2528488	.08383822	0
622.15	0	.663246	.2529517	.08380233	0
621.15	0	.6631791	.2530544	.08376644	0
620.15	0	.6631125	.2531569	.08373053	0
619.15	0	.6630461	.2532592	.08369462	0
618.15	0	.6629799	.2533613	.0836587	0
617.15	0	.662914	.2534632	.08362277	0
616.15	0	.6628482	.2535649	.08358684	0
615.15	0	.6627827	.2536664	.08355091	0
614.15	0	.6627173	.2537677	.08351496	0
613.15	0	.6626522	.2538688	.08347902	0
612.15	0	.6625873	.2539696	.08344307	0
611.15	0	.6625226	.2540703	.08340712	0
610.15	0	.6624581	.2541708	.08337117	0
609.15	0	.6623937	.254271	.08333521	0
608.15	0	.6623296	.2543711	.08329926	0
607.15	0	.6622657	.254471	.0832633	0
606.15	0	.662202	.2545707	.08322734	0
605.15	0	.6621385	.2546701	.08319139	0
604.15	0	.6620751	.2547694	.08315544	0
603.15	0	.662012	.2548685	.08311949	0
602.15	0	.6619491	.2549674	.08308355	0
601.15	0	.6618863	.2550661	.08304761	0
600.15	0	.6618238	.2551646	.08301167	0
599.15	0	.6617614	.2552629	.08297574	0
598.15	0	.6616992	.2553609	.08293982	0
597.15	0	.6616372	.2554589	.0829039	0
596.15	0	.6615754	.2555566	.08286799	0
595.15	0	.6615138	.2556541	.08283209	0
594.15	0	.6614524	.2557514	.0827962	0
593.15	0	.6613912	.2558485	.08276032	0
592.15	0	.6613301	.2559454	.08272444	0
591.15	0	.6612692	.2560422	.08268858	0
590.15	0	.6612086	.2561387	.08265273	0
589.15	0	.661148	.2562351	.0826169	0
588.15	0	.6610877	.2563312	.08258107	0
587.15	0	.6610276	.2564272	.08254527	0
586.15	0	.6609676	.2565229	.08250947	0
585.15	0	.6609078	.2566185	.08247369	0
584.15	0	.6608482	.2567138	.08243793	0
583.15	0	.6607888	.256809	.08240218	0
582.15	0	.6607296	.256904	.08236645	0
581.15	0	.6606705	.2569988	.08233074	0
580.15	0	.6606116	.2570933	.08229505	0
579.15	0	.6605529	.2571877	.08225938	0
578.15	0	.6604943	.2572819	.08222373	0
577.15	0	.660436	.2573759	.0821881	0
576.15	0	.6603778	.2574697	.08215249	0
575.15	0	.6603198	.2575633	.08211691	0
574.15	0	.6602619	.2576567	.08208135	0
573.15	0	.6602043	.2577499	.08204581	0
572.15	0	.6601468	.2578429	.0820103	0
571.15	0	.6600895	.2579357	.08197481	0
570.15	0	.6600323	.2580284	.08193935	0
569.15	0	.6599753	.2581208	.08190392	0
568.15	0	.6599185	.258213	.08186851	0
567.15	0	.6598619	.258305	.08183314	0
566.15	0	.6598054	.2583968	.08179779	0
565.15	0	.6597491	.2584884	.08176247	0
564.15	0	.659693	.2585798	.08172718	0
563.15	0	.6596371	.258671	.08169193	0
562.15	0	.6595813	.258762	.0816567	0
561.15	0	.6595257	.2588528	.08162152	0
560.15	0	.6594702	.2589434	.08158636	0
559.15	0	.659415	.2590338	.08155124	0
558.15	0	.6593598	.259124	.08151615	0
557.15	0	.6593049	.259214	.0814811	0
556.15	0	.6592502	.2593038	.08144609	0
555.15	0	.6591956	.2593933	.08141111	0
554.15	0	.6591411	.2594827	.08137617	0
553.15	0	.6590869	.2595719	.08134127	0
552.15	0	.6590328	.2596608	.08130641	0
551.15	0	.6589789	.2597495	.08127159	0
550.15	0	.6589251	.2598381	.08123681	0
549.15	0	.6588715	.2599264	.08120208	0
548.15	0	.6588181	.2600145	.08116738	0
547.15	0	.6587648	.2601024	.08113273	0
546.15	0	.6587118	.2601901	.08109812	0
545.15	0	.6586588	.2602776	.08106356	0
544.15	0	.6586061	.2603649	.08102905	0
543.15	0	.6585535	.2604519	.08099458	0
542.15	0	.6585011	.2605388	.08096015	0
541.15	0	.6584488	.2606254	.08092578	0
540.15	0	.6583968	.2607118	.08089145	0
539.15	0	.6583448	.260798	.08085717	0
538.15	0	.6582931	.260884	.08082294	0
537.15	0	.6582415	.2609697	.08078877	0
536.15	0	.6581901	.2610553	.08075464	0
535.15	0	.6581388	.2611406	.08072057	0
534.15	0	.6580877	.2612257	.08068655	0
533.15	0	.6580368	.2613106	.08065258	0
532.15	0	.6579861	.2613952	.08061867	0
531.15	0	.6579355	.2614797	.08058481	0
530.15	0	.6578851	.2615639	.08055101	0
529.15	0	.6578348	.2616479	.08051726	0
528.15	0	.6577848	.2617317	.08048357	0
527.15	0	.6577348	.2618152	.08044994	0
526.15	0	.6576851	.2618985	.08041637	0
525.15	0	.6576355	.2619816	.08038286	0
524.15	0	.6575861	.2620645	.08034941	0
523.15	0	.6575368	.2621471	.08031602	0
522.15	0	.6574878	.2622296	.08028268	0
521.15	0	.6574388	.2623117	.08024942	0
520.15	0	.6573901	.2623937	.08021621	0
519.15	0	.6573415	.2624754	.08018307	0
518.15	0	.6572931	.2625569	.08015	0
517.15	0	.6572448	.2626382	.08011698	0
516.15	0	.6571968	.2627192	.08008404	0
515.15	0	.657149	.2628	.08005103	0
514.15	0	.6571013	.2628805	.08001821	0
513.15	0	.6570537	.2629609	.07998547	0
512.15	0	.6570063	.2630409	.07995279	0
511.15	0	.656959	.2631208	.07992018	0
510.15	0	.6569119	.2632004	.07988764	0
509.15	0	.656865	.2632798	.07985517	0
508.15	0	.6568183	.2633589	.07982278	0
507.15	0	.6567717	.2634378	.07979045	0
506.15	0	.6567253	.2635165	.0797582	0
505.15	0	.6566791	.2635949	.07972602	0
504.15	0	.656633	.2636731	.07969392	0
503.15	0	.6565871	.263751	.07966189	0
502.15	0	.6565414	.2638287	.07962994	0
501.15	0	.6564958	.2639061	.07959806	0
500.15	0	.6564504	.2639833	.07956626	0
499.15	0	.6564052	.2640603	.07953454	0
498.15	0	.6563601	.264137	.07950289	0
497.15	0	.6563152	.2642134	.07947133	0
496.15	0	.6562705	.2642896	.07943984	0
495.15	0	.656226	.2643656	.07940844	0
494.15	0	.6561816	.2644413	.07937711	0
493.15	0	.6561374	.2645168	.07934587	0
492.15	0	.6560933	.264592	.07931471	0
491.15	0	.6560494	.2646669	.07928363	0
490.15	0	.6560057	.2647416	.07925264	0
489.15	0	.6559622	.2648161	.07922173	0
488.15	0	.6559188	.2648903	.07919091	0
487.15	0	.6558756	.2649642	.07916017	0
486.15	0	.6558326	.2650379	.07912952	0
485.15	0	.6557897	.2651113	.07909895	0
484.15	0	.655747	.2651845	.07906847	0
483.15	0	.6557045	.2652574	.07903809	0
482.15	0	.6556622	.26533	.07900779	0
481.15	0	.65562	.2654024	.07897758	0
480.15	0	.655578	.2654745	.07894745	0
479.15	0	.6555362	.2655464	.07891742	0
478.15	0	.6554945	.265618	.07888749	0
477.15	0	.655453	.2656894	.07885764	0
476.15	0	.6554117	.2657604	.07882789	0
475.15	0	.6553705	.2658313	.07879823	0
474.15	0	.6553295	.2659018	.07876866	0
473.15	0	.6552887	.2659721	.07873919	0
472.15	0	.6552481	.2660421	.07870981	0
471.15	0	.6552076	.2661119	.07868053	0
470.15	0	.6551673	.2661813	.07865135	0
469.15	0	.6551272	.2662506	.07862226	0
468.15	0	.6550872	.2663195	.07859328	0
467.15	0	.6550475	.2663882	.07856438	0
466.15	0	.6550078	.2664566	.07853559	0
465.15	0	.6549684	.2665247	.0785069	0
464.15	0	.6549291	.2665926	.07847831	0
463.15	0	.6548901	.2666601	.07844982	0
462.15	0	.6548511	.2667275	.07842143	0
461.15	0	.6548124	.2667945	.07839314	0
460.15	0	.6547738	.2668612	.07836496	0
459.15	0	.6547354	.2669277	.07833687	0
458.15	0	.6546972	.2669939	.07830889	0
457.15	0	.6546591	.2670599	.07828102	0
456.15	0	.6546212	.2671255	.07825325	0
455.15	0	.6545835	.2671909	.07822559	0
454.15	0	.654546	.267256	.07819803	0
453.15	0	.6545086	.2673208	.07817058	0
452.15	0	.6544714	.2673854	.07814323	0
451.15	0	.6544344	.2674496	.07811599	0
450.15	0	.6543975	.2675136	.07808887	0
449.15	0	.6543609	.2675772	.07806186	0
448.15	0	.6543245	.2676406	.07803497	0
447.15	0	.6542882	.2677036	.0780082	0
446.15	0	.6542521	.2677664	.07798154	0
445.15	0	.6542162	.2678288	.077955	0
444.15	0	.6541805	.267891	.07792857	0
443.15	0	.654145	.2679528	.07790227	0
442.15	0	.6541096	.2680143	.07787609	0
441.15	0	.6540745	.2680754	.07785004	0
440.15	0	.6540396	.2681363	.07782411	0
439.15	0	.6540049	.2681968	.07779832	0
438.15	0	.6539704	.2682569	.07777265	0
437.15	0	.6539361	.2683168	.07774712	0
436.15	0	.6539021	.2683762	.07772172	0
435.15	0	.6538682	.2684354	.07769645	0
434.15	0	.6538346	.2684941	.07767133	0
433.15	0	.6538011	.2685525	.07764634	0
432.15	0	.6537679	.2686106	.07762149	0
431.15	0	.6537349	.2686683	.07759678	0
430.15	0	.6537022	.2687256	.07757221	0
429.15	0	.6536697	.2687826	.07754779	0
428.15	0	.6536374	.2688391	.07752351	0
427.15	0	.6536053	.2688953	.07749938	0
426.15	0	.6535734	.2689512	.07747539	0
425.15	0	.6535418	.2690066	.07745155	0
424.15	0	.6535104	.2690617	.07742786	0
423.15	0	.6534793	.2691164	.07740432	0
422.15	0	.6534484	.2691707	.07738093	0
421.15	0	.6534177	.2692247	.07735768	0
420.15	0	.6533872	.2692782	.07733459	0
419.15	0	.653357	.2693314	.07731165	0
418.15	0	.653327	.2693841	.07728887	0
417.15	0	.6532972	.2694365	.07726623	0
416.15	0	.6532677	.2694885	.07724375	0
415.15	0	.6532384	.2695401	.07722143	0
414.15	0	.6532094	.2695914	.07719926	0
413.15	0	.6531806	.2696422	.07717724	0
412.15	0	.653152	.2696927	.07715538	0
411.15	0	.6531236	.2697427	.07713367	0
410.15	0	.6530955	.2697924	.07711212	0
409.15	0	.6530676	.2698417	.07709073	0
408.15	0	.6530399	.2698906	.07706949	0
407.15	0	.6530125	.2699391	.07704841	0
406.15	0	.6529853	.2699872	.07702749	0
405.15	0	.6529583	.270035	.07700672	0
404.15	0	.6529316	.2700823	.07698611	0
403.15	0	.652905	.2701293	.07696565	0
402.15	0	.6528787	.2701759	.07694536	0
401.15	0	.6528527	.2702221	.07692522	0
400.15	0	.6528268	.2702679	.07690523	0
399.15	0	.6528012	.2703134	.07688541	0
398.15	0	.6527758	.2703585	.07686574	0
397.15	0	.6527506	.2704032	.07684622	0
396.15	0	.6527257	.2704475	.07682687	0
395.15	0	.6527009	.2704914	.07680766	0
394.15	0	.6526764	.270535	.07678862	0
393.15	0	.6526521	.2705782	.07676973	0
392.15	0	.652628	.270621	.076751	0
391.15	0	.6526041	.2706634	.07673242	0
390.15	0	.6525805	.2707055	.076714	0
389.15	0	.652557	.2707472	.07669573	0
388.15	0	.6525338	.2707886	.07667762	0
387.15	0	.6525107	.2708296	.07665966	0
386.15	0	.6524879	.2708703	.07664185	0
385.15	0	.6524653	.2709105	.0766242	0
384.15	0	.6524428	.2709505	.0766067	0
383.15	0	.6524206	.27099	.07658935	0
382.15	0	.6523986	.2710292	.07657216	0
381.15	0	.6523768	.2710681	.07655512	0
380.15	0	.6523551	.2711066	.07653823	0
379.15	0	.6523337	.2711448	.07652149	0
378.15	0	.6523125	.2711827	.0765049	0
377.15	0	.6522914	.2712201	.07648846	0
376.15	0	.6522705	.2712573	.07647217	0
375.15	0	.6522499	.2712941	.07645603	0
374.15	0	.6522294	.2713306	.07644004	0
373.15	0	.6522091	.2713668	.0764242	0
372.15	0	.6521889	.2714026	.07640851	0
371.15	0	.652169	.2714381	.07639296	0
370.15	0	.6521492	.2714732	.07637756	0
369.9196	0	.6521447	.2714813	.07637403	0
369.9196	0	.6521447	.2714813	.07637403	0
369.9196	0	.6521447	.2714813	.07637403	0
369.15	0	.6523193	.2710606	.07615299	4.670626E-04
368.15	0	.652546	.2705144	.07586625	.001073324
367.15	0	.6527725	.2699686	.07558001	.001678923
366.15	0	.6529988	.2694231	.07529428	.002283863
365.15	0	.6532248	.268878	.07500904	.002888149
364.15	0	.6534506	.2683333	.07472431	.003491787
363.15	0	.6536761	.267789	.07444007	.00409478
362.15	0	.6539015	.2672451	.07415633	.004697135
361.15	0	.6541266	.2667015	.07387307	.005298854
360.15	0	.6543516	.2661582	.0735903	.005899944
359.15	0	.6545763	.2656153	.07330802	.006500407
358.15	0	.6548008	.2650727	.07302623	.00710025
357.15	0	.6550251	.2645305	.07274491	.007699476
356.15	0	.6552492	.2639886	.07246408	.008298089
355.15	0	.6554732	.263447	.07218372	.008896094
354.15	0	.6556969	.2629058	.07190384	.009493494
353.15	0	.6559204	.2623648	.07162443	.0100903
352.15	0	.6561438	.2618242	.07134549	.0106865
351.15	0	.656367	.2612839	.07106702	.01128211
350.15	0	.65659	.2607439	.07078901	.01187714
349.15	0	.6568128	.2602041	.07051147	.01247158
348.15	0	.6570355	.2596647	.07023439	.01306544
347.15	0	.6572579	.2591255	.06995777	.01365873
346.15	0	.6574803	.2585867	.06968162	.01425144
345.15	0	.6577024	.2580481	.06940591	.01484359
344.15	0	.6579244	.2575098	.06913066	.01543517
343.15	0	.6581462	.2569717	.06885587	.01602618
342.15	0	.6583679	.2564339	.06858152	.01661665
341.15	0	.6585894	.2558964	.06830762	.01720655
340.15	0	.6588108	.2553591	.06803417	.01779591
339.15	0	.659032	.2548221	.06776116	.01838471
338.15	0	.6592531	.2542854	.0674886	.01897298
337.15	0	.659474	.2537488	.06721647	.0195607
336.15	0	.6596948	.2532126	.06694479	.02014789
335.15	0	.6599154	.2526765	.06667355	.02073454
334.15	0	.6601359	.2521407	.06640274	.02132066
333.15	0	.6603562	.2516051	.06613236	.02190625
332.15	0	.6605765	.2510698	.06586242	.02249132
331.15	0	.6607965	.2505347	.06559291	.02307587
330.15	0	.6610165	.2499998	.06532382	.0236599
329.15	0	.6612363	.2494651	.06505517	.02424341
328.15	0	.661456	.2489307	.06478694	.0248264
327.15	0	.6616756	.2483964	.06451914	.02540889
326.15	0	.661895	.2478624	.06425175	.02599087
325.15	0	.6621143	.2473285	.06398479	.02657235
324.15	0	.6623335	.2467949	.06371826	.02715332
323.15	0	.6625526	.2462615	.06345213	.0277338
322.15	0	.6627716	.2457282	.06318643	.02831378
321.15	0	.6629904	.2451952	.06292114	.02889326
320.15	0	.6632091	.2446624	.06265627	.02947225
319.15	0	.6634277	.2441297	.06239181	.03005075
318.15	0	.6636462	.2435972	.06212777	.03062877
317.15	0	.6638646	.243065	.06186413	.0312063
316.15	0	.6640829	.2425329	.0616009	.03178335
315.15	0	.6643011	.2420009	.06133808	.03235992
314.15	0	.6645191	.2414692	.06107567	.03293601
313.15	0	.6647371	.2409376	.06081366	.03351162
