T	 BPW(LIQUID)	BPW(BCC_A2)	BPW(FCC_A1)	BPW(LAVES_PHASE_C14)	BPW(NI3TI)
1473.15	.7999794	.1447575	0	.05526314	0
1472.15	.7908989	.1508857	0	.05821542	0
1471.15	.7819774	.1569043	0	.0611183	0
1470.15	.7732109	.162816	0	.06397308	0
1469.15	.7645954	.1686236	0	.066781	0
1468.15	.7561272	.1743295	0	.06954327	0
1467.15	.7478025	.1799365	0	.07226105	0
1466.15	.7396178	.1854467	0	.07493546	0
1465.15	.7315697	.1908627	0	.07756761	0
1464.15	.7236549	.1961866	0	.08015852	0
1463.15	.7158701	.2014207	0	.08270924	0
1462.15	.7082121	.2065672	0	.08522074	0
1461.15	.700678	.211628	0	.08769397	0
1460.15	.6932649	.2166052	0	.09012987	0
1459.15	.6859699	.2215008	0	.09252932	0
1458.15	.6787903	.2263166	0	.09489319	0
1457.15	.6717233	.2310544	0	.09722232	0
1456.15	.6647665	.235716	0	.09951754	0
1455.15	.6579172	.2403032	0	.1017796	0
1454.15	.6511732	.2448175	0	.1040093	0
1453.15	.6445319	.2492607	0	.1062074	0
1452.15	.6379911	.2536342	0	.1083746	0
1451.15	.6315487	.2579397	0	.1105116	0
1450.15	.6252024	.2621786	0	.1126191	0
1449.15	.6189501	.2663523	0	.1146977	0
1448.15	.6127897	.2704622	0	.1167481	0
1447.15	.6067195	.2745097	0	.1187708	0
1446.15	.6007372	.2784962	0	.1207666	0
1445.15	.5948412	.2824228	0	.122736	0
1444.15	.5890296	.2862909	0	.1246795	0
1443.15	.5833007	.2901016	0	.1265977	0
1442.15	.5776526	.2938562	0	.1284912	0
1441.15	.5720838	.2975558	0	.1303605	0
1440.15	.5665925	.3012015	0	.132206	0
1439.15	.5611773	.3047944	0	.1340283	0
1438.15	.5558365	.3083355	0	.1358279	0
1437.23	.5509896	.3115473	0	.1374632	0
1437.23	.5509896	.3115473	0	.1374632	0
1437.23	.5509896	.3115473	0	.1374632	0
1437.15	.5497632	.3107106	.001673932	.1378522	0
1436.15	.5346391	.3004594	.02226817	.1426333	0
1435.15	.5197529	.2904927	.04244663	.1473078	0
1434.15	.5050969	.2808018	.06222227	.1518791	0
1433.15	.4906639	.2713783	.08160754	.1563503	0
1432.15	.476447	.2622142	.1006144	.1607244	0
1431.15	.4624393	.253302	.1192543	.1650045	0
1430.15	.4486343	.2446343	.1375382	.1691932	0
1429.15	.4350259	.2362039	.1554768	.1732933	0
1428.15	.421608	.2280043	.1730803	.1773074	0
1427.15	.4083748	.2200287	.1903585	.1812381	0
1426.15	.3953207	.212271	.2073207	.1850876	0
1425.15	.3824403	.2047252	.2239762	.1888583	0
1424.15	.3697285	.1973855	.2403335	.1925525	0
1423.15	.3571802	.1902462	.2564012	.1961724	0
1422.15	.3447906	.1833022	.2721874	.1997199	0
1421.15	.332555	.1765481	.2876998	.2031971	0
1420.15	.3204688	.1699791	.3029461	.2066059	0
1419.15	.3085279	.1635903	.3179335	.2099483	0
1418.15	.2967278	.1573773	.332669	.2132259	0
1417.15	.2850646	.1513354	.3471594	.2164406	0
1416.15	.2735343	.1454604	.3614113	.219594	0
1415.15	.2621332	.1397482	.3754309	.2226877	0
1414.15	.2508575	.1341948	.3892243	.2257234	0
1413.15	.2397036	.1287965	.4027975	.2287024	0
1412.15	.2286682	.1235493	.4161562	.2316263	0
1411.15	.2177478	.1184499	.4293058	.2344966	0
1410.15	.2069393	.1134946	.4422517	.2373145	0
1409.15	.1962394	.1086802	.454999	.2400814	0
1408.15	.1856453	.1040035	.4675527	.2427986	0
1407.15	.1751538	.09946125	.4799176	.2454673	0
1406.15	.1647622	.09505052	.4920985	.2480888	0
1405.15	.1544678	.09076838	.5040997	.2506641	0
1404.15	.1442677	.08661199	.5159258	.2531945	0
1403.15	.1341595	.08257863	.5275809	.255681	0
1402.15	.1241405	.07866566	.5390692	.2581246	0
1401.15	.1142084	.07487051	.5503946	.2605265	0
1400.15	.1043607	.07119071	.561561	.2628876	0
1399.15	.09459512	.06762386	.5725722	.2652088	0
1398.15	.08490946	.06416764	.5834318	.2674912	0
1397.15	.07530149	.06081979	.5941432	.2697355	0
1396.15	.06576911	.05757813	.60471	.2719428	0
1395.15	.05631025	.05444055	.6151354	.2741138	0
1394.15	.0469229	.051405	.6254227	.2762494	0
1393.15	.03760513	.04846949	.635575	.2783504	0
1392.15	.02835503	.04563209	.6455953	.2804176	0
1391.15	.01917076	.04289094	.6554865	.2824518	0
1390.15	.01005053	.04024421	.6652517	.2844536	0
1389.15	9.92592E-04	.03769014	.6748935	.2864238	0
1389.04	0	.03741479	.6759466	.2866386	0
1389.04	0	.03741479	.6759466	.2866386	0
1388.15	0	.03590619	.6771194	.2869744	0
1387.15	0	.03421514	.6784344	.2873505	0
1386.15	0	.03252829	.6797463	.2877254	0
1385.15	0	.03084564	.6810552	.2880991	0
1384.15	0	.02916716	.6823611	.2884717	0
1383.15	0	.02749284	.683664	.2888431	0
1382.15	0	.02582268	.684964	.2892134	0
1381.15	0	.02415665	.6862609	.2895825	0
1380.15	0	.02249474	.6875549	.2899504	0
1379.15	0	.02083693	.6888459	.2903172	0
1378.15	0	.01918321	.6901339	.2906829	0
1377.15	0	.01753357	.691419	.2910474	0
1376.15	0	.015888	.6927011	.2914109	0
1375.15	0	.01424647	.6939804	.2917731	0
1374.15	0	.01260898	.6952567	.2921343	0
1373.15	0	.01097551	.6965301	.2924944	0
1372.15	0	.009346051	.6978005	.2928534	0
1371.15	0	.007720586	.6990681	.2932113	0
1370.15	0	.006099104	.7003328	.2935681	0
1369.15	0	.00448159	.7015946	.2939238	0
1368.15	0	.002868032	.7028535	.2942785	0
1367.15	0	.001258417	.7041095	.2946321	0
1366.366	0	0	.7050917	.2949083	0
1366.366	0	0	.7050917	.2949083	0
1366.15	0	0	.7050308	.2949692	0
1365.15	0	0	.7047502	.2952498	0
1364.15	0	0	.7044699	.2955301	0
1363.15	0	0	.7041901	.2958099	0
1362.15	0	0	.7039108	.2960892	0
1361.15	0	0	.703632	.296368	0
1360.15	0	0	.7033536	.2966465	0
1359.15	0	0	.7030756	.2969244	0
1358.15	0	0	.7027981	.2972019	0
1357.15	0	0	.7025211	.297479	0
1356.15	0	0	.7022445	.2977556	0
1355.15	0	0	.7019683	.2980317	0
1354.15	0	0	.7016926	.2983074	0
1353.15	0	0	.7014173	.2985827	0
1352.15	0	0	.7011425	.2988575	0
1351.15	0	0	.7008682	.2991318	0
1350.15	0	0	.7005942	.2994058	0
1349.15	0	0	.7003208	.2996792	0
1348.15	0	0	.7000477	.2999523	0
1347.15	0	0	.6997751	.3002249	0
1346.15	0	0	.699503	.300497	0
1345.15	0	0	.6992312	.3007688	0
1344.15	0	0	.69896	.30104	0
1343.15	0	0	.6986891	.3013109	0
1342.15	0	0	.6984187	.3015813	0
1341.15	0	0	.6981487	.3018513	0
1340.15	0	0	.6978792	.3021208	0
1339.15	0	0	.6976101	.3023899	0
1338.15	0	0	.6973414	.3026586	0
1337.15	0	0	.6970731	.3029269	0
1336.15	0	0	.6968053	.3031947	0
1335.15	0	0	.6965379	.3034621	0
1334.15	0	0	.6962709	.3037291	0
1333.15	0	0	.6960044	.3039956	0
1332.15	0	0	.6957383	.3042617	0
1331.15	0	0	.6954726	.3045274	0
1330.15	0	0	.6952073	.3047927	0
1329.15	0	0	.6949424	.3050576	0
1328.15	0	0	.694678	.305322	0
1327.15	0	0	.694414	.305586	0
1326.15	0	0	.6941504	.3058496	0
1325.15	0	0	.6938872	.3061128	0
1324.15	0	0	.6936244	.3063756	0
1323.15	0	0	.6933621	.3066379	0
1322.15	0	0	.6931001	.3068999	0
1321.15	0	0	.6928386	.3071614	0
1320.15	0	0	.6925775	.3074225	0
1319.15	0	0	.6923168	.3076832	0
1318.15	0	0	.6920565	.3079435	0
1317.15	0	0	.6917966	.3082034	0
1316.15	0	0	.6915372	.3084628	0
1315.15	0	0	.6912781	.3087219	0
1314.15	0	0	.6910194	.3089806	0
1313.15	0	0	.6907612	.3092388	0
1312.15	0	0	.6905033	.3094967	0
1311.15	0	0	.6902459	.3097541	0
1310.15	0	0	.6899888	.3100112	0
1309.15	0	0	.6897322	.3102678	0
1308.15	0	0	.6894759	.3105241	0
1307.15	0	0	.6892201	.3107799	0
1306.15	0	0	.6889646	.3110354	0
1305.15	0	0	.6887096	.3112904	0
1304.15	0	0	.688455	.3115451	0
1303.15	0	0	.6882007	.3117993	0
1302.15	0	0	.6879468	.3120532	0
1301.15	0	0	.6876933	.3123067	0
1300.15	0	0	.6874403	.3125597	0
1299.15	0	0	.6871876	.3128124	0
1298.15	0	0	.6869353	.3130647	0
1297.15	0	0	.6866834	.3133166	0
1296.15	0	0	.6864319	.3135681	0
1295.15	0	0	.6861807	.3138193	0
1294.15	0	0	.68593	.31407	0
1293.15	0	0	.6856796	.3143204	0
1292.15	0	0	.6854297	.3145703	0
1291.15	0	0	.6851801	.3148199	0
1290.15	0	0	.6849309	.3150691	0
1289.15	0	0	.6846821	.3153179	0
1288.15	0	0	.6844336	.3155664	0
1287.15	0	0	.6841856	.3158144	0
1286.15	0	0	.6839379	.3160621	0
1285.15	0	0	.6836906	.3163094	0
1284.15	0	0	.6834437	.3165564	0
1283.15	0	0	.6831971	.3168029	0
1282.15	0	0	.6829509	.3170491	0
1281.15	0	0	.6827051	.3172949	0
1280.15	0	0	.6824597	.3175403	0
1279.15	0	0	.6822147	.3177853	0
1278.15	0	0	.68197	.31803	0
1277.15	0	0	.6817257	.3182743	0
1276.15	0	0	.6814818	.3185183	0
1275.15	0	0	.6812382	.3187618	0
1274.15	0	0	.680995	.319005	0
1273.15	0	0	.6807522	.3192478	0
1272.15	0	0	.6805097	.3194903	0
1271.15	0	0	.6802676	.3197324	0
1270.15	0	0	.6800259	.3199741	0
1269.15	0	0	.6797845	.3202155	0
1268.15	0	0	.6795435	.3204565	0
1267.15	0	0	.6793029	.3206971	0
1266.15	0	0	.6790626	.3209374	0
1265.15	0	0	.6788227	.3211773	0
1264.15	0	0	.6785831	.3214169	0
1263.15	0	0	.6783439	.3216561	0
1262.15	0	0	.6781051	.3218949	0
1261.15	0	0	.6778666	.3221334	0
1260.15	0	0	.6776285	.3223715	0
1259.15	0	0	.6773907	.3226093	0
1258.15	0	0	.6771533	.3228467	0
1257.15	0	0	.6769163	.3230837	0
1256.15	0	0	.6766796	.3233204	0
1255.15	0	0	.6764432	.3235568	0
1254.15	0	0	.6762072	.3237928	0
1253.15	0	0	.6759716	.3240284	0
1252.15	0	0	.6757363	.3242637	0
1251.15	0	0	.6755013	.3244987	0
1250.15	0	0	.6752667	.3247333	0
1249.15	0	0	.6750325	.3249675	0
1248.15	0	0	.6747986	.3252014	0
1247.15	0	0	.674565	.325435	0
1246.15	0	0	.6743318	.3256682	0
1245.15	0	0	.6740989	.3259011	0
1244.15	0	0	.6738664	.3261336	0
1243.15	0	0	.6736342	.3263658	0
1242.15	0	0	.6734024	.3265976	0
1241.15	0	0	.6731709	.3268291	0
1240.15	0	0	.6729397	.3270603	0
1239.15	0	0	.6727089	.3272911	0
1238.15	0	0	.6724785	.3275215	0
1237.15	0	0	.6722483	.3277517	0
1236.15	0	0	.6720185	.3279815	0
1235.15	0	0	.6717891	.328211	0
1234.15	0	0	.6715599	.3284401	0
1233.15	0	0	.6713311	.3286689	0
1232.15	0	0	.6711027	.3288973	0
1231.15	0	0	.6708745	.3291255	0
1230.15	0	0	.6706468	.3293533	0
1229.15	0	0	.6704193	.3295807	0
1228.15	0	0	.6701922	.3298078	0
1227.15	0	0	.6699654	.3300346	0
1226.15	0	0	.6697389	.3302611	0
1225.15	0	0	.6695127	.3304873	0
1224.15	0	0	.6692869	.3307131	0
1223.15	0	0	.6690615	.3309385	0
1222.15	0	0	.6688363	.3311637	0
1221.15	0	0	.6686115	.3313885	0
1220.15	0	0	.668387	.331613	0
1219.15	0	0	.6681628	.3318372	0
1218.15	0	0	.6679389	.3320611	0
1217.15	0	0	.6677154	.3322846	0
1216.15	0	0	.6674922	.3325078	0
1215.15	0	0	.6672693	.3327307	0
1214.15	0	0	.6670467	.3329533	0
1213.15	0	0	.6668245	.3331755	0
1212.15	0	0	.6666026	.3333975	0
1211.15	0	0	.6663809	.3336191	0
1210.15	0	0	.6661596	.3338404	0
1209.15	0	0	.6659387	.3340613	0
1208.15	0	0	.665718	.334282	0
1207.15	0	0	.6654977	.3345023	0
1206.15	0	0	.6652777	.3347224	0
1205.15	0	0	.6650579	.3349421	0
1204.15	0	0	.6648385	.3351615	0
1203.15	0	0	.6646195	.3353805	0
1202.15	0	0	.6644007	.3355993	0
1201.15	0	0	.6641822	.3358178	0
1200.15	0	0	.6639641	.3360359	0
1199.15	0	0	.6637462	.3362538	0
1198.15	0	0	.6635287	.3364713	0
1197.15	0	0	.6633115	.3366885	0
1196.15	0	0	.6630946	.3369054	0
1195.15	0	0	.662878	.337122	0
1194.15	0	0	.6626617	.3373383	0
1193.15	0	0	.6624457	.3375543	0
1192.15	0	0	.66223	.33777	0
1191.15	0	0	.6620146	.3379854	0
1190.15	0	0	.6617995	.3382005	0
1189.15	0	0	.6615848	.3384152	0
1188.15	0	0	.6613703	.3386297	0
1187.15	0	0	.6611561	.3388439	0
1186.15	0	0	.6609423	.3390577	0
1185.15	0	0	.6607287	.3392713	0
1184.15	0	0	.6605154	.3394846	0
1183.15	0	0	.6603025	.3396975	0
1182.15	0	0	.6600898	.3399102	0
1181.15	0	0	.6598774	.3401226	0
1180.15	0	0	.6596654	.3403347	0
1179.15	0	0	.6594536	.3405464	0
1178.15	0	0	.6592421	.3407579	0
1177.15	0	0	.6590309	.3409691	0
1176.15	0	0	.65882	.34118	0
1175.15	0	0	.6586094	.3413906	0
1174.15	0	0	.6583991	.3416009	0
1173.15	0	0	.6581891	.3418109	0
1172.15	0	0	.6579794	.3420206	0
1171.15	0	0	.65777	.34223	0
1170.15	0	0	.6575609	.3424391	0
1169.15	0	0	.657352	.342648	0
1168.15	0	0	.6571435	.3428565	0
1167.15	0	0	.6569352	.3430648	0
1166.15	0	0	.6567272	.3432728	0
1165.15	0	0	.6565196	.3434804	0
1164.15	0	0	.6563122	.3436878	0
1163.15	0	0	.6561051	.343895	0
1162.15	0	0	.6558982	.3441018	0
1161.15	0	0	.6556917	.3443083	0
1160.15	0	0	.6554854	.3445146	0
1159.15	0	0	.6552795	.3447205	0
1158.15	0	0	.6550738	.3449262	0
1157.15	0	0	.6548684	.3451316	0
1156.15	0	0	.6546633	.3453367	0
1155.15	0	0	.6544584	.3455416	0
1154.15	0	0	.6542539	.3457461	0
1153.15	0	0	.6540496	.3459504	0
1152.15	0	0	.6538456	.3461544	0
1151.15	0	0	.6536419	.3463581	0
1150.15	0	0	.6534385	.3465615	0
1149.15	0	0	.6532353	.3467647	0
1148.15	0	0	.6530324	.3469676	0
1147.15	0	0	.6528298	.3471702	0
1146.15	0	0	.6526275	.3473725	0
1145.15	0	0	.6524254	.3475746	0
1144.15	0	0	.6522237	.3477763	0
1143.15	0	0	.6520222	.3479778	0
1142.15	0	0	.651821	.348179	0
1141.15	0	0	.65162	.34838	0
1140.15	0	0	.6514193	.3485807	0
1139.15	0	0	.6512189	.3487811	0
1138.15	0	0	.6510188	.3489812	0
1137.15	0	0	.6508189	.3491811	0
1136.15	0	0	.6506193	.3493807	0
1135.15	0	0	.65042	.34958	0
1134.15	0	0	.650221	.349779	0
1133.15	0	0	.6500222	.3499778	0
1132.15	0	0	.6498237	.3501763	0
1131.15	0	0	.6496254	.3503746	0
1130.15	0	0	.6494275	.3505725	0
1129.15	0	0	.6492298	.3507702	0
1128.15	0	0	.6490323	.3509677	0
1127.15	0	0	.6488351	.3511649	0
1126.15	0	0	.6486382	.3513618	0
1125.15	0	0	.6484416	.3515584	0
1124.15	0	0	.6482452	.3517548	0
1123.15	0	0	.6480491	.3519509	0
1122.15	0	0	.6478532	.3521468	0
1121.15	0	0	.6476577	.3523424	0
1120.15	0	0	.6474623	.3525377	0
1119.15	0	0	.6472673	.3527327	0
1118.15	0	0	.6470725	.3529275	0
1117.15	0	0	.6468779	.3531221	0
1116.15	0	0	.6466836	.3533164	0
1115.15	0	0	.6464896	.3535104	0
1114.15	0	0	.6462958	.3537042	0
1113.15	0	0	.6461023	.3538977	0
1112.15	0	0	.6459091	.3540909	0
1111.15	0	0	.6457161	.3542839	0
1110.15	0	0	.6455234	.3544766	0
1109.15	0	0	.6453309	.3546691	0
1108.15	0	0	.6451387	.3548613	0
1107.15	0	0	.6449467	.3550533	0
1106.15	0	0	.644755	.355245	0
1105.15	0	0	.6445635	.3554365	0
1104.15	0	0	.6443723	.3556277	0
1103.15	0	0	.6441814	.3558186	0
1102.15	0	0	.6439907	.3560093	0
1101.15	0	0	.6438002	.3561998	0
1100.15	0	0	.6436101	.3563899	0
1099.15	0	0	.6434201	.3565799	0
1098.15	0	0	.6432304	.3567696	0
1097.15	0	0	.643041	.356959	0
1096.15	0	0	.6428518	.3571482	0
1095.15	0	0	.6426629	.3573371	0
1094.15	0	0	.6424742	.3575258	0
1093.15	0	0	.6422858	.3577143	0
1092.15	0	0	.6420976	.3579024	0
1091.15	0	0	.6419096	.3580904	0
1090.15	0	0	.6417219	.3582781	0
1089.15	0	0	.6415345	.3584655	0
1088.15	0	0	.6413473	.3586527	0
1087.15	0	0	.6411603	.3588397	0
1086.15	0	0	.6409736	.3590264	0
1085.15	0	0	.6407871	.3592129	0
1084.15	0	0	.6406009	.3593991	0
1083.15	0	0	.640415	.3595851	0
1082.15	0	0	.6402292	.3597708	0
1081.15	0	0	.6400437	.3599563	0
1080.15	0	0	.6398585	.3601415	0
1079.15	0	0	.6396735	.3603265	0
1078.15	0	0	.6394887	.3605113	0
1077.15	0	0	.6393042	.3606958	0
1076.15	0	0	.6391199	.3608801	0
1075.15	0	0	.6389359	.3610641	0
1074.15	0	0	.6387521	.3612479	0
1073.15	0	0	.6385685	.3614315	0
1072.15	0	0	.6383852	.3616148	0
1071.15	0	0	.6382021	.3617979	0
1070.15	0	0	.6380193	.3619808	0
1069.15	0	0	.6378366	.3621634	0
1068.15	0	0	.6376543	.3623457	0
1067.15	0	0	.6374721	.3625279	0
1066.15	0	0	.6372902	.3627098	0
1065.15	0	0	.6371086	.3628914	0
1064.15	0	0	.6369272	.3630728	0
1063.15	0	0	.636746	.363254	0
1062.15	0	0	.636565	.363435	0
1061.15	0	0	.6363843	.3636157	0
1060.15	0	0	.6362038	.3637962	0
1059.15	0	0	.6360236	.3639764	0
1058.15	0	0	.6358435	.3641565	0
1057.15	0	0	.6356637	.3643363	0
1056.15	0	0	.6354842	.3645158	0
1055.15	0	0	.6353049	.3646951	0
1054.15	0	0	.6351258	.3648742	0
1053.15	0	0	.6349469	.3650531	0
1052.15	0	0	.6347683	.3652317	0
1051.15	0	0	.6345899	.3654101	0
1050.15	0	0	.6344117	.3655883	0
1049.15	0	0	.6342338	.3657662	0
1048.15	0	0	.6340561	.3659439	0
1047.15	0	0	.6338786	.3661214	0
1046.15	0	0	.6337013	.3662987	0
1045.15	0	0	.6335243	.3664757	0
1044.15	0	0	.6333475	.3666525	0
1043.15	0	0	.633171	.366829	0
1042.15	0	0	.6329946	.3670054	0
1041.15	0	0	.6328185	.3671815	0
1040.15	0	0	.6326426	.3673574	0
1039.15	0	0	.6324669	.3675331	0
1038.15	0	0	.6322915	.3677085	0
1037.15	0	0	.6321163	.3678837	0
1036.15	0	0	.6319413	.3680587	0
1035.15	0	0	.6317665	.3682335	0
1034.15	0	0	.631592	.368408	0
1033.15	0	0	.6314177	.3685823	0
1032.15	0	0	.6312436	.3687564	0
1031.15	0	0	.6310697	.3689303	0
1030.15	0	0	.630896	.369104	0
1029.15	0	0	.6307226	.3692774	0
1028.15	0	0	.6305494	.3694506	0
1027.15	0	0	.6303764	.3696236	0
1026.15	0	0	.6302037	.3697964	0
1025.15	0	0	.6300311	.3699689	0
1024.15	0	0	.6298588	.3701412	0
1023.15	0	0	.6296867	.3703133	0
1022.15	0	0	.6295148	.3704852	0
1021.15	0	0	.6293431	.3706569	0
1020.15	0	0	.6291717	.3708283	0
1019.15	0	0	.6290005	.3709996	0
1018.15	0	0	.6288294	.3711706	0
1017.15	0	0	.6286587	.3713414	0
1016.15	0	0	.6284881	.3715119	0
1015.15	0	0	.6283177	.3716823	0
1014.15	0	0	.6281476	.3718524	0
1013.15	0	0	.6279777	.3720224	0
1012.15	0	0	.6278079	.3721921	0
1011.15	0	0	.6276385	.3723616	0
1010.15	0	0	.6274692	.3725308	0
1009.15	0	0	.6273001	.3726999	0
1008.15	0	0	.6271313	.3728687	0
1007.15	0	0	.6269626	.3730374	0
1006.15	0	0	.6267942	.3732058	0
1005.15	0	0	.626626	.373374	0
1004.15	0	0	.626458	.373542	0
1003.15	0	0	.6262903	.3737098	0
1002.15	0	0	.6261227	.3738773	0
1001.15	0	0	.6259553	.3740447	0
1000.15	0	0	.6257882	.3742118	0
999.15	0	0	.6256213	.3743787	0
998.15	0	0	.6254546	.3745455	0
997.15	0	0	.625288	.374712	0
996.15	0	0	.6251218	.3748782	0
995.15	0	0	.6249557	.3750443	0
994.15	0	0	.6247898	.3752102	0
993.15	0	0	.6246242	.3753759	0
992.15	0	0	.6244587	.3755413	0
991.15	0	0	.6242935	.3757065	0
990.15	0	0	.6241284	.3758716	0
989.15	0	0	.6239636	.3760364	0
988.15	0	0	.623799	.376201	0
987.15	0	0	.6236346	.3763654	0
986.15	0	0	.6234704	.3765296	0
985.15	0	0	.6233064	.3766936	0
984.15	0	0	.6231426	.3768574	0
983.15	0	0	.6229791	.377021	0
982.15	0	0	.6228157	.3771843	0
981.15	0	0	.6226525	.3773475	0
980.15	0	0	.6224896	.3775104	0
979.15	0	0	.6223268	.3776732	0
978.15	0	0	.6221643	.3778357	0
977.15	0	0	.622002	.377998	0
976.15	0	0	.6218398	.3781602	0
975.15	0	0	.6216779	.3783221	0
974.15	0	0	.6215162	.3784838	0
973.15	0	0	.6213547	.3786453	0
972.15	0	0	.6211934	.3788066	0
971.15	0	0	.6210323	.3789677	0
970.15	0	0	.6208714	.3791286	0
969.15	0	0	.6207107	.3792893	0
968.15	0	0	.6205502	.3794498	0
967.15	0	0	.6203899	.3796101	0
966.15	0	0	.6202298	.3797702	0
965.15	0	0	.6200699	.3799301	0
964.15	0	0	.6199103	.3800898	0
963.15	0	0	.6197508	.3802492	0
962.15	0	0	.6195915	.3804085	0
961.15	0	0	.6194324	.3805676	0
960.15	0	0	.6192736	.3807265	0
959.15	0	0	.6191149	.3808851	0
958.15	0	0	.6189564	.3810436	0
957.15	0	0	.6187982	.3812019	0
956.15	0	0	.6186401	.3813599	0
955.15	0	0	.6184822	.3815178	0
954.15	0	0	.6183246	.3816755	0
953.15	0	0	.6181671	.3818329	0
952.15	0	0	.6180098	.3819902	0
951.15	0	0	.6178528	.3821472	0
950.15	0	0	.6176959	.3823041	0
949.15	0	0	.6175392	.3824608	0
948.15	0	0	.6173828	.3826172	0
947.15	0	0	.6172265	.3827735	0
946.15	0	0	.6170704	.3829296	0
945.15	0	0	.6169146	.3830854	0
944.15	0	0	.6167589	.3832411	0
943.15	0	0	.6166034	.3833966	0
942.15	0	0	.6164481	.3835519	0
941.15	0	0	.6162931	.3837069	0
940.15	0	0	.6161382	.3838618	0
939.15	0	0	.6159835	.3840165	0
938.15	0	0	.615829	.384171	0
937.15	0	0	.6156747	.3843253	0
936.15	0	0	.6155206	.3844794	0
935.15	0	0	.6153667	.3846333	0
934.15	0	0	.615213	.384787	0
933.15	0	0	.6150595	.3849405	0
932.15	0	0	.6149062	.3850938	0
931.15	0	0	.6147531	.3852469	0
930.15	0	0	.6146002	.3853998	0
929.15	0	0	.6144475	.3855525	0
928.15	0	0	.614295	.385705	0
927.15	0	0	.6141426	.3858574	0
926.15	0	0	.6139905	.3860095	0
925.15	0	0	.6138386	.3861614	0
924.15	0	0	.6136868	.3863132	0
923.15	0	0	.6135353	.3864647	0
922.15	0	0	.6133839	.3866161	0
921.15	0	0	.6132328	.3867672	0
920.15	0	0	.6130818	.3869182	0
919.15	0	0	.612931	.387069	0
918.15	0	0	.6127805	.3872195	0
917.15	0	0	.6126301	.3873699	0
916.15	0	0	.6124799	.3875201	0
915.15	0	0	.6123299	.3876701	0
914.15	0	0	.6121801	.3878199	0
913.15	0	0	.6120305	.3879695	0
912.15	0	0	.6118811	.3881189	0
911.15	0	0	.6117318	.3882682	0
910.15	0	0	.6115828	.3884172	0
909.15	0	0	.611434	.388566	0
908.15	0	0	.6112853	.3887147	0
907.15	0	0	.6111369	.3888631	0
906.15	0	0	.6109886	.3890114	0
905.15	0	0	.6108406	.3891594	0
904.15	0	0	.6106927	.3893073	0
903.15	0	0	.610545	.389455	0
902.15	0	0	.6103975	.3896025	0
901.15	0	0	.6102502	.3897498	0
900.15	0	0	.6101031	.3898969	0
899.15	0	0	.6099562	.3900438	0
898.15	0	0	.6098095	.3901905	0
897.15	0	0	.609663	.3903371	0
896.15	0	0	.6095166	.3904834	0
895.15	0	0	.6093705	.3906295	0
894.15	0	0	.6092245	.3907755	0
893.4172	0	0	.6091177	.3908823	0
893.4172	0	0	.6091177	.3908823	0
893.4172	0	0	.6091177	.3908823	0
893.15	0	9.258871E-04	.6081951	.390879	0
892.15	0	.004380638	.6047537	.3908657	0
891.15	0	.007818285	.6013311	.3908506	0
890.15	0	.01123839	.5979277	.3908339	0
889.15	0	.01464051	.594544	.3908155	0
888.15	0	.01802424	.5911803	.3907955	0
887.15	0	.0213892	.5878369	.3907739	0
886.15	0	.024735	.5845144	.3907506	0
885.15	0	.02806127	.5812129	.3907258	0
884.15	0	.03136767	.5779329	.3906994	0
883.15	0	.03465386	.5746747	.3906714	0
882.15	0	.03791953	.5714385	.3906419	0
881.15	0	.04116437	.5682247	.3906109	0
880.15	0	.04438809	.5650335	.3905784	0
879.15	0	.0475904	.5618653	.3905443	0
878.15	0	.05077105	.5587201	.3905088	0
877.15	0	.05392978	.5555984	.3904719	0
876.15	0	.05706636	.5525002	.3904335	0
875.15	0	.06018055	.5494258	.3903937	0
874.15	0	.06327213	.5463754	.3903524	0
873.15	0	.06634092	.5433492	.3903099	0
872.15	0	.06938672	.5403474	.3902659	0
871.15	0	.07240934	.5373701	.3902206	0
870.15	0	.07540862	.5344174	.390174	0
869.15	0	.07838441	.5314895	.3901261	0
868.15	0	.08133657	.5285865	.3900769	0
867.15	0	.08426495	.5257085	.3900265	0
866.15	0	.08716945	.5228557	.3899748	0
865.15	0	.09004994	.5200281	.389922	0
864.15	0	.09290634	.5172258	.3898679	0
863.15	0	.09573854	.5144488	.3898127	0
862.15	0	.09854649	.5116972	.3897563	0
861.15	0	.1013301	.5089711	.3896988	0
860.15	0	.1040893	.5062705	.3896402	0
859.15	0	.1068241	.5035953	.3895806	0
858.15	0	.1095345	.5009457	.3895198	0
857.15	0	.1122203	.4983216	.3894581	0
856.15	0	.1148816	.4957231	.3893953	0
855.15	0	.1175184	.49315	.3893316	0
854.15	0	.1201307	.4906024	.3892669	0
853.15	0	.1227186	.4880802	.3892012	0
852.15	0	.1252819	.4855834	.3891347	0
851.15	0	.1278208	.483112	.3890672	0
850.15	0	.1303354	.4806658	.3889989	0
849.15	0	.1328255	.4782448	.3889297	0
848.15	0	.1352914	.4758489	.3888597	0
847.15	0	.1377331	.473478	.3887889	0
846.15	0	.1401507	.4711321	.3887173	0
845.15	0	.1425442	.4688109	.3886449	0
844.15	0	.1449137	.4665145	.3885718	0
843.15	0	.1472594	.4642426	.388498	0
842.15	0	.1495813	.4619952	.3884235	0
841.15	0	.1518796	.4597721	.3883483	0
840.15	0	.1541544	.4575732	.3882724	0
839.15	0	.1564057	.4553983	.3881959	0
838.15	0	.1586339	.4532473	.3881188	0
837.15	0	.1608389	.45112	.3880411	0
836.15	0	.1630209	.4490163	.3879628	0
835.15	0	.1651802	.4469359	.3878839	0
834.15	0	.1673168	.4448787	.3878045	0
833.15	0	.1694309	.4428446	.3877246	0
832.15	0	.1715226	.4408333	.3876441	0
831.15	0	.1735922	.4388446	.3875632	0
830.15	0	.1756398	.4368784	.3874817	0
829.15	0	.1776657	.4349345	.3873998	0
828.15	0	.1796699	.4330126	.3873175	0
827.15	0	.1816526	.4311126	.3872348	0
826.15	0	.1836142	.4292343	.3871516	0
825.15	0	.1855547	.4273773	.387068	0
824.15	0	.1874743	.4255417	.386984	0
823.15	0	.1893733	.423727	.3868997	0
822.15	0	.1912518	.4219332	.386815	0
821.15	0	.1931101	.4201599	.38673	0
820.15	0	.1949484	.4184071	.3866446	0
819.15	0	.1967668	.4166743	.3865589	0
818.15	0	.1985656	.4149616	.3864729	0
817.15	0	.2003449	.4132685	.3863866	0
816.15	0	.2021051	.411595	.3863	0
815.15	0	.2038462	.4099407	.3862131	0
814.15	0	.2055686	.4083055	.386126	0
813.15	0	.2072723	.4066891	.3860386	0
812.15	0	.2089577	.4050913	.385951	0
811.15	0	.210625	.4035119	.3858631	0
810.15	0	.2122743	.4019507	.385775	0
809.15	0	.2139058	.4004075	.3856867	0
808.15	0	.2155199	.398882	.3855982	0
807.15	0	.2171166	.3973739	.3855095	0
806.15	0	.2186962	.3958833	.3854206	0
805.15	0	.2202589	.3944096	.3853315	0
804.15	0	.2218049	.3929529	.3852422	0
803.15	0	.2233345	.3915128	.3851528	0
802.15	0	.2248477	.3900891	.3850632	0
801.15	0	.2263449	.3886817	.3849734	0
800.15	0	.2278262	.3872903	.3848835	0
799.15	0	.2292918	.3859147	.3847935	0
798.15	0	.2307419	.3845548	.3847033	0
797.15	0	.2321768	.3832102	.384613	0
796.15	0	.2335966	.3818809	.3845226	0
795.2909	0	.2348044	.3807508	.3844448	0
795.2909	0	.2348044	.3807508	.3844448	0
795.2909	0	.2348044	.3807508	.3844448	0
795.15	0	.2354846	.3799307	.3842371	3.475683E-04
794.15	0	.2402517	.3741767	.3827758	.002795764
793.15	0	.2449139	.3685387	.3813365	.005210943
792.15	0	.2494739	.3630137	.3799186	.007593807
791.15	0	.2539343	.3575989	.3785217	.009945036
790.15	0	.2582979	.3522914	.3771455	.01226529
789.15	0	.262567	.3470884	.3757893	.01455519
788.15	0	.2667442	.3419875	.3744529	.01681537
787.15	0	.2708317	.336986	.3731359	.01904641
786.15	0	.2748318	.3320816	.3718378	.0212489
785.15	0	.2787466	.3272718	.3705582	.02342338
784.15	0	.2825784	.3225544	.3692969	.0255704
783.15	0	.286329	.3179271	.3680534	.02769048
782.15	0	.2900006	.3133879	.3668274	.02978414
781.15	0	.293595	.3089346	.3656185	.03185187
780.15	0	.297114	.3045653	.3644266	.03389414
779.15	0	.3005596	.3002779	.3632511	.03591142
778.15	0	.3039333	.2960707	.3620919	.03790416
777.15	0	.3072369	.2919417	.3609486	.03987281
776.15	0	.310472	.2878893	.3598209	.04181779
775.15	0	.3136403	.2839117	.3587085	.04373952
774.15	0	.3167432	.2800071	.3576112	.04563841
773.15	0	.3197823	.2761741	.3565288	.04751484
772.15	0	.322759	.272411	.3554608	.0493692
771.15	0	.3256748	.2687162	.3544071	.05120188
770.15	0	.3285309	.2650884	.3533675	.05301323
769.15	0	.3313288	.261526	.3523416	.05480361
768.15	0	.3340698	.2580276	.3513293	.05657337
767.15	0	.3367551	.2545918	.3503303	.05832285
766.15	0	.3393859	.2512174	.3493443	.06005238
765.15	0	.3419635	.247903	.3483712	.06176229
764.15	0	.344489	.2446474	.3474108	.06345289
763.15	0	.3469635	.2414492	.3464627	.0651245
762.15	0	.3493883	.2383074	.3455269	.06677742
761.15	0	.3517643	.2352207	.3446031	.06841194
760.15	0	.3540927	.2321879	.343691	.07002836
759.15	0	.3563744	.229208	.3427906	.07162697
758.15	0	.3586105	.2262799	.3419016	.07320803
757.15	0	.3608019	.2234025	.3410238	.07477183
756.15	0	.3629496	.2205748	.340157	.07631863
755.15	0	.3650546	.2177956	.3393011	.07784869
754.15	0	.3671178	.2150642	.3384558	.07936228
753.15	0	.36914	.2123794	.337621	.08085965
752.15	0	.3711221	.2097403	.3367965	.08234104
751.15	0	.3730651	.207146	.3359822	.0838067
750.15	0	.3749697	.2045957	.3351778	.08525688
749.15	0	.3768367	.2020883	.3343832	.08669179
748.15	0	.378667	.1996231	.3335983	.08811169
747.15	0	.3804613	.1971991	.3328229	.08951678
746.15	0	.3822204	.1948156	.3320567	.0909073
745.15	0	.383945	.1924717	.3312998	.09228347
744.15	0	.3856359	.1901667	.3305518	.0936455
743.15	0	.3872938	.1878998	.3298128	.0949936
742.15	0	.3889194	.1856702	.3290824	.09632798
741.15	0	.3905134	.1834771	.3283607	.09764886
740.15	0	.3920764	.1813199	.3276473	.09895642
739.15	0	.3936092	.1791977	.3269423	.1002509
738.15	0	.3951122	.17711	.3262453	.1015324
737.15	0	.3965863	.1750561	.3255565	.1028012
736.15	0	.3980319	.1730352	.3248755	.1040575
735.15	0	.3994498	.1710466	.3242022	.1053014
734.15	0	.4008404	.1690899	.3235366	.1065332
733.15	0	.4022044	.1671643	.3228784	.1077529
732.15	0	.4035423	.1652692	.3222276	.1089609
731.15	0	.4048547	.163404	.3215841	.1101572
730.15	0	.4061421	.1615682	.3209477	.1113421
729.15	0	.4074051	.159761	.3203183	.1125156
728.15	0	.4086441	.1579821	.3196958	.1136781
727.15	0	.4098597	.1562307	.31908	.1148296
726.15	0	.4110524	.1545065	.3184709	.1159703
725.15	0	.4122226	.1528088	.3178684	.1171003
724.15	0	.4133709	.151137	.3172722	.1182199
723.15	0	.4144976	.1494909	.3166824	.1193291
722.15	0	.4156033	.1478697	.3160989	.1204281
721.15	0	.4166885	.146273	.3155214	.1215172
720.15	0	.4177534	.1447004	.3149499	.1225963
719.15	0	.4187986	.1431513	.3143844	.1236657
718.15	0	.4198245	.1416254	.3138247	.1247255
717.15	0	.4208315	.140122	.3132707	.1257758
716.15	0	.4218199	.138641	.3127223	.1268169
715.15	0	.4227902	.1371817	.3121794	.1278487
714.15	0	.4237428	.1357437	.311642	.1288715
713.15	0	.424678	.1343267	.3111099	.1298854
712.15	0	.4255962	.1329303	.310583	.1308905
711.15	0	.4264978	.131554	.3100613	.1318869
710.15	0	.427383	.1301974	.3095447	.1328748
709.15	0	.4282523	.1288603	.3090331	.1338543
708.15	0	.429106	.1275421	.3085264	.1348255
707.15	0	.4299443	.1262426	.3080245	.1357886
706.15	0	.4307677	.1249613	.3075274	.1367435
705.15	0	.4315765	.123698	.3070349	.1376906
704.15	0	.4323708	.1224523	.3065471	.1386298
703.15	0	.4331511	.1212238	.3060637	.1395613
702.15	0	.4339177	.1200123	.3055848	.1404853
701.15	0	.4346707	.1188173	.3051103	.1414017
700.15	0	.4354106	.1176387	.30464	.1423107
699.15	0	.4361375	.116476	.304174	.1432125
698.15	0	.4368518	.115329	.3037121	.1441071
697.15	0	.4375536	.1141974	.3032544	.1449946
696.15	0	.4382433	.1130809	.3028006	.1458752
695.15	0	.4389211	.1119792	.3023508	.1467488
694.15	0	.4395873	.1108921	.3019049	.1476157
693.15	0	.4402421	.1098192	.3014628	.1484759
692.15	0	.4408856	.1087603	.3010245	.1493296
691.15	0	.4415183	.1077151	.3005899	.1501767
690.15	0	.4421401	.1066835	.3001589	.1510175
689.15	0	.4427515	.105665	.2997316	.1518519
688.15	0	.4433526	.1046596	.2993077	.1526801
687.15	0	.4439436	.1036669	.2988874	.1535022
686.15	0	.4445247	.1026867	.2984704	.1543182
685.15	0	.4450962	.1017188	.2980568	.1551282
684.15	0	.4456581	.1007629	.2976466	.1559324
683.15	0	.4462108	.09981893	.2972395	.1567308
682.15	0	.4467543	.09888655	.2968357	.1575234
681.15	0	.447289	.09796558	.2964351	.1583104
680.15	0	.4478148	.09705583	.2960375	.1590918
679.15	0	.4483321	.09615707	.2956431	.1598678
678.15	0	.448841	.09526912	.2952516	.1606383
677.15	0	.4493417	.09439177	.2948631	.1614035
676.15	0	.4498343	.09352485	.2944775	.1621634
675.15	0	.450319	.09266815	.2940948	.1629181
674.15	0	.4507959	.09182151	.2937149	.1636677
673.15	0	.4512653	.09098473	.2933378	.1644122
672.15	0	.4517271	.09015764	.2929634	.1651518
671.15	0	.4521817	.08934008	.2925918	.1658864
670.15	0	.4526292	.08853186	.2922228	.1666162
669.15	0	.4530696	.08773284	.2918564	.1673412
668.15	0	.4535031	.08694283	.2914926	.1680615
667.15	0	.4539299	.08616169	.2911314	.1687771
666.15	0	.45435	.08538926	.2907726	.1694881
665.15	0	.4547637	.08462539	.2904163	.1701946
664.15	0	.455171	.08386992	.2900625	.1708966
663.15	0	.4555721	.0831227	.289711	.1715942
662.15	0	.455968	.08238264	.2893615	.1722878
661.15	0	.4563569	.08165165	.2890147	.1729767
660.15	0	.4567399	.08092848	.2886703	.1736614
659.15	0	.4571171	.080213	.2883281	.1743418
658.15	0	.4574886	.07950507	.2879882	.1750181
657.15	0	.4578547	.07880456	.2876504	.1756904
656.15	0	.4582153	.07811135	.2873147	.1763586
655.15	0	.4585706	.07742532	.2869812	.1770229
654.15	0	.4589206	.07674633	.2866498	.1776833
653.15	0	.4592655	.07607428	.2863205	.1783397
652.15	0	.4596054	.07540904	.2859931	.1789924
651.15	0	.4599404	.0747505	.2856678	.1796413
650.15	0	.4602705	.07409855	.2853445	.1802865
649.15	0	.4605958	.07345306	.2850231	.180928
648.15	0	.4609165	.07281395	.2847036	.1815659
647.15	0	.4612326	.07218109	.2843861	.1822002
646.15	0	.4615443	.07155438	.2840704	.182831
645.15	0	.4618515	.07093372	.2837565	.1834583
644.15	0	.4621544	.07031901	.2834445	.1840822
643.15	0	.462453	.06971015	.2831342	.1847026
642.15	0	.4627475	.06910704	.2828257	.1853197
641.15	0	.4630379	.06850958	.282519	.1859335
640.15	0	.4633243	.06791769	.282214	.186544
639.15	0	.4636068	.06733126	.2819107	.1871513
638.15	0	.4638854	.06675021	.281609	.1877554
637.15	0	.4641602	.06617445	.2813091	.1883563
636.15	0	.4644313	.06560389	.2810107	.1889541
635.15	0	.4646987	.06503845	.2807139	.1895489
634.15	0	.4649626	.06447803	.2804188	.1901406
633.15	0	.4652229	.06392257	.2801252	.1907294
632.15	0	.4654798	.06337197	.2798331	.1913151
631.15	0	.4657333	.06282616	.2795426	.191898
630.15	0	.4659834	.06228506	.2792536	.1924779
629.15	0	.4662304	.0617486	.278966	.193055
628.15	0	.466474	.06121668	.2786799	.1936293
627.15	0	.4667146	.06068926	.2783953	.1942009
626.15	0	.466952	.06016624	.2781121	.1947696
625.15	0	.4671865	.05964756	.2778303	.1953357
624.15	0	.4674179	.05913314	.2775499	.195899
623.15	0	.4676464	.05862293	.2772709	.1964598
622.15	0	.4678721	.05811684	.2769932	.1970179
621.15	0	.4680949	.05761482	.2767169	.1975734
620.15	0	.468315	.0571168	.2764419	.1981264
619.15	0	.4685323	.05662271	.2761682	.1986768
618.15	0	.468747	.05613249	.2758958	.1992247
617.15	0	.4689591	.05564609	.2756246	.1997702
616.15	0	.4691685	.05516343	.2753547	.2003133
615.15	0	.4693755	.05468445	.2750861	.2008539
614.15	0	.46958	.05420911	.2748187	.2013922
613.15	0	.469782	.05373734	.2745525	.2019281
612.15	0	.4699817	.05326908	.2742875	.2024617
611.15	0	.470179	.05280428	.2740237	.2029931
610.15	0	.470374	.05234288	.2737611	.2035221
609.15	0	.4705667	.05188484	.2734996	.2040489
608.15	0	.4707572	.05143009	.2732392	.2045735
607.15	0	.4709455	.05097858	.27298	.2050959
606.15	0	.4711317	.05053027	.2727219	.2056161
605.15	0	.4713158	.05008509	.2724649	.2061342
604.15	0	.4714978	.04964302	.272209	.2066502
603.15	0	.4716778	.04920398	.2719541	.2071641
602.15	0	.4718557	.04876794	.2717004	.207676
601.15	0	.4720317	.04833485	.2714476	.2081858
600.15	0	.4722058	.04790467	.271196	.2086936
599.15	0	.472378	.04747734	.2709453	.2091994
598.15	0	.4725483	.04705282	.2706957	.2097032
597.15	0	.4727169	.04663107	.270447	.2102051
596.15	0	.4728836	.04621205	.2701994	.210705
595.15	0	.4730485	.04579571	.2699527	.211203
594.15	0	.4732117	.04538201	.2697071	.2116992
593.15	0	.4733733	.04497091	.2694623	.2121935
592.15	0	.4735331	.04456237	.2692186	.212686
591.15	0	.4736914	.04415634	.2689757	.2131766
590.15	0	.473848	.0437528	.2687338	.2136654
589.15	0	.474003	.0433517	.2684928	.2141525
588.15	0	.4741565	.042953	.2682528	.2146378
587.15	0	.4743084	.04255667	.2680136	.2151213
586.15	0	.4744589	.04216267	.2677753	.2156032
585.15	0	.4746079	.04177096	.2675379	.2160833
584.15	0	.4747554	.0413815	.2673014	.2165617
583.15	0	.4749015	.04099427	.2670657	.2170385
582.15	0	.4750462	.04060923	.2668309	.2175136
581.15	0	.4751896	.04022634	.266597	.2179871
580.15	0	.4753316	.03984558	.2663638	.218459
579.15	0	.4754722	.0394669	.2661315	.2189293
578.15	0	.4756116	.03909027	.2659001	.2193981
577.15	0	.4757497	.03871567	.2656694	.2198652
576.15	0	.4758866	.03834306	.2654396	.2203308
575.15	0	.4760222	.03797242	.2652105	.2207949
574.15	0	.4761566	.0376037	.2649822	.2212575
573.15	0	.4762898	.03723689	.2647547	.2217186
572.15	0	.4764219	.03687195	.264528	.2221782
571.15	0	.4765528	.03650885	.264302	.2226364
570.15	0	.4766825	.03614756	.2640768	.2230931
569.15	0	.4768112	.03578807	.2638524	.2235483
568.15	0	.4769388	.03543032	.2636287	.2240022
567.15	0	.4770653	.03507432	.2634057	.2244547
566.15	0	.4771908	.03472001	.2631835	.2249057
565.15	0	.4773152	.03436739	.2629619	.2253554
564.15	0	.4774387	.03401641	.2627412	.2258038
563.15	0	.4775611	.03366706	.2625211	.2262508
562.15	0	.4776826	.03331931	.2623017	.2266964
561.15	0	.4778031	.03297314	.262083	.2271408
560.15	0	.4779227	.03262852	.261865	.2275838
559.15	0	.4780413	.03228543	.2616477	.2280256
558.15	0	.4781591	.03194384	.261431	.2284661
557.15	0	.4782759	.03160373	.261215	.2289053
556.15	0	.4783919	.03126508	.2609997	.2293433
555.15	0	.478507	.03092786	.2607851	.2297801
554.15	0	.4786213	.03059205	.2605711	.2302156
553.15	0	.4787347	.03025763	.2603577	.2306499
552.15	0	.4788474	.02992458	.260145	.231083
551.15	0	.4789592	.02959288	.259933	.2315149
550.15	0	.4790703	.0292625	.2597216	.2319457
549.15	0	.4791805	.02893343	.2595107	.2323753
548.15	0	.4792901	.02860563	.2593006	.2328037
547.15	0	.4793989	.0282791	.259091	.2332311
546.15	0	.4795069	.02795382	.258882	.2336572
545.15	0	.4796143	.02762976	.2586737	.2340823
544.15	0	.4797209	.0273069	.2584659	.2345063
543.15	0	.4798269	.02698522	.2582588	.2349291
542.15	0	.4799322	.02666472	.2580522	.2353509
541.15	0	.4800368	.02634535	.2578462	.2357716
540.15	0	.4801408	.02602712	.2576408	.2361913
539.15	0	.4802441	.02571	.257436	.2366099
538.15	0	.4803468	.02539397	.2572318	.2370274
537.15	0	.4804489	.02507901	.2570281	.237444
536.15	0	.4805504	.02476512	.256825	.2378595
535.15	0	.4806514	.02445226	.2566224	.238274
534.15	0	.4807517	.02414042	.2564204	.2386875
533.15	0	.4808514	.0238296	.2562189	.2391
532.15	0	.4809506	.02351976	.256018	.2395116
531.15	0	.4810493	.02321089	.2558177	.2399221
530.15	0	.4811474	.02290299	.2556179	.2403317
529.15	0	.481245	.02259602	.2554186	.2407404
528.15	0	.4813421	.02228998	.2552198	.2411481
527.15	0	.4814387	.02198485	.2550216	.2415549
526.15	0	.4815348	.02168062	.2548239	.2419608
525.15	0	.4816304	.02137727	.2546267	.2423657
524.15	0	.4817255	.02107478	.25443	.2427698
523.15	0	.4818202	.02077315	.2542338	.2431729
522.15	0	.4819144	.02047235	.2540382	.2435752
521.15	0	.4820081	.02017237	.253843	.2439765
520.15	0	.4821014	.0198732	.2536483	.244377
519.15	0	.4821943	.01957483	.2534542	.2447767
518.15	0	.4822868	.01927723	.2532605	.2451755
517.15	0	.4823788	.01898041	.2530673	.2455734
516.15	0	.4824705	.01868433	.2528747	.2459705
515.15	0	.4825617	.018389	.2526825	.2463668
514.15	0	.4826526	.01809439	.2524907	.2467623
513.15	0	.4827431	.0178005	.2522995	.2471569
512.15	0	.4828332	.01750731	.2521087	.2475507
511.15	0	.482923	.01721481	.2519184	.2479438
510.15	0	.4830124	.01692299	.2517286	.248336
509.15	0	.4831015	.01663183	.2515392	.2487275
508.15	0	.4831902	.01634133	.2513503	.2491182
507.15	0	.4832786	.01605146	.2511619	.2495081
506.15	0	.4833667	.01576222	.2509739	.2498972
505.15	0	.4834544	.0154736	.2507863	.2502857
504.15	0	.4835418	.01518559	.2505993	.2506733
503.15	0	.483629	.01489817	.2504126	.2510602
502.15	0	.4837158	.01461133	.2502264	.2514464
501.15	0	.4838024	.01432507	.2500407	.2518319
500.15	0	.4838887	.01403936	.2498554	.2522166
499.15	0	.4839747	.01375421	.2496705	.2526006
498.15	0	.4840604	.01346959	.249486	.252984
497.15	0	.4841459	.01318551	.249302	.2533666
496.15	0	.4842311	.01290194	.2491185	.2537485
495.15	0	.4843161	.01261888	.2489353	.2541298
494.15	0	.4844008	.01233632	.2487526	.2545103
493.15	0	.4844853	.01205425	.2485702	.2548902
492.15	0	.4845695	.01177266	.2483884	.2552695
491.15	0	.4846536	.01149153	.2482069	.255648
490.15	0	.4847374	.01121088	.2480258	.2560259
489.15	0	.484821	.01093066	.2478452	.2564032
488.15	0	.4849044	.01065089	.2476649	.2567798
487.15	0	.4849876	.01037154	.2474851	.2571558
486.15	0	.4850706	.01009261	.2473057	.2575311
485.15	0	.4851534	.009814096	.2471267	.2579059
484.15	0	.485236	.009535983	.2469481	.25828
483.15	0	.4853184	.009258264	.2467698	.2586535
482.15	0	.4854007	.00898093	.246592	.2590264
481.15	0	.4854828	.008703972	.2464146	.2593987
480.15	0	.4855647	.008427382	.2462375	.2597704
479.15	0	.4856465	.008151151	.2460609	.2601415
478.15	0	.4857281	.00787527	.2458846	.260512
477.15	0	.4858096	.007599733	.2457087	.2608819
476.15	0	.4858909	.007324529	.2455333	.2612513
475.15	0	.4859721	.007049651	.2453581	.2616201
474.15	0	.4860532	.006775091	.2451834	.2619883
473.15	0	.4861341	.006500841	.2450091	.262356
472.15	0	.4862149	.006226894	.2448351	.2627231
471.15	0	.4862956	.005953241	.2446615	.2630897
470.15	0	.4863761	.005679874	.2444883	.2634557
469.15	0	.4864566	.005406787	.2443154	.2638212
468.15	0	.4865369	.005133972	.2441429	.2641862
467.15	0	.4866171	.00486142	.2439708	.2645506
466.15	0	.4866973	.004589126	.2437991	.2649145
465.15	0	.4867773	.004317082	.2436277	.2652779
464.15	0	.4868573	.00404528	.2434567	.2656408
463.15	0	.4869371	.003773713	.243286	.2660032
462.15	0	.4870169	.003502375	.2431157	.266365
461.15	0	.4870966	.003231259	.2429457	.2667264
460.15	0	.4871762	.002960357	.2427761	.2670873
459.15	0	.4872558	.002689663	.2426069	.2674476
458.15	0	.4873353	.002419171	.242438	.2678075
457.15	0	.4874147	.002148873	.2422695	.268167
456.15	0	.487494	.001878764	.2421013	.2685259
455.15	0	.4875733	.001608836	.2419335	.2688843
454.15	0	.4876526	.001339083	.241766	.2692424
453.15	0	.4877318	.0010695	.2415989	.2695999
452.15	0	.4878109	8.000795E-04	.241432	.269957
451.15	0	.48789	5.308156E-04	.2412656	.2703136
450.15	0	.4879691	2.617022E-04	.2410995	.2706697
449.1772	0	.488046	0	.2409382	.2710158
449.1772	0	.488046	0	.2409382	.2710158
449.15	0	.488045	0	.240936	.271019
448.15	0	.488009	0	.2408549	.2711361
447.15	0	.4879732	0	.2407742	.2712526
446.15	0	.4879376	0	.240694	.2713684
445.15	0	.4879023	0	.2406142	.2714835
444.15	0	.4878672	0	.2405349	.2715979
443.15	0	.4878323	0	.240456	.2717117
442.15	0	.4877977	0	.2403776	.2718247
441.15	0	.4877633	0	.2402997	.2719371
440.15	0	.4877291	0	.2402222	.2720487
