T	 BPW(LIQUID)	BPW(BCC_A2)	BPW(FCC_A1)	BPW(LAVES_PHASE_C14)	BPW(NI3TI)
1473.15	.2693336	.7306664	0	0	0
1472.15	.2667303	.7332697	0	0	0
1471.15	.2641443	.7358557	0	0	0
1470.15	.2615753	.7384247	0	0	0
1469.15	.2590233	.7409767	0	0	0
1468.15	.2564882	.7435118	0	0	0
1467.15	.2539697	.7460303	0	0	0
1466.15	.2514678	.7485322	0	0	0
1465.15	.2489823	.7510177	0	0	0
1464.15	.2465131	.7534869	0	0	0
1463.15	.2440601	.7559399	0	0	0
1462.15	.241623	.758377	0	0	0
1461.15	.2392019	.7607981	0	0	0
1460.15	.2367965	.7632035	0	0	0
1459.15	.2344067	.7655933	0	0	0
1458.15	.2320325	.7679675	0	0	0
1457.15	.2296736	.7703264	0	0	0
1456.15	.22733	.77267	0	0	0
1455.15	.2250015	.7749985	0	0	0
1454.15	.222688	.777312	0	0	0
1453.15	.2203895	.7796106	0	0	0
1452.15	.2181057	.7818943	0	0	0
1451.15	.2158365	.7841635	0	0	0
1450.15	.2135819	.7864181	0	0	0
1449.15	.2113418	.7886583	0	0	0
1448.15	.2091159	.7908841	0	0	0
1447.15	.2069042	.7930958	0	0	0
1446.15	.2047067	.7952933	0	0	0
1445.15	.2025231	.7974769	0	0	0
1444.15	.2003533	.7996467	0	0	0
1443.15	.1981974	.8018026	0	0	0
1442.15	.1960551	.8039449	0	0	0
1441.15	.1939263	.8060737	0	0	0
1440.15	.1918109	.8081891	0	0	0
1439.15	.1897089	.8102911	0	0	0
1438.15	.1876202	.8123798	0	0	0
1437.15	.1855445	.8144555	0	0	0
1436.15	.1834819	.8165181	0	0	0
1435.15	.1814322	.8185678	0	0	0
1434.15	.1793954	.8206046	0	0	0
1433.15	.1773713	.8226287	0	0	0
1432.15	.1753598	.8246402	0	0	0
1431.15	.1733609	.8266391	0	0	0
1430.15	.1713743	.8286257	0	0	0
1429.15	.1694002	.8305998	0	0	0
1428.15	.1674383	.8325617	0	0	0
1427.15	.1654885	.8345115	0	0	0
1426.15	.1635509	.8364491	0	0	0
1425.15	.1616251	.8383749	0	0	0
1424.15	.1597113	.8402887	0	0	0
1423.15	.1578093	.8421907	0	0	0
1422.15	.155919	.844081	0	0	0
1421.15	.1540403	.8459597	0	0	0
1420.15	.1521732	.8478268	0	0	0
1419.15	.1503175	.8496825	0	0	0
1418.15	.1484732	.8515268	0	0	0
1417.15	.1466401	.8533599	0	0	0
1416.15	.1448183	.8551818	0	0	0
1415.15	.1430075	.8569925	0	0	0
1414.15	.1412078	.8587922	0	0	0
1413.15	.139419	.860581	0	0	0
1412.15	.1376412	.8623588	0	0	0
1411.15	.1358741	.8641259	0	0	0
1410.15	.1341177	.8658823	0	0	0
1409.15	.1323719	.8676281	0	0	0
1408.15	.1306368	.8693632	0	0	0
1407.15	.1289121	.8710879	0	0	0
1406.15	.1271978	.8728022	0	0	0
1405.15	.1254938	.8745062	0	0	0
1404.15	.1238001	.8761999	0	0	0
1403.15	.1221166	.8778834	0	0	0
1402.15	.1204432	.8795569	0	0	0
1401.15	.1187798	.8812202	0	0	0
1400.15	.1171264	.8828736	0	0	0
1399.15	.1154829	.8845171	0	0	0
1398.15	.1138492	.8861508	0	0	0
1397.15	.1122252	.8877748	0	0	0
1396.15	.110611	.889389	0	0	0
1395.15	.1090064	.8909937	0	0	0
1394.15	.1074113	.8925887	0	0	0
1393.15	.1058257	.8941743	0	0	0
1392.15	.1042495	.8957505	0	0	0
1391.15	.1026827	.8973173	0	0	0
1390.15	.1011251	.8988749	0	0	0
1389.15	.09957683	.9004232	0	0	0
1388.15	.09803768	.9019623	0	0	0
1387.15	.09650762	.9034924	0	0	0
1386.15	.0949866	.9050134	0	0	0
1385.15	.09347455	.9065255	0	0	0
1384.15	.09197141	.9080286	0	0	0
1383.15	.09047711	.9095229	0	0	0
1382.15	.08899161	.9110084	0	0	0
1381.15	.08751484	.9124852	0	0	0
1380.15	.08604673	.9139533	0	0	0
1379.15	.08458724	.9154128	0	0	0
1378.15	.0831363	.9168637	0	0	0
1377.15	.08169386	.9183061	0	0	0
1376.15	.08025986	.9197401	0	0	0
1375.15	.07883424	.9211658	0	0	0
1374.15	.07741695	.9225831	0	0	0
1373.15	.07600792	.9239921	0	0	0
1372.15	.07460712	.9253929	0	0	0
1371.15	.07321448	.9267855	0	0	0
1370.15	.07182995	.92817	0	0	0
1369.15	.07045348	.9295465	0	0	0
1368.15	.069085	.930915	0	0	0
1367.15	.06772448	.9322755	0	0	0
1366.15	.06637186	.9336281	0	0	0
1365.15	.06502709	.9349729	0	0	0
1364.15	.06369011	.9363099	0	0	0
1363.15	.06236088	.9376391	0	0	0
1362.15	.06103935	.9389606	0	0	0
1361.15	.05972547	.9402745	0	0	0
1360.15	.05841918	.9415808	0	0	0
1359.15	.05712045	.9428796	0	0	0
1358.15	.05582922	.9441708	0	0	0
1357.15	.05454545	.9454546	0	0	0
1356.15	.05326908	.9467309	0	0	0
1355.15	.05200007	.9479999	0	0	0
1354.15	.05073839	.9492616	0	0	0
1353.15	.04948397	.950516	0	0	0
1352.15	.04823677	.9517632	0	0	0
1351.15	.04699676	.9530032	0	0	0
1350.15	.04576388	.9542361	0	0	0
1349.15	.0445381	.9554619	0	0	0
1348.15	.04331936	.9566806	0	0	0
1347.15	.04210763	.9578924	0	0	0
1346.15	.04090286	.9590971	0	0	0
1345.15	.03970501	.960295	0	0	0
1344.15	.03851403	.961486	0	0	0
1343.15	.0373299	.9626701	0	0	0
1342.15	.03615256	.9638474	0	0	0
1341.15	.03498197	.965018	0	0	0
1340.15	.0338181	.9661819	0	0	0
1339.15	.0326609	.9673391	0	0	0
1338.15	.03151034	.9684897	0	0	0
1337.15	.03036638	.9696336	0	0	0
1336.15	.02922897	.970771	0	0	0
1335.15	.02809808	.9719019	0	0	0
1334.15	.02697367	.9730263	0	0	0
1333.15	.0258557	.9741443	0	0	0
1332.15	.02474414	.9752559	0	0	0
1331.15	.02363895	.9763611	0	0	0
1330.15	.02254009	.9774599	0	0	0
1329.15	.02144753	.9785525	0	0	0
1328.15	.02036122	.9796388	0	0	0
1327.15	.01928114	.9807189	0	0	0
1326.15	.01820725	.9817927	0	0	0
1325.15	.01713951	.9828605	0	0	0
1324.15	.01607789	.9839221	0	0	0
1324.064	.01598725	.9840127	0	0	0
1324.064	.01598725	.9840127	0	0	0
1324.064	.01598725	.9840127	0	0	0
1323.15	.0108741	.9822617	.00686421	0	0
1322.15	.005263646	.9803678	.01436856	0	0
1321.215	0	.9786169	.02138311	0	0
1321.215	0	.9786169	.02138311	0	0
1321.15	0	.9785348	.02146515	0	0
1320.15	0	.9772725	.02272751	0	0
1319.15	0	.9760122	.02398785	0	0
1318.15	0	.9747538	.02524615	0	0
1317.15	0	.9734976	.02650243	0	0
1316.15	0	.9722433	.02775668	0	0
1315.15	0	.9709911	.0290089	0	0
1314.15	0	.9697409	.03025909	0	0
1313.15	0	.9684928	.03150725	0	0
1312.15	0	.9672466	.03275338	0	0
1311.15	0	.9660025	.03399747	0	0
1310.15	0	.9647605	.03523953	0	0
1309.15	0	.9635204	.03647956	0	0
1308.15	0	.9622825	.03771755	0	0
1307.15	0	.9610465	.03895351	0	0
1306.15	0	.9598126	.04018743	0	0
1305.15	0	.9585807	.04141932	0	0
1304.15	0	.9573508	.04264916	0	0
1303.15	0	.956123	.04387697	0	0
1302.15	0	.9548973	.04510274	0	0
1301.471	0	.9540657	.04593427	0	0
1301.471	0	.9540657	.04593427	0	0
1301.471	0	.9540657	.04593427	0	0
1301.15	0	.9535078	.04630021	1.92017E-04	0
1300.15	0	.9517711	.04743924	7.897054E-04	0
1299.15	0	.9500392	.04857505	.001385738	0
1298.15	0	.9483122	.04970765	.001980122	0
1297.15	0	.9465901	.05083705	.002572862	0
1296.15	0	.9448728	.05196325	.003163966	0
1295.15	0	.9431603	.05308627	.003753441	0
1294.15	0	.9414526	.0542061	.004341292	0
1293.15	0	.9397497	.05532276	.004927525	0
1292.15	0	.9380516	.05643625	.005512148	0
1291.15	0	.9363583	.05754658	.006095166	0
1290.15	0	.9346697	.05865376	.006676586	0
1289.15	0	.9329858	.05975779	.007256413	0
1288.15	0	.9313067	.06085867	.007834654	0
1287.15	0	.9296323	.06195642	.008411316	0
1286.15	0	.9279626	.06305105	.008986403	0
1285.15	0	.9262975	.06414255	.009559923	0
1284.15	0	.9246372	.06523094	.01013188	0
1283.15	0	.9229815	.06631621	.01070228	0
1282.15	0	.9213305	.06739839	.01127114	0
1281.15	0	.9196841	.06847747	.01183844	0
1280.15	0	.9180423	.06955345	.01240422	0
1279.15	0	.9164052	.07062636	.01296845	0
1278.15	0	.9147726	.07169618	.01353117	0
1277.15	0	.9131447	.07276293	.01409236	0
1276.15	0	.9115214	.07382661	.01465204	0
1275.15	0	.9099026	.07488724	.01521021	0
1274.15	0	.9082883	.0759448	.01576687	0
1273.15	0	.9066786	.07699932	.01632204	0
1272.15	0	.9050735	.0780508	.01687571	0
1271.15	0	.9034729	.07909923	.01742791	0
1270.15	0	.9018768	.08014464	.01797861	0
1269.15	0	.9002851	.08118701	.01852785	0
1268.15	0	.898698	.08222637	.01907561	0
1267.15	0	.8971154	.08326271	.01962191	0
1266.15	0	.8955372	.08429603	.02016675	0
1265.15	0	.8939635	.08532636	.02071014	0
1264.15	0	.8923942	.08635368	.02125208	0
1263.15	0	.8908294	.08737801	.02179258	0
1262.15	0	.889269	.08839934	.02233165	0
1261.15	0	.887713	.08941769	.02286927	0
1260.15	0	.8861615	.09043307	.02340548	0
1259.15	0	.8846143	.09144546	.02394026	0
1258.15	0	.8830715	.09245489	.02447363	0
1257.15	0	.8815331	.09346135	.02500558	0
1256.15	0	.879999	.09446486	.02553613	0
1255.15	0	.8784693	.0954654	.02606528	0
1254.15	0	.876944	.096463	.02659304	0
1253.15	0	.8754229	.09745765	.0271194	0
1252.15	0	.8739063	.09844936	.02764438	0
1251.15	0	.8723939	.09943813	.02816798	0
1250.15	0	.8708858	.100424	.0286902	0
1249.15	0	.8693821	.1014069	.02921106	0
1248.15	0	.8678826	.1023869	.02973055	0
1247.15	0	.8663874	.1033639	.03024868	0
1246.15	0	.8648965	.1043381	.03076545	0
1245.15	0	.8634098	.1053093	.03128087	0
1244.15	0	.8619274	.1062777	.03179495	0
1243.15	0	.8604492	.1072431	.03230769	0
1242.15	0	.8589753	.1082057	.03281909	0
1241.15	0	.8575055	.1091653	.03332916	0
1240.15	0	.8560401	.110122	.0338379	0
1239.15	0	.8545788	.1110759	.03434533	0
1238.15	0	.8531217	.1120269	.03485143	0
1237.15	0	.8516688	.112975	.03535622	0
1236.15	0	.8502201	.1139203	.03585971	0
1235.15	0	.8487755	.1148626	.03636189	0
1234.15	0	.8473351	.1158021	.03686278	0
1233.15	0	.8458989	.1167387	.03736236	0
1232.15	0	.8444668	.1176725	.03786067	0
1231.15	0	.8430389	.1186034	.03835768	0
1230.15	0	.8416151	.1195315	.03885342	0
1229.15	0	.8401954	.1204567	.03934788	0
1228.15	0	.8387799	.1213791	.03984106	0
1227.15	0	.8373684	.1222986	.04033298	0
1226.15	0	.8359611	.1232153	.04082364	0
1225.15	0	.8345578	.1241292	.04131304	0
1224.15	0	.8331586	.1250402	.04180119	0
1223.15	0	.8317636	.1259484	.04228809	0
1222.15	0	.8303725	.1268537	.04277374	0
1221.15	0	.8289856	.1277563	.04325815	0
1220.15	0	.8276027	.128656	.04374132	0
1219.15	0	.8262238	.1295529	.04422326	0
1218.15	0	.824849	.130447	.04470397	0
1217.15	0	.8234783	.1313383	.04518346	0
1216.15	0	.8221115	.1322267	.04566173	0
1215.15	0	.8207488	.1331124	.04613879	0
1214.15	0	.8193901	.1339953	.04661463	0
1213.15	0	.8180354	.1348753	.04708926	0
1212.15	0	.8166847	.1357526	.04756269	0
1211.15	0	.815338	.1366271	.04803492	0
1210.15	0	.8139953	.1374987	.04850595	0
1209.15	0	.8126566	.1383676	.0489758	0
1208.15	0	.8113218	.1392337	.04944445	0
1207.15	0	.8099911	.140097	.04991193	0
1206.15	0	.8086642	.1409575	.05037822	0
1205.15	0	.8073414	.1418153	.05084333	0
1204.15	0	.8060225	.1426703	.05130728	0
1203.15	0	.8047075	.1435225	.05177006	0
1202.15	0	.8033965	.1443719	.05223167	0
1201.15	0	.8020894	.1452185	.05269212	0
1200.15	0	.8007862	.1460624	.05315142	0
1199.15	0	.7994869	.1469035	.05360956	0
1198.15	0	.7981916	.1477419	.05406655	0
1197.15	0	.7969002	.1485774	.0545224	0
1196.15	0	.7956127	.1494102	.05497711	0
1195.15	0	.794329	.1502403	.05543067	0
1194.15	0	.7930493	.1510676	.05588311	0
1193.15	0	.7917735	.1518921	.05633441	0
1192.15	0	.7905015	.1527139	.05678459	0
1191.15	0	.7892334	.1535329	.05723364	0
1190.15	0	.7879692	.1543492	.05768157	0
1189.15	0	.7867089	.1551627	.05812839	0
1188.15	0	.7854524	.1559735	.05857409	0
1187.15	0	.7841998	.1567815	.05901869	0
1186.15	0	.782951	.1575868	.05946218	0
1185.15	0	.7817061	.1583893	.05990456	0
1184.15	0	.780465	.1591891	.06034585	0
1183.15	0	.7792278	.1599862	.06078605	0
1182.15	0	.7779944	.1607804	.06122515	0
1181.15	0	.7767648	.161572	.06166316	0
1180.15	0	.7755391	.1623608	.06210008	0
1179.15	0	.7743172	.1631469	.06253593	0
1178.15	0	.7730991	.1639303	.0629707	0
1177.15	0	.7718848	.1647109	.06340439	0
1176.15	0	.7706743	.1654887	.06383701	0
1175.15	0	.7694676	.1662639	.06426856	0
1174.15	0	.7682647	.1670363	.06469904	0
1173.15	0	.7670656	.1678059	.06512846	0
1172.15	0	.7658703	.1685729	.06555682	0
1171.15	0	.7646788	.1693371	.06598413	0
1170.15	0	.7634911	.1700985	.06641039	0
1169.15	0	.7623071	.1708573	.06683559	0
1168.15	0	.761127	.1716133	.06725975	0
1167.15	0	.7599506	.1723665	.06768287	0
1166.15	0	.758778	.1731171	.06810494	0
1165.15	0	.7576091	.1738649	.06852598	0
1164.15	0	.756444	.17461	.06894598	0
1163.15	0	.7552827	.1753523	.06936496	0
1162.15	0	.7541251	.176092	.0697829	0
1161.15	0	.7529713	.1768289	.07019982	0
1160.15	0	.7518213	.177563	.07061572	0
1159.15	0	.750675	.1782945	.0710306	0
1158.15	0	.7495324	.1790232	.07144446	0
1157.15	0	.7483936	.1797491	.07185731	0
1156.15	0	.7472585	.1804724	.07226914	0
1155.15	0	.7461271	.1811929	.07267997	0
1154.15	0	.7449995	.1819107	.07308982	0
1153.15	0	.7438756	.1826258	.07349864	0
1152.15	0	.7427554	.1833381	.07390646	0
1151.15	0	.741639	.1840477	.07431329	0
1150.15	0	.7405263	.1847546	.07471912	0
1149.15	0	.7394173	.1854587	.07512397	0
1148.15	0	.7383121	.1861601	.07552782	0
1147.15	0	.7372105	.1868588	.07593069	0
1146.15	0	.7361127	.1875547	.07633258	0
1145.15	0	.7350186	.1882479	.07673349	0
1144.15	0	.7339282	.1889384	.07713342	0
1143.15	0	.7328415	.1896261	.07753237	0
1142.15	0	.7317585	.1903111	.07793036	0
1141.15	0	.7306792	.1909934	.07832737	0
1140.15	0	.7296037	.1916729	.07872342	0
1139.15	0	.7285318	.1923497	.0791185	0
1138.15	0	.7274636	.1930238	.07951262	0
1137.15	0	.7263992	.1936951	.07990578	0
1136.15	0	.7253384	.1943636	.08029799	0
1135.15	0	.7242813	.1950294	.08068924	0
1134.15	0	.723228	.1956925	.08107953	0
1133.15	0	.7221783	.1963528	.08146888	0
1132.15	0	.7211323	.1970104	.08185728	0
1131.15	0	.72009	.1976653	.08224474	0
1130.15	0	.7190514	.1983174	.08263126	0
1129.15	0	.7180165	.1989667	.08301683	0
1128.15	0	.7169853	.1996133	.08340147	0
1127.15	0	.7159577	.2002571	.08378517	0
1126.15	0	.7149339	.2008982	.08416794	0
1125.15	0	.7139137	.2015365	.08454978	0
1124.15	0	.7128973	.2021721	.08493069	0
1123.15	0	.7118845	.2028049	.08531067	0
1122.15	0	.7108754	.2034349	.08568973	0
1121.15	0	.70987	.2040622	.08606787	0
1120.15	0	.7088682	.2046867	.08644509	0
1119.15	0	.7078702	.2053084	.08682139	0
1118.15	0	.7068758	.2059274	.08719678	0
1117.15	0	.7058852	.2065436	.08757125	0
1116.15	0	.7048982	.207157	.08794482	0
1115.15	0	.7039149	.2077677	.08831747	0
1114.15	0	.7029353	.2083755	.08868922	0
1113.15	0	.7019593	.2089806	.08906006	0
1112.15	0	.7009871	.2095829	.08943	0
1111.15	0	.7000185	.2101825	.08979904	0
1110.15	0	.6990536	.2107792	.09016717	0
1109.15	0	.6980924	.2113732	.09053442	0
1108.15	0	.6971349	.2119643	.09090077	0
1107.15	0	.6961811	.2125527	.09126622	0
1106.15	0	.695231	.2131382	.09163078	0
1105.15	0	.6942845	.213721	.09199446	0
1104.15	0	.6933418	.214301	.09235724	0
1103.15	0	.6924027	.2148781	.09271914	0
1102.15	0	.6914674	.2154525	.09308016	0
1101.15	0	.6905357	.216024	.0934403	0
1100.15	0	.6896077	.2165928	.09379955	0
1099.15	0	.6886834	.2171587	.09415793	0
1098.15	0	.6877628	.2177218	.09451543	0
1097.15	0	.6868459	.218282	.09487205	0
1096.15	0	.6859327	.2188395	.09522781	0
1095.15	0	.6850232	.2193941	.09558269	0
1094.15	0	.6841174	.2199459	.0959367	0
1093.15	0	.6832153	.2204949	.09628984	0
1092.15	0	.6823169	.221041	.09664211	0
1091.15	0	.6814222	.2215843	.09699352	0
1090.15	0	.6805312	.2221247	.09734407	0
1089.15	0	.679644	.2226623	.09769375	0
1088.15	0	.6787604	.223197	.09804257	0
1087.15	0	.6778806	.2237289	.09839054	0
1086.15	0	.6770044	.2242579	.09873764	0
1085.15	0	.676132	.2247841	.09908389	0
1084.15	0	.6752633	.2253074	.09942929	0
1083.15	0	.6743983	.2258278	.09977383	0
1082.15	0	.6735371	.2263454	.1001175	0
1081.15	0	.6726796	.2268601	.1004604	0
1080.15	0	.6718257	.2273719	.1008023	0
1079.15	0	.6709757	.2278808	.1011435	0
1078.15	0	.6701293	.2283869	.1014838	0
1077.15	0	.6692867	.22889	.1018232	0
1076.15	0	.6684479	.2293903	.1021618	0
1075.15	0	.6676127	.2298877	.1024996	0
1074.15	0	.6667814	.2303821	.1028365	0
1073.15	0	.6659537	.2308737	.1031726	0
1072.15	0	.6651299	.2313623	.1035078	0
1071.15	0	.6643097	.2318481	.1038422	0
1070.15	0	.6634933	.2323309	.1041758	0
1069.15	0	.6626807	.2328108	.1045085	0
1068.15	0	.6618719	.2332878	.1048404	0
1067.15	0	.6610668	.2337618	.1051714	0
1066.15	0	.6602654	.2342329	.1055017	0
1065.15	0	.6594679	.2347011	.105831	0
1064.15	0	.6586741	.2351663	.1061596	0
1063.15	0	.6578841	.2356286	.1064873	0
1062.15	0	.6570978	.236088	.1068142	0
1061.15	0	.6563154	.2365443	.1071403	0
1060.15	0	.6555368	.2369977	.1074655	0
1059.15	0	.6547619	.2374482	.1077899	0
1058.15	0	.6539908	.2378957	.1081135	0
1057.15	0	.6532235	.2383402	.1084363	0
1056.15	0	.6524601	.2387817	.1087582	0
1055.15	0	.6517004	.2392203	.1090793	0
1054.15	0	.6509446	.2396559	.1093996	0
1053.15	0	.6501925	.2400885	.109719	0
1052.15	0	.6494443	.240518	.1100377	0
1051.15	0	.6486999	.2409446	.1103555	0
1050.15	0	.6479593	.2413682	.1106725	0
1049.15	0	.6472226	.2417888	.1109886	0
1048.15	0	.6464897	.2422063	.111304	0
1047.15	0	.6457606	.2426209	.1116185	0
1046.15	0	.6450354	.2430324	.1119322	0
1045.15	0	.644314	.2434409	.1122451	0
1044.15	0	.6435965	.2438463	.1125572	0
1043.15	0	.6428828	.2442488	.1128684	0
1042.15	0	.642173	.2446482	.1131789	0
1041.15	0	.6414671	.2450445	.1134885	0
1040.15	0	.640765	.2454378	.1137973	0
1039.15	0	.6400668	.245828	.1141052	0
1038.15	0	.6393725	.2462152	.1144124	0
1037.15	0	.638682	.2465993	.1147187	0
1036.15	0	.6379955	.2469803	.1150242	0
1035.15	0	.6373128	.2473583	.1153289	0
1034.15	0	.636634	.2477331	.1156328	0
1033.15	0	.6359592	.2481049	.1159359	0
1032.15	0	.6352882	.2484736	.1162381	0
1031.15	0	.6346212	.2488392	.1165396	0
1030.15	0	.6339581	.2492018	.1168402	0
1029.15	0	.6332988	.2495612	.11714	0
1028.15	0	.6326436	.2499175	.117439	0
1027.15	0	.6319922	.2502707	.1177371	0
1026.15	0	.6313448	.2506208	.1180344	0
1025.15	0	.6307013	.2509677	.118331	0
1024.15	0	.6300618	.2513115	.1186267	0
1023.15	0	.6294262	.2516522	.1189215	0
1022.15	0	.6287946	.2519898	.1192156	0
1021.15	0	.6281669	.2523243	.1195088	0
1020.15	0	.6275432	.2526555	.1198012	0
1019.15	0	.6269235	.2529837	.1200928	0
1018.15	0	.6263077	.2533087	.1203836	0
1017.15	0	.625696	.2536305	.1206736	0
1016.15	0	.6250882	.2539491	.1209627	0
1015.15	0	.6244844	.2542646	.121251	0
1014.15	0	.6238846	.254577	.1215384	0
1013.15	0	.6232888	.2548861	.1218251	0
1012.15	0	.622697	.2551921	.1221109	0
1011.15	0	.6221092	.2554949	.1223959	0
1010.15	0	.6215254	.2557945	.12268	0
1009.15	0	.6209457	.2560909	.1229634	0
1008.15	0	.62037	.2563842	.1232459	0
1007.15	0	.6197983	.2566742	.1235275	0
1006.15	0	.6192306	.256961	.1238084	0
1005.15	0	.618667	.2572447	.1240884	0
1004.15	0	.6181074	.2575251	.1243675	0
1003.15	0	.6175519	.2578023	.1246458	0
1002.15	0	.6170004	.2580763	.1249233	0
1001.15	0	.616453	.258347	.1252	0
1000.15	0	.6159097	.2586146	.1254758	0
999.15	0	.6153704	.2588789	.1257507	0
998.15	0	.6148352	.25914	.1260248	0
997.15	0	.614304	.2593979	.1262981	0
996.15	0	.613777	.2596525	.1265705	0
995.15	0	.613254	.2599039	.1268421	0
994.15	0	.6127351	.2601521	.1271128	0
993.15	0	.6122203	.260397	.1273827	0
992.15	0	.6117096	.2606387	.1276517	0
991.15	0	.6112031	.2608772	.1279198	0
990.15	0	.6107006	.2611123	.1281871	0
989.15	0	.6102022	.2613443	.1284535	0
988.15	0	.6097079	.261573	.1287191	0
987.15	0	.6092178	.2617984	.1289838	0
986.15	0	.6087318	.2620206	.1292476	0
985.15	0	.6082499	.2622396	.1295106	0
984.15	0	.6077721	.2624553	.1297727	0
983.15	0	.6072985	.2626677	.1300339	0
982.15	0	.606829	.2628769	.1302942	0
981.15	0	.6063636	.2630828	.1305536	0
980.15	0	.6059024	.2632855	.1308122	0
979.15	0	.6054453	.2634849	.1310699	0
978.15	0	.6049923	.263681	.1313267	0
977.15	0	.6045435	.2638739	.1315826	0
976.15	0	.6040989	.2640636	.1318376	0
975.15	0	.6036584	.26425	.1320917	0
974.15	0	.603222	.2644331	.1323449	0
973.15	0	.6027898	.264613	.1325972	0
972.15	0	.6023618	.2647897	.1328486	0
971.15	0	.6019379	.2649631	.1330991	0
970.15	0	.6015181	.2651332	.1333486	0
969.15	0	.6011026	.2653002	.1335973	0
968.15	0	.6006912	.2654638	.133845	0
967.15	0	.6002839	.2656243	.1340918	0
966.15	0	.5998808	.2657815	.1343377	0
965.15	0	.5994818	.2659355	.1345826	0
964.15	0	.5990871	.2660863	.1348266	0
963.15	0	.5986964	.2662339	.1350697	0
962.15	0	.59831	.2663782	.1353118	0
961.15	0	.5979277	.2665194	.135553	0
960.15	0	.5975495	.2666573	.1357932	0
959.15	0	.5971755	.2667921	.1360324	0
958.15	0	.5968056	.2669237	.1362707	0
957.15	0	.5964399	.2670521	.136508	0
956.15	0	.5960783	.2671773	.1367444	0
955.15	0	.5957209	.2672993	.1369798	0
954.15	0	.5953676	.2674183	.1372142	0
953.15	0	.5950184	.267534	.1374476	0
952.15	0	.5946734	.2676466	.13768	0
951.15	0	.5943325	.2677561	.1379114	0
950.15	0	.5939957	.2678625	.1381418	0
949.15	0	.593663	.2679658	.1383712	0
948.15	0	.5933344	.268066	.1385996	0
947.15	0	.5930099	.2681631	.138827	0
946.15	0	.5926895	.2682572	.1390533	0
945.15	0	.5923732	.2683482	.1392786	0
944.15	0	.592061	.2684361	.1395029	0
943.15	0	.5917528	.2685211	.1397261	0
942.15	0	.5914487	.268603	.1399483	0
941.15	0	.5911487	.2686819	.1401694	0
940.15	0	.5908527	.2687579	.1403895	0
939.15	0	.5905607	.2688309	.1406084	0
938.15	0	.5902727	.2689009	.1408264	0
937.15	0	.5899888	.2689681	.1410432	0
936.15	0	.5897088	.2690323	.1412589	0
935.15	0	.5894328	.2690937	.1414736	0
934.15	0	.5891608	.2691521	.1416871	0
933.15	0	.5888927	.2692078	.1418995	0
932.15	0	.5886286	.2692607	.1421108	0
931.15	0	.5883684	.2693107	.1423209	0
930.15	0	.588112	.269358	.14253	0
929.15	0	.5878596	.2694025	.1427378	0
928.15	0	.5876111	.2694444	.1429446	0
927.15	0	.5873664	.2694835	.1431501	0
926.15	0	.5871255	.26952	.1433545	0
925.15	0	.5868885	.2695539	.1435577	0
924.15	0	.5866552	.2695851	.1437597	0
923.15	0	.5864257	.2696138	.1439605	0
922.15	0	.5861999	.26964	.1441601	0
921.15	0	.5859779	.2696636	.1443585	0
920.15	0	.5857595	.2696848	.1445556	0
919.15	0	.5855448	.2697036	.1447516	0
918.15	0	.5853338	.26972	.1449462	0
917.15	0	.5851264	.269734	.1451396	0
916.15	0	.5849225	.2697457	.1453317	0
915.15	0	.5847222	.2697552	.1455226	0
914.15	0	.5845255	.2697624	.1457121	0
913.15	0	.5843322	.2697674	.1459004	0
912.15	0	.5841424	.2697704	.1460873	0
911.15	0	.583956	.2697712	.1462729	0
910.15	0	.583773	.2697699	.1464571	0
909.15	0	.5835933	.2697667	.14664	0
908.15	0	.5834169	.2697615	.1468215	0
907.15	0	.5832439	.2697545	.1470017	0
906.15	0	.583074	.2697456	.1471804	0
905.15	0	.5829073	.2697349	.1473578	0
904.15	0	.5827438	.2697225	.1475337	0
903.15	0	.5825834	.2697085	.1477082	0
902.15	0	.582426	.2696928	.1478812	0
901.15	0	.5822716	.2696757	.1480527	0
900.15	0	.5821201	.2696571	.1482228	0
899.15	0	.5819716	.269637	.1483914	0
898.15	0	.5818259	.2696156	.1485584	0
897.15	0	.581683	.269593	.148724	0
896.15	0	.5815428	.2695692	.1488879	0
895.15	0	.5814053	.2695443	.1490503	0
894.15	0	.5812704	.2695184	.1492112	0
893.15	0	.5811381	.2694915	.1493704	0
892.15	0	.5810082	.2694638	.149528	0
891.15	0	.5808808	.2694353	.149684	0
890.15	0	.5807557	.2694061	.1498383	0
889.15	0	.5806328	.2693763	.1499909	0
888.15	0	.5805122	.269346	.1501418	0
887.15	0	.5803937	.2693154	.150291	0
886.15	0	.5802772	.2692844	.1504384	0
885.15	0	.5801627	.2692532	.1505841	0
884.15	0	.5800501	.269222	.150728	0
883.15	0	.5799393	.2691907	.15087	0
882.15	0	.5798301	.2691596	.1510102	0
881.15	0	.5797226	.2691288	.1511486	0
880.15	0	.5796166	.2690983	.151285	0
879.15	0	.579512	.2690684	.1514196	0
878.15	0	.5794088	.2690391	.1515522	0
877.15	0	.5793067	.2690105	.1516828	0
876.15	0	.5792057	.2689829	.1518114	0
875.15	0	.5791058	.2689563	.1519379	0
874.15	0	.5790067	.2689309	.1520624	0
873.15	0	.5789083	.2689069	.1521848	0
872.15	0	.5788106	.2688844	.1523051	0
871.15	0	.5787133	.2688636	.1524231	0
870.15	0	.5786164	.2688446	.152539	0
869.15	0	.5785198	.2688276	.1526526	0
868.15	0	.5784232	.2688129	.1527639	0
867.15	0	.5783265	.2688005	.1528729	0
866.15	0	.5782297	.2687908	.1529795	0
865.15	0	.5781324	.2687839	.1530837	0
864.15	0	.5780346	.26878	.1531855	0
863.15	0	.577936	.2687793	.1532847	0
862.15	0	.5778365	.2687821	.1533814	0
861.15	0	.5777359	.2687887	.1534754	0
860.15	0	.577634	.2687992	.1535668	0
859.15	0	.5775307	.2688139	.1536554	0
858.15	0	.5774255	.2688332	.1537413	0
857.15	0	.5773185	.2688573	.1538243	0
856.15	0	.5772092	.2688865	.1539043	0
855.15	0	.5770975	.2689211	.1539814	0
854.15	0	.5769831	.2689614	.1540554	0
853.15	0	.5768658	.2690079	.1541263	0
852.15	0	.5767452	.2690609	.1541939	0
851.15	0	.576621	.2691207	.1542582	0
850.15	0	.576493	.2691878	.1543192	0
849.15	0	.5763608	.2692627	.1543766	0
848.15	0	.576224	.2693457	.1544303	0
847.15	0	.5760822	.2694374	.1544804	0
846.15	0	.5759351	.2695383	.1545266	0
845.15	0	.5757822	.2696489	.1545689	0
844.15	0	.5756231	.2697699	.154607	0
843.15	0	.5754573	.2699018	.1546409	0
842.15	0	.5752842	.2700454	.1546704	0
841.15	0	.5751033	.2702014	.1546953	0
840.15	0	.574914	.2703706	.1547154	0
839.15	0	.5747156	.2705538	.1547306	0
838.15	0	.5745075	.2707519	.1547406	0
837.15	0	.5742888	.270966	.1547452	0
836.15	0	.5740587	.2711972	.1547441	0
835.15	0	.5737246	.2715596	.1547158	0
834.15	0	.5730179	.272386	.1545961	0
833.15	0	.5723704	.2731453	.1544843	0
832.15	0	.5717766	.2738438	.1543795	0
831.15	0	.5712319	.274487	.1542811	0
830.15	0	.5707319	.2750798	.1541883	0
829.15	0	.570273	.2756263	.1541007	0
828.15	0	.5698519	.2761305	.1540176	0
827.15	0	.5694657	.2765956	.1539387	0
826.15	0	.5691116	.2770247	.1538637	0
825.15	0	.5687874	.2774205	.1537921	0
824.15	0	.5684908	.2777855	.1537237	0
823.15	0	.56822	.2781219	.1536582	0
822.15	0	.567973	.2784317	.1535953	0
821.15	0	.5677482	.2787169	.1535349	0
820.15	0	.5675442	.278979	.1534768	0
819.15	0	.5673595	.2792197	.1534208	0
818.15	0	.5671929	.2794404	.1533667	0
817.15	0	.5670431	.2796424	.1533144	0
816.15	0	.5669092	.279827	.1532638	0
815.15	0	.56679	.2799953	.1532147	0
814.15	0	.5666846	.2801484	.153167	0
813.15	0	.5665922	.2802871	.1531207	0
812.15	0	.5665119	.2804125	.1530756	0
811.15	0	.566443	.2805254	.1530317	0
810.15	0	.5663847	.2806265	.1529888	0
809.15	0	.5663364	.2807167	.1529469	0
808.15	0	.5662974	.2807966	.152906	0
807.15	0	.5662673	.2808668	.1528659	0
806.15	0	.5662453	.280928	.1528267	0
805.15	0	.5662311	.2809807	.1527882	0
804.15	0	.5662241	.2810254	.1527505	0
803.15	0	.5662239	.2810628	.1527134	0
802.15	0	.56623	.2810931	.1526769	0
801.15	0	.5662421	.2811169	.152641	0
800.15	0	.5662597	.2811346	.1526057	0
799.15	0	.5662826	.2811466	.1525708	0
798.15	0	.5663103	.2811532	.1525365	0
797.15	0	.5663425	.2811549	.1525026	0
796.15	0	.5663791	.2811518	.1524691	0
795.15	0	.5664196	.2811444	.1524361	0
794.15	0	.5664638	.2811329	.1524034	0
793.15	0	.5665114	.2811176	.152371	0
792.15	0	.5665623	.2810988	.152339	0
791.15	0	.5666162	.2810766	.1523072	0
790.15	0	.5666728	.2810514	.1522758	0
789.15	0	.5667321	.2810234	.1522446	0
788.15	0	.5667937	.2809927	.1522137	0
787.15	0	.5668575	.2809595	.152183	0
786.15	0	.5669234	.2809242	.1521525	0
785.15	0	.5669911	.2808867	.1521222	0
784.15	0	.5670606	.2808473	.1520921	0
783.15	0	.5671317	.2808062	.1520622	0
782.15	0	.5672042	.2807634	.1520324	0
781.15	0	.567278	.2807192	.1520028	0
780.15	0	.567353	.2806736	.1519733	0
779.15	0	.5674292	.2806269	.151944	0
778.15	0	.5675062	.280579	.1519148	0
777.15	0	.5675842	.2805301	.1518857	0
776.15	0	.5676629	.2804804	.1518567	0
775.15	0	.5677423	.2804299	.1518278	0
774.15	0	.5678223	.2803788	.1517989	0
773.15	0	.5679029	.280327	.1517702	0
772.15	0	.5679838	.2802747	.1517415	0
771.15	0	.5680651	.280222	.1517129	0
770.15	0	.5681467	.280169	.1516843	0
769.15	0	.5682285	.2801157	.1516558	0
768.15	0	.5683105	.2800622	.1516274	0
767.15	0	.5683926	.2800085	.1515989	0
766.15	0	.5684747	.2799548	.1515706	0
765.15	0	.5685568	.279901	.1515422	0
764.15	0	.5686389	.2798472	.1515139	0
763.15	0	.5687208	.2797936	.1514856	0
762.15	0	.5688026	.2797401	.1514573	0
761.15	0	.5688843	.2796867	.151429	0
760.15	0	.5689657	.2796336	.1514007	0
759.15	0	.5690468	.2795807	.1513725	0
758.15	0	.5691276	.2795282	.1513442	0
757.15	0	.5692081	.2794759	.151316	0
756.15	0	.5692882	.2794241	.1512877	0
755.15	0	.569368	.2793726	.1512594	0
754.15	0	.5694473	.2793216	.1512311	0
753.15	0	.5695262	.279271	.1512028	0
752.15	0	.5696046	.2792209	.1511745	0
751.15	0	.5696825	.2791713	.1511462	0
750.15	0	.5697599	.2791223	.1511178	0
749.15	0	.5698368	.2790738	.1510895	0
748.15	0	.5699158	.2790238	.1510604	0
747.15	0	.5699913	.2789767	.151032	0
746.15	0	.5700663	.2789301	.1510036	0
745.15	0	.5701407	.2788842	.1509752	0
744.15	0	.5702144	.2788389	.1509467	0
743.15	0	.5702876	.2787942	.1509182	0
742.15	0	.5703601	.2787502	.1508896	0
741.15	0	.570432	.2787069	.1508611	0
740.15	0	.5705033	.2786643	.1508324	0
739.15	0	.5705739	.2786223	.1508038	0
738.15	0	.5706438	.2785811	.1507751	0
737.15	0	.5707131	.2785406	.1507463	0
736.15	0	.5707816	.2785008	.1507175	0
735.15	0	.5708495	.2784618	.1506887	0
734.15	0	.5709167	.2784235	.1506598	0
733.15	0	.5709832	.2783859	.1506309	0
732.15	0	.5710489	.2783491	.1506019	0
731.15	0	.571114	.2783131	.1505729	0
730.15	0	.5711784	.2782778	.1505438	0
729.15	0	.571242	.2782433	.1505147	0
728.15	0	.5713049	.2782095	.1504856	0
727.15	0	.5713671	.2781765	.1504563	0
726.15	0	.5714286	.2781443	.1504271	0
725.15	0	.5714894	.2781129	.1503978	0
724.15	0	.5715494	.2780822	.1503684	0
723.15	0	.5716087	.2780524	.150339	0
722.15	0	.5716672	.2780232	.1503095	0
721.15	0	.5717251	.2779949	.15028	0
720.15	0	.5717822	.2779674	.1502504	0
719.15	0	.5718386	.2779406	.1502208	0
718.15	0	.5718943	.2779146	.1501911	0
717.15	0	.5719492	.2778894	.1501614	0
716.15	0	.5720034	.277865	.1501316	0
715.15	0	.5720569	.2778413	.1501018	0
714.15	0	.5721097	.2778185	.1500719	0
713.15	0	.5721617	.2777963	.1500419	0
712.15	0	.5722131	.277775	.1500119	0
711.15	0	.5722637	.2777544	.1499819	0
710.15	0	.5723136	.2777346	.1499518	0
709.15	0	.5723628	.2777155	.1499216	0
708.15	0	.5724113	.2776972	.1498915	0
707.15	0	.5724591	.2776797	.1498612	0
706.15	0	.5725062	.2776629	.1498309	0
705.15	0	.5725526	.2776468	.1498005	0
704.15	0	.5725984	.2776315	.1497701	0
703.15	0	.5726434	.277617	.1497397	0
702.15	0	.5726877	.2776031	.1497092	0
701.15	0	.5727314	.27759	.1496786	0
700.15	0	.5727744	.2775776	.149648	0
699.15	0	.5728167	.277566	.1496173	0
698.15	0	.5728584	.2775551	.1495866	0
697.15	0	.5728993	.2775448	.1495558	0
696.15	0	.5729397	.2775353	.149525	0
695.15	0	.5729793	.2775265	.1494942	0
694.15	0	.5730184	.2775184	.1494633	0
693.15	0	.5730567	.277511	.1494323	0
692.15	0	.5730945	.2775043	.1494013	0
691.15	0	.5731315	.2774982	.1493702	0
690.15	0	.573168	.2774929	.1493391	0
689.15	0	.5732038	.2774882	.149308	0
688.15	0	.573239	.2774842	.1492768	0
687.15	0	.5732736	.2774808	.1492456	0
686.15	0	.5733076	.2774781	.1492143	0
685.15	0	.573341	.2774761	.1491829	0
684.15	0	.5733737	.2774747	.1491515	0
683.15	0	.5734059	.277474	.1491201	0
682.15	0	.5734375	.2774739	.1490887	0
681.15	0	.5734684	.2774744	.1490571	0
680.15	0	.5734988	.2774756	.1490256	0
679.15	0	.5735286	.2774774	.148994	0
678.15	0	.5735579	.2774798	.1489623	0
677.15	0	.5735865	.2774828	.1489307	0
676.15	0	.5736146	.2774864	.148899	0
675.15	0	.5736421	.2774907	.1488672	0
674.15	0	.5736691	.2774955	.1488354	0
673.15	0	.5736955	.2775009	.1488035	0
672.15	0	.5737214	.2775069	.1487717	0
671.15	0	.5737468	.2775135	.1487397	0
670.15	0	.5737716	.2775207	.1487078	0
669.15	0	.5737958	.2775284	.1486758	0
668.15	0	.5738196	.2775367	.1486438	0
667.15	0	.5738428	.2775455	.1486117	0
666.15	0	.5738655	.277555	.1485796	0
665.15	0	.5738877	.2775649	.1485474	0
664.15	0	.5739093	.2775754	.1485153	0
663.15	0	.5739305	.2775864	.1484831	0
662.15	0	.5739512	.277598	.1484508	0
661.15	0	.5739714	.2776101	.1484185	0
660.15	0	.573991	.2776227	.1483862	0
659.15	0	.5740103	.2776359	.1483539	0
658.15	0	.574029	.2776495	.1483215	0
657.15	0	.5740472	.2776637	.1482891	0
656.15	0	.574065	.2776784	.1482567	0
655.15	0	.5740823	.2776935	.1482242	0
654.15	0	.5740991	.2777092	.1481917	0
653.15	0	.5741155	.2777253	.1481592	0
652.15	0	.5741315	.2777419	.1481266	0
651.15	0	.5741469	.277759	.1480941	0
650.15	0	.574162	.2777766	.1480615	0
649.15	0	.5741766	.2777946	.1480288	0
648.15	0	.5741907	.2778131	.1479962	0
647.15	0	.5742045	.277832	.1479635	0
646.15	0	.5742178	.2778514	.1479308	0
645.15	0	.5742307	.2778713	.1478981	0
644.15	0	.5742431	.2778915	.1478654	0
643.15	0	.5742552	.2779123	.1478326	0
642.15	0	.5742668	.2779334	.1477998	0
641.15	0	.574278	.277955	.147767	0
640.15	0	.5742889	.277977	.1477342	0
639.15	0	.5742993	.2779994	.1477013	0
638.15	0	.5743093	.2780222	.1476684	0
637.15	0	.574319	.2780455	.1476356	0
636.15	0	.5743283	.2780691	.1476027	0
635.15	0	.5743372	.2780931	.1475697	0
634.15	0	.5743457	.2781175	.1475368	0
633.15	0	.5743538	.2781424	.1475038	0
632.15	0	.5743615	.2781676	.1474709	0
631.15	0	.574369	.2781932	.1474379	0
630.15	0	.574376	.2782191	.1474049	0
629.15	0	.5743827	.2782454	.1473719	0
628.15	0	.574389	.2782721	.1473389	0
627.15	0	.574395	.2782992	.1473059	0
626.15	0	.5744006	.2783266	.1472728	0
625.15	0	.5744059	.2783544	.1472398	0
624.15	0	.5744108	.2783825	.1472067	0
623.15	0	.5744154	.2784109	.1471736	0
622.15	0	.5744197	.2784397	.1471406	0
621.15	0	.5744237	.2784689	.1471075	0
620.15	0	.5744273	.2784983	.1470744	0
619.15	0	.5744306	.2785281	.1470413	0
618.15	0	.5744336	.2785582	.1470082	0
617.15	0	.5744363	.2785887	.1469751	0
616.15	0	.5744386	.2786194	.146942	0
615.15	0	.5744407	.2786505	.1469089	0
614.15	0	.5744424	.2786818	.1468757	0
613.15	0	.5744439	.2787135	.1468426	0
612.15	0	.574445	.2787455	.1468095	0
611.15	0	.5744459	.2787777	.1467764	0
610.15	0	.5744465	.2788103	.1467433	0
609.15	0	.5744468	.2788431	.1467102	0
608.15	0	.5744468	.2788762	.146677	0
607.15	0	.5744465	.2789096	.1466439	0
606.15	0	.5744459	.2789433	.1466108	0
605.15	0	.5744451	.2789772	.1465777	0
604.15	0	.574444	.2790114	.1465446	0
603.15	0	.5744426	.2790459	.1465115	0
602.15	0	.574441	.2790806	.1464784	0
601.15	0	.5744391	.2791156	.1464453	0
600.15	0	.574437	.2791508	.1464122	0
599.15	0	.5744346	.2791863	.1463792	0
598.15	0	.5744319	.279222	.1463461	0
597.15	0	.574429	.2792579	.1463131	0
596.15	0	.5744258	.2792941	.14628	0
595.15	0	.5744224	.2793306	.146247	0
594.15	0	.5744188	.2793672	.146214	0
593.15	0	.5744149	.2794041	.146181	0
592.15	0	.5744108	.2794412	.146148	0
591.15	0	.5744065	.2794785	.146115	0
590.15	0	.5744019	.2795161	.146082	0
589.15	0	.5743971	.2795538	.1460491	0
588.15	0	.5743921	.2795918	.1460161	0
587.15	0	.5743869	.2796299	.1459832	0
586.15	0	.5743814	.2796683	.1459503	0
585.15	0	.5743757	.2797069	.1459174	0
584.15	0	.5743698	.2797456	.1458846	0
583.15	0	.5743637	.2797845	.1458517	0
582.15	0	.5743574	.2798237	.1458189	0
581.15	0	.5743509	.279863	.1457861	0
580.15	0	.5743442	.2799025	.1457533	0
579.15	0	.5743373	.2799422	.1457205	0
578.15	0	.5743302	.279982	.1456878	0
577.15	0	.5743229	.280022	.1456551	0
576.15	0	.5743154	.2800622	.1456224	0
575.15	0	.5743078	.2801026	.1455897	0
574.15	0	.5742999	.2801431	.1455571	0
573.15	0	.5742918	.2801837	.1455244	0
572.15	0	.5742836	.2802245	.1454919	0
571.15	0	.5742752	.2802655	.1454593	0
570.15	0	.5742666	.2803066	.1454268	0
569.15	0	.5742578	.2803479	.1453943	0
568.15	0	.5742489	.2803893	.1453618	0
567.15	0	.5742398	.2804309	.1453293	0
566.15	0	.5742305	.2804726	.1452969	0
565.15	0	.5742211	.2805144	.1452645	0
564.15	0	.5742115	.2805563	.1452322	0
563.15	0	.5742017	.2805984	.1451998	0
562.15	0	.5741918	.2806406	.1451676	0
561.15	0	.5741817	.280683	.1451353	0
560.15	0	.5741715	.2807254	.1451031	0
559.15	0	.5741611	.280768	.1450709	0
558.15	0	.5741506	.2808106	.1450388	0
557.15	0	.5741399	.2808534	.1450067	0
556.15	0	.5741291	.2808963	.1449746	0
555.15	0	.5741181	.2809393	.1449426	0
554.15	0	.574107	.2809824	.1449106	0
553.15	0	.5740958	.2810256	.1448786	0
552.15	0	.5740844	.2810689	.1448467	0
551.15	0	.5740729	.2811123	.1448149	0
550.15	0	.5740612	.2811558	.144783	0
549.15	0	.5740494	.2811993	.1447513	0
548.15	0	.5740375	.281243	.1447195	0
547.15	0	.5740255	.2812867	.1446878	0
546.15	0	.5740133	.2813305	.1446562	0
545.15	0	.574001	.2813744	.1446246	0
544.15	0	.5739886	.2814184	.144593	0
543.15	0	.5739761	.2814624	.1445615	0
542.15	0	.5739635	.2815065	.14453	0
541.15	0	.5739507	.2815507	.1444986	0
540.15	0	.5739378	.2815949	.1444673	0
539.15	0	.5739248	.2816392	.1444359	0
538.15	0	.5739118	.2816836	.1444047	0
537.15	0	.5738986	.281728	.1443734	0
536.15	0	.5738852	.2817725	.1443423	0
535.15	0	.5738718	.281817	.1443112	0
534.15	0	.5738583	.2818616	.1442801	0
533.15	0	.5738447	.2819062	.1442491	0
532.15	0	.573831	.2819509	.1442182	0
531.15	0	.5738172	.2819956	.1441873	0
530.15	0	.5738033	.2820403	.1441564	0
529.15	0	.5737893	.2820851	.1441256	0
528.15	0	.5737752	.2821299	.1440949	0
527.15	0	.573761	.2821748	.1440642	0
526.15	0	.5737468	.2822196	.1440336	0
525.15	0	.5737324	.2822646	.144003	0
524.15	0	.573718	.2823095	.1439726	0
523.15	0	.5737034	.2823544	.1439421	0
522.15	0	.5736888	.2823994	.1439118	0
521.15	0	.5736741	.2824444	.1438814	0
520.15	0	.5736594	.2824894	.1438512	0
519.15	0	.5736446	.2825345	.143821	0
518.15	0	.5736296	.2825795	.1437909	0
517.15	0	.5736146	.2826245	.1437608	0
516.15	0	.5735996	.2826696	.1437308	0
515.15	0	.5735845	.2827147	.1437009	0
514.15	0	.5735693	.2827597	.143671	0
513.15	0	.573554	.2828048	.1436412	0
512.15	0	.5735386	.2828499	.1436115	0
511.15	0	.5735232	.2828949	.1435818	0
510.15	0	.5735078	.28294	.1435522	0
509.15	0	.5734923	.2829851	.1435227	0
508.15	0	.5734767	.2830301	.1434932	0
507.15	0	.573461	.2830751	.1434639	0
506.15	0	.5734453	.2831201	.1434346	0
505.15	0	.5734296	.2831651	.1434053	0
504.15	0	.5734138	.2832101	.1433761	0
503.15	0	.5733979	.2832551	.143347	0
502.15	0	.573382	.2833	.143318	0
501.15	0	.573366	.2833449	.1432891	0
500.15	0	.57335	.2833898	.1432602	0
499.15	0	.5733339	.2834347	.1432314	0
498.15	0	.573318	.2834795	.1432025	0
497.15	0	.5733018	.2835243	.1431739	0
496.15	0	.5732856	.2835691	.1431453	0
495.15	0	.5732694	.2836139	.1431168	0
494.15	0	.5732531	.2836586	.1430884	0
493.15	0	.5732368	.2837032	.14306	0
492.15	0	.5732204	.2837478	.1430318	0
491.15	0	.573204	.2837924	.1430036	0
490.15	0	.5731876	.2838369	.1429755	0
489.15	0	.5731711	.2838814	.1429475	0
488.15	0	.5731546	.2839259	.1429195	0
487.15	0	.5731381	.2839703	.1428917	0
486.15	0	.5731215	.2840146	.1428639	0
485.15	0	.5731049	.2840589	.1428362	0
484.15	0	.5730883	.2841031	.1428086	0
483.15	0	.5730716	.2841473	.1427811	0
482.15	0	.5730549	.2841914	.1427537	0
481.15	0	.5730382	.2842354	.1427263	0
480.15	0	.5730215	.2842794	.1426991	0
479.15	0	.5730047	.2843234	.1426719	0
478.15	0	.572988	.2843672	.1426448	0
477.15	0	.5729712	.284411	.1426178	0
476.15	0	.5729544	.2844547	.1425909	0
475.15	0	.5729375	.2844984	.1425641	0
474.15	0	.5729207	.284542	.1425374	0
473.15	0	.5729038	.2845855	.1425107	0
472.15	0	.5728869	.2846289	.1424842	0
471.15	0	.57287	.2846723	.1424577	0
470.15	0	.5728531	.2847155	.1424313	0
469.15	0	.5728362	.2847587	.1424051	0
468.15	0	.5728193	.2848019	.1423789	0
467.15	0	.5728023	.2848449	.1423528	0
466.15	0	.5727854	.2848878	.1423268	0
465.15	0	.5727684	.2849307	.1423009	0
464.15	0	.5727514	.2849735	.1422751	0
463.15	0	.5727345	.2850161	.1422494	0
462.15	0	.5727175	.2850587	.1422238	0
461.15	0	.5727005	.2851012	.1421983	0
460.15	0	.5726835	.2851436	.1421729	0
459.15	0	.5726665	.2851859	.1421475	0
458.15	0	.5726495	.2852282	.1421223	0
457.15	0	.5726325	.2852703	.1420972	0
456.15	0	.5726155	.2853123	.1420722	0
455.15	0	.5725986	.2853542	.1420473	0
454.15	0	.5725816	.285396	.1420224	0
453.452	0	.5725697	.2854251	.1420052	0
453.452	0	.5725697	.2854251	.1420052	0
453.452	0	.5725697	.2854251	.1420052	0
453.15	0	.5726435	.2852563	.1419111	1.890401E-04
452.15	0	.5728872	.2846984	.1416003	8.140948E-04
451.15	0	.57313	.2841419	.1412902	.001437904
450.15	0	.5733718	.2835869	.1409808	.002060479
449.15	0	.5736127	.2830333	.1406722	.002681844
448.15	0	.5738527	.2824811	.1403642	.003302
447.15	0	.5740918	.2819304	.1400569	.003920955
446.15	0	.57433	.2813809	.1397504	.004538723
445.15	0	.5745673	.2808329	.1394445	.005155314
444.15	0	.5748038	.2802861	.1391393	.00577074
443.15	0	.5750395	.2797407	.1388348	.006385012
442.15	0	.5752744	.2791965	.138531	.006998142
441.15	0	.5755084	.2786536	.1382279	.007610142
440.15	0	.5757417	.2781119	.1379254	.008221021
439.15	0	.5759741	.2775715	.1376236	.00883079
438.15	0	.5762059	.2770322	.1373225	.009439462
437.15	0	.5764369	.2764941	.137022	.01004704
436.15	0	.5766671	.2759572	.1367222	.01065355
435.15	0	.5768966	.2754214	.136423	.01125899
434.15	0	.5771255	.2748867	.1361245	.01186337
433.15	0	.5773536	.2743531	.1358266	.0124667
432.15	0	.5775811	.2738205	.1355294	.013069
431.15	0	.5778078	.273289	.1352329	.01367027
430.15	0	.578034	.2727586	.1349369	.01427052
429.15	0	.5782595	.2722292	.1346416	.01486977
428.15	0	.5784843	.2717007	.1343469	.01546801
427.15	0	.5787086	.2711733	.1340529	.01606527
426.15	0	.5789322	.2706468	.1337595	.01666154
425.15	0	.5791552	.2701213	.1334666	.01725685
424.15	0	.5793777	.2695967	.1331745	.01785119
423.15	0	.5795996	.269073	.1328829	.01844458
