T	 BPW(LIQUID)	BPW(BCC_A2)	BPW(FCC_A1)	BPW(LAVES_PHASE_C14)	BPW(NI3TI)
1473.15	.07347102	.7990095	0	.1275195	0
1472.15	.06877815	.8019717	0	.1292502	0
1471.15	.0641728	.8048734	0	.1309539	0
1470.15	.05965263	.8077162	0	.1326312	0
1469.15	.0552154	.8105016	0	.134283	0
1468.15	.05085895	.8132312	0	.1359098	0
1467.15	.04658118	.8159064	0	.1375124	0
1466.15	.04238007	.8185285	0	.1390914	0
1465.15	.03825366	.8210989	0	.1406475	0
1464.15	.03420006	.8236188	0	.1421811	0
1463.15	.03021744	.8260896	0	.143693	0
1462.15	.02630402	.8285124	0	.1451836	0
1461.15	.0224581	.8308884	0	.1466535	0
1460.15	.018678	.8332188	0	.1481032	0
1459.15	.01496212	.8355046	0	.1495333	0
1458.15	.01130891	.8377469	0	.1509442	0
1457.15	.007716849	.8399468	0	.1523364	0
1456.15	.00418448	.8421052	0	.1537103	0
1455.15	7.103832E-04	.8442232	0	.1550665	0
1454.943	0	.8446556	0	.1553444	0
1454.943	0	.8446556	0	.1553444	0
1454.15	0	.8442179	0	.1557821	0
1453.15	0	.8436675	0	.1563325	0
1452.15	0	.8431186	0	.1568814	0
1451.15	0	.8425712	0	.1574288	0
1450.15	0	.8420252	0	.1579748	0
1449.15	0	.8414807	0	.1585193	0
1448.15	0	.8409377	0	.1590623	0
1447.15	0	.8403961	0	.1596039	0
1446.15	0	.8398559	0	.1601441	0
1445.15	0	.8393172	0	.1606828	0
1444.15	0	.83878	0	.1612201	0
1443.15	0	.8382441	0	.1617559	0
1442.15	0	.8377097	0	.1622903	0
1441.15	0	.8371767	0	.1628233	0
1440.15	0	.8366452	0	.1633548	0
1439.15	0	.836115	0	.163885	0
1438.15	0	.8355862	0	.1644138	0
1437.15	0	.8350589	0	.1649411	0
1436.15	0	.834533	0	.1654671	0
1435.15	0	.8340084	0	.1659916	0
1434.15	0	.8334852	0	.1665148	0
1433.15	0	.8329635	0	.1670365	0
1432.15	0	.8324431	0	.1675569	0
1431.15	0	.831924	0	.168076	0
1430.15	0	.8314064	0	.1685936	0
1429.15	0	.8308901	0	.1691099	0
1428.15	0	.8303752	0	.1696248	0
1427.15	0	.8298616	0	.1701384	0
1426.15	0	.8293494	0	.1706506	0
1425.15	0	.8288385	0	.1711615	0
1424.15	0	.828329	0	.171671	0
1423.15	0	.8278208	0	.1721792	0
1422.15	0	.827314	0	.172686	0
1421.15	0	.8268085	0	.1731915	0
1420.15	0	.8263043	0	.1736957	0
1419.15	0	.8258014	0	.1741986	0
1418.15	0	.8252999	0	.1747001	0
1417.15	0	.8247996	0	.1752004	0
1416.15	0	.8243007	0	.1756993	0
1415.15	0	.8238031	0	.1761969	0
1414.15	0	.8233068	0	.1766932	0
1413.15	0	.8228118	0	.1771882	0
1412.15	0	.822318	0	.177682	0
1411.15	0	.8218256	0	.1781744	0
1410.15	0	.8213344	0	.1786656	0
1409.15	0	.8208446	0	.1791554	0
1408.15	0	.820356	0	.179644	0
1407.15	0	.8198686	0	.1801314	0
1406.85	0	.8197226	0	.1802774	0
1406.85	0	.8197226	0	.1802774	0
1406.85	0	.8197226	0	.1802774	0
1406.15	0	.8177969	.001542746	.1806604	0
1405.15	0	.8150513	.003742801	.1812059	0
1404.15	0	.812313	.005937565	.1817494	0
1403.15	0	.8095819	.008127045	.182291	0
1402.15	0	.8068581	.01031125	.1828307	0
1401.15	0	.8041414	.01249018	.1833684	0
1400.15	0	.801432	.01466385	.1839042	0
1399.15	0	.7987298	.01683225	.184438	0
1398.15	0	.7960347	.01899541	.1849699	0
1397.15	0	.7933467	.02115332	.1854999	0
1396.15	0	.790666	.02330598	.1860281	0
1395.15	0	.7879923	.02545341	.1865543	0
1394.15	0	.7853257	.02759562	.1870786	0
1393.15	0	.7826663	.02973259	.1876011	0
1392.15	0	.7800139	.03186435	.1881217	0
1391.15	0	.7773686	.0339909	.1886405	0
1390.15	0	.7747304	.03611223	.1891574	0
1389.15	0	.7720992	.03822836	.1896724	0
1388.15	0	.769475	.0403393	.1901857	0
1387.15	0	.7668579	.04244504	.1906971	0
1386.15	0	.7642478	.04454559	.1912067	0
1385.15	0	.7616446	.04664096	.1917144	0
1384.15	0	.7590484	.04873114	.1922204	0
1383.15	0	.7564592	.05081616	.1927246	0
1382.15	0	.753877	.052896	.193227	0
1381.15	0	.7513017	.05497067	.1937277	0
1380.15	0	.7487333	.05704019	.1942265	0
1379.15	0	.7461718	.05910454	.1947236	0
1378.15	0	.7436173	.06116374	.195219	0
1377.15	0	.7410696	.06321778	.1957126	0
1376.15	0	.7385289	.06526668	.1962045	0
1375.15	0	.735995	.06731044	.1966946	0
1374.15	0	.7334679	.06934906	.197183	0
1373.15	0	.7309478	.07138254	.1976697	0
1372.15	0	.7284344	.07341088	.1981547	0
1371.15	0	.7259279	.0754341	.198638	0
1370.15	0	.7234282	.07745218	.1991196	0
1369.15	0	.7209353	.07946515	.1995995	0
1368.15	0	.7184492	.08147298	.2000778	0
1367.15	0	.7159699	.0834757	.2005544	0
1366.15	0	.7134974	.08547331	.2010293	0
1365.15	0	.7110317	.0874658	.2015025	0
1364.15	0	.7085727	.08945317	.2019741	0
1363.15	0	.7061205	.09143544	.2024441	0
1362.15	0	.703675	.0934126	.2029124	0
1361.15	0	.7012362	.09538465	.2033791	0
1360.15	0	.6988042	.0973516	.2038442	0
1359.15	0	.6963789	.09931345	.2043077	0
1358.15	0	.6939603	.1012702	.2047695	0
1357.15	0	.6915484	.1032218	.2052298	0
1356.15	0	.6891432	.1051684	.2056885	0
1355.15	0	.6867446	.1071098	.2061455	0
1354.15	0	.6843528	.1090462	.206601	0
1353.15	0	.6819676	.1109775	.207055	0
1352.15	0	.679589	.1129036	.2075073	0
1351.15	0	.6772172	.1148247	.2079581	0
1350.15	0	.6748519	.1167407	.2084074	0
1349.15	0	.6724933	.1186516	.2088551	0
1348.15	0	.6701414	.1205574	.2093012	0
1347.15	0	.667796	.1224581	.2097459	0
1346.15	0	.6654573	.1243537	.210189	0
1345.15	0	.6631252	.1262442	.2106305	0
1344.15	0	.6607997	.1281297	.2110706	0
1343.15	0	.6584808	.13001	.2115092	0
1342.15	0	.6561685	.1318853	.2119462	0
1341.15	0	.6538628	.1337554	.2123818	0
1340.15	0	.6515637	.1356205	.2128158	0
1339.15	0	.6492711	.1374805	.2132484	0
1338.15	0	.6469851	.1393353	.2136795	0
1337.15	0	.6447057	.1411851	.2141091	0
1336.15	0	.6424329	.1430298	.2145373	0
1335.15	0	.6401666	.1448694	.214964	0
1334.15	0	.6379068	.1467039	.2153893	0
1333.15	0	.6356536	.1485333	.2158131	0
1332.15	0	.633407	.1503576	.2162354	0
1331.15	0	.6311669	.1521768	.2166564	0
1330.15	0	.6289333	.1539908	.2170758	0
1329.15	0	.6267063	.1557998	.2174939	0
1328.15	0	.6244858	.1576037	.2179106	0
1327.15	0	.6222718	.1594024	.2183258	0
1326.15	0	.6200643	.161196	.2187396	0
1325.15	0	.6178634	.1629846	.2191521	0
1324.15	0	.615669	.1647679	.2195631	0
1323.15	0	.6134811	.1665462	.2199727	0
1322.15	0	.6112997	.1683194	.220381	0
1321.15	0	.6091248	.1700874	.2207879	0
1320.15	0	.6069564	.1718502	.2211934	0
1319.15	0	.6047945	.173608	.2215975	0
1318.15	0	.6026392	.1753606	.2220003	0
1317.15	0	.6004903	.177108	.2224017	0
1316.15	0	.5983479	.1788503	.2228017	0
1315.15	0	.5962121	.1805875	.2232004	0
1314.15	0	.5940827	.1823195	.2235978	0
1313.15	0	.5919599	.1840463	.2239938	0
1312.15	0	.5898435	.185768	.2243885	0
1311.15	0	.5877336	.1874845	.2247819	0
1310.15	0	.5856302	.1891958	.2251739	0
1309.15	0	.5835334	.190902	.2255647	0
1308.15	0	.581443	.1926029	.2259541	0
1307.15	0	.5793591	.1942987	.2263422	0
1306.15	0	.5772817	.1959893	.226729	0
1305.15	0	.5752108	.1976747	.2271145	0
1304.15	0	.5731464	.1993548	.2274988	0
1303.15	0	.5710885	.2010298	.2278817	0
1302.15	0	.5690371	.2026995	.2282634	0
1301.15	0	.5669922	.204364	.2286438	0
1300.15	0	.5649539	.2060233	.2290229	0
1299.15	0	.562922	.2076773	.2294007	0
1298.15	0	.5608966	.2093261	.2297773	0
1297.15	0	.5588777	.2109697	.2301526	0
1296.15	0	.5568654	.2126079	.2305267	0
1295.15	0	.5548595	.214241	.2308995	0
1294.15	0	.5528602	.2158687	.2312711	0
1293.15	0	.5508674	.2174912	.2316414	0
1292.15	0	.5488811	.2191084	.2320105	0
1291.15	0	.5469014	.2207203	.2323784	0
1290.15	0	.5449281	.2223268	.2327451	0
1289.15	0	.5429614	.2239281	.2331105	0
1288.15	0	.5410013	.225524	.2334747	0
1287.15	0	.5390477	.2271147	.2338377	0
1286.15	0	.5371006	.2286999	.2341995	0
1285.15	0	.5351601	.2302799	.2345601	0
1284.15	0	.5332261	.2318544	.2349195	0
1283.15	0	.5312987	.2334236	.2352777	0
1282.15	0	.5293778	.2349875	.2356347	0
1281.15	0	.5274636	.2365459	.2359905	0
1280.15	0	.5255558	.238099	.2363452	0
1279.15	0	.5236547	.2396466	.2366987	0
1278.15	0	.5217602	.2411889	.2370509	0
1277.15	0	.5198722	.2427257	.2374021	0
1276.15	0	.5179909	.2442571	.2377521	0
1275.15	0	.5161161	.245783	.2381009	0
1274.15	0	.514248	.2473035	.2384485	0
1273.15	0	.5123865	.2488185	.238795	0
1272.15	0	.5105316	.250328	.2391404	0
1271.15	0	.5086833	.2518321	.2394846	0
1270.15	0	.5068417	.2533306	.2398276	0
1269.15	0	.5050068	.2548237	.2401696	0
1268.15	0	.5031785	.2563112	.2405104	0
1267.15	0	.5013568	.2577931	.2408501	0
1266.15	0	.4995418	.2592696	.2411886	0
1265.15	0	.4977335	.2607404	.241526	0
1264.15	0	.4959319	.2622057	.2418624	0
1263.15	0	.494137	.2636654	.2421976	0
1262.15	0	.4923488	.2651195	.2425317	0
1261.15	0	.4905674	.266568	.2428647	0
1260.15	0	.4887926	.2680108	.2431966	0
1259.15	0	.4870246	.269448	.2435274	0
1258.15	0	.4852633	.2708796	.2438571	0
1257.15	0	.4835088	.2723055	.2441857	0
1256.15	0	.4817611	.2737257	.2445132	0
1255.15	0	.4800201	.2751402	.2448397	0
1254.15	0	.478286	.276549	.245165	0
1253.15	0	.4765586	.2779521	.2454893	0
1252.15	0	.474838	.2793494	.2458126	0
1251.15	0	.4731243	.280741	.2461347	0
1250.15	0	.4714174	.2821268	.2464558	0
1249.15	0	.4697174	.2835068	.2467759	0
1248.15	0	.4680242	.284881	.2470949	0
1247.15	0	.4663379	.2862494	.2474128	0
1246.15	0	.4646584	.2876119	.2477297	0
1245.15	0	.4629859	.2889686	.2480455	0
1244.15	0	.4613203	.2903194	.2483603	0
1243.15	0	.4596616	.2916643	.248674	0
1242.15	0	.4580099	.2930034	.2489868	0
1241.15	0	.4563651	.2943365	.2492985	0
1240.15	0	.4547272	.2956636	.2496091	0
1239.15	0	.4530964	.2969848	.2499188	0
1238.15	0	.4514726	.2983001	.2502274	0
1237.15	0	.4498557	.2996093	.250535	0
1236.15	0	.4482459	.3009125	.2508415	0
1235.15	0	.4466432	.3022097	.2511471	0
1234.15	0	.4450475	.3035009	.2514517	0
1233.15	0	.4434589	.3047859	.2517552	0
1232.15	0	.4418773	.3060649	.2520578	0
1231.15	0	.4403029	.3073378	.2523593	0
1230.15	0	.4387356	.3086045	.2526599	0
1229.15	0	.4371754	.3098651	.2529594	0
1228.15	0	.4356224	.3111196	.253258	0
1227.15	0	.4340766	.3123678	.2535556	0
1226.15	0	.432538	.3136099	.2538522	0
1225.15	0	.4310065	.3148457	.2541478	0
1224.15	0	.4294823	.3160752	.2544425	0
1223.15	0	.4279654	.3172985	.2547361	0
1222.15	0	.4264557	.3185155	.2550288	0
1221.15	0	.4249533	.3197261	.2553206	0
1220.15	0	.4234582	.3209304	.2556113	0
1219.15	0	.4219704	.3221284	.2559012	0
1218.15	0	.42049	.32332	.25619	0
1217.15	0	.4190169	.3245052	.2564779	0
1216.15	0	.4175513	.3256839	.2567648	0
1215.15	0	.416093	.3268562	.2570508	0
1214.15	0	.4146421	.328022	.2573358	0
1213.15	0	.4131987	.3291813	.2576199	0
1212.15	0	.4117628	.3303341	.2579031	0
1211.15	0	.4103343	.3314804	.2581853	0
1210.15	0	.4089134	.3326201	.2584666	0
1209.15	0	.4074999	.3337531	.2587469	0
1208.15	0	.4060941	.3348796	.2590264	0
1207.15	0	.4046958	.3359994	.2593048	0
1206.15	0	.4033051	.3371125	.2595824	0
1205.15	0	.401922	.338219	.259859	0
1204.15	0	.4005466	.3393187	.2601348	0
1203.15	0	.3991788	.3404117	.2604096	0
1202.15	0	.3978187	.3414979	.2606835	0
1201.15	0	.3964663	.3425772	.2609564	0
1200.15	0	.3951217	.3436498	.2612285	0
1199.15	0	.3937848	.3447155	.2614997	0
1198.15	0	.3924558	.3457743	.2617699	0
1197.15	0	.3911345	.3468263	.2620393	0
1196.15	0	.389821	.3478712	.2623077	0
1195.15	0	.3885155	.3489092	.2625753	0
1194.15	0	.3872178	.3499403	.262842	0
1193.15	0	.385928	.3509643	.2631078	0
1192.15	0	.3846462	.3519812	.2633727	0
1191.15	0	.3833723	.3529911	.2636367	0
1190.15	0	.3821064	.3539938	.2638998	0
1189.15	0	.3808485	.3549894	.264162	0
1188.15	0	.3795987	.3559779	.2644234	0
1187.15	0	.3783569	.3569592	.2646839	0
1186.15	0	.3771233	.3579332	.2649435	0
1185.15	0	.3758978	.3589	.2652023	0
1184.15	0	.3746804	.3598595	.2654602	0
1183.15	0	.3734712	.3608116	.2657172	0
1182.15	0	.3722702	.3617565	.2659733	0
1181.15	0	.3710775	.3626939	.2662286	0
1180.15	0	.369893	.363624	.266483	0
1179.15	0	.3687168	.3645466	.2667366	0
1178.15	0	.367549	.3654617	.2669893	0
1177.15	0	.3663895	.3663693	.2672412	0
1176.15	0	.3652384	.3672694	.2674922	0
1175.15	0	.3640957	.3681619	.2677424	0
1174.15	0	.3629614	.3690469	.2679917	0
1173.15	0	.3618356	.3699241	.2682402	0
1172.15	0	.3607184	.3707938	.2684879	0
1171.15	0	.3596096	.3716557	.2687347	0
1170.15	0	.3585095	.3725099	.2689807	0
1169.15	0	.3574179	.3733563	.2692258	0
1168.15	0	.3563349	.3741949	.2694701	0
1167.15	0	.3552607	.3750257	.2697136	0
1166.15	0	.3541951	.3758487	.2699563	0
1165.15	0	.3531382	.3766637	.2701981	0
1164.15	0	.3520901	.3774708	.2704391	0
1163.15	0	.3510508	.3782699	.2706793	0
1162.15	0	.3500203	.379061	.2709187	0
1161.15	0	.3489986	.3798441	.2711573	0
1160.15	0	.3479859	.3806191	.271395	0
1159.15	0	.346982	.381386	.2716319	0
1158.15	0	.3459871	.3821448	.2718681	0
1157.15	0	.3450012	.3828954	.2721034	0
1156.15	0	.3440243	.3836378	.2723379	0
1155.15	0	.3430565	.3843719	.2725716	0
1154.15	0	.3420977	.3850978	.2728045	0
1153.15	0	.341148	.3858153	.2730367	0
1152.15	0	.3402076	.3865245	.273268	0
1151.15	0	.3392763	.3872252	.2734985	0
1150.15	0	.3383542	.3879176	.2737282	0
1149.15	0	.3374414	.3886015	.2739572	0
1148.15	0	.3365378	.3892768	.2741853	0
1147.15	0	.3356436	.3899437	.2744127	0
1146.15	0	.3347588	.390602	.2746393	0
1145.15	0	.3338833	.3912516	.2748651	0
1144.15	0	.3330173	.3918926	.2750901	0
1143.15	0	.3321607	.3925249	.2753144	0
1142.15	0	.3313136	.3931486	.2755378	0
1141.15	0	.3304761	.3937634	.2757605	0
1140.15	0	.3296481	.3943694	.2759825	0
1139.15	0	.3288297	.3949667	.2762036	0
1138.15	0	.328021	.395555	.276424	0
1137.15	0	.3272219	.3961345	.2766436	0
1136.15	0	.3264326	.396705	.2768625	0
1135.15	0	.325653	.3972665	.2770805	0
1134.15	0	.3248831	.397819	.2772979	0
1133.15	0	.3241231	.3983625	.2775145	0
1132.15	0	.3233729	.3988968	.2777303	0
1131.15	0	.3226326	.3994221	.2779453	0
1130.15	0	.3219022	.3999381	.2781597	0
1129.15	0	.3211818	.400445	.2783732	0
1128.15	0	.3204714	.4009426	.278586	0
1127.15	0	.3197709	.401431	.2787981	0
1126.15	0	.3190806	.40191	.2790094	0
1125.15	0	.3184003	.4023797	.27922	0
1124.15	0	.3177302	.40284	.2794298	0
1123.15	0	.3170702	.4032909	.2796389	0
1122.15	0	.3164204	.4037323	.2798473	0
1121.15	0	.3157809	.4041642	.2800549	0
1120.15	0	.3151516	.4045866	.2802618	0
1119.15	0	.3145326	.4049994	.280468	0
1118.15	0	.313924	.4054026	.2806734	0
1117.15	0	.3133257	.4057962	.2808781	0
1116.15	0	.3127378	.4061801	.2810821	0
1115.15	0	.3121604	.4065543	.2812853	0
1114.15	0	.3115934	.4069187	.2814879	0
1113.15	0	.311037	.4072734	.2816897	0
1112.15	0	.3104911	.4076182	.2818908	0
1111.15	0	.3099557	.4079532	.2820911	0
1110.15	0	.309431	.4082783	.2822908	0
1109.15	0	.3089168	.4085934	.2824897	0
1108.15	0	.3084134	.4088987	.282688	0
1107.15	0	.3079206	.4091939	.2828855	0
1106.15	0	.3074386	.4094791	.2830823	0
1105.15	0	.3069674	.4097543	.2832784	0
1104.15	0	.3065069	.4100193	.2834738	0
1103.15	0	.3060573	.4102743	.2836685	0
1102.15	0	.3056185	.410519	.2838625	0
1101.15	0	.3051906	.4107537	.2840558	0
1100.15	0	.3047736	.410978	.2842484	0
1099.15	0	.3043675	.4111922	.2844403	0
1098.15	0	.3039725	.411396	.2846315	0
1097.15	0	.3035884	.4115896	.284822	0
1096.15	0	.3032154	.4117728	.2850119	0
1095.15	0	.3028534	.4119457	.285201	0
1094.15	0	.3025025	.4121081	.2853894	0
1093.15	0	.3021627	.4122601	.2855772	0
1092.15	0	.301834	.4124017	.2857643	0
1091.15	0	.3015166	.4125328	.2859507	0
1090.15	0	.3012103	.4126533	.2861364	0
1089.15	0	.3009152	.4127634	.2863214	0
1088.15	0	.3006313	.4128629	.2865058	0
1087.15	0	.3003587	.4129518	.2866895	0
1086.15	0	.3000974	.41303	.2868725	0
1085.15	0	.2998474	.4130977	.2870549	0
1084.15	0	.2996088	.4131547	.2872365	0
1083.15	0	.2993815	.413201	.2874175	0
1082.15	0	.2991655	.4132366	.2875979	0
1081.15	0	.298961	.4132615	.2877776	0
1080.15	0	.2987678	.4132756	.2879566	0
1079.15	0	.2985861	.413279	.2881349	0
1078.15	0	.2984158	.4132715	.2883126	0
1077.15	0	.298257	.4132533	.2884896	0
1076.15	0	.2981097	.4132243	.288666	0
1075.15	0	.2979739	.4131844	.2888417	0
1074.15	0	.2978496	.4131336	.2890168	0
1073.15	0	.2977368	.413072	.2891912	0
1072.15	0	.2976355	.4129995	.289365	0
1071.15	0	.2975458	.4129161	.2895381	0
1070.15	0	.2974677	.4128217	.2897106	0
1069.15	0	.2974011	.4127165	.2898824	0
1068.15	0	.2973461	.4126003	.2900536	0
1067.15	0	.2973028	.4124731	.2902241	0
1066.15	0	.297271	.412335	.290394	0
1065.15	0	.2972508	.412186	.2905633	0
1064.15	0	.2972422	.4120259	.2907319	0
1063.15	0	.2972453	.4118549	.2908999	0
1062.15	0	.2972599	.4116728	.2910672	0
1061.15	0	.2972863	.4114798	.2912339	0
1060.15	0	.2973242	.4112758	.2914	0
1059.15	0	.2973738	.4110608	.2915655	0
1058.15	0	.297435	.4108347	.2917303	0
1057.15	0	.2975078	.4105977	.2918945	0
1056.15	0	.2975923	.4103497	.2920581	0
1055.15	0	.2976884	.4100906	.292221	0
1054.15	0	.2977961	.4098206	.2923834	0
1053.15	0	.2979154	.4095395	.2925451	0
1052.15	0	.2980464	.4092475	.2927061	0
1051.15	0	.2981889	.4089445	.2928666	0
1050.15	0	.298343	.4086305	.2930265	0
1049.15	0	.2985088	.4083055	.2931857	0
1048.15	0	.2986861	.4079696	.2933443	0
1047.15	0	.298875	.4076227	.2935023	0
1046.15	0	.2990754	.4072649	.2936597	0
1045.15	0	.2992873	.4068962	.2938165	0
1044.15	0	.2995108	.4065165	.2939727	0
1043.15	0	.2997458	.406126	.2941282	0
1042.15	0	.2999923	.4057245	.2942832	0
1041.15	0	.3002502	.4053122	.2944376	0
1040.15	0	.3005196	.4048891	.2945913	0
1039.15	0	.3008004	.4044551	.2947445	0
1038.15	0	.3010926	.4040104	.294897	0
1037.15	0	.3013962	.4035549	.295049	0
1036.15	0	.3017111	.4030886	.2952003	0
1035.15	0	.3020373	.4026116	.295351	0
1034.15	0	.3023749	.4021239	.2955012	0
1033.15	0	.3027237	.4016255	.2956507	0
1032.15	0	.3030838	.4011165	.2957997	0
1031.15	0	.303455	.4005969	.295948	0
1030.15	0	.3038374	.4000667	.2960958	0
1029.15	0	.304231	.399526	.296243	0
1028.15	0	.3046356	.3989748	.2963896	0
1027.15	0	.3050513	.3984131	.2965356	0
1026.15	0	.305478	.397841	.2966809	0
1025.15	0	.3059157	.3972585	.2968258	0
1024.15	0	.3063644	.3966657	.29697	0
1023.15	0	.3068239	.3960625	.2971136	0
1022.15	0	.3072942	.3954491	.2972567	0
1021.15	0	.3077754	.3948255	.2973991	0
1020.15	0	.3082673	.3941917	.297541	0
1019.15	0	.30877	.3935478	.2976822	0
1018.15	0	.3092832	.3928939	.2978229	0
1017.15	0	.3098071	.3922299	.297963	0
1016.15	0	.3103415	.3915559	.2981026	0
1015.15	0	.3108864	.3908721	.2982415	0
1014.15	0	.3114418	.3901784	.2983798	0
1013.15	0	.3120075	.3894749	.2985176	0
1012.15	0	.3125835	.3887617	.2986548	0
1011.15	0	.3131698	.3880388	.2987914	0
1010.15	0	.3137663	.3873063	.2989274	0
1009.15	0	.3143729	.3865643	.2990628	0
1008.15	0	.3149896	.3858127	.2991977	0
1007.15	0	.3156163	.3850518	.2993319	0
1006.15	0	.3162529	.3842815	.2994656	0
1005.15	0	.3168994	.3835019	.2995987	0
1004.15	0	.3175557	.3827132	.2997312	0
1003.15	0	.3182217	.3819153	.2998631	0
1002.15	0	.3188973	.3811083	.2999944	0
1001.15	0	.3195825	.3802923	.3001251	0
1000.15	0	.3202772	.3794675	.3002553	0
999.15	0	.3209814	.3786338	.3003848	0
998.15	0	.3216949	.3777913	.3005138	0
997.15	0	.3224176	.3769402	.3006422	0
996.15	0	.3231495	.3760805	.30077	0
995.15	0	.3238905	.3752123	.3008972	0
994.15	0	.3246406	.3743357	.3010238	0
993.15	0	.3253995	.3734507	.3011498	0
992.15	0	.3261673	.3725576	.3012752	0
991.15	0	.3269438	.3716562	.3014	0
990.15	0	.3277291	.3707468	.3015242	0
989.15	0	.3285228	.3698294	.3016478	0
988.15	0	.3293251	.3689041	.3017708	0
987.15	0	.3301358	.3679711	.3018931	0
986.15	0	.3309547	.3670304	.3020149	0
985.15	0	.3317818	.3660821	.3021361	0
984.15	0	.3326171	.3651263	.3022567	0
983.15	0	.3334603	.3641631	.3023766	0
982.15	0	.3343115	.3631926	.3024959	0
981.15	0	.3351704	.362215	.3026146	0
980.15	0	.3360371	.3612302	.3027327	0
979.15	0	.3369113	.3602385	.3028502	0
978.15	0	.337793	.35924	.302967	0
977.15	0	.3386822	.3582347	.3030832	0
976.15	0	.3395786	.3572227	.3031987	0
975.15	0	.3404821	.3562042	.3033136	0
974.15	0	.3413928	.3551793	.3034279	0
973.15	0	.3423104	.3541481	.3035415	0
972.15	0	.3432348	.3531107	.3036545	0
971.15	0	.344166	.3520672	.3037668	0
970.15	0	.3451037	.3510178	.3038784	0
969.15	0	.346048	.3499626	.3039894	0
968.15	0	.3469987	.3489016	.3040997	0
967.15	0	.3479556	.347835	.3042094	0
966.15	0	.3489187	.346763	.3043183	0
965.15	0	.3498878	.3456857	.3044266	0
964.15	0	.3508628	.3446031	.3045341	0
963.15	0	.3518436	.3435154	.304641	0
962.15	0	.3528301	.3424228	.3047472	0
961.15	0	.3538221	.3413253	.3048526	0
960.15	0	.3548195	.3402232	.3049573	0
959.15	0	.3558222	.3391165	.3050613	0
958.15	0	.35683	.3380054	.3051646	0
957.15	0	.3578429	.3368899	.3052671	0
956.15	0	.3588607	.3357704	.3053689	0
955.15	0	.3598833	.3346468	.3054699	0
954.15	0	.3609105	.3335194	.3055702	0
953.15	0	.3619422	.3323882	.3056696	0
952.15	0	.3629782	.3312535	.3057683	0
951.15	0	.3640185	.3301153	.3058662	0
950.15	0	.3650629	.3289739	.3059633	0
949.15	0	.3661112	.3278293	.3060595	0
948.15	0	.3670883	.326753	.3061587	0
947.15	0	.3679824	.3257564	.3062612	0
946.15	0	.3689016	.3247366	.3063618	0
945.15	0	.3698448	.3236946	.3064606	0
944.15	0	.3708108	.3226316	.3065576	0
943.15	0	.3717986	.3215486	.3066528	0
942.15	0	.372807	.3204467	.3067462	0
941.15	0	.3738352	.3193268	.3068379	0
940.15	0	.3748822	.3181899	.306928	0
939.15	0	.3759469	.3170368	.3070163	0
938.15	0	.3770285	.3158685	.307103	0
937.15	0	.3781261	.3146859	.3071881	0
936.15	0	.3792388	.3134897	.3072715	0
935.15	0	.3803658	.3122807	.3073534	0
934.15	0	.3815064	.3110599	.3074337	0
933.15	0	.3826597	.3098278	.3075125	0
932.15	0	.383825	.3085853	.3075898	0
931.15	0	.3850015	.3073329	.3076655	0
930.15	0	.3861887	.3060716	.3077398	0
929.15	0	.3873857	.3048018	.3078125	0
928.15	0	.3885919	.3035242	.3078839	0
927.15	0	.3898067	.3022396	.3079537	0
926.15	0	.3910296	.3009483	.3080221	0
925.15	0	.3922598	.2996511	.3080891	0
924.15	0	.3934967	.2983486	.3081547	0
923.15	0	.39474	.2970412	.3082189	0
922.15	0	.3959889	.2957295	.3082816	0
921.15	0	.397243	.2944139	.308343	0
920.15	0	.3985018	.2930951	.3084031	0
919.15	0	.3997648	.2917735	.3084617	0
918.15	0	.4010314	.2904496	.308519	0
917.15	0	.4023013	.2891238	.308575	0
916.15	0	.4035739	.2877965	.3086296	0
915.15	0	.4048489	.2864682	.3086829	0
914.15	0	.4061259	.2851393	.3087349	0
913.15	0	.4074043	.2838102	.3087855	0
912.15	0	.4086839	.2824812	.3088349	0
911.15	0	.4099642	.2811529	.3088829	0
910.15	0	.4112449	.2798254	.3089297	0
909.15	0	.4125256	.2784993	.3089751	0
908.15	0	.4138059	.2771748	.3090193	0
907.15	0	.4150855	.2758522	.3090622	0
906.15	0	.4163642	.2745319	.3091039	0
905.15	0	.4176415	.2732143	.3091443	0
904.15	0	.4189171	.2718995	.3091835	0
903.15	0	.4201908	.2705879	.3092214	0
902.15	0	.4214622	.2692798	.309258	0
901.15	0	.4227311	.2679755	.3092934	0
900.15	0	.4239972	.2666752	.3093277	0
899.15	0	.4252602	.2653792	.3093606	0
898.15	0	.4265199	.2640877	.3093924	0
897.15	0	.4277759	.2628011	.309423	0
896.15	0	.4290282	.2615194	.3094524	0
895.15	0	.4302764	.2602431	.3094805	0
894.15	0	.4315203	.2589722	.3095075	0
893.15	0	.4327596	.257707	.3095333	0
892.15	0	.4339943	.2564478	.309558	0
891.15	0	.4352239	.2551946	.3095815	0
890.15	0	.4364484	.2539478	.3096038	0
889.15	0	.4376676	.2527074	.309625	0
888.15	0	.4388812	.2514738	.309645	0
887.15	0	.4400891	.250247	.3096639	0
886.15	0	.441291	.2490273	.3096817	0
885.15	0	.4424869	.2478147	.3096984	0
884.15	0	.4436765	.2466095	.309714	0
883.15	0	.4448597	.2454119	.3097284	0
882.15	0	.4460363	.2442219	.3097418	0
881.15	0	.4472063	.2430397	.3097541	0
880.15	0	.4483693	.2418654	.3097653	0
879.15	0	.4495253	.2406993	.3097755	0
878.15	0	.4506742	.2395413	.3097846	0
877.15	0	.4518157	.2383916	.3097926	0
876.15	0	.4529499	.2372505	.3097996	0
875.15	0	.4540766	.2361178	.3098056	0
874.15	0	.4551956	.2349938	.3098106	0
873.15	0	.4563068	.2338786	.3098146	0
872.15	0	.4574103	.2327722	.3098176	0
871.15	0	.4585057	.2316747	.3098196	0
870.15	0	.4595931	.2305863	.3098206	0
869.15	0	.4606724	.2295069	.3098207	0
868.15	0	.4617434	.2284368	.3098198	0
867.15	0	.4628062	.2273759	.309818	0
866.15	0	.4638605	.2263243	.3098152	0
865.15	0	.4649064	.225282	.3098115	0
864.15	0	.4659438	.2242492	.309807	0
863.15	0	.4669727	.2232259	.3098015	0
862.15	0	.4679929	.222212	.3097951	0
861.15	0	.4690044	.2212077	.3097879	0
860.15	0	.4700072	.220213	.3097798	0
859.15	0	.4710012	.2192279	.3097709	0
858.15	0	.4719864	.2182525	.3097611	0
857.15	0	.4729628	.2172867	.3097505	0
856.15	0	.4739304	.2163306	.309739	0
855.15	0	.474889	.2153842	.3097268	0
854.15	0	.4758387	.2144474	.3097138	0
853.15	0	.4767796	.2135204	.3097	0
852.15	0	.4777115	.2126031	.3096854	0
851.15	0	.4786344	.2116955	.3096701	0
850.15	0	.4795485	.2107975	.309654	0
849.15	0	.4804535	.2099092	.3096372	0
848.15	0	.4813497	.2090306	.3096197	0
847.15	0	.4822369	.2081616	.3096015	0
846.15	0	.4831153	.2073022	.3095826	0
845.15	0	.4839847	.2064523	.3095629	0
844.15	0	.4848453	.2056121	.3095426	0
843.15	0	.4856971	.2047813	.3095217	0
842.15	0	.48654	.20396	.3095	0
841.15	0	.4873742	.2031481	.3094778	0
840.15	0	.4881996	.2023455	.3094549	0
839.15	0	.4890163	.2015524	.3094314	0
838.15	0	.4898243	.2007685	.3094072	0
837.15	0	.4906237	.1999938	.3093825	0
836.15	0	.4914146	.1992283	.3093571	0
835.15	0	.4921969	.1984719	.3093312	0
834.15	0	.4929707	.1977246	.3093047	0
833.15	0	.4937361	.1969862	.3092777	0
832.15	0	.4944931	.1962568	.3092501	0
831.15	0	.4952419	.1955362	.3092219	0
830.15	0	.4959823	.1948244	.3091932	0
829.15	0	.4967146	.1941214	.309164	0
828.15	0	.4974388	.1934269	.3091343	0
827.15	0	.4981549	.1927411	.309104	0
826.15	0	.498863	.1920637	.3090733	0
825.15	0	.4995632	.1913948	.3090421	0
824.15	0	.5002555	.1907342	.3090103	0
823.15	0	.50094	.1900818	.3089782	0
822.15	0	.5016169	.1894376	.3089455	0
821.15	0	.5022861	.1888016	.3089124	0
820.15	0	.5029477	.1881735	.3088788	0
819.15	0	.5036018	.1875534	.3088448	0
818.15	0	.5042486	.1869411	.3088103	0
817.15	0	.5048879	.1863366	.3087754	0
816.15	0	.5055201	.1857398	.3087401	0
815.15	0	.506145	.1851506	.3087044	0
814.15	0	.5067628	.1845689	.3086683	0
813.15	0	.5073736	.1839947	.3086317	0
812.15	0	.5079774	.1834278	.3085948	0
811.15	0	.5085744	.1828682	.3085574	0
810.15	0	.5091646	.1823157	.3085197	0
809.15	0	.509748	.1817703	.3084816	0
808.15	0	.5103248	.181232	.3084432	0
807.15	0	.5108951	.1807006	.3084043	0
806.15	0	.5114588	.180176	.3083652	0
805.15	0	.5120161	.1796583	.3083256	0
804.15	0	.5125671	.1791471	.3082857	0
803.15	0	.5131119	.1786426	.3082455	0
802.15	0	.5136504	.1781446	.3082049	0
801.15	0	.5141829	.1776531	.308164	0
800.15	0	.5147093	.1771679	.3081228	0
799.15	0	.5152298	.176689	.3080812	0
798.15	0	.5157444	.1762162	.3080394	0
797.15	0	.5162532	.1757497	.3079972	0
796.15	0	.5167562	.1752891	.3079547	0
795.15	0	.5172536	.1748345	.3079119	0
794.15	0	.5177454	.1743858	.3078688	0
793.15	0	.5182317	.1739429	.3078254	0
792.15	0	.5187125	.1735058	.3077817	0
791.15	0	.5191879	.1730743	.3077378	0
790.15	0	.519658	.1726484	.3076935	0
789.15	0	.5201229	.1722281	.307649	0
788.15	0	.5205826	.1718132	.3076043	0
787.15	0	.5210372	.1714036	.3075592	0
786.15	0	.5214867	.1709994	.3075139	0
785.15	0	.5219312	.1706004	.3074683	0
784.15	0	.5223709	.1702066	.3074225	0
783.15	0	.5228056	.169818	.3073764	0
782.352	0	.5231491	.1695114	.3073395	0
782.352	0	.5231491	.1695114	.3073395	0
782.352	0	.5231491	.1695114	.3073395	0
782.15	0	.5237382	.1687293	.3071085	4.240034E-04
781.15	0	.5266117	.1649061	.3059756	.002506569
780.15	0	.5294164	.1611615	.3048596	.004562576
779.15	0	.532154	.1574935	.3037601	.006592512
778.15	0	.5348261	.1539003	.3026768	.008596852
777.15	0	.5374345	.1503801	.3016094	.01057606
776.15	0	.5399807	.1469312	.3005575	.01253058
775.15	0	.5424664	.1435518	.299521	.01446086
774.15	0	.5448929	.1402403	.2984994	.01636733
773.15	0	.5472619	.1369951	.2974926	.0182504
772.15	0	.5495747	.1338147	.2965002	.02011048
771.15	0	.5518327	.1306975	.2955219	.02194797
770.15	0	.5540373	.127642	.2945575	.02376327
769.15	0	.5561898	.1246468	.2936067	.02555675
768.15	0	.5582914	.1217106	.2926692	.02732878
767.15	0	.5603435	.1188319	.2917449	.02907974
766.15	0	.5623472	.1160095	.2908333	.03080997
765.15	0	.5643037	.113242	.2899345	.03251984
764.15	0	.5662142	.1105282	.2890479	.03420967
763.15	0	.5680798	.1078669	.2881736	.0358798
762.15	0	.5699015	.1052568	.2873111	.03753057
761.15	0	.5716805	.1026969	.2864603	.0391623
760.15	0	.5734178	.1001859	.285621	.04077529
759.15	0	.5751143	.09772284	.284793	.04236987
758.15	0	.5767712	.09530655	.283976	.04394633
757.15	0	.5783893	.092936	.2831698	.04550497
756.15	0	.5799695	.09061016	.2823743	.04704608
755.15	0	.5815128	.08832803	.2815892	.04856995
754.15	0	.5830202	.08608864	.2808143	.05007687
753.15	0	.5844923	.08389102	.2800496	.0515671
752.15	0	.5859302	.08173424	.2792946	.05304092
751.15	0	.5873346	.0796174	.2785494	.0544986
750.15	0	.5887063	.0775396	.2778137	.0559404
749.15	0	.5900462	.07549998	.2770873	.05736657
748.15	0	.591355	.07349768	.27637	.05877737
747.15	0	.5926334	.07153188	.2756617	.06017305
746.15	0	.5938821	.06960177	.2749622	.06155385
745.15	0	.595102	.06770655	.2742714	.06292001
744.15	0	.5962937	.06584545	.2735891	.06427177
743.15	0	.5974579	.06401773	.272915	.06560935
742.15	0	.5985952	.06222263	.2722492	.066933
741.15	0	.5997063	.06045944	.2715914	.06824292
740.15	0	.6007918	.05872745	.2709414	.06953935
739.15	0	.6018524	.05702598	.2702991	.07082249
738.15	0	.6028886	.05535435	.2696645	.07209257
737.15	0	.6039011	.05371191	.2690372	.07334979
736.15	0	.6048904	.052098	.2684172	.07459435
735.15	0	.6058571	.05051202	.2678045	.07582646
734.15	0	.6068017	.04895333	.2671987	.07704633
733.15	0	.6077248	.04742134	.2665998	.07825414
732.15	0	.6086268	.04591547	.2660076	.07945009
731.15	0	.6095084	.04443514	.2654221	.08063436
730.15	0	.6103699	.0429798	.2648431	.08180715
729.15	0	.611212	.04154889	.2642705	.08296863
728.15	0	.6120349	.04014188	.2637042	.084119
727.15	0	.6128394	.03875826	.263144	.08525842
726.15	0	.6136256	.0373975	.2625898	.08638706
725.15	0	.6143942	.03605912	.2620416	.08750511
724.15	0	.6151456	.03474262	.2614991	.08861272
723.15	0	.61588	.03344753	.2609624	.08971007
722.15	0	.6165981	.03217338	.2604312	.09079732
721.15	0	.6173001	.03091972	.2599056	.09187462
720.15	0	.6179865	.02968611	.2593853	.09294214
719.15	0	.6186576	.02847211	.2588703	.09400003
718.15	0	.6193138	.0272773	.2583605	.09504844
717.15	0	.6199554	.02610126	.2578558	.09608752
716.15	0	.6205829	.0249436	.2573561	.09711742
715.15	0	.6211966	.0238039	.2568613	.09813828
714.15	0	.6217967	.0226818	.2563713	.09915025
713.15	0	.6223836	.02157691	.255886	.1001535
712.15	0	.6229577	.02048885	.2554054	.1011481
711.15	0	.6235193	.01941728	.2549293	.1021342
710.15	0	.6240686	.01836184	.2544577	.1031119
709.15	0	.6246059	.01732219	.2539904	.1040815
708.15	0	.6251316	.01629799	.2535275	.1050429
707.15	0	.6256459	.01528891	.2530688	.1059964
706.15	0	.6261491	.01429463	.2526143	.1069421
705.15	0	.6266414	.01331484	.2521638	.10788
704.15	0	.6271232	.01234923	.2517173	.1088103
703.15	0	.6275946	.01139751	.2512748	.1097331
702.15	0	.6280559	.01045937	.2508361	.1106486
701.15	0	.6285075	.009534543	.2504012	.1115568
700.15	0	.6289494	.008622738	.24997	.1124579
699.15	0	.6293819	.007723687	.2495425	.113352
698.15	0	.6298053	.006837122	.2491185	.1142391
697.15	0	.6302197	.005962783	.2486981	.1151194
696.15	0	.6306254	.005100415	.2482812	.115993
695.15	0	.6310227	.004249769	.2478676	.11686
694.15	0	.6314116	.003410602	.2474574	.1177205
693.15	0	.6317924	.002582677	.2470504	.1185745
692.15	0	.6321653	.001765761	.2466467	.1194223
691.15	0	.6325304	9.596263E-04	.2462462	.1202638
690.15	0	.632888	1.640519E-04	.2458488	.1210992
689.9422	0	.6329614	0	.2457665	.1212721
689.9422	0	.6329614	0	.2457665	.1212721
689.15	0	.6328841	0	.245625	.121491
688.15	0	.6327869	0	.2454467	.1217664
687.15	0	.6326901	0	.2452691	.1220409
686.15	0	.6325937	0	.2450919	.1223144
685.15	0	.6324977	0	.2449154	.122587
684.15	0	.6324021	0	.2447393	.1228585
683.15	0	.632307	0	.2445638	.1231292
682.15	0	.6322123	0	.2443889	.1233989
681.15	0	.6321179	0	.2442145	.1236676
680.15	0	.632024	0	.2440406	.1239353
679.15	0	.6319305	0	.2438674	.1242022
678.15	0	.6318374	0	.2436946	.124468
677.15	0	.6317447	0	.2435224	.1247329
676.15	0	.6316524	0	.2433507	.1249969
675.15	0	.6315605	0	.2431796	.1252599
674.15	0	.6314689	0	.243009	.125522
673.15	0	.6313778	0	.242839	.1257832
672.15	0	.6312871	0	.2426695	.1260434
671.15	0	.6311968	0	.2425006	.1263026
670.15	0	.6311069	0	.2423322	.1265609
669.15	0	.6310173	0	.2421644	.1268183
668.15	0	.6309282	0	.2419971	.1270748
667.15	0	.6308394	0	.2418303	.1273303
666.15	0	.630751	0	.2416641	.1275849
665.15	0	.630663	0	.2414985	.1278385
664.15	0	.6305754	0	.2413333	.1280912
663.15	0	.6304882	0	.2411688	.128343
662.15	0	.6304014	0	.2410047	.1285939
661.15	0	.6303149	0	.2408412	.1288438
660.15	0	.6302289	0	.2406783	.1290928
659.15	0	.6301432	0	.2405159	.1293409
658.15	0	.6300579	0	.2403541	.1295881
657.15	0	.6299729	0	.2401927	.1298344
656.15	0	.6298883	0	.240032	.1300797
655.15	0	.6298042	0	.2398718	.1303241
654.15	0	.6297203	0	.2397121	.1305676
653.15	0	.6296369	0	.2395529	.1308102
652.15	0	.6295538	0	.2393944	.1310518
651.15	0	.6294711	0	.2392363	.1312926
650.15	0	.6293888	0	.2390788	.1315324
649.15	0	.6293068	0	.2389219	.1317713
648.15	0	.6292252	0	.2387655	.1320093
647.15	0	.629144	0	.2386096	.1322464
646.15	0	.6290631	0	.2384543	.1324826
645.15	0	.6289826	0	.2382995	.1327179
644.15	0	.6289025	0	.2381452	.1329523
643.15	0	.6288227	0	.2379915	.1331858
642.15	0	.6287433	0	.2378384	.1334183
641.15	0	.6286642	0	.2376858	.13365
640.15	0	.6285855	0	.2375337	.1338808
639.15	0	.6285072	0	.2373822	.1341106
638.15	0	.6284292	0	.2372312	.1343396
637.15	0	.6283516	0	.2370808	.1345677
636.15	0	.6282743	0	.2369309	.1347949
635.15	0	.6281974	0	.2367815	.1350211
634.15	0	.6281208	0	.2366327	.1352465
633.15	0	.6280446	0	.2364844	.135471
632.15	0	.6279687	0	.2363367	.1356946
631.15	0	.6278932	0	.2361895	.1359173
630.15	0	.627818	0	.2360429	.1361391
629.15	0	.6277432	0	.2358968	.13636
628.15	0	.6276687	0	.2357512	.13658
627.15	0	.6275946	0	.2356062	.1367992
626.15	0	.6275209	0	.2354617	.1370174
625.15	0	.6274474	0	.2353178	.1372348
624.15	0	.6273743	0	.2351744	.1374512
623.15	0	.6273016	0	.2350316	.1376668
622.15	0	.6272292	0	.2348893	.1378815
621.15	0	.6271571	0	.2347475	.1380953
620.15	0	.6270854	0	.2346063	.1383083
619.15	0	.627014	0	.2344656	.1385203
618.15	0	.626943	0	.2343255	.1387315
617.15	0	.6268723	0	.2341859	.1389418
616.15	0	.6268019	0	.2340469	.1391512
615.15	0	.6267319	0	.2339084	.1393598
614.15	0	.6266622	0	.2337704	.1395674
613.15	0	.6265928	0	.233633	.1397742
612.15	0	.6265238	0	.2334961	.1399801
611.15	0	.6264551	0	.2333597	.1401852
610.15	0	.6263868	0	.2332239	.1403893
609.15	0	.6263188	0	.2330887	.1405926
608.15	0	.6262511	0	.2329539	.140795
607.15	0	.6261837	0	.2328197	.1409966
606.15	0	.6261167	0	.2326861	.1411973
605.15	0	.6260499	0	.232553	.1413971
604.15	0	.6259836	0	.2324204	.141596
603.15	0	.6259175	0	.2322884	.1417941
602.15	0	.6258518	0	.2321569	.1419913
601.15	0	.6257864	0	.232026	.1421876
600.15	0	.6257213	0	.2318956	.1423831
599.15	0	.6256566	0	.2317657	.1425777
598.15	0	.6255921	0	.2316364	.1427715
597.15	0	.625528	0	.2315076	.1429644
596.15	0	.6254642	0	.2313793	.1431564
595.15	0	.6254008	0	.2312516	.1433476
594.15	0	.6253376	0	.2311245	.1435379
593.15	0	.6252748	0	.2309978	.1437274
592.15	0	.6252123	0	.2308717	.143916
591.15	0	.6251501	0	.2307462	.1441037
590.15	0	.6250882	0	.2306211	.1442906
589.15	0	.6250267	0	.2304966	.1444767
588.15	0	.6249655	0	.2303727	.1446619
587.15	0	.6249045	0	.2302493	.1448462
586.15	0	.6248439	0	.2301264	.1450297
585.15	0	.6247836	0	.2300041	.1452123
584.15	0	.6247236	0	.2298822	.1453941
583.15	0	.624664	0	.229761	.1455751
582.15	0	.6246046	0	.2296402	.1457552
581.15	0	.6245456	0	.22952	.1459344
580.15	0	.6244868	0	.2294004	.1461128
579.15	0	.6244284	0	.2292812	.1462904
578.15	0	.6243703	0	.2291626	.1464671
577.15	0	.6243125	0	.2290446	.146643
576.15	0	.624255	0	.228927	.146818
575.15	0	.6241977	0	.22881	.1469922
574.15	0	.6241409	0	.2286936	.1471656
573.15	0	.6240843	0	.2285776	.1473381
572.15	0	.624028	0	.2284622	.1475098
571.15	0	.623972	0	.2283473	.1476807
570.15	0	.6239163	0	.228233	.1478507
569.15	0	.6238609	0	.2281192	.1480199
568.15	0	.6238059	0	.2280059	.1481882
567.15	0	.6237511	0	.2278931	.1483558
566.15	0	.6236966	0	.2277809	.1485225
565.15	0	.6236424	0	.2276692	.1486884
564.15	0	.6235886	0	.227558	.1488534
563.15	0	.623535	0	.2274474	.1490176
562.15	0	.6234817	0	.2273373	.149181
561.15	0	.6234287	0	.2272277	.1493436
560.15	0	.623376	0	.2271186	.1495054
559.15	0	.6233236	0	.2270101	.1496663
558.15	0	.6232715	0	.2269021	.1498264
557.15	0	.6232197	0	.2267946	.1499857
556.15	0	.6231682	0	.2266876	.1501442
555.15	0	.6231169	0	.2265812	.1503019
554.15	0	.623066	0	.2264753	.1504588
553.15	0	.6230153	0	.2263698	.1506148
552.15	0	.622965	0	.226265	.15077
551.15	0	.6229149	0	.2261606	.1509245
550.15	0	.6228651	0	.2260568	.1510781
549.15	0	.6228156	0	.2259535	.1512309
548.15	0	.6227664	0	.2258507	.1513829
547.15	0	.6227175	0	.2257484	.1515341
546.15	0	.6226689	0	.2256466	.1516845
545.15	0	.6226205	0	.2255454	.1518341
544.15	0	.6225724	0	.2254447	.1519829
543.15	0	.6225246	0	.2253444	.1521309
542.15	0	.6224771	0	.2252447	.1522781
541.15	0	.6224299	0	.2251456	.1524245
540.15	0	.622383	0	.2250469	.1525702
539.15	0	.6223363	0	.2249487	.152715
538.15	0	.6222899	0	.2248511	.152859
537.15	0	.6222438	0	.2247539	.1530023
536.15	0	.622198	0	.2246573	.1531447
535.15	0	.6221524	0	.2245612	.1532864
534.15	0	.6221071	0	.2244656	.1534273
533.15	0	.6220621	0	.2243705	.1535674
532.15	0	.6220174	0	.2242759	.1537068
531.15	0	.6219729	0	.2241818	.1538453
530.15	0	.6219287	0	.2240882	.1539831
529.15	0	.6218848	0	.2239951	.1541201
528.15	0	.6218412	0	.2239025	.1542563
527.15	0	.6217978	0	.2238104	.1543918
526.15	0	.6217547	0	.2237189	.1545265
525.15	0	.6217119	0	.2236278	.1546604
524.15	0	.6216693	0	.2235372	.1547935
523.15	0	.621627	0	.2234471	.1549259
522.15	0	.6215849	0	.2233575	.1550575
521.15	0	.6215432	0	.2232684	.1551884
520.15	0	.6215017	0	.2231798	.1553185
519.15	0	.6214604	0	.2230917	.1554479
518.15	0	.6214194	0	.2230041	.1555765
517.15	0	.6213787	0	.222917	.1557043
516.15	0	.6213382	0	.2228304	.1558314
515.15	0	.621298	0	.2227443	.1559577
514.15	0	.6212581	0	.2226586	.1560833
513.15	0	.6212184	0	.2225734	.1562082
512.15	0	.621179	0	.2224888	.1563323
511.15	0	.6211398	0	.2224046	.1564556
510.15	0	.6211009	0	.2223209	.1565783
509.15	0	.6210622	0	.2222376	.1567001
508.15	0	.6210238	0	.2221549	.1568213
507.15	0	.6209857	0	.2220726	.1569417
506.15	0	.6209478	0	.2219908	.1570614
505.15	0	.6209101	0	.2219095	.1571804
504.15	0	.6208727	0	.2218287	.1572986
503.15	0	.6208356	0	.2217483	.1574161
502.15	0	.6207987	0	.2216685	.1575329
501.15	0	.620762	0	.221589	.157649
500.15	0	.6207256	0	.2215101	.1577643
499.15	0	.6206894	0	.2214316	.157879
498.15	0	.6206535	0	.2213536	.1579929
497.15	0	.6206178	0	.2212761	.1581061
496.15	0	.6205824	0	.221199	.1582186
495.15	0	.6205472	0	.2211224	.1583304
494.15	0	.6205123	0	.2210462	.1584415
493.15	0	.6204776	0	.2209706	.1585519
492.15	0	.6204431	0	.2208953	.1586616
491.15	0	.6204089	0	.2208206	.1587706
490.15	0	.6203749	0	.2207462	.1588789
489.15	0	.6203411	0	.2206724	.1589865
488.15	0	.6203076	0	.220599	.1590934
487.15	0	.6202743	0	.220526	.1591997
486.15	0	.6202412	0	.2204535	.1593053
485.15	0	.6202084	0	.2203815	.1594101
484.15	0	.6201758	0	.2203098	.1595143
483.15	0	.6201435	0	.2202387	.1596179
482.15	0	.6201113	0	.220168	.1597207
481.15	0	.6200794	0	.2200977	.1598229
480.15	0	.6200478	0	.2200278	.1599244
479.15	0	.6200163	0	.2199584	.1600253
478.15	0	.6199851	0	.2198895	.1601254
477.15	0	.6199541	0	.219821	.160225
476.15	0	.6199233	0	.2197528	.1603238
475.15	0	.6198928	0	.2196852	.160422
474.15	0	.6198624	0	.219618	.1605196
473.15	0	.6198323	0	.2195512	.1606165
472.15	0	.6198024	0	.2194848	.1607128
471.15	0	.6197728	0	.2194188	.1608084
470.15	0	.6197433	0	.2193533	.1609034
469.15	0	.6197141	0	.2192882	.1609977
468.15	0	.6196851	0	.2192235	.1610915
467.15	0	.6196562	0	.2191592	.1611845
466.15	0	.6196276	0	.2190954	.161277
465.15	0	.6195993	0	.2190319	.1613688
464.15	0	.6195711	0	.2189689	.16146
463.15	0	.6195431	0	.2189063	.1615506
462.15	0	.6195154	0	.2188441	.1616405
461.15	0	.6194878	0	.2187823	.1617299
460.15	0	.6194605	0	.2187209	.1618186
459.15	0	.6194333	0	.2186599	.1619068
458.15	0	.6194064	0	.2185993	.1619943
457.15	0	.6193797	0	.2185391	.1620812
456.15	0	.6193532	0	.2184793	.1621676
455.15	0	.6193269	0	.2184199	.1622533
454.15	0	.6193007	0	.2183609	.1623384
453.15	0	.6192748	0	.2183022	.162423
452.15	0	.6192491	0	.218244	.1625069
451.15	0	.6192236	0	.2181862	.1625903
450.15	0	.6191982	0	.2181287	.1626731
