T	 BPW(LIQUID)	BPW(BCC_A2)	BPW(FCC_A1)	BPW(LAVES_PHASE_C14)	BPW(NI3TI)
1473.15	.3405129	.6594871	0	0	0
1472.15	.3366575	.6633425	0	0	0
1471.15	.3328316	.6671684	0	0	0
1470.15	.3290351	.6709649	0	0	0
1469.15	.3252677	.6747323	0	0	0
1468.15	.3215292	.6784708	0	0	0
1467.683	.319792	.680208	0	0	0
1467.683	.319792	.680208	0	0	0
1467.683	.319792	.680208	0	0	0
1467.15	.3163276	.6824868	0	.001185575	0
1466.15	.309916	.6866996	0	.003384469	0
1465.15	.303622	.6908288	0	.005549166	0
1464.15	.2974427	.6948767	0	.007680603	0
1463.15	.2913749	.6988454	0	.009779686	0
1462.15	.2854157	.702737	0	.01184729	0
1461.15	.2795623	.7065535	0	.01388426	0
1460.15	.273812	.7102966	0	.01589141	0
1459.15	.2681621	.7139684	0	.01786953	0
1458.15	.2626101	.7175706	0	.01981938	0
1457.15	.2571535	.7211049	0	.0217417	0
1456.15	.2517898	.724573	0	.0236372	0
1455.15	.2465169	.7279765	0	.02550658	0
1454.15	.2413324	.7313171	0	.02735048	0
1453.15	.2362342	.7345962	0	.02916957	0
1452.15	.2312202	.7378153	0	.03096447	0
1451.15	.2262883	.740976	0	.03273578	0
1450.15	.2214365	.7440794	0	.03448408	0
1449.15	.216663	.7471271	0	.03620994	0
1448.15	.2119659	.7501202	0	.03791392	0
1447.15	.2073433	.7530602	0	.03959654	0
1446.15	.2027935	.7559481	0	.04125831	0
1445.15	.198315	.7587853	0	.04289975	0
1444.15	.1939058	.7615728	0	.04452133	0
1443.15	.1895646	.7643119	0	.04612352	0
1442.15	.1852897	.7670035	0	.04770678	0
1441.15	.1810797	.7696487	0	.04927155	0
1440.15	.176933	.7722487	0	.05081826	0
1439.15	.1728483	.7748044	0	.05234732	0
1438.15	.1688242	.7773167	0	.05385914	0
1437.15	.1648593	.7797866	0	.05535412	0
1436.15	.1609523	.782215	0	.05683262	0
1435.15	.157102	.7846029	0	.05829503	0
1434.15	.1533072	.7869511	0	.0597417	0
1433.15	.1495666	.7892604	0	.06117298	0
1432.15	.1458791	.7915318	0	.0625892	0
1431.15	.1422435	.7937658	0	.06399071	0
1430.15	.1386587	.7959635	0	.06537781	0
1429.15	.1351238	.7981254	0	.06675082	0
1428.15	.1316375	.8002524	0	.06811005	0
1427.15	.128199	.8023452	0	.06945578	0
1426.15	.1248072	.8044045	0	.0707883	0
1425.15	.1214612	.8064309	0	.0721079	0
1424.15	.11816	.8084252	0	.07341484	0
1423.15	.1149027	.8103879	0	.07470938	0
1422.15	.1116885	.8123197	0	.07599179	0
1421.15	.1085164	.8142213	0	.0772623	0
1420.15	.1053857	.8160932	0	.07852117	0
1419.15	.1022954	.8179359	0	.07976864	0
1418.15	.09924486	.8197502	0	.08100492	0
1417.15	.09623322	.8215365	0	.08223026	0
1416.15	.09325973	.8232954	0	.08344486	0
1415.15	.09032366	.8250274	0	.08464893	0
1414.15	.08742428	.826733	0	.0858427	0
1413.15	.08456088	.8284128	0	.08702635	0
1412.15	.08173278	.8300671	0	.08820008	0
1411.15	.0789393	.8316966	0	.0893641	0
1410.15	.07617978	.8333016	0	.09051858	0
1409.15	.07345359	.8348827	0	.0916637	0
1408.15	.07076011	.8364402	0	.09279965	0
1407.15	.06809872	.8379747	0	.0939266	0
1406.15	.06546882	.8394865	0	.09504472	0
1405.15	.06286985	.840976	0	.09615418	0
1404.15	.06030122	.8424437	0	.09725512	0
1403.15	.05776239	.8438899	0	.09834772	0
1402.15	.05525281	.8453151	0	.09943213	0
1401.15	.05277196	.8467196	0	.1005085	0
1400.15	.05031932	.8481037	0	.1015769	0
1399.15	.04789438	.849468	0	.1026377	0
1398.15	.04549665	.8508126	0	.1036908	0
1397.15	.04312565	.852138	0	.1047364	0
1396.15	.04078091	.8534445	0	.1057746	0
1395.15	.03846197	.8547324	0	.1068057	0
1394.15	.03616837	.856002	0	.1078296	0
1393.15	.03389968	.8572537	0	.1088466	0
1392.15	.03165547	.8584878	0	.1098568	0
1391.15	.02943531	.8597045	0	.1108602	0
1390.15	.0272388	.8609042	0	.111857	0
1389.15	.02506553	.8620872	0	.1128473	0
1388.15	.0229151	.8632537	0	.1138312	0
1387.15	.02078714	.864404	0	.1148088	0
1386.15	.01868126	.8655385	0	.1157803	0
1385.15	.01659709	.8666572	0	.1167457	0
1384.15	.01453427	.8677606	0	.1177051	0
1383.15	.01249246	.8688489	0	.1186587	0
1382.15	.0104713	.8699223	0	.1196064	0
1381.15	.008470452	.870981	0	.1205485	0
1380.15	.006489587	.8720254	0	.121485	0
1379.15	.004528379	.8730556	0	.122416	0
1378.15	.002586509	.8740719	0	.1233416	0
1377.15	6.636671E-04	.8750745	0	.1242619	0
1376.803	0	.8754196	0	.1245804	0
1376.803	0	.8754196	0	.1245804	0
1376.15	0	.8749869	0	.1250131	0
1375.15	0	.874325	0	.125675	0
1374.15	0	.8736647	0	.1263353	0
1373.15	0	.8730058	0	.1269942	0
1372.15	0	.8723484	0	.1276516	0
1371.15	0	.8716925	0	.1283075	0
1370.15	0	.871038	0	.128962	0
1369.15	0	.870385	0	.129615	0
1368.15	0	.8697335	0	.1302665	0
1367.15	0	.8690835	0	.1309165	0
1366.15	0	.8684349	0	.1315651	0
1365.15	0	.8677878	0	.1322122	0
1364.15	0	.8671421	0	.1328579	0
1363.15	0	.8664979	0	.1335021	0
1362.15	0	.8658551	0	.1341449	0
1361.15	0	.8652137	0	.1347863	0
1360.15	0	.8645737	0	.1354262	0
1359.15	0	.8639352	0	.1360648	0
1358.15	0	.8632981	0	.1367019	0
1357.15	0	.8626624	0	.1373376	0
1356.15	0	.8620282	0	.1379718	0
1355.15	0	.8613953	0	.1386047	0
1354.15	0	.8607638	0	.1392362	0
1353.15	0	.8601338	0	.1398662	0
1352.15	0	.8595051	0	.1404949	0
1351.15	0	.8588778	0	.1411222	0
1350.15	0	.8582519	0	.1417482	0
1349.15	0	.8576273	0	.1423727	0
1348.15	0	.8570042	0	.1429959	0
1347.15	0	.8563824	0	.1436177	0
1346.15	0	.8557619	0	.1442381	0
1345.15	0	.8551429	0	.1448571	0
1344.15	0	.8545251	0	.1454749	0
1343.15	0	.8539088	0	.1460912	0
1342.15	0	.8532937	0	.1467063	0
1341.15	0	.8526801	0	.1473199	0
1340.15	0	.8520677	0	.1479323	0
1339.15	0	.8514567	0	.1485433	0
1338.15	0	.8508471	0	.1491529	0
1337.15	0	.8502387	0	.1497613	0
1336.15	0	.8496317	0	.1503683	0
1335.15	0	.849026	0	.150974	0
1334.15	0	.8484216	0	.1515784	0
1333.15	0	.8478185	0	.1521815	0
1332.15	0	.8472167	0	.1527833	0
1331.15	0	.8466162	0	.1533838	0
1330.15	0	.846017	0	.153983	0
1329.15	0	.8454192	0	.1545809	0
1328.15	0	.8448225	0	.1551775	0
1327.15	0	.8442272	0	.1557728	0
1326.15	0	.8436332	0	.1563668	0
1325.15	0	.8430404	0	.1569596	0
1324.15	0	.8424489	0	.1575511	0
1323.15	0	.8418587	0	.1581413	0
1322.15	0	.8412697	0	.1587303	0
1321.15	0	.840682	0	.159318	0
1320.15	0	.8400956	0	.1599044	0
1319.15	0	.8395104	0	.1604896	0
1318.15	0	.8389264	0	.1610736	0
1317.15	0	.8383437	0	.1616563	0
1316.15	0	.8377623	0	.1622377	0
1315.15	0	.837182	0	.162818	0
1314.15	0	.836603	0	.163397	0
1313.15	0	.8360253	0	.1639747	0
1312.15	0	.8354487	0	.1645513	0
1311.15	0	.8348734	0	.1651266	0
1310.15	0	.8342993	0	.1657007	0
1309.15	0	.8337264	0	.1662736	0
1308.15	0	.8331547	0	.1668453	0
1307.15	0	.8325843	0	.1674157	0
1306.15	0	.832015	0	.167985	0
1305.15	0	.8314469	0	.1685531	0
1304.15	0	.8308801	0	.1691199	0
1303.15	0	.8303144	0	.1696856	0
1302.15	0	.8297499	0	.1702501	0
1301.15	0	.8291866	0	.1708134	0
1300.15	0	.8286245	0	.1713755	0
1299.15	0	.8280635	0	.1719365	0
1298.15	0	.8275037	0	.1724963	0
1297.15	0	.8269451	0	.1730549	0
1296.15	0	.8263877	0	.1736123	0
1295.15	0	.8258314	0	.1741686	0
1294.15	0	.8252763	0	.1747237	0
1293.15	0	.8247223	0	.1752777	0
1292.15	0	.8241695	0	.1758305	0
1291.15	0	.8236178	0	.1763822	0
1290.15	0	.8230673	0	.1769327	0
1289.15	0	.822518	0	.177482	0
1288.15	0	.8219697	0	.1780303	0
1287.15	0	.8214226	0	.1785774	0
1286.15	0	.8208767	0	.1791233	0
1285.15	0	.8203318	0	.1796682	0
1284.15	0	.8197881	0	.1802119	0
1283.15	0	.8192455	0	.1807545	0
1282.15	0	.8187041	0	.1812959	0
1281.15	0	.8181637	0	.1818363	0
1280.15	0	.8176244	0	.1823755	0
1279.15	0	.8170863	0	.1829137	0
1278.15	0	.8165493	0	.1834507	0
1277.15	0	.8160134	0	.1839866	0
1276.15	0	.8154785	0	.1845215	0
1275.15	0	.8149448	0	.1850552	0
1274.15	0	.8144122	0	.1855878	0
1273.15	0	.8138806	0	.1861194	0
1272.15	0	.8133501	0	.1866499	0
1271.15	0	.8128208	0	.1871792	0
1270.15	0	.8122925	0	.1877075	0
1269.15	0	.8117652	0	.1882348	0
1268.15	0	.8112391	0	.1887609	0
1267.15	0	.810714	0	.189286	0
1266.15	0	.81019	0	.18981	0
1265.15	0	.809667	0	.190333	0
1264.15	0	.8091451	0	.1908549	0
1263.15	0	.8086243	0	.1913757	0
1262.15	0	.8081045	0	.1918955	0
1261.15	0	.8075858	0	.1924142	0
1260.15	0	.8070681	0	.1929319	0
1259.15	0	.8065515	0	.1934485	0
1258.15	0	.8060359	0	.1939641	0
1257.15	0	.8055214	0	.1944786	0
1256.15	0	.8050079	0	.1949921	0
1255.15	0	.8044954	0	.1955046	0
1254.15	0	.803984	0	.196016	0
1253.15	0	.8034735	0	.1965265	0
1252.15	0	.8029642	0	.1970359	0
1251.15	0	.8024558	0	.1975442	0
1250.15	0	.8019484	0	.1980516	0
1249.15	0	.8014421	0	.1985579	0
1248.15	0	.8009368	0	.1990632	0
1247.15	0	.8004325	0	.1995675	0
1246.15	0	.7999292	0	.2000708	0
1245.15	0	.7994269	0	.2005731	0
1244.15	0	.7989256	0	.2010744	0
1243.15	0	.7984253	0	.2015747	0
1242.15	0	.797926	0	.202074	0
1241.15	0	.7974277	0	.2025723	0
1240.15	0	.7969304	0	.2030696	0
1239.15	0	.7964341	0	.2035659	0
1238.15	0	.7959388	0	.2040612	0
1237.15	0	.7954444	0	.2045556	0
1236.15	0	.794951	0	.205049	0
1235.15	0	.7944587	0	.2055413	0
1234.15	0	.7939672	0	.2060328	0
1233.15	0	.7934768	0	.2065232	0
1232.15	0	.7929873	0	.2070127	0
1231.15	0	.7924988	0	.2075012	0
1230.15	0	.7920113	0	.2079888	0
1229.15	0	.7915247	0	.2084753	0
1228.15	0	.7910391	0	.208961	0
1227.15	0	.7905544	0	.2094456	0
1226.15	0	.7900707	0	.2099293	0
1225.15	0	.7895879	0	.2104121	0
1224.15	0	.7891061	0	.2108939	0
1223.15	0	.7886252	0	.2113748	0
1222.15	0	.7881453	0	.2118547	0
1221.15	0	.7876663	0	.2123337	0
1220.15	0	.7871883	0	.2128117	0
1219.15	0	.7867112	0	.2132888	0
1218.15	0	.786235	0	.213765	0
1217.15	0	.7857597	0	.2142403	0
1216.15	0	.7852854	0	.2147146	0
1215.15	0	.784812	0	.215188	0
1214.15	0	.7843396	0	.2156604	0
1213.15	0	.783868	0	.216132	0
1212.15	0	.7833974	0	.2166026	0
1211.15	0	.7829277	0	.2170723	0
1210.15	0	.7824589	0	.2175411	0
1209.15	0	.781991	0	.218009	0
1208.15	0	.781524	0	.218476	0
1207.15	0	.781058	0	.218942	0
1206.15	0	.7805928	0	.2194072	0
1205.15	0	.7801285	0	.2198715	0
1204.15	0	.7796652	0	.2203348	0
1203.15	0	.7792027	0	.2207973	0
1202.15	0	.7787411	0	.2212589	0
1201.15	0	.7782804	0	.2217196	0
1200.15	0	.7778206	0	.2221794	0
1199.15	0	.7773617	0	.2226383	0
1198.15	0	.7769037	0	.2230963	0
1197.15	0	.7764466	0	.2235534	0
1196.15	0	.7759903	0	.2240097	0
1195.15	0	.775535	0	.2244651	0
1194.15	0	.7750805	0	.2249195	0
1193.15	0	.7746268	0	.2253732	0
1192.15	0	.7741741	0	.2258259	0
1191.15	0	.7737222	0	.2262778	0
1190.15	0	.7732712	0	.2267288	0
1189.15	0	.772821	0	.227179	0
1188.15	0	.7723717	0	.2276283	0
1187.15	0	.7719233	0	.2280767	0
1186.15	0	.7714757	0	.2285243	0
1185.15	0	.771029	0	.228971	0
1184.15	0	.7705832	0	.2294168	0
1183.15	0	.7701382	0	.2298619	0
1182.15	0	.769694	0	.230306	0
1181.15	0	.7692507	0	.2307493	0
1180.15	0	.7688082	0	.2311918	0
1179.15	0	.7683666	0	.2316334	0
1178.15	0	.7679258	0	.2320742	0
1177.15	0	.7674859	0	.2325141	0
1176.15	0	.7670468	0	.2329532	0
1175.15	0	.7666085	0	.2333915	0
1174.15	0	.7661711	0	.2338289	0
1173.15	0	.7657345	0	.2342655	0
1172.15	0	.7652987	0	.2347013	0
1171.15	0	.7648637	0	.2351363	0
1170.15	0	.7644296	0	.2355704	0
1169.15	0	.7639963	0	.2360037	0
1168.15	0	.7635638	0	.2364362	0
1167.15	0	.7631322	0	.2368678	0
1166.15	0	.7627013	0	.2372987	0
1165.15	0	.7622713	0	.2377287	0
1164.15	0	.7618421	0	.2381579	0
1163.15	0	.7614137	0	.2385863	0
1162.15	0	.7609861	0	.2390139	0
1161.15	0	.7605593	0	.2394407	0
1160.15	0	.7601333	0	.2398667	0
1159.15	0	.7597081	0	.2402919	0
1158.15	0	.7592837	0	.2407163	0
1157.15	0	.7588602	0	.2411398	0
1156.15	0	.7584374	0	.2415626	0
1155.15	0	.7580154	0	.2419846	0
1154.15	0	.7575942	0	.2424058	0
1153.15	0	.7571738	0	.2428262	0
1152.15	0	.7567542	0	.2432459	0
1151.15	0	.7563353	0	.2436647	0
1150.15	0	.7559173	0	.2440827	0
1149.15	0	.7555	0	.2445	0
1148.15	0	.7550836	0	.2449165	0
1147.15	0	.7546679	0	.2453321	0
1146.15	0	.7542529	0	.2457471	0
1145.15	0	.7538388	0	.2461612	0
1144.15	0	.7534254	0	.2465746	0
1143.15	0	.7530128	0	.2469872	0
1142.15	0	.752601	0	.247399	0
1141.15	0	.75219	0	.24781	0
1140.15	0	.7517797	0	.2482203	0
1139.15	0	.7513702	0	.2486298	0
1138.15	0	.7509614	0	.2490386	0
1137.15	0	.7505534	0	.2494466	0
1136.15	0	.7501462	0	.2498538	0
1135.15	0	.7497397	0	.2502603	0
1134.15	0	.749334	0	.250666	0
1133.15	0	.748929	0	.251071	0
1132.15	0	.7485248	0	.2514752	0
1131.15	0	.7481214	0	.2518786	0
1130.15	0	.7477187	0	.2522813	0
1129.15	0	.7473167	0	.2526833	0
1128.15	0	.7469155	0	.2530845	0
1127.15	0	.7465151	0	.2534849	0
1126.15	0	.7461153	0	.2538847	0
1125.15	0	.7457164	0	.2542837	0
1124.15	0	.7453181	0	.2546819	0
1123.15	0	.7449206	0	.2550794	0
1122.15	0	.7445238	0	.2554762	0
1121.15	0	.7441278	0	.2558722	0
1120.15	0	.7437325	0	.2562675	0
1119.15	0	.743338	0	.2566621	0
1118.15	0	.7429441	0	.2570559	0
1117.15	0	.742551	0	.257449	0
1116.15	0	.7421586	0	.2578414	0
1115.15	0	.741767	0	.258233	0
1114.15	0	.7413761	0	.2586239	0
1113.15	0	.7409858	0	.2590142	0
1112.15	0	.7405964	0	.2594036	0
1111.15	0	.7402076	0	.2597924	0
1110.15	0	.7398195	0	.2601805	0
1109.15	0	.7394322	0	.2605678	0
1108.15	0	.7390456	0	.2609544	0
1107.15	0	.7386597	0	.2613403	0
1106.15	0	.7382745	0	.2617255	0
1105.15	0	.73789	0	.26211	0
1104.15	0	.7375062	0	.2624938	0
1103.15	0	.7371231	0	.2628769	0
1102.15	0	.7367408	0	.2632592	0
1101.15	0	.7363591	0	.2636409	0
1100.15	0	.7359782	0	.2640219	0
1099.15	0	.7355979	0	.2644021	0
1098.15	0	.7352183	0	.2647817	0
1097.15	0	.7348395	0	.2651605	0
1096.15	0	.7344613	0	.2655387	0
1095.15	0	.7340838	0	.2659162	0
1094.15	0	.733707	0	.266293	0
1093.15	0	.733331	0	.2666691	0
1092.15	0	.7329556	0	.2670444	0
1091.15	0	.7325809	0	.2674191	0
1090.15	0	.7322068	0	.2677932	0
1089.15	0	.7318335	0	.2681665	0
1088.15	0	.7314608	0	.2685392	0
1087.15	0	.7310889	0	.2689111	0
1086.15	0	.7307176	0	.2692824	0
1085.15	0	.730347	0	.269653	0
1084.15	0	.7299771	0	.2700229	0
1083.15	0	.7296078	0	.2703922	0
1082.15	0	.7292392	0	.2707608	0
1081.15	0	.7288714	0	.2711287	0
1080.15	0	.7285041	0	.2714959	0
1079.15	0	.7281376	0	.2718624	0
1078.15	0	.7277717	0	.2722283	0
1077.15	0	.7274065	0	.2725935	0
1076.15	0	.727042	0	.2729581	0
1075.15	0	.7266781	0	.2733219	0
1074.15	0	.7263149	0	.2736851	0
1073.15	0	.7259523	0	.2740477	0
1072.15	0	.7255904	0	.2744096	0
1071.15	0	.7252292	0	.2747708	0
1070.15	0	.7248687	0	.2751313	0
1069.15	0	.7245088	0	.2754912	0
1068.15	0	.7241495	0	.2758505	0
1067.15	0	.723791	0	.2762091	0
1066.15	0	.723433	0	.276567	0
1065.15	0	.7230758	0	.2769242	0
1064.15	0	.7227191	0	.2772809	0
1063.15	0	.7223632	0	.2776368	0
1062.15	0	.7220078	0	.2779922	0
1061.15	0	.7216532	0	.2783468	0
1060.15	0	.7212991	0	.2787009	0
1059.15	0	.7209458	0	.2790542	0
1058.15	0	.720593	0	.279407	0
1057.15	0	.7202409	0	.2797591	0
1056.15	0	.7198895	0	.2801105	0
1055.15	0	.7195387	0	.2804613	0
1054.15	0	.7191886	0	.2808115	0
1053.15	0	.718839	0	.281161	0
1052.15	0	.7184901	0	.2815099	0
1051.15	0	.7181419	0	.2818581	0
1050.15	0	.7177943	0	.2822057	0
1049.15	0	.7174473	0	.2825527	0
1048.15	0	.717101	0	.282899	0
1047.15	0	.7167553	0	.2832447	0
1046.15	0	.7164102	0	.2835898	0
1045.15	0	.7160657	0	.2839343	0
1044.15	0	.7157219	0	.2842781	0
1043.15	0	.7153787	0	.2846213	0
1042.15	0	.7150362	0	.2849638	0
1041.15	0	.7146942	0	.2853058	0
1040.15	0	.7143529	0	.2856471	0
1039.15	0	.7140122	0	.2859878	0
1038.15	0	.7136722	0	.2863278	0
1037.15	0	.7133327	0	.2866673	0
1036.15	0	.7129939	0	.2870061	0
1035.15	0	.7126557	0	.2873443	0
1034.15	0	.7123181	0	.2876819	0
1033.15	0	.7119811	0	.2880189	0
1032.15	0	.7116448	0	.2883552	0
1031.15	0	.711309	0	.288691	0
1030.15	0	.7109739	0	.2890261	0
1029.15	0	.7106394	0	.2893606	0
1028.15	0	.7103055	0	.2896945	0
1027.15	0	.7099722	0	.2900278	0
1026.15	0	.7096395	0	.2903605	0
1025.15	0	.7093075	0	.2906925	0
1024.15	0	.708976	0	.291024	0
1023.15	0	.7086451	0	.2913549	0
1022.15	0	.7083149	0	.2916851	0
1021.15	0	.7079853	0	.2920148	0
1020.15	0	.7076562	0	.2923438	0
1019.15	0	.7073278	0	.2926722	0
1018.15	0	.7069999	0	.2930001	0
1017.15	0	.7066727	0	.2933273	0
1016.15	0	.7063461	0	.2936539	0
1015.15	0	.70602	0	.29398	0
1014.15	0	.7056946	0	.2943054	0
1013.15	0	.7053697	0	.2946303	0
1012.15	0	.7050455	0	.2949545	0
1011.15	0	.7047218	0	.2952782	0
1010.15	0	.7043988	0	.2956012	0
1009.15	0	.7040763	0	.2959237	0
1008.15	0	.7037544	0	.2962456	0
1007.15	0	.7034332	0	.2965668	0
1006.15	0	.7031125	0	.2968875	0
1005.15	0	.7027924	0	.2972076	0
1004.15	0	.7024729	0	.2975272	0
1003.15	0	.7021539	0	.2978461	0
1002.15	0	.7018356	0	.2981644	0
1001.15	0	.7015178	0	.2984822	0
1000.15	0	.7012007	0	.2987993	0
999.15	0	.7008841	0	.2991159	0
998.15	0	.7005681	0	.2994319	0
997.15	0	.7002527	0	.2997473	0
996.15	0	.6999378	0	.3000622	0
995.15	0	.6996236	0	.3003764	0
994.15	0	.6993099	0	.3006901	0
993.15	0	.6989968	0	.3010032	0
992.15	0	.6986843	0	.3013157	0
991.15	0	.6983724	0	.3016276	0
990.15	0	.698061	0	.301939	0
989.15	0	.6977502	0	.3022498	0
988.15	0	.69744	0	.30256	0
987.15	0	.6971304	0	.3028696	0
986.15	0	.6968213	0	.3031787	0
985.15	0	.6965128	0	.3034872	0
984.15	0	.6962049	0	.3037951	0
983.15	0	.6958976	0	.3041025	0
982.15	0	.6955908	0	.3044092	0
981.15	0	.6952846	0	.3047154	0
980.15	0	.6949789	0	.3050211	0
979.15	0	.6946739	0	.3053262	0
978.15	0	.6943694	0	.3056307	0
977.15	0	.6940654	0	.3059346	0
976.9673	0	.6940099	0	.3059901	0
976.9673	0	.6940099	0	.3059901	0
976.9673	0	.6940099	0	.3059901	0
976.15	0	.6933874	4.237303E-04	.3061889	0
975.15	0	.6926272	9.412421E-04	.3064316	0
974.15	0	.6918688	.001457742	.3066735	0
973.15	0	.6911121	.001973237	.3069147	0
972.15	0	.6903571	.002487732	.3071552	0
971.15	0	.6896038	.003001234	.3073949	0
970.15	0	.6888523	.00351375	.307634	0
969.15	0	.6881024	.004025287	.3078723	0
968.15	0	.6873543	.00453585	.3081099	0
967.15	0	.6866078	.005045446	.3083467	0
966.15	0	.6858631	.005554082	.3085829	0
965.15	0	.68512	.006061766	.3088183	0
964.15	0	.6843785	.006568504	.309053	0
963.15	0	.6836388	.007074302	.3092869	0
962.15	0	.6829007	.007579169	.3095201	0
961.15	0	.6821643	.00808311	.3097526	0
960.15	0	.6814295	.008586134	.3099844	0
959.15	0	.6806963	.009088248	.3102154	0
958.15	0	.6799648	.009589459	.3104457	0
957.15	0	.6792349	.01008977	.3106753	0
956.15	0	.6785067	.0105892	.3109041	0
955.15	0	.67778	.01108775	.3111322	0
954.15	0	.677055	.01158542	.3113596	0
953.15	0	.6763316	.01208223	.3115862	0
952.15	0	.6756097	.01257819	.3118121	0
951.15	0	.6748895	.01307329	.3120372	0
950.15	0	.6741708	.01356755	.3122617	0
949.15	0	.6734537	.01406098	.3124853	0
948.15	0	.6727382	.01455359	.3127082	0
947.15	0	.6720242	.01504538	.3129304	0
946.15	0	.6713118	.01553637	.3131518	0
945.15	0	.6706009	.01602655	.3133725	0
944.15	0	.6698916	.01651595	.3135925	0
943.15	0	.6691838	.01700456	.3138117	0
942.15	0	.6684775	.0174924	.3140301	0
941.15	0	.6677727	.01797948	.3142478	0
940.15	0	.6670695	.01846581	.3144647	0
939.15	0	.6663677	.01895139	.3146809	0
938.15	0	.6656675	.01943623	.3148963	0
937.15	0	.6649687	.01992035	.315111	0
936.15	0	.6642714	.02040376	.3153249	0
935.15	0	.6635755	.02088645	.315538	0
934.15	0	.6628811	.02136845	.3157504	0
933.15	0	.6621882	.02184977	.315962	0
932.15	0	.6614967	.0223304	.3161729	0
931.15	0	.6608067	.02281038	.3163829	0
930.15	0	.6601181	.02328969	.3165923	0
929.15	0	.6594309	.02376836	.3168008	0
928.15	0	.6587451	.02424639	.3170086	0
927.15	0	.6580607	.0247238	.3172156	0
926.15	0	.6573776	.0252006	.3174218	0
925.15	0	.656696	.02567679	.3176272	0
924.15	0	.6560158	.0261524	.3178318	0
923.15	0	.6553369	.02662742	.3180357	0
922.15	0	.6546594	.02710188	.3182388	0
921.15	0	.6539832	.02757578	.3184411	0
920.15	0	.6533083	.02804913	.3186426	0
919.15	0	.6526348	.02852195	.3188433	0
918.15	0	.6519626	.02899425	.3190432	0
917.15	0	.6512917	.02946604	.3192423	0
916.15	0	.6506221	.02993734	.3194406	0
915.15	0	.6499537	.03040815	.3196381	0
914.15	0	.6492867	.03087849	.3198348	0
913.15	0	.6486209	.03134837	.3200307	0
912.15	0	.6479564	.03181781	.3202258	0
911.15	0	.6472931	.03228681	.3204201	0
910.15	0	.6466311	.0327554	.3206135	0
909.15	0	.6459703	.03322358	.3208061	0
908.15	0	.6453107	.03369137	.320998	0
907.15	0	.6446523	.03415879	.3211889	0
906.15	0	.6439951	.03462584	.3213791	0
905.15	0	.643339	.03509254	.3215684	0
904.15	0	.6426842	.03555891	.3217569	0
903.15	0	.6420305	.03602495	.3219446	0
902.15	0	.6413779	.0364907	.3221314	0
901.15	0	.6407265	.03695615	.3223174	0
900.15	0	.6400762	.03742133	.3225025	0
899.15	0	.639427	.03788625	.3226868	0
898.15	0	.6387789	.03835093	.3228702	0
897.15	0	.6381319	.03881538	.3230528	0
896.15	0	.6374859	.03927962	.3232345	0
895.15	0	.636841	.03974367	.3234153	0
894.15	0	.6361972	.04020754	.3235953	0
893.15	0	.6355544	.04067125	.3237744	0
892.15	0	.6349126	.04113481	.3239526	0
891.15	0	.6342718	.04159826	.3241299	0
890.15	0	.633632	.04206159	.3243064	0
889.15	0	.6329932	.04252483	.324482	0
888.15	0	.6323554	.042988	.3246566	0
887.15	0	.6317185	.04345111	.3248304	0
886.15	0	.6310825	.04391419	.3250033	0
885.15	0	.6304475	.04437726	.3251753	0
884.15	0	.6298134	.04484033	.3253463	0
883.15	0	.6291801	.04530341	.3255165	0
882.15	0	.6285478	.04576655	.3256857	0
881.15	0	.6279163	.04622974	.325854	0
880.15	0	.6272856	.04669302	.3260214	0
879.15	0	.6266558	.0471564	.3261878	0
878.15	0	.6260268	.04761991	.3263533	0
877.15	0	.6253985	.04808356	.3265179	0
876.15	0	.6247711	.04854738	.3266815	0
875.15	0	.6241445	.04901139	.3268442	0
874.15	0	.6235185	.04947562	.3270059	0
873.15	0	.6228933	.04994008	.3271666	0
872.15	0	.6222689	.05040479	.3273263	0
871.15	0	.6216451	.05086979	.3274851	0
870.15	0	.621022	.0513351	.3276429	0
869.15	0	.6203995	.05180073	.3277997	0
868.15	0	.6197777	.05226672	.3279555	0
867.15	0	.6191566	.05273309	.3281104	0
866.15	0	.618536	.05319986	.3282642	0
865.15	0	.617916	.05366707	.328417	0
864.15	0	.6172965	.05413473	.3285687	0
863.15	0	.6166776	.05460288	.3287195	0
862.15	0	.6160593	.05507154	.3288692	0
861.15	0	.6154414	.05554074	.3290179	0
860.15	0	.614824	.05601051	.3291655	0
859.15	0	.6142071	.05648087	.329312	0
858.15	0	.6135906	.05695186	.3294575	0
857.15	0	.6129745	.05742351	.329602	0
856.15	0	.6123588	.05789584	.3297453	0
855.15	0	.6117435	.05836889	.3298876	0
854.15	0	.6111286	.05884269	.3300288	0
853.15	0	.6105139	.05931727	.3301688	0
852.15	0	.6098996	.05979266	.3303078	0
851.15	0	.6092855	.0602689	.3304456	0
850.15	0	.6086717	.06074603	.3305823	0
849.15	0	.6080581	.06122406	.3307179	0
848.15	0	.6074447	.06170305	.3308523	0
847.15	0	.6068314	.06218303	.3309856	0
846.15	0	.6062183	.06266403	.3311177	0
845.15	0	.6056054	.06314609	.3312486	0
844.15	0	.6049925	.06362925	.3313783	0
843.15	0	.6043796	.06411356	.3315068	0
842.15	0	.6037676	.0645983	.3316341	0
841.15	0	.6031548	.06508503	.3317602	0
840.15	0	.6025419	.06557303	.331885	0
839.15	0	.601929	.06606232	.3320087	0
838.15	0	.601316	.06655297	.3321311	0
837.15	0	.6007028	.06704501	.3322522	0
836.15	0	.6000895	.06753849	.332372	0
835.15	0	.599476	.06803346	.3324905	0
834.15	0	.5988623	.06852996	.3326078	0
833.15	0	.5982483	.06902805	.3327237	0
832.15	0	.5976339	.06952777	.3328383	0
831.15	0	.5970193	.07002918	.3329515	0
830.15	0	.5964042	.07053233	.3330634	0
829.15	0	.5957888	.07103727	.3331739	0
828.15	0	.5951729	.07154407	.3332831	0
827.15	0	.5945565	.07205277	.3333908	0
826.15	0	.5939395	.07256343	.3334971	0
825.15	0	.5933219	.07307613	.3336019	0
824.15	0	.5927038	.07359091	.3337053	0
823.15	0	.5920849	.07410785	.3338072	0
822.15	0	.5914653	.074627	.3339077	0
821.15	0	.5908449	.07514844	.3340066	0
820.15	0	.5902237	.07567224	.334104	0
819.15	0	.5896017	.07619846	.3341999	0
818.15	0	.5889787	.07672719	.3342942	0
817.15	0	.5883547	.0772585	.3343868	0
816.15	0	.5877296	.07779246	.3344779	0
815.15	0	.5871035	.07832917	.3345674	0
814.15	0	.5864762	.07886869	.3346552	0
813.15	0	.5858476	.07941112	.3347412	0
812.15	0	.5852178	.07995656	.3348257	0
811.15	0	.5845866	.08050508	.3349083	0
810.15	0	.583954	.08105679	.3349892	0
809.15	0	.5833199	.08161179	.3350683	0
808.15	0	.5826842	.08217018	.3351456	0
807.15	0	.5820469	.08273207	.3352211	0
806.15	0	.5814078	.08329756	.3352947	0
805.15	0	.5807669	.08386677	.3353663	0
804.15	0	.5801241	.08443983	.335436	0
803.15	0	.5794793	.08501686	.3355038	0
802.15	0	.5788325	.08559798	.3355695	0
801.15	0	.5781835	.08618332	.3356332	0
800.15	0	.5775321	.08677304	.3356948	0
799.15	0	.5768784	.08736728	.3357543	0
798.15	0	.5762222	.08796618	.3358116	0
797.15	0	.5755634	.08856992	.3358667	0
796.15	0	.5749019	.08917865	.3359195	0
795.15	0	.5742375	.08979255	.33597	0
794.15	0	.5735701	.0904118	.3360181	0
793.15	0	.5728996	.09103659	.3360638	0
792.15	0	.5722258	.09166713	.3361071	0
791.15	0	.5715486	.09230363	.3361478	0
790.15	0	.5708678	.09294631	.336186	0
789.15	0	.5701832	.09359539	.3362214	0
788.15	0	.5694947	.09425113	.3362542	0
787.15	0	.5688021	.0949138	.3362841	0
786.15	0	.5681052	.09558365	.3363112	0
785.15	0	.5674037	.09626098	.3363353	0
784.15	0	.5666975	.09694611	.3363564	0
783.15	0	.5659863	.09763936	.3363744	0
782.15	0	.5652698	.09834106	.3363891	0
781.15	0	.5645479	.0990516	.3364005	0
780.15	0	.5638202	.09977136	.3364085	0
779.15	0	.5630863	.1005008	.3364129	0
778.15	0	.5623461	.1012403	.3364137	0
777.15	0	.5615991	.1019903	.3364106	0
776.15	0	.5608449	.1027515	.3364036	0
775.15	0	.5600832	.1035243	.3363925	0
774.15	0	.5593135	.1043093	.3363772	0
773.15	0	.5585353	.1051072	.3363574	0
772.15	0	.5577483	.1059187	.336333	0
771.15	0	.5569517	.1067446	.3363038	0
770.15	0	.5561449	.1075855	.3362695	0
769.15	0	.5553274	.1084426	.33623	0
768.15	0	.5544985	.1093167	.3361848	0
767.15	0	.5536572	.1102089	.3361339	0
766.15	0	.5528029	.1111204	.3360767	0
765.15	0	.5519344	.1120525	.3360131	0
764.15	0	.5510507	.1130068	.3359425	0
763.15	0	.5501507	.1139847	.3358646	0
762.15	0	.5492329	.1149882	.3357788	0
761.15	0	.5482959	.1160194	.3356847	0
760.15	0	.547338	.1170804	.3355815	0
759.15	0	.5463572	.1181741	.3354687	0
758.15	0	.5453512	.1193035	.3353453	0
757.15	0	.5443175	.1204721	.3352105	0
756.15	0	.5432529	.121684	.3350631	0
755.15	0	.5421539	.1229441	.3349019	0
754.15	0	.5410162	.1242584	.3347254	0
753.15	0	.5393968	.1262086	.3343946	0
752.15	0	.5371098	.1290424	.3338478	0
751.15	0	.5350301	.1316117	.3333582	0
750.15	0	.5331201	.1339649	.332915	0
749.15	0	.5313518	.1361379	.3325104	0
748.15	0	.5297042	.1381576	.3321382	0
747.15	0	.5281606	.1400454	.331794	0
746.15	0	.5267081	.1418181	.3314739	0
745.15	0	.5253358	.1434893	.3311749	0
744.15	0	.524035	.1450704	.3308946	0
743.15	0	.5227982	.1465708	.330631	0
742.15	0	.5216193	.1479984	.3303823	0
741.15	0	.5204929	.1493601	.330147	0
740.15	0	.5194145	.1506617	.3299239	0
739.15	0	.51838	.1519082	.3297118	0
738.15	0	.5173859	.1531042	.3295098	0
737.15	0	.5164293	.1542536	.3293171	0
736.15	0	.5155074	.1553597	.3291329	0
735.15	0	.5146176	.1564258	.3289566	0
734.15	0	.513758	.1574544	.3287876	0
733.15	0	.5129265	.1584482	.3286253	0
732.15	0	.5121214	.1594093	.3284693	0
731.15	0	.5113411	.1603397	.3283191	0
730.15	0	.5105842	.1612413	.3281745	0
729.15	0	.5098492	.1621158	.3280349	0
728.15	0	.5091351	.1629647	.3279002	0
727.15	0	.5084406	.1637894	.32777	0
726.15	0	.5077649	.1645911	.327644	0
725.15	0	.5071068	.1653711	.3275221	0
724.15	0	.5064657	.1661305	.3274039	0
723.15	0	.5058406	.1668702	.3272892	0
722.15	0	.5052308	.1675913	.327178	0
721.15	0	.5046356	.1682945	.3270699	0
720.15	0	.5040543	.1689808	.3269649	0
719.15	0	.5034865	.1696509	.3268627	0
718.15	0	.5029314	.1703054	.3267632	0
717.15	0	.5023885	.1709451	.3266664	0
716.15	0	.5018575	.1715705	.326572	0
715.15	0	.5013376	.1721824	.32648	0
714.15	0	.5008287	.1727811	.3263902	0
713.15	0	.5003302	.1733673	.3263025	0
712.15	0	.4998417	.1739414	.3262169	0
711.15	0	.4993628	.1745039	.3261332	0
710.15	0	.4988933	.1750553	.3260514	0
709.15	0	.4984328	.1755958	.3259714	0
708.15	0	.4979809	.176126	.3258931	0
707.15	0	.4975374	.1766462	.3258164	0
706.15	0	.4971019	.1771568	.3257413	0
705.15	0	.4966743	.177658	.3256677	0
704.15	0	.4962543	.1781502	.3255955	0
703.15	0	.4958415	.1786338	.3255247	0
702.15	0	.4954359	.1791089	.3254552	0
701.15	0	.4950371	.1795759	.325387	0
700.15	0	.4946449	.180035	.32532	0
699.15	0	.4942592	.1804866	.3252542	0
698.15	0	.4938798	.1809307	.3251896	0
697.15	0	.4935064	.1813676	.325126	0
696.15	0	.4931389	.1817977	.3250635	0
695.15	0	.4927771	.182221	.3250019	0
694.15	0	.4924209	.1826377	.3249414	0
693.15	0	.4920701	.1830481	.3248818	0
692.15	0	.4917245	.1834524	.3248231	0
691.15	0	.4913841	.1838507	.3247652	0
690.15	0	.4910486	.1842432	.3247082	0
689.15	0	.490718	.18463	.324652	0
688.15	0	.4903921	.1850113	.3245966	0
687.15	0	.4900708	.1853873	.3245419	0
686.15	0	.4897539	.1857581	.324488	0
685.15	0	.4894414	.1861238	.3244348	0
684.15	0	.4891332	.1864846	.3243822	0
683.15	0	.4888291	.1868406	.3243304	0
682.15	0	.4885291	.1871919	.3242791	0
681.15	0	.4882329	.1875386	.3242284	0
680.15	0	.4879407	.1878809	.3241784	0
679.15	0	.4876522	.1882189	.3241289	0
678.15	0	.4873674	.1885527	.32408	0
677.15	0	.4870861	.1888823	.3240316	0
676.15	0	.4868084	.1892079	.3239837	0
675.15	0	.4865341	.1895296	.3239364	0
674.15	0	.4862631	.1898474	.3238895	0
673.15	0	.4859954	.1901615	.3238431	0
672.15	0	.4857309	.190472	.3237971	0
671.15	0	.4854695	.1907789	.3237516	0
670.15	0	.4852112	.1910822	.3237065	0
669.15	0	.4849559	.1913822	.3236619	0
668.15	0	.4847035	.1916789	.3236176	0
667.15	0	.484454	.1919723	.3235737	0
666.15	0	.4842073	.1922625	.3235302	0
665.15	0	.4839634	.1925496	.3234871	0
664.15	0	.4837221	.1928336	.3234443	0
663.15	0	.4834835	.1931146	.3234018	0
662.15	0	.4832475	.1933928	.3233597	0
661.15	0	.483014	.193668	.3233179	0
660.15	0	.482783	.1939405	.3232765	0
659.15	0	.4825545	.1942102	.3232353	0
658.15	0	.4823283	.1944773	.3231944	0
657.15	0	.4821045	.1947417	.3231538	0
656.15	0	.481883	.1950035	.3231135	0
655.15	0	.4816637	.1952628	.3230735	0
654.15	0	.4814467	.1955197	.3230337	0
653.15	0	.4812318	.1957741	.3229942	0
652.15	0	.481019	.1960261	.3229549	0
651.15	0	.4808084	.1962758	.3229159	0
650.15	0	.4805998	.1965232	.322877	0
649.15	0	.4803932	.1967683	.3228384	0
648.15	0	.4801886	.1970113	.3228001	0
647.15	0	.479986	.1972521	.3227619	0
646.15	0	.4797852	.1974908	.322724	0
645.15	0	.4795864	.1977274	.3226862	0
644.15	0	.4793894	.1979619	.3226487	0
643.15	0	.4791942	.1981945	.3226113	0
642.15	0	.4790008	.1984251	.3225741	0
641.15	0	.4788092	.1986537	.3225371	0
640.15	0	.4786193	.1988805	.3225003	0
639.15	0	.478431	.1991054	.3224636	0
638.15	0	.4782445	.1993284	.3224271	0
637.15	0	.4780596	.1995497	.3223908	0
636.15	0	.4778763	.1997691	.3223546	0
635.15	0	.4776946	.1999869	.3223186	0
634.15	0	.4775144	.2002029	.3222827	0
633.15	0	.4773359	.2004172	.3222469	0
632.15	0	.4771588	.2006299	.3222113	0
631.15	0	.4769832	.200841	.3221758	0
630.15	0	.476809	.2010505	.3221405	0
629.15	0	.4766364	.2012584	.3221052	0
628.15	0	.4764651	.2014647	.3220701	0
627.15	0	.4762953	.2016696	.3220352	0
626.15	0	.4761268	.2018729	.3220003	0
625.15	0	.4759597	.2020748	.3219655	0
624.15	0	.4757939	.2022752	.3219309	0
623.15	0	.4756295	.2024742	.3218964	0
622.15	0	.4754663	.2026718	.3218619	0
621.15	0	.4753045	.2028679	.3218276	0
620.15	0	.4751439	.2030628	.3217934	0
619.15	0	.4749845	.2032563	.3217592	0
618.15	0	.4748264	.2034484	.3217252	0
617.15	0	.4746695	.2036393	.3216912	0
616.15	0	.4745137	.2038289	.3216574	0
615.15	0	.4743592	.2040172	.3216236	0
614.15	0	.4742058	.2042043	.3215899	0
613.15	0	.4740536	.2043902	.3215563	0
612.15	0	.4739025	.2045748	.3215227	0
611.15	0	.4737525	.2047583	.3214893	0
610.15	0	.4736036	.2049406	.3214559	0
609.15	0	.4734558	.2051217	.3214226	0
608.15	0	.473309	.2053017	.3213893	0
607.15	0	.4731633	.2054805	.3213562	0
606.15	0	.4730187	.2056583	.321323	0
605.15	0	.4728751	.2058349	.32129	0
604.15	0	.4727325	.2060105	.321257	0
603.15	0	.4725909	.206185	.3212241	0
602.15	0	.4724503	.2063585	.3211913	0
601.15	0	.4723107	.2065309	.3211585	0
600.15	0	.472172	.2067023	.3211257	0
599.15	0	.4720343	.2068727	.321093	0
598.15	0	.4718975	.2070421	.3210604	0
597.15	0	.4717617	.2072105	.3210278	0
596.15	0	.4716268	.2073779	.3209953	0
595.15	0	.4714928	.2075444	.3209629	0
594.15	0	.4713596	.2077099	.3209304	0
593.15	0	.4712274	.2078745	.3208981	0
592.15	0	.4710961	.2080382	.3208657	0
591.15	0	.4709656	.208201	.3208335	0
590.15	0	.470836	.2083628	.3208012	0
589.15	0	.4707072	.2085238	.320769	0
588.15	0	.4705792	.2086839	.3207369	0
587.15	0	.4704521	.2088431	.3207048	0
586.15	0	.4703258	.2090015	.3206727	0
585.15	0	.4702003	.209159	.3206407	0
584.15	0	.4700756	.2093157	.3206087	0
583.15	0	.4699517	.2094716	.3205768	0
582.15	0	.4698286	.2096266	.3205449	0
581.15	0	.4697062	.2097808	.320513	0
580.15	0	.4695846	.2099343	.3204811	0
579.15	0	.4694638	.2100869	.3204493	0
578.15	0	.4693437	.2102388	.3204176	0
577.15	0	.4692243	.2103898	.3203858	0
576.15	0	.4691057	.2105401	.3203542	0
575.15	0	.4689878	.2106897	.3203225	0
574.15	0	.4688707	.2108385	.3202909	0
573.15	0	.4687542	.2109866	.3202592	0
572.15	0	.4686384	.2111339	.3202277	0
571.15	0	.4685234	.2112805	.3201961	0
570.15	0	.468409	.2114264	.3201646	0
569.15	0	.4682954	.2115716	.3201331	0
568.15	0	.4681824	.211716	.3201016	0
567.15	0	.46807	.2118598	.3200702	0
566.15	0	.4679583	.2120029	.3200388	0
565.15	0	.4678473	.2121453	.3200074	0
564.15	0	.4677369	.2122871	.3199761	0
563.15	0	.4676271	.2124281	.3199447	0
562.15	0	.467518	.2125685	.3199135	0
561.15	0	.4674095	.2127083	.3198822	0
560.15	0	.4673017	.2128474	.319851	0
559.15	0	.4671944	.2129858	.3198198	0
558.15	0	.4670878	.2131236	.3197886	0
557.15	0	.4669818	.2132608	.3197574	0
556.15	0	.4668763	.2133974	.3197263	0
555.15	0	.4667715	.2135333	.3196952	0
554.15	0	.4666673	.2136686	.3196641	0
553.15	0	.4665636	.2138034	.319633	0
552.15	0	.4664606	.2139375	.319602	0
551.15	0	.4663581	.214071	.319571	0
550.15	0	.4662561	.2142039	.31954	0
549.15	0	.4661548	.2143362	.319509	0
548.15	0	.466054	.2144679	.3194781	0
547.15	0	.4659537	.2145991	.3194472	0
546.15	0	.465854	.2147297	.3194163	0
545.15	0	.4657549	.2148597	.3193854	0
544.15	0	.4656563	.2149892	.3193546	0
543.15	0	.4655582	.2151181	.3193237	0
542.15	0	.4654607	.2152464	.3192929	0
541.15	0	.4653636	.2153742	.3192622	0
540.15	0	.4652672	.2155014	.3192314	0
539.15	0	.4651712	.2156282	.3192007	0
538.15	0	.4650757	.2157543	.31917	0
537.15	0	.4649808	.2158799	.3191393	0
536.15	0	.4648864	.216005	.3191086	0
535.15	0	.4647924	.2161296	.319078	0
534.15	0	.464699	.2162536	.3190474	0
533.15	0	.464606	.2163772	.3190168	0
532.15	0	.4645136	.2165002	.3189862	0
531.15	0	.4644217	.2166227	.3189557	0
530.15	0	.4643302	.2167447	.3189251	0
529.15	0	.4642392	.2168662	.3188946	0
528.15	0	.4641487	.2169872	.3188642	0
527.15	0	.4640586	.2171077	.3188337	0
526.15	0	.4639691	.2172277	.3188033	0
525.15	0	.4638799	.2173472	.3187729	0
524.15	0	.4637913	.2174662	.3187425	0
523.15	0	.4637031	.2175847	.3187122	0
522.15	0	.4636154	.2177028	.3186818	0
521.15	0	.4635281	.2178204	.3186515	0
520.15	0	.4634413	.2179375	.3186212	0
519.15	0	.4633549	.2180541	.318591	0
518.15	0	.463269	.2181703	.3185607	0
517.15	0	.4631835	.218286	.3185305	0
516.15	0	.4630985	.2184012	.3185004	0
515.15	0	.4630138	.218516	.3184702	0
514.15	0	.4629297	.2186303	.3184401	0
513.15	0	.4628459	.2187441	.31841	0
512.15	0	.4627626	.2188575	.3183799	0
511.15	0	.4626797	.2189705	.3183498	0
510.15	0	.4625972	.219083	.3183198	0
509.15	0	.4625151	.219195	.3182898	0
508.15	0	.4624335	.2193067	.3182599	0
507.15	0	.4623523	.2194178	.3182299	0
506.15	0	.4622714	.2195286	.3182	0
505.15	0	.462191	.2196389	.3181701	0
504.15	0	.462111	.2197487	.3181403	0
503.15	0	.4620314	.2198582	.3181104	0
502.15	0	.4619522	.2199672	.3180806	0
501.15	0	.4618734	.2200757	.3180509	0
500.15	0	.461795	.2201839	.3180211	0
499.15	0	.461717	.2202916	.3179914	0
498.15	0	.4616394	.2203989	.3179617	0
497.15	0	.4615621	.2205058	.3179321	0
496.15	0	.4614853	.2206123	.3179025	0
495.15	0	.4614088	.2207183	.3178729	0
494.15	0	.4613327	.220824	.3178433	0
493.15	0	.461257	.2209292	.3178138	0
492.15	0	.4611817	.221034	.3177843	0
491.15	0	.4611068	.2211384	.3177548	0
490.15	0	.4610322	.2212424	.3177254	0
489.15	0	.460958	.221346	.317696	0
488.15	0	.4608842	.2214492	.3176666	0
487.15	0	.4608107	.221552	.3176373	0
486.15	0	.4607376	.2216544	.317608	0
485.15	0	.4606649	.2217564	.3175787	0
484.15	0	.4605925	.221858	.3175495	0
483.15	0	.4605205	.2219592	.3175203	0
482.15	0	.4604489	.22206	.3174911	0
481.15	0	.4603776	.2221605	.317462	0
480.15	0	.4603066	.2222605	.3174329	0
479.15	0	.460236	.2223601	.3174039	0
478.15	0	.4601658	.2224594	.3173748	0
477.15	0	.4600959	.2225582	.3173459	0
476.15	0	.4600264	.2226567	.3173169	0
475.15	0	.4599572	.2227548	.317288	0
474.15	0	.4598884	.2228525	.3172591	0
473.15	0	.4598199	.2229498	.3172303	0
472.15	0	.4597517	.2230468	.3172015	0
471.15	0	.4596839	.2231434	.3171728	0
470.15	0	.4596164	.2232396	.317144	0
469.15	0	.4595493	.2233354	.3171154	0
468.15	0	.4594825	.2234308	.3170867	0
467.15	0	.459416	.2235259	.3170581	0
466.15	0	.4593499	.2236206	.3170296	0
465.15	0	.459284	.2237149	.3170011	0
464.15	0	.4592186	.2238088	.3169726	0
463.15	0	.4591534	.2239024	.3169442	0
462.15	0	.4590886	.2239956	.3169158	0
461.15	0	.4590241	.2240885	.3168875	0
460.15	0	.4589599	.224181	.3168592	0
459.15	0	.458896	.2242731	.3168309	0
458.15	0	.4588325	.2243648	.3168027	0
457.15	0	.4587693	.2244562	.3167745	0
456.15	0	.4587064	.2245472	.3167464	0
455.15	0	.4586438	.2246379	.3167183	0
454.15	0	.4585815	.2247282	.3166903	0
453.15	0	.4585196	.2248181	.3166623	0
452.15	0	.458458	.2249077	.3166344	0
451.15	0	.4583966	.2249969	.3166065	0
450.15	0	.4583356	.2250857	.3165787	0
449.15	0	.4582749	.2251742	.3165509	0
448.15	0	.4582146	.2252623	.3165232	0
447.15	0	.4581545	.22535	.3164955	0
446.15	0	.4580948	.2254373	.3164679	0
445.15	0	.4580354	.2255243	.3164403	0
444.15	0	.4579763	.2256109	.3164128	0
443.15	0	.4579176	.2256971	.3163854	0
442.15	0	.4578591	.2257829	.316358	0
441.15	0	.457801	.2258683	.3163307	0
440.15	0	.4577432	.2259534	.3163034	0
439.15	0	.4576857	.226038	.3162763	0
438.15	0	.4576286	.2261223	.3162492	0
437.15	0	.4575718	.2262061	.3162221	0
436.15	0	.4575153	.2262895	.3161952	0
435.15	0	.4574592	.2263726	.3161683	0
434.15	0	.4574034	.2264552	.3161415	0
433.15	0	.4573479	.2265374	.3161147	0
432.15	0	.4572928	.2266192	.3160881	0
431.15	0	.457238	.2267005	.3160615	0
430.15	0	.4571835	.2267815	.316035	0
429.15	0	.4571294	.226862	.3160086	0
428.15	0	.4570755	.2269421	.3159823	0
427.15	0	.4570221	.2270218	.3159561	0
426.15	0	.456969	.2271011	.3159299	0
425.15	0	.4569162	.22718	.3159039	0
424.15	0	.4568637	.2272584	.3158779	0
423.15	0	.4568116	.2273364	.315852	0
422.15	0	.4567598	.227414	.3158262	0
421.15	0	.4567084	.2274911	.3158005	0
420.15	0	.4566573	.2275678	.3157749	0
419.15	0	.4566065	.2276441	.3157494	0
418.15	0	.456556	.22772	.315724	0
417.15	0	.4565059	.2277954	.3156987	0
416.15	0	.4564561	.2278704	.3156735	0
415.15	0	.4564067	.227945	.3156483	0
414.15	0	.4563576	.2280192	.3156233	0
413.15	0	.4563088	.2280929	.3155983	0
412.15	0	.4562603	.2281662	.3155735	0
411.15	0	.4562122	.2282391	.3155487	0
410.15	0	.4561643	.2283116	.3155241	0
409.15	0	.4561169	.2283836	.3154995	0
408.15	0	.4560697	.2284552	.3154751	0
407.15	0	.4560228	.2285264	.3154507	0
406.15	0	.4559763	.2285972	.3154265	0
405.15	0	.4559301	.2286676	.3154023	0
404.15	0	.4558842	.2287375	.3153782	0
403.15	0	.4558387	.2288071	.3153543	0
402.15	0	.4557934	.2288762	.3153304	0
401.15	0	.4557485	.2289449	.3153067	0
400.15	0	.4557038	.2290132	.315283	0
399.15	0	.4556595	.229081	.3152594	0
398.15	0	.4556155	.2291485	.315236	0
397.15	0	.4555718	.2292156	.3152126	0
396.15	0	.4555284	.2292822	.3151894	0
395.15	0	.4554853	.2293485	.3151662	0
394.15	0	.4554425	.2294144	.3151431	0
393.15	0	.4554	.2294798	.3151202	0
392.15	0	.4553579	.2295449	.3150973	0
391.15	0	.4553159	.2296095	.3150745	0
390.15	0	.4552744	.2296738	.3150519	0
389.15	0	.455233	.2297377	.3150293	0
388.15	0	.455192	.2298012	.3150068	0
387.15	0	.4551513	.2298643	.3149844	0
386.15	0	.4551108	.229927	.3149622	0
385.15	0	.4550707	.2299893	.31494	0
384.15	0	.4550308	.2300513	.3149179	0
383.15	0	.4549912	.2301129	.3148959	0
382.15	0	.4549519	.2301741	.314874	0
381.15	0	.4549128	.2302349	.3148523	0
380.15	0	.4548741	.2302954	.3148306	0
379.15	0	.4548356	.2303555	.314809	0
378.15	0	.4547973	.2304152	.3147875	0
377.15	0	.4547594	.2304746	.3147661	0
376.15	0	.4547217	.2305336	.3147448	0
375.15	0	.4546843	.2305922	.3147235	0
374.15	0	.4546471	.2306505	.3147024	0
373.15	0	.4546102	.2307084	.3146814	0
372.15	0	.4545735	.230766	.3146605	0
371.15	0	.4545371	.2308233	.3146396	0
370.15	0	.454501	.2308801	.3146189	0
369.15	0	.4544651	.2309367	.3145982	0
368.15	0	.4544295	.2309929	.3145777	0
