T	 BPW(LIQUID)	BPW(BCC_A2)	BPW(FCC_A1)	BPW(LAVES_PHASE_C14)	BPW(NI3TI)
1473.15	.4735831	.3821995	0	.1442175	0
1472.15	.466456	.3870054	0	.1465386	0
1471.15	.4594624	.3917174	0	.1488202	0
1470.15	.4525988	.396338	0	.1510633	0
1469.15	.4458615	.4008695	0	.1532689	0
1468.15	.4392474	.4053145	0	.1554382	0
1467.15	.432753	.409675	0	.157572	0
1466.15	.4263752	.4139533	0	.1596715	0
1465.15	.4201111	.4181515	0	.1617374	0
1464.15	.4139576	.4222717	0	.1637707	0
1463.15	.4079119	.4263159	0	.1657722	0
1462.15	.4019713	.4302858	0	.1677428	0
1461.15	.3961331	.4341835	0	.1696834	0
1460.15	.3903948	.4380106	0	.1715946	0
1459.15	.3847538	.441769	0	.1734772	0
1458.15	.3792078	.4454602	0	.175332	0
1457.15	.3737544	.449086	0	.1771596	0
1456.15	.3683913	.4526479	0	.1789608	0
1455.15	.3631164	.4561474	0	.1807362	0
1454.15	.3579275	.459586	0	.1824865	0
1453.15	.3528226	.4629652	0	.1842122	0
1452.15	.3477997	.4662863	0	.185914	0
1451.15	.3428568	.4695507	0	.1875925	0
1450.15	.3379922	.4727597	0	.1892481	0
1449.15	.3332039	.4759145	0	.1908816	0
1448.15	.3284902	.4790165	0	.1924933	0
1447.15	.3238494	.4820667	0	.1940838	0
1446.15	.3192799	.4850664	0	.1956537	0
1445.15	.3147799	.4880167	0	.1972033	0
1444.15	.310348	.4909187	0	.1987332	0
1443.15	.3059827	.4937735	0	.2002438	0
1442.15	.3016824	.496582	0	.2017356	0
1441.15	.2974457	.4993453	0	.203209	0
1440.15	.2932712	.5020644	0	.2046643	0
1439.15	.2891577	.5047403	0	.2061021	0
1438.15	.2851036	.5073737	0	.2075227	0
1437.15	.2811078	.5099658	0	.2089264	0
1436.15	.2771691	.5125172	0	.2103137	0
1435.15	.2732862	.5150289	0	.2116849	0
1434.15	.2694579	.5175018	0	.2130404	0
1433.15	.265683	.5199365	0	.2143805	0
1432.15	.2619606	.5223339	0	.2157055	0
1431.15	.2582894	.5246948	0	.2170157	0
1430.15	.2546685	.5270199	0	.2183116	0
1429.15	.2510968	.52931	0	.2195933	0
1428.15	.2475732	.5315656	0	.2208612	0
1427.15	.2440969	.5337876	0	.2221155	0
1426.15	.2406668	.5359766	0	.2233566	0
1425.15	.2372821	.5381332	0	.2245847	0
1424.15	.2339418	.5402581	0	.2258	0
1423.15	.2306451	.542352	0	.227003	0
1422.15	.2273911	.5444153	0	.2281937	0
1421.15	.2241789	.5464487	0	.2293724	0
1420.15	.2210078	.5484528	0	.2305394	0
1419.15	.2178769	.5504282	0	.2316949	0
1418.15	.2147855	.5523753	0	.2328392	0
1417.15	.2117329	.5542948	0	.2339724	0
1416.15	.2087182	.5561871	0	.2350948	0
1415.15	.2057408	.5580527	0	.2362066	0
1414.15	.2027999	.5598922	0	.2373079	0
1413.15	.1998949	.561706	0	.2383991	0
1412.15	.1970252	.5634946	0	.2394802	0
1411.15	.19419	.5652585	0	.2405515	0
1410.15	.1913887	.5669981	0	.2416132	0
1409.15	.1886207	.5687139	0	.2426654	0
1408.15	.1858854	.5704063	0	.2437083	0
1407.15	.1831822	.5720756	0	.2447421	0
1406.15	.1805106	.5737224	0	.245767	0
1405.15	.1778698	.575347	0	.2467831	0
1404.15	.1752595	.5769499	0	.2477906	0
1403.15	.172679	.5785313	0	.2487896	0
1402.15	.1701279	.5800917	0	.2497804	0
1401.15	.1676056	.5816315	0	.2507629	0
1400.15	.1651115	.583151	0	.2517375	0
1399.15	.1626453	.5846505	0	.2527042	0
1398.15	.1602065	.5861304	0	.2536631	0
1397.15	.1577945	.5875911	0	.2546145	0
1396.15	.1554088	.5890328	0	.2555584	0
1395.15	.1530492	.5904559	0	.256495	0
1394.15	.150715	.5918606	0	.2574243	0
1393.15	.1484059	.5932475	0	.2583466	0
1392.15	.1461215	.5946166	0	.259262	0
1391.15	.1438613	.5959683	0	.2601704	0
1390.15	.1416249	.5973029	0	.2610722	0
1389.15	.139412	.5986206	0	.2619674	0
1388.15	.1372221	.5999218	0	.262856	0
1387.15	.1350549	.6012068	0	.2637383	0
1386.15	.13291	.6024757	0	.2646143	0
1385.15	.1307871	.6037288	0	.2654841	0
1384.15	.1286857	.6049665	0	.2663478	0
1383.15	.1266055	.6061889	0	.2672055	0
1382.15	.1245463	.6073963	0	.2680574	0
1381.15	.1225076	.608589	0	.2689035	0
1380.15	.1204891	.6097671	0	.2697439	0
1379.15	.1184905	.6109309	0	.2705786	0
1378.15	.1165115	.6120806	0	.2714079	0
1377.15	.1145518	.6132165	0	.2722317	0
1376.15	.1126111	.6143387	0	.2730502	0
1375.15	.1106891	.6154475	0	.2738635	0
1374.15	.1087855	.616543	0	.2746715	0
1373.15	.1068999	.6176256	0	.2754745	0
1372.15	.1050323	.6186953	0	.2762724	0
1371.15	.1031821	.6197524	0	.2770654	0
1370.15	.1013493	.6207971	0	.2778536	0
1369.15	.09953347	.6218296	0	.278637	0
1368.15	.09773443	.62285	0	.2794156	0
1367.15	.09595191	.6238585	0	.2801896	0
1366.15	.09418566	.6248553	0	.280959	0
1365.15	.09243544	.6258406	0	.281724	0
1364.15	.090701	.6268146	0	.2824844	0
1363.15	.08898212	.6277773	0	.2832405	0
1362.15	.08727857	.6287291	0	.2839923	0
1361.15	.08559011	.62967	0	.2847399	0
1360.15	.08391653	.6306002	0	.2854833	0
1359.15	.08225761	.6315199	0	.2862225	0
1358.15	.08061314	.6324292	0	.2869577	0
1357.15	.0789829	.6333283	0	.2876888	0
1356.15	.0773667	.6342172	0	.2884161	0
1355.15	.07576434	.6350963	0	.2891394	0
1354.15	.0741756	.6359655	0	.2898589	0
1353.15	.0726003	.6368251	0	.2905746	0
1352.15	.07103826	.6376752	0	.2912866	0
1351.15	.06948927	.6385159	0	.2919949	0
1350.15	.06795316	.6393473	0	.2926995	0
1349.15	.06642975	.6401696	0	.2934006	0
1348.15	.06491885	.6409829	0	.2940982	0
1347.15	.0634203	.6417874	0	.2947923	0
1346.15	.06193392	.6425831	0	.295483	0
1345.15	.06045954	.6433702	0	.2961702	0
1344.15	.05899701	.6441488	0	.2968542	0
1343.15	.05754615	.6449191	0	.2975348	0
1342.15	.0561068	.645681	0	.2982122	0
1341.15	.05467882	.6464348	0	.2988864	0
1340.15	.05326203	.6471806	0	.2995574	0
1339.15	.05185631	.6479184	0	.3002253	0
1338.15	.05046148	.6486484	0	.3008901	0
1337.15	.04907741	.6493707	0	.3015519	0
1336.15	.04770396	.6500854	0	.3022107	0
1335.15	.04634097	.6507926	0	.3028665	0
1334.15	.04498832	.6514923	0	.3035193	0
1333.15	.04364586	.6521848	0	.3041693	0
1332.15	.04231347	.6528701	0	.3048165	0
1331.15	.04099099	.6535482	0	.3054608	0
1330.15	.03967832	.6542193	0	.3061024	0
1329.15	.03837531	.6548835	0	.3067412	0
1328.15	.03708185	.6555409	0	.3073773	0
1327.15	.0357978	.6561915	0	.3080107	0
1326.15	.03452305	.6568354	0	.3086415	0
1325.15	.03325748	.6574728	0	.3092697	0
1324.15	.03200096	.6581037	0	.3098953	0
1323.15	.03075338	.6587283	0	.3105183	0
1322.15	.02951463	.6593465	0	.3111389	0
1321.15	.0282846	.6599584	0	.311757	0
1320.15	.02706317	.6605643	0	.3123726	0
1319.15	.02585023	.661164	0	.3129858	0
1318.15	.02464567	.6617578	0	.3135965	0
1317.15	.0234494	.6623456	0	.314205	0
1316.15	.0222613	.6629276	0	.3148111	0
1315.15	.02108128	.6635039	0	.3154148	0
1314.15	.01990923	.6640744	0	.3160163	0
1313.15	.01874505	.6646394	0	.3166156	0
1312.15	.01758865	.6651987	0	.3172126	0
1311.15	.01643993	.6657527	0	.3178074	0
1310.15	.01529879	.6663012	0	.3184001	0
1309.15	.01416514	.6668443	0	.3189905	0
1308.15	.01303889	.6673822	0	.3195789	0
1307.15	.01191995	.6679149	0	.3201652	0
1306.15	.01080823	.6684424	0	.3207493	0
1305.15	.009703631	.6689649	0	.3213315	0
1304.15	.00860608	.6694824	0	.3219116	0
1303.15	.007515488	.6699949	0	.3224896	0
1302.15	.006431769	.6705025	0	.3230657	0
1301.15	.00535484	.6710053	0	.3236399	0
1300.15	.004284621	.6715033	0	.3242121	0
1299.15	.003218338	.671999	0	.3247827	0
1298.15	.002161303	.6724877	0	.325351	0
1297.15	.001110739	.6729717	0	.3259175	0
1296.15	6.656864E-05	.6734513	0	.3264822	0
1296.086	0	.6734818	0	.3265182	0
1296.086	0	.6734818	0	.3265182	0
1295.15	0	.6730737	0	.3269263	0
1294.15	0	.6726386	0	.3273614	0
1293.15	0	.6722044	0	.3277956	0
1292.15	0	.6717711	0	.3282289	0
1291.15	0	.6713388	0	.3286612	0
1290.15	0	.6709073	0	.3290927	0
1289.15	0	.6704768	0	.3295232	0
1288.15	0	.6700471	0	.3299529	0
1287.15	0	.6696184	0	.3303816	0
1286.15	0	.6691905	0	.3308095	0
1285.15	0	.6687636	0	.3312364	0
1284.15	0	.6683375	0	.3316625	0
1283.15	0	.6679124	0	.3320876	0
1282.15	0	.6674881	0	.3325119	0
1281.15	0	.6670647	0	.3329353	0
1280.15	0	.6666422	0	.3333578	0
1279.15	0	.6662206	0	.3337795	0
1278.15	0	.6657998	0	.3342002	0
1277.15	0	.6653799	0	.3346201	0
1276.15	0	.6649609	0	.3350391	0
1275.15	0	.6645428	0	.3354573	0
1274.15	0	.6641255	0	.3358745	0
1273.15	0	.6637091	0	.3362909	0
1272.15	0	.6632935	0	.3367065	0
1271.15	0	.6628788	0	.3371212	0
1270.15	0	.662465	0	.337535	0
1269.15	0	.662052	0	.337948	0
1268.15	0	.6616398	0	.3383602	0
1267.15	0	.6612286	0	.3387714	0
1266.15	0	.6608181	0	.3391819	0
1265.15	0	.6604085	0	.3395915	0
1264.15	0	.6599998	0	.3400002	0
1263.15	0	.6595918	0	.3404082	0
1262.15	0	.6591848	0	.3408152	0
1261.15	0	.6587785	0	.3412215	0
1260.15	0	.6583731	0	.3416269	0
1259.15	0	.6579685	0	.3420315	0
1258.15	0	.6575647	0	.3424353	0
1257.15	0	.6571618	0	.3428382	0
1256.15	0	.6567597	0	.3432403	0
1255.15	0	.6563584	0	.3436416	0
1254.15	0	.6559579	0	.3440421	0
1253.15	0	.6555582	0	.3444418	0
1252.15	0	.6551594	0	.3448406	0
1251.15	0	.6547614	0	.3452387	0
1250.15	0	.6543641	0	.3456359	0
1249.15	0	.6539677	0	.3460323	0
1248.15	0	.6535721	0	.346428	0
1247.15	0	.6531772	0	.3468228	0
1246.15	0	.6527832	0	.3472168	0
1245.15	0	.65239	0	.34761	0
1244.15	0	.6519975	0	.3480025	0
1243.15	0	.6516059	0	.3483941	0
1242.15	0	.651215	0	.348785	0
1241.15	0	.650825	0	.3491751	0
1240.15	0	.6504357	0	.3495643	0
1239.15	0	.6500472	0	.3499528	0
1238.15	0	.6496594	0	.3503406	0
1237.15	0	.6492725	0	.3507275	0
1236.15	0	.6488863	0	.3511137	0
1235.15	0	.6485009	0	.3514991	0
1234.15	0	.6481163	0	.3518837	0
1233.15	0	.6477325	0	.3522675	0
1232.15	0	.6473494	0	.3526506	0
1231.15	0	.6469671	0	.3530329	0
1230.15	0	.6465855	0	.3534145	0
1229.15	0	.6462047	0	.3537953	0
1228.15	0	.6458247	0	.3541753	0
1227.15	0	.6454454	0	.3545546	0
1226.15	0	.6450669	0	.3549331	0
1225.15	0	.6446891	0	.3553109	0
1224.15	0	.6443121	0	.3556879	0
1223.15	0	.6439358	0	.3560642	0
1222.15	0	.6435603	0	.3564397	0
1221.15	0	.6431855	0	.3568145	0
1220.15	0	.6428115	0	.3571885	0
1219.15	0	.6424382	0	.3575618	0
1218.15	0	.6420656	0	.3579344	0
1217.15	0	.6416938	0	.3583062	0
1216.15	0	.6413227	0	.3586773	0
1215.815	0	.6411986	0	.3588014	0
1215.815	0	.6411986	0	.3588014	0
1215.815	0	.6411986	0	.3588014	0
1215.15	0	.6405251	4.519197E-04	.359023	0
1214.15	0	.6395146	.001129917	.3593555	0
1213.15	0	.6385068	.001806045	.3596872	0
1212.15	0	.6375017	.002480309	.360018	0
1211.15	0	.6364994	.00315271	.3603479	0
1210.15	0	.6354997	.003823253	.360677	0
1209.15	0	.6345028	.004491941	.3610053	0
1208.15	0	.6335085	.005158777	.3613327	0
1207.15	0	.632517	.005823764	.3616592	0
1206.15	0	.6315281	.006486906	.361985	0
1205.15	0	.6305419	.007148206	.3623099	0
1204.15	0	.6295584	.007807666	.362634	0
1203.15	0	.6285775	.00846529	.3629572	0
1202.15	0	.6275993	.009121082	.3632796	0
1201.15	0	.6266238	.009775044	.3636012	0
1200.15	0	.6256508	.01042718	.363922	0
1199.15	0	.6246806	.01107749	.3642419	0
1198.15	0	.6237129	.01172598	.3645611	0
1197.15	0	.6227479	.01237265	.3648794	0
1196.15	0	.6217855	.01301752	.365197	0
1195.15	0	.6208258	.01366056	.3655137	0
1194.15	0	.6198686	.0143018	.3658296	0
1193.15	0	.618914	.01494123	.3661447	0
1192.15	0	.6179621	.01557887	.366459	0
1191.15	0	.6170127	.0162147	.3667726	0
1190.15	0	.616066	.01684873	.3670853	0
1189.15	0	.6151218	.01748097	.3673973	0
1188.15	0	.6141802	.01811142	.3677084	0
1187.15	0	.6132411	.01874008	.3680188	0
1186.15	0	.6123047	.01936696	.3683284	0
1185.15	0	.6113708	.01999205	.3686372	0
1184.15	0	.6104394	.02061536	.3689452	0
1183.15	0	.6095106	.0212369	.3692525	0
1182.15	0	.6085843	.02185666	.369559	0
1181.15	0	.6076606	.02247465	.3698647	0
1180.15	0	.6067394	.02309087	.3701697	0
1179.15	0	.6058208	.02370532	.3704739	0
1178.15	0	.6049047	.02431801	.3707773	0
1177.15	0	.6039911	.02492894	.37108	0
1176.15	0	.60308	.02553811	.3713819	0
1175.15	0	.6021714	.02614553	.3716831	0
1174.15	0	.6012653	.02675119	.3719835	0
1173.15	0	.6003617	.0273551	.3722832	0
1172.15	0	.5994606	.02795726	.3725821	0
1171.15	0	.598562	.02855768	.3728803	0
1170.15	0	.5976659	.02915635	.3731777	0
1169.15	0	.5967723	.02975329	.3734744	0
1168.15	0	.5958811	.03034848	.3737704	0
1167.15	0	.5949925	.03094194	.3740656	0
1166.15	0	.5941062	.03153367	.3743601	0
1165.15	0	.5932225	.03212366	.3746539	0
1164.15	0	.5923412	.03271193	.3749469	0
1163.15	0	.5914623	.03329847	.3752392	0
1162.15	0	.5905859	.03388329	.3755308	0
1161.15	0	.589712	.03446639	.3758217	0
1160.15	0	.5888404	.03504777	.3761118	0
1159.15	0	.5879713	.03562743	.3764012	0
1158.15	0	.5871047	.03620537	.3766899	0
1157.15	0	.5862405	.03678161	.376978	0
1156.15	0	.5853786	.03735613	.3772652	0
1155.15	0	.5845192	.03792895	.3775518	0
1154.15	0	.5836622	.03850009	.3778377	0
1153.15	0	.5828076	.0390695	.3781229	0
1152.15	0	.5819554	.0396372	.3784074	0
1151.15	0	.5811057	.04020322	.3786911	0
1150.15	0	.5802583	.04076753	.3789742	0
1149.15	0	.5794133	.04133015	.3792566	0
1148.15	0	.5785706	.04189108	.3795383	0
1147.15	0	.5777304	.04245032	.3798193	0
1146.15	0	.5768926	.04300787	.3800996	0
1145.15	0	.5760571	.04356374	.3803792	0
1144.15	0	.5752239	.04411792	.3806581	0
1143.15	0	.5743932	.04467043	.3809364	0
1142.15	0	.5735648	.04522125	.381214	0
1141.15	0	.5727387	.0457704	.3814909	0
1140.15	0	.5719151	.04631787	.3817671	0
1139.15	0	.5710937	.04686367	.3820426	0
1138.15	0	.5702747	.0474078	.3823175	0
1137.15	0	.5694581	.04795026	.3825917	0
1136.15	0	.5686438	.04849105	.3828652	0
1135.15	0	.5678318	.04903018	.383138	0
1134.15	0	.5670221	.04956765	.3834102	0
1133.15	0	.5662148	.05010345	.3836818	0
1132.15	0	.5654098	.0506376	.3839526	0
1131.15	0	.5646071	.05117009	.3842228	0
1130.15	0	.5638067	.05170092	.3844924	0
1129.15	0	.5630086	.0522301	.3847613	0
1128.15	0	.5622129	.05275764	.3850295	0
1127.15	0	.5614194	.05328352	.3852971	0
1126.15	0	.5606282	.05380775	.385564	0
1125.15	0	.5598394	.05433034	.3858303	0
1124.15	0	.5590528	.05485128	.3860959	0
1123.15	0	.5582685	.05537059	.3863609	0
1122.15	0	.5574865	.05588825	.3866253	0
1121.15	0	.5567068	.05640428	.386889	0
1120.15	0	.5559293	.05691867	.387152	0
1119.15	0	.5551542	.05743142	.3874144	0
1118.15	0	.5543812	.05794255	.3876762	0
1117.15	0	.5536106	.05845204	.3879374	0
1116.15	0	.5528422	.0589599	.3881979	0
1115.15	0	.5520761	.05946614	.3884577	0
1114.15	0	.5513123	.05997075	.388717	0
1113.15	0	.5505507	.06047374	.3889756	0
1112.15	0	.5497913	.0609751	.3892336	0
1111.15	0	.5490342	.06147485	.389491	0
1110.15	0	.5482793	.06197297	.3897477	0
1109.15	0	.5475267	.06246948	.3900038	0
1108.15	0	.5467763	.06296438	.3902593	0
1107.15	0	.5460282	.06345766	.3905142	0
1106.15	0	.5452822	.06394933	.3907684	0
1105.15	0	.5445385	.06443939	.3910221	0
1104.15	0	.5437971	.06492784	.3912751	0
1103.15	0	.5430578	.06541469	.3915275	0
1102.15	0	.5423208	.06589993	.3917793	0
1101.15	0	.5415859	.06638357	.3920305	0
1100.15	0	.5408534	.0668656	.3922811	0
1099.15	0	.540123	.06734604	.392531	0
1098.15	0	.5393948	.06782488	.3927804	0
1097.15	0	.5386688	.06830212	.3930291	0
1096.15	0	.537945	.06877776	.3932773	0
1095.15	0	.5372234	.06925182	.3935248	0
1094.15	0	.536504	.06972428	.3937717	0
1093.15	0	.5357868	.07019515	.3940181	0
1092.15	0	.5350717	.07066443	.3942638	0
1091.15	0	.5343589	.07113213	.394509	0
1090.15	0	.5336482	.07159824	.3947535	0
1089.15	0	.5329398	.07206277	.3949975	0
1088.15	0	.5322335	.07252572	.3952408	0
1087.15	0	.5315293	.07298708	.3954836	0
1086.15	0	.5308274	.07344687	.3957258	0
1085.15	0	.5301276	.07390508	.3959673	0
1084.15	0	.52943	.07436171	.3962083	0
1083.15	0	.5287345	.07481678	.3964487	0
1082.15	0	.5280412	.07527026	.3966886	0
1081.15	0	.52735	.07572218	.3969278	0
1080.15	0	.526661	.07617253	.3971664	0
1079.15	0	.5259742	.07662131	.3974045	0
1078.15	0	.5252895	.07706853	.397642	0
1077.15	0	.524607	.07751418	.3978789	0
1076.15	0	.5239266	.07795827	.3981152	0
1075.15	0	.5232483	.07840079	.3983509	0
1074.15	0	.5225722	.07884176	.3985861	0
1073.15	0	.5218982	.07928117	.3988207	0
1072.15	0	.5212263	.07971902	.3990547	0
1071.15	0	.5205566	.08015532	.3992881	0
1070.15	0	.519889	.08059007	.399521	0
1069.15	0	.5192235	.08102326	.3997532	0
1068.15	0	.5185601	.08145491	.399985	0
1067.15	0	.5178989	.081885	.4002161	0
1066.15	0	.5172398	.08231355	.4004467	0
1065.15	0	.5165828	.08274056	.4006767	0
1064.15	0	.5159279	.08316602	.4009061	0
1063.15	0	.5152751	.08358994	.401135	0
1062.15	0	.5146244	.08401232	.4013633	0
1061.15	0	.5139759	.08443316	.401591	0
1060.15	0	.5133294	.08485247	.4018182	0
1059.15	0	.512685	.08527024	.4020448	0
1058.15	0	.5120427	.08568647	.4022708	0
1057.15	0	.5114025	.08610118	.4024963	0
1056.15	0	.5107645	.08651436	.4027212	0
1055.15	0	.5101285	.086926	.4029455	0
1054.15	0	.5094945	.08733612	.4031693	0
1053.15	0	.5088627	.08774472	.4033926	0
1052.15	0	.508233	.08815179	.4036153	0
1051.15	0	.5076053	.08855735	.4038374	0
1050.15	0	.5069797	.08896138	.4040589	0
1049.15	0	.5063562	.0893639	.4042799	0
1048.15	0	.5057347	.0897649	.4045004	0
1047.15	0	.5051154	.09016438	.4047203	0
1046.15	0	.5044981	.09056236	.4049396	0
1045.15	0	.5038828	.09095882	.4051584	0
1044.15	0	.5032696	.09135378	.4053766	0
1043.15	0	.5026585	.09174723	.4055943	0
1042.15	0	.5020494	.09213917	.4058114	0
1041.15	0	.5014424	.09252961	.406028	0
1040.15	0	.5008375	.09291855	.406244	0
1039.15	0	.5002346	.09330599	.4064595	0
1038.15	0	.4996337	.09369194	.4066744	0
1037.15	0	.4990349	.09407639	.4068887	0
1036.15	0	.4984381	.09445935	.4071026	0
1035.15	0	.4978434	.09484082	.4073158	0
1034.15	0	.4972507	.09522079	.4075285	0
1033.15	0	.49666	.09559929	.4077407	0
1032.15	0	.4960714	.09597629	.4079523	0
1031.15	0	.4954848	.09635182	.4081634	0
1030.15	0	.4949002	.09672586	.4083739	0
1029.15	0	.4943177	.09709843	.4085839	0
1028.15	0	.4937372	.09746953	.4087933	0
1027.15	0	.4931587	.09783914	.4090022	0
1026.15	0	.4925822	.09820729	.4092106	0
1025.15	0	.4920077	.09857397	.4094183	0
1024.15	0	.4914352	.09893918	.4096256	0
1023.15	0	.4908648	.09930293	.4098323	0
1022.15	0	.4902963	.09966522	.4100384	0
1021.15	0	.4897299	.100026	.4102441	0
1020.15	0	.4891655	.1003854	.4104491	0
1019.15	0	.488603	.1007433	.4106536	0
1018.15	0	.4880426	.1010998	.4108576	0
1017.15	0	.4874842	.1014548	.411061	0
1016.15	0	.4869277	.1018084	.4112639	0
1015.15	0	.4863732	.1021605	.4114663	0
1014.15	0	.4858208	.1025112	.4116681	0
1013.15	0	.4852703	.1028604	.4118693	0
1012.15	0	.4847217	.1032083	.41207	0
1011.15	0	.4841752	.1035546	.4122702	0
1010.15	0	.4836306	.1038996	.4124698	0
1009.15	0	.4830881	.1042431	.4126689	0
1008.15	0	.4825474	.1045852	.4128674	0
1007.15	0	.4820088	.1049259	.4130654	0
1006.15	0	.4814721	.1052651	.4132628	0
1005.15	0	.4809373	.105603	.4134597	0
1004.15	0	.4804046	.1059394	.413656	0
1003.15	0	.4798737	.1062744	.4138518	0
1002.15	0	.4793449	.1066081	.4140471	0
1001.15	0	.4788179	.1069403	.4142418	0
1000.15	0	.478293	.1072711	.414436	0
999.15	0	.4777699	.1076005	.4146296	0
998.15	0	.4772488	.1079285	.4148226	0
997.15	0	.4767297	.1082552	.4150151	0
996.15	0	.4762124	.1085805	.4152071	0
995.15	0	.4756971	.1089044	.4153985	0
994.15	0	.4751837	.1092269	.4155894	0
993.15	0	.4746723	.109548	.4157797	0
992.15	0	.4741628	.1098678	.4159695	0
991.15	0	.4736551	.1101862	.4161587	0
990.15	0	.4731494	.1105032	.4163474	0
989.15	0	.4726456	.1108189	.4165355	0
988.15	0	.4721437	.1111332	.4167231	0
987.15	0	.4716437	.1114462	.4169101	0
986.15	0	.4711456	.1117579	.4170965	0
985.15	0	.4706494	.1120682	.4172824	0
984.15	0	.4701551	.1123771	.4174678	0
983.15	0	.4696627	.1126848	.4176526	0
982.15	0	.4691721	.1129911	.4178368	0
981.15	0	.4686834	.1132961	.4180205	0
980.15	0	.4681966	.1135997	.4182036	0
979.15	0	.4677117	.1139021	.4183862	0
978.15	0	.4672286	.1142032	.4185682	0
977.15	0	.4667474	.1145029	.4187497	0
976.15	0	.4662681	.1148014	.4189305	0
975.15	0	.4657906	.1150986	.4191109	0
974.15	0	.4653149	.1153945	.4192906	0
973.15	0	.4648411	.1156891	.4194698	0
972.15	0	.4643691	.1159824	.4196484	0
971.15	0	.463899	.1162745	.4198265	0
970.15	0	.4634307	.1165653	.420004	0
969.15	0	.4629642	.1168549	.4201809	0
968.15	0	.4624995	.1171432	.4203573	0
967.15	0	.4620367	.1174303	.420533	0
966.15	0	.4615757	.1177161	.4207083	0
965.15	0	.4611164	.1180007	.4208829	0
964.15	0	.460659	.1182841	.421057	0
963.15	0	.4602033	.1185662	.4212304	0
962.15	0	.4597495	.1188472	.4214034	0
961.15	0	.4592974	.1191269	.4215757	0
960.15	0	.4588471	.1194055	.4217474	0
959.15	0	.4583986	.1196828	.4219186	0
958.15	0	.4579518	.119959	.4220892	0
957.15	0	.4575068	.120234	.4222592	0
956.15	0	.4570636	.1205079	.4224286	0
955.15	0	.4566221	.1207806	.4225974	0
954.15	0	.4561823	.1210521	.4227656	0
953.15	0	.4557443	.1213225	.4229333	0
952.15	0	.455308	.1215917	.4231003	0
951.15	0	.4548734	.1218599	.4232668	0
950.15	0	.4544405	.1221269	.4234326	0
949.15	0	.4540094	.1223928	.4235979	0
948.15	0	.4535799	.1226576	.4237625	0
947.15	0	.4531522	.1229213	.4239266	0
946.15	0	.4527261	.1231839	.42409	0
945.15	0	.4523017	.1234455	.4242528	0
944.15	0	.451879	.123706	.4244151	0
943.15	0	.4514579	.1239654	.4245767	0
942.15	0	.4510385	.1242238	.4247377	0
941.15	0	.4506207	.1244812	.4248981	0
940.15	0	.4502046	.1247376	.4250578	0
939.15	0	.4497901	.1249929	.425217	0
938.15	0	.4493773	.1252472	.4253755	0
937.15	0	.448966	.1255006	.4255334	0
936.15	0	.4485564	.1257529	.4256907	0
935.15	0	.4481484	.1260044	.4258473	0
934.15	0	.4477419	.1262548	.4260033	0
933.15	0	.447337	.1265043	.4261587	0
932.15	0	.4469337	.1267529	.4263134	0
931.15	0	.446532	.1270005	.4264675	0
930.15	0	.4461318	.1272473	.4266209	0
929.15	0	.4457332	.1274931	.4267737	0
928.15	0	.445336	.1277381	.4269259	0
927.15	0	.4449405	.1279822	.4270774	0
926.15	0	.4445464	.1282254	.4272282	0
925.15	0	.4441538	.1284678	.4273784	0
924.15	0	.4437627	.1287094	.4275279	0
923.15	0	.4433731	.1289501	.4276768	0
922.15	0	.4429849	.1291901	.427825	0
921.15	0	.4425983	.1294293	.4279725	0
920.15	0	.442213	.1296677	.4281193	0
919.15	0	.4418292	.1299053	.4282655	0
918.15	0	.4414468	.1301422	.428411	0
917.15	0	.4410658	.1303784	.4285558	0
916.15	0	.4406862	.1306139	.4286999	0
915.15	0	.440308	.1308487	.4288433	0
914.15	0	.4399312	.1310828	.428986	0
913.15	0	.4395557	.1313163	.429128	0
912.15	0	.4391816	.1315491	.4292693	0
911.15	0	.4388088	.1317813	.4294099	0
910.15	0	.4384373	.1320129	.4295498	0
909.15	0	.4380671	.1322439	.429689	0
908.15	0	.4376982	.1324744	.4298274	0
907.15	0	.4373306	.1327042	.4299652	0
906.15	0	.4369642	.1329336	.4301021	0
905.15	0	.4365991	.1331625	.4302384	0
904.15	0	.4362352	.1333908	.4303739	0
903.15	0	.4358726	.1336187	.4305087	0
902.15	0	.4355111	.1338462	.4306427	0
901.15	0	.4351508	.1340732	.430776	0
900.15	0	.4347916	.1342999	.4309085	0
899.15	0	.4344336	.1345261	.4310403	0
898.15	0	.4340768	.134752	.4311713	0
897.15	0	.433721	.1349775	.4313015	0
896.15	0	.4333663	.1352028	.4314309	0
895.15	0	.4330127	.1354277	.4315596	0
894.15	0	.4326602	.1356524	.4316874	0
893.15	0	.4323087	.1358768	.4318145	0
892.15	0	.4319582	.136101	.4319407	0
891.15	0	.4316087	.1363251	.4320662	0
890.15	0	.4312602	.1365489	.4321908	0
889.15	0	.4309127	.1367727	.4323146	0
888.15	0	.4305661	.1369963	.4324376	0
887.15	0	.4302204	.1372198	.4325598	0
886.15	0	.4298756	.1374433	.4326811	0
885.15	0	.4295316	.1376668	.4328016	0
884.15	0	.4291886	.1378902	.4329212	0
883.15	0	.4288463	.1381137	.43304	0
882.15	0	.4285049	.1383373	.4331579	0
881.15	0	.4281642	.1385609	.4332749	0
880.15	0	.4278243	.1387847	.433391	0
879.15	0	.4274851	.1390087	.4335063	0
878.15	0	.4271466	.1392328	.4336206	0
877.15	0	.4268088	.1394572	.4337341	0
876.15	0	.4264716	.1396818	.4338466	0
875.15	0	.4261351	.1399067	.4339582	0
874.15	0	.4257991	.1401319	.4340689	0
873.15	0	.4254638	.1403576	.4341787	0
872.15	0	.4251289	.1405836	.4342875	0
871.15	0	.4247946	.14081	.4343953	0
870.15	0	.4244608	.141037	.4345022	0
869.15	0	.4241274	.1412645	.4346081	0
868.15	0	.4237945	.1414925	.434713	0
867.15	0	.4234619	.1417211	.434817	0
866.15	0	.4231297	.1419504	.4349199	0
865.15	0	.4227978	.1421804	.4350218	0
864.15	0	.4224662	.1424111	.4351227	0
863.15	0	.4221349	.1426426	.4352225	0
862.15	0	.4218038	.1428749	.4353213	0
861.15	0	.4214728	.1431081	.435419	0
860.15	0	.421142	.1433423	.4355157	0
859.15	0	.4208113	.1435774	.4356113	0
858.15	0	.4204807	.1438135	.4357058	0
857.15	0	.4201502	.1440507	.4357991	0
856.15	0	.4198195	.1442891	.4358914	0
855.15	0	.4194889	.1445286	.4359825	0
854.15	0	.4191582	.1447694	.4360725	0
853.15	0	.4188273	.1450115	.4361613	0
852.15	0	.4184962	.1452549	.4362489	0
851.15	0	.4181649	.1454998	.4363353	0
850.15	0	.4178333	.1457462	.4364205	0
849.15	0	.4175014	.1459941	.4365045	0
848.15	0	.4171691	.1462437	.4365872	0
847.15	0	.4168364	.1464949	.4366687	0
846.15	0	.4165032	.1467479	.4367489	0
845.15	0	.4161695	.1470028	.4368278	0
844.15	0	.4158351	.1472595	.4369054	0
843.15	0	.4155001	.1475183	.4369816	0
842.15	0	.4151644	.1477791	.4370565	0
841.15	0	.4148279	.1480421	.43713	0
840.15	0	.4144906	.1483073	.4372021	0
839.15	0	.4141524	.1485749	.4372728	0
838.15	0	.4138131	.1488449	.437342	0
837.15	0	.4134729	.1491174	.4374098	0
836.15	0	.4131315	.1493925	.437476	0
835.15	0	.4127889	.1496703	.4375408	0
834.15	0	.4124451	.149951	.437604	0
833.15	0	.4120998	.1502346	.4376656	0
832.15	0	.4117532	.1505212	.4377256	0
831.15	0	.411405	.1508111	.4377839	0
830.15	0	.4110552	.1511042	.4378406	0
829.15	0	.4107036	.1514008	.4378956	0
828.15	0	.4103503	.1517009	.4379488	0
827.15	0	.409995	.1520047	.4380003	0
826.15	0	.4096377	.1523124	.4380499	0
825.15	0	.4092782	.1526241	.4380977	0
824.15	0	.4089164	.15294	.4381436	0
823.15	0	.4085523	.1532602	.4381875	0
822.15	0	.4081856	.153585	.4382295	0
821.15	0	.4078162	.1539144	.4382693	0
820.15	0	.4074441	.1542488	.4383071	0
819.15	0	.4070689	.1545883	.4383428	0
818.15	0	.4066907	.1549331	.4383762	0
817.15	0	.4063091	.1552835	.4384074	0
816.15	0	.405924	.1556398	.4384362	0
815.15	0	.4055353	.1560021	.4384626	0
814.15	0	.4051426	.1563708	.4384866	0
813.15	0	.4047459	.1567462	.438508	0
812.15	0	.4043448	.1571285	.4385267	0
811.15	0	.4039391	.1575182	.4385427	0
810.15	0	.4035286	.1579155	.438556	0
809.15	0	.4031129	.1583209	.4385662	0
808.15	0	.4026918	.1587348	.4385735	0
807.15	0	.4022649	.1591576	.4385775	0
806.15	0	.4018319	.1595898	.4385783	0
805.15	0	.4013923	.160032	.4385757	0
804.15	0	.4009458	.1604847	.4385695	0
803.15	0	.4004919	.1609485	.4385596	0
802.15	0	.4000301	.1614241	.4385458	0
801.15	0	.3995599	.1619122	.4385279	0
800.15	0	.3990806	.1624137	.4385057	0
799.15	0	.3985917	.1629294	.4384789	0
798.15	0	.3980923	.1634603	.4384474	0
797.15	0	.3975816	.1640076	.4384107	0
796.15	0	.3970589	.1645725	.4383687	0
795.15	0	.3965229	.1651562	.4383209	0
794.15	0	.3959726	.1657604	.438267	0
793.15	0	.3954067	.1663869	.4382064	0
792.15	0	.3948236	.1670377	.4381388	0
791.15	0	.3942217	.1677149	.4380634	0
790.15	0	.3936005	.1684203	.4379792	0
789.15	0	.392802	.1693563	.4378417	0
788.15	0	.3914767	.1709774	.4375459	0
787.15	0	.3902752	.1724438	.437281	0
786.15	0	.3891758	.1737829	.4370413	0
785.15	0	.3881626	.1750149	.4368226	0
784.15	0	.387223	.1761555	.4366216	0
783.15	0	.3863474	.1772168	.4364358	0
782.15	0	.385528	.1782087	.4362633	0
781.15	0	.3847584	.1791394	.4361023	0
780.15	0	.3840332	.1800153	.4359515	0
779.15	0	.383348	.1808422	.4358098	0
778.15	0	.382699	.1816247	.4356763	0
777.15	0	.3820828	.1823671	.4355501	0
776.15	0	.3814968	.1830727	.4354305	0
775.15	0	.3809383	.1837447	.435317	0
774.15	0	.3804052	.1843859	.4352089	0
773.15	0	.3798957	.1849985	.4351059	0
772.15	0	.3794078	.1855847	.4350075	0
771.15	0	.3789403	.1861463	.4349134	0
770.15	0	.3784916	.1866852	.4348232	0
769.15	0	.3780605	.1872029	.4347366	0
768.15	0	.377646	.1877006	.4346534	0
767.15	0	.3772469	.1881797	.4345734	0
766.15	0	.3768624	.1886413	.4344963	0
765.15	0	.3764916	.1890865	.434422	0
764.15	0	.3761337	.1895162	.4343502	0
763.15	0	.375788	.1899313	.4342808	0
762.15	0	.3754538	.1903326	.4342136	0
761.15	0	.3751306	.1907209	.4341486	0
760.15	0	.3748177	.1910968	.4340855	0
759.15	0	.3745147	.191461	.4340243	0
758.15	0	.3742209	.1918141	.4339649	0
757.15	0	.3739361	.1921567	.4339072	0
756.15	0	.3736598	.1924892	.433851	0
755.15	0	.3733915	.1928122	.4337963	0
754.15	0	.3731309	.193126	.4337431	0
753.15	0	.3728777	.1934312	.4336911	0
752.15	0	.3726314	.1937281	.4336405	0
751.15	0	.3723919	.1940171	.433591	0
750.15	0	.3721588	.1942986	.4335427	0
749.15	0	.3719318	.1945728	.4334954	0
748.15	0	.3717107	.1948401	.4334492	0
747.15	0	.3714953	.1951008	.433404	0
746.15	0	.3712853	.1953551	.4333596	0
745.15	0	.3710804	.1956034	.4333162	0
744.15	0	.3708806	.1958458	.4332737	0
743.15	0	.3706855	.1960826	.4332319	0
742.15	0	.3704951	.196314	.4331909	0
741.15	0	.3703091	.1965403	.4331506	0
740.15	0	.3701273	.1967616	.4331111	0
739.15	0	.3699497	.1969781	.4330722	0
738.15	0	.369776	.1971901	.433034	0
737.15	0	.3696061	.1973976	.4329963	0
736.15	0	.3694399	.1976009	.4329593	0
735.15	0	.3692772	.1978	.4329228	0
734.15	0	.369118	.1979952	.4328868	0
733.15	0	.368962	.1981866	.4328514	0
732.15	0	.3688092	.1983744	.4328164	0
731.15	0	.3686595	.1985586	.4327819	0
730.15	0	.3685128	.1987394	.4327479	0
729.15	0	.3683689	.1989168	.4327143	0
728.15	0	.3682278	.1990911	.4326811	0
727.15	0	.3680894	.1992624	.4326483	0
726.15	0	.3679536	.1994306	.4326158	0
725.15	0	.3678202	.199596	.4325838	0
724.15	0	.3676894	.1997586	.4325521	0
723.15	0	.3675608	.1999185	.4325207	0
722.15	0	.3674346	.2000758	.4324896	0
721.15	0	.3673105	.2002306	.4324589	0
720.15	0	.3671886	.200383	.4324284	0
719.15	0	.3670687	.200533	.4323982	0
718.15	0	.3669509	.2006808	.4323683	0
717.15	0	.366835	.2008264	.4323386	0
716.15	0	.366721	.2009698	.4323092	0
715.15	0	.3666088	.2011111	.4322801	0
714.15	0	.3664984	.2012505	.4322511	0
713.15	0	.3663897	.2013879	.4322224	0
712.15	0	.3662827	.2015234	.4321939	0
711.15	0	.3661773	.2016571	.4321656	0
710.15	0	.3660735	.201789	.4321375	0
709.15	0	.3659713	.2019192	.4321096	0
708.15	0	.3658705	.2020477	.4320818	0
707.15	0	.3657711	.2021746	.4320542	0
706.15	0	.3656732	.2023	.4320268	0
705.15	0	.3655766	.2024238	.4319996	0
704.15	0	.3654814	.2025462	.4319725	0
703.15	0	.3653874	.2026671	.4319455	0
702.15	0	.3652947	.2027866	.4319187	0
701.15	0	.3652033	.2029047	.431892	0
700.15	0	.365113	.2030216	.4318654	0
699.15	0	.3650239	.2031372	.431839	0
698.15	0	.3649359	.2032515	.4318127	0
697.15	0	.364849	.2033646	.4317864	0
696.15	0	.3647631	.2034765	.4317603	0
695.15	0	.3646783	.2035873	.4317343	0
694.15	0	.3645946	.203697	.4317084	0
693.15	0	.3645118	.2038057	.4316826	0
692.15	0	.3644299	.2039132	.4316569	0
691.15	0	.364349	.2040198	.4316312	0
690.15	0	.364269	.2041253	.4316057	0
689.15	0	.3641899	.2042299	.4315802	0
688.15	0	.3641117	.2043335	.4315548	0
687.15	0	.3640343	.2044363	.4315294	0
686.15	0	.3639577	.2045381	.4315042	0
685.15	0	.363882	.2046391	.431479	0
684.15	0	.363807	.2047392	.4314538	0
683.15	0	.3637328	.2048385	.4314287	0
682.15	0	.3636593	.204937	.4314037	0
681.15	0	.3635866	.2050347	.4313787	0
680.15	0	.3635146	.2051317	.4313538	0
679.15	0	.3634432	.2052279	.4313289	0
678.15	0	.3633726	.2053234	.4313041	0
677.15	0	.3633026	.2054182	.4312793	0
676.15	0	.3632332	.2055123	.4312545	0
675.15	0	.3631645	.2056057	.4312298	0
674.15	0	.3630964	.2056985	.4312051	0
673.15	0	.3630289	.2057907	.4311805	0
672.15	0	.3629619	.2058822	.4311559	0
671.15	0	.3628956	.2059731	.4311313	0
670.15	0	.3628298	.2060635	.4311067	0
669.15	0	.3627646	.2061532	.4310822	0
668.15	0	.3626999	.2062424	.4310577	0
667.15	0	.3626357	.2063311	.4310332	0
666.15	0	.362572	.2064192	.4310087	0
665.15	0	.3625089	.2065068	.4309843	0
664.15	0	.3624462	.2065939	.4309599	0
663.15	0	.362384	.2066805	.4309355	0
662.15	0	.3623223	.2067666	.4309111	0
661.15	0	.362261	.2068523	.4308867	0
660.15	0	.3622002	.2069374	.4308624	0
659.15	0	.3621398	.2070222	.430838	0
658.15	0	.3620799	.2071065	.4308137	0
657.15	0	.3620203	.2071903	.4307893	0
656.15	0	.3619612	.2072738	.430765	0
655.15	0	.3619025	.2073568	.4307407	0
654.15	0	.3618442	.2074394	.4307164	0
653.15	0	.3617863	.2075217	.4306921	0
652.15	0	.3617287	.2076035	.4306678	0
651.15	0	.3616715	.207685	.4306435	0
650.15	0	.3616147	.2077661	.4306192	0
649.15	0	.3615582	.2078469	.4305949	0
648.15	0	.3615021	.2079273	.4305706	0
647.15	0	.3614463	.2080074	.4305463	0
646.15	0	.3613909	.2080871	.430522	0
645.15	0	.3613358	.2081665	.4304977	0
644.15	0	.361281	.2082456	.4304734	0
643.15	0	.3612265	.2083244	.4304491	0
642.15	0	.3611724	.2084028	.4304248	0
641.15	0	.3611185	.208481	.4304005	0
640.15	0	.3610649	.2085589	.4303762	0
639.15	0	.3610117	.2086364	.4303519	0
638.15	0	.3609587	.2087138	.4303276	0
637.15	0	.360906	.2087908	.4303033	0
636.15	0	.3608535	.2088675	.4302789	0
635.15	0	.3608014	.208944	.4302546	0
634.15	0	.3607495	.2090203	.4302303	0
633.15	0	.3606978	.2090962	.4302059	0
632.15	0	.3606465	.209172	.4301816	0
631.15	0	.3605953	.2092475	.4301572	0
630.15	0	.3605445	.2093227	.4301328	0
629.15	0	.3604938	.2093977	.4301084	0
628.15	0	.3604434	.2094725	.430084	0
627.15	0	.3603933	.2095471	.4300596	0
626.15	0	.3603433	.2096214	.4300352	0
625.15	0	.3602936	.2096956	.4300108	0
624.15	0	.3602441	.2097695	.4299864	0
623.15	0	.3601949	.2098432	.4299619	0
622.15	0	.3601458	.2099167	.4299375	0
621.15	0	.360097	.20999	.429913	0
620.15	0	.3600483	.2100631	.4298886	0
619.15	0	.3599999	.210136	.4298641	0
618.15	0	.3599517	.2102087	.4298396	0
617.15	0	.3599036	.2102813	.4298151	0
616.15	0	.3598558	.2103536	.4297906	0
615.15	0	.3598082	.2104258	.429766	0
614.15	0	.3597607	.2104978	.4297415	0
613.15	0	.3597134	.2105696	.429717	0
612.15	0	.3596663	.2106413	.4296924	0
611.15	0	.3596194	.2107128	.4296678	0
610.15	0	.3595727	.2107841	.4296433	0
609.15	0	.3595261	.2108552	.4296187	0
608.15	0	.3594797	.2109262	.4295941	0
607.15	0	.3594335	.2109971	.4295694	0
606.15	0	.3593874	.2110678	.4295448	0
605.15	0	.3593415	.2111383	.4295202	0
604.15	0	.3592958	.2112087	.4294955	0
603.15	0	.3592502	.2112789	.4294709	0
602.15	0	.3592048	.211349	.4294462	0
601.15	0	.3591595	.211419	.4294215	0
600.15	0	.3591144	.2114888	.4293968	0
599.15	0	.3590694	.2115584	.4293721	0
598.15	0	.3590246	.211628	.4293474	0
597.15	0	.3589799	.2116974	.4293227	0
596.15	0	.3589354	.2117666	.4292979	0
595.15	0	.358891	.2118358	.4292732	0
594.15	0	.3588468	.2119048	.4292484	0
593.15	0	.3588027	.2119736	.4292237	0
592.15	0	.3587587	.2120424	.4291989	0
591.15	0	.3587149	.212111	.4291741	0
590.15	0	.3586712	.2121795	.4291493	0
589.15	0	.3586276	.2122479	.4291245	0
588.15	0	.3585841	.2123161	.4290997	0
587.15	0	.3585408	.2123843	.4290749	0
586.15	0	.3584976	.2124523	.4290501	0
585.15	0	.3584546	.2125202	.4290252	0
584.15	0	.3584116	.212588	.4290004	0
583.15	0	.3583688	.2126557	.4289755	0
582.15	0	.3583261	.2127232	.4289506	0
581.15	0	.3582835	.2127907	.4289258	0
580.15	0	.3582411	.212858	.4289009	0
579.15	0	.3581987	.2129253	.428876	0
578.15	0	.3581565	.2129924	.4288511	0
577.15	0	.3581144	.2130594	.4288262	0
576.15	0	.3580724	.2131263	.4288013	0
575.15	0	.3580305	.2131931	.4287764	0
574.15	0	.3579887	.2132598	.4287515	0
573.15	0	.357947	.2133264	.4287266	0
572.15	0	.3579054	.2133929	.4287016	0
571.15	0	.357864	.2134593	.4286767	0
570.15	0	.3578226	.2135256	.4286518	0
569.15	0	.3577814	.2135918	.4286268	0
568.15	0	.3577402	.2136579	.4286019	0
567.15	0	.3576992	.2137239	.4285769	0
566.15	0	.3576582	.2137898	.428552	0
565.15	0	.3576174	.2138556	.428527	0
564.15	0	.3575766	.2139213	.428502	0
563.15	0	.357536	.2139869	.4284771	0
562.15	0	.3574955	.2140524	.4284521	0
561.15	0	.357455	.2141179	.4284271	0
560.15	0	.3574147	.2141832	.4284022	0
559.15	0	.3573744	.2142484	.4283772	0
558.15	0	.3573342	.2143135	.4283522	0
557.15	0	.3572942	.2143786	.4283272	0
556.15	0	.3572542	.2144435	.4283023	0
555.15	0	.3572143	.2145084	.4282773	0
554.15	0	.3571745	.2145732	.4282523	0
553.15	0	.3571348	.2146378	.4282274	0
552.15	0	.3570952	.2147024	.4282024	0
551.15	0	.3570557	.2147669	.4281774	0
550.15	0	.3570163	.2148313	.4281524	0
549.15	0	.3569769	.2148956	.4281275	0
548.15	0	.3569376	.2149599	.4281025	0
547.15	0	.3568985	.215024	.4280775	0
546.15	0	.3568594	.215088	.4280526	0
545.15	0	.3568204	.215152	.4280276	0
544.15	0	.3567815	.2152159	.4280027	0
543.15	0	.3567427	.2152796	.4279777	0
542.15	0	.3567039	.2153433	.4279528	0
541.15	0	.3566653	.2154069	.4279278	0
540.15	0	.3566267	.2154704	.4279029	0
539.15	0	.3565882	.2155339	.427878	0
538.15	0	.3565498	.2155972	.427853	0
537.15	0	.3565115	.2156604	.4278281	0
536.15	0	.3564732	.2157236	.4278032	0
535.15	0	.356435	.2157867	.4277783	0
534.15	0	.3563971	.2158496	.4277533	0
533.15	0	.3563591	.2159125	.4277284	0
532.15	0	.3563212	.2159753	.4277035	0
531.15	0	.3562833	.2160381	.4276787	0
530.15	0	.3562455	.2161007	.4276538	0
529.15	0	.3562079	.2161632	.4276289	0
528.15	0	.3561702	.2162257	.4276041	0
527.15	0	.3561327	.2162881	.4275792	0
526.15	0	.3560953	.2163503	.4275544	0
525.15	0	.3560579	.2164125	.4275296	0
524.15	0	.3560206	.2164746	.4275048	0
523.15	0	.3559834	.2165366	.42748	0
522.15	0	.3559462	.2165986	.4274552	0
521.15	0	.3559091	.2166604	.4274305	0
520.15	0	.3558721	.2167222	.4274057	0
519.15	0	.3558352	.2167838	.427381	0
518.15	0	.3557984	.2168454	.4273562	0
517.15	0	.3557616	.2169069	.4273315	0
516.15	0	.3557249	.2169683	.4273068	0
515.15	0	.3556883	.2170296	.4272822	0
514.15	0	.3556517	.2170908	.4272575	0
513.15	0	.3556153	.2171519	.4272328	0
512.15	0	.3555789	.217213	.4272082	0
511.15	0	.3555425	.2172739	.4271836	0
510.15	0	.3555063	.2173348	.427159	0
509.15	0	.3554701	.2173955	.4271344	0
508.15	0	.355434	.2174562	.4271098	0
507.15	0	.3553979	.2175168	.4270853	0
506.15	0	.355362	.2175773	.4270607	0
505.15	0	.3553261	.2176377	.4270362	0
504.15	0	.3552903	.217698	.4270117	0
503.15	0	.3552545	.2177582	.4269873	0
502.15	0	.3552188	.2178183	.4269628	0
501.15	0	.3551832	.2178784	.4269384	0
500.15	0	.3551477	.2179383	.426914	0
499.15	0	.3551122	.2179982	.4268896	0
498.15	0	.3550768	.2180579	.4268652	0
497.15	0	.3550415	.2181176	.4268409	0
496.15	0	.3550063	.2181772	.4268166	0
495.15	0	.3549711	.2182367	.4267923	0
494.15	0	.354936	.218296	.426768	0
493.15	0	.3549009	.2183553	.4267437	0
492.15	0	.354866	.2184145	.4267195	0
491.15	0	.3548311	.2184736	.4266953	0
490.15	0	.3547962	.2185326	.4266711	0
489.15	0	.3547615	.2185915	.426647	0
488.15	0	.3547268	.2186504	.4266229	0
487.15	0	.3546922	.2187091	.4265988	0
486.15	0	.3546576	.2187677	.4265747	0
485.15	0	.3546231	.2188262	.4265506	0
484.15	0	.3545887	.2188846	.4265266	0
483.15	0	.3545544	.218943	.4265026	0
482.15	0	.3545201	.2190012	.4264787	0
481.15	0	.3544859	.2190593	.4264547	0
480.15	0	.3544518	.2191174	.4264309	0
479.15	0	.3544177	.2191753	.426407	0
478.15	0	.3543837	.2192331	.4263832	0
477.15	0	.3543498	.2192909	.4263593	0
476.15	0	.3543159	.2193485	.4263356	0
475.15	0	.3542822	.219406	.4263118	0
474.15	0	.3542484	.2194635	.4262881	0
473.15	0	.3542148	.2195208	.4262644	0
472.15	0	.3541812	.219578	.4262408	0
471.15	0	.3541477	.2196352	.4262172	0
470.15	0	.3541143	.2196922	.4261936	0
469.15	0	.3540809	.2197491	.42617	0
468.15	0	.3540476	.2198059	.4261465	0
467.15	0	.3540143	.2198626	.426123	0
466.15	0	.3539812	.2199193	.4260996	0
465.15	0	.3539481	.2199758	.4260762	0
464.15	0	.353915	.2200322	.4260528	0
463.15	0	.3538821	.2200885	.4260295	0
462.15	0	.3538492	.2201446	.4260062	0
461.15	0	.3538164	.2202007	.4259829	0
460.15	0	.3537836	.2202567	.4259597	0
459.15	0	.3537509	.2203126	.4259365	0
458.15	0	.3537183	.2203684	.4259134	0
457.15	0	.3536857	.220424	.4258902	0
456.15	0	.3536533	.2204796	.4258672	0
455.15	0	.3536208	.220535	.4258441	0
454.15	0	.3535885	.2205904	.4258211	0
453.15	0	.3535562	.2206456	.4257982	0
452.15	0	.353524	.2207007	.4257753	0
451.15	0	.3534919	.2207557	.4257524	0
450.15	0	.3534598	.2208106	.4257296	0
449.15	0	.3534278	.2208654	.4257068	0
448.15	0	.3533959	.22092	.4256841	0
447.15	0	.3533641	.2209745	.4256614	0
446.15	0	.3533323	.2210289	.4256388	0
445.15	0	.3533006	.2210832	.4256162	0
444.15	0	.353269	.2211373	.4255936	0
443.15	0	.3532375	.2211914	.4255712	0
442.15	0	.3532061	.2212452	.4255487	0
441.15	0	.3531747	.221299	.4255263	0
440.15	0	.3531434	.2213526	.425504	0
439.15	0	.3531122	.221406	.4254817	0
438.15	0	.3530812	.2214593	.4254595	0
437.15	0	.3530502	.2215125	.4254374	0
436.15	0	.3530193	.2215655	.4254153	0
435.15	0	.3529884	.2216184	.4253932	0
434.15	0	.3529577	.2216711	.4253712	0
433.15	0	.3529271	.2217236	.4253493	0
432.15	0	.3528966	.221776	.4253274	0
431.15	0	.3528661	.2218282	.4253056	0
430.15	0	.3528358	.2218803	.4252839	0
429.15	0	.3528056	.2219322	.4252623	0
428.15	0	.3527754	.2219839	.4252407	0
427.15	0	.3527454	.2220355	.4252191	0
426.15	0	.3527155	.2220869	.4251976	0
425.15	0	.3526857	.2221381	.4251763	0
