T	 BPW(LIQUID)	BPW(BCC_A2)	BPW(FCC_A1)	BPW(LAVES_PHASE_C14)	BPW(NI3TI)
1473.15	.2068514	.6651358	0	.1280128	0
1472.15	.2012658	.6687912	0	.1299431	0
1471.15	.1957862	.6723718	0	.131842	0
1470.15	.1904098	.6758798	0	.1337104	0
1469.15	.1851337	.6793171	0	.1355492	0
1468.15	.1799551	.6826856	0	.1373593	0
1467.15	.1748715	.6859872	0	.1391413	0
1466.15	.1698804	.6892235	0	.1408961	0
1465.15	.1649792	.6923964	0	.1426244	0
1464.15	.1601656	.6955074	0	.144327	0
1463.15	.1554374	.6985581	0	.1460045	0
1462.15	.1507922	.7015501	0	.1476576	0
1461.15	.146228	.7044849	0	.149287	0
1460.15	.1417428	.707364	0	.1508933	0
1459.15	.1373344	.7101886	0	.152477	0
1458.15	.1330009	.7129603	0	.1540388	0
1457.15	.1287406	.7156802	0	.1555793	0
1456.15	.1245515	.7183496	0	.157099	0
1455.15	.1204319	.7209698	0	.1585983	0
1454.15	.1163801	.723542	0	.1600779	0
1453.15	.1123945	.7260673	0	.1615382	0
1452.15	.1084735	.7285468	0	.1629797	0
1451.15	.1046155	.7309816	0	.1644029	0
1450.15	.1008189	.7333729	0	.1658082	0
1449.15	.09708248	.7357214	0	.1671961	0
1448.15	.09340467	.7380284	0	.1685669	0
1447.15	.08978414	.7402947	0	.1699211	0
1446.15	.08621955	.7425213	0	.1712592	0
1445.15	.08270962	.744709	0	.1725814	0
1444.15	.0792531	.7468588	0	.1738881	0
1443.15	.07584877	.7489715	0	.1751797	0
1442.15	.07249544	.7510479	0	.1764566	0
1441.15	.06919198	.7530889	0	.1777192	0
1440.15	.06593727	.7550951	0	.1789676	0
1439.15	.06273023	.7570675	0	.1802023	0
1438.15	.05956981	.7590067	0	.1814235	0
1437.15	.05645498	.7609133	0	.1826317	0
1436.15	.05338475	.7627883	0	.183827	0
1435.15	.05035817	.7646321	0	.1850097	0
1434.15	.04737427	.7664455	0	.1861802	0
1433.15	.04443217	.7682292	0	.1873387	0
1432.15	.04153096	.7699836	0	.1884854	0
1431.15	.03866977	.7717096	0	.1896207	0
1430.15	.03584778	.7734075	0	.1907447	0
1429.15	.03306416	.7750781	0	.1918577	0
1428.15	.03031811	.7767219	0	.19296	0
1427.15	.02760886	.7783394	0	.1940517	0
1426.15	.02493565	.7799312	0	.1951332	0
1425.15	.02229775	.7814978	0	.1962045	0
1424.15	.01969444	.7830396	0	.1972659	0
1423.15	.01712501	.7845573	0	.1983177	0
1422.15	.0145888	.7860512	0	.19936	0
1421.15	.01208513	.7875218	0	.200393	0
1420.15	.009613358	.7889697	0	.201417	0
1419.15	.007172859	.7903952	0	.202432	0
1418.15	.004763015	.7917987	0	.2034383	0
1417.15	.002383228	.7931808	0	.204436	0
1416.15	3.291264E-05	.7945418	0	.2054253	0
1416.136	0	.7945608	0	.2054392	0
1416.136	0	.7945608	0	.2054392	0
1415.15	0	.793977	0	.206023	0
1414.15	0	.7933862	0	.2066138	0
1413.15	0	.7927969	0	.2072031	0
1412.15	0	.792209	0	.207791	0
1411.15	0	.7916226	0	.2083774	0
1410.15	0	.7910375	0	.2089625	0
1409.15	0	.7904539	0	.2095461	0
1408.15	0	.7898717	0	.2101283	0
1407.15	0	.7892909	0	.2107091	0
1406.15	0	.7887115	0	.2112885	0
1405.15	0	.7881335	0	.2118665	0
1404.15	0	.7875569	0	.2124431	0
1403.15	0	.7869817	0	.2130183	0
1402.15	0	.7864079	0	.2135921	0
1401.15	0	.7858354	0	.2141646	0
1400.15	0	.7852643	0	.2147357	0
1399.15	0	.7846946	0	.2153054	0
1398.15	0	.7841263	0	.2158737	0
1397.15	0	.7835593	0	.2164407	0
1396.15	0	.7829936	0	.2170064	0
1395.15	0	.7824294	0	.2175706	0
1394.15	0	.7818664	0	.2181336	0
1393.15	0	.7813048	0	.2186952	0
1392.15	0	.7807446	0	.2192554	0
1391.15	0	.7801856	0	.2198144	0
1390.15	0	.779628	0	.220372	0
1389.15	0	.7790717	0	.2209283	0
1388.15	0	.7785168	0	.2214832	0
1387.15	0	.7779631	0	.2220369	0
1386.15	0	.7774108	0	.2225892	0
1385.15	0	.7768598	0	.2231402	0
1384.15	0	.77631	0	.22369	0
1383.15	0	.7757616	0	.2242384	0
1382.15	0	.7752145	0	.2247855	0
1381.15	0	.7746686	0	.2253314	0
1380.15	0	.774124	0	.225876	0
1379.15	0	.7735807	0	.2264193	0
1378.15	0	.7730387	0	.2269613	0
1377.15	0	.772498	0	.227502	0
1376.15	0	.7719585	0	.2280415	0
1375.15	0	.7714203	0	.2285797	0
1374.15	0	.7708833	0	.2291167	0
1373.15	0	.7703476	0	.2296524	0
1372.15	0	.7698132	0	.2301868	0
1371.15	0	.76928	0	.23072	0
1370.15	0	.768748	0	.231252	0
1369.15	0	.7682173	0	.2317827	0
1368.15	0	.7676878	0	.2323122	0
1367.15	0	.7671595	0	.2328405	0
1366.15	0	.7666325	0	.2333675	0
1365.15	0	.7661067	0	.2338933	0
1364.15	0	.7655821	0	.2344179	0
1363.15	0	.7650587	0	.2349413	0
1362.15	0	.7645365	0	.2354635	0
1361.15	0	.7640155	0	.2359845	0
1360.15	0	.7634958	0	.2365042	0
1359.15	0	.7629772	0	.2370228	0
1358.15	0	.7624599	0	.2375402	0
1357.15	0	.7619437	0	.2380563	0
1356.15	0	.7614287	0	.2385713	0
1355.15	0	.7609149	0	.2390851	0
1354.15	0	.7604022	0	.2395978	0
1353.15	0	.7598908	0	.2401092	0
1352.15	0	.7593805	0	.2406195	0
1351.15	0	.7588714	0	.2411286	0
1350.15	0	.7583634	0	.2416366	0
1349.15	0	.7578566	0	.2421434	0
1348.15	0	.757351	0	.242649	0
1347.15	0	.7568465	0	.2431535	0
1346.15	0	.7563432	0	.2436568	0
1345.15	0	.755841	0	.244159	0
1344.15	0	.7553399	0	.2446601	0
1343.15	0	.75484	0	.24516	0
1342.15	0	.7543412	0	.2456588	0
1341.15	0	.7538436	0	.2461564	0
1340.15	0	.7533471	0	.2466529	0
1339.15	0	.7528517	0	.2471483	0
1338.15	0	.7523574	0	.2476426	0
1337.15	0	.7518643	0	.2481357	0
1336.15	0	.7513723	0	.2486278	0
1335.15	0	.7508813	0	.2491187	0
1334.15	0	.7503915	0	.2496085	0
1333.15	0	.7499028	0	.2500972	0
1332.15	0	.7494152	0	.2505848	0
1331.15	0	.7489287	0	.2510714	0
1330.15	0	.7484432	0	.2515568	0
1329.15	0	.7479589	0	.2520411	0
1328.15	0	.7474756	0	.2525244	0
1327.15	0	.7469935	0	.2530065	0
1326.15	0	.7465124	0	.2534876	0
1325.15	0	.7460324	0	.2539676	0
1324.15	0	.7455534	0	.2544466	0
1323.15	0	.7450756	0	.2549245	0
1322.15	0	.7445988	0	.2554012	0
1321.15	0	.744123	0	.255877	0
1320.15	0	.7436483	0	.2563517	0
1319.15	0	.7431747	0	.2568253	0
1318.15	0	.7427021	0	.2572979	0
1317.15	0	.7422306	0	.2577694	0
1316.15	0	.7417601	0	.2582399	0
1315.15	0	.7412907	0	.2587093	0
1314.15	0	.7408223	0	.2591777	0
1313.15	0	.740355	0	.259645	0
1312.15	0	.7398887	0	.2601113	0
1311.15	0	.7394234	0	.2605766	0
1310.15	0	.7389591	0	.2610409	0
1309.15	0	.7384959	0	.2615041	0
1308.15	0	.7380337	0	.2619663	0
1307.15	0	.7375725	0	.2624275	0
1306.15	0	.7371123	0	.2628877	0
1305.15	0	.7366531	0	.2633469	0
1304.15	0	.736195	0	.263805	0
1303.15	0	.7357379	0	.2642621	0
1302.15	0	.7352817	0	.2647183	0
1301.15	0	.7348266	0	.2651734	0
1300.15	0	.7343724	0	.2656276	0
1299.15	0	.7339193	0	.2660807	0
1298.15	0	.7334671	0	.2665329	0
1297.15	0	.733016	0	.266984	0
1296.15	0	.7325658	0	.2674342	0
1295.15	0	.7321166	0	.2678834	0
1294.15	0	.7316684	0	.2683316	0
1293.15	0	.7312211	0	.2687789	0
1292.15	0	.7307749	0	.2692251	0
1291.15	0	.7303296	0	.2696704	0
1290.15	0	.7298853	0	.2701148	0
1289.15	0	.7294419	0	.2705581	0
1288.15	0	.7289995	0	.2710005	0
1287.15	0	.7285581	0	.2714419	0
1286.15	0	.7281176	0	.2718824	0
1285.15	0	.7276781	0	.2723219	0
1284.15	0	.7272395	0	.2727605	0
1283.15	0	.7268019	0	.2731981	0
1282.15	0	.7263652	0	.2736348	0
1281.15	0	.7259295	0	.2740705	0
1280.15	0	.7254947	0	.2745053	0
1279.15	0	.7250609	0	.2749391	0
1278.15	0	.7246279	0	.2753721	0
1277.15	0	.724196	0	.275804	0
1276.15	0	.7237649	0	.2762351	0
1275.15	0	.7233348	0	.2766652	0
1274.15	0	.7229056	0	.2770944	0
1273.15	0	.7224773	0	.2775227	0
1272.15	0	.72205	0	.27795	0
1271.15	0	.7216235	0	.2783765	0
1270.15	0	.721198	0	.278802	0
1269.15	0	.7207734	0	.2792266	0
1268.15	0	.7203497	0	.2796503	0
1267.15	0	.7199269	0	.2800731	0
1266.15	0	.719505	0	.280495	0
1265.15	0	.719084	0	.280916	0
1264.15	0	.718664	0	.281336	0
1263.15	0	.7182448	0	.2817552	0
1262.15	0	.7178265	0	.2821735	0
1261.15	0	.7174091	0	.2825909	0
1260.15	0	.7169926	0	.2830074	0
1259.15	0	.7165769	0	.2834231	0
1258.15	0	.7161622	0	.2838378	0
1257.15	0	.7157483	0	.2842517	0
1256.15	0	.7153354	0	.2846647	0
1255.15	0	.7149233	0	.2850767	0
1254.15	0	.714512	0	.285488	0
1253.15	0	.7141017	0	.2858983	0
1252.15	0	.7136922	0	.2863078	0
1251.15	0	.7132836	0	.2867164	0
1250.15	0	.7128758	0	.2871242	0
1249.15	0	.7124689	0	.2875311	0
1248.15	0	.7120629	0	.2879371	0
1247.15	0	.7116577	0	.2883423	0
1246.15	0	.7112534	0	.2887466	0
1245.15	0	.7108499	0	.2891501	0
1244.15	0	.7104473	0	.2895527	0
1243.15	0	.7100456	0	.2899544	0
1242.15	0	.7096446	0	.2903554	0
1241.15	0	.7092446	0	.2907554	0
1240.15	0	.7088454	0	.2911547	0
1239.15	0	.708447	0	.291553	0
1238.15	0	.7080494	0	.2919506	0
1237.15	0	.7076527	0	.2923473	0
1236.15	0	.7072568	0	.2927432	0
1235.15	0	.7068618	0	.2931382	0
1234.15	0	.7064675	0	.2935325	0
1233.15	0	.7060741	0	.2939259	0
1232.15	0	.7056816	0	.2943184	0
1231.15	0	.7052898	0	.2947102	0
1230.15	0	.7048989	0	.2951011	0
1229.15	0	.7045088	0	.2954912	0
1228.15	0	.7041195	0	.2958805	0
1227.15	0	.703731	0	.296269	0
1226.15	0	.7033433	0	.2966567	0
1225.15	0	.7029564	0	.2970436	0
1224.15	0	.7025704	0	.2974296	0
1223.15	0	.7021851	0	.2978149	0
1222.15	0	.7018007	0	.2981993	0
1221.15	0	.701417	0	.298583	0
1220.15	0	.7010342	0	.2989658	0
1219.15	0	.7006521	0	.2993479	0
1218.15	0	.7002709	0	.2997291	0
1217.15	0	.6998904	0	.3001096	0
1216.15	0	.6995107	0	.3004893	0
1215.15	0	.6991318	0	.3008682	0
1214.15	0	.6987537	0	.3012463	0
1213.15	0	.6983764	0	.3016236	0
1212.15	0	.6979999	0	.3020001	0
1211.15	0	.6976241	0	.3023759	0
1210.15	0	.6972492	0	.3027509	0
1209.15	0	.696875	0	.3031251	0
1208.15	0	.6965015	0	.3034985	0
1207.15	0	.6961289	0	.3038711	0
1206.15	0	.695757	0	.304243	0
1205.15	0	.6953859	0	.3046141	0
1204.15	0	.6950155	0	.3049845	0
1203.15	0	.6946459	0	.3053541	0
1202.15	0	.6942771	0	.3057229	0
1201.15	0	.6939091	0	.3060909	0
1200.15	0	.6935418	0	.3064582	0
1199.15	0	.6931752	0	.3068248	0
1198.15	0	.6928094	0	.3071906	0
1197.15	0	.6924444	0	.3075556	0
1196.15	0	.6920801	0	.3079199	0
1195.15	0	.6917166	0	.3082834	0
1194.15	0	.6913538	0	.3086462	0
1193.15	0	.6909918	0	.3090082	0
1192.15	0	.6906305	0	.3093695	0
1191.15	0	.6902699	0	.3097301	0
1190.15	0	.6899101	0	.3100899	0
1189.15	0	.689551	0	.310449	0
1188.15	0	.6891927	0	.3108073	0
1187.15	0	.6888351	0	.3111649	0
1186.15	0	.6884782	0	.3115218	0
1185.15	0	.6881221	0	.3118779	0
1184.15	0	.6877667	0	.3122333	0
1183.15	0	.687412	0	.312588	0
1182.15	0	.687058	0	.312942	0
1181.15	0	.6867048	0	.3132952	0
1180.15	0	.6863523	0	.3136477	0
1179.15	0	.6860005	0	.3139995	0
1178.15	0	.6856494	0	.3143506	0
1177.15	0	.6852991	0	.3147009	0
1176.15	0	.6849495	0	.3150506	0
1175.15	0	.6846005	0	.3153995	0
1174.15	0	.6842523	0	.3157477	0
1173.15	0	.6839048	0	.3160952	0
1172.15	0	.6835581	0	.316442	0
1171.15	0	.683212	0	.316788	0
1170.15	0	.6828666	0	.3171334	0
1169.15	0	.6825219	0	.3174781	0
1168.15	0	.682178	0	.317822	0
1167.15	0	.6818347	0	.3181653	0
1166.15	0	.6814921	0	.3185079	0
1165.15	0	.6811502	0	.3188498	0
1164.15	0	.6808091	0	.3191909	0
1163.15	0	.6804686	0	.3195314	0
1162.15	0	.6801288	0	.3198712	0
1161.15	0	.6797897	0	.3202103	0
1160.15	0	.6794513	0	.3205487	0
1159.15	0	.6791136	0	.3208864	0
1158.15	0	.6787766	0	.3212234	0
1157.15	0	.6784402	0	.3215598	0
1156.15	0	.6781046	0	.3218954	0
1155.15	0	.6777696	0	.3222304	0
1154.15	0	.6774353	0	.3225647	0
1153.15	0	.6771016	0	.3228984	0
1152.15	0	.6767687	0	.3232313	0
1151.15	0	.6764364	0	.3235636	0
1150.15	0	.6761048	0	.3238952	0
1149.15	0	.6757739	0	.3242261	0
1148.15	0	.6754437	0	.3245563	0
1147.15	0	.6751141	0	.3248859	0
1146.15	0	.6747852	0	.3252148	0
1145.15	0	.6744569	0	.3255431	0
1144.15	0	.6741293	0	.3258707	0
1143.15	0	.6738024	0	.3261976	0
1142.15	0	.6734762	0	.3265239	0
1141.15	0	.6731506	0	.3268495	0
1140.15	0	.6728256	0	.3271744	0
1139.15	0	.6725013	0	.3274987	0
1138.15	0	.6721777	0	.3278223	0
1137.15	0	.6718548	0	.3281452	0
1136.15	0	.6715324	0	.3284676	0
1135.15	0	.6712108	0	.3287892	0
1134.15	0	.6708898	0	.3291102	0
1133.15	0	.6705694	0	.3294306	0
1132.15	0	.6702497	0	.3297503	0
1131.15	0	.6699306	0	.3300694	0
1130.15	0	.6696122	0	.3303878	0
1129.15	0	.6692944	0	.3307056	0
1128.15	0	.6689773	0	.3310227	0
1127.15	0	.6686608	0	.3313392	0
1126.15	0	.6683449	0	.3316551	0
1125.15	0	.6680297	0	.3319703	0
1124.15	0	.6677151	0	.3322849	0
1123.15	0	.6674012	0	.3325988	0
1122.15	0	.6670879	0	.3329122	0
1121.15	0	.6667752	0	.3332248	0
1120.15	0	.6664631	0	.3335369	0
1119.15	0	.6661517	0	.3338483	0
1118.15	0	.6658409	0	.3341591	0
1117.15	0	.6655308	0	.3344692	0
1116.15	0	.6652212	0	.3347788	0
1115.15	0	.6649123	0	.3350877	0
1114.15	0	.664604	0	.335396	0
1113.15	0	.6642964	0	.3357037	0
1112.15	0	.6639893	0	.3360107	0
1111.15	0	.6636829	0	.3363171	0
1110.15	0	.6633771	0	.3366229	0
1109.15	0	.6630719	0	.3369281	0
1108.15	0	.6627673	0	.3372327	0
1107.15	0	.6624634	0	.3375366	0
1106.15	0	.66216	0	.33784	0
1105.15	0	.6618573	0	.3381427	0
1104.15	0	.6615552	0	.3384448	0
1103.15	0	.6612537	0	.3387464	0
1102.15	0	.6609528	0	.3390473	0
1101.15	0	.6606525	0	.3393475	0
1100.15	0	.6603528	0	.3396472	0
1099.15	0	.6600537	0	.3399463	0
1098.15	0	.6597552	0	.3402448	0
1097.15	0	.6594573	0	.3405427	0
1096.15	0	.6591601	0	.34084	0
1095.15	0	.6588634	0	.3411366	0
1094.15	0	.6585673	0	.3414327	0
1093.15	0	.6582718	0	.3417282	0
1092.15	0	.6579769	0	.3420231	0
1091.15	0	.6576827	0	.3423174	0
1090.15	0	.657389	0	.342611	0
1089.15	0	.6570959	0	.3429041	0
1088.15	0	.6568034	0	.3431966	0
1087.15	0	.6565114	0	.3434886	0
1086.15	0	.6562201	0	.3437799	0
1085.15	0	.6559294	0	.3440706	0
1084.15	0	.6556392	0	.3443608	0
1083.15	0	.6553497	0	.3446503	0
1082.15	0	.6550607	0	.3449393	0
1081.15	0	.6547723	0	.3452277	0
1080.15	0	.6544845	0	.3455155	0
1079.15	0	.6541973	0	.3458027	0
1078.15	0	.6539106	0	.3460894	0
1077.15	0	.6536245	0	.3463755	0
1076.15	0	.6533391	0	.3466609	0
1075.15	0	.6530542	0	.3469458	0
1074.15	0	.6527698	0	.3472302	0
1073.15	0	.6524861	0	.3475139	0
1072.15	0	.6522029	0	.3477971	0
1071.15	0	.6519203	0	.3480797	0
1070.15	0	.6516382	0	.3483618	0
1069.15	0	.6513568	0	.3486432	0
1068.15	0	.6510759	0	.3489241	0
1067.15	0	.6507956	0	.3492044	0
1066.15	0	.6505158	0	.3494842	0
1065.15	0	.6502366	0	.3497634	0
1064.15	0	.649958	0	.350042	0
1063.15	0	.64968	0	.3503201	0
1062.15	0	.6494025	0	.3505975	0
1061.15	0	.6491255	0	.3508745	0
1060.15	0	.6488492	0	.3511508	0
1059.15	0	.6485734	0	.3514266	0
1058.15	0	.6482981	0	.3517019	0
1057.15	0	.6480234	0	.3519766	0
1056.15	0	.6477493	0	.3522507	0
1055.15	0	.6474758	0	.3525243	0
1054.15	0	.6472027	0	.3527973	0
1053.15	0	.6469303	0	.3530697	0
1052.15	0	.6466584	0	.3533416	0
1051.15	0	.646387	0	.353613	0
1050.15	0	.6461163	0	.3538838	0
1049.15	0	.645846	0	.354154	0
1048.15	0	.6455763	0	.3544237	0
1047.15	0	.6453072	0	.3546928	0
1046.15	0	.6450386	0	.3549614	0
1045.15	0	.6447706	0	.3552295	0
1044.15	0	.6445031	0	.3554969	0
1043.15	0	.6442361	0	.3557639	0
1042.15	0	.6439697	0	.3560303	0
1041.15	0	.6437039	0	.3562961	0
1040.15	0	.6434385	0	.3565615	0
1039.15	0	.6431738	0	.3568262	0
1038.15	0	.6429096	0	.3570905	0
1037.219	0	.642664	0	.357336	0
1037.219	0	.642664	0	.357336	0
1037.219	0	.642664	0	.357336	0
1037.15	0	.6426083	4.059663E-05	.3573511	0
1036.15	0	.6418003	6.298109E-04	.3575699	0
1035.15	0	.6409946	.001217367	.357788	0
1034.15	0	.6401912	.001803267	.3580056	0
1033.15	0	.63939	.002387512	.3582225	0
1032.15	0	.6385911	.002970102	.3584388	0
1031.15	0	.6377944	.00355104	.3586545	0
1030.15	0	.6370001	.004130327	.3588696	0
1029.15	0	.636208	.004707963	.3590841	0
1028.15	0	.6354181	.005283951	.3592979	0
1027.15	0	.6346305	.005858292	.3595112	0
1026.15	0	.6338452	.006430987	.3597238	0
1025.15	0	.6330622	.007002038	.3599358	0
1024.15	0	.6322813	.007571446	.3601472	0
1023.15	0	.6315028	.008139212	.360358	0
1022.15	0	.6307265	.008705339	.3605682	0
1021.15	0	.6299525	.009269827	.3607777	0
1020.15	0	.6291807	.009832679	.3609866	0
1019.15	0	.6284111	.0103939	.361195	0
1018.15	0	.6276438	.01095348	.3614027	0
1017.15	0	.6268788	.01151143	.3616098	0
1016.15	0	.626116	.01206775	.3618163	0
1015.15	0	.6253554	.01262244	.3620221	0
1014.15	0	.6245971	.01317551	.3622274	0
1013.15	0	.623841	.01372695	.362432	0
1012.15	0	.6230872	.01427677	.3626361	0
1011.15	0	.6223356	.01482497	.3628395	0
1010.15	0	.6215862	.01537155	.3630423	0
1009.15	0	.620839	.01591651	.3632445	0
1008.15	0	.6200941	.01645985	.363446	0
1007.15	0	.6193514	.01700159	.363647	0
1006.15	0	.618611	.01754171	.3638473	0
1005.15	0	.6178727	.01808022	.364047	0
1004.15	0	.6171367	.01861713	.3642462	0
1003.15	0	.6164029	.01915243	.3644446	0
1002.15	0	.6156714	.01968614	.3646425	0
1001.15	0	.614942	.02021824	.3648398	0
1000.15	0	.6142149	.02074874	.3650364	0
999.15	0	.6134899	.02127765	.3652324	0
998.15	0	.6127672	.02180497	.3654278	0
997.15	0	.6120467	.0223307	.3656226	0
996.15	0	.6113284	.02285484	.3658168	0
995.15	0	.6106123	.0233774	.3660103	0
994.15	0	.6098984	.02389838	.3662032	0
993.15	0	.6091867	.02441778	.3663955	0
992.15	0	.6084772	.0249356	.3665872	0
991.15	0	.6077699	.02545185	.3667782	0
990.15	0	.6070648	.02596654	.3669686	0
989.15	0	.6063619	.02647965	.3671584	0
988.15	0	.6056612	.02699121	.3673476	0
987.15	0	.6049627	.0275012	.3675362	0
986.15	0	.6042663	.02800964	.3677241	0
985.15	0	.6035721	.02851653	.3679114	0
984.15	0	.6028801	.02902187	.368098	0
983.15	0	.6021903	.02952567	.368284	0
982.15	0	.6015026	.03002792	.3684694	0
981.15	0	.6008172	.03052864	.3686542	0
980.15	0	.6001339	.03102782	.3688383	0
979.15	0	.5994527	.03152548	.3690218	0
978.15	0	.5987737	.03202161	.3692047	0
977.15	0	.5980969	.03251622	.3693869	0
976.15	0	.5974222	.03300932	.3695685	0
975.15	0	.5967497	.0335009	.3697494	0
974.15	0	.5960793	.03399098	.3699297	0
973.15	0	.5954111	.03447956	.3701094	0
972.15	0	.594745	.03496664	.3702884	0
971.15	0	.594081	.03545223	.3704667	0
970.15	0	.5934192	.03593633	.3706445	0
969.15	0	.5927595	.03641895	.3708215	0
968.15	0	.5921019	.0369001	.370998	0
967.15	0	.5914465	.03737978	.3711737	0
966.15	0	.5907932	.03785799	.3713488	0
965.15	0	.590142	.03833475	.3715233	0
964.15	0	.5894929	.03881005	.3716971	0
963.15	0	.5888459	.03928391	.3718702	0
962.15	0	.588201	.03975633	.3720427	0
961.15	0	.5875582	.04022732	.3722145	0
960.15	0	.5869175	.04069688	.3723857	0
959.15	0	.5862788	.04116503	.3725561	0
958.15	0	.5856423	.04163176	.372726	0
957.15	0	.5850078	.04209709	.3728951	0
956.15	0	.5843754	.04256102	.3730636	0
955.15	0	.5837451	.04302356	.3732314	0
954.15	0	.5831168	.04348472	.3733985	0
953.15	0	.5824906	.04394451	.3735649	0
952.15	0	.5818664	.04440294	.3737307	0
951.15	0	.5812443	.04486001	.3738957	0
950.15	0	.5806242	.04531573	.3740601	0
949.15	0	.5800061	.04577011	.3742238	0
948.15	0	.57939	.04622317	.3743868	0
947.15	0	.578776	.0466749	.3745491	0
946.15	0	.578164	.04712533	.3747107	0
945.15	0	.5775539	.04757445	.3748716	0
944.15	0	.5769459	.04802229	.3750318	0
943.15	0	.5763399	.04846884	.3751913	0
942.15	0	.5757358	.04891413	.3753501	0
941.15	0	.5751337	.04935816	.3755082	0
940.15	0	.5745336	.04980094	.3756655	0
939.15	0	.5739354	.05024249	.3758221	0
938.15	0	.5733391	.05068282	.3759781	0
937.15	0	.5727448	.05112194	.3761332	0
936.15	0	.5721525	.05155985	.3762877	0
935.15	0	.571562	.05199658	.3764414	0
934.15	0	.5709734	.05243214	.3765944	0
933.15	0	.5703868	.05286654	.3767467	0
932.15	0	.569802	.0532998	.3768982	0
931.15	0	.5692191	.05373192	.3770489	0
930.15	0	.5686381	.05416293	.377199	0
929.15	0	.568059	.05459283	.3773482	0
928.15	0	.5674816	.05502165	.3774967	0
927.15	0	.5669062	.0554494	.3776445	0
926.15	0	.5663325	.05587609	.3777914	0
925.15	0	.5657606	.05630174	.3779376	0
924.15	0	.5651906	.05672637	.378083	0
923.15	0	.5646223	.05715	.3782277	0
922.15	0	.5640558	.05757264	.3783716	0
921.15	0	.5634911	.0579943	.3785146	0
920.15	0	.5629281	.05841502	.3786569	0
919.15	0	.5623668	.05883481	.3787984	0
918.15	0	.5618073	.05925368	.3789391	0
917.15	0	.5612494	.05967166	.3790789	0
916.15	0	.5606933	.06008876	.379218	0
915.15	0	.5601388	.06050502	.3793562	0
914.15	0	.5595859	.06092044	.3794937	0
913.15	0	.5590347	.06133505	.3796302	0
912.15	0	.5584851	.06174888	.379766	0
911.15	0	.5579371	.06216195	.3799009	0
910.15	0	.5573908	.06257427	.380035	0
909.15	0	.5568459	.06298588	.3801682	0
908.15	0	.5563027	.0633968	.3803006	0
907.15	0	.5557609	.06380705	.3804321	0
906.15	0	.5552207	.06421666	.3805627	0
905.15	0	.5546819	.06462566	.3806924	0
904.15	0	.5541446	.06503407	.3808213	0
903.15	0	.5536088	.06544192	.3809493	0
902.15	0	.5530744	.06584924	.3810764	0
901.15	0	.5525414	.06625606	.3812026	0
900.15	0	.5520098	.06666241	.3813278	0
899.15	0	.5514795	.06706832	.3814522	0
898.15	0	.5509505	.06747382	.3815756	0
897.15	0	.5504229	.06787894	.3816981	0
896.15	0	.5498966	.06828372	.3818197	0
895.15	0	.5493715	.06868819	.3819403	0
894.15	0	.5488476	.06909239	.38206	0
893.15	0	.548325	.06949635	.3821787	0
892.15	0	.5478035	.0699001	.3822964	0
891.15	0	.5472832	.07030368	.3824132	0
890.15	0	.5467639	.07070714	.3825289	0
889.15	0	.5462458	.07111051	.3826437	0
888.15	0	.5457287	.07151383	.3827574	0
887.15	0	.5452127	.07191715	.3828702	0
886.15	0	.5446976	.0723205	.3829819	0
885.15	0	.5441835	.07272393	.3830926	0
884.15	0	.5436703	.07312748	.3832022	0
883.15	0	.543158	.0735312	.3833108	0
882.15	0	.5426466	.07393514	.3834183	0
881.15	0	.5421359	.07433934	.3835247	0
880.15	0	.5416261	.07474385	.3836301	0
879.15	0	.5411169	.07514873	.3837343	0
878.15	0	.5406085	.07555402	.3838375	0
877.15	0	.5401007	.07595979	.3839395	0
876.15	0	.5395936	.07636608	.3840404	0
875.15	0	.539087	.07677294	.3841401	0
874.15	0	.5385809	.07718045	.3842387	0
873.15	0	.5380753	.07758866	.3843361	0
872.15	0	.5375701	.07799762	.3844323	0
871.15	0	.5370653	.07840741	.3845273	0
870.15	0	.5365608	.07881808	.3846211	0
869.15	0	.5360566	.07922971	.3847137	0
868.15	0	.5355527	.07964236	.384805	0
867.15	0	.5350489	.0800561	.384895	0
866.15	0	.5345452	.08047101	.3849838	0
865.15	0	.5340415	.08088716	.3850713	0
864.15	0	.5335379	.08130463	.3851575	0
863.15	0	.5330342	.0817235	.3852423	0
862.15	0	.5325303	.08214384	.3853259	0
861.15	0	.5320263	.08256575	.385408	0
860.15	0	.5315219	.08298932	.3854887	0
859.15	0	.5310173	.08341462	.3855681	0
858.15	0	.5305122	.08384176	.385646	0
857.15	0	.5300067	.08427083	.3857225	0
856.15	0	.5295005	.08470194	.3857975	0
855.15	0	.5289938	.08513518	.385871	0
854.15	0	.5284863	.08557066	.3859431	0
853.15	0	.527978	.0860085	.3860135	0
852.15	0	.5274688	.0864488	.3860824	0
851.15	0	.5269586	.08689169	.3861497	0
850.15	0	.5264473	.08733729	.3862154	0
849.15	0	.5259348	.08778573	.3862795	0
848.15	0	.525421	.08823714	.3863418	0
847.15	0	.5249058	.08869166	.3864025	0
846.15	0	.5243891	.08914944	.3864615	0
845.15	0	.5238708	.08961062	.3865186	0
844.15	0	.5233507	.09007536	.386574	0
843.15	0	.5228287	.09054383	.3866274	0
842.15	0	.5223047	.09101619	.3866791	0
841.15	0	.5217786	.09149263	.3867288	0
840.15	0	.5212502	.09197333	.3867765	0
839.15	0	.5207193	.09245848	.3868222	0
838.15	0	.5201858	.09294829	.3868659	0
837.15	0	.5196495	.09344298	.3869075	0
836.15	0	.5191103	.09394277	.3869469	0
835.15	0	.5185679	.0944479	.3869842	0
834.15	0	.5180223	.09495862	.3870191	0
833.15	0	.5174731	.09547518	.3870518	0
832.15	0	.5169201	.09599787	.387082	0
831.15	0	.5163632	.09652699	.3871098	0
830.15	0	.515802	.09706284	.3871351	0
829.15	0	.5152364	.09760574	.3871579	0
828.15	0	.5146661	.09815606	.3871779	0
827.15	0	.5140907	.09871416	.3871952	0
826.15	0	.5135099	.09928044	.3872096	0
825.15	0	.5129236	.09985532	.3872211	0
824.15	0	.5123311	.1004393	.3872296	0
823.15	0	.5117324	.1010327	.3872349	0
822.15	0	.5111268	.1016362	.387237	0
821.15	0	.510514	.1022503	.3872357	0
820.15	0	.5098935	.1028757	.3872308	0
819.15	0	.5092648	.1035128	.3872223	0
818.15	0	.5086274	.1041626	.38721	0
817.15	0	.5079807	.1048256	.3871937	0
816.15	0	.507324	.1055028	.3871732	0
815.15	0	.5066567	.1061951	.3871483	0
814.15	0	.5059779	.1069033	.3871188	0
813.15	0	.5052868	.1076288	.3870845	0
812.15	0	.5045825	.1083725	.387045	0
811.15	0	.5038639	.1091359	.3870001	0
810.15	0	.50313	.1099205	.3869496	0
809.15	0	.5019012	.1113074	.3867914	0
808.15	0	.5006636	.11271	.3866264	0
807.15	0	.4994883	.1140419	.3864698	0
806.15	0	.49837	.115309	.386321	0
805.15	0	.4973042	.1165165	.3861793	0
804.15	0	.4962867	.1176692	.386044	0
803.15	0	.495314	.1187713	.3859147	0
802.15	0	.4943827	.1198263	.385791	0
801.15	0	.4934899	.1208378	.3856724	0
800.15	0	.492633	.1218086	.3855585	0
799.15	0	.4918096	.1227414	.385449	0
798.15	0	.4910176	.1236388	.3853436	0
797.15	0	.490255	.124503	.385242	0
796.15	0	.48952	.125336	.385144	0
795.15	0	.4888111	.1261397	.3850493	0
794.15	0	.4881265	.1269157	.3849577	0
793.15	0	.4874652	.1276657	.3848691	0
792.15	0	.4868256	.1283911	.3847833	0
791.15	0	.4862067	.1290933	.3847	0
790.15	0	.4856073	.1297735	.3846192	0
789.15	0	.4850266	.1304328	.3845407	0
788.15	0	.4844634	.1310723	.3844644	0
787.15	0	.483917	.1316929	.3843901	0
786.15	0	.4833865	.1322958	.3843177	0
785.15	0	.4828713	.1328815	.3842472	0
784.15	0	.4823705	.1334511	.3841785	0
783.15	0	.4818835	.1340052	.3841114	0
782.15	0	.4814097	.1345445	.3840458	0
781.15	0	.4809498	.1350687	.3839814	0
780.15	0	.4805006	.1355806	.3839188	0
779.15	0	.4800628	.1360796	.3838576	0
778.15	0	.4796362	.1365663	.3837976	0
777.15	0	.4792201	.1370411	.3837388	0
776.15	0	.4788142	.1375046	.3836812	0
775.15	0	.4784181	.1379573	.3836247	0
774.15	0	.4780313	.1383995	.3835692	0
773.15	0	.4776535	.1388317	.3835148	0
772.15	0	.4772844	.1392544	.3834613	0
771.15	0	.4769236	.1396678	.3834087	0
770.15	0	.4765707	.1400723	.383357	0
769.15	0	.4762257	.1404682	.3833061	0
768.15	0	.475888	.140856	.3832561	0
767.15	0	.4755575	.1412358	.3832068	0
766.15	0	.4752339	.1416079	.3831582	0
765.15	0	.4749169	.1419728	.3831104	0
764.15	0	.4746064	.1423305	.3830632	0
763.15	0	.474302	.1426814	.3830166	0
762.15	0	.4740037	.1430256	.3829707	0
761.15	0	.4737111	.1433635	.3829254	0
760.15	0	.4734241	.1436953	.3828806	0
759.15	0	.4731426	.1440211	.3828364	0
758.15	0	.4728662	.1443411	.3827927	0
757.15	0	.472595	.1446556	.3827495	0
756.15	0	.4723286	.1449646	.3827068	0
755.15	0	.472067	.1452685	.3826645	0
754.15	0	.4718099	.1455674	.3826227	0
753.15	0	.4715574	.1458613	.3825813	0
752.15	0	.4713091	.1461506	.3825403	0
751.15	0	.471065	.1464352	.3824998	0
750.15	0	.470825	.1467154	.3824595	0
749.15	0	.4705889	.1469914	.3824197	0
748.15	0	.4703567	.1472631	.3823802	0
747.15	0	.4701281	.1475308	.3823411	0
746.15	0	.4699032	.1477946	.3823022	0
745.15	0	.4696817	.1480546	.3822637	0
744.15	0	.4694637	.1483109	.3822255	0
743.15	0	.4692489	.1485635	.3821875	0
742.15	0	.4690374	.1488128	.3821499	0
741.15	0	.468829	.1490586	.3821125	0
740.15	0	.4686236	.1493011	.3820753	0
739.15	0	.4684212	.1495404	.3820384	0
738.15	0	.4682216	.1497766	.3820018	0
737.15	0	.4680248	.1500098	.3819653	0
736.15	0	.4678308	.1502401	.3819291	0
735.15	0	.4676394	.1504675	.3818931	0
734.15	0	.4674506	.1506921	.3818573	0
733.15	0	.4672643	.150914	.3818217	0
732.15	0	.4670804	.1511332	.3817863	0
731.15	0	.466899	.1513499	.3817511	0
730.15	0	.4667198	.1515641	.3817161	0
729.15	0	.466543	.1517759	.3816812	0
728.15	0	.4663683	.1519852	.3816464	0
727.15	0	.4661958	.1521923	.3816119	0
726.15	0	.4660255	.1523971	.3815774	0
725.15	0	.4658571	.1525997	.3815432	0
724.15	0	.4656908	.1528002	.381509	0
723.15	0	.4655264	.1529986	.381475	0
722.15	0	.465364	.1531949	.3814412	0
721.15	0	.4652034	.1533892	.3814074	0
720.15	0	.4650446	.1535816	.3813738	0
719.15	0	.4648876	.1537721	.3813403	0
718.15	0	.4647324	.1539608	.3813069	0
717.15	0	.4645788	.1541476	.3812736	0
716.15	0	.4644269	.1543327	.3812404	0
715.15	0	.4642767	.1545161	.3812073	0
714.15	0	.464128	.1546978	.3811742	0
713.15	0	.4639809	.1548778	.3811413	0
712.15	0	.4638353	.1550562	.3811085	0
711.15	0	.4636912	.1552331	.3810758	0
710.15	0	.4635485	.1554084	.3810431	0
709.15	0	.4634073	.1555822	.3810105	0
708.15	0	.4632674	.1557546	.380978	0
707.15	0	.463129	.1559255	.3809456	0
706.15	0	.4629918	.156095	.3809132	0
705.15	0	.462856	.1562631	.3808809	0
704.15	0	.4627214	.1564299	.3808487	0
703.15	0	.4625881	.1565954	.3808165	0
702.15	0	.4624561	.1567596	.3807844	0
701.15	0	.4623252	.1569225	.3807523	0
700.15	0	.4621955	.1570842	.3807203	0
699.15	0	.462067	.1572447	.3806883	0
698.15	0	.4619396	.157404	.3806564	0
697.15	0	.4618134	.1575621	.3806246	0
696.15	0	.4616882	.1577191	.3805927	0
695.15	0	.4615641	.157875	.380561	0
694.15	0	.461441	.1580298	.3805292	0
693.15	0	.461319	.1581835	.3804976	0
692.15	0	.4611979	.1583362	.3804659	0
691.15	0	.4610779	.1584878	.3804343	0
690.15	0	.4609589	.1586384	.3804027	0
689.15	0	.4608408	.1587881	.3803712	0
688.15	0	.4607236	.1589368	.3803397	0
687.15	0	.4606074	.1590845	.3803082	0
686.15	0	.460492	.1592313	.3802767	0
685.15	0	.4603776	.1593771	.3802453	0
684.15	0	.460264	.1595221	.3802139	0
683.15	0	.4601513	.1596662	.3801825	0
682.15	0	.4600394	.1598094	.3801512	0
681.15	0	.4599284	.1599518	.3801199	0
680.15	0	.4598181	.1600933	.3800886	0
679.15	0	.4597087	.160234	.3800573	0
678.15	0	.4596	.1603739	.380026	0
677.15	0	.4594922	.160513	.3799948	0
676.15	0	.4593851	.1606514	.3799636	0
675.15	0	.4592787	.1607889	.3799324	0
674.15	0	.4591731	.1609257	.3799012	0
673.15	0	.4590682	.1610618	.37987	0
672.15	0	.458964	.1611972	.3798389	0
671.15	0	.4588605	.1613318	.3798077	0
670.15	0	.4587577	.1614657	.3797766	0
669.15	0	.4586556	.1615989	.3797455	0
668.15	0	.4585541	.1617315	.3797144	0
667.15	0	.4584533	.1618634	.3796833	0
666.15	0	.4583532	.1619946	.3796522	0
665.15	0	.4582537	.1621252	.3796212	0
664.15	0	.4581548	.1622551	.3795901	0
663.15	0	.4580566	.1623844	.379559	0
662.15	0	.4579589	.1625131	.379528	0
661.15	0	.4578619	.1626412	.379497	0
660.15	0	.4577654	.1627687	.3794659	0
659.15	0	.4576695	.1628955	.3794349	0
658.15	0	.4575742	.1630219	.3794039	0
657.15	0	.4574795	.1631476	.3793729	0
656.15	0	.4573853	.1632728	.3793419	0
655.15	0	.4572917	.1633974	.379311	0
654.15	0	.4571986	.1635214	.37928	0
653.15	0	.457106	.163645	.379249	0
652.15	0	.457014	.1637679	.379218	0
651.15	0	.4569225	.1638904	.3791871	0
650.15	0	.4568315	.1640123	.3791561	0
649.15	0	.4567411	.1641338	.3791252	0
648.15	0	.4566511	.1642547	.3790942	0
647.15	0	.4565616	.1643751	.3790633	0
646.15	0	.4564726	.1644951	.3790323	0
645.15	0	.4563841	.1646145	.3790014	0
644.15	0	.4562961	.1647335	.3789704	0
643.15	0	.4562085	.164852	.3789395	0
642.15	0	.4561214	.1649701	.3789086	0
641.15	0	.4560347	.1650876	.3788777	0
640.15	0	.4559485	.1652048	.3788467	0
639.15	0	.4558628	.1653214	.3788158	0
638.15	0	.4557774	.1654377	.3787849	0
637.15	0	.4556926	.1655534	.378754	0
636.15	0	.4556081	.1656688	.3787231	0
635.15	0	.4555241	.1657838	.3786922	0
634.15	0	.4554405	.1658983	.3786613	0
633.15	0	.4553572	.1660124	.3786304	0
632.15	0	.4552745	.166126	.3785995	0
631.15	0	.4551921	.1662393	.3785686	0
630.15	0	.4551101	.1663522	.3785377	0
629.15	0	.4550285	.1664647	.3785068	0
628.15	0	.4549473	.1665767	.378476	0
627.15	0	.4548665	.1666884	.3784451	0
626.15	0	.4547861	.1667997	.3784142	0
625.15	0	.454706	.1669107	.3783833	0
624.15	0	.4546263	.1670212	.3783525	0
623.15	0	.454547	.1671314	.3783216	0
622.15	0	.4544681	.1672412	.3782907	0
621.15	0	.4543895	.1673506	.3782599	0
620.15	0	.4543113	.1674597	.378229	0
619.15	0	.4542334	.1675684	.3781982	0
618.15	0	.4541559	.1676767	.3781674	0
617.15	0	.4540788	.1677847	.3781365	0
616.15	0	.4540019	.1678924	.3781057	0
615.15	0	.4539254	.1679997	.3780749	0
614.15	0	.4538493	.1681067	.378044	0
613.15	0	.4537735	.1682133	.3780132	0
612.15	0	.453698	.1683196	.3779824	0
611.15	0	.4536229	.1684256	.3779516	0
610.15	0	.453548	.1685312	.3779208	0
609.15	0	.4534735	.1686365	.37789	0
608.15	0	.4533993	.1687415	.3778592	0
607.15	0	.4533254	.1688461	.3778284	0
606.15	0	.4532519	.1689505	.3777977	0
605.15	0	.4531786	.1690545	.3777669	0
604.15	0	.4531057	.1691582	.3777362	0
603.15	0	.453033	.1692616	.3777054	0
602.15	0	.4529607	.1693647	.3776747	0
601.15	0	.4528886	.1694674	.3776439	0
600.15	0	.4528169	.1695699	.3776132	0
599.15	0	.4527454	.1696721	.3775825	0
598.15	0	.4526743	.169774	.3775518	0
597.15	0	.4526034	.1698755	.3775211	0
596.15	0	.4525328	.1699768	.3774904	0
595.15	0	.4524625	.1700778	.3774597	0
594.15	0	.4523925	.1701785	.3774291	0
593.15	0	.4523227	.1702789	.3773984	0
592.15	0	.4522533	.170379	.3773677	0
591.15	0	.4521841	.1704788	.3773371	0
590.15	0	.4521151	.1705784	.3773065	0
589.15	0	.4520465	.1706777	.3772759	0
588.15	0	.4519781	.1707766	.3772453	0
587.15	0	.45191	.1708753	.3772147	0
586.15	0	.4518421	.1709738	.3771841	0
585.15	0	.4517745	.1710719	.3771535	0
584.15	0	.4517072	.1711698	.377123	0
583.15	0	.4516401	.1712674	.3770925	0
582.15	0	.4515733	.1713648	.3770619	0
581.15	0	.4515068	.1714618	.3770314	0
580.15	0	.4514404	.1715586	.3770009	0
579.15	0	.4513744	.1716552	.3769705	0
578.15	0	.4513086	.1717514	.37694	0
577.15	0	.451243	.1718475	.3769096	0
576.15	0	.4511777	.1719432	.3768791	0
575.15	0	.4511126	.1720387	.3768487	0
574.15	0	.4510478	.1721339	.3768183	0
573.15	0	.4509832	.1722289	.3767879	0
572.15	0	.4509189	.1723236	.3767576	0
571.15	0	.4508547	.172418	.3767272	0
570.15	0	.4507909	.1725122	.3766969	0
569.15	0	.4507272	.1726062	.3766666	0
568.15	0	.4506638	.1726999	.3766363	0
567.15	0	.4506006	.1727933	.376606	0
566.15	0	.4505377	.1728865	.3765758	0
565.15	0	.450475	.1729795	.3765456	0
564.15	0	.4504125	.1730722	.3765154	0
563.15	0	.4503502	.1731646	.3764852	0
562.15	0	.4502882	.1732568	.376455	0
561.15	0	.4502264	.1733488	.3764249	0
560.15	0	.4501648	.1734405	.3763948	0
559.15	0	.4501034	.1735319	.3763647	0
558.15	0	.4500423	.1736232	.3763346	0
557.15	0	.4499813	.1737141	.3763045	0
556.15	0	.4499206	.1738049	.3762745	0
555.15	0	.4498601	.1738954	.3762445	0
554.15	0	.4497998	.1739856	.3762145	0
553.15	0	.4497398	.1740757	.3761846	0
552.15	0	.4496799	.1741654	.3761547	0
551.15	0	.4496203	.174255	.3761248	0
550.15	0	.4495608	.1743443	.3760949	0
549.15	0	.4495016	.1744334	.376065	0
548.15	0	.4494426	.1745222	.3760352	0
547.15	0	.4493838	.1746108	.3760054	0
546.15	0	.4493252	.1746991	.3759757	0
545.15	0	.4492668	.1747873	.3759459	0
544.15	0	.4492086	.1748752	.3759162	0
543.15	0	.4491506	.1749628	.3758866	0
542.15	0	.4490928	.1750503	.3758569	0
541.15	0	.4490353	.1751375	.3758273	0
540.15	0	.4489779	.1752244	.3757977	0
539.15	0	.4489207	.1753112	.3757682	0
538.15	0	.4488637	.1753977	.3757386	0
537.15	0	.4488069	.1754839	.3757092	0
536.15	0	.4487503	.17557	.3756797	0
535.15	0	.4486939	.1756558	.3756503	0
534.15	0	.4486378	.1757414	.3756209	0
533.15	0	.4485818	.1758267	.3755915	0
532.15	0	.4485259	.1759119	.3755622	0
531.15	0	.4484703	.1759968	.3755329	0
530.15	0	.4484149	.1760814	.3755037	0
529.15	0	.4483597	.1761659	.3754744	0
528.15	0	.4483046	.1762501	.3754453	0
527.15	0	.4482498	.1763341	.3754161	0
526.15	0	.4481951	.1764179	.375387	0
525.15	0	.4481407	.1765014	.3753579	0
524.15	0	.4480865	.1765847	.3753288	0
523.15	0	.4480324	.1766678	.3752998	0
522.15	0	.4479785	.1767507	.3752709	0
521.15	0	.4479247	.1768333	.3752419	0
520.15	0	.4478712	.1769157	.3752131	0
519.15	0	.4478179	.1769979	.3751842	0
518.15	0	.4477647	.1770799	.3751554	0
517.15	0	.4477117	.1771616	.3751267	0
516.15	0	.4476589	.1772431	.375098	0
515.15	0	.4476063	.1773244	.3750693	0
514.15	0	.4475539	.1774055	.3750406	0
513.15	0	.4475016	.1774864	.3750121	0
512.15	0	.4474495	.177567	.3749835	0
511.15	0	.4473976	.1776474	.374955	0
510.15	0	.4473459	.1777276	.3749265	0
509.15	0	.4472944	.1778075	.3748981	0
508.15	0	.447243	.1778873	.3748697	0
507.15	0	.4471918	.1779668	.3748414	0
506.15	0	.4471408	.1780461	.3748131	0
505.15	0	.44709	.1781251	.3747849	0
504.15	0	.4470393	.178204	.3747567	0
503.15	0	.4469888	.1782826	.3747286	0
502.15	0	.4469385	.178361	.3747005	0
501.15	0	.4468884	.1784392	.3746724	0
500.15	0	.4468384	.1785172	.3746444	0
499.15	0	.4467886	.1785949	.3746165	0
498.15	0	.446739	.1786724	.3745886	0
497.15	0	.4466896	.1787497	.3745607	0
496.15	0	.4466403	.1788268	.3745329	0
495.15	0	.4465912	.1789036	.3745052	0
494.15	0	.4465423	.1789803	.3744775	0
493.15	0	.4464935	.1790567	.3744498	0
492.15	0	.4464449	.1791328	.3744222	0
491.15	0	.4463965	.1792088	.3743947	0
490.15	0	.4463483	.1792845	.3743672	0
489.15	0	.4463002	.1793601	.3743398	0
488.15	0	.4462523	.1794354	.3743124	0
487.15	0	.4462045	.1795104	.374285	0
486.15	0	.4461569	.1795853	.3742578	0
485.15	0	.4461095	.1796599	.3742305	0
484.15	0	.4460623	.1797344	.3742034	0
483.15	0	.4460152	.1798086	.3741763	0
482.15	0	.4459683	.1798825	.3741492	0
481.15	0	.4459215	.1799563	.3741222	0
480.15	0	.4458749	.1800298	.3740953	0
479.15	0	.4458285	.1801031	.3740684	0
478.15	0	.4457823	.1801762	.3740415	0
477.15	0	.4457362	.1802491	.3740148	0
476.15	0	.4456902	.1803217	.3739881	0
475.15	0	.4456445	.1803941	.3739614	0
474.15	0	.4455989	.1804663	.3739348	0
473.15	0	.4455534	.1805383	.3739083	0
472.15	0	.4455081	.1806101	.3738818	0
471.15	0	.445463	.1806816	.3738554	0
470.15	0	.4454181	.1807529	.373829	0
469.15	0	.4453733	.180824	.3738027	0
468.15	0	.4453286	.1808949	.3737765	0
467.15	0	.4452841	.1809655	.3737503	0
466.15	0	.4452398	.1810359	.3737242	0
465.15	0	.4451957	.1811061	.3736982	0
464.15	0	.4451517	.1811761	.3736722	0
463.15	0	.4451078	.1812459	.3736463	0
462.15	0	.4450641	.1813154	.3736205	0
461.15	0	.4450206	.1813847	.3735947	0
460.15	0	.4449772	.1814538	.373569	0
459.15	0	.444934	.1815227	.3735433	0
458.15	0	.444891	.1815913	.3735177	0
457.15	0	.4448481	.1816597	.3734922	0
456.15	0	.4448053	.1817279	.3734667	0
455.15	0	.4447628	.1817959	.3734413	0
454.15	0	.4447203	.1818637	.373416	0
453.15	0	.4446781	.1819312	.3733907	0
452.15	0	.4446359	.1819985	.3733656	0
451.15	0	.444594	.1820656	.3733404	0
450.15	0	.4445522	.1821325	.3733154	0
449.15	0	.4445105	.1821991	.3732904	0
448.15	0	.4444691	.1822654	.3732655	0
447.15	0	.4444277	.1823315	.3732407	0
446.15	0	.4443866	.1823974	.373216	0
445.15	0	.4443456	.1824631	.3731913	0
444.15	0	.4443048	.1825285	.3731667	0
443.15	0	.4442641	.1825937	.3731422	0
442.15	0	.4442236	.1826586	.3731177	0
441.15	0	.4441833	.1827233	.3730934	0
440.15	0	.4441432	.1827877	.3730691	0
439.15	0	.4441032	.1828519	.3730449	0
438.15	0	.4440634	.1829158	.3730208	0
437.15	0	.4440238	.1829794	.3729968	0
436.15	0	.4439844	.1830428	.3729729	0
435.15	0	.4439451	.1831059	.372949	0
434.15	0	.443906	.1831687	.3729253	0
433.15	0	.4438671	.1832313	.3729016	0
432.15	0	.4438284	.1832935	.372878	0
431.15	0	.4437899	.1833556	.3728546	0
430.15	0	.4437515	.1834173	.3728312	0
429.15	0	.4437134	.1834787	.3728079	0
428.15	0	.4436754	.1835399	.3727847	0
427.15	0	.4436376	.1836008	.3727616	0
426.15	0	.4436	.1836614	.3727386	0
425.15	0	.4435626	.1837217	.3727157	0
424.15	0	.4435254	.1837818	.3726928	0
423.15	0	.4434883	.1838415	.3726701	0
422.15	0	.4434515	.183901	.3726475	0
421.15	0	.4434148	.1839602	.372625	0
420.15	0	.4433783	.1840191	.3726026	0
419.15	0	.4433421	.1840777	.3725803	0
418.15	0	.4433059	.184136	.3725581	0
417.15	0	.44327	.184194	.3725359	0
416.15	0	.4432343	.1842518	.3725139	0
415.15	0	.4431988	.1843092	.372492	0
414.15	0	.4431634	.1843664	.3724702	0
413.15	0	.4431282	.1844233	.3724485	0
412.15	0	.4430932	.1844799	.3724269	0
411.15	0	.4430584	.1845362	.3724054	0
410.15	0	.4430238	.1845922	.372384	0
409.15	0	.4429894	.1846479	.3723627	0
408.15	0	.4429551	.1847034	.3723415	0
407.15	0	.4429211	.1847585	.3723204	0
406.15	0	.4428872	.1848134	.3722994	0
405.15	0	.4428534	.184868	.3722786	0
404.15	0	.4428199	.1849223	.3722578	0
403.15	0	.4427866	.1849763	.3722371	0
402.15	0	.4427534	.1850301	.3722165	0
401.15	0	.4427204	.1850835	.3721961	0
400.15	0	.4426876	.1851367	.3721757	0
399.15	0	.442655	.1851896	.3721554	0
398.15	0	.4426225	.1852422	.3721353	0
397.15	0	.4425902	.1852946	.3721152	0
396.15	0	.4425581	.1853466	.3720953	0
395.15	0	.4425261	.1853984	.3720754	0
394.15	0	.4424943	.18545	.3720557	0
393.15	0	.4424627	.1855012	.3720361	0
392.15	0	.4424313	.1855522	.3720165	0
391.15	0	.4424	.1856029	.3719971	0
390.15	0	.4423689	.1856534	.3719778	0
389.15	0	.4423379	.1857035	.3719585	0
388.15	0	.4423071	.1857535	.3719394	0
387.15	0	.4422765	.1858031	.3719204	0
386.15	0	.442246	.1858525	.3719015	0
385.15	0	.4422157	.1859016	.3718826	0
384.15	0	.4421856	.1859505	.3718639	0
383.15	0	.4421556	.1859991	.3718453	0
382.15	0	.4421257	.1860475	.3718268	0
381.15	0	.442096	.1860956	.3718083	0
380.15	0	.4420665	.1861435	.37179	0
379.15	0	.4420371	.1861911	.3717718	0
378.15	0	.4420079	.1862385	.3717537	0
377.15	0	.4419788	.1862856	.3717356	0
376.15	0	.4419498	.1863325	.3717177	0
375.15	0	.441921	.1863791	.3716999	0
374.15	0	.4418924	.1864255	.3716822	0
373.15	0	.4418639	.1864716	.3716645	0
372.15	0	.4418355	.1865175	.371647	0
371.15	0	.4418072	.1865632	.3716295	0
370.15	0	.4417791	.1866087	.3716122	0
369.15	0	.4417511	.1866539	.3715949	0
