T	 BPW(LIQUID)	BPW(BCC_A2)	BPW(FCC_A1)	BPW(LAVES_PHASE_C14)	BPW(NI3TI)
1473.15	.1797189	.8202811	0	0	0
1472.15	.1774615	.8225385	0	0	0
1471.15	.1752183	.8247817	0	0	0
1470.15	.172989	.827011	0	0	0
1469.15	.1707736	.8292265	0	0	0
1468.15	.1685718	.8314282	0	0	0
1467.15	.1663837	.8336163	0	0	0
1466.15	.164209	.835791	0	0	0
1465.15	.1620477	.8379523	0	0	0
1464.15	.1598997	.8401003	0	0	0
1463.15	.1577648	.8422353	0	0	0
1462.15	.1556428	.8443572	0	0	0
1461.15	.1535338	.8464662	0	0	0
1460.15	.1514375	.8485625	0	0	0
1459.15	.149354	.850646	0	0	0
1458.15	.147283	.852717	0	0	0
1457.15	.1452244	.8547756	0	0	0
1456.15	.1431782	.8568218	0	0	0
1455.15	.1411442	.8588558	0	0	0
1454.15	.1391224	.8608776	0	0	0
1453.15	.1371126	.8628874	0	0	0
1452.15	.1351148	.8648853	0	0	0
1451.15	.1331287	.8668713	0	0	0
1450.15	.1311544	.8688456	0	0	0
1449.15	.1291918	.8708082	0	0	0
1448.15	.1272407	.8727593	0	0	0
1447.15	.125301	.874699	0	0	0
1446.15	.1233726	.8766274	0	0	0
1445.15	.1214555	.8785445	0	0	0
1444.15	.1195496	.8804504	0	0	0
1443.15	.1176548	.8823453	0	0	0
1442.15	.1157709	.8842291	0	0	0
1441.15	.1138979	.8861021	0	0	0
1440.15	.1120357	.8879643	0	0	0
1439.15	.1101842	.8898158	0	0	0
1438.15	.1083433	.8916567	0	0	0
1437.15	.106513	.893487	0	0	0
1436.15	.1046931	.8953069	0	0	0
1435.15	.1028836	.8971164	0	0	0
1434.15	.1010843	.8989157	0	0	0
1433.15	.09929531	.9007047	0	0	0
1432.15	.09751641	.9024836	0	0	0
1431.15	.09574755	.9042524	0	0	0
1430.15	.09398866	.9060113	0	0	0
1429.15	.09223965	.9077604	0	0	0
1428.15	.09050045	.9094996	0	0	0
1427.15	.08877097	.911229	0	0	0
1426.15	.08705116	.9129488	0	0	0
1425.15	.08534092	.9146591	0	0	0
1424.15	.08364019	.9163598	0	0	0
1423.15	.08194889	.9180511	0	0	0
1422.15	.08026696	.919733	0	0	0
1421.15	.07859431	.9214057	0	0	0
1420.15	.07693088	.9230691	0	0	0
1419.15	.0752766	.9247234	0	0	0
1418.15	.07363139	.9263686	0	0	0
1417.15	.0719952	.9280048	0	0	0
1416.15	.07036795	.9296321	0	0	0
1415.15	.06874957	.9312504	0	0	0
1414.15	.06714001	.93286	0	0	0
1413.15	.06553919	.9344608	0	0	0
1412.15	.06394704	.936053	0	0	0
1411.15	.06236351	.9376365	0	0	0
1410.15	.06078854	.9392115	0	0	0
1409.15	.05922205	.940778	0	0	0
1408.15	.05766398	.942336	0	0	0
1407.15	.05611428	.9438857	0	0	0
1406.15	.05457289	.9454271	0	0	0
1405.15	.05303974	.9469603	0	0	0
1404.15	.05151478	.9484852	0	0	0
1403.15	.04999794	.9500021	0	0	0
1402.15	.04848916	.9515108	0	0	0
1401.15	.0469884	.9530116	0	0	0
1400.15	.04549559	.9545044	0	0	0
1399.15	.04401068	.9559893	0	0	0
1398.15	.04253361	.9574664	0	0	0
1397.15	.04106432	.9589357	0	0	0
1396.15	.03960277	.9603972	0	0	0
1395.15	.0381489	.9618511	0	0	0
1394.15	.03670264	.9632974	0	0	0
1393.15	.03526397	.964736	0	0	0
1392.15	.03383281	.9661672	0	0	0
1391.15	.03240911	.9675909	0	0	0
1390.15	.03099284	.9690072	0	0	0
1389.15	.02958393	.9704161	0	0	0
1388.15	.02818234	.9718177	0	0	0
1387.15	.02678801	.973212	0	0	0
1386.15	.0254009	.9745991	0	0	0
1385.15	.02402096	.975979	0	0	0
1384.15	.02264814	.9773519	0	0	0
1383.15	.0212824	.9787176	0	0	0
1382.15	.01992368	.9800763	0	0	0
1381.15	.01857194	.9814281	0	0	0
1380.15	.01722714	.9827729	0	0	0
1379.15	.01588923	.9841108	0	0	0
1378.15	.01455816	.9854418	0	0	0
1377.15	.01323389	.9867661	0	0	0
1376.15	.01191637	.9880836	0	0	0
1375.15	.01060557	.9893944	0	0	0
1374.15	.00930144	.9906986	0	0	0
1373.15	.008003933	.9919961	0	0	0
1372.15	.006713011	.993287	0	0	0
1371.15	.005428632	.9945714	0	0	0
1370.15	.004150753	.9958493	0	0	0
1369.15	.002879335	.9971207	0	0	0
1368.15	.001614337	.9983857	0	0	0
1367.15	3.557181E-04	.9996443	0	0	0
1366.866	0	1	0	0	0
1366.866	0	1	0	0	0
1366.15	0	1	0	0	0
1365.15	0	1	0	0	0
1364.15	0	1	0	0	0
1363.15	0	1	0	0	0
1362.15	0	1	0	0	0
1361.15	0	1	0	0	0
1360.15	0	1	0	0	0
1359.15	0	1	0	0	0
1358.15	0	1	0	0	0
1357.15	0	1	0	0	0
1356.15	0	1	0	0	0
1355.15	0	1	0	0	0
1354.15	0	1	0	0	0
1353.15	0	1	0	0	0
1352.15	0	1	0	0	0
1351.15	0	1	0	0	0
1350.15	0	1	0	0	0
1349.15	0	1	0	0	0
1348.15	0	1	0	0	0
1347.15	0	1	0	0	0
1346.15	0	1	0	0	0
1345.15	0	1	0	0	0
1344.15	0	1	0	0	0
1343.15	0	1	0	0	0
1342.15	0	1	0	0	0
1341.15	0	1	0	0	0
1340.15	0	1	0	0	0
1339.15	0	1	0	0	0
1338.15	0	1	0	0	0
1337.15	0	1	0	0	0
1336.15	0	1	0	0	0
1335.15	0	1	0	0	0
1334.15	0	1	0	0	0
1333.15	0	1	0	0	0
1332.15	0	1	0	0	0
1331.15	0	1	0	0	0
1330.15	0	1	0	0	0
1329.15	0	1	0	0	0
1328.15	0	1	0	0	0
1327.15	0	1	0	0	0
1326.15	0	1	0	0	0
1325.15	0	1	0	0	0
1324.15	0	1	0	0	0
1323.15	0	1	0	0	0
1322.15	0	1	0	0	0
1321.15	0	1	0	0	0
1320.15	0	1	0	0	0
1319.15	0	1	0	0	0
1318.15	0	1	0	0	0
1317.15	0	1	0	0	0
1316.15	0	1	0	0	0
1315.15	0	1	0	0	0
1314.15	0	1	0	0	0
1313.15	0	1	0	0	0
1312.15	0	1	0	0	0
1312.046	0	1	0	0	0
1312.046	0	1	0	0	0
1312.046	0	1	0	0	0
1311.15	0	.9988763	.001123695	0	0
1310.15	0	.9976244	.002375551	0	0
1309.15	0	.9963746	.003625432	0	0
1308.15	0	.9951267	.004873335	0	0
1307.15	0	.9938807	.006119261	0	0
1306.15	0	.9926368	.007363209	0	0
1305.15	0	.9913948	.008605179	0	0
1304.15	0	.9901548	.00984517	0	0
1303.15	0	.9889168	.01108318	0	0
1302.15	0	.9876808	.01231921	0	0
1301.15	0	.9864467	.01355327	0	0
1300.15	0	.9852147	.01478534	0	0
1299.15	0	.9839846	.01601543	0	0
1298.15	0	.9827565	.01724353	0	0
1297.15	0	.9815303	.01846966	0	0
1296.15	0	.9803062	.0196938	0	0
1295.15	0	.979084	.02091595	0	0
1294.15	0	.9778639	.02213612	0	0
1293.15	0	.9766457	.02335431	0	0
1292.15	0	.9754295	.02457051	0	0
1291.15	0	.9742153	.02578471	0	0
1290.15	0	.9730031	.02699694	0	0
1289.15	0	.9717928	.02820717	0	0
1288.15	0	.9705846	.02941541	0	0
1287.15	0	.9693783	.03062166	0	0
1286.15	0	.9681741	.03182593	0	0
1285.15	0	.9669718	.03302819	0	0
1284.15	0	.9657715	.03422846	0	0
1283.15	0	.9645733	.03542674	0	0
1282.15	0	.963377	.03662303	0	0
1281.15	0	.9621827	.03781731	0	0
1280.15	0	.9609904	.0390096	0	0
1279.15	0	.9598001	.04019989	0	0
1278.15	0	.9586118	.04138817	0	0
1277.15	0	.9574255	.04257446	0	0
1276.15	0	.9562413	.04375874	0	0
1275.15	0	.955059	.04494102	0	0
1274.15	0	.9538787	.04612129	0	0
1273.15	0	.9527004	.04729956	0	0
1272.15	0	.9515242	.04847582	0	0
1271.15	0	.9503499	.04965007	0	0
1270.15	0	.9491777	.05082231	0	0
1269.15	0	.9480075	.05199254	0	0
1268.15	0	.9468392	.05316076	0	0
1267.15	0	.945673	.05432696	0	0
1266.15	0	.9445089	.05549114	0	0
1265.15	0	.9433467	.05665331	0	0
1264.15	0	.9421865	.05781346	0	0
1263.15	0	.9410284	.05897159	0	0
1262.15	0	.9398723	.06012769	0	0
1261.15	0	.9387182	.06128177	0	0
1260.15	0	.9375662	.06243383	0	0
1259.15	0	.9364161	.06358386	0	0
1258.15	0	.9352681	.06473186	0	0
1257.15	0	.9341222	.06587783	0	0
1256.15	0	.9329782	.06702176	0	0
1255.15	0	.9318363	.06816366	0	0
1254.15	0	.9306965	.06930353	0	0
1253.15	0	.9295586	.07044136	0	0
1252.15	0	.9284229	.07157715	0	0
1251.15	0	.9272891	.0727109	0	0
1250.15	0	.9261574	.0738426	0	0
1249.15	0	.9250277	.07497226	0	0
1248.15	0	.9239001	.07609987	0	0
1247.15	0	.9227746	.07722543	0	0
1246.15	0	.9216511	.07834894	0	0
1245.15	0	.9205296	.0794704	0	0
1244.15	0	.9194102	.0805898	0	0
1243.15	0	.9182929	.08170715	0	0
1242.15	0	.9171776	.08282243	0	0
1241.15	0	.9160644	.08393565	0	0
1240.15	0	.9149532	.0850468	0	0
1239.15	0	.9138441	.0861559	0	0
1238.15	0	.9127371	.08726292	0	0
1237.15	0	.9116321	.08836787	0	0
1236.15	0	.9105293	.08947074	0	0
1235.15	0	.9094285	.09057154	0	0
1234.15	0	.9083297	.09167026	0	0
1233.15	0	.9072331	.0927669	0	0
1232.15	0	.9061386	.09386145	0	0
1231.15	0	.9050461	.09495392	0	0
1230.15	0	.9039557	.0960443	0	0
1229.15	0	.9028674	.09713259	0	0
1228.15	0	.9017812	.09821879	0	0
1227.15	0	.9006971	.09930289	0	0
1226.15	0	.8996151	.1003849	0	0
1225.15	0	.8985352	.1014648	0	0
1224.15	0	.8974574	.1025426	0	0
1223.15	0	.8963817	.1036183	0	0
1222.15	0	.8953082	.1046918	0	0
1221.15	0	.8942367	.1057633	0	0
1220.15	0	.8931674	.1068326	0	0
1219.15	0	.8921001	.1078999	0	0
1218.15	0	.8910351	.108965	0	0
1217.15	0	.8899721	.1100279	0	0
1216.15	0	.8889112	.1110888	0	0
1215.15	0	.8878525	.1121475	0	0
1214.15	0	.8867959	.1132041	0	0
1213.15	0	.8857415	.1142585	0	0
1212.15	0	.8846892	.1153108	0	0
1211.15	0	.883639	.116361	0	0
1210.15	0	.882591	.117409	0	0
1209.15	0	.8815452	.1184548	0	0
1208.15	0	.8805015	.1194985	0	0
1207.15	0	.8794599	.1205401	0	0
1206.15	0	.8784206	.1215794	0	0
1205.15	0	.8773833	.1226167	0	0
1204.15	0	.8763483	.1236517	0	0
1203.15	0	.8753154	.1246846	0	0
1202.15	0	.8742847	.1257153	0	0
1201.15	0	.8732562	.1267438	0	0
1200.15	0	.8722299	.1277701	0	0
1199.15	0	.8712057	.1287943	0	0
1198.15	0	.8701838	.1298163	0	0
1197.15	0	.869164	.130836	0	0
1196.15	0	.8681464	.1318536	0	0
1195.15	0	.8671311	.132869	0	0
1194.15	0	.8661179	.1338821	0	0
1193.15	0	.865107	.1348931	0	0
1192.15	0	.8640982	.1359018	0	0
1191.15	0	.8630917	.1369083	0	0
1190.15	0	.8620874	.1379126	0	0
1189.15	0	.8610853	.1389147	0	0
1188.15	0	.8600855	.1399145	0	0
1187.15	0	.8590879	.1409121	0	0
1186.15	0	.8580926	.1419074	0	0
1185.15	0	.8570994	.1429005	0	0
1184.15	0	.8561086	.1438914	0	0
1183.15	0	.85512	.14488	0	0
1182.15	0	.8541336	.1458664	0	0
1181.15	0	.8531495	.1468505	0	0
1180.15	0	.8521677	.1478323	0	0
1179.15	0	.8511881	.1488119	0	0
1178.15	0	.8502109	.1497891	0	0
1177.15	0	.8492359	.1507641	0	0
1176.15	0	.8482631	.1517369	0	0
1175.15	0	.8472927	.1527073	0	0
1174.15	0	.8463246	.1536754	0	0
1173.15	0	.8453587	.1546413	0	0
1172.15	0	.8443952	.1556048	0	0
1171.15	0	.843434	.156566	0	0
1170.15	0	.8424751	.1575249	0	0
1169.15	0	.8415185	.1584815	0	0
1168.15	0	.8405643	.1594357	0	0
1167.15	0	.8396123	.1603877	0	0
1166.15	0	.8386627	.1613373	0	0
1165.15	0	.8377155	.1622845	0	0
1164.15	0	.8367706	.1632294	0	0
1163.15	0	.835828	.164172	0	0
1162.15	0	.8348878	.1651122	0	0
1161.15	0	.83395	.16605	0	0
1160.15	0	.8330145	.1669855	0	0
1159.15	0	.8320814	.1679186	0	0
1158.15	0	.8311507	.1688493	0	0
1157.15	0	.8302224	.1697776	0	0
1156.15	0	.8292964	.1707036	0	0
1155.15	0	.8283729	.1716271	0	0
1154.15	0	.8274517	.1725483	0	0
1153.15	0	.826533	.173467	0	0
1152.15	0	.8256166	.1743834	0	0
1151.15	0	.8247027	.1752973	0	0
1150.15	0	.8237913	.1762088	0	0
1149.15	0	.8228822	.1771178	0	0
1148.15	0	.8219756	.1780244	0	0
1147.15	0	.8210714	.1789286	0	0
1146.15	0	.8201697	.1798303	0	0
1145.15	0	.8192704	.1807296	0	0
1144.15	0	.8183736	.1816264	0	0
1143.15	0	.8174793	.1825207	0	0
1142.15	0	.8165874	.1834126	0	0
1141.15	0	.8156981	.1843019	0	0
1140.15	0	.8148112	.1851888	0	0
1139.15	0	.8139268	.1860732	0	0
1138.15	0	.8130449	.1869551	0	0
1137.15	0	.8121655	.1878345	0	0
1136.15	0	.8112886	.1887114	0	0
1135.15	0	.8104143	.1895857	0	0
1134.15	0	.8095425	.1904575	0	0
1133.15	0	.8086732	.1913268	0	0
1132.15	0	.8078064	.1921936	0	0
1131.15	0	.8069423	.1930578	0	0
1130.15	0	.8060806	.1939194	0	0
1129.15	0	.8052215	.1947785	0	0
1128.15	0	.804365	.195635	0	0
1127.15	0	.8035111	.1964889	0	0
1126.15	0	.8026598	.1973402	0	0
1125.921	0	.8024655	.1975345	0	0
1125.921	0	.8024655	.1975345	0	0
1125.921	0	.8024655	.1975345	0	0
1125.15	0	.8016201	.1980501	3.297637E-04	0
1124.15	0	.8005275	.1987161	7.563364E-04	0
1123.15	0	.7994389	.1993793	.001181874	0
1122.15	0	.7983541	.2000396	.00160638	0
1121.15	0	.7972731	.2006971	.002029855	0
1120.15	0	.796196	.2013517	.002452303	0
1119.15	0	.7951227	.2020036	.002873726	0
1118.15	0	.7940533	.2026526	.003294125	0
1117.15	0	.7929877	.2032988	.003713505	0
1116.15	0	.791926	.2039421	.004131866	0
1115.15	0	.7908682	.2045826	.004549211	0
1114.15	0	.7898142	.2052203	.004965542	0
1113.15	0	.788764	.2058551	.005380862	0
1112.15	0	.7877177	.2064872	.005795173	0
1111.15	0	.7866752	.2071163	.006208477	0
1110.15	0	.7856366	.2077427	.006620776	0
1109.15	0	.7846018	.2083661	.007032072	0
1108.15	0	.7835708	.2089868	.007442368	0
1107.15	0	.7825437	.2096046	.007851665	0
1106.15	0	.7815205	.2102196	.008259966	0
1105.15	0	.780501	.2108317	.008667273	0
1104.15	0	.7794855	.211441	.009073587	0
1103.15	0	.7784737	.2120474	.009478912	0
1102.15	0	.7774658	.212651	.009883248	0
1101.15	0	.7764617	.2132517	.0102866	0
1100.15	0	.7754615	.2138495	.01068896	0
1099.15	0	.7744651	.2144445	.01109035	0
1098.15	0	.7734726	.2150367	.01149075	0
1097.15	0	.7724839	.215626	.01189017	0
1096.15	0	.771499	.2162124	.01228862	0
1095.15	0	.770518	.2167959	.01268609	0
1094.15	0	.7695408	.2173766	.01308259	0
1093.15	0	.7685674	.2179545	.01347812	0
1092.15	0	.7675979	.2185294	.01387268	0
1091.15	0	.7666323	.2191015	.01426627	0
1090.15	0	.7656704	.2196707	.0146589	0
1089.15	0	.7647124	.220237	.01505056	0
1088.15	0	.7637583	.2208005	.01544125	0
1087.15	0	.762808	.221361	.01583099	0
1086.15	0	.7618615	.2219187	.01621977	0
1085.15	0	.7609189	.2224735	.01660759	0
1084.15	0	.7599801	.2230254	.01699445	0
1083.15	0	.7590452	.2235744	.01738036	0
1082.15	0	.7581141	.2241206	.01776532	0
1081.15	0	.7571869	.2246638	.01814932	0
1080.15	0	.7562635	.2252041	.01853237	0
1079.15	0	.755344	.2257416	.01891448	0
1078.15	0	.7544283	.2262761	.01929564	0
1077.15	0	.7535165	.2268077	.01967585	0
1076.15	0	.7526085	.2273364	.02005511	0
1075.15	0	.7517044	.2278622	.02043344	0
1074.15	0	.7508041	.2283851	.02081082	0
1073.15	0	.7499077	.2289051	.02118726	0
1072.15	0	.7490151	.2294221	.02156276	0
1071.15	0	.7481264	.2299362	.02193733	0
1070.15	0	.7472416	.2304474	.02231096	0
1069.15	0	.7463607	.2309557	.02268365	0
1068.15	0	.7454836	.231461	.0230554	0
1067.15	0	.7446103	.2319634	.02342623	0
1066.15	0	.743741	.2324629	.02379612	0
1065.15	0	.7428755	.2329594	.02416508	0
1064.15	0	.7420139	.233453	.02453311	0
1063.15	0	.7411561	.2339437	.02490021	0
1062.15	0	.7403023	.2344314	.02526638	0
1061.15	0	.7394523	.2349161	.02563162	0
1060.15	0	.7386062	.2353979	.02599594	0
1059.15	0	.7377639	.2358767	.02635934	0
1058.15	0	.7369256	.2363526	.02672181	0
1057.15	0	.7360912	.2368255	.02708335	0
1056.15	0	.7352606	.2372954	.02744397	0
1055.15	0	.7344339	.2377624	.02780367	0
1054.15	0	.7336112	.2382264	.02816245	0
1053.15	0	.7327923	.2386874	.02852031	0
1052.15	0	.7319773	.2391455	.02887725	0
1051.15	0	.7311662	.2396005	.02923327	0
1050.15	0	.7303591	.2400526	.02958837	0
1049.15	0	.7295558	.2405017	.02994255	0
1048.15	0	.7287564	.2409477	.03029582	0
1047.15	0	.727961	.2413908	.03064817	0
1046.15	0	.7271695	.2418309	.0309996	0
1045.15	0	.7263819	.242268	.03135012	0
1044.15	0	.7255982	.2427021	.03169972	0
1043.15	0	.7248184	.2431332	.03204841	0
1042.15	0	.7240426	.2435612	.03239618	0
1041.15	0	.7232707	.2439863	.03274304	0
1040.15	0	.7225027	.2444083	.03308898	0
1039.15	0	.7217387	.2448273	.03343401	0
1038.15	0	.7209785	.2452433	.03377812	0
1037.15	0	.7202224	.2456563	.03412133	0
1036.15	0	.7194702	.2460662	.03446362	0
1035.15	0	.7187219	.2464731	.03480499	0
1034.15	0	.7179776	.246877	.03514546	0
1033.15	0	.7172372	.2472778	.03548501	0
1032.15	0	.7165008	.2476756	.03582365	0
1031.15	0	.7157683	.2480703	.03616137	0
1030.15	0	.7150399	.248462	.03649819	0
1029.15	0	.7143153	.2488506	.03683409	0
1028.15	0	.7135948	.2492362	.03716907	0
1027.15	0	.7128782	.2496187	.03750315	0
1026.15	0	.7121656	.2499981	.03783631	0
1025.15	0	.7114569	.2503745	.03816855	0
1024.15	0	.7107523	.2507478	.03849989	0
1023.15	0	.7100516	.2511181	.0388303	0
1022.15	0	.7093549	.2514853	.03915981	0
1021.15	0	.7086622	.2518494	.03948839	0
1020.15	0	.7079735	.2522104	.03981607	0
1019.15	0	.7072888	.2525683	.04014282	0
1018.15	0	.7066081	.2529232	.04046866	0
1017.15	0	.7059314	.253275	.04079359	0
1016.15	0	.7052587	.2536237	.04111759	0
1015.15	0	.7045901	.2539693	.04144068	0
1014.15	0	.7039254	.2543118	.04176284	0
1013.15	0	.7032647	.2546512	.04208409	0
1012.15	0	.7026081	.2549875	.04240442	0
1011.15	0	.7019555	.2553207	.04272382	0
1010.15	0	.7013069	.2556508	.0430423	0
1009.15	0	.7006623	.2559778	.04335986	0
1008.15	0	.7000218	.2563017	.0436765	0
1007.15	0	.6993853	.2566225	.0439922	0
1006.15	0	.6987528	.2569402	.04430699	0
1005.15	0	.6981244	.2572548	.04462084	0
1004.15	0	.6975	.2575662	.04493377	0
1003.15	0	.6968797	.2578746	.04524576	0
1002.15	0	.6962634	.2581798	.04555682	0
1001.15	0	.6956511	.2584819	.04586696	0
1000.15	0	.695043	.2587809	.04617615	0
999.15	0	.6944388	.2590768	.04648441	0
998.15	0	.6938388	.2593695	.04679174	0
997.15	0	.6932427	.2596591	.04709812	0
996.15	0	.6926508	.2599457	.04740356	0
995.15	0	.6920629	.260229	.04770806	0
994.15	0	.6914791	.2605093	.04801162	0
993.15	0	.6908993	.2607865	.04831423	0
992.15	0	.6903236	.2610605	.0486159	0
991.15	0	.689752	.2613314	.04891661	0
990.15	0	.6891845	.2615992	.04921638	0
989.15	0	.688621	.2618638	.04951518	0
988.15	0	.6880616	.2621253	.04981304	0
987.15	0	.6875063	.2623838	.05010993	0
986.15	0	.6869551	.262639	.05040587	0
985.15	0	.6864079	.2628912	.05070084	0
984.15	0	.6858649	.2631403	.05099485	0
983.15	0	.6853259	.2633862	.05128789	0
982.15	0	.684791	.2636291	.05157997	0
981.15	0	.6842602	.2638688	.05187107	0
980.15	0	.6837334	.2641054	.05216119	0
979.15	0	.6832108	.2643389	.05245034	0
978.15	0	.6826922	.2645693	.0527385	0
977.15	0	.6821777	.2647966	.05302569	0
976.15	0	.6816673	.2650208	.05331188	0
975.15	0	.681161	.2652419	.05359709	0
974.15	0	.6806588	.2654599	.05388131	0
973.15	0	.6801607	.2656748	.05416453	0
972.15	0	.6796666	.2658867	.05444675	0
971.15	0	.6791766	.2660954	.05472797	0
970.15	0	.6786907	.2663011	.05500818	0
969.15	0	.6782089	.2665037	.05528738	0
968.15	0	.6777312	.2667033	.05556558	0
967.15	0	.6772575	.2668998	.05584275	0
966.15	0	.6767879	.2670932	.05611891	0
965.15	0	.6763223	.2672836	.05639404	0
964.15	0	.6758609	.267471	.05666814	0
963.15	0	.6754035	.2676553	.05694122	0
962.15	0	.6749501	.2678366	.05721325	0
961.15	0	.6745008	.2680149	.05748425	0
960.15	0	.6740556	.2681902	.0577542	0
959.15	0	.6736144	.2683625	.05802311	0
958.15	0	.6731773	.2685318	.05829096	0
957.15	0	.6727442	.2686981	.05855775	0
956.15	0	.6723151	.2688615	.05882348	0
955.15	0	.67189	.2690218	.05908814	0
954.15	0	.671469	.2691793	.05935173	0
953.15	0	.671052	.2693338	.05961425	0
952.15	0	.670639	.2694854	.05987568	0
951.15	0	.6702299	.269634	.06013603	0
950.15	0	.6698249	.2697798	.06039528	0
949.15	0	.6694239	.2699227	.06065343	0
948.15	0	.6690268	.2700627	.06091048	0
947.15	0	.6686337	.2701999	.06116642	0
946.15	0	.6682446	.2703342	.06142125	0
945.15	0	.6678594	.2704657	.06167495	0
944.15	0	.6674781	.2705943	.06192753	0
943.15	0	.6671008	.2707202	.06217897	0
942.15	0	.6667274	.2708433	.06242928	0
941.15	0	.6663579	.2709637	.06267844	0
940.15	0	.6659923	.2710813	.06292644	0
939.15	0	.6656305	.2711962	.06317329	0
938.15	0	.6652727	.2713084	.06341897	0
937.15	0	.6649186	.2714179	.06366348	0
936.15	0	.6645684	.2715247	.06390681	0
935.15	0	.6642221	.271629	.06414895	0
934.15	0	.6638795	.2717306	.0643899	0
933.15	0	.6635407	.2718296	.06462964	0
932.15	0	.6632057	.2719261	.06486818	0
931.15	0	.6628745	.27202	.06510549	0
930.15	0	.662547	.2721115	.06534159	0
929.15	0	.6622232	.2722004	.06557644	0
928.15	0	.6619031	.2722869	.06581006	0
927.15	0	.6615866	.272371	.06604242	0
926.15	0	.6612738	.2724527	.06627353	0
925.15	0	.6609647	.272532	.06650337	0
924.15	0	.6606591	.272609	.06673193	0
923.15	0	.6603572	.2726836	.0669592	0
922.15	0	.6600588	.2727561	.06718518	0
921.15	0	.6597639	.2728263	.06740985	0
920.15	0	.6594725	.2728943	.06763321	0
919.15	0	.6591846	.2729602	.06785524	0
918.15	0	.6589002	.2730239	.06807594	0
917.15	0	.6586191	.2730856	.06829529	0
916.15	0	.6583415	.2731452	.06851328	0
915.15	0	.6580672	.2732029	.06872991	0
914.15	0	.6577963	.2732586	.06894516	0
913.15	0	.6575286	.2733124	.06915902	0
912.15	0	.6572642	.2733643	.06937147	0
911.15	0	.6570031	.2734144	.06958252	0
910.15	0	.6567451	.2734628	.06979214	0
909.15	0	.6564902	.2735095	.07000032	0
908.15	0	.6562385	.2735545	.07020705	0
907.15	0	.6559898	.2735979	.07041232	0
906.15	0	.6557441	.2736398	.07061612	0
905.15	0	.6555015	.2736801	.07081842	0
904.15	0	.6552617	.273719	.07101922	0
903.15	0	.6550249	.2737566	.07121851	0
902.15	0	.6547909	.2737928	.07141626	0
901.15	0	.6545597	.2738278	.07161247	0
900.15	0	.6543312	.2738617	.07180712	0
899.15	0	.6541055	.2738943	.07200019	0
898.15	0	.6538824	.273926	.07219167	0
897.15	0	.6536618	.2739567	.07238154	0
896.15	0	.6534438	.2739864	.07256979	0
895.15	0	.6532283	.2740153	.07275639	0
894.15	0	.6530151	.2740435	.07294134	0
893.15	0	.6528044	.274071	.07312461	0
892.15	0	.6525958	.274098	.07330619	0
891.15	0	.6523896	.2741244	.07348606	0
890.15	0	.6521854	.2741504	.07366419	0
889.15	0	.6519834	.274176	.07384058	0
888.15	0	.6517834	.2742015	.07401519	0
887.15	0	.6515853	.2742267	.07418801	0
886.15	0	.651389	.274252	.07435902	0
885.15	0	.6511946	.2742772	.0745282	0
884.15	0	.6510018	.2743027	.07469552	0
883.15	0	.6508107	.2743284	.07486096	0
882.15	0	.6506211	.2743544	.0750245	0
881.15	0	.6504329	.274381	.07518611	0
880.15	0	.6502461	.2744081	.07534578	0
879.15	0	.6500606	.2744359	.07550346	0
878.15	0	.6498762	.2744646	.07565915	0
877.15	0	.6496929	.2744943	.0758128	0
876.15	0	.6495106	.274525	.0759644	0
875.15	0	.649329	.274557	.07611391	0
874.15	0	.6491483	.2745904	.07626131	0
873.15	0	.6489682	.2746253	.07640656	0
872.15	0	.6487886	.2746618	.07654963	0
871.15	0	.6486094	.2747001	.07669049	0
870.15	0	.6484305	.2747404	.0768291	0
869.15	0	.6482517	.2747829	.07696544	0
868.15	0	.6480729	.2748276	.07709946	0
867.15	0	.647894	.2748749	.07723113	0
866.15	0	.6477148	.2749248	.0773604	0
865.15	0	.6475352	.2749775	.07748724	0
864.15	0	.6473551	.2750333	.07761161	0
863.15	0	.6471742	.2750923	.07773346	0
862.15	0	.6469924	.2751548	.07785274	0
861.15	0	.6468096	.275221	.07796942	0
860.15	0	.6466255	.2752911	.07808343	0
859.15	0	.64644	.2753653	.07819473	0
858.15	0	.6462529	.2754439	.07830327	0
857.15	0	.6460639	.2755271	.07840899	0
856.15	0	.645873	.2756152	.07851182	0
855.15	0	.6456797	.2757085	.07861171	0
854.15	0	.6454841	.2758073	.0787086	0
853.15	0	.6452857	.2759119	.07880242	0
852.15	0	.6450844	.2760226	.07889309	0
851.15	0	.6448798	.2761397	.07898054	0
850.15	0	.6446718	.2762635	.0790647	0
849.15	0	.64446	.2763946	.07914547	0
848.15	0	.6442441	.2765331	.07922278	0
847.15	0	.6440238	.2766797	.07929652	0
846.15	0	.6437988	.2768346	.07936661	0
845.15	0	.6435687	.2769983	.07943294	0
844.15	0	.6433332	.2771714	.07949539	0
843.15	0	.6430918	.2773543	.07955386	0
842.15	0	.6428442	.2775476	.0796082	0
841.15	0	.6425898	.2777519	.0796583	0
840.15	0	.6423283	.2779677	.07970401	0
839.15	0	.642059	.2781958	.07974518	0
838.15	0	.6417815	.2784369	.07978163	0
837.15	0	.6414951	.2786917	.0798132	0
836.15	0	.6411993	.278961	.07983969	0
835.15	0	.6408933	.2792458	.0798609	0
834.15	0	.6405765	.2795469	.0798766	0
833.15	0	.6402479	.2798655	.07988655	0
832.15	0	.6399069	.2802027	.07989049	0
831.15	0	.6395523	.2805596	.07988812	0
830.15	0	.6391831	.2809378	.07987912	0
829.15	0	.6386416	.2815321	.07982632	0
828.15	0	.6377111	.2826122	.07967673	0
827.15	0	.6368506	.283612	.07953736	0
826.15	0	.6360535	.2845395	.07940706	0
825.15	0	.6353138	.2854013	.07928487	0
824.15	0	.6346267	.2862034	.07916994	0
823.15	0	.6339875	.2869509	.07906157	0
822.15	0	.6333925	.2876484	.07895913	0
821.15	0	.632838	.2882999	.07886207	0
820.15	0	.6323211	.288909	.0787699	0
819.15	0	.6318388	.289479	.07868221	0
818.15	0	.6313887	.2900126	.07859862	0
817.15	0	.6309685	.2905127	.07851879	0
816.15	0	.6305762	.2909814	.07844242	0
815.15	0	.6302097	.2914211	.07836924	0
814.15	0	.6298674	.2918336	.07829901	0
813.15	0	.6295478	.2922207	.07823149	0
812.15	0	.6292492	.2925843	.0781665	0
811.15	0	.6289705	.2929257	.07810386	0
810.15	0	.6287103	.2932463	.07804339	0
809.15	0	.6284675	.2935475	.07798494	0
808.15	0	.6282411	.2938305	.07792838	0
807.15	0	.62803	.2940964	.07787358	0
806.15	0	.6278334	.2943462	.07782042	0
805.15	0	.6276503	.2945809	.07776879	0
804.15	0	.62748	.2948014	.07771859	0
803.15	0	.6273217	.2950086	.07766973	0
802.15	0	.6271748	.2952031	.07762213	0
801.15	0	.6270385	.2953857	.07757571	0
800.15	0	.6269124	.2955572	.07753039	0
799.15	0	.6267957	.2957182	.07748611	0
798.15	0	.626688	.2958692	.0774428	0
797.15	0	.6265887	.2960109	.07740039	0
796.15	0	.6264974	.2961437	.07735885	0
795.15	0	.6264137	.2962682	.07731812	0
794.15	0	.626337	.2963849	.07727814	0
793.15	0	.6262671	.2964941	.07723887	0
792.15	0	.6262034	.2965963	.07720028	0
791.15	0	.6261458	.2966919	.07716232	0
790.15	0	.6260938	.2967812	.07712494	0
789.15	0	.6260472	.2968647	.07708813	0
788.15	0	.6260055	.2969426	.07705185	0
787.15	0	.6259686	.2970153	.07701606	0
786.15	0	.6259362	.297083	.07698073	0
785.15	0	.6259081	.2971461	.07694585	0
784.15	0	.6258839	.2972048	.07691137	0
783.15	0	.6258635	.2972593	.07687729	0
782.15	0	.6258466	.2973098	.07684357	0
781.15	0	.6258331	.2973568	.07681019	0
780.15	0	.6258227	.2974002	.07677714	0
779.15	0	.6258153	.2974403	.07674439	0
778.15	0	.6258107	.2974774	.07671193	0
777.15	0	.6258087	.2975116	.07667973	0
776.15	0	.6258092	.297543	.07664779	0
775.15	0	.625812	.2975719	.07661608	0
774.15	0	.625817	.2975984	.0765846	0
773.15	0	.6258241	.2976226	.07655332	0
772.15	0	.625833	.2976447	.07652223	0
771.15	0	.6258438	.2976649	.07649133	0
770.15	0	.6258563	.2976831	.07646059	0
769.15	0	.6258704	.2976996	.07643001	0
768.15	0	.6258859	.2977145	.07639958	0
767.15	0	.6259028	.2977279	.07636929	0
766.15	0	.625921	.2977399	.07633912	0
765.15	0	.6259404	.2977506	.07630908	0
764.15	0	.6259609	.29776	.07627913	0
763.15	0	.6259824	.2977683	.0762493	0
762.15	0	.6260049	.2977756	.07621955	0
761.15	0	.6260282	.2977819	.07618988	0
760.15	0	.6260524	.2977873	.0761603	0
759.15	0	.6260773	.2977919	.07613079	0
758.15	0	.626103	.2977957	.07610134	0
757.15	0	.6261292	.2977989	.07607194	0
756.15	0	.6261588	.2977993	.0760419	0
755.15	0	.6261859	.2978014	.07601265	0
754.15	0	.6262135	.2978031	.07598345	0
753.15	0	.6262415	.2978042	.07595428	0
752.15	0	.6262699	.297805	.07592514	0
751.15	0	.6262986	.2978054	.07589601	0
750.15	0	.6263276	.2978055	.07586691	0
749.15	0	.6263568	.2978053	.07583783	0
748.15	0	.6263863	.2978049	.07580875	0
747.15	0	.626416	.2978043	.07577968	0
746.15	0	.6264458	.2978036	.07575062	0
745.15	0	.6264757	.2978028	.07572155	0
744.15	0	.6265057	.2978018	.07569249	0
743.15	0	.6265357	.2978009	.07566341	0
742.15	0	.6265658	.2977999	.07563433	0
741.15	0	.6265959	.2977989	.07560523	0
740.15	0	.6266259	.297798	.07557612	0
739.15	0	.6266559	.2977971	.075547	0
738.15	0	.6266858	.2977963	.07551785	0
737.15	0	.6267156	.2977957	.07548869	0
736.15	0	.6267453	.2977952	.0754595	0
735.15	0	.6267749	.2977948	.07543028	0
734.15	0	.6268043	.2977947	.07540103	0
733.15	0	.6268335	.2977947	.07537176	0
732.15	0	.6268626	.297795	.07534246	0
731.15	0	.6268914	.2977955	.07531312	0
730.15	0	.6269201	.2977962	.07528374	0
729.15	0	.6269484	.2977972	.07525434	0
728.15	0	.6269766	.2977985	.07522489	0
727.15	0	.6270045	.2978001	.0751954	0
726.15	0	.6270321	.297802	.07516588	0
725.15	0	.6270594	.2978042	.07513631	0
724.15	0	.6270865	.2978068	.0751067	0
723.15	0	.6271133	.2978097	.07507705	0
722.15	0	.6271397	.2978129	.07504736	0
721.15	0	.6271658	.2978166	.07501762	0
720.15	0	.6271916	.2978205	.07498783	0
719.15	0	.6272171	.2978249	.074958	0
718.15	0	.6272422	.2978297	.07492812	0
717.15	0	.627267	.2978348	.07489819	0
716.15	0	.6272914	.2978403	.07486821	0
715.15	0	.6273155	.2978463	.07483818	0
714.15	0	.6273392	.2978527	.0748081	0
713.15	0	.6273626	.2978594	.07477797	0
712.15	0	.6273856	.2978666	.0747478	0
711.15	0	.6274082	.2978743	.07471756	0
710.15	0	.6274304	.2978823	.07468728	0
709.15	0	.6274522	.2978908	.07465695	0
708.15	0	.6274737	.2978998	.07462656	0
707.15	0	.6274948	.2979091	.07459612	0
706.15	0	.6275154	.2979189	.07456563	0
705.15	0	.6275357	.2979292	.07453509	0
704.15	0	.6275556	.2979399	.07450449	0
703.15	0	.6275751	.297951	.07447384	0
702.15	0	.6275942	.2979626	.07444313	0
701.15	0	.6276129	.2979747	.07441237	0
700.15	0	.6276312	.2979872	.07438156	0
699.15	0	.6276491	.2980002	.0743507	0
698.15	0	.6276667	.2980136	.07431978	0
697.15	0	.6276838	.2980274	.0742888	0
696.15	0	.6277005	.2980418	.07425778	0
695.15	0	.6277168	.2980565	.0742267	0
694.15	0	.6277327	.2980718	.07419557	0
693.15	0	.6277482	.2980874	.07416438	0
692.15	0	.6277633	.2981036	.07413314	0
691.15	0	.627778	.2981201	.07410185	0
690.15	0	.6277923	.2981372	.07407051	0
689.15	0	.6278062	.2981547	.07403912	0
688.15	0	.6278197	.2981726	.07400767	0
687.15	0	.6278329	.298191	.07397617	0
686.15	0	.6278456	.2982098	.07394462	0
685.15	0	.6278579	.2982291	.07391301	0
684.15	0	.6278699	.2982488	.07388136	0
683.15	0	.6278814	.2982689	.07384966	0
682.15	0	.6278926	.2982895	.0738179	0
681.15	0	.6279034	.2983105	.07378609	0
680.15	0	.6279138	.298332	.07375424	0
679.15	0	.6279238	.2983539	.07372234	0
678.15	0	.6279334	.2983762	.07369038	0
677.15	0	.6279427	.298399	.07365838	0
676.15	0	.6279515	.2984221	.07362633	0
675.15	0	.62796	.2984457	.07359424	0
674.15	0	.6279682	.2984698	.07356209	0
673.15	0	.6279759	.2984942	.0735299	0
672.15	0	.6279833	.2985191	.07349767	0
671.15	0	.6279903	.2985443	.07346538	0
670.15	0	.627997	.29857	.07343305	0
669.15	0	.6280033	.2985961	.07340068	0
668.15	0	.6280092	.2986225	.07336826	0
667.15	0	.6280148	.2986494	.0733358	0
666.15	0	.62802	.2986767	.0733033	0
665.15	0	.6280249	.2987044	.07327075	0
664.15	0	.6280294	.2987325	.07323816	0
663.15	0	.6280336	.2987609	.07320553	0
662.15	0	.6280374	.2987897	.07317285	0
661.15	0	.6280409	.298819	.07314014	0
660.15	0	.6280441	.2988486	.07310739	0
659.15	0	.6280469	.2988785	.07307459	0
658.15	0	.6280494	.2989089	.07304176	0
657.15	0	.6280515	.2989396	.07300889	0
656.15	0	.6280533	.2989707	.07297598	0
655.15	0	.6280548	.2990022	.07294304	0
654.15	0	.628056	.299034	.07291005	0
653.15	0	.6280569	.2990661	.07287704	0
652.15	0	.6280574	.2990986	.07284398	0
651.15	0	.6280576	.2991315	.0728109	0
650.15	0	.6280575	.2991647	.07277777	0
649.15	0	.6280571	.2991983	.07274462	0
648.15	0	.6280564	.2992322	.07271143	0
647.15	0	.6280554	.2992664	.07267821	0
646.15	0	.6280541	.2993009	.07264496	0
645.15	0	.6280525	.2993358	.07261168	0
644.15	0	.6280506	.299371	.07257836	0
643.15	0	.6280484	.2994066	.07254502	0
642.15	0	.6280459	.2994424	.07251165	0
641.15	0	.6280431	.2994786	.07247825	0
640.15	0	.6280401	.2995151	.07244483	0
639.15	0	.6280368	.2995519	.07241137	0
638.15	0	.6280331	.299589	.07237789	0
637.15	0	.6280292	.2996264	.07234439	0
636.15	0	.6280251	.2996641	.07231086	0
635.15	0	.6280206	.299702	.07227731	0
634.15	0	.6280159	.2997403	.07224373	0
633.15	0	.628011	.2997789	.07221013	0
632.15	0	.6280057	.2998178	.07217651	0
631.15	0	.6280003	.2998569	.07214286	0
630.15	0	.6279945	.2998963	.0721092	0
629.15	0	.6279885	.299936	.07207552	0
628.15	0	.6279823	.2999759	.07204182	0
627.15	0	.6279758	.3000162	.0720081	0
626.15	0	.627969	.3000566	.07197436	0
625.15	0	.627962	.3000974	.0719406	0
624.15	0	.6279548	.3001384	.07190683	0
623.15	0	.6279473	.3001796	.07187305	0
622.15	0	.6279396	.3002212	.07183924	0
621.15	0	.6279317	.3002629	.07180543	0
620.15	0	.6279235	.3003049	.0717716	0
619.15	0	.6279151	.3003471	.07173776	0
618.15	0	.6279065	.3003896	.07170391	0
617.15	0	.6278976	.3004323	.07167004	0
616.15	0	.6278886	.3004753	.07163617	0
615.15	0	.6278793	.3005184	.07160229	0
614.15	0	.6278698	.3005618	.07156839	0
613.15	0	.6278601	.3006054	.07153449	0
612.15	0	.6278502	.3006492	.07150059	0
611.15	0	.6278401	.3006933	.07146667	0
610.15	0	.6278297	.3007375	.07143275	0
609.15	0	.6278192	.300782	.07139883	0
608.15	0	.6278085	.3008267	.0713649	0
607.15	0	.6277975	.3008715	.07133097	0
606.15	0	.6277864	.3009166	.07129703	0
605.15	0	.6277751	.3009618	.07126309	0
604.15	0	.6277636	.3010073	.07122916	0
603.15	0	.6277519	.3010529	.07119522	0
602.15	0	.62774	.3010987	.07116128	0
601.15	0	.6277279	.3011447	.07112734	0
600.15	0	.6277157	.3011909	.0710934	0
599.15	0	.6277033	.3012373	.07105947	0
598.15	0	.6276907	.3012838	.07102554	0
597.15	0	.6276779	.3013305	.07099161	0
596.15	0	.6276649	.3013774	.07095769	0
595.15	0	.6276518	.3014244	.07092378	0
594.15	0	.6276386	.3014716	.07088987	0
593.15	0	.6276251	.3015189	.07085597	0
592.15	0	.6276115	.3015664	.07082207	0
591.15	0	.6275977	.3016141	.07078819	0
590.15	0	.6275838	.3016619	.07075431	0
589.15	0	.6275697	.3017098	.07072045	0
588.15	0	.6275555	.3017579	.07068659	0
587.15	0	.6275411	.3018061	.07065275	0
586.15	0	.6275266	.3018545	.07061892	0
585.15	0	.6275119	.301903	.0705851	0
584.15	0	.6274971	.3019516	.0705513	0
583.15	0	.6274821	.3020004	.07051751	0
582.15	0	.627467	.3020493	.07048374	0
581.15	0	.6274518	.3020983	.07044999	0
580.15	0	.6274364	.3021474	.07041625	0
579.15	0	.6274209	.3021966	.07038253	0
578.15	0	.6274052	.302246	.07034883	0
577.15	0	.6273894	.3022954	.07031515	0
576.15	0	.6273735	.302345	.07028148	0
575.15	0	.6273575	.3023947	.07024784	0
574.15	0	.6273413	.3024445	.07021423	0
573.15	0	.627325	.3024943	.07018063	0
572.15	0	.6273086	.3025443	.07014706	0
571.15	0	.6272921	.3025944	.07011351	0
570.15	0	.6272755	.3026445	.07007998	0
569.15	0	.6272587	.3026948	.07004649	0
568.15	0	.6272419	.3027451	.07001302	0
567.15	0	.6272249	.3027955	.06997957	0
566.15	0	.6272078	.302846	.06994616	0
565.15	0	.6271906	.3028966	.06991277	0
564.15	0	.6271734	.3029472	.06987941	0
563.15	0	.627156	.302998	.06984609	0
562.15	0	.6271385	.3030488	.06981279	0
561.15	0	.6271209	.3030996	.06977952	0
560.15	0	.6271032	.3031505	.06974629	0
559.15	0	.6270854	.3032015	.0697131	0
558.15	0	.6270675	.3032526	.06967993	0
557.15	0	.6270495	.3033037	.0696468	0
556.15	0	.6270315	.3033548	.06961371	0
555.15	0	.6270133	.303406	.06958065	0
554.15	0	.6269951	.3034573	.06954763	0
553.15	0	.6269768	.3035086	.06951465	0
552.15	0	.6269583	.3035599	.06948171	0
551.15	0	.6269399	.3036113	.06944881	0
550.15	0	.6269213	.3036628	.06941594	0
549.15	0	.6269027	.3037142	.06938312	0
548.15	0	.6268839	.3037657	.06935034	0
547.15	0	.6268651	.3038173	.0693176	0
546.15	0	.6268463	.3038688	.06928491	0
545.15	0	.6268273	.3039204	.06925226	0
544.15	0	.6268083	.303972	.06921965	0
543.15	0	.6267892	.3040237	.06918709	0
542.15	0	.6267701	.3040753	.06915458	0
541.15	0	.6267509	.304127	.06912211	0
540.15	0	.6267316	.3041787	.06908969	0
539.15	0	.6267123	.3042304	.06905732	0
538.15	0	.6266929	.3042821	.069025	0
537.15	0	.6266734	.3043338	.06899273	0
536.15	0	.6266539	.3043856	.06896051	0
535.15	0	.6266344	.3044373	.06892835	0
534.15	0	.6266147	.304489	.06889623	0
533.15	0	.6265951	.3045408	.06886417	0
532.15	0	.6265753	.3045925	.06883216	0
531.15	0	.6265556	.3046442	.0688002	0
530.15	0	.6265358	.3046959	.0687683	0
529.15	0	.6265159	.3047476	.06873646	0
528.15	0	.626496	.3047993	.06870468	0
527.15	0	.626476	.304851	.06867295	0
526.15	0	.6264561	.3049027	.06864128	0
525.15	0	.626436	.3049543	.06860966	0
524.15	0	.6264159	.305006	.06857811	0
523.15	0	.6263958	.3050576	.06854662	0
522.15	0	.6263757	.3051091	.06851519	0
521.15	0	.6263555	.3051607	.06848382	0
520.15	0	.6263353	.3052122	.06845252	0
519.15	0	.626315	.3052637	.06842127	0
518.15	0	.6262948	.3053151	.06839009	0
517.15	0	.6262744	.3053666	.06835898	0
516.15	0	.6262541	.305418	.06832793	0
515.15	0	.6262337	.3054693	.06829695	0
514.15	0	.6262134	.3055206	.06826603	0
513.15	0	.6261929	.3055719	.06823519	0
512.15	0	.6261725	.3056231	.06820441	0
511.15	0	.626152	.3056743	.0681737	0
510.15	0	.6261316	.3057254	.06814305	0
509.15	0	.6261111	.3057764	.06811248	0
508.15	0	.6260906	.3058275	.06808198	0
507.15	0	.62607	.3058784	.06805156	0
506.15	0	.6260495	.3059293	.0680212	0
505.15	0	.6260289	.3059801	.06799092	0
504.15	0	.6260085	.3060309	.06796056	0
503.15	0	.625988	.3060816	.06793042	0
502.15	0	.6259674	.3061323	.06790036	0
501.15	0	.6259468	.3061829	.06787037	0
500.15	0	.6259262	.3062334	.06784047	0
499.15	0	.6259056	.3062838	.06781064	0
498.15	0	.6258849	.3063342	.06778088	0
497.15	0	.6258643	.3063845	.06775121	0
496.15	0	.6258437	.3064347	.06772161	0
495.15	0	.6258231	.3064848	.0676921	0
494.15	0	.6258024	.3065349	.06766266	0
493.15	0	.6257818	.3065849	.06763331	0
492.15	0	.6257612	.3066348	.06760404	0
491.15	0	.6257406	.3066846	.06757485	0
490.15	0	.6257199	.3067343	.06754575	0
489.15	0	.6256993	.3067839	.06751673	0
488.15	0	.6256787	.3068335	.06748779	0
487.15	0	.6256581	.3068829	.06745894	0
486.15	0	.6256375	.3069323	.06743017	0
485.15	0	.625617	.3069816	.0674015	0
484.15	0	.6255964	.3070307	.06737291	0
483.15	0	.6255758	.3070798	.0673444	0
482.15	0	.6255553	.3071288	.06731599	0
481.15	0	.6255347	.3071776	.06728766	0
480.15	0	.6255142	.3072264	.06725943	0
479.15	0	.6254937	.307275	.06723128	0
478.15	0	.6254732	.3073236	.06720323	0
477.15	0	.6254527	.307372	.06717527	0
476.15	0	.6254323	.3074203	.0671474	0
475.15	0	.6254119	.3074685	.06711962	0
474.15	0	.6253914	.3075166	.06709194	0
473.15	0	.6253711	.3075646	.06706435	0
472.15	0	.6253507	.3076125	.06703686	0
471.15	0	.6253303	.3076602	.06700946	0
470.15	0	.62531	.3077078	.06698216	0
469.15	0	.6252897	.3077553	.06695495	0
468.15	0	.6252695	.3078027	.06692784	0
467.15	0	.6252492	.30785	.06690083	0
466.15	0	.625229	.3078971	.06687392	0
465.15	0	.6252088	.3079441	.06684711	0
464.15	0	.6251887	.3079909	.06682039	0
463.15	0	.6251685	.3080377	.06679378	0
462.15	0	.6251484	.3080843	.06676727	0
461.15	0	.6251284	.3081308	.06674086	0
460.15	0	.6251083	.3081771	.06671455	0
459.15	0	.6250883	.3082233	.06668834	0
458.15	0	.6250684	.3082694	.06666224	0
457.15	0	.6250485	.3083153	.06663624	0
456.15	0	.6250286	.3083611	.06661035	0
455.15	0	.6250087	.3084067	.06658456	0
454.15	0	.6249889	.3084522	.06655887	0
453.15	0	.6249692	.3084976	.06653329	0
452.15	0	.6249494	.3085428	.06650782	0
451.15	0	.6249297	.3085878	.06648245	0
450.15	0	.6249101	.3086327	.0664572	0
449.15	0	.6248905	.3086774	.06643206	0
448.15	0	.624871	.308722	.06640704	0
447.15	0	.6248515	.3087664	.06638213	0
446.15	0	.6248321	.3088106	.06635734	0
445.15	0	.6248128	.3088546	.06633266	0
444.15	0	.6247935	.3088985	.0663081	0
443.15	0	.6247742	.3089421	.06628365	0
442.15	0	.6247551	.3089856	.06625933	0
441.15	0	.624736	.3090289	.06623514	0
440.15	0	.624717	.309072	.06621106	0
439.15	0	.624698	.3091149	.06618712	0
438.15	0	.6246792	.3091575	.0661633	0
437.15	0	.6246604	.3092	.06613961	0
436.15	0	.6246417	.3092422	.06611605	0
435.15	0	.6246232	.3092842	.06609263	0
434.15	0	.6246047	.309326	.06606934	0
433.15	0	.6245863	.3093676	.06604618	0
432.15	0	.624568	.3094089	.06602316	0
431.15	0	.6245498	.30945	.06600027	0
430.15	0	.6245317	.3094908	.06597753	0
429.15	0	.6245137	.3095314	.06595492	0
428.15	0	.6244958	.3095718	.06593245	0
427.15	0	.624478	.3096119	.06591013	0
426.15	0	.6244603	.3096518	.06588795	0
425.15	0	.6244427	.3096914	.06586591	0
424.15	0	.6244253	.3097307	.06584401	0
423.4349	0	.6244129	.3097587	.06582844	0
423.4349	0	.6244129	.3097587	.06582844	0
423.4349	0	.6244129	.3097587	.06582844	0
423.15	0	.6244843	.3095934	.06573848	1.838358E-04
422.15	0	.6247343	.3090142	.06542318	8.283243E-04
421.15	0	.6249838	.3084359	.06510856	.001471765
420.15	0	.6252326	.3078586	.06479461	.002114168
419.15	0	.6254808	.3072824	.06448131	.002755542
418.15	0	.6257284	.3067071	.06416868	.003395898
417.15	0	.6259754	.3061327	.0638567	.004035243
416.15	0	.6262217	.3055593	.06354538	.004673587
415.15	0	.6264676	.3049868	.0632347	.005310939
414.15	0	.6267128	.3044152	.06292466	.005947308
413.15	0	.6269575	.3038445	.06261527	.006582702
412.15	0	.6272017	.3032747	.06230652	.007217131
411.15	0	.6274453	.3027057	.0619984	.007850602
410.15	0	.6276884	.3021376	.06169091	.008483125
409.15	0	.6279309	.3015703	.06138405	.009114707
408.15	0	.628173	.3010039	.06107781	.009745358
407.15	0	.6284145	.3004382	.06077219	.01037508
406.15	0	.6286556	.2998733	.06046719	.01100389
405.15	0	.6288962	.2993092	.0601628	.0116318
404.15	0	.6291363	.2987459	.05985902	.0122588
403.15	0	.6293759	.2981833	.05955585	.01288491
402.15	0	.6296151	.2976215	.05925328	.01351013
401.15	0	.6298539	.2970603	.05895131	.01413448
400.15	0	.6300922	.2964999	.05864994	.01475796
399.15	0	.63033	.2959402	.05834917	.01538057
398.15	0	.6305675	.2953812	.05804898	.01600233
397.15	0	.6308045	.2948229	.05774938	.01662325
396.15	0	.6310411	.2942652	.05745036	.01724332
395.15	0	.6312773	.2937083	.05715193	.01786256
394.15	0	.6315131	.2931519	.05685407	.01848097
393.15	0	.6317485	.2925962	.05655679	.01909856
392.15	0	.6319835	.2920411	.05626008	.01971534
391.15	0	.6322181	.2914866	.05596394	.02033132
390.15	0	.6324524	.2909327	.05566836	.02094649
389.15	0	.6326863	.2903795	.05537334	.02156087
388.15	0	.6329199	.2898268	.05507889	.02217447
387.15	0	.6331531	.2892746	.05478499	.02278728
386.15	0	.6333859	.2887231	.05449164	.02339932
385.15	0	.6336185	.2881721	.05419885	.02401059
