T	 BPW(LIQUID)	BPW(BCC_A2)	BPW(FCC_A1)	BPW(LAVES_PHASE_C14)	BPW(NI3TI)
1473.15	.667522	.332478	0	0	0
1472.15	.6633975	.3366025	0	0	0
1471.15	.6592994	.3407006	0	0	0
1470.15	.6552275	.3447725	0	0	0
1469.15	.6511815	.3488185	0	0	0
1468.15	.6471614	.3528386	0	0	0
1467.15	.6431669	.3568331	0	0	0
1466.15	.6391979	.3608021	0	0	0
1465.15	.6352542	.3647458	0	0	0
1464.15	.6313356	.3686644	0	0	0
1463.15	.6274421	.3725579	0	0	0
1462.15	.6235734	.3764266	0	0	0
1461.15	.6197294	.3802706	0	0	0
1460.15	.6159098	.3840902	0	0	0
1459.15	.6121147	.3878853	0	0	0
1458.15	.6083437	.3916563	0	0	0
1457.15	.6045968	.3954032	0	0	0
1456.15	.6008738	.3991262	0	0	0
1455.15	.5971745	.4028255	0	0	0
1454.15	.5934988	.4065012	0	0	0
1453.15	.5898465	.4101535	0	0	0
1452.15	.5862175	.4137825	0	0	0
1451.15	.5826117	.4173883	0	0	0
1450.15	.5790288	.4209712	0	0	0
1449.15	.5754687	.4245313	0	0	0
1448.15	.5719314	.4280686	0	0	0
1447.15	.5684166	.4315834	0	0	0
1446.15	.5649242	.4350758	0	0	0
1445.15	.561454	.438546	0	0	0
1444.15	.5580059	.4419941	0	0	0
1443.15	.5545799	.4454201	0	0	0
1442.15	.5511756	.4488244	0	0	0
1441.15	.547793	.452207	0	0	0
1440.15	.544432	.455568	0	0	0
1439.15	.5410924	.4589076	0	0	0
1438.15	.5377741	.4622259	0	0	0
1437.15	.5344769	.4655232	0	0	0
1436.15	.5312006	.4687994	0	0	0
1435.15	.5279453	.4720547	0	0	0
1434.15	.5247106	.4752894	0	0	0
1433.15	.5214966	.4785034	0	0	0
1432.15	.518303	.481697	0	0	0
1431.15	.5151297	.4848703	0	0	0
1430.15	.5119767	.4880233	0	0	0
1429.15	.5088437	.4911563	0	0	0
1429.047	.5085224	.4914776	0	0	0
1429.047	.5085224	.4914776	0	0	0
1429.047	.5085224	.4914776	0	0	0
1428.15	.5040161	.4944002	0	.001583688	0
1427.15	.4990561	.4976133	0	.003330619	0
1426.15	.4941613	.5007802	0	.005058514	0
1425.15	.4893305	.5039018	0	.006767757	0
1424.15	.4845624	.5069789	0	.008458724	0
1423.15	.4798558	.5100124	0	.01013178	0
1422.15	.4752095	.5130033	0	.01178728	0
1421.15	.4706223	.5159522	0	.01342557	0
1420.15	.4660931	.5188599	0	.015047	0
1419.15	.4616207	.5217274	0	.01665188	0
1418.15	.4572042	.5245552	0	.01824054	0
1417.15	.4528425	.5273442	0	.01981329	0
1416.15	.4485345	.5300951	0	.02137045	0
1415.15	.4442792	.5328086	0	.02291229	0
1414.15	.4400756	.5354853	0	.02443913	0
1413.15	.4359228	.5381259	0	.02595123	0
1412.15	.4318199	.5407312	0	.02744888	0
1411.15	.4277659	.5433017	0	.02893234	0
1410.15	.42376	.5458381	0	.03040189	0
1409.15	.4198012	.548341	0	.03185776	0
1408.15	.4158888	.550811	0	.03330022	0
1407.15	.4120219	.5532486	0	.03472951	0
1406.15	.4081997	.5556544	0	.03614587	0
1405.15	.4044214	.5580291	0	.03754954	0
1404.15	.4006862	.560373	0	.03894073	0
1403.15	.3969934	.5626869	0	.04031967	0
1402.15	.3933423	.5649712	0	.04168658	0
1401.15	.389732	.5672263	0	.04304167	0
1400.15	.386162	.5694529	0	.04438516	0
1399.15	.3826314	.5716513	0	.04571723	0
1398.15	.3791397	.5738222	0	.04703809	0
1397.15	.3756862	.5759658	0	.04834794	0
1396.15	.3722702	.5780828	0	.04964695	0
1395.15	.3688912	.5801735	0	.05093533	0
1394.15	.3655484	.5822384	0	.05221324	0
1393.15	.3622412	.5842779	0	.05348087	0
1392.15	.3589692	.5862924	0	.05473838	0
1391.15	.3557317	.5882824	0	.05598595	0
1390.15	.3525281	.5902482	0	.05722374	0
1389.15	.3493579	.5921902	0	.05845192	0
1388.15	.3462205	.5941089	0	.05967064	0
1387.15	.3431154	.5960046	0	.06088005	0
1386.15	.3400421	.5978776	0	.06208031	0
1385.15	.3370001	.5997283	0	.06327157	0
1384.15	.3339889	.6015572	0	.06445398	0
1383.15	.3310079	.6033645	0	.06562766	0
1382.15	.3280567	.6051505	0	.06679277	0
1381.15	.3251349	.6069157	0	.06794944	0
1380.15	.322242	.6086602	0	.0690978	0
1379.15	.3193774	.6103846	0	.07023799	0
1378.15	.3165409	.612089	0	.07137013	0
1377.15	.3137319	.6137738	0	.07249434	0
1376.15	.31095	.6154392	0	.07361075	0
1375.15	.3081948	.6170857	0	.07471948	0
1374.15	.305466	.6187134	0	.07582065	0
1373.15	.302763	.6203226	0	.07691437	0
1372.15	.3000855	.6219137	0	.07800076	0
1371.15	.2974332	.6234869	0	.07907992	0
1370.15	.2948055	.6250425	0	.08015197	0
1369.15	.2922023	.6265807	0	.081217	0
1368.15	.2896231	.6281018	0	.08227514	0
1367.15	.2870675	.6296061	0	.08332647	0
1366.15	.2845352	.6310937	0	.0843711	0
1365.15	.2820259	.632565	0	.08540912	0
1364.15	.2795392	.6340202	0	.08644064	0
1363.15	.2770748	.6354595	0	.08746574	0
1362.15	.2746324	.6368831	0	.08848453	0
1361.15	.2722116	.6382913	0	.08949708	0
1360.15	.2698121	.6396844	0	.09050349	0
1359.15	.2674337	.6410624	0	.09150385	0
1358.15	.2650761	.6424257	0	.09249825	0
1357.15	.2627388	.6437744	0	.09348676	0
1356.15	.2604217	.6451088	0	.09446947	0
1355.15	.2581245	.646429	0	.09544646	0
1354.15	.2558469	.6477353	0	.09641782	0
1353.15	.2535885	.6490279	0	.09738361	0
1352.15	.2513492	.6503069	0	.09834391	0
1351.15	.2491287	.6515725	0	.09929881	0
1350.15	.2469267	.6528249	0	.1002484	0
1349.15	.244743	.6540644	0	.1011927	0
1348.15	.2425772	.655291	0	.1021318	0
1347.15	.2404293	.656505	0	.1030658	0
1346.15	.2382988	.6577065	0	.1039947	0
1345.15	.2361856	.6588958	0	.1049186	0
1344.15	.2340895	.6600729	0	.1058377	0
1343.15	.2320102	.661238	0	.1067518	0
1342.15	.2299474	.6623914	0	.1076612	0
1341.15	.2279011	.6635331	0	.1085659	0
1340.15	.2258709	.6646633	0	.1094658	0
1339.15	.2238566	.6657822	0	.1103612	0
1338.15	.2218581	.6668899	0	.111252	0
1337.15	.219875	.6679866	0	.1121384	0
1336.15	.2179073	.6690724	0	.1130203	0
1335.15	.2159547	.6701475	0	.1138978	0
1334.15	.214017	.671212	0	.114771	0
1333.15	.212094	.672266	0	.11564	0
1332.15	.2101856	.6733097	0	.1165047	0
1331.15	.2082915	.6743432	0	.1173653	0
1330.15	.2064115	.6753667	0	.1182218	0
1329.15	.2045455	.6763803	0	.1190742	0
1328.15	.2026933	.677384	0	.1199227	0
1327.15	.2008548	.6783781	0	.1207671	0
1326.15	.1990296	.6793627	0	.1216077	0
1325.15	.1972178	.6803378	0	.1224444	0
1324.15	.1954191	.6813037	0	.1232773	0
1323.15	.1936333	.6822604	0	.1241064	0
1322.15	.1918602	.683208	0	.1249318	0
1321.15	.1900999	.6841467	0	.1257535	0
1320.15	.1883519	.6850765	0	.1265716	0
1319.15	.1866163	.6859976	0	.1273861	0
1318.15	.1848928	.6869101	0	.128197	0
1317.15	.1831814	.6878142	0	.1290045	0
1316.15	.1814817	.6887098	0	.1298085	0
1315.15	.1797939	.6895971	0	.130609	0
1314.15	.1781175	.6904763	0	.1314062	0
1313.15	.1764526	.6913473	0	.1322	0
1312.15	.174799	.6922104	0	.1329906	0
1311.15	.1731566	.6930656	0	.1337778	0
1310.15	.1715251	.6939131	0	.1345618	0
1309.15	.1699046	.6947528	0	.1353427	0
1308.15	.1682948	.6955849	0	.1361204	0
1307.15	.1666956	.6964095	0	.1368949	0
1306.15	.1651069	.6972268	0	.1376664	0
1305.15	.1635286	.6980367	0	.1384348	0
1304.15	.1619605	.6988393	0	.1392002	0
1303.15	.1604026	.6996349	0	.1399626	0
1302.15	.1588546	.7004233	0	.1407221	0
1301.15	.1573166	.7012048	0	.1414786	0
1300.15	.1557883	.7019794	0	.1422323	0
1299.15	.1542666	.7027498	0	.1429836	0
1298.15	.1527575	.7035109	0	.1437316	0
1297.15	.1512579	.7042653	0	.1444768	0
1296.15	.1497676	.7050132	0	.1452192	0
1295.15	.1482865	.7057546	0	.1459589	0
1294.15	.1468146	.7064896	0	.1466959	0
1293.15	.1453516	.7072183	0	.1474302	0
1292.15	.1438975	.7079407	0	.1481618	0
1291.15	.1424523	.7086569	0	.1488908	0
1290.15	.1410157	.709367	0	.1496173	0
1289.15	.1395877	.7100711	0	.1503412	0
1288.15	.1381683	.7107692	0	.1510625	0
1287.15	.1367572	.7114614	0	.1517814	0
1286.15	.1353544	.7121478	0	.1524977	0
1285.15	.1339599	.7128285	0	.1532116	0
1284.15	.1325735	.7135035	0	.1539231	0
1283.15	.1311951	.7141728	0	.1546321	0
1282.15	.1298247	.7148366	0	.1553388	0
1281.15	.128462	.7154949	0	.1560431	0
1280.15	.1271072	.7161477	0	.1567451	0
1279.15	.1257601	.7167952	0	.1574447	0
1278.15	.1244205	.7174374	0	.1581421	0
1277.15	.1230884	.7180744	0	.1588372	0
1276.15	.1217638	.7187061	0	.1595301	0
1275.15	.1204465	.7193328	0	.1602208	0
1274.15	.1191364	.7199544	0	.1609092	0
1273.15	.1178336	.7205709	0	.1615955	0
1272.15	.1165378	.7211826	0	.1622796	0
1271.15	.1152491	.7217893	0	.1629616	0
1270.15	.1139673	.7223912	0	.1636415	0
1269.15	.1126924	.7229884	0	.1643193	0
1268.15	.1114242	.7235808	0	.164995	0
1267.15	.1101628	.7241685	0	.1656687	0
1266.15	.1089081	.7247517	0	.1663403	0
1265.15	.1076599	.7253302	0	.1670099	0
1264.15	.1064182	.7259043	0	.1676776	0
1263.15	.1051829	.7264739	0	.1683432	0
1262.15	.103954	.7270391	0	.1690069	0
1261.15	.1027314	.7275999	0	.1696687	0
1260.15	.1015151	.7281564	0	.1703286	0
1259.74	.1010182	.7283833	0	.1705985	0
1259.74	.1010182	.7283833	0	.1705985	0
1259.74	.1010182	.7283833	0	.1705985	0
1259.15	.09671966	.7274129	.004642582	.1712249	0
1258.15	.08943452	.7258052	.01248113	.1722791	0
1257.15	.08214941	.7242439	.02028243	.1733242	0
1256.15	.07486417	.7227287	.02804698	.1743602	0
1255.15	.06757861	.721259	.03577527	.1753872	0
1254.15	.06029255	.7198344	.04346776	.1764052	0
1253.15	.05300585	.7184547	.05112494	.1774145	0
1252.15	.04571831	.7171195	.05874727	.178415	0
1251.15	.03842981	.7158282	.06633521	.1794068	0
1250.15	.03114017	.7145806	.07388922	.18039	0
1249.15	.02384926	.7133763	.08140974	.1813647	0
1248.15	.01655693	.7122148	.08889722	.182331	0
1247.15	.009263057	.7110959	.0963521	.1832889	0
1246.15	.001967498	.7100192	.1037748	.1842385	0
1245.88	0	.709736	.1057708	.1844932	0
1245.88	0	.709736	.1057708	.1844932	0
1245.15	0	.7088973	.1062672	.1848355	0
1244.15	0	.7077519	.106945	.1853031	0
1243.15	0	.70661	.1076205	.1857696	0
1242.15	0	.7054714	.1082937	.1862349	0
1241.15	0	.7043363	.1089647	.186699	0
1240.15	0	.7032046	.1096334	.187162	0
1239.15	0	.7020764	.1102999	.1876238	0
1238.15	0	.7009515	.1109641	.1880844	0
1237.15	0	.69983	.1116261	.1885439	0
1236.15	0	.6987119	.1122859	.1890023	0
1235.15	0	.6975971	.1129434	.1894595	0
1234.15	0	.6964857	.1135987	.1899156	0
1233.15	0	.6953777	.1142518	.1903705	0
1232.15	0	.694273	.1149027	.1908243	0
1231.15	0	.6931716	.1155514	.191277	0
1230.15	0	.6920736	.1161979	.1917285	0
1229.15	0	.6909788	.1168422	.192179	0
1228.15	0	.6898874	.1174843	.1926283	0
1227.15	0	.6887993	.1181242	.1930766	0
1226.15	0	.6877145	.1187619	.1935237	0
1225.15	0	.6866329	.1193974	.1939697	0
1224.15	0	.6855546	.1200308	.1944146	0
1223.15	0	.6844796	.120662	.1948584	0
1222.15	0	.6834079	.121291	.1953012	0
1221.15	0	.6823394	.1219178	.1957428	0
1220.15	0	.6812741	.1225425	.1961834	0
1219.15	0	.6802121	.1231651	.1966229	0
1218.15	0	.6791533	.1237855	.1970613	0
1217.15	0	.6780977	.1244037	.1974986	0
1216.15	0	.6770453	.1250198	.1979349	0
1215.15	0	.6759961	.1256338	.1983701	0
1214.15	0	.6749501	.1262456	.1988043	0
1213.15	0	.6739073	.1268553	.1992374	0
1212.15	0	.6728677	.1274629	.1996694	0
1211.15	0	.6718312	.1280684	.2001004	0
1210.15	0	.6707979	.1286717	.2005304	0
1209.15	0	.6697678	.129273	.2009593	0
1208.15	0	.6687407	.1298721	.2013872	0
1207.15	0	.6677169	.1304691	.201814	0
1206.15	0	.6666962	.131064	.2022398	0
1205.15	0	.6656785	.1316568	.2026646	0
1204.15	0	.6646641	.1322476	.2030884	0
1203.15	0	.6636527	.1328362	.2035111	0
1202.15	0	.6626444	.1334228	.2039328	0
1201.15	0	.6616392	.1340072	.2043536	0
1200.15	0	.6606371	.1345896	.2047733	0
1199.15	0	.6596381	.13517	.205192	0
1198.15	0	.6586421	.1357482	.2056097	0
1197.15	0	.6576492	.1363244	.2060264	0
1196.15	0	.6566594	.1368985	.2064421	0
1195.15	0	.6556726	.1374706	.2068568	0
1194.15	0	.6546889	.1380406	.2072705	0
1193.15	0	.6537082	.1386085	.2076833	0
1192.15	0	.6527305	.1391745	.208095	0
1191.15	0	.6517559	.1397383	.2085058	0
1190.15	0	.6507842	.1403002	.2089156	0
1189.15	0	.6498156	.1408599	.2093244	0
1188.15	0	.64885	.1414177	.2097323	0
1187.15	0	.6478874	.1419734	.2101392	0
1186.15	0	.6469277	.1425271	.2105451	0
1185.15	0	.6459711	.1430788	.2109501	0
1184.15	0	.6450174	.1436285	.2113541	0
1183.15	0	.6440667	.1441761	.2117572	0
1182.15	0	.6431189	.1447217	.2121593	0
1181.15	0	.6421741	.1452654	.2125605	0
1180.15	0	.6412323	.145807	.2129607	0
1179.15	0	.6402934	.1463466	.21336	0
1178.15	0	.6393574	.1468842	.2137583	0
1177.15	0	.6384244	.1474198	.2141558	0
1176.15	0	.6374943	.1479535	.2145523	0
1175.15	0	.6365671	.1484851	.2149478	0
1174.15	0	.6356428	.1490147	.2153424	0
1173.15	0	.6347215	.1495424	.2157361	0
1172.15	0	.633803	.1500681	.2161289	0
1171.15	0	.6328874	.1505918	.2165208	0
1170.15	0	.6319747	.1511136	.2169117	0
1169.15	0	.6310649	.1516333	.2173018	0
1168.15	0	.6301579	.1521512	.2176909	0
1167.15	0	.6292538	.152667	.2180792	0
1166.15	0	.6283526	.1531809	.2184665	0
1165.15	0	.6274543	.1536928	.2188529	0
1164.15	0	.6265588	.1542028	.2192384	0
1163.15	0	.6256661	.1547108	.2196231	0
1162.15	0	.6247763	.1552169	.2200068	0
1161.15	0	.6238893	.155721	.2203897	0
1160.15	0	.6230051	.1562232	.2207717	0
1159.15	0	.6221238	.1567235	.2211528	0
1158.15	0	.6212452	.1572218	.221533	0
1157.15	0	.6203695	.1577182	.2219123	0
1156.15	0	.6194966	.1582126	.2222907	0
1155.15	0	.6186265	.1587052	.2226683	0
1154.15	0	.6177591	.1591958	.2230451	0
1153.15	0	.6168946	.1596845	.2234209	0
1152.15	0	.6160328	.1601713	.2237959	0
1151.15	0	.6151739	.1606561	.22417	0
1150.15	0	.6143177	.1611391	.2245433	0
1149.15	0	.6134642	.1616201	.2249157	0
1148.15	0	.6126135	.1620992	.2252872	0
1147.15	0	.6117656	.1625765	.2256579	0
1146.15	0	.6109204	.1630518	.2260278	0
1145.15	0	.610078	.1635252	.2263968	0
1144.15	0	.6092383	.1639968	.226765	0
1143.15	0	.6084013	.1644664	.2271323	0
1142.15	0	.6075671	.1649342	.2274988	0
1141.15	0	.6067356	.1654	.2278644	0
1140.15	0	.6059068	.165864	.2282292	0
1139.15	0	.6050807	.1663261	.2285932	0
1138.15	0	.6042573	.1667863	.2289563	0
1137.15	0	.6034367	.1672447	.2293187	0
1136.15	0	.6026187	.1677012	.2296801	0
1135.15	0	.6018034	.1681558	.2300408	0
1134.15	0	.6009908	.1686085	.2304007	0
1133.15	0	.6001809	.1690594	.2307597	0
1132.15	0	.5993736	.1695084	.2311179	0
1131.15	0	.5985691	.1699556	.2314753	0
1130.15	0	.5977672	.1704009	.2318319	0
1129.15	0	.5969679	.1708444	.2321877	0
1128.15	0	.5961714	.171286	.2325427	0
1127.15	0	.5953774	.1717257	.2328969	0
1126.15	0	.5945862	.1721636	.2332502	0
1125.15	0	.5937975	.1725997	.2336028	0
1124.15	0	.5930115	.1730339	.2339546	0
1123.15	0	.5922282	.1734663	.2343056	0
1122.15	0	.5914474	.1738968	.2346557	0
1121.15	0	.5906693	.1743256	.2350051	0
1120.15	0	.5898938	.1747524	.2353537	0
1119.15	0	.589121	.1751775	.2357016	0
1118.15	0	.5883507	.1756007	.2360486	0
1117.15	0	.587583	.1760222	.2363948	0
1116.15	0	.586818	.1764418	.2367403	0
1115.15	0	.5860555	.1768595	.237085	0
1114.15	0	.5852956	.1772755	.2374289	0
1113.15	0	.5845383	.1776896	.237772	0
1112.15	0	.5837836	.178102	.2381144	0
1111.15	0	.5830315	.1785125	.238456	0
1110.15	0	.582282	.1789212	.2387968	0
1109.15	0	.581535	.1793282	.2391368	0
1108.15	0	.5807906	.1797333	.2394761	0
1107.15	0	.5800487	.1801366	.2398146	0
1106.15	0	.5793094	.1805382	.2401524	0
1105.15	0	.5785727	.1809379	.2404894	0
1104.15	0	.5778385	.1813359	.2408256	0
1103.15	0	.5771069	.181732	.2411611	0
1102.15	0	.5763777	.1821264	.2414959	0
1101.15	0	.5756512	.182519	.2418298	0
1100.15	0	.5749271	.1829098	.2421631	0
1099.15	0	.5742056	.1832989	.2424955	0
1098.15	0	.5734866	.1836861	.2428273	0
1097.15	0	.5727701	.1840716	.2431582	0
1096.15	0	.5720562	.1844554	.2434885	0
1095.15	0	.5713447	.1848373	.243818	0
1094.15	0	.5706358	.1852175	.2441467	0
1093.15	0	.5699293	.1855959	.2444747	0
1092.15	0	.5692254	.1859726	.244802	0
1091.15	0	.5685239	.1863475	.2451286	0
1090.15	0	.567825	.1867207	.2454544	0
1089.15	0	.5671285	.1870921	.2457794	0
1088.15	0	.5664345	.1874617	.2461038	0
1087.15	0	.565743	.1878296	.2464274	0
1086.15	0	.5650539	.1881958	.2467503	0
1085.15	0	.5643674	.1885602	.2470724	0
1084.15	0	.5636832	.1889229	.2473939	0
1083.15	0	.5630016	.1892838	.2477146	0
1082.15	0	.5623224	.189643	.2480346	0
1081.15	0	.5616457	.1900005	.2483538	0
1080.15	0	.5609714	.1903562	.2486724	0
1079.15	0	.5602996	.1907103	.2489902	0
1078.15	0	.5596302	.1910625	.2493073	0
1077.15	0	.5589632	.1914131	.2496237	0
1076.15	0	.5582987	.191762	.2499394	0
1075.15	0	.5576366	.1921091	.2502544	0
1074.15	0	.5569769	.1924545	.2505686	0
1073.15	0	.5563197	.1927982	.2508821	0
1072.15	0	.5556648	.1931402	.251195	0
1071.15	0	.5550124	.1934804	.2515071	0
1070.15	0	.5543624	.193819	.2518186	0
1069.15	0	.5537148	.1941559	.2521293	0
1068.15	0	.5530697	.1944911	.2524393	0
1067.15	0	.5524269	.1948245	.2527486	0
1066.15	0	.5517865	.1951563	.2530572	0
1065.15	0	.5511485	.1954864	.2533651	0
1064.15	0	.5505129	.1958148	.2536723	0
1063.15	0	.5498797	.1961415	.2539789	0
1062.15	0	.5492488	.1964665	.2542847	0
1061.15	0	.5486203	.1967899	.2545898	0
1060.15	0	.5479943	.1971115	.2548942	0
1059.15	0	.5473705	.1974315	.255198	0
1058.15	0	.5467492	.1977498	.255501	0
1057.15	0	.5461302	.1980665	.2558034	0
1056.15	0	.5455135	.1983815	.256105	0
1055.15	0	.5448993	.1986948	.256406	0
1054.15	0	.5442873	.1990064	.2567063	0
1053.15	0	.5436777	.1993164	.2570059	0
1052.15	0	.5430705	.1996247	.2573048	0
1051.15	0	.5424656	.1999314	.257603	0
1050.15	0	.5418631	.2002364	.2579005	0
1049.15	0	.5412628	.2005398	.2581974	0
1048.15	0	.5406649	.2008415	.2584936	0
1047.15	0	.5400694	.2011416	.258789	0
1046.15	0	.5394761	.2014401	.2590838	0
1045.15	0	.5388852	.2017369	.259378	0
1044.15	0	.5382965	.2020321	.2596714	0
1043.15	0	.5377102	.2023256	.2599642	0
1042.15	0	.5371262	.2026175	.2602563	0
1041.15	0	.5365445	.2029078	.2605477	0
1040.15	0	.5359651	.2031965	.2608384	0
1039.15	0	.535388	.2034835	.2611285	0
1038.15	0	.5348132	.203769	.2614178	0
1037.15	0	.5342406	.2040528	.2617065	0
1036.15	0	.5336704	.204335	.2619946	0
1035.15	0	.5331024	.2046157	.2622819	0
1034.15	0	.5325367	.2048947	.2625686	0
1033.15	0	.5319733	.2051721	.2628546	0
1032.15	0	.5314121	.2054479	.26314	0
1031.15	0	.5308533	.2057221	.2634246	0
1030.15	0	.5302966	.2059947	.2637086	0
1029.15	0	.5297422	.2062658	.263992	0
1028.15	0	.5291901	.2065353	.2642746	0
1027.15	0	.5286403	.2068032	.2645566	0
1026.15	0	.5280926	.2070695	.2648379	0
1025.15	0	.5275472	.2073342	.2651186	0
1024.15	0	.5270041	.2075974	.2653985	0
1023.15	0	.5264632	.207859	.2656778	0
1022.15	0	.5259245	.208119	.2659565	0
1021.15	0	.525388	.2083775	.2662345	0
1020.15	0	.5248538	.2086345	.2665117	0
1019.15	0	.5243217	.2088899	.2667884	0
1018.15	0	.5237919	.2091437	.2670644	0
1017.15	0	.5232643	.209396	.2673397	0
1016.15	0	.5227389	.2096468	.2676143	0
1015.15	0	.5222157	.209896	.2678883	0
1014.15	0	.5216947	.2101437	.2681616	0
1013.15	0	.5211759	.2103899	.2684342	0
1012.15	0	.5206593	.2106346	.2687062	0
1011.15	0	.5201448	.2108777	.2689775	0
1010.15	0	.5196325	.2111194	.2692481	0
1009.15	0	.5191225	.2113595	.2695181	0
1008.15	0	.5186145	.2115981	.2697874	0
1007.15	0	.5181088	.2118352	.270056	0
1006.15	0	.5176052	.2120709	.270324	0
1005.15	0	.5171037	.212305	.2705913	0
1004.15	0	.5166044	.2125376	.2708579	0
1003.15	0	.5161073	.2127688	.2711239	0
1002.15	0	.5156123	.2129985	.2713892	0
1001.15	0	.5151194	.2132268	.2716538	0
1000.15	0	.5146287	.2134535	.2719178	0
999.15	0	.5141401	.2136788	.2721811	0
998.15	0	.5136536	.2139027	.2724437	0
997.15	0	.5131693	.2141251	.2727057	0
996.15	0	.512687	.214346	.272967	0
995.15	0	.5122069	.2145655	.2732276	0
994.15	0	.5117289	.2147836	.2734876	0
993.15	0	.5112529	.2150002	.2737468	0
992.15	0	.5107791	.2152155	.2740054	0
991.15	0	.5103074	.2154293	.2742634	0
990.15	0	.5098377	.2156416	.2745207	0
989.15	0	.5093701	.2158526	.2747773	0
988.15	0	.5089046	.2160622	.2750332	0
987.15	0	.5084412	.2162704	.2752884	0
986.15	0	.5079798	.2164772	.275543	0
985.15	0	.5075205	.2166826	.2757969	0
984.15	0	.5070632	.2168866	.2760502	0
983.15	0	.506608	.2170893	.2763027	0
982.15	0	.5061548	.2172906	.2765546	0
981.15	0	.5057037	.2174906	.2768058	0
980.15	0	.5052545	.2176891	.2770563	0
979.15	0	.5048075	.2178864	.2773061	0
978.15	0	.5043624	.2180823	.2775553	0
977.15	0	.5039193	.2182769	.2778038	0
976.15	0	.5034783	.2184701	.2780516	0
975.15	0	.5030392	.2186621	.2782987	0
974.15	0	.5026022	.2188527	.2785451	0
973.15	0	.5021671	.219042	.2787909	0
972.15	0	.501734	.2192301	.2790359	0
971.15	0	.5013029	.2194168	.2792803	0
970.15	0	.5008738	.2196023	.279524	0
969.15	0	.5004466	.2197865	.279767	0
968.15	0	.5000213	.2199694	.2800093	0
967.15	0	.4995981	.2201511	.2802509	0
966.15	0	.4991767	.2203315	.2804918	0
965.15	0	.4987573	.2205107	.280732	0
964.15	0	.4983399	.2206886	.2809716	0
963.15	0	.4979243	.2208653	.2812104	0
962.15	0	.4975106	.2210408	.2814485	0
961.15	0	.4970989	.2212152	.2816859	0
960.15	0	.4966891	.2213883	.2819227	0
959.15	0	.4962812	.2215602	.2821587	0
958.15	0	.4958751	.2217309	.282394	0
957.15	0	.4954709	.2219005	.2826286	0
956.15	0	.4950686	.2220689	.2828625	0
955.15	0	.4946682	.2222361	.2830957	0
954.15	0	.4942696	.2224023	.2833282	0
953.15	0	.4938728	.2225673	.2835599	0
952.15	0	.4934779	.2227311	.283791	0
951.15	0	.4930848	.2228939	.2840213	0
950.15	0	.4926935	.2230555	.2842509	0
949.15	0	.4923041	.2232161	.2844798	0
948.15	0	.4919164	.2233756	.284708	0
947.15	0	.4915306	.223534	.2849354	0
946.15	0	.4911465	.2236914	.2851621	0
945.15	0	.4907642	.2238477	.2853881	0
944.15	0	.4903837	.224003	.2856133	0
943.15	0	.4900049	.2241572	.2858378	0
942.15	0	.4896279	.2243105	.2860616	0
941.15	0	.4892526	.2244627	.2862846	0
940.15	0	.4888791	.224614	.2865069	0
939.15	0	.4885072	.2247643	.2867285	0
938.15	0	.4881371	.2249136	.2869493	0
937.15	0	.4877687	.225062	.2871693	0
936.15	0	.487402	.2252094	.2873886	0
935.15	0	.4870369	.2253559	.2876072	0
934.15	0	.4866735	.2255015	.287825	0
933.15	0	.4863118	.2256462	.288042	0
932.15	0	.4859517	.2257901	.2882582	0
931.15	0	.4855932	.225933	.2884737	0
930.15	0	.4852364	.2260751	.2886884	0
929.15	0	.4848812	.2262164	.2889024	0
928.15	0	.4845276	.2263568	.2891156	0
927.15	0	.4841756	.2264965	.289328	0
926.15	0	.4838252	.2266353	.2895396	0
925.15	0	.4834763	.2267733	.2897504	0
924.15	0	.483129	.2269106	.2899604	0
923.15	0	.4827832	.2270471	.2901697	0
922.15	0	.4824389	.2271829	.2903781	0
921.15	0	.4820962	.227318	.2905858	0
920.15	0	.481755	.2274524	.2907926	0
919.15	0	.4814152	.2275861	.2909987	0
918.15	0	.4810769	.2277191	.2912039	0
917.15	0	.4807401	.2278515	.2914083	0
916.15	0	.4804048	.2279833	.2916119	0
915.15	0	.4800709	.2281144	.2918147	0
914.15	0	.4797384	.228245	.2920167	0
913.15	0	.4794073	.2283749	.2922178	0
912.15	0	.4790776	.2285044	.2924181	0
911.15	0	.4787492	.2286332	.2926175	0
910.15	0	.4784223	.2287616	.2928161	0
909.15	0	.4780967	.2288895	.2930139	0
908.15	0	.4777724	.2290168	.2932108	0
907.15	0	.4774494	.2291437	.2934068	0
906.15	0	.4771277	.2292702	.293602	0
905.15	0	.4768074	.2293963	.2937963	0
904.15	0	.4764882	.229522	.2939898	0
903.15	0	.4761704	.2296473	.2941824	0
902.15	0	.4758537	.2297722	.2943741	0
901.15	0	.4755383	.2298968	.2945649	0
900.15	0	.4752241	.2300211	.2947548	0
899.15	0	.474911	.2301451	.2949438	0
898.15	0	.4745991	.2302689	.2951319	0
897.15	0	.4742884	.2303924	.2953192	0
896.15	0	.4739788	.2305158	.2955055	0
895.15	0	.4736703	.2306389	.2956908	0
894.15	0	.4733629	.2307618	.2958753	0
893.15	0	.4730565	.2308847	.2960588	0
892.15	0	.4727512	.2310074	.2962414	0
891.15	0	.4724469	.23113	.296423	0
890.15	0	.4721437	.2312526	.2966037	0
889.15	0	.4718414	.2313752	.2967835	0
888.15	0	.4715401	.2314977	.2969622	0
887.15	0	.4712397	.2316203	.2971401	0
886.15	0	.4709402	.2317429	.2973169	0
885.15	0	.4706417	.2318656	.2974927	0
884.15	0	.470344	.2319884	.2976676	0
883.15	0	.4700472	.2321114	.2978415	0
882.15	0	.4697512	.2322345	.2980143	0
881.15	0	.469456	.2323579	.2981861	0
880.15	0	.4691616	.2324815	.298357	0
879.15	0	.4688679	.2326053	.2985268	0
878.15	0	.468575	.2327295	.2986955	0
877.15	0	.4682828	.232854	.2988633	0
876.15	0	.4679913	.2329788	.2990299	0
875.15	0	.4677004	.2331041	.2991955	0
874.15	0	.4674102	.2332298	.29936	0
873.15	0	.4671205	.233356	.2995235	0
872.15	0	.4668314	.2334827	.2996859	0
871.15	0	.4665429	.2336099	.2998471	0
870.15	0	.4662549	.2337378	.3000073	0
869.15	0	.4659674	.2338662	.3001664	0
868.15	0	.4656804	.2339954	.3003243	0
867.15	0	.4653937	.2341252	.3004811	0
866.15	0	.4651075	.2342558	.3006367	0
865.15	0	.4648217	.2343872	.3007912	0
864.15	0	.4645361	.2345194	.3009445	0
863.15	0	.4642509	.2346525	.3010966	0
862.15	0	.4639659	.2347865	.3012476	0
861.15	0	.4636812	.2349215	.3013973	0
860.15	0	.4633967	.2350575	.3015459	0
859.15	0	.4631124	.2351945	.3016932	0
858.15	0	.4628281	.2353327	.3018392	0
857.15	0	.462544	.235472	.301984	0
856.15	0	.4622599	.2356125	.3021276	0
855.15	0	.4619758	.2357543	.3022698	0
854.15	0	.4616918	.2358974	.3024108	0
853.15	0	.4614076	.2360419	.3025505	0
852.15	0	.4611234	.2361878	.3026888	0
851.15	0	.460839	.2363352	.3028259	0
850.15	0	.4605544	.2364841	.3029615	0
849.15	0	.4602696	.2366346	.3030958	0
848.15	0	.4599845	.2367868	.3032287	0
847.15	0	.4596991	.2369407	.3033602	0
846.15	0	.4594133	.2370964	.3034903	0
845.15	0	.4591271	.2372539	.303619	0
844.15	0	.4588404	.2374134	.3037462	0
843.15	0	.4585532	.2375749	.3038719	0
842.15	0	.4582655	.2377384	.3039962	0
841.15	0	.4579771	.237904	.3041189	0
840.15	0	.457688	.2380719	.3042401	0
839.15	0	.4573982	.238242	.3043597	0
838.15	0	.4571076	.2384146	.3044778	0
837.15	0	.4568162	.2385896	.3045943	0
836.15	0	.4565238	.2387671	.3047091	0
835.15	0	.4562305	.2389472	.3048223	0
834.15	0	.4559361	.2391301	.3049339	0
833.15	0	.4556406	.2393157	.3050437	0
832.15	0	.4553439	.2395043	.3051518	0
831.15	0	.455046	.2396959	.3052582	0
830.15	0	.4547467	.2398906	.3053628	0
829.15	0	.454446	.2400885	.3054655	0
828.15	0	.4541439	.2402897	.3055664	0
827.15	0	.4538401	.2404944	.3056655	0
826.15	0	.4535347	.2407026	.3057626	0
825.15	0	.4532276	.2409146	.3058578	0
824.15	0	.4529186	.2411303	.305951	0
823.15	0	.4526077	.2413501	.3060422	0
822.15	0	.4522947	.2415739	.3061314	0
821.15	0	.4519797	.2418019	.3062184	0
820.15	0	.4516623	.2420344	.3063033	0
819.15	0	.4513426	.2422714	.306386	0
818.15	0	.4510204	.2425132	.3064665	0
817.15	0	.4506956	.2427598	.3065446	0
816.15	0	.450368	.2430115	.3066205	0
815.15	0	.4500376	.2432685	.3066939	0
814.15	0	.4497041	.243531	.3067649	0
813.15	0	.4493674	.2437992	.3068333	0
812.15	0	.4490274	.2440733	.3068992	0
811.15	0	.4486839	.2443536	.3069625	0
810.15	0	.4483367	.2446403	.307023	0
809.15	0	.4479856	.2449337	.3070807	0
808.15	0	.4476305	.245234	.3071355	0
807.15	0	.447271	.2455417	.3071874	0
806.15	0	.446907	.2458568	.3072362	0
805.15	0	.4465382	.24618	.3072818	0
804.15	0	.4461644	.2465114	.3073242	0
803.15	0	.4457853	.2468514	.3073633	0
802.15	0	.4454006	.2472006	.3073988	0
801.15	0	.4450124	.2475573	.3074303	0
800.15	0	.4446154	.2479262	.3074584	0
799.15	0	.4442117	.2483056	.3074827	0
798.15	0	.4438009	.2486961	.3075029	0
797.15	0	.4433827	.2490983	.3075189	0
796.15	0	.4429566	.2495129	.3075305	0
795.15	0	.442522	.2499406	.3075374	0
794.15	0	.4420783	.2503822	.3075395	0
793.15	0	.441625	.2508386	.3075364	0
792.15	0	.4411613	.2513107	.307528	0
791.15	0	.4406865	.2517995	.3075139	0
790.15	0	.4401998	.2523064	.3074939	0
789.15	0	.4397001	.2528325	.3074674	0
788.15	0	.4391865	.2533794	.3074342	0
787.15	0	.4386576	.2539487	.3073937	0
786.15	0	.4381122	.2545424	.3073454	0
785.15	0	.4375487	.2551626	.3072887	0
784.15	0	.4369653	.2558117	.307223	0
783.15	0	.4363598	.2564928	.3071474	0
782.15	0	.4357299	.2572091	.307061	0
781.15	0	.4350726	.2579647	.3069627	0
780.15	0	.4343843	.2587645	.3068512	0
779.15	0	.4333009	.2600947	.3066044	0
778.15	0	.4316463	.2621933	.3061603	0
777.15	0	.4302117	.2640054	.305783	0
776.15	0	.4289423	.2656029	.3054549	0
775.15	0	.4278028	.2670323	.3051649	0
774.15	0	.426769	.2683257	.3049054	0
773.15	0	.425823	.2695062	.3046708	0
772.15	0	.4249515	.2705913	.3044572	0
771.15	0	.4241443	.2715944	.3042613	0
770.15	0	.4233931	.2725262	.3040808	0
769.15	0	.4226912	.2733953	.3039135	0
768.15	0	.4220332	.2742089	.3037579	0
767.15	0	.4214145	.2749729	.3036126	0
766.15	0	.4208312	.2756922	.3034766	0
765.15	0	.4202801	.2763711	.3033488	0
764.15	0	.4197583	.2770133	.3032284	0
763.15	0	.4192632	.277622	.3031147	0
762.15	0	.4187928	.2781999	.3030072	0
761.15	0	.4183452	.2787495	.3029053	0
760.15	0	.4179185	.279273	.3028085	0
759.15	0	.4175113	.2797723	.3027164	0
758.15	0	.4171223	.2802491	.3026286	0
757.15	0	.4167502	.280705	.3025448	0
756.15	0	.4163939	.2811414	.3024647	0
755.15	0	.4160524	.2815595	.3023881	0
754.15	0	.4157248	.2819606	.3023146	0
753.15	0	.4154102	.2823456	.3022441	0
752.15	0	.415108	.2827156	.3021764	0
751.15	0	.4148174	.2830713	.3021113	0
750.15	0	.4145376	.2834137	.3020486	0
749.15	0	.4142683	.2837435	.3019882	0
748.15	0	.4140087	.2840614	.3019299	0
747.15	0	.4137584	.284368	.3018736	0
746.15	0	.413517	.2846639	.3018192	0
745.15	0	.4132838	.2849496	.3017665	0
744.15	0	.4130587	.2852258	.3017156	0
743.15	0	.4128411	.2854928	.3016662	0
742.15	0	.4126307	.2857511	.3016183	0
741.15	0	.4124271	.2860011	.3015718	0
740.15	0	.4122301	.2862433	.3015266	0
739.15	0	.4120393	.286478	.3014827	0
738.15	0	.4118546	.2867055	.30144	0
737.15	0	.4116755	.2869261	.3013984	0
736.15	0	.4115018	.2871403	.3013579	0
735.15	0	.4113334	.2873483	.3013183	0
734.15	0	.41117	.2875503	.3012798	0
733.15	0	.4110113	.2877465	.3012421	0
732.15	0	.4108572	.2879374	.3012054	0
731.15	0	.4107076	.288123	.3011694	0
730.15	0	.4105621	.2883036	.3011343	0
729.15	0	.4104207	.2884794	.3010999	0
728.15	0	.4102832	.2886507	.3010662	0
727.15	0	.4101494	.2888175	.3010331	0
726.15	0	.4100192	.2889801	.3010007	0
725.15	0	.4098924	.2891386	.300969	0
724.15	0	.409769	.2892933	.3009378	0
723.15	0	.4096487	.2894442	.3009071	0
722.15	0	.4095316	.2895915	.300877	0
721.15	0	.4094173	.2897353	.3008474	0
720.15	0	.409306	.2898758	.3008182	0
719.15	0	.4091973	.2900131	.3007896	0
718.15	0	.4090913	.2901473	.3007613	0
717.15	0	.4089879	.2902786	.3007335	0
716.15	0	.4088869	.290407	.3007061	0
715.15	0	.4087883	.2905327	.300679	0
714.15	0	.4086919	.2906558	.3006523	0
713.15	0	.4085978	.2907763	.300626	0
712.15	0	.4085058	.2908943	.3005999	0
711.15	0	.4084158	.29101	.3005742	0
710.15	0	.4083278	.2911234	.3005488	0
709.15	0	.4082418	.2912346	.3005236	0
708.15	0	.4081575	.2913437	.3004988	0
707.15	0	.4080751	.2914507	.3004741	0
706.15	0	.4079944	.2915558	.3004498	0
705.15	0	.4079154	.291659	.3004256	0
704.15	0	.407838	.2917604	.3004017	0
703.15	0	.4077621	.2918599	.300378	0
702.15	0	.4076877	.2919578	.3003545	0
701.15	0	.4076148	.292054	.3003312	0
700.15	0	.4075433	.2921487	.300308	0
699.15	0	.4074732	.2922417	.3002851	0
698.15	0	.4074044	.2923334	.3002622	0
697.15	0	.4073369	.2924235	.3002396	0
696.15	0	.4072706	.2925123	.3002171	0
695.15	0	.4072055	.2925998	.3001947	0
694.15	0	.4071416	.292686	.3001725	0
693.15	0	.4070787	.2927709	.3001504	0
692.15	0	.407017	.2928546	.3001284	0
691.15	0	.4069564	.2929372	.3001065	0
690.15	0	.4068967	.2930186	.3000847	0
689.15	0	.406838	.293099	.300063	0
688.15	0	.4067803	.2931783	.3000414	0
687.15	0	.4067235	.2932565	.3000199	0
686.15	0	.4066676	.2933338	.2999985	0
685.15	0	.4066126	.2934102	.2999772	0
684.15	0	.4065585	.2934856	.2999559	0
683.15	0	.4065051	.2935602	.2999347	0
682.15	0	.4064526	.2936339	.2999135	0
681.15	0	.4064008	.2937068	.2998925	0
680.15	0	.4063497	.2937788	.2998714	0
679.15	0	.4062994	.2938501	.2998505	0
678.15	0	.4062498	.2939207	.2998295	0
677.15	0	.4062009	.2939905	.2998086	0
676.15	0	.4061526	.2940596	.2997878	0
675.15	0	.406105	.2941281	.299767	0
674.15	0	.4060579	.2941959	.2997462	0
673.15	0	.4060115	.2942631	.2997254	0
672.15	0	.4059657	.2943296	.2997047	0
671.15	0	.4059204	.2943956	.299684	0
670.15	0	.4058757	.294461	.2996633	0
669.15	0	.4058315	.2945259	.2996426	0
668.15	0	.4057879	.2945902	.299622	0
667.15	0	.4057447	.294654	.2996013	0
666.15	0	.405702	.2947173	.2995807	0
665.15	0	.4056598	.2947801	.2995601	0
664.15	0	.4056181	.2948425	.2995395	0
663.15	0	.4055768	.2949044	.2995189	0
662.15	0	.4055359	.2949659	.2994982	0
661.15	0	.4054955	.2950269	.2994776	0
660.15	0	.4054554	.2950876	.299457	0
659.15	0	.4054158	.2951478	.2994364	0
658.15	0	.4053765	.2952077	.2994158	0
657.15	0	.4053376	.2952673	.2993951	0
656.15	0	.4052991	.2953264	.2993745	0
655.15	0	.4052609	.2953852	.2993538	0
654.15	0	.4052231	.2954438	.2993331	0
653.15	0	.4051856	.2955019	.2993125	0
652.15	0	.4051484	.2955598	.2992918	0
651.15	0	.4051115	.2956174	.2992711	0
650.15	0	.405075	.2956747	.2992503	0
649.15	0	.4050387	.2957317	.2992296	0
648.15	0	.4050027	.2957885	.2992088	0
647.15	0	.404967	.295845	.299188	0
646.15	0	.4049316	.2959012	.2991672	0
645.15	0	.4048964	.2959573	.2991463	0
644.15	0	.4048615	.296013	.2991255	0
643.15	0	.4048268	.2960686	.2991046	0
642.15	0	.4047924	.296124	.2990837	0
641.15	0	.4047582	.2961791	.2990627	0
640.15	0	.4047242	.2962341	.2990417	0
639.15	0	.4046904	.2962888	.2990207	0
638.15	0	.4046569	.2963434	.2989997	0
637.15	0	.4046236	.2963978	.2989787	0
636.15	0	.4045904	.296452	.2989576	0
635.15	0	.4045575	.2965061	.2989364	0
634.15	0	.4045247	.29656	.2989153	0
633.15	0	.4044922	.2966137	.2988941	0
632.15	0	.4044598	.2966673	.2988729	0
631.15	0	.4044276	.2967208	.2988516	0
630.15	0	.4043955	.2967742	.2988303	0
629.15	0	.4043636	.2968273	.298809	0
628.15	0	.4043319	.2968804	.2987877	0
627.15	0	.4043003	.2969334	.2987663	0
626.15	0	.4042689	.2969862	.2987449	0
625.15	0	.4042376	.297039	.2987234	0
624.15	0	.4042065	.2970916	.2987019	0
623.15	0	.4041755	.2971441	.2986804	0
622.15	0	.4041447	.2971966	.2986588	0
621.15	0	.4041139	.2972489	.2986372	0
620.15	0	.4040833	.2973011	.2986156	0
619.15	0	.4040528	.2973533	.2985939	0
618.15	0	.4040225	.2974054	.2985722	0
617.15	0	.4039922	.2974574	.2985504	0
616.15	0	.4039621	.2975093	.2985286	0
615.15	0	.403932	.2975612	.2985068	0
614.15	0	.4039021	.297613	.2984849	0
613.15	0	.4038723	.2976647	.298463	0
612.15	0	.4038426	.2977164	.2984411	0
611.15	0	.4038129	.297768	.2984191	0
610.15	0	.4037834	.2978195	.2983971	0
609.15	0	.403754	.297871	.2983751	0
608.15	0	.4037246	.2979224	.298353	0
607.15	0	.4036953	.2979738	.2983308	0
606.15	0	.4036662	.2980252	.2983087	0
605.15	0	.4036371	.2980765	.2982865	0
604.15	0	.403608	.2981277	.2982642	0
603.15	0	.4035791	.298179	.2982419	0
602.15	0	.4035502	.2982301	.2982196	0
601.15	0	.4035214	.2982813	.2981973	0
600.15	0	.4034927	.2983324	.2981749	0
599.15	0	.403464	.2983835	.2981525	0
598.15	0	.4034354	.2984346	.29813	0
597.15	0	.4034069	.2984856	.2981075	0
596.15	0	.4033784	.2985366	.298085	0
595.15	0	.40335	.2985876	.2980624	0
594.15	0	.4033217	.2986385	.2980398	0
593.15	0	.4032934	.2986894	.2980172	0
592.15	0	.4032652	.2987403	.2979945	0
591.15	0	.403237	.2987912	.2979718	0
590.15	0	.4032089	.2988421	.297949	0
589.15	0	.4031808	.298893	.2979263	0
588.15	0	.4031528	.2989438	.2979035	0
587.15	0	.4031248	.2989946	.2978806	0
586.15	0	.4030969	.2990454	.2978577	0
585.15	0	.403069	.2990962	.2978348	0
584.15	0	.4030411	.299147	.2978119	0
583.15	0	.4030133	.2991978	.2977889	0
582.15	0	.4029856	.2992485	.2977659	0
581.15	0	.4029579	.2992993	.2977428	0
580.15	0	.4029302	.29935	.2977198	0
579.15	0	.4029026	.2994008	.2976967	0
578.15	0	.402875	.2994515	.2976735	0
577.15	0	.4028474	.2995022	.2976503	0
576.15	0	.4028199	.299553	.2976271	0
575.15	0	.4027924	.2996037	.2976039	0
574.15	0	.402765	.2996544	.2975807	0
573.15	0	.4027375	.2997051	.2975574	0
572.15	0	.4027102	.2997558	.297534	0
571.15	0	.4026828	.2998065	.2975107	0
570.15	0	.4026555	.2998572	.2974873	0
569.15	0	.4026282	.2999079	.2974639	0
568.15	0	.402601	.2999586	.2974405	0
567.15	0	.4025737	.3000092	.297417	0
566.15	0	.4025465	.3000599	.2973935	0
565.15	0	.4025194	.3001106	.29737	0
564.15	0	.4024922	.3001613	.2973465	0
563.15	0	.4024651	.300212	.2973229	0
562.15	0	.402438	.3002626	.2972994	0
561.15	0	.4024109	.3003133	.2972757	0
560.15	0	.4023839	.300364	.2972521	0
559.15	0	.4023569	.3004147	.2972284	0
558.15	0	.4023299	.3004653	.2972048	0
557.15	0	.4023029	.300516	.2971811	0
556.15	0	.402276	.3005667	.2971573	0
555.15	0	.4022491	.3006173	.2971336	0
554.15	0	.4022222	.300668	.2971098	0
553.15	0	.4021953	.3007187	.297086	0
552.15	0	.4021685	.3007693	.2970622	0
551.15	0	.4021416	.30082	.2970384	0
550.15	0	.4021148	.3008706	.2970145	0
549.15	0	.402088	.3009213	.2969907	0
548.15	0	.4020613	.3009719	.2969668	0
547.15	0	.4020345	.3010226	.2969429	0
546.15	0	.4020078	.3010732	.296919	0
545.15	0	.4019811	.3011239	.296895	0
544.15	0	.4019544	.3011745	.2968711	0
543.15	0	.4019278	.3012252	.2968471	0
542.15	0	.4019011	.3012758	.2968231	0
541.15	0	.4018745	.3013264	.2967991	0
540.15	0	.4018481	.301377	.2967749	0
539.15	0	.4018215	.3014276	.2967509	0
538.15	0	.4017949	.3014782	.2967269	0
537.15	0	.4017684	.3015288	.2967028	0
536.15	0	.4017419	.3015794	.2966787	0
535.15	0	.4017154	.30163	.2966546	0
534.15	0	.4016889	.3016806	.2966305	0
533.15	0	.4016624	.3017312	.2966065	0
532.15	0	.401636	.3017817	.2965823	0
531.15	0	.4016095	.3018323	.2965582	0
530.15	0	.4015831	.3018828	.2965341	0
529.15	0	.4015567	.3019333	.2965099	0
528.15	0	.4015304	.3019839	.2964858	0
527.15	0	.401504	.3020344	.2964616	0
526.15	0	.4014777	.3020849	.2964374	0
525.15	0	.4014514	.3021354	.2964133	0
524.15	0	.4014251	.3021858	.2963891	0
523.15	0	.4013988	.3022363	.2963649	0
522.15	0	.4013725	.3022867	.2963407	0
521.15	0	.4013463	.3023372	.2963165	0
520.15	0	.4013201	.3023876	.2962923	0
519.15	0	.4012939	.302438	.2962681	0
518.15	0	.4012677	.3024884	.2962439	0
517.15	0	.4012416	.3025387	.2962197	0
516.15	0	.4012154	.3025891	.2961955	0
515.15	0	.4011893	.3026394	.2961713	0
514.15	0	.4011632	.3026897	.2961471	0
513.15	0	.4011371	.30274	.2961229	0
512.15	0	.4011111	.3027903	.2960987	0
511.15	0	.401085	.3028405	.2960745	0
510.15	0	.401059	.3028907	.2960502	0
509.15	0	.401033	.3029409	.296026	0
508.15	0	.401007	.3029911	.2960018	0
507.15	0	.4009811	.3030413	.2959776	0
506.15	0	.4009551	.3030914	.2959534	0
505.15	0	.4009292	.3031415	.2959292	0
504.15	0	.4009034	.3031916	.2959051	0
503.15	0	.4008775	.3032416	.2958809	0
502.15	0	.4008516	.3032917	.2958567	0
501.15	0	.4008258	.3033417	.2958325	0
500.15	0	.4008	.3033916	.2958084	0
499.15	0	.4007742	.3034416	.2957842	0
498.15	0	.4007485	.3034915	.2957601	0
497.15	0	.4007228	.3035413	.2957359	0
496.15	0	.400697	.3035912	.2957118	0
495.15	0	.4006714	.303641	.2956877	0
494.15	0	.4006457	.3036907	.2956636	0
493.15	0	.4006201	.3037405	.2956395	0
492.15	0	.4005944	.3037902	.2956154	0
491.15	0	.4005688	.3038398	.2955913	0
490.15	0	.4005433	.3038895	.2955673	0
489.15	0	.4005177	.303939	.2955432	0
488.15	0	.4004922	.3039886	.2955192	0
487.15	0	.4004667	.3040381	.2954952	0
486.15	0	.4004413	.3040876	.2954712	0
485.15	0	.4004158	.304137	.2954472	0
484.15	0	.4003904	.3041864	.2954232	0
483.15	0	.400365	.3042357	.2953993	0
482.15	0	.4003397	.304285	.2953753	0
481.15	0	.4003143	.3043343	.2953514	0
480.15	0	.400289	.3043834	.2953275	0
479.15	0	.4002638	.3044326	.2953036	0
478.15	0	.4002385	.3044817	.2952798	0
477.15	0	.4002133	.3045308	.2952559	0
476.15	0	.4001881	.3045798	.2952321	0
475.15	0	.4001629	.3046288	.2952083	0
474.15	0	.4001378	.3046777	.2951845	0
473.15	0	.4001127	.3047265	.2951608	0
472.15	0	.4000876	.3047753	.295137	0
471.15	0	.4000626	.3048241	.2951133	0
470.15	0	.4000376	.3048728	.2950896	0
469.15	0	.4000126	.3049215	.295066	0
468.15	0	.3999876	.30497	.2950423	0
467.15	0	.3999627	.3050186	.2950187	0
466.15	0	.3999378	.305067	.2949952	0
465.15	0	.399913	.3051155	.2949716	0
464.15	0	.3998881	.3051638	.2949481	0
463.15	0	.3998633	.3052121	.2949246	0
462.15	0	.3998386	.3052604	.2949011	0
461.15	0	.3998138	.3053085	.2948776	0
460.15	0	.3997891	.3053566	.2948542	0
459.15	0	.3997645	.3054047	.2948308	0
458.15	0	.3997399	.3054527	.2948075	0
457.15	0	.3997153	.3055006	.2947842	0
456.15	0	.3996907	.3055484	.2947609	0
455.15	0	.3996662	.3055962	.2947376	0
454.15	0	.3996417	.3056439	.2947144	0
453.15	0	.3996172	.3056916	.2946912	0
452.15	0	.3995928	.3057392	.294668	0
451.15	0	.3995684	.3057867	.2946449	0
450.15	0	.3995441	.3058341	.2946218	0
449.15	0	.3995198	.3058814	.2945988	0
448.15	0	.3994956	.3059287	.2945758	0
447.15	0	.3994714	.3059758	.2945528	0
446.15	0	.3994472	.3060229	.2945299	0
445.15	0	.3994231	.3060699	.294507	0
444.15	0	.399399	.3061168	.2944842	0
443.15	0	.3993751	.3061636	.2944614	0
442.15	0	.3993511	.3062103	.2944386	0
441.15	0	.3993272	.3062568	.294416	0
440.15	0	.3993034	.3063033	.2943933	0
439.15	0	.3992796	.3063497	.2943707	0
438.15	0	.3992559	.3063959	.2943482	0
437.15	0	.3992323	.306442	.2943257	0
436.15	0	.3992087	.306488	.2943033	0
435.15	0	.3991853	.3065339	.2942809	0
434.15	0	.3991618	.3065796	.2942586	0
433.15	0	.3991385	.3066252	.2942363	0
432.15	0	.3991152	.3066707	.2942141	0
