T	 BPW(LIQUID)	BPW(BCC_A2)	BPW(FCC_A1)	BPW(LAVES_PHASE_C14)	BPW(NI3TI)
1473.15	.4355216	.5644784	0	0	0
1472.15	.4318847	.5681153	0	0	0
1471.15	.4282725	.5717275	0	0	0
1470.15	.4246848	.5753152	0	0	0
1469.15	.4211215	.5788785	0	0	0
1468.15	.4175824	.5824176	0	0	0
1467.15	.4140674	.5859326	0	0	0
1466.15	.4105764	.5894236	0	0	0
1465.15	.4071092	.5928908	0	0	0
1464.15	.4036656	.5963344	0	0	0
1463.15	.4002455	.5997545	0	0	0
1462.15	.3968487	.6031513	0	0	0
1461.15	.3934751	.6065249	0	0	0
1460.15	.3901246	.6098754	0	0	0
1459.15	.386797	.613203	0	0	0
1458.15	.3834921	.6165079	0	0	0
1457.15	.3802099	.6197901	0	0	0
1456.15	.3769501	.6230499	0	0	0
1456.022	.3765338	.6234662	0	0	0
1456.022	.3765338	.6234662	0	0	0
1456.022	.3765338	.6234662	0	0	0
1455.15	.3715052	.626733	0	.001761833	0
1454.15	.3658235	.6304194	0	.003757089	0
1453.15	.3602322	.6340423	0	.005725486	0
1452.15	.3547292	.6376031	0	.007667674	0
1451.15	.3493124	.6411033	0	.009584282	0
1450.15	.3439798	.6445443	0	.01147592	0
1449.15	.3387294	.6479274	0	.01334318	0
1448.15	.3335595	.6512539	0	.01518664	0
1447.15	.328468	.6545251	0	.01700685	0
1446.15	.3234533	.6577423	0	.01880435	0
1445.15	.3185137	.6609066	0	.02057968	0
1444.15	.3136474	.6640192	0	.02233332	0
1443.15	.3088529	.6670813	0	.02406578	0
1442.15	.3041285	.6700939	0	.02577754	0
1441.15	.2994728	.6730582	0	.02746906	0
1440.15	.2948841	.6759751	0	.02914079	0
1439.15	.2903612	.6788456	0	.03079318	0
1438.15	.2859025	.6816709	0	.03242665	0
1437.15	.2815067	.6844517	0	.0340416	0
1436.15	.2771724	.6871891	0	.03563846	0
1435.15	.2728984	.689884	0	.0372176	0
1434.15	.2686834	.6925372	0	.03877941	0
1433.15	.2645262	.6951496	0	.04032425	0
1432.15	.2604255	.697722	0	.0418525	0
1431.15	.2563803	.7002553	0	.04336449	0
1430.15	.2523893	.7027502	0	.04486056	0
1429.15	.2484514	.7052075	0	.04634106	0
1428.15	.2445657	.707628	0	.0478063	0
1427.15	.240731	.7100124	0	.0492566	0
1426.15	.2369463	.7123615	0	.05069225	0
1425.15	.2332106	.7146758	0	.05211357	0
1424.15	.229523	.7169562	0	.05352084	0
1423.15	.2258825	.7192032	0	.05491433	0
1422.15	.2222882	.7214175	0	.05629434	0
1421.15	.2187392	.7235997	0	.05766111	0
1420.15	.2152346	.7257505	0	.05901492	0
1419.15	.2117735	.7278704	0	.06035602	0
1418.15	.2083552	.7299601	0	.06168466	0
1417.15	.2049788	.7320201	0	.06300108	0
1416.15	.2016436	.7340509	0	.06430551	0
1415.15	.1983487	.7360532	0	.06559819	0
1414.15	.1950933	.7380273	0	.06687933	0
1413.15	.1918769	.739974	0	.06814917	0
1412.15	.1886985	.7418936	0	.0694079	0
1411.15	.1855577	.7437866	0	.07065574	0
1410.15	.1824535	.7456536	0	.0718929	0
1409.15	.1793855	.747495	0	.07311956	0
1408.15	.1763528	.7493112	0	.07433592	0
1407.15	.173355	.7511028	0	.07554218	0
1406.15	.1703913	.7528702	0	.07673851	0
1405.15	.1674612	.7546137	0	.0779251	0
1404.15	.164564	.7563339	0	.07910212	0
1403.15	.1616992	.758031	0	.08026975	0
1402.15	.1588663	.7597056	0	.08142814	0
1401.15	.1560645	.761358	0	.08257747	0
1400.15	.1532935	.7629886	0	.08371789	0
1399.15	.1505526	.7645978	0	.08484956	0
1398.15	.1478414	.7661859	0	.08597264	0
1397.15	.1451594	.7677534	0	.08708726	0
1396.15	.1425059	.7693005	0	.08819359	0
1395.15	.1398807	.7708276	0	.08929175	0
1394.15	.1372831	.772335	0	.0903819	0
1393.15	.1347127	.7738231	0	.09146416	0
1392.15	.1321691	.7752922	0	.09253867	0
1391.15	.1296518	.7767426	0	.09360556	0
1390.15	.1271604	.7781746	0	.09466495	0
1389.15	.1246945	.7795886	0	.09571698	0
1388.15	.1222535	.7809847	0	.09676176	0
1387.15	.1198372	.7823634	0	.09779942	0
1386.15	.1174451	.7837248	0	.09883006	0
1385.15	.1150768	.7850694	0	.09985381	0
1384.15	.112732	.7863972	0	.1008708	0
1383.15	.1104102	.7877087	0	.1018811	0
1382.15	.1081112	.7890041	0	.1028848	0
1381.15	.1058344	.7902836	0	.1038821	0
1380.15	.1035796	.7915474	0	.1048729	0
1379.15	.1013465	.7927959	0	.1058576	0
1378.15	.09913465	.7940293	0	.1068361	0
1377.15	.09694375	.7952478	0	.1078085	0
1376.15	.09477348	.7964516	0	.1087749	0
1375.15	.09262352	.797641	0	.1097355	0
1374.15	.09049355	.7988162	0	.1106903	0
1373.15	.08838327	.7999774	0	.1116393	0
1372.15	.08629237	.8011248	0	.1125828	0
1371.15	.08422056	.8022587	0	.1135207	0
1370.15	.08216754	.8033792	0	.1144532	0
1369.15	.08013303	.8044866	0	.1153804	0
1368.15	.07811676	.805581	0	.1163022	0
1367.15	.07611844	.8066627	0	.1172189	0
1366.15	.07413781	.8077318	0	.1181304	0
1365.15	.07217461	.8087885	0	.1190369	0
1364.15	.07022857	.809833	0	.1199384	0
1363.15	.06829944	.8108656	0	.120835	0
1362.15	.06638697	.8118863	0	.1217268	0
1361.15	.06449093	.8128953	0	.1226138	0
1360.15	.06261105	.8138929	0	.1234961	0
1359.15	.06074712	.8148791	0	.1243738	0
1358.15	.0588989	.8158542	0	.1252469	0
1357.15	.05706616	.8168183	0	.1261155	0
1356.15	.05524868	.8177716	0	.1269797	0
1355.15	.05344624	.8187142	0	.1278395	0
1354.15	.05165863	.8196463	0	.1286951	0
1353.15	.04988562	.820568	0	.1295464	0
1352.15	.04812703	.8214795	0	.1303934	0
1351.15	.04638263	.822381	0	.1312364	0
1350.15	.04465224	.8232725	0	.1320753	0
1349.15	.04293565	.8241542	0	.1329101	0
1348.15	.04123267	.8250263	0	.133741	0
1347.15	.03954312	.8258889	0	.134568	0
1346.15	.0378668	.8267421	0	.1353911	0
1345.15	.03620353	.827586	0	.1362105	0
1344.15	.03455313	.8284209	0	.137026	0
1343.15	.03291542	.8292467	0	.1378379	0
1342.15	.03129024	.8300637	0	.1386461	0
1341.15	.0296774	.8308719	0	.1394507	0
1340.15	.02807675	.8316715	0	.1402517	0
1339.15	.0264881	.8324627	0	.1410492	0
1338.15	.02491131	.8332454	0	.1418433	0
1337.15	.02334622	.8340199	0	.1426339	0
1336.15	.02179266	.8347862	0	.1434212	0
1335.15	.02025047	.8355444	0	.1442051	0
1334.15	.01871952	.8362948	0	.1449857	0
1333.15	.01719964	.8370373	0	.1457631	0
1332.15	.0156907	.8377721	0	.1465373	0
1331.15	.01419254	.8384992	0	.1473082	0
1330.15	.01270502	.8392189	0	.1480761	0
1329.15	.01122801	.8399311	0	.1488409	0
1328.15	.009761368	.8406361	0	.1496026	0
1327.15	.008304954	.8413338	0	.1503613	0
1326.15	.006858635	.8420243	0	.151117	0
1325.15	.005422282	.8427079	0	.1518698	0
1324.15	.003995765	.8433846	0	.1526197	0
1323.15	.002578957	.8440544	0	.1533667	0
1322.15	.001171732	.8447174	0	.1541109	0
1321.312	0	.8452678	0	.1547322	0
1321.312	0	.8452678	0	.1547322	0
1321.15	0	.8451784	0	.1548216	0
1320.15	0	.8446278	0	.1553723	0
1319.15	0	.8440783	0	.1559217	0
1318.15	0	.8435301	0	.1564699	0
1317.15	0	.842983	0	.157017	0
1316.15	0	.8424372	0	.1575628	0
1315.15	0	.8418925	0	.1581075	0
1314.15	0	.8413491	0	.1586509	0
1313.15	0	.8408068	0	.1591932	0
1312.15	0	.8402657	0	.1597343	0
1311.15	0	.8397258	0	.1602743	0
1310.15	0	.839187	0	.160813	0
1309.15	0	.8386494	0	.1613506	0
1308.15	0	.838113	0	.161887	0
1307.15	0	.8375777	0	.1624223	0
1306.15	0	.8370436	0	.1629564	0
1305.15	0	.8365106	0	.1634894	0
1304.15	0	.8359788	0	.1640212	0
1303.15	0	.8354482	0	.1645518	0
1302.15	0	.8349187	0	.1650813	0
1301.15	0	.8343903	0	.1656097	0
1300.15	0	.8338631	0	.1661369	0
1299.15	0	.833337	0	.166663	0
1298.15	0	.832812	0	.167188	0
1297.15	0	.8322882	0	.1677118	0
1296.15	0	.8317654	0	.1682346	0
1295.15	0	.8312438	0	.1687562	0
1294.15	0	.8307234	0	.1692766	0
1293.15	0	.830204	0	.169796	0
1292.15	0	.8296857	0	.1703143	0
1291.15	0	.8291686	0	.1708314	0
1290.15	0	.8286526	0	.1713475	0
1289.15	0	.8281376	0	.1718624	0
1288.15	0	.8276238	0	.1723762	0
1287.15	0	.827111	0	.172889	0
1286.15	0	.8265994	0	.1734006	0
1285.15	0	.8260888	0	.1739112	0
1284.15	0	.8255793	0	.1744207	0
1283.15	0	.8250709	0	.1749291	0
1282.15	0	.8245636	0	.1754364	0
1281.15	0	.8240573	0	.1759427	0
1280.15	0	.8235522	0	.1764478	0
1279.15	0	.8230481	0	.1769519	0
1278.15	0	.822545	0	.177455	0
1277.15	0	.822043	0	.177957	0
1276.15	0	.8215421	0	.1784579	0
1275.15	0	.8210423	0	.1789577	0
1274.15	0	.8205435	0	.1794565	0
1273.15	0	.8200457	0	.1799543	0
1272.15	0	.819549	0	.180451	0
1271.15	0	.8190534	0	.1809466	0
1270.15	0	.8185588	0	.1814412	0
1269.15	0	.8180652	0	.1819348	0
1268.15	0	.8175726	0	.1824274	0
1267.15	0	.8170811	0	.1829189	0
1266.15	0	.8165907	0	.1834093	0
1265.15	0	.8161012	0	.1838988	0
1264.15	0	.8156128	0	.1843872	0
1263.15	0	.8151254	0	.1848746	0
1262.15	0	.814639	0	.185361	0
1261.15	0	.8141537	0	.1858463	0
1260.15	0	.8136693	0	.1863307	0
1259.15	0	.813186	0	.186814	0
1258.15	0	.8127036	0	.1872964	0
1257.15	0	.8122223	0	.1877777	0
1256.15	0	.811742	0	.188258	0
1255.15	0	.8112627	0	.1887373	0
1254.157	0	.8107877	0	.1892123	0
1254.157	0	.8107877	0	.1892123	0
1254.157	0	.8107877	0	.1892123	0
1254.15	0	.8107783	6.276975E-06	.1892154	0
1253.15	0	.8094383	9.003278E-04	.1896614	0
1252.15	0	.8081018	.00179193	.1901062	0
1251.15	0	.8067691	.002681089	.1905499	0
1250.15	0	.8054399	.003567808	.1909923	0
1249.15	0	.8041144	.004452093	.1914336	0
1248.15	0	.8027924	.005333948	.1918736	0
1247.15	0	.8014741	.006213377	.1923126	0
1246.15	0	.8001593	.007090384	.1927503	0
1245.15	0	.7988481	.007964975	.1931869	0
1244.15	0	.7975405	.008837154	.1936224	0
1243.15	0	.7962364	.009706925	.1940567	0
1242.15	0	.7949359	.01057429	.1944898	0
1241.15	0	.793639	.01143926	.1949218	0
1240.15	0	.7923455	.01230183	.1953527	0
1239.15	0	.7910556	.01316201	.1957824	0
1238.15	0	.7897692	.01401981	.196211	0
1237.15	0	.7884863	.01487522	.1966384	0
1236.15	0	.787207	.01572825	.1970648	0
1235.15	0	.7859311	.01657891	.19749	0
1234.15	0	.7846587	.0174272	.1979141	0
1233.15	0	.7833898	.01827312	.1983371	0
1232.15	0	.7821243	.01911668	.198759	0
1231.15	0	.7808623	.01995788	.1991798	0
1230.15	0	.7796038	.02079673	.1995995	0
1229.15	0	.7783487	.02163322	.2000181	0
1228.15	0	.777097	.02246737	.2004356	0
1227.15	0	.7758488	.02329917	.200852	0
1226.15	0	.774604	.02412864	.2012674	0
1225.15	0	.7733626	.02495577	.2016816	0
1224.15	0	.7721246	.02578056	.2020948	0
1223.15	0	.7708901	.02660303	.2025069	0
1222.15	0	.7696589	.02742318	.2029179	0
1221.15	0	.7684311	.028241	.2033279	0
1220.15	0	.7672067	.0290565	.2037368	0
1219.15	0	.7659856	.02986969	.2041447	0
1218.15	0	.7647679	.03068057	.2045515	0
1217.15	0	.7635536	.03148914	.2049572	0
1216.15	0	.7623426	.03229541	.205362	0
1215.15	0	.761135	.03309938	.2057656	0
1214.15	0	.7599307	.03390105	.2061682	0
1213.15	0	.7587298	.03470042	.2065698	0
1212.15	0	.7575321	.03549751	.2069704	0
1211.15	0	.7563378	.0362923	.2073699	0
1210.15	0	.7551468	.03708482	.2077684	0
1209.15	0	.753959	.03787505	.2081659	0
1208.15	0	.7527746	.038663	.2085624	0
1207.15	0	.7515935	.03944868	.2089578	0
1206.15	0	.7504156	.04023209	.2093523	0
1205.15	0	.7492411	.04101323	.2097457	0
1204.15	0	.7480698	.0417921	.2101381	0
1203.15	0	.7469017	.04256871	.2105296	0
1202.15	0	.745737	.04334306	.21092	0
1201.15	0	.7445754	.04411516	.2113094	0
1200.15	0	.7434171	.04488499	.2116979	0
1199.15	0	.7422621	.04565258	.2120853	0
1198.15	0	.7411103	.04641792	.2124718	0
1197.15	0	.7399617	.04718102	.2128573	0
1196.15	0	.7388163	.04794187	.2132418	0
1195.15	0	.7376742	.04870048	.2136253	0
1194.15	0	.7365353	.04945686	.2140079	0
1193.15	0	.7353995	.050211	.2143895	0
1192.15	0	.734267	.0509629	.2147701	0
1191.15	0	.7331376	.05171258	.2151498	0
1190.15	0	.7320115	.05246003	.2155285	0
1189.15	0	.7308885	.05320526	.2159063	0
1188.15	0	.7297687	.05394826	.2162831	0
1187.15	0	.728652	.05468905	.2166589	0
1186.15	0	.7275385	.05542762	.2170338	0
1185.15	0	.7264282	.05616397	.2174078	0
1184.15	0	.7253211	.05689812	.2177808	0
1183.15	0	.724217	.05763005	.2181529	0
1182.15	0	.7231162	.05835977	.2185241	0
1181.15	0	.7220184	.05908729	.2188943	0
1180.15	0	.7209238	.05981261	.2192636	0
1179.15	0	.7198323	.06053573	.219632	0
1178.15	0	.718744	.06125665	.2199994	0
1177.15	0	.7176587	.06197537	.2203659	0
1176.15	0	.7165766	.06269189	.2207315	0
1175.15	0	.7154976	.06340623	.2210962	0
1174.15	0	.7144216	.06411837	.22146	0
1173.15	0	.7133488	.06482833	.2218229	0
1172.15	0	.7122791	.0655361	.2221848	0
1171.15	0	.7112124	.06624169	.2225459	0
1170.15	0	.7101488	.06694509	.2229061	0
1169.15	0	.7090884	.06764632	.2232653	0
1168.15	0	.7080309	.06834537	.2236237	0
1167.15	0	.7069766	.06904224	.2239812	0
1166.15	0	.7059253	.06973693	.2243378	0
1165.15	0	.7048771	.07042946	.2246935	0
1164.15	0	.7038319	.07111981	.2250483	0
1163.15	0	.7027898	.071808	.2254022	0
1162.15	0	.7017507	.07249401	.2257553	0
1161.15	0	.7007147	.07317786	.2261075	0
1160.15	0	.6996817	.07385955	.2264588	0
1159.15	0	.6986517	.07453907	.2268092	0
1158.15	0	.6976248	.07521644	.2271588	0
1157.15	0	.6966009	.07589164	.2275075	0
1156.15	0	.69558	.07656469	.2278554	0
1155.15	0	.6945621	.07723558	.2282023	0
1154.15	0	.6935472	.07790435	.2285485	0
1153.15	0	.6925353	.07857093	.2288937	0
1152.15	0	.6915265	.07923536	.2292382	0
1151.15	0	.6905206	.07989764	.2295817	0
1150.15	0	.6895178	.08055778	.2299244	0
1149.15	0	.6885179	.08121576	.2302663	0
1148.15	0	.6875211	.0818716	.2306073	0
1147.15	0	.6865272	.0825253	.2309475	0
1146.15	0	.6855363	.08317685	.2312869	0
1145.15	0	.6845484	.08382626	.2316254	0
1144.15	0	.6835634	.08447353	.2319631	0
1143.15	0	.6825814	.08511866	.2322999	0
1142.15	0	.6816024	.08576166	.2326359	0
1141.15	0	.6806264	.08640251	.2329711	0
1140.15	0	.6796533	.08704123	.2333055	0
1139.15	0	.6786832	.08767781	.233639	0
1138.15	0	.677716	.08831226	.2339717	0
1137.15	0	.6767518	.08894458	.2343036	0
1136.15	0	.6757905	.08957477	.2346347	0
1135.15	0	.6748322	.09020282	.234965	0
1134.15	0	.6738768	.09082874	.2352944	0
1133.15	0	.6729244	.09145254	.2356231	0
1132.15	0	.6719749	.09207421	.2359509	0
1131.15	0	.6710283	.09269375	.236278	0
1130.15	0	.6700846	.09331116	.2366042	0
1129.15	0	.6691439	.09392645	.2369296	0
1128.15	0	.6682061	.09453962	.2372543	0
1127.15	0	.6672712	.09515066	.2375781	0
1126.15	0	.6663393	.09575957	.2379012	0
1125.15	0	.6654102	.09636637	.2382234	0
1124.15	0	.6644841	.09697105	.2385449	0
1123.15	0	.6635609	.0975736	.2388656	0
1122.15	0	.6626405	.09817403	.2391854	0
1121.15	0	.6617231	.09877234	.2395045	0
1120.15	0	.6608086	.09936854	.2398229	0
1119.15	0	.659897	.09996262	.2401404	0
1118.15	0	.6589883	.1005546	.2404571	0
1117.15	0	.6580825	.1011444	.2407731	0
1116.15	0	.6571795	.1017321	.2410883	0
1115.15	0	.6562795	.1023178	.2414028	0
1114.15	0	.6553823	.1029013	.2417164	0
1113.15	0	.6544881	.1034826	.2420293	0
1112.15	0	.6535967	.1040619	.2423414	0
1111.15	0	.6527082	.104639	.2426528	0
1110.15	0	.6518226	.1052141	.2429634	0
1109.15	0	.6509398	.105787	.2432732	0
1108.15	0	.6500599	.1063578	.2435823	0
1107.15	0	.6491829	.1069265	.2438906	0
1106.15	0	.6483088	.1074931	.2441981	0
1105.15	0	.6474375	.1080576	.2445049	0
1104.15	0	.6465691	.1086199	.244811	0
1103.15	0	.6457036	.1091802	.2451163	0
1102.15	0	.6448409	.1097383	.2454208	0
1101.15	0	.6439811	.1102943	.2457246	0
1100.15	0	.6431242	.1108482	.2460276	0
1099.15	0	.6422701	.1114	.2463299	0
1098.15	0	.6414188	.1119497	.2466315	0
1097.15	0	.6405704	.1124973	.2469323	0
1096.15	0	.6397249	.1130428	.2472323	0
1095.15	0	.6388822	.1135862	.2475316	0
1094.15	0	.6380424	.1141274	.2478302	0
1093.15	0	.6372054	.1146665	.2481281	0
1092.15	0	.6363712	.1152036	.2484252	0
1091.15	0	.6355399	.1157385	.2487216	0
1090.15	0	.6347115	.1162713	.2490172	0
1089.15	0	.6338859	.116802	.2493121	0
1088.15	0	.6330631	.1173306	.2496063	0
1087.15	0	.6322432	.1178571	.2498998	0
1086.15	0	.6314261	.1183814	.2501925	0
1085.15	0	.6306118	.1189037	.2504845	0
1084.15	0	.6298004	.1194238	.2507758	0
1083.15	0	.6289918	.1199419	.2510664	0
1082.15	0	.628186	.1204578	.2513562	0
1081.15	0	.6273831	.1209716	.2516453	0
1080.15	0	.626583	.1214833	.2519337	0
1079.15	0	.6257857	.1219929	.2522214	0
1078.15	0	.6249913	.1225004	.2525083	0
1077.15	0	.6241997	.1230057	.2527946	0
1076.15	0	.6234109	.123509	.2530801	0
1075.15	0	.622625	.1240101	.2533649	0
1074.15	0	.6218418	.1245092	.253649	0
1073.15	0	.6210615	.1250061	.2539324	0
1072.15	0	.620284	.1255009	.2542151	0
1071.15	0	.6195094	.1259936	.2544971	0
1070.15	0	.6187375	.1264841	.2547783	0
1069.15	0	.6179685	.1269726	.2550589	0
1068.15	0	.6172023	.127459	.2553387	0
1067.15	0	.6164389	.1279432	.2556179	0
1066.15	0	.6156783	.1284253	.2558963	0
1065.15	0	.6149206	.1289053	.2561741	0
1064.15	0	.6141657	.1293832	.2564511	0
1063.15	0	.6134136	.129859	.2567274	0
1062.15	0	.6126643	.1303327	.2570031	0
1061.15	0	.6119178	.1308042	.257278	0
1060.15	0	.6111741	.1312736	.2575522	0
1059.15	0	.6104333	.131741	.2578258	0
1058.15	0	.6096952	.1322061	.2580986	0
1057.15	0	.60896	.1326692	.2583708	0
1056.15	0	.6082276	.1331302	.2586422	0
1055.15	0	.607498	.133589	.258913	0
1054.15	0	.6067712	.1340458	.2591831	0
1053.15	0	.6060472	.1345004	.2594524	0
1052.15	0	.6053261	.1349528	.2597211	0
1051.15	0	.6046077	.1354032	.2599891	0
1050.15	0	.6038922	.1358515	.2602564	0
1049.15	0	.6031795	.1362976	.260523	0
1048.15	0	.6024695	.1367416	.2607889	0
1047.15	0	.6017624	.1371835	.2610541	0
1046.15	0	.6010581	.1376232	.2613186	0
1045.15	0	.6003566	.1380609	.2615825	0
1044.15	0	.599658	.1384964	.2618456	0
1043.15	0	.5989621	.1389298	.2621081	0
1042.15	0	.598269	.1393611	.2623699	0
1041.15	0	.5975788	.1397903	.262631	0
1040.15	0	.5968913	.1402173	.2628914	0
1039.15	0	.5962067	.1406422	.2631511	0
1038.15	0	.5955249	.141065	.2634101	0
1037.15	0	.5948459	.1414856	.2636685	0
1036.15	0	.5941696	.1419042	.2639262	0
1035.15	0	.5934962	.1423206	.2641831	0
1034.15	0	.5928256	.1427349	.2644394	0
1033.15	0	.5921579	.1431471	.264695	0
1032.15	0	.5914929	.1435571	.26495	0
1031.15	0	.5908307	.1439651	.2652042	0
1030.15	0	.5901713	.1443709	.2654578	0
1029.15	0	.5895148	.1447746	.2657107	0
1028.15	0	.588861	.1451761	.2659629	0
1027.15	0	.5882101	.1455755	.2662144	0
1026.15	0	.5875619	.1459729	.2664652	0
1025.15	0	.5869166	.146368	.2667153	0
1024.15	0	.5862741	.1467611	.2669648	0
1023.15	0	.5856344	.1471521	.2672136	0
1022.15	0	.5849975	.1475409	.2674617	0
1021.15	0	.5843634	.1479276	.2677091	0
1020.15	0	.583732	.1483122	.2679558	0
1019.15	0	.5831036	.1486946	.2682018	0
1018.15	0	.5824779	.1490749	.2684472	0
1017.15	0	.581855	.1494532	.2686919	0
1016.15	0	.5812349	.1498292	.2689359	0
1015.15	0	.5806176	.1502032	.2691792	0
1014.15	0	.5800032	.1505751	.2694218	0
1013.15	0	.5793915	.1509448	.2696637	0
1012.15	0	.5787826	.1513124	.269905	0
1011.15	0	.5781766	.1516779	.2701455	0
1010.15	0	.5775733	.1520413	.2703854	0
1009.15	0	.5769729	.1524026	.2706246	0
1008.15	0	.5763752	.1527617	.2708631	0
1007.15	0	.5757803	.1531188	.2711009	0
1006.15	0	.5751883	.1534737	.271338	0
1005.15	0	.5745991	.1538265	.2715744	0
1004.15	0	.5740126	.1541772	.2718102	0
1003.15	0	.573429	.1545258	.2720452	0
1002.15	0	.5728481	.1548723	.2722796	0
1001.15	0	.5722701	.1552167	.2725132	0
1000.15	0	.5716948	.155559	.2727462	0
999.15	0	.5711223	.1558992	.2729785	0
998.15	0	.5705527	.1562373	.2732101	0
997.15	0	.5699858	.1565732	.273441	0
996.15	0	.5694217	.1569071	.2736711	0
995.15	0	.5688605	.1572389	.2739006	0
994.15	0	.568302	.1575686	.2741294	0
993.15	0	.5677463	.1578962	.2743575	0
992.15	0	.5671934	.1582217	.2745849	0
991.15	0	.5666432	.1585452	.2748116	0
990.15	0	.5660959	.1588665	.2750376	0
989.15	0	.5655513	.1591858	.2752629	0
988.15	0	.5650096	.159503	.2754875	0
987.15	0	.5644706	.1598181	.2757113	0
986.15	0	.5639344	.1601311	.2759345	0
985.15	0	.563401	.1604421	.2761569	0
984.15	0	.5628703	.160751	.2763787	0
983.15	0	.5623425	.1610578	.2765997	0
982.15	0	.5618173	.1613626	.27682	0
981.15	0	.561295	.1616654	.2770396	0
980.15	0	.5607755	.161966	.2772585	0
979.15	0	.5602587	.1622647	.2774767	0
978.15	0	.5597446	.1625612	.2776941	0
977.15	0	.5592334	.1628558	.2779108	0
976.15	0	.5587249	.1631483	.2781268	0
975.15	0	.5582191	.1634388	.2783421	0
974.15	0	.5577161	.1637272	.2785567	0
973.15	0	.5572159	.1640137	.2787705	0
972.15	0	.5567184	.1642981	.2789835	0
971.15	0	.5562236	.1645805	.2791959	0
970.15	0	.5557316	.1648609	.2794075	0
969.15	0	.5552423	.1651393	.2796184	0
968.15	0	.5547557	.1654158	.2798285	0
967.15	0	.5542719	.1656902	.2800379	0
966.15	0	.5537908	.1659626	.2802465	0
965.15	0	.5533125	.1662331	.2804544	0
964.15	0	.5528368	.1665016	.2806616	0
963.15	0	.5523639	.1667682	.280868	0
962.15	0	.5518936	.1670328	.2810736	0
961.15	0	.5514261	.1672954	.2812785	0
960.15	0	.5509613	.1675561	.2814826	0
959.15	0	.5504991	.1678149	.281686	0
958.15	0	.5500396	.1680718	.2818886	0
957.15	0	.5495829	.1683267	.2820904	0
956.15	0	.5491288	.1685798	.2822915	0
955.15	0	.5486773	.1688309	.2824917	0
954.15	0	.5482286	.1690802	.2826913	0
953.15	0	.5477825	.1693276	.28289	0
952.15	0	.547339	.1695731	.2830879	0
951.15	0	.5468982	.1698168	.2832851	0
950.15	0	.54646	.1700586	.2834814	0
949.15	0	.5460244	.1702986	.283677	0
948.15	0	.5455915	.1705367	.2838718	0
947.15	0	.5451612	.1707731	.2840657	0
946.15	0	.5447335	.1710076	.2842589	0
945.15	0	.5443083	.1712404	.2844513	0
944.15	0	.5438858	.1714714	.2846428	0
943.15	0	.5434658	.1717006	.2848335	0
942.15	0	.5430485	.1719281	.2850235	0
941.15	0	.5426336	.1721538	.2852125	0
940.15	0	.5422213	.1723779	.2854008	0
939.15	0	.5418116	.1726002	.2855882	0
938.15	0	.5414044	.1728208	.2857748	0
937.15	0	.5409997	.1730397	.2859606	0
936.15	0	.5405975	.173257	.2861455	0
935.15	0	.5401978	.1734727	.2863295	0
934.15	0	.5398006	.1736867	.2865127	0
933.15	0	.5394058	.1738991	.2866951	0
932.15	0	.5390136	.1741099	.2868766	0
931.15	0	.5386237	.1743191	.2870572	0
930.15	0	.5382363	.1745268	.2872369	0
929.15	0	.5378513	.1747329	.2874158	0
928.15	0	.5374687	.1749375	.2875938	0
927.15	0	.5370885	.1751406	.2877708	0
926.15	0	.5367107	.1753423	.287947	0
925.15	0	.5363352	.1755425	.2881223	0
924.15	0	.5359621	.1757412	.2882967	0
923.15	0	.5355913	.1759385	.2884702	0
922.15	0	.5352228	.1761345	.2886428	0
921.15	0	.5348566	.1763291	.2888144	0
920.15	0	.5344926	.1765223	.2889851	0
919.15	0	.534131	.1767142	.2891549	0
918.15	0	.5337715	.1769048	.2893237	0
917.15	0	.5334143	.1770942	.2894916	0
916.15	0	.5330592	.1772823	.2896585	0
915.15	0	.5327064	.1774692	.2898245	0
914.15	0	.5323557	.1776549	.2899895	0
913.15	0	.5320071	.1778394	.2901535	0
912.15	0	.5316606	.1780229	.2903165	0
911.15	0	.5313162	.1782052	.2904786	0
910.15	0	.5309739	.1783864	.2906396	0
909.15	0	.5306337	.1785667	.2907997	0
908.15	0	.5302954	.1787459	.2909587	0
907.15	0	.5299591	.1789242	.2911167	0
906.15	0	.5296248	.1791015	.2912737	0
905.15	0	.5292924	.1792779	.2914297	0
904.15	0	.528962	.1794535	.2915846	0
903.15	0	.5286334	.1796282	.2917384	0
902.15	0	.5283067	.1798021	.2918912	0
901.15	0	.5279817	.1799753	.292043	0
900.15	0	.5276586	.1801478	.2921936	0
899.15	0	.5273373	.1803196	.2923431	0
898.15	0	.5270176	.1804908	.2924916	0
897.15	0	.5266997	.1806614	.2926389	0
896.15	0	.5263834	.1808314	.2927852	0
895.15	0	.5260688	.181001	.2929303	0
894.15	0	.5257557	.1811701	.2930742	0
893.15	0	.5254442	.1813388	.293217	0
892.15	0	.5251342	.1815071	.2933587	0
891.15	0	.5248257	.1816751	.2934992	0
890.15	0	.5245186	.1818429	.2936384	0
889.15	0	.524213	.1820105	.2937766	0
888.15	0	.5239087	.1821779	.2939134	0
887.15	0	.5236057	.1823452	.2940491	0
886.15	0	.5233039	.1825125	.2941836	0
885.15	0	.5230034	.1826798	.2943168	0
884.15	0	.5227041	.1828472	.2944487	0
883.15	0	.5224059	.1830147	.2945794	0
882.15	0	.5221088	.1831824	.2947088	0
881.15	0	.5218127	.1833504	.2948369	0
880.15	0	.5215177	.1835187	.2949637	0
879.15	0	.5212235	.1836874	.2950891	0
878.15	0	.5209302	.1838566	.2952132	0
877.15	0	.5206378	.1840263	.295336	0
876.15	0	.5203461	.1841966	.2954574	0
875.15	0	.5200551	.1843676	.2955773	0
874.15	0	.5197648	.1845393	.2956959	0
873.15	0	.519475	.1847119	.2958131	0
872.15	0	.5191858	.1848854	.2959288	0
871.15	0	.518897	.1850599	.2960431	0
870.15	0	.5186086	.1852355	.2961558	0
869.15	0	.5183206	.1854123	.2962671	0
868.15	0	.5180328	.1855903	.2963769	0
867.15	0	.5177451	.1857698	.2964851	0
866.15	0	.5174576	.1859506	.2965918	0
865.15	0	.5171701	.186133	.2966968	0
864.15	0	.5168826	.1863171	.2968003	0
863.15	0	.5165949	.186503	.2969022	0
862.15	0	.516307	.1866907	.2970023	0
861.15	0	.5160187	.1868804	.2971009	0
860.15	0	.5157301	.1870722	.2971977	0
859.15	0	.515441	.1872663	.2972927	0
858.15	0	.5151513	.1874627	.2973861	0
857.15	0	.5148609	.1876616	.2974776	0
856.15	0	.5145697	.187863	.2975673	0
855.15	0	.5142776	.1880673	.2976551	0
854.15	0	.5139845	.1882744	.2977411	0
853.15	0	.5136903	.1884846	.2978252	0
852.15	0	.5133948	.1886979	.2979073	0
851.15	0	.513098	.1889146	.2979874	0
850.15	0	.5127996	.1891349	.2980655	0
849.15	0	.5124996	.1893588	.2981415	0
848.15	0	.5121979	.1895866	.2982155	0
847.15	0	.5118943	.1898185	.2982873	0
846.15	0	.5115886	.1900546	.2983568	0
845.15	0	.5112806	.1902952	.2984242	0
844.15	0	.5109703	.1905405	.2984892	0
843.15	0	.5106574	.1907907	.2985519	0
842.15	0	.5103418	.191046	.2986122	0
841.15	0	.5100232	.1913067	.2986701	0
840.15	0	.5097015	.1915731	.2987254	0
839.15	0	.5093765	.1918454	.2987781	0
838.15	0	.5090479	.1921238	.2988282	0
837.15	0	.5087156	.1924089	.2988756	0
836.15	0	.5083792	.1927007	.2989202	0
835.15	0	.5080385	.1929997	.2989618	0
834.15	0	.5076932	.1933063	.2990006	0
833.15	0	.5073431	.1936207	.2990362	0
832.15	0	.5069877	.1939435	.2990688	0
831.15	0	.506627	.194275	.299098	0
830.15	0	.5062603	.1946158	.2991239	0
829.15	0	.5058874	.1949662	.2991463	0
828.15	0	.5055079	.1953269	.2991651	0
827.15	0	.5051214	.1956984	.2991802	0
826.15	0	.5047273	.1960814	.2991914	0
825.15	0	.5043251	.1964764	.2991985	0
824.15	0	.5039144	.1968842	.2992013	0
823.15	0	.5034946	.1973056	.2991998	0
822.15	0	.5030649	.1977415	.2991937	0
821.15	0	.5026247	.1981927	.2991827	0
820.15	0	.5021732	.1986602	.2991666	0
819.15	0	.5017096	.1991453	.2991452	0
818.15	0	.5012329	.199649	.2991181	0
817.15	0	.5007421	.2001729	.299085	0
816.15	0	.500236	.2007184	.2990456	0
815.15	0	.4996626	.2013506	.2989868	0
814.15	0	.4985801	.2026231	.2987969	0
813.15	0	.497575	.203804	.298621	0
812.15	0	.4966384	.2049041	.2984574	0
811.15	0	.4957632	.2059321	.2983047	0
810.15	0	.494943	.2068953	.2981617	0
809.15	0	.4941726	.2078002	.2980272	0
808.15	0	.4934476	.208652	.2979004	0
807.15	0	.4927638	.2094556	.2977806	0
806.15	0	.4921179	.210215	.2976671	0
805.15	0	.4915069	.2109338	.2975594	0
804.15	0	.4909279	.2116153	.2974569	0
803.15	0	.4903786	.2122622	.2973591	0
802.15	0	.4898569	.2128772	.2972658	0
801.15	0	.4893608	.2134626	.2971766	0
800.15	0	.4888886	.2140203	.2970911	0
799.15	0	.4884387	.2145523	.297009	0
798.15	0	.4880096	.2150603	.2969302	0
797.15	0	.4876	.2155457	.2968543	0
796.15	0	.4872087	.2160101	.2967813	0
795.15	0	.4868346	.2164547	.2967108	0
794.15	0	.4864766	.2168807	.2966427	0
793.15	0	.4861339	.2172892	.2965769	0
792.15	0	.4858057	.2176811	.2965132	0
791.15	0	.4854909	.2180576	.2964515	0
790.15	0	.485189	.2184194	.2963916	0
789.15	0	.4848992	.2187673	.2963335	0
788.15	0	.4846209	.2191021	.296277	0
787.15	0	.4843535	.2194244	.2962221	0
786.15	0	.4840964	.219735	.2961686	0
785.15	0	.4838491	.2200344	.2961165	0
784.15	0	.4836111	.2203232	.2960657	0
783.15	0	.4833819	.220602	.2960162	0
782.15	0	.4831611	.2208712	.2959677	0
781.15	0	.4829484	.2211313	.2959204	0
780.15	0	.4827432	.2213827	.2958741	0
779.15	0	.4825453	.2216259	.2958288	0
778.15	0	.4823543	.2218613	.2957844	0
777.15	0	.4821699	.2220892	.2957409	0
776.15	0	.4819917	.22231	.2956982	0
775.15	0	.4818196	.2225241	.2956563	0
774.15	0	.4816532	.2227316	.2956152	0
773.15	0	.4814945	.2229312	.2955743	0
772.15	0	.4813386	.2231268	.2955346	0
771.15	0	.4811877	.2233167	.2954955	0
770.15	0	.4810417	.2235013	.2954571	0
769.15	0	.4809002	.2236806	.2954192	0
768.15	0	.4807631	.2238551	.2953819	0
767.15	0	.4806302	.2240248	.2953451	0
766.15	0	.4805013	.22419	.2953088	0
765.15	0	.4803762	.2243508	.295273	0
764.15	0	.4802548	.2245076	.2952376	0
763.15	0	.480137	.2246604	.2952026	0
762.15	0	.4800226	.2248093	.2951681	0
761.15	0	.4799114	.2249547	.295134	0
760.15	0	.4798033	.2250965	.2951002	0
759.15	0	.4796982	.2252351	.2950668	0
758.15	0	.4795959	.2253704	.2950337	0
757.15	0	.4794964	.2255026	.2950009	0
756.15	0	.4793996	.225632	.2949685	0
755.15	0	.4793052	.2257585	.2949363	0
754.15	0	.4792133	.2258822	.2949044	0
753.15	0	.4791237	.2260034	.2948728	0
752.15	0	.4790364	.2261221	.2948415	0
751.15	0	.4789512	.2262384	.2948103	0
750.15	0	.4788681	.2263525	.2947794	0
749.15	0	.478787	.2264643	.2947488	0
748.15	0	.4787078	.226574	.2947183	0
747.15	0	.4786304	.2266816	.294688	0
746.15	0	.4785548	.2267873	.2946579	0
745.15	0	.4784808	.2268912	.294628	0
744.15	0	.4784085	.2269932	.2945982	0
743.15	0	.4783378	.2270936	.2945686	0
742.15	0	.4782686	.2271922	.2945392	0
741.15	0	.4782008	.2272893	.2945099	0
740.15	0	.4781344	.2273848	.2944808	0
739.15	0	.4780694	.2274789	.2944518	0
738.15	0	.4780056	.2275715	.2944229	0
737.15	0	.4779431	.2276628	.2943941	0
736.15	0	.4778817	.2277528	.2943654	0
735.15	0	.4778216	.2278416	.2943369	0
734.15	0	.4777625	.2279291	.2943084	0
733.15	0	.4777045	.2280155	.2942801	0
732.15	0	.4776475	.2281007	.2942518	0
731.15	0	.4775915	.2281849	.2942236	0
730.15	0	.4775364	.2282681	.2941955	0
729.15	0	.4774823	.2283503	.2941674	0
728.15	0	.477429	.2284315	.2941395	0
727.15	0	.4773766	.2285118	.2941116	0
726.15	0	.477325	.2285913	.2940837	0
725.15	0	.4772742	.2286699	.294056	0
724.15	0	.4772241	.2287477	.2940282	0
723.15	0	.4771747	.2288247	.2940005	0
722.15	0	.4771261	.228901	.2939729	0
721.15	0	.4770781	.2289766	.2939453	0
720.15	0	.4770307	.2290515	.2939178	0
719.15	0	.476984	.2291257	.2938903	0
718.15	0	.4769379	.2291993	.2938628	0
717.15	0	.4768924	.2292722	.2938354	0
716.15	0	.4768474	.2293446	.293808	0
715.15	0	.4768029	.2294165	.2937806	0
714.15	0	.476759	.2294878	.2937533	0
713.15	0	.4767155	.2295585	.2937259	0
712.15	0	.4766726	.2296288	.2936986	0
711.15	0	.4766301	.2296986	.2936713	0
710.15	0	.476588	.229768	.293644	0
709.15	0	.4765464	.2298369	.2936168	0
708.15	0	.4765051	.2299054	.2935895	0
707.15	0	.4764643	.2299735	.2935623	0
706.15	0	.4764238	.2300412	.293535	0
705.15	0	.4763837	.2301085	.2935078	0
704.15	0	.476344	.2301755	.2934806	0
703.15	0	.4763045	.2302421	.2934533	0
702.15	0	.4762655	.2303084	.2934261	0
701.15	0	.4762267	.2303744	.2933989	0
700.15	0	.4761882	.2304401	.2933717	0
699.15	0	.47615	.2305056	.2933445	0
698.15	0	.4761121	.2305707	.2933172	0
697.15	0	.4760744	.2306356	.29329	0
696.15	0	.476037	.2307002	.2932628	0
695.15	0	.4759999	.2307646	.2932355	0
694.15	0	.4759629	.2308288	.2932083	0
693.15	0	.4759263	.2308928	.293181	0
692.15	0	.4758898	.2309565	.2931537	0
691.15	0	.4758535	.2310201	.2931264	0
690.15	0	.4758175	.2310834	.2930991	0
689.15	0	.4757816	.2311466	.2930718	0
688.15	0	.4757459	.2312096	.2930445	0
687.15	0	.4757104	.2312724	.2930172	0
686.15	0	.4756751	.2313351	.2929898	0
685.15	0	.4756399	.2313977	.2929624	0
684.15	0	.4756049	.2314601	.2929351	0
683.15	0	.47557	.2315223	.2929077	0
682.15	0	.4755353	.2315845	.2928802	0
681.15	0	.4755007	.2316465	.2928528	0
680.15	0	.4754662	.2317084	.2928253	0
679.15	0	.4754319	.2317702	.2927979	0
678.15	0	.4753977	.2318319	.2927704	0
677.15	0	.4753636	.2318935	.2927429	0
676.15	0	.4753297	.231955	.2927154	0
675.15	0	.4752958	.2320164	.2926878	0
674.15	0	.475262	.2320778	.2926602	0
673.15	0	.4752283	.232139	.2926326	0
672.15	0	.4751948	.2322002	.292605	0
671.15	0	.4751613	.2322613	.2925774	0
670.15	0	.4751279	.2323224	.2925497	0
669.15	0	.4750945	.2323834	.2925221	0
668.15	0	.4750613	.2324443	.2924944	0
667.15	0	.4750281	.2325052	.2924666	0
666.15	0	.474995	.2325661	.2924389	0
665.15	0	.474962	.2326269	.2924111	0
664.15	0	.474929	.2326876	.2923834	0
663.15	0	.4748961	.2327483	.2923556	0
662.15	0	.4748633	.232809	.2923277	0
661.15	0	.4748305	.2328697	.2922999	0
660.15	0	.4747977	.2329303	.292272	0
659.15	0	.474765	.2329909	.2922441	0
658.15	0	.4747324	.2330515	.2922162	0
657.15	0	.4746998	.233112	.2921882	0
656.15	0	.4746672	.2331725	.2921603	0
655.15	0	.4746347	.233233	.2921323	0
654.15	0	.4746022	.2332935	.2921043	0
653.15	0	.4745698	.233354	.2920762	0
652.15	0	.4745374	.2334145	.2920482	0
651.15	0	.474505	.2334749	.2920201	0
650.15	0	.4744726	.2335354	.291992	0
649.15	0	.4744403	.2335958	.2919639	0
648.15	0	.474408	.2336562	.2919357	0
647.15	0	.4743758	.2337167	.2919076	0
646.15	0	.4743435	.2337771	.2918794	0
645.15	0	.4743113	.2338375	.2918512	0
644.15	0	.4742791	.2338979	.2918229	0
643.15	0	.474247	.2339584	.2917947	0
642.15	0	.4742148	.2340188	.2917664	0
641.15	0	.4741827	.2340792	.2917381	0
640.15	0	.4741505	.2341397	.2917098	0
639.15	0	.4741184	.2342001	.2916815	0
638.15	0	.4740863	.2342605	.2916531	0
637.15	0	.4740543	.234321	.2916248	0
636.15	0	.4740222	.2343815	.2915964	0
635.15	0	.4739901	.2344419	.291568	0
634.15	0	.4739581	.2345024	.2915395	0
633.15	0	.473926	.2345629	.2915111	0
632.15	0	.473894	.2346234	.2914826	0
631.15	0	.473862	.2346839	.2914541	0
630.15	0	.47383	.2347444	.2914256	0
629.15	0	.473798	.2348049	.2913971	0
628.15	0	.473766	.2348654	.2913686	0
627.15	0	.473734	.234926	.2913401	0
626.15	0	.473702	.2349865	.2913115	0
625.15	0	.47367	.2350471	.2912829	0
624.15	0	.4736381	.2351076	.2912543	0
623.15	0	.4736061	.2351682	.2912257	0
622.15	0	.4735741	.2352288	.2911971	0
621.15	0	.4735421	.2352894	.2911684	0
620.15	0	.4735102	.2353501	.2911398	0
619.15	0	.4734782	.2354107	.2911111	0
618.15	0	.4734463	.2354713	.2910824	0
617.15	0	.4734143	.235532	.2910537	0
616.15	0	.4733823	.2355926	.291025	0
615.15	0	.4733504	.2356533	.2909963	0
614.15	0	.4733184	.235714	.2909676	0
613.15	0	.4732865	.2357747	.2909388	0
612.15	0	.4732545	.2358354	.2909101	0
611.15	0	.4732226	.2358961	.2908813	0
610.15	0	.4731906	.2359568	.2908526	0
609.15	0	.4731587	.2360175	.2908238	0
608.15	0	.4731267	.2360783	.290795	0
607.15	0	.4730948	.236139	.2907662	0
606.15	0	.4730629	.2361998	.2907374	0
605.15	0	.4730309	.2362605	.2907086	0
604.15	0	.472999	.2363213	.2906797	0
603.15	0	.472967	.2363821	.2906509	0
602.15	0	.4729351	.2364428	.2906221	0
601.15	0	.4729031	.2365036	.2905932	0
600.15	0	.4728712	.2365644	.2905644	0
599.15	0	.4728393	.2366252	.2905355	0
598.15	0	.4728073	.236686	.2905067	0
597.15	0	.4727754	.2367468	.2904778	0
596.15	0	.4727435	.2368076	.290449	0
595.15	0	.4727115	.2368684	.2904201	0
594.15	0	.4726796	.2369292	.2903912	0
593.15	0	.4726477	.23699	.2903624	0
592.15	0	.4726158	.2370508	.2903335	0
591.15	0	.4725838	.2371116	.2903046	0
590.15	0	.4725519	.2371724	.2902757	0
589.15	0	.47252	.2372331	.2902469	0
588.15	0	.4724881	.2372939	.290218	0
587.15	0	.4724562	.2373547	.2901891	0
586.15	0	.4724243	.2374155	.2901602	0
585.15	0	.4723924	.2374763	.2901314	0
584.15	0	.4723605	.237537	.2901025	0
583.15	0	.4723286	.2375978	.2900736	0
582.15	0	.4722967	.2376585	.2900448	0
581.15	0	.4722648	.2377193	.2900159	0
580.15	0	.4722329	.23778	.289987	0
579.15	0	.4722011	.2378407	.2899582	0
578.15	0	.4721692	.2379014	.2899293	0
577.15	0	.4721374	.2379621	.2899005	0
576.15	0	.4721055	.2380228	.2898717	0
575.15	0	.4720737	.2380835	.2898428	0
574.15	0	.4720418	.2381442	.289814	0
573.15	0	.47201	.2382048	.2897852	0
572.15	0	.4719782	.2382654	.2897564	0
571.15	0	.4719464	.238326	.2897276	0
570.15	0	.4719146	.2383866	.2896988	0
569.15	0	.4718828	.2384472	.2896701	0
568.15	0	.471851	.2385077	.2896413	0
567.15	0	.4718192	.2385682	.2896125	0
566.15	0	.4717875	.2386287	.2895838	0
565.15	0	.4717557	.2386892	.2895551	0
564.15	0	.471724	.2387497	.2895263	0
563.15	0	.4716923	.2388101	.2894976	0
562.15	0	.4716605	.2388705	.289469	0
561.15	0	.4716288	.2389309	.2894403	0
560.15	0	.4715972	.2389912	.2894116	0
559.15	0	.4715655	.2390516	.289383	0
558.15	0	.4715338	.2391118	.2893543	0
557.15	0	.4715022	.2391721	.2893257	0
556.15	0	.4714705	.2392323	.2892971	0
555.15	0	.4714389	.2392925	.2892686	0
554.15	0	.4714073	.2393527	.28924	0
553.15	0	.4713757	.2394128	.2892114	0
552.15	0	.4713442	.2394729	.2891829	0
551.15	0	.4713126	.2395329	.2891544	0
550.15	0	.4712811	.239593	.2891259	0
549.15	0	.4712496	.2396529	.2890975	0
548.15	0	.4712181	.2397129	.289069	0
547.15	0	.4711866	.2397728	.2890406	0
546.15	0	.4711551	.2398326	.2890122	0
545.15	0	.4711237	.2398925	.2889838	0
544.15	0	.4710923	.2399522	.2889555	0
543.15	0	.4710609	.2400119	.2889272	0
542.15	0	.4710295	.2400716	.2888989	0
541.15	0	.4709982	.2401313	.2888706	0
540.15	0	.4709668	.2401908	.2888423	0
539.15	0	.4709355	.2402504	.2888141	0
538.15	0	.4709042	.2403099	.2887859	0
537.15	0	.470873	.2403693	.2887577	0
536.15	0	.4708417	.2404287	.2887296	0
535.15	0	.4708105	.240488	.2887015	0
534.15	0	.4707793	.2405473	.2886734	0
533.15	0	.4707481	.2406065	.2886454	0
532.15	0	.470717	.2406657	.2886173	0
531.15	0	.4706859	.2407248	.2885893	0
530.15	0	.4706548	.2407838	.2885614	0
529.15	0	.4706237	.2408428	.2885334	0
528.15	0	.4705927	.2409018	.2885055	0
527.15	0	.4705617	.2409606	.2884777	0
526.15	0	.4705307	.2410195	.2884498	0
525.15	0	.4704998	.2410782	.288422	0
524.15	0	.4704689	.2411369	.2883943	0
523.15	0	.470438	.2411955	.2883665	0
522.15	0	.4704071	.2412541	.2883388	0
521.15	0	.4703763	.2413126	.2883112	0
520.15	0	.4703455	.241371	.2882835	0
519.15	0	.4703147	.2414293	.288256	0
518.15	0	.470284	.2414876	.2882284	0
517.15	0	.4702533	.2415458	.2882009	0
516.15	0	.4702226	.241604	.2881734	0
515.15	0	.4701921	.241662	.2881459	0
514.15	0	.4701615	.24172	.2881185	0
513.15	0	.470131	.2417779	.2880911	0
512.15	0	.4701004	.2418358	.2880638	0
511.15	0	.47007	.2418935	.2880365	0
510.15	0	.4700395	.2419512	.2880093	0
509.15	0	.4700091	.2420088	.2879821	0
508.15	0	.4699787	.2420664	.2879549	0
507.15	0	.4699483	.2421238	.2879278	0
506.15	0	.469918	.2421812	.2879008	0
505.15	0	.4698878	.2422385	.2878738	0
504.15	0	.4698575	.2422957	.2878468	0
503.15	0	.4698273	.2423528	.2878199	0
502.15	0	.4697972	.2424098	.287793	0
501.15	0	.4697671	.2424668	.2877662	0
500.15	0	.469737	.2425236	.2877394	0
499.15	0	.469707	.2425804	.2877127	0
498.15	0	.469677	.2426371	.287686	0
497.15	0	.469647	.2426937	.2876593	0
496.15	0	.4696171	.2427502	.2876327	0
495.15	0	.4695872	.2428066	.2876062	0
494.15	0	.4695574	.2428629	.2875797	0
493.15	0	.4695276	.2429191	.2875533	0
492.15	0	.4694979	.2429752	.2875269	0
491.15	0	.4694682	.2430313	.2875005	0
490.15	0	.4694386	.2430872	.2874742	0
489.15	0	.469409	.243143	.287448	0
488.15	0	.4693794	.2431988	.2874219	0
487.15	0	.4693499	.2432544	.2873957	0
486.15	0	.4693204	.2433099	.2873696	0
485.15	0	.469291	.2433654	.2873436	0
484.15	0	.4692616	.2434207	.2873177	0
483.15	0	.4692323	.2434759	.2872918	0
482.15	0	.469203	.243531	.2872659	0
481.15	0	.4691738	.243586	.2872401	0
480.15	0	.4691446	.243641	.2872144	0
479.15	0	.4691155	.2436958	.2871887	0
478.15	0	.4690864	.2437505	.2871631	0
477.15	0	.4690574	.243805	.2871376	0
476.15	0	.4690284	.2438595	.2871121	0
475.15	0	.4689995	.2439139	.2870866	0
474.15	0	.4689706	.2439681	.2870613	0
473.15	0	.4689418	.2440223	.2870359	0
472.15	0	.468913	.2440763	.2870107	0
471.15	0	.4688843	.2441302	.2869855	0
470.15	0	.4688556	.244184	.2869604	0
469.15	0	.468827	.2442377	.2869353	0
468.15	0	.4687984	.2442913	.2869103	0
467.15	0	.4687699	.2443447	.2868854	0
466.15	0	.4687414	.2443981	.2868605	0
465.15	0	.468713	.2444513	.2868357	0
464.15	0	.4686847	.2445044	.2868109	0
463.15	0	.4686564	.2445574	.2867862	0
462.15	0	.4686282	.2446102	.2867616	0
461.15	0	.4686	.244663	.2867371	0
460.15	0	.4685718	.2447156	.2867126	0
459.15	0	.4685438	.244768	.2866882	0
458.15	0	.4685158	.2448204	.2866638	0
457.15	0	.4684878	.2448726	.2866396	0
456.15	0	.4684599	.2449247	.2866154	0
455.15	0	.4684321	.2449767	.2865912	0
454.15	0	.4684043	.2450286	.2865672	0
453.15	0	.4683766	.2450803	.2865432	0
452.15	0	.4683489	.2451319	.2865192	0
451.15	0	.4683213	.2451833	.2864954	0
450.15	0	.4682937	.2452347	.2864716	0
449.15	0	.4682663	.2452858	.2864479	0
448.15	0	.4682389	.2453368	.2864243	0
447.15	0	.4682116	.2453877	.2864007	0
446.15	0	.4681843	.2454385	.2863773	0
445.15	0	.4681571	.245489	.2863539	0
444.15	0	.46813	.2455395	.2863306	0
443.15	0	.468103	.2455897	.2863073	0
442.15	0	.468076	.2456398	.2862842	0
441.15	0	.4680491	.2456898	.2862611	0
440.15	0	.4680223	.2457395	.2862381	0
439.15	0	.4679956	.2457891	.2862153	0
438.15	0	.467969	.2458386	.2861924	0
437.15	0	.4679425	.2458878	.2861697	0
436.15	0	.467916	.2459369	.2861471	0
435.15	0	.4678897	.2459857	.2861246	0
434.15	0	.4678634	.2460344	.2861021	0
433.15	0	.4678373	.2460829	.2860798	0
432.15	0	.4678112	.2461312	.2860576	0
431.15	0	.4677853	.2461793	.2860354	0
430.15	0	.4677594	.2462272	.2860133	0
429.15	0	.4677337	.2462749	.2859914	0
428.15	0	.467708	.2463224	.2859695	0
427.15	0	.4676825	.2463697	.2859478	0
426.15	0	.4676571	.2464168	.2859261	0
