T	 BPW(LIQUID)	BPW(BCC_A2)	BPW(FCC_A1)	BPW(LAVES_PHASE_C14)	BPW(NI3TI)
1473.15	.2209958	.7790042	0	0	0
1472.15	.2184589	.7815411	0	0	0
1471.15	.2159391	.7840609	0	0	0
1470.15	.2134363	.7865637	0	0	0
1469.15	.2109504	.7890496	0	0	0
1468.15	.2084812	.7915188	0	0	0
1467.15	.2060287	.7939713	0	0	0
1466.15	.2035926	.7964074	0	0	0
1465.15	.2011728	.7988272	0	0	0
1464.15	.1987693	.8012307	0	0	0
1463.15	.1963818	.8036182	0	0	0
1462.15	.1940102	.8059898	0	0	0
1461.15	.1916545	.8083455	0	0	0
1460.15	.1893144	.8106856	0	0	0
1459.15	.1869898	.8130102	0	0	0
1458.15	.1846807	.8153193	0	0	0
1457.15	.1823869	.8176131	0	0	0
1456.15	.1801082	.8198918	0	0	0
1455.15	.1778447	.8221554	0	0	0
1454.15	.175596	.824404	0	0	0
1453.15	.1733621	.8266379	0	0	0
1452.15	.171143	.828857	0	0	0
1451.15	.1689384	.8310616	0	0	0
1450.15	.1667482	.8332518	0	0	0
1449.15	.1645725	.8354275	0	0	0
1448.15	.1624109	.8375891	0	0	0
1447.15	.1602635	.8397366	0	0	0
1446.15	.15813	.84187	0	0	0
1445.15	.1560105	.8439896	0	0	0
1444.15	.1539047	.8460953	0	0	0
1443.15	.1518126	.8481874	0	0	0
1442.15	.1497341	.850266	0	0	0
1441.15	.147669	.852331	0	0	0
1440.15	.1456173	.8543827	0	0	0
1439.15	.1435788	.8564212	0	0	0
1438.15	.1415535	.8584465	0	0	0
1437.15	.1395412	.8604588	0	0	0
1436.15	.1375418	.8624582	0	0	0
1435.15	.1355554	.8644447	0	0	0
1434.15	.1335816	.8664184	0	0	0
1433.15	.1316205	.8683795	0	0	0
1432.15	.1296719	.8703281	0	0	0
1431.15	.1277358	.8722642	0	0	0
1430.15	.125812	.874188	0	0	0
1429.15	.1239005	.8760995	0	0	0
1428.15	.1220012	.8779988	0	0	0
1427.15	.1201139	.8798861	0	0	0
1426.15	.1182386	.8817614	0	0	0
1425.15	.1163752	.8836249	0	0	0
1424.15	.1145235	.8854765	0	0	0
1423.15	.1126836	.8873164	0	0	0
1422.15	.1108553	.8891447	0	0	0
1421.15	.1090386	.8909615	0	0	0
1420.15	.1072332	.8927668	0	0	0
1419.15	.1054393	.8945607	0	0	0
1418.15	.1036566	.8963434	0	0	0
1417.15	.101885	.898115	0	0	0
1416.15	.1001246	.8998754	0	0	0
1415.15	.09837524	.9016248	0	0	0
1414.15	.09663679	.9033632	0	0	0
1413.15	.09490919	.9050908	0	0	0
1412.15	.09319237	.9068076	0	0	0
1411.15	.09148624	.9085138	0	0	0
1410.15	.08979073	.9102093	0	0	0
1409.15	.08810576	.9118942	0	0	0
1408.15	.08643124	.9135688	0	0	0
1407.15	.08476711	.9152329	0	0	0
1406.15	.08311329	.9168867	0	0	0
1405.15	.0814697	.9185303	0	0	0
1404.15	.07983627	.9201637	0	0	0
1403.15	.07821291	.9217871	0	0	0
1402.15	.07659957	.9234004	0	0	0
1401.15	.07499617	.9250038	0	0	0
1400.15	.07340263	.9265974	0	0	0
1399.15	.07181889	.9281811	0	0	0
1398.15	.07024487	.9297551	0	0	0
1397.15	.0686805	.9313195	0	0	0
1396.15	.06712572	.9328743	0	0	0
1395.15	.06558045	.9344195	0	0	0
1394.15	.06404464	.9359554	0	0	0
1393.15	.0625182	.9374818	0	0	0
1392.15	.06100108	.9389989	0	0	0
1391.15	.05949321	.9405068	0	0	0
1390.15	.05799452	.9420055	0	0	0
1389.15	.05650495	.9434951	0	0	0
1388.15	.05502443	.9449756	0	0	0
1387.15	.05355291	.9464471	0	0	0
1386.15	.05209031	.9479097	0	0	0
1385.15	.05063658	.9493634	0	0	0
1384.15	.04919166	.9508083	0	0	0
1383.15	.04775547	.9522445	0	0	0
1382.15	.04632797	.953672	0	0	0
1381.15	.0449091	.9550909	0	0	0
1380.15	.04349879	.9565012	0	0	0
1379.15	.04209698	.957903	0	0	0
1378.15	.04070362	.9592964	0	0	0
1377.15	.03931865	.9606813	0	0	0
1376.15	.03794201	.962058	0	0	0
1375.15	.03657365	.9634263	0	0	0
1374.15	.0352135	.9647865	0	0	0
1373.15	.03386153	.9661385	0	0	0
1372.15	.03251766	.9674823	0	0	0
1371.15	.03118184	.9688182	0	0	0
1370.15	.02985403	.970146	0	0	0
1369.15	.02853416	.9714658	0	0	0
1368.15	.02722219	.9727778	0	0	0
1367.15	.02591807	.9740819	0	0	0
1366.15	.02462173	.9753783	0	0	0
1365.15	.02333313	.9766669	0	0	0
1364.15	.02205222	.9779478	0	0	0
1363.15	.02077895	.9792211	0	0	0
1362.15	.01951327	.9804867	0	0	0
1361.15	.01825513	.9817449	0	0	0
1360.15	.01700448	.9829955	0	0	0
1359.15	.01576127	.9842387	0	0	0
1358.15	.01452545	.9854746	0	0	0
1357.15	.01329698	.986703	0	0	0
1356.15	.01207581	.9879242	0	0	0
1355.15	.01086189	.9891381	0	0	0
1354.15	.009655185	.9903448	0	0	0
1353.15	.008455635	.9915444	0	0	0
1352.15	.007263201	.9927368	0	0	0
1351.15	.006077838	.9939222	0	0	0
1350.15	.004899502	.9951005	0	0	0
1349.15	.003728148	.9962718	0	0	0
1348.15	.002563734	.9974363	0	0	0
1347.15	.001406216	.9985938	0	0	0
1346.15	2.555507E-04	.9997445	0	0	0
1345.927	0	1	0	0	0
1345.927	0	1	0	0	0
1345.15	0	1	0	0	0
1344.15	0	1	0	0	0
1343.15	0	1	0	0	0
1342.15	0	1	0	0	0
1341.15	0	1	0	0	0
1340.15	0	1	0	0	0
1339.15	0	1	0	0	0
1338.15	0	1	0	0	0
1337.15	0	1	0	0	0
1336.15	0	1	0	0	0
1335.15	0	1	0	0	0
1334.15	0	1	0	0	0
1333.15	0	1	0	0	0
1332.15	0	1	0	0	0
1331.15	0	1	0	0	0
1330.15	0	1	0	0	0
1329.15	0	1	0	0	0
1328.15	0	1	0	0	0
1327.15	0	1	0	0	0
1326.15	0	1	0	0	0
1325.15	0	1	0	0	0
1324.15	0	1	0	0	0
1323.15	0	1	0	0	0
1322.15	0	1	0	0	0
1321.15	0	1	0	0	0
1320.15	0	1	0	0	0
1319.15	0	1	0	0	0
1318.15	0	1	0	0	0
1317.15	0	1	0	0	0
1316.15	0	1	0	0	0
1315.15	0	1	0	0	0
1314.15	0	1	0	0	0
1313.15	0	1	0	0	0
1312.15	0	1	0	0	0
1311.15	0	1	0	0	0
1310.15	0	1	0	0	0
1309.15	0	1	0	0	0
1308.15	0	1	0	0	0
1307.285	0	1	0	0	0
1307.285	0	1	0	0	0
1307.285	0	1	0	0	0
1307.15	0	.9999152	0	8.480048E-05	0
1306.15	0	.999289	0	7.109803E-04	0
1305.15	0	.9986642	0	.001335798	0
1304.15	0	.9980407	0	.001959258	0
1303.15	0	.9974186	0	.002581363	0
1302.15	0	.9967979	0	.003202119	0
1301.15	0	.9961785	0	.003821528	0
1300.15	0	.9955604	0	.004439594	0
1299.15	0	.9949437	0	.005056322	0
1298.15	0	.9943283	0	.005671715	0
1297.15	0	.9937142	0	.006285778	0
1296.15	0	.9931015	0	.006898513	0
1295.15	0	.9924901	0	.007509925	0
1294.15	0	.99188	0	.008120017	0
1293.15	0	.9912712	0	.008728794	0
1292.15	0	.9906637	0	.009336258	0
1291.15	0	.9900576	0	.009942414	0
1290.15	0	.9894527	0	.01054727	0
1289.15	0	.9888492	0	.01115082	0
1288.15	0	.9882469	0	.01175307	0
1287.436	0	.9878176	0	.01218238	0
1287.436	0	.9878176	0	.01218238	0
1287.436	0	.9878176	0	.01218238	0
1287.15	0	.9873263	3.258058E-04	.01234792	0
1286.15	0	.9856104	.001463568	.01292602	0
1285.15	0	.9838993	.002598224	.01350253	0
1284.15	0	.9821928	.003729781	.01407745	0
1283.15	0	.980491	.004858245	.01465081	0
1282.15	0	.9787938	.005983624	.01522259	0
1281.15	0	.9771013	.007105922	.01579281	0
1280.15	0	.9754134	.008225147	.01636147	0
1279.15	0	.9737301	.009341305	.01692858	0
1278.15	0	.9720515	.0104544	.01749415	0
1277.15	0	.9703774	.01156444	.01805817	0
1276.15	0	.9687079	.01267144	.01862066	0
1275.15	0	.967043	.01377539	.01918163	0
1274.15	0	.9653826	.01487631	.01974107	0
1273.15	0	.9637268	.01597419	.02029899	0
1272.15	0	.9620756	.01706905	.0208554	0
1271.15	0	.9604288	.0181609	.02141031	0
1270.15	0	.9587866	.01924973	.02196371	0
1269.15	0	.9571488	.02033555	.02251563	0
1268.15	0	.9555156	.02141838	.02306605	0
1267.15	0	.9538868	.02249821	.02361499	0
1266.15	0	.9522625	.02357505	.02416245	0
1265.15	0	.9506427	.0246489	.02470844	0
1264.15	0	.9490273	.02571978	.02525297	0
1263.15	0	.9474163	.02678768	.02579603	0
1262.15	0	.9458098	.02785262	.02633764	0
1261.15	0	.9442076	.02891459	.02687779	0
1260.15	0	.9426099	.02997361	.0274165	0
1259.15	0	.9410166	.03102968	.02795377	0
1258.15	0	.9394276	.0320828	.02848961	0
1257.15	0	.937843	.03313298	.02902402	0
1256.15	0	.9362628	.03418023	.029557	0
1255.15	0	.9346869	.03522454	.03008856	0
1254.15	0	.9331154	.03626593	.03061871	0
1253.15	0	.9315482	.0373044	.03114745	0
1252.15	0	.9299853	.03833995	.03167479	0
1251.15	0	.9284267	.03937259	.03220073	0
1250.15	0	.9268724	.04040233	.03272527	0
1249.15	0	.9253224	.04142917	.03324843	0
1248.15	0	.9237767	.0424531	.0337702	0
1247.15	0	.9222352	.04347415	.03429059	0
1246.15	0	.9206981	.04449231	.03480961	0
1245.15	0	.9191651	.04550759	.03532727	0
1244.15	0	.9176365	.04651999	.03584355	0
1243.15	0	.916112	.04752952	.03635848	0
1242.15	0	.9145918	.04853618	.03687206	0
1241.15	0	.9130757	.04953997	.03738428	0
1240.15	0	.9115639	.05054091	.03789516	0
1239.15	0	.9100563	.05153899	.0384047	0
1238.15	0	.9085529	.05253422	.03891291	0
1237.15	0	.9070536	.0535266	.03941979	0
1236.15	0	.9055585	.05451614	.03992534	0
1235.15	0	.9040676	.05550284	.04042957	0
1234.15	0	.9025808	.0564867	.04093248	0
1233.15	0	.9010982	.05746773	.04143408	0
1232.15	0	.8996197	.05844594	.04193437	0
1231.15	0	.8981453	.05942132	.04243336	0
1230.15	0	.8966751	.06039389	.04293106	0
1229.15	0	.8952089	.06136364	.04342745	0
1228.15	0	.8937469	.06233058	.04392256	0
1227.15	0	.8922889	.06329471	.04441639	0
1226.15	0	.890835	.06425604	.04490893	0
1225.15	0	.8893852	.06521457	.0454002	0
1224.15	0	.8879395	.0661703	.0458902	0
1223.15	0	.8864978	.06712323	.04637892	0
1222.15	0	.8850602	.06807338	.04686639	0
1221.15	0	.8836267	.06902074	.0473526	0
1220.15	0	.8821971	.06996532	.04783755	0
1219.15	0	.8807716	.07090712	.04832126	0
1218.15	0	.8793501	.07184615	.04880371	0
1217.15	0	.8779327	.0727824	.04928493	0
1216.15	0	.8765192	.07371588	.04976491	0
1215.15	0	.8751098	.0746466	.05024365	0
1214.15	0	.8737043	.07557455	.05072117	0
1213.15	0	.8723028	.07649974	.05119746	0
1212.15	0	.8709053	.07742218	.05167253	0
1211.15	0	.8695118	.07834186	.05214638	0
1210.15	0	.8681222	.07925879	.05261902	0
1209.15	0	.8667366	.08017297	.05309045	0
1208.15	0	.8653549	.08108441	.05356068	0
1207.15	0	.8639772	.08199311	.0540297	0
1206.15	0	.8626034	.08289906	.05449753	0
1205.15	0	.8612336	.08380228	.05496417	0
1204.15	0	.8598676	.08470276	.05542961	0
1203.15	0	.8585056	.08560051	.05589387	0
1202.15	0	.8571475	.08649554	.05635695	0
1201.15	0	.8557933	.08738783	.05681886	0
1200.15	0	.854443	.08827741	.05727958	0
1199.15	0	.8530966	.08916426	.05773914	0
1198.15	0	.8517541	.09004839	.05819753	0
1197.15	0	.8504154	.0909298	.05865476	0
1196.15	0	.8490807	.0918085	.05911084	0
1195.15	0	.8477498	.09268449	.05956575	0
1194.15	0	.8464227	.09355777	.06001952	0
1193.15	0	.8450995	.09442834	.06047213	0
1192.15	0	.8437802	.0952962	.06092361	0
1191.15	0	.8424647	.09616136	.06137394	0
1190.15	0	.841153	.09702382	.06182314	0
1189.15	0	.8398452	.09788357	.0622712	0
1188.15	0	.8385412	.09874064	.06271814	0
1187.15	0	.8372411	.099595	.06316394	0
1186.15	0	.8359447	.1004467	.06360863	0
1185.15	0	.8346522	.1012957	.0640522	0
1184.15	0	.8333634	.1021419	.06449465	0
1183.15	0	.8320785	.1029855	.06493599	0
1182.15	0	.8307973	.1038265	.06537622	0
1181.15	0	.82952	.1046647	.06581534	0
1180.15	0	.8282464	.1055002	.06625336	0
1179.15	0	.8269766	.1063331	.06669029	0
1178.15	0	.8257106	.1071633	.06712612	0
1177.15	0	.8244484	.1079908	.06756085	0
1176.15	0	.8231899	.1088156	.0679945	0
1175.15	0	.8219352	.1096377	.06842707	0
1174.15	0	.8206843	.1104572	.06885855	0
1173.15	0	.8194371	.111274	.06928895	0
1172.15	0	.8181936	.1120881	.06971828	0
1171.15	0	.8169539	.1128996	.07014653	0
1170.15	0	.8157179	.1137083	.07057372	0
1169.15	0	.8144857	.1145145	.07099984	0
1168.15	0	.8132572	.1153179	.0714249	0
1167.15	0	.8120324	.1161187	.07184889	0
1166.15	0	.8108114	.1169168	.07227183	0
1165.15	0	.809594	.1177122	.07269372	0
1164.15	0	.8083804	.118505	.07311456	0
1163.15	0	.8071705	.1192951	.07353435	0
1162.15	0	.8059643	.1200826	.07395309	0
1161.15	0	.8047618	.1208674	.0743708	0
1160.15	0	.803563	.1216495	.07478746	0
1159.15	0	.8023679	.122429	.07520309	0
1158.15	0	.8011765	.1232058	.07561769	0
1157.15	0	.7999888	.1239799	.07603126	0
1156.15	0	.7988048	.1247514	.0764438	0
1155.15	0	.7976245	.1255202	.07685532	0
1154.15	0	.7964477	.1262864	.07726583	0
1153.15	0	.7952747	.12705	.07767531	0
1152.15	0	.7941054	.1278108	.07808377	0
1151.15	0	.7929398	.128569	.07849123	0
1150.15	0	.7917778	.1293245	.07889767	0
1149.15	0	.7906195	.1300774	.0793031	0
1148.15	0	.7894648	.1308277	.07970753	0
1147.15	0	.7883138	.1315752	.08011096	0
1146.15	0	.7871665	.1323201	.08051339	0
1145.15	0	.7860228	.1330624	.08091483	0
1144.15	0	.7848827	.133802	.08131527	0
1143.15	0	.7837463	.1345389	.08171472	0
1142.15	0	.7826136	.1352732	.08211319	0
1141.15	0	.7814845	.1360049	.08251067	0
1140.15	0	.780359	.1367338	.08290716	0
1139.15	0	.7792372	.1374602	.08330268	0
1138.15	0	.778119	.1381838	.08369721	0
1137.15	0	.7770044	.1389048	.08409078	0
1136.15	0	.7758935	.1396232	.08448337	0
1135.15	0	.7747862	.1403389	.08487499	0
1134.15	0	.7736825	.1410519	.08526564	0
1133.15	0	.7725824	.1417623	.08565533	0
1132.15	0	.771486	.14247	.08604406	0
1131.15	0	.7703932	.143175	.08643182	0
1130.15	0	.769304	.1438774	.08681863	0
1129.15	0	.7682184	.1445772	.08720448	0
1128.15	0	.7671364	.1452742	.08758938	0
1127.15	0	.7660581	.1459686	.08797333	0
1126.15	0	.7649833	.1466604	.08835633	0
1125.15	0	.7639122	.1473494	.08873838	0
1124.15	0	.7628447	.1480358	.08911949	0
1123.15	0	.7617808	.1487196	.08949966	0
1122.15	0	.7607204	.1494007	.08987889	0
1121.15	0	.7596637	.1500791	.09025718	0
1120.15	0	.7586107	.1507548	.09063454	0
1119.15	0	.7575612	.1514279	.09101097	0
1118.15	0	.7565153	.1520983	.09138646	0
1117.15	0	.755473	.152766	.09176103	0
1116.15	0	.7544343	.1534311	.09213467	0
1115.15	0	.7533992	.1540934	.09250738	0
1114.15	0	.7523677	.1547531	.09287918	0
1113.15	0	.7513398	.1554102	.09325005	0
1112.15	0	.7503155	.1560645	.09362001	0
1111.15	0	.7492948	.1567162	.09398905	0
1110.15	0	.7482777	.1573652	.09435717	0
1109.15	0	.7472642	.1580115	.09472439	0
1108.15	0	.7462542	.1586551	.09509069	0
1107.15	0	.7452479	.159296	.09545609	0
1106.15	0	.7442452	.1599342	.09582058	0
1105.15	0	.743246	.1605698	.09618417	0
1104.15	0	.7422505	.1612027	.09654685	0
1103.15	0	.7412585	.1618328	.09690864	0
1102.15	0	.7402702	.1624603	.09726952	0
1101.15	0	.7392854	.1630851	.09762951	0
1100.15	0	.7383043	.1637072	.0979886	0
1099.15	0	.7373267	.1643265	.0983468	0
1098.15	0	.7363527	.1649432	.09870411	0
1097.15	0	.7353823	.1655572	.09906053	0
1096.15	0	.7344155	.1661685	.09941606	0
1095.15	0	.7334523	.166777	.09977071	0
1094.15	0	.7324927	.1673829	.1001245	0
1093.15	0	.7315367	.167986	.1004773	0
1092.15	0	.7305842	.1685864	.1008293	0
1091.15	0	.7296354	.1691841	.1011805	0
1090.15	0	.7286902	.1697791	.1015307	0
1089.15	0	.7277486	.1703714	.10188	0
1088.15	0	.7268105	.1709609	.1022285	0
1087.15	0	.7258761	.1715477	.1025762	0
1086.15	0	.7249453	.1721319	.1029229	0
1085.15	0	.724018	.1727132	.1032688	0
1084.15	0	.7230944	.1732918	.1036138	0
1083.15	0	.7221744	.1738677	.1039579	0
1082.15	0	.7212579	.1744409	.1043012	0
1081.15	0	.7203451	.1750113	.1046436	0
1080.15	0	.7194359	.175579	.1049851	0
1079.15	0	.7185303	.1761439	.1053258	0
1078.15	0	.7176283	.1767061	.1056656	0
1077.15	0	.7167299	.1772655	.1060045	0
1076.15	0	.7158351	.1778222	.1063426	0
1075.15	0	.714944	.1783762	.1066799	0
1074.15	0	.7140564	.1789273	.1070163	0
1073.15	0	.7131725	.1794757	.1073518	0
1072.15	0	.7122922	.1800214	.1076865	0
1071.15	0	.7114155	.1805643	.1080203	0
1070.15	0	.7105424	.1811044	.1083533	0
1069.15	0	.7096729	.1816417	.1086854	0
1068.15	0	.7088071	.1821763	.1090167	0
1067.15	0	.7079449	.1827081	.1093471	0
1066.15	0	.7070863	.1832371	.1096767	0
1065.15	0	.7062313	.1837633	.1100054	0
1064.15	0	.70538	.1842867	.1103333	0
1063.15	0	.7045323	.1848074	.1106603	0
1062.15	0	.7036883	.1853252	.1109865	0
1061.15	0	.7028479	.1858403	.1113118	0
1060.15	0	.7020111	.1863526	.1116364	0
1059.15	0	.7011779	.186862	.11196	0
1058.15	0	.7003485	.1873687	.1122829	0
1057.15	0	.6995226	.1878725	.1126049	0
1056.15	0	.6987004	.1883736	.112926	0
1055.15	0	.6978819	.1888718	.1132463	0
1054.15	0	.697067	.1893672	.1135658	0
1053.15	0	.6962558	.1898598	.1138845	0
1052.15	0	.6954482	.1903496	.1142023	0
1051.15	0	.6946443	.1908365	.1145192	0
1050.15	0	.693844	.1913206	.1148354	0
1049.15	0	.6930475	.1918019	.1151507	0
1048.15	0	.6922545	.1922803	.1154651	0
1047.15	0	.6914653	.1927559	.1157788	0
1046.15	0	.6906797	.1932287	.1160916	0
1045.15	0	.6898978	.1936986	.1164036	0
1044.15	0	.6891196	.1941657	.1167147	0
1043.15	0	.6883451	.1946299	.117025	0
1042.15	0	.6875743	.1950913	.1173345	0
1041.15	0	.6868071	.1955498	.1176431	0
1040.15	0	.6860437	.1960054	.1179509	0
1039.15	0	.6852839	.1964582	.1182579	0
1038.15	0	.6845278	.1969081	.1185641	0
1037.15	0	.6837754	.1973551	.1188694	0
1036.15	0	.6830268	.1977993	.1191739	0
1035.15	0	.6822818	.1982406	.1194776	0
1034.15	0	.6815406	.198679	.1197804	0
1033.15	0	.680803	.1991145	.1200824	0
1032.15	0	.6800692	.1995472	.1203836	0
1031.15	0	.6793391	.1999769	.120684	0
1030.15	0	.6786127	.2004038	.1209835	0
1029.15	0	.6778901	.2008278	.1212822	0
1028.15	0	.6771711	.2012488	.1215801	0
1027.15	0	.6764559	.201667	.1218771	0
1026.15	0	.6757445	.2020823	.1221733	0
1025.15	0	.6750367	.2024946	.1224687	0
1024.15	0	.6743327	.2029041	.1227632	0
1023.15	0	.6736325	.2033106	.1230569	0
1022.15	0	.672936	.2037142	.1233498	0
1021.15	0	.6722432	.2041149	.1236418	0
1020.15	0	.6715542	.2045127	.123933	0
1019.15	0	.670869	.2049076	.1242234	0
1018.15	0	.6701875	.2052995	.124513	0
1017.15	0	.6695098	.2056885	.1248017	0
1016.15	0	.6688358	.2060746	.1250896	0
1015.15	0	.6681657	.2064577	.1253766	0
1014.15	0	.6674992	.2068379	.1256628	0
1013.15	0	.6668366	.2072152	.1259482	0
1012.15	0	.6661777	.2075895	.1262328	0
1011.15	0	.6655227	.2079609	.1265165	0
1010.15	0	.6648714	.2083293	.1267993	0
1009.15	0	.6642238	.2086948	.1270814	0
1008.15	0	.6635801	.2090573	.1273625	0
1007.15	0	.6629402	.2094169	.1276429	0
1006.15	0	.6623041	.2097736	.1279224	0
1005.15	0	.6616717	.2101272	.1282011	0
1004.15	0	.6610432	.210478	.1284789	0
1003.15	0	.6604184	.2108257	.1287558	0
1002.15	0	.6597975	.2111705	.129032	0
1001.15	0	.6591804	.2115124	.1293072	0
1000.15	0	.6585671	.2118513	.1295816	0
999.15	0	.6579576	.2121872	.1298552	0
998.15	0	.6573519	.2125201	.1301279	0
997.15	0	.6567501	.2128501	.1303998	0
996.15	0	.656152	.2131772	.1306708	0
995.15	0	.6555578	.2135012	.130941	0
994.15	0	.6549674	.2138223	.1312103	0
993.15	0	.6543809	.2141404	.1314787	0
992.15	0	.6537982	.2144556	.1317463	0
991.15	0	.6532193	.2147678	.132013	0
990.15	0	.6526442	.215077	.1322788	0
989.15	0	.6520729	.2153833	.1325438	0
988.15	0	.6515055	.2156866	.1328079	0
987.15	0	.650942	.2159869	.1330711	0
986.15	0	.6503823	.2162842	.1333335	0
985.15	0	.6498264	.2165786	.133595	0
984.15	0	.6492744	.2168701	.1338556	0
983.15	0	.6487262	.2171585	.1341153	0
982.15	0	.6481818	.217444	.1343742	0
981.15	0	.6476413	.2177266	.1346321	0
980.15	0	.6471046	.2180062	.1348892	0
979.15	0	.6465718	.2182828	.1351454	0
978.15	0	.6460429	.2185565	.1354007	0
977.15	0	.6455177	.2188272	.1356551	0
976.15	0	.6449964	.219095	.1359086	0
975.15	0	.644479	.2193598	.1361612	0
974.15	0	.6439654	.2196217	.1364129	0
973.15	0	.6434557	.2198807	.1366636	0
972.15	0	.6429498	.2201367	.1369135	0
971.15	0	.6424477	.2203898	.1371625	0
970.15	0	.6419495	.22064	.1374105	0
969.15	0	.6414551	.2208873	.1376577	0
968.15	0	.6409646	.2211316	.1379039	0
967.15	0	.6404778	.221373	.1381491	0
966.15	0	.639995	.2216115	.1383935	0
965.15	0	.6395159	.2218472	.1386369	0
964.15	0	.6390407	.2220799	.1388794	0
963.15	0	.6385693	.2223098	.1391209	0
962.15	0	.6381018	.2225367	.1393615	0
961.15	0	.637638	.2227608	.1396012	0
960.15	0	.6371781	.2229821	.1398399	0
959.15	0	.636722	.2232004	.1400776	0
958.15	0	.6362697	.223416	.1403144	0
957.15	0	.6358211	.2236287	.1405502	0
956.15	0	.6353764	.2238386	.140785	0
955.15	0	.6349355	.2240456	.1410189	0
954.15	0	.6344984	.2242499	.1412518	0
953.15	0	.634065	.2244513	.1414837	0
952.15	0	.6336354	.22465	.1417146	0
951.15	0	.6332096	.2248459	.1419445	0
950.15	0	.6327876	.225039	.1421735	0
949.15	0	.6323693	.2252293	.1424014	0
948.15	0	.6319547	.225417	.1426283	0
947.15	0	.6315439	.2256019	.1428542	0
946.15	0	.6311368	.2257841	.1430791	0
945.15	0	.6307334	.2259636	.1433029	0
944.15	0	.6303338	.2261405	.1435258	0
943.15	0	.6299378	.2263147	.1437476	0
942.15	0	.6295455	.2264862	.1439683	0
941.15	0	.6291569	.2266551	.144188	0
940.15	0	.6287719	.2268214	.1444067	0
939.15	0	.6283907	.2269851	.1446243	0
938.15	0	.628013	.2271462	.1448408	0
937.15	0	.627639	.2273048	.1450562	0
936.15	0	.6272686	.2274608	.1452706	0
935.15	0	.6269017	.2276144	.1454839	0
934.15	0	.6265385	.2277654	.1456961	0
933.15	0	.6261788	.227914	.1459072	0
932.15	0	.6258227	.2280602	.1461171	0
931.15	0	.6254701	.2282039	.146326	0
930.15	0	.625121	.2283452	.1465337	0
929.15	0	.6247755	.2284842	.1467403	0
928.15	0	.6244334	.2286208	.1469458	0
927.15	0	.6240947	.2287552	.1471501	0
926.15	0	.6237595	.2288872	.1473533	0
925.15	0	.6234277	.229017	.1475553	0
924.15	0	.6230993	.2291446	.1477561	0
923.15	0	.6227743	.22927	.1479558	0
922.15	0	.6224526	.2293932	.1481542	0
921.15	0	.6221342	.2295143	.1483515	0
920.15	0	.6218191	.2296333	.1485476	0
919.15	0	.6215073	.2297503	.1487424	0
918.15	0	.6211988	.2298653	.148936	0
917.15	0	.6208934	.2299782	.1491284	0
916.15	0	.6205912	.2300893	.1493195	0
915.15	0	.6202922	.2301984	.1495094	0
914.15	0	.6199963	.2303057	.1496979	0
913.15	0	.6197035	.2304112	.1498853	0
912.15	0	.6194138	.230515	.1500713	0
911.15	0	.619127	.230617	.150256	0
910.15	0	.6188433	.2307173	.1504394	0
909.15	0	.6185625	.230816	.1506215	0
908.15	0	.6182846	.2309132	.1508023	0
907.15	0	.6180096	.2310088	.1509817	0
906.15	0	.6177374	.2311029	.1511597	0
905.15	0	.617468	.2311956	.1513364	0
904.15	0	.6172013	.231287	.1515117	0
903.15	0	.6169374	.2313771	.1516855	0
902.15	0	.6166761	.2314659	.151858	0
901.15	0	.6164174	.2315536	.152029	0
900.15	0	.6161612	.2316401	.1521986	0
899.15	0	.6159076	.2317256	.1523668	0
898.15	0	.6156564	.2318101	.1525334	0
897.15	0	.6154077	.2318937	.1526986	0
896.15	0	.6151612	.2319765	.1528623	0
895.15	0	.6149171	.2320585	.1530244	0
894.15	0	.6146752	.2321398	.1531851	0
893.15	0	.6144354	.2322204	.1533441	0
892.15	0	.6141978	.2323006	.1535016	0
891.15	0	.6139622	.2323803	.1536575	0
890.15	0	.6137286	.2324596	.1538118	0
889.15	0	.6134969	.2325386	.1539645	0
888.15	0	.613267	.2326175	.1541155	0
887.15	0	.6130389	.2326962	.1542649	0
886.15	0	.6128125	.2327749	.1544125	0
885.15	0	.6125877	.2328538	.1545585	0
884.15	0	.6123645	.2329328	.1547027	0
883.15	0	.6121427	.2330121	.1548452	0
882.15	0	.6119222	.2330918	.154986	0
881.15	0	.611703	.2331721	.1551249	0
880.15	0	.6114851	.233253	.155262	0
879.15	0	.6112682	.2333346	.1553972	0
878.15	0	.6110523	.2334171	.1555306	0
877.15	0	.6108373	.2335006	.1556621	0
876.15	0	.6106231	.2335852	.1557917	0
875.15	0	.6104097	.2336711	.1559193	0
874.15	0	.6101967	.2337584	.1560449	0
873.15	0	.6099843	.2338472	.1561685	0
872.15	0	.6097722	.2339377	.1562901	0
871.15	0	.6095604	.2340301	.1564096	0
870.15	0	.6093486	.2341244	.156527	0
869.15	0	.6091368	.2342209	.1566422	0
868.15	0	.6089249	.2343198	.1567553	0
867.15	0	.6087127	.2344212	.1568661	0
866.15	0	.6085	.2345253	.1569747	0
865.15	0	.6082868	.2346322	.157081	0
864.15	0	.6080728	.2347423	.157185	0
863.15	0	.6078579	.2348556	.1572866	0
862.15	0	.6076419	.2349724	.1573857	0
861.15	0	.6074246	.235093	.1574824	0
860.15	0	.607206	.2352175	.1575765	0
859.15	0	.6069857	.2353462	.1576681	0
858.15	0	.6067636	.2354794	.1577571	0
857.15	0	.6065394	.2356173	.1578433	0
856.15	0	.6063131	.2357601	.1579268	0
855.15	0	.6060842	.2359083	.1580075	0
854.15	0	.6058527	.236062	.1580854	0
853.15	0	.6056182	.2362216	.1581603	0
852.15	0	.6053805	.2363874	.1582321	0
851.15	0	.6051393	.2365598	.1583009	0
850.15	0	.6048943	.2367391	.1583665	0
849.15	0	.6046453	.2369258	.1584289	0
848.15	0	.6043919	.2371202	.1584879	0
847.15	0	.6041337	.2373228	.1585435	0
846.15	0	.6038705	.237534	.1585955	0
845.15	0	.6036018	.2377544	.1586439	0
844.15	0	.6033272	.2379843	.1586885	0
843.15	0	.6030463	.2382245	.1587292	0
842.15	0	.6027587	.2384754	.1587659	0
841.15	0	.6024638	.2387378	.1587984	0
840.15	0	.6021612	.2390122	.1588266	0
839.15	0	.6018503	.2392994	.1588503	0
838.15	0	.6015304	.2396002	.1588694	0
837.15	0	.6012009	.2399155	.1588836	0
836.15	0	.6008612	.240246	.1588928	0
835.15	0	.6005104	.2405929	.1588967	0
834.15	0	.6001477	.2409572	.1588951	0
833.15	0	.5997723	.2413401	.1588877	0
832.15	0	.5990625	.2421333	.1588042	0
831.15	0	.5982087	.2431076	.1586837	0
830.15	0	.5974135	.244016	.1585705	0
829.15	0	.596672	.2448643	.1584637	0
828.15	0	.5959796	.2456577	.1583627	0
827.15	0	.5953325	.2464004	.158267	0
826.15	0	.5947272	.2470967	.1581762	0
825.15	0	.5941604	.2477499	.1580897	0
824.15	0	.5936294	.2483634	.1580072	0
823.15	0	.5931316	.24894	.1579284	0
822.15	0	.5926647	.2494824	.157853	0
821.15	0	.5922266	.2499928	.1577807	0
820.15	0	.5918153	.2504735	.1577112	0
819.15	0	.5914291	.2509265	.1576444	0
818.15	0	.5910664	.2513535	.1575801	0
817.15	0	.5907257	.2517563	.157518	0
816.15	0	.5904056	.2521364	.157458	0
815.15	0	.5901049	.2524951	.1574	0
814.15	0	.5898223	.2528339	.1573438	0
813.15	0	.5895568	.2531538	.1572894	0
812.15	0	.5893074	.2534562	.1572365	0
811.15	0	.589073	.2537419	.1571851	0
810.15	0	.588853	.254012	.157135	0
809.15	0	.5886463	.2542674	.1570863	0
808.15	0	.5884523	.2545089	.1570388	0
807.15	0	.5882702	.2547374	.1569924	0
806.15	0	.5880994	.2549535	.1569471	0
805.15	0	.5879393	.255158	.1569028	0
804.15	0	.5877891	.2553515	.1568594	0
803.15	0	.5876485	.2555347	.1568169	0
802.15	0	.5875168	.2557081	.1567752	0
801.15	0	.5873936	.2558722	.1567343	0
800.15	0	.5872783	.2560276	.1566941	0
799.15	0	.5871707	.2561747	.1566546	0
798.15	0	.5870702	.256314	.1566157	0
797.15	0	.5869765	.256446	.1565775	0
796.15	0	.5868892	.256571	.1565398	0
795.15	0	.586808	.2566894	.1565027	0
794.15	0	.5867324	.2568015	.1564661	0
793.15	0	.5866623	.2569078	.1564299	0
792.15	0	.5865974	.2570084	.1563942	0
791.15	0	.5865372	.2571038	.1563589	0
790.15	0	.5864817	.2571943	.1563241	0
789.15	0	.5864305	.25728	.1562895	0
788.15	0	.5863834	.2573612	.1562554	0
787.15	0	.5863402	.2574383	.1562216	0
786.15	0	.5863006	.2575113	.1561881	0
785.15	0	.5862645	.2575806	.1561549	0
784.15	0	.5862317	.2576464	.1561219	0
783.15	0	.586202	.2577088	.1560892	0
782.15	0	.5861752	.257768	.1560568	0
781.15	0	.5861512	.2578242	.1560246	0
780.15	0	.5861298	.2578777	.1559926	0
779.15	0	.5861108	.2579284	.1559608	0
778.15	0	.5860941	.2579767	.1559292	0
777.15	0	.5860797	.2580226	.1558978	0
776.15	0	.5860673	.2580662	.1558665	0
775.15	0	.5860568	.2581078	.1558354	0
774.15	0	.5860481	.2581474	.1558045	0
773.15	0	.5860412	.2581851	.1557736	0
772.15	0	.5860359	.2582212	.155743	0
771.15	0	.5860321	.2582555	.1557124	0
770.15	0	.5860297	.2582884	.1556819	0
769.15	0	.5860287	.2583198	.1556515	0
768.15	0	.5860289	.2583499	.1556213	0
767.15	0	.5860302	.2583787	.1555911	0
766.15	0	.5860327	.2584064	.155561	0
765.15	0	.5860361	.258433	.1555309	0
764.15	0	.5860405	.2584585	.1555009	0
763.15	0	.5860458	.2584831	.155471	0
762.15	0	.5860519	.2585069	.1554412	0
761.15	0	.5860588	.2585298	.1554114	0
760.15	0	.5860664	.258552	.1553816	0
759.15	0	.5860746	.2585735	.1553519	0
758.15	0	.5860834	.2585944	.1553222	0
757.15	0	.5860928	.2586147	.1552925	0
756.15	0	.5861027	.2586344	.1552629	0
755.15	0	.586113	.2586537	.1552333	0
754.15	0	.5861237	.2586726	.1552037	0
753.15	0	.5861374	.2586891	.1551735	0
752.15	0	.5861487	.2587074	.155144	0
751.15	0	.5861602	.2587253	.1551145	0
750.15	0	.586172	.258743	.155085	0
749.15	0	.5861841	.2587605	.1550555	0
748.15	0	.5861964	.2587777	.1550259	0
747.15	0	.5862088	.2587948	.1549964	0
746.15	0	.5862214	.2588117	.1549669	0
745.15	0	.5862342	.2588285	.1549374	0
744.15	0	.586247	.2588452	.1549078	0
743.15	0	.5862599	.2588619	.1548782	0
742.15	0	.5862729	.2588785	.1548486	0
741.15	0	.5862858	.2588951	.154819	0
740.15	0	.5862988	.2589117	.1547894	0
739.15	0	.5863118	.2589284	.1547598	0
738.15	0	.5863248	.2589452	.1547301	0
737.15	0	.5863377	.2589619	.1547004	0
736.15	0	.5863505	.2589789	.1546707	0
735.15	0	.5863632	.2589959	.1546409	0
734.15	0	.5863759	.259013	.1546111	0
733.15	0	.5863884	.2590303	.1545813	0
732.15	0	.5864008	.2590478	.1545515	0
731.15	0	.586413	.2590654	.1545216	0
730.15	0	.5864251	.2590832	.1544917	0
729.15	0	.5864371	.2591012	.1544617	0
728.15	0	.5864488	.2591195	.1544317	0
727.15	0	.5864604	.2591379	.1544017	0
726.15	0	.5864718	.2591566	.1543716	0
725.15	0	.5864829	.2591756	.1543415	0
724.15	0	.5864939	.2591947	.1543114	0
723.15	0	.5865046	.2592142	.1542812	0
722.15	0	.5865151	.2592339	.154251	0
721.15	0	.5865254	.2592539	.1542207	0
720.15	0	.5865354	.2592742	.1541904	0
719.15	0	.5865451	.2592948	.15416	0
718.15	0	.5865546	.2593157	.1541296	0
717.15	0	.5865639	.2593369	.1540992	0
716.15	0	.5865729	.2593584	.1540687	0
715.15	0	.5865816	.2593802	.1540382	0
714.15	0	.58659	.2594024	.1540076	0
713.15	0	.5865981	.2594249	.153977	0
712.15	0	.586606	.2594476	.1539463	0
711.15	0	.5866136	.2594708	.1539156	0
710.15	0	.5866209	.2594943	.1538849	0
709.15	0	.5866279	.2595181	.1538541	0
708.15	0	.5866345	.2595422	.1538232	0
707.15	0	.5866409	.2595667	.1537923	0
706.15	0	.586647	.2595916	.1537614	0
705.15	0	.5866528	.2596167	.1537304	0
704.15	0	.5866583	.2596423	.1536994	0
703.15	0	.5866635	.2596682	.1536683	0
702.15	0	.5866684	.2596944	.1536372	0
701.15	0	.5866729	.259721	.153606	0
700.15	0	.5866772	.259748	.1535748	0
699.15	0	.5866811	.2597753	.1535436	0
698.15	0	.5866848	.259803	.1535123	0
697.15	0	.5866881	.259831	.1534809	0
696.15	0	.5866911	.2598594	.1534495	0
695.15	0	.5866938	.2598881	.1534181	0
694.15	0	.5866962	.2599172	.1533866	0
693.15	0	.5866983	.2599467	.1533551	0
692.15	0	.5867	.2599765	.1533235	0
691.15	0	.5867015	.2600066	.1532919	0
690.15	0	.5867026	.2600371	.1532602	0
689.15	0	.5867035	.260068	.1532285	0
688.15	0	.586704	.2600992	.1531968	0
687.15	0	.5867042	.2601308	.153165	0
686.15	0	.5867041	.2601627	.1531331	0
685.15	0	.5867038	.260195	.1531013	0
684.15	0	.5867031	.2602276	.1530693	0
683.15	0	.5867021	.2602606	.1530374	0
682.15	0	.5867008	.2602939	.1530054	0
681.15	0	.5866992	.2603275	.1529733	0
680.15	0	.5866973	.2603615	.1529413	0
679.15	0	.586695	.2603958	.1529091	0
678.15	0	.5866926	.2604305	.152877	0
677.15	0	.5866898	.2604655	.1528448	0
676.15	0	.5866867	.2605008	.1528125	0
675.15	0	.5866833	.2605365	.1527802	0
674.15	0	.5866796	.2605725	.1527479	0
673.15	0	.5866757	.2606088	.1527156	0
672.15	0	.5866714	.2606454	.1526832	0
671.15	0	.5866669	.2606824	.1526507	0
670.15	0	.5866621	.2607197	.1526183	0
669.15	0	.586657	.2607573	.1525857	0
668.15	0	.5866516	.2607952	.1525532	0
667.15	0	.586646	.2608334	.1525206	0
666.15	0	.58664	.260872	.152488	0
665.15	0	.5866338	.2609108	.1524554	0
664.15	0	.5866274	.2609499	.1524227	0
663.15	0	.5866206	.2609894	.15239	0
662.15	0	.5866136	.2610291	.1523572	0
661.15	0	.5866064	.2610692	.1523245	0
660.15	0	.5865988	.2611095	.1522917	0
659.15	0	.586591	.2611502	.1522588	0
658.15	0	.586583	.2611911	.1522259	0
657.15	0	.5865747	.2612323	.152193	0
656.15	0	.5865661	.2612738	.1521601	0
655.15	0	.5865573	.2613156	.1521272	0
654.15	0	.5865482	.2613576	.1520942	0
653.15	0	.5865389	.2614	.1520612	0
652.15	0	.5865293	.2614425	.1520281	0
651.15	0	.5865195	.2614854	.151995	0
650.15	0	.5865095	.2615286	.151962	0
649.15	0	.5864992	.2615719	.1519288	0
648.15	0	.5864887	.2616156	.1518957	0
647.15	0	.586478	.2616595	.1518625	0
646.15	0	.586467	.2617037	.1518293	0
645.15	0	.5864558	.2617481	.1517961	0
644.15	0	.5864443	.2617928	.1517629	0
643.15	0	.5864327	.2618377	.1517296	0
642.15	0	.5864208	.2618829	.1516964	0
641.15	0	.5864087	.2619283	.1516631	0
640.15	0	.5863964	.2619739	.1516297	0
639.15	0	.5863838	.2620198	.1515964	0
638.15	0	.5863711	.2620659	.151563	0
637.15	0	.5863581	.2621122	.1515297	0
636.15	0	.5863449	.2621588	.1514963	0
635.15	0	.5863316	.2622056	.1514629	0
634.15	0	.586318	.2622526	.1514294	0
633.15	0	.5863042	.2622998	.151396	0
632.15	0	.5862902	.2623473	.1513625	0
631.15	0	.586276	.2623949	.1513291	0
630.15	0	.5862616	.2624428	.1512956	0
629.15	0	.5862471	.2624908	.1512621	0
628.15	0	.5862323	.2625391	.1512286	0
627.15	0	.5862173	.2625876	.1511951	0
626.15	0	.5862022	.2626363	.1511616	0
625.15	0	.5861869	.2626851	.151128	0
624.15	0	.5861714	.2627342	.1510945	0
623.15	0	.5861557	.2627834	.1510609	0
622.15	0	.5861398	.2628328	.1510273	0
621.15	0	.5861238	.2628824	.1509938	0
620.15	0	.5861076	.2629322	.1509602	0
619.15	0	.5860912	.2629822	.1509266	0
618.15	0	.5860746	.2630324	.150893	0
617.15	0	.5860579	.2630827	.1508594	0
616.15	0	.586041	.2631332	.1508258	0
615.15	0	.586024	.2631838	.1507922	0
614.15	0	.5860068	.2632346	.1507586	0
613.15	0	.5859894	.2632856	.150725	0
612.15	0	.5859719	.2633367	.1506914	0
611.15	0	.5859542	.263388	.1506578	0
610.15	0	.5859364	.2634395	.1506242	0
609.15	0	.5859184	.2634911	.1505905	0
608.15	0	.5859003	.2635428	.1505569	0
607.15	0	.585882	.2635947	.1505233	0
606.15	0	.5858636	.2636467	.1504897	0
605.15	0	.585845	.2636989	.1504561	0
604.15	0	.5858263	.2637512	.1504225	0
603.15	0	.5858075	.2638036	.1503889	0
602.15	0	.5857885	.2638562	.1503553	0
601.15	0	.5857694	.2639089	.1503218	0
600.15	0	.5857501	.2639617	.1502882	0
599.15	0	.5857308	.2640146	.1502546	0
598.15	0	.5857113	.2640677	.150221	0
597.15	0	.5856916	.2641209	.1501875	0
596.15	0	.5856719	.2641742	.150154	0
595.15	0	.585652	.2642276	.1501204	0
594.15	0	.585632	.2642811	.1500869	0
593.15	0	.5856119	.2643347	.1500534	0
592.15	0	.5855916	.2643884	.1500199	0
591.15	0	.5855713	.2644423	.1499864	0
590.15	0	.5855508	.2644962	.149953	0
589.15	0	.5855303	.2645503	.1499195	0
588.15	0	.5855096	.2646044	.1498861	0
587.15	0	.5854888	.2646586	.1498526	0
586.15	0	.5854679	.2647129	.1498192	0
585.15	0	.5854469	.2647673	.1497858	0
584.15	0	.5854258	.2648218	.1497525	0
583.15	0	.5854046	.2648763	.1497191	0
582.15	0	.5853833	.264931	.1496858	0
581.15	0	.5853618	.2649857	.1496525	0
580.15	0	.5853403	.2650405	.1496192	0
579.15	0	.5853187	.2650954	.1495859	0
578.15	0	.5852971	.2651503	.1495526	0
577.15	0	.5852753	.2652053	.1495194	0
576.15	0	.5852534	.2652604	.1494862	0
575.15	0	.5852315	.2653155	.149453	0
574.15	0	.5852094	.2653707	.1494199	0
573.15	0	.5851873	.2654259	.1493867	0
572.15	0	.5851651	.2654813	.1493536	0
571.15	0	.5851428	.2655366	.1493206	0
570.15	0	.5851205	.265592	.1492875	0
569.15	0	.585098	.2656475	.1492545	0
568.15	0	.5850755	.265703	.1492215	0
567.15	0	.5850529	.2657586	.1491885	0
566.15	0	.5850302	.2658142	.1491556	0
565.15	0	.5850075	.2658698	.1491227	0
564.15	0	.5849847	.2659255	.1490898	0
563.15	0	.5849618	.2659812	.149057	0
562.15	0	.5849389	.2660369	.1490242	0
561.15	0	.5849159	.2660927	.1489914	0
560.15	0	.5848928	.2661485	.1489587	0
559.15	0	.5848697	.2662043	.148926	0
558.15	0	.5848465	.2662602	.1488933	0
557.15	0	.5848233	.266316	.1488607	0
556.15	0	.5847999	.2663719	.1488281	0
555.15	0	.5847766	.2664278	.1487956	0
554.15	0	.5847532	.2664838	.1487631	0
553.15	0	.5847297	.2665397	.1487306	0
552.15	0	.5847062	.2665957	.1486982	0
551.15	0	.5846826	.2666516	.1486658	0
550.15	0	.584659	.2667076	.1486334	0
549.15	0	.5846353	.2667636	.1486011	0
548.15	0	.5846116	.2668196	.1485688	0
547.15	0	.5845879	.2668755	.1485366	0
546.15	0	.5845641	.2669315	.1485044	0
545.15	0	.5845402	.2669875	.1484723	0
544.15	0	.5845163	.2670435	.1484402	0
543.15	0	.5844924	.2670994	.1484082	0
542.15	0	.5844685	.2671554	.1483762	0
541.15	0	.5844445	.2672113	.1483442	0
540.15	0	.5844204	.2672672	.1483123	0
539.15	0	.5843964	.2673232	.1482805	0
538.15	0	.5843723	.2673791	.1482487	0
537.15	0	.5843481	.2674349	.1482169	0
536.15	0	.584324	.2674908	.1481852	0
535.15	0	.5842998	.2675466	.1481536	0
534.15	0	.5842756	.2676024	.148122	0
533.15	0	.5842513	.2676582	.1480905	0
532.15	0	.5842271	.267714	.148059	0
531.15	0	.5842028	.2677697	.1480275	0
530.15	0	.5841785	.2678254	.1479962	0
529.15	0	.5841542	.267881	.1479648	0
528.15	0	.5841298	.2679366	.1479336	0
527.15	0	.5841054	.2679922	.1479024	0
526.15	0	.584081	.2680477	.1478712	0
525.15	0	.5840566	.2681032	.1478401	0
524.15	0	.5840322	.2681587	.1478091	0
523.15	0	.5840078	.2682141	.1477781	0
522.15	0	.5839833	.2682695	.1477472	0
521.15	0	.5839589	.2683248	.1477163	0
520.15	0	.5839344	.26838	.1476856	0
519.15	0	.58391	.2684352	.1476548	0
518.15	0	.5838855	.2684904	.1476242	0
517.15	0	.583861	.2685455	.1475936	0
516.15	0	.5838365	.2686005	.147563	0
515.15	0	.583812	.2686555	.1475325	0
514.15	0	.5837875	.2687104	.1475021	0
513.15	0	.583763	.2687653	.1474718	0
512.15	0	.5837385	.26882	.1474415	0
511.15	0	.5837139	.2688748	.1474113	0
510.15	0	.5836894	.2689294	.1473812	0
509.15	0	.5836649	.268984	.1473511	0
508.15	0	.5836404	.2690385	.1473211	0
507.15	0	.5836159	.2690929	.1472912	0
506.15	0	.5835914	.2691473	.1472613	0
505.15	0	.5835669	.2692016	.1472315	0
504.15	0	.5835424	.2692558	.1472018	0
503.15	0	.583518	.2693099	.1471721	0
502.15	0	.5834936	.2693639	.1471424	0
501.15	0	.5834692	.2694179	.1471129	0
500.15	0	.5834447	.2694718	.1470835	0
499.15	0	.5834203	.2695256	.1470541	0
498.15	0	.5833959	.2695792	.1470249	0
497.15	0	.5833715	.2696329	.1469957	0
496.15	0	.5833471	.2696864	.1469665	0
495.15	0	.5833227	.2697398	.1469375	0
494.15	0	.5832984	.2697931	.1469085	0
493.15	0	.583274	.2698464	.1468796	0
492.15	0	.5832497	.2698995	.1468508	0
491.15	0	.5832254	.2699525	.1468221	0
490.15	0	.5832011	.2700055	.1467934	0
489.15	0	.5831768	.2700583	.1467648	0
488.15	0	.5831526	.270111	.1467364	0
487.15	0	.5831284	.2701637	.1467079	0
486.15	0	.5831042	.2702162	.1466796	0
485.15	0	.58308	.2702686	.1466514	0
484.15	0	.5830559	.2703209	.1466232	0
483.15	0	.5830318	.2703731	.1465951	0
482.15	0	.5830077	.2704252	.1465672	0
481.15	0	.5829836	.2704771	.1465392	0
480.15	0	.5829596	.270529	.1465114	0
479.15	0	.5829356	.2705807	.1464837	0
478.15	0	.5829116	.2706323	.1464561	0
477.15	0	.5828877	.2706838	.1464285	0
476.15	0	.5828638	.2707352	.146401	0
475.15	0	.5828399	.2707865	.1463736	0
474.15	0	.5828161	.2708376	.1463464	0
473.15	0	.5827922	.2708886	.1463192	0
472.15	0	.5827685	.2709395	.1462921	0
471.15	0	.5827447	.2709902	.146265	0
470.15	0	.582721	.2710409	.1462381	0
469.15	0	.5826974	.2710914	.1462113	0
468.15	0	.5826737	.2711417	.1461845	0
467.15	0	.5826502	.271192	.1461579	0
466.15	0	.5826266	.2712421	.1461313	0
465.15	0	.5826031	.271292	.1461049	0
464.15	0	.5825797	.2713418	.1460785	0
463.15	0	.5825562	.2713915	.1460522	0
462.15	0	.5825329	.2714411	.146026	0
461.15	0	.5825095	.2714905	.146	0
460.15	0	.5824862	.2715398	.145974	0
459.15	0	.582463	.2715889	.1459481	0
458.15	0	.5824398	.2716379	.1459223	0
457.15	0	.5824167	.2716867	.1458966	0
456.15	0	.5823936	.2717354	.1458711	0
455.15	0	.5823705	.2717839	.1458456	0
454.15	0	.5823475	.2718323	.1458202	0
453.15	0	.5823245	.2718806	.1457949	0
452.15	0	.5823016	.2719287	.1457697	0
451.15	0	.5822788	.2719766	.1457446	0
450.15	0	.5822559	.2720244	.1457196	0
449.15	0	.5822332	.272072	.1456948	0
448.15	0	.5822106	.2721194	.14567	0
447.15	0	.582188	.2721667	.1456454	0
446.15	0	.5821654	.2722138	.1456208	0
445.15	0	.5821429	.2722607	.1455964	0
444.15	0	.5821205	.2723074	.145572	0
443.15	0	.5820982	.272354	.1455478	0
442.15	0	.5820759	.2724004	.1455237	0
441.15	0	.5820537	.2724465	.1454998	0
440.15	0	.5820316	.2724925	.1454759	0
439.15	0	.5820096	.2725382	.1454521	0
438.15	0	.5819877	.2725838	.1454285	0
437.15	0	.5819659	.2726291	.145405	0
436.15	0	.5819441	.2726743	.1453816	0
435.1999	0	.5819235	.2727169	.1453595	0
435.1999	0	.5819235	.2727169	.1453595	0
435.1999	0	.5819235	.2727169	.1453595	0
435.15	0	.5819349	.2726902	.1453445	3.032421E-05
434.15	0	.5821631	.2721549	.145045	6.369784E-04
433.15	0	.5823905	.2716208	.1447461	.001242588
432.15	0	.5826173	.2710877	.1444479	.001847162
431.15	0	.5828435	.2705556	.1441503	.00245071
430.15	0	.5830689	.2700245	.1438533	.003053244
429.15	0	.5832938	.2694945	.1435569	.003654771
428.15	0	.583518	.2689655	.1432612	.004255301
427.15	0	.5837416	.2684374	.1429662	.004854844
426.15	0	.5839646	.2679103	.1426717	.005453409
425.15	0	.584187	.2673841	.1423779	.006051005
424.15	0	.5844089	.2668588	.1420847	.006647641
423.15	0	.5846302	.2663345	.141792	.007243325
422.15	0	.5848509	.265811	.1415001	.007838067
421.15	0	.585071	.2652884	.1412087	.008431876
420.15	0	.5852907	.2647667	.1409179	.009024759
419.15	0	.5855098	.2642458	.1406277	.009616725
418.15	0	.5857284	.2637258	.1403381	.01020778
417.15	0	.5859465	.2632065	.1400491	.01079794
416.15	0	.586164	.2626881	.1397607	.01138721
415.15	0	.5863811	.2621704	.1394729	.01197559
414.15	0	.5865978	.2616535	.1391857	.01256309
413.15	0	.5868139	.2611374	.138899	.01314973
412.15	0	.5870296	.260622	.1386129	.0137355
411.15	0	.5872448	.2601073	.1383274	.01432043
410.15	0	.5874596	.2595934	.1380425	.01490451
409.15	0	.5876739	.2590801	.1377582	.01548775
408.15	0	.5878879	.2585676	.1374744	.01607016
407.15	0	.5881014	.2580557	.1371912	.01665174
406.15	0	.5883145	.2575446	.1369085	.01723251
