T	 BPW(LIQUID)	BPW(BCC_A2)	BPW(FCC_A1)	BPW(LAVES_PHASE_C14)	BPW(NI3TI)
1473.15	.2785081	.7196114	0	.001880463	0
1472.15	.2718084	.7240259	0	.00416572	0
1471.15	.2652396	.7283475	0	.006412948	0
1470.15	.2587981	.7325787	0	.008623252	0
1469.15	.2524803	.736722	0	.0107977	0
1468.15	.2462829	.7407798	0	.01293731	0
1467.15	.2402024	.7447545	0	.01504307	0
1466.15	.2342358	.7486482	0	.01711594	0
1465.15	.22838	.7524632	0	.01915683	0
1464.15	.2226319	.7562015	0	.02116664	0
1463.15	.2169887	.7598651	0	.02314621	0
1462.15	.2114476	.763456	0	.02509638	0
1461.15	.206006	.7669761	0	.02701793	0
1460.15	.2006612	.7704272	0	.02891165	0
1459.15	.1954107	.773811	0	.03077828	0
1458.15	.1902522	.7771293	0	.03261852	0
1457.15	.1851832	.7803837	0	.03443309	0
1456.15	.1802016	.7835758	0	.03622265	0
1455.15	.175305	.7867072	0	.03798784	0
1454.15	.1704914	.7897793	0	.0397293	0
1453.15	.1657588	.7927936	0	.04144764	0
1452.15	.161105	.7957515	0	.04314344	0
1451.15	.1565283	.7986544	0	.04481727	0
1450.15	.1520267	.8015036	0	.04646969	0
1449.15	.1475984	.8043004	0	.04810122	0
1448.15	.1432416	.807046	0	.04971238	0
1447.15	.1389547	.8097416	0	.05130367	0
1446.15	.134736	.8123884	0	.05287559	0
1445.15	.1305839	.8149876	0	.05442858	0
1444.15	.1264968	.8175401	0	.05596312	0
1443.15	.1224732	.8200472	0	.05747965	0
1442.15	.1185117	.8225097	0	.05897858	0
1441.15	.1146108	.8249289	0	.06046034	0
1440.15	.1107692	.8273055	0	.06192533	0
1439.15	.1069855	.8296406	0	.06337393	0
1438.15	.1032584	.831935	0	.06480653	0
1437.15	.09958669	.8341898	0	.0662235	0
1436.15	.09596909	.8364057	0	.06762519	0
1435.15	.09240441	.8385836	0	.06901195	0
1434.15	.08889149	.8407244	0	.07038412	0
1433.15	.08542921	.8428288	0	.07174201	0
1432.15	.08201648	.8448976	0	.07308596	0
1431.15	.07865221	.8469315	0	.07441626	0
1430.15	.07533539	.8489314	0	.07573323	0
1429.15	.07206499	.8508979	0	.07703714	0
1428.15	.06884003	.8528317	0	.07832828	0
1427.15	.06565956	.8547335	0	.07960693	0
1426.15	.06252265	.856604	0	.08087336	0
1425.15	.05942839	.8584438	0	.08212782	0
1424.15	.0563759	.8602535	0	.08337057	0
1423.15	.05336433	.8620338	0	.08460186	0
1422.15	.05039283	.8637852	0	.08582192	0
1421.15	.0474606	.8655084	0	.08703098	0
1420.15	.04456683	.8672039	0	.08822929	0
1419.15	.04171076	.8688722	0	.08941704	0
1418.15	.03889163	.8705139	0	.09059447	0
1417.15	.03610872	.8721295	0	.09176178	0
1416.15	.03336129	.8737195	0	.09291918	0
1415.15	.03064867	.8752845	0	.09406686	0
1414.15	.02797016	.8768248	0	.09520501	0
1413.15	.0253251	.8783411	0	.09633383	0
1412.15	.02271285	.8798337	0	.09745349	0
1411.15	.02013278	.881303	0	.09856419	0
1410.15	.01758427	.8827497	0	.09966608	0
1409.15	.01506671	.8841739	0	.1007594	0
1408.15	.01257953	.8855763	0	.1018442	0
1407.15	.01012216	.8869572	0	.1029207	0
1406.15	.007694027	.8883169	0	.103989	0
1405.15	.005294595	.889656	0	.1050494	0
1404.15	.002923331	.8909747	0	.1061019	0
1403.15	5.797154E-04	.8922735	0	.1071468	0
1402.901	0	.8925941	0	.1074059	0
1402.901	0	.8925941	0	.1074059	0
1402.15	0	.8920656	0	.1079344	0
1401.15	0	.8913631	0	.1086369	0
1400.15	0	.8906623	0	.1093377	0
1399.15	0	.8899632	0	.1100368	0
1398.15	0	.8892656	0	.1107344	0
1397.15	0	.8885697	0	.1114303	0
1396.15	0	.8878754	0	.1121246	0
1395.15	0	.8871827	0	.1128173	0
1394.15	0	.8864916	0	.1135084	0
1393.15	0	.8858021	0	.1141979	0
1392.15	0	.8851142	0	.1148858	0
1391.15	0	.8844279	0	.1155721	0
1390.15	0	.8837431	0	.1162569	0
1389.15	0	.88306	0	.11694	0
1388.15	0	.8823784	0	.1176216	0
1387.15	0	.8816983	0	.1183017	0
1386.15	0	.8810199	0	.1189801	0
1385.15	0	.8803429	0	.1196571	0
1384.15	0	.8796676	0	.1203324	0
1383.15	0	.8789938	0	.1210063	0
1382.15	0	.8783215	0	.1216785	0
1381.15	0	.8776507	0	.1223493	0
1380.15	0	.8769815	0	.1230185	0
1379.15	0	.8763138	0	.1236862	0
1378.15	0	.8756476	0	.1243524	0
1377.15	0	.8749829	0	.1250171	0
1376.15	0	.8743198	0	.1256802	0
1375.15	0	.8736581	0	.1263419	0
1374.15	0	.8729979	0	.1270021	0
1373.15	0	.8723393	0	.1276607	0
1372.15	0	.8716821	0	.1283179	0
1371.15	0	.8710264	0	.1289736	0
1370.15	0	.8703721	0	.1296279	0
1369.15	0	.8697194	0	.1302806	0
1368.15	0	.8690681	0	.1309319	0
1367.15	0	.8684183	0	.1315817	0
1366.15	0	.8677699	0	.1322301	0
1365.15	0	.867123	0	.132877	0
1364.15	0	.8664775	0	.1335225	0
1363.15	0	.8658335	0	.1341665	0
1362.15	0	.8651909	0	.1348091	0
1361.15	0	.8645498	0	.1354502	0
1360.15	0	.8639101	0	.1360899	0
1359.15	0	.8632718	0	.1367282	0
1358.15	0	.8626349	0	.1373651	0
1357.15	0	.8619994	0	.1380006	0
1356.15	0	.8613654	0	.1386346	0
1355.15	0	.8607328	0	.1392672	0
1354.15	0	.8601015	0	.1398985	0
1353.15	0	.8594717	0	.1405283	0
1352.15	0	.8588432	0	.1411568	0
1351.15	0	.8582162	0	.1417838	0
1350.15	0	.8575905	0	.1424095	0
1349.15	0	.8569662	0	.1430338	0
1348.15	0	.8563433	0	.1436567	0
1347.15	0	.8557217	0	.1442783	0
1346.15	0	.8551015	0	.1448985	0
1345.15	0	.8544827	0	.1455173	0
1344.15	0	.8538652	0	.1461348	0
1343.15	0	.8532491	0	.1467509	0
1342.15	0	.8526343	0	.1473657	0
1341.15	0	.8520209	0	.1479791	0
1340.15	0	.8514088	0	.1485912	0
1339.15	0	.850798	0	.149202	0
1338.15	0	.8501886	0	.1498114	0
1337.15	0	.8495805	0	.1504195	0
1336.15	0	.8489737	0	.1510263	0
1335.15	0	.8483683	0	.1516317	0
1334.15	0	.8477641	0	.1522359	0
1333.15	0	.8471613	0	.1528387	0
1332.15	0	.8465597	0	.1534403	0
1331.15	0	.8459595	0	.1540405	0
1330.15	0	.8453606	0	.1546394	0
1329.15	0	.844763	0	.155237	0
1328.15	0	.8441666	0	.1558334	0
1327.15	0	.8435715	0	.1564285	0
1326.15	0	.8429778	0	.1570222	0
1325.15	0	.8423853	0	.1576147	0
1324.15	0	.841794	0	.158206	0
1323.15	0	.8412041	0	.1587959	0
1322.15	0	.8406154	0	.1593846	0
1321.15	0	.8400279	0	.1599721	0
1320.15	0	.8394417	0	.1605583	0
1319.15	0	.8388568	0	.1611432	0
1318.15	0	.8382731	0	.1617269	0
1317.15	0	.8376907	0	.1623093	0
1316.15	0	.8371095	0	.1628905	0
1315.15	0	.8365296	0	.1634704	0
1314.15	0	.8359508	0	.1640492	0
1313.15	0	.8353734	0	.1646266	0
1312.15	0	.8347971	0	.1652029	0
1311.15	0	.834222	0	.165778	0
1310.15	0	.8336482	0	.1663518	0
1309.15	0	.8330756	0	.1669244	0
1308.15	0	.8325042	0	.1674958	0
1307.15	0	.831934	0	.168066	0
1306.15	0	.831365	0	.168635	0
1305.15	0	.8307973	0	.1692027	0
1304.15	0	.8302307	0	.1697693	0
1303.15	0	.8296653	0	.1703347	0
1302.15	0	.8291011	0	.1708989	0
1301.15	0	.8285381	0	.171462	0
1300.15	0	.8279762	0	.1720238	0
1299.15	0	.8274155	0	.1725845	0
1298.15	0	.8268561	0	.1731439	0
1297.15	0	.8262978	0	.1737023	0
1296.15	0	.8257406	0	.1742594	0
1295.15	0	.8251846	0	.1748154	0
1294.15	0	.8246298	0	.1753702	0
1293.15	0	.8240761	0	.1759239	0
1292.15	0	.8235236	0	.1764764	0
1291.15	0	.8229723	0	.1770277	0
1290.15	0	.822422	0	.177578	0
1289.15	0	.821873	0	.178127	0
1288.15	0	.821325	0	.178675	0
1287.15	0	.8207783	0	.1792218	0
1286.15	0	.8202326	0	.1797674	0
1285.15	0	.8196881	0	.1803119	0
1284.15	0	.8191447	0	.1808553	0
1283.15	0	.8186024	0	.1813976	0
1282.15	0	.8180612	0	.1819388	0
1281.15	0	.8175212	0	.1824788	0
1280.15	0	.8169822	0	.1830178	0
1279.15	0	.8164444	0	.1835556	0
1278.15	0	.8159077	0	.1840923	0
1277.15	0	.8153721	0	.1846279	0
1276.15	0	.8148376	0	.1851624	0
1275.15	0	.8143042	0	.1856958	0
1274.15	0	.8137718	0	.1862282	0
1273.15	0	.8132406	0	.1867594	0
1272.15	0	.8127105	0	.1872895	0
1271.15	0	.8121814	0	.1878186	0
1270.15	0	.8116534	0	.1883466	0
1269.15	0	.8111265	0	.1888735	0
1268.15	0	.8106007	0	.1893993	0
1267.15	0	.8100759	0	.1899241	0
1266.15	0	.8095523	0	.1904477	0
1265.15	0	.8090296	0	.1909704	0
1264.15	0	.8085081	0	.1914919	0
1263.15	0	.8079876	0	.1920124	0
1262.15	0	.8074681	0	.1925319	0
1261.15	0	.8069498	0	.1930503	0
1260.15	0	.8064324	0	.1935676	0
1259.15	0	.8059161	0	.1940839	0
1258.15	0	.8054009	0	.1945991	0
1257.15	0	.8048867	0	.1951133	0
1256.15	0	.8043735	0	.1956265	0
1255.15	0	.8038614	0	.1961386	0
1254.15	0	.8033503	0	.1966497	0
1253.15	0	.8028402	0	.1971598	0
1252.15	0	.8023312	0	.1976688	0
1251.15	0	.8018231	0	.1981769	0
1250.15	0	.8013161	0	.1986839	0
1249.15	0	.8008102	0	.1991898	0
1248.15	0	.8003052	0	.1996948	0
1247.15	0	.7998012	0	.2001988	0
1246.15	0	.7992983	0	.2007017	0
1245.15	0	.7987964	0	.2012036	0
1244.15	0	.7982954	0	.2017046	0
1243.15	0	.7977955	0	.2022045	0
1242.15	0	.7972965	0	.2027035	0
1241.15	0	.7967986	0	.2032014	0
1240.15	0	.7963017	0	.2036983	0
1239.15	0	.7958057	0	.2041943	0
1238.15	0	.7953107	0	.2046893	0
1237.15	0	.7948168	0	.2051833	0
1236.15	0	.7943238	0	.2056763	0
1235.15	0	.7938317	0	.2061683	0
1234.15	0	.7933407	0	.2066593	0
1233.15	0	.7928506	0	.2071494	0
1232.15	0	.7923615	0	.2076385	0
1231.15	0	.7918734	0	.2081266	0
1230.15	0	.7913862	0	.2086138	0
1229.15	0	.7909	0	.2091	0
1228.15	0	.7904147	0	.2095853	0
1227.15	0	.7899304	0	.2100696	0
1226.15	0	.7894471	0	.2105529	0
1225.15	0	.7889647	0	.2110353	0
1224.15	0	.7884833	0	.2115167	0
1223.15	0	.7880028	0	.2119972	0
1222.15	0	.7875233	0	.2124767	0
1221.15	0	.7870447	0	.2129553	0
1220.15	0	.786567	0	.213433	0
1219.15	0	.7860903	0	.2139097	0
1218.15	0	.7856145	0	.2143855	0
1217.15	0	.7851397	0	.2148603	0
1216.15	0	.7846657	0	.2153343	0
1215.15	0	.7841927	0	.2158073	0
1214.15	0	.7837207	0	.2162793	0
1213.15	0	.7832495	0	.2167505	0
1212.15	0	.7827793	0	.2172207	0
1211.15	0	.78231	0	.21769	0
1210.15	0	.7818416	0	.2181584	0
1209.15	0	.7813741	0	.2186259	0
1208.15	0	.7809075	0	.2190925	0
1207.15	0	.7804418	0	.2195582	0
1206.15	0	.7799771	0	.2200229	0
1205.15	0	.7795132	0	.2204868	0
1204.15	0	.7790503	0	.2209497	0
1203.15	0	.7785882	0	.2214118	0
1202.15	0	.7781271	0	.2218729	0
1201.15	0	.7776668	0	.2223332	0
1200.15	0	.7772074	0	.2227926	0
1199.15	0	.7767489	0	.2232511	0
1198.15	0	.7762913	0	.2237087	0
1197.15	0	.7758346	0	.2241654	0
1196.15	0	.7753788	0	.2246212	0
1195.15	0	.7749238	0	.2250762	0
1194.15	0	.7744697	0	.2255303	0
1193.15	0	.7740165	0	.2259835	0
1192.15	0	.7735642	0	.2264358	0
1191.15	0	.7731127	0	.2268873	0
1190.15	0	.7726621	0	.2273379	0
1189.15	0	.7722124	0	.2277876	0
1188.15	0	.7717636	0	.2282364	0
1187.15	0	.7713156	0	.2286844	0
1186.15	0	.7708684	0	.2291316	0
1185.15	0	.7704221	0	.2295779	0
1184.15	0	.7699767	0	.2300233	0
1183.15	0	.7695322	0	.2304679	0
1182.15	0	.7690884	0	.2309116	0
1181.15	0	.7686456	0	.2313544	0
1180.15	0	.7682035	0	.2317965	0
1179.15	0	.7677624	0	.2322376	0
1178.15	0	.767322	0	.232678	0
1177.15	0	.7668825	0	.2331175	0
1176.15	0	.7664439	0	.2335561	0
1175.15	0	.7660061	0	.233994	0
1174.15	0	.7655691	0	.2344309	0
1173.15	0	.7651329	0	.2348671	0
1172.15	0	.7646976	0	.2353024	0
1171.15	0	.7642631	0	.2357369	0
1170.15	0	.7638294	0	.2361706	0
1169.15	0	.7633966	0	.2366034	0
1168.15	0	.7629646	0	.2370354	0
1167.15	0	.7625334	0	.2374666	0
1166.15	0	.762103	0	.237897	0
1165.15	0	.7616734	0	.2383266	0
1164.15	0	.7612447	0	.2387553	0
1163.15	0	.7608167	0	.2391833	0
1162.15	0	.7603896	0	.2396104	0
1161.15	0	.7599633	0	.2400367	0
1160.15	0	.7595378	0	.2404622	0
1159.15	0	.7591131	0	.2408869	0
1158.15	0	.7586891	0	.2413109	0
1157.15	0	.758266	0	.241734	0
1156.15	0	.7578437	0	.2421563	0
1155.15	0	.7574222	0	.2425778	0
1154.15	0	.7570015	0	.2429985	0
1153.15	0	.7565816	0	.2434184	0
1152.15	0	.7561624	0	.2438376	0
1151.15	0	.7557441	0	.2442559	0
1150.15	0	.7553265	0	.2446735	0
1149.15	0	.7549098	0	.2450902	0
1148.15	0	.7544938	0	.2455062	0
1147.15	0	.7540786	0	.2459214	0
1146.15	0	.7536641	0	.2463359	0
1145.15	0	.7532505	0	.2467495	0
1144.15	0	.7528376	0	.2471624	0
1143.15	0	.7524255	0	.2475745	0
1142.15	0	.7520142	0	.2479858	0
1141.15	0	.7516037	0	.2483963	0
1140.15	0	.7511939	0	.2488061	0
1139.15	0	.7507849	0	.2492151	0
1138.15	0	.7503766	0	.2496234	0
1137.15	0	.7499691	0	.2500309	0
1136.15	0	.7495624	0	.2504376	0
1135.15	0	.7491564	0	.2508436	0
1134.15	0	.7487512	0	.2512488	0
1133.15	0	.7483468	0	.2516532	0
1132.15	0	.7479431	0	.2520569	0
1131.15	0	.7475402	0	.2524598	0
1130.15	0	.747138	0	.252862	0
1129.15	0	.7467365	0	.2532635	0
1128.15	0	.7463358	0	.2536642	0
1127.15	0	.7459359	0	.2540641	0
1126.15	0	.7455367	0	.2544633	0
1125.15	0	.7451382	0	.2548618	0
1124.15	0	.7447405	0	.2552595	0
1123.15	0	.7443435	0	.2556564	0
1122.15	0	.7439473	0	.2560527	0
1121.15	0	.7435518	0	.2564482	0
1120.15	0	.7431571	0	.2568429	0
1119.15	0	.742763	0	.257237	0
1118.15	0	.7423697	0	.2576303	0
1117.15	0	.7419772	0	.2580228	0
1116.15	0	.7415853	0	.2584147	0
1115.15	0	.7411942	0	.2588058	0
1114.15	0	.7408038	0	.2591962	0
1113.15	0	.7404142	0	.2595858	0
1112.15	0	.7400252	0	.2599748	0
1111.15	0	.739637	0	.260363	0
1110.15	0	.7392495	0	.2607505	0
1109.15	0	.7388627	0	.2611373	0
1108.15	0	.7384766	0	.2615234	0
1107.15	0	.7380913	0	.2619087	0
1106.15	0	.7377067	0	.2622934	0
1105.15	0	.7373227	0	.2626773	0
1104.15	0	.7369395	0	.2630605	0
1103.15	0	.736557	0	.263443	0
1102.15	0	.7361752	0	.2638248	0
1101.15	0	.7357941	0	.2642059	0
1100.15	0	.7354137	0	.2645863	0
1099.15	0	.735034	0	.264966	0
1098.15	0	.734655	0	.265345	0
1097.15	0	.7342767	0	.2657233	0
1096.15	0	.7338991	0	.2661009	0
1095.15	0	.7335222	0	.2664778	0
1094.15	0	.733146	0	.266854	0
1093.15	0	.7327705	0	.2672295	0
1092.15	0	.7323957	0	.2676043	0
1091.15	0	.7320216	0	.2679784	0
1090.15	0	.7316481	0	.2683519	0
1089.15	0	.7312754	0	.2687246	0
1088.15	0	.7309033	0	.2690967	0
1087.15	0	.7305319	0	.2694681	0
1086.15	0	.7301612	0	.2698388	0
1085.15	0	.7297912	0	.2702088	0
1084.15	0	.7294219	0	.2705781	0
1083.15	0	.7290533	0	.2709468	0
1082.15	0	.7286853	0	.2713147	0
1081.15	0	.728318	0	.271682	0
1080.15	0	.7279514	0	.2720486	0
1079.15	0	.7275854	0	.2724146	0
1078.15	0	.7272201	0	.2727799	0
1077.15	0	.7268555	0	.2731445	0
1076.15	0	.7264916	0	.2735084	0
1075.15	0	.7261284	0	.2738716	0
1074.15	0	.7257657	0	.2742343	0
1073.15	0	.7254038	0	.2745962	0
1072.15	0	.7250426	0	.2749574	0
1071.15	0	.724682	0	.275318	0
1070.15	0	.724322	0	.275678	0
1069.15	0	.7239627	0	.2760373	0
1068.15	0	.7236041	0	.2763959	0
1067.15	0	.7232462	0	.2767538	0
1066.15	0	.7228889	0	.2771111	0
1065.15	0	.7225322	0	.2774678	0
1064.15	0	.7221762	0	.2778238	0
1063.15	0	.7218209	0	.2781791	0
1062.15	0	.7214662	0	.2785338	0
1061.15	0	.7211122	0	.2788878	0
1060.15	0	.7207588	0	.2792412	0
1059.15	0	.7204061	0	.279594	0
1058.15	0	.720054	0	.279946	0
1057.15	0	.7197025	0	.2802975	0
1056.15	0	.7193517	0	.2806483	0
1055.15	0	.7190016	0	.2809984	0
1054.15	0	.7186521	0	.2813479	0
1053.15	0	.7183032	0	.2816968	0
1052.15	0	.717955	0	.282045	0
1051.15	0	.7176074	0	.2823926	0
1050.15	0	.7172604	0	.2827396	0
1049.15	0	.7169141	0	.2830859	0
1048.15	0	.7165684	0	.2834316	0
1047.15	0	.7162234	0	.2837766	0
1046.15	0	.715879	0	.284121	0
1045.15	0	.7155352	0	.2844648	0
1044.15	0	.715192	0	.284808	0
1043.15	0	.7148495	0	.2851505	0
1042.15	0	.7145076	0	.2854924	0
1041.15	0	.7141664	0	.2858336	0
1040.15	0	.7138257	0	.2861743	0
1039.15	0	.7134857	0	.2865143	0
1038.15	0	.7131463	0	.2868537	0
1037.15	0	.7128076	0	.2871924	0
1036.15	0	.7124694	0	.2875306	0
1035.15	0	.7121319	0	.2878681	0
1034.15	0	.711795	0	.288205	0
1033.15	0	.7114587	0	.2885413	0
1032.15	0	.7111231	0	.2888769	0
1031.15	0	.710788	0	.289212	0
1030.15	0	.7104536	0	.2895464	0
1029.15	0	.7101198	0	.2898802	0
1028.15	0	.7097866	0	.2902134	0
1027.15	0	.709454	0	.290546	0
1026.15	0	.709122	0	.290878	0
1025.15	0	.7087906	0	.2912094	0
1024.15	0	.7084599	0	.2915401	0
1023.15	0	.7081297	0	.2918703	0
1022.15	0	.7078002	0	.2921998	0
1021.15	0	.7074713	0	.2925287	0
1020.15	0	.707143	0	.2928571	0
1019.15	0	.7068152	0	.2931848	0
1018.15	0	.7064881	0	.2935119	0
1017.15	0	.7061616	0	.2938384	0
1016.15	0	.7058357	0	.2941643	0
1015.15	0	.7055104	0	.2944896	0
1014.15	0	.7051857	0	.2948143	0
1013.15	0	.7048615	0	.2951385	0
1012.15	0	.704538	0	.295462	0
1011.15	0	.7042151	0	.2957849	0
1010.15	0	.7038928	0	.2961072	0
1009.15	0	.7035711	0	.2964289	0
1008.15	0	.7032499	0	.2967501	0
1007.15	0	.7029294	0	.2970706	0
1006.15	0	.7026095	0	.2973905	0
1005.15	0	.7022901	0	.2977099	0
1004.15	0	.7019713	0	.2980287	0
1003.15	0	.7016532	0	.2983468	0
1002.15	0	.7013356	0	.2986644	0
1001.15	0	.7010186	0	.2989814	0
1000.15	0	.7007022	0	.2992978	0
999.15	0	.7003864	0	.2996136	0
998.15	0	.7000711	0	.2999289	0
997.15	0	.6997565	0	.3002435	0
996.15	0	.6994424	0	.3005576	0
995.15	0	.6991289	0	.3008711	0
994.15	0	.698816	0	.301184	0
993.15	0	.6985037	0	.3014963	0
992.15	0	.698192	0	.301808	0
991.15	0	.6978808	0	.3021192	0
990.15	0	.6975702	0	.3024298	0
989.15	0	.6972602	0	.3027398	0
988.15	0	.6969508	0	.3030492	0
987.15	0	.6966419	0	.3033581	0
986.15	0	.6963337	0	.3036663	0
985.15	0	.696026	0	.303974	0
984.15	0	.6957188	0	.3042812	0
983.15	0	.6954123	0	.3045877	0
982.15	0	.6951063	0	.3048937	0
981.15	0	.6948009	0	.3051991	0
980.15	0	.6944961	0	.305504	0
979.15	0	.6941918	0	.3058082	0
978.15	0	.6938881	0	.3061119	0
977.15	0	.693585	0	.306415	0
976.15	0	.6932824	0	.3067176	0
975.15	0	.6929804	0	.3070196	0
974.15	0	.692679	0	.307321	0
973.15	0	.6923781	0	.3076219	0
972.15	0	.6920778	0	.3079222	0
971.15	0	.6917781	0	.3082219	0
970.15	0	.6914789	0	.3085211	0
969.15	0	.6911803	0	.3088197	0
968.15	0	.6908823	0	.3091177	0
967.15	0	.6905848	0	.3094152	0
966.15	0	.6902879	0	.3097121	0
965.15	0	.6899915	0	.3100085	0
964.15	0	.6896957	0	.3103043	0
963.15	0	.6894005	0	.3105995	0
962.15	0	.6891058	0	.3108942	0
961.15	0	.6888117	0	.3111883	0
960.15	0	.6885181	0	.3114819	0
959.15	0	.6882251	0	.3117749	0
958.15	0	.6879326	0	.3120674	0
957.15	0	.6876407	0	.3123593	0
956.15	0	.6873494	0	.3126506	0
955.15	0	.6870586	0	.3129414	0
954.15	0	.6867683	0	.3132317	0
953.15	0	.6864787	0	.3135214	0
952.15	0	.6861895	0	.3138105	0
951.15	0	.6859009	0	.3140991	0
950.15	0	.6856129	0	.3143871	0
949.15	0	.6853254	0	.3146746	0
948.15	0	.6850385	0	.3149615	0
947.15	0	.6847521	0	.3152479	0
946.15	0	.6844662	0	.3155338	0
945.15	0	.6841809	0	.3158191	0
944.15	0	.6838962	0	.3161038	0
943.15	0	.683612	0	.316388	0
942.15	0	.6833283	0	.3166717	0
941.15	0	.6830452	0	.3169548	0
940.15	0	.6827627	0	.3172373	0
939.15	0	.6824807	0	.3175193	0
938.15	0	.6821992	0	.3178008	0
937.15	0	.6819182	0	.3180818	0
936.15	0	.6816378	0	.3183622	0
935.15	0	.681358	0	.318642	0
934.15	0	.6810787	0	.3189213	0
933.15	0	.6807999	0	.3192001	0
932.15	0	.6805217	0	.3194783	0
931.15	0	.680244	0	.319756	0
930.15	0	.6799669	0	.3200331	0
929.15	0	.6796903	0	.3203097	0
928.15	0	.6794142	0	.3205858	0
927.15	0	.6791387	0	.3208613	0
926.15	0	.6788637	0	.3211363	0
925.15	0	.6785892	0	.3214108	0
924.15	0	.6783153	0	.3216847	0
923.15	0	.6780419	0	.3219581	0
922.15	0	.6777691	0	.3222309	0
921.15	0	.6774967	0	.3225033	0
920.15	0	.677225	0	.322775	0
919.15	0	.6769537	0	.3230463	0
918.15	0	.676683	0	.323317	0
917.15	0	.6764128	0	.3235872	0
916.15	0	.6761432	0	.3238568	0
915.15	0	.6758741	0	.3241259	0
914.15	0	.6756055	0	.3243945	0
913.15	0	.6753375	0	.3246625	0
912.15	0	.6750699	0	.3249301	0
911.8456	0	.6749886	0	.3250114	0
911.8456	0	.6749886	0	.3250114	0
911.8456	0	.6749886	0	.3250114	0
911.15	0	.6744902	3.635059E-04	.3251463	0
910.15	0	.6737747	8.856737E-04	.3253397	0
909.15	0	.6730605	.001407376	.3255322	0
908.15	0	.6723475	.001928626	.3257239	0
907.15	0	.6716358	.002449436	.3259148	0
906.15	0	.6709254	.00296982	.3261048	0
905.15	0	.6702162	.003489789	.326294	0
904.15	0	.6695082	.004009358	.3264824	0
903.15	0	.6688014	.00452854	.32667	0
902.15	0	.6680959	.005047349	.3268568	0
901.15	0	.6673915	.005565799	.3270427	0
900.15	0	.6666884	.006083903	.3272278	0
899.15	0	.6659864	.006601673	.327412	0
898.15	0	.6652855	.007119129	.3275954	0
897.15	0	.6645858	.007636284	.3277779	0
896.15	0	.6638873	.008153152	.3279596	0
895.15	0	.6631898	.008669748	.3281404	0
894.15	0	.6624935	.009186087	.3283204	0
893.15	0	.6617983	.009702186	.3284995	0
892.15	0	.6611042	.01021806	.3286777	0
891.15	0	.6604112	.01073372	.3288551	0
890.15	0	.6597192	.01124919	.3290316	0
889.15	0	.6590282	.01176449	.3292073	0
888.15	0	.6583384	.01227962	.329382	0
887.15	0	.6576495	.01279461	.3295559	0
886.15	0	.6569617	.01330948	.3297288	0
885.15	0	.6562748	.01382424	.3299009	0
884.15	0	.655589	.0143389	.3300721	0
883.15	0	.6549041	.0148535	.3302424	0
882.15	0	.6542202	.01536804	.3304118	0
881.15	0	.6535372	.01588254	.3305803	0
880.15	0	.6528552	.01639703	.3307478	0
879.15	0	.652174	.01691152	.3309144	0
878.15	0	.6514938	.01742603	.3310802	0
877.15	0	.6508145	.01794058	.3312449	0
876.15	0	.650136	.0184552	.3314088	0
875.15	0	.6494584	.01896989	.3315717	0
874.15	0	.6487816	.01948469	.3317337	0
873.15	0	.6481057	.01999961	.3318947	0
872.15	0	.6474306	.02051468	.3320548	0
871.15	0	.6467562	.02102991	.3322139	0
870.15	0	.6460826	.02154533	.332372	0
869.15	0	.6454098	.02206096	.3325292	0
868.15	0	.6447378	.02257682	.3326854	0
867.15	0	.6440664	.02309294	.3328406	0
866.15	0	.6433958	.02360934	.3329949	0
865.15	0	.6427258	.02412604	.3331481	0
864.15	0	.6420566	.02464307	.3333004	0
863.15	0	.641388	.02516046	.3334516	0
862.15	0	.64072	.02567822	.3336018	0
861.15	0	.6400526	.02619638	.333751	0
860.15	0	.6393858	.02671498	.3338992	0
859.15	0	.6387196	.02723403	.3340464	0
858.15	0	.638054	.02775356	.3341925	0
857.15	0	.6373889	.02827361	.3343375	0
856.15	0	.6367242	.02879419	.3344816	0
855.15	0	.6360602	.02931534	.3346245	0
854.15	0	.6353965	.02983708	.3347664	0
853.15	0	.6347333	.03035945	.3349072	0
852.15	0	.6340706	.03088248	.3350469	0
851.15	0	.6334082	.03140619	.3351856	0
850.15	0	.6327467	.03193017	.3353231	0
849.15	0	.6320851	.03245536	.3354595	0
848.15	0	.6314238	.03298133	.3355948	0
847.15	0	.6307629	.03350812	.335729	0
846.15	0	.6301022	.03403575	.3358621	0
845.15	0	.6294417	.03456427	.335994	0
844.15	0	.6287815	.0350937	.3361248	0
843.15	0	.6281216	.03562409	.3362544	0
842.15	0	.6274617	.03615547	.3363828	0
841.15	0	.6268021	.03668788	.33651	0
840.15	0	.6261426	.03722135	.3366361	0
839.15	0	.6254831	.03775592	.336761	0
838.15	0	.6248238	.03829164	.3368846	0
837.15	0	.6241644	.03882855	.337007	0
836.15	0	.6235051	.03936669	.3371282	0
835.15	0	.6228458	.03990609	.3372481	0
834.15	0	.6221864	.04044681	.3373668	0
833.15	0	.6215269	.04098888	.3374842	0
832.15	0	.6208673	.04153236	.3376003	0
831.15	0	.6202075	.04207729	.3377152	0
830.15	0	.6195476	.04262372	.3378287	0
829.15	0	.6188874	.0431717	.3379409	0
828.15	0	.618227	.04372127	.3380518	0
827.15	0	.6175662	.04427249	.3381613	0
826.15	0	.6169052	.04482542	.3382694	0
825.15	0	.6162437	.0453801	.3383762	0
824.15	0	.6155818	.0459366	.3384816	0
823.15	0	.6149195	.04649496	.3385856	0
822.15	0	.6142566	.04705526	.3386881	0
821.15	0	.6135933	.04761754	.3387892	0
820.15	0	.6129293	.04818187	.3388889	0
819.15	0	.6122647	.04874832	.338987	0
818.15	0	.6115994	.04931695	.3390837	0
817.15	0	.6109333	.04988783	.3391788	0
816.15	0	.6102665	.05046102	.3392725	0
815.15	0	.6095989	.05103661	.3393645	0
814.15	0	.6089303	.05161465	.339455	0
813.15	0	.6082608	.05219524	.3395439	0
812.15	0	.6075904	.05277845	.3396312	0
811.15	0	.6069188	.05336435	.3397169	0
810.15	0	.6062461	.05395304	.3398008	0
809.15	0	.6055723	.0545446	.3398831	0
808.15	0	.6048972	.05513912	.3399637	0
807.15	0	.6042208	.05573669	.3400425	0
806.15	0	.603543	.05633741	.3401196	0
805.15	0	.6028637	.05694137	.3401949	0
804.15	0	.6021829	.05754868	.3402684	0
803.15	0	.6015005	.05815945	.34034	0
802.15	0	.6008165	.05877379	.3404098	0
801.15	0	.6001306	.05939181	.3404776	0
800.15	0	.5994429	.06001363	.3405435	0
799.15	0	.5987533	.06063937	.3406074	0
798.15	0	.5980616	.06126917	.3406692	0
797.15	0	.5973678	.06190315	.3407291	0
796.15	0	.5966717	.06254146	.3407868	0
795.15	0	.5959733	.06318425	.3408424	0
794.15	0	.5952725	.06383166	.3408959	0
793.15	0	.5945691	.06448385	.3409471	0
792.15	0	.593863	.06514099	.340996	0
791.15	0	.5931541	.06580325	.3410426	0
790.15	0	.5924423	.06647082	.3410869	0
789.15	0	.5917274	.06714388	.3411287	0
788.15	0	.5910092	.06782263	.3411681	0
787.15	0	.5902877	.06850729	.341205	0
786.15	0	.5895627	.06919807	.3412392	0
785.15	0	.588834	.0698952	.3412708	0
784.15	0	.5881014	.07059894	.3412997	0
783.15	0	.5873647	.07130952	.3413258	0
782.15	0	.5866238	.07202724	.341349	0
781.15	0	.5858784	.07275237	.3413693	0
780.15	0	.5851283	.07348521	.3413865	0
779.15	0	.5843733	.0742261	.3414006	0
778.15	0	.5836131	.07497536	.3414115	0
777.15	0	.5828475	.07573337	.3414191	0
776.15	0	.5820762	.0765005	.3414233	0
775.15	0	.581299	.07727718	.3414239	0
774.15	0	.5805153	.07806384	.3414208	0
773.15	0	.579725	.07886094	.341414	0
772.15	0	.5789277	.079669	.3414033	0
771.15	0	.5781229	.08048855	.3413885	0
770.15	0	.5773103	.08132017	.3413695	0
769.15	0	.5764894	.0821645	.3413461	0
768.15	0	.5756597	.08302221	.3413181	0
767.15	0	.5748207	.08389403	.3412853	0
766.15	0	.5739717	.08478076	.3412475	0
765.15	0	.5731122	.08568327	.3412045	0
764.15	0	.5722414	.0866025	.3411561	0
763.15	0	.5713587	.0875395	.3411018	0
762.15	0	.5704631	.0884954	.3410415	0
761.15	0	.5695538	.08947146	.3409748	0
760.15	0	.5686297	.09046907	.3409013	0
759.15	0	.5676897	.09148979	.3408206	0
758.15	0	.5667325	.09253535	.3407322	0
757.15	0	.5657567	.09360767	.3406357	0
756.15	0	.5647607	.09470896	.3405304	0
755.15	0	.5637426	.0958417	.3404157	0
754.15	0	.5627005	.09700873	.3402908	0
753.15	0	.5616318	.09821331	.3401549	0
752.15	0	.5605338	.09945924	.340007	0
751.15	0	.5594032	.100751	.3398459	0
750.15	0	.5582361	.1020937	.3396702	0
749.15	0	.5570279	.1034938	.3394783	0
748.15	0	.5549771	.1060043	.3390185	0
747.15	0	.5526832	.1088422	.3384746	0
746.15	0	.5505795	.1114378	.3379827	0
745.15	0	.5486341	.113832	.3375339	0
744.15	0	.5468231	.1160555	.3371214	0
743.15	0	.5451278	.1181321	.33674	0
742.15	0	.5435334	.1200811	.3363855	0
741.15	0	.5420277	.1219177	.3360546	0
740.15	0	.540601	.1236546	.3357444	0
739.15	0	.5392448	.1253025	.3354527	0
738.15	0	.5379524	.1268701	.3351775	0
737.15	0	.5367176	.1283652	.3349172	0
736.15	0	.5355355	.1297941	.3346704	0
735.15	0	.5344015	.1311626	.3344358	0
734.15	0	.5333119	.1324756	.3342125	0
733.15	0	.5322632	.1337375	.3339993	0
732.15	0	.5312524	.134952	.3337956	0
731.15	0	.5302769	.1361225	.3336006	0
730.15	0	.5293341	.1372521	.3334137	0
729.15	0	.5284221	.1383436	.3332343	0
728.15	0	.5275389	.1393994	.3330617	0
727.15	0	.5266826	.1404217	.3328957	0
726.15	0	.5258518	.1414124	.3327358	0
725.15	0	.525045	.1423736	.3325814	0
724.15	0	.5242608	.1433068	.3324324	0
723.15	0	.523498	.1442136	.3322884	0
722.15	0	.5227555	.1450954	.3321491	0
721.15	0	.5220324	.1459534	.3320143	0
720.15	0	.5213275	.146789	.3318835	0
719.15	0	.5206401	.1476031	.3317568	0
718.15	0	.5199694	.1483969	.3316337	0
717.15	0	.5193145	.1491713	.3315142	0
716.15	0	.5186748	.1499271	.3313981	0
715.15	0	.5180496	.1506653	.3312851	0
714.15	0	.5174383	.1513865	.3311752	0
713.15	0	.5168403	.1520916	.3310681	0
712.15	0	.5162551	.1527812	.3309638	0
711.15	0	.5156821	.1534559	.330862	0
710.15	0	.5151209	.1541163	.3307628	0
709.15	0	.514571	.1547631	.3306659	0
708.15	0	.5140321	.1553966	.3305713	0
707.15	0	.5135036	.1560176	.3304789	0
706.15	0	.5129853	.1566263	.3303885	0
705.15	0	.5124767	.1572233	.3303001	0
704.15	0	.5119775	.1578089	.3302136	0
703.15	0	.5114874	.1583837	.3301289	0
702.15	0	.5110061	.1589479	.330046	0
701.15	0	.5105334	.1595019	.3299647	0
700.15	0	.5100688	.1600461	.3298851	0
699.15	0	.5096122	.1605809	.3298069	0
698.15	0	.5091633	.1611064	.3297303	0
697.15	0	.5087219	.1616231	.3296551	0
696.15	0	.5082877	.1621311	.3295812	0
695.15	0	.5078605	.1626308	.3295087	0
694.15	0	.5074401	.1631225	.3294374	0
693.15	0	.5070264	.1636063	.3293674	0
692.15	0	.506619	.1640825	.3292985	0
691.15	0	.5062179	.1645513	.3292307	0
690.15	0	.5058229	.165013	.3291641	0
689.15	0	.5054338	.1654678	.3290985	0
688.15	0	.5050504	.1659158	.3290339	0
687.15	0	.5046725	.1663572	.3289703	0
686.15	0	.5043001	.1667923	.3289076	0
685.15	0	.503933	.1672212	.3288458	0
684.15	0	.5035711	.167644	.3287849	0
683.15	0	.5032141	.168061	.3287249	0
682.15	0	.502862	.1684722	.3286657	0
681.15	0	.5025148	.168878	.3286073	0
680.15	0	.5021721	.1692782	.3285496	0
679.15	0	.501834	.1696732	.3284927	0
678.15	0	.5015003	.1700631	.3284366	0
677.15	0	.501171	.170448	.3283811	0
676.15	0	.5008458	.1708279	.3283263	0
675.15	0	.5005248	.1712031	.3282721	0
674.15	0	.5002078	.1715737	.3282186	0
673.15	0	.4998947	.1719396	.3281656	0
672.15	0	.4995855	.1723012	.3281133	0
671.15	0	.49928	.1726585	.3280615	0
670.15	0	.4989782	.1730115	.3280103	0
669.15	0	.49868	.1733603	.3279597	0
668.15	0	.4983853	.1737052	.3279095	0
667.15	0	.4980941	.1740461	.3278599	0
666.15	0	.4978062	.1743831	.3278107	0
665.15	0	.4975216	.1747164	.3277621	0
664.15	0	.4972402	.175046	.3277139	0
663.15	0	.496962	.1753719	.3276661	0
662.15	0	.4966869	.1756944	.3276188	0
661.15	0	.4964148	.1760134	.3275718	0
660.15	0	.4961457	.176329	.3275253	0
659.15	0	.4958795	.1766413	.3274793	0
658.15	0	.4956161	.1769504	.3274335	0
657.15	0	.4953556	.1772562	.3273882	0
656.15	0	.4950978	.177559	.3273432	0
655.15	0	.4948427	.1778588	.3272986	0
654.15	0	.4945902	.1781555	.3272543	0
653.15	0	.4943403	.1784494	.3272104	0
652.15	0	.494093	.1787403	.3271667	0
651.15	0	.4938481	.1790285	.3271234	0
650.15	0	.4936057	.1793139	.3270804	0
649.15	0	.4933657	.1795966	.3270377	0
648.15	0	.4931281	.1798766	.3269953	0
647.15	0	.4928928	.1801541	.3269531	0
646.15	0	.4926598	.180429	.3269113	0
645.15	0	.492429	.1807014	.3268697	0
644.15	0	.4922004	.1809713	.3268283	0
643.15	0	.4919739	.1812389	.3267872	0
642.15	0	.4917496	.181504	.3267464	0
641.15	0	.4915274	.1817668	.3267058	0
640.15	0	.4913072	.1820274	.3266654	0
639.15	0	.4910891	.1822857	.3266252	0
638.15	0	.4908729	.1825418	.3265853	0
637.15	0	.4906587	.1827957	.3265456	0
636.15	0	.4904464	.1830476	.3265061	0
635.15	0	.490236	.1832973	.3264667	0
634.15	0	.4900274	.1835449	.3264276	0
633.15	0	.4898207	.1837906	.3263887	0
632.15	0	.4896158	.1840343	.32635	0
631.15	0	.4894126	.184276	.3263114	0
630.15	0	.4892112	.1845158	.326273	0
629.15	0	.4890116	.1847536	.3262348	0
628.15	0	.4888135	.1849897	.3261968	0
627.15	0	.4886172	.1852239	.3261589	0
626.15	0	.4884225	.1854563	.3261212	0
625.15	0	.4882294	.185687	.3260836	0
624.15	0	.4880379	.1859159	.3260462	0
623.15	0	.487848	.1861431	.3260089	0
622.15	0	.4876596	.1863686	.3259718	0
621.15	0	.4874728	.1865924	.3259348	0
620.15	0	.4872874	.1868146	.325898	0
619.15	0	.4871035	.1870352	.3258612	0
618.15	0	.4869211	.1872542	.3258246	0
617.15	0	.4867401	.1874717	.3257882	0
616.15	0	.4865606	.1876876	.3257519	0
615.15	0	.4863824	.187902	.3257156	0
614.15	0	.4862056	.1881149	.3256795	0
613.15	0	.4860301	.1883263	.3256435	0
612.15	0	.485856	.1885363	.3256077	0
611.15	0	.4856833	.1887449	.3255719	0
610.15	0	.4855118	.188952	.3255362	0
609.15	0	.4853416	.1891578	.3255007	0
608.15	0	.4851726	.1893621	.3254652	0
607.15	0	.485005	.1895652	.3254299	0
606.15	0	.4848386	.1897669	.3253946	0
605.15	0	.4846733	.1899673	.3253594	0
604.15	0	.4845093	.1901664	.3253243	0
603.15	0	.4843465	.1903642	.3252893	0
602.15	0	.4841849	.1905607	.3252544	0
601.15	0	.4840243	.190756	.3252196	0
600.15	0	.483865	.1909501	.3251849	0
599.15	0	.4837068	.191143	.3251502	0
598.15	0	.4835497	.1913347	.3251157	0
597.15	0	.4833937	.1915252	.3250812	0
596.15	0	.4832388	.1917145	.3250467	0
595.15	0	.4830849	.1919027	.3250124	0
594.15	0	.4829322	.1920897	.3249781	0
593.15	0	.4827804	.1922756	.3249439	0
592.15	0	.4826298	.1924605	.3249098	0
591.15	0	.4824801	.1926442	.3248757	0
590.15	0	.4823315	.1928268	.3248417	0
589.15	0	.4821838	.1930084	.3248078	0
588.15	0	.4820371	.1931889	.3247739	0
587.15	0	.4818915	.1933684	.3247401	0
586.15	0	.4817468	.1935469	.3247064	0
585.15	0	.481603	.1937243	.3246727	0
584.15	0	.4814602	.1939008	.3246391	0
583.15	0	.4813183	.1940762	.3246055	0
582.15	0	.4811774	.1942506	.324572	0
581.15	0	.4810373	.1944242	.3245385	0
580.15	0	.4808982	.1945967	.3245051	0
579.15	0	.48076	.1947683	.3244718	0
578.15	0	.4806226	.1949389	.3244385	0
577.15	0	.4804861	.1951086	.3244052	0
576.15	0	.4803505	.1952774	.324372	0
575.15	0	.4802158	.1954453	.3243389	0
574.15	0	.480082	.1956123	.3243057	0
573.15	0	.4799489	.1957784	.3242726	0
572.15	0	.4798167	.1959437	.3242396	0
571.15	0	.4796853	.1961081	.3242067	0
570.15	0	.4795547	.1962716	.3241738	0
569.15	0	.4794249	.1964342	.3241409	0
568.15	0	.4792959	.196596	.3241081	0
567.15	0	.4791677	.196757	.3240753	0
566.15	0	.4790403	.1969172	.3240425	0
565.15	0	.4789136	.1970765	.3240098	0
564.15	0	.4787878	.1972351	.3239772	0
563.15	0	.4786626	.1973928	.3239446	0
562.15	0	.4785383	.1975497	.323912	0
561.15	0	.4784147	.1977059	.3238795	0
560.15	0	.4782918	.1978613	.323847	0
559.15	0	.4781696	.1980159	.3238145	0
558.15	0	.4780482	.1981698	.3237821	0
557.15	0	.4779275	.1983229	.3237497	0
556.15	0	.4778075	.1984752	.3237173	0
555.15	0	.4776882	.1986268	.323685	0
554.15	0	.4775696	.1987777	.3236528	0
553.15	0	.4774516	.1989278	.3236205	0
552.15	0	.4773344	.1990773	.3235883	0
551.15	0	.4772179	.199226	.3235562	0
550.15	0	.477102	.199374	.323524	0
549.15	0	.4769868	.1995213	.3234919	0
548.15	0	.4768722	.1996679	.3234599	0
547.15	0	.4767583	.1998138	.3234278	0
546.15	0	.4766451	.1999591	.3233958	0
545.15	0	.4765325	.2001036	.3233639	0
544.15	0	.4764205	.2002475	.323332	0
543.15	0	.4763092	.2003907	.3233001	0
542.15	0	.4761985	.2005333	.3232682	0
541.15	0	.4760884	.2006752	.3232364	0
540.15	0	.475979	.2008164	.3232046	0
539.15	0	.4758701	.200957	.3231728	0
538.15	0	.4757619	.201097	.3231411	0
537.15	0	.4756543	.2012363	.3231094	0
536.15	0	.4755472	.201375	.3230777	0
535.15	0	.4754408	.2015131	.3230461	0
534.15	0	.4753349	.2016506	.3230145	0
533.15	0	.4752297	.2017874	.3229829	0
532.15	0	.475125	.2019236	.3229514	0
531.15	0	.4750209	.2020593	.3229199	0
530.15	0	.4749173	.2021943	.3228884	0
529.15	0	.4748143	.2023287	.322857	0
528.15	0	.4747119	.2024625	.3228256	0
527.15	0	.4746101	.2025958	.3227942	0
526.15	0	.4745088	.2027284	.3227628	0
525.15	0	.474408	.2028605	.3227315	0
524.15	0	.4743078	.202992	.3227002	0
523.15	0	.4742081	.2031229	.322669	0
522.15	0	.474109	.2032533	.3226377	0
521.15	0	.4740104	.2033831	.3226065	0
520.15	0	.4739123	.2035123	.3225754	0
519.15	0	.4738148	.203641	.3225443	0
518.15	0	.4737177	.2037691	.3225132	0
517.15	0	.4736212	.2038967	.3224821	0
516.15	0	.4735253	.2040237	.3224511	0
515.15	0	.4734298	.2041501	.3224201	0
514.15	0	.4733348	.2042761	.3223891	0
513.15	0	.4732404	.2044015	.3223582	0
512.15	0	.4731464	.2045263	.3223273	0
511.15	0	.4730529	.2046507	.3222964	0
510.15	0	.47296	.2047745	.3222656	0
509.15	0	.4728675	.2048977	.3222348	0
508.15	0	.4727755	.2050205	.322204	0
507.15	0	.472684	.2051428	.3221733	0
506.15	0	.472593	.2052645	.3221426	0
505.15	0	.4725024	.2053857	.3221119	0
504.15	0	.4724124	.2055064	.3220813	0
503.15	0	.4723228	.2056266	.3220506	0
502.15	0	.4722336	.2057463	.3220201	0
501.15	0	.472145	.2058655	.3219896	0
500.15	0	.4720568	.2059842	.3219591	0
499.15	0	.4719691	.2061024	.3219286	0
498.15	0	.4718818	.20622	.3218982	0
497.15	0	.471795	.2063373	.3218678	0
496.15	0	.4717086	.206454	.3218374	0
495.15	0	.4716227	.2065702	.3218071	0
494.15	0	.4715372	.206686	.3217768	0
493.15	0	.4714522	.2068013	.3217465	0
492.15	0	.4713676	.206916	.3217163	0
491.15	0	.4712835	.2070304	.3216862	0
490.15	0	.4711998	.2071442	.321656	0
489.15	0	.4711165	.2072576	.3216259	0
488.15	0	.4710337	.2073705	.3215958	0
487.15	0	.4709513	.2074829	.3215658	0
486.15	0	.4708693	.2075949	.3215358	0
485.15	0	.4707878	.2077064	.3215059	0
484.15	0	.4707067	.2078174	.3214759	0
483.15	0	.470626	.207928	.3214461	0
482.15	0	.4705457	.2080381	.3214162	0
481.15	0	.4704658	.2081478	.3213864	0
480.15	0	.4703863	.208257	.3213567	0
479.15	0	.4703073	.2083658	.321327	0
478.15	0	.4702287	.2084741	.3212973	0
477.15	0	.4701504	.2085819	.3212676	0
476.15	0	.4700726	.2086893	.321238	0
475.15	0	.4699952	.2087963	.3212085	0
474.15	0	.4699182	.2089029	.321179	0
473.15	0	.4698416	.2090089	.3211495	0
472.15	0	.4697654	.2091146	.32112	0
471.15	0	.4696896	.2092198	.3210907	0
470.15	0	.4696141	.2093246	.3210613	0
469.15	0	.4695391	.2094289	.321032	0
468.15	0	.4694645	.2095328	.3210028	0
467.15	0	.4693902	.2096363	.3209735	0
466.15	0	.4693163	.2097393	.3209444	0
465.15	0	.4692428	.2098419	.3209152	0
464.15	0	.4691697	.2099441	.3208861	0
463.15	0	.469097	.2100459	.3208571	0
462.15	0	.4690247	.2101472	.3208281	0
461.15	0	.4689527	.2102481	.3207992	0
460.15	0	.4688811	.2103486	.3207703	0
459.15	0	.4688099	.2104487	.3207414	0
458.15	0	.4687391	.2105483	.3207126	0
457.15	0	.4686686	.2106476	.3206838	0
456.15	0	.4685985	.2107464	.3206551	0
455.15	0	.4685288	.2108448	.3206265	0
454.15	0	.4684594	.2109428	.3205978	0
453.15	0	.4683904	.2110403	.3205693	0
452.15	0	.4683217	.2111375	.3205408	0
451.15	0	.4682535	.2112343	.3205123	0
450.15	0	.4681856	.2113306	.3204839	0
449.15	0	.468118	.2114265	.3204555	0
448.15	0	.4680509	.2115219	.3204272	0
447.15	0	.4679841	.211617	.320399	0
446.15	0	.4679176	.2117116	.3203708	0
445.15	0	.4678516	.2118058	.3203427	0
444.15	0	.4677859	.2118995	.3203146	0
443.15	0	.4677205	.2119929	.3202866	0
442.15	0	.4676556	.2120858	.3202587	0
441.15	0	.467591	.2121782	.3202308	0
440.15	0	.4675268	.2122702	.320203	0
439.15	0	.467463	.2123618	.3201753	0
438.15	0	.4673995	.2124529	.3201476	0
437.15	0	.4673364	.2125435	.3201201	0
436.15	0	.4672737	.2126337	.3200926	0
435.15	0	.4672114	.2127235	.3200652	0
434.15	0	.4671494	.2128128	.3200378	0
433.15	0	.4670879	.2129016	.3200106	0
432.15	0	.4670267	.2129899	.3199834	0
431.15	0	.4669659	.2130778	.3199563	0
430.15	0	.4669055	.2131652	.3199293	0
429.15	0	.4668455	.2132522	.3199024	0
428.15	0	.4667858	.2133387	.3198755	0
427.15	0	.4667265	.2134247	.3198488	0
426.15	0	.4666676	.2135102	.3198222	0
425.15	0	.4666091	.2135953	.3197956	0
424.15	0	.466551	.2136799	.3197691	0
423.15	0	.4664933	.213764	.3197428	0
422.15	0	.4664359	.2138476	.3197165	0
421.15	0	.4663789	.2139308	.3196903	0
420.15	0	.4663223	.2140135	.3196642	0
419.15	0	.4662661	.2140957	.3196382	0
418.15	0	.4662102	.2141775	.3196123	0
417.15	0	.4661547	.2142587	.3195865	0
416.15	0	.4660996	.2143395	.3195608	0
415.15	0	.4660449	.2144199	.3195352	0
414.15	0	.4659906	.2144997	.3195097	0
413.15	0	.4659366	.2145791	.3194843	0
412.15	0	.4658829	.214658	.319459	0
411.15	0	.4658297	.2147364	.3194339	0
410.15	0	.4657768	.2148144	.3194088	0
409.15	0	.4657243	.2148919	.3193838	0
408.15	0	.4656722	.2149689	.3193589	0
407.15	0	.4656204	.2150455	.3193341	0
406.15	0	.465569	.2151216	.3193094	0
405.15	0	.465518	.2151972	.3192848	0
404.15	0	.4654673	.2152724	.3192603	0
403.15	0	.4654169	.2153471	.3192359	0
402.15	0	.465367	.2154214	.3192117	0
401.15	0	.4653173	.2154952	.3191875	0
400.15	0	.465268	.2155685	.3191634	0
399.15	0	.4652191	.2156414	.3191394	0
398.15	0	.4651706	.2157139	.3191156	0
397.15	0	.4651223	.2157859	.3190918	0
396.15	0	.4650744	.2158574	.3190682	0
395.15	0	.4650269	.2159285	.3190446	0
394.15	0	.4649797	.2159992	.3190211	0
393.15	0	.4649328	.2160694	.3189978	0
392.15	0	.4648863	.2161392	.3189745	0
391.15	0	.4648401	.2162085	.3189514	0
390.15	0	.4647943	.2162774	.3189283	0
389.15	0	.4647488	.2163459	.3189054	0
388.15	0	.4647036	.2164139	.3188825	0
387.15	0	.4646587	.2164815	.3188598	0
386.15	0	.4646141	.2165487	.3188372	0
385.15	0	.4645699	.2166155	.3188146	0
384.15	0	.464526	.2166819	.3187922	0
383.15	0	.4644824	.2167478	.3187698	0
382.15	0	.4644391	.2168133	.3187476	0
381.15	0	.4643962	.2168784	.3187254	0
380.15	0	.4643535	.2169431	.3187034	0
379.15	0	.4643112	.2170074	.3186814	0
378.15	0	.4642691	.2170713	.3186596	0
377.15	0	.4642274	.2171348	.3186378	0
376.15	0	.464186	.2171979	.3186162	0
375.15	0	.4641448	.2172606	.3185946	0
374.15	0	.464104	.2173229	.3185731	0
373.15	0	.4640634	.2173848	.3185518	0
372.15	0	.4640232	.2174463	.3185305	0
371.15	0	.4639832	.2175075	.3185093	0
370.15	0	.4639435	.2175683	.3184882	0
369.15	0	.4639041	.2176286	.3184672	0
368.15	0	.463865	.2176886	.3184463	0
367.15	0	.4638262	.2177483	.3184255	0
366.15	0	.4637876	.2178075	.3184048	0
365.15	0	.4637494	.2178665	.3183842	0
364.15	0	.4637113	.217925	.3183637	0
363.15	0	.4636736	.2179832	.3183432	0
362.15	0	.4636361	.218041	.3183229	0
361.15	0	.4635989	.2180985	.3183026	0
360.15	0	.463562	.2181556	.3182824	0
359.15	0	.4635253	.2182123	.3182624	0
358.15	0	.4634889	.2182688	.3182424	0
357.15	0	.4634527	.2183249	.3182225	0
356.15	0	.4634168	.2183806	.3182026	0
355.15	0	.4633811	.218436	.3181829	0
354.15	0	.4633457	.2184911	.3181633	0
353.15	0	.4633105	.2185458	.3181437	0
352.15	0	.4632756	.2186002	.3181242	0
351.15	0	.4632409	.2186543	.3181048	0
350.15	0	.4632064	.218708	.3180855	0
