T	 BPW(LIQUID)	BPW(BCC_A2)	BPW(FCC_A1)	BPW(LAVES_PHASE_C14)	BPW(NI3TI)
1473.15	0	1	0	0	0
1472.15	0	1	0	0	0
1471.15	0	1	0	0	0
1470.15	0	1	0	0	0
1469.15	0	1	0	0	0
1468.15	0	1	0	0	0
1467.15	0	1	0	0	0
1466.15	0	1	0	0	0
1465.15	0	1	0	0	0
1464.15	0	1	0	0	0
1463.15	0	1	0	0	0
1462.15	0	1	0	0	0
1461.15	0	1	0	0	0
1460.15	0	1	0	0	0
1459.15	0	1	0	0	0
1458.15	0	1	0	0	0
1457.15	0	1	0	0	0
1456.15	0	1	0	0	0
1455.15	0	1	0	0	0
1454.15	0	1	0	0	0
1453.15	0	1	0	0	0
1452.15	0	1	0	0	0
1451.15	0	1	0	0	0
1450.15	0	1	0	0	0
1449.15	0	1	0	0	0
1448.15	0	1	0	0	0
1447.15	0	1	0	0	0
1446.15	0	1	0	0	0
1445.15	0	1	0	0	0
1444.15	0	1	0	0	0
1443.15	0	1	0	0	0
1442.15	0	1	0	0	0
1441.15	0	1	0	0	0
1440.15	0	1	0	0	0
1439.15	0	1	0	0	0
1438.15	0	1	0	0	0
1437.15	0	1	0	0	0
1436.15	0	1	0	0	0
1435.15	0	1	0	0	0
1434.15	0	1	0	0	0
1433.15	0	1	0	0	0
1432.15	0	1	0	0	0
1431.15	0	1	0	0	0
1430.15	0	1	0	0	0
1429.15	0	1	0	0	0
1428.15	0	1	0	0	0
1427.15	0	1	0	0	0
1426.15	0	1	0	0	0
1425.15	0	1	0	0	0
1424.15	0	1	0	0	0
1423.15	0	1	0	0	0
1422.15	0	1	0	0	0
1421.15	0	1	0	0	0
1420.15	0	1	0	0	0
1419.15	0	1	0	0	0
1418.15	0	1	0	0	0
1417.15	0	1	0	0	0
1416.15	0	1	0	0	0
1415.15	0	1	0	0	0
1414.15	0	1	0	0	0
1413.15	0	1	0	0	0
1412.15	0	1	0	0	0
1411.15	0	1	0	0	0
1410.15	0	1	0	0	0
1409.15	0	1	0	0	0
1408.15	0	1	0	0	0
1407.15	0	1	0	0	0
1406.15	0	1	0	0	0
1405.15	0	1	0	0	0
1404.15	0	1	0	0	0
1403.15	0	1	0	0	0
1402.15	0	1	0	0	0
1401.15	0	1	0	0	0
1400.15	0	1	0	0	0
1399.15	0	1	0	0	0
1398.15	0	1	0	0	0
1397.15	0	1	0	0	0
1396.15	0	1	0	0	0
1395.15	0	1	0	0	0
1394.15	0	1	0	0	0
1393.15	0	1	0	0	0
1392.15	0	1	0	0	0
1391.15	0	1	0	0	0
1390.15	0	1	0	0	0
1389.15	0	1	0	0	0
1388.15	0	1	0	0	0
1387.15	0	1	0	0	0
1386.15	0	1	0	0	0
1385.15	0	1	0	0	0
1384.15	0	1	0	0	0
1383.15	0	1	0	0	0
1382.15	0	1	0	0	0
1381.15	0	1	0	0	0
1380.15	0	1	0	0	0
1379.15	0	1	0	0	0
1378.15	0	1	0	0	0
1377.15	0	1	0	0	0
1376.15	0	1	0	0	0
1375.15	0	1	0	0	0
1374.15	0	1	0	0	0
1373.15	0	1	0	0	0
1372.15	0	1	0	0	0
1371.15	0	1	0	0	0
1370.15	0	1	0	0	0
1369.15	0	1	0	0	0
1368.15	0	1	0	0	0
1367.15	0	1	0	0	0
1366.15	0	1	0	0	0
1365.15	0	1	0	0	0
1364.15	0	1	0	0	0
1363.15	0	1	0	0	0
1362.15	0	1	0	0	0
1361.15	0	1	0	0	0
1360.15	0	1	0	0	0
1359.15	0	1	0	0	0
1358.15	0	1	0	0	0
1357.15	0	1	0	0	0
1356.15	0	1	0	0	0
1355.15	0	1	0	0	0
1354.15	0	1	0	0	0
1353.15	0	1	0	0	0
1352.15	0	1	0	0	0
1351.15	0	1	0	0	0
1350.15	0	1	0	0	0
1349.15	0	1	0	0	0
1348.805	0	1	0	0	0
1348.805	0	1	0	0	0
1348.805	0	1	0	0	0
1348.15	0	.9987115	.001288464	0	0
1347.15	0	.996749	.003250988	0	0
1346.15	0	.9947918	.005208172	0	0
1345.15	0	.99284	.007160017	0	0
1344.15	0	.9908935	.009106524	0	0
1343.15	0	.9889523	.01104769	0	0
1342.15	0	.9870165	.01298352	0	0
1341.15	0	.985086	.01491401	0	0
1340.15	0	.9831608	.01683916	0	0
1339.15	0	.981241	.01875897	0	0
1338.15	0	.9793266	.02067344	0	0
1337.15	0	.9774174	.02258257	0	0
1336.15	0	.9755136	.02448636	0	0
1335.15	0	.9736152	.02638481	0	0
1334.15	0	.9717221	.02827792	0	0
1333.15	0	.9698343	.03016568	0	0
1332.15	0	.9679519	.0320481	0	0
1331.15	0	.9660748	.03392518	0	0
1330.15	0	.9642031	.03579691	0	0
1329.15	0	.9623367	.03766329	0	0
1328.15	0	.9604757	.03952432	0	0
1327.15	0	.95862	.04138001	0	0
1326.15	0	.9567697	.04323035	0	0
1325.15	0	.9549247	.04507533	0	0
1324.15	0	.953085	.04691496	0	0
1323.15	0	.9512508	.04874924	0	0
1322.15	0	.9494218	.05057816	0	0
1321.15	0	.9475983	.05240172	0	0
1320.15	0	.9457801	.05421993	0	0
1319.15	0	.9439672	.05603277	0	0
1318.15	0	.9421598	.05784024	0	0
1317.15	0	.9403577	.05964236	0	0
1316.15	0	.9385609	.0614391	0	0
1315.15	0	.9367695	.06323047	0	0
1314.15	0	.9349835	.06501647	0	0
1313.15	0	.9332029	.0667971	0	0
1312.15	0	.9314277	.06857234	0	0
1311.15	0	.9296578	.07034221	0	0
1310.15	0	.9278933	.0721067	0	0
1309.15	0	.9261342	.0738658	0	0
1308.15	0	.9243805	.07561951	0	0
1307.15	0	.9226322	.07736783	0	0
1306.15	0	.9208892	.07911076	0	0
1305.15	0	.9191517	.08084829	0	0
1304.15	0	.9174196	.08258042	0	0
1303.15	0	.9156929	.08430715	0	0
1302.15	0	.9139715	.08602846	0	0
1301.15	0	.9122556	.08774437	0	0
1300.15	0	.9105451	.08945487	0	0
1299.15	0	.9088401	.09115995	0	0
1298.15	0	.9071404	.0928596	0	0
1297.15	0	.9054462	.09455384	0	0
1296.15	0	.9037574	.09624264	0	0
1295.15	0	.902074	.09792601	0	0
1294.15	0	.9003961	.09960395	0	0
1293.15	0	.8987236	.1012764	0	0
1292.15	0	.8970565	.1029435	0	0
1291.15	0	.8953949	.1046051	0	0
1290.15	0	.8937388	.1062612	0	0
1289.15	0	.8920881	.1079119	0	0
1288.15	0	.8904428	.1095572	0	0
1287.15	0	.8888031	.1111969	0	0
1286.15	0	.8871688	.1128312	0	0
1285.15	0	.88554	.11446	0	0
1284.15	0	.8839166	.1160834	0	0
1283.15	0	.8822988	.1177012	0	0
1282.15	0	.8806865	.1193135	0	0
1281.15	0	.8790796	.1209204	0	0
1280.15	0	.8774782	.1225218	0	0
1279.15	0	.8758824	.1241176	0	0
1278.15	0	.8742921	.125708	0	0
1277.15	0	.8727072	.1272928	0	0
1276.15	0	.8711279	.1288721	0	0
1275.15	0	.8695542	.1304458	0	0
1274.15	0	.8679859	.1320141	0	0
1273.15	0	.8664233	.1335767	0	0
1272.15	0	.8648661	.1351339	0	0
1271.15	0	.8633145	.1366855	0	0
1270.15	0	.8617685	.1382315	0	0
1269.15	0	.860228	.139772	0	0
1268.15	0	.8586931	.1413069	0	0
1267.15	0	.8571638	.1428362	0	0
1266.15	0	.8556401	.1443599	0	0
1265.15	0	.8541219	.1458781	0	0
1264.15	0	.8526094	.1473906	0	0
1263.15	0	.8511024	.1488976	0	0
1262.15	0	.8496011	.1503989	0	0
1261.15	0	.8481054	.1518946	0	0
1260.15	0	.8466153	.1533847	0	0
1259.15	0	.8451308	.1548692	0	0
1258.15	0	.843652	.156348	0	0
1257.15	0	.8421788	.1578212	0	0
1256.15	0	.8407113	.1592887	0	0
1255.15	0	.8392495	.1607506	0	0
1254.15	0	.8377933	.1622068	0	0
1253.15	0	.8363427	.1636573	0	0
1252.15	0	.8348979	.1651021	0	0
1251.15	0	.8334588	.1665413	0	0
1250.15	0	.8320253	.1679747	0	0
1249.15	0	.8305976	.1694024	0	0
1248.15	0	.8291755	.1708245	0	0
1247.15	0	.8277592	.1722408	0	0
1246.15	0	.8263487	.1736513	0	0
1245.15	0	.8249438	.1750562	0	0
1244.15	0	.8235447	.1764553	0	0
1243.15	0	.8221514	.1778486	0	0
1242.15	0	.8207639	.1792362	0	0
1241.15	0	.819382	.180618	0	0
1240.15	0	.818006	.181994	0	0
1239.15	0	.8166358	.1833642	0	0
1238.15	0	.8152714	.1847286	0	0
1237.15	0	.8139128	.1860872	0	0
1236.15	0	.81256	.18744	0	0
1235.15	0	.811213	.188787	0	0
1234.15	0	.8098719	.1901281	0	0
1233.15	0	.8085366	.1914634	0	0
1232.15	0	.8072071	.1927929	0	0
1231.15	0	.8058835	.1941165	0	0
1230.15	0	.8045658	.1954342	0	0
1229.15	0	.803254	.196746	0	0
1228.15	0	.8019481	.1980519	0	0
1227.15	0	.800648	.199352	0	0
1226.15	0	.7993539	.2006461	0	0
1225.15	0	.7980657	.2019343	0	0
1224.15	0	.7967834	.2032166	0	0
1223.15	0	.7955071	.2044929	0	0
1222.15	0	.7942367	.2057633	0	0
1221.15	0	.7929723	.2070277	0	0
1220.15	0	.7917138	.2082862	0	0
1219.15	0	.7904614	.2095386	0	0
1218.15	0	.7892149	.2107851	0	0
1217.15	0	.7879744	.2120256	0	0
1216.15	0	.7867399	.2132601	0	0
1215.15	0	.7855115	.2144885	0	0
1214.15	0	.7842891	.2157109	0	0
1213.15	0	.7830727	.2169273	0	0
1212.15	0	.7818624	.2181376	0	0
1211.15	0	.7806581	.2193419	0	0
1210.15	0	.77946	.22054	0	0
1209.15	0	.7782679	.2217321	0	0
1208.15	0	.7770819	.2229181	0	0
1207.15	0	.775902	.224098	0	0
1206.15	0	.7747283	.2252717	0	0
1205.15	0	.7735606	.2264394	0	0
1204.15	0	.7723992	.2276009	0	0
1203.15	0	.7712438	.2287562	0	0
1202.15	0	.7700946	.2299054	0	0
1201.15	0	.7689517	.2310483	0	0
1200.15	0	.7678149	.2321851	0	0
1199.15	0	.7666843	.2333157	0	0
1198.15	0	.7655599	.2344401	0	0
1197.15	0	.7644417	.2355583	0	0
1196.15	0	.7633298	.2366702	0	0
1195.15	0	.7622241	.2377759	0	0
1194.15	0	.7611247	.2388753	0	0
1193.15	0	.7600315	.2399685	0	0
1192.15	0	.7589446	.2410554	0	0
1191.15	0	.7578641	.2421359	0	0
1190.15	0	.7567898	.2432102	0	0
1189.15	0	.7557218	.2442782	0	0
1188.15	0	.7546602	.2453398	0	0
1187.15	0	.7536049	.2463951	0	0
1186.15	0	.752556	.247444	0	0
1185.15	0	.7515134	.2484866	0	0
1184.15	0	.7504773	.2495227	0	0
1183.15	0	.7494475	.2505525	0	0
1182.15	0	.7484241	.2515759	0	0
1181.15	0	.7474071	.2525929	0	0
1180.15	0	.7463966	.2536034	0	0
1179.15	0	.7453925	.2546075	0	0
1178.15	0	.7443948	.2556052	0	0
1177.15	0	.7434036	.2565964	0	0
1176.15	0	.7424189	.2575811	0	0
1175.15	0	.7414407	.2585593	0	0
1174.15	0	.740469	.259531	0	0
1173.15	0	.7395038	.2604962	0	0
1172.15	0	.7385452	.2614548	0	0
1171.15	0	.737593	.262407	0	0
1170.15	0	.7366475	.2633525	0	0
1169.15	0	.7357085	.2642915	0	0
1168.15	0	.7347761	.2652239	0	0
1167.15	0	.7338502	.2661498	0	0
1166.15	0	.732931	.267069	0	0
1165.15	0	.7320184	.2679816	0	0
1164.15	0	.7311124	.2688876	0	0
1163.15	0	.7302131	.2697869	0	0
1162.15	0	.7293204	.2706796	0	0
1161.15	0	.7284344	.2715656	0	0
1160.15	0	.7275551	.2724449	0	0
1159.15	0	.7266825	.2733175	0	0
1158.15	0	.7258165	.2741835	0	0
1157.813	0	.7255262	.2744738	0	0
1157.813	0	.7255262	.2744738	0	0
1157.813	0	.7255262	.2744738	0	0
1157.15	0	.7245721	.2751783	2.495643E-04	0
1156.15	0	.7231404	.2762346	6.25014E-04	0
1155.15	0	.7217177	.277283	9.992913E-04	0
1154.15	0	.7203039	.2783237	.001372413	0
1153.15	0	.7188992	.2793564	.001744354	0
1152.15	0	.7175035	.2803813	.002115132	0
1151.15	0	.7161169	.2813984	.00248475	0
1150.15	0	.7147393	.2824075	.002853211	0
1149.15	0	.7133708	.2834087	.003220517	0
1148.15	0	.7120114	.2844019	.003586673	0
1147.15	0	.7106611	.2853872	.00395168	0
1146.15	0	.70932	.2863645	.004315541	0
1145.15	0	.707988	.2873337	.00467826	0
1144.15	0	.7066652	.2882949	.00503984	0
1143.15	0	.7053516	.2892481	.005400283	0
1142.15	0	.7040473	.2901931	.005759592	0
1141.15	0	.7027521	.2911301	.006117771	0
1140.15	0	.7014663	.2920589	.006474822	0
1139.15	0	.7001896	.2929796	.006830747	0
1138.15	0	.6989224	.2938921	.007185551	0
1137.15	0	.6976644	.2947964	.007539235	0
1136.15	0	.6964157	.2956925	.007891802	0
1135.15	0	.6951764	.2965803	.008243256	0
1134.15	0	.6939465	.2974599	.008593599	0
1133.15	0	.692726	.2983312	.008942833	0
1132.15	0	.6915149	.2991942	.009290962	0
1131.15	0	.6903132	.3000488	.009637988	0
1130.15	0	.689121	.3008951	.009983915	0
1129.15	0	.6879382	.301733	.01032874	0
1128.15	0	.686765	.3025625	.01067248	0
1127.15	0	.6856012	.3033836	.01101512	0
1126.15	0	.684447	.3041963	.01135668	0
1125.15	0	.6833024	.3050005	.01169714	0
1124.15	0	.6821673	.3057962	.01203653	0
1123.15	0	.6810418	.3065834	.01237483	0
1122.15	0	.6799259	.3073621	.01271205	0
1121.15	0	.6788196	.3081322	.0130482	0
1120.15	0	.677723	.3088938	.01338327	0
1119.15	0	.676636	.3096468	.01371728	0
1118.15	0	.6755587	.3103911	.01405021	0
1117.15	0	.6744911	.3111268	.01438208	0
1116.15	0	.6734332	.3118539	.01471289	0
1115.15	0	.6723851	.3125723	.01504264	0
1114.15	0	.6713467	.313282	.01537132	0
1113.15	0	.6703181	.313983	.01569896	0
1112.15	0	.6692992	.3146752	.01602554	0
1111.15	0	.6682902	.3153587	.01635107	0
1110.15	0	.667291	.3160334	.01667555	0
1109.15	0	.6663017	.3166994	.01699899	0
1108.15	0	.6653222	.3173565	.01732138	0
1107.15	0	.6643525	.3180048	.01764273	0
1106.15	0	.6633928	.3186442	.01796305	0
1105.15	0	.6624429	.3192747	.01828233	0
1104.15	0	.661503	.3198964	.01860057	0
1103.15	0	.6605731	.3205092	.01891779	0
1102.15	0	.659653	.321113	.01923398	0
1101.15	0	.658743	.3217079	.01954913	0
1100.15	0	.6578429	.3222938	.01986327	0
1099.15	0	.6569529	.3228708	.02017639	0
1098.15	0	.6560728	.3234387	.02048848	0
1097.15	0	.6552028	.3239977	.02079956	0
1096.15	0	.6543428	.3245476	.02110962	0
1095.15	0	.6534929	.3250884	.02141868	0
1094.15	0	.652653	.3256203	.02172672	0
1093.15	0	.6518233	.326143	.02203375	0
1092.15	0	.6510036	.3266566	.02233978	0
1091.15	0	.650194	.3271612	.02264481	0
1090.15	0	.6493946	.3276566	.02294883	0
1089.15	0	.6486053	.3281429	.02325186	0
1088.15	0	.6478261	.32862	.02355389	0
1087.15	0	.6470571	.329088	.02385492	0
1086.15	0	.6462983	.3295468	.02415496	0
1085.15	0	.6455496	.3299964	.02445401	0
1084.15	0	.6448111	.3304368	.02475208	0
1083.15	0	.6440829	.330868	.02504916	0
1082.15	0	.6433648	.3312899	.02534525	0
1081.15	0	.642657	.3317027	.02564036	0
1080.15	0	.6419593	.3321062	.02593449	0
1079.15	0	.6412719	.3325004	.02622765	0
1078.15	0	.6405948	.3328854	.02651983	0
1077.15	0	.6399279	.3332611	.02681103	0
1076.15	0	.6392712	.3336275	.02710127	0
1075.15	0	.6386248	.3339846	.02739053	0
1074.15	0	.6379887	.3343325	.02767883	0
1073.15	0	.6373629	.334671	.02796616	0
1072.15	0	.6367473	.3350002	.02825253	0
1071.15	0	.636142	.3353201	.02853793	0
1070.15	0	.635547	.3356306	.02882238	0
1069.15	0	.6349623	.3359319	.02910587	0
1068.15	0	.6343879	.3362237	.0293884	0
1067.15	0	.6338237	.3365063	.02966997	0
1066.15	0	.6332699	.3367795	.0299506	0
1065.15	0	.6327264	.3370434	.03023027	0
1064.15	0	.6321931	.3372979	.030509	0
1063.15	0	.6316702	.337543	.03078677	0
1062.15	0	.6311576	.3377788	.03106361	0
1061.15	0	.6306552	.3380053	.0313395	0
1060.15	0	.6301632	.3382224	.03161444	0
1059.15	0	.6296814	.3384301	.03188845	0
1058.15	0	.62921	.3386285	.03216152	0
1057.15	0	.6287488	.3388176	.03243365	0
1056.15	0	.6282979	.3389973	.03270484	0
1055.15	0	.6278573	.3391676	.03297511	0
1054.15	0	.6274269	.3393286	.03324444	0
1053.15	0	.6270069	.3394803	.03351283	0
1052.15	0	.626597	.3396227	.0337803	0
1051.15	0	.6261975	.3397557	.03404685	0
1050.15	0	.6258082	.3398794	.03431246	0
1049.15	0	.6254291	.3399938	.03457715	0
1048.15	0	.6250602	.3400989	.03484092	0
1047.15	0	.6247016	.3401947	.03510377	0
1046.15	0	.6243531	.3402812	.03536569	0
1045.15	0	.6240149	.3403584	.0356267	0
1044.15	0	.6236868	.3404264	.03588679	0
1043.15	0	.6233689	.3404851	.03614596	0
1042.15	0	.6230612	.3405346	.03640421	0
1041.15	0	.6227636	.3405749	.03666156	0
1040.15	0	.6224761	.340606	.03691799	0
1039.15	0	.6221987	.3406278	.0371735	0
1038.15	0	.6219314	.3406405	.03742811	0
1037.15	0	.6216742	.340644	.0376818	0
1036.15	0	.621427	.3406384	.03793459	0
1035.15	0	.6211899	.3406236	.03818647	0
1034.15	0	.6209628	.3405998	.03843745	0
1033.15	0	.6207456	.3405668	.03868751	0
1032.15	0	.6205385	.3405248	.03893668	0
1031.15	0	.6203413	.3404738	.03918494	0
1030.15	0	.620154	.3404137	.03943229	0
1029.15	0	.6199766	.3403447	.03967875	0
1028.15	0	.6198091	.3402666	.0399243	0
1027.15	0	.6196514	.3401796	.04016895	0
1026.15	0	.6195036	.3400837	.0404127	0
1025.15	0	.6193655	.3399789	.04065555	0
1024.15	0	.6192372	.3398653	.0408975	0
1023.15	0	.6191187	.3397428	.04113856	0
1022.15	0	.6190098	.3396115	.04137871	0
1021.15	0	.6189106	.3394714	.04161797	0
1020.15	0	.6188211	.3393226	.04185633	0
1019.15	0	.6187412	.3391651	.04209379	0
1018.15	0	.6186708	.3389989	.04233036	0
1017.15	0	.61861	.338824	.04256603	0
1016.15	0	.6185586	.3386406	.0428008	0
1015.15	0	.6185168	.3384486	.04303468	0
1014.15	0	.6184843	.338248	.04326766	0
1013.15	0	.6184612	.338039	.04349974	0
1012.15	0	.6184475	.3378216	.04373093	0
1011.15	0	.6184431	.3375957	.04396122	0
1010.15	0	.618448	.3373614	.04419062	0
1009.15	0	.618462	.3371189	.04441911	0
1008.15	0	.6184852	.336868	.04464671	0
1007.15	0	.6185176	.336609	.04487342	0
1006.15	0	.6185591	.3363417	.04509922	0
1005.15	0	.6186096	.3360663	.04532413	0
1004.15	0	.618669	.3357828	.04554813	0
1003.15	0	.6187375	.3354913	.04577124	0
1002.15	0	.6188148	.3351918	.04599344	0
1001.15	0	.6189009	.3348844	.04621474	0
1000.15	0	.6189958	.334569	.04643514	0
999.15	0	.6190995	.3342459	.04665464	0
998.15	0	.6192119	.3339149	.04687323	0
997.15	0	.6193328	.3335763	.04709091	0
996.15	0	.6194624	.3332299	.04730769	0
995.15	0	.6196004	.332876	.04752356	0
994.15	0	.6197469	.3325146	.04773852	0
993.15	0	.6199018	.3321456	.04795256	0
992.15	0	.6200651	.3317692	.04816569	0
991.15	0	.6202366	.3313855	.04837791	0
990.15	0	.6204163	.3309945	.04858921	0
989.15	0	.6206042	.3305962	.04879959	0
988.15	0	.6208001	.3301908	.04900904	0
987.15	0	.6210041	.3297783	.04921758	0
986.15	0	.621216	.3293588	.04942519	0
985.15	0	.6214359	.3289323	.04963186	0
984.15	0	.6216635	.3284989	.04983761	0
983.15	0	.6218988	.3280587	.05004242	0
982.15	0	.6221419	.3276118	.0502463	0
981.15	0	.6223925	.3271582	.05044924	0
980.15	0	.6226507	.3266981	.05065123	0
979.15	0	.6229163	.3262314	.05085227	0
978.15	0	.6231893	.3257583	.05105237	0
977.15	0	.6234696	.3252789	.05125151	0
976.15	0	.6237572	.3247931	.0514497	0
975.15	0	.6240518	.3243012	.05164692	0
974.15	0	.6243536	.3238033	.05184317	0
973.15	0	.6246623	.3232992	.05203846	0
972.15	0	.6249779	.3227893	.05223278	0
971.15	0	.6253004	.3222735	.05242611	0
970.15	0	.6256295	.321752	.05261846	0
969.15	0	.6259653	.3212248	.05280982	0
968.15	0	.6263077	.3206921	.05300019	0
967.15	0	.6266566	.3201539	.05318955	0
966.15	0	.6270118	.3196103	.05337791	0
965.15	0	.6273733	.3190614	.05356527	0
964.15	0	.627741	.3185074	.0537516	0
963.15	0	.6281148	.3179483	.05393691	0
962.15	0	.6284946	.3173842	.05412119	0
961.15	0	.6288803	.3168153	.05430442	0
960.15	0	.6292718	.3162415	.05448662	0
959.15	0	.6296691	.3156632	.05466777	0
958.15	0	.6300719	.3150803	.05484785	0
957.15	0	.6304802	.3144929	.05502687	0
956.15	0	.630894	.3139012	.05520481	0
955.15	0	.631313	.3133053	.05538166	0
954.15	0	.6317372	.3127054	.05555743	0
953.15	0	.6321665	.3121014	.05573208	0
952.15	0	.6326007	.3114936	.05590563	0
951.15	0	.6330398	.3108821	.05607806	0
950.15	0	.6334837	.310267	.05624935	0
949.15	0	.6339321	.3096484	.0564195	0
948.15	0	.6343851	.3090265	.05658849	0
947.15	0	.6348424	.3084013	.05675631	0
946.15	0	.635304	.3077731	.05692296	0
945.15	0	.6357697	.3071419	.05708842	0
944.15	0	.6362394	.306508	.05725267	0
943.15	0	.636713	.3058713	.05741571	0
942.15	0	.6371903	.3052322	.05757752	0
941.15	0	.6376712	.3045908	.05773808	0
940.15	0	.6381556	.3039471	.05789738	0
939.15	0	.6386433	.3033013	.0580554	0
938.15	0	.6391342	.3026537	.05821213	0
937.15	0	.6396281	.3020044	.05836755	0
936.15	0	.6401249	.3013535	.05852165	0
935.15	0	.6406245	.3007012	.0586744	0
934.15	0	.640949	.3002177	.05883332	0
933.15	0	.6411558	.2998485	.05899569	0
932.15	0	.6413979	.2994471	.05915495	0
931.15	0	.6416739	.2990149	.05931117	0
930.15	0	.6419826	.298553	.05946441	0
929.15	0	.6423226	.2980627	.05961473	0
928.15	0	.6426928	.297545	.05976218	0
927.15	0	.6430921	.2970011	.05990683	0
926.15	0	.6435192	.2964321	.06004872	0
925.15	0	.6439731	.295839	.06018789	0
924.15	0	.6444527	.2952229	.06032441	0
923.15	0	.644957	.2945847	.06045832	0
922.15	0	.6454849	.2939254	.06058965	0
921.15	0	.6460355	.293246	.06071844	0
920.15	0	.6466079	.2925474	.06084474	0
919.15	0	.6472011	.2918304	.06096858	0
918.15	0	.6478142	.2910958	.06109001	0
917.15	0	.6484463	.2903447	.06120904	0
916.15	0	.6490967	.2895776	.06132571	0
915.15	0	.6497645	.2887955	.06144006	0
914.15	0	.6504489	.287999	.06155212	0
913.15	0	.6511491	.287189	.06166191	0
912.15	0	.6518644	.2863662	.06176946	0
911.15	0	.6525941	.2855312	.0618748	0
910.15	0	.6533374	.2846847	.06197795	0
909.15	0	.6540936	.2838274	.06207894	0
908.15	0	.6548622	.28296	.0621778	0
907.15	0	.6556424	.2820831	.06227454	0
906.15	0	.6564336	.2811972	.06236919	0
905.15	0	.6572352	.280303	.06246176	0
904.15	0	.6580466	.2794011	.06255229	0
903.15	0	.6588672	.278492	.06264079	0
902.15	0	.6596965	.2775763	.06272729	0
901.15	0	.6605338	.2766544	.06281179	0
900.15	0	.6613787	.275727	.06289433	0
899.15	0	.6622306	.2747945	.06297491	0
898.15	0	.663089	.2738574	.06305356	0
897.15	0	.6639535	.2729162	.0631303	0
896.15	0	.6648235	.2719714	.06320515	0
895.15	0	.6656985	.2710233	.06327811	0
894.15	0	.6665782	.2700726	.06334922	0
893.15	0	.6674621	.2691194	.06341848	0
892.15	0	.6683497	.2681644	.06348591	0
891.15	0	.6692406	.2672079	.06355154	0
890.15	0	.6701344	.2662503	.06361537	0
889.15	0	.6710307	.2652919	.06367742	0
888.15	0	.6719291	.2643332	.06373772	0
887.15	0	.6728293	.2633745	.06379626	0
886.15	0	.6737308	.2624161	.06385308	0
885.15	0	.6746334	.2614584	.06390819	0
884.15	0	.6755366	.2605018	.06396161	0
883.15	0	.6764401	.2595465	.06401334	0
882.15	0	.6773437	.2585929	.06406341	0
881.15	0	.6782469	.2576413	.06411183	0
880.15	0	.6791495	.2566919	.06415863	0
879.15	0	.6800512	.255745	.0642038	0
878.15	0	.6809516	.254801	.06424738	0
877.15	0	.6818506	.25386	.06428938	0
876.15	0	.6827478	.2529224	.06432981	0
875.15	0	.6836429	.2519884	.06436869	0
874.15	0	.6845358	.2510582	.06440603	0
873.15	0	.6854261	.250132	.06444186	0
872.15	0	.6863136	.2492102	.06447618	0
871.15	0	.6871982	.2482928	.06450902	0
870.15	0	.6880794	.2473802	.0645404	0
869.15	0	.6889573	.2464724	.06457032	0
868.15	0	.6898315	.2455697	.0645988	0
867.15	0	.6907018	.2446723	.06462587	0
866.15	0	.6915681	.2437804	.06465153	0
865.15	0	.6924302	.242894	.06467581	0
864.15	0	.6932878	.2420135	.06469871	0
863.15	0	.6941409	.2411388	.06472026	0
862.15	0	.6949893	.2402702	.06474048	0
861.15	0	.6958328	.2394078	.06475938	0
860.15	0	.6966712	.2385518	.06477697	0
859.15	0	.6975045	.2377022	.06479328	0
858.15	0	.6983325	.2368592	.06480831	0
857.15	0	.6991551	.2360228	.06482209	0
856.15	0	.6999722	.2351932	.06483463	0
855.15	0	.7007835	.2343705	.06484595	0
854.15	0	.7015892	.2335548	.06485607	0
853.15	0	.702389	.2327461	.06486499	0
852.15	0	.7031828	.2319444	.06487274	0
851.15	0	.7039706	.23115	.06487933	0
850.15	0	.7047524	.2303629	.06488478	0
849.15	0	.7055279	.229583	.06488911	0
848.15	0	.7062972	.2288105	.06489233	0
847.15	0	.7070602	.2280454	.06489445	0
846.15	0	.7078168	.2272877	.06489549	0
845.15	0	.708567	.2265375	.06489546	0
844.15	0	.7093108	.2257948	.06489439	0
843.15	0	.7100481	.2250596	.06489229	0
842.15	0	.7107788	.224332	.06488916	0
841.15	0	.711503	.223612	.06488503	0
840.15	0	.7122206	.2228995	.06487991	0
839.15	0	.7129316	.2221946	.06487382	0
838.15	0	.713636	.2214973	.06486677	0
837.15	0	.7143337	.2208075	.06485877	0
836.15	0	.7150248	.2201253	.06484983	0
835.15	0	.7157093	.2194507	.06483998	0
834.15	0	.7163871	.2187836	.06482922	0
833.15	0	.7170583	.2181241	.06481757	0
832.15	0	.7177229	.2174721	.06480504	0
831.15	0	.7183808	.2168275	.06479164	0
830.15	0	.7190321	.2161905	.0647774	0
829.15	0	.7196769	.2155608	.06476231	0
828.15	0	.7203151	.2149386	.06474639	0
827.15	0	.7209467	.2143237	.06472966	0
826.15	0	.7215718	.2137161	.06471213	0
825.15	0	.7221904	.2131158	.0646938	0
824.15	0	.7228025	.2125228	.0646747	0
823.15	0	.7234082	.211937	.06465483	0
822.15	0	.7240075	.2113583	.0646342	0
821.15	0	.7246004	.2107868	.06461283	0
820.15	0	.725187	.2102223	.06459073	0
819.15	0	.7257673	.2096648	.0645679	0
818.15	0	.7263413	.2091143	.06454437	0
817.15	0	.7269091	.2085707	.06452013	0
816.15	0	.7274708	.208034	.0644952	0
815.15	0	.7280264	.2075041	.0644696	0
814.15	0	.7285758	.2069809	.06444332	0
813.15	0	.7291193	.2064643	.06441639	0
812.15	0	.7296567	.2059545	.06438881	0
811.15	0	.7301882	.2054512	.06436059	0
810.15	0	.7307139	.2049544	.06433174	0
809.15	0	.7312337	.2044641	.06430227	0
808.15	0	.7317477	.2039801	.06427219	0
807.15	0	.7322559	.2035026	.06424151	0
806.15	0	.7327585	.2030312	.06421024	0
805.15	0	.7332555	.2025662	.06417839	0
804.15	0	.7337468	.2021072	.06414596	0
803.15	0	.7342327	.2016544	.06411297	0
802.15	0	.734713	.2012076	.06407942	0
801.15	0	.735188	.2007667	.06404533	0
800.15	0	.7356575	.2003318	.0640107	0
799.15	0	.7361218	.1999027	.06397554	0
798.15	0	.7365807	.1994794	.06393986	0
797.15	0	.7370345	.1990619	.06390366	0
796.15	0	.737483	.19865	.06386697	0
795.15	0	.7379265	.1982437	.06382977	0
794.15	0	.7383649	.197843	.06379209	0
793.15	0	.7387983	.1974478	.06375392	0
792.15	0	.7392267	.197058	.06371528	0
791.15	0	.7396503	.1966736	.06367618	0
790.15	0	.7400689	.1962945	.06363662	0
789.15	0	.7404828	.1959206	.06359661	0
788.15	0	.7408919	.195552	.06355616	0
787.15	0	.7412963	.1951885	.06351527	0
786.15	0	.741696	.1948301	.06347396	0
785.15	0	.7420911	.1944767	.06343223	0
784.15	0	.7424817	.1941283	.06339008	0
783.15	0	.7428677	.1937848	.06334753	0
782.15	0	.7432493	.1934462	.06330457	0
781.15	0	.7436264	.1931124	.06326123	0
780.15	0	.7439992	.1927833	.0632175	0
779.15	0	.7443677	.192459	.0631734	0
778.15	0	.7447318	.1921393	.06312892	0
777.15	0	.7450918	.1918242	.06308408	0
776.15	0	.7454475	.1915136	.06303888	0
775.15	0	.7457991	.1912076	.06299333	0
774.15	0	.7461466	.190906	.06294743	0
773.15	0	.74649	.1906088	.06290119	0
772.15	0	.7468295	.1903159	.06285463	0
771.15	0	.7471649	.1900274	.06280774	0
770.15	0	.7474964	.1897431	.06276052	0
769.15	0	.747824	.189463	.062713	0
768.15	0	.7481478	.189187	.06266517	0
767.15	0	.7484678	.1889152	.06261703	0
766.15	0	.748784	.1886474	.06256861	0
765.15	0	.7490965	.1883836	.06251989	0
764.15	0	.7494053	.1881238	.06247089	0
763.15	0	.7497104	.187868	.06242161	0
762.15	0	.750012	.187616	.06237206	0
761.15	0	.7503099	.1873679	.06232224	0
760.15	0	.7506043	.1871235	.06227216	0
759.15	0	.7508953	.1868829	.06222183	0
758.15	0	.7511828	.186646	.06217124	0
757.15	0	.7514668	.1864128	.06212041	0
756.15	0	.7517475	.1861832	.06206935	0
755.15	0	.7520248	.1859572	.06201804	0
754.15	0	.7522988	.1857347	.06196651	0
753.15	0	.7525695	.1855157	.06191476	0
752.15	0	.752837	.1853002	.06186278	0
751.15	0	.7531013	.1850881	.0618106	0
750.15	0	.7533624	.1848794	.0617582	0
749.15	0	.7536203	.1846741	.0617056	0
748.15	0	.7538752	.184472	.0616528	0
747.15	0	.754127	.1842732	.0615998	0
746.15	0	.7543757	.1840777	.06154661	0
745.5751	0	.7545173	.1839667	.06151595	0
745.5751	0	.7545173	.1839667	.06151595	0
745.5751	0	.7545173	.1839667	.06151595	0
745.15	0	.7554299	.1826405	.06107762	8.519739E-04
744.15	0	.7575445	.1795588	.06005556	.002841146
743.15	0	.7596144	.1765301	.0590461	.004809352
742.15	0	.7616408	.1735533	.05804903	.006756921
741.15	0	.7636245	.1706272	.05706412	.008684173
740.15	0	.7655665	.1677509	.05609116	.01059143
739.15	0	.7674679	.1649231	.05512994	.01247899
738.15	0	.7693296	.162143	.05418023	.01434717
737.15	0	.7711523	.1594095	.05324185	.01619627
736.15	0	.7729371	.1567217	.05231458	.01802658
735.15	0	.7746848	.1540785	.05139823	.0198384
734.15	0	.7763963	.1514791	.0504926	.02163202
733.15	0	.7780723	.1489225	.0495975	.0234077
732.15	0	.7797136	.1464079	.04871275	.02516574
731.15	0	.7813212	.1439343	.04783814	.02690641
730.15	0	.7828956	.1415009	.04697352	.02862996
729.15	0	.7844378	.1391069	.04611869	.03033668
728.15	0	.7859483	.1367514	.04527348	.03202681
727.15	0	.7874281	.1344336	.04443772	.03370061
726.15	0	.7888776	.1321528	.04361124	.03535834
725.15	0	.7902977	.1299082	.04279388	.03700024
724.15	0	.791689	.127699	.04198547	.03862655
723.15	0	.7930522	.1255245	.04118584	.04023752
722.15	0	.7943878	.123384	.04039486	.04183337
721.15	0	.7956966	.1212768	.03961235	.04341435
720.15	0	.7969791	.1192021	.03883817	.04498067
719.15	0	.7982359	.1171594	.03807217	.04653257
718.15	0	.7994676	.1151479	.03731421	.04807025
717.15	0	.8006748	.1131671	.03656413	.04959396
716.15	0	.8018581	.1112162	.03582181	.05110388
715.15	0	.8030179	.1092947	.03508711	.05260023
714.15	0	.8041549	.107402	.03435988	.05408323
713.15	0	.8052694	.1055375	.03364	.05555306
712.15	0	.8063621	.1037006	.03292734	.05700994
711.15	0	.8074335	.1018907	.03222177	.05845406
710.15	0	.8084839	.1001073	.03152316	.05988561
709.15	0	.8095139	.0983499	.03083139	.06130477
708.15	0	.810524	.09661791	.03014635	.06271175
707.15	0	.8115145	.09491083	.02946791	.06410672
706.15	0	.812486	.09322817	.02879596	.06548986
705.15	0	.8134388	.09156942	.02813039	.06686135
704.15	0	.8143735	.08993412	.02747107	.06822136
703.15	0	.8152902	.08832178	.02681792	.06957007
702.15	0	.8161896	.08673195	.02617081	.07090765
701.15	0	.8170719	.08516418	.02552965	.07223425
700.15	0	.8179376	.08361802	.02489433	.07355006
699.15	0	.818787	.08209304	.02426475	.07485521
698.15	0	.8196205	.08058883	.02364082	.07614988
697.15	0	.8204384	.07910497	.02302243	.07743422
696.15	0	.8212411	.07764106	.02240948	.07870838
695.15	0	.8220289	.07619669	.0218019	.07997252
694.15	0	.8228021	.0747715	.02119959	.08122677
693.15	0	.8235612	.07336509	.02060245	.08247129
692.15	0	.8243063	.07197711	.0200104	.08370621
691.15	0	.8250378	.07060718	.01942336	.08493169
690.15	0	.825756	.06925495	.01884123	.08614785
689.15	0	.8264611	.06792008	.01826395	.08735483
688.15	0	.8271536	.06660224	.01769142	.08855277
687.15	0	.8278336	.06530108	.01712357	.0897418
686.15	0	.8285014	.06401629	.01656032	.09092205
685.15	0	.8291572	.06274754	.01600159	.09209364
684.15	0	.8298015	.06149453	.01544732	.0932567
683.15	0	.8304343	.06025695	.01489741	.09441135
682.15	0	.831056	.05903452	.01435182	.09555771
681.15	0	.8316667	.05782692	.01381046	.09669591
680.15	0	.8322668	.05663389	.01327326	.09782606
679.15	0	.8328564	.05545514	.01274016	.09894827
678.15	0	.8334359	.0542904	.01221109	.1000627
677.15	0	.8340053	.0531394	.01168599	.1011693
676.15	0	.8345649	.05200188	.0111648	.1022684
675.15	0	.835115	.05087759	.01064744	.10336
674.15	0	.8356557	.04976627	.01013386	.1044442
673.15	0	.8361872	.04866769	.009624007	.1055211
672.15	0	.8367098	.04758159	.009117811	.1065908
671.15	0	.8372236	.04650774	.008615219	.1076535
670.15	0	.8377287	.04544593	.008116173	.1087092
669.15	0	.8382255	.04439591	.007620618	.1097579
668.15	0	.8387141	.04335747	.007128501	.1107999
667.15	0	.8391946	.04233039	.006639767	.1118353
666.15	0	.8396672	.04131446	.006154364	.112864
665.15	0	.8401321	.04030947	.005672242	.1138862
664.15	0	.8405895	.03931523	.00519335	.1149019
663.15	0	.8410395	.03833152	.004717639	.1159114
662.15	0	.8414827	.03735762	.004244828	.1169149
661.15	0	.8419182	.0363945	.003775369	.1179119
660.15	0	.8423469	.03544134	.003308943	.1189028
659.15	0	.8427688	.03449795	.002845508	.1198878
658.15	0	.843184	.03356415	.002385017	.1208668
657.15	0	.8435927	.03263978	.001927427	.1218401
656.15	0	.8439951	.03172466	.001472696	.1228075
655.15	0	.8443912	.03081863	.001020783	.1237694
654.15	0	.8447813	.02992151	5.716449E-04	.1247256
653.15	0	.8451653	.02903314	1.252428E-04	.1256763
652.8683	0	.8452725	.02878449	0	.1259431
652.8683	0	.8452725	.02878449	0	.1259431
652.15	0	.8452021	.02878039	0	.1260175
651.15	0	.8451035	.02877765	0	.1261188
650.15	0	.8450042	.02877829	0	.1262175
649.15	0	.8449042	.02878226	0	.1263135
648.15	0	.8448035	.02878949	0	.126407
647.15	0	.8447022	.02879992	0	.1264979
646.15	0	.8446001	.02881348	0	.1265864
645.15	0	.8444975	.02883013	0	.1266724
644.15	0	.8443941	.02884979	0	.1267561
643.15	0	.8442902	.02887241	0	.1268374
642.15	0	.8441857	.02889794	0	.1269164
641.15	0	.8440805	.0289263	0	.1269932
640.15	0	.8439748	.02895746	0	.1270677
639.15	0	.8438686	.02899135	0	.1271401
638.15	0	.8437618	.02902791	0	.1272103
637.15	0	.8436544	.02906709	0	.1272785
636.15	0	.8435465	.02910883	0	.1273446
635.15	0	.8434382	.02915309	0	.1274088
634.15	0	.8433293	.02919981	0	.1274709
633.15	0	.8432199	.02924893	0	.1275312
632.15	0	.84311	.0293004	0	.1275896
631.15	0	.8429997	.02935418	0	.1276461
630.15	0	.842889	.02941021	0	.1277008
629.15	0	.8427778	.02946844	0	.1277538
628.15	0	.8426661	.02952882	0	.1278051
627.15	0	.8425541	.02959131	0	.1278546
626.15	0	.8424416	.02965586	0	.1279025
625.15	0	.8423288	.02972241	0	.1279488
624.15	0	.8422155	.02979093	0	.1279936
623.15	0	.8421019	.02986136	0	.1280368
622.15	0	.8419879	.02993366	0	.1280785
621.15	0	.8418736	.03000779	0	.1281187
620.15	0	.8417589	.0300837	0	.1281575
619.15	0	.8416438	.03016135	0	.1281948
618.15	0	.8415285	.03024069	0	.1282309
617.15	0	.8414128	.03032169	0	.1282655
616.15	0	.8412968	.0304043	0	.1282989
615.15	0	.8411805	.03048848	0	.128331
614.15	0	.8410639	.0305742	0	.1283619
613.15	0	.840947	.0306614	0	.1283916
612.15	0	.8408299	.03075005	0	.1284201
611.15	0	.8407125	.03084012	0	.1284474
610.15	0	.8405948	.03093157	0	.1284737
609.15	0	.8404768	.03102435	0	.1284988
608.15	0	.8403587	.03111844	0	.1285229
607.15	0	.8402403	.03121379	0	.1285459
606.15	0	.8401217	.03131037	0	.128568
605.15	0	.8400028	.03140815	0	.1285891
604.15	0	.8398837	.03150709	0	.1286092
603.15	0	.8397645	.03160716	0	.1286284
602.15	0	.839645	.03170832	0	.1286467
601.15	0	.8395254	.03181054	0	.1286641
600.15	0	.8394055	.03191379	0	.1286807
599.15	0	.8392855	.03201804	0	.1286964
598.15	0	.8391654	.03212326	0	.1287114
597.15	0	.839045	.03222942	0	.1287256
596.15	0	.8389245	.03233648	0	.128739
595.15	0	.8388039	.03244442	0	.1287517
594.15	0	.8386831	.0325532	0	.1287637
593.15	0	.8385622	.03266281	0	.128775
592.15	0	.8384411	.03277321	0	.1287857
591.15	0	.83832	.03288437	0	.1287957
590.15	0	.8381987	.03299627	0	.128805
589.15	0	.8380773	.03310889	0	.1288138
588.15	0	.8379558	.03322219	0	.128822
587.15	0	.8378342	.03333614	0	.1288296
586.15	0	.8377126	.03345074	0	.1288367
585.15	0	.8375908	.03356594	0	.1288432
584.15	0	.837469	.03368173	0	.1288493
583.15	0	.8373471	.03379808	0	.1288549
582.15	0	.8372251	.03391498	0	.1288599
581.15	0	.837103	.03403238	0	.1288646
580.15	0	.836981	.03415029	0	.1288688
579.15	0	.8368588	.03426866	0	.1288725
578.15	0	.8367366	.03438748	0	.1288759
577.15	0	.8366144	.03450674	0	.1288789
576.15	0	.8364921	.0346264	0	.1288815
575.15	0	.8363698	.03474645	0	.1288837
574.15	0	.8362475	.03486686	0	.1288856
573.15	0	.8361252	.03498763	0	.1288872
572.15	0	.8360029	.03510872	0	.1288884
571.15	0	.8358805	.03523013	0	.1288894
570.15	0	.8357582	.03535182	0	.12889
569.15	0	.8356358	.03547379	0	.1288904
568.15	0	.8355135	.03559601	0	.1288905
567.15	0	.8353911	.03571847	0	.1288904
566.15	0	.8352688	.03584115	0	.12889
565.15	0	.8351465	.03596403	0	.1288894
564.15	0	.8350243	.0360871	0	.1288886
563.15	0	.834902	.03621034	0	.1288876
562.15	0	.8347798	.03633374	0	.1288864
561.15	0	.8346577	.03645727	0	.1288851
560.15	0	.8345356	.03658093	0	.1288835
559.15	0	.8344135	.03670469	0	.1288818
558.15	0	.8342915	.03682855	0	.1288799
557.15	0	.8341696	.03695249	0	.1288779
556.15	0	.8340477	.03707649	0	.1288758
555.15	0	.8339259	.03720054	0	.1288736
554.15	0	.8338041	.03732463	0	.1288712
553.15	0	.8336825	.03744874	0	.1288688
552.15	0	.8335609	.03757286	0	.1288663
551.15	0	.8334394	.03769698	0	.1288636
550.15	0	.833318	.03782108	0	.1288609
549.15	0	.8331967	.03794516	0	.1288582
548.15	0	.8330754	.03806919	0	.1288554
547.15	0	.8329543	.03819317	0	.1288525
546.15	0	.8328333	.03831709	0	.1288496
545.15	0	.8327124	.03844093	0	.1288466
544.15	0	.8325916	.03856469	0	.1288437
543.15	0	.832471	.03868835	0	.1288407
542.15	0	.8323504	.03881189	0	.1288377
541.15	0	.83223	.03893532	0	.1288347
540.15	0	.8321097	.03905861	0	.1288317
539.15	0	.8319895	.03918177	0	.1288287
538.15	0	.8318695	.03930477	0	.1288257
537.15	0	.8317497	.03942762	0	.1288227
536.15	0	.8316299	.03955029	0	.1288198
535.15	0	.8315103	.03967278	0	.1288169
534.15	0	.8313909	.03979508	0	.128814
533.15	0	.8312716	.03991719	0	.1288112
532.15	0	.8311525	.04003908	0	.1288084
531.15	0	.8310335	.04016076	0	.1288057
530.15	0	.8309148	.04028221	0	.128803
529.15	0	.8307961	.04040343	0	.1288004
528.15	0	.8306777	.0405244	0	.1287979
527.15	0	.8305594	.04064513	0	.1287955
526.15	0	.8304413	.04076559	0	.1287931
525.15	0	.8303234	.04088579	0	.1287908
524.15	0	.8302057	.04100571	0	.1287886
523.15	0	.8300882	.04112535	0	.1287865
522.15	0	.8299709	.0412447	0	.1287845
521.15	0	.8298537	.04136375	0	.1287825
520.15	0	.8297368	.0414825	0	.1287807
519.15	0	.8296201	.04160093	0	.128779
518.15	0	.8295035	.04171905	0	.1287774
517.15	0	.8293872	.04183684	0	.1287759
516.15	0	.8292711	.0419543	0	.1287746
515.15	0	.8291553	.04207141	0	.1287733
514.15	0	.8290396	.04218818	0	.1287722
513.15	0	.8289242	.0423046	0	.1287712
512.15	0	.828809	.04242066	0	.1287704
511.15	0	.828694	.04253636	0	.1287697
510.15	0	.8285792	.04265169	0	.1287691
509.15	0	.8284648	.04276663	0	.1287686
508.15	0	.8283505	.0428812	0	.1287683
507.15	0	.8282365	.04299538	0	.1287682
506.15	0	.8281227	.04310916	0	.1287682
505.15	0	.8280091	.04322255	0	.1287683
504.15	0	.8278959	.04333553	0	.1287686
503.15	0	.8277829	.04344809	0	.1287691
502.15	0	.8276701	.04356025	0	.1287697
501.15	0	.8275576	.04367198	0	.1287704
500.15	0	.8274453	.04378329	0	.1287714
499.15	0	.8273334	.04389416	0	.1287725
498.15	0	.8272217	.0440046	0	.1287737
497.15	0	.8271102	.0441146	0	.1287752
496.15	0	.8269991	.04422416	0	.1287768
495.15	0	.8268882	.04433326	0	.1287786
494.15	0	.8267776	.04444191	0	.1287805
493.15	0	.8266673	.0445501	0	.1287826
492.15	0	.8265572	.04465783	0	.1287849
491.15	0	.8264475	.04476509	0	.1287874
490.15	0	.826338	.04487188	0	.1287901
489.15	0	.8262289	.0449782	0	.1287929
488.15	0	.82612	.04508403	0	.1287959
487.15	0	.8260115	.04518938	0	.1287992
486.15	0	.8259032	.04529424	0	.1288026
485.15	0	.8257952	.04539861	0	.1288062
484.15	0	.8256876	.04550248	0	.1288099
483.15	0	.8255803	.04560585	0	.1288139
482.15	0	.8254732	.04570872	0	.128818
481.15	0	.8253665	.04581109	0	.1288224
480.15	0	.8252601	.04591294	0	.1288269
479.15	0	.8251541	.04601428	0	.1288317
478.15	0	.8250483	.0461151	0	.1288366
477.15	0	.8249429	.0462154	0	.1288417
476.15	0	.8248378	.04631518	0	.128847
475.15	0	.824733	.04641443	0	.1288525
474.15	0	.8246286	.04651315	0	.1288582
473.15	0	.8245245	.04661133	0	.1288642
472.15	0	.8244208	.04670898	0	.1288703
471.15	0	.8243173	.04680609	0	.1288766
470.15	0	.8242143	.04690266	0	.1288831
469.15	0	.8241115	.04699868	0	.1288898
468.15	0	.8240091	.04709416	0	.1288967
467.15	0	.8239071	.04718908	0	.1289038
466.15	0	.8238054	.04728345	0	.1289111
465.15	0	.8237041	.04737726	0	.1289186
464.15	0	.8236031	.04747051	0	.1289264
463.15	0	.8235025	.0475632	0	.1289343
462.15	0	.8234023	.04765533	0	.1289424
461.15	0	.8233024	.04774689	0	.1289508
460.15	0	.8232028	.04783788	0	.1289593
459.15	0	.8231037	.0479283	0	.128968
458.15	0	.8230049	.04801815	0	.128977
457.15	0	.8229065	.04810742	0	.1289861
456.15	0	.8228084	.0481961	0	.1289955
455.15	0	.8227107	.04828421	0	.1290051
454.15	0	.8226135	.04837174	0	.1290148
453.15	0	.8225165	.04845868	0	.1290248
452.15	0	.82242	.04854504	0	.129035
451.15	0	.8223239	.0486308	0	.1290453
450.15	0	.8222281	.04871598	0	.1290559
449.15	0	.8221328	.04880045	0	.1290667
448.15	0	.8220379	.04888432	0	.1290778
447.15	0	.8219434	.04896756	0	.129089
446.15	0	.8218494	.04905018	0	.1291005
445.15	0	.8217557	.04913216	0	.1291121
444.15	0	.8216625	.04921349	0	.129124
443.15	0	.8215698	.04929417	0	.1291361
442.15	0	.8214774	.04937418	0	.1291484
441.15	0	.8213856	.0494535	0	.1291609
440.15	0	.8212942	.04953214	0	.1291737
439.15	0	.8212033	.04961009	0	.1291866
438.15	0	.8211129	.04968733	0	.1291998
437.15	0	.8210229	.04976386	0	.1292132
436.15	0	.8209335	.04983967	0	.1292269
435.15	0	.8208445	.04991476	0	.1292407
434.15	0	.820756	.04998911	0	.1292548
433.15	0	.8206681	.05006272	0	.1292692
432.15	0	.8205807	.05013559	0	.1292837
431.15	0	.8204938	.0502077	0	.1292985
430.15	0	.8204075	.05027906	0	.1293135
429.15	0	.8203216	.05034966	0	.1293287
428.15	0	.8202363	.05041949	0	.1293442
427.15	0	.8201516	.05048856	0	.1293598
426.15	0	.8200674	.05055684	0	.1293758
425.15	0	.8199838	.05062435	0	.1293919
424.15	0	.8199007	.05069108	0	.1294083
423.15	0	.8198181	.05075703	0	.1294249
422.15	0	.8197361	.05082218	0	.1294417
421.15	0	.8196547	.05088655	0	.1294587
420.15	0	.8195739	.05095012	0	.129476
419.15	0	.8194936	.0510129	0	.1294935
418.15	0	.8194139	.05107489	0	.1295112
417.15	0	.8193348	.05113608	0	.1295292
416.15	0	.8192562	.05119646	0	.1295473
415.15	0	.8191782	.05125605	0	.1295657
414.15	0	.8191008	.05131484	0	.1295843
413.15	0	.819024	.05137283	0	.1296032
412.15	0	.8189478	.05143002	0	.1296222
411.15	0	.8188721	.0514864	0	.1296415
410.15	0	.818797	.05154199	0	.129661
409.15	0	.8187226	.05159677	0	.1296807
408.15	0	.8186487	.05165076	0	.1297006
407.15	0	.8185753	.05170394	0	.1297207
406.15	0	.8185026	.05175633	0	.1297411
405.15	0	.8184305	.05180792	0	.1297616
404.15	0	.8183589	.05185871	0	.1297824
403.15	0	.8182879	.05190872	0	.1298033
402.15	0	.8182176	.05195792	0	.1298245
401.15	0	.8181478	.05200634	0	.1298459
400.15	0	.8180786	.05205396	0	.1298675
399.15	0	.8180099	.0521008	0	.1298893
398.15	0	.8179419	.05214686	0	.1299113
397.15	0	.8178744	.05219213	0	.1299334
396.15	0	.8178075	.05223663	0	.1299558
395.15	0	.8177413	.05228035	0	.1299784
394.15	0	.8176755	.05232329	0	.1300012
393.15	0	.8176104	.05236546	0	.1300242
392.15	0	.8175458	.05240687	0	.1300473
391.15	0	.8174818	.05244751	0	.1300707
390.15	0	.8174184	.05248739	0	.1300942
389.15	0	.8173556	.05252651	0	.1301179
388.15	0	.8172933	.05256488	0	.1301418
387.15	0	.8172316	.05260249	0	.1301659
386.15	0	.8171705	.05263936	0	.1301902
385.15	0	.8171099	.05267549	0	.1302146
384.15	0	.8170499	.05271088	0	.1302392
383.15	0	.8169904	.05274553	0	.130264
382.15	0	.8169316	.05277946	0	.130289
381.15	0	.8168732	.05281265	0	.1303141
380.15	0	.8168154	.05284512	0	.1303394
379.15	0	.8167582	.05287688	0	.1303649
378.15	0	.8167015	.05290792	0	.1303906
377.15	0	.8166454	.05293826	0	.1304164
