T	 BPW(LIQUID)	BPW(BCC_A2)	BPW(FCC_A1)	BPW(LAVES_PHASE_C14)	BPW(NI3TI)
1473.15	0	1	0	0	0
1472.15	0	1	0	0	0
1471.15	0	1	0	0	0
1470.15	0	1	0	0	0
1469.15	0	1	0	0	0
1468.15	0	1	0	0	0
1467.15	0	1	0	0	0
1466.15	0	1	0	0	0
1465.15	0	1	0	0	0
1464.15	0	1	0	0	0
1463.15	0	1	0	0	0
1462.15	0	1	0	0	0
1461.15	0	1	0	0	0
1460.15	0	1	0	0	0
1459.15	0	1	0	0	0
1458.15	0	1	0	0	0
1457.15	0	1	0	0	0
1456.15	0	1	0	0	0
1455.15	0	1	0	0	0
1454.15	0	1	0	0	0
1453.15	0	1	0	0	0
1452.15	0	1	0	0	0
1451.15	0	1	0	0	0
1450.15	0	1	0	0	0
1449.15	0	1	0	0	0
1448.15	0	1	0	0	0
1447.15	0	1	0	0	0
1446.15	0	1	0	0	0
1445.15	0	1	0	0	0
1444.15	0	1	0	0	0
1443.15	0	1	0	0	0
1442.15	0	1	0	0	0
1441.15	0	1	0	0	0
1440.15	0	1	0	0	0
1439.15	0	1	0	0	0
1438.15	0	1	0	0	0
1437.15	0	1	0	0	0
1436.15	0	1	0	0	0
1435.15	0	1	0	0	0
1434.15	0	1	0	0	0
1433.15	0	1	0	0	0
1432.15	0	1	0	0	0
1431.15	0	1	0	0	0
1430.15	0	1	0	0	0
1429.15	0	1	0	0	0
1428.15	0	1	0	0	0
1427.15	0	1	0	0	0
1426.15	0	1	0	0	0
1425.15	0	1	0	0	0
1424.15	0	1	0	0	0
1423.15	0	1	0	0	0
1422.15	0	1	0	0	0
1421.15	0	1	0	0	0
1420.15	0	1	0	0	0
1419.15	0	1	0	0	0
1418.15	0	1	0	0	0
1417.99	0	1	0	0	0
1417.99	0	1	0	0	0
1417.99	0	1	0	0	0
1417.15	0	.9993887	0	6.112576E-04	0
1416.15	0	.9986628	0	.001337208	0
1415.15	0	.9979386	0	.002061371	0
1414.15	0	.9972163	0	.002783751	0
1413.15	0	.9964956	0	.003504356	0
1412.15	0	.9957768	0	.00422319	0
1411.15	0	.9950597	0	.00494026	0
1410.15	0	.9943444	0	.005655572	0
1409.15	0	.9936309	0	.006369131	0
1408.15	0	.9929191	0	.007080944	0
1407.15	0	.992209	0	.007791016	0
1406.15	0	.9915007	0	.008499354	0
1405.15	0	.990794	0	.009205963	0
1404.15	0	.9900892	0	.009910848	0
1403.15	0	.989386	0	.01061402	0
1402.15	0	.9886845	0	.01131547	0
1401.15	0	.9879848	0	.01201522	0
1400.15	0	.9872867	0	.01271327	0
1399.15	0	.9865904	0	.01340963	0
1398.15	0	.9858957	0	.01410429	0
1397.15	0	.9852027	0	.01479727	0
1396.15	0	.9845114	0	.01548858	0
1395.15	0	.9838218	0	.01617821	0
1394.15	0	.9831338	0	.01686617	0
1393.15	0	.9824475	0	.01755247	0
1392.15	0	.9817629	0	.01823712	0
1391.15	0	.9810799	0	.01892012	0
1390.15	0	.9803985	0	.01960147	0
1389.15	0	.9797188	0	.02028118	0
1388.15	0	.9790408	0	.02095925	0
1387.15	0	.9783643	0	.0216357	0
1386.15	0	.9776895	0	.02231052	0
1385.15	0	.9770163	0	.02298372	0
1384.15	0	.9763447	0	.02365531	0
1383.15	0	.9756747	0	.02432529	0
1382.15	0	.9750063	0	.02499367	0
1381.15	0	.9743396	0	.02566045	0
1380.15	0	.9736744	0	.02632564	0
1379.15	0	.9730108	0	.02698924	0
1378.15	0	.9723487	0	.02765126	0
1377.15	0	.9716883	0	.0283117	0
1376.15	0	.9710294	0	.02897056	0
1375.15	0	.9703721	0	.02962786	0
1374.15	0	.9697164	0	.0302836	0
1373.15	0	.9690622	0	.03093778	0
1372.15	0	.9684096	0	.03159041	0
1371.15	0	.9677585	0	.03224149	0
1370.15	0	.967109	0	.03289102	0
1369.15	0	.966461	0	.03353902	0
1368.15	0	.9658145	0	.03418549	0
1367.15	0	.9651696	0	.03483043	0
1366.15	0	.9645262	0	.03547384	0
1365.15	0	.9638843	0	.03611574	0
1364.15	0	.9632439	0	.03675612	0
1363.15	0	.962605	0	.037395	0
1362.15	0	.9619676	0	.03803237	0
1361.15	0	.9613318	0	.03866824	0
1360.15	0	.9606974	0	.03930261	0
1359.15	0	.9600645	0	.0399355	0
1358.15	0	.9594331	0	.0405669	0
1357.15	0	.9588032	0	.04119682	0
1356.15	0	.9581747	0	.04182526	0
1355.15	0	.9575478	0	.04245223	0
1354.15	0	.9569223	0	.04307774	0
1353.15	0	.9562982	0	.04370178	0
1352.15	0	.9556756	0	.04432436	0
1351.15	0	.9550545	0	.04494549	0
1350.15	0	.9544348	0	.04556517	0
1349.15	0	.9538166	0	.04618341	0
1348.15	0	.9531998	0	.04680021	0
1347.15	0	.9525844	0	.04741557	0
1346.15	0	.9519705	0	.0480295	0
1345.15	0	.951358	0	.048642	0
1344.15	0	.9507469	0	.04925308	0
1343.15	0	.9501373	0	.04986274	0
1342.15	0	.949529	0	.05047098	0
1341.15	0	.9489222	0	.05107782	0
1340.15	0	.9483168	0	.05168325	0
1339.15	0	.9477127	0	.05228728	0
1338.15	0	.9471101	0	.05288992	0
1337.15	0	.9465088	0	.05349116	0
1336.15	0	.945909	0	.05409101	0
1335.15	0	.9453105	0	.05468948	0
1334.15	0	.9447134	0	.05528657	0
1333.15	0	.9441177	0	.05588228	0
1332.15	0	.9435234	0	.05647662	0
1331.15	0	.9429304	0	.05706959	0
1330.15	0	.9423388	0	.0576612	0
1329.15	0	.9417486	0	.05825145	0
1328.15	0	.9411597	0	.05884034	0
1327.15	0	.9405721	0	.05942789	0
1326.15	0	.9399859	0	.06001408	0
1325.15	0	.9394011	0	.06059893	0
1324.15	0	.9388176	0	.06118244	0
1323.15	0	.9382354	0	.06176462	0
1322.15	0	.9376545	0	.06234546	0
1321.15	0	.937075	0	.06292498	0
1320.15	0	.9364968	0	.06350317	0
1319.15	0	.93592	0	.06408004	0
1318.15	0	.9353444	0	.0646556	0
1317.15	0	.9347702	0	.06522984	0
1316.15	0	.9341972	0	.06580278	0
1315.15	0	.9336256	0	.06637441	0
1314.15	0	.9330553	0	.06694474	0
1313.15	0	.9324862	0	.06751377	0
1312.15	0	.9319185	0	.06808151	0
1311.15	0	.931352	0	.06864796	0
1310.15	0	.9307869	0	.06921313	0
1309.15	0	.930223	0	.06977701	0
1308.15	0	.9296604	0	.07033961	0
1307.15	0	.9290991	0	.07090094	0
1306.15	0	.928539	0	.071461	0
1305.15	0	.9279802	0	.07201979	0
1304.15	0	.9274227	0	.07257732	0
1303.15	0	.9268664	0	.07313359	0
1302.15	0	.9263114	0	.0736886	0
1301.15	0	.9257576	0	.07424236	0
1300.15	0	.9252051	0	.07479487	0
1299.15	0	.9246539	0	.07534613	0
1298.15	0	.9241039	0	.07589615	0
1297.15	0	.9235551	0	.07644493	0
1296.15	0	.9230075	0	.07699248	0
1295.15	0	.9224612	0	.07753879	0
1294.15	0	.9219161	0	.07808388	0
1293.15	0	.9213723	0	.07862774	0
1292.15	0	.9208296	0	.07917038	0
1291.15	0	.9202882	0	.0797118	0
1290.15	0	.919748	0	.08025201	0
1289.15	0	.919209	0	.08079101	0
1288.15	0	.9186712	0	.0813288	0
1287.15	0	.9181346	0	.08186538	0
1286.15	0	.9175992	0	.08240077	0
1285.15	0	.9170651	0	.08293496	0
1284.15	0	.9165321	0	.08346795	0
1283.15	0	.9160002	0	.08399975	0
1282.15	0	.9154696	0	.08453036	0
1281.15	0	.9149402	0	.08505979	0
1280.15	0	.914412	0	.08558804	0
1279.15	0	.9138849	0	.0861151	0
1278.15	0	.913359	0	.086641	0
1277.15	0	.9128343	0	.08716572	0
1276.15	0	.9123107	0	.08768928	0
1275.15	0	.9117883	0	.08821167	0
1274.15	0	.9112671	0	.08873289	0
1273.15	0	.910747	0	.08925296	0
1272.15	0	.9102281	0	.08977188	0
1271.15	0	.9097104	0	.09028964	0
1270.15	0	.9091938	0	.09080625	0
1269.15	0	.9086783	0	.09132171	0
1268.15	0	.908164	0	.09183604	0
1267.15	0	.9076508	0	.09234922	0
1266.15	0	.9071387	0	.09286126	0
1265.15	0	.9066278	0	.09337217	0
1264.15	0	.9061181	0	.09388195	0
1263.15	0	.9056094	0	.0943906	0
1262.15	0	.9051019	0	.09489813	0
1261.15	0	.9045955	0	.09540454	0
1260.15	0	.9040902	0	.09590982	0
1259.15	0	.903586	0	.09641399	0
1258.15	0	.9030829	0	.09691705	0
1257.15	0	.902581	0	.097419	0
1256.15	0	.9020802	0	.09791984	0
1255.15	0	.9015804	0	.09841957	0
1254.15	0	.9010818	0	.09891821	0
1253.15	0	.9005843	0	.09941574	0
1252.15	0	.9000878	0	.09991219	0
1251.15	0	.8995925	0	.1004075	0
1250.15	0	.8990982	0	.1009018	0
1249.15	0	.898605	0	.101395	0
1248.15	0	.898113	0	.1018871	0
1247.15	0	.8976219	0	.1023781	0
1246.15	0	.897132	0	.102868	0
1245.15	0	.8966432	0	.1033568	0
1244.15	0	.8961554	0	.1038446	0
1243.15	0	.8956687	0	.1043313	0
1242.15	0	.895183	0	.104817	0
1241.15	0	.8946985	0	.1053015	0
1240.15	0	.8942149	0	.1057851	0
1239.15	0	.8937325	0	.1062675	0
1238.15	0	.8932511	0	.1067489	0
1237.15	0	.8927708	0	.1072293	0
1236.15	0	.8922914	0	.1077086	0
1235.15	0	.8918132	0	.1081868	0
1234.15	0	.891336	0	.108664	0
1233.15	0	.8908599	0	.1091401	0
1232.15	0	.8903847	0	.1096153	0
1231.15	0	.8899107	0	.1100894	0
1230.15	0	.8894376	0	.1105624	0
1229.15	0	.8889656	0	.1110344	0
1228.15	0	.8884946	0	.1115054	0
1227.15	0	.8880247	0	.1119753	0
1226.15	0	.8875557	0	.1124443	0
1225.15	0	.8870878	0	.1129122	0
1224.15	0	.886621	0	.113379	0
1223.15	0	.8861551	0	.1138449	0
1222.15	0	.8856902	0	.1143098	0
1221.15	0	.8852264	0	.1147736	0
1220.15	0	.8847635	0	.1152365	0
1219.15	0	.8843017	0	.1156983	0
1218.15	0	.8838409	0	.1161591	0
1217.15	0	.8833811	0	.1166189	0
1216.15	0	.8829223	0	.1170777	0
1215.15	0	.8824645	0	.1175356	0
1214.15	0	.8820076	0	.1179924	0
1213.15	0	.8815518	0	.1184482	0
1212.15	0	.881097	0	.118903	0
1211.15	0	.8806431	0	.1193569	0
1210.15	0	.8801902	0	.1198098	0
1209.15	0	.8797383	0	.1202617	0
1208.15	0	.8792874	0	.1207126	0
1207.15	0	.8788375	0	.1211625	0
1206.15	0	.8783886	0	.1216114	0
1205.15	0	.8779406	0	.1220594	0
1204.15	0	.8774936	0	.1225064	0
1203.15	0	.8770475	0	.1229525	0
1202.15	0	.8766025	0	.1233975	0
1201.15	0	.8761584	0	.1238416	0
1200.15	0	.8757152	0	.1242848	0
1199.15	0	.875273	0	.124727	0
1198.15	0	.8748318	0	.1251682	0
1197.15	0	.8743915	0	.1256085	0
1196.15	0	.8739522	0	.1260478	0
1195.15	0	.8735138	0	.1264862	0
1194.15	0	.8730764	0	.1269236	0
1193.15	0	.8726399	0	.1273601	0
1192.15	0	.8722044	0	.1277956	0
1191.15	0	.8717698	0	.1282302	0
1190.15	0	.8713362	0	.1286638	0
1189.15	0	.8709035	0	.1290965	0
1188.15	0	.8704717	0	.1295283	0
1187.15	0	.8700409	0	.1299591	0
1186.15	0	.869611	0	.1303891	0
1185.15	0	.869182	0	.130818	0
1184.15	0	.8687539	0	.1312461	0
1183.15	0	.8683268	0	.1316732	0
1182.15	0	.8679006	0	.1320994	0
1181.15	0	.8674753	0	.1325247	0
1180.15	0	.8670509	0	.1329491	0
1179.15	0	.8666275	0	.1333725	0
1178.15	0	.8662049	0	.1337951	0
1177.15	0	.8657833	0	.1342167	0
1176.15	0	.8653626	0	.1346374	0
1175.15	0	.8649428	0	.1350572	0
1174.15	0	.8645239	0	.1354761	0
1173.15	0	.8641059	0	.1358941	0
1172.15	0	.8636888	0	.1363112	0
1171.15	0	.8632726	0	.1367274	0
1170.15	0	.8628573	0	.1371427	0
1169.15	0	.8624429	0	.1375571	0
1168.15	0	.8620294	0	.1379706	0
1167.15	0	.8616168	0	.1383832	0
1166.15	0	.861205	0	.138795	0
1165.15	0	.8607942	0	.1392058	0
1164.15	0	.8603843	0	.1396158	0
1163.15	0	.8599752	0	.1400248	0
1162.15	0	.859567	0	.140433	0
1161.15	0	.8591597	0	.1408403	0
1160.15	0	.8587533	0	.1412467	0
1159.15	0	.8583477	0	.1416523	0
1158.15	0	.8579431	0	.142057	0
1157.15	0	.8575392	0	.1424608	0
1156.15	0	.8571363	0	.1428637	0
1155.15	0	.8567343	0	.1432657	0
1154.15	0	.856333	0	.143667	0
1153.15	0	.8559327	0	.1440673	0
1152.15	0	.8555333	0	.1444668	0
1151.15	0	.8551346	0	.1448654	0
1150.15	0	.8547369	0	.1452631	0
1149.15	0	.85434	0	.14566	0
1148.15	0	.853944	0	.146056	0
1147.15	0	.8535488	0	.1464512	0
1146.15	0	.8531545	0	.1468455	0
1145.15	0	.852761	0	.147239	0
1144.15	0	.8523684	0	.1476316	0
1143.15	0	.8519766	0	.1480234	0
1142.15	0	.8515857	0	.1484143	0
1141.15	0	.8511956	0	.1488044	0
1140.15	0	.8508064	0	.1491937	0
1139.15	0	.8504179	0	.1495821	0
1138.15	0	.8500304	0	.1499696	0
1137.15	0	.8496436	0	.1503564	0
1136.15	0	.8492578	0	.1507423	0
1135.15	0	.8488727	0	.1511273	0
1134.15	0	.8484885	0	.1515115	0
1133.15	0	.8481051	0	.1518949	0
1132.15	0	.8477225	0	.1522775	0
1131.15	0	.8473407	0	.1526593	0
1130.15	0	.8469598	0	.1530402	0
1129.15	0	.8465797	0	.1534203	0
1128.15	0	.8462004	0	.1537996	0
1127.15	0	.845822	0	.154178	0
1126.15	0	.8454443	0	.1545557	0
1125.15	0	.8450675	0	.1549325	0
1124.15	0	.8446915	0	.1553085	0
1123.15	0	.8443163	0	.1556837	0
1122.15	0	.8439419	0	.1560581	0
1121.15	0	.8435684	0	.1564316	0
1120.15	0	.8431956	0	.1568044	0
1119.15	0	.8428236	0	.1571764	0
1118.15	0	.8424525	0	.1575475	0
1117.15	0	.8420821	0	.1579179	0
1116.15	0	.8417126	0	.1582874	0
1115.15	0	.8413438	0	.1586562	0
1114.15	0	.8409759	0	.1590241	0
1113.15	0	.8406087	0	.1593913	0
1112.15	0	.8402424	0	.1597576	0
1111.15	0	.8398768	0	.1601232	0
1110.15	0	.8395121	0	.1604879	0
1109.15	0	.8391481	0	.1608519	0
1108.15	0	.8387849	0	.1612151	0
1107.15	0	.8384225	0	.1615775	0
1106.15	0	.8380609	0	.1619391	0
1105.15	0	.8377001	0	.1623	0
1104.15	0	.83734	0	.16266	0
1103.15	0	.8369808	0	.1630193	0
1102.15	0	.8366223	0	.1633777	0
1101.15	0	.8362646	0	.1637354	0
1100.15	0	.8359076	0	.1640924	0
1099.15	0	.8355515	0	.1644485	0
1098.15	0	.8351961	0	.1648039	0
1097.15	0	.8348415	0	.1651585	0
1096.15	0	.8344877	0	.1655123	0
1095.15	0	.8341346	0	.1658654	0
1094.15	0	.8337824	0	.1662176	0
1093.15	0	.8334308	0	.1665692	0
1092.15	0	.8330801	0	.1669199	0
1091.15	0	.8327301	0	.1672699	0
1090.15	0	.8323809	0	.1676191	0
1089.15	0	.8320324	0	.1679676	0
1088.15	0	.8316847	0	.1683153	0
1087.15	0	.8313377	0	.1686623	0
1086.15	0	.8309916	0	.1690084	0
1085.15	0	.8306461	0	.1693539	0
1084.15	0	.8303015	0	.1696985	0
1083.15	0	.8299575	0	.1700425	0
1082.15	0	.8296144	0	.1703856	0
1081.15	0	.829272	0	.170728	0
1080.15	0	.8289303	0	.1710697	0
1079.15	0	.8285894	0	.1714106	0
1078.15	0	.8282492	0	.1717508	0
1077.15	0	.8279098	0	.1720902	0
1076.15	0	.8275711	0	.1724289	0
1075.15	0	.8272332	0	.1727668	0
1074.15	0	.826896	0	.173104	0
1073.15	0	.8265595	0	.1734405	0
1072.15	0	.8262238	0	.1737762	0
1071.15	0	.8258888	0	.1741112	0
1070.15	0	.8255546	0	.1744454	0
1069.15	0	.8252211	0	.1747789	0
1068.15	0	.8248883	0	.1751117	0
1067.15	0	.8245563	0	.1754437	0
1066.15	0	.824225	0	.175775	0
1065.15	0	.8238944	0	.1761056	0
1064.15	0	.8235645	0	.1764355	0
1063.15	0	.8232354	0	.1767646	0
1062.15	0	.822907	0	.177093	0
1061.15	0	.8225794	0	.1774206	0
1060.15	0	.8222524	0	.1777476	0
1059.15	0	.8219262	0	.1780738	0
1058.15	0	.8216007	0	.1783993	0
1057.15	0	.8212759	0	.1787241	0
1056.15	0	.8209519	0	.1790481	0
1055.15	0	.8206286	0	.1793715	0
1054.15	0	.8203059	0	.1796941	0
1053.15	0	.819984	0	.180016	0
1052.15	0	.8196628	0	.1803372	0
1051.15	0	.8193424	0	.1806576	0
1050.15	0	.8190226	0	.1809774	0
1049.15	0	.8187036	0	.1812964	0
1048.15	0	.8183852	0	.1816148	0
1047.15	0	.8180676	0	.1819324	0
1046.15	0	.8177507	0	.1822493	0
1045.15	0	.8174345	0	.1825655	0
1044.15	0	.8171189	0	.1828811	0
1043.15	0	.8168041	0	.1831959	0
1042.15	0	.81649	0	.18351	0
1041.15	0	.8161766	0	.1838234	0
1040.15	0	.8158639	0	.1841361	0
1039.15	0	.8155519	0	.1844481	0
1038.15	0	.8152406	0	.1847594	0
1037.15	0	.81493	0	.18507	0
1036.15	0	.8146201	0	.1853799	0
1035.15	0	.8143109	0	.1856891	0
1034.15	0	.8140024	0	.1859976	0
1033.15	0	.8136946	0	.1863054	0
1032.15	0	.8133875	0	.1866125	0
1031.15	0	.813081	0	.186919	0
1030.15	0	.8127753	0	.1872247	0
1029.15	0	.8124702	0	.1875298	0
1028.15	0	.8121659	0	.1878341	0
1027.15	0	.8118622	0	.1881378	0
1026.15	0	.8115592	0	.1884408	0
1025.15	0	.8112569	0	.1887431	0
1024.15	0	.8109553	0	.1890448	0
1023.15	0	.8106543	0	.1893457	0
1022.15	0	.8103541	0	.1896459	0
1021.15	0	.8100545	0	.1899455	0
1020.15	0	.8097556	0	.1902444	0
1019.15	0	.8094574	0	.1905426	0
1018.15	0	.8091598	0	.1908402	0
1017.15	0	.808863	0	.191137	0
1016.15	0	.8085668	0	.1914332	0
1015.15	0	.8082713	0	.1917287	0
1014.15	0	.8079764	0	.1920236	0
1013.15	0	.8076823	0	.1923177	0
1012.15	0	.8073888	0	.1926112	0
1011.15	0	.807096	0	.1929041	0
1010.15	0	.8068038	0	.1931962	0
1009.15	0	.8065123	0	.1934877	0
1008.15	0	.8062215	0	.1937785	0
1007.15	0	.8059314	0	.1940686	0
1006.15	0	.8056419	0	.1943581	0
1005.15	0	.8053531	0	.1946469	0
1004.15	0	.8050649	0	.1949351	0
1003.15	0	.8047775	0	.1952225	0
1002.15	0	.8044906	0	.1955094	0
1001.15	0	.8042045	0	.1957955	0
1000.15	0	.803919	0	.196081	0
999.15	0	.8036341	0	.1963659	0
998.15	0	.8033499	0	.1966501	0
997.15	0	.8030664	0	.1969336	0
996.15	0	.8027836	0	.1972164	0
995.15	0	.8025014	0	.1974986	0
994.15	0	.8022198	0	.1977802	0
993.15	0	.8019389	0	.1980611	0
992.15	0	.8016587	0	.1983413	0
991.15	0	.8013791	0	.1986209	0
990.15	0	.8011001	0	.1988999	0
989.15	0	.8008219	0	.1991781	0
988.15	0	.8005442	0	.1994558	0
987.15	0	.8002672	0	.1997328	0
986.15	0	.7999909	0	.2000091	0
985.15	0	.7997152	0	.2002848	0
984.15	0	.7994402	0	.2005598	0
983.15	0	.7991658	0	.2008342	0
982.15	0	.798892	0	.201108	0
981.15	0	.7986189	0	.2013811	0
980.15	0	.7983464	0	.2016536	0
979.15	0	.7980746	0	.2019254	0
978.15	0	.7978034	0	.2021966	0
977.15	0	.7975329	0	.2024671	0
976.15	0	.797263	0	.202737	0
975.15	0	.7969937	0	.2030063	0
974.15	0	.7967251	0	.2032749	0
973.15	0	.7964571	0	.2035429	0
972.15	0	.7961897	0	.2038103	0
971.15	0	.795923	0	.204077	0
970.15	0	.795657	0	.204343	0
969.15	0	.7953915	0	.2046085	0
968.15	0	.7951267	0	.2048733	0
967.15	0	.7948625	0	.2051375	0
966.15	0	.794599	0	.205401	0
965.15	0	.794336	0	.205664	0
964.15	0	.7940738	0	.2059263	0
963.15	0	.7938121	0	.2061879	0
962.15	0	.7935511	0	.2064489	0
961.15	0	.7932907	0	.2067093	0
960.15	0	.7930309	0	.2069691	0
959.15	0	.7927717	0	.2072283	0
958.15	0	.7925132	0	.2074868	0
957.15	0	.7922553	0	.2077447	0
956.15	0	.791998	0	.208002	0
955.15	0	.7917414	0	.2082586	0
954.15	0	.7914853	0	.2085147	0
953.15	0	.7912299	0	.2087701	0
952.15	0	.7909751	0	.2090249	0
951.15	0	.790721	0	.209279	0
950.15	0	.7904674	0	.2095326	0
949.15	0	.7902145	0	.2097855	0
948.15	0	.7899622	0	.2100378	0
947.15	0	.7897105	0	.2102895	0
946.15	0	.7894594	0	.2105406	0
945.15	0	.7892089	0	.2107911	0
944.15	0	.788959	0	.211041	0
943.15	0	.7887098	0	.2112902	0
942.15	0	.7884612	0	.2115388	0
941.15	0	.7882132	0	.2117868	0
940.15	0	.7879658	0	.2120342	0
939.15	0	.787719	0	.212281	0
938.15	0	.7874728	0	.2125272	0
937.15	0	.7872272	0	.2127728	0
936.15	0	.7869822	0	.2130178	0
935.15	0	.7867379	0	.2132621	0
934.15	0	.7864941	0	.2135059	0
933.15	0	.786251	0	.213749	0
932.15	0	.7860084	0	.2139916	0
931.15	0	.7857665	0	.2142335	0
930.15	0	.7855251	0	.2144749	0
929.15	0	.7852844	0	.2147156	0
928.15	0	.7850443	0	.2149557	0
928.013	0	.7850114	0	.2149886	0
928.013	0	.7850114	0	.2149886	0
928.013	0	.7850114	0	.2149886	0
927.15	0	.7842364	6.185392E-04	.2151451	0
926.15	0	.7833404	.001334135	.2153255	0
925.15	0	.7824466	.002048518	.2155048	0
924.15	0	.7815551	.002761711	.2156832	0
923.15	0	.7806657	.003473735	.2158605	0
922.15	0	.7797786	.004184612	.2160368	0
921.15	0	.7788935	.004894365	.2162121	0
920.15	0	.7780107	.005603019	.2163863	0
919.15	0	.7771299	.006310598	.2165595	0
918.15	0	.7762513	.007017127	.2167316	0
917.15	0	.7753748	.007722633	.2169026	0
916.15	0	.7745003	.008427144	.2170725	0
915.15	0	.7736279	.009130687	.2172414	0
914.15	0	.7727576	.009833291	.2174092	0
913.15	0	.7718892	.01053499	.2175758	0
912.15	0	.7710228	.0112358	.2177414	0
911.15	0	.7701584	.01193577	.2179058	0
910.15	0	.769296	.01263493	.2180691	0
909.15	0	.7684354	.01333331	.2182313	0
908.15	0	.7675768	.01403095	.2183923	0
907.15	0	.76672	.01472788	.2185521	0
906.15	0	.7658651	.01542414	.2187108	0
905.15	0	.7650119	.01611977	.2188683	0
904.15	0	.7641606	.01681481	.2190246	0
903.15	0	.763311	.0175093	.2191797	0
902.15	0	.7624631	.01820328	.2193336	0
901.15	0	.7616169	.0188968	.2194863	0
900.15	0	.7607723	.0195899	.2196378	0
899.15	0	.7599294	.02028264	.219788	0
898.15	0	.759088	.02097505	.2199369	0
897.15	0	.7582482	.0216672	.2200846	0
896.15	0	.7574099	.02235913	.220231	0
895.15	0	.756573	.0230509	.2203761	0
894.15	0	.7557376	.02374256	.2205198	0
893.15	0	.7549035	.02443417	.2206623	0
892.15	0	.7540708	.02512579	.2208034	0
891.15	0	.7532393	.02581748	.2209432	0
890.15	0	.7524091	.02650931	.2210816	0
889.15	0	.7515801	.02720134	.2212186	0
888.15	0	.7507522	.02789364	.2213542	0
887.15	0	.7499254	.02858629	.2214884	0
886.15	0	.7490995	.02927935	.2216211	0
885.15	0	.7482747	.02997289	.2217524	0
884.15	0	.7474507	.03066701	.2218823	0
883.15	0	.7466276	.03136178	.2220106	0
882.15	0	.7458052	.03205729	.2221375	0
881.15	0	.7449836	.03275361	.2222628	0
880.15	0	.7441626	.03345086	.2223866	0
879.15	0	.7433421	.0341491	.2225088	0
878.15	0	.7425221	.03484846	.2226294	0
877.15	0	.7417026	.03554902	.2227484	0
876.15	0	.7408833	.03625089	.2228658	0
875.15	0	.7400643	.03695418	.2229815	0
874.15	0	.7392454	.037659	.2230956	0
873.15	0	.7384266	.03836547	.2232079	0
872.15	0	.7376077	.03907372	.2233186	0
871.15	0	.7367887	.03978386	.2234274	0
870.15	0	.7359695	.04049603	.2235345	0
869.15	0	.7351499	.04121037	.2236398	0
868.15	0	.7343298	.04192702	.2237432	0
867.15	0	.7335091	.04264613	.2238448	0
866.15	0	.7326878	.04336785	.2239444	0
865.15	0	.7318655	.04409235	.2240421	0
864.15	0	.7310424	.04481978	.2241379	0
863.15	0	.7302181	.04555033	.2242316	0
862.15	0	.7293925	.04628419	.2243233	0
861.15	0	.7285656	.04702153	.2244129	0
860.15	0	.7277371	.04776256	.2245004	0
859.15	0	.7269068	.04850749	.2245857	0
858.15	0	.7260746	.04925654	.2246688	0
857.15	0	.7252404	.05000993	.2247497	0
856.15	0	.7244038	.05076791	.2248283	0
855.15	0	.7235648	.05153073	.2249045	0
854.15	0	.7227231	.05229864	.2249783	0
853.15	0	.7218784	.05307192	.2250496	0
852.15	0	.7210306	.05385087	.2251185	0
851.15	0	.7201795	.0546358	.2251848	0
850.15	0	.7193246	.05542701	.2252484	0
849.15	0	.7184658	.05622487	.2253093	0
848.15	0	.7176028	.05702971	.2253675	0
847.15	0	.7167353	.05784192	.2254228	0
846.15	0	.7158629	.05866191	.2254752	0
845.15	0	.7149853	.05949009	.2255246	0
844.15	0	.7141022	.06032692	.2255709	0
843.15	0	.7132132	.06117287	.225614	0
842.15	0	.7123178	.06202845	.2256538	0
841.15	0	.7114156	.0628942	.2256902	0
840.15	0	.7105061	.0637707	.2257232	0
839.15	0	.709589	.06465856	.2257525	0
838.15	0	.7086635	.06555845	.2257781	0
837.15	0	.7077292	.06647107	.2257998	0
836.15	0	.7067854	.06739717	.2258175	0
835.15	0	.7058315	.06833759	.225831	0
834.15	0	.7048667	.06929319	.2258401	0
833.15	0	.703362	.07085867	.2257794	0
832.15	0	.7018986	.07238324	.2257182	0
831.15	0	.7004857	.07385643	.2256579	0
830.15	0	.6991207	.07528072	.2255986	0
829.15	0	.6978013	.07665845	.2255402	0
828.15	0	.6965254	.07799182	.2254828	0
827.15	0	.6952909	.07928292	.2254262	0
826.15	0	.6940957	.08053372	.2253705	0
825.15	0	.6929382	.08174606	.2253157	0
824.15	0	.6918165	.08292172	.2252618	0
823.15	0	.6907291	.08406233	.2252086	0
822.15	0	.6896743	.08516948	.2251562	0
821.15	0	.6886508	.08624463	.2251046	0
820.15	0	.6876571	.0872892	.2250537	0
819.15	0	.686692	.0883045	.2250036	0
818.15	0	.6857541	.0892918	.2249541	0
817.15	0	.6848425	.09025227	.2249052	0
816.15	0	.6839559	.09118706	.2248571	0
815.15	0	.6830933	.09209722	.2248095	0
814.15	0	.6822538	.09298376	.2247625	0
813.15	0	.6814363	.09384766	.224716	0
812.15	0	.6806401	.09468982	.2246701	0
811.15	0	.6798642	.0955111	.2246247	0
810.15	0	.6791078	.09631234	.2245798	0
809.15	0	.6783703	.09709432	.2245354	0
808.15	0	.6776508	.09785777	.2244915	0
807.15	0	.6769486	.09860342	.2244479	0
806.15	0	.6762633	.09933193	.2244048	0
805.15	0	.6755939	.1000439	.2243621	0
804.15	0	.6749401	.1007401	.2243198	0
803.15	0	.6743013	.101421	.2242778	0
802.15	0	.6736768	.1020871	.2242362	0
801.15	0	.6730662	.102739	.2241949	0
800.15	0	.6724689	.1033772	.2241539	0
799.15	0	.6718846	.1040022	.2241132	0
798.15	0	.6713127	.1046145	.2240728	0
797.15	0	.6707529	.1052145	.2240327	0
796.15	0	.6702046	.1058026	.2239928	0
795.15	0	.6696676	.1063792	.2239532	0
794.15	0	.6691414	.1069448	.2239138	0
793.15	0	.6686257	.1074996	.2238747	0
792.15	0	.6681202	.1080441	.2238357	0
791.15	0	.6676244	.1085786	.223797	0
790.15	0	.6671382	.1091034	.2237584	0
789.15	0	.6666611	.1096188	.2237201	0
788.15	0	.6661929	.1101252	.2236819	0
787.15	0	.6657334	.1106228	.2236439	0
786.15	0	.6652822	.1111119	.223606	0
785.15	0	.664839	.1115927	.2235682	0
784.15	0	.6644037	.1120656	.2235307	0
783.15	0	.663976	.1125307	.2234932	0
782.15	0	.6635557	.1129884	.2234559	0
781.15	0	.6631426	.1134387	.2234187	0
780.15	0	.6627363	.1138821	.2233816	0
779.15	0	.6623369	.1143186	.2233446	0
778.15	0	.6619439	.1147484	.2233077	0
777.15	0	.6615573	.1151718	.2232709	0
776.15	0	.6611769	.1155889	.2232342	0
775.15	0	.6608025	.116	.2231975	0
774.15	0	.6604339	.1164051	.223161	0
773.15	0	.660071	.1168045	.2231245	0
772.15	0	.6597136	.1171984	.2230881	0
771.15	0	.6593615	.1175868	.2230517	0
770.15	0	.6590147	.1179699	.2230154	0
769.15	0	.6586729	.118348	.2229791	0
768.15	0	.6583361	.118721	.2229429	0
767.15	0	.6580041	.1190892	.2229068	0
766.15	0	.6576767	.1194526	.2228706	0
765.15	0	.657354	.1198115	.2228346	0
764.15	0	.6570356	.1201659	.2227985	0
763.15	0	.6567216	.1205159	.2227625	0
762.15	0	.6564118	.1208617	.2227265	0
761.15	0	.6561062	.1212034	.2226905	0
760.15	0	.6558057	.12154	.2226542	0
759.15	0	.6555079	.1218738	.2226183	0
758.15	0	.6552138	.1222037	.2225824	0
757.15	0	.6549235	.1225299	.2225465	0
756.15	0	.6546369	.1228525	.2225106	0
755.15	0	.6543538	.1231715	.2224748	0
754.15	0	.6540741	.123487	.2224389	0
753.15	0	.6537979	.1237991	.222403	0
752.15	0	.6535249	.124108	.2223671	0
751.15	0	.6532552	.1244136	.2223313	0
750.15	0	.6529886	.124716	.2222954	0
749.15	0	.6527251	.1250154	.2222595	0
748.15	0	.6524647	.1253117	.2222236	0
747.15	0	.6522071	.1256052	.2221877	0
746.15	0	.6519525	.1258957	.2221518	0
745.15	0	.6517006	.1261835	.2221159	0
744.15	0	.6514516	.1264685	.2220799	0
743.15	0	.6512052	.1267508	.222044	0
742.15	0	.6509615	.1270306	.222008	0
741.15	0	.6507203	.1273077	.221972	0
740.15	0	.6504816	.1275824	.221936	0
739.15	0	.6502455	.1278546	.2219	0
738.15	0	.6500117	.1281244	.2218639	0
737.15	0	.6497803	.1283918	.2218278	0
736.15	0	.6495513	.128657	.2217918	0
735.15	0	.6493245	.1289199	.2217556	0
734.15	0	.6491	.1291806	.2217195	0
733.15	0	.6488776	.1294391	.2216833	0
732.15	0	.6486574	.1296955	.2216471	0
731.15	0	.6484392	.1299499	.2216109	0
730.15	0	.6482232	.1302022	.2215747	0
729.15	0	.6480091	.1304525	.2215384	0
728.15	0	.647797	.1307009	.2215021	0
727.15	0	.6475869	.1309474	.2214658	0
726.15	0	.6473786	.131192	.2214294	0
725.15	0	.6471723	.1314347	.221393	0
724.15	0	.6469677	.1316757	.2213566	0
723.15	0	.646765	.1319149	.2213201	0
722.15	0	.646564	.1321523	.2212836	0
721.15	0	.6463648	.1323881	.2212471	0
720.15	0	.6461673	.1326221	.2212106	0
719.15	0	.6459714	.1328546	.221174	0
718.15	0	.6457772	.1330854	.2211374	0
717.15	0	.6455846	.1333146	.2211008	0
716.15	0	.6453936	.1335423	.2210641	0
715.15	0	.6452041	.1337685	.2210274	0
714.15	0	.6450162	.1339932	.2209906	0
713.15	0	.6448298	.1342163	.2209539	0
712.15	0	.6446448	.1344381	.2209171	0
711.15	0	.6444614	.1346584	.2208802	0
710.15	0	.6442793	.1348773	.2208434	0
709.15	0	.6440987	.1350949	.2208065	0
708.15	0	.6439194	.1353111	.2207695	0
707.15	0	.6437415	.135526	.2207326	0
706.15	0	.6435649	.1357395	.2206956	0
705.15	0	.6433897	.1359518	.2206585	0
704.15	0	.6432157	.1361628	.2206215	0
703.15	0	.6430431	.1363726	.2205843	0
702.15	0	.6428717	.1365811	.2205472	0
701.15	0	.6427015	.1367885	.2205101	0
700.15	0	.6425325	.1369946	.2204729	0
699.15	0	.6423648	.1371996	.2204356	0
698.15	0	.6421982	.1374034	.2203984	0
697.15	0	.6420328	.1376061	.2203611	0
696.15	0	.6418686	.1378077	.2203238	0
695.15	0	.6417054	.1380082	.2202864	0
694.15	0	.6415434	.1382076	.220249	0
693.15	0	.6413825	.1384059	.2202116	0
692.15	0	.6412227	.1386032	.2201741	0
691.15	0	.6410639	.1387994	.2201367	0
690.15	0	.6409062	.1389946	.2200992	0
689.15	0	.6407495	.1391889	.2200616	0
688.15	0	.6405939	.1393821	.2200241	0
687.15	0	.6404392	.1395743	.2199865	0
686.15	0	.6402856	.1397656	.2199489	0
685.15	0	.6401329	.1399559	.2199112	0
684.15	0	.6399812	.1401453	.2198735	0
683.15	0	.6398305	.1403337	.2198358	0
682.15	0	.6396807	.1405213	.2197981	0
681.15	0	.6395318	.1407079	.2197603	0
680.15	0	.6393838	.1408937	.2197225	0
679.15	0	.6392368	.1410785	.2196847	0
678.15	0	.6390906	.1412625	.2196469	0
677.15	0	.6389454	.1414456	.219609	0
676.15	0	.638801	.1416279	.2195711	0
675.15	0	.6386574	.1418094	.2195332	0
674.15	0	.6385147	.14199	.2194953	0
673.15	0	.6383729	.1421698	.2194573	0
672.15	0	.6382319	.1423488	.2194193	0
671.15	0	.6380917	.142527	.2193813	0
670.15	0	.6379523	.1427044	.2193433	0
669.15	0	.6378137	.142881	.2193053	0
668.15	0	.6376759	.1430569	.2192672	0
667.15	0	.6375389	.143232	.2192291	0
666.15	0	.6374027	.1434063	.219191	0
665.15	0	.6372672	.1435799	.2191529	0
664.15	0	.6371325	.1437528	.2191147	0
663.15	0	.6369985	.143925	.2190766	0
662.15	0	.6368653	.1440964	.2190384	0
661.15	0	.6367328	.1442671	.2190002	0
660.15	0	.636601	.1444371	.2189619	0
659.15	0	.6364699	.1446064	.2189237	0
658.15	0	.6363396	.144775	.2188855	0
657.15	0	.6362099	.1449429	.2188472	0
656.15	0	.6360809	.1451102	.2188089	0
655.15	0	.6359527	.1452767	.2187706	0
654.15	0	.6358251	.1454427	.2187323	0
653.15	0	.6356981	.1456079	.218694	0
652.15	0	.6355718	.1457725	.2186556	0
651.15	0	.6354462	.1459365	.2186173	0
650.15	0	.6353213	.1460998	.2185789	0
649.15	0	.6351969	.1462625	.2185406	0
648.15	0	.6350733	.1464246	.2185022	0
647.15	0	.6349502	.146586	.2184638	0
646.15	0	.6348278	.1467468	.2184254	0
645.15	0	.634706	.146907	.218387	0
644.15	0	.6345848	.1470667	.2183486	0
643.15	0	.6344642	.1472257	.2183101	0
642.15	0	.6343442	.1473841	.2182717	0
641.15	0	.6342248	.1475419	.2182333	0
640.15	0	.634106	.1476992	.2181948	0
639.15	0	.6339878	.1478558	.2181564	0
638.15	0	.6338702	.1480119	.2181179	0
637.15	0	.6337531	.1481674	.2180795	0
636.15	0	.6336366	.1483224	.218041	0
635.15	0	.6335207	.1484768	.2180026	0
634.15	0	.6334053	.1486306	.2179641	0
633.15	0	.6332905	.1487839	.2179256	0
632.15	0	.6331762	.1489366	.2178872	0
631.15	0	.6330625	.1490888	.2178487	0
630.15	0	.6329493	.1492404	.2178102	0
629.15	0	.6328367	.1493916	.2177718	0
628.15	0	.6327246	.1495421	.2177333	0
627.15	0	.632613	.1496922	.2176948	0
626.15	0	.6325019	.1498417	.2176564	0
625.15	0	.6323914	.1499907	.2176179	0
624.15	0	.6322813	.1501392	.2175795	0
623.15	0	.6321718	.1502871	.217541	0
622.15	0	.6320628	.1504346	.2175026	0
621.15	0	.6319543	.1505815	.2174642	0
620.15	0	.6318463	.150728	.2174257	0
619.15	0	.6317388	.1508739	.2173873	0
618.15	0	.6316317	.1510194	.2173489	0
617.15	0	.6315252	.1511643	.2173105	0
616.15	0	.6314192	.1513088	.2172721	0
615.15	0	.6313136	.1514527	.2172337	0
614.15	0	.6312085	.1515962	.2171953	0
613.15	0	.6311038	.1517392	.217157	0
612.15	0	.6309997	.1518817	.2171186	0
611.15	0	.630896	.1520237	.2170803	0
610.15	0	.6307928	.1521653	.217042	0
609.15	0	.63069	.1523064	.2170037	0
608.15	0	.6305877	.152447	.2169654	0
607.15	0	.6304858	.1525871	.2169271	0
606.15	0	.6303844	.1527268	.2168888	0
605.15	0	.6302835	.152866	.2168506	0
604.15	0	.6301829	.1530047	.2168123	0
603.15	0	.6300829	.153143	.2167741	0
602.15	0	.6299832	.1532809	.2167359	0
601.15	0	.629884	.1534182	.2166977	0
600.15	0	.6297853	.1535552	.2166596	0
599.15	0	.6296869	.1536916	.2166214	0
598.15	0	.629589	.1538277	.2165833	0
597.15	0	.6294915	.1539632	.2165452	0
596.15	0	.6293945	.1540984	.2165071	0
595.15	0	.6292978	.1542331	.2164691	0
594.15	0	.6292016	.1543673	.2164311	0
593.15	0	.6291058	.1545011	.2163931	0
592.15	0	.6290104	.1546345	.2163551	0
591.15	0	.6289154	.1547675	.2163171	0
590.15	0	.6288208	.1549	.2162792	0
589.15	0	.6287266	.1550321	.2162413	0
588.15	0	.6286329	.1551637	.2162034	0
587.15	0	.6285395	.1552949	.2161656	0
586.15	0	.6284465	.1554257	.2161278	0
585.15	0	.6283539	.1555561	.21609	0
584.15	0	.6282617	.155686	.2160523	0
583.15	0	.62817	.1558155	.2160145	0
582.15	0	.6280785	.1559446	.2159768	0
581.15	0	.6279875	.1560733	.2159392	0
580.15	0	.6278969	.1562016	.2159016	0
579.15	0	.6278066	.1563294	.215864	0
578.15	0	.6277168	.1564568	.2158264	0
577.15	0	.6276273	.1565838	.2157889	0
576.15	0	.6275382	.1567104	.2157514	0
575.15	0	.6274494	.1568366	.2157139	0
574.15	0	.6273611	.1569624	.2156765	0
573.15	0	.6272731	.1570878	.2156391	0
572.15	0	.6271855	.1572127	.2156018	0
571.15	0	.6270982	.1573373	.2155645	0
570.15	0	.6270113	.1574614	.2155272	0
569.15	0	.6269248	.1575852	.21549	0
568.15	0	.6268387	.1577085	.2154528	0
567.15	0	.6267529	.1578315	.2154157	0
566.15	0	.6266674	.157954	.2153786	0
565.15	0	.6265824	.1580761	.2153415	0
564.15	0	.6264976	.1581979	.2153045	0
563.15	0	.6264133	.1583192	.2152675	0
562.15	0	.6263293	.1584401	.2152306	0
561.15	0	.6262456	.1585607	.2151937	0
560.15	0	.6261623	.1586808	.2151569	0
559.15	0	.6260793	.1588006	.2151201	0
558.15	0	.6259967	.1589199	.2150834	0
557.15	0	.6259145	.1590389	.2150467	0
556.15	0	.6258325	.1591574	.21501	0
555.15	0	.6257509	.1592756	.2149734	0
554.15	0	.6256697	.1593934	.2149369	0
553.15	0	.6255888	.1595108	.2149004	0
552.15	0	.6255083	.1596278	.214864	0
551.15	0	.625428	.1597444	.2148276	0
550.15	0	.6253481	.1598606	.2147912	0
549.15	0	.6252686	.1599765	.2147549	0
548.15	0	.6251894	.1600919	.2147187	0
547.15	0	.6251105	.160207	.2146825	0
546.15	0	.6250319	.1603217	.2146464	0
545.15	0	.6249537	.160436	.2146103	0
544.15	0	.6248758	.1605499	.2145743	0
543.15	0	.6247982	.1606634	.2145384	0
542.15	0	.624721	.1607765	.2145025	0
541.15	0	.6246441	.1608893	.2144667	0
540.15	0	.6245675	.1610016	.2144309	0
539.15	0	.6244912	.1611136	.2143952	0
538.15	0	.6244153	.1612252	.2143595	0
537.15	0	.6243396	.1613365	.2143239	0
536.15	0	.6242643	.1614473	.2142884	0
535.15	0	.6241893	.1615578	.2142529	0
534.15	0	.6241147	.1616679	.2142175	0
533.15	0	.6240403	.1617776	.2141821	0
532.15	0	.6239663	.1618869	.2141468	0
531.15	0	.6238925	.1619959	.2141116	0
530.15	0	.6238191	.1621044	.2140765	0
529.15	0	.623746	.1622126	.2140414	0
528.15	0	.6236732	.1623204	.2140063	0
527.15	0	.6236008	.1624279	.2139714	0
526.15	0	.6235286	.1625349	.2139365	0
525.15	0	.6234567	.1626416	.2139017	0
524.15	0	.6233852	.1627479	.2138669	0
523.15	0	.6233139	.1628539	.2138322	0
522.15	0	.623243	.1629594	.2137976	0
521.15	0	.6231723	.1630646	.2137631	0
520.15	0	.623102	.1631694	.2137286	0
519.15	0	.623032	.1632738	.2136942	0
518.15	0	.6229622	.1633779	.2136599	0
517.15	0	.6228928	.1634816	.2136256	0
516.15	0	.6228237	.1635849	.2135914	0
515.15	0	.6227548	.1636878	.2135573	0
514.15	0	.6226863	.1637904	.2135233	0
513.15	0	.6226181	.1638926	.2134894	0
512.15	0	.6225501	.1639944	.2134555	0
511.15	0	.6224825	.1640958	.2134217	0
510.15	0	.6224152	.1641969	.2133879	0
509.15	0	.6223482	.1642976	.2133542	0
508.15	0	.6222814	.1643979	.2133206	0
507.15	0	.622215	.1644979	.2132871	0
506.15	0	.6221488	.1645975	.2132537	0
505.15	0	.6220829	.1646967	.2132204	0
504.15	0	.6220173	.1647955	.2131871	0
503.15	0	.621952	.164894	.213154	0
502.15	0	.621887	.1649921	.2131209	0
501.15	0	.6218223	.1650898	.2130879	0
500.15	0	.6217579	.1651872	.213055	0
499.15	0	.6216937	.1652842	.2130221	0
498.15	0	.6216298	.1653808	.2129894	0
497.15	0	.6215663	.165477	.2129567	0
496.15	0	.621503	.1655729	.2129241	0
495.15	0	.62144	.1656684	.2128916	0
494.15	0	.6213772	.1657636	.2128592	0
493.15	0	.6213148	.1658583	.2128269	0
492.15	0	.6212526	.1659527	.2127946	0
491.15	0	.6211908	.1660468	.2127625	0
490.15	0	.6211292	.1661404	.2127304	0
489.15	0	.6210679	.1662337	.2126985	0
488.15	0	.6210068	.1663266	.2126666	0
487.15	0	.6209461	.1664192	.2126348	0
486.15	0	.6208856	.1665113	.2126031	0
485.15	0	.6208254	.1666032	.2125715	0
484.15	0	.6207654	.1666946	.21254	0
483.15	0	.6207058	.1667857	.2125085	0
482.15	0	.6206464	.1668764	.2124772	0
481.15	0	.6205873	.1669667	.212446	0
480.15	0	.6205285	.1670567	.2124148	0
479.15	0	.62047	.1671463	.2123838	0
478.15	0	.6204117	.1672355	.2123528	0
477.15	0	.6203537	.1673244	.2123219	0
476.15	0	.6202959	.1674129	.2122912	0
475.15	0	.6202385	.167501	.2122605	0
474.15	0	.6201813	.1675888	.21223	0
473.15	0	.6201244	.1676761	.2121995	0
472.15	0	.6200677	.1677632	.2121691	0
471.15	0	.6200113	.1678498	.2121388	0
470.15	0	.6199552	.1679361	.2121087	0
469.15	0	.6198994	.168022	.2120786	0
468.15	0	.6198438	.1681076	.2120486	0
467.15	0	.6197885	.1681928	.2120187	0
466.15	0	.6197335	.1682776	.211989	0
465.15	0	.6196787	.168362	.2119593	0
464.15	0	.6196242	.1684461	.2119297	0
463.15	0	.6195699	.1685298	.2119002	0
462.15	0	.619516	.1686132	.2118709	0
461.15	0	.6194622	.1686962	.2118416	0
460.15	0	.6194088	.1687788	.2118125	0
459.15	0	.6193556	.168861	.2117834	0
458.15	0	.6193027	.1689429	.2117545	0
457.15	0	.61925	.1690244	.2117256	0
456.15	0	.6191976	.1691056	.2116969	0
455.15	0	.6191454	.1691863	.2116682	0
454.15	0	.6190936	.1692667	.2116397	0
453.15	0	.6190419	.1693468	.2116113	0
452.15	0	.6189906	.1694265	.211583	0
451.15	0	.6189394	.1695058	.2115548	0
450.15	0	.6188886	.1695847	.2115267	0
449.15	0	.618838	.1696633	.2114987	0
448.15	0	.6187877	.1697414	.2114709	0
447.15	0	.6187377	.1698192	.2114431	0
446.15	0	.6186879	.1698966	.2114155	0
445.15	0	.6186384	.1699736	.211388	0
444.15	0	.6185892	.1700502	.2113606	0
443.15	0	.6185402	.1701264	.2113333	0
442.15	0	.6184916	.1702023	.2113062	0
441.15	0	.6184432	.1702777	.2112791	0
440.15	0	.618395	.1703527	.2112522	0
439.15	0	.6183472	.1704274	.2112255	0
438.15	0	.6182996	.1705016	.2111988	0
437.15	0	.6182524	.1705753	.2111723	0
436.15	0	.6182054	.1706487	.2111459	0
435.15	0	.6181587	.1707217	.2111197	0
434.15	0	.6181123	.1707942	.2110935	0
433.15	0	.6180662	.1708663	.2110676	0
432.15	0	.6180203	.170938	.2110417	0
431.15	0	.6179748	.1710092	.211016	0
430.15	0	.6179295	.17108	.2109904	0
429.15	0	.6178846	.1711504	.210965	0
428.15	0	.6178399	.1712204	.2109397	0
427.15	0	.6177956	.1712899	.2109145	0
426.15	0	.6177515	.171359	.2108895	0
425.15	0	.6177078	.1714276	.2108647	0
424.15	0	.6176643	.1714958	.2108399	0
423.15	0	.6176211	.1715636	.2108153	0
422.15	0	.6175782	.1716309	.2107909	0
421.15	0	.6175356	.1716978	.2107666	0
420.15	0	.6174934	.1717642	.2107425	0
419.15	0	.6174514	.1718302	.2107185	0
418.15	0	.6174097	.1718957	.2106946	0
417.15	0	.6173683	.1719609	.2106709	0
416.15	0	.6173271	.1720255	.2106473	0
415.15	0	.6172863	.1720898	.2106239	0
414.15	0	.6172458	.1721535	.2106007	0
413.15	0	.6172056	.1722169	.2105776	0
412.15	0	.6171656	.1722798	.2105546	0
411.15	0	.617126	.1723423	.2105318	0
410.15	0	.6170866	.1724043	.2105091	0
409.15	0	.6170476	.1724659	.2104866	0
408.15	0	.6170088	.172527	.2104642	0
407.15	0	.6169703	.1725878	.210442	0
406.15	0	.6169321	.172648	.2104199	0
405.15	0	.6168942	.1727079	.210398	0
404.15	0	.6168565	.1727673	.2103762	0
403.15	0	.6168191	.1728263	.2103546	0
402.15	0	.6167821	.1728849	.2103331	0
401.15	0	.6167453	.172943	.2103117	0
400.15	0	.6167087	.1730007	.2102905	0
399.15	0	.6166725	.173058	.2102695	0
398.15	0	.6166365	.1731149	.2102486	0
397.15	0	.6166008	.1731713	.2102279	0
396.15	0	.6165654	.1732273	.2102073	0
395.15	0	.6165302	.1732829	.2101868	0
394.3812	0	.6165034	.1733254	.2101712	0
394.3812	0	.6165034	.1733254	.2101712	0
394.3812	0	.6165034	.1733254	.2101712	0
394.15	0	.6165452	.1732175	.2101117	1.255647E-04
393.15	0	.6167258	.1727512	.2098547	6.683778E-04
392.15	0	.6169062	.1722852	.2095981	.001210575
391.15	0	.6170864	.1718195	.209342	.001752162
390.15	0	.6172665	.171354	.2090864	.002293143
389.15	0	.6174464	.1708889	.2088312	.002833524
388.15	0	.6176261	.170424	.2085766	.003373309
387.15	0	.6178057	.1699594	.2083224	.003912503
386.15	0	.6179851	.1694951	.2080687	.004451111
385.15	0	.6181644	.169031	.2078155	.004989138
384.15	0	.6183435	.1685672	.2075627	.005526587
383.15	0	.6185225	.1681036	.2073104	.006063465
382.15	0	.6187014	.1676403	.2070586	.006599775
381.15	0	.6188801	.1671772	.2068072	.007135522
380.15	0	.6190587	.1667143	.2065562	.007670709
379.15	0	.6192372	.1662517	.2063058	.008205343
378.15	0	.6194155	.1657893	.2060558	.008739426
377.15	0	.6195937	.1653271	.2058062	.009272963
376.15	0	.6197718	.1648651	.2055571	.009805959
375.15	0	.6199497	.1644034	.2053085	.01033842
374.15	0	.6201276	.1639418	.2050603	.01087034
373.15	0	.6203053	.1634804	.2048125	.01140174
372.15	0	.620483	.1630192	.2045652	.01193261
371.15	0	.6206605	.1625582	.2043183	.01246295
370.15	0	.6208379	.1620974	.2040719	.01299278
369.15	0	.6210152	.1616368	.2038259	.0135221
368.15	0	.6211925	.1611763	.2035803	.0140509
367.15	0	.6213696	.1607161	.2033352	.0145792
366.15	0	.6215466	.160256	.2030905	.015107
365.15	0	.6217235	.159796	.2028462	.01563429
364.15	0	.6219004	.1593362	.2026023	.0161611
363.15	0	.6220771	.1588766	.2023589	.0166874
362.15	0	.6222538	.1584171	.2021159	.01721322
361.15	0	.6224304	.1579578	.2018733	.01773856
360.15	0	.6226069	.1574986	.2016312	.01826341
359.15	0	.6227833	.1570395	.2013894	.01878778
358.15	0	.6229596	.1565806	.2011481	.01931168
357.15	0	.6231359	.1561219	.2009072	.01983511
356.15	0	.623312	.1556632	.2006667	.02035806
355.15	0	.6234881	.1552047	.2004266	.02088055
354.15	0	.6236642	.1547463	.2001869	.02140258
353.15	0	.6238401	.1542881	.1999477	.02192415
352.15	0	.624016	.15383	.1997088	.02244526
351.15	0	.6241918	.153372	.1994703	.02296592
350.15	0	.6243676	.1529141	.1992322	.02348612
349.15	0	.6245433	.1524563	.1989946	.02400588
348.15	0	.6247189	.1519986	.1987573	.02452519
347.15	0	.6248944	.151541	.1985205	.02504406
346.15	0	.6250699	.1510836	.198284	.02556249
345.15	0	.6252454	.1506262	.1980479	.02608049
344.15	0	.6254207	.150169	.1978122	.02659805
343.15	0	.6255961	.1497119	.1975769	.02711517
342.15	0	.6257713	.1492548	.197342	.02763187
341.15	0	.6259465	.1487979	.1971075	.02814814
340.15	0	.6261217	.148341	.1968734	.02866399
339.15	0	.6262967	.1478842	.1966396	.02917942
338.15	0	.6264718	.1474276	.1964062	.02969442
337.15	0	.6266468	.146971	.1961733	.03020901
336.15	0	.6268217	.1465145	.1959407	.03072318
335.15	0	.6269966	.1460581	.1957084	.03123695
