T	 BPW(LIQUID)	BPW(BCC_A2)	BPW(FCC_A1)	BPW(LAVES_PHASE_C14)	BPW(NI3TI)
1473.15	0	1	0	0	0
1472.15	0	1	0	0	0
1471.15	0	1	0	0	0
1470.15	0	1	0	0	0
1469.15	0	1	0	0	0
1468.15	0	1	0	0	0
1467.15	0	1	0	0	0
1466.15	0	1	0	0	0
1465.15	0	1	0	0	0
1464.15	0	1	0	0	0
1463.15	0	1	0	0	0
1462.15	0	1	0	0	0
1461.15	0	1	0	0	0
1460.15	0	1	0	0	0
1459.15	0	1	0	0	0
1458.15	0	1	0	0	0
1457.15	0	1	0	0	0
1456.15	0	1	0	0	0
1455.15	0	1	0	0	0
1454.15	0	1	0	0	0
1453.15	0	1	0	0	0
1452.15	0	1	0	0	0
1451.15	0	1	0	0	0
1450.15	0	1	0	0	0
1449.15	0	1	0	0	0
1448.15	0	1	0	0	0
1447.15	0	1	0	0	0
1446.15	0	1	0	0	0
1445.15	0	1	0	0	0
1444.15	0	1	0	0	0
1443.15	0	1	0	0	0
1442.15	0	1	0	0	0
1441.15	0	1	0	0	0
1440.15	0	1	0	0	0
1439.15	0	1	0	0	0
1438.15	0	1	0	0	0
1437.15	0	1	0	0	0
1436.15	0	1	0	0	0
1435.15	0	1	0	0	0
1434.15	0	1	0	0	0
1433.15	0	1	0	0	0
1432.15	0	1	0	0	0
1431.15	0	1	0	0	0
1430.15	0	1	0	0	0
1429.15	0	1	0	0	0
1428.15	0	1	0	0	0
1427.15	0	1	0	0	0
1426.15	0	1	0	0	0
1425.15	0	1	0	0	0
1424.15	0	1	0	0	0
1423.15	0	1	0	0	0
1422.15	0	1	0	0	0
1421.15	0	1	0	0	0
1420.15	0	1	0	0	0
1419.15	0	1	0	0	0
1418.15	0	1	0	0	0
1417.15	0	1	0	0	0
1416.15	0	1	0	0	0
1415.15	0	1	0	0	0
1414.15	0	1	0	0	0
1413.15	0	1	0	0	0
1412.15	0	1	0	0	0
1411.15	0	1	0	0	0
1410.15	0	1	0	0	0
1409.15	0	1	0	0	0
1408.15	0	1	0	0	0
1407.15	0	1	0	0	0
1406.15	0	1	0	0	0
1405.15	0	1	0	0	0
1404.15	0	1	0	0	0
1403.15	0	1	0	0	0
1402.15	0	1	0	0	0
1401.15	0	1	0	0	0
1400.15	0	1	0	0	0
1399.15	0	1	0	0	0
1398.15	0	1	0	0	0
1397.15	0	1	0	0	0
1396.15	0	1	0	0	0
1395.15	0	1	0	0	0
1394.15	0	1	0	0	0
1393.15	0	1	0	0	0
1392.15	0	1	0	0	0
1391.15	0	1	0	0	0
1390.15	0	1	0	0	0
1389.15	0	1	0	0	0
1388.15	0	1	0	0	0
1387.15	0	1	0	0	0
1386.15	0	1	0	0	0
1385.15	0	1	0	0	0
1384.15	0	1	0	0	0
1383.15	0	1	0	0	0
1382.15	0	1	0	0	0
1381.15	0	1	0	0	0
1380.15	0	1	0	0	0
1379.15	0	1	0	0	0
1378.15	0	1	0	0	0
1377.15	0	1	0	0	0
1376.15	0	1	0	0	0
1375.15	0	1	0	0	0
1374.15	0	1	0	0	0
1373.15	0	1	0	0	0
1372.15	0	1	0	0	0
1371.15	0	1	0	0	0
1370.15	0	1	0	0	0
1369.15	0	1	0	0	0
1368.15	0	1	0	0	0
1367.15	0	1	0	0	0
1366.15	0	1	0	0	0
1365.15	0	1	0	0	0
1364.15	0	1	0	0	0
1363.15	0	1	0	0	0
1362.15	0	1	0	0	0
1361.15	0	1	0	0	0
1360.15	0	1	0	0	0
1359.15	0	1	0	0	0
1358.15	0	1	0	0	0
1357.15	0	1	0	0	0
1356.15	0	1	0	0	0
1355.15	0	1	0	0	0
1354.15	0	1	0	0	0
1353.15	0	1	0	0	0
1352.15	0	1	0	0	0
1351.15	0	1	0	0	0
1350.15	0	1	0	0	0
1349.15	0	1	0	0	0
1348.15	0	1	0	0	0
1347.15	0	1	0	0	0
1346.15	0	1	0	0	0
1345.15	0	1	0	0	0
1344.15	0	1	0	0	0
1343.15	0	1	0	0	0
1342.15	0	1	0	0	0
1341.15	0	1	0	0	0
1340.15	0	1	0	0	0
1339.15	0	1	0	0	0
1338.15	0	1	0	0	0
1337.15	0	1	0	0	0
1336.15	0	1	0	0	0
1335.15	0	1	0	0	0
1334.15	0	1	0	0	0
1333.15	0	1	0	0	0
1332.15	0	1	0	0	0
1331.15	0	1	0	0	0
1330.15	0	1	0	0	0
1329.15	0	1	0	0	0
1328.15	0	1	0	0	0
1327.15	0	1	0	0	0
1326.15	0	1	0	0	0
1325.15	0	1	0	0	0
1324.15	0	1	0	0	0
1323.15	0	1	0	0	0
1322.15	0	1	0	0	0
1321.15	0	1	0	0	0
1320.15	0	1	0	0	0
1319.15	0	1	0	0	0
1318.15	0	1	0	0	0
1317.15	0	1	0	0	0
1316.15	0	1	0	0	0
1315.15	0	1	0	0	0
1314.15	0	1	0	0	0
1313.15	0	1	0	0	0
1312.15	0	1	0	0	0
1311.15	0	1	0	0	0
1310.15	0	1	0	0	0
1309.15	0	1	0	0	0
1308.15	0	1	0	0	0
1307.15	0	1	0	0	0
1306.15	0	1	0	0	0
1305.15	0	1	0	0	0
1304.15	0	1	0	0	0
1303.15	0	1	0	0	0
1302.15	0	1	0	0	0
1301.15	0	1	0	0	0
1300.15	0	1	0	0	0
1299.15	0	1	0	0	0
1298.15	0	1	0	0	0
1297.15	0	1	0	0	0
1296.15	0	1	0	0	0
1295.15	0	1	0	0	0
1294.15	0	1	0	0	0
1293.15	0	1	0	0	0
1292.15	0	1	0	0	0
1291.15	0	1	0	0	0
1290.15	0	1	0	0	0
1289.15	0	1	0	0	0
1288.15	0	1	0	0	0
1287.15	0	1	0	0	0
1286.15	0	1	0	0	0
1285.15	0	1	0	0	0
1284.15	0	1	0	0	0
1283.15	0	1	0	0	0
1282.15	0	1	0	0	0
1281.15	0	1	0	0	0
1280.15	0	1	0	0	0
1279.15	0	1	0	0	0
1278.15	0	1	0	0	0
1277.15	0	1	0	0	0
1276.15	0	1	0	0	0
1275.15	0	1	0	0	0
1274.15	0	1	0	0	0
1273.15	0	1	0	0	0
1272.15	0	1	0	0	0
1271.15	0	1	0	0	0
1270.15	0	1	0	0	0
1269.15	0	1	0	0	0
1268.15	0	1	0	0	0
1267.15	0	1	0	0	0
1266.15	0	1	0	0	0
1265.15	0	1	0	0	0
1264.15	0	1	0	0	0
1263.15	0	1	0	0	0
1262.15	0	1	0	0	0
1261.15	0	1	0	0	0
1260.15	0	1	0	0	0
1259.15	0	1	0	0	0
1258.15	0	1	0	0	0
1257.15	0	1	0	0	0
1256.15	0	1	0	0	0
1255.15	0	1	0	0	0
1254.15	0	1	0	0	0
1253.15	0	1	0	0	0
1252.15	0	1	0	0	0
1251.15	0	1	0	0	0
1250.15	0	1	0	0	0
1249.15	0	1	0	0	0
1248.15	0	1	0	0	0
1247.15	0	1	0	0	0
1246.15	0	1	0	0	0
1245.15	0	1	0	0	0
1244.15	0	1	0	0	0
1243.15	0	1	0	0	0
1242.15	0	1	0	0	0
1241.15	0	1	0	0	0
1240.15	0	1	0	0	0
1239.15	0	1	0	0	0
1238.15	0	1	0	0	0
1237.15	0	1	0	0	0
1236.15	0	1	0	0	0
1235.15	0	1	0	0	0
1234.15	0	1	0	0	0
1233.15	0	1	0	0	0
1232.15	0	1	0	0	0
1231.15	0	1	0	0	0
1230.15	0	1	0	0	0
1229.15	0	1	0	0	0
1228.15	0	1	0	0	0
1227.15	0	1	0	0	0
1226.15	0	1	0	0	0
1225.15	0	1	0	0	0
1224.15	0	1	0	0	0
1223.15	0	1	0	0	0
1222.15	0	1	0	0	0
1221.15	0	1	0	0	0
1220.15	0	1	0	0	0
1219.15	0	1	0	0	0
1218.15	0	1	0	0	0
1217.15	0	1	0	0	0
1216.15	0	1	0	0	0
1215.15	0	1	0	0	0
1214.15	0	1	0	0	0
1213.15	0	1	0	0	0
1212.15	0	1	0	0	0
1211.15	0	1	0	0	0
1210.15	0	1	0	0	0
1209.15	0	1	0	0	0
1208.15	0	1	0	0	0
1207.15	0	1	0	0	0
1206.15	0	1	0	0	0
1205.15	0	1	0	0	0
1204.15	0	1	0	0	0
1203.15	0	1	0	0	0
1202.15	0	1	0	0	0
1201.15	0	1	0	0	0
1200.15	0	1	0	0	0
1199.15	0	1	0	0	0
1198.15	0	1	0	0	0
1197.15	0	1	0	0	0
1196.15	0	1	0	0	0
1195.15	0	1	0	0	0
1194.15	0	1	0	0	0
1193.15	0	1	0	0	0
1192.15	0	1	0	0	0
1191.15	0	1	0	0	0
1190.15	0	1	0	0	0
1189.15	0	1	0	0	0
1188.15	0	1	0	0	0
1187.15	0	1	0	0	0
1186.15	0	1	0	0	0
1185.15	0	1	0	0	0
1184.15	0	1	0	0	0
1183.15	0	1	0	0	0
1182.15	0	1	0	0	0
1181.15	0	1	0	0	0
1180.15	0	1	0	0	0
1179.15	0	1	0	0	0
1178.15	0	1	0	0	0
1177.15	0	1	0	0	0
1176.15	0	1	0	0	0
1175.15	0	1	0	0	0
1174.15	0	1	0	0	0
1173.15	0	1	0	0	0
1172.15	0	1	0	0	0
1171.15	0	1	0	0	0
1170.15	0	1	0	0	0
1169.15	0	1	0	0	0
1168.15	0	1	0	0	0
1167.15	0	1	0	0	0
1166.186	0	1	0	0	0
1166.186	0	1	0	0	0
1166.186	0	1	0	0	0
1166.15	0	.9999818	0	1.823176E-05	0
1165.15	0	.9994752	0	5.248119E-04	0
1164.15	0	.9989697	0	.001030339	0
1163.15	0	.9984652	0	.001534815	0
1162.15	0	.9979618	0	.002038243	0
1161.15	0	.9974594	0	.002540625	0
1160.15	0	.996958	0	.003041962	0
1159.15	0	.9964577	0	.003542258	0
1158.15	0	.9959585	0	.004041515	0
1157.15	0	.9954603	0	.004539735	0
1156.15	0	.9949631	0	.005036919	0
1155.15	0	.9944669	0	.005533071	0
1154.15	0	.9939718	0	.006028216	0
1153.15	0	.9934777	0	.006522309	0
1152.15	0	.9929846	0	.007015377	0
1151.15	0	.9924926	0	.00750742	0
1150.15	0	.9920016	0	.007998442	0
1149.15	0	.9915116	0	.008488445	0
1148.15	0	.9910226	0	.008977431	0
1147.15	0	.9905346	0	.009465401	0
1146.15	0	.9900476	0	.009952359	0
1145.15	0	.9895617	0	.01043831	0
1144.15	0	.9890768	0	.01092324	0
1143.15	0	.9885928	0	.01140718	0
1142.15	0	.9881099	0	.0118901	0
1141.15	0	.987628	0	.01237203	0
1140.15	0	.9871471	0	.01285295	0
1139.15	0	.9866671	0	.01333288	0
1138.15	0	.9861882	0	.01381181	0
1137.15	0	.9857103	0	.01428975	0
1136.15	0	.9852333	0	.01476669	0
1135.15	0	.9847573	0	.01524265	0
1134.15	0	.9842824	0	.01571762	0
1133.15	0	.9838084	0	.0161916	0
1132.15	0	.9833354	0	.0166646	0
1131.15	0	.9828634	0	.01713661	0
1130.15	0	.9823924	0	.01760765	0
1129.15	0	.9819223	0	.01807771	0
1128.15	0	.9814532	0	.01854679	0
1127.15	0	.9809851	0	.0190149	0
1126.15	0	.980518	0	.01948204	0
1125.15	0	.9800518	0	.0199482	0
1124.15	0	.9795866	0	.0204134	0
1123.15	0	.9791224	0	.02087764	0
1122.15	0	.9786591	0	.02134091	0
1121.15	0	.9781968	0	.02180321	0
1120.15	0	.9777354	0	.02226456	0
1119.15	0	.9772751	0	.02272495	0
1118.15	0	.9768156	0	.02318438	0
1117.15	0	.9763571	0	.02364286	0
1116.15	0	.9758996	0	.02410039	0
1115.15	0	.975443	0	.02455696	0
1114.15	0	.9749874	0	.02501259	0
1113.15	0	.9745327	0	.02546727	0
1112.15	0	.974079	0	.025921	0
1111.15	0	.9736262	0	.02637379	0
1110.15	0	.9731744	0	.02682564	0
1109.15	0	.9727235	0	.02727655	0
1108.15	0	.9722735	0	.02772652	0
1107.15	0	.9718245	0	.02817556	0
1106.15	0	.9713763	0	.02862366	0
1105.15	0	.9709292	0	.02907082	0
1104.15	0	.9704829	0	.02951706	0
1103.15	0	.9700376	0	.02996237	0
1102.15	0	.9695932	0	.03040675	0
1101.15	0	.9691498	0	.03085021	0
1100.15	0	.9687073	0	.03129274	0
1099.15	0	.9682657	0	.03173435	0
1098.15	0	.967825	0	.03217503	0
1097.15	0	.9673852	0	.03261481	0
1096.15	0	.9669463	0	.03305366	0
1095.15	0	.9665084	0	.0334916	0
1094.15	0	.9660714	0	.03392862	0
1093.15	0	.9656353	0	.03436474	0
1092.15	0	.9652001	0	.03479994	0
1091.15	0	.9647658	0	.03523423	0
1090.15	0	.9643324	0	.03566762	0
1089.15	0	.9638999	0	.03610011	0
1088.15	0	.9634683	0	.03653168	0
1087.15	0	.9630376	0	.03696236	0
1086.15	0	.9626079	0	.03739214	0
1085.15	0	.962179	0	.03782102	0
1084.15	0	.961751	0	.038249	0
1083.15	0	.9613239	0	.03867608	0
1082.15	0	.9608977	0	.03910227	0
1081.15	0	.9604724	0	.03952758	0
1080.15	0	.960048	0	.03995198	0
1079.15	0	.9596245	0	.0403755	0
1078.15	0	.9592019	0	.04079814	0
1077.15	0	.9587801	0	.04121988	0
1076.15	0	.9583592	0	.04164075	0
1075.15	0	.9579393	0	.04206073	0
1074.15	0	.9575202	0	.04247982	0
1073.15	0	.957102	0	.04289804	0
1072.15	0	.9566846	0	.04331538	0
1071.15	0	.9562682	0	.04373184	0
1070.15	0	.9558526	0	.04414743	0
1069.15	0	.9554379	0	.04456215	0
1068.15	0	.955024	0	.04497599	0
1067.15	0	.954611	0	.04538896	0
1066.15	0	.9541989	0	.04580106	0
1065.15	0	.9537877	0	.0462123	0
1064.15	0	.9533773	0	.04662266	0
1063.15	0	.9529678	0	.04703217	0
1062.15	0	.9525592	0	.04744081	0
1061.15	0	.9521514	0	.04784858	0
1060.15	0	.9517445	0	.0482555	0
1059.15	0	.9513384	0	.04866156	0
1058.15	0	.9509332	0	.04906676	0
1057.15	0	.9505289	0	.0494711	0
1056.15	0	.9501254	0	.04987459	0
1055.15	0	.9497228	0	.05027722	0
1054.15	0	.949321	0	.05067901	0
1053.15	0	.9489201	0	.05107994	0
1052.15	0	.94852	0	.05148002	0
1051.15	0	.9481208	0	.05187925	0
1050.15	0	.9477224	0	.05227764	0
1049.15	0	.9473248	0	.05267518	0
1048.15	0	.9469281	0	.05307188	0
1047.15	0	.9465323	0	.05346774	0
1046.15	0	.9461373	0	.05386275	0
1045.15	0	.9457431	0	.05425693	0
1044.15	0	.9453497	0	.05465026	0
1043.15	0	.9449572	0	.05504276	0
1042.15	0	.9445656	0	.05543442	0
1041.15	0	.9441748	0	.05582525	0
1040.15	0	.9437848	0	.05621524	0
1039.15	0	.9433956	0	.05660441	0
1038.15	0	.9430073	0	.05699274	0
1037.15	0	.9426198	0	.05738024	0
1036.15	0	.9422331	0	.05776691	0
1035.15	0	.9418472	0	.05815276	0
1034.15	0	.9414622	0	.05853778	0
1033.15	0	.941078	0	.05892198	0
1032.15	0	.9406947	0	.05930535	0
1031.15	0	.9403121	0	.0596879	0
1030.15	0	.9399304	0	.06006963	0
1029.15	0	.9395495	0	.06045054	0
1028.15	0	.9391694	0	.06083063	0
1027.15	0	.9387901	0	.0612099	0
1026.15	0	.9384116	0	.06158836	0
1025.15	0	.938034	0	.061966	0
1024.15	0	.9376572	0	.06234283	0
1023.15	0	.9372812	0	.06271885	0
1022.15	0	.9369059	0	.06309406	0
1021.15	0	.9365315	0	.06346845	0
1020.15	0	.936158	0	.06384204	0
1019.15	0	.9357852	0	.06421482	0
1018.15	0	.9354132	0	.06458679	0
1017.15	0	.935042	0	.06495796	0
1016.15	0	.9346717	0	.06532832	0
1015.15	0	.9343021	0	.06569788	0
1014.15	0	.9339334	0	.06606664	0
1013.15	0	.9335654	0	.0664346	0
1012.15	0	.9331983	0	.06680175	0
1011.15	0	.9328319	0	.06716811	0
1010.15	0	.9324663	0	.06753367	0
1009.15	0	.9321016	0	.06789843	0
1008.15	0	.9317376	0	.0682624	0
1007.15	0	.9313744	0	.06862558	0
1006.15	0	.931012	0	.06898796	0
1005.15	0	.9306505	0	.06934954	0
1004.15	0	.9302897	0	.06971034	0
1003.15	0	.9299297	0	.07007035	0
1002.15	0	.9295704	0	.07042957	0
1001.15	0	.929212	0	.070788	0
1000.15	0	.9288544	0	.07114564	0
999.15	0	.9284975	0	.0715025	0
998.15	0	.9281414	0	.07185857	0
997.15	0	.9277861	0	.07221386	0
996.15	0	.9274316	0	.07256837	0
995.15	0	.9270779	0	.07292209	0
994.15	0	.926725	0	.07327503	0
993.15	0	.9263728	0	.0736272	0
992.15	0	.9260214	0	.07397858	0
991.15	0	.9256708	0	.07432919	0
990.15	0	.925321	0	.07467902	0
989.15	0	.9249719	0	.07502807	0
988.15	0	.9246237	0	.07537635	0
987.15	0	.9242761	0	.07572386	0
986.15	0	.9239294	0	.07607059	0
985.15	0	.9235834	0	.07641655	0
984.15	0	.9232383	0	.07676174	0
983.15	0	.9228938	0	.07710616	0
982.15	0	.9225502	0	.07744981	0
981.15	0	.9222073	0	.07779269	0
980.15	0	.9218652	0	.07813481	0
979.15	0	.9215238	0	.07847616	0
978.15	0	.9211833	0	.07881674	0
977.15	0	.9208434	0	.07915656	0
976.15	0	.9205044	0	.07949562	0
975.15	0	.9201661	0	.07983391	0
974.15	0	.9198286	0	.08017144	0
973.15	0	.9194918	0	.08050821	0
972.15	0	.9191558	0	.08084422	0
971.15	0	.9188205	0	.08117948	0
970.15	0	.918486	0	.08151397	0
969.15	0	.9181523	0	.08184771	0
968.15	0	.9178193	0	.08218069	0
967.15	0	.9174871	0	.08251291	0
966.15	0	.9171556	0	.08284438	0
965.15	0	.9168249	0	.0831751	0
964.15	0	.9164949	0	.08350506	0
963.15	0	.9161657	0	.08383427	0
962.15	0	.9158373	0	.08416273	0
961.15	0	.9155096	0	.08449044	0
960.15	0	.9151826	0	.0848174	0
959.15	0	.9148564	0	.08514361	0
958.15	0	.9145309	0	.08546908	0
957.15	0	.9142062	0	.0857938	0
956.15	0	.9138822	0	.08611776	0
955.15	0	.913559	0	.08644099	0
954.15	0	.9132365	0	.08676347	0
953.15	0	.9129148	0	.08708521	0
952.15	0	.9125938	0	.0874062	0
951.15	0	.9122735	0	.08772645	0
950.15	0	.911954	0	.08804596	0
949.15	0	.9116353	0	.08836473	0
948.15	0	.9113172	0	.08868276	0
947.15	0	.911	0	.08900005	0
946.15	0	.9106834	0	.0893166	0
945.15	0	.9103676	0	.08963242	0
944.15	0	.9100525	0	.0899475	0
943.15	0	.9097382	0	.09026184	0
942.15	0	.9094245	0	.09057545	0
941.15	0	.9091117	0	.09088832	0
940.15	0	.9087995	0	.09120046	0
939.15	0	.9084881	0	.09151186	0
938.15	0	.9081775	0	.09182254	0
937.15	0	.9078675	0	.09213248	0
936.15	0	.9075583	0	.09244169	0
935.15	0	.9072498	0	.09275018	0
934.15	0	.9069421	0	.09305793	0
933.15	0	.9066351	0	.09336495	0
932.15	0	.9063288	0	.09367125	0
931.15	0	.9060232	0	.09397682	0
930.15	0	.9057183	0	.09428166	0
929.15	0	.9054142	0	.09458578	0
928.15	0	.9051108	0	.09488917	0
927.15	0	.9048082	0	.09519184	0
926.15	0	.9045062	0	.09549378	0
925.15	0	.904205	0	.095795	0
924.5232	0	.9040166	0	.09598345	0
924.5232	0	.9040166	0	.09598345	0
924.5232	0	.9040166	0	.09598345	0
924.15	0	.9036556	2.757798E-04	.09606867	0
923.15	0	.9026896	.001014147	.09629624	0
922.15	0	.9017258	.001751531	.09652264	0
921.15	0	.9007642	.002487955	.09674788	0
920.15	0	.8998046	.003223438	.09697194	0
919.15	0	.8988472	.003958004	.09719482	0
918.15	0	.8978918	.004691674	.09741651	0
917.15	0	.8969385	.005424472	.097637	0
916.15	0	.8959873	.006156421	.09785629	0
915.15	0	.8950381	.006887546	.09807438	0
914.15	0	.8940909	.007617872	.09829124	0
913.15	0	.8931457	.008347424	.09850689	0
912.15	0	.8922025	.00907623	.09872131	0
911.15	0	.8912612	.009804315	.09893448	0
910.15	0	.8903219	.01053171	.09914642	0
909.15	0	.8893845	.01125844	.0993571	0
908.15	0	.888449	.01198453	.09956652	0
907.15	0	.8875153	.01271002	.09977467	0
906.15	0	.8865835	.01343494	.09998154	0
905.15	0	.8856536	.01415932	.1001871	0
904.15	0	.8847254	.01488319	.1003914	0
903.15	0	.883799	.01560658	.1005944	0
902.15	0	.8828744	.01632954	.1007961	0
901.15	0	.8819515	.01705209	.1009965	0
900.15	0	.8810303	.01777427	.1011955	0
899.15	0	.8801107	.01849612	.1013932	0
898.15	0	.8791928	.01921768	.1015895	0
897.15	0	.8782765	.01993898	.1017845	0
896.15	0	.8773618	.02066008	.1019781	0
895.15	0	.8764487	.021381	.1021703	0
894.15	0	.8755371	.0221018	.1023611	0
893.15	0	.8746269	.02282251	.1025506	0
892.15	0	.8737182	.02354319	.1027386	0
891.15	0	.8728109	.02426388	.1029252	0
890.15	0	.871905	.02498462	.1031104	0
889.15	0	.8710005	.02570547	.1032941	0
888.15	0	.8700972	.02642647	.1034763	0
887.15	0	.8691952	.02714769	.1036571	0
886.15	0	.8682945	.02786916	.1038364	0
885.15	0	.8673949	.02859096	.1040141	0
884.15	0	.8664965	.02931313	.1041904	0
883.15	0	.8655991	.03003573	.1043652	0
882.15	0	.8647028	.03075882	.1045384	0
881.15	0	.8638075	.03148247	.10471	0
880.15	0	.8629132	.03220674	.1048801	0
879.15	0	.8620197	.03293169	.1050486	0
878.15	0	.8611272	.03365738	.1052155	0
877.15	0	.8602354	.0343839	.1053807	0
876.15	0	.8593443	.03511131	.1055444	0
875.15	0	.858454	.03583969	.1057063	0
874.15	0	.8575643	.0365691	.1058667	0
873.15	0	.8566751	.03729964	.1060253	0
872.15	0	.8557864	.03803137	.1061822	0
871.15	0	.8548982	.03876438	.1063374	0
870.15	0	.8540104	.03949876	.1064909	0
869.15	0	.8531228	.0402346	.1066426	0
868.15	0	.8522356	.04097198	.1067925	0
867.15	0	.8513484	.041711	.1069406	0
866.15	0	.8504614	.04245175	.1070869	0
865.15	0	.8495744	.04319435	.1072313	0
864.15	0	.8486873	.04393888	.1073739	0
863.15	0	.8478	.04468545	.1075145	0
862.15	0	.8469125	.04543418	.1076533	0
861.15	0	.8460247	.04618518	.1077901	0
860.15	0	.8451365	.04693857	.107925	0
859.15	0	.8442478	.04769446	.1080578	0
858.15	0	.8433584	.04845299	.1081886	0
857.15	0	.8424683	.04921428	.1083174	0
856.15	0	.8415774	.04997847	.1084441	0
855.15	0	.8406856	.05074571	.1085687	0
854.15	0	.8397928	.05151612	.1086911	0
853.15	0	.8388988	.05228987	.1088114	0
852.15	0	.8380035	.05306711	.1089294	0
851.15	0	.8371068	.053848	.1090452	0
850.15	0	.8362085	.05463271	.1091587	0
849.15	0	.8353086	.05542142	.1092699	0
848.15	0	.8344069	.0562143	.1093788	0
847.15	0	.8335032	.05701155	.1094853	0
846.15	0	.8325974	.05781336	.1095893	0
845.15	0	.8316893	.05861994	.1096908	0
844.15	0	.8307787	.0594315	.1097898	0
843.15	0	.8298655	.06024827	.1098862	0
842.15	0	.8289495	.06107047	.10998	0
841.15	0	.8280305	.06189836	.1100711	0
840.15	0	.8271083	.06273218	.1101595	0
839.15	0	.8261827	.0635722	.1102451	0
838.15	0	.8252535	.06441871	.1103278	0
837.15	0	.8243204	.06527199	.1104076	0
836.15	0	.8233832	.06613234	.1104845	0
835.15	0	.8224416	.06700011	.1105583	0
834.15	0	.8214954	.06787562	.110629	0
833.15	0	.8205443	.06875922	.1106965	0
832.15	0	.819588	.06965131	.1107607	0
831.15	0	.8186262	.07055226	.1108216	0
830.15	0	.8176585	.07146252	.110879	0
829.15	0	.8166847	.0723825	.1109328	0
828.15	0	.8157042	.0733127	.1109831	0
827.15	0	.8147169	.0742536	.1110295	0
826.15	0	.8137221	.07520574	.1110722	0
825.15	0	.8127195	.07616967	.1111108	0
824.15	0	.8117086	.077146	.1111454	0
823.15	0	.810689	.07813536	.1111757	0
822.15	0	.8096599	.07913845	.1112016	0
821.15	0	.808621	.08015599	.111223	0
820.15	0	.8075715	.08118877	.1112397	0
819.15	0	.8065109	.08223764	.1112515	0
818.15	0	.8054383	.08330349	.1112582	0
817.15	0	.804353	.08438733	.1112597	0
816.15	0	.8032541	.0854902	.1112557	0
815.15	0	.8021408	.08661327	.1112459	0
814.15	0	.8010121	.08775779	.1112301	0
813.15	0	.7998668	.08892512	.1112081	0
812.15	0	.7987038	.09011678	.1111794	0
811.15	0	.7975218	.0913344	.1111438	0
810.15	0	.7959167	.09305318	.1110301	0
809.15	0	.7940083	.09513521	.1108565	0
808.15	0	.7921765	.09713388	.1106896	0
807.15	0	.7904166	.09905453	.1105289	0
806.15	0	.7887238	.1009021	.1103741	0
805.15	0	.7870942	.102681	.1102248	0
804.15	0	.7855237	.1043955	.1100808	0
803.15	0	.784009	.1060492	.1099418	0
802.15	0	.7825468	.1076459	.1098074	0
801.15	0	.7811341	.1091886	.1096774	0
800.15	0	.7797682	.1106803	.1095515	0
799.15	0	.7784465	.1121239	.1094296	0
798.15	0	.7771667	.1135219	.1093114	0
797.15	0	.7759266	.1148766	.1091968	0
796.15	0	.7747242	.1161904	.1090855	0
795.15	0	.7735575	.1174652	.1089773	0
794.15	0	.7724249	.1187029	.1088722	0
793.15	0	.7713246	.1199055	.1087699	0
792.15	0	.7702552	.1210744	.1086704	0
791.15	0	.7692152	.1222114	.1085734	0
790.15	0	.7682033	.1233178	.1084788	0
789.15	0	.7672182	.1243951	.1083866	0
788.15	0	.7662588	.1254446	.1082966	0
787.15	0	.7653239	.1264674	.1082087	0
786.15	0	.7644125	.1274647	.1081229	0
785.15	0	.7635235	.1284376	.1080389	0
784.15	0	.7626562	.129387	.1079568	0
783.15	0	.7618095	.1303141	.1078764	0
782.15	0	.760984	.1312186	.1077974	0
781.15	0	.7601762	.1321035	.1077203	0
780.15	0	.7593867	.1329686	.1076448	0
779.15	0	.7586149	.1338145	.1075706	0
778.15	0	.7578601	.134642	.1074979	0
777.15	0	.7571216	.1354519	.1074265	0
776.15	0	.7563989	.1362447	.1073563	0
775.15	0	.7556914	.1370212	.1072874	0
774.15	0	.7549986	.1377818	.1072196	0
773.15	0	.7543199	.1385271	.107153	0
772.15	0	.7536548	.1392578	.1070874	0
771.15	0	.7530029	.1399742	.1070229	0
770.15	0	.7523638	.1406769	.1069593	0
769.15	0	.751737	.1413664	.1068966	0
768.15	0	.751122	.1420431	.1068349	0
767.15	0	.7505186	.1427074	.106774	0
766.15	0	.7499264	.1433597	.106714	0
765.15	0	.7493449	.1440004	.1066547	0
764.15	0	.7487739	.1446299	.1065962	0
763.15	0	.748213	.1452486	.1065384	0
762.15	0	.747662	.1458567	.1064814	0
761.15	0	.7471204	.1464546	.106425	0
760.15	0	.7465881	.1470426	.1063693	0
759.15	0	.7460648	.1476211	.1063142	0
758.15	0	.7455501	.1481902	.1062596	0
757.15	0	.7450439	.1487504	.1062057	0
756.15	0	.7445459	.1493017	.1061523	0
755.15	0	.7440559	.1498446	.1060995	0
754.15	0	.7435736	.1503792	.1060472	0
753.15	0	.7430989	.1509058	.1059953	0
752.15	0	.7426315	.1514246	.1059439	0
751.15	0	.7421712	.1519358	.105893	0
750.15	0	.7417178	.1524397	.1058425	0
749.15	0	.7412712	.1529363	.1057925	0
748.15	0	.7408311	.153426	.1057428	0
747.15	0	.7403975	.153909	.1056935	0
746.15	0	.7399701	.1543853	.1056446	0
745.15	0	.7395487	.1548551	.1055961	0
744.15	0	.7391333	.1553188	.1055479	0
743.15	0	.7387237	.1557763	.1055001	0
742.15	0	.7383197	.1562278	.1054525	0
741.15	0	.7379211	.1566736	.1054053	0
740.15	0	.7375279	.1571137	.1053584	0
739.15	0	.7371399	.1575483	.1053117	0
738.15	0	.7367571	.1579776	.1052654	0
737.15	0	.7363792	.1584016	.1052193	0
736.15	0	.7360062	.1588205	.1051734	0
735.15	0	.7356379	.1592344	.1051278	0
734.15	0	.7352742	.1596434	.1050824	0
733.15	0	.7349151	.1600477	.1050373	0
732.15	0	.7345604	.1604473	.1049924	0
731.15	0	.73421	.1608424	.1049476	0
730.15	0	.7338639	.161233	.1049031	0
729.15	0	.7335218	.1616194	.1048588	0
728.15	0	.7331839	.1620015	.1048147	0
727.15	0	.7328499	.1623794	.1047707	0
726.15	0	.7325197	.1627533	.1047269	0
725.15	0	.7321934	.1631233	.1046833	0
724.15	0	.7318707	.1634894	.1046399	0
723.15	0	.7315517	.1638517	.1045966	0
722.15	0	.7312363	.1642103	.1045534	0
721.15	0	.7309243	.1645653	.1045104	0
720.15	0	.7306158	.1649167	.1044675	0
719.15	0	.7303105	.1652647	.1044248	0
718.15	0	.7300086	.1656093	.1043822	0
717.15	0	.7297098	.1659505	.1043397	0
716.15	0	.7294142	.1662885	.1042973	0
715.15	0	.7291217	.1666233	.104255	0
714.15	0	.7288322	.1669549	.1042128	0
713.15	0	.7285457	.1672835	.1041708	0
712.15	0	.7282621	.1676091	.1041288	0
711.15	0	.7279813	.1679318	.1040869	0
710.15	0	.7277033	.1682515	.1040452	0
709.15	0	.7274281	.1685684	.1040035	0
708.15	0	.7271556	.1688826	.1039619	0
707.15	0	.7268857	.169194	.1039203	0
706.15	0	.7266184	.1695027	.1038789	0
705.15	0	.7263537	.1698088	.1038375	0
704.15	0	.7260914	.1701124	.1037962	0
703.15	0	.7258316	.1704134	.103755	0
702.15	0	.7255743	.1707119	.1037138	0
701.15	0	.7253193	.1710081	.1036727	0
700.15	0	.7250666	.1713018	.1036316	0
699.15	0	.7248162	.1715931	.1035907	0
698.15	0	.7245681	.1718822	.1035497	0
697.15	0	.7243222	.172169	.1035088	0
696.15	0	.7240785	.1724536	.103468	0
695.15	0	.7238369	.1727359	.1034272	0
694.15	0	.7235974	.1730162	.1033865	0
693.15	0	.72336	.1732943	.1033458	0
692.15	0	.7231246	.1735703	.1033051	0
691.15	0	.7228912	.1738444	.1032645	0
690.15	0	.7226598	.1741163	.1032239	0
689.15	0	.7224303	.1743864	.1031834	0
688.15	0	.7222027	.1746545	.1031428	0
687.15	0	.721977	.1749206	.1031024	0
686.15	0	.7217532	.1751849	.1030619	0
685.15	0	.7215312	.1754474	.1030215	0
684.15	0	.7213109	.175708	.1029811	0
683.15	0	.7210924	.1759668	.1029407	0
682.15	0	.7208757	.1762239	.1029004	0
681.15	0	.7206607	.1764792	.1028601	0
680.15	0	.7204473	.1767329	.1028198	0
679.15	0	.7202357	.1769848	.1027795	0
678.15	0	.7200256	.1772351	.1027393	0
677.15	0	.7198172	.1774838	.1026991	0
676.15	0	.7196103	.1777308	.1026588	0
675.15	0	.7194051	.1779763	.1026187	0
674.15	0	.7192013	.1782202	.1025785	0
673.15	0	.7189991	.1784626	.1025383	0
672.15	0	.7187984	.1787034	.1024982	0
671.15	0	.7185991	.1789428	.1024581	0
670.15	0	.7184014	.1791807	.102418	0
669.15	0	.718205	.1794171	.1023779	0
668.15	0	.7180101	.1796521	.1023378	0
667.15	0	.7178166	.1798857	.1022977	0
666.15	0	.7176244	.1801179	.1022576	0
665.15	0	.7174336	.1803488	.1022176	0
664.15	0	.7172442	.1805783	.1021775	0
663.15	0	.7170561	.1808064	.1021375	0
662.15	0	.7168693	.1810332	.1020975	0
661.15	0	.7166838	.1812588	.1020575	0
660.15	0	.7164995	.181483	.1020175	0
659.15	0	.7163166	.181706	.1019775	0
658.15	0	.7161348	.1819277	.1019375	0
657.15	0	.7159543	.1821482	.1018975	0
656.15	0	.715775	.1823675	.1018575	0
655.15	0	.7155969	.1825855	.1018175	0
654.15	0	.71542	.1828024	.1017776	0
653.15	0	.7152443	.1830181	.1017376	0
652.15	0	.7150697	.1832327	.1016977	0
651.15	0	.7148962	.1834461	.1016577	0
650.15	0	.7147239	.1836583	.1016178	0
649.15	0	.7145527	.1838695	.1015778	0
648.15	0	.7143826	.1840795	.1015379	0
647.15	0	.7142135	.1842885	.101498	0
646.15	0	.7140456	.1844964	.1014581	0
645.15	0	.7138787	.1847032	.1014182	0
644.15	0	.7137128	.1849089	.1013783	0
643.15	0	.713548	.1851136	.1013384	0
642.15	0	.7133843	.1853173	.1012985	0
641.15	0	.7132215	.1855199	.1012586	0
640.15	0	.7130597	.1857216	.1012187	0
639.15	0	.712899	.1859222	.1011788	0
638.15	0	.7127392	.1861219	.1011389	0
637.15	0	.7125804	.1863206	.1010991	0
636.15	0	.7124225	.1865183	.1010592	0
635.15	0	.7122656	.1867151	.1010193	0
634.15	0	.7121096	.1869109	.1009795	0
633.15	0	.7119546	.1871058	.1009397	0
632.15	0	.7118005	.1872997	.1008998	0
631.15	0	.7116473	.1874927	.10086	0
630.15	0	.711495	.1876849	.1008201	0
629.15	0	.7113436	.1878761	.1007803	0
628.15	0	.7111931	.1880664	.1007405	0
627.15	0	.7110434	.1882559	.1007007	0
626.15	0	.7108947	.1884444	.1006609	0
625.15	0	.7107467	.1886321	.1006211	0
624.15	0	.7105997	.188819	.1005814	0
623.15	0	.7104534	.189005	.1005416	0
622.15	0	.710308	.1891902	.1005018	0
621.15	0	.7101635	.1893745	.1004621	0
620.15	0	.7100197	.189558	.1004223	0
619.15	0	.7098768	.1897407	.1003826	0
618.15	0	.7097346	.1899225	.1003429	0
617.15	0	.7095933	.1901036	.1003032	0
616.15	0	.7094527	.1902839	.1002635	0
615.15	0	.7093129	.1904633	.1002238	0
614.15	0	.7091739	.190642	.1001841	0
613.15	0	.7090357	.1908199	.1001444	0
612.15	0	.7088982	.1909971	.1001048	0
611.15	0	.7087614	.1911734	.1000651	0
610.15	0	.7086254	.1913491	.1000255	0
609.15	0	.7084902	.1915239	.09998589	0
608.15	0	.7083557	.191698	.09994628	0
607.15	0	.7082219	.1918714	.0999067	0
606.15	0	.7080888	.192044	.09986713	0
605.15	0	.7079565	.192216	.09982757	0
604.15	0	.7078248	.1923871	.09978803	0
603.15	0	.7076939	.1925576	.09974851	0
602.15	0	.7075636	.1927274	.099709	0
601.15	0	.7074341	.1928964	.09966951	0
600.15	0	.7073052	.1930647	.09963003	0
599.15	0	.707177	.1932324	.09959058	0
598.15	0	.7070495	.1933993	.09955115	0
597.15	0	.7069227	.1935656	.09951173	0
596.15	0	.7067965	.1937312	.09947233	0
595.15	0	.706671	.1938961	.09943295	0
594.15	0	.7065461	.1940603	.0993936	0
593.15	0	.7064219	.1942239	.09935426	0
592.15	0	.7062983	.1943867	.09931495	0
591.15	0	.7061754	.194549	.09927566	0
590.15	0	.7060531	.1947105	.09923639	0
589.15	0	.7059314	.1948715	.09919714	0
588.15	0	.7058104	.1950317	.09915792	0
587.15	0	.7056899	.1951913	.09911873	0
586.15	0	.7055701	.1953503	.09907955	0
585.15	0	.7054509	.1955087	.09904041	0
584.15	0	.7053323	.1956664	.09900129	0
583.15	0	.7052143	.1958235	.09896219	0
582.15	0	.705097	.1959799	.09892313	0
581.15	0	.7049802	.1961358	.09888409	0
580.15	0	.704864	.196291	.09884508	0
579.15	0	.7047483	.1964456	.0988061	0
578.15	0	.7046333	.1965996	.09876715	0
577.15	0	.7045189	.1967529	.09872823	0
576.15	0	.704405	.1969057	.09868933	0
575.15	0	.7042917	.1970579	.09865047	0
574.15	0	.7041789	.1972094	.09861165	0
573.15	0	.7040667	.1973604	.09857285	0
572.15	0	.7039551	.1975108	.09853409	0
571.15	0	.7038441	.1976606	.09849536	0
570.15	0	.7037335	.1978098	.09845667	0
569.15	0	.7036236	.1979584	.09841801	0
568.15	0	.7035142	.1981065	.09837938	0
567.15	0	.7034053	.1982539	.0983408	0
566.15	0	.703297	.1984008	.09830225	0
565.15	0	.7031892	.1985471	.09826374	0
564.15	0	.7030819	.1986928	.09822526	0
563.15	0	.7029752	.198838	.09818682	0
562.15	0	.702869	.1989826	.09814843	0
561.15	0	.7027633	.1991267	.09811007	0
560.15	0	.7026581	.1992701	.09807175	0
559.15	0	.7025535	.1994131	.09803348	0
558.15	0	.7024494	.1995554	.09799524	0
557.15	0	.7023457	.1996972	.09795705	0
556.15	0	.7022426	.1998385	.09791891	0
555.15	0	.70214	.1999792	.0978808	0
554.15	0	.7020379	.2001193	.09784274	0
553.15	0	.7019363	.200259	.09780473	0
552.15	0	.7018352	.200398	.09776676	0
551.15	0	.7017346	.2005366	.09772884	0
550.15	0	.7016345	.2006745	.09769096	0
549.15	0	.7015349	.200812	.09765313	0
548.15	0	.7014358	.2009489	.09761535	0
547.15	0	.7013371	.2010853	.09757762	0
546.15	0	.7012389	.2012211	.09753994	0
545.15	0	.7011412	.2013564	.09750231	0
544.15	0	.701044	.2014912	.09746473	0
543.15	0	.7009473	.2016255	.09742721	0
542.15	0	.700851	.2017592	.09738973	0
541.15	0	.7007553	.2018924	.09735231	0
540.15	0	.7006599	.2020251	.09731494	0
539.15	0	.7005651	.2021573	.09727762	0
538.15	0	.7004707	.2022889	.09724036	0
537.15	0	.7003768	.2024201	.09720316	0
536.15	0	.7002833	.2025507	.09716601	0
535.15	0	.7001903	.2026808	.09712892	0
534.15	0	.7000977	.2028104	.09709188	0
533.15	0	.7000056	.2029395	.09705491	0
532.15	0	.699914	.203068	.09701799	0
531.15	0	.6998228	.2031961	.09698113	0
530.15	0	.6997321	.2033237	.09694424	0
529.15	0	.6996418	.2034507	.0969075	0
528.15	0	.6995519	.2035772	.09687082	0
527.15	0	.6994625	.2037033	.09683421	0
526.15	0	.6993735	.2038288	.09679766	0
525.15	0	.699285	.2039538	.09676117	0
524.15	0	.6991969	.2040784	.09672474	0
523.15	0	.6991092	.2042024	.09668839	0
522.15	0	.699022	.204326	.09665209	0
521.15	0	.6989352	.204449	.09661587	0
520.15	0	.6988488	.2045715	.09657971	0
519.15	0	.6987628	.2046936	.09654361	0
518.15	0	.6986773	.2048151	.09650759	0
517.15	0	.6985922	.2049362	.09647163	0
516.15	0	.6985075	.2050568	.09643575	0
515.15	0	.6984232	.2051769	.09639993	0
514.15	0	.6983394	.2052964	.09636418	0
513.15	0	.6982559	.2054156	.09632851	0
512.15	0	.6981729	.2055342	.09629291	0
511.15	0	.6980903	.2056523	.09625738	0
510.15	0	.6980081	.2057699	.09622193	0
509.15	0	.6979264	.2058871	.09618654	0
508.15	0	.697845	.2060038	.09615124	0
507.15	0	.697764	.2061199	.09611601	0
506.15	0	.6976835	.2062357	.09608085	0
505.15	0	.6976033	.2063509	.09604578	0
504.15	0	.6975236	.2064656	.09601078	0
503.15	0	.6974443	.2065799	.09597585	0
502.15	0	.6973653	.2066937	.09594101	0
501.15	0	.6972868	.206807	.09590625	0
500.15	0	.6972086	.2069198	.09587156	0
499.15	0	.6971309	.2070321	.09583696	0
498.15	0	.6970535	.207144	.09580244	0
497.15	0	.6969766	.2072554	.095768	0
496.15	0	.6969	.2073663	.09573364	0
495.15	0	.6968239	.2074768	.09569937	0
494.15	0	.6967481	.2075868	.09566518	0
493.15	0	.6966727	.2076963	.09563107	0
492.15	0	.6965977	.2078053	.09559705	0
491.15	0	.6965231	.2079138	.09556312	0
490.15	0	.6964488	.2080219	.09552927	0
489.15	0	.696375	.2081295	.09549551	0
488.15	0	.6963015	.2082367	.09546184	0
487.15	0	.6962284	.2083433	.09542825	0
486.15	0	.6961557	.2084495	.09539476	0
485.15	0	.6960834	.2085552	.09536136	0
484.15	0	.6960115	.2086605	.09532804	0
483.15	0	.6959399	.2087653	.09529482	0
482.15	0	.6958687	.2088696	.09526168	0
481.15	0	.6957979	.2089735	.09522864	0
480.15	0	.6957274	.2090769	.0951957	0
479.15	0	.6956574	.2091798	.09516284	0
478.15	0	.6955877	.2092823	.09513008	0
477.15	0	.6955183	.2093842	.09509742	0
476.15	0	.6954494	.2094858	.09506485	0
475.15	0	.6953808	.2095868	.09503238	0
474.15	0	.6953126	.2096874	.095	0
473.15	0	.6952447	.2097876	.09496772	0
472.15	0	.6951772	.2098872	.09493554	0
471.15	0	.6951101	.2099864	.09490346	0
470.15	0	.6950433	.2100852	.09487147	0
469.15	0	.6949769	.2101835	.09483959	0
468.15	0	.6949109	.2102813	.0948078	0
467.15	0	.6948452	.2103787	.09477612	0
466.15	0	.6947799	.2104756	.09474454	0
465.15	0	.6947149	.210572	.09471306	0
464.15	0	.6946503	.210668	.09468168	0
463.15	0	.6945861	.2107635	.09465041	0
462.15	0	.6945222	.2108586	.09461923	0
461.15	0	.6944587	.2109532	.09458817	0
460.15	0	.6943955	.2110473	.09455721	0
459.15	0	.6943326	.211141	.09452635	0
458.15	0	.6942702	.2112342	.0944956	0
457.15	0	.694208	.211327	.09446496	0
456.15	0	.6941463	.2114193	.09443442	0
455.15	0	.6940848	.2115112	.094404	0
454.15	0	.6940237	.2116026	.09437368	0
453.15	0	.693963	.2116935	.09434347	0
452.15	0	.6939026	.211784	.09431337	0
451.15	0	.6938426	.211874	.09428337	0
450.15	0	.6937829	.2119636	.09425349	0
449.15	0	.6937236	.2120527	.09422375	0
448.15	0	.6936646	.2121413	.09419412	0
447.15	0	.693606	.2122294	.0941646	0
446.15	0	.6935478	.212317	.0941352	0
445.15	0	.6934899	.2124042	.09410593	0
444.15	0	.6934324	.2124909	.09407678	0
443.15	0	.6933752	.2125771	.09404775	0
442.15	0	.6933184	.2126628	.09401886	0
441.15	0	.6932619	.212748	.09399009	0
440.15	0	.6932059	.2128327	.09396145	0
439.15	0	.6931502	.2129169	.09393295	0
438.15	0	.6930948	.2130006	.09390459	0
437.15	0	.6930399	.2130838	.09387636	0
436.15	0	.6929853	.2131664	.09384828	0
435.15	0	.6929311	.2132485	.09382034	0
434.15	0	.6928773	.2133301	.09379254	0
433.15	0	.6928239	.2134112	.09376488	0
432.15	0	.6927708	.2134918	.09373737	0
431.15	0	.6927182	.2135718	.09371001	0
430.15	0	.6926659	.2136513	.0936828	0
429.15	0	.692614	.2137302	.09365574	0
428.15	0	.6925625	.2138087	.09362883	0
427.15	0	.6925114	.2138865	.09360208	0
426.15	0	.6924607	.2139639	.09357548	0
425.15	0	.6924103	.2140407	.09354903	0
424.15	0	.6923604	.2141169	.09352274	0
423.15	0	.6923108	.2141926	.09349661	0
422.15	0	.6922616	.2142678	.09347064	0
421.15	0	.6922128	.2143424	.09344482	0
420.15	0	.6921644	.2144164	.09341916	0
419.15	0	.6921164	.2144899	.09339367	0
418.15	0	.6920688	.2145629	.09336833	0
417.15	0	.6920215	.2146353	.09334316	0
416.15	0	.6919747	.2147072	.09331815	0
415.15	0	.6919282	.2147785	.0932933	0
414.15	0	.6918821	.2148493	.09326862	0
413.15	0	.6918364	.2149195	.0932441	0
412.15	0	.6917911	.2149892	.09321974	0
411.15	0	.6917461	.2150583	.09319555	0
410.15	0	.6917015	.2151269	.09317152	0
409.15	0	.6916574	.215195	.09314766	0
408.15	0	.6916135	.2152625	.09312396	0
407.15	0	.6915701	.2153295	.09310043	0
406.15	0	.691527	.2153959	.09307706	0
405.15	0	.6914844	.2154618	.09305386	0
404.15	0	.691442	.2155272	.09303082	0
403.15	0	.6914001	.215592	.09300795	0
402.15	0	.6913585	.2156563	.09298524	0
401.15	0	.6913173	.21572	.0929627	0
400.15	0	.6912764	.2157832	.09294033	0
399.15	0	.691236	.2158459	.09291812	0
398.15	0	.6911958	.2159081	.09289608	0
397.15	0	.6911561	.2159698	.0928742	0
396.15	0	.6911166	.2160309	.09285248	0
395.15	0	.6910776	.2160915	.09283093	0
394.15	0	.6910389	.2161516	.09280955	0
393.15	0	.6910005	.2162112	.09278832	0
392.15	0	.6909625	.2162702	.09276726	0
391.15	0	.6909249	.2163288	.09274637	0
390.15	0	.6908876	.2163868	.09272564	0
389.15	0	.6908506	.2164444	.09270507	0
388.15	0	.6908139	.2165014	.09268466	0
387.15	0	.6907777	.2165579	.09266442	0
386.15	0	.6907417	.216614	.09264433	0
385.15	0	.6907061	.2166695	.09262441	0
384.15	0	.6906708	.2167246	.09260465	0
383.15	0	.6906358	.2167792	.09258504	0
382.15	0	.6906011	.2168333	.0925656	0
381.15	0	.6905668	.2168868	.09254632	0
380.15	0	.6905328	.21694	.09252719	0
379.15	0	.6904991	.2169926	.09250822	0
378.15	0	.6904658	.2170448	.09248941	0
377.15	0	.6904327	.2170965	.09247076	0
376.15	0	.6904	.2171478	.09245226	0
375.15	0	.6903676	.2171985	.09243391	0
374.15	0	.6903354	.2172489	.09241573	0
373.15	0	.6903036	.2172987	.09239769	0
372.15	0	.6902721	.2173481	.09237981	0
371.15	0	.6902408	.2173971	.09236209	0
370.15	0	.6902099	.2174456	.09234451	0
369.15	0	.6901793	.2174936	.09232709	0
368.15	0	.6901489	.2175413	.09230982	0
367.15	0	.6901189	.2175885	.09229269	0
366.15	0	.6900891	.2176352	.09227572	0
365.15	0	.6900596	.2176815	.0922589	0
364.15	0	.6900304	.2177274	.09224222	0
363.15	0	.6900014	.2177729	.09222569	0
362.15	0	.6899727	.217818	.09220931	0
361.15	0	.6899444	.2178626	.09219308	0
360.15	0	.6899162	.2179068	.09217699	0
359.15	0	.6898884	.2179506	.09216104	0
358.15	0	.6898608	.217994	.09214524	0
357.15	0	.6898334	.218037	.09212958	0
356.15	0	.6898063	.2180796	.09211407	0
355.15	0	.6897795	.2181218	.09209869	0
354.15	0	.689753	.2181636	.09208346	0
353.15	0	.6897266	.218205	.09206837	0
352.15	0	.6897005	.218246	.09205341	0
351.15	0	.6896747	.2182867	.0920386	0
350.15	0	.6896491	.2183269	.09202392	0
349.15	0	.6896238	.2183668	.09200938	0
348.15	0	.6895987	.2184063	.09199498	0
347.15	0	.6895738	.2184455	.09198071	0
346.15	0	.6895492	.2184842	.09196658	0
345.15	0	.6895248	.2185227	.09195259	0
344.15	0	.6895006	.2185607	.09193872	0
343.15	0	.6894766	.2185984	.09192499	0
342.15	0	.6894529	.2186357	.09191139	0
341.15	0	.6894294	.2186727	.09189793	0
340.15	0	.6894061	.2187093	.09188459	0
339.15	0	.689383	.2187456	.09187138	0
338.15	0	.6893601	.2187816	.09185831	0
337.15	0	.6893375	.2188172	.09184536	0
336.15	0	.689315	.2188525	.09183254	0
335.15	0	.6892927	.2188874	.09181985	0
334.15	0	.6892707	.218922	.09180729	0
333.15	0	.6892488	.2189563	.09179485	0
332.15	0	.6892272	.2189903	.09178253	0
331.15	0	.6892057	.2190239	.09177034	0
330.15	0	.6891845	.2190573	.09175828	0
329.15	0	.6891634	.2190903	.09174634	0
328.15	0	.6891425	.219123	.09173452	0
327.15	0	.6891218	.2191554	.09172282	0
326.15	0	.6891013	.2191875	.09171124	0
325.15	0	.689081	.2192192	.09169979	0
324.15	0	.6890608	.2192507	.09168845	0
323.15	0	.6890408	.2192819	.09167724	0
322.15	0	.689021	.2193128	.09166614	0
321.15	0	.6890014	.2193434	.09165517	0
320.15	0	.688982	.2193738	.09164431	0
319.15	0	.6889627	.2194038	.09163356	0
318.15	0	.6889435	.2194335	.09162294	0
317.15	0	.6889246	.219463	.09161243	0
316.15	0	.6889058	.2194922	.09160203	0
315.15	0	.6888871	.2195211	.09159175	0
314.15	0	.6888686	.2195498	.09158159	0
313.15	0	.6888503	.2195781	.09157154	0
312.15	0	.6888321	.2196063	.0915616	0
311.15	0	.6888141	.2196341	.09155178	0
310.15	0	.6887962	.2196617	.09154206	0
309.15	0	.6887785	.219689	.09153246	0
308.15	0	.6887609	.2197161	.09152297	0
307.15	0	.6887435	.2197429	.0915136	0
306.15	0	.6887262	.2197695	.09150433	0
305.15	0	.688709	.2197958	.09149517	0
304.15	0	.688692	.2198219	.09148612	0
303.15	0	.6886751	.2198477	.09147718	0
302.15	0	.6886584	.2198733	.09146835	0
301.15	0	.6886418	.2198986	.09145963	0
300.15	0	.6886253	.2199237	.09145102	0
299.15	0	.6886089	.2199486	.09144251	0
298.15	0	.6885927	.2199732	.09143411	0
