T	 BPW(LIQUID)	BPW(BCC_A2)	BPW(FCC_A1)	BPW(LAVES_PHASE_C14)	BPW(NI3TI)
1473.15	.2678803	.5542738	0	.1778459	0
1472.15	.2621197	.5580246	0	.1798557	0
1471.15	.2564649	.5617025	0	.1818326	0
1470.15	.2509132	.5653094	0	.1837775	0
1469.15	.2454617	.5688471	0	.1856912	0
1468.15	.240108	.5723175	0	.1875745	0
1467.15	.2348496	.5757221	0	.1894283	0
1466.15	.229684	.5790627	0	.1912533	0
1465.15	.2246089	.5823408	0	.1930503	0
1464.15	.2196222	.5855579	0	.1948199	0
1463.156	.2147515	.5886963	0	.1965521	0
1463.156	.2147515	.5886963	0	.1965521	0
1463.156	.2147515	.5886963	0	.1965521	0
1463.15	.2146437	.5885991	1.678718E-04	.1965893	0
1462.15	.1974172	.573146	.02692482	.202512	0
1461.15	.1805975	.5582209	.05292981	.2082518	0
1460.15	.1641672	.5438017	.07821457	.2138164	0
1459.15	.1481101	.5298675	.1028091	.2192133	0
1458.15	.1324106	.5163984	.1267418	.2244493	0
1457.15	.1170458	.5033694	.1500513	.2295334	0
1456.15	.1020176	.4907757	.1727397	.2344671	0
1455.15	.08730502	.478594	.1948426	.2392584	0
1454.15	.07289555	.4668082	.2163832	.2439131	0
1453.15	.05877722	.4554033	.237383	.2484364	0
1452.15	.04493862	.444365	.2578629	.2528335	0
1451.15	.03136891	.4336796	.2778425	.257109	0
1450.15	.01805778	.4233342	.2973405	.2612675	0
1449.15	.004995356	.4133164	.3163747	.2653135	0
1448.763	0	.4095212	.3236273	.2668515	0
1448.763	0	.4095212	.3236273	.2668515	0
1448.15	0	.4078074	.3250353	.2671573	0
1447.15	0	.4050161	.3273291	.2676548	0
1446.15	0	.4022324	.3296173	.2681503	0
1445.15	0	.3994563	.3318999	.2686438	0
1444.15	0	.3966877	.3341769	.2691354	0
1443.15	0	.3939266	.3364484	.269625	0
1442.15	0	.391173	.3387143	.2701127	0
1441.15	0	.3884269	.3409747	.2705984	0
1440.15	0	.3856882	.3432296	.2710823	0
1439.15	0	.3829569	.3454789	.2715642	0
1438.15	0	.380233	.3477228	.2720442	0
1437.15	0	.3775165	.3499611	.2725223	0
1436.15	0	.3748074	.352194	.2729986	0
1435.15	0	.3721056	.3544215	.2734729	0
1434.15	0	.3694111	.3566434	.2739454	0
1433.15	0	.3667239	.35886	.2744161	0
1432.15	0	.364044	.3610711	.2748849	0
1431.15	0	.3613713	.3632768	.2753518	0
1430.15	0	.3587059	.3654771	.275817	0
1429.15	0	.3560477	.3676721	.2762803	0
1428.15	0	.3533966	.3698616	.2767418	0
1427.15	0	.3507527	.3720458	.2772015	0
1426.15	0	.348116	.3742246	.2776594	0
1425.15	0	.3454864	.376398	.2781156	0
1424.15	0	.3428639	.3785662	.27857	0
1423.15	0	.3402485	.380729	.2790226	0
1422.15	0	.3376401	.3828865	.2794734	0
1421.15	0	.3350388	.3850387	.2799225	0
1420.15	0	.3324445	.3871856	.2803699	0
1419.15	0	.3298573	.3893272	.2808156	0
1418.15	0	.327277	.3914635	.2812595	0
1417.15	0	.3247037	.3935946	.2817017	0
1416.15	0	.3221373	.3957204	.2821422	0
1415.15	0	.3195779	.397841	.2825811	0
1414.15	0	.3170254	.3999564	.2830182	0
1413.15	0	.3144798	.4020665	.2834537	0
1412.15	0	.3119411	.4041715	.2838874	0
1411.15	0	.3094093	.4062712	.2843196	0
1410.15	0	.3068842	.4083657	.28475	0
1409.15	0	.3043661	.4104551	.2851789	0
1408.15	0	.3018547	.4125392	.2856061	0
1407.15	0	.2993501	.4146182	.2860316	0
1406.15	0	.2968523	.4166921	.2864556	0
1405.15	0	.2943613	.4187608	.2868779	0
1404.15	0	.291877	.4208243	.2872987	0
1403.15	0	.2893995	.4228828	.2877178	0
1402.15	0	.2869286	.4249361	.2881353	0
1401.15	0	.2844645	.4269843	.2885513	0
1400.15	0	.282007	.4290273	.2889657	0
1399.15	0	.2795562	.4310653	.2893785	0
1398.15	0	.277112	.4330982	.2897898	0
1397.15	0	.2746745	.435126	.2901995	0
1396.15	0	.2722436	.4371487	.2906077	0
1395.15	0	.2698193	.4391664	.2910143	0
1394.15	0	.2674016	.441179	.2914194	0
1393.15	0	.2649905	.4431866	.291823	0
1392.15	0	.2625859	.4451891	.2922251	0
1391.15	0	.2601879	.4471865	.2926256	0
1390.15	0	.2577964	.4491789	.2930247	0
1389.15	0	.2554114	.4511663	.2934222	0
1388.15	0	.253033	.4531487	.2938183	0
1387.15	0	.250661	.4551261	.294213	0
1386.15	0	.2482955	.4570984	.2946061	0
1385.15	0	.2459365	.4590658	.2949978	0
1384.15	0	.2435839	.4610281	.295388	0
1383.15	0	.2412378	.4629855	.2957767	0
1382.15	0	.2388981	.4649379	.2961641	0
1381.15	0	.2365648	.4668853	.2965499	0
1380.15	0	.2342379	.4688277	.2969344	0
1379.15	0	.2319174	.4707651	.2973174	0
1378.15	0	.2296034	.4726976	.297699	0
1377.15	0	.2272956	.4746252	.2980792	0
1376.15	0	.2249942	.4765478	.298458	0
1375.15	0	.2226992	.4784654	.2988354	0
1374.15	0	.2204105	.4803781	.2992114	0
1373.15	0	.2181281	.4822858	.299586	0
1372.15	0	.2158521	.4841886	.2999593	0
1371.15	0	.2135824	.4860865	.3003311	0
1370.15	0	.2113189	.4879795	.3007016	0
1369.15	0	.2090617	.4898675	.3010708	0
1368.15	0	.2068108	.4917506	.3014386	0
1367.15	0	.2045662	.4936288	.301805	0
1366.15	0	.2023278	.495502	.3021701	0
1365.15	0	.2000957	.4973704	.3025339	0
1364.15	0	.1978698	.4992339	.3028963	0
1363.15	0	.1956501	.5010924	.3032575	0
1362.15	0	.1934367	.502946	.3036173	0
1361.15	0	.1912295	.5047948	.3039757	0
1360.15	0	.1890285	.5066386	.3043329	0
1359.15	0	.1868336	.5084776	.3046888	0
1358.15	0	.184645	.5103116	.3050434	0
1357.15	0	.1824625	.5121408	.3053967	0
1356.15	0	.1802862	.5139651	.3057487	0
1355.15	0	.1781161	.5157844	.3060995	0
1354.15	0	.1759521	.5175989	.3064489	0
1353.15	0	.1737943	.5194085	.3067972	0
1352.15	0	.1716427	.5212132	.3071441	0
1351.15	0	.1694971	.5230131	.3074898	0
1350.15	0	.1673577	.524808	.3078342	0
1349.15	0	.1652245	.5265981	.3081775	0
1348.15	0	.1630973	.5283832	.3085194	0
1347.15	0	.1609763	.5301635	.3088602	0
1346.15	0	.1588614	.5319389	.3091997	0
1345.15	0	.1567526	.5337095	.309538	0
1344.15	0	.1546499	.5354751	.309875	0
1343.15	0	.1525533	.5372358	.3102109	0
1342.15	0	.1504628	.5389917	.3105455	0
1341.15	0	.1483783	.5407427	.310879	0
1340.15	0	.1463	.5424888	.3112112	0
1339.15	0	.1442277	.5442299	.3115423	0
1338.15	0	.1421615	.5459662	.3118722	0
1337.15	0	.1401015	.5476976	.3122009	0
1336.15	0	.1380474	.5494242	.3125284	0
1335.15	0	.1359994	.5511457	.3128548	0
1334.15	0	.1339576	.5528625	.31318	0
1333.15	0	.1319217	.5545743	.313504	0
1332.15	0	.129892	.5562811	.3138269	0
1331.15	0	.1278682	.5579831	.3141486	0
1330.15	0	.1258506	.5596802	.3144692	0
1329.15	0	.123839	.5613723	.3147887	0
1328.15	0	.1218335	.5630596	.315107	0
1327.15	0	.119834	.5647419	.3154241	0
1326.15	0	.1178406	.5664192	.3157402	0
1325.15	0	.1158532	.5680917	.3160551	0
1324.15	0	.1138719	.5697592	.3163689	0
1323.15	0	.1118967	.5714217	.3166816	0
1322.15	0	.1099275	.5730793	.3169932	0
1321.15	0	.1079643	.574732	.3173037	0
1320.15	0	.1060073	.5763797	.3176131	0
1319.15	0	.1040563	.5780224	.3179214	0
1318.15	0	.1021113	.5796601	.3182286	0
1317.15	0	.1001724	.5812929	.3185347	0
1316.15	0	.0982396	.5829207	.3188397	0
1315.15	0	.09631284	.5845435	.3191437	0
1314.15	0	.09439216	.5861613	.3194465	0
1313.15	0	.09247756	.5877741	.3197484	0
1312.15	0	.09056903	.5893819	.3200491	0
1311.15	0	.08866658	.5909846	.3203488	0
1310.15	0	.08677022	.5925824	.3206474	0
1309.15	0	.08487994	.5941751	.320945	0
1308.15	0	.08299576	.5957627	.3212415	0
1307.15	0	.08111768	.5973453	.321537	0
1306.15	0	.0792457	.5989228	.3218315	0
1305.15	0	.07737983	.6004953	.3221249	0
1304.15	0	.07552007	.6020627	.3224172	0
1303.15	0	.07366644	.603625	.3227086	0
1302.15	0	.07181893	.6051821	.3229989	0
1301.15	0	.06997755	.6067342	.3232882	0
1300.15	0	.06814231	.6082812	.3235765	0
1299.15	0	.06631322	.609823	.3238638	0
1298.15	0	.06449028	.6113596	.3241501	0
1297.15	0	.0626735	.6128912	.3244354	0
1296.15	0	.0608629	.6144175	.3247196	0
1295.15	0	.05905847	.6159387	.3250029	0
1294.15	0	.05726023	.6174546	.3252852	0
1293.15	0	.05546818	.6189654	.3255665	0
1292.15	0	.05368234	.6204709	.3258468	0
1291.15	0	.05190271	.6219712	.3261261	0
1290.15	0	.05012931	.6234663	.3264044	0
1289.15	0	.04836215	.6249561	.3266818	0
1288.15	0	.04660123	.6264406	.3269582	0
1287.15	0	.04484656	.6279199	.3272336	0
1286.15	0	.04309817	.6293938	.327508	0
1285.15	0	.04135606	.6308624	.3277815	0
1284.15	0	.03962024	.6323257	.3280541	0
1283.15	0	.03789072	.6337836	.3283257	0
1282.15	0	.03616752	.6352362	.3285963	0
1281.15	0	.03445066	.6366834	.328866	0
1280.15	0	.03274013	.6381252	.3291347	0
1279.15	0	.03103597	.6395615	.3294025	0
1278.15	0	.02933818	.6409925	.3296694	0
1277.15	0	.02764677	.6424179	.3299353	0
1276.15	0	.02596177	.6438379	.3302003	0
1275.15	0	.02428319	.6452525	.3304644	0
1274.15	0	.02261104	.6466615	.3307275	0
1273.15	0	.02094534	.6480649	.3309897	0
1272.15	0	.01928611	.6494629	.331251	0
1271.15	0	.01763336	.6508552	.3315114	0
1270.15	0	.01598711	.652242	.3317709	0
1269.15	0	.01434738	.6536232	.3320295	0
1268.15	0	.01271419	.6549987	.3322871	0
1267.15	0	.01108756	.6563686	.3325439	0
1266.15	0	.009467498	.6577328	.3327997	0
1265.15	0	.007854034	.6590913	.3330547	0
1264.15	0	.006247184	.6604441	.3333087	0
1263.15	0	.004646969	.6617911	.3335619	0
1262.15	0	.003053411	.6631324	.3338142	0
1261.15	0	.001466529	.6644679	.3340656	0
1260.222	0	0	.6657019	.3342981	0
1260.222	0	0	.6657019	.3342981	0
1260.15	0	0	.6656878	.3343122	0
1259.15	0	0	.6654917	.3345083	0
1258.15	0	0	.665296	.334704	0
1257.15	0	0	.6651006	.3348994	0
1256.15	0	0	.6649057	.3350944	0
1255.15	0	0	.664711	.335289	0
1254.15	0	0	.6645168	.3354832	0
1253.15	0	0	.664323	.335677	0
1252.15	0	0	.6641295	.3358705	0
1251.15	0	0	.6639364	.3360636	0
1250.15	0	0	.6637436	.3362564	0
1249.15	0	0	.6635513	.3364487	0
1248.15	0	0	.6633593	.3366407	0
1247.15	0	0	.6631676	.3368324	0
1246.15	0	0	.6629764	.3370236	0
1245.15	0	0	.6627855	.3372145	0
1244.15	0	0	.6625949	.3374051	0
1243.15	0	0	.6624048	.3375952	0
1242.15	0	0	.662215	.337785	0
1241.15	0	0	.6620256	.3379745	0
1240.15	0	0	.6618365	.3381635	0
1239.15	0	0	.6616478	.3383522	0
1238.15	0	0	.6614594	.3385406	0
1237.15	0	0	.6612715	.3387286	0
1236.15	0	0	.6610838	.3389162	0
1235.15	0	0	.6608966	.3391034	0
1234.15	0	0	.6607097	.3392903	0
1233.15	0	0	.6605231	.3394769	0
1232.15	0	0	.660337	.339663	0
1231.15	0	0	.6601512	.3398489	0
1230.15	0	0	.6599657	.3400343	0
1229.15	0	0	.6597806	.3402194	0
1228.15	0	0	.6595958	.3404042	0
1227.15	0	0	.6594115	.3405886	0
1226.15	0	0	.6592274	.3407726	0
1225.15	0	0	.6590437	.3409563	0
1224.15	0	0	.6588604	.3411396	0
1223.15	0	0	.6586774	.3413226	0
1222.15	0	0	.6584948	.3415052	0
1221.15	0	0	.6583125	.3416875	0
1220.15	0	0	.6581306	.3418694	0
1219.15	0	0	.6579491	.3420509	0
1218.15	0	0	.6577679	.3422321	0
1217.15	0	0	.657587	.342413	0
1216.15	0	0	.6574065	.3425935	0
1215.15	0	0	.6572263	.3427737	0
1214.15	0	0	.6570465	.3429535	0
1213.15	0	0	.656867	.343133	0
1212.15	0	0	.6566879	.3433121	0
1211.15	0	0	.6565092	.3434909	0
1210.15	0	0	.6563307	.3436693	0
1209.15	0	0	.6561527	.3438474	0
1208.15	0	0	.6559749	.3440251	0
1207.15	0	0	.6557975	.3442025	0
1206.15	0	0	.6556205	.3443795	0
1205.15	0	0	.6554438	.3445562	0
1204.15	0	0	.6552674	.3447326	0
1203.15	0	0	.6550914	.3449086	0
1202.15	0	0	.6549157	.3450843	0
1201.15	0	0	.6547404	.3452596	0
1200.15	0	0	.6545654	.3454346	0
1199.15	0	0	.6543907	.3456093	0
1198.15	0	0	.6542164	.3457836	0
1197.15	0	0	.6540424	.3459576	0
1196.15	0	0	.6538688	.3461312	0
1195.15	0	0	.6536955	.3463045	0
1194.15	0	0	.6535225	.3464775	0
1193.15	0	0	.6533499	.3466501	0
1192.15	0	0	.6531776	.3468224	0
1191.15	0	0	.6530057	.3469943	0
1190.15	0	0	.6528341	.3471659	0
1189.15	0	0	.6526628	.3473372	0
1188.15	0	0	.6524918	.3475082	0
1187.15	0	0	.6523212	.3476788	0
1186.15	0	0	.6521509	.3478491	0
1185.15	0	0	.651981	.348019	0
1184.15	0	0	.6518114	.3481886	0
1183.15	0	0	.6516421	.3483579	0
1182.15	0	0	.6514731	.3485269	0
1181.15	0	0	.6513045	.3486955	0
1180.15	0	0	.6511362	.3488638	0
1179.15	0	0	.6509683	.3490317	0
1178.15	0	0	.6508006	.3491994	0
1177.15	0	0	.6506333	.3493667	0
1176.15	0	0	.6504664	.3495337	0
1175.15	0	0	.6502997	.3497003	0
1174.15	0	0	.6501334	.3498666	0
1173.15	0	0	.6499674	.3500326	0
1172.15	0	0	.6498017	.3501983	0
1171.15	0	0	.6496364	.3503636	0
1170.15	0	0	.6494714	.3505286	0
1169.15	0	0	.6493067	.3506933	0
1168.15	0	0	.6491423	.3508577	0
1167.15	0	0	.6489783	.3510217	0
1166.15	0	0	.6488145	.3511855	0
1165.15	0	0	.6486511	.3513489	0
1164.15	0	0	.6484881	.3515119	0
1163.15	0	0	.6483253	.3516747	0
1162.15	0	0	.6481629	.3518371	0
1161.15	0	0	.6480008	.3519992	0
1160.15	0	0	.647839	.352161	0
1159.15	0	0	.6476775	.3523225	0
1158.15	0	0	.6475164	.3524836	0
1157.15	0	0	.6473556	.3526445	0
1156.15	0	0	.647195	.352805	0
1155.15	0	0	.6470349	.3529652	0
1154.15	0	0	.646875	.353125	0
1153.15	0	0	.6467154	.3532846	0
1152.15	0	0	.6465562	.3534438	0
1151.15	0	0	.6463973	.3536027	0
1150.15	0	0	.6462387	.3537613	0
1149.15	0	0	.6460804	.3539196	0
1148.15	0	0	.6459224	.3540776	0
1147.15	0	0	.6457647	.3542353	0
1146.15	0	0	.6456074	.3543926	0
1145.15	0	0	.6454504	.3545496	0
1144.15	0	0	.6452936	.3547064	0
1143.15	0	0	.6451372	.3548628	0
1142.15	0	0	.6449812	.3550188	0
1141.15	0	0	.6448254	.3551746	0
1140.15	0	0	.6446699	.3553301	0
1139.15	0	0	.6445148	.3554853	0
1138.15	0	0	.6443599	.3556401	0
1137.15	0	0	.6442054	.3557946	0
1136.15	0	0	.6440512	.3559488	0
1135.15	0	0	.6438973	.3561028	0
1134.15	0	0	.6437436	.3562564	0
1133.15	0	0	.6435904	.3564097	0
1132.15	0	0	.6434374	.3565626	0
1131.15	0	0	.6432847	.3567153	0
1130.15	0	0	.6431323	.3568677	0
1129.15	0	0	.6429803	.3570197	0
1128.15	0	0	.6428285	.3571715	0
1127.15	0	0	.6426771	.3573229	0
1126.15	0	0	.6425259	.3574741	0
1125.15	0	0	.6423751	.3576249	0
1124.15	0	0	.6422246	.3577754	0
1123.15	0	0	.6420743	.3579257	0
1122.15	0	0	.6419244	.3580756	0
1121.15	0	0	.6417748	.3582252	0
1120.15	0	0	.6416255	.3583745	0
1119.15	0	0	.6414765	.3585235	0
1118.15	0	0	.6413278	.3586722	0
1117.15	0	0	.6411794	.3588206	0
1116.15	0	0	.6410313	.3589687	0
1115.15	0	0	.6408835	.3591165	0
1114.15	0	0	.640736	.359264	0
1113.15	0	0	.6405888	.3594112	0
1112.15	0	0	.6404419	.3595581	0
1111.15	0	0	.6402953	.3597047	0
1110.15	0	0	.640149	.359851	0
1109.15	0	0	.6400031	.359997	0
1108.15	0	0	.6398574	.3601426	0
1107.15	0	0	.639712	.360288	0
1106.15	0	0	.6395669	.3604331	0
1105.15	0	0	.6394221	.3605779	0
1104.15	0	0	.6392776	.3607224	0
1103.15	0	0	.6391334	.3608666	0
1102.15	0	0	.6389895	.3610105	0
1101.15	0	0	.6388459	.3611541	0
1100.15	0	0	.6387026	.3612974	0
1099.15	0	0	.6385596	.3614404	0
1098.15	0	0	.6384169	.3615831	0
1097.15	0	0	.6382745	.3617255	0
1096.15	0	0	.6381323	.3618677	0
1095.15	0	0	.6379905	.3620095	0
1094.15	0	0	.637849	.362151	0
1093.15	0	0	.6377077	.3622923	0
1092.15	0	0	.6375668	.3624332	0
1091.15	0	0	.6374262	.3625738	0
1090.15	0	0	.6372858	.3627142	0
1089.15	0	0	.6371457	.3628543	0
1088.15	0	0	.637006	.362994	0
1087.15	0	0	.6368665	.3631335	0
1086.15	0	0	.6367273	.3632727	0
1085.15	0	0	.6365884	.3634116	0
1084.15	0	0	.6364498	.3635502	0
1083.15	0	0	.6363115	.3636885	0
1082.15	0	0	.6361735	.3638265	0
1081.15	0	0	.6360358	.3639642	0
1080.15	0	0	.6358983	.3641017	0
1079.15	0	0	.6357612	.3642388	0
1078.15	0	0	.6356243	.3643757	0
1077.15	0	0	.6354878	.3645122	0
1076.15	0	0	.6353515	.3646485	0
1075.15	0	0	.6352155	.3647845	0
1074.15	0	0	.6350798	.3649202	0
1073.15	0	0	.6349444	.3650556	0
1072.15	0	0	.6348092	.3651908	0
1071.15	0	0	.6346744	.3653256	0
1070.15	0	0	.6345399	.3654601	0
1069.15	0	0	.6344056	.3655944	0
1068.15	0	0	.6342716	.3657284	0
1067.15	0	0	.6341379	.3658621	0
1066.15	0	0	.6340045	.3659955	0
1065.15	0	0	.6338714	.3661286	0
1064.15	0	0	.6337386	.3662614	0
1063.15	0	0	.633606	.366394	0
1062.15	0	0	.6334738	.3665262	0
1061.15	0	0	.6333418	.3666582	0
1060.15	0	0	.6332101	.3667899	0
1059.15	0	0	.6330787	.3669213	0
1058.15	0	0	.6329476	.3670524	0
1057.15	0	0	.6328167	.3671833	0
1056.15	0	0	.6326862	.3673138	0
1055.15	0	0	.6325559	.3674441	0
1054.15	0	0	.6324259	.3675741	0
1053.15	0	0	.6322962	.3677038	0
1052.15	0	0	.6321668	.3678332	0
1051.15	0	0	.6320377	.3679623	0
1050.15	0	0	.6319088	.3680912	0
1049.15	0	0	.6317802	.3682198	0
1048.15	0	0	.6316519	.3683481	0
1047.15	0	0	.6315239	.3684761	0
1046.15	0	0	.6313962	.3686038	0
1045.15	0	0	.6312687	.3687313	0
1044.15	0	0	.6311415	.3688585	0
1043.15	0	0	.6310146	.3689854	0
1042.15	0	0	.630888	.369112	0
1041.15	0	0	.6307617	.3692383	0
1040.15	0	0	.6306356	.3693644	0
1039.15	0	0	.6305099	.3694902	0
1038.15	0	0	.6303844	.3696157	0
1037.15	0	0	.6302591	.3697409	0
1036.15	0	0	.6301342	.3698658	0
1035.15	0	0	.6300095	.3699905	0
1034.15	0	0	.6298851	.3701149	0
1033.15	0	0	.629761	.370239	0
1032.15	0	0	.6296372	.3703628	0
1031.15	0	0	.6295137	.3704864	0
1030.15	0	0	.6293904	.3706096	0
1029.15	0	0	.6292674	.3707326	0
1028.15	0	0	.6291447	.3708554	0
1027.15	0	0	.6290222	.3709778	0
1026.15	0	0	.6289	.3711	0
1025.15	0	0	.6287781	.3712219	0
1024.15	0	0	.6286565	.3713435	0
1023.15	0	0	.6285352	.3714648	0
1022.15	0	0	.6284141	.3715859	0
1021.15	0	0	.6282933	.3717067	0
1020.15	0	0	.6281728	.3718272	0
1019.15	0	0	.6280526	.3719475	0
1018.15	0	0	.6279326	.3720674	0
1017.15	0	0	.6278129	.3721871	0
1016.15	0	0	.6276935	.3723065	0
1015.15	0	0	.6275743	.3724257	0
1014.15	0	0	.6274554	.3725446	0
1013.15	0	0	.6273368	.3726632	0
1012.15	0	0	.6272185	.3727815	0
1011.15	0	0	.6271004	.3728996	0
1010.15	0	0	.6269827	.3730173	0
1009.15	0	0	.6268651	.3731349	0
1008.15	0	0	.6267479	.3732521	0
1007.15	0	0	.6266309	.3733691	0
1006.15	0	0	.6265143	.3734858	0
1005.15	0	0	.6263978	.3736022	0
1004.15	0	0	.6262817	.3737183	0
1003.15	0	0	.6261658	.3738342	0
1002.15	0	0	.6260502	.3739498	0
1001.15	0	0	.6259348	.3740652	0
1000.15	0	0	.6258198	.3741802	0
999.15	0	0	.625705	.374295	0
998.15	0	0	.6255904	.3744096	0
997.15	0	0	.6254762	.3745238	0
996.15	0	0	.6253622	.3746378	0
995.15	0	0	.6252485	.3747515	0
994.15	0	0	.625135	.374865	0
993.5438	0	0	.6250664	.3749336	0
993.5438	0	0	.6250664	.3749336	0
993.5438	0	0	.6250664	.3749336	0
993.15	0	8.933444E-04	.6241445	.3749622	0
992.15	0	.003172061	.6217936	.3750343	0
991.15	0	.00546501	.6194289	.3751061	0
990.15	0	.007771986	.6170507	.3751773	0
989.15	0	.01009278	.6146591	.3752482	0
988.15	0	.01242719	.6122542	.3753186	0
987.15	0	.01477499	.6098365	.3753885	0
986.15	0	.01713598	.607406	.375458	0
985.15	0	.01950994	.604963	.3755271	0
984.15	0	.02189665	.6025077	.3755957	0
983.15	0	.0242959	.6000403	.3756638	0
982.15	0	.02670747	.597561	.3757315	0
981.15	0	.02913113	.5950701	.3757988	0
980.15	0	.03156667	.5925678	.3758655	0
979.15	0	.03401385	.5900543	.3759319	0
978.15	0	.03647246	.5875298	.3759977	0
977.15	0	.03894227	.5849946	.3760631	0
976.15	0	.04142305	.582449	.376128	0
975.15	0	.04391457	.579893	.3761924	0
974.15	0	.04641661	.577327	.3762563	0
973.15	0	.04892893	.5747513	.3763198	0
972.15	0	.05145131	.572166	.3763827	0
971.15	0	.05398351	.5695713	.3764452	0
970.15	0	.05652529	.5669676	.3765072	0
969.15	0	.05907643	.564355	.3765686	0
968.15	0	.06163669	.5617338	.3766295	0
967.15	0	.06418988	.5591187	.3766914	0
966.15	0	.06676347	.5564839	.3767527	0
965.15	0	.06935966	.5538273	.376813	0
964.15	0	.07197688	.5511505	.3768726	0
963.15	0	.07461366	.548455	.3769313	0
962.15	0	.07726856	.5457422	.3769892	0
961.15	0	.07994018	.5430136	.3770463	0
960.15	0	.08262719	.5402703	.3771025	0
959.15	0	.08532832	.5375138	.3771579	0
958.15	0	.08804233	.5347452	.3772125	0
957.15	0	.09076802	.5319658	.3772662	0
956.15	0	.09350425	.5291767	.3773191	0
955.15	0	.09624992	.5263789	.3773712	0
954.15	0	.09900396	.5235736	.3774225	0
953.15	0	.1017654	.5207618	.3774729	0
952.15	0	.1045331	.5179444	.3775225	0
951.15	0	.1073063	.5151225	.3775713	0
950.15	0	.1100839	.5122969	.3776192	0
949.15	0	.1128652	.5094685	.3776663	0
948.15	0	.1156493	.5066381	.3777126	0
947.15	0	.1184353	.5038067	.377758	0
946.15	0	.1212225	.5009749	.3778026	0
945.15	0	.1240102	.4981436	.3778463	0
944.15	0	.1267975	.4953134	.3778891	0
943.15	0	.1295838	.492485	.3779311	0
942.15	0	.1323685	.4896592	.3779723	0
941.15	0	.1351508	.4868366	.3780126	0
940.15	0	.1379302	.4840178	.378052	0
939.15	0	.140706	.4812035	.3780905	0
938.15	0	.1434778	.4783941	.3781281	0
937.15	0	.1462448	.4755903	.3781649	0
936.15	0	.1490067	.4727925	.3782008	0
935.15	0	.1517628	.4700014	.3782358	0
934.15	0	.1545128	.4672174	.3782699	0
933.15	0	.157256	.4644409	.378303	0
932.15	0	.1599922	.4616725	.3783353	0
931.15	0	.1627208	.4589126	.3783666	0
930.15	0	.1654414	.4561616	.3783971	0
929.15	0	.1681536	.4534198	.3784266	0
928.15	0	.1708571	.4506878	.3784551	0
927.15	0	.1735514	.4479659	.3784828	0
926.15	0	.1762362	.4452544	.3785095	0
925.15	0	.1789112	.4425536	.3785352	0
924.15	0	.181576	.439864	.37856	0
923.15	0	.1842303	.4371858	.3785839	0
922.15	0	.1868739	.4345194	.3786068	0
921.15	0	.1895063	.4318649	.3786287	0
920.15	0	.1921275	.4292228	.3786497	0
919.15	0	.194737	.4265933	.3786697	0
918.15	0	.1973346	.4239767	.3786887	0
917.15	0	.1999202	.4213731	.3787067	0
916.15	0	.2024933	.4187829	.3787238	0
915.15	0	.2050539	.4162062	.3787399	0
914.15	0	.2076017	.4136433	.378755	0
913.15	0	.2101365	.4110944	.378769	0
912.15	0	.2126581	.4085598	.3787821	0
911.15	0	.2151663	.4060395	.3787942	0
910.15	0	.2176609	.4035338	.3788053	0
909.15	0	.2201418	.4010428	.3788154	0
908.15	0	.2226087	.3985668	.3788245	0
907.15	0	.2250616	.3961059	.3788325	0
906.15	0	.2275002	.3936602	.3788396	0
905.15	0	.2299244	.3912299	.3788456	0
904.15	0	.2323341	.3888152	.3788507	0
903.15	0	.2347291	.3864162	.3788547	0
902.15	0	.2371094	.384033	.3788577	0
901.15	0	.2394747	.3816657	.3788596	0
900.15	0	.2418249	.3793145	.3788606	0
899.15	0	.24416	.3769795	.3788605	0
898.15	0	.2464798	.3746608	.3788594	0
897.15	0	.2487842	.3723584	.3788573	0
896.15	0	.2510732	.3700726	.3788542	0
895.15	0	.2533465	.3678034	.3788501	0
894.15	0	.2556042	.3655508	.378845	0
893.15	0	.2578461	.3633151	.3788388	0
892.15	0	.2600722	.3610962	.3788316	0
891.15	0	.2622823	.3588942	.3788235	0
890.15	0	.2644764	.3567093	.3788143	0
889.15	0	.2666545	.3545415	.3788041	0
888.15	0	.2688163	.3523908	.3787929	0
887.15	0	.270962	.3502573	.3787807	0
886.15	0	.2730913	.3481412	.3787675	0
885.15	0	.2752043	.3460424	.3787534	0
884.15	0	.2773008	.3439609	.3787382	0
883.15	0	.279381	.3418969	.3787221	0
882.15	0	.2814445	.3398505	.378705	0
881.15	0	.2834915	.3378215	.378687	0
880.15	0	.2855219	.3358101	.378668	0
879.15	0	.2875357	.3338164	.378648	0
878.15	0	.2895327	.3318402	.3786271	0
877.15	0	.291513	.3298818	.3786052	0
876.15	0	.2934765	.3279411	.3785825	0
875.15	0	.2954232	.326018	.3785588	0
874.15	0	.2973531	.3241127	.3785341	0
873.15	0	.2992662	.3222252	.3785086	0
872.15	0	.3011624	.3203554	.3784822	0
871.15	0	.3030416	.3185035	.3784549	0
870.15	0	.304904	.3166692	.3784267	0
869.15	0	.3067495	.3148528	.3783977	0
868.15	0	.3085781	.3130541	.3783678	0
867.15	0	.3103897	.3112732	.3783371	0
866.15	0	.3121844	.3095101	.3783055	0
865.15	0	.3139622	.3077647	.3782731	0
864.15	0	.3157231	.306037	.3782399	0
863.15	0	.3174671	.304327	.3782059	0
862.15	0	.3191942	.3026347	.3781711	0
861.15	0	.3209045	.30096	.3781355	0
860.15	0	.3225979	.2993029	.3780992	0
859.15	0	.3242745	.2976633	.3780621	0
858.15	0	.3259343	.2960413	.3780243	0
857.15	0	.3275774	.2944368	.3779858	0
856.15	0	.3292038	.2928496	.3779466	0
855.15	0	.3308135	.2912799	.3779066	0
854.15	0	.3324066	.2897274	.377866	0
853.15	0	.3339832	.2881921	.3778247	0
852.15	0	.3355432	.2866741	.3777827	0
851.15	0	.3370868	.2851731	.3777401	0
850.15	0	.338614	.2836891	.3776969	0
849.15	0	.3401249	.282222	.377653	0
848.15	0	.3416196	.2807718	.3776086	0
847.15	0	.3430981	.2793384	.3775636	0
846.15	0	.3445605	.2779216	.3775179	0
845.15	0	.3460069	.2765214	.3774717	0
844.15	0	.3474374	.2751377	.377425	0
843.15	0	.348852	.2737703	.3773777	0
842.15	0	.350251	.2724191	.3773299	0
841.15	0	.3516343	.2710841	.3772816	0
840.15	0	.353002	.2697652	.3772328	0
839.15	0	.3543544	.2684621	.3771835	0
838.15	0	.3556915	.2671748	.3771337	0
837.15	0	.3570133	.2659032	.3770835	0
836.15	0	.3583201	.2646471	.3770328	0
835.15	0	.3596119	.2634065	.3769817	0
834.15	0	.3608888	.2621811	.3769301	0
833.15	0	.3621511	.2609708	.3768781	0
832.15	0	.3633987	.2597755	.3768258	0
831.15	0	.3646319	.2585951	.376773	0
830.15	0	.3658507	.2574294	.3767198	0
829.15	0	.3670554	.2562783	.3766663	0
828.9701	0	.3672707	.2560727	.3766566	0
828.9701	0	.3672707	.2560727	.3766566	0
828.9701	0	.3672707	.2560727	.3766566	0
828.15	0	.3728647	.2493426	.3750614	.002731353
827.15	0	.3794853	.2413574	.3731554	.006001983
826.15	0	.3858935	.2336066	.3712913	.009208734
825.15	0	.3920977	.226081	.3694676	.01235374
824.15	0	.398106	.218772	.367683	.01543904
823.15	0	.403926	.2116713	.3659362	.01846655
822.15	0	.4095648	.2047711	.364226	.02143811
821.15	0	.4150293	.198064	.3625513	.02435546
820.15	0	.4203259	.1915429	.3609109	.02722026
819.15	0	.4254609	.1852012	.3593038	.03003408
818.15	0	.4304401	.1790324	.357729	.03279844
817.15	0	.4352692	.1730304	.3561856	.03551476
816.15	0	.4399534	.1671896	.3546726	.03818443
815.15	0	.4444979	.1615042	.3531891	.04080875
814.15	0	.4489075	.1559692	.3517344	.04338897
813.15	0	.4531868	.1505793	.3503076	.0459263
812.15	0	.4573403	.14533	.3489079	.04842188
811.15	0	.4613722	.1402164	.3475346	.05087681
810.15	0	.4652866	.1352343	.346187	.05329214
809.15	0	.4690873	.1303794	.3448644	.0556689
808.15	0	.472778	.1256478	.3435662	.05800804
807.15	0	.4763623	.1210355	.3422918	.0603105
806.15	0	.4798436	.1165388	.3410404	.06257718
805.15	0	.4832252	.1121542	.3398117	.06480894
804.15	0	.4865101	.1078784	.3386049	.06700661
803.15	0	.4897015	.1037079	.3374195	.06917098
802.15	0	.4928022	.09963981	.3362551	.07130283
801.15	0	.495815	.09567094	.3351111	.0734029
800.15	0	.4987426	.09179843	.3339871	.07547191
799.15	0	.5015875	.08801948	.3328825	.07751053
798.15	0	.5043522	.08433143	.3317969	.07951945
797.15	0	.5070391	.08073166	.3307299	.08149931
796.15	0	.5096505	.07721769	.3296811	.08345072
795.15	0	.5121886	.07378711	.32865	.08537429
794.15	0	.5146556	.07043761	.3276362	.08727061
793.15	0	.5170535	.06716693	.3266394	.08914023
792.15	0	.5193842	.06397293	.3256592	.09098372
791.15	0	.5216498	.06085351	.3246951	.09280158
790.15	0	.523852	.05780667	.323747	.09459435
789.15	0	.5259927	.05483044	.3228143	.09636252
788.15	0	.5280736	.05192295	.3218968	.09810658
787.15	0	.5300964	.04908238	.3209942	.09982699
786.15	0	.5320627	.04630695	.3201061	.1015242
785.15	0	.533974	.04359497	.3192323	.1031987
784.15	0	.535832	.04094477	.3183724	.1048509
783.15	0	.537638	.03835476	.3175261	.1064812
782.15	0	.5393935	.03582338	.3166932	.10809
781.15	0	.5410998	.03334913	.3158733	.1096777
780.15	0	.5427584	.03093053	.3150663	.1112448
779.15	0	.5443705	.02856618	.3142718	.1127915
778.15	0	.5459373	.02625471	.3134896	.1143183
777.15	0	.5474602	.02399476	.3127195	.1158256
776.15	0	.5489403	.02178504	.3119611	.1173136
775.15	0	.5503787	.0196243	.3112142	.1187827
774.15	0	.5517767	.01751131	.3104787	.1202333
773.15	0	.5531351	.01544487	.3097543	.1216657
772.15	0	.5544553	.01342382	.3090407	.1230802
771.15	0	.555738	.01144705	.3083378	.1244772
770.15	0	.5569845	.00951344	.3076452	.1258568
769.15	0	.5581956	.007621937	.3069629	.1272196
768.15	0	.5593723	.005771498	.3062906	.1285656
767.15	0	.5605155	.00396111	.3056281	.1298953
766.15	0	.5616261	.002189789	.3049752	.1312089
765.15	0	.562705	4.565749E-04	.3043317	.1325067
764.8829	0	.5629879	0	.3041614	.1328507
764.8829	0	.5629879	0	.3041614	.1328507
764.15	0	.5629136	0	.3040247	.1330617
763.15	0	.5628127	0	.3038386	.1333487
762.15	0	.5627121	0	.3036532	.1336347
761.15	0	.562612	0	.3034683	.1339197
760.15	0	.5625124	0	.303284	.1342037
759.15	0	.5624132	0	.3031002	.1344866
758.15	0	.5623144	0	.3029171	.1347686
757.15	0	.562216	0	.3027345	.1350495
756.15	0	.5621181	0	.3025525	.1353294
755.15	0	.5620205	0	.3023711	.1356084
754.15	0	.5619234	0	.3021903	.1358863
753.15	0	.5618268	0	.30201	.1361632
752.15	0	.5617305	0	.3018303	.1364392
751.15	0	.5616347	0	.3016512	.1367141
750.15	0	.5615392	0	.3014727	.1369881
749.15	0	.5614442	0	.3012947	.1372611
748.15	0	.5613496	0	.3011173	.1375331
747.15	0	.5612554	0	.3009404	.1378042
746.15	0	.5611616	0	.3007642	.1380743
745.15	0	.5610682	0	.3005885	.1383434
744.15	0	.5609751	0	.3004133	.1386115
743.15	0	.5608825	0	.3002388	.1388787
742.15	0	.5607903	0	.3000647	.139145
741.15	0	.5606985	0	.2998913	.1394102
740.15	0	.560607	0	.2997184	.1396746
739.15	0	.560516	0	.2995461	.1399379
738.15	0	.5604253	0	.2993743	.1402004
737.15	0	.5603351	0	.2992031	.1404619
736.15	0	.5602451	0	.2990324	.1407224
735.15	0	.5601556	0	.2988623	.140982
734.15	0	.5600665	0	.2986928	.1412407
733.15	0	.5599777	0	.2985238	.1414984
732.15	0	.5598893	0	.2983554	.1417553
731.15	0	.5598013	0	.2981875	.1420112
730.15	0	.5597137	0	.2980202	.1422661
729.15	0	.5596264	0	.2978534	.1425202
728.15	0	.5595395	0	.2976872	.1427733
727.15	0	.559453	0	.2975215	.1430255
726.15	0	.5593668	0	.2973564	.1432768
725.15	0	.559281	0	.2971918	.1435272
724.15	0	.5591955	0	.2970278	.1437767
723.15	0	.5591105	0	.2968643	.1440252
722.15	0	.5590257	0	.2967014	.1442729
721.15	0	.5589414	0	.296539	.1445197
720.15	0	.5588573	0	.2963771	.1447655
719.15	0	.5587737	0	.2962158	.1450105
718.15	0	.5586904	0	.296055	.1452546
717.15	0	.5586074	0	.2958948	.1454978
716.15	0	.5585248	0	.2957351	.1457401
715.15	0	.5584425	0	.295576	.1459815
714.15	0	.5583606	0	.2954174	.146222
713.15	0	.5582791	0	.2952593	.1464616
712.15	0	.5581978	0	.2951018	.1467004
711.15	0	.558117	0	.2949448	.1469383
710.15	0	.5580364	0	.2947883	.1471753
709.15	0	.5579562	0	.2946324	.1474114
708.15	0	.5578764	0	.294477	.1476467
707.15	0	.5577968	0	.2943221	.1478811
706.15	0	.5577177	0	.2941678	.1481146
705.15	0	.5576388	0	.294014	.1483472
704.15	0	.5575603	0	.2938607	.148579
703.15	0	.5574821	0	.2937079	.1488099
702.15	0	.5574043	0	.2935557	.14904
701.15	0	.5573267	0	.2934041	.1492692
700.15	0	.5572496	0	.2932529	.1494976
699.15	0	.5571727	0	.2931023	.149725
698.15	0	.5570962	0	.2929522	.1499517
697.15	0	.55702	0	.2928026	.1501775
696.15	0	.5569441	0	.2926535	.1504024
695.15	0	.5568685	0	.292505	.1506265
694.15	0	.5567933	0	.292357	.1508498
693.15	0	.5567184	0	.2922095	.1510722
692.15	0	.5566437	0	.2920625	.1512937
691.15	0	.5565695	0	.2919161	.1515144
690.15	0	.5564955	0	.2917702	.1517343
689.15	0	.5564219	0	.2916248	.1519534
688.15	0	.5563485	0	.2914799	.1521716
687.15	0	.5562755	0	.2913355	.152389
686.15	0	.5562029	0	.2911916	.1526055
685.15	0	.5561305	0	.2910483	.1528212
684.15	0	.5560584	0	.2909055	.1530361
683.15	0	.5559866	0	.2907632	.1532502
682.15	0	.5559152	0	.2906214	.1534634
681.15	0	.5558441	0	.2904801	.1536759
680.15	0	.5557732	0	.2903393	.1538874
679.15	0	.5557027	0	.2901991	.1540982
678.15	0	.5556325	0	.2900593	.1543082
677.15	0	.5555626	0	.2899201	.1545173
676.15	0	.555493	0	.2897814	.1547257
675.15	0	.5554237	0	.2896432	.1549332
674.15	0	.5553547	0	.2895054	.1551399
673.15	0	.555286	0	.2893683	.1553458
672.15	0	.5552176	0	.2892316	.1555509
671.15	0	.5551495	0	.2890954	.1557551
670.15	0	.5550817	0	.2889597	.1559586
669.15	0	.5550142	0	.2888245	.1561613
668.15	0	.554947	0	.2886899	.1563631
667.15	0	.5548801	0	.2885557	.1565642
666.15	0	.5548135	0	.288422	.1567645
665.15	0	.5547472	0	.2882889	.156964
664.15	0	.5546812	0	.2881562	.1571626
663.15	0	.5546155	0	.288024	.1573605
662.15	0	.55455	0	.2878924	.1575576
661.15	0	.5544849	0	.2877612	.1577539
660.15	0	.5544201	0	.2876305	.1579494
659.15	0	.5543555	0	.2875004	.1581441
658.15	0	.5542912	0	.2873707	.158338
657.15	0	.5542273	0	.2872416	.1585312
656.15	0	.5541636	0	.2871129	.1587235
655.15	0	.5541002	0	.2869847	.1589151
654.15	0	.5540371	0	.286857	.1591059
653.15	0	.5539743	0	.2867298	.1592959
652.15	0	.5539117	0	.2866031	.1594852
651.15	0	.5538495	0	.2864769	.1596736
650.15	0	.5537875	0	.2863512	.1598613
649.15	0	.5537258	0	.286226	.1600482
648.15	0	.5536644	0	.2861013	.1602344
647.15	0	.5536033	0	.285977	.1604197
646.15	0	.5535424	0	.2858533	.1606043
645.15	0	.5534819	0	.28573	.1607882
644.15	0	.5534216	0	.2856072	.1609712
643.15	0	.5533616	0	.2854849	.1611535
642.15	0	.5533018	0	.2853631	.161335
641.15	0	.5532424	0	.2852418	.1615158
640.15	0	.5531832	0	.285121	.1616958
639.15	0	.5531243	0	.2850006	.1618751
638.15	0	.5530657	0	.2848808	.1620536
637.15	0	.5530073	0	.2847614	.1622313
636.15	0	.5529493	0	.2846425	.1624083
635.15	0	.5528915	0	.2845241	.1625845
634.15	0	.5528339	0	.2844061	.16276
633.15	0	.5527767	0	.2842887	.1629347
632.15	0	.5527197	0	.2841717	.1631086
631.15	0	.552663	0	.2840552	.1632819
630.15	0	.5526065	0	.2839391	.1634543
629.15	0	.5525503	0	.2838236	.1636261
628.15	0	.5524944	0	.2837085	.1637971
627.15	0	.5524388	0	.2835939	.1639673
626.15	0	.5523834	0	.2834798	.1641368
625.15	0	.5523283	0	.2833662	.1643056
624.15	0	.5522734	0	.283253	.1644736
623.15	0	.5522189	0	.2831403	.1646409
622.15	0	.5521645	0	.283028	.1648074
621.15	0	.5521105	0	.2829163	.1649732
620.15	0	.5520567	0	.282805	.1651383
619.15	0	.5520032	0	.2826942	.1653026
618.15	0	.5519499	0	.2825838	.1654663
617.15	0	.5518969	0	.2824739	.1656292
616.15	0	.5518441	0	.2823645	.1657913
615.15	0	.5517917	0	.2822556	.1659528
614.15	0	.5517394	0	.2821471	.1661135
613.15	0	.5516875	0	.2820391	.1662735
612.15	0	.5516357	0	.2819315	.1664327
611.15	0	.5515843	0	.2818244	.1665913
610.15	0	.5515331	0	.2817178	.1667491
609.15	0	.5514821	0	.2816116	.1669062
608.15	0	.5514314	0	.2815059	.1670626
607.15	0	.551381	0	.2814007	.1672183
606.15	0	.5513308	0	.2812959	.1673733
605.15	0	.5512809	0	.2811916	.1675276
604.15	0	.5512312	0	.2810877	.1676811
603.15	0	.5511818	0	.2809843	.167834
602.15	0	.5511326	0	.2808813	.1679861
601.15	0	.5510837	0	.2807788	.1681375
600.15	0	.551035	0	.2806767	.1682883
599.15	0	.5509866	0	.2805752	.1684383
598.15	0	.5509384	0	.280474	.1685876
597.15	0	.5508905	0	.2803733	.1687362
596.15	0	.5508428	0	.2802731	.1688842
595.15	0	.5507953	0	.2801733	.1690314
594.15	0	.5507481	0	.2800739	.1691779
593.15	0	.5507012	0	.279975	.1693238
592.15	0	.5506545	0	.2798766	.1694689
591.15	0	.550608	0	.2797786	.1696134
590.15	0	.5505618	0	.279681	.1697572
589.15	0	.5505158	0	.2795839	.1699003
588.15	0	.5504701	0	.2794872	.1700427
587.15	0	.5504246	0	.279391	.1701844
586.15	0	.5503793	0	.2792952	.1703255
585.15	0	.5503343	0	.2791999	.1704658
584.15	0	.5502895	0	.279105	.1706055
583.15	0	.550245	0	.2790105	.1707445
582.15	0	.5502007	0	.2789165	.1708829
581.15	0	.5501566	0	.2788229	.1710205
580.15	0	.5501128	0	.2787297	.1711575
579.15	0	.5500692	0	.278637	.1712938
578.15	0	.5500258	0	.2785447	.1714295
577.15	0	.5499827	0	.2784529	.1715645
576.15	0	.5499398	0	.2783615	.1716988
575.15	0	.5498971	0	.2782705	.1718324
574.15	0	.5498547	0	.2781799	.1719654
573.15	0	.5498125	0	.2780898	.1720978
572.15	0	.5497705	0	.2780001	.1722294
571.15	0	.5497288	0	.2779108	.1723605
570.15	0	.5496873	0	.2778219	.1724908
569.15	0	.549646	0	.2777335	.1726205
568.15	0	.5496049	0	.2776455	.1727496
567.15	0	.5495641	0	.2775579	.172878
566.15	0	.5495235	0	.2774708	.1730058
565.15	0	.5494831	0	.277384	.1731329
564.15	0	.5494429	0	.2772977	.1732594
563.15	0	.549403	0	.2772118	.1733852
562.15	0	.5493633	0	.2771263	.1735104
561.15	0	.5493238	0	.2770412	.1736349
560.15	0	.5492845	0	.2769566	.1737589
559.15	0	.5492455	0	.2768724	.1738821
558.15	0	.5492067	0	.2767885	.1740048
557.15	0	.5491681	0	.2767051	.1741268
556.15	0	.5491297	0	.2766221	.1742482
555.15	0	.5490915	0	.2765395	.1743689
554.15	0	.5490536	0	.2764573	.1744891
553.15	0	.5490158	0	.2763756	.1746086
552.15	0	.5489783	0	.2762942	.1747275
551.15	0	.548941	0	.2762132	.1748458
550.15	0	.548904	0	.2761326	.1749634
549.15	0	.5488671	0	.2760525	.1750805
548.15	0	.5488304	0	.2759727	.1751969
547.15	0	.548794	0	.2758933	.1753127
546.15	0	.5487577	0	.2758144	.1754279
545.15	0	.5487217	0	.2757358	.1755425
544.15	0	.5486859	0	.2756577	.1756565
543.15	0	.5486503	0	.2755799	.1757699
542.15	0	.5486149	0	.2755025	.1758826
541.15	0	.5485797	0	.2754255	.1759948
540.15	0	.5485447	0	.2753489	.1761064
539.15	0	.5485099	0	.2752727	.1762174
538.15	0	.5484754	0	.2751969	.1763278
537.15	0	.548441	0	.2751214	.1764376
536.15	0	.5484068	0	.2750464	.1765468
535.15	0	.5483729	0	.2749717	.1766554
534.15	0	.5483391	0	.2748975	.1767635
533.15	0	.5483055	0	.2748235	.1768709
532.15	0	.5482722	0	.27475	.1769778
531.15	0	.548239	0	.2746769	.1770841
530.15	0	.5482061	0	.2746041	.1771898
529.15	0	.5481733	0	.2745318	.177295
528.15	0	.5481407	0	.2744598	.1773995
527.15	0	.5481084	0	.2743881	.1775035
526.15	0	.5480762	0	.2743169	.177607
525.15	0	.5480442	0	.274246	.1777098
524.15	0	.5480124	0	.2741754	.1778121
523.15	0	.5479808	0	.2741053	.1779139
522.15	0	.5479494	0	.2740355	.1780151
521.15	0	.5479182	0	.2739661	.1781157
520.15	0	.5478872	0	.273897	.1782158
519.15	0	.5478564	0	.2738283	.1783153
518.15	0	.5478258	0	.27376	.1784143
517.15	0	.5477953	0	.273692	.1785127
516.15	0	.547765	0	.2736244	.1786106
515.15	0	.547735	0	.2735571	.1787079
514.15	0	.5477051	0	.2734902	.1788047
513.15	0	.5476754	0	.2734237	.1789009
512.15	0	.5476458	0	.2733575	.1789967
511.15	0	.5476165	0	.2732916	.1790918
510.15	0	.5475874	0	.2732261	.1791865
509.15	0	.5475584	0	.273161	.1792806
508.15	0	.5475296	0	.2730962	.1793742
507.15	0	.547501	0	.2730317	.1794673
506.15	0	.5474726	0	.2729676	.1795598
505.15	0	.5474443	0	.2729038	.1796519
504.15	0	.5474162	0	.2728404	.1797434
503.15	0	.5473883	0	.2727773	.1798344
502.15	0	.5473606	0	.2727145	.1799249
501.15	0	.5473331	0	.2726521	.1800148
500.15	0	.5473057	0	.27259	.1801043
499.15	0	.5472785	0	.2725283	.1801933
498.15	0	.5472515	0	.2724668	.1802817
497.15	0	.5472246	0	.2724057	.1803697
496.15	0	.5471979	0	.2723449	.1804571
495.15	0	.5471714	0	.2722845	.1805441
494.15	0	.5471451	0	.2722244	.1806306
493.15	0	.5471189	0	.2721646	.1807166
492.15	0	.5470929	0	.2721051	.1808021
491.15	0	.547067	0	.2720459	.1808871
490.15	0	.5470413	0	.2719871	.1809716
489.15	0	.5470158	0	.2719285	.1810557
488.15	0	.5469905	0	.2718703	.1811392
487.15	0	.5469653	0	.2718124	.1812223
486.15	0	.5469402	0	.2717548	.1813049
485.15	0	.5469154	0	.2716976	.1813871
484.15	0	.5468907	0	.2716406	.1814688
483.15	0	.5468661	0	.2715839	.18155
482.15	0	.5468417	0	.2715275	.1816308
481.15	0	.5468175	0	.2714715	.1817111
480.15	0	.5467934	0	.2714157	.1817909
479.15	0	.5467695	0	.2713602	.1818703
478.15	0	.5467457	0	.2713051	.1819493
477.15	0	.5467221	0	.2712502	.1820277
476.15	0	.5466986	0	.2711956	.1821058
475.15	0	.5466753	0	.2711413	.1821834
474.15	0	.5466521	0	.2710873	.1822605
473.15	0	.5466291	0	.2710336	.1823373
472.15	0	.5466063	0	.2709802	.1824136
471.15	0	.5465836	0	.270927	.1824894
470.15	0	.546561	0	.2708742	.1825648
469.15	0	.5465386	0	.2708216	.1826398
468.15	0	.5465163	0	.2707693	.1827144
467.15	0	.5464942	0	.2707173	.1827886
466.15	0	.5464722	0	.2706656	.1828623
465.15	0	.5464503	0	.2706141	.1829356
464.15	0	.5464286	0	.2705629	.1830085
463.15	0	.5464071	0	.270512	.183081
462.15	0	.5463856	0	.2704613	.1831531
461.15	0	.5463644	0	.2704109	.1832247
460.15	0	.5463432	0	.2703608	.183296
459.15	0	.5463222	0	.2703109	.1833669
458.15	0	.5463013	0	.2702613	.1834373
457.15	0	.5462806	0	.270212	.1835074
456.15	0	.54626	0	.2701629	.1835771
455.15	0	.5462395	0	.2701141	.1836464
454.15	0	.5462192	0	.2700655	.1837153
453.15	0	.546199	0	.2700172	.1837839
452.15	0	.5461789	0	.2699691	.183852
451.15	0	.5461589	0	.2699213	.1839198
450.15	0	.5461391	0	.2698737	.1839872
449.15	0	.5461194	0	.2698264	.1840542
448.15	0	.5460999	0	.2697793	.1841208
447.15	0	.5460804	0	.2697325	.1841871
446.15	0	.5460611	0	.2696859	.184253
445.15	0	.5460419	0	.2696395	.1843185
444.15	0	.5460229	0	.2695934	.1843837
443.15	0	.546004	0	.2695475	.1844485
442.15	0	.5459851	0	.2695019	.184513
441.15	0	.5459664	0	.2694565	.1845771
440.15	0	.5459479	0	.2694113	.1846408
439.15	0	.5459294	0	.2693664	.1847042
438.15	0	.5459111	0	.2693217	.1847673
437.15	0	.5458929	0	.2692772	.18483
436.15	0	.5458748	0	.2692329	.1848923
435.15	0	.5458568	0	.2691889	.1849543
434.15	0	.5458389	0	.2691451	.185016
433.15	0	.5458212	0	.2691015	.1850773
432.15	0	.5458036	0	.2690581	.1851384
431.15	0	.545786	0	.2690149	.185199
430.15	0	.5457686	0	.268972	.1852594
429.15	0	.5457513	0	.2689293	.1853194
428.15	0	.5457342	0	.2688868	.1853791
427.15	0	.5457171	0	.2688445	.1854384
426.15	0	.5457001	0	.2688024	.1854975
425.15	0	.5456833	0	.2687605	.1855562
424.15	0	.5456665	0	.2687188	.1856147
423.15	0	.5456499	0	.2686774	.1856728
422.15	0	.5456333	0	.2686361	.1857306
421.15	0	.5456169	0	.268595	.1857881
420.15	0	.5456005	0	.2685541	.1858453
419.15	0	.5455843	0	.2685135	.1859022
418.15	0	.5455682	0	.268473	.1859588
417.15	0	.5455522	0	.2684327	.1860152
416.15	0	.5455362	0	.2683926	.1860712
415.15	0	.5455204	0	.2683527	.1861269
414.15	0	.5455047	0	.2683129	.1861824
