T	 BPW(LIQUID)	BPW(BCC_A2)	BPW(FCC_A1)	BPW(LAVES_PHASE_C14)	BPW(NI3TI)
1473.15	.5513236	.4486764	0	0	0
1472.15	.5473128	.4526872	0	0	0
1471.15	.543328	.456672	0	0	0
1470.15	.5393692	.4606308	0	0	0
1469.15	.5354361	.4645639	0	0	0
1468.15	.5315288	.4684712	0	0	0
1467.15	.5276469	.4723531	0	0	0
1466.15	.5237903	.4762097	0	0	0
1465.15	.519959	.480041	0	0	0
1464.462	.517337	.482663	0	0	0
1464.462	.517337	.482663	0	0	0
1464.462	.517337	.482663	0	0	0
1464.15	.5151175	.4841363	0	7.462679E-04	0
1463.15	.5080804	.4888042	0	.00311538	0
1462.15	.5011637	.4933877	0	.005448563	0
1461.15	.4943644	.4978888	0	.007746744	0
1460.15	.4876795	.5023097	0	.01001082	0
1459.15	.4811063	.5066521	0	.01224165	0
1458.15	.4746419	.510918	0	.01444008	0
1457.15	.4682837	.5151094	0	.01660692	0
1456.15	.4620292	.5192278	0	.01874295	0
1455.15	.4558759	.5232752	0	.02084893	0
1454.15	.4498213	.5272531	0	.0229256	0
1453.15	.4438631	.5311632	0	.02497367	0
1452.15	.4379991	.5350071	0	.02699383	0
1451.15	.4322271	.5387862	0	.02898675	0
1450.15	.4265448	.5425021	0	.03095309	0
1449.15	.4209504	.5461562	0	.03289346	0
1448.15	.4154417	.5497498	0	.03480848	0
1447.15	.4100168	.5532845	0	.03669874	0
1446.15	.4046738	.5567614	0	.03856482	0
1445.15	.3994108	.5601819	0	.04040726	0
1444.15	.3942262	.5635471	0	.04222662	0
1443.15	.3891182	.5668584	0	.04402342	0
1442.15	.384085	.5701169	0	.04579816	0
1441.15	.379125	.5733236	0	.04755134	0
1440.15	.3742367	.5764798	0	.04928344	0
1439.15	.3694185	.5795865	0	.05099493	0
1438.15	.3646689	.5826448	0	.05268626	0
1437.15	.3599865	.5856556	0	.05435786	0
1436.15	.3553698	.58862	0	.05601018	0
1435.15	.3508174	.591539	0	.05764363	0
1434.15	.346328	.5944134	0	.0592586	0
1433.15	.3419003	.5972442	0	.0608555	0
1432.15	.337533	.6000323	0	.0624347	0
1431.15	.3332249	.6027786	0	.06399659	0
1430.15	.3289747	.6054838	0	.06554151	0
1429.15	.3247813	.6081489	0	.06706983	0
1428.15	.3206436	.6107746	0	.06858189	0
1427.15	.3165603	.6133616	0	.07007802	0
1426.15	.3125306	.6159109	0	.07155854	0
1425.15	.3085531	.6184231	0	.07302378	0
1424.15	.3046271	.6208989	0	.07447404	0
1423.15	.3007513	.623339	0	.07590962	0
1422.15	.296925	.6257442	0	.07733081	0
1421.15	.293147	.6281151	0	.07873791	0
1420.15	.2894165	.6304523	0	.08013118	0
1419.15	.2857325	.6327566	0	.0815109	0
1418.15	.2820943	.6350284	0	.08287734	0
1417.15	.2785008	.6372685	0	.08423074	0
1416.15	.2749513	.6394774	0	.08557136	0
1415.15	.2714449	.6416557	0	.08689945	0
1414.15	.2679808	.6438039	0	.08821524	0
1413.15	.2645583	.6459227	0	.08951896	0
1412.15	.2611766	.6480125	0	.09081085	0
1411.15	.2578349	.650074	0	.09209113	0
1410.15	.2545325	.6521075	0	.09336	0
1409.15	.2512687	.6541136	0	.09461769	0
1408.15	.2480428	.6560928	0	.09586439	0
1407.15	.2448541	.6580456	0	.09710031	0
1406.15	.2417019	.6599724	0	.09832565	0
1405.15	.2385856	.6618738	0	.09954059	0
1404.15	.2355046	.6637501	0	.1007453	0
1403.15	.2324582	.6656017	0	.10194	0
1402.15	.2294459	.6674292	0	.1031249	0
1401.15	.226467	.669233	0	.1043001	0
1400.15	.2235209	.6710133	0	.1054658	0
1399.15	.2206071	.6727708	0	.1066221	0
1398.15	.2177251	.6745056	0	.1077693	0
1397.15	.2148742	.6762183	0	.1089075	0
1396.15	.212054	.6779092	0	.1100368	0
1395.15	.209264	.6795786	0	.1111574	0
1394.15	.2065036	.681227	0	.1122695	0
1393.15	.2037723	.6828546	0	.1133731	0
1392.15	.2010696	.6844619	0	.1144685	0
1391.15	.1983952	.6860491	0	.1155557	0
1390.15	.1957484	.6876166	0	.1166349	0
1389.15	.1931289	.6891648	0	.1177063	0
1388.15	.1905362	.6906938	0	.1187699	0
1387.15	.1879699	.6922041	0	.119826	0
1386.15	.1854295	.6936959	0	.1208745	0
1385.15	.1829147	.6951696	0	.1219157	0
1384.15	.1804249	.6966254	0	.1229497	0
1383.15	.1779599	.6980636	0	.1239765	0
1382.15	.1755192	.6994845	0	.1249963	0
1381.15	.1731024	.7008884	0	.1260093	0
1380.15	.1707091	.7022755	0	.1270154	0
1379.15	.168339	.7036461	0	.1280148	0
1378.15	.1659918	.7050005	0	.1290077	0
1377.15	.163667	.7063389	0	.1299941	0
1376.15	.1613643	.7076616	0	.1309741	0
1375.15	.1590834	.7089687	0	.1319479	0
1374.15	.156824	.7102606	0	.1329155	0
1373.15	.1545856	.7115375	0	.1338769	0
1372.15	.152368	.7127996	0	.1348324	0
1371.15	.1501709	.7140471	0	.135782	0
1370.15	.147994	.7152802	0	.1367258	0
1369.15	.1458368	.7164993	0	.1376639	0
1368.15	.1436993	.7177044	0	.1385963	0
1367.15	.141581	.7188958	0	.1395232	0
1366.15	.1394818	.7200737	0	.1404446	0
1365.15	.1374011	.7212383	0	.1413606	0
1364.15	.135339	.7223898	0	.1422713	0
1363.15	.1332949	.7235284	0	.1431767	0
1362.15	.1312688	.7246542	0	.144077	0
1361.15	.1292603	.7257675	0	.1449722	0
1360.15	.1272691	.7268685	0	.1458624	0
1359.15	.1252951	.7279573	0	.1467477	0
1358.15	.1233379	.729034	0	.1476281	0
1357.15	.1213973	.730099	0	.1485037	0
1356.15	.1194732	.7311523	0	.1493745	0
1355.15	.1175652	.7321941	0	.1502407	0
1354.15	.1156731	.7332246	0	.1511023	0
1353.15	.1137967	.734244	0	.1519594	0
1352.15	.1119358	.7352523	0	.152812	0
1351.15	.1100901	.7362498	0	.1536601	0
1350.15	.1082595	.7372366	0	.1545039	0
1349.15	.1064437	.7382128	0	.1553435	0
1348.15	.1046426	.7391787	0	.1561787	0
1347.15	.1028559	.7401343	0	.1570099	0
1346.15	.1010834	.7410798	0	.1578369	0
1345.15	.09932494	.7420153	0	.1586598	0
1344.15	.09758033	.742941	0	.1594787	0
1343.15	.09584936	.743857	0	.1602936	0
1342.15	.09413187	.7447634	0	.1611047	0
1341.15	.09242766	.7456605	0	.1619119	0
1340.15	.09073655	.7465482	0	.1627153	0
1339.15	.08905837	.7474267	0	.1635149	0
1338.15	.08739294	.7482962	0	.1643109	0
1337.15	.0857401	.7491568	0	.1651031	0
1336.15	.08409967	.7500085	0	.1658918	0
1335.15	.08247149	.7508516	0	.1666769	0
1334.15	.0808554	.7516861	0	.1674585	0
1333.15	.07925124	.7525122	0	.1682366	0
1332.15	.07765885	.7533299	0	.1690113	0
1331.15	.07607808	.7541393	0	.1697826	0
1330.15	.07450877	.7549407	0	.1705505	0
1329.15	.07295078	.7557341	0	.1713152	0
1328.15	.07140396	.7565195	0	.1720765	0
1327.15	.06986817	.7572971	0	.1728347	0
1326.15	.06834325	.7580671	0	.1735897	0
1325.15	.06682908	.7588294	0	.1743415	0
1324.15	.06532551	.7595842	0	.1750903	0
1323.15	.06383241	.7603316	0	.175836	0
1322.15	.06234965	.7610718	0	.1765786	0
1321.15	.06087709	.7618047	0	.1773183	0
1320.15	.0594146	.7625305	0	.1780549	0
1319.15	.05796206	.7632492	0	.1787887	0
1318.15	.05651934	.7639611	0	.1795196	0
1317.15	.05508632	.764666	0	.1802476	0
1316.15	.05366288	.7653643	0	.1809729	0
1315.15	.05224889	.7660558	0	.1816953	0
1314.15	.05084424	.7667408	0	.182415	0
1313.15	.04944882	.7674193	0	.1831319	0
1312.15	.0480625	.7680913	0	.1838462	0
1311.15	.04668517	.768757	0	.1845578	0
1310.15	.04531673	.7694165	0	.1852668	0
1309.15	.04395707	.7700697	0	.1859732	0
1308.15	.04260608	.7707169	0	.186677	0
1307.15	.04126364	.771358	0	.1873783	0
1306.15	.03992966	.7719932	0	.1880771	0
1305.15	.03860404	.7726226	0	.1887734	0
1304.15	.03728667	.7732461	0	.1894673	0
1303.15	.03597745	.7738639	0	.1901587	0
1302.15	.03467629	.774476	0	.1908477	0
1301.15	.03338308	.7750826	0	.1915344	0
1300.15	.03209773	.7756836	0	.1922187	0
1299.15	.03081715	.7762818	0	.1929011	0
1298.15	.02954725	.776872	0	.1935808	0
1297.15	.02828494	.7774569	0	.1942582	0
1296.15	.02703012	.7780365	0	.1949334	0
1295.15	.02578269	.778611	0	.1956064	0
1294.15	.02454259	.7791803	0	.1962771	0
1293.15	.02330971	.7797446	0	.1969457	0
1292.15	.02208397	.7803039	0	.1976122	0
1291.15	.02086529	.7808582	0	.1982765	0
1290.15	.01965359	.7814077	0	.1989387	0
1289.15	.01844878	.7819523	0	.1995989	0
1288.15	.01725078	.7824923	0	.200257	0
1287.15	.01605952	.7830275	0	.200913	0
1286.15	.01487491	.783558	0	.2015671	0
1285.15	.01369687	.784084	0	.2022191	0
1284.15	.01252534	.7846055	0	.2028692	0
1283.421	.0116756	.7849827	0	.2033417	0
1283.421	.0116756	.7849827	0	.2033417	0
1283.421	.0116756	.7849827	0	.2033417	0
1283.15	.009786741	.7843949	.002172114	.2036462	0
1282.15	.002824702	.7822606	.01015223	.2047624	0
1281.744	0	.7814091	.01337838	.2052126	0
1281.744	0	.7814091	.01337838	.2052126	0
1281.15	0	.7806124	.01389645	.2054912	0
1280.15	0	.7792745	.01476645	.205959	0
1279.15	0	.7779404	.01563397	.2064257	0
1278.15	0	.77661	.01649903	.206891	0
1277.15	0	.7752833	.01736162	.2073551	0
1276.15	0	.7739603	.01822176	.2078179	0
1275.15	0	.7726411	.01907945	.2082795	0
1274.15	0	.7713255	.01993469	.2087398	0
1273.15	0	.7700136	.02078749	.2091989	0
1272.15	0	.7687054	.02163785	.2096567	0
1271.15	0	.7674009	.02248578	.2101133	0
1270.15	0	.7661	.02333129	.2105687	0
1269.15	0	.7648027	.02417438	.2110229	0
1268.15	0	.7635091	.02501506	.2114758	0
1267.15	0	.7622191	.02585332	.2119276	0
1266.15	0	.7609327	.02668918	.2123781	0
1265.15	0	.75965	.02752264	.2128274	0
1264.15	0	.7583708	.02835371	.2132755	0
1263.15	0	.7570952	.02918239	.2137225	0
1262.15	0	.7558231	.03000868	.2141682	0
1261.15	0	.7545547	.0308326	.2146127	0
1260.15	0	.7532898	.03165414	.2150561	0
1259.15	0	.7520284	.03247331	.2154983	0
1258.15	0	.7507706	.03329012	.2159393	0
1257.15	0	.7495163	.03410456	.2163791	0
1256.15	0	.7482655	.03491665	.2168178	0
1255.15	0	.7470182	.03572639	.2172554	0
1254.15	0	.7457745	.03653379	.2176917	0
1253.15	0	.7445342	.03733885	.218127	0
1252.15	0	.7432974	.03814156	.218561	0
1251.15	0	.7420641	.03894195	.2189939	0
1250.15	0	.7408343	.03974001	.2194257	0
1249.15	0	.7396079	.04053574	.2198564	0
1248.15	0	.7383849	.04132916	.2202859	0
1247.15	0	.7371654	.04212027	.2207143	0
1246.15	0	.7359493	.04290906	.2211416	0
1245.15	0	.7347367	.04369555	.2215678	0
1244.15	0	.7335274	.04447974	.2219928	0
1243.15	0	.7323216	.04526164	.2224168	0
1242.15	0	.7311192	.04604124	.2228396	0
1241.15	0	.7299201	.04681855	.2232613	0
1240.15	0	.7287244	.04759358	.223682	0
1239.15	0	.7275321	.04836633	.2241015	0
1238.15	0	.7263432	.04913681	.22452	0
1237.15	0	.7251576	.04990501	.2249374	0
1236.15	0	.7239754	.05067095	.2253537	0
1235.15	0	.7227965	.05143462	.2257689	0
1234.15	0	.721621	.05219604	.226183	0
1233.15	0	.7204487	.0529552	.2265961	0
1232.15	0	.7192798	.05371211	.2270081	0
1231.15	0	.7181142	.05446677	.227419	0
1230.15	0	.7169519	.05521919	.2278289	0
1229.15	0	.7157929	.05596937	.2282378	0
1228.15	0	.7146371	.05671731	.2286455	0
1227.15	0	.7134847	.05746302	.2290523	0
1226.15	0	.7123355	.05820651	.229458	0
1225.15	0	.7111896	.05894777	.2298627	0
1224.15	0	.7100469	.05968681	.2302663	0
1223.15	0	.7089075	.06042363	.2306689	0
1222.15	0	.7077713	.06115824	.2310704	0
1221.15	0	.7066384	.06189064	.231471	0
1220.15	0	.7055087	.06262084	.2318705	0
1219.15	0	.7043822	.06334883	.232269	0
1218.15	0	.7032589	.06407462	.2326665	0
1217.15	0	.7021388	.06479822	.2330629	0
1216.15	0	.701022	.06551963	.2334584	0
1215.15	0	.6999083	.06623885	.2338529	0
1214.15	0	.6987978	.06695588	.2342464	0
1213.15	0	.6976905	.06767073	.2346388	0
1212.15	0	.6965863	.0683834	.2350303	0
1211.15	0	.6954853	.0690939	.2354208	0
1210.15	0	.6943875	.06980222	.2358103	0
1209.15	0	.6932928	.07050838	.2361988	0
1208.15	0	.6922013	.07121237	.2365864	0
1207.15	0	.6911129	.0719142	.2369729	0
1206.15	0	.6900276	.07261387	.2373585	0
1205.15	0	.6889455	.07331139	.2377432	0
1204.15	0	.6878664	.07400675	.2381268	0
1203.15	0	.6867905	.07469997	.2385095	0
1202.15	0	.6857177	.07539103	.2388913	0
1201.15	0	.684648	.07607996	.239272	0
1200.15	0	.6835814	.07676674	.2396519	0
1199.15	0	.6825179	.07745139	.2400308	0
1198.15	0	.6814574	.0781339	.2404087	0
1197.15	0	.6804	.07881428	.2407857	0
1196.15	0	.6793457	.07949253	.2411617	0
1195.15	0	.6782945	.08016865	.2415369	0
1194.15	0	.6772463	.08084265	.241911	0
1193.15	0	.6762012	.08151453	.2422843	0
1192.15	0	.6751591	.0821843	.2426566	0
1191.15	0	.67412	.08285195	.243028	0
1190.15	0	.673084	.08351748	.2433985	0
1189.15	0	.672051	.08418091	.2437681	0
1188.15	0	.6710211	.08484224	.2441367	0
1187.15	0	.6699941	.08550145	.2445044	0
1186.15	0	.6689702	.08615857	.2448713	0
1185.15	0	.6679492	.08681359	.2452372	0
1184.15	0	.6669313	.08746651	.2456022	0
1183.15	0	.6659164	.08811734	.2459663	0
1182.15	0	.6649044	.08876607	.2463295	0
1181.15	0	.6638954	.08941272	.2466919	0
1180.15	0	.6628894	.09005728	.2470533	0
1179.15	0	.6618864	.09069976	.2474138	0
1178.15	0	.6608864	.09134016	.2477735	0
1177.15	0	.6598893	.09197847	.2481323	0
1176.15	0	.6588951	.09261472	.2484901	0
1175.15	0	.657904	.09324888	.2488472	0
1174.15	0	.6569157	.09388098	.2492033	0
1173.15	0	.6559304	.094511	.2495586	0
1172.15	0	.6549481	.09513896	.249913	0
1171.15	0	.6539687	.09576485	.2502665	0
1170.15	0	.6529922	.09638868	.2506192	0
1169.15	0	.6520186	.09701045	.250971	0
1168.15	0	.6510479	.09763016	.2513219	0
1167.15	0	.6500802	.09824781	.251672	0
1166.15	0	.6491154	.09886341	.2520212	0
1165.15	0	.6481534	.09947695	.2523696	0
1164.15	0	.6471944	.1000884	.2527172	0
1163.15	0	.6462383	.1006979	.2530638	0
1162.15	0	.645285	.1013053	.2534097	0
1161.15	0	.6443346	.1019106	.2537547	0
1160.15	0	.6433872	.102514	.2540989	0
1159.15	0	.6424426	.1031152	.2544422	0
1158.15	0	.6415008	.1037145	.2547847	0
1157.15	0	.640562	.1043117	.2551264	0
1156.15	0	.6396259	.1049068	.2554672	0
1155.15	0	.6386928	.1055	.2558072	0
1154.15	0	.6377625	.1060911	.2561465	0
1153.15	0	.636835	.1066802	.2564848	0
1152.15	0	.6359104	.1072672	.2568224	0
1151.15	0	.6349887	.1078522	.2571591	0
1150.15	0	.6340697	.1084352	.257495	0
1149.15	0	.6331537	.1090162	.2578302	0
1148.15	0	.6322404	.1095951	.2581645	0
1147.15	0	.63133	.1101721	.258498	0
1146.15	0	.6304224	.110747	.2588307	0
1145.15	0	.6295176	.1113199	.2591626	0
1144.15	0	.6286156	.1118908	.2594937	0
1143.15	0	.6277164	.1124596	.2598239	0
1142.15	0	.6268201	.1130265	.2601534	0
1141.15	0	.6259265	.1135914	.2604822	0
1140.15	0	.6250357	.1141542	.2608101	0
1139.15	0	.6241478	.114715	.2611372	0
1138.15	0	.6232626	.1152739	.2614635	0
1137.15	0	.6223802	.1158307	.2617891	0
1136.15	0	.6215006	.1163855	.2621139	0
1135.15	0	.6206238	.1169383	.2624379	0
1134.15	0	.6197497	.1174892	.2627611	0
1133.15	0	.6188784	.118038	.2630835	0
1132.15	0	.61801	.1185848	.2634052	0
1131.15	0	.6171442	.1191297	.2637261	0
1130.15	0	.6162812	.1196725	.2640463	0
1129.15	0	.615421	.1202134	.2643656	0
1128.15	0	.6145636	.1207522	.2646842	0
1127.15	0	.6137089	.1212891	.2650021	0
1126.15	0	.6128569	.121824	.2653191	0
1125.15	0	.6120077	.1223569	.2656354	0
1124.15	0	.6111612	.1228878	.265951	0
1123.15	0	.6103175	.1234167	.2662658	0
1122.15	0	.6094765	.1239436	.2665799	0
1121.15	0	.6086383	.1244686	.2668932	0
1120.15	0	.6078027	.1249916	.2672057	0
1119.15	0	.6069699	.1255126	.2675175	0
1118.15	0	.6061399	.1260316	.2678286	0
1117.15	0	.6053125	.1265486	.2681389	0
1116.15	0	.6044879	.1270637	.2684485	0
1115.15	0	.603666	.1275767	.2687573	0
1114.15	0	.6028468	.1280878	.2690654	0
1113.15	0	.6020303	.128597	.2693727	0
1112.15	0	.6012165	.1291041	.2696794	0
1111.15	0	.6004055	.1296093	.2699852	0
1110.15	0	.5995971	.1301125	.2702904	0
1109.15	0	.5987914	.1306138	.2705948	0
1108.15	0	.5979885	.131113	.2708985	0
1107.15	0	.5971882	.1316103	.2712015	0
1106.15	0	.5963906	.1321057	.2715037	0
1105.15	0	.5955957	.132599	.2718053	0
1104.15	0	.5948035	.1330904	.2721061	0
1103.15	0	.594014	.1335799	.2724062	0
1102.15	0	.5932272	.1340673	.2727055	0
1101.15	0	.592443	.1345528	.2730042	0
1100.15	0	.5916615	.1350364	.2733021	0
1099.15	0	.5908827	.1355179	.2735993	0
1098.15	0	.5901066	.1359976	.2738958	0
1097.15	0	.5893331	.1364752	.2741916	0
1096.15	0	.5885624	.1369509	.2744867	0
1095.15	0	.5877942	.1374247	.2747811	0
1094.15	0	.5870288	.1378964	.2750748	0
1093.15	0	.586266	.1383662	.2753678	0
1092.15	0	.5855058	.1388341	.27566	0
1091.15	0	.5847484	.1393	.2759516	0
1090.15	0	.5839936	.139764	.2762425	0
1089.15	0	.5832414	.140226	.2765326	0
1088.15	0	.5824919	.140686	.2768221	0
1087.15	0	.581745	.1411441	.2771109	0
1086.15	0	.5810008	.1416002	.277399	0
1085.15	0	.5802592	.1420544	.2776864	0
1084.15	0	.5795203	.1425066	.2779731	0
1083.15	0	.578784	.1429569	.2782591	0
1082.15	0	.5780504	.1434052	.2785444	0
1081.15	0	.5773194	.1438516	.278829	0
1080.15	0	.576591	.144296	.279113	0
1079.15	0	.5758653	.1447385	.2793963	0
1078.15	0	.5751422	.145179	.2796788	0
1077.15	0	.5744217	.1456176	.2799607	0
1076.15	0	.5737039	.1460542	.2802419	0
1075.15	0	.5729887	.1464889	.2805225	0
1074.15	0	.5722761	.1469216	.2808023	0
1073.15	0	.5715661	.1473524	.2810815	0
1072.15	0	.5708588	.1477812	.28136	0
1071.15	0	.5701541	.1482081	.2816378	0
1070.15	0	.569452	.1486331	.2819149	0
1069.15	0	.5687525	.1490561	.2821914	0
1068.15	0	.5680557	.1494772	.2824672	0
1067.15	0	.5673614	.1498963	.2827423	0
1066.15	0	.5666698	.1503134	.2830168	0
1065.15	0	.5659808	.1507287	.2832906	0
1064.15	0	.5652944	.151142	.2835637	0
1063.15	0	.5646106	.1515533	.2838361	0
1062.15	0	.5639294	.1519627	.2841079	0
1061.15	0	.5632508	.1523702	.284379	0
1060.15	0	.5625748	.1527757	.2846495	0
1059.15	0	.5619014	.1531793	.2849192	0
1058.15	0	.5612307	.153581	.2851884	0
1057.15	0	.5605625	.1539807	.2854568	0
1056.15	0	.5598969	.1543785	.2857246	0
1055.15	0	.559234	.1547743	.2859917	0
1054.15	0	.5585736	.1551682	.2862582	0
1053.15	0	.5579158	.1555602	.286524	0
1052.15	0	.5572606	.1559502	.2867891	0
1051.15	0	.5566081	.1563383	.2870536	0
1050.15	0	.5559581	.1567245	.2873175	0
1049.15	0	.5553107	.1571087	.2875806	0
1048.15	0	.5546659	.157491	.2878432	0
1047.15	0	.5540236	.1578714	.288105	0
1046.15	0	.553384	.1582498	.2883662	0
1045.15	0	.5527469	.1586263	.2886268	0
1044.15	0	.5521125	.1590009	.2888867	0
1043.15	0	.5514806	.1593735	.2891459	0
1042.15	0	.5508513	.1597442	.2894045	0
1041.15	0	.5502246	.160113	.2896624	0
1040.15	0	.5496004	.1604799	.2899197	0
1039.15	0	.5489789	.1608448	.2901764	0
1038.15	0	.5483599	.1612078	.2904323	0
1037.15	0	.5477435	.1615689	.2906877	0
1036.15	0	.5471297	.161928	.2909423	0
1035.15	0	.5465184	.1622852	.2911964	0
1034.15	0	.5459097	.1626405	.2914497	0
1033.15	0	.5453036	.1629939	.2917025	0
1032.15	0	.5447001	.1633454	.2919545	0
1031.15	0	.5440991	.1636949	.292206	0
1030.15	0	.5435007	.1640425	.2924568	0
1029.15	0	.5429049	.1643882	.2927069	0
1028.15	0	.5423116	.164732	.2929564	0
1027.15	0	.5417209	.1650739	.2932052	0
1026.15	0	.5411328	.1654138	.2934534	0
1025.15	0	.5405472	.1657519	.2937009	0
1024.15	0	.5399642	.166088	.2939478	0
1023.15	0	.5393838	.1664222	.294194	0
1022.15	0	.5388059	.1667545	.2944396	0
1021.15	0	.5382306	.1670849	.2946846	0
1020.15	0	.5376578	.1674134	.2949288	0
1019.15	0	.5370876	.1677399	.2951725	0
1018.15	0	.5365199	.1680646	.2954155	0
1017.15	0	.5359548	.1683874	.2956578	0
1016.15	0	.5353922	.1687082	.2958995	0
1015.15	0	.5348322	.1690272	.2961406	0
1014.15	0	.5342748	.1693443	.296381	0
1013.15	0	.5337198	.1696594	.2966207	0
1012.15	0	.5331675	.1699727	.2968598	0
1011.15	0	.5326176	.1702841	.2970983	0
1010.15	0	.5320704	.1705936	.2973361	0
1009.15	0	.5315256	.1709011	.2975732	0
1008.15	0	.5309834	.1712068	.2978097	0
1007.15	0	.5304438	.1715107	.2980456	0
1006.15	0	.5299066	.1718126	.2982808	0
1005.15	0	.529372	.1721126	.2985153	0
1004.15	0	.52884	.1724108	.2987492	0
1003.15	0	.5283105	.1727071	.2989825	0
1002.15	0	.5277835	.1730015	.2992151	0
1001.15	0	.527259	.173294	.299447	0
1000.15	0	.5267371	.1735847	.2996783	0
999.15	0	.5262176	.1738735	.2999089	0
998.15	0	.5257008	.1741604	.3001388	0
997.15	0	.5251864	.1744455	.3003682	0
996.15	0	.5246745	.1747287	.3005968	0
995.15	0	.5241652	.17501	.3008248	0
994.15	0	.5236584	.1752895	.3010521	0
993.15	0	.5231541	.1755671	.3012788	0
992.15	0	.5226523	.1758429	.3015048	0
991.15	0	.522153	.1761169	.3017302	0
990.15	0	.5216562	.176389	.3019548	0
989.15	0	.5211619	.1766592	.3021789	0
988.15	0	.5206701	.1769277	.3024022	0
987.15	0	.5201808	.1771943	.3026249	0
986.15	0	.519694	.177459	.3028469	0
985.15	0	.5192097	.177722	.3030683	0
984.15	0	.5187279	.1779831	.303289	0
983.15	0	.5182486	.1782424	.303509	0
982.15	0	.5177718	.1784999	.3037283	0
981.15	0	.5172974	.1787556	.303947	0
980.15	0	.5168255	.1790095	.304165	0
979.15	0	.5163561	.1792616	.3043823	0
978.15	0	.5158892	.1795118	.304599	0
977.15	0	.5154247	.1797603	.3048149	0
976.15	0	.5149627	.1800071	.3050302	0
975.15	0	.5145032	.180252	.3052448	0
974.15	0	.5140461	.1804952	.3054587	0
973.15	0	.5135915	.1807366	.305672	0
972.15	0	.5131393	.1809762	.3058845	0
971.15	0	.5126895	.1812141	.3060964	0
970.15	0	.5122422	.1814502	.3063076	0
969.15	0	.5117974	.1816846	.306518	0
968.15	0	.5113549	.1819173	.3067278	0
967.15	0	.5109149	.1821482	.3069369	0
966.15	0	.5104774	.1823774	.3071453	0
965.15	0	.5100422	.1826048	.307353	0
964.15	0	.5096094	.1828306	.30756	0
963.15	0	.5091791	.1830547	.3077663	0
962.15	0	.5087512	.183277	.3079718	0
961.15	0	.5083256	.1834977	.3081767	0
960.15	0	.5079025	.1837167	.3083809	0
959.15	0	.5074817	.183934	.3085843	0
958.15	0	.5070633	.1841496	.308787	0
957.15	0	.5066473	.1843636	.3089891	0
956.15	0	.5062337	.184576	.3091904	0
955.15	0	.5058224	.1847867	.3093909	0
954.15	0	.5054135	.1849958	.3095908	0
953.15	0	.5050069	.1852032	.3097899	0
952.15	0	.5046027	.1854091	.3099883	0
951.15	0	.5042008	.1856133	.3101859	0
950.15	0	.5038012	.185816	.3103829	0
949.15	0	.503404	.186017	.310579	0
948.15	0	.503009	.1862165	.3107745	0
947.15	0	.5026164	.1864145	.3109692	0
946.15	0	.502226	.1866108	.3111631	0
945.15	0	.501838	.1868057	.3113563	0
944.15	0	.5014522	.186999	.3115488	0
943.15	0	.5010687	.1871908	.3117404	0
942.15	0	.5006875	.1873811	.3119314	0
941.15	0	.5003085	.18757	.3121215	0
940.15	0	.4999318	.1877573	.3123109	0
939.15	0	.4995573	.1879432	.3124995	0
938.15	0	.499185	.1881276	.3126874	0
937.15	0	.498815	.1883106	.3128744	0
936.15	0	.4984471	.1884922	.3130607	0
935.15	0	.4980814	.1886724	.3132462	0
934.15	0	.497718	.1888511	.3134309	0
933.15	0	.4973566	.1890285	.3136148	0
932.15	0	.4969975	.1892046	.313798	0
931.15	0	.4966405	.1893793	.3139803	0
930.15	0	.4962856	.1895526	.3141618	0
929.15	0	.4959329	.1897247	.3143425	0
928.15	0	.4955822	.1898954	.3145223	0
927.15	0	.4952337	.1900649	.3147014	0
926.15	0	.4948872	.1902331	.3148796	0
925.15	0	.4945428	.1904001	.3150571	0
924.15	0	.4942005	.1905659	.3152336	0
923.15	0	.4938602	.1907304	.3154094	0
922.15	0	.4935219	.1908938	.3155843	0
921.15	0	.4931857	.191056	.3157583	0
920.15	0	.4928514	.1912171	.3159315	0
919.15	0	.4925192	.191377	.3161038	0
918.15	0	.4921888	.1915359	.3162753	0
917.15	0	.4918605	.1916936	.3164459	0
916.15	0	.491534	.1918503	.3166156	0
915.15	0	.4912095	.192006	.3167845	0
914.15	0	.4908869	.1921607	.3169524	0
913.15	0	.4905661	.1923144	.3171195	0
912.15	0	.4902472	.1924671	.3172857	0
911.15	0	.4899302	.1926189	.3174509	0
910.15	0	.4896149	.1927698	.3176153	0
909.15	0	.4893015	.1929198	.3177787	0
908.15	0	.4889898	.1930689	.3179413	0
907.15	0	.4886799	.1932173	.3181028	0
906.15	0	.4883717	.1933648	.3182635	0
905.15	0	.4880653	.1935115	.3184232	0
904.15	0	.4877605	.1936576	.318582	0
903.15	0	.4874574	.1938029	.3187397	0
902.15	0	.4871559	.1939475	.3188966	0
901.15	0	.4868561	.1940914	.3190525	0
900.15	0	.4865579	.1942348	.3192073	0
899.15	0	.4862612	.1943776	.3193612	0
898.15	0	.4859661	.1945198	.3195141	0
897.15	0	.4856724	.1946615	.319666	0
896.15	0	.4853803	.1948028	.3198169	0
895.15	0	.4850897	.1949435	.3199668	0
894.15	0	.4848004	.1950839	.3201156	0
893.15	0	.4845126	.195224	.3202634	0
892.15	0	.4842262	.1953636	.3204102	0
891.15	0	.4839411	.1955031	.3205559	0
890.15	0	.4836573	.1956422	.3207005	0
889.15	0	.4833748	.1957811	.3208441	0
888.15	0	.4830935	.1959199	.3209866	0
887.15	0	.4828135	.1960586	.321128	0
886.15	0	.4825346	.1961972	.3212683	0
885.15	0	.4822569	.1963357	.3214074	0
884.15	0	.4819803	.1964742	.3215455	0
883.15	0	.4817048	.1966129	.3216824	0
882.15	0	.4814303	.1967516	.3218182	0
881.15	0	.4811568	.1968905	.3219528	0
880.15	0	.4808843	.1970295	.3220862	0
879.15	0	.4806126	.1971689	.3222185	0
878.15	0	.4803419	.1973086	.3223495	0
877.15	0	.480072	.1974486	.3224794	0
876.15	0	.4798029	.1975891	.322608	0
875.15	0	.4795346	.19773	.3227354	0
874.15	0	.4792669	.1978715	.3228616	0
873.15	0	.4789999	.1980136	.3229865	0
872.15	0	.4787336	.1981563	.3231101	0
871.15	0	.4784677	.1982998	.3232325	0
870.15	0	.4782024	.1984441	.3233535	0
869.15	0	.4779376	.1985892	.3234732	0
868.15	0	.4776732	.1987352	.3235916	0
867.15	0	.4774091	.1988822	.3237087	0
866.15	0	.4771453	.1990303	.3238244	0
865.15	0	.4768818	.1991796	.3239387	0
864.15	0	.4766184	.19933	.3240515	0
863.15	0	.4763552	.1994818	.324163	0
862.15	0	.476092	.1996349	.3242731	0
861.15	0	.4758289	.1997895	.3243816	0
860.15	0	.4755657	.1999456	.3244887	0
859.15	0	.4753023	.2001034	.3245943	0
858.15	0	.4750388	.2002628	.3246984	0
857.15	0	.474775	.2004241	.324801	0
856.15	0	.4745108	.2005873	.3249019	0
855.15	0	.4742462	.2007525	.3250013	0
854.15	0	.4739811	.2009197	.3250991	0
853.15	0	.4737155	.2010892	.3251953	0
852.15	0	.4734492	.201261	.3252898	0
851.15	0	.4731821	.2014353	.3253826	0
850.15	0	.4729143	.2016121	.3254737	0
849.15	0	.4726455	.2017915	.325563	0
848.15	0	.4723757	.2019738	.3256506	0
847.15	0	.4721048	.2021589	.3257363	0
846.15	0	.4718326	.2023471	.3258203	0
845.15	0	.4715592	.2025385	.3259023	0
844.15	0	.4712843	.2027332	.3259825	0
843.15	0	.4710079	.2029314	.3260607	0
842.15	0	.4707299	.2031333	.3261369	0
841.15	0	.47045	.2033389	.3262111	0
840.15	0	.4701683	.2035485	.3262833	0
839.15	0	.4698845	.2037622	.3263533	0
838.15	0	.4695985	.2039803	.3264212	0
837.15	0	.4693103	.2042029	.3264868	0
836.15	0	.4690195	.2044302	.3265503	0
835.15	0	.4687262	.2046624	.3266114	0
834.15	0	.46843	.2048998	.3266702	0
833.15	0	.4681309	.2051426	.3267266	0
832.15	0	.4678286	.205391	.3267804	0
831.15	0	.4675229	.2056453	.3268318	0
830.15	0	.4672138	.2059057	.3268805	0
829.15	0	.4669008	.2061726	.3269266	0
828.15	0	.4665839	.2064463	.3269698	0
827.15	0	.4662627	.206727	.3270103	0
826.15	0	.4659371	.2070152	.3270478	0
825.15	0	.4656067	.2073111	.3270823	0
824.15	0	.4652712	.2076152	.3271136	0
823.15	0	.4649304	.2079279	.3271418	0
822.15	0	.4645839	.2082496	.3271666	0
821.15	0	.4642313	.2085808	.3271879	0
820.15	0	.4638723	.2089221	.3272056	0
819.15	0	.4635065	.2092739	.3272196	0
818.15	0	.4631334	.2096368	.3272298	0
817.15	0	.4627526	.2100116	.3272358	0
816.15	0	.4623634	.2103989	.3272377	0
815.15	0	.4619654	.2107995	.3272351	0
814.15	0	.4615579	.2112142	.3272278	0
813.15	0	.4611403	.2116439	.3272157	0
812.15	0	.4607118	.2120897	.3271985	0
811.15	0	.4602715	.2125526	.3271759	0
810.15	0	.4598186	.2130339	.3271475	0
809.15	0	.459352	.2135349	.3271131	0
808.15	0	.4588706	.2140572	.3270722	0
807.15	0	.4583731	.2146026	.3270244	0
806.15	0	.4578579	.2151729	.3269692	0
805.15	0	.4573235	.2157705	.326906	0
804.15	0	.4562517	.2170599	.3266885	0
803.15	0	.4551583	.2183822	.3264595	0
802.15	0	.454155	.2195941	.3262509	0
801.15	0	.4532294	.2207112	.3260594	0
800.15	0	.4523715	.2217458	.3258827	0
799.15	0	.4515732	.2227078	.3257189	0
798.15	0	.4508281	.2236056	.3255664	0
797.15	0	.4501304	.2244459	.3254238	0
796.15	0	.4494755	.2252345	.32529	0
795.15	0	.4488593	.2259764	.3251643	0
794.15	0	.4482785	.2266759	.3250456	0
793.15	0	.4477299	.2273367	.3249334	0
792.15	0	.447211	.227962	.324827	0
791.15	0	.4467193	.2285547	.324726	0
790.15	0	.4462528	.2291173	.3246299	0
789.15	0	.4458097	.2296521	.3245382	0
788.15	0	.4453882	.2301611	.3244507	0
787.15	0	.4449869	.2306461	.3243669	0
786.15	0	.4446045	.2311088	.3242867	0
785.15	0	.4442396	.2315506	.3242097	0
784.15	0	.4438913	.231973	.3241358	0
783.15	0	.4435607	.2323752	.3240641	0
782.15	0	.4432421	.2327623	.3239957	0
781.15	0	.4429372	.2331332	.3239296	0
780.15	0	.4426451	.233489	.3238659	0
779.15	0	.4423652	.2338305	.3238043	0
778.15	0	.4420967	.2341586	.3237447	0
777.15	0	.4418392	.2344739	.3236869	0
776.15	0	.4415918	.2347773	.323631	0
775.15	0	.4413541	.2350692	.3235767	0
774.15	0	.4411257	.2353504	.3235239	0
773.15	0	.440906	.2356214	.3234727	0
772.15	0	.4406946	.2358827	.3234228	0
771.15	0	.440491	.2361348	.3233742	0
770.15	0	.4402949	.2363782	.3233269	0
769.15	0	.440106	.2366133	.3232807	0
768.15	0	.4399238	.2368405	.3232356	0
767.15	0	.4397481	.2370603	.3231916	0
766.15	0	.4395786	.2372728	.3231486	0
765.15	0	.4394149	.2374786	.3231066	0
764.15	0	.4392568	.2376778	.3230654	0
763.15	0	.4391041	.2378709	.3230251	0
762.15	0	.4389564	.238058	.3229855	0
761.15	0	.4388137	.2382395	.3229468	0
760.15	0	.4386756	.2384157	.3229087	0
759.15	0	.438542	.2385867	.3228714	0
758.15	0	.4384126	.2387527	.3228347	0
757.15	0	.4382874	.2389141	.3227986	0
756.15	0	.438166	.2390709	.3227631	0
755.15	0	.4380484	.2392235	.3227282	0
754.15	0	.4379343	.2393719	.3226938	0
753.15	0	.4378237	.2395164	.3226599	0
752.15	0	.4377164	.2396571	.3226265	0
751.15	0	.4376122	.2397942	.3225936	0
750.15	0	.4375111	.2399278	.3225611	0
749.15	0	.4374129	.2400581	.322529	0
748.15	0	.4373174	.2401852	.3224974	0
747.15	0	.4372247	.2403092	.3224661	0
746.15	0	.4371345	.2404304	.3224352	0
745.15	0	.4370467	.2405487	.3224046	0
744.15	0	.4369614	.2406643	.3223744	0
743.15	0	.4368783	.2407773	.3223444	0
742.15	0	.4367973	.2408879	.3223148	0
741.15	0	.4367185	.240996	.3222855	0
740.15	0	.4366417	.2411019	.3222564	0
739.15	0	.4365668	.2412056	.3222276	0
738.15	0	.4364938	.2413072	.322199	0
737.15	0	.4364226	.2414067	.3221707	0
736.15	0	.4363531	.2415043	.3221426	0
735.15	0	.4362853	.2416	.3221147	0
734.15	0	.4362191	.2416939	.322087	0
733.15	0	.4361544	.2417861	.3220595	0
732.15	0	.4360912	.2418767	.3220322	0
731.15	0	.4360293	.2419656	.322005	0
730.15	0	.4359689	.242053	.3219781	0
729.15	0	.4359098	.242139	.3219513	0
728.15	0	.4358519	.2422235	.3219246	0
727.15	0	.4357953	.2423067	.3218981	0
726.15	0	.4357398	.2423885	.3218717	0
725.15	0	.4356854	.2424691	.3218454	0
724.15	0	.4356322	.2425485	.3218193	0
723.15	0	.43558	.2426267	.3217933	0
722.15	0	.4355288	.2427039	.3217674	0
721.15	0	.4354785	.2427799	.3217416	0
720.15	0	.4354292	.2428549	.3217159	0
719.15	0	.4353808	.2429289	.3216903	0
718.15	0	.4353333	.243002	.3216648	0
717.15	0	.4352866	.2430741	.3216393	0
716.15	0	.4352407	.2431454	.321614	0
715.15	0	.4351955	.2432158	.3215887	0
714.15	0	.4351512	.2432854	.3215635	0
713.15	0	.4351075	.2433542	.3215383	0
712.15	0	.4350645	.2434223	.3215132	0
711.15	0	.4350222	.2434896	.3214882	0
710.15	0	.4349806	.2435562	.3214632	0
709.15	0	.4349395	.2436222	.3214383	0
708.15	0	.4348991	.2436876	.3214134	0
707.15	0	.4348592	.2437523	.3213885	0
706.15	0	.4348199	.2438164	.3213637	0
705.15	0	.4347811	.24388	.321339	0
704.15	0	.4347428	.243943	.3213143	0
703.15	0	.434705	.2440055	.3212896	0
702.15	0	.4346676	.2440675	.3212649	0
701.15	0	.4346308	.244129	.3212402	0
700.15	0	.4345944	.24419	.3212156	0
699.15	0	.4345584	.2442506	.321191	0
698.15	0	.4345228	.2443108	.3211664	0
697.15	0	.4344875	.2443706	.3211419	0
696.15	0	.4344527	.24443	.3211173	0
695.15	0	.4344183	.244489	.3210928	0
694.15	0	.4343841	.2445476	.3210683	0
693.15	0	.4343503	.2446059	.3210437	0
692.15	0	.4343169	.2446639	.3210192	0
691.15	0	.4342837	.2447215	.3209947	0
690.15	0	.4342509	.2447789	.3209702	0
689.15	0	.4342183	.244836	.3209457	0
688.15	0	.434186	.2448927	.3209212	0
687.15	0	.434154	.2449493	.3208967	0
686.15	0	.4341223	.2450055	.3208722	0
685.15	0	.4340907	.2450616	.3208477	0
684.15	0	.4340595	.2451174	.3208232	0
683.15	0	.4340284	.2451729	.3207987	0
682.15	0	.4339975	.2452283	.3207741	0
681.15	0	.4339669	.2452835	.3207496	0
680.15	0	.4339365	.2453385	.3207251	0
679.15	0	.4339062	.2453933	.3207005	0
678.15	0	.4338762	.2454479	.3206759	0
677.15	0	.4338463	.2455024	.3206514	0
676.15	0	.4338166	.2455567	.3206268	0
675.15	0	.433787	.2456108	.3206022	0
674.15	0	.4337576	.2456649	.3205775	0
673.15	0	.4337284	.2457187	.3205529	0
672.15	0	.4336993	.2457725	.3205282	0
671.15	0	.4336703	.2458261	.3205036	0
670.15	0	.4336415	.2458797	.3204789	0
669.15	0	.4336127	.2459331	.3204542	0
668.15	0	.4335841	.2459864	.3204295	0
667.15	0	.4335557	.2460396	.3204047	0
666.15	0	.4335273	.2460928	.3203799	0
665.15	0	.433499	.2461458	.3203552	0
664.15	0	.4334708	.2461988	.3203303	0
663.15	0	.4334428	.2462517	.3203055	0
662.15	0	.4334148	.2463046	.3202807	0
661.15	0	.4333869	.2463574	.3202558	0
660.15	0	.433359	.2464101	.3202309	0
659.15	0	.4333313	.2464627	.320206	0
658.15	0	.4333036	.2465153	.320181	0
657.15	0	.433276	.2465679	.3201561	0
656.15	0	.4332485	.2466204	.3201311	0
655.15	0	.433221	.2466729	.3201061	0
654.15	0	.4331936	.2467254	.320081	0
653.15	0	.4331663	.2467778	.320056	0
652.15	0	.433139	.2468302	.3200309	0
651.15	0	.4331117	.2468825	.3200058	0
650.15	0	.4330845	.2469349	.3199806	0
649.15	0	.4330573	.2469872	.3199555	0
648.15	0	.4330302	.2470395	.3199303	0
647.15	0	.4330031	.2470918	.3199051	0
646.15	0	.4329761	.2471441	.3198798	0
645.15	0	.4329491	.2471963	.3198546	0
644.15	0	.4329221	.2472486	.3198293	0
643.15	0	.4328952	.2473009	.319804	0
642.15	0	.4328682	.2473531	.3197786	0
641.15	0	.4328414	.2474054	.3197533	0
640.15	0	.4328145	.2474576	.3197279	0
639.15	0	.4327876	.2475099	.3197025	0
638.15	0	.4327608	.2475622	.319677	0
637.15	0	.432734	.2476144	.3196516	0
636.15	0	.4327072	.2476667	.3196261	0
635.15	0	.4326804	.247719	.3196006	0
634.15	0	.4326537	.2477713	.319575	0
633.15	0	.4326269	.2478236	.3195495	0
632.15	0	.4326002	.2478759	.3195239	0
631.15	0	.4325734	.2479283	.3194983	0
630.15	0	.4325467	.2479807	.3194727	0
629.15	0	.43252	.248033	.319447	0
628.15	0	.4324933	.2480854	.3194213	0
627.15	0	.4324665	.2481378	.3193956	0
626.15	0	.4324398	.2481903	.3193699	0
625.15	0	.4324131	.2482427	.3193441	0
624.15	0	.4323864	.2482952	.3193184	0
623.15	0	.4323597	.2483477	.3192926	0
622.15	0	.432333	.2484002	.3192667	0
621.15	0	.4323063	.2484528	.3192409	0
620.15	0	.4322796	.2485054	.3192151	0
619.15	0	.4322529	.248558	.3191892	0
618.15	0	.4322262	.2486106	.3191633	0
617.15	0	.4321994	.2486632	.3191373	0
616.15	0	.4321727	.2487159	.3191114	0
615.15	0	.432146	.2487686	.3190854	0
614.15	0	.4321192	.2488213	.3190594	0
613.15	0	.4320925	.2488741	.3190334	0
612.15	0	.4320657	.2489269	.3190074	0
611.15	0	.432039	.2489797	.3189814	0
610.15	0	.4320122	.2490325	.3189553	0
609.15	0	.4319854	.2490854	.3189292	0
608.15	0	.4319586	.2491383	.3189031	0
607.15	0	.4319318	.2491912	.318877	0
606.15	0	.431905	.2492441	.3188508	0
605.15	0	.4318782	.2492971	.3188247	0
604.15	0	.4318514	.2493501	.3187985	0
603.15	0	.4318245	.2494031	.3187723	0
602.15	0	.4317977	.2494562	.3187461	0
601.15	0	.4317708	.2495093	.3187199	0
600.15	0	.4317439	.2495624	.3186937	0
599.15	0	.431717	.2496155	.3186674	0
598.15	0	.4316902	.2496687	.3186412	0
597.15	0	.4316632	.2497219	.3186149	0
596.15	0	.4316363	.2497751	.3185886	0
595.15	0	.4316094	.2498284	.3185623	0
594.15	0	.4315824	.2498816	.318536	0
593.15	0	.4315555	.2499349	.3185096	0
592.15	0	.4315285	.2499882	.3184833	0
591.15	0	.4315015	.2500416	.3184569	0
590.15	0	.4314745	.2500949	.3184305	0
589.15	0	.4314475	.2501483	.3184042	0
588.15	0	.4314205	.2502017	.3183778	0
587.15	0	.4313934	.2502552	.3183514	0
586.15	0	.4313664	.2503086	.318325	0
585.15	0	.4313393	.2503621	.3182986	0
584.15	0	.4313123	.2504156	.3182721	0
583.15	0	.4312852	.2504691	.3182457	0
582.15	0	.4312581	.2505227	.3182193	0
581.15	0	.431231	.2505762	.3181928	0
580.15	0	.4312039	.2506298	.3181664	0
579.15	0	.4311767	.2506834	.3181399	0
578.15	0	.4311496	.250737	.3181134	0
577.15	0	.4311224	.2507906	.318087	0
576.15	0	.4310953	.2508443	.3180605	0
575.15	0	.4310681	.2508979	.318034	0
574.15	0	.4310409	.2509516	.3180075	0
573.15	0	.4310137	.2510053	.317981	0
572.15	0	.4309865	.251059	.3179545	0
571.15	0	.4309593	.2511127	.317928	0
570.15	0	.4309321	.2511664	.3179015	0
569.15	0	.4309048	.2512201	.317875	0
568.15	0	.4308776	.2512739	.3178485	0
567.15	0	.4308503	.2513277	.317822	0
566.15	0	.4308231	.2513814	.3177955	0
565.15	0	.4307958	.2514352	.317769	0
564.15	0	.4307685	.251489	.3177425	0
563.15	0	.4307413	.2515428	.317716	0
562.15	0	.430714	.2515966	.3176895	0
561.15	0	.4306867	.2516503	.317663	0
560.15	0	.4306594	.2517041	.3176365	0
559.15	0	.430632	.251758	.31761	0
558.15	0	.4306047	.2518118	.3175835	0
557.15	0	.4305774	.2518656	.317557	0
556.15	0	.4305501	.2519194	.3175306	0
555.15	0	.4305227	.2519732	.3175041	0
554.15	0	.4304954	.252027	.3174776	0
553.15	0	.4304681	.2520808	.3174512	0
552.15	0	.4304407	.2521346	.3174247	0
551.15	0	.4304134	.2521884	.3173983	0
550.15	0	.430386	.2522422	.3173718	0
549.15	0	.4303587	.252296	.3173454	0
548.15	0	.4303313	.2523497	.3173189	0
547.15	0	.4303039	.2524035	.3172925	0
546.15	0	.4302766	.2524573	.3172661	0
545.15	0	.4302492	.2525111	.3172397	0
544.15	0	.4302218	.2525648	.3172134	0
543.15	0	.4301945	.2526185	.317187	0
542.15	0	.4301671	.2526723	.3171606	0
541.15	0	.4301398	.252726	.3171343	0
540.15	0	.4301124	.2527797	.3171079	0
539.15	0	.430085	.2528334	.3170816	0
538.15	0	.4300577	.252887	.3170553	0
537.15	0	.4300303	.2529407	.317029	0
536.15	0	.4300029	.2529943	.3170027	0
535.15	0	.4299756	.2530479	.3169765	0
534.15	0	.4299482	.2531015	.3169502	0
533.15	0	.4299209	.2531551	.316924	0
532.15	0	.4298935	.2532087	.3168978	0
531.15	0	.4298662	.2532622	.3168716	0
530.15	0	.4298389	.2533157	.3168454	0
529.15	0	.4298115	.2533692	.3168193	0
528.15	0	.4297842	.2534227	.3167931	0
527.15	0	.4297569	.2534761	.316767	0
526.15	0	.4297296	.2535295	.3167409	0
525.15	0	.4297023	.2535829	.3167148	0
524.15	0	.429675	.2536362	.3166888	0
523.15	0	.4296477	.2536896	.3166627	0
522.15	0	.4296206	.2537428	.3166366	0
521.15	0	.4295933	.2537961	.3166106	0
520.15	0	.429566	.2538493	.3165846	0
519.15	0	.4295388	.2539025	.3165587	0
518.15	0	.4295115	.2539557	.3165328	0
517.15	0	.4294843	.2540088	.3165069	0
516.15	0	.4294571	.2540619	.316481	0
515.15	0	.4294299	.254115	.3164552	0
514.15	0	.4294027	.254168	.3164293	0
513.15	0	.4293755	.2542209	.3164035	0
512.15	0	.4293483	.2542739	.3163778	0
511.15	0	.4293212	.2543268	.3163521	0
510.15	0	.429294	.2543796	.3163264	0
509.15	0	.4292669	.2544324	.3163007	0
508.15	0	.4292398	.2544852	.316275	0
507.15	0	.4292127	.2545379	.3162494	0
506.15	0	.4291856	.2545906	.3162238	0
505.15	0	.4291585	.2546432	.3161983	0
504.15	0	.4291315	.2546958	.3161727	0
503.15	0	.4291045	.2547483	.3161472	0
502.15	0	.4290774	.2548008	.3161218	0
501.15	0	.4290504	.2548532	.3160964	0
500.15	0	.4290235	.2549056	.316071	0
499.15	0	.4289965	.2549579	.3160456	0
498.15	0	.4289695	.2550102	.3160203	0
497.15	0	.4289426	.2550624	.315995	0
496.15	0	.4289157	.2551145	.3159698	0
495.15	0	.4288888	.2551666	.3159445	0
494.15	0	.428862	.2552187	.3159193	0
493.15	0	.4288351	.2552707	.3158942	0
492.15	0	.4288083	.2553226	.3158691	0
491.15	0	.4287815	.2553745	.315844	0
490.15	0	.4287547	.2554263	.315819	0
489.15	0	.428728	.255478	.315794	0
488.15	0	.4287012	.2555297	.3157691	0
487.15	0	.4286745	.2555813	.3157442	0
486.15	0	.4286478	.2556329	.3157193	0
485.15	0	.4286212	.2556844	.3156945	0
484.15	0	.4285945	.2557358	.3156697	0
483.15	0	.4285679	.2557871	.315645	0
482.15	0	.4285413	.2558384	.3156203	0
481.15	0	.4285148	.2558896	.3155956	0
480.15	0	.4284882	.2559407	.315571	0
479.15	0	.4284617	.2559918	.3155464	0
478.15	0	.4284352	.2560428	.3155219	0
477.15	0	.4284088	.2560938	.3154975	0
476.15	0	.4283824	.2561446	.315473	0
475.15	0	.428356	.2561954	.3154486	0
474.15	0	.4283296	.2562461	.3154243	0
473.15	0	.4283033	.2562967	.3154	0
472.15	0	.428277	.2563472	.3153758	0
471.15	0	.4282507	.2563977	.3153516	0
470.15	0	.4282245	.2564481	.3153275	0
469.15	0	.4281983	.2564984	.3153034	0
468.15	0	.4281721	.2565486	.3152793	0
467.15	0	.4281459	.2565988	.3152553	0
466.15	0	.4281198	.2566488	.3152314	0
465.15	0	.4280937	.2566988	.3152075	0
464.15	0	.4280677	.2567487	.3151837	0
463.15	0	.4280416	.2567985	.3151599	0
462.15	0	.4280157	.2568482	.3151361	0
461.15	0	.4279897	.2568978	.3151124	0
460.15	0	.4279638	.2569474	.3150888	0
459.15	0	.4279379	.2569968	.3150653	0
458.15	0	.4279121	.2570462	.3150417	0
457.15	0	.4278863	.2570955	.3150183	0
456.15	0	.4278605	.2571447	.3149949	0
455.15	0	.4278347	.2571937	.3149715	0
454.15	0	.427809	.2572427	.3149482	0
453.15	0	.4277834	.2572916	.314925	0
452.15	0	.4277577	.2573404	.3149018	0
451.15	0	.4277322	.2573892	.3148787	0
450.15	0	.4277066	.2574378	.3148556	0
449.15	0	.4276811	.2574863	.3148326	0
448.15	0	.4276557	.2575346	.3148097	0
447.15	0	.4276303	.2575829	.3147868	0
446.15	0	.4276049	.2576311	.314764	0
445.15	0	.4275796	.2576791	.3147413	0
444.15	0	.4275544	.257727	.3147186	0
443.15	0	.4275292	.2577748	.314696	0
442.15	0	.427504	.2578225	.3146735	0
441.15	0	.427479	.25787	.314651	0
440.15	0	.4274539	.2579174	.3146286	0
439.15	0	.427429	.2579647	.3146063	0
