T	 BPW(LIQUID)	BPW(BCC_A2)	BPW(FCC_A1)	BPW(LAVES_PHASE_C14)	BPW(NI3TI)
1473.15	0	1	0	0	0
1472.15	0	1	0	0	0
1471.15	0	1	0	0	0
1470.15	0	1	0	0	0
1469.15	0	1	0	0	0
1468.15	0	1	0	0	0
1467.15	0	1	0	0	0
1466.15	0	1	0	0	0
1465.15	0	1	0	0	0
1464.15	0	1	0	0	0
1463.15	0	1	0	0	0
1462.15	0	1	0	0	0
1461.15	0	1	0	0	0
1460.15	0	1	0	0	0
1459.15	0	1	0	0	0
1458.15	0	1	0	0	0
1457.15	0	1	0	0	0
1456.15	0	1	0	0	0
1455.15	0	1	0	0	0
1454.15	0	1	0	0	0
1453.15	0	1	0	0	0
1452.15	0	1	0	0	0
1451.15	0	1	0	0	0
1450.15	0	1	0	0	0
1449.15	0	1	0	0	0
1448.15	0	1	0	0	0
1447.15	0	1	0	0	0
1446.15	0	1	0	0	0
1445.584	0	1	0	0	0
1445.584	0	1	0	0	0
1445.584	0	1	0	0	0
1445.15	0	.998988	.001012027	0	0
1444.15	0	.9966633	.003336734	0	0
1443.15	0	.9943448	.005655212	0	0
1442.15	0	.9920325	.007967468	0	0
1441.15	0	.9897265	.01027351	0	0
1440.15	0	.9874267	.01257334	0	0
1439.15	0	.985133	.01486697	0	0
1438.15	0	.9828456	.01715441	0	0
1437.15	0	.9805644	.01943565	0	0
1436.15	0	.9782893	.02171072	0	0
1435.15	0	.9760204	.02397961	0	0
1434.15	0	.9737577	.02624233	0	0
1433.15	0	.9715011	.02849889	0	0
1432.15	0	.9692507	.03074929	0	0
1431.15	0	.9670065	.03299354	0	0
1430.15	0	.9647683	.03523165	0	0
1429.15	0	.9625364	.03746362	0	0
1428.15	0	.9603105	.03968946	0	0
1427.15	0	.9580908	.04190918	0	0
1426.15	0	.9558772	.04412277	0	0
1425.15	0	.9536698	.04633025	0	0
1424.15	0	.9514684	.04853162	0	0
1423.15	0	.9492731	.05072689	0	0
1422.15	0	.9470839	.05291606	0	0
1421.15	0	.9449009	.05509914	0	0
1420.15	0	.9427239	.05727614	0	0
1419.15	0	.940553	.05944705	0	0
1418.15	0	.9383881	.06161189	0	0
1417.15	0	.9362293	.06377066	0	0
1416.15	0	.9340766	.06592336	0	0
1415.15	0	.93193	.06807	0	0
1414.15	0	.9297894	.07021059	0	0
1413.15	0	.9276549	.07234512	0	0
1412.15	0	.9255264	.07447362	0	0
1411.15	0	.9234039	.07659607	0	0
1410.15	0	.9212875	.07871248	0	0
1409.15	0	.9191771	.08082286	0	0
1408.15	0	.9170728	.08292722	0	0
1407.15	0	.9149745	.08502555	0	0
1406.15	0	.9128821	.08711786	0	0
1405.15	0	.9107958	.08920416	0	0
1404.15	0	.9087156	.09128445	0	0
1403.15	0	.9066413	.09335874	0	0
1402.15	0	.904573	.09542702	0	0
1401.15	0	.9025107	.0974893	0	0
1400.15	0	.9004544	.0995456	0	0
1399.15	0	.8984041	.1015959	0	0
1398.15	0	.8963598	.1036402	0	0
1397.15	0	.8943215	.1056785	0	0
1396.15	0	.8922891	.1077109	0	0
1395.15	0	.8902627	.1097373	0	0
1394.15	0	.8882423	.1117577	0	0
1393.15	0	.8862279	.1137721	0	0
1392.15	0	.8842194	.1157806	0	0
1391.15	0	.8822169	.1177831	0	0
1390.15	0	.8802204	.1197796	0	0
1389.15	0	.8782298	.1217702	0	0
1388.15	0	.8762451	.1237549	0	0
1387.15	0	.8742665	.1257335	0	0
1386.15	0	.8722937	.1277063	0	0
1385.15	0	.8703269	.1296731	0	0
1384.15	0	.8683661	.1316339	0	0
1383.15	0	.8664112	.1335888	0	0
1382.15	0	.8644622	.1355378	0	0
1381.15	0	.8625192	.1374808	0	0
1380.15	0	.8605821	.1394179	0	0
1379.15	0	.8586509	.1413491	0	0
1378.15	0	.8567256	.1432744	0	0
1377.15	0	.8548063	.1451937	0	0
1376.15	0	.8528929	.1471071	0	0
1375.15	0	.8509855	.1490145	0	0
1374.15	0	.8490839	.1509161	0	0
1373.15	0	.8471883	.1528117	0	0
1372.15	0	.8452986	.1547014	0	0
1371.15	0	.8434148	.1565852	0	0
1370.15	0	.841537	.1584631	0	0
1369.15	0	.839665	.160335	0	0
1368.15	0	.837799	.1622011	0	0
1367.15	0	.8359388	.1640612	0	0
1366.15	0	.8340846	.1659154	0	0
1365.15	0	.8322363	.1677637	0	0
1364.15	0	.8303939	.1696061	0	0
1363.15	0	.8285574	.1714426	0	0
1362.15	0	.8267268	.1732732	0	0
1361.15	0	.8249022	.1750978	0	0
1360.15	0	.8230834	.1769166	0	0
1359.15	0	.8212705	.1787295	0	0
1358.15	0	.8194636	.1805364	0	0
1357.15	0	.8176625	.1823375	0	0
1356.15	0	.8158674	.1841326	0	0
1355.15	0	.8140781	.1859219	0	0
1354.15	0	.8122948	.1877052	0	0
1353.15	0	.8105174	.1894826	0	0
1352.15	0	.8087459	.1912542	0	0
1351.15	0	.8069802	.1930198	0	0
1350.15	0	.8052205	.1947795	0	0
1349.15	0	.8034667	.1965333	0	0
1348.15	0	.8017188	.1982812	0	0
1347.15	0	.7999768	.2000232	0	0
1346.15	0	.7982408	.2017592	0	0
1345.15	0	.7965106	.2034894	0	0
1344.15	0	.7947863	.2052137	0	0
1343.15	0	.793068	.206932	0	0
1342.15	0	.7913556	.2086444	0	0
1341.15	0	.789649	.210351	0	0
1340.15	0	.7879484	.2120516	0	0
1339.15	0	.7862538	.2137462	0	0
1338.15	0	.784565	.215435	0	0
1337.15	0	.7828821	.2171179	0	0
1336.15	0	.7812052	.2187948	0	0
1335.15	0	.7795342	.2204658	0	0
1334.15	0	.7778691	.2221309	0	0
1333.15	0	.77621	.22379	0	0
1332.15	0	.7745568	.2254433	0	0
1331.15	0	.7729095	.2270905	0	0
1330.15	0	.7712681	.2287319	0	0
1329.15	0	.7696327	.2303673	0	0
1328.15	0	.7680032	.2319968	0	0
1327.15	0	.7663796	.2336204	0	0
1326.15	0	.764762	.235238	0	0
1325.15	0	.7631504	.2368496	0	0
1324.15	0	.7615447	.2384553	0	0
1323.15	0	.7599449	.2400551	0	0
1322.15	0	.7583511	.2416489	0	0
1321.15	0	.7567633	.2432368	0	0
1320.15	0	.7551814	.2448186	0	0
1319.15	0	.7536054	.2463946	0	0
1318.15	0	.7520355	.2479645	0	0
1317.15	0	.7504715	.2495285	0	0
1316.15	0	.7489135	.2510865	0	0
1315.15	0	.7473614	.2526386	0	0
1314.15	0	.7458154	.2541846	0	0
1313.15	0	.7442753	.2557247	0	0
1312.15	0	.7427412	.2572588	0	0
1311.15	0	.7412131	.2587869	0	0
1310.15	0	.739691	.260309	0	0
1309.15	0	.7381749	.2618251	0	0
1308.15	0	.7366648	.2633352	0	0
1307.15	0	.7351607	.2648393	0	0
1306.15	0	.7336627	.2663373	0	0
1305.15	0	.7321706	.2678294	0	0
1304.15	0	.7306846	.2693154	0	0
1303.15	0	.7292046	.2707954	0	0
1302.15	0	.7277306	.2722694	0	0
1301.15	0	.7262627	.2737373	0	0
1300.15	0	.7248008	.2751992	0	0
1299.15	0	.7233449	.2766551	0	0
1298.15	0	.7218951	.2781049	0	0
1297.15	0	.7204514	.2795486	0	0
1296.15	0	.7190137	.2809863	0	0
1295.15	0	.7175821	.2824179	0	0
1294.15	0	.7161566	.2838434	0	0
1293.15	0	.7147371	.2852629	0	0
1292.15	0	.7133238	.2866762	0	0
1291.15	0	.7119165	.2880835	0	0
1290.15	0	.7105153	.2894847	0	0
1289.15	0	.7091202	.2908798	0	0
1288.15	0	.7077313	.2922687	0	0
1287.15	0	.7063484	.2936516	0	0
1286.15	0	.7049717	.2950283	0	0
1285.15	0	.7036011	.2963989	0	0
1284.15	0	.7022366	.2977634	0	0
1283.15	0	.7008783	.2991217	0	0
1282.15	0	.6995261	.3004739	0	0
1281.15	0	.6981801	.3018199	0	0
1280.15	0	.6968402	.3031598	0	0
1279.15	0	.6955065	.3044935	0	0
1278.988	0	.6952913	.3047087	0	0
1278.988	0	.6952913	.3047087	0	0
1278.988	0	.6952913	.3047087	0	0
1278.15	0	.6933168	.3062707	4.125518E-04	0
1277.15	0	.6909693	.3081275	9.032394E-04	0
1276.15	0	.6886306	.3099771	.001392302	0
1275.15	0	.6863009	.3118193	.001879746	0
1274.15	0	.6839801	.3136543	.002365575	0
1273.15	0	.6816683	.3154819	.002849796	0
1272.15	0	.6793653	.3173022	.003332413	0
1271.15	0	.6770714	.3191152	.003813432	0
1270.15	0	.6747864	.3209208	.004292857	0
1269.15	0	.6725103	.322719	.004770695	0
1268.15	0	.6702432	.3245098	.00524695	0
1267.15	0	.6679852	.3262932	.005721628	0
1266.15	0	.6657361	.3280692	.006194732	0
1265.15	0	.663496	.3298377	.00666627	0
1264.15	0	.661265	.3315987	.007136244	0
1263.15	0	.659043	.3333523	.007604661	0
1262.15	0	.6568301	.3350984	.008071526	0
1261.15	0	.6546262	.3368369	.008536843	0
1260.15	0	.6524315	.3385679	.009000618	0
1259.15	0	.6502458	.3402914	.009462854	0
1258.15	0	.6480692	.3420072	.009923558	0
1257.15	0	.6459017	.3437155	.01038273	0
1256.15	0	.6437434	.3454162	.01084039	0
1255.15	0	.6415943	.3471092	.01129652	0
1254.15	0	.6394543	.3487946	.01175114	0
1253.15	0	.6373234	.3504723	.01220425	0
1252.15	0	.6352018	.3521423	.01265586	0
1251.15	0	.6330894	.3538046	.01310596	0
1250.15	0	.6309863	.3554592	.01355458	0
1249.15	0	.6288923	.357106	.0140017	0
1248.15	0	.6268077	.358745	.01444733	0
1247.15	0	.6247323	.3603762	.01489149	0
1246.15	0	.6226662	.3619996	.01533417	0
1245.15	0	.6206094	.3636152	.01577537	0
1244.15	0	.618562	.3652229	.01621511	0
1243.15	0	.6165239	.3668227	.01665339	0
1242.15	0	.6144952	.3684146	.0170902	0
1241.15	0	.6124759	.3699986	.01752556	0
1240.15	0	.610466	.3715746	.01795948	0
1239.15	0	.6084655	.3731426	.01839194	0
1238.15	0	.6064744	.3747026	.01882297	0
1237.15	0	.6044929	.3762546	.01925256	0
1236.15	0	.6025208	.3777985	.01968071	0
1235.15	0	.6005582	.3793344	.02010744	0
1234.15	0	.5986051	.3808621	.02053275	0
1233.15	0	.5966616	.3823818	.02095663	0
1232.15	0	.5947277	.3838933	.0213791	0
1231.15	0	.5928033	.3853966	.02180016	0
1230.15	0	.5908886	.3868917	.02221981	0
1229.15	0	.5889834	.3883785	.02263805	0
1228.15	0	.587088	.3898571	.0230549	0
1227.15	0	.5852022	.3913275	.02347036	0
1226.15	0	.5833261	.3927895	.02388442	0
1225.15	0	.5814598	.3942431	.0242971	0
1224.15	0	.5796031	.3956885	.02470839	0
1223.15	0	.5777563	.3971254	.02511831	0
1222.15	0	.5759193	.3985539	.02552685	0
1221.15	0	.574092	.3999739	.02593402	0
1220.15	0	.5722747	.4013855	.02633982	0
1219.15	0	.5704671	.4027886	.02674426	0
1218.15	0	.5686695	.4041831	.02714734	0
1217.15	0	.5668818	.4055691	.02754907	0
1216.15	0	.565104	.4069465	.02794945	0
1215.15	0	.5633363	.4083153	.02834848	0
1214.15	0	.5615785	.4096754	.02874617	0
1213.15	0	.5598307	.4110268	.02914251	0
1212.15	0	.5580929	.4123695	.02953752	0
1211.15	0	.5563653	.4137035	.0299312	0
1210.15	0	.5546477	.4150287	.03032356	0
1209.15	0	.5529403	.4163451	.03071458	0
1208.15	0	.551243	.4176527	.03110429	0
1207.15	0	.5495559	.4189514	.03149268	0
1206.15	0	.547879	.4202412	.03187976	0
1205.15	0	.5462124	.4215221	.03226553	0
1204.15	0	.544556	.422794	.03264999	0
1203.15	0	.5429099	.4240569	.03303315	0
1202.15	0	.5412742	.4253108	.03341502	0
1201.15	0	.5396488	.4265556	.03379559	0
1200.15	0	.5380338	.4277914	.03417486	0
1199.15	0	.5364292	.429018	.03455285	0
1198.15	0	.534835	.4302354	.03492956	0
1197.15	0	.5332513	.4314437	.03530498	0
1196.15	0	.5316782	.4326427	.03567913	0
1195.15	0	.5301155	.4338325	.036052	0
1194.15	0	.5285634	.4350129	.03642361	0
1193.15	0	.527022	.4361841	.03679395	0
1192.15	0	.5254911	.4373459	.03716302	0
1191.15	0	.5239709	.4384982	.03753084	0
1190.15	0	.5224614	.4396412	.0378974	0
1189.15	0	.5209626	.4407746	.03826271	0
1188.15	0	.5194746	.4418986	.03862677	0
1187.15	0	.5179974	.443013	.03898958	0
1186.15	0	.516531	.4441179	.03935115	0
1185.15	0	.5150754	.4452131	.03971149	0
1184.15	0	.5136308	.4462987	.04007058	0
1183.15	0	.512197	.4473745	.04042845	0
1182.15	0	.5107742	.4484407	.04078508	0
1181.15	0	.5093624	.4494971	.0411405	0
1180.15	0	.5079616	.4505437	.04149469	0
1179.15	0	.5065719	.4515805	.04184766	0
1178.15	0	.5051932	.4526074	.04219941	0
1177.15	0	.5038257	.4536244	.04254995	0
1176.15	0	.5024693	.4546314	.04289929	0
1175.15	0	.5011241	.4556285	.04324742	0
1174.15	0	.4997902	.4566155	.04359434	0
1173.15	0	.4984675	.4575925	.04394007	0
1172.15	0	.4971561	.4585593	.0442846	0
1171.15	0	.495856	.4595161	.04462794	0
1170.15	0	.4945673	.4604626	.04497009	0
1169.15	0	.49329	.4613989	.04531105	0
1168.15	0	.4920241	.462325	.04565083	0
1167.15	0	.4907697	.4632408	.04598943	0
1166.15	0	.4895268	.4641463	.04632686	0
1165.15	0	.4882955	.4650414	.04666311	0
1164.15	0	.4870757	.4659261	.04699819	0
1163.15	0	.4858676	.4668003	.0473321	0
1162.15	0	.4846711	.4676641	.04766485	0
1161.15	0	.4834863	.4685173	.04799644	0
1160.15	0	.4823132	.46936	.04832687	0
1159.15	0	.4811518	.470192	.04865615	0
1158.15	0	.4800023	.4710134	.04898427	0
1157.15	0	.4788646	.4718242	.04931125	0
1156.15	0	.4777387	.4726242	.04963708	0
1155.15	0	.4766248	.4734134	.04996177	0
1154.15	0	.4755227	.474192	.05028533	0
1153.15	0	.4744327	.4749596	.05060774	0
1152.15	0	.4733547	.4757163	.05092902	0
1151.15	0	.4722887	.4764621	.05124918	0
1150.15	0	.4712349	.4771969	.0515682	0
1149.15	0	.4701931	.4779208	.0518861	0
1148.15	0	.4691635	.4786336	.05220288	0
1147.15	0	.4681461	.4793353	.05251855	0
1146.15	0	.467141	.480026	.05283309	0
1145.15	0	.466148	.4807054	.05314653	0
1144.15	0	.4651674	.4813737	.05345886	0
1143.15	0	.4641992	.4820307	.05377008	0
1142.15	0	.4632433	.4826765	.0540802	0
1141.15	0	.4622998	.483311	.05438922	0
1140.15	0	.4613688	.4839341	.05469715	0
1139.15	0	.4604502	.4845458	.05500398	0
1138.15	0	.4595442	.4851461	.05530972	0
1137.15	0	.4586507	.4857349	.05561437	0
1136.15	0	.4577698	.4863123	.05591794	0
1135.15	0	.4569015	.4868781	.05622043	0
1134.15	0	.4560459	.4874323	.05652184	0
1133.15	0	.455203	.4879749	.05682218	0
1132.15	0	.4543728	.4885058	.05712144	0
1131.15	0	.4535553	.4890251	.05741963	0
1130.15	0	.4527506	.4895326	.05771676	0
1129.15	0	.4519588	.4900284	.05801282	0
1128.15	0	.4511798	.4905123	.05830782	0
1127.15	0	.4504138	.4909845	.05860177	0
1126.15	0	.4496606	.4914447	.05889466	0
1125.15	0	.4489204	.4918931	.05918649	0
1124.15	0	.4481932	.4923295	.05947728	0
1123.15	0	.447479	.4927539	.05976703	0
1122.15	0	.4467779	.4931664	.06005573	0
1121.15	0	.4460899	.4935668	.06034339	0
1120.15	0	.4454149	.4939551	.06063002	0
1119.15	0	.4447531	.4943313	.06091561	0
1118.15	0	.4441045	.4946953	.06120017	0
1117.15	0	.4434691	.4950472	.0614837	0
1116.15	0	.442847	.4953868	.06176621	0
1115.15	0	.4422381	.4957142	.06204769	0
1114.15	0	.4416425	.4960294	.06232816	0
1113.15	0	.4410602	.4963322	.06260761	0
1112.15	0	.4404913	.4966227	.06288605	0
1111.15	0	.4399357	.4969008	.06316347	0
1110.15	0	.4393935	.4971666	.06343989	0
1109.15	0	.4388648	.4974199	.06371531	0
1108.15	0	.4383495	.4976608	.06398972	0
1107.15	0	.4378477	.4978891	.06426313	0
1106.15	0	.4373594	.498105	.06453556	0
1105.15	0	.4368847	.4983084	.06480698	0
1104.15	0	.4364235	.4984991	.06507742	0
1103.15	0	.4359758	.4986773	.06534687	0
1102.15	0	.4355418	.4988429	.06561534	0
1101.15	0	.4351213	.4989959	.06588282	0
1100.15	0	.4347145	.4991362	.06614933	0
1099.15	0	.4343214	.4992638	.06641486	0
1098.15	0	.4339419	.4993787	.06667943	0
1097.15	0	.4335761	.4994809	.06694302	0
1096.15	0	.433224	.4995703	.06720564	0
1095.15	0	.4328857	.499647	.0674673	0
1094.15	0	.4325611	.4997109	.06772801	0
1093.15	0	.4322503	.499762	.06798775	0
1092.15	0	.4319532	.4998003	.06824654	0
1091.15	0	.4316699	.4998257	.06850438	0
1090.15	0	.4314004	.4998383	.06876127	0
1089.15	0	.4311448	.499838	.06901721	0
1088.15	0	.430903	.4998248	.06927221	0
1087.15	0	.4306749	.4997988	.06952627	0
1086.15	0	.4304608	.4997598	.06977939	0
1085.15	0	.4302605	.4997079	.07003158	0
1084.15	0	.430074	.4996431	.07028284	0
1083.15	0	.4299015	.4995654	.07053317	0
1082.15	0	.4297428	.4994747	.07078257	0
1081.15	0	.4295979	.499371	.07103105	0
1080.15	0	.429467	.4992544	.07127862	0
1079.15	0	.4293499	.4991248	.07152526	0
1078.15	0	.4292467	.4989823	.07177099	0
1077.15	0	.4291575	.4988267	.07201581	0
1076.15	0	.429082	.4986582	.07225972	0
1075.15	0	.4290205	.4984768	.07250272	0
1074.15	0	.4289729	.4982823	.07274482	0
1073.15	0	.4289391	.4980748	.07298603	0
1072.15	0	.4289192	.4978544	.07322633	0
1071.15	0	.4289132	.497621	.07346574	0
1070.15	0	.4289211	.4973747	.07370426	0
1069.15	0	.4289428	.4971154	.07394189	0
1068.15	0	.4289783	.4968431	.07417864	0
1067.15	0	.4290277	.4965579	.0744145	0
1066.15	0	.4290908	.4962597	.07464948	0
1065.15	0	.4291678	.4959486	.07488358	0
1064.15	0	.4292586	.4956246	.07511681	0
1063.15	0	.4293632	.4952877	.07534916	0
1062.15	0	.4294815	.4949379	.07558065	0
1061.15	0	.4296136	.4945752	.07581127	0
1060.15	0	.4297593	.4941996	.07604102	0
1059.15	0	.4299188	.4938113	.07626992	0
1058.15	0	.430092	.4934101	.07649795	0
1057.15	0	.4302788	.4929961	.07672513	0
1056.15	0	.4304793	.4925693	.07695146	0
1055.15	0	.4306933	.4921297	.07717693	0
1054.15	0	.4309209	.4916775	.07740156	0
1053.15	0	.4311621	.4912125	.07762534	0
1052.15	0	.4314168	.4907349	.07784827	0
1051.15	0	.431685	.4902446	.07807037	0
1050.15	0	.4319667	.4897417	.07829163	0
1049.15	0	.4322617	.4892263	.07851205	0
1048.15	0	.4325701	.4886982	.07873164	0
1047.15	0	.4328919	.4881577	.0789504	0
1046.15	0	.433227	.4876047	.07916832	0
1045.15	0	.4335754	.4870392	.07938543	0
1044.15	0	.433937	.4864613	.07960171	0
1043.15	0	.4343117	.4858711	.07981716	0
1042.15	0	.4346996	.4852686	.0800318	0
1041.15	0	.4351006	.4846538	.08024562	0
1040.15	0	.4355147	.4840267	.08045863	0
1039.15	0	.4359417	.4833875	.08067083	0
1038.15	0	.4363817	.4827361	.08088221	0
1037.15	0	.4368345	.4820727	.08109279	0
1036.15	0	.4373002	.4813972	.08130256	0
1035.15	0	.4377787	.4807098	.08151152	0
1034.15	0	.43827	.4800104	.08171969	0
1033.15	0	.4387738	.4792991	.08192705	0
1032.15	0	.4392903	.4785761	.08213361	0
1031.15	0	.4398194	.4778412	.08233938	0
1030.15	0	.4403609	.4770947	.08254436	0
1029.15	0	.4409149	.4763366	.08274854	0
1028.15	0	.4414812	.4755669	.08295193	0
1027.15	0	.4420598	.4747857	.08315453	0
1026.15	0	.4426506	.473993	.08335635	0
1025.15	0	.4432536	.473189	.08355738	0
1024.15	0	.4438687	.4723737	.08375762	0
1023.15	0	.4444957	.4715472	.08395708	0
1022.15	0	.4451347	.4707095	.08415576	0
1021.15	0	.4457856	.4698607	.08435366	0
1020.15	0	.4464482	.469001	.08455079	0
1019.15	0	.4471226	.4681303	.08474713	0
1018.15	0	.4478085	.4672487	.0849427	0
1017.15	0	.4485061	.4663564	.08513749	0
1016.15	0	.449215	.4654535	.08533151	0
1015.15	0	.4499354	.4645399	.08552476	0
1014.15	0	.450667	.4636158	.08571723	0
1013.15	0	.4514098	.4626813	.08590893	0
1012.15	0	.4521637	.4617364	.08609987	0
1011.15	0	.4529286	.4607813	.08629003	0
1010.15	0	.4537045	.4598161	.08647942	0
1009.15	0	.4544912	.4588407	.08666805	0
1008.15	0	.4552887	.4578554	.08685591	0
1007.15	0	.4560968	.4568603	.087043	0
1006.15	0	.4569154	.4558553	.08722932	0
1005.15	0	.4577445	.4548407	.08741488	0
1004.15	0	.4585839	.4538164	.08759967	0
1003.15	0	.4594336	.4527827	.08778369	0
1002.15	0	.4602934	.4517397	.08796694	0
1001.15	0	.4611632	.4506873	.08814943	0
1000.15	0	.462043	.4496258	.08833115	0
999.15	0	.4629326	.4485553	.0885121	0
998.15	0	.463832	.4474757	.08869229	0
997.15	0	.4647409	.4463874	.0888717	0
996.15	0	.4656593	.4452903	.08905035	0
995.15	0	.4665872	.4441846	.08922822	0
994.15	0	.4675243	.4430704	.08940533	0
993.15	0	.4684705	.4419478	.08958166	0
992.15	0	.4694258	.4408169	.08975722	0
991.15	0	.4703901	.4396779	.089932	0
990.15	0	.4713631	.4385309	.09010601	0
989.15	0	.4723448	.4373759	.09027924	0
988.15	0	.4733351	.4362132	.09045168	0
987.15	0	.4743339	.4350428	.09062335	0
986.15	0	.4753409	.4338648	.09079423	0
985.15	0	.4763562	.4326795	.09096433	0
984.15	0	.4773795	.4314868	.09113364	0
983.15	0	.4784108	.430287	.09130216	0
982.15	0	.4794499	.4290802	.09146988	0
981.15	0	.4804967	.4278665	.09163681	0
980.15	0	.4815511	.4266459	.09180294	0
979.15	0	.4826129	.4254188	.09196827	0
978.15	0	.483682	.4241852	.09213278	0
977.15	0	.4847583	.4229452	.09229649	0
976.15	0	.4858416	.421699	.09245939	0
975.15	0	.4869318	.4204467	.09262147	0
974.15	0	.4880288	.4191885	.09278273	0
973.15	0	.4891323	.4179245	.09294316	0
972.15	0	.4902424	.4166548	.09310275	0
971.15	0	.4913588	.4153797	.09326152	0
970.15	0	.4924815	.4140991	.09341944	0
969.15	0	.4936102	.4128133	.09357652	0
968.15	0	.4947448	.4115225	.09373274	0
967.15	0	.4958851	.4102268	.0938881	0
966.15	0	.4970312	.4089262	.09404261	0
965.15	0	.4981827	.4076211	.09419624	0
964.15	0	.4993395	.4063115	.09434899	0
963.15	0	.5005015	.4049976	.09450085	0
962.15	0	.5016686	.4036795	.09465183	0
961.15	0	.5028406	.4023575	.0948019	0
960.15	0	.5040173	.4010316	.09495107	0
959.15	0	.5051986	.3997021	.09509932	0
958.15	0	.5063843	.3983691	.09524664	0
957.15	0	.5075743	.3970327	.09539303	0
956.15	0	.5087684	.3956931	.09553848	0
955.15	0	.5099664	.3943506	.09568297	0
954.15	0	.5111683	.3930052	.0958265	0
953.15	0	.5123738	.3916572	.09596905	0
952.15	0	.5134077	.390471	.0961213	0
951.15	0	.5144068	.3893182	.09627498	0
950.15	0	.5154359	.388138	.09642612	0
949.15	0	.5164937	.3869316	.09657477	0
948.15	0	.5175788	.3857002	.09672097	0
947.15	0	.5186902	.3844451	.09686478	0
946.15	0	.5198264	.3831674	.09700623	0
945.15	0	.5209865	.3818682	.09714537	0
944.15	0	.5221692	.3805486	.09728224	0
943.15	0	.5233735	.3792096	.09741688	0
942.15	0	.5245984	.3778523	.09754931	0
941.15	0	.5258427	.3764777	.09767958	0
940.15	0	.5271055	.3750868	.09780772	0
939.15	0	.5283859	.3736803	.09793375	0
938.15	0	.529683	.3722593	.0980577	0
937.15	0	.5309958	.3708246	.09817961	0
936.15	0	.5323234	.3693771	.09829949	0
935.15	0	.5336651	.3679176	.09841738	0
934.15	0	.53502	.3664468	.09853328	0
933.15	0	.5363872	.3649655	.09864724	0
932.15	0	.5377662	.3634746	.09875927	0
931.15	0	.539156	.3619746	.09886938	0
930.15	0	.5405561	.3604663	.09897761	0
929.15	0	.5419656	.3589505	.09908395	0
928.15	0	.543384	.3574276	.09918845	0
927.15	0	.5448105	.3558984	.0992911	0
926.15	0	.5462445	.3543636	.09939192	0
925.15	0	.5476855	.3528236	.09949094	0
924.15	0	.5491328	.3512791	.09958816	0
923.15	0	.5505858	.3497306	.09968361	0
922.15	0	.552044	.3481787	.09977728	0
921.15	0	.5535069	.3466239	.09986921	0
920.15	0	.5549739	.3450667	.09995939	0
919.15	0	.5564445	.3435077	.1000478	0
918.15	0	.5579182	.3419473	.1001346	0
917.15	0	.5593945	.3403859	.1002196	0
916.15	0	.560873	.3388241	.1003029	0
915.15	0	.5623532	.3372623	.1003846	0
914.15	0	.5638346	.3357008	.1004645	0
913.15	0	.565317	.3341402	.1005428	0
912.15	0	.5667997	.3325808	.1006195	0
911.15	0	.5682825	.331023	.1006945	0
910.15	0	.5697649	.3294673	.1007678	0
909.15	0	.5712466	.3279139	.1008396	0
908.15	0	.5727272	.3263632	.1009097	0
907.15	0	.5742063	.3248156	.1009782	0
906.15	0	.5756836	.3232714	.101045	0
905.15	0	.5771588	.3217309	.1011103	0
904.15	0	.5786315	.3201945	.1011741	0
903.15	0	.5801014	.3186625	.1012362	0
902.15	0	.5815682	.3171351	.1012968	0
901.15	0	.5830316	.3156127	.1013558	0
900.15	0	.5844913	.3140955	.1014132	0
899.15	0	.585947	.3125839	.1014691	0
898.15	0	.5873985	.3110781	.1015235	0
897.15	0	.5888454	.3095783	.1015763	0
896.15	0	.5902876	.3080848	.1016276	0
895.15	0	.5917247	.3065978	.1016775	0
894.15	0	.5931566	.3051176	.1017258	0
893.15	0	.5945829	.3036445	.1017726	0
892.15	0	.5960035	.3021786	.1018179	0
891.15	0	.5974181	.3007201	.1018618	0
890.15	0	.5988265	.2992693	.1019042	0
889.15	0	.6002286	.2978263	.1019451	0
888.15	0	.601624	.2963915	.1019846	0
887.15	0	.6030125	.2949648	.1020227	0
886.15	0	.6043941	.2935466	.1020593	0
885.15	0	.6057685	.2921371	.1020945	0
884.15	0	.6071354	.2907363	.1021283	0
883.15	0	.6084949	.2893444	.1021607	0
882.15	0	.6098466	.2879617	.1021917	0
881.15	0	.6111904	.2865883	.1022214	0
880.15	0	.6125261	.2852242	.1022496	0
879.15	0	.6138537	.2838697	.1022766	0
878.15	0	.6151729	.2825249	.1023022	0
877.15	0	.6164836	.28119	.1023264	0
876.15	0	.6177857	.279865	.1023494	0
875.15	0	.619079	.27855	.102371	0
874.15	0	.6203634	.2772453	.1023913	0
873.15	0	.6216388	.2759509	.1024104	0
872.15	0	.622905	.2746668	.1024281	0
871.15	0	.6241621	.2733933	.1024447	0
870.15	0	.6254098	.2721303	.1024599	0
869.15	0	.626648	.270878	.102474	0
868.15	0	.6278767	.2696365	.1024868	0
867.15	0	.6290958	.2684058	.1024984	0
866.15	0	.6303052	.267186	.1025089	0
865.15	0	.6315048	.2659771	.1025181	0
864.15	0	.6326945	.2647793	.1025262	0
863.15	0	.6338743	.2635926	.1025331	0
862.15	0	.6350441	.262417	.1025389	0
861.15	0	.6362039	.2612525	.1025436	0
860.15	0	.6373536	.2600993	.1025471	0
859.15	0	.6384931	.2589573	.1025496	0
858.15	0	.6396224	.2578266	.102551	0
857.15	0	.6407416	.2567072	.1025513	0
856.15	0	.6418504	.255599	.1025505	0
855.15	0	.642949	.2545022	.1025487	0
854.15	0	.6440373	.2534168	.1025459	0
853.15	0	.6451153	.2523426	.1025421	0
852.15	0	.6461829	.2512798	.1025373	0
851.15	0	.6472403	.2502283	.1025314	0
850.15	0	.6482872	.2491881	.1025247	0
849.15	0	.6493239	.2481592	.1025169	0
848.15	0	.6503502	.2471416	.1025082	0
847.15	0	.6513662	.2461352	.1024986	0
846.15	0	.6523719	.24514	.1024881	0
845.15	0	.6533674	.244156	.1024767	0
844.15	0	.6543526	.2431831	.1024643	0
843.15	0	.6553275	.2422214	.1024511	0
842.15	0	.6562923	.2412707	.1024371	0
841.15	0	.6572469	.240331	.1024221	0
840.15	0	.6581914	.2394022	.1024064	0
839.15	0	.6591258	.2384844	.1023898	0
838.15	0	.6600502	.2375774	.1023724	0
837.15	0	.6609647	.2366811	.1023542	0
836.15	0	.6618692	.2357956	.1023352	0
835.15	0	.6627638	.2349207	.1023155	0
834.15	0	.6636487	.2340564	.1022949	0
833.15	0	.6645238	.2332026	.1022737	0
832.15	0	.6653892	.2323592	.1022517	0
831.15	0	.666245	.2315261	.1022289	0
830.15	0	.6670913	.2307033	.1022054	0
829.15	0	.667928	.2298907	.1021813	0
828.15	0	.6687555	.2290882	.1021564	0
827.15	0	.6695735	.2282956	.1021308	0
826.15	0	.6703824	.227513	.1021046	0
825.15	0	.6711821	.2267402	.1020777	0
824.15	0	.6719727	.2259772	.1020501	0
823.15	0	.6727543	.2252238	.1020219	0
822.15	0	.673527	.2244799	.1019931	0
821.15	0	.6742909	.2237455	.1019636	0
820.15	0	.675046	.2230205	.1019335	0
819.15	0	.6757925	.2223047	.1019028	0
818.15	0	.6765304	.2215981	.1018715	0
817.15	0	.6772598	.2209006	.1018396	0
816.15	0	.6779809	.220212	.1018071	0
815.15	0	.6786936	.2195323	.1017741	0
814.15	0	.6793982	.2188614	.1017404	0
813.15	0	.6800946	.2181991	.1017063	0
812.15	0	.680783	.2175455	.1016715	0
811.15	0	.6814635	.2169003	.1016362	0
810.15	0	.6821361	.2162634	.1016004	0
809.15	0	.682801	.2156349	.1015641	0
808.15	0	.6834583	.2150145	.1015272	0
807.15	0	.6841079	.2144023	.1014898	0
806.15	0	.6847501	.213798	.1014519	0
805.15	0	.6853849	.2132016	.1014135	0
804.15	0	.6860124	.2126129	.1013746	0
803.15	0	.6866327	.212032	.1013353	0
802.15	0	.6872459	.2114587	.1012954	0
801.15	0	.6878521	.2108929	.1012551	0
800.15	0	.6884513	.2103344	.1012143	0
799.15	0	.6890437	.2097833	.101173	0
798.15	0	.6896293	.2092394	.1011313	0
797.15	0	.6902083	.2087026	.1010891	0
796.15	0	.6907806	.2081729	.1010465	0
795.15	0	.6913465	.2076501	.1010034	0
794.15	0	.6919059	.2071342	.1009599	0
793.15	0	.692459	.206625	.100916	0
792.15	0	.6930058	.2061225	.1008717	0
791.15	0	.6935465	.2056266	.1008269	0
790.15	0	.694081	.2051372	.1007817	0
789.15	0	.6946096	.2046543	.1007362	0
788.9986	0	.6946891	.2045817	.1007292	0
788.9986	0	.6946891	.2045817	.1007292	0
788.9986	0	.6946891	.2045817	.1007292	0
788.15	0	.6981085	.2000524	.09944632	.002392826
787.15	0	.7020443	.1948217	.0979568	.005177244
786.15	0	.7058816	.1897033	.09649085	.007924276
785.15	0	.7096229	.1846945	.09504797	.01063464
784.15	0	.7132708	.1797924	.09362768	.01330905
783.15	0	.7168279	.1749944	.09222951	.01594818
782.15	0	.7202964	.1702979	.09085302	.01855269
781.15	0	.7236788	.1657002	.08949777	.02112324
780.15	0	.7269772	.1611991	.08816332	.02366044
779.15	0	.7301938	.156792	.08684926	.02616492
778.15	0	.7333309	.1524767	.08555517	.02863728
777.15	0	.7363903	.1482509	.08428067	.03107808
776.15	0	.7393742	.1441126	.08302536	.0334879
775.15	0	.7422844	.1400595	.08178886	.0358673
774.15	0	.7451228	.1360896	.0805708	.03821682
773.15	0	.7478913	.1322009	.07937083	.04053697
772.15	0	.7505917	.1283914	.07818859	.04282828
771.15	0	.7532256	.1246594	.07702372	.04509125
770.15	0	.7557948	.121003	.07587591	.04732638
769.15	0	.7583008	.1174203	.0747448	.04953413
768.15	0	.7607453	.1139096	.07363009	.051715
767.15	0	.7631298	.1104694	.07253145	.05386942
766.15	0	.7654558	.1070978	.07144858	.05599787
765.15	0	.7677248	.1037933	.07038117	.05810077
764.15	0	.7699382	.1005543	.06932892	.06017857
763.15	0	.7720974	.09737941	.06829154	.06223167
762.15	0	.7742037	.09426702	.06726875	.06426051
761.15	0	.7762585	.09121572	.06626026	.06626549
760.15	0	.7782631	.08822409	.06526581	.068247
759.15	0	.7802187	.08529077	.06428512	.07020544
758.15	0	.7821265	.0824144	.06331794	.07214119
757.15	0	.7839877	.07959369	.06236399	.07405463
756.15	0	.7858035	.07682736	.06142303	.07594613
755.15	0	.787575	.07411416	.06049481	.07781605
754.15	0	.7893033	.07145287	.05957908	.07966476
753.15	0	.7909895	.0688423	.05867561	.08149259
752.15	0	.7926346	.06628131	.05778416	.08329989
751.15	0	.7942397	.06376876	.05690449	.08508701
750.15	0	.7958058	.06130354	.05603639	.08685427
749.15	0	.7973338	.05888457	.05517963	.088602
748.15	0	.7988247	.05651081	.05433399	.09033052
747.15	0	.8002794	.05418122	.05349925	.09204014
746.15	0	.8016988	.05189481	.05267522	.09373118
745.15	0	.8030838	.04965059	.05186168	.09540394
744.15	0	.8044353	.0474476	.05105842	.09705871
743.15	0	.805754	.0452849	.05026526	.0986958
742.15	0	.8070409	.04316159	.049482	.1003155
741.15	0	.8082967	.04107678	.04870844	.1019181
740.15	0	.8095222	.03902958	.0479444	.1035038
739.15	0	.8107182	.03701916	.04718969	.105073
738.15	0	.8118853	.03504467	.04644414	.1066259
737.15	0	.8130244	.03310531	.04570756	.1081627
736.15	0	.8141361	.03120028	.04497979	.1096838
735.15	0	.8152212	.02932881	.04426065	.1111894
734.15	0	.8162802	.02749014	.04354997	.1126797
733.15	0	.8173138	.02568354	.0428476	.114155
732.15	0	.8183228	.02390827	.04215337	.1156156
731.15	0	.8193076	.02216364	.04146713	.1170616
730.15	0	.820269	.02044896	.04078871	.1184934
729.15	0	.8212074	.01876355	.04011797	.119911
728.15	0	.8221236	.01710676	.03945477	.1213149
727.15	0	.823018	.01547795	.03879894	.1227051
726.15	0	.8238912	.01387648	.03815036	.124082
725.15	0	.8247437	.01230175	.03750889	.1254457
724.15	0	.825576	.01075316	.03687438	.1267964
723.15	0	.8263888	.009230131	.0362467	.1281344
722.15	0	.8271823	.007732084	.03562572	.1294599
721.15	0	.8279572	.006258468	.03501131	.130773
720.15	0	.828714	.004808737	.03440335	.1320739
719.15	0	.829453	.003382362	.03380171	.133363
718.15	0	.8301747	.001978824	.03320627	.1346402
717.15	0	.8308795	5.976173E-04	.03261692	.1359059
716.7123	0	.8311828	0	.03236086	.1364563
716.7123	0	.8311828	0	.03236086	.1364563
716.15	0	.8311092	0	.03224149	.1366493
715.15	0	.8309788	0	.03202974	.1369914
714.15	0	.8308491	0	.03181867	.1373323
713.15	0	.83072	0	.03160826	.1376718
712.15	0	.8305915	0	.03139853	.13801
711.15	0	.8304637	0	.03118947	.1383469
710.15	0	.8303364	0	.03098108	.1386825
709.15	0	.8302098	0	.03077337	.1390168
708.15	0	.8300839	0	.03056632	.1393498
707.15	0	.8299585	0	.03035995	.1396815
706.15	0	.8298338	0	.03015425	.140012
705.15	0	.8297096	0	.02994923	.1403411
704.15	0	.8295861	0	.02974488	.140669
703.15	0	.8294632	0	.0295412	.1409956
702.15	0	.8293409	0	.0293382	.1413209
701.15	0	.8292192	0	.02913587	.1416449
700.15	0	.8290981	0	.02893422	.1419677
699.15	0	.8289775	0	.02873324	.1422892
698.15	0	.8288576	0	.02853294	.1426094
697.15	0	.8287383	0	.02833331	.1429284
696.15	0	.8286195	0	.02813436	.1432461
695.15	0	.8285014	0	.02793609	.1435625
694.15	0	.8283838	0	.02773849	.1438777
693.15	0	.8282668	0	.02754157	.1441916
692.15	0	.8281504	0	.02734533	.1445043
691.15	0	.8280345	0	.02714977	.1448157
690.15	0	.8279193	0	.02695488	.1451259
689.15	0	.8278045	0	.02676067	.1454348
688.15	0	.8276904	0	.02656714	.1457425
687.15	0	.8275768	0	.02637429	.1460489
686.15	0	.8274638	0	.02618212	.1463541
685.15	0	.8273514	0	.02599063	.146658
684.15	0	.8272395	0	.02579981	.1469607
683.15	0	.8271281	0	.02560968	.1472622
682.15	0	.8270174	0	.02542023	.1475624
681.15	0	.8269071	0	.02523146	.1478614
680.15	0	.8267974	0	.02504337	.1481592
679.15	0	.8266883	0	.02485596	.1484557
678.15	0	.8265797	0	.02466924	.1487511
677.15	0	.8264717	0	.02448319	.1490452
676.15	0	.8263641	0	.02429783	.149338
675.15	0	.8262572	0	.02411315	.1496297
674.15	0	.8261507	0	.02392916	.1499201
673.15	0	.8260448	0	.02374585	.1502093
672.15	0	.8259395	0	.02356322	.1504973
671.15	0	.8258346	0	.02338127	.1507841
670.15	0	.8257303	0	.02320001	.1510697
669.15	0	.8256265	0	.02301944	.151354
668.15	0	.8255233	0	.02283955	.1516372
667.15	0	.8254205	0	.02266034	.1519191
666.15	0	.8253183	0	.02248182	.1521999
665.15	0	.8252166	0	.02230398	.1524794
664.15	0	.8251154	0	.02212684	.1527577
663.15	0	.8250148	0	.02195037	.1530349
662.15	0	.8249146	0	.0217746	.1533108
661.15	0	.824815	0	.02159951	.1535855
660.15	0	.8247158	0	.02142511	.153859
659.15	0	.8246172	0	.02125139	.1541314
658.15	0	.8245191	0	.02107837	.1544025
657.15	0	.8244215	0	.02090603	.1546725
656.15	0	.8243244	0	.02073438	.1549412
655.15	0	.8242278	0	.02056342	.1552088
654.15	0	.8241317	0	.02039315	.1554752
653.15	0	.824036	0	.02022356	.1557404
652.15	0	.8239409	0	.02005467	.1560044
651.15	0	.8238463	0	.01988647	.1562672
650.15	0	.8237522	0	.01971895	.1565289
649.15	0	.8236585	0	.01955213	.1567893
648.15	0	.8235654	0	.01938599	.1570486
647.15	0	.8234727	0	.01922055	.1573067
646.15	0	.8233805	0	.01905579	.1575637
645.15	0	.8232888	0	.01889173	.1578194
644.15	0	.8231976	0	.01872836	.158074
643.15	0	.8231069	0	.01856568	.1583274
642.15	0	.8230167	0	.01840369	.1585796
641.15	0	.8229269	0	.01824239	.1588307
640.15	0	.8228376	0	.01808179	.1590806
639.15	0	.8227488	0	.01792187	.1593293
638.15	0	.8226605	0	.01776265	.1595769
637.15	0	.8225726	0	.01760412	.1598233
636.15	0	.8224852	0	.01744629	.1600685
635.15	0	.8223982	0	.01728914	.1603126
634.15	0	.8223118	0	.01713269	.1605555
633.15	0	.8222258	0	.01697693	.1607973
632.15	0	.8221403	0	.01682187	.1610379
631.15	0	.8220552	0	.0166675	.1612773
630.15	0	.8219706	0	.01651382	.1615156
629.15	0	.8218865	0	.01636083	.1617527
628.15	0	.8218028	0	.01620854	.1619887
627.15	0	.8217196	0	.01605694	.1622235
626.15	0	.8216368	0	.01590604	.1624572
625.15	0	.8215545	0	.01575582	.1626897
624.15	0	.8214726	0	.01560631	.1629211
623.15	0	.8213912	0	.01545748	.1631513
622.15	0	.8213103	0	.01530935	.1633804
621.15	0	.8212298	0	.01516192	.1636083
620.15	0	.8211497	0	.01501517	.1638351
619.15	0	.8210701	0	.01486912	.1640608
618.15	0	.820991	0	.01472377	.1642853
617.15	0	.8209123	0	.01457911	.1645086
616.15	0	.820834	0	.01443514	.1647309
615.15	0	.8207562	0	.01429187	.164952
614.15	0	.8206788	0	.01414929	.1651719
613.15	0	.8206019	0	.0140074	.1653908
612.15	0	.8205253	0	.01386621	.1656085
611.15	0	.8204493	0	.01372571	.165825
610.15	0	.8203737	0	.0135859	.1660405
609.15	0	.8202985	0	.01344679	.1662548
608.15	0	.8202237	0	.01330837	.1664679
607.15	0	.8201494	0	.01317065	.16668
606.15	0	.8200755	0	.01303361	.1668909
605.15	0	.820002	0	.01289727	.1671007
604.15	0	.819929	0	.01276163	.1673094
603.15	0	.8198564	0	.01262667	.167517
602.15	0	.8197842	0	.01249241	.1677234
601.15	0	.8197124	0	.01235884	.1679287
600.15	0	.8196411	0	.01222596	.1681329
599.15	0	.8195702	0	.01209377	.168336
598.15	0	.8194997	0	.01196228	.168538
597.15	0	.8194296	0	.01183147	.1687389
596.15	0	.81936	0	.01170136	.1689386
595.15	0	.8192908	0	.01157194	.1691373
594.15	0	.819222	0	.01144321	.1693348
593.15	0	.8191536	0	.01131517	.1695313
592.15	0	.8190856	0	.01118782	.1697266
591.15	0	.819018	0	.01106115	.1699208
590.15	0	.8189509	0	.01093518	.1701139
589.15	0	.8188841	0	.0108099	.170306
588.15	0	.8188178	0	.0106853	.1704969
587.15	0	.8187519	0	.0105614	.1706867
586.15	0	.8186864	0	.01043818	.1708754
585.15	0	.8186213	0	.01031565	.1710631
584.15	0	.8185566	0	.0101938	.1712496
583.15	0	.8184923	0	.01007264	.1714351
582.15	0	.8184284	0	.00995217	.1716194
581.15	0	.8183649	0	.009832383	.1718027
580.15	0	.8183018	0	.009713282	.1719849
579.15	0	.8182392	0	.009594865	.172166
578.15	0	.8181769	0	.009477132	.172346
577.15	0	.818115	0	.009360083	.1725249
576.15	0	.8180535	0	.009243716	.1727028
575.15	0	.8179924	0	.009128033	.1728796
574.15	0	.8179317	0	.009013031	.1730553
573.15	0	.8178714	0	.00889871	.1732299
572.15	0	.8178115	0	.008785071	.1734034
571.15	0	.817752	0	.008672111	.1735759
570.15	0	.8176928	0	.008559831	.1737473
569.15	0	.8176341	0	.008448229	.1739177
568.15	0	.8175758	0	.008337306	.174087
567.15	0	.8175178	0	.00822706	.1742552
566.15	0	.8174602	0	.008117491	.1744223
565.15	0	.817403	0	.008008598	.1745884
564.15	0	.8173462	0	.00790038	.1747534
563.15	0	.8172898	0	.007792837	.1749174
562.15	0	.8172337	0	.007685968	.1750803
561.15	0	.8171781	0	.007579771	.1752422
560.15	0	.8171228	0	.007474247	.175403
559.15	0	.8170679	0	.007369394	.1755628
558.15	0	.8170133	0	.007265211	.1757215
557.15	0	.8169592	0	.007161699	.1758791
556.15	0	.8169054	0	.007058854	.1760358
555.15	0	.816852	0	.006956678	.1761913
554.15	0	.816799	0	.006855169	.1763459
553.15	0	.8167463	0	.006754326	.1764994
552.15	0	.816694	0	.006654148	.1766519
551.15	0	.8166421	0	.006554634	.1768033
550.15	0	.8165905	0	.006455783	.1769537
549.15	0	.8165393	0	.006357594	.1771031
548.15	0	.8164885	0	.006260066	.1772514
547.15	0	.816438	0	.006163199	.1773988
546.15	0	.816388	0	.00606699	.1775451
545.15	0	.8163382	0	.00597144	.1776903
544.15	0	.8162888	0	.005876546	.1778346
543.15	0	.8162398	0	.005782308	.1779779
542.15	0	.8161912	0	.005688725	.1781201
541.15	0	.8161429	0	.005595794	.1782613
540.15	0	.8160949	0	.005503517	.1784015
539.15	0	.8160474	0	.00541189	.1785407
538.15	0	.8160001	0	.005320913	.1786789
537.15	0	.8159533	0	.005230585	.1788161
536.15	0	.8159068	0	.005140904	.1789524
535.15	0	.8158606	0	.00505187	.1790875
534.15	0	.8158148	0	.00496348	.1792218
533.15	0	.8157693	0	.004875734	.179355
532.15	0	.8157242	0	.00478863	.1794872
531.15	0	.8156794	0	.004702167	.1796184
530.15	0	.8156349	0	.004616343	.1797487
529.15	0	.8155909	0	.004531158	.179878
528.15	0	.8155471	0	.004446609	.1800063
527.15	0	.8155037	0	.004362696	.1801336
526.15	0	.8154607	0	.004279416	.1802599
525.15	0	.8154179	0	.004196769	.1803853
524.15	0	.8153755	0	.004114753	.1805097
523.15	0	.8153335	0	.004033367	.1806331
522.15	0	.8152918	0	.003952608	.1807556
521.15	0	.8152504	0	.003872476	.1808771
520.15	0	.8152093	0	.003792968	.1809977
519.15	0	.8151686	0	.003714084	.1811173
518.15	0	.8151283	0	.003635822	.1812359
517.15	0	.8150882	0	.003558179	.1813536
516.15	0	.8150485	0	.003481155	.1814704
515.15	0	.8150091	0	.003404748	.1815862
514.15	0	.81497	0	.003328956	.181701
513.15	0	.8149313	0	.003253778	.181815
512.15	0	.8148928	0	.003179211	.181928
511.15	0	.8148547	0	.003105254	.18204
510.15	0	.814817	0	.003031906	.1821511
509.15	0	.8147795	0	.002959164	.1822613
508.15	0	.8147424	0	.002887026	.1823706
507.15	0	.8147055	0	.002815492	.182479
506.15	0	.814669	0	.002744558	.1825864
505.15	0	.8146328	0	.002674224	.1826929
504.15	0	.814597	0	.002604487	.1827986
503.15	0	.8145614	0	.002535346	.1829033
502.15	0	.8145261	0	.002466798	.1830071
501.15	0	.8144912	0	.002398842	.18311
500.15	0	.8144566	0	.002331475	.183212
499.15	0	.8144222	0	.002264696	.1833131
498.15	0	.8143882	0	.002198504	.1834133
497.15	0	.8143545	0	.002132894	.1835126
496.15	0	.8143211	0	.002067867	.1836111
495.15	0	.814288	0	.00200342	.1837086
494.15	0	.8142551	0	.00193955	.1838053
493.15	0	.8142226	0	.001876256	.1839011
492.15	0	.8141904	0	.001813535	.1839961
491.15	0	.8141585	0	.001751386	.1840901
490.15	0	.8141269	0	.001689806	.1841833
489.15	0	.8140955	0	.001628793	.1842757
488.15	0	.8140645	0	.001568345	.1843672
487.15	0	.8140338	0	.001508461	.1844578
486.15	0	.8140033	0	.001449136	.1845476
485.15	0	.8139731	0	.001390371	.1846365
484.15	0	.8139433	0	.001332161	.1847246
483.15	0	.8139137	0	.001274506	.1848118
482.15	0	.8138844	0	.001217402	.1848982
481.15	0	.8138553	0	.001160847	.1849838
480.15	0	.8138266	0	.00110484	.1850686
479.15	0	.8137981	0	.001049378	.1851525
478.15	0	.81377	0	9.944576E-04	.1852356
477.15	0	.8137421	0	9.400778E-04	.1853179
476.15	0	.8137144	0	8.862358E-04	.1853993
475.15	0	.8136871	0	8.329291E-04	.18548
474.15	0	.81366	0	7.801555E-04	.1855598
473.15	0	.8136332	0	7.279124E-04	.1856389
472.15	0	.8136067	0	6.761976E-04	.1857171
471.15	0	.8135804	0	6.250084E-04	.1857946
470.15	0	.8135544	0	5.743425E-04	.1858713
469.15	0	.8135287	0	5.241974E-04	.1859471
468.15	0	.8135032	0	4.745705E-04	.1860222
467.15	0	.813478	0	4.254595E-04	.1860965
466.15	0	.8134531	0	3.768617E-04	.1861701
465.15	0	.8134284	0	3.287747E-04	.1862428
464.15	0	.813404	0	2.811958E-04	.1863148
463.15	0	.8133798	0	2.341226E-04	.186386
462.15	0	.8133559	0	1.875524E-04	.1864565
461.15	0	.8133323	0	1.414827E-04	.1865262
460.15	0	.8133089	0	9.591079E-05	.1865952
459.15	0	.8132858	0	5.083412E-05	.1866634
458.15	0	.8132629	0	6.250044E-06	.1867309
458.0089	0	.8132597	0	0	.1867403
458.0089	0	.8132597	0	0	.1867403
457.15	0	.8132453	0	0	.1867547
456.15	0	.8132291	0	0	.1867709
455.15	0	.8132134	0	0	.1867866
454.15	0	.8131984	0	0	.1868016
453.15	0	.8131839	0	0	.1868161
452.15	0	.81317	0	0	.1868301
451.15	0	.8131566	0	0	.1868435
450.15	0	.8131437	0	0	.1868563
449.15	0	.8131313	0	0	.1868686
448.15	0	.8131195	0	0	.1868805
447.15	0	.8131082	0	0	.1868918
446.15	0	.8130973	0	0	.1869027
445.15	0	.813087	0	0	.186913
444.15	0	.8130771	0	0	.1869229
443.15	0	.8130676	0	0	.1869324
442.15	0	.8130586	0	0	.1869414
441.15	0	.81305	0	0	.18695
440.15	0	.8130418	0	0	.1869582
439.15	0	.813034	0	0	.186966
438.15	0	.8130266	0	0	.1869734
437.15	0	.8130196	0	0	.1869804
436.15	0	.8130129	0	0	.1869871
435.15	0	.8130066	0	0	.1869934
434.15	0	.8130006	0	0	.1869994
433.15	0	.8129949	0	0	.1870051
432.15	0	.8129895	0	0	.1870105
431.15	0	.8129844	0	0	.1870156
430.15	0	.8129796	0	0	.1870204
429.15	0	.8129751	0	0	.1870249
428.15	0	.8129708	0	0	.1870292
