T	 BPW(LIQUID)	BPW(BCC_A2)	BPW(FCC_A1)	BPW(LAVES_PHASE_C14)	BPW(NI3TI)
1473.15	.1329267	.6045019	.2625714	0	0
1472.15	.1280185	.6024879	.2694936	0	0
1471.15	.1231133	.6004884	.2763983	0	0
1470.15	.1182109	.5985033	.2832858	0	0
1469.15	.1133111	.5965326	.2901563	0	0
1468.15	.1084136	.5945763	.2970101	0	0
1467.15	.1035181	.5926343	.3038475	0	0
1466.15	.09862448	.5907067	.3106688	0	0
1465.15	.09373238	.5887933	.3174743	0	0
1464.15	.08884158	.5868943	.3242641	0	0
1463.15	.08395184	.5850095	.3310386	0	0
1462.15	.07906294	.583139	.3377981	0	0
1461.15	.07417462	.5812827	.3445427	0	0
1460.15	.06928665	.5794406	.3512727	0	0
1459.15	.06439881	.5776127	.3579885	0	0
1458.15	.05951086	.575799	.3646901	0	0
1457.15	.05462257	.5739995	.3713779	0	0
1456.15	.04973372	.5722141	.3780522	0	0
1455.15	.04484409	.5704429	.384713	0	0
1454.15	.03995346	.5686858	.3913608	0	0
1453.15	.03506161	.5669428	.3979956	0	0
1452.15	.03016832	.5652139	.4046178	0	0
1451.15	.02527338	.563499	.4112276	0	0
1450.15	.02037658	.5617983	.4178251	0	0
1449.15	.01547771	.5601116	.4244107	0	0
1448.15	.01057656	.558439	.4309844	0	0
1447.15	.005672938	.5567804	.4375467	0	0
1446.15	7.666307E-04	.5551358	.4440975	0	0
1445.994	0	.5548802	.4451198	0	0
1445.994	0	.5548802	.4451198	0	0
1445.15	0	.5534567	.4465433	0	0
1444.15	0	.5517724	.4482276	0	0
1443.15	0	.550091	.449909	0	0
1442.15	0	.5484126	.4515874	0	0
1441.15	0	.5467371	.4532629	0	0
1440.15	0	.5450646	.4549355	0	0
1439.15	0	.5433949	.4566051	0	0
1438.15	0	.5417282	.4582718	0	0
1437.15	0	.5400645	.4599355	0	0
1436.15	0	.5384037	.4615963	0	0
1435.15	0	.5367458	.4632542	0	0
1434.15	0	.5350908	.4649092	0	0
1433.15	0	.5334387	.4665613	0	0
1432.15	0	.5317896	.4682104	0	0
1431.15	0	.5301434	.4698566	0	0
1430.15	0	.5285001	.4714999	0	0
1429.15	0	.5268597	.4731403	0	0
1428.15	0	.5252222	.4747778	0	0
1427.15	0	.5235877	.4764123	0	0
1426.15	0	.521956	.478044	0	0
1425.15	0	.5203273	.4796727	0	0
1424.15	0	.5187014	.4812986	0	0
1423.15	0	.5170785	.4829215	0	0
1422.15	0	.5154585	.4845415	0	0
1421.15	0	.5138414	.4861586	0	0
1420.15	0	.5122272	.4877729	0	0
1419.15	0	.5106158	.4893842	0	0
1418.15	0	.5090074	.4909926	0	0
1417.15	0	.5074019	.4925981	0	0
1416.15	0	.5057993	.4942007	0	0
1415.15	0	.5041995	.4958005	0	0
1414.15	0	.5026027	.4973973	0	0
1413.15	0	.5010088	.4989912	0	0
1412.15	0	.4994177	.5005823	0	0
1411.15	0	.4978296	.5021705	0	0
1410.15	0	.4962443	.5037557	0	0
1409.15	0	.4946619	.5053381	0	0
1408.15	0	.4930824	.5069176	0	0
1407.15	0	.4915058	.5084942	0	0
1406.15	0	.4899321	.5100679	0	0
1405.15	0	.4883613	.5116387	0	0
1404.15	0	.4867933	.5132067	0	0
1403.15	0	.4852283	.5147717	0	0
1402.15	0	.4836661	.5163339	0	0
1401.15	0	.4821068	.5178932	0	0
1400.15	0	.4805504	.5194496	0	0
1399.15	0	.4789969	.5210031	0	0
1398.15	0	.4774463	.5225537	0	0
1397.15	0	.4758985	.5241015	0	0
1396.15	0	.4743537	.5256463	0	0
1395.15	0	.4728117	.5271883	0	0
1394.15	0	.4712726	.5287274	0	0
1393.15	0	.4697364	.5302636	0	0
1392.15	0	.4682031	.531797	0	0
1391.15	0	.4666726	.5333274	0	0
1390.15	0	.4651451	.534855	0	0
1389.15	0	.4636204	.5363796	0	0
1388.15	0	.4620986	.5379014	0	0
1387.15	0	.4605797	.5394203	0	0
1386.15	0	.4590637	.5409363	0	0
1385.15	0	.4575505	.5424495	0	0
1384.15	0	.4560403	.5439597	0	0
1383.15	0	.4545329	.5454671	0	0
1382.15	0	.4530284	.5469716	0	0
1381.15	0	.4515268	.5484732	0	0
1380.15	0	.4500281	.5499719	0	0
1379.15	0	.4485323	.5514677	0	0
1378.15	0	.4470394	.5529606	0	0
1377.15	0	.4455494	.5544506	0	0
1376.15	0	.4440623	.5559377	0	0
1375.15	0	.442578	.557422	0	0
1374.15	0	.4410967	.5589033	0	0
1373.15	0	.4396182	.5603818	0	0
1372.15	0	.4381427	.5618573	0	0
1371.15	0	.43667	.56333	0	0
1370.15	0	.4352003	.5647997	0	0
1369.15	0	.4337334	.5662666	0	0
1368.15	0	.4322694	.5677306	0	0
1367.15	0	.4308084	.5691916	0	0
1366.15	0	.4293503	.5706497	0	0
1365.15	0	.427895	.572105	0	0
1364.15	0	.4264427	.5735573	0	0
1363.15	0	.4249933	.5750067	0	0
1362.15	0	.4235468	.5764532	0	0
1361.15	0	.4221032	.5778968	0	0
1360.15	0	.4206626	.5793375	0	0
1359.15	0	.4192248	.5807752	0	0
1358.15	0	.41779	.58221	0	0
1357.15	0	.4163581	.5836419	0	0
1356.15	0	.4149291	.5850709	0	0
1355.15	0	.4135031	.5864969	0	0
1354.15	0	.4120799	.5879201	0	0
1353.15	0	.4106598	.5893402	0	0
1352.15	0	.4092425	.5907575	0	0
1351.15	0	.4078282	.5921718	0	0
1350.15	0	.4064168	.5935832	0	0
1349.15	0	.4050084	.5949916	0	0
1348.15	0	.4036029	.5963971	0	0
1347.15	0	.4022004	.5977996	0	0
1346.15	0	.4008008	.5991992	0	0
1345.15	0	.3994042	.6005958	0	0
1344.15	0	.3980106	.6019894	0	0
1343.15	0	.3966199	.6033801	0	0
1342.15	0	.3952322	.6047678	0	0
1341.15	0	.3938474	.6061526	0	0
1340.15	0	.3924656	.6075344	0	0
1339.15	0	.3910868	.6089132	0	0
1338.15	0	.389711	.610289	0	0
1337.15	0	.3883381	.6116619	0	0
1336.15	0	.3869683	.6130317	0	0
1335.15	0	.3856014	.6143986	0	0
1334.15	0	.3842375	.6157625	0	0
1333.15	0	.3828767	.6171233	0	0
1332.15	0	.3815188	.6184812	0	0
1331.15	0	.380164	.619836	0	0
1330.15	0	.3788121	.6211879	0	0
1329.15	0	.3774633	.6225367	0	0
1328.15	0	.3761175	.6238825	0	0
1327.15	0	.3747747	.6252253	0	0
1326.15	0	.373435	.626565	0	0
1325.15	0	.3720982	.6279018	0	0
1324.15	0	.3707646	.6292354	0	0
1323.15	0	.3694339	.6305661	0	0
1322.15	0	.3681064	.6318936	0	0
1321.15	0	.3667819	.6332182	0	0
1320.15	0	.3654604	.6345396	0	0
1319.15	0	.364142	.635858	0	0
1318.15	0	.3628267	.6371733	0	0
1317.15	0	.3615144	.6384856	0	0
1316.15	0	.3602053	.6397947	0	0
1315.15	0	.3588992	.6411008	0	0
1314.15	0	.3575962	.6424038	0	0
1313.15	0	.3562964	.6437036	0	0
1312.15	0	.3549996	.6450004	0	0
1311.15	0	.3537059	.6462941	0	0
1310.15	0	.3524154	.6475846	0	0
1309.15	0	.351128	.648872	0	0
1308.15	0	.3498437	.6501563	0	0
1307.15	0	.3485626	.6514374	0	0
1306.15	0	.3472846	.6527154	0	0
1305.15	0	.3460097	.6539903	0	0
1304.15	0	.344738	.655262	0	0
1303.15	0	.3434695	.6565305	0	0
1302.15	0	.3422042	.6577958	0	0
1301.15	0	.340942	.659058	0	0
1300.15	0	.339683	.660317	0	0
1299.15	0	.3384272	.6615728	0	0
1298.15	0	.3371746	.6628254	0	0
1297.15	0	.3359253	.6640748	0	0
1296.15	0	.3346791	.6653209	0	0
1295.15	0	.3334362	.6665639	0	0
1294.15	0	.3321965	.6678036	0	0
1293.15	0	.33096	.66904	0	0
1292.15	0	.3297268	.6702732	0	0
1291.15	0	.3284968	.6715032	0	0
1290.15	0	.3272701	.6727299	0	0
1289.15	0	.3260467	.6739533	0	0
1288.15	0	.3248266	.6751734	0	0
1287.15	0	.3236097	.6763903	0	0
1286.15	0	.3223962	.6776038	0	0
1285.15	0	.3211859	.6788141	0	0
1284.15	0	.319979	.680021	0	0
1283.15	0	.3187754	.6812246	0	0
1282.15	0	.3175752	.6824248	0	0
1281.15	0	.3163783	.6836217	0	0
1280.15	0	.3151847	.6848153	0	0
1279.15	0	.3139945	.6860055	0	0
1278.15	0	.3128077	.6871923	0	0
1277.15	0	.3116243	.6883757	0	0
1276.15	0	.3104443	.6895557	0	0
1275.15	0	.3092677	.6907323	0	0
1274.15	0	.3080945	.6919055	0	0
1273.15	0	.3069247	.6930753	0	0
1272.15	0	.3057584	.6942416	0	0
1271.15	0	.3045955	.6954045	0	0
1270.15	0	.3034361	.6965639	0	0
1269.15	0	.3022801	.6977199	0	0
1268.15	0	.3011277	.6988724	0	0
1267.15	0	.2999787	.7000213	0	0
1266.15	0	.2988332	.7011668	0	0
1265.15	0	.2976913	.7023087	0	0
1264.15	0	.2965528	.7034472	0	0
1263.15	0	.295418	.704582	0	0
1262.15	0	.2942866	.7057134	0	0
1261.15	0	.2931589	.7068411	0	0
1260.15	0	.2920347	.7079653	0	0
1259.15	0	.2909141	.7090859	0	0
1258.15	0	.2897971	.7102029	0	0
1257.15	0	.2886838	.7113162	0	0
1256.15	0	.287574	.712426	0	0
1255.15	0	.2864679	.7135321	0	0
1254.15	0	.2853655	.7146345	0	0
1253.15	0	.2842667	.7157333	0	0
1252.15	0	.2831717	.7168283	0	0
1251.15	0	.2820803	.7179197	0	0
1250.15	0	.2809926	.7190074	0	0
1249.15	0	.2799087	.7200913	0	0
1248.15	0	.2788285	.7211715	0	0
1247.15	0	.277752	.722248	0	0
1246.15	0	.2766794	.7233206	0	0
1245.15	0	.2756105	.7243895	0	0
1244.15	0	.2745454	.7254546	0	0
1243.15	0	.2734841	.7265159	0	0
1242.15	0	.2724267	.7275733	0	0
1241.15	0	.2713731	.7286269	0	0
1240.15	0	.2703234	.7296766	0	0
1239.15	0	.2692775	.7307225	0	0
1238.15	0	.2682356	.7317644	0	0
1237.15	0	.2671975	.7328025	0	0
1236.15	0	.2661634	.7338366	0	0
1235.15	0	.2651333	.7348667	0	0
1234.15	0	.2641071	.7358929	0	0
1233.15	0	.2630848	.7369152	0	0
1232.15	0	.2620666	.7379334	0	0
1231.15	0	.2610524	.7389476	0	0
1230.15	0	.2600422	.7399578	0	0
1229.15	0	.2590361	.7409639	0	0
1228.15	0	.2580341	.7419659	0	0
1227.15	0	.2570361	.7429639	0	0
1226.15	0	.2560422	.7439578	0	0
1225.15	0	.2550525	.7449475	0	0
1224.15	0	.2540669	.7459331	0	0
1223.15	0	.2530855	.7469145	0	0
1222.15	0	.2521082	.7478917	0	0
1221.15	0	.2511352	.7488648	0	0
1220.15	0	.2501664	.7498336	0	0
1219.15	0	.2492018	.7507982	0	0
1218.15	0	.2482415	.7517585	0	0
1217.15	0	.2472855	.7527145	0	0
1216.15	0	.2463338	.7536662	0	0
1215.15	0	.2453864	.7546136	0	0
1214.15	0	.2444433	.7555567	0	0
1213.15	0	.2435047	.7564953	0	0
1212.15	0	.2425704	.7574296	0	0
1211.15	0	.2416405	.7583595	0	0
1210.15	0	.2407151	.7592849	0	0
1209.15	0	.2397941	.7602059	0	0
1208.15	0	.2388776	.7611224	0	0
1207.15	0	.2379656	.7620344	0	0
1206.15	0	.2370581	.7629419	0	0
1205.15	0	.2361552	.7638448	0	0
1204.15	0	.2352568	.7647432	0	0
1203.15	0	.2343631	.7656369	0	0
1202.15	0	.233474	.766526	0	0
1201.15	0	.2325895	.7674105	0	0
1200.15	0	.2317097	.7682903	0	0
1199.15	0	.2308346	.7691654	0	0
1198.15	0	.2299642	.7700358	0	0
1197.15	0	.2290985	.7709015	0	0
1196.15	0	.2282376	.7717624	0	0
1195.15	0	.2273816	.7726184	0	0
1194.15	0	.2265303	.7734697	0	0
1193.15	0	.2256839	.7743161	0	0
1192.15	0	.2248424	.7751576	0	0
1191.15	0	.2240058	.7759942	0	0
1190.15	0	.2231741	.7768259	0	0
1189.15	0	.2223474	.7776526	0	0
1188.15	0	.2215257	.7784743	0	0
1187.15	0	.220709	.779291	0	0
1186.15	0	.2198974	.7801027	0	0
1185.15	0	.2190908	.7809092	0	0
1184.15	0	.2182893	.7817107	0	0
1183.15	0	.217493	.782507	0	0
1182.15	0	.2167018	.7832982	0	0
1181.15	0	.2159158	.7840842	0	0
1180.15	0	.215135	.784865	0	0
1179.15	0	.2143596	.7856405	0	0
1178.15	0	.2135893	.7864107	0	0
1177.15	0	.2128245	.7871756	0	0
1176.15	0	.2120649	.7879351	0	0
1175.15	0	.2113108	.7886892	0	0
1174.15	0	.210562	.789438	0	0
1173.15	0	.2098187	.7901813	0	0
1172.15	0	.2090809	.7909191	0	0
1171.15	0	.2083486	.7916514	0	0
1170.15	0	.2076219	.7923781	0	0
1169.15	0	.2069007	.7930993	0	0
1168.15	0	.2061852	.7938148	0	0
1167.15	0	.2054753	.7945247	0	0
1166.15	0	.2047711	.795229	0	0
1165.15	0	.2040726	.7959274	0	0
1164.15	0	.2033798	.7966202	0	0
1163.15	0	.2026929	.7973071	0	0
1162.15	0	.2020118	.7979882	0	0
1161.15	0	.2013366	.7986634	0	0
1160.15	0	.2006672	.7993328	0	0
1159.15	0	.2000039	.7999962	0	0
1158.15	0	.1993465	.8006536	0	0
1157.15	0	.1986951	.8013049	0	0
1156.15	0	.1980497	.8019503	0	0
1155.15	0	.1974105	.8025895	0	0
1154.15	0	.1967773	.8032227	0	0
1153.15	0	.1961504	.8038496	0	0
1152.15	0	.1955297	.8044703	0	0
1151.15	0	.1949153	.8050847	0	0
1150.15	0	.1943071	.8056929	0	0
1149.15	0	.1937053	.8062947	0	0
1148.15	0	.1931099	.8068901	0	0
1147.844	0	.192929	.807071	0	0
1147.844	0	.192929	.807071	0	0
1147.844	0	.192929	.807071	0	0
1147.15	0	.1921906	.8075467	2.626214E-04	0
1146.15	0	.1911326	.8082271	6.403069E-04	0
1145.15	0	.1900815	.8089014	.001017106	0
1144.15	0	.1890373	.8095697	.001393021	0
1143.15	0	.1880002	.8102318	.001768055	0
1142.15	0	.1869701	.8108877	.002142209	0
1141.15	0	.1859471	.8115374	.002515485	0
1140.15	0	.1849312	.8121809	.002887886	0
1139.15	0	.1839224	.8128182	.003259414	0
1138.15	0	.1829208	.8134491	.00363007	0
1137.15	0	.1819265	.8140737	.003999858	0
1136.15	0	.1809393	.8146919	.004368778	0
1135.15	0	.1799595	.8153037	.004736833	0
1134.15	0	.178987	.815909	.005104024	0
1133.15	0	.1780218	.8165078	.005470355	0
1132.15	0	.1770641	.8171001	.005835826	0
1131.15	0	.1761137	.8176858	.006200439	0
1130.15	0	.1751709	.8182649	.006564197	0
1129.15	0	.1742356	.8188373	.006927102	0
1128.15	0	.1733078	.8194031	.007289154	0
1127.15	0	.1723876	.8199621	.007650355	0
1126.15	0	.171475	.8205143	.008010709	0
1125.15	0	.1705702	.8210596	.008370216	0
1124.15	0	.169673	.8215981	.008728877	0
1123.15	0	.1687836	.8221297	.009086695	0
1122.15	0	.167902	.8226543	.009443672	0
1121.15	0	.1670283	.8231719	.009799808	0
1120.15	0	.1661624	.8236825	.01015511	0
1119.15	0	.1653045	.824186	.01050957	0
1118.15	0	.1644546	.8246823	.01086319	0
1117.15	0	.1636126	.8251714	.01121598	0
1116.15	0	.1627788	.8256533	.01156794	0
1115.15	0	.1619531	.8261278	.01191907	0
1114.15	0	.1611355	.8265951	.01226937	0
1113.15	0	.1603262	.827055	.01261884	0
1112.15	0	.1595251	.8275074	.01296748	0
1111.15	0	.1587324	.8279523	.0133153	0
1110.15	0	.157948	.8283897	.01366229	0
1109.15	0	.157172	.8288195	.01400846	0
1108.15	0	.1564045	.8292417	.01435381	0
1107.15	0	.1556455	.8296561	.01469833	0
1106.15	0	.1548951	.8300629	.01504204	0
1105.15	0	.1541533	.8304618	.01538493	0
1104.15	0	.1534202	.8308528	.015727	0
1103.15	0	.1526958	.8312359	.01606826	0
1102.15	0	.1519802	.8316111	.0164087	0
1101.15	0	.1512734	.8319782	.01674832	0
1100.15	0	.1505756	.8323373	.01708714	0
1099.15	0	.1498867	.8326882	.01742514	0
1098.15	0	.1492068	.8330309	.01776233	0
1097.15	0	.1485359	.8333654	.0180987	0
1096.15	0	.1478743	.8336915	.01843427	0
1095.15	0	.1472217	.8340092	.01876903	0
1094.15	0	.1465785	.8343185	.01910298	0
1093.15	0	.1459445	.8346194	.01943613	0
1092.15	0	.14532	.8349116	.01976846	0
1091.15	0	.1447048	.8351952	.0201	0
1090.15	0	.1440992	.8354701	.02043072	0
1089.15	0	.1435031	.8357363	.02076064	0
1088.15	0	.1429166	.8359937	.02108976	0
1087.15	0	.1423398	.8362421	.02141807	0
1086.15	0	.1417728	.8364816	.02174557	0
1085.15	0	.1412156	.8367121	.02207228	0
1084.15	0	.1406683	.8369336	.02239818	0
1083.15	0	.1401309	.8371458	.02272328	0
1082.15	0	.1396036	.8373489	.02304758	0
1081.15	0	.1390863	.8375426	.02337107	0
1080.15	0	.1385792	.837727	.02369376	0
1079.15	0	.1380824	.837902	.02401566	0
1078.15	0	.1375958	.8380674	.02433674	0
1077.15	0	.1371197	.8382233	.02465703	0
1076.15	0	.1366539	.8383696	.02497652	0
1075.15	0	.1361987	.8385061	.02529521	0
1074.15	0	.1357541	.8386328	.02561309	0
1073.15	0	.1353202	.8387497	.02593017	0
1072.15	0	.134897	.8388566	.02624645	0
1071.15	0	.1344846	.8389535	.02656193	0
1070.15	0	.1340831	.8390403	.02687661	0
1069.15	0	.1336926	.8391169	.02719048	0
1068.15	0	.1333132	.8391833	.02750355	0
1067.15	0	.1329449	.8392393	.02781582	0
1066.15	0	.1325878	.839285	.02812728	0
1065.15	0	.132242	.8393201	.02843794	0
1064.15	0	.1319075	.8393447	.02874779	0
1063.15	0	.1315846	.8393586	.02905684	0
1062.15	0	.1312731	.8393618	.02936508	0
1061.15	0	.1309733	.8393542	.02967252	0
1060.15	0	.1306852	.8393356	.02997915	0
1059.15	0	.1304089	.8393061	.03028497	0
1058.15	0	.1301445	.8392656	.03058997	0
1057.15	0	.129892	.8392139	.03089417	0
1056.15	0	.1296516	.8391509	.03119756	0
1055.15	0	.1294233	.8390766	.03150014	0
1054.15	0	.1292072	.8389909	.0318019	0
1053.15	0	.1290034	.8388937	.03210285	0
1052.15	0	.1288121	.8387849	.03240298	0
1051.15	0	.1286332	.8386645	.03270229	0
1050.15	0	.1284669	.8385323	.03300079	0
1049.15	0	.1283133	.8383882	.03329846	0
1048.15	0	.1281725	.8382322	.03359532	0
1047.15	0	.1280445	.8380641	.03389135	0
1046.15	0	.1279295	.837884	.03418656	0
1045.15	0	.1278275	.8376916	.03448094	0
1044.15	0	.1277387	.8374868	.03477449	0
1043.15	0	.1276631	.8372697	.03506721	0
1042.15	0	.1276008	.8370401	.0353591	0
1041.15	0	.1275519	.8367979	.03565016	0
1040.15	0	.1275166	.836543	.03594038	0
1039.15	0	.1274949	.8362754	.03622976	0
1038.15	0	.1274869	.8359948	.0365183	0
1037.15	0	.1274927	.8357013	.036806	0
1036.15	0	.1275124	.8353947	.03709286	0
1035.15	0	.1275462	.8350749	.03737887	0
1034.15	0	.1275941	.8347419	.03766402	0
1033.15	0	.1276561	.8343955	.03794833	0
1032.15	0	.1277325	.8340357	.03823178	0
1031.15	0	.1278233	.8336623	.03851437	0
1030.15	0	.1279286	.8332753	.03879611	0
1029.15	0	.1280486	.8328744	.03907698	0
1028.15	0	.1281832	.8324598	.03935698	0
1027.15	0	.1283327	.8320312	.03963611	0
1026.15	0	.1284971	.8315886	.03991437	0
1025.15	0	.1286765	.8311317	.04019176	0
1024.15	0	.128871	.8306607	.04046826	0
1023.15	0	.1290808	.8301753	.04074389	0
1022.15	0	.1293059	.8296755	.04101862	0
1021.15	0	.1295465	.8291611	.04129247	0
1020.15	0	.1298026	.828632	.04156542	0
1019.15	0	.1300743	.8280882	.04183747	0
1018.15	0	.1303618	.8275296	.04210863	0
1017.15	0	.1306651	.826956	.04237888	0
1016.15	0	.1309844	.8263674	.04264821	0
1015.15	0	.1313198	.8257636	.04291664	0
1014.15	0	.1316713	.8251446	.04318414	0
1013.15	0	.1320391	.8245102	.04345073	0
1012.15	0	.1324232	.8238604	.04371638	0
1011.15	0	.1328238	.823195	.04398111	0
1010.15	0	.1332411	.822514	.04424489	0
1009.15	0	.133675	.8218173	.04450774	0
1008.15	0	.1341256	.8211047	.04476964	0
1007.15	0	.1345932	.8203762	.04503058	0
1006.15	0	.1350777	.8196317	.04529057	0
1005.15	0	.1355794	.818871	.04554959	0
1004.15	0	.1360982	.8180941	.04580765	0
1003.15	0	.1366343	.8173009	.04606473	0
1002.15	0	.1371878	.8164913	.04632084	0
1001.15	0	.1377588	.8156652	.04657595	0
1000.15	0	.1383474	.8148225	.04683008	0
999.15	0	.1389537	.8139631	.04708321	0
998.15	0	.1395778	.8130869	.04733533	0
997.15	0	.1402197	.8121938	.04758644	0
996.15	0	.1408797	.8112838	.04783653	0
995.15	0	.1415577	.8103567	.0480856	0
994.15	0	.1422538	.8094125	.04833364	0
993.15	0	.1429683	.8084511	.04858064	0
992.15	0	.1437011	.8074723	.04882659	0
991.15	0	.1444523	.8064762	.04907149	0
990.15	0	.1452221	.8054626	.04931533	0
989.15	0	.1460104	.8044315	.0495581	0
988.15	0	.1468175	.8033827	.04979979	0
987.15	0	.1476434	.8023162	.0500404	0
986.15	0	.1484882	.8012319	.05027992	0
985.15	0	.1493519	.8001297	.05051833	0
984.15	0	.1502347	.7990097	.05075563	0
983.15	0	.1511366	.7978716	.05099181	0
982.15	0	.1520577	.7967154	.05122687	0
981.15	0	.1529981	.7955411	.05146078	0
980.15	0	.1539579	.7943486	.05169355	0
979.15	0	.154937	.7931378	.05192516	0
978.15	0	.1559357	.7919087	.05215561	0
977.15	0	.156954	.7906612	.05238487	0
976.15	0	.1579918	.7893952	.05261295	0
975.15	0	.1590494	.7881107	.05283984	0
974.15	0	.1601268	.7868077	.05306551	0
973.15	0	.1612239	.7854861	.05328996	0
972.15	0	.162341	.7841458	.05351318	0
971.15	0	.163478	.7827868	.05373516	0
970.15	0	.164635	.7814091	.05395588	0
969.15	0	.165812	.7800126	.05417534	0
968.15	0	.1670092	.7785973	.05439351	0
967.15	0	.1682264	.7771632	.0546104	0
966.15	0	.1694639	.7757101	.05482598	0
965.15	0	.1707216	.7742382	.05504024	0
964.15	0	.1719995	.7727473	.05525316	0
963.15	0	.1732978	.7712375	.05546475	0
962.15	0	.1746163	.7697087	.05567497	0
961.15	0	.1759552	.768161	.05588382	0
960.15	0	.1773145	.7665942	.05609127	0
959.15	0	.1786942	.7650084	.05629733	0
958.15	0	.1800944	.7634037	.05650196	0
957.15	0	.1815149	.7617799	.05670516	0
956.15	0	.1829559	.7601372	.0569069	0
955.15	0	.1844174	.7584754	.05710717	0
954.15	0	.1858993	.7567947	.05730596	0
953.15	0	.1874017	.755095	.05750324	0
952.15	0	.1889246	.7533764	.057699	0
951.15	0	.1904679	.7516389	.05789322	0
950.15	0	.1920316	.7498825	.05808589	0
949.15	0	.1936158	.7481072	.05827697	0
948.15	0	.1952204	.7463132	.05846645	0
947.15	0	.1968454	.7445003	.05865431	0
946.15	0	.1984907	.7426688	.05884054	0
945.15	0	.2001564	.7408185	.0590251	0
944.15	0	.2018423	.7389497	.05920798	0
943.15	0	.2035485	.7370623	.05938915	0
942.15	0	.205275	.7351565	.0595686	0
941.15	0	.2070215	.7332322	.05974628	0
940.15	0	.2087882	.7312896	.0599222	0
939.15	0	.2105749	.7293288	.06009631	0
938.15	0	.2123817	.7273498	.06026859	0
937.15	0	.2142083	.7253527	.06043902	0
936.15	0	.2160547	.7233377	.06060757	0
935.15	0	.217921	.7213048	.0607742	0
934.15	0	.2198069	.7192542	.0609389	0
933.15	0	.2217124	.717186	.06110163	0
932.15	0	.2236374	.7151003	.06126237	0
931.15	0	.2255817	.7129972	.06142107	0
930.15	0	.2275454	.7108769	.06157771	0
929.15	0	.2295282	.7087396	.06173225	0
928.15	0	.2315301	.7065853	.06188467	0
927.15	0	.2335509	.7044142	.06203492	0
926.15	0	.2355905	.7022266	.06218297	0
925.15	0	.2376487	.7000225	.06232878	0
924.15	0	.2397255	.6978022	.06247232	0
923.15	0	.2418206	.6955659	.06261354	0
922.15	0	.243934	.6933137	.0627524	0
921.15	0	.2460653	.6910458	.06288885	0
920.15	0	.2482146	.6887626	.06302287	0
919.15	0	.2503815	.6864641	.06315439	0
918.15	0	.252566	.6841507	.06328338	0
917.15	0	.2547677	.6818225	.06340978	0
916.15	0	.2569866	.6794799	.06353354	0
915.15	0	.259159	.67719	.063651	0
914.15	0	.2613323	.6749048	.06376294	0
913.15	0	.2635504	.672578	.0638716	0
912.15	0	.2658105	.6702125	.06397701	0
911.15	0	.26811	.6678107	.06407923	0
910.15	0	.2704465	.6653752	.06417828	0
909.15	0	.2728175	.6629083	.0642742	0
908.15	0	.2752206	.6604124	.06436703	0
907.15	0	.2776538	.6578894	.06445679	0
906.15	0	.2801148	.6553416	.06454354	0
905.15	0	.2826018	.6527709	.06462729	0
904.15	0	.2851127	.6501792	.06470807	0
903.15	0	.2876457	.6475683	.06478593	0
902.15	0	.2901991	.64494	.06486088	0
901.15	0	.2927711	.6422959	.06493296	0
900.15	0	.2953601	.6396377	.0650022	0
899.15	0	.2979645	.6369669	.06506862	0
898.15	0	.3005828	.634285	.06513226	0
897.15	0	.3032135	.6315934	.06519314	0
896.15	0	.3058552	.6288935	.06525129	0
895.15	0	.3085066	.6261867	.06530674	0
894.15	0	.3111663	.6234742	.06535951	0
893.15	0	.3138332	.6207572	.06540964	0
892.15	0	.3165059	.6180369	.06545715	0
891.15	0	.3191834	.6153146	.06550206	0
890.15	0	.3218644	.6125912	.06554441	0
889.15	0	.3245479	.6098679	.06558422	0
888.15	0	.3272328	.6071457	.06562152	0
887.15	0	.3299182	.6044255	.06565634	0
886.15	0	.332603	.6017083	.0656887	0
885.15	0	.3352864	.598995	.06571864	0
884.15	0	.3379673	.5962865	.06574617	0
883.15	0	.340645	.5935837	.06577134	0
882.15	0	.3433185	.5908873	.06579416	0
881.15	0	.3459871	.5881982	.06581467	0
880.15	0	.34865	.5855171	.06583289	0
879.15	0	.3513064	.5828448	.06584886	0
878.15	0	.3539556	.5801818	.0658626	0
877.15	0	.3565969	.577529	.06587414	0
876.15	0	.3592296	.5748869	.06588351	0
875.15	0	.3618531	.5722562	.06589074	0
874.15	0	.3644668	.5696374	.06589586	0
873.15	0	.36707	.5670311	.0658989	0
872.15	0	.3696622	.5644379	.06589989	0
871.15	0	.3722429	.5618582	.06589886	0
870.15	0	.3748115	.5592926	.06589584	0
869.15	0	.3773676	.5567416	.06589086	0
868.15	0	.3799106	.5542055	.06588396	0
867.15	0	.3824401	.5516848	.06587515	0
866.15	0	.3849556	.5491799	.06586448	0
865.15	0	.3874568	.5466912	.06585197	0
864.15	0	.3899433	.5442191	.06583766	0
863.15	0	.3924146	.5417638	.06582157	0
862.15	0	.3948705	.5393258	.06580374	0
861.15	0	.3973106	.5369052	.06578419	0
860.15	0	.3997346	.5345024	.06576296	0
859.15	0	.4021422	.5321177	.06574008	0
858.15	0	.4045331	.5297513	.06571557	0
857.15	0	.4069071	.5274034	.06568948	0
856.15	0	.4092639	.5250742	.06566182	0
855.15	0	.4116034	.522764	.06563264	0
854.15	0	.4139252	.5204729	.06560195	0
853.15	0	.4162292	.518201	.06556979	0
852.15	0	.4185153	.5159485	.06553619	0
851.15	0	.4207833	.5137155	.06550118	0
850.15	0	.423033	.5115022	.06546479	0
849.15	0	.4252643	.5093087	.06542705	0
848.15	0	.4274771	.5071349	.06538797	0
847.15	0	.4296713	.5049811	.06534761	0
846.15	0	.4318468	.5028472	.06530597	0
845.15	0	.4340035	.5007334	.0652631	0
844.15	0	.4361415	.4986395	.06521901	0
843.15	0	.4382605	.4965658	.06517374	0
842.15	0	.4403606	.4945121	.0651273	0
841.15	0	.4424418	.4924785	.06507974	0
840.15	0	.444504	.4904649	.06503107	0
839.15	0	.4465473	.4884714	.06498132	0
838.15	0	.4485716	.4864979	.06493051	0
837.15	0	.450577	.4845444	.06487868	0
836.15	0	.4525634	.4826108	.06482584	0
835.15	0	.454531	.480697	.06477202	0
834.15	0	.4564797	.4788031	.06471724	0
833.15	0	.4584097	.4769288	.06466153	0
832.15	0	.4603209	.4750742	.06460491	0
831.15	0	.4622134	.4732392	.0645474	0
830.15	0	.4640873	.4714237	.06448903	0
829.15	0	.4659427	.4696275	.06442981	0
828.15	0	.4677797	.4678505	.06436977	0
827.15	0	.4695983	.4660927	.06430893	0
826.15	0	.4713987	.464354	.06424731	0
825.15	0	.4731809	.4626341	.06418494	0
824.15	0	.4749451	.4609331	.06412182	0
823.15	0	.4766914	.4592506	.06405798	0
822.15	0	.4784198	.4575867	.06399344	0
821.15	0	.4801305	.4559412	.06392823	0
820.15	0	.4818237	.4543139	.06386234	0
819.15	0	.4834994	.4527048	.06379582	0
818.15	0	.4851578	.4511136	.06372866	0
817.15	0	.486799	.4495401	.0636609	0
816.15	0	.4884231	.4479844	.06359254	0
815.15	0	.4900303	.4464461	.06352361	0
814.15	0	.4916207	.4449251	.06345412	0
813.15	0	.4931945	.4434214	.06338408	0
812.15	0	.4947518	.4419347	.06331352	0
811.15	0	.4962928	.4404648	.06324244	0
810.15	0	.4978175	.4390116	.06317087	0
809.15	0	.4993262	.437575	.06309882	0
808.15	0	.5008189	.4361548	.0630263	0
807.15	0	.5022959	.4347508	.06295333	0
806.15	0	.5037572	.4333628	.06287991	0
805.15	0	.5052031	.4319908	.06280608	0
804.15	0	.5066337	.4306345	.06273183	0
803.15	0	.5080491	.4292937	.06265718	0
802.15	0	.5094495	.4279683	.06258215	0
801.15	0	.5108351	.4266582	.06250674	0
800.15	0	.5122059	.4253632	.06243097	0
799.15	0	.5135621	.424083	.06235486	0
798.15	0	.5149039	.4228177	.06227841	0
797.15	0	.5162315	.4215669	.06220163	0
796.15	0	.5175449	.4203305	.06212455	0
795.15	0	.5188444	.4191085	.06204716	0
794.15	0	.52013	.4179005	.06196948	0
793.15	0	.521402	.4167065	.06189152	0
792.15	0	.5226604	.4155263	.0618133	0
791.15	0	.5239054	.4143598	.06173481	0
790.15	0	.5251372	.4132067	.06165608	0
789.15	0	.5263559	.412067	.06157711	0
788.15	0	.5275617	.4109404	.06149791	0
787.15	0	.5287546	.4098269	.06141849	0
786.15	0	.5299348	.4087263	.06133887	0
785.15	0	.5311025	.4076384	.06125905	0
784.15	0	.5322578	.4065631	.06117903	0
783.15	0	.5334009	.4055003	.06109884	0
782.15	0	.5345318	.4044497	.06101847	0
781.15	0	.5356507	.4034113	.06093795	0
780.15	0	.5367578	.402385	.06085726	0
779.15	0	.5378531	.4013705	.06077643	0
778.15	0	.5389369	.4003677	.06069546	0
777.15	0	.5400091	.3993765	.06061437	0
776.15	0	.5410701	.3983968	.06053315	0
775.15	0	.5421198	.3974284	.06045181	0
774.15	0	.5431584	.3964712	.06037037	0
773.15	0	.5441861	.3955251	.06028883	0
772.15	0	.5452029	.3945899	.0602072	0
771.15	0	.546209	.3936655	.06012548	0
770.15	0	.5472045	.3927518	.06004368	0
769.15	0	.5481896	.3918486	.05996182	0
768.15	0	.5491642	.3909559	.05987989	0
767.15	0	.5501287	.3900734	.0597979	0
766.15	0	.551083	.3892012	.05971586	0
765.15	0	.5520272	.388339	.05963377	0
764.15	0	.5529616	.3874867	.05955165	0
763.15	0	.5538862	.3866443	.05946949	0
762.15	0	.5548012	.3858115	.05938731	0
761.15	0	.5557065	.3849884	.05930511	0
760.15	0	.5566024	.3841747	.05922289	0
759.15	0	.5574889	.3833704	.05914066	0
758.15	0	.5583662	.3825754	.05905842	0
757.15	0	.5592344	.3817895	.05897619	0
756.15	0	.5600935	.3810126	.05889396	0
755.15	0	.5609436	.3802446	.05881174	0
754.15	0	.561785	.3794855	.05872954	0
753.15	0	.5626176	.3787351	.05864736	0
752.15	0	.5634415	.3779933	.0585652	0
751.15	0	.5642569	.37726	.05848307	0
750.15	0	.5650639	.3765351	.05840098	0
749.15	0	.5658625	.3758186	.05831892	0
748.15	0	.5666529	.3751102	.05823691	0
747.15	0	.5674351	.3744099	.05815494	0
746.15	0	.5682092	.3737177	.05807303	0
745.15	0	.5689754	.3730334	.05799116	0
744.15	0	.5697337	.3723569	.05790936	0
743.15	0	.5704842	.3716882	.05782761	0
742.15	0	.571227	.3710271	.05774593	0
741.15	0	.5719621	.3703735	.05766432	0
740.15	0	.5726898	.3697274	.05758278	0
739.15	0	.57341	.3690887	.05750132	0
738.15	0	.5741228	.3684573	.05741993	0
737.15	0	.5748283	.3678331	.05733862	0
736.15	0	.5755267	.3672159	.0572574	0
735.15	0	.5762179	.3666059	.05717626	0
734.15	0	.5769021	.3660027	.05709522	0
733.15	0	.5775793	.3654064	.05701426	0
732.7675	0	.5778365	.3651802	.05698332	0
732.7675	0	.5778365	.3651802	.05698332	0
732.7675	0	.5778365	.3651802	.05698332	0
732.15	0	.5794475	.3629876	.05629516	.001269766
731.15	0	.5820179	.3594813	.05519109	.003309688
730.15	0	.5845418	.3560289	.05409961	.005329716
729.15	0	.58702	.3526293	.0530205	.007330135
728.15	0	.5894536	.3492816	.05195358	.009311226
727.15	0	.5918435	.3459846	.05089864	.01127327
726.15	0	.5941904	.3427376	.04985549	.01321653
725.15	0	.5964954	.3395394	.04882394	.01514128
724.15	0	.5987592	.3363892	.0478038	.01704778
723.15	0	.6009827	.3332861	.04679489	.01893629
722.15	0	.6031668	.3302291	.04579701	.02080708
721.15	0	.6053121	.3272175	.04481001	.02266039
720.15	0	.6074196	.3242502	.04383369	.02449647
719.15	0	.60949	.3213266	.04286789	.02631556
718.15	0	.611524	.3184457	.04191242	.02811791
717.15	0	.6135223	.3156068	.04096714	.02990376
716.15	0	.6154858	.312809	.04003187	.03167333
715.15	0	.617415	.3100517	.03910644	.03342686
714.15	0	.6193108	.3073339	.0381907	.03516457
713.15	0	.6211737	.3046551	.0372845	.0368867
712.15	0	.6230045	.3020144	.03638767	.03859345
711.15	0	.6248038	.2994111	.03550006	.04028504
710.15	0	.6265722	.2968446	.03462154	.0419617
709.15	0	.6283103	.2943141	.03375194	.04362362
708.15	0	.6300188	.291819	.03289113	.04527102
707.15	0	.6316983	.2893587	.03203896	.0469041
706.15	0	.6333493	.2869324	.03119529	.04852305
705.15	0	.6349724	.2845395	.03035999	.05012809
704.15	0	.6365683	.2821794	.02953292	.05171939
703.15	0	.6381373	.2798516	.02871395	.05329716
702.15	0	.6396801	.2775554	.02790296	.05486158
701.15	0	.6411972	.2752902	.0270998	.05641284
700.15	0	.642689	.2730555	.02630436	.05795111
699.15	0	.6441562	.2708507	.02551652	.05947659
698.15	0	.6455992	.2686752	.02473614	.06098944
697.15	0	.6470185	.2665286	.02396313	.06248984
696.15	0	.6484144	.2644102	.02319734	.06397797
695.15	0	.6497876	.2623197	.02243868	.06545399
694.15	0	.6511385	.2602564	.02168704	.06691807
693.15	0	.6524675	.2582199	.02094229	.06837037
692.15	0	.653775	.2562097	.02020433	.06981106
691.15	0	.6550614	.2542253	.01947305	.07124029
690.15	0	.6563272	.2522662	.01874835	.07265822
689.15	0	.6575728	.2503321	.01803013	.074065
688.15	0	.6587986	.2484224	.01731828	.07546079
687.15	0	.6600049	.2465367	.01661271	.07684573
686.15	0	.6611921	.2446746	.01591332	.07821998
685.15	0	.6623607	.2428356	.01522	.07958367
684.15	0	.6635109	.2410195	.01453268	.08093695
683.15	0	.6646432	.2392256	.01385125	.08227997
682.15	0	.6657578	.2374537	.01317563	.08361285
681.15	0	.6668551	.2357034	.01250572	.08493573
680.15	0	.6679355	.2339743	.01184144	.08624875
679.15	0	.6689993	.232266	.0111827	.08755205
678.15	0	.6700468	.2305781	.01052943	.08884574
677.15	0	.6710782	.2289103	.009881522	.09012997
676.15	0	.672094	.2272622	.009238913	.09140484
675.15	0	.6730944	.2256336	.008601518	.0926705
674.15	0	.6740797	.224024	.007969258	.09392705
673.15	0	.6750502	.2224331	.007342057	.09517463
672.15	0	.6760062	.2208606	.006719839	.09641335
671.15	0	.6769479	.2193063	.006102529	.09764332
670.15	0	.6778756	.2177696	.005490055	.09886467
669.15	0	.6787897	.2162505	.004882344	.1000775
668.15	0	.6796902	.2147485	.004279327	.1012819
667.15	0	.6805776	.2132634	.003680934	.1024781
666.15	0	.681452	.2117949	.003087097	.103666
665.15	0	.6823137	.2103427	.002497749	.1048459
664.15	0	.6831629	.2089065	.001912826	.1060178
663.15	0	.6839999	.2074861	.001332262	.1071818
662.15	0	.6848273	.2060788	7.548938E-04	.1083391
661.15	0	.6856401	.2046894	1.830037E-04	.1094875
660.8285	0	.685899	.2042458	0	.1098552
660.8285	0	.685899	.2042458	0	.1098552
660.15	0	.6860121	.2039169	0	.110071
659.15	0	.6861763	.2034371	0	.1103866
658.15	0	.6863375	.2029632	0	.1106993
657.15	0	.6864958	.2024949	0	.1110093
656.15	0	.6866513	.2020323	0	.1113164
655.15	0	.6868039	.2015753	0	.1116208
654.15	0	.6869538	.2011238	0	.1119225
653.15	0	.6871009	.2006777	0	.1122214
652.15	0	.6872453	.200237	0	.1125178
651.15	0	.687387	.1998016	0	.1128114
650.15	0	.6875261	.1993714	0	.1131026
649.15	0	.6876626	.1989463	0	.1133911
648.15	0	.6877966	.1985264	0	.1136771
647.15	0	.687928	.1981114	0	.1139606
646.15	0	.688057	.1977014	0	.1142416
645.15	0	.6881835	.1972963	0	.1145202
644.15	0	.6883076	.196896	0	.1147963
643.15	0	.6884294	.1965005	0	.1150701
642.15	0	.6885488	.1961097	0	.1153415
641.15	0	.6886659	.1957235	0	.1156106
640.15	0	.6887807	.1953419	0	.1158774
639.15	0	.6888933	.1949648	0	.1161419
638.15	0	.6890037	.1945921	0	.1164042
637.15	0	.6891119	.1942238	0	.1166642
636.15	0	.689218	.1938599	0	.1169221
635.15	0	.6893219	.1935003	0	.1171778
634.15	0	.6894238	.1931448	0	.1174314
633.15	0	.6895236	.1927936	0	.1176828
632.15	0	.6896214	.1924465	0	.1179322
631.15	0	.6897172	.1921034	0	.1181795
630.15	0	.689811	.1917643	0	.1184248
629.15	0	.6899028	.1914292	0	.118668
628.15	0	.6899928	.191098	0	.1189093
627.15	0	.6900808	.1907706	0	.1191486
626.15	0	.690167	.190447	0	.119386
625.15	0	.6902513	.1901272	0	.1196215
624.15	0	.6903339	.1898111	0	.1198551
623.15	0	.6904146	.1894986	0	.1200868
622.15	0	.6904936	.1891897	0	.1203167
621.15	0	.6905708	.1888844	0	.1205448
620.15	0	.6906463	.1885826	0	.1207711
619.15	0	.6907202	.1882843	0	.1209956
618.15	0	.6907923	.1879893	0	.1212184
617.15	0	.6908628	.1876978	0	.1214394
616.15	0	.6909317	.1874096	0	.1216587
615.15	0	.690999	.1871246	0	.1218764
614.15	0	.6910647	.1868429	0	.1220924
613.15	0	.6911288	.1865644	0	.1223068
612.15	0	.6911915	.1862891	0	.1225195
611.15	0	.6912525	.1860168	0	.1227307
610.15	0	.6913121	.1857477	0	.1229402
609.15	0	.6913702	.1854815	0	.1231482
608.15	0	.6914269	.1852184	0	.1233547
607.15	0	.6914821	.1849582	0	.1235597
606.15	0	.6915359	.1847009	0	.1237632
605.15	0	.6915883	.1844465	0	.1239652
604.15	0	.6916393	.184195	0	.1241657
603.15	0	.691689	.1839462	0	.1243648
602.15	0	.6917373	.1837002	0	.1245625
601.15	0	.6917843	.1834569	0	.1247588
600.15	0	.69183	.1832163	0	.1249537
599.15	0	.6918744	.1829784	0	.1251473
598.15	0	.6919175	.182743	0	.1253394
597.15	0	.6919594	.1825103	0	.1255303
596.15	0	.692	.1822801	0	.1257199
595.15	0	.6920394	.1820524	0	.1259081
594.15	0	.6920776	.1818272	0	.1260951
593.15	0	.6921146	.1816045	0	.1262809
592.15	0	.6921505	.1813842	0	.1264654
591.15	0	.6921851	.1811662	0	.1266486
590.15	0	.6922187	.1809506	0	.1268307
589.15	0	.6922511	.1807373	0	.1270116
588.15	0	.6922824	.1805264	0	.1271913
587.15	0	.6923126	.1803176	0	.1273698
586.15	0	.6923417	.1801111	0	.1275472
585.15	0	.6923698	.1799068	0	.1277235
584.15	0	.6923967	.1797047	0	.1278986
583.15	0	.6924227	.1795047	0	.1280727
582.15	0	.6924476	.1793068	0	.1282456
581.15	0	.6924716	.1791109	0	.1284175
580.15	0	.6924945	.1789172	0	.1285883
579.15	0	.6925164	.1787255	0	.1287581
578.15	0	.6925374	.1785357	0	.1289269
577.15	0	.6925574	.1783479	0	.1290947
576.15	0	.6925764	.1781621	0	.1292615
575.15	0	.6925946	.1779782	0	.1294272
574.15	0	.6926118	.1777962	0	.1295921
573.15	0	.6926281	.177616	0	.1297559
572.15	0	.6926435	.1774377	0	.1299188
571.15	0	.692658	.1772612	0	.1300808
570.15	0	.6926716	.1770865	0	.1302418
569.15	0	.6926844	.1769136	0	.130402
568.15	0	.6926964	.1767424	0	.1305613
567.15	0	.6927075	.1765729	0	.1307196
566.15	0	.6927178	.1764051	0	.1308772
565.15	0	.6927272	.176239	0	.1310338
564.15	0	.6927359	.1760745	0	.1311896
563.15	0	.6927438	.1759116	0	.1313446
562.15	0	.6927509	.1757504	0	.1314988
561.15	0	.6927572	.1755907	0	.1316521
560.15	0	.6927627	.1754326	0	.1318046
559.15	0	.6927676	.175276	0	.1319564
558.15	0	.6927717	.1751209	0	.1321074
557.15	0	.692775	.1749674	0	.1322576
556.15	0	.6927777	.1748153	0	.1324071
555.15	0	.6927796	.1746646	0	.1325558
554.15	0	.6927808	.1745154	0	.1327038
553.15	0	.6927814	.1743675	0	.1328511
552.15	0	.6927813	.1742211	0	.1329976
551.15	0	.6927805	.1740761	0	.1331435
550.15	0	.692779	.1739323	0	.1332886
549.15	0	.6927769	.17379	0	.1334331
548.15	0	.6927742	.1736489	0	.1335769
547.15	0	.6927708	.1735091	0	.1337201
546.15	0	.6927668	.1733706	0	.1338625
545.15	0	.6927622	.1732334	0	.1340044
544.15	0	.692757	.1730974	0	.1341456
543.15	0	.6927513	.1729626	0	.1342862
542.15	0	.6927449	.172829	0	.1344261
541.15	0	.6927379	.1726966	0	.1345655
540.15	0	.6927304	.1725653	0	.1347043
539.15	0	.6927223	.1724352	0	.1348424
538.15	0	.6927137	.1723063	0	.13498
537.15	0	.6927045	.1721784	0	.135117
536.15	0	.6926948	.1720517	0	.1352535
535.15	0	.6926846	.171926	0	.1353894
534.15	0	.6926739	.1718014	0	.1355247
533.15	0	.6926626	.1716779	0	.1356595
532.15	0	.6926509	.1715554	0	.1357938
531.15	0	.6926386	.1714339	0	.1359275
530.15	0	.6926259	.1713134	0	.1360607
529.15	0	.6926127	.1711939	0	.1361934
528.15	0	.692599	.1710754	0	.1363256
527.15	0	.6925849	.1709578	0	.1364573
526.15	0	.6925703	.1708411	0	.1365886
525.15	0	.6925553	.1707254	0	.1367193
524.15	0	.6925398	.1706107	0	.1368496
523.15	0	.6925239	.1704968	0	.1369794
522.15	0	.6925076	.1703838	0	.1371087
521.15	0	.6924908	.1702716	0	.1372376
520.15	0	.6924736	.1701603	0	.137366
519.15	0	.6924561	.1700499	0	.137494
518.15	0	.6924381	.1699403	0	.1376216
517.15	0	.6924198	.1698315	0	.1377487
516.15	0	.692401	.1697235	0	.1378754
515.15	0	.6923819	.1696163	0	.1380018
514.15	0	.6923625	.1695099	0	.1381277
513.15	0	.6923426	.1694042	0	.1382531
512.15	0	.6923224	.1692993	0	.1383782
511.15	0	.6923019	.1691952	0	.1385029
510.15	0	.692281	.1690917	0	.1386273
509.15	0	.6922598	.168989	0	.1387512
508.15	0	.6922382	.168887	0	.1388748
507.15	0	.6922164	.1687857	0	.138998
506.15	0	.6921942	.168685	0	.1391208
505.15	0	.6921717	.168585	0	.1392433
504.15	0	.6921489	.1684857	0	.1393655
503.15	0	.6921258	.168387	0	.1394872
502.15	0	.6921024	.1682889	0	.1396087
501.15	0	.6920787	.1681915	0	.1397298
500.15	0	.6920548	.1680947	0	.1398506
499.15	0	.6920305	.1679984	0	.1399711
498.15	0	.692006	.1679028	0	.1400912
497.15	0	.6919812	.1678077	0	.140211
496.15	0	.6919562	.1677132	0	.1403305
495.15	0	.691931	.1676193	0	.1404498
494.15	0	.6919055	.1675259	0	.1405687
493.15	0	.6918797	.167433	0	.1406873
492.15	0	.6918537	.1673407	0	.1408056
491.15	0	.6918275	.1672489	0	.1409236
490.15	0	.6918011	.1671576	0	.1410414
489.15	0	.6917744	.1670667	0	.1411589
488.15	0	.6917475	.1669764	0	.1412761
487.15	0	.6917205	.1668865	0	.141393
486.15	0	.6916932	.1667972	0	.1415097
485.15	0	.6916657	.1667082	0	.1416261
484.15	0	.6916381	.1666197	0	.1417422
483.15	0	.6916102	.1665317	0	.1418581
482.15	0	.6915822	.166444	0	.1419738
481.15	0	.691554	.1663568	0	.1420892
480.15	0	.6915256	.16627	0	.1422043
479.15	0	.6914971	.1661837	0	.1423193
478.15	0	.6914684	.1660976	0	.142434
477.15	0	.6914395	.166012	0	.1425484
476.15	0	.6914105	.1659268	0	.1426627
475.15	0	.6913814	.1658419	0	.1427767
474.15	0	.6913521	.1657574	0	.1428905
473.15	0	.6913227	.1656732	0	.1430041
472.15	0	.6912932	.1655894	0	.1431174
471.15	0	.6912635	.165506	0	.1432306
470.15	0	.6912337	.1654228	0	.1433435
469.15	0	.6912038	.1653399	0	.1434563
468.15	0	.6911737	.1652574	0	.1435688
467.15	0	.6911436	.1651752	0	.1436812
466.15	0	.6911134	.1650933	0	.1437934
465.15	0	.6910831	.1650116	0	.1439054
464.15	0	.6910526	.1649302	0	.1440172
463.15	0	.6910221	.1648491	0	.1441288
462.15	0	.6909915	.1647683	0	.1442402
461.15	0	.6909608	.1646877	0	.1443514
460.15	0	.6909301	.1646074	0	.1444625
459.15	0	.6908993	.1645273	0	.1445734
458.15	0	.6908684	.1644475	0	.1446842
457.15	0	.6908374	.1643678	0	.1447947
456.15	0	.6908064	.1642884	0	.1449052
455.15	0	.6907753	.1642093	0	.1450154
454.15	0	.6907442	.1641303	0	.1451255
453.15	0	.690713	.1640515	0	.1452355
452.15	0	.6906818	.1639729	0	.1453453
451.15	0	.6906506	.1638945	0	.1454549
450.15	0	.6906193	.1638163	0	.1455644
449.15	0	.6905881	.1637382	0	.1456738
448.15	0	.6905568	.1636602	0	.145783
447.15	0	.6905255	.1635824	0	.1458921
446.15	0	.6904943	.1635047	0	.146001
445.15	0	.690463	.1634271	0	.1461099
444.15	0	.6904318	.1633497	0	.1462186
443.15	0	.6904005	.1632723	0	.1463272
442.15	0	.6903694	.163195	0	.1464357
441.15	0	.6903382	.1631177	0	.146544
440.15	0	.6903072	.1630406	0	.1466523
439.15	0	.6902762	.1629634	0	.1467605
438.15	0	.6902452	.1628863	0	.1468685
437.15	0	.6902144	.1628092	0	.1469765
436.15	0	.6901836	.1627321	0	.1470843
435.15	0	.6901529	.162655	0	.1471921
434.15	0	.6901223	.1625779	0	.1472998
433.15	0	.6900919	.1625008	0	.1474073
432.15	0	.6900615	.1624236	0	.1475149
431.15	0	.6900313	.1623464	0	.1476223
430.15	0	.6900012	.1622692	0	.1477296
429.15	0	.6899712	.1621919	0	.1478369
428.15	0	.6899414	.1621145	0	.1479441
427.15	0	.6899117	.1620371	0	.1480512
426.15	0	.6898822	.1619595	0	.1481583
425.15	0	.6898528	.1618819	0	.1482653
424.15	0	.6898236	.1618042	0	.1483722
423.15	0	.6897946	.1617264	0	.1484791
422.15	0	.6897657	.1616484	0	.1485859
421.15	0	.689737	.1615704	0	.1486926
420.15	0	.6897085	.1614922	0	.1487993
419.15	0	.6896801	.1614139	0	.1489059
418.15	0	.689652	.1613355	0	.1490125
417.15	0	.689624	.161257	0	.149119
416.15	0	.6895963	.1611782	0	.1492255
415.15	0	.6895687	.1610994	0	.1493319
414.15	0	.6895414	.1610204	0	.1494383
413.15	0	.6895142	.1609412	0	.1495446
