T	 BPW(LIQUID)	BPW(BCC_A2)	BPW(FCC_A1)	BPW(LAVES_PHASE_C14)	BPW(NI3TI)
1473.15	0	.838014	.161986	0	0
1472.15	0	.8355215	.1644785	0	0
1471.15	0	.8330358	.1669642	0	0
1470.15	0	.8305566	.1694434	0	0
1469.15	0	.8280841	.1719159	0	0
1468.15	0	.8256182	.1743818	0	0
1467.15	0	.8231589	.1768411	0	0
1466.15	0	.8207062	.1792938	0	0
1465.15	0	.8182601	.1817399	0	0
1464.15	0	.8158206	.1841794	0	0
1463.15	0	.8133876	.1866124	0	0
1462.15	0	.8109612	.1890388	0	0
1461.15	0	.8085414	.1914586	0	0
1460.15	0	.8061281	.1938719	0	0
1459.15	0	.8037213	.1962787	0	0
1458.15	0	.8013211	.1986789	0	0
1457.15	0	.7989274	.2010726	0	0
1456.15	0	.7965403	.2034597	0	0
1455.15	0	.7941596	.2058404	0	0
1454.15	0	.7917854	.2082146	0	0
1453.15	0	.7894177	.2105823	0	0
1452.15	0	.7870565	.2129435	0	0
1451.15	0	.7847018	.2152982	0	0
1450.15	0	.7823536	.2176464	0	0
1449.15	0	.7800118	.2199882	0	0
1448.15	0	.7776765	.2223235	0	0
1447.15	0	.7753476	.2246524	0	0
1446.15	0	.7730252	.2269748	0	0
1445.15	0	.7707092	.2292908	0	0
1444.15	0	.7683996	.2316004	0	0
1443.15	0	.7660964	.2339036	0	0
1442.15	0	.7637997	.2362003	0	0
1441.15	0	.7615094	.2384906	0	0
1440.15	0	.7592255	.2407745	0	0
1439.15	0	.756948	.243052	0	0
1438.15	0	.7546768	.2453232	0	0
1437.15	0	.7524121	.2475879	0	0
1436.15	0	.7501537	.2498463	0	0
1435.15	0	.7479018	.2520983	0	0
1434.15	0	.7456561	.2543439	0	0
1433.15	0	.7434169	.2565831	0	0
1432.15	0	.741184	.258816	0	0
1431.15	0	.7389574	.2610426	0	0
1430.15	0	.7367372	.2632628	0	0
1429.15	0	.7345234	.2654766	0	0
1428.15	0	.7323159	.2676841	0	0
1427.15	0	.7301147	.2698853	0	0
1426.15	0	.7279198	.2720802	0	0
1425.15	0	.7257313	.2742687	0	0
1424.15	0	.7235491	.2764509	0	0
1423.15	0	.7213732	.2786269	0	0
1422.15	0	.7192036	.2807964	0	0
1421.15	0	.7170403	.2829597	0	0
1420.15	0	.7148833	.2851167	0	0
1419.15	0	.7127326	.2872674	0	0
1418.15	0	.7105882	.2894118	0	0
1417.15	0	.7084501	.2915499	0	0
1416.15	0	.7063183	.2936817	0	0
1415.15	0	.7041927	.2958073	0	0
1414.15	0	.7020735	.2979265	0	0
1413.15	0	.6999605	.3000395	0	0
1412.15	0	.6978538	.3021462	0	0
1411.15	0	.6957533	.3042467	0	0
1410.15	0	.6936592	.3063408	0	0
1409.15	0	.6915713	.3084287	0	0
1408.15	0	.6894896	.3105104	0	0
1407.15	0	.6874142	.3125858	0	0
1406.15	0	.6853451	.3146549	0	0
1405.15	0	.6832822	.3167178	0	0
1404.15	0	.6812256	.3187744	0	0
1403.15	0	.6791752	.3208248	0	0
1402.15	0	.6771311	.3228689	0	0
1401.15	0	.6750932	.3249068	0	0
1400.15	0	.6730615	.3269385	0	0
1399.15	0	.6710361	.3289639	0	0
1398.15	0	.669017	.330983	0	0
1397.15	0	.667004	.332996	0	0
1396.15	0	.6649974	.3350027	0	0
1395.15	0	.6629969	.3370031	0	0
1394.15	0	.6610027	.3389973	0	0
1393.15	0	.6590147	.3409853	0	0
1392.15	0	.657033	.342967	0	0
1391.15	0	.6550574	.3449426	0	0
1390.15	0	.6530881	.3469119	0	0
1389.15	0	.6511251	.3488749	0	0
1388.15	0	.6491683	.3508317	0	0
1387.15	0	.6472177	.3527823	0	0
1386.15	0	.6452733	.3547267	0	0
1385.15	0	.6433352	.3566648	0	0
1384.15	0	.6414033	.3585967	0	0
1383.15	0	.6394776	.3605224	0	0
1382.15	0	.6375582	.3624418	0	0
1381.15	0	.635645	.364355	0	0
1380.15	0	.633738	.366262	0	0
1379.15	0	.6318372	.3681628	0	0
1378.15	0	.6299427	.3700573	0	0
1377.15	0	.6280545	.3719455	0	0
1376.15	0	.6261724	.3738276	0	0
1375.15	0	.6242966	.3757034	0	0
1374.15	0	.6224271	.3775729	0	0
1373.15	0	.6205637	.3794363	0	0
1372.15	0	.6187067	.3812933	0	0
1371.15	0	.6168558	.3831442	0	0
1370.15	0	.6150112	.3849888	0	0
1369.15	0	.6131729	.3868271	0	0
1368.15	0	.6113408	.3886592	0	0
1367.15	0	.609515	.390485	0	0
1366.15	0	.6076954	.3923046	0	0
1365.15	0	.605882	.394118	0	0
1364.15	0	.604075	.395925	0	0
1363.15	0	.6022742	.3977259	0	0
1362.15	0	.6004796	.3995204	0	0
1361.15	0	.5986913	.4013087	0	0
1360.15	0	.5969093	.4030907	0	0
1359.15	0	.5951336	.4048664	0	0
1358.15	0	.5933641	.4066359	0	0
1357.15	0	.591601	.408399	0	0
1356.15	0	.5898441	.4101559	0	0
1355.15	0	.5880935	.4119065	0	0
1354.15	0	.5863492	.4136508	0	0
1353.15	0	.5846112	.4153888	0	0
1352.15	0	.5828795	.4171205	0	0
1351.15	0	.5811541	.4188459	0	0
1350.15	0	.579435	.420565	0	0
1349.15	0	.5777222	.4222778	0	0
1348.15	0	.5760158	.4239842	0	0
1347.15	0	.5743156	.4256844	0	0
1346.15	0	.5726218	.4273782	0	0
1345.15	0	.5709344	.4290656	0	0
1344.15	0	.5692533	.4307467	0	0
1343.15	0	.5675785	.4324215	0	0
1342.15	0	.56591	.43409	0	0
1341.15	0	.564248	.435752	0	0
1340.15	0	.5625923	.4374077	0	0
1339.15	0	.5609429	.4390571	0	0
1338.15	0	.5593	.4407	0	0
1337.15	0	.5576634	.4423366	0	0
1336.15	0	.5560332	.4439668	0	0
1335.15	0	.5544094	.4455906	0	0
1334.15	0	.552792	.447208	0	0
1333.15	0	.551181	.448819	0	0
1332.15	0	.5495764	.4504236	0	0
1331.15	0	.5479783	.4520217	0	0
1330.15	0	.5463866	.4536134	0	0
1329.15	0	.5448013	.4551987	0	0
1328.15	0	.5432225	.4567775	0	0
1327.15	0	.5416501	.4583499	0	0
1326.15	0	.5400842	.4599159	0	0
1325.15	0	.5385247	.4614753	0	0
1324.15	0	.5369717	.4630283	0	0
1323.15	0	.5354252	.4645748	0	0
1322.15	0	.5338852	.4661148	0	0
1321.15	0	.5323517	.4676483	0	0
1320.15	0	.5308247	.4691753	0	0
1319.15	0	.5293043	.4706957	0	0
1318.15	0	.5277903	.4722097	0	0
1317.15	0	.5262829	.4737171	0	0
1316.15	0	.524782	.475218	0	0
1315.15	0	.5232878	.4767123	0	0
1314.15	0	.5218	.4782	0	0
1313.15	0	.5203189	.4796811	0	0
1312.15	0	.5188443	.4811557	0	0
1311.15	0	.5173763	.4826237	0	0
1310.15	0	.5159149	.4840851	0	0
1309.15	0	.5144602	.4855398	0	0
1308.15	0	.5130121	.4869879	0	0
1307.15	0	.5115706	.4884294	0	0
1306.15	0	.5101357	.4898643	0	0
1305.15	0	.5087076	.4912924	0	0
1304.15	0	.5072861	.492714	0	0
1303.15	0	.5058712	.4941288	0	0
1302.15	0	.5044631	.4955369	0	0
1301.15	0	.5030617	.4969383	0	0
1300.15	0	.501667	.4983331	0	0
1299.15	0	.500279	.499721	0	0
1298.15	0	.4988977	.5011023	0	0
1297.15	0	.4975232	.5024768	0	0
1296.15	0	.4961555	.5038445	0	0
1295.15	0	.4947946	.5052054	0	0
1294.15	0	.4934404	.5065596	0	0
1293.15	0	.492093	.507907	0	0
1292.15	0	.4907525	.5092475	0	0
1291.15	0	.4894188	.5105812	0	0
1290.15	0	.4880919	.5119081	0	0
1289.15	0	.4867719	.5132281	0	0
1288.15	0	.4854588	.5145412	0	0
1287.15	0	.4841525	.5158475	0	0
1286.15	0	.4828531	.5171469	0	0
1285.15	0	.4815607	.5184393	0	0
1284.15	0	.4802751	.5197249	0	0
1283.15	0	.4789966	.5210035	0	0
1282.15	0	.4777249	.5222751	0	0
1281.15	0	.4764602	.5235398	0	0
1280.15	0	.4752026	.5247974	0	0
1279.15	0	.4739519	.5260481	0	0
1278.15	0	.4727082	.5272918	0	0
1277.15	0	.4714715	.5285285	0	0
1276.15	0	.4702419	.5297581	0	0
1275.15	0	.4690194	.5309806	0	0
1274.15	0	.4678039	.5321961	0	0
1273.15	0	.4665955	.5334045	0	0
1272.15	0	.4653943	.5346057	0	0
1271.15	0	.4642001	.5357999	0	0
1270.15	0	.4630131	.5369869	0	0
1269.15	0	.4618332	.5381668	0	0
1268.15	0	.4606606	.5393395	0	0
1267.15	0	.4594951	.5405049	0	0
1266.15	0	.4583368	.5416632	0	0
1265.15	0	.4571857	.5428143	0	0
1264.15	0	.4560419	.5439581	0	0
1263.15	0	.4549053	.5450947	0	0
1262.15	0	.453776	.546224	0	0
1261.15	0	.452654	.547346	0	0
1260.15	0	.4515393	.5484607	0	0
1259.15	0	.4504319	.5495681	0	0
1258.15	0	.4493319	.5506681	0	0
1257.15	0	.4482393	.5517607	0	0
1256.15	0	.447154	.552846	0	0
1255.15	0	.4460761	.5539239	0	0
1254.15	0	.4450057	.5549943	0	0
1253.15	0	.4439427	.5560573	0	0
1252.15	0	.4428871	.5571129	0	0
1251.15	0	.441839	.558161	0	0
1250.15	0	.4407985	.5592015	0	0
1249.15	0	.4397654	.5602346	0	0
1248.15	0	.4387399	.5612601	0	0
1247.15	0	.4377219	.5622781	0	0
1246.15	0	.4367115	.5632885	0	0
1245.15	0	.4357087	.5642913	0	0
1244.15	0	.4347135	.5652865	0	0
1243.15	0	.433726	.566274	0	0
1242.15	0	.4327461	.5672539	0	0
1241.15	0	.4317739	.5682261	0	0
1240.15	0	.4308094	.5691906	0	0
1239.15	0	.4298526	.5701474	0	0
1238.15	0	.4289036	.5710965	0	0
1237.15	0	.4279623	.5720377	0	0
1236.15	0	.4270288	.5729712	0	0
1235.15	0	.4261031	.5738969	0	0
1234.15	0	.4251852	.5748148	0	0
1233.15	0	.4242751	.5757249	0	0
1232.15	0	.423373	.576627	0	0
1231.15	0	.4224787	.5775213	0	0
1230.15	0	.4215924	.5784076	0	0
1229.15	0	.420714	.579286	0	0
1228.15	0	.4198435	.5801565	0	0
1227.15	0	.418981	.581019	0	0
1226.15	0	.4181266	.5818734	0	0
1225.15	0	.4172801	.5827199	0	0
1224.15	0	.4164417	.5835583	0	0
1223.15	0	.4156114	.5843886	0	0
1222.15	0	.4147892	.5852108	0	0
1221.15	0	.4139751	.5860249	0	0
1220.15	0	.4131691	.5868309	0	0
1219.15	0	.4123713	.5876287	0	0
1218.15	0	.4115817	.5884183	0	0
1217.15	0	.4108003	.5891997	0	0
1216.15	0	.4100272	.5899728	0	0
1215.15	0	.4092623	.5907377	0	0
1214.15	0	.4085057	.5914943	0	0
1213.15	0	.4077574	.5922426	0	0
1212.15	0	.4070174	.5929826	0	0
1211.15	0	.4062858	.5937142	0	0
1210.15	0	.4055626	.5944374	0	0
1209.15	0	.4048478	.5951522	0	0
1208.15	0	.4041414	.5958586	0	0
1207.15	0	.4034435	.5965565	0	0
1206.15	0	.4027541	.5972459	0	0
1205.15	0	.4020732	.5979268	0	0
1204.15	0	.4014008	.5985992	0	0
1203.15	0	.400737	.599263	0	0
1202.15	0	.4000817	.5999183	0	0
1201.15	0	.3994351	.6005649	0	0
1200.15	0	.3987971	.6012029	0	0
1199.15	0	.3981678	.6018322	0	0
1198.15	0	.3975472	.6024528	0	0
1197.15	0	.3969352	.6030648	0	0
1196.386	0	.3964735	.6035265	0	0
1196.386	0	.3964735	.6035265	0	0
1196.386	0	.3964735	.6035265	0	0
1196.15	0	.3961146	.6037961	8.930458E-05	0
1195.15	0	.3945996	.6049331	4.673321E-04	0
1194.15	0	.3930963	.6060596	8.440367E-04	0
1193.15	0	.391605	.6071756	.001219422	0
1192.15	0	.3901255	.608281	.001593491	0
1191.15	0	.388658	.6093757	.001966247	0
1190.15	0	.3872025	.6104598	.002337694	0
1189.15	0	.385759	.6115332	.002707835	0
1188.15	0	.3843276	.6125957	.003076674	0
1187.15	0	.3829084	.6136474	.003444213	0
1186.15	0	.3815013	.6146882	.003810455	0
1185.15	0	.3801064	.6157181	.004175405	0
1184.15	0	.3787239	.6167371	.004539066	0
1183.15	0	.3773536	.617745	.00490144	0
1182.15	0	.3759957	.6187418	.005262531	0
1181.15	0	.3746502	.6197275	.005622343	0
1180.15	0	.3733172	.620702	.005980877	0
1179.15	0	.3719966	.6216652	.006338139	0
1178.15	0	.3706887	.6226172	.00669413	0
1177.15	0	.3693933	.6235579	.007048854	0
1176.15	0	.3681106	.6244871	.007402315	0
1175.15	0	.3668405	.625405	.007754515	0
1174.15	0	.3655833	.6263113	.008105457	0
1173.15	0	.3643388	.6272061	.008455146	0
1172.15	0	.3631072	.6280893	.008803583	0
1171.15	0	.3618884	.6289608	.009150772	0
1170.15	0	.3606826	.6298207	.009496716	0
1169.15	0	.3594899	.6306687	.009841418	0
1168.15	0	.3583101	.631505	.01018488	0
1167.15	0	.3571435	.6323294	.01052711	0
1166.15	0	.35599	.6331419	.01086811	0
1165.15	0	.3548497	.6339424	.01120787	0
1164.15	0	.3537227	.6347309	.01154641	0
1163.15	0	.352609	.6355073	.01188373	0
1162.15	0	.3515086	.6362715	.01221983	0
1161.15	0	.3504217	.6370236	.0125547	0
1160.15	0	.3493482	.6377634	.01288837	0
1159.15	0	.3482882	.638491	.01322083	0
1158.15	0	.3472418	.6392061	.01355207	0
1157.15	0	.346209	.6399089	.01388211	0
1156.15	0	.3451899	.6405991	.01421095	0
1155.15	0	.3441845	.6412769	.0145386	0
1154.15	0	.3431928	.6419421	.01486505	0
1153.15	0	.342215	.6425947	.0151903	0
1152.15	0	.3412511	.6432345	.01551436	0
1151.15	0	.3403012	.6438616	.01583724	0
1150.15	0	.3393652	.6444759	.01615893	0
1149.15	0	.3384433	.6450773	.01647944	0
1148.15	0	.3375354	.6456658	.01679878	0
1147.15	0	.3366418	.6462413	.01711693	0
1146.15	0	.3357623	.6468038	.01743392	0
1145.15	0	.334897	.6473532	.01774974	0
1144.15	0	.3340461	.6478895	.01806439	0
1143.15	0	.3332096	.6484126	.01837789	0
1142.15	0	.3323874	.6489224	.01869022	0
1141.15	0	.3315797	.6494189	.01900139	0
1140.15	0	.3307866	.649902	.01931141	0
1139.15	0	.330008	.6503718	.01962028	0
1138.15	0	.329244	.650828	.019928	0
1137.15	0	.3284947	.6512707	.02023458	0
1136.15	0	.3277602	.6516998	.02054001	0
1135.15	0	.3270404	.6521153	.02084431	0
1134.15	0	.3263355	.6525171	.02114747	0
1133.15	0	.3256454	.6529051	.0214495	0
1132.15	0	.3249703	.6532793	.0217504	0
1131.15	0	.3243102	.6536396	.02205017	0
1130.15	0	.3236651	.653986	.02234882	0
1129.15	0	.3230352	.6543185	.02264635	0
1128.15	0	.3224203	.6546369	.02294276	0
1127.15	0	.3218207	.6549413	.02323806	0
1126.15	0	.3212363	.6552315	.02353224	0
1125.15	0	.3206672	.6555075	.02382532	0
1124.15	0	.3201134	.6557693	.02411729	0
1123.15	0	.3195751	.6560168	.02440816	0
1122.15	0	.3190521	.65625	.02469792	0
1121.15	0	.3185447	.6564687	.0249866	0
1120.15	0	.3180528	.656673	.02527418	0
1119.15	0	.3175765	.6568628	.02556066	0
1118.15	0	.3171158	.6570381	.02584607	0
1117.15	0	.3166708	.6571988	.02613038	0
1116.15	0	.3162415	.6573448	.02641362	0
1115.15	0	.3158281	.6574762	.02669578	0
1114.15	0	.3154304	.6575928	.02697686	0
1113.15	0	.3150485	.6576946	.02725687	0
1112.15	0	.3146826	.6577816	.02753582	0
1111.15	0	.3143327	.6578537	.0278137	0
1110.15	0	.3139987	.6579108	.02809051	0
1109.15	0	.3136807	.657953	.02836627	0
1108.15	0	.3133789	.6579802	.02864096	0
1107.15	0	.3130931	.6579923	.02891461	0
1106.15	0	.3128235	.6579893	.02918721	0
1105.15	0	.3125701	.6579712	.02945875	0
1104.15	0	.3123329	.6579378	.02972926	0
1103.15	0	.312112	.6578893	.02999872	0
1102.15	0	.3119074	.6578254	.03026715	0
1101.15	0	.3117192	.6577463	.03053454	0
1100.15	0	.3115473	.6576518	.0308009	0
1099.15	0	.3113918	.6575419	.03106624	0
1098.15	0	.3112528	.6574167	.03133054	0
1097.15	0	.3111303	.6572759	.03159383	0
1096.15	0	.3110242	.6571197	.0318561	0
1095.15	0	.3109347	.6569479	.03211735	0
1094.15	0	.3108618	.6567606	.03237759	0
1093.15	0	.3108055	.6565577	.03263682	0
1092.15	0	.3107658	.6563392	.03289505	0
1091.15	0	.3107427	.656105	.03315227	0
1090.15	0	.3107364	.6558552	.0334085	0
1089.15	0	.3107467	.6555896	.03366372	0
1088.15	0	.3107737	.6553083	.03391796	0
1087.15	0	.3108175	.6550113	.0341712	0
1086.15	0	.3108781	.6546984	.03442346	0
1085.15	0	.3109554	.6543698	.03467474	0
1084.15	0	.3110496	.6540254	.03492503	0
1083.15	0	.3111606	.6536651	.03517435	0
1082.15	0	.3112884	.6532889	.0354227	0
1081.15	0	.311433	.6528969	.03567007	0
1080.15	0	.3115945	.652489	.03591648	0
1079.15	0	.3117729	.6520651	.03616193	0
1078.15	0	.3119682	.6516254	.03640641	0
1077.15	0	.3121804	.6511697	.03664994	0
1076.15	0	.3124095	.650698	.03689251	0
1075.15	0	.3126554	.6502104	.03713414	0
1074.15	0	.3129183	.6497069	.03737481	0
1073.15	0	.3131981	.6491874	.03761454	0
1072.15	0	.3134948	.6486519	.03785334	0
1071.15	0	.3138084	.6481004	.03809119	0
1070.15	0	.314139	.6475329	.03832811	0
1069.15	0	.3144864	.6469495	.0385641	0
1068.15	0	.3148508	.6463501	.03879916	0
1067.15	0	.315232	.6457347	.03903329	0
1066.15	0	.3156301	.6451034	.03926651	0
1065.15	0	.3160451	.6444561	.0394988	0
1064.15	0	.316477	.6437928	.03973019	0
1063.15	0	.3169257	.6431136	.03996066	0
1062.15	0	.3173913	.6424185	.04019022	0
1061.15	0	.3178737	.6417074	.04041888	0
1060.15	0	.3183729	.6409805	.04064663	0
1059.15	0	.3188888	.6402377	.04087349	0
1058.15	0	.3194216	.639479	.04109945	0
1057.15	0	.319971	.6387045	.04132452	0
1056.15	0	.3205372	.6379141	.0415487	0
1055.15	0	.32112	.637108	.04177199	0
1054.15	0	.3217195	.6362861	.0419944	0
1053.15	0	.3223356	.6354484	.04221593	0
1052.15	0	.3229683	.6345951	.04243658	0
1051.15	0	.3236176	.6337261	.04265636	0
1050.15	0	.3242833	.6328414	.04287527	0
1049.15	0	.3249656	.6319411	.04309331	0
1048.15	0	.3256642	.6310253	.04331049	0
1047.15	0	.3263793	.6300939	.04352681	0
1046.15	0	.3271107	.629147	.04374226	0
1045.15	0	.3278584	.6281847	.04395687	0
1044.15	0	.3286223	.627207	.04417062	0
1043.15	0	.3294025	.626214	.04438351	0
1042.15	0	.3301987	.6252057	.04459557	0
1041.15	0	.3310111	.6241821	.04480678	0
1040.15	0	.3318395	.6231433	.04501714	0
1039.15	0	.3326839	.6220895	.04522667	0
1038.15	0	.3335442	.6210205	.04543536	0
1037.15	0	.3344203	.6199365	.04564322	0
1036.15	0	.3353122	.6188376	.04585025	0
1035.15	0	.3362198	.6177238	.04605645	0
1034.15	0	.337143	.6165951	.04626183	0
1033.15	0	.3380819	.6154517	.04646638	0
1032.15	0	.3390362	.6142937	.04667012	0
1031.15	0	.340006	.613121	.04687303	0
1030.15	0	.3409911	.6119338	.04707513	0
1029.15	0	.3419915	.6107321	.04727642	0
1028.15	0	.343007	.6095161	.0474769	0
1027.15	0	.3440377	.6082858	.04767657	0
1026.15	0	.3450833	.6070412	.04787543	0
1025.15	0	.346144	.6057826	.04807349	0
1024.15	0	.3472194	.6045099	.04827074	0
1023.15	0	.3483096	.6032232	.0484672	0
1022.15	0	.3494144	.6019227	.04866286	0
1021.15	0	.3505338	.6006085	.04885772	0
1020.15	0	.3516677	.5992805	.04905179	0
1019.15	0	.3528159	.597939	.04924506	0
1018.15	0	.3539784	.5965841	.04943755	0
1017.15	0	.355155	.5952157	.04962924	0
1016.15	0	.3563457	.5938341	.04982015	0
1015.15	0	.3575504	.5924394	.05001027	0
1014.15	0	.3587688	.5910316	.05019961	0
1013.15	0	.360001	.5896108	.05038816	0
1012.15	0	.3612468	.5881773	.05057593	0
1011.15	0	.3625061	.586731	.05076292	0
1010.15	0	.3637788	.5852721	.05094913	0
1009.15	0	.3650647	.5838007	.05113456	0
1008.15	0	.3663638	.582317	.05131921	0
1007.15	0	.3676759	.580821	.05150308	0
1006.15	0	.3690009	.5793129	.05168618	0
1005.15	0	.3703386	.5777929	.0518685	0
1004.15	0	.371689	.5762609	.05205004	0
1003.15	0	.373052	.5747172	.05223081	0
1002.15	0	.3744272	.573162	.0524108	0
1001.15	0	.3758148	.5715952	.05259001	0
1000.15	0	.3772144	.5700171	.05276845	0
999.15	0	.3786261	.5684278	.05294612	0
998.15	0	.3800496	.5668274	.05312301	0
997.15	0	.3814847	.5652162	.05329912	0
996.15	0	.3829315	.5635941	.05347445	0
995.15	0	.3843896	.5619614	.05364901	0
994.15	0	.3858591	.5603181	.05382278	0
993.15	0	.3873396	.5586646	.05399578	0
992.15	0	.3888312	.5570008	.054168	0
991.15	0	.3903336	.555327	.05433943	0
990.15	0	.3918467	.5536433	.05451008	0
989.15	0	.3933703	.5519498	.05467995	0
988.15	0	.3949043	.5502467	.05484902	0
987.15	0	.3964485	.5485342	.05501731	0
986.15	0	.3980028	.5468124	.05518481	0
985.15	0	.399567	.5450815	.05535151	0
984.15	0	.401141	.5433416	.05551741	0
983.15	0	.4027245	.5415929	.05568252	0
982.15	0	.4043176	.5398356	.05584682	0
981.15	0	.4059198	.5380698	.05601032	0
980.15	0	.4075312	.5362957	.05617301	0
979.15	0	.4091516	.5345135	.05633489	0
978.15	0	.4107807	.5327233	.05649595	0
977.15	0	.4124185	.5309253	.0566562	0
976.15	0	.4140647	.5291197	.05681561	0
975.15	0	.4157192	.5273066	.0569742	0
974.15	0	.4173818	.5254862	.05713196	0
973.15	0	.4190524	.5236588	.05728887	0
972.15	0	.4207307	.5218244	.05744494	0
971.15	0	.4224166	.5199833	.05760016	0
970.15	0	.4241099	.5181356	.05775453	0
969.15	0	.4258105	.5162815	.05790803	0
968.15	0	.4275181	.5144212	.05806066	0
967.15	0	.4292327	.5125549	.05821242	0
966.15	0	.4309539	.5106828	.0583633	0
965.15	0	.4326817	.508805	.05851328	0
964.15	0	.4344158	.5069218	.05866237	0
963.15	0	.4361561	.5050334	.05881055	0
962.15	0	.4379023	.5031398	.05895782	0
961.15	0	.4396544	.5012414	.05910416	0
960.15	0	.4414121	.4993383	.05924957	0
959.15	0	.4431752	.4974308	.05939404	0
958.15	0	.4449435	.4955189	.05953755	0
957.15	0	.4466436	.4936714	.059685	0
956.15	0	.4482381	.4919229	.05983907	0
955.15	0	.4498634	.4901459	.05999072	0
954.15	0	.4515181	.4883419	.06013998	0
953.15	0	.4532007	.4865124	.06028691	0
952.15	0	.4549097	.4846587	.06043155	0
951.15	0	.4566439	.4827822	.06057393	0
950.15	0	.4584019	.480884	.06071409	0
949.15	0	.4601824	.4789655	.06085207	0
948.15	0	.4619842	.4770279	.0609879	0
947.15	0	.4638062	.4750722	.06112162	0
946.15	0	.4656471	.4730997	.06125325	0
945.15	0	.4675058	.4711113	.06138282	0
944.15	0	.4693814	.4691083	.06151036	0
943.15	0	.4712726	.4670915	.06163589	0
942.15	0	.4731786	.465062	.06175944	0
941.15	0	.4750983	.4630207	.06188102	0
940.15	0	.4770308	.4609685	.06200067	0
939.15	0	.4789752	.4589064	.06211839	0
938.15	0	.4809307	.4568351	.06223421	0
937.15	0	.4828962	.4547556	.06234815	0
936.15	0	.4848712	.4526686	.06246022	0
935.15	0	.4868546	.450575	.06257044	0
934.15	0	.4888458	.4484754	.06267882	0
933.15	0	.490844	.4463707	.06278537	0
932.15	0	.4928484	.4442615	.06289012	0
931.15	0	.4948585	.4421485	.06299307	0
930.15	0	.4968734	.4400323	.06309423	0
929.15	0	.4988926	.4379137	.06319363	0
928.15	0	.5009155	.4357933	.06329125	0
927.15	0	.5029413	.4336716	.06338713	0
926.15	0	.5049695	.4315493	.06348126	0
925.15	0	.5069995	.4294269	.06357366	0
924.15	0	.5090308	.4273049	.06366433	0
923.15	0	.5110628	.4251839	.06375329	0
922.15	0	.513095	.4230645	.06384053	0
921.15	0	.5151269	.420947	.06392608	0
920.15	0	.517158	.418832	.06400994	0
919.15	0	.5191879	.41672	.0640921	0
918.15	0	.521216	.4146114	.06417259	0
917.15	0	.5232419	.4125067	.06425141	0
916.15	0	.5252653	.4104062	.06432856	0
915.15	0	.5272856	.4083104	.06440405	0
914.15	0	.5293024	.4062197	.06447788	0
913.15	0	.5313155	.4041345	.06455007	0
912.15	0	.5333243	.4020551	.06462062	0
911.15	0	.5353285	.3999819	.06468954	0
910.15	0	.5373278	.3979153	.06475682	0
909.15	0	.5393219	.3958557	.06482248	0
908.15	0	.5413103	.3938032	.06488652	0
907.15	0	.5432927	.3917583	.06494895	0
906.15	0	.5452689	.3897213	.06500977	0
905.15	0	.5472386	.3876925	.06506899	0
904.15	0	.5492013	.3856721	.06512661	0
903.15	0	.5511569	.3836605	.06518264	0
902.15	0	.553105	.3816579	.0652371	0
901.15	0	.5550455	.3796645	.06528997	0
900.15	0	.5569779	.3776808	.06534128	0
899.15	0	.5589021	.3757068	.06539101	0
898.15	0	.5608179	.3737429	.06543919	0
897.15	0	.5627249	.3717893	.06548582	0
896.15	0	.5646229	.3698462	.06553091	0
895.15	0	.5665117	.3679138	.06557445	0
894.15	0	.5683911	.3659924	.06561646	0
893.15	0	.5702609	.3640821	.06565696	0
892.15	0	.5721209	.3621832	.06569593	0
891.15	0	.5739708	.3602958	.0657334	0
890.15	0	.5758104	.3584202	.06576936	0
889.15	0	.5776397	.3565565	.06580384	0
888.15	0	.5794583	.3547049	.06583683	0
887.15	0	.5812662	.3528655	.06586835	0
886.15	0	.583063	.3510386	.0658984	0
885.15	0	.5848488	.3492242	.06592699	0
884.15	0	.5866232	.3474226	.06595414	0
883.15	0	.5883862	.3456339	.06597985	0
882.15	0	.5901376	.3438582	.06600414	0
881.15	0	.5918773	.3420957	.06602701	0
880.15	0	.5936051	.3403464	.06604847	0
879.15	0	.5953209	.3386106	.06606854	0
878.15	0	.5970245	.3368883	.06608723	0
877.15	0	.5987158	.3351796	.06610454	0
876.15	0	.6003948	.3334847	.0661205	0
875.15	0	.6020613	.3318036	.0661351	0
874.15	0	.6037151	.3301365	.06614837	0
873.15	0	.6053563	.3284834	.06616032	0
872.15	0	.6069846	.3268445	.06617095	0
871.15	0	.6086	.3252197	.06618029	0
870.15	0	.6102025	.3236092	.06618835	0
869.15	0	.6117919	.322013	.06619513	0
868.15	0	.6133681	.3204312	.06620066	0
867.15	0	.6149312	.3188639	.06620494	0
866.15	0	.616481	.3173111	.066208	0
865.15	0	.6180174	.3157728	.06620984	0
864.15	0	.6195404	.3142491	.06621047	0
863.15	0	.62105	.31274	.06620993	0
862.15	0	.6225462	.3112456	.06620821	0
861.15	0	.6240288	.3097659	.06620534	0
860.15	0	.6254979	.3083008	.06620132	0
859.15	0	.6269534	.3068505	.06619618	0
858.15	0	.6283953	.3054148	.06618992	0
857.15	0	.6298236	.3039939	.06618258	0
856.15	0	.6312382	.3025876	.06617415	0
855.15	0	.6326393	.3011961	.06616465	0
854.15	0	.6340267	.2998192	.0661541	0
853.15	0	.6354005	.298457	.06614252	0
852.15	0	.6367607	.2971094	.06612992	0
851.15	0	.6381073	.2957764	.06611631	0
850.15	0	.6394404	.2944579	.06610172	0
849.15	0	.6407599	.293154	.06608614	0
848.15	0	.6420658	.2918646	.06606961	0
847.15	0	.6433583	.2905895	.06605214	0
846.15	0	.6446374	.2893289	.06603374	0
845.15	0	.6459031	.2880825	.06601442	0
844.15	0	.6471554	.2868504	.0659942	0
843.15	0	.6483944	.2856325	.06597309	0
842.15	0	.6496203	.2844286	.06595112	0
841.15	0	.6508329	.2832388	.06592828	0
840.15	0	.6520324	.282063	.06590461	0
839.15	0	.653219	.280901	.0658801	0
838.15	0	.6543925	.2797527	.06585478	0
837.15	0	.6555532	.2786182	.06582865	0
836.15	0	.6567011	.2774972	.06580174	0
835.15	0	.6578362	.2763897	.06577405	0
834.15	0	.6589588	.2752956	.06574559	0
833.15	0	.6600688	.2742148	.06571639	0
832.15	0	.6611664	.2731472	.06568645	0
831.15	0	.6622516	.2720926	.06565578	0
830.15	0	.6633246	.271051	.0656244	0
829.15	0	.6643854	.2700223	.06559231	0
828.15	0	.6654342	.2690062	.06555954	0
827.15	0	.6664711	.2680028	.06552608	0
826.15	0	.6674962	.2670119	.06549196	0
825.15	0	.6685095	.2660333	.06545718	0
824.15	0	.6695113	.265067	.06542175	0
823.15	0	.6705015	.2641128	.06538568	0
822.15	0	.6714804	.2631706	.06534899	0
821.15	0	.672448	.2622403	.06531168	0
820.15	0	.6734045	.2613217	.06527376	0
819.15	0	.67435	.2604148	.06523525	0
818.15	0	.6752846	.2595193	.06519615	0
817.15	0	.6762083	.2586352	.06515646	0
816.15	0	.6771215	.2577623	.06511621	0
815.15	0	.678024	.2569006	.06507539	0
814.15	0	.6789162	.2560498	.06503402	0
813.15	0	.6797981	.2552099	.06499211	0
812.15	0	.6806697	.2543806	.06494965	0
811.15	0	.6815314	.253562	.06490667	0
810.15	0	.682383	.2527538	.06486316	0
809.15	0	.6832249	.2519559	.06481913	0
808.15	0	.6840571	.2511683	.0647746	0
807.15	0	.6848797	.2503907	.06472957	0
806.15	0	.6856929	.2496231	.06468405	0
805.15	0	.6864967	.2488652	.06463803	0
804.15	0	.6872914	.2481171	.06459154	0
803.15	0	.6880769	.2473785	.06454457	0
802.15	0	.6888535	.2466494	.06449713	0
801.15	0	.6896212	.2459296	.06444924	0
801.0807	0	.6896741	.24588	.0644459	0
801.0807	0	.6896741	.24588	.0644459	0
801.0807	0	.6896741	.24588	.0644459	0
800.15	0	.6946214	.2395148	.06274808	.003115668
799.15	0	.6998013	.2328287	.06095422	.006415719
798.15	0	.7048444	.226297	.05919113	.009667438
797.15	0	.7097547	.2199154	.0574581	.01287189
796.15	0	.714536	.2136795	.05575445	.0160301
795.15	0	.719192	.2075854	.0540795	.01914305
794.15	0	.7237264	.2016292	.05243262	.02221172
793.15	0	.7281427	.1958072	.05081316	.02523703
792.15	0	.732444	.1901156	.04922052	.02821988
791.15	0	.7366338	.184551	.04765411	.03116113
790.15	0	.740715	.17911	.04611337	.03406164
789.15	0	.7446907	.1737894	.04459774	.03692222
788.15	0	.7485638	.1685859	.04310667	.03974367
787.15	0	.7523371	.1634965	.04163965	.04252675
786.15	0	.7560133	.1585184	.04019618	.04527221
785.15	0	.759595	.1536485	.03877574	.04798078
784.15	0	.7630848	.1488841	.03737787	.05065317
783.15	0	.7664852	.1442227	.03600209	.05329006
782.15	0	.7697985	.1396614	.03464796	.05589213
781.15	0	.773027	.1351979	.03331502	.05846001
780.15	0	.7761731	.1308297	.03200285	.06099434
779.15	0	.7792388	.1265545	.03071102	.06349575
778.15	0	.7822262	.1223698	.02943912	.06596483
777.15	0	.7851375	.1182736	.02818675	.06840217
776.15	0	.7879746	.1142635	.02695353	.07080834
775.15	0	.7907395	.1103376	.02573906	.0731839
774.15	0	.7934339	.1064938	.02454297	.07552939
773.15	0	.7960598	.10273	.02336491	.07784534
772.15	0	.7986188	.09904438	.0222045	.08013228
771.15	0	.8011128	.09543504	.02106141	.08239072
770.15	0	.8035434	.09190015	.01993529	.08462114
769.15	0	.8059122	.08843792	.01882582	.08682405
768.15	0	.8082208	.08504662	.01773265	.0889999
767.15	0	.8104708	.08172457	.01665547	.09114917
766.15	0	.8126636	.07847011	.01559398	.09327232
765.15	0	.8148007	.07528167	.01454786	.09536979
764.15	0	.8168835	.07215766	.01351681	.09744201
763.15	0	.8189135	.06909659	.01250053	.09948942
762.15	0	.8208918	.06609696	.01149875	.1015124
761.15	0	.82282	.06315733	.01051117	.1035115
760.15	0	.8246992	.0602763	.009537527	.1054869
759.15	0	.8265307	.0574525	.008577538	.1074392
758.15	0	.8283158	.05468458	.007630939	.1093687
757.15	0	.8300555	.05197124	.006697469	.1112758
756.15	0	.8317511	.04931121	.005776873	.1131608
755.15	0	.8334036	.04670325	.004868899	.1150242
754.15	0	.8350143	.04414615	.003973299	.1168663
753.15	0	.836584	.04163871	.003089833	.1186874
752.15	0	.838114	.03917979	.002218262	.120488
751.15	0	.8396052	.03676826	.001358353	.1222682
750.15	0	.8410585	.03440303	5.09879E-04	.1240286
749.5426	0	.8419233	.03298852	0	.1250882
749.5426	0	.8419233	.03298852	0	.1250882
749.15	0	.8419289	.03289958	0	.1251715
748.15	0	.8419403	.03267936	0	.1253804
747.15	0	.8419476	.03246801	0	.1255844
746.15	0	.8419511	.03226535	0	.1257836
745.15	0	.8419507	.03207118	0	.1259781
744.15	0	.8419466	.03188532	0	.1261681
743.15	0	.8419389	.03170757	0	.1263536
742.15	0	.8419276	.03153776	0	.1265346
741.15	0	.841913	.0313757	0	.1267113
740.15	0	.841895	.03122124	0	.1268838
739.15	0	.8418737	.03107418	0	.1270522
738.15	0	.8418492	.03093437	0	.1272164
737.15	0	.8418217	.03080165	0	.1273767
736.15	0	.8417911	.03067585	0	.127533
735.15	0	.8417576	.03055681	0	.1276855
734.15	0	.8417213	.03044439	0	.1278343
733.15	0	.8416822	.03033843	0	.1279794
732.15	0	.8416404	.03023879	0	.1281208
731.15	0	.8415959	.03014531	0	.1282588
730.15	0	.8415489	.03005787	0	.1283932
729.15	0	.8414994	.02997632	0	.1285243
728.15	0	.8414474	.02990053	0	.1286521
727.15	0	.8413931	.02983036	0	.1287766
726.15	0	.8413364	.02976568	0	.1288979
725.15	0	.8412775	.02970637	0	.1290161
724.15	0	.8412164	.0296523	0	.1291313
723.15	0	.8411532	.02960336	0	.1292434
722.15	0	.8410879	.02955942	0	.1293527
721.15	0	.8410206	.02952036	0	.1294591
720.15	0	.8409513	.02948607	0	.1295627
719.15	0	.8408801	.02945644	0	.1296635
718.15	0	.840807	.02943137	0	.1297617
717.15	0	.8407321	.02941073	0	.1298572
716.15	0	.8406554	.02939443	0	.1299502
715.15	0	.840577	.02938237	0	.1300406
714.15	0	.8404969	.02937444	0	.1301286
713.15	0	.8404152	.02937056	0	.1302142
712.15	0	.8403319	.02937061	0	.1302975
711.15	0	.8402471	.0293745	0	.1303784
710.15	0	.8401607	.02938216	0	.1304571
709.15	0	.8400729	.02939347	0	.1305337
708.15	0	.8399836	.02940837	0	.130608
707.15	0	.8398929	.02942675	0	.1306803
706.15	0	.8398009	.02944854	0	.1307505
705.15	0	.8397076	.02947365	0	.1308187
704.15	0	.839613	.02950201	0	.130885
703.15	0	.8395171	.02953353	0	.1309493
702.15	0	.8394201	.02956813	0	.1310118
701.15	0	.8393218	.02960574	0	.1310725
700.15	0	.8392224	.02964629	0	.1311313
699.15	0	.8391219	.02968971	0	.1311884
698.15	0	.8390203	.02973592	0	.1312438
697.15	0	.8389176	.02978485	0	.1312976
696.15	0	.8388139	.02983643	0	.1313497
695.15	0	.8387091	.02989061	0	.1314002
694.15	0	.8386034	.02994731	0	.1314492
693.15	0	.8384968	.03000648	0	.1314967
692.15	0	.8383893	.03006804	0	.1315427
691.15	0	.8382808	.03013194	0	.1315873
690.15	0	.8381715	.03019812	0	.1316304
689.15	0	.8380613	.03026652	0	.1316722
688.15	0	.8379503	.03033708	0	.1317126
687.15	0	.8378385	.03040976	0	.1317518
686.15	0	.8377259	.03048449	0	.1317896
685.15	0	.8376126	.03056121	0	.1318262
684.15	0	.8374985	.03063989	0	.1318616
683.15	0	.8373837	.03072047	0	.1318958
682.15	0	.8372682	.03080289	0	.1319289
681.15	0	.8371521	.03088711	0	.1319608
680.15	0	.8370353	.03097309	0	.1319917
679.15	0	.8369178	.03106077	0	.1320214
678.15	0	.8367997	.03115011	0	.1320501
677.15	0	.8366811	.03124107	0	.1320778
676.15	0	.8365619	.03133359	0	.1321045
675.15	0	.8364421	.03142765	0	.1321303
674.15	0	.8363217	.03152319	0	.1321551
673.15	0	.8362009	.03162018	0	.132179
672.15	0	.8360795	.03171858	0	.1322019
671.15	0	.8359576	.03181834	0	.1322241
670.15	0	.8358352	.03191943	0	.1322453
669.15	0	.8357124	.03202182	0	.1322658
668.15	0	.8355891	.03212546	0	.1322854
667.15	0	.8354654	.03223032	0	.1323043
666.15	0	.8353413	.03233636	0	.1323223
665.15	0	.8352168	.03244356	0	.1323397
664.15	0	.8350918	.03255187	0	.1323563
663.15	0	.8349665	.03266126	0	.1323722
662.15	0	.8348408	.03277171	0	.1323875
661.15	0	.8347148	.03288318	0	.132402
660.15	0	.8345884	.03299564	0	.132416
659.15	0	.8344617	.03310905	0	.1324292
658.15	0	.8343347	.0332234	0	.1324419
657.15	0	.8342073	.03333865	0	.132454
656.15	0	.8340797	.03345478	0	.1324655
655.15	0	.8339518	.03357175	0	.1324765
654.15	0	.8338236	.03368954	0	.1324869
653.15	0	.8336951	.03380812	0	.1324968
652.15	0	.8335664	.03392747	0	.1325061
651.15	0	.8334375	.03404757	0	.132515
650.15	0	.8333083	.03416838	0	.1325233
649.15	0	.8331789	.03428988	0	.1325312
648.15	0	.8330493	.03441205	0	.1325387
647.15	0	.8329194	.03453487	0	.1325457
646.15	0	.8327894	.03465832	0	.1325523
645.15	0	.8326592	.03478236	0	.1325584
644.15	0	.8325288	.03490699	0	.1325642
643.15	0	.8323983	.03503217	0	.1325695
642.15	0	.8322676	.03515789	0	.1325745
641.15	0	.8321367	.03528413	0	.1325791
640.15	0	.8320058	.03541087	0	.1325834
639.15	0	.8318746	.03553808	0	.1325873
638.15	0	.8317434	.03566576	0	.1325909
637.15	0	.831612	.03579387	0	.1325941
636.15	0	.8314805	.03592241	0	.1325971
635.15	0	.8313489	.03605135	0	.1325997
634.15	0	.8312173	.03618067	0	.1326021
633.15	0	.8310855	.03631037	0	.1326041
632.15	0	.8309536	.03644042	0	.132606
631.15	0	.8308217	.0365708	0	.1326075
630.15	0	.8306897	.03670151	0	.1326088
629.15	0	.8305577	.03683252	0	.1326098
628.15	0	.8304256	.03696381	0	.1326106
627.15	0	.8302934	.03709538	0	.1326112
626.15	0	.8301612	.03722721	0	.1326116
625.15	0	.8300289	.03735928	0	.1326118
624.15	0	.8298967	.03749158	0	.1326117
623.15	0	.8297644	.0376241	0	.1326115
622.15	0	.8296321	.03775682	0	.1326111
621.15	0	.8294998	.03788973	0	.1326105
620.15	0	.8293675	.03802281	0	.1326097
619.15	0	.8292351	.03815606	0	.1326088
618.15	0	.8291028	.03828945	0	.1326077
617.15	0	.8289705	.03842298	0	.1326065
616.15	0	.8288382	.03855664	0	.1326052
615.15	0	.8287059	.03869041	0	.1326037
614.15	0	.8285737	.03882428	0	.132602
613.15	0	.8284415	.03895824	0	.1326003
612.15	0	.8283093	.03909228	0	.1325984
611.15	0	.8281772	.03922638	0	.1325965
610.15	0	.8280451	.03936055	0	.1325944
609.15	0	.827913	.03949476	0	.1325922
608.15	0	.827781	.039629	0	.13259
607.15	0	.8276491	.03976327	0	.1325876
606.15	0	.8275172	.03989756	0	.1325852
605.15	0	.8273855	.04003185	0	.1325827
604.15	0	.8272537	.04016614	0	.1325801
603.15	0	.8271221	.04030042	0	.1325775
602.15	0	.8269905	.04043467	0	.1325748
601.15	0	.8268591	.04056889	0	.1325721
600.15	0	.8267277	.04070307	0	.1325692
599.15	0	.8265964	.0408372	0	.1325664
598.15	0	.8264652	.04097127	0	.1325635
597.15	0	.8263341	.04110528	0	.1325606
596.15	0	.8262031	.04123921	0	.1325576
595.15	0	.8260723	.04137306	0	.1325547
594.15	0	.8259415	.04150682	0	.1325517
593.15	0	.8258109	.04164047	0	.1325487
592.15	0	.8256804	.04177403	0	.1325456
591.15	0	.82555	.04190746	0	.1325426
590.15	0	.8254197	.04204078	0	.1325395
589.15	0	.8252896	.04217396	0	.1325365
588.15	0	.8251596	.04230701	0	.1325334
587.15	0	.8250298	.04243992	0	.1325303
586.15	0	.8249	.04257267	0	.1325273
585.15	0	.8247705	.04270527	0	.1325242
584.15	0	.8246411	.04283771	0	.1325212
583.15	0	.8245118	.04296997	0	.1325182
582.15	0	.8243827	.04310206	0	.1325152
581.15	0	.8242538	.04323396	0	.1325122
580.15	0	.824125	.04336567	0	.1325093
579.15	0	.8239964	.04349719	0	.1325064
578.15	0	.823868	.04362851	0	.1325035
577.15	0	.8237397	.04375962	0	.1325007
576.15	0	.8236116	.04389051	0	.1324979
575.15	0	.8234837	.04402119	0	.1324951
574.15	0	.823356	.04415163	0	.1324924
573.15	0	.8232284	.04428185	0	.1324897
572.15	0	.8231011	.04441183	0	.1324871
571.15	0	.8229739	.04454157	0	.1324845
570.15	0	.8228469	.04467107	0	.132482
569.15	0	.8227202	.0448003	0	.1324795
568.15	0	.8225936	.04492929	0	.1324771
567.15	0	.8224672	.04505801	0	.1324748
566.15	0	.822341	.04518646	0	.1324725
565.15	0	.8222151	.04531463	0	.1324703
564.15	0	.8220893	.04544253	0	.1324681
563.15	0	.8219638	.04557015	0	.1324661
562.15	0	.8218385	.04569748	0	.132464
561.15	0	.8217134	.04582452	0	.1324621
560.15	0	.8215885	.04595126	0	.1324602
559.15	0	.8214638	.04607771	0	.1324585
558.15	0	.8213394	.04620384	0	.1324568
557.15	0	.8212152	.04632967	0	.1324551
556.15	0	.8210912	.04645518	0	.1324536
555.15	0	.8209675	.04658037	0	.1324521
554.15	0	.820844	.04670524	0	.1324508
553.15	0	.8207207	.04682978	0	.1324495
552.15	0	.8205977	.04695399	0	.1324483
551.15	0	.820475	.04707787	0	.1324472
550.15	0	.8203524	.04720141	0	.1324462
549.15	0	.8202302	.0473246	0	.1324452
548.15	0	.8201081	.04744745	0	.1324444
547.15	0	.8199864	.04756994	0	.1324437
546.15	0	.8198648	.04769208	0	.1324431
545.15	0	.8197436	.04781387	0	.1324426
544.15	0	.8196226	.04793529	0	.1324421
543.15	0	.8195018	.04805635	0	.1324418
542.15	0	.8193814	.04817703	0	.1324416
541.15	0	.8192612	.04829734	0	.1324415
540.15	0	.8191412	.04841728	0	.1324415
539.15	0	.8190216	.04853684	0	.1324416
538.15	0	.8189022	.04865601	0	.1324418
537.15	0	.8187831	.0487748	0	.1324421
536.15	0	.8186642	.0488932	0	.1324426
535.15	0	.8185457	.0490112	0	.1324431
534.15	0	.8184274	.04912881	0	.1324438
533.15	0	.8183094	.04924602	0	.1324445
532.15	0	.8181918	.04936282	0	.1324454
531.15	0	.8180743	.04947922	0	.1324464
530.15	0	.8179572	.04959521	0	.1324476
529.15	0	.8178404	.04971079	0	.1324488
528.15	0	.8177239	.04982595	0	.1324502
527.15	0	.8176077	.04994069	0	.1324517
526.15	0	.8174917	.05005502	0	.1324533
525.15	0	.8173761	.05016892	0	.132455
524.15	0	.8172608	.05028239	0	.1324568
523.15	0	.8171458	.05039543	0	.1324588
522.15	0	.817031	.05050804	0	.1324609
521.15	0	.8169166	.05062021	0	.1324631
520.15	0	.8168026	.05073195	0	.1324655
519.15	0	.8166888	.05084324	0	.132468
518.15	0	.8165753	.05095409	0	.1324706
517.15	0	.8164622	.0510645	0	.1324733
516.15	0	.8163494	.05117446	0	.1324762
515.15	0	.8162369	.05128396	0	.1324792
514.15	0	.8161247	.05139301	0	.1324823
513.15	0	.8160128	.0515016	0	.1324856
512.15	0	.8159013	.05160974	0	.132489
511.15	0	.8157901	.05171741	0	.1324925
510.15	0	.8156793	.05182462	0	.1324961
509.15	0	.8155687	.05193136	0	.1324999
508.15	0	.8154585	.05203763	0	.1325039
507.15	0	.8153487	.05214344	0	.1325079
506.15	0	.8152391	.05224876	0	.1325121
505.15	0	.81513	.05235361	0	.1325164
504.15	0	.8150211	.05245799	0	.1325209
503.15	0	.8149126	.05256188	0	.1325255
502.15	0	.8148045	.05266529	0	.1325302
501.15	0	.8146967	.05276821	0	.1325351
500.15	0	.8145892	.05287065	0	.1325401
499.15	0	.8144821	.0529726	0	.1325453
498.15	0	.8143754	.05307405	0	.1325506
497.15	0	.814269	.05317501	0	.132556
496.15	0	.8141629	.05327548	0	.1325616
495.15	0	.8140572	.05337545	0	.1325673
494.15	0	.8139519	.05347492	0	.1325732
493.15	0	.813847	.05357388	0	.1325792
492.15	0	.8137424	.05367234	0	.1325853
491.15	0	.8136381	.0537703	0	.1325916
490.15	0	.8135343	.05386774	0	.132598
489.15	0	.8134308	.05396468	0	.1326046
488.15	0	.8133276	.05406111	0	.1326113
487.15	0	.8132249	.05415702	0	.1326181
486.15	0	.8131225	.05425241	0	.1326251
485.15	0	.8130205	.05434729	0	.1326322
484.15	0	.8129188	.05444165	0	.1326395
483.15	0	.8128176	.05453549	0	.1326469
482.15	0	.8127167	.0546288	0	.1326545
481.15	0	.8126162	.05472159	0	.1326622
480.15	0	.8125161	.05481385	0	.1326701
479.15	0	.8124164	.05490559	0	.1326781
478.15	0	.812317	.05499679	0	.1326862
477.15	0	.8122181	.05508746	0	.1326945
476.15	0	.8121195	.0551776	0	.1327029
475.15	0	.8120213	.05526721	0	.1327115
474.15	0	.8119235	.05535627	0	.1327202
473.15	0	.8118261	.0554448	0	.1327291
472.15	0	.8117291	.05553279	0	.1327381
471.15	0	.8116325	.05562024	0	.1327473
470.15	0	.8115363	.05570715	0	.1327566
469.15	0	.8114405	.05579351	0	.132766
468.15	0	.8113451	.05587932	0	.1327756
467.15	0	.8112501	.05596459	0	.1327853
466.15	0	.8111555	.05604931	0	.1327952
465.15	0	.8110613	.05613348	0	.1328052
464.15	0	.8109675	.0562171	0	.1328154
463.15	0	.8108741	.05630016	0	.1328257
462.15	0	.8107811	.05638267	0	.1328362
461.15	0	.8106886	.05646463	0	.1328468
460.15	0	.8105964	.05654602	0	.1328576
459.15	0	.8105047	.05662686	0	.1328685
458.15	0	.8104133	.05670714	0	.1328795
457.15	0	.8103224	.05678686	0	.1328907
456.15	0	.8102319	.05686602	0	.132902
455.15	0	.8101418	.05694461	0	.1329135
454.15	0	.8100522	.05702264	0	.1329252
453.15	0	.809963	.05710011	0	.1329369
452.15	0	.8098741	.057177	0	.1329489
451.15	0	.8097858	.05725333	0	.1329609
450.15	0	.8096978	.05732909	0	.1329731
449.15	0	.8096103	.05740419	0	.1329855
448.15	0	.8095233	.0574787	0	.132998
447.15	0	.8094367	.05755262	0	.1330107
446.15	0	.8093506	.05762594	0	.1330235
445.15	0	.809265	.05769865	0	.1330364
444.15	0	.8091798	.05777075	0	.1330495
443.15	0	.809095	.05784222	0	.1330628
442.15	0	.8090108	.05791306	0	.1330761
441.15	0	.808927	.05798326	0	.1330897
440.15	0	.8088438	.05805281	0	.1331034
439.15	0	.8087611	.0581217	0	.1331172
438.15	0	.8086788	.05818993	0	.1331312
437.15	0	.8085971	.05825749	0	.1331454
436.15	0	.8085159	.05832438	0	.1331597
435.15	0	.8084353	.05839059	0	.1331742
434.15	0	.8083551	.05845611	0	.1331888
433.15	0	.8082755	.05852093	0	.1332035
432.15	0	.8081965	.05858506	0	.1332185
431.15	0	.808118	.05864849	0	.1332335
430.15	0	.80804	.05871122	0	.1332488
429.15	0	.8079626	.05877323	0	.1332641
428.15	0	.8078858	.05883454	0	.1332797
427.15	0	.8078095	.05889512	0	.1332954
426.15	0	.8077338	.05895499	0	.1333112
425.15	0	.8076587	.05901413	0	.1333272
424.15	0	.8075841	.05907255	0	.1333433
423.15	0	.8075102	.05913025	0	.1333596
422.15	0	.8074367	.05918721	0	.133376
421.15	0	.8073639	.05924344	0	.1333927
420.15	0	.8072917	.05929894	0	.1334094
419.15	0	.80722	.05935371	0	.1334263
418.15	0	.8071489	.05940774	0	.1334433
417.15	0	.8070784	.05946104	0	.1334605
