T	 BPW(LIQUID)	BPW(BCC_A2)	BPW(FCC_A1)	BPW(LAVES_PHASE_C14)	BPW(NI3TI)
1473.15	.2825904	.7174096	0	0	0
1472.15	.2793582	.7206418	0	0	0
1471.15	.27615	.72385	0	0	0
1470.15	.2729654	.7270346	0	0	0
1469.15	.2698044	.7301956	0	0	0
1468.15	.2666668	.7333332	0	0	0
1467.15	.2635524	.7364476	0	0	0
1466.15	.260461	.739539	0	0	0
1465.15	.2573924	.7426076	0	0	0
1464.15	.2543466	.7456534	0	0	0
1463.15	.2513232	.7486768	0	0	0
1462.15	.2483222	.7516778	0	0	0
1461.15	.2453434	.7546566	0	0	0
1460.15	.2423865	.7576135	0	0	0
1459.15	.2394516	.7605484	0	0	0
1458.15	.2365382	.7634618	0	0	0
1457.15	.2336464	.7663536	0	0	0
1456.15	.230776	.769224	0	0	0
1455.15	.2279267	.7720733	0	0	0
1454.15	.2250985	.7749015	0	0	0
1453.15	.2222911	.7777089	0	0	0
1452.15	.2195044	.7804956	0	0	0
1451.15	.2167383	.7832617	0	0	0
1450.15	.2139926	.7860074	0	0	0
1449.15	.2112671	.7887329	0	0	0
1448.15	.2085616	.7914384	0	0	0
1447.15	.2058762	.7941239	0	0	0
1446.15	.2032104	.7967896	0	0	0
1445.15	.2005643	.7994357	0	0	0
1444.15	.1979377	.8020623	0	0	0
1443.15	.1953304	.8046696	0	0	0
1442.15	.1927422	.8072578	0	0	0
1441.15	.1901731	.8098269	0	0	0
1440.15	.1876229	.8123772	0	0	0
1439.15	.1850913	.8149087	0	0	0
1438.15	.1825784	.8174216	0	0	0
1437.15	.1800839	.8199161	0	0	0
1436.15	.1776077	.8223923	0	0	0
1435.15	.1751496	.8248504	0	0	0
1434.15	.1727096	.8272904	0	0	0
1433.15	.1702874	.8297126	0	0	0
1432.15	.167883	.832117	0	0	0
1431.15	.1654961	.8345039	0	0	0
1430.15	.1631267	.8368733	0	0	0
1429.15	.1607747	.8392253	0	0	0
1428.15	.1584398	.8415602	0	0	0
1427.15	.156122	.843878	0	0	0
1426.15	.153821	.846179	0	0	0
1425.548	.152445	.847555	0	0	0
1425.548	.152445	.847555	0	0	0
1425.548	.152445	.847555	0	0	0
1425.15	.1510255	.8484104	0	5.64117E-04	0
1424.15	.1474954	.8505341	0	.001970483	0
1423.15	.144011	.8526253	0	.003363637	0
1422.15	.1405714	.8546847	0	.004743848	0
1421.15	.1371757	.8567129	0	.006111377	0
1420.15	.1338231	.8587104	0	.007466477	0
1419.15	.1305126	.860678	0	.008809396	0
1418.15	.1272436	.862616	0	.01014038	0
1417.15	.1240151	.8645253	0	.01145965	0
1416.15	.1208264	.8664061	0	.01276745	0
1415.15	.1176767	.8682593	0	.014064	0
1414.15	.1145654	.8700851	0	.01534952	0
1413.15	.1114916	.8718842	0	.01662421	0
1412.15	.1084547	.873657	0	.01788828	0
1411.15	.1054539	.8754041	0	.01914195	0
1410.15	.1024887	.8771259	0	.02038539	0
1409.15	.09955824	.8788229	0	.02161881	0
1408.15	.09666201	.8804956	0	.0228424	0
1407.15	.09379935	.8821443	0	.02405633	0
1406.15	.09096964	.8837696	0	.02526078	0
1405.15	.08817229	.8853718	0	.02645593	0
1404.15	.08540671	.8869513	0	.02764195	0
1403.15	.08267233	.8885087	0	.02881901	0
1402.15	.0799686	.8900442	0	.02998725	0
1401.15	.07729496	.8915582	0	.03114685	0
1400.15	.07465088	.8930512	0	.03229796	0
1399.15	.07203585	.8945234	0	.03344073	0
1398.15	.06944935	.8959753	0	.0345753	0
1397.15	.06689089	.8974073	0	.03570183	0
1396.15	.06435997	.8988196	0	.03682044	0
1395.15	.06185612	.9002126	0	.03793129	0
1394.15	.05937888	.9015866	0	.03903449	0
1393.15	.0569278	.902942	0	.04013019	0
1392.15	.05450241	.9042791	0	.04121851	0
1391.15	.05210229	.9055981	0	.04229957	0
1390.15	.04972702	.9068995	0	.04337351	0
1389.15	.04737617	.9081834	0	.04444043	0
1388.15	.04504934	.9094502	0	.04550046	0
1387.15	.04274612	.9107002	0	.04655372	0
1386.15	.04046613	.9119336	0	.04760031	0
1385.15	.03820897	.9131507	0	.04864033	0
1384.15	.03597429	.9143518	0	.04967391	0
1383.15	.0337617	.9155372	0	.05070115	0
1382.15	.03157085	.916707	0	.05172214	0
1381.15	.02940138	.9178616	0	.05273699	0
1380.15	.02725296	.9190012	0	.0537458	0
1379.15	.02512524	.9201261	0	.05474866	0
1378.15	.02301789	.9212364	0	.05574567	0
1377.15	.02093059	.9223325	0	.05673692	0
1376.15	.01886302	.9234145	0	.0577225	0
1375.15	.01681486	.9244826	0	.0587025	0
1374.15	.01478582	.9255372	0	.059677	0
1373.15	.01277559	.9265783	0	.06064609	0
1372.15	.01078388	.9276063	0	.06160985	0
1371.15	.0088104	.9286212	0	.06256837	0
1370.15	.00685487	.9296234	0	.06352173	0
1369.15	.004917014	.930613	0	.06446999	0
1368.15	.00299656	.9315902	0	.06541325	0
1367.15	.001093242	.9325552	0	.06635157	0
1366.572	0	.9331079	0	.0668921	0
1366.572	0	.9331079	0	.0668921	0
1366.15	0	.9328251	0	.06717488	0
1365.15	0	.9321554	0	.06784459	0
1364.15	0	.9314872	0	.06851278	0
1363.15	0	.9308205	0	.06917947	0
1362.15	0	.9301554	0	.06984465	0
1361.15	0	.9294917	0	.07050832	0
1360.15	0	.9288295	0	.07117051	0
1359.15	0	.9281688	0	.0718312	0
1358.15	0	.9275096	0	.0724904	0
1357.15	0	.9268519	0	.07314813	0
1356.15	0	.9261956	0	.07380437	0
1355.15	0	.9255408	0	.07445915	0
1354.15	0	.9248875	0	.07511246	0
1353.15	0	.9242357	0	.0757643	0
1352.15	0	.9235853	0	.07641469	0
1351.15	0	.9229364	0	.07706362	0
1350.15	0	.9222889	0	.07771111	0
1349.15	0	.9216429	0	.07835715	0
1348.15	0	.9209982	0	.07900176	0
1347.15	0	.9203551	0	.07964493	0
1346.15	0	.9197133	0	.08028667	0
1345.15	0	.919073	0	.08092698	0
1344.15	0	.9184341	0	.08156587	0
1343.15	0	.9177967	0	.08220335	0
1342.15	0	.9171606	0	.08283941	0
1341.15	0	.9165259	0	.08347407	0
1340.15	0	.9158927	0	.08410732	0
1339.15	0	.9152608	0	.08473917	0
1338.15	0	.9146304	0	.08536963	0
1337.15	0	.9140013	0	.0859987	0
1336.15	0	.9133736	0	.08662639	0
1335.15	0	.9127473	0	.08725269	0
1334.15	0	.9121224	0	.08787762	0
1333.15	0	.9114988	0	.08850117	0
1332.15	0	.9108767	0	.08912335	0
1331.15	0	.9102558	0	.08974417	0
1330.15	0	.9096364	0	.09036364	0
1329.15	0	.9090183	0	.09098174	0
1328.15	0	.9084015	0	.09159849	0
1327.15	0	.9077861	0	.0922139	0
1326.15	0	.907172	0	.09282796	0
1325.15	0	.9065593	0	.09344069	0
1324.15	0	.9059479	0	.09405207	0
1323.15	0	.9053379	0	.09466213	0
1322.15	0	.9047291	0	.09527086	0
1321.15	0	.9041217	0	.09587827	0
1320.15	0	.9035156	0	.09648436	0
1319.15	0	.9029109	0	.09708914	0
1318.15	0	.9023074	0	.0976926	0
1317.15	0	.9017052	0	.09829476	0
1316.15	0	.9011044	0	.09889562	0
1315.15	0	.9005048	0	.09949517	0
1314.15	0	.8999066	0	.1000934	0
1313.15	0	.8993096	0	.1006904	0
1312.15	0	.8987139	0	.1012861	0
1311.15	0	.8981195	0	.1018805	0
1310.15	0	.8975264	0	.1024736	0
1309.15	0	.8969345	0	.1030655	0
1308.15	0	.896344	0	.103656	0
1307.15	0	.8957547	0	.1042453	0
1306.15	0	.8951666	0	.1048334	0
1305.15	0	.8945798	0	.1054202	0
1304.15	0	.8939943	0	.1060057	0
1303.15	0	.89341	0	.10659	0
1302.15	0	.892827	0	.107173	0
1301.15	0	.8922452	0	.1077548	0
1300.15	0	.8916647	0	.1083353	0
1299.15	0	.8910854	0	.1089146	0
1298.15	0	.8905073	0	.1094927	0
1297.15	0	.8899305	0	.1100695	0
1296.15	0	.8893549	0	.1106451	0
1295.15	0	.8887805	0	.1112195	0
1294.15	0	.8882073	0	.1117927	0
1293.15	0	.8876354	0	.1123647	0
1292.15	0	.8870646	0	.1129354	0
1291.15	0	.8864951	0	.1135049	0
1290.15	0	.8859268	0	.1140732	0
1289.15	0	.8853596	0	.1146404	0
1288.15	0	.8847937	0	.1152063	0
1287.15	0	.884229	0	.115771	0
1286.15	0	.8836654	0	.1163346	0
1285.15	0	.8831031	0	.1168969	0
1284.15	0	.8825419	0	.1174581	0
1283.15	0	.8819819	0	.1180181	0
1282.15	0	.8814231	0	.1185769	0
1281.15	0	.8808655	0	.1191345	0
1280.15	0	.880309	0	.119691	0
1279.15	0	.8797537	0	.1202463	0
1278.15	0	.8791996	0	.1208004	0
1277.15	0	.8786466	0	.1213534	0
1276.15	0	.8780948	0	.1219052	0
1275.15	0	.8775441	0	.1224559	0
1274.15	0	.8769946	0	.1230054	0
1273.15	0	.8764463	0	.1235537	0
1272.15	0	.8758991	0	.1241009	0
1271.15	0	.875353	0	.124647	0
1270.15	0	.874808	0	.125192	0
1269.15	0	.8742642	0	.1257358	0
1268.15	0	.8737216	0	.1262784	0
1267.15	0	.87318	0	.12682	0
1266.15	0	.8726396	0	.1273604	0
1265.15	0	.8721003	0	.1278997	0
1264.15	0	.8715621	0	.1284379	0
1263.15	0	.8710251	0	.128975	0
1262.15	0	.8704891	0	.1295109	0
1261.15	0	.8699543	0	.1300458	0
1260.15	0	.8694205	0	.1305795	0
1259.15	0	.8688879	0	.1311121	0
1258.15	0	.8683563	0	.1316437	0
1257.15	0	.8678259	0	.1321741	0
1256.15	0	.8672966	0	.1327034	0
1255.15	0	.8667683	0	.1332317	0
1254.15	0	.8662412	0	.1337589	0
1253.15	0	.8657151	0	.1342849	0
1252.15	0	.8651901	0	.1348099	0
1251.15	0	.8646662	0	.1353339	0
1250.15	0	.8641433	0	.1358567	0
1249.15	0	.8636215	0	.1363785	0
1248.15	0	.8631008	0	.1368992	0
1247.15	0	.8625812	0	.1374188	0
1246.15	0	.8620626	0	.1379374	0
1245.15	0	.8615451	0	.1384549	0
1244.15	0	.8610287	0	.1389713	0
1243.15	0	.8605133	0	.1394867	0
1242.15	0	.8599989	0	.1400011	0
1241.15	0	.8594856	0	.1405144	0
1240.15	0	.8589734	0	.1410266	0
1239.15	0	.8584622	0	.1415378	0
1238.15	0	.857952	0	.142048	0
1237.15	0	.8574429	0	.1425571	0
1236.15	0	.8569348	0	.1430652	0
1235.15	0	.8564278	0	.1435722	0
1234.15	0	.8559217	0	.1440783	0
1233.15	0	.8554167	0	.1445833	0
1232.15	0	.8549128	0	.1450872	0
1231.15	0	.8544098	0	.1455902	0
1230.15	0	.8539079	0	.1460921	0
1229.15	0	.853407	0	.146593	0
1228.15	0	.8529071	0	.1470929	0
1227.15	0	.8524082	0	.1475918	0
1226.15	0	.8519103	0	.1480897	0
1225.15	0	.8514134	0	.1485866	0
1224.15	0	.8509176	0	.1490825	0
1223.15	0	.8504227	0	.1495773	0
1222.15	0	.8499288	0	.1500712	0
1221.15	0	.8494359	0	.1505641	0
1220.15	0	.848944	0	.151056	0
1219.15	0	.8484531	0	.1515469	0
1218.15	0	.8479632	0	.1520368	0
1217.15	0	.8474743	0	.1525257	0
1216.15	0	.8469864	0	.1530136	0
1215.15	0	.8464994	0	.1535006	0
1214.15	0	.8460134	0	.1539866	0
1213.15	0	.8455284	0	.1544716	0
1212.15	0	.8450444	0	.1549556	0
1211.15	0	.8445613	0	.1554387	0
1210.15	0	.8440792	0	.1559208	0
1209.15	0	.8435981	0	.1564019	0
1208.15	0	.8431179	0	.1568821	0
1207.15	0	.8426387	0	.1573613	0
1206.15	0	.8421604	0	.1578396	0
1205.15	0	.8416831	0	.1583169	0
1204.15	0	.8412068	0	.1587932	0
1203.15	0	.8407314	0	.1592686	0
1202.15	0	.8402569	0	.1597431	0
1201.15	0	.8397834	0	.1602166	0
1200.15	0	.8393109	0	.1606891	0
1199.15	0	.8388393	0	.1611607	0
1198.15	0	.8383686	0	.1616314	0
1197.15	0	.8378988	0	.1621012	0
1196.15	0	.83743	0	.16257	0
1195.15	0	.8369621	0	.1630379	0
1194.15	0	.8364952	0	.1635048	0
1193.15	0	.8360292	0	.1639709	0
1192.15	0	.8355641	0	.1644359	0
1191.15	0	.8350999	0	.1649001	0
1190.15	0	.8346366	0	.1653634	0
1189.15	0	.8341743	0	.1658257	0
1188.15	0	.8337129	0	.1662872	0
1187.15	0	.8332523	0	.1667477	0
1186.15	0	.8327927	0	.1672073	0
1185.15	0	.832334	0	.167666	0
1184.15	0	.8318763	0	.1681238	0
1183.15	0	.8314194	0	.1685806	0
1182.15	0	.8309634	0	.1690366	0
1181.15	0	.8305083	0	.1694917	0
1180.15	0	.8300541	0	.1699459	0
1179.15	0	.8296008	0	.1703992	0
1178.15	0	.8291484	0	.1708516	0
1177.15	0	.8286969	0	.1713031	0
1176.15	0	.8282463	0	.1717537	0
1175.15	0	.8277966	0	.1722034	0
1174.15	0	.8273477	0	.1726523	0
1173.15	0	.8268998	0	.1731002	0
1172.15	0	.8264527	0	.1735473	0
1171.15	0	.8260065	0	.1739935	0
1170.15	0	.8255612	0	.1744388	0
1169.15	0	.8251167	0	.1748833	0
1168.15	0	.8246731	0	.1753269	0
1167.15	0	.8242304	0	.1757696	0
1166.15	0	.8237886	0	.1762114	0
1165.15	0	.8233476	0	.1766524	0
1164.15	0	.8229075	0	.1770925	0
1163.15	0	.8224683	0	.1775317	0
1162.15	0	.8220299	0	.1779701	0
1161.15	0	.8215924	0	.1784077	0
1160.15	0	.8211557	0	.1788443	0
1159.15	0	.8207199	0	.1792801	0
1158.15	0	.8202849	0	.1797151	0
1157.15	0	.8198508	0	.1801492	0
1156.15	0	.8194175	0	.1805825	0
1155.15	0	.8189851	0	.1810149	0
1154.15	0	.8185535	0	.1814465	0
1153.15	0	.8181228	0	.1818773	0
1152.15	0	.8176929	0	.1823072	0
1151.15	0	.8172638	0	.1827362	0
1150.15	0	.8168356	0	.1831644	0
1149.15	0	.8164082	0	.1835918	0
1148.15	0	.8159816	0	.1840184	0
1147.15	0	.8155559	0	.1844441	0
1146.15	0	.815131	0	.184869	0
1145.15	0	.814707	0	.185293	0
1144.15	0	.8142837	0	.1857163	0
1143.15	0	.8138613	0	.1861387	0
1142.15	0	.8134397	0	.1865603	0
1141.15	0	.8130189	0	.1869811	0
1140.15	0	.812599	0	.187401	0
1139.15	0	.8121798	0	.1878202	0
1138.15	0	.8117615	0	.1882385	0
1137.15	0	.811344	0	.188656	0
1136.15	0	.8109273	0	.1890727	0
1135.15	0	.8105114	0	.1894886	0
1134.15	0	.8100963	0	.1899037	0
1133.15	0	.809682	0	.190318	0
1132.15	0	.8092686	0	.1907314	0
1131.15	0	.8088559	0	.1911441	0
1130.15	0	.808444	0	.191556	0
1129.15	0	.8080329	0	.1919671	0
1128.15	0	.8076227	0	.1923774	0
1127.15	0	.8072132	0	.1927868	0
1126.15	0	.8068045	0	.1931955	0
1125.15	0	.8063966	0	.1936034	0
1124.15	0	.8059895	0	.1940105	0
1123.15	0	.8055831	0	.1944169	0
1122.15	0	.8051776	0	.1948224	0
1121.15	0	.8047728	0	.1952272	0
1120.15	0	.8043689	0	.1956311	0
1119.15	0	.8039657	0	.1960343	0
1118.15	0	.8035633	0	.1964367	0
1117.15	0	.8031617	0	.1968383	0
1116.15	0	.8027608	0	.1972392	0
1115.15	0	.8023607	0	.1976393	0
1114.15	0	.8019614	0	.1980386	0
1113.15	0	.8015629	0	.1984371	0
1112.15	0	.8011651	0	.1988349	0
1111.15	0	.8007681	0	.1992319	0
1110.15	0	.8003719	0	.1996281	0
1109.15	0	.7999764	0	.2000236	0
1108.15	0	.7995817	0	.2004183	0
1107.15	0	.7991878	0	.2008122	0
1106.15	0	.7987946	0	.2012054	0
1105.15	0	.7984022	0	.2015978	0
1104.15	0	.7980106	0	.2019894	0
1103.15	0	.7976197	0	.2023804	0
1102.15	0	.7972295	0	.2027705	0
1101.15	0	.7968401	0	.2031599	0
1100.15	0	.7964515	0	.2035485	0
1099.15	0	.7960636	0	.2039364	0
1098.15	0	.7956764	0	.2043236	0
1097.15	0	.79529	0	.20471	0
1096.15	0	.7949044	0	.2050956	0
1095.15	0	.7945195	0	.2054805	0
1094.199	0	.7941543	0	.2058457	0
1094.199	0	.7941543	0	.2058457	0
1094.199	0	.7941543	0	.2058457	0
1094.15	0	.794105	3.265574E-05	.2058624	0
1093.15	0	.7931099	6.914307E-04	.2061987	0
1092.15	0	.7921174	.001348393	.2065342	0
1091.15	0	.7911276	.002003546	.2068688	0
1090.15	0	.7901405	.002656892	.2072026	0
1089.15	0	.7891559	.003308434	.2075356	0
1088.15	0	.7881741	.003958173	.2078678	0
1087.15	0	.7871948	.004606113	.2081991	0
1086.15	0	.7862182	.005252256	.2085296	0
1085.15	0	.7852442	.005896605	.2088592	0
1084.15	0	.7842728	.006539162	.209188	0
1083.15	0	.783304	.007179929	.209516	0
1082.15	0	.7823379	.007818911	.2098432	0
1081.15	0	.7813743	.008456108	.2101696	0
1080.15	0	.7804134	.009091523	.2104951	0
1079.15	0	.779455	.00972516	.2108198	0
1078.15	0	.7784993	.01035702	.2111437	0
1077.15	0	.7775461	.01098711	.2114668	0
1076.15	0	.7765955	.01161542	.2117891	0
1075.15	0	.7756475	.01224197	.2121105	0
1074.15	0	.7747021	.01286675	.2124311	0
1073.15	0	.7737593	.01348976	.212751	0
1072.15	0	.772819	.01411102	.21307	0
1071.15	0	.7718813	.01473051	.2133882	0
1070.15	0	.7709462	.01534825	.2137056	0
1069.15	0	.7700136	.01596424	.2140222	0
1068.15	0	.7690836	.01657847	.214338	0
1067.15	0	.7681561	.01719096	.214653	0
1066.15	0	.7672312	.0178017	.2149671	0
1065.15	0	.7663088	.0184107	.2152805	0
1064.15	0	.7653889	.01901795	.2155931	0
1063.15	0	.7644716	.01962347	.2159049	0
1062.15	0	.7635569	.02022726	.2162159	0
1061.15	0	.7626446	.02082931	.2165261	0
1060.15	0	.7617349	.02142963	.2168355	0
1059.15	0	.7608277	.02202822	.2171441	0
1058.15	0	.759923	.02262508	.2174519	0
1057.15	0	.7590209	.02322023	.2177589	0
1056.15	0	.7581212	.02381365	.2180651	0
1055.15	0	.7572241	.02440536	.2183706	0
1054.15	0	.7563294	.02499535	.2186752	0
1053.15	0	.7554373	.02558363	.2189791	0
1052.15	0	.7545477	.0261702	.2192821	0
1051.15	0	.7536605	.02675507	.2195844	0
1050.15	0	.7527758	.02733823	.2198859	0
1049.15	0	.7518937	.02791969	.2201867	0
1048.15	0	.751014	.02849945	.2204866	0
1047.15	0	.7501368	.02907751	.2207857	0
1046.15	0	.749262	.02965389	.2210841	0
1045.15	0	.7483897	.03022857	.2213817	0
1044.15	0	.7475199	.03080157	.2216785	0
1043.15	0	.7466526	.03137288	.2219745	0
1042.15	0	.7457877	.03194251	.2222698	0
1041.15	0	.7449253	.03251046	.2225643	0
1040.15	0	.7440653	.03307673	.222858	0
1039.15	0	.7432078	.03364134	.2231509	0
1038.15	0	.7423527	.03420427	.223443	0
1037.15	0	.7415001	.03476553	.2237344	0
1036.15	0	.7406499	.03532513	.224025	0
1035.15	0	.7398021	.03588308	.2243148	0
1034.15	0	.7389568	.03643936	.2246039	0
1033.15	0	.7381139	.03699399	.2248921	0
1032.15	0	.7372734	.03754696	.2251797	0
1031.15	0	.7364353	.03809829	.2254664	0
1030.15	0	.7355997	.03864797	.2257523	0
1029.15	0	.7347665	.03919601	.2260375	0
1028.15	0	.7339356	.03974241	.2263219	0
1027.15	0	.7331072	.04028717	.2266056	0
1026.15	0	.7322812	.0408303	.2268885	0
1025.15	0	.7314576	.04137181	.2271706	0
1024.15	0	.7306364	.04191168	.2274519	0
1023.15	0	.7298176	.04244994	.2277325	0
1022.15	0	.7290011	.04298657	.2280123	0
1021.15	0	.7281871	.04352159	.2282914	0
1020.15	0	.7273754	.044055	.2285696	0
1019.15	0	.7265661	.0445868	.2288471	0
1018.15	0	.7257591	.04511699	.2291239	0
1017.15	0	.7249546	.04564558	.2293998	0
1016.15	0	.7241524	.04617258	.229675	0
1015.15	0	.7233525	.04669798	.2299495	0
1014.15	0	.7225551	.04722179	.2302231	0
1013.15	0	.7217599	.04774401	.230496	0
1012.15	0	.7209672	.04826466	.2307682	0
1011.15	0	.7201767	.04878372	.2310395	0
1010.15	0	.7193886	.04930121	.2313101	0
1009.15	0	.7186029	.04981713	.23158	0
1008.15	0	.7178195	.05033148	.231849	0
1007.15	0	.7170384	.05084427	.2321173	0
1006.15	0	.7162596	.0513555	.2323849	0
1005.15	0	.7154832	.05186518	.2326516	0
1004.15	0	.7147091	.05237331	.2329176	0
1003.15	0	.7139372	.05287989	.2331829	0
1002.15	0	.7131677	.05338493	.2334473	0
1001.15	0	.7124005	.05388844	.233711	0
1000.15	0	.7116356	.05439042	.2339739	0
999.15	0	.710873	.05489087	.2342361	0
998.15	0	.7101127	.05538979	.2344975	0
997.15	0	.7093547	.0558872	.2347581	0
996.15	0	.7085989	.0563831	.235018	0
995.15	0	.7078455	.05687749	.235277	0
994.15	0	.7070943	.05737038	.2355354	0
993.15	0	.7063453	.05786177	.2357929	0
992.15	0	.7055987	.05835167	.2360496	0
991.15	0	.7048543	.05884009	.2363056	0
990.15	0	.7041121	.05932702	.2365609	0
989.15	0	.7033722	.05981247	.2368153	0
988.15	0	.7026346	.06029646	.237069	0
987.15	0	.7018992	.06077898	.2373219	0
986.15	0	.701166	.06126004	.237574	0
985.15	0	.700435	.06173965	.2378253	0
984.15	0	.6997063	.06221782	.2380759	0
983.15	0	.6989798	.06269454	.2383257	0
982.15	0	.6982555	.06316983	.2385747	0
981.15	0	.6975334	.06364369	.2388229	0
980.15	0	.6968135	.06411613	.2390703	0
979.15	0	.6960959	.06458715	.239317	0
978.15	0	.6953804	.06505676	.2395629	0
977.15	0	.6946671	.06552497	.239808	0
976.15	0	.6939559	.06599179	.2400523	0
975.15	0	.693247	.06645721	.2402958	0
974.15	0	.6925402	.06692126	.2405385	0
973.15	0	.6918356	.06738393	.2407805	0
972.15	0	.6911332	.06784524	.2410216	0
971.15	0	.6904328	.06830518	.241262	0
970.15	0	.6897347	.06876377	.2415016	0
969.15	0	.6890387	.06922102	.2417403	0
968.15	0	.6883448	.06967694	.2419783	0
967.15	0	.687653	.07013152	.2422155	0
966.15	0	.6869634	.07058478	.2424519	0
965.15	0	.6862758	.07103674	.2426874	0
964.15	0	.6855904	.07148739	.2429222	0
963.15	0	.6849071	.07193674	.2431562	0
962.15	0	.6842258	.07238481	.2433894	0
961.15	0	.6835467	.0728316	.2436217	0
960.15	0	.6828696	.07327712	.2438533	0
959.15	0	.6821946	.07372139	.244084	0
958.15	0	.6815216	.07416441	.244314	0
957.15	0	.6808507	.07460618	.2445431	0
956.15	0	.6801819	.07504673	.2447714	0
955.15	0	.6795151	.07548605	.2449989	0
954.15	0	.6788503	.07592417	.2452255	0
953.15	0	.6781875	.07636109	.2454514	0
952.15	0	.6775268	.07679682	.2456764	0
951.15	0	.676868	.07723137	.2459006	0
950.15	0	.6762113	.07766475	.246124	0
949.15	0	.6755565	.07809698	.2463465	0
948.15	0	.6749038	.07852806	.2465682	0
947.15	0	.674253	.078958	.246789	0
946.15	0	.6736041	.07938683	.2470091	0
945.15	0	.6729572	.07981455	.2472282	0
944.15	0	.6723123	.08024117	.2474466	0
943.15	0	.6716692	.0806667	.2476641	0
942.15	0	.6710281	.08109116	.2478807	0
941.15	0	.6703889	.08151456	.2480965	0
940.15	0	.6697517	.08193692	.2483114	0
939.15	0	.6691163	.08235824	.2485255	0
938.15	0	.6684827	.08277854	.2487387	0
937.15	0	.6678511	.08319784	.2489511	0
936.15	0	.6672213	.08361615	.2491626	0
935.15	0	.6665933	.08403347	.2493732	0
934.15	0	.6659672	.08444984	.2495829	0
933.15	0	.6653429	.08486526	.2497918	0
932.15	0	.6647205	.08527974	.2499998	0
931.15	0	.6640998	.08569331	.2502069	0
930.15	0	.6634809	.08610598	.2504131	0
929.15	0	.6628638	.08651776	.2506185	0
928.15	0	.6622484	.08692867	.2508229	0
927.15	0	.6616348	.08733874	.2510265	0
926.15	0	.6610229	.08774796	.2512291	0
925.15	0	.6604128	.08815637	.2514308	0
924.15	0	.6598044	.08856398	.2516317	0
923.15	0	.6591976	.0889708	.2518316	0
922.15	0	.6585926	.08937686	.2520306	0
921.15	0	.6579892	.08978218	.2522287	0
920.15	0	.6573874	.09018677	.2524258	0
919.15	0	.6567873	.09059065	.252622	0
918.15	0	.6561888	.09099385	.2528173	0
917.15	0	.6555919	.09139638	.2530117	0
916.15	0	.6549966	.09179826	.2532051	0
915.15	0	.6544029	.09219951	.2533976	0
914.15	0	.6538107	.09260016	.2535891	0
913.15	0	.6532201	.09300023	.2537797	0
912.15	0	.652631	.09339973	.2539693	0
911.15	0	.6520434	.0937987	.2541579	0
910.15	0	.6514573	.09419715	.2543456	0
909.15	0	.6508726	.09459511	.2545323	0
908.15	0	.6502894	.0949926	.254718	0
907.15	0	.6497077	.09538964	.2549027	0
906.15	0	.6491273	.09578626	.2550864	0
905.15	0	.6485483	.09618249	.2552692	0
904.15	0	.6479708	.09657834	.2554509	0
903.15	0	.6473945	.09697386	.2556316	0
902.15	0	.6468196	.09736905	.2558113	0
901.15	0	.646246	.09776396	.25599	0
900.15	0	.6456737	.0981586	.2561677	0
899.15	0	.6451027	.098553	.2563443	0
898.15	0	.6445329	.09894721	.2565199	0
897.15	0	.6439644	.09934123	.2566944	0
896.15	0	.643397	.09973511	.2568679	0
895.15	0	.6428308	.1001289	.2570403	0
894.15	0	.6422658	.1005225	.2572117	0
893.15	0	.6417019	.1009162	.257382	0
892.15	0	.6411391	.1013098	.2575512	0
891.15	0	.6405774	.1017034	.2577193	0
890.15	0	.6400167	.102097	.2578863	0
889.15	0	.639457	.1024907	.2580522	0
888.15	0	.6388984	.1028846	.258217	0
887.15	0	.6383407	.1032785	.2583807	0
886.15	0	.637784	.1036727	.2585433	0
885.15	0	.6372282	.1040671	.2587047	0
884.15	0	.6366733	.1044618	.258865	0
883.15	0	.6361192	.1048567	.2590241	0
882.15	0	.635566	.105252	.2591821	0
881.15	0	.6350135	.1056476	.2593389	0
880.15	0	.6344618	.1060437	.2594945	0
879.15	0	.6339109	.1064402	.2596489	0
878.15	0	.6333606	.1068372	.2598022	0
877.15	0	.6328111	.1072348	.2599542	0
876.15	0	.6322621	.1076329	.260105	0
875.15	0	.6317138	.1080317	.2602545	0
874.15	0	.631166	.1084311	.2604029	0
873.15	0	.6306187	.1088313	.26055	0
872.15	0	.630072	.1092323	.2606958	0
871.15	0	.6295256	.109634	.2608403	0
870.15	0	.6289797	.1100367	.2609836	0
869.15	0	.6284342	.1104402	.2611256	0
868.15	0	.627889	.1108448	.2612662	0
867.15	0	.6273441	.1112503	.2614056	0
866.15	0	.6267994	.111657	.2615436	0
865.15	0	.626255	.1120648	.2616803	0
864.15	0	.6257107	.1124737	.2618156	0
863.15	0	.6251665	.112884	.2619495	0
862.15	0	.6246224	.1132956	.262082	0
861.15	0	.6240783	.1137085	.2622132	0
860.15	0	.6235342	.1141229	.2623429	0
859.15	0	.6229901	.1145387	.2624712	0
858.15	0	.6224458	.1149562	.262598	0
857.15	0	.6219013	.1153753	.2627234	0
856.15	0	.6213566	.1157961	.2628473	0
855.15	0	.6208116	.1162187	.2629698	0
854.15	0	.6202663	.1166431	.2630907	0
853.15	0	.6197205	.1170695	.26321	0
852.15	0	.6191743	.1174979	.2633278	0
851.15	0	.6186276	.1179283	.2634441	0
850.15	0	.6180803	.118361	.2635587	0
849.15	0	.6175324	.1187959	.2636718	0
848.15	0	.6169837	.1192331	.2637832	0
847.15	0	.6164343	.1196728	.263893	0
846.15	0	.615884	.120115	.2640011	0
845.15	0	.6153328	.1205598	.2641075	0
844.15	0	.6147806	.1210073	.2642121	0
843.15	0	.6142273	.1214577	.2643151	0
842.15	0	.6136728	.1219109	.2644162	0
841.15	0	.6131172	.1223672	.2645156	0
840.15	0	.6125602	.1228267	.2646131	0
839.15	0	.6120018	.1232894	.2647088	0
838.15	0	.6114419	.1237555	.2648026	0
837.15	0	.6108804	.1242251	.2648945	0
836.15	0	.6103172	.1246983	.2649845	0
835.15	0	.6097522	.1251753	.2650725	0
834.15	0	.6091853	.1256562	.2651585	0
833.15	0	.6086165	.1261411	.2652424	0
832.15	0	.6080455	.1266303	.2653243	0
831.15	0	.6074723	.1271237	.265404	0
830.15	0	.6068967	.1276217	.2654816	0
829.15	0	.6063186	.1281244	.265557	0
828.15	0	.605738	.1286319	.2656301	0
827.15	0	.6051546	.1291445	.265701	0
826.15	0	.6045683	.1296623	.2657695	0
825.15	0	.6039789	.1301855	.2658356	0
824.15	0	.6033864	.1307143	.2658993	0
823.15	0	.6027904	.131249	.2659605	0
822.15	0	.602191	.1317898	.2660192	0
821.15	0	.6015878	.132337	.2660753	0
820.15	0	.6009807	.1328907	.2661287	0
819.15	0	.6003695	.1334512	.2661793	0
818.15	0	.5997539	.1340189	.2662272	0
817.15	0	.5991339	.134594	.2662721	0
816.15	0	.598509	.1351769	.2663142	0
815.15	0	.5978791	.1357678	.2663531	0
814.15	0	.5972439	.1363671	.266389	0
813.15	0	.5966031	.1369753	.2664216	0
812.15	0	.5959564	.1375927	.2664509	0
811.15	0	.5953036	.1382196	.2664768	0
810.15	0	.5946442	.1388566	.2664992	0
809.15	0	.5939779	.1395042	.2665179	0
808.15	0	.5933043	.1401629	.2665329	0
807.15	0	.592623	.1408331	.2665439	0
806.15	0	.5919336	.1415156	.2665508	0
805.15	0	.5912355	.1422109	.2665536	0
804.15	0	.5905283	.1429198	.2665519	0
803.15	0	.5898114	.1436429	.2665457	0
802.15	0	.5890842	.1443811	.2665347	0
801.15	0	.5883459	.1451353	.2665187	0
800.15	0	.587596	.1459064	.2664976	0
799.15	0	.5868336	.1466956	.2664709	0
798.15	0	.5860578	.1475038	.2664384	0
797.15	0	.5852677	.1483324	.2663999	0
796.15	0	.5844621	.1491828	.266355	0
795.15	0	.58364	.1500566	.2663033	0
794.15	0	.5828001	.1509555	.2662444	0
793.15	0	.5819408	.1518814	.2661778	0
792.15	0	.5810604	.1528365	.2661031	0
791.15	0	.5801572	.1538234	.2660194	0
790.15	0	.5792303	.1548437	.265926	0
789.15	0	.577876	.1564042	.2657197	0
788.15	0	.5761526	.1584354	.2654121	0
787.15	0	.5745433	.1603293	.2651275	0
786.15	0	.573034	.1621029	.264863	0
785.15	0	.5716135	.1637703	.2646162	0
784.15	0	.5702721	.1653428	.2643851	0
783.15	0	.5690018	.1668303	.2641679	0
782.15	0	.5677957	.168241	.2639632	0
781.15	0	.5666481	.169582	.2637698	0
780.15	0	.5655539	.1708595	.2635867	0
779.15	0	.5645085	.1720787	.2634128	0
778.15	0	.5635081	.1732445	.2632474	0
777.15	0	.5625494	.1743609	.2630898	0
776.15	0	.5616292	.1754315	.2629393	0
775.15	0	.5607448	.1764598	.2627954	0
774.15	0	.5598937	.1774486	.2626577	0
773.15	0	.5590739	.1784006	.2625256	0
772.15	0	.5582832	.1793181	.2623987	0
771.15	0	.5575199	.1802034	.2622767	0
770.15	0	.5567824	.1810583	.2621593	0
769.15	0	.5560691	.1818848	.2620461	0
768.15	0	.5553786	.1826844	.261937	0
767.15	0	.5547098	.1834587	.2618315	0
766.15	0	.5540614	.184209	.2617296	0
765.15	0	.5534324	.1849367	.2616309	0
764.15	0	.5528218	.1856428	.2615354	0
763.15	0	.5522286	.1863286	.2614428	0
762.15	0	.5516521	.186995	.261353	0
761.15	0	.5510913	.1876429	.2612657	0
760.15	0	.5505457	.1882734	.261181	0
759.15	0	.5500144	.1888871	.2610985	0
758.15	0	.5494969	.1894848	.2610183	0
757.15	0	.5489925	.1900673	.2609402	0
756.15	0	.5485006	.1906353	.2608641	0
755.15	0	.5480208	.1911893	.2607899	0
754.15	0	.5475526	.19173	.2607174	0
753.15	0	.5470953	.192258	.2606467	0
752.15	0	.5466487	.1927737	.2605776	0
751.15	0	.5462123	.1932776	.2605101	0
750.15	0	.5457857	.1937703	.260444	0
749.15	0	.5453685	.1942521	.2603794	0
748.15	0	.5449604	.1947236	.2603161	0
747.15	0	.544561	.195185	.260254	0
746.15	0	.54417	.1956368	.2601932	0
745.15	0	.5437871	.1960793	.2601336	0
744.15	0	.543412	.1965129	.2600751	0
743.15	0	.5430444	.1969379	.2600177	0
742.15	0	.5426842	.1973546	.2599613	0
741.15	0	.5423309	.1977632	.2599059	0
740.15	0	.5419845	.1981641	.2598514	0
739.15	0	.5416446	.1985576	.2597978	0
738.15	0	.541311	.1989438	.2597451	0
737.15	0	.5409837	.1993231	.2596932	0
736.15	0	.5406622	.1996956	.2596422	0
735.15	0	.5403465	.2000617	.2595918	0
734.15	0	.5400364	.2004214	.2595422	0
733.15	0	.5397317	.200775	.2594934	0
732.15	0	.5394322	.2011226	.2594451	0
731.15	0	.5391378	.2014646	.2593976	0
730.15	0	.5388484	.201801	.2593506	0
729.15	0	.5385637	.202132	.2593043	0
728.15	0	.5382837	.2024578	.2592585	0
727.15	0	.5380081	.2027786	.2592133	0
726.15	0	.537737	.2030944	.2591686	0
725.15	0	.5374701	.2034055	.2591244	0
724.15	0	.5372073	.2037119	.2590808	0
723.15	0	.5369486	.2040139	.2590376	0
722.15	0	.5366938	.2043115	.2589948	0
721.15	0	.5364427	.2046048	.2589525	0
720.15	0	.5361954	.204894	.2589106	0
719.15	0	.5359517	.2051792	.2588691	0
718.15	0	.5357115	.2054606	.258828	0
717.15	0	.5354747	.2057381	.2587873	0
716.15	0	.5352412	.2060119	.2587469	0
715.15	0	.5350109	.2062822	.2587069	0
714.15	0	.5347839	.2065489	.2586672	0
713.15	0	.5345599	.2068123	.2586278	0
712.15	0	.5343389	.2070724	.2585888	0
711.15	0	.5341208	.2073292	.2585501	0
710.15	0	.5339056	.2075828	.2585116	0
709.15	0	.5336931	.2078335	.2584734	0
708.15	0	.5334834	.2080811	.2584355	0
707.15	0	.5332763	.2083258	.2583978	0
706.15	0	.5330719	.2085677	.2583605	0
705.15	0	.5328699	.2088068	.2583233	0
704.15	0	.5326705	.2090432	.2582864	0
703.15	0	.5324734	.209277	.2582496	0
702.15	0	.5322787	.2095082	.2582132	0
701.15	0	.5320863	.2097369	.2581769	0
700.15	0	.5318961	.2099631	.2581408	0
699.15	0	.5317082	.2101869	.2581049	0
698.15	0	.5315224	.2104085	.2580692	0
697.15	0	.5313387	.2106277	.2580336	0
696.15	0	.5311571	.2108447	.2579983	0
695.15	0	.5309774	.2110595	.2579631	0
694.15	0	.5307998	.2112722	.257928	0
693.15	0	.5306241	.2114828	.2578932	0
692.15	0	.5304502	.2116914	.2578584	0
691.15	0	.5302783	.2118979	.2578238	0
690.15	0	.5301081	.2121026	.2577894	0
689.15	0	.5299397	.2123053	.257755	0
688.15	0	.529773	.2125061	.2577209	0
687.15	0	.5296081	.2127052	.2576868	0
686.15	0	.5294448	.2129024	.2576528	0
685.15	0	.5292831	.2130979	.257619	0
684.15	0	.5291231	.2132917	.2575852	0
683.15	0	.5289646	.2134838	.2575516	0
682.15	0	.5288076	.2136743	.2575181	0
681.15	0	.5286522	.2138632	.2574847	0
680.15	0	.5284982	.2140505	.2574513	0
679.15	0	.5283457	.2142362	.2574181	0
678.15	0	.5281946	.2144205	.2573849	0
677.15	0	.5280449	.2146033	.2573518	0
676.15	0	.5278966	.2147846	.2573188	0
675.15	0	.5277496	.2149645	.2572859	0
674.15	0	.527604	.215143	.2572531	0
673.15	0	.5274596	.2153201	.2572203	0
672.15	0	.5273165	.2154959	.2571876	0
671.15	0	.5271747	.2156704	.2571549	0
670.15	0	.5270341	.2158435	.2571224	0
669.15	0	.5268947	.2160154	.2570899	0
668.15	0	.5267565	.2161861	.2570574	0
667.15	0	.5266194	.2163556	.257025	0
666.15	0	.5264835	.2165238	.2569926	0
665.15	0	.5263488	.2166909	.2569603	0
664.15	0	.5262151	.2168569	.2569281	0
663.15	0	.5260825	.2170216	.2568959	0
662.15	0	.525951	.2171853	.2568637	0
661.15	0	.5258205	.2173479	.2568316	0
660.15	0	.5256911	.2175094	.2567995	0
659.15	0	.5255626	.2176699	.2567675	0
658.15	0	.5254352	.2178293	.2567355	0
657.15	0	.5253088	.2179877	.2567035	0
656.15	0	.5251833	.2181451	.2566716	0
655.15	0	.5250588	.2183015	.2566397	0
654.15	0	.5249352	.218457	.2566079	0
653.15	0	.5248125	.2186115	.256576	0
652.15	0	.5246907	.2187651	.2565442	0
651.15	0	.5245699	.2189177	.2565124	0
650.15	0	.5244499	.2190694	.2564807	0
649.15	0	.5243308	.2192203	.256449	0
648.15	0	.5242125	.2193703	.2564173	0
647.15	0	.5240951	.2195194	.2563856	0
646.15	0	.5239784	.2196676	.2563539	0
645.15	0	.5238627	.2198151	.2563223	0
644.15	0	.5237477	.2199617	.2562907	0
643.15	0	.5236335	.2201074	.2562591	0
642.15	0	.5235201	.2202524	.2562275	0
641.15	0	.5234074	.2203966	.2561959	0
640.15	0	.5232955	.2205401	.2561644	0
639.15	0	.5231844	.2206828	.2561329	0
638.15	0	.523074	.2208247	.2561013	0
637.15	0	.5229643	.2209659	.2560698	0
636.15	0	.5228553	.2211063	.2560383	0
635.15	0	.5227471	.2212461	.2560069	0
634.15	0	.5226395	.2213851	.2559754	0
633.15	0	.5225326	.2215234	.2559439	0
632.15	0	.5224264	.2216611	.2559125	0
631.15	0	.5223209	.221798	.2558811	0
630.15	0	.522216	.2219343	.2558496	0
629.15	0	.5221118	.22207	.2558182	0
628.15	0	.5220082	.222205	.2557868	0
627.15	0	.5219053	.2223393	.2557554	0
626.15	0	.521803	.222473	.255724	0
625.15	0	.5217013	.2226061	.2556926	0
624.15	0	.5216002	.2227386	.2556612	0
623.15	0	.5214997	.2228704	.2556299	0
622.15	0	.5213998	.2230017	.2555985	0
621.15	0	.5213005	.2231324	.2555671	0
620.15	0	.5212018	.2232624	.2555358	0
619.15	0	.5211036	.2233919	.2555044	0
618.15	0	.521006	.2235209	.2554731	0
617.15	0	.520909	.2236492	.2554418	0
616.15	0	.5208125	.2237771	.2554104	0
615.15	0	.5207166	.2239043	.2553791	0
614.15	0	.5206212	.224031	.2553478	0
613.15	0	.5205264	.2241572	.2553164	0
612.15	0	.5204321	.2242828	.2552851	0
611.15	0	.5203383	.2244079	.2552538	0
610.15	0	.520245	.2245325	.2552225	0
609.15	0	.5201522	.2246566	.2551912	0
608.15	0	.5200599	.2247802	.2551599	0
607.15	0	.5199681	.2249033	.2551286	0
606.15	0	.5198769	.2250259	.2550973	0
605.15	0	.5197861	.2251479	.255066	0
604.15	0	.5196958	.2252696	.2550347	0
603.15	0	.5196059	.2253907	.2550034	0
602.15	0	.5195166	.2255113	.2549721	0
601.15	0	.5194277	.2256315	.2549409	0
600.15	0	.5193393	.2257512	.2549096	0
599.15	0	.5192513	.2258704	.2548783	0
598.15	0	.5191638	.2259892	.254847	0
597.15	0	.5190767	.2261076	.2548158	0
596.15	0	.5189901	.2262254	.2547845	0
595.15	0	.5189039	.2263429	.2547532	0
594.15	0	.5188181	.2264599	.254722	0
593.15	0	.5187328	.2265764	.2546908	0
592.15	0	.5186479	.2266926	.2546595	0
591.15	0	.5185634	.2268083	.2546283	0
590.15	0	.5184794	.2269236	.254597	0
589.15	0	.5183958	.2270384	.2545658	0
588.15	0	.5183125	.2271529	.2545346	0
587.15	0	.5182297	.2272669	.2545034	0
586.15	0	.5181473	.2273806	.2544722	0
585.15	0	.5180653	.2274938	.254441	0
584.15	0	.5179837	.2276066	.2544098	0
583.15	0	.5179024	.227719	.2543786	0
582.15	0	.5178216	.227831	.2543474	0
581.15	0	.5177411	.2279427	.2543162	0
580.15	0	.5176611	.2280539	.254285	0
579.15	0	.5175814	.2281648	.2542539	0
578.15	0	.517502	.2282753	.2542227	0
577.15	0	.5174231	.2283854	.2541915	0
576.15	0	.5173445	.2284951	.2541604	0
575.15	0	.5172663	.2286044	.2541293	0
574.15	0	.5171885	.2287134	.2540981	0
573.15	0	.517111	.228822	.254067	0
572.15	0	.5170339	.2289302	.2540359	0
571.15	0	.5169571	.2290381	.2540048	0
570.15	0	.5168807	.2291456	.2539737	0
569.15	0	.5168046	.2292527	.2539427	0
568.15	0	.5167289	.2293595	.2539116	0
567.15	0	.5166535	.229466	.2538805	0
566.15	0	.5165785	.2295721	.2538495	0
565.15	0	.5165037	.2296778	.2538185	0
564.15	0	.5164294	.2297832	.2537874	0
563.15	0	.5163553	.2298882	.2537564	0
562.15	0	.5162816	.2299929	.2537254	0
561.15	0	.5162083	.2300973	.2536945	0
560.15	0	.5161352	.2302013	.2536635	0
559.15	0	.5160625	.230305	.2536325	0
558.15	0	.5159901	.2304083	.2536016	0
557.15	0	.515918	.2305113	.2535707	0
556.15	0	.5158462	.230614	.2535398	0
555.15	0	.5157748	.2307164	.2535089	0
554.15	0	.5157037	.2308184	.253478	0
553.15	0	.5156328	.2309201	.2534471	0
552.15	0	.5155623	.2310214	.2534163	0
551.15	0	.5154921	.2311225	.2533854	0
550.15	0	.5154222	.2312232	.2533546	0
549.15	0	.5153526	.2313236	.2533238	0
548.15	0	.5152833	.2314237	.2532931	0
547.15	0	.5152143	.2315234	.2532623	0
546.15	0	.5151456	.2316229	.2532316	0
545.15	0	.5150771	.231722	.2532008	0
544.15	0	.515009	.2318208	.2531701	0
543.15	0	.5149412	.2319193	.2531395	0
542.15	0	.5148737	.2320175	.2531088	0
541.15	0	.5148064	.2321154	.2530782	0
540.15	0	.5147396	.232213	.2530475	0
539.15	0	.5146729	.2323103	.2530169	0
538.15	0	.5146065	.2324072	.2529863	0
537.15	0	.5145404	.2325039	.2529558	0
536.15	0	.5144745	.2326002	.2529252	0
535.15	0	.514409	.2326963	.2528947	0
534.15	0	.5143437	.232792	.2528643	0
533.15	0	.5142787	.2328875	.2528338	0
532.15	0	.514214	.2329826	.2528034	0
531.15	0	.5141495	.2330775	.252773	0
530.15	0	.5140854	.233172	.2527426	0
529.15	0	.5140214	.2332663	.2527123	0
528.15	0	.5139578	.2333602	.252682	0
527.15	0	.5138944	.2334539	.2526517	0
526.15	0	.5138313	.2335473	.2526214	0
525.15	0	.5137685	.2336403	.2525912	0
524.15	0	.5137059	.2337331	.252561	0
523.15	0	.5136436	.2338256	.2525308	0
522.15	0	.5135815	.2339178	.2525007	0
521.15	0	.5135197	.2340097	.2524706	0
520.15	0	.5134582	.2341013	.2524405	0
519.15	0	.5133969	.2341927	.2524105	0
518.15	0	.5133358	.2342837	.2523804	0
517.15	0	.5132751	.2343745	.2523505	0
516.15	0	.5132145	.2344649	.2523205	0
515.15	0	.5131543	.2345551	.2522906	0
514.15	0	.5130942	.234645	.2522607	0
513.15	0	.5130345	.2347346	.2522309	0
512.15	0	.512975	.234824	.2522011	0
511.15	0	.5129157	.234913	.2521713	0
510.15	0	.5128567	.2350017	.2521416	0
509.15	0	.5127979	.2350902	.2521119	0
508.15	0	.5127393	.2351784	.2520823	0
507.15	0	.5126811	.2352663	.2520526	0
506.15	0	.512623	.2353539	.2520231	0
505.15	0	.5125652	.2354413	.2519935	0
504.15	0	.5125076	.2355283	.251964	0
503.15	0	.5124503	.2356151	.2519346	0
502.15	0	.5123932	.2357016	.2519051	0
501.15	0	.5123364	.2357879	.2518758	0
500.15	0	.5122798	.2358738	.2518464	0
499.15	0	.5122234	.2359595	.2518171	0
498.15	0	.5121673	.2360448	.2517879	0
497.15	0	.5121114	.23613	.2517587	0
496.15	0	.5120557	.2362148	.2517295	0
495.15	0	.5120003	.2362993	.2517004	0
494.15	0	.5119451	.2363836	.2516713	0
493.15	0	.5118901	.2364676	.2516423	0
492.15	0	.5118354	.2365513	.2516133	0
491.15	0	.5117809	.2366348	.2515844	0
490.15	0	.5117266	.2367179	.2515555	0
489.15	0	.5116726	.2368008	.2515266	0
488.15	0	.5116187	.2368834	.2514978	0
487.15	0	.5115652	.2369658	.2514691	0
486.15	0	.5115118	.2370478	.2514404	0
485.15	0	.5114586	.2371296	.2514118	0
484.15	0	.5114057	.2372111	.2513832	0
483.15	0	.511353	.2372923	.2513546	0
482.15	0	.5113006	.2373733	.2513261	0
481.15	0	.5112483	.237454	.2512977	0
480.15	0	.5111963	.2375344	.2512693	0
479.15	0	.5111445	.2376145	.251241	0
478.15	0	.5110929	.2376944	.2512127	0
477.15	0	.5110416	.237774	.2511845	0
476.15	0	.5109904	.2378533	.2511563	0
475.15	0	.5109395	.2379323	.2511282	0
474.15	0	.5108888	.2380111	.2511001	0
473.15	0	.5108383	.2380896	.2510721	0
472.15	0	.5107881	.2381678	.2510441	0
471.15	0	.510738	.2382457	.2510162	0
470.15	0	.5106882	.2383234	.2509884	0
469.15	0	.5106386	.2384008	.2509606	0
468.15	0	.5105892	.2384779	.2509329	0
467.15	0	.51054	.2385548	.2509053	0
466.15	0	.510491	.2386313	.2508777	0
465.15	0	.5104423	.2387076	.2508501	0
464.15	0	.5103937	.2387837	.2508226	0
463.15	0	.5103454	.2388594	.2507952	0
462.15	0	.5102973	.2389349	.2507679	0
461.15	0	.5102494	.2390101	.2507406	0
460.15	0	.5102017	.239085	.2507133	0
459.15	0	.5101542	.2391597	.2506861	0
458.15	0	.5101069	.2392341	.2506591	0
457.15	0	.5100598	.2393082	.250632	0
456.15	0	.510013	.239382	.250605	0
455.15	0	.5099663	.2394556	.2505781	0
454.15	0	.5099199	.2395288	.2505513	0
453.15	0	.5098737	.2396019	.2505245	0
452.15	0	.5098276	.2396746	.2504978	0
451.15	0	.5097818	.2397471	.2504711	0
450.15	0	.5097362	.2398193	.2504446	0
449.15	0	.5096908	.2398911	.2504181	0
448.15	0	.5096457	.2399627	.2503917	0
447.15	0	.5096007	.240034	.2503653	0
446.15	0	.509556	.240105	.250339	0
445.15	0	.5095115	.2401757	.2503128	0
444.15	0	.5094671	.2402461	.2502867	0
443.15	0	.5094231	.2403163	.2502607	0
442.15	0	.5093792	.2403861	.2502347	0
441.15	0	.5093356	.2404556	.2502089	0
440.15	0	.5092922	.2405248	.2501831	0
439.15	0	.509249	.2405936	.2501574	0
438.15	0	.5092061	.2406622	.2501317	0
437.15	0	.5091634	.2407304	.2501062	0
436.15	0	.5091209	.2407983	.2500808	0
435.15	0	.5090787	.2408659	.2500555	0
434.15	0	.5090366	.2409331	.2500302	0
433.15	0	.5089949	.241	.2500051	0
432.15	0	.5089534	.2410666	.2499801	0
431.15	0	.5089121	.2411328	.2499551	0
430.15	0	.5088711	.2411987	.2499303	0
429.15	0	.5088303	.2412642	.2499055	0
428.15	0	.5087897	.2413294	.2498809	0
427.15	0	.5087494	.2413943	.2498563	0
426.15	0	.5087094	.2414587	.2498319	0
425.15	0	.5086696	.2415229	.2498076	0
424.15	0	.50863	.2415867	.2497833	0
423.15	0	.5085907	.2416501	.2497592	0
422.15	0	.5085516	.2417132	.2497352	0
421.15	0	.5085128	.2417759	.2497113	0
420.15	0	.5084742	.2418383	.2496875	0
419.15	0	.5084358	.2419003	.2496638	0
418.15	0	.5083977	.241962	.2496403	0
417.15	0	.5083599	.2420233	.2496168	0
416.15	0	.5083223	.2420842	.2495935	0
415.15	0	.508285	.2421448	.2495702	0
414.15	0	.5082478	.2422051	.2495471	0
413.15	0	.508211	.2422649	.2495241	0
412.15	0	.5081744	.2423245	.2495012	0
411.15	0	.508138	.2423836	.2494784	0
410.15	0	.5081018	.2424424	.2494557	0
409.15	0	.508066	.2425009	.2494332	0
408.15	0	.5080303	.242559	.2494107	0
407.15	0	.5079949	.2426167	.2493884	0
406.15	0	.5079597	.2426741	.2493662	0
405.15	0	.5079248	.2427311	.2493441	0
404.15	0	.5078901	.2427878	.2493221	0
403.15	0	.5078557	.2428441	.2493003	0
402.15	0	.5078214	.2429001	.2492785	0
401.15	0	.5077874	.2429557	.2492569	0
400.15	0	.5077537	.243011	.2492354	0
399.15	0	.5077202	.2430659	.249214	0
398.15	0	.5076869	.2431205	.2491927	0
397.15	0	.5076538	.2431747	.2491715	0
396.15	0	.507621	.2432286	.2491504	0
395.15	0	.5075884	.2432821	.2491295	0
394.15	0	.507556	.2433353	.2491087	0
393.15	0	.5075238	.2433882	.249088	0
392.15	0	.5074919	.2434407	.2490674	0
391.15	0	.5074602	.2434929	.2490469	0
390.15	0	.5074287	.2435448	.2490265	0
389.15	0	.5073974	.2435963	.2490063	0
388.15	0	.5073664	.2436475	.2489862	0
387.15	0	.5073355	.2436983	.2489661	0
386.15	0	.5073049	.2437489	.2489463	0
