T	 BPW(LIQUID)	BPW(BCC_A2)	BPW(FCC_A1)	BPW(LAVES_PHASE_C14)	BPW(NI3TI)
1473.15	.02244176	.9775582	0	0	0
1472.15	.01980555	.9801944	0	0	0
1471.15	.01719195	.9828081	0	0	0
1470.15	.01460077	.9853992	0	0	0
1469.15	.01203179	.9879682	0	0	0
1468.15	.009484794	.9905152	0	0	0
1467.15	.006959573	.9930404	0	0	0
1466.15	.004455918	.9955441	0	0	0
1465.15	.001973625	.9980264	0	0	0
1464.349	0	1	0	0	0
1464.349	0	1	0	0	0
1464.15	0	1	0	0	0
1463.15	0	1	0	0	0
1462.15	0	1	0	0	0
1461.15	0	1	0	0	0
1460.15	0	1	0	0	0
1459.15	0	1	0	0	0
1458.15	0	1	0	0	0
1457.15	0	1	0	0	0
1456.15	0	1	0	0	0
1455.15	0	1	0	0	0
1454.15	0	1	0	0	0
1453.15	0	1	0	0	0
1452.15	0	1	0	0	0
1451.15	0	1	0	0	0
1450.15	0	1	0	0	0
1449.15	0	1	0	0	0
1448.15	0	1	0	0	0
1447.15	0	1	0	0	0
1446.15	0	1	0	0	0
1445.15	0	1	0	0	0
1444.15	0	1	0	0	0
1443.15	0	1	0	0	0
1442.15	0	1	0	0	0
1441.15	0	1	0	0	0
1440.15	0	1	0	0	0
1439.15	0	1	0	0	0
1438.15	0	1	0	0	0
1437.15	0	1	0	0	0
1436.15	0	1	0	0	0
1435.15	0	1	0	0	0
1434.15	0	1	0	0	0
1433.15	0	1	0	0	0
1432.15	0	1	0	0	0
1431.15	0	1	0	0	0
1430.15	0	1	0	0	0
1429.15	0	1	0	0	0
1428.15	0	1	0	0	0
1427.15	0	1	0	0	0
1426.15	0	1	0	0	0
1425.15	0	1	0	0	0
1424.15	0	1	0	0	0
1423.15	0	1	0	0	0
1422.15	0	1	0	0	0
1421.15	0	1	0	0	0
1420.15	0	1	0	0	0
1419.15	0	1	0	0	0
1418.15	0	1	0	0	0
1417.15	0	1	0	0	0
1416.15	0	1	0	0	0
1415.15	0	1	0	0	0
1414.15	0	1	0	0	0
1413.15	0	1	0	0	0
1412.15	0	1	0	0	0
1411.15	0	1	0	0	0
1410.15	0	1	0	0	0
1409.15	0	1	0	0	0
1408.15	0	1	0	0	0
1407.15	0	1	0	0	0
1406.15	0	1	0	0	0
1405.15	0	1	0	0	0
1404.15	0	1	0	0	0
1403.15	0	1	0	0	0
1402.15	0	1	0	0	0
1401.15	0	1	0	0	0
1400.15	0	1	0	0	0
1399.15	0	1	0	0	0
1398.15	0	1	0	0	0
1397.15	0	1	0	0	0
1396.15	0	1	0	0	0
1395.15	0	1	0	0	0
1394.15	0	1	0	0	0
1393.15	0	1	0	0	0
1392.15	0	1	0	0	0
1391.15	0	1	0	0	0
1390.15	0	1	0	0	0
1389.15	0	1	0	0	0
1388.15	0	1	0	0	0
1387.15	0	1	0	0	0
1386.15	0	1	0	0	0
1385.15	0	1	0	0	0
1384.15	0	1	0	0	0
1383.15	0	1	0	0	0
1382.15	0	1	0	0	0
1381.15	0	1	0	0	0
1380.15	0	1	0	0	0
1379.15	0	1	0	0	0
1378.15	0	1	0	0	0
1377.15	0	1	0	0	0
1376.15	0	1	0	0	0
1375.15	0	1	0	0	0
1374.15	0	1	0	0	0
1373.15	0	1	0	0	0
1372.15	0	1	0	0	0
1371.264	0	1	0	0	0
1371.264	0	1	0	0	0
1371.264	0	1	0	0	0
1371.15	0	.9999153	0	8.469118E-05	0
1370.15	0	.999173	0	8.270246E-04	0
1369.15	0	.9984323	0	.001567677	0
1368.15	0	.9976934	0	.002306653	0
1367.15	0	.996956	0	.003043959	0
1366.15	0	.9962204	0	.003779599	0
1365.15	0	.9954864	0	.004513581	0
1364.15	0	.9947541	0	.005245908	0
1363.15	0	.9940234	0	.005976587	0
1362.15	0	.9932944	0	.006705622	0
1361.15	0	.992567	0	.007433019	0
1360.15	0	.9918412	0	.008158784	0
1359.15	0	.9911171	0	.008882921	0
1358.15	0	.9903946	0	.009605436	0
1357.15	0	.9896737	0	.01032633	0
1356.15	0	.9889544	0	.01104562	0
1355.15	0	.9882367	0	.0117633	0
1354.15	0	.9875206	0	.01247938	0
1353.15	0	.9868061	0	.01319386	0
1352.15	0	.9860933	0	.01390675	0
1351.15	0	.9853819	0	.01461806	0
1350.15	0	.9846722	0	.01532778	0
1349.15	0	.9839641	0	.01603593	0
1348.15	0	.9832575	0	.0167425	0
1347.15	0	.9825525	0	.01744752	0
1346.15	0	.981849	0	.01815097	0
1345.15	0	.9811471	0	.01885286	0
1344.15	0	.9804468	0	.0195532	0
1343.15	0	.979748	0	.020252	0
1342.15	0	.9790507	0	.02094926	0
1341.15	0	.978355	0	.02164498	0
1340.15	0	.9776608	0	.02233916	0
1339.15	0	.9769682	0	.02303183	0
1338.15	0	.976277	0	.02372297	0
1337.15	0	.9755874	0	.02441259	0
1336.15	0	.9748993	0	.0251007	0
1335.15	0	.9742127	0	.0257873	0
1334.15	0	.9735276	0	.0264724	0
1333.15	0	.972844	0	.027156	0
1332.15	0	.9721619	0	.02783811	0
1331.15	0	.9714813	0	.02851873	0
1330.15	0	.9708021	0	.02919786	0
1329.15	0	.9701245	0	.02987552	0
1328.15	0	.9694483	0	.0305517	0
1327.15	0	.9687736	0	.03122641	0
1326.15	0	.9681003	0	.03189965	0
1325.15	0	.9674286	0	.03257143	0
1324.15	0	.9667582	0	.03324175	0
1323.15	0	.9660894	0	.03391063	0
1322.15	0	.965422	0	.03457805	0
1321.15	0	.964756	0	.03524403	0
1320.15	0	.9640914	0	.03590857	0
1319.15	0	.9634283	0	.03657168	0
1318.15	0	.9627666	0	.03723336	0
1317.15	0	.9621064	0	.03789361	0
1316.15	0	.9614476	0	.03855244	0
1315.15	0	.9607902	0	.03920985	0
1314.15	0	.9601342	0	.03986585	0
1313.15	0	.9594796	0	.04052044	0
1312.15	0	.9588264	0	.04117362	0
1311.15	0	.9581746	0	.04182541	0
1310.15	0	.9575242	0	.0424758	0
1309.15	0	.9568752	0	.0431248	0
1308.15	0	.9562276	0	.04377241	0
1307.15	0	.9555814	0	.04441863	0
1306.15	0	.9549365	0	.04506348	0
1305.15	0	.9542931	0	.04570695	0
1304.15	0	.9536509	0	.04634905	0
1303.15	0	.9530102	0	.04698979	0
1302.15	0	.9523708	0	.04762916	0
1301.15	0	.9517328	0	.04826717	0
1300.15	0	.9510962	0	.04890383	0
1299.15	0	.9504609	0	.04953914	0
1298.15	0	.9498269	0	.0501731	0
1297.15	0	.9491943	0	.05080572	0
1296.15	0	.948563	0	.051437	0
1295.15	0	.9479331	0	.05206695	0
1294.15	0	.9473044	0	.05269556	0
1293.15	0	.9466772	0	.05332285	0
1292.15	0	.9460512	0	.05394881	0
1291.15	0	.9454265	0	.05457346	0
1290.15	0	.9448032	0	.05519679	0
1289.15	0	.9441812	0	.05581881	0
1288.15	0	.9435605	0	.05643952	0
1287.15	0	.9429411	0	.05705893	0
1286.15	0	.942323	0	.05767703	0
1285.15	0	.9417061	0	.05829385	0
1284.15	0	.9410906	0	.05890937	0
1283.15	0	.9404764	0	.0595236	0
1282.15	0	.9398635	0	.06013654	0
1281.15	0	.9392518	0	.06074821	0
1280.15	0	.9386414	0	.0613586	0
1279.15	0	.9380323	0	.06196771	0
1278.15	0	.9374244	0	.06257555	0
1277.15	0	.9368179	0	.06318213	0
1276.15	0	.9362126	0	.06378745	0
1275.15	0	.9356085	0	.0643915	0
1274.15	0	.9350057	0	.0649943	0
1273.15	0	.9344041	0	.06559585	0
1272.15	0	.9338038	0	.06619615	0
1271.15	0	.9332048	0	.0667952	0
1270.15	0	.932607	0	.06739302	0
1269.15	0	.9320104	0	.06798959	0
1268.15	0	.9314151	0	.06858494	0
1267.15	0	.930821	0	.06917905	0
1266.15	0	.9302281	0	.06977193	0
1265.15	0	.9296364	0	.07036359	0
1264.15	0	.929046	0	.07095403	0
1263.15	0	.9284567	0	.07154326	0
1262.15	0	.9278687	0	.07213126	0
1261.15	0	.9272819	0	.07271806	0
1260.15	0	.9266963	0	.07330366	0
1259.15	0	.926112	0	.07388805	0
1258.15	0	.9255288	0	.07447124	0
1257.15	0	.9249468	0	.07505323	0
1256.15	0	.924366	0	.07563403	0
1255.15	0	.9237864	0	.07621364	0
1254.15	0	.9232079	0	.07679206	0
1253.15	0	.9226307	0	.0773693	0
1252.15	0	.9220546	0	.07794536	0
1251.15	0	.9214798	0	.07852024	0
1250.15	0	.9209061	0	.07909395	0
1249.15	0	.9203335	0	.07966649	0
1248.15	0	.9197621	0	.08023786	0
1247.15	0	.9191919	0	.08080807	0
1246.15	0	.9186229	0	.08137712	0
1245.15	0	.918055	0	.08194501	0
1244.15	0	.9174883	0	.08251174	0
1243.15	0	.9169227	0	.08307733	0
1242.15	0	.9163582	0	.08364176	0
1241.15	0	.915795	0	.08420505	0
1240.15	0	.9152328	0	.0847672	0
1239.15	0	.9146718	0	.08532821	0
1238.15	0	.9141119	0	.08588809	0
1237.15	0	.9135532	0	.08644683	0
1236.15	0	.9129956	0	.08700444	0
1235.15	0	.9124391	0	.08756093	0
1234.15	0	.9118837	0	.08811629	0
1233.15	0	.9113295	0	.08867053	0
1232.15	0	.9107764	0	.08922365	0
1231.15	0	.9102243	0	.08977566	0
1230.15	0	.9096734	0	.09032656	0
1229.15	0	.9091237	0	.09087635	0
1228.15	0	.908575	0	.09142503	0
1227.15	0	.9080274	0	.09197261	0
1226.15	0	.9074809	0	.09251909	0
1225.15	0	.9069355	0	.09306448	0
1224.15	0	.9063912	0	.09360877	0
1223.15	0	.905848	0	.09415197	0
1222.15	0	.9053059	0	.09469408	0
1221.15	0	.9047649	0	.0952351	0
1220.15	0	.904225	0	.09577505	0
1219.15	0	.9036861	0	.09631391	0
1218.15	0	.9031483	0	.0968517	0
1217.15	0	.9026116	0	.09738841	0
1216.15	0	.902076	0	.09792405	0
1215.15	0	.9015414	0	.09845862	0
1214.15	0	.9010079	0	.09899213	0
1213.15	0	.9004754	0	.09952457	0
1212.15	0	.8999441	0	.100056	0
1211.15	0	.8994137	0	.1005863	0
1210.15	0	.8988845	0	.1011156	0
1209.15	0	.8983562	0	.1016438	0
1208.15	0	.8978291	0	.1021709	0
1207.15	0	.8973029	0	.1026971	0
1206.15	0	.8967779	0	.1032221	0
1205.15	0	.8962538	0	.1037462	0
1204.15	0	.8957308	0	.1042692	0
1203.15	0	.8952089	0	.1047911	0
1202.15	0	.8946879	0	.1053121	0
1201.15	0	.894168	0	.105832	0
1200.15	0	.8936492	0	.1063508	0
1199.15	0	.8931313	0	.1068687	0
1198.15	0	.8926145	0	.1073855	0
1197.15	0	.8920987	0	.1079013	0
1196.15	0	.8915839	0	.1084161	0
1195.15	0	.8910702	0	.1089298	0
1194.15	0	.8905574	0	.1094426	0
1193.15	0	.8900457	0	.1099543	0
1192.15	0	.8895349	0	.1104651	0
1191.15	0	.8890252	0	.1109748	0
1190.15	0	.8885165	0	.1114835	0
1189.15	0	.8880087	0	.1119913	0
1188.15	0	.887502	0	.112498	0
1187.15	0	.8869963	0	.1130037	0
1186.15	0	.8864915	0	.1135085	0
1185.15	0	.8859878	0	.1140122	0
1184.15	0	.885485	0	.114515	0
1183.15	0	.8849832	0	.1150168	0
1182.15	0	.8844824	0	.1155176	0
1181.15	0	.8839826	0	.1160174	0
1180.15	0	.8834838	0	.1165162	0
1179.15	0	.8829859	0	.1170141	0
1178.15	0	.8824891	0	.117511	0
1177.15	0	.8819931	0	.1180069	0
1176.15	0	.8814982	0	.1185018	0
1175.15	0	.8810042	0	.1189958	0
1174.15	0	.8805112	0	.1194888	0
1173.15	0	.8800192	0	.1199809	0
1172.15	0	.8795281	0	.1204719	0
1171.15	0	.8790379	0	.1209621	0
1170.15	0	.8785488	0	.1214513	0
1169.15	0	.8780605	0	.1219395	0
1168.15	0	.8775733	0	.1224268	0
1167.15	0	.8770869	0	.1229131	0
1166.15	0	.8766016	0	.1233985	0
1165.15	0	.8761171	0	.1238829	0
1164.15	0	.8756336	0	.1243664	0
1163.15	0	.8751511	0	.1248489	0
1162.15	0	.8746695	0	.1253306	0
1161.15	0	.8741888	0	.1258112	0
1160.15	0	.873709	0	.126291	0
1159.15	0	.8732302	0	.1267698	0
1158.15	0	.8727523	0	.1272477	0
1157.15	0	.8722753	0	.1277247	0
1156.15	0	.8717993	0	.1282007	0
1155.15	0	.8713242	0	.1286758	0
1154.15	0	.87085	0	.12915	0
1153.15	0	.8703767	0	.1296233	0
1152.15	0	.8699043	0	.1300957	0
1151.15	0	.8694329	0	.1305671	0
1150.15	0	.8689623	0	.1310377	0
1149.15	0	.8684927	0	.1315073	0
1148.15	0	.868024	0	.131976	0
1147.15	0	.8675562	0	.1324438	0
1146.15	0	.8670893	0	.1329107	0
1145.15	0	.8666233	0	.1333767	0
1144.15	0	.8661582	0	.1338418	0
1143.15	0	.8656939	0	.1343061	0
1142.15	0	.8652306	0	.1347694	0
1141.15	0	.8647682	0	.1352318	0
1140.15	0	.8643067	0	.1356933	0
1139.15	0	.863846	0	.136154	0
1138.15	0	.8633863	0	.1366137	0
1137.15	0	.8629274	0	.1370726	0
1136.15	0	.8624694	0	.1375306	0
1135.15	0	.8620123	0	.1379877	0
1134.15	0	.8615561	0	.1384439	0
1133.15	0	.8611007	0	.1388993	0
1132.15	0	.8606462	0	.1393537	0
1131.15	0	.8601927	0	.1398073	0
1130.15	0	.8597399	0	.1402601	0
1129.15	0	.8592881	0	.1407119	0
1128.15	0	.8588371	0	.1411629	0
1127.15	0	.8583869	0	.1416131	0
1126.15	0	.8579377	0	.1420623	0
1125.15	0	.8574893	0	.1425107	0
1124.15	0	.8570417	0	.1429583	0
1123.15	0	.8565951	0	.1434049	0
1122.15	0	.8561492	0	.1438508	0
1121.15	0	.8557043	0	.1442957	0
1120.15	0	.8552601	0	.1447399	0
1119.15	0	.8548169	0	.1451831	0
1118.15	0	.8543745	0	.1456255	0
1117.15	0	.8539329	0	.1460671	0
1116.15	0	.8534922	0	.1465078	0
1115.15	0	.8530523	0	.1469477	0
1114.15	0	.8526133	0	.1473867	0
1113.15	0	.8521751	0	.1478249	0
1112.15	0	.8517377	0	.1482623	0
1111.15	0	.8513012	0	.1486988	0
1110.15	0	.8508655	0	.1491345	0
1109.15	0	.8504307	0	.1495694	0
1108.15	0	.8499966	0	.1500034	0
1107.15	0	.8495634	0	.1504366	0
1106.15	0	.8491311	0	.1508689	0
1105.15	0	.8486995	0	.1513005	0
1104.15	0	.8482688	0	.1517312	0
1103.15	0	.8478389	0	.1521611	0
1102.15	0	.8474099	0	.1525901	0
1101.15	0	.8469816	0	.1530184	0
1100.15	0	.8465542	0	.1534458	0
1099.15	0	.8461276	0	.1538724	0
1098.15	0	.8457018	0	.1542982	0
1097.15	0	.8452768	0	.1547232	0
1096.15	0	.8448526	0	.1551474	0
1095.15	0	.8444293	0	.1555707	0
1094.15	0	.8440067	0	.1559933	0
1093.15	0	.843585	0	.156415	0
1092.15	0	.843164	0	.156836	0
1091.15	0	.8427439	0	.1572561	0
1090.15	0	.8423246	0	.1576754	0
1089.15	0	.841906	0	.158094	0
1088.15	0	.8414883	0	.1585117	0
1087.15	0	.8410713	0	.1589287	0
1086.15	0	.8406552	0	.1593448	0
1085.15	0	.8402398	0	.1597602	0
1084.15	0	.8398253	0	.1601747	0
1083.15	0	.8394115	0	.1605885	0
1082.15	0	.8389985	0	.1610015	0
1081.15	0	.8385863	0	.1614137	0
1080.15	0	.8381749	0	.1618251	0
1079.15	0	.8377643	0	.1622357	0
1078.15	0	.8373545	0	.1626455	0
1077.15	0	.8369454	0	.1630546	0
1076.15	0	.8365372	0	.1634629	0
1075.15	0	.8361297	0	.1638703	0
1074.15	0	.8357229	0	.1642771	0
1073.15	0	.835317	0	.164683	0
1072.15	0	.8349118	0	.1650882	0
1071.15	0	.8345074	0	.1654926	0
1070.15	0	.8341038	0	.1658962	0
1069.15	0	.833701	0	.166299	0
1068.15	0	.8332989	0	.1667011	0
1067.15	0	.8328976	0	.1671024	0
1066.15	0	.832497	0	.167503	0
1065.15	0	.8320972	0	.1679028	0
1064.15	0	.8316982	0	.1683018	0
1063.15	0	.8313	0	.1687	0
1062.15	0	.8309024	0	.1690976	0
1061.15	0	.8305057	0	.1694943	0
1060.15	0	.8301097	0	.1698903	0
1059.15	0	.8297145	0	.1702855	0
1058.15	0	.82932	0	.17068	0
1057.15	0	.8289263	0	.1710737	0
1056.15	0	.8285334	0	.1714666	0
1055.15	0	.8281411	0	.1718589	0
1054.15	0	.8277497	0	.1722503	0
1053.15	0	.827359	0	.172641	0
1052.15	0	.826969	0	.173031	0
1051.15	0	.8265798	0	.1734202	0
1050.15	0	.8261913	0	.1738087	0
1049.15	0	.8258036	0	.1741965	0
1048.15	0	.8254165	0	.1745835	0
1047.15	0	.8250303	0	.1749697	0
1046.15	0	.8246448	0	.1753552	0
1045.15	0	.82426	0	.17574	0
1044.15	0	.823876	0	.176124	0
1043.15	0	.8234927	0	.1765073	0
1042.15	0	.8231101	0	.1768899	0
1041.15	0	.8227283	0	.1772717	0
1040.15	0	.8223472	0	.1776529	0
1039.15	0	.8219668	0	.1780332	0
1038.15	0	.8215871	0	.1784129	0
1037.15	0	.8212082	0	.1787918	0
1036.15	0	.82083	0	.17917	0
1035.15	0	.8204526	0	.1795474	0
1034.15	0	.8200758	0	.1799242	0
1033.15	0	.8196998	0	.1803002	0
1032.15	0	.8193245	0	.1806755	0
1031.15	0	.8189499	0	.1810501	0
1030.15	0	.8185761	0	.1814239	0
1029.15	0	.818203	0	.1817971	0
1028.15	0	.8178305	0	.1821695	0
1027.15	0	.8174588	0	.1825412	0
1026.15	0	.8170879	0	.1829121	0
1025.15	0	.8167176	0	.1832824	0
1024.15	0	.816348	0	.183652	0
1023.15	0	.8159792	0	.1840208	0
1022.15	0	.815611	0	.184389	0
1021.15	0	.8152436	0	.1847564	0
1020.15	0	.8148769	0	.1851231	0
1019.15	0	.8145109	0	.1854891	0
1018.15	0	.8141456	0	.1858544	0
1017.15	0	.813781	0	.186219	0
1016.15	0	.8134171	0	.1865829	0
1015.15	0	.8130539	0	.1869461	0
1014.15	0	.8126914	0	.1873086	0
1013.15	0	.8123296	0	.1876704	0
1012.15	0	.8119685	0	.1880315	0
1011.15	0	.8116081	0	.1883919	0
1010.15	0	.8112485	0	.1887516	0
1009.15	0	.8108895	0	.1891105	0
1008.15	0	.8105312	0	.1894688	0
1007.15	0	.8101736	0	.1898264	0
1006.15	0	.8098167	0	.1901834	0
1005.15	0	.8094604	0	.1905396	0
1004.15	0	.8091049	0	.1908951	0
1003.15	0	.8087501	0	.1912499	0
1002.15	0	.8083959	0	.1916041	0
1001.15	0	.8080425	0	.1919575	0
1000.15	0	.8076897	0	.1923103	0
999.15	0	.8073376	0	.1926624	0
998.15	0	.8069862	0	.1930138	0
997.15	0	.8066355	0	.1933645	0
996.15	0	.8062855	0	.1937145	0
995.15	0	.8059362	0	.1940638	0
994.15	0	.8055875	0	.1944125	0
993.15	0	.8052395	0	.1947605	0
992.15	0	.8048922	0	.1951078	0
991.15	0	.8045456	0	.1954544	0
990.15	0	.8041997	0	.1958003	0
989.15	0	.8038544	0	.1961456	0
988.15	0	.8035098	0	.1964902	0
987.15	0	.8031659	0	.1968341	0
986.15	0	.8028227	0	.1971773	0
985.15	0	.8024801	0	.1975199	0
984.15	0	.8021382	0	.1978618	0
983.15	0	.801797	0	.198203	0
982.15	0	.8014565	0	.1985435	0
981.15	0	.8011166	0	.1988834	0
980.15	0	.8007774	0	.1992226	0
979.15	0	.8004389	0	.1995611	0
978.15	0	.800101	0	.199899	0
977.15	0	.7997638	0	.2002362	0
976.15	0	.7994273	0	.2005727	0
975.15	0	.7990914	0	.2009086	0
974.15	0	.7987562	0	.2012438	0
973.15	0	.7984217	0	.2015783	0
972.15	0	.7980878	0	.2019122	0
971.15	0	.7977546	0	.2022454	0
970.15	0	.797422	0	.202578	0
969.15	0	.7970901	0	.2029099	0
968.15	0	.7967589	0	.2032411	0
967.15	0	.7964283	0	.2035717	0
966.15	0	.7960984	0	.2039016	0
965.15	0	.7957692	0	.2042308	0
964.15	0	.7954406	0	.2045594	0
963.15	0	.7951126	0	.2048874	0
962.15	0	.7947853	0	.2052147	0
961.15	0	.7944587	0	.2055413	0
960.15	0	.7941327	0	.2058673	0
959.15	0	.7938074	0	.2061926	0
958.15	0	.7934827	0	.2065173	0
957.15	0	.7931587	0	.2068413	0
956.15	0	.7928353	0	.2071647	0
955.15	0	.7925126	0	.2074874	0
954.15	0	.7921905	0	.2078095	0
953.15	0	.7918691	0	.2081309	0
952.15	0	.7915483	0	.2084517	0
951.15	0	.7912282	0	.2087718	0
950.15	0	.7909087	0	.2090913	0
949.15	0	.7905899	0	.2094101	0
948.15	0	.7902717	0	.2097283	0
947.15	0	.7899542	0	.2100458	0
946.15	0	.7896373	0	.2103627	0
945.15	0	.789321	0	.210679	0
944.15	0	.7890054	0	.2109946	0
943.15	0	.7886904	0	.2113096	0
942.15	0	.7883761	0	.2116239	0
941.15	0	.7880624	0	.2119376	0
940.15	0	.7877494	0	.2122506	0
939.15	0	.787437	0	.2125631	0
938.15	0	.7871252	0	.2128748	0
937.15	0	.7868141	0	.213186	0
936.15	0	.7865036	0	.2134964	0
935.15	0	.7861937	0	.2138063	0
934.15	0	.7858845	0	.2141155	0
933.15	0	.7855759	0	.2144241	0
932.15	0	.785268	0	.2147321	0
931.15	0	.7849606	0	.2150394	0
930.15	0	.784654	0	.215346	0
929.15	0	.7843479	0	.2156521	0
928.15	0	.7840425	0	.2159575	0
927.15	0	.7837377	0	.2162623	0
926.15	0	.7834336	0	.2165664	0
925.15	0	.7831301	0	.2168699	0
924.15	0	.7828272	0	.2171728	0
923.15	0	.7825249	0	.2174751	0
922.15	0	.7822233	0	.2177767	0
921.15	0	.7819223	0	.2180777	0
920.15	0	.7816219	0	.2183781	0
919.15	0	.7813222	0	.2186778	0
918.15	0	.7810231	0	.2189769	0
917.15	0	.7807246	0	.2192754	0
916.15	0	.7804268	0	.2195732	0
915.15	0	.7801295	0	.2198705	0
914.15	0	.7798329	0	.2201671	0
913.15	0	.779537	0	.220463	0
912.15	0	.7792416	0	.2207584	0
911.15	0	.7789469	0	.2210531	0
910.15	0	.7786528	0	.2213472	0
909.15	0	.7783593	0	.2216407	0
908.15	0	.7780664	0	.2219336	0
907.15	0	.7777742	0	.2222258	0
906.15	0	.7774826	0	.2225174	0
905.15	0	.7771916	0	.2228084	0
904.15	0	.7769012	0	.2230988	0
903.15	0	.7766115	0	.2233885	0
902.15	0	.7763224	0	.2236777	0
901.15	0	.7760338	0	.2239662	0
900.15	0	.775746	0	.2242541	0
899.15	0	.7754587	0	.2245413	0
898.15	0	.775172	0	.224828	0
897.15	0	.774886	0	.225114	0
896.15	0	.7746006	0	.2253994	0
895.15	0	.7743158	0	.2256842	0
894.15	0	.7740316	0	.2259684	0
893.15	0	.7737481	0	.2262519	0
892.15	0	.7734651	0	.2265349	0
891.15	0	.7731828	0	.2268172	0
890.15	0	.7729011	0	.2270989	0
889.15	0	.77262	0	.22738	0
888.15	0	.7723395	0	.2276605	0
887.15	0	.7720596	0	.2279404	0
886.15	0	.7717804	0	.2282196	0
885.15	0	.7715017	0	.2284983	0
884.15	0	.7712237	0	.2287763	0
883.15	0	.7709463	0	.2290537	0
882.15	0	.7706695	0	.2293305	0
881.15	0	.7703933	0	.2296067	0
880.15	0	.7701177	0	.2298823	0
879.15	0	.7698428	0	.2301572	0
878.15	0	.7695684	0	.2304316	0
877.15	0	.7692947	0	.2307053	0
876.15	0	.7690216	0	.2309784	0
875.15	0	.7687491	0	.231251	0
874.15	0	.7684771	0	.2315229	0
873.15	0	.7682059	0	.2317942	0
872.15	0	.7679352	0	.2320648	0
871.15	0	.7676651	0	.2323349	0
870.15	0	.7673956	0	.2326044	0
869.15	0	.7671268	0	.2328732	0
868.15	0	.7668585	0	.2331415	0
867.15	0	.7665909	0	.2334091	0
866.15	0	.7663239	0	.2336761	0
865.15	0	.7660574	0	.2339426	0
864.15	0	.7657916	0	.2342084	0
863.15	0	.7655264	0	.2344736	0
862.15	0	.7652618	0	.2347382	0
861.15	0	.7649978	0	.2350022	0
860.15	0	.7647345	0	.2352655	0
859.15	0	.7644717	0	.2355283	0
858.15	0	.7642095	0	.2357905	0
857.15	0	.763948	0	.236052	0
856.15	0	.763687	0	.236313	0
855.15	0	.7634267	0	.2365733	0
854.15	0	.7631669	0	.2368331	0
853.15	0	.7629078	0	.2370922	0
852.15	0	.7626493	0	.2373507	0
851.15	0	.7623914	0	.2376086	0
850.15	0	.762134	0	.237866	0
849.15	0	.7618773	0	.2381227	0
848.15	0	.7616212	0	.2383788	0
847.15	0	.7613657	0	.2386343	0
846.15	0	.7611108	0	.2388892	0
845.15	0	.7608566	0	.2391435	0
844.15	0	.7606029	0	.2393971	0
843.15	0	.7603498	0	.2396502	0
842.15	0	.7600973	0	.2399027	0
841.9686	0	.7600516	0	.2399484	0
841.9686	0	.7600516	0	.2399484	0
841.9686	0	.7600516	0	.2399484	0
841.15	0	.7593784	5.604043E-04	.2400612	0
840.15	0	.7585563	.001246161	.2401976	0
839.15	0	.7577342	.001933286	.2403325	0
838.15	0	.7569121	.002621834	.240466	0
837.15	0	.7560901	.003311859	.240598	0
836.15	0	.755268	.004003418	.2407286	0
835.15	0	.7544459	.00469657	.2408576	0
834.15	0	.7536236	.005391373	.2409851	0
833.15	0	.7528011	.00608789	.241111	0
832.15	0	.7519785	.006786182	.2412354	0
831.15	0	.7511555	.007486314	.2413582	0
830.15	0	.7503323	.008188353	.2414794	0
829.15	0	.7495086	.008892366	.241599	0
828.15	0	.7486846	.009598423	.241717	0
827.15	0	.7478601	.01030659	.2418333	0
826.15	0	.7470353	.01101671	.241948	0
825.15	0	.7462097	.01172935	.2420609	0
824.15	0	.7453835	.01244433	.2421722	0
823.15	0	.7445565	.01316173	.2422817	0
822.15	0	.7437288	.01388164	.2423896	0
821.15	0	.7429003	.01460414	.2424956	0
820.15	0	.7420709	.01532932	.2425998	0
819.15	0	.7412405	.01605728	.2427022	0
818.15	0	.7404091	.01678809	.2428028	0
817.15	0	.7395766	.01752187	.2429015	0
816.15	0	.738743	.01825871	.2429983	0
815.15	0	.7379081	.01899871	.2430932	0
814.15	0	.7370719	.01974198	.2431861	0
813.15	0	.7362343	.02048864	.2432771	0
812.15	0	.7353952	.02123878	.2433661	0
811.15	0	.7345545	.02199254	.243453	0
810.15	0	.7337121	.02275004	.2435378	0
809.15	0	.732868	.0235114	.2436206	0
808.15	0	.7320221	.02427675	.2437012	0
807.15	0	.7311742	.02504623	.2437796	0
806.15	0	.7303242	.02581998	.2438558	0
805.15	0	.729472	.02659816	.2439298	0
804.15	0	.7286176	.0273809	.2440015	0
803.15	0	.7277608	.02816838	.2440709	0
802.15	0	.7269014	.02896076	.2441378	0
801.15	0	.7260394	.02975821	.2442024	0
800.15	0	.7251746	.03056092	.2442645	0
799.15	0	.7243069	.03136906	.2443241	0
798.15	0	.7234361	.03218285	.2443811	0
797.15	0	.7225621	.03300248	.2444355	0
796.15	0	.7216847	.03382817	.2444872	0
795.15	0	.7208037	.03466015	.2445361	0
794.15	0	.7199191	.03549865	.2445823	0
793.15	0	.7190305	.03634392	.2446256	0
792.15	0	.7181378	.03719623	.244666	0
791.15	0	.7172408	.03805585	.2447033	0
790.15	0	.7163393	.03892306	.2447376	0
789.15	0	.7154331	.03979818	.2447687	0
788.15	0	.7145219	.04068152	.2447966	0
787.15	0	.7136054	.04157343	.2448212	0
786.15	0	.7126835	.04247426	.2448423	0
785.15	0	.7117557	.04338439	.2448599	0
784.15	0	.7108219	.04430423	.2448738	0
783.15	0	.7098817	.04523421	.2448841	0
782.15	0	.7089348	.04617478	.2448904	0
781.15	0	.7079807	.04712643	.2448928	0
780.15	0	.7070192	.04808967	.2448911	0
779.15	0	.7060498	.04906507	.2448851	0
778.15	0	.7050721	.05005321	.2448747	0
777.15	0	.7040856	.05105472	.2448597	0
776.15	0	.7030897	.0520703	.24484	0
775.15	0	.702084	.05310068	.2448153	0
774.15	0	.7010678	.05414666	.2447855	0
773.15	0	.7000406	.05520908	.2447503	0
772.15	0	.6990016	.05628889	.2447095	0
771.15	0	.69795	.05738711	.2446629	0
770.15	0	.6968851	.05850483	.2446101	0
769.15	0	.6958059	.05964326	.2445508	0
768.15	0	.6947115	.06080374	.2444848	0
767.15	0	.6936007	.06198772	.2444116	0
766.15	0	.6924723	.06319682	.2443309	0
765.15	0	.6913251	.06443283	.2442421	0
764.15	0	.6901575	.06569774	.2441448	0
763.15	0	.6889678	.0669938	.2440384	0
762.15	0	.6877542	.06832351	.2439223	0
761.15	0	.6865146	.06968972	.2437957	0
760.15	0	.6852464	.07109567	.2436579	0
759.15	0	.683947	.07254508	.243508	0
758.15	0	.682613	.07404224	.2433448	0
757.15	0	.6812408	.07559215	.2431671	0
756.15	0	.6789553	.07831701	.2427277	0
755.15	0	.6765574	.08119424	.2422484	0
754.15	0	.6743074	.08388982	.2418028	0
753.15	0	.6721875	.08642549	.241387	0
752.15	0	.6701833	.0888193	.2409974	0
751.15	0	.6682824	.09108632	.2406313	0
750.15	0	.6664745	.09323933	.2402862	0
749.15	0	.6647508	.09528921	.23996	0
748.15	0	.6631037	.09724535	.239651	0
747.15	0	.6615266	.09911589	.2393576	0
746.15	0	.6600137	.1009079	.2390784	0
745.15	0	.6585601	.1026277	.2388123	0
744.15	0	.6571611	.1042807	.2385581	0
743.15	0	.655813	.1058719	.2383151	0
742.15	0	.6545121	.1074056	.2380824	0
741.15	0	.6532552	.1088857	.2378591	0
740.15	0	.6520395	.1103158	.2376447	0
739.15	0	.6508624	.111699	.2374386	0
738.15	0	.6497217	.1130382	.2372401	0
737.15	0	.648615	.1143361	.2370488	0
736.15	0	.6475406	.115595	.2368643	0
735.15	0	.6464966	.1168172	.2366862	0
734.15	0	.6454814	.1180046	.2365139	0
733.15	0	.6444935	.1191591	.2363474	0
732.15	0	.6435315	.1202824	.236186	0
731.15	0	.6425941	.1213761	.2360297	0
730.15	0	.6416802	.1224416	.2358782	0
729.15	0	.6407886	.1234803	.2357311	0
728.15	0	.6399183	.1244935	.2355882	0
727.15	0	.6390684	.1254822	.2354494	0
726.15	0	.638238	.1264477	.2353144	0
725.15	0	.6374261	.1273909	.235183	0
724.15	0	.6366322	.1283127	.2350551	0
723.15	0	.6358554	.1292142	.2349305	0
722.15	0	.635095	.130096	.234809	0
721.15	0	.6343504	.1309591	.2346905	0
720.15	0	.6336209	.1318042	.2345749	0
719.15	0	.6329061	.1326318	.234462	0
718.15	0	.6322054	.1334429	.2343518	0
717.15	0	.6315182	.1342378	.234244	0
716.15	0	.6308441	.1350173	.2341386	0
715.15	0	.6301826	.1357819	.2340355	0
714.15	0	.6295333	.1365321	.2339347	0
713.15	0	.6288957	.1372684	.2338359	0
712.15	0	.6282695	.1379914	.2337391	0
711.15	0	.6276543	.1387014	.2336443	0
710.15	0	.6270498	.1393989	.2335514	0
709.15	0	.6264555	.1400842	.2334602	0
708.15	0	.6258713	.1407579	.2333708	0
707.15	0	.6252967	.1414203	.233283	0
706.15	0	.6247315	.1420716	.2331968	0
705.15	0	.6241755	.1427124	.2331122	0
704.15	0	.6236282	.1433428	.233029	0
703.15	0	.6230895	.1439632	.2329473	0
702.15	0	.6225592	.1445739	.2328669	0
701.15	0	.622037	.1451752	.2327879	0
700.15	0	.6215226	.1457673	.2327101	0
699.15	0	.6210159	.1463505	.2326336	0
698.15	0	.6205166	.1469251	.2325583	0
697.15	0	.6200246	.1474913	.2324841	0
696.15	0	.6195397	.1480493	.232411	0
695.15	0	.6190616	.1485994	.232339	0
694.15	0	.6185902	.1491417	.2322681	0
693.15	0	.6181254	.1496765	.2321981	0
692.15	0	.6176669	.150204	.2321291	0
691.15	0	.6172146	.1507243	.232061	0
690.15	0	.6167684	.1512377	.2319939	0
689.15	0	.6163281	.1517443	.2319276	0
688.15	0	.6158936	.1522442	.2318622	0
687.15	0	.6154646	.1527378	.2317976	0
686.15	0	.6150412	.153225	.2317338	0
685.15	0	.6146232	.1537061	.2316708	0
684.15	0	.6142104	.1541812	.2316085	0
683.15	0	.6138027	.1546504	.2315469	0
682.15	0	.6134	.1551139	.2314861	0
681.15	0	.6130022	.1555719	.2314259	0
680.15	0	.6126093	.1560244	.2313664	0
679.15	0	.612221	.1564715	.2313075	0
678.15	0	.6118373	.1569135	.2312493	0
677.15	0	.6114581	.1573503	.2311916	0
676.15	0	.6110833	.1577822	.2311345	0
675.15	0	.6107128	.1582092	.2310781	0
674.15	0	.6103465	.1586314	.2310221	0
673.15	0	.6099844	.159049	.2309667	0
672.15	0	.6096262	.1594619	.2309118	0
671.15	0	.6092721	.1598705	.2308574	0
670.15	0	.6089218	.1602746	.2308035	0
669.15	0	.6085754	.1606745	.2307501	0
668.15	0	.6082327	.1610702	.2306972	0
667.15	0	.6078936	.1614617	.2306446	0
666.15	0	.6075582	.1618492	.2305926	0
665.15	0	.6072263	.1622328	.2305409	0
664.15	0	.6068978	.1626125	.2304897	0
663.15	0	.6065727	.1629884	.2304389	0
662.15	0	.606251	.1633606	.2303884	0
661.15	0	.6059325	.1637291	.2303384	0
660.15	0	.6056172	.1640941	.2302887	0
659.15	0	.6053051	.1644555	.2302394	0
658.15	0	.6049961	.1648135	.2301904	0
657.15	0	.6046902	.1651681	.2301418	0
656.15	0	.6043872	.1655194	.2300934	0
655.15	0	.6040871	.1658674	.2300455	0
654.15	0	.60379	.1662122	.2299978	0
653.15	0	.6034957	.1665539	.2299504	0
652.15	0	.6032042	.1668925	.2299034	0
651.15	0	.6029154	.167228	.2298566	0
650.15	0	.6026293	.1675606	.2298101	0
649.15	0	.6023459	.1678903	.2297639	0
648.15	0	.602065	.1682171	.2297179	0
647.15	0	.6017868	.168541	.2296722	0
646.15	0	.601511	.1688622	.2296268	0
645.15	0	.6012378	.1691806	.2295816	0
644.15	0	.600967	.1694963	.2295367	0
643.15	0	.6006986	.1698095	.229492	0
642.15	0	.6004326	.17012	.2294475	0
641.15	0	.6001689	.1704279	.2294032	0
640.15	0	.5999075	.1707333	.2293592	0
639.15	0	.5996483	.1710363	.2293154	0
638.15	0	.5993914	.1713368	.2292718	0
637.15	0	.5991367	.171635	.2292283	0
636.15	0	.5988841	.1719307	.2291851	0
635.15	0	.5986337	.1722242	.2291421	0
634.15	0	.5983854	.1725153	.2290993	0
633.15	0	.5981391	.1728042	.2290566	0
632.15	0	.5978949	.173091	.2290141	0
631.15	0	.5976527	.1733755	.2289719	0
630.15	0	.5974124	.1736578	.2289297	0
629.15	0	.5971742	.1739381	.2288878	0
628.15	0	.5969378	.1742162	.228846	0
627.15	0	.5967033	.1744924	.2288043	0
626.15	0	.5964707	.1747664	.2287629	0
625.15	0	.59624	.1750385	.2287215	0
624.15	0	.596011	.1753086	.2286803	0
623.15	0	.5957839	.1755768	.2286393	0
622.15	0	.5955585	.1758431	.2285984	0
621.15	0	.5953349	.1761075	.2285577	0
620.15	0	.595113	.17637	.228517	0
619.15	0	.5948928	.1766307	.2284765	0
618.15	0	.5946743	.1768896	.2284362	0
617.15	0	.5944574	.1771467	.2283959	0
616.15	0	.5942422	.177402	.2283558	0
615.15	0	.5940286	.1776556	.2283158	0
614.15	0	.5938165	.1779075	.228276	0
613.15	0	.5936061	.1781577	.2282362	0
612.15	0	.5933972	.1784062	.2281966	0
611.15	0	.5931899	.1786531	.228157	0
610.15	0	.592984	.1788984	.2281176	0
609.15	0	.5927797	.179142	.2280783	0
608.15	0	.5925768	.1793841	.2280391	0
607.15	0	.5923754	.1796246	.228	0
606.15	0	.5921755	.1798636	.2279609	0
605.15	0	.5919769	.180101	.227922	0
604.15	0	.5917798	.180337	.2278832	0
603.15	0	.5915841	.1805715	.2278445	0
602.15	0	.5913897	.1808044	.2278058	0
601.15	0	.5911967	.181036	.2277673	0
600.15	0	.5910051	.1812661	.2277288	0
599.15	0	.5908148	.1814948	.2276905	0
598.15	0	.5906258	.181722	.2276522	0
597.15	0	.5904381	.1819479	.227614	0
596.15	0	.5902517	.1821725	.2275759	0
595.15	0	.5900665	.1823957	.2275378	0
594.15	0	.5898826	.1826175	.2274999	0
593.15	0	.5897	.1828381	.227462	0
592.15	0	.5895185	.1830573	.2274242	0
591.15	0	.5893383	.1832752	.2273865	0
590.15	0	.5891593	.1834919	.2273488	0
589.15	0	.5889815	.1837073	.2273112	0
588.15	0	.5888049	.1839214	.2272737	0
587.15	0	.5886294	.1841343	.2272363	0
586.15	0	.5884551	.184346	.2271989	0
585.15	0	.5882819	.1845565	.2271616	0
584.15	0	.5881099	.1847658	.2271243	0
583.15	0	.587939	.1849739	.2270872	0
582.15	0	.5877692	.1851808	.22705	0
581.15	0	.5876004	.1853866	.227013	0
580.15	0	.5874328	.1855912	.226976	0
579.15	0	.5872662	.1857947	.2269391	0
578.15	0	.5871007	.1859971	.2269022	0
577.15	0	.5869362	.1861983	.2268654	0
576.15	0	.5867728	.1863985	.2268287	0
575.15	0	.5866104	.1865975	.226792	0
574.15	0	.5864491	.1867955	.2267554	0
573.15	0	.5862887	.1869924	.2267188	0
572.15	0	.5861294	.1871883	.2266823	0
571.15	0	.5859711	.1873831	.2266458	0
570.15	0	.5858138	.1875769	.2266094	0
569.15	0	.5856574	.1877696	.226573	0
568.15	0	.5855019	.1879613	.2265368	0
567.15	0	.5853474	.188152	.2265005	0
566.15	0	.5851939	.1883418	.2264643	0
565.15	0	.5850413	.1885305	.2264282	0
564.15	0	.5848897	.1887182	.2263921	0
563.15	0	.584739	.188905	.2263561	0
562.15	0	.5845891	.1890908	.2263201	0
561.15	0	.5844402	.1892756	.2262842	0
560.15	0	.5842922	.1894595	.2262483	0
559.15	0	.5841451	.1896425	.2262125	0
558.15	0	.5839988	.1898245	.2261767	0
557.15	0	.5838535	.1900056	.226141	0
556.15	0	.583709	.1901857	.2261053	0
555.15	0	.5835653	.190365	.2260697	0
554.15	0	.5834225	.1905434	.2260341	0
553.15	0	.5832806	.1907209	.2259986	0
552.15	0	.5831395	.1908975	.2259631	0
551.15	0	.5829992	.1910732	.2259276	0
550.15	0	.5828598	.191248	.2258922	0
549.15	0	.5827211	.191422	.2258569	0
548.15	0	.5825833	.1915951	.2258216	0
547.15	0	.5824463	.1917674	.2257863	0
546.15	0	.5823101	.1919388	.2257511	0
545.15	0	.5821747	.1921094	.225716	0
544.15	0	.58204	.1922791	.2256809	0
543.15	0	.5819062	.192448	.2256458	0
542.15	0	.5817731	.1926161	.2256108	0
541.15	0	.5816408	.1927834	.2255758	0
540.15	0	.5815093	.1929499	.2255409	0
539.15	0	.5813785	.1931156	.225506	0
538.15	0	.5812484	.1932804	.2254712	0
537.15	0	.5811191	.1934445	.2254364	0
536.15	0	.5809906	.1936078	.2254016	0
535.15	0	.5808628	.1937703	.2253669	0
534.15	0	.5807357	.1939321	.2253323	0
533.15	0	.5806093	.1940931	.2252976	0
532.15	0	.5804837	.1942533	.2252631	0
531.15	0	.5803587	.1944127	.2252286	0
530.15	0	.5802345	.1945714	.2251941	0
529.15	0	.580111	.1947294	.2251596	0
528.15	0	.5799882	.1948866	.2251253	0
527.15	0	.579866	.1950431	.2250909	0
526.15	0	.5797446	.1951988	.2250566	0
525.15	0	.5796238	.1953538	.2250224	0
524.15	0	.5795037	.1955081	.2249882	0
523.15	0	.5793843	.1956616	.224954	0
522.15	0	.5792656	.1958145	.2249199	0
521.15	0	.5791475	.1959666	.2248859	0
520.15	0	.5790301	.196118	.2248518	0
519.15	0	.5789134	.1962687	.2248179	0
518.15	0	.5787973	.1964188	.224784	0
517.15	0	.5786819	.1965681	.2247501	0
516.15	0	.5785671	.1967167	.2247162	0
515.15	0	.5784529	.1968647	.2246825	0
514.15	0	.5783394	.1970119	.2246487	0
513.15	0	.5782265	.1971585	.224615	0
512.15	0	.5781142	.1973044	.2245814	0
511.15	0	.5780026	.1974496	.2245478	0
510.15	0	.5778916	.1975942	.2245143	0
509.15	0	.5777812	.1977381	.2244808	0
508.15	0	.5776714	.1978813	.2244473	0
507.15	0	.5775622	.1980239	.2244139	0
506.15	0	.5774536	.1981658	.2243806	0
505.15	0	.5773457	.1983071	.2243473	0
504.15	0	.5772383	.1984477	.224314	0
503.15	0	.5771315	.1985877	.2242808	0
502.15	0	.5770253	.198727	.2242477	0
501.15	0	.5769197	.1988657	.2242146	0
500.15	0	.5768147	.1990038	.2241815	0
499.15	0	.5767103	.1991412	.2241485	0
498.15	0	.5766065	.199278	.2241156	0
497.15	0	.5765032	.1994142	.2240826	0
496.15	0	.5764005	.1995497	.2240498	0
495.15	0	.5762983	.1996846	.224017	0
494.15	0	.5761968	.199819	.2239843	0
493.15	0	.5760958	.1999526	.2239516	0
492.15	0	.5759953	.2000857	.2239189	0
491.15	0	.5758954	.2002182	.2238864	0
490.15	0	.5757961	.2003501	.2238538	0
489.15	0	.5756973	.2004813	.2238213	0
488.15	0	.5755991	.200612	.2237889	0
487.15	0	.5755014	.200742	.2237566	0
486.15	0	.5754043	.2008715	.2237242	0
485.15	0	.5753077	.2010004	.223692	0
484.15	0	.5752116	.2011286	.2236598	0
483.15	0	.5751161	.2012563	.2236276	0
482.15	0	.5750211	.2013834	.2235955	0
481.15	0	.5749266	.2015099	.2235635	0
480.15	0	.5748326	.2016359	.2235315	0
479.15	0	.5747392	.2017612	.2234996	0
478.15	0	.5746463	.201886	.2234677	0
477.15	0	.5745539	.2020102	.2234359	0
476.15	0	.574462	.2021338	.2234042	0
475.15	0	.5743707	.2022569	.2233725	0
474.15	0	.5742798	.2023793	.2233408	0
473.15	0	.5741895	.2025012	.2233093	0
472.15	0	.5740997	.2026226	.2232778	0
471.15	0	.5740104	.2027434	.2232463	0
470.15	0	.5739215	.2028636	.2232149	0
469.15	0	.5738332	.2029832	.2231836	0
468.15	0	.5737454	.2031023	.2231523	0
467.15	0	.573658	.2032209	.2231211	0
466.15	0	.5735712	.2033389	.2230899	0
465.15	0	.5734848	.2034563	.2230589	0
464.15	0	.573399	.2035732	.2230278	0
463.15	0	.5733136	.2036895	.2229969	0
462.15	0	.5732287	.2038053	.222966	0
461.15	0	.5731443	.2039206	.2229351	0
460.15	0	.5730604	.2040353	.2229044	0
459.15	0	.5729769	.2041494	.2228737	0
458.15	0	.5728939	.204263	.222843	0
457.15	0	.5728114	.2043761	.2228125	0
456.15	0	.5727294	.2044886	.222782	0
455.15	0	.5726478	.2046006	.2227515	0
454.15	0	.5725668	.2047121	.2227211	0
453.15	0	.5724861	.204823	.2226908	0
452.15	0	.572406	.2049335	.2226606	0
451.15	0	.5723263	.2050433	.2226304	0
450.15	0	.572247	.2051527	.2226003	0
449.15	0	.5721683	.2052614	.2225703	0
448.15	0	.57209	.2053696	.2225404	0
447.15	0	.5720122	.2054773	.2225105	0
446.15	0	.5719348	.2055844	.2224808	0
445.15	0	.571858	.205691	.2224511	0
444.15	0	.5717816	.205797	.2224214	0
443.15	0	.5717056	.2059025	.2223919	0
442.15	0	.5716302	.2060074	.2223625	0
441.15	0	.5715552	.2061117	.2223331	0
440.15	0	.5714807	.2062155	.2223038	0
439.15	0	.5714067	.2063187	.2222747	0
438.15	0	.5713331	.2064213	.2222456	0
437.15	0	.57126	.2065234	.2222166	0
436.15	0	.5711875	.2066248	.2221877	0
435.15	0	.5711154	.2067257	.222159	0
434.15	0	.5710437	.206826	.2221303	0
433.15	0	.5709726	.2069257	.2221017	0
432.15	0	.5709019	.2070248	.2220733	0
431.15	0	.5708318	.2071233	.2220449	0
430.15	0	.5707621	.2072212	.2220167	0
429.15	0	.5706929	.2073185	.2219886	0
428.15	0	.5706242	.2074152	.2219606	0
427.15	0	.570556	.2075113	.2219327	0
426.15	0	.5704883	.2076068	.2219049	0
425.15	0	.570421	.2077018	.2218773	0
424.15	0	.5703542	.2077961	.2218497	0
423.15	0	.5702879	.2078898	.2218223	0
422.15	0	.5702221	.2079829	.221795	0
421.15	0	.5701568	.2080754	.2217678	0
420.15	0	.570092	.2081672	.2217408	0
419.15	0	.5700276	.2082585	.2217138	0
418.15	0	.5699637	.2083492	.221687	0
417.15	0	.5699004	.2084393	.2216604	0
416.15	0	.5698374	.2085288	.2216338	0
415.15	0	.569775	.2086177	.2216074	0
414.15	0	.569713	.2087059	.2215811	0
413.15	0	.5696515	.2087936	.2215549	0
412.15	0	.5695905	.2088807	.2215288	0
411.15	0	.5695299	.2089672	.2215029	0
410.15	0	.5694699	.209053	.2214771	0
409.15	0	.5694102	.2091383	.2214515	0
408.15	0	.5693511	.209223	.2214259	0
407.15	0	.5692924	.2093071	.2214005	0
406.15	0	.5692342	.2093906	.2213752	0
405.15	0	.5691764	.2094735	.2213501	0
404.15	0	.5691191	.2095559	.2213251	0
403.15	0	.5690622	.2096376	.2213002	0
402.15	0	.5690058	.2097188	.2212754	0
401.15	0	.5689498	.2097993	.2212508	0
400.15	0	.5688943	.2098794	.2212263	0
399.15	0	.5688393	.2099588	.2212019	0
398.15	0	.5687846	.2100376	.2211777	0
397.15	0	.5687305	.2101159	.2211536	0
396.15	0	.5686767	.2101936	.2211296	0
395.15	0	.5686234	.2102708	.2211058	0
394.15	0	.5685706	.2103474	.2210821	0
393.15	0	.5685181	.2104234	.2210585	0
392.15	0	.5684661	.2104989	.221035	0
391.15	0	.5684145	.2105738	.2210117	0
390.15	0	.5683634	.2106482	.2209885	0
389.15	0	.5683127	.210722	.2209654	0
388.15	0	.5682623	.2107952	.2209424	0
387.15	0	.5682124	.210868	.2209196	0
386.15	0	.5681629	.2109401	.2208969	0
385.15	0	.5681139	.2110118	.2208743	0
384.15	0	.5680652	.2110829	.2208519	0
383.15	0	.5680169	.2111535	.2208296	0
382.15	0	.5679691	.2112235	.2208074	0
381.15	0	.5679216	.2112931	.2207853	0
380.15	0	.5678745	.2113621	.2207634	0
379.15	0	.5678279	.2114306	.2207415	0
378.15	0	.5677816	.2114986	.2207198	0
377.15	0	.5677357	.211566	.2206983	0
376.15	0	.5676902	.211633	.2206768	0
375.15	0	.5676451	.2116995	.2206555	0
374.15	0	.5676003	.2117654	.2206342	0
373.15	0	.567556	.2118309	.2206131	0
372.15	0	.567512	.2118959	.2205922	0
371.15	0	.5674684	.2119604	.2205713	0
370.15	0	.5674251	.2120244	.2205505	0
369.15	0	.5673822	.2120879	.2205299	0
368.15	0	.5673397	.2121509	.2205094	0
367.15	0	.5672975	.2122135	.220489	0
366.15	0	.5672557	.2122756	.2204687	0
365.15	0	.5672142	.2123372	.2204486	0
364.15	0	.5671731	.2123984	.2204285	0
363.15	0	.5671323	.2124591	.2204086	0
362.15	0	.5670919	.2125193	.2203888	0
361.15	0	.5670518	.2125791	.220369	0
360.15	0	.5670121	.2126385	.2203494	0
359.15	0	.5669727	.2126974	.2203299	0
358.15	0	.5669336	.2127558	.2203106	0
357.15	0	.5668949	.2128138	.2202913	0
356.15	0	.5668564	.2128714	.2202721	0
355.15	0	.5668184	.2129286	.2202531	0
354.15	0	.5667806	.2129853	.2202341	0
353.15	0	.5667431	.2130416	.2202153	0
352.15	0	.566706	.2130975	.2201965	0
351.15	0	.5666691	.213153	.2201779	0
350.15	0	.5666326	.213208	.2201594	0
349.15	0	.5665964	.2132627	.2201409	0
348.15	0	.5665605	.2133169	.2201226	0
347.15	0	.5665249	.2133708	.2201044	0
346.15	0	.5664895	.2134242	.2200863	0
345.15	0	.5664545	.2134772	.2200682	0
344.15	0	.5664198	.2135299	.2200503	0
343.15	0	.5663854	.2135822	.2200325	0
342.15	0	.5663512	.213634	.2200148	0
341.15	0	.5663173	.2136855	.2199971	0
340.15	0	.5662837	.2137367	.2199796	0
339.15	0	.5662504	.2137874	.2199622	0
338.15	0	.5662174	.2138378	.2199448	0
337.15	0	.5661846	.2138878	.2199276	0
336.15	0	.5661521	.2139375	.2199105	0
335.15	0	.5661199	.2139867	.2198934	0
334.15	0	.5660879	.2140357	.2198765	0
333.15	0	.5660562	.2140843	.2198596	0
332.15	0	.5660247	.2141325	.2198428	0
331.15	0	.5659935	.2141804	.2198261	0
330.15	0	.5659626	.2142279	.2198095	0
329.15	0	.5659319	.2142751	.219793	0
328.15	0	.5659014	.214322	.2197766	0
327.15	0	.5658712	.2143685	.2197603	0
326.15	0	.5658412	.2144147	.2197441	0
325.15	0	.5658115	.2144605	.2197279	0
324.15	0	.565782	.2145061	.2197119	0
323.15	0	.5657528	.2145513	.2196959	0
322.15	0	.5657238	.2145962	.21968	0
321.15	0	.565695	.2146408	.2196642	0
320.15	0	.5656664	.2146851	.2196485	0
319.15	0	.5656381	.2147291	.2196329	0
318.15	0	.5656099	.2147727	.2196173	0
317.15	0	.565582	.2148161	.2196019	0
316.15	0	.5655543	.2148592	.2195865	0
315.15	0	.5655269	.2149019	.2195712	0
314.15	0	.5654996	.2149444	.219556	0
313.15	0	.5654725	.2149866	.2195409	0
312.15	0	.5654457	.2150285	.2195258	0
311.15	0	.5654191	.2150701	.2195109	0
310.15	0	.5653926	.2151114	.219496	0
309.15	0	.5653664	.2151524	.2194812	0
308.15	0	.5653403	.2151932	.2194665	0
307.15	0	.5653145	.2152337	.2194518	0
306.15	0	.5652888	.2152739	.2194373	0
305.15	0	.5652633	.2153139	.2194228	0
304.15	0	.565238	.2153536	.2194084	0
303.15	0	.5652129	.215393	.2193941	0
302.15	0	.565188	.2154322	.2193798	0
301.15	0	.5651633	.2154711	.2193656	0
300.15	0	.5651387	.2155098	.2193515	0
299.15	0	.5651143	.2155482	.2193375	0
298.15	0	.5650901	.2155863	.2193236	0
