T	 BPW(LIQUID)	BPW(BCC_A2)	BPW(FCC_A1)	BPW(LAVES_PHASE_C14)	BPW(NI3TI)
1473.15	.04755219	.9524478	0	0	0
1472.15	.04484824	.9551518	0	0	0
1471.15	.04216694	.9578331	0	0	0
1470.15	.03950813	.9604919	0	0	0
1469.15	.03687162	.9631284	0	0	0
1468.15	.03425725	.9657428	0	0	0
1467.15	.03166484	.9683352	0	0	0
1466.15	.02909422	.9709058	0	0	0
1465.15	.02654521	.9734548	0	0	0
1464.15	.02401765	.9759823	0	0	0
1463.15	.02151136	.9784886	0	0	0
1462.15	.01902618	.9809738	0	0	0
1461.15	.01656194	.9834381	0	0	0
1460.257	.01437778	.9856222	0	0	0
1460.257	.01437778	.9856222	0	0	0
1460.257	.01437778	.9856222	0	0	0
1460.15	.01392804	.9858975	0	1.744381E-04	0
1459.15	.009746187	.9884537	0	.001800135	0
1458.15	.005635302	.9909598	0	.003404873	0
1457.15	.001593594	.9934172	0	.004989194	0
1456.751	0	.9943843	0	.005615708	0
1456.751	0	.9943843	0	.005615708	0
1456.15	0	.9939134	0	.006086614	0
1455.15	0	.9931315	0	.006868512	0
1454.15	0	.9923516	0	.00764842	0
1453.15	0	.9915737	0	.008426344	0
1452.15	0	.9907977	0	.009202292	0
1451.15	0	.9900237	0	.009976272	0
1450.15	0	.9892517	0	.01074829	0
1449.15	0	.9884816	0	.01151835	0
1448.15	0	.9877135	0	.01228647	0
1447.15	0	.9869474	0	.01305264	0
1446.15	0	.9861831	0	.01381688	0
1445.15	0	.9854208	0	.01457919	0
1444.15	0	.9846604	0	.01533958	0
1443.15	0	.9839019	0	.01609806	0
1442.15	0	.9831454	0	.01685463	0
1441.15	0	.9823907	0	.0176093	0
1440.15	0	.9816379	0	.01836208	0
1439.15	0	.980887	0	.01911297	0
1438.15	0	.980138	0	.01986198	0
1437.15	0	.9793909	0	.02060912	0
1436.15	0	.9786456	0	.02135439	0
1435.15	0	.9779022	0	.0220978	0
1434.15	0	.9771606	0	.02283936	0
1433.15	0	.9764209	0	.02357907	0
1432.15	0	.9756831	0	.02431694	0
1431.15	0	.974947	0	.02505298	0
1430.15	0	.9742128	0	.02578718	0
1429.15	0	.9734804	0	.02651957	0
1428.15	0	.9727499	0	.02725014	0
1427.15	0	.9720211	0	.0279789	0
1426.15	0	.9712941	0	.02870586	0
1425.15	0	.970569	0	.02943102	0
1424.15	0	.9698456	0	.03015439	0
1423.15	0	.969124	0	.03087598	0
1422.15	0	.9684042	0	.03159579	0
1421.15	0	.9676862	0	.03231383	0
1420.15	0	.9669699	0	.0330301	0
1419.15	0	.9662554	0	.03374461	0
1418.15	0	.9655426	0	.03445737	0
1417.15	0	.9648316	0	.03516838	0
1416.15	0	.9641224	0	.03587765	0
1415.15	0	.9634148	0	.03658518	0
1414.15	0	.962709	0	.03729098	0
1413.15	0	.9620049	0	.03799506	0
1412.15	0	.9613026	0	.03869743	0
1411.15	0	.9606019	0	.03939807	0
1410.15	0	.959903	0	.04009702	0
1409.15	0	.9592057	0	.04079426	0
1408.15	0	.9585102	0	.04148981	0
1407.15	0	.9578163	0	.04218366	0
1406.15	0	.9571242	0	.04287584	0
1405.15	0	.9564337	0	.04356633	0
1404.15	0	.9557448	0	.04425516	0
1403.15	0	.9550577	0	.04494232	0
1402.15	0	.9543722	0	.04562781	0
1401.15	0	.9536884	0	.04631165	0
1400.15	0	.9530062	0	.04699384	0
1399.15	0	.9523256	0	.04767439	0
1398.15	0	.9516467	0	.0483533	0
1397.15	0	.9509694	0	.04903057	0
1396.15	0	.9502938	0	.04970622	0
1395.15	0	.9496198	0	.05038024	0
1394.15	0	.9489474	0	.05105265	0
1393.15	0	.9482766	0	.05172344	0
1392.15	0	.9476074	0	.05239263	0
1391.15	0	.9469398	0	.05306021	0
1390.15	0	.9462738	0	.0537262	0
1389.15	0	.9456094	0	.0543906	0
1388.15	0	.9449466	0	.05505341	0
1387.15	0	.9442854	0	.05571465	0
1386.15	0	.9436257	0	.0563743	0
1385.15	0	.9429676	0	.05703239	0
1384.15	0	.9423111	0	.05768891	0
1383.15	0	.9416561	0	.05834388	0
1382.15	0	.9410027	0	.05899728	0
1381.15	0	.9403509	0	.05964914	0
1380.15	0	.9397006	0	.06029945	0
1379.15	0	.9390518	0	.06094823	0
1378.15	0	.9384045	0	.06159547	0
1377.15	0	.9377588	0	.06224118	0
1376.15	0	.9371146	0	.06288536	0
1375.15	0	.936472	0	.06352802	0
1374.15	0	.9358308	0	.06416917	0
1373.15	0	.9351912	0	.06480881	0
1372.15	0	.9345531	0	.06544695	0
1371.15	0	.9339164	0	.06608358	0
1370.15	0	.9332813	0	.06671872	0
1369.15	0	.9326476	0	.06735236	0
1368.15	0	.9320155	0	.06798452	0
1367.15	0	.9313848	0	.0686152	0
1366.15	0	.9307556	0	.0692444	0
1365.15	0	.9301279	0	.06987213	0
1364.15	0	.9295016	0	.0704984	0
1363.15	0	.9288768	0	.0711232	0
1362.15	0	.9282535	0	.07174654	0
1361.15	0	.9276316	0	.07236843	0
1360.15	0	.9270111	0	.07298887	0
1359.15	0	.9263921	0	.07360786	0
1358.15	0	.9257746	0	.07422542	0
1357.15	0	.9251585	0	.07484154	0
1356.15	0	.9245438	0	.07545623	0
1355.15	0	.9239305	0	.07606949	0
1354.15	0	.9233187	0	.07668134	0
1353.15	0	.9227082	0	.07729176	0
1352.15	0	.9220992	0	.07790077	0
1351.15	0	.9214916	0	.07850837	0
1350.15	0	.9208854	0	.07911457	0
1349.15	0	.9202806	0	.07971937	0
1348.15	0	.9196772	0	.08032277	0
1347.15	0	.9190752	0	.08092478	0
1346.15	0	.9184746	0	.08152541	0
1345.15	0	.9178753	0	.08212465	0
1344.15	0	.9172775	0	.08272252	0
1343.15	0	.916681	0	.08331901	0
1342.15	0	.9160859	0	.08391413	0
1341.15	0	.9154921	0	.08450788	0
1340.15	0	.9148997	0	.08510027	0
1339.15	0	.9143087	0	.08569131	0
1338.15	0	.913719	0	.08628099	0
1337.15	0	.9131307	0	.08686932	0
1336.15	0	.9125437	0	.08745631	0
1335.15	0	.911958	0	.08804196	0
1334.15	0	.9113737	0	.08862627	0
1333.15	0	.9107907	0	.08920925	0
1332.15	0	.9102091	0	.0897909	0
1331.15	0	.9096288	0	.09037122	0
1330.15	0	.9090498	0	.09095022	0
1329.15	0	.9084721	0	.09152791	0
1328.15	0	.9078957	0	.09210428	0
1327.15	0	.9073206	0	.09267935	0
1326.15	0	.9067469	0	.09325311	0
1325.15	0	.9061744	0	.09382557	0
1324.15	0	.9056033	0	.09439673	0
1323.15	0	.9050334	0	.0949666	0
1322.15	0	.9044648	0	.09553518	0
1321.15	0	.9038975	0	.09610247	0
1320.15	0	.9033315	0	.09666848	0
1319.15	0	.9027668	0	.09723322	0
1318.15	0	.9022033	0	.09779667	0
1317.15	0	.9016411	0	.09835886	0
1316.15	0	.9010802	0	.09891979	0
1315.15	0	.9005206	0	.09947944	0
1314.15	0	.8999622	0	.1000379	0
1313.15	0	.899405	0	.100595	0
1312.15	0	.8988491	0	.1011509	0
1311.15	0	.8982945	0	.1017055	0
1310.15	0	.8977411	0	.1022589	0
1309.15	0	.8971889	0	.1028111	0
1308.15	0	.896638	0	.103362	0
1307.15	0	.8960883	0	.1039117	0
1306.15	0	.8955399	0	.1044602	0
1305.15	0	.8949926	0	.1050074	0
1304.15	0	.8944466	0	.1055534	0
1303.15	0	.8939018	0	.1060982	0
1302.15	0	.8933583	0	.1066418	0
1301.15	0	.8928159	0	.1071841	0
1300.15	0	.8922747	0	.1077253	0
1299.15	0	.8917348	0	.1082652	0
1298.15	0	.891196	0	.108804	0
1297.15	0	.8906585	0	.1093415	0
1296.15	0	.8901222	0	.1098779	0
1295.15	0	.889587	0	.110413	0
1294.15	0	.889053	0	.110947	0
1293.15	0	.8885202	0	.1114798	0
1292.15	0	.8879886	0	.1120114	0
1291.15	0	.8874582	0	.1125418	0
1290.15	0	.886929	0	.113071	0
1289.15	0	.8864009	0	.1135991	0
1288.15	0	.885874	0	.114126	0
1287.15	0	.8853482	0	.1146518	0
1286.15	0	.8848236	0	.1151764	0
1285.15	0	.8843002	0	.1156998	0
1284.15	0	.8837779	0	.1162221	0
1283.15	0	.8832568	0	.1167432	0
1282.15	0	.8827369	0	.1172632	0
1281.15	0	.882218	0	.117782	0
1280.15	0	.8817004	0	.1182997	0
1279.15	0	.8811838	0	.1188162	0
1278.15	0	.8806684	0	.1193316	0
1277.15	0	.8801541	0	.1198459	0
1276.15	0	.879641	0	.120359	0
1275.15	0	.879129	0	.120871	0
1274.15	0	.8786181	0	.1213819	0
1273.15	0	.8781083	0	.1218917	0
1272.15	0	.8775997	0	.1224004	0
1271.15	0	.8770921	0	.1229079	0
1270.15	0	.8765857	0	.1234143	0
1269.15	0	.8760804	0	.1239197	0
1268.15	0	.8755761	0	.1244239	0
1267.15	0	.875073	0	.124927	0
1266.15	0	.874571	0	.125429	0
1265.15	0	.8740701	0	.1259299	0
1264.15	0	.8735703	0	.1264297	0
1263.15	0	.8730715	0	.1269285	0
1262.15	0	.8725739	0	.1274261	0
1261.15	0	.8720773	0	.1279227	0
1260.15	0	.8715818	0	.1284182	0
1259.15	0	.8710874	0	.1289126	0
1258.15	0	.8705941	0	.1294059	0
1257.15	0	.8701019	0	.1298982	0
1256.15	0	.8696107	0	.1303893	0
1255.15	0	.8691206	0	.1308795	0
1254.15	0	.8686315	0	.1313685	0
1253.15	0	.8681435	0	.1318565	0
1252.15	0	.8676566	0	.1323434	0
1251.15	0	.8671707	0	.1328293	0
1250.15	0	.8666859	0	.1333141	0
1249.15	0	.8662021	0	.1337979	0
1248.15	0	.8657194	0	.1342806	0
1247.15	0	.8652377	0	.1347623	0
1246.15	0	.864757	0	.135243	0
1245.15	0	.8642774	0	.1357226	0
1244.15	0	.8637989	0	.1362011	0
1243.15	0	.8633213	0	.1366787	0
1242.15	0	.8628448	0	.1371552	0
1241.15	0	.8623694	0	.1376306	0
1240.15	0	.8618949	0	.1381051	0
1239.15	0	.8614215	0	.1385785	0
1238.15	0	.8609491	0	.1390509	0
1237.15	0	.8604777	0	.1395223	0
1236.15	0	.8600074	0	.1399927	0
1235.15	0	.859538	0	.140462	0
1234.15	0	.8590697	0	.1409304	0
1233.15	0	.8586023	0	.1413977	0
1232.15	0	.858136	0	.141864	0
1231.15	0	.8576707	0	.1423293	0
1230.15	0	.8572063	0	.1427937	0
1229.15	0	.856743	0	.143257	0
1228.15	0	.8562806	0	.1437194	0
1227.15	0	.8558193	0	.1441807	0
1226.15	0	.8553589	0	.1446411	0
1225.15	0	.8548996	0	.1451004	0
1224.15	0	.8544412	0	.1455588	0
1223.15	0	.8539838	0	.1460162	0
1222.15	0	.8535274	0	.1464727	0
1221.15	0	.8530719	0	.1469281	0
1220.15	0	.8526174	0	.1473826	0
1219.15	0	.8521639	0	.1478361	0
1218.15	0	.8517114	0	.1482886	0
1217.15	0	.8512598	0	.1487402	0
1216.15	0	.8508092	0	.1491908	0
1215.15	0	.8503596	0	.1496404	0
1214.15	0	.8499109	0	.1500891	0
1213.15	0	.8494632	0	.1505368	0
1212.15	0	.8490165	0	.1509835	0
1211.15	0	.8485706	0	.1514294	0
1210.15	0	.8481258	0	.1518742	0
1209.15	0	.8476819	0	.1523181	0
1208.15	0	.8472389	0	.1527611	0
1207.15	0	.8467969	0	.1532031	0
1206.15	0	.8463558	0	.1536442	0
1205.15	0	.8459157	0	.1540843	0
1204.15	0	.8454765	0	.1545235	0
1203.15	0	.8450382	0	.1549618	0
1202.15	0	.8446009	0	.1553991	0
1201.15	0	.8441645	0	.1558355	0
1200.15	0	.843729	0	.156271	0
1199.15	0	.8432945	0	.1567055	0
1198.15	0	.8428609	0	.1571391	0
1197.15	0	.8424282	0	.1575718	0
1196.15	0	.8419964	0	.1580036	0
1195.15	0	.8415655	0	.1584345	0
1194.15	0	.8411356	0	.1588644	0
1193.15	0	.8407065	0	.1592935	0
1192.15	0	.8402784	0	.1597216	0
1191.15	0	.8398512	0	.1601488	0
1190.15	0	.8394249	0	.1605751	0
1189.15	0	.8389995	0	.1610005	0
1188.15	0	.838575	0	.161425	0
1187.15	0	.8381514	0	.1618486	0
1186.15	0	.8377287	0	.1622713	0
1185.15	0	.8373069	0	.1626932	0
1184.15	0	.8368859	0	.1631141	0
1183.15	0	.8364659	0	.1635341	0
1182.15	0	.8360468	0	.1639532	0
1181.15	0	.8356285	0	.1643715	0
1180.15	0	.8352112	0	.1647888	0
1179.15	0	.8347947	0	.1652053	0
1178.15	0	.8343791	0	.1656209	0
1177.15	0	.8339644	0	.1660356	0
1176.15	0	.8335505	0	.1664495	0
1175.15	0	.8331376	0	.1668624	0
1174.15	0	.8327255	0	.1672745	0
1173.15	0	.8323143	0	.1676857	0
1172.15	0	.8319039	0	.1680961	0
1171.15	0	.8314944	0	.1685056	0
1170.15	0	.8310858	0	.1689142	0
1169.15	0	.8306781	0	.1693219	0
1168.15	0	.8302712	0	.1697288	0
1167.15	0	.8298651	0	.1701349	0
1166.15	0	.82946	0	.17054	0
1165.15	0	.8290556	0	.1709443	0
1164.15	0	.8286522	0	.1713478	0
1163.15	0	.8282496	0	.1717504	0
1162.15	0	.8278478	0	.1721522	0
1161.15	0	.8274469	0	.1725531	0
1160.15	0	.8270468	0	.1729532	0
1159.15	0	.8266476	0	.1733524	0
1158.15	0	.8262492	0	.1737508	0
1157.15	0	.8258517	0	.1741483	0
1156.15	0	.825455	0	.174545	0
1155.15	0	.8250592	0	.1749409	0
1154.15	0	.8246641	0	.1753359	0
1153.15	0	.8242699	0	.1757301	0
1152.15	0	.8238766	0	.1761234	0
1151.15	0	.823484	0	.176516	0
1150.15	0	.8230923	0	.1769077	0
1149.15	0	.8227015	0	.1772985	0
1148.15	0	.8223114	0	.1776886	0
1147.15	0	.8219222	0	.1780778	0
1146.15	0	.8215338	0	.1784662	0
1145.15	0	.8211462	0	.1788538	0
1144.15	0	.8207594	0	.1792406	0
1143.15	0	.8203735	0	.1796265	0
1142.15	0	.8199884	0	.1800116	0
1141.15	0	.819604	0	.180396	0
1140.15	0	.8192205	0	.1807795	0
1139.15	0	.8188378	0	.1811622	0
1138.15	0	.8184559	0	.1815441	0
1137.15	0	.8180748	0	.1819252	0
1136.15	0	.8176946	0	.1823055	0
1135.15	0	.8173151	0	.1826849	0
1134.15	0	.8169364	0	.1830636	0
1133.15	0	.8165585	0	.1834415	0
1132.15	0	.8161814	0	.1838186	0
1131.15	0	.8158051	0	.1841949	0
1130.15	0	.8154296	0	.1845704	0
1129.15	0	.8150549	0	.1849451	0
1128.15	0	.814681	0	.185319	0
1127.15	0	.8143079	0	.1856921	0
1126.15	0	.8139356	0	.1860644	0
1125.15	0	.813564	0	.186436	0
1124.15	0	.8131933	0	.1868067	0
1123.15	0	.8128233	0	.1871767	0
1122.15	0	.8124541	0	.1875459	0
1121.15	0	.8120857	0	.1879143	0
1120.15	0	.811718	0	.188282	0
1119.15	0	.8113512	0	.1886489	0
1118.15	0	.8109851	0	.1890149	0
1117.15	0	.8106198	0	.1893803	0
1116.15	0	.8102552	0	.1897448	0
1115.15	0	.8098914	0	.1901086	0
1114.15	0	.8095284	0	.1904716	0
1113.15	0	.8091662	0	.1908338	0
1112.15	0	.8088047	0	.1911953	0
1111.15	0	.808444	0	.191556	0
1110.15	0	.8080841	0	.1919159	0
1109.15	0	.8077249	0	.1922751	0
1108.15	0	.8073665	0	.1926335	0
1107.15	0	.8070088	0	.1929912	0
1106.15	0	.8066519	0	.1933481	0
1105.15	0	.8062957	0	.1937043	0
1104.15	0	.8059404	0	.1940596	0
1103.15	0	.8055857	0	.1944143	0
1102.15	0	.8052318	0	.1947682	0
1101.15	0	.8048787	0	.1951213	0
1100.15	0	.8045263	0	.1954737	0
1099.15	0	.8041746	0	.1958254	0
1098.15	0	.8038237	0	.1961763	0
1097.15	0	.8034736	0	.1965264	0
1096.15	0	.8031242	0	.1968758	0
1095.15	0	.8027755	0	.1972245	0
1094.15	0	.8024276	0	.1975724	0
1093.15	0	.8020804	0	.1979196	0
1092.15	0	.8017339	0	.1982661	0
1091.15	0	.8013882	0	.1986118	0
1090.15	0	.8010432	0	.1989568	0
1089.15	0	.800699	0	.199301	0
1088.15	0	.8003555	0	.1996446	0
1087.15	0	.8000127	0	.1999873	0
1086.15	0	.7996706	0	.2003294	0
1085.15	0	.7993293	0	.2006707	0
1084.15	0	.7989887	0	.2010113	0
1083.15	0	.7986488	0	.2013512	0
1082.15	0	.7983096	0	.2016904	0
1081.15	0	.7979712	0	.2020288	0
1080.15	0	.7976335	0	.2023665	0
1079.15	0	.7972965	0	.2027035	0
1078.15	0	.7969602	0	.2030398	0
1077.15	0	.7966247	0	.2033753	0
1076.15	0	.7962898	0	.2037102	0
1075.15	0	.7959557	0	.2040443	0
1074.15	0	.7956223	0	.2043777	0
1073.15	0	.7952896	0	.2047104	0
1072.15	0	.7949576	0	.2050424	0
1071.15	0	.7946263	0	.2053737	0
1070.15	0	.7942958	0	.2057042	0
1069.15	0	.7939659	0	.2060341	0
1068.15	0	.7936368	0	.2063633	0
1067.15	0	.7933083	0	.2066917	0
1066.15	0	.7929806	0	.2070194	0
1065.15	0	.7926535	0	.2073465	0
1064.15	0	.7923272	0	.2076728	0
1063.15	0	.7920015	0	.2079985	0
1062.15	0	.7916766	0	.2083234	0
1061.15	0	.7913524	0	.2086476	0
1060.15	0	.7910288	0	.2089712	0
1059.15	0	.790706	0	.209294	0
1058.15	0	.7903838	0	.2096162	0
1057.15	0	.7900623	0	.2099377	0
1056.15	0	.7897416	0	.2102584	0
1055.15	0	.7894215	0	.2105785	0
1054.15	0	.7891021	0	.2108979	0
1053.15	0	.7887834	0	.2112166	0
1052.15	0	.7884654	0	.2115346	0
1051.15	0	.7881481	0	.2118519	0
1050.15	0	.7878314	0	.2121686	0
1049.15	0	.7875155	0	.2124845	0
1048.15	0	.7872002	0	.2127998	0
1047.15	0	.7868856	0	.2131144	0
1046.15	0	.7865717	0	.2134283	0
1045.15	0	.7862585	0	.2137415	0
1044.15	0	.7859459	0	.2140541	0
1043.15	0	.785634	0	.214366	0
1042.15	0	.7853229	0	.2146771	0
1041.15	0	.7850123	0	.2149877	0
1040.15	0	.7847025	0	.2152975	0
1039.15	0	.7843933	0	.2156067	0
1038.15	0	.7840848	0	.2159152	0
1037.15	0	.783777	0	.216223	0
1036.15	0	.7834698	0	.2165302	0
1035.15	0	.7831633	0	.2168367	0
1034.15	0	.7828575	0	.2171425	0
1033.15	0	.7825524	0	.2174476	0
1032.15	0	.7822479	0	.2177521	0
1031.15	0	.7819441	0	.218056	0
1030.15	0	.7816409	0	.2183591	0
1029.15	0	.7813384	0	.2186616	0
1028.15	0	.7810366	0	.2189634	0
1027.15	0	.7807354	0	.2192646	0
1026.15	0	.7804349	0	.2195651	0
1025.15	0	.780135	0	.219865	0
1024.15	0	.7798358	0	.2201642	0
1023.15	0	.7795373	0	.2204627	0
1022.15	0	.7792394	0	.2207606	0
1021.15	0	.7789422	0	.2210578	0
1020.15	0	.7786456	0	.2213544	0
1019.15	0	.7783497	0	.2216503	0
1018.15	0	.7780544	0	.2219456	0
1017.15	0	.7777598	0	.2222402	0
1016.15	0	.7774659	0	.2225341	0
1015.15	0	.7771726	0	.2228274	0
1014.15	0	.7768799	0	.2231201	0
1013.15	0	.7765879	0	.2234121	0
1012.15	0	.7762965	0	.2237035	0
1011.15	0	.7760058	0	.2239942	0
1010.15	0	.7757157	0	.2242843	0
1009.15	0	.7754263	0	.2245737	0
1008.15	0	.7751375	0	.2248625	0
1007.15	0	.7748493	0	.2251507	0
1006.15	0	.7745618	0	.2254382	0
1005.15	0	.774275	0	.225725	0
1004.15	0	.7739887	0	.2260113	0
1003.15	0	.7737032	0	.2262968	0
1002.15	0	.7734182	0	.2265818	0
1001.15	0	.7731339	0	.2268661	0
1000.15	0	.7728502	0	.2271498	0
999.15	0	.7725672	0	.2274328	0
998.15	0	.7722848	0	.2277152	0
997.15	0	.772003	0	.227997	0
996.15	0	.7717219	0	.2282781	0
995.15	0	.7714414	0	.2285587	0
994.15	0	.7711615	0	.2288385	0
993.15	0	.7708822	0	.2291178	0
992.15	0	.7706036	0	.2293964	0
991.15	0	.7703256	0	.2296744	0
990.15	0	.7700483	0	.2299517	0
989.15	0	.7697715	0	.2302285	0
988.15	0	.7694954	0	.2305046	0
987.15	0	.76922	0	.2307801	0
986.15	0	.7689451	0	.2310549	0
985.15	0	.7686709	0	.2313291	0
984.15	0	.7683973	0	.2316028	0
983.15	0	.7681243	0	.2318757	0
982.15	0	.7678519	0	.2321481	0
981.15	0	.7675802	0	.2324199	0
980.15	0	.767309	0	.232691	0
979.15	0	.7670385	0	.2329615	0
978.15	0	.7667686	0	.2332314	0
977.15	0	.7664994	0	.2335006	0
976.15	0	.7662307	0	.2337693	0
975.15	0	.7659627	0	.2340373	0
974.15	0	.7656952	0	.2343048	0
973.15	0	.7654284	0	.2345716	0
972.15	0	.7651622	0	.2348378	0
971.15	0	.7648967	0	.2351033	0
970.15	0	.7646317	0	.2353683	0
969.15	0	.7643673	0	.2356327	0
968.15	0	.7641036	0	.2358964	0
967.15	0	.7638404	0	.2361596	0
966.15	0	.7635779	0	.2364221	0
965.15	0	.763316	0	.236684	0
964.15	0	.7630547	0	.2369453	0
963.15	0	.762794	0	.237206	0
962.15	0	.7625339	0	.2374661	0
961.9843	0	.7624908	0	.2375092	0
961.9843	0	.7624908	0	.2375092	0
961.9843	0	.7624908	0	.2375092	0
961.15	0	.7617645	5.529672E-04	.2376826	0
960.15	0	.7608961	.001214276	.2378896	0
959.15	0	.7600301	.001873982	.2380959	0
958.15	0	.7591666	.002532091	.2383013	0
957.15	0	.7583055	.003188612	.2385059	0
956.15	0	.7574468	.003843553	.2387096	0
955.15	0	.7565906	.004496922	.2389125	0
954.15	0	.7557367	.005148727	.2391146	0
953.15	0	.7548853	.005798977	.2393158	0
952.15	0	.7540362	.006447681	.2395161	0
951.15	0	.7531896	.007094848	.2397156	0
950.15	0	.7523453	.007740488	.2399142	0
949.15	0	.7515034	.00838461	.240112	0
948.15	0	.7506639	.009027225	.2403089	0
947.15	0	.7498267	.009668342	.240505	0
946.15	0	.7489919	.01030797	.2407002	0
945.15	0	.7481594	.01094613	.2408944	0
944.15	0	.7473293	.01158282	.2410879	0
943.15	0	.7465016	.01221806	.2412804	0
942.15	0	.7456761	.01285185	.241472	0
941.15	0	.744853	.01348422	.2416628	0
940.15	0	.7440322	.01411518	.2418527	0
939.15	0	.7432136	.01474473	.2420416	0
938.15	0	.7423974	.01537289	.2422297	0
937.15	0	.7415835	.01599968	.2424168	0
936.15	0	.7407718	.0166251	.2426031	0
935.15	0	.7399624	.01724918	.2427884	0
934.15	0	.7391553	.01787193	.2429728	0
933.15	0	.7383504	.01849337	.2431563	0
932.15	0	.7375477	.0191135	.2433388	0
931.15	0	.7367472	.01973235	.2435204	0
930.15	0	.735949	.02034993	.2437011	0
929.15	0	.7351529	.02096627	.2438808	0
928.15	0	.734359	.02158137	.2440596	0
927.15	0	.7335673	.02219527	.2442374	0
926.15	0	.7327778	.02280797	.2444142	0
925.15	0	.7319904	.02341949	.2445901	0
924.15	0	.7312051	.02402987	.244765	0
923.15	0	.730422	.02463911	.244939	0
922.15	0	.7296409	.02524723	.2451119	0
921.15	0	.7288619	.02585428	.2452838	0
920.15	0	.728085	.02646025	.2454548	0
919.15	0	.7273101	.02706518	.2456247	0
918.15	0	.7265373	.0276691	.2457936	0
917.15	0	.7257665	.02827201	.2459615	0
916.15	0	.7249976	.02887396	.2461284	0
915.15	0	.7242308	.02947497	.2462943	0
914.15	0	.7234659	.03007506	.2464591	0
913.15	0	.7227029	.03067427	.2466228	0
912.15	0	.7219419	.03127261	.2467855	0
911.15	0	.7211827	.03187013	.2469471	0
910.15	0	.7204255	.03246685	.2471077	0
909.15	0	.71967	.03306279	.2472672	0
908.15	0	.7189164	.03365801	.2474256	0
907.15	0	.7181646	.03425251	.2475829	0
906.15	0	.7174146	.03484636	.2477391	0
905.15	0	.7166663	.03543956	.2478941	0
904.15	0	.7159198	.03603217	.2480481	0
903.15	0	.7151749	.03662422	.2482009	0
902.15	0	.7144317	.03721574	.2483526	0
901.15	0	.7136901	.03780678	.2485031	0
900.15	0	.7129502	.03839738	.2486525	0
899.15	0	.7122118	.03898758	.2488007	0
898.15	0	.7114749	.03957742	.2489477	0
897.15	0	.7107396	.04016695	.2490935	0
896.15	0	.7100057	.04075621	.2492381	0
895.15	0	.7092733	.04134525	.2493815	0
894.15	0	.7085423	.04193411	.2495236	0
893.15	0	.7078126	.04252286	.2496646	0
892.15	0	.7070843	.04311153	.2498042	0
891.15	0	.7063572	.04370018	.2499426	0
890.15	0	.7056314	.04428887	.2500797	0
889.15	0	.7049068	.04487766	.2502156	0
888.15	0	.7041833	.04546659	.2503501	0
887.15	0	.7034609	.04605574	.2504834	0
886.15	0	.7027396	.04664516	.2506152	0
885.15	0	.7020193	.04723491	.2507458	0
884.15	0	.7013	.04782507	.250875	0
883.15	0	.7005815	.0484157	.2510028	0
882.15	0	.699864	.04900686	.2511292	0
881.15	0	.6991472	.04959864	.2512542	0
880.15	0	.6984311	.0501911	.2513778	0
879.15	0	.6977157	.05078433	.2514999	0
878.15	0	.697001	.0513784	.2516206	0
877.15	0	.6962868	.05197339	.2517398	0
876.15	0	.6955731	.05256939	.2518575	0
875.15	0	.6948598	.05316649	.2519737	0
874.15	0	.6941468	.05376477	.2520884	0
873.15	0	.6934341	.05436434	.2522015	0
872.15	0	.6927217	.05496528	.2523131	0
871.15	0	.6920093	.0555677	.252423	0
870.15	0	.691297	.05617171	.2525313	0
869.15	0	.6905846	.0567774	.252638	0
868.15	0	.6898721	.05738489	.252743	0
867.15	0	.6891593	.0579943	.2528464	0
866.15	0	.6884463	.05860575	.252948	0
865.15	0	.6877328	.05921935	.2530479	0
864.15	0	.6870188	.05983524	.253146	0
863.15	0	.6863042	.06045355	.2532423	0
862.15	0	.6855888	.06107443	.2533368	0
861.15	0	.6848726	.061698	.2534294	0
860.15	0	.6841554	.06232443	.2535201	0
859.15	0	.6834372	.06295387	.253609	0
858.15	0	.6827177	.06358649	.2536958	0
857.15	0	.6819968	.06422244	.2537807	0
856.15	0	.6812745	.06486191	.2538636	0
855.15	0	.6805505	.06550509	.2539444	0
854.15	0	.6798248	.06615215	.2540231	0
853.15	0	.679097	.0668033	.2540997	0
852.15	0	.6783672	.06745876	.254174	0
851.15	0	.6776351	.06811874	.2542462	0
850.15	0	.6769005	.06878346	.254316	0
849.15	0	.6761632	.06945317	.2543836	0
848.15	0	.6754231	.07012813	.2544488	0
847.15	0	.6746799	.07080858	.2545115	0
846.15	0	.6739335	.07149481	.2545717	0
845.15	0	.6731835	.07218712	.2546294	0
844.15	0	.6724297	.0728858	.2546845	0
843.15	0	.6716719	.07359117	.2547369	0
842.15	0	.6709098	.07430359	.2547866	0
841.15	0	.6701431	.07502341	.2548335	0
840.15	0	.6693716	.07575101	.2548774	0
839.15	0	.6685948	.07648679	.2549184	0
838.15	0	.6678125	.07723118	.2549563	0
837.15	0	.6670243	.07798463	.2549911	0
836.15	0	.6662298	.07874763	.2550226	0
835.15	0	.6654286	.07952068	.2550507	0
834.15	0	.6646203	.08030434	.2550754	0
833.15	0	.6638043	.08109919	.2550965	0
832.15	0	.6629803	.08190585	.2551139	0
831.15	0	.6621476	.08272501	.2551274	0
830.15	0	.6613057	.08355737	.2551369	0
829.15	0	.660454	.08440371	.2551423	0
828.15	0	.6595918	.08526488	.2551433	0
827.15	0	.6587183	.08614179	.2551399	0
826.15	0	.6578329	.08703542	.2551317	0
825.15	0	.6569345	.08794684	.2551186	0
824.15	0	.6556593	.08929659	.2550441	0
823.15	0	.6542239	.0908366	.2549395	0
822.15	0	.6528443	.09231756	.2548382	0
821.15	0	.6515172	.0937429	.2547399	0
820.15	0	.6502396	.09511581	.2546446	0
819.15	0	.6490087	.09643923	.254552	0
818.15	0	.6478219	.0977159	.2544622	0
817.15	0	.6466768	.09894836	.2543748	0
816.15	0	.6455711	.100139	.2542899	0
815.15	0	.6445028	.10129	.2542073	0
814.15	0	.6434698	.1024034	.2541268	0
813.15	0	.6424705	.1034811	.2540484	0
812.15	0	.6415031	.104525	.253972	0
811.15	0	.640566	.1055367	.2538974	0
810.15	0	.6396577	.1065177	.2538246	0
809.15	0	.638777	.1074695	.2537535	0
808.15	0	.6379224	.1083936	.253684	0
807.15	0	.6370928	.1092912	.253616	0
806.15	0	.636287	.1101635	.2535495	0
805.15	0	.635504	.1110116	.2534844	0
804.15	0	.6347427	.1118367	.2534206	0
803.15	0	.6340022	.1126397	.2533581	0
802.15	0	.6332816	.1134216	.2532968	0
801.15	0	.63258	.1141834	.2532366	0
800.15	0	.6318967	.1149257	.2531775	0
799.15	0	.6312309	.1156496	.2531195	0
798.15	0	.6305819	.1163556	.2530624	0
797.15	0	.629949	.1170447	.2530063	0
796.15	0	.6293316	.1177173	.2529512	0
795.15	0	.628729	.1183742	.2528968	0
794.15	0	.6281407	.119016	.2528433	0
793.15	0	.6275661	.1196433	.2527906	0
792.15	0	.6270047	.1202566	.2527387	0
791.15	0	.6264561	.1208565	.2526875	0
790.15	0	.6259197	.1214434	.2526369	0
789.15	0	.6253951	.1220179	.2525871	0
788.15	0	.6248818	.1225803	.2525378	0
787.15	0	.6243796	.1231312	.2524892	0
786.15	0	.6238879	.123671	.2524411	0
785.15	0	.6234064	.1241999	.2523936	0
784.15	0	.6229348	.1247185	.2523467	0
783.15	0	.6224728	.1252271	.2523002	0
782.15	0	.6220199	.125726	.2522542	0
781.15	0	.6215759	.1262155	.2522087	0
780.15	0	.6211405	.126696	.2521636	0
779.15	0	.6207134	.1271677	.2521189	0
778.15	0	.6202943	.127631	.2520747	0
777.15	0	.619883	.1280861	.2520308	0
776.15	0	.6194793	.1285333	.2519873	0
775.15	0	.6190829	.1289729	.2519442	0
774.15	0	.6186936	.129405	.2519014	0
773.15	0	.6183111	.12983	.251859	0
772.15	0	.6179352	.130248	.2518168	0
771.15	0	.6175658	.1306593	.251775	0
770.15	0	.6172026	.131064	.2517334	0
769.15	0	.6168469	.1314613	.2516918	0
768.15	0	.6164956	.1318537	.2516508	0
767.15	0	.61615	.13224	.25161	0
766.15	0	.6158099	.1326206	.2515695	0
765.15	0	.6154753	.1329955	.2515293	0
764.15	0	.6151458	.133365	.2514892	0
763.15	0	.6148215	.1337292	.2514493	0
762.15	0	.6145022	.1340882	.2514097	0
761.15	0	.6141876	.1344422	.2513702	0
760.15	0	.6138777	.1347913	.2513309	0
759.15	0	.6135724	.1351357	.2512918	0
758.15	0	.6132715	.1354755	.2512529	0
757.15	0	.612975	.1358109	.2512141	0
756.15	0	.6126826	.1361419	.2511755	0
755.15	0	.6123944	.1364686	.2511371	0
754.15	0	.6121101	.1367912	.2510987	0
753.15	0	.6118297	.1371098	.2510605	0
752.15	0	.611553	.1374245	.2510225	0
751.15	0	.6112801	.1377354	.2509845	0
750.15	0	.6110108	.1380426	.2509467	0
749.15	0	.6107449	.1383461	.2509089	0
748.15	0	.6104825	.1386462	.2508713	0
747.15	0	.6102234	.1389428	.2508338	0
746.15	0	.6099676	.1392361	.2507964	0
745.15	0	.6097149	.139526	.2507591	0
744.15	0	.6094653	.1398128	.2507218	0
743.15	0	.6092188	.1400965	.2506847	0
742.15	0	.6089752	.1403772	.2506476	0
741.15	0	.6087345	.1406549	.2506106	0
740.15	0	.6084966	.1409298	.2505736	0
739.15	0	.6082615	.1412018	.2505368	0
738.15	0	.608029	.141471	.2505	0
737.15	0	.6077992	.1417376	.2504632	0
736.15	0	.607572	.1420015	.2504265	0
735.15	0	.6073473	.1422629	.2503899	0
734.15	0	.607125	.1425217	.2503533	0
733.15	0	.6069051	.1427781	.2503168	0
732.15	0	.6066876	.1430321	.2502803	0
731.15	0	.6064724	.1432838	.2502438	0
730.15	0	.6062594	.1435331	.2502074	0
729.15	0	.6060487	.1437802	.2501711	0
728.15	0	.6058401	.1440252	.2501347	0
727.15	0	.6056336	.1442679	.2500984	0
726.15	0	.6054292	.1445086	.2500622	0
725.15	0	.6052269	.1447472	.2500259	0
724.15	0	.6050265	.1449838	.2499897	0
723.15	0	.604828	.1452185	.2499535	0
722.15	0	.6046315	.1454512	.2499174	0
721.15	0	.6044368	.145682	.2498812	0
720.15	0	.604244	.1459109	.2498451	0
719.15	0	.604053	.146138	.249809	0
718.15	0	.6038637	.1463634	.2497729	0
717.15	0	.6036762	.146587	.2497368	0
716.15	0	.6034903	.1468089	.2497007	0
715.15	0	.6033062	.1470292	.2496647	0
714.15	0	.6031236	.1472477	.2496287	0
713.15	0	.6029427	.1474647	.2495926	0
712.15	0	.6027633	.1476801	.2495566	0
711.15	0	.6025855	.1478939	.2495206	0
710.15	0	.6024092	.1481062	.2494846	0
709.15	0	.6022344	.1483171	.2494486	0
708.15	0	.602061	.1485264	.2494126	0
707.15	0	.6018891	.1487343	.2493766	0
706.15	0	.6017186	.1489408	.2493406	0
705.15	0	.6015495	.1491459	.2493046	0
704.15	0	.6013818	.1493497	.2492686	0
703.15	0	.6012154	.1495521	.2492326	0
702.15	0	.6010503	.1497531	.2491966	0
701.15	0	.6008865	.1499529	.2491606	0
700.15	0	.600724	.1501515	.2491246	0
699.15	0	.6005627	.1503487	.2490886	0
698.15	0	.6004026	.1505448	.2490526	0
697.15	0	.6002438	.1507396	.2490166	0
696.15	0	.6000862	.1509333	.2489806	0
695.15	0	.5999297	.1511258	.2489445	0
694.15	0	.5997744	.1513171	.2489085	0
693.15	0	.5996202	.1515073	.2488725	0
692.15	0	.5994672	.1516964	.2488364	0
691.15	0	.5993152	.1518844	.2488004	0
690.15	0	.5991644	.1520713	.2487643	0
689.15	0	.5990146	.1522572	.2487283	0
688.15	0	.5988658	.152442	.2486922	0
687.15	0	.5987181	.1526258	.2486561	0
686.15	0	.5985714	.1528086	.24862	0
685.15	0	.5984257	.1529904	.2485839	0
684.15	0	.598281	.1531712	.2485478	0
683.15	0	.5981373	.1533511	.2485117	0
682.15	0	.5979945	.15353	.2484756	0
681.15	0	.5978527	.1537079	.2484394	0
680.15	0	.5977118	.1538849	.2484033	0
679.15	0	.5975718	.1540611	.2483671	0
678.15	0	.5974327	.1542363	.248331	0
677.15	0	.5972946	.1544106	.2482948	0
676.15	0	.5971573	.1545841	.2482586	0
675.15	0	.5970209	.1547567	.2482224	0
674.15	0	.5968853	.1549284	.2481862	0
673.15	0	.5967506	.1550994	.24815	0
672.15	0	.5966168	.1552695	.2481138	0
671.15	0	.5964837	.1554387	.2480776	0
670.15	0	.5963515	.1556072	.2480413	0
669.15	0	.5962201	.1557749	.2480051	0
668.15	0	.5960894	.1559418	.2479688	0
667.15	0	.5959596	.1561079	.2479325	0
666.15	0	.5958305	.1562733	.2478963	0
665.15	0	.5957022	.1564379	.24786	0
664.15	0	.5955746	.1566017	.2478237	0
663.15	0	.5954478	.1567649	.2477874	0
662.15	0	.5953217	.1569272	.247751	0
661.15	0	.5951964	.1570889	.2477147	0
660.15	0	.5950717	.1572499	.2476784	0
659.15	0	.5949478	.1574102	.247642	0
658.15	0	.5948246	.1575698	.2476057	0
657.15	0	.594702	.1577287	.2475693	0
656.15	0	.5945802	.1578869	.247533	0
655.15	0	.594459	.1580444	.2474966	0
654.15	0	.5943385	.1582013	.2474602	0
653.15	0	.5942186	.1583575	.2474238	0
652.15	0	.5940995	.1585131	.2473874	0
651.15	0	.5939809	.1586681	.247351	0
650.15	0	.593863	.1588224	.2473146	0
649.15	0	.5937457	.1589761	.2472782	0
648.15	0	.5936291	.1591291	.2472418	0
647.15	0	.593513	.1592816	.2472054	0
646.15	0	.5933976	.1594334	.247169	0
645.15	0	.5932828	.1595847	.2471325	0
644.15	0	.5931686	.1597353	.2470961	0
643.15	0	.593055	.1598854	.2470596	0
642.15	0	.5929419	.1600349	.2470232	0
641.15	0	.5928295	.1601838	.2469868	0
640.15	0	.5927176	.1603321	.2469503	0
639.15	0	.5926063	.1604799	.2469139	0
638.15	0	.5924955	.1606271	.2468774	0
637.15	0	.5923853	.1607737	.246841	0
636.15	0	.5922757	.1609198	.2468045	0
635.15	0	.5921666	.1610654	.246768	0
634.15	0	.592058	.1612104	.2467316	0
633.15	0	.59195	.1613549	.2466951	0
632.15	0	.5918425	.1614988	.2466587	0
631.15	0	.5917356	.1616422	.2466222	0
630.15	0	.5916291	.1617851	.2465858	0
629.15	0	.5915232	.1619275	.2465493	0
628.15	0	.5914178	.1620694	.2465129	0
627.15	0	.5913129	.1622107	.2464764	0
626.15	0	.5912085	.1623516	.24644	0
625.15	0	.5911046	.1624919	.2464035	0
624.15	0	.5910012	.1626317	.2463671	0
623.15	0	.5908983	.1627711	.2463307	0
622.15	0	.5907958	.16291	.2462942	0
621.15	0	.5906938	.1630483	.2462578	0
620.15	0	.5905924	.1631862	.2462214	0
619.15	0	.5904914	.1633237	.246185	0
618.15	0	.5903908	.1634606	.2461486	0
617.15	0	.5902908	.1635971	.2461122	0
616.15	0	.5901911	.1637331	.2460758	0
615.15	0	.590092	.1638686	.2460394	0
614.15	0	.5899933	.1640037	.2460031	0
613.15	0	.589895	.1641383	.2459667	0
612.15	0	.5897972	.1642724	.2459303	0
611.15	0	.5896999	.1644061	.245894	0
610.15	0	.589603	.1645394	.2458577	0
609.15	0	.5895065	.1646722	.2458213	0
608.15	0	.5894104	.1648046	.245785	0
607.15	0	.5893148	.1649365	.2457487	0
606.15	0	.5892196	.165068	.2457124	0
605.15	0	.5891248	.165199	.2456762	0
604.15	0	.5890304	.1653296	.2456399	0
603.15	0	.5889365	.1654598	.2456037	0
602.15	0	.588843	.1655896	.2455675	0
601.15	0	.5887499	.1657189	.2455312	0
600.15	0	.5886572	.1658478	.245495	0
599.15	0	.5885649	.1659763	.2454589	0
598.15	0	.588473	.1661043	.2454227	0
597.15	0	.5883815	.166232	.2453866	0
596.15	0	.5882904	.1663592	.2453504	0
595.15	0	.5881997	.166486	.2453143	0
594.15	0	.5881094	.1666124	.2452783	0
593.15	0	.5880194	.1667384	.2452422	0
592.15	0	.5879299	.166864	.2452061	0
591.15	0	.5878407	.1669892	.2451701	0
590.15	0	.587752	.1671139	.2451341	0
589.15	0	.5876636	.1672383	.2450981	0
588.15	0	.5875756	.1673623	.2450622	0
587.15	0	.5874879	.1674859	.2450262	0
586.15	0	.5874006	.1676091	.2449903	0
585.15	0	.5873137	.1677319	.2449544	0
584.15	0	.5872272	.1678543	.2449185	0
583.15	0	.587141	.1679763	.2448827	0
582.15	0	.5870552	.1680979	.2448469	0
581.15	0	.5869698	.1682191	.2448111	0
580.15	0	.5868847	.16834	.2447753	0
579.15	0	.5868	.1684604	.2447396	0
578.15	0	.5867156	.1685805	.2447039	0
577.15	0	.5866316	.1687002	.2446682	0
576.15	0	.5865479	.1688195	.2446326	0
575.15	0	.5864646	.1689384	.244597	0
574.15	0	.5863816	.169057	.2445614	0
573.15	0	.586299	.1691752	.2445258	0
572.15	0	.5862167	.169293	.2444903	0
571.15	0	.5861348	.1694104	.2444548	0
570.15	0	.5860532	.1695275	.2444193	0
569.15	0	.5859719	.1696442	.2443839	0
568.15	0	.585891	.1697605	.2443485	0
567.15	0	.5858104	.1698764	.2443132	0
566.15	0	.5857301	.169992	.2442779	0
565.15	0	.5856502	.1701072	.2442426	0
564.15	0	.5855706	.1702221	.2442073	0
563.15	0	.5854913	.1703366	.2441721	0
562.15	0	.5854124	.1704507	.2441369	0
561.15	0	.5853338	.1705645	.2441018	0
560.15	0	.5852555	.1706779	.2440667	0
559.15	0	.5851775	.1707909	.2440316	0
558.15	0	.5850998	.1709036	.2439966	0
557.15	0	.5850225	.1710159	.2439616	0
556.15	0	.5849455	.1711278	.2439267	0
555.15	0	.5848688	.1712394	.2438918	0
554.15	0	.5847924	.1713507	.2438569	0
553.15	0	.5847163	.1714616	.2438221	0
552.15	0	.5846406	.1715721	.2437874	0
551.15	0	.5845651	.1716823	.2437526	0
550.15	0	.58449	.1717921	.2437179	0
549.15	0	.5844151	.1719016	.2436833	0
548.15	0	.5843406	.1720107	.2436487	0
547.15	0	.5842664	.1721195	.2436142	0
546.15	0	.5841925	.1722279	.2435797	0
545.15	0	.5841188	.1723359	.2435452	0
544.15	0	.5840455	.1724437	.2435108	0
543.15	0	.5839725	.172551	.2434765	0
542.15	0	.5838998	.172658	.2434422	0
541.15	0	.5838274	.1727647	.2434079	0
540.15	0	.5837553	.172871	.2433737	0
539.15	0	.5836834	.172977	.2433396	0
538.15	0	.5836119	.1730827	.2433055	0
537.15	0	.5835407	.1731879	.2432714	0
536.15	0	.5834697	.1732929	.2432374	0
535.15	0	.5833991	.1733975	.2432034	0
534.15	0	.5833287	.1735017	.2431696	0
533.15	0	.5832586	.1736056	.2431357	0
532.15	0	.5831889	.1737092	.243102	0
531.15	0	.5831194	.1738124	.2430682	0
530.15	0	.5830502	.1739153	.2430346	0
529.15	0	.5829812	.1740178	.2430009	0
528.15	0	.5829126	.17412	.2429674	0
527.15	0	.5828442	.1742219	.2429339	0
526.15	0	.5827762	.1743234	.2429004	0
525.15	0	.5827084	.1744246	.2428671	0
524.15	0	.5826408	.1745254	.2428337	0
523.15	0	.5825736	.1746259	.2428005	0
522.15	0	.5825067	.1747261	.2427673	0
521.15	0	.58244	.1748259	.2427341	0
520.15	0	.5823736	.1749254	.2427011	0
519.15	0	.5823074	.1750245	.242668	0
518.15	0	.5822416	.1751233	.2426351	0
517.15	0	.582176	.1752218	.2426022	0
516.15	0	.5821108	.1753199	.2425693	0
515.15	0	.5820458	.1754177	.2425365	0
514.15	0	.581981	.1755151	.2425038	0
513.15	0	.5819166	.1756122	.2424712	0
512.15	0	.5818524	.175709	.2424386	0
511.15	0	.5817884	.1758055	.2424062	0
510.15	0	.5817247	.1759015	.2423737	0
509.15	0	.5816613	.1759973	.2423414	0
508.15	0	.5815982	.1760928	.2423091	0
507.15	0	.5815353	.1761879	.2422768	0
506.15	0	.5814727	.1762826	.2422447	0
505.15	0	.5814104	.176377	.2422126	0
504.15	0	.5813483	.1764711	.2421806	0
503.15	0	.5812865	.1765649	.2421486	0
502.15	0	.5812249	.1766583	.2421168	0
501.15	0	.5811636	.1767514	.242085	0
500.15	0	.5811026	.1768441	.2420533	0
499.15	0	.5810418	.1769366	.2420216	0
498.15	0	.5809813	.1770286	.24199	0
497.15	0	.5809211	.1771204	.2419585	0
496.15	0	.5808611	.1772118	.2419271	0
495.15	0	.5808014	.1773029	.2418957	0
494.15	0	.5807419	.1773936	.2418645	0
493.15	0	.5806827	.177484	.2418333	0
492.15	0	.5806237	.1775741	.2418022	0
491.15	0	.580565	.1776639	.2417711	0
490.15	0	.5805066	.1777533	.2417402	0
489.15	0	.5804484	.1778424	.2417093	0
488.15	0	.5803904	.1779311	.2416785	0
487.15	0	.5803328	.1780195	.2416477	0
486.15	0	.5802753	.1781076	.2416171	0
485.15	0	.5802181	.1781954	.2415865	0
484.15	0	.5801612	.1782828	.241556	0
483.15	0	.5801045	.1783698	.2415256	0
482.15	0	.5800481	.1784566	.2414953	0
481.15	0	.5799919	.178543	.2414651	0
480.15	0	.579936	.1786291	.2414349	0
479.15	0	.5798803	.1787148	.2414049	0
478.15	0	.5798249	.1788003	.2413749	0
477.15	0	.5797697	.1788853	.241345	0
476.15	0	.5797147	.1789701	.2413152	0
475.15	0	.5796601	.1790545	.2412854	0
474.15	0	.5796056	.1791386	.2412558	0
473.15	0	.5795514	.1792224	.2412262	0
472.15	0	.5794975	.1793058	.2411968	0
471.15	0	.5794437	.1793889	.2411674	0
470.15	0	.5793903	.1794716	.2411381	0
469.15	0	.579337	.1795541	.2411089	0
468.15	0	.5792841	.1796361	.2410798	0
467.15	0	.5792313	.1797179	.2410508	0
466.15	0	.5791788	.1797993	.2410219	0
465.15	0	.5791266	.1798804	.240993	0
464.15	0	.5790745	.1799612	.2409643	0
463.15	0	.5790228	.1800416	.2409356	0
462.15	0	.5789712	.1801217	.240907	0
461.15	0	.5789199	.1802015	.2408786	0
460.15	0	.5788689	.1802809	.2408502	0
459.15	0	.5788181	.18036	.2408219	0
458.15	0	.5787675	.1804388	.2407937	0
457.15	0	.5787171	.1805173	.2407656	0
456.15	0	.578667	.1805954	.2407376	0
455.15	0	.5786171	.1806732	.2407097	0
454.15	0	.5785675	.1807506	.2406819	0
453.15	0	.5785181	.1808277	.2406542	0
452.15	0	.5784689	.1809045	.2406266	0
451.15	0	.57842	.1809809	.2405991	0
450.15	0	.5783713	.1810571	.2405717	0
449.15	0	.5783229	.1811328	.2405443	0
448.15	0	.5782747	.1812082	.2405171	0
447.15	0	.5782267	.1812833	.24049	0
446.15	0	.578179	.181358	.240463	0
445.15	0	.5781315	.1814323	.2404361	0
444.15	0	.5780843	.1815063	.2404094	0
443.15	0	.5780373	.18158	.2403827	0
442.15	0	.5779906	.1816533	.2403561	0
441.15	0	.5779441	.1817262	.2403297	0
440.15	0	.5778979	.1817987	.2403033	0
439.15	0	.577852	.1818709	.2402771	0
438.15	0	.5778063	.1819427	.240251	0
437.15	0	.5777609	.1820141	.240225	0
436.15	0	.5777157	.1820852	.2401992	0
435.15	0	.5776708	.1821558	.2401734	0
434.15	0	.5776261	.1822261	.2401478	0
433.15	0	.5775817	.182296	.2401223	0
432.15	0	.5775376	.1823655	.2400969	0
431.15	0	.5774938	.1824345	.2400717	0
430.15	0	.5774502	.1825032	.2400466	0
429.15	0	.5774069	.1825715	.2400216	0
428.15	0	.5773639	.1826394	.2399967	0
427.15	0	.5773211	.1827069	.239972	0
426.15	0	.5772786	.182774	.2399474	0
425.15	0	.5772364	.1828407	.2399229	0
424.15	0	.5771944	.182907	.2398986	0
423.15	0	.5771528	.1829729	.2398744	0
422.15	0	.5771113	.1830384	.2398503	0
421.15	0	.5770702	.1831035	.2398263	0
420.15	0	.5770293	.1831681	.2398025	0
419.15	0	.5769888	.1832324	.2397789	0
418.15	0	.5769484	.1832962	.2397553	0
417.15	0	.5769084	.1833597	.2397319	0
416.15	0	.5768686	.1834227	.2397087	0
415.15	0	.5768291	.1834854	.2396856	0
414.15	0	.5767898	.1835476	.2396626	0
413.15	0	.5767509	.1836094	.2396397	0
412.15	0	.5767122	.1836708	.239617	0
411.15	0	.5766737	.1837318	.2395944	0
410.15	0	.5766356	.1837924	.239572	0
409.15	0	.5765977	.1838527	.2395497	0
408.15	0	.57656	.1839125	.2395275	0
407.15	0	.5765227	.1839719	.2395055	0
406.15	0	.5764855	.1840308	.2394836	0
405.15	0	.5764487	.1840894	.2394619	0
404.15	0	.5764121	.1841476	.2394403	0
403.15	0	.5763758	.1842054	.2394188	0
402.15	0	.5763397	.1842629	.2393975	0
401.15	0	.5763039	.1843199	.2393763	0
400.15	0	.5762683	.1843765	.2393552	0
399.15	0	.576233	.1844327	.2393343	0
398.15	0	.5761979	.1844885	.2393135	0
397.15	0	.5761632	.184544	.2392929	0
396.15	0	.5761286	.184599	.2392724	0
395.15	0	.5760943	.1846537	.239252	0
394.15	0	.5760602	.184708	.2392318	0
393.15	0	.5760264	.1847619	.2392117	0
392.15	0	.5759929	.1848154	.2391917	0
391.15	0	.5759595	.1848686	.2391719	0
390.15	0	.5759265	.1849213	.2391522	0
389.15	0	.5758936	.1849737	.2391327	0
388.15	0	.575861	.1850258	.2391133	0
387.15	0	.5758286	.1850774	.239094	0
386.15	0	.5757965	.1851287	.2390748	0
385.15	0	.5757646	.1851796	.2390558	0
384.15	0	.5757329	.1852302	.2390369	0
383.15	0	.5757014	.1852804	.2390182	0
382.15	0	.5756702	.1853302	.2389996	0
381.15	0	.5756392	.1853797	.2389811	0
380.15	0	.5756084	.1854288	.2389628	0
379.15	0	.5755779	.1854776	.2389445	0
378.15	0	.5755475	.185526	.2389265	0
377.15	0	.5755174	.1855741	.2389085	0
376.15	0	.5754875	.1856219	.2388907	0
375.15	0	.5754578	.1856693	.238873	0
374.15	0	.5754283	.1857163	.2388554	0
373.15	0	.575399	.185763	.238838	0
372.15	0	.5753699	.1858094	.2388206	0
371.15	0	.5753411	.1858555	.2388035	0
370.15	0	.5753124	.1859012	.2387864	0
369.15	0	.5752839	.1859466	.2387695	0
368.15	0	.5752557	.1859917	.2387527	0
367.15	0	.5752276	.1860364	.238736	0
366.15	0	.5751997	.1860809	.2387194	0
366.1048	0	.5751985	.1860829	.2387187	0
366.1048	0	.5751985	.1860829	.2387187	0
366.1048	0	.5751985	.1860829	.2387187	0
365.15	0	.5753652	.1856566	.2384841	4.941041E-04
364.15	0	.5755396	.1852103	.2382389	.001011118
363.15	0	.575714	.1847643	.2379941	.001527631
362.15	0	.5758882	.1843185	.2377496	.002043646
361.15	0	.5760623	.1838729	.2375056	.002559167
360.15	0	.5762363	.1834276	.237262	.003074198
359.15	0	.5764101	.1829824	.2370187	.003588741
358.15	0	.5765838	.1825375	.2367759	.0041028
357.15	0	.5767575	.1820927	.2365335	.004616379
356.15	0	.5769309	.1816481	.2362915	.00512948
