T	 BPW(LIQUID)	BPW(BCC_A2)	BPW(FCC_A1)	BPW(LAVES_PHASE_C14)	BPW(NI3TI)
1473.15	0	1	0	0	0
1472.15	0	1	0	0	0
1471.15	0	1	0	0	0
1470.15	0	1	0	0	0
1469.15	0	1	0	0	0
1468.15	0	1	0	0	0
1467.15	0	1	0	0	0
1466.15	0	1	0	0	0
1465.15	0	1	0	0	0
1464.15	0	1	0	0	0
1463.15	0	1	0	0	0
1462.15	0	1	0	0	0
1461.15	0	1	0	0	0
1460.709	0	1	0	0	0
1460.709	0	1	0	0	0
1460.709	0	1	0	0	0
1460.15	0	.9987508	.001249214	0	0
1459.15	0	.9965215	.00347849	0	0
1458.15	0	.9942978	.005702227	0	0
1457.15	0	.9920796	.007920434	0	0
1456.15	0	.9898669	.01013312	0	0
1455.15	0	.9876597	.01234028	0	0
1454.15	0	.9854581	.01454193	0	0
1453.15	0	.9832619	.01673808	0	0
1452.15	0	.9810713	.01892872	0	0
1451.15	0	.9788861	.02111387	0	0
1450.15	0	.9767065	.02329354	0	0
1449.15	0	.9745323	.02546772	0	0
1448.15	0	.9723636	.02763642	0	0
1447.15	0	.9702004	.02979965	0	0
1446.15	0	.9680426	.03195742	0	0
1445.15	0	.9658903	.03410973	0	0
1444.15	0	.9637434	.03625658	0	0
1443.15	0	.961602	.03839799	0	0
1442.15	0	.9594661	.04053395	0	0
1441.15	0	.9573355	.04266448	0	0
1440.15	0	.9552104	.04478958	0	0
1439.15	0	.9530908	.04690924	0	0
1438.15	0	.9509765	.04902349	0	0
1437.15	0	.9488677	.05113232	0	0
1436.15	0	.9467643	.05323574	0	0
1435.15	0	.9446662	.05533376	0	0
1434.15	0	.9425736	.05742637	0	0
1433.15	0	.9404864	.05951359	0	0
1432.15	0	.9384046	.06159542	0	0
1431.15	0	.9363281	.06367186	0	0
1430.15	0	.9342571	.06574292	0	0
1429.15	0	.9321914	.0678086	0	0
1428.15	0	.9301311	.06986892	0	0
1427.15	0	.9280761	.07192386	0	0
1426.15	0	.9260266	.07397345	0	0
1425.15	0	.9239823	.07601767	0	0
1424.15	0	.9219435	.07805655	0	0
1423.15	0	.9199099	.08009007	0	0
1422.15	0	.9178817	.08211825	0	0
1421.15	0	.9158589	.08414109	0	0
1420.15	0	.9138414	.08615859	0	0
1419.15	0	.9118292	.08817076	0	0
1418.15	0	.9098224	.0901776	0	0
1417.15	0	.9078209	.09217912	0	0
1416.15	0	.9058247	.09417532	0	0
1415.15	0	.9038338	.0961662	0	0
1414.15	0	.9018482	.09815177	0	0
1413.15	0	.899868	.100132	0	0
1412.15	0	.897893	.102107	0	0
1411.15	0	.8959234	.1040766	0	0
1410.15	0	.893959	.106041	0	0
1409.15	0	.8919999	.1080001	0	0
1408.15	0	.8900462	.1099539	0	0
1407.15	0	.8880977	.1119023	0	0
1406.15	0	.8861545	.1138456	0	0
1405.15	0	.8842165	.1157835	0	0
1404.15	0	.8822839	.1177161	0	0
1403.15	0	.8803565	.1196435	0	0
1402.15	0	.8784344	.1215656	0	0
1401.15	0	.8765176	.1234824	0	0
1400.15	0	.874606	.125394	0	0
1399.15	0	.8726997	.1273003	0	0
1398.15	0	.8707986	.1292014	0	0
1397.15	0	.8689028	.1310972	0	0
1396.15	0	.8670123	.1329877	0	0
1395.15	0	.865127	.134873	0	0
1394.15	0	.863247	.136753	0	0
1393.15	0	.8613722	.1386278	0	0
1392.15	0	.8595026	.1404974	0	0
1391.15	0	.8576383	.1423617	0	0
1390.15	0	.8557792	.1442208	0	0
1389.15	0	.8539254	.1460746	0	0
1388.15	0	.8520768	.1479232	0	0
1387.15	0	.8502334	.1497666	0	0
1386.15	0	.8483953	.1516047	0	0
1385.15	0	.8465624	.1534376	0	0
1384.15	0	.8447347	.1552653	0	0
1383.15	0	.8429122	.1570878	0	0
1382.15	0	.841095	.158905	0	0
1381.15	0	.839283	.160717	0	0
1380.15	0	.8374762	.1625238	0	0
1379.15	0	.8356746	.1643254	0	0
1378.15	0	.8338782	.1661218	0	0
1377.15	0	.8320871	.1679129	0	0
1376.15	0	.8303012	.1696989	0	0
1375.15	0	.8285204	.1714796	0	0
1374.15	0	.8267449	.1732551	0	0
1373.15	0	.8249746	.1750254	0	0
1372.15	0	.8232095	.1767905	0	0
1371.15	0	.8214496	.1785503	0	0
1370.15	0	.819695	.180305	0	0
1369.15	0	.8179455	.1820545	0	0
1368.15	0	.8162012	.1837988	0	0
1367.15	0	.8144622	.1855378	0	0
1366.15	0	.8127283	.1872717	0	0
1365.15	0	.8109997	.1890003	0	0
1364.15	0	.8092762	.1907237	0	0
1363.15	0	.807558	.192442	0	0
1362.15	0	.805845	.194155	0	0
1361.15	0	.8041371	.1958629	0	0
1360.15	0	.8024345	.1975655	0	0
1359.15	0	.8007371	.1992629	0	0
1358.15	0	.7990448	.2009552	0	0
1357.15	0	.7973578	.2026422	0	0
1356.15	0	.795676	.204324	0	0
1355.15	0	.7939993	.2060007	0	0
1354.15	0	.7923279	.2076721	0	0
1353.15	0	.7906617	.2093383	0	0
1352.15	0	.7890007	.2109993	0	0
1351.15	0	.7873449	.2126551	0	0
1350.15	0	.7856943	.2143057	0	0
1349.15	0	.7840489	.2159511	0	0
1348.15	0	.7824087	.2175913	0	0
1347.15	0	.7807737	.2192263	0	0
1346.933	0	.7804195	.2195805	0	0
1346.933	0	.7804195	.2195805	0	0
1346.933	0	.7804195	.2195805	0	0
1346.15	0	.7782551	.2212865	4.584529E-04	0
1345.15	0	.7754979	.2234599	.001042246	0
1344.15	0	.7727487	.2256271	.001624102	0
1343.15	0	.7700077	.2277883	.002204029	0
1342.15	0	.7672747	.2299433	.002782036	0
1341.15	0	.7645497	.2320921	.003358128	0
1340.15	0	.7618328	.2342349	.003932315	0
1339.15	0	.7591239	.2363715	.004504603	0
1338.15	0	.7564231	.2385019	.005074999	0
1337.15	0	.7537303	.2406262	.005643512	0
1336.15	0	.7510455	.2427444	.006210148	0
1335.15	0	.7483687	.2448564	.006774914	0
1334.15	0	.7456999	.2469623	.007337819	0
1333.15	0	.7430391	.2490621	.007898869	0
1332.15	0	.7403862	.2511557	.00845807	0
1331.15	0	.7377414	.2532432	.009015432	0
1330.15	0	.7351046	.2553245	.009570959	0
1329.15	0	.7324757	.2573996	.01012466	0
1328.15	0	.7298548	.2594687	.01067654	0
1327.15	0	.7272419	.2615315	.01122661	0
1326.15	0	.7246369	.2635882	.01177487	0
1325.15	0	.7220399	.2656388	.01232134	0
1324.15	0	.7194508	.2676832	.01286601	0
1323.15	0	.7168697	.2697214	.0134089	0
1322.15	0	.7142966	.2717534	.01395	0
1321.15	0	.7117314	.2737793	.01448934	0
1320.15	0	.7091741	.275799	.01502691	0
1319.15	0	.7066248	.2778125	.01556272	0
1318.15	0	.7040834	.2798199	.01609678	0
1317.15	0	.7015499	.281821	.0166291	0
1316.15	0	.6990244	.283816	.01715967	0
1315.15	0	.6965068	.2858047	.01768852	0
1314.15	0	.6939971	.2877873	.01821563	0
1313.15	0	.6914953	.2897636	.01874103	0
1312.15	0	.6890015	.2917338	.01926471	0
1311.15	0	.6865156	.2936977	.01978669	0
1310.15	0	.6840377	.2956554	.02030696	0
1309.15	0	.6815676	.2976069	.02082555	0
1308.15	0	.6791055	.2995521	.02134244	0
1307.15	0	.6766513	.3014911	.02185765	0
1306.15	0	.674205	.3034238	.02237118	0
1305.15	0	.6717666	.3053503	.02288305	0
1304.15	0	.6693362	.3072706	.02339324	0
1303.15	0	.6669137	.3091845	.02390179	0
1302.15	0	.6644991	.3110922	.02440867	0
1301.15	0	.6620925	.3129936	.02491392	0
1300.15	0	.6596938	.3148887	.02541752	0
1299.15	0	.657303	.3167776	.02591949	0
1298.15	0	.6549201	.3186601	.02641983	0
1297.15	0	.6525452	.3205363	.02691854	0
1296.15	0	.6501782	.3224062	.02741564	0
1295.15	0	.6478192	.3242697	.02791113	0
1294.15	0	.6454681	.3261269	.02840501	0
1293.15	0	.6431249	.3279778	.02889729	0
1292.15	0	.6407897	.3298223	.02938798	0
1291.15	0	.6384625	.3316604	.02987708	0
1290.15	0	.6361432	.3334922	.0303646	0
1289.15	0	.6338319	.3353176	.03085054	0
1288.15	0	.6315285	.3371366	.0313349	0
1287.15	0	.6292331	.3389492	.0318177	0
1286.15	0	.6269457	.3407553	.03229894	0
1285.15	0	.6246663	.3425551	.03277862	0
1284.15	0	.6223949	.3443484	.03325675	0
1283.15	0	.6201315	.3461352	.03373334	0
1282.15	0	.617876	.3479156	.03420839	0
1281.15	0	.6156286	.3496895	.0346819	0
1280.15	0	.6133892	.3514569	.03515388	0
1279.15	0	.6111578	.3532179	.03562434	0
1278.15	0	.6089344	.3549723	.03609327	0
1277.15	0	.6067191	.3567202	.0365607	0
1276.15	0	.6045118	.3584616	.03702661	0
1275.15	0	.6023126	.3601964	.03749102	0
1274.15	0	.6001214	.3619247	.03795394	0
1273.15	0	.5979383	.3636464	.03841536	0
1272.15	0	.5957632	.3653615	.03887529	0
1271.15	0	.5935963	.36707	.03933373	0
1270.15	0	.5914374	.3687719	.0397907	0
1269.15	0	.5892866	.3704672	.04024619	0
1268.15	0	.587144	.3721558	.04070022	0
1267.15	0	.5850095	.3738378	.04115278	0
1266.15	0	.5828831	.3755131	.04160388	0
1265.15	0	.5807648	.3771817	.04205352	0
1264.15	0	.5786547	.3788436	.04250172	0
1263.15	0	.5765528	.3804988	.04294847	0
1262.15	0	.574459	.3821472	.04339378	0
1261.15	0	.5723734	.3837889	.04383766	0
1260.15	0	.5702961	.3854238	.0442801	0
1259.15	0	.5682269	.387052	.04472112	0
1258.15	0	.566166	.3886733	.04516071	0
1257.15	0	.5641133	.3902878	.04559889	0
1256.15	0	.5620688	.3918955	.04603565	0
1255.15	0	.5600326	.3934964	.04647101	0
1254.15	0	.5580047	.3950903	.04690496	0
1253.15	0	.5559851	.3966774	.04733751	0
1252.15	0	.5539738	.3982576	.04776867	0
1251.15	0	.5519708	.3998308	.04819843	0
1250.15	0	.5499761	.4013971	.04862681	0
1249.15	0	.5479898	.4029564	.04905381	0
1248.15	0	.5460118	.4045087	.04947943	0
1247.15	0	.5440423	.4060541	.04990368	0
1246.15	0	.5420811	.4075924	.05032656	0
1245.15	0	.5401283	.4091236	.05074807	0
1244.15	0	.538184	.4106478	.05116822	0
1243.15	0	.5362481	.4121649	.05158702	0
1242.15	0	.5343206	.4136749	.05200446	0
1241.15	0	.5324017	.4151778	.05242056	0
1240.15	0	.5304912	.4166735	.05283531	0
1239.15	0	.5285893	.418162	.05324872	0
1238.15	0	.5266958	.4196434	.05366079	0
1237.15	0	.524811	.4211175	.05407154	0
1236.15	0	.5229347	.4225844	.05448095	0
1235.15	0	.521067	.424044	.05488905	0
1234.15	0	.5192078	.4254963	.05529582	0
1233.15	0	.5173574	.4269414	.05570128	0
1232.15	0	.5155155	.4283791	.05610542	0
1231.15	0	.5136824	.4298094	.05650826	0
1230.15	0	.5118579	.4312323	.05690979	0
1229.15	0	.5100421	.4326479	.05731002	0
1228.15	0	.5082351	.434056	.05770896	0
1227.15	0	.5064368	.4354566	.0581066	0
1226.15	0	.5046472	.4368498	.05850295	0
1225.15	0	.5028665	.4382355	.05889802	0
1224.15	0	.5010946	.4396136	.05929181	0
1223.15	0	.4993315	.4409842	.05968432	0
1222.15	0	.4975773	.4423471	.06007556	0
1221.15	0	.495832	.4437025	.06046552	0
1220.15	0	.4940956	.4450502	.06085422	0
1219.15	0	.4923681	.4463903	.06124166	0
1218.15	0	.4906495	.4477226	.06162783	0
1217.15	0	.48894	.4490473	.06201276	0
1216.15	0	.4872394	.4503641	.06239643	0
1215.15	0	.4855479	.4516732	.06277885	0
1214.15	0	.4838655	.4529745	.06316002	0
1213.15	0	.4821921	.454268	.06353996	0
1212.15	0	.4805278	.4555535	.06391865	0
1211.15	0	.4788727	.4568312	.06429611	0
1210.15	0	.4772267	.458101	.06467234	0
1209.15	0	.4755899	.4593628	.06504735	0
1208.15	0	.4739623	.4606166	.06542112	0
1207.15	0	.472344	.4618623	.06579368	0
1206.15	0	.4707349	.4631001	.06616502	0
1205.15	0	.4691351	.4643297	.06653515	0
1204.15	0	.4675447	.4655512	.06690406	0
1203.15	0	.4659636	.4667646	.06727177	0
1202.15	0	.4643919	.4679698	.06763827	0
1201.15	0	.4628296	.4691668	.06800358	0
1200.15	0	.4612768	.4703556	.06836768	0
1199.15	0	.4597334	.471536	.06873059	0
1198.15	0	.4581995	.4727082	.06909231	0
1197.15	0	.4566751	.473872	.06945285	0
1196.15	0	.4551604	.4750275	.06981219	0
1195.15	0	.4536552	.4761745	.07017036	0
1194.15	0	.4521596	.4773131	.07052735	0
1193.15	0	.4506737	.4784431	.07088316	0
1192.15	0	.4491975	.4795647	.0712378	0
1191.15	0	.447731	.4806777	.07159127	0
1190.15	0	.4462743	.4817822	.07194357	0
1189.15	0	.4448273	.482878	.07229472	0
1188.15	0	.4433902	.4839652	.0726447	0
1187.15	0	.4419629	.4850436	.07299353	0
1186.15	0	.4405455	.4861133	.0733412	0
1185.15	0	.439138	.4871743	.07368772	0
1184.15	0	.4377405	.4882264	.0740331	0
1183.15	0	.4363529	.4892697	.07437733	0
1182.15	0	.4349754	.4903042	.07472041	0
1181.15	0	.433608	.4913296	.07506236	0
1180.15	0	.4322506	.4923462	.07540318	0
1179.15	0	.4309034	.4933537	.07574286	0
1178.15	0	.4295663	.4943522	.07608141	0
1177.15	0	.4282395	.4953417	.07641883	0
1176.15	0	.4269229	.496322	.07675513	0
1175.15	0	.4256165	.4972932	.07709031	0
1174.15	0	.4243205	.4982551	.07742437	0
1173.15	0	.4230348	.4992079	.07775732	0
1172.15	0	.4217595	.5001513	.07808915	0
1171.15	0	.4204946	.5010855	.07841987	0
1170.15	0	.4192402	.5020103	.07874948	0
1169.15	0	.4179963	.5029257	.07907799	0
1168.15	0	.4167629	.5038317	.0794054	0
1167.15	0	.4155401	.5047281	.07973171	0
1166.15	0	.414328	.5056151	.08005693	0
1165.15	0	.4131264	.5064925	.08038105	0
1164.15	0	.4119356	.5073603	.08070408	0
1163.15	0	.4107555	.5082185	.08102602	0
1162.15	0	.4095862	.509067	.08134688	0
1161.15	0	.4084276	.5099057	.08166665	0
1160.15	0	.40728	.5107347	.08198535	0
1159.15	0	.4061432	.5115538	.08230297	0
1158.15	0	.4050174	.5123631	.08261951	0
1157.15	0	.4039025	.5131625	.08293498	0
1156.15	0	.4027987	.513952	.08324938	0
1155.15	0	.4017059	.5147314	.08356272	0
1154.15	0	.4006241	.5155009	.083875	0
1153.15	0	.3995535	.5162603	.08418621	0
1152.15	0	.3984941	.5170095	.08449637	0
1151.15	0	.397446	.5177486	.08480546	0
1150.15	0	.3964091	.5184774	.0851135	0
1149.15	0	.3953835	.519196	.0854205	0
1148.15	0	.3943692	.5199044	.08572644	0
1147.15	0	.3933663	.5206023	.08603134	0
1146.15	0	.3923749	.5212899	.08633519	0
1145.15	0	.3913949	.5219671	.08663801	0
1144.15	0	.3904265	.5226337	.08693978	0
1143.15	0	.3894696	.5232899	.08724052	0
1142.15	0	.3885243	.5239355	.08754023	0
1141.15	0	.3875907	.5245705	.0878389	0
1140.15	0	.3866687	.5251948	.08813655	0
1139.15	0	.3857584	.5258084	.08843317	0
1138.15	0	.38486	.5264113	.08872877	0
1137.15	0	.3839733	.5270034	.08902335	0
1136.15	0	.3830985	.5275846	.08931691	0
1135.15	0	.3822356	.528155	.08960945	0
1134.15	0	.3813846	.5287144	.08990099	0
1133.15	0	.3805457	.5292629	.09019151	0
1132.15	0	.3797187	.5298003	.09048102	0
1131.15	0	.3789038	.5303267	.09076952	0
1130.15	0	.378101	.5308419	.09105703	0
1129.15	0	.3773104	.5313461	.09134353	0
1128.15	0	.376532	.531839	.09162903	0
1127.15	0	.3757658	.5323207	.09191354	0
1126.15	0	.3750119	.532791	.09219705	0
1125.15	0	.3742703	.5332501	.09247957	0
1124.15	0	.3735411	.5336978	.0927611	0
1123.15	0	.3728243	.534134	.09304165	0
1122.15	0	.37212	.5345588	.09332121	0
1121.15	0	.3714282	.5349721	.09359978	0
1120.15	0	.3707488	.5353738	.09387738	0
1119.15	0	.3700821	.5357639	.09415401	0
1118.15	0	.369428	.5361424	.09442965	0
1117.15	0	.3687865	.5365092	.09470433	0
1116.15	0	.3681578	.5368642	.09497803	0
1115.15	0	.3675417	.5372075	.09525077	0
1114.15	0	.3669385	.5375389	.09552254	0
1113.15	0	.3663481	.5378586	.09579335	0
1112.15	0	.3657706	.5381663	.09606319	0
1111.15	0	.3652059	.538462	.09633208	0
1110.15	0	.3646542	.5387458	.09660001	0
1109.15	0	.3641155	.5390175	.09686699	0
1108.15	0	.3635898	.5392772	.09713302	0
1107.15	0	.3630771	.5395248	.0973981	0
1106.15	0	.3625776	.5397602	.09766223	0
1105.15	0	.3620912	.5399834	.09792542	0
1104.15	0	.361618	.5401944	.09818766	0
1103.15	0	.3611579	.5403931	.09844897	0
1102.15	0	.3607112	.5405795	.09870934	0
1101.15	0	.3602777	.5407536	.09896877	0
1100.15	0	.3598575	.5409153	.09922727	0
1099.15	0	.3594507	.5410645	.09948484	0
1098.15	0	.3590572	.5412013	.09974148	0
1097.15	0	.3586772	.5413256	.09999719	0
1096.15	0	.3583106	.5414374	.100252	0
1095.15	0	.3579576	.5415366	.1005059	0
1094.15	0	.357618	.5416232	.1007588	0
1093.15	0	.357292	.5416971	.1010108	0
1092.15	0	.3569796	.5417584	.101262	0
1091.15	0	.3566809	.541807	.1015122	0
1090.15	0	.3563957	.5418428	.1017615	0
1089.15	0	.3561243	.5418659	.1020098	0
1088.15	0	.3558665	.5418762	.1022573	0
1087.15	0	.3556225	.5418736	.1025039	0
1086.15	0	.3553922	.5418582	.1027496	0
1085.15	0	.3551757	.5418299	.1029943	0
1084.15	0	.3549731	.5417887	.1032382	0
1083.15	0	.3547843	.5417345	.1034812	0
1082.15	0	.3546093	.5416674	.1037233	0
1081.15	0	.3544483	.5415872	.1039645	0
1080.15	0	.3543011	.5414941	.1042048	0
1079.15	0	.3541679	.5413879	.1044443	0
1078.15	0	.3540486	.5412686	.1046828	0
1077.15	0	.3539433	.5411362	.1049205	0
1076.15	0	.353852	.5409907	.1051573	0
1075.15	0	.3537748	.5408321	.1053932	0
1074.15	0	.3537115	.5406603	.1056282	0
1073.15	0	.3536623	.5404753	.1058624	0
1072.15	0	.3536272	.5402772	.1060957	0
1071.15	0	.3536061	.5400658	.1063281	0
1070.15	0	.3535991	.5398412	.1065597	0
1069.15	0	.3536063	.5396034	.1067904	0
1068.15	0	.3536275	.5393523	.1070202	0
1067.15	0	.3536629	.539088	.1072492	0
1066.15	0	.3537124	.5388103	.1074773	0
1065.15	0	.353776	.5385194	.1077046	0
1064.15	0	.3538538	.5382152	.1079309	0
1063.15	0	.3539458	.5378977	.1081565	0
1062.15	0	.3540519	.5375669	.1083812	0
1061.15	0	.3541722	.5372228	.1086051	0
1060.15	0	.3543066	.5368653	.1088281	0
1059.15	0	.3544552	.5364945	.1090503	0
1058.15	0	.354618	.5361104	.1092716	0
1057.15	0	.354795	.5357129	.1094921	0
1056.15	0	.3549861	.5353022	.1097118	0
1055.15	0	.3551913	.5348781	.1099306	0
1054.15	0	.3554107	.5344407	.1101486	0
1053.15	0	.3556443	.5339899	.1103657	0
1052.15	0	.355892	.5335259	.1105821	0
1051.15	0	.3561539	.5330486	.1107976	0
1050.15	0	.3564298	.5325579	.1110123	0
1049.15	0	.3567199	.532054	.1112261	0
1048.15	0	.357024	.5315368	.1114392	0
1047.15	0	.3573423	.5310064	.1116514	0
1046.15	0	.3576746	.5304627	.1118628	0
1045.15	0	.3580209	.5299057	.1120734	0
1044.15	0	.3583813	.5293356	.1122831	0
1043.15	0	.3587556	.5287523	.1124921	0
1042.15	0	.359144	.5281558	.1127002	0
1041.15	0	.3595463	.5275461	.1129076	0
1040.15	0	.3599625	.5269234	.1131141	0
1039.15	0	.3603927	.5262875	.1133198	0
1038.15	0	.3608367	.5256386	.1135247	0
1037.15	0	.3612946	.5249766	.1137289	0
1036.15	0	.3617663	.5243016	.1139322	0
1035.15	0	.3622517	.5236136	.1141347	0
1034.15	0	.3627509	.5229127	.1143364	0
1033.15	0	.3632638	.5221988	.1145374	0
1032.15	0	.3637904	.5214721	.1147375	0
1031.15	0	.3643306	.5207325	.1149368	0
1030.15	0	.3648844	.5199802	.1151354	0
1029.15	0	.3654518	.5192151	.1153331	0
1028.15	0	.3660327	.5184373	.1155301	0
1027.15	0	.366627	.5176468	.1157263	0
1026.15	0	.3672347	.5168437	.1159217	0
1025.15	0	.3678558	.516028	.1161163	0
1024.15	0	.3684902	.5151998	.1163101	0
1023.15	0	.3691378	.5143591	.1165031	0
1022.15	0	.3697986	.513506	.1166954	0
1021.15	0	.3704726	.5126405	.1168869	0
1020.15	0	.3711597	.5117628	.1170775	0
1019.15	0	.3718598	.5108727	.1172675	0
1018.15	0	.3725729	.5099706	.1174566	0
1017.15	0	.3732988	.5090562	.1176449	0
1016.15	0	.3740376	.5081299	.1178325	0
1015.15	0	.3747892	.5071915	.1180193	0
1014.15	0	.3755535	.5062412	.1182053	0
1013.15	0	.3763304	.5052791	.1183906	0
1012.15	0	.3771198	.5043051	.1185751	0
1011.15	0	.3779218	.5033195	.1187587	0
1010.15	0	.3787361	.5023222	.1189417	0
1009.15	0	.3795628	.5013134	.1191238	0
1008.15	0	.3804018	.500293	.1193052	0
1007.15	0	.3812529	.4992613	.1194858	0
1006.15	0	.3821162	.4982183	.1196656	0
1005.15	0	.3829914	.497164	.1198446	0
1004.15	0	.3838786	.4960985	.1200229	0
1003.15	0	.3847776	.4950221	.1202004	0
1002.15	0	.3856883	.4939346	.1203771	0
1001.15	0	.3866108	.4928362	.120553	0
1000.15	0	.3875448	.491727	.1207282	0
999.15	0	.3884902	.4906072	.1209026	0
998.15	0	.3894471	.4894767	.1210762	0
997.15	0	.3904153	.4883358	.121249	0
996.15	0	.3913946	.4871844	.121421	0
995.15	0	.392385	.4860227	.1215923	0
994.15	0	.3933864	.4848508	.1217628	0
993.15	0	.3943988	.4836688	.1219324	0
992.15	0	.3954219	.4824768	.1221013	0
991.15	0	.3964556	.4812749	.1222695	0
990.15	0	.3975	.4800633	.1224368	0
989.15	0	.3985548	.4788419	.1226033	0
988.15	0	.3996199	.477611	.1227691	0
987.15	0	.4006953	.4763707	.122934	0
986.15	0	.4017808	.4751211	.1230981	0
985.15	0	.4028763	.4738622	.1232615	0
984.15	0	.4039817	.4725943	.123424	0
983.15	0	.4050969	.4713173	.1235857	0
982.15	0	.4062218	.4700316	.1237467	0
981.15	0	.4073562	.4687371	.1239068	0
980.15	0	.4085	.467434	.124066	0
979.15	0	.4096531	.4661224	.1242245	0
978.15	0	.4108153	.4648025	.1243822	0
977.15	0	.4119866	.4634744	.124539	0
976.15	0	.4131668	.4621382	.124695	0
975.15	0	.4143558	.4607941	.1248501	0
974.15	0	.4155534	.4594421	.1250044	0
973.15	0	.4167596	.4580825	.1251579	0
972.15	0	.4179741	.4567154	.1253105	0
971.15	0	.4191969	.4553408	.1254623	0
970.15	0	.4204278	.453959	.1256132	0
969.15	0	.4216667	.4525701	.1257632	0
968.15	0	.4229134	.4511742	.1259124	0
967.15	0	.4241679	.4497715	.1260606	0
966.15	0	.4254298	.4483622	.126208	0
965.15	0	.4266992	.4469463	.1263545	0
964.15	0	.4279758	.445524	.1265001	0
963.15	0	.4292596	.4440956	.1266448	0
962.15	0	.4305504	.4426611	.1267886	0
961.15	0	.4318479	.4412206	.1269314	0
960.15	0	.4331522	.4397745	.1270734	0
959.15	0	.4344629	.4383227	.1272144	0
958.15	0	.4357801	.4368656	.1273544	0
957.15	0	.4371034	.4354031	.1274935	0
956.15	0	.4384328	.4339356	.1276316	0
955.15	0	.4397681	.4324632	.1277687	0
954.15	0	.4411092	.430986	.1279048	0
953.15	0	.4424558	.4295043	.12804	0
952.15	0	.4438078	.4280181	.1281741	0
951.15	0	.4451651	.4265277	.1283072	0
950.15	0	.4465275	.4250333	.1284393	0
949.15	0	.4478823	.4235467	.128571	0
948.15	0	.4490519	.4222359	.1287121	0
947.15	0	.4502527	.4208964	.1288509	0
946.15	0	.4514832	.4195297	.1289871	0
945.15	0	.452742	.418137	.1291211	0
944.15	0	.4540278	.4167196	.1292526	0
943.15	0	.4553393	.4152788	.1293819	0
942.15	0	.4566752	.4138158	.1295089	0
941.15	0	.4580344	.4123318	.1296337	0
940.15	0	.4594158	.4108278	.1297564	0
939.15	0	.460818	.4093051	.1298769	0
938.15	0	.4622402	.4077646	.1299953	0
937.15	0	.4636812	.4062073	.1301115	0
936.15	0	.4651399	.4046343	.1302258	0
935.15	0	.4666155	.4030465	.130338	0
934.15	0	.4681069	.4014449	.1304482	0
933.15	0	.4696133	.3998304	.1305564	0
932.15	0	.4711337	.3982037	.1306626	0
931.15	0	.4726672	.3965659	.130767	0
930.15	0	.4742131	.3949176	.1308693	0
929.15	0	.4757704	.3932597	.1309699	0
928.15	0	.4773385	.391593	.1310685	0
927.15	0	.4789166	.3899182	.1311652	0
926.15	0	.4805039	.388236	.1312601	0
925.15	0	.4820996	.3865472	.1313532	0
924.15	0	.4837032	.3848523	.1314445	0
923.15	0	.4853139	.3831522	.1315339	0
922.15	0	.4869311	.3814473	.1316216	0
921.15	0	.4885542	.3797384	.1317075	0
920.15	0	.4901825	.3780259	.1317916	0
919.15	0	.4918154	.3763106	.131874	0
918.15	0	.4934524	.374593	.1319546	0
917.15	0	.4950929	.3728735	.1320335	0
916.15	0	.4967364	.3711529	.1321107	0
915.15	0	.4983823	.3694314	.1321862	0
914.15	0	.5000302	.3677098	.13226	0
913.15	0	.5016795	.3659884	.1323322	0
912.15	0	.5033298	.3642677	.1324026	0
911.15	0	.5049805	.3625481	.1324714	0
910.15	0	.5066313	.3608302	.1325385	0
909.15	0	.5082817	.3591143	.1326039	0
908.15	0	.5099313	.3574009	.1326678	0
907.15	0	.5115797	.3556904	.13273	0
906.15	0	.5132264	.3539831	.1327905	0
905.15	0	.5148711	.3522794	.1328495	0
904.15	0	.5165134	.3505798	.1329068	0
903.15	0	.5181529	.3488845	.1329626	0
902.15	0	.5197893	.347194	.1330167	0
901.15	0	.5214222	.3455085	.1330693	0
900.15	0	.5230513	.3438284	.1331204	0
899.15	0	.5246763	.3421539	.1331698	0
898.15	0	.5262967	.3404855	.1332177	0
897.15	0	.5279125	.3388235	.1332641	0
896.15	0	.5295231	.337168	.1333089	0
895.15	0	.5311284	.3355194	.1333522	0
894.15	0	.5327281	.333878	.133394	0
893.15	0	.5343218	.332244	.1334342	0
892.15	0	.5359093	.3306177	.133473	0
891.15	0	.5374904	.3289993	.1335103	0
890.15	0	.5390648	.3273891	.1335461	0
889.15	0	.5406323	.3257873	.1335804	0
888.15	0	.5421926	.3241942	.1336132	0
887.15	0	.5437454	.32261	.1336447	0
886.15	0	.5452906	.3210348	.1336746	0
885.15	0	.546828	.3194689	.1337031	0
884.15	0	.5483573	.3179124	.1337303	0
883.15	0	.5498784	.3163657	.133756	0
882.15	0	.551391	.3148287	.1337803	0
881.15	0	.5528949	.3133019	.1338032	0
880.15	0	.5543901	.3117852	.1338248	0
879.15	0	.5558762	.3102789	.1338449	0
878.15	0	.5573531	.3087831	.1338638	0
877.15	0	.5588207	.307298	.1338813	0
876.15	0	.5602788	.3058237	.1338974	0
875.15	0	.5617273	.3043604	.1339123	0
874.15	0	.563166	.3029082	.1339258	0
873.15	0	.5645948	.3014671	.1339381	0
872.15	0	.5660135	.3000375	.1339491	0
871.15	0	.567422	.2986192	.1339588	0
870.15	0	.5688202	.2972125	.1339673	0
869.15	0	.570208	.2958175	.1339745	0
868.15	0	.5715853	.2944342	.1339805	0
867.15	0	.572952	.2930627	.1339853	0
866.15	0	.5743079	.2917031	.1339889	0
865.15	0	.5756531	.2903555	.1339914	0
864.15	0	.5769873	.28902	.1339927	0
863.15	0	.5783106	.2876966	.1339928	0
862.15	0	.5796229	.2863853	.1339918	0
861.15	0	.5809241	.2850863	.1339897	0
860.15	0	.5822141	.2837995	.1339864	0
859.15	0	.5834929	.2825251	.1339821	0
858.15	0	.5847604	.281263	.1339767	0
857.15	0	.5860166	.2800132	.1339702	0
856.15	0	.5872615	.2787758	.1339627	0
855.15	0	.5884951	.2775508	.1339541	0
854.15	0	.5897172	.2763382	.1339446	0
853.15	0	.590928	.275138	.133934	0
852.15	0	.5921273	.2739503	.1339224	0
851.15	0	.5933152	.2727749	.1339099	0
850.15	0	.5944916	.2716119	.1338964	0
849.15	0	.5956567	.2704613	.133882	0
848.15	0	.5968103	.2693231	.1338666	0
847.15	0	.5979525	.2681971	.1338504	0
846.15	0	.5990833	.2670835	.1338332	0
845.15	0	.6002028	.2659821	.1338151	0
844.15	0	.6013109	.264893	.1337962	0
843.15	0	.6024076	.263816	.1337764	0
842.15	0	.6034932	.2627511	.1337558	0
841.15	0	.6045674	.2616983	.1337343	0
840.15	0	.6056305	.2606575	.133712	0
839.15	0	.6066825	.2596286	.1336889	0
838.15	0	.6077233	.2586117	.133665	0
837.15	0	.6087531	.2576065	.1336404	0
836.15	0	.6097719	.2566131	.1336149	0
835.15	0	.6107799	.2556314	.1335888	0
834.15	0	.6117769	.2546613	.1335619	0
833.15	0	.6127632	.2537026	.1335342	0
832.15	0	.6137387	.2527554	.1335058	0
831.15	0	.6147036	.2518196	.1334768	0
830.15	0	.615658	.250895	.133447	0
829.15	0	.6166018	.2499816	.1334166	0
828.15	0	.6175353	.2490793	.1333854	0
827.15	0	.6184584	.2481879	.1333537	0
826.15	0	.6193713	.2473074	.1333213	0
825.15	0	.6202741	.2464377	.1332882	0
824.15	0	.6211668	.2455787	.1332545	0
823.15	0	.6220495	.2447303	.1332202	0
822.15	0	.6229223	.2438924	.1331853	0
821.15	0	.6237854	.2430648	.1331498	0
820.15	0	.6246387	.2422476	.1331137	0
819.15	0	.6254825	.2414405	.133077	0
818.15	0	.6263168	.2406435	.1330398	0
817.15	0	.6271416	.2398564	.133002	0
816.15	0	.6279572	.2390792	.1329636	0
815.15	0	.6287636	.2383117	.1329247	0
814.15	0	.6295608	.2375539	.1328853	0
813.15	0	.630349	.2368057	.1328453	0
812.15	0	.6311284	.2360668	.1328048	0
811.15	0	.6318989	.2353373	.1327638	0
810.15	0	.6326607	.234617	.1327223	0
809.15	0	.6334139	.2339057	.1326804	0
808.15	0	.6341586	.2332035	.1326379	0
807.15	0	.6348949	.2325102	.1325949	0
806.15	0	.6356229	.2318256	.1325515	0
805.15	0	.6363426	.2311498	.1325076	0
804.15	0	.6370543	.2304825	.1324632	0
803.15	0	.6377579	.2298236	.1324184	0
802.15	0	.6384536	.2291732	.1323732	0
801.15	0	.6391415	.228531	.1323275	0
800.15	0	.6398217	.2278969	.1322814	0
799.15	0	.6404942	.2272709	.1322348	0
798.15	0	.6411593	.2266529	.1321879	0
797.15	0	.6418168	.2260427	.1321405	0
796.15	0	.642467	.2254403	.1320927	0
795.15	0	.64311	.2248455	.1320445	0
794.15	0	.6437458	.2242582	.131996	0
793.15	0	.6443746	.2236785	.131947	0
792.15	0	.6449963	.2231061	.1318976	0
791.15	0	.6456112	.2225409	.1318479	0
790.15	0	.6462192	.221983	.1317978	0
789.15	0	.6468206	.2214321	.1317473	0
788.15	0	.6474153	.2208882	.1316965	0
787.15	0	.6480034	.2203512	.1316453	0
786.15	0	.6485851	.2198211	.1315938	0
785.15	0	.6491604	.2192977	.1315419	0
784.15	0	.6497295	.2187809	.1314897	0
783.975	0	.6498284	.2186911	.1314805	0
783.975	0	.6498284	.2186911	.1314805	0
783.975	0	.6498284	.2186911	.1314805	0
783.15	0	.6529217	.214596	.130309	.002173252
782.15	0	.6565891	.2097259	.1289087	.00477633
781.15	0	.6601685	.2049562	.1275296	.007345734
780.15	0	.6636622	.2002844	.1261714	.009882086
779.15	0	.6670723	.1957082	.1248336	.012386
778.15	0	.670401	.1912252	.1235157	.01485805
777.15	0	.6736504	.1868333	.1222175	.01729883
776.15	0	.6768225	.1825301	.1209385	.01970889
775.15	0	.6799192	.1783137	.1196784	.02208878
774.15	0	.6829424	.1741819	.1184367	.02443904
773.15	0	.6858939	.1701328	.1172131	.02676019
772.15	0	.6887755	.1661644	.1160074	.02905273
771.15	0	.691589	.1622747	.1148191	.03131717
770.15	0	.694336	.1584621	.1136479	.03355399
769.15	0	.6970182	.1547247	.1124934	.03576366
768.15	0	.6996372	.1510607	.1113555	.03794664
767.15	0	.7021945	.1474684	.1102337	.0401034
766.15	0	.7046917	.1439462	.1091277	.04223438
765.15	0	.7071301	.1404926	.1080373	.04434001
764.15	0	.7095113	.1371059	.1069621	.04642071
763.15	0	.7118366	.1337846	.1059019	.04847692
762.15	0	.7141075	.1305271	.1048564	.05050902
761.15	0	.7163251	.1273322	.1038253	.05251743
760.15	0	.7184909	.1241983	.1028083	.05450254
759.15	0	.720606	.1211241	.1018052	.05646473
758.15	0	.7226717	.1181082	.1008157	.05840438
757.15	0	.7246892	.1151493	.09983958	.06032186
756.15	0	.7266597	.1122462	.09887656	.06221753
755.15	0	.7285843	.1093975	.09792641	.06409176
754.15	0	.7304641	.1066022	.09698888	.06594489
753.15	0	.7323002	.1038588	.09606374	.06777726
752.15	0	.7340936	.1011664	.09515075	.06958922
751.15	0	.7358454	.09852378	.09424969	.07138109
750.15	0	.7375567	.0959298	.09336033	.07315321
749.15	0	.7392283	.09338341	.09248246	.07490589
748.15	0	.7408612	.09088353	.09161586	.07663944
747.15	0	.7424563	.08842915	.09076032	.07835418
746.15	0	.7440147	.08601924	.08991563	.08005041
745.15	0	.7455372	.08365283	.08908159	.08172843
744.15	0	.7470245	.08132895	.08825799	.08338853
743.15	0	.7484777	.07904665	.08744465	.085031
742.15	0	.7498975	.07680502	.08664137	.08665612
741.15	0	.7512847	.07460315	.08584795	.08826418
740.15	0	.7526402	.07244018	.08506422	.08985545
739.15	0	.7539646	.07031524	.08429	.09143019
738.15	0	.7552587	.06822748	.08352509	.09298868
737.15	0	.7565234	.0661761	.08276934	.09453117
736.15	0	.7577592	.06416029	.08202256	.09605792
735.15	0	.758967	.06217927	.08128458	.09756919
734.15	0	.7601473	.06023227	.08055525	.09906521
733.15	0	.7613008	.05831855	.0798344	.1005462
732.15	0	.7624283	.05643737	.07912186	.1020125
731.15	0	.7635302	.05458803	.07841748	.1034643
730.15	0	.7646073	.05276981	.07772112	.1049017
729.15	0	.7656602	.05098205	.07703261	.1063251
728.15	0	.7666894	.04922408	.0763518	.1077347
727.15	0	.7676955	.04749524	.07567857	.1091306
726.15	0	.7686791	.0457949	.07501275	.1105132
725.15	0	.7696408	.04412244	.07435422	.1118826
724.15	0	.770581	.04247725	.07370283	.113239
723.15	0	.7715002	.04085874	.07305846	.1145826
722.15	0	.7723991	.03926632	.07242096	.1159136
721.15	0	.773278	.03769944	.07179022	.1172323
720.15	0	.7741375	.03615753	.0711661	.1185388
719.15	0	.7749781	.03464006	.07054848	.1198334
718.15	0	.7758001	.03314651	.06993725	.1211161
717.15	0	.7766041	.03167634	.06933227	.1223873
716.15	0	.7773905	.03022906	.06873344	.123647
715.15	0	.7781597	.02880418	.06814064	.1248955
714.15	0	.7789122	.02740122	.06755375	.1261329
713.15	0	.7796482	.0260197	.06697268	.1273594
712.15	0	.7803683	.02465916	.06639731	.1285752
711.15	0	.7810729	.02331916	.06582753	.1297805
710.15	0	.7817622	.02199926	.06526324	.1309753
709.15	0	.7824367	.02069902	.06470435	.13216
708.15	0	.7830967	.01941804	.06415075	.1333345
707.15	0	.7837426	.0181559	.06360235	.1344992
706.15	0	.7843746	.01691219	.06305905	.1356541
705.15	0	.7849933	.01568654	.06252075	.1367994
704.15	0	.7855988	.01447856	.06198738	.1379353
703.15	0	.7861915	.01328787	.06145883	.1390618
702.15	0	.7867716	.01211412	.06093502	.1401792
701.15	0	.7873396	.01095694	.06041587	.1412876
700.15	0	.7878957	.009815983	.05990129	.1423871
699.15	0	.7884401	.008690917	.0593912	.1434778
698.15	0	.7889732	.007581406	.05888551	.1445599
697.15	0	.7894951	.006487126	.05838416	.1456336
696.15	0	.7900063	.005407758	.05788706	.1466989
695.15	0	.7905069	.004342993	.05739414	.1477559
694.15	0	.7909973	.003292528	.05690532	.1488049
693.15	0	.7914775	.002256066	.05642054	.1498459
692.15	0	.7919479	.001233318	.05593971	.150879
691.15	0	.7924088	2.240003E-04	.05546278	.1519045
690.9263	0	.7925106	0	.0553566	.1521328
690.9263	0	.7925106	0	.0553566	.1521328
690.15	0	.7924199	0	.05520283	.1523773
689.15	0	.7923035	0	.0550053	.1526912
688.15	0	.7921877	0	.05480842	.1530038
687.15	0	.7920725	0	.05461218	.1533153
686.15	0	.7919578	0	.05441658	.1536256
685.15	0	.7918437	0	.05422164	.1539347
684.15	0	.7917301	0	.05402733	.1542426
683.15	0	.791617	0	.05383368	.1545493
682.15	0	.7915045	0	.05364067	.1548548
681.15	0	.7913925	0	.0534483	.1551592
680.15	0	.7912811	0	.05325659	.1554623
679.15	0	.7911702	0	.05306552	.1557643
678.15	0	.7910598	0	.0528751	.1560651
677.15	0	.79095	0	.05268533	.1563647
676.15	0	.7908407	0	.05249621	.1566631
675.15	0	.7907319	0	.05230773	.1569604
674.15	0	.7906236	0	.05211991	.1572565
673.15	0	.7905159	0	.05193273	.1575514
672.15	0	.7904087	0	.05174621	.1578451
671.15	0	.790302	0	.05156034	.1581377
670.15	0	.7901958	0	.05137511	.1584291
669.15	0	.7900901	0	.05119054	.1587193
668.15	0	.789985	0	.05100662	.1590084
667.15	0	.7898803	0	.05082335	.1592963
666.15	0	.7897762	0	.05064074	.1595831
665.15	0	.7896726	0	.05045877	.1598687
664.15	0	.7895695	0	.05027746	.1601531
663.15	0	.7894668	0	.05009681	.1604364
662.15	0	.7893647	0	.0499168	.1607185
661.15	0	.7892631	0	.04973746	.1609994
660.15	0	.789162	0	.04955876	.1612792
659.15	0	.7890614	0	.04938072	.1615579
658.15	0	.7889612	0	.04920334	.1618354
657.15	0	.7888616	0	.04902661	.1621118
656.15	0	.7887625	0	.04885054	.162387
655.15	0	.7886638	0	.04867513	.1626611
654.15	0	.7885656	0	.04850037	.162934
653.15	0	.788468	0	.04832627	.1632058
652.15	0	.7883708	0	.04815283	.1634764
651.15	0	.7882741	0	.04798004	.1637459
650.15	0	.7881778	0	.04780792	.1640143
649.15	0	.7880821	0	.04763645	.1642815
648.15	0	.7879868	0	.04746564	.1645476
647.15	0	.787892	0	.04729549	.1648125
646.15	0	.7877977	0	.047126	.1650763
645.15	0	.7877038	0	.04695717	.165339
644.15	0	.7876105	0	.046789	.1656005
643.15	0	.7875176	0	.04662149	.165861
642.15	0	.7874251	0	.04645465	.1661202
641.15	0	.7873332	0	.04628846	.1663784
640.15	0	.7872417	0	.04612294	.1666354
639.15	0	.7871506	0	.04595807	.1668913
638.15	0	.7870601	0	.04579387	.1671461
637.15	0	.7869699	0	.04563034	.1673997
636.15	0	.7868803	0	.04546746	.1676523
635.15	0	.7867911	0	.04530525	.1679037
634.15	0	.7867024	0	.0451437	.1681539
633.15	0	.7866141	0	.04498282	.1684031
632.15	0	.7865263	0	.0448226	.1686511
631.15	0	.7864389	0	.04466304	.168898
630.15	0	.786352	0	.04450416	.1691438
629.15	0	.7862655	0	.04434593	.1693885
628.15	0	.7861795	0	.04418837	.1696321
627.15	0	.786094	0	.04403147	.1698746
626.15	0	.7860088	0	.04387524	.1701159
625.15	0	.7859242	0	.04371968	.1703561
624.15	0	.78584	0	.04356478	.1705953
623.15	0	.7857562	0	.04341055	.1708333
622.15	0	.7856728	0	.04325699	.1710702
621.15	0	.7855899	0	.04310409	.171306
620.15	0	.7855075	0	.04295186	.1715406
619.15	0	.7854255	0	.0428003	.1717742
618.15	0	.7853439	0	.04264941	.1720067
617.15	0	.7852628	0	.04249918	.1722381
616.15	0	.785182	0	.04234962	.1724683
615.15	0	.7851018	0	.04220072	.1726975
614.15	0	.7850219	0	.0420525	.1729256
613.15	0	.7849425	0	.04190495	.1731525
612.15	0	.7848635	0	.04175806	.1733784
611.15	0	.784785	0	.04161184	.1736032
610.15	0	.7847069	0	.04146629	.1738268
609.15	0	.7846292	0	.04132141	.1740494
608.15	0	.7845519	0	.0411772	.1742709
607.15	0	.7844751	0	.04103366	.1744913
606.15	0	.7843986	0	.04089079	.1747106
605.15	0	.7843226	0	.04074858	.1749288
604.15	0	.7842471	0	.04060705	.1751459
603.15	0	.7841719	0	.04046618	.1753619
602.15	0	.7840972	0	.04032599	.1755769
601.15	0	.7840229	0	.04018646	.1757907
600.15	0	.783949	0	.0400476	.1760035
599.15	0	.7838755	0	.03990941	.1762151
598.15	0	.7838024	0	.0397719	.1764257
597.15	0	.7837297	0	.03963505	.1766352
596.15	0	.7836575	0	.03949887	.1768436
595.15	0	.7835857	0	.03936336	.177051
594.15	0	.7835142	0	.03922852	.1772573
593.15	0	.7834432	0	.03909435	.1774624
592.15	0	.7833726	0	.03896085	.1776665
591.15	0	.7833024	0	.03882802	.1778696
590.15	0	.7832326	0	.03869586	.1780715
589.15	0	.7831632	0	.03856436	.1782724
588.15	0	.7830943	0	.03843354	.1784722
587.15	0	.7830257	0	.03830338	.1786709
586.15	0	.7829575	0	.0381739	.1788686
585.15	0	.7828897	0	.03804508	.1790652
584.15	0	.7828224	0	.03791693	.1792607
583.15	0	.7827554	0	.03778945	.1794552
582.15	0	.7826888	0	.03766263	.1796486
581.15	0	.7826226	0	.03753649	.1798409
580.15	0	.7825569	0	.03741101	.1800321
579.15	0	.7824915	0	.0372862	.1802223
578.15	0	.7824265	0	.03716206	.1804115
577.15	0	.7823619	0	.03703858	.1805995
576.15	0	.7822977	0	.03691578	.1807866
575.15	0	.7822338	0	.03679363	.1809725
574.15	0	.7821704	0	.03667216	.1811574
573.15	0	.7821074	0	.03655135	.1813413
572.15	0	.7820447	0	.0364312	.1815241
571.15	0	.7819825	0	.03631173	.1817058
570.15	0	.7819206	0	.03619291	.1818865
569.15	0	.7818591	0	.03607476	.1820661
568.15	0	.781798	0	.03595727	.1822447
567.15	0	.7817373	0	.03584045	.1824223
566.15	0	.7816769	0	.0357243	.1825988
565.15	0	.781617	0	.0356088	.1827742
564.15	0	.7815574	0	.03549397	.1829487
563.15	0	.7814982	0	.03537979	.183122
562.15	0	.7814393	0	.03526628	.1832944
561.15	0	.7813809	0	.03515344	.1834657
560.15	0	.7813228	0	.03504125	.1836359
559.15	0	.7812651	0	.03492972	.1838051
558.15	0	.7812078	0	.03481885	.1839733
557.15	0	.7811509	0	.03470864	.1841405
556.15	0	.7810943	0	.03459909	.1843066
555.15	0	.7810381	0	.03449019	.1844717
554.15	0	.7809823	0	.03438196	.1846358
553.15	0	.7809268	0	.03427438	.1847988
552.15	0	.7808717	0	.03416745	.1849609
551.15	0	.780817	0	.03406118	.1851219
550.15	0	.7807626	0	.03395557	.1852818
549.15	0	.7807086	0	.03385061	.1854408
548.15	0	.780655	0	.0337463	.1855987
547.15	0	.7806017	0	.03364264	.1857557
546.15	0	.7805488	0	.03353964	.1859116
545.15	0	.7804962	0	.03343729	.1860665
544.15	0	.7804441	0	.03333558	.1862204
543.15	0	.7803922	0	.03323453	.1863733
542.15	0	.7803408	0	.03313412	.1865251
541.15	0	.7802896	0	.03303437	.186676
540.15	0	.7802389	0	.03293525	.1868259
539.15	0	.7801885	0	.03283679	.1869747
538.15	0	.7801384	0	.03273897	.1871226
537.15	0	.7800887	0	.03264179	.1872695
536.15	0	.7800394	0	.03254526	.1874154
535.15	0	.7799904	0	.03244937	.1875602
534.15	0	.7799417	0	.03235412	.1877041
533.15	0	.7798934	0	.03225951	.187847
532.15	0	.7798455	0	.03216554	.187989
531.15	0	.7797979	0	.0320722	.1881299
530.15	0	.7797506	0	.03197951	.1882698
529.15	0	.7797037	0	.03188745	.1884088
528.15	0	.7796572	0	.03179603	.1885468
527.15	0	.779611	0	.03170523	.1886838
526.15	0	.7795651	0	.03161508	.1888199
525.15	0	.7795195	0	.03152555	.1889549
524.15	0	.7794743	0	.03143666	.189089
523.15	0	.7794295	0	.03134839	.1892222
522.15	0	.7793849	0	.03126075	.1893543
521.15	0	.7793407	0	.03117374	.1894855
520.15	0	.7792969	0	.03108735	.1896158
519.15	0	.7792534	0	.03100159	.1897451
518.15	0	.7792102	0	.03091645	.1898734
517.15	0	.7791673	0	.03083193	.1900008
516.15	0	.7791248	0	.03074803	.1901272
515.15	0	.7790826	0	.03066476	.1902527
514.15	0	.7790407	0	.03058209	.1903772
513.15	0	.7789992	0	.03050005	.1905008
512.15	0	.778958	0	.03041862	.1906234
511.15	0	.7789171	0	.0303378	.1907451
510.15	0	.7788765	0	.0302576	.1908659
509.15	0	.7788363	0	.03017801	.1909857
508.15	0	.7787964	0	.03009902	.1911046
507.15	0	.7787567	0	.03002064	.1912226
506.15	0	.7787175	0	.02994287	.1913397
505.15	0	.7786785	0	.0298657	.1914558
504.15	0	.7786399	0	.02978914	.191571
503.15	0	.7786015	0	.02971318	.1916853
502.15	0	.7785635	0	.02963781	.1917987
501.15	0	.7785258	0	.02956305	.1919111
500.15	0	.7784884	0	.02948888	.1920227
499.15	0	.7784513	0	.0294153	.1921334
498.15	0	.7784146	0	.02934232	.1922431
497.15	0	.7783781	0	.02926993	.192352
496.15	0	.778342	0	.02919813	.1924599
495.15	0	.7783061	0	.02912692	.192567
494.15	0	.7782706	0	.02905629	.1926731
493.15	0	.7782354	0	.02898625	.1927784
492.15	0	.7782004	0	.02891679	.1928828
491.15	0	.7781658	0	.02884791	.1929863
490.15	0	.7781315	0	.02877961	.1930889
489.15	0	.7780974	0	.02871189	.1931907
488.15	0	.7780637	0	.02864474	.1932916
487.15	0	.7780303	0	.02857816	.1933916
486.15	0	.7779971	0	.02851216	.1934907
485.15	0	.7779643	0	.02844672	.193589
484.15	0	.7779317	0	.02838185	.1936864
483.15	0	.7778995	0	.02831755	.193783
482.15	0	.7778675	0	.02825381	.1938787
481.15	0	.7778358	0	.02819063	.1939736
480.15	0	.7778044	0	.02812801	.1940676
479.15	0	.7777733	0	.02806595	.1941607
478.15	0	.7777425	0	.02800444	.1942531
477.15	0	.777712	0	.02794349	.1943446
476.15	0	.7776817	0	.02788308	.1944352
475.15	0	.7776517	0	.02782323	.194525
474.15	0	.7776221	0	.02776392	.194614
473.15	0	.7775926	0	.02770515	.1947022
472.15	0	.7775635	0	.02764693	.1947896
471.15	0	.7775347	0	.02758925	.1948761
470.15	0	.7775061	0	.0275321	.1949618
469.15	0	.7774778	0	.02747549	.1950467
468.15	0	.7774497	0	.02741942	.1951309
467.15	0	.777422	0	.02736387	.1952142
466.15	0	.7773945	0	.02730885	.1952967
465.15	0	.7773673	0	.02725436	.1953784
464.15	0	.7773403	0	.0272004	.1954593
463.15	0	.7773136	0	.02714695	.1955394
462.15	0	.7772872	0	.02709403	.1956188
461.15	0	.777261	0	.02704162	.1956974
460.15	0	.7772351	0	.02698972	.1957752
459.15	0	.7772095	0	.02693834	.1958522
458.15	0	.7771841	0	.02688746	.1959285
457.15	0	.777159	0	.0268371	.1960039
456.15	0	.7771341	0	.02678724	.1960787
455.15	0	.7771095	0	.02673787	.1961526
454.15	0	.7770851	0	.02668901	.1962259
453.15	0	.777061	0	.02664065	.1962983
452.15	0	.7770372	0	.02659278	.1963701
451.15	0	.7770136	0	.0265454	.196441
450.15	0	.7769902	0	.02649852	.1965113
449.15	0	.7769671	0	.02645213	.1965808
448.15	0	.7769442	0	.02640623	.1966495
447.15	0	.7769216	0	.02636082	.1967176
446.15	0	.7768993	0	.02631589	.1967849
