T	 BPW(LIQUID)	BPW(BCC_A2)	BPW(FCC_A1)	BPW(LAVES_PHASE_C14)	BPW(NI3TI)
1473.15	.3637752	.6362248	0	0	0
1472.15	.3610413	.6389587	0	0	0
1471.15	.358325	.641675	0	0	0
1470.15	.3556261	.6443739	0	0	0
1469.15	.3529445	.6470556	0	0	0
1468.15	.3502799	.6497201	0	0	0
1467.15	.3476323	.6523677	0	0	0
1466.15	.3450016	.6549985	0	0	0
1465.15	.3423875	.6576125	0	0	0
1464.15	.33979	.66021	0	0	0
1463.15	.3372089	.6627911	0	0	0
1462.15	.334644	.665356	0	0	0
1461.15	.3320954	.6679046	0	0	0
1460.15	.3295627	.6704373	0	0	0
1459.15	.3270459	.6729541	0	0	0
1458.15	.3245449	.6754551	0	0	0
1457.15	.3220596	.6779404	0	0	0
1456.15	.3195897	.6804103	0	0	0
1455.15	.3171352	.6828648	0	0	0
1454.15	.314696	.685304	0	0	0
1453.15	.3122719	.6877281	0	0	0
1452.15	.3098628	.6901372	0	0	0
1451.15	.3074686	.6925314	0	0	0
1450.15	.3050892	.6949108	0	0	0
1449.15	.3027245	.6972755	0	0	0
1448.15	.3003743	.6996257	0	0	0
1447.15	.2980386	.7019615	0	0	0
1446.15	.2957171	.7042829	0	0	0
1445.15	.2934099	.7065901	0	0	0
1444.15	.2911167	.7088832	0	0	0
1443.15	.2888376	.7111624	0	0	0
1442.15	.2865723	.7134277	0	0	0
1441.15	.2843208	.7156792	0	0	0
1440.15	.282083	.717917	0	0	0
1439.15	.2798587	.7201413	0	0	0
1438.15	.2776479	.7223521	0	0	0
1437.15	.2754504	.7245496	0	0	0
1436.15	.2732662	.7267338	0	0	0
1435.15	.2710951	.7289049	0	0	0
1434.15	.2689371	.7310629	0	0	0
1433.15	.266792	.733208	0	0	0
1432.15	.2646598	.7353402	0	0	0
1431.15	.2625403	.7374597	0	0	0
1430.15	.2604335	.7395665	0	0	0
1429.15	.2583392	.7416608	0	0	0
1428.15	.2562574	.7437426	0	0	0
1427.15	.254188	.745812	0	0	0
1426.15	.2521309	.7478692	0	0	0
1425.15	.2500859	.7499141	0	0	0
1424.15	.2480531	.7519469	0	0	0
1423.15	.2460322	.7539678	0	0	0
1422.15	.2440233	.7559767	0	0	0
1421.15	.2420262	.7579738	0	0	0
1420.15	.2400409	.7599591	0	0	0
1419.15	.2380672	.7619328	0	0	0
1418.15	.2361051	.7638949	0	0	0
1417.15	.2341545	.7658455	0	0	0
1416.15	.2322153	.7677847	0	0	0
1415.15	.2302874	.7697126	0	0	0
1414.15	.2283708	.7716292	0	0	0
1413.15	.2264653	.7735347	0	0	0
1412.15	.2245709	.7754291	0	0	0
1411.15	.2226875	.7773125	0	0	0
1410.15	.220815	.779185	0	0	0
1409.15	.2189534	.7810466	0	0	0
1408.15	.2171025	.7828975	0	0	0
1407.15	.2152623	.7847377	0	0	0
1406.15	.2134328	.7865672	0	0	0
1405.15	.2116137	.7883863	0	0	0
1404.15	.2098052	.7901948	0	0	0
1403.15	.208007	.791993	0	0	0
1402.15	.2062191	.7937809	0	0	0
1401.15	.2044415	.7955585	0	0	0
1400.15	.202674	.797326	0	0	0
1399.15	.2009167	.7990833	0	0	0
1398.15	.1991694	.8008306	0	0	0
1397.15	.197432	.802568	0	0	0
1396.15	.1957046	.8042954	0	0	0
1395.15	.1939869	.8060131	0	0	0
1394.15	.1922791	.807721	0	0	0
1393.15	.1905809	.8094191	0	0	0
1392.15	.1888923	.8111077	0	0	0
1391.15	.1872133	.8127867	0	0	0
1390.15	.1855438	.8144562	0	0	0
1389.15	.1838837	.8161163	0	0	0
1388.15	.182233	.8177671	0	0	0
1387.15	.1805915	.8194085	0	0	0
1386.15	.1789593	.8210407	0	0	0
1385.15	.1773363	.8226637	0	0	0
1384.15	.1757224	.8242776	0	0	0
1383.15	.1741176	.8258824	0	0	0
1382.15	.1725217	.8274783	0	0	0
1381.15	.1709348	.8290652	0	0	0
1380.15	.1693568	.8306433	0	0	0
1379.15	.1677875	.8322125	0	0	0
1378.15	.1662271	.833773	0	0	0
1377.15	.1646753	.8353247	0	0	0
1376.15	.1631321	.8368679	0	0	0
1375.15	.1615976	.8384024	0	0	0
1374.15	.1600716	.8399284	0	0	0
1373.15	.158554	.841446	0	0	0
1372.15	.1570449	.8429551	0	0	0
1371.15	.1555442	.8444558	0	0	0
1370.15	.1540517	.8459483	0	0	0
1369.15	.1525675	.8474325	0	0	0
1368.15	.1510915	.8489085	0	0	0
1367.15	.1496237	.8503763	0	0	0
1366.15	.148164	.851836	0	0	0
1365.15	.1467123	.8532877	0	0	0
1364.15	.1452686	.8547314	0	0	0
1363.15	.1438329	.8561671	0	0	0
1362.15	.1424051	.8575949	0	0	0
1361.15	.1409851	.8590149	0	0	0
1360.15	.1395729	.8604271	0	0	0
1359.15	.1381685	.8618315	0	0	0
1358.15	.1367718	.8632282	0	0	0
1357.15	.1353827	.8646173	0	0	0
1356.15	.1340012	.8659988	0	0	0
1355.15	.1326273	.8673727	0	0	0
1354.15	.1312609	.8687391	0	0	0
1353.15	.129902	.870098	0	0	0
1352.15	.1285505	.8714495	0	0	0
1351.15	.1272064	.8727936	0	0	0
1350.15	.1258696	.8741304	0	0	0
1349.15	.1245401	.8754599	0	0	0
1348.15	.1232179	.8767821	0	0	0
1347.15	.1219028	.8780972	0	0	0
1346.15	.120595	.8794051	0	0	0
1345.15	.1192942	.8807058	0	0	0
1344.15	.1180005	.8819995	0	0	0
1343.15	.1167138	.8832862	0	0	0
1342.15	.1154342	.8845658	0	0	0
1341.15	.1141614	.8858386	0	0	0
1340.15	.1128957	.8871044	0	0	0
1339.884	.1125605	.8874395	0	0	0
1339.884	.1125605	.8874395	0	0	0
1339.884	.1125605	.8874395	0	0	0
1339.15	.1085235	.8860521	.005424354	0	0
1338.15	.1030115	.8841813	.01280721	0	0
1337.15	.09748268	.8823315	.02018578	0	0
1336.15	.09193685	.8805029	.02756021	0	0
1335.15	.08637387	.8786955	.03493063	0	0
1334.15	.08079362	.8769092	.04229716	0	0
1333.15	.07519597	.8751441	.04965995	0	0
1332.15	.06958077	.8734001	.05701913	0	0
1331.15	.06394789	.8716773	.06437483	0	0
1330.15	.0582972	.8699756	.07172718	0	0
1329.15	.05262856	.8682951	.07907631	0	0
1328.15	.04694184	.8666358	.08642237	0	0
1327.15	.0412369	.8649976	.09376547	0	0
1326.15	.03551362	.8633806	.1011057	0	0
1325.15	.02977186	.8617848	.1084433	0	0
1324.15	.02401149	.8602101	.1157784	0	0
1323.15	.01823237	.8586567	.123111	0	0
1322.15	.01243438	.8571243	.1304413	0	0
1321.15	.006617383	.8556132	.1377694	0	0
1320.15	7.812512E-04	.8541232	.1450955	0	0
1320.016	0	.8539258	.1460743	0	0
1320.016	0	.8539258	.1460743	0	0
1319.15	0	.8529102	.1470898	0	0
1318.15	0	.8517399	.1482601	0	0
1317.15	0	.8505716	.1494284	0	0
1316.15	0	.8494053	.1505947	0	0
1315.15	0	.848241	.151759	0	0
1314.15	0	.8470788	.1529212	0	0
1313.15	0	.8459186	.1540814	0	0
1312.15	0	.8447604	.1552396	0	0
1311.15	0	.8436042	.1563958	0	0
1310.15	0	.8424501	.1575499	0	0
1309.15	0	.841298	.158702	0	0
1308.15	0	.8401479	.1598521	0	0
1307.15	0	.8389999	.1610001	0	0
1306.15	0	.8378539	.1621461	0	0
1305.15	0	.8367099	.1632901	0	0
1304.15	0	.835568	.1644321	0	0
1303.15	0	.834428	.165572	0	0
1302.15	0	.8332902	.1667098	0	0
1301.15	0	.8321543	.1678457	0	0
1300.15	0	.8310205	.1689795	0	0
1299.15	0	.8298888	.1701112	0	0
1298.15	0	.8287591	.1712409	0	0
1297.15	0	.8276314	.1723686	0	0
1296.15	0	.8265058	.1734942	0	0
1295.15	0	.8253822	.1746178	0	0
1294.15	0	.8242607	.1757393	0	0
1293.15	0	.8231412	.1768588	0	0
1292.15	0	.8220238	.1779762	0	0
1291.15	0	.8209084	.1790916	0	0
1290.15	0	.8197951	.1802049	0	0
1289.15	0	.8186838	.1813162	0	0
1288.15	0	.8175747	.1824254	0	0
1287.937	0	.8173385	.1826615	0	0
1287.937	0	.8173385	.1826615	0	0
1287.937	0	.8173385	.1826615	0	0
1287.15	0	.8160904	.1834607	4.489714E-04	0
1286.15	0	.8145083	.1844735	.001018177	0
1285.15	0	.8129309	.1854832	.001585855	0
1284.15	0	.8113582	.1864898	.002152011	0
1283.15	0	.8097901	.1874933	.002716652	0
1282.15	0	.8082266	.1884936	.003279783	0
1281.15	0	.8066678	.1894908	.00384141	0
1280.15	0	.8051136	.1904849	.00440154	0
1279.15	0	.803564	.1914759	.004960177	0
1278.15	0	.8020189	.1924638	.005517328	0
1277.15	0	.8004785	.1934485	.006072998	0
1276.15	0	.7989426	.1944303	.006627193	0
1275.15	0	.7974112	.1954089	.007179919	0
1274.15	0	.7958844	.1963844	.007731181	0
1273.15	0	.7943621	.1973569	.008280985	0
1272.15	0	.7928444	.1983263	.008829337	0
1271.15	0	.7913311	.1992926	.009376242	0
1270.15	0	.7898224	.2002559	.009921705	0
1269.15	0	.7883181	.2012161	.01046573	0
1268.15	0	.7868184	.2021733	.01100833	0
1267.15	0	.7853231	.2031274	.0115495	0
1266.15	0	.7838322	.2040785	.01208925	0
1265.15	0	.7823458	.2050266	.01262759	0
1264.15	0	.7808639	.2059716	.01316452	0
1263.15	0	.7793863	.2069136	.01370005	0
1262.15	0	.7779132	.2078526	.01423417	0
1261.15	0	.7764445	.2087886	.01476691	0
1260.15	0	.7749802	.2097216	.01529825	0
1259.15	0	.7735203	.2106515	.01582822	0
1258.15	0	.7720647	.2115785	.0163568	0
1257.15	0	.7706136	.2125024	.01688402	0
1256.15	0	.7691668	.2134234	.01740987	0
1255.15	0	.7677243	.2143414	.01793435	0
1254.15	0	.7662862	.2152563	.01845748	0
1253.15	0	.7648524	.2161684	.01897926	0
1252.15	0	.7634229	.2170774	.01949968	0
1251.15	0	.7619978	.2179834	.02001877	0
1250.15	0	.760577	.2188865	.02053652	0
1249.15	0	.7591604	.2197866	.02105294	0
1248.15	0	.7577482	.2206838	.02156803	0
1247.15	0	.7563402	.221578	.0220818	0
1246.15	0	.7549365	.2224692	.02259425	0
1245.15	0	.7535371	.2233575	.02310539	0
1244.15	0	.7521419	.2242429	.02361522	0
1243.15	0	.750751	.2251253	.02412374	0
1242.15	0	.7493643	.2260048	.02463097	0
1241.15	0	.7479818	.2268813	.02513691	0
1240.15	0	.7466036	.2277549	.02564156	0
1239.15	0	.7452295	.2286255	.02614492	0
1238.15	0	.7438597	.2294933	.026647	0
1237.15	0	.7424941	.2303581	.02714781	0
1236.15	0	.7411327	.23122	.02764735	0
1235.15	0	.7397754	.232079	.02814562	0
1234.15	0	.7384223	.232935	.02864263	0
1233.15	0	.7370734	.2337882	.02913838	0
1232.15	0	.7357287	.2346384	.02963288	0
1231.15	0	.7343881	.2354858	.03012614	0
1230.15	0	.7330517	.2363302	.03061814	0
1229.15	0	.7317194	.2371717	.03110892	0
1228.15	0	.7303912	.2380104	.03159845	0
1227.15	0	.7290671	.2388461	.03208676	0
1226.15	0	.7277472	.239679	.03257384	0
1225.15	0	.7264314	.2405089	.0330597	0
1224.15	0	.7251197	.241336	.03354434	0
1223.15	0	.723812	.2421602	.03402777	0
1222.15	0	.7225085	.2429815	.03450999	0
1221.15	0	.7212091	.2437999	.034991	0
1220.15	0	.7199137	.2446155	.03547082	0
1219.15	0	.7186224	.2454282	.03594944	0
1218.15	0	.7173352	.246238	.03642687	0
1217.15	0	.716052	.2470449	.0369031	0
1216.15	0	.7147729	.247849	.03737816	0
1215.15	0	.7134978	.2486502	.03785204	0
1214.15	0	.7122268	.2494485	.03832474	0
1213.15	0	.7109598	.250244	.03879627	0
1212.15	0	.7096968	.2510366	.03926663	0
1211.15	0	.7084379	.2518263	.03973583	0
1210.15	0	.7071829	.2526132	.04020387	0
1209.15	0	.705932	.2533972	.04067075	0
1208.15	0	.7046851	.2541784	.04113648	0
1207.15	0	.7034422	.2549568	.04160107	0
1206.15	0	.7022033	.2557322	.04206451	0
1205.15	0	.7009684	.2565049	.04252681	0
1204.15	0	.6997374	.2572746	.04298797	0
1203.15	0	.6985104	.2580416	.043448	0
1202.15	0	.6972875	.2588056	.04390691	0
1201.15	0	.6960684	.2595669	.04436469	0
1200.15	0	.6948534	.2603253	.04482134	0
1199.15	0	.6936423	.2610808	.04527689	0
1198.15	0	.6924352	.2618335	.04573131	0
1197.15	0	.691232	.2625834	.04618463	0
1196.15	0	.6900327	.2633304	.04663684	0
1195.15	0	.6888374	.2640746	.04708795	0
1194.15	0	.6876461	.264816	.04753796	0
1193.15	0	.6864586	.2655545	.04798688	0
1192.15	0	.6852751	.2662902	.0484347	0
1191.15	0	.6840955	.267023	.04888144	0
1190.15	0	.6829199	.267753	.04932709	0
1189.15	0	.6817481	.2684802	.04977166	0
1188.15	0	.6805803	.2692045	.05021515	0
1187.15	0	.6794164	.2699261	.05065757	0
1186.15	0	.6782563	.2706447	.05109892	0
1185.15	0	.6771002	.2713606	.0515392	0
1184.15	0	.675948	.2720736	.05197842	0
1183.15	0	.6747997	.2727838	.05241657	0
1182.15	0	.6736552	.2734911	.05285367	0
1181.15	0	.6725147	.2741956	.05328972	0
1180.15	0	.671378	.2748973	.05372472	0
1179.15	0	.6702452	.2755962	.05415867	0
1178.15	0	.6691162	.2762922	.05459157	0
1177.15	0	.6679912	.2769854	.05502344	0
1176.15	0	.66687	.2776757	.05545427	0
1175.15	0	.6657527	.2783633	.05588406	0
1174.15	0	.6646392	.2790479	.05631282	0
1173.15	0	.6635297	.2797298	.05674056	0
1172.15	0	.6624239	.2804088	.05716727	0
1171.15	0	.661322	.281085	.05759296	0
1170.15	0	.660224	.2817584	.05801764	0
1169.15	0	.6591298	.2824289	.0584413	0
1168.15	0	.6580395	.2830966	.05886394	0
1167.15	0	.656953	.2837614	.05928558	0
1166.15	0	.6558704	.2844234	.05970621	0
1165.15	0	.6547916	.2850826	.06012584	0
1164.15	0	.6537166	.2857389	.06054447	0
1163.15	0	.6526455	.2863924	.0609621	0
1162.15	0	.6515782	.2870431	.06137874	0
1161.15	0	.6505147	.2876909	.06179439	0
1160.15	0	.6494551	.2883358	.06220905	0
1159.15	0	.6483993	.288978	.06262273	0
1158.15	0	.6473473	.2896172	.06303543	0
1157.15	0	.6462992	.2902537	.06344714	0
1156.15	0	.6452549	.2908873	.06385788	0
1155.15	0	.6442144	.291518	.06426765	0
1154.15	0	.6431776	.2921459	.06467646	0
1153.15	0	.6421448	.2927709	.06508429	0
1152.15	0	.6411157	.2933931	.06549115	0
1151.15	0	.6400905	.2940124	.06589705	0
1150.15	0	.6390691	.2946289	.06630199	0
1149.15	0	.6380515	.2952425	.06670598	0
1148.15	0	.6370378	.2958532	.06710901	0
1147.15	0	.6360278	.2964611	.06751109	0
1146.15	0	.6350216	.2970661	.06791222	0
1145.15	0	.6340193	.2976683	.0683124	0
1144.15	0	.6330208	.2982676	.06871164	0
1143.15	0	.6320261	.298864	.06910995	0
1142.15	0	.6310352	.2994575	.06950731	0
1141.15	0	.6300481	.3000482	.06990374	0
1140.15	0	.6290648	.300636	.07029923	0
1139.15	0	.6280853	.3012209	.07069379	0
1138.15	0	.6271096	.3018029	.07108743	0
1137.15	0	.6261378	.3023821	.07148014	0
1136.15	0	.6251697	.3029583	.07187193	0
1135.15	0	.6242055	.3035317	.07226279	0
1134.15	0	.6232451	.3041022	.07265274	0
1133.15	0	.6222885	.3046697	.07304177	0
1132.15	0	.6213357	.3052344	.07342989	0
1131.15	0	.6203867	.3057962	.0738171	0
1130.15	0	.6194415	.3063551	.0742034	0
1129.15	0	.6185001	.3069111	.0745888	0
1128.15	0	.6175626	.3074641	.07497329	0
1127.15	0	.6166289	.3080143	.07535687	0
1126.15	0	.6156989	.3085615	.07573956	0
1125.15	0	.6147728	.3091058	.07612135	0
1124.15	0	.6138505	.3096472	.07650225	0
1123.15	0	.6129321	.3101857	.07688225	0
1122.15	0	.6120174	.3107212	.07726137	0
1121.15	0	.6111066	.3112538	.07763959	0
1120.15	0	.6101996	.3117835	.07801693	0
1119.15	0	.6092964	.3123103	.07839339	0
1118.15	0	.608397	.312834	.07876896	0
1117.15	0	.6075015	.3133549	.07914365	0
1116.15	0	.6066098	.3138728	.07951747	0
1115.15	0	.6057219	.3143877	.07989041	0
1114.15	0	.6048378	.3148997	.08026248	0
1113.15	0	.6039576	.3154087	.08063367	0
1112.15	0	.6030812	.3159148	.08100399	0
1111.15	0	.6022087	.3164179	.08137345	0
1110.15	0	.60134	.316918	.08174204	0
1109.15	0	.6004751	.3174151	.08210977	0
1108.15	0	.5996141	.3179092	.08247664	0
1107.15	0	.598757	.3184004	.08284264	0
1106.15	0	.5979037	.3188886	.08320779	0
1105.15	0	.5970542	.3193737	.08357208	0
1104.15	0	.5962086	.3198559	.08393552	0
1103.15	0	.5953668	.3203351	.0842981	0
1102.15	0	.5945289	.3208112	.08465983	0
1101.15	0	.5936949	.3212844	.08502071	0
1100.15	0	.5928648	.3217545	.08538075	0
1099.15	0	.5920385	.3222216	.08573994	0
1098.15	0	.5912161	.3226857	.08609829	0
1097.15	0	.5903975	.3231467	.08645579	0
1096.15	0	.5895829	.3236047	.08681245	0
1095.15	0	.5887721	.3240596	.08716828	0
1094.15	0	.5879652	.3245115	.08752326	0
1093.15	0	.5871622	.3249604	.08787741	0
1092.15	0	.5863631	.3254062	.08823073	0
1091.15	0	.5855679	.3258489	.08858321	0
1090.15	0	.5847766	.3262885	.08893486	0
1089.15	0	.5839892	.3267251	.08928568	0
1088.15	0	.5832057	.3271586	.08963567	0
1087.15	0	.5824262	.327589	.08998484	0
1086.15	0	.5816505	.3280163	.09033318	0
1085.15	0	.5808788	.3284405	.09068069	0
1084.15	0	.580111	.3288616	.09102738	0
1083.15	0	.5793471	.3292796	.09137326	0
1082.15	0	.5785872	.3296945	.09171831	0
1081.15	0	.5778312	.3301062	.09206254	0
1080.15	0	.5770792	.3305149	.09240595	0
1079.15	0	.5763311	.3309204	.09274855	0
1078.15	0	.575587	.3313227	.09309033	0
1077.15	0	.5748468	.3317219	.0934313	0
1076.15	0	.5741106	.332118	.09377146	0
1075.15	0	.5733784	.3325109	.0941108	0
1074.15	0	.5726501	.3329006	.09444933	0
1073.15	0	.5719258	.3332871	.09478706	0
1072.15	0	.5712056	.3336705	.09512397	0
1071.15	0	.5704893	.3340507	.09546008	0
1070.15	0	.569777	.3344277	.09579538	0
1069.15	0	.5690687	.3348015	.09612987	0
1068.15	0	.5683644	.335172	.09646357	0
1067.15	0	.5676642	.3355394	.09679645	0
1066.15	0	.5669679	.3359036	.09712854	0
1065.15	0	.5662757	.3362645	.09745982	0
1064.15	0	.5655875	.3366222	.0977903	0
1063.15	0	.5649034	.3369766	.09811999	0
1062.15	0	.5642233	.3373278	.09844887	0
1061.15	0	.5635473	.3376758	.09877695	0
1060.15	0	.5628753	.3380204	.09910424	0
1059.15	0	.5622074	.3383619	.09943073	0
1058.15	0	.5615436	.3387	.09975642	0
1057.15	0	.5608839	.3390348	.1000813	0
1056.15	0	.5602282	.3393664	.1004054	0
1055.15	0	.5595766	.3396946	.1007287	0
1054.15	0	.5589292	.3400196	.1010512	0
1053.15	0	.5582858	.3403412	.101373	0
1052.15	0	.5576466	.3406595	.1016939	0
1051.15	0	.5570114	.3409745	.102014	0
1050.15	0	.5563805	.3412862	.1023334	0
1049.15	0	.5557536	.3415945	.1026519	0
1048.15	0	.5551309	.3418994	.1029697	0
1047.15	0	.5545124	.342201	.1032866	0
1046.15	0	.553898	.3424992	.1036028	0
1045.15	0	.5532877	.3427941	.1039182	0
1044.15	0	.5526817	.3430855	.1042328	0
1043.15	0	.5520798	.3433736	.1045466	0
1042.15	0	.5514822	.3436582	.1048596	0
1041.15	0	.5508887	.3439395	.1051719	0
1040.15	0	.5502994	.3442173	.1054833	0
1039.15	0	.5497144	.3444917	.1057939	0
1038.15	0	.5491335	.3447627	.1061038	0
1037.15	0	.5485569	.3450302	.1064129	0
1036.15	0	.5479846	.3452943	.1067211	0
1035.15	0	.5474165	.3455549	.1070286	0
1034.15	0	.5468526	.3458121	.1073353	0
1033.15	0	.546293	.3460657	.1076412	0
1032.15	0	.5457377	.3463159	.1079463	0
1031.15	0	.5451867	.3465626	.1082507	0
1030.15	0	.54464	.3468058	.1085542	0
1029.15	0	.5440975	.3470455	.108857	0
1028.15	0	.5435594	.3472817	.1091589	0
1027.15	0	.5430256	.3475143	.1094601	0
1026.15	0	.5424961	.3477434	.1097604	0
1025.15	0	.541971	.347969	.11006	0
1024.15	0	.5414502	.348191	.1103588	0
1023.15	0	.5409338	.3484095	.1106568	0
1022.15	0	.5404217	.3486244	.110954	0
1021.15	0	.539914	.3488357	.1112504	0
1020.15	0	.5394106	.3490434	.111546	0
1019.15	0	.5389117	.3492475	.1118408	0
1018.15	0	.5384172	.349448	.1121348	0
1017.15	0	.537927	.349645	.112428	0
1016.15	0	.5374413	.3498382	.1127204	0
1015.15	0	.5369601	.3500279	.113012	0
1014.15	0	.5364832	.3502139	.1133029	0
1013.15	0	.5360108	.3503963	.1135929	0
1012.15	0	.5355429	.350575	.1138821	0
1011.15	0	.5350794	.3507501	.1141705	0
1010.15	0	.5346204	.3509215	.1144581	0
1009.15	0	.5341659	.3510892	.1147448	0
1008.15	0	.5337159	.3512533	.1150308	0
1007.15	0	.5332704	.3514136	.115316	0
1006.15	0	.5328294	.3515702	.1156004	0
1005.15	0	.532393	.3517231	.1158839	0
1004.15	0	.531961	.3518724	.1161666	0
1003.15	0	.5315336	.3520178	.1164485	0
1002.15	0	.5311108	.3521596	.1167296	0
1001.15	0	.5306925	.3522976	.1170099	0
1000.15	0	.5302788	.3524318	.1172894	0
999.15	0	.5298697	.3525623	.117568	0
998.15	0	.5294652	.352689	.1178458	0
997.15	0	.5290653	.3528119	.1181228	0
996.15	0	.5286699	.3529311	.118399	0
995.15	0	.5282792	.3530465	.1186743	0
994.15	0	.5278932	.353158	.1189488	0
993.15	0	.5275118	.3532658	.1192225	0
992.15	0	.527135	.3533698	.1194953	0
991.15	0	.5267628	.3534699	.1197673	0
990.15	0	.5263954	.3535662	.1200384	0
989.15	0	.5260326	.3536587	.1203087	0
988.15	0	.5256745	.3537473	.1205782	0
987.15	0	.5253211	.3538321	.1208468	0
986.15	0	.5249724	.3539131	.1211145	0
985.15	0	.5246284	.3539902	.1213814	0
984.15	0	.5242891	.3540634	.1216474	0
983.15	0	.5239546	.3541328	.1219126	0
982.15	0	.5236248	.3541982	.122177	0
981.15	0	.5232998	.3542598	.1224404	0
980.15	0	.5229795	.3543176	.122703	0
979.15	0	.5226639	.3543714	.1229647	0
978.15	0	.5223532	.3544213	.1232255	0
977.15	0	.5220472	.3544674	.1234855	0
976.15	0	.521746	.3545095	.1237445	0
975.15	0	.5214496	.3545477	.1240027	0
974.15	0	.521158	.354582	.12426	0
973.15	0	.5208712	.3546124	.1245164	0
972.15	0	.5205892	.3546389	.1247719	0
971.15	0	.5203121	.3546614	.1250265	0
970.15	0	.5200398	.35468	.1252802	0
969.15	0	.5197723	.3546947	.125533	0
968.15	0	.5195096	.3547055	.1257849	0
967.15	0	.5192518	.3547123	.1260358	0
966.15	0	.5189989	.3547152	.1262859	0
965.15	0	.5187508	.3547142	.126535	0
964.15	0	.5185076	.3547092	.1267831	0
963.15	0	.5182693	.3547003	.1270304	0
962.15	0	.5180359	.3546875	.1272767	0
961.15	0	.5178073	.3546707	.127522	0
960.15	0	.5175836	.3546499	.1277664	0
959.15	0	.5173648	.3546253	.1280099	0
958.15	0	.5171509	.3545967	.1282524	0
957.15	0	.5169419	.3545642	.1284939	0
956.15	0	.5167378	.3545277	.1287344	0
955.15	0	.5165387	.3544874	.128974	0
954.15	0	.5163444	.3544431	.1292126	0
953.15	0	.516155	.3543949	.1294502	0
952.15	0	.5159705	.3543427	.1296868	0
951.15	0	.515791	.3542867	.1299224	0
950.15	0	.5156163	.3542267	.130157	0
949.15	0	.5154466	.3541629	.1303905	0
948.15	0	.5152818	.3540952	.1306231	0
947.15	0	.5151219	.3540235	.1308546	0
946.15	0	.5149669	.353948	.1310851	0
945.15	0	.5148168	.3538687	.1313146	0
944.15	0	.5146716	.3537854	.131543	0
943.15	0	.5145313	.3536984	.1317703	0
942.15	0	.5143959	.3536074	.1319966	0
941.15	0	.5142655	.3535127	.1322218	0
940.15	0	.5141399	.3534142	.132446	0
939.15	0	.5140192	.3533118	.132669	0
938.15	0	.5139034	.3532056	.132891	0
937.15	0	.5137924	.3530957	.1331119	0
936.15	0	.5136864	.352982	.1333316	0
935.15	0	.5135852	.3528646	.1335502	0
934.15	0	.5134888	.3527435	.1337677	0
933.15	0	.5133973	.3526186	.1339841	0
932.15	0	.5133106	.3524901	.1341993	0
931.15	0	.5132288	.3523578	.1344134	0
930.15	0	.5131517	.352222	.1346263	0
929.15	0	.5130795	.3520825	.134838	0
928.15	0	.513012	.3519394	.1350486	0
927.15	0	.5129494	.3517927	.1352579	0
926.15	0	.5128915	.3516425	.1354661	0
925.15	0	.5128383	.3514887	.135673	0
924.15	0	.5127898	.3513314	.1358787	0
923.15	0	.5127461	.3511707	.1360832	0
922.15	0	.512707	.3510065	.1362864	0
921.15	0	.5126727	.3508389	.1364884	0
920.15	0	.5126429	.350668	.1366891	0
919.15	0	.5126178	.3504937	.1368885	0
918.15	0	.5125973	.350316	.1370866	0
917.15	0	.5125814	.3501352	.1372834	0
916.15	0	.51257	.349951	.1374789	0
915.15	0	.5125632	.3497637	.1376731	0
914.15	0	.5125609	.3495732	.1378659	0
913.15	0	.512563	.3493796	.1380574	0
912.15	0	.5125696	.349183	.1382475	0
911.15	0	.5125806	.3489833	.1384362	0
910.15	0	.5125959	.3487806	.1386235	0
909.15	0	.5126156	.3485751	.1388093	0
908.15	0	.5126396	.3483666	.1389938	0
907.15	0	.5126679	.3481554	.1391768	0
906.15	0	.5127004	.3479413	.1393583	0
905.15	0	.512737	.3477246	.1395384	0
904.15	0	.5127778	.3475052	.1397169	0
903.15	0	.5128228	.3472833	.139894	0
902.15	0	.5128717	.3470588	.1400695	0
901.15	0	.5129247	.3468318	.1402435	0
900.15	0	.5129816	.3466025	.1404159	0
899.15	0	.5130424	.3463709	.1405867	0
898.15	0	.5131071	.346137	.1407559	0
897.15	0	.5131755	.3459009	.1409235	0
896.15	0	.5132477	.3456628	.1410895	0
895.15	0	.5133236	.3454227	.1412538	0
894.15	0	.5134031	.3451806	.1414163	0
893.15	0	.5134861	.3449367	.1415772	0
892.15	0	.5135726	.344691	.1417364	0
891.15	0	.5136625	.3444437	.1418938	0
890.15	0	.5137557	.3441948	.1420494	0
889.15	0	.5138522	.3439445	.1422033	0
888.15	0	.5139519	.3436928	.1423553	0
887.15	0	.5140547	.3434399	.1425055	0
886.15	0	.5141605	.3431858	.1426537	0
885.15	0	.5142692	.3429307	.1428001	0
884.15	0	.5143808	.3426747	.1429446	0
883.15	0	.5144951	.3424179	.143087	0
882.15	0	.5146121	.3421604	.1432275	0
881.15	0	.5147316	.3419024	.143366	0
880.15	0	.5148536	.341644	.1435024	0
879.15	0	.5149779	.3413853	.1436368	0
878.15	0	.5151045	.3411265	.143769	0
877.15	0	.5152332	.3408678	.143899	0
876.15	0	.5153639	.3406092	.1440269	0
875.15	0	.5154964	.340351	.1441526	0
874.15	0	.5156307	.3400933	.1442759	0
873.15	0	.5157666	.3398364	.144397	0
872.15	0	.515904	.3395802	.1445157	0
871.15	0	.5160427	.3393252	.1446321	0
870.15	0	.5161827	.3390714	.144746	0
869.15	0	.5163236	.3388191	.1448574	0
868.15	0	.5164654	.3385684	.1449663	0
867.15	0	.5166079	.3383196	.1450725	0
866.15	0	.5167509	.3380729	.1451762	0
865.15	0	.5168942	.3378286	.1452772	0
864.15	0	.5170377	.3375869	.1453754	0
863.15	0	.5171812	.3373481	.1454708	0
862.15	0	.5173243	.3371124	.1455633	0
861.15	0	.517467	.3368801	.1456529	0
860.15	0	.517609	.3366515	.1457395	0
859.15	0	.51775	.336427	.145823	0
858.15	0	.5178899	.3362068	.1459033	0
857.15	0	.5180283	.3359914	.1459804	0
856.15	0	.5181649	.335781	.1460541	0
855.15	0	.5182995	.335576	.1461244	0
854.15	0	.5184318	.335377	.1461912	0
853.15	0	.5185614	.3351842	.1462544	0
852.15	0	.518688	.3349982	.1463138	0
851.15	0	.5188112	.3348194	.1463694	0
850.15	0	.5189307	.3346483	.146421	0
849.15	0	.5190459	.3344855	.1464685	0
848.15	0	.5191566	.3343317	.1465118	0
847.15	0	.5192621	.3341873	.1465506	0
846.15	0	.5193621	.3340531	.1465848	0
845.15	0	.5194559	.3339298	.1466143	0
844.15	0	.5195429	.3338182	.1466389	0
843.15	0	.5196226	.3337191	.1466583	0
842.15	0	.5196943	.3336334	.1466723	0
841.15	0	.5197571	.3335622	.1466807	0
840.15	0	.5197793	.3335459	.1466748	0
839.15	0	.519433	.3340027	.1465643	0
838.15	0	.5191424	.334395	.1464626	0
837.15	0	.5189019	.3347296	.1463686	0
836.15	0	.5187064	.3350124	.1462811	0
835.15	0	.5185519	.3352485	.1461996	0
834.15	0	.5184345	.3354422	.1461233	0
833.15	0	.5183509	.3355975	.1460516	0
832.15	0	.5182984	.3357177	.145984	0
831.15	0	.5182741	.3358058	.1459201	0
830.15	0	.5182759	.3358646	.1458596	0
829.15	0	.5183015	.3358965	.145802	0
828.15	0	.5183492	.3359037	.1457472	0
827.15	0	.518417	.3358882	.1456948	0
826.15	0	.5185035	.3358518	.1456447	0
825.15	0	.5186072	.3357963	.1455966	0
824.15	0	.5187267	.335723	.1455503	0
823.15	0	.5188608	.3356334	.1455058	0
822.15	0	.5190084	.3355288	.1454628	0
821.15	0	.5191685	.3354103	.1454212	0
820.15	0	.51934	.3352791	.1453809	0
819.15	0	.5195221	.3351361	.1453418	0
818.15	0	.5197139	.3349823	.1453038	0
817.15	0	.5199147	.3348185	.1452668	0
816.15	0	.5201237	.3346456	.1452307	0
815.15	0	.5203402	.3344643	.1451955	0
814.15	0	.5205636	.3342753	.1451611	0
813.15	0	.5207934	.3340792	.1451274	0
812.15	0	.521029	.3338767	.1450944	0
811.15	0	.5212698	.3336682	.1450619	0
810.15	0	.5215154	.3334545	.1450301	0
809.15	0	.5217654	.3332359	.1449987	0
808.15	0	.5220193	.3330129	.1449679	0
807.15	0	.5222767	.3327859	.1449374	0
806.15	0	.5225372	.3325554	.1449074	0
805.15	0	.5228005	.3323217	.1448778	0
804.15	0	.5230663	.3320852	.1448485	0
803.15	0	.5233343	.3318462	.1448195	0
802.15	0	.5236041	.331605	.1447909	0
801.15	0	.5238755	.331362	.1447625	0
800.15	0	.5241483	.3311173	.1447343	0
799.15	0	.5244222	.3308714	.1447064	0
798.15	0	.524697	.3306243	.1446787	0
797.15	0	.5249725	.3303763	.1446512	0
796.15	0	.5252485	.3301277	.1446238	0
795.15	0	.5255248	.3298786	.1445966	0
794.15	0	.5258012	.3296293	.1445696	0
793.15	0	.5260775	.3293799	.1445426	0
792.15	0	.5263537	.3291305	.1445158	0
791.15	0	.5266295	.3288813	.1444891	0
790.15	0	.5269049	.3286326	.1444625	0
789.15	0	.5271797	.3283843	.144436	0
788.15	0	.5274538	.3281366	.1444096	0
787.15	0	.5277271	.3278897	.1443832	0
786.15	0	.5279995	.3276437	.1443569	0
785.15	0	.5282708	.3273986	.1443306	0
784.15	0	.5285411	.3271545	.1443044	0
783.15	0	.5288101	.3269116	.1442782	0
782.15	0	.529078	.32667	.1442521	0
781.15	0	.5293444	.3264297	.1442259	0
780.15	0	.5296095	.3261907	.1441998	0
779.15	0	.5298731	.3259532	.1441737	0
778.15	0	.5301352	.3257172	.1441476	0
777.15	0	.5303957	.3254828	.1441215	0
776.15	0	.5306546	.3252499	.1440954	0
775.15	0	.5309119	.3250188	.1440693	0
774.15	0	.5311674	.3247894	.1440432	0
773.15	0	.5314212	.3245617	.1440171	0
772.15	0	.5316732	.3243359	.143991	0
771.15	0	.5319234	.3241119	.1439648	0
770.15	0	.5321717	.3238897	.1439386	0
769.15	0	.5324182	.3236695	.1439124	0
768.15	0	.5326627	.3234511	.1438861	0
767.15	0	.5329054	.3232347	.1438599	0
766.15	0	.5331461	.3230203	.1438336	0
765.15	0	.5333849	.3228079	.1438072	0
764.15	0	.5336217	.3225975	.1437808	0
763.15	0	.5338565	.3223891	.1437544	0
762.15	0	.5340894	.3221827	.143728	0
761.15	0	.5343202	.3219784	.1437014	0
760.15	0	.534549	.3217761	.1436749	0
759.15	0	.5347758	.3215759	.1436483	0
758.15	0	.5350006	.3213777	.1436216	0
757.15	0	.5352234	.3211817	.1435949	0
756.15	0	.5354441	.3209877	.1435682	0
755.15	0	.5356628	.3207958	.1435414	0
754.15	0	.5358795	.320606	.1435145	0
753.15	0	.5360942	.3204182	.1434876	0
752.15	0	.5363068	.3202325	.1434607	0
751.15	0	.5365174	.3200489	.1434336	0
750.15	0	.536726	.3198674	.1434065	0
749.15	0	.5369326	.319688	.1433794	0
748.15	0	.5371372	.3195106	.1433522	0
747.15	0	.5373398	.3193353	.143325	0
746.15	0	.5375403	.319162	.1432977	0
745.15	0	.5377389	.3189908	.1432703	0
744.15	0	.5379355	.3188216	.1432428	0
743.15	0	.5381302	.3186545	.1432153	0
742.15	0	.5383229	.3184894	.1431878	0
741.15	0	.5385136	.3183263	.1431602	0
740.15	0	.5387024	.3181652	.1431325	0
739.15	0	.5388892	.3180061	.1431047	0
738.15	0	.5390773	.3178466	.1430761	0
737.15	0	.53926	.3176917	.1430483	0
736.15	0	.5394409	.3175386	.1430204	0
735.15	0	.53962	.3173876	.1429925	0
734.15	0	.5397971	.3172384	.1429645	0
733.15	0	.5399724	.3170912	.1429364	0
732.15	0	.5401459	.3169458	.1429083	0
731.15	0	.5403176	.3168024	.1428801	0
730.15	0	.5404874	.3166608	.1428518	0
729.15	0	.5406555	.3165211	.1428234	0
728.15	0	.5408217	.3163833	.142795	0
727.15	0	.5409862	.3162472	.1427666	0
726.15	0	.5411489	.3161131	.142738	0
725.15	0	.5413099	.3159807	.1427094	0
724.15	0	.5414691	.3158501	.1426808	0
723.15	0	.5416266	.3157213	.142652	0
722.15	0	.5417824	.3155943	.1426232	0
721.15	0	.5419365	.3154691	.1425944	0
720.15	0	.542089	.3153456	.1425655	0
719.15	0	.5422397	.3152238	.1425365	0
718.15	0	.5423888	.3151037	.1425074	0
717.15	0	.5425363	.3149854	.1424783	0
716.15	0	.5426821	.3148687	.1424492	0
715.15	0	.5428264	.3147537	.1424199	0
714.15	0	.542969	.3146404	.1423906	0
713.15	0	.5431101	.3145287	.1423613	0
712.15	0	.5432495	.3144186	.1423319	0
711.15	0	.5433874	.3143102	.1423024	0
710.15	0	.5435238	.3142033	.1422729	0
709.15	0	.5436587	.3140981	.1422433	0
708.15	0	.543792	.3139944	.1422136	0
707.15	0	.5439238	.3138923	.1421839	0
706.15	0	.5440541	.3137917	.1421541	0
705.15	0	.544183	.3136927	.1421243	0
704.15	0	.5443104	.3135952	.1420944	0
703.15	0	.5444363	.3134992	.1420645	0
702.15	0	.5445608	.3134047	.1420345	0
701.15	0	.5446839	.3133116	.1420045	0
700.15	0	.5448056	.3132201	.1419743	0
699.15	0	.5449259	.3131299	.1419442	0
698.15	0	.5450448	.3130412	.141914	0
697.15	0	.5451623	.312954	.1418837	0
696.15	0	.5452785	.3128681	.1418534	0
695.15	0	.5453933	.3127837	.141823	0
694.15	0	.5455068	.3127006	.1417926	0
693.15	0	.545619	.3126189	.1417621	0
692.15	0	.5457299	.3125385	.1417316	0
691.15	0	.5458395	.3124595	.141701	0
690.15	0	.5459478	.3123818	.1416704	0
689.15	0	.5460548	.3123054	.1416398	0
688.15	0	.5461606	.3122304	.141609	0
687.15	0	.5462651	.3121566	.1415783	0
686.15	0	.5463685	.3120841	.1415474	0
685.15	0	.5464705	.3120129	.1415166	0
684.15	0	.5465714	.3119429	.1414857	0
683.15	0	.5466711	.3118742	.1414547	0
682.15	0	.5467696	.3118067	.1414237	0
681.15	0	.5468669	.3117403	.1413927	0
680.15	0	.5469631	.3116753	.1413616	0
679.15	0	.5470581	.3116114	.1413305	0
678.15	0	.547152	.3115486	.1412993	0
677.15	0	.5472448	.3114871	.1412681	0
676.15	0	.5473364	.3114267	.1412369	0
675.15	0	.547427	.3113674	.1412056	0
674.15	0	.5475164	.3113093	.1411743	0
673.15	0	.5476048	.3112523	.1411429	0
672.15	0	.5476921	.3111964	.1411115	0
671.15	0	.5477783	.3111416	.14108	0
670.15	0	.5478635	.3110879	.1410486	0
669.15	0	.5479477	.3110353	.141017	0
668.15	0	.5480308	.3109837	.1409855	0
667.15	0	.5481129	.3109332	.1409539	0
666.15	0	.548194	.3108838	.1409223	0
665.15	0	.5482741	.3108353	.1408906	0
664.15	0	.5483532	.3107879	.1408589	0
663.15	0	.5484313	.3107415	.1408272	0
662.15	0	.5485085	.3106961	.1407954	0
661.15	0	.5485847	.3106517	.1407636	0
660.15	0	.5486599	.3106083	.1407318	0
659.15	0	.5487342	.3105658	.1407	0
658.15	0	.5488076	.3105243	.1406681	0
657.15	0	.5488801	.3104837	.1406362	0
656.15	0	.5489516	.3104441	.1406043	0
655.15	0	.5490223	.3104054	.1405723	0
654.15	0	.549092	.3103677	.1405403	0
653.15	0	.5491609	.3103308	.1405083	0
652.15	0	.5492289	.3102949	.1404763	0
651.15	0	.549296	.3102598	.1404442	0
650.15	0	.5493623	.3102256	.1404121	0
649.15	0	.5494277	.3101923	.14038	0
648.15	0	.5494923	.3101598	.1403479	0
647.15	0	.549556	.3101282	.1403157	0
646.15	0	.549619	.3100975	.1402835	0
645.15	0	.5496811	.3100676	.1402513	0
644.15	0	.5497424	.3100385	.1402191	0
643.15	0	.5498029	.3100102	.1401869	0
642.15	0	.5498626	.3099828	.1401546	0
641.15	0	.5499215	.3099561	.1401223	0
640.15	0	.5499797	.3099302	.1400901	0
639.15	0	.5500371	.3099052	.1400577	0
638.15	0	.5500937	.3098808	.1400254	0
637.15	0	.5501496	.3098573	.1399931	0
636.15	0	.5502048	.3098345	.1399607	0
635.15	0	.5502592	.3098125	.1399284	0
634.15	0	.5503128	.3097912	.139896	0
633.15	0	.5503658	.3097706	.1398636	0
632.15	0	.550418	.3097508	.1398312	0
631.15	0	.5504696	.3097317	.1397987	0
630.15	0	.5505204	.3097133	.1397663	0
629.15	0	.5505706	.3096956	.1397339	0
628.15	0	.55062	.3096786	.1397014	0
627.15	0	.5506688	.3096622	.139669	0
626.15	0	.5507169	.3096466	.1396365	0
625.15	0	.5507643	.3096316	.1396041	0
624.15	0	.5508111	.3096173	.1395716	0
623.15	0	.5508572	.3096037	.1395391	0
622.15	0	.5509027	.3095907	.1395066	0
621.15	0	.5509476	.3095783	.1394741	0
620.15	0	.5509918	.3095666	.1394416	0
619.15	0	.5510354	.3095555	.1394091	0
618.15	0	.5510784	.309545	.1393766	0
617.15	0	.5511207	.3095352	.1393441	0
616.15	0	.5511625	.3095259	.1393116	0
615.15	0	.5512036	.3095173	.1392791	0
614.15	0	.5512442	.3095092	.1392466	0
613.15	0	.5512842	.3095017	.1392141	0
612.15	0	.5513236	.3094948	.1391816	0
611.15	0	.5513624	.3094885	.1391491	0
610.15	0	.5514006	.3094828	.1391166	0
609.15	0	.5514383	.3094776	.1390841	0
608.15	0	.5514754	.309473	.1390516	0
607.15	0	.551512	.3094689	.1390192	0
606.15	0	.551548	.3094653	.1389867	0
605.15	0	.5515835	.3094623	.1389542	0
604.15	0	.5516184	.3094598	.1389218	0
603.15	0	.5516528	.3094579	.1388893	0
602.15	0	.5516867	.3094564	.1388569	0
601.15	0	.5517201	.3094555	.1388244	0
600.15	0	.5517529	.3094551	.138792	0
599.15	0	.5517853	.3094551	.1387596	0
598.15	0	.5518171	.3094557	.1387272	0
597.15	0	.5518484	.3094568	.1386948	0
596.15	0	.5518793	.3094583	.1386624	0
595.15	0	.5519096	.3094603	.1386301	0
594.15	0	.5519395	.3094628	.1385977	0
593.15	0	.5519689	.3094657	.1385654	0
592.15	0	.5519978	.3094691	.1385331	0
591.15	0	.5520263	.309473	.1385008	0
590.15	0	.5520542	.3094773	.1384685	0
589.15	0	.5520818	.309482	.1384362	0
588.15	0	.5521088	.3094872	.138404	0
587.15	0	.5521354	.3094928	.1383718	0
586.15	0	.5521616	.3094988	.1383396	0
585.15	0	.5521873	.3095053	.1383074	0
584.15	0	.5522126	.3095121	.1382752	0
583.15	0	.5522375	.3095194	.1382431	0
582.15	0	.5522619	.3095271	.138211	0
581.15	0	.552286	.3095352	.1381789	0
580.15	0	.5523095	.3095437	.1381468	0
579.15	0	.5523327	.3095525	.1381147	0
578.15	0	.5523555	.3095618	.1380827	0
577.15	0	.5523778	.3095714	.1380507	0
576.15	0	.5523998	.3095814	.1380188	0
575.15	0	.5524214	.3095918	.1379868	0
574.15	0	.5524425	.3096026	.1379549	0
573.15	0	.5524633	.3096137	.137923	0
572.15	0	.5524837	.3096251	.1378912	0
571.15	0	.5525037	.3096369	.1378594	0
570.15	0	.5525234	.3096491	.1378276	0
569.15	0	.5525426	.3096616	.1377958	0
568.15	0	.5525615	.3096744	.1377641	0
567.15	0	.55258	.3096876	.1377324	0
566.15	0	.5525982	.3097011	.1377007	0
565.15	0	.552616	.3097149	.1376691	0
564.15	0	.5526335	.309729	.1376375	0
563.15	0	.5526506	.3097435	.1376059	0
562.15	0	.5526673	.3097582	.1375744	0
561.15	0	.5526838	.3097733	.1375429	0
560.15	0	.5526998	.3097887	.1375115	0
559.15	0	.5527156	.3098043	.1374801	0
558.15	0	.552731	.3098203	.1374487	0
557.15	0	.552746	.3098365	.1374174	0
556.15	0	.5527608	.3098531	.1373861	0
555.15	0	.5527752	.3098699	.1373549	0
554.15	0	.5527893	.309887	.1373237	0
553.15	0	.5528031	.3099044	.1372925	0
552.15	0	.5528166	.309922	.1372614	0
551.15	0	.5528298	.3099399	.1372303	0
550.15	0	.5528427	.309958	.1371993	0
549.15	0	.5528552	.3099765	.1371683	0
548.15	0	.5528675	.3099951	.1371374	0
547.15	0	.5528795	.310014	.1371065	0
546.15	0	.5528912	.3100332	.1370756	0
545.15	0	.5529026	.3100526	.1370448	0
544.15	0	.5529137	.3100722	.1370141	0
543.15	0	.5529245	.3100921	.1369834	0
542.15	0	.5529351	.3101122	.1369528	0
541.15	0	.5529453	.3101325	.1369222	0
540.15	0	.5529553	.3101531	.1368916	0
539.15	0	.552965	.3101738	.1368611	0
538.15	0	.5529745	.3101948	.1368307	0
537.15	0	.5529837	.310216	.1368003	0
536.15	0	.5529926	.3102374	.13677	0
535.15	0	.5530013	.310259	.1367397	0
534.15	0	.5530097	.3102808	.1367094	0
533.15	0	.5530179	.3103028	.1366793	0
532.15	0	.5530258	.310325	.1366492	0
531.15	0	.5530335	.3103474	.1366191	0
530.15	0	.5530409	.31037	.1365891	0
529.15	0	.5530481	.3103927	.1365592	0
528.15	0	.553055	.3104157	.1365293	0
527.15	0	.5530617	.3104388	.1364995	0
526.15	0	.5530682	.3104621	.1364697	0
525.15	0	.5530744	.3104855	.13644	0
524.15	0	.5530805	.3105091	.1364104	0
523.15	0	.5530862	.3105329	.1363808	0
522.15	0	.5530918	.3105569	.1363513	0
521.15	0	.5530971	.310581	.1363219	0
520.15	0	.5531023	.3106053	.1362925	0
519.15	0	.5531072	.3106297	.1362632	0
518.15	0	.5531119	.3106542	.1362339	0
517.15	0	.5531164	.3106789	.1362047	0
516.15	0	.5531206	.3107038	.1361756	0
515.15	0	.5531247	.3107287	.1361466	0
514.15	0	.5531286	.3107539	.1361176	0
513.15	0	.5531322	.3107791	.1360887	0
512.15	0	.5531357	.3108045	.1360598	0
511.15	0	.5531389	.31083	.136031	0
510.15	0	.553142	.3108557	.1360023	0
509.15	0	.5531449	.3108814	.1359737	0
508.15	0	.5531476	.3109073	.1359451	0
507.15	0	.5531501	.3109333	.1359166	0
506.15	0	.5531524	.3109594	.1358882	0
505.15	0	.5531545	.3109856	.1358599	0
504.15	0	.5531565	.3110119	.1358316	0
503.15	0	.5531583	.3110383	.1358034	0
502.15	0	.5531599	.3110648	.1357753	0
501.15	0	.5531613	.3110914	.1357473	0
500.15	0	.5531626	.3111181	.1357193	0
499.15	0	.5531636	.311145	.1356914	0
498.15	0	.5531645	.3111719	.1356636	0
497.15	0	.5531653	.3111988	.1356359	0
496.15	0	.5531659	.3112259	.1356082	0
495.15	0	.5531663	.3112531	.1355806	0
494.15	0	.5531666	.3112803	.1355531	0
493.15	0	.5531667	.3113076	.1355257	0
492.15	0	.5531666	.311335	.1354984	0
491.15	0	.5531664	.3113624	.1354712	0
490.15	0	.5531662	.31139	.1354438	0
489.15	0	.5531657	.3114175	.1354167	0
488.3386	0	.5531652	.31144	.1353948	0
488.3386	0	.5531652	.31144	.1353948	0
488.3386	0	.5531652	.31144	.1353948	0
488.15	0	.55322	.311322	.135331	1.269727E-04
487.15	0	.5535094	.310698	.1349936	7.990296E-04
486.15	0	.5537972	.3100763	.1346571	.001469383
485.15	0	.5540835	.309457	.1343215	.002138047
484.15	0	.5543682	.3088399	.1339868	.002805038
483.15	0	.5546515	.3082251	.133653	.00347037
482.15	0	.5549333	.3076125	.1333201	.004134059
481.15	0	.5552136	.3070022	.1329882	.004796118
480.15	0	.5554924	.3063939	.1326571	.005456563
479.15	0	.5557698	.3057879	.1323269	.006115407
478.15	0	.5560458	.3051839	.1319976	.006772665
477.15	0	.5563205	.3045821	.1316691	.00742835
476.15	0	.5565937	.3039823	.1313415	.008082478
475.15	0	.5568656	.3033846	.1310148	.008735061
474.15	0	.5571362	.3027888	.1306889	.009386114
473.15	0	.5574054	.3021951	.1303638	.01003565
472.15	0	.5576734	.3016033	.1300396	.01068368
471.15	0	.55794	.3010135	.1297162	.01133022
470.15	0	.5582054	.3004256	.1293937	.01197529
469.15	0	.5584696	.2998396	.1290719	.01261888
468.15	0	.5587325	.2992554	.128751	.01326103
467.15	0	.5589942	.2986731	.1284309	.01390174
466.15	0	.5592547	.2980927	.1281116	.01454102
465.15	0	.5595141	.297514	.127793	.01517889
464.15	0	.5597722	.2969371	.1274753	.01581536
463.15	0	.5600292	.296362	.1271583	.01645044
462.15	0	.5602851	.2957886	.1268421	.01708415
461.15	0	.5605399	.2952169	.1265267	.01771649
460.15	0	.5607935	.2946469	.1262121	.01834747
459.15	0	.5610461	.2940786	.1258982	.01897712
458.15	0	.5612976	.2935119	.125585	.01960543
457.15	0	.5615481	.2929469	.1252727	.02023243
456.15	0	.5617974	.2923834	.124961	.02085813
455.15	0	.5620458	.2918216	.1246501	.02148253
454.15	0	.5622932	.2912613	.1243399	.02210564
453.15	0	.5625395	.2907025	.1240305	.02272749
452.15	0	.5627849	.2901453	.1237218	.02334807
451.15	0	.5630292	.2895896	.1234138	.02396741
450.15	0	.5632727	.2890354	.1231065	.0245855
449.15	0	.5635152	.2884826	.1227999	.02520238
448.15	0	.5637568	.2879312	.122494	.02581805
447.15	0	.5639975	.2873812	.1221888	.02643252
446.15	0	.5642372	.2868326	.1218844	.02704579
445.15	0	.5644761	.2862854	.1215806	.02765788
444.15	0	.5647142	.2857396	.1212775	.0282688
443.15	0	.5649513	.285195	.1209751	.02887856
442.15	0	.5651877	.2846518	.1206733	.02948718
441.15	0	.5654232	.2841098	.1203723	.03009466
440.15	0	.5656579	.2835692	.1200719	.03070102
439.15	0	.5658919	.2830297	.1197722	.03130626
438.15	0	.566125	.2824914	.1194731	.0319104
437.15	0	.5663574	.2819544	.1191747	.03251345
436.15	0	.5665891	.2814185	.118877	.03311542
435.15	0	.56682	.2808838	.1185799	.03371632
434.15	0	.5670502	.2803502	.1182835	.03431615
433.15	0	.5672797	.2798177	.1179877	.03491494
432.15	0	.5675085	.2792863	.1176925	.03551268
431.15	0	.5677366	.278756	.117398	.03610939
430.15	0	.5679641	.2782267	.1171042	.03670508
429.15	0	.5681909	.2776985	.1168109	.03729976
428.15	0	.568417	.2771713	.1165183	.03789344
