T	 BPW(LIQUID)	BPW(BCC_A2)	BPW(FCC_A1)	BPW(LAVES_PHASE_C14)	BPW(NI3TI)
1473.15	0	1	0	0	0
1472.15	0	1	0	0	0
1471.15	0	1	0	0	0
1470.15	0	1	0	0	0
1469.15	0	1	0	0	0
1468.15	0	1	0	0	0
1467.15	0	1	0	0	0
1466.15	0	1	0	0	0
1465.15	0	1	0	0	0
1464.15	0	1	0	0	0
1463.15	0	1	0	0	0
1462.15	0	1	0	0	0
1461.15	0	1	0	0	0
1460.15	0	1	0	0	0
1459.15	0	1	0	0	0
1458.15	0	1	0	0	0
1457.15	0	1	0	0	0
1456.15	0	1	0	0	0
1455.15	0	1	0	0	0
1454.15	0	1	0	0	0
1453.15	0	1	0	0	0
1452.15	0	1	0	0	0
1451.15	0	1	0	0	0
1450.15	0	1	0	0	0
1449.15	0	1	0	0	0
1448.15	0	1	0	0	0
1447.15	0	1	0	0	0
1446.15	0	1	0	0	0
1445.15	0	1	0	0	0
1444.15	0	1	0	0	0
1443.15	0	1	0	0	0
1442.15	0	1	0	0	0
1441.15	0	1	0	0	0
1440.15	0	1	0	0	0
1439.15	0	1	0	0	0
1438.15	0	1	0	0	0
1437.15	0	1	0	0	0
1436.15	0	1	0	0	0
1435.15	0	1	0	0	0
1434.15	0	1	0	0	0
1433.15	0	1	0	0	0
1432.15	0	1	0	0	0
1431.15	0	1	0	0	0
1430.15	0	1	0	0	0
1429.15	0	1	0	0	0
1428.15	0	1	0	0	0
1427.15	0	1	0	0	0
1426.15	0	1	0	0	0
1425.15	0	1	0	0	0
1424.15	0	1	0	0	0
1423.15	0	1	0	0	0
1422.15	0	1	0	0	0
1421.15	0	1	0	0	0
1420.15	0	1	0	0	0
1419.15	0	1	0	0	0
1418.15	0	1	0	0	0
1417.15	0	1	0	0	0
1416.15	0	1	0	0	0
1415.15	0	1	0	0	0
1414.15	0	1	0	0	0
1413.15	0	1	0	0	0
1412.15	0	1	0	0	0
1411.15	0	1	0	0	0
1410.15	0	1	0	0	0
1409.15	0	1	0	0	0
1408.15	0	1	0	0	0
1407.15	0	1	0	0	0
1406.15	0	1	0	0	0
1405.15	0	1	0	0	0
1404.15	0	1	0	0	0
1403.15	0	1	0	0	0
1402.15	0	1	0	0	0
1401.15	0	1	0	0	0
1400.15	0	1	0	0	0
1399.15	0	1	0	0	0
1398.15	0	1	0	0	0
1397.15	0	1	0	0	0
1396.15	0	1	0	0	0
1395.15	0	1	0	0	0
1394.15	0	1	0	0	0
1393.15	0	1	0	0	0
1392.15	0	1	0	0	0
1391.15	0	1	0	0	0
1390.15	0	1	0	0	0
1389.15	0	1	0	0	0
1388.15	0	1	0	0	0
1387.15	0	1	0	0	0
1386.15	0	1	0	0	0
1385.15	0	1	0	0	0
1384.15	0	1	0	0	0
1383.15	0	1	0	0	0
1382.15	0	1	0	0	0
1381.15	0	1	0	0	0
1380.15	0	1	0	0	0
1379.15	0	1	0	0	0
1378.15	0	1	0	0	0
1377.15	0	1	0	0	0
1376.15	0	1	0	0	0
1375.15	0	1	0	0	0
1374.15	0	1	0	0	0
1373.15	0	1	0	0	0
1372.15	0	1	0	0	0
1371.15	0	1	0	0	0
1370.15	0	1	0	0	0
1369.15	0	1	0	0	0
1368.15	0	1	0	0	0
1367.15	0	1	0	0	0
1366.15	0	1	0	0	0
1365.15	0	1	0	0	0
1364.15	0	1	0	0	0
1363.15	0	1	0	0	0
1362.15	0	1	0	0	0
1361.15	0	1	0	0	0
1360.15	0	1	0	0	0
1359.15	0	1	0	0	0
1358.15	0	1	0	0	0
1357.15	0	1	0	0	0
1356.15	0	1	0	0	0
1355.15	0	1	0	0	0
1354.15	0	1	0	0	0
1353.15	0	1	0	0	0
1352.15	0	1	0	0	0
1351.15	0	1	0	0	0
1350.15	0	1	0	0	0
1349.15	0	1	0	0	0
1348.15	0	1	0	0	0
1347.15	0	1	0	0	0
1346.15	0	1	0	0	0
1345.15	0	1	0	0	0
1344.15	0	1	0	0	0
1343.15	0	1	0	0	0
1342.15	0	1	0	0	0
1341.15	0	1	0	0	0
1340.15	0	1	0	0	0
1339.15	0	1	0	0	0
1338.15	0	1	0	0	0
1337.15	0	1	0	0	0
1336.15	0	1	0	0	0
1335.15	0	1	0	0	0
1334.15	0	1	0	0	0
1333.15	0	1	0	0	0
1332.15	0	1	0	0	0
1331.15	0	1	0	0	0
1330.15	0	1	0	0	0
1329.15	0	1	0	0	0
1328.15	0	1	0	0	0
1327.15	0	1	0	0	0
1326.15	0	1	0	0	0
1325.15	0	1	0	0	0
1324.15	0	1	0	0	0
1323.15	0	1	0	0	0
1322.15	0	1	0	0	0
1321.15	0	1	0	0	0
1320.15	0	1	0	0	0
1319.15	0	1	0	0	0
1318.15	0	1	0	0	0
1317.15	0	1	0	0	0
1316.15	0	1	0	0	0
1315.15	0	1	0	0	0
1314.15	0	1	0	0	0
1313.15	0	1	0	0	0
1312.15	0	1	0	0	0
1311.15	0	1	0	0	0
1310.15	0	1	0	0	0
1309.15	0	1	0	0	0
1308.15	0	1	0	0	0
1307.15	0	1	0	0	0
1306.15	0	1	0	0	0
1305.15	0	1	0	0	0
1304.15	0	1	0	0	0
1303.15	0	1	0	0	0
1302.15	0	1	0	0	0
1301.15	0	1	0	0	0
1300.15	0	1	0	0	0
1299.15	0	1	0	0	0
1298.15	0	1	0	0	0
1297.15	0	1	0	0	0
1296.15	0	1	0	0	0
1295.15	0	1	0	0	0
1294.15	0	1	0	0	0
1293.15	0	1	0	0	0
1292.15	0	1	0	0	0
1291.15	0	1	0	0	0
1290.15	0	1	0	0	0
1289.15	0	1	0	0	0
1288.15	0	1	0	0	0
1287.15	0	1	0	0	0
1286.15	0	1	0	0	0
1285.15	0	1	0	0	0
1284.15	0	1	0	0	0
1283.15	0	1	0	0	0
1282.15	0	1	0	0	0
1281.15	0	1	0	0	0
1280.15	0	1	0	0	0
1279.15	0	1	0	0	0
1278.15	0	1	0	0	0
1277.15	0	1	0	0	0
1276.15	0	1	0	0	0
1275.15	0	1	0	0	0
1274.15	0	1	0	0	0
1273.15	0	1	0	0	0
1272.15	0	1	0	0	0
1271.15	0	1	0	0	0
1270.15	0	1	0	0	0
1269.15	0	1	0	0	0
1268.15	0	1	0	0	0
1267.15	0	1	0	0	0
1266.15	0	1	0	0	0
1265.15	0	1	0	0	0
1264.15	0	1	0	0	0
1263.15	0	1	0	0	0
1262.15	0	1	0	0	0
1261.15	0	1	0	0	0
1260.15	0	1	0	0	0
1259.15	0	1	0	0	0
1258.15	0	1	0	0	0
1257.15	0	1	0	0	0
1256.15	0	1	0	0	0
1255.15	0	1	0	0	0
1254.15	0	1	0	0	0
1253.15	0	1	0	0	0
1252.15	0	1	0	0	0
1251.15	0	1	0	0	0
1250.15	0	1	0	0	0
1249.15	0	1	0	0	0
1248.15	0	1	0	0	0
1247.15	0	1	0	0	0
1246.15	0	1	0	0	0
1245.15	0	1	0	0	0
1244.15	0	1	0	0	0
1243.15	0	1	0	0	0
1242.15	0	1	0	0	0
1241.15	0	1	0	0	0
1240.15	0	1	0	0	0
1239.15	0	1	0	0	0
1238.15	0	1	0	0	0
1237.15	0	1	0	0	0
1236.15	0	1	0	0	0
1235.15	0	1	0	0	0
1234.15	0	1	0	0	0
1233.15	0	1	0	0	0
1232.15	0	1	0	0	0
1231.15	0	1	0	0	0
1230.15	0	1	0	0	0
1229.15	0	1	0	0	0
1228.15	0	1	0	0	0
1227.15	0	1	0	0	0
1226.15	0	1	0	0	0
1225.15	0	1	0	0	0
1224.15	0	1	0	0	0
1223.15	0	1	0	0	0
1222.15	0	1	0	0	0
1221.15	0	1	0	0	0
1220.15	0	1	0	0	0
1219.15	0	1	0	0	0
1218.15	0	1	0	0	0
1217.15	0	1	0	0	0
1216.15	0	1	0	0	0
1215.15	0	1	0	0	0
1214.15	0	1	0	0	0
1213.15	0	1	0	0	0
1212.15	0	1	0	0	0
1211.15	0	1	0	0	0
1210.15	0	1	0	0	0
1209.15	0	1	0	0	0
1208.15	0	1	0	0	0
1207.15	0	1	0	0	0
1206.15	0	1	0	0	0
1205.15	0	1	0	0	0
1204.15	0	1	0	0	0
1203.15	0	1	0	0	0
1202.15	0	1	0	0	0
1201.15	0	1	0	0	0
1200.15	0	1	0	0	0
1199.15	0	1	0	0	0
1198.15	0	1	0	0	0
1197.15	0	1	0	0	0
1196.15	0	1	0	0	0
1195.15	0	1	0	0	0
1194.15	0	1	0	0	0
1193.15	0	1	0	0	0
1192.15	0	1	0	0	0
1191.15	0	1	0	0	0
1190.15	0	1	0	0	0
1189.15	0	1	0	0	0
1188.15	0	1	0	0	0
1187.15	0	1	0	0	0
1186.15	0	1	0	0	0
1185.15	0	1	0	0	0
1184.15	0	1	0	0	0
1183.15	0	1	0	0	0
1182.15	0	1	0	0	0
1181.15	0	1	0	0	0
1180.15	0	1	0	0	0
1179.15	0	1	0	0	0
1178.15	0	1	0	0	0
1177.15	0	1	0	0	0
1176.15	0	1	0	0	0
1175.15	0	1	0	0	0
1174.15	0	1	0	0	0
1173.15	0	1	0	0	0
1172.15	0	1	0	0	0
1171.15	0	1	0	0	0
1170.15	0	1	0	0	0
1169.15	0	1	0	0	0
1168.15	0	1	0	0	0
1167.15	0	1	0	0	0
1166.15	0	1	0	0	0
1165.15	0	1	0	0	0
1164.15	0	1	0	0	0
1163.15	0	1	0	0	0
1162.15	0	1	0	0	0
1161.15	0	1	0	0	0
1160.15	0	1	0	0	0
1159.15	0	1	0	0	0
1158.15	0	1	0	0	0
1157.15	0	1	0	0	0
1156.15	0	1	0	0	0
1155.15	0	1	0	0	0
1154.15	0	1	0	0	0
1153.15	0	1	0	0	0
1152.15	0	1	0	0	0
1151.15	0	1	0	0	0
1150.15	0	1	0	0	0
1149.15	0	1	0	0	0
1148.15	0	1	0	0	0
1147.15	0	1	0	0	0
1146.15	0	1	0	0	0
1145.15	0	1	0	0	0
1144.15	0	1	0	0	0
1143.15	0	1	0	0	0
1142.15	0	1	0	0	0
1141.15	0	1	0	0	0
1140.15	0	1	0	0	0
1139.15	0	1	0	0	0
1138.15	0	1	0	0	0
1137.15	0	1	0	0	0
1136.15	0	1	0	0	0
1135.15	0	1	0	0	0
1134.15	0	1	0	0	0
1133.15	0	1	0	0	0
1132.15	0	1	0	0	0
1131.15	0	1	0	0	0
1130.15	0	1	0	0	0
1129.15	0	1	0	0	0
1128.15	0	1	0	0	0
1127.15	0	1	0	0	0
1126.15	0	1	0	0	0
1125.15	0	1	0	0	0
1124.15	0	1	0	0	0
1123.15	0	1	0	0	0
1122.15	0	1	0	0	0
1121.15	0	1	0	0	0
1120.15	0	1	0	0	0
1119.15	0	1	0	0	0
1118.15	0	1	0	0	0
1117.15	0	1	0	0	0
1116.15	0	1	0	0	0
1115.15	0	1	0	0	0
1114.15	0	1	0	0	0
1113.15	0	1	0	0	0
1112.15	0	1	0	0	0
1111.15	0	1	0	0	0
1110.15	0	1	0	0	0
1109.15	0	1	0	0	0
1108.15	0	1	0	0	0
1107.15	0	1	0	0	0
1106.15	0	1	0	0	0
1105.15	0	1	0	0	0
1104.15	0	1	0	0	0
1103.15	0	1	0	0	0
1102.15	0	1	0	0	0
1101.15	0	1	0	0	0
1100.15	0	1	0	0	0
1099.15	0	1	0	0	0
1098.456	0	1	0	0	0
1098.456	0	1	0	0	0
1098.456	0	1	0	0	0
1098.15	0	.99963	3.700121E-04	0	0
1097.15	0	.9984255	.001574501	0	0
1096.15	0	.9972253	.002774713	0	0
1095.15	0	.9960294	.003970643	0	0
1094.15	0	.9948377	.005162285	0	0
1093.15	0	.9936504	.006349635	0	0
1092.15	0	.9924673	.007532686	0	0
1091.15	0	.9912886	.008711435	0	0
1090.15	0	.9901141	.009885875	0	0
1089.15	0	.988944	.011056	0	0
1088.15	0	.9877782	.01222181	0	0
1087.15	0	.9866167	.01338329	0	0
1086.15	0	.9854596	.01454045	0	0
1085.15	0	.9843067	.01569327	0	0
1084.15	0	.9831583	.01684175	0	0
1083.15	0	.9820141	.01798589	0	0
1082.15	0	.9808743	.01912568	0	0
1081.15	0	.9797389	.02026111	0	0
1080.15	0	.9786078	.02139218	0	0
1079.15	0	.9774811	.02251889	0	0
1078.15	0	.9763588	.02364123	0	0
1077.15	0	.9752408	.02475919	0	0
1076.15	0	.9741272	.02587277	0	0
1075.15	0	.973018	.02698197	0	0
1074.15	0	.9719132	.02808678	0	0
1073.15	0	.9708128	.02918719	0	0
1072.15	0	.9697168	.03028321	0	0
1071.15	0	.9686252	.03137481	0	0
1070.15	0	.967538	.03246201	0	0
1069.15	0	.9664552	.0335448	0	0
1068.15	0	.9653768	.03462316	0	0
1067.15	0	.9643029	.0356971	0	0
1066.15	0	.9632334	.03676661	0	0
1065.15	0	.9621683	.03783169	0	0
1064.15	0	.9611077	.03889233	0	0
1063.15	0	.9600515	.03994853	0	0
1062.15	0	.9589997	.04100028	0	0
1061.15	0	.9579524	.04204757	0	0
1060.15	0	.9569096	.04309041	0	0
1059.15	0	.9558712	.04412879	0	0
1058.15	0	.9548373	.04516271	0	0
1057.15	0	.9538079	.04619215	0	0
1056.15	0	.9527829	.04721712	0	0
1055.15	0	.9517624	.04823761	0	0
1054.15	0	.9507464	.04925362	0	0
1053.15	0	.9497349	.05026514	0	0
1052.15	0	.9487278	.05127216	0	0
1051.15	0	.9477253	.0522747	0	0
1050.15	0	.9467273	.05327273	0	0
1049.15	0	.9457337	.05426626	0	0
1048.15	0	.9447447	.05525528	0	0
1047.15	0	.9437602	.05623979	0	0
1046.15	0	.9427802	.05721979	0	0
1045.15	0	.9418047	.05819527	0	0
1044.15	0	.9408338	.05916622	0	0
1043.15	0	.9398673	.06013265	0	0
1042.15	0	.9389055	.06109455	0	0
1041.15	0	.9379481	.06205192	0	0
1040.15	0	.9369953	.06300475	0	0
1039.15	0	.936047	.06395304	0	0
1038.15	0	.9351032	.06489679	0	0
1037.15	0	.934164	.065836	0	0
1036.15	0	.9332294	.06677065	0	0
1035.15	0	.9322993	.06770075	0	0
1034.15	0	.9313737	.0686263	0	0
1033.15	0	.9304527	.06954729	0	0
1032.15	0	.9295363	.07046373	0	0
1031.15	0	.9286244	.0713756	0	0
1030.15	0	.9277171	.0722829	0	0
1029.15	0	.9268144	.07318564	0	0
1028.15	0	.9259162	.07408381	0	0
1027.15	0	.9250226	.0749774	0	0
1026.15	0	.9241336	.07586643	0	0
1025.15	0	.9232491	.07675088	0	0
1024.15	0	.9223693	.07763075	0	0
1023.15	0	.921494	.07850605	0	0
1022.15	0	.9206232	.07937676	0	0
1021.15	0	.9197571	.0802429	0	0
1020.15	0	.9188956	.08110445	0	0
1019.15	0	.9180386	.08196142	0	0
1018.15	0	.9171862	.0828138	0	0
1017.15	0	.9163384	.0836616	0	0
1016.15	0	.9154952	.08450482	0	0
1015.15	0	.9146566	.08534345	0	0
1014.15	0	.9138225	.08617749	0	0
1013.15	0	.9129931	.08700695	0	0
1012.15	0	.9121682	.08783182	0	0
1011.15	0	.9113479	.08865211	0	0
1010.15	0	.9105322	.08946781	0	0
1009.15	0	.9097211	.09027893	0	0
1008.15	0	.9089145	.09108546	0	0
1007.15	0	.9081126	.09188742	0	0
1006.15	0	.9073152	.09268479	0	0
1005.15	0	.9065224	.09347758	0	0
1004.15	0	.9057342	.09426579	0	0
1003.15	0	.9049506	.09504943	0	0
1002.15	0	.9041715	.0958285	0	0
1001.15	0	.903397	.096603	0	0
1000.15	0	.9026271	.09737292	0	0
999.15	0	.9018617	.09813828	0	0
998.15	0	.9011009	.09889908	0	0
997.15	0	.9003447	.09965533	0	0
996.15	0	.899593	.100407	0	0
995.15	0	.8988459	.1011542	0	0
994.15	0	.8981033	.1018967	0	0
993.15	0	.8973652	.1026348	0	0
992.15	0	.8966317	.1033683	0	0
991.15	0	.8959027	.1040973	0	0
990.15	0	.8951783	.1048218	0	0
989.15	0	.8944583	.1055417	0	0
989.045	0	.894383	.105617	0	0
989.045	0	.894383	.105617	0	0
989.045	0	.894383	.105617	0	0
988.15	0	.8935968	.106164	2.391365E-04	0
987.15	0	.8927233	.1067714	5.053564E-04	0
986.15	0	.8918549	.1073746	7.705404E-04	0
985.15	0	.8909915	.1079738	.001034686	0
984.15	0	.8901333	.1085689	.001297791	0
983.15	0	.8892801	.1091601	.001559853	0
982.15	0	.888432	.1097472	.00182087	0
981.15	0	.8875889	.1103303	.002080837	0
980.15	0	.8867508	.1109094	.002339753	0
979.15	0	.8859178	.1114846	.002597615	0
978.15	0	.8850897	.1120558	.00285442	0
977.15	0	.8842667	.1126232	.003110164	0
976.15	0	.8834486	.1131866	.003364844	0
975.15	0	.8826354	.1137461	.003618457	0
974.15	0	.8818272	.1143018	.003871	0
973.15	0	.8810239	.1148537	.004122468	0
972.15	0	.8802254	.1154017	.004372859	0
971.15	0	.8794319	.115946	.004622168	0
970.15	0	.8786432	.1164864	.004870392	0
969.15	0	.8778593	.1170232	.005117526	0
968.15	0	.8770803	.1175562	.005363566	0
967.15	0	.876306	.1180855	.005608508	0
966.15	0	.8755365	.1186111	.005852347	0
965.15	0	.8747718	.1191332	.006095079	0
964.15	0	.8740118	.1196516	.006336699	0
963.15	0	.8732564	.1201664	.006577202	0
962.15	0	.8725058	.1206776	.006816583	0
961.15	0	.8717598	.1211853	.007054838	0
960.15	0	.8710185	.1216896	.007291959	0
959.15	0	.8702817	.1221903	.007527943	0
958.15	0	.8695495	.1226877	.007762783	0
957.15	0	.8688219	.1231816	.007996474	0
956.15	0	.8680988	.1236722	.008229008	0
955.15	0	.8673802	.1241594	.008460382	0
954.15	0	.866666	.1246434	.008690586	0
953.15	0	.8659563	.1251241	.008919617	0
952.15	0	.865251	.1256016	.009147465	0
951.15	0	.86455	.1260759	.009374125	0
950.15	0	.8638533	.1265471	.009599589	0
949.15	0	.863161	.1270151	.00982385	0
948.15	0	.8624729	.1274802	.0100469	0
947.15	0	.8617891	.1279422	.01026873	0
946.15	0	.8611094	.1284013	.01048934	0
945.15	0	.8604338	.1288575	.01070871	0
944.15	0	.8597624	.1293108	.01092683	0
943.15	0	.8590951	.1297612	.01114371	0
942.15	0	.8584317	.130209	.01135932	0
941.15	0	.8577724	.130654	.01157366	0
940.15	0	.8571169	.1310963	.01178672	0
939.15	0	.8564654	.1315361	.01199849	0
938.15	0	.8558177	.1319733	.01220895	0
937.15	0	.8551738	.132408	.01241811	0
936.15	0	.8545337	.1328404	.01262595	0
935.15	0	.8538972	.1332703	.01283245	0
934.15	0	.8532644	.133698	.01303761	0
933.15	0	.8526351	.1341235	.0132414	0
932.15	0	.8520094	.1345468	.01344383	0
931.15	0	.8513871	.134968	.01364488	0
930.15	0	.8507683	.1353872	.01384454	0
929.15	0	.8501528	.1358045	.01404278	0
928.15	0	.8495405	.1362199	.01423961	0
927.15	0	.8489315	.1366335	.01443499	0
926.15	0	.8483256	.1370455	.01462893	0
925.15	0	.8477227	.1374559	.0148214	0
924.15	0	.8471229	.1378647	.01501239	0
923.15	0	.846526	.1382722	.01520188	0
922.15	0	.8459319	.1386783	.01538985	0
921.15	0	.8453405	.1390832	.0155763	0
920.15	0	.8447519	.1394869	.01576119	0
919.15	0	.8441658	.1398897	.01594452	0
918.15	0	.8435822	.1402916	.01612626	0
917.15	0	.843001	.1406926	.01630639	0
916.15	0	.8424221	.141093	.0164849	0
915.15	0	.8418454	.1414929	.01666176	0
914.15	0	.8412708	.1418923	.01683695	0
913.15	0	.8406982	.1422914	.01701045	0
912.15	0	.8401274	.1426903	.01718223	0
911.15	0	.8395584	.1430893	.01735228	0
910.15	0	.8389911	.1434884	.01752056	0
909.15	0	.8384252	.1438877	.01768705	0
908.15	0	.8378608	.1442875	.01785173	0
907.15	0	.8372976	.1446879	.01801457	0
906.15	0	.8367354	.145089	.01817553	0
905.15	0	.8361743	.1454911	.0183346	0
904.15	0	.8356139	.1458943	.01849173	0
903.15	0	.8350542	.1462989	.0186469	0
902.15	0	.834495	.146705	.01880007	0
901.15	0	.8339361	.1471127	.0189512	0
900.15	0	.8333773	.1475225	.01910028	0
899.15	0	.8328184	.1479343	.01924725	0
898.15	0	.8322593	.1483486	.01939207	0
897.15	0	.8316997	.1487655	.01953471	0
896.15	0	.8311395	.1491854	.01967513	0
895.15	0	.8305784	.1496083	.01981328	0
894.15	0	.8300161	.1500348	.01994911	0
893.15	0	.8294525	.1504649	.02008258	0
892.15	0	.8288873	.1508991	.02021364	0
891.15	0	.8283202	.1513376	.02034223	0
890.15	0	.8273942	.152142	.02046374	0
889.15	0	.8263977	.1530218	.02058058	0
888.15	0	.8254448	.1538611	.02069413	0
887.15	0	.8245341	.1546614	.0208045	0
886.15	0	.8236641	.1554241	.02091177	0
885.15	0	.8228333	.1561507	.02101601	0
884.15	0	.8220402	.1568425	.02111731	0
883.15	0	.8212835	.1575007	.02121574	0
882.15	0	.8205619	.1581267	.02131136	0
881.15	0	.8198742	.1587216	.02140424	0
880.15	0	.8192189	.1592866	.02149445	0
879.15	0	.8185951	.1598229	.02158205	0
878.15	0	.8180015	.1603315	.02166708	0
877.15	0	.8174369	.1608135	.02174962	0
876.15	0	.8169004	.1612699	.02182971	0
875.15	0	.8163909	.1617017	.0219074	0
874.15	0	.8159073	.16211	.02198274	0
873.15	0	.8154487	.1624955	.02205579	0
872.15	0	.8150142	.1628593	.02212658	0
871.15	0	.8146028	.1632021	.02219516	0
870.15	0	.8142136	.1635249	.02226157	0
869.15	0	.8138458	.1638284	.02232585	0
868.15	0	.8134985	.1641134	.02238805	0
867.15	0	.813171	.1643808	.02244821	0
866.15	0	.8128625	.1646311	.02250635	0
865.15	0	.8125722	.1648652	.02256252	0
864.15	0	.8122995	.1650838	.02261675	0
863.15	0	.8120435	.1652875	.02266909	0
862.15	0	.8118036	.1654769	.02271955	0
861.15	0	.8115792	.1656526	.02276818	0
860.15	0	.8113696	.1658154	.02281501	0
859.15	0	.8111742	.1659657	.02286007	0
858.15	0	.8109925	.1661041	.02290338	0
857.15	0	.8108238	.1662312	.02294499	0
856.15	0	.8106676	.1663475	.02298492	0
855.15	0	.8105233	.1664535	.0230232	0
854.15	0	.8103905	.1665497	.02305985	0
853.15	0	.8102686	.1666365	.02309491	0
852.15	0	.8101571	.1667145	.02312841	0
851.15	0	.8100556	.166784	.02316036	0
850.15	0	.8099637	.1668455	.0231908	0
849.15	0	.8098809	.1668994	.02321976	0
848.15	0	.8098067	.1669461	.02324725	0
847.15	0	.8097408	.1669859	.0232733	0
846.15	0	.8096827	.1670193	.02329795	0
845.15	0	.8096322	.1670466	.0233212	0
844.15	0	.8095888	.1670681	.0233431	0
843.15	0	.8095522	.1670842	.02336365	0
842.15	0	.809522	.1670952	.02338289	0
841.15	0	.8094979	.1671013	.02340084	0
840.15	0	.8094796	.1671029	.02341751	0
839.15	0	.8094668	.1671003	.02343294	0
838.15	0	.8094592	.1670937	.02344713	0
837.15	0	.8094566	.1670833	.02346013	0
836.15	0	.8094585	.1670695	.02347193	0
835.15	0	.8094649	.1670525	.02348258	0
834.15	0	.8094754	.1670325	.02349208	0
833.15	0	.8094898	.1670097	.02350046	0
832.15	0	.8095079	.1669844	.02350774	0
831.15	0	.8095294	.1669567	.02351394	0
830.15	0	.8095541	.1669268	.02351907	0
829.15	0	.8095819	.1668949	.02352316	0
828.15	0	.8096125	.1668613	.02352622	0
827.15	0	.8096457	.166826	.02352828	0
826.15	0	.8096813	.1667893	.02352934	0
825.15	0	.8097193	.1667513	.02352944	0
824.15	0	.8097593	.1667121	.02352858	0
823.15	0	.8098013	.1666719	.02352679	0
822.15	0	.8098451	.1666308	.02352408	0
821.15	0	.8098905	.166589	.02352047	0
820.15	0	.8099374	.1665466	.02351597	0
819.15	0	.8099857	.1665037	.02351061	0
818.15	0	.8100352	.1664604	.02350439	0
817.15	0	.8100858	.1664168	.02349733	0
816.15	0	.8101375	.1663731	.02348946	0
815.15	0	.81019	.1663292	.02348078	0
814.15	0	.8102433	.1662854	.0234713	0
813.15	0	.8102972	.1662418	.02346106	0
812.15	0	.8103517	.1661983	.02345004	0
811.15	0	.8104067	.166155	.02343829	0
810.15	0	.810462	.1661122	.0234258	0
809.15	0	.8105177	.1660697	.02341259	0
808.15	0	.8105736	.1660277	.02339867	0
807.15	0	.8106296	.1659863	.02338406	0
806.15	0	.8106857	.1659455	.02336878	0
805.15	0	.8107418	.1659054	.02335282	0
804.15	0	.8107978	.165866	.02333621	0
803.15	0	.8108536	.1658274	.02331896	0
802.15	0	.8109093	.1657896	.02330108	0
801.15	0	.8109647	.1657527	.02328259	0
800.15	0	.8110198	.1657167	.02326349	0
799.15	0	.8110746	.1656816	.02324379	0
798.15	0	.811129	.1656475	.02322351	0
797.15	0	.8111828	.1656145	.02320266	0
796.15	0	.8112362	.1655825	.02318125	0
795.15	0	.8112891	.1655516	.02315929	0
794.15	0	.8113414	.1655218	.02313678	0
793.15	0	.8113931	.1654932	.02311375	0
792.15	0	.8114441	.1654657	.0230902	0
791.15	0	.8114945	.1654394	.02306614	0
790.15	0	.8115441	.1654143	.02304158	0
789.15	0	.811593	.1653904	.02301653	0
788.15	0	.8116412	.1653678	.02299099	0
787.15	0	.8116886	.1653464	.02296499	0
786.15	0	.8117352	.1653263	.02293852	0
785.15	0	.8117809	.1653075	.02291159	0
784.15	0	.8118258	.1652899	.02288423	0
783.15	0	.8118699	.1652737	.02285642	0
782.15	0	.8119131	.1652588	.02282818	0
781.15	0	.8119554	.1652451	.02279952	0
780.15	0	.8119967	.1652328	.02277045	0
779.15	0	.8120372	.1652218	.02274097	0
778.15	0	.8120767	.1652122	.02271109	0
777.15	0	.8121153	.1652038	.02268082	0
776.15	0	.812153	.1651968	.02265017	0
775.15	0	.8121897	.1651912	.02261914	0
774.15	0	.8122255	.1651868	.02258774	0
773.15	0	.8122602	.1651838	.02255598	0
772.15	0	.812294	.1651821	.02252386	0
771.15	0	.8123269	.1651817	.02249139	0
770.15	0	.8123587	.1651827	.02245858	0
769.15	0	.8123896	.1651849	.02242543	0
768.15	0	.8124195	.1651885	.02239195	0
767.15	0	.8124485	.1651934	.02235814	0
766.15	0	.8124764	.1651996	.02232402	0
765.15	0	.8125034	.1652071	.02228958	0
764.15	0	.8125294	.1652158	.02225483	0
763.15	0	.8125544	.1652259	.02221978	0
762.15	0	.8125784	.1652372	.02218443	0
761.15	0	.8126015	.1652497	.02214879	0
760.15	0	.8126236	.1652636	.02211287	0
759.15	0	.8126447	.1652786	.02207666	0
758.15	0	.8126649	.165295	.02204018	0
757.15	0	.8126841	.1653125	.02200342	0
756.15	0	.8127023	.1653313	.0219664	0
755.15	0	.8127197	.1653512	.02192912	0
754.15	0	.812736	.1653724	.02189157	0
753.15	0	.8127515	.1653947	.02185378	0
752.15	0	.812766	.1654183	.02181573	0
751.15	0	.8127796	.165443	.02177744	0
750.15	0	.8127923	.1654688	.02173891	0
749.15	0	.8128041	.1654958	.02170015	0
748.15	0	.8128149	.1655239	.02166115	0
747.15	0	.8128249	.1655532	.02162193	0
746.15	0	.812834	.1655835	.02158248	0
745.15	0	.8128422	.165615	.02154281	0
744.15	0	.8128496	.1656475	.02150292	0
743.15	0	.812856	.1656811	.02146283	0
742.15	0	.8128617	.1657158	.02142252	0
741.15	0	.8128665	.1657515	.02138201	0
740.15	0	.8128704	.1657883	.02134129	0
739.15	0	.8128735	.1658261	.02130038	0
738.15	0	.8128758	.1658649	.02125927	0
737.15	0	.8128773	.1659047	.02121798	0
736.15	0	.812878	.1659455	.02117649	0
735.15	0	.8128779	.1659873	.02113482	0
734.15	0	.812877	.1660301	.02109296	0
733.15	0	.8128753	.1660738	.02105093	0
732.15	0	.8128729	.1661184	.02100872	0
731.15	0	.8128697	.166164	.02096634	0
730.15	0	.8128657	.1662105	.02092379	0
729.15	0	.812861	.1662579	.02088107	0
728.15	0	.8128556	.1663062	.0208382	0
727.15	0	.8128495	.1663554	.02079515	0
726.15	0	.8128426	.1664055	.02075195	0
725.15	0	.812835	.1664564	.0207086	0
724.15	0	.8128268	.1665081	.02066509	0
723.15	0	.8128178	.1665608	.02062144	0
722.15	0	.8128082	.1666142	.02057763	0
721.15	0	.8127979	.1666685	.02053369	0
720.15	0	.8127869	.1667235	.0204896	0
719.15	0	.8127753	.1667794	.02044537	0
718.15	0	.812763	.166836	.020401	0
717.15	0	.8127501	.1668934	.0203565	0
716.15	0	.8127366	.1669515	.02031187	0
715.15	0	.8127225	.1670105	.02026711	0
714.15	0	.8127077	.1670701	.02022222	0
713.15	0	.8126923	.1671305	.0201772	0
712.15	0	.8126764	.1671916	.02013207	0
711.15	0	.8126598	.1672534	.02008681	0
710.15	0	.8126427	.1673158	.02004144	0
709.15	0	.812625	.167379	.01999595	0
708.15	0	.8126068	.1674429	.01995035	0
707.15	0	.812588	.1675074	.01990464	0
706.15	0	.8125686	.1675725	.01985881	0
705.15	0	.8125488	.1676384	.01981288	0
704.15	0	.8125284	.1677048	.01976685	0
703.15	0	.8125074	.1677719	.01972071	0
702.15	0	.812486	.1678396	.01967448	0
701.15	0	.812464	.1679078	.01962814	0
700.15	0	.8124416	.1679767	.01958171	0
699.15	0	.8124186	.1680462	.01953519	0
698.15	0	.8123952	.1681162	.01948857	0
697.15	0	.8123713	.1681868	.01944186	0
696.15	0	.8123469	.168258	.01939507	0
695.15	0	.8123221	.1683297	.01934818	0
694.15	0	.8122968	.168402	.01930122	0
693.15	0	.812271	.1684748	.01925417	0
692.15	0	.8122449	.1685481	.01920704	0
691.15	0	.8122182	.1686219	.01915983	0
690.15	0	.8121912	.1686962	.01911255	0
689.15	0	.8121637	.1687711	.01906519	0
688.15	0	.8121359	.1688464	.01901775	0
687.15	0	.8121076	.1689222	.01897025	0
686.15	0	.8120804	.1689974	.01892216	0
685.15	0	.8120512	.1690742	.01887456	0
684.15	0	.8120216	.1691515	.01882689	0
683.15	0	.8119917	.1692292	.01877916	0
682.15	0	.8119613	.1693073	.01873136	0
681.15	0	.8119306	.1693859	.01868349	0
680.15	0	.8118996	.1694648	.01863557	0
679.15	0	.8118682	.1695442	.01858759	0
678.15	0	.8118365	.169624	.01853954	0
677.15	0	.8118044	.1697042	.01849145	0
676.15	0	.811772	.1697847	.0184433	0
675.15	0	.8117392	.1698657	.01839509	0
674.15	0	.8117062	.169947	.01834684	0
673.15	0	.8116728	.1700287	.01829854	0
672.15	0	.8116391	.1701107	.01825019	0
671.15	0	.8116051	.1701931	.01820179	0
670.15	0	.8115708	.1702759	.01815336	0
669.15	0	.8115362	.1703589	.01810488	0
668.15	0	.8115013	.1704423	.01805636	0
667.15	0	.8114661	.1705261	.0180078	0
666.15	0	.8114307	.1706101	.01795921	0
665.15	0	.8113949	.1706945	.01791057	0
664.15	0	.8113589	.1707791	.01786191	0
663.15	0	.8113227	.1708641	.01781321	0
662.15	0	.8112861	.1709494	.01776449	0
661.15	0	.8112493	.1710349	.01771573	0
660.15	0	.8112123	.1711207	.01766695	0
659.15	0	.811175	.1712068	.01761814	0
658.15	0	.8111375	.1712932	.01756931	0
657.15	0	.8110997	.1713798	.01752045	0
656.15	0	.8110617	.1714667	.01747157	0
655.15	0	.8110235	.1715538	.01742268	0
654.15	0	.810985	.1716412	.01737376	0
653.15	0	.8109464	.1717288	.01732483	0
652.15	0	.8109075	.1718167	.01727588	0
651.15	0	.8108684	.1719047	.01722692	0
650.15	0	.8108291	.171993	.01717795	0
649.15	0	.8107895	.1720815	.01712897	0
648.15	0	.8107498	.1721702	.01707997	0
647.15	0	.8107099	.1722591	.01703097	0
646.15	0	.8106698	.1723482	.01698196	0
645.15	0	.8106295	.1724375	.01693295	0
644.15	0	.8105891	.172527	.01688394	0
643.15	0	.8105484	.1726167	.01683492	0
642.15	0	.8105076	.1727065	.0167859	0
641.15	0	.8104666	.1727965	.01673688	0
640.15	0	.8104255	.1728867	.01668786	0
639.15	0	.8103842	.172977	.01663885	0
638.15	0	.8103427	.1730675	.01658984	0
637.15	0	.8103011	.1731581	.01654084	0
636.15	0	.8102593	.1732489	.01649184	0
635.15	0	.8102173	.1733398	.01644285	0
634.15	0	.8101753	.1734309	.01639387	0
633.15	0	.8101331	.173522	.01634491	0
632.15	0	.8100907	.1736133	.01629595	0
631.15	0	.8100482	.1737048	.01624701	0
630.15	0	.8100056	.1737963	.01619809	0
629.15	0	.8099629	.173888	.01614918	0
628.15	0	.80992	.1739797	.01610029	0
627.15	0	.809877	.1740716	.01605142	0
626.15	0	.8098339	.1741635	.01600257	0
625.15	0	.8097907	.1742556	.01595374	0
624.15	0	.8097474	.1743477	.01590493	0
623.15	0	.809704	.1744399	.01585615	0
622.15	0	.8096604	.1745322	.01580739	0
621.15	0	.8096168	.1746245	.01575866	0
620.15	0	.8095731	.174717	.01570996	0
619.15	0	.8095293	.1748094	.01566129	0
618.15	0	.8094854	.174902	.01561265	0
617.15	0	.8094414	.1749946	.01556403	0
616.15	0	.8093973	.1750873	.01551546	0
615.15	0	.8093531	.17518	.01546691	0
614.15	0	.8093089	.1752727	.0154184	0
613.15	0	.8092646	.1753655	.01536993	0
612.15	0	.8092202	.1754583	.01532149	0
611.15	0	.8091758	.1755511	.01527309	0
610.8368	0	.8091618	.1755802	.01525795	0
610.8368	0	.8091618	.1755802	.01525795	0
610.8368	0	.8091618	.1755802	.01525795	0
610.15	0	.809497	.1748973	.0149277	6.779549E-04
609.15	0	.8099806	.1739093	.0144489	.001661172
608.15	0	.8104589	.1729288	.01397251	.002639804
607.15	0	.8109319	.1719557	.01349851	.003613902
606.15	0	.8113999	.1709897	.01302685	.00458352
605.15	0	.8118629	.1700309	.01255752	.005548708
604.15	0	.8123209	.1690791	.01209049	.006509517
603.15	0	.812774	.1681343	.01162573	.007465996
602.15	0	.8132224	.1671962	.01116322	.008418194
601.15	0	.8136661	.1662648	.01070292	.00936616
600.15	0	.8141052	.1653401	.01024482	.01030994
599.15	0	.8145397	.1644218	.00978888	.01124958
598.15	0	.8149698	.16351	.009335089	.01218514
597.15	0	.8153955	.1626045	.008883417	.01311665
596.15	0	.8158169	.1617051	.008433841	.01404415
595.15	0	.816234	.160812	.007986336	.01496771
594.15	0	.816647	.1599248	.007540881	.01588735
593.15	0	.8170558	.1590436	.007097452	.01680312
592.15	0	.8174607	.1581682	.006656027	.01771507
591.15	0	.8178615	.1572986	.006216584	.01862323
590.15	0	.8182585	.1564347	.005779101	.01952766
589.15	0	.8186516	.1555764	.005343556	.02042838
588.15	0	.819041	.1547236	.004909929	.02132544
587.15	0	.8194266	.1538763	.004478199	.02221889
586.15	0	.8198086	.1530343	.004048346	.02310875
585.15	0	.8201871	.1521975	.003620349	.02399507
584.15	0	.8205619	.151366	.003194189	.02487789
583.15	0	.8209333	.1505396	.002769846	.02575724
582.15	0	.8213013	.1497182	.002347302	.02663317
581.15	0	.821666	.1489018	.001926537	.0275057
580.15	0	.8220273	.1480903	.001507533	.02837488
579.15	0	.8223854	.1472836	.001090272	.02924075
578.15	0	.8227402	.1464817	6.747351E-04	.03010333
577.15	0	.823092	.1456845	2.609053E-04	.03096266
576.5174	0	.8233129	.1451825	0	.03150459
576.5174	0	.8233129	.1451825	0	.03150459
576.15	0	.823306	.1451106	0	.03158347
575.15	0	.8232866	.1449165	0	.0317969
574.15	0	.8232665	.144725	0	.03200853
573.15	0	.8232457	.144536	0	.03221838
572.15	0	.8232241	.1443494	0	.03242648
571.15	0	.8232018	.1441654	0	.03263285
570.15	0	.8231788	.1439837	0	.0328375
569.15	0	.8231551	.1438044	0	.03304046
568.15	0	.8231308	.1436275	0	.03324174
567.15	0	.8231057	.1434529	0	.03344138
566.15	0	.82308	.1432806	0	.03363938
565.15	0	.8230536	.1431106	0	.03383577
564.15	0	.8230266	.1429428	0	.03403058
563.15	0	.822999	.1427772	0	.03422381
562.15	0	.8229707	.1426138	0	.03441549
561.15	0	.8229418	.1424526	0	.03460564
560.15	0	.8229123	.1422934	0	.03479429
559.15	0	.8228822	.1421364	0	.03498144
558.15	0	.8228515	.1419814	0	.03516712
557.15	0	.8228202	.1418284	0	.03535135
556.15	0	.8227884	.1416775	0	.03553414
555.15	0	.822756	.1415285	0	.03571553
554.15	0	.8227231	.1413814	0	.03589551
553.15	0	.8226895	.1412363	0	.03607412
552.15	0	.8226555	.1410931	0	.03625137
551.15	0	.822621	.1409518	0	.03642729
550.15	0	.8225859	.1408123	0	.03660188
549.15	0	.8225503	.1406746	0	.03677517
548.15	0	.8225142	.1405387	0	.03694717
547.15	0	.8224776	.1404045	0	.03711791
546.15	0	.8224405	.1402721	0	.0372874
545.15	0	.8224029	.1401414	0	.03745565
544.15	0	.8223649	.1400124	0	.03762269
543.15	0	.8223264	.1398851	0	.03778853
542.15	0	.8222875	.1397593	0	.03795319
541.15	0	.8222481	.1396352	0	.03811669
540.15	0	.8222082	.1395127	0	.03827904
539.15	0	.822168	.1393918	0	.03844027
538.15	0	.8221273	.1392723	0	.03860037
537.15	0	.8220862	.1391545	0	.03875938
536.15	0	.8220447	.139038	0	.03891731
535.15	0	.8220027	.1389231	0	.03907417
534.15	0	.8219604	.1388096	0	.03922998
533.15	0	.8219177	.1386975	0	.03938476
532.15	0	.8218746	.1385869	0	.03953852
531.15	0	.8218312	.1384776	0	.03969127
530.15	0	.8217873	.1383696	0	.03984304
529.15	0	.8217431	.138263	0	.03999383
528.15	0	.8216986	.1381578	0	.04014367
527.15	0	.8216537	.1380538	0	.04029256
526.15	0	.8216085	.137951	0	.04044052
525.15	0	.8215629	.1378495	0	.04058756
524.15	0	.821517	.1377493	0	.0407337
523.15	0	.8214708	.1376502	0	.04087896
522.15	0	.8214243	.1375524	0	.04102334
521.15	0	.8213774	.1374557	0	.04116686
520.15	0	.8213303	.1373601	0	.04130954
519.15	0	.8212829	.1372657	0	.04145138
518.15	0	.8212352	.1371724	0	.0415924
517.15	0	.8211872	.1370802	0	.04173262
516.15	0	.8211389	.136989	0	.04187204
515.15	0	.8210904	.1368989	0	.04201068
514.15	0	.8210416	.1368098	0	.04214856
513.15	0	.8209926	.1367218	0	.04228567
512.15	0	.8209432	.1366347	0	.04242205
511.15	0	.8208937	.1365486	0	.04255769
510.15	0	.8208439	.1364635	0	.04269261
509.15	0	.8207939	.1363793	0	.04282683
508.15	0	.8207437	.136296	0	.04296035
507.15	0	.8206932	.1362136	0	.04309318
506.15	0	.8206425	.1361322	0	.04322534
505.15	0	.8205916	.1360515	0	.04335684
504.15	0	.8205405	.1359718	0	.04348769
503.15	0	.8204893	.1358929	0	.0436179
502.15	0	.8204378	.1358148	0	.04374748
501.15	0	.8203861	.1357375	0	.04387644
500.15	0	.8203343	.135661	0	.04400479
499.15	0	.8202822	.1355852	0	.04413255
498.15	0	.8202301	.1355102	0	.04425972
497.15	0	.8201777	.135436	0	.04438631
496.15	0	.8201252	.1353625	0	.04451233
495.15	0	.8200725	.1352897	0	.0446378
494.15	0	.8200197	.1352175	0	.04476272
493.15	0	.8199668	.1351461	0	.0448871
492.15	0	.8199137	.1350754	0	.04501096
491.15	0	.8198605	.1350052	0	.04513429
490.15	0	.8198071	.1349357	0	.04525712
489.15	0	.8197537	.1348669	0	.04537944
488.15	0	.8197001	.1347986	0	.04550127
487.15	0	.8196464	.134731	0	.04562262
486.15	0	.8195926	.1346639	0	.04574349
485.15	0	.8195387	.1345974	0	.0458639
484.15	0	.8194847	.1345314	0	.04598385
483.15	0	.8194306	.134466	0	.04610335
482.15	0	.8193765	.1344011	0	.04622241
481.15	0	.8193222	.1343367	0	.04634104
480.15	0	.8192679	.1342728	0	.04645924
479.15	0	.8192135	.1342095	0	.04657703
478.15	0	.8191591	.1341465	0	.0466944
477.15	0	.8191045	.1340841	0	.04681137
476.15	0	.81905	.1340221	0	.04692795
475.15	0	.8189953	.1339605	0	.04704415
474.15	0	.8189407	.1338994	0	.04715996
473.15	0	.818886	.1338386	0	.0472754
472.15	0	.8188312	.1337783	0	.04739047
471.15	0	.8187764	.1337184	0	.04750519
470.15	0	.8187216	.1336588	0	.04761955
469.15	0	.8186668	.1335997	0	.04773357
468.15	0	.8186119	.1335408	0	.04784725
467.15	0	.8185571	.1334823	0	.0479606
466.15	0	.8185022	.1334242	0	.04807362
465.15	0	.8184473	.1333664	0	.04818633
464.15	0	.8183924	.1333089	0	.04829872
463.15	0	.8183376	.1332517	0	.0484108
462.15	0	.8182827	.1331947	0	.04852259
461.15	0	.8182278	.1331381	0	.04863407
460.15	0	.818173	.1330817	0	.04874528
459.15	0	.8181181	.1330257	0	.04885619
458.15	0	.8180634	.1329698	0	.04896683
457.15	0	.8180086	.1329142	0	.0490772
456.15	0	.8179539	.1328588	0	.0491873
455.15	0	.8178992	.1328037	0	.04929714
454.15	0	.8178445	.1327488	0	.04940672
453.15	0	.8177899	.1326941	0	.04951606
452.15	0	.8177353	.1326395	0	.04962515
451.15	0	.8176808	.1325852	0	.04973399
450.15	0	.8176264	.132531	0	.0498426
449.15	0	.8175721	.1324769	0	.04995102
448.15	0	.8175178	.1324229	0	.05005921
447.15	0	.8174637	.1323691	0	.05016719
446.15	0	.8174096	.1323154	0	.05027496
445.15	0	.8173557	.1322618	0	.05038254
444.15	0	.8173019	.1322082	0	.05048991
443.15	0	.8172482	.1321547	0	.05059711
442.15	0	.8171946	.1321013	0	.05070412
441.15	0	.8171412	.1320479	0	.05081096
440.15	0	.8170879	.1319945	0	.05091764
439.15	0	.8170348	.1319411	0	.05102415
438.15	0	.8169819	.1318876	0	.05113051
437.15	0	.8169291	.1318342	0	.05123673
436.15	0	.8168765	.1317807	0	.0513428
435.15	0	.8168242	.1317271	0	.05144873
434.15	0	.816772	.1316734	0	.05155454
433.15	0	.8167201	.1316197	0	.05166021
432.15	0	.8166684	.1315659	0	.05176577
431.15	0	.8166169	.1315119	0	.05187121
430.15	0	.8165656	.1314579	0	.05197654
429.15	0	.8165146	.1314037	0	.05208176
428.15	0	.8164638	.1313493	0	.05218687
427.15	0	.8164133	.1312948	0	.05229189
426.15	0	.816363	.1312402	0	.05239682
425.15	0	.816313	.1311853	0	.05250165
424.15	0	.8162633	.1311303	0	.0526064
423.15	0	.8162138	.1310751	0	.05271106
422.15	0	.8161647	.1310197	0	.05281564
421.15	0	.8161158	.1309641	0	.05292015
420.15	0	.8160672	.1309082	0	.05302458
419.15	0	.8160189	.1308522	0	.05312894
418.15	0	.8159709	.1307959	0	.05323324
417.15	0	.8159232	.1307393	0	.05333747
416.15	0	.8158758	.1306825	0	.05344164
415.15	0	.8158288	.1306255	0	.05354574
414.15	0	.815782	.1305682	0	.0536498
413.15	0	.8157356	.1305107	0	.05375379
412.15	0	.8156894	.1304528	0	.05385774
411.15	0	.8156437	.1303947	0	.05396163
410.15	0	.8155982	.1303363	0	.05406548
409.15	0	.8155531	.1302777	0	.05416928
408.15	0	.8155083	.1302187	0	.05427303
407.15	0	.8154638	.1301595	0	.05437674
406.15	0	.8154197	.1300999	0	.05448041
405.15	0	.8153759	.1300401	0	.05458404
404.15	0	.8153324	.1299799	0	.05468763
403.15	0	.8152893	.1299195	0	.05479119
402.15	0	.8152466	.1298587	0	.05489471
401.15	0	.8152042	.1297976	0	.05499819
400.15	0	.8151621	.1297362	0	.05510165
399.15	0	.8151204	.1296745	0	.05520507
398.15	0	.8150791	.1296125	0	.05530845
397.15	0	.815038	.1295501	0	.05541181
396.15	0	.8149974	.1294875	0	.05551514
395.15	0	.8149571	.1294245	0	.05561844
394.15	0	.8149171	.1293611	0	.05572171
393.15	0	.8148776	.1292975	0	.05582496
392.15	0	.8148383	.1292335	0	.05592817
391.15	0	.8147994	.1291692	0	.05603136
390.15	0	.8147609	.1291045	0	.05613453
389.15	0	.8147228	.1290396	0	.05623767
388.15	0	.814685	.1289743	0	.05634078
387.15	0	.8146475	.1289086	0	.05644387
386.15	0	.8146104	.1288427	0	.05654693
385.15	0	.8145737	.1287764	0	.05664997
384.15	0	.8145373	.1287097	0	.05675299
383.15	0	.8145013	.1286428	0	.05685597
382.15	0	.8144656	.1285755	0	.05695894
381.15	0	.8144303	.1285079	0	.05706188
380.15	0	.8143953	.1284399	0	.0571648
379.15	0	.8143607	.1283716	0	.05726769
378.15	0	.8143264	.128303	0	.05737056
377.15	0	.8142925	.1282341	0	.0574734
376.15	0	.814259	.1281648	0	.05757621
375.15	0	.8142258	.1280952	0	.05767901
374.15	0	.8141929	.1280253	0	.05778177
373.15	0	.8141604	.1279551	0	.05788451
372.15	0	.8141283	.1278845	0	.05798723
371.15	0	.8140964	.1278137	0	.05808991
370.15	0	.814065	.1277425	0	.05819257
369.15	0	.8140338	.127671	0	.0582952
368.15	0	.814003	.1275992	0	.05839781
367.15	0	.8139726	.127527	0	.05850038
366.15	0	.8139425	.1274546	0	.05860293
365.15	0	.8139127	.1273818	0	.05870545
364.15	0	.8138833	.1273088	0	.05880794
363.15	0	.8138542	.1272355	0	.05891039
362.15	0	.8138254	.1271618	0	.05901282
361.15	0	.8137969	.1270879	0	.05911521
360.15	0	.8137688	.1270136	0	.05921758
359.15	0	.813741	.1269391	0	.05931991
358.15	0	.8137136	.1268642	0	.0594222
357.15	0	.8136864	.1267891	0	.05952446
356.15	0	.8136596	.1267137	0	.05962669
355.15	0	.8136331	.126638	0	.05972888
354.15	0	.8136069	.1265621	0	.05983103
353.15	0	.8135811	.1264858	0	.05993315
352.15	0	.8135555	.1264093	0	.06003523
351.15	0	.8135303	.1263325	0	.06013727
350.15	0	.8135053	.1262554	0	.06023927
349.15	0	.8134807	.1261781	0	.06034123
348.15	0	.8134564	.1261005	0	.06044315
347.15	0	.8134324	.1260226	0	.06054503
346.15	0	.8134086	.1259445	0	.06064686
345.15	0	.8133852	.1258661	0	.06074865
344.15	0	.8133621	.1257875	0	.0608504
343.15	0	.8133393	.1257086	0	.06095211
342.15	0	.8133167	.1256295	0	.06105377
341.15	0	.8132945	.1255501	0	.06115538
340.15	0	.8132725	.1254705	0	.06125694
339.15	0	.8132509	.1253907	0	.06135846
338.15	0	.8132295	.1253106	0	.06145993
337.15	0	.8132084	.1252303	0	.06156134
336.15	0	.8131876	.1251497	0	.06166271
335.15	0	.813167	.125069	0	.06176403
334.15	0	.8131467	.124988	0	.06186529
333.15	0	.8131267	.1249068	0	.0619665
332.15	0	.813107	.1248253	0	.06206766
331.15	0	.8130875	.1247437	0	.06216876
330.15	0	.8130683	.1246619	0	.0622698
329.15	0	.8130494	.1245798	0	.06237079
328.15	0	.8130307	.1244975	0	.06247173
327.15	0	.8130123	.1244151	0	.0625726
326.15	0	.8129942	.1243324	0	.06267342
325.15	0	.8129763	.1242496	0	.06277418
324.15	0	.8129586	.1241665	0	.06287487
323.15	0	.8129412	.1240833	0	.06297551
322.15	0	.8129241	.1239999	0	.06307608
321.15	0	.8129071	.1239163	0	.06317659
320.15	0	.8128905	.1238325	0	.06327704
319.15	0	.8128741	.1237485	0	.06337742
318.15	0	.8128579	.1236644	0	.06347774
317.15	0	.8128419	.1235801	0	.06357799
316.15	0	.8128262	.1234956	0	.06367818
315.15	0	.8128107	.123411	0	.06377829
314.15	0	.8127955	.1233262	0	.06387834
313.15	0	.8127804	.1232412	0	.06397832
312.15	0	.8127656	.1231561	0	.06407823
311.15	0	.8127511	.1230709	0	.06417807
310.15	0	.8127367	.1229855	0	.06427784
309.15	0	.8127226	.1228999	0	.06437753
308.15	0	.8127086	.1228142	0	.06447716
307.15	0	.8126949	.1227284	0	.06457671
306.15	0	.8126814	.1226424	0	.06467618
305.15	0	.8126681	.1225563	0	.06477558
304.15	0	.8126551	.12247	0	.06487491
303.15	0	.8126422	.1223837	0	.06497416
302.15	0	.8126295	.1222971	0	.06507333
301.15	0	.8126171	.1222105	0	.06517242
300.15	0	.8126048	.1221238	0	.06527144
299.15	0	.8125927	.1220369	0	.06537038
298.15	0	.8125809	.1219499	0	.06546923
