T	 BPW(LIQUID)	BPW(BCC_A2)	BPW(FCC_A1)	BPW(LAVES_PHASE_C14)	BPW(NI3TI)
1473.15	.7718108	.2281893	0	0	0
1472.15	.7673737	.2326263	0	0	0
1471.15	.7629632	.2370368	0	0	0
1470.15	.7585791	.241421	0	0	0
1469.15	.7542211	.2457789	0	0	0
1468.15	.7498893	.2501107	0	0	0
1467.15	.7455834	.2544166	0	0	0
1466.15	.7413032	.2586968	0	0	0
1465.15	.7370487	.2629513	0	0	0
1464.15	.7328197	.2671804	0	0	0
1463.15	.728616	.271384	0	0	0
1462.15	.7244375	.2755625	0	0	0
1461.15	.720284	.279716	0	0	0
1460.15	.7161555	.2838445	0	0	0
1459.474	.7133775	.2866225	0	0	0
1459.474	.7133775	.2866225	0	0	0
1459.474	.7133775	.2866225	0	0	0
1459.15	.7108765	.2883033	0	8.202275E-04	0
1458.15	.7032344	.2934367	0	.003328853	0
1457.15	.6957167	.298483	0	.005800268	0
1456.15	.6883205	.3034441	0	.008235385	0
1455.15	.6810427	.3083222	0	.01063509	0
1454.15	.6738807	.3131191	0	.01300024	0
1453.15	.6668317	.3178366	0	.01533166	0
1452.15	.6598931	.3224767	0	.01763015	0
1451.15	.6530624	.3270411	0	.01989651	0
1450.15	.6463371	.3315314	0	.02213148	0
1449.15	.6397148	.3359494	0	.02433579	0
1448.15	.6331931	.3402967	0	.02651017	0
1447.15	.6267698	.3445749	0	.02865529	0
1446.15	.6204428	.3487854	0	.03077183	0
1445.15	.6142099	.3529297	0	.03286043	0
1444.15	.6080689	.3570093	0	.03492174	0
1443.15	.602018	.3610256	0	.03695635	0
1442.15	.5960552	.36498	0	.03896487	0
1441.15	.5901784	.3688737	0	.04094788	0
1440.15	.584386	.3727081	0	.04290593	0
1439.15	.5786761	.3764843	0	.04483957	0
1438.15	.573047	.3802037	0	.04674933	0
1437.15	.5674969	.3838673	0	.04863573	0
1436.15	.5620243	.3874764	0	.05049927	0
1435.15	.5566275	.3910321	0	.05234043	0
1434.15	.5513049	.3945355	0	.05415969	0
1433.15	.546055	.3979875	0	.05595751	0
1432.15	.5408763	.4013893	0	.05773435	0
1431.15	.5357675	.4047419	0	.05949062	0
1430.15	.530727	.4080463	0	.06122677	0
1429.15	.5257535	.4113033	0	.0629432	0
1428.15	.5208457	.414514	0	.06464032	0
1427.15	.5160023	.4176792	0	.06631851	0
1426.15	.511222	.4207998	0	.06797816	0
1425.15	.5065036	.4238767	0	.06961965	0
1424.15	.5018459	.4269108	0	.07124333	0
1423.15	.4972476	.4299028	0	.07284956	0
1422.15	.4927077	.4328536	0	.07443868	0
1421.15	.488225	.4357639	0	.07601102	0
1420.15	.4837985	.4386346	0	.07756692	0
1419.15	.4794271	.4414662	0	.07910668	0
1418.15	.4751097	.4442597	0	.08063063	0
1417.15	.4708454	.4470156	0	.08213906	0
1416.15	.4666331	.4497346	0	.08363227	0
1415.15	.4624719	.4524176	0	.08511055	0
1414.15	.4583608	.455065	0	.08657418	0
1413.15	.454299	.4576776	0	.08802342	0
1412.15	.4502855	.4602559	0	.08945856	0
1411.15	.4463195	.4628007	0	.09087985	0
1410.15	.4424001	.4653124	0	.09228755	0
1409.15	.4385264	.4677917	0	.09368189	0
1408.15	.4346977	.4702392	0	.09506314	0
1407.15	.4309131	.4726554	0	.09643152	0
1406.15	.4271719	.4750408	0	.09778727	0
1405.15	.4234734	.477396	0	.0991306	0
1404.15	.4198167	.4797216	0	.1004618	0
1403.15	.4162011	.4820179	0	.1017809	0
1402.15	.412626	.4842856	0	.1030884	0
1401.15	.4090906	.4865252	0	.1043842	0
1400.15	.4055943	.488737	0	.1056687	0
1399.15	.4021363	.4909216	0	.1069421	0
1398.15	.3987162	.4930794	0	.1082045	0
1397.15	.3953331	.4952109	0	.1094561	0
1396.15	.3919865	.4973165	0	.1106971	0
1395.15	.3886757	.4993966	0	.1119277	0
1394.15	.3854002	.5014517	0	.1131481	0
1393.15	.3821595	.5034821	0	.1143584	0
1392.15	.3789528	.5054884	0	.1155588	0
1391.15	.3757797	.5074708	0	.1167495	0
1390.15	.3726396	.5094298	0	.1179306	0
1389.15	.3695321	.5113657	0	.1191023	0
1388.15	.3664564	.5132789	0	.1202647	0
1387.15	.3634122	.5151697	0	.121418	0
1386.15	.360399	.5170386	0	.1225624	0
1385.15	.3574162	.5188859	0	.123698	0
1384.15	.3544633	.5207119	0	.1248248	0
1383.15	.35154	.5225169	0	.1259432	0
1382.15	.3486456	.5243013	0	.1270531	0
1381.15	.3457799	.5260654	0	.1281548	0
1380.15	.3429422	.5278095	0	.1292483	0
1379.15	.3401323	.5295339	0	.1303338	0
1378.15	.3373496	.531239	0	.1314114	0
1377.15	.3345938	.5329249	0	.1324813	0
1376.15	.3318644	.5345921	0	.1335435	0
1375.15	.329161	.5362408	0	.1345982	0
1374.15	.3264833	.5378712	0	.1356455	0
1373.15	.3238308	.5394837	0	.1366854	0
1372.15	.3212032	.5410785	0	.1377182	0
1371.15	.3186001	.5426559	0	.1387439	0
1370.15	.3160212	.5442162	0	.1397627	0
1369.15	.313466	.5457595	0	.1407745	0
1368.15	.3109342	.5472862	0	.1417796	0
1367.15	.3084255	.5487965	0	.142778	0
1366.15	.3059396	.5502906	0	.1437699	0
1365.15	.303476	.5517687	0	.1447553	0
1364.15	.3010346	.5532312	0	.1457342	0
1363.15	.2986149	.5546782	0	.1467069	0
1362.15	.2962166	.5561099	0	.1476734	0
1361.15	.2938395	.5575266	0	.1486338	0
1360.15	.2914833	.5589285	0	.1495882	0
1359.15	.2891476	.5603158	0	.1505366	0
1358.15	.2868321	.5616887	0	.1514792	0
1357.15	.2845366	.5630474	0	.152416	0
1356.15	.2822608	.5643921	0	.1533472	0
1355.15	.2800044	.565723	0	.1542727	0
1354.15	.2777671	.5670403	0	.1551927	0
1353.15	.2755487	.5683442	0	.1561072	0
1352.15	.2733489	.5696348	0	.1570163	0
1351.15	.2711674	.5709124	0	.1579202	0
1350.15	.2690041	.5721772	0	.1588188	0
1349.15	.2668586	.5734292	0	.1597122	0
1348.15	.2647307	.5746687	0	.1606006	0
1347.15	.2626202	.5758959	0	.1614839	0
1346.15	.2605268	.577111	0	.1623623	0
1345.15	.2584503	.578314	0	.1632357	0
1344.15	.2563905	.5795051	0	.1641044	0
1343.15	.2543471	.5806846	0	.1649683	0
1342.15	.25232	.5818526	0	.1658275	0
1341.15	.2503089	.5830091	0	.166682	0
1340.15	.2483136	.5841545	0	.167532	0
1339.15	.2463338	.5852887	0	.1683774	0
1338.15	.2443695	.5864121	0	.1692184	0
1337.15	.2424204	.5875246	0	.170055	0
1336.15	.2404862	.5886265	0	.1708873	0
1335.15	.2385669	.5897179	0	.1717152	0
1334.15	.2366621	.590799	0	.1725389	0
1333.15	.2347718	.5918698	0	.1733585	0
1332.15	.2328956	.5929305	0	.1741739	0
1331.15	.2310335	.5939813	0	.1749852	0
1330.15	.2291853	.5950222	0	.1757925	0
1329.15	.2273508	.5960534	0	.1765958	0
1328.15	.2255298	.597075	0	.1773952	0
1327.15	.2237221	.5980871	0	.1781908	0
1326.15	.2219276	.59909	0	.1789825	0
1325.15	.2201461	.6000836	0	.1797704	0
1324.15	.2183774	.601068	0	.1805545	0
1323.15	.2166215	.6020435	0	.181335	0
1322.15	.214878	.6030102	0	.1821118	0
1321.15	.2131469	.603968	0	.1828851	0
1320.15	.2114281	.6049172	0	.1836547	0
1319.15	.2097213	.6058579	0	.1844209	0
1318.15	.2080264	.6067901	0	.1851835	0
1317.15	.2063433	.607714	0	.1859428	0
1316.15	.2046718	.6086296	0	.1866986	0
1315.15	.2030118	.6095371	0	.1874511	0
1314.15	.2013631	.6104366	0	.1882003	0
1313.15	.1997256	.6113282	0	.1889462	0
1312.15	.1980992	.6122119	0	.1896888	0
1311.15	.1964838	.6130879	0	.1904283	0
1310.15	.1948791	.6139563	0	.1911646	0
1309.15	.1932852	.6148171	0	.1918977	0
1308.15	.1917017	.6156705	0	.1926278	0
1307.15	.1901287	.6165165	0	.1933548	0
1306.15	.188566	.6173552	0	.1940788	0
1305.15	.1870135	.6181867	0	.1947998	0
1304.15	.185471	.6190112	0	.1955179	0
1303.15	.1839385	.6198286	0	.196233	0
1302.15	.1824157	.6206391	0	.1969452	0
1301.15	.1809027	.6214427	0	.1976546	0
1300.15	.1793993	.6222396	0	.1983611	0
1299.15	.1779025	.623032	0	.1990655	0
1298.15	.1764179	.6238156	0	.1997665	0
1297.15	.1749426	.6245926	0	.2004648	0
1296.15	.1734764	.6253632	0	.2011603	0
1295.15	.1720193	.6261275	0	.2018532	0
1294.15	.1705712	.6268854	0	.2025435	0
1293.15	.1691318	.6276371	0	.2032311	0
1292.15	.1677013	.6283826	0	.2039161	0
1291.15	.1662793	.6291221	0	.2045986	0
1290.15	.1648659	.6298556	0	.2052786	0
1289.15	.1634609	.6305831	0	.205956	0
1288.15	.1620643	.6313047	0	.206631	0
1287.15	.1606759	.6320206	0	.2073035	0
1286.15	.1592957	.6327307	0	.2079735	0
1285.15	.1579236	.6334352	0	.2086412	0
1284.476	.1570027	.6339071	0	.2090902	0
1284.476	.1570027	.6339071	0	.2090902	0
1284.476	.1570027	.6339071	0	.2090902	0
1284.15	.1546867	.633219	.002620563	.2094737	0
1283.15	.1475774	.6311396	.01063858	.2106444	0
1282.15	.1404734	.629111	.01861106	.2118045	0
1281.15	.1333745	.6271329	.02653863	.2129539	0
1280.15	.1262804	.6252048	.03442191	.214093	0
1279.15	.1191907	.6233262	.04226149	.2152216	0
1278.15	.1121053	.6214967	.05005798	.2163401	0
1277.15	.1050238	.6197159	.05781197	.2174484	0
1276.15	.09794593	.6179833	.06552402	.2185467	0
1275.15	.09087151	.6162986	.07319472	.2196352	0
1274.15	.08380026	.6146613	.08082463	.2207138	0
1273.15	.07673192	.6130709	.0884143	.2217829	0
1272.15	.06966627	.6115272	.09596427	.2228423	0
1271.15	.06260306	.6100296	.1034751	.2238923	0
1270.15	.05554208	.6085778	.1109473	.2249329	0
1269.15	.04848309	.6071713	.1183814	.2259642	0
1268.15	.04142587	.6058098	.1257779	.2269864	0
1267.15	.03437023	.6044929	.1331374	.2279995	0
1266.15	.02731595	.6032202	.1404603	.2290036	0
1265.15	.02026283	.6019912	.1477471	.2299989	0
1264.15	.01321069	.6008057	.1549984	.2309853	0
1263.15	.006159322	.5996632	.1622145	.231963	0
1262.276	0	.5987	.1684899	.2328101	0
1262.276	0	.5987	.1684899	.2328101	0
1262.15	0	.598562	.1685736	.2328644	0
1261.15	0	.5974718	.1692344	.2332938	0
1260.15	0	.596385	.1698929	.2337221	0
1259.15	0	.5953016	.1705491	.2341493	0
1258.15	0	.5942216	.1712031	.2345753	0
1257.15	0	.5931449	.1718548	.2350003	0
1256.15	0	.5920716	.1725042	.2354242	0
1255.15	0	.5910017	.1731513	.235847	0
1254.15	0	.589935	.1737962	.2362687	0
1253.15	0	.5888717	.1744389	.2366894	0
1252.15	0	.5878118	.1750793	.237109	0
1251.15	0	.5867551	.1757174	.2375275	0
1250.15	0	.5857018	.1763533	.2379449	0
1249.15	0	.5846517	.176987	.2383613	0
1248.15	0	.5836049	.1776184	.2387766	0
1247.15	0	.5825615	.1782476	.2391909	0
1246.15	0	.5815212	.1788746	.2396041	0
1245.15	0	.5804843	.1794994	.2400163	0
1244.15	0	.5794506	.180122	.2404274	0
1243.15	0	.5784202	.1807423	.2408375	0
1242.15	0	.577393	.1813604	.2412466	0
1241.15	0	.576369	.1819764	.2416546	0
1240.15	0	.5753483	.1825901	.2420617	0
1239.15	0	.5743307	.1832016	.2424677	0
1238.15	0	.5733164	.183811	.2428726	0
1237.15	0	.5723053	.1844181	.2432766	0
1236.15	0	.5712974	.1850231	.2436796	0
1235.15	0	.5702927	.1856258	.2440815	0
1234.15	0	.5692911	.1862264	.2444825	0
1233.15	0	.5682928	.1868249	.2448824	0
1232.15	0	.5672975	.1874211	.2452814	0
1231.15	0	.5663055	.1880152	.2456793	0
1230.15	0	.5653166	.1886071	.2460763	0
1229.15	0	.5643309	.1891969	.2464723	0
1228.15	0	.5633482	.1897845	.2468673	0
1227.15	0	.5623687	.1903699	.2472613	0
1226.15	0	.5613924	.1909532	.2476544	0
1225.15	0	.5604191	.1915344	.2480465	0
1224.15	0	.559449	.1921134	.2484376	0
1223.15	0	.558482	.1926902	.2488278	0
1222.15	0	.557518	.193265	.249217	0
1221.15	0	.5565572	.1938376	.2496053	0
1220.15	0	.5555994	.194408	.2499926	0
1219.15	0	.5546447	.1949763	.2503789	0
1218.15	0	.5536931	.1955426	.2507643	0
1217.15	0	.5527446	.1961066	.2511488	0
1216.15	0	.5517991	.1966686	.2515324	0
1215.15	0	.5508566	.1972284	.251915	0
1214.15	0	.5499172	.1977862	.2522966	0
1213.15	0	.5489808	.1983418	.2526774	0
1212.15	0	.5480475	.1988953	.2530572	0
1211.15	0	.5471172	.1994468	.2534361	0
1210.15	0	.5461899	.1999961	.2538141	0
1209.15	0	.5452656	.2005433	.2541911	0
1208.15	0	.5443443	.2010884	.2545673	0
1207.15	0	.543426	.2016314	.2549425	0
1206.15	0	.5425107	.2021724	.2553169	0
1205.15	0	.5415984	.2027112	.2556903	0
1204.15	0	.5406891	.203248	.2560629	0
1203.15	0	.5397828	.2037827	.2564345	0
1202.15	0	.5388794	.2043153	.2568053	0
1201.15	0	.537979	.2048458	.2571752	0
1200.15	0	.5370815	.2053743	.2575442	0
1199.15	0	.536187	.2059007	.2579123	0
1198.15	0	.5352955	.206425	.2582795	0
1197.15	0	.5344069	.2069472	.2586459	0
1196.15	0	.5335212	.2074674	.2590114	0
1195.15	0	.5326385	.2079856	.259376	0
1194.15	0	.5317586	.2085017	.2597397	0
1193.15	0	.5308817	.2090157	.2601026	0
1192.15	0	.5300078	.2095276	.2604646	0
1191.15	0	.5291367	.2100376	.2608258	0
1190.15	0	.5282685	.2105454	.2611861	0
1189.15	0	.5274032	.2110512	.2615456	0
1188.15	0	.5265408	.211555	.2619042	0
1187.15	0	.5256813	.2120568	.2622619	0
1186.15	0	.5248247	.2125564	.2626188	0
1185.15	0	.523971	.2130541	.2629749	0
1184.15	0	.5231201	.2135497	.2633302	0
1183.15	0	.5222721	.2140433	.2636846	0
1182.15	0	.521427	.2145349	.2640382	0
1181.15	0	.5205847	.2150244	.2643909	0
1180.15	0	.5197453	.2155119	.2647428	0
1179.15	0	.5189087	.2159974	.2650939	0
1178.15	0	.5180749	.2164809	.2654442	0
1177.15	0	.517244	.2169623	.2657937	0
1176.15	0	.516416	.2174417	.2661423	0
1175.15	0	.5155907	.2179191	.2664902	0
1174.15	0	.5147683	.2183945	.2668372	0
1173.15	0	.5139487	.2188679	.2671834	0
1172.15	0	.5131319	.2193393	.2675288	0
1171.15	0	.5123179	.2198087	.2678734	0
1170.15	0	.5115067	.220276	.2682173	0
1169.15	0	.5106984	.2207414	.2685603	0
1168.15	0	.5098928	.2212047	.2689025	0
1167.15	0	.50909	.2216661	.2692439	0
1166.15	0	.50829	.2221254	.2695846	0
1165.15	0	.5074928	.2225828	.2699244	0
1164.15	0	.5066983	.2230381	.2702635	0
1163.15	0	.5059067	.2234915	.2706018	0
1162.15	0	.5051178	.2239429	.2709394	0
1161.15	0	.5043317	.2243922	.2712761	0
1160.15	0	.5035483	.2248396	.2716121	0
1159.15	0	.5027677	.225285	.2719473	0
1158.15	0	.5019898	.2257285	.2722817	0
1157.15	0	.5012147	.2261699	.2726154	0
1156.15	0	.5004424	.2266094	.2729483	0
1155.15	0	.4996728	.2270468	.2732804	0
1154.15	0	.4989058	.2274824	.2736118	0
1153.15	0	.4981417	.2279159	.2739424	0
1152.15	0	.4973803	.2283474	.2742723	0
1151.15	0	.4966216	.228777	.2746014	0
1150.15	0	.4958656	.2292046	.2749298	0
1149.15	0	.4951124	.2296302	.2752574	0
1148.15	0	.4943619	.2300539	.2755843	0
1147.15	0	.493614	.2304755	.2759104	0
1146.15	0	.4928689	.2308952	.2762358	0
1145.15	0	.4921265	.231313	.2765605	0
1144.15	0	.4913868	.2317288	.2768844	0
1143.15	0	.4906498	.2321426	.2772076	0
1142.15	0	.4899155	.2325544	.2775301	0
1141.15	0	.4891839	.2329643	.2778518	0
1140.15	0	.4884549	.2333723	.2781728	0
1139.15	0	.4877287	.2337782	.2784931	0
1138.15	0	.4870051	.2341823	.2788126	0
1137.15	0	.4862842	.2345843	.2791315	0
1136.15	0	.485566	.2349844	.2794496	0
1135.15	0	.4848504	.2353826	.279767	0
1134.15	0	.4841375	.2357788	.2800837	0
1133.15	0	.4834273	.236173	.2803997	0
1132.15	0	.4827197	.2365653	.280715	0
1131.15	0	.4820148	.2369557	.2810295	0
1130.15	0	.4813126	.2373441	.2813434	0
1129.15	0	.480613	.2377305	.2816565	0
1128.15	0	.479916	.238115	.281969	0
1127.15	0	.4792217	.2384976	.2822807	0
1126.15	0	.4785301	.2388782	.2825918	0
1125.15	0	.477841	.2392569	.2829021	0
1124.15	0	.4771547	.2396336	.2832118	0
1123.15	0	.4764709	.2400084	.2835207	0
1122.15	0	.4757898	.2403812	.283829	0
1121.15	0	.4751113	.2407521	.2841366	0
1120.15	0	.4744354	.2411211	.2844435	0
1119.15	0	.4737622	.2414881	.2847497	0
1118.15	0	.4730916	.2418532	.2850553	0
1117.15	0	.4724236	.2422163	.2853601	0
1116.15	0	.4717582	.2425775	.2856643	0
1115.15	0	.4710954	.2429368	.2859678	0
1114.15	0	.4704352	.2432941	.2862706	0
1113.15	0	.4697777	.2436495	.2865728	0
1112.15	0	.4691228	.244003	.2868742	0
1111.15	0	.4684704	.2443546	.287175	0
1110.15	0	.4678207	.2447042	.2874752	0
1109.15	0	.4671735	.2450518	.2877746	0
1108.15	0	.466529	.2453976	.2880735	0
1107.15	0	.465887	.2457414	.2883716	0
1106.15	0	.4652477	.2460833	.2886691	0
1105.15	0	.4646109	.2464232	.2889659	0
1104.15	0	.4639767	.2467612	.2892621	0
1103.15	0	.4633451	.2470973	.2895576	0
1102.15	0	.4627161	.2474315	.2898524	0
1101.15	0	.4620896	.2477638	.2901466	0
1100.15	0	.4614658	.2480941	.2904402	0
1099.15	0	.4608445	.2484225	.2907331	0
1098.15	0	.4602258	.2487489	.2910253	0
1097.15	0	.4596096	.2490735	.2913169	0
1096.15	0	.4589961	.2493961	.2916079	0
1095.15	0	.4583851	.2497168	.2918982	0
1094.15	0	.4577766	.2500355	.2921878	0
1093.15	0	.4571708	.2503524	.2924769	0
1092.15	0	.4565675	.2506673	.2927652	0
1091.15	0	.4559667	.2509803	.293053	0
1090.15	0	.4553686	.2512914	.2933401	0
1089.15	0	.4547729	.2516005	.2936266	0
1088.15	0	.4541798	.2519078	.2939124	0
1087.15	0	.4535893	.2522131	.2941976	0
1086.15	0	.4530014	.2525165	.2944822	0
1085.15	0	.452416	.2528179	.2947661	0
1084.15	0	.4518331	.2531175	.2950494	0
1083.15	0	.4512528	.2534151	.2953321	0
1082.15	0	.450675	.2537108	.2956141	0
1081.15	0	.4500998	.2540046	.2958956	0
1080.15	0	.4495271	.2542965	.2961764	0
1079.15	0	.448957	.2545865	.2964566	0
1078.15	0	.4483894	.2548745	.2967361	0
1077.15	0	.4478243	.2551606	.2970151	0
1076.15	0	.4472618	.2554448	.2972934	0
1075.15	0	.4467018	.2557271	.2975711	0
1074.15	0	.4461443	.2560075	.2978482	0
1073.15	0	.4455894	.2562859	.2981246	0
1072.15	0	.445037	.2565625	.2984005	0
1071.15	0	.4444872	.2568371	.2986757	0
1070.15	0	.4439399	.2571098	.2989504	0
1069.15	0	.443395	.2573806	.2992244	0
1068.15	0	.4428528	.2576495	.2994978	0
1067.15	0	.442313	.2579164	.2997706	0
1066.15	0	.4417758	.2581815	.3000428	0
1065.15	0	.4412411	.2584446	.3003143	0
1064.15	0	.4407089	.2587058	.3005853	0
1063.15	0	.4401792	.2589651	.3008557	0
1062.15	0	.4396521	.2592225	.3011254	0
1061.15	0	.4391275	.2594779	.3013946	0
1060.15	0	.4386054	.2597315	.3016632	0
1059.15	0	.4380858	.2599831	.3019311	0
1058.15	0	.4375687	.2602328	.3021985	0
1057.15	0	.4370541	.2604807	.3024652	0
1056.15	0	.4365421	.2607266	.3027314	0
1055.15	0	.4360326	.2609705	.3029969	0
1054.15	0	.4355255	.2612126	.3032619	0
1053.15	0	.435021	.2614528	.3035262	0
1052.15	0	.434519	.261691	.30379	0
1051.15	0	.4340195	.2619274	.3040531	0
1050.15	0	.4335225	.2621618	.3043157	0
1049.15	0	.433028	.2623943	.3045777	0
1048.15	0	.432536	.2626249	.3048391	0
1047.15	0	.4320466	.2628536	.3050999	0
1046.15	0	.4315596	.2630804	.30536	0
1045.15	0	.4310751	.2633052	.3056197	0
1044.15	0	.4305931	.2635282	.3058787	0
1043.15	0	.4301137	.2637492	.3061371	0
1042.15	0	.4296367	.2639684	.3063949	0
1041.15	0	.4291623	.2641856	.3066521	0
1040.15	0	.4286903	.2644009	.3069088	0
1039.15	0	.4282208	.2646143	.3071649	0
1038.15	0	.4277538	.2648258	.3074203	0
1037.15	0	.4272894	.2650354	.3076752	0
1036.15	0	.4268274	.2652431	.3079295	0
1035.15	0	.4263679	.2654489	.3081832	0
1034.15	0	.4259109	.2656528	.3084363	0
1033.15	0	.4254564	.2658547	.3086889	0
1032.15	0	.4250044	.2660548	.3089408	0
1031.15	0	.4245549	.2662529	.3091922	0
1030.15	0	.4241079	.2664492	.3094429	0
1029.15	0	.4236633	.2666435	.3096931	0
1028.15	0	.4232213	.266836	.3099428	0
1027.15	0	.4227817	.2670265	.3101918	0
1026.15	0	.4223446	.2672152	.3104402	0
1025.15	0	.42191	.2674019	.310688	0
1024.15	0	.421478	.2675867	.3109353	0
1023.15	0	.4210483	.2677697	.311182	0
1022.15	0	.4206212	.2679507	.3114281	0
1021.15	0	.4201966	.2681298	.3116736	0
1020.15	0	.4197744	.2683071	.3119185	0
1019.15	0	.4193547	.2684824	.3121629	0
1018.15	0	.4189375	.2686558	.3124066	0
1017.15	0	.4185228	.2688274	.3126498	0
1016.15	0	.4181106	.268997	.3128924	0
1015.15	0	.4177008	.2691648	.3131344	0
1014.15	0	.4172935	.2693307	.3133758	0
1013.15	0	.4168887	.2694946	.3136166	0
1012.15	0	.4164864	.2696567	.3138569	0
1011.15	0	.4160865	.2698169	.3140966	0
1010.15	0	.4156892	.2699752	.3143356	0
1009.15	0	.4152943	.2701316	.3145741	0
1008.15	0	.4149018	.2702861	.314812	0
1007.15	0	.4145119	.2704388	.3150494	0
1006.15	0	.4141244	.2705895	.3152861	0
1005.15	0	.4137394	.2707384	.3155222	0
1004.15	0	.4133568	.2708854	.3157578	0
1003.15	0	.4129767	.2710305	.3159928	0
1002.15	0	.4125991	.2711738	.3162271	0
1001.15	0	.4122239	.2713151	.3164609	0
1000.15	0	.4118513	.2714546	.3166941	0
999.15	0	.411481	.2715923	.3169267	0
998.15	0	.4111133	.271728	.3171587	0
997.15	0	.4107479	.2718619	.3173902	0
996.15	0	.4103851	.2719939	.317621	0
995.15	0	.4100247	.2721241	.3178512	0
994.15	0	.4096668	.2722523	.3180809	0
993.15	0	.4093113	.2723788	.3183099	0
992.15	0	.4089583	.2725033	.3185384	0
991.15	0	.4086077	.2726261	.3187663	0
990.15	0	.4082596	.2727469	.3189935	0
989.15	0	.4079139	.2728659	.3192202	0
988.15	0	.4075706	.2729831	.3194463	0
987.15	0	.4072299	.2730984	.3196717	0
986.15	0	.4068915	.2732119	.3198966	0
985.15	0	.4065556	.2733235	.3201209	0
984.15	0	.4062221	.2734334	.3203445	0
983.15	0	.4058911	.2735413	.3205676	0
982.15	0	.4055625	.2736475	.32079	0
981.15	0	.4052364	.2737518	.3210119	0
980.15	0	.4049126	.2738543	.3212331	0
979.15	0	.4045913	.2739549	.3214537	0
978.15	0	.4042725	.2740538	.3216737	0
977.15	0	.403956	.2741508	.3218932	0
976.15	0	.403642	.2742461	.322112	0
975.15	0	.4033304	.2743395	.3223301	0
974.15	0	.4030212	.2744311	.3225477	0
973.15	0	.4027144	.2745209	.3227646	0
972.15	0	.4024101	.274609	.322981	0
971.15	0	.4021081	.2746952	.3231967	0
970.15	0	.4018085	.2747797	.3234117	0
969.15	0	.4015114	.2748624	.3236262	0
968.15	0	.4012167	.2749433	.32384	0
967.15	0	.4009243	.2750225	.3240532	0
966.15	0	.4006343	.2750998	.3242658	0
965.15	0	.4003468	.2751755	.3244778	0
964.15	0	.4000616	.2752493	.3246891	0
963.15	0	.3997788	.2753215	.3248998	0
962.15	0	.3994984	.2753919	.3251098	0
961.15	0	.3992203	.2754605	.3253192	0
960.15	0	.3989446	.2755274	.3255279	0
959.15	0	.3986713	.2755926	.325736	0
958.15	0	.3984004	.2756561	.3259435	0
957.15	0	.3981318	.2757179	.3261503	0
956.15	0	.3978655	.275778	.3263565	0
955.15	0	.3976016	.2758364	.326562	0
954.15	0	.3973401	.275893	.3267669	0
953.15	0	.3970809	.2759481	.3269711	0
952.15	0	.396824	.2760014	.3271746	0
951.15	0	.3965694	.2760531	.3273775	0
950.15	0	.3963172	.2761031	.3275797	0
949.15	0	.3960673	.2761514	.3277813	0
948.15	0	.3958197	.2761982	.3279821	0
947.15	0	.3955744	.2762433	.3281823	0
946.15	0	.3953314	.2762867	.3283818	0
945.15	0	.3950907	.2763286	.3285807	0
944.15	0	.3948523	.2763688	.3287788	0
943.15	0	.3946162	.2764075	.3289763	0
942.15	0	.3943823	.2764446	.3291731	0
941.15	0	.3941507	.2764801	.3293692	0
940.15	0	.3939214	.276514	.3295646	0
939.15	0	.3936943	.2765464	.3297593	0
938.15	0	.3934695	.2765772	.3299533	0
937.15	0	.3932469	.2766066	.3301466	0
936.15	0	.3930265	.2766343	.3303391	0
935.15	0	.3928084	.2766606	.330531	0
934.15	0	.3925924	.2766854	.3307221	0
933.15	0	.3923787	.2767087	.3309126	0
932.15	0	.3921672	.2767306	.3311023	0
931.15	0	.3919578	.2767509	.3312912	0
930.15	0	.3917507	.2767699	.3314795	0
929.15	0	.3915457	.2767874	.331667	0
928.15	0	.3913428	.2768035	.3318537	0
927.15	0	.3911421	.2768181	.3320397	0
926.15	0	.3909435	.2768314	.332225	0
925.15	0	.3907471	.2768434	.3324095	0
924.15	0	.3905528	.276854	.3325933	0
923.15	0	.3903606	.2768632	.3327762	0
922.15	0	.3901704	.2768711	.3329585	0
921.15	0	.3899824	.2768777	.3331399	0
920.15	0	.3897964	.276883	.3333206	0
919.15	0	.3896125	.2768871	.3335005	0
918.15	0	.3894306	.2768899	.3336796	0
917.15	0	.3892507	.2768914	.3338579	0
916.15	0	.3890729	.2768917	.3340354	0
915.15	0	.3888971	.2768909	.3342121	0
914.15	0	.3887232	.2768888	.334388	0
913.15	0	.3885513	.2768856	.3345631	0
912.15	0	.3883814	.2768813	.3347373	0
911.15	0	.3882134	.2768758	.3349108	0
910.15	0	.3880474	.2768692	.3350834	0
909.15	0	.3878833	.2768616	.3352551	0
908.15	0	.387721	.2768529	.335426	0
907.15	0	.3875607	.2768432	.3355961	0
906.15	0	.3874022	.2768325	.3357653	0
905.15	0	.3872455	.2768208	.3359337	0
904.15	0	.3870907	.2768081	.3361011	0
903.15	0	.3869377	.2767945	.3362677	0
902.15	0	.3867865	.2767801	.3364335	0
901.15	0	.386637	.2767647	.3365983	0
900.15	0	.3864893	.2767485	.3367622	0
899.15	0	.3863434	.2767314	.3369252	0
898.15	0	.3861991	.2767136	.3370873	0
897.15	0	.3860565	.276695	.3372485	0
896.15	0	.3859156	.2766756	.3374088	0
895.15	0	.3857763	.2766556	.3375681	0
894.15	0	.3856387	.2766348	.3377265	0
893.15	0	.3855027	.2766135	.3378839	0
892.15	0	.3853682	.2765915	.3380403	0
891.15	0	.3852353	.2765689	.3381958	0
890.15	0	.3851039	.2765458	.3383503	0
889.15	0	.384974	.2765222	.3385038	0
888.15	0	.3848455	.2764981	.3386564	0
887.15	0	.3847185	.2764736	.3388079	0
886.15	0	.384593	.2764486	.3389584	0
885.15	0	.3844688	.2764233	.3391079	0
884.15	0	.384346	.2763977	.3392563	0
883.15	0	.3842245	.2763718	.3394037	0
882.15	0	.3841043	.2763457	.33955	0
881.15	0	.3839854	.2763193	.3396953	0
880.15	0	.3838678	.2762928	.3398395	0
879.15	0	.3837513	.2762662	.3399825	0
878.15	0	.383636	.2762395	.3401245	0
877.15	0	.3835218	.2762128	.3402654	0
876.15	0	.3834088	.2761861	.3404051	0
875.15	0	.3832968	.2761594	.3405438	0
874.15	0	.3831859	.2761329	.3406812	0
873.15	0	.3830759	.2761066	.3408175	0
872.15	0	.3829669	.2760805	.3409526	0
871.15	0	.3828588	.2760546	.3410865	0
870.15	0	.3827516	.2760291	.3412193	0
869.15	0	.3826453	.276004	.3413507	0
868.15	0	.3825397	.2759793	.341481	0
867.15	0	.3824349	.2759551	.34161	0
866.15	0	.3823307	.2759315	.3417378	0
865.15	0	.3822273	.2759085	.3418642	0
864.15	0	.3821244	.2758862	.3419894	0
863.15	0	.3820221	.2758647	.3421132	0
862.15	0	.3819203	.275844	.3422357	0
861.15	0	.381819	.2758241	.3423569	0
860.15	0	.3817181	.2758052	.3424767	0
859.15	0	.3816175	.2757874	.3425951	0
858.15	0	.3815173	.2757707	.3427121	0
857.15	0	.3814172	.2757551	.3428277	0
856.15	0	.3813174	.2757408	.3429418	0
855.15	0	.3812177	.2757279	.3430544	0
854.15	0	.381118	.2757164	.3431656	0
853.15	0	.3810184	.2757064	.3432752	0
852.15	0	.3809187	.275698	.3433833	0
851.15	0	.3808188	.2756913	.3434898	0
850.15	0	.3807188	.2756865	.3435948	0
849.15	0	.3806184	.2756835	.3436981	0
848.15	0	.3805177	.2756825	.3437998	0
847.15	0	.3804166	.2756837	.3438998	0
846.15	0	.3803149	.275687	.343998	0
845.15	0	.3802127	.2756927	.3440946	0
844.15	0	.3801098	.2757009	.3441894	0
843.15	0	.380006	.2757116	.3442824	0
842.15	0	.3799015	.275725	.3443735	0
841.15	0	.3797959	.2757413	.3444628	0
840.15	0	.3796893	.2757605	.3445502	0
839.15	0	.3795815	.2757828	.3446356	0
838.15	0	.3794725	.2758085	.344719	0
837.15	0	.3793621	.2758375	.3448004	0
836.15	0	.3792501	.2758702	.3448797	0
835.15	0	.3791365	.2759066	.3449569	0
834.15	0	.3790211	.2759469	.3450319	0
833.15	0	.3789039	.2759914	.3451047	0
832.15	0	.3787846	.2760403	.3451752	0
831.15	0	.378663	.2760936	.3452433	0
830.15	0	.3785392	.2761518	.3453091	0
829.15	0	.3784128	.2762149	.3453723	0
828.15	0	.3782837	.2762833	.345433	0
827.15	0	.3781517	.2763572	.3454911	0
826.15	0	.3780166	.2764368	.3455465	0
825.15	0	.3778783	.2765226	.3455992	0
824.15	0	.3777364	.2766147	.3456489	0
823.15	0	.3775907	.2767136	.3456957	0
822.15	0	.377441	.2768195	.3457395	0
821.15	0	.3772871	.2769329	.34578	0
820.15	0	.3771286	.2770542	.3458173	0
819.15	0	.3769651	.2771837	.3458512	0
818.15	0	.3767964	.2773221	.3458815	0
817.15	0	.3766222	.2774698	.3459081	0
816.15	0	.3764419	.2776273	.3459309	0
815.15	0	.3762552	.2777952	.3459496	0
814.15	0	.3760615	.2779743	.3459641	0
813.15	0	.3758605	.2781653	.3459742	0
812.15	0	.3756514	.2783689	.3459797	0
811.15	0	.3754337	.2785861	.3459802	0
810.15	0	.3752066	.2788177	.3459756	0
809.15	0	.3749695	.279065	.3459655	0
808.15	0	.3747213	.2793291	.3459496	0
807.15	0	.3744612	.2796114	.3459274	0
806.15	0	.3741879	.2799134	.3458986	0
805.15	0	.3739003	.280237	.3458627	0
804.15	0	.3735969	.2805841	.345819	0
803.15	0	.3732759	.2809571	.345767	0
802.15	0	.3729354	.2813588	.3457058	0
801.15	0	.3721539	.2823538	.3454923	0
800.15	0	.3712414	.2835297	.345229	0
799.15	0	.3704473	.2845524	.3450004	0
798.15	0	.3697476	.2854536	.3447988	0
797.15	0	.3691253	.2862558	.3446189	0
796.15	0	.3685679	.2869753	.3444568	0
795.15	0	.3680659	.2876245	.3443096	0
794.15	0	.3676117	.2882131	.3441752	0
793.15	0	.3671995	.2887489	.3440516	0
792.15	0	.3668242	.2892383	.3439375	0
791.15	0	.3664819	.2896864	.3438317	0
790.15	0	.366169	.2900977	.3437333	0
789.15	0	.3658828	.2904758	.3436414	0
788.15	0	.3656206	.2908241	.3435553	0
787.15	0	.3653802	.2911452	.3434745	0
786.15	0	.3651599	.2914416	.3433985	0
785.15	0	.3649579	.2917154	.3433267	0
784.15	0	.3647756	.2919662	.3432582	0
783.15	0	.3646056	.2922004	.343194	0
782.15	0	.36445	.292417	.3431331	0
781.15	0	.3643076	.2926173	.3430751	0
780.15	0	.3641776	.2928025	.3430199	0
779.15	0	.3640589	.2929739	.3429673	0
778.15	0	.3639509	.2931322	.3429169	0
777.15	0	.3638528	.2932784	.3428688	0
776.15	0	.3637639	.2934134	.3428227	0
775.15	0	.3636837	.2935378	.3427785	0
774.15	0	.3636115	.2936525	.342736	0
773.15	0	.3635469	.2937579	.3426952	0
772.15	0	.3634893	.2938548	.3426558	0
771.15	0	.3634384	.2939437	.3426179	0
770.15	0	.3633937	.2940249	.3425813	0
769.15	0	.3633549	.2940991	.342546	0
768.15	0	.3633215	.2941667	.3425118	0
767.15	0	.3632934	.294228	.3424787	0
766.15	0	.36327	.2942834	.3424466	0
765.15	0	.3632512	.2943334	.3424154	0
764.15	0	.3632367	.2943781	.3423852	0
763.15	0	.3632262	.2944179	.3423558	0
762.15	0	.3632196	.2944532	.3423272	0
761.15	0	.3632165	.2944841	.3422994	0
760.15	0	.3632168	.294511	.3422722	0
759.15	0	.3632202	.294534	.3422458	0
758.15	0	.3632267	.2945534	.3422199	0
757.15	0	.3632359	.2945694	.3421947	0
756.15	0	.3632478	.2945823	.34217	0
755.15	0	.3632622	.2945921	.3421458	0
754.15	0	.3632789	.294599	.3421221	0
753.15	0	.3632978	.2946033	.3420989	0
752.15	0	.3633189	.2946051	.3420761	0
751.15	0	.3633418	.2946045	.3420537	0
750.15	0	.3633666	.2946017	.3420317	0
749.15	0	.3633931	.2945968	.3420101	0
748.15	0	.3634213	.2945899	.3419888	0
747.15	0	.3634509	.2945812	.3419679	0
746.15	0	.363482	.2945708	.3419473	0
745.15	0	.3635144	.2945587	.3419269	0
744.15	0	.363548	.2945451	.3419068	0
743.15	0	.3635829	.2945301	.341887	0
742.15	0	.3636188	.2945138	.3418675	0
741.15	0	.3636557	.2944962	.3418481	0
740.15	0	.3636936	.2944774	.341829	0
739.15	0	.3637323	.2944576	.3418101	0
738.15	0	.3637719	.2944368	.3417913	0
737.15	0	.3638122	.294415	.3417728	0
736.15	0	.3638533	.2943924	.3417544	0
735.15	0	.363895	.2943689	.3417361	0
734.15	0	.3639372	.2943447	.3417181	0
733.15	0	.3639801	.2943198	.3417001	0
732.15	0	.3640234	.2942943	.3416823	0
731.15	0	.3640672	.2942682	.3416646	0
730.15	0	.3641114	.2942416	.341647	0
729.15	0	.364156	.2942145	.3416295	0
728.15	0	.364201	.294187	.3416121	0
727.15	0	.3642462	.294159	.3415948	0
726.15	0	.3642917	.2941308	.3415776	0
725.15	0	.3643374	.2941022	.3415604	0
724.15	0	.3643833	.2940733	.3415433	0
723.15	0	.3644294	.2940443	.3415263	0
722.15	0	.3644757	.294015	.3415093	0
721.15	0	.364522	.2939855	.3414924	0
720.15	0	.3645685	.2939559	.3414756	0
719.15	0	.364615	.2939262	.3414587	0
718.15	0	.3646616	.2938965	.341442	0
717.15	0	.3647082	.2938666	.3414252	0
716.15	0	.3647548	.2938368	.3414085	0
715.15	0	.3648013	.2938069	.3413918	0
714.15	0	.3648478	.2937771	.3413751	0
713.15	0	.3648943	.2937473	.3413584	0
712.15	0	.3649407	.2937175	.3413418	0
711.15	0	.364987	.2936879	.3413251	0
710.15	0	.3650332	.2936583	.3413085	0
709.15	0	.3650792	.2936289	.3412919	0
708.15	0	.3651251	.2935996	.3412752	0
707.15	0	.3651709	.2935705	.3412586	0
706.15	0	.3652165	.2935415	.341242	0
705.15	0	.3652619	.2935128	.3412253	0
704.15	0	.3653072	.2934842	.3412086	0
703.15	0	.3653522	.2934558	.341192	0
702.15	0	.365397	.2934277	.3411753	0
701.15	0	.3654416	.2933998	.3411586	0
700.15	0	.365486	.2933721	.3411419	0
699.15	0	.3655301	.2933448	.3411251	0
698.15	0	.365574	.2933177	.3411084	0
697.15	0	.3656176	.2932908	.3410916	0
696.15	0	.365661	.2932643	.3410747	0
695.15	0	.3657041	.293238	.3410579	0
694.15	0	.3657469	.2932121	.341041	0
693.15	0	.3657894	.2931865	.3410241	0
692.15	0	.3658317	.2931612	.3410072	0
691.15	0	.3658736	.2931362	.3409902	0
690.15	0	.3659152	.2931116	.3409732	0
689.15	0	.3659566	.2930873	.3409561	0
688.15	0	.3659976	.2930634	.3409391	0
687.15	0	.3660383	.2930398	.3409219	0
686.15	0	.3660787	.2930166	.3409048	0
685.15	0	.3661187	.2929937	.3408876	0
684.15	0	.3661585	.2929712	.3408703	0
683.15	0	.3661979	.2929491	.340853	0
682.15	0	.3662369	.2929274	.3408357	0
681.15	0	.3662757	.292906	.3408183	0
680.15	0	.3663141	.292885	.3408009	0
679.15	0	.3663521	.2928644	.3407834	0
678.15	0	.3663898	.2928443	.3407659	0
677.15	0	.3664272	.2928245	.3407484	0
676.15	0	.3664642	.2928051	.3407308	0
675.15	0	.3665008	.2927861	.3407131	0
674.15	0	.3665371	.2927675	.3406954	0
673.15	0	.3665731	.2927493	.3406777	0
672.15	0	.3666087	.2927315	.3406599	0
671.15	0	.3666439	.2927141	.340642	0
670.15	0	.3666788	.2926971	.3406241	0
669.15	0	.3667133	.2926805	.3406062	0
668.15	0	.3667474	.2926644	.3405882	0
667.15	0	.3667812	.2926486	.3405701	0
666.15	0	.3668147	.2926333	.340552	0
665.15	0	.3668478	.2926184	.3405339	0
664.15	0	.3668805	.2926039	.3405157	0
663.15	0	.3669128	.2925898	.3404974	0
662.15	0	.3669448	.2925761	.3404791	0
661.15	0	.3669765	.2925628	.3404607	0
660.15	0	.3670078	.2925499	.3404423	0
659.15	0	.3670387	.2925375	.3404239	0
658.15	0	.3670692	.2925255	.3404053	0
657.15	0	.3670994	.2925138	.3403868	0
656.15	0	.3671293	.2925026	.3403681	0
655.15	0	.3671587	.2924918	.3403495	0
654.15	0	.3671879	.2924814	.3403307	0
653.15	0	.3672166	.2924714	.340312	0
652.15	0	.367245	.2924619	.3402931	0
651.15	0	.3672731	.2924527	.3402742	0
650.15	0	.3673008	.292444	.3402553	0
649.15	0	.3673281	.2924356	.3402363	0
648.15	0	.3673551	.2924276	.3402173	0
647.15	0	.3673817	.2924201	.3401982	0
646.15	0	.367408	.292413	.340179	0
645.15	0	.367434	.2924062	.3401598	0
644.15	0	.3674595	.2923999	.3401406	0
643.15	0	.3674848	.292394	.3401213	0
642.15	0	.3675097	.2923884	.3401019	0
641.15	0	.3675342	.2923833	.3400825	0
640.15	0	.3675584	.2923785	.340063	0
639.15	0	.3675823	.2923742	.3400435	0
638.15	0	.3676058	.2923702	.340024	0
637.15	0	.367629	.2923666	.3400044	0
636.15	0	.3676518	.2923635	.3399847	0
635.15	0	.3676743	.2923607	.339965	0
634.15	0	.3676965	.2923582	.3399452	0
633.15	0	.3677184	.2923562	.3399254	0
632.15	0	.3677399	.2923546	.3399056	0
631.15	0	.367761	.2923533	.3398857	0
630.15	0	.3677819	.2923524	.3398657	0
629.15	0	.3678024	.2923519	.3398457	0
628.15	0	.3678226	.2923517	.3398257	0
627.15	0	.3678425	.2923519	.3398056	0
626.15	0	.367862	.2923525	.3397854	0
625.15	0	.3678813	.2923535	.3397653	0
624.15	0	.3679002	.2923548	.339745	0
623.15	0	.3679188	.2923565	.3397247	0
622.15	0	.367937	.2923585	.3397044	0
621.15	0	.367955	.292361	.339684	0
620.15	0	.3679727	.2923637	.3396636	0
619.15	0	.36799	.2923668	.3396432	0
618.15	0	.3680071	.2923703	.3396226	0
617.15	0	.3680238	.2923741	.3396021	0
616.15	0	.3680402	.2923783	.3395815	0
615.15	0	.3680563	.2923828	.3395609	0
614.15	0	.3680721	.2923877	.3395402	0
613.15	0	.3680877	.2923929	.3395195	0
612.15	0	.3681029	.2923984	.3394987	0
611.15	0	.3681178	.2924043	.3394779	0
610.15	0	.3681325	.2924105	.339457	0
609.15	0	.3681468	.2924171	.3394361	0
608.15	0	.3681609	.2924239	.3394152	0
607.15	0	.3681746	.2924311	.3393943	0
606.15	0	.3681881	.2924386	.3393732	0
605.15	0	.3682013	.2924465	.3393522	0
604.15	0	.3682142	.2924547	.3393311	0
603.15	0	.3682268	.2924632	.33931	0
602.15	0	.3682392	.292472	.3392888	0
601.15	0	.3682513	.2924811	.3392676	0
600.15	0	.3682631	.2924905	.3392464	0
599.15	0	.3682746	.2925003	.3392251	0
598.15	0	.3682859	.2925103	.3392038	0
597.15	0	.3682968	.2925207	.3391825	0
596.15	0	.3683076	.2925313	.3391611	0
595.15	0	.368318	.2925423	.3391397	0
594.15	0	.3683282	.2925536	.3391183	0
593.15	0	.3683381	.2925651	.3390968	0
592.15	0	.3683478	.292577	.3390753	0
591.15	0	.3683572	.2925891	.3390537	0
590.15	0	.3683663	.2926015	.3390322	0
589.15	0	.3683752	.2926142	.3390106	0
588.15	0	.3683839	.2926272	.3389889	0
587.15	0	.3683922	.2926405	.3389673	0
586.15	0	.3684004	.2926541	.3389456	0
585.15	0	.3684083	.2926679	.3389238	0
584.15	0	.3684159	.292682	.3389021	0
583.15	0	.3684233	.2926964	.3388803	0
582.15	0	.3684305	.2927111	.3388585	0
581.15	0	.3684374	.292726	.3388367	0
580.15	0	.368444	.2927412	.3388148	0
579.15	0	.3684505	.2927566	.3387929	0
578.15	0	.3684567	.2927723	.338771	0
577.15	0	.3684626	.2927883	.3387491	0
576.15	0	.3684684	.2928045	.3387271	0
575.15	0	.3684739	.292821	.3387051	0
574.15	0	.3684792	.2928378	.3386831	0
573.15	0	.3684842	.2928548	.338661	0
572.15	0	.368489	.292872	.338639	0
571.15	0	.3684936	.2928895	.3386169	0
570.15	0	.368498	.2929072	.3385948	0
569.15	0	.3685021	.2929252	.3385727	0
568.15	0	.3685061	.2929434	.3385505	0
567.15	0	.3685098	.2929618	.3385284	0
566.15	0	.3685133	.2929805	.3385062	0
565.15	0	.3685166	.2929994	.338484	0
564.15	0	.3685197	.2930186	.3384618	0
563.15	0	.3685225	.2930379	.3384395	0
562.15	0	.3685252	.2930575	.3384173	0
561.15	0	.3685277	.2930773	.338395	0
560.15	0	.3685299	.2930974	.3383727	0
559.15	0	.3685319	.2931177	.3383504	0
558.15	0	.3685338	.2931381	.3383281	0
557.15	0	.3685354	.2931588	.3383058	0
556.15	0	.3685369	.2931797	.3382834	0
555.15	0	.3685381	.2932008	.3382611	0
554.15	0	.3685392	.2932222	.3382387	0
553.15	0	.36854	.2932437	.3382163	0
552.15	0	.3685407	.2932654	.3381939	0
551.15	0	.3685411	.2932874	.3381715	0
550.15	0	.3685414	.2933095	.3381491	0
549.15	0	.3685415	.2933319	.3381266	0
548.15	0	.3685414	.2933544	.3381042	0
547.15	0	.3685411	.2933771	.3380818	0
546.15	0	.3685407	.2934	.3380593	0
545.15	0	.36854	.2934232	.3380368	0
544.15	0	.3685392	.2934464	.3380144	0
543.15	0	.3685382	.2934699	.3379919	0
542.15	0	.368537	.2934936	.3379694	0
541.15	0	.3685357	.2935175	.3379469	0
540.15	0	.3685341	.2935415	.3379244	0
539.15	0	.3685324	.2935657	.3379019	0
538.15	0	.3685305	.2935901	.3378794	0
537.15	0	.3685285	.2936146	.3378569	0
536.15	0	.3685263	.2936394	.3378344	0
535.15	0	.3685239	.2936643	.3378119	0
534.15	0	.3685214	.2936893	.3377893	0
533.15	0	.3685186	.2937145	.3377668	0
532.15	0	.3685158	.29374	.3377443	0
531.15	0	.3685127	.2937655	.3377218	0
530.15	0	.3685095	.2937912	.3376993	0
529.15	0	.3685062	.2938171	.3376767	0
528.15	0	.3685026	.2938431	.3376542	0
527.15	0	.368499	.2938693	.3376317	0
526.15	0	.3684951	.2938957	.3376092	0
525.15	0	.3684912	.2939221	.3375867	0
524.15	0	.368487	.2939488	.3375642	0
523.15	0	.3684828	.2939756	.3375417	0
522.15	0	.3684783	.2940025	.3375192	0
521.15	0	.3684737	.2940296	.3374967	0
520.15	0	.368469	.2940568	.3374742	0
519.15	0	.3684643	.2940841	.3374516	0
518.15	0	.3684593	.2941116	.3374291	0
517.15	0	.3684541	.2941392	.3374066	0
516.15	0	.3684488	.294167	.3373842	0
515.15	0	.3684434	.2941949	.3373617	0
514.15	0	.3684378	.2942229	.3373393	0
513.15	0	.3684321	.2942511	.3373168	0
512.15	0	.3684263	.2942793	.3372944	0
511.15	0	.3684203	.2943077	.337272	0
510.15	0	.3684141	.2943363	.3372496	0
509.15	0	.3684079	.2943649	.3372272	0
508.15	0	.3684015	.2943937	.3372048	0
507.15	0	.368395	.2944225	.3371825	0
506.15	0	.3683884	.2944515	.3371601	0
505.15	0	.3683816	.2944807	.3371378	0
504.15	0	.3683747	.2945099	.3371154	0
503.15	0	.3683677	.2945392	.3370931	0
502.15	0	.3683605	.2945686	.3370708	0
501.15	0	.3683533	.2945982	.3370486	0
500.15	0	.3683459	.2946278	.3370263	0
499.15	0	.3683384	.2946576	.337004	0
498.15	0	.3683307	.2946875	.3369818	0
497.15	0	.368323	.2947174	.3369596	0
496.15	0	.3683151	.2947475	.3369374	0
495.15	0	.3683071	.2947776	.3369153	0
494.15	0	.368299	.2948079	.3368931	0
493.15	0	.3682908	.2948382	.336871	0
492.15	0	.3682825	.2948687	.3368489	0
491.15	0	.368274	.2948992	.3368268	0
490.15	0	.3682655	.2949298	.3368047	0
489.15	0	.3682568	.2949605	.3367827	0
488.15	0	.3682481	.2949913	.3367606	0
487.15	0	.3682392	.2950222	.3367387	0
486.15	0	.3682302	.2950531	.3367167	0
485.15	0	.3682212	.2950841	.3366947	0
484.15	0	.368212	.2951152	.3366728	0
483.15	0	.3682027	.2951464	.3366509	0
482.15	0	.3681933	.2951777	.336629	0
481.15	0	.3681838	.295209	.3366072	0
480.15	0	.3681742	.2952404	.3365854	0
479.15	0	.3681645	.2952719	.3365636	0
478.15	0	.3681547	.2953035	.3365418	0
477.15	0	.3681448	.2953351	.3365201	0
476.15	0	.3681349	.2953668	.3364984	0
475.15	0	.3681248	.2953985	.3364767	0
474.15	0	.3681146	.2954303	.3364551	0
473.15	0	.3681044	.2954622	.3364334	0
472.15	0	.368094	.2954941	.3364119	0
471.15	0	.3680836	.2955261	.3363903	0
470.15	0	.368073	.2955582	.3363688	0
469.15	0	.3680624	.2955903	.3363473	0
468.15	0	.3680517	.2956225	.3363258	0
467.15	0	.3680409	.2956547	.3363044	0
466.15	0	.36803	.2956869	.336283	0
465.15	0	.3680191	.2957192	.3362617	0
464.15	0	.368008	.2957516	.3362404	0
463.15	0	.3679969	.295784	.3362191	0
462.15	0	.3679857	.2958165	.3361978	0
461.15	0	.3679744	.295849	.3361766	0
460.15	0	.367963	.2958815	.3361555	0
459.15	0	.3679516	.2959141	.3361343	0
458.15	0	.36794	.2959467	.3361132	0
457.15	0	.3679284	.2959794	.3360922	0
456.15	0	.3679167	.2960121	.3360712	0
455.15	0	.367905	.2960448	.3360502	0
454.15	0	.3678932	.2960776	.3360293	0
453.15	0	.3678812	.2961104	.3360084	0
452.15	0	.3678693	.2961432	.3359875	0
451.15	0	.3678572	.2961761	.3359667	0
450.15	0	.3678451	.296209	.3359459	0
449.15	0	.3678329	.2962419	.3359252	0
448.15	0	.3678207	.2962748	.3359045	0
447.15	0	.3678084	.2963077	.3358839	0
446.15	0	.367796	.2963407	.3358633	0
445.15	0	.3677836	.2963736	.3358428	0
444.15	0	.3677711	.2964066	.3358223	0
443.15	0	.3677586	.2964395	.3358019	0
442.15	0	.367746	.2964725	.3357815	0
441.15	0	.3677334	.2965054	.3357612	0
440.15	0	.3677207	.2965384	.3357409	0
439.15	0	.367708	.2965713	.3357207	0
