T	 BPW(LIQUID)	BPW(BCC_A2)	BPW(FCC_A1)	BPW(LAVES_PHASE_C14)	BPW(NI3TI)
1473.15	.2382394	.7216462	0	.04011435	0
1472.15	.2323173	.7254533	0	.04222938	0
1471.15	.2265031	.729186	0	.0443109	0
1470.15	.2207941	.7328461	0	.0463598	0
1469.15	.2151876	.7364354	0	.04837694	0
1468.15	.2096809	.7399559	0	.05036316	0
1467.15	.2042716	.7434092	0	.05231928	0
1466.15	.198957	.7467969	0	.05424606	0
1465.15	.1937349	.7501208	0	.05614427	0
1464.15	.1886029	.7533824	0	.05801464	0
1463.15	.1835589	.7565833	0	.05985787	0
1462.15	.1786006	.7597248	0	.06167465	0
1461.15	.173726	.7628084	0	.06346563	0
1460.15	.168933	.7658355	0	.06523146	0
1459.15	.1642197	.7688075	0	.06697276	0
1458.15	.1595842	.7717256	0	.06869012	0
1457.15	.1550247	.7745912	0	.07038413	0
1456.15	.1505393	.7774053	0	.07205536	0
1455.15	.1461264	.7801693	0	.07370434	0
1454.15	.1417842	.7828842	0	.07533161	0
1453.15	.1375112	.7855512	0	.07693767	0
1452.15	.1333057	.7881713	0	.07852304	0
1451.15	.1291662	.7907456	0	.08008818	0
1450.15	.1250913	.7932751	0	.08163358	0
1449.21	.1213187	.7956128	0	.08306853	0
1449.21	.1213187	.7956128	0	.08306853	0
1449.21	.1213187	.7956128	0	.08306853	0
1449.15	.1203646	.7947383	.001511454	.0833857	0
1448.15	.1046415	.7804066	.02635996	.08859197	0
1447.15	.08921171	.7664901	.0506351	.09366309	0
1446.15	.07406432	.7529746	.07435722	.09860392	0
1445.15	.05918895	.7398462	.09754573	.1034191	0
1444.15	.0445757	.7270921	.1202192	.108113	0
1443.15	.03021509	.7146997	.1423952	.11269	0
1442.15	.01609808	.7026572	.1640908	.1171539	0
1441.15	.002215973	.6909532	.1853221	.1215088	0
1440.989	0	.6890977	.1887015	.1222007	0
1440.989	0	.6890977	.1887015	.1222007	0
1440.15	0	.6865501	.190724	.1227259	0
1439.15	0	.6835207	.1931295	.1233498	0
1438.15	0	.6804994	.1955292	.1239715	0
1437.15	0	.6774863	.1979229	.1245908	0
1436.15	0	.6744815	.2003108	.1252078	0
1435.15	0	.6714848	.2026928	.1258225	0
1434.15	0	.6684962	.2050689	.1264349	0
1433.15	0	.6655157	.2074392	.1270451	0
1432.15	0	.6625433	.2098036	.127653	0
1431.15	0	.659579	.2121623	.1282587	0
1430.15	0	.6566228	.2145151	.1288621	0
1429.15	0	.6536745	.2168621	.1294634	0
1428.15	0	.6507343	.2192034	.1300623	0
1427.15	0	.647802	.2215388	.1306592	0
1426.15	0	.6448777	.2238685	.1312538	0
1425.15	0	.6419613	.2261925	.1318462	0
1424.15	0	.6390529	.2285107	.1324365	0
1423.15	0	.6361523	.2308232	.1330245	0
1422.15	0	.6332596	.2331299	.1336105	0
1421.15	0	.6303747	.235431	.1341943	0
1420.15	0	.6274976	.2377264	.134776	0
1419.15	0	.6246284	.240016	.1353556	0
1418.15	0	.6217669	.2423001	.135933	0
1417.15	0	.6189132	.2445784	.1365084	0
1416.15	0	.6160673	.2468511	.1370816	0
1415.15	0	.6132291	.2491181	.1376528	0
1414.15	0	.6103985	.2513795	.138222	0
1413.15	0	.6075757	.2536353	.138789	0
1412.15	0	.6047605	.2558855	.139354	0
1411.15	0	.6019529	.2581301	.139917	0
1410.15	0	.599153	.260369	.1404779	0
1409.15	0	.5963607	.2626024	.1410369	0
1408.15	0	.593576	.2648303	.1415938	0
1407.15	0	.5907988	.2670525	.1421487	0
1406.15	0	.5880292	.2692692	.1427016	0
1405.15	0	.5852671	.2714804	.1432525	0
1404.15	0	.5825125	.273686	.1438015	0
1403.15	0	.5797655	.2758861	.1443485	0
1402.15	0	.5770259	.2780806	.1448935	0
1401.15	0	.5742937	.2802697	.1454366	0
1400.15	0	.571569	.2824532	.1459777	0
1399.15	0	.5688517	.2846313	.146517	0
1398.15	0	.5661419	.2868039	.1470543	0
1397.15	0	.5634394	.2889709	.1475896	0
1396.15	0	.5607443	.2911326	.1481231	0
1395.15	0	.5580566	.2932887	.1486547	0
1394.15	0	.5553762	.2954394	.1491844	0
1393.15	0	.5527031	.2975846	.1497123	0
1392.15	0	.5500373	.2997244	.1502383	0
1391.15	0	.5473789	.3018588	.1507624	0
1390.15	0	.5447277	.3039877	.1512846	0
1389.15	0	.5420837	.3061113	.151805	0
1388.15	0	.539447	.3082294	.1523236	0
1387.15	0	.5368176	.3103421	.1528404	0
1386.15	0	.5341953	.3124494	.1533553	0
1385.15	0	.5315803	.3145513	.1538684	0
1384.15	0	.5289725	.3166478	.1543797	0
1383.15	0	.5263718	.3187389	.1548893	0
1382.15	0	.5237783	.3208247	.155397	0
1381.15	0	.5211919	.3229051	.155903	0
1380.15	0	.5186127	.3249801	.1564072	0
1379.15	0	.5160406	.3270498	.1569096	0
1378.15	0	.5134756	.3291141	.1574103	0
1377.15	0	.5109177	.3311731	.1579092	0
1376.15	0	.5083668	.3332267	.1584064	0
1375.15	0	.5058231	.335275	.1589019	0
1374.15	0	.5032864	.337318	.1593957	0
1373.15	0	.5007567	.3393556	.1598877	0
1372.15	0	.4982341	.3413879	.160378	0
1371.15	0	.4957185	.3434149	.1608666	0
1370.15	0	.4932098	.3454366	.1613536	0
1369.15	0	.4907082	.347453	.1618388	0
1368.15	0	.4882136	.349464	.1623224	0
1367.15	0	.4857259	.3514698	.1628043	0
1366.15	0	.4832452	.3534702	.1632845	0
1365.15	0	.4807715	.3554654	.1637631	0
1364.15	0	.4783047	.3574553	.16424	0
1363.15	0	.4758448	.3594399	.1647153	0
1362.15	0	.4733918	.3614192	.165189	0
1361.15	0	.4709458	.3633932	.165661	0
1360.15	0	.4685066	.365362	.1661314	0
1359.15	0	.4660744	.3673255	.1666002	0
1358.15	0	.463649	.3692837	.1670674	0
1357.15	0	.4612305	.3712366	.167533	0
1356.15	0	.4588188	.3731842	.1679969	0
1355.15	0	.456414	.3751266	.1684594	0
1354.15	0	.4540161	.3770638	.1689202	0
1353.15	0	.4516249	.3789956	.1693794	0
1352.15	0	.4492407	.3809223	.1698371	0
1351.15	0	.4468632	.3828436	.1702932	0
1350.15	0	.4444925	.3847597	.1707478	0
1349.15	0	.4421287	.3866705	.1712008	0
1348.15	0	.4397716	.3885761	.1716523	0
1347.15	0	.4374213	.3904764	.1721023	0
1346.15	0	.4350778	.3923715	.1725507	0
1345.15	0	.4327411	.3942613	.1729976	0
1344.15	0	.4304112	.3961458	.173443	0
1343.15	0	.428088	.3980252	.1738869	0
1342.15	0	.4257715	.3998992	.1743292	0
1341.15	0	.4234619	.401768	.1747701	0
1340.15	0	.4211589	.4036315	.1752095	0
1339.15	0	.4188627	.4054898	.1756474	0
1338.15	0	.4165733	.4073429	.1760839	0
1337.15	0	.4142905	.4091906	.1765188	0
1336.15	0	.4120145	.4110332	.1769523	0
1335.15	0	.4097452	.4128704	.1773844	0
1334.15	0	.4074826	.4147024	.177815	0
1333.15	0	.4052268	.4165292	.1782441	0
1332.15	0	.4029776	.4183506	.1786718	0
1331.15	0	.4007351	.4201668	.179098	0
1330.15	0	.3984994	.4219778	.1795229	0
1329.15	0	.3962703	.4237835	.1799463	0
1328.15	0	.3940479	.4255839	.1803683	0
1327.15	0	.3918322	.427379	.1807888	0
1326.15	0	.3896232	.4291688	.181208	0
1325.15	0	.3874208	.4309534	.1816258	0
1324.15	0	.3852252	.4327327	.1820421	0
1323.15	0	.3830362	.4345067	.1824571	0
1322.15	0	.3808539	.4362754	.1828707	0
1321.15	0	.3786783	.4380388	.1832829	0
1320.15	0	.3765093	.4397969	.1836938	0
1319.15	0	.374347	.4415497	.1841032	0
1318.15	0	.3721914	.4432973	.1845114	0
1317.15	0	.3700425	.4450395	.1849181	0
1316.15	0	.3679002	.4467763	.1853235	0
1315.15	0	.3657646	.4485079	.1857276	0
1314.15	0	.3636356	.4502341	.1861303	0
1313.15	0	.3615134	.451955	.1865316	0
1312.15	0	.3593978	.4536706	.1869317	0
1311.15	0	.3572888	.4553808	.1873304	0
1310.15	0	.3551866	.4570857	.1877278	0
1309.15	0	.353091	.4587852	.1881239	0
1308.15	0	.3510021	.4604793	.1885186	0
1307.15	0	.3489198	.4621681	.1889121	0
1306.15	0	.3468442	.4638515	.1893042	0
1305.15	0	.3447753	.4655296	.1896951	0
1304.15	0	.3427131	.4672022	.1900847	0
1303.15	0	.3406576	.4688695	.1904729	0
1302.15	0	.3386088	.4705313	.1908599	0
1301.15	0	.3365666	.4721877	.1912457	0
1300.15	0	.3345312	.4738387	.1916301	0
1299.15	0	.3325024	.4754843	.1920133	0
1298.15	0	.3304804	.4771244	.1923952	0
1297.15	0	.328465	.4787591	.1927759	0
1296.15	0	.3264564	.4803884	.1931553	0
1295.15	0	.3244544	.4820121	.1935334	0
1294.15	0	.3224592	.4836304	.1939104	0
1293.15	0	.3204707	.4852433	.194286	0
1292.15	0	.3184889	.4868506	.1946605	0
1291.15	0	.3165139	.4884524	.1950337	0
1290.15	0	.3145456	.4900487	.1954057	0
1289.15	0	.3125841	.4916395	.1957764	0
1288.15	0	.3106293	.4932247	.196146	0
1287.15	0	.3086813	.4948044	.1965143	0
1286.15	0	.30674	.4963786	.1968814	0
1285.15	0	.3048055	.4979471	.1972474	0
1284.15	0	.3028778	.4995101	.1976121	0
1283.15	0	.3009569	.5010675	.1979756	0
1282.15	0	.2990428	.5026193	.1983379	0
1281.15	0	.2971355	.5041654	.1986991	0
1280.15	0	.295235	.505706	.199059	0
1279.15	0	.2933414	.5072408	.1994178	0
1278.15	0	.2914545	.5087701	.1997754	0
1277.15	0	.2895745	.5102936	.2001319	0
1276.15	0	.2877014	.5118115	.2004871	0
1275.15	0	.2858351	.5133236	.2008412	0
1274.15	0	.2839757	.5148301	.2011942	0
1273.15	0	.2821232	.5163308	.201546	0
1272.15	0	.2802776	.5178257	.2018966	0
1271.15	0	.2784389	.5193149	.2022461	0
1270.15	0	.2766071	.5207984	.2025945	0
1269.15	0	.2747823	.522276	.2029417	0
1268.15	0	.2729644	.5237478	.2032878	0
1267.15	0	.2711534	.5252138	.2036328	0
1266.15	0	.2693494	.526674	.2039766	0
1265.15	0	.2675525	.5281283	.2043193	0
1264.15	0	.2657625	.5295767	.2046609	0
1263.15	0	.2639795	.5310192	.2050013	0
1262.15	0	.2622035	.5324558	.2053407	0
1261.15	0	.2604346	.5338865	.2056789	0
1260.15	0	.2586727	.5353112	.2060161	0
1259.15	0	.2569179	.53673	.2063521	0
1258.15	0	.2551702	.5381427	.206687	0
1257.15	0	.2534296	.5395495	.2070209	0
1256.15	0	.2516961	.5409502	.2073537	0
1255.15	0	.2499698	.5423449	.2076853	0
1254.15	0	.2482506	.5437335	.2080159	0
1253.15	0	.2465385	.5451161	.2083454	0
1252.15	0	.2448337	.5464925	.2086738	0
1251.15	0	.2431361	.5478628	.2090012	0
1250.15	0	.2414456	.5492269	.2093275	0
1249.15	0	.2397625	.5505848	.2096527	0
1248.15	0	.2380866	.5519366	.2099769	0
1247.15	0	.2364179	.5532821	.2103	0
1246.15	0	.2347566	.5546214	.210622	0
1245.15	0	.2331026	.5559544	.210943	0
1244.15	0	.2314559	.5572812	.2112629	0
1243.15	0	.2298166	.5586016	.2115818	0
1242.15	0	.2281847	.5599156	.2118997	0
1241.15	0	.2265602	.5612233	.2122165	0
1240.15	0	.2249431	.5625247	.2125323	0
1239.15	0	.2233335	.5638196	.212847	0
1238.15	0	.2217313	.565108	.2131607	0
1237.15	0	.2201366	.56639	.2134734	0
1236.15	0	.2185495	.5676655	.213785	0
1235.15	0	.2169699	.5689345	.2140957	0
1234.15	0	.2153978	.5701969	.2144053	0
1233.15	0	.2138334	.5714527	.2147139	0
1232.15	0	.2122766	.572702	.2150215	0
1231.15	0	.2107274	.5739446	.215328	0
1230.15	0	.2091859	.5751805	.2156336	0
1229.15	0	.2076521	.5764098	.2159382	0
1228.15	0	.206126	.5776323	.2162417	0
1227.15	0	.2046076	.5788481	.2165443	0
1226.15	0	.203097	.5800571	.2168459	0
1225.15	0	.2015943	.5812593	.2171465	0
1224.15	0	.2000994	.5824546	.2174461	0
1223.15	0	.1986123	.583643	.2177447	0
1222.15	0	.1971331	.5848246	.2180423	0
1221.15	0	.1956619	.5859992	.2183389	0
1220.15	0	.1941985	.5871669	.2186346	0
1219.15	0	.1927432	.5883275	.2189293	0
1218.15	0	.1912959	.5894811	.219223	0
1217.15	0	.1898567	.5906276	.2195157	0
1216.15	0	.1884255	.591767	.2198075	0
1215.15	0	.1870024	.5928993	.2200983	0
1214.15	0	.1855875	.5940244	.2203882	0
1213.15	0	.1841807	.5951422	.2206771	0
1212.15	0	.1827822	.5962528	.220965	0
1211.15	0	.1813919	.5973562	.221252	0
1210.15	0	.1800098	.5984522	.221538	0
1209.15	0	.1786361	.5995408	.2218231	0
1208.15	0	.1772707	.6006221	.2221072	0
1207.15	0	.1759138	.6016959	.2223904	0
1206.15	0	.1745652	.6027622	.2226726	0
1205.15	0	.1732251	.603821	.2229539	0
1204.15	0	.1718935	.6048723	.2232343	0
1203.15	0	.1705704	.6059159	.2235137	0
1202.15	0	.1692559	.6069519	.2237922	0
1201.15	0	.1679499	.6079803	.2240698	0
1200.15	0	.1666527	.6090009	.2243464	0
1199.15	0	.1653641	.6100138	.2246221	0
1198.15	0	.1640843	.6110188	.2248969	0
1197.15	0	.1628132	.612016	.2251708	0
1196.15	0	.1615509	.6130054	.2254437	0
1195.15	0	.1602975	.6139867	.2257158	0
1194.15	0	.159053	.6149602	.2259869	0
1193.15	0	.1578174	.6159255	.2262571	0
1192.15	0	.1565908	.6168829	.2265264	0
1191.15	0	.1553732	.6178321	.2267948	0
1190.15	0	.1541647	.6187731	.2270622	0
1189.15	0	.1529652	.6197059	.2273288	0
1188.15	0	.151775	.6206305	.2275945	0
1187.15	0	.1505939	.6215468	.2278593	0
1186.15	0	.1494221	.6224548	.2281232	0
1185.15	0	.1482596	.6233543	.2283861	0
1184.15	0	.1471064	.6242454	.2286482	0
1183.15	0	.1459626	.625128	.2289094	0
1182.15	0	.1448282	.626002	.2291697	0
1181.15	0	.1437034	.6268675	.2294292	0
1180.15	0	.142588	.6277243	.2296877	0
1179.15	0	.1414822	.6285724	.2299454	0
1178.15	0	.1403861	.6294118	.2302021	0
1177.15	0	.1392996	.6302423	.230458	0
1176.15	0	.1382229	.631064	.230713	0
1175.15	0	.137156	.6318768	.2309672	0
1174.15	0	.1360989	.6326807	.2312205	0
1173.15	0	.1350517	.6334755	.2314729	0
1172.15	0	.1340144	.6342612	.2317244	0
1171.15	0	.1329871	.6350378	.231975	0
1170.15	0	.1319699	.6358053	.2322248	0
1169.15	0	.1309627	.6365635	.2324738	0
1168.15	0	.1299658	.6373124	.2327218	0
1167.15	0	.128979	.638052	.232969	0
1166.15	0	.1280025	.6387821	.2332154	0
1165.15	0	.1270363	.6395028	.2334609	0
1164.15	0	.1260805	.640214	.2337055	0
1163.15	0	.1251352	.6409155	.2339493	0
1162.15	0	.1242003	.6416075	.2341922	0
1161.15	0	.123276	.6422897	.2344343	0
1160.15	0	.1223623	.6429622	.2346755	0
1159.15	0	.1214593	.6436248	.2349159	0
1158.15	0	.120567	.6442776	.2351554	0
1157.15	0	.1196855	.6449204	.2353941	0
1156.15	0	.1188148	.6455532	.235632	0
1155.15	0	.1179551	.6461759	.235869	0
1154.15	0	.1171062	.6467886	.2361052	0
1153.15	0	.1162685	.647391	.2363405	0
1152.15	0	.1154418	.6479831	.236575	0
1151.15	0	.1146263	.648565	.2368087	0
1150.15	0	.1138221	.6491364	.2370415	0
1149.15	0	.1130291	.6496974	.2372736	0
1148.15	0	.1122475	.6502478	.2375047	0
1147.15	0	.1114772	.6507877	.2377351	0
1146.15	0	.1107185	.6513169	.2379646	0
1145.15	0	.1099713	.6518354	.2381933	0
1144.15	0	.1092357	.6523431	.2384212	0
1143.15	0	.1085118	.65284	.2386482	0
1142.15	0	.1077996	.6533259	.2388745	0
1141.15	0	.1070992	.6538009	.2390999	0
1140.15	0	.1064107	.6542648	.2393245	0
1139.15	0	.1057341	.6547176	.2395483	0
1138.15	0	.1050696	.6551592	.2397712	0
1137.15	0	.1044171	.6555895	.2399934	0
1136.15	0	.1037768	.6560085	.2402148	0
1135.15	0	.1031486	.6564161	.2404353	0
1134.15	0	.1025328	.6568122	.240655	0
1133.15	0	.1019293	.6571968	.240874	0
1132.15	0	.1013382	.6575697	.2410921	0
1131.15	0	.1007596	.657931	.2413094	0
1130.15	0	.1001935	.6582805	.2415259	0
1129.15	0	.09964012	.6586182	.2417416	0
1128.15	0	.0990994	.6589441	.2419566	0
1127.15	0	.09857145	.6592579	.2421707	0
1126.15	0	.09805633	.6595597	.242384	0
1125.15	0	.09755413	.6598493	.2425965	0
1124.15	0	.0970649	.6601268	.2428083	0
1123.15	0	.09658873	.6603921	.2430192	0
1122.15	0	.09612567	.660645	.2432294	0
1121.15	0	.09567581	.6608855	.2434387	0
1120.15	0	.09523922	.6611135	.2436473	0
1119.15	0	.09481596	.661329	.2438551	0
1118.15	0	.09440611	.6615318	.2440621	0
1117.15	0	.09400974	.661722	.2442683	0
1116.15	0	.09362692	.6618993	.2444738	0
1115.15	0	.09325772	.6620639	.2446784	0
1114.15	0	.09290221	.6622155	.2448823	0
1113.15	0	.09256047	.6623541	.2450854	0
1112.15	0	.09223257	.6624797	.2452877	0
1111.15	0	.09191858	.6625922	.2454893	0
1110.15	0	.09161857	.6626914	.24569	0
1109.15	0	.09133261	.6627774	.24589	0
1108.15	0	.09106077	.66285	.2460893	0
1107.15	0	.09080312	.6629092	.2462877	0
1106.15	0	.09055974	.6629548	.2464854	0
1105.15	0	.09033069	.662987	.2466824	0
1104.15	0	.09011605	.6630054	.2468785	0
1103.15	0	.08991588	.6630102	.2470739	0
1102.15	0	.08973026	.6630012	.2472686	0
1101.15	0	.08955925	.6629783	.2474624	0
1100.15	0	.08940292	.6629415	.2476555	0
1099.15	0	.08926135	.6628908	.2478479	0
1098.15	0	.08913459	.6628259	.2480395	0
1097.15	0	.08902273	.6627469	.2482303	0
1096.15	0	.08892582	.6626538	.2484204	0
1095.15	0	.08884393	.6625463	.2486098	0
1094.15	0	.08877714	.6624245	.2487984	0
1093.15	0	.0887255	.6622883	.2489862	0
1092.15	0	.08868908	.6621377	.2491733	0
1091.15	0	.08866795	.6619724	.2493596	0
1090.15	0	.08866217	.6617926	.2495452	0
1089.15	0	.0886718	.6615981	.2497301	0
1088.15	0	.0886969	.6613889	.2499142	0
1087.15	0	.08873755	.6611649	.2500975	0
1086.15	0	.0887938	.660926	.2502802	0
1085.15	0	.08886571	.6606722	.2504621	0
1084.15	0	.08895334	.6604035	.2506432	0
1083.15	0	.08905675	.6601196	.2508236	0
1082.15	0	.089176	.6598207	.2510033	0
1081.15	0	.08931114	.6595066	.2511823	0
1080.15	0	.08946224	.6591773	.2513605	0
1079.15	0	.08962934	.6588327	.251538	0
1078.15	0	.0898125	.6584727	.2517148	0
1077.15	0	.09001178	.6580974	.2518908	0
1076.15	0	.09022723	.6577067	.2520661	0
1075.15	0	.09045889	.6573004	.2522407	0
1074.15	0	.09070682	.6568786	.2524146	0
1073.15	0	.09097107	.6564412	.2525877	0
1072.15	0	.09125168	.6559882	.2527602	0
1071.15	0	.0915487	.6555194	.2529319	0
1070.15	0	.09186218	.6550349	.2531029	0
1069.15	0	.09219216	.6545347	.2532732	0
1068.15	0	.09253867	.6540186	.2534428	0
1067.15	0	.09290177	.6534866	.2536116	0
1066.15	0	.09328149	.6529387	.2537798	0
1065.15	0	.09367787	.6523749	.2539472	0
1064.15	0	.09409094	.6517951	.254114	0
1063.15	0	.09452074	.6511992	.25428	0
1062.15	0	.09496731	.6505873	.2544454	0
1061.15	0	.09543067	.6499593	.25461	0
1060.15	0	.09591086	.6493152	.254774	0
1059.15	0	.0964079	.6486549	.2549372	0
1058.15	0	.09692182	.6479784	.2550998	0
1057.15	0	.09745264	.6472857	.2552616	0
1056.15	0	.0980004	.6465768	.2554228	0
1055.15	0	.0985651	.6458517	.2555832	0
1054.15	0	.09914677	.6451102	.255743	0
1053.15	0	.09974542	.6443525	.2559021	0
1052.15	0	.1003611	.6435784	.2560605	0
1051.15	0	.1009937	.642788	.2562183	0
1050.15	0	.1016434	.6419813	.2563753	0
1049.15	0	.1023102	.6411582	.2565316	0
1048.15	0	.1029939	.6403187	.2566873	0
1047.15	0	.1036948	.6394629	.2568423	0
1046.15	0	.1044126	.6385907	.2569967	0
1045.15	0	.1051476	.6377021	.2571503	0
1044.15	0	.1058995	.6367972	.2573033	0
1043.15	0	.1066686	.6358758	.2574556	0
1042.15	0	.1074546	.6349381	.2576072	0
1041.15	0	.1082577	.6339841	.2577582	0
1040.15	0	.1090779	.6330136	.2579085	0
1039.15	0	.109915	.6320269	.2580581	0
1038.15	0	.1107691	.6310238	.2582071	0
1037.15	0	.1116403	.6300043	.2583554	0
1036.15	0	.1125283	.6289686	.2585031	0
1035.15	0	.1134334	.6279166	.2586501	0
1034.15	0	.1143553	.6268483	.2587964	0
1033.15	0	.1152941	.6257638	.2589421	0
1032.15	0	.1162498	.6246631	.2590871	0
1031.15	0	.1172223	.6235462	.2592315	0
1030.15	0	.1182116	.6224132	.2593752	0
1029.15	0	.1192177	.6212641	.2595182	0
1028.15	0	.1202405	.6200989	.2596606	0
1027.15	0	.1212799	.6189177	.2598024	0
1026.15	0	.122336	.6177205	.2599435	0
1025.15	0	.1234087	.6165073	.260084	0
1024.15	0	.1244979	.6152783	.2602238	0
1023.15	0	.1256036	.6140334	.260363	0
1022.15	0	.1267257	.6127727	.2605015	0
1021.15	0	.1278643	.6114963	.2606394	0
1020.15	0	.1290191	.6102043	.2607767	0
1019.15	0	.1301902	.6088966	.2609133	0
1018.15	0	.1313774	.6075733	.2610493	0
1017.15	0	.1325808	.6062346	.2611846	0
1016.15	0	.1338002	.6048805	.2613193	0
1015.15	0	.1350357	.603511	.2614533	0
1014.15	0	.136287	.6021263	.2615868	0
1013.15	0	.1375541	.6007263	.2617196	0
1012.15	0	.138837	.5993113	.2618517	0
1011.15	0	.1401355	.5978812	.2619832	0
1010.15	0	.1414497	.5964362	.2621141	0
1009.15	0	.1427793	.5949764	.2622444	0
1008.15	0	.1441243	.5935017	.262374	0
1007.15	0	.1454846	.5920124	.262503	0
1006.15	0	.1468602	.5905085	.2626313	0
1005.15	0	.1482508	.5889902	.262759	0
1004.15	0	.1496565	.5874574	.2628861	0
1003.15	0	.1510771	.5859104	.2630125	0
1002.15	0	.1525124	.5843492	.2631384	0
1001.15	0	.1539625	.582774	.2632635	0
1000.15	0	.1554272	.5811848	.2633881	0
999.15	0	.1569063	.5795817	.263512	0
998.15	0	.1583998	.577965	.2636353	0
997.15	0	.1599075	.5763346	.2637579	0
996.15	0	.1614294	.5746907	.2638799	0
995.15	0	.1629652	.5730335	.2640013	0
994.15	0	.164515	.571363	.264122	0
993.15	0	.1660785	.5696795	.2642421	0
992.15	0	.1676556	.5679829	.2643615	0
991.15	0	.1692462	.5662736	.2644803	0
990.15	0	.1708501	.5645515	.2645984	0
989.15	0	.1724673	.5628168	.2647159	0
988.15	0	.1740976	.5610697	.2648328	0
987.15	0	.1757408	.5593103	.264949	0
986.15	0	.1773968	.5575387	.2650645	0
985.15	0	.1790655	.5557551	.2651794	0
984.15	0	.1807466	.5539597	.2652936	0
983.15	0	.1824402	.5521526	.2654072	0
982.15	0	.184146	.5503339	.2655201	0
981.15	0	.1858638	.5485039	.2656323	0
980.15	0	.1875936	.5466626	.2657439	0
979.15	0	.1893351	.5448101	.2658548	0
978.15	0	.1910882	.5429468	.265965	0
977.15	0	.1928528	.5410727	.2660745	0
976.15	0	.1946286	.5391881	.2661834	0
975.15	0	.1964155	.5372929	.2662915	0
974.15	0	.1982135	.5353876	.266399	0
973.15	0	.2000222	.5334721	.2665057	0
972.15	0	.2018415	.5315467	.2666117	0
971.15	0	.2036713	.5296116	.2667171	0
970.15	0	.2055114	.5276669	.2668217	0
969.15	0	.2073616	.5257128	.2669256	0
968.15	0	.2092217	.5237495	.2670288	0
967.15	0	.2110916	.5217772	.2671312	0
966.15	0	.2129711	.519796	.2672329	0
965.15	0	.21486	.5178061	.2673338	0
964.15	0	.2167582	.5158078	.267434	0
963.15	0	.2186654	.5138012	.2675334	0
962.15	0	.2205814	.5117865	.2676321	0
961.15	0	.2225062	.5097639	.2677299	0
960.15	0	.2244395	.5077335	.267827	0
959.15	0	.2263811	.5056957	.2679233	0
958.15	0	.2283308	.5036505	.2680188	0
957.15	0	.2302884	.5015981	.2681134	0
956.15	0	.2322538	.4995389	.2682072	0
955.15	0	.2341792	.4975178	.268303	0
954.15	0	.2360723	.4955273	.2684005	0
953.15	0	.237992	.4935117	.2684963	0
952.15	0	.2399369	.4914726	.2685904	0
951.15	0	.2419056	.4894114	.268683	0
950.15	0	.2438966	.4873295	.2687739	0
949.15	0	.2459086	.4852281	.2688633	0
948.15	0	.2479403	.4831086	.2689511	0
947.15	0	.2499906	.4809721	.2690374	0
946.15	0	.252058	.4788199	.2691221	0
945.15	0	.2541416	.476653	.2692054	0
944.15	0	.2562402	.4744727	.2692871	0
943.15	0	.2583527	.4722799	.2693674	0
942.15	0	.2604781	.4700757	.2694462	0
941.15	0	.2626154	.467861	.2695236	0
940.15	0	.2647636	.4656369	.2695995	0
939.15	0	.2669217	.4634043	.269674	0
938.15	0	.269089	.461164	.2697471	0
937.15	0	.2712644	.4589169	.2698187	0
936.15	0	.2734472	.4566638	.269889	0
935.15	0	.2756365	.4544056	.2699579	0
934.15	0	.2778316	.4521431	.2700253	0
933.15	0	.2800317	.4498769	.2700915	0
932.15	0	.282236	.4476078	.2701562	0
931.15	0	.284444	.4453365	.2702195	0
930.15	0	.2866548	.4430637	.2702815	0
929.15	0	.2888679	.44079	.2703421	0
928.15	0	.2910825	.4385161	.2704014	0
927.15	0	.2932981	.4362426	.2704593	0
926.15	0	.2955142	.43397	.2705159	0
925.15	0	.29773	.4316989	.2705711	0
924.15	0	.2999452	.4294299	.270625	0
923.15	0	.302159	.4271635	.2706775	0
922.15	0	.3043711	.4249002	.2707287	0
921.15	0	.3065809	.4226406	.2707786	0
920.15	0	.3087879	.420385	.2708271	0
919.15	0	.3109917	.418134	.2708743	0
918.15	0	.3131918	.415888	.2709202	0
917.15	0	.3153878	.4136475	.2709647	0
916.15	0	.3175793	.4114128	.2710079	0
915.15	0	.3197659	.4091843	.2710498	0
914.15	0	.3219471	.4069625	.2710904	0
913.15	0	.3241226	.4047477	.2711297	0
912.15	0	.326292	.4025404	.2711677	0
911.15	0	.328455	.4003407	.2712043	0
910.15	0	.3306112	.3981492	.2712397	0
909.15	0	.3327603	.395966	.2712737	0
908.15	0	.3349019	.3937917	.2713064	0
907.15	0	.3370358	.3916263	.2713379	0
906.15	0	.3391617	.3894703	.271368	0
905.15	0	.3412792	.3873239	.2713969	0
904.15	0	.3433881	.3851875	.2714244	0
903.15	0	.3454882	.3830612	.2714507	0
902.15	0	.347579	.3809454	.2714756	0
901.15	0	.3496605	.3788402	.2714993	0
900.15	0	.3517323	.376746	.2715217	0
899.15	0	.3537942	.374663	.2715428	0
898.15	0	.3558459	.3725914	.2715627	0
897.15	0	.3578873	.3705314	.2715813	0
896.15	0	.3599182	.3684832	.2715986	0
895.15	0	.3619382	.3664471	.2716147	0
894.15	0	.3639472	.3644233	.2716295	0
893.15	0	.3659451	.3624118	.2716431	0
892.15	0	.3679316	.360413	.2716554	0
891.15	0	.3699065	.358427	.2716665	0
890.15	0	.3718697	.356454	.2716763	0
889.15	0	.373821	.354494	.271685	0
888.15	0	.3757602	.3525474	.2716924	0
887.15	0	.3776871	.3506143	.2716986	0
886.15	0	.3796017	.3486947	.2717036	0
885.15	0	.3815037	.3467889	.2717074	0
884.15	0	.3833931	.3448969	.27171	0
883.15	0	.3852696	.3430189	.2717115	0
882.15	0	.3871331	.3411551	.2717118	0
881.15	0	.3889836	.3393055	.2717109	0
880.15	0	.3908209	.3374703	.2717088	0
879.15	0	.3926448	.3356495	.2717057	0
878.15	0	.3944554	.3338433	.2717013	0
877.15	0	.3962523	.3320518	.2716959	0
876.15	0	.3980357	.330275	.2716893	0
875.15	0	.3998053	.328513	.2716817	0
874.15	0	.4015611	.326766	.2716729	0
873.15	0	.4033029	.3250339	.2716631	0
872.15	0	.4050308	.3233169	.2716522	0
871.15	0	.4067447	.3216151	.2716403	0
870.15	0	.4084444	.3199284	.2716273	0
869.15	0	.4101299	.3182569	.2716132	0
868.15	0	.4118011	.3166007	.2715982	0
867.15	0	.4134581	.3149598	.2715821	0
866.15	0	.4151007	.3133343	.271565	0
865.15	0	.4167288	.3117242	.271547	0
864.15	0	.4183426	.3101294	.271528	0
863.15	0	.4199419	.3085501	.271508	0
862.15	0	.4215267	.3069862	.2714871	0
861.15	0	.423097	.3054378	.2714653	0
860.15	0	.4246527	.3039048	.2714425	0
859.15	0	.4261939	.3023872	.2714189	0
858.15	0	.4277206	.3008851	.2713943	0
857.15	0	.4292327	.2993984	.2713689	0
856.15	0	.4307303	.2979271	.2713426	0
855.15	0	.4322133	.2964712	.2713155	0
854.15	0	.4336818	.2950307	.2712875	0
853.15	0	.4351358	.2936054	.2712587	0
852.15	0	.4365754	.2921955	.2712292	0
851.15	0	.4380005	.2908007	.2711988	0
850.15	0	.4394112	.2894212	.2711677	0
849.15	0	.4408075	.2880568	.2711358	0
848.15	0	.4421894	.2867075	.2711031	0
847.15	0	.4435572	.2853731	.2710697	0
846.15	0	.4449106	.2840538	.2710356	0
845.15	0	.44625	.2827493	.2710008	0
844.15	0	.4475752	.2814596	.2709653	0
843.15	0	.4488863	.2801846	.2709291	0
842.15	0	.4501835	.2789242	.2708922	0
841.15	0	.4514669	.2776784	.2708547	0
840.15	0	.4527364	.2764471	.2708166	0
839.15	0	.4539921	.2752301	.2707778	0
838.15	0	.4552342	.2740274	.2707384	0
837.15	0	.4564628	.2728388	.2706984	0
836.15	0	.4576779	.2716643	.2706579	0
835.15	0	.4588796	.2705037	.2706167	0
834.15	0	.460068	.269357	.270575	0
833.15	0	.4612433	.268224	.2705327	0
832.15	0	.4624055	.2671046	.2704899	0
831.15	0	.4635547	.2659988	.2704465	0
830.15	0	.4646911	.2649063	.2704026	0
829.15	0	.4658148	.263827	.2703582	0
828.15	0	.4669258	.2627609	.2703133	0
827.15	0	.4680243	.2617078	.2702679	0
826.15	0	.4691104	.2606675	.2702221	0
825.15	0	.4701842	.2596401	.2701757	0
824.15	0	.4712459	.2586252	.2701289	0
823.15	0	.4722955	.2576228	.2700817	0
822.15	0	.4733333	.2566328	.270034	0
821.15	0	.4743592	.255655	.2699859	0
820.15	0	.4753735	.2546893	.2699373	0
819.15	0	.4763762	.2537355	.2698883	0
818.15	0	.4773675	.2527935	.269839	0
817.15	0	.4783475	.2518633	.2697892	0
816.15	0	.4793164	.2509446	.269739	0
815.15	0	.4802743	.2500373	.2696884	0
814.15	0	.4812212	.2491413	.2696375	0
813.15	0	.4821574	.2482564	.2695862	0
812.15	0	.483083	.2473825	.2695345	0
811.15	0	.483998	.2465196	.2694825	0
810.15	0	.4849026	.2456673	.2694301	0
809.15	0	.485797	.2448257	.2693774	0
808.15	0	.4866812	.2439945	.2693243	0
807.15	0	.4875555	.2431737	.2692709	0
806.15	0	.4884198	.242363	.2692172	0
805.15	0	.4892744	.2415624	.2691631	0
804.15	0	.4901194	.2407718	.2691088	0
803.15	0	.4909549	.239991	.2690541	0
802.6826	0	.4913421	.2396294	.2690284	0
802.6826	0	.4913421	.2396294	.2690284	0
802.6826	0	.4913421	.2396294	.2690284	0
802.15	0	.4938249	.2364985	.2681997	.001476848
801.15	0	.4983931	.2307246	.2666643	.004217989
800.15	0	.502843	.2250833	.2651549	.006918806
799.15	0	.507178	.2195708	.263671	.009580212
798.15	0	.5114016	.2141834	.2622119	.01220309
797.15	0	.5155169	.2089177	.2607771	.01478829
796.15	0	.5195271	.2037702	.259366	.01733663
795.15	0	.5234352	.1987378	.2579781	.01984891
794.15	0	.5272441	.1938172	.2566129	.02232589
793.15	0	.5309565	.1890054	.2552698	.02476832
792.15	0	.5345752	.1842995	.2539484	.02717691
791.15	0	.5381028	.1796967	.2526481	.02955237
790.15	0	.5415417	.1751942	.2513687	.03189536
789.15	0	.5448945	.1707895	.2501095	.03420653
788.15	0	.5481634	.1664799	.2488702	.03648653
787.15	0	.5513507	.162263	.2476503	.03873597
786.15	0	.5544586	.1581365	.2464495	.04095544
785.15	0	.5574892	.154098	.2452673	.04314552
784.15	0	.5604446	.1501453	.2441033	.04530677
783.15	0	.5633268	.1462762	.2429573	.04743975
782.15	0	.5661376	.1424886	.2418288	.04954497
781.15	0	.568879	.1387806	.2407174	.05162297
780.15	0	.5715528	.1351501	.2396229	.05367425
779.15	0	.5741606	.1315953	.2385448	.05569929
778.15	0	.5767043	.1281142	.2374829	.05769857
777.15	0	.5791854	.1247052	.2364369	.05967257
776.15	0	.5816056	.1213664	.2354064	.06162172
775.15	0	.5839664	.1180961	.234391	.06354649
774.15	0	.5862693	.1148928	.2333906	.0654473
773.15	0	.5885158	.1117548	.2324049	.06732456
772.15	0	.5907073	.1086805	.2314335	.06917871
771.15	0	.5928452	.1056685	.2304761	.07101013
770.15	0	.5949309	.1027173	.2295325	.07281922
769.15	0	.5969656	.09982548	.2286025	.07460637
768.15	0	.5989507	.09699157	.2276858	.07637196
767.15	0	.6008874	.09421427	.226782	.07811635
766.15	0	.6027768	.09149226	.225891	.0798399
765.15	0	.6046202	.08882424	.2250126	.08154297
764.15	0	.6064188	.08620897	.2241464	.08322591
763.15	0	.6081735	.08364522	.2232922	.08488905
762.15	0	.6098856	.0811318	.2224499	.08653272
761.15	0	.611556	.07866756	.2216192	.08815726
760.15	0	.6131858	.07625136	.2207998	.08976298
759.15	0	.6147761	.07388211	.2199916	.09135019
758.15	0	.6163277	.07155872	.2191943	.09291921
757.15	0	.6178417	.06928014	.2184078	.09447033
756.15	0	.619319	.06704536	.2176318	.09600385
755.15	0	.6207605	.06485337	.2168661	.09752006
754.15	0	.622167	.0627032	.2161106	.09901925
753.15	0	.6235395	.06059389	.215365	.1005017
752.15	0	.6248787	.05852452	.2146291	.1019677
751.15	0	.6261856	.05649417	.2139028	.1034175
750.15	0	.6274609	.05450197	.2131859	.1048513
749.15	0	.6287053	.05254705	.2124782	.1062695
748.15	0	.6299198	.05062856	.2117795	.1076722
747.15	0	.6311049	.04874567	.2110896	.1090598
746.15	0	.6322614	.04689759	.2104085	.1104325
745.15	0	.6333901	.04508353	.2097358	.1117905
744.15	0	.6344917	.04330271	.2090715	.1131341
743.15	0	.6355667	.04155439	.2084154	.1144635
742.15	0	.6366159	.03983783	.2077674	.1157789
741.15	0	.6376399	.03815232	.2071272	.1170806
740.15	0	.6386393	.03649716	.2064948	.1183688
739.15	0	.6396148	.03487166	.2058699	.1196436
738.15	0	.6405669	.03327516	.2052525	.1209054
737.15	0	.6414963	.031707	.2046424	.1221543
736.15	0	.6424034	.03016655	.2040394	.1233906
735.15	0	.6432889	.02865318	.2034435	.1246144
734.15	0	.6441533	.02716629	.2028544	.125826
733.15	0	.6449971	.02570529	.2022721	.1270255
732.15	0	.6458208	.02426959	.2016964	.1282131
731.15	0	.646625	.02285862	.2011272	.1293891
730.15	0	.6474101	.02147184	.2005644	.1305537
729.15	0	.6481766	.02010871	.2000078	.1317069
728.15	0	.6489249	.01876869	.1994574	.132849
727.15	0	.6496556	.01745127	.1989129	.1339802
726.15	0	.650369	.01615594	.1983744	.1351006
725.15	0	.6510657	.01488222	.1978416	.1362105
724.15	0	.6517459	.01362962	.1973145	.1373099
723.15	0	.6524102	.01239768	.196793	.1383992
722.15	0	.6530589	.01118594	.1962769	.1394783
721.15	0	.6536923	.009993939	.1957662	.1405475
720.15	0	.654311	.008821253	.1952607	.141607
719.15	0	.6549153	.007667453	.1947604	.1426569
718.15	0	.6555055	.00653212	.1942651	.1436973
717.15	0	.6560819	.005414848	.1937748	.1447284
716.15	0	.656645	.004315239	.1932894	.1457504
715.15	0	.657195	.003232904	.1928087	.1467634
714.15	0	.6577323	.002167465	.1923327	.1477675
713.15	0	.6582572	.001118551	.1918613	.1487629
712.15	0	.65877	8.579926E-05	.1913944	.1497497
712.0662	0	.6588125	0	.1913555	.149832
712.0662	0	.6588125	0	.1913555	.149832
711.15	0	.6587158	0	.1911859	.1500983
710.15	0	.6586107	0	.1910014	.150388
709.15	0	.6585061	0	.1908174	.1506766
708.15	0	.658402	0	.1906339	.1509641
707.15	0	.6582983	0	.1904511	.1512506
706.15	0	.6581951	0	.1902688	.1515361
705.15	0	.6580923	0	.1900871	.1518206
704.15	0	.6579901	0	.1899059	.152104
703.15	0	.6578883	0	.1897253	.1523864
702.15	0	.6577869	0	.1895453	.1526678
701.15	0	.657686	0	.1893659	.1529481
700.15	0	.6575855	0	.189187	.1532275
699.15	0	.6574855	0	.1890087	.1535058
698.15	0	.657386	0	.1888309	.1537831
697.15	0	.6572869	0	.1886538	.1540594
696.15	0	.6571882	0	.1884772	.1543346
695.15	0	.65709	0	.1883011	.1546089
694.15	0	.6569922	0	.1881256	.1548822
693.15	0	.6568949	0	.1879507	.1551544
692.15	0	.656798	0	.1877764	.1554257
691.15	0	.6567015	0	.1876026	.1556959
690.15	0	.6566055	0	.1874294	.1559651
689.15	0	.6565099	0	.1872567	.1562334
688.15	0	.6564148	0	.1870846	.1565006
687.15	0	.65632	0	.1869131	.1567669
686.15	0	.6562257	0	.1867422	.1570321
685.15	0	.6561319	0	.1865718	.1572964
684.15	0	.6560384	0	.186402	.1575597
683.15	0	.6559454	0	.1862327	.1578219
682.15	0	.6558528	0	.186064	.1580832
681.15	0	.6557606	0	.1858959	.1583435
680.15	0	.6556688	0	.1857283	.1586029
679.15	0	.6555775	0	.1855613	.1588612
678.15	0	.6554865	0	.1853949	.1591186
677.15	0	.655396	0	.185229	.159375
676.15	0	.6553059	0	.1850637	.1596304
675.15	0	.6552162	0	.184899	.1598848
674.15	0	.6551269	0	.1847348	.1601383
673.15	0	.655038	0	.1845712	.1603908
672.15	0	.6549495	0	.1844081	.1606423
671.15	0	.6548615	0	.1842456	.1608929
670.15	0	.6547738	0	.1840837	.1611425
669.15	0	.6546866	0	.1839224	.1613911
668.15	0	.6545997	0	.1837616	.1616387
667.15	0	.6545132	0	.1836013	.1618854
666.15	0	.6544272	0	.1834417	.1621312
665.15	0	.6543415	0	.1832826	.1623759
664.15	0	.6542562	0	.183124	.1626197
663.15	0	.6541714	0	.1829661	.1628626
662.15	0	.6540869	0	.1828086	.1631045
661.15	0	.6540028	0	.1826518	.1633454
660.15	0	.6539191	0	.1824955	.1635854
659.15	0	.6538358	0	.1823398	.1638244
658.15	0	.6537529	0	.1821846	.1640625
657.15	0	.6536704	0	.18203	.1642996
656.15	0	.6535882	0	.181876	.1645358
655.15	0	.6535064	0	.1817225	.1647711
654.15	0	.6534251	0	.1815696	.1650053
653.15	0	.6533441	0	.1814172	.1652387
652.15	0	.6532635	0	.1812655	.1654711
651.15	0	.6531832	0	.1811142	.1657025
650.15	0	.6531034	0	.1809636	.1659331
649.15	0	.6530239	0	.1808135	.1661626
648.15	0	.6529448	0	.1806639	.1663913
647.15	0	.6528661	0	.180515	.166619
646.15	0	.6527877	0	.1803665	.1668457
645.15	0	.6527097	0	.1802187	.1670716
644.15	0	.6526321	0	.1800714	.1672965
643.15	0	.6525549	0	.1799247	.1675204
642.15	0	.652478	0	.1797785	.1677435
641.15	0	.6524015	0	.1796329	.1679656
640.15	0	.6523254	0	.1794879	.1681867
639.15	0	.6522497	0	.1793434	.168407
638.15	0	.6521743	0	.1791995	.1686263
637.15	0	.6520993	0	.1790561	.1688447
636.15	0	.6520246	0	.1789133	.1690621
635.15	0	.6519503	0	.1787711	.1692787
634.15	0	.6518764	0	.1786294	.1694943
633.15	0	.6518028	0	.1784883	.169709
632.15	0	.6517296	0	.1783477	.1699227
631.15	0	.6516567	0	.1782077	.1701356
630.15	0	.6515842	0	.1780683	.1703475
629.15	0	.6515121	0	.1779294	.1705586
628.15	0	.6514403	0	.1777911	.1707686
627.15	0	.6513688	0	.1776533	.1709778
626.15	0	.6512978	0	.1775161	.1711861
625.15	0	.651227	0	.1773795	.1713935
624.15	0	.6511567	0	.1772434	.1715999
623.15	0	.6510866	0	.1771079	.1718055
622.15	0	.651017	0	.1769729	.1720101
621.15	0	.6509477	0	.1768385	.1722138
620.15	0	.6508787	0	.1767047	.1724166
619.15	0	.6508101	0	.1765714	.1726185
618.15	0	.6507418	0	.1764387	.1728195
617.15	0	.6506738	0	.1763065	.1730196
616.15	0	.6506063	0	.1761749	.1732188
615.15	0	.650539	0	.1760439	.1734171
614.15	0	.6504721	0	.1759134	.1736145
613.15	0	.6504056	0	.1757835	.173811
612.15	0	.6503394	0	.1756541	.1740066
611.15	0	.6502735	0	.1755253	.1742013
610.15	0	.6502079	0	.175397	.174395
609.15	0	.6501428	0	.1752693	.174588
608.15	0	.6500779	0	.1751421	.17478
607.15	0	.6500134	0	.1750156	.1749711
606.15	0	.6499492	0	.1748895	.1751613
605.15	0	.6498853	0	.174764	.1753506
604.15	0	.6498218	0	.1746391	.1755391
603.15	0	.6497586	0	.1745147	.1757266
602.15	0	.6496958	0	.1743909	.1759133
601.15	0	.6496333	0	.1742677	.1760991
600.15	0	.6495711	0	.174145	.1762839
599.15	0	.6495093	0	.1740228	.176468
598.15	0	.6494477	0	.1739012	.1766511
597.15	0	.6493865	0	.1737802	.1768333
596.15	0	.6493257	0	.1736597	.1770147
595.15	0	.6492651	0	.1735397	.1771952
594.15	0	.6492049	0	.1734203	.1773748
593.15	0	.649145	0	.1733015	.1775535
592.15	0	.6490855	0	.1731832	.1777313
591.15	0	.6490262	0	.1730655	.1779083
590.15	0	.6489673	0	.1729483	.1780844
589.15	0	.6489087	0	.1728317	.1782596
588.15	0	.6488504	0	.1727156	.178434
587.15	0	.6487925	0	.1726001	.1786075
586.15	0	.6487348	0	.1724851	.1787801
585.15	0	.6486775	0	.1723706	.1789518
584.15	0	.6486205	0	.1722568	.1791227
583.15	0	.6485638	0	.1721434	.1792927
582.15	0	.6485075	0	.1720306	.1794619
581.15	0	.6484514	0	.1719184	.1796302
580.15	0	.6483957	0	.1718067	.1797976
579.15	0	.6483403	0	.1716955	.1799642
578.15	0	.6482852	0	.1715849	.1801299
577.15	0	.6482304	0	.1714749	.1802948
576.15	0	.6481759	0	.1713654	.1804588
575.15	0	.6481217	0	.1712564	.1806219
574.15	0	.6480678	0	.171148	.1807842
573.15	0	.6480143	0	.1710401	.1809456
572.15	0	.647961	0	.1709327	.1811062
571.15	0	.6479081	0	.1708259	.181266
570.15	0	.6478555	0	.1707197	.1814248
569.15	0	.6478032	0	.170614	.1815829
568.15	0	.6477511	0	.1705088	.1817401
567.15	0	.6476994	0	.1704042	.1818964
566.15	0	.647648	0	.1703001	.182052
565.15	0	.6475969	0	.1701965	.1822066
564.15	0	.6475461	0	.1700935	.1823605
563.15	0	.6474956	0	.169991	.1825134
562.15	0	.6474454	0	.169889	.1826656
561.15	0	.6473954	0	.1697876	.1828169
560.15	0	.6473458	0	.1696867	.1829674
559.15	0	.6472965	0	.1695864	.1831171
558.15	0	.6472475	0	.1694866	.1832659
557.15	0	.6471988	0	.1693873	.1834139
556.15	0	.6471503	0	.1692886	.1835611
555.15	0	.6471022	0	.1691903	.1837074
554.15	0	.6470544	0	.1690927	.183853
553.15	0	.6470068	0	.1689955	.1839977
552.15	0	.6469596	0	.1688989	.1841415
551.15	0	.6469126	0	.1688028	.1842846
550.15	0	.646866	0	.1687072	.1844269
549.15	0	.6468196	0	.1686122	.1845683
548.15	0	.6467735	0	.1685176	.1847089
547.15	0	.6467277	0	.1684236	.1848487
546.15	0	.6466821	0	.1683302	.1849877
545.15	0	.6466369	0	.1682372	.1851259
544.15	0	.646592	0	.1681448	.1852632
543.15	0	.6465473	0	.1680529	.1853998
542.15	0	.6465029	0	.1679615	.1855356
541.15	0	.6464588	0	.1678706	.1856706
540.15	0	.646415	0	.1677803	.1858047
539.15	0	.6463715	0	.1676905	.1859381
538.15	0	.6463282	0	.1676011	.1860707
537.15	0	.6462852	0	.1675123	.1862025
536.15	0	.6462425	0	.1674241	.1863334
535.15	0	.6462001	0	.1673363	.1864636
534.15	0	.6461579	0	.167249	.186593
533.15	0	.6461161	0	.1671623	.1867217
532.15	0	.6460745	0	.167076	.1868495
531.15	0	.6460332	0	.1669903	.1869766
530.15	0	.6459921	0	.1669051	.1871028
529.15	0	.6459513	0	.1668204	.1872283
528.15	0	.6459108	0	.1667362	.187353
527.15	0	.6458706	0	.1666525	.187477
526.15	0	.6458306	0	.1665693	.1876002
525.15	0	.6457909	0	.1664866	.1877226
524.15	0	.6457515	0	.1664044	.1878442
523.15	0	.6457123	0	.1663227	.187965
522.15	0	.6456734	0	.1662414	.1880851
521.15	0	.6456348	0	.1661607	.1882045
520.15	0	.6455964	0	.1660805	.1883231
519.15	0	.6455583	0	.1660008	.1884409
518.15	0	.6455205	0	.1659216	.188558
517.15	0	.6454829	0	.1658429	.1886743
516.15	0	.6454455	0	.1657646	.1887898
515.15	0	.6454085	0	.1656869	.1889046
514.15	0	.6453717	0	.1656096	.1890187
513.15	0	.6453351	0	.1655329	.189132
512.15	0	.6452988	0	.1654566	.1892446
511.15	0	.6452628	0	.1653808	.1893565
510.15	0	.645227	0	.1653055	.1894676
509.15	0	.6451915	0	.1652306	.1895779
508.15	0	.6451562	0	.1651563	.1896876
507.15	0	.6451212	0	.1650824	.1897965
506.15	0	.6450864	0	.165009	.1899047
505.15	0	.6450519	0	.164936	.1900121
504.15	0	.6450176	0	.1648636	.1901188
503.15	0	.6449836	0	.1647916	.1902249
502.15	0	.6449498	0	.1647201	.1903301
501.15	0	.6449162	0	.1646491	.1904347
500.15	0	.6448829	0	.1645785	.1905386
499.15	0	.6448499	0	.1645084	.1906417
498.15	0	.6448171	0	.1644387	.1907442
497.15	0	.6447845	0	.1643696	.1908459
496.15	0	.6447522	0	.1643008	.190947
495.15	0	.6447201	0	.1642326	.1910473
494.15	0	.6446883	0	.1641648	.191147
493.15	0	.6446566	0	.1640975	.1912459
492.15	0	.6446253	0	.1640306	.1913442
491.15	0	.6445941	0	.1639641	.1914417
490.15	0	.6445632	0	.1638981	.1915386
489.15	0	.6445326	0	.1638326	.1916348
488.15	0	.6445021	0	.1637675	.1917303
487.15	0	.6444719	0	.1637029	.1918252
486.15	0	.644442	0	.1636387	.1919193
485.15	0	.6444122	0	.163575	.1920128
484.15	0	.6443827	0	.1635117	.1921057
483.15	0	.6443534	0	.1634488	.1921978
482.15	0	.6443243	0	.1633864	.1922893
481.15	0	.6442955	0	.1633244	.1923801
480.15	0	.6442669	0	.1632628	.1924703
479.15	0	.6442385	0	.1632017	.1925598
478.15	0	.6442103	0	.163141	.1926487
477.15	0	.6441824	0	.1630807	.1927369
476.15	0	.6441547	0	.1630209	.1928245
475.15	0	.6441272	0	.1629615	.1929114
474.15	0	.6440999	0	.1629025	.1929977
473.15	0	.6440728	0	.1628439	.1930833
472.15	0	.6440459	0	.1627858	.1931683
471.15	0	.6440193	0	.162728	.1932527
470.15	0	.6439929	0	.1626707	.1933364
469.15	0	.6439666	0	.1626138	.1934196
468.15	0	.6439406	0	.1625573	.1935021
467.15	0	.6439148	0	.1625012	.193584
466.15	0	.6438892	0	.1624455	.1936652
465.15	0	.6438639	0	.1623903	.1937459
464.15	0	.6438387	0	.1623354	.1938259
463.15	0	.6438137	0	.1622809	.1939054
462.15	0	.643789	0	.1622269	.1939842
