T	 BPW(LIQUID)	BPW(BCC_A2)	BPW(FCC_A1)	BPW(LAVES_PHASE_C14)	BPW(NI3TI)
1473.15	.07967679	.7400625	.07463156	.1056291	0
1472.15	.05843883	.71894	.1093847	.1132365	0
1471.15	.03780785	.6986399	.1429831	.1205692	0
1470.15	.017754	.679122	.1754834	.1276407	0
1469.241	0	.6620252	.2041214	.1338534	0
1469.241	0	.6620252	.2041214	.1338534	0
1469.15	0	.6616795	.2044049	.1339155	0
1468.15	0	.657882	.2075205	.1345975	0
1467.15	0	.6540952	.2106281	.1352767	0
1466.15	0	.6503192	.2137278	.135953	0
1465.15	0	.646554	.2168194	.1366265	0
1464.15	0	.6427996	.2199031	.1372973	0
1463.15	0	.6390558	.2229789	.1379653	0
1462.15	0	.6353227	.2260467	.1386306	0
1461.15	0	.6316003	.2291066	.1392931	0
1460.15	0	.6278885	.2321586	.1399529	0
1459.15	0	.6241874	.2352027	.1406099	0
1458.15	0	.6204968	.2382389	.1412643	0
1457.15	0	.6168168	.2412672	.141916	0
1456.15	0	.6131473	.2442877	.142565	0
1455.15	0	.6094884	.2473003	.1432114	0
1454.15	0	.6058399	.250305	.1438551	0
1453.15	0	.6022019	.2533019	.1444962	0
1452.15	0	.5985743	.2562911	.1451346	0
1451.15	0	.5949572	.2592723	.1457704	0
1450.15	0	.5913505	.2622458	.1464037	0
1449.15	0	.5877541	.2652115	.1470344	0
1448.15	0	.5841681	.2681694	.1476624	0
1447.15	0	.5805924	.2711196	.148288	0
1446.15	0	.5770271	.274062	.1489109	0
1445.15	0	.573472	.2769966	.1495314	0
1444.15	0	.5699272	.2799236	.1501493	0
1443.15	0	.5663926	.2828427	.1507647	0
1442.15	0	.5628682	.2857542	.1513776	0
1441.15	0	.559354	.2886579	.151988	0
1440.15	0	.5558501	.291554	.152596	0
1439.15	0	.5523562	.2944423	.1532014	0
1438.15	0	.5488725	.297323	.1538044	0
1437.15	0	.545399	.300196	.154405	0
1436.15	0	.5419355	.3030614	.1550032	0
1435.15	0	.5384821	.3059191	.1555989	0
1434.15	0	.5350387	.3087691	.1561922	0
1433.15	0	.5316054	.3116115	.1567831	0
1432.15	0	.5281821	.3144463	.1573716	0
1431.15	0	.5247687	.3172735	.1579578	0
1430.15	0	.5213654	.320093	.1585416	0
1429.15	0	.517972	.322905	.159123	0
1428.15	0	.5145885	.3257094	.1597021	0
1427.15	0	.511215	.3285061	.1602789	0
1426.15	0	.5078514	.3312953	.1608533	0
1425.15	0	.5044976	.334077	.1614254	0
1424.15	0	.5011537	.3368511	.1619953	0
1423.15	0	.4978196	.3396176	.1625628	0
1422.15	0	.4944954	.3423766	.163128	0
1421.15	0	.491181	.345128	.163691	0
1420.15	0	.4878763	.3478719	.1642518	0
1419.15	0	.4845814	.3506083	.1648103	0
1418.15	0	.4812963	.3533372	.1653665	0
1417.15	0	.4780209	.3560586	.1659205	0
1416.15	0	.4747553	.3587724	.1664723	0
1415.15	0	.4714993	.3614788	.1670219	0
1414.15	0	.4682531	.3641777	.1675693	0
1413.15	0	.4650165	.3668691	.1681145	0
1412.15	0	.4617895	.369553	.1686575	0
1411.15	0	.4585722	.3722294	.1691984	0
1410.15	0	.4553645	.3748984	.1697371	0
1409.15	0	.4521664	.3775599	.1702736	0
1408.15	0	.448978	.380214	.170808	0
1407.15	0	.4457991	.3828606	.1713403	0
1406.15	0	.4426297	.3854998	.1718705	0
1405.15	0	.4394699	.3881316	.1723985	0
1404.15	0	.4363197	.3907559	.1729245	0
1403.15	0	.4331789	.3933728	.1734483	0
1402.15	0	.4300477	.3959822	.1739701	0
1401.15	0	.426926	.3985843	.1744897	0
1400.15	0	.4238137	.4011789	.1750074	0
1399.15	0	.4207109	.4037662	.1755229	0
1398.15	0	.4176176	.406346	.1760365	0
1397.15	0	.4145337	.4089184	.1765479	0
1396.15	0	.4114592	.4114834	.1770574	0
1395.15	0	.4083941	.4140411	.1775648	0
1394.15	0	.4053384	.4165913	.1780702	0
1393.15	0	.4022922	.4191342	.1785737	0
1392.15	0	.3992553	.4216697	.1790751	0
1391.15	0	.3962277	.4241978	.1795745	0
1390.15	0	.3932096	.4267185	.180072	0
1389.15	0	.3902007	.4292318	.1805674	0
1388.15	0	.3872012	.4317378	.181061	0
1387.15	0	.384211	.4342364	.1815525	0
1386.15	0	.3812302	.4367277	.1820422	0
1385.15	0	.3782586	.4392115	.1825299	0
1384.15	0	.3752964	.441688	.1830156	0
1383.15	0	.3723434	.4441572	.1834995	0
1382.15	0	.3693996	.446619	.1839814	0
1381.15	0	.3664652	.4490734	.1844614	0
1380.15	0	.36354	.4515205	.1849396	0
1379.15	0	.360624	.4539602	.1854158	0
1378.15	0	.3577173	.4563925	.1858902	0
1377.15	0	.3548198	.4588175	.1863627	0
1376.15	0	.3519316	.4612352	.1868333	0
1375.15	0	.3490525	.4636454	.187302	0
1374.15	0	.3461827	.4660484	.187769	0
1373.15	0	.343322	.4684439	.1882341	0
1372.15	0	.3404706	.4708321	.1886973	0
1371.15	0	.3376283	.473213	.1891587	0
1370.15	0	.3347952	.4755865	.1896183	0
1369.15	0	.3319713	.4779526	.1900761	0
1368.15	0	.3291565	.4803114	.1905321	0
1367.15	0	.326351	.4826627	.1909863	0
1366.15	0	.3235545	.4850068	.1914387	0
1365.15	0	.3207672	.4873434	.1918893	0
1364.15	0	.3179891	.4896727	.1923382	0
1363.15	0	.3152201	.4919946	.1927853	0
1362.15	0	.3124602	.4943092	.1932306	0
1361.15	0	.3097095	.4966163	.1936741	0
1360.15	0	.3069679	.4989161	.194116	0
1359.15	0	.3042355	.5012085	.194556	0
1358.15	0	.3015121	.5034935	.1949944	0
1357.15	0	.2987979	.5057711	.195431	0
1356.15	0	.2960928	.5080413	.1958659	0
1355.15	0	.2933968	.5103041	.1962991	0
1354.15	0	.2907099	.5125595	.1967306	0
1353.15	0	.2880321	.5148075	.1971604	0
1352.15	0	.2853635	.517048	.1975885	0
1351.15	0	.2827039	.5192812	.1980149	0
1350.15	0	.2800535	.5215069	.1984396	0
1349.15	0	.2774122	.5237252	.1988627	0
1348.15	0	.2747799	.525936	.1992841	0
1347.15	0	.2721568	.5281394	.1997038	0
1346.15	0	.2695428	.5303353	.2001219	0
1345.15	0	.2669379	.5325237	.2005383	0
1344.15	0	.2643421	.5347047	.2009531	0
1343.15	0	.2617555	.5368783	.2013663	0
1342.15	0	.2591779	.5390443	.2017778	0
1341.15	0	.2566094	.5412028	.2021877	0
1340.15	0	.2540501	.5433538	.2025961	0
1339.15	0	.2514999	.5454974	.2030027	0
1338.15	0	.2489588	.5476334	.2034078	0
1337.15	0	.2464269	.5497618	.2038113	0
1336.15	0	.243904	.5518828	.2042132	0
1335.15	0	.2413903	.5539961	.2046135	0
1334.15	0	.2388858	.556102	.2050123	0
1333.15	0	.2363904	.5582002	.2054094	0
1332.15	0	.2339041	.5602909	.205805	0
1331.15	0	.231427	.5623739	.2061991	0
1330.15	0	.228959	.5644494	.2065916	0
1329.15	0	.2265003	.5665173	.2069825	0
1328.15	0	.2240507	.5685775	.2073719	0
1327.15	0	.2216102	.5706301	.2077597	0
1326.15	0	.219179	.572675	.208146	0
1325.15	0	.2167569	.5747123	.2085308	0
1324.15	0	.2143441	.5767419	.2089141	0
1323.15	0	.2119404	.5787638	.2092958	0
1322.15	0	.209546	.580778	.209676	0
1321.15	0	.2071608	.5827844	.2100548	0
1320.15	0	.2047849	.5847832	.210432	0
1319.15	0	.2024181	.5867741	.2108077	0
1318.15	0	.2000607	.5887574	.211182	0
1317.15	0	.1977125	.5907328	.2115547	0
1316.15	0	.1953736	.5927004	.211926	0
1315.15	0	.193044	.5946602	.2122958	0
1314.15	0	.1907237	.5966122	.2126641	0
1313.15	0	.1884127	.5985563	.213031	0
1312.15	0	.186111	.6004926	.2133964	0
1311.15	0	.1838187	.602421	.2137604	0
1310.15	0	.1815357	.6043415	.2141229	0
1309.15	0	.179262	.606254	.2144839	0
1308.15	0	.1769978	.6081587	.2148436	0
1307.15	0	.174743	.6100553	.2152017	0
1306.15	0	.1724975	.611944	.2155585	0
1305.15	0	.1702615	.6138247	.2159138	0
1304.15	0	.168035	.6156973	.2162677	0
1303.15	0	.1658178	.6175619	.2166202	0
1302.15	0	.1636102	.6194185	.2169713	0
1301.15	0	.1614121	.6212669	.217321	0
1300.15	0	.1592234	.6231073	.2176693	0
1299.15	0	.1570443	.6249395	.2180162	0
1298.15	0	.1548747	.6267636	.2183617	0
1297.15	0	.1527147	.6285795	.2187058	0
1296.15	0	.1505643	.6303872	.2190485	0
1295.15	0	.1484235	.6321866	.2193899	0
1294.15	0	.1462923	.6339779	.2197298	0
1293.15	0	.1441708	.6357608	.2200684	0
1292.15	0	.1420589	.6375355	.2204057	0
1291.15	0	.1399567	.6393018	.2207415	0
1290.15	0	.1378642	.6410598	.2210761	0
1289.15	0	.1357814	.6428094	.2214092	0
1288.15	0	.1337084	.6445505	.2217411	0
1287.15	0	.1316452	.6462833	.2220715	0
1286.15	0	.1295918	.6480076	.2224007	0
1285.15	0	.1275482	.6497234	.2227285	0
1284.15	0	.1255144	.6514306	.2230549	0
1283.15	0	.1234905	.6531294	.2233801	0
1282.15	0	.1214766	.6548195	.2237039	0
1281.15	0	.1194725	.6565011	.2240264	0
1280.15	0	.1174784	.658174	.2243476	0
1279.15	0	.1154943	.6598382	.2246675	0
1278.15	0	.1135202	.6614937	.2249861	0
1277.15	0	.1115562	.6631405	.2253033	0
1276.15	0	.1096022	.6647785	.2256193	0
1275.15	0	.1076583	.6664077	.225934	0
1274.15	0	.1057246	.6680281	.2262474	0
1273.15	0	.103801	.6696396	.2265594	0
1272.15	0	.1018876	.6712422	.2268702	0
1271.15	0	.09998435	.6728359	.2271798	0
1270.15	0	.09809142	.6744205	.227488	0
1269.15	0	.09620876	.6759962	.227795	0
1268.15	0	.09433643	.6775628	.2281007	0
1267.15	0	.09247445	.6791204	.2284052	0
1266.15	0	.09062286	.6806688	.2287084	0
1265.15	0	.08878168	.682208	.2290103	0
1264.15	0	.08695097	.6837381	.229311	0
1263.15	0	.08513074	.6852588	.2296104	0
1262.15	0	.08332105	.6867704	.2299086	0
1261.15	0	.08152192	.6882726	.2302055	0
1260.15	0	.07973339	.6897654	.2305012	0
1259.15	0	.07795551	.6912488	.2307957	0
1258.15	0	.0761883	.6927228	.2310889	0
1257.15	0	.07443182	.6941873	.2313809	0
1256.15	0	.0726861	.6956422	.2316717	0
1255.15	0	.07095117	.6970876	.2319612	0
1254.15	0	.06922709	.6985234	.2322496	0
1253.15	0	.06751389	.6999495	.2325367	0
1252.15	0	.06581161	.7013658	.2328226	0
1251.15	0	.0641203	.7027724	.2331072	0
1250.15	0	.06244	.7041693	.2333907	0
1249.15	0	.06077075	.7055562	.233673	0
1248.15	0	.0591126	.7069333	.2339541	0
1247.15	0	.0574656	.7083004	.234234	0
1246.15	0	.05582979	.7096576	.2345127	0
1245.15	0	.05420521	.7110046	.2347902	0
1244.15	0	.05259191	.7123416	.2350665	0
1243.15	0	.05098994	.7136685	.2353416	0
1242.15	0	.04939935	.7149851	.2356155	0
1241.15	0	.04782019	.7162915	.2358883	0
1240.15	0	.0462525	.7175876	.2361599	0
1239.15	0	.04469634	.7188734	.2364303	0
1238.15	0	.04315175	.7201487	.2366996	0
1237.15	0	.04161879	.7214136	.2369676	0
1236.15	0	.0400975	.7226679	.2372346	0
1235.15	0	.03858795	.7239117	.2375003	0
1234.15	0	.03709018	.7251449	.2377649	0
1233.15	0	.03560425	.7263674	.2380284	0
1232.15	0	.03413021	.7275791	.2382907	0
1231.15	0	.03266811	.7287801	.2385518	0
1230.15	0	.03121801	.7299702	.2388118	0
1229.15	0	.02977997	.7311494	.2390707	0
1228.15	0	.02835405	.7323176	.2393284	0
1227.15	0	.02694029	.7334747	.239585	0
1226.15	0	.02553876	.7346208	.2398404	0
1225.15	0	.02414951	.7357558	.2400947	0
1224.15	0	.02277261	.7368795	.2403479	0
1223.15	0	.02140812	.7379919	.2406	0
1222.15	0	.02005609	.739093	.2408509	0
1221.15	0	.01871658	.7401827	.2411007	0
1220.15	0	.01738966	.7412609	.2413494	0
1219.15	0	.01607539	.7423276	.241597	0
1218.15	0	.01477382	.7433827	.2418435	0
1217.15	0	.01348504	.7444261	.2420889	0
1216.15	0	.01220908	.7454578	.2423331	0
1215.15	0	.01094603	.7464777	.2425762	0
1214.15	0	.009695947	.7474858	.2428183	0
1213.15	0	.008458894	.7484819	.2430593	0
1212.15	0	.007234938	.749466	.2432991	0
1211.15	0	.006024145	.750438	.2435379	0
1210.15	0	.004826584	.7513979	.2437755	0
1209.15	0	.003642322	.7523456	.2440121	0
1208.15	0	.002471426	.753281	.2442476	0
1207.15	0	.001313966	.754204	.244482	0
1206.15	0	1.700101E-04	.7551146	.2447153	0
1206	0	0	.7552498	.2447502	0
1206	0	0	.7552498	.2447502	0
1205.15	0	0	.7550829	.2449171	0
1204.15	0	0	.7548869	.2451131	0
1203.15	0	0	.7546914	.2453086	0
1202.15	0	0	.7544963	.2455037	0
1201.15	0	0	.7543017	.2456983	0
1200.15	0	0	.7541075	.2458925	0
1199.15	0	0	.7539136	.2460864	0
1198.15	0	0	.7537203	.2462797	0
1197.15	0	0	.7535274	.2464726	0
1196.15	0	0	.7533349	.2466652	0
1195.15	0	0	.7531428	.2468572	0
1194.15	0	0	.7529511	.2470489	0
1193.15	0	0	.7527599	.2472401	0
1192.15	0	0	.7525691	.2474309	0
1191.15	0	0	.7523787	.2476213	0
1190.15	0	0	.7521888	.2478112	0
1189.15	0	0	.7519993	.2480007	0
1188.15	0	0	.7518102	.2481898	0
1187.15	0	0	.7516215	.2483785	0
1186.15	0	0	.7514332	.2485668	0
1185.15	0	0	.7512454	.2487546	0
1184.15	0	0	.751058	.248942	0
1183.15	0	0	.750871	.249129	0
1182.15	0	0	.7506844	.2493156	0
1181.15	0	0	.7504983	.2495017	0
1180.15	0	0	.7503126	.2496874	0
1179.15	0	0	.7501273	.2498728	0
1178.15	0	0	.7499424	.2500576	0
1177.15	0	0	.7497579	.2502421	0
1176.15	0	0	.7495738	.2504262	0
1175.15	0	0	.7493902	.2506098	0
1174.15	0	0	.749207	.250793	0
1173.15	0	0	.7490241	.2509759	0
1172.15	0	0	.7488418	.2511582	0
1171.15	0	0	.7486598	.2513402	0
1170.15	0	0	.7484782	.2515218	0
1169.15	0	0	.7482971	.2517029	0
1168.15	0	0	.7481163	.2518837	0
1167.15	0	0	.747936	.252064	0
1166.15	0	0	.7477561	.2522439	0
1165.15	0	0	.7475766	.2524234	0
1164.15	0	0	.7473975	.2526025	0
1163.15	0	0	.7472188	.2527812	0
1162.15	0	0	.7470405	.2529595	0
1161.15	0	0	.7468626	.2531374	0
1160.15	0	0	.7466852	.2533148	0
1159.15	0	0	.7465081	.2534919	0
1158.15	0	0	.7463315	.2536685	0
1157.15	0	0	.7461553	.2538447	0
1156.15	0	0	.7459794	.2540206	0
1155.15	0	0	.745804	.254196	0
1154.15	0	0	.745629	.254371	0
1153.15	0	0	.7454544	.2545456	0
1152.15	0	0	.7452802	.2547198	0
1151.15	0	0	.7451064	.2548936	0
1150.15	0	0	.744933	.2550671	0
1149.15	0	0	.74476	.25524	0
1148.15	0	0	.7445874	.2554126	0
1147.15	0	0	.7444152	.2555848	0
1146.15	0	0	.7442434	.2557566	0
1145.15	0	0	.744072	.255928	0
1144.15	0	0	.743901	.256099	0
1143.15	0	0	.7437304	.2562696	0
1142.15	0	0	.7435602	.2564398	0
1141.15	0	0	.7433904	.2566096	0
1140.15	0	0	.743221	.256779	0
1139.15	0	0	.743052	.256948	0
1138.15	0	0	.7428834	.2571166	0
1137.15	0	0	.7427152	.2572848	0
1136.15	0	0	.7425474	.2574526	0
1135.15	0	0	.74238	.25762	0
1134.15	0	0	.742213	.257787	0
1133.15	0	0	.7420464	.2579536	0
1132.15	0	0	.7418801	.2581199	0
1131.15	0	0	.7417143	.2582857	0
1130.15	0	0	.7415489	.2584511	0
1129.15	0	0	.7413838	.2586162	0
1128.15	0	0	.7412192	.2587808	0
1127.15	0	0	.7410549	.2589451	0
1126.15	0	0	.7408911	.259109	0
1125.15	0	0	.7407276	.2592724	0
1124.15	0	0	.7405645	.2594355	0
1123.15	0	0	.7404018	.2595982	0
1122.15	0	0	.7402395	.2597605	0
1121.15	0	0	.7400776	.2599224	0
1120.15	0	0	.7399161	.260084	0
1119.15	0	0	.7397549	.2602451	0
1118.15	0	0	.7395942	.2604058	0
1117.15	0	0	.7394338	.2605662	0
1116.15	0	0	.7392738	.2607262	0
1115.15	0	0	.7391142	.2608858	0
1114.15	0	0	.738955	.261045	0
1113.15	0	0	.7387962	.2612038	0
1112.15	0	0	.7386378	.2613622	0
1111.15	0	0	.7384798	.2615203	0
1110.15	0	0	.7383221	.2616779	0
1109.15	0	0	.7381648	.2618352	0
1108.15	0	0	.7380079	.2619921	0
1107.15	0	0	.7378514	.2621486	0
1106.15	0	0	.7376953	.2623047	0
1105.15	0	0	.7375396	.2624605	0
1104.15	0	0	.7373842	.2626158	0
1103.15	0	0	.7372292	.2627708	0
1102.15	0	0	.7370746	.2629254	0
1101.15	0	0	.7369204	.2630796	0
1100.15	0	0	.7367666	.2632334	0
1099.15	0	0	.7366131	.2633869	0
1098.15	0	0	.73646	.26354	0
1097.15	0	0	.7363073	.2636927	0
1096.15	0	0	.736155	.263845	0
1095.15	0	0	.736003	.263997	0
1094.15	0	0	.7358515	.2641485	0
1093.15	0	0	.7357003	.2642997	0
1092.15	0	0	.7355495	.2644505	0
1091.15	0	0	.7353991	.2646009	0
1090.15	0	0	.735249	.264751	0
1089.15	0	0	.7350993	.2649007	0
1088.15	0	0	.73495	.26505	0
1087.15	0	0	.7348011	.2651989	0
1086.15	0	0	.7346525	.2653475	0
1085.15	0	0	.7345043	.2654957	0
1084.15	0	0	.7343565	.2656435	0
1083.15	0	0	.7342091	.2657909	0
1082.15	0	0	.734062	.265938	0
1081.15	0	0	.7339153	.2660847	0
1080.15	0	0	.7337688	.2662312	0
1079.15	0	0	.7336229	.2663771	0
1078.15	0	0	.7334773	.2665227	0
1077.15	0	0	.7333321	.2666679	0
1076.15	0	0	.7331873	.2668127	0
1075.15	0	0	.7330428	.2669572	0
1074.15	0	0	.7328987	.2671013	0
1073.15	0	0	.732755	.267245	0
1072.15	0	0	.7326116	.2673884	0
1071.936	0	0	.732581	.267419	0
1071.936	0	0	.732581	.267419	0
1071.936	0	0	.732581	.267419	0
1071.15	0	.001034305	.7314553	.2675105	0
1070.15	0	.002367831	.7300059	.2676263	0
1069.15	0	.003721278	.7285372	.2677415	0
1068.15	0	.005094574	.7270492	.2678562	0
1067.15	0	.006487645	.725542	.2679703	0
1066.15	0	.007900415	.7240157	.2680839	0
1065.15	0	.009332804	.7224703	.2681969	0
1064.15	0	.01078473	.7209059	.2683094	0
1063.15	0	.0122561	.7193225	.2684214	0
1062.15	0	.01374684	.7177204	.2685328	0
1061.15	0	.01525684	.7160994	.2686437	0
1060.15	0	.01678602	.7144599	.2687541	0
1059.15	0	.01833427	.7128017	.268864	0
1058.15	0	.0199015	.7111251	.2689734	0
1057.15	0	.0214876	.7094302	.2690823	0
1056.15	0	.02309246	.7077169	.2691906	0
1055.15	0	.02471598	.7059855	.2692985	0
1054.15	0	.02635803	.704236	.2694059	0
1053.15	0	.02801852	.7024686	.2695129	0
1052.15	0	.02969731	.7006834	.2696193	0
1051.15	0	.03139429	.6988804	.2697253	0
1050.15	0	.03310933	.6970599	.2698308	0
1049.15	0	.03484231	.6952219	.2699358	0
1048.15	0	.03659309	.6933665	.2700404	0
1047.15	0	.03836154	.6914939	.2701446	0
1046.15	0	.04014753	.6896042	.2702483	0
1045.15	0	.04195092	.6876975	.2703516	0
1044.15	0	.04377157	.685774	.2704544	0
1043.15	0	.04560933	.6838339	.2705568	0
1042.15	0	.04746406	.6818772	.2706588	0
1041.15	0	.0493356	.6799041	.2707603	0
1040.15	0	.05122382	.6779147	.2708615	0
1039.15	0	.05312854	.6759093	.2709622	0
1038.15	0	.05504962	.6738879	.2710625	0
1037.15	0	.0569869	.6718507	.2711624	0
1036.15	0	.05894022	.6697978	.271262	0
1035.15	0	.06090941	.6677295	.2713611	0
1034.15	0	.0628943	.6656459	.2714598	0
1033.15	0	.06489473	.6635471	.2715582	0
1032.15	0	.06691052	.6614333	.2716561	0
1031.15	0	.0689415	.6593048	.2717537	0
1030.15	0	.0709875	.6571615	.271851	0
1029.15	0	.07304834	.6550039	.2719478	0
1028.15	0	.07512384	.6528319	.2720443	0
1027.15	0	.07721381	.6506458	.2721404	0
1026.15	0	.07931808	.6484457	.2722362	0
1025.15	0	.08143645	.646232	.2723316	0
1024.15	0	.08356873	.6440046	.2724267	0
1023.15	0	.08571475	.6417639	.2725214	0
1022.15	0	.0878743	.63951	.2726157	0
1021.15	0	.0900472	.6372431	.2727098	0
1020.15	0	.09223324	.6349633	.2728034	0
1019.15	0	.09443223	.632671	.2728968	0
1018.15	0	.09664397	.6303662	.2729898	0
1017.15	0	.09886826	.6280492	.2730825	0
1016.15	0	.1011049	.6257202	.2731749	0
1015.15	0	.1033537	.6233794	.2732669	0
1014.15	0	.1056144	.621027	.2733586	0
1013.15	0	.1078869	.6186631	.27345	0
1012.15	0	.1101709	.6162881	.2735411	0
1011.15	0	.1124662	.613902	.2736318	0
1010.15	0	.1147726	.6115052	.2737223	0
1009.15	0	.1170899	.6090978	.2738124	0
1008.15	0	.1194179	.60668	.2739022	0
1007.15	0	.1217563	.604252	.2739917	0
1006.15	0	.124105	.6018141	.2740809	0
1005.15	0	.1264638	.5993665	.2741698	0
1004.15	0	.1288323	.5969093	.2742584	0
1003.15	0	.1312105	.5944429	.2743466	0
1002.15	0	.133598	.5919674	.2744346	0
1001.15	0	.1359948	.589483	.2745223	0
1000.15	0	.1384004	.5869899	.2746096	0
999.15	0	.1408148	.5844885	.2746967	0
998.15	0	.1432377	.5819788	.2747834	0
997.15	0	.1456689	.5794612	.2748699	0
996.15	0	.1481081	.5769358	.274956	0
995.15	0	.1505552	.5744029	.2750419	0
994.15	0	.1530099	.5718627	.2751274	0
993.15	0	.155472	.5693154	.2752126	0
992.15	0	.1579412	.5667612	.2752976	0
991.15	0	.1604174	.5642004	.2753822	0
990.15	0	.1629003	.5616333	.2754665	0
989.15	0	.1653897	.5590599	.2755505	0
988.15	0	.1678853	.5564805	.2756342	0
987.15	0	.170387	.5538955	.2757175	0
986.15	0	.1728945	.5513049	.2758006	0
985.15	0	.1754076	.5487091	.2758833	0
984.15	0	.1779261	.5461082	.2759657	0
983.15	0	.1804497	.5435025	.2760478	0
982.15	0	.1829782	.5408923	.2761295	0
981.15	0	.1855114	.5382776	.2762109	0
980.15	0	.1880491	.5356589	.276292	0
979.15	0	.1905911	.5330362	.2763728	0
978.15	0	.1931357	.5304111	.2764533	0
977.15	0	.1956175	.5278429	.2765396	0
976.15	0	.1981202	.5252548	.276625	0
975.15	0	.2006424	.5226481	.2767094	0
974.15	0	.2031828	.5200243	.2767929	0
973.15	0	.2057399	.5173846	.2768755	0
972.15	0	.2083126	.5147303	.2769571	0
971.15	0	.2108996	.5120625	.2770379	0
970.15	0	.2134997	.5093826	.2771177	0
969.15	0	.2161118	.5066916	.2771966	0
968.15	0	.2187348	.5039905	.2772747	0
967.15	0	.2213675	.5012806	.2773519	0
966.15	0	.2240091	.4985628	.2774282	0
965.15	0	.2266583	.4958381	.2775036	0
964.15	0	.2293144	.4931074	.2775782	0
963.15	0	.2319764	.4903717	.2776519	0
962.15	0	.2346433	.487632	.2777248	0
961.15	0	.2373143	.4848889	.2777967	0
960.15	0	.2399886	.4821435	.2778679	0
959.15	0	.2426654	.4793964	.2779382	0
958.15	0	.2453439	.4766485	.2780076	0
957.15	0	.2480233	.4739005	.2780762	0
956.15	0	.2507029	.4711532	.2781439	0
955.15	0	.2533821	.4684071	.2782108	0
954.15	0	.2560601	.4656631	.2782768	0
953.15	0	.2587363	.4629217	.278342	0
952.15	0	.2614102	.4601835	.2784063	0
951.15	0	.264081	.4574493	.2784698	0
950.15	0	.2667482	.4547194	.2785324	0
949.15	0	.2694113	.4519945	.2785941	0
948.15	0	.2720698	.4492752	.278655	0
947.15	0	.2747231	.4465619	.278715	0
946.15	0	.2773707	.4438551	.2787741	0
945.15	0	.2800122	.4411554	.2788324	0
944.15	0	.2826472	.438463	.2788898	0
943.15	0	.2852751	.4357786	.2789463	0
942.15	0	.2878955	.4331025	.2790019	0
941.15	0	.2905082	.4304351	.2790567	0
940.15	0	.2931126	.4277768	.2791106	0
939.15	0	.2957084	.425128	.2791635	0
938.15	0	.2982953	.422489	.2792156	0
937.15	0	.300873	.4198602	.2792668	0
936.15	0	.303441	.4172419	.2793171	0
935.15	0	.3059991	.4146344	.2793664	0
934.15	0	.3085471	.412038	.2794149	0
933.15	0	.3110845	.4094531	.2794624	0
932.15	0	.3136112	.4068797	.2795091	0
931.15	0	.3161269	.4043184	.2795548	0
930.15	0	.3186313	.4017692	.2795996	0
929.15	0	.3211242	.3992324	.2796434	0
928.15	0	.3236054	.3967083	.2796863	0
927.15	0	.3260746	.3941971	.2797283	0
926.15	0	.3285318	.3916989	.2797693	0
925.15	0	.3309765	.3892141	.2798094	0
924.15	0	.3334088	.3867427	.2798486	0
923.15	0	.3358284	.3842849	.2798867	0
922.15	0	.3382351	.381841	.279924	0
921.15	0	.3406287	.3794111	.2799602	0
920.15	0	.3430092	.3769953	.2799955	0
919.15	0	.3453764	.3745938	.2800299	0
918.15	0	.3477301	.3722067	.2800632	0
917.15	0	.3500702	.3698342	.2800956	0
916.15	0	.3523966	.3674764	.280127	0
915.15	0	.3547092	.3651334	.2801575	0
914.15	0	.3570078	.3628053	.2801869	0
913.15	0	.3592924	.3604923	.2802154	0
912.15	0	.3615628	.3581944	.2802428	0
911.15	0	.3638189	.3559118	.2802693	0
910.15	0	.3660608	.3536444	.2802948	0
909.15	0	.3682882	.3513926	.2803193	0
908.15	0	.3705011	.3491562	.2803427	0
907.15	0	.3726995	.3469353	.2803652	0
906.15	0	.3748831	.3447302	.2803867	0
905.15	0	.3770521	.3425407	.2804071	0
904.15	0	.3792063	.3403671	.2804266	0
903.15	0	.3813456	.3382093	.2804451	0
902.15	0	.3834701	.3360674	.2804625	0
901.15	0	.3855796	.3339415	.2804789	0
900.15	0	.3876741	.3318316	.2804944	0
899.15	0	.3897535	.3297377	.2805088	0
898.15	0	.3918179	.32766	.2805222	0
897.15	0	.3938671	.3255984	.2805345	0
896.15	0	.3959011	.323553	.2805459	0
895.15	0	.3979199	.3215238	.2805563	0
894.15	0	.3999235	.3195109	.2805656	0
893.15	0	.4019118	.3175143	.2805739	0
892.15	0	.4038847	.315534	.2805813	0
891.15	0	.4058424	.3135701	.2805876	0
890.15	0	.4077846	.3116225	.2805929	0
889.15	0	.4097115	.3096914	.2805972	0
888.15	0	.4116229	.3077766	.2806005	0
887.15	0	.4135189	.3058783	.2806028	0
886.15	0	.4153994	.3039965	.2806041	0
885.15	0	.4172644	.3021311	.2806044	0
884.15	0	.419114	.3002822	.2806038	0
883.15	0	.420948	.2984499	.2806021	0
882.15	0	.4227665	.296634	.2805995	0
881.15	0	.4245695	.2948346	.2805959	0
880.15	0	.4263569	.2930518	.2805913	0
879.15	0	.4281288	.2912855	.2805858	0
878.15	0	.4298851	.2895357	.2805793	0
877.15	0	.4316258	.2878024	.2805718	0
876.15	0	.4333509	.2860856	.2805634	0
875.15	0	.4350605	.2843854	.2805541	0
874.15	0	.4367545	.2827017	.2805439	0
873.15	0	.4384329	.2810345	.2805327	0
872.15	0	.4400957	.2793837	.2805206	0
871.15	0	.441743	.2777495	.2805075	0
870.15	0	.4433747	.2761317	.2804936	0
869.15	0	.4449908	.2745303	.2804788	0
868.15	0	.4465914	.2729454	.2804631	0
867.15	0	.4481765	.2713769	.2804466	0
866.15	0	.4497461	.2698248	.2804292	0
865.15	0	.4513002	.268289	.2804109	0
864.15	0	.4528388	.2667695	.2803918	0
863.15	0	.4543619	.2652663	.2803718	0
862.15	0	.4558697	.2637793	.280351	0
861.15	0	.457362	.2623086	.2803294	0
860.15	0	.458839	.260854	.2803071	0
859.15	0	.4603006	.2594155	.2802839	0
858.15	0	.461747	.2579931	.2802599	0
857.15	0	.4631781	.2565867	.2802352	0
856.15	0	.4645939	.2551963	.2802098	0
855.15	0	.4659947	.2538218	.2801836	0
854.15	0	.4673802	.2524631	.2801566	0
853.15	0	.4687508	.2511202	.280129	0
852.15	0	.4701063	.2497931	.2801006	0
851.15	0	.4714469	.2484815	.2800716	0
850.15	0	.4727726	.2471856	.2800418	0
849.15	0	.4740835	.2459051	.2800114	0
848.15	0	.4753796	.24464	.2799804	0
847.15	0	.476661	.2433903	.2799487	0
846.15	0	.4779279	.2421557	.2799164	0
845.15	0	.4791802	.2409364	.2798834	0
844.15	0	.4804181	.239732	.2798499	0
843.15	0	.4816416	.2385427	.2798157	0
842.152	0	.4828485	.2373704	.2797811	0
842.152	0	.4828485	.2373704	.2797811	0
842.152	0	.4828485	.2373704	.2797811	0
842.15	0	.4828679	.2373472	.2797759	8.977224E-06
841.15	0	.4925793	.2257355	.2771527	.004532497
840.15	0	.5019082	.2145452	.2746017	.008945011
839.15	0	.5108734	.2037555	.2721197	.01325134
838.15	0	.5194929	.1933472	.2697039	.017456
837.15	0	.5277833	.1833021	.2673514	.0215632
836.15	0	.5357601	.1736033	.2650597	.02557693
835.15	0	.5434379	.1642348	.2628264	.02950088
834.15	0	.5508305	.1551818	.2606491	.03333857
833.15	0	.5579508	.1464303	.2585256	.03709327
832.15	0	.5648108	.137967	.2564541	.0407681
831.15	0	.5714219	.1297796	.2544325	.04436597
830.15	0	.5777949	.1218565	.252459	.04788964
829.15	0	.5839399	.1141864	.250532	.05134173
828.15	0	.5898665	.1067592	.2486497	.05472469
827.15	0	.5955837	.09956483	.2468106	.05804087
826.15	0	.6011	.09259412	.2450134	.06129247
825.15	0	.6064236	.08583824	.2432565	.0644816
824.15	0	.6115621	.07928885	.2415388	.06761024
823.15	0	.6165228	.07293804	.2398588	.0706803
822.15	0	.6213126	.0667783	.2382155	.07369357
821.15	0	.625938	.06080252	.2366077	.07665177
820.15	0	.6304052	.05500391	.2350343	.07955653
819.15	0	.6347202	.04937604	.2334943	.0824094
818.15	0	.6388887	.04391279	.2319867	.08521187
817.15	0	.6429158	.03860831	.2305105	.08796537
816.15	0	.6468069	.03345704	.2290649	.09067123
815.15	0	.6505667	.02845368	.2276489	.09333076
814.15	0	.6541999	.02359316	.2262618	.09594521
813.15	0	.6577109	.01887064	.2249027	.09851574
812.15	0	.6611041	.01428152	.2235709	.1010435
811.15	0	.6643834	.00982137	.2222657	.1035296
810.15	0	.6675527	.005485964	.2209863	.1059751
809.15	0	.6706158	.001271257	.2197321	.1083809
808.8428	0	.6715361	0	.2193517	.1091123
808.8428	0	.6715361	0	.2193517	.1091123
808.15	0	.6714476	0	.2192045	.1093479
807.15	0	.6713205	0	.2189927	.1096868
806.15	0	.671194	0	.2187815	.1100244
805.15	0	.6710683	0	.2185711	.1103606
804.15	0	.6709431	0	.2183614	.1106955
803.15	0	.6708186	0	.2181523	.111029
802.15	0	.6706948	0	.217944	.1113612
801.15	0	.6705716	0	.2177363	.1116921
800.15	0	.670449	0	.2175294	.1120217
799.15	0	.6703271	0	.2173231	.1123499
798.15	0	.6702057	0	.2171175	.1126768
797.15	0	.670085	0	.2169126	.1130024
796.15	0	.6699649	0	.2167084	.1133267
795.15	0	.6698455	0	.2165048	.1136497
794.15	0	.6697266	0	.216302	.1139714
793.15	0	.6696083	0	.2160998	.1142918
792.15	0	.6694906	0	.2158984	.114611
791.15	0	.6693735	0	.2156976	.1149289
790.15	0	.6692571	0	.2154975	.1152455
789.15	0	.6691411	0	.215298	.1155608
788.15	0	.6690258	0	.2150993	.1158749
787.15	0	.668911	0	.2149012	.1161878
786.15	0	.6687968	0	.2147038	.1164994
785.15	0	.6686832	0	.2145071	.1168097
784.15	0	.6685702	0	.214311	.1171188
783.15	0	.6684576	0	.2141157	.1174267
782.15	0	.6683457	0	.213921	.1177334
781.15	0	.6682343	0	.2137269	.1180388
780.15	0	.6681235	0	.2135336	.118343
779.15	0	.6680131	0	.2133409	.118646
778.15	0	.6679034	0	.2131488	.1189478
777.15	0	.6677942	0	.2129575	.1192484
776.15	0	.6676855	0	.2127668	.1195478
775.15	0	.6675773	0	.2125768	.1198459
774.15	0	.6674697	0	.2123874	.1201429
773.15	0	.6673625	0	.2121987	.1204387
772.15	0	.667256	0	.2120107	.1207334
771.15	0	.6671499	0	.2118233	.1210268
770.15	0	.6670443	0	.2116366	.1213191
769.15	0	.6669393	0	.2114505	.1216102
768.15	0	.6668347	0	.2112651	.1219002
767.15	0	.6667307	0	.2110804	.122189
766.15	0	.6666271	0	.2108963	.1224766
765.15	0	.6665241	0	.2107129	.122763
764.15	0	.6664216	0	.2105301	.1230484
763.15	0	.6663195	0	.210348	.1233325
762.15	0	.6662179	0	.2101665	.1236156
761.15	0	.6661169	0	.2099857	.1238975
760.15	0	.6660163	0	.2098055	.1241782
759.15	0	.6659162	0	.209626	.1244579
758.15	0	.6658165	0	.2094471	.1247364
757.15	0	.6657174	0	.2092689	.1250137
756.15	0	.6656187	0	.2090913	.12529
755.15	0	.6655205	0	.2089144	.1255651
754.15	0	.6654228	0	.2087381	.1258392
753.15	0	.6653255	0	.2085624	.1261121
752.15	0	.6652287	0	.2083874	.1263839
751.15	0	.6651323	0	.2082131	.1266546
750.15	0	.6650364	0	.2080393	.1269242
749.15	0	.664941	0	.2078663	.1271927
748.15	0	.664846	0	.2076938	.1274602
747.15	0	.6647515	0	.207522	.1277265
746.15	0	.6646574	0	.2073508	.1279918
745.15	0	.6645638	0	.2071803	.1282559
744.15	0	.6644706	0	.2070104	.128519
743.15	0	.6643779	0	.2068411	.128781
742.15	0	.6642856	0	.2066725	.1290419
741.15	0	.6641937	0	.2065045	.1293018
740.15	0	.6641023	0	.2063371	.1295606
739.15	0	.6640113	0	.2061704	.1298183
738.15	0	.6639207	0	.2060043	.130075
737.15	0	.6638306	0	.2058388	.1303306
736.15	0	.6637409	0	.2056739	.1305852
735.15	0	.6636516	0	.2055097	.1308387
734.15	0	.6635628	0	.2053461	.1310912
733.15	0	.6634743	0	.2051831	.1313426
732.15	0	.6633863	0	.2050208	.1315929
731.15	0	.6632987	0	.204859	.1318423
730.15	0	.6632116	0	.2046979	.1320905
729.15	0	.6631248	0	.2045374	.1323378
728.15	0	.6630385	0	.2043775	.132584
727.15	0	.6629525	0	.2042183	.1328292
726.15	0	.662867	0	.2040597	.1330734
725.15	0	.6627819	0	.2039016	.1333165
724.15	0	.6626972	0	.2037442	.1335586
723.15	0	.6626129	0	.2035874	.1337997
722.15	0	.6625289	0	.2034313	.1340398
721.15	0	.6624454	0	.2032757	.1342789
720.15	0	.6623623	0	.2031207	.1345169
719.15	0	.6622796	0	.2029664	.134754
718.15	0	.6621973	0	.2028127	.13499
717.15	0	.6621154	0	.2026596	.1352251
716.15	0	.6620339	0	.2025071	.1354591
715.15	0	.6619527	0	.2023552	.1356921
714.15	0	.661872	0	.2022038	.1359242
713.15	0	.6617916	0	.2020532	.1361552
712.15	0	.6617116	0	.2019031	.1363853
711.15	0	.6616321	0	.2017536	.1366143
710.15	0	.6615529	0	.2016047	.1368424
709.15	0	.661474	0	.2014564	.1370695
708.15	0	.6613956	0	.2013088	.1372956
707.15	0	.6613175	0	.2011617	.1375208
706.15	0	.6612399	0	.2010152	.1377449
705.15	0	.6611625	0	.2008693	.1379681
704.15	0	.6610856	0	.2007241	.1381903
703.15	0	.661009	0	.2005794	.1384116
702.15	0	.6609329	0	.2004353	.1386319
701.15	0	.660857	0	.2002918	.1388512
700.15	0	.6607816	0	.2001489	.1390695
699.15	0	.6607065	0	.2000066	.1392869
698.15	0	.6606318	0	.1998649	.1395033
697.15	0	.6605574	0	.1997238	.1397188
696.15	0	.6604834	0	.1995832	.1399333
695.15	0	.6604098	0	.1994433	.1401469
694.15	0	.6603366	0	.1993039	.1403595
693.15	0	.6602636	0	.1991652	.1405712
692.15	0	.6601911	0	.199027	.1407819
691.15	0	.6601189	0	.1988894	.1409917
690.15	0	.6600471	0	.1987524	.1412006
689.15	0	.6599756	0	.1986159	.1414085
688.15	0	.6599045	0	.1984801	.1416154
687.15	0	.6598337	0	.1983448	.1418215
686.15	0	.6597633	0	.1982101	.1420266
685.15	0	.6596932	0	.198076	.1422308
684.15	0	.6596235	0	.1979425	.142434
683.15	0	.6595541	0	.1978096	.1426363
682.15	0	.6594851	0	.1976772	.1428377
681.15	0	.6594164	0	.1975454	.1430382
680.15	0	.6593481	0	.1974142	.1432378
679.15	0	.6592801	0	.1972835	.1434364
678.15	0	.6592124	0	.1971535	.1436341
677.15	0	.6591451	0	.197024	.143831
676.15	0	.6590781	0	.196895	.1440269
675.15	0	.6590115	0	.1967667	.1442219
674.15	0	.6589452	0	.1966389	.144416
673.15	0	.6588792	0	.1965117	.1446091
672.15	0	.6588136	0	.196385	.1448014
671.15	0	.6587483	0	.1962589	.1449928
670.15	0	.6586833	0	.1961334	.1451833
669.15	0	.6586187	0	.1960084	.1453729
668.15	0	.6585544	0	.195884	.1455616
667.15	0	.6584904	0	.1957602	.1457494
666.15	0	.6584268	0	.1956369	.1459363
665.15	0	.6583634	0	.1955142	.1461223
664.15	0	.6583005	0	.1953921	.1463075
663.15	0	.6582378	0	.1952705	.1464917
662.15	0	.6581754	0	.1951494	.1466751
661.15	0	.6581134	0	.195029	.1468576
660.15	0	.6580517	0	.194909	.1470392
659.15	0	.6579904	0	.1947897	.14722
658.15	0	.6579293	0	.1946708	.1473999
657.15	0	.6578686	0	.1945526	.1475789
656.15	0	.6578082	0	.1944349	.147757
655.15	0	.6577481	0	.1943177	.1479343
654.15	0	.6576883	0	.1942011	.1481107
653.15	0	.6576288	0	.194085	.1482862
652.15	0	.6575697	0	.1939695	.1484609
651.15	0	.6575108	0	.1938545	.1486347
650.15	0	.6574523	0	.1937401	.1488076
649.15	0	.6573941	0	.1936262	.1489797
648.15	0	.6573362	0	.1935128	.149151
647.15	0	.6572786	0	.1934	.1493214
646.15	0	.6572213	0	.1932878	.149491
645.15	0	.6571643	0	.193176	.1496597
644.15	0	.6571076	0	.1930649	.1498275
643.15	0	.6570512	0	.1929542	.1499945
642.15	0	.6569952	0	.1928441	.1501607
641.15	0	.6569394	0	.1927345	.1503261
640.15	0	.656884	0	.1926255	.1504906
639.15	0	.6568288	0	.192517	.1506542
638.15	0	.6567739	0	.192409	.1508171
637.15	0	.6567194	0	.1923016	.1509791
636.15	0	.6566651	0	.1921946	.1511403
635.15	0	.6566111	0	.1920882	.1513006
634.15	0	.6565575	0	.1919824	.1514601
633.15	0	.6565041	0	.191877	.1516189
632.15	0	.656451	0	.1917722	.1517767
631.15	0	.6563982	0	.191668	.1519338
630.15	0	.6563458	0	.1915642	.1520901
629.15	0	.6562936	0	.191461	.1522455
628.15	0	.6562416	0	.1913582	.1524001
627.15	0	.65619	0	.191256	.152554
626.15	0	.6561387	0	.1911543	.152707
625.15	0	.6560877	0	.1910532	.1528592
624.15	0	.6560369	0	.1909525	.1530106
623.15	0	.6559864	0	.1908524	.1531612
622.15	0	.6559362	0	.1907528	.153311
621.15	0	.6558864	0	.1906536	.15346
620.15	0	.6558367	0	.190555	.1536082
619.15	0	.6557874	0	.190457	.1537556
618.15	0	.6557384	0	.1903594	.1539023
617.15	0	.6556896	0	.1902623	.1540481
616.15	0	.6556411	0	.1901657	.1541932
615.15	0	.6555929	0	.1900697	.1543374
614.15	0	.655545	0	.1899741	.1544809
613.15	0	.6554973	0	.189879	.1546237
612.15	0	.6554499	0	.1897845	.1547656
611.15	0	.6554028	0	.1896904	.1549068
610.15	0	.655356	0	.1895969	.1550471
609.15	0	.6553095	0	.1895038	.1551868
608.15	0	.6552632	0	.1894112	.1553256
607.15	0	.6552172	0	.1893191	.1554637
606.15	0	.6551714	0	.1892276	.155601
605.15	0	.655126	0	.1891365	.1557376
604.15	0	.6550808	0	.1890459	.1558734
603.15	0	.6550358	0	.1889558	.1560084
602.15	0	.6549912	0	.1888662	.1561427
601.15	0	.6549468	0	.188777	.1562762
600.15	0	.6549026	0	.1886884	.156409
599.15	0	.6548588	0	.1886002	.156541
598.15	0	.6548151	0	.1885125	.1566723
597.15	0	.6547718	0	.1884253	.1568029
596.15	0	.6547287	0	.1883386	.1569327
595.15	0	.6546859	0	.1882524	.1570617
594.15	0	.6546433	0	.1881666	.15719
593.15	0	.654601	0	.1880813	.1573176
592.15	0	.654559	0	.1879965	.1574445
591.15	0	.6545172	0	.1879122	.1575706
590.15	0	.6544757	0	.1878283	.157696
589.15	0	.6544344	0	.1877449	.1578207
588.15	0	.6543934	0	.187662	.1579447
587.15	0	.6543526	0	.1875795	.1580679
586.15	0	.6543121	0	.1874975	.1581904
585.15	0	.6542718	0	.187416	.1583122
584.15	0	.6542318	0	.1873349	.1584333
583.15	0	.654192	0	.1872543	.1585536
582.15	0	.6541525	0	.1871742	.1586733
581.15	0	.6541132	0	.1870945	.1587923
580.15	0	.6540742	0	.1870153	.1589105
579.15	0	.6540355	0	.1869365	.1590281
578.15	0	.6539969	0	.1868582	.1591449
577.15	0	.6539586	0	.1867803	.1592611
576.15	0	.6539206	0	.1867029	.1593765
575.15	0	.6538828	0	.1866259	.1594913
574.15	0	.6538452	0	.1865494	.1596054
573.15	0	.6538079	0	.1864733	.1597188
572.15	0	.6537708	0	.1863977	.1598315
571.15	0	.653734	0	.1863225	.1599435
570.15	0	.6536974	0	.1862478	.1600548
569.15	0	.653661	0	.1861735	.1601655
568.15	0	.6536249	0	.1860996	.1602755
567.15	0	.653589	0	.1860262	.1603848
566.15	0	.6535533	0	.1859532	.1604935
565.15	0	.6535179	0	.1858807	.1606015
564.15	0	.6534827	0	.1858086	.1607088
563.15	0	.6534477	0	.1857369	.1608154
562.15	0	.653413	0	.1856656	.1609214
561.15	0	.6533785	0	.1855948	.1610268
560.15	0	.6533442	0	.1855244	.1611315
559.15	0	.6533101	0	.1854544	.1612355
558.15	0	.6532763	0	.1853848	.1613389
557.15	0	.6532427	0	.1853157	.1614416
556.15	0	.6532093	0	.185247	.1615437
555.15	0	.6531762	0	.1851787	.1616452
554.15	0	.6531432	0	.1851108	.161746
553.15	0	.6531105	0	.1850433	.1618461
552.15	0	.653078	0	.1849763	.1619457
551.15	0	.6530457	0	.1849097	.1620446
550.15	0	.6530137	0	.1848434	.1621429
549.15	0	.6529819	0	.1847776	.1622405
548.15	0	.6529502	0	.1847122	.1623376
547.15	0	.6529188	0	.1846472	.162434
546.15	0	.6528877	0	.1845826	.1625298
545.15	0	.6528567	0	.1845184	.1626249
544.15	0	.6528259	0	.1844546	.1627195
543.15	0	.6527954	0	.1843912	.1628135
542.15	0	.652765	0	.1843282	.1629068
541.15	0	.6527349	0	.1842656	.1629996
540.15	0	.652705	0	.1842033	.1630917
539.15	0	.6526753	0	.1841415	.1631832
538.15	0	.6526458	0	.1840801	.1632742
537.15	0	.6526165	0	.184019	.1633645
536.15	0	.6525874	0	.1839583	.1634543
535.15	0	.6525585	0	.1838981	.1635435
534.15	0	.6525298	0	.1838382	.1636321
533.15	0	.6525013	0	.1837786	.1637201
532.15	0	.652473	0	.1837195	.1638075
531.15	0	.6524449	0	.1836607	.1638943
530.15	0	.652417	0	.1836024	.1639806
529.15	0	.6523893	0	.1835443	.1640663
528.15	0	.6523619	0	.1834867	.1641515
527.15	0	.6523346	0	.1834294	.164236
526.15	0	.6523075	0	.1833725	.16432
525.15	0	.6522806	0	.183316	.1644035
524.15	0	.6522538	0	.1832598	.1644864
523.15	0	.6522273	0	.183204	.1645687
522.15	0	.652201	0	.1831485	.1646505
521.15	0	.6521749	0	.1830935	.1647317
520.15	0	.6521489	0	.1830387	.1648124
519.15	0	.6521231	0	.1829843	.1648925
518.15	0	.6520976	0	.1829303	.1649721
517.15	0	.6520722	0	.1828766	.1650512
516.15	0	.652047	0	.1828233	.1651297
515.15	0	.6520219	0	.1827703	.1652077
514.15	0	.6519971	0	.1827177	.1652852
513.15	0	.6519725	0	.1826654	.1653621
512.15	0	.651948	0	.1826135	.1654385
511.15	0	.6519237	0	.1825619	.1655144
510.15	0	.6518996	0	.1825106	.1655898
509.15	0	.6518757	0	.1824597	.1656647
508.15	0	.6518519	0	.1824091	.165739
507.15	0	.6518283	0	.1823588	.1658129
506.15	0	.6518049	0	.1823089	.1658862
505.15	0	.6517817	0	.1822593	.165959
504.15	0	.6517586	0	.18221	.1660314
503.15	0	.6517357	0	.1821611	.1661032
502.15	0	.651713	0	.1821124	.1661746
501.15	0	.6516905	0	.1820641	.1662454
500.15	0	.6516681	0	.1820161	.1663158
499.15	0	.6516459	0	.1819685	.1663857
498.15	0	.6516238	0	.1819211	.1664551
497.15	0	.6516019	0	.1818741	.166524
496.15	0	.6515802	0	.1818273	.1665924
495.15	0	.6515587	0	.1817809	.1666604
494.15	0	.6515373	0	.1817348	.1667279
493.15	0	.6515161	0	.181689	.1667949
492.15	0	.651495	0	.1816435	.1668615
491.15	0	.6514741	0	.1815983	.1669276
490.15	0	.6514534	0	.1815534	.1669932
489.15	0	.6514328	0	.1815088	.1670584
488.15	0	.6514124	0	.1814645	.1671231
487.15	0	.6513921	0	.1814205	.1671874
486.15	0	.651372	0	.1813768	.1672512
485.15	0	.651352	0	.1813333	.1673146
484.15	0	.6513322	0	.1812902	.1673776
483.15	0	.6513126	0	.1812473	.1674401
482.15	0	.6512931	0	.1812048	.1675022
481.15	0	.6512737	0	.1811625	.1675638
480.15	0	.6512545	0	.1811205	.1676251
479.15	0	.6512354	0	.1810787	.1676858
478.15	0	.6512165	0	.1810373	.1677462
477.15	0	.6511977	0	.1809961	.1678062
476.15	0	.6511791	0	.1809552	.1678657
475.15	0	.6511606	0	.1809146	.1679248
474.15	0	.6511423	0	.1808742	.1679835
473.15	0	.6511241	0	.1808341	.1680418
472.15	0	.6511061	0	.1807943	.1680997
471.15	0	.6510881	0	.1807547	.1681572
470.15	0	.6510704	0	.1807154	.1682143
469.15	0	.6510527	0	.1806763	.168271
468.15	0	.6510352	0	.1806375	.1683273
467.15	0	.6510179	0	.180599	.1683832
466.15	0	.6510006	0	.1805607	.1684387
465.15	0	.6509835	0	.1805226	.1684939
464.15	0	.6509666	0	.1804848	.1685486
463.15	0	.6509497	0	.1804473	.168603
462.15	0	.650933	0	.18041	.168657
461.15	0	.6509164	0	.1803729	.1687106
460.15	0	.6509	0	.1803361	.1687639
459.15	0	.6508837	0	.1802995	.1688168
458.15	0	.6508675	0	.1802632	.1688693
457.15	0	.6508514	0	.1802271	.1689215
456.15	0	.6508355	0	.1801912	.1689733
455.15	0	.6508197	0	.1801556	.1690248
454.15	0	.650804	0	.1801201	.1690759
453.15	0	.6507884	0	.180085	.1691267
452.15	0	.650773	0	.18005	.1691771
451.15	0	.6507576	0	.1800152	.1692271
450.15	0	.6507424	0	.1799807	.1692769
449.15	0	.6507273	0	.1799464	.1693263
448.15	0	.6507123	0	.1799123	.1693753
447.15	0	.6506975	0	.1798785	.169424
446.15	0	.6506827	0	.1798448	.1694724
445.15	0	.6506681	0	.1798114	.1695205
444.15	0	.6506536	0	.1797782	.1695682
443.15	0	.6506392	0	.1797452	.1696156
442.15	0	.6506249	0	.1797124	.1696627
441.15	0	.6506107	0	.1796798	.1697095
440.15	0	.6505966	0	.1796474	.169756
439.15	0	.6505827	0	.1796152	.1698021
438.15	0	.6505688	0	.1795832	.169848
437.15	0	.6505551	0	.1795514	.1698935
436.15	0	.6505414	0	.1795198	.1699387
435.15	0	.6505279	0	.1794884	.1699837
434.15	0	.6505145	0	.1794572	.1700283
433.15	0	.6505012	0	.1794262	.1700726
432.15	0	.6504879	0	.1793954	.1701166
431.15	0	.6504748	0	.1793648	.1701604
430.15	0	.6504618	0	.1793344	.1702038
429.15	0	.6504489	0	.1793041	.170247
428.15	0	.6504361	0	.179274	.1702899
427.15	0	.6504234	0	.1792442	.1703325
426.15	0	.6504107	0	.1792144	.1703748
425.15	0	.6503982	0	.1791849	.1704169
