T	 BPW(LIQUID)	BPW(BCC_A2)	BPW(FCC_A1)	BPW(LAVES_PHASE_C14)	BPW(NI3TI)
1473.15	0	1	0	0	0
1472.15	0	1	0	0	0
1471.15	0	1	0	0	0
1470.15	0	1	0	0	0
1469.15	0	1	0	0	0
1468.15	0	1	0	0	0
1467.15	0	1	0	0	0
1466.15	0	1	0	0	0
1465.15	0	1	0	0	0
1464.15	0	1	0	0	0
1463.15	0	1	0	0	0
1462.15	0	1	0	0	0
1461.15	0	1	0	0	0
1460.15	0	1	0	0	0
1459.15	0	1	0	0	0
1458.15	0	1	0	0	0
1457.15	0	1	0	0	0
1456.15	0	1	0	0	0
1455.15	0	1	0	0	0
1454.15	0	1	0	0	0
1453.15	0	1	0	0	0
1452.15	0	1	0	0	0
1451.15	0	1	0	0	0
1450.15	0	1	0	0	0
1449.15	0	1	0	0	0
1448.15	0	1	0	0	0
1447.15	0	1	0	0	0
1446.15	0	1	0	0	0
1445.15	0	1	0	0	0
1444.15	0	1	0	0	0
1443.15	0	1	0	0	0
1442.15	0	1	0	0	0
1441.15	0	1	0	0	0
1440.15	0	1	0	0	0
1439.15	0	1	0	0	0
1438.15	0	1	0	0	0
1437.15	0	1	0	0	0
1436.15	0	1	0	0	0
1435.15	0	1	0	0	0
1434.15	0	1	0	0	0
1433.15	0	1	0	0	0
1432.15	0	1	0	0	0
1431.15	0	1	0	0	0
1430.15	0	1	0	0	0
1429.15	0	1	0	0	0
1428.15	0	1	0	0	0
1427.15	0	1	0	0	0
1426.15	0	1	0	0	0
1425.15	0	1	0	0	0
1424.15	0	1	0	0	0
1423.15	0	1	0	0	0
1422.15	0	1	0	0	0
1421.15	0	1	0	0	0
1420.15	0	1	0	0	0
1419.15	0	1	0	0	0
1418.15	0	1	0	0	0
1417.15	0	1	0	0	0
1416.15	0	1	0	0	0
1415.15	0	1	0	0	0
1414.15	0	1	0	0	0
1413.15	0	1	0	0	0
1412.15	0	1	0	0	0
1411.15	0	1	0	0	0
1410.15	0	1	0	0	0
1409.15	0	1	0	0	0
1408.15	0	1	0	0	0
1407.15	0	1	0	0	0
1406.15	0	1	0	0	0
1405.15	0	1	0	0	0
1404.15	0	1	0	0	0
1403.15	0	1	0	0	0
1402.15	0	1	0	0	0
1401.15	0	1	0	0	0
1400.15	0	1	0	0	0
1399.15	0	1	0	0	0
1398.15	0	1	0	0	0
1397.15	0	1	0	0	0
1396.15	0	1	0	0	0
1395.15	0	1	0	0	0
1394.15	0	1	0	0	0
1393.15	0	1	0	0	0
1392.15	0	1	0	0	0
1391.15	0	1	0	0	0
1390.15	0	1	0	0	0
1389.15	0	1	0	0	0
1388.15	0	1	0	0	0
1387.15	0	1	0	0	0
1386.15	0	1	0	0	0
1385.15	0	1	0	0	0
1384.15	0	1	0	0	0
1383.15	0	1	0	0	0
1382.15	0	1	0	0	0
1381.15	0	1	0	0	0
1380.15	0	1	0	0	0
1379.15	0	1	0	0	0
1378.15	0	1	0	0	0
1377.15	0	1	0	0	0
1376.15	0	1	0	0	0
1375.15	0	1	0	0	0
1374.15	0	1	0	0	0
1373.15	0	1	0	0	0
1372.15	0	1	0	0	0
1371.15	0	1	0	0	0
1370.15	0	1	0	0	0
1369.15	0	1	0	0	0
1368.15	0	1	0	0	0
1367.15	0	1	0	0	0
1366.15	0	1	0	0	0
1365.15	0	1	0	0	0
1364.15	0	1	0	0	0
1363.15	0	1	0	0	0
1362.15	0	1	0	0	0
1361.15	0	1	0	0	0
1360.15	0	1	0	0	0
1359.15	0	1	0	0	0
1358.15	0	1	0	0	0
1357.15	0	1	0	0	0
1356.15	0	1	0	0	0
1355.15	0	1	0	0	0
1354.15	0	1	0	0	0
1353.15	0	1	0	0	0
1352.15	0	1	0	0	0
1351.15	0	1	0	0	0
1350.15	0	1	0	0	0
1349.15	0	1	0	0	0
1348.15	0	1	0	0	0
1347.15	0	1	0	0	0
1346.15	0	1	0	0	0
1345.15	0	1	0	0	0
1344.15	0	1	0	0	0
1343.15	0	1	0	0	0
1342.15	0	1	0	0	0
1341.15	0	1	0	0	0
1340.15	0	1	0	0	0
1339.15	0	1	0	0	0
1338.15	0	1	0	0	0
1337.15	0	1	0	0	0
1336.15	0	1	0	0	0
1335.15	0	1	0	0	0
1334.15	0	1	0	0	0
1333.15	0	1	0	0	0
1332.15	0	1	0	0	0
1331.15	0	1	0	0	0
1330.15	0	1	0	0	0
1329.15	0	1	0	0	0
1328.15	0	1	0	0	0
1327.15	0	1	0	0	0
1326.15	0	1	0	0	0
1325.15	0	1	0	0	0
1324.15	0	1	0	0	0
1323.15	0	1	0	0	0
1322.15	0	1	0	0	0
1321.15	0	1	0	0	0
1320.15	0	1	0	0	0
1319.15	0	1	0	0	0
1318.15	0	1	0	0	0
1317.15	0	1	0	0	0
1316.15	0	1	0	0	0
1315.15	0	1	0	0	0
1314.15	0	1	0	0	0
1313.15	0	1	0	0	0
1312.15	0	1	0	0	0
1311.15	0	1	0	0	0
1310.15	0	1	0	0	0
1309.15	0	1	0	0	0
1308.15	0	1	0	0	0
1307.15	0	1	0	0	0
1306.15	0	1	0	0	0
1305.15	0	1	0	0	0
1304.15	0	1	0	0	0
1303.15	0	1	0	0	0
1302.15	0	1	0	0	0
1301.15	0	1	0	0	0
1300.15	0	1	0	0	0
1299.15	0	1	0	0	0
1298.15	0	1	0	0	0
1297.15	0	1	0	0	0
1296.15	0	1	0	0	0
1295.15	0	1	0	0	0
1294.15	0	1	0	0	0
1293.15	0	1	0	0	0
1292.15	0	1	0	0	0
1291.15	0	1	0	0	0
1290.15	0	1	0	0	0
1289.15	0	1	0	0	0
1288.15	0	1	0	0	0
1287.15	0	1	0	0	0
1286.15	0	1	0	0	0
1285.15	0	1	0	0	0
1284.15	0	1	0	0	0
1283.15	0	1	0	0	0
1282.15	0	1	0	0	0
1281.15	0	1	0	0	0
1280.15	0	1	0	0	0
1279.15	0	1	0	0	0
1278.15	0	1	0	0	0
1277.15	0	1	0	0	0
1276.15	0	1	0	0	0
1275.15	0	1	0	0	0
1274.15	0	1	0	0	0
1273.15	0	1	0	0	0
1272.15	0	1	0	0	0
1271.15	0	1	0	0	0
1270.15	0	1	0	0	0
1269.15	0	1	0	0	0
1268.15	0	1	0	0	0
1267.15	0	1	0	0	0
1266.15	0	1	0	0	0
1265.15	0	1	0	0	0
1264.984	0	1	0	0	0
1264.984	0	1	0	0	0
1264.984	0	1	0	0	0
1264.15	0	.9995221	0	4.779543E-04	0
1263.15	0	.99895	0	.001049957	0
1262.15	0	.9983793	0	.001620719	0
1261.15	0	.9978098	0	.002190243	0
1260.15	0	.9972415	0	.002758533	0
1259.15	0	.9966744	0	.003325591	0
1258.15	0	.9961086	0	.003891422	0
1257.15	0	.995544	0	.004456028	0
1256.15	0	.9949806	0	.005019412	0
1255.15	0	.9944184	0	.005581579	0
1254.15	0	.9938575	0	.00614253	0
1253.15	0	.9932977	0	.006702269	0
1252.15	0	.9927392	0	.007260799	0
1251.15	0	.9921819	0	.007818125	0
1250.15	0	.9916258	0	.008374247	0
1249.15	0	.9910708	0	.00892917	0
1248.15	0	.9905171	0	.009482897	0
1247.15	0	.9899646	0	.01003543	0
1246.15	0	.9894132	0	.01058677	0
1245.15	0	.9888631	0	.01113693	0
1244.15	0	.9883141	0	.01168591	0
1243.15	0	.9877663	0	.0122337	0
1242.15	0	.9872197	0	.01278031	0
1241.15	0	.9866743	0	.01332575	0
1240.15	0	.98613	0	.01387002	0
1239.15	0	.9855869	0	.01441312	0
1238.15	0	.985045	0	.01495505	0
1237.15	0	.9845042	0	.01549582	0
1236.15	0	.9839646	0	.01603543	0
1235.15	0	.9834261	0	.01657389	0
1234.15	0	.9828888	0	.01711119	0
1233.15	0	.9823527	0	.01764733	0
1232.15	0	.9818177	0	.01818233	0
1231.15	0	.9812838	0	.01871619	0
1230.15	0	.9807511	0	.0192489	0
1229.15	0	.9802195	0	.01978047	0
1228.15	0	.9796891	0	.02031091	0
1227.15	0	.9791598	0	.02084021	0
1226.15	0	.9786316	0	.02136838	0
1225.15	0	.9781046	0	.02189542	0
1224.15	0	.9775787	0	.02242134	0
1223.15	0	.9770539	0	.02294613	0
1222.15	0	.9765302	0	.02346981	0
1221.15	0	.9760076	0	.02399236	0
1220.15	0	.9754862	0	.0245138	0
1219.15	0	.9749659	0	.02503414	0
1218.15	0	.9744466	0	.02555336	0
1217.15	0	.9739285	0	.02607147	0
1216.15	0	.9734115	0	.02658848	0
1215.15	0	.9728956	0	.02710439	0
1214.15	0	.9723808	0	.02761921	0
1213.15	0	.9718671	0	.02813292	0
1212.15	0	.9713544	0	.02864555	0
1211.15	0	.9708429	0	.02915708	0
1210.15	0	.9703325	0	.02966753	0
1209.15	0	.9698231	0	.03017689	0
1208.15	0	.9693148	0	.03068516	0
1207.15	0	.9688076	0	.03119236	0
1206.15	0	.9683015	0	.03169848	0
1205.15	0	.9677965	0	.03220353	0
1204.15	0	.9672925	0	.0327075	0
1203.15	0	.9667896	0	.03321041	0
1202.15	0	.9662878	0	.03371225	0
1201.15	0	.965787	0	.03421302	0
1200.15	0	.9652873	0	.03471273	0
1199.15	0	.9647886	0	.03521138	0
1198.15	0	.964291	0	.03570897	0
1197.15	0	.9637945	0	.03620551	0
1196.15	0	.963299	0	.036701	0
1195.15	0	.9628046	0	.03719544	0
1194.15	0	.9623112	0	.03768883	0
1193.15	0	.9618188	0	.03818117	0
1192.15	0	.9613275	0	.03867248	0
1191.15	0	.9608373	0	.03916274	0
1190.15	0	.960348	0	.03965197	0
1189.15	0	.9598598	0	.04014016	0
1188.15	0	.9593727	0	.04062731	0
1187.15	0	.9588866	0	.04111344	0
1186.15	0	.9584015	0	.04159854	0
1185.15	0	.9579174	0	.04208261	0
1184.15	0	.9574343	0	.04256567	0
1183.15	0	.9569523	0	.04304769	0
1182.15	0	.9564713	0	.04352871	0
1181.15	0	.9559913	0	.0440087	0
1180.15	0	.9555123	0	.04448768	0
1179.15	0	.9550344	0	.04496565	0
1178.15	0	.9545574	0	.04544261	0
1177.15	0	.9540814	0	.04591856	0
1176.15	0	.9536065	0	.0463935	0
1175.15	0	.9531325	0	.04686745	0
1174.15	0	.9526596	0	.04734039	0
1173.15	0	.9521877	0	.04781233	0
1172.15	0	.9517167	0	.04828328	0
1171.15	0	.9512468	0	.04875324	0
1170.15	0	.9507778	0	.0492222	0
1169.15	0	.9503098	0	.04969017	0
1168.15	0	.9498428	0	.05015716	0
1167.15	0	.9493768	0	.05062316	0
1166.15	0	.9489118	0	.05108817	0
1165.15	0	.9484478	0	.05155221	0
1164.15	0	.9479847	0	.05201527	0
1163.15	0	.9475227	0	.05247735	0
1162.15	0	.9470615	0	.05293846	0
1161.15	0	.9466014	0	.05339859	0
1160.15	0	.9461422	0	.05385775	0
1159.15	0	.9456841	0	.05431595	0
1158.15	0	.9452268	0	.05477318	0
1157.15	0	.9447706	0	.05522944	0
1156.15	0	.9443153	0	.05568475	0
1155.15	0	.9438609	0	.05613909	0
1154.15	0	.9434075	0	.05659249	0
1153.15	0	.9429551	0	.05704492	0
1152.15	0	.9425036	0	.0574964	0
1151.15	0	.9420531	0	.05794692	0
1150.15	0	.9416035	0	.0583965	0
1149.15	0	.9411549	0	.05884512	0
1148.15	0	.9407072	0	.0592928	0
1147.15	0	.9402605	0	.05973954	0
1146.15	0	.9398147	0	.06018533	0
1145.15	0	.9393698	0	.06063019	0
1144.15	0	.9389259	0	.0610741	0
1143.15	0	.9384829	0	.06151708	0
1142.15	0	.9380409	0	.06195913	0
1141.15	0	.9375998	0	.06240025	0
1140.15	0	.9371596	0	.06284043	0
1139.15	0	.9367203	0	.06327969	0
1138.15	0	.936282	0	.06371802	0
1137.15	0	.9358446	0	.06415542	0
1136.15	0	.9354081	0	.06459191	0
1135.15	0	.9349725	0	.06502747	0
1134.15	0	.9345379	0	.06546211	0
1133.15	0	.9341042	0	.06589584	0
1132.15	0	.9336714	0	.06632865	0
1131.15	0	.9332394	0	.06676055	0
1130.15	0	.9328085	0	.06719153	0
1129.15	0	.9323784	0	.06762161	0
1128.15	0	.9319492	0	.06805078	0
1127.15	0	.931521	0	.06847905	0
1126.15	0	.9310936	0	.06890641	0
1125.15	0	.9306671	0	.06933286	0
1124.15	0	.9302416	0	.06975842	0
1123.15	0	.9298169	0	.07018308	0
1122.15	0	.9293932	0	.07060684	0
1121.15	0	.9289703	0	.0710297	0
1120.15	0	.9285483	0	.07145168	0
1119.15	0	.9281272	0	.07187276	0
1118.15	0	.9277071	0	.07229295	0
1117.15	0	.9272878	0	.07271225	0
1116.15	0	.9268693	0	.07313067	0
1115.15	0	.9264518	0	.0735482	0
1114.15	0	.9260352	0	.07396485	0
1113.15	0	.9256194	0	.07438061	0
1112.15	0	.9252045	0	.0747955	0
1111.15	0	.9247905	0	.07520951	0
1110.15	0	.9243774	0	.07562265	0
1109.15	0	.9239651	0	.0760349	0
1108.15	0	.9235537	0	.07644629	0
1107.15	0	.9231432	0	.0768568	0
1106.15	0	.9227336	0	.07726645	0
1105.15	0	.9223248	0	.07767522	0
1104.15	0	.9219169	0	.07808313	0
1103.15	0	.9215098	0	.07849018	0
1102.15	0	.9211036	0	.07889636	0
1101.15	0	.9206983	0	.07930168	0
1100.15	0	.9202939	0	.07970614	0
1099.15	0	.9198903	0	.08010974	0
1098.15	0	.9194875	0	.08051249	0
1097.15	0	.9190856	0	.08091438	0
1096.15	0	.9186846	0	.08131542	0
1095.15	0	.9182844	0	.0817156	0
1094.15	0	.9178851	0	.08211494	0
1093.15	0	.9174866	0	.08251342	0
1092.15	0	.9170889	0	.08291106	0
1091.15	0	.9166922	0	.08330785	0
1090.15	0	.9162962	0	.0837038	0
1089.15	0	.9159011	0	.0840989	0
1088.15	0	.9155068	0	.08449317	0
1087.15	0	.9151134	0	.08488659	0
1086.15	0	.9147208	0	.08527917	0
1085.15	0	.9143291	0	.08567092	0
1084.15	0	.9139382	0	.08606183	0
1083.15	0	.9135481	0	.08645191	0
1082.15	0	.9131588	0	.08684116	0
1081.15	0	.9127704	0	.08722957	0
1080.15	0	.9123828	0	.08761716	0
1079.15	0	.9119961	0	.08800392	0
1078.15	0	.9116102	0	.08838985	0
1077.15	0	.9112251	0	.08877495	0
1076.15	0	.9108408	0	.08915924	0
1075.15	0	.9104573	0	.0895427	0
1074.15	0	.9100747	0	.08992534	0
1073.15	0	.9096929	0	.09030715	0
1072.15	0	.9093118	0	.09068815	0
1071.15	0	.9089317	0	.09106834	0
1070.15	0	.9085523	0	.09144771	0
1069.15	0	.9081737	0	.09182626	0
1068.15	0	.907796	0	.09220401	0
1067.15	0	.9074191	0	.09258094	0
1066.15	0	.9070429	0	.09295706	0
1066.121	0	.907032	0	.09296805	0
1066.121	0	.907032	0	.09296805	0
1066.121	0	.907032	0	.09296805	0
1065.15	0	.9059241	7.829544E-04	.09329294	0
1064.15	0	.9047861	.001587155	.09362672	0
1063.15	0	.9036514	.002388968	.0939596	0
1062.15	0	.90252	.003188396	.09429156	0
1061.15	0	.901392	.003985438	.09462262	0
1060.15	0	.9002671	.004780095	.09495276	0
1059.15	0	.8991456	.005572365	.09528201	0
1058.15	0	.8980274	.006362251	.09561034	0
1057.15	0	.8969125	.007149751	.09593778	0
1056.15	0	.8958008	.007934867	.09626431	0
1055.15	0	.8946925	.008717598	.09658994	0
1054.15	0	.8935874	.009497944	.09691467	0
1053.15	0	.8924856	.01027591	.0972385	0
1052.15	0	.8913871	.01105148	.09756143	0
1051.15	0	.8902919	.01182468	.09788346	0
1050.15	0	.8891999	.01259549	.09820459	0
1049.15	0	.8881113	.01336392	.09852483	0
1048.15	0	.8870259	.01412996	.09884417	0
1047.15	0	.8859438	.01489362	.09916262	0
1046.15	0	.8848649	.0156549	.09948017	0
1045.15	0	.8837894	.0164138	.09979683	0
1044.15	0	.8827171	.01717031	.1001126	0
1043.15	0	.8816481	.01792444	.1004275	0
1042.15	0	.8805824	.01867619	.1007415	0
1041.15	0	.8795199	.01942556	.1010545	0
1040.15	0	.8784607	.02017254	.1013667	0
1039.15	0	.8774048	.02091715	.1016781	0
1038.15	0	.8763521	.02165937	.1019885	0
1037.15	0	.8753028	.02239922	.102298	0
1036.15	0	.8742567	.02313669	.1026067	0
1035.15	0	.8732138	.02387177	.1029144	0
1034.15	0	.8721743	.02460448	.1032213	0
1033.15	0	.8711379	.02533481	.1035273	0
1032.15	0	.8701049	.02606276	.1038324	0
1031.15	0	.8690751	.02678833	.1041366	0
1030.15	0	.8680486	.02751152	.1044399	0
1029.15	0	.8670253	.02823234	.1047423	0
1028.15	0	.8660054	.02895079	.1050439	0
1027.15	0	.8649886	.02966685	.1053445	0
1026.15	0	.8639751	.03038055	.1056443	0
1025.15	0	.8629649	.03109186	.1059432	0
1024.15	0	.861958	.03180081	.1062412	0
1023.15	0	.8609543	.03250738	.1065383	0
1022.15	0	.8599539	.03321158	.1068346	0
1021.15	0	.8589567	.03391341	.1071299	0
1020.15	0	.8579628	.03461287	.1074244	0
1019.15	0	.8569721	.03530996	.1077179	0
1018.15	0	.8559847	.03600468	.1080106	0
1017.15	0	.8550005	.03669704	.1083024	0
1016.15	0	.8540196	.03738703	.1085934	0
1015.15	0	.853042	.03807465	.1088834	0
1014.15	0	.8520676	.03875991	.1091725	0
1013.15	0	.8510964	.03944281	.1094608	0
1012.15	0	.8501285	.04012334	.1097482	0
1011.15	0	.8491638	.04080152	.1100347	0
1010.15	0	.8482024	.04147734	.1103202	0
1009.15	0	.8472443	.0421508	.1106049	0
1008.15	0	.8462893	.0428219	.1108888	0
1007.15	0	.8453377	.04349065	.1111717	0
1006.15	0	.8443892	.04415705	.1114537	0
1005.15	0	.843444	.0448211	.1117349	0
1004.15	0	.8425021	.0454828	.1120151	0
1003.15	0	.8415634	.04614216	.1122945	0
1002.15	0	.8406279	.04679917	.1125729	0
1001.15	0	.8396957	.04745384	.1128505	0
1000.15	0	.8387667	.04810616	.1131272	0
999.15	0	.8378409	.04875616	.113403	0
998.15	0	.8369184	.04940381	.1136778	0
997.15	0	.8359991	.05004914	.1139518	0
996.15	0	.835083	.05069213	.1142249	0
995.15	0	.8341701	.0513328	.1144971	0
994.15	0	.8332605	.05197114	.1147684	0
993.15	0	.8323541	.05260716	.1150387	0
992.15	0	.8314509	.05324087	.1153082	0
991.15	0	.830551	.05387225	.1155768	0
990.15	0	.8296542	.05450133	.1158444	0
989.15	0	.8287607	.0551281	.1161112	0
988.15	0	.8278704	.05575257	.116377	0
987.15	0	.8269833	.05637474	.116642	0
986.15	0	.8260994	.0569946	.116906	0
985.15	0	.8252187	.05761218	.1171691	0
984.15	0	.8243413	.05822747	.1174313	0
983.15	0	.823467	.05884048	.1176925	0
982.15	0	.8225959	.0594512	.1179529	0
981.15	0	.821728	.06005966	.1182123	0
980.15	0	.8208634	.06066584	.1184708	0
979.15	0	.8200019	.06126976	.1187284	0
978.15	0	.8191436	.06187142	.118985	0
977.15	0	.8182884	.06247083	.1192407	0
976.15	0	.8174365	.06306799	.1194955	0
975.15	0	.8165877	.06366291	.1197494	0
974.15	0	.8157421	.06425559	.1200023	0
973.15	0	.8148997	.06484604	.1202543	0
972.15	0	.8140604	.06543428	.1205053	0
971.15	0	.8132243	.06602029	.1207554	0
970.15	0	.8123914	.0666041	.1210045	0
969.15	0	.8115616	.0671857	.1212527	0
968.15	0	.8107349	.06776511	.1215	0
967.15	0	.8099114	.06834234	.1217462	0
966.15	0	.8090911	.06891739	.1219916	0
965.15	0	.8082738	.06949026	.1222359	0
964.15	0	.8074597	.07006098	.1224793	0
963.15	0	.8066487	.07062954	.1227218	0
962.15	0	.8058408	.07119596	.1229632	0
961.15	0	.805036	.07176025	.1232037	0
960.15	0	.8042343	.07232242	.1234432	0
959.15	0	.8034358	.07288246	.1236818	0
958.15	0	.8026403	.07344041	.1239193	0
957.15	0	.8018479	.07399627	.1241559	0
956.15	0	.8010585	.07455004	.1243914	0
955.15	0	.8002722	.07510174	.124626	0
954.15	0	.799489	.07565139	.1248596	0
953.15	0	.7987088	.07619899	.1250922	0
952.15	0	.7979317	.07674456	.1253237	0
951.15	0	.7971576	.0772881	.1255543	0
950.15	0	.7963865	.07782964	.1257838	0
949.15	0	.7956185	.07836919	.1260123	0
948.15	0	.7948534	.07890676	.1262398	0
947.15	0	.7940913	.07944237	.1264663	0
946.15	0	.7933322	.07997603	.1266917	0
945.15	0	.7925761	.08050776	.1269161	0
944.15	0	.791823	.08103757	.1271395	0
943.15	0	.7910727	.08156548	.1273618	0
942.15	0	.7903255	.08209151	.127583	0
941.15	0	.7895811	.08261567	.1278032	0
940.15	0	.7888397	.08313799	.1280223	0
939.15	0	.7881011	.08365848	.1282404	0
938.15	0	.7873655	.08417716	.1284574	0
937.15	0	.7866327	.08469406	.1286733	0
936.15	0	.7859027	.08520919	.1288881	0
935.15	0	.7851756	.08572257	.1291018	0
934.15	0	.7844513	.08623423	.1293144	0
933.15	0	.7837299	.08674418	.129526	0
932.15	0	.7830112	.08725246	.1297364	0
931.15	0	.7822953	.08775908	.1299456	0
930.15	0	.7815821	.08826407	.1301538	0
929.15	0	.7808717	.08876746	.1303608	0
928.15	0	.780164	.08926927	.1305667	0
927.15	0	.779459	.08976953	.1307715	0
926.15	0	.7787567	.09026826	.1309751	0
925.15	0	.778057	.0907655	.1311775	0
924.15	0	.77736	.09126127	.1313788	0
923.15	0	.7766656	.09175561	.1315788	0
922.15	0	.7759737	.09224854	.1317777	0
921.15	0	.7752845	.09274009	.1319754	0
920.15	0	.7745977	.09323031	.132172	0
919.15	0	.7739135	.09371922	.1323673	0
918.15	0	.7732318	.09420686	.1325613	0
917.15	0	.7725525	.09469326	.1327542	0
916.15	0	.7718757	.09517846	.1329458	0
915.15	0	.7712013	.0956625	.1331362	0
914.15	0	.7705292	.09614542	.1333253	0
913.15	0	.7698596	.09662726	.1335132	0
912.15	0	.7691922	.09710806	.1336998	0
911.15	0	.7685271	.09758786	.1338851	0
910.15	0	.7678642	.09806671	.1340691	0
909.15	0	.7672036	.09854465	.1342518	0
908.15	0	.7665451	.09902172	.1344332	0
907.15	0	.7658888	.09949798	.1346132	0
906.15	0	.7652346	.09997348	.1347919	0
905.15	0	.7645824	.1004483	.1349693	0
904.15	0	.7639323	.1009224	.1351453	0
903.15	0	.7632842	.1013959	.13532	0
902.15	0	.762638	.1018688	.1354932	0
901.15	0	.7619936	.1023413	.1356651	0
900.15	0	.7613512	.1028133	.1358355	0
899.15	0	.7607106	.103285	.1360045	0
898.15	0	.7600717	.1037563	.1361721	0
897.15	0	.7594345	.1042274	.1363382	0
896.15	0	.758799	.1046982	.1365028	0
895.15	0	.758165	.105169	.136666	0
894.15	0	.7575326	.1056397	.1368276	0
893.15	0	.7569018	.1061105	.1369878	0
892.15	0	.7562723	.1065813	.1371464	0
891.15	0	.7556442	.1070523	.1373035	0
890.15	0	.7550174	.1075236	.137459	0
889.15	0	.7543919	.1079952	.1376129	0
888.15	0	.7537676	.1084672	.1377652	0
887.15	0	.7531444	.1089397	.1379159	0
886.15	0	.7525222	.1094128	.138065	0
885.15	0	.751901	.1098866	.1382124	0
884.15	0	.7512807	.1103612	.1383582	0
883.15	0	.7506612	.1108366	.1385022	0
882.15	0	.7500424	.1113131	.1386445	0
881.15	0	.7494243	.1117906	.1387851	0
880.15	0	.7488068	.1122693	.1389239	0
879.15	0	.7481898	.1127493	.139061	0
878.15	0	.7475731	.1132306	.1391962	0
877.15	0	.7469568	.1137136	.1393296	0
876.15	0	.7463406	.1141982	.1394612	0
875.15	0	.7457246	.1146845	.1395909	0
874.15	0	.7451085	.1151728	.1397186	0
873.15	0	.7444924	.1156632	.1398444	0
872.15	0	.743876	.1161557	.1399683	0
871.15	0	.7432593	.1166506	.1400901	0
870.15	0	.7426421	.1171479	.14021	0
869.15	0	.7420243	.1176479	.1403278	0
868.15	0	.7414059	.1181507	.1404434	0
867.15	0	.7407865	.1186565	.140557	0
866.15	0	.7401662	.1191654	.1406684	0
865.15	0	.7395448	.1196777	.1407776	0
864.15	0	.738922	.1201935	.1408845	0
863.15	0	.7382978	.120713	.1409892	0
862.15	0	.737672	.1212364	.1410916	0
861.15	0	.7370445	.121764	.1411916	0
860.15	0	.7364149	.1222959	.1412892	0
859.15	0	.7357833	.1228324	.1413843	0
858.15	0	.7351493	.1233738	.141477	0
857.15	0	.7345127	.1239202	.1415671	0
856.15	0	.7338734	.124472	.1416545	0
855.15	0	.7332312	.1250295	.1417394	0
854.15	0	.7325857	.1255928	.1418215	0
853.15	0	.7319368	.1261624	.1419008	0
852.15	0	.7312842	.1267386	.1419773	0
851.15	0	.7306276	.1273216	.1420508	0
850.15	0	.7299667	.1279119	.1421214	0
849.15	0	.7293014	.1285098	.1421889	0
848.15	0	.7286311	.1291157	.1422532	0
847.15	0	.7279556	.12973	.1423144	0
846.15	0	.7272746	.1303532	.1423722	0
845.15	0	.7265877	.1309857	.1424266	0
844.15	0	.7258944	.131628	.1424776	0
843.15	0	.7251944	.1322807	.1425249	0
842.15	0	.7244873	.1329443	.1425684	0
841.15	0	.7237725	.1336194	.1426082	0
840.15	0	.7230495	.1343066	.1426439	0
839.15	0	.7223179	.1350066	.1426756	0
838.15	0	.7215769	.1357201	.1427029	0
837.15	0	.7208261	.136448	.1427259	0
836.15	0	.7200647	.137191	.1427443	0
835.15	0	.7192921	.13795	.1427579	0
834.15	0	.7185074	.138726	.1427666	0
833.15	0	.7177098	.1395201	.1427701	0
832.15	0	.7164854	.1408104	.1427042	0
831.15	0	.7151485	.1422364	.1426151	0
830.15	0	.7138686	.1436023	.1425291	0
829.15	0	.7126423	.1449118	.1424459	0
828.15	0	.7114663	.1461682	.1423655	0
827.15	0	.7103377	.1473747	.1422876	0
826.15	0	.7092538	.148534	.1422122	0
825.15	0	.708212	.149649	.142139	0
824.15	0	.70721	.150722	.1420679	0
823.15	0	.7062457	.1517554	.1419989	0
822.15	0	.7053169	.1527514	.1419318	0
821.15	0	.7044218	.1537118	.1418665	0
820.15	0	.7035586	.1546386	.1418028	0
819.15	0	.7027258	.1555335	.1417408	0
818.15	0	.7019217	.1563981	.1416803	0
817.15	0	.7011449	.157234	.1416212	0
816.15	0	.7003941	.1580425	.1415634	0
815.15	0	.6996681	.158825	.1415069	0
814.15	0	.6989656	.1595828	.1414517	0
813.15	0	.6982855	.160317	.1413976	0
812.15	0	.6976268	.1610287	.1413445	0
811.15	0	.6969885	.161719	.1412925	0
810.15	0	.6963697	.1623889	.1412415	0
809.15	0	.6957694	.1630392	.1411913	0
808.15	0	.695187	.163671	.1411421	0
807.15	0	.6946215	.1642849	.1410936	0
806.15	0	.6940723	.1648817	.141046	0
805.15	0	.6935386	.1654623	.1409991	0
804.15	0	.6930198	.1660273	.1409528	0
803.15	0	.6925153	.1665774	.1409073	0
802.15	0	.6920245	.1671132	.1408623	0
801.15	0	.6915468	.1676352	.140818	0
800.15	0	.6910816	.1681441	.1407743	0
799.15	0	.6906285	.1686405	.140731	0
798.15	0	.690187	.1691247	.1406883	0
797.15	0	.6897566	.1695973	.1406461	0
796.15	0	.6893369	.1700588	.1406043	0
795.15	0	.6889275	.1705096	.1405629	0
794.15	0	.6885279	.17095	.140522	0
793.15	0	.6881379	.1713807	.1404815	0
792.15	0	.687757	.1718018	.1404413	0
791.15	0	.6873848	.1722137	.1404015	0
790.15	0	.6870212	.1726169	.140362	0
789.15	0	.6866657	.1730116	.1403228	0
788.15	0	.686318	.1733981	.1402839	0
787.15	0	.6859779	.1737768	.1402453	0
786.15	0	.6856452	.1741479	.140207	0
785.15	0	.6853194	.1745117	.1401689	0
784.15	0	.6850004	.1748685	.140131	0
783.15	0	.684688	.1752186	.1400934	0
782.15	0	.684382	.1755621	.140056	0
781.15	0	.684082	.1758992	.1400188	0
780.15	0	.6837879	.1762304	.1399818	0
779.15	0	.6834995	.1765556	.1399449	0
778.15	0	.6832166	.1768752	.1399082	0
777.15	0	.682939	.1771892	.1398717	0
776.15	0	.6826666	.177498	.1398353	0
775.15	0	.6823992	.1778017	.1397991	0
774.15	0	.6821365	.1781005	.139763	0
773.15	0	.6818785	.1783945	.139727	0
772.15	0	.681625	.1786838	.1396912	0
771.15	0	.6813759	.1789687	.1396554	0
770.15	0	.6811309	.1792493	.1396198	0
769.15	0	.6808901	.1795257	.1395842	0
768.15	0	.6806532	.179798	.1395487	0
767.15	0	.6804202	.1800665	.1395133	0
766.15	0	.6801909	.1803311	.139478	0
765.15	0	.6799652	.1805921	.1394428	0
764.15	0	.6797429	.1808495	.1394076	0
763.15	0	.6795241	.1811034	.1393725	0
762.15	0	.6793086	.1813541	.1393374	0
761.15	0	.6790962	.1816014	.1393023	0
760.15	0	.678887	.1818457	.1392674	0
759.15	0	.6786826	.1820854	.139232	0
758.15	0	.6784791	.1823238	.1391971	0
757.15	0	.6782785	.1825593	.1391622	0
756.15	0	.6780806	.1827919	.1391274	0
755.15	0	.6778855	.1830219	.1390926	0
754.15	0	.6776929	.1832493	.1390578	0
753.15	0	.6775029	.1834741	.1390231	0
752.15	0	.6773153	.1836964	.1389883	0
751.15	0	.6771301	.1839163	.1389536	0
750.15	0	.6769473	.1841339	.1389188	0
749.15	0	.6767667	.1843492	.1388841	0
748.15	0	.6765884	.1845623	.1388494	0
747.15	0	.6764122	.1847732	.1388146	0
746.15	0	.6762381	.184982	.1387799	0
745.15	0	.676066	.1851889	.1387452	0
744.15	0	.6758959	.1853937	.1387104	0
743.15	0	.6757277	.1855966	.1386756	0
742.15	0	.6755615	.1857977	.1386409	0
741.15	0	.675397	.1859969	.1386061	0
740.15	0	.6752344	.1861944	.1385713	0
739.15	0	.6750734	.1863901	.1385365	0
738.15	0	.6749142	.1865842	.1385016	0
737.15	0	.6747567	.1867766	.1384667	0
736.15	0	.6746007	.1869674	.1384319	0
735.15	0	.6744464	.1871567	.138397	0
734.15	0	.6742936	.1873444	.138362	0
733.15	0	.6741422	.1875307	.1383271	0
732.15	0	.6739924	.1877155	.1382921	0
731.15	0	.673844	.187899	.1382571	0
730.15	0	.6736969	.188081	.138222	0
729.15	0	.6735513	.1882618	.138187	0
728.15	0	.673407	.1884412	.1381519	0
727.15	0	.673264	.1886193	.1381167	0
726.15	0	.6731222	.1887962	.1380815	0
725.15	0	.6729817	.1889719	.1380464	0
724.15	0	.6728424	.1891465	.1380111	0
723.15	0	.6727044	.1893198	.1379758	0
722.15	0	.6725674	.189492	.1379405	0
721.15	0	.6724317	.1896632	.1379052	0
720.15	0	.672297	.1898332	.1378698	0
719.15	0	.6721634	.1900022	.1378344	0
718.15	0	.6720309	.1901701	.137799	0
717.15	0	.6718994	.1903371	.1377635	0
716.15	0	.671769	.1905031	.137728	0
715.15	0	.6716396	.190668	.1376924	0
714.15	0	.6715111	.1908321	.1376568	0
713.15	0	.6713836	.1909952	.1376211	0
712.15	0	.6712571	.1911575	.1375854	0
711.15	0	.6711315	.1913188	.1375497	0
710.15	0	.6710068	.1914793	.137514	0
709.15	0	.670883	.1916389	.1374782	0
708.15	0	.67076	.1917977	.1374423	0
707.15	0	.6706379	.1919557	.1374065	0
706.15	0	.6705167	.1921128	.1373705	0
705.15	0	.6703962	.1922692	.1373346	0
704.15	0	.6702766	.1924249	.1372986	0
703.15	0	.6701578	.1925797	.1372625	0
702.15	0	.6700397	.1927338	.1372264	0
701.15	0	.6699224	.1928873	.1371903	0
700.15	0	.6698059	.19304	.1371542	0
699.15	0	.6696901	.193192	.137118	0
698.15	0	.669575	.1933433	.1370817	0
697.15	0	.6694606	.1934939	.1370454	0
696.15	0	.669347	.1936439	.1370091	0
695.15	0	.669234	.1937933	.1369728	0
694.15	0	.6691217	.193942	.1369364	0
693.15	0	.66901	.19409	.1368999	0
692.15	0	.6688991	.1942375	.1368635	0
691.15	0	.6687887	.1943843	.136827	0
690.15	0	.668679	.1945306	.1367904	0
689.15	0	.6685699	.1946763	.1367538	0
688.15	0	.6684615	.1948214	.1367172	0
687.15	0	.6683536	.1949659	.1366805	0
686.15	0	.6682463	.1951099	.1366438	0
685.15	0	.6681396	.1952533	.1366071	0
684.15	0	.6680335	.1953962	.1365703	0
683.15	0	.6679279	.1955386	.1365335	0
682.15	0	.6678229	.1956804	.1364967	0
681.15	0	.6677185	.1958217	.1364598	0
680.15	0	.6676146	.1959625	.1364229	0
679.15	0	.6675112	.1961028	.1363859	0
678.15	0	.6674084	.1962427	.1363489	0
677.15	0	.6673061	.196382	.1363119	0
676.15	0	.6672043	.1965209	.1362749	0
675.15	0	.667103	.1966592	.1362378	0
674.15	0	.6670022	.1967972	.1362007	0
673.15	0	.6669018	.1969346	.1361636	0
672.15	0	.666802	.1970716	.1361264	0
671.15	0	.6667027	.1972082	.1360892	0
670.15	0	.6666038	.1973443	.136052	0
669.15	0	.6665054	.19748	.1360147	0
668.15	0	.6664074	.1976152	.1359774	0
667.15	0	.6663099	.19775	.1359401	0
666.15	0	.6662129	.1978844	.1359027	0
665.15	0	.6661162	.1980184	.1358653	0
664.15	0	.6660201	.198152	.1358279	0
663.15	0	.6659244	.1982852	.1357905	0
662.15	0	.665829	.1984179	.1357531	0
661.15	0	.6657342	.1985503	.1357156	0
660.15	0	.6656397	.1986823	.1356781	0
659.15	0	.6655456	.1988139	.1356405	0
658.15	0	.665452	.1989451	.135603	0
657.15	0	.6653587	.1990759	.1355654	0
656.15	0	.6652659	.1992063	.1355278	0
655.15	0	.6651734	.1993364	.1354902	0
654.15	0	.6650814	.1994661	.1354525	0
653.15	0	.6649897	.1995954	.1354149	0
652.15	0	.6648984	.1997244	.1353772	0
651.15	0	.6648075	.199853	.1353395	0
650.15	0	.664717	.1999813	.1353017	0
649.15	0	.6646268	.2001092	.135264	0
648.15	0	.664537	.2002368	.1352262	0
647.15	0	.6644476	.200364	.1351885	0
646.15	0	.6643585	.2004908	.1351507	0
645.15	0	.6642698	.2006174	.1351129	0
644.15	0	.6641814	.2007435	.135075	0
643.15	0	.6640934	.2008694	.1350372	0
642.15	0	.6640057	.2009949	.1349994	0
641.15	0	.6639184	.2011201	.1349615	0
640.15	0	.6638314	.201245	.1349236	0
639.15	0	.6637448	.2013695	.1348857	0
638.15	0	.6636585	.2014937	.1348478	0
637.15	0	.6635725	.2016176	.1348099	0
636.15	0	.6634868	.2017412	.134772	0
635.15	0	.6634015	.2018644	.1347341	0
634.15	0	.6633165	.2019874	.1346961	0
633.15	0	.6632319	.20211	.1346582	0
632.15	0	.6631475	.2022323	.1346202	0
631.15	0	.6630635	.2023543	.1345822	0
630.15	0	.6629797	.202476	.1345443	0
629.15	0	.6628963	.2025974	.1345063	0
628.15	0	.6628132	.2027185	.1344683	0
627.15	0	.6627304	.2028392	.1344304	0
626.15	0	.6626479	.2029597	.1343924	0
625.15	0	.6625657	.2030799	.1343544	0
624.15	0	.6624838	.2031998	.1343164	0
623.15	0	.6624022	.2033194	.1342784	0
622.15	0	.6623209	.2034387	.1342404	0
621.15	0	.6622399	.2035577	.1342024	0
620.15	0	.6621592	.2036764	.1341644	0
619.15	0	.6620788	.2037948	.1341265	0
618.15	0	.6619987	.2039129	.1340885	0
617.15	0	.6619188	.2040307	.1340505	0
616.15	0	.6618392	.2041482	.1340125	0
615.15	0	.66176	.2042655	.1339745	0
614.15	0	.661681	.2043824	.1339366	0
613.15	0	.6616023	.2044991	.1338986	0
612.15	0	.6615238	.2046155	.1338607	0
611.15	0	.6614457	.2047316	.1338227	0
610.15	0	.6613678	.2048475	.1337848	0
609.15	0	.6612902	.204963	.1337469	0
608.15	0	.6612128	.2050783	.1337089	0
607.15	0	.6611357	.2051932	.133671	0
606.15	0	.6610589	.205308	.1336331	0
605.15	0	.6609824	.2054224	.1335952	0
604.15	0	.6609061	.2055365	.1335574	0
603.15	0	.6608301	.2056504	.1335195	0
602.15	0	.6607544	.205764	.1334817	0
601.15	0	.6606789	.2058773	.1334438	0
600.15	0	.6606037	.2059903	.133406	0
599.15	0	.6605287	.2061031	.1333682	0
598.15	0	.660454	.2062155	.1333304	0
597.15	0	.6603796	.2063278	.1332927	0
596.15	0	.6603054	.2064397	.1332549	0
595.15	0	.6602315	.2065514	.1332172	0
594.15	0	.6601578	.2066627	.1331795	0
593.15	0	.6600844	.2067739	.1331418	0
592.15	0	.6600112	.2068847	.1331041	0
591.15	0	.6599383	.2069953	.1330665	0
590.15	0	.6598656	.2071055	.1330289	0
589.15	0	.6597932	.2072156	.1329913	0
588.15	0	.659721	.2073253	.1329537	0
587.15	0	.6596491	.2074348	.1329161	0
586.15	0	.6595774	.207544	.1328786	0
585.15	0	.659506	.2076529	.1328411	0
584.15	0	.6594348	.2077616	.1328036	0
583.15	0	.6593638	.20787	.1327662	0
582.15	0	.6592931	.2079781	.1327288	0
581.15	0	.6592226	.208086	.1326914	0
580.15	0	.6591524	.2081936	.132654	0
579.15	0	.6590824	.2083009	.1326167	0
578.15	0	.6590127	.2084079	.1325794	0
577.15	0	.6589432	.2085147	.1325422	0
576.15	0	.6588739	.2086212	.1325049	0
575.15	0	.6588049	.2087274	.1324677	0
574.15	0	.6587361	.2088333	.1324306	0
573.15	0	.6586675	.208939	.1323934	0
572.15	0	.6585992	.2090444	.1323564	0
571.15	0	.6585311	.2091496	.1323193	0
570.15	0	.6584633	.2092544	.1322823	0
569.15	0	.6583956	.209359	.1322453	0
568.15	0	.6583283	.2094634	.1322084	0
567.15	0	.6582611	.2095674	.1321715	0
566.15	0	.6581942	.2096712	.1321346	0
565.15	0	.6581275	.2097747	.1320978	0
564.15	0	.658061	.209878	.132061	0
563.15	0	.6579948	.2099809	.1320243	0
562.15	0	.6579288	.2100836	.1319876	0
561.15	0	.657863	.2101861	.1319509	0
560.15	0	.6577974	.2102882	.1319143	0
559.15	0	.6577321	.2103901	.1318778	0
558.15	0	.657667	.2104917	.1318413	0
557.15	0	.6576021	.2105931	.1318048	0
556.15	0	.6575375	.2106941	.1317684	0
555.15	0	.6574731	.2107949	.131732	0
554.15	0	.6574089	.2108954	.1316957	0
553.15	0	.6573449	.2109957	.1316594	0
552.15	0	.6572812	.2110956	.1316232	0
551.15	0	.6572177	.2111953	.131587	0
550.15	0	.6571544	.2112947	.1315509	0
549.15	0	.6570913	.2113939	.1315149	0
548.15	0	.6570284	.2114927	.1314788	0
547.15	0	.6569658	.2115913	.1314429	0
546.15	0	.6569034	.2116896	.131407	0
545.15	0	.6568412	.2117876	.1313711	0
544.15	0	.6567793	.2118854	.1313353	0
543.15	0	.6567175	.2119829	.1312996	0
542.15	0	.656656	.2120801	.1312639	0
541.15	0	.6565947	.212177	.1312283	0
540.15	0	.6565336	.2122737	.1311927	0
539.15	0	.6564728	.21237	.1311572	0
538.15	0	.6564121	.2124661	.1311218	0
537.15	0	.6563517	.2125619	.1310864	0
536.15	0	.6562915	.2126574	.1310511	0
535.15	0	.6562315	.2127527	.1310158	0
534.15	0	.6561717	.2128477	.1309806	0
533.15	0	.6561122	.2129423	.1309455	0
532.15	0	.6560528	.2130367	.1309104	0
531.15	0	.6559937	.2131309	.1308754	0
530.15	0	.6559348	.2132247	.1308405	0
529.15	0	.6558761	.2133183	.1308056	0
528.15	0	.6558177	.2134115	.1307708	0
527.15	0	.6557594	.2135045	.1307361	0
526.15	0	.6557014	.2135972	.1307014	0
525.15	0	.6556435	.2136896	.1306668	0
524.15	0	.6555859	.2137818	.1306323	0
523.15	0	.6555285	.2138736	.1305979	0
522.15	0	.6554714	.2139652	.1305635	0
521.15	0	.6554144	.2140564	.1305292	0
520.15	0	.6553577	.2141474	.1304949	0
519.15	0	.6553011	.2142381	.1304608	0
518.15	0	.6552448	.2143285	.1304267	0
517.15	0	.6551887	.2144186	.1303926	0
516.15	0	.6551328	.2145085	.1303587	0
515.15	0	.6550771	.214598	.1303248	0
514.15	0	.6550217	.2146873	.1302911	0
513.15	0	.6549664	.2147762	.1302573	0
512.15	0	.6549114	.2148649	.1302237	0
511.15	0	.6548566	.2149533	.1301902	0
510.15	0	.654802	.2150414	.1301567	0
509.15	0	.6547476	.2151292	.1301233	0
508.15	0	.6546935	.2152167	.1300899	0
507.15	0	.6546395	.2153039	.1300566	0
506.15	0	.6545858	.2153908	.1300235	0
505.15	0	.6545322	.2154774	.1299904	0
504.15	0	.6544789	.2155637	.1299574	0
503.15	0	.6544258	.2156498	.1299245	0
502.15	0	.6543729	.2157355	.1298917	0
501.15	0	.6543202	.2158209	.1298589	0
500.15	0	.6542677	.2159061	.1298263	0
499.15	0	.6542154	.2159909	.1297937	0
498.15	0	.6541633	.2160754	.1297612	0
497.15	0	.6541115	.2161597	.1297289	0
496.15	0	.6540598	.2162436	.1296965	0
495.15	0	.6540084	.2163273	.1296643	0
494.15	0	.6539572	.2164106	.1296322	0
493.15	0	.6539061	.2164937	.1296002	0
492.15	0	.6538553	.2165764	.1295683	0
491.15	0	.6538047	.2166589	.1295364	0
490.15	0	.6537544	.216741	.1295046	0
489.15	0	.6537042	.2168229	.129473	0
488.15	0	.6536542	.2169044	.1294414	0
487.15	0	.6536045	.2169856	.1294099	0
486.15	0	.6535549	.2170666	.1293785	0
485.15	0	.6535056	.2171472	.1293472	0
484.15	0	.6534564	.2172275	.1293161	0
483.15	0	.6534075	.2173075	.129285	0
482.15	0	.6533588	.2173872	.129254	0
481.15	0	.6533103	.2174666	.1292231	0
480.15	0	.653262	.2175457	.1291923	0
479.15	0	.6532139	.2176245	.1291615	0
478.15	0	.6531661	.217703	.1291309	0
477.15	0	.6531184	.2177812	.1291004	0
476.15	0	.6530709	.217859	.12907	0
475.15	0	.6530237	.2179366	.1290397	0
474.15	0	.6529766	.2180139	.1290095	0
473.15	0	.6529298	.2180908	.1289794	0
472.15	0	.6528832	.2181674	.1289494	0
471.15	0	.6528368	.2182437	.1289195	0
470.15	0	.6527906	.2183197	.1288897	0
469.15	0	.6527445	.2183954	.12886	0
468.15	0	.6526987	.2184708	.1288304	0
467.15	0	.6526532	.2185459	.128801	0
466.15	0	.6526078	.2186206	.1287716	0
465.15	0	.6525626	.2186951	.1287423	0
464.15	0	.6525176	.2187692	.1287132	0
463.15	0	.6524729	.218843	.1286841	0
462.15	0	.6524283	.2189165	.1286552	0
461.15	0	.652384	.2189897	.1286263	0
460.15	0	.6523398	.2190626	.1285976	0
459.15	0	.6522959	.2191351	.128569	0
458.15	0	.6522522	.2192074	.1285405	0
457.15	0	.6522086	.2192793	.1285121	0
456.15	0	.6521653	.2193509	.1284838	0
455.15	0	.6521222	.2194222	.1284556	0
454.15	0	.6520793	.2194932	.1284276	0
453.15	0	.6520366	.2195638	.1283996	0
452.15	0	.6519941	.2196341	.1283718	0
451.15	0	.6519518	.2197042	.128344	0
450.15	0	.6519097	.2197738	.1283164	0
449.15	0	.6518679	.2198432	.128289	0
448.15	0	.6518263	.2199122	.1282616	0
447.15	0	.6517848	.2199808	.1282344	0
446.15	0	.6517436	.2200491	.1282072	0
445.15	0	.6517027	.2201171	.1281802	0
444.15	0	.6516619	.2201848	.1281534	0
443.15	0	.6516214	.220252	.1281266	0
442.15	0	.651581	.220319	.1281	0
441.15	0	.651541	.2203855	.1280735	0
440.15	0	.6515011	.2204517	.1280472	0
439.15	0	.6514615	.2205176	.1280209	0
438.15	0	.6514221	.220583	.1279949	0
437.15	0	.651383	.2206481	.1279689	0
436.15	0	.6513441	.2207128	.1279431	0
435.15	0	.6513054	.2207772	.1279174	0
434.15	0	.651267	.2208411	.1278919	0
433.15	0	.6512288	.2209047	.1278665	0
432.15	0	.6511909	.2209678	.1278413	0
431.15	0	.6511532	.2210306	.1278162	0
430.15	0	.6511158	.221093	.1277912	0
429.15	0	.6510786	.221155	.1277664	0
428.15	0	.6510417	.2212165	.1277417	0
427.15	0	.6510051	.2212777	.1277172	0
426.15	0	.6509687	.2213385	.1276928	0
425.15	0	.6509325	.2213989	.1276686	0
424.15	0	.6508966	.2214588	.1276446	0
423.15	0	.650861	.2215184	.1276207	0
422.15	0	.6508256	.2215775	.1275969	0
421.15	0	.6507904	.2216363	.1275733	0
420.15	0	.6507556	.2216946	.1275498	0
419.15	0	.6507209	.2217525	.1275265	0
418.15	0	.6506866	.22181	.1275034	0
417.15	0	.6506525	.2218671	.1274804	0
416.15	0	.6506186	.2219238	.1274576	0
415.15	0	.650585	.2219801	.1274349	0
414.15	0	.6505517	.2220359	.1274124	0
413.15	0	.6505186	.2220914	.12739	0
412.15	0	.6504857	.2221464	.1273678	0
411.15	0	.6504532	.2222011	.1273458	0
410.15	0	.6504208	.2222553	.1273239	0
409.15	0	.6503888	.2223091	.1273021	0
408.15	0	.6503569	.2223625	.1272806	0
407.15	0	.6503254	.2224155	.1272591	0
406.15	0	.6502941	.2224681	.1272379	0
405.15	0	.650263	.2225202	.1272168	0
404.15	0	.6502322	.222572	.1271958	0
403.6236	0	.650216	.2225991	.1271849	0
403.6236	0	.650216	.2225991	.1271849	0
403.6236	0	.650216	.2225991	.1271849	0
403.15	0	.6503159	.2223518	.1270508	2.815522E-04
402.15	0	.6505264	.22183	.1267682	8.754624E-04
401.15	0	.6507366	.2213087	.1264861	.001468611
400.15	0	.6509466	.2207879	.1262045	.002061003
399.15	0	.6511562	.2202676	.1259235	.002652647
398.15	0	.6513656	.2197477	.1256431	.003243548
397.15	0	.6515747	.2192283	.1253633	.003833713
396.15	0	.6517835	.2187094	.1250839	.004423147
395.15	0	.6519921	.2181909	.1248052	.005011858
394.15	0	.6522004	.2176728	.1245269	.00559985
393.15	0	.6524084	.2171552	.1242492	.006187131
392.15	0	.6526163	.216638	.1239721	.006773705
391.15	0	.6528238	.2161211	.1236955	.00735958
390.15	0	.6530311	.2156047	.1234194	.007944759
389.15	0	.6532382	.2150887	.1231438	.00852925
388.15	0	.6534451	.2145731	.1228688	.009113057
387.15	0	.6536518	.2140578	.1225943	.009696187
386.15	0	.6538582	.2135429	.1223203	.01027864
385.15	0	.6540644	.2130283	.1220468	.01086043
384.15	0	.6542704	.2125141	.1217739	.01144156
383.15	0	.6544762	.2120003	.1215015	.01202204
382.15	0	.6546818	.2114868	.1212295	.01260186
381.15	0	.6548872	.2109736	.1209581	.01318103
380.15	0	.6550925	.2104608	.1206872	.01375957
379.15	0	.6552975	.2099483	.1204168	.01433747
378.15	0	.6555023	.209436	.1201469	.01491474
377.15	0	.655707	.2089241	.1198775	.01549138
376.15	0	.6559115	.2084125	.1196086	.0160674
375.15	0	.6561158	.2079012	.1193402	.0166428
374.15	0	.6563199	.2073902	.1190723	.0172176
373.15	0	.6565239	.2068795	.1188049	.01779178
372.15	0	.6567277	.206369	.1185379	.01836536
371.15	0	.6569314	.2058588	.1182715	.01893835
370.15	0	.6571349	.2053489	.1180055	.01951074
369.15	0	.6573382	.2048392	.11774	.02008254
368.15	0	.6575414	.2043298	.117475	.02065375
367.15	0	.6577445	.2038207	.1172105	.02122439
366.15	0	.6579474	.2033118	.1169464	.02179445
365.15	0	.6581501	.2028031	.1166828	.02236394
364.15	0	.6583528	.2022947	.1164197	.02293285
363.15	0	.6585552	.2017865	.1161571	.02350121
362.15	0	.6587576	.2012785	.1158949	.024069
361.15	0	.6589598	.2007708	.1156332	.02463624
360.15	0	.6591619	.2002633	.1153719	.02520293
359.15	0	.6593639	.1997559	.1151111	.02576906
358.15	0	.6595657	.1992488	.1148508	.02633465
357.15	0	.6597675	.198742	.1145909	.02689971
356.15	0	.6599691	.1982353	.1143315	.02746422
355.15	0	.6601705	.1977288	.1140725	.0280282
354.15	0	.6603719	.1972225	.113814	.02859165
353.15	0	.6605732	.1967164	.1135559	.02915457
352.15	0	.6607743	.1962105	.1132982	.02971697
351.15	0	.6609754	.1957047	.1130411	.03027885
350.15	0	.6611763	.1951992	.1127843	.03084022
349.15	0	.6613771	.1946938	.112528	.03140107
348.15	0	.6615779	.1941886	.1122721	.03196141
347.15	0	.6617785	.1936836	.1120167	.03252124
346.15	0	.661979	.1931787	.1117617	.03308058
345.15	0	.6621795	.192674	.1115071	.03363941
344.15	0	.6623798	.1921695	.111253	.03419774
343.15	0	.6625801	.1916651	.1109992	.03475558
342.15	0	.6627802	.1911609	.110746	.03531293
341.15	0	.6629803	.1906568	.1104931	.0358698
340.15	0	.6631802	.1901529	.1102407	.03642617
339.15	0	.6633801	.1896492	.1099887	.03698207
338.15	0	.6635799	.1891455	.1097371	.03753748
337.15	0	.6637796	.1886421	.1094859	.03809242
336.15	0	.6639792	.1881387	.1092352	.03864688
335.15	0	.6641788	.1876355	.1089848	.03920088
334.15	0	.6643782	.1871325	.1087349	.0397544
333.15	0	.6645776	.1866295	.1084854	.04030746
332.15	0	.6647769	.1861267	.1082363	.04086006
331.15	0	.6649762	.185624	.1079876	.04141219
330.15	0	.6651753	.1851215	.1077393	.04196387
329.15	0	.6653744	.1846191	.1074915	.04251509
328.15	0	.6655734	.1841168	.107244	.04306585
327.15	0	.6657723	.1836146	.1069969	.04361617
326.15	0	.6659711	.1831126	.1067503	.04416603
325.15	0	.6661699	.1826106	.106504	.04471545
324.15	0	.6663686	.1821088	.1062582	.04526442
323.15	0	.6665672	.1816071	.1060127	.04581296
322.15	0	.6667658	.1811055	.1057677	.04636105
321.15	0	.6669643	.180604	.105523	.0469087
320.15	0	.6671627	.1801026	.1052787	.04745592
319.15	0	.6673611	.1796013	.1050349	.0480027
318.15	0	.6675594	.1791002	.1047914	.04854905
317.15	0	.6677576	.1785991	.1045483	.04909497
316.15	0	.6679558	.1780982	.1043056	.04964047
315.15	0	.6681539	.1775973	.1040633	.05018553
314.15	0	.6683519	.1770966	.1038214	.05073017
