T	 BPW(LIQUID)	BPW(BCC_A2)	BPW(FCC_A1)	BPW(LAVES_PHASE_C14)	BPW(NI3TI)
1473.15	.3825937	.6174063	0	0	0
1472.15	.379479	.6205211	0	0	0
1471.15	.3763853	.6236147	0	0	0
1470.15	.3733125	.6266876	0	0	0
1469.15	.3702604	.6297396	0	0	0
1468.15	.3672288	.6327712	0	0	0
1467.15	.3642177	.6357823	0	0	0
1466.15	.3612268	.6387732	0	0	0
1465.15	.358256	.641744	0	0	0
1464.15	.3553052	.6446948	0	0	0
1463.15	.3523741	.6476259	0	0	0
1462.15	.3494627	.6505373	0	0	0
1461.15	.3465707	.6534293	0	0	0
1460.15	.3436981	.6563019	0	0	0
1459.15	.3408447	.6591553	0	0	0
1458.15	.3380104	.6619896	0	0	0
1457.15	.3351949	.6648051	0	0	0
1456.15	.3323982	.6676018	0	0	0
1455.15	.3296202	.6703798	0	0	0
1454.15	.3268606	.6731394	0	0	0
1453.15	.3241193	.6758807	0	0	0
1452.15	.3213963	.6786037	0	0	0
1451.15	.3186913	.6813087	0	0	0
1450.15	.3160042	.6839958	0	0	0
1449.15	.313335	.686665	0	0	0
1448.15	.3106834	.6893166	0	0	0
1447.15	.3080493	.6919507	0	0	0
1446.15	.3054326	.6945674	0	0	0
1445.15	.3028332	.6971668	0	0	0
1444.15	.3002509	.6997491	0	0	0
1443.15	.2976857	.7023143	0	0	0
1442.15	.2951373	.7048627	0	0	0
1441.15	.2926056	.7073944	0	0	0
1440.15	.2900906	.7099094	0	0	0
1439.15	.2875921	.7124079	0	0	0
1438.15	.28511	.71489	0	0	0
1437.15	.2826442	.7173558	0	0	0
1436.15	.2801945	.7198055	0	0	0
1435.15	.2777608	.7222392	0	0	0
1434.15	.275343	.724657	0	0	0
1433.15	.272941	.727059	0	0	0
1432.15	.2705546	.7294454	0	0	0
1431.15	.2681839	.7318162	0	0	0
1430.15	.2658285	.7341715	0	0	0
1429.15	.2634885	.7365115	0	0	0
1428.15	.2611636	.7388364	0	0	0
1427.15	.2588539	.7411461	0	0	0
1426.15	.2565592	.7434409	0	0	0
1425.15	.2542793	.7457207	0	0	0
1424.15	.2520142	.7479858	0	0	0
1423.15	.2497637	.7502363	0	0	0
1422.15	.2475278	.7524722	0	0	0
1421.15	.2453063	.7546937	0	0	0
1420.15	.2430992	.7569008	0	0	0
1419.15	.2409063	.7590937	0	0	0
1418.15	.2387275	.7612725	0	0	0
1417.15	.2365627	.7634373	0	0	0
1416.15	.2344119	.7655881	0	0	0
1415.15	.2322748	.7677252	0	0	0
1414.15	.2301515	.7698485	0	0	0
1413.15	.2280418	.7719582	0	0	0
1412.15	.2259456	.7740544	0	0	0
1411.15	.2238629	.7761371	0	0	0
1410.15	.2217934	.7782066	0	0	0
1409.15	.2197372	.7802628	0	0	0
1408.15	.2176941	.7823059	0	0	0
1407.15	.215664	.784336	0	0	0
1406.15	.2136469	.7863531	0	0	0
1405.15	.2116426	.7883574	0	0	0
1404.15	.2096511	.790349	0	0	0
1403.15	.2076722	.7923278	0	0	0
1402.15	.2057059	.7942942	0	0	0
1401.15	.203752	.796248	0	0	0
1400.15	.2018106	.7981895	0	0	0
1399.15	.1998814	.8001186	0	0	0
1398.15	.1979645	.8020356	0	0	0
1397.15	.1960596	.8039404	0	0	0
1396.15	.1941668	.8058332	0	0	0
1395.15	.192286	.807714	0	0	0
1394.15	.190417	.809583	0	0	0
1393.15	.1885598	.8114402	0	0	0
1392.15	.1867143	.8132857	0	0	0
1391.15	.1848804	.8151196	0	0	0
1390.15	.183058	.816942	0	0	0
1389.15	.1812471	.8187529	0	0	0
1388.15	.1794475	.8205525	0	0	0
1387.15	.1776593	.8223408	0	0	0
1386.15	.1758822	.8241178	0	0	0
1385.15	.1741162	.8258838	0	0	0
1384.15	.1723613	.8276387	0	0	0
1383.15	.1706174	.8293826	0	0	0
1382.15	.1688844	.8311156	0	0	0
1381.15	.1671622	.8328378	0	0	0
1380.15	.1654507	.8345493	0	0	0
1379.15	.1637499	.8362502	0	0	0
1378.15	.1620596	.8379404	0	0	0
1377.15	.1603799	.8396201	0	0	0
1376.15	.1587106	.8412894	0	0	0
1375.15	.1570517	.8429483	0	0	0
1374.15	.1554031	.8445969	0	0	0
1373.324	.1540492	.8459508	0	0	0
1373.324	.1540492	.8459508	0	0	0
1373.324	.1540492	.8459508	0	0	0
1373.15	.1536237	.8461874	0	1.889532E-04	0
1372.15	.1511921	.8475372	0	.001270702	0
1371.15	.1487826	.8488714	0	.00234598	0
1370.15	.146395	.8501901	0	.003414883	0
1369.15	.1440289	.8514936	0	.004477507	0
1368.15	.1416839	.8527822	0	.005533944	0
1367.15	.1393597	.854056	0	.006584287	0
1366.15	.1370561	.8553153	0	.007628624	0
1365.15	.1347727	.8565603	0	.008667043	0
1364.15	.1325092	.8577912	0	.009699631	0
1363.15	.1302654	.8590081	0	.01072647	0
1362.15	.1280409	.8602114	0	.01174765	0
1361.15	.1258355	.8614013	0	.01276324	0
1360.15	.1236489	.8625778	0	.01377333	0
1359.15	.1214808	.8637412	0	.014778	0
1358.15	.1193309	.8648917	0	.01577731	0
1357.15	.1171991	.8660296	0	.01677136	0
1356.15	.115085	.8671549	0	.0177602	0
1355.15	.1129883	.8682678	0	.01874392	0
1354.15	.1109089	.8693685	0	.01972258	0
1353.15	.1088464	.8704573	0	.02069626	0
1352.15	.1068007	.8715342	0	.02166501	0
1351.15	.1047716	.8725995	0	.02262892	0
1350.15	.1027587	.8736533	0	.02358805	0
1349.15	.1007618	.8746957	0	.02454245	0
1348.15	.09878081	.875727	0	.0254922	0
1347.15	.09681541	.8767472	0	.02643736	0
1346.15	.0948654	.8777566	0	.02737798	0
1345.15	.09293057	.8787553	0	.02831414	0
1344.15	.09101072	.8797434	0	.02924588	0
1343.15	.08910564	.8807211	0	.03017327	0
1342.15	.08721512	.8816885	0	.03109636	0
1341.15	.08533898	.8826458	0	.03201521	0
1340.15	.08347702	.8835931	0	.03292988	0
1339.15	.08162904	.8845306	0	.03384041	0
1338.15	.07979486	.8854583	0	.03474687	0
1337.15	.07797429	.8863764	0	.0356493	0
1336.15	.07616716	.8872851	0	.03654776	0
1335.15	.07437328	.8881844	0	.0374423	0
1334.15	.07259247	.8890746	0	.03833296	0
1333.15	.07082457	.8899556	0	.03921979	0
1332.15	.0690694	.8908277	0	.04010285	0
1331.15	.0673268	.891691	0	.04098218	0
1330.15	.06559661	.8925456	0	.04185783	0
1329.15	.06387865	.8933915	0	.04272984	0
1328.15	.06217277	.894229	0	.04359826	0
1327.15	.06047882	.8950581	0	.04446313	0
1326.15	.05879663	.8958789	0	.0453245	0
1325.15	.05712607	.8966915	0	.0461824	0
1324.15	.05546697	.8974961	0	.04703688	0
1323.15	.0538192	.8982928	0	.04788799	0
1322.15	.0521826	.8990816	0	.04873575	0
1321.15	.05055703	.8998628	0	.04958022	0
1320.15	.04894236	.9006362	0	.05042143	0
1319.15	.04733844	.9014021	0	.05125942	0
1318.15	.04574514	.9021606	0	.05209423	0
1317.15	.04416233	.9029118	0	.05292589	0
1316.15	.04258987	.9036557	0	.05375445	0
1315.15	.04102764	.9043924	0	.05457994	0
1314.15	.03947549	.9051221	0	.05540239	0
1313.15	.03793332	.9058448	0	.05622184	0
1312.15	.036401	.9065607	0	.05703832	0
1311.15	.03487839	.9072697	0	.05785188	0
1310.15	.03336539	.9079721	0	.05866254	0
1309.15	.03186188	.9086678	0	.05947033	0
1308.15	.03036773	.909357	0	.06027529	0
1307.15	.02888283	.9100397	0	.06107745	0
1306.15	.02740707	.9107161	0	.06187684	0
1305.15	.02594033	.9113862	0	.0626735	0
1304.15	.02448251	.91205	0	.06346745	0
1303.15	.0230335	.9127078	0	.06425873	0
1302.15	.02159319	.9133594	0	.06504735	0
1301.15	.02016148	.9140052	0	.06583336	0
1300.15	.01873825	.914645	0	.06661678	0
1299.15	.01732008	.9152818	0	.0673981	0
1298.15	.01591354	.91591	0	.06817643	0
1297.15	.01451518	.9165326	0	.06895225	0
1296.15	.01312492	.9171495	0	.0697256	0
1295.15	.01174265	.9177609	0	.0704965	0
1294.641	.01104146	.9180702	0	.07088832	0
1294.641	.01104146	.9180702	0	.07088832	0
1294.641	.01104146	.9180702	0	.07088832	0
1294.15	.00706672	.9166946	.004658731	.07157996	0
1293.277	0	.9142853	.01291212	.07280257	0
1293.277	0	.9142853	.01291212	.07280257	0
1293.15	0	.9140852	.01304057	.07287422	0
1292.15	0	.9125164	.01404761	.07343597	0
1291.15	0	.9109521	.01505176	.07399618	0
1290.15	0	.9093921	.01605304	.07455487	0
1289.15	0	.9078365	.01705145	.07511203	0
1288.15	0	.9062853	.01804701	.07566767	0
1287.15	0	.9047385	.01903971	.0762218	0
1286.15	0	.903196	.02002957	.07677442	0
1285.15	0	.9016579	.02101659	.07732555	0
1284.15	0	.900124	.02200078	.07787518	0
1283.15	0	.8985945	.02298214	.07842332	0
1282.15	0	.8970693	.02396068	.07896998	0
1281.15	0	.8955484	.02493641	.07951516	0
1280.15	0	.8940318	.02590934	.08005887	0
1279.15	0	.8925194	.02687946	.08060112	0
1278.15	0	.8910113	.02784679	.0811419	0
1277.15	0	.8895074	.02881133	.08168123	0
1276.15	0	.8880078	.02977309	.08221911	0
1275.15	0	.8865124	.03073208	.08275555	0
1274.15	0	.8850212	.03168829	.08329054	0
1273.15	0	.8835342	.03264174	.08382411	0
1272.15	0	.8820513	.03359244	.08435625	0
1271.15	0	.8805727	.03454038	.08488697	0
1270.15	0	.8790982	.03548558	.08541627	0
1269.15	0	.8776278	.03642804	.08594416	0
1268.15	0	.8761616	.03736776	.08647064	0
1267.15	0	.8746995	.03830476	.08699572	0
1266.15	0	.8732416	.03923903	.08751941	0
1265.15	0	.8717877	.04017059	.08804171	0
1264.15	0	.8703379	.04109944	.08856262	0
1263.15	0	.8688923	.04202558	.08908216	0
1262.15	0	.8674507	.04294902	.08960031	0
1261.15	0	.8660131	.04386977	.0901171	0
1260.15	0	.8645796	.04478783	.09063253	0
1259.15	0	.8631502	.0457032	.09114659	0
1258.15	0	.8617248	.0466159	.09165931	0
1257.15	0	.8603034	.04752592	.09217067	0
1256.15	0	.858886	.04843328	.09268069	0
1255.15	0	.8574727	.04933798	.09318937	0
1254.15	0	.8560633	.05024001	.09369671	0
1253.15	0	.8546579	.0511394	.09420273	0
1252.15	0	.8532564	.05203614	.09470742	0
1251.15	0	.851859	.05293024	.09521079	0
1250.15	0	.8504655	.0538217	.09571285	0
1249.15	0	.8490759	.05471053	.09621359	0
1248.15	0	.8476902	.05559674	.09671303	0
1247.15	0	.8463085	.05648032	.09721117	0
1246.15	0	.8449307	.05736129	.09770801	0
1245.15	0	.8435568	.05823964	.09820357	0
1244.15	0	.8421868	.05911539	.09869784	0
1243.15	0	.8408207	.05998854	.09919082	0
1242.15	0	.8394584	.06085908	.09968253	0
1241.15	0	.8381	.06172704	.100173	0
1240.15	0	.8367455	.06259241	.1006621	0
1239.15	0	.8353948	.06345519	.10115	0
1238.15	0	.8340479	.0643154	.1016367	0
1237.15	0	.8327049	.06517303	.1021221	0
1236.15	0	.8313657	.06602809	.1026062	0
1235.15	0	.8300303	.06688058	.1030891	0
1234.15	0	.8286987	.06773052	.1035708	0
1233.15	0	.8273709	.0685779	.1040512	0
1232.15	0	.8260469	.06942272	.1045303	0
1231.15	0	.8247267	.070265	.1050083	0
1230.15	0	.8234102	.07110474	.105485	0
1229.15	0	.8220975	.07194193	.1059605	0
1228.15	0	.8207886	.07277659	.1064348	0
1227.15	0	.8194834	.07360872	.1069079	0
1226.15	0	.8181819	.07443832	.1073798	0
1225.15	0	.8168841	.0752654	.1078505	0
1224.15	0	.8155901	.07608996	.10832	0
1223.15	0	.8142998	.076912	.1087882	0
1222.15	0	.8130131	.07773154	.1092553	0
1221.15	0	.8117302	.07854857	.1097212	0
1220.15	0	.810451	.07936309	.110186	0
1219.15	0	.8091754	.08017511	.1106495	0
1218.15	0	.8079035	.08098464	.1111119	0
1217.15	0	.8066352	.08179168	.1115731	0
1216.15	0	.8053707	.08259623	.1120331	0
1215.15	0	.8041097	.0833983	.112492	0
1214.15	0	.8028524	.08419788	.1129497	0
1213.15	0	.8015987	.08499499	.1134063	0
1212.15	0	.8003487	.08578963	.1138617	0
1211.15	0	.7991023	.08658179	.1143159	0
1210.15	0	.7978594	.08737149	.1147691	0
1209.15	0	.7966202	.08815873	.1152211	0
1208.15	0	.7953846	.0889435	.1156719	0
1207.15	0	.7941526	.08972582	.1161216	0
1206.15	0	.7929241	.09050569	.1165702	0
1205.15	0	.7916992	.09128311	.1170177	0
1204.15	0	.7904779	.09205809	.117464	0
1203.15	0	.7892601	.09283062	.1179093	0
1202.15	0	.7880459	.09360071	.1183534	0
1201.15	0	.7868352	.09436837	.1187964	0
1200.15	0	.7856281	.09513359	.1192383	0
1199.15	0	.7844245	.09589638	.1196791	0
1198.15	0	.7832244	.09665675	.1201188	0
1197.15	0	.7820278	.09741469	.1205575	0
1196.15	0	.7808348	.09817021	.120995	0
1195.15	0	.7796453	.09892332	.1214314	0
1194.15	0	.7784592	.09967401	.1218668	0
1193.15	0	.7772767	.1004223	.1223011	0
1192.15	0	.7760976	.1011682	.1227343	0
1191.15	0	.774922	.1019116	.1231664	0
1190.15	0	.7737499	.1026527	.1235974	0
1189.15	0	.7725812	.1033913	.1240274	0
1188.15	0	.771416	.1041276	.1244563	0
1187.15	0	.7702543	.1048615	.1248842	0
1186.15	0	.769096	.105593	.125311	0
1185.15	0	.7679412	.106322	.1257368	0
1184.15	0	.7667898	.1070487	.1261615	0
1183.15	0	.7656418	.107773	.1265852	0
1182.15	0	.7644972	.108495	.1270078	0
1181.15	0	.7633561	.1092145	.1274294	0
1180.15	0	.7622184	.1099317	.1278499	0
1179.15	0	.7610841	.1106465	.1282694	0
1178.15	0	.7599531	.111359	.1286879	0
1177.15	0	.7588256	.112069	.1291054	0
1176.15	0	.7577015	.1127767	.1295218	0
1175.15	0	.7565807	.113482	.1299372	0
1174.15	0	.7554634	.114185	.1303516	0
1173.15	0	.7543494	.1148856	.130765	0
1172.15	0	.7532388	.1155839	.1311774	0
1171.15	0	.7521315	.1162798	.1315887	0
1170.15	0	.7510276	.1169733	.1319991	0
1169.15	0	.7499271	.1176645	.1324085	0
1168.15	0	.7488299	.1183533	.1328168	0
1167.15	0	.747736	.1190398	.1332242	0
1166.15	0	.7466455	.119724	.1336305	0
1165.15	0	.7455583	.1204058	.1340359	0
1164.15	0	.7444745	.1210852	.1344403	0
1163.15	0	.7433939	.1217624	.1348437	0
1162.15	0	.7423167	.1224371	.1352462	0
1161.15	0	.7412428	.1231096	.1356476	0
1160.15	0	.7401722	.1237797	.1360481	0
1159.15	0	.7391049	.1244475	.1364476	0
1158.15	0	.7380409	.1251129	.1368461	0
1157.15	0	.7369803	.1257761	.1372437	0
1156.15	0	.7359228	.1264369	.1376403	0
1155.15	0	.7348687	.1270953	.1380359	0
1154.15	0	.7338178	.1277515	.1384306	0
1153.15	0	.7327703	.1284053	.1388244	0
1152.15	0	.731726	.1290569	.1392171	0
1151.15	0	.730685	.129706	.139609	0
1150.15	0	.7296472	.1303529	.1399998	0
1149.15	0	.7286128	.1309975	.1403898	0
1148.15	0	.7275815	.1316397	.1407788	0
1147.15	0	.7265535	.1322796	.1411668	0
1146.15	0	.7255288	.1329173	.1415539	0
1145.15	0	.7245073	.1335526	.1419401	0
1144.15	0	.7234891	.1341856	.1423253	0
1143.15	0	.722474	.1348163	.1427097	0
1142.15	0	.7214623	.1354447	.1430931	0
1141.15	0	.7204537	.1360708	.1434755	0
1140.15	0	.7194484	.1366946	.1438571	0
1139.15	0	.7184463	.137316	.1442377	0
1138.15	0	.7174474	.1379352	.1446174	0
1137.15	0	.7164517	.1385521	.1449962	0
1136.15	0	.7154592	.1391667	.1453741	0
1135.15	0	.71447	.139779	.145751	0
1134.15	0	.7134839	.140389	.1461271	0
1133.15	0	.712501	.1409967	.1465023	0
1132.15	0	.7115214	.1416021	.1468765	0
1131.15	0	.7105449	.1422052	.1472499	0
1130.15	0	.7095716	.142806	.1476223	0
1129.15	0	.7086015	.1434046	.1479939	0
1128.15	0	.7076346	.1440008	.1483646	0
1127.15	0	.7066709	.1445948	.1487344	0
1126.15	0	.7057103	.1451864	.1491032	0
1125.15	0	.7047529	.1457758	.1494713	0
1124.15	0	.7037987	.1463629	.1498384	0
1123.15	0	.7028477	.1469477	.1502046	0
1122.15	0	.7018998	.1475303	.15057	0
1121.15	0	.7009551	.1481105	.1509345	0
1120.15	0	.7000135	.1486884	.1512981	0
1119.15	0	.6990751	.1492641	.1516608	0
1118.15	0	.6981398	.1498375	.1520227	0
1117.15	0	.6972077	.1504086	.1523837	0
1116.15	0	.6962788	.1509775	.1527438	0
1115.15	0	.695353	.151544	.153103	0
1114.15	0	.6944303	.1521083	.1534614	0
1113.15	0	.6935108	.1526703	.153819	0
1112.15	0	.6925944	.15323	.1541757	0
1111.15	0	.6916811	.1537874	.1545315	0
1110.15	0	.690771	.1543426	.1548864	0
1109.15	0	.689864	.1548955	.1552406	0
1108.15	0	.6889601	.1554461	.1555938	0
1107.15	0	.6880594	.1559944	.1559462	0
1106.15	0	.6871618	.1565404	.1562978	0
1105.15	0	.6862673	.1570842	.1566485	0
1104.15	0	.6853759	.1576257	.1569984	0
1103.15	0	.6844876	.158165	.1573474	0
1102.15	0	.6836025	.1587019	.1576956	0
1101.15	0	.6827205	.1592366	.158043	0
1100.15	0	.6818415	.159769	.1583895	0
1099.15	0	.6809657	.1602991	.1587352	0
1098.15	0	.680093	.160827	.15908	0
1097.15	0	.6792234	.1613526	.159424	0
1096.15	0	.6783569	.1618759	.1597672	0
1095.15	0	.6774935	.1623969	.1601096	0
1094.15	0	.6766332	.1629157	.1604511	0
1093.15	0	.675776	.1634322	.1607918	0
1092.15	0	.6749219	.1639464	.1611317	0
1091.15	0	.6740709	.1644584	.1614708	0
1090.15	0	.673223	.164968	.161809	0
1089.15	0	.6723781	.1654755	.1621464	0
1088.15	0	.6715364	.1659806	.162483	0
1087.15	0	.6706977	.1664834	.1628188	0
1086.15	0	.6698622	.166984	.1631538	0
1085.15	0	.6690297	.1674824	.163488	0
1084.15	0	.6682003	.1679784	.1638213	0
1083.15	0	.667374	.1684722	.1641539	0
1082.15	0	.6665507	.1689637	.1644856	0
1081.15	0	.6657306	.1694529	.1648165	0
1080.15	0	.6649135	.1699398	.1651467	0
1079.15	0	.6640995	.1704245	.165476	0
1078.15	0	.6632886	.1709069	.1658045	0
1077.15	0	.6624807	.1713871	.1661322	0
1076.15	0	.661676	.1718649	.1664591	0
1075.15	0	.6608742	.1723405	.1667852	0
1074.15	0	.6600756	.1728138	.1671106	0
1073.15	0	.6592801	.1732849	.1674351	0
1072.15	0	.6584876	.1737536	.1677588	0
1071.15	0	.6576981	.1742201	.1680817	0
1070.15	0	.6569118	.1746843	.1684039	0
1069.15	0	.6561285	.1751463	.1687252	0
1068.15	0	.6553483	.175606	.1690458	0
1067.15	0	.6545711	.1760634	.1693656	0
1066.15	0	.653797	.1765185	.1696845	0
1065.15	0	.653026	.1769713	.1700027	0
1064.15	0	.652258	.1774219	.1703201	0
1063.15	0	.6514931	.1778702	.1706368	0
1062.15	0	.6507312	.1783162	.1709526	0
1061.15	0	.6499725	.1787599	.1712676	0
1060.15	0	.6492167	.1792014	.1715819	0
1059.15	0	.6484641	.1796406	.1718954	0
1058.15	0	.6477144	.1800775	.1722081	0
1057.15	0	.6469679	.1805121	.17252	0
1056.15	0	.6462244	.1809445	.1728312	0
1055.15	0	.6454839	.1813745	.1731415	0
1054.15	0	.6447466	.1818023	.1734511	0
1053.15	0	.6440122	.1822278	.1737599	0
1052.15	0	.643281	.1826511	.174068	0
1051.15	0	.6425527	.183072	.1743753	0
1050.15	0	.6418276	.1834907	.1746817	0
1049.15	0	.6411054	.1839071	.1749875	0
1048.15	0	.6403864	.1843212	.1752924	0
1047.15	0	.6396704	.1847331	.1755966	0
1046.15	0	.6389574	.1851426	.1759	0
1045.15	0	.6382475	.1855499	.1762026	0
1044.15	0	.6375407	.1859549	.1765044	0
1043.15	0	.6368369	.1863576	.1768055	0
1042.15	0	.6361361	.186758	.1771058	0
1041.15	0	.6354384	.1871562	.1774054	0
1040.15	0	.6347438	.1875521	.1777042	0
1039.15	0	.6340522	.1879457	.1780022	0
1038.15	0	.6333636	.188337	.1782994	0
1037.15	0	.6326781	.188726	.1785959	0
1036.15	0	.6319957	.1891128	.1788916	0
1035.15	0	.6313163	.1894972	.1791865	0
1034.15	0	.6306399	.1898794	.1794807	0
1033.15	0	.6299666	.1902593	.1797741	0
1032.15	0	.6292964	.1906369	.1800667	0
1031.15	0	.6286292	.1910123	.1803586	0
1030.15	0	.627965	.1913853	.1806497	0
1029.15	0	.6273039	.1917561	.18094	0
1028.15	0	.6266458	.1921246	.1812296	0
1027.15	0	.6259908	.1924908	.1815184	0
1026.15	0	.6253388	.1928548	.1818064	0
1025.15	0	.6246899	.1932164	.1820937	0
1024.15	0	.624044	.1935758	.1823802	0
1023.15	0	.6234012	.1939329	.1826659	0
1022.15	0	.6227614	.1942877	.1829509	0
1021.15	0	.6221247	.1946402	.1832351	0
1020.15	0	.621491	.1949905	.1835186	0
1019.15	0	.6208603	.1953385	.1838012	0
1018.15	0	.6202327	.1956842	.1840832	0
1017.15	0	.6196081	.1960276	.1843643	0
1016.15	0	.6189866	.1963688	.1846447	0
1015.15	0	.6183681	.1967076	.1849243	0
1014.15	0	.6177527	.1970442	.1852031	0
1013.15	0	.6171403	.1973786	.1854812	0
1012.15	0	.6165309	.1977106	.1857585	0
1011.15	0	.6159246	.1980404	.186035	0
1010.15	0	.6153213	.1983679	.1863108	0
1009.15	0	.6147211	.1986932	.1865858	0
1008.15	0	.6141239	.1990162	.18686	0
1007.15	0	.6135297	.1993369	.1871334	0
1006.15	0	.6129386	.1996553	.1874061	0
1005.15	0	.6123505	.1999715	.187678	0
1004.15	0	.6117654	.2002854	.1879492	0
1003.15	0	.6111834	.2005971	.1882195	0
1002.15	0	.6106044	.2009065	.1884891	0
1001.15	0	.6100285	.2012136	.1887579	0
1000.15	0	.6094556	.2015185	.1890259	0
999.15	0	.6088857	.2018211	.1892932	0
998.15	0	.6083188	.2021215	.1895597	0
997.15	0	.607755	.2024196	.1898254	0
996.15	0	.6071942	.2027155	.1900903	0
995.15	0	.6066364	.2030092	.1903544	0
994.15	0	.6060817	.2033006	.1906178	0
993.15	0	.60553	.2035897	.1908803	0
992.15	0	.6049813	.2038766	.1911421	0
991.15	0	.6044356	.2041613	.1914031	0
990.15	0	.6038929	.2044438	.1916633	0
989.15	0	.6033533	.204724	.1919227	0
988.15	0	.6028166	.205002	.1921814	0
987.15	0	.602283	.2052778	.1924392	0
986.15	0	.6017524	.2055514	.1926963	0
985.15	0	.6012248	.2058227	.1929525	0
984.15	0	.6007002	.2060918	.193208	0
983.15	0	.6001786	.2063588	.1934626	0
982.15	0	.5996601	.2066235	.1937165	0
981.15	0	.5991445	.206886	.1939695	0
980.15	0	.5986319	.2071464	.1942218	0
979.15	0	.5981223	.2074045	.1944732	0
978.15	0	.5976157	.2076605	.1947239	0
977.15	0	.5971121	.2079142	.1949737	0
976.15	0	.5966115	.2081658	.1952227	0
975.15	0	.5961138	.2084153	.1954709	0
974.15	0	.5956191	.2086625	.1957183	0
973.15	0	.5951275	.2089076	.1959649	0
972.15	0	.5946387	.2091506	.1962107	0
971.15	0	.594153	.2093914	.1964556	0
970.15	0	.5936702	.2096301	.1966997	0
969.15	0	.5931904	.2098666	.196943	0
968.15	0	.5927135	.210101	.1971855	0
967.15	0	.5922396	.2103333	.1974271	0
966.15	0	.5917687	.2105635	.1976679	0
965.15	0	.5913006	.2107915	.1979078	0
964.15	0	.5908355	.2110175	.198147	0
963.15	0	.5903734	.2112414	.1983853	0
962.15	0	.5899142	.2114631	.1986227	0
961.15	0	.5894578	.2116829	.1988593	0
960.15	0	.5890045	.2119005	.199095	0
959.15	0	.588554	.2121161	.1993299	0
958.15	0	.5881064	.2123297	.1995639	0
957.15	0	.5876617	.2125412	.1997971	0
956.15	0	.5872199	.2127507	.2000294	0
955.15	0	.586781	.2129581	.2002609	0
954.15	0	.586345	.2131636	.2004915	0
953.15	0	.5859118	.213367	.2007212	0
952.15	0	.5854815	.2135685	.20095	0
951.15	0	.5850541	.213768	.2011779	0
950.15	0	.5846295	.2139655	.201405	0
949.15	0	.5842077	.2141611	.2016312	0
948.15	0	.5837888	.2143547	.2018565	0
947.15	0	.5833727	.2145464	.2020809	0
946.15	0	.5829594	.2147362	.2023044	0
945.15	0	.5825489	.2149241	.202527	0
944.15	0	.5821412	.2151102	.2027487	0
943.15	0	.5817363	.2152943	.2029694	0
942.15	0	.5813341	.2154766	.2031893	0
941.15	0	.5809348	.215657	.2034082	0
940.15	0	.5805381	.2158356	.2036263	0
939.15	0	.5801442	.2160124	.2038434	0
938.15	0	.579753	.2161874	.2040595	0
937.15	0	.5793646	.2163607	.2042747	0
936.15	0	.5789788	.2165321	.204489	0
935.15	0	.5785958	.2167019	.2047024	0
934.15	0	.5782154	.2168699	.2049147	0
933.15	0	.5778377	.2170362	.2051262	0
932.15	0	.5774626	.2172008	.2053366	0
931.15	0	.5770902	.2173637	.2055461	0
930.15	0	.5767203	.217525	.2057547	0
929.15	0	.5763531	.2176847	.2059622	0
928.15	0	.5759885	.2178427	.2061688	0
927.15	0	.5756265	.2179992	.2063743	0
926.15	0	.575267	.2181541	.2065789	0
925.15	0	.57491	.2183075	.2067825	0
924.15	0	.5745556	.2184594	.206985	0
923.15	0	.5742037	.2186098	.2071866	0
922.15	0	.5738542	.2187587	.2073871	0
921.15	0	.5735072	.2189062	.2075866	0
920.15	0	.5731627	.2190522	.2077851	0
919.15	0	.5728206	.2191969	.2079825	0
918.15	0	.5724809	.2193402	.2081789	0
917.15	0	.5721436	.2194822	.2083742	0
916.15	0	.5718087	.2196229	.2085685	0
915.15	0	.5714761	.2197623	.2087617	0
914.15	0	.5711458	.2199004	.2089538	0
913.15	0	.5708178	.2200374	.2091448	0
912.15	0	.5704921	.2201732	.2093348	0
911.15	0	.5701686	.2203078	.2095236	0
910.15	0	.5698474	.2204413	.2097113	0
909.15	0	.5695283	.2205737	.209898	0
908.15	0	.5692114	.2207051	.2100835	0
907.15	0	.5688967	.2208355	.2102678	0
906.15	0	.5685841	.2209649	.2104511	0
905.15	0	.5682735	.2210933	.2106331	0
904.15	0	.567965	.2212209	.2108141	0
903.15	0	.5676586	.2213476	.2109938	0
902.15	0	.5673541	.2214735	.2111724	0
901.15	0	.5670516	.2215987	.2113498	0
900.15	0	.566751	.2217231	.211526	0
899.15	0	.5664523	.2218468	.2117009	0
898.15	0	.5661555	.2219698	.2118747	0
897.15	0	.5658605	.2220923	.2120472	0
896.15	0	.5655672	.2222142	.2122185	0
895.15	0	.5652758	.2223356	.2123886	0
894.15	0	.564986	.2224566	.2125574	0
893.15	0	.5646979	.2225772	.2127249	0
892.15	0	.5644115	.2226974	.2128911	0
891.15	0	.5641266	.2228173	.2130561	0
890.15	0	.5638433	.2229369	.2132197	0
889.15	0	.5635615	.2230564	.213382	0
888.15	0	.5632812	.2231758	.213543	0
887.15	0	.5630023	.223295	.2137027	0
886.15	0	.5627248	.2234143	.2138609	0
885.15	0	.5624486	.2235336	.2140178	0
884.15	0	.5621736	.223653	.2141734	0
883.15	0	.5618999	.2237726	.2143275	0
882.15	0	.5616274	.2238924	.2144802	0
881.15	0	.561356	.2240126	.2146315	0
880.15	0	.5610856	.2241331	.2147813	0
879.15	0	.5608163	.224254	.2149297	0
878.15	0	.5605479	.2243755	.2150765	0
877.15	0	.5602805	.2244976	.2152219	0
876.15	0	.5600138	.2246203	.2153658	0
875.15	0	.559748	.2247438	.2155082	0
874.15	0	.5594828	.2248682	.215649	0
873.15	0	.5592183	.2249934	.2157882	0
872.15	0	.5589544	.2251197	.2159259	0
871.15	0	.558691	.225247	.216062	0
870.15	0	.5584281	.2253755	.2161964	0
869.15	0	.5581655	.2255053	.2163292	0
868.15	0	.5579032	.2256365	.2164603	0
867.15	0	.5576412	.2257691	.2165897	0
866.15	0	.5573792	.2259033	.2167175	0
865.15	0	.5571174	.2260391	.2168435	0
864.15	0	.5568555	.2261768	.2169677	0
863.15	0	.5565935	.2263163	.2170902	0
862.15	0	.5563314	.2264578	.2172108	0
861.15	0	.5560689	.2266014	.2173296	0
860.15	0	.5558061	.2267473	.2174466	0
859.15	0	.5555428	.2268956	.2175616	0
858.15	0	.5552789	.2270463	.2176748	0
857.15	0	.5550143	.2271997	.217786	0
856.15	0	.554749	.2273558	.2178952	0
855.15	0	.5544828	.2275148	.2180024	0
854.15	0	.5542155	.2276769	.2181076	0
853.15	0	.5539472	.2278422	.2182106	0
852.15	0	.5536776	.2280109	.2183116	0
851.15	0	.5534066	.228183	.2184104	0
850.15	0	.5531341	.2283589	.218507	0
849.15	0	.55286	.2285387	.2186013	0
848.15	0	.5525841	.2287225	.2186934	0
847.15	0	.5523062	.2289106	.2187832	0
846.15	0	.5520263	.2291032	.2188705	0
845.15	0	.5517442	.2293004	.2189555	0
844.15	0	.5514596	.2295024	.219038	0
843.15	0	.5511725	.2297096	.2191179	0
842.15	0	.5508826	.2299222	.2191953	0
841.15	0	.5505897	.2301403	.21927	0
840.15	0	.5502937	.2303643	.219342	0
839.15	0	.5499943	.2305944	.2194112	0
838.15	0	.5496914	.230831	.2194776	0
837.15	0	.5493846	.2310743	.2195411	0
836.15	0	.5490738	.2313246	.2196016	0
835.15	0	.5487587	.2315823	.219659	0
834.15	0	.5484389	.2318478	.2197133	0
833.15	0	.5481144	.2321214	.2197643	0
832.15	0	.5477846	.2324035	.2198119	0
831.15	0	.5474494	.2326945	.2198561	0
830.15	0	.5471083	.232995	.2198967	0
829.15	0	.546761	.2333054	.2199336	0
828.15	0	.5464071	.2336261	.2199668	0
827.15	0	.5460462	.2339579	.2199959	0
826.15	0	.5456778	.2343012	.220021	0
825.15	0	.5453015	.2346567	.2200418	0
824.15	0	.5449167	.2350251	.2200582	0
823.15	0	.5445229	.2354072	.22007	0
822.15	0	.5441194	.2358037	.2200769	0
821.15	0	.5437055	.2362156	.2200789	0
820.15	0	.5432807	.2366438	.2200755	0
819.15	0	.542844	.2370894	.2200667	0
818.15	0	.5423945	.2375535	.220052	0
817.15	0	.5419314	.2380374	.2200312	0
816.15	0	.5414536	.2385426	.2200039	0
815.15	0	.5409597	.2390706	.2199697	0
814.15	0	.5404486	.2396232	.2199282	0
813.15	0	.5399187	.2402024	.2198789	0
812.15	0	.5387867	.2415464	.2196669	0
811.15	0	.5377061	.2428312	.2194627	0
810.15	0	.5367065	.2440192	.2192744	0
809.15	0	.5357782	.2451219	.2190999	0
808.15	0	.5349135	.2461488	.2189376	0
807.15	0	.5341058	.2471081	.2187861	0
806.15	0	.5333495	.2480063	.2186441	0
805.15	0	.5326399	.2488494	.2185107	0
804.15	0	.5319726	.2496424	.218385	0
803.15	0	.5313442	.2503896	.2182662	0
802.15	0	.5307514	.2510949	.2181537	0
801.15	0	.5301914	.2517616	.218047	0
800.15	0	.5296618	.2523927	.2179455	0
799.15	0	.5291602	.252991	.2178488	0
798.15	0	.5286846	.2535588	.2177566	0
797.15	0	.5282334	.2540982	.2176684	0
796.15	0	.5278047	.2546113	.217584	0
795.15	0	.5273971	.2550998	.2175031	0
794.15	0	.5270093	.2555652	.2174255	0
793.15	0	.52664	.2560092	.2173508	0
792.15	0	.5262881	.256433	.2172789	0
791.15	0	.5259525	.2568379	.2172096	0
790.15	0	.5256323	.2572249	.2171428	0
789.15	0	.5253265	.2575953	.2170783	0
788.15	0	.5250343	.2579498	.2170158	0
787.15	0	.5247551	.2582895	.2169554	0
786.15	0	.524488	.2586152	.2168968	0
785.15	0	.5242324	.2589275	.21684	0
784.15	0	.5239878	.2592274	.2167849	0
783.15	0	.5237534	.2595153	.2167313	0
782.15	0	.5235288	.2597921	.2166791	0
781.15	0	.5233135	.2600581	.2166284	0
780.15	0	.523107	.2603141	.2165789	0
779.15	0	.5229088	.2605604	.2165307	0
778.15	0	.5227187	.2607977	.2164836	0
777.15	0	.522536	.2610263	.2164377	0
776.15	0	.5223605	.2612467	.2163927	0
775.15	0	.5221945	.2614573	.2163482	0
774.15	0	.5220322	.2616626	.2163052	0
773.15	0	.5218761	.2618608	.2162631	0
772.15	0	.5217259	.2620522	.2162219	0
771.15	0	.5215814	.2622372	.2161814	0
770.15	0	.5214422	.2624161	.2161417	0
769.15	0	.5213082	.2625891	.2161026	0
768.15	0	.5211791	.2627566	.2160643	0
767.15	0	.5210547	.2629187	.2160266	0
766.15	0	.5209348	.2630758	.2159895	0
765.15	0	.5208191	.263228	.2159529	0
764.15	0	.5207075	.2633756	.2159169	0
763.15	0	.5205998	.2635187	.2158815	0
762.15	0	.5204958	.2636577	.2158465	0
761.15	0	.5203955	.2637926	.215812	0
760.15	0	.5202985	.2639236	.2157779	0
759.15	0	.5202047	.264051	.2157443	0
758.15	0	.5201141	.2641748	.215711	0
757.15	0	.5200265	.2642953	.2156782	0
756.15	0	.5199418	.2644126	.2156457	0
755.15	0	.5198597	.2645267	.2156135	0
754.15	0	.5197803	.264638	.2155817	0
753.15	0	.5197034	.2647464	.2155502	0
752.15	0	.5196289	.2648521	.215519	0
751.15	0	.5195567	.2649552	.215488	0
750.15	0	.5194867	.2650559	.2154574	0
749.15	0	.5194188	.2651542	.215427	0
748.15	0	.519353	.2652503	.2153968	0
747.15	0	.519289	.2653442	.2153668	0
746.15	0	.5192269	.265436	.2153371	0
745.15	0	.5191666	.2655258	.2153076	0
744.15	0	.519108	.2656137	.2152783	0
743.15	0	.5190511	.2656998	.2152491	0
742.15	0	.5189957	.2657842	.2152201	0
741.15	0	.5189418	.2658669	.2151913	0
740.15	0	.5188893	.265948	.2151627	0
739.15	0	.5188382	.2660276	.2151342	0
738.15	0	.5187884	.2661058	.2151058	0
737.15	0	.5187399	.2661825	.2150776	0
736.15	0	.5186926	.2662579	.2150495	0
735.15	0	.5186464	.2663321	.2150215	0
734.15	0	.5186014	.266405	.2149936	0
733.15	0	.5185575	.2664767	.2149659	0
732.15	0	.5185145	.2665473	.2149382	0
731.15	0	.5184725	.2666169	.2149106	0
730.15	0	.5184315	.2666854	.2148831	0
729.15	0	.5183914	.2667529	.2148557	0
728.15	0	.5183521	.2668195	.2148284	0
727.15	0	.5183136	.2668853	.2148011	0
726.15	0	.518276	.2669501	.2147739	0
725.15	0	.5182391	.2670142	.2147468	0
724.15	0	.5182029	.2670774	.2147197	0
723.15	0	.5181674	.2671399	.2146927	0
722.15	0	.5181326	.2672018	.2146657	0
721.15	0	.5180984	.2672629	.2146387	0
720.15	0	.5180648	.2673234	.2146119	0
719.15	0	.5180318	.2673833	.214585	0
718.15	0	.5179993	.2674425	.2145582	0
717.15	0	.5179674	.2675013	.2145314	0
716.15	0	.5179359	.2675594	.2145046	0
715.15	0	.517905	.2676171	.2144779	0
714.15	0	.5178745	.2676743	.2144512	0
713.15	0	.5178445	.2677311	.2144245	0
712.15	0	.5178148	.2677874	.2143978	0
711.15	0	.5177856	.2678433	.2143711	0
710.15	0	.5177568	.2678988	.2143445	0
709.15	0	.5177283	.2679539	.2143178	0
708.15	0	.5177002	.2680087	.2142912	0
707.15	0	.5176724	.2680631	.2142645	0
706.15	0	.5176449	.2681172	.2142379	0
705.15	0	.5176177	.268171	.2142113	0
704.15	0	.5175908	.2682245	.2141846	0
703.15	0	.5175642	.2682778	.214158	0
702.15	0	.5175379	.2683308	.2141313	0
701.15	0	.5175117	.2683836	.2141047	0
700.15	0	.5174859	.2684361	.214078	0
699.15	0	.5174602	.2684884	.2140514	0
698.15	0	.5174347	.2685406	.2140247	0
697.15	0	.5174095	.2685925	.213998	0
696.15	0	.5173844	.2686443	.2139713	0
695.15	0	.5173595	.2686959	.2139446	0
694.15	0	.5173348	.2687474	.2139178	0
693.15	0	.5173102	.2687987	.2138911	0
692.15	0	.5172858	.2688499	.2138643	0
691.15	0	.5172615	.268901	.2138375	0
690.15	0	.5172374	.268952	.2138107	0
689.15	0	.5172133	.2690028	.2137839	0
688.15	0	.5171894	.2690536	.213757	0
687.15	0	.5171656	.2691043	.2137301	0
686.15	0	.5171419	.2691549	.2137032	0
685.15	0	.5171183	.2692054	.2136763	0
684.15	0	.5170947	.2692559	.2136493	0
683.15	0	.5170713	.2693064	.2136224	0
682.15	0	.5170479	.2693567	.2135954	0
681.15	0	.5170246	.2694071	.2135683	0
680.15	0	.5170013	.2694574	.2135413	0
679.15	0	.5169781	.2695077	.2135142	0
678.15	0	.516955	.2695579	.2134871	0
677.15	0	.5169319	.2696082	.2134599	0
676.15	0	.5169088	.2696584	.2134328	0
675.15	0	.5168858	.2697086	.2134056	0
674.15	0	.5168628	.2697589	.2133783	0
673.15	0	.5168399	.2698091	.213351	0
672.15	0	.5168169	.2698593	.2133238	0
671.15	0	.516794	.2699095	.2132964	0
670.15	0	.5167711	.2699598	.2132691	0
669.15	0	.5167482	.2700101	.2132417	0
668.15	0	.5167254	.2700604	.2132143	0
667.15	0	.5167025	.2701107	.2131868	0
666.15	0	.5166796	.2701611	.2131593	0
665.15	0	.5166567	.2702114	.2131318	0
664.15	0	.5166339	.2702619	.2131043	0
663.15	0	.516611	.2703123	.2130767	0
662.15	0	.5165881	.2703628	.2130491	0
661.15	0	.5165652	.2704134	.2130215	0
660.15	0	.5165423	.270464	.2129938	0
659.15	0	.5165193	.2705146	.2129661	0
658.15	0	.5164964	.2705653	.2129383	0
657.15	0	.5164734	.270616	.2129106	0
656.15	0	.5164504	.2706668	.2128828	0
655.15	0	.5164274	.2707177	.2128549	0
654.15	0	.5164044	.2707686	.2128271	0
653.15	0	.5163813	.2708196	.2127992	0
652.15	0	.5163582	.2708706	.2127712	0
651.15	0	.5163351	.2709217	.2127433	0
650.15	0	.5163119	.2709728	.2127153	0
649.15	0	.5162887	.271024	.2126873	0
648.15	0	.5162655	.2710753	.2126592	0
647.15	0	.5162422	.2711267	.2126311	0
646.15	0	.5162189	.2711781	.212603	0
645.15	0	.5161955	.2712296	.2125749	0
644.15	0	.5161722	.2712812	.2125467	0
643.15	0	.5161487	.2713328	.2125185	0
642.15	0	.5161253	.2713845	.2124903	0
641.15	0	.5161018	.2714362	.212462	0
640.15	0	.5160782	.2714881	.2124337	0
639.15	0	.5160546	.27154	.2124054	0
638.15	0	.516031	.271592	.212377	0
637.15	0	.5160073	.2716441	.2123486	0
636.15	0	.5159836	.2716962	.2123203	0
635.15	0	.5159598	.2717484	.2122918	0
634.15	0	.515936	.2718007	.2122634	0
633.15	0	.5159121	.271853	.2122349	0
632.15	0	.5158882	.2719054	.2122064	0
631.15	0	.5158642	.271958	.2121778	0
630.15	0	.5158402	.2720105	.2121493	0
629.15	0	.5158162	.2720632	.2121207	0
628.15	0	.5157921	.2721159	.2120921	0
627.15	0	.5157679	.2721687	.2120634	0
626.15	0	.5157437	.2722215	.2120347	0
625.15	0	.5157195	.2722745	.2120061	0
624.15	0	.5156951	.2723275	.2119774	0
623.15	0	.5156708	.2723806	.2119486	0
622.15	0	.5156464	.2724337	.2119199	0
621.15	0	.515622	.2724869	.2118911	0
620.15	0	.5155975	.2725402	.2118623	0
619.15	0	.5155729	.2725936	.2118335	0
618.15	0	.5155483	.272647	.2118046	0
617.15	0	.5155237	.2727005	.2117758	0
616.15	0	.515499	.2727541	.2117469	0
615.15	0	.5154743	.2728077	.211718	0
614.15	0	.5154495	.2728614	.2116891	0
613.15	0	.5154247	.2729152	.2116601	0
612.15	0	.5153998	.272969	.2116312	0
611.15	0	.5153748	.2730229	.2116022	0
610.15	0	.5153499	.2730769	.2115733	0
609.15	0	.5153249	.2731309	.2115442	0
608.15	0	.5152998	.273185	.2115152	0
607.15	0	.5152747	.2732391	.2114862	0
606.15	0	.5152495	.2732933	.2114571	0
605.15	0	.5152243	.2733476	.2114281	0
604.15	0	.5151991	.2734019	.211399	0
603.15	0	.5151738	.2734563	.2113699	0
602.15	0	.5151484	.2735107	.2113408	0
601.15	0	.5151231	.2735653	.2113117	0
600.15	0	.5150976	.2736198	.2112826	0
599.15	0	.5150722	.2736744	.2112534	0
598.15	0	.5150467	.273729	.2112243	0
597.15	0	.5150211	.2737837	.2111951	0
596.15	0	.5149955	.2738385	.211166	0
595.15	0	.5149699	.2738933	.2111368	0
594.15	0	.5149442	.2739482	.2111076	0
593.15	0	.5149185	.2740031	.2110784	0
592.15	0	.5148928	.274058	.2110492	0
591.15	0	.514867	.274113	.21102	0
590.15	0	.5148412	.274168	.2109908	0
589.15	0	.5148153	.2742231	.2109616	0
588.15	0	.5147894	.2742782	.2109324	0
587.15	0	.5147635	.2743334	.2109031	0
586.15	0	.5147375	.2743886	.2108739	0
585.15	0	.5147115	.2744438	.2108447	0
584.15	0	.5146854	.2744991	.2108154	0
583.15	0	.5146594	.2745544	.2107862	0
582.15	0	.5146333	.2746098	.210757	0
581.15	0	.5146071	.2746652	.2107277	0
580.15	0	.514581	.2747206	.2106985	0
579.15	0	.5145548	.274776	.2106692	0
578.15	0	.5145285	.2748315	.21064	0
577.15	0	.5145023	.274887	.2106108	0
576.15	0	.514476	.2749425	.2105815	0
575.15	0	.5144497	.274998	.2105523	0
574.15	0	.5144233	.2750536	.2105231	0
573.15	0	.5143969	.2751092	.2104938	0
572.15	0	.5143705	.2751649	.2104646	0
571.15	0	.5143441	.2752205	.2104354	0
570.15	0	.5143177	.2752761	.2104062	0
569.15	0	.5142912	.2753318	.210377	0
568.15	0	.5142647	.2753875	.2103478	0
567.15	0	.5142382	.2754432	.2103186	0
566.15	0	.5142116	.275499	.2102894	0
565.15	0	.514185	.2755547	.2102603	0
564.15	0	.5141585	.2756105	.2102311	0
563.15	0	.5141318	.2756662	.2102019	0
562.15	0	.5141052	.275722	.2101728	0
561.15	0	.5140786	.2757778	.2101437	0
560.15	0	.5140519	.2758336	.2101145	0
559.15	0	.5140252	.2758894	.2100854	0
558.15	0	.5139985	.2759451	.2100563	0
557.15	0	.5139718	.2760009	.2100273	0
556.15	0	.5139451	.2760567	.2099982	0
555.15	0	.5139183	.2761125	.2099692	0
554.15	0	.5138916	.2761683	.2099401	0
553.15	0	.5138648	.2762241	.2099111	0
552.15	0	.513838	.2762799	.2098821	0
551.15	0	.5138112	.2763357	.2098531	0
550.15	0	.5137844	.2763915	.2098241	0
549.15	0	.5137576	.2764472	.2097952	0
548.15	0	.5137308	.276503	.2097663	0
547.15	0	.5137039	.2765587	.2097373	0
546.15	0	.5136771	.2766145	.2097085	0
545.15	0	.5136502	.2766702	.2096796	0
544.15	0	.5136234	.2767259	.2096507	0
543.15	0	.5135965	.2767816	.2096219	0
542.15	0	.5135696	.2768373	.2095931	0
541.15	0	.5135427	.2768929	.2095643	0
540.15	0	.5135159	.2769486	.2095356	0
539.15	0	.513489	.2770042	.2095069	0
538.15	0	.5134621	.2770597	.2094782	0
537.15	0	.5134352	.2771153	.2094495	0
536.15	0	.5134083	.2771709	.2094208	0
535.15	0	.5133814	.2772264	.2093922	0
534.15	0	.5133545	.2772818	.2093636	0
533.15	0	.5133277	.2773373	.2093351	0
532.15	0	.5133008	.2773927	.2093065	0
531.15	0	.5132739	.2774481	.209278	0
530.15	0	.513247	.2775035	.2092495	0
529.15	0	.5132201	.2775588	.2092211	0
528.15	0	.5131933	.2776141	.2091927	0
527.15	0	.5131664	.2776693	.2091643	0
526.15	0	.5131395	.2777245	.2091359	0
525.15	0	.5131127	.2777797	.2091076	0
524.15	0	.5130858	.2778348	.2090793	0
523.15	0	.513059	.2778899	.2090511	0
522.15	0	.5130322	.277945	.2090229	0
521.15	0	.5130054	.2779999	.2089947	0
520.15	0	.5129785	.2780549	.2089666	0
519.15	0	.5129517	.2781098	.2089385	0
518.15	0	.512925	.2781647	.2089104	0
517.15	0	.5128982	.2782195	.2088824	0
516.15	0	.5128716	.2782742	.2088543	0
515.15	0	.5128448	.2783289	.2088263	0
514.15	0	.5128181	.2783835	.2087984	0
513.15	0	.5127914	.2784381	.2087705	0
512.15	0	.5127647	.2784926	.2087427	0
511.15	0	.512738	.2785471	.2087149	0
510.15	0	.5127113	.2786015	.2086872	0
509.15	0	.5126847	.2786559	.2086595	0
508.15	0	.512658	.2787101	.2086318	0
507.15	0	.5126314	.2787644	.2086042	0
506.15	0	.5126048	.2788185	.2085767	0
505.15	0	.5125783	.2788726	.2085491	0
504.15	0	.5125517	.2789266	.2085217	0
503.15	0	.5125252	.2789806	.2084942	0
502.15	0	.5124987	.2790345	.2084668	0
501.15	0	.5124722	.2790883	.2084395	0
500.15	0	.5124457	.2791421	.2084122	0
499.15	0	.5124193	.2791957	.208385	0
498.15	0	.5123929	.2792493	.2083578	0
497.15	0	.5123665	.2793029	.2083307	0
496.15	0	.5123401	.2793563	.2083036	0
495.15	0	.5123138	.2794097	.2082766	0
494.15	0	.5122874	.279463	.2082496	0
493.15	0	.5122612	.2795162	.2082227	0
492.15	0	.5122349	.2795693	.2081958	0
491.15	0	.5122087	.2796223	.208169	0
490.15	0	.5121825	.2796753	.2081422	0
489.15	0	.5121563	.2797282	.2081155	0
488.15	0	.5121302	.2797809	.2080889	0
487.15	0	.5121041	.2798336	.2080623	0
486.15	0	.512078	.2798862	.2080357	0
485.15	0	.512052	.2799388	.2080093	0
484.15	0	.512026	.2799912	.2079828	0
483.15	0	.512	.2800435	.2079565	0
482.15	0	.5119741	.2800958	.2079302	0
481.15	0	.5119482	.2801479	.2079039	0
480.15	0	.5119223	.2801999	.2078778	0
479.15	0	.5118965	.2802519	.2078516	0
478.15	0	.5118707	.2803038	.2078256	0
477.15	0	.5118449	.2803555	.2077996	0
476.15	0	.5118192	.2804072	.2077736	0
475.15	0	.5117935	.2804587	.2077478	0
474.15	0	.5117679	.2805102	.207722	0
473.15	0	.5117423	.2805615	.2076962	0
472.15	0	.5117167	.2806127	.2076705	0
471.15	0	.5116912	.2806639	.2076449	0
470.15	0	.5116657	.2807149	.2076194	0
469.15	0	.5116403	.2807658	.2075939	0
468.15	0	.5116149	.2808166	.2075685	0
467.15	0	.5115895	.2808673	.2075431	0
466.15	0	.5115642	.2809179	.2075178	0
465.15	0	.511539	.2809684	.2074926	0
464.15	0	.5115138	.2810188	.2074675	0
463.15	0	.5114886	.281069	.2074424	0
462.15	0	.5114635	.2811191	.2074174	0
461.15	0	.5114384	.2811691	.2073925	0
460.15	0	.5114133	.281219	.2073676	0
459.15	0	.5113883	.2812688	.2073428	0
458.15	0	.5113634	.2813185	.2073181	0
457.15	0	.5113385	.281368	.2072935	0
456.15	0	.5113137	.2814174	.2072689	0
455.15	0	.5112889	.2814667	.2072444	0
454.15	0	.5112641	.2815159	.20722	0
453.15	0	.5112394	.2815649	.2071957	0
452.15	0	.5112148	.2816138	.2071714	0
451.15	0	.5111902	.2816626	.2071472	0
450.15	0	.5111656	.2817113	.2071231	0
449.15	0	.5111412	.2817598	.2070991	0
448.15	0	.5111168	.2818081	.2070751	0
447.15	0	.5110924	.2818563	.2070513	0
446.15	0	.5110681	.2819044	.2070275	0
445.15	0	.5110439	.2819523	.2070038	0
444.15	0	.5110198	.2820001	.2069802	0
443.15	0	.5109957	.2820477	.2069567	0
442.15	0	.5109717	.2820951	.2069332	0
441.15	0	.5109478	.2821424	.2069099	0
440.15	0	.5109239	.2821895	.2068866	0
439.15	0	.5109001	.2822364	.2068635	0
438.15	0	.5108765	.2822831	.2068404	0
437.15	0	.5108529	.2823297	.2068174	0
436.15	0	.5108294	.2823761	.2067946	0
435.15	0	.5108059	.2824222	.2067718	0
434.15	0	.5107826	.2824682	.2067491	0
433.15	0	.5107594	.282514	.2067266	0
432.15	0	.5107363	.2825596	.2067041	0
431.15	0	.5107132	.282605	.2066817	0
430.15	0	.5106903	.2826502	.2066595	0
429.15	0	.5106675	.2826952	.2066374	0
428.15	0	.5106447	.28274	.2066153	0
427.15	0	.5106221	.2827845	.2065934	0
426.15	0	.5105996	.2828289	.2065715	0
425.15	0	.5105772	.282873	.2065498	0
