T	 BPW(LIQUID)	BPW(BCC_A2)	BPW(FCC_A1)	BPW(LAVES_PHASE_C14)	BPW(NI3TI)
1473.15	.721613	.278387	0	0	0
1472.15	.7172006	.2827994	0	0	0
1471.15	.7128152	.2871848	0	0	0
1470.15	.7084564	.2915436	0	0	0
1469.15	.7041242	.2958758	0	0	0
1468.15	.6998184	.3001816	0	0	0
1467.15	.6955389	.3044611	0	0	0
1466.15	.6912856	.3087145	0	0	0
1465.416	.6881809	.3118191	0	0	0
1465.416	.6881809	.3118191	0	0	0
1465.416	.6881809	.3118191	0	0	0
1465.15	.686018	.3132744	0	7.076318E-04	0
1464.15	.6779815	.3186791	0	.003339424	0
1463.15	.6700828	.3239873	0	.005929937	0
1462.15	.6623185	.3292012	0	.008480236	0
1461.15	.6546853	.3343233	0	.01099135	0
1460.15	.64718	.3393557	0	.01346427	0
1459.15	.6397994	.3443007	0	.01589996	0
1458.15	.6325404	.3491603	0	.01829936	0
1457.15	.6254001	.3539365	0	.02066336	0
1456.15	.6183758	.3586314	0	.02299283	0
1455.15	.6114646	.3632468	0	.02528863	0
1454.15	.6046638	.3677846	0	.02755157	0
1453.15	.5979709	.3722467	0	.02978245	0
1452.15	.5913833	.3766347	0	.03198203	0
1451.15	.5848986	.3809504	0	.03415105	0
1450.15	.5785144	.3851953	0	.03629025	0
1449.15	.5722285	.3893712	0	.03840032	0
1448.15	.5660386	.3934795	0	.04048195	0
1447.15	.5599425	.3975217	0	.04253578	0
1446.15	.5539382	.4014993	0	.04456246	0
1445.15	.5480236	.4054138	0	.04656261	0
1444.15	.5421967	.4092665	0	.04853684	0
1443.15	.5364556	.4130587	0	.05048572	0
1442.15	.5307983	.4167918	0	.05240983	0
1441.15	.5252233	.420467	0	.05430971	0
1440.15	.5197285	.4240856	0	.05618591	0
1439.15	.5143123	.4276487	0	.05803894	0
1438.15	.5089731	.4311576	0	.05986931	0
1437.15	.5037092	.4346133	0	.06167751	0
1436.15	.4985191	.4380169	0	.06346403	0
1435.15	.4934011	.4413696	0	.06522931	0
1434.15	.4883538	.4446724	0	.06697383	0
1433.15	.4833758	.4479262	0	.06869801	0
1432.15	.4784655	.4511322	0	.07040228	0
1431.15	.4736218	.4542912	0	.07208706	0
1430.15	.4688431	.4574042	0	.07375275	0
1429.15	.4641282	.4604721	0	.07539976	0
1428.15	.4594758	.4634958	0	.07702846	0
1427.15	.4548846	.4664762	0	.07863922	0
1426.15	.4503535	.4694141	0	.08023241	0
1425.15	.4458813	.4723103	0	.08180838	0
1424.15	.4414668	.4751657	0	.08336749	0
1423.15	.4371089	.4779811	0	.08491005	0
1422.15	.4328065	.4807571	0	.08643641	0
1421.15	.4285585	.4834946	0	.08794688	0
1420.15	.4243639	.4861943	0	.08944177	0
1419.15	.4202217	.4888569	0	.09092139	0
1418.15	.4161309	.4914831	0	.09238603	0
1417.15	.4120904	.4940736	0	.09383597	0
1416.15	.4080995	.496629	0	.09527151	0
1415.15	.4041572	.4991499	0	.09669291	0
1414.15	.4002625	.5016371	0	.09810044	0
1413.15	.3964145	.5040911	0	.09949436	0
1412.15	.3926125	.5065125	0	.1008749	0
1411.15	.3888556	.508902	0	.1022424	0
1410.15	.385143	.51126	0	.103597	0
1409.15	.3814738	.5135872	0	.104939	0
1408.15	.3778474	.5158841	0	.1062685	0
1407.15	.3742629	.5181512	0	.1075859	0
1406.15	.3707196	.5203891	0	.1088914	0
1405.15	.3672167	.5225982	0	.1101851	0
1404.15	.3637536	.5247791	0	.1114673	0
1403.15	.3603295	.5269323	0	.1127382	0
1402.15	.3569439	.5290582	0	.1139979	0
1401.15	.353596	.5311573	0	.1152467	0
1400.15	.3502851	.5332301	0	.1164848	0
1399.15	.3470107	.5352769	0	.1177124	0
1398.15	.3437721	.5372984	0	.1189296	0
1397.15	.3405687	.5392948	0	.1201366	0
1396.15	.3373999	.5412666	0	.1213335	0
1395.15	.3342651	.5432142	0	.1225207	0
1394.15	.3311639	.545138	0	.1236982	0
1393.15	.3280955	.5470384	0	.1248661	0
1392.15	.3250595	.5489158	0	.1260247	0
1391.15	.3220553	.5507706	0	.1271741	0
1390.15	.3190824	.552603	0	.1283145	0
1389.15	.3161404	.5544136	0	.129446	0
1388.15	.3132286	.5562027	0	.1305687	0
1387.15	.3103467	.5579705	0	.1316828	0
1386.15	.3074941	.5597174	0	.1327885	0
1385.15	.3046703	.5614439	0	.1338859	0
1384.15	.301875	.56315	0	.134975	0
1383.15	.2991075	.5648364	0	.1360561	0
1382.15	.2963677	.5665031	0	.1371292	0
1381.15	.2936548	.5681506	0	.1381946	0
1380.15	.2909687	.5697791	0	.1392523	0
1379.15	.2883088	.5713889	0	.1403023	0
1378.15	.2856747	.5729803	0	.141345	0
1377.15	.283066	.5745536	0	.1423803	0
1376.15	.2804824	.5761091	0	.1434084	0
1375.15	.2779235	.5776471	0	.1444295	0
1374.15	.2753888	.5791677	0	.1454435	0
1373.15	.2728781	.5806714	0	.1464506	0
1372.15	.2703909	.5821582	0	.1474509	0
1371.15	.2679269	.5836286	0	.1484446	0
1370.15	.2654857	.5850827	0	.1494316	0
1369.15	.2630671	.5865207	0	.1504122	0
1368.15	.2606706	.587943	0	.1513864	0
1367.15	.258296	.5893497	0	.1523544	0
1366.15	.2559429	.590741	0	.1533161	0
1365.15	.253611	.5921173	0	.1542717	0
1364.15	.2513	.5934787	0	.1552212	0
1363.15	.2490097	.5948254	0	.1561649	0
1362.15	.2467396	.5961577	0	.1571027	0
1361.15	.2444895	.5974758	0	.1580348	0
1360.15	.2422591	.5987798	0	.1589611	0
1359.15	.2400482	.6000699	0	.1598819	0
1358.15	.2378564	.6013465	0	.1607971	0
1357.15	.2356835	.6026095	0	.1617069	0
1356.15	.2335293	.6038594	0	.1626114	0
1355.15	.2313934	.6050961	0	.1635105	0
1354.15	.2292755	.60632	0	.1644045	0
1353.15	.2271756	.6075312	0	.1652933	0
1352.15	.2250932	.6087298	0	.166177	0
1351.15	.2230282	.6099162	0	.1670557	0
1350.15	.2209803	.6110903	0	.1679295	0
1349.15	.2189492	.6122524	0	.1687984	0
1348.15	.2169348	.6134027	0	.1696625	0
1347.15	.2149369	.6145413	0	.1705219	0
1346.15	.2129551	.6156684	0	.1713766	0
1345.15	.2109893	.6167841	0	.1722267	0
1344.15	.2090392	.6178886	0	.1730722	0
1343.15	.2071047	.618982	0	.1739133	0
1342.15	.2051855	.6200646	0	.1747499	0
1341.15	.2032815	.6211364	0	.1755822	0
1340.15	.2013924	.6221975	0	.1764101	0
1339.15	.199518	.6232482	0	.1772338	0
1338.15	.1976581	.6242886	0	.1780533	0
1337.15	.1958126	.6253188	0	.1788686	0
1336.15	.1939813	.6263389	0	.1796798	0
1335.15	.1921639	.6273491	0	.180487	0
1334.15	.1903603	.6283494	0	.1812902	0
1333.15	.1885703	.6293402	0	.1820895	0
1332.15	.1867938	.6303213	0	.1828849	0
1331.15	.1850305	.6312931	0	.1836764	0
1330.15	.1832803	.6322556	0	.1844641	0
1329.15	.181543	.6332089	0	.1852481	0
1328.15	.1798185	.6341531	0	.1860284	0
1327.15	.1781066	.6350884	0	.1868051	0
1326.15	.1764071	.6360149	0	.1875781	0
1325.15	.1747198	.6369326	0	.1883475	0
1324.15	.1730447	.6378418	0	.1891135	0
1323.15	.1713816	.6387425	0	.1898759	0
1322.15	.1697302	.6396348	0	.190635	0
1321.15	.1680906	.6405189	0	.1913906	0
1320.15	.1664624	.6413947	0	.1921429	0
1319.15	.1648457	.6422625	0	.1928918	0
1318.15	.1632402	.6431224	0	.1936375	0
1317.15	.1616457	.6439743	0	.1943799	0
1316.15	.1600623	.6448186	0	.1951192	0
1315.15	.1584896	.6456551	0	.1958553	0
1314.15	.1569277	.6464841	0	.1965882	0
1313.15	.1553763	.6473056	0	.1973181	0
1312.15	.1538354	.6481197	0	.1980449	0
1311.15	.1523048	.6489265	0	.1987688	0
1310.15	.1507843	.6497261	0	.1994896	0
1309.15	.149274	.6505186	0	.2002075	0
1308.15	.1477735	.651304	0	.2009224	0
1307.15	.1462829	.6520826	0	.2016345	0
1306.15	.144802	.6528542	0	.2023438	0
1305.15	.1433307	.6536191	0	.2030502	0
1304.15	.1418688	.6543773	0	.2037538	0
1303.15	.1404163	.6551289	0	.2044547	0
1302.15	.1389731	.655874	0	.2051529	0
1301.15	.137539	.6566126	0	.2058484	0
1300.15	.1361139	.6573449	0	.2065412	0
1299.15	.1346949	.6580732	0	.2072319	0
1298.15	.1332876	.6587929	0	.2079195	0
1297.15	.131889	.6595065	0	.2086045	0
1296.15	.130499	.660214	0	.209287	0
1295.15	.1291176	.6609155	0	.2099669	0
1294.15	.1277446	.6616111	0	.2106444	0
1293.15	.1263799	.6623008	0	.2113194	0
1292.15	.1250234	.6629847	0	.2119919	0
1291.15	.123675	.6636629	0	.212662	0
1290.15	.1223347	.6643355	0	.2133298	0
1289.15	.1210023	.6650025	0	.2139952	0
1288.15	.1196778	.665664	0	.2146582	0
1287.15	.1183611	.66632	0	.215319	0
1286.15	.117052	.6669706	0	.2159774	0
1285.15	.1157505	.6676159	0	.2166336	0
1284.15	.1144565	.6682559	0	.2172876	0
1283.15	.11317	.6688907	0	.2179393	0
1282.15	.1118907	.6695204	0	.2185889	0
1281.15	.1106187	.670145	0	.2192362	0
1280.15	.1093539	.6707646	0	.2198815	0
1279.15	.1080962	.6713792	0	.2205246	0
1278.582	.1073855	.6717259	0	.2208887	0
1278.582	.1073855	.6717259	0	.2208887	0
1278.582	.1073855	.6717259	0	.2208887	0
1278.15	.10439	.6708749	.003369388	.2213656	0
1277.15	.09746559	.6689422	.01113074	.2224615	0
1276.15	.09054451	.6670579	.01885002	.2235475	0
1275.15	.08362656	.6652219	.0265278	.2246238	0
1274.15	.07671148	.6634335	.03416464	.2256904	0
1273.15	.06979903	.6616924	.0417611	.2267474	0
1272.15	.06288898	.6599983	.04931772	.227795	0
1271.15	.05598109	.6583506	.05683504	.2288332	0
1270.15	.04907513	.6567491	.06431359	.2298622	0
1269.15	.04217088	.6551932	.07175391	.230882	0
1268.15	.03526813	.6536826	.07915649	.2318928	0
1267.15	.02836666	.6522169	.08652186	.2328946	0
1266.15	.02146627	.6507957	.09385052	.2338876	0
1265.15	.01456676	.6494186	.101143	.2348717	0
1264.15	.00766794	.6480852	.1083997	.2358472	0
1263.15	7.696156E-04	.6467952	.1156211	.236814	0
1263.038	0	.646654	.1164246	.2369214	0
1263.038	0	.646654	.1164246	.2369214	0
1262.15	0	.6456458	.1170481	.2373061	0
1261.15	0	.6445141	.1177478	.2377381	0
1260.15	0	.6433859	.1184452	.238169	0
1259.15	0	.642261	.1191403	.2385987	0
1258.15	0	.6411395	.1198331	.2390274	0
1257.15	0	.6400214	.1205237	.2394549	0
1256.15	0	.6389067	.121212	.2398813	0
1255.15	0	.6377953	.1218981	.2403066	0
1254.15	0	.6366873	.1225819	.2407309	0
1253.15	0	.6355826	.1232634	.241154	0
1252.15	0	.6344812	.1239428	.241576	0
1251.15	0	.6333832	.1246199	.241997	0
1250.15	0	.6322885	.1252947	.2424168	0
1249.15	0	.631197	.1259674	.2428356	0
1248.15	0	.6301089	.1266378	.2432533	0
1247.15	0	.629024	.127306	.24367	0
1246.15	0	.6279425	.127972	.2440856	0
1245.15	0	.6268642	.1286357	.2445001	0
1244.15	0	.6257892	.1292973	.2449136	0
1243.15	0	.6247174	.1299567	.245326	0
1242.15	0	.6236488	.1306138	.2457373	0
1241.15	0	.6225835	.1312688	.2461476	0
1240.15	0	.6215215	.1319216	.2465569	0
1239.15	0	.6204627	.1325722	.2469652	0
1238.15	0	.619407	.1332206	.2473724	0
1237.15	0	.6183546	.1338669	.2477785	0
1236.15	0	.6173054	.1345109	.2481837	0
1235.15	0	.6162594	.1351528	.2485878	0
1234.15	0	.6152165	.1357925	.2489909	0
1233.15	0	.6141769	.1364301	.249393	0
1232.15	0	.6131404	.1370655	.2497941	0
1231.15	0	.612107	.1376988	.2501942	0
1230.15	0	.6110769	.1383299	.2505932	0
1229.15	0	.6100498	.1389589	.2509913	0
1228.15	0	.6090259	.1395857	.2513884	0
1227.15	0	.6080052	.1402104	.2517845	0
1226.15	0	.6069876	.1408329	.2521796	0
1225.15	0	.605973	.1414533	.2525737	0
1224.15	0	.6049616	.1420716	.2529668	0
1223.15	0	.6039533	.1426877	.253359	0
1222.15	0	.6029481	.1433018	.2537501	0
1221.15	0	.601946	.1439137	.2541403	0
1220.15	0	.600947	.1445234	.2545296	0
1219.15	0	.599951	.1451311	.2549178	0
1218.15	0	.5989581	.1457367	.2553052	0
1217.15	0	.5979683	.1463402	.2556915	0
1216.15	0	.5969815	.1469415	.2560769	0
1215.15	0	.5959978	.1475408	.2564614	0
1214.15	0	.5950171	.148138	.2568449	0
1213.15	0	.5940395	.1487331	.2572274	0
1212.15	0	.5930649	.149326	.2576091	0
1211.15	0	.5920933	.149917	.2579897	0
1210.15	0	.5911247	.1505058	.2583695	0
1209.15	0	.5901592	.1510925	.2587483	0
1208.15	0	.5891966	.1516772	.2591262	0
1207.15	0	.588237	.1522598	.2595032	0
1206.15	0	.5872805	.1528403	.2598792	0
1205.15	0	.5863269	.1534188	.2602544	0
1204.15	0	.5853763	.1539951	.2606286	0
1203.15	0	.5844286	.1545695	.2610019	0
1202.15	0	.583484	.1551417	.2613743	0
1201.15	0	.5825422	.155712	.2617458	0
1200.15	0	.5816035	.1562801	.2621164	0
1199.15	0	.5806677	.1568462	.2624861	0
1198.15	0	.5797348	.1574103	.2628549	0
1197.15	0	.5788049	.1579723	.2632228	0
1196.15	0	.5778779	.1585323	.2635899	0
1195.15	0	.5769538	.1590902	.263956	0
1194.15	0	.5760326	.1596462	.2643212	0
1193.15	0	.5751144	.1602	.2646856	0
1192.15	0	.574199	.1607519	.2650491	0
1191.15	0	.5732866	.1613017	.2654117	0
1190.15	0	.572377	.1618495	.2657735	0
1189.15	0	.5714704	.1623952	.2661344	0
1188.15	0	.5705666	.162939	.2664944	0
1187.15	0	.5696657	.1634807	.2668536	0
1186.15	0	.5687677	.1640204	.2672119	0
1185.15	0	.5678726	.1645581	.2675693	0
1184.15	0	.5669803	.1650938	.2679259	0
1183.15	0	.5660908	.1656275	.2682817	0
1182.15	0	.5652043	.1661592	.2686366	0
1181.15	0	.5643205	.1666889	.2689906	0
1180.15	0	.5634396	.1672165	.2693438	0
1179.15	0	.5625616	.1677422	.2696962	0
1178.15	0	.5616864	.1682659	.2700477	0
1177.15	0	.560814	.1687876	.2703984	0
1176.15	0	.5599444	.1693073	.2707483	0
1175.15	0	.5590777	.169825	.2710973	0
1174.15	0	.5582137	.1703407	.2714456	0
1173.15	0	.5573526	.1708545	.271793	0
1172.15	0	.5564942	.1713662	.2721395	0
1171.15	0	.5556387	.171876	.2724853	0
1170.15	0	.554786	.1723838	.2728302	0
1169.15	0	.553936	.1728896	.2731744	0
1168.15	0	.5530888	.1733935	.2735177	0
1167.15	0	.5522444	.1738954	.2738602	0
1166.15	0	.5514028	.1743953	.2742019	0
1165.15	0	.5505639	.1748932	.2745428	0
1164.15	0	.5497279	.1753892	.2748829	0
1163.15	0	.5488945	.1758832	.2752222	0
1162.15	0	.5480639	.1763753	.2755608	0
1161.15	0	.5472361	.1768654	.2758985	0
1160.15	0	.546411	.1773535	.2762354	0
1159.15	0	.5455887	.1778397	.2765716	0
1158.15	0	.5447691	.178324	.2769069	0
1157.15	0	.5439522	.1788063	.2772415	0
1156.15	0	.5431381	.1792866	.2775753	0
1155.15	0	.5423267	.179765	.2779084	0
1154.15	0	.5415179	.1802415	.2782406	0
1153.15	0	.540712	.180716	.2785721	0
1152.15	0	.5399087	.1811885	.2789028	0
1151.15	0	.5391081	.1816591	.2792328	0
1150.15	0	.5383103	.1821278	.2795619	0
1149.15	0	.5375151	.1825945	.2798904	0
1148.15	0	.5367226	.1830594	.280218	0
1147.15	0	.5359329	.1835222	.2805449	0
1146.15	0	.5351458	.1839832	.2808711	0
1145.15	0	.5343614	.1844422	.2811964	0
1144.15	0	.5335797	.1848993	.2815211	0
1143.15	0	.5328006	.1853544	.281845	0
1142.15	0	.5320242	.1858077	.2821681	0
1141.15	0	.5312505	.186259	.2824905	0
1140.15	0	.5304795	.1867084	.2828121	0
1139.15	0	.5297111	.1871558	.283133	0
1138.15	0	.5289454	.1876014	.2834532	0
1137.15	0	.5281823	.188045	.2837727	0
1136.15	0	.5274219	.1884867	.2840914	0
1135.15	0	.5266641	.1889265	.2844093	0
1134.15	0	.525909	.1893644	.2847266	0
1133.15	0	.5251565	.1898004	.2850431	0
1132.15	0	.5244066	.1902345	.2853589	0
1131.15	0	.5236594	.1906666	.2856739	0
1130.15	0	.5229148	.1910969	.2859883	0
1129.15	0	.5221729	.1915252	.2863019	0
1128.15	0	.5214335	.1919517	.2866148	0
1127.15	0	.5206968	.1923762	.286927	0
1126.15	0	.5199626	.1927989	.2872385	0
1125.15	0	.5192311	.1932196	.2875492	0
1124.15	0	.5185022	.1936385	.2878593	0
1123.15	0	.517776	.1940554	.2881686	0
1122.15	0	.5170523	.1944704	.2884773	0
1121.15	0	.5163312	.1948836	.2887852	0
1120.15	0	.5156127	.1952949	.2890925	0
1119.15	0	.5148968	.1957042	.289399	0
1118.15	0	.5141835	.1961117	.2897048	0
1117.15	0	.5134728	.1965173	.29001	0
1116.15	0	.5127646	.196921	.2903144	0
1115.15	0	.5120591	.1973228	.2906181	0
1114.15	0	.5113561	.1977227	.2909212	0
1113.15	0	.5106557	.1981208	.2912236	0
1112.15	0	.5099579	.1985169	.2915253	0
1111.15	0	.5092626	.1989112	.2918262	0
1110.15	0	.5085699	.1993036	.2921266	0
1109.15	0	.5078798	.1996941	.2924262	0
1108.15	0	.5071922	.2000827	.2927251	0
1107.15	0	.5065072	.2004694	.2930234	0
1106.15	0	.5058247	.2008543	.293321	0
1105.15	0	.5051448	.2012373	.2936179	0
1104.15	0	.5044675	.2016184	.2939141	0
1103.15	0	.5037927	.2019977	.2942097	0
1102.15	0	.5031204	.202375	.2945046	0
1101.15	0	.5024507	.2027505	.2947988	0
1100.15	0	.5017835	.2031241	.2950924	0
1099.15	0	.5011189	.2034959	.2953853	0
1098.15	0	.5004567	.2038658	.2956775	0
1097.15	0	.4997972	.2042338	.2959691	0
1096.15	0	.4991401	.2045999	.29626	0
1095.15	0	.4984856	.2049642	.2965502	0
1094.15	0	.4978336	.2053266	.2968398	0
1093.15	0	.4971842	.2056871	.2971287	0
1092.15	0	.4965372	.2060458	.297417	0
1091.15	0	.4958928	.2064026	.2977046	0
1090.15	0	.4952509	.2067576	.2979915	0
1089.15	0	.4946115	.2071107	.2982779	0
1088.15	0	.4939746	.2074619	.2985635	0
1087.15	0	.4933402	.2078113	.2988485	0
1086.15	0	.4927083	.2081588	.2991329	0
1085.15	0	.492079	.2085044	.2994166	0
1084.15	0	.4914521	.2088482	.2996997	0
1083.15	0	.4908277	.2091902	.2999821	0
1082.15	0	.4902059	.2095303	.3002639	0
1081.15	0	.4895865	.2098685	.300545	0
1080.15	0	.4889696	.2102048	.3008255	0
1079.15	0	.4883553	.2105394	.3011054	0
1078.15	0	.4877434	.210872	.3013846	0
1077.15	0	.487134	.2112029	.3016632	0
1076.15	0	.486527	.2115318	.3019411	0
1075.15	0	.4859226	.2118589	.3022185	0
1074.15	0	.4853207	.2121842	.3024952	0
1073.15	0	.4847212	.2125076	.3027712	0
1072.15	0	.4841242	.2128292	.3030466	0
1071.15	0	.4835297	.2131489	.3033214	0
1070.15	0	.4829377	.2134668	.3035956	0
1069.15	0	.4823481	.2137828	.3038691	0
1068.15	0	.481761	.214097	.3041421	0
1067.15	0	.4811764	.2144093	.3044143	0
1066.15	0	.4805942	.2147198	.304686	0
1065.15	0	.4800145	.2150284	.304957	0
1064.15	0	.4794373	.2153353	.3052275	0
1063.15	0	.4788625	.2156402	.3054972	0
1062.15	0	.4782902	.2159433	.3057664	0
1061.15	0	.4777204	.2162446	.306035	0
1060.15	0	.477153	.2165441	.3063029	0
1059.15	0	.4765881	.2168417	.3065702	0
1058.15	0	.4760256	.2171375	.3068369	0
1057.15	0	.4754656	.2174314	.307103	0
1056.15	0	.474908	.2177235	.3073685	0
1055.15	0	.4743529	.2180138	.3076334	0
1054.15	0	.4738002	.2183022	.3078976	0
1053.15	0	.4732499	.2185888	.3081612	0
1052.15	0	.4727022	.2188736	.3084242	0
1051.15	0	.4721568	.2191566	.3086867	0
1050.15	0	.4716139	.2194377	.3089484	0
1049.15	0	.4710734	.219717	.3092096	0
1048.15	0	.4705354	.2199944	.3094702	0
1047.15	0	.4699998	.22027	.3097302	0
1046.15	0	.4694666	.2205438	.3099895	0
1045.15	0	.4689359	.2208158	.3102483	0
1044.15	0	.4684076	.221086	.3105064	0
1043.15	0	.4678818	.2213543	.310764	0
1042.15	0	.4673583	.2216208	.3110209	0
1041.15	0	.4668373	.2218855	.3112772	0
1040.15	0	.4663187	.2221484	.3115329	0
1039.15	0	.4658026	.2224094	.3117881	0
1038.15	0	.4652888	.2226686	.3120426	0
1037.15	0	.4647775	.222926	.3122965	0
1036.15	0	.4642686	.2231816	.3125498	0
1035.15	0	.4637621	.2234354	.3128025	0
1034.15	0	.463258	.2236874	.3130546	0
1033.15	0	.4627564	.2239375	.3133061	0
1032.15	0	.4622572	.2241859	.313557	0
1031.15	0	.4617603	.2244324	.3138073	0
1030.15	0	.4612659	.2246771	.314057	0
1029.15	0	.4607739	.22492	.3143061	0
1028.15	0	.4602843	.2251611	.3145546	0
1027.15	0	.4597971	.2254004	.3148025	0
1026.15	0	.4593123	.2256379	.3150498	0
1025.15	0	.4588299	.2258736	.3152965	0
1024.15	0	.4583499	.2261075	.3155425	0
1023.15	0	.4578723	.2263396	.315788	0
1022.15	0	.4573971	.2265699	.3160329	0
1021.15	0	.4569243	.2267984	.3162772	0
1020.15	0	.4564539	.2270251	.3165209	0
1019.15	0	.4559859	.2272501	.316764	0
1018.15	0	.4555203	.2274732	.3170065	0
1017.15	0	.4550571	.2276945	.3172484	0
1016.15	0	.4545962	.2279141	.3174897	0
1015.15	0	.4541378	.2281318	.3177304	0
1014.15	0	.4536817	.2283478	.3179705	0
1013.15	0	.453228	.228562	.31821	0
1012.15	0	.4527767	.2287744	.3184489	0
1011.15	0	.4523277	.228985	.3186872	0
1010.15	0	.4518812	.2291939	.3189249	0
1009.15	0	.451437	.229401	.319162	0
1008.15	0	.4509952	.2296063	.3193985	0
1007.15	0	.4505558	.2298098	.3196344	0
1006.15	0	.4501187	.2300116	.3198697	0
1005.15	0	.449684	.2302116	.3201044	0
1004.15	0	.4492517	.2304099	.3203385	0
1003.15	0	.4488217	.2306063	.320572	0
1002.15	0	.4483941	.2308011	.3208049	0
1001.15	0	.4479688	.230994	.3210372	0
1000.15	0	.4475459	.2311853	.3212688	0
999.15	0	.4471254	.2313747	.3214999	0
998.15	0	.4467072	.2315624	.3217304	0
997.15	0	.4462913	.2317484	.3219603	0
996.15	0	.4458779	.2319326	.3221895	0
995.15	0	.4454667	.2321151	.3224182	0
994.15	0	.4450579	.2322959	.3226462	0
993.15	0	.4446515	.2324749	.3228737	0
992.15	0	.4442473	.2326522	.3231005	0
991.15	0	.4438455	.2328278	.3233267	0
990.15	0	.4434461	.2330016	.3235523	0
989.15	0	.443049	.2331737	.3237773	0
988.15	0	.4426542	.2333441	.3240017	0
987.15	0	.4422617	.2335128	.3242255	0
986.15	0	.4418716	.2336798	.3244486	0
985.15	0	.4414837	.2338451	.3246712	0
984.15	0	.4410982	.2340087	.3248931	0
983.15	0	.440715	.2341706	.3251144	0
982.15	0	.4403341	.2343308	.3253351	0
981.15	0	.4399556	.2344893	.3255552	0
980.15	0	.4395793	.2346461	.3257746	0
979.15	0	.4392053	.2348012	.3259934	0
978.15	0	.4388337	.2349547	.3262117	0
977.15	0	.4384643	.2351065	.3264292	0
976.15	0	.4380972	.2352566	.3266462	0
975.15	0	.4377324	.2354051	.3268625	0
974.15	0	.4373699	.2355519	.3270782	0
973.15	0	.4370096	.2356971	.3272933	0
972.15	0	.4366517	.2358406	.3275078	0
971.15	0	.436296	.2359825	.3277216	0
970.15	0	.4359426	.2361227	.3279347	0
969.15	0	.4355914	.2362613	.3281473	0
968.15	0	.4352425	.2363983	.3283592	0
967.15	0	.4348959	.2365337	.3285705	0
966.15	0	.4345515	.2366675	.3287811	0
965.15	0	.4342093	.2367996	.3289911	0
964.15	0	.4338694	.2369302	.3292004	0
963.15	0	.4335317	.2370592	.3294091	0
962.15	0	.4331963	.2371866	.3296171	0
961.15	0	.4328631	.2373124	.3298245	0
960.15	0	.4325321	.2374366	.3300313	0
959.15	0	.4322033	.2375593	.3302374	0
958.15	0	.4318768	.2376804	.3304428	0
957.15	0	.4315524	.2378	.3306476	0
956.15	0	.4312303	.237918	.3308517	0
955.15	0	.4309103	.2380346	.3310551	0
954.15	0	.4305925	.2381495	.3312579	0
953.15	0	.4302769	.238263	.3314601	0
952.15	0	.4299635	.238375	.3316615	0
951.15	0	.4296523	.2384854	.3318623	0
950.15	0	.4293432	.2385944	.3320624	0
949.15	0	.4290363	.2387019	.3322618	0
948.15	0	.4287315	.2388079	.3324606	0
947.15	0	.4284289	.2389125	.3326586	0
946.15	0	.4281284	.2390156	.332856	0
945.15	0	.42783	.2391173	.3330527	0
944.15	0	.4275338	.2392175	.3332487	0
943.15	0	.4272396	.2393164	.333444	0
942.15	0	.4269476	.2394138	.3336386	0
941.15	0	.4266577	.2395098	.3338325	0
940.15	0	.4263698	.2396044	.3340258	0
939.15	0	.4260841	.2396977	.3342183	0
938.15	0	.4258004	.2397896	.3344101	0
937.15	0	.4255188	.2398801	.3346011	0
936.15	0	.4252392	.2399693	.3347915	0
935.15	0	.4249617	.2400572	.3349812	0
934.15	0	.4246862	.2401437	.3351701	0
933.15	0	.4244127	.240229	.3353583	0
932.15	0	.4241413	.240313	.3355458	0
931.15	0	.4238718	.2403957	.3357325	0
930.15	0	.4236044	.2404771	.3359185	0
929.15	0	.4233389	.2405573	.3361038	0
928.15	0	.4230754	.2406363	.3362883	0
927.15	0	.4228139	.240714	.3364721	0
926.15	0	.4225543	.2407906	.3366551	0
925.15	0	.4222967	.240866	.3368373	0
924.15	0	.422041	.2409402	.3370188	0
923.15	0	.4217872	.2410132	.3371996	0
922.15	0	.4215353	.2410851	.3373795	0
921.15	0	.4212853	.2411559	.3375587	0
920.15	0	.4210372	.2412256	.3377372	0
919.15	0	.420791	.2412943	.3379148	0
918.15	0	.4205466	.2413618	.3380916	0
917.15	0	.420304	.2414283	.3382677	0
916.15	0	.4200633	.2414938	.3384429	0
915.15	0	.4198243	.2415583	.3386174	0
914.15	0	.4195872	.2416218	.338791	0
913.15	0	.4193518	.2416843	.3389638	0
912.15	0	.4191182	.2417459	.3391358	0
911.15	0	.4188864	.2418066	.339307	0
910.15	0	.4186563	.2418663	.3394774	0
909.15	0	.4184279	.2419252	.3396469	0
908.15	0	.4182012	.2419833	.3398156	0
907.15	0	.4179761	.2420404	.3399834	0
906.15	0	.4177528	.2420968	.3401504	0
905.15	0	.4175311	.2421524	.3403165	0
904.15	0	.417311	.2422072	.3404818	0
903.15	0	.4170925	.2422613	.3406462	0
902.15	0	.4168756	.2423147	.3408097	0
901.15	0	.4166603	.2423674	.3409723	0
900.15	0	.4164465	.2424194	.3411341	0
899.15	0	.4162343	.2424708	.3412949	0
898.15	0	.4160235	.2425217	.3414548	0
897.15	0	.4158143	.2425719	.3416139	0
896.15	0	.4156065	.2426216	.341772	0
895.15	0	.4154001	.2426707	.3419292	0
894.15	0	.4151952	.2427194	.3420854	0
893.15	0	.4149917	.2427676	.3422407	0
892.15	0	.4147895	.2428154	.3423951	0
891.15	0	.4145887	.2428629	.3425485	0
890.15	0	.4143892	.2429099	.3427009	0
889.15	0	.414191	.2429566	.3428524	0
888.15	0	.4139941	.2430031	.3430028	0
887.15	0	.4137984	.2430493	.3431523	0
886.15	0	.4136039	.2430953	.3433008	0
885.15	0	.4134106	.2431411	.3434483	0
884.15	0	.4132185	.2431867	.3435948	0
883.15	0	.4130276	.2432322	.3437402	0
882.15	0	.4128377	.2432777	.3438846	0
881.15	0	.4126489	.2433232	.344028	0
880.15	0	.4124611	.2433686	.3441703	0
879.15	0	.4122744	.2434141	.3443115	0
878.15	0	.4120886	.2434598	.3444516	0
877.15	0	.4119038	.2435055	.3445907	0
876.15	0	.4117198	.2435515	.3447287	0
875.15	0	.4115368	.2435977	.3448655	0
874.15	0	.4113546	.2436442	.3450013	0
873.15	0	.4111732	.243691	.3451358	0
872.15	0	.4109926	.2437381	.3452693	0
871.15	0	.4108127	.2437857	.3454016	0
870.15	0	.4106335	.2438338	.3455327	0
869.15	0	.4104549	.2438824	.3456626	0
868.15	0	.410277	.2439316	.3457914	0
867.15	0	.4100996	.2439815	.3459189	0
866.15	0	.4099228	.244032	.3460452	0
865.15	0	.4097464	.2440833	.3461702	0
864.15	0	.4095705	.2441355	.346294	0
863.15	0	.409395	.2441885	.3464166	0
862.15	0	.4092198	.2442424	.3465378	0
861.15	0	.4090449	.2442973	.3466577	0
860.15	0	.4088703	.2443534	.3467763	0
859.15	0	.4086959	.2444105	.3468936	0
858.15	0	.4085216	.2444689	.3470095	0
857.15	0	.4083474	.2445285	.3471241	0
856.15	0	.4081733	.2445895	.3472372	0
855.15	0	.4079991	.2446519	.347349	0
854.15	0	.4078248	.2447159	.3474593	0
853.15	0	.4076505	.2447814	.3475682	0
852.15	0	.4074759	.2448486	.3476755	0
851.15	0	.407301	.2449175	.3477814	0
850.15	0	.4071259	.2449883	.3478858	0
849.15	0	.4069503	.245061	.3479886	0
848.15	0	.4067743	.2451358	.3480899	0
847.15	0	.4065977	.2452127	.3481896	0
846.15	0	.4064206	.2452918	.3482876	0
845.15	0	.4062428	.2453732	.348384	0
844.15	0	.4060641	.2454571	.3484788	0
843.15	0	.4058847	.2455435	.3485718	0
842.15	0	.4057043	.2456326	.3486631	0
841.15	0	.4055229	.2457244	.3487526	0
840.15	0	.4053404	.2458192	.3488404	0
839.15	0	.4051567	.245917	.3489263	0
838.15	0	.4049717	.2460179	.3490103	0
837.15	0	.4047853	.2461222	.3490925	0
836.15	0	.4045974	.2462299	.3491727	0
835.15	0	.4044079	.2463413	.3492509	0
834.15	0	.4042166	.2464564	.349327	0
833.15	0	.4040235	.2465754	.3494012	0
832.15	0	.4038284	.2466985	.3494731	0
831.15	0	.4036312	.2468259	.349543	0
830.15	0	.4034317	.2469577	.3496105	0
829.15	0	.4032299	.2470943	.3496759	0
828.15	0	.4030255	.2472357	.3497388	0
827.15	0	.4028183	.2473822	.3497994	0
826.15	0	.4026084	.2475341	.3498576	0
825.15	0	.4023953	.2476915	.3499132	0
824.15	0	.402179	.2478548	.3499662	0
823.15	0	.4019592	.2480242	.3500165	0
822.15	0	.4017359	.2482001	.3500641	0
821.15	0	.4015086	.2483826	.3501088	0
820.15	0	.4012772	.2485722	.3501506	0
819.15	0	.4010414	.2487693	.3501894	0
818.15	0	.4008009	.2489741	.350225	0
817.15	0	.4005555	.2491871	.3502574	0
816.15	0	.4003048	.2494088	.3502864	0
815.15	0	.4000485	.2496395	.3503119	0
814.15	0	.3997863	.2498799	.3503338	0
813.15	0	.3995176	.2501305	.3503519	0
812.15	0	.3992422	.2503919	.350366	0
811.15	0	.3989594	.2506646	.3503759	0
810.15	0	.3986689	.2509496	.3503816	0
809.15	0	.39837	.2512474	.3503826	0
808.15	0	.3980621	.251559	.3503789	0
807.15	0	.3977445	.2518854	.3503701	0
806.15	0	.3974165	.2522276	.3503559	0
805.15	0	.3970772	.2525867	.3503361	0
804.15	0	.3967256	.2529641	.3503103	0
803.15	0	.3963607	.2533613	.350278	0
802.15	0	.3959813	.25378	.3502388	0
801.15	0	.3955858	.254222	.3501921	0
800.15	0	.3951728	.2546897	.3501375	0
799.15	0	.3947404	.2551855	.3500741	0
798.15	0	.3942863	.2557125	.3500012	0
797.15	0	.3932524	.2570101	.3497375	0
796.15	0	.3922059	.25833	.3494641	0
795.15	0	.3912778	.2594985	.3492237	0
794.15	0	.3904455	.260545	.3490095	0
793.15	0	.3896928	.2614906	.3488166	0
792.15	0	.3890075	.262351	.3486415	0
791.15	0	.3883802	.2631384	.3484814	0
790.15	0	.3878034	.2638624	.3483342	0
789.15	0	.387271	.2645309	.3481981	0
788.15	0	.386778	.2651501	.3480719	0
787.15	0	.3863227	.2657237	.3479536	0
786.15	0	.3858965	.2662598	.3478437	0
785.15	0	.385499	.2667604	.3477406	0
784.15	0	.3851277	.2672287	.3476437	0
783.15	0	.3847802	.2676676	.3475523	0
782.15	0	.3844545	.2680796	.3474659	0
781.15	0	.3841489	.268467	.3473841	0
780.15	0	.3838619	.2688316	.3473065	0
779.15	0	.3835921	.2691752	.3472327	0
778.15	0	.3833381	.2694994	.3471624	0
777.15	0	.383099	.2698056	.3470954	0
776.15	0	.3828736	.2700951	.3470314	0
775.15	0	.382661	.2703689	.3469701	0
774.15	0	.3824604	.2706282	.3469114	0
773.15	0	.3822711	.2708738	.3468551	0
772.15	0	.3820923	.2711067	.346801	0
771.15	0	.3819233	.2713277	.346749	0
770.15	0	.3817637	.2715374	.3466989	0
769.15	0	.3816128	.2717366	.3466506	0
768.15	0	.3814701	.2719259	.346604	0
767.15	0	.3813351	.2721059	.346559	0
766.15	0	.3812075	.2722771	.3465154	0
765.15	0	.3810868	.2724399	.3464733	0
764.15	0	.3809726	.272595	.3464324	0
763.15	0	.3808646	.2727426	.3463928	0
762.15	0	.3807624	.2728833	.3463544	0
761.15	0	.3806657	.2730173	.346317	0
760.15	0	.3805743	.2731451	.3462806	0
759.15	0	.3804879	.2732669	.3462453	0
758.15	0	.3804061	.2733831	.3462108	0
757.15	0	.3803289	.2734939	.3461772	0
756.15	0	.3802559	.2735997	.3461444	0
755.15	0	.3801869	.2737007	.3461124	0
754.15	0	.3801217	.2737972	.3460811	0
753.15	0	.3800602	.2738893	.3460505	0
752.15	0	.3800021	.2739773	.3460206	0
751.15	0	.3799474	.2740614	.3459913	0
750.15	0	.3798957	.2741418	.3459625	0
749.15	0	.379847	.2742187	.3459343	0
748.15	0	.3798012	.2742922	.3459067	0
747.15	0	.3797581	.2743625	.3458795	0
746.15	0	.3797175	.2744297	.3458528	0
745.15	0	.3796793	.2744941	.3458266	0
744.15	0	.3796435	.2745557	.3458007	0
743.15	0	.3796099	.2746148	.3457753	0
742.15	0	.3795784	.2746713	.3457503	0
741.15	0	.3795489	.2747254	.3457256	0
740.15	0	.3795214	.2747774	.3457013	0
739.15	0	.3794956	.2748271	.3456773	0
738.15	0	.3794716	.2748748	.3456536	0
737.15	0	.3794493	.2749206	.3456301	0
736.15	0	.3794285	.2749645	.345607	0
735.15	0	.3794092	.2750067	.3455841	0
734.15	0	.3793913	.2750472	.3455615	0
733.15	0	.3793748	.2750861	.3455391	0
732.15	0	.3793596	.2751235	.3455169	0
731.15	0	.3793456	.2751594	.345495	0
730.15	0	.3793328	.275194	.3454732	0
729.15	0	.3793211	.2752273	.3454516	0
728.15	0	.3793104	.2752593	.3454303	0
727.15	0	.3793008	.2752902	.345409	0
726.15	0	.3792921	.2753199	.345388	0
725.15	0	.3792843	.2753486	.3453671	0
724.15	0	.3792774	.2753763	.3453463	0
723.15	0	.3792713	.275403	.3453256	0
722.15	0	.379266	.2754289	.3453051	0
721.15	0	.3792615	.2754538	.3452847	0
720.15	0	.3792576	.275478	.3452644	0
719.15	0	.3792544	.2755014	.3452442	0
718.15	0	.3792518	.2755241	.3452241	0
717.15	0	.3792498	.2755461	.3452041	0
716.15	0	.3792484	.2755674	.3451842	0
715.15	0	.3792475	.2755881	.3451644	0
714.15	0	.3792471	.2756083	.3451446	0
713.15	0	.3792472	.2756279	.3451249	0
712.15	0	.3792477	.275647	.3451053	0
711.15	0	.3792487	.2756656	.3450857	0
710.15	0	.37925	.2756838	.3450662	0
709.15	0	.3792517	.2757016	.3450467	0
708.15	0	.3792538	.2757189	.3450273	0
707.15	0	.3792562	.2757359	.3450079	0
706.15	0	.3792589	.2757526	.3449886	0
705.15	0	.3792618	.2757689	.3449692	0
704.15	0	.3792651	.275785	.3449499	0
703.15	0	.3792686	.2758007	.3449307	0
702.15	0	.3792723	.2758163	.3449114	0
701.15	0	.3792762	.2758316	.3448922	0
700.15	0	.3792803	.2758467	.344873	0
699.15	0	.3792846	.2758615	.3448538	0
698.15	0	.3792891	.2758762	.3448347	0
697.15	0	.3792937	.2758908	.3448155	0
696.15	0	.3792985	.2759052	.3447963	0
695.15	0	.3793033	.2759195	.3447772	0
694.15	0	.3793083	.2759337	.344758	0
693.15	0	.3793134	.2759478	.3447388	0
692.15	0	.3793186	.2759618	.3447197	0
691.15	0	.3793238	.2759757	.3447005	0
690.15	0	.3793291	.2759896	.3446813	0
689.15	0	.3793344	.2760035	.3446621	0
688.15	0	.3793398	.2760173	.3446429	0
687.15	0	.3793452	.2760311	.3446237	0
686.15	0	.3793507	.2760449	.3446045	0
685.15	0	.3793561	.2760586	.3445852	0
684.15	0	.3793616	.2760724	.344566	0
683.15	0	.379367	.2760863	.3445467	0
682.15	0	.3793725	.2761001	.3445274	0
681.15	0	.3793779	.276114	.3445081	0
680.15	0	.3793833	.276128	.3444887	0
679.15	0	.3793887	.276142	.3444694	0
678.15	0	.379394	.276156	.34445	0
677.15	0	.3793993	.2761702	.3444306	0
676.15	0	.3794045	.2761844	.3444111	0
675.15	0	.3794097	.2761987	.3443916	0
674.15	0	.3794148	.2762131	.3443721	0
673.15	0	.3794199	.2762276	.3443526	0
672.15	0	.3794248	.2762422	.344333	0
671.15	0	.3794297	.2762569	.3443134	0
670.15	0	.3794345	.2762717	.3442938	0
669.15	0	.3794393	.2762866	.3442741	0
668.15	0	.3794439	.2763017	.3442544	0
667.15	0	.3794484	.2763169	.3442347	0
666.15	0	.3794529	.2763322	.3442149	0
665.15	0	.3794572	.2763477	.3441951	0
664.15	0	.3794614	.2763633	.3441753	0
663.15	0	.3794655	.2763791	.3441554	0
662.15	0	.3794696	.276395	.3441355	0
661.15	0	.3794734	.276411	.3441155	0
660.15	0	.3794772	.2764273	.3440955	0
659.15	0	.3794809	.2764436	.3440755	0
658.15	0	.3794844	.2764602	.3440554	0
657.15	0	.3794878	.2764769	.3440353	0
656.15	0	.3794911	.2764938	.3440152	0
655.15	0	.3794942	.2765108	.343995	0
654.15	0	.3794972	.276528	.3439748	0
653.15	0	.3795001	.2765454	.3439545	0
652.15	0	.3795028	.276563	.3439342	0
651.15	0	.3795054	.2765808	.3439138	0
650.15	0	.3795079	.2765987	.3438934	0
649.15	0	.3795102	.2766168	.343873	0
648.15	0	.3795123	.2766351	.3438525	0
647.15	0	.3795144	.2766536	.343832	0
646.15	0	.3795163	.2766723	.3438114	0
645.15	0	.379518	.2766912	.3437908	0
644.15	0	.3795196	.2767102	.3437702	0
643.15	0	.379521	.2767295	.3437495	0
642.15	0	.3795223	.2767489	.3437288	0
641.15	0	.3795234	.2767685	.343708	0
640.15	0	.3795244	.2767884	.3436872	0
639.15	0	.3795252	.2768084	.3436664	0
638.15	0	.3795259	.2768286	.3436455	0
637.15	0	.3795264	.276849	.3436246	0
636.15	0	.3795268	.2768696	.3436036	0
635.15	0	.379527	.2768904	.3435826	0
634.15	0	.3795271	.2769114	.3435615	0
633.15	0	.379527	.2769326	.3435404	0
632.15	0	.3795267	.276954	.3435193	0
631.15	0	.3795263	.2769756	.3434981	0
630.15	0	.3795257	.2769974	.3434769	0
629.15	0	.379525	.2770194	.3434556	0
628.15	0	.3795241	.2770416	.3434343	0
627.15	0	.3795231	.277064	.343413	0
626.15	0	.3795219	.2770865	.3433916	0
625.15	0	.3795205	.2771093	.3433702	0
624.15	0	.379519	.2771323	.3433487	0
623.15	0	.3795173	.2771555	.3433272	0
622.15	0	.3795155	.2771788	.3433057	0
621.15	0	.3795135	.2772024	.3432841	0
620.15	0	.3795114	.2772261	.3432625	0
619.15	0	.3795091	.2772501	.3432408	0
618.15	0	.3795066	.2772742	.3432191	0
617.15	0	.379504	.2772986	.3431974	0
616.15	0	.3795012	.2773231	.3431757	0
615.15	0	.3794983	.2773478	.3431538	0
614.15	0	.3794952	.2773728	.343132	0
613.15	0	.379492	.2773979	.3431101	0
612.15	0	.3794886	.2774232	.3430882	0
611.15	0	.3794851	.2774487	.3430663	0
610.15	0	.3794814	.2774743	.3430443	0
609.15	0	.3794775	.2775002	.3430223	0
608.15	0	.3794735	.2775263	.3430002	0
607.15	0	.3794694	.2775525	.3429781	0
606.15	0	.3794651	.2775789	.342956	0
605.15	0	.3794606	.2776055	.3429338	0
604.15	0	.379456	.2776323	.3429116	0
603.15	0	.3794513	.2776593	.3428894	0
602.15	0	.3794464	.2776864	.3428672	0
601.15	0	.3794413	.2777138	.3428449	0
600.15	0	.3794361	.2777413	.3428226	0
599.15	0	.3794308	.277769	.3428002	0
598.15	0	.3794253	.2777969	.3427778	0
597.15	0	.3794197	.2778249	.3427554	0
596.15	0	.3794139	.2778532	.342733	0
595.15	0	.379408	.2778815	.3427105	0
594.15	0	.3794019	.2779101	.342688	0
593.15	0	.3793957	.2779389	.3426654	0
592.15	0	.3793893	.2779678	.3426429	0
591.15	0	.3793828	.2779969	.3426203	0
590.15	0	.3793762	.2780261	.3425977	0
589.15	0	.3793694	.2780555	.342575	0
588.15	0	.3793625	.2780851	.3425524	0
587.15	0	.3793555	.2781149	.3425297	0
586.15	0	.3793483	.2781448	.3425069	0
585.15	0	.379341	.2781749	.3424842	0
584.15	0	.3793335	.2782051	.3424614	0
583.15	0	.3793259	.2782355	.3424386	0
582.15	0	.3793182	.2782661	.3424158	0
581.15	0	.3793103	.2782968	.3423929	0
580.15	0	.3793023	.2783276	.34237	0
579.15	0	.3792942	.2783587	.3423472	0
578.15	0	.3792859	.2783898	.3423242	0
577.15	0	.3792775	.2784212	.3423013	0
576.15	0	.379269	.2784527	.3422783	0
575.15	0	.3792604	.2784843	.3422554	0
574.15	0	.3792516	.2785161	.3422324	0
573.15	0	.3792427	.278548	.3422093	0
572.15	0	.3792337	.27858	.3421863	0
571.15	0	.3792245	.2786122	.3421632	0
570.15	0	.3792153	.2786446	.3421401	0
569.15	0	.3792059	.2786771	.342117	0
568.15	0	.3791964	.2787097	.3420939	0
567.15	0	.3791867	.2787425	.3420708	0
566.15	0	.379177	.2787754	.3420476	0
565.15	0	.3791671	.2788084	.3420245	0
564.15	0	.3791571	.2788416	.3420013	0
563.15	0	.379147	.2788749	.3419781	0
562.15	0	.3791368	.2789084	.3419549	0
561.15	0	.3791264	.2789419	.3419317	0
560.15	0	.3791159	.2789756	.3419084	0
559.15	0	.3791054	.2790095	.3418852	0
558.15	0	.3790947	.2790434	.3418619	0
557.15	0	.3790839	.2790775	.3418386	0
556.15	0	.379073	.2791117	.3418153	0
555.15	0	.379062	.279146	.341792	0
554.15	0	.3790508	.2791804	.3417687	0
553.15	0	.3790396	.279215	.3417454	0
552.15	0	.3790283	.2792497	.3417221	0
551.15	0	.3790168	.2792845	.3416987	0
550.15	0	.3790053	.2793194	.3416754	0
549.15	0	.3789936	.2793544	.341652	0
548.15	0	.3789818	.2793895	.3416287	0
547.15	0	.37897	.2794247	.3416053	0
546.15	0	.378958	.2794601	.3415819	0
545.15	0	.3789459	.2794955	.3415585	0
544.15	0	.3789338	.2795311	.3415351	0
543.15	0	.3789215	.2795668	.3415118	0
542.15	0	.3789091	.2796025	.3414884	0
541.15	0	.3788967	.2796384	.3414649	0
540.15	0	.3788841	.2796743	.3414416	0
539.15	0	.3788715	.2797104	.3414181	0
538.15	0	.3788587	.2797466	.3413947	0
537.15	0	.3788459	.2797828	.3413713	0
536.15	0	.3788329	.2798192	.3413479	0
535.15	0	.3788199	.2798556	.3413245	0
534.15	0	.3788068	.2798922	.3413011	0
533.15	0	.3787936	.2799288	.3412777	0
532.15	0	.3787803	.2799655	.3412542	0
531.15	0	.3787669	.2800023	.3412308	0
530.15	0	.3787534	.2800392	.3412074	0
529.15	0	.3787399	.2800761	.341184	0
528.15	0	.3787262	.2801132	.3411606	0
527.15	0	.3787125	.2801503	.3411372	0
526.15	0	.3786987	.2801875	.3411138	0
525.15	0	.3786848	.2802248	.3410904	0
524.15	0	.3786709	.2802622	.3410669	0
523.15	0	.3786569	.2802996	.3410435	0
522.15	0	.3786427	.2803371	.3410202	0
521.15	0	.3786285	.2803747	.3409968	0
520.15	0	.3786142	.2804124	.3409734	0
519.15	0	.3785998	.2804501	.3409501	0
518.15	0	.3785854	.2804879	.3409267	0
517.15	0	.3785708	.2805258	.3409034	0
516.15	0	.3785562	.2805637	.34088	0
515.15	0	.3785416	.2806017	.3408567	0
514.15	0	.3785268	.2806398	.3408334	0
513.15	0	.378512	.2806779	.3408101	0
512.15	0	.3784971	.2807161	.3407868	0
511.15	0	.3784821	.2807543	.3407636	0
510.15	0	.3784671	.2807926	.3407403	0
509.15	0	.378452	.280831	.3407171	0
508.15	0	.3784368	.2808694	.3406938	0
507.15	0	.3784215	.2809079	.3406706	0
506.15	0	.3784062	.2809464	.3406474	0
505.15	0	.3783908	.280985	.3406242	0
504.15	0	.3783754	.2810236	.340601	0
503.15	0	.3783599	.2810623	.3405779	0
502.15	0	.3783443	.281101	.3405547	0
501.15	0	.3783287	.2811397	.3405316	0
500.15	0	.378313	.2811785	.3405085	0
499.15	0	.3782972	.2812174	.3404854	0
498.15	0	.3782814	.2812563	.3404623	0
497.15	0	.3782655	.2812952	.3404393	0
496.15	0	.3782496	.2813342	.3404163	0
495.15	0	.3782336	.2813732	.3403932	0
494.15	0	.3782175	.2814122	.3403703	0
493.15	0	.3782014	.2814513	.3403473	0
492.15	0	.3781853	.2814904	.3403243	0
491.15	0	.378169	.2815296	.3403014	0
490.15	0	.3781528	.2815687	.3402785	0
489.15	0	.3781364	.2816079	.3402556	0
488.15	0	.37812	.2816472	.3402328	0
487.15	0	.3781036	.2816864	.34021	0
486.15	0	.3780871	.2817257	.3401871	0
485.15	0	.3780706	.281765	.3401644	0
484.15	0	.378054	.2818044	.3401416	0
483.15	0	.3780374	.2818437	.3401189	0
482.15	0	.3780207	.2818831	.3400962	0
481.15	0	.3780039	.2819225	.3400735	0
480.15	0	.3779872	.2819619	.3400509	0
479.15	0	.3779703	.2820014	.3400283	0
478.15	0	.3779535	.2820408	.3400057	0
477.15	0	.3779366	.2820803	.3399832	0
476.15	0	.3779196	.2821198	.3399606	0
475.15	0	.3779026	.2821593	.3399381	0
474.15	0	.3778856	.2821988	.3399157	0
473.15	0	.3778685	.2822383	.3398932	0
472.15	0	.3778513	.2822778	.3398708	0
471.15	0	.3778342	.2823174	.3398485	0
470.15	0	.377817	.2823569	.3398261	0
469.15	0	.3777997	.2823964	.3398039	0
468.15	0	.3777824	.282436	.3397816	0
467.15	0	.3777651	.2824755	.3397594	0
466.15	0	.3777477	.2825151	.3397372	0
465.15	0	.3777304	.2825546	.339715	0
464.15	0	.3777129	.2825942	.3396929	0
463.15	0	.3776955	.2826337	.3396708	0
462.15	0	.377678	.2826733	.3396488	0
461.15	0	.3776604	.2827128	.3396268	0
460.15	0	.3776429	.2827524	.3396048	0
459.15	0	.3776253	.2827919	.3395828	0
458.15	0	.3776076	.2828314	.339561	0
457.15	0	.37759	.2828709	.3395391	0
456.15	0	.3775723	.2829104	.3395173	0
455.15	0	.3775546	.2829499	.3394955	0
454.15	0	.3775368	.2829894	.3394738	0
453.15	0	.377519	.2830289	.3394521	0
452.15	0	.3775012	.2830683	.3394305	0
451.15	0	.3774834	.2831078	.3394088	0
450.15	0	.3774655	.2831472	.3393873	0
449.15	0	.3774477	.2831866	.3393658	0
448.15	0	.3774298	.2832259	.3393443	0
447.15	0	.3774119	.2832652	.3393229	0
446.15	0	.377394	.2833045	.3393015	0
445.15	0	.377376	.2833438	.3392802	0
444.15	0	.3773581	.283383	.339259	0
443.15	0	.3773401	.2834221	.3392377	0
442.15	0	.3773222	.2834612	.3392166	0
441.15	0	.3773042	.2835003	.3391955	0
440.15	0	.3772863	.2835393	.3391744	0
439.15	0	.3772683	.2835783	.3391534	0
