T	 BPW(LIQUID)	BPW(BCC_A2)	BPW(FCC_A1)	BPW(LAVES_PHASE_C14)	BPW(NI3TI)
1473.15	.01532861	.9242721	0	.06039931	0
1472.15	.0107048	.9271685	0	.06212666	0
1471.15	.006168831	.9300034	0	.06382774	0
1470.15	.001718268	.9327784	0	.06550331	0
1469.759	0	.933848	0	.06615199	0
1469.759	0	.933848	0	.06615199	0
1469.15	0	.9334029	0	.06659715	0
1468.15	0	.9326732	0	.0673268	0
1467.15	0	.9319455	0	.06805454	0
1466.15	0	.9312196	0	.06878039	0
1465.15	0	.9304957	0	.06950434	0
1464.15	0	.9297736	0	.0702264	0
1463.15	0	.9290534	0	.07094658	0
1462.15	0	.9283351	0	.0716649	0
1461.15	0	.9276187	0	.07238134	0
1460.15	0	.9269041	0	.07309592	0
1459.15	0	.9261913	0	.07380866	0
1458.15	0	.9254805	0	.07451954	0
1457.15	0	.9247714	0	.07522859	0
1456.15	0	.9240642	0	.0759358	0
1455.15	0	.9233588	0	.07664119	0
1454.15	0	.9226552	0	.07734476	0
1453.15	0	.9219535	0	.07804651	0
1452.15	0	.9212535	0	.07874646	0
1451.15	0	.9205554	0	.07944461	0
1450.15	0	.919859	0	.08014096	0
1449.15	0	.9191645	0	.08083553	0
1448.15	0	.9184717	0	.08152832	0
1447.15	0	.9177807	0	.08221933	0
1446.15	0	.9170914	0	.08290857	0
1445.15	0	.9164039	0	.08359605	0
1444.15	0	.9157182	0	.08428178	0
1443.15	0	.9150343	0	.08496575	0
1442.15	0	.914352	0	.08564798	0
1441.15	0	.9136715	0	.08632848	0
1440.15	0	.9129928	0	.08700724	0
1439.15	0	.9123157	0	.08768428	0
1438.15	0	.9116404	0	.0883596	0
1437.15	0	.9109668	0	.0890332	0
1436.15	0	.9102949	0	.0897051	0
1435.15	0	.9096247	0	.0903753	0
1434.15	0	.9089562	0	.0910438	0
1433.15	0	.9082894	0	.09171061	0
1432.15	0	.9076243	0	.09237574	0
1431.15	0	.9069608	0	.09303919	0
1430.15	0	.906299	0	.09370097	0
1429.15	0	.9056389	0	.09436109	0
1428.15	0	.9049805	0	.09501954	0
1427.15	0	.9043237	0	.09567634	0
1426.15	0	.9036685	0	.09633149	0
1425.15	0	.903015	0	.096985	0
1424.15	0	.9023631	0	.09763687	0
1423.15	0	.9017129	0	.0982871	0
1422.15	0	.9010643	0	.09893572	0
1421.15	0	.9004173	0	.09958271	0
1420.15	0	.8997719	0	.1002281	0
1419.15	0	.8991282	0	.1008719	0
1418.15	0	.898486	0	.101514	0
1417.15	0	.8978454	0	.1021546	0
1416.15	0	.8972065	0	.1027935	0
1415.15	0	.8965691	0	.1034309	0
1414.15	0	.8959333	0	.1040667	0
1413.15	0	.8952991	0	.104701	0
1412.15	0	.8946664	0	.1053336	0
1411.15	0	.8940353	0	.1059647	0
1410.15	0	.8934058	0	.1065942	0
1409.15	0	.8927778	0	.1072222	0
1408.15	0	.8921514	0	.1078486	0
1407.15	0	.8915265	0	.1084735	0
1406.15	0	.8909032	0	.1090968	0
1405.15	0	.8902814	0	.1097186	0
1404.15	0	.8896611	0	.1103389	0
1403.15	0	.8890424	0	.1109576	0
1402.15	0	.8884252	0	.1115748	0
1401.15	0	.8878095	0	.1121905	0
1400.15	0	.8871953	0	.1128047	0
1399.15	0	.8865826	0	.1134174	0
1398.15	0	.8859714	0	.1140286	0
1397.15	0	.8853617	0	.1146383	0
1396.15	0	.8847535	0	.1152465	0
1395.15	0	.8841468	0	.1158532	0
1394.15	0	.8835415	0	.1164585	0
1393.15	0	.8829377	0	.1170622	0
1392.15	0	.8823355	0	.1176646	0
1391.15	0	.8817346	0	.1182654	0
1390.15	0	.8811353	0	.1188648	0
1389.15	0	.8805373	0	.1194627	0
1388.15	0	.8799409	0	.1200591	0
1387.15	0	.8793458	0	.1206542	0
1386.15	0	.8787523	0	.1212477	0
1385.15	0	.8781601	0	.1218399	0
1384.15	0	.8775694	0	.1224306	0
1383.15	0	.8769801	0	.1230199	0
1382.15	0	.8763923	0	.1236077	0
1381.15	0	.8758059	0	.1241942	0
1380.15	0	.8752208	0	.1247792	0
1379.15	0	.8746372	0	.1253628	0
1378.15	0	.874055	0	.125945	0
1377.15	0	.8734742	0	.1265258	0
1376.15	0	.8728948	0	.1271052	0
1375.15	0	.8723168	0	.1276832	0
1374.15	0	.8717401	0	.1282599	0
1373.15	0	.8711649	0	.1288351	0
1372.15	0	.870591	0	.129409	0
1371.15	0	.8700185	0	.1299815	0
1370.15	0	.8694473	0	.1305527	0
1369.15	0	.8688776	0	.1311224	0
1368.15	0	.8683092	0	.1316908	0
1367.15	0	.8677421	0	.1322579	0
1366.15	0	.8671764	0	.1328236	0
1365.15	0	.8666121	0	.1333879	0
1364.15	0	.866049	0	.133951	0
1363.15	0	.8654874	0	.1345126	0
1362.15	0	.8649271	0	.1350729	0
1361.15	0	.864368	0	.135632	0
1360.15	0	.8638104	0	.1361896	0
1359.15	0	.863254	0	.136746	0
1358.15	0	.862699	0	.137301	0
1357.15	0	.8621453	0	.1378547	0
1356.15	0	.8615928	0	.1384072	0
1355.15	0	.8610417	0	.1389583	0
1354.15	0	.8604919	0	.1395081	0
1353.15	0	.8599434	0	.1400566	0
1352.15	0	.8593962	0	.1406038	0
1351.15	0	.8588503	0	.1411497	0
1350.15	0	.8583056	0	.1416944	0
1349.15	0	.8577623	0	.1422377	0
1348.15	0	.8572202	0	.1427798	0
1347.15	0	.8566794	0	.1433206	0
1346.15	0	.8561399	0	.1438601	0
1345.15	0	.8556016	0	.1443984	0
1344.15	0	.8550646	0	.1449354	0
1343.15	0	.8545289	0	.1454711	0
1342.15	0	.8539944	0	.1460056	0
1341.15	0	.8534611	0	.1465389	0
1340.15	0	.8529291	0	.1470709	0
1339.15	0	.8523984	0	.1476016	0
1338.15	0	.8518689	0	.1481311	0
1337.15	0	.8513406	0	.1486594	0
1336.15	0	.8508135	0	.1491865	0
1335.15	0	.8502877	0	.1497123	0
1334.15	0	.8497631	0	.1502369	0
1333.15	0	.8492398	0	.1507602	0
1332.15	0	.8487176	0	.1512824	0
1331.15	0	.8481967	0	.1518033	0
1330.15	0	.8476769	0	.1523231	0
1329.15	0	.8471584	0	.1528416	0
1328.15	0	.8466411	0	.1533589	0
1327.15	0	.846125	0	.153875	0
1326.15	0	.84561	0	.15439	0
1325.15	0	.8450963	0	.1549037	0
1324.15	0	.8445838	0	.1554162	0
1323.15	0	.8440724	0	.1559276	0
1322.15	0	.8435622	0	.1564378	0
1321.15	0	.8430532	0	.1569468	0
1320.15	0	.8425454	0	.1574546	0
1319.15	0	.8420387	0	.1579613	0
1318.15	0	.8415332	0	.1584668	0
1317.15	0	.8410289	0	.1589711	0
1316.15	0	.8405257	0	.1594743	0
1315.15	0	.8400237	0	.1599763	0
1314.15	0	.8395229	0	.1604771	0
1313.15	0	.8390232	0	.1609768	0
1312.15	0	.8385246	0	.1614754	0
1311.15	0	.8380272	0	.1619728	0
1310.15	0	.8375309	0	.1624691	0
1309.15	0	.8370358	0	.1629642	0
1308.15	0	.8365418	0	.1634582	0
1307.15	0	.8360489	0	.1639511	0
1306.15	0	.8355572	0	.1644428	0
1305.15	0	.8350666	0	.1649334	0
1304.15	0	.8345771	0	.1654229	0
1303.15	0	.8340887	0	.1659113	0
1302.15	0	.8336014	0	.1663986	0
1301.15	0	.8331153	0	.1668847	0
1300.15	0	.8326302	0	.1673698	0
1299.15	0	.8321463	0	.1678537	0
1298.15	0	.8316634	0	.1683366	0
1297.15	0	.8311817	0	.1688183	0
1296.15	0	.830701	0	.169299	0
1295.15	0	.8302215	0	.1697785	0
1294.15	0	.829743	0	.170257	0
1293.15	0	.8292656	0	.1707344	0
1292.15	0	.8287893	0	.1712107	0
1291.15	0	.8283141	0	.1716859	0
1290.15	0	.82784	0	.17216	0
1289.15	0	.8273669	0	.1726331	0
1288.15	0	.8268949	0	.1731051	0
1287.15	0	.826424	0	.173576	0
1286.15	0	.8259541	0	.1740459	0
1285.15	0	.8254853	0	.1745147	0
1284.15	0	.8250176	0	.1749824	0
1283.15	0	.8245509	0	.1754491	0
1282.15	0	.8240853	0	.1759147	0
1281.15	0	.8236207	0	.1763793	0
1280.15	0	.8231572	0	.1768428	0
1279.15	0	.8226947	0	.1773053	0
1278.15	0	.8222332	0	.1777668	0
1277.15	0	.8217728	0	.1782272	0
1276.15	0	.8213135	0	.1786865	0
1275.15	0	.8208551	0	.1791449	0
1274.15	0	.8203978	0	.1796022	0
1273.15	0	.8199415	0	.1800585	0
1272.15	0	.8194863	0	.1805137	0
1271.15	0	.819032	0	.180968	0
1270.15	0	.8185788	0	.1814212	0
1269.15	0	.8181266	0	.1818734	0
1268.15	0	.8176754	0	.1823246	0
1267.15	0	.8172252	0	.1827748	0
1266.15	0	.8167761	0	.1832239	0
1265.15	0	.8163279	0	.1836721	0
1264.15	0	.8158808	0	.1841193	0
1263.15	0	.8154346	0	.1845654	0
1262.15	0	.8149894	0	.1850106	0
1261.15	0	.8145452	0	.1854548	0
1260.15	0	.8141021	0	.1858979	0
1259.15	0	.8136599	0	.1863401	0
1258.15	0	.8132187	0	.1867813	0
1257.15	0	.8127785	0	.1872215	0
1256.15	0	.8123392	0	.1876608	0
1255.15	0	.811901	0	.188099	0
1254.15	0	.8114637	0	.1885363	0
1253.15	0	.8110274	0	.1889726	0
1252.15	0	.8105921	0	.189408	0
1251.15	0	.8101577	0	.1898423	0
1250.15	0	.8097243	0	.1902757	0
1249.15	0	.8092918	0	.1907082	0
1248.15	0	.8088604	0	.1911396	0
1247.15	0	.8084298	0	.1915702	0
1246.15	0	.8080003	0	.1919997	0
1245.15	0	.8075717	0	.1924283	0
1244.15	0	.807144	0	.192856	0
1243.15	0	.8067173	0	.1932827	0
1242.15	0	.8062915	0	.1937085	0
1241.15	0	.8058667	0	.1941333	0
1240.15	0	.8054428	0	.1945572	0
1239.15	0	.8050199	0	.1949801	0
1238.15	0	.8045979	0	.1954021	0
1237.15	0	.8041768	0	.1958232	0
1236.15	0	.8037567	0	.1962433	0
1235.15	0	.8033375	0	.1966625	0
1234.15	0	.8029192	0	.1970808	0
1233.15	0	.8025018	0	.1974982	0
1232.15	0	.8020854	0	.1979146	0
1231.15	0	.8016699	0	.1983301	0
1230.15	0	.8012553	0	.1987447	0
1229.15	0	.8008416	0	.1991584	0
1228.15	0	.8004288	0	.1995712	0
1227.15	0	.800017	0	.199983	0
1226.15	0	.799606	0	.200394	0
1225.15	0	.7991959	0	.2008041	0
1224.15	0	.7987868	0	.2012132	0
1223.15	0	.7983786	0	.2016214	0
1222.15	0	.7979712	0	.2020288	0
1221.15	0	.7975648	0	.2024352	0
1220.15	0	.7971592	0	.2028408	0
1219.15	0	.7967546	0	.2032455	0
1218.15	0	.7963508	0	.2036492	0
1217.15	0	.7959479	0	.2040521	0
1216.15	0	.7955459	0	.2044541	0
1215.15	0	.7951448	0	.2048552	0
1214.15	0	.7947446	0	.2052554	0
1213.15	0	.7943452	0	.2056548	0
1212.15	0	.7939467	0	.2060533	0
1211.15	0	.7935491	0	.2064509	0
1210.15	0	.7931524	0	.2068476	0
1209.15	0	.7927566	0	.2072434	0
1208.15	0	.7923616	0	.2076384	0
1207.15	0	.7919675	0	.2080325	0
1206.15	0	.7915742	0	.2084258	0
1205.15	0	.7911818	0	.2088182	0
1204.15	0	.7907903	0	.2092097	0
1203.15	0	.7903996	0	.2096004	0
1202.15	0	.7900098	0	.2099902	0
1201.15	0	.7896208	0	.2103792	0
1200.15	0	.7892327	0	.2107673	0
1199.15	0	.7888454	0	.2111546	0
1198.15	0	.788459	0	.211541	0
1197.15	0	.7880735	0	.2119265	0
1196.15	0	.7876887	0	.2123113	0
1195.15	0	.7873049	0	.2126951	0
1194.15	0	.7869218	0	.2130782	0
1193.15	0	.7865396	0	.2134604	0
1192.15	0	.7861583	0	.2138418	0
1191.15	0	.7857777	0	.2142223	0
1190.15	0	.785398	0	.214602	0
1189.15	0	.7850192	0	.2149809	0
1188.15	0	.7846411	0	.2153589	0
1187.15	0	.7842639	0	.2157361	0
1186.15	0	.7838875	0	.2161125	0
1185.15	0	.7835119	0	.2164881	0
1184.15	0	.7831372	0	.2168628	0
1183.15	0	.7827633	0	.2172367	0
1182.15	0	.7823902	0	.2176099	0
1181.15	0	.7820179	0	.2179821	0
1180.15	0	.7816464	0	.2183536	0
1179.15	0	.7812757	0	.2187243	0
1178.15	0	.7809059	0	.2190942	0
1177.15	0	.7805368	0	.2194632	0
1176.15	0	.7801685	0	.2198315	0
1175.15	0	.7798011	0	.2201989	0
1174.15	0	.7794345	0	.2205655	0
1173.15	0	.7790686	0	.2209314	0
1172.15	0	.7787036	0	.2212964	0
1171.15	0	.7783393	0	.2216607	0
1170.15	0	.7779759	0	.2220241	0
1169.15	0	.7776132	0	.2223868	0
1168.15	0	.7772514	0	.2227486	0
1167.15	0	.7768903	0	.2231097	0
1166.15	0	.77653	0	.22347	0
1165.15	0	.7761705	0	.2238295	0
1164.15	0	.7758118	0	.2241882	0
1163.15	0	.7754539	0	.2245461	0
1162.15	0	.7750967	0	.2249033	0
1161.15	0	.7747403	0	.2252597	0
1160.15	0	.7743847	0	.2256153	0
1159.15	0	.7740299	0	.2259701	0
1158.15	0	.7736759	0	.2263241	0
1157.15	0	.7733226	0	.2266774	0
1156.15	0	.7729701	0	.2270299	0
1155.15	0	.7726184	0	.2273816	0
1154.15	0	.7722674	0	.2277326	0
1153.15	0	.7719172	0	.2280828	0
1152.15	0	.7715678	0	.2284322	0
1151.15	0	.7712191	0	.2287809	0
1150.15	0	.7708712	0	.2291288	0
1149.15	0	.770524	0	.229476	0
1148.15	0	.7701777	0	.2298223	0
1147.15	0	.769832	0	.230168	0
1146.15	0	.7694871	0	.2305129	0
1145.15	0	.769143	0	.230857	0
1144.15	0	.7687996	0	.2312004	0
1143.15	0	.768457	0	.231543	0
1142.15	0	.7681151	0	.2318849	0
1141.15	0	.767774	0	.232226	0
1140.15	0	.7674336	0	.2325664	0
1139.15	0	.767094	0	.232906	0
1138.15	0	.7667551	0	.2332449	0
1137.15	0	.7664169	0	.2335831	0
1136.15	0	.7660795	0	.2339205	0
1135.15	0	.7657428	0	.2342572	0
1134.15	0	.7654069	0	.2345932	0
1133.15	0	.7650716	0	.2349284	0
1132.15	0	.7647372	0	.2352628	0
1131.15	0	.7644034	0	.2355966	0
1130.15	0	.7640704	0	.2359296	0
1129.15	0	.7637381	0	.2362619	0
1128.15	0	.7634065	0	.2365935	0
1127.15	0	.7630757	0	.2369243	0
1126.15	0	.7627456	0	.2372544	0
1125.15	0	.7624162	0	.2375838	0
1124.15	0	.7620875	0	.2379125	0
1123.15	0	.7617596	0	.2382404	0
1122.15	0	.7614323	0	.2385677	0
1121.15	0	.7611058	0	.2388942	0
1120.15	0	.76078	0	.23922	0
1119.15	0	.7604549	0	.2395451	0
1118.15	0	.7601305	0	.2398695	0
1117.15	0	.7598069	0	.2401931	0
1116.15	0	.7594839	0	.2405161	0
1115.15	0	.7591617	0	.2408383	0
1114.15	0	.7588401	0	.2411599	0
1113.15	0	.7585193	0	.2414807	0
1112.15	0	.7581992	0	.2418008	0
1111.15	0	.7578797	0	.2421203	0
1110.15	0	.757561	0	.242439	0
1109.15	0	.757243	0	.242757	0
1108.15	0	.7569257	0	.2430743	0
1107.15	0	.756609	0	.243391	0
1106.15	0	.7562931	0	.2437069	0
1105.15	0	.7559779	0	.2440221	0
1104.15	0	.7556633	0	.2443367	0
1103.15	0	.7553494	0	.2446506	0
1102.15	0	.7550363	0	.2449637	0
1101.15	0	.7547238	0	.2452762	0
1100.15	0	.754412	0	.245588	0
1099.15	0	.7541009	0	.2458991	0
1098.15	0	.7537905	0	.2462095	0
1097.15	0	.7534808	0	.2465192	0
1096.15	0	.7531717	0	.2468283	0
1095.15	0	.7528634	0	.2471367	0
1094.15	0	.7525557	0	.2474443	0
1093.15	0	.7522487	0	.2477514	0
1092.15	0	.7519423	0	.2480577	0
1091.15	0	.7516367	0	.2483633	0
1090.15	0	.7513317	0	.2486683	0
1089.15	0	.7510274	0	.2489726	0
1088.15	0	.7507237	0	.2492763	0
1087.15	0	.7504208	0	.2495792	0
1086.15	0	.7501185	0	.2498815	0
1085.15	0	.7498169	0	.2501831	0
1084.15	0	.7495159	0	.2504841	0
1083.15	0	.7492156	0	.2507844	0
1082.15	0	.748916	0	.251084	0
1081.15	0	.7486171	0	.2513829	0
1080.15	0	.7483188	0	.2516813	0
1079.15	0	.7480211	0	.2519789	0
1078.15	0	.7477242	0	.2522759	0
1077.15	0	.7474278	0	.2525722	0
1076.15	0	.7471322	0	.2528678	0
1075.15	0	.7468372	0	.2531628	0
1074.15	0	.7465428	0	.2534572	0
1073.15	0	.7462492	0	.2537509	0
1072.15	0	.7459561	0	.2540439	0
1071.15	0	.7456637	0	.2543363	0
1070.15	0	.745372	0	.254628	0
1069.15	0	.7450809	0	.2549191	0
1068.15	0	.7447905	0	.2552095	0
1067.15	0	.7445007	0	.2554993	0
1066.15	0	.7442116	0	.2557884	0
1065.15	0	.7439231	0	.2560769	0
1064.15	0	.7436353	0	.2563648	0
1063.15	0	.7433481	0	.256652	0
1062.15	0	.7430615	0	.2569385	0
1061.15	0	.7427756	0	.2572244	0
1060.15	0	.7424903	0	.2575097	0
1059.15	0	.7422057	0	.2577943	0
1058.15	0	.7419217	0	.2580783	0
1057.15	0	.7416383	0	.2583617	0
1056.15	0	.7413556	0	.2586444	0
1055.15	0	.7410735	0	.2589265	0
1054.15	0	.740792	0	.259208	0
1053.15	0	.7405112	0	.2594888	0
1052.15	0	.740231	0	.259769	0
1051.15	0	.7399514	0	.2600486	0
1050.15	0	.7396725	0	.2603275	0
1049.15	0	.7393942	0	.2606058	0
1048.15	0	.7391165	0	.2608835	0
1047.15	0	.7388395	0	.2611605	0
1046.15	0	.738563	0	.261437	0
1045.15	0	.7382873	0	.2617127	0
1044.15	0	.7380121	0	.2619879	0
1043.15	0	.7377375	0	.2622625	0
1042.15	0	.7374636	0	.2625364	0
1041.15	0	.7371903	0	.2628097	0
1040.15	0	.7369176	0	.2630824	0
1039.15	0	.7366455	0	.2633545	0
1038.15	0	.7363741	0	.2636259	0
1037.15	0	.7361032	0	.2638968	0
1036.15	0	.735833	0	.264167	0
1035.15	0	.7355634	0	.2644366	0
1034.15	0	.7352944	0	.2647056	0
1033.15	0	.735026	0	.264974	0
1032.15	0	.7347582	0	.2652418	0
1031.15	0	.7344911	0	.2655089	0
1030.15	0	.7342245	0	.2657755	0
1029.15	0	.7339586	0	.2660414	0
1028.15	0	.7336932	0	.2663067	0
1027.15	0	.7334285	0	.2665715	0
1026.15	0	.7331644	0	.2668356	0
1025.15	0	.7329009	0	.2670991	0
1024.15	0	.732638	0	.267362	0
1023.15	0	.7323757	0	.2676243	0
1022.15	0	.732114	0	.267886	0
1021.15	0	.7318529	0	.2681471	0
1020.15	0	.7315924	0	.2684076	0
1019.15	0	.7313325	0	.2686675	0
1018.15	0	.7310732	0	.2689268	0
1017.15	0	.7308145	0	.2691855	0
1016.15	0	.7305563	0	.2694437	0
1015.15	0	.7302988	0	.2697012	0
1014.15	0	.7300419	0	.2699581	0
1013.15	0	.7297856	0	.2702144	0
1012.15	0	.7295299	0	.2704702	0
1011.15	0	.7292747	0	.2707253	0
1010.15	0	.7290202	0	.2709798	0
1009.15	0	.7287662	0	.2712338	0
1008.15	0	.7285128	0	.2714872	0
1007.15	0	.7282601	0	.2717399	0
1006.15	0	.7280079	0	.2719921	0
1005.15	0	.7277563	0	.2722437	0
1004.15	0	.7275053	0	.2724947	0
1003.15	0	.7272548	0	.2727452	0
1002.15	0	.727005	0	.272995	0
1001.15	0	.7267557	0	.2732443	0
1000.15	0	.7265071	0	.2734929	0
999.15	0	.726259	0	.273741	0
998.15	0	.7260115	0	.2739885	0
997.15	0	.7257645	0	.2742355	0
996.15	0	.7255182	0	.2744818	0
995.15	0	.7252724	0	.2747276	0
994.15	0	.7250272	0	.2749728	0
993.15	0	.7247826	0	.2752174	0
992.15	0	.7245385	0	.2754615	0
991.15	0	.7242951	0	.2757049	0
990.15	0	.7240522	0	.2759478	0
989.15	0	.7238099	0	.2761901	0
988.15	0	.7235681	0	.2764319	0
987.15	0	.723327	0	.276673	0
986.15	0	.7230864	0	.2769136	0
985.15	0	.7228463	0	.2771537	0
984.15	0	.7226069	0	.2773931	0
983.15	0	.722368	0	.277632	0
982.77	0	.7222774	0	.2777226	0
982.77	0	.7222774	0	.2777226	0
982.77	0	.7222774	0	.2777226	0
982.15	0	.721735	4.196751E-04	.2778453	0
981.15	0	.7208625	.001094974	.2780426	0
980.15	0	.7199926	.001768251	.2782391	0
979.15	0	.7191256	.00243951	.2784349	0
978.15	0	.7182612	.003108754	.27863	0
977.15	0	.7173997	.003775988	.2788243	0
976.15	0	.7165408	.004441216	.279018	0
975.15	0	.7156847	.005104444	.2792108	0
974.15	0	.7148314	.005765676	.279403	0
973.15	0	.7139807	.006424917	.2795944	0
972.15	0	.7131328	.007082172	.279785	0
971.15	0	.7122876	.007737446	.2799749	0
970.15	0	.7114452	.008390746	.2801641	0
969.15	0	.7106054	.009042077	.2803525	0
968.15	0	.7097684	.009691444	.2805401	0
967.15	0	.7089341	.01033886	.2807271	0
966.15	0	.7081025	.01098431	.2809132	0
965.15	0	.7072736	.01162783	.2810986	0
964.15	0	.7064474	.01226941	.2812832	0
963.15	0	.7056239	.01290906	.2814671	0
962.15	0	.7048031	.01354679	.2816502	0
961.15	0	.7039849	.0141826	.2818325	0
960.15	0	.7031695	.0148165	.282014	0
959.15	0	.7023567	.01544851	.2821948	0
958.15	0	.7015466	.01607862	.2823748	0
957.15	0	.7007391	.01670686	.282554	0
956.15	0	.6999344	.01733322	.2827324	0
955.15	0	.6991322	.01795771	.2829101	0
954.15	0	.6983328	.01858036	.2830869	0
953.15	0	.6975359	.01920116	.2832629	0
952.15	0	.6967417	.01982012	.2834382	0
951.15	0	.6959501	.02043726	.2836126	0
950.15	0	.6951612	.02105259	.2837862	0
949.15	0	.6943748	.02166612	.2839591	0
948.15	0	.6935911	.02227786	.2841311	0
947.15	0	.6928099	.02288783	.2843022	0
946.15	0	.6920314	.02349603	.2844726	0
945.15	0	.6912554	.02410247	.2846421	0
944.15	0	.690482	.02470718	.2848108	0
943.15	0	.6897111	.02531017	.2849787	0
942.15	0	.6889428	.02591145	.2851457	0
941.15	0	.6881771	.02651103	.2853119	0
940.15	0	.6874139	.02710893	.2854772	0
939.15	0	.6866532	.02770517	.2856417	0
938.15	0	.685895	.02829976	.2858053	0
937.15	0	.6851393	.02889272	.285968	0
936.15	0	.6843861	.02948406	.2861299	0
935.15	0	.6836353	.03007381	.2862909	0
934.15	0	.682887	.03066199	.286451	0
933.15	0	.6821412	.0312486	.2866102	0
932.15	0	.6813978	.03183368	.2867685	0
931.15	0	.6806568	.03241724	.2869259	0
930.15	0	.6799182	.0329993	.2870825	0
929.15	0	.6791821	.03357989	.2872381	0
928.15	0	.6784482	.03415903	.2873927	0
927.15	0	.6777168	.03473674	.2875465	0
926.15	0	.6769877	.03531304	.2876993	0
925.15	0	.6762608	.03588796	.2878512	0
924.15	0	.6755363	.03646153	.2880021	0
923.15	0	.6748141	.03703377	.2881521	0
922.15	0	.6740942	.03760471	.2883011	0
921.15	0	.6733764	.03817438	.2884492	0
920.15	0	.6726609	.03874281	.2885962	0
919.15	0	.6719477	.03931002	.2887423	0
918.15	0	.6712365	.03987605	.2888874	0
917.15	0	.6705276	.04044093	.2890315	0
916.15	0	.6698207	.04100469	.2891746	0
915.15	0	.669116	.04156738	.2893167	0
914.15	0	.6684133	.04212901	.2894577	0
913.15	0	.6677127	.04268963	.2895977	0
912.15	0	.6670141	.04324929	.2897366	0
911.15	0	.6663175	.043808	.2898745	0
910.15	0	.6656228	.04436583	.2900113	0
909.15	0	.6649301	.0449228	.2901471	0
908.15	0	.6642393	.04547897	.2902817	0
907.15	0	.6635503	.04603437	.2904153	0
906.15	0	.6628632	.04658905	.2905477	0
905.15	0	.6621779	.04714307	.2906791	0
904.15	0	.6614943	.04769646	.2908093	0
903.15	0	.6608124	.04824928	.2909383	0
902.15	0	.6601322	.04880159	.2910662	0
901.15	0	.6594537	.04935343	.2911929	0
900.15	0	.6587767	.04990486	.2913185	0
899.15	0	.6581013	.05045594	.2914428	0
898.15	0	.6574273	.05100674	.2915659	0
897.15	0	.6567549	.05155731	.2916878	0
896.15	0	.6560838	.05210772	.2918085	0
895.15	0	.6554141	.05265803	.2919279	0
894.15	0	.6547456	.05320831	.2920461	0
893.15	0	.6540784	.05375864	.2921629	0
892.15	0	.6534124	.05430909	.2922785	0
891.15	0	.6527475	.05485973	.2923927	0
890.15	0	.6520837	.05541065	.2925057	0
889.15	0	.6514209	.05596192	.2926172	0
888.15	0	.650759	.05651364	.2927274	0
887.15	0	.6500979	.05706588	.2928362	0
886.15	0	.6494377	.05761874	.2929436	0
885.15	0	.6487781	.05817232	.2930496	0
884.15	0	.6481192	.05872672	.2931541	0
883.15	0	.6474609	.05928203	.2932571	0
882.15	0	.646803	.05983836	.2933587	0
881.15	0	.6461455	.06039583	.2934587	0
880.15	0	.6454883	.06095454	.2935572	0
879.15	0	.6448312	.06151461	.2936541	0
878.15	0	.6441743	.06207618	.2937495	0
877.15	0	.6435174	.06263936	.2938432	0
876.15	0	.6428604	.0632043	.2939353	0
875.15	0	.6422031	.06377112	.2940257	0
874.15	0	.6415456	.06433997	.2941145	0
873.15	0	.6408875	.06491102	.2942015	0
872.15	0	.6402289	.0654844	.2942867	0
871.15	0	.6395696	.06606029	.2943702	0
870.15	0	.6389094	.06663886	.2944518	0
869.15	0	.6382482	.06722029	.2945315	0
868.15	0	.6375859	.06780475	.2946094	0
867.15	0	.6369222	.06839246	.2946853	0
866.15	0	.6362571	.06898361	.2947593	0
865.15	0	.6355904	.06957841	.2948312	0
864.15	0	.6349218	.07017709	.2949011	0
863.15	0	.6342513	.07077989	.2949688	0
862.15	0	.6335785	.07138705	.2950345	0
861.15	0	.6329033	.07199883	.2950979	0
860.15	0	.6322255	.0726155	.295159	0
859.15	0	.6315448	.07323734	.2952179	0
858.15	0	.630861	.07386467	.2952743	0
857.15	0	.6301739	.07449779	.2953284	0
856.15	0	.6294831	.07513705	.2953799	0
855.15	0	.6287883	.07578279	.2954289	0
854.15	0	.6280894	.07643539	.2954752	0
853.15	0	.6273859	.07709525	.2955189	0
852.15	0	.6266775	.07776279	.2955597	0
851.15	0	.6259639	.07843846	.2955977	0
850.15	0	.6252446	.07912272	.2956327	0
849.15	0	.6245193	.0798161	.2956646	0
848.15	0	.6237875	.08051912	.2956934	0
847.15	0	.6230487	.08123237	.2957189	0
846.15	0	.6223025	.08195646	.2957411	0
845.15	0	.6214387	.08281352	.2957477	0
844.15	0	.6202418	.08404414	.2957141	0
843.15	0	.6190886	.0852309	.2956805	0
842.15	0	.617977	.08637587	.2956471	0
841.15	0	.616905	.08748103	.2956139	0
840.15	0	.6158709	.08854826	.2955809	0
839.15	0	.6148727	.0895793	.295548	0
838.15	0	.6139088	.09057584	.2955153	0
837.15	0	.6129777	.09153946	.2954828	0
836.15	0	.6120778	.09247166	.2954505	0
835.15	0	.6112078	.09337386	.2954184	0
834.15	0	.6103662	.0942474	.2953864	0
833.15	0	.6095518	.09509357	.2953547	0
832.15	0	.6087634	.09591356	.2953231	0
831.15	0	.6079999	.09670853	.2952916	0
830.15	0	.6072601	.09747957	.2952603	0
829.15	0	.6065431	.09822771	.2952292	0
828.15	0	.6058479	.09895393	.2951982	0
827.15	0	.6051736	.09965916	.2951673	0
826.15	0	.6045192	.1003443	.2951365	0
825.15	0	.6038839	.1010102	.2951059	0
824.15	0	.603267	.1016576	.2950754	0
823.15	0	.6026677	.1022873	.295045	0
822.15	0	.6020853	.1029	.2950147	0
821.15	0	.6015191	.1034965	.2949845	0
820.15	0	.6009684	.1040773	.2949543	0
819.15	0	.6004326	.1046432	.2949242	0
818.15	0	.5999112	.1051946	.2948942	0
817.15	0	.5994035	.1057322	.2948643	0
816.15	0	.598909	.1062565	.2948344	0
815.15	0	.5984273	.1067681	.2948046	0
814.15	0	.5979578	.1072674	.2947748	0
813.15	0	.5975001	.1077549	.294745	0
812.15	0	.5970537	.108231	.2947153	0
811.15	0	.5966182	.1086962	.2946856	0
810.15	0	.5961932	.1091509	.294656	0
809.15	0	.5957782	.1095955	.2946263	0
808.15	0	.595373	.1100303	.2945967	0
807.15	0	.5949771	.1104558	.294567	0
806.15	0	.5945903	.1108723	.2945374	0
805.15	0	.5942122	.11128	.2945078	0
804.15	0	.5938425	.1116793	.2944782	0
803.15	0	.5934808	.1120706	.2944485	0
802.15	0	.593127	.1124541	.2944189	0
801.15	0	.5927807	.11283	.2943893	0
800.15	0	.5924417	.1131987	.2943596	0
799.15	0	.5921097	.1135604	.2943299	0
798.15	0	.5917844	.1139154	.2943002	0
797.15	0	.5914657	.1142638	.2942705	0
796.15	0	.5911533	.114606	.2942407	0
795.15	0	.5908471	.114942	.2942109	0
794.15	0	.5905467	.1152722	.2941811	0
793.15	0	.590252	.1155967	.2941513	0
792.15	0	.5899629	.1159158	.2941214	0
791.15	0	.5896791	.1162295	.2940914	0
790.15	0	.5894005	.1165381	.2940615	0
789.15	0	.5891268	.1168417	.2940315	0
788.15	0	.588858	.1171406	.2940014	0
787.15	0	.5885939	.1174348	.2939713	0
786.15	0	.5883343	.1177245	.2939412	0
785.15	0	.5880791	.1180099	.293911	0
784.15	0	.5878282	.1182911	.2938807	0
783.15	0	.5875814	.1185682	.2938504	0
782.15	0	.5873386	.1188413	.2938201	0
781.15	0	.5870997	.1191107	.2937897	0
780.15	0	.5868645	.1193763	.2937592	0
779.15	0	.5866329	.1196383	.2937287	0
778.15	0	.5864049	.1198969	.2936982	0
777.15	0	.5861804	.1201521	.2936676	0
776.15	0	.5859591	.120404	.2936369	0
775.15	0	.5857411	.1206528	.2936062	0
774.15	0	.5855262	.1208984	.2935754	0
773.15	0	.5853144	.1211411	.2935445	0
772.15	0	.5851055	.1213809	.2935136	0
771.15	0	.5848995	.1216178	.2934826	0
770.15	0	.5846963	.1218521	.2934516	0
769.15	0	.5844958	.1220836	.2934205	0
768.15	0	.584298	.1223126	.2933894	0
767.15	0	.5841027	.1225391	.2933581	0
766.15	0	.58391	.1227632	.2933269	0
765.15	0	.5837196	.1229849	.2932955	0
764.15	0	.5835316	.1232043	.2932641	0
763.15	0	.5833459	.1234214	.2932326	0
762.15	0	.5831625	.1236364	.2932011	0
761.15	0	.5829812	.1238492	.2931695	0
760.15	0	.5828021	.12406	.2931379	0
759.15	0	.582625	.1242688	.2931062	0
758.15	0	.58245	.1244756	.2930744	0
757.15	0	.5822769	.1246806	.2930425	0
756.15	0	.5821057	.1248837	.2930106	0
755.15	0	.5819364	.1250849	.2929786	0
754.15	0	.581769	.1252845	.2929466	0
753.15	0	.5816033	.1254823	.2929145	0
752.15	0	.5814393	.1256784	.2928823	0
751.15	0	.581277	.1258729	.2928501	0
750.15	0	.5811164	.1260659	.2928178	0
749.15	0	.5809573	.1262573	.2927854	0
748.15	0	.5807999	.1264472	.292753	0
747.15	0	.5806439	.1266356	.2927205	0
746.15	0	.5804908	.1268216	.2926876	0
745.15	0	.5803378	.1270072	.292655	0
744.15	0	.5801861	.1271915	.2926224	0
743.15	0	.5800359	.1273744	.2925897	0
742.15	0	.579887	.1275561	.2925569	0
741.15	0	.5797395	.1277364	.2925241	0
740.15	0	.5795933	.1279155	.2924911	0
739.15	0	.5794484	.1280934	.2924582	0
738.15	0	.5793047	.1282701	.2924252	0
737.15	0	.5791623	.1284456	.2923921	0
736.15	0	.5790211	.12862	.2923589	0
735.15	0	.578881	.1287933	.2923257	0
734.15	0	.5787421	.1289655	.2922924	0
733.15	0	.5786043	.1291366	.2922591	0
732.15	0	.5784676	.1293067	.2922257	0
731.15	0	.578332	.1294757	.2921922	0
730.15	0	.5781975	.1296438	.2921587	0
729.15	0	.5780639	.1298109	.2921252	0
728.15	0	.5779315	.129977	.2920916	0
727.15	0	.5777999	.1301422	.2920579	0
726.15	0	.5776694	.1303065	.2920241	0
725.15	0	.5775398	.1304698	.2919903	0
724.15	0	.5774112	.1306323	.2919565	0
723.15	0	.5772835	.1307939	.2919226	0
722.15	0	.5771567	.1309547	.2918886	0
721.15	0	.5770307	.1311147	.2918546	0
720.15	0	.5769057	.1312738	.2918205	0
719.15	0	.5767815	.1314321	.2917864	0
718.15	0	.5766581	.1315897	.2917522	0
717.15	0	.5765355	.1317465	.291718	0
716.15	0	.5764138	.1319025	.2916837	0
715.15	0	.5762928	.1320578	.2916494	0
714.15	0	.5761727	.1322123	.291615	0
713.15	0	.5760533	.1323662	.2915806	0
712.15	0	.5759346	.1325193	.2915461	0
711.15	0	.5758167	.1326718	.2915116	0
710.15	0	.5756995	.1328235	.291477	0
709.15	0	.575583	.1329746	.2914424	0
708.15	0	.5754672	.1331251	.2914077	0
707.15	0	.5753521	.1332749	.291373	0
706.15	0	.5752377	.1334241	.2913382	0
705.15	0	.575124	.1335726	.2913034	0
704.15	0	.5750109	.1337206	.2912685	0
703.15	0	.5748984	.1338679	.2912336	0
702.15	0	.5747866	.1340147	.2911987	0
701.15	0	.5746755	.1341608	.2911637	0
700.15	0	.5745649	.1343064	.2911287	0
699.15	0	.574455	.1344514	.2910936	0
698.15	0	.5743456	.1345959	.2910585	0
697.15	0	.5742368	.1347398	.2910233	0
696.15	0	.5741287	.1348832	.2909882	0
695.15	0	.574021	.135026	.2909529	0
694.15	0	.573914	.1351684	.2909176	0
693.15	0	.5738075	.1353102	.2908823	0
692.15	0	.5737016	.1354515	.290847	0
691.15	0	.5735962	.1355922	.2908116	0
690.15	0	.5734913	.1357325	.2907762	0
689.15	0	.573387	.1358723	.2907407	0
688.15	0	.5732831	.1360117	.2907052	0
687.15	0	.5731798	.1361505	.2906697	0
686.15	0	.573077	.1362888	.2906341	0
685.15	0	.5729747	.1364268	.2905985	0
684.15	0	.5728729	.1365642	.2905629	0
683.15	0	.5727716	.1367012	.2905273	0
682.15	0	.5726707	.1368377	.2904916	0
681.15	0	.5725703	.1369738	.2904558	0
680.15	0	.5724704	.1371095	.2904201	0
679.15	0	.572371	.1372447	.2903843	0
678.15	0	.572272	.1373795	.2903485	0
677.15	0	.5721734	.1375139	.2903127	0
676.15	0	.5720753	.1376479	.2902768	0
675.15	0	.5719777	.1377814	.2902409	0
674.15	0	.5718805	.1379146	.290205	0
673.15	0	.5717837	.1380473	.290169	0
672.15	0	.5716873	.1381797	.290133	0
671.15	0	.5715914	.1383116	.290097	0
670.15	0	.5714958	.1384432	.290061	0
669.15	0	.5714007	.1385743	.290025	0
668.15	0	.571306	.1387051	.2899889	0
667.15	0	.5712117	.1388355	.2899528	0
666.15	0	.5711178	.1389655	.2899167	0
665.15	0	.5710243	.1390952	.2898806	0
664.15	0	.5709311	.1392245	.2898444	0
663.15	0	.5708384	.1393534	.2898083	0
662.15	0	.570746	.1394819	.2897721	0
661.15	0	.570654	.1396101	.2897359	0
660.15	0	.5705624	.1397379	.2896996	0
659.15	0	.5704712	.1398654	.2896634	0
658.15	0	.5703803	.1399926	.2896271	0
657.15	0	.5702898	.1401193	.2895908	0
656.15	0	.5701997	.1402458	.2895546	0
655.15	0	.5701099	.1403719	.2895182	0
654.15	0	.5700205	.1404976	.2894819	0
653.15	0	.5699314	.140623	.2894456	0
652.15	0	.5698426	.1407481	.2894093	0
651.15	0	.5697542	.1408729	.2893729	0
650.15	0	.5696662	.1409973	.2893365	0
649.15	0	.5695785	.1411214	.2893002	0
648.15	0	.5694911	.1412451	.2892638	0
647.15	0	.5694041	.1413686	.2892274	0
646.15	0	.5693173	.1414917	.289191	0
645.15	0	.569231	.1416145	.2891545	0
644.15	0	.5691449	.141737	.2891181	0
643.15	0	.5690592	.1418592	.2890817	0
642.15	0	.5689737	.141981	.2890453	0
641.15	0	.5688886	.1421026	.2890088	0
640.15	0	.5688038	.1422238	.2889724	0
639.15	0	.5687194	.1423447	.2889359	0
638.15	0	.5686352	.1424653	.2888995	0
637.15	0	.5685513	.1425857	.288863	0
636.15	0	.5684678	.1427057	.2888266	0
635.15	0	.5683845	.1428254	.2887901	0
634.15	0	.5683016	.1429448	.2887536	0
633.15	0	.5682189	.1430639	.2887172	0
632.15	0	.5681366	.1431827	.2886807	0
631.15	0	.5680545	.1433012	.2886443	0
630.15	0	.5679728	.1434195	.2886078	0
629.15	0	.5678913	.1435374	.2885713	0
628.15	0	.5678101	.143655	.2885349	0
627.15	0	.5677292	.1437724	.2884984	0
626.15	0	.5676486	.1438894	.288462	0
625.15	0	.5675682	.1440062	.2884256	0
624.15	0	.5674882	.1441227	.2883891	0
623.15	0	.5674084	.1442389	.2883527	0
622.15	0	.5673289	.1443548	.2883163	0
621.15	0	.5672497	.1444704	.2882798	0
620.15	0	.5671708	.1445858	.2882434	0
619.15	0	.5670921	.1447008	.288207	0
618.15	0	.5670137	.1448156	.2881707	0
617.15	0	.5669356	.1449301	.2881343	0
616.15	0	.5668577	.1450444	.2880979	0
615.15	0	.5667802	.1451583	.2880615	0
614.15	0	.5667028	.145272	.2880252	0
613.15	0	.5666258	.1453854	.2879889	0
612.15	0	.566549	.1454985	.2879525	0
611.15	0	.5664724	.1456113	.2879162	0
610.15	0	.5663962	.1457239	.2878799	0
609.15	0	.5663202	.1458362	.2878437	0
608.15	0	.5662444	.1459482	.2878074	0
607.15	0	.5661689	.14606	.2877712	0
606.15	0	.5660936	.1461714	.2877349	0
605.15	0	.5660187	.1462826	.2876987	0
604.15	0	.5659439	.1463936	.2876625	0
603.15	0	.5658694	.1465042	.2876263	0
602.15	0	.5657952	.1466146	.2875902	0
601.15	0	.5657212	.1467248	.2875541	0
600.15	0	.5656475	.1468346	.2875179	0
599.15	0	.565574	.1469442	.2874818	0
598.15	0	.5655007	.1470535	.2874458	0
597.15	0	.5654277	.1471626	.2874097	0
596.15	0	.565355	.1472713	.2873737	0
595.15	0	.5652824	.1473799	.2873377	0
594.15	0	.5652101	.1474881	.2873017	0
593.15	0	.5651381	.1475961	.2872658	0
592.15	0	.5650663	.1477038	.2872299	0
591.15	0	.5649948	.1478113	.2871939	0
590.15	0	.5649235	.1479185	.2871581	0
589.15	0	.5648524	.1480254	.2871222	0
588.15	0	.5647815	.1481321	.2870864	0
587.15	0	.5647109	.1482385	.2870506	0
586.15	0	.5646406	.1483446	.2870149	0
585.15	0	.5645704	.1484505	.2869791	0
584.15	0	.5645005	.1485561	.2869434	0
583.15	0	.5644308	.1486614	.2869078	0
582.15	0	.5643614	.1487665	.2868721	0
581.15	0	.5642922	.1488713	.2868365	0
580.15	0	.5642232	.1489759	.286801	0
579.15	0	.5641544	.1490802	.2867654	0
578.15	0	.5640859	.1491842	.2867299	0
577.15	0	.5640176	.149288	.2866944	0
576.15	0	.5639495	.1493915	.286659	0
575.15	0	.5638817	.1494947	.2866236	0
574.15	0	.5638141	.1495977	.2865883	0
573.15	0	.5637467	.1497004	.286553	0
572.15	0	.5636795	.1498029	.2865177	0
571.15	0	.5636125	.1499051	.2864824	0
570.15	0	.5635458	.150007	.2864472	0
569.15	0	.5634793	.1501087	.2864121	0
568.15	0	.563413	.1502101	.2863769	0
567.15	0	.5633469	.1503112	.2863419	0
566.15	0	.5632811	.1504121	.2863068	0
565.15	0	.5632155	.1505127	.2862718	0
564.15	0	.5631501	.1506131	.2862369	0
563.15	0	.5630849	.1507132	.2862019	0
562.15	0	.5630199	.150813	.2861671	0
561.15	0	.5629552	.1509126	.2861323	0
560.15	0	.5628906	.1510119	.2860975	0
559.15	0	.5628263	.1511109	.2860627	0
558.15	0	.5627622	.1512097	.2860281	0
557.15	0	.5626983	.1513083	.2859934	0
556.15	0	.5626346	.1514065	.2859588	0
555.15	0	.5625712	.1515045	.2859243	0
554.15	0	.5625079	.1516023	.2858898	0
553.15	0	.5624449	.1516998	.2858554	0
552.15	0	.5623821	.151797	.285821	0
551.15	0	.5623195	.1518939	.2857866	0
550.15	0	.5622571	.1519906	.2857523	0
549.15	0	.5621949	.152087	.2857181	0
548.15	0	.5621329	.1521832	.2856839	0
547.15	0	.5620712	.1522791	.2856498	0
546.15	0	.5620096	.1523747	.2856157	0
545.15	0	.5619483	.1524701	.2855817	0
544.15	0	.5618871	.1525652	.2855477	0
543.15	0	.5618262	.15266	.2855138	0
542.15	0	.5617655	.1527546	.2854799	0
541.15	0	.561705	.1528489	.2854461	0
540.15	0	.5616447	.152943	.2854124	0
539.15	0	.5615846	.1530367	.2853787	0
538.15	0	.5615247	.1531303	.285345	0
537.15	0	.561465	.1532235	.2853115	0
536.15	0	.5614056	.1533165	.285278	0
535.15	0	.5613463	.1534092	.2852445	0
534.15	0	.5612872	.1535017	.2852111	0
533.15	0	.5612284	.1535939	.2851778	0
532.15	0	.5611697	.1536858	.2851445	0
531.15	0	.5611113	.1537774	.2851113	0
530.15	0	.561053	.1538688	.2850782	0
529.15	0	.560995	.1539599	.2850451	0
528.15	0	.5609371	.1540508	.2850121	0
527.15	0	.5608795	.1541414	.2849791	0
526.15	0	.5608221	.1542317	.2849462	0
525.15	0	.5607648	.1543218	.2849134	0
524.15	0	.5607078	.1544115	.2848807	0
523.15	0	.560651	.154501	.284848	0
522.15	0	.5605944	.1545903	.2848154	0
521.15	0	.5605379	.1546793	.2847828	0
520.15	0	.5604817	.154768	.2847503	0
519.15	0	.5604257	.1548564	.2847179	0
518.15	0	.5603699	.1549446	.2846856	0
517.15	0	.5603143	.1550325	.2846533	0
516.15	0	.5602588	.1551201	.2846211	0
515.15	0	.5602036	.1552074	.2845889	0
514.15	0	.5601486	.1552945	.2845569	0
513.15	0	.5600938	.1553813	.2845249	0
512.15	0	.5600392	.1554679	.284493	0
511.15	0	.5599847	.1555542	.2844611	0
510.15	0	.5599305	.1556402	.2844294	0
509.15	0	.5598765	.1557259	.2843977	0
508.15	0	.5598226	.1558113	.284366	0
507.15	0	.559769	.1558965	.2843345	0
506.15	0	.5597156	.1559814	.284303	0
505.15	0	.5596623	.156066	.2842716	0
504.15	0	.5596093	.1561504	.2842403	0
503.15	0	.5595564	.1562345	.2842091	0
502.15	0	.5595038	.1563183	.2841779	0
501.15	0	.5594513	.1564018	.2841468	0
500.15	0	.5593991	.1564851	.2841158	0
499.15	0	.5593471	.1565681	.2840848	0
498.15	0	.5592952	.1566508	.284054	0
497.15	0	.5592436	.1567332	.2840232	0
496.15	0	.5591921	.1568154	.2839925	0
495.15	0	.5591408	.1568973	.2839619	0
494.15	0	.5590897	.1569789	.2839314	0
493.15	0	.5590388	.1570602	.2839009	0
492.15	0	.5589881	.1571413	.2838706	0
491.15	0	.5589376	.1572221	.2838403	0
490.15	0	.5588873	.1573026	.2838101	0
489.15	0	.5588372	.1573828	.28378	0
488.15	0	.5587872	.1574627	.28375	0
487.15	0	.5587375	.1575424	.2837201	0
486.15	0	.558688	.1576218	.2836902	0
485.15	0	.5586386	.1577009	.2836605	0
484.15	0	.5585895	.1577797	.2836308	0
483.15	0	.5585405	.1578583	.2836012	0
482.15	0	.5584917	.1579366	.2835717	0
481.15	0	.5584431	.1580146	.2835423	0
480.15	0	.5583948	.1580923	.283513	0
479.15	0	.5583465	.1581697	.2834837	0
478.15	0	.5582985	.1582469	.2834546	0
477.15	0	.5582507	.1583238	.2834255	0
476.15	0	.5582031	.1584003	.2833966	0
475.15	0	.5581557	.1584767	.2833677	0
474.15	0	.5581084	.1585527	.2833389	0
473.15	0	.5580613	.1586284	.2833102	0
472.15	0	.5580145	.1587039	.2832816	0
471.15	0	.5579678	.1587791	.2832531	0
470.15	0	.5579213	.158854	.2832247	0
469.15	0	.557875	.1589286	.2831964	0
468.15	0	.5578289	.159003	.2831682	0
467.15	0	.5577829	.159077	.28314	0
466.15	0	.5577372	.1591508	.283112	0
465.15	0	.5576917	.1592243	.283084	0
464.15	0	.5576463	.1592975	.2830562	0
463.15	0	.5576011	.1593704	.2830284	0
462.15	0	.5575561	.1594431	.2830008	0
461.15	0	.5575113	.1595154	.2829732	0
460.15	0	.5574667	.1595875	.2829458	0
459.15	0	.5574223	.1596593	.2829184	0
458.15	0	.5573781	.1597308	.2828912	0
457.15	0	.557334	.159802	.282864	0
456.15	0	.5572901	.1598729	.2828369	0
455.15	0	.5572464	.1599436	.28281	0
454.15	0	.557203	.160014	.2827831	0
453.15	0	.5571596	.160084	.2827563	0
452.15	0	.5571165	.1601538	.2827296	0
451.15	0	.5570736	.1602234	.2827031	0
450.15	0	.5570308	.1602926	.2826766	0
449.2598	0	.5569929	.1603539	.2826531	0
449.2598	0	.5569929	.1603539	.2826531	0
449.2598	0	.5569929	.1603539	.2826531	0
449.15	0	.5570116	.1603057	.2826245	5.819183E-05
448.15	0	.5571817	.1598669	.2823639	5.874572E-04
447.15	0	.5573513	.159429	.2821039	.001115836
446.15	0	.5575203	.1589919	.2818445	.001643336
445.15	0	.5576888	.1585556	.2815856	.002169967
444.15	0	.5578569	.1581201	.2813273	.002695739
443.15	0	.5580245	.1576854	.2810695	.003220658
442.15	0	.5581916	.1572515	.2808122	.003744736
441.15	0	.5583583	.1568182	.2805555	.004267979
440.15	0	.5585245	.1563858	.2802993	.004790396
439.15	0	.5586903	.155954	.2800437	.005311995
438.15	0	.5588557	.1555229	.2797886	.005832785
437.15	0	.5590207	.1550925	.279534	.006352774
436.15	0	.5591853	.1546628	.2792799	.00687197
435.15	0	.5593495	.1542337	.2790264	.007390379
434.15	0	.5595133	.1538053	.2787734	.007908011
433.15	0	.5596767	.1533775	.278521	.008424874
432.15	0	.5598398	.1529503	.278269	.008940973
431.15	0	.5600025	.1525236	.2780176	.009456317
430.15	0	.5601649	.1520976	.2777666	.009970914
429.15	0	.5603269	.1516721	.2775162	.01048477
428.15	0	.5604887	.1512471	.2772663	.01099789
427.15	0	.5606501	.1508227	.2770169	.01151029
426.15	0	.5608112	.1503988	.276768	.01202196
425.15	0	.5609719	.1499755	.2765197	.01253293
424.15	0	.5611324	.1495526	.2762718	.01304319
423.15	0	.5612927	.1491302	.2760244	.01355275
422.15	0	.5614526	.1487083	.2757775	.01406161
421.15	0	.5616122	.1482869	.2755311	.0145698
420.15	0	.5617716	.1478659	.2752852	.0150773
419.15	0	.5619308	.1474454	.2750398	.01558413
418.15	0	.5620896	.1470252	.2747949	.01609029
417.15	0	.5622483	.1466056	.2745504	.01659579
416.15	0	.5624067	.1461863	.2743065	.01710063
415.15	0	.5625648	.1457674	.274063	.01760483
414.15	0	.5627228	.1453489	.27382	.01810839
413.15	0	.5628805	.1449308	.2735774	.0186113
412.15	0	.563038	.1445131	.2733354	.01911359
411.15	0	.5631952	.1440957	.2730938	.01961525
410.15	0	.5633523	.1436787	.2728527	.0201163
409.15	0	.5635092	.143262	.272612	.02061672
408.15	0	.5636659	.1428457	.2723719	.02111654
407.15	0	.5638224	.1424297	.2721322	.02161576
406.15	0	.5639787	.142014	.2718929	.02211438
405.15	0	.5641349	.1415987	.2716541	.0226124
404.15	0	.5642908	.1411836	.2714158	.02310984
403.15	0	.5644466	.1407688	.2711779	.0236067
402.15	0	.5646022	.1403544	.2709404	.02410298
401.15	0	.5647577	.1399402	.2707034	.02459869
400.15	0	.564913	.1395262	.2704669	.02509383
399.15	0	.5650682	.1391126	.2702308	.0255884
398.15	0	.5652232	.1386992	.2699952	.02608242
397.15	0	.5653781	.1382861	.26976	.02657589
396.15	0	.5655328	.1378732	.2695252	.02706881
395.15	0	.5656874	.1374605	.2692909	.02756119
394.15	0	.5658419	.1370481	.269057	.02805302
393.15	0	.5659962	.1366359	.2688235	.02854433
392.15	0	.5661505	.136224	.2685905	.0290351
391.15	0	.5663045	.1358122	.2683579	.02952535
390.15	0	.5664585	.1354007	.2681257	.03001507
389.15	0	.5666124	.1349894	.267894	.03050428
388.15	0	.5667661	.1345783	.2676626	.03099298
387.15	0	.5669198	.1341673	.2674317	.03148116
386.15	0	.5670733	.1337566	.2672013	.03196885
385.15	0	.5672267	.1333461	.2669712	.03245603
384.15	0	.5673801	.1329357	.2667415	.03294271
383.15	0	.5675333	.1325255	.2665123	.03342891
382.15	0	.5676864	.1321155	.2662835	.03391461
381.15	0	.5678395	.1317056	.2660551	.03439983
380.15	0	.5679925	.1312959	.2658271	.03488457
379.15	0	.5681453	.1308864	.2655995	.03536883
378.15	0	.5682981	.130477	.2653723	.03585262
377.15	0	.5684508	.1300678	.2651455	.03633594
376.15	0	.5686035	.1296587	.2649191	.03681879
375.15	0	.568756	.1292497	.2646931	.03730118
374.15	0	.5689085	.1288409	.2644675	.03778311
373.15	0	.5690609	.1284322	.2642423	.03826459
372.15	0	.5692132	.1280237	.2640175	.03874561
371.15	0	.5693655	.1276153	.2637931	.03922618
370.15	0	.5695177	.127207	.263569	.03970631
369.15	0	.5696698	.1267988	.2633454	.04018599
