T	 BPW(LIQUID)	BPW(BCC_A2)	BPW(FCC_A1)	BPW(LAVES_PHASE_C14)	BPW(NI3TI)
1473.15	.4154022	.5845978	0	0	0
1472.15	.4122767	.5877233	0	0	0
1471.15	.4091717	.5908283	0	0	0
1470.15	.4060871	.5939129	0	0	0
1469.15	.4030228	.5969772	0	0	0
1468.15	.3999785	.6000215	0	0	0
1467.15	.3969543	.6030457	0	0	0
1466.15	.3939498	.6060502	0	0	0
1465.15	.390965	.609035	0	0	0
1464.15	.3879998	.6120002	0	0	0
1463.15	.3850539	.6149461	0	0	0
1462.15	.3821273	.6178727	0	0	0
1461.15	.3792198	.6207802	0	0	0
1460.15	.3763313	.6236688	0	0	0
1459.15	.3734616	.6265384	0	0	0
1458.15	.3706106	.6293894	0	0	0
1457.15	.3677782	.6322218	0	0	0
1456.15	.3649642	.6350358	0	0	0
1455.15	.3621685	.6378315	0	0	0
1454.15	.359391	.640609	0	0	0
1453.15	.3566316	.6433684	0	0	0
1452.15	.3538901	.6461099	0	0	0
1451.15	.3511664	.6488336	0	0	0
1450.15	.3484604	.6515396	0	0	0
1449.15	.3457719	.6542281	0	0	0
1448.15	.3431008	.6568992	0	0	0
1447.15	.340447	.659553	0	0	0
1446.15	.3378104	.6621896	0	0	0
1445.15	.3351909	.6648091	0	0	0
1444.15	.3325883	.6674117	0	0	0
1443.15	.3300025	.6699975	0	0	0
1442.15	.3274334	.6725666	0	0	0
1441.15	.324881	.6751191	0	0	0
1440.15	.3223449	.6776551	0	0	0
1439.15	.3198253	.6801748	0	0	0
1438.15	.3173218	.6826782	0	0	0
1437.15	.3148345	.6851655	0	0	0
1436.15	.3123632	.6876368	0	0	0
1435.15	.3099078	.6900922	0	0	0
1434.15	.3074682	.6925318	0	0	0
1433.15	.3050443	.6949557	0	0	0
1432.15	.302636	.697364	0	0	0
1431.15	.3002431	.6997569	0	0	0
1430.15	.2978656	.7021344	0	0	0
1429.15	.2955033	.7044967	0	0	0
1428.15	.2931562	.7068438	0	0	0
1427.15	.2908241	.7091759	0	0	0
1426.15	.2885069	.7114931	0	0	0
1425.15	.2862046	.7137954	0	0	0
1424.15	.2839171	.716083	0	0	0
1423.15	.2816441	.7183559	0	0	0
1422.15	.2793857	.7206143	0	0	0
1421.15	.2771417	.7228583	0	0	0
1420.15	.274912	.725088	0	0	0
1419.15	.2726966	.7273034	0	0	0
1418.15	.2704953	.7295047	0	0	0
1417.15	.268308	.731692	0	0	0
1416.15	.2661347	.7338653	0	0	0
1415.15	.2639752	.7360248	0	0	0
1414.15	.2618295	.7381705	0	0	0
1413.15	.2596974	.7403026	0	0	0
1412.15	.2575789	.7424211	0	0	0
1411.15	.2554739	.7445261	0	0	0
1410.15	.2533822	.7466177	0	0	0
1409.15	.2513039	.7486961	0	0	0
1408.15	.2492387	.7507613	0	0	0
1407.15	.2471866	.7528134	0	0	0
1406.15	.2451476	.7548524	0	0	0
1405.15	.2431215	.7568785	0	0	0
1404.15	.2411082	.7588918	0	0	0
1403.15	.2391077	.7608923	0	0	0
1402.15	.2371198	.7628802	0	0	0
1401.15	.2351446	.7648554	0	0	0
1400.15	.2331818	.7668182	0	0	0
1399.15	.2312314	.7687686	0	0	0
1398.15	.2292934	.7707066	0	0	0
1397.15	.2273676	.7726324	0	0	0
1396.15	.225454	.774546	0	0	0
1395.15	.2235525	.7764475	0	0	0
1394.15	.2216629	.7783371	0	0	0
1394.102	.221573	.778427	0	0	0
1394.102	.221573	.778427	0	0	0
1394.102	.221573	.778427	0	0	0
1393.15	.2187535	.7800891	0	.001157369	0
1392.15	.2158224	.7818136	0	.002363999	0
1391.15	.2129212	.783517	0	.003561804	0
1390.15	.2100495	.7851995	0	.00475093	0
1389.15	.2072068	.7868617	0	.005931518	0
1388.15	.2043926	.7885037	0	.007103709	0
1387.15	.2016064	.790126	0	.008267637	0
1386.15	.1988478	.7917288	0	.009423437	0
1385.15	.1961164	.7933124	0	.01057124	0
1384.15	.1934117	.7948772	0	.01171117	0
1383.15	.1907333	.7964233	0	.01284335	0
1382.15	.1880808	.7979513	0	.01396791	0
1381.15	.1854538	.7994612	0	.01508497	0
1380.15	.1828519	.8009535	0	.01619464	0
1379.15	.1802747	.8024283	0	.01729704	0
1378.15	.1777217	.803886	0	.01839228	0
1377.15	.1751928	.8053268	0	.01948048	0
1376.15	.1726874	.8067509	0	.02056173	0
1375.15	.1702052	.8081587	0	.02163615	0
1374.15	.1677459	.8095503	0	.02270384	0
1373.15	.1653091	.810926	0	.0237649	0
1372.15	.1628944	.8122861	0	.02481944	0
1371.15	.1605016	.8136308	0	.02586754	0
1370.15	.1581303	.8149604	0	.0269093	0
1369.15	.1557803	.8162749	0	.02794483	0
1368.15	.153451	.8175748	0	.02897421	0
1367.15	.1511424	.8188601	0	.02999753	0
1366.15	.148854	.8201311	0	.03101488	0
1365.15	.1465856	.8213881	0	.03202635	0
1364.15	.1443369	.8226311	0	.03303202	0
1363.15	.1421075	.8238605	0	.03403198	0
1362.15	.1398973	.8250764	0	.0350263	0
1361.15	.1377059	.826279	0	.03601508	0
1360.15	.135533	.8274686	0	.03699838	0
1359.15	.1333785	.8286452	0	.03797628	0
1358.15	.131242	.8298091	0	.03894887	0
1357.15	.1291232	.8309606	0	.03991622	0
1356.15	.127022	.8320996	0	.04087839	0
1355.15	.1249381	.8332264	0	.04183547	0
1354.15	.1228712	.8343413	0	.04278752	0
1353.15	.1208211	.8354443	0	.0437346	0
1352.15	.1187875	.8365357	0	.0446768	0
1351.15	.1167703	.8376155	0	.04561417	0
1350.15	.1147692	.838684	0	.04654679	0
1349.15	.112784	.8397413	0	.04747471	0
1348.15	.1108144	.8407876	0	.048398	0
1347.15	.1088603	.841823	0	.04931673	0
1346.15	.1069214	.8428477	0	.05023094	0
1345.15	.1049975	.8438618	0	.05114071	0
1344.15	.1030885	.8448654	0	.05204609	0
1343.15	.1011941	.8458588	0	.05294714	0
1342.15	.09931408	.846842	0	.05384392	0
1341.15	.09744832	.8478152	0	.05473647	0
1340.15	.0955966	.8487785	0	.05562487	0
1339.15	.09375873	.8497321	0	.05650916	0
1338.15	.09193452	.8506761	0	.05738939	0
1337.15	.09012381	.8516106	0	.05826562	0
1336.15	.0883264	.8525357	0	.05913789	0
1335.15	.08654212	.8534516	0	.06000627	0
1334.15	.08477081	.8543584	0	.06087079	0
1333.15	.08301228	.8552562	0	.0617315	0
1332.15	.08126637	.8561452	0	.06258847	0
1331.15	.07953292	.8570254	0	.06344172	0
1331.144	.07952201	.8570309	0	.0634471	0
1331.144	.07952201	.8570309	0	.0634471	0
1331.144	.07952201	.8570309	0	.0634471	0
1330.15	.07094773	.8530266	.01080091	.06522477	0
1329.15	.06234189	.8490785	.02158496	.06699464	0
1328.15	.05375835	.8452115	.03228456	.06874563	0
1327.15	.04519643	.8414245	.04290102	.07047803	0
1326.15	.03665545	.8377168	.05343563	.07219212	0
1325.15	.02813475	.8340874	.06388965	.07388817	0
1324.15	.01963368	.8305356	.07426431	.07556645	0
1323.15	.0111516	.8270603	.08456084	.07722722	0
1322.15	.002687879	.823661	.09478043	.07887074	0
1321.832	0	.8225956	.09801453	.07938983	0
1321.832	0	.8225956	.09801453	.07938983	0
1321.15	0	.8214593	.09877151	.07976923	0
1320.15	0	.8197969	.09987884	.08032421	0
1319.15	0	.8181394	.100983	.0808776	0
1318.15	0	.8164865	.1020841	.08142942	0
1317.15	0	.8148383	.103182	.08197968	0
1316.15	0	.8131949	.1042768	.08252837	0
1315.15	0	.8115561	.1053684	.08307551	0
1314.15	0	.8099219	.106457	.0836211	0
1313.15	0	.8082924	.1075424	.08416515	0
1312.15	0	.8066676	.1086248	.08470766	0
1311.15	0	.8050473	.1097041	.08524865	0
1310.15	0	.8034317	.1107802	.0857881	0
1309.15	0	.8018206	.1118533	.08632605	0
1308.15	0	.8002142	.1129233	.08686248	0
1307.15	0	.7986123	.1139903	.08739741	0
1306.15	0	.797015	.1150542	.08793083	0
1305.15	0	.7954222	.116115	.08846277	0
1304.15	0	.7938339	.1171728	.08899322	0
1303.15	0	.7922502	.1182276	.08952219	0
1302.15	0	.790671	.1192793	.09004969	0
1301.15	0	.7890963	.120328	.09057571	0
1300.15	0	.787526	.1213737	.09110028	0
1299.15	0	.7859603	.1224164	.09162338	0
1298.15	0	.784399	.123456	.09214504	0
1297.15	0	.7828421	.1244926	.09266525	0
1296.15	0	.7812897	.1255263	.09318402	0
1295.15	0	.7797417	.1265569	.09370136	0
1294.15	0	.7781981	.1275846	.09421727	0
1293.15	0	.776659	.1286093	.09473176	0
1292.15	0	.7751242	.129631	.09524484	0
1291.15	0	.7735938	.1306497	.0957565	0
1290.15	0	.7720677	.1316655	.09626675	0
1289.15	0	.7705461	.1326783	.09677561	0
1288.15	0	.7690287	.1336882	.09728308	0
1287.15	0	.7675157	.1346951	.09778915	0
1286.15	0	.7660071	.1356991	.09829384	0
1285.15	0	.7645027	.1367001	.09879716	0
1284.15	0	.7630027	.1376982	.0992991	0
1283.15	0	.7615069	.1386934	.09979968	0
1282.15	0	.7600155	.1396857	.1002989	0
1281.15	0	.7585283	.140675	.1007967	0
1280.15	0	.7570453	.1416614	.1012933	0
1279.15	0	.7555666	.1426449	.1017884	0
1278.15	0	.7540922	.1436256	.1022823	0
1277.15	0	.752622	.1446033	.1027747	0
1276.15	0	.751156	.1455781	.1032659	0
1275.15	0	.7496943	.14655	.1037557	0
1274.15	0	.7482367	.1475191	.1042442	0
1273.15	0	.7467833	.1484853	.1047314	0
1272.15	0	.7453341	.1494486	.1052173	0
1271.15	0	.7438891	.150409	.1057019	0
1270.15	0	.7424483	.1513665	.1061852	0
1269.15	0	.7410116	.1523212	.1066672	0
1268.15	0	.739579	.1532731	.1071479	0
1267.15	0	.7381506	.1542221	.1076273	0
1266.15	0	.7367263	.1551682	.1081055	0
1265.15	0	.7353061	.1561115	.1085823	0
1264.15	0	.7338901	.157052	.1090579	0
1263.15	0	.7324781	.1579896	.1095323	0
1262.15	0	.7310703	.1589244	.1100053	0
1261.15	0	.7296665	.1598564	.1104772	0
1260.15	0	.7282668	.1607855	.1109477	0
1259.15	0	.7268711	.1617118	.1114171	0
1258.15	0	.7254795	.1626353	.1118851	0
1257.15	0	.724092	.163556	.112352	0
1256.15	0	.7227085	.1644739	.1128176	0
1255.15	0	.7213291	.165389	.113282	0
1254.15	0	.7199536	.1663013	.1137451	0
1253.15	0	.7185822	.1672107	.1142071	0
1252.15	0	.7172148	.1681174	.1146678	0
1251.15	0	.7158514	.1690213	.1151274	0
1250.15	0	.7144919	.1699224	.1155857	0
1249.15	0	.7131365	.1708207	.1160428	0
1248.15	0	.711785	.1717163	.1164987	0
1247.15	0	.7104375	.172609	.1169535	0
1246.15	0	.709094	.173499	.117407	0
1245.15	0	.7077544	.1743862	.1178594	0
1244.15	0	.7064188	.1752706	.1183106	0
1243.15	0	.7050871	.1761523	.1187606	0
1242.15	0	.7037593	.1770312	.1192094	0
1241.15	0	.7024355	.1779074	.1196571	0
1240.15	0	.7011156	.1787808	.1201037	0
1239.15	0	.6997996	.1796514	.120549	0
1238.15	0	.6984875	.1805193	.1209932	0
1237.15	0	.6971793	.1813844	.1214363	0
1236.15	0	.6958749	.1822468	.1218782	0
1235.15	0	.6945745	.1831065	.122319	0
1234.15	0	.693278	.1839634	.1227587	0
1233.15	0	.6919853	.1848175	.1231972	0
1232.15	0	.6906964	.185669	.1236346	0
1231.15	0	.6894115	.1865177	.1240709	0
1230.15	0	.6881303	.1873636	.124506	0
1229.15	0	.6868531	.1882069	.12494	0
1228.15	0	.6855796	.1890474	.125373	0
1227.15	0	.68431	.1898852	.1258048	0
1226.15	0	.6830442	.1907202	.1262355	0
1225.15	0	.6817823	.1915526	.1266651	0
1224.15	0	.6805241	.1923822	.1270937	0
1223.15	0	.6792698	.1932091	.1275211	0
1222.15	0	.6780192	.1940333	.1279475	0
1221.15	0	.6767725	.1948548	.1283727	0
1220.15	0	.6755295	.1956736	.1287969	0
1219.15	0	.6742904	.1964896	.12922	0
1218.15	0	.673055	.197303	.1296421	0
1217.15	0	.6718234	.1981136	.130063	0
1216.15	0	.6705955	.1989216	.1304829	0
1215.15	0	.6693715	.1997268	.1309018	0
1214.15	0	.6681511	.2005293	.1313196	0
1213.15	0	.6669346	.2013292	.1317363	0
1212.15	0	.6657217	.2021263	.132152	0
1211.15	0	.6645127	.2029207	.1325666	0
1210.15	0	.6633073	.2037125	.1329802	0
1209.15	0	.6621057	.2045015	.1333928	0
1208.15	0	.6609078	.2052879	.1338043	0
1207.15	0	.6597137	.2060716	.1342148	0
1206.15	0	.6585232	.2068525	.1346243	0
1205.15	0	.6573365	.2076308	.1350327	0
1204.15	0	.6561535	.2084064	.1354401	0
1203.15	0	.6549742	.2091793	.1358465	0
1202.15	0	.6537986	.2099495	.1362519	0
1201.15	0	.6526267	.2107171	.1366563	0
1200.15	0	.6514585	.2114819	.1370596	0
1199.15	0	.6502939	.2122441	.137462	0
1198.15	0	.6491331	.2130035	.1378634	0
1197.15	0	.647976	.2137603	.1382637	0
1196.15	0	.6468225	.2145144	.1386631	0
1195.15	0	.6456727	.2152658	.1390615	0
1194.15	0	.6445265	.2160146	.1394589	0
1193.15	0	.643384	.2167606	.1398553	0
1192.15	0	.6422452	.217504	.1402508	0
1191.15	0	.6411101	.2182447	.1406452	0
1190.15	0	.6399786	.2189827	.1410387	0
1189.15	0	.6388508	.219718	.1414312	0
1188.15	0	.6377266	.2204507	.1418227	0
1187.15	0	.636606	.2211807	.1422133	0
1186.15	0	.6354891	.221908	.1426029	0
1185.15	0	.6343758	.2226326	.1429916	0
1184.15	0	.6332662	.2233545	.1433793	0
1183.15	0	.6321602	.2240737	.1437661	0
1182.15	0	.6310578	.2247903	.1441519	0
1181.15	0	.6299591	.2255042	.1445367	0
1180.15	0	.628864	.2262154	.1449206	0
1179.15	0	.6277725	.2269239	.1453036	0
1178.15	0	.6266846	.2276297	.1456856	0
1177.15	0	.6256004	.2283329	.1460668	0
1176.15	0	.6245197	.2290333	.1464469	0
1175.15	0	.6234427	.2297311	.1468262	0
1174.15	0	.6223693	.2304262	.1472045	0
1173.15	0	.6212995	.2311186	.1475819	0
1172.15	0	.6202333	.2318083	.1479584	0
1171.15	0	.6191707	.2324954	.1483339	0
1170.15	0	.6181117	.2331797	.1487086	0
1169.15	0	.6170563	.2338614	.1490823	0
1168.15	0	.6160045	.2345403	.1494552	0
1167.15	0	.6149563	.2352166	.1498271	0
1166.15	0	.6139117	.2358902	.1501981	0
1165.15	0	.6128707	.2365611	.1505683	0
1164.15	0	.6118333	.2372292	.1509375	0
1163.15	0	.6107995	.2378947	.1513058	0
1162.15	0	.6097692	.2385575	.1516733	0
1161.15	0	.6087426	.2392176	.1520398	0
1160.15	0	.6077195	.239875	.1524055	0
1159.15	0	.6067	.2405297	.1527703	0
1158.15	0	.6056841	.2411817	.1531342	0
1157.15	0	.6046718	.241831	.1534972	0
1156.15	0	.6036631	.2424776	.1538594	0
1155.15	0	.6026579	.2431214	.1542206	0
1154.15	0	.6016563	.2437626	.1545811	0
1153.15	0	.6006583	.2444011	.1549406	0
1152.15	0	.5996639	.2450368	.1552993	0
1151.15	0	.5986731	.2456698	.1556571	0
1150.15	0	.5976859	.2463001	.1560141	0
1149.15	0	.5967022	.2469277	.1563701	0
1148.15	0	.5957221	.2475525	.1567254	0
1147.15	0	.5947456	.2481746	.1570798	0
1146.15	0	.5937726	.2487941	.1574333	0
1145.15	0	.5928033	.2494107	.157786	0
1144.15	0	.5918375	.2500247	.1581379	0
1143.15	0	.5908753	.2506359	.1584889	0
1142.15	0	.5899167	.2512443	.158839	0
1141.15	0	.5889616	.2518501	.1591883	0
1140.15	0	.5880101	.252453	.1595368	0
1139.15	0	.5870622	.2530533	.1598845	0
1138.15	0	.5861179	.2536508	.1602313	0
1137.15	0	.5851772	.2542455	.1605773	0
1136.15	0	.58424	.2548375	.1609224	0
1135.15	0	.5833065	.2554268	.1612668	0
1134.15	0	.5823765	.2560132	.1616103	0
1133.15	0	.58145	.2565969	.161953	0
1132.15	0	.5805272	.2571779	.1622949	0
1131.15	0	.579608	.2577561	.162636	0
1130.15	0	.5786923	.2583315	.1629762	0
1129.15	0	.5777802	.2589041	.1633156	0
1128.15	0	.5768717	.259474	.1636543	0
1127.15	0	.5759669	.2600411	.1639921	0
1126.15	0	.5750655	.2606054	.1643291	0
1125.15	0	.5741678	.2611669	.1646653	0
1124.15	0	.5732737	.2617256	.1650007	0
1123.15	0	.5723832	.2622815	.1653353	0
1122.15	0	.5714962	.2628346	.1656691	0
1121.15	0	.5706129	.2633849	.1660022	0
1120.15	0	.5697332	.2639324	.1663344	0
1119.15	0	.568857	.2644771	.1666658	0
1118.15	0	.5679845	.265019	.1669964	0
1117.15	0	.5671156	.2655581	.1673263	0
1116.15	0	.5662503	.2660943	.1676554	0
1115.15	0	.5653886	.2666277	.1679837	0
1114.15	0	.5645305	.2671583	.1683112	0
1113.15	0	.563676	.2676861	.1686379	0
1112.15	0	.5628252	.268211	.1689638	0
1111.15	0	.561978	.268733	.169289	0
1110.15	0	.5611344	.2692523	.1696134	0
1109.15	0	.5602944	.2697686	.169937	0
1108.15	0	.559458	.2702821	.1702598	0
1107.15	0	.5586253	.2707928	.1705819	0
1106.15	0	.5577962	.2713005	.1709032	0
1105.15	0	.5569708	.2718054	.1712238	0
1104.15	0	.556149	.2723075	.1715435	0
1103.15	0	.5553308	.2728066	.1718626	0
1102.15	0	.5545163	.2733029	.1721808	0
1101.15	0	.5537055	.2737962	.1724983	0
1100.15	0	.5528983	.2742867	.172815	0
1099.15	0	.5520947	.2747743	.173131	0
1098.15	0	.5512949	.2752589	.1734462	0
1097.15	0	.5504987	.2757407	.1737607	0
1096.15	0	.5497061	.2762195	.1740744	0
1095.15	0	.5489173	.2766954	.1743874	0
1094.15	0	.5481321	.2771684	.1746996	0
1093.15	0	.5473506	.2776384	.175011	0
1092.15	0	.5465727	.2781055	.1753218	0
1091.15	0	.5457986	.2785697	.1756317	0
1090.15	0	.5450282	.2790308	.175941	0
1089.15	0	.5442615	.2794891	.1762495	0
1088.15	0	.5434984	.2799444	.1765572	0
1087.15	0	.5427391	.2803967	.1768642	0
1086.15	0	.5419835	.280846	.1771705	0
1085.15	0	.5412316	.2812924	.177476	0
1084.15	0	.5404835	.2817357	.1777808	0
1083.15	0	.539739	.2821761	.1780848	0
1082.15	0	.5389983	.2826135	.1783882	0
1081.15	0	.5382614	.2830478	.1786908	0
1080.15	0	.5375282	.2834792	.1789926	0
1079.15	0	.5367987	.2839075	.1792937	0
1078.15	0	.536073	.2843328	.1795941	0
1077.15	0	.5353511	.2847551	.1798938	0
1076.15	0	.5346329	.2851744	.1801928	0
1075.15	0	.5339185	.2855905	.180491	0
1074.15	0	.5332079	.2860037	.1807885	0
1073.15	0	.532501	.2864138	.1810852	0
1072.15	0	.5317979	.2868208	.1813813	0
1071.15	0	.5310987	.2872247	.1816766	0
1070.15	0	.5304032	.2876256	.1819712	0
1069.15	0	.5297116	.2880234	.1822651	0
1068.15	0	.5290237	.288418	.1825582	0
1067.15	0	.5283397	.2888096	.1828507	0
1066.15	0	.5276595	.2891981	.1831424	0
1065.15	0	.5269831	.2895835	.1834334	0
1064.15	0	.5263106	.2899657	.1837237	0
1063.15	0	.525642	.2903448	.1840133	0
1062.15	0	.5249771	.2907208	.1843021	0
1061.15	0	.5243162	.2910936	.1845903	0
1060.15	0	.5236591	.2914632	.1848777	0
1059.15	0	.5230058	.2918297	.1851644	0
1058.15	0	.5223565	.2921931	.1854504	0
1057.15	0	.5217111	.2925532	.1857357	0
1056.15	0	.5210695	.2929102	.1860203	0
1055.15	0	.5204319	.293264	.1863042	0
1054.15	0	.5197981	.2936146	.1865873	0
1053.15	0	.5191683	.293962	.1868698	0
1052.15	0	.5185424	.2943061	.1871515	0
1051.15	0	.5179204	.2946471	.1874325	0
1050.15	0	.5173024	.2949848	.1877128	0
1049.15	0	.5166883	.2953192	.1879925	0
1048.15	0	.5160782	.2956505	.1882714	0
1047.15	0	.515472	.2959784	.1885495	0
1046.15	0	.5148698	.2963031	.188827	0
1045.15	0	.5142716	.2966245	.1891038	0
1044.15	0	.5136774	.2969427	.1893799	0
1043.15	0	.5130872	.2972576	.1896552	0
1042.15	0	.512501	.2975691	.1899299	0
1041.15	0	.5119188	.2978774	.1902038	0
1040.15	0	.5113406	.2981823	.1904771	0
1039.15	0	.5107665	.2984839	.1907496	0
1038.15	0	.5101964	.2987822	.1910215	0
1037.15	0	.5096303	.2990772	.1912926	0
1036.15	0	.5090683	.2993687	.191563	0
1035.15	0	.5085103	.299657	.1918327	0
1034.15	0	.5079565	.2999418	.1921017	0
1033.15	0	.5074067	.3002233	.19237	0
1032.15	0	.506861	.3005015	.1926376	0
1031.15	0	.5063194	.3007762	.1929044	0
1030.15	0	.5057819	.3010475	.1931706	0
1029.15	0	.5052486	.3013154	.193436	0
1028.15	0	.5047193	.3015799	.1937008	0
1027.15	0	.5041942	.3018409	.1939648	0
1026.15	0	.5036733	.3020985	.1942282	0
1025.15	0	.5031565	.3023527	.1944908	0
1024.15	0	.5026439	.3026034	.1947527	0
1023.15	0	.5021354	.3028507	.1950139	0
1022.15	0	.5016312	.3030945	.1952744	0
1021.15	0	.5011311	.3033348	.1955341	0
1020.15	0	.5006352	.3035716	.1957932	0
1019.15	0	.5001436	.3038049	.1960515	0
1018.15	0	.4996562	.3040347	.1963092	0
1017.15	0	.499173	.304261	.1965661	0
1016.15	0	.498694	.3044837	.1968223	0
1015.15	0	.4982193	.304703	.1970777	0
1014.15	0	.4977489	.3049186	.1973325	0
1013.15	0	.4972827	.3051308	.1975865	0
1012.15	0	.4968209	.3053393	.1978398	0
1011.15	0	.4963633	.3055443	.1980924	0
1010.15	0	.49591	.3057457	.1983443	0
1009.15	0	.495461	.3059436	.1985954	0
1008.15	0	.4950164	.3061378	.1988458	0
1007.15	0	.494576	.3063284	.1990955	0
1006.15	0	.4941401	.3065154	.1993445	0
1005.15	0	.4937085	.3066988	.1995927	0
1004.15	0	.4932812	.3068786	.1998402	0
1003.15	0	.4928583	.3070547	.200087	0
1002.15	0	.4924398	.3072272	.200333	0
1001.15	0	.4920257	.307396	.2005783	0
1000.15	0	.491616	.3075611	.2008229	0
999.15	0	.4912107	.3077226	.2010667	0
998.15	0	.4908098	.3078804	.2013098	0
997.15	0	.4904134	.3080345	.2015521	0
996.15	0	.4900214	.3081849	.2017937	0
995.15	0	.4896338	.3083316	.2020346	0
994.15	0	.4892507	.3084746	.2022747	0
993.15	0	.4888721	.3086139	.202514	0
992.15	0	.488498	.3087494	.2027526	0
991.15	0	.4881284	.3088812	.2029904	0
990.15	0	.4877632	.3090093	.2032275	0
989.15	0	.4874026	.3091336	.2034638	0
988.15	0	.4870465	.3092542	.2036994	0
987.15	0	.4866949	.3093709	.2039342	0
986.15	0	.4863479	.309484	.2041682	0
985.15	0	.4860054	.3095932	.2044014	0
984.15	0	.4856674	.3096987	.2046339	0
983.15	0	.4853341	.3098003	.2048656	0
982.15	0	.4850053	.3098982	.2050965	0
981.15	0	.4846811	.3099923	.2053267	0
980.15	0	.4843615	.3100825	.205556	0
979.15	0	.4840464	.310169	.2057846	0
978.15	0	.483736	.3102516	.2060124	0
977.15	0	.4834303	.3103304	.2062394	0
976.15	0	.4831291	.3104054	.2064656	0
975.15	0	.4828326	.3104765	.2066909	0
974.15	0	.4825407	.3105438	.2069155	0
973.15	0	.4822535	.3106072	.2071393	0
972.15	0	.4819709	.3106668	.2073623	0
971.15	0	.481693	.3107226	.2075844	0
970.15	0	.4814197	.3107745	.2078058	0
969.15	0	.4811512	.3108225	.2080262	0
968.15	0	.4808873	.3108667	.2082459	0
967.15	0	.4806282	.3109071	.2084648	0
966.15	0	.4803737	.3109435	.2086828	0
965.15	0	.4801239	.3109761	.2089	0
964.15	0	.4798789	.3110048	.2091163	0
963.15	0	.4796385	.3110297	.2093318	0
962.15	0	.4794029	.3110507	.2095464	0
961.15	0	.4791721	.3110678	.2097602	0
960.15	0	.4789459	.311081	.2099731	0
959.15	0	.4787245	.3110904	.2101851	0
958.15	0	.4785078	.3110959	.2103963	0
957.15	0	.4782959	.3110975	.2106066	0
956.15	0	.4780887	.3110953	.210816	0
955.15	0	.4778863	.3110892	.2110245	0
954.15	0	.4776886	.3110792	.2112322	0
953.15	0	.4774957	.3110654	.2114389	0
952.15	0	.4773076	.3110477	.2116447	0
951.15	0	.4771242	.3110262	.2118496	0
950.15	0	.4769456	.3110009	.2120536	0
949.15	0	.4767717	.3109716	.2122567	0
948.15	0	.4766026	.3109386	.2124588	0
947.15	0	.4764382	.3109017	.21266	0
946.15	0	.4762787	.3108611	.2128603	0
945.15	0	.4761239	.3108166	.2130596	0
944.15	0	.4759738	.3107683	.213258	0
943.15	0	.4758285	.3107162	.2134554	0
942.15	0	.4756879	.3106603	.2136518	0
941.15	0	.4755521	.3106006	.2138472	0
940.15	0	.4754211	.3105372	.2140417	0
939.15	0	.4752948	.31047	.2142352	0
938.15	0	.4751732	.3103992	.2144276	0
937.15	0	.4750564	.3103245	.2146191	0
936.15	0	.4749443	.3102462	.2148096	0
935.15	0	.4748369	.3101642	.214999	0
934.15	0	.4747342	.3100785	.2151874	0
933.15	0	.4746362	.3099891	.2153747	0
932.15	0	.4745429	.3098961	.215561	0
931.15	0	.4744543	.3097995	.2157463	0
930.15	0	.4743703	.3096992	.2159305	0
929.15	0	.474291	.3095954	.2161135	0
928.15	0	.4742164	.3094881	.2162956	0
927.15	0	.4741463	.3093772	.2164765	0
926.15	0	.4740809	.3092628	.2166563	0
925.15	0	.4740201	.3091449	.216835	0
924.15	0	.4739639	.3090235	.2170126	0
923.15	0	.4739123	.3088987	.217189	0
922.15	0	.4738652	.3087706	.2173643	0
921.15	0	.4738226	.308639	.2175384	0
920.15	0	.4737845	.3085042	.2177113	0
919.15	0	.4737509	.308366	.2178831	0
918.15	0	.4737218	.3082245	.2180537	0
917.15	0	.4736971	.3080799	.2182231	0
916.15	0	.4736768	.307932	.2183912	0
915.15	0	.4736609	.3077809	.2185581	0
914.15	0	.4736494	.3076268	.2187238	0
913.15	0	.4736422	.3074696	.2188882	0
912.15	0	.4736393	.3073094	.2190514	0
911.15	0	.4736406	.3071461	.2192132	0
910.15	0	.4736462	.30698	.2193738	0
909.15	0	.473656	.306811	.219533	0
908.15	0	.4736699	.3066391	.219691	0
907.15	0	.473688	.3064645	.2198475	0
906.15	0	.4737101	.3062871	.2200028	0
905.15	0	.4737363	.3061071	.2201566	0
904.15	0	.4737665	.3059245	.2203091	0
903.15	0	.4738006	.3057393	.2204601	0
902.15	0	.4738387	.3055516	.2206097	0
901.15	0	.4738805	.3053616	.2207579	0
900.15	0	.4739262	.3051692	.2209046	0
899.15	0	.4739757	.3049745	.2210499	0
898.15	0	.4740288	.3047776	.2211936	0
897.15	0	.4740856	.3045786	.2213358	0
896.15	0	.4741459	.3043776	.2214765	0
895.15	0	.4742098	.3041746	.2216157	0
894.15	0	.4742771	.3039697	.2217532	0
893.15	0	.4743478	.303763	.2218892	0
892.15	0	.4744218	.3035547	.2220235	0
891.15	0	.4744991	.3033447	.2221562	0
890.15	0	.4745796	.3031332	.2222872	0
889.15	0	.4746631	.3029204	.2224165	0
888.15	0	.4747497	.3027062	.2225442	0
887.15	0	.4748392	.3024908	.22267	0
886.15	0	.4749315	.3022744	.2227941	0
885.15	0	.4750266	.302057	.2229164	0
884.15	0	.4751243	.3018388	.2230369	0
883.15	0	.4752247	.3016198	.2231555	0
882.15	0	.4753275	.3014003	.2232723	0
881.15	0	.4754326	.3011803	.2233871	0
880.15	0	.4755401	.30096	.2235	0
879.15	0	.4756496	.3007395	.2236109	0
878.15	0	.4757612	.300519	.2237198	0
877.15	0	.4758747	.3002987	.2238266	0
876.15	0	.47599	.3000786	.2239314	0
875.15	0	.476107	.299859	.224034	0
874.15	0	.4762255	.2996401	.2241344	0
873.15	0	.4763453	.299422	.2242327	0
872.15	0	.4764664	.2992049	.2243287	0
871.15	0	.4765886	.298989	.2244224	0
870.15	0	.4767117	.2987745	.2245138	0
869.15	0	.4768356	.2985616	.2246028	0
868.15	0	.47696	.2983506	.2246894	0
867.15	0	.4770849	.2981417	.2247734	0
866.15	0	.47721	.2979351	.2248549	0
865.15	0	.4773351	.2977311	.2249338	0
864.15	0	.47746	.2975299	.22501	0
863.15	0	.4775845	.2973319	.2250836	0
862.15	0	.4777085	.2971373	.2251543	0
861.15	0	.4778315	.2969464	.2252221	0
860.15	0	.4779535	.2967596	.225287	0
859.15	0	.478074	.2965772	.2253488	0
858.15	0	.478193	.2963995	.2254076	0
857.15	0	.4783099	.2962269	.2254631	0
856.15	0	.4784247	.2960599	.2255154	0
855.15	0	.4785369	.2958989	.2255643	0
854.15	0	.4786461	.2957442	.2256096	0
853.15	0	.4787521	.2955965	.2256514	0
852.15	0	.4788544	.2954562	.2256894	0
851.15	0	.4789527	.2953238	.2257235	0
850.15	0	.4790463	.2952	.2257537	0
849.15	0	.479135	.2950854	.2257796	0
848.15	0	.4792181	.2949806	.2258013	0
847.15	0	.4792952	.2948864	.2258185	0
846.15	0	.4793655	.2948035	.225831	0
845.15	0	.4794286	.2947329	.2258385	0
844.15	0	.4792332	.2949891	.2257778	0
843.15	0	.4789748	.2953297	.2256956	0
842.15	0	.478761	.2956201	.2256189	0
841.15	0	.4785878	.2958649	.2255473	0
840.15	0	.4784516	.2960684	.22548	0
839.15	0	.4783492	.2962342	.2254166	0
838.15	0	.4782778	.2963655	.2253566	0
837.15	0	.4782349	.2964653	.2252998	0
836.15	0	.4782182	.2965361	.2252458	0
835.15	0	.4782255	.2965803	.2251942	0
834.15	0	.4782551	.2965999	.225145	0
833.15	0	.4783053	.296597	.2250977	0
832.15	0	.4783744	.2965733	.2250523	0
831.15	0	.478461	.2965304	.2250086	0
830.15	0	.4785638	.2964697	.2249665	0
829.15	0	.4786816	.2963928	.2249257	0
828.15	0	.4788132	.2963007	.2248862	0
827.15	0	.4789575	.2961947	.2248478	0
826.15	0	.4791137	.2960758	.2248105	0
825.15	0	.4792808	.295945	.2247741	0
824.15	0	.479458	.2958033	.2247386	0
823.15	0	.4796445	.2956515	.224704	0
822.15	0	.4798395	.2954905	.22467	0
821.15	0	.4800424	.2953208	.2246368	0
820.15	0	.4802525	.2951434	.2246042	0
819.15	0	.4804692	.2949587	.2245721	0
818.15	0	.480692	.2947674	.2245405	0
817.15	0	.4809204	.2945702	.2245094	0
816.15	0	.4811538	.2943674	.2244788	0
815.15	0	.4813918	.2941596	.2244485	0
814.15	0	.481634	.2939473	.2244187	0
813.15	0	.48188	.2937309	.2243891	0
812.15	0	.4821293	.2935109	.2243598	0
811.15	0	.4823816	.2932875	.2243309	0
810.15	0	.4826366	.2930612	.2243022	0
809.15	0	.482894	.2928324	.2242737	0
808.15	0	.4831534	.2926012	.2242454	0
807.15	0	.4834146	.2923681	.2242173	0
806.15	0	.4836774	.2921332	.2241894	0
805.15	0	.4839414	.2918969	.2241617	0
804.15	0	.4842065	.2916595	.224134	0
803.15	0	.4844724	.2914211	.2241066	0
802.15	0	.4847389	.2911819	.2240792	0
801.15	0	.4850059	.2909422	.2240519	0
800.15	0	.4852731	.2907021	.2240248	0
799.15	0	.4855404	.290462	.2239977	0
798.15	0	.4858076	.2902218	.2239707	0
797.15	0	.4860746	.2899817	.2239437	0
796.15	0	.4863412	.289742	.2239168	0
795.15	0	.4866074	.2895027	.2238899	0
794.15	0	.4868729	.289264	.2238631	0
793.15	0	.4871377	.289026	.2238363	0
792.15	0	.4874016	.2887888	.2238096	0
791.15	0	.4876646	.2885525	.2237829	0
790.15	0	.4879266	.2883173	.2237561	0
789.15	0	.4881875	.2880831	.2237294	0
788.15	0	.4884471	.2878502	.2237027	0
787.15	0	.4887055	.2876185	.223676	0
786.15	0	.4889625	.2873882	.2236493	0
785.15	0	.4892181	.2871593	.2236226	0
784.15	0	.4894722	.2869319	.2235959	0
783.15	0	.4897248	.286706	.2235691	0
782.15	0	.4899758	.2864818	.2235424	0
781.15	0	.4902252	.2862592	.2235156	0
780.15	0	.490473	.2860383	.2234888	0
779.15	0	.490719	.2858191	.223462	0
778.15	0	.4909632	.2856017	.2234351	0
777.15	0	.4912056	.2853861	.2234082	0
776.15	0	.4914463	.2851724	.2233813	0
775.15	0	.4916851	.2849606	.2233544	0
774.15	0	.491922	.2847506	.2233274	0
773.15	0	.492157	.2845426	.2233004	0
772.15	0	.4923901	.2843366	.2232733	0
771.15	0	.4926213	.2841325	.2232462	0
770.15	0	.4928505	.2839305	.2232191	0
769.15	0	.4930777	.2837304	.2231919	0
768.15	0	.493303	.2835323	.2231647	0
767.15	0	.4935263	.2833363	.2231374	0
766.15	0	.4937476	.2831423	.2231101	0
765.15	0	.4939669	.2829504	.2230827	0
764.15	0	.4941842	.2827605	.2230553	0
763.15	0	.4943995	.2825727	.2230278	0
762.15	0	.4946127	.2823869	.2230003	0
761.15	0	.494824	.2822033	.2229728	0
760.15	0	.4950332	.2820217	.2229451	0
759.15	0	.4952404	.2818421	.2229175	0
758.15	0	.4954456	.2816646	.2228898	0
757.15	0	.4956488	.2814892	.222862	0
756.15	0	.49585	.2813158	.2228342	0
755.15	0	.4960492	.2811445	.2228063	0
754.15	0	.4962463	.2809753	.2227784	0
753.15	0	.4964415	.2808081	.2227504	0
752.15	0	.4966347	.2806429	.2227224	0
751.15	0	.496826	.2804797	.2226943	0
750.15	0	.4970152	.2803186	.2226662	0
749.15	0	.4972025	.2801595	.222638	0
748.15	0	.4973879	.2800024	.2226097	0
747.15	0	.4975713	.2798473	.2225814	0
746.15	0	.4977527	.2796942	.2225531	0
745.15	0	.4979323	.2795431	.2225247	0
744.15	0	.4981099	.2793939	.2224962	0
743.15	0	.4982857	.2792466	.2224677	0
742.15	0	.4984596	.2791014	.2224391	0
741.15	0	.4986315	.278958	.2224105	0
740.15	0	.4988017	.2788165	.2223818	0
739.15	0	.49897	.278677	.2223531	0
738.15	0	.4991364	.2785394	.2223243	0
737.15	0	.499301	.2784036	.2222954	0
736.15	0	.4994638	.2782697	.2222665	0
735.15	0	.4996248	.2781376	.2222376	0
734.15	0	.4997841	.2780074	.2222086	0
733.15	0	.4999415	.277879	.2221795	0
732.15	0	.5000999	.2777504	.2221497	0
731.15	0	.5002537	.2776258	.2221205	0
730.15	0	.5004057	.2775029	.2220914	0
729.15	0	.5005561	.2773818	.2220622	0
728.15	0	.5007047	.2772624	.2220329	0
727.15	0	.5008517	.2771448	.2220035	0
726.15	0	.500997	.2770288	.2219741	0
725.15	0	.5011407	.2769146	.2219447	0
724.15	0	.5012827	.2768021	.2219152	0
723.15	0	.5014232	.2766912	.2218856	0
722.15	0	.501562	.276582	.221856	0
721.15	0	.5016993	.2764744	.2218264	0
720.15	0	.5018349	.2763684	.2217967	0
719.15	0	.501969	.2762641	.2217669	0
718.15	0	.5021016	.2761613	.2217371	0
717.15	0	.5022326	.2760602	.2217072	0
716.15	0	.5023621	.2759606	.2216773	0
715.15	0	.5024901	.2758626	.2216474	0
714.15	0	.5026166	.2757661	.2216173	0
713.15	0	.5027416	.2756711	.2215873	0
712.15	0	.5028652	.2755777	.2215572	0
711.15	0	.5029873	.2754857	.221527	0
710.15	0	.5031079	.2753953	.2214968	0
709.15	0	.5032272	.2753063	.2214665	0
708.15	0	.503345	.2752187	.2214362	0
707.15	0	.5034615	.2751326	.2214059	0
706.15	0	.5035765	.275048	.2213755	0
705.15	0	.5036902	.2749647	.2213451	0
704.15	0	.5038025	.2748829	.2213146	0
703.15	0	.5039135	.2748024	.2212841	0
702.15	0	.5040231	.2747234	.2212535	0
701.15	0	.5041315	.2746456	.2212229	0
700.15	0	.5042385	.2745693	.2211922	0
699.15	0	.5043443	.2744942	.2211615	0
698.15	0	.5044487	.2744205	.2211308	0
697.15	0	.5045519	.2743481	.2211	0
696.15	0	.5046538	.274277	.2210692	0
695.15	0	.5047545	.2742071	.2210383	0
694.15	0	.504854	.2741386	.2210074	0
693.15	0	.5049522	.2740713	.2209765	0
692.15	0	.5050493	.2740052	.2209455	0
691.15	0	.5051451	.2739404	.2209145	0
690.15	0	.5052398	.2738768	.2208835	0
689.15	0	.5053333	.2738143	.2208524	0
688.15	0	.5054256	.2737531	.2208213	0
687.15	0	.5055168	.2736931	.2207901	0
686.15	0	.5056069	.2736342	.2207589	0
685.15	0	.5056958	.2735765	.2207277	0
684.15	0	.5057837	.2735199	.2206964	0
683.15	0	.5058704	.2734645	.2206651	0
682.15	0	.505956	.2734102	.2206338	0
681.15	0	.5060406	.273357	.2206024	0
680.15	0	.5061241	.2733049	.220571	0
679.15	0	.5062065	.2732539	.2205396	0
678.15	0	.5062879	.2732039	.2205081	0
677.15	0	.5063683	.2731551	.2204767	0
676.15	0	.5064476	.2731072	.2204452	0
675.15	0	.506526	.2730604	.2204136	0
674.15	0	.5066033	.2730147	.220382	0
673.15	0	.5066796	.27297	.2203504	0
672.15	0	.506755	.2729262	.2203188	0
671.15	0	.5068293	.2728835	.2202872	0
670.15	0	.5069027	.2728418	.2202555	0
669.15	0	.5069752	.272801	.2202238	0
668.15	0	.5070467	.2727612	.220192	0
667.15	0	.5071173	.2727224	.2201603	0
666.15	0	.507187	.2726845	.2201285	0
665.15	0	.5072557	.2726476	.2200967	0
664.15	0	.5073236	.2726116	.2200649	0
663.15	0	.5073905	.2725765	.220033	0
662.15	0	.5074566	.2725423	.2200012	0
661.15	0	.5075218	.272509	.2199693	0
660.15	0	.5075861	.2724765	.2199374	0
659.15	0	.5076496	.272445	.2199055	0
658.15	0	.5077122	.2724143	.2198735	0
657.15	0	.5077739	.2723845	.2198415	0
656.15	0	.5078349	.2723556	.2198096	0
655.15	0	.507895	.2723275	.2197776	0
654.15	0	.5079543	.2723002	.2197455	0
653.15	0	.5080128	.2722737	.2197135	0
652.15	0	.5080705	.2722481	.2196815	0
651.15	0	.5081274	.2722232	.2196494	0
650.15	0	.5081835	.2721992	.2196173	0
649.15	0	.5082389	.2721759	.2195852	0
648.15	0	.5082935	.2721534	.2195531	0
647.15	0	.5083473	.2721317	.219521	0
646.15	0	.5084004	.2721108	.2194888	0
645.15	0	.5084527	.2720906	.2194567	0
644.15	0	.5085043	.2720712	.2194246	0
643.15	0	.5085552	.2720525	.2193924	0
642.15	0	.5086053	.2720345	.2193602	0
641.15	0	.5086548	.2720172	.219328	0
640.15	0	.5087035	.2720007	.2192958	0
639.15	0	.5087515	.2719848	.2192636	0
638.15	0	.5087989	.2719697	.2192314	0
637.15	0	.5088456	.2719552	.2191992	0
636.15	0	.5088915	.2719415	.219167	0
635.15	0	.5089369	.2719284	.2191348	0
634.15	0	.5089815	.2719159	.2191026	0
633.15	0	.5090255	.2719042	.2190703	0
632.15	0	.5090689	.2718931	.2190381	0
631.15	0	.5091116	.2718826	.2190058	0
630.15	0	.5091537	.2718727	.2189736	0
629.15	0	.5091951	.2718635	.2189413	0
628.15	0	.5092359	.271855	.2189091	0
627.15	0	.5092762	.271847	.2188769	0
626.15	0	.5093158	.2718396	.2188446	0
625.15	0	.5093548	.2718329	.2188124	0
624.15	0	.5093932	.2718267	.2187801	0
623.15	0	.509431	.2718212	.2187479	0
622.15	0	.5094682	.2718162	.2187156	0
621.15	0	.5095049	.2718118	.2186834	0
620.15	0	.5095409	.2718079	.2186511	0
619.15	0	.5095764	.2718046	.2186189	0
618.15	0	.5096114	.2718019	.2185867	0
617.15	0	.5096458	.2717998	.2185545	0
616.15	0	.5096796	.2717981	.2185222	0
615.15	0	.5097129	.271797	.21849	0
614.15	0	.5097457	.2717965	.2184578	0
613.15	0	.5097779	.2717964	.2184256	0
612.15	0	.5098097	.2717969	.2183934	0
611.15	0	.5098408	.2717979	.2183613	0
610.15	0	.5098715	.2717994	.2183291	0
609.15	0	.5099017	.2718014	.2182969	0
608.15	0	.5099313	.2718039	.2182648	0
607.15	0	.5099605	.2718069	.2182327	0
606.15	0	.5099891	.2718103	.2182005	0
605.15	0	.5100173	.2718143	.2181684	0
604.15	0	.510045	.2718187	.2181363	0
603.15	0	.5100722	.2718236	.2181042	0
602.15	0	.5100989	.2718289	.2180722	0
601.15	0	.5101252	.2718347	.2180401	0
600.15	0	.510151	.271841	.2180081	0
599.15	0	.5101763	.2718476	.2179761	0
598.15	0	.5102012	.2718548	.217944	0
597.15	0	.5102256	.2718623	.217912	0
596.15	0	.5102496	.2718703	.2178801	0
595.15	0	.5102732	.2718787	.2178481	0
594.15	0	.5102963	.2718875	.2178162	0
593.15	0	.510319	.2718968	.2177843	0
592.15	0	.5103412	.2719064	.2177524	0
591.15	0	.510363	.2719165	.2177205	0
590.15	0	.5103844	.2719269	.2176887	0
589.15	0	.5104054	.2719377	.2176568	0
588.15	0	.510426	.271949	.217625	0
587.15	0	.5104462	.2719606	.2175933	0
586.15	0	.510466	.2719726	.2175615	0
585.15	0	.5104853	.2719849	.2175298	0
584.15	0	.5105043	.2719976	.2174981	0
583.15	0	.5105229	.2720107	.2174664	0
582.15	0	.5105411	.2720241	.2174347	0
581.15	0	.510559	.2720379	.2174031	0
580.15	0	.5105764	.2720521	.2173715	0
579.15	0	.5105935	.2720666	.2173399	0
578.15	0	.5106102	.2720814	.2173084	0
577.15	0	.5106266	.2720966	.2172769	0
576.15	0	.5106426	.272112	.2172454	0
575.15	0	.5106582	.2721279	.2172139	0
574.15	0	.5106735	.272144	.2171825	0
573.15	0	.5106884	.2721605	.2171511	0
572.15	0	.510703	.2721773	.2171198	0
571.15	0	.5107172	.2721943	.2170885	0
570.15	0	.5107311	.2722117	.2170572	0
569.15	0	.5107447	.2722294	.2170259	0
568.15	0	.5107579	.2722474	.2169947	0
567.15	0	.5107708	.2722657	.2169635	0
566.15	0	.5107834	.2722842	.2169323	0
565.15	0	.5107957	.2723031	.2169012	0
564.15	0	.5108076	.2723222	.2168702	0
563.15	0	.5108193	.2723416	.2168391	0
562.15	0	.5108306	.2723613	.2168081	0
561.15	0	.5108416	.2723813	.2167772	0
560.15	0	.5108523	.2724015	.2167463	0
559.15	0	.5108627	.2724219	.2167154	0
558.15	0	.5108728	.2724427	.2166846	0
557.15	0	.5108826	.2724636	.2166538	0
556.15	0	.5108921	.2724849	.216623	0
555.15	0	.5109014	.2725063	.2165923	0
554.15	0	.5109103	.2725281	.2165616	0
553.15	0	.510919	.27255	.216531	0
552.15	0	.5109274	.2725722	.2165004	0
551.15	0	.5109355	.2725946	.2164699	0
550.15	0	.5109433	.2726173	.2164394	0
549.15	0	.5109509	.2726401	.216409	0
548.15	0	.5109582	.2726632	.2163786	0
547.15	0	.5109652	.2726865	.2163482	0
546.15	0	.510972	.2727101	.2163179	0
545.15	0	.5109785	.2727338	.2162877	0
544.15	0	.5109848	.2727577	.2162575	0
543.15	0	.5109908	.2727819	.2162273	0
542.15	0	.5109966	.2728062	.2161972	0
541.15	0	.5110021	.2728307	.2161672	0
540.15	0	.5110073	.2728555	.2161372	0
539.15	0	.5110124	.2728804	.2161073	0
538.15	0	.5110172	.2729055	.2160774	0
537.15	0	.5110217	.2729308	.2160475	0
536.15	0	.511026	.2729562	.2160177	0
535.15	0	.5110301	.2729819	.215988	0
534.15	0	.511034	.2730077	.2159583	0
533.15	0	.5110376	.2730337	.2159287	0
532.15	0	.511041	.2730598	.2158992	0
531.15	0	.5110442	.2730861	.2158697	0
530.15	0	.5110472	.2731126	.2158402	0
529.15	0	.51105	.2731392	.2158108	0
528.15	0	.5110525	.273166	.2157815	0
527.15	0	.5110548	.273193	.2157522	0
526.15	0	.511057	.2732201	.215723	0
525.15	0	.5110589	.2732473	.2156938	0
524.15	0	.5110606	.2732747	.2156648	0
523.15	0	.5110621	.2733022	.2156357	0
522.15	0	.5110634	.2733298	.2156068	0
521.15	0	.5110645	.2733576	.2155778	0
520.15	0	.5110655	.2733855	.215549	0
519.15	0	.5110662	.2734136	.2155202	0
518.15	0	.5110667	.2734418	.2154915	0
517.15	0	.5110671	.27347	.2154629	0
516.15	0	.5110672	.2734985	.2154343	0
515.15	0	.5110672	.273527	.2154058	0
514.15	0	.511067	.2735556	.2153773	0
513.15	0	.5110667	.2735844	.2153489	0
512.15	0	.5110661	.2736133	.2153206	0
511.15	0	.5110654	.2736422	.2152924	0
510.15	0	.5110645	.2736713	.2152642	0
509.15	0	.5110634	.2737005	.2152361	0
508.15	0	.5110622	.2737298	.215208	0
507.15	0	.5110608	.2737592	.2151801	0
506.15	0	.5110592	.2737886	.2151521	0
505.2578	0	.5110577	.273815	.2151273	0
505.2578	0	.5110577	.273815	.2151273	0
505.2578	0	.5110577	.273815	.2151273	0
505.15	0	.5110875	.273751	.2150923	6.912481E-05
504.15	0	.5113633	.2731592	.2147684	7.090933E-04
503.15	0	.5116375	.2725698	.2144454	.00134731
502.15	0	.5119099	.271983	.2141233	.00198379
501.15	0	.5121808	.2713985	.2138022	.00261855
500.15	0	.51245	.2708164	.213482	.003251606
499.15	0	.5127175	.2702368	.2131627	.003882972
498.15	0	.5129836	.2696594	.2128444	.004512665
497.15	0	.513248	.2690844	.2125269	.005140699
496.15	0	.5135109	.2685116	.2122103	.005767089
495.15	0	.5137723	.2679412	.2118946	.006391851
494.15	0	.5140322	.2673729	.2115799	.007014998
493.15	0	.5142907	.2668068	.2112659	.007636546
492.15	0	.5145477	.266243	.2109529	.00825651
491.15	0	.5148032	.2656812	.2106407	.008874902
490.15	0	.5150575	.2651216	.2103292	.009491784
489.15	0	.5153102	.2645641	.2100187	.01010708
488.15	0	.5155615	.2640086	.209709	.01072084
487.15	0	.5158115	.2634552	.2094002	.01133309
486.15	0	.5160602	.2629038	.2090922	.01194384
485.15	0	.5163075	.2623544	.208785	.0125531
484.15	0	.5165535	.261807	.2084786	.01316088
483.15	0	.5167982	.2612615	.2081731	.01376721
482.15	0	.5170416	.260718	.2078683	.01437208
481.15	0	.5172838	.2601763	.2075644	.01497552
480.15	0	.5175247	.2596365	.2072612	.01557754
479.15	0	.5177645	.2590986	.2069588	.01617814
478.15	0	.518003	.2585625	.2066572	.01677735
477.15	0	.5182403	.2580282	.2063564	.01737517
476.15	0	.5184765	.2574956	.2060563	.01797163
475.15	0	.5187115	.2569649	.205757	.01856672
474.15	0	.5189453	.2564358	.2054584	.01916046
473.15	0	.5191781	.2559085	.2051606	.01975286
472.15	0	.5194097	.2553829	.2048635	.02034394
471.15	0	.5196402	.2548589	.2045672	.02093371
470.15	0	.5198697	.2543366	.2042716	.02152217
469.15	0	.520098	.2538159	.2039767	.02210934
468.15	0	.5203254	.2532968	.2036826	.02269524
467.15	0	.5205517	.2527794	.2033891	.02327987
466.15	0	.5207769	.2522634	.2030964	.02386324
465.15	0	.5210012	.2517491	.2028044	.02444537
464.15	0	.5212245	.2512362	.202513	.02502626
463.15	0	.5214468	.2507249	.2022224	.02560593
462.15	0	.5216681	.250215	.2019325	.02618439
461.15	0	.5218885	.2497067	.2016432	.02676165
460.15	0	.5221079	.2491997	.2013546	.02733771
459.15	0	.5223264	.2486942	.2010667	.0279126
458.15	0	.522544	.2481902	.2007795	.02848631
457.15	0	.5227607	.2476875	.200493	.02905886
456.15	0	.5229765	.2471862	.2002071	.02963027
455.15	0	.5231914	.2466862	.1999218	.03020053
454.15	0	.5234055	.2461876	.1996372	.03076966
453.15	0	.5236187	.2456903	.1993533	.03133768
452.15	0	.5238311	.2451943	.19907	.03190458
451.15	0	.5240426	.2446997	.1987873	.03247038
450.15	0	.5242534	.2442062	.1985053	.0330351
449.15	0	.5244633	.243714	.1982239	.03359874
448.15	0	.5246725	.243223	.1979432	.03416132
447.15	0	.5248809	.2427332	.197663	.03472283
446.15	0	.5250885	.2422446	.1973835	.0352833
445.15	0	.5252955	.2417572	.1971046	.03584272
444.15	0	.5255016	.2412709	.1968263	.03640112
443.15	0	.5257071	.2407858	.1965486	.0369585
442.15	0	.5259118	.2403017	.1962716	.03751487
