T	 BPW(LIQUID)	BPW(BCC_A2)	BPW(FCC_A1)	BPW(LAVES_PHASE_C14)	BPW(NI3TI)
1473.15	.6447163	.3552837	0	0	0
1472.15	.64068	.35932	0	0	0
1471.15	.6366681	.3633319	0	0	0
1470.15	.6326804	.3673196	0	0	0
1469.193	.6288848	.3711152	0	0	0
1469.193	.6288848	.3711152	0	0	0
1469.193	.6288848	.3711152	0	0	0
1469.15	.6285445	.3713428	0	1.127782E-04	0
1468.15	.6206136	.3766436	0	.002742868	0
1467.15	.612821	.3818481	0	.005330934	0
1466.15	.6051632	.3869587	0	.007878079	0
1465.15	.5976368	.3919778	0	.01038537	0
1464.15	.5902385	.3969077	0	.01285383	0
1463.15	.582965	.4017505	0	.01528446	0
1462.15	.5758133	.4065085	0	.01767822	0
1461.15	.5687803	.4111836	0	.02003605	0
1460.15	.5618632	.415778	0	.02235884	0
1459.15	.5550592	.4202934	0	.02464746	0
1458.15	.5483654	.4247318	0	.02690276	0
1457.15	.5417794	.429095	0	.02912557	0
1456.15	.5352985	.4333849	0	.03131666	0
1455.15	.5289202	.437603	0	.0334768	0
1454.15	.5226422	.441751	0	.03560674	0
1453.15	.5164622	.4458306	0	.0377072	0
1452.15	.5103777	.4498434	0	.03977888	0
1451.15	.5043868	.4537907	0	.04182245	0
1450.15	.4984872	.4576742	0	.04383857	0
1449.15	.4926769	.4614952	0	.04582787	0
1448.15	.4869539	.4652552	0	.04779097	0
1447.15	.4813161	.4689554	0	.04972848	0
1446.15	.4757619	.4725972	0	.05164097	0
1445.15	.4702892	.4761818	0	.053529	0
1444.15	.4648964	.4797105	0	.05539314	0
1443.15	.4595816	.4831845	0	.0572339	0
1442.15	.4543432	.486605	0	.05905181	0
1441.15	.4491796	.489973	0	.06084736	0
1440.15	.4440892	.4932898	0	.06262105	0
1439.15	.4390703	.4965563	0	.06437335	0
1438.15	.4341216	.4997737	0	.06610473	0
1437.15	.4292416	.5029428	0	.06781562	0
1436.15	.4244287	.5060648	0	.06950647	0
1435.15	.4196817	.5091406	0	.07117771	0
1434.15	.4149992	.5121711	0	.07282973	0
1433.15	.4103798	.5151572	0	.07446295	0
1432.15	.4058223	.5180999	0	.07607776	0
1431.15	.4013255	.521	0	.07767453	0
1430.15	.3968881	.5238583	0	.07925364	0
1429.15	.3925089	.5266757	0	.08081544	0
1428.15	.3881868	.5294529	0	.08236029	0
1427.15	.3839206	.5321908	0	.08388853	0
1426.15	.3797094	.5348902	0	.08540049	0
1425.15	.3755519	.5375516	0	.0868965	0
1424.15	.3714472	.540176	0	.08837686	0
1423.15	.3673942	.5427639	0	.0898419	0
1422.15	.363392	.5453161	0	.0912919	0
1421.15	.3594395	.5478333	0	.09272717	0
1420.15	.3555359	.5503161	0	.09414798	0
1419.15	.3516802	.5527651	0	.09555462	0
1418.15	.3478716	.5551811	0	.09694735	0
1417.15	.3441091	.5575644	0	.09832645	0
1416.15	.3403919	.5599159	0	.09969216	0
1415.15	.3367192	.5622361	0	.1010447	0
1414.15	.3330901	.5645254	0	.1023844	0
1413.15	.3295039	.5667846	0	.1037115	0
1412.15	.3259598	.5690141	0	.1050261	0
1411.15	.3224569	.5712145	0	.1063286	0
1410.15	.3189947	.5733862	0	.1076191	0
1409.15	.3155723	.5755298	0	.1088978	0
1408.15	.3121891	.5776459	0	.1101651	0
1407.15	.3088443	.5797347	0	.111421	0
1406.15	.3055373	.5817969	0	.1126657	0
1405.15	.3022675	.583833	0	.1138996	0
1404.15	.2990341	.5858432	0	.1151227	0
1403.15	.2958365	.5878282	0	.1163353	0
1402.15	.2926742	.5897883	0	.1175375	0
1401.15	.2895465	.5917239	0	.1187296	0
1400.15	.2864529	.5936355	0	.1199116	0
1399.15	.2833927	.5955234	0	.1210839	0
1398.15	.2803654	.5973882	0	.1222464	0
1397.15	.2773704	.59923	0	.1233995	0
1396.15	.2744073	.6010495	0	.1245432	0
1395.15	.2714754	.6028468	0	.1256778	0
1394.15	.2685743	.6046224	0	.1268034	0
1393.15	.2657034	.6063766	0	.1279201	0
1392.15	.2628623	.6081097	0	.129028	0
1391.15	.2600504	.6098222	0	.1301274	0
1390.15	.2572673	.6115143	0	.1312183	0
1389.15	.2545126	.6131864	0	.132301	0
1388.15	.2517857	.6148388	0	.1333755	0
1387.15	.2490863	.6164718	0	.1344419	0
1386.15	.2464138	.6180858	0	.1355005	0
1385.15	.2437679	.6196809	0	.1365512	0
1384.15	.2411481	.6212576	0	.1375944	0
1383.15	.238554	.622816	0	.13863	0
1382.15	.2359853	.6243566	0	.1396581	0
1381.15	.2334415	.6258795	0	.140679	0
1380.15	.2309222	.627385	0	.1416928	0
1379.15	.2284271	.6288735	0	.1426994	0
1378.15	.2259558	.6303451	0	.1436991	0
1377.15	.2235079	.6318002	0	.1446919	0
1376.15	.2210831	.6332389	0	.145678	0
1375.15	.218681	.6346615	0	.1466575	0
1374.15	.2163012	.6360684	0	.1476304	0
1373.15	.2139435	.6374596	0	.1485969	0
1372.15	.2116075	.6388355	0	.149557	0
1371.15	.2092929	.6401962	0	.1505109	0
1370.15	.2069993	.6415421	0	.1514586	0
1369.15	.2047265	.6428732	0	.1524003	0
1368.15	.2024741	.6441899	0	.153336	0
1367.15	.2002419	.6454923	0	.1542658	0
1366.15	.1980295	.6467807	0	.1551898	0
1365.15	.1958367	.6480553	0	.1561081	0
1364.15	.1936631	.6493162	0	.1570207	0
1363.15	.1915085	.6505636	0	.1579279	0
1362.15	.1893727	.6517978	0	.1588295	0
1361.15	.1872553	.653019	0	.1597257	0
1360.15	.1851561	.6542273	0	.1606167	0
1359.15	.1830748	.6554229	0	.1615024	0
1358.15	.1810112	.656606	0	.1623829	0
1357.15	.178965	.6577767	0	.1632583	0
1356.15	.176936	.6589353	0	.1641287	0
1355.15	.1749239	.6600819	0	.1649942	0
1354.15	.1729285	.6612167	0	.1658547	0
1353.15	.1709496	.6623399	0	.1667105	0
1352.15	.1689869	.6634516	0	.1675615	0
1351.15	.1670403	.6645519	0	.1684078	0
1350.15	.1651094	.665641	0	.1692495	0
1349.15	.1631941	.6667192	0	.1700867	0
1348.15	.1612942	.6677864	0	.1709193	0
1347.15	.1594095	.668843	0	.1717475	0
1346.15	.1575396	.669889	0	.1725714	0
1345.15	.1556846	.6709245	0	.1733909	0
1344.15	.153844	.6719498	0	.1742062	0
1343.15	.1520179	.6729649	0	.1750173	0
1342.15	.1502058	.67397	0	.1758242	0
1341.15	.1484078	.6749652	0	.176627	0
1340.15	.1466235	.6759507	0	.1774258	0
1339.15	.1448529	.6769266	0	.1782206	0
1338.15	.1430956	.677893	0	.1790114	0
1337.15	.1413516	.67885	0	.1797984	0
1336.15	.1396207	.6797978	0	.1805815	0
1335.15	.1379026	.6807365	0	.1813609	0
1334.15	.1361973	.6816662	0	.1821365	0
1333.15	.1345046	.682587	0	.1829084	0
1332.15	.1328243	.683499	0	.1836767	0
1331.15	.1311562	.6844024	0	.1844414	0
1330.47	.1300294	.6850115	0	.1849591	0
1330.47	.1300294	.6850115	0	.1849591	0
1330.47	.1300294	.6850115	0	.1849591	0
1330.15	.1275692	.6838892	.003078869	.1854628	0
1329.15	.1199039	.6804332	.01263908	.1870238	0
1328.15	.1122593	.677048	.02212466	.1885681	0
1327.15	.1046347	.6737328	.03153674	.1900958	0
1326.15	.09702961	.6704868	.04087646	.1916071	0
1325.15	.08944338	.6673092	.05014495	.1931024	0
1324.15	.08187542	.6641994	.05934328	.1945819	0
1323.15	.07432516	.6611565	.06847254	.1960458	0
1322.15	.06679205	.6581798	.07753377	.1974944	0
1321.15	.05927551	.6552687	.08652802	.1989278	0
1320.15	.05177503	.6524224	.0954563	.2003463	0
1319.15	.04429005	.6496402	.1043196	.2017501	0
1318.15	.03682008	.6469215	.1131189	.2031395	0
1317.15	.02936458	.6442657	.1218552	.2045145	0
1316.15	.02192308	.641672	.1305294	.2058755	0
1315.15	.01449506	.6391399	.1391425	.2072226	0
1314.15	.007080068	.6366686	.1476953	.2085561	0
1313.194	0	.6343614	.1558198	.2098188	0
1313.194	0	.6343614	.1558198	.2098188	0
1313.15	0	.6343012	.1558602	.2098386	0
1312.15	0	.6329202	.156787	.2102929	0
1311.15	0	.6315432	.157711	.2107459	0
1310.15	0	.6301702	.1586323	.2111976	0
1309.15	0	.6288011	.1595509	.211648	0
1308.15	0	.6274361	.1604668	.2120972	0
1307.15	0	.626075	.16138	.2125451	0
1306.15	0	.6247178	.1622905	.2129917	0
1305.15	0	.6233646	.1631984	.2134371	0
1304.15	0	.6220153	.1641035	.2138812	0
1303.15	0	.6206699	.165006	.2143241	0
1302.15	0	.6193284	.1659059	.2147658	0
1301.15	0	.6179908	.1668031	.2152062	0
1300.15	0	.616657	.1676976	.2156454	0
1299.15	0	.6153272	.1685895	.2160834	0
1298.15	0	.6140012	.1694787	.2165201	0
1297.15	0	.6126791	.1703653	.2169557	0
1296.15	0	.6113608	.1712492	.21739	0
1295.15	0	.6100463	.1721305	.2178231	0
1294.15	0	.6087357	.1730092	.2182551	0
1293.15	0	.6074289	.1738853	.2186858	0
1292.15	0	.6061259	.1747587	.2191154	0
1291.15	0	.6048267	.1756296	.2195438	0
1290.15	0	.6035312	.1764978	.2199709	0
1289.15	0	.6022396	.1773635	.220397	0
1288.15	0	.6009517	.1782265	.2208218	0
1287.15	0	.5996675	.1790869	.2212455	0
1286.15	0	.5983871	.1799448	.2216681	0
1285.15	0	.5971105	.1808	.2220895	0
1284.15	0	.5958376	.1816527	.2225097	0
1283.15	0	.5945684	.1825029	.2229288	0
1282.15	0	.5933029	.1833504	.2233467	0
1281.15	0	.5920411	.1841953	.2237636	0
1280.15	0	.590783	.1850378	.2241792	0
1279.15	0	.5895286	.1858776	.2245938	0
1278.15	0	.5882779	.1867149	.2250072	0
1277.15	0	.5870308	.1875496	.2254196	0
1276.15	0	.5857874	.1883818	.2258308	0
1275.15	0	.5845477	.1892114	.2262409	0
1274.15	0	.5833116	.1900385	.2266499	0
1273.15	0	.5820791	.1908631	.2270578	0
1272.15	0	.5808503	.1916851	.2274646	0
1271.15	0	.5796251	.1925046	.2278703	0
1270.15	0	.5784035	.1933216	.228275	0
1269.15	0	.5771855	.194136	.2286785	0
1268.15	0	.5759711	.1949479	.229081	0
1267.15	0	.5747603	.1957573	.2294824	0
1266.15	0	.5735531	.1965642	.2298827	0
1265.15	0	.5723494	.1973686	.230282	0
1264.15	0	.5711493	.1981705	.2306802	0
1263.15	0	.5699528	.1989699	.2310774	0
1262.15	0	.5687598	.1997667	.2314735	0
1261.15	0	.5675703	.2005611	.2318685	0
1260.15	0	.5663844	.201353	.2322625	0
1259.15	0	.5652021	.2021424	.2326555	0
1258.15	0	.5640232	.2029293	.2330475	0
1257.15	0	.5628479	.2037138	.2334384	0
1256.15	0	.561676	.2044957	.2338283	0
1255.15	0	.5605077	.2052752	.2342171	0
1254.15	0	.5593429	.2060522	.234605	0
1253.15	0	.5581815	.2068267	.2349918	0
1252.15	0	.5570237	.2075987	.2353776	0
1251.15	0	.5558693	.2083683	.2357624	0
1250.15	0	.5547184	.2091354	.2361462	0
1249.15	0	.5535709	.2099001	.236529	0
1248.15	0	.5524269	.2106623	.2369108	0
1247.15	0	.5512863	.211422	.2372917	0
1246.15	0	.5501492	.2121793	.2376715	0
1245.15	0	.5490155	.2129342	.2380503	0
1244.15	0	.5478852	.2136865	.2384282	0
1243.15	0	.5467584	.2144365	.2388051	0
1242.15	0	.545635	.215184	.239181	0
1241.15	0	.544515	.215929	.239556	0
1240.15	0	.5433984	.2166716	.23993	0
1239.15	0	.5422852	.2174118	.240303	0
1238.15	0	.5411754	.2181496	.2406751	0
1237.15	0	.540069	.2188849	.2410462	0
1236.15	0	.5389659	.2196177	.2414164	0
1235.15	0	.5378662	.2203482	.2417856	0
1234.15	0	.5367699	.2210762	.2421539	0
1233.15	0	.535677	.2218018	.2425212	0
1232.15	0	.5345875	.2225249	.2428876	0
1231.15	0	.5335012	.2232457	.2432531	0
1230.15	0	.5324184	.223964	.2436176	0
1229.15	0	.5313389	.2246799	.2439812	0
1228.15	0	.5302627	.2253934	.2443439	0
1227.15	0	.5291898	.2261045	.2447057	0
1226.15	0	.5281203	.2268131	.2450666	0
1225.15	0	.5270541	.2275194	.2454265	0
1224.15	0	.5259912	.2282232	.2457856	0
1223.15	0	.5249317	.2289246	.2461437	0
1222.15	0	.5238754	.2296237	.2465009	0
1221.15	0	.5228225	.2303203	.2468573	0
1220.15	0	.5217728	.2310145	.2472127	0
1219.15	0	.5207265	.2317063	.2475673	0
1218.15	0	.5196834	.2323957	.2479209	0
1217.15	0	.5186436	.2330827	.2482737	0
1216.15	0	.5176071	.2337672	.2486256	0
1215.15	0	.5165739	.2344494	.2489766	0
1214.15	0	.515544	.2351292	.2493268	0
1213.15	0	.5145173	.2358066	.2496761	0
1212.15	0	.5134939	.2364816	.2500245	0
1211.15	0	.5124738	.2371542	.250372	0
1210.15	0	.5114569	.2378244	.2507187	0
1209.15	0	.5104432	.2384923	.2510645	0
1208.15	0	.5094328	.2391577	.2514095	0
1207.15	0	.5084257	.2398207	.2517536	0
1206.15	0	.5074218	.2404814	.2520968	0
1205.15	0	.5064211	.2411396	.2524393	0
1204.15	0	.5054237	.2417954	.2527808	0
1203.15	0	.5044295	.2424489	.2531216	0
1202.15	0	.5034386	.2431	.2534615	0
1201.15	0	.5024508	.2437487	.2538005	0
1200.15	0	.5014663	.2443949	.2541388	0
1199.15	0	.500485	.2450389	.2544762	0
1198.15	0	.4995069	.2456804	.2548127	0
1197.15	0	.498532	.2463195	.2551485	0
1196.15	0	.4975604	.2469562	.2554834	0
1195.15	0	.4965919	.2475906	.2558175	0
1194.15	0	.4956266	.2482225	.2561508	0
1193.15	0	.4946646	.2488521	.2564833	0
1192.15	0	.4937057	.2494793	.256815	0
1191.15	0	.49275	.2501041	.2571459	0
1190.15	0	.4917975	.2507265	.257476	0
1189.15	0	.4908482	.2513465	.2578052	0
1188.15	0	.4899021	.2519641	.2581337	0
1187.15	0	.4889592	.2525794	.2584614	0
1186.15	0	.4880195	.2531922	.2587883	0
1185.15	0	.4870829	.2538027	.2591144	0
1184.15	0	.4861495	.2544108	.2594397	0
1183.15	0	.4852193	.2550164	.2597642	0
1182.15	0	.4842923	.2556197	.260088	0
1181.15	0	.4833684	.2562206	.260411	0
1180.15	0	.4824477	.2568191	.2607332	0
1179.15	0	.4815302	.2574152	.2610546	0
1178.15	0	.4806158	.2580089	.2613753	0
1177.15	0	.4797046	.2586003	.2616952	0
1176.15	0	.4787965	.2591892	.2620143	0
1175.15	0	.4778917	.2597757	.2623327	0
1174.15	0	.4769899	.2603598	.2626503	0
1173.15	0	.4760913	.2609416	.2629671	0
1172.15	0	.4751959	.2615209	.2632832	0
1171.15	0	.4743036	.2620978	.2635985	0
1170.15	0	.4734145	.2626723	.2639131	0
1169.15	0	.4725286	.2632445	.264227	0
1168.15	0	.4716457	.2638142	.2645401	0
1167.15	0	.4707661	.2643815	.2648524	0
1166.15	0	.4698895	.2649464	.2651641	0
1165.15	0	.4690162	.2655089	.2654749	0
1164.15	0	.4681459	.266069	.2657851	0
1163.15	0	.4672788	.2666267	.2660945	0
1162.15	0	.4664149	.2671819	.2664032	0
1161.15	0	.4655541	.2677348	.2667111	0
1160.15	0	.4646964	.2682852	.2670184	0
1159.15	0	.4638419	.2688332	.2673249	0
1158.15	0	.4629905	.2693788	.2676307	0
1157.15	0	.4621423	.269922	.2679357	0
1156.15	0	.4612972	.2704628	.2682401	0
1155.15	0	.4604552	.2710011	.2685437	0
1154.15	0	.4596163	.271537	.2688467	0
1153.15	0	.4587806	.2720705	.2691489	0
1152.15	0	.4579481	.2726015	.2694504	0
1151.15	0	.4571187	.2731301	.2697512	0
1150.15	0	.4562924	.2736563	.2700513	0
1149.15	0	.4554693	.27418	.2703507	0
1148.15	0	.4546493	.2747013	.2706494	0
1147.15	0	.4538324	.2752202	.2709474	0
1146.15	0	.4530187	.2757366	.2712447	0
1145.15	0	.4522081	.2762505	.2715413	0
1144.15	0	.4514007	.276762	.2718373	0
1143.15	0	.4505964	.2772711	.2721325	0
1142.15	0	.4497952	.2777777	.2724271	0
1141.15	0	.4489972	.2782818	.2727209	0
1140.15	0	.4482024	.2787835	.2730141	0
1139.15	0	.4474106	.2792827	.2733066	0
1138.15	0	.446622	.2797795	.2735985	0
1137.15	0	.4458366	.2802738	.2738896	0
1136.15	0	.4450543	.2807656	.2741801	0
1135.15	0	.4442752	.2812549	.2744699	0
1134.15	0	.4434992	.2817418	.2747591	0
1133.15	0	.4427263	.2822261	.2750476	0
1132.15	0	.4419566	.282708	.2753354	0
1131.15	0	.4411901	.2831874	.2756225	0
1130.15	0	.4404267	.2836643	.275909	0
1129.15	0	.4396664	.2841387	.2761948	0
1128.15	0	.4389093	.2846107	.27648	0
1127.15	0	.4381554	.2850801	.2767645	0
1126.15	0	.4374047	.285547	.2770484	0
1125.15	0	.436657	.2860114	.2773316	0
1124.15	0	.4359126	.2864733	.2776141	0
1123.15	0	.4351713	.2869327	.277896	0
1122.15	0	.4344332	.2873895	.2781773	0
1121.15	0	.4336983	.2878438	.2784579	0
1120.15	0	.4329665	.2882956	.2787378	0
1119.15	0	.4322379	.2887449	.2790172	0
1118.15	0	.4315125	.2891916	.2792958	0
1117.15	0	.4307903	.2896358	.2795739	0
1116.15	0	.4300712	.2900775	.2798513	0
1115.15	0	.4293554	.2905166	.2801281	0
1114.15	0	.4286427	.2909531	.2804042	0
1113.15	0	.4279332	.2913871	.2806797	0
1112.15	0	.4272269	.2918186	.2809546	0
1111.15	0	.4265238	.2922474	.2812288	0
1110.15	0	.4258239	.2926737	.2815024	0
1109.15	0	.4251272	.2930974	.2817754	0
1108.15	0	.4244337	.2935186	.2820478	0
1107.15	0	.4237434	.2939371	.2823195	0
1106.15	0	.4230563	.2943531	.2825906	0
1105.15	0	.4223724	.2947664	.2828611	0
1104.15	0	.4216918	.2951772	.283131	0
1103.15	0	.4210144	.2955854	.2834003	0
1102.15	0	.4203402	.2959909	.2836689	0
1101.15	0	.4196692	.2963939	.2839369	0
1100.15	0	.4190015	.2967942	.2842044	0
1099.15	0	.418337	.2971919	.2844712	0
1098.15	0	.4176757	.2975869	.2847374	0
1097.15	0	.4170177	.2979794	.285003	0
1096.15	0	.4163629	.2983692	.2852679	0
1095.15	0	.4157114	.2987563	.2855323	0
1094.15	0	.4150631	.2991408	.2857961	0
1093.15	0	.4144181	.2995226	.2860592	0
1092.15	0	.4137764	.2999018	.2863218	0
1091.15	0	.413138	.3002783	.2865838	0
1090.15	0	.4125028	.3006521	.2868451	0
1089.15	0	.4118709	.3010233	.2871059	0
1088.15	0	.4112422	.3013917	.287366	0
1087.15	0	.4106169	.3017575	.2876256	0
1086.15	0	.4099949	.3021205	.2878846	0
1085.15	0	.4093762	.3024809	.288143	0
1084.15	0	.4087607	.3028385	.2884008	0
1083.15	0	.4081486	.3031935	.2886579	0
1082.15	0	.4075398	.3035457	.2889146	0
1081.15	0	.4069343	.3038951	.2891706	0
1080.15	0	.4063322	.3042419	.289426	0
1079.15	0	.4057333	.3045858	.2896808	0
1078.15	0	.4051379	.3049271	.2899351	0
1077.15	0	.4045457	.3052656	.2901887	0
1076.15	0	.4039569	.3056013	.2904418	0
1075.15	0	.4033715	.3059342	.2906943	0
1074.15	0	.4027894	.3062644	.2909462	0
1073.15	0	.4022107	.3065918	.2911975	0
1072.15	0	.4016354	.3069164	.2914483	0
1071.15	0	.4010634	.3072381	.2916984	0
1070.15	0	.4004949	.3075571	.291948	0
1069.15	0	.3999297	.3078733	.292197	0
1068.15	0	.3993679	.3081866	.2924454	0
1067.15	0	.3988095	.3084971	.2926933	0
1066.15	0	.3982546	.3088048	.2929406	0
1065.15	0	.3977031	.3091097	.2931873	0
1064.15	0	.397155	.3094117	.2934334	0
1063.15	0	.3966103	.3097108	.2936789	0
1062.15	0	.396069	.3100071	.2939239	0
1061.15	0	.3955313	.3103004	.2941683	0
1060.15	0	.3949969	.310591	.2944121	0
1059.15	0	.3944661	.3108786	.2946554	0
1058.15	0	.3939387	.3111633	.2948981	0
1057.15	0	.3934147	.3114451	.2951402	0
1056.15	0	.3928943	.311724	.2953817	0
1055.15	0	.3923774	.312	.2956227	0
1054.15	0	.3918639	.312273	.2958631	0
1053.15	0	.391354	.3125431	.2961029	0
1052.15	0	.3908476	.3128103	.2963422	0
1051.15	0	.3903447	.3130745	.2965808	0
1050.15	0	.3898453	.3133357	.296819	0
1049.15	0	.3893495	.313594	.2970565	0
1048.15	0	.3888573	.3138493	.2972935	0
1047.15	0	.3883685	.3141015	.2975299	0
1046.15	0	.3878834	.3143508	.2977658	0
1045.15	0	.3874018	.3145971	.2980011	0
1044.15	0	.3869239	.3148404	.2982358	0
1043.15	0	.3864495	.3150806	.2984699	0
1042.15	0	.3859787	.3153178	.2987035	0
1041.15	0	.3855115	.315552	.2989365	0
1040.15	0	.3850479	.3157831	.299169	0
1039.15	0	.384588	.3160112	.2994008	0
1038.15	0	.3841317	.3162361	.2996322	0
1037.15	0	.3836791	.316458	.2998629	0
1036.15	0	.3832301	.3166768	.3000931	0
1035.15	0	.3827848	.3168925	.3003227	0
1034.15	0	.3823431	.3171052	.3005518	0
1033.15	0	.3819051	.3173146	.3007802	0
1032.15	0	.3814709	.317521	.3010081	0
1031.15	0	.3810403	.3177242	.3012355	0
1030.15	0	.3806135	.3179243	.3014623	0
1029.15	0	.3801903	.3181212	.3016885	0
1028.15	0	.3797709	.3183149	.3019141	0
1027.15	0	.3793553	.3185055	.3021392	0
1026.15	0	.3789434	.3186929	.3023637	0
1025.15	0	.3785353	.3188771	.3025876	0
1024.15	0	.3781309	.3190581	.302811	0
1023.15	0	.3777304	.3192358	.3030338	0
1022.15	0	.3773336	.3194104	.303256	0
1021.15	0	.3769407	.3195817	.3034777	0
1020.15	0	.3765515	.3197497	.3036988	0
1019.15	0	.3761662	.3199146	.3039193	0
1018.15	0	.3757847	.3200761	.3041392	0
1017.15	0	.3754071	.3202344	.3043585	0
1016.15	0	.3750333	.3203893	.3045773	0
1015.15	0	.3746634	.320541	.3047955	0
1014.15	0	.3742974	.3206894	.3050132	0
1013.15	0	.3739353	.3208345	.3052302	0
1012.15	0	.3735771	.3209762	.3054467	0
1011.15	0	.3732228	.3211146	.3056626	0
1010.15	0	.3728724	.3212497	.3058779	0
1009.15	0	.372526	.3213814	.3060926	0
1008.15	0	.3721835	.3215097	.3063068	0
1007.15	0	.371845	.3216346	.3065204	0
1006.15	0	.3715105	.3217562	.3067333	0
1005.15	0	.3711799	.3218744	.3069457	0
1004.15	0	.3708533	.3219891	.3071575	0
1003.15	0	.3705308	.3221004	.3073688	0
1002.15	0	.3702123	.3222084	.3075794	0
1001.15	0	.3698977	.3223128	.3077894	0
1000.15	0	.3695873	.3224139	.3079989	0
999.15	0	.3692809	.3225114	.3082077	0
998.15	0	.3689785	.3226055	.308416	0
997.15	0	.3686803	.3226961	.3086236	0
996.15	0	.3683861	.3227832	.3088307	0
995.15	0	.368096	.3228669	.3090371	0
994.15	0	.36781	.322947	.309243	0
993.15	0	.3675282	.3230236	.3094482	0
992.15	0	.3672505	.3230966	.3096529	0
991.15	0	.366977	.3231662	.3098569	0
990.15	0	.3667076	.3232321	.3100603	0
989.15	0	.3664424	.3232945	.3102631	0
988.15	0	.3661813	.3233534	.3104653	0
987.15	0	.3659245	.3234087	.3106669	0
986.15	0	.3656719	.3234603	.3108678	0
985.15	0	.3654234	.3235084	.3110682	0
984.15	0	.3651793	.3235529	.3112679	0
983.15	0	.3649393	.3235937	.3114669	0
982.15	0	.3647036	.323631	.3116654	0
981.15	0	.3644722	.3236646	.3118632	0
980.15	0	.3642451	.3236945	.3120604	0
979.15	0	.3640222	.3237208	.3122569	0
978.15	0	.3638037	.3237435	.3124528	0
977.15	0	.3635895	.3237625	.3126481	0
976.15	0	.3633796	.3237778	.3128427	0
975.15	0	.363174	.3237894	.3130366	0
974.15	0	.3629728	.3237973	.3132299	0
973.15	0	.3627759	.3238015	.3134226	0
972.15	0	.3625834	.323802	.3136146	0
971.15	0	.3623953	.3237988	.3138059	0
970.15	0	.3622115	.3237919	.3139966	0
969.15	0	.3620322	.3237812	.3141866	0
968.15	0	.3618573	.3237668	.3143759	0
967.15	0	.3616868	.3237487	.3145645	0
966.15	0	.3615207	.3237268	.3147525	0
965.15	0	.3613591	.3237011	.3149398	0
964.15	0	.3612019	.3236717	.3151264	0
963.15	0	.3610492	.3236385	.3153123	0
962.15	0	.360901	.3236016	.3154975	0
961.15	0	.3607572	.3235608	.315682	0
960.15	0	.360618	.3235163	.3158658	0
959.15	0	.3604832	.323468	.3160488	0
958.15	0	.3603529	.3234159	.3162312	0
957.15	0	.3602272	.32336	.3164129	0
956.15	0	.360106	.3233003	.3165938	0
955.15	0	.3599893	.3232368	.316774	0
954.15	0	.3598771	.3231694	.3169534	0
953.15	0	.3597695	.3230983	.3171322	0
952.15	0	.3596665	.3230234	.3173101	0
951.15	0	.359568	.3229446	.3174874	0
950.15	0	.3594741	.322862	.3176638	0
949.15	0	.3593848	.3227757	.3178395	0
948.15	0	.3593001	.3226855	.3180145	0
947.15	0	.3592199	.3225915	.3181887	0
946.15	0	.3591443	.3224936	.3183621	0
945.15	0	.3590734	.322392	.3185347	0
944.15	0	.359007	.3222865	.3187065	0
943.15	0	.3589452	.3221773	.3188775	0
942.15	0	.3588881	.3220642	.3190477	0
941.15	0	.3588356	.3219473	.3192171	0
940.15	0	.3587876	.3218266	.3193857	0
939.15	0	.3587443	.3217022	.3195535	0
938.15	0	.3587057	.3215739	.3197204	0
937.15	0	.3586716	.3214419	.3198865	0
936.15	0	.3586422	.3213061	.3200518	0
935.15	0	.3586173	.3211665	.3202162	0
934.15	0	.3585972	.3210231	.3203797	0
933.15	0	.3585816	.320876	.3205424	0
932.15	0	.3585706	.3207252	.3207042	0
931.15	0	.3585643	.3205706	.3208651	0
930.15	0	.3585626	.3204123	.3210251	0
929.15	0	.3585655	.3202503	.3211843	0
928.15	0	.358573	.3200845	.3213425	0
927.15	0	.3585851	.3199152	.3214998	0
926.15	0	.3586018	.3197421	.3216561	0
925.15	0	.3586231	.3195654	.3218115	0
924.15	0	.358649	.319385	.321966	0
923.15	0	.3586794	.3192011	.3221195	0
922.15	0	.3587144	.3190135	.3222721	0
921.15	0	.358754	.3188223	.3224237	0
920.15	0	.3587981	.3186276	.3225742	0
919.15	0	.3588468	.3184294	.3227238	0
918.15	0	.3588999	.3182277	.3228724	0
917.15	0	.3589576	.3180224	.32302	0
916.15	0	.3590198	.3178137	.3231665	0
915.15	0	.3590865	.3176016	.323312	0
914.15	0	.3591576	.317386	.3234564	0
913.15	0	.3592331	.3171671	.3235998	0
912.15	0	.3593131	.3169449	.323742	0
911.15	0	.3593975	.3167193	.3238832	0
910.15	0	.3594862	.3164905	.3240233	0
909.15	0	.3595794	.3162584	.3241623	0
908.15	0	.3596768	.3160231	.3243001	0
907.15	0	.3597786	.3157846	.3244368	0
906.15	0	.3598847	.315543	.3245723	0
905.15	0	.359995	.3152984	.3247066	0
904.15	0	.3601095	.3150507	.3248398	0
903.15	0	.3602282	.3148	.3249718	0
902.15	0	.3603511	.3145464	.3251025	0
901.15	0	.3604781	.3142899	.325232	0
900.15	0	.3606092	.3140306	.3253602	0
899.15	0	.3607444	.3137684	.3254872	0
898.15	0	.3608836	.3135036	.3256129	0
897.15	0	.3610267	.313236	.3257372	0
896.15	0	.3611738	.3129659	.3258603	0
895.15	0	.3613248	.3126933	.325982	0
894.15	0	.3614796	.3124181	.3261023	0
893.15	0	.3616382	.3121406	.3262213	0
892.15	0	.3618005	.3118607	.3263388	0
891.15	0	.3619665	.3115786	.3264549	0
890.15	0	.3621361	.3112943	.3265696	0
889.15	0	.3623093	.3110079	.3266828	0
888.15	0	.3624861	.3107194	.3267945	0
887.15	0	.3626662	.3104291	.3269047	0
886.15	0	.3628497	.3101369	.3270134	0
885.15	0	.3630366	.3098429	.3271205	0
884.15	0	.3632267	.3095474	.327226	0
883.15	0	.3634199	.3092502	.3273299	0
882.15	0	.3636162	.3089516	.3274321	0
881.15	0	.3638156	.3086517	.3275327	0
880.15	0	.3640178	.3083506	.3276316	0
879.15	0	.3642229	.3080484	.3277287	0
878.15	0	.3644308	.3077452	.3278241	0
877.15	0	.3646413	.3074411	.3279176	0
876.15	0	.3648543	.3071364	.3280094	0
875.15	0	.3650698	.306831	.3280992	0
874.15	0	.3652876	.3065252	.3281872	0
873.15	0	.3655076	.3062192	.3282732	0
872.15	0	.3657298	.305913	.3283573	0
871.15	0	.3659539	.3056068	.3284393	0
870.15	0	.3661799	.3053009	.3285192	0
869.15	0	.3664076	.3049953	.3285971	0
868.15	0	.3666369	.3046903	.3286728	0
867.15	0	.3668676	.3043861	.3287462	0
866.15	0	.3670997	.3040829	.3288174	0
865.15	0	.3673328	.3037808	.3288863	0
864.15	0	.367567	.3034802	.3289529	0
863.15	0	.3678019	.3031812	.329017	0
862.15	0	.3680374	.302884	.3290786	0
861.15	0	.3682733	.3025891	.3291376	0
860.15	0	.3685095	.3022965	.329194	0
859.15	0	.3687456	.3020067	.3292478	0
858.15	0	.3689815	.3017198	.3292987	0
857.15	0	.3692169	.3014364	.3293468	0
856.15	0	.3694516	.3011566	.3293919	0
855.15	0	.3696852	.3008808	.329434	0
854.15	0	.3699176	.3006095	.3294729	0
853.15	0	.3701484	.300343	.3295086	0
852.15	0	.3703773	.3000818	.3295409	0
851.15	0	.3706039	.2998264	.3295697	0
850.15	0	.3708279	.2995773	.3295949	0
849.15	0	.3710488	.2993349	.3296163	0
848.15	0	.3712663	.2991	.3296338	0
847.15	0	.3714798	.2988731	.3296472	0
846.15	0	.3716888	.2986549	.3296563	0
845.15	0	.3718929	.2984462	.329661	0
844.15	0	.372001	.2983654	.3296335	0
843.15	0	.3719351	.2985166	.3295483	0
842.15	0	.3719111	.2986188	.3294701	0
841.15	0	.3719246	.2986774	.329398	0
840.15	0	.3719717	.298697	.3293312	0
839.15	0	.3720493	.2986818	.329269	0
838.15	0	.3721543	.298635	.3292107	0
837.15	0	.3722841	.2985599	.329156	0
836.15	0	.3724367	.298459	.3291044	0
835.15	0	.3726098	.2983346	.3290556	0
834.15	0	.3728018	.2981891	.3290092	0
833.15	0	.3730109	.2980241	.328965	0
832.15	0	.3732357	.2978415	.3289228	0
831.15	0	.3734749	.2976428	.3288823	0
830.15	0	.3737271	.2974295	.3288435	0
829.15	0	.3739912	.2972027	.3288061	0
828.15	0	.3742663	.2969637	.3287699	0
827.15	0	.3745514	.2967137	.328735	0
826.15	0	.3748455	.2964535	.3287011	0
825.15	0	.3751478	.2961841	.3286681	0
824.15	0	.3754576	.2959063	.3286361	0
823.15	0	.3757743	.2956209	.3286048	0
822.15	0	.376097	.2953288	.3285742	0
821.15	0	.3764253	.2950304	.3285443	0
820.15	0	.3767585	.2947265	.328515	0
819.15	0	.3770961	.2944177	.3284862	0
818.15	0	.3774377	.2941044	.3284579	0
817.15	0	.3777827	.2937873	.3284301	0
816.15	0	.3781307	.2934666	.3284026	0
815.15	0	.3784814	.293143	.3283755	0
814.15	0	.3788344	.2928168	.3283488	0
813.15	0	.3791893	.2924884	.3283224	0
812.15	0	.3795457	.2921581	.3282962	0
811.15	0	.3799034	.2918263	.3282703	0
810.15	0	.3802621	.2914933	.3282446	0
809.15	0	.3806215	.2911594	.3282191	0
808.15	0	.3809814	.2908249	.3281938	0
807.15	0	.3813414	.2904899	.3281686	0
806.15	0	.3817015	.2901548	.3281437	0
805.15	0	.3820614	.2898198	.3281188	0
804.15	0	.3824209	.289485	.3280941	0
803.15	0	.3827798	.2891508	.3280694	0
802.15	0	.383138	.2888171	.3280449	0
801.15	0	.3834953	.2884843	.3280204	0
800.15	0	.3838515	.2881525	.3279961	0
799.15	0	.3842065	.2878218	.3279717	0
798.15	0	.3845602	.2874923	.3279475	0
797.15	0	.3849125	.2871643	.3279232	0
796.15	0	.3852632	.2868377	.3278991	0
795.15	0	.3856123	.2865128	.3278749	0
794.15	0	.3859596	.2861896	.3278508	0
793.15	0	.3863051	.2858681	.3278267	0
792.15	0	.3866487	.2855486	.3278026	0
791.15	0	.3869903	.2852311	.3277786	0
790.15	0	.3873299	.2849156	.3277545	0
789.15	0	.3876673	.2846023	.3277304	0
788.15	0	.3880025	.2842911	.3277064	0
787.15	0	.3883355	.2839822	.3276823	0
786.15	0	.3886662	.2836755	.3276582	0
785.15	0	.3889946	.2833713	.3276341	0
784.15	0	.3893206	.2830694	.32761	0
783.15	0	.3896442	.2827699	.3275859	0
782.15	0	.3899653	.2824729	.3275618	0
781.15	0	.390284	.2821784	.3275376	0
780.15	0	.3906002	.2818864	.3275134	0
779.15	0	.3909138	.281597	.3274892	0
778.15	0	.3912249	.2813102	.3274649	0
777.15	0	.3915334	.2810259	.3274406	0
776.15	0	.3918394	.2807443	.3274163	0
775.15	0	.3921427	.2804653	.327392	0
774.15	0	.3924435	.2801889	.3273676	0
773.15	0	.3927416	.2799152	.3273432	0
772.15	0	.3930371	.2796441	.3273188	0
771.15	0	.39333	.2793757	.3272943	0
770.15	0	.3936202	.27911	.3272698	0
769.15	0	.3939078	.278847	.3272452	0
768.15	0	.3941928	.2785866	.3272206	0
767.15	0	.3944752	.2783289	.327196	0
766.15	0	.3947549	.2780738	.3271713	0
765.15	0	.395032	.2778214	.3271466	0
764.15	0	.3953065	.2775717	.3271218	0
763.15	0	.3955784	.2773246	.327097	0
762.15	0	.3958477	.2770802	.3270721	0
761.15	0	.3961144	.2768384	.3270472	0
760.15	0	.3963785	.2765993	.3270223	0
759.15	0	.39664	.2763627	.3269973	0
758.15	0	.396899	.2761288	.3269723	0
757.15	0	.3971554	.2758974	.3269472	0
756.15	0	.3974092	.2756687	.3269221	0
755.15	0	.3976606	.2754425	.3268969	0
754.15	0	.3979094	.2752188	.3268717	0
753.15	0	.3981558	.2749977	.3268465	0
752.15	0	.3983997	.2747792	.3268212	0
751.15	0	.3986411	.2745631	.3267958	0
750.15	0	.39888	.2743495	.3267704	0
749.15	0	.3991165	.2741385	.326745	0
748.15	0	.3993507	.2739298	.3267195	0
747.15	0	.3995824	.2737236	.326694	0
746.15	0	.3998117	.2735199	.3266684	0
745.15	0	.4000387	.2733185	.3266428	0
744.15	0	.4002633	.2731196	.3266172	0
743.15	0	.4004856	.272923	.3265915	0
742.15	0	.4007055	.2727287	.3265657	0
741.15	0	.4009232	.2725368	.3265399	0
740.15	0	.4011387	.2723473	.3265141	0
739.15	0	.4013518	.27216	.3264882	0
738.15	0	.4015627	.271975	.3264623	0
737.15	0	.4017715	.2717923	.3264363	0
736.15	0	.401978	.2716118	.3264103	0
735.15	0	.4021823	.2714335	.3263842	0
734.15	0	.4023845	.2712574	.3263581	0
733.15	0	.4025845	.2710835	.326332	0
732.15	0	.4027824	.2709118	.3263058	0
731.15	0	.4029782	.2707422	.3262796	0
730.15	0	.403172	.2705748	.3262533	0
729.15	0	.4033636	.2704094	.326227	0
728.15	0	.4035558	.2702443	.3261999	0
727.15	0	.4037432	.2700832	.3261736	0
726.15	0	.4039286	.2699242	.3261471	0
725.15	0	.404112	.2697673	.3261207	0
724.15	0	.4042935	.2696123	.3260942	0
723.15	0	.404473	.2694593	.3260677	0
722.15	0	.4046507	.2693082	.3260411	0
721.15	0	.4048264	.2691591	.3260145	0
720.15	0	.4050002	.269012	.3259878	0
719.15	0	.4051721	.2688667	.3259611	0
718.15	0	.4053422	.2687234	.3259344	0
717.15	0	.4055105	.2685819	.3259076	0
716.15	0	.405677	.2684423	.3258808	0
715.15	0	.4058416	.2683045	.3258539	0
714.15	0	.4060045	.2681685	.325827	0
713.15	0	.4061656	.2680343	.3258001	0
712.15	0	.406325	.2679019	.3257731	0
711.15	0	.4064826	.2677713	.3257461	0
710.15	0	.4066386	.2676424	.325719	0
709.15	0	.4067928	.2675153	.3256919	0
708.15	0	.4069454	.2673899	.3256648	0
707.15	0	.4070963	.2672661	.3256376	0
706.15	0	.4072455	.2671441	.3256104	0
705.15	0	.4073931	.2670237	.3255831	0
704.15	0	.4075392	.266905	.3255559	0
703.15	0	.4076836	.2667879	.3255285	0
702.15	0	.4078264	.2666724	.3255012	0
701.15	0	.4079677	.2665585	.3254738	0
700.15	0	.4081074	.2664462	.3254464	0
699.15	0	.4082456	.2663355	.3254189	0
698.15	0	.4083823	.2662263	.3253914	0
697.15	0	.4085175	.2661186	.3253639	0
696.15	0	.4086512	.2660125	.3253364	0
695.15	0	.4087834	.2659079	.3253088	0
694.15	0	.4089141	.2658047	.3252812	0
693.15	0	.4090434	.265703	.3252535	0
692.15	0	.4091713	.2656028	.3252258	0
691.15	0	.4092978	.2655041	.3251981	0
690.15	0	.4094229	.2654067	.3251704	0
689.15	0	.4095466	.2653108	.3251426	0
688.15	0	.4096689	.2652163	.3251148	0
687.15	0	.4097899	.2651231	.325087	0
686.15	0	.4099095	.2650314	.3250591	0
685.15	0	.4100278	.264941	.3250313	0
684.15	0	.4101447	.2648519	.3250034	0
683.15	0	.4102604	.2647642	.3249754	0
682.15	0	.4103748	.2646778	.3249475	0
681.15	0	.4104879	.2645926	.3249195	0
680.15	0	.4105997	.2645088	.3248915	0
679.15	0	.4107103	.2644263	.3248634	0
678.15	0	.4108197	.264345	.3248354	0
677.15	0	.4109278	.2642649	.3248073	0
676.15	0	.4110347	.2641861	.3247792	0
675.15	0	.4111404	.2641085	.324751	0
674.15	0	.411245	.2640322	.3247229	0
673.15	0	.4113483	.263957	.3246947	0
672.15	0	.4114505	.263883	.3246665	0
671.15	0	.4115515	.2638102	.3246383	0
670.15	0	.4116514	.2637386	.32461	0
669.15	0	.4117502	.263668	.3245818	0
668.15	0	.4118478	.2635987	.3245535	0
667.15	0	.4119444	.2635305	.3245252	0
666.15	0	.4120398	.2634633	.3244969	0
665.15	0	.4121341	.2633973	.3244685	0
664.15	0	.4122274	.2633324	.3244402	0
663.15	0	.4123196	.2632685	.3244118	0
662.15	0	.4124108	.2632058	.3243834	0
661.15	0	.4125009	.2631441	.324355	0
660.15	0	.41259	.2630834	.3243266	0
659.15	0	.4126781	.2630237	.3242982	0
658.15	0	.4127652	.2629651	.3242697	0
657.15	0	.4128512	.2629075	.3242412	0
656.15	0	.4129363	.2628509	.3242127	0
655.15	0	.4130204	.2627954	.3241842	0
654.15	0	.4131035	.2627408	.3241557	0
653.15	0	.4131857	.2626871	.3241272	0
652.15	0	.4132669	.2626344	.3240987	0
651.15	0	.4133472	.2625827	.3240701	0
650.15	0	.4134265	.262532	.3240415	0
649.15	0	.4135049	.2624821	.324013	0
648.15	0	.4135824	.2624332	.3239844	0
647.15	0	.413659	.2623852	.3239558	0
646.15	0	.4137347	.2623381	.3239272	0
645.15	0	.4138095	.2622919	.3238986	0
644.15	0	.4138835	.2622466	.32387	0
643.15	0	.4139565	.2622021	.3238413	0
642.15	0	.4140288	.2621586	.3238127	0
641.15	0	.4141001	.2621159	.323784	0
640.15	0	.4141706	.262074	.3237554	0
639.15	0	.4142403	.262033	.3237267	0
638.15	0	.4143092	.2619928	.3236981	0
637.15	0	.4143772	.2619534	.3236694	0
636.15	0	.4144444	.2619149	.3236407	0
635.15	0	.4145108	.2618772	.323612	0
634.15	0	.4145764	.2618402	.3235833	0
633.15	0	.4146413	.2618041	.3235546	0
632.15	0	.4147053	.2617687	.3235259	0
631.15	0	.4147686	.2617341	.3234973	0
630.15	0	.4148311	.2617003	.3234686	0
629.15	0	.4148929	.2616672	.3234399	0
628.15	0	.4149539	.2616349	.3234112	0
627.15	0	.4150142	.2616034	.3233824	0
626.15	0	.4150737	.2615725	.3233537	0
625.15	0	.4151326	.2615424	.323325	0
624.15	0	.4151906	.261513	.3232963	0
623.15	0	.415248	.2614843	.3232676	0
622.15	0	.4153047	.2614564	.3232389	0
621.15	0	.4153607	.2614291	.3232102	0
620.15	0	.415416	.2614025	.3231815	0
619.15	0	.4154706	.2613766	.3231528	0
618.15	0	.4155245	.2613514	.3231241	0
617.15	0	.4155777	.2613268	.3230955	0
616.15	0	.4156303	.2613029	.3230668	0
615.15	0	.4156822	.2612797	.3230381	0
614.15	0	.4157335	.2612571	.3230094	0
613.15	0	.4157841	.2612351	.3229808	0
612.15	0	.4158341	.2612138	.3229521	0
611.15	0	.4158834	.2611931	.3229235	0
610.15	0	.4159321	.2611731	.3228948	0
609.15	0	.4159802	.2611536	.3228662	0
608.15	0	.4160277	.2611348	.3228375	0
607.15	0	.4160746	.2611165	.3228089	0
606.15	0	.4161208	.2610989	.3227803	0
605.15	0	.4161665	.2610818	.3227517	0
604.15	0	.4162116	.2610653	.3227231	0
603.15	0	.4162561	.2610494	.3226945	0
602.15	0	.4163	.2610341	.3226659	0
601.15	0	.4163433	.2610193	.3226374	0
600.15	0	.4163861	.2610051	.3226088	0
599.15	0	.4164282	.2609915	.3225803	0
598.15	0	.4164699	.2609783	.3225518	0
597.15	0	.4165109	.2609658	.3225233	0
596.15	0	.4165515	.2609538	.3224948	0
595.15	0	.4165915	.2609422	.3224663	0
594.15	0	.4166309	.2609313	.3224378	0
593.15	0	.4166698	.2609208	.3224094	0
592.15	0	.4167082	.2609109	.3223809	0
591.15	0	.4167461	.2609014	.3223525	0
590.15	0	.4167834	.2608925	.3223241	0
589.15	0	.4168202	.260884	.3222957	0
588.15	0	.4168566	.2608761	.3222674	0
587.15	0	.4168924	.2608686	.322239	0
586.15	0	.4169277	.2608616	.3222107	0
585.15	0	.4169625	.2608551	.3221824	0
584.15	0	.4169969	.2608491	.3221541	0
583.15	0	.4170307	.2608435	.3221258	0
582.15	0	.4170641	.2608384	.3220976	0
581.15	0	.417097	.2608337	.3220693	0
580.15	0	.4171294	.2608295	.3220411	0
579.15	0	.4171613	.2608257	.322013	0
578.15	0	.4171928	.2608224	.3219848	0
577.15	0	.4172239	.2608195	.3219567	0
576.15	0	.4172544	.260817	.3219285	0
575.15	0	.4172846	.260815	.3219004	0
574.15	0	.4173143	.2608134	.3218724	0
573.15	0	.4173435	.2608122	.3218443	0
572.15	0	.4173723	.2608114	.3218163	0
571.15	0	.4174007	.260811	.3217883	0
570.15	0	.4174286	.260811	.3217604	0
569.15	0	.4174562	.2608114	.3217324	0
568.15	0	.4174833	.2608122	.3217045	0
567.15	0	.4175099	.2608134	.3216767	0
566.15	0	.4175362	.260815	.3216488	0
565.15	0	.4175621	.260817	.321621	0
564.15	0	.4175875	.2608193	.3215932	0
563.15	0	.4176126	.260822	.3215654	0
562.15	0	.4176372	.2608251	.3215377	0
561.15	0	.4176615	.2608285	.32151	0
560.15	0	.4176854	.2608323	.3214823	0
559.15	0	.4177089	.2608365	.3214547	0
558.15	0	.417732	.260841	.3214271	0
557.15	0	.4177547	.2608458	.3213995	0
556.15	0	.417777	.260851	.321372	0
555.15	0	.417799	.2608565	.3213445	0
554.15	0	.4178206	.2608624	.321317	0
553.15	0	.4178419	.2608686	.3212896	0
552.15	0	.4178627	.2608751	.3212622	0
551.15	0	.4178833	.2608819	.3212348	0
550.15	0	.4179034	.2608891	.3212075	0
549.15	0	.4179232	.2608966	.3211802	0
548.15	0	.4179427	.2609044	.3211529	0
547.15	0	.4179618	.2609125	.3211257	0
546.15	0	.4179806	.2609209	.3210985	0
545.15	0	.417999	.2609296	.3210714	0
544.15	0	.4180172	.2609386	.3210443	0
543.15	0	.4180349	.2609478	.3210172	0
542.15	0	.4180524	.2609574	.3209902	0
541.15	0	.4180695	.2609673	.3209632	0
540.15	0	.4180863	.2609774	.3209363	0
539.15	0	.4181027	.2609878	.3209094	0
538.15	0	.4181189	.2609985	.3208826	0
537.15	0	.4181347	.2610095	.3208557	0
536.15	0	.4181503	.2610208	.320829	0
535.15	0	.4181655	.2610323	.3208023	0
534.15	0	.4181804	.261044	.3207756	0
533.15	0	.418195	.2610561	.3207489	0
532.15	0	.4182093	.2610683	.3207224	0
531.15	0	.4182233	.2610809	.3206958	0
530.15	0	.4182371	.2610936	.3206693	0
529.15	0	.4182505	.2611067	.3206429	0
528.15	0	.4182636	.2611199	.3206164	0
527.15	0	.4182765	.2611334	.3205901	0
526.15	0	.418289	.2611472	.3205638	0
525.15	0	.4183013	.2611612	.3205375	0
524.15	0	.4183133	.2611754	.3205113	0
523.15	0	.4183251	.2611898	.3204851	0
522.15	0	.4183365	.2612044	.320459	0
521.15	0	.4183477	.2612193	.320433	0
520.9487	0	.4183499	.2612223	.3204277	0
520.9487	0	.4183499	.2612223	.3204277	0
520.9487	0	.4183499	.2612223	.3204277	0
520.15	0	.4185646	.2607786	.3201826	4.741824E-04
519.15	0	.4188316	.2602256	.3198766	.001066238
518.15	0	.4190967	.2596752	.3195716	.001656516
517.15	0	.41936	.2591275	.3192675	.002245032
516.15	0	.4196214	.2585824	.3189643	.002831804
515.15	0	.4198811	.25804	.3186621	.003416847
514.15	0	.420139	.2575001	.3183608	.004000177
513.15	0	.4203951	.2569628	.3180603	.00458181
512.15	0	.4206495	.256428	.3177608	.005161763
511.15	0	.4209021	.2558956	.3174622	.005740049
510.15	0	.4211531	.2553657	.3171645	.006316685
509.15	0	.4214024	.2548383	.3168676	.006891686
508.15	0	.4216501	.2543132	.3165716	.007465066
507.15	0	.4218962	.2537905	.3162765	.008036841
506.15	0	.4221406	.2532701	.3159822	.008607026
505.15	0	.4223835	.2527521	.3156888	.009175635
504.15	0	.4226248	.2522363	.3153962	.009742681
503.15	0	.4228646	.2517227	.3151044	.01030818
502.15	0	.4231029	.2512114	.3148135	.01087215
501.15	0	.4233397	.2507023	.3145234	.01143459
500.15	0	.423575	.2501954	.3142341	.01199553
499.15	0	.4238088	.2496906	.3139456	.01255498
498.15	0	.4240412	.2491879	.3136579	.01311295
497.15	0	.4242722	.2486874	.313371	.01366946
496.15	0	.4245018	.2481888	.3130849	.01422451
495.15	0	.42473	.2476924	.3127995	.01477813
494.15	0	.4249568	.2471979	.312515	.01533032
493.15	0	.4251823	.2467055	.3122312	.01588109
492.15	0	.4254064	.246215	.3119481	.01643047
491.15	0	.4256293	.2457265	.3116658	.01697846
490.15	0	.425851	.2452398	.3113841	.01752512
489.15	0	.4260713	.2447551	.3111033	.01807037
488.15	0	.4262903	.2442722	.3108232	.01861427
487.15	0	.426508	.2437913	.3105439	.01915683
486.15	0	.4267246	.2433121	.3102653	.01969807
485.15	0	.4269399	.2428348	.3099873	.02023799
484.15	0	.427154	.2423592	.3097101	.02077661
483.15	0	.427367	.2418854	.3094336	.02131394
482.15	0	.4275788	.2414134	.3091579	.02184999
481.15	0	.4277894	.2409431	.3088827	.02238477
480.15	0	.4279989	.2404745	.3086083	.02291829
479.15	0	.4282073	.2400075	.3083346	.02345057
478.15	0	.4284146	.2395422	.3080616	.02398161
477.15	0	.4286208	.2390786	.3077892	.02451143
476.15	0	.4288259	.2386166	.3075175	.02504003
475.15	0	.42903	.2381562	.3072464	.02556744
474.15	0	.429233	.2376973	.306976	.02609365
473.15	0	.429435	.2372401	.3067063	.02661868
472.15	0	.4296359	.2367843	.3064372	.02714254
471.15	0	.4298359	.2363301	.3061687	.02766524
470.15	0	.4300349	.2358774	.3059009	.02818679
469.15	0	.4302329	.2354262	.3056338	.0287072
468.15	0	.4304299	.2349764	.3053672	.02922649
467.15	0	.430626	.2345281	.3051013	.02974465
466.15	0	.4308211	.2340813	.304836	.0302617
465.15	0	.4310153	.2336358	.3045713	.03077765
464.15	0	.4312086	.2331917	.3043072	.03129251
463.15	0	.431401	.2327491	.3040437	.03180629
462.15	0	.4315925	.2323077	.3037808	.032319
461.15	0	.4317831	.2318678	.3035185	.03283065
460.15	0	.4319729	.2314291	.3032568	.03334125
459.15	0	.4321618	.2309918	.3029957	.0338508
458.15	0	.4323498	.2305557	.3027352	.03435932
457.15	0	.432537	.230121	.3024752	.03486681
