T	 BPW(LIQUID)	BPW(BCC_A2)	BPW(FCC_A1)	BPW(LAVES_PHASE_C14)	BPW(NI3TI)
1473.15	.1884857	.8115143	0	0	0
1472.15	.1853705	.8146295	0	0	0
1471.15	.1822802	.8177198	0	0	0
1470.15	.1792147	.8207853	0	0	0
1469.15	.1761737	.8238263	0	0	0
1468.15	.173157	.826843	0	0	0
1467.15	.1701644	.8298356	0	0	0
1466.15	.1671957	.8328043	0	0	0
1465.15	.1642507	.8357493	0	0	0
1464.15	.1613292	.8386708	0	0	0
1463.15	.1584309	.8415691	0	0	0
1462.15	.1555558	.8444442	0	0	0
1461.15	.1527035	.8472965	0	0	0
1460.15	.149874	.8501261	0	0	0
1459.15	.1470669	.8529331	0	0	0
1458.15	.1442821	.8557179	0	0	0
1457.15	.1415194	.8584806	0	0	0
1456.15	.1387787	.8612213	0	0	0
1455.15	.1360596	.8639404	0	0	0
1454.15	.1333622	.8666379	0	0	0
1453.15	.130686	.869314	0	0	0
1452.15	.128031	.871969	0	0	0
1451.15	.125397	.874603	0	0	0
1450.15	.1227838	.8772162	0	0	0
1449.15	.1201911	.8798089	0	0	0
1448.15	.1176189	.8823811	0	0	0
1447.15	.115067	.884933	0	0	0
1446.15	.1125351	.8874649	0	0	0
1445.15	.1100232	.8899768	0	0	0
1444.15	.1075309	.8924691	0	0	0
1443.15	.1050582	.8949418	0	0	0
1442.15	.1026048	.8973952	0	0	0
1441.15	.1001707	.8998293	0	0	0
1440.15	.0977556	.9022444	0	0	0
1439.15	.09535935	.9046407	0	0	0
1438.15	.0929818	.9070182	0	0	0
1437.15	.09062278	.9093772	0	0	0
1436.15	.08828213	.9117179	0	0	0
1435.15	.08595968	.9140403	0	0	0
1434.15	.08365527	.9163447	0	0	0
1433.15	.08136874	.9186313	0	0	0
1432.15	.07909994	.9209001	0	0	0
1431.15	.0768487	.9231513	0	0	0
1430.15	.07461487	.9253851	0	0	0
1429.15	.0723983	.9276017	0	0	0
1428.15	.07019883	.9298012	0	0	0
1427.15	.0680163	.9319837	0	0	0
1426.15	.06585058	.9341494	0	0	0
1425.15	.06370151	.9362985	0	0	0
1424.15	.06156893	.9384311	0	0	0
1423.15	.05945272	.9405473	0	0	0
1422.15	.05735271	.9426473	0	0	0
1421.15	.05526876	.9447312	0	0	0
1420.15	.05320074	.9467993	0	0	0
1419.15	.0511485	.9488515	0	0	0
1418.15	.0491119	.9508881	0	0	0
1417.15	.0470908	.9529092	0	0	0
1416.15	.04508506	.9549149	0	0	0
1415.15	.04309456	.9569054	0	0	0
1414.15	.04111914	.9588809	0	0	0
1413.15	.03915869	.9608413	0	0	0
1412.15	.03721305	.9627869	0	0	0
1411.15	.03528212	.9647179	0	0	0
1410.15	.03336575	.9666343	0	0	0
1409.15	.03146381	.9685362	0	0	0
1408.15	.02957618	.9704238	0	0	0
1407.15	.02770274	.9722973	0	0	0
1406.15	.02584334	.9741566	0	0	0
1406.091	.02573486	.9742651	0	0	0
1406.091	.02573486	.9742651	0	0	0
1406.091	.02573486	.9742651	0	0	0
1405.15	.02322422	.975657	0	.001118783	0
1404.15	.02058752	.9771138	0	.00229869	0
1403.15	.01798131	.9785487	0	.003470007	0
1402.15	.01540505	.9799621	0	.004632892	0
1401.15	.0128582	.9813543	0	.0057875	0
1400.15	.0103402	.9827258	0	.00693398	0
1399.15	.007850559	.984077	0	.008072481	0
1398.15	.005388755	.9854081	0	.009203145	0
1397.15	.002954295	.9867196	0	.01032611	0
1396.15	5.466929E-04	.9880118	0	.01144152	0
1395.921	0	.9883045	0	.01169547	0
1395.921	0	.9883045	0	.01169547	0
1395.15	0	.9877078	0	.01229219	0
1394.15	0	.9869358	0	.01306417	0
1393.15	0	.9861656	0	.01383437	0
1392.15	0	.9853972	0	.0146028	0
1391.15	0	.9846305	0	.01536946	0
1390.15	0	.9838656	0	.01613436	0
1389.15	0	.9831025	0	.0168975	0
1388.15	0	.9823411	0	.0176589	0
1387.15	0	.9815815	0	.01841855	0
1386.15	0	.9808235	0	.01917646	0
1385.15	0	.9800674	0	.01993264	0
1384.15	0	.9793129	0	.0206871	0
1383.15	0	.9785602	0	.02143983	0
1382.15	0	.9778092	0	.02219085	0
1381.15	0	.9770598	0	.02294016	0
1380.15	0	.9763122	0	.02368777	0
1379.15	0	.9755663	0	.02443368	0
1378.15	0	.9748221	0	.0251779	0
1377.15	0	.9740796	0	.02592044	0
1376.15	0	.9733387	0	.02666129	0
1375.15	0	.9725995	0	.02740047	0
1374.15	0	.971862	0	.02813798	0
1373.15	0	.9711262	0	.02887383	0
1372.15	0	.970392	0	.02960802	0
1371.15	0	.9696594	0	.03034056	0
1370.15	0	.9689286	0	.03107145	0
1369.15	0	.9681993	0	.03180069	0
1368.15	0	.9674717	0	.03252831	0
1367.15	0	.9667457	0	.03325429	0
1366.15	0	.9660214	0	.03397865	0
1365.15	0	.9652986	0	.03470138	0
1364.15	0	.9645775	0	.0354225	0
1363.15	0	.963858	0	.03614202	0
1362.15	0	.9631401	0	.03685993	0
1361.15	0	.9624238	0	.03757624	0
1360.15	0	.9617091	0	.03829095	0
1359.15	0	.9609959	0	.03900408	0
1358.15	0	.9602844	0	.03971563	0
1357.15	0	.9595744	0	.04042559	0
1356.15	0	.958866	0	.04113399	0
1355.15	0	.9581592	0	.04184082	0
1354.15	0	.9574539	0	.04254608	0
1353.15	0	.9567502	0	.04324979	0
1352.15	0	.9560481	0	.04395194	0
1351.15	0	.9553475	0	.04465255	0
1350.15	0	.9546484	0	.04535161	0
1349.15	0	.9539509	0	.04604914	0
1348.15	0	.9532549	0	.04674514	0
1347.15	0	.9525604	0	.0474396	0
1346.15	0	.9518674	0	.04813255	0
1345.15	0	.951176	0	.04882397	0
1344.15	0	.9504861	0	.04951389	0
1343.15	0	.9497977	0	.05020229	0
1342.15	0	.9491108	0	.05088919	0
1341.15	0	.9484254	0	.0515746	0
1340.15	0	.9477415	0	.05225851	0
1339.15	0	.9470591	0	.05294093	0
1338.15	0	.9463781	0	.05362186	0
1337.15	0	.9456987	0	.05430132	0
1336.15	0	.9450207	0	.0549793	0
1335.15	0	.9443442	0	.05565582	0
1334.15	0	.9436691	0	.05633086	0
1333.15	0	.9429956	0	.05700445	0
1332.15	0	.9423234	0	.05767658	0
1331.15	0	.9416527	0	.05834726	0
1330.15	0	.9409835	0	.05901649	0
1329.15	0	.9403157	0	.05968428	0
1328.15	0	.9396494	0	.06035063	0
1327.15	0	.9389845	0	.06101554	0
1326.15	0	.938321	0	.06167903	0
1325.15	0	.9376589	0	.06234109	0
1324.15	0	.9369983	0	.06300174	0
1323.15	0	.936339	0	.06366096	0
1322.15	0	.9356812	0	.06431878	0
1321.15	0	.9350248	0	.06497519	0
1320.15	0	.9343698	0	.0656302	0
1319.15	0	.9337162	0	.0662838	0
1318.15	0	.933064	0	.06693602	0
1317.15	0	.9324132	0	.06758684	0
1316.15	0	.9317637	0	.06823628	0
1315.15	0	.9311157	0	.06888434	0
1314.15	0	.930469	0	.06953102	0
1313.15	0	.9298237	0	.07017633	0
1312.15	0	.9291797	0	.07082027	0
1311.15	0	.9285372	0	.07146285	0
1310.15	0	.9278959	0	.07210406	0
1309.15	0	.9272561	0	.07274392	0
1308.15	0	.9266176	0	.07338243	0
1307.15	0	.9259804	0	.0740196	0
1306.15	0	.9253446	0	.07465541	0
1305.15	0	.9247101	0	.07528989	0
1304.15	0	.924077	0	.07592303	0
1303.15	0	.9234452	0	.07655485	0
1302.15	0	.9228147	0	.07718533	0
1301.15	0	.9221855	0	.07781449	0
1300.15	0	.9215577	0	.07844233	0
1299.15	0	.9209311	0	.07906886	0
1298.15	0	.9203059	0	.07969408	0
1297.15	0	.919682	0	.08031799	0
1296.15	0	.9190594	0	.08094059	0
1295.15	0	.9184381	0	.08156189	0
1294.15	0	.9178181	0	.0821819	0
1293.15	0	.9171994	0	.08280062	0
1292.15	0	.9165819	0	.08341805	0
1291.15	0	.9159658	0	.0840342	0
1290.15	0	.9153509	0	.08464906	0
1289.15	0	.9147374	0	.08526265	0
1288.15	0	.914125	0	.08587497	0
1287.15	0	.913514	0	.08648602	0
1286.15	0	.9129042	0	.0870958	0
1285.15	0	.9122957	0	.08770432	0
1284.15	0	.9116884	0	.08831158	0
1283.15	0	.9110824	0	.08891759	0
1282.15	0	.9104777	0	.08952235	0
1281.15	0	.9098741	0	.09012586	0
1280.15	0	.9092719	0	.09072813	0
1279.15	0	.9086708	0	.09132916	0
1278.15	0	.9080711	0	.09192896	0
1277.15	0	.9074725	0	.09252752	0
1276.15	0	.9068751	0	.09312485	0
1275.15	0	.906279	0	.09372096	0
1274.15	0	.9056842	0	.09431584	0
1273.15	0	.9050905	0	.09490951	0
1272.15	0	.904498	0	.09550197	0
1271.15	0	.9039068	0	.09609321	0
1270.15	0	.9033168	0	.09668325	0
1269.15	0	.9027279	0	.09727208	0
1268.15	0	.9021403	0	.09785972	0
1267.15	0	.9015538	0	.09844615	0
1266.15	0	.9009686	0	.09903139	0
1265.15	0	.9003846	0	.09961545	0
1264.15	0	.8998017	0	.1001983	0
1263.15	0	.89922	0	.10078	0
1262.15	0	.8986395	0	.1013605	0
1261.15	0	.8980602	0	.1019398	0
1260.15	0	.897482	0	.102518	0
1259.15	0	.896905	0	.103095	0
1258.15	0	.8963292	0	.1036708	0
1257.15	0	.8957546	0	.1042454	0
1256.15	0	.8951811	0	.1048189	0
1255.15	0	.8946088	0	.1053913	0
1254.15	0	.8940376	0	.1059624	0
1253.15	0	.8934675	0	.1065325	0
1252.15	0	.8928986	0	.1071014	0
1251.15	0	.8923309	0	.1076691	0
1250.15	0	.8917643	0	.1082357	0
1249.15	0	.8911988	0	.1088012	0
1248.15	0	.8906345	0	.1093655	0
1247.15	0	.8900713	0	.1099287	0
1246.15	0	.8895092	0	.1104908	0
1245.15	0	.8889483	0	.1110517	0
1244.15	0	.8883885	0	.1116115	0
1243.15	0	.8878298	0	.1121703	0
1242.15	0	.8872722	0	.1127278	0
1241.15	0	.8867157	0	.1132843	0
1240.15	0	.8861603	0	.1138397	0
1239.15	0	.885606	0	.114394	0
1238.15	0	.8850529	0	.1149471	0
1237.15	0	.8845008	0	.1154992	0
1236.15	0	.8839499	0	.1160501	0
1235.15	0	.8834	0	.1166	0
1234.15	0	.8828512	0	.1171488	0
1233.15	0	.8823035	0	.1176965	0
1232.15	0	.8817569	0	.1182431	0
1231.15	0	.8812114	0	.1187886	0
1230.15	0	.8806669	0	.1193331	0
1229.15	0	.8801236	0	.1198764	0
1228.15	0	.8795813	0	.1204187	0
1227.15	0	.8790401	0	.1209599	0
1226.15	0	.8784999	0	.1215001	0
1225.15	0	.8779608	0	.1220392	0
1224.15	0	.8774228	0	.1225772	0
1223.15	0	.8768858	0	.1231142	0
1222.15	0	.8763499	0	.1236501	0
1221.15	0	.875815	0	.124185	0
1220.15	0	.8752812	0	.1247188	0
1219.15	0	.8747485	0	.1252515	0
1218.15	0	.8742167	0	.1257833	0
1217.15	0	.8736861	0	.1263139	0
1216.15	0	.8731564	0	.1268436	0
1215.15	0	.8726278	0	.1273722	0
1214.15	0	.8721003	0	.1278998	0
1213.15	0	.8715737	0	.1284263	0
1212.15	0	.8710482	0	.1289518	0
1211.15	0	.8705237	0	.1294763	0
1210.15	0	.8700003	0	.1299997	0
1209.15	0	.8694778	0	.1305222	0
1208.15	0	.8689564	0	.1310436	0
1207.15	0	.868436	0	.131564	0
1206.15	0	.8679166	0	.1320834	0
1205.15	0	.8673982	0	.1326018	0
1204.15	0	.8668809	0	.1331191	0
1203.15	0	.8663645	0	.1336355	0
1202.15	0	.8658491	0	.1341509	0
1201.15	0	.8653348	0	.1346653	0
1200.15	0	.8648214	0	.1351786	0
1199.15	0	.864309	0	.135691	0
1198.15	0	.8637976	0	.1362024	0
1197.15	0	.8632872	0	.1367128	0
1196.15	0	.8627778	0	.1372222	0
1195.15	0	.8622694	0	.1377306	0
1194.15	0	.8617619	0	.1382381	0
1193.15	0	.8612555	0	.1387445	0
1192.15	0	.86075	0	.13925	0
1191.15	0	.8602455	0	.1397545	0
1190.15	0	.8597419	0	.1402581	0
1189.15	0	.8592393	0	.1407607	0
1188.15	0	.8587377	0	.1412623	0
1187.15	0	.8582371	0	.1417629	0
1186.15	0	.8577374	0	.1422626	0
1185.15	0	.8572387	0	.1427613	0
1184.15	0	.8567409	0	.1432591	0
1183.15	0	.8562441	0	.1437559	0
1182.15	0	.8557483	0	.1442518	0
1181.15	0	.8552533	0	.1447467	0
1180.15	0	.8547594	0	.1452406	0
1179.15	0	.8542664	0	.1457336	0
1178.15	0	.8537743	0	.1462257	0
1177.15	0	.8532832	0	.1467168	0
1176.15	0	.852793	0	.147207	0
1175.15	0	.8523037	0	.1476963	0
1174.15	0	.8518154	0	.1481846	0
1173.15	0	.851328	0	.148672	0
1172.15	0	.8508415	0	.1491585	0
1171.15	0	.850356	0	.149644	0
1170.15	0	.8498714	0	.1501286	0
1169.15	0	.8493877	0	.1506123	0
1168.15	0	.8489049	0	.1510951	0
1167.15	0	.8484231	0	.1515769	0
1166.15	0	.8479421	0	.1520579	0
1165.15	0	.8474621	0	.1525379	0
1164.15	0	.846983	0	.153017	0
1163.15	0	.8465048	0	.1534952	0
1162.15	0	.8460275	0	.1539725	0
1161.15	0	.8455511	0	.1544489	0
1160.15	0	.8450756	0	.1549244	0
1159.15	0	.844601	0	.155399	0
1158.15	0	.8441273	0	.1558727	0
1157.15	0	.8436545	0	.1563455	0
1156.15	0	.8431826	0	.1568174	0
1155.15	0	.8427116	0	.1572884	0
1154.15	0	.8422415	0	.1577585	0
1153.15	0	.8417723	0	.1582277	0
1152.15	0	.8413039	0	.1586961	0
1151.15	0	.8408364	0	.1591636	0
1150.15	0	.8403699	0	.1596301	0
1149.15	0	.8399042	0	.1600958	0
1148.15	0	.8394393	0	.1605607	0
1147.15	0	.8389754	0	.1610246	0
1146.15	0	.8385123	0	.1614877	0
1145.15	0	.8380501	0	.1619499	0
1144.15	0	.8375888	0	.1624112	0
1143.15	0	.8371283	0	.1628717	0
1142.15	0	.8366687	0	.1633313	0
1141.15	0	.83621	0	.16379	0
1140.15	0	.8357521	0	.1642479	0
1139.15	0	.8352951	0	.1647049	0
1138.15	0	.8348389	0	.1651611	0
1137.15	0	.8343836	0	.1656164	0
1136.15	0	.8339291	0	.1660709	0
1135.15	0	.8334755	0	.1665245	0
1134.15	0	.8330228	0	.1669772	0
1133.15	0	.8325709	0	.1674291	0
1132.15	0	.8321198	0	.1678802	0
1131.15	0	.8316696	0	.1683304	0
1130.15	0	.8312202	0	.1687798	0
1129.15	0	.8307717	0	.1692283	0
1128.15	0	.830324	0	.169676	0
1127.15	0	.8298771	0	.1701229	0
1126.15	0	.8294311	0	.1705689	0
1125.15	0	.8289859	0	.1710141	0
1124.15	0	.8285415	0	.1714585	0
1123.15	0	.828098	0	.171902	0
1122.15	0	.8276552	0	.1723448	0
1121.15	0	.8272134	0	.1727866	0
1120.15	0	.8267723	0	.1732277	0
1119.15	0	.8263321	0	.1736679	0
1118.15	0	.8258926	0	.1741074	0
1117.15	0	.825454	0	.174546	0
1116.15	0	.8250162	0	.1749838	0
1115.15	0	.8245793	0	.1754207	0
1114.15	0	.8241431	0	.1758569	0
1113.15	0	.8237078	0	.1762923	0
1112.15	0	.8232732	0	.1767268	0
1111.15	0	.8228395	0	.1771605	0
1110.15	0	.8224065	0	.1775935	0
1109.15	0	.8219744	0	.1780256	0
1108.15	0	.8215431	0	.1784569	0
1107.15	0	.8211126	0	.1788875	0
1106.15	0	.8206828	0	.1793172	0
1105.15	0	.8202539	0	.1797461	0
1104.15	0	.8198258	0	.1801742	0
1103.15	0	.8193984	0	.1806016	0
1102.15	0	.8189719	0	.1810281	0
1101.15	0	.8185461	0	.1814539	0
1100.15	0	.8181211	0	.1818789	0
1099.15	0	.817697	0	.1823031	0
1098.15	0	.8172736	0	.1827265	0
1097.15	0	.8168509	0	.1831491	0
1096.15	0	.8164291	0	.1835709	0
1095.15	0	.816008	0	.183992	0
1094.15	0	.8155878	0	.1844122	0
1093.15	0	.8151683	0	.1848317	0
1092.15	0	.8147495	0	.1852505	0
1091.15	0	.8143316	0	.1856684	0
1090.15	0	.8139144	0	.1860856	0
1089.15	0	.813498	0	.186502	0
1088.15	0	.8130824	0	.1869176	0
1087.15	0	.8126675	0	.1873325	0
1086.15	0	.8122534	0	.1877466	0
1085.15	0	.8118401	0	.18816	0
1084.15	0	.8114275	0	.1885725	0
1083.15	0	.8110157	0	.1889843	0
1082.15	0	.8106046	0	.1893954	0
1081.15	0	.8101943	0	.1898057	0
1080.15	0	.8097848	0	.1902152	0
1079.15	0	.809376	0	.190624	0
1078.15	0	.808968	0	.1910321	0
1077.15	0	.8085607	0	.1914393	0
1076.15	0	.8081541	0	.1918459	0
1075.15	0	.8077484	0	.1922516	0
1074.15	0	.8073433	0	.1926567	0
1073.15	0	.8069391	0	.193061	0
1072.15	0	.8065355	0	.1934645	0
1071.15	0	.8061327	0	.1938673	0
1070.15	0	.8057307	0	.1942693	0
1069.15	0	.8053294	0	.1946707	0
1068.15	0	.8049288	0	.1950712	0
1067.15	0	.8045289	0	.1954711	0
1066.15	0	.8041298	0	.1958702	0
1065.15	0	.8037315	0	.1962685	0
1064.15	0	.8033338	0	.1966662	0
1063.15	0	.8029369	0	.1970631	0
1062.15	0	.8025408	0	.1974592	0
1061.15	0	.8021453	0	.1978547	0
1060.15	0	.8017506	0	.1982494	0
1059.15	0	.8013567	0	.1986433	0
1058.15	0	.8009634	0	.1990366	0
1057.15	0	.8005709	0	.1994291	0
1056.15	0	.8001791	0	.1998209	0
1055.15	0	.799788	0	.200212	0
1054.15	0	.7993976	0	.2006024	0
1053.15	0	.7990079	0	.2009921	0
1052.15	0	.798619	0	.201381	0
1051.15	0	.7982308	0	.2017692	0
1050.15	0	.7978433	0	.2021567	0
1049.15	0	.7974565	0	.2025435	0
1048.15	0	.7970704	0	.2029296	0
1047.15	0	.7966851	0	.2033149	0
1046.15	0	.7963004	0	.2036996	0
1045.15	0	.7959165	0	.2040835	0
1044.15	0	.7955332	0	.2044668	0
1043.15	0	.7951507	0	.2048493	0
1042.15	0	.7947689	0	.2052311	0
1041.15	0	.7943878	0	.2056122	0
1040.15	0	.7940073	0	.2059927	0
1039.15	0	.7936276	0	.2063724	0
1038.15	0	.7932486	0	.2067514	0
1037.15	0	.7928703	0	.2071297	0
1036.15	0	.7924926	0	.2075074	0
1035.15	0	.7921157	0	.2078843	0
1034.15	0	.7917395	0	.2082605	0
1033.15	0	.7913639	0	.2086361	0
1032.15	0	.7909891	0	.2090109	0
1031.15	0	.7906149	0	.2093851	0
1030.15	0	.7902415	0	.2097585	0
1029.15	0	.7898687	0	.2101313	0
1028.15	0	.7894966	0	.2105034	0
1027.15	0	.7891252	0	.2108748	0
1026.15	0	.7887545	0	.2112455	0
1025.15	0	.7883845	0	.2116155	0
1024.15	0	.7880151	0	.2119849	0
1023.15	0	.7876465	0	.2123535	0
1022.15	0	.7872785	0	.2127215	0
1021.15	0	.7869112	0	.2130888	0
1020.15	0	.7865446	0	.2134554	0
1019.15	0	.7861786	0	.2138214	0
1018.15	0	.7858134	0	.2141867	0
1017.15	0	.7854488	0	.2145513	0
1016.15	0	.7850848	0	.2149152	0
1015.15	0	.7847216	0	.2152784	0
1014.15	0	.784359	0	.215641	0
1013.15	0	.7839971	0	.2160029	0
1012.15	0	.7836359	0	.2163641	0
1011.15	0	.7832753	0	.2167247	0
1010.15	0	.7829154	0	.2170846	0
1009.15	0	.7825562	0	.2174438	0
1008.15	0	.7821977	0	.2178023	0
1007.15	0	.7818398	0	.2181602	0
1006.15	0	.7814825	0	.2185175	0
1005.15	0	.781126	0	.218874	0
1004.15	0	.7807701	0	.2192299	0
1003.15	0	.7804149	0	.2195852	0
1002.15	0	.7800603	0	.2199397	0
1001.15	0	.7797064	0	.2202937	0
1000.15	0	.7793531	0	.2206469	0
999.15	0	.7790005	0	.2209995	0
998.15	0	.7786485	0	.2213515	0
997.15	0	.7782972	0	.2217028	0
996.15	0	.7779466	0	.2220534	0
995.15	0	.7775966	0	.2224034	0
994.15	0	.7772473	0	.2227527	0
993.15	0	.7768986	0	.2231014	0
992.15	0	.7765506	0	.2234494	0
991.15	0	.7762032	0	.2237968	0
990.15	0	.7758565	0	.2241435	0
989.15	0	.7755104	0	.2244896	0
988.15	0	.775165	0	.224835	0
987.15	0	.7748202	0	.2251798	0
986.15	0	.774476	0	.225524	0
985.15	0	.7741325	0	.2258675	0
984.15	0	.7737897	0	.2262103	0
983.15	0	.7734475	0	.2265525	0
982.15	0	.7731059	0	.2268941	0
981.15	0	.772765	0	.227235	0
980.15	0	.7724247	0	.2275753	0
979.15	0	.772085	0	.227915	0
978.15	0	.771746	0	.228254	0
977.15	0	.7714077	0	.2285923	0
976.15	0	.7710699	0	.2289301	0
975.15	0	.7707328	0	.2292672	0
974.15	0	.7703964	0	.2296037	0
973.15	0	.7700605	0	.2299395	0
972.15	0	.7697253	0	.2302747	0
971.15	0	.7693908	0	.2306092	0
970.15	0	.7690568	0	.2309432	0
969.15	0	.7687235	0	.2312765	0
968.15	0	.7683909	0	.2316091	0
967.15	0	.7680588	0	.2319412	0
966.15	0	.7677274	0	.2322726	0
965.15	0	.7673966	0	.2326034	0
964.15	0	.7670665	0	.2329335	0
963.15	0	.7667369	0	.2332631	0
962.15	0	.766408	0	.233592	0
961.15	0	.7660798	0	.2339202	0
960.15	0	.7657521	0	.2342479	0
959.15	0	.7654251	0	.2345749	0
958.15	0	.7650987	0	.2349013	0
957.15	0	.7647729	0	.2352271	0
956.15	0	.7644477	0	.2355523	0
955.15	0	.7641232	0	.2358768	0
954.15	0	.7637992	0	.2362008	0
953.15	0	.7634759	0	.2365241	0
952.15	0	.7631533	0	.2368467	0
951.15	0	.7628312	0	.2371688	0
950.15	0	.7625097	0	.2374903	0
949.15	0	.7621889	0	.2378111	0
948.15	0	.7618687	0	.2381313	0
947.15	0	.7615491	0	.2384509	0
946.15	0	.7612301	0	.2387699	0
945.15	0	.7609117	0	.2390883	0
944.15	0	.760594	0	.2394061	0
943.15	0	.7602768	0	.2397232	0
942.15	0	.7599603	0	.2400397	0
941.15	0	.7596443	0	.2403557	0
940.15	0	.759329	0	.240671	0
939.15	0	.7590143	0	.2409857	0
938.15	0	.7587002	0	.2412998	0
937.15	0	.7583867	0	.2416133	0
936.15	0	.7580739	0	.2419262	0
935.15	0	.7577616	0	.2422384	0
934.15	0	.7574499	0	.2425501	0
933.15	0	.7571389	0	.2428611	0
932.15	0	.7568284	0	.2431716	0
931.15	0	.7565186	0	.2434814	0
930.15	0	.7562093	0	.2437907	0
929.15	0	.7559007	0	.2440993	0
928.15	0	.7555927	0	.2444074	0
927.15	0	.7552852	0	.2447148	0
926.15	0	.7549784	0	.2450216	0
925.15	0	.7546722	0	.2453278	0
924.15	0	.7543665	0	.2456335	0
923.845	0	.7542734	0	.2457266	0
923.845	0	.7542734	0	.2457266	0
923.845	0	.7542734	0	.2457266	0
923.15	0	.7537289	3.840134E-04	.2458871	0
922.15	0	.7529465	9.360616E-04	.2461174	0
921.15	0	.7521656	.001487516	.2463469	0
920.15	0	.7513862	.002038389	.2465754	0
919.15	0	.7506082	.002588692	.2468031	0
918.15	0	.7498317	.003138438	.2470299	0
917.15	0	.7490566	.003687638	.2472558	0
916.15	0	.7482829	.004236307	.2474808	0
915.15	0	.7475107	.004784456	.2477049	0
914.15	0	.7467398	.005332098	.2479281	0
913.15	0	.7459704	.005879246	.2481504	0
912.15	0	.7452023	.006425915	.2483718	0
911.15	0	.7444355	.006972116	.2485923	0
910.15	0	.7436702	.007517864	.248812	0
909.15	0	.7429062	.008063173	.2490307	0
908.15	0	.7421435	.008608057	.2492484	0
907.15	0	.7413822	.009152529	.2494653	0
906.15	0	.7406221	.009696605	.2496813	0
905.15	0	.7398634	.0102403	.2498963	0
904.15	0	.7391059	.01078362	.2501104	0
903.15	0	.7383498	.0113266	.2503236	0
902.15	0	.7375949	.01186924	.2505359	0
901.15	0	.7368413	.01241155	.2507472	0
900.15	0	.7360889	.01295356	.2509576	0
899.15	0	.7353377	.01349527	.251167	0
898.15	0	.7345878	.01403672	.2513755	0
897.15	0	.733839	.01457791	.2515831	0
896.15	0	.7330915	.01511885	.2517897	0
895.15	0	.7323451	.01565957	.2519953	0
894.15	0	.7315999	.01620008	.2522	0
893.15	0	.7308559	.01674041	.2524037	0
892.15	0	.7301129	.01728056	.2526065	0
891.15	0	.7293712	.01782055	.2528083	0
890.15	0	.7286305	.01836041	.2530091	0
889.15	0	.7278909	.01890015	.2532089	0
888.15	0	.7271524	.01943979	.2534078	0
887.15	0	.726415	.01997935	.2536056	0
886.15	0	.7256786	.02051884	.2538025	0
885.15	0	.7249433	.0210583	.2539984	0
884.15	0	.724209	.02159772	.2541932	0
883.15	0	.7234757	.02213715	.2543871	0
882.15	0	.7227435	.02267659	.25458	0
881.15	0	.7220121	.02321607	.2547718	0
880.15	0	.7212818	.02375561	.2549626	0
879.15	0	.7205524	.02429523	.2551524	0
878.15	0	.7198239	.02483495	.2553412	0
877.15	0	.7190963	.02537479	.2555289	0
876.15	0	.7183697	.02591478	.2557155	0
875.15	0	.7176439	.02645493	.2559012	0
874.15	0	.716919	.02699528	.2560858	0
873.15	0	.7161949	.02753584	.2562693	0
872.15	0	.7154716	.02807663	.2564517	0
871.15	0	.7147492	.02861769	.2566331	0
870.15	0	.7140275	.02915903	.2568134	0
869.15	0	.7133067	.02970069	.2569926	0
868.15	0	.7125865	.03024268	.2571708	0
867.15	0	.7118672	.03078503	.2573478	0
866.15	0	.7111485	.03132777	.2575238	0
865.15	0	.7104305	.03187092	.2576986	0
864.15	0	.7097132	.03241451	.2578723	0
863.15	0	.7089965	.03295857	.2580449	0
862.15	0	.7082805	.03350313	.2582164	0
861.15	0	.7075651	.03404821	.2583867	0
860.15	0	.7068503	.03459384	.2585559	0
859.15	0	.706136	.03514006	.2587239	0
858.15	0	.7054223	.03568689	.2588908	0
857.15	0	.7047091	.03623436	.2590565	0
856.15	0	.7039965	.0367825	.259221	0
855.15	0	.7032843	.03733135	.2593844	0
854.15	0	.7025725	.03788094	.2595465	0
853.15	0	.7018612	.0384313	.2597075	0
852.15	0	.7011503	.03898246	.2598673	0
851.15	0	.7004397	.03953445	.2600258	0
850.15	0	.6997296	.04008732	.2601831	0
849.15	0	.6990197	.0406411	.2603392	0
848.15	0	.6983107	.04119528	.260494	0
847.15	0	.6976014	.041751	.2606476	0
846.15	0	.6968924	.04230773	.2607999	0
845.15	0	.6961836	.04286552	.2609509	0
844.15	0	.6954749	.0434244	.2611007	0
843.15	0	.6947665	.04398441	.2612491	0
842.15	0	.6940581	.0445456	.2613963	0
841.15	0	.6933499	.04510801	.2615421	0
840.15	0	.6926417	.04567167	.2616866	0
839.15	0	.6919336	.04623664	.2618298	0
838.15	0	.6912254	.04680295	.2619716	0
837.15	0	.6905173	.04737064	.2621121	0
836.15	0	.6898091	.04793978	.2622511	0
835.15	0	.6891008	.0485104	.2623888	0
834.15	0	.6883923	.04908256	.2625251	0
833.15	0	.6876837	.04965629	.26266	0
832.15	0	.6869749	.05023166	.2627934	0
831.15	0	.6862659	.05080871	.2629254	0
830.15	0	.6855565	.0513875	.263056	0
829.15	0	.6848469	.05196809	.263185	0
828.15	0	.6841369	.05255052	.2633126	0
827.15	0	.6834265	.05313485	.2634387	0
826.15	0	.6827156	.05372115	.2635632	0
825.15	0	.6820042	.05430948	.2636863	0
824.15	0	.6812924	.05489988	.2638077	0
823.15	0	.6805799	.05549244	.2639276	0
822.15	0	.6798668	.05608721	.264046	0
821.15	0	.6791531	.05668427	.2641626	0
820.15	0	.6784386	.05728367	.2642777	0
819.15	0	.6777234	.0578855	.2643911	0
818.15	0	.6770073	.05848982	.2645029	0
817.15	0	.6762903	.05909671	.264613	0
816.15	0	.6755724	.05970625	.2647214	0
815.15	0	.6748535	.06031851	.264828	0
814.15	0	.6741335	.06093358	.2649329	0
813.15	0	.6734125	.06155155	.265036	0
812.15	0	.6726902	.0621725	.2651373	0
811.15	0	.6719667	.06279651	.2652368	0
810.15	0	.6712419	.06342369	.2653344	0
809.15	0	.6705157	.06405413	.2654302	0
808.15	0	.669788	.06468793	.265524	0
807.15	0	.6690589	.06532519	.265616	0
806.15	0	.6683281	.06596602	.2657059	0
805.15	0	.6675956	.06661053	.2657939	0
804.15	0	.6668614	.06725884	.2658798	0
803.15	0	.6661253	.06791105	.2659636	0
802.15	0	.6653873	.06856731	.2660454	0
801.15	0	.6646472	.06922772	.2661251	0
800.15	0	.663905	.06989243	.2662025	0
799.15	0	.6631606	.07056157	.2662778	0
798.15	0	.6624139	.07123529	.2663508	0
797.15	0	.6616647	.07191374	.2664216	0
796.15	0	.660913	.07259707	.26649	0
795.15	0	.6601586	.07328544	.266556	0
794.15	0	.6594013	.07397903	.2666196	0
793.15	0	.6586412	.07467801	.2666808	0
792.15	0	.6578781	.07538257	.2667394	0
791.15	0	.6571117	.0760929	.2667954	0
790.15	0	.656342	.07680919	.2668488	0
789.15	0	.6555688	.07753168	.2668995	0
788.15	0	.654792	.07826057	.2669475	0
787.15	0	.6540113	.0789961	.2669926	0
786.15	0	.6532267	.07973852	.2670348	0
785.15	0	.6524378	.08048808	.2670741	0
784.15	0	.6516446	.08124507	.2671104	0
783.15	0	.6508467	.08200976	.2671435	0
782.15	0	.6500441	.08278246	.2671734	0
781.15	0	.6492364	.0835635	.2672001	0
780.15	0	.6484235	.08435321	.2672233	0
779.15	0	.6476049	.08515195	.2672431	0
778.15	0	.6467806	.0859601	.2672593	0
777.15	0	.6459501	.08677808	.2672718	0
776.15	0	.6451132	.08760631	.2672805	0
775.15	0	.6442695	.08844527	.2672852	0
774.15	0	.6434187	.08929543	.2672859	0
773.15	0	.6425604	.09015733	.2672823	0
772.15	0	.6416941	.09103155	.2672744	0
771.15	0	.6408195	.09191867	.2672619	0
770.15	0	.639936	.09281937	.2672447	0
769.15	0	.6390431	.09373434	.2672225	0
768.15	0	.6381404	.09466436	.2671953	0
767.15	0	.6372271	.09561025	.2671627	0
766.15	0	.6363026	.09657291	.2671245	0
765.15	0	.6353663	.09755332	.2670804	0
764.15	0	.6344172	.09855256	.2670302	0
763.15	0	.6334546	.0995718	.2669736	0
762.15	0	.6324776	.1006123	.2669101	0
761.15	0	.631485	.1016756	.2668394	0
760.15	0	.6304757	.1027632	.2667611	0
759.15	0	.6294484	.1038768	.2666747	0
758.15	0	.6284017	.1050185	.2665797	0
757.15	0	.627334	.1061905	.2664755	0
756.15	0	.6262433	.1073952	.2663615	0
755.15	0	.6251277	.1086356	.2662368	0
754.15	0	.6239846	.1099148	.2661005	0
753.15	0	.6228114	.1112367	.2659519	0
752.15	0	.6216048	.1126057	.2657895	0
751.15	0	.620361	.1140268	.2656122	0
750.15	0	.6190755	.1155062	.2654183	0
749.15	0	.6175305	.11733	.2651395	0
748.15	0	.6149306	.1205453	.2645241	0
747.15	0	.6125548	.1234754	.2639698	0
746.15	0	.6103641	.12617	.2634659	0
745.15	0	.6083297	.1286662	.2630041	0
744.15	0	.6064291	.1309926	.2625783	0
743.15	0	.6046446	.133172	.2621834	0
742.15	0	.602962	.1352224	.2618155	0
741.15	0	.6013698	.1371589	.2614714	0
740.15	0	.5998581	.1389937	.2611483	0
739.15	0	.5984189	.1407372	.260844	0
738.15	0	.5970453	.1423982	.2605566	0
737.15	0	.5957313	.1439843	.2602844	0
736.15	0	.5944719	.1455019	.2600262	0
735.15	0	.5932627	.1469568	.2597805	0
734.15	0	.5920996	.148354	.2595464	0
733.15	0	.5909793	.1496978	.2593229	0
732.15	0	.5898986	.1509921	.2591093	0
731.15	0	.588855	.1522404	.2589046	0
730.15	0	.5878458	.1534458	.2587084	0
729.15	0	.5868689	.1546112	.2585199	0
728.15	0	.5859224	.1557389	.2583387	0
727.15	0	.5850043	.1568314	.2581643	0
726.15	0	.5841131	.1578907	.2579962	0
725.15	0	.5832473	.1589187	.257834	0
724.15	0	.5824054	.1599172	.2576774	0
723.15	0	.5815862	.1608877	.2575261	0
722.15	0	.5807887	.1618317	.2573797	0
721.15	0	.5800116	.1627505	.2572379	0
720.15	0	.5792539	.1636455	.2571006	0
719.15	0	.5785149	.1645178	.2569673	0
718.15	0	.5777935	.1653685	.256838	0
717.15	0	.577089	.1661985	.2567125	0
716.15	0	.5764008	.1670088	.2565905	0
715.15	0	.5757279	.1678003	.2564718	0
714.15	0	.57507	.1685737	.2563563	0
713.15	0	.5744262	.16933	.2562438	0
712.15	0	.5737961	.1700697	.2561343	0
711.15	0	.573179	.1707935	.2560275	0
710.15	0	.5725746	.1715021	.2559233	0
709.15	0	.5719823	.1721961	.2558217	0
708.15	0	.5714016	.172876	.2557224	0
707.15	0	.5708322	.1735424	.2556254	0
706.15	0	.5702736	.1741958	.2555306	0
705.15	0	.5697255	.1748366	.2554379	0
704.15	0	.5691875	.1754652	.2553473	0
703.15	0	.5686592	.1760822	.2552585	0
702.15	0	.5681404	.176688	.2551716	0
701.15	0	.5676307	.1772828	.2550865	0
700.15	0	.5671298	.1778672	.255003	0
699.15	0	.5666375	.1784413	.2549212	0
698.15	0	.5661534	.1790056	.254841	0
697.15	0	.5656774	.1795604	.2547623	0
696.15	0	.5652091	.1801059	.254685	0
695.15	0	.5647484	.1806425	.2546091	0
694.15	0	.564295	.1811704	.2545345	0
693.15	0	.5638487	.18169	.2544613	0
692.15	0	.5634094	.1822014	.2543893	0
691.15	0	.5629767	.1827048	.2543185	0
690.15	0	.5625506	.1832006	.2542488	0
689.15	0	.5621308	.1836889	.2541803	0
688.15	0	.5617171	.18417	.2541128	0
687.15	0	.5613095	.1846441	.2540464	0
686.15	0	.5609078	.1851112	.253981	0
685.15	0	.5605117	.1855718	.2539166	0
684.15	0	.5601212	.1860258	.253853	0
683.15	0	.5597361	.1864735	.2537904	0
682.15	0	.5593562	.1869151	.2537287	0
681.15	0	.5589815	.1873507	.2536678	0
680.15	0	.5586118	.1877805	.2536077	0
679.15	0	.558247	.1882046	.2535484	0
678.15	0	.557887	.1886232	.2534898	0
677.15	0	.5575316	.1890364	.253432	0
676.15	0	.5571808	.1894443	.2533749	0
675.15	0	.5568344	.189847	.2533186	0
674.15	0	.5564924	.1902448	.2532628	0
673.15	0	.5561546	.1906377	.2532078	0
672.15	0	.5558209	.1910258	.2531533	0
671.15	0	.5554913	.1914092	.2530995	0
670.15	0	.5551657	.1917881	.2530462	0
669.15	0	.554844	.1921625	.2529935	0
668.15	0	.5545261	.1925326	.2529414	0
667.15	0	.5542118	.1928984	.2528898	0
666.15	0	.5539012	.1932601	.2528387	0
665.15	0	.5535942	.1936177	.2527881	0
664.15	0	.5532906	.1939713	.252738	0
663.15	0	.5529905	.1943211	.2526884	0
662.15	0	.5526937	.194667	.2526392	0
661.15	0	.5524002	.1950093	.2525905	0
660.15	0	.5521099	.1953478	.2525423	0
659.15	0	.5518228	.1956828	.2524944	0
658.15	0	.5515387	.1960144	.2524469	0
657.15	0	.5512577	.1963424	.2523999	0
656.15	0	.5509796	.1966672	.2523532	0
655.15	0	.5507045	.1969886	.2523069	0
654.15	0	.5504322	.1973069	.252261	0
653.15	0	.5501627	.1976219	.2522154	0
652.15	0	.5498959	.1979339	.2521702	0
651.15	0	.5496319	.1982429	.2521253	0
650.15	0	.5493705	.1985489	.2520807	0
649.15	0	.5491117	.1988519	.2520364	0
648.15	0	.5488554	.1991521	.2519924	0
647.15	0	.5486017	.1994495	.2519488	0
646.15	0	.5483505	.1997442	.2519054	0
645.15	0	.5481016	.2000361	.2518623	0
644.15	0	.5478552	.2003254	.2518195	0
643.15	0	.5476111	.2006121	.2517769	0
642.15	0	.5473693	.2008962	.2517346	0
641.15	0	.5471297	.2011778	.2516925	0
640.15	0	.5468924	.2014569	.2516507	0
639.15	0	.5466572	.2017336	.2516091	0
638.15	0	.5464243	.202008	.2515678	0
637.15	0	.5461934	.20228	.2515267	0
636.15	0	.5459646	.2025497	.2514858	0
635.15	0	.5457378	.2028171	.2514451	0
634.15	0	.5455131	.2030823	.2514046	0
633.15	0	.5452904	.2033453	.2513643	0
632.15	0	.5450696	.2036062	.2513242	0
631.15	0	.5448507	.203865	.2512843	0
630.15	0	.5446337	.2041217	.2512446	0
629.15	0	.5444186	.2043764	.2512051	0
628.15	0	.5442053	.204629	.2511657	0
627.15	0	.5439938	.2048797	.2511265	0
626.15	0	.5437841	.2051284	.2510875	0
625.15	0	.5435761	.2053752	.2510486	0
624.15	0	.5433699	.2056202	.2510099	0
623.15	0	.5431654	.2058632	.2509714	0
622.15	0	.5429625	.2061045	.250933	0
621.15	0	.5427613	.2063439	.2508948	0
620.15	0	.5425617	.2065816	.2508567	0
619.15	0	.5423637	.2068176	.2508187	0
618.15	0	.5421673	.2070518	.2507809	0
617.15	0	.5419725	.2072843	.2507432	0
616.15	0	.5417792	.2075152	.2507056	0
615.15	0	.5415874	.2077444	.2506682	0
614.15	0	.5413971	.207972	.2506308	0
613.15	0	.5412083	.208198	.2505936	0
612.15	0	.541021	.2084225	.2505565	0
611.15	0	.5408351	.2086454	.2505196	0
610.15	0	.5406506	.2088668	.2504827	0
609.15	0	.5404674	.2090866	.2504459	0
608.15	0	.5402857	.209305	.2504093	0
607.15	0	.5401054	.2095219	.2503727	0
606.15	0	.5399263	.2097374	.2503363	0
605.15	0	.5397486	.2099514	.2502999	0
604.15	0	.5395722	.2101641	.2502637	0
603.15	0	.5393971	.2103753	.2502275	0
602.15	0	.5392233	.2105852	.2501915	0
601.15	0	.5390508	.2107938	.2501555	0
600.15	0	.5388794	.211001	.2501196	0
599.15	0	.5387093	.2112069	.2500838	0
598.15	0	.5385405	.2114115	.250048	0
597.15	0	.5383728	.2116148	.2500124	0
596.15	0	.5382063	.2118169	.2499768	0
595.15	0	.5380409	.2120177	.2499413	0
594.15	0	.5378768	.2122173	.2499059	0
593.15	0	.5377138	.2124157	.2498706	0
592.15	0	.5375519	.2126128	.2498353	0
591.15	0	.5373911	.2128088	.2498001	0
590.15	0	.5372314	.2130036	.249765	0
589.15	0	.5370728	.2131973	.2497299	0
588.15	0	.5369153	.2133898	.2496949	0
587.15	0	.5367589	.2135812	.24966	0
586.15	0	.5366034	.2137714	.2496251	0
585.15	0	.5364491	.2139606	.2495903	0
584.15	0	.5362958	.2141487	.2495556	0
583.15	0	.5361435	.2143356	.2495209	0
582.15	0	.5359922	.2145216	.2494863	0
581.15	0	.5358419	.2147064	.2494517	0
580.15	0	.5356926	.2148903	.2494172	0
579.15	0	.5355442	.215073	.2493827	0
578.15	0	.5353968	.2152548	.2493483	0
577.15	0	.5352504	.2154356	.249314	0
576.15	0	.535105	.2156154	.2492797	0
575.15	0	.5349604	.2157942	.2492454	0
574.15	0	.5348169	.215972	.2492111	0
573.15	0	.5346742	.2161488	.249177	0
572.15	0	.5345324	.2163247	.2491429	0
571.15	0	.5343915	.2164997	.2491088	0
570.15	0	.5342515	.2166737	.2490748	0
569.15	0	.5341124	.2168468	.2490409	0
568.15	0	.5339741	.2170189	.249007	0
567.15	0	.5338367	.2171902	.2489731	0
566.15	0	.5337002	.2173606	.2489393	0
565.15	0	.5335644	.2175301	.2489055	0
564.15	0	.5334296	.2176987	.2488718	0
563.15	0	.5332955	.2178664	.2488381	0
562.15	0	.5331623	.2180333	.2488044	0
561.15	0	.5330299	.2181993	.2487708	0
560.15	0	.5328983	.2183645	.2487372	0
559.15	0	.5327675	.2185288	.2487037	0
558.15	0	.5326375	.2186923	.2486702	0
557.15	0	.5325083	.218855	.2486367	0
556.15	0	.5323798	.2190168	.2486033	0
555.15	0	.5322522	.2191779	.24857	0
554.15	0	.5321252	.2193382	.2485366	0
553.15	0	.5319991	.2194976	.2485033	0
552.15	0	.5318737	.2196563	.24847	0
551.15	0	.531749	.2198142	.2484368	0
550.15	0	.5316251	.2199713	.2484036	0
549.15	0	.5315018	.2201277	.2483705	0
548.15	0	.5313794	.2202833	.2483374	0
547.15	0	.5312576	.2204381	.2483043	0
546.15	0	.5311365	.2205922	.2482712	0
545.15	0	.5310162	.2207456	.2482382	0
544.15	0	.5308965	.2208982	.2482053	0
543.15	0	.5307776	.2210501	.2481723	0
542.15	0	.5306593	.2212013	.2481394	0
541.15	0	.5305417	.2213518	.2481066	0
540.15	0	.5304248	.2215015	.2480737	0
539.15	0	.5303085	.2216506	.2480409	0
538.15	0	.5301929	.2217989	.2480081	0
537.15	0	.530078	.2219466	.2479754	0
536.15	0	.5299638	.2220935	.2479427	0
535.15	0	.5298501	.2222398	.24791	0
534.15	0	.5297372	.2223854	.2478774	0
533.15	0	.5296248	.2225304	.2478448	0
532.15	0	.5295131	.2226746	.2478123	0
531.15	0	.5294021	.2228182	.2477797	0
530.15	0	.5292916	.2229612	.2477472	0
529.15	0	.5291818	.2231034	.2477148	0
528.15	0	.5290726	.2232451	.2476823	0
527.15	0	.528964	.2233861	.2476499	0
526.15	0	.528856	.2235264	.2476176	0
525.15	0	.5287486	.2236661	.2475852	0
524.15	0	.5286418	.2238052	.2475529	0
523.15	0	.5285356	.2239437	.2475207	0
522.15	0	.52843	.2240815	.2474885	0
521.15	0	.528325	.2242187	.2474563	0
520.15	0	.5282206	.2243553	.2474241	0
519.15	0	.5281167	.2244913	.247392	0
518.15	0	.5280134	.2246267	.2473599	0
517.15	0	.5279107	.2247614	.2473278	0
516.15	0	.5278086	.2248956	.2472958	0
515.15	0	.527707	.2250292	.2472638	0
514.15	0	.527606	.2251622	.2472319	0
513.15	0	.5275055	.2252946	.2472	0
512.15	0	.5274056	.2254264	.2471681	0
511.15	0	.5273062	.2255576	.2471362	0
510.15	0	.5272074	.2256882	.2471044	0
509.15	0	.527109	.2258183	.2470726	0
508.15	0	.5270113	.2259478	.2470409	0
507.15	0	.5269141	.2260767	.2470092	0
506.15	0	.5268174	.2262051	.2469775	0
505.15	0	.5267212	.2263329	.2469459	0
504.15	0	.5266256	.2264601	.2469143	0
503.15	0	.5265304	.2265868	.2468827	0
502.15	0	.5264358	.2267129	.2468512	0
501.15	0	.5263418	.2268385	.2468197	0
500.15	0	.5262482	.2269636	.2467883	0
499.15	0	.5261551	.227088	.2467569	0
498.15	0	.5260625	.227212	.2467255	0
497.15	0	.5259705	.2273354	.2466942	0
496.15	0	.5258789	.2274582	.2466629	0
495.15	0	.5257878	.2275806	.2466316	0
494.15	0	.5256972	.2277023	.2466004	0
493.15	0	.5256072	.2278236	.2465692	0
492.15	0	.5255176	.2279444	.2465381	0
491.15	0	.5254284	.2280646	.246507	0
490.15	0	.5253398	.2281842	.2464759	0
489.15	0	.5252517	.2283034	.2464449	0
488.15	0	.525164	.2284221	.2464139	0
487.15	0	.5250768	.2285402	.246383	0
486.15	0	.52499	.2286578	.2463521	0
485.15	0	.5249038	.2287749	.2463213	0
484.15	0	.524818	.2288915	.2462905	0
483.15	0	.5247327	.2290076	.2462597	0
482.15	0	.5246478	.2291232	.246229	0
481.15	0	.5245634	.2292383	.2461983	0
480.15	0	.5244795	.2293529	.2461677	0
479.15	0	.524396	.229467	.2461371	0
478.15	0	.5243129	.2295806	.2461065	0
477.15	0	.5242303	.2296937	.246076	0
476.15	0	.5241482	.2298062	.2460456	0
475.15	0	.5240665	.2299184	.2460151	0
474.15	0	.5239852	.23003	.2459848	0
473.15	0	.5239044	.2301411	.2459544	0
472.15	0	.5238241	.2302518	.2459242	0
471.15	0	.5237441	.2303619	.2458939	0
470.15	0	.5236646	.2304716	.2458638	0
469.15	0	.5235856	.2305808	.2458336	0
468.15	0	.523507	.2306895	.2458035	0
467.15	0	.5234287	.2307978	.2457735	0
466.15	0	.523351	.2309055	.2457435	0
465.15	0	.5232736	.2310128	.2457136	0
464.15	0	.5231967	.2311196	.2456837	0
463.15	0	.5231202	.231226	.2456538	0
462.15	0	.5230441	.2313319	.245624	0
461.15	0	.5229684	.2314373	.2455943	0
460.15	0	.5228932	.2315422	.2455646	0
459.15	0	.5228183	.2316467	.245535	0
458.15	0	.5227439	.2317507	.2455054	0
457.15	0	.5226699	.2318542	.2454759	0
456.15	0	.5225963	.2319573	.2454464	0
455.15	0	.5225231	.2320599	.2454169	0
454.15	0	.5224503	.2321621	.2453876	0
453.15	0	.5223779	.2322638	.2453582	0
452.15	0	.522306	.2323651	.245329	0
451.15	0	.5222344	.2324659	.2452998	0
450.15	0	.5221632	.2325662	.2452706	0
449.15	0	.5220924	.232666	.2452415	0
448.15	0	.5220221	.2327654	.2452125	0
447.15	0	.5219522	.2328643	.2451836	0
446.15	0	.5218826	.2329627	.2451547	0
445.15	0	.5218135	.2330607	.2451258	0
444.15	0	.5217448	.2331582	.2450971	0
443.15	0	.5216765	.2332551	.2450684	0
442.15	0	.5216086	.2333517	.2450398	0
441.15	0	.5215411	.2334477	.2450112	0
440.15	0	.521474	.2335432	.2449828	0
439.15	0	.5214074	.2336382	.2449544	0
438.15	0	.5213412	.2337328	.2449261	0
437.15	0	.5212754	.2338268	.2448979	0
436.15	0	.52121	.2339203	.2448697	0
435.15	0	.521145	.2340133	.2448417	0
434.15	0	.5210805	.2341058	.2448137	0
433.15	0	.5210163	.2341978	.2447859	0
432.15	0	.5209527	.2342893	.2447581	0
431.15	0	.5208894	.2343802	.2447304	0
430.15	0	.5208265	.2344706	.2447028	0
429.15	0	.5207641	.2345605	.2446754	0
428.15	0	.5207021	.2346499	.244648	0
427.15	0	.5206405	.2347388	.2446207	0
426.15	0	.5205794	.2348271	.2445935	0
425.15	0	.5205187	.2349149	.2445664	0
424.15	0	.5204584	.2350022	.2445394	0
423.15	0	.5203985	.2350889	.2445126	0
422.15	0	.5203391	.2351751	.2444858	0
421.15	0	.5202801	.2352608	.2444591	0
420.15	0	.5202215	.235346	.2444326	0
419.15	0	.5201633	.2354306	.2444061	0
418.15	0	.5201055	.2355147	.2443798	0
417.15	0	.5200482	.2355983	.2443535	0
416.15	0	.5199913	.2356813	.2443274	0
415.15	0	.5199347	.2357639	.2443014	0
414.15	0	.5198787	.2358458	.2442755	0
413.15	0	.519823	.2359273	.2442497	0
412.15	0	.5197677	.2360082	.244224	0
411.15	0	.5197129	.2360886	.2441985	0
410.15	0	.5196584	.2361685	.244173	0
409.15	0	.5196044	.2362479	.2441477	0
408.15	0	.5195508	.2363267	.2441225	0
407.15	0	.5194976	.2364051	.2440974	0
406.15	0	.5194448	.2364828	.2440723	0
405.15	0	.5193924	.2365601	.2440475	0
404.15	0	.5193404	.2366369	.2440227	0
403.15	0	.5192888	.2367131	.243998	0
402.15	0	.5192376	.2367889	.2439735	0
401.15	0	.5191868	.2368641	.2439491	0
400.15	0	.5191364	.2369388	.2439248	0
399.15	0	.5190864	.237013	.2439006	0
398.15	0	.5190368	.2370867	.2438765	0
397.15	0	.5189875	.23716	.2438525	0
396.15	0	.5189387	.2372326	.2438287	0
395.15	0	.5188902	.2373049	.243805	0
394.15	0	.5188421	.2373766	.2437813	0
393.15	0	.5187944	.2374478	.2437578	0
392.15	0	.5187471	.2375185	.2437344	0
391.15	0	.5187001	.2375887	.2437112	0
390.15	0	.5186535	.2376585	.243688	0
389.15	0	.5186073	.2377277	.243665	0
388.15	0	.5185615	.2377965	.243642	0
387.15	0	.518516	.2378648	.2436192	0
386.15	0	.5184709	.2379327	.2435965	0
385.15	0	.5184261	.238	.2435739	0
384.15	0	.5183817	.2380669	.2435514	0
383.15	0	.5183377	.2381333	.243529	0
382.15	0	.518294	.2381993	.2435068	0
381.15	0	.5182506	.2382648	.2434846	0
380.15	0	.5182077	.2383298	.2434626	0
379.15	0	.518165	.2383944	.2434406	0
378.15	0	.5181227	.2384585	.2434188	0
377.15	0	.5180808	.2385222	.2433971	0
376.15	0	.5180391	.2385854	.2433755	0
375.15	0	.5179978	.2386482	.243354	0
374.15	0	.5179569	.2387105	.2433326	0
373.15	0	.5179163	.2387724	.2433113	0
372.15	0	.517876	.2388339	.2432901	0
371.15	0	.517836	.2388949	.2432691	0
370.15	0	.5177964	.2389556	.2432481	0
369.15	0	.517757	.2390157	.2432272	0
368.15	0	.517718	.2390755	.2432065	0
367.15	0	.5176793	.2391349	.2431858	0
366.15	0	.5176409	.2391938	.2431653	0
365.15	0	.5176029	.2392523	.2431448	0
364.15	0	.5175651	.2393104	.2431245	0
363.15	0	.5175277	.2393681	.2431042	0
362.15	0	.5174905	.2394254	.2430841	0
361.15	0	.5174536	.2394823	.2430641	0
360.15	0	.5174171	.2395388	.2430441	0
359.15	0	.5173808	.2395949	.2430243	0
358.15	0	.5173448	.2396507	.2430045	0
357.15	0	.5173091	.239706	.2429849	0
356.15	0	.5172737	.239761	.2429653	0
355.15	0	.5172386	.2398155	.2429459	0
354.15	0	.5172038	.2398697	.2429265	0
353.15	0	.5171692	.2399235	.2429073	0
352.15	0	.5171349	.239977	.2428881	0
351.15	0	.5171009	.2400301	.2428691	0
350.15	0	.5170672	.2400828	.2428501	0
349.15	0	.5170337	.2401351	.2428312	0
348.15	0	.5170005	.2401871	.2428124	0
347.15	0	.5169675	.2402388	.2427937	0
346.15	0	.5169348	.2402901	.2427751	0
345.15	0	.5169024	.240341	.2427566	0
