T	 BPW(LIQUID)	BPW(BCC_A2)	BPW(FCC_A1)	BPW(LAVES_PHASE_C14)	BPW(NI3TI)
1473.15	.03514728	.840102	.1247507	0	0
1472.15	.03152389	.8378216	.1306545	0	0
1471.15	.02790532	.8355539	.1365408	0	0
1470.15	.02429145	.8332987	.1424099	0	0
1469.15	.02068214	.8310561	.1482617	0	0
1468.15	.01707726	.828826	.1540967	0	0
1467.15	.0134767	.8266084	.1599149	0	0
1466.15	.00988032	.8244031	.1657166	0	0
1465.15	.006288002	.8222102	.1715018	0	0
1464.15	.002697166	.8200291	.1772738	0	0
1463.398	0	.8183967	.1816033	0	0
1463.398	0	.8183967	.1816033	0	0
1463.15	0	.8178899	.1821101	0	0
1462.15	0	.8158474	.1841526	0	0
1461.15	0	.813811	.186189	0	0
1460.15	0	.8117806	.1882194	0	0
1459.15	0	.8097562	.1902438	0	0
1458.15	0	.8077379	.1922621	0	0
1457.15	0	.8057255	.1942745	0	0
1456.15	0	.8037192	.1962808	0	0
1455.15	0	.8017188	.1982812	0	0
1454.15	0	.7997244	.2002756	0	0
1453.15	0	.797736	.202264	0	0
1452.15	0	.7957535	.2042465	0	0
1451.15	0	.793777	.206223	0	0
1450.15	0	.7918065	.2081935	0	0
1449.15	0	.7898419	.2101581	0	0
1448.15	0	.7878832	.2121168	0	0
1447.15	0	.7859305	.2140695	0	0
1446.15	0	.7839837	.2160163	0	0
1445.916	0	.7835292	.2164709	0	0
1445.916	0	.7835292	.2164709	0	0
1445.916	0	.7835292	.2164709	0	0
1445.15	0	.780679	.2187474	5.735905E-04	0
1444.15	0	.7769679	.2217123	.001319808	0
1443.15	0	.7732673	.2246695	.002063196	0
1442.15	0	.769577	.2276192	.002803768	0
1441.15	0	.7658972	.2305613	.003541537	0
1440.15	0	.7622277	.2334958	.004276516	0
1439.15	0	.7585678	.2364237	.00500855	0
1438.15	0	.7549189	.2393431	.00573799	0
1437.15	0	.7512803	.242255	.006464679	0
1436.15	0	.747652	.2451594	.007188629	0
1435.15	0	.7440339	.2480563	.007909854	0
1434.15	0	.740426	.2509456	.008628365	0
1433.15	0	.7368284	.2538275	.009344176	0
1432.15	0	.7332409	.2567018	.0100573	0
1431.15	0	.7296635	.2595687	.01076775	0
1430.15	0	.7260963	.2624282	.01147553	0
1429.15	0	.7225392	.2652802	.01218066	0
1428.15	0	.7189921	.2681247	.01288316	0
1427.15	0	.7154551	.2709619	.01358302	0
1426.15	0	.7119282	.2737916	.01428027	0
1425.15	0	.7084112	.2766139	.01497492	0
1424.15	0	.7049043	.2794288	.01566698	0
1423.15	0	.7014073	.2822363	.01635646	0
1422.15	0	.6979202	.2850364	.01704337	0
1421.15	0	.6944431	.2878292	.01772772	0
1420.15	0	.6909758	.2906147	.01840953	0
1419.15	0	.6875185	.2933927	.0190888	0
1418.15	0	.684071	.2961635	.01976556	0
1417.15	0	.6806333	.2989269	.0204398	0
1416.15	0	.6772055	.301683	.02111155	0
1415.15	0	.6737874	.3044318	.0217808	0
1414.15	0	.6703791	.3071733	.02244758	0
1413.15	0	.6669806	.3099075	.02311189	0
1412.15	0	.6635918	.3126344	.02377375	0
1411.15	0	.6602128	.3153541	.02443317	0
1410.15	0	.6568434	.3180665	.02509015	0
1409.15	0	.6534837	.3207716	.02574471	0
1408.15	0	.6501337	.3234695	.02639686	0
1407.15	0	.6467932	.3261601	.0270466	0
1406.15	0	.6434625	.3288436	.02769396	0
1405.15	0	.6401413	.3315198	.02833893	0
1404.15	0	.6368297	.3341887	.02898154	0
1403.15	0	.6335277	.3368505	.02962179	0
1402.15	0	.6302353	.3395051	.03025968	0
1401.15	0	.6269523	.3421524	.03089524	0
1400.15	0	.6236789	.3447926	.03152848	0
1399.15	0	.620415	.3474256	.03215939	0
1398.15	0	.6171606	.3500514	.03278799	0
1397.15	0	.6139156	.3526701	.0334143	0
1396.15	0	.6106801	.3552816	.03403832	0
1395.15	0	.607454	.3578859	.03466006	0
1394.15	0	.6042374	.3604831	.03527953	0
1393.15	0	.6010301	.3630732	.03589674	0
1392.15	0	.5978322	.3656561	.0365117	0
1391.15	0	.5946437	.3682318	.03712442	0
1390.15	0	.5914646	.3708005	.03773492	0
1389.15	0	.5882948	.373362	.03834319	0
1388.15	0	.5851344	.3759164	.03894925	0
1387.15	0	.5819832	.3784637	.03955311	0
1386.15	0	.5788414	.3810039	.04015478	0
1385.15	0	.5757088	.3835369	.04075426	0
1384.15	0	.5725855	.3860629	.04135157	0
1383.15	0	.5694715	.3885818	.04194671	0
1382.15	0	.5663667	.3910936	.0425397	0
1381.15	0	.5632712	.3935983	.04313054	0
1380.15	0	.5601849	.3960959	.04371925	0
1379.15	0	.5571078	.3985864	.04430582	0
1378.15	0	.5540399	.4010699	.04489028	0
1377.15	0	.5509811	.4035462	.04547262	0
1376.15	0	.5479316	.4060155	.04605286	0
1375.15	0	.5448912	.4084778	.04663101	0
1374.15	0	.54186	.4109329	.04720707	0
1373.15	0	.5388379	.413381	.04778105	0
1372.15	0	.535825	.415822	.04835297	0
1371.15	0	.5328212	.418256	.04892283	0
1370.15	0	.5298264	.4206829	.04949064	0
1369.15	0	.5268408	.4231028	.0500564	0
1368.15	0	.5238643	.4255156	.05062013	0
1367.15	0	.5208969	.4279213	.05118183	0
1366.15	0	.5179385	.43032	.05174152	0
1365.15	0	.5149892	.4327116	.0522992	0
1364.15	0	.512049	.4350961	.05285487	0
1363.15	0	.5091178	.4374736	.05340855	0
1362.15	0	.5061957	.4398441	.05396024	0
1361.15	0	.5032826	.4422075	.05450996	0
1360.15	0	.5003785	.4445638	.05505771	0
1359.15	0	.4974834	.4469131	.05560349	0
1358.15	0	.4945974	.4492553	.05614732	0
1357.15	0	.4917203	.4515905	.05668921	0
1356.15	0	.4888523	.4539186	.05722915	0
1355.15	0	.4859932	.4562396	.05776717	0
1354.15	0	.4831431	.4585536	.05830326	0
1353.15	0	.4803021	.4608605	.05883743	0
1352.15	0	.4774699	.4631603	.0593697	0
1351.15	0	.4746468	.4654531	.05990007	0
1350.15	0	.4718326	.4677388	.06042854	0
1349.15	0	.4690274	.4700175	.06095512	0
1348.15	0	.4662312	.472289	.06147983	0
1347.15	0	.4634439	.4745535	.06200267	0
1346.15	0	.4606655	.4768109	.06252364	0
1345.15	0	.4578961	.4790611	.06304276	0
1344.15	0	.4551356	.4813043	.06356002	0
1343.15	0	.4523841	.4835404	.06407544	0
1342.15	0	.4496415	.4857694	.06458903	0
1341.15	0	.4469079	.4879913	.06510079	0
1340.15	0	.4441832	.4902061	.06561072	0
1339.15	0	.4414674	.4924138	.06611884	0
1338.15	0	.4387605	.4946143	.06662516	0
1337.15	0	.4360626	.4968077	.06712967	0
1336.15	0	.4333736	.498994	.06763238	0
1335.15	0	.4306935	.5011732	.06813331	0
1334.15	0	.4280224	.5033452	.06863246	0
1333.15	0	.4253602	.50551	.06912984	0
1332.15	0	.4227069	.5076677	.06962544	0
1331.15	0	.4200625	.5098182	.07011929	0
1330.15	0	.4174271	.5119615	.07061138	0
1329.15	0	.4148006	.5140977	.07110172	0
1328.15	0	.412183	.5162267	.07159032	0
1327.15	0	.4095744	.5183484	.07207718	0
1326.15	0	.4069747	.520463	.07256232	0
1325.15	0	.4043839	.5225704	.07304573	0
1324.15	0	.4018021	.5246705	.07352743	0
1323.15	0	.3992292	.5267634	.07400741	0
1322.15	0	.3966653	.528849	.0744857	0
1321.15	0	.3941103	.5309274	.07496228	0
1320.15	0	.3915643	.5329986	.07543717	0
1319.15	0	.3890272	.5350624	.07591038	0
1318.15	0	.3864991	.537119	.07638191	0
1317.15	0	.38398	.5391683	.07685176	0
1316.15	0	.3814698	.5412102	.07731995	0
1315.15	0	.3789686	.5432449	.07778647	0
1314.15	0	.3764765	.5452722	.07825134	0
1313.15	0	.3739933	.5472922	.07871456	0
1312.15	0	.3715191	.5493048	.07917613	0
1311.15	0	.3690539	.5513101	.07963607	0
1310.15	0	.3665977	.5533079	.08009437	0
1309.15	0	.3641505	.5552984	.08055105	0
1308.15	0	.3617124	.5572815	.0810061	0
1307.15	0	.3592833	.5592571	.08145954	0
1306.15	0	.3568633	.5612254	.08191137	0
1305.15	0	.3544523	.5631861	.08236159	0
1304.15	0	.3520504	.5651394	.08281022	0
1303.15	0	.3496575	.5670852	.08325725	0
1302.15	0	.3472738	.5690236	.08370269	0
1301.15	0	.3448991	.5709544	.08414655	0
1300.15	0	.3425335	.5728777	.08458883	0
1299.15	0	.3401771	.5747934	.08502954	0
1298.15	0	.3378298	.5767016	.08546868	0
1297.15	0	.3354916	.5786022	.08590626	0
1296.15	0	.3331626	.5804951	.08634229	0
1295.15	0	.3308427	.5823805	.08677676	0
1294.15	0	.328532	.5842583	.08720969	0
1293.15	0	.3262306	.5861284	.08764107	0
1292.15	0	.3239383	.5879908	.08807092	0
1291.15	0	.3216552	.5898455	.08849924	0
1290.15	0	.3193814	.5916926	.08892603	0
1289.15	0	.3171168	.5935319	.0893513	0
1288.15	0	.3148615	.5953634	.08977506	0
1287.15	0	.3126155	.5971872	.09019731	0
1286.15	0	.3103788	.5990032	.09061804	0
1285.15	0	.3081513	.6008114	.09103728	0
1284.15	0	.3059333	.6026117	.09145502	0
1283.15	0	.3037245	.6044042	.09187127	0
1282.15	0	.3015252	.6061888	.09228603	0
1281.15	0	.2993352	.6079655	.09269931	0
1280.15	0	.2971546	.6097343	.09311111	0
1279.15	0	.2949834	.6114951	.09352144	0
1278.15	0	.2928217	.613248	.09393031	0
1277.15	0	.2906694	.6149929	.0943377	0
1276.15	0	.2885267	.6167297	.09474364	0
1275.15	0	.2863934	.6184585	.09514812	0
1274.15	0	.2842696	.6201792	.09555115	0
1273.15	0	.2821554	.6218919	.09595274	0
1272.15	0	.2800508	.6235964	.09635289	0
1271.15	0	.2779557	.6252927	.0967516	0
1270.15	0	.2758703	.6269809	.09714887	0
1269.15	0	.2737944	.6286608	.09754472	0
1268.15	0	.2717283	.6303326	.09793915	0
1267.15	0	.2696718	.631996	.09833215	0
1266.15	0	.267625	.6336512	.09872374	0
1265.15	0	.265588	.6352981	.09911392	0
1264.15	0	.2635607	.6369366	.09950269	0
1263.15	0	.2615432	.6385667	.09989006	0
1262.15	0	.2595355	.6401884	.100276	0
1261.15	0	.2575377	.6418017	.1006606	0
1260.15	0	.2555497	.6434065	.1010438	0
1259.15	0	.2535716	.6450028	.1014256	0
1258.15	0	.2516034	.6465906	.101806	0
1257.15	0	.2496452	.6481698	.102185	0
1256.15	0	.2476969	.6497404	.1025627	0
1255.15	0	.2457586	.6513024	.102939	0
1254.15	0	.2438304	.6528557	.1033139	0
1253.15	0	.2419122	.6544002	.1036875	0
1252.15	0	.2400042	.6559361	.1040597	0
1251.15	0	.2381063	.6574632	.1044306	0
1250.15	0	.2362185	.6589814	.1048001	0
1249.15	0	.2343409	.6604909	.1051682	0
1248.15	0	.2324736	.6619914	.105535	0
1247.15	0	.2306165	.663483	.1059005	0
1246.15	0	.2287697	.6649657	.1062647	0
1245.15	0	.2269332	.6664394	.1066275	0
1244.15	0	.2251071	.667904	.1069889	0
1243.15	0	.2232913	.6693596	.1073491	0
1242.15	0	.2214861	.670806	.1077079	0
1241.15	0	.2196913	.6722433	.1080654	0
1240.15	0	.2179069	.6736714	.1084216	0
1239.15	0	.2161332	.6750903	.1087765	0
1238.15	0	.21437	.6764999	.1091301	0
1237.15	0	.2126174	.6779002	.1094824	0
1236.15	0	.2108755	.6792912	.1098334	0
1235.15	0	.2091443	.6806727	.110183	0
1234.15	0	.2074238	.6820448	.1105314	0
1233.15	0	.2057141	.6834074	.1108785	0
1232.15	0	.2040152	.6847605	.1112243	0
1231.15	0	.2023272	.686104	.1115689	0
1230.15	0	.2006501	.6874378	.1119121	0
1229.15	0	.1989839	.688762	.1122541	0
1228.15	0	.1973287	.6900765	.1125948	0
1227.15	0	.1956845	.6913813	.1129342	0
1226.15	0	.1940514	.6926762	.1132724	0
1225.15	0	.1924295	.6939613	.1136093	0
1224.15	0	.1908187	.6952364	.1139449	0
1223.15	0	.189219	.6965016	.1142793	0
1222.15	0	.1876307	.6977569	.1146125	0
1221.15	0	.1860536	.699002	.1149443	0
1220.15	0	.1844879	.7002371	.115275	0
1219.15	0	.1829336	.701462	.1156044	0
1218.15	0	.1813908	.7026767	.1159325	0
1217.15	0	.1798594	.7038812	.1162594	0
1216.15	0	.1783396	.7050753	.1165851	0
1215.15	0	.1768313	.7062591	.1169096	0
1214.15	0	.175348	.7074193	.1172327	0
1213.15	0	.1738632	.7085821	.1175547	0
1212.15	0	.1723901	.7097345	.1178755	0
1211.15	0	.1709288	.7108762	.118195	0
1210.15	0	.1694793	.7120073	.1185134	0
1209.15	0	.1680418	.7131278	.1188305	0
1208.15	0	.1666161	.7142375	.1191464	0
1207.15	0	.1652026	.7153364	.1194611	0
1206.15	0	.163801	.7164244	.1197746	0
1205.15	0	.1624116	.7175015	.1200869	0
1204.15	0	.1610343	.7185677	.120398	0
1203.15	0	.1596693	.7196228	.1207079	0
1202.15	0	.1583166	.7206668	.1210166	0
1201.15	0	.1569762	.7216997	.1213241	0
1200.15	0	.1556482	.7227214	.1216305	0
1199.15	0	.1543326	.7237318	.1219356	0
1198.15	0	.1530296	.7247308	.1222396	0
1197.15	0	.1517392	.7257185	.1225424	0
1196.15	0	.1504613	.7266947	.1228439	0
1195.15	0	.1491962	.7276594	.1231444	0
1194.15	0	.1479438	.7286126	.1234437	0
1193.15	0	.1467042	.729554	.1237418	0
1192.15	0	.1454775	.7304838	.1240387	0
1191.15	0	.1442638	.7314018	.1243345	0
1190.15	0	.143063	.7323079	.1246291	0
1189.15	0	.1418753	.7332022	.1249225	0
1188.15	0	.1407007	.7340845	.1252148	0
1187.15	0	.1395393	.7349547	.125506	0
1186.15	0	.1383912	.7358129	.125796	0
1185.15	0	.1372564	.7366588	.1260848	0
1184.15	0	.1361349	.7374926	.1263725	0
1183.15	0	.1350269	.738314	.1266591	0
1182.15	0	.1339324	.7391231	.1269445	0
1181.15	0	.1328515	.7399197	.1272288	0
1180.15	0	.1317843	.7407038	.127512	0
1179.15	0	.1307307	.7414753	.127794	0
1178.15	0	.1296909	.7422342	.1280749	0
1177.15	0	.128665	.7429803	.1283547	0
1176.15	0	.127653	.7437137	.1286333	0
1175.15	0	.1266549	.7444342	.1289109	0
1174.15	0	.125671	.7451417	.1291873	0
1173.15	0	.1247011	.7458363	.1294626	0
1172.15	0	.1237454	.7465178	.1297368	0
1171.15	0	.122804	.7471861	.1300099	0
1170.15	0	.1218769	.7478412	.1302819	0
1169.15	0	.1209643	.748483	.1305527	0
1168.15	0	.120066	.7491114	.1308225	0
1167.15	0	.1191824	.7497264	.1310912	0
1166.15	0	.1183133	.7503279	.1313588	0
1165.15	0	.117459	.7509158	.1316252	0
1164.15	0	.1166194	.75149	.1318906	0
1163.15	0	.1157946	.7520505	.1321549	0
1162.15	0	.1149847	.7525971	.1324181	0
1161.15	0	.1141898	.7531299	.1326803	0
1160.15	0	.11341	.7536487	.1329413	0
1159.15	0	.1126452	.7541534	.1332013	0
1158.15	0	.1118957	.7546441	.1334602	0
1157.15	0	.1111614	.7551205	.1337181	0
1156.15	0	.1104425	.7555827	.1339748	0
1155.15	0	.109739	.7560305	.1342305	0
1154.15	0	.1090508	.756464	.1344851	0
1153.15	0	.1083784	.7568829	.1347387	0
1152.15	0	.1077215	.7572873	.1349912	0
1151.15	0	.1070804	.7576769	.1352427	0
1150.15	0	.106455	.7580519	.1354931	0
1149.15	0	.1058456	.758412	.1357424	0
1148.15	0	.105252	.7587573	.1359907	0
1147.15	0	.1046744	.7590876	.136238	0
1146.15	0	.1041129	.7594029	.1364842	0
1145.15	0	.1035676	.7597031	.1367293	0
1144.15	0	.1030385	.759988	.1369735	0
1143.15	0	.1025257	.7602578	.1372166	0
1142.15	0	.1020292	.7605121	.1374586	0
1141.15	0	.1015492	.7607511	.1376997	0
1140.15	0	.1010858	.7609746	.1379397	0
1139.15	0	.1006389	.7611825	.1381787	0
1138.15	0	.1002086	.7613747	.1384166	0
1137.15	0	.09979512	.7615513	.1386536	0
1136.15	0	.09939843	.7617121	.1388895	0
1135.15	0	.09901862	.761857	.1391244	0
1134.15	0	.09865576	.7619859	.1393583	0
1133.15	0	.09830992	.7620989	.1395912	0
1132.15	0	.09798117	.7621957	.1398231	0
1131.15	0	.09766958	.7622764	.140054	0
1130.15	0	.09737523	.7623408	.1402839	0
1129.15	0	.09709818	.762389	.1405128	0
1128.15	0	.0968385	.7624207	.1407407	0
1127.15	0	.09659626	.7624361	.1409677	0
1126.15	0	.09637153	.7624349	.1411936	0
1125.15	0	.09616437	.7624171	.1414186	0
1124.15	0	.09597486	.7623826	.1416425	0
1123.15	0	.09580305	.7623314	.1418655	0
1122.15	0	.09564902	.7622634	.1420876	0
1121.15	0	.09551282	.7621786	.1423086	0
1120.15	0	.09539453	.7620768	.1425287	0
1119.15	0	.09529421	.761958	.1427478	0
1118.15	0	.09521192	.7618221	.142966	0
1117.15	0	.09514771	.7616691	.1431832	0
1116.15	0	.09510166	.7614989	.1433994	0
1115.15	0	.09507383	.7613114	.1436147	0
1114.15	0	.09506426	.7611067	.1438291	0
1113.15	0	.09507302	.7608845	.1440425	0
1112.15	0	.09510018	.7606449	.1442549	0
1111.15	0	.09514577	.7603878	.1444665	0
1110.15	0	.09520987	.7601131	.1446771	0
1109.15	0	.09529252	.7598208	.1448867	0
1108.15	0	.09539378	.7595108	.1450954	0
1107.15	0	.09551369	.7591831	.1453032	0
1106.15	0	.09565232	.7588376	.1455101	0
1105.15	0	.0958097	.7584742	.1457161	0
1104.15	0	.09598589	.758093	.1459211	0
1103.15	0	.09618094	.7576938	.1461252	0
1102.15	0	.09639489	.7572766	.1463285	0
1101.15	0	.09662778	.7568414	.1465308	0
1100.15	0	.09687967	.7563881	.1467322	0
1099.15	0	.09715058	.7559167	.1469327	0
1098.15	0	.09744056	.7554271	.1471324	0
1097.15	0	.09774965	.7549193	.1473311	0
1096.15	0	.09807789	.7543932	.1475289	0
1095.15	0	.09842531	.7538488	.1477259	0
1094.15	0	.09879195	.753286	.147922	0
1093.15	0	.09917783	.7527049	.1481172	0
1092.15	0	.099583	.7521054	.1483116	0
1091.15	0	.1000075	.7514875	.148505	0
1090.15	0	.1004513	.7508511	.1486977	0
1089.15	0	.1009145	.7501962	.1488894	0
1088.15	0	.101397	.7495227	.1490803	0
1087.15	0	.101899	.7488307	.1492703	0
1086.15	0	.1024204	.7481201	.1494595	0
1085.15	0	.1029612	.7473909	.1496479	0
1084.15	0	.1035215	.7466431	.1498354	0
1083.15	0	.1041012	.7458767	.1500221	0
1082.15	0	.1047005	.7450916	.1502079	0
1081.15	0	.1053193	.7442878	.1503929	0
1080.15	0	.1059575	.7434654	.1505771	0
1079.15	0	.1066153	.7426243	.1507604	0
1078.15	0	.1072926	.7417644	.150943	0
1077.15	0	.1079894	.7408859	.1511247	0
1076.15	0	.1087057	.7399886	.1513056	0
1075.15	0	.1094416	.7390727	.1514858	0
1074.15	0	.1101969	.738138	.1516651	0
1073.15	0	.1109718	.7371847	.1518436	0
1072.15	0	.1117661	.7362126	.1520213	0
1071.15	0	.1125799	.7352218	.1521982	0
1070.15	0	.1134132	.7342124	.1523744	0
1069.15	0	.114266	.7331843	.1525498	0
1068.15	0	.1151382	.7321375	.1527244	0
1067.15	0	.1160298	.7310721	.1528982	0
1066.15	0	.1169407	.7299881	.1530712	0
1065.15	0	.1178711	.7288854	.1532435	0
1064.15	0	.1188207	.7277642	.153415	0
1063.15	0	.1197897	.7266245	.1535858	0
1062.15	0	.120778	.7254662	.1537558	0
1061.15	0	.1217854	.7242895	.1539251	0
1060.15	0	.1228121	.7230943	.1540936	0
1059.15	0	.1238579	.7218807	.1542614	0
1058.15	0	.1249228	.7206487	.1544284	0
1057.15	0	.1260068	.7193984	.1545948	0
1056.15	0	.1271098	.7181298	.1547604	0
1055.15	0	.1282318	.716843	.1549252	0
1054.15	0	.1293726	.715538	.1550894	0
1053.15	0	.1305323	.7142149	.1552528	0
1052.15	0	.1317108	.7128736	.1554155	0
1051.15	0	.132908	.7115144	.1555776	0
1050.15	0	.1341239	.7101372	.1557389	0
1049.15	0	.1353584	.7087421	.1558995	0
1048.15	0	.1366114	.7073292	.1560594	0
1047.15	0	.1378829	.7058985	.1562186	0
1046.15	0	.1391727	.7044502	.1563772	0
1045.15	0	.1404808	.7029842	.156535	0
1044.15	0	.1418071	.7015007	.1566922	0
1043.15	0	.1431516	.6999997	.1568487	0
1042.15	0	.1445141	.6984814	.1570046	0
1041.15	0	.1458946	.6969457	.1571597	0
1040.15	0	.1472929	.6953929	.1573142	0
1039.15	0	.148709	.693823	.157468	0
1038.15	0	.1501427	.692236	.1576212	0
1037.15	0	.1515941	.6906322	.1577738	0
1036.15	0	.1530629	.6890115	.1579257	0
1035.15	0	.154549	.6873741	.1580769	0
1034.15	0	.1560525	.6857201	.1582275	0
1033.15	0	.157573	.6840495	.1583774	0
1032.15	0	.1591107	.6823626	.1585268	0
1031.15	0	.1606652	.6806594	.1586755	0
1030.15	0	.1622365	.67894	.1588235	0
1029.15	0	.1638245	.6772046	.158971	0
1028.15	0	.1654291	.6754532	.1591178	0
1027.15	0	.1670501	.673686	.159264	0
1026.15	0	.1686873	.6719031	.1594095	0
1025.15	0	.1703408	.6701047	.1595545	0
1024.15	0	.1720103	.6682908	.1596989	0
1023.15	0	.1736957	.6664617	.1598426	0
1022.15	0	.1753969	.6646173	.1599857	0
1021.15	0	.1771137	.662758	.1601283	0
1020.15	0	.178846	.6608838	.1602702	0
1019.15	0	.1805936	.6589948	.1604116	0
1018.15	0	.1823565	.6570912	.1605523	0
1017.15	0	.1841344	.6551732	.1606925	0
1016.15	0	.1859271	.6532408	.1608321	0
1015.15	0	.1877346	.6512943	.160971	0
1014.15	0	.1895567	.6493338	.1611094	0
1013.15	0	.1913933	.6473595	.1612473	0
1012.15	0	.1932441	.6453715	.1613845	0
1011.15	0	.195109	.6433699	.1615212	0
1010.15	0	.1969878	.641355	.1616572	0
1009.15	0	.1988804	.6393268	.1617927	0
1008.15	0	.2007867	.6372857	.1619277	0
1007.15	0	.2027063	.6352316	.162062	0
1006.15	0	.2046393	.6331649	.1621958	0
1005.15	0	.2065853	.6310857	.162329	0
1004.15	0	.2085443	.628994	.1624616	0
1003.15	0	.210516	.6268903	.1625937	0
1002.15	0	.2125003	.6247744	.1627252	0
1001.15	0	.214497	.6226468	.1628562	0
1000.15	0	.2165059	.6205076	.1629865	0
999.15	0	.2185268	.6183569	.1631163	0
998.15	0	.2205596	.6161949	.1632455	0
997.15	0	.222604	.6140218	.1633742	0
996.15	0	.2246599	.6118378	.1635023	0
995.15	0	.2267271	.6096431	.1636298	0
994.15	0	.2288053	.6074379	.1637568	0
993.15	0	.2308945	.6052224	.1638832	0
992.15	0	.2329943	.6029967	.164009	0
991.15	0	.2351047	.600761	.1641343	0
990.15	0	.2372254	.5985157	.1642589	0
989.15	0	.2393562	.5962607	.164383	0
988.15	0	.241497	.5939965	.1645066	0
987.15	0	.2436475	.591723	.1646295	0
986.15	0	.2458075	.5894406	.1647519	0
985.15	0	.2479768	.5871495	.1648737	0
984.15	0	.2501553	.5848498	.1649949	0
983.15	0	.2523427	.5825418	.1651155	0
982.15	0	.2545388	.5802257	.1652355	0
981.15	0	.2567434	.5779016	.165355	0
980.15	0	.2589564	.5755698	.1654738	0
979.15	0	.2611775	.5732305	.1655921	0
978.15	0	.2634064	.5708839	.1657097	0
977.15	0	.2656431	.5685302	.1658267	0
976.15	0	.2678873	.5661696	.1659432	0
975.15	0	.2701387	.5638023	.166059	0
974.15	0	.2723972	.5614286	.1661741	0
973.15	0	.2746626	.5590487	.1662887	0
972.15	0	.2769347	.5566627	.1664026	0
971.15	0	.2792132	.5542709	.1665159	0
970.15	0	.2814979	.5518736	.1666285	0
969.15	0	.2837887	.5494708	.1667405	0
968.15	0	.2860852	.5470629	.1668518	0
967.15	0	.2883671	.5446688	.1669641	0
966.15	0	.2905645	.5423527	.1670828	0
965.15	0	.2927882	.5400119	.1671999	0
964.15	0	.2950366	.537648	.1673154	0
963.15	0	.2973084	.5352623	.1674293	0
962.15	0	.299602	.5328564	.1675416	0
961.15	0	.3019162	.5304314	.1676524	0
960.15	0	.3042497	.5279887	.1677616	0
959.15	0	.3066011	.5255296	.1678693	0
958.15	0	.3089692	.5230552	.1679756	0
957.15	0	.3113529	.5205668	.1680803	0
956.15	0	.3137509	.5180654	.1681837	0
955.15	0	.3161623	.5155522	.1682855	0
954.15	0	.3185858	.5130282	.168386	0
953.15	0	.3210206	.5104944	.168485	0
952.15	0	.3234655	.5079518	.1685826	0
951.15	0	.3259197	.5054015	.1686789	0
950.15	0	.3283821	.5028442	.1687737	0
949.15	0	.3308519	.5002808	.1688672	0
948.15	0	.3333283	.4977124	.1689594	0
947.15	0	.3358103	.4951396	.1690501	0
946.15	0	.3382972	.4925632	.1691396	0
945.15	0	.3407882	.4899841	.1692276	0
944.15	0	.3432826	.4874031	.1693144	0
943.15	0	.3457795	.4848207	.1693998	0
942.15	0	.3482784	.4822377	.1694839	0
941.15	0	.3507785	.4796548	.1695667	0
940.15	0	.3532792	.4770727	.1696481	0
939.15	0	.3557799	.4744919	.1697283	0
938.15	0	.3582799	.471913	.1698071	0
937.15	0	.3607786	.4693368	.1698846	0
936.15	0	.3632756	.4667636	.1699609	0
935.15	0	.3657702	.4641941	.1700358	0
934.15	0	.3682619	.4616287	.1701094	0
933.15	0	.3707503	.4590681	.1701817	0
932.15	0	.3732347	.4565126	.1702527	0
931.15	0	.3757149	.4539627	.1703224	0
930.15	0	.3781902	.4514189	.1703909	0
929.15	0	.3806603	.4488817	.170458	0
928.15	0	.3831248	.4463514	.1705238	0
927.15	0	.3855831	.4438285	.1705884	0
926.15	0	.3880351	.4413133	.1706516	0
925.15	0	.3904802	.4388063	.1707136	0
924.15	0	.3929181	.4363077	.1707742	0
923.15	0	.3953484	.433818	.1708336	0
922.15	0	.3977709	.4313375	.1708916	0
921.15	0	.4001851	.4288665	.1709484	0
920.15	0	.4025909	.4264052	.1710039	0
919.15	0	.4049878	.4239542	.1710581	0
918.15	0	.4073755	.4215135	.171111	0
917.15	0	.4097539	.4190835	.1711626	0
916.15	0	.4121226	.4166645	.1712129	0
915.15	0	.4144814	.4142568	.1712619	0
914.15	0	.4168299	.4118605	.1713096	0
913.15	0	.4191681	.409476	.171356	0
912.15	0	.4214956	.4071034	.1714011	0
911.15	0	.4238121	.4047429	.1714449	0
910.15	0	.4261176	.402395	.1714874	0
909.15	0	.4284118	.4000596	.1715287	0
908.15	0	.4306944	.397737	.1715686	0
907.15	0	.4329653	.3954275	.1716072	0
906.15	0	.4352243	.3931311	.1716446	0
905.15	0	.4374712	.3908481	.1716807	0
904.15	0	.4397059	.3885787	.1717154	0
903.15	0	.4419281	.386323	.1717489	0
902.15	0	.4441377	.3840812	.1717811	0
901.15	0	.4463346	.3818535	.171812	0
900.15	0	.4485185	.3796399	.1718416	0
899.15	0	.4506894	.3774407	.1718699	0
898.15	0	.4528471	.3752559	.171897	0
897.15	0	.4549915	.3730858	.1719228	0
896.15	0	.4571223	.3709304	.1719473	0
895.15	0	.4592396	.3687899	.1719705	0
894.15	0	.4613432	.3666644	.1719925	0
893.15	0	.4634329	.3645539	.1720132	0
892.15	0	.4655087	.3624587	.1720326	0
891.15	0	.4675704	.3603788	.1720508	0
890.15	0	.4696179	.3583144	.1720677	0
889.15	0	.4716512	.3562655	.1720834	0
888.15	0	.47367	.3542322	.1720978	0
887.15	0	.4756744	.3522146	.172111	0
886.15	0	.4776643	.3502127	.172123	0
885.15	0	.4796394	.3482268	.1721338	0
884.15	0	.4815999	.3462568	.1721433	0
883.15	0	.4835455	.3443029	.1721516	0
882.15	0	.4854762	.3423651	.1721587	0
881.15	0	.487392	.3404434	.1721647	0
880.15	0	.4892927	.3385379	.1721694	0
879.15	0	.4911783	.3366487	.172173	0
878.15	0	.4930487	.3347759	.1721754	0
877.15	0	.4949039	.3329195	.1721766	0
876.15	0	.4967438	.3310795	.1721767	0
875.15	0	.4985684	.329256	.1721756	0
874.15	0	.5003776	.327449	.1721734	0
873.15	0	.5021714	.3256586	.17217	0
872.15	0	.5039497	.3238847	.1721656	0
871.15	0	.5057124	.3221275	.1721601	0
870.15	0	.5074596	.3203869	.1721534	0
869.15	0	.5091913	.318663	.1721457	0
868.15	0	.5109073	.3169557	.1721369	0
867.15	0	.5126078	.3152652	.1721271	0
866.15	0	.5142925	.3135913	.1721162	0
865.15	0	.5159617	.3119341	.1721043	0
864.15	0	.5176151	.3102935	.1720914	0
863.15	0	.5192529	.3086697	.1720774	0
862.15	0	.520875	.3070625	.1720625	0
861.15	0	.5224814	.305472	.1720466	0
860.15	0	.5240722	.3038981	.1720297	0
859.15	0	.5256473	.3023408	.1720119	0
858.15	0	.5272068	.3008001	.1719931	0
857.15	0	.5287507	.2992759	.1719734	0
856.15	0	.530279	.2977682	.1719528	0
855.15	0	.5317917	.296277	.1719313	0
854.15	0	.5332889	.2948022	.1719089	0
853.15	0	.5347706	.2933438	.1718857	0
852.15	0	.5362368	.2919017	.1718616	0
851.15	0	.5376876	.2904758	.1718366	0
850.15	0	.5391231	.2890661	.1718108	0
849.15	0	.5405433	.2876725	.1717842	0
848.15	0	.5419482	.2862949	.1717569	0
847.15	0	.543338	.2849333	.1717287	0
846.15	0	.5447127	.2835876	.1716997	0
845.15	0	.5460723	.2822577	.17167	0
844.15	0	.547417	.2809435	.1716396	0
843.15	0	.5487467	.2796449	.1716084	0
842.15	0	.5500617	.2783618	.1715765	0
841.15	0	.551362	.2770941	.1715439	0
840.15	0	.5526476	.2758417	.1715107	0
839.15	0	.5539188	.2746045	.1714767	0
838.15	0	.5551755	.2733824	.1714421	0
837.15	0	.5564178	.2721753	.1714068	0
836.15	0	.557646	.2709831	.1713709	0
835.15	0	.5588601	.2698056	.1713344	0
834.15	0	.5600601	.2686427	.1712972	0
833.15	0	.5612462	.2674943	.1712595	0
832.15	0	.5624186	.2663602	.1712211	0
831.15	0	.5635773	.2652404	.1711822	0
830.15	0	.5647226	.2641347	.1711427	0
829.15	0	.5658543	.263043	.1711027	0
828.15	0	.5669728	.2619651	.1710621	0
827.15	0	.5680782	.2609008	.171021	0
826.15	0	.5691705	.2598502	.1709794	0
825.15	0	.5702499	.2588129	.1709372	0
824.15	0	.5713166	.2577889	.1708945	0
823.15	0	.5723706	.256778	.1708514	0
822.293	0	.573264	.255922	.170814	0
822.293	0	.573264	.255922	.170814	0
822.293	0	.573264	.255922	.170814	0
822.15	0	.574304	.2546395	.1705008	5.556765E-04
821.15	0	.5814478	.2458139	.1683369	.004401422
820.15	0	.5883701	.2372345	.1662181	.008177298
819.15	0	.595079	.2288924	.1641432	.0118854
818.15	0	.6015823	.2207792	.1621108	.01552774
817.15	0	.6078875	.2128867	.1601196	.01910621
816.15	0	.6140015	.2052074	.1581684	.02262264
815.15	0	.6199312	.1977339	.1562562	.02607878
814.15	0	.625683	.1904591	.1543816	.02947628
813.15	0	.6312629	.1833766	.1525438	.03281675
812.15	0	.6366769	.1764797	.1507417	.0361017
811.15	0	.6419306	.1697626	.1489743	.03933261
810.15	0	.6470292	.1632193	.1472406	.04251086
809.15	0	.651978	.1568443	.1455398	.0456378
808.15	0	.6567819	.1506323	.1438711	.04871473
807.15	0	.6614455	.1445781	.1422335	.05174288
806.15	0	.6659734	.1386768	.1406263	.05472344
805.15	0	.6703699	.1329237	.1390488	.05765756
804.15	0	.6746392	.1273144	.1375001	.06054635
803.15	0	.6787852	.1218444	.1359796	.06339086
802.15	0	.6828117	.1165097	.1344865	.06619211
801.15	0	.6867225	.1113061	.1330203	.0689511
800.15	0	.6905211	.10623	.1315802	.07166877
799.15	0	.6942108	.1012774	.1301657	.07434604
798.15	0	.697795	.09644505	.1287761	.0769838
797.15	0	.7012769	.09172932	.1274109	.07958291
796.15	0	.7046594	.08712695	.1260695	.08214419
795.15	0	.7079454	.08263476	.1247514	.08466844
794.15	0	.711138	.07824966	.123456	.08715644
793.15	0	.7142396	.0739687	.1221828	.08960895
792.15	0	.717253	.069789	.1209313	.09202668
791.15	0	.7201808	.0657078	.1197011	.09441035
790.15	0	.7230253	.06172243	.1184917	.09676064
789.15	0	.7257889	.0578303	.1173026	.09907821
788.15	0	.728474	.05402892	.1161333	.1013637
787.15	0	.7310828	.05031587	.1149836	.1036178
786.15	0	.7336174	.0466888	.1138529	.105841
785.15	0	.7360798	.04314546	.1127408	.108034
784.15	0	.7384722	.03968365	.1116469	.1101973
783.15	0	.7407964	.03630125	.1105709	.1123315
782.15	0	.7430543	.03299619	.1095124	.1144371
781.15	0	.7452478	.02976647	.1084709	.1165148
780.15	0	.7473787	.02661017	.1074463	.1185649
779.15	0	.7494486	.02352538	.106438	.120588
778.15	0	.7514593	.0205103	.1054458	.1225846
777.15	0	.7534124	.01756315	.1044693	.1245552
776.15	0	.7553094	.0146822	.1035082	.1265002
775.15	0	.7571519	.01186578	.1025623	.1284201
774.15	0	.7589413	.009112259	.1016311	.1303154
773.15	0	.7606791	.006420066	.1007143	.1321865
772.15	0	.7623668	.003787657	.09981174	.1340338
771.15	0	.7640057	.001213537	.09892306	.1358578
770.6707	0	.7647742	0	.09850196	.1367238
770.6707	0	.7647742	0	.09850196	.1367238
770.15	0	.7647025	0	.09839058	.1369069
769.15	0	.7645653	0	.09817718	.1372576
768.15	0	.7644287	0	.09796444	.1376068
767.15	0	.7642929	0	.09775237	.1379547
766.15	0	.7641578	0	.09754096	.1383013
765.15	0	.7640233	0	.09733022	.1386464
764.15	0	.7638896	0	.09712013	.1389903
763.15	0	.7637565	0	.09691071	.1393328
762.15	0	.7636241	0	.09670195	.1396739
761.15	0	.7634924	0	.09649385	.1400137
760.15	0	.7633614	0	.09628641	.1403522
759.15	0	.763231	0	.09607963	.1406894
758.15	0	.7631013	0	.09587351	.1410252
757.15	0	.7629722	0	.09566805	.1413597
756.15	0	.7628438	0	.09546325	.1416929
755.15	0	.7627161	0	.09525911	.1420248
754.15	0	.762589	0	.09505563	.1423554
753.15	0	.7624625	0	.0948528	.1426847
752.15	0	.7623367	0	.09465063	.1430127
751.15	0	.7622115	0	.09444912	.1433394
750.15	0	.7620869	0	.09424827	.1436648
749.15	0	.761963	0	.09404808	.143989
748.15	0	.7618396	0	.09384854	.1443118
747.15	0	.7617169	0	.09364966	.1446334
746.15	0	.7615949	0	.09345143	.1449537
745.15	0	.7614734	0	.09325387	.1452727
744.15	0	.7613525	0	.09305695	.1455905
743.15	0	.7612323	0	.09286069	.145907
742.15	0	.7611126	0	.09266509	.1462223
741.15	0	.7609936	0	.09247014	.1465363
740.15	0	.7608751	0	.09227585	.146849
739.15	0	.7607572	0	.09208221	.1471606
738.15	0	.76064	0	.09188922	.1474708
737.15	0	.7605233	0	.09169689	.1477798
736.15	0	.7604072	0	.09150521	.1480876
735.15	0	.7602916	0	.09131418	.1483942
734.15	0	.7601767	0	.09112381	.1486995
733.15	0	.7600623	0	.09093409	.1490036
732.15	0	.7599485	0	.09074502	.1493065
731.15	0	.7598353	0	.09055661	.1496081
730.15	0	.7597226	0	.09036884	.1499086
729.15	0	.7596105	0	.09018173	.1502078
728.15	0	.7594989	0	.08999527	.1505058
727.15	0	.7593879	0	.08980946	.1508026
726.15	0	.7592775	0	.0896243	.1510982
725.15	0	.7591676	0	.08943979	.1513926
724.15	0	.7590583	0	.08925593	.1516858
723.15	0	.7589495	0	.08907273	.1519778
722.15	0	.7588412	0	.08889017	.1522686
721.15	0	.7587335	0	.08870826	.1525583
720.15	0	.7586263	0	.088527	.1528467
719.15	0	.7585197	0	.08834639	.1531339
718.15	0	.7584136	0	.08816643	.15342
717.15	0	.758308	0	.08798712	.1537049
716.15	0	.7582029	0	.08780846	.1539886
715.15	0	.7580984	0	.08763045	.1542712
714.15	0	.7579944	0	.08745308	.1545525
713.15	0	.7578909	0	.08727636	.1548327
712.15	0	.757788	0	.08710029	.1551117
711.15	0	.7576855	0	.08692487	.1553896
710.15	0	.7575836	0	.08675009	.1556663
709.15	0	.7574822	0	.08657597	.1559419
708.15	0	.7573813	0	.08640249	.1562163
707.15	0	.7572809	0	.08622965	.1564895
706.15	0	.7571809	0	.08605746	.1567616
705.15	0	.7570816	0	.08588592	.1570325
704.15	0	.7569827	0	.08571502	.1573023
703.15	0	.7568843	0	.08554477	.157571
702.15	0	.7567864	0	.08537517	.1578385
701.15	0	.756689	0	.08520621	.1581048
700.15	0	.756592	0	.08503789	.1583701
699.15	0	.7564956	0	.08487022	.1586342
698.15	0	.7563997	0	.0847032	.1588971
697.15	0	.7563042	0	.08453682	.159159
696.15	0	.7562093	0	.08437108	.1594197
695.15	0	.7561148	0	.08420599	.1596792
694.15	0	.7560208	0	.08404154	.1599377
693.15	0	.7559273	0	.08387773	.160195
692.15	0	.7558342	0	.08371457	.1604512
691.15	0	.7557416	0	.08355205	.1607063
690.15	0	.7556495	0	.08339018	.1609603
689.15	0	.7555579	0	.08322894	.1612132
688.15	0	.7554667	0	.08306835	.1614649
687.15	0	.755376	0	.0829084	.1617156
686.15	0	.7552858	0	.08274909	.1619651
685.15	0	.755196	0	.08259043	.1622135
684.15	0	.7551067	0	.0824324	.1624609
683.15	0	.7550179	0	.08227502	.1627071
682.15	0	.7549295	0	.08211828	.1629522
681.15	0	.7548416	0	.08196217	.1631963
680.15	0	.7547541	0	.08180671	.1634392
679.15	0	.7546671	0	.08165189	.163681
678.15	0	.7545805	0	.08149771	.1639218
677.15	0	.7544944	0	.08134416	.1641614
676.15	0	.7544087	0	.08119126	.1644
675.15	0	.7543235	0	.08103899	.1646375
674.15	0	.7542387	0	.08088737	.1648739
673.15	0	.7541544	0	.08073638	.1651092
672.15	0	.7540705	0	.08058603	.1653435
671.15	0	.7539871	0	.08043631	.1655766
670.15	0	.753904	0	.08028724	.1658087
669.15	0	.7538215	0	.0801388	.1660397
668.15	0	.7537393	0	.079991	.1662697
667.15	0	.7536576	0	.07984383	.1664986
666.15	0	.7535763	0	.0796973	.1667264
665.15	0	.7534955	0	.07955141	.1669531
664.15	0	.7534151	0	.07940615	.1671788
663.15	0	.7533351	0	.07926153	.1674034
662.15	0	.7532555	0	.07911754	.1676269
661.15	0	.7531764	0	.07897419	.1678494
660.15	0	.7530977	0	.07883147	.1680708
659.15	0	.7530194	0	.07868939	.1682912
658.15	0	.7529415	0	.07854793	.1685105
657.15	0	.7528641	0	.07840711	.1687288
656.15	0	.7527871	0	.07826693	.168946
655.15	0	.7527105	0	.07812737	.1691622
654.15	0	.7526343	0	.07798845	.1693773
653.15	0	.7525585	0	.07785016	.1695914
652.15	0	.7524831	0	.0777125	.1698044
651.15	0	.7524081	0	.07757547	.1700164
650.15	0	.7523336	0	.07743907	.1702273
649.15	0	.7522595	0	.0773033	.1704372
648.15	0	.7521857	0	.07716816	.1706461
647.15	0	.7521124	0	.07703365	.170854
646.15	0	.7520395	0	.07689977	.1710608
645.15	0	.751967	0	.07676652	.1712665
644.15	0	.7518948	0	.07663389	.1714713
643.15	0	.7518231	0	.07650189	.171675
642.15	0	.7517518	0	.07637052	.1718777
641.15	0	.7516809	0	.07623977	.1720794
640.15	0	.7516103	0	.07610965	.17228
639.15	0	.7515402	0	.07598016	.1724796
638.15	0	.7514705	0	.07585129	.1726782
637.15	0	.7514011	0	.07572304	.1728758
636.15	0	.7513322	0	.07559542	.1730724
635.15	0	.7512636	0	.07546842	.1732679
634.15	0	.7511955	0	.07534204	.1734625
633.15	0	.7511277	0	.07521629	.173656
632.15	0	.7510603	0	.07509115	.1738485
631.15	0	.7509933	0	.07496664	.1740401
630.15	0	.7509267	0	.07484275	.1742306
629.15	0	.7508604	0	.07471948	.1744201
628.15	0	.7507946	0	.07459683	.1746086
627.15	0	.7507291	0	.07447479	.1747961
626.15	0	.750664	0	.07435338	.1749826
625.15	0	.7505993	0	.07423258	.1751682
624.15	0	.7505349	0	.0741124	.1753527
623.15	0	.7504709	0	.07399284	.1755362
622.15	0	.7504074	0	.07387389	.1757188
621.15	0	.7503441	0	.07375555	.1759003
620.15	0	.7502813	0	.07363783	.1760809
619.15	0	.7502188	0	.07352073	.1762605
618.15	0	.7501567	0	.07340424	.1764391
617.15	0	.750095	0	.07328836	.1766167
616.15	0	.7500336	0	.07317309	.1767933
615.15	0	.7499726	0	.07305843	.176969
614.15	0	.749912	0	.07294438	.1771437
613.15	0	.7498517	0	.07283094	.1773174
612.15	0	.7497918	0	.07271811	.1774901
611.15	0	.7497322	0	.07260589	.1776619
610.15	0	.749673	0	.07249428	.1778327
609.15	0	.7496142	0	.07238327	.1780025
608.15	0	.7495557	0	.07227287	.1781714
607.15	0	.7494976	0	.07216307	.1783393
606.15	0	.7494399	0	.07205388	.1785063
605.15	0	.7493825	0	.07194529	.1786722
604.15	0	.7493254	0	.0718373	.1788373
603.15	0	.7492687	0	.07172992	.1790014
602.15	0	.7492124	0	.07162313	.1791645
601.15	0	.7491564	0	.07151694	.1793267
600.15	0	.7491008	0	.07141136	.1794879
599.15	0	.7490455	0	.07130637	.1796482
598.15	0	.7489905	0	.07120198	.1798075
597.15	0	.7489359	0	.07109819	.1799659
596.15	0	.7488817	0	.07099499	.1801234
595.15	0	.7488278	0	.07089238	.1802799
594.15	0	.7487742	0	.07079037	.1804354
593.15	0	.748721	0	.07068895	.1805901
592.15	0	.7486681	0	.07058813	.1807438
591.15	0	.7486155	0	.07048789	.1808966
590.15	0	.7485633	0	.07038825	.1810484
589.15	0	.7485115	0	.07028919	.1811994
588.15	0	.7484599	0	.07019072	.1813494
587.15	0	.7484087	0	.07009284	.1814984
586.15	0	.7483579	0	.06999554	.1816466
585.15	0	.7483073	0	.06989883	.1817939
584.15	0	.7482571	0	.0698027	.1819402
583.15	0	.7482073	0	.06970715	.1820856
582.15	0	.7481577	0	.06961219	.1822301
581.15	0	.7481085	0	.0695178	.1823737
580.15	0	.7480596	0	.069424	.1825164
579.15	0	.7480111	0	.06933077	.1826582
578.15	0	.7479628	0	.06923812	.182799
577.15	0	.7479149	0	.06914605	.182939
576.15	0	.7478673	0	.06905455	.1830781
575.15	0	.7478201	0	.06896362	.1832163
574.15	0	.7477731	0	.06887327	.1833536
573.15	0	.7477265	0	.06878348	.18349
572.15	0	.7476802	0	.06869427	.1836255
571.15	0	.7476342	0	.06860563	.1837602
570.15	0	.7475886	0	.06851755	.1838939
569.15	0	.7475432	0	.06843004	.1840268
568.15	0	.7474982	0	.0683431	.1841588
567.15	0	.7474534	0	.06825671	.1842899
566.15	0	.747409	0	.06817089	.1844201
565.15	0	.7473649	0	.06808564	.1845495
564.15	0	.7473211	0	.06800094	.184678
563.15	0	.7472776	0	.0679168	.1848056
562.15	0	.7472345	0	.06783322	.1849323
561.15	0	.7471916	0	.06775019	.1850582
560.15	0	.747149	0	.06766772	.1851833
559.15	0	.7471068	0	.0675858	.1853075
558.15	0	.7470648	0	.06750443	.1854308
557.15	0	.7470231	0	.06742361	.1855533
556.15	0	.7469818	0	.06734334	.1856749
555.15	0	.7469407	0	.06726362	.1857957
554.15	0	.7469	0	.06718445	.1859156
553.15	0	.7468595	0	.06710581	.1860347
552.15	0	.7468193	0	.06702773	.1861529
551.15	0	.7467795	0	.06695018	.1862703
550.15	0	.7467399	0	.06687317	.1863869
549.15	0	.7467006	0	.06679671	.1865027
548.15	0	.7466616	0	.06672078	.1866176
547.15	0	.7466229	0	.06664538	.1867317
546.15	0	.7465845	0	.06657052	.186845
545.15	0	.7465464	0	.06649619	.1869574
544.15	0	.7465086	0	.06642239	.187069
543.15	0	.746471	0	.06634912	.1871799
542.15	0	.7464338	0	.06627638	.1872899
541.15	0	.7463968	0	.06620417	.187399
540.15	0	.7463601	0	.06613248	.1875074
539.15	0	.7463237	0	.06606131	.187615
538.15	0	.7462876	0	.06599066	.1877218
537.15	0	.7462517	0	.06592054	.1878278
536.15	0	.7462161	0	.06585093	.1879329
535.15	0	.7461808	0	.06578183	.1880373
534.15	0	.7461458	0	.06571325	.1881409
533.15	0	.7461111	0	.06564519	.1882438
532.15	0	.7460766	0	.06557763	.1883458
531.15	0	.7460424	0	.06551058	.188447
530.15	0	.7460085	0	.06544405	.1885475
529.15	0	.7459748	0	.06537801	.1886472
528.15	0	.7459414	0	.06531248	.1887461
527.15	0	.7459083	0	.06524746	.1888443
526.15	0	.7458754	0	.06518293	.1889416
525.15	0	.7458429	0	.0651189	.1890382
524.15	0	.7458105	0	.06505537	.1891341
523.15	0	.7457785	0	.06499233	.1892292
522.15	0	.7457467	0	.06492979	.1893236
521.15	0	.7457151	0	.06486774	.1894171
520.15	0	.7456838	0	.06480617	.18951
519.15	0	.7456528	0	.0647451	.1896021
518.15	0	.7456221	0	.06468451	.1896934
517.15	0	.7455915	0	.0646244	.189784
516.15	0	.7455613	0	.06456478	.1898739
515.15	0	.7455313	0	.06450563	.1899631
514.15	0	.7455016	0	.06444696	.1900515
513.15	0	.7454721	0	.06438877	.1901392
512.15	0	.7454428	0	.06433105	.1902261
511.15	0	.7454138	0	.06427381	.1903124
510.15	0	.7453851	0	.06421703	.1903979
509.15	0	.7453566	0	.06416072	.1904827
508.15	0	.7453283	0	.06410488	.1905668
507.15	0	.7453003	0	.0640495	.1906502
506.15	0	.7452726	0	.06399458	.1907329
505.15	0	.745245	0	.06394012	.1908149
504.15	0	.7452177	0	.06388612	.1908961
503.15	0	.7451907	0	.06383258	.1909767
502.15	0	.7451639	0	.06377949	.1910566
501.15	0	.7451373	0	.06372685	.1911358
500.15	0	.745111	0	.06367466	.1912144
499.15	0	.7450849	0	.06362292	.1912922
498.15	0	.745059	0	.06357162	.1913694
497.15	0	.7450334	0	.06352076	.1914459
496.15	0	.745008	0	.06347035	.1915217
495.15	0	.7449828	0	.06342038	.1915968
494.15	0	.7449579	0	.06337084	.1916713
493.15	0	.7449331	0	.06332173	.1917451
492.15	0	.7449087	0	.06327306	.1918183
491.15	0	.7448844	0	.06322482	.1918908
490.15	0	.7448603	0	.063177	.1919627
489.15	0	.7448365	0	.06312962	.1920339
488.15	0	.7448129	0	.06308265	.1921044
487.15	0	.7447895	0	.06303611	.1921744
486.15	0	.7447664	0	.06298998	.1922436
485.15	0	.7447434	0	.06294427	.1923123
484.15	0	.7447207	0	.06289898	.1923803
483.15	0	.7446982	0	.0628541	.1924477
482.15	0	.7446759	0	.06280963	.1925145
481.15	0	.7446538	0	.06276556	.1925806
480.15	0	.7446319	0	.0627219	.1926462
479.15	0	.7446103	0	.06267865	.1927111
478.15	0	.7445888	0	.06263579	.1927754
477.15	0	.7445676	0	.06259334	.1928391
476.15	0	.7445465	0	.06255128	.1929022
475.15	0	.7445257	0	.06250961	.1929647
474.15	0	.744505	0	.06246834	.1930266
473.15	0	.7444846	0	.06242745	.193088
472.15	0	.7444644	0	.06238695	.1931487
471.15	0	.7444443	0	.06234684	.1932088
470.15	0	.7444245	0	.06230711	.1932684
469.15	0	.7444049	0	.06226775	.1933274
468.15	0	.7443854	0	.06222878	.1933858
467.15	0	.7443662	0	.06219018	.1934436
466.15	0	.7443471	0	.06215196	.1935009
465.15	0	.7443283	0	.0621141	.1935576
464.15	0	.7443096	0	.06207661	.1936138
463.15	0	.7442911	0	.06203949	.1936694
462.15	0	.7442728	0	.06200273	.1937244
461.15	0	.7442547	0	.06196633	.1937789
460.15	0	.7442368	0	.06193029	.1938329
