T	 BPW(LIQUID)	BPW(BCC_A2)	BPW(FCC_A1)	BPW(LAVES_PHASE_C14)	BPW(NI3TI)
1473.15	.2083874	.6305386	0	.161074	0
1472.15	.2030092	.6340521	0	.1629387	0
1471.15	.1977311	.6374956	0	.1647733	0
1470.15	.1925503	.640871	0	.1665787	0
1469.15	.1874643	.64418	0	.1683556	0
1468.15	.1824705	.6474245	0	.170105	0
1467.15	.1775665	.650606	0	.1718275	0
1466.15	.1727499	.6537263	0	.1735238	0
1465.15	.1680184	.6567869	0	.1751947	0
1464.15	.1633699	.6597894	0	.1768408	0
1463.15	.1588021	.6627351	0	.1784628	0
1462.15	.1543131	.6656256	0	.1800613	0
1461.15	.1499009	.6684622	0	.181637	0
1460.15	.1455634	.6712462	0	.1831903	0
1459.15	.141299	.673979	0	.184722	0
1458.15	.1371057	.6766618	0	.1862325	0
1457.15	.1329817	.6792958	0	.1877224	0
1456.15	.1289255	.6818822	0	.1891922	0
1455.15	.1249354	.6844222	0	.1906425	0
1454.15	.1210097	.6869167	0	.1920736	0
1453.15	.117147	.689367	0	.1934861	0
1452.15	.1133457	.6917739	0	.1948804	0
1451.15	.1096044	.6941387	0	.1962569	0
1450.15	.1059217	.6964622	0	.1976162	0
1449.15	.1022962	.6987453	0	.1989585	0
1448.15	.09872656	.700989	0	.2002844	0
1447.15	.09521157	.7031943	0	.2015942	0
1446.15	.09174995	.7053618	0	.2028882	0
1445.15	.08834049	.7074926	0	.2041669	0
1444.15	.08498202	.7095874	0	.2054306	0
1443.15	.08167338	.711647	0	.2066796	0
1442.15	.07841348	.7136722	0	.2079143	0
1441.15	.07520124	.7156637	0	.2091351	0
1440.15	.07203561	.7176223	0	.2103421	0
1439.15	.06891557	.7195486	0	.2115358	0
1438.15	.06584013	.7214434	0	.2127164	0
1437.15	.06280834	.7233074	0	.2138843	0
1436.15	.05981925	.7251411	0	.2150396	0
1435.15	.05687196	.7269453	0	.2161827	0
1434.15	.05396558	.7287205	0	.2173139	0
1433.15	.05109926	.7304674	0	.2184334	0
1432.15	.04827214	.7321865	0	.2195414	0
1431.15	.04548342	.7338784	0	.2206382	0
1430.15	.04273231	.7355436	0	.2217241	0
1429.15	.04001802	.7371828	0	.2227992	0
1428.15	.03733981	.7387964	0	.2238638	0
1427.15	.03469694	.7403849	0	.2249182	0
1426.15	.0320887	.7419489	0	.2259624	0
1425.15	.02951438	.7434888	0	.2269968	0
1424.15	.02697333	.7450051	0	.2280216	0
1423.15	.02446486	.7464983	0	.2290369	0
1422.15	.02198834	.7479688	0	.2300429	0
1421.15	.01954314	.749417	0	.2310398	0
1420.15	.01712865	.7508435	0	.2320278	0
1419.15	.01474427	.7522486	0	.2330071	0
1418.15	.01238941	.7536327	0	.2339779	0
1417.15	.01006351	.7549962	0	.2349403	0
1416.15	.007766017	.7563396	0	.2358944	0
1415.15	.005496384	.7576631	0	.2368405	0
1414.15	.003254086	.7589672	0	.2377787	0
1413.15	.001038607	.7602522	0	.2387092	0
1412.677	0	.7608534	0	.2391466	0
1412.677	0	.7608534	0	.2391466	0
1412.15	0	.7605733	0	.2394267	0
1411.15	0	.7600429	0	.2399571	0
1410.15	0	.7595137	0	.2404863	0
1409.15	0	.7589859	0	.2410141	0
1408.15	0	.7584594	0	.2415407	0
1407.15	0	.7579341	0	.2420659	0
1406.15	0	.7574102	0	.2425898	0
1405.15	0	.7568875	0	.2431125	0
1404.15	0	.7563662	0	.2436338	0
1403.15	0	.7558461	0	.2441539	0
1402.15	0	.7553273	0	.2446727	0
1401.15	0	.7548098	0	.2451902	0
1400.15	0	.7542935	0	.2457065	0
1399.15	0	.7537785	0	.2462215	0
1398.15	0	.7532648	0	.2467352	0
1397.15	0	.7527523	0	.2472477	0
1396.15	0	.7522411	0	.2477589	0
1395.15	0	.7517311	0	.2482689	0
1394.15	0	.7512224	0	.2487776	0
1393.15	0	.7507149	0	.2492851	0
1392.15	0	.7502086	0	.2497914	0
1391.15	0	.7497036	0	.2502964	0
1390.15	0	.7491998	0	.2508002	0
1389.15	0	.7486972	0	.2513028	0
1388.15	0	.7481959	0	.2518041	0
1387.15	0	.7476957	0	.2523043	0
1386.15	0	.7471968	0	.2528032	0
1385.15	0	.7466991	0	.2533009	0
1384.15	0	.7462026	0	.2537974	0
1383.15	0	.7457073	0	.2542928	0
1382.15	0	.7452131	0	.2547869	0
1381.15	0	.7447202	0	.2552798	0
1380.15	0	.7442284	0	.2557716	0
1379.15	0	.7437379	0	.2562621	0
1378.15	0	.7432485	0	.2567515	0
1377.15	0	.7427603	0	.2572397	0
1376.15	0	.7422733	0	.2577267	0
1375.15	0	.7417874	0	.2582126	0
1374.15	0	.7413027	0	.2586973	0
1373.15	0	.7408192	0	.2591808	0
1372.15	0	.7403368	0	.2596632	0
1371.15	0	.7398556	0	.2601445	0
1370.15	0	.7393755	0	.2606245	0
1369.15	0	.7388965	0	.2611035	0
1368.15	0	.7384187	0	.2615813	0
1367.15	0	.7379421	0	.2620579	0
1366.15	0	.7374666	0	.2625334	0
1365.15	0	.7369922	0	.2630078	0
1364.15	0	.7365189	0	.2634811	0
1363.15	0	.7360468	0	.2639532	0
1362.15	0	.7355758	0	.2644242	0
1361.15	0	.7351059	0	.2648941	0
1360.15	0	.7346371	0	.2653629	0
1359.15	0	.7341694	0	.2658306	0
1358.15	0	.7337028	0	.2662972	0
1357.15	0	.7332374	0	.2667626	0
1356.15	0	.732773	0	.267227	0
1355.15	0	.7323097	0	.2676903	0
1354.15	0	.7318475	0	.2681525	0
1353.15	0	.7313865	0	.2686135	0
1352.15	0	.7309264	0	.2690736	0
1351.15	0	.7304675	0	.2695325	0
1350.15	0	.7300097	0	.2699903	0
1349.15	0	.7295529	0	.2704471	0
1348.15	0	.7290972	0	.2709028	0
1347.15	0	.7286426	0	.2713574	0
1346.15	0	.728189	0	.271811	0
1345.15	0	.7277365	0	.2722635	0
1344.15	0	.7272851	0	.2727149	0
1343.15	0	.7268347	0	.2731653	0
1342.15	0	.7263853	0	.2736147	0
1341.15	0	.725937	0	.274063	0
1340.15	0	.7254898	0	.2745102	0
1339.15	0	.7250436	0	.2749564	0
1338.15	0	.7245984	0	.2754016	0
1337.15	0	.7241543	0	.2758457	0
1336.15	0	.7237112	0	.2762888	0
1335.15	0	.7232691	0	.2767309	0
1334.15	0	.7228281	0	.2771719	0
1333.15	0	.7223881	0	.2776119	0
1332.15	0	.7219491	0	.2780509	0
1331.15	0	.7215111	0	.2784889	0
1330.15	0	.7210741	0	.2789259	0
1329.15	0	.7206382	0	.2793618	0
1328.15	0	.7202032	0	.2797968	0
1327.15	0	.7197693	0	.2802307	0
1326.15	0	.7193364	0	.2806636	0
1325.15	0	.7189044	0	.2810956	0
1324.15	0	.7184735	0	.2815265	0
1323.15	0	.7180435	0	.2819565	0
1322.15	0	.7176145	0	.2823855	0
1321.15	0	.7171866	0	.2828134	0
1320.15	0	.7167596	0	.2832404	0
1319.15	0	.7163336	0	.2836664	0
1318.15	0	.7159085	0	.2840915	0
1317.15	0	.7154845	0	.2845155	0
1316.15	0	.7150614	0	.2849386	0
1315.15	0	.7146392	0	.2853608	0
1314.15	0	.7142181	0	.2857819	0
1313.15	0	.7137979	0	.2862021	0
1312.15	0	.7133787	0	.2866213	0
1311.15	0	.7129604	0	.2870396	0
1310.15	0	.7125431	0	.2874569	0
1309.15	0	.7121267	0	.2878733	0
1308.15	0	.7117113	0	.2882887	0
1307.15	0	.7112968	0	.2887032	0
1306.15	0	.7108833	0	.2891167	0
1305.15	0	.7104707	0	.2895293	0
1304.15	0	.710059	0	.289941	0
1303.15	0	.7096483	0	.2903517	0
1302.15	0	.7092385	0	.2907615	0
1301.15	0	.7088297	0	.2911703	0
1300.15	0	.7084218	0	.2915782	0
1299.15	0	.7080148	0	.2919852	0
1298.15	0	.7076087	0	.2923913	0
1297.15	0	.7072035	0	.2927965	0
1296.15	0	.7067993	0	.2932007	0
1295.15	0	.7063959	0	.2936041	0
1294.15	0	.7059935	0	.2940065	0
1293.15	0	.705592	0	.294408	0
1292.15	0	.7051914	0	.2948086	0
1291.15	0	.7047917	0	.2952083	0
1290.15	0	.7043929	0	.2956071	0
1289.15	0	.703995	0	.296005	0
1288.15	0	.703598	0	.296402	0
1287.15	0	.7032019	0	.2967981	0
1286.15	0	.7028067	0	.2971934	0
1285.15	0	.7024123	0	.2975877	0
1284.15	0	.7020189	0	.2979811	0
1283.15	0	.7016263	0	.2983737	0
1282.15	0	.7012346	0	.2987654	0
1281.15	0	.7008438	0	.2991562	0
1280.15	0	.7004539	0	.2995462	0
1279.15	0	.7000648	0	.2999352	0
1278.15	0	.6996766	0	.3003234	0
1277.15	0	.6992893	0	.3007107	0
1276.15	0	.6989028	0	.3010972	0
1275.15	0	.6985172	0	.3014828	0
1274.15	0	.6981325	0	.3018675	0
1273.15	0	.6977486	0	.3022514	0
1272.15	0	.6973656	0	.3026344	0
1271.15	0	.6969834	0	.3030166	0
1270.15	0	.6966021	0	.3033979	0
1269.15	0	.6962216	0	.3037784	0
1268.15	0	.695842	0	.304158	0
1267.15	0	.6954632	0	.3045368	0
1266.15	0	.6950853	0	.3049147	0
1265.15	0	.6947082	0	.3052918	0
1264.15	0	.6943319	0	.3056681	0
1263.15	0	.6939565	0	.3060435	0
1262.15	0	.6935819	0	.3064181	0
1261.15	0	.6932082	0	.3067918	0
1260.15	0	.6928352	0	.3071648	0
1259.15	0	.6924631	0	.3075369	0
1258.15	0	.6920919	0	.3079082	0
1257.15	0	.6917214	0	.3082786	0
1256.15	0	.6913518	0	.3086483	0
1255.15	0	.6909829	0	.3090171	0
1254.15	0	.6906149	0	.3093851	0
1253.15	0	.6902477	0	.3097523	0
1252.15	0	.6898813	0	.3101187	0
1251.15	0	.6895157	0	.3104843	0
1250.15	0	.689151	0	.310849	0
1249.15	0	.688787	0	.311213	0
1248.15	0	.6884238	0	.3115762	0
1247.15	0	.6880615	0	.3119385	0
1246.15	0	.6876999	0	.3123001	0
1245.15	0	.6873391	0	.3126609	0
1244.15	0	.6869791	0	.3130209	0
1243.15	0	.6866199	0	.3133801	0
1242.15	0	.6862615	0	.3137385	0
1241.15	0	.6859039	0	.3140961	0
1240.15	0	.6855471	0	.3144529	0
1239.15	0	.6851911	0	.314809	0
1238.15	0	.6848358	0	.3151642	0
1237.15	0	.6844813	0	.3155187	0
1236.15	0	.6841276	0	.3158724	0
1235.15	0	.6837746	0	.3162254	0
1234.15	0	.6834225	0	.3165775	0
1233.15	0	.6830711	0	.3169289	0
1232.15	0	.6827205	0	.3172796	0
1231.15	0	.6823706	0	.3176294	0
1230.15	0	.6820215	0	.3179785	0
1229.15	0	.6816732	0	.3183268	0
1228.15	0	.6813256	0	.3186744	0
1227.15	0	.6809788	0	.3190212	0
1226.15	0	.6806327	0	.3193673	0
1225.15	0	.6802874	0	.3197126	0
1224.15	0	.6799429	0	.3200571	0
1223.15	0	.6795991	0	.3204009	0
1222.15	0	.679256	0	.320744	0
1221.15	0	.6789137	0	.3210863	0
1220.15	0	.6785722	0	.3214278	0
1219.15	0	.6782314	0	.3217686	0
1218.15	0	.6778913	0	.3221087	0
1217.15	0	.677552	0	.322448	0
1216.15	0	.6772134	0	.3227866	0
1215.15	0	.6768755	0	.3231245	0
1214.15	0	.6765384	0	.3234616	0
1213.15	0	.676202	0	.323798	0
1212.15	0	.6758663	0	.3241337	0
1211.15	0	.6755314	0	.3244686	0
1210.15	0	.6751972	0	.3248028	0
1209.15	0	.6748637	0	.3251363	0
1208.15	0	.674531	0	.325469	0
1207.15	0	.6741989	0	.3258011	0
1206.15	0	.6738676	0	.3261324	0
1205.15	0	.673537	0	.326463	0
1204.15	0	.6732071	0	.3267929	0
1203.15	0	.672878	0	.327122	0
1202.15	0	.6725495	0	.3274505	0
1201.15	0	.6722218	0	.3277782	0
1200.15	0	.6718947	0	.3281053	0
1199.15	0	.6715684	0	.3284316	0
1198.15	0	.6712428	0	.3287572	0
1197.15	0	.6709179	0	.3290822	0
1196.15	0	.6705936	0	.3294064	0
1195.15	0	.6702701	0	.3297299	0
1194.15	0	.6699473	0	.3300527	0
1193.15	0	.6696252	0	.3303748	0
1192.15	0	.6693038	0	.3306963	0
1191.15	0	.668983	0	.331017	0
1190.15	0	.668663	0	.331337	0
1189.15	0	.6683436	0	.3316564	0
1188.15	0	.668025	0	.331975	0
1187.15	0	.667707	0	.332293	0
1186.15	0	.6673897	0	.3326103	0
1185.15	0	.6670731	0	.3329269	0
1184.15	0	.6667572	0	.3332428	0
1183.15	0	.6664419	0	.3335581	0
1182.15	0	.6661274	0	.3338726	0
1181.15	0	.6658135	0	.3341865	0
1180.15	0	.6655003	0	.3344997	0
1179.974	0	.6654452	0	.3345548	0
1179.974	0	.6654452	0	.3345548	0
1179.974	0	.6654452	0	.3345548	0
1179.15	0	.6645202	6.923702E-04	.3347874	0
1178.15	0	.6634004	.001530531	.3350691	0
1177.15	0	.6622835	.002366412	.3353501	0
1176.15	0	.6611698	.003200014	.3356302	0
1175.15	0	.660059	.004031335	.3359097	0
1174.15	0	.6589513	.004860376	.3361884	0
1173.15	0	.6578466	.005687138	.3364663	0
1172.15	0	.6567449	.006511619	.3367435	0
1171.15	0	.6556462	.00733382	.33702	0
1170.15	0	.6545505	.00815374	.3372958	0
1169.15	0	.6534579	.00897138	.3375708	0
1168.15	0	.6523682	.009786738	.3378451	0
1167.15	0	.6512816	.01059981	.3381186	0
1166.15	0	.6501979	.01141061	.3383915	0
1165.15	0	.6491173	.01221912	.3386636	0
1164.15	0	.6480397	.01302535	.338935	0
1163.15	0	.6469651	.0138293	.3392056	0
1162.15	0	.6458934	.01463097	.3394756	0
1161.15	0	.6448248	.01543034	.3397448	0
1160.15	0	.6437592	.01622744	.3400134	0
1159.15	0	.6426966	.01702225	.3402812	0
1158.15	0	.6416369	.01781477	.3405483	0
1157.15	0	.6405802	.01860501	.3408148	0
1156.15	0	.6395266	.01939295	.3410805	0
1155.15	0	.6384759	.02017861	.3413455	0
1154.15	0	.6374282	.02096201	.3416098	0
1153.15	0	.6363835	.02174309	.3418734	0
1152.15	0	.6353418	.02252188	.3421364	0
1151.15	0	.634303	.02329838	.3423986	0
1150.15	0	.6332673	.02407258	.3426602	0
1149.15	0	.6322345	.02484449	.342921	0
1148.15	0	.6312047	.02561411	.3431812	0
1147.15	0	.6301779	.02638143	.3434407	0
1146.15	0	.6291541	.02714645	.3436995	0
1145.15	0	.6281332	.02790918	.3439576	0
1144.15	0	.6271153	.0286696	.3442151	0
1143.15	0	.6261004	.02942772	.3444719	0
1142.15	0	.6250885	.03018355	.344728	0
1141.15	0	.6240795	.03093706	.3449834	0
1140.15	0	.6230736	.03168828	.3452382	0
1139.15	0	.6220706	.03243718	.3454923	0
1138.15	0	.6210705	.03318378	.3457457	0
1137.15	0	.6200735	.03392807	.3459985	0
1136.15	0	.6190794	.03467005	.3462506	0
1135.15	0	.6180883	.03540972	.346502	0
1134.15	0	.6171001	.03614708	.3467528	0
1133.15	0	.616115	.03688211	.3470029	0
1132.15	0	.6151328	.03761483	.3472524	0
1131.15	0	.6141536	.03834523	.3475012	0
1130.15	0	.6131773	.03907332	.3477494	0
1129.15	0	.612204	.03979908	.3479969	0
1128.15	0	.6112337	.04052251	.3482438	0
1127.15	0	.6102664	.04124362	.34849	0
1126.15	0	.609302	.0419624	.3487356	0
1125.15	0	.6083406	.04267885	.3489805	0
1124.15	0	.6073822	.04339297	.3492248	0
1123.15	0	.6064268	.04410475	.3494685	0
1122.15	0	.6054743	.0448142	.3497115	0
1121.15	0	.6045248	.04552131	.3499539	0
1120.15	0	.6035783	.04622608	.3501956	0
1119.15	0	.6026348	.04692851	.3504367	0
1118.15	0	.6016942	.04762859	.3506772	0
1117.15	0	.6007566	.04832633	.3509171	0
1116.15	0	.599822	.04902171	.3511563	0
1115.15	0	.5988904	.04971475	.3513949	0
1114.15	0	.5979617	.05040543	.3516329	0
1113.15	0	.597036	.05109375	.3518702	0
1112.15	0	.5961133	.05177972	.3521069	0
1111.15	0	.5951936	.05246333	.352343	0
1110.15	0	.5942769	.05314457	.3525785	0
1109.15	0	.5933632	.05382344	.3528134	0
1108.15	0	.5924524	.05449995	.3530476	0
1107.15	0	.5915446	.05517409	.3532813	0
1106.15	0	.5906398	.05584585	.3535143	0
1105.15	0	.589738	.05651523	.3537467	0
1104.15	0	.5888392	.05718224	.3539785	0
1103.15	0	.5879434	.05784686	.3542097	0
1102.15	0	.5870506	.0585091	.3544403	0
1101.15	0	.5861608	.05916895	.3546703	0
1100.15	0	.5852739	.05982641	.3548997	0
1099.15	0	.5843901	.06048147	.3551284	0
1098.15	0	.5835093	.06113414	.3553566	0
1097.15	0	.5826314	.06178441	.3555841	0
1096.15	0	.5817566	.06243228	.3558111	0
1095.15	0	.5808848	.06307774	.3560375	0
1094.15	0	.580016	.0637208	.3562632	0
1093.15	0	.5791502	.06436144	.3564884	0
1092.15	0	.5782874	.06499967	.356713	0
1091.15	0	.5774276	.06563548	.356937	0
1090.15	0	.5765708	.06626887	.3571603	0
1089.15	0	.575717	.06689983	.3573831	0
1088.15	0	.5748663	.06752837	.3576053	0
1087.15	0	.5740186	.06815448	.3578269	0
1086.15	0	.5731739	.06877815	.358048	0
1085.15	0	.5723322	.06939939	.3582684	0
1084.15	0	.5714936	.07001818	.3584882	0
1083.15	0	.570658	.07063453	.3587075	0
1082.15	0	.5698254	.07124843	.3589262	0
1081.15	0	.5689958	.07185989	.3591443	0
1080.15	0	.5681693	.07246889	.3593618	0
1079.15	0	.5673459	.07307543	.3595787	0
1078.15	0	.5665254	.07367951	.3597951	0
1077.15	0	.5657081	.07428112	.3600108	0
1076.15	0	.5648937	.07488026	.360226	0
1075.15	0	.5640824	.07547694	.3604406	0
1074.15	0	.5632742	.07607113	.3606547	0
1073.15	0	.562469	.07666285	.3608681	0
1072.15	0	.5616669	.07725209	.361081	0
1071.15	0	.5608679	.07783883	.3612933	0
1070.15	0	.5600719	.07842309	.361505	0
1069.15	0	.559279	.07900485	.3617162	0
1068.15	0	.5584891	.07958412	.3619268	0
1067.15	0	.5577023	.08016088	.3621368	0
1066.15	0	.5569186	.08073514	.3623462	0
1065.15	0	.556138	.08130689	.3625551	0
1064.15	0	.5553605	.08187612	.3627634	0
1063.15	0	.554586	.08244284	.3629712	0
1062.15	0	.5538146	.08300703	.3631783	0
1061.15	0	.5530464	.0835687	.3633849	0
1060.15	0	.5522812	.08412785	.363591	0
1059.15	0	.5515191	.08468445	.3637964	0
1058.15	0	.5507602	.08523853	.3640013	0
1057.15	0	.5500043	.08579006	.3642056	0
1056.15	0	.5492516	.08633904	.3644094	0
1055.15	0	.5485019	.08688548	.3646126	0
1054.15	0	.5477554	.08742937	.3648153	0
1053.15	0	.547012	.08797069	.3650173	0
1052.15	0	.5462717	.08850946	.3652188	0
1051.15	0	.5455345	.08904566	.3654198	0
1050.15	0	.5448005	.0895793	.3656202	0
1049.15	0	.5440696	.09011036	.36582	0
1048.15	0	.5433419	.09063884	.3660193	0
1047.15	0	.5426173	.09116474	.366218	0
1046.15	0	.5418958	.09168806	.3664161	0
1045.15	0	.5411775	.09220879	.3666137	0
1044.15	0	.5404624	.09272692	.3668107	0
1043.15	0	.5397504	.09324246	.3670072	0
1042.15	0	.5390415	.0937554	.3672031	0
1041.15	0	.5383359	.09426573	.3673984	0
1040.15	0	.5376334	.09477345	.3675932	0
1039.15	0	.536934	.09527856	.3677874	0
1038.15	0	.5362379	.09578105	.3679811	0
1037.15	0	.5355449	.09628091	.3681742	0
1036.15	0	.5348551	.09677816	.3683667	0
1035.15	0	.5341685	.09727277	.3685587	0
1034.15	0	.5334851	.09776475	.3687501	0
1033.15	0	.5328049	.09825409	.368941	0
1032.15	0	.5321279	.0987408	.3691313	0
1031.15	0	.5314541	.09922485	.3693211	0
1030.15	0	.5307835	.09970626	.3695102	0
1029.15	0	.5301161	.100185	.3696989	0
1028.15	0	.529452	.1006611	.3698869	0
1027.15	0	.528791	.1011345	.3700744	0
1026.15	0	.5281333	.1016053	.3702614	0
1025.15	0	.5274788	.1020734	.3704478	0
1024.15	0	.5268276	.1025388	.3706336	0
1023.15	0	.5261796	.1030016	.3708189	0
1022.15	0	.5255348	.1034617	.3710036	0
1021.15	0	.5248933	.103919	.3711877	0
1020.15	0	.524255	.1043738	.3713713	0
1019.15	0	.52362	.1048258	.3715543	0
1018.15	0	.5229882	.1052751	.3717367	0
1017.15	0	.5223597	.1057217	.3719186	0
1016.15	0	.5217345	.1061656	.3720999	0
1015.15	0	.5211125	.1066068	.3722807	0
1014.15	0	.5204938	.1070453	.3724609	0
1013.15	0	.5198784	.1074811	.3726405	0
1012.15	0	.5192662	.1079142	.3728195	0
1011.15	0	.5186574	.1083446	.372998	0
1010.15	0	.5180518	.1087722	.373176	0
1009.15	0	.5174496	.1091971	.3733533	0
1008.15	0	.5168506	.1096193	.3735301	0
1007.15	0	.5162549	.1100388	.3737063	0
1006.15	0	.5156626	.1104555	.373882	0
1005.15	0	.5150735	.1108695	.374057	0
1004.15	0	.5144878	.1112807	.3742315	0
1003.15	0	.5139053	.1116893	.3744054	0
1002.15	0	.5133262	.112095	.3745788	0
1001.15	0	.5127504	.112498	.3747515	0
1000.15	0	.512178	.1128983	.3749237	0
999.15	0	.5116088	.1132958	.3750953	0
998.15	0	.511043	.1136906	.3752664	0
997.15	0	.5104806	.1140826	.3754368	0
996.15	0	.5099214	.1144719	.3756067	0
995.15	0	.5093657	.1148584	.3757759	0
994.15	0	.5088132	.1152422	.3759446	0
993.15	0	.5082641	.1156231	.3761127	0
992.15	0	.5077184	.1160014	.3762803	0
991.15	0	.507176	.1163768	.3764472	0
990.15	0	.506637	.1167495	.3766135	0
989.15	0	.5061013	.1171194	.3767793	0
988.15	0	.505569	.1174866	.3769444	0
987.15	0	.5050401	.117851	.377109	0
986.15	0	.5045145	.1182126	.3772729	0
985.15	0	.5039923	.1185715	.3774363	0
984.15	0	.5034734	.1189276	.377599	0
983.15	0	.502958	.1192809	.3777611	0
982.15	0	.5024459	.1196315	.3779227	0
981.15	0	.5019372	.1199792	.3780836	0
980.15	0	.5014318	.1203243	.3782439	0
979.15	0	.5009299	.1206665	.3784036	0
978.15	0	.5004313	.121006	.3785627	0
977.15	0	.4999361	.1213427	.3787212	0
976.15	0	.4994443	.1216767	.3788791	0
975.15	0	.4989558	.1220079	.3790363	0
974.15	0	.4984708	.1223363	.3791929	0
973.15	0	.4979891	.122662	.3793489	0
972.15	0	.4975108	.122985	.3795042	0
971.15	0	.4970359	.1233051	.379659	0
970.15	0	.4965644	.1236226	.379813	0
969.15	0	.4960963	.1239372	.3799665	0
968.15	0	.4956315	.1242492	.3801193	0
967.15	0	.4951702	.1245584	.3802715	0
966.15	0	.4947122	.1248649	.380423	0
965.15	0	.4942576	.1251686	.3805738	0
964.15	0	.4938064	.1254696	.380724	0
963.15	0	.4933585	.1257679	.3808736	0
962.15	0	.492914	.1260635	.3810225	0
961.15	0	.4924729	.1263564	.3811707	0
960.15	0	.4920352	.1266465	.3813183	0
959.15	0	.4916008	.126934	.3814652	0
958.15	0	.4911698	.1272188	.3816114	0
957.15	0	.4907422	.1275008	.3817569	0
956.15	0	.4903179	.1277803	.3819018	0
955.15	0	.489897	.128057	.382046	0
954.15	0	.4894794	.1283311	.3821895	0
953.15	0	.4890652	.1286026	.3823323	0
952.15	0	.4886543	.1288714	.3824744	0
951.15	0	.4882467	.1291375	.3826158	0
950.15	0	.4878425	.1294011	.3827565	0
949.15	0	.4874415	.129662	.3828964	0
948.15	0	.4870439	.1299204	.3830357	0
947.15	0	.4866496	.1301761	.3831742	0
946.15	0	.4862586	.1304293	.3833121	0
945.15	0	.4858709	.1306799	.3834492	0
944.15	0	.4854865	.130928	.3835855	0
943.15	0	.4851053	.1311735	.3837211	0
942.15	0	.4847275	.1314165	.383856	0
941.15	0	.4843528	.1316571	.3839901	0
940.15	0	.4839814	.1318951	.3841235	0
939.15	0	.4836133	.1321306	.3842561	0
938.15	0	.4832484	.1323637	.3843879	0
937.15	0	.4828866	.1325944	.384519	0
936.15	0	.4825281	.1328226	.3846493	0
935.15	0	.4821728	.1330485	.3847788	0
934.15	0	.4818206	.1332719	.3849075	0
933.15	0	.4814716	.133493	.3850354	0
932.15	0	.4811257	.1337118	.3851625	0
931.15	0	.480783	.1339283	.3852888	0
930.15	0	.4804433	.1341424	.3854142	0
929.15	0	.4801068	.1343544	.3855389	0
928.15	0	.4797733	.134564	.3856627	0
927.15	0	.4794429	.1347715	.3857857	0
926.15	0	.4791155	.1349767	.3859078	0
925.15	0	.4787911	.1351798	.3860291	0
924.15	0	.4784697	.1353808	.3861495	0
923.15	0	.4781513	.1355797	.386269	0
922.15	0	.4778359	.1357765	.3863877	0
921.15	0	.4775233	.1359713	.3865054	0
920.15	0	.4772137	.136164	.3866223	0
919.15	0	.4769069	.1363548	.3867383	0
918.15	0	.476603	.1365437	.3868533	0
917.15	0	.4763019	.1367306	.3869674	0
916.15	0	.4760036	.1369158	.3870806	0
915.15	0	.4757081	.1370991	.3871929	0
914.15	0	.4754153	.1372806	.3873042	0
913.15	0	.4751251	.1374604	.3874145	0
912.15	0	.4748377	.1376384	.3875239	0
911.15	0	.4745529	.1378149	.3876323	0
910.15	0	.4742706	.1379897	.3877396	0
909.15	0	.473991	.138163	.387846	0
908.15	0	.4737138	.1383348	.3879514	0
907.15	0	.4734391	.1385052	.3880557	0
906.15	0	.4731669	.1386741	.388159	0
905.15	0	.4728971	.1388418	.3882612	0
904.15	0	.4726296	.1390081	.3883624	0
903.15	0	.4723644	.1391732	.3884624	0
902.15	0	.4721014	.1393372	.3885614	0
901.15	0	.4718407	.1395	.3886593	0
900.15	0	.4715821	.1396619	.388756	0
899.15	0	.4713256	.1398227	.3888517	0
898.15	0	.4710712	.1399827	.3889461	0
897.15	0	.4708188	.1401418	.3890394	0
896.15	0	.4705683	.1403002	.3891315	0
895.15	0	.4703196	.140458	.3892224	0
894.15	0	.4700728	.1406151	.3893121	0
893.15	0	.4698277	.1407717	.3894006	0
892.15	0	.4695843	.1409279	.3894878	0
891.15	0	.4693425	.1410838	.3895737	0
890.15	0	.4691022	.1412394	.3896584	0
889.15	0	.4688634	.1413949	.3897417	0
888.15	0	.4686259	.1415504	.3898237	0
887.15	0	.4683898	.1417059	.3899044	0
886.15	0	.4681548	.1418616	.3899836	0
885.15	0	.467921	.1420175	.3900615	0
884.15	0	.4676882	.1421738	.390138	0
883.15	0	.4674563	.1423307	.390213	0
882.15	0	.4672253	.1424881	.3902866	0
881.15	0	.466995	.1426463	.3903586	0
880.15	0	.4667654	.1428055	.3904292	0
879.15	0	.4665363	.1429656	.3904981	0
878.15	0	.4663076	.1431269	.3905656	0
877.15	0	.4660791	.1432895	.3906314	0
876.15	0	.4658509	.1434536	.3906956	0
875.15	0	.4656226	.1436193	.3907581	0
874.15	0	.4653943	.1437868	.3908189	0
873.15	0	.4651658	.1439563	.3908779	0
872.15	0	.4649368	.144128	.3909352	0
871.15	0	.4647073	.144302	.3909906	0
870.15	0	.4644771	.1444786	.3910443	0
869.15	0	.4642461	.1446579	.391096	0
868.15	0	.464014	.1448403	.3911458	0
867.15	0	.4637807	.1450258	.3911935	0
866.15	0	.4635459	.1452148	.3912393	0
865.15	0	.4633096	.1454075	.3912829	0
864.15	0	.4630714	.1456041	.3913245	0
863.15	0	.4628312	.145805	.3913638	0
862.15	0	.4625886	.1460105	.3914009	0
861.15	0	.4623436	.1462208	.3914356	0
860.15	0	.4620957	.1464363	.391468	0
859.15	0	.4618447	.1466574	.3914979	0
858.15	0	.4615904	.1468844	.3915253	0
857.15	0	.4613324	.1471176	.39155	0
856.15	0	.4610703	.1473576	.3915721	0
855.15	0	.4608039	.1476048	.3915914	0
854.15	0	.4605327	.1478595	.3916078	0
853.15	0	.4602564	.1481224	.3916212	0
852.15	0	.4599745	.148394	.3916315	0
851.15	0	.4595199	.1488666	.3916135	0
850.15	0	.4589223	.1495077	.3915701	0
849.15	0	.4583602	.1501118	.391528	0
848.15	0	.4578315	.1506813	.3914872	0
847.15	0	.4573341	.1512184	.3914475	0
846.15	0	.4568662	.1517249	.3914089	0
845.15	0	.456426	.1522028	.3913712	0
844.15	0	.4560119	.1526537	.3913344	0
843.15	0	.4556224	.1530792	.3912984	0
842.15	0	.455256	.1534808	.3912632	0
841.15	0	.4549115	.1538598	.3912286	0
840.15	0	.4545877	.1542176	.3911947	0
839.15	0	.4542833	.1545553	.3911614	0
838.15	0	.4539972	.1548741	.3911287	0
837.15	0	.4537286	.155175	.3910964	0
836.15	0	.4534764	.155459	.3910646	0
835.15	0	.4532397	.1557271	.3910332	0
834.15	0	.4530177	.1559801	.3910022	0
833.15	0	.4528096	.1562188	.3909715	0
832.15	0	.4526147	.1564441	.3909412	0
831.15	0	.4524322	.1566566	.3909112	0
830.15	0	.4522614	.1568571	.3908815	0
829.15	0	.4521018	.1570462	.390852	0
828.15	0	.4519528	.1572245	.3908227	0
827.15	0	.4518137	.1573926	.3907937	0
826.15	0	.451684	.1575511	.3907649	0
825.15	0	.4515633	.1577005	.3907362	0
824.15	0	.4514511	.1578412	.3907077	0
823.15	0	.4513469	.1579738	.3906793	0
822.15	0	.4512502	.1580987	.3906511	0
821.15	0	.4511608	.1582163	.3906229	0
820.15	0	.4510781	.158327	.3905949	0
819.15	0	.4510018	.1584312	.390567	0
818.15	0	.4509317	.1585292	.3905392	0
817.15	0	.4508672	.1586214	.3905114	0
816.15	0	.4508082	.1587081	.3904837	0
815.15	0	.4507543	.1587896	.3904561	0
814.15	0	.4507052	.1588662	.3904285	0
813.15	0	.4506608	.1589383	.390401	0
812.15	0	.4506206	.1590059	.3903735	0
811.15	0	.4505845	.1590695	.390346	0
810.15	0	.4505523	.1591291	.3903186	0
809.15	0	.4505237	.1591851	.3902911	0
808.15	0	.4504986	.1592377	.3902637	0
807.15	0	.4504766	.1592871	.3902363	0
806.15	0	.4504577	.1593334	.3902089	0
805.15	0	.4504416	.1593769	.3901815	0
804.15	0	.4504282	.1594177	.3901541	0
803.15	0	.4504174	.1594559	.3901267	0
802.15	0	.4504089	.1594918	.3900993	0
801.15	0	.4504026	.1595255	.3900719	0
800.15	0	.4503984	.1595572	.3900445	0
799.15	0	.4503961	.1595869	.390017	0
798.15	0	.4503957	.1596148	.3899895	0
797.15	0	.450397	.159641	.389962	0
796.15	0	.4503998	.1596656	.3899345	0
795.15	0	.4504042	.1596888	.389907	0
794.15	0	.4504099	.1597107	.3898794	0
793.15	0	.4504169	.1597313	.3898518	0
792.15	0	.4504251	.1597507	.3898242	0
791.15	0	.4504344	.1597691	.3897965	0
790.15	0	.4504447	.1597865	.3897689	0
789.15	0	.4504559	.159803	.3897411	0
788.15	0	.450468	.1598186	.3897134	0
787.15	0	.4504809	.1598335	.3896856	0
786.15	0	.4504945	.1598478	.3896577	0
785.15	0	.4505088	.1598614	.3896299	0
784.15	0	.4505236	.1598744	.389602	0
783.15	0	.450539	.159887	.389574	0
782.15	0	.4505549	.1598991	.389546	0
781.15	0	.4505712	.1599108	.389518	0
780.15	0	.4505879	.1599222	.3894899	0
779.15	0	.4506049	.1599333	.3894618	0
778.15	0	.4506222	.1599441	.3894337	0
777.15	0	.4506398	.1599547	.3894055	0
776.15	0	.4506576	.1599652	.3893772	0
775.15	0	.4506755	.1599756	.389349	0
774.15	0	.4506935	.1599858	.3893206	0
773.15	0	.4507117	.1599961	.3892923	0
772.15	0	.4507299	.1600063	.3892639	0
771.15	0	.4507482	.1600165	.3892354	0
770.15	0	.4507664	.1600267	.3892069	0
769.15	0	.4507846	.160037	.3891784	0
768.15	0	.4508028	.1600474	.3891498	0
767.15	0	.4508209	.1600579	.3891212	0
766.15	0	.450839	.1600686	.3890925	0
765.15	0	.4508569	.1600794	.3890638	0
764.15	0	.4508746	.1600904	.389035	0
763.15	0	.4508923	.1601016	.3890062	0
762.15	0	.4509097	.160113	.3889773	0
761.15	0	.450927	.1601246	.3889484	0
760.15	0	.450944	.1601365	.3889195	0
759.15	0	.4509608	.1601487	.3888905	0
758.15	0	.4509774	.1601611	.3888615	0
757.15	0	.4509938	.1601739	.3888324	0
756.15	0	.4510098	.1601869	.3888033	0
755.15	0	.4510257	.1602002	.3887741	0
754.15	0	.4510412	.1602139	.3887449	0
753.15	0	.4510564	.1602279	.3887157	0
752.15	0	.4510714	.1602423	.3886864	0
751.15	0	.451086	.160257	.388657	0
750.15	0	.4511003	.1602721	.3886276	0
749.15	0	.4511143	.1602875	.3885982	0
748.15	0	.4511279	.1603033	.3885688	0
747.15	0	.4511413	.1603195	.3885392	0
746.15	0	.4511542	.1603361	.3885097	0
745.15	0	.4511669	.1603531	.3884801	0
744.15	0	.4511791	.1603704	.3884505	0
743.15	0	.451191	.1603882	.3884208	0
742.15	0	.4512026	.1604064	.3883911	0
741.15	0	.4512137	.160425	.3883613	0
740.15	0	.4512246	.160444	.3883315	0
739.15	0	.451235	.1604634	.3883017	0
738.15	0	.4512451	.1604832	.3882718	0
737.15	0	.4512547	.1605034	.3882419	0
736.15	0	.4512641	.1605241	.3882119	0
735.15	0	.451273	.1605451	.3881819	0
734.15	0	.4512815	.1605666	.3881519	0
733.15	0	.4512897	.1605885	.3881218	0
732.15	0	.4512975	.1606109	.3880917	0
731.15	0	.4513049	.1606336	.3880615	0
730.15	0	.4513134	.1606557	.3880309	0
729.15	0	.4513199	.1606794	.3880007	0
728.15	0	.451326	.1607035	.3879705	0
727.15	0	.4513318	.1607281	.3879402	0
726.15	0	.4513371	.160753	.3879099	0
725.15	0	.4513421	.1607784	.3878795	0
724.15	0	.4513467	.1608041	.3878491	0
723.15	0	.451351	.1608303	.3878187	0
722.15	0	.4513548	.1608569	.3877882	0
721.15	0	.4513583	.1608839	.3877577	0
720.15	0	.4513615	.1609114	.3877272	0
719.15	0	.4513642	.1609392	.3876966	0
718.15	0	.4513666	.1609674	.387666	0
717.15	0	.4513686	.1609961	.3876354	0
716.15	0	.4513702	.1610251	.3876047	0
715.15	0	.4513715	.1610545	.387574	0
714.15	0	.4513724	.1610844	.3875432	0
713.15	0	.4513729	.1611146	.3875125	0
712.15	0	.4513731	.1611452	.3874817	0
711.15	0	.4513729	.1611763	.3874508	0
710.15	0	.4513724	.1612077	.3874199	0
709.15	0	.4513715	.1612395	.387389	0
708.15	0	.4513703	.1612716	.3873581	0
707.15	0	.4513687	.1613042	.3873271	0
706.15	0	.4513667	.1613372	.3872962	0
705.15	0	.4513644	.1613705	.3872651	0
704.15	0	.4513618	.1614041	.3872341	0
703.15	0	.4513588	.1614382	.387203	0
702.15	0	.4513555	.1614726	.3871719	0
701.15	0	.4513518	.1615074	.3871408	0
700.15	0	.4513478	.1615426	.3871096	0
699.15	0	.4513435	.1615781	.3870784	0
698.15	0	.4513388	.161614	.3870472	0
697.15	0	.4513339	.1616502	.387016	0
696.15	0	.4513286	.1616867	.3869847	0
695.15	0	.4513229	.1617237	.3869534	0
694.15	0	.451317	.1617609	.3869221	0
693.15	0	.4513107	.1617985	.3868908	0
692.15	0	.4513042	.1618365	.3868594	0
691.15	0	.4512973	.1618747	.386828	0
690.15	0	.4512901	.1619133	.3867966	0
689.15	0	.4512826	.1619522	.3867652	0
688.15	0	.4512748	.1619915	.3867337	0
687.15	0	.4512667	.1620311	.3867023	0
686.15	0	.4512583	.1620709	.3866708	0
685.15	0	.4512496	.1621111	.3866393	0
684.15	0	.4512406	.1621517	.3866077	0
683.15	0	.4512314	.1621925	.3865762	0
682.15	0	.4512218	.1622336	.3865446	0
681.15	0	.451212	.162275	.386513	0
680.15	0	.4512018	.1623167	.3864814	0
679.15	0	.4511914	.1623588	.3864498	0
678.15	0	.4511808	.1624011	.3864182	0
677.15	0	.4511698	.1624437	.3863865	0
676.15	0	.4511586	.1624865	.3863548	0
675.15	0	.4511472	.1625297	.3863231	0
674.15	0	.4511354	.1625732	.3862914	0
673.15	0	.4511234	.1626169	.3862597	0
672.15	0	.4511112	.1626609	.386228	0
671.15	0	.4510987	.1627051	.3861962	0
670.15	0	.4510859	.1627496	.3861645	0
669.15	0	.4510729	.1627944	.3861327	0
668.15	0	.4510596	.1628394	.3861009	0
667.15	0	.4510461	.1628847	.3860691	0
666.15	0	.4510324	.1629303	.3860373	0
665.15	0	.4510184	.1629761	.3860055	0
664.15	0	.4510042	.1630221	.3859737	0
663.15	0	.4509897	.1630684	.3859418	0
662.15	0	.4509751	.163115	.38591	0
661.15	0	.4509601	.1631617	.3858781	0
660.15	0	.450945	.1632087	.3858463	0
659.15	0	.4509296	.1632559	.3858144	0
658.15	0	.4509141	.1633034	.3857825	0
657.15	0	.4508983	.1633511	.3857506	0
656.15	0	.4508823	.163399	.3857187	0
655.15	0	.4508661	.1634471	.3856868	0
654.15	0	.4508496	.1634954	.3856549	0
653.15	0	.450833	.163544	.385623	0
652.15	0	.4508162	.1635928	.3855911	0
651.15	0	.4507991	.1636417	.3855592	0
650.15	0	.4507819	.1636909	.3855273	0
649.15	0	.4507644	.1637403	.3854953	0
648.15	0	.4507468	.1637898	.3854634	0
647.15	0	.450729	.1638396	.3854315	0
646.15	0	.450711	.1638895	.3853995	0
645.15	0	.4506927	.1639397	.3853676	0
644.15	0	.4506744	.16399	.3853357	0
643.15	0	.4506558	.1640405	.3853037	0
642.15	0	.450637	.1640912	.3852718	0
641.15	0	.4506181	.1641421	.3852398	0
640.15	0	.450599	.1641931	.3852079	0
639.15	0	.4505797	.1642443	.385176	0
638.15	0	.4505603	.1642957	.385144	0
637.15	0	.4505407	.1643473	.3851121	0
636.15	0	.4505209	.164399	.3850802	0
635.15	0	.4505009	.1644509	.3850482	0
634.15	0	.4504808	.1645029	.3850163	0
633.15	0	.4504605	.1645551	.3849844	0
632.15	0	.4504401	.1646074	.3849525	0
631.15	0	.4504195	.1646599	.3849206	0
630.15	0	.4503988	.1647126	.3848887	0
629.15	0	.4503779	.1647654	.3848568	0
628.15	0	.4503569	.1648183	.3848249	0
627.15	0	.4503357	.1648713	.384793	0
626.15	0	.4503143	.1649246	.3847611	0
625.15	0	.4502929	.1649779	.3847292	0
624.15	0	.4502712	.1650314	.3846974	0
623.15	0	.4502495	.165085	.3846655	0
622.15	0	.4502276	.1651387	.3846337	0
621.15	0	.4502056	.1651926	.3846019	0
620.15	0	.4501834	.1652466	.38457	0
619.15	0	.4501611	.1653007	.3845382	0
618.15	0	.4501387	.1653549	.3845064	0
617.15	0	.4501162	.1654092	.3844746	0
616.15	0	.4500935	.1654637	.3844428	0
615.15	0	.4500707	.1655182	.3844111	0
614.15	0	.4500478	.1655729	.3843793	0
613.15	0	.4500247	.1656277	.3843476	0
612.15	0	.4500016	.1656825	.3843159	0
611.15	0	.4499783	.1657375	.3842842	0
610.15	0	.4499549	.1657926	.3842525	0
609.15	0	.4499314	.1658478	.3842208	0
608.15	0	.4499078	.165903	.3841891	0
607.15	0	.4498841	.1659584	.3841575	0
606.15	0	.4498603	.1660139	.3841258	0
605.15	0	.4498364	.1660694	.3840942	0
604.15	0	.4498123	.166125	.3840626	0
603.15	0	.4497882	.1661807	.3840311	0
602.15	0	.449764	.1662365	.3839995	0
601.15	0	.4497396	.1662924	.383968	0
600.15	0	.4497152	.1663483	.3839365	0
599.15	0	.4496907	.1664043	.383905	0
598.15	0	.4496661	.1664604	.3838735	0
597.15	0	.4496414	.1665166	.383842	0
596.15	0	.4496166	.1665728	.3838106	0
595.15	0	.4495917	.1666291	.3837792	0
594.15	0	.4495667	.1666855	.3837478	0
593.15	0	.4495417	.1667419	.3837164	0
592.15	0	.4495165	.1667984	.3836851	0
591.15	0	.4494913	.1668549	.3836538	0
590.15	0	.449466	.1669115	.3836225	0
589.15	0	.4494406	.1669682	.3835912	0
588.15	0	.4494152	.1670249	.38356	0
587.15	0	.4493896	.1670816	.3835287	0
586.15	0	.449364	.1671384	.3834976	0
585.15	0	.4493383	.1671953	.3834664	0
584.15	0	.4493126	.1672522	.3834353	0
583.15	0	.4492868	.1673091	.3834042	0
582.15	0	.4492609	.1673661	.3833731	0
581.15	0	.4492349	.1674231	.383342	0
580.15	0	.4492089	.1674801	.383311	0
579.15	0	.4491828	.1675372	.38328	0
578.15	0	.4491566	.1675943	.3832491	0
577.15	0	.4491304	.1676515	.3832181	0
576.15	0	.4491041	.1677087	.3831872	0
575.15	0	.4490778	.1677659	.3831564	0
574.15	0	.4490514	.1678231	.3831255	0
573.15	0	.4490249	.1678804	.3830947	0
572.15	0	.4489984	.1679376	.383064	0
571.15	0	.4489719	.1679949	.3830332	0
570.15	0	.4489452	.1680522	.3830025	0
569.15	0	.4489186	.1681096	.3829719	0
568.15	0	.4488919	.1681669	.3829412	0
567.15	0	.4488651	.1682243	.3829106	0
566.15	0	.4488383	.1682817	.3828801	0
565.15	0	.4488114	.168339	.3828495	0
564.15	0	.4487845	.1683964	.382819	0
563.15	0	.4487576	.1684538	.3827886	0
562.15	0	.4487306	.1685112	.3827582	0
561.15	0	.4487036	.1685686	.3827278	0
560.15	0	.4486765	.168626	.3826975	0
559.15	0	.4486494	.1686834	.3826672	0
558.15	0	.4486223	.1687408	.3826369	0
557.15	0	.4485951	.1687982	.3826067	0
556.15	0	.4485678	.1688556	.3825765	0
555.15	0	.4485406	.168913	.3825464	0
554.15	0	.4485133	.1689704	.3825163	0
553.15	0	.448486	.1690278	.3824863	0
552.15	0	.4484586	.1690851	.3824562	0
551.15	0	.4484313	.1691425	.3824263	0
550.15	0	.4484038	.1691998	.3823964	0
549.15	0	.4483764	.1692571	.3823665	0
548.15	0	.4483489	.1693144	.3823367	0
547.15	0	.4483215	.1693717	.3823069	0
546.15	0	.4482939	.1694289	.3822771	0
545.15	0	.4482664	.1694862	.3822474	0
544.15	0	.4482388	.1695434	.3822178	0
543.15	0	.4482113	.1696006	.3821882	0
542.15	0	.4481837	.1696577	.3821586	0
541.15	0	.448156	.1697149	.3821291	0
540.15	0	.4481284	.169772	.3820996	0
539.15	0	.4481007	.169829	.3820702	0
538.15	0	.4480731	.1698861	.3820409	0
537.15	0	.4480454	.1699431	.3820116	0
536.15	0	.4480177	.1700001	.3819823	0
535.15	0	.4479899	.170057	.3819531	0
534.15	0	.4479622	.1701139	.3819239	0
533.15	0	.4479345	.1701707	.3818948	0
532.15	0	.4479067	.1702276	.3818657	0
531.15	0	.4478789	.1702843	.3818367	0
530.15	0	.4478512	.1703411	.3818078	0
529.15	0	.4478234	.1703978	.3817789	0
528.15	0	.4477956	.1704544	.38175	0
527.15	0	.4477678	.170511	.3817212	0
526.15	0	.44774	.1705675	.3816925	0
525.15	0	.4477122	.170624	.3816638	0
524.15	0	.4476844	.1706805	.3816352	0
523.15	0	.4476566	.1707368	.3816066	0
522.15	0	.4476288	.1707932	.3815781	0
521.15	0	.4476009	.1708495	.3815496	0
520.15	0	.4475731	.1709057	.3815212	0
519.15	0	.4475453	.1709618	.3814928	0
518.15	0	.4475175	.171018	.3814646	0
517.15	0	.4474897	.171074	.3814363	0
516.15	0	.4474619	.17113	.3814082	0
515.15	0	.447434	.1711859	.38138	0
514.15	0	.4474062	.1712418	.381352	0
513.15	0	.4473784	.1712976	.381324	0
512.15	0	.4473506	.1713533	.3812961	0
511.15	0	.4473229	.171409	.3812682	0
510.15	0	.4472951	.1714646	.3812404	0
509.15	0	.4472673	.1715201	.3812126	0
508.15	0	.4472395	.1715755	.3811849	0
507.15	0	.4472118	.1716309	.3811573	0
506.2911	0	.447188	.1716784	.3811336	0
506.2911	0	.447188	.1716784	.3811336	0
506.2911	0	.447188	.1716784	.3811336	0
506.15	0	.4472144	.1716162	.3810961	7.327389E-05
505.15	0	.4474013	.1711765	.3808305	5.916592E-04
504.15	0	.4475871	.1707386	.3805656	.001108757
503.15	0	.4477718	.1703023	.3803014	.00162458
502.15	0	.4479553	.1698676	.3800379	.00213914
501.15	0	.4481378	.1694347	.3797751	.002652448
500.15	0	.4483192	.1690033	.379513	.003164515
499.15	0	.4484995	.1685735	.3792516	.003675353
498.15	0	.4486788	.1681453	.3789908	.004184974
497.15	0	.4488571	.1677187	.3787308	.004693388
496.15	0	.4490344	.1672937	.3784713	.005200606
495.15	0	.4492107	.1668701	.3782126	.005706639
494.15	0	.449386	.166448	.3779545	.006211499
493.15	0	.4495603	.1660275	.377697	.006715195
492.15	0	.4497337	.1656084	.3774402	.007217738
491.15	0	.4499062	.1651907	.377184	.007719139
490.15	0	.4500778	.1647744	.3769284	.008219431
489.15	0	.4502484	.1643596	.3766735	.008718579
488.15	0	.4504181	.1639461	.3764192	.009216615
487.15	0	.4505869	.163534	.3761655	.009713549
486.15	0	.4507549	.1631232	.3759125	.01020939
485.15	0	.450922	.1627139	.37566	.01070415
484.15	0	.4510882	.1623058	.3754082	.01119784
483.15	0	.4512536	.161899	.375157	.01169047
482.15	0	.4514182	.1614934	.3749063	.01218204
481.15	0	.451582	.1610892	.3746563	.01267258
480.15	0	.4517449	.1606862	.3744068	.01316207
479.15	0	.4519071	.1602844	.374158	.01365055
478.15	0	.4520685	.1598838	.3739097	.014138
477.15	0	.4522291	.1594845	.373662	.01462445
476.15	0	.452389	.1590863	.3734148	.01510991
475.15	0	.4525481	.1586893	.3731682	.01559437
474.15	0	.4527065	.1582934	.3729222	.01607786
473.15	0	.4528642	.1578987	.3726768	.01656037
472.15	0	.4530212	.157505	.3724319	.01704193
471.15	0	.4531774	.1571125	.3721875	.01752253
470.15	0	.453333	.1567211	.3719437	.01800218
469.15	0	.4534878	.1563308	.3717005	.0184809
468.15	0	.4536421	.1559415	.3714578	.01895869
467.15	0	.4537956	.1555532	.3712156	.01943556
466.15	0	.4539485	.155166	.370974	.01991152
465.15	0	.4541008	.1547798	.3707329	.02038657
464.15	0	.4542524	.1543946	.3704923	.02086073
463.15	0	.4544034	.1540104	.3702522	.02133401
462.15	0	.4545538	.1536272	.3700127	.0218064
461.15	0	.4547036	.1532449	.3697736	.02227792
460.15	0	.4548528	.1528636	.3695351	.02274858
459.15	0	.4550014	.1524832	.3692971	.02321837
458.15	0	.4551494	.1521037	.3690596	.02368733
457.15	0	.4552969	.1517251	.3688226	.02415544
456.15	0	.4554437	.1513474	.3685861	.02462271
455.15	0	.4555901	.1509707	.3683501	.02508916
454.15	0	.4557359	.1505947	.3681146	.02555479
453.15	0	.4558812	.1502197	.3678795	.02601961
452.15	0	.4560259	.1498455	.367645	.02648362
451.15	0	.4561701	.1494721	.3674109	.02694684
450.15	0	.4563139	.1490995	.3671774	.02740926
449.15	0	.4564571	.1487277	.3669443	.02787091
448.15	0	.4565999	.1483567	.3667116	.02833179
447.15	0	.4567422	.1479865	.3664795	.0287919
446.15	0	.456884	.147617	.3662478	.02925125
445.15	0	.4570253	.1472483	.3660166	.02970985
444.15	0	.4571662	.1468803	.3657858	.0301677
443.15	0	.4573067	.146513	.3655556	.03062482
442.15	0	.4574467	.1461464	.3653257	.0310812
441.15	0	.4575863	.1457805	.3650964	.03153687
440.15	0	.4577255	.1454152	.3648674	.03199181
439.15	0	.4578643	.1450507	.364639	.03244605
438.15	0	.4580027	.1446867	.364411	.03289959
437.15	0	.4581407	.1443234	.3641834	.03335244
436.15	0	.4582784	.1439607	.3639563	.03380459
435.15	0	.4584157	.1435986	.3637296	.03425607
434.15	0	.4585526	.1432371	.3635034	.03470687
433.15	0	.4586892	.1428762	.3632776	.03515701
432.15	0	.4588254	.1425158	.3630523	.03560648
431.15	0	.4589613	.1421561	.3628274	.0360553
430.15	0	.4590968	.1417968	.3626029	.03650347
429.15	0	.4592321	.141438	.3623789	.03695101
428.15	0	.459367	.1410798	.3621553	.0373979
427.15	0	.4595016	.1407221	.3619321	.03784416
426.15	0	.459636	.1403649	.3617093	.03828981
425.15	0	.45977	.1400082	.361487	.03873483
424.15	0	.4599038	.1396519	.3612651	.03917924
423.15	0	.4600373	.1392961	.3610436	.03962305
422.15	0	.4601705	.1389408	.3608225	.04006626
421.15	0	.4603034	.1385859	.3606018	.04050887
420.15	0	.4604361	.1382314	.3603816	.04095089
419.15	0	.4605685	.1378774	.3601618	.04139233
418.15	0	.4607007	.1375238	.3599423	.04183319
417.15	0	.4608327	.1371705	.3597233	.04227348
