T	 BPW(LIQUID)	BPW(BCC_A2)	BPW(FCC_A1)	BPW(LAVES_PHASE_C14)	BPW(NI3TI)
1473.15	.1659968	.8340032	0	0	0
1472.15	.1636868	.8363132	0	0	0
1471.15	.161392	.838608	0	0	0
1470.15	.1591125	.8408875	0	0	0
1469.15	.156848	.843152	0	0	0
1468.15	.1545985	.8454015	0	0	0
1467.15	.1523637	.8476363	0	0	0
1466.15	.1501437	.8498564	0	0	0
1465.15	.1479382	.8520619	0	0	0
1464.15	.1457471	.8542529	0	0	0
1463.15	.1435703	.8564297	0	0	0
1462.15	.1414078	.8585922	0	0	0
1461.15	.1392593	.8607407	0	0	0
1460.15	.1371248	.8628752	0	0	0
1459.15	.1350041	.8649959	0	0	0
1458.15	.1328972	.8671028	0	0	0
1457.15	.1308039	.8691961	0	0	0
1456.15	.1287241	.8712759	0	0	0
1455.15	.1266577	.8733423	0	0	0
1454.15	.1246045	.8753955	0	0	0
1453.15	.1225646	.8774354	0	0	0
1452.15	.1205377	.8794623	0	0	0
1451.15	.1185238	.8814762	0	0	0
1450.15	.1165228	.8834772	0	0	0
1449.15	.1145345	.8854655	0	0	0
1448.15	.1125588	.8874412	0	0	0
1447.15	.1105957	.8894043	0	0	0
1446.15	.1086451	.8913549	0	0	0
1445.15	.1067068	.8932932	0	0	0
1444.15	.1047808	.8952192	0	0	0
1443.15	.1028669	.8971331	0	0	0
1442.15	.1009651	.8990349	0	0	0
1441.15	.09907524	.9009248	0	0	0
1440.15	.09719726	.9028027	0	0	0
1439.15	.09533105	.904669	0	0	0
1438.15	.09347652	.9065235	0	0	0
1437.15	.09163359	.9083664	0	0	0
1436.15	.08980216	.9101978	0	0	0
1435.15	.08798213	.9120179	0	0	0
1434.15	.08617344	.9138266	0	0	0
1433.15	.08437597	.915624	0	0	0
1432.15	.08258965	.9174103	0	0	0
1431.15	.0808144	.9191856	0	0	0
1430.15	.07905012	.9209499	0	0	0
1429.15	.07729673	.9227033	0	0	0
1428.15	.07555415	.9244459	0	0	0
1427.15	.0738223	.9261777	0	0	0
1426.15	.07210109	.9278989	0	0	0
1425.15	.07039044	.9296096	0	0	0
1424.15	.06869028	.9313097	0	0	0
1423.15	.06700052	.9329995	0	0	0
1422.15	.06532108	.9346789	0	0	0
1421.15	.0636519	.9363481	0	0	0
1420.15	.06199288	.9380071	0	0	0
1419.15	.06034396	.939656	0	0	0
1418.15	.05870506	.9412949	0	0	0
1417.15	.0570761	.9429239	0	0	0
1416.15	.05545701	.944543	0	0	0
1415.15	.05384773	.9461523	0	0	0
1414.15	.05224816	.9477518	0	0	0
1413.15	.05065825	.9493417	0	0	0
1412.15	.04907793	.9509221	0	0	0
1411.15	.04750711	.9524929	0	0	0
1410.15	.04594575	.9540543	0	0	0
1409.15	.04439375	.9556062	0	0	0
1408.15	.04285106	.9571489	0	0	0
1407.15	.04131761	.9586824	0	0	0
1406.15	.03979333	.9602067	0	0	0
1405.15	.03827817	.9617218	0	0	0
1404.15	.03677204	.963228	0	0	0
1403.15	.03527488	.9647251	0	0	0
1402.15	.03378664	.9662134	0	0	0
1401.15	.03230725	.9676927	0	0	0
1400.15	.03083665	.9691634	0	0	0
1399.15	.02937477	.9706252	0	0	0
1398.15	.02792155	.9720785	0	0	0
1397.15	.02647693	.9735231	0	0	0
1396.15	.02504086	.9749591	0	0	0
1395.15	.02361326	.9763867	0	0	0
1394.15	.02219409	.9778059	0	0	0
1393.15	.02078329	.9792167	0	0	0
1392.15	.01938079	.9806192	0	0	0
1391.15	.01798653	.9820135	0	0	0
1390.15	.01660047	.9833995	0	0	0
1389.15	.01522255	.9847775	0	0	0
1388.15	.01385271	.9861473	0	0	0
1387.15	.01249089	.9875091	0	0	0
1386.15	.01113704	.988863	0	0	0
1385.15	.009791114	.9902089	0	0	0
1384.15	.008453047	.991547	0	0	0
1383.15	.007122791	.9928772	0	0	0
1382.15	.005800293	.9941997	0	0	0
1381.15	.004485501	.9955145	0	0	0
1380.15	.003178364	.9968216	0	0	0
1379.15	.001878831	.9981212	0	0	0
1378.15	5.868524E-04	.9994132	0	0	0
1377.694	0	1	0	0	0
1377.694	0	1	0	0	0
1377.15	0	1	0	0	0
1376.15	0	1	0	0	0
1375.15	0	1	0	0	0
1374.15	0	1	0	0	0
1373.15	0	1	0	0	0
1372.15	0	1	0	0	0
1371.15	0	1	0	0	0
1370.15	0	1	0	0	0
1369.15	0	1	0	0	0
1368.15	0	1	0	0	0
1367.15	0	1	0	0	0
1366.15	0	1	0	0	0
1365.15	0	1	0	0	0
1364.15	0	1	0	0	0
1363.15	0	1	0	0	0
1362.15	0	1	0	0	0
1361.15	0	1	0	0	0
1360.15	0	1	0	0	0
1359.15	0	1	0	0	0
1358.15	0	1	0	0	0
1357.15	0	1	0	0	0
1356.15	0	1	0	0	0
1355.15	0	1	0	0	0
1354.15	0	1	0	0	0
1353.15	0	1	0	0	0
1352.15	0	1	0	0	0
1351.15	0	1	0	0	0
1350.15	0	1	0	0	0
1349.15	0	1	0	0	0
1348.15	0	1	0	0	0
1347.15	0	1	0	0	0
1346.15	0	1	0	0	0
1345.15	0	1	0	0	0
1344.15	0	1	0	0	0
1343.15	0	1	0	0	0
1342.15	0	1	0	0	0
1341.15	0	1	0	0	0
1340.15	0	1	0	0	0
1339.15	0	1	0	0	0
1338.15	0	1	0	0	0
1337.15	0	1	0	0	0
1336.15	0	1	0	0	0
1335.15	0	1	0	0	0
1334.15	0	1	0	0	0
1333.15	0	1	0	0	0
1332.15	0	1	0	0	0
1331.15	0	1	0	0	0
1330.15	0	1	0	0	0
1329.15	0	1	0	0	0
1328.15	0	1	0	0	0
1327.15	0	1	0	0	0
1326.15	0	1	0	0	0
1325.15	0	1	0	0	0
1324.15	0	1	0	0	0
1323.15	0	1	0	0	0
1322.15	0	1	0	0	0
1321.15	0	1	0	0	0
1320.15	0	1	0	0	0
1319.15	0	1	0	0	0
1318.15	0	1	0	0	0
1317.15	0	1	0	0	0
1316.15	0	1	0	0	0
1315.15	0	1	0	0	0
1314.15	0	1	0	0	0
1313.15	0	1	0	0	0
1312.15	0	1	0	0	0
1311.15	0	1	0	0	0
1310.15	0	1	0	0	0
1309.15	0	1	0	0	0
1308.15	0	1	0	0	0
1307.15	0	1	0	0	0
1306.15	0	1	0	0	0
1305.15	0	1	0	0	0
1304.15	0	1	0	0	0
1303.15	0	1	0	0	0
1302.435	0	1	0	0	0
1302.435	0	1	0	0	0
1302.435	0	1	0	0	0
1302.15	0	.9996277	3.722903E-04	0	0
1301.15	0	.9983245	.001675459	0	0
1300.15	0	.9970235	.002976466	0	0
1299.15	0	.9957247	.00427531	0	0
1298.15	0	.994428	.00557199	0	0
1297.15	0	.9931335	.006866505	0	0
1296.15	0	.9918411	.008158855	0	0
1295.15	0	.990551	.009449038	0	0
1294.15	0	.989263	.01073705	0	0
1293.15	0	.9879771	.0120229	0	0
1292.15	0	.9866934	.01330658	0	0
1291.15	0	.9854119	.01458808	0	0
1290.15	0	.9841326	.01586741	0	0
1289.15	0	.9828554	.01714457	0	0
1288.15	0	.9815804	.01841956	0	0
1287.15	0	.9803076	.01969237	0	0
1286.15	0	.979037	.020963	0	0
1285.15	0	.9777685	.02223146	0	0
1284.15	0	.9765023	.02349773	0	0
1283.15	0	.9752382	.02476183	0	0
1282.15	0	.9739763	.02602374	0	0
1281.15	0	.9727165	.02728346	0	0
1280.15	0	.971459	.02854101	0	0
1279.15	0	.9702036	.02979636	0	0
1278.15	0	.9689505	.03104953	0	0
1277.15	0	.9676995	.03230051	0	0
1276.15	0	.9664507	.03354929	0	0
1275.15	0	.9652041	.03479589	0	0
1274.15	0	.9639597	.03604029	0	0
1273.15	0	.9627175	.03728249	0	0
1272.15	0	.9614775	.03852249	0	0
1271.15	0	.9602397	.0397603	0	0
1270.15	0	.9590041	.0409959	0	0
1269.15	0	.9577707	.04222931	0	0
1268.15	0	.9565395	.0434605	0	0
1267.15	0	.9553105	.04468949	0	0
1266.15	0	.9540837	.04591628	0	0
1265.15	0	.9528591	.04714085	0	0
1264.15	0	.9516368	.04836321	0	0
1263.15	0	.9504167	.04958335	0	0
1262.15	0	.9491987	.05080128	0	0
1261.15	0	.947983	.05201699	0	0
1260.15	0	.9467695	.05323048	0	0
1259.15	0	.9455583	.05444175	0	0
1258.15	0	.9443492	.05565079	0	0
1257.15	0	.9431424	.05685761	0	0
1256.15	0	.9419378	.0580622	0	0
1255.15	0	.9407355	.05926455	0	0
1254.15	0	.9395353	.06046468	0	0
1253.15	0	.9383374	.06166257	0	0
1252.15	0	.9371418	.06285821	0	0
1251.15	0	.9359484	.06405163	0	0
1250.15	0	.9347572	.06524279	0	0
1249.15	0	.9335683	.06643171	0	0
1248.15	0	.9323816	.06761839	0	0
1247.248	0	.9313128	.06868722	0	0
1247.248	0	.9313128	.06868722	0	0
1247.248	0	.9313128	.06868722	0	0
1247.15	0	.9311564	.06879174	5.188308E-05	0
1246.15	0	.9295576	.06986015	5.822722E-04	0
1245.15	0	.9279632	.07092552	.00111126	0
1244.15	0	.9263733	.07198783	.00163885	0
1243.15	0	.9247879	.0730471	.002165049	0
1242.15	0	.9232068	.07410334	.002689862	0
1241.15	0	.9216302	.07515653	.003213292	0
1240.15	0	.920058	.0762067	.003735346	0
1239.15	0	.9184901	.07725384	.004256027	0
1238.15	0	.9169267	.07829796	.004775341	0
1237.15	0	.9153676	.07933906	.005293292	0
1236.15	0	.913813	.08037714	.005809886	0
1235.15	0	.9122627	.08141221	.006325126	0
1234.15	0	.9107167	.08244427	.006839019	0
1233.15	0	.9091751	.08347333	.007351567	0
1232.15	0	.9076378	.08449938	.007862777	0
1231.15	0	.9061049	.08552244	.008372652	0
1230.15	0	.9045763	.0865425	.008881198	0
1229.15	0	.903052	.08755958	.009388419	0
1228.15	0	.901532	.08857366	.009894319	0
1227.15	0	.9000163	.08958476	.0103989	0
1226.15	0	.8985049	.09059288	.01090218	0
1225.15	0	.8969978	.09159803	.01140414	0
1224.15	0	.895495	.09260019	.01190481	0
1223.15	0	.8939964	.09359939	.01240417	0
1222.15	0	.8925021	.09459561	.01290224	0
1221.15	0	.8910121	.09558888	.01339902	0
1220.15	0	.8895263	.09657917	.01389452	0
1219.15	0	.8880448	.09756651	.01438874	0
1218.15	0	.8865674	.09855089	.01488168	0
1217.15	0	.8850943	.09953231	.01537335	0
1216.15	0	.8836255	.1005108	.01586375	0
1215.15	0	.8821608	.1014863	.01635288	0
1214.15	0	.8807004	.1024589	.01684076	0
1213.15	0	.8792441	.1034285	.01732739	0
1212.15	0	.877792	.1043952	.01781276	0
1211.15	0	.8763442	.105359	.01829688	0
1210.15	0	.8749005	.1063198	.01877977	0
1209.15	0	.8734609	.1072777	.01926141	0
1208.15	0	.8720256	.1082326	.01974182	0
1207.15	0	.8705944	.1091846	.020221	0
1206.15	0	.8691674	.1101337	.02069895	0
1205.15	0	.8677445	.1110799	.02117568	0
1204.15	0	.8663257	.1120231	.0216512	0
1203.15	0	.8649111	.1129634	.0221255	0
1202.15	0	.8635006	.1139008	.02259858	0
1201.15	0	.8620943	.1148353	.02307046	0
1200.15	0	.860692	.1157668	.02354114	0
1199.15	0	.8592939	.1166955	.02401062	0
1198.15	0	.8578999	.1176212	.02447891	0
1197.15	0	.85651	.118544	.024946	0
1196.15	0	.8551242	.1194639	.02541191	0
1195.15	0	.8537425	.1203809	.02587663	0
1194.15	0	.8523648	.121295	.02634018	0
1193.15	0	.8509913	.1222062	.02680255	0
1192.15	0	.8496218	.1231145	.02726374	0
1191.15	0	.8482564	.1240198	.02772377	0
1190.15	0	.8468951	.1249223	.02818263	0
1189.15	0	.8455378	.1258219	.02864033	0
1188.15	0	.8441846	.1267186	.02909687	0
1187.15	0	.8428354	.1276123	.02955226	0
1186.15	0	.8414903	.1285032	.0300065	0
1185.15	0	.8401492	.1293912	.03045959	0
1184.15	0	.8388122	.1302763	.03091154	0
1183.15	0	.8374792	.1311585	.03136235	0
1182.15	0	.8361502	.1320378	.03181203	0
1181.15	0	.8348253	.1329142	.03226056	0
1180.15	0	.8335044	.1337877	.03270798	0
1179.15	0	.8321875	.1346583	.03315426	0
1178.15	0	.8308746	.135526	.03359942	0
1177.15	0	.8295657	.1363909	.03404347	0
1176.15	0	.8282608	.1372528	.03448639	0
1175.15	0	.8269599	.1381119	.03492821	0
1174.15	0	.8256631	.138968	.03536891	0
1173.15	0	.8243702	.1398213	.03580851	0
1172.15	0	.8230813	.1406717	.03624701	0
1171.15	0	.8217964	.1415192	.03668441	0
1170.15	0	.8205155	.1423638	.03712071	0
1169.15	0	.8192385	.1432055	.03755592	0
1168.15	0	.8179656	.1440444	.03799004	0
1167.15	0	.8166966	.1448803	.03842308	0
1166.15	0	.8154316	.1457134	.03885503	0
1165.15	0	.8141705	.1465436	.0392859	0
1164.15	0	.8129135	.1473708	.03971569	0
1163.15	0	.8116603	.1481953	.04014441	0
1162.15	0	.8104112	.1490168	.04057206	0
1161.15	0	.809166	.1498354	.04099865	0
1160.15	0	.8079247	.1506511	.04142416	0
1159.15	0	.8066874	.1514639	.04184862	0
1158.15	0	.8054541	.1522739	.04227201	0
1157.15	0	.8042247	.153081	.04269436	0
1156.15	0	.8029992	.1538851	.04311565	0
1155.15	0	.8017777	.1546864	.04353588	0
1154.15	0	.8005601	.1554848	.04395509	0
1153.15	0	.7993465	.1562803	.04437324	0
1152.15	0	.7981368	.1570729	.04479035	0
1151.15	0	.796931	.1578626	.04520642	0
1150.15	0	.7957292	.1586494	.04562145	0
1149.15	0	.7945312	.1594333	.04603545	0
1148.15	0	.7933373	.1602143	.04644842	0
1147.15	0	.7921472	.1609924	.04686037	0
1146.15	0	.7909611	.1617676	.04727129	0
1145.15	0	.7897789	.1625399	.04768119	0
1144.15	0	.7886006	.1633094	.04809007	0
1143.15	0	.7874262	.1640759	.04849793	0
1142.15	0	.7862558	.1648394	.04890478	0
1141.15	0	.7850892	.1656001	.04931062	0
1140.15	0	.7839266	.1663579	.04971546	0
1139.15	0	.7827679	.1671128	.05011928	0
1138.15	0	.7816131	.1678648	.05052211	0
1137.15	0	.7804623	.1686138	.05092393	0
1136.15	0	.7793153	.16936	.05132476	0
1135.15	0	.7781722	.1701032	.05172459	0
1134.15	0	.7770331	.1708435	.05212343	0
1133.15	0	.7758979	.1715809	.05252128	0
1132.15	0	.7747666	.1723153	.05291814	0
1131.15	0	.7736391	.1730469	.05331401	0
1130.15	0	.7725156	.1737755	.05370891	0
1129.15	0	.771396	.1745011	.05410282	0
1128.15	0	.7702803	.1752239	.05449576	0
1127.15	0	.7691686	.1759437	.05488772	0
1126.15	0	.7680607	.1766606	.0552787	0
1125.15	0	.7669567	.1773746	.05566872	0
1124.15	0	.7658566	.1780856	.05605777	0
1123.15	0	.7647605	.1787937	.05644585	0
1122.15	0	.7636682	.1794988	.05683296	0
1121.15	0	.7625799	.180201	.05721912	0
1120.15	0	.7614954	.1809002	.05760432	0
1119.15	0	.7604149	.1815965	.05798856	0
1118.15	0	.7593383	.1822899	.05837184	0
1117.15	0	.7582656	.1829802	.05875417	0
1116.15	0	.7571968	.1836677	.05913555	0
1115.15	0	.7561319	.1843521	.05951598	0
1114.15	0	.7550709	.1850336	.05989547	0
1113.15	0	.7540139	.1857121	.06027401	0
1112.15	0	.7529607	.1863877	.06065161	0
1111.15	0	.7519115	.1870603	.06102826	0
1110.15	0	.7508661	.1877299	.06140398	0
1109.15	0	.7498247	.1883965	.06177876	0
1108.15	0	.7487872	.1890602	.06215261	0
1107.15	0	.7477537	.1897208	.06252553	0
1106.15	0	.746724	.1903785	.06289752	0
1105.15	0	.7456983	.1910332	.06326857	0
1104.15	0	.7446764	.1916849	.06363871	0
1103.15	0	.7436586	.1923335	.06400791	0
1102.15	0	.7426446	.1929792	.06437619	0
1101.15	0	.7416346	.1936219	.06474356	0
1100.15	0	.7406284	.1942616	.06511	0
1099.15	0	.7396263	.1948982	.06547552	0
1098.15	0	.738628	.1955318	.06584013	0
1097.15	0	.7376337	.1961625	.06620383	0
1096.15	0	.7366433	.19679	.06656661	0
1095.15	0	.7356569	.1974146	.06692848	0
1094.15	0	.7346744	.1980361	.06728945	0
1093.15	0	.7336959	.1986546	.0676495	0
1092.15	0	.7327213	.1992701	.06800865	0
1091.15	0	.7317506	.1998825	.0683669	0
1090.15	0	.7307839	.2004918	.06872424	0
1089.15	0	.7298212	.2010982	.06908069	0
1088.15	0	.7288624	.2017014	.06943623	0
1087.15	0	.7279075	.2023016	.06979088	0
1086.15	0	.7269567	.2028987	.07014462	0
1085.15	0	.7260098	.2034928	.07049748	0
1084.15	0	.7250668	.2040837	.07084944	0
1083.15	0	.7241279	.2046717	.0712005	0
1082.15	0	.7231929	.2052565	.07155068	0
1081.15	0	.7222618	.2058382	.07189997	0
1080.15	0	.7213348	.2064168	.07224837	0
1079.15	0	.7204117	.2069924	.07259588	0
1078.15	0	.7194927	.2075648	.07294251	0
1077.15	0	.7185776	.2081342	.07328825	0
1076.15	0	.7176665	.2087004	.07363311	0
1075.15	0	.7167594	.2092635	.07397709	0
1074.15	0	.7158563	.2098235	.07432019	0
1073.15	0	.7149572	.2103804	.07466241	0
1072.15	0	.7140622	.2109341	.07500374	0
1071.15	0	.7131711	.2114847	.07534421	0
1070.15	0	.712284	.2120322	.07568379	0
1069.15	0	.711401	.2125765	.0760225	0
1068.15	0	.710522	.2131177	.07636034	0
1067.15	0	.709647	.2136557	.0766973	0
1066.15	0	.7087761	.2141905	.07703339	0
1065.15	0	.7079091	.2147222	.07736862	0
1064.15	0	.7070463	.2152508	.07770296	0
1063.15	0	.7061875	.2157761	.07803644	0
1062.15	0	.7053327	.2162983	.07836906	0
1061.15	0	.7044819	.2168173	.0787008	0
1060.15	0	.7036353	.2173331	.07903168	0
1059.15	0	.7027927	.2178456	.07936169	0
1058.15	0	.7019541	.218355	.07969084	0
1057.15	0	.7011197	.2188612	.08001912	0
1056.15	0	.7002893	.2193642	.08034653	0
1055.15	0	.699463	.219864	.08067309	0
1054.15	0	.6986407	.2203605	.08099878	0
1053.15	0	.6978226	.2208538	.08132361	0
1052.15	0	.6970086	.2213439	.08164757	0
1051.15	0	.6961986	.2218307	.08197068	0
1050.15	0	.6953928	.2223143	.08229293	0
1049.15	0	.6945911	.2227946	.08261431	0
1048.15	0	.6937935	.2232717	.08293484	0
1047.15	0	.693	.2237455	.0832545	0
1046.15	0	.6922106	.2242161	.08357331	0
1045.15	0	.6914254	.2246833	.08389126	0
1044.15	0	.6906443	.2251473	.08420835	0
1043.15	0	.6898674	.2256081	.08452458	0
1042.15	0	.6890946	.2260655	.08483996	0
1041.15	0	.6883259	.2265196	.08515448	0
1040.15	0	.6875614	.2269704	.08546814	0
1039.15	0	.6868011	.2274179	.08578094	0
1038.15	0	.686045	.2278621	.08609289	0
1037.15	0	.685293	.228303	.08640398	0
1036.15	0	.6845452	.2287406	.08671421	0
1035.15	0	.6838016	.2291748	.08702358	0
1034.15	0	.6830622	.2296057	.0873321	0
1033.15	0	.682327	.2300333	.08763976	0
1032.15	0	.6815959	.2304575	.08794656	0
1031.15	0	.6808691	.2308784	.08825251	0
1030.15	0	.6801465	.2312959	.0885576	0
1029.15	0	.6794282	.23171	.08886183	0
1028.15	0	.678714	.2321208	.0891652	0
1027.15	0	.6780041	.2325282	.08946771	0
1026.15	0	.6772985	.2329322	.08976937	0
1025.15	0	.676597	.2333328	.09007016	0
1024.15	0	.6758999	.23373	.0903701	0
1023.15	0	.675207	.2341239	.09066918	0
1022.15	0	.6745183	.2345143	.09096739	0
1021.15	0	.6738339	.2349013	.09126474	0
1020.15	0	.6731538	.235285	.09156124	0
1019.15	0	.672478	.2356652	.09185686	0
1018.15	0	.6718064	.2360419	.09215163	0
1017.15	0	.6711392	.2364153	.09244553	0
1016.15	0	.6704762	.2367852	.09273857	0
1015.15	0	.6698176	.2371517	.09303074	0
1014.15	0	.6691633	.2375147	.09332204	0
1013.15	0	.6685132	.2378743	.09361248	0
1012.15	0	.6678675	.2382304	.09390205	0
1011.15	0	.6672262	.2385831	.09419075	0
1010.15	0	.6665891	.2389323	.09447858	0
1009.15	0	.6659564	.239278	.09476554	0
1008.15	0	.6653281	.2396203	.09505162	0
1007.15	0	.6647041	.2399591	.09533683	0
1006.15	0	.6640845	.2402944	.09562117	0
1005.15	0	.6634692	.2406262	.09590462	0
1004.15	0	.6628583	.2409545	.0961872	0
1003.15	0	.6622517	.2412794	.0964689	0
1002.15	0	.6616496	.2416007	.09674972	0
1001.15	0	.6610518	.2419186	.09702966	0
1000.15	0	.6604584	.2422329	.09730871	0
999.15	0	.6598694	.2425437	.09758688	0
998.15	0	.6592848	.242851	.09786416	0
997.15	0	.6587047	.2431548	.09814054	0
996.15	0	.6581289	.2434551	.09841604	0
995.15	0	.6575575	.2437518	.09869065	0
994.15	0	.6569906	.244045	.09896436	0
993.15	0	.6564281	.2443347	.09923717	0
992.15	0	.65587	.2446209	.09950908	0
991.15	0	.6553164	.2449035	.09978009	0
990.15	0	.6547672	.2451826	.1000502	0
989.15	0	.6542224	.2454582	.1003194	0
988.15	0	.6536821	.2457302	.1005877	0
987.15	0	.6531463	.2459986	.1008551	0
986.15	0	.6526149	.2462636	.1011215	0
985.15	0	.652088	.246525	.1013871	0
984.15	0	.6515655	.2467828	.1016517	0
983.15	0	.6510475	.2470371	.1019154	0
982.15	0	.650534	.2472878	.1021782	0
981.15	0	.6500249	.247535	.1024401	0
980.15	0	.6495203	.2477787	.102701	0
979.15	0	.6490202	.2480187	.102961	0
978.15	0	.6485246	.2482553	.1032201	0
977.15	0	.6480335	.2484883	.1034782	0
976.15	0	.6475469	.2487177	.1037354	0
975.15	0	.6470647	.2489436	.1039916	0
974.15	0	.6465871	.249166	.1042469	0
973.15	0	.6461139	.2493848	.1045012	0
972.15	0	.6456453	.2496001	.1047546	0
971.15	0	.6451811	.2498118	.105007	0
970.15	0	.6447215	.25002	.1052585	0
969.15	0	.6442663	.2502247	.105509	0
968.15	0	.6438157	.2504259	.1057585	0
967.15	0	.6433695	.2506235	.106007	0
966.15	0	.6429278	.2508176	.1062546	0
965.15	0	.6424907	.2510082	.1065011	0
964.15	0	.642058	.2511952	.1067467	0
963.15	0	.6416299	.2513788	.1069913	0
962.15	0	.6412062	.2515589	.1072349	0
961.15	0	.6407871	.2517355	.1074775	0
960.15	0	.6403724	.2519085	.1077191	0
959.15	0	.6399622	.2520782	.1079597	0
958.15	0	.6395565	.2522443	.1081992	0
957.15	0	.6391553	.252407	.1084377	0
956.15	0	.6387586	.2525662	.1086752	0
955.15	0	.6383663	.252722	.1089117	0
954.15	0	.6379786	.2528743	.1091471	0
953.15	0	.6375953	.2530232	.1093815	0
952.15	0	.6372164	.2531687	.1096149	0
951.15	0	.636842	.2533108	.1098472	0
950.15	0	.6364721	.2534495	.1100784	0
949.15	0	.6361066	.2535849	.1103085	0
948.15	0	.6357455	.2537168	.1105376	0
947.15	0	.6353889	.2538455	.1107656	0
946.15	0	.6350367	.2539708	.1109925	0
945.15	0	.6346889	.2540927	.1112184	0
944.15	0	.6343455	.2542114	.1114431	0
943.15	0	.6340065	.2543268	.1116667	0
942.15	0	.6336719	.2544389	.1118892	0
941.15	0	.6333416	.2545477	.1121106	0
940.15	0	.6330158	.2546534	.1123309	0
939.15	0	.6326942	.2547558	.11255	0
938.15	0	.632377	.254855	.112768	0
937.15	0	.6320641	.2549511	.1129848	0
936.15	0	.6317555	.255044	.1132005	0
935.15	0	.6314512	.2551338	.113415	0
934.15	0	.6311511	.2552206	.1136283	0
933.15	0	.6308554	.2553042	.1138405	0
932.15	0	.6305638	.2553848	.1140514	0
931.15	0	.6302765	.2554624	.1142612	0
930.15	0	.6299933	.255537	.1144697	0
929.15	0	.6297144	.2556086	.114677	0
928.15	0	.6294396	.2556774	.1148831	0
927.15	0	.6291689	.2557432	.1150879	0
926.15	0	.6289023	.2558062	.1152915	0
925.15	0	.6286398	.2558663	.1154939	0
924.15	0	.6283814	.2559237	.115695	0
923.15	0	.628127	.2559783	.1158948	0
922.15	0	.6278766	.2560301	.1160932	0
921.15	0	.6276302	.2560794	.1162905	0
920.15	0	.6273877	.2561259	.1164863	0
919.15	0	.6271492	.2561699	.1166809	0
918.15	0	.6269145	.2562114	.1168741	0
917.15	0	.6266837	.2562503	.117066	0
916.15	0	.6264566	.2562868	.1172565	0
915.15	0	.6262334	.2563209	.1174457	0
914.15	0	.6260139	.2563527	.1176334	0
913.15	0	.6257981	.2563821	.1178198	0
912.15	0	.625586	.2564093	.1180047	0
911.15	0	.6253775	.2564343	.1181883	0
910.15	0	.6251725	.2564571	.1183704	0
909.15	0	.6249711	.2564779	.118551	0
908.15	0	.6247732	.2564967	.1187301	0
907.15	0	.6245787	.2565135	.1189078	0
906.15	0	.6243876	.2565284	.119084	0
905.15	0	.6241998	.2565416	.1192587	0
904.15	0	.6240153	.2565529	.1194318	0
903.15	0	.6238341	.2565626	.1196034	0
902.15	0	.623656	.2565707	.1197734	0
901.15	0	.623481	.2565772	.1199418	0
900.15	0	.623309	.2565823	.1201086	0
899.15	0	.6231401	.2565861	.1202739	0
898.15	0	.622974	.2565885	.1204375	0
897.15	0	.6228109	.2565898	.1205994	0
896.15	0	.6226505	.2565899	.1207596	0
895.15	0	.6224928	.2565891	.1209182	0
894.15	0	.6223377	.2565873	.121075	0
893.15	0	.6221852	.2565847	.1212301	0
892.15	0	.6220352	.2565813	.1213834	0
891.15	0	.6218876	.2565774	.121535	0
890.15	0	.6217423	.2565729	.1216848	0
889.15	0	.6215992	.2565681	.1218327	0
888.15	0	.6214583	.256563	.1219787	0
887.15	0	.6213194	.2565577	.1221229	0
886.15	0	.6211824	.2565524	.1222652	0
885.15	0	.6210473	.2565472	.1224056	0
884.15	0	.6209139	.2565422	.122544	0
883.15	0	.6207821	.2565375	.1226803	0
882.15	0	.6206519	.2565334	.1228147	0
881.15	0	.6205231	.2565299	.1229471	0
880.15	0	.6203955	.2565272	.1230773	0
879.15	0	.6202691	.2565254	.1232055	0
878.15	0	.6201437	.2565248	.1233315	0
877.15	0	.6200193	.2565254	.1234553	0
876.15	0	.6198956	.2565275	.1235769	0
875.15	0	.6197725	.2565313	.1236962	0
874.15	0	.6196499	.2565368	.1238133	0
873.15	0	.6195276	.2565444	.123928	0
872.15	0	.6194055	.2565542	.1240404	0
871.15	0	.6192833	.2565664	.1241503	0
870.15	0	.619161	.2565812	.1242578	0
869.15	0	.6190383	.256599	.1243627	0
868.15	0	.6189151	.2566198	.1244651	0
867.15	0	.6187911	.256644	.1245649	0
866.15	0	.6186662	.2566717	.124662	0
865.15	0	.6185402	.2567034	.1247565	0
864.15	0	.6184127	.2567392	.1248481	0
863.15	0	.6182837	.2567794	.1249369	0
862.15	0	.6181528	.2568244	.1250228	0
861.15	0	.6180198	.2568745	.1251057	0
860.15	0	.6178845	.2569299	.1251855	0
859.15	0	.6177466	.2569912	.1252623	0
858.15	0	.6176057	.2570585	.1253358	0
857.15	0	.6174615	.2571323	.1254061	0
856.15	0	.6173139	.2572131	.125473	0
855.15	0	.6171623	.2573012	.1255365	0
854.15	0	.6170064	.2573972	.1255964	0
853.15	0	.616846	.2575014	.1256526	0
852.15	0	.6166805	.2576144	.1257051	0
851.15	0	.6165095	.2577369	.1257537	0
850.15	0	.6163326	.2578692	.1257982	0
849.15	0	.6161493	.2580121	.1258386	0
848.15	0	.6159591	.2581662	.1258747	0
847.15	0	.6157614	.2583322	.1259063	0
846.15	0	.6155557	.258511	.1259334	0
845.15	0	.6153412	.2587032	.1259556	0
844.15	0	.6151173	.2589098	.1259728	0
843.15	0	.6148833	.2591318	.1259849	0
842.15	0	.6143113	.2597628	.1259259	0
841.15	0	.6136548	.260501	.1258443	0
840.15	0	.6130492	.2611837	.1257671	0
839.15	0	.6124907	.2618154	.1256939	0
838.15	0	.6119757	.2624	.1256243	0
837.15	0	.611501	.2629409	.1255581	0
836.15	0	.6110638	.2634415	.1254948	0
835.15	0	.6106614	.2639044	.1254342	0
834.15	0	.6102914	.2643325	.1253761	0
833.15	0	.6099516	.2647281	.1253203	0
832.15	0	.60964	.2650934	.1252666	0
831.15	0	.6093547	.2654304	.1252148	0
830.15	0	.6090941	.2657411	.1251648	0
829.15	0	.6088565	.2660271	.1251164	0
828.15	0	.6086404	.2662901	.1250695	0
827.15	0	.6084446	.2665315	.125024	0
826.15	0	.6082677	.2667526	.1249797	0
825.15	0	.6081085	.2669549	.1249367	0
824.15	0	.607966	.2671394	.1248946	0
823.15	0	.6078391	.2673073	.1248537	0
822.15	0	.6077268	.2674596	.1248136	0
821.15	0	.6076284	.2675972	.1247744	0
820.15	0	.6075428	.2677212	.124736	0
819.15	0	.6074694	.2678323	.1246983	0
818.15	0	.6074074	.2679313	.1246613	0
817.15	0	.6073561	.268019	.1246249	0
816.15	0	.6073148	.2680961	.1245891	0
815.15	0	.6072829	.2681632	.1245539	0
814.15	0	.6072599	.268221	.1245192	0
813.15	0	.6072452	.26827	.1244849	0
812.15	0	.6072382	.2683107	.1244511	0
811.15	0	.6072386	.2683438	.1244176	0
810.15	0	.6072458	.2683697	.1243845	0
809.15	0	.6072594	.2683888	.1243518	0
808.15	0	.6072789	.2684017	.1243194	0
807.15	0	.6073042	.2684086	.1242873	0
806.15	0	.6073346	.26841	.1242554	0
805.15	0	.60737	.2684062	.1242238	0
804.15	0	.6074099	.2683976	.1241925	0
803.15	0	.6074542	.2683845	.1241613	0
802.15	0	.6075024	.2683673	.1241303	0
801.15	0	.6075543	.2683462	.1240996	0
800.15	0	.6076097	.2683214	.1240689	0
799.15	0	.6076682	.2682933	.1240385	0
798.15	0	.6077298	.2682621	.1240081	0
797.15	0	.6077941	.268228	.1239779	0
796.15	0	.6078609	.2681913	.1239478	0
795.15	0	.6079301	.2681521	.1239178	0
794.15	0	.6080014	.2681107	.1238879	0
793.15	0	.6080747	.2680672	.1238581	0
792.15	0	.6081498	.2680218	.1238283	0
791.15	0	.6082266	.2679747	.1237986	0
790.15	0	.6083049	.2679261	.123769	0
789.15	0	.6083846	.267876	.1237394	0
788.15	0	.6084655	.2678247	.1237099	0
787.15	0	.6085475	.2677722	.1236803	0
786.15	0	.6086305	.2677187	.1236509	0
785.15	0	.6087143	.2676642	.1236214	0
784.15	0	.608799	.2676091	.123592	0
783.15	0	.6088843	.2675532	.1235625	0
782.15	0	.6089701	.2674968	.1235331	0
781.15	0	.6090564	.2674399	.1235037	0
780.15	0	.6091432	.2673826	.1234743	0
779.15	0	.6092302	.267325	.1234449	0
778.15	0	.6093175	.2672671	.1234154	0
777.15	0	.6094049	.2672091	.123386	0
776.15	0	.6094924	.2671511	.1233565	0
775.15	0	.60958	.267093	.123327	0
774.15	0	.6096675	.267035	.1232975	0
773.15	0	.6097549	.2669771	.123268	0
772.15	0	.6098422	.2669194	.1232384	0
771.15	0	.6099293	.2668619	.1232088	0
770.15	0	.6100162	.2668047	.1231792	0
769.15	0	.6101028	.2667477	.1231495	0
768.15	0	.610189	.2666912	.1231198	0
767.15	0	.6102749	.2666351	.12309	0
766.15	0	.6103604	.2665794	.1230602	0
765.15	0	.6104454	.2665242	.1230304	0
764.15	0	.61053	.2664695	.1230005	0
763.15	0	.6106141	.2664153	.1229706	0
762.15	0	.6106976	.2663618	.1229406	0
761.15	0	.6107806	.2663088	.1229106	0
760.15	0	.610863	.2662565	.1228805	0
759.15	0	.6109448	.2662048	.1228503	0
758.15	0	.611026	.2661539	.1228202	0
757.15	0	.6111065	.2661036	.1227899	0
756.15	0	.6111864	.266054	.1227596	0
755.15	0	.6112655	.2660052	.1227292	0
754.15	0	.611344	.2659572	.1226988	0
753.15	0	.6114217	.2659099	.1226684	0
752.15	0	.6114988	.2658634	.1226378	0
751.15	0	.6115751	.2658177	.1226072	0
750.15	0	.6116506	.2657729	.1225766	0
749.15	0	.6117254	.2657288	.1225458	0
748.15	0	.6117994	.2656856	.1225151	0
747.15	0	.6118726	.2656432	.1224842	0
746.15	0	.611945	.2656017	.1224533	0
745.15	0	.6120166	.265561	.1224223	0
744.15	0	.6120875	.2655213	.1223913	0
743.15	0	.6121575	.2654823	.1223602	0
742.15	0	.6122267	.2654443	.122329	0
741.15	0	.6122951	.2654071	.1222978	0
740.15	0	.6123653	.2653689	.1222658	0
739.15	0	.6124318	.2653337	.1222345	0
738.15	0	.6124975	.2652993	.1222031	0
737.15	0	.6125624	.2652659	.1221717	0
736.15	0	.6126265	.2652333	.1221402	0
735.15	0	.6126898	.2652016	.1221086	0
734.15	0	.6127523	.2651708	.122077	0
733.15	0	.6128139	.2651409	.1220452	0
732.15	0	.6128747	.2651118	.1220135	0
731.15	0	.6129347	.2650837	.1219816	0
730.15	0	.6129939	.2650564	.1219497	0
729.15	0	.6130522	.26503	.1219177	0
728.15	0	.6131098	.2650045	.1218857	0
727.15	0	.6131665	.2649799	.1218536	0
726.15	0	.6132224	.2649562	.1218214	0
725.15	0	.6132775	.2649333	.1217891	0
724.15	0	.6133318	.2649114	.1217568	0
723.15	0	.6133853	.2648903	.1217245	0
722.15	0	.613438	.26487	.121692	0
721.15	0	.6134899	.2648506	.1216595	0
720.15	0	.6135409	.2648321	.1216269	0
719.15	0	.6135912	.2648145	.1215943	0
718.15	0	.6136407	.2647977	.1215616	0
717.15	0	.6136894	.2647817	.1215289	0
716.15	0	.6137374	.2647666	.121496	0
715.15	0	.6137845	.2647523	.1214632	0
714.15	0	.6138309	.2647389	.1214302	0
713.15	0	.6138765	.2647263	.1213972	0
712.15	0	.6139214	.2647145	.1213641	0
711.15	0	.6139654	.2647035	.121331	0
710.15	0	.6140088	.2646934	.1212978	0
709.15	0	.6140514	.2646841	.1212646	0
708.15	0	.6140932	.2646755	.1212313	0
707.15	0	.6141343	.2646678	.1211979	0
706.15	0	.6141747	.2646608	.1211645	0
705.15	0	.6142143	.2646546	.1211311	0
704.15	0	.6142532	.2646493	.1210975	0
703.15	0	.6142914	.2646447	.1210639	0
702.15	0	.6143289	.2646408	.1210303	0
701.15	0	.6143657	.2646377	.1209966	0
700.15	0	.6144017	.2646354	.1209629	0
699.15	0	.6144371	.2646338	.1209291	0
698.15	0	.6144718	.264633	.1208952	0
697.15	0	.6145058	.2646329	.1208613	0
696.15	0	.6145391	.2646336	.1208273	0
695.15	0	.6145718	.2646349	.1207933	0
694.15	0	.6146037	.264637	.1207593	0
693.15	0	.6146351	.2646398	.1207252	0
692.15	0	.6146657	.2646433	.120691	0
691.15	0	.6146957	.2646475	.1206568	0
690.15	0	.6147251	.2646524	.1206225	0
689.15	0	.6147538	.2646579	.1205882	0
688.15	0	.6147819	.2646642	.1205539	0
687.15	0	.6148094	.2646711	.1205195	0
686.15	0	.6148362	.2646787	.1204851	0
685.15	0	.6148625	.264687	.1204506	0
684.15	0	.6148881	.2646959	.120416	0
683.15	0	.6149131	.2647054	.1203815	0
682.15	0	.6149375	.2647156	.1203469	0
681.15	0	.6149613	.2647265	.1203122	0
680.15	0	.6149845	.2647379	.1202775	0
679.15	0	.6150072	.26475	.1202428	0
678.15	0	.6150293	.2647627	.120208	0
677.15	0	.6150508	.264776	.1201732	0
676.15	0	.6150717	.26479	.1201383	0
675.15	0	.6150921	.2648045	.1201034	0
674.15	0	.6151119	.2648196	.1200685	0
673.15	0	.6151312	.2648353	.1200335	0
672.15	0	.6151499	.2648516	.1199985	0
671.15	0	.6151681	.2648684	.1199635	0
670.15	0	.6151858	.2648858	.1199284	0
669.15	0	.615203	.2649038	.1198933	0
668.15	0	.6152196	.2649223	.1198581	0
667.15	0	.6152357	.2649414	.119823	0
666.15	0	.6152513	.264961	.1197878	0
665.15	0	.6152664	.2649811	.1197525	0
664.15	0	.6152809	.2650018	.1197173	0
663.15	0	.615295	.265023	.119682	0
662.15	0	.6153086	.2650447	.1196466	0
661.15	0	.6153218	.265067	.1196113	0
660.15	0	.6153344	.2650897	.1195759	0
659.15	0	.6153466	.2651129	.1195405	0
658.15	0	.6153583	.2651367	.1195051	0
657.15	0	.6153695	.2651609	.1194696	0
656.15	0	.6153803	.2651856	.1194341	0
655.15	0	.6153906	.2652108	.1193986	0
654.15	0	.6154005	.2652365	.1193631	0
653.15	0	.6154099	.2652626	.1193275	0
652.15	0	.6154189	.2652892	.1192919	0
651.15	0	.6154274	.2653162	.1192563	0
650.15	0	.6154356	.2653437	.1192207	0
649.15	0	.6154433	.2653716	.1191851	0
648.15	0	.6154506	.2654	.1191494	0
647.15	0	.6154574	.2654288	.1191138	0
646.15	0	.6154639	.265458	.1190781	0
645.15	0	.6154699	.2654877	.1190424	0
644.15	0	.6154756	.2655178	.1190066	0
643.15	0	.6154808	.2655483	.1189709	0
642.15	0	.6154857	.2655791	.1189351	0
641.15	0	.6154902	.2656104	.1188994	0
640.15	0	.6154943	.2656421	.1188636	0
639.15	0	.615498	.2656742	.1188278	0
638.15	0	.6155013	.2657067	.118792	0
637.15	0	.6155043	.2657395	.1187562	0
636.15	0	.6155069	.2657728	.1187204	0
635.15	0	.6155091	.2658064	.1186845	0
634.15	0	.615511	.2658403	.1186487	0
633.15	0	.6155125	.2658746	.1186128	0
632.15	0	.6155137	.2659093	.118577	0
631.15	0	.6155145	.2659444	.1185411	0
630.15	0	.615515	.2659797	.1185053	0
629.15	0	.6155152	.2660155	.1184694	0
628.15	0	.615515	.2660515	.1184335	0
627.15	0	.6155145	.2660879	.1183976	0
626.15	0	.6155136	.2661246	.1183617	0
625.15	0	.6155125	.2661617	.1183259	0
624.15	0	.615511	.266199	.11829	0
623.15	0	.6155092	.2662367	.1182541	0
622.15	0	.6155071	.2662747	.1182182	0
621.15	0	.6155047	.266313	.1181823	0
620.15	0	.615502	.2663516	.1181464	0
619.15	0	.615499	.2663904	.1181105	0
618.15	0	.6154957	.2664296	.1180747	0
617.15	0	.6154921	.2664691	.1180388	0
616.15	0	.6154883	.2665088	.1180029	0
615.15	0	.6154841	.2665488	.1179671	0
614.15	0	.6154796	.2665891	.1179312	0
613.15	0	.6154749	.2666297	.1178954	0
612.15	0	.6154699	.2666705	.1178595	0
611.15	0	.6154647	.2667116	.1178237	0
610.15	0	.6154591	.266753	.1177879	0
609.15	0	.6154534	.2667946	.1177521	0
608.15	0	.6154473	.2668364	.1177163	0
607.15	0	.615441	.2668785	.1176805	0
606.15	0	.6154344	.2669209	.1176447	0
605.15	0	.6154276	.2669634	.1176089	0
604.15	0	.6154206	.2670063	.1175732	0
603.15	0	.6154133	.2670493	.1175374	0
602.15	0	.6154057	.2670926	.1175017	0
601.15	0	.615398	.267136	.117466	0
600.15	0	.6153899	.2671797	.1174303	0
599.15	0	.6153817	.2672236	.1173947	0
598.15	0	.6153732	.2672678	.117359	0
597.15	0	.6153645	.2673121	.1173234	0
596.15	0	.6153556	.2673566	.1172878	0
595.15	0	.6153465	.2674013	.1172522	0
594.15	0	.6153371	.2674463	.1172166	0
593.15	0	.6153276	.2674914	.1171811	0
592.15	0	.6153178	.2675367	.1171455	0
591.15	0	.6153078	.2675822	.11711	0
590.15	0	.6152976	.2676278	.1170745	0
589.15	0	.6152873	.2676736	.1170391	0
588.15	0	.6152767	.2677197	.1170037	0
587.15	0	.6152659	.2677658	.1169683	0
586.15	0	.6152549	.2678122	.1169329	0
585.15	0	.6152438	.2678587	.1168976	0
584.15	0	.6152324	.2679053	.1168622	0
583.15	0	.6152209	.2679522	.116827	0
582.15	0	.6152092	.2679991	.1167917	0
581.15	0	.6151973	.2680462	.1167565	0
580.15	0	.6151852	.2680935	.1167213	0
579.15	0	.615173	.2681409	.1166861	0
578.15	0	.6151606	.2681884	.116651	0
577.15	0	.615148	.2682361	.1166159	0
576.15	0	.6151353	.2682839	.1165808	0
575.15	0	.6151223	.2683318	.1165458	0
574.15	0	.6151093	.2683799	.1165108	0
573.15	0	.615096	.2684281	.1164759	0
572.15	0	.6150827	.2684764	.116441	0
571.15	0	.6150691	.2685248	.1164061	0
570.15	0	.6150554	.2685733	.1163713	0
569.15	0	.6150416	.2686219	.1163365	0
568.15	0	.6150276	.2686707	.1163017	0
567.15	0	.6150135	.2687195	.116267	0
566.15	0	.6149992	.2687685	.1162323	0
565.15	0	.6149848	.2688175	.1161977	0
564.15	0	.6149703	.2688667	.1161631	0
563.15	0	.6149556	.2689159	.1161286	0
562.15	0	.6149408	.2689652	.1160941	0
561.15	0	.6149258	.2690146	.1160596	0
560.15	0	.6149107	.269064	.1160252	0
559.15	0	.6148955	.2691136	.1159909	0
558.15	0	.6148802	.2691632	.1159565	0
557.15	0	.6148648	.2692129	.1159223	0
556.15	0	.6148492	.2692627	.1158881	0
555.15	0	.6148335	.2693126	.1158539	0
554.15	0	.6148177	.2693625	.1158198	0
553.15	0	.6148018	.2694124	.1157857	0
552.15	0	.6147858	.2694625	.1157517	0
551.15	0	.6147697	.2695125	.1157178	0
550.15	0	.6147535	.2695627	.1156839	0
549.15	0	.6147371	.2696129	.11565	0
548.15	0	.6147207	.2696631	.1156162	0
547.15	0	.6147041	.2697134	.1155825	0
546.15	0	.6146875	.2697637	.1155488	0
545.15	0	.6146708	.2698141	.1155152	0
544.15	0	.6146539	.2698645	.1154816	0
543.15	0	.614637	.2699149	.1154481	0
542.15	0	.61462	.2699654	.1154147	0
541.15	0	.6146029	.2700159	.1153813	0
540.15	0	.6145857	.2700664	.1153479	0
539.15	0	.6145684	.2701169	.1153147	0
538.15	0	.614551	.2701675	.1152815	0
537.15	0	.6145336	.2702181	.1152483	0
536.15	0	.6145161	.2702687	.1152152	0
535.15	0	.6144985	.2703193	.1151822	0
534.15	0	.6144808	.2703699	.1151493	0
533.15	0	.614463	.2704206	.1151164	0
532.15	0	.6144452	.2704712	.1150836	0
531.15	0	.6144273	.2705219	.1150508	0
530.15	0	.6144094	.2705725	.1150181	0
529.15	0	.6143913	.2706232	.1149855	0
528.15	0	.6143732	.2706738	.114953	0
527.15	0	.6143551	.2707245	.1149205	0
526.15	0	.6143368	.2707751	.1148881	0
525.15	0	.6143185	.2708257	.1148557	0
524.15	0	.6143002	.2708763	.1148235	0
523.15	0	.6142818	.2709269	.1147913	0
522.15	0	.6142633	.2709775	.1147592	0
521.15	0	.6142448	.2710281	.1147271	0
520.15	0	.6142263	.2710786	.1146951	0
519.15	0	.6142076	.2711291	.1146632	0
518.15	0	.614189	.2711796	.1146314	0
517.15	0	.6141702	.2712301	.1145997	0
516.15	0	.6141515	.2712805	.114568	0
515.15	0	.6141327	.2713309	.1145364	0
514.15	0	.6141138	.2713813	.1145049	0
513.15	0	.6140949	.2714316	.1144735	0
512.15	0	.614076	.2714819	.1144421	0
511.15	0	.614057	.2715322	.1144108	0
510.15	0	.614038	.2715824	.1143796	0
509.15	0	.614019	.2716326	.1143485	0
508.15	0	.6139999	.2716827	.1143175	0
507.15	0	.6139808	.2717327	.1142865	0
506.15	0	.6139616	.2717828	.1142557	0
505.15	0	.6139424	.2718327	.1142249	0
504.15	0	.6139232	.2718826	.1141942	0
503.15	0	.613904	.2719325	.1141636	0
502.15	0	.6138847	.2719823	.114133	0
501.15	0	.6138654	.272032	.1141026	0
500.15	0	.6138461	.2720817	.1140722	0
499.15	0	.6138268	.2721313	.114042	0
498.15	0	.6138074	.2721808	.1140118	0
497.15	0	.613788	.2722303	.1139817	0
496.15	0	.6137686	.2722797	.1139517	0
495.15	0	.6137492	.272329	.1139218	0
494.15	0	.6137298	.2723783	.113892	0
493.15	0	.6137105	.2724274	.1138621	0
492.15	0	.613691	.2724765	.1138324	0
491.15	0	.6136716	.2725255	.1138029	0
490.15	0	.6136521	.2725745	.1137734	0
489.15	0	.6136326	.2726233	.1137441	0
488.15	0	.6136131	.2726721	.1137148	0
487.15	0	.6135936	.2727208	.1136856	0
486.15	0	.6135741	.2727694	.1136566	0
485.15	0	.6135546	.2728179	.1136276	0
484.15	0	.6135351	.2728663	.1135987	0
483.15	0	.6135155	.2729146	.1135699	0
482.15	0	.613496	.2729628	.1135412	0
481.15	0	.6134765	.2730109	.1135126	0
480.15	0	.6134569	.2730589	.1134841	0
479.15	0	.6134374	.2731069	.1134557	0
478.15	0	.6134179	.2731547	.1134274	0
477.15	0	.6133984	.2732024	.1133992	0
476.15	0	.6133789	.27325	.1133712	0
475.5235	0	.6133666	.2732798	.1133536	0
475.5235	0	.6133666	.2732798	.1133536	0
475.5235	0	.6133666	.2732798	.1133536	0
475.15	0	.6134654	.2730555	.113231	2.481677E-04
474.15	0	.6137291	.2724561	.1129032	9.116215E-04
473.15	0	.6139916	.2718586	.1125762	.001573585
472.15	0	.6142528	.271263	.1122501	.002234072
471.15	0	.6145129	.2706691	.1119249	.002893096
470.15	0	.6147719	.270077	.1116004	.003550668
469.15	0	.6150297	.2694867	.1112768	.004206803
468.15	0	.6152863	.2688982	.110954	.004861512
467.15	0	.6155419	.2683113	.110632	.005514809
466.15	0	.6157964	.2677261	.1103108	.006166706
465.15	0	.6160498	.2671426	.1099904	.006817215
464.15	0	.6163021	.2665608	.1096708	.007466349
463.15	0	.6165534	.2659806	.109352	.008114119
462.15	0	.6168036	.265402	.1090339	.008760538
461.15	0	.6170528	.2648249	.1087166	.009405617
460.15	0	.617301	.2642495	.1084002	.01004937
459.15	0	.6175483	.2636755	.1080844	.01069181
458.15	0	.6177945	.2631031	.1077694	.01133294
457.15	0	.6180398	.2625322	.1074552	.01197277
456.15	0	.6182841	.2619628	.1071417	.01261133
455.15	0	.6185275	.2613948	.106829	.01324862
454.15	0	.61877	.2608283	.106517	.01388464
453.15	0	.6190116	.2602632	.1062058	.01451942
452.15	0	.6192523	.2596995	.1058953	.01515296
451.15	0	.6194921	.2591372	.1055855	.01578528
450.15	0	.619731	.2585762	.1052764	.01641638
449.15	0	.6199691	.2580166	.104968	.01704629
448.15	0	.6202064	.2574582	.1046604	.01767501
447.15	0	.6204429	.2569012	.1043534	.01830254
446.15	0	.6206785	.2563454	.1040472	.01892891
445.15	0	.6209134	.2557908	.1037417	.01955412
444.15	0	.6211475	.2552375	.1034368	.02017819
443.15	0	.6213808	.2546854	.1031327	.02080111
442.15	0	.6216134	.2541345	.1028292	.02142292
441.15	0	.6218452	.2535847	.1025265	.02204361
440.15	0	.6220764	.2530361	.1022244	.0226632
439.15	0	.6223068	.2524885	.101923	.0232817
438.15	0	.6225366	.2519421	.1016222	.02389911
437.15	0	.6227657	.2513967	.1013222	.02451546
436.15	0	.6229941	.2508524	.1010228	.02513075
435.15	0	.6232218	.2503092	.100724	.02574499
434.15	0	.623449	.2497669	.100426	.02635819
433.15	0	.6236755	.2492256	.1001285	.02697035
432.15	0	.6239014	.2486853	.09983177	.0275815
431.15	0	.6241267	.248146	.09953565	.02819164
430.15	0	.6243514	.2476076	.09924019	.02880078
429.15	0	.6245756	.2470701	.09894537	.02940893
428.15	0	.6247992	.2465335	.09865119	.0300161
427.15	0	.6250222	.2459978	.09835764	.0306223
426.15	0	.6252447	.245463	.09806473	.03122753
425.15	0	.6254667	.244929	.09777245	.03183181
424.15	0	.6256882	.2443959	.0974808	.03243514
423.15	0	.6259091	.2438636	.09718977	.03303754
422.15	0	.6261296	.243332	.09689936	.03363901
421.15	0	.6263496	.2428013	.09660957	.03423956
420.15	0	.6265691	.2422714	.09632039	.0348392
419.15	0	.6267881	.2417422	.09603183	.03543794
418.15	0	.6270066	.2412137	.09574387	.03603578
417.15	0	.6272248	.240686	.09545652	.03663274
416.15	0	.6274424	.240159	.09516977	.03722882
415.15	0	.6276597	.2396327	.09488362	.03782402
414.15	0	.6278765	.2391071	.09459806	.03841837
413.15	0	.6280929	.2385821	.0943131	.03901186
412.15	0	.6283089	.2380578	.09402873	.03960451
411.15	0	.6285246	.2375342	.09374494	.04019632
410.15	0	.6287398	.2370112	.09346174	.04078729
409.15	0	.6289546	.2364888	.09317912	.04137744
408.15	0	.6291691	.2359671	.09289708	.04196678
407.15	0	.6293832	.2354459	.09261561	.0425553
406.15	0	.6295969	.2349254	.09233471	.04314302
405.15	0	.6298103	.2344054	.09205438	.04372995
404.15	0	.6300234	.2338859	.09177462	.04431608
403.15	0	.6302361	.2333671	.09149542	.04490144
402.15	0	.6304484	.2328488	.09121678	.04548602
401.15	0	.6306605	.232331	.0909387	.04606983
400.15	0	.6308722	.2318137	.09066118	.04665287
399.15	0	.6310837	.231297	.0903842	.04723516
398.15	0	.6312948	.2307807	.09010777	.04781671
397.15	0	.6315056	.230265	.08983189	.04839751
