T	 BPW(LIQUID)	BPW(BCC_A2)	BPW(FCC_A1)	BPW(LAVES_PHASE_C14)	BPW(NI3TI)
1473.15	0	.4863152	.5136849	0	0
1472.15	0	.4840823	.5159177	0	0
1471.15	0	.481855	.518145	0	0
1470.15	0	.4796332	.5203669	0	0
1469.15	0	.4774168	.5225832	0	0
1468.15	0	.4752059	.5247941	0	0
1467.15	0	.4730004	.5269996	0	0
1466.15	0	.4708004	.5291996	0	0
1465.15	0	.4686059	.5313941	0	0
1464.15	0	.4664168	.5335832	0	0
1463.15	0	.4642332	.5357668	0	0
1462.15	0	.4620549	.5379451	0	0
1461.15	0	.4598821	.5401179	0	0
1460.15	0	.4577148	.5422852	0	0
1459.15	0	.4555528	.5444472	0	0
1458.15	0	.4533963	.5466037	0	0
1457.15	0	.4512451	.5487549	0	0
1456.15	0	.4490994	.5509006	0	0
1455.15	0	.446959	.553041	0	0
1454.15	0	.444824	.555176	0	0
1453.15	0	.4426945	.5573056	0	0
1452.15	0	.4405703	.5594297	0	0
1451.15	0	.4384514	.5615486	0	0
1450.15	0	.436338	.563662	0	0
1449.15	0	.4342299	.5657701	0	0
1448.15	0	.4321271	.5678729	0	0
1447.15	0	.4300298	.5699702	0	0
1446.15	0	.4279377	.5720623	0	0
1445.15	0	.4258511	.5741489	0	0
1444.15	0	.4237697	.5762303	0	0
1443.15	0	.4216937	.5783063	0	0
1442.15	0	.4196231	.5803769	0	0
1441.15	0	.4175578	.5824423	0	0
1440.15	0	.4154978	.5845022	0	0
1439.15	0	.4134431	.5865569	0	0
1438.15	0	.4113938	.5886062	0	0
1437.15	0	.4093497	.5906503	0	0
1436.15	0	.407311	.592689	0	0
1435.15	0	.4052776	.5947224	0	0
1434.15	0	.4032495	.5967505	0	0
1433.15	0	.4012268	.5987732	0	0
1432.15	0	.3992093	.6007907	0	0
1431.15	0	.3971971	.6028029	0	0
1430.15	0	.3951903	.6048097	0	0
1429.15	0	.3931887	.6068113	0	0
1428.15	0	.3911925	.6088076	0	0
1427.15	0	.3892015	.6107985	0	0
1426.15	0	.3872158	.6127842	0	0
1425.15	0	.3852354	.6147646	0	0
1424.15	0	.3832603	.6167397	0	0
1423.15	0	.3812905	.6187095	0	0
1422.15	0	.379326	.620674	0	0
1421.15	0	.3773667	.6226333	0	0
1420.15	0	.3754128	.6245872	0	0
1419.15	0	.3734641	.6265359	0	0
1418.15	0	.3715207	.6284793	0	0
1417.15	0	.3695826	.6304174	0	0
1416.15	0	.3676498	.6323502	0	0
1415.15	0	.3657222	.6342778	0	0
1414.15	0	.3638	.6362	0	0
1413.15	0	.361883	.638117	0	0
1412.15	0	.3599713	.6400287	0	0
1411.15	0	.3580648	.6419352	0	0
1410.15	0	.3561637	.6438363	0	0
1409.15	0	.3542678	.6457322	0	0
1408.15	0	.3523772	.6476228	0	0
1407.15	0	.3504919	.6495081	0	0
1406.15	0	.3486119	.6513881	0	0
1405.15	0	.3467371	.6532629	0	0
1404.15	0	.3448677	.6551323	0	0
1403.15	0	.3430035	.6569965	0	0
1402.15	0	.3411446	.6588554	0	0
1401.15	0	.339291	.660709	0	0
1400.15	0	.3374427	.6625573	0	0
1399.15	0	.3355996	.6644004	0	0
1398.15	0	.3337619	.6662381	0	0
1397.15	0	.3319294	.6680706	0	0
1396.15	0	.3301023	.6698977	0	0
1395.15	0	.3282804	.6717196	0	0
1394.15	0	.3264639	.6735361	0	0
1393.15	0	.3246526	.6753474	0	0
1392.15	0	.3228467	.6771533	0	0
1391.15	0	.321046	.678954	0	0
1390.15	0	.3192507	.6807493	0	0
1389.15	0	.3174607	.6825393	0	0
1388.15	0	.3156759	.6843241	0	0
1387.15	0	.3138965	.6861035	0	0
1386.15	0	.3121225	.6878775	0	0
1385.15	0	.3103537	.6896463	0	0
1384.15	0	.3085903	.6914097	0	0
1383.15	0	.3068322	.6931678	0	0
1382.15	0	.3050795	.6949205	0	0
1381.15	0	.3033321	.6966679	0	0
1380.15	0	.30159	.69841	0	0
1379.15	0	.2998533	.7001467	0	0
1378.15	0	.298122	.701878	0	0
1377.15	0	.296396	.703604	0	0
1376.15	0	.2946753	.7053247	0	0
1375.15	0	.2929601	.7070399	0	0
1374.15	0	.2912502	.7087498	0	0
1373.15	0	.2895457	.7104543	0	0
1372.15	0	.2878465	.7121535	0	0
1371.15	0	.2861528	.7138472	0	0
1370.15	0	.2844645	.7155356	0	0
1369.15	0	.2827815	.7172185	0	0
1368.15	0	.281104	.718896	0	0
1367.15	0	.2794319	.7205682	0	0
1366.15	0	.2777652	.7222348	0	0
1365.15	0	.2761039	.7238961	0	0
1364.15	0	.274448	.725552	0	0
1363.15	0	.2727976	.7272024	0	0
1362.15	0	.2711527	.7288473	0	0
1361.15	0	.2695132	.7304868	0	0
1360.15	0	.2678791	.7321209	0	0
1359.15	0	.2662506	.7337495	0	0
1358.15	0	.2646275	.7353726	0	0
1357.15	0	.2630098	.7369902	0	0
1356.15	0	.2613977	.7386023	0	0
1355.15	0	.2597911	.7402089	0	0
1354.15	0	.25819	.74181	0	0
1353.15	0	.2565944	.7434056	0	0
1352.15	0	.2550043	.7449957	0	0
1351.15	0	.2534198	.7465802	0	0
1350.15	0	.2518408	.7481592	0	0
1349.15	0	.2502674	.7497327	0	0
1348.15	0	.2486995	.7513005	0	0
1347.15	0	.2471372	.7528628	0	0
1346.15	0	.2455804	.7544196	0	0
1345.15	0	.2440293	.7559707	0	0
1344.15	0	.2424838	.7575162	0	0
1343.15	0	.2409438	.7590562	0	0
1342.15	0	.2394095	.7605905	0	0
1341.15	0	.2378809	.7621191	0	0
1340.15	0	.2363578	.7636422	0	0
1339.15	0	.2348405	.7651595	0	0
1338.15	0	.2333288	.7666713	0	0
1337.15	0	.2318227	.7681773	0	0
1336.15	0	.2303224	.7696776	0	0
1335.15	0	.2288277	.7711723	0	0
1334.15	0	.2273388	.7726612	0	0
1333.15	0	.2258556	.7741444	0	0
1332.15	0	.2243781	.7756219	0	0
1331.15	0	.2229063	.7770937	0	0
1330.15	0	.2214404	.7785596	0	0
1329.15	0	.2199802	.7800199	0	0
1328.15	0	.2185257	.7814743	0	0
1327.15	0	.2170771	.7829229	0	0
1326.15	0	.2156343	.7843657	0	0
1325.15	0	.2141973	.7858027	0	0
1324.15	0	.2127662	.7872338	0	0
1323.15	0	.2113409	.7886591	0	0
1322.15	0	.2099215	.7900786	0	0
1321.15	0	.2085079	.7914921	0	0
1320.15	0	.2071003	.7928998	0	0
1319.15	0	.2056985	.7943015	0	0
1318.15	0	.2043027	.7956973	0	0
1317.15	0	.2029128	.7970872	0	0
1316.15	0	.2015289	.7984711	0	0
1315.15	0	.200151	.7998491	0	0
1314.15	0	.198779	.801221	0	0
1313.15	0	.197413	.802587	0	0
1312.15	0	.1960531	.8039469	0	0
1311.15	0	.1946992	.8053008	0	0
1310.15	0	.1933513	.8066487	0	0
1309.15	0	.1920095	.8079905	0	0
1308.15	0	.1906738	.8093262	0	0
1307.15	0	.1893442	.8106558	0	0
1306.15	0	.1880208	.8119792	0	0
1305.15	0	.1867034	.8132966	0	0
1304.15	0	.1853922	.8146078	0	0
1303.15	0	.1840872	.8159128	0	0
1302.15	0	.1827884	.8172116	0	0
1301.15	0	.1814958	.8185042	0	0
1300.15	0	.1802094	.8197906	0	0
1299.15	0	.1789293	.8210708	0	0
1298.15	0	.1776554	.8223446	0	0
1297.15	0	.1763878	.8236122	0	0
1296.15	0	.1751265	.8248735	0	0
1295.15	0	.1738716	.8261284	0	0
1294.15	0	.1726229	.8273771	0	0
1293.15	0	.1713807	.8286193	0	0
1292.15	0	.1701448	.8298552	0	0
1291.15	0	.1689154	.8310846	0	0
1290.15	0	.1676924	.8323076	0	0
1289.15	0	.1664758	.8335242	0	0
1288.15	0	.1652657	.8347343	0	0
1287.15	0	.1640621	.8359379	0	0
1286.15	0	.162865	.837135	0	0
1285.15	0	.1616744	.8383256	0	0
1284.15	0	.1604904	.8395096	0	0
1283.15	0	.159313	.8406871	0	0
1282.15	0	.1581421	.8418579	0	0
1281.15	0	.1569779	.8430221	0	0
1280.15	0	.1558204	.8441796	0	0
1279.15	0	.1546695	.8453305	0	0
1278.15	0	.1535253	.8464747	0	0
1277.15	0	.1523879	.8476121	0	0
1276.15	0	.1512571	.8487429	0	0
1275.15	0	.1501332	.8498668	0	0
1274.15	0	.1490161	.850984	0	0
1273.15	0	.1479057	.8520943	0	0
1272.15	0	.1468022	.8531978	0	0
1271.15	0	.1457056	.8542944	0	0
1270.15	0	.1446159	.8553841	0	0
1269.15	0	.1435331	.8564669	0	0
1268.15	0	.1424573	.8575428	0	0
1267.15	0	.1413884	.8586116	0	0
1266.15	0	.1403265	.8596735	0	0
1265.15	0	.1392717	.8607284	0	0
1264.15	0	.1382239	.8617761	0	0
1263.15	0	.1371832	.8628168	0	0
1262.15	0	.1361496	.8638504	0	0
1261.15	0	.1351231	.8648769	0	0
1260.15	0	.1341038	.8658962	0	0
1259.15	0	.1330917	.8669083	0	0
1258.15	0	.1320869	.8679131	0	0
1257.15	0	.1310893	.8689107	0	0
1256.15	0	.1300989	.8699011	0	0
1255.15	0	.1291159	.8708841	0	0
1254.15	0	.1281403	.8718598	0	0
1253.15	0	.127172	.8728281	0	0
1252.15	0	.1262111	.8737889	0	0
1251.15	0	.1252576	.8747424	0	0
1250.15	0	.1243116	.8756884	0	0
1249.15	0	.1233731	.8766269	0	0
1248.15	0	.1224422	.8775579	0	0
1247.15	0	.1215188	.8784812	0	0
1246.15	0	.1206029	.8793971	0	0
1245.15	0	.1196948	.8803053	0	0
1244.15	0	.1187942	.8812058	0	0
1243.15	0	.1179014	.8820986	0	0
1242.15	0	.1170163	.8829837	0	0
1241.15	0	.1161389	.8838611	0	0
1240.15	0	.1152694	.8847306	0	0
1239.15	0	.1144076	.8855924	0	0
1238.15	0	.1135537	.8864463	0	0
1237.15	0	.1127078	.8872922	0	0
1236.15	0	.1118697	.8881303	0	0
1235.15	0	.1110396	.8889604	0	0
1234.15	0	.1102175	.8897825	0	0
1233.15	0	.1094035	.8905965	0	0
1232.15	0	.1085975	.8914025	0	0
1231.15	0	.1077996	.8922004	0	0
1230.15	0	.1070099	.8929901	0	0
1229.15	0	.1062283	.8937717	0	0
1228.15	0	.105455	.894545	0	0
1227.15	0	.10469	.89531	0	0
1226.15	0	.1039332	.8960668	0	0
1225.15	0	.1031848	.8968153	0	0
1224.15	0	.1024447	.8975553	0	0
1223.15	0	.101713	.898287	0	0
1222.15	0	.1009898	.8990102	0	0
1221.15	0	.1002751	.8997249	0	0
1220.15	0	.0995689	.9004311	0	0
1219.15	0	.09887127	.9011287	0	0
1218.15	0	.09818225	.9018178	0	0
1217.15	0	.09750188	.9024981	0	0
1216.15	0	.0968302	.9031698	0	0
1215.15	0	.09616725	.9038327	0	0
1214.15	0	.09551307	.9044869	0	0
1213.15	0	.0948677	.9051323	0	0
1212.15	0	.09423119	.9057688	0	0
1211.15	0	.09360357	.9063964	0	0
1210.15	0	.0929849	.9070151	0	0
1209.15	0	.0923752	.9076248	0	0
1208.15	0	.09177454	.9082255	0	0
1207.15	0	.09118293	.9088171	0	0
1206.15	0	.09060045	.9093996	0	0
1205.15	0	.09002711	.9099729	0	0
1204.15	0	.08946298	.910537	0	0
1203.15	0	.08890809	.9110919	0	0
1202.15	0	.08836249	.9116375	0	0
1201.15	0	.08782623	.9121738	0	0
1200.15	0	.08729934	.9127007	0	0
1199.15	0	.08678188	.9132181	0	0
1198.15	0	.0862739	.9137261	0	0
1197.15	0	.08577543	.9142246	0	0
1196.15	0	.08528652	.9147135	0	0
1195.15	0	.08480723	.9151928	0	0
1194.15	0	.08433759	.9156624	0	0
1193.15	0	.08387766	.9161223	0	0
1192.15	0	.08342748	.9165725	0	0
1191.15	0	.0829871	.9170129	0	0
1190.15	0	.08255657	.9174434	0	0
1189.15	0	.08213594	.9178641	0	0
1188.996	0	.0820719	.9179281	0	0
1188.996	0	.0820719	.9179281	0	0
1188.996	0	.0820719	.9179281	0	0
1188.15	0	.08092287	.9187723	3.048509E-04	0
1187.15	0	.07957535	.9197605	6.642022E-04	0
1186.15	0	.07824004	.9207376	.00102232	0
1185.15	0	.07691702	.9217038	.001379206	0
1184.15	0	.07560636	.9226588	.001734863	0
1183.15	0	.07430812	.9236026	.002089293	0
1182.15	0	.07302237	.9245351	.002442499	0
1181.15	0	.07174919	.9254563	.002794482	0
1180.15	0	.07048864	.9263661	.003145246	0
1179.15	0	.0692408	.9272644	.003494792	0
1178.15	0	.06800574	.9281511	.003843123	0
1177.15	0	.06678352	.9290262	.004190241	0
1176.15	0	.06557424	.9298896	.004536148	0
1175.15	0	.06437795	.9307412	.004880846	0
1174.15	0	.06319474	.9315809	.005224338	0
1173.15	0	.06202467	.9324087	.005566625	0
1172.15	0	.06086784	.9332244	.00590771	0
1171.15	0	.0597243	.9340281	.006247595	0
1170.15	0	.05859416	.9348196	.006586282	0
1169.15	0	.05747747	.9355988	.006923773	0
1168.15	0	.05637432	.9363656	.007260071	0
1167.15	0	.05528479	.93712	.007595176	0
1166.15	0	.05420896	.9378619	.007929092	0
1165.15	0	.05314692	.9385913	.00826182	0
1164.15	0	.05209874	.9393079	.008593363	0
1163.15	0	.0510645	.9400118	.008923722	0
1162.15	0	.0500443	.9407028	.009252899	0
1161.15	0	.04903821	.9413809	.009580896	0
1160.15	0	.04804632	.942046	.009907716	0
1159.15	0	.04706872	.9426979	.01023336	0
1158.15	0	.04610549	.9433367	.01055783	0
1157.15	0	.04515672	.9439621	.01088113	0
1156.15	0	.04422249	.9445743	.01120326	0
1155.15	0	.0433029	.9451729	.01152422	0
1154.15	0	.04239793	.9457581	.01184402	0
1153.15	0	.04150787	.9463295	.01216265	0
1152.15	0	.04063271	.9468872	.01248011	0
1151.15	0	.03977254	.947431	.01279642	0
1150.15	0	.03892746	.947961	.01311157	0
1149.15	0	.03809755	.9484769	.01342556	0
1148.15	0	.03728291	.9489787	.01373839	0
1147.15	0	.03648363	.9494663	.01405008	0
1146.15	0	.03569981	.9499396	.01436061	0
1145.15	0	.03493153	.9503985	.01466999	0
1144.15	0	.03417889	.9508429	.01497822	0
1143.15	0	.03344199	.9512727	.01528531	0
1142.15	0	.03272092	.9516878	.01559125	0
1141.15	0	.03201578	.9520882	.01589605	0
1140.15	0	.03132666	.9524736	.01619971	0
1139.15	0	.03065367	.9528441	.01650223	0
1138.15	0	.02999689	.9531995	.01680362	0
1137.15	0	.02935644	.9535397	.01710387	0
1136.15	0	.0287324	.9538646	.01740298	0
1135.15	0	.02812487	.9541742	.01770096	0
1134.15	0	.02753396	.9544682	.01799782	0
1133.15	0	.02695976	.9547467	.01829354	0
1132.15	0	.02640237	.9550095	.01858814	0
1131.15	0	.0258619	.9552565	.01888162	0
1130.15	0	.02533844	.9554876	.01917397	0
1129.15	0	.0248321	.9557027	.0194652	0
1128.15	0	.02434297	.9559017	.01975531	0
1127.15	0	.02387116	.9560845	.0200443	0
1126.15	0	.02341676	.9562511	.02033217	0
1125.15	0	.02297989	.9564012	.02061894	0
1124.15	0	.02256064	.9565348	.02090458	0
1123.15	0	.02215912	.9566518	.02118912	0
1122.15	0	.02177542	.956752	.02147255	0
1121.15	0	.02140966	.9568355	.02175488	0
1120.15	0	.02106192	.956902	.02203609	0
1119.15	0	.02073232	.9569515	.02231621	0
1118.15	0	.02042096	.9569838	.02259522	0
1117.15	0	.02012794	.9569989	.02287313	0
1116.15	0	.01985336	.9569967	.02314995	0
1115.15	0	.01959733	.956977	.02342566	0
1114.15	0	.01935995	.9569398	.02370029	0
1113.15	0	.01914132	.9568849	.02397381	0
1112.15	0	.01894154	.9568122	.02424625	0
1111.15	0	.01876071	.9567217	.0245176	0
1110.15	0	.01859895	.9566132	.02478787	0
1109.15	0	.01845634	.9564866	.02505705	0
1108.15	0	.01833299	.9563419	.02532514	0
1107.15	0	.01822901	.9561788	.02559215	0
1106.15	0	.01814448	.9559974	.02585808	0
1105.15	0	.01807952	.9557975	.02612294	0
1104.15	0	.01803423	.9555791	.02638672	0
1103.15	0	.01800869	.9553419	.02664943	0
1102.15	0	.01800302	.9550859	.02691106	0
1101.15	0	.01801731	.9548111	.02717162	0
1100.15	0	.01805165	.9545172	.02743112	0
1099.15	0	.01810615	.9542043	.02768955	0
1098.15	0	.01818091	.9538722	.02794691	0
1097.15	0	.01827601	.9535208	.02820322	0
1096.15	0	.01839155	.95315	.02845846	0
1095.15	0	.01852764	.9527597	.02871265	0
1094.15	0	.01868435	.9523499	.02896578	0
1093.15	0	.0188618	.9519203	.02921785	0
1092.15	0	.01906005	.9514711	.02946888	0
1091.15	0	.01927922	.9510019	.02971885	0
1090.15	0	.01951939	.9505128	.02996778	0
1089.15	0	.01978064	.9500037	.03021567	0
1088.15	0	.02006307	.9494744	.03046251	0
1087.15	0	.02036676	.9489249	.03070831	0
1086.15	0	.0206918	.9483551	.03095307	0
1085.15	0	.02103827	.9477649	.03119679	0
1084.15	0	.02140626	.9471543	.03143948	0
1083.15	0	.02179584	.946523	.03168114	0
1082.15	0	.0222071	.9458711	.03192177	0
1081.15	0	.02264012	.9451985	.03216137	0
1080.15	0	.02309497	.9445051	.03239995	0
1079.15	0	.02357173	.9437908	.03263751	0
1078.15	0	.02407048	.9430555	.03287405	0
1077.15	0	.02459129	.9422992	.03310956	0
1076.15	0	.02513422	.9415217	.03334407	0
1075.15	0	.02569936	.9407231	.03357756	0
1074.15	0	.02628676	.9399032	.03381004	0
1073.15	0	.02689649	.939062	.03404151	0
1072.15	0	.02752862	.9381994	.03427198	0
1071.15	0	.0281832	.9373154	.03450144	0
1070.15	0	.02886031	.9364098	.03472991	0
1069.15	0	.02955999	.9354826	.03495738	0
1068.15	0	.0302823	.9345339	.03518385	0
1067.15	0	.0310273	.9335634	.03540933	0
1066.15	0	.03179504	.9325712	.03563382	0
1065.15	0	.03258556	.9315571	.03585732	0
1064.15	0	.03339892	.9305212	.03607984	0
1063.15	0	.03423516	.9294635	.03630138	0
1062.15	0	.03509432	.9283837	.03652193	0
1061.15	0	.03597645	.927282	.03674151	0
1060.15	0	.03688157	.9261583	.03696012	0
1059.15	0	.03780973	.9250125	.03717776	0
1058.15	0	.03876096	.9238446	.03739443	0
1057.15	0	.03973528	.9226546	.03761013	0
1056.15	0	.04073273	.9214424	.03782487	0
1055.15	0	.04175333	.920208	.03803865	0
1054.15	0	.0427971	.9189514	.03825147	0
1053.15	0	.04386405	.9176726	.03846334	0
1052.15	0	.04495422	.9163715	.03867426	0
1051.15	0	.0460676	.9150482	.03888423	0
1050.15	0	.04720422	.9137025	.03909325	0
1049.15	0	.04836407	.9123346	.03930133	0
1048.15	0	.04954716	.9109444	.03950847	0
1047.15	0	.0507535	.9095318	.03971467	0
1046.15	0	.05198308	.908097	.03991994	0
1045.15	0	.05323589	.9066398	.04012427	0
1044.15	0	.05451193	.9051604	.04032768	0
1043.15	0	.05581119	.9036587	.04053016	0
1042.15	0	.05713366	.9021346	.04073172	0
1041.15	0	.0584793	.9005883	.04093235	0
1040.15	0	.05984812	.8990198	.04113207	0
1039.15	0	.06124007	.8974291	.04133088	0
1038.15	0	.06265514	.8958161	.04152877	0
1037.15	0	.06409328	.894181	.04172575	0
1036.15	0	.06555448	.8925237	.04192183	0
1035.15	0	.06703869	.8908443	.042117	0
1034.15	0	.06854586	.8891429	.04231127	0
1033.15	0	.07007596	.8874194	.04250464	0
1032.15	0	.07162893	.885674	.04269712	0
1031.15	0	.07320473	.8839066	.0428887	0
1030.15	0	.0748033	.8821173	.04307939	0
1029.15	0	.07642458	.8803062	.04326919	0
1028.15	0	.07806851	.8784734	.04345811	0
1027.15	0	.07973503	.8766188	.04364615	0
1026.15	0	.08142406	.8747426	.0438333	0
1025.15	0	.08313553	.8728449	.04401958	0
1024.15	0	.08486936	.8709257	.04420498	0
1023.15	0	.08662549	.868985	.0443895	0
1022.15	0	.08840381	.867023	.04457316	0
1021.15	0	.09020425	.8650398	.04475594	0
1020.15	0	.09202672	.8630354	.04493786	0
1019.15	0	.09387111	.86101	.04511891	0
1018.15	0	.09573735	.8589636	.0452991	0
1017.15	0	.09762531	.8568963	.04547843	0
1016.15	0	.0995349	.8548082	.0456569	0
1015.15	0	.101466	.8526995	.04583451	0
1014.15	0	.1034185	.8505702	.04601126	0
1013.15	0	.1053924	.8484205	.04618716	0
1012.15	0	.1073873	.8462504	.04636221	0
1011.15	0	.1094034	.8440602	.04653641	0
1010.15	0	.1114404	.8418499	.04670976	0
1009.15	0	.1134981	.8396196	.04688225	0
1008.15	0	.1155766	.8373695	.04705391	0
1007.15	0	.1176755	.8350998	.04722471	0
1006.15	0	.1197949	.8328105	.04739467	0
1005.15	0	.1219345	.8305017	.04756378	0
1004.15	0	.1240942	.8281738	.04773205	0
1003.15	0	.1262738	.8258267	.04789948	0
1002.15	0	.1284733	.8234606	.04806606	0
1001.15	0	.1306924	.8210758	.0482318	0
1000.15	0	.132931	.8186723	.0483967	0
999.15	0	.135189	.8162503	.04856075	0
998.15	0	.1374661	.81381	.04872397	0
997.15	0	.1397622	.8113515	.04888634	0
996.15	0	.1420771	.8088751	.04904786	0
995.15	0	.1444107	.8063808	.04920854	0
994.15	0	.1467627	.8038689	.04936838	0
993.15	0	.149133	.8013396	.04952737	0
992.15	0	.1515215	.798793	.04968551	0
991.15	0	.1539279	.7962293	.0498428	0
990.15	0	.156352	.7936488	.04999925	0
989.15	0	.1587937	.7910515	.05015484	0
988.15	0	.1612527	.7884377	.05030958	0
987.15	0	.1637289	.7858076	.05046347	0
986.15	0	.1662221	.7831614	.05061649	0
985.15	0	.168732	.7804994	.05076866	0
984.15	0	.1712585	.7778216	.05091996	0
983.15	0	.1738013	.7751283	.05107039	0
982.15	0	.1763603	.7724197	.05121995	0
981.15	0	.1789353	.7696961	.05136864	0
980.15	0	.1815259	.7669577	.05151646	0
979.15	0	.1841321	.7642046	.05166339	0
978.15	0	.1867535	.7614371	.05180943	0
977.15	0	.1893901	.7586554	.05195458	0
976.15	0	.1920414	.7558597	.05209884	0
975.15	0	.1947075	.7530503	.05224219	0
974.15	0	.1973879	.7502275	.05238464	0
973.15	0	.2000825	.7473913	.05252618	0
972.15	0	.2027911	.7445422	.05266679	0
971.15	0	.2055133	.7416802	.05280648	0
970.15	0	.2082491	.7388057	.05294524	0
969.15	0	.2109981	.7359188	.05308305	0
968.15	0	.2137602	.7330199	.05321992	0
967.15	0	.216535	.7301092	.05335583	0
966.15	0	.2193224	.7271869	.05349077	0
965.15	0	.222122	.7242532	.05362474	0
964.15	0	.2249338	.7213085	.05375773	0
963.15	0	.2277573	.7183529	.05388972	0
962.15	0	.2305925	.7153868	.05402071	0
961.15	0	.2334389	.7124104	.05415068	0
960.15	0	.2362964	.7094239	.05427962	0
959.15	0	.2391579	.7064341	.054408	0
958.15	0	.2419467	.7035118	.05454149	0
957.15	0	.2447698	.7005573	.05467292	0
956.15	0	.2476252	.6975724	.05480233	0
955.15	0	.2505111	.6945592	.05492976	0
954.15	0	.2534254	.6915194	.05505522	0
953.15	0	.2563666	.6884547	.05517875	0
952.15	0	.2593328	.6853668	.05530037	0
951.15	0	.2623225	.6822574	.0554201	0
950.15	0	.265334	.679128	.05553797	0
949.15	0	.2683659	.6759802	.05565398	0
948.15	0	.2714165	.6728153	.05576817	0
947.15	0	.2744846	.6696349	.05588054	0
946.15	0	.2775686	.6664403	.05599111	0
945.15	0	.2806674	.6632327	.0560999	0
944.15	0	.2837796	.6600135	.05620691	0
943.15	0	.286904	.6567839	.05631216	0
942.15	0	.2900393	.6535451	.05641565	0
941.15	0	.2931845	.6502981	.0565174	0
940.15	0	.2963384	.6470442	.05661742	0
939.15	0	.2994999	.6437844	.05671571	0
938.15	0	.3026681	.6405196	.05681228	0
937.15	0	.3058419	.637251	.05690714	0
936.15	0	.3090203	.6339794	.05700028	0
935.15	0	.3122025	.6307058	.05709173	0
934.15	0	.3153875	.627431	.05718147	0
933.15	0	.3185744	.624156	.05726953	0
932.15	0	.3217625	.6208816	.05735589	0
931.15	0	.3249509	.6176085	.05744056	0
930.15	0	.3281388	.6143376	.05752355	0
929.15	0	.3313255	.6110696	.05760485	0
928.15	0	.3345103	.6078052	.05768448	0
927.15	0	.3376924	.6045452	.05776243	0
926.15	0	.3408712	.6012901	.0578387	0
925.15	0	.344046	.5980407	.05791329	0
924.15	0	.3472162	.5947976	.05798621	0
923.15	0	.3503811	.5915614	.05805746	0
922.15	0	.3535403	.5883327	.05812703	0
921.15	0	.356693	.585112	.05819493	0
920.15	0	.3598389	.5819	.05826116	0
919.15	0	.3629772	.5786971	.05832572	0
918.15	0	.3661076	.5755038	.05838861	0
917.15	0	.3692295	.5723207	.05844983	0
916.15	0	.3723425	.5691482	.05850938	0
915.15	0	.375446	.5659868	.05856726	0
914.15	0	.3785396	.5628369	.05862348	0
913.15	0	.381623	.559699	.05867802	0
912.15	0	.3846956	.5565735	.0587309	0
911.15	0	.3877571	.5534608	.05878212	0
910.15	0	.390807	.5503613	.05883167	0
909.15	0	.3938451	.5472754	.05887956	0
908.15	0	.3968708	.5442034	.05892578	0
907.15	0	.399884	.5411457	.05897035	0
906.15	0	.4028842	.5381026	.05901325	0
905.15	0	.405871	.5350745	.0590545	0
904.15	0	.4088443	.5320616	.05909409	0
903.15	0	.4118036	.5290644	.05913203	0
902.15	0	.4147486	.5260831	.05916832	0
901.15	0	.4176791	.5231179	.05920296	0
900.15	0	.4205948	.5201693	.05923596	0
899.15	0	.4234953	.5172373	.05926732	0
898.15	0	.4263806	.5143224	.05929704	0
897.15	0	.4292501	.5114247	.05932513	0
896.15	0	.4321039	.5085446	.0593516	0
895.15	0	.4349414	.5056821	.05937643	0
894.15	0	.4377627	.5028377	.05939966	0
893.15	0	.4405673	.5000114	.05942127	0
892.15	0	.4433552	.4972035	.05944127	0
891.15	0	.446126	.4944143	.05945967	0
890.15	0	.4488797	.4916438	.05947648	0
889.15	0	.4516159	.4888924	.05949171	0
888.15	0	.4543345	.4861601	.05950535	0
887.15	0	.4570353	.4834472	.05951743	0
886.15	0	.4597182	.4807539	.05952795	0
885.15	0	.4623829	.4780802	.05953691	0
884.15	0	.4650293	.4754264	.05954433	0
883.15	0	.4676572	.4727926	.05955022	0
882.15	0	.4702665	.4701789	.05955459	0
881.15	0	.472857	.4675856	.05955744	0
880.15	0	.4754286	.4650126	.05955879	0
879.15	0	.4779812	.4624602	.05955866	0
878.15	0	.4805146	.4599284	.05955704	0
877.15	0	.4830287	.4574174	.05955397	0
876.15	0	.4855233	.4549273	.05954944	0
875.15	0	.4879985	.4524581	.05954347	0
874.15	0	.490454	.45001	.05953608	0
873.15	0	.4928897	.447583	.05952727	0
872.15	0	.4953057	.4451772	.05951708	0
871.15	0	.4977017	.4427928	.0595055	0
870.15	0	.5000778	.4404296	.05949255	0
869.15	0	.5024338	.4380879	.05947826	0
868.15	0	.5047697	.4357677	.05946263	0
867.15	0	.5070854	.4334689	.05944568	0
866.15	0	.5093809	.4311917	.05942743	0
865.15	0	.5116561	.4289361	.0594079	0
864.15	0	.5139109	.426702	.0593871	0
863.15	0	.5161454	.4244895	.05936505	0
862.15	0	.5183595	.4222987	.05934177	0
861.15	0	.5205532	.4201295	.05931727	0
860.15	0	.5227265	.4179819	.05929158	0
859.15	0	.5248794	.4158559	.05926471	0
858.15	0	.5270118	.4137515	.05923667	0
857.15	0	.5291239	.4116686	.0592075	0
856.15	0	.5312155	.4096073	.0591772	0
855.15	0	.5332867	.4075675	.0591458	0
854.15	0	.5353376	.4055491	.05911332	0
853.15	0	.5373682	.4035521	.05907976	0
852.15	0	.5393784	.4015764	.05904516	0
851.15	0	.5413685	.399622	.05900953	0
850.15	0	.5433383	.3976888	.05897288	0
849.15	0	.545288	.3957767	.05893524	0
848.15	0	.5472177	.3938857	.05889663	0
847.15	0	.5491274	.3920156	.05885706	0
846.15	0	.5510171	.3901663	.05881656	0
845.15	0	.552887	.3883378	.05877513	0
844.15	0	.5547372	.38653	.0587328	0
843.15	0	.5565678	.3847426	.05868959	0
842.15	0	.5583788	.3829757	.05864551	0
841.15	0	.5601703	.3812291	.05860059	0
840.15	0	.5619425	.3795026	.05855483	0
839.15	0	.5636956	.3777962	.05850826	0
838.15	0	.5654295	.3761097	.05846088	0
837.15	0	.5671444	.3744429	.05841273	0
836.15	0	.5688405	.3727957	.05836381	0
835.15	0	.570518	.3711679	.05831415	0
834.15	0	.5721768	.3695595	.05826374	0
833.15	0	.5738172	.3679702	.05821262	0
832.15	0	.5754394	.3663998	.0581608	0
831.15	0	.5770434	.3648483	.05810828	0
830.15	0	.5786295	.3633154	.0580551	0
829.15	0	.5801977	.361801	.05800125	0
828.15	0	.5817483	.3603049	.05794675	0
827.15	0	.5832814	.358827	.05789163	0
826.15	0	.5847972	.357367	.05783588	0
825.15	0	.5862958	.3559247	.05777952	0
824.15	0	.5877774	.3545	.05772257	0
823.15	0	.5892422	.3530928	.05766503	0
822.15	0	.5906903	.3517027	.05760693	0
821.15	0	.592122	.3503297	.05754827	0
820.15	0	.5935374	.3489736	.05748905	0
819.15	0	.5949367	.3476341	.0574293	0
818.15	0	.59632	.346311	.05736902	0
817.15	0	.5976875	.3450042	.05730823	0
816.15	0	.5990395	.3437136	.05724693	0
815.15	0	.6003761	.3424388	.05718513	0
814.15	0	.6016974	.3411797	.05712284	0
813.15	0	.6030038	.3399362	.05706007	0
812.15	0	.6042952	.338708	.05699684	0
811.15	0	.605572	.3374949	.05693314	0
810.857	0	.6059433	.3371423	.05691439	0
810.857	0	.6059433	.3371423	.05691439	0
810.857	0	.6059433	.3371423	.05691439	0
810.15	0	.6109309	.3309436	.0553716	.002753925
809.15	0	.6178203	.3223603	.05322403	.006595455
808.15	0	.6245219	.3139865	.05111591	.01037572
807.15	0	.6310418	.3058157	.04904622	.01409625
806.15	0	.6373858	.2978417	.04701395	.01775856
805.15	0	.6435594	.2900584	.04501816	.02136407
804.15	0	.6495679	.2824601	.04305793	.02491415
803.15	0	.6554163	.2750412	.04113238	.02841012
802.15	0	.6611096	.2677965	.03924065	.03185327
801.15	0	.6666523	.2607209	.03738193	.03524481
800.15	0	.6720492	.2538095	.03555541	.03858593
799.15	0	.6773044	.2470575	.03376033	.04187777
798.15	0	.6824221	.2404605	.03199597	.04512143
797.15	0	.6874065	.234014	.03026159	.04831798
796.15	0	.6922612	.2277138	.02855652	.05146843
795.15	0	.6969901	.221556	.02688009	.05457378
794.15	0	.7015968	.2155366	.02523165	.05763499
793.15	0	.7060846	.2096518	.02361057	.06065298
792.15	0	.7104571	.203898	.02201625	.06362866
791.15	0	.7147173	.1982717	.0204481	.06656289
790.15	0	.7188684	.1927696	.01890556	.06945651
789.15	0	.7229134	.1873882	.01738807	.07231034
788.15	0	.7268552	.1821245	.01589509	.07512518
787.15	0	.7306967	.1769754	.01442611	.07790178
786.15	0	.7344405	.171938	.01298061	.0806409
785.15	0	.7380893	.1670093	.01155811	.08334326
784.15	0	.7416456	.1621867	.01015813	.08600957
783.15	0	.745112	.1574673	.008780199	.0886405
782.15	0	.7484907	.1528487	.007423866	.09123674
781.15	0	.7517841	.1483283	.00608869	.09379891
780.15	0	.7549944	.1439037	.004774242	.09632766
779.15	0	.7581239	.1395724	.003480101	.0988236
778.15	0	.7611746	.1353322	.002205859	.1012873
777.15	0	.7641486	.1311809	9.511163E-04	.1037194
776.3816	0	.7663828	.1280501	0	.1055671
776.3816	0	.7663828	.1280501	0	.1055671
776.15	0	.7664786	.1278695	0	.1056519
775.15	0	.7668858	.1270999	0	.1060143
774.15	0	.7672829	.1263469	0	.1063702
773.15	0	.7676702	.12561	0	.1067198
772.15	0	.7680479	.1248889	0	.1070632
771.15	0	.7684162	.1241833	0	.1074005
770.15	0	.7687754	.1234928	0	.1077318
769.15	0	.7691256	.1228171	0	.1080573
768.15	0	.7694671	.1221559	0	.108377
767.15	0	.7698	.1215089	0	.1086911
766.15	0	.7701246	.1208757	0	.1089997
765.15	0	.7704411	.1202561	0	.1093028
764.15	0	.7707496	.1196499	0	.1096005
763.15	0	.7710503	.1190566	0	.1098931
762.15	0	.7713434	.1184761	0	.1101805
761.15	0	.7716291	.1179081	0	.1104628
760.15	0	.7719075	.1173523	0	.1107402
759.15	0	.7721789	.1168084	0	.1110127
758.15	0	.7724433	.1162762	0	.1112805
757.15	0	.7727009	.1157556	0	.1115436
756.15	0	.7729519	.1152461	0	.1118021
755.15	0	.7731964	.1147476	0	.112056
754.15	0	.7734345	.1142599	0	.1123056
753.15	0	.7736665	.1137827	0	.1125508
752.15	0	.7738924	.1133158	0	.1127918
751.15	0	.7741124	.112859	0	.1130286
750.15	0	.7743265	.1124122	0	.1132613
749.15	0	.774535	.111975	0	.11349
748.15	0	.774738	.1115473	0	.1137147
747.15	0	.7749356	.1111289	0	.1139356
746.15	0	.7751278	.1107195	0	.1141527
745.15	0	.7753148	.1103192	0	.114366
744.15	0	.7754968	.1099275	0	.1145757
743.15	0	.7756738	.1095444	0	.1147818
742.15	0	.775846	.1091697	0	.1149844
741.15	0	.7760134	.1088032	0	.1151835
740.15	0	.7761761	.1084447	0	.1153792
739.15	0	.7763343	.1080941	0	.1155716
738.15	0	.776488	.1077512	0	.1157608
737.15	0	.7766373	.1074159	0	.1159468
736.15	0	.7767824	.107088	0	.1161296
735.15	0	.7769233	.1067673	0	.1163093
734.15	0	.7770602	.1064538	0	.116486
733.15	0	.777193	.1061472	0	.1166598
732.15	0	.7773219	.1058475	0	.1168306
731.15	0	.7774469	.1055544	0	.1169987
730.15	0	.7775682	.1052679	0	.1171639
729.15	0	.7776858	.1049879	0	.1173263
728.15	0	.7777998	.1047141	0	.1174861
727.15	0	.7779103	.1044465	0	.1176432
726.15	0	.7780173	.1041849	0	.1177977
725.15	0	.7781209	.1039293	0	.1179498
724.15	0	.7782213	.1036795	0	.1180992
723.15	0	.7783183	.1034354	0	.1182463
722.15	0	.7784122	.1031968	0	.118391
721.15	0	.778503	.1029638	0	.1185333
720.15	0	.7785907	.102736	0	.1186733
719.15	0	.7786754	.1025136	0	.118811
718.15	0	.7787572	.1022963	0	.1189465
717.15	0	.7788361	.1020841	0	.1190798
716.15	0	.7789122	.1018768	0	.119211
715.15	0	.7789856	.1016743	0	.1193401
714.15	0	.7790562	.1014766	0	.1194672
713.15	0	.7791242	.1012836	0	.1195922
712.15	0	.7791896	.1010952	0	.1197152
711.15	0	.7792524	.1009113	0	.1198363
710.15	0	.7793128	.1007317	0	.1199555
709.15	0	.7793707	.1005565	0	.1200728
708.15	0	.7794262	.1003855	0	.1201883
707.15	0	.7794794	.1002186	0	.120302
706.15	0	.7795303	.1000558	0	.1204139
705.15	0	.7795789	.09989701	0	.1205241
704.15	0	.7796253	.09974212	0	.1206326
703.15	0	.7796695	.09959107	0	.1207394
702.15	0	.7797116	.09944378	0	.1208446
701.15	0	.7797517	.09930017	0	.1209482
700.15	0	.7797896	.09916019	0	.1210502
699.15	0	.7798256	.09902375	0	.1211506
698.15	0	.7798596	.0988908	0	.1212496
697.15	0	.7798917	.09876126	0	.1213471
696.15	0	.7799219	.09863507	0	.1214431
695.15	0	.7799502	.09851216	0	.1215376
694.15	0	.7799767	.09839248	0	.1216308
693.15	0	.7800014	.09827595	0	.1217226
692.15	0	.7800244	.09816253	0	.1218131
691.15	0	.7800457	.09805215	0	.1219022
690.15	0	.7800653	.09794475	0	.12199
689.15	0	.7800832	.09784028	0	.1220765
688.15	0	.7800995	.09773868	0	.1221618
687.15	0	.7801142	.09763989	0	.1222459
686.15	0	.7801274	.09754387	0	.1223287
685.15	0	.780139	.09745056	0	.1224104
684.15	0	.7801492	.09735991	0	.1224909
683.15	0	.7801578	.09727187	0	.1225703
682.15	0	.7801651	.09718639	0	.1226486
681.15	0	.7801709	.09710342	0	.1227257
680.15	0	.7801753	.09702292	0	.1228018
679.15	0	.7801783	.09694483	0	.1228768
678.15	0	.7801801	.09686911	0	.1229508
677.15	0	.7801805	.09679573	0	.1230238
676.15	0	.7801796	.09672462	0	.1230958
675.15	0	.7801774	.09665576	0	.1231668
674.15	0	.7801741	.0965891	0	.1232369
673.15	0	.7801695	.09652459	0	.1233059
672.15	0	.7801637	.09646221	0	.1233741
671.15	0	.7801567	.0964019	0	.1234414
670.15	0	.7801486	.09634362	0	.1235078
669.15	0	.7801394	.09628735	0	.1235733
668.15	0	.780129	.09623304	0	.1236379
667.15	0	.7801176	.09618066	0	.1237017
666.15	0	.7801051	.09613016	0	.1237647
665.15	0	.7800916	.09608152	0	.1238269
664.15	0	.780077	.0960347	0	.1238883
663.15	0	.7800615	.09598966	0	.1239489
662.15	0	.7800449	.09594638	0	.1240087
661.15	0	.7800274	.09590481	0	.1240678
660.15	0	.780009	.09586494	0	.1241261
659.15	0	.7799896	.09582671	0	.1241837
658.15	0	.7799693	.09579011	0	.1242406
657.15	0	.7799481	.09575511	0	.1242969
656.15	0	.779926	.09572166	0	.1243524
655.15	0	.779903	.09568976	0	.1244072
654.15	0	.7798792	.09565935	0	.1244614
653.15	0	.7798546	.09563043	0	.124515
652.15	0	.7798292	.09560295	0	.1245679
651.15	0	.7798029	.09557689	0	.1246202
650.15	0	.7797759	.09555223	0	.1246718
649.15	0	.7797481	.09552894	0	.1247229
648.15	0	.7797196	.09550699	0	.1247734
647.15	0	.7796903	.09548636	0	.1248233
646.15	0	.7796603	.09546702	0	.1248727
645.15	0	.7796296	.09544895	0	.1249214
644.15	0	.7795982	.09543212	0	.1249697
643.15	0	.7795661	.09541652	0	.1250174
642.15	0	.7795333	.09540211	0	.1250646
641.15	0	.7794999	.09538887	0	.1251112
640.15	0	.7794658	.09537679	0	.1251574
639.15	0	.7794311	.09536583	0	.125203
638.15	0	.7793958	.09535598	0	.1252482
637.15	0	.7793599	.09534722	0	.1252929
636.15	0	.7793234	.09533953	0	.1253371
635.15	0	.7792863	.09533288	0	.1253809
634.15	0	.7792486	.09532725	0	.1254242
633.15	0	.7792103	.09532263	0	.125467
632.15	0	.7791716	.095319	0	.1255094
631.15	0	.7791322	.09531633	0	.1255514
630.15	0	.7790924	.09531461	0	.125593
629.15	0	.779052	.09531382	0	.1256342
628.15	0	.7790111	.09531394	0	.1256749
627.15	0	.7789698	.09531495	0	.1257153
626.15	0	.7789279	.09531683	0	.1257553
625.15	0	.7788856	.09531958	0	.1257949
624.15	0	.7788428	.09532316	0	.1258341
623.15	0	.7787995	.09532757	0	.1258729
622.15	0	.7787558	.09533278	0	.1259114
621.15	0	.7787117	.09533879	0	.1259495
620.15	0	.7786671	.09534557	0	.1259873
619.15	0	.7786221	.09535311	0	.1260248
618.15	0	.7785767	.09536139	0	.1260619
617.15	0	.7785309	.0953704	0	.1260987
616.15	0	.7784847	.09538013	0	.1261351
615.15	0	.7784382	.09539055	0	.1261713
614.15	0	.7783912	.09540166	0	.1262071
613.15	0	.7783439	.09541344	0	.1262427
612.15	0	.7782962	.09542587	0	.1262779
611.15	0	.7782482	.09543895	0	.1263129
610.15	0	.7781999	.09545265	0	.1263475
609.15	0	.7781512	.09546697	0	.1263819
608.15	0	.7781021	.09548189	0	.126416
607.15	0	.7780528	.09549739	0	.1264498
606.15	0	.7780031	.09551348	0	.1264834
605.15	0	.7779532	.09553012	0	.1265167
604.15	0	.7779029	.09554732	0	.1265498
603.15	0	.7778524	.09556506	0	.1265826
602.15	0	.7778015	.09558332	0	.1266151
601.15	0	.7777504	.09560209	0	.1266475
600.15	0	.7776991	.09562137	0	.1266796
599.15	0	.7776474	.09564114	0	.1267114
598.15	0	.7775955	.09566139	0	.1267431
597.15	0	.7775434	.09568211	0	.1267745
596.15	0	.777491	.09570329	0	.1268057
595.15	0	.7774384	.09572491	0	.1268367
594.15	0	.7773855	.09574697	0	.1268675
593.15	0	.7773325	.09576945	0	.1268981
592.15	0	.7772792	.09579235	0	.1269285
591.15	0	.7772257	.09581565	0	.1269587
590.15	0	.777172	.09583935	0	.1269887
589.15	0	.7771181	.09586343	0	.1270185
588.15	0	.777064	.09588789	0	.1270481
587.15	0	.7770097	.09591271	0	.1270776
586.15	0	.7769552	.09593789	0	.1271069
585.15	0	.7769006	.09596341	0	.127136
584.15	0	.7768458	.09598927	0	.1271649
583.15	0	.7767908	.09601545	0	.1271937
582.15	0	.7767357	.09604196	0	.1272224
581.15	0	.7766804	.09606877	0	.1272508
580.15	0	.7766249	.09609589	0	.1272792
579.15	0	.7765694	.09612329	0	.1273074
578.15	0	.7765136	.09615098	0	.1273354
577.15	0	.7764578	.09617895	0	.1273633
576.15	0	.7764018	.09620718	0	.127391
575.15	0	.7763457	.09623567	0	.1274187
574.15	0	.7762894	.09626441	0	.1274462
573.15	0	.7762331	.09629339	0	.1274735
572.15	0	.7761766	.0963226	0	.1275008
571.15	0	.7761201	.09635205	0	.1275279
570.15	0	.7760634	.09638171	0	.1275549
569.15	0	.7760066	.09641158	0	.1275818
568.15	0	.7759498	.09644165	0	.1276086
567.15	0	.7758928	.09647192	0	.1276352
566.15	0	.7758358	.09650238	0	.1276618
565.15	0	.7757787	.09653302	0	.1276883
564.15	0	.7757215	.09656383	0	.1277146
563.15	0	.7756643	.09659481	0	.1277409
562.15	0	.775607	.09662595	0	.1277671
561.15	0	.7755496	.09665724	0	.1277931
560.15	0	.7754922	.09668868	0	.1278191
559.15	0	.7754347	.09672026	0	.1278451
558.15	0	.7753772	.09675197	0	.1278709
557.15	0	.7753196	.09678381	0	.1278966
556.15	0	.7752619	.09681576	0	.1279223
555.15	0	.7752043	.09684783	0	.1279479
554.15	0	.7751466	.09688001	0	.1279734
553.15	0	.7750889	.09691228	0	.1279989
552.15	0	.7750311	.09694465	0	.1280243
551.15	0	.7749733	.09697711	0	.1280496
550.15	0	.7749155	.09700965	0	.1280748
549.15	0	.7748577	.09704227	0	.1281
548.15	0	.7747999	.09707495	0	.1281252
547.15	0	.7747421	.0971077	0	.1281502
546.15	0	.7746842	.09714051	0	.1281753
545.15	0	.7746264	.09717337	0	.1282003
544.15	0	.7745685	.09720628	0	.1282252
543.15	0	.7745107	.09723923	0	.1282501
542.15	0	.7744529	.09727222	0	.1282749
541.15	0	.774395	.09730523	0	.1282997
540.15	0	.7743372	.09733827	0	.1283245
539.15	0	.7742795	.09737133	0	.1283492
538.15	0	.7742217	.0974044	0	.1283739
537.15	0	.7741639	.09743748	0	.1283986
536.15	0	.7741062	.09747056	0	.1284232
535.15	0	.7740486	.09750365	0	.1284478
534.15	0	.7739909	.09753672	0	.1284724
533.15	0	.7739333	.09756979	0	.1284969
532.15	0	.7738757	.09760283	0	.1285215
531.15	0	.7738182	.09763586	0	.128546
530.15	0	.7737607	.09766886	0	.1285705
529.15	0	.7737033	.09770182	0	.1285949
528.15	0	.7736459	.09773475	0	.1286194
527.15	0	.7735886	.09776764	0	.1286438
526.15	0	.7735313	.09780048	0	.1286683
525.15	0	.7734741	.09783328	0	.1286927
524.15	0	.7734169	.09786601	0	.1287171
523.15	0	.7733598	.09789869	0	.1287415
522.15	0	.7733028	.0979313	0	.1287659
521.15	0	.7732459	.09796385	0	.1287903
520.15	0	.773189	.09799632	0	.1288147
519.15	0	.7731322	.09802871	0	.1288391
518.15	0	.7730755	.09806102	0	.1288635
517.15	0	.7730188	.09809324	0	.1288879
516.15	0	.7729623	.09812538	0	.1289123
515.15	0	.7729058	.09815742	0	.1289368
514.15	0	.7728494	.09818936	0	.1289612
513.15	0	.7727932	.09822119	0	.1289857
512.15	0	.772737	.09825292	0	.1290101
511.15	0	.7726809	.09828454	0	.1290346
510.15	0	.7726249	.09831604	0	.1290591
509.15	0	.772569	.09834743	0	.1290836
508.15	0	.7725132	.09837869	0	.1291081
507.15	0	.7724575	.09840982	0	.1291327
506.15	0	.772402	.09844082	0	.1291572
505.15	0	.7723465	.09847169	0	.1291818
504.15	0	.7722912	.09850242	0	.1292064
503.15	0	.7722359	.098533	0	.1292311
502.15	0	.7721808	.09856344	0	.1292557
501.15	0	.7721258	.09859373	0	.1292804
500.15	0	.772071	.09862387	0	.1293052
499.15	0	.7720162	.09865385	0	.1293299
498.15	0	.7719616	.09868367	0	.1293547
497.15	0	.7719071	.09871332	0	.1293795
496.15	0	.7718528	.0987428	0	.1294044
495.15	0	.7717986	.09877212	0	.1294293
494.15	0	.7717445	.09880126	0	.1294542
493.15	0	.7716906	.09883022	0	.1294792
492.15	0	.7716368	.098859	0	.1295042
491.15	0	.7715831	.09888759	0	.1295293
490.15	0	.7715296	.098916	0	.1295544
489.15	0	.7714763	.09894421	0	.1295795
488.15	0	.771423	.09897223	0	.1296047
487.15	0	.77137	.09900005	0	.12963
486.15	0	.7713171	.09902767	0	.1296552
485.15	0	.7712643	.09905509	0	.1296806
484.15	0	.7712117	.0990823	0	.129706
483.15	0	.7711593	.09910929	0	.1297314
482.15	0	.771107	.09913607	0	.1297569
481.15	0	.7710549	.09916264	0	.1297824
480.15	0	.771003	.09918899	0	.129808
479.15	0	.7709512	.09921511	0	.1298337
478.15	0	.7708996	.09924101	0	.1298594
477.15	0	.7708482	.09926668	0	.1298851
476.15	0	.770797	.09929211	0	.1299109
475.15	0	.7707459	.09931731	0	.1299368
474.15	0	.770695	.09934228	0	.1299627
473.15	0	.7706443	.099367	0	.1299887
472.15	0	.7705937	.09939148	0	.1300148
471.15	0	.7705434	.09941572	0	.1300409
470.15	0	.7704932	.09943971	0	.1300671
469.15	0	.7704432	.09946344	0	.1300933
468.15	0	.7703934	.09948692	0	.1301197
467.15	0	.7703438	.09951015	0	.130146
466.15	0	.7702944	.09953312	0	.1301725
465.15	0	.7702452	.09955582	0	.130199
464.15	0	.7701962	.09957826	0	.1302256
463.15	0	.7701474	.09960044	0	.1302522
462.15	0	.7700987	.09962234	0	.1302789
461.15	0	.7700503	.09964397	0	.1303057
460.15	0	.7700021	.09966533	0	.1303326
459.15	0	.7699541	.09968641	0	.1303595
458.15	0	.7699063	.09970722	0	.1303865
457.15	0	.7698587	.09972774	0	.1304136
456.15	0	.7698113	.09974798	0	.1304407
455.15	0	.7697641	.09976793	0	.1304679
454.15	0	.7697172	.09978759	0	.1304952
453.15	0	.7696704	.09980697	0	.1305226
452.15	0	.7696239	.09982605	0	.1305501
451.15	0	.7695776	.09984483	0	.1305776
450.15	0	.7695315	.09986332	0	.1306052
449.15	0	.7694857	.09988143	0	.1306329
448.15	0	.7694402	.09989921	0	.1306606
447.15	0	.7693949	.09991668	0	.1306885
446.15	0	.7693498	.09993382	0	.1307164
445.15	0	.769305	.09995062	0	.1307444
444.15	0	.7692604	.09996707	0	.1307725
443.15	0	.7692162	.09998316	0	.1308007
442.15	0	.7691722	.09999889	0	.1308289
441.15	0	.7691285	.1000142	0	.1308573
440.15	0	.769085	.1000292	0	.1308857
439.15	0	.7690419	.1000438	0	.1309143
438.15	0	.7689991	.100058	0	.1309429
437.15	0	.7689567	.1000718	0	.1309716
436.15	0	.7689145	.1000851	0	.1310004
435.15	0	.7688726	.1000981	0	.1310293
434.15	0	.7688311	.1001106	0	.1310583
433.15	0	.76879	.1001227	0	.1310873
432.15	0	.7687491	.1001344	0	.1311165
431.15	0	.7687086	.1001456	0	.1311458
430.15	0	.7686685	.1001564	0	.1311751
429.15	0	.7686287	.1001667	0	.1312046
428.15	0	.7685893	.1001766	0	.1312341
427.15	0	.7685503	.100186	0	.1312638
426.15	0	.7685116	.100195	0	.1312935
425.15	0	.7684732	.1002034	0	.1313233
424.15	0	.7684353	.1002115	0	.1313533
423.15	0	.7683977	.100219	0	.1313833
422.15	0	.7683605	.1002261	0	.1314134
421.15	0	.7683237	.1002327	0	.1314436
420.15	0	.7682873	.1002388	0	.1314739
419.15	0	.7682512	.1002444	0	.1315044
418.15	0	.7682156	.1002496	0	.1315349
417.15	0	.7681803	.1002542	0	.1315655
416.15	0	.7681454	.1002584	0	.1315962
415.15	0	.7681109	.1002621	0	.131627
