T	 BPW(LIQUID)	BPW(BCC_A2)	BPW(FCC_A1)	BPW(LAVES_PHASE_C14)	BPW(NI3TI)
1473.15	.02988336	.9701166	0	0	0
1472.15	.02795406	.9720459	0	0	0
1471.15	.02603667	.9739633	0	0	0
1470.15	.02413109	.9758689	0	0	0
1469.15	.0222372	.9777628	0	0	0
1468.15	.02035491	.9796451	0	0	0
1467.15	.01848411	.9815159	0	0	0
1466.15	.0166247	.9833753	0	0	0
1465.15	.01477657	.9852234	0	0	0
1464.15	.01293963	.9870604	0	0	0
1463.15	.01111378	.9888862	0	0	0
1462.15	.009298922	.9907011	0	0	0
1461.15	.007494956	.992505	0	0	0
1460.15	.00570179	.9942982	0	0	0
1459.15	.003919329	.9960807	0	0	0
1458.15	.002147482	.9978525	0	0	0
1457.15	3.861556E-04	.9996138	0	0	0
1456.93	0	1	0	0	0
1456.93	0	1	0	0	0
1456.15	0	1	0	0	0
1455.15	0	1	0	0	0
1454.15	0	1	0	0	0
1453.15	0	1	0	0	0
1452.15	0	1	0	0	0
1451.15	0	1	0	0	0
1450.15	0	1	0	0	0
1449.15	0	1	0	0	0
1448.15	0	1	0	0	0
1447.15	0	1	0	0	0
1446.15	0	1	0	0	0
1445.15	0	1	0	0	0
1444.15	0	1	0	0	0
1443.15	0	1	0	0	0
1442.15	0	1	0	0	0
1441.15	0	1	0	0	0
1440.15	0	1	0	0	0
1439.15	0	1	0	0	0
1438.15	0	1	0	0	0
1437.15	0	1	0	0	0
1436.15	0	1	0	0	0
1435.15	0	1	0	0	0
1434.15	0	1	0	0	0
1433.15	0	1	0	0	0
1432.15	0	1	0	0	0
1431.15	0	1	0	0	0
1430.15	0	1	0	0	0
1429.15	0	1	0	0	0
1428.15	0	1	0	0	0
1427.15	0	1	0	0	0
1426.15	0	1	0	0	0
1425.15	0	1	0	0	0
1424.15	0	1	0	0	0
1423.15	0	1	0	0	0
1422.15	0	1	0	0	0
1421.15	0	1	0	0	0
1420.15	0	1	0	0	0
1419.15	0	1	0	0	0
1418.15	0	1	0	0	0
1417.15	0	1	0	0	0
1416.15	0	1	0	0	0
1415.15	0	1	0	0	0
1414.15	0	1	0	0	0
1413.15	0	1	0	0	0
1412.15	0	1	0	0	0
1411.15	0	1	0	0	0
1410.15	0	1	0	0	0
1409.15	0	1	0	0	0
1408.15	0	1	0	0	0
1407.15	0	1	0	0	0
1406.15	0	1	0	0	0
1405.15	0	1	0	0	0
1404.15	0	1	0	0	0
1403.15	0	1	0	0	0
1402.15	0	1	0	0	0
1401.15	0	1	0	0	0
1400.15	0	1	0	0	0
1399.15	0	1	0	0	0
1398.15	0	1	0	0	0
1397.15	0	1	0	0	0
1396.15	0	1	0	0	0
1395.15	0	1	0	0	0
1394.15	0	1	0	0	0
1393.15	0	1	0	0	0
1392.15	0	1	0	0	0
1391.15	0	1	0	0	0
1390.15	0	1	0	0	0
1389.15	0	1	0	0	0
1388.15	0	1	0	0	0
1387.15	0	1	0	0	0
1386.15	0	1	0	0	0
1385.15	0	1	0	0	0
1384.15	0	1	0	0	0
1383.15	0	1	0	0	0
1382.15	0	1	0	0	0
1381.15	0	1	0	0	0
1380.15	0	1	0	0	0
1379.15	0	1	0	0	0
1378.15	0	1	0	0	0
1377.15	0	1	0	0	0
1376.15	0	1	0	0	0
1375.15	0	1	0	0	0
1374.15	0	1	0	0	0
1373.15	0	1	0	0	0
1372.15	0	1	0	0	0
1371.15	0	1	0	0	0
1370.15	0	1	0	0	0
1369.15	0	1	0	0	0
1368.15	0	1	0	0	0
1367.15	0	1	0	0	0
1366.15	0	1	0	0	0
1365.15	0	1	0	0	0
1364.15	0	1	0	0	0
1363.15	0	1	0	0	0
1362.15	0	1	0	0	0
1361.15	0	1	0	0	0
1360.15	0	1	0	0	0
1359.15	0	1	0	0	0
1358.15	0	1	0	0	0
1357.15	0	1	0	0	0
1356.15	0	1	0	0	0
1355.15	0	1	0	0	0
1354.15	0	1	0	0	0
1353.15	0	1	0	0	0
1352.15	0	1	0	0	0
1351.15	0	1	0	0	0
1350.15	0	1	0	0	0
1349.15	0	1	0	0	0
1348.15	0	1	0	0	0
1347.15	0	1	0	0	0
1346.15	0	1	0	0	0
1345.15	0	1	0	0	0
1344.15	0	1	0	0	0
1343.15	0	1	0	0	0
1342.15	0	1	0	0	0
1341.15	0	1	0	0	0
1340.15	0	1	0	0	0
1339.15	0	1	0	0	0
1338.15	0	1	0	0	0
1337.15	0	1	0	0	0
1336.15	0	1	0	0	0
1335.15	0	1	0	0	0
1334.15	0	1	0	0	0
1333.15	0	1	0	0	0
1332.15	0	1	0	0	0
1331.15	0	1	0	0	0
1330.15	0	1	0	0	0
1329.15	0	1	0	0	0
1328.15	0	1	0	0	0
1327.15	0	1	0	0	0
1326.15	0	1	0	0	0
1325.15	0	1	0	0	0
1324.15	0	1	0	0	0
1323.15	0	1	0	0	0
1322.15	0	1	0	0	0
1321.15	0	1	0	0	0
1320.15	0	1	0	0	0
1319.15	0	1	0	0	0
1318.15	0	1	0	0	0
1317.15	0	1	0	0	0
1316.15	0	1	0	0	0
1315.15	0	1	0	0	0
1314.15	0	1	0	0	0
1313.15	0	1	0	0	0
1312.15	0	1	0	0	0
1311.15	0	1	0	0	0
1310.15	0	1	0	0	0
1309.15	0	1	0	0	0
1308.15	0	1	0	0	0
1307.15	0	1	0	0	0
1306.15	0	1	0	0	0
1305.15	0	1	0	0	0
1304.15	0	1	0	0	0
1303.15	0	1	0	0	0
1302.15	0	1	0	0	0
1301.15	0	1	0	0	0
1300.15	0	1	0	0	0
1299.15	0	1	0	0	0
1298.15	0	1	0	0	0
1297.15	0	1	0	0	0
1296.15	0	1	0	0	0
1295.15	0	1	0	0	0
1294.15	0	1	0	0	0
1293.15	0	1	0	0	0
1292.15	0	1	0	0	0
1291.15	0	1	0	0	0
1290.15	0	1	0	0	0
1289.15	0	1	0	0	0
1288.15	0	1	0	0	0
1287.15	0	1	0	0	0
1286.15	0	1	0	0	0
1285.15	0	1	0	0	0
1284.15	0	1	0	0	0
1283.15	0	1	0	0	0
1282.15	0	1	0	0	0
1281.15	0	1	0	0	0
1280.15	0	1	0	0	0
1279.15	0	1	0	0	0
1278.15	0	1	0	0	0
1277.15	0	1	0	0	0
1276.15	0	1	0	0	0
1275.15	0	1	0	0	0
1274.15	0	1	0	0	0
1273.15	0	1	0	0	0
1272.15	0	1	0	0	0
1271.15	0	1	0	0	0
1270.15	0	1	0	0	0
1269.15	0	1	0	0	0
1268.15	0	1	0	0	0
1267.15	0	1	0	0	0
1266.15	0	1	0	0	0
1265.15	0	1	0	0	0
1264.15	0	1	0	0	0
1263.15	0	1	0	0	0
1262.15	0	1	0	0	0
1261.15	0	1	0	0	0
1260.15	0	1	0	0	0
1259.15	0	1	0	0	0
1258.15	0	1	0	0	0
1257.15	0	1	0	0	0
1256.15	0	1	0	0	0
1255.15	0	1	0	0	0
1254.15	0	1	0	0	0
1253.15	0	1	0	0	0
1252.15	0	1	0	0	0
1251.15	0	1	0	0	0
1250.15	0	1	0	0	0
1249.15	0	1	0	0	0
1248.15	0	1	0	0	0
1247.15	0	1	0	0	0
1246.15	0	1	0	0	0
1245.15	0	1	0	0	0
1244.15	0	1	0	0	0
1243.15	0	1	0	0	0
1242.15	0	1	0	0	0
1241.15	0	1	0	0	0
1240.15	0	1	0	0	0
1239.15	0	1	0	0	0
1238.15	0	1	0	0	0
1237.15	0	1	0	0	0
1236.15	0	1	0	0	0
1235.15	0	1	0	0	0
1234.15	0	1	0	0	0
1233.15	0	1	0	0	0
1232.15	0	1	0	0	0
1231.15	0	1	0	0	0
1230.15	0	1	0	0	0
1229.15	0	1	0	0	0
1228.15	0	1	0	0	0
1227.15	0	1	0	0	0
1226.15	0	1	0	0	0
1225.15	0	1	0	0	0
1224.15	0	1	0	0	0
1223.15	0	1	0	0	0
1223.076	0	1	0	0	0
1223.076	0	1	0	0	0
1223.076	0	1	0	0	0
1222.15	0	.998885	.001114964	0	0
1221.15	0	.9976836	.002316447	0	0
1220.15	0	.9964843	.003515737	0	0
1219.15	0	.9952872	.00471283	0	0
1218.15	0	.9940923	.005907726	0	0
1217.15	0	.9928996	.00710042	0	0
1216.15	0	.9917091	.008290911	0	0
1215.15	0	.9905208	.009479196	0	0
1214.15	0	.9893347	.01066527	0	0
1213.15	0	.9881509	.01184914	0	0
1212.15	0	.9869692	.01303079	0	0
1211.15	0	.9857898	.01421022	0	0
1210.15	0	.9846126	.01538743	0	0
1209.15	0	.9834376	.01656243	0	0
1208.15	0	.9822648	.01773519	0	0
1207.15	0	.9810943	.01890573	0	0
1206.15	0	.979926	.02007404	0	0
1205.15	0	.9787599	.02124011	0	0
1204.15	0	.9775961	.02240394	0	0
1203.15	0	.9764345	.02356554	0	0
1202.15	0	.9752751	.02472489	0	0
1201.15	0	.974118	.02588199	0	0
1200.15	0	.9729632	.02703685	0	0
1199.15	0	.9718106	.02818945	0	0
1198.15	0	.9706602	.02933979	0	0
1197.15	0	.9695121	.03048788	0	0
1196.15	0	.9683663	.0316337	0	0
1195.15	0	.9672227	.03277726	0	0
1194.15	0	.9660815	.03391854	0	0
1193.15	0	.9649424	.03505756	0	0
1192.15	0	.9638057	.03619429	0	0
1191.15	0	.9626713	.03732875	0	0
1190.15	0	.9615391	.03846092	0	0
1189.15	0	.9604092	.03959081	0	0
1188.15	0	.9592816	.04071841	0	0
1187.15	0	.9581563	.04184371	0	0
1186.15	0	.9570333	.04296671	0	0
1185.15	0	.9559126	.04408741	0	0
1184.15	0	.9547942	.0452058	0	0
1183.15	0	.9536781	.04632188	0	0
1182.15	0	.9525643	.04743565	0	0
1181.15	0	.9514529	.04854711	0	0
1180.15	0	.9503438	.04965624	0	0
1179.15	0	.949237	.05076304	0	0
1178.15	0	.9481325	.05186752	0	0
1177.15	0	.9470303	.05296966	0	0
1176.15	0	.9459305	.05406946	0	0
1175.15	0	.9448331	.05516692	0	0
1174.15	0	.943738	.05626204	0	0
1173.15	0	.9426452	.0573548	0	0
1172.15	0	.9415548	.05844521	0	0
1171.15	0	.9404667	.05953326	0	0
1170.15	0	.9393811	.06061894	0	0
1169.15	0	.9382977	.06170226	0	0
1168.15	0	.9372168	.0627832	0	0
1167.15	0	.9361382	.06386177	0	0
1166.15	0	.935062	.06493795	0	0
1165.15	0	.9339883	.06601175	0	0
1164.15	0	.9329169	.06708315	0	0
1163.15	0	.9318478	.06815216	0	0
1162.15	0	.9307812	.06921877	0	0
1161.15	0	.929717	.07028297	0	0
1160.15	0	.9286552	.07134477	0	0
1159.15	0	.9275959	.07240414	0	0
1158.15	0	.9265389	.0734611	0	0
1157.15	0	.9254844	.07451563	0	0
1156.15	0	.9244323	.07556773	0	0
1155.15	0	.9233826	.07661739	0	0
1154.15	0	.9223353	.07766465	0	0
1153.15	0	.9212906	.07870942	0	0
1152.15	0	.9202483	.07975175	0	0
1151.15	0	.9192084	.08079162	0	0
1150.15	0	.918171	.08182902	0	0
1149.15	0	.917136	.08286396	0	0
1148.15	0	.9161036	.08389643	0	0
1147.15	0	.9150736	.08492642	0	0
1146.15	0	.9140461	.08595392	0	0
1145.15	0	.9130211	.08697894	0	0
1144.15	0	.9119985	.08800146	0	0
1143.15	0	.9109785	.08902148	0	0
1142.15	0	.909961	.09003899	0	0
1141.15	0	.908946	.09105399	0	0
1140.15	0	.9079335	.09206648	0	0
1139.15	0	.9069236	.09307644	0	0
1138.15	0	.9059161	.09408387	0	0
1137.15	0	.9049112	.09508876	0	0
1136.15	0	.9039089	.09609112	0	0
1135.15	0	.9029091	.09709092	0	0
1134.15	0	.9019118	.09808817	0	0
1133.15	0	.9009171	.09908287	0	0
1132.15	0	.899925	.100075	0	0
1131.15	0	.8989355	.1010645	0	0
1130.15	0	.8979485	.1020515	0	0
1129.15	0	.8969641	.1030359	0	0
1128.15	0	.8959823	.1040177	0	0
1127.15	0	.8950031	.1049969	0	0
1126.15	0	.8940265	.1059735	0	0
1125.15	0	.8930525	.1069475	0	0
1124.15	0	.8920811	.1079188	0	0
1123.15	0	.8911124	.1088876	0	0
1122.15	0	.8901463	.1098537	0	0
1121.15	0	.8891828	.1108172	0	0
1120.15	0	.888222	.111778	0	0
1119.15	0	.8872638	.1127362	0	0
1118.15	0	.8863083	.1136917	0	0
1117.15	0	.8853555	.1146446	0	0
1116.15	0	.8844053	.1155947	0	0
1115.15	0	.8834578	.1165422	0	0
1114.15	0	.8825129	.117487	0	0
1113.15	0	.8815708	.1184292	0	0
1112.15	0	.8806314	.1193686	0	0
1111.15	0	.8796947	.1203053	0	0
1110.15	0	.8787607	.1212393	0	0
1109.15	0	.8778294	.1221706	0	0
1108.15	0	.8769009	.1230991	0	0
1107.15	0	.8759751	.1240249	0	0
1106.15	0	.875052	.124948	0	0
1105.15	0	.8741317	.1258683	0	0
1104.15	0	.8732142	.1267858	0	0
1103.15	0	.8722994	.1277006	0	0
1102.15	0	.8713874	.1286126	0	0
1101.15	0	.8704782	.1295218	0	0
1100.15	0	.8695718	.1304282	0	0
1099.15	0	.8686682	.1313318	0	0
1098.15	0	.8677674	.1322326	0	0
1097.15	0	.8668694	.1331306	0	0
1096.15	0	.8659742	.1340258	0	0
1095.15	0	.8650818	.1349182	0	0
1094.15	0	.8641923	.1358077	0	0
1093.15	0	.8633057	.1366943	0	0
1092.15	0	.8624219	.1375781	0	0
1091.15	0	.861541	.138459	0	0
1090.15	0	.8606629	.1393371	0	0
1089.15	0	.8597877	.1402123	0	0
1088.15	0	.8589154	.1410846	0	0
1087.15	0	.858046	.141954	0	0
1086.15	0	.8571796	.1428205	0	0
1085.15	0	.856316	.143684	0	0
1084.15	0	.8554553	.1445447	0	0
1083.15	0	.8545976	.1454024	0	0
1082.15	0	.8537429	.1462572	0	0
1081.15	0	.852891	.147109	0	0
1080.15	0	.8520422	.1479578	0	0
1079.15	0	.8511963	.1488037	0	0
1078.15	0	.8503534	.1496466	0	0
1077.15	0	.8495134	.1504866	0	0
1076.15	0	.8486765	.1513235	0	0
1075.15	0	.8478425	.1521575	0	0
1074.15	0	.8470116	.1529884	0	0
1073.15	0	.8461837	.1538163	0	0
1072.15	0	.8453588	.1546412	0	0
1071.15	0	.844537	.155463	0	0
1070.15	0	.8437182	.1562818	0	0
1069.15	0	.8429025	.1570975	0	0
1068.15	0	.8420898	.1579102	0	0
1067.15	0	.8412802	.1587198	0	0
1066.15	0	.8404737	.1595263	0	0
1065.15	0	.8396703	.1603297	0	0
1064.911	0	.8394785	.1605215	0	0
1064.911	0	.8394785	.1605215	0	0
1064.911	0	.8394785	.1605215	0	0
1064.15	0	.838723	.1609931	2.83899E-04	0
1063.15	0	.8377333	.1616105	6.562281E-04	0
1062.15	0	.8367475	.1622249	.001027579	0
1061.15	0	.8357657	.1628363	.001397952	0
1060.15	0	.8347879	.1634448	.001767349	0
1059.15	0	.833814	.1640503	.00213577	0
1058.15	0	.832844	.1646527	.002503217	0
1057.15	0	.8318781	.1652522	.002869691	0
1056.15	0	.8309161	.1658487	.003235191	0
1055.15	0	.829958	.1664423	.00359972	0
1054.15	0	.829004	.1670328	.003963278	0
1053.15	0	.8280539	.1676203	.004325866	0
1052.15	0	.8271077	.1682048	.004687484	0
1051.15	0	.8261656	.1687863	.005048133	0
1050.15	0	.8252274	.1693648	.005407814	0
1049.15	0	.8242931	.1699403	.005766528	0
1048.15	0	.8233629	.1705128	.006124275	0
1047.15	0	.8224367	.1710823	.006481056	0
1046.15	0	.8215144	.1716488	.006836871	0
1045.15	0	.8205961	.1722122	.007191722	0
1044.15	0	.8196818	.1727726	.007545607	0
1043.15	0	.8187715	.17333	.007898529	0
1042.15	0	.8178651	.1738844	.008250486	0
1041.15	0	.8169628	.1744357	.008601481	0
1040.15	0	.8160645	.174984	.008951512	0
1039.15	0	.8151701	.1755293	.009300581	0
1038.15	0	.8142798	.1760715	.009648688	0
1037.15	0	.8133934	.1766107	.009995833	0
1036.15	0	.8125111	.1771469	.01034201	0
1035.15	0	.8116328	.17768	.01068724	0
1034.15	0	.8107584	.1782101	.0110315	0
1033.15	0	.8098881	.1787371	.01137479	0
1032.15	0	.8090218	.1792611	.01171713	0
1031.15	0	.8081595	.179782	.01205851	0
1030.15	0	.8073013	.1802998	.01239892	0
1029.15	0	.806447	.1808146	.01273837	0
1028.15	0	.8055968	.1813264	.01307686	0
1027.15	0	.8047506	.181835	.01341439	0
1026.15	0	.8039084	.1823406	.01375096	0
1025.15	0	.8030702	.1828432	.01408657	0
1024.15	0	.8022361	.1833427	.01442121	0
1023.15	0	.801406	.1838391	.01475489	0
1022.15	0	.80058	.1843324	.01508761	0
1021.15	0	.799758	.1848226	.01541937	0
1020.15	0	.79894	.1853098	.01575016	0
1019.15	0	.7981261	.1857939	.01607999	0
1018.15	0	.7973162	.1862749	.01640885	0
1017.15	0	.7965104	.1867529	.01673675	0
1016.15	0	.7957086	.1872277	.01706368	0
1015.15	0	.7949109	.1876995	.01738965	0
1014.15	0	.7941172	.1881682	.01771465	0
1013.15	0	.7933276	.1886337	.01803868	0
1012.15	0	.792542	.1890962	.01836175	0
1011.15	0	.7917605	.1895556	.01868384	0
1010.15	0	.7909831	.190012	.01900497	0
1009.15	0	.7902097	.1904652	.01932512	0
1008.15	0	.7894404	.1909153	.0196443	0
1007.15	0	.7886752	.1913623	.01996251	0
1006.15	0	.787914	.1918063	.02027974	0
1005.15	0	.7871569	.1922471	.020596	0
1004.15	0	.7864039	.1926848	.02091128	0
1003.15	0	.785655	.1931195	.02122559	0
1002.15	0	.7849101	.193551	.02153891	0
1001.15	0	.7841693	.1939794	.02185126	0
1000.15	0	.7834326	.1944048	.02216263	0
999.15	0	.7827	.194827	.02247301	0
998.15	0	.7819714	.1952462	.0227824	0
997.15	0	.781247	.1956622	.02309081	0
996.15	0	.7805266	.1960752	.02339824	0
995.15	0	.7798103	.196485	.02370467	0
994.15	0	.7790981	.1968918	.02401011	0
993.15	0	.77839	.1972954	.02431456	0
992.15	0	.777686	.197696	.02461802	0
991.15	0	.7769861	.1980935	.02492048	0
990.15	0	.7762902	.1984878	.02522194	0
989.15	0	.7755985	.1988791	.0255224	0
988.15	0	.7749108	.1992673	.02582185	0
987.15	0	.7742273	.1996524	.0261203	0
986.15	0	.7735478	.2000344	.02641775	0
985.15	0	.7728724	.2004134	.02671418	0
984.15	0	.7722011	.2007893	.02700961	0
983.15	0	.771534	.201162	.02730402	0
982.15	0	.7708708	.2015318	.02759741	0
981.15	0	.7702118	.2018984	.02788978	0
980.15	0	.7695569	.202262	.02818113	0
979.15	0	.7689061	.2026225	.02847146	0
978.15	0	.7682593	.2029799	.02876076	0
977.15	0	.7676167	.2033343	.02904903	0
976.15	0	.7669781	.2036857	.02933626	0
975.15	0	.7663436	.204034	.02962246	0
974.15	0	.7657131	.2043792	.02990762	0
973.15	0	.7650868	.2047215	.03019174	0
972.15	0	.7644645	.2050606	.03047481	0
971.15	0	.7638463	.2053968	.03075683	0
970.15	0	.7632322	.20573	.0310378	0
969.15	0	.7626222	.2060601	.03131772	0
968.15	0	.7620162	.2063873	.03159657	0
967.15	0	.7614142	.2067114	.03187436	0
966.15	0	.7608163	.2070326	.03215108	0
965.15	0	.7602225	.2073508	.03242673	0
964.15	0	.7596327	.207666	.03270131	0
963.15	0	.759047	.2079782	.03297481	0
962.15	0	.7584653	.2082875	.03324722	0
961.15	0	.7578876	.2085938	.03351855	0
960.15	0	.757314	.2088973	.03378878	0
959.15	0	.7567443	.2091977	.03405792	0
958.15	0	.7561787	.2094953	.03432596	0
957.15	0	.7556171	.20979	.03459289	0
956.15	0	.7550595	.2100818	.03485871	0
955.15	0	.7545059	.2103707	.03512342	0
954.15	0	.7539562	.2106567	.03538701	0
953.15	0	.7534106	.2109399	.03564947	0
952.15	0	.7528689	.2112203	.0359108	0
951.15	0	.7523312	.2114978	.03617099	0
950.15	0	.7517974	.2117726	.03643005	0
949.15	0	.7512675	.2120445	.03668796	0
948.15	0	.7507416	.2123137	.03694471	0
947.15	0	.7502196	.2125801	.03720031	0
946.15	0	.7497015	.2128438	.03745474	0
945.15	0	.7491873	.2131047	.03770801	0
944.15	0	.7486769	.213363	.03796009	0
943.15	0	.7481705	.2136185	.038211	0
942.15	0	.7476678	.2138714	.03846071	0
941.15	0	.7471691	.2141217	.03870923	0
940.15	0	.7466741	.2143693	.03895655	0
939.15	0	.746183	.2146144	.03920266	0
938.15	0	.7456956	.2148568	.03944755	0
937.15	0	.745212	.2150968	.03969122	0
936.15	0	.7447322	.2153341	.03993366	0
935.15	0	.7442561	.215569	.04017486	0
934.15	0	.7437838	.2158014	.04041481	0
933.15	0	.7433151	.2160314	.04065352	0
932.15	0	.7428502	.2162589	.04089096	0
931.15	0	.7423889	.216484	.04112713	0
930.15	0	.7419312	.2167068	.04136202	0
929.15	0	.7414771	.2169272	.04159563	0
928.15	0	.7410267	.2171454	.04182795	0
927.15	0	.7405798	.2173613	.04205896	0
926.15	0	.7401365	.2175749	.04228865	0
925.15	0	.7396966	.2177863	.04251703	0
924.15	0	.7392603	.2179956	.04274407	0
923.15	0	.7388275	.2182028	.04296978	0
922.15	0	.738398	.2184078	.04319413	0
921.15	0	.737972	.2186108	.04341713	0
920.15	0	.7375494	.2188118	.04363875	0
919.15	0	.7371301	.2190109	.043859	0
918.15	0	.7367142	.219208	.04407785	0
917.15	0	.7363015	.2194032	.0442953	0
916.15	0	.735892	.2195966	.04451134	0
915.15	0	.7354858	.2197883	.04472595	0
914.15	0	.7350828	.2199781	.04493912	0
913.15	0	.7346828	.2201663	.04515085	0
912.15	0	.734286	.2203529	.04536112	0
911.15	0	.7338923	.2205378	.04556991	0
910.15	0	.7335015	.2207212	.04577723	0
909.15	0	.7331138	.2209032	.04598304	0
908.15	0	.7327289	.2210837	.04618734	0
907.15	0	.732347	.2212629	.04639012	0
906.15	0	.7319678	.2214408	.04659136	0
905.15	0	.7315915	.2216175	.04679104	0
904.15	0	.7312179	.2217929	.04698916	0
903.15	0	.730847	.2219673	.0471857	0
902.15	0	.7304787	.2221406	.04738064	0
901.15	0	.730113	.222313	.04757397	0
900.15	0	.7297498	.2224845	.04776568	0
899.15	0	.7293891	.2226551	.04795573	0
898.15	0	.7290308	.2228251	.04814413	0
897.15	0	.7286748	.2229943	.04833085	0
896.15	0	.7283211	.223163	.04851587	0
895.15	0	.7279697	.2233312	.04869919	0
894.15	0	.7276203	.2234989	.04888077	0
893.15	0	.727273	.2236664	.0490606	0
892.15	0	.7269278	.2238335	.04923866	0
891.15	0	.7265845	.2240006	.04941493	0
890.15	0	.726243	.2241676	.04958939	0
889.15	0	.7259033	.2243347	.04976203	0
888.15	0	.7255652	.224502	.04993281	0
887.15	0	.7252288	.2246694	.05010172	0
886.15	0	.724894	.2248373	.05026873	0
885.15	0	.7245605	.2250057	.05043382	0
884.15	0	.7242284	.2251746	.05059697	0
883.15	0	.7238975	.2253443	.05075815	0
882.15	0	.7235678	.2255148	.05091734	0
881.15	0	.7232392	.2256863	.05107452	0
880.15	0	.7229114	.2258589	.05122964	0
879.15	0	.7225846	.2260328	.05138269	0
878.15	0	.7222584	.226208	.05153364	0
877.15	0	.7219329	.2263847	.05168246	0
876.15	0	.7216078	.226563	.05182912	0
875.15	0	.7212832	.2267433	.05197359	0
874.15	0	.7209587	.2269254	.05211583	0
873.15	0	.7206345	.2271097	.05225581	0
872.15	0	.7203101	.2272964	.05239349	0
871.15	0	.7199857	.2274855	.05252885	0
870.15	0	.7196609	.2276773	.05266184	0
869.15	0	.7193357	.2278719	.05279243	0
868.15	0	.7190098	.2280696	.05292057	0
867.15	0	.7186832	.2282706	.05304622	0
866.15	0	.7183557	.228475	.05316934	0
865.15	0	.718027	.2286831	.05328989	0
864.15	0	.7176971	.2288951	.05340782	0
863.15	0	.7173657	.2291113	.05352308	0
862.15	0	.7170326	.2293318	.05363561	0
861.15	0	.7166976	.229557	.05374537	0
860.15	0	.7163606	.2297871	.0538523	0
859.15	0	.7160213	.2300224	.05395634	0
858.15	0	.7156794	.2302632	.05405744	0
857.15	0	.7153347	.2305097	.05415552	0
856.15	0	.7149871	.2307624	.05425053	0
855.15	0	.7146361	.2310215	.05434239	0
854.15	0	.7142816	.2312874	.05443103	0
853.15	0	.7139232	.2315605	.05451637	0
852.15	0	.7135606	.231841	.05459833	0
851.15	0	.7131936	.2321296	.05467683	0
850.15	0	.7128218	.2324265	.05475177	0
849.15	0	.7124448	.2327322	.05482306	0
848.15	0	.7120622	.2330472	.0548906	0
847.15	0	.7116737	.233372	.05495428	0
846.15	0	.7112789	.2337071	.05501398	0
845.15	0	.7108773	.2340532	.05506959	0
844.15	0	.7104683	.2344107	.05512098	0
843.15	0	.7100517	.2347803	.055168	0
842.15	0	.7096266	.2351629	.05521051	0
841.15	0	.7091927	.2355589	.05524835	0
840.15	0	.7087493	.2359693	.05528136	0
839.15	0	.7082957	.2363949	.05530934	0
838.15	0	.7078313	.2368366	.0553321	0
837.15	0	.7073552	.2372954	.05534943	0
836.15	0	.7068666	.2377723	.05536109	0
835.15	0	.7063646	.2382686	.05536684	0
834.15	0	.7057993	.2388438	.05535691	0
833.15	0	.7047149	.2400438	.05524126	0
832.15	0	.7036956	.2411726	.05513184	0
831.15	0	.7027362	.2422357	.0550281	0
830.15	0	.7018321	.2432383	.05492953	0
829.15	0	.7009794	.2441849	.05483569	0
828.15	0	.7001744	.2450794	.0547462	0
827.15	0	.6994136	.2459257	.05466069	0
826.15	0	.6986942	.246727	.05457885	0
825.15	0	.6980133	.2474863	.05450041	0
824.15	0	.6973684	.2482065	.05442509	0
823.15	0	.6967573	.2488901	.05435266	0
822.15	0	.6961778	.2495393	.05428292	0
821.15	0	.6956279	.2501564	.05421567	0
820.15	0	.695106	.2507433	.05415073	0
819.15	0	.6946102	.2513019	.05408795	0
818.15	0	.6941391	.2518337	.05402717	0
817.15	0	.6936913	.2523405	.05396825	0
816.15	0	.6932653	.2528236	.05391108	0
815.15	0	.6928601	.2532844	.05385554	0
814.15	0	.6924743	.2537242	.05380151	0
813.15	0	.692107	.2541441	.05374891	0
812.15	0	.6917572	.2545452	.05369764	0
811.15	0	.6914238	.2549286	.05364762	0
810.15	0	.6911061	.2552951	.05359877	0
809.15	0	.6908031	.2556459	.05355101	0
808.15	0	.6905142	.2559815	.05350428	0
807.15	0	.6902385	.2563029	.05345852	0
806.15	0	.6899755	.2566109	.05341366	0
805.15	0	.6897243	.256906	.05336966	0
804.15	0	.6894845	.257189	.05332645	0
803.15	0	.6892555	.2574605	.05328399	0
802.15	0	.6890367	.2577211	.05324224	0
801.15	0	.6888276	.2579713	.05320115	0
800.15	0	.6886277	.2582117	.05316069	0
799.15	0	.6884365	.2584427	.05312081	0
798.15	0	.6882537	.2586648	.05308149	0
797.15	0	.6880788	.2588785	.05304269	0
796.15	0	.6879114	.2590842	.05300437	0
795.15	0	.6877512	.2592823	.05296651	0
794.15	0	.6875978	.2594731	.05292909	0
793.15	0	.6874509	.2596571	.05289207	0
792.15	0	.6873101	.2598345	.05285543	0
791.15	0	.6871752	.2600057	.05281915	0
790.15	0	.6870459	.2601709	.05278321	0
789.15	0	.6869219	.2603306	.05274758	0
788.15	0	.6868029	.2604848	.05271225	0
787.15	0	.6866888	.260634	.0526772	0
786.15	0	.6865792	.2607783	.05264241	0
785.15	0	.6864741	.2609181	.05260786	0
784.15	0	.6863731	.2610534	.05257355	0
783.15	0	.686276	.2611846	.05253944	0
782.15	0	.6861827	.2613118	.05250554	0
781.15	0	.686093	.2614352	.05247182	0
780.15	0	.6860067	.261555	.05243828	0
779.15	0	.6859237	.2616714	.0524049	0
778.15	0	.6858438	.2617846	.05237167	0
777.15	0	.6857668	.2618946	.05233858	0
776.15	0	.6856926	.2620017	.05230562	0
775.15	0	.6856211	.2621061	.05227278	0
774.15	0	.6855522	.2622078	.05224005	0
773.15	0	.6854857	.2623069	.05220742	0
772.15	0	.6854215	.2624037	.05217488	0
771.15	0	.6853594	.2624981	.05214243	0
770.15	0	.6852995	.2625904	.05211006	0
769.15	0	.6852415	.2626807	.05207776	0
768.15	0	.6851855	.262769	.05204553	0
767.15	0	.6851312	.2628554	.05201334	0
766.15	0	.6850787	.2629401	.05198122	0
765.15	0	.6850277	.2630231	.05194913	0
764.15	0	.6849784	.2631045	.05191709	0
763.15	0	.6849304	.2631845	.05188508	0
762.15	0	.6848839	.263263	.0518531	0
761.15	0	.6848387	.2633401	.05182114	0
760.15	0	.6847948	.263416	.0517892	0
759.15	0	.684752	.2634907	.05175728	0
758.15	0	.6847104	.2635642	.05172537	0
757.15	0	.6846699	.2636367	.05169346	0
756.15	0	.6846304	.2637081	.05166156	0
755.15	0	.6845918	.2637786	.05162966	0
754.15	0	.6845541	.2638481	.05159776	0
753.15	0	.6845199	.2639149	.05156518	0
752.15	0	.6844838	.2639829	.05153331	0
751.15	0	.6844484	.2640502	.05150142	0
750.15	0	.6844137	.2641168	.05146951	0
749.15	0	.6843798	.2641827	.05143758	0
748.15	0	.6843465	.2642479	.05140562	0
747.15	0	.6843138	.2643125	.05137364	0
746.15	0	.6842818	.2643766	.05134163	0
745.15	0	.6842502	.2644402	.0513096	0
744.15	0	.6842193	.2645032	.05127752	0
743.15	0	.6841887	.2645658	.05124542	0
742.15	0	.6841587	.264628	.05121327	0
741.15	0	.6841291	.2646898	.05118109	0
740.15	0	.6840999	.2647513	.05114887	0
739.15	0	.684071	.2648124	.05111661	0
738.15	0	.6840426	.2648731	.05108431	0
737.15	0	.6840144	.2649336	.05105196	0
736.15	0	.6839865	.2649939	.05101957	0
735.15	0	.683959	.2650539	.05098714	0
734.15	0	.6839317	.2651137	.05095465	0
733.15	0	.6839046	.2651733	.05092212	0
732.15	0	.6838778	.2652327	.05088954	0
731.15	0	.6838511	.265292	.05085691	0
730.15	0	.6838247	.2653511	.05082423	0
729.15	0	.6837984	.2654101	.0507915	0
728.15	0	.6837723	.265469	.05075871	0
727.15	0	.6837463	.2655278	.05072588	0
726.15	0	.6837204	.2655866	.05069299	0
725.15	0	.6836947	.2656453	.05066004	0
724.15	0	.683669	.2657039	.05062704	0
723.15	0	.6836435	.2657625	.05059399	0
722.15	0	.683618	.2658211	.05056088	0
721.15	0	.6835926	.2658797	.05052771	0
720.15	0	.6835672	.2659383	.05049449	0
719.15	0	.6835419	.2659969	.05046122	0
718.15	0	.6835166	.2660556	.05042788	0
717.15	0	.6834913	.2661142	.05039449	0
716.15	0	.683466	.266173	.05036105	0
715.15	0	.6834408	.2662317	.05032754	0
714.15	0	.6834155	.2662905	.05029398	0
713.15	0	.6833902	.2663494	.05026036	0
712.15	0	.6833649	.2664084	.05022668	0
711.15	0	.6833396	.2664674	.05019295	0
710.15	0	.6833143	.2665266	.05015916	0
709.15	0	.6832889	.2665858	.05012531	0
708.15	0	.6832635	.2666451	.0500914	0
707.15	0	.683238	.2667046	.05005744	0
706.15	0	.6832125	.2667641	.05002342	0
705.15	0	.6831869	.2668238	.04998934	0
704.15	0	.6831612	.2668836	.04995521	0
703.15	0	.6831355	.2669435	.04992102	0
702.15	0	.6831097	.2670035	.04988677	0
701.15	0	.6830839	.2670637	.04985247	0
700.15	0	.6830579	.267124	.04981811	0
699.15	0	.6830319	.2671844	.0497837	0
698.15	0	.6830058	.267245	.04974923	0
697.15	0	.6829796	.2673057	.0497147	0
696.15	0	.6829533	.2673666	.04968012	0
695.15	0	.6829269	.2674276	.04964549	0
694.15	0	.6829004	.2674888	.0496108	0
693.15	0	.6828738	.2675501	.04957606	0
692.15	0	.6828472	.2676116	.04954126	0
691.15	0	.6828204	.2676732	.04950641	0
690.15	0	.6827935	.267735	.04947151	0
689.15	0	.6827665	.267797	.04943656	0
688.15	0	.6827394	.2678591	.04940155	0
687.15	0	.6827122	.2679213	.04936649	0
686.15	0	.6826849	.2679838	.04933139	0
685.15	0	.6826574	.2680464	.04929623	0
684.15	0	.6826299	.2681091	.04926102	0
683.15	0	.6826022	.268172	.04922577	0
682.15	0	.6825744	.2682351	.04919046	0
681.15	0	.6825466	.2682983	.04915511	0
680.15	0	.6825186	.2683618	.0491197	0
679.15	0	.6824904	.2684253	.04908426	0
678.15	0	.6824622	.2684891	.04904876	0
677.15	0	.6824338	.2685529	.04901322	0
676.15	0	.6824054	.268617	.04897763	0
675.15	0	.6823768	.2686812	.048942	0
674.15	0	.6823481	.2687456	.04890632	0
673.15	0	.6823193	.2688101	.0488706	0
672.15	0	.6822903	.2688748	.04883484	0
671.15	0	.6822613	.2689397	.04879903	0
670.15	0	.6822321	.2690047	.04876319	0
669.15	0	.6822029	.2690699	.0487273	0
668.15	0	.6821735	.2691352	.04869137	0
667.15	0	.6821439	.2692007	.04865539	0
666.15	0	.6821143	.2692663	.04861939	0
665.15	0	.6820846	.2693321	.04858334	0
664.15	0	.6820547	.269398	.04854725	0
663.15	0	.6820248	.2694641	.04851113	0
662.15	0	.6819947	.2695304	.04847497	0
661.15	0	.6819645	.2695967	.04843877	0
660.15	0	.6819342	.2696633	.04840254	0
659.15	0	.6819038	.2697299	.04836627	0
658.15	0	.6818733	.2697968	.04832997	0
657.15	0	.6818427	.2698637	.04829363	0
656.15	0	.6818119	.2699308	.04825727	0
655.15	0	.6817811	.2699981	.04822087	0
654.15	0	.6817501	.2700654	.04818443	0
653.15	0	.6817191	.2701329	.04814797	0
652.15	0	.6816879	.2702006	.04811148	0
651.15	0	.6816567	.2702684	.04807496	0
650.15	0	.6816253	.2703363	.04803842	0
649.15	0	.6815939	.2704043	.04800184	0
648.15	0	.6815623	.2704725	.04796524	0
647.15	0	.6815307	.2705407	.04792861	0
646.15	0	.6814989	.2706091	.04789195	0
645.15	0	.6814671	.2706777	.04785527	0
644.15	0	.6814351	.2707463	.04781857	0
643.15	0	.6814031	.2708151	.04778185	0
642.15	0	.681371	.2708839	.0477451	0
641.15	0	.6813388	.2709529	.04770833	0
640.15	0	.6813065	.271022	.04767153	0
639.15	0	.6812741	.2710912	.04763472	0
638.15	0	.6812416	.2711605	.04759789	0
637.15	0	.681209	.2712299	.04756104	0
636.15	0	.6811764	.2712994	.04752418	0
635.15	0	.6811437	.271369	.04748729	0
634.15	0	.6811109	.2714388	.04745039	0
633.15	0	.681078	.2715086	.04741347	0
632.15	0	.681045	.2715785	.04737654	0
631.15	0	.681012	.2716484	.0473396	0
630.15	0	.6809788	.2717185	.04730264	0
629.15	0	.6809456	.2717887	.04726567	0
628.15	0	.6809124	.271859	.04722869	0
627.15	0	.680879	.2719293	.04719169	0
626.15	0	.6808456	.2719997	.04715469	0
625.15	0	.6808121	.2720702	.04711768	0
624.15	0	.6807786	.2721408	.04708066	0
623.15	0	.680745	.2722114	.04704363	0
622.15	0	.6807113	.2722821	.04700659	0
621.15	0	.6806775	.2723529	.04696955	0
620.15	0	.6806437	.2724238	.04693251	0
619.15	0	.6806098	.2724947	.04689546	0
618.15	0	.6805759	.2725657	.0468584	0
617.15	0	.6805419	.2726367	.04682134	0
616.15	0	.6805079	.2727078	.04678428	0
615.15	0	.6804738	.272779	.04674722	0
614.15	0	.6804396	.2728502	.04671016	0
613.15	0	.6804054	.2729215	.0466731	0
612.15	0	.6803712	.2729928	.04663604	0
611.15	0	.6803369	.2730642	.04659898	0
610.15	0	.6803025	.2731356	.04656192	0
609.15	0	.6802681	.273207	.04652487	0
608.15	0	.6802336	.2732785	.04648783	0
607.15	0	.6801991	.2733501	.04645078	0
606.15	0	.6801646	.2734216	.04641375	0
605.15	0	.68013	.2734933	.04637672	0
604.15	0	.6800954	.2735649	.0463397	0
603.15	0	.6800608	.2736365	.04630268	0
602.15	0	.6800261	.2737083	.04626568	0
601.15	0	.6799913	.27378	.04622868	0
600.15	0	.6799566	.2738517	.0461917	0
599.15	0	.6799218	.2739235	.04615473	0
598.15	0	.679887	.2739953	.04611777	0
597.15	0	.6798521	.2740671	.04608083	0
596.15	0	.6798172	.2741389	.0460439	0
595.15	0	.6797823	.2742107	.04600698	0
594.15	0	.6797473	.2742826	.04597008	0
593.15	0	.6797124	.2743544	.04593319	0
592.15	0	.6796774	.2744263	.04589633	0
591.15	0	.6796424	.2744981	.04585948	0
590.15	0	.6796073	.27457	.04582265	0
589.15	0	.6795723	.2746419	.04578584	0
588.15	0	.6795372	.2747137	.04574905	0
587.15	0	.6795021	.2747856	.04571228	0
586.15	0	.679467	.2748574	.04567554	0
585.15	0	.6794319	.2749293	.04563882	0
584.15	0	.6793968	.2750011	.04560212	0
583.15	0	.6793616	.2750729	.04556544	0
582.15	0	.6793265	.2751447	.0455288	0
581.15	0	.6792913	.2752165	.04549217	0
580.15	0	.6792561	.2752883	.04545558	0
579.15	0	.679221	.27536	.04541901	0
578.15	0	.6791858	.2754318	.04538248	0
577.15	0	.6791506	.2755034	.04534597	0
576.15	0	.6791154	.2755751	.04530949	0
575.15	0	.6790802	.2756468	.04527304	0
574.15	0	.679045	.2757184	.04523663	0
573.15	0	.6790098	.2757899	.04520025	0
572.15	0	.6789746	.2758615	.0451639	0
571.15	0	.6789394	.275933	.04512759	0
570.15	0	.6789043	.2760044	.04509131	0
569.15	0	.6788691	.2760759	.04505507	0
568.15	0	.6788339	.2761472	.04501886	0
567.15	0	.6787988	.2762186	.04498269	0
566.15	0	.6787636	.2762898	.04494656	0
565.15	0	.6787285	.2763611	.04491047	0
564.15	0	.6786933	.2764322	.04487443	0
563.15	0	.6786582	.2765034	.04483842	0
562.15	0	.6786231	.2765744	.04480245	0
561.15	0	.678588	.2766455	.04476653	0
560.15	0	.678553	.2767164	.04473064	0
559.15	0	.6785179	.2767873	.04469481	0
558.15	0	.6784829	.2768581	.04465902	0
557.15	0	.6784479	.2769289	.04462327	0
556.15	0	.6784129	.2769996	.04458757	0
555.15	0	.6783779	.2770702	.04455192	0
554.15	0	.678343	.2771407	.04451631	0
553.15	0	.678308	.2772112	.04448076	0
552.15	0	.6782731	.2772816	.04444525	0
551.15	0	.6782383	.2773519	.04440979	0
550.15	0	.6782034	.2774222	.04437439	0
549.15	0	.6781686	.2774923	.04433904	0
548.15	0	.6781338	.2775624	.04430374	0
547.15	0	.6780991	.2776324	.04426849	0
546.15	0	.6780644	.2777023	.0442333	0
545.15	0	.6780297	.2777722	.04419816	0
544.15	0	.677995	.2778419	.04416309	0
543.15	0	.6779604	.2779115	.04412806	0
542.15	0	.6779258	.2779811	.04409309	0
541.15	0	.6778913	.2780505	.04405819	0
540.15	0	.6778568	.2781199	.04402334	0
539.15	0	.6778223	.2781891	.04398855	0
538.15	0	.6777879	.2782583	.04395382	0
537.15	0	.6777535	.2783273	.04391915	0
536.15	0	.6777192	.2783963	.04388455	0
535.15	0	.6776849	.2784651	.04385001	0
534.15	0	.6776507	.2785338	.04381553	0
533.15	0	.6776165	.2786024	.04378112	0
532.15	0	.6775823	.2786709	.04374677	0
531.15	0	.6775482	.2787393	.04371249	0
530.15	0	.6775141	.2788076	.04367827	0
529.15	0	.6774801	.2788757	.04364412	0
528.15	0	.6774462	.2789438	.04361005	0
527.15	0	.6774123	.2790117	.04357603	0
526.15	0	.6773784	.2790795	.04354209	0
525.15	0	.6773446	.2791472	.04350822	0
524.15	0	.6773109	.2792147	.04347442	0
523.15	0	.6772772	.2792821	.0434407	0
522.15	0	.6772436	.2793494	.04340704	0
521.15	0	.67721	.2794166	.04337346	0
520.15	0	.6771765	.2794836	.04333996	0
519.15	0	.677143	.2795505	.04330653	0
518.15	0	.6771096	.2796172	.04327317	0
517.15	0	.6770763	.2796838	.04323989	0
516.15	0	.677043	.2797503	.04320669	0
515.15	0	.6770098	.2798166	.04317356	0
514.15	0	.6769767	.2798828	.04314052	0
513.15	0	.6769436	.2799489	.04310755	0
512.15	0	.6769106	.2800148	.04307467	0
511.15	0	.6768776	.2800805	.04304186	0
510.15	0	.6768447	.2801461	.04300914	0
509.15	0	.6768119	.2802116	.0429765	0
508.15	0	.6767792	.2802769	.04294394	0
507.15	0	.6767465	.280342	.04291147	0
506.15	0	.6767139	.280407	.04287908	0
505.15	0	.6766814	.2804719	.04284677	0
504.15	0	.6766489	.2805365	.04281455	0
503.15	0	.6766167	.280601	.04278228	0
502.15	0	.6765844	.2806654	.04275023	0
501.15	0	.6765521	.2807296	.04271827	0
500.15	0	.67652	.2807936	.0426864	0
499.15	0	.6764879	.2808575	.04265462	0
498.15	0	.6764559	.2809212	.04262293	0
497.15	0	.676424	.2809847	.04259133	0
496.15	0	.6763921	.2810481	.04255982	0
495.15	0	.6763604	.2811112	.0425284	0
494.15	0	.6763287	.2811743	.04249708	0
493.15	0	.6762971	.2812371	.04246585	0
492.15	0	.6762656	.2812997	.04243471	0
491.15	0	.6762341	.2813622	.04240367	0
490.15	0	.6762028	.2814245	.04237272	0
489.15	0	.6761715	.2814867	.04234187	0
488.15	0	.6761403	.2815486	.04231112	0
487.15	0	.6761092	.2816104	.04228046	0
486.15	0	.6760782	.2816719	.0422499	0
485.15	0	.6760472	.2817333	.04221945	0
484.15	0	.6760164	.2817945	.04218909	0
483.15	0	.6759856	.2818555	.04215883	0
482.15	0	.675955	.2819163	.04212867	0
481.15	0	.6759244	.281977	.04209861	0
480.15	0	.6758939	.2820374	.04206866	0
479.15	0	.6758636	.2820977	.04203881	0
478.15	0	.6758333	.2821577	.04200906	0
477.15	0	.675803	.2822176	.04197941	0
476.15	0	.6757729	.2822772	.04194987	0
475.15	0	.6757429	.2823367	.04192043	0
474.15	0	.675713	.2823959	.04189111	0
473.15	0	.6756832	.282455	.04186188	0
472.15	0	.6756534	.2825138	.04183277	0
471.15	0	.6756238	.2825724	.04180376	0
470.15	0	.6755943	.2826309	.04177486	0
469.15	0	.6755648	.2826891	.04174607	0
468.15	0	.6755355	.2827471	.04171739	0
467.15	0	.6755062	.282805	.04168882	0
466.15	0	.6754771	.2828626	.04166036	0
465.15	0	.675448	.28292	.04163201	0
464.15	0	.6754191	.2829771	.04160377	0
463.15	0	.6753902	.2830341	.04157565	0
462.15	0	.6753615	.2830909	.04154764	0
461.15	0	.6753329	.2831474	.04151974	0
460.15	0	.6753043	.2832037	.04149196	0
459.15	0	.6752759	.2832598	.04146429	0
458.15	0	.6752476	.2833157	.04143673	0
457.15	0	.6752194	.2833713	.0414093	0
456.15	0	.6751913	.2834268	.04138198	0
455.15	0	.6751632	.283482	.04135477	0
454.15	0	.6751353	.283537	.04132769	0
453.15	0	.6751075	.2835917	.04130072	0
452.15	0	.6750799	.2836463	.04127387	0
451.15	0	.6750523	.2837006	.04124714	0
450.15	0	.6750248	.2837547	.04122053	0
449.15	0	.6749975	.2838085	.04119406	0
448.15	0	.6749703	.283862	.04116771	0
447.15	0	.6749432	.2839153	.04114149	0
446.15	0	.6749162	.2839684	.04111539	0
445.15	0	.6748894	.2840212	.04108943	0
444.15	0	.6748626	.2840738	.04106359	0
443.15	0	.674836	.2841261	.04103788	0
442.15	0	.6748096	.2841781	.04101231	0
441.15	0	.6747833	.2842298	.04098688	0
440.15	0	.6747571	.2842813	.04096158	0
439.15	0	.6747311	.2843325	.04093643	0
438.15	0	.6747052	.2843834	.04091141	0
437.15	0	.6746795	.284434	.04088654	0
436.15	0	.6746539	.2844843	.04086181	0
435.15	0	.6746285	.2845343	.04083723	0
434.15	0	.6746032	.284584	.04081279	0
433.15	0	.6745781	.2846334	.04078851	0
432.15	0	.6745532	.2846824	.04076437	0
431.15	0	.6745284	.2847312	.04074038	0
430.15	0	.6745038	.2847796	.04071655	0
429.15	0	.6744794	.2848278	.04069286	0
428.5741	0	.6744654	.2848553	.0406793	0
428.5741	0	.6744654	.2848553	.0406793	0
428.5741	0	.6744654	.2848553	.0406793	0
428.15	0	.6745723	.2846033	.04054369	2.807161E-04
427.15	0	.6748239	.2840098	.04022446	9.418159E-04
426.15	0	.675075	.2834173	.03990594	.001601838
425.15	0	.6753254	.2828257	.03958811	.002260792
424.15	0	.6755752	.2822352	.03927097	.002918688
423.15	0	.6758244	.2816456	.03895453	.003575536
422.15	0	.676073	.2810569	.03863877	.004231345
421.15	0	.6763211	.2804691	.03832369	.004886125
420.15	0	.6765686	.2798822	.0380093	.005539885
419.15	0	.6768155	.2792962	.03769558	.006192636
418.15	0	.677062	.2787111	.03738253	.006844385
417.15	0	.6773079	.2781268	.03707015	.007495142
416.15	0	.6775532	.2775434	.03675844	.008144916
415.15	0	.6777981	.2769608	.03644739	.008793716
414.15	0	.6780425	.276379	.03613699	.009441551
413.15	0	.6782864	.2757979	.03582726	.01008843
412.15	0	.6785298	.2752177	.03551817	.01073436
411.15	0	.6787728	.2746382	.03520973	.01137935
410.15	0	.6790153	.2740594	.03490194	.01202341
409.15	0	.6792573	.2734814	.03459479	.01266654
408.15	0	.6794989	.2729041	.03428827	.01330876
407.15	0	.6797401	.2723275	.03398239	.01395007
406.15	0	.6799808	.2717515	.03367715	.01459049
405.15	0	.6802212	.2711763	.03337253	.01523001
404.15	0	.6804611	.2706017	.03306853	.01586865
403.15	0	.6807006	.2700278	.03276516	.01650641
402.15	0	.6809398	.2694546	.03246241	.0171433
401.15	0	.6811785	.2688819	.03216027	.01777933
400.15	0	.6814169	.2683099	.03185874	.01841451
399.15	0	.6816549	.2677385	.03155783	.01904884
398.15	0	.6818925	.2671676	.03125752	.01968233
397.15	0	.6821298	.2665974	.03095781	.02031499
396.15	0	.6823667	.2660277	.0306587	.02094683
395.15	0	.6826033	.2654586	.03036019	.02157785
394.15	0	.6828396	.2648901	.03006227	.02220805
393.15	0	.6830755	.2643221	.02976494	.02283745
392.15	0	.6833111	.2637546	.0294682	.02346605
391.15	0	.6835464	.2631877	.02917205	.02409386
390.15	0	.6837814	.2626212	.02887647	.02472089
389.15	0	.6840161	.2620553	.02858148	.02534714
388.15	0	.6842505	.2614899	.02828706	.02597261
387.15	0	.6844845	.2609249	.02799321	.02659732
386.15	0	.6847183	.2603605	.02769994	.02722127
385.15	0	.6849519	.2597965	.02740723	.02784446
384.15	0	.6851851	.2592329	.02711508	.02846691
383.15	0	.6854181	.2586698	.0268235	.02908861
382.15	0	.6856508	.2581072	.02653247	.02970958
381.15	0	.6858832	.257545	.026242	.03032982
380.15	0	.6861154	.2569832	.02595208	.03094934
379.15	0	.6863473	.2564219	.02566272	.03156813
378.15	0	.686579	.2558609	.0253739	.03218621
377.15	0	.6868104	.2553004	.02508562	.03280359
376.15	0	.6870416	.2547402	.02479789	.03342026
375.15	0	.6872726	.2541805	.0245107	.03403624
374.15	0	.6875033	.2536211	.02422404	.03465152
373.15	0	.6877338	.2530621	.02393792	.03526612
372.15	0	.6879641	.2525035	.02365233	.03588004
371.15	0	.6881942	.2519453	.02336727	.03649328
370.15	0	.6884241	.2513874	.02308273	.03710585
369.15	0	.6886537	.2508298	.02279872	.03771776
368.15	0	.6888832	.2502726	.02251523	.038329
367.15	0	.6891124	.2497157	.02223226	.03893959
366.15	0	.6893415	.2491592	.02194981	.03954953
365.15	0	.6895703	.248603	.02166787	.04015881
364.15	0	.689799	.2480471	.02138644	.04076746
363.15	0	.6900275	.2474915	.02110552	.04137547
362.15	0	.6902558	.2469363	.02082511	.04198285
361.15	0	.6904839	.2463813	.02054521	.0425896
360.15	0	.6907118	.2458267	.0202658	.04319573
359.15	0	.6909396	.2452723	.0199869	.04380123
358.15	0	.6911672	.2447182	.01970849	.04440612
357.15	0	.6913946	.2441644	.01943058	.0450104
356.15	0	.6916218	.2436109	.01915316	.04561408
355.15	0	.6918489	.2430577	.01887623	.04621715
354.15	0	.6920759	.2425047	.0185998	.04681962
353.15	0	.6923027	.241952	.01832384	.0474215
352.15	0	.6925293	.2413996	.01804838	.04802279
351.15	0	.6927557	.2408474	.01777339	.04862349
350.15	0	.6929821	.2402954	.01749889	.04922361
349.15	0	.6932082	.2397438	.01722486	.04982315
348.15	0	.6934343	.2391923	.01695131	.05042211
347.15	0	.6936602	.2386411	.01667823	.05102051
346.15	0	.6938859	.2380901	.01640563	.05161834
345.15	0	.6941115	.2375394	.0161335	.0522156
344.15	0	.694337	.2369889	.01586183	.0528123
343.15	0	.6945624	.2364386	.01559064	.05340844
342.15	0	.6947876	.2358885	.0153199	.05400403
341.15	0	.6950127	.2353386	.01504963	.05459907
340.15	0	.6952376	.234789	.01477982	.05519357
339.15	0	.6954625	.2342395	.01451047	.05578752
338.15	0	.6956872	.2336903	.01424157	.05638093
337.15	0	.6959118	.2331413	.01397314	.0569738
336.15	0	.6961363	.2325925	.01370515	.05756614
335.15	0	.6963606	.2320438	.01343762	.05815795
334.15	0	.6965849	.2314954	.01317053	.05874923
333.15	0	.696809	.2309471	.0129039	.05933998
332.15	0	.697033	.2303991	.01263771	.05993022
331.15	0	.6972569	.2298512	.01237197	.06051993
330.15	0	.6974807	.2293035	.01210667	.06110913
329.15	0	.6977044	.228756	.01184182	.06169782
328.15	0	.697928	.2282086	.0115774	.06228599
327.15	0	.6981515	.2276615	.01131342	.06287366
326.15	0	.6983748	.2271145	.01104988	.06346082
325.15	0	.6985981	.2265676	.01078678	.06404748
324.15	0	.6988213	.226021	.01052411	.06463363
323.15	0	.6990444	.2254745	.01026188	.06521929
322.15	0	.6992674	.2249281	.01000008	.06580446
