T	 BPW(LIQUID)	BPW(BCC_A2)	BPW(FCC_A1)	BPW(LAVES_PHASE_C14)	BPW(NI3TI)
1473.15	0	.5975833	.4024167	0	0
1472.15	0	.5956244	.4043756	0	0
1471.15	0	.5936693	.4063307	0	0
1470.15	0	.5917182	.4082818	0	0
1469.15	0	.5897708	.4102292	0	0
1468.15	0	.5878274	.4121726	0	0
1467.15	0	.5858878	.4141122	0	0
1466.15	0	.5839521	.4160479	0	0
1465.15	0	.5820202	.4179798	0	0
1464.15	0	.5800922	.4199078	0	0
1463.15	0	.578168	.421832	0	0
1462.15	0	.5762476	.4237524	0	0
1461.15	0	.5743311	.4256689	0	0
1460.15	0	.5724185	.4275816	0	0
1459.15	0	.5705096	.4294904	0	0
1458.15	0	.5686046	.4313954	0	0
1457.15	0	.5667034	.4332966	0	0
1456.15	0	.564806	.435194	0	0
1455.15	0	.5629125	.4370875	0	0
1454.15	0	.5610228	.4389772	0	0
1453.15	0	.5591368	.4408632	0	0
1452.15	0	.5572547	.4427453	0	0
1451.15	0	.5553764	.4446236	0	0
1450.15	0	.5535019	.4464981	0	0
1449.15	0	.5516312	.4483688	0	0
1448.15	0	.5497643	.4502357	0	0
1447.15	0	.5479012	.4520988	0	0
1446.15	0	.5460418	.4539582	0	0
1445.15	0	.5441863	.4558137	0	0
1444.15	0	.5423345	.4576655	0	0
1443.15	0	.5404866	.4595134	0	0
1442.15	0	.5386424	.4613576	0	0
1441.15	0	.536802	.463198	0	0
1440.15	0	.5349653	.4650347	0	0
1439.15	0	.5331325	.4668675	0	0
1438.15	0	.5313034	.4686966	0	0
1437.15	0	.5294781	.4705219	0	0
1436.15	0	.5276565	.4723435	0	0
1435.15	0	.5258387	.4741613	0	0
1434.15	0	.5240247	.4759753	0	0
1433.15	0	.5222144	.4777856	0	0
1432.15	0	.5204079	.4795921	0	0
1431.15	0	.5186052	.4813948	0	0
1430.15	0	.5168062	.4831938	0	0
1429.15	0	.5150109	.4849891	0	0
1428.15	0	.5132194	.4867806	0	0
1427.15	0	.5114317	.4885683	0	0
1426.15	0	.5096477	.4903523	0	0
1425.15	0	.5078674	.4921326	0	0
1424.15	0	.5060909	.4939091	0	0
1423.15	0	.5043182	.4956818	0	0
1422.15	0	.5025492	.4974508	0	0
1421.15	0	.5007839	.4992161	0	0
1420.15	0	.4990224	.5009776	0	0
1419.15	0	.4972646	.5027354	0	0
1418.15	0	.4955105	.5044895	0	0
1417.15	0	.4937602	.5062398	0	0
1416.15	0	.4920137	.5079863	0	0
1415.15	0	.4902708	.5097292	0	0
1414.15	0	.4885317	.5114683	0	0
1413.15	0	.4867964	.5132036	0	0
1412.15	0	.4850647	.5149353	0	0
1411.15	0	.4833368	.5166632	0	0
1410.15	0	.4816127	.5183873	0	0
1409.15	0	.4798923	.5201078	0	0
1408.15	0	.4781756	.5218244	0	0
1407.15	0	.4764626	.5235374	0	0
1406.15	0	.4747534	.5252466	0	0
1405.15	0	.4730479	.5269521	0	0
1404.15	0	.4713461	.5286539	0	0
1403.15	0	.4696481	.5303519	0	0
1402.15	0	.4679538	.5320462	0	0
1401.15	0	.4662633	.5337367	0	0
1400.15	0	.4645764	.5354236	0	0
1399.15	0	.4628933	.5371067	0	0
1398.15	0	.461214	.538786	0	0
1397.15	0	.4595384	.5404616	0	0
1396.15	0	.4578665	.5421335	0	0
1395.15	0	.4561984	.5438017	0	0
1394.15	0	.4545339	.5454661	0	0
1393.15	0	.4528733	.5471267	0	0
1392.15	0	.4512163	.5487837	0	0
1391.15	0	.4495632	.5504368	0	0
1390.15	0	.4479137	.5520863	0	0
1389.15	0	.446268	.553732	0	0
1388.15	0	.4446261	.5553739	0	0
1387.15	0	.4429879	.5570121	0	0
1386.15	0	.4413534	.5586466	0	0
1385.15	0	.4397227	.5602773	0	0
1384.15	0	.4380957	.5619043	0	0
1383.15	0	.4364725	.5635275	0	0
1382.15	0	.4348531	.5651469	0	0
1381.15	0	.4332374	.5667626	0	0
1380.15	0	.4316255	.5683746	0	0
1379.15	0	.4300173	.5699827	0	0
1378.15	0	.4284129	.5715871	0	0
1377.15	0	.4268122	.5731878	0	0
1376.15	0	.4252153	.5747847	0	0
1375.15	0	.4236222	.5763778	0	0
1374.15	0	.4220329	.5779671	0	0
1373.15	0	.4204473	.5795527	0	0
1372.15	0	.4188655	.5811345	0	0
1371.15	0	.4172875	.5827125	0	0
1370.15	0	.4157133	.5842867	0	0
1369.15	0	.4141429	.5858571	0	0
1368.15	0	.4125762	.5874238	0	0
1367.15	0	.4110134	.5889866	0	0
1366.15	0	.4094543	.5905457	0	0
1365.15	0	.407899	.592101	0	0
1364.15	0	.4063476	.5936524	0	0
1363.15	0	.4047999	.5952001	0	0
1362.15	0	.4032561	.5967439	0	0
1361.15	0	.4017161	.5982839	0	0
1360.15	0	.4001799	.5998202	0	0
1359.15	0	.3986475	.6013525	0	0
1358.15	0	.3971189	.6028811	0	0
1357.15	0	.3955942	.6044058	0	0
1356.15	0	.3940733	.6059268	0	0
1355.15	0	.3925562	.6074438	0	0
1354.15	0	.391043	.608957	0	0
1353.15	0	.3895336	.6104664	0	0
1352.15	0	.3880281	.6119719	0	0
1351.15	0	.3865264	.6134736	0	0
1350.15	0	.3850286	.6149714	0	0
1349.15	0	.3835347	.6164654	0	0
1348.15	0	.3820446	.6179554	0	0
1347.15	0	.3805584	.6194416	0	0
1346.15	0	.3790761	.6209239	0	0
1345.15	0	.3775977	.6224024	0	0
1344.15	0	.3761231	.6238769	0	0
1343.15	0	.3746525	.6253475	0	0
1342.15	0	.3731858	.6268143	0	0
1341.15	0	.3717229	.6282771	0	0
1340.15	0	.370264	.629736	0	0
1339.15	0	.368809	.631191	0	0
1338.15	0	.367358	.632642	0	0
1337.15	0	.3659109	.6340891	0	0
1336.15	0	.3644677	.6355323	0	0
1335.15	0	.3630284	.6369716	0	0
1334.15	0	.3615931	.6384069	0	0
1333.15	0	.3601618	.6398382	0	0
1332.15	0	.3587345	.6412655	0	0
1331.15	0	.3573111	.6426889	0	0
1330.15	0	.3558917	.6441083	0	0
1329.15	0	.3544763	.6455237	0	0
1328.15	0	.3530648	.6469352	0	0
1327.15	0	.3516574	.6483426	0	0
1326.15	0	.350254	.649746	0	0
1325.15	0	.3488546	.6511454	0	0
1324.15	0	.3474593	.6525407	0	0
1323.15	0	.3460679	.6539321	0	0
1322.15	0	.3446807	.6553194	0	0
1321.15	0	.3432974	.6567026	0	0
1320.15	0	.3419182	.6580818	0	0
1319.15	0	.3405431	.6594569	0	0
1318.15	0	.3391721	.6608279	0	0
1317.15	0	.3378051	.6621949	0	0
1316.15	0	.3364423	.6635577	0	0
1315.15	0	.3350835	.6649165	0	0
1314.15	0	.3337289	.6662711	0	0
1313.15	0	.3323784	.6676217	0	0
1312.15	0	.331032	.6689681	0	0
1311.15	0	.3296897	.6703103	0	0
1310.15	0	.3283516	.6716484	0	0
1309.15	0	.3270176	.6729824	0	0
1308.15	0	.3256879	.6743121	0	0
1307.15	0	.3243623	.6756377	0	0
1306.15	0	.3230408	.6769592	0	0
1305.15	0	.3217236	.6782764	0	0
1304.15	0	.3204106	.6795894	0	0
1303.15	0	.3191018	.6808982	0	0
1302.15	0	.3177973	.6822027	0	0
1301.15	0	.316497	.683503	0	0
1300.15	0	.3152009	.6847991	0	0
1299.15	0	.3139091	.6860909	0	0
1298.15	0	.3126216	.6873784	0	0
1297.15	0	.3113384	.6886616	0	0
1296.15	0	.3100594	.6899406	0	0
1295.15	0	.3087848	.6912152	0	0
1294.15	0	.3075145	.6924855	0	0
1293.15	0	.3062486	.6937515	0	0
1292.15	0	.3049869	.6950131	0	0
1291.15	0	.3037297	.6962703	0	0
1290.15	0	.3024768	.6975232	0	0
1289.15	0	.3012283	.6987717	0	0
1288.15	0	.2999842	.7000158	0	0
1287.15	0	.2987445	.7012555	0	0
1286.15	0	.2975092	.7024908	0	0
1285.15	0	.2962784	.7037216	0	0
1284.15	0	.295052	.704948	0	0
1283.15	0	.2938301	.7061699	0	0
1282.15	0	.2926126	.7073874	0	0
1281.15	0	.2913997	.7086003	0	0
1280.15	0	.2901913	.7098088	0	0
1279.15	0	.2889873	.7110127	0	0
1278.15	0	.287788	.7122121	0	0
1277.15	0	.2865931	.7134069	0	0
1276.15	0	.2854029	.7145972	0	0
1275.15	0	.2842172	.7157828	0	0
1274.15	0	.2830361	.7169639	0	0
1273.15	0	.2818596	.7181404	0	0
1272.15	0	.2806877	.7193123	0	0
1271.15	0	.2795205	.7204795	0	0
1270.15	0	.278358	.721642	0	0
1269.15	0	.2772001	.7227999	0	0
1268.15	0	.2760469	.7239531	0	0
1267.15	0	.2748984	.7251016	0	0
1266.15	0	.2737547	.7262453	0	0
1265.15	0	.2726157	.7273843	0	0
1264.15	0	.2714814	.7285186	0	0
1263.15	0	.2703519	.7296481	0	0
1262.15	0	.2692273	.7307728	0	0
1261.15	0	.2681074	.7318926	0	0
1260.15	0	.2669923	.7330077	0	0
1259.15	0	.2658821	.7341179	0	0
1258.15	0	.2647768	.7352232	0	0
1257.15	0	.2636764	.7363237	0	0
1256.15	0	.2625808	.7374192	0	0
1255.15	0	.2614902	.7385098	0	0
1254.15	0	.2604045	.7395955	0	0
1253.15	0	.2593238	.7406762	0	0
1252.15	0	.258248	.741752	0	0
1251.15	0	.2571773	.7428227	0	0
1250.15	0	.2561115	.7438885	0	0
1249.15	0	.2550508	.7449492	0	0
1248.15	0	.2539952	.7460048	0	0
1247.15	0	.2529447	.7470554	0	0
1246.15	0	.2518992	.7481008	0	0
1245.15	0	.2508589	.7491411	0	0
1244.15	0	.2498237	.7501763	0	0
1243.15	0	.2487937	.7512064	0	0
1242.15	0	.2477688	.7522312	0	0
1241.15	0	.2467492	.7532508	0	0
1240.15	0	.2457348	.7542652	0	0
1239.15	0	.2447256	.7552744	0	0
1238.15	0	.2437218	.7562783	0	0
1237.15	0	.2427232	.7572768	0	0
1236.15	0	.2417299	.7582701	0	0
1235.15	0	.240742	.759258	0	0
1234.15	0	.2397594	.7602406	0	0
1233.15	0	.2387823	.7612177	0	0
1232.15	0	.2378105	.7621895	0	0
1231.15	0	.2368442	.7631558	0	0
1230.15	0	.2358834	.7641166	0	0
1229.15	0	.234928	.765072	0	0
1228.15	0	.2339782	.7660218	0	0
1227.15	0	.2330338	.7669662	0	0
1226.15	0	.2320951	.7679049	0	0
1225.15	0	.231162	.7688381	0	0
1224.15	0	.2302344	.7697656	0	0
1223.15	0	.2293125	.7706875	0	0
1222.15	0	.2283963	.7716037	0	0
1221.15	0	.2274857	.7725143	0	0
1220.15	0	.2265809	.7734191	0	0
1219.15	0	.2256818	.7743182	0	0
1218.15	0	.2247885	.7752115	0	0
1217.15	0	.223901	.776099	0	0
1216.15	0	.2230193	.7769807	0	0
1215.15	0	.2221435	.7778565	0	0
1214.15	0	.2212736	.7787264	0	0
1213.869	0	.22103	.7789701	0	0
1213.869	0	.22103	.7789701	0	0
1213.869	0	.22103	.7789701	0	0
1213.15	0	.2198962	.7798056	2.982112E-04	0
1212.15	0	.2183248	.780963	7.121745E-04	0
1211.15	0	.2167604	.7821146	.001125017	0
1210.15	0	.2152032	.7832601	.001536741	0
1209.15	0	.213653	.7843996	.00194735	0
1208.15	0	.21211	.7855332	.002356848	0
1207.15	0	.2105741	.7866606	.002765238	0
1206.15	0	.2090455	.787782	.003172523	0
1205.15	0	.207524	.7888973	.003578706	0
1204.15	0	.2060098	.7900064	.003983791	0
1203.15	0	.2045028	.7911094	.00438778	0
1202.15	0	.2030031	.7922062	.004790677	0
1201.15	0	.2015107	.7932968	.005192485	0
1200.15	0	.2000257	.7943811	.005593207	0
1199.15	0	.198548	.7954592	.005992846	0
1198.15	0	.1970777	.7965309	.006391405	0
1197.15	0	.1956148	.7975964	.006788887	0
1196.15	0	.1941593	.7986554	.007185295	0
1195.15	0	.1927113	.7997081	.007580632	0
1194.15	0	.1912708	.8007543	.007974901	0
1193.15	0	.1898379	.801794	.008368104	0
1192.15	0	.1884125	.8028273	.008760246	0
1191.15	0	.1869946	.803854	.009151328	0
1190.15	0	.1855844	.8048742	.009541353	0
1189.15	0	.1841819	.8058878	.009930325	0
1188.15	0	.182787	.8068948	.01031825	0
1187.15	0	.1813998	.8078951	.01070512	0
1186.15	0	.1800204	.8088887	.01109094	0
1185.15	0	.1786487	.8098756	.01147573	0
1184.15	0	.1772849	.8108557	.01185947	0
1183.15	0	.1759289	.811829	.01224218	0
1182.15	0	.1745807	.8127954	.01262385	0
1181.15	0	.1732405	.813755	.01300449	0
1180.15	0	.1719082	.8147077	.0133841	0
1179.15	0	.170584	.8156534	.01376268	0
1178.15	0	.1692677	.8165921	.01414024	0
1177.15	0	.1679595	.8175238	.01451678	0
1176.15	0	.1666593	.8184484	.01489229	0
1175.15	0	.1653673	.8193659	.01526679	0
1174.15	0	.1640835	.8202762	.01564028	0
1173.15	0	.1628079	.8211794	.01601275	0
1172.15	0	.1615405	.8220753	.01638421	0
1171.15	0	.1602814	.8229639	.01675467	0
1170.15	0	.1590307	.8238452	.01712412	0
1169.15	0	.1577883	.8247191	.01749257	0
1168.15	0	.1565543	.8255857	.01786002	0
1167.15	0	.1553288	.8264447	.01822647	0
1166.15	0	.1541117	.8272963	.01859192	0
1165.15	0	.1529033	.8281404	.01895638	0
1164.15	0	.1517034	.8289768	.01931985	0
1163.15	0	.1505121	.8298056	.01968233	0
1162.15	0	.1493295	.8306267	.02004382	0
1161.15	0	.1481555	.8314401	.02040433	0
1160.15	0	.1469904	.8322457	.02076385	0
1159.15	0	.1458341	.8330435	.02112239	0
1158.15	0	.1446866	.8338334	.02147996	0
1157.15	0	.1435481	.8346154	.02183655	0
1156.15	0	.1424185	.8353894	.02219216	0
1155.15	0	.1412979	.8361553	.0225468	0
1154.15	0	.1401862	.8369133	.02290048	0
1153.15	0	.1390838	.8376631	.02325318	0
1152.15	0	.1379905	.8384046	.02360491	0
1151.15	0	.1369064	.8391379	.02395568	0
1150.15	0	.1358315	.839863	.02430548	0
1149.15	0	.134766	.8405797	.02465433	0
1148.15	0	.1337099	.8412879	.02500221	0
1147.15	0	.1326631	.8419877	.02534914	0
1146.15	0	.1316259	.842679	.0256951	0
1145.15	0	.1305981	.8433618	.02604012	0
1144.15	0	.12958	.8440359	.02638418	0
1143.15	0	.1285714	.8447013	.0267273	0
1142.15	0	.1275726	.8453579	.02706946	0
1141.15	0	.1265836	.8460058	.02741067	0
1140.15	0	.1256043	.8466447	.02775094	0
1139.15	0	.1246349	.8472748	.02809026	0
1138.15	0	.1236755	.8478959	.02842865	0
1137.15	0	.122726	.8485079	.02876608	0
1136.15	0	.1217866	.8491108	.02910258	0
1135.15	0	.1208574	.8497045	.02943814	0
1134.15	0	.1199383	.850289	.02977277	0
1133.15	0	.1190294	.8508641	.03010646	0
1132.15	0	.1181309	.8514299	.03043921	0
1131.15	0	.1172427	.8519863	.03077103	0
1130.15	0	.116365	.8525331	.03110192	0
1129.15	0	.1154977	.8530704	.03143188	0
1128.15	0	.114641	.8535981	.03176091	0
1127.15	0	.113795	.854116	.03208901	0
1126.15	0	.1129597	.8546241	.03241619	0
1125.15	0	.1121351	.8551224	.03274244	0
1124.15	0	.1113214	.8556108	.03306777	0
1123.15	0	.1105186	.8560892	.03339217	0
1122.15	0	.1097268	.8565576	.03371565	0
1121.15	0	.108946	.8570158	.03403821	0
1120.15	0	.1081764	.8574637	.03435986	0
1119.15	0	.107418	.8579014	.03468058	0
1118.15	0	.1066708	.8583288	.03500038	0
1117.15	0	.105935	.8587457	.03531927	0
1116.15	0	.1052106	.8591521	.03563725	0
1115.15	0	.1044977	.859548	.0359543	0
1114.15	0	.1037964	.8599331	.03627045	0
1113.15	0	.1031067	.8603076	.03658568	0
1112.15	0	.1024288	.8606712	.0369	0
1111.15	0	.1017627	.8610239	.03721341	0
1110.15	0	.1011084	.8613656	.03752591	0
1109.15	0	.1004662	.8616963	.0378375	0
1108.15	0	.09983595	.8620159	.03814818	0
1107.15	0	.09921785	.8623242	.03845795	0
1106.15	0	.09861196	.8626212	.03876682	0
1105.15	0	.09801837	.8629069	.03907477	0
1104.15	0	.09743715	.863181	.03938183	0
1103.15	0	.09686839	.8634436	.03968797	0
1102.15	0	.09631217	.8636946	.03999321	0
1101.15	0	.09576858	.8639339	.04029755	0
1100.15	0	.0952377	.8641613	.04060098	0
1099.15	0	.09471963	.8643769	.04090351	0
1098.15	0	.09421444	.8645804	.04120514	0
1097.15	0	.09372223	.8647719	.04150586	0
1096.15	0	.09324308	.8649512	.04180568	0
1095.15	0	.09277708	.8651183	.04210461	0
1094.15	0	.09232433	.8652731	.04240262	0
1093.15	0	.0918849	.8654154	.04269974	0
1092.15	0	.0914589	.8655451	.04299596	0
1091.15	0	.09104641	.8656623	.04329128	0
1090.15	0	.09064753	.8657668	.04358569	0
1089.15	0	.09026234	.8658585	.04387921	0
1088.15	0	.08989094	.8659372	.04417182	0
1087.15	0	.08953342	.866003	.04446354	0
1086.15	0	.08918988	.8660558	.04475435	0
1085.15	0	.08886042	.8660953	.04504427	0
1084.15	0	.08854511	.8661216	.04533329	0
1083.15	0	.08824407	.8661345	.04562141	0
1082.15	0	.08795739	.866134	.04590862	0
1081.15	0	.08768516	.8661199	.04619494	0
1080.15	0	.08742747	.8660922	.04648036	0
1079.15	0	.08718444	.8660507	.04676488	0
1078.15	0	.08695615	.8659954	.0470485	0
1077.15	0	.0867427	.8659261	.04733122	0
1076.15	0	.08654419	.8658428	.04761304	0
1075.15	0	.08636072	.8657453	.04789395	0
1074.15	0	.08619239	.8656336	.04817397	0
1073.15	0	.0860393	.8655076	.04845309	0
1072.15	0	.08590154	.8653672	.0487313	0
1071.15	0	.08577921	.8652122	.04900861	0
1070.15	0	.08567243	.8650426	.04928503	0
1069.15	0	.08558127	.8648582	.04956053	0
1068.15	0	.08550586	.864659	.04983514	0
1067.15	0	.08544628	.8644449	.05010884	0
1066.15	0	.08540264	.8642157	.05038164	0
1065.15	0	.08537504	.8639714	.05065353	0
1064.15	0	.08536358	.8637119	.05092452	0
1063.15	0	.08536836	.863437	.0511946	0
1062.15	0	.08538948	.8631467	.05146378	0
1061.15	0	.08542704	.8628409	.05173205	0
1060.15	0	.08548114	.8625194	.05199941	0
1059.15	0	.08555189	.8621823	.05226586	0
1058.15	0	.08563939	.8618292	.0525314	0
1057.15	0	.08574373	.8614602	.05279604	0
1056.15	0	.08586501	.8610752	.05305976	0
1055.15	0	.08600334	.8606741	.05332257	0
1054.15	0	.08615882	.8602567	.05358447	0
1053.15	0	.08633155	.859823	.05384545	0
1052.15	0	.08652162	.8593729	.05410552	0
1051.15	0	.08672914	.8589062	.05436467	0
1050.15	0	.0869542	.8584229	.05462291	0
1049.15	0	.08719691	.8579229	.05488023	0
1048.15	0	.08745735	.857406	.05513663	0
1047.15	0	.08773564	.8568723	.05539211	0
1046.15	0	.08803186	.8563215	.05564666	0
1045.15	0	.08834611	.8557536	.0559003	0
1044.15	0	.08867849	.8551685	.05615301	0
1043.15	0	.0890291	.8545661	.0564048	0
1042.15	0	.08939802	.8539463	.05665565	0
1041.15	0	.08978535	.8533091	.05690559	0
1040.15	0	.09019119	.8526542	.05715459	0
1039.15	0	.09061563	.8519817	.05740266	0
1038.15	0	.09105875	.8512915	.0576498	0
1037.15	0	.09152066	.8505833	.057896	0
1036.15	0	.09200143	.8498573	.05814127	0
1035.15	0	.09250116	.8491132	.0583856	0
1034.15	0	.09301993	.8483511	.05862899	0
1033.15	0	.09355783	.8475707	.05887144	0
1032.15	0	.09411495	.8467721	.05911295	0
1031.15	0	.09469137	.8459551	.05935352	0
1030.15	0	.09528717	.8451197	.05959313	0
1029.15	0	.09590243	.8442658	.0598318	0
1028.15	0	.09653723	.8433932	.06006952	0
1027.15	0	.09719166	.8425021	.06030629	0
1026.15	0	.09786578	.8415921	.0605421	0
1025.15	0	.09855968	.8406634	.06077696	0
1024.15	0	.09927343	.8397157	.06101085	0
1023.15	0	.1000071	.8387491	.06124379	0
1022.15	0	.1007608	.8377635	.06147576	0
1021.15	0	.1015345	.8367588	.06170677	0
1020.15	0	.1023283	.8357349	.06193681	0
1019.15	0	.1031424	.8346918	.06216588	0
1018.15	0	.1039766	.8336294	.06239397	0
1017.15	0	.1048312	.8325477	.0626211	0
1016.15	0	.1057062	.8314465	.06284724	0
1015.15	0	.1066016	.830326	.0630724	0
1014.15	0	.1075175	.8291859	.06329657	0
1013.15	0	.108454	.8280263	.06351977	0
1012.15	0	.109411	.826847	.06374197	0
1011.15	0	.1103887	.8256481	.06396317	0
1010.15	0	.111387	.8244296	.06418339	0
1009.15	0	.1124061	.8231913	.0644026	0
1008.15	0	.113446	.8219332	.06462081	0
1007.15	0	.1145067	.8206553	.06483802	0
1006.15	0	.1155882	.8193576	.06505421	0
1005.15	0	.1166906	.81804	.0652694	0
1004.15	0	.1178139	.8167026	.06548357	0
1003.15	0	.1189581	.8153452	.06569672	0
1002.15	0	.1201233	.8139678	.06590884	0
1001.15	0	.1213095	.8125705	.06611994	0
1000.15	0	.1225167	.8111533	.06633001	0
999.15	0	.1237449	.809716	.06653904	0
998.15	0	.1249942	.8082588	.06674704	0
997.15	0	.1262645	.8067815	.06695399	0
996.15	0	.1275559	.8052842	.06715989	0
995.15	0	.1288683	.803767	.06736474	0
994.15	0	.1302018	.8022297	.06756853	0
993.15	0	.1315563	.8006724	.06777126	0
992.15	0	.1329319	.7990951	.06797292	0
991.15	0	.1343286	.7974979	.06817352	0
990.15	0	.1357463	.7958807	.06837303	0
989.15	0	.137185	.7942435	.06857146	0
988.15	0	.1386448	.7925864	.06876881	0
987.15	0	.1401255	.7909095	.06896506	0
986.15	0	.1416272	.7892126	.06916021	0
985.15	0	.1431498	.787496	.06935426	0
984.15	0	.1446933	.7857595	.0695472	0
983.15	0	.1462576	.7840033	.06973902	0
982.15	0	.1478429	.7822274	.06992971	0
981.15	0	.1494489	.7804319	.07011928	0
980.15	0	.1510756	.7786167	.0703077	0
979.15	0	.152723	.776782	.07049499	0
978.15	0	.1543911	.7749278	.07068112	0
977.15	0	.1560798	.7730541	.0708661	0
976.15	0	.1577889	.7711612	.07104991	0
975.15	0	.1595186	.7692489	.07123254	0
974.15	0	.1612686	.7673174	.07141399	0
973.15	0	.163039	.7653668	.07159425	0
972.15	0	.1648296	.7633971	.07177332	0
971.15	0	.1666403	.7614085	.07195117	0
970.15	0	.1684712	.759401	.07212781	0
969.15	0	.170322	.7573747	.07230322	0
968.15	0	.1721928	.7553298	.0724774	0
967.15	0	.1740834	.7532663	.07265033	0
966.15	0	.1759937	.7511843	.072822	0
965.15	0	.1779236	.749084	.0729924	0
964.15	0	.179873	.7469654	.07316153	0
963.15	0	.1818419	.7448288	.07332937	0
962.15	0	.18383	.7426741	.07349591	0
961.15	0	.1858373	.7405016	.07366114	0
960.15	0	.1878637	.7383113	.07382504	0
959.15	0	.1899089	.7361035	.0739876	0
958.15	0	.191973	.7338782	.07414882	0
957.15	0	.1940558	.7316356	.07430866	0
956.15	0	.1961571	.7293758	.07446714	0
955.15	0	.1982768	.727099	.07462421	0
954.15	0	.2004147	.7248054	.07477988	0
953.15	0	.2025708	.7224951	.07493413	0
952.15	0	.2047448	.7201683	.07508693	0
951.15	0	.2069366	.7178252	.07523829	0
950.15	0	.209146	.7154658	.07538816	0
949.15	0	.2113729	.7130905	.07553655	0
948.15	0	.2136171	.7106994	.07568343	0
947.15	0	.2158785	.7082927	.07582878	0
946.15	0	.2181568	.7058706	.07597259	0
945.15	0	.220452	.7034332	.07611483	0
944.15	0	.2227637	.7009808	.07625548	0
943.15	0	.2250918	.6985137	.07639453	0
942.15	0	.2274362	.6960319	.07653194	0
941.15	0	.2297966	.6935357	.0766677	0
940.15	0	.2321728	.6910254	.07680178	0
939.15	0	.2345647	.6885012	.07693416	0
938.15	0	.236972	.6859632	.07706481	0
937.15	0	.2393945	.6834118	.07719371	0
936.15	0	.2418319	.6808472	.07732082	0
935.15	0	.2441989	.678353	.07744809	0
934.15	0	.2465917	.6758354	.07757291	0
933.15	0	.2490239	.6732811	.07769494	0
932.15	0	.2514934	.6706924	.07781421	0
931.15	0	.2539979	.6680713	.07793077	0
930.15	0	.2565354	.66542	.07804466	0
929.15	0	.2591038	.6627403	.0781559	0
928.15	0	.2617012	.6600343	.07826454	0
927.15	0	.2643258	.6573036	.0783706	0
926.15	0	.2669758	.6545501	.07847411	0
925.15	0	.2696495	.6517754	.07857511	0
924.15	0	.2723453	.6489811	.0786736	0
923.15	0	.2750615	.6461689	.07876963	0
922.15	0	.2777967	.6433401	.0788632	0
921.15	0	.2805493	.6404963	.07895435	0
920.15	0	.2833181	.6376388	.07904308	0
919.15	0	.2861015	.6347691	.07912943	0
918.15	0	.2888983	.6318882	.07921342	0
917.15	0	.2917073	.6289977	.07929504	0
916.15	0	.2945271	.6260985	.07937433	0
915.15	0	.2973567	.623192	.0794513	0
914.15	0	.3001948	.6202792	.07952597	0
913.15	0	.3030404	.6173613	.07959835	0
912.15	0	.3058924	.6144392	.07966845	0
911.15	0	.3087497	.611514	.0797363	0
910.15	0	.3116114	.6085867	.0798019	0
909.15	0	.3144766	.6056582	.07986526	0
908.15	0	.3173442	.6027294	.0799264	0
907.15	0	.3202134	.5998013	.07998534	0
906.15	0	.3230833	.5968747	.08004208	0
905.15	0	.325953	.5939503	.08009665	0
904.15	0	.3288218	.5910292	.08014904	0
903.15	0	.3316888	.5881119	.08019928	0
902.15	0	.3345534	.5851993	.08024738	0
901.15	0	.3374146	.582292	.08029334	0
900.15	0	.3402719	.5793909	.08033719	0
899.15	0	.3431245	.5764965	.08037893	0
898.15	0	.3459718	.5736096	.08041859	0
897.15	0	.3488131	.5707307	.08045616	0
896.15	0	.3516477	.5678606	.08049167	0
895.15	0	.3544751	.5649998	.08052513	0
894.15	0	.3572947	.5621488	.08055656	0
893.15	0	.3601058	.5593083	.08058596	0
892.15	0	.362908	.5564787	.08061335	0
891.15	0	.3657006	.5536607	.08063874	0
890.15	0	.3684832	.5508546	.08066216	0
889.15	0	.3712553	.5480611	.08068361	0
888.15	0	.3740163	.5452806	.08070312	0
887.15	0	.3767659	.5425134	.08072069	0
886.15	0	.3795035	.5397602	.08073634	0
885.15	0	.3822287	.5370213	.0807501	0
884.15	0	.384941	.534297	.08076197	0
883.15	0	.3876401	.5315879	.08077198	0
882.15	0	.3903256	.5288943	.08078013	0
881.15	0	.3929971	.5262165	.08078646	0
880.15	0	.3956541	.5235549	.08079097	0
879.15	0	.3982965	.5209098	.08079369	0
878.15	0	.4009237	.5182817	.08079464	0
877.15	0	.4035355	.5156706	.08079383	0
876.15	0	.4061316	.5130771	.08079129	0
875.15	0	.4087117	.5105013	.08078702	0
874.15	0	.4112755	.5079435	.08078107	0
873.15	0	.4138226	.505404	.08077343	0
872.15	0	.4163529	.5028829	.08076415	0
871.15	0	.4188661	.5003807	.08075323	0
870.15	0	.4213619	.4978974	.0807407	0
869.15	0	.4238402	.4954332	.08072658	0
868.15	0	.4263007	.4929884	.08071089	0
867.15	0	.4287432	.4905632	.08069365	0
866.15	0	.4311675	.4881576	.08067489	0
865.15	0	.4335735	.4857719	.08065463	0
864.15	0	.4359609	.4834062	.08063289	0
863.15	0	.4383297	.4810606	.08060969	0
862.15	0	.4406797	.4787353	.08058506	0
861.15	0	.4430107	.4764303	.08055902	0
860.15	0	.4453227	.4741457	.08053159	0
859.15	0	.4476155	.4718817	.0805028	0
858.15	0	.449889	.4696383	.08047266	0
857.15	0	.4521432	.4674156	.08044121	0
856.15	0	.4543779	.4652136	.08040846	0
855.15	0	.4565932	.4630324	.08037444	0
854.15	0	.4587889	.4608719	.08033917	0
853.15	0	.460965	.4587323	.08030268	0
852.15	0	.4631215	.4566135	.08026498	0
851.15	0	.4652584	.4545155	.0802261	0
850.15	0	.4673756	.4524384	.08018606	0
849.15	0	.4694731	.450382	.08014489	0
848.15	0	.4715509	.4483465	.0801026	0
847.15	0	.4736091	.4463316	.08005922	0
846.15	0	.4756477	.4443375	.08001478	0
845.15	0	.4776667	.4423641	.07996928	0
844.15	0	.4796661	.4404112	.07992277	0
843.15	0	.4816459	.4384788	.07987524	0
842.15	0	.4836064	.4365669	.07982673	0
841.15	0	.4855474	.4346754	.07977726	0
840.15	0	.4874691	.4328041	.07972685	0
839.15	0	.4893715	.430953	.07967551	0
838.15	0	.4912547	.429122	.07962327	0
837.15	0	.4931189	.427311	.07957015	0
836.15	0	.494964	.4255198	.07951617	0
835.15	0	.4967903	.4237484	.07946134	0
834.15	0	.4985977	.4219966	.07940568	0
833.15	0	.5003865	.4202643	.07934922	0
832.15	0	.5021567	.4185513	.07929196	0
831.15	0	.5039085	.4168576	.07923393	0
830.15	0	.505642	.4151829	.07917515	0
829.15	0	.5073572	.4135271	.07911563	0
828.15	0	.5090545	.4118901	.07905539	0
827.15	0	.5107338	.4102718	.07899444	0
826.15	0	.5123953	.4086719	.07893281	0
825.15	0	.5140392	.4070903	.0788705	0
824.15	0	.5156656	.4055269	.07880753	0
823.15	0	.5172747	.4039814	.07874392	0
822.15	0	.5188666	.4024538	.07867968	0
821.15	0	.5204414	.4009437	.07861483	0
820.15	0	.5219994	.3994512	.07854938	0
819.15	0	.5235407	.397976	.07848334	0
818.15	0	.5250654	.3965179	.07841672	0
817.15	0	.5265737	.3950768	.07834955	0
816.15	0	.5280658	.3936524	.07828183	0
815.15	0	.5295418	.3922447	.07821358	0
814.15	0	.5310019	.3908533	.0781448	0
813.15	0	.5324462	.3894783	.07807551	0
812.15	0	.533875	.3881193	.07800573	0
811.15	0	.5352884	.3867762	.07793546	0
810.15	0	.5366865	.3854488	.07786471	0
809.15	0	.5380696	.3841369	.0777935	0
808.15	0	.5394377	.3828405	.07772183	0
807.15	0	.5407911	.3815592	.07764972	0
806.15	0	.5421299	.3802929	.07757718	0
805.15	0	.5434543	.3790415	.07750421	0
804.15	0	.5447645	.3778047	.07743083	0
803.15	0	.5460605	.3765824	.07735705	0
802.15	0	.5473426	.3753745	.07728288	0
801.15	0	.548611	.3741807	.07720831	0
800.15	0	.5498658	.3730009	.07713338	0
799.15	0	.5511071	.3718348	.07705808	0
798.15	0	.5523351	.3706825	.07698242	0
797.15	0	.55355	.3695436	.07690641	0
796.15	0	.5547519	.368418	.07683006	0
795.15	0	.5559411	.3673056	.07675338	0
794.15	0	.5571175	.3662061	.07667637	0
793.15	0	.5582815	.3651195	.07659905	0
792.15	0	.5594331	.3640455	.07652142	0
791.15	0	.5605725	.3629841	.07644349	0
790.15	0	.5616998	.361935	.07636527	0
789.15	0	.5628152	.3608981	.07628676	0
788.15	0	.5639188	.3598732	.07620798	0
787.15	0	.5650108	.3588603	.07612892	0
786.15	0	.5660913	.3578591	.07604961	0
785.15	0	.5671605	.3568695	.07597003	0
784.15	0	.5682185	.3558913	.07589021	0
783.15	0	.5692654	.3549245	.07581015	0
782.15	0	.5703013	.3539689	.07572985	0
781.15	0	.5713264	.3530242	.07564933	0
780.15	0	.5723409	.3520905	.07556858	0
779.15	0	.5733448	.3511676	.07548762	0
778.15	0	.5743383	.3502552	.07540645	0
777.15	0	.5753215	.3493534	.07532508	0
776.15	0	.5762946	.3484619	.07524351	0
775.15	0	.5772576	.3475807	.07516176	0
774.15	0	.5782106	.3467096	.07507982	0
773.15	0	.5791539	.3458484	.07499771	0
772.15	0	.5800874	.3449971	.07491543	0
771.15	0	.5810114	.3441556	.07483298	0
770.1562	0	.5819204	.3433288	.07475089	0
770.1562	0	.5819204	.3433288	.07475089	0
770.1562	0	.5819204	.3433288	.07475089	0
770.15	0	.5819449	.3432969	.07474187	1.633463E-05
769.15	0	.585881	.3381809	.07328968	.002648368
768.15	0	.5897346	.3331587	.07185735	.005249365
767.15	0	.5935075	.3282282	.07044452	.007819842
766.15	0	.5972015	.3233873	.06905084	.01036031
765.15	0	.6008185	.3186343	.06767598	.01287125
764.15	0	.6043602	.3139671	.06631961	.01535315
763.15	0	.6078282	.3093839	.0649814	.01780649
762.15	0	.6112243	.304883	.06366104	.02023172
761.15	0	.61455	.3004625	.06235822	.02262931
760.15	0	.6178069	.2961208	.06107262	.02499968
759.15	0	.6209965	.2918562	.05980397	.02734328
758.15	0	.6241204	.2876671	.05855195	.02966053
757.15	0	.62718	.2835519	.05731629	.03195185
756.15	0	.6301767	.2795089	.05609669	.03421765
755.15	0	.6331119	.2755368	.05489289	.03645832
754.15	0	.635987	.2716341	.05370462	.03867427
753.15	0	.6388033	.2677992	.0525316	.04086587
752.15	0	.6415621	.2640308	.05137358	.04303351
751.15	0	.6442647	.2603275	.05023029	.04517756
750.15	0	.6469122	.2566879	.04910149	.04729838
749.15	0	.6495059	.2531108	.04798692	.04939634
748.15	0	.6520471	.2495948	.04688635	.05147178
747.15	0	.6545367	.2461387	.04579952	.05352505
746.15	0	.6569761	.2427412	.04472621	.0555565
745.15	0	.6593662	.2394012	.04366618	.05756646
744.15	0	.6617082	.2361174	.04261921	.05955525
743.15	0	.664003	.2328887	.04158507	.06152321
742.15	0	.6662519	.229714	.04056354	.06347064
741.15	0	.6684556	.2265921	.03955439	.06539786
740.15	0	.6706153	.2235221	.03855744	.06730519
739.15	0	.6727319	.2205027	.03757245	.06919291
738.15	0	.6748064	.2175331	.03659922	.07106134
737.15	0	.6768396	.2146121	.03563755	.07291076
736.15	0	.6788325	.2117388	.03468725	.07474145
735.15	0	.6807859	.2089122	.03374811	.07655372
734.15	0	.6827008	.2061314	.03281995	.07834783
733.15	0	.6845779	.2033955	.03190257	.08012405
732.15	0	.6864181	.2007034	.03099578	.08188267
731.15	0	.6882223	.1980544	.03009941	.08362394
730.15	0	.6899911	.1954475	.02921328	.08534812
729.15	0	.6917253	.192882	.02833719	.08705548
728.15	0	.6934258	.1903569	.027471	.08874627
727.15	0	.6950933	.1878715	.02661452	.09042073
726.15	0	.6967284	.1854249	.02576758	.09207912
725.15	0	.6983319	.1830164	.02493001	.09372166
724.15	0	.6999045	.1806452	.02410167	.09534861
723.15	0	.7014468	.1783106	.02328238	.09696019
722.15	0	.7029596	.1760118	.022472	.09855664
721.15	0	.7044434	.1737481	.02167036	.1001382
720.15	0	.7058989	.1715188	.02087732	.101705
719.15	0	.7073267	.1693232	.02009272	.1032574
718.15	0	.7087274	.1671606	.01931643	.1047956
717.15	0	.7101017	.1650304	.0185483	.1063197
716.15	0	.7114499	.162932	.01778818	.1078299
715.15	0	.7127729	.1608646	.01703595	.1093266
714.15	0	.7140711	.1588277	.01629146	.1108098
713.15	0	.7153449	.1568207	.01555458	.1122798
712.15	0	.7165951	.154843	.01482518	.1137368
711.15	0	.717822	.152894	.01410314	.1151809
710.15	0	.7190262	.1509731	.01338832	.1166124
709.15	0	.7202082	.1490798	.01268061	.1180314
708.15	0	.7213684	.1472136	.01197988	.1194382
707.15	0	.7225073	.1453738	.01128601	.1208329
706.15	0	.7236254	.1435601	.01059889	.1222156
705.15	0	.7247231	.1417718	.009918404	.1235866
704.15	0	.725801	.1400085	.009244437	.1249461
703.15	0	.7268593	.1382697	.008576879	.1262941
702.15	0	.7278985	.136555	.007915623	.1276309
701.15	0	.728919	.1348638	.007260562	.1289567
700.15	0	.7299213	.1331956	.006611592	.1302715
699.15	0	.7309056	.1315502	.005968612	.1315756
698.15	0	.7318725	.1299269	.00533152	.1328691
697.15	0	.7328222	.1283254	.004700219	.1341522
696.15	0	.7337552	.1267453	.004074612	.1354249
695.15	0	.7346717	.1251861	.003454604	.1366875
694.15	0	.7355722	.1236475	.002840103	.1379402
693.15	0	.7364569	.1221291	.002231018	.1391829
692.15	0	.7373263	.1206304	.001627259	.140416
691.15	0	.7381806	.1191511	.001028738	.1416395
690.15	0	.7390201	.1176909	4.353707E-04	.1428536
689.4108	0	.7396315	.1166235	0	.1437451
689.4108	0	.7396315	.1166235	0	.1437451
689.15	0	.7396542	.1165367	0	.143809
688.15	0	.7397398	.116208	0	.1440522
687.15	0	.7398227	.1158853	0	.1442921
686.15	0	.7399028	.1155685	0	.1445287
685.15	0	.7399802	.1152577	0	.1447621
684.15	0	.740055	.1149526	0	.1449924
683.15	0	.7401272	.1146532	0	.1452195
682.15	0	.7401969	.1143595	0	.1454436
681.15	0	.7402641	.1140712	0	.1456647
680.15	0	.7403289	.1137884	0	.1458827
679.15	0	.7403912	.1135109	0	.1460978
678.15	0	.7404512	.1132387	0	.14631
677.15	0	.7405089	.1129717	0	.1465194
676.15	0	.7405643	.1127098	0	.1467259
675.15	0	.7406175	.1124528	0	.1469297
674.15	0	.7406685	.1122008	0	.1471307
673.15	0	.7407173	.1119537	0	.147329
672.15	0	.740764	.1117113	0	.1475247
671.15	0	.7408086	.1114737	0	.1477177
670.15	0	.7408512	.1112406	0	.1479082
669.15	0	.7408918	.1110121	0	.1480961
668.15	0	.7409303	.1107881	0	.1482816
667.15	0	.740967	.1105685	0	.1484645
666.15	0	.7410017	.1103532	0	.1486451
665.15	0	.7410346	.1101422	0	.1488232
664.15	0	.7410656	.1099354	0	.148999
663.15	0	.7410947	.1097328	0	.1491725
662.15	0	.7411222	.1095341	0	.1493437
661.15	0	.7411478	.1093395	0	.1495127
660.15	0	.7411717	.1091488	0	.1496794
659.15	0	.741194	.108962	0	.149844
658.15	0	.7412146	.108779	0	.1500064
657.15	0	.7412335	.1085997	0	.1501668
656.15	0	.7412508	.1084242	0	.150325
655.15	0	.7412666	.1082522	0	.1504812
654.15	0	.7412808	.1080838	0	.1506354
653.15	0	.7412934	.1079189	0	.1507876
652.15	0	.7413046	.1077575	0	.1509379
651.15	0	.7413143	.1075994	0	.1510863
650.15	0	.7413225	.1074447	0	.1512327
649.15	0	.7413293	.1072933	0	.1513774
648.15	0	.7413348	.1071451	0	.1515201
647.15	0	.7413388	.1070001	0	.1516612
646.15	0	.7413414	.1068582	0	.1518004
645.15	0	.7413428	.1067193	0	.1519379
644.15	0	.7413428	.1065835	0	.1520737
643.15	0	.7413415	.1064507	0	.1522078
642.15	0	.741339	.1063207	0	.1523403
641.15	0	.7413352	.1061937	0	.1524712
640.15	0	.7413302	.1060694	0	.1526004
639.15	0	.7413239	.105948	0	.1527281
638.15	0	.7413165	.1058292	0	.1528542
637.15	0	.7413079	.1057132	0	.1529789
636.15	0	.7412982	.1055998	0	.153102
635.15	0	.7412874	.105489	0	.1532237
634.15	0	.7412754	.1053807	0	.1533439
633.15	0	.7412623	.1052749	0	.1534628
632.15	0	.7412482	.1051716	0	.1535802
631.15	0	.741233	.1050707	0	.1536962
630.15	0	.7412168	.1049723	0	.153811
629.15	0	.7411995	.1048761	0	.1539244
628.15	0	.7411813	.1047823	0	.1540365
627.15	0	.741162	.1046907	0	.1541473
626.15	0	.7411418	.1046013	0	.1542569
625.15	0	.7411207	.1045141	0	.1543652
624.15	0	.7410985	.1044291	0	.1544724
623.15	0	.7410755	.1043462	0	.1545783
622.15	0	.7410516	.1042653	0	.1546831
621.15	0	.7410267	.1041865	0	.1547867
620.15	0	.741001	.1041097	0	.1548893
619.15	0	.7409744	.1040349	0	.1549907
618.15	0	.740947	.103962	0	.155091
617.15	0	.7409187	.103891	0	.1551903
616.15	0	.7408897	.1038219	0	.1552885
615.15	0	.7408598	.1037546	0	.1553857
614.15	0	.7408291	.1036891	0	.1554818
613.15	0	.7407976	.1036254	0	.155577
612.15	0	.7407654	.1035634	0	.1556713
611.15	0	.7407324	.1035031	0	.1557645
610.15	0	.7406986	.1034445	0	.1558569
609.15	0	.7406642	.1033876	0	.1559483
608.15	0	.740629	.1033322	0	.1560388
607.15	0	.7405931	.1032785	0	.1561284
606.15	0	.7405565	.1032263	0	.1562172
605.15	0	.7405192	.1031757	0	.1563051
604.15	0	.7404813	.1031265	0	.1563922
603.15	0	.7404427	.1030789	0	.1564784
602.15	0	.7404035	.1030327	0	.1565639
601.15	0	.7403636	.1029879	0	.1566485
600.15	0	.7403231	.1029445	0	.1567324
599.15	0	.7402819	.1029025	0	.1568156
598.15	0	.7402402	.1028618	0	.156898
597.15	0	.7401979	.1028225	0	.1569796
596.15	0	.740155	.1027844	0	.1570606
595.15	0	.7401115	.1027477	0	.1571408
594.15	0	.7400675	.1027122	0	.1572204
593.15	0	.7400229	.1026779	0	.1572992
592.15	0	.7399778	.1026448	0	.1573774
591.15	0	.7399321	.1026129	0	.157455
590.15	0	.7398859	.1025822	0	.1575319
589.15	0	.7398392	.1025526	0	.1576082
588.15	0	.739792	.1025241	0	.1576839
587.15	0	.7397443	.1024967	0	.157759
586.15	0	.7396961	.1024704	0	.1578335
585.15	0	.7396474	.1024451	0	.1579075
584.15	0	.7395983	.1024209	0	.1579809
583.15	0	.7395487	.1023976	0	.1580537
582.15	0	.7394986	.1023754	0	.158126
581.15	0	.7394482	.1023541	0	.1581977
580.15	0	.7393976	.1023339	0	.1582685
579.15	0	.7393462	.1023145	0	.1583393
578.15	0	.7392945	.102296	0	.1584095
577.15	0	.7392423	.1022785	0	.1584793
576.15	0	.7391897	.1022618	0	.1585486
575.15	0	.7391367	.102246	0	.1586174
574.15	0	.7390833	.102231	0	.1586857
573.15	0	.7390295	.1022168	0	.1587537
572.15	0	.7389754	.1022035	0	.1588211
571.15	0	.7389209	.1021909	0	.1588882
570.15	0	.7388661	.1021791	0	.1589548
569.15	0	.7388109	.1021681	0	.159021
568.15	0	.7387554	.1021578	0	.1590868
567.15	0	.7386995	.1021483	0	.1591522
566.15	0	.7386433	.1021394	0	.1592173
565.15	0	.7385868	.1021313	0	.159282
564.15	0	.73853	.1021238	0	.1593463
563.15	0	.7384728	.102117	0	.1594102
562.15	0	.7384154	.1021108	0	.1594738
561.15	0	.7383577	.1021053	0	.159537
560.15	0	.7382997	.1021004	0	.1596
559.15	0	.7382414	.1020961	0	.1596625
558.15	0	.7381828	.1020924	0	.1597248
557.15	0	.738124	.1020893	0	.1597868
556.15	0	.7380649	.1020867	0	.1598484
555.15	0	.7380056	.1020847	0	.1599098
554.15	0	.737946	.1020832	0	.1599708
553.15	0	.7378862	.1020822	0	.1600316
552.15	0	.7378261	.1020818	0	.1600921
551.15	0	.7377658	.1020818	0	.1601523
550.15	0	.7377053	.1020824	0	.1602123
549.15	0	.7376446	.1020834	0	.160272
548.15	0	.7375837	.1020849	0	.1603315
547.15	0	.7375225	.1020868	0	.1603907
546.15	0	.7374612	.1020891	0	.1604497
545.15	0	.7373996	.1020919	0	.1605085
544.15	0	.7373379	.1020951	0	.160567
543.15	0	.737276	.1020987	0	.1606253
542.15	0	.7372139	.1021027	0	.1606834
541.15	0	.7371517	.1021071	0	.1607413
540.15	0	.7370893	.1021118	0	.1607989
539.15	0	.7370267	.1021169	0	.1608564
538.15	0	.736964	.1021224	0	.1609137
537.15	0	.7369011	.1021281	0	.1609708
536.15	0	.7368381	.1021342	0	.1610277
535.15	0	.7367749	.1021407	0	.1610845
534.15	0	.7367116	.1021474	0	.161141
533.15	0	.7366482	.1021544	0	.1611974
532.15	0	.7365846	.1021617	0	.1612537
531.15	0	.736521	.1021693	0	.1613097
530.15	0	.7364572	.1021771	0	.1613657
529.15	0	.7363933	.1021853	0	.1614215
528.15	0	.7363293	.1021936	0	.1614771
527.15	0	.7362652	.1022022	0	.1615326
526.15	0	.7362011	.102211	0	.1615879
525.15	0	.7361368	.10222	0	.1616432
524.15	0	.7360724	.1022293	0	.1616983
523.15	0	.736008	.1022387	0	.1617533
522.15	0	.7359435	.1022484	0	.1618081
521.15	0	.7358789	.1022582	0	.1618629
520.15	0	.7358143	.1022682	0	.1619175
519.15	0	.7357496	.1022784	0	.1619721
518.15	0	.7356848	.1022887	0	.1620265
517.15	0	.73562	.1022992	0	.1620808
516.15	0	.7355551	.1023098	0	.162135
515.15	0	.7354902	.1023206	0	.1621892
514.15	0	.7354253	.1023315	0	.1622432
513.15	0	.7353603	.1023425	0	.1622972
512.15	0	.7352953	.1023536	0	.1623511
511.15	0	.7352303	.1023648	0	.1624049
510.15	0	.7351652	.1023761	0	.1624586
509.15	0	.7351002	.1023875	0	.1625123
508.15	0	.7350351	.102399	0	.1625659
507.15	0	.73497	.1024106	0	.1626194
506.15	0	.7349049	.1024222	0	.1626729
505.15	0	.7348398	.1024339	0	.1627263
504.15	0	.7347747	.1024457	0	.1627796
503.15	0	.7347096	.1024575	0	.1628329
502.15	0	.7346446	.1024693	0	.1628862
501.15	0	.7345795	.1024812	0	.1629394
500.15	0	.7345145	.102493	0	.1629925
499.15	0	.7344495	.1025049	0	.1630456
498.15	0	.7343845	.1025169	0	.1630987
497.15	0	.7343195	.1025288	0	.1631517
496.15	0	.7342546	.1025407	0	.1632047
495.15	0	.7341897	.1025526	0	.1632576
494.15	0	.7341249	.1025646	0	.1633106
493.15	0	.7340601	.1025764	0	.1633635
492.15	0	.7339954	.1025883	0	.1634163
491.15	0	.7339307	.1026002	0	.1634692
490.15	0	.733866	.102612	0	.163522
489.15	0	.7338015	.1026237	0	.1635748
488.15	0	.733737	.1026354	0	.1636276
487.15	0	.7336725	.1026471	0	.1636804
486.15	0	.7336082	.1026587	0	.1637332
485.15	0	.7335439	.1026702	0	.1637859
484.15	0	.7334797	.1026817	0	.1638387
483.15	0	.7334155	.1026931	0	.1638914
482.15	0	.7333515	.1027044	0	.1639442
481.15	0	.7332875	.1027156	0	.1639969
480.15	0	.7332237	.1027267	0	.1640496
479.15	0	.7331599	.1027377	0	.1641024
478.15	0	.7330962	.1027487	0	.1641551
477.15	0	.7330327	.1027595	0	.1642078
476.15	0	.7329692	.1027702	0	.1642606
475.15	0	.7329059	.1027808	0	.1643133
474.15	0	.7328426	.1027913	0	.1643661
473.15	0	.7327795	.1028016	0	.1644189
472.15	0	.7327165	.1028118	0	.1644717
471.15	0	.7326536	.1028219	0	.1645245
470.15	0	.7325909	.1028319	0	.1645773
469.15	0	.7325282	.1028416	0	.1646301
468.15	0	.7324658	.1028513	0	.164683
467.15	0	.7324034	.1028608	0	.1647358
466.15	0	.7323412	.1028701	0	.1647887
465.15	0	.7322791	.1028793	0	.1648417
464.15	0	.7322171	.1028883	0	.1648946
463.15	0	.7321554	.1028971	0	.1649476
462.15	0	.7320937	.1029057	0	.1650006
461.15	0	.7320322	.1029142	0	.1650536
460.15	0	.7319709	.1029225	0	.1651066
459.15	0	.7319097	.1029306	0	.1651597
458.15	0	.7318487	.1029385	0	.1652128
457.15	0	.7317878	.1029462	0	.165266
456.15	0	.7317272	.1029537	0	.1653191
455.15	0	.7316666	.102961	0	.1653723
454.15	0	.7316063	.1029681	0	.1654256
453.15	0	.7315461	.102975	0	.1654789
452.15	0	.7314861	.1029817	0	.1655322
451.15	0	.7314263	.1029881	0	.1655856
450.15	0	.7313667	.1029943	0	.165639
449.15	0	.7313073	.1030003	0	.1656924
448.15	0	.7312482	.1030059	0	.1657459
447.15	0	.7311892	.1030113	0	.1657995
446.15	0	.7311305	.1030165	0	.1658531
445.15	0	.7310719	.1030214	0	.1659067
444.15	0	.7310136	.103026	0	.1659604
443.15	0	.7309556	.1030303	0	.1660142
442.15	0	.7308978	.1030343	0	.166068
441.15	0	.7308402	.1030379	0	.1661219
440.15	0	.7307829	.1030413	0	.1661758
439.15	0	.7307259	.1030443	0	.1662298
438.15	0	.7306692	.103047	0	.1662838
437.15	0	.7306127	.1030493	0	.166338
436.15	0	.7305566	.1030513	0	.1663922
435.15	0	.7305007	.1030529	0	.1664464
434.15	0	.7304451	.1030541	0	.1665007
433.15	0	.7303899	.103055	0	.1665551
432.15	0	.730335	.1030554	0	.1666096
431.15	0	.7302804	.1030555	0	.1666642
430.15	0	.7302261	.1030551	0	.1667188
429.15	0	.7301721	.1030544	0	.1667735
428.15	0	.7301185	.1030532	0	.1668283
427.15	0	.7300652	.1030516	0	.1668831
426.15	0	.7300123	.1030496	0	.1669381
425.15	0	.7299598	.1030472	0	.1669931
424.15	0	.7299075	.1030443	0	.1670482
423.15	0	.7298557	.103041	0	.1671034
422.15	0	.7298042	.1030372	0	.1671586
