T	 BPW(LIQUID)	BPW(BCC_A2)	BPW(FCC_A1)	BPW(LAVES_PHASE_C14)	BPW(NI3TI)
1473.15	.4660415	.4601972	0	.07376123	0
1472.15	.4585894	.4652074	0	.07620321	0
1471.15	.451279	.4701175	0	.07860352	0
1470.15	.4441064	.4749303	0	.08096336	0
1469.15	.4370678	.4796484	0	.08328384	0
1468.15	.4301597	.4842742	0	.08556608	0
1467.15	.4233786	.4888103	0	.08781113	0
1466.15	.4167211	.4932589	0	.09002	0
1465.15	.4101839	.4976224	0	.09219369	0
1464.15	.4037639	.501903	0	.09433315	0
1463.15	.397458	.5061027	0	.09643928	0
1462.15	.3912633	.5102237	0	.09851299	0
1461.15	.385177	.5142679	0	.1005551	0
1460.15	.3791963	.5182372	0	.1025665	0
1459.15	.3733185	.5221335	0	.104548	0
1458.15	.3675411	.5259586	0	.1065003	0
1457.15	.3618616	.5297143	0	.1084241	0
1456.15	.3562775	.5334022	0	.1103203	0
1455.15	.3507865	.537024	0	.1121895	0
1454.15	.3453864	.5405813	0	.1140323	0
1453.15	.3400749	.5440756	0	.1158495	0
1452.15	.33485	.5475084	0	.1176417	0
1451.15	.3297095	.5508811	0	.1194095	0
1450.15	.3246514	.5541951	0	.1211534	0
1449.15	.3196739	.5574519	0	.1228742	0
1448.15	.3147751	.5606527	0	.1245722	0
1447.15	.309953	.5637988	0	.1262482	0
1446.15	.305206	.5668915	0	.1279025	0
1445.15	.3005323	.569932	0	.1295357	0
1444.15	.2959303	.5729214	0	.1311484	0
1443.15	.2913983	.5758608	0	.1327409	0
1442.15	.2869347	.5787515	0	.1343138	0
1441.15	.2825381	.5815944	0	.1358675	0
1440.15	.278207	.5843906	0	.1374024	0
1439.15	.2739398	.5871412	0	.138919	0
1438.15	.2697353	.589847	0	.1404177	0
1437.15	.265592	.5925092	0	.1418989	0
1436.15	.2615086	.5951285	0	.1433629	0
1435.15	.2574839	.5977059	0	.1448102	0
1434.15	.2535165	.6002424	0	.1462411	0
1433.15	.2496053	.6027387	0	.147656	0
1432.15	.245749	.6051957	0	.1490553	0
1431.15	.2419466	.6076142	0	.1504392	0
1430.15	.2381969	.6099951	0	.1518081	0
1429.15	.2344988	.612339	0	.1531623	0
1428.15	.2308512	.6146467	0	.1545021	0
1427.15	.2272531	.616919	0	.1558279	0
1426.15	.2237035	.6191566	0	.1571399	0
1425.15	.2202014	.6213602	0	.1584384	0
1424.15	.2167459	.6235304	0	.1597237	0
1423.15	.213336	.6256679	0	.1609961	0
1422.15	.2099708	.6277734	0	.1622558	0
1421.15	.2066495	.6298474	0	.1635031	0
1420.15	.2033711	.6318907	0	.1647383	0
1419.15	.2001348	.6339037	0	.1659615	0
1418.15	.1969399	.6358871	0	.167173	0
1417.15	.1937854	.6378415	0	.1683731	0
1416.15	.1906707	.6397674	0	.1695619	0
1415.15	.1875949	.6416653	0	.1707398	0
1414.15	.1845574	.6435357	0	.1719069	0
1413.15	.1815574	.6453793	0	.1730634	0
1412.15	.1785941	.6471964	0	.1742095	0
1411.15	.175667	.6489876	0	.1753455	0
1410.15	.1727752	.6507533	0	.1764714	0
1409.15	.1699183	.6524941	0	.1775876	0
1408.15	.1670955	.6542104	0	.1786942	0
1407.15	.1643062	.6559025	0	.1797913	0
1406.15	.1615497	.6575711	0	.1808792	0
1405.15	.1588256	.6592164	0	.181958	0
1404.15	.1561332	.6608389	0	.1830279	0
1403.15	.1534719	.662439	0	.1840891	0
1402.15	.1508413	.6640171	0	.1851416	0
1401.15	.1482406	.6655736	0	.1861858	0
1400.15	.1456695	.6671089	0	.1872216	0
1399.15	.1431273	.6686234	0	.1882493	0
1398.15	.1406137	.6701173	0	.189269	0
1397.15	.138128	.6715911	0	.1902809	0
1396.15	.1356698	.6730451	0	.1912851	0
1395.15	.1332386	.6744797	0	.1922817	0
1394.15	.130834	.6758952	0	.1932708	0
1393.15	.1284555	.6772918	0	.1942527	0
1392.15	.1261027	.67867	0	.1952273	0
1391.15	.1237751	.68003	0	.1961949	0
1390.15	.1214723	.6813722	0	.1971555	0
1389.15	.1191939	.6826968	0	.1981094	0
1388.15	.1169394	.6840041	0	.1990565	0
1387.15	.1147086	.6852945	0	.199997	0
1386.15	.1125009	.6865681	0	.200931	0
1385.15	.110316	.6878254	0	.2018587	0
1384.15	.1081536	.6890664	0	.20278	0
1383.15	.1060132	.6902916	0	.2036952	0
1382.15	.1038945	.6915011	0	.2046044	0
1381.15	.1017972	.6926952	0	.2055075	0
1380.15	.09972094	.6938743	0	.2064048	0
1379.15	.09766533	.6950384	0	.2072963	0
1378.15	.09563007	.6961878	0	.2081821	0
1377.15	.09361484	.6973228	0	.2090624	0
1376.15	.09161931	.6984436	0	.2099371	0
1375.15	.08964318	.6995505	0	.2108064	0
1374.15	.08768615	.7006435	0	.2116703	0
1373.15	.08574791	.7017231	0	.212529	0
1372.15	.08382818	.7027893	0	.2133825	0
1371.15	.08192666	.7038424	0	.214231	0
1370.15	.08004309	.7048825	0	.2150744	0
1369.15	.07817717	.7059099	0	.2159129	0
1368.15	.07632866	.7069248	0	.2167465	0
1367.15	.07449727	.7079274	0	.2175753	0
1366.15	.07268275	.7089178	0	.2183995	0
1365.15	.07088484	.7098962	0	.2192189	0
1364.15	.0691033	.7108629	0	.2200338	0
1363.15	.06733789	.7118179	0	.2208442	0
1362.15	.06558835	.7127615	0	.2216501	0
1361.15	.06385446	.7136938	0	.2224517	0
1360.15	.06213599	.7146151	0	.223249	0
1359.15	.06043271	.7155253	0	.2240419	0
1358.15	.05874439	.7164249	0	.2248308	0
1357.15	.05707081	.7173138	0	.2256154	0
1356.15	.05541177	.7181922	0	.226396	0
1355.15	.05376706	.7190603	0	.2271726	0
1354.15	.05213646	.7199183	0	.2279453	0
1353.15	.05051977	.7207662	0	.228714	0
1352.15	.0489168	.7216043	0	.2294789	0
1351.15	.04732735	.7224327	0	.23024	0
1350.15	.04575122	.7232514	0	.2309973	0
1349.15	.04418823	.7240608	0	.231751	0
1348.15	.0426382	.7248608	0	.232501	0
1347.15	.04110094	.7256516	0	.2332475	0
1346.15	.03957627	.7264333	0	.2339904	0
1345.15	.03806402	.7272062	0	.2347298	0
1344.15	.03656402	.7279702	0	.2354658	0
1343.15	.03507609	.7287256	0	.2361984	0
1342.15	.03360007	.7294723	0	.2369276	0
1341.15	.0321358	.7302107	0	.2376535	0
1340.15	.03068312	.7309408	0	.2383761	0
1339.15	.02924186	.7316626	0	.2390956	0
1338.15	.02781188	.7323763	0	.2398118	0
1337.15	.02639301	.7330821	0	.2405249	0
1336.15	.02498512	.73378	0	.2412349	0
1335.15	.02358805	.7344701	0	.2419419	0
1334.15	.02220166	.7351525	0	.2426458	0
1333.15	.0208258	.7358274	0	.2433468	0
1332.15	.01946034	.7364949	0	.2440448	0
1331.15	.01810514	.737155	0	.2447399	0
1330.15	.01676006	.7378078	0	.2454321	0
1329.15	.01542497	.7384535	0	.2461215	0
1328.15	.01409974	.7390921	0	.2468082	0
1327.15	.01278423	.7397238	0	.247492	0
1326.15	.01147833	.7403486	0	.2481731	0
1325.15	.01018191	.7409665	0	.2488516	0
1324.15	.008894844	.7415778	0	.2495273	0
1323.15	.007617011	.7421825	0	.2502005	0
1322.15	.006348294	.7427807	0	.250871	0
1321.15	.005088576	.7433725	0	.251539	0
1320.15	.003837742	.7439579	0	.2522044	0
1319.15	.002595679	.744537	0	.2528673	0
1318.15	.001362275	.7451099	0	.2535278	0
1317.15	1.374213E-04	.7456768	0	.2541858	0
1317.037	0	.7457402	0	.2542598	0
1317.037	0	.7457402	0	.2542598	0
1316.15	0	.7452833	0	.2547167	0
1315.15	0	.7447694	0	.2552306	0
1314.15	0	.7442566	0	.2557434	0
1313.15	0	.7437449	0	.2562551	0
1312.15	0	.7432342	0	.2567658	0
1311.15	0	.7427247	0	.2572753	0
1310.15	0	.7422162	0	.2577838	0
1309.15	0	.7417088	0	.2582912	0
1308.15	0	.7412025	0	.2587975	0
1307.15	0	.7406972	0	.2593028	0
1306.15	0	.740193	0	.259807	0
1305.15	0	.7396898	0	.2603102	0
1304.15	0	.7391877	0	.2608123	0
1303.15	0	.7386867	0	.2613133	0
1302.15	0	.7381867	0	.2618133	0
1301.15	0	.7376878	0	.2623122	0
1300.15	0	.7371899	0	.2628101	0
1299.15	0	.736693	0	.263307	0
1298.15	0	.7361972	0	.2638028	0
1297.15	0	.7357025	0	.2642975	0
1296.15	0	.7352087	0	.2647913	0
1295.15	0	.734716	0	.265284	0
1294.15	0	.7342243	0	.2657757	0
1293.15	0	.7337336	0	.2662664	0
1292.15	0	.733244	0	.266756	0
1291.15	0	.7327553	0	.2672447	0
1290.15	0	.7322677	0	.2677323	0
1289.15	0	.7317811	0	.2682189	0
1288.15	0	.7312955	0	.2687045	0
1287.15	0	.7308109	0	.2691891	0
1286.15	0	.7303273	0	.2696727	0
1285.15	0	.7298447	0	.2701553	0
1284.15	0	.7293631	0	.270637	0
1283.15	0	.7288824	0	.2711176	0
1282.15	0	.7284028	0	.2715972	0
1281.15	0	.7279242	0	.2720759	0
1280.15	0	.7274465	0	.2725535	0
1279.15	0	.7269698	0	.2730302	0
1278.15	0	.7264941	0	.2735059	0
1277.15	0	.7260194	0	.2739806	0
1276.15	0	.7255456	0	.2744544	0
1275.15	0	.7250728	0	.2749272	0
1274.15	0	.724601	0	.275399	0
1273.15	0	.7241301	0	.2758699	0
1272.15	0	.7236602	0	.2763398	0
1271.15	0	.7231912	0	.2768088	0
1270.15	0	.7227233	0	.2772768	0
1269.15	0	.7222562	0	.2777438	0
1268.15	0	.7217901	0	.2782099	0
1267.15	0	.721325	0	.2786751	0
1266.15	0	.7208607	0	.2791393	0
1265.15	0	.7203975	0	.2796025	0
1264.15	0	.7199351	0	.2800649	0
1263.15	0	.7194737	0	.2805263	0
1262.15	0	.7190133	0	.2809867	0
1261.15	0	.7185537	0	.2814463	0
1260.15	0	.7180951	0	.2819049	0
1259.15	0	.7176374	0	.2823626	0
1258.15	0	.7171807	0	.2828193	0
1257.15	0	.7167248	0	.2832752	0
1256.15	0	.7162699	0	.2837301	0
1255.15	0	.7158159	0	.2841841	0
1254.15	0	.7153628	0	.2846373	0
1253.15	0	.7149105	0	.2850895	0
1252.15	0	.7144592	0	.2855408	0
1251.15	0	.7140089	0	.2859912	0
1250.15	0	.7135594	0	.2864407	0
1249.15	0	.7131108	0	.2868892	0
1248.15	0	.7126631	0	.2873369	0
1247.15	0	.7122162	0	.2877838	0
1246.15	0	.7117703	0	.2882297	0
1245.15	0	.7113253	0	.2886747	0
1244.15	0	.7108811	0	.2891189	0
1243.15	0	.7104379	0	.2895621	0
1242.15	0	.7099955	0	.2900045	0
1241.15	0	.709554	0	.290446	0
1240.15	0	.7091133	0	.2908867	0
1239.15	0	.7086735	0	.2913265	0
1238.15	0	.7082347	0	.2917653	0
1237.15	0	.7077966	0	.2922034	0
1236.15	0	.7073595	0	.2926405	0
1235.15	0	.7069232	0	.2930768	0
1234.15	0	.7064877	0	.2935123	0
1233.15	0	.7060531	0	.2939469	0
1232.15	0	.7056194	0	.2943806	0
1231.15	0	.7051865	0	.2948135	0
1230.15	0	.7047545	0	.2952455	0
1229.15	0	.7043233	0	.2956767	0
1228.15	0	.703893	0	.296107	0
1227.15	0	.7034635	0	.2965365	0
1226.15	0	.7030349	0	.2969651	0
1225.15	0	.7026071	0	.297393	0
1224.15	0	.7021801	0	.2978199	0
1223.15	0	.7017539	0	.2982461	0
1222.15	0	.7013286	0	.2986714	0
1221.15	0	.7009042	0	.2990958	0
1220.15	0	.7004805	0	.2995195	0
1219.15	0	.7000577	0	.2999423	0
1218.15	0	.6996357	0	.3003643	0
1217.15	0	.6992145	0	.3007855	0
1216.15	0	.6987941	0	.3012059	0
1215.15	0	.6983746	0	.3016254	0
1214.15	0	.6979558	0	.3020442	0
1213.15	0	.6975379	0	.3024621	0
1212.15	0	.6971208	0	.3028792	0
1211.15	0	.6967045	0	.3032955	0
1210.15	0	.696289	0	.303711	0
1209.15	0	.6958743	0	.3041257	0
1208.15	0	.6954604	0	.3045396	0
1207.15	0	.6950473	0	.3049527	0
1206.15	0	.694635	0	.305365	0
1205.15	0	.6942235	0	.3057765	0
1204.15	0	.6938128	0	.3061872	0
1203.15	0	.6934028	0	.3065972	0
1202.15	0	.6929937	0	.3070063	0
1201.15	0	.6925853	0	.3074147	0
1200.15	0	.6921778	0	.3078222	0
1199.15	0	.691771	0	.308229	0
1198.15	0	.691365	0	.308635	0
1197.15	0	.6909597	0	.3090403	0
1196.15	0	.6905553	0	.3094447	0
1195.15	0	.6901516	0	.3098484	0
1194.15	0	.6897487	0	.3102513	0
1193.15	0	.6893466	0	.3106534	0
1192.15	0	.6889452	0	.3110548	0
1191.15	0	.6885446	0	.3114554	0
1190.15	0	.6881447	0	.3118553	0
1189.15	0	.6877456	0	.3122544	0
1188.15	0	.6873473	0	.3126527	0
1187.15	0	.6869498	0	.3130503	0
1186.15	0	.6865529	0	.3134471	0
1185.15	0	.6861569	0	.3138431	0
1184.15	0	.6857616	0	.3142384	0
1183.15	0	.685367	0	.314633	0
1182.15	0	.6849732	0	.3150268	0
1181.15	0	.6845802	0	.3154199	0
1180.15	0	.6841878	0	.3158122	0
1179.15	0	.6837963	0	.3162037	0
1178.15	0	.6834054	0	.3165946	0
1177.15	0	.6830153	0	.3169847	0
1176.15	0	.682626	0	.317374	0
1175.15	0	.6822373	0	.3177627	0
1174.15	0	.6818495	0	.3181506	0
1173.15	0	.6814623	0	.3185377	0
1172.15	0	.6810759	0	.3189242	0
1171.15	0	.6806901	0	.3193099	0
1170.15	0	.6803052	0	.3196948	0
1169.15	0	.6799209	0	.3200791	0
1168.15	0	.6795374	0	.3204626	0
1167.15	0	.6791546	0	.3208455	0
1166.15	0	.6787725	0	.3212275	0
1165.15	0	.6783911	0	.3216089	0
1164.15	0	.6780104	0	.3219896	0
1163.15	0	.6776305	0	.3223696	0
1162.15	0	.6772512	0	.3227488	0
1161.15	0	.6768727	0	.3231273	0
1160.15	0	.6764949	0	.3235052	0
1159.15	0	.6761177	0	.3238823	0
1158.15	0	.6757413	0	.3242587	0
1157.15	0	.6753656	0	.3246344	0
1156.15	0	.6749906	0	.3250094	0
1155.15	0	.6746163	0	.3253837	0
1154.15	0	.6742426	0	.3257574	0
1153.15	0	.6738697	0	.3261303	0
1152.15	0	.6734975	0	.3265025	0
1151.15	0	.673126	0	.326874	0
1150.15	0	.6727551	0	.3272449	0
1149.15	0	.672385	0	.327615	0
1148.15	0	.6720155	0	.3279845	0
1147.15	0	.6716467	0	.3283533	0
1146.15	0	.6712786	0	.3287214	0
1145.15	0	.6709112	0	.3290888	0
1144.15	0	.6705445	0	.3294556	0
1143.15	0	.6701784	0	.3298216	0
1142.15	0	.669813	0	.330187	0
1141.15	0	.6694483	0	.3305517	0
1140.15	0	.6690843	0	.3309157	0
1139.15	0	.6687209	0	.3312791	0
1138.15	0	.6683582	0	.3316418	0
1137.15	0	.6679962	0	.3320038	0
1136.15	0	.6676349	0	.3323651	0
1135.15	0	.6672742	0	.3327258	0
1134.15	0	.6669142	0	.3330858	0
1133.15	0	.6665548	0	.3334452	0
1132.15	0	.6661961	0	.3338039	0
1131.15	0	.6658381	0	.3341619	0
1130.15	0	.6654807	0	.3345193	0
1129.15	0	.665124	0	.334876	0
1128.15	0	.6647679	0	.3352321	0
1127.15	0	.6644125	0	.3355875	0
1126.15	0	.6640577	0	.3359423	0
1125.15	0	.6637036	0	.3362964	0
1124.15	0	.6633502	0	.3366498	0
1123.15	0	.6629974	0	.3370026	0
1122.15	0	.6626452	0	.3373548	0
1121.15	0	.6622937	0	.3377063	0
1120.15	0	.6619428	0	.3380572	0
1119.15	0	.6615926	0	.3384074	0
1118.15	0	.661243	0	.338757	0
1117.966	0	.6611788	0	.3388212	0
1117.966	0	.6611788	0	.3388212	0
1117.966	0	.6611788	0	.3388212	0
1117.15	0	.6604652	4.655121E-04	.3390693	0
1116.15	0	.659593	.001034476	.3393725	0
1115.15	0	.6587231	.001601894	.339675	0
1114.15	0	.6578555	.00216777	.3399768	0
1113.15	0	.6569901	.002732105	.3402778	0
1112.15	0	.6561269	.003294903	.3405782	0
1111.15	0	.6552661	.003856167	.3408778	0
1110.15	0	.6544075	.004415901	.3411766	0
1109.15	0	.6535511	.004974106	.3414748	0
1108.15	0	.652697	.005530786	.3417722	0
1107.15	0	.6518451	.006085944	.342069	0
1106.15	0	.6509955	.006639583	.342365	0
1105.15	0	.650148	.007191706	.3426602	0
1104.15	0	.6493029	.007742316	.3429548	0
1103.15	0	.6484599	.008291416	.3432487	0
1102.15	0	.6476191	.008839009	.3435419	0
1101.15	0	.6467806	.009385097	.3438343	0
1100.15	0	.6459442	.009929684	.3441261	0
1099.15	0	.6451101	.01047277	.3444171	0
1098.15	0	.6442782	.01101437	.3447075	0
1097.15	0	.6434484	.01155447	.3449971	0
1096.15	0	.6426209	.01209308	.3452861	0
1095.15	0	.6417955	.0126302	.3455743	0
1094.15	0	.6409723	.01316584	.3458619	0
1093.15	0	.6401513	.0137	.3461487	0
1092.15	0	.6393324	.01423269	.3464349	0
1091.15	0	.6385157	.0147639	.3467204	0
1090.15	0	.6377012	.01529363	.3470052	0
1089.15	0	.6368888	.0158219	.3472893	0
1088.15	0	.6360786	.0163487	.3475727	0
1087.15	0	.6352705	.01687404	.3478554	0
1086.15	0	.6344646	.01739792	.3481375	0
1085.15	0	.6336608	.01792034	.3484189	0
1084.15	0	.6328592	.01844131	.3486995	0
1083.15	0	.6320596	.01896083	.3489795	0
1082.15	0	.6312622	.0194789	.3492589	0
1081.15	0	.630467	.01999552	.3495375	0
1080.15	0	.6296738	.0205107	.3498155	0
1079.15	0	.6288828	.02102445	.3500928	0
1078.15	0	.6280938	.02153675	.3503694	0
1077.15	0	.627307	.02204763	.3506454	0
1076.15	0	.6265223	.02255707	.3509207	0
1075.15	0	.6257396	.02306509	.3511953	0
1074.15	0	.6249591	.02357168	.3514692	0
1073.15	0	.6241806	.02407685	.3517425	0
1072.15	0	.6234042	.02458061	.3520151	0
1071.15	0	.6226299	.02508294	.3522871	0
1070.15	0	.6218577	.02558387	.3525584	0
1069.15	0	.6210876	.02608339	.352829	0
1068.15	0	.6203195	.0265815	.353099	0
1067.15	0	.6195535	.02707821	.3533683	0
1066.15	0	.6187895	.02757352	.353637	0
1065.15	0	.6180276	.02806743	.353905	0
1064.15	0	.6172677	.02855995	.3541723	0
1063.15	0	.6165099	.02905108	.354439	0
1062.15	0	.6157541	.02954082	.3547051	0
1061.15	0	.6150004	.03002917	.3549704	0
1060.15	0	.6142487	.03051615	.3552352	0
1059.15	0	.613499	.03100174	.3554993	0
1058.15	0	.6127514	.03148597	.3557627	0
1057.15	0	.6120057	.03196882	.3560255	0
1056.15	0	.6112621	.0324503	.3562876	0
1055.15	0	.6105205	.03293042	.3565491	0
1054.15	0	.6097809	.03340917	.3568099	0
1053.15	0	.6090433	.03388657	.3570702	0
1052.15	0	.6083077	.0343626	.3573297	0
1051.15	0	.6075741	.03483729	.3575886	0
1050.15	0	.6068425	.03531063	.3578469	0
1049.15	0	.6061128	.03578262	.3581045	0
1048.15	0	.6053852	.03625327	.3583615	0
1047.15	0	.6046595	.03672258	.3586179	0
1046.15	0	.6039358	.03719056	.3588736	0
1045.15	0	.6032141	.0376572	.3591287	0
1044.15	0	.6024944	.03812251	.3593831	0
1043.15	0	.6017766	.0385865	.3596369	0
1042.15	0	.6010607	.03904916	.3598901	0
1041.15	0	.6003469	.03951051	.3601426	0
1040.15	0	.5996349	.03997053	.3603946	0
1039.15	0	.5989249	.04042925	.3606458	0
1038.15	0	.5982169	.04088666	.3608965	0
1037.15	0	.5975108	.04134276	.3611465	0
1036.15	0	.5968066	.04179756	.3613959	0
1035.15	0	.5961043	.04225107	.3616446	0
1034.15	0	.595404	.04270327	.3618927	0
1033.15	0	.5947056	.04315419	.3621402	0
1032.15	0	.5940091	.04360382	.3623871	0
1031.15	0	.5933145	.04405217	.3626333	0
1030.15	0	.5926219	.04449923	.3628789	0
1029.15	0	.5919311	.04494503	.3631239	0
1028.15	0	.5912422	.04538954	.3633683	0
1027.15	0	.5905552	.04583279	.363612	0
1026.15	0	.5898701	.04627478	.3638551	0
1025.15	0	.5891869	.0467155	.3640976	0
1024.15	0	.5885056	.04715496	.3643394	0
1023.15	0	.5878262	.04759317	.3645807	0
1022.15	0	.5871486	.04803014	.3648213	0
1021.15	0	.5864729	.04846585	.3650613	0
1020.15	0	.5857991	.04890033	.3653006	0
1019.15	0	.5851271	.04933356	.3655394	0
1018.15	0	.584457	.04976556	.3657775	0
1017.15	0	.5837887	.05019634	.366015	0
1016.15	0	.5831223	.05062588	.3662519	0
1015.15	0	.5824577	.05105421	.3664881	0
1014.15	0	.5817949	.05148132	.3667238	0
1013.15	0	.581134	.05190721	.3669588	0
1012.15	0	.5804749	.0523319	.3671932	0
1011.15	0	.5798177	.05275538	.367427	0
1010.15	0	.5791622	.05317766	.3676601	0
1009.15	0	.5785086	.05359875	.3678927	0
1008.15	0	.5778568	.05401864	.3681246	0
1007.15	0	.5772068	.05443735	.3683559	0
1006.15	0	.5765585	.05485487	.3685866	0
1005.15	0	.5759121	.05527122	.3688167	0
1004.15	0	.5752675	.05568639	.3690461	0
1003.15	0	.5746247	.0561004	.3692749	0
1002.15	0	.5739836	.05651324	.3695031	0
1001.15	0	.5733444	.05692492	.3697307	0
1000.15	0	.5727068	.05733544	.3699577	0
999.15	0	.5720711	.05774482	.3701841	0
998.15	0	.5714371	.05815305	.3704098	0
997.15	0	.5708049	.05856014	.3706349	0
996.15	0	.5701745	.0589661	.3708594	0
995.15	0	.5695458	.05937092	.3710833	0
994.15	0	.5689188	.05977462	.3713066	0
993.15	0	.5682936	.0601772	.3715292	0
992.15	0	.5676701	.06057866	.3717513	0
991.15	0	.5670483	.06097902	.3719727	0
990.15	0	.5664283	.06137827	.3721935	0
989.15	0	.56581	.06177642	.3724136	0
988.15	0	.5651934	.06217348	.3726332	0
987.15	0	.5645784	.06256945	.3728521	0
986.15	0	.5639653	.06296433	.3730704	0
985.15	0	.5633537	.06335814	.3732881	0
984.15	0	.562744	.06375088	.3735052	0
983.15	0	.5621358	.06414255	.3737216	0
982.15	0	.5615294	.06453316	.3739375	0
981.15	0	.5609246	.06492272	.3741527	0
980.15	0	.5603216	.06531123	.3743672	0
979.15	0	.5597201	.06569869	.3745812	0
978.15	0	.5591204	.06608512	.3747945	0
977.15	0	.5585223	.06647052	.3750072	0
976.15	0	.5579258	.06685489	.3752193	0
975.15	0	.557331	.06723825	.3754308	0
974.15	0	.5567378	.0676206	.3756416	0
973.15	0	.5561463	.06800193	.3758518	0
972.15	0	.5555563	.06838228	.3760614	0
971.15	0	.554968	.06876162	.3762703	0
970.15	0	.5543813	.06913999	.3764787	0
969.15	0	.5537963	.06951737	.3766864	0
968.15	0	.5532128	.06989378	.3768934	0
967.15	0	.5526309	.07026923	.3770999	0
966.15	0	.5520506	.07064372	.3773057	0
965.15	0	.5514719	.07101725	.3775109	0
964.15	0	.5508948	.07138984	.3777154	0
963.15	0	.5503192	.0717615	.3779193	0
962.15	0	.5497452	.07213222	.3781226	0
961.15	0	.5491728	.07250203	.3783252	0
960.15	0	.5486019	.07287091	.3785272	0
959.15	0	.5480326	.07323889	.3787285	0
958.15	0	.5474648	.07360597	.3789293	0
957.15	0	.5468985	.07397216	.3791294	0
956.15	0	.5463337	.07433746	.3793288	0
955.15	0	.5457705	.07470189	.3795276	0
954.15	0	.5452088	.07506545	.3797257	0
953.15	0	.5446486	.07542814	.3799233	0
952.15	0	.5440899	.07578999	.3801201	0
951.15	0	.5435327	.07615099	.3803163	0
950.15	0	.5429769	.07651116	.3805119	0
949.15	0	.5424227	.0768705	.3807068	0
948.15	0	.5418699	.07722902	.3809011	0
947.15	0	.5413186	.07758673	.3810947	0
946.15	0	.5407687	.07794365	.3812877	0
945.15	0	.5402202	.07829977	.38148	0
944.15	0	.5396732	.0786551	.3816716	0
943.15	0	.5391277	.07900967	.3818626	0
942.15	0	.5385836	.07936347	.382053	0
941.15	0	.5380408	.07971652	.3822427	0
940.15	0	.5374995	.08006882	.3824317	0
939.15	0	.5369596	.08042039	.38262	0
938.15	0	.5364211	.08077123	.3828077	0
937.15	0	.5358839	.08112136	.3829947	0
936.15	0	.5353482	.08147078	.3831811	0
935.15	0	.5348138	.0818195	.3833667	0
934.15	0	.5342807	.08216755	.3835517	0
933.15	0	.533749	.08251491	.383736	0
932.15	0	.5332187	.08286162	.3839197	0
931.15	0	.5326897	.08320767	.3841027	0
930.15	0	.532162	.08355308	.384285	0
929.15	0	.5316356	.08389786	.3844666	0
928.15	0	.5311105	.08424202	.3846475	0
927.15	0	.5305867	.08458557	.3848277	0
926.15	0	.5300642	.08492852	.3850073	0
925.15	0	.529543	.08527089	.3851861	0
924.15	0	.5290231	.08561268	.3853643	0
923.15	0	.5285044	.08595391	.3855417	0
922.15	0	.5279869	.0862946	.3857185	0
921.15	0	.5274707	.08663474	.3858946	0
920.15	0	.5269557	.08697436	.3860699	0
919.15	0	.526442	.08731348	.3862446	0
918.15	0	.5259294	.08765209	.3864185	0
917.15	0	.525418	.08799021	.3865918	0
916.15	0	.5249079	.08832786	.3867643	0
915.15	0	.5243989	.08866505	.3869361	0
914.15	0	.5238911	.08900179	.3871072	0
913.15	0	.5233844	.0893381	.3872775	0
912.15	0	.5228788	.08967399	.3874472	0
911.15	0	.5223745	.09000948	.3876161	0
910.15	0	.5218712	.09034458	.3877842	0
909.15	0	.521369	.09067929	.3879517	0
908.15	0	.5208679	.09101365	.3881184	0
907.15	0	.520368	.09134766	.3882844	0
906.15	0	.519869	.09168134	.3884496	0
905.15	0	.5193712	.0920147	.3886141	0
904.15	0	.5188744	.09234776	.3887778	0
903.15	0	.5183787	.09268053	.3889408	0
902.15	0	.5178839	.09301303	.389103	0
901.15	0	.5173902	.09334528	.3892645	0
900.15	0	.5168975	.09367729	.3894252	0
899.15	0	.5164058	.09400908	.3895851	0
898.15	0	.515915	.09434067	.3897443	0
897.15	0	.5154253	.09467207	.3899027	0
896.15	0	.5149364	.0950033	.3900603	0
895.15	0	.5144485	.09533437	.3902171	0
894.15	0	.5139615	.09566531	.3903732	0
893.15	0	.5134754	.09599614	.3905284	0
892.15	0	.5129902	.09632687	.3906829	0
891.15	0	.5125059	.09665751	.3908365	0
890.15	0	.5120225	.0969881	.3909894	0
889.15	0	.5115399	.09731864	.3911415	0
888.15	0	.5110582	.09764916	.3912927	0
887.15	0	.5105772	.09797968	.3914431	0
886.15	0	.5100971	.09831022	.3915927	0
885.15	0	.5096177	.09864079	.3917415	0
884.15	0	.5091391	.09897142	.3918894	0
883.15	0	.5086613	.09930213	.3920366	0
882.15	0	.5081842	.09963294	.3921828	0
881.15	0	.5077079	.09996387	.3923283	0
880.15	0	.5072322	.1002949	.3924728	0
879.15	0	.5067573	.1006262	.3926165	0
878.15	0	.506283	.1009576	.3927594	0
877.15	0	.5058094	.1012893	.3929014	0
876.15	0	.5053363	.1016211	.3930425	0
875.15	0	.504864	.1019533	.3931828	0
874.15	0	.5043922	.1022857	.3933221	0
873.15	0	.503921	.1026184	.3934606	0
872.15	0	.5034504	.1029515	.3935982	0
871.15	0	.5029803	.1032849	.3937348	0
870.15	0	.5025107	.1036187	.3938706	0
869.15	0	.5020417	.1039529	.3940055	0
868.15	0	.5015731	.1042875	.3941394	0
867.15	0	.501105	.1046226	.3942724	0
866.15	0	.5006374	.1049582	.3944045	0
865.15	0	.5001701	.1052943	.3945356	0
864.15	0	.4997033	.1056309	.3946658	0
863.15	0	.4992368	.1059682	.394795	0
862.15	0	.4987708	.106306	.3949232	0
861.15	0	.498305	.1066445	.3950505	0
860.15	0	.4978395	.1069836	.3951768	0
859.15	0	.4973744	.1073234	.3953022	0
858.15	0	.4969095	.107664	.3954265	0
857.15	0	.4964449	.1080053	.3955498	0
856.15	0	.4959804	.1083474	.3956721	0
855.15	0	.4955162	.1086904	.3957934	0
854.15	0	.4950521	.1090342	.3959137	0
853.15	0	.4945882	.1093789	.3960329	0
852.15	0	.4941244	.1097245	.3961511	0
851.15	0	.4936607	.1100711	.3962682	0
850.15	0	.493197	.1104188	.3963843	0
849.15	0	.4927333	.1107674	.3964993	0
848.15	0	.4922697	.1111172	.3966131	0
847.15	0	.491806	.111468	.3967259	0
846.15	0	.4913423	.1118201	.3968376	0
845.15	0	.4908785	.1121733	.3969482	0
844.15	0	.4904146	.1125278	.3970576	0
843.15	0	.4899505	.1128836	.3971659	0
842.15	0	.4894862	.1132407	.3972731	0
841.15	0	.4890218	.1135992	.397379	0
840.15	0	.488557	.1139591	.3974838	0
839.15	0	.488092	.1143206	.3975874	0
838.15	0	.4876267	.1146835	.3976898	0
837.15	0	.487161	.115048	.397791	0
836.15	0	.4866949	.1154141	.397891	0
835.15	0	.4862284	.115782	.3979897	0
834.15	0	.4857614	.1161515	.3980871	0
833.15	0	.4852938	.1165229	.3981833	0
832.15	0	.4848258	.1168961	.3982781	0
831.15	0	.4843571	.1172712	.3983717	0
830.15	0	.4838878	.1176483	.398464	0
829.15	0	.4834178	.1180274	.3985549	0
828.15	0	.482947	.1184086	.3986444	0
827.15	0	.4824755	.118792	.3987326	0
826.15	0	.4820045	.1191764	.3988191	0
825.15	0	.4815312	.1195643	.3989045	0
824.15	0	.4810569	.1199547	.3989884	0
823.15	0	.4805817	.1203474	.3990709	0
822.15	0	.4801054	.1207427	.3991518	0
821.15	0	.479628	.1211406	.3992313	0
820.15	0	.4791495	.1215412	.3993093	0
819.15	0	.4786697	.1219446	.3993857	0
818.15	0	.4781886	.1223508	.3994606	0
817.15	0	.4777062	.12276	.3995338	0
816.15	0	.4772224	.1231722	.3996054	0
815.15	0	.4767371	.1235876	.3996754	0
814.15	0	.4762501	.1240062	.3997437	0
813.15	0	.4757616	.1244282	.3998103	0
812.15	0	.4752713	.1248536	.3998751	0
811.15	0	.4747792	.1252826	.3999382	0
810.15	0	.4742852	.1257153	.3999994	0
809.15	0	.4737893	.1261519	.4000589	0
808.15	0	.4732912	.1265924	.4001164	0
807.15	0	.472791	.127037	.400172	0
806.15	0	.4722885	.1274858	.4002257	0
805.15	0	.4717836	.127939	.4002774	0
804.15	0	.4712762	.1283968	.400327	0
803.15	0	.4707662	.1288593	.4003746	0
802.15	0	.4702534	.1293266	.40042	0
801.15	0	.4697378	.129799	.4004632	0
800.15	0	.4692192	.1302766	.4005042	0
799.15	0	.4686974	.1307597	.4005429	0
798.15	0	.4681723	.1312484	.4005793	0
797.15	0	.4676438	.131743	.4006132	0
796.15	0	.4671116	.1322437	.4006447	0
795.15	0	.4665757	.1327507	.4006736	0
794.15	0	.4660357	.1332644	.4006999	0
793.15	0	.4654916	.1337849	.4007235	0
792.15	0	.464943	.1343126	.4007444	0
791.15	0	.4643898	.1348478	.4007623	0
790.15	0	.4638317	.1353909	.4007774	0
789.15	0	.4632685	.1359421	.4007893	0
788.15	0	.4626999	.136502	.4007981	0
787.15	0	.4621256	.1370707	.4008036	0
786.15	0	.4615453	.1376489	.4008058	0
785.15	0	.4609586	.1382371	.4008044	0
784.15	0	.4603652	.1388355	.4007993	0
783.15	0	.4597646	.139445	.4007904	0
782.15	0	.4591565	.1400659	.4007776	0
781.15	0	.4585403	.1406991	.4007606	0
780.15	0	.4579156	.1413452	.4007392	0
779.15	0	.4572818	.1420049	.4007133	0
778.15	0	.4566383	.1426791	.4006827	0
777.15	0	.4559844	.1433687	.4006469	0
776.15	0	.4553193	.1440748	.4006059	0
775.15	0	.4546423	.1447985	.4005592	0
774.15	0	.4539524	.145541	.4005066	0
773.15	0	.4532486	.1463037	.4004477	0
772.15	0	.4525297	.1470883	.400382	0
771.15	0	.4517944	.1478965	.400309	0
770.15	0	.4510413	.1487304	.4002283	0
769.15	0	.4502687	.1495922	.4001392	0
768.15	0	.4494745	.1504846	.400041	0
767.15	0	.4486565	.1514107	.3999328	0
766.15	0	.447812	.1523742	.3998138	0
765.15	0	.4469379	.1533794	.3996827	0
764.15	0	.4460303	.1544315	.3995382	0
763.15	0	.4446564	.1561004	.3992432	0
762.15	0	.4427513	.1584747	.3987739	0
761.15	0	.4410465	.1605923	.3983612	0
760.15	0	.4395	.1625071	.3979929	0
759.15	0	.4380826	.1642571	.3976603	0
758.15	0	.4367729	.1658699	.3973572	0
757.15	0	.4355547	.1673663	.397079	0
756.15	0	.4344154	.1687626	.396822	0
755.15	0	.4333451	.1700716	.3965834	0
754.15	0	.4323356	.1713037	.3963608	0
753.15	0	.4313802	.1724675	.3961523	0
752.15	0	.4304733	.1735702	.3959564	0
751.15	0	.4296103	.1746179	.3957718	0
750.15	0	.4287871	.1756156	.3955973	0
749.15	0	.4280002	.1765679	.3954319	0
748.15	0	.4272466	.1774786	.3952748	0
747.15	0	.4265237	.178351	.3951253	0
746.15	0	.4258291	.1791882	.3949828	0
745.15	0	.4251608	.1799926	.3948466	0
744.15	0	.4245169	.1807668	.3947163	0
743.15	0	.4238958	.1815127	.3945915	0
742.15	0	.423296	.1822323	.3944717	0
741.15	0	.4227162	.1829273	.3943565	0
740.15	0	.4221551	.1835991	.3942458	0
739.15	0	.4216117	.1842492	.3941391	0
738.15	0	.421085	.1848788	.3940362	0
737.15	0	.420574	.1854891	.3939369	0
736.15	0	.4200778	.1860812	.393841	0
735.15	0	.4195958	.1866561	.3937481	0
734.15	0	.4191271	.1872146	.3936583	0
733.15	0	.4186712	.1877577	.3935712	0
732.15	0	.4182273	.188286	.3934867	0
731.15	0	.417795	.1888003	.3934048	0
730.15	0	.4173737	.1893012	.3933251	0
729.15	0	.4169628	.1897894	.3932477	0
728.15	0	.416562	.1902655	.3931725	0
727.15	0	.4161708	.19073	.3930992	0
726.15	0	.4157888	.1911834	.3930278	0
725.15	0	.4154156	.1916262	.3929582	0
724.15	0	.4150508	.1920589	.3928903	0
723.15	0	.4146941	.1924818	.3928241	0
722.15	0	.4143453	.1928954	.3927594	0
721.15	0	.4140039	.1933	.3926962	0
720.15	0	.4136697	.193696	.3926344	0
719.15	0	.4133424	.1940837	.3925739	0
718.15	0	.4130218	.1944634	.3925148	0
717.15	0	.4127077	.1948355	.3924568	0
716.15	0	.4123997	.1952002	.3924001	0
715.15	0	.4120978	.1955578	.3923444	0
714.15	0	.4118016	.1959085	.3922899	0
713.15	0	.411511	.1962526	.3922364	0
712.15	0	.4112258	.1965904	.3921838	0
711.15	0	.4109459	.1969219	.3921323	0
710.15	0	.4106709	.1972475	.3920816	0
709.15	0	.4104009	.1975673	.3920318	0
708.15	0	.4101356	.1978816	.3919828	0
707.15	0	.4098749	.1981905	.3919346	0
706.15	0	.4096186	.1984941	.3918872	0
705.15	0	.4093667	.1987928	.3918406	0
704.15	0	.4091189	.1990865	.3917946	0
703.15	0	.4088752	.1993755	.3917493	0
702.15	0	.4086354	.1996599	.3917047	0
701.15	0	.4083994	.1999398	.3916608	0
700.15	0	.4081672	.2002155	.3916174	0
699.15	0	.4079385	.2004869	.3915746	0
698.15	0	.4077134	.2007543	.3915324	0
697.15	0	.4074916	.2010177	.3914907	0
696.15	0	.4072732	.2012773	.3914495	0
695.15	0	.407058	.2015332	.3914089	0
694.15	0	.4068459	.2017854	.3913687	0
693.15	0	.4066369	.2020341	.391329	0
692.15	0	.4064309	.2022794	.3912897	0
691.15	0	.4062277	.2025214	.3912509	0
690.15	0	.4060274	.2027601	.3912125	0
689.15	0	.4058299	.2029957	.3911744	0
688.15	0	.4056349	.2032282	.3911368	0
687.15	0	.4054427	.2034578	.3910996	0
686.15	0	.405253	.2036844	.3910627	0
685.15	0	.4050657	.2039082	.3910261	0
684.15	0	.4048809	.2041292	.3909899	0
683.15	0	.4046984	.2043475	.390954	0
682.15	0	.4045183	.2045632	.3909185	0
681.15	0	.4043404	.2047764	.3908832	0
680.15	0	.4041647	.204987	.3908482	0
679.15	0	.4039912	.2051953	.3908135	0
678.15	0	.4038198	.2054011	.3907791	0
677.15	0	.4036504	.2056046	.390745	0
676.15	0	.403483	.2058059	.390711	0
675.15	0	.4033176	.206005	.3906774	0
674.15	0	.4031542	.2062019	.3906439	0
673.15	0	.4029925	.2063967	.3906107	0
672.15	0	.4028328	.2065895	.3905778	0
671.15	0	.4026748	.2067802	.390545	0
670.15	0	.4025186	.206969	.3905124	0
669.15	0	.4023641	.2071559	.3904801	0
668.15	0	.4022113	.2073409	.3904479	0
667.15	0	.4020601	.207524	.3904159	0
666.15	0	.4019106	.2077054	.3903841	0
665.15	0	.4017626	.207885	.3903524	0
664.15	0	.4016162	.2080629	.3903209	0
663.15	0	.4014713	.2082391	.3902896	0
662.15	0	.4013278	.2084137	.3902585	0
661.15	0	.4011859	.2085867	.3902275	0
660.15	0	.4010453	.2087581	.3901966	0
659.15	0	.4009062	.2089279	.3901659	0
658.15	0	.4007684	.2090963	.3901353	0
657.15	0	.400632	.2092632	.3901048	0
656.15	0	.4004969	.2094286	.3900745	0
655.15	0	.4003631	.2095926	.3900443	0
654.15	0	.4002306	.2097553	.3900142	0
653.15	0	.4000993	.2099165	.3899842	0
652.15	0	.3999692	.2100765	.3899543	0
651.15	0	.3998403	.2102351	.3899245	0
650.15	0	.3997126	.2103925	.3898949	0
649.15	0	.3995861	.2105486	.3898653	0
648.15	0	.3994607	.2107035	.3898358	0
647.15	0	.3993364	.2108572	.3898064	0
646.15	0	.3992132	.2110097	.3897771	0
645.15	0	.3990911	.211161	.3897479	0
644.15	0	.3989701	.2113112	.3897188	0
643.15	0	.39885	.2114603	.3896897	0
642.15	0	.398731	.2116082	.3896607	0
641.15	0	.398613	.2117552	.3896318	0
640.15	0	.398496	.211901	.389603	0
639.15	0	.39838	.2120458	.3895742	0
638.15	0	.3982649	.2121896	.3895455	0
637.15	0	.3981507	.2123324	.3895169	0
636.15	0	.3980375	.2124742	.3894883	0
635.15	0	.3979251	.2126151	.3894598	0
634.15	0	.3978137	.212755	.3894313	0
633.15	0	.3977031	.212894	.3894029	0
632.15	0	.3975934	.2130321	.3893746	0
631.15	0	.3974845	.2131692	.3893463	0
630.15	0	.3973765	.2133055	.389318	0
629.15	0	.3972693	.2134409	.3892898	0
628.15	0	.3971629	.2135755	.3892616	0
627.15	0	.3970573	.2137092	.3892335	0
626.15	0	.3969524	.2138421	.3892054	0
625.15	0	.3968484	.2139742	.3891774	0
624.15	0	.3967451	.2141055	.3891494	0
623.15	0	.3966425	.2142361	.3891214	0
622.15	0	.3965407	.2143658	.3890935	0
621.15	0	.3964396	.2144948	.3890656	0
620.15	0	.3963393	.214623	.3890377	0
619.15	0	.3962396	.2147505	.3890099	0
618.15	0	.3961406	.2148773	.3889821	0
617.15	0	.3960423	.2150034	.3889543	0
616.15	0	.3959447	.2151288	.3889265	0
615.15	0	.3958477	.2152535	.3888988	0
614.15	0	.3957514	.2153775	.3888711	0
613.15	0	.3956558	.2155008	.3888434	0
612.15	0	.3955608	.2156235	.3888158	0
611.15	0	.3954664	.2157455	.3887881	0
610.15	0	.3953726	.2158669	.3887605	0
609.15	0	.3952794	.2159877	.3887329	0
608.15	0	.3951868	.2161078	.3887054	0
607.15	0	.3950948	.2162274	.3886778	0
606.15	0	.3950035	.2163463	.3886502	0
605.15	0	.3949126	.2164646	.3886227	0
604.15	0	.3948224	.2165824	.3885952	0
603.15	0	.3947327	.2166996	.3885677	0
602.15	0	.3946436	.2168162	.3885403	0
601.15	0	.394555	.2169322	.3885128	0
600.15	0	.3944669	.2170477	.3884854	0
599.15	0	.3943794	.2171627	.3884579	0
598.15	0	.3942924	.2172771	.3884305	0
597.15	0	.394206	.217391	.3884031	0
596.15	0	.39412	.2175043	.3883757	0
595.15	0	.3940345	.2176172	.3883483	0
594.15	0	.3939496	.2177295	.3883209	0
593.15	0	.3938651	.2178413	.3882935	0
592.15	0	.3937812	.2179527	.3882662	0
591.15	0	.3936977	.2180635	.3882388	0
590.15	0	.3936147	.2181739	.3882115	0
589.15	0	.3935321	.2182838	.3881841	0
588.15	0	.3934501	.2183932	.3881568	0
587.15	0	.3933684	.2185021	.3881295	0
586.15	0	.3932873	.2186106	.3881021	0
585.15	0	.3932066	.2187186	.3880748	0
584.15	0	.3931263	.2188262	.3880475	0
583.15	0	.3930465	.2189333	.3880202	0
582.15	0	.3929671	.21904	.3879929	0
581.15	0	.3928881	.2191463	.3879656	0
580.15	0	.3928095	.2192521	.3879383	0
579.15	0	.3927314	.2193576	.387911	0
578.15	0	.3926537	.2194626	.3878838	0
577.15	0	.3925764	.2195671	.3878565	0
576.15	0	.3924995	.2196713	.3878292	0
575.15	0	.392423	.2197751	.3878019	0
574.15	0	.3923469	.2198784	.3877747	0
573.15	0	.3922712	.2199814	.3877474	0
572.15	0	.3921959	.220084	.3877202	0
571.15	0	.3921209	.2201862	.3876929	0
570.15	0	.3920464	.220288	.3876657	0
569.15	0	.3919722	.2203894	.3876384	0
568.15	0	.3918984	.2204905	.3876112	0
567.15	0	.3918249	.2205912	.3875839	0
566.15	0	.3917519	.2206915	.3875567	0
565.15	0	.3916791	.2207914	.3875294	0
564.15	0	.3916068	.220891	.3875022	0
563.15	0	.3915348	.2209902	.387475	0
562.15	0	.3914631	.2210891	.3874478	0
561.15	0	.3913918	.2211876	.3874205	0
560.15	0	.3913209	.2212858	.3873933	0
559.15	0	.3912502	.2213837	.3873661	0
558.15	0	.3911799	.2214812	.3873389	0
557.15	0	.3911101	.2215783	.3873116	0
556.15	0	.3910405	.2216751	.3872844	0
555.15	0	.3909712	.2217716	.3872572	0
554.15	0	.3909022	.2218678	.38723	0
553.15	0	.3908336	.2219636	.3872028	0
552.15	0	.3907653	.2220591	.3871756	0
551.15	0	.3906973	.2221543	.3871484	0
550.15	0	.3906296	.2222492	.3871212	0
549.15	0	.3905622	.2223438	.387094	0
548.15	0	.3904951	.222438	.3870669	0
547.15	0	.3904283	.222532	.3870397	0
546.15	0	.3903619	.2226256	.3870125	0
545.15	0	.3902957	.2227189	.3869853	0
544.15	0	.3902298	.222812	.3869582	0
543.15	0	.3901643	.2229047	.386931	0
542.15	0	.390099	.2229971	.3869039	0
541.15	0	.390034	.2230893	.3868767	0
540.15	0	.3899693	.2231811	.3868496	0
539.15	0	.3899049	.2232727	.3868225	0
538.15	0	.3898408	.2233639	.3867953	0
537.15	0	.3897769	.2234549	.3867682	0
536.15	0	.3897133	.2235456	.3867411	0
535.15	0	.38965	.223636	.386714	0
534.15	0	.389587	.2237261	.3866869	0
533.15	0	.3895243	.2238159	.3866598	0
532.15	0	.3894618	.2239055	.3866327	0
531.15	0	.3893996	.2239948	.3866057	0
530.15	0	.3893376	.2240838	.3865786	0
529.15	0	.389276	.2241725	.3865515	0
528.15	0	.3892145	.224261	.3865245	0
527.15	0	.3891534	.2243492	.3864974	0
526.15	0	.3890925	.2244371	.3864704	0
525.15	0	.3890319	.2245248	.3864434	0
524.15	0	.3889715	.2246122	.3864163	0
523.15	0	.3889113	.2246993	.3863893	0
522.15	0	.3888515	.2247862	.3863623	0
521.15	0	.3887918	.2248728	.3863353	0
520.15	0	.3887325	.2249592	.3863084	0
519.15	0	.3886733	.2250453	.3862814	0
518.15	0	.3886144	.2251311	.3862544	0
517.15	0	.3885558	.2252167	.3862275	0
516.15	0	.3884974	.225302	.3862006	0
515.15	0	.3884392	.2253871	.3861737	0
514.15	0	.3883813	.225472	.3861467	0
513.15	0	.3883236	.2255565	.3861198	0
512.15	0	.3882662	.2256409	.386093	0
511.15	0	.388209	.225725	.3860661	0
510.15	0	.388152	.2258088	.3860392	0
509.15	0	.3880952	.2258924	.3860124	0
508.15	0	.3880387	.2259757	.3859856	0
507.15	0	.3879824	.2260588	.3859588	0
506.15	0	.3879263	.2261417	.385932	0
505.15	0	.3878705	.2262243	.3859052	0
504.15	0	.3878149	.2263067	.3858784	0
503.15	0	.3877595	.2263888	.3858517	0
502.15	0	.3877043	.2264707	.3858249	0
501.15	0	.3876494	.2265524	.3857982	0
500.15	0	.3875947	.2266338	.3857715	0
499.15	0	.3875401	.226715	.3857449	0
498.15	0	.3874859	.226796	.3857182	0
497.15	0	.3874318	.2268767	.3856915	0
496.15	0	.3873779	.2269572	.3856649	0
495.15	0	.3873243	.2270374	.3856383	0
494.15	0	.3872708	.2271174	.3856117	0
493.15	0	.3872176	.2271972	.3855852	0
492.15	0	.3871646	.2272768	.3855586	0
491.15	0	.3871118	.2273561	.3855321	0
490.15	0	.3870592	.2274352	.3855056	0
489.15	0	.3870068	.2275141	.3854791	0
488.15	0	.3869546	.2275927	.3854527	0
487.15	0	.3869026	.2276712	.3854262	0
486.15	0	.3868509	.2277493	.3853998	0
485.15	0	.3867993	.2278273	.3853734	0
484.15	0	.3867479	.227905	.385347	0
483.15	0	.3866968	.2279825	.3853207	0
482.15	0	.3866458	.2280598	.3852944	0
481.15	0	.386595	.2281369	.3852681	0
480.15	0	.3865445	.2282137	.3852418	0
479.15	0	.3864941	.2282903	.3852155	0
478.15	0	.3864439	.2283667	.3851893	0
477.15	0	.386394	.2284429	.3851631	0
476.15	0	.3863442	.2285188	.385137	0
475.15	0	.3862946	.2285946	.3851108	0
474.15	0	.3862452	.2286701	.3850847	0
473.15	0	.386196	.2287454	.3850586	0
472.15	0	.386147	.2288204	.3850326	0
471.15	0	.3860982	.2288953	.3850065	0
470.15	0	.3860496	.2289699	.3849805	0
469.15	0	.3860011	.2290443	.3849546	0
468.15	0	.3859529	.2291185	.3849286	0
467.15	0	.3859048	.2291925	.3849027	0
466.15	0	.385857	.2292662	.3848768	0
465.15	0	.3858093	.2293398	.384851	0
464.15	0	.3857618	.2294131	.3848252	0
463.15	0	.3857145	.2294862	.3847994	0
462.15	0	.3856673	.229559	.3847736	0
461.15	0	.3856204	.2296317	.3847479	0
460.15	0	.3855736	.2297042	.3847222	0
459.15	0	.3855271	.2297764	.3846966	0
458.15	0	.3854807	.2298484	.3846709	0
457.15	0	.3854344	.2299202	.3846453	0
456.15	0	.3853884	.2299918	.3846198	0
455.15	0	.3853426	.2300632	.3845943	0
454.15	0	.3852969	.2301343	.3845688	0
453.15	0	.3852514	.2302053	.3845434	0
452.15	0	.3852061	.230276	.3845179	0
451.15	0	.3851609	.2303465	.3844926	0
450.15	0	.385116	.2304168	.3844673	0
449.15	0	.3850712	.2304868	.384442	0
448.15	0	.3850266	.2305567	.3844167	0
447.15	0	.3849822	.2306262	.3843915	0
446.15	0	.384938	.2306956	.3843664	0
445.15	0	.384894	.2307647	.3843413	0
444.15	0	.3848501	.2308337	.3843162	0
443.15	0	.3848065	.2309023	.3842912	0
442.15	0	.384763	.2309708	.3842662	0
441.15	0	.3847198	.2310389	.3842413	0
440.15	0	.3846767	.2311069	.3842165	0
439.15	0	.3846338	.2311746	.3841916	0
438.15	0	.3845911	.231242	.3841669	0
437.15	0	.3845486	.2313092	.3841422	0
436.15	0	.3845063	.2313761	.3841176	0
435.15	0	.3844642	.2314428	.384093	0
434.15	0	.3844223	.2315092	.3840685	0
433.15	0	.3843806	.2315753	.384044	0
432.15	0	.3843392	.2316412	.3840196	0
431.15	0	.3842979	.2317068	.3839953	0
430.15	0	.3842568	.2317722	.3839711	0
429.15	0	.3842159	.2318372	.3839469	0
428.15	0	.3841753	.231902	.3839227	0
427.15	0	.3841348	.2319665	.3838987	0
426.15	0	.3840945	.2320308	.3838747	0
425.15	0	.3840545	.2320947	.3838508	0
424.15	0	.3840146	.2321584	.383827	0
423.15	0	.383975	.2322219	.3838032	0
422.15	0	.3839355	.232285	.3837795	0
421.15	0	.3838963	.2323479	.3837559	0
420.15	0	.3838573	.2324104	.3837323	0
419.15	0	.3838185	.2324727	.3837088	0
418.15	0	.3837799	.2325347	.3836854	0
417.15	0	.3837414	.2325965	.3836621	0
416.15	0	.3837032	.2326579	.3836388	0
415.15	0	.3836652	.2327191	.3836157	0
414.15	0	.3836275	.23278	.3835926	0
413.15	0	.3835899	.2328406	.3835695	0
412.15	0	.3835525	.2329009	.3835466	0
411.15	0	.3835153	.232961	.3835237	0
410.15	0	.3834783	.2330208	.383501	0
409.15	0	.3834415	.2330802	.3834782	0
408.15	0	.3834049	.2331394	.3834556	0
407.15	0	.3833686	.2331984	.3834331	0
406.15	0	.3833324	.233257	.3834106	0
405.15	0	.3832964	.2333154	.3833882	0
404.15	0	.3832606	.2333735	.3833659	0
