T	 BPW(LIQUID)	BPW(BCC_A2)	BPW(FCC_A1)	BPW(LAVES_PHASE_C14)	BPW(NI3TI)
1473.15	.7343213	.2656787	0	0	0
1472.15	.7298563	.2701437	0	0	0
1471.15	.7254194	.2745806	0	0	0
1470.15	.7210105	.2789896	0	0	0
1469.15	.7166292	.2833708	0	0	0
1468.15	.7122756	.2877244	0	0	0
1467.15	.7079494	.2920506	0	0	0
1466.15	.7036504	.2963496	0	0	0
1465.15	.6993786	.3006215	0	0	0
1464.15	.6951336	.3048664	0	0	0
1463.15	.6909154	.3090846	0	0	0
1462.15	.6867239	.3132761	0	0	0
1461.15	.6825588	.3174412	0	0	0
1460.15	.6784199	.3215801	0	0	0
1459.15	.6743073	.3256927	0	0	0
1458.15	.6702206	.3297795	0	0	0
1457.15	.6661597	.3338403	0	0	0
1456.15	.6621245	.3378755	0	0	0
1455.15	.6581148	.3418852	0	0	0
1454.15	.6541304	.3458696	0	0	0
1453.15	.6501713	.3498287	0	0	0
1452.15	.6462373	.3537627	0	0	0
1451.15	.6423281	.3576719	0	0	0
1450.15	.6384438	.3615562	0	0	0
1449.15	.634584	.365416	0	0	0
1448.15	.6307487	.3692513	0	0	0
1447.15	.6269377	.3730623	0	0	0
1446.15	.6231509	.3768491	0	0	0
1445.404	.6203423	.3796577	0	0	0
1445.404	.6203423	.3796577	0	0	0
1445.404	.6203423	.3796577	0	0	0
1445.15	.6187141	.3807404	0	5.454848E-04	0
1444.15	.6123686	.3849575	0	.002673865	0
1443.15	.6061179	.3891076	0	.004774533	0
1442.15	.5999598	.3931921	0	.006848115	0
1441.15	.5938922	.3972126	0	.008895218	0
1440.15	.5879133	.4011703	0	.01091643	0
1439.15	.5820211	.4050666	0	.01291234	0
1438.15	.5762137	.4089028	0	.01488349	0
1437.15	.5704894	.4126802	0	.01683042	0
1436.15	.5648464	.4164	0	.01875367	0
1435.15	.5592829	.4200634	0	.02065374	0
1434.15	.5537974	.4236715	0	.02253113	0
1433.15	.5483882	.4272255	0	.02438633	0
1432.15	.5430537	.4307265	0	.02621981	0
1431.15	.5377923	.4341756	0	.02803203	0
1430.15	.5326027	.4375738	0	.02982342	0
1429.15	.5274834	.4409222	0	.03159443	0
1428.15	.5224328	.4442217	0	.03334548	0
1427.15	.5174497	.4474733	0	.03507698	0
1426.15	.5125327	.450678	0	.03678932	0
1425.15	.5076805	.4538366	0	.0384829	0
1424.15	.5028918	.4569501	0	.04015809	0
1423.15	.4981654	.4600194	0	.04181527	0
1422.15	.4935	.4630452	0	.0434548	0
1421.15	.4888945	.4660285	0	.04507702	0
1420.15	.4843477	.46897	0	.04668227	0
1419.15	.4798586	.4718705	0	.0482709	0
1418.15	.4754259	.4747309	0	.04984322	0
1417.15	.4710487	.4775518	0	.05139955	0
1416.15	.4667258	.480334	0	.0529402	0
1415.15	.4624563	.4830782	0	.05446546	0
1414.15	.4582392	.4857851	0	.05597564	0
1413.15	.4540735	.4884555	0	.05747102	0
1412.15	.4499583	.4910898	0	.05895187	0
1411.15	.4458926	.493689	0	.06041847	0
1410.15	.4418755	.4962534	0	.06187109	0
1409.15	.4379061	.4987839	0	.06330998	0
1408.15	.4339837	.5012809	0	.0647354	0
1407.15	.4301073	.5037451	0	.06614759	0
1406.15	.4262761	.5061771	0	.0675468	0
1405.15	.4224893	.5085774	0	.06893325	0
1404.15	.4187462	.5109466	0	.07030719	0
1403.15	.4150459	.5132853	0	.07166883	0
1402.15	.4113877	.5155939	0	.07301839	0
1401.15	.407771	.5178729	0	.07435609	0
1400.15	.4041949	.520123	0	.07568213	0
1399.15	.4006587	.5223446	0	.07699673	0
1398.15	.3971618	.5245381	0	.07830007	0
1397.15	.3937036	.5267041	0	.07959236	0
1396.15	.3902833	.5288429	0	.08087379	0
1395.15	.3869003	.5309552	0	.08214454	0
1394.15	.383554	.5330412	0	.08340479	0
1393.15	.3802438	.5351015	0	.08465473	0
1392.15	.376969	.5371365	0	.08589452	0
1391.15	.3737292	.5391465	0	.08712435	0
1390.15	.3705236	.541132	0	.08834436	0
1389.15	.3673518	.5430935	0	.08955473	0
1388.15	.3642132	.5450312	0	.09075562	0
1387.15	.3611072	.5469456	0	.09194719	0
1386.15	.3580334	.548837	0	.09312957	0
1385.15	.3549912	.5507059	0	.09430294	0
1384.15	.3519801	.5525525	0	.09546742	0
1383.15	.3489995	.5543773	0	.09662317	0
1382.15	.3460492	.5561805	0	.09777032	0
1381.15	.3431284	.5579626	0	.09890901	0
1380.15	.3402369	.5597238	0	.1000394	0
1379.15	.337374	.5614644	0	.1011616	0
1378.15	.3345395	.5631849	0	.1022757	0
1377.15	.3317327	.5648854	0	.1033818	0
1376.15	.3289534	.5665664	0	.1044802	0
1375.15	.3262011	.5682281	0	.1055708	0
1374.15	.3234753	.5698708	0	.1066539	0
1373.15	.3207757	.5714947	0	.1077296	0
1372.15	.3181019	.5731003	0	.1087979	0
1371.15	.3154534	.5746877	0	.1098589	0
1370.15	.3128299	.5762572	0	.1109128	0
1369.15	.3102311	.5778092	0	.1119597	0
1368.15	.3076565	.5793438	0	.1129997	0
1367.15	.3051058	.5808613	0	.1140329	0
1366.15	.3025787	.582362	0	.1150594	0
1365.15	.3000747	.5838461	0	.1160792	0
1364.15	.2975936	.5853138	0	.1170926	0
1363.15	.295135	.5867655	0	.1180995	0
1362.15	.2926986	.5882013	0	.1191001	0
1361.15	.2902841	.5896215	0	.1200944	0
1360.15	.2878912	.5910262	0	.1210826	0
1359.15	.2855194	.5924158	0	.1220648	0
1358.15	.2831687	.5937904	0	.123041	0
1357.15	.2808385	.5951502	0	.1240113	0
1356.15	.2785287	.5964955	0	.1249758	0
1355.15	.276239	.5978265	0	.1259346	0
1354.15	.273969	.5991433	0	.1268877	0
1353.15	.2717186	.6004462	0	.1278352	0
1352.15	.2694874	.6017353	0	.1287773	0
1351.15	.2672751	.6030109	0	.129714	0
1350.15	.2650816	.6042731	0	.1306453	0
1349.15	.2629064	.6055222	0	.1315714	0
1348.15	.2607495	.6067583	0	.1324923	0
1347.15	.2586105	.6079815	0	.133408	0
1346.15	.2564892	.6091921	0	.1343187	0
1345.15	.2543854	.6103903	0	.1352244	0
1344.15	.2522987	.6115761	0	.1361252	0
1343.15	.2502291	.6127498	0	.1370211	0
1342.15	.2481762	.6139116	0	.1379123	0
1341.15	.2461398	.6150616	0	.1387986	0
1340.15	.2441197	.6161999	0	.1396804	0
1339.15	.2421158	.6173267	0	.1405575	0
1338.15	.2401277	.6184422	0	.1414301	0
1337.15	.2381553	.6195465	0	.1422982	0
1336.15	.2361983	.6206398	0	.1431619	0
1335.15	.2342566	.6217222	0	.1440212	0
1334.15	.23233	.6227938	0	.1448762	0
1333.15	.2304183	.6238549	0	.1457269	0
1332.15	.2285212	.6249054	0	.1465734	0
1331.15	.2266386	.6259457	0	.1474158	0
1330.15	.2247703	.6269757	0	.148254	0
1329.15	.2229161	.6279957	0	.1490882	0
1328.15	.2210758	.6290058	0	.1499184	0
1327.15	.2192493	.6300061	0	.1507446	0
1326.15	.2174364	.6309967	0	.151567	0
1325.15	.2156369	.6319777	0	.1523854	0
1324.15	.2138506	.6329493	0	.1532001	0
1323.15	.2120774	.6339116	0	.154011	0
1322.15	.2103171	.6348647	0	.1548182	0
1321.15	.2085696	.6358087	0	.1556217	0
1320.15	.2068346	.6367438	0	.1564216	0
1319.15	.2051121	.6376701	0	.1572179	0
1318.15	.2034019	.6385875	0	.1580106	0
1317.15	.2017038	.6394964	0	.1587998	0
1316.15	.2000176	.6403968	0	.1595856	0
1315.15	.1983434	.6412887	0	.160368	0
1314.15	.1966808	.6421723	0	.1611469	0
1313.15	.1950297	.6430478	0	.1619225	0
1312.15	.1933901	.6439151	0	.1626949	0
1311.15	.1917617	.6447744	0	.1634639	0
1310.15	.1901444	.6456258	0	.1642298	0
1309.15	.1885382	.6464694	0	.1649924	0
1308.15	.1869428	.6473053	0	.1657519	0
1307.15	.1853581	.6481336	0	.1665082	0
1306.15	.1837841	.6489544	0	.1672615	0
1305.15	.1822206	.6497677	0	.1680117	0
1304.15	.1806674	.6505737	0	.168759	0
1303.15	.1791244	.6513724	0	.1695032	0
1302.15	.1775916	.6521639	0	.1702444	0
1301.15	.1760688	.6529484	0	.1709828	0
1300.15	.1745558	.6537259	0	.1717183	0
1299.15	.1730496	.654499	0	.1724515	0
1298.15	.171556	.6552627	0	.1731813	0
1297.15	.1700721	.6560197	0	.1739083	0
1296.15	.1685975	.65677	0	.1746325	0
1295.15	.1671323	.6575137	0	.175354	0
1294.15	.1656763	.6582509	0	.1760728	0
1293.15	.1642293	.6589817	0	.176789	0
1292.15	.1627914	.6597061	0	.1775024	0
1291.15	.1613624	.6604243	0	.1782133	0
1290.15	.1599422	.6611362	0	.1789216	0
1289.15	.1585307	.661842	0	.1796273	0
1288.15	.1571278	.6625417	0	.1803305	0
1287.15	.1557334	.6632354	0	.1810311	0
1286.15	.1543474	.6639232	0	.1817293	0
1285.15	.1529698	.6646052	0	.1824251	0
1284.15	.1516003	.6652813	0	.1831183	0
1283.15	.150239	.6659518	0	.1838092	0
1282.15	.1488857	.6666166	0	.1844977	0
1281.15	.1475404	.6672758	0	.1851839	0
1280.15	.1462029	.6679294	0	.1858677	0
1279.15	.1448732	.6685776	0	.1865492	0
1278.15	.1435512	.6692204	0	.1872284	0
1277.15	.1422368	.6698579	0	.1879053	0
1276.15	.1409299	.6704901	0	.18858	0
1275.15	.1396304	.6711171	0	.1892525	0
1274.15	.1383383	.6717389	0	.1899228	0
1273.15	.1370535	.6723556	0	.1905909	0
1272.15	.1357759	.6729673	0	.1912569	0
1271.15	.1345054	.673574	0	.1919207	0
1270.15	.1332419	.6741757	0	.1925824	0
1269.15	.1319854	.6747726	0	.193242	0
1268.15	.1307358	.6753647	0	.1938995	0
1267.15	.129493	.675952	0	.194555	0
1266.15	.1282569	.6765346	0	.1952085	0
1265.15	.1270275	.6771126	0	.1958599	0
1264.15	.1258047	.6776859	0	.1965094	0
1263.15	.1245884	.6782547	0	.1971569	0
1262.15	.1233786	.678819	0	.1978024	0
1261.15	.1221752	.6793789	0	.198446	0
1260.15	.1209781	.6799343	0	.1990876	0
1259.15	.1197872	.6804854	0	.1997274	0
1258.15	.1186026	.6810322	0	.2003652	0
1257.15	.117424	.6815747	0	.2010013	0
1256.15	.1162515	.682113	0	.2016354	0
1255.15	.115085	.6826472	0	.2022678	0
1254.15	.1139245	.6831773	0	.2028983	0
1253.15	.1127697	.6837032	0	.203527	0
1252.15	.1116208	.6842252	0	.204154	0
1251.15	.1104777	.6847432	0	.2047791	0
1250.15	.1093402	.6852572	0	.2054026	0
1249.15	.1082084	.6857674	0	.2060243	0
1248.15	.1070821	.6862737	0	.2066442	0
1247.15	.1059613	.6867762	0	.2072625	0
1246.15	.104846	.6872749	0	.2078791	0
1245.15	.1037361	.6877699	0	.208494	0
1244.15	.1026315	.6882612	0	.2091073	0
1243.15	.1015322	.6887489	0	.2097189	0
1242.349	.1006558	.6891368	0	.2102074	0
1242.349	.1006558	.6891368	0	.2102074	0
1242.349	.1006558	.6891368	0	.2102074	0
1242.15	.09927093	.6888893	.001449342	.2103904	0
1241.15	.09232297	.6876723	.008701089	.2113036	0
1240.15	.08537299	.6864958	.01592236	.2122089	0
1239.15	.07842086	.6853592	.02311354	.2131064	0
1238.15	.07146649	.6842623	.03027503	.2139962	0
1237.15	.06450977	.6832048	.03740722	.2148782	0
1236.15	.0575506	.6821862	.04451047	.2157527	0
1235.15	.05058891	.6812063	.05158517	.2166196	0
1234.15	.0436246	.6802647	.05863168	.217479	0
1233.15	.03665758	.6793611	.06565037	.218331	0
1232.15	.02968779	.6784951	.07264161	.2191755	0
1231.15	.02271514	.6776664	.07960574	.2200128	0
1230.15	.01573958	.6768746	.08654312	.2208427	0
1229.15	.008761031	.6761194	.09345409	.2216655	0
1228.15	.001779438	.6754005	.100339	.222481	0
1227.895	0	.6752231	.1020892	.2226877	0
1227.895	0	.6752231	.1020892	.2226877	0
1227.15	0	.6744372	.1025448	.223018	0
1226.15	0	.6733854	.1031543	.2234603	0
1225.15	0	.6723367	.1037617	.2239016	0
1224.15	0	.6712912	.1043671	.2243417	0
1223.15	0	.6702488	.1049705	.2247808	0
1222.15	0	.6692095	.1055718	.2252188	0
1221.15	0	.6681733	.106171	.2256557	0
1220.15	0	.6671403	.1067682	.2260916	0
1219.15	0	.6661103	.1073633	.2265264	0
1218.15	0	.6650835	.1079564	.2269601	0
1217.15	0	.6640597	.1085475	.2273928	0
1216.15	0	.663039	.1091366	.2278245	0
1215.15	0	.6620214	.1097236	.2282551	0
1214.15	0	.6610068	.1103086	.2286846	0
1213.15	0	.6599953	.1108916	.2291132	0
1212.15	0	.6589868	.1114726	.2295407	0
1211.15	0	.6579814	.1120515	.2299671	0
1210.15	0	.6569789	.1126285	.2303926	0
1209.15	0	.6559795	.1132035	.230817	0
1208.15	0	.6549832	.1137765	.2312404	0
1207.15	0	.6539898	.1143475	.2316627	0
1206.15	0	.6529994	.1149165	.2320841	0
1205.15	0	.652012	.1154835	.2325045	0
1204.15	0	.6510276	.1160486	.2329238	0
1203.15	0	.6500462	.1166117	.2333422	0
1202.15	0	.6490677	.1171728	.2337595	0
1201.15	0	.6480922	.117732	.2341759	0
1200.15	0	.6471196	.1182892	.2345912	0
1199.15	0	.64615	.1188444	.2350056	0
1198.15	0	.6451833	.1193977	.235419	0
1197.15	0	.6442195	.1199491	.2358314	0
1196.15	0	.6432587	.1204985	.2362429	0
1195.15	0	.6423008	.1210459	.2366533	0
1194.15	0	.6413458	.1215915	.2370628	0
1193.15	0	.6403936	.1221351	.2374713	0
1192.15	0	.6394444	.1226767	.2378789	0
1191.15	0	.638498	.1232165	.2382855	0
1190.15	0	.6375546	.1237543	.2386911	0
1189.15	0	.636614	.1242903	.2390958	0
1188.15	0	.6356762	.1248243	.2394995	0
1187.15	0	.6347414	.1253564	.2399023	0
1186.15	0	.6338093	.1258866	.2403041	0
1185.15	0	.6328801	.1264149	.240705	0
1184.15	0	.6319538	.1269413	.241105	0
1183.15	0	.6310302	.1274658	.241504	0
1182.15	0	.6301095	.1279884	.2419021	0
1181.15	0	.6291916	.1285092	.2422992	0
1180.15	0	.6282765	.129028	.2426955	0
1179.15	0	.6273642	.129545	.2430908	0
1178.15	0	.6264547	.1300601	.2434852	0
1177.15	0	.625548	.1305734	.2438786	0
1176.15	0	.6246441	.1310848	.2442712	0
1175.15	0	.6237429	.1315943	.2446628	0
1174.15	0	.6228445	.132102	.2450535	0
1173.15	0	.6219489	.1326078	.2454434	0
1172.15	0	.621056	.1331118	.2458323	0
1171.15	0	.6201658	.1336139	.2462203	0
1170.15	0	.6192784	.1341141	.2466074	0
1169.15	0	.6183938	.1346126	.2469937	0
1168.15	0	.6175118	.1351092	.247379	0
1167.15	0	.6166326	.1356039	.2477635	0
1166.15	0	.6157561	.1360969	.248147	0
1165.15	0	.6148823	.136588	.2485297	0
1164.15	0	.6140112	.1370773	.2489115	0
1163.15	0	.6131428	.1375648	.2492924	0
1162.15	0	.6122771	.1380504	.2496725	0
1161.15	0	.6114141	.1385343	.2500517	0
1160.15	0	.6105537	.1390163	.25043	0
1159.15	0	.609696	.1394966	.2508074	0
1158.15	0	.608841	.139975	.251184	0
1157.15	0	.6079886	.1404517	.2515597	0
1156.15	0	.6071389	.1409265	.2519346	0
1155.15	0	.6062919	.1413996	.2523086	0
1154.15	0	.6054474	.1418709	.2526817	0
1153.15	0	.6046056	.1423404	.253054	0
1152.15	0	.6037664	.1428081	.2534255	0
1151.15	0	.6029299	.143274	.2537961	0
1150.15	0	.602096	.1437382	.2541658	0
1149.15	0	.6012646	.1442006	.2545348	0
1148.15	0	.6004359	.1446612	.2549029	0
1147.15	0	.5996098	.1451201	.2552701	0
1146.15	0	.5987863	.1455772	.2556365	0
1145.15	0	.5979653	.1460326	.2560021	0
1144.15	0	.597147	.1464862	.2563669	0
1143.15	0	.5963312	.146938	.2567308	0
1142.15	0	.5955179	.1473881	.2570939	0
1141.15	0	.5947073	.1478365	.2574562	0
1140.15	0	.5938992	.1482831	.2578177	0
1139.15	0	.5930936	.148728	.2581783	0
1138.15	0	.5922906	.1491712	.2585382	0
1137.15	0	.5914902	.1496126	.2588972	0
1136.15	0	.5906922	.1500523	.2592554	0
1135.15	0	.5898968	.1504903	.2596128	0
1134.15	0	.589104	.1509266	.2599694	0
1133.15	0	.5883136	.1513612	.2603253	0
1132.15	0	.5875257	.151794	.2606803	0
1131.15	0	.5867404	.1522251	.2610345	0
1130.15	0	.5859576	.1526545	.2613879	0
1129.15	0	.5851772	.1530823	.2617405	0
1128.15	0	.5843993	.1535083	.2620924	0
1127.15	0	.583624	.1539326	.2624434	0
1126.15	0	.5828511	.1543552	.2627937	0
1125.15	0	.5820806	.1547762	.2631432	0
1124.15	0	.5813127	.1551954	.2634919	0
1123.15	0	.5805472	.155613	.2638398	0
1122.15	0	.5797842	.1560289	.2641869	0
1121.15	0	.5790236	.1564431	.2645333	0
1120.15	0	.5782655	.1568557	.2648789	0
1119.15	0	.5775098	.1572665	.2652237	0
1118.15	0	.5767565	.1576757	.2655677	0
1117.15	0	.5760057	.1580833	.265911	0
1116.15	0	.5752573	.1584892	.2662536	0
1115.15	0	.5745113	.1588934	.2665953	0
1114.15	0	.5737678	.159296	.2669363	0
1113.15	0	.5730266	.1596969	.2672765	0
1112.15	0	.5722879	.1600961	.267616	0
1111.15	0	.5715515	.1604938	.2679547	0
1110.15	0	.5708176	.1608897	.2682927	0
1109.15	0	.570086	.1612841	.2686299	0
1108.15	0	.5693568	.1616768	.2689664	0
1107.15	0	.56863	.1620679	.2693021	0
1106.15	0	.5679056	.1624573	.2696371	0
1105.15	0	.5671836	.1628451	.2699713	0
1104.15	0	.5664639	.1632313	.2703048	0
1103.15	0	.5657466	.1636159	.2706376	0
1102.15	0	.5650316	.1639988	.2709696	0
1101.15	0	.564319	.1643802	.2713008	0
1100.15	0	.5636087	.1647599	.2716314	0
1099.15	0	.5629008	.165138	.2719612	0
1098.15	0	.5621952	.1655146	.2722903	0
1097.15	0	.5614919	.1658895	.2726186	0
1096.15	0	.560791	.1662628	.2729462	0
1095.15	0	.5600923	.1666345	.2732731	0
1094.15	0	.559396	.1670047	.2735993	0
1093.15	0	.558702	.1673732	.2739247	0
1092.15	0	.5580103	.1677402	.2742495	0
1091.15	0	.5573209	.1681056	.2745735	0
1090.15	0	.5566338	.1684694	.2748968	0
1089.15	0	.555949	.1688316	.2752193	0
1088.15	0	.5552665	.1691923	.2755412	0
1087.15	0	.5545863	.1695514	.2758624	0
1086.15	0	.5539083	.1699089	.2761828	0
1085.15	0	.5532326	.1702649	.2765025	0
1084.15	0	.5525592	.1706193	.2768215	0
1083.15	0	.5518881	.1709721	.2771398	0
1082.15	0	.5512192	.1713234	.2774574	0
1081.15	0	.5505525	.1716731	.2777743	0
1080.15	0	.5498881	.1720213	.2780905	0
1079.15	0	.549226	.172368	.278406	0
1078.15	0	.5485661	.1727131	.2787208	0
1077.15	0	.5479084	.1730567	.2790349	0
1076.15	0	.5472529	.1733988	.2793483	0
1075.15	0	.5465997	.1737393	.279661	0
1074.15	0	.5459487	.1740782	.279973	0
1073.15	0	.5452999	.1744157	.2802844	0
1072.15	0	.5446533	.1747517	.280595	0
1071.15	0	.544009	.1750861	.2809049	0
1070.15	0	.5433668	.175419	.2812142	0
1069.15	0	.5427268	.1757504	.2815227	0
1068.15	0	.542089	.1760803	.2818306	0
1067.15	0	.5414534	.1764087	.2821378	0
1066.15	0	.54082	.1767356	.2824443	0
1065.15	0	.5401888	.1770611	.2827502	0
1064.15	0	.5395597	.177385	.2830553	0
1063.15	0	.5389328	.1777074	.2833598	0
1062.15	0	.5383081	.1780283	.2836636	0
1061.15	0	.5376855	.1783478	.2839667	0
1060.15	0	.5370651	.1786658	.2842691	0
1059.15	0	.5364469	.1789823	.2845709	0
1058.15	0	.5358308	.1792973	.284872	0
1057.15	0	.5352168	.1796108	.2851724	0
1056.15	0	.5346049	.179923	.2854721	0
1055.15	0	.5339952	.1802336	.2857712	0
1054.15	0	.5333876	.1805428	.2860696	0
1053.15	0	.5327822	.1808505	.2863673	0
1052.15	0	.5321789	.1811568	.2866644	0
1051.15	0	.5315776	.1814616	.2869608	0
1050.15	0	.5309785	.181765	.2872565	0
1049.15	0	.5303815	.1820669	.2875516	0
1048.15	0	.5297866	.1823675	.287846	0
1047.15	0	.5291938	.1826665	.2881397	0
1046.15	0	.528603	.1829642	.2884328	0
1045.15	0	.5280144	.1832604	.2887252	0
1044.15	0	.5274278	.1835552	.289017	0
1043.15	0	.5268433	.1838486	.2893081	0
1042.15	0	.5262609	.1841406	.2895985	0
1041.15	0	.5256805	.1844312	.2898883	0
1040.15	0	.5251022	.1847204	.2901774	0
1039.15	0	.524526	.1850081	.2904659	0
1038.15	0	.5239518	.1852945	.2907537	0
1037.15	0	.5233797	.1855795	.2910408	0
1036.15	0	.5228096	.1858631	.2913273	0
1035.15	0	.5222415	.1861453	.2916132	0
1034.15	0	.5216755	.1864261	.2918984	0
1033.15	0	.5211115	.1867055	.2921829	0
1032.15	0	.5205496	.1869836	.2924668	0
1031.15	0	.5199896	.1872603	.2927501	0
1030.15	0	.5194317	.1875357	.2930327	0
1029.15	0	.5188757	.1878097	.2933146	0
1028.15	0	.5183218	.1880823	.2935959	0
1027.15	0	.5177699	.1883536	.2938765	0
1026.15	0	.5172199	.1886235	.2941565	0
1025.15	0	.516672	.1888921	.2944359	0
1024.15	0	.5161261	.1891594	.2947146	0
1023.15	0	.5155821	.1894253	.2949926	0
1022.15	0	.5150401	.1896899	.2952701	0
1021.15	0	.5145	.1899531	.2955468	0
1020.15	0	.513962	.1902151	.2958229	0
1019.15	0	.5134259	.1904757	.2960984	0
1018.15	0	.5128917	.190735	.2963732	0
1017.15	0	.5123595	.190993	.2966474	0
1016.15	0	.5118293	.1912498	.296921	0
1015.15	0	.5113009	.1915052	.2971939	0
1014.15	0	.5107746	.1917593	.2974661	0
1013.15	0	.5102501	.1920121	.2977378	0
1012.15	0	.5097276	.1922637	.2980087	0
1011.15	0	.509207	.192514	.2982791	0
1010.15	0	.5086883	.192763	.2985488	0
1009.15	0	.5081715	.1930107	.2988178	0
1008.15	0	.5076566	.1932572	.2990862	0
1007.15	0	.5071436	.1935024	.299354	0
1006.15	0	.5066325	.1937464	.2996211	0
1005.15	0	.5061233	.1939891	.2998876	0
1004.15	0	.505616	.1942306	.3001534	0
1003.15	0	.5051105	.1944709	.3004186	0
1002.15	0	.5046069	.1947099	.3006832	0
1001.15	0	.5041052	.1949477	.3009471	0
1000.15	0	.5036054	.1951842	.3012104	0
999.15	0	.5031074	.1954196	.301473	0
998.15	0	.5026113	.1956538	.301735	0
997.15	0	.502117	.1958867	.3019964	0
996.15	0	.5016245	.1961184	.3022571	0
995.15	0	.5011339	.196349	.3025171	0
994.15	0	.5006451	.1965784	.3027766	0
993.15	0	.5001581	.1968066	.3030354	0
992.15	0	.4996729	.1970336	.3032935	0
991.15	0	.4991896	.1972595	.303551	0
990.15	0	.498708	.1974841	.3038079	0
989.15	0	.4982283	.1977077	.3040641	0
988.15	0	.4977503	.1979301	.3043197	0
987.15	0	.4972741	.1981513	.3045746	0
986.15	0	.4967997	.1983714	.3048289	0
985.15	0	.4963271	.1985904	.3050825	0
984.15	0	.4958563	.1988082	.3053355	0
983.15	0	.4953872	.199025	.3055879	0
982.15	0	.4949198	.1992406	.3058396	0
981.15	0	.4944542	.1994551	.3060906	0
980.15	0	.4939904	.1996686	.3063411	0
979.15	0	.4935283	.1998809	.3065908	0
978.15	0	.4930679	.2000921	.3068399	0
977.15	0	.4926093	.2003023	.3070884	0
976.15	0	.4921524	.2005114	.3073362	0
975.15	0	.4916971	.2007195	.3075834	0
974.15	0	.4912436	.2009264	.3078299	0
973.15	0	.4907918	.2011324	.3080758	0
972.15	0	.4903417	.2013373	.308321	0
971.15	0	.4898932	.2015412	.3085656	0
970.15	0	.4894465	.201744	.3088095	0
969.15	0	.4890014	.2019458	.3090528	0
968.15	0	.488558	.2021466	.3092954	0
967.15	0	.4881162	.2023464	.3095374	0
966.15	0	.4876761	.2025453	.3097787	0
965.15	0	.4872376	.2027431	.3100193	0
964.15	0	.4868008	.2029399	.3102593	0
963.15	0	.4863656	.2031358	.3104986	0
962.15	0	.485932	.2033307	.3107373	0
961.15	0	.4855	.2035247	.3109753	0
960.15	0	.4850697	.2037177	.3112126	0
959.15	0	.4846409	.2039098	.3114493	0
958.15	0	.4842137	.204101	.3116853	0
957.15	0	.4837882	.2042912	.3119207	0
956.15	0	.4833641	.2044805	.3121553	0
955.15	0	.4829417	.204669	.3123893	0
954.15	0	.4825208	.2048565	.3126227	0
953.15	0	.4821015	.2050431	.3128553	0
952.15	0	.4816837	.2052289	.3130873	0
951.15	0	.4812675	.2054138	.3133187	0
950.15	0	.4808528	.2055979	.3135493	0
949.15	0	.4804396	.2057811	.3137793	0
948.15	0	.4800279	.2059635	.3140086	0
947.15	0	.4796178	.206145	.3142372	0
946.15	0	.4792091	.2063258	.3144651	0
945.15	0	.4788019	.2065057	.3146924	0
944.15	0	.4783962	.2066848	.314919	0
943.15	0	.477992	.2068632	.3151448	0
942.15	0	.4775892	.2070407	.31537	0
941.15	0	.4771879	.2072176	.3155945	0
940.15	0	.476788	.2073936	.3158183	0
939.15	0	.4763896	.2075689	.3160415	0
938.15	0	.4759926	.2077435	.3162639	0
937.15	0	.475597	.2079174	.3164856	0
936.15	0	.4752028	.2080905	.3167066	0
935.15	0	.4748101	.208263	.316927	0
934.15	0	.4744187	.2084347	.3171466	0
933.15	0	.4740286	.2086058	.3173655	0
932.15	0	.47364	.2087763	.3175837	0
931.15	0	.4732527	.208946	.3178012	0
930.15	0	.4728668	.2091152	.318018	0
929.15	0	.4724822	.2092837	.3182341	0
928.15	0	.472099	.2094516	.3184495	0
927.15	0	.471717	.2096189	.3186641	0
926.15	0	.4713364	.2097856	.318878	0
925.15	0	.4709571	.2099517	.3190912	0
924.15	0	.470579	.2101173	.3193037	0
923.15	0	.4702023	.2102823	.3195154	0
922.15	0	.4698268	.2104468	.3197264	0
921.15	0	.4694525	.2106107	.3199367	0
920.15	0	.4690796	.2107742	.3201463	0
919.15	0	.4687078	.2109371	.3203551	0
918.15	0	.4683373	.2110996	.3205631	0
917.15	0	.467968	.2112616	.3207704	0
916.15	0	.4675998	.2114232	.320977	0
915.15	0	.4672329	.2115843	.3211828	0
914.15	0	.4668672	.211745	.3213879	0
913.15	0	.4665026	.2119052	.3215922	0
912.15	0	.4661392	.2120651	.3217957	0
911.15	0	.4657769	.2122246	.3219985	0
910.15	0	.4654157	.2123837	.3222005	0
909.15	0	.4650557	.2125425	.3224018	0
908.15	0	.4646967	.212701	.3226023	0
907.15	0	.4643389	.2128591	.322802	0
906.15	0	.4639822	.213017	.3230009	0
905.15	0	.4636265	.2131745	.323199	0
904.15	0	.4632718	.2133318	.3233963	0
903.15	0	.4629182	.2134889	.3235929	0
902.15	0	.4625656	.2136457	.3237887	0
901.15	0	.4622141	.2138023	.3239836	0
900.15	0	.4618635	.2139587	.3241778	0
899.15	0	.461514	.2141149	.3243711	0
898.15	0	.4611654	.214271	.3245637	0
897.15	0	.4608177	.2144269	.3247554	0
896.15	0	.460471	.2145827	.3249463	0
895.15	0	.4601252	.2147384	.3251364	0
894.15	0	.4597804	.214894	.3253257	0
893.15	0	.4594364	.2150495	.3255141	0
892.15	0	.4590934	.215205	.3257017	0
891.15	0	.4587511	.2153604	.3258884	0
890.15	0	.4584098	.2155159	.3260743	0
889.15	0	.4580693	.2156714	.3262594	0
888.15	0	.4577296	.2158269	.3264436	0
887.15	0	.4573907	.2159824	.3266269	0
886.15	0	.4570526	.216138	.3268094	0
885.15	0	.4567153	.2162938	.326991	0
884.15	0	.4563787	.2164496	.3271717	0
883.15	0	.4560429	.2166056	.3273515	0
882.15	0	.4557078	.2167617	.3275305	0
881.15	0	.4553734	.2169181	.3277086	0
880.15	0	.4550397	.2170746	.3278857	0
879.15	0	.4547066	.2172314	.328062	0
878.15	0	.4543742	.2173884	.3282373	0
877.15	0	.4540425	.2175458	.3284118	0
876.15	0	.4537113	.2177034	.3285853	0
875.15	0	.4533808	.2178614	.3287579	0
874.15	0	.4530508	.2180197	.3289295	0
873.15	0	.4527214	.2181784	.3291002	0
872.15	0	.4523925	.2183375	.32927	0
871.15	0	.4520642	.2184971	.3294388	0
870.15	0	.4517363	.2186571	.3296066	0
869.15	0	.4514089	.2188176	.3297735	0
868.15	0	.451082	.2189786	.3299394	0
867.15	0	.4507555	.2191402	.3301043	0
866.15	0	.4504294	.2193023	.3302683	0
865.15	0	.4501038	.2194651	.3304312	0
864.15	0	.4497784	.2196284	.3305931	0
863.15	0	.4494535	.2197925	.330754	0
862.15	0	.4491288	.2199572	.3309139	0
861.15	0	.4488045	.2201227	.3310728	0
860.15	0	.4484805	.2202889	.3312306	0
859.15	0	.4481566	.220456	.3313874	0
858.15	0	.4478331	.2206238	.3315431	0
857.15	0	.4475097	.2207925	.3316978	0
856.15	0	.4471865	.2209621	.3318513	0
855.15	0	.4468635	.2211327	.3320038	0
854.15	0	.4465406	.2213042	.3321553	0
853.15	0	.4462178	.2214766	.3323056	0
852.15	0	.4458951	.2216502	.3324548	0
851.15	0	.4455724	.2218248	.3326028	0
850.15	0	.4452497	.2220005	.3327498	0
849.15	0	.4449271	.2221774	.3328955	0
848.15	0	.4446044	.2223554	.3330402	0
847.15	0	.4442816	.2225348	.3331836	0
846.15	0	.4439587	.2227153	.3333259	0
845.15	0	.4436357	.2228972	.333467	0
844.15	0	.4433126	.2230805	.3336069	0
843.15	0	.4429893	.2232652	.3337456	0
842.15	0	.4426657	.2234513	.3338831	0
841.15	0	.4423418	.2236389	.3340193	0
840.15	0	.4420177	.2238281	.3341542	0
839.15	0	.4416933	.2240188	.3342879	0
838.15	0	.4413709	.2242091	.33442	0
837.15	0	.4410456	.2244033	.3345511	0
836.15	0	.4407199	.2245992	.3346809	0
835.15	0	.4403937	.224797	.3348093	0
834.15	0	.440067	.2249966	.3349365	0
833.15	0	.4397397	.2251981	.3350622	0
832.15	0	.4394118	.2254016	.3351866	0
831.15	0	.4390833	.2256072	.3353096	0
830.15	0	.4387541	.2258148	.3354311	0
829.15	0	.4384241	.2260246	.3355513	0
828.15	0	.4380934	.2262366	.33567	0
827.15	0	.4377619	.2264509	.3357872	0
826.15	0	.4374295	.2266676	.3359029	0
825.15	0	.4370962	.2268867	.3360171	0
824.15	0	.4367618	.2271084	.3361298	0
823.15	0	.4364265	.2273326	.3362409	0
822.15	0	.4360901	.2275595	.3363504	0
821.15	0	.4357525	.2277891	.3364583	0
820.15	0	.4354138	.2280216	.3365646	0
819.15	0	.4350738	.228257	.3366693	0
818.15	0	.4347324	.2284953	.3367722	0
817.15	0	.4343897	.2287368	.3368735	0
816.15	0	.4340455	.2289815	.336973	0
815.15	0	.4336998	.2292295	.3370707	0
814.15	0	.4333525	.2294808	.3371667	0
813.15	0	.4330035	.2297357	.3372608	0
812.15	0	.4326527	.2299943	.337353	0
811.15	0	.4323002	.2302565	.3374434	0
810.15	0	.4319457	.2305226	.3375318	0
809.15	0	.4315891	.2307927	.3376182	0
808.15	0	.4312305	.2310669	.3377026	0
807.15	0	.4308697	.2313454	.3377849	0
806.15	0	.4305066	.2316283	.3378652	0
805.15	0	.430141	.2319157	.3379433	0
804.15	0	.429773	.2322078	.3380192	0
803.15	0	.4294023	.2325049	.3380928	0
802.15	0	.4290289	.232807	.3381642	0
801.15	0	.4286525	.2331143	.3382332	0
800.15	0	.4282732	.2334271	.3382997	0
799.15	0	.4278907	.2337455	.3383639	0
798.15	0	.4275048	.2340698	.3384254	0
797.15	0	.4271155	.2344001	.3384844	0
796.15	0	.4267226	.2347368	.3385407	0
795.15	0	.4263258	.23508	.3385942	0
794.15	0	.425925	.2354301	.3386449	0
793.15	0	.42552	.2357874	.3386926	0
792.15	0	.4251106	.2361521	.3387373	0
791.15	0	.4246965	.2365246	.338779	0
790.15	0	.4242775	.2369052	.3388174	0
789.15	0	.4238533	.2372943	.3388524	0
788.15	0	.4234236	.2376924	.338884	0
787.15	0	.4229883	.2380997	.338912	0
786.15	0	.4225468	.2385169	.3389363	0
785.15	0	.4220988	.2389444	.3389568	0
784.15	0	.4216441	.2393828	.3389731	0
783.15	0	.4211821	.2398326	.3389853	0
782.15	0	.4207124	.2402946	.3389931	0
781.15	0	.4202344	.2407693	.3389963	0
780.15	0	.4197478	.2412577	.3389946	0
779.15	0	.4192517	.2417605	.3389878	0
778.15	0	.4187457	.2422787	.3389757	0
777.15	0	.4182289	.2428133	.3389579	0
776.15	0	.4177005	.2433655	.338934	0
775.15	0	.4171595	.2439366	.3389038	0
774.15	0	.4166051	.2445281	.3388668	0
773.15	0	.4160359	.2451416	.3388225	0
772.15	0	.4154506	.245779	.3387704	0
771.15	0	.4148477	.2464425	.3387098	0
770.15	0	.4142254	.2471345	.33864	0
769.15	0	.4135817	.247858	.3385603	0
768.15	0	.4129141	.2486163	.3384696	0
767.15	0	.4122197	.2494136	.3383667	0
766.15	0	.411495	.2502546	.3382504	0
765.15	0	.4107357	.2511454	.3381189	0
764.15	0	.4099366	.2520932	.3379702	0
763.15	0	.40862	.2537461	.3376339	0
762.15	0	.4065936	.2563688	.3370376	0
761.15	0	.4049083	.258537	.3365548	0
760.15	0	.4034545	.2603977	.3361478	0
759.15	0	.402171	.2620331	.3357959	0
758.15	0	.4010196	.2634946	.3354859	0
757.15	0	.3999742	.2648167	.3352091	0
756.15	0	.3990165	.2660242	.3349594	0
755.15	0	.3981326	.2671353	.3347322	0
754.15	0	.3973119	.2681641	.334524	0
753.15	0	.3965463	.2691215	.3343322	0
752.15	0	.3958289	.2700165	.3341546	0
751.15	0	.3951544	.2708562	.3339894	0
750.15	0	.3945182	.2716467	.3338352	0
749.15	0	.3939164	.2723929	.3336907	0
748.15	0	.3933459	.2730991	.333555	0
747.15	0	.3928038	.273769	.3334272	0
746.15	0	.3922877	.2744058	.3333065	0
745.15	0	.3917955	.2750122	.3331923	0
744.15	0	.3913254	.2755907	.333084	0
743.15	0	.3908756	.2761434	.3329811	0
742.15	0	.3904447	.2766722	.3328831	0
741.15	0	.3900314	.2771788	.3327898	0
740.15	0	.3896346	.2776647	.3327007	0
739.15	0	.3892531	.2781314	.3326155	0
738.15	0	.388886	.2785801	.3325339	0
737.15	0	.3885325	.2790118	.3324558	0
736.15	0	.3881916	.2794277	.3323807	0
735.15	0	.3878628	.2798286	.3323086	0
734.15	0	.3875453	.2802154	.3322393	0
733.15	0	.3872384	.280589	.3321725	0
732.15	0	.3869418	.2809501	.3321082	0
731.15	0	.3866547	.2812992	.3320461	0
730.15	0	.3863767	.2816372	.3319862	0
729.15	0	.3861074	.2819644	.3319282	0
728.15	0	.3858463	.2822815	.3318722	0
727.15	0	.3855931	.282589	.3318179	0
726.15	0	.3853474	.2828873	.3317653	0
725.15	0	.3851088	.2831769	.3317143	0
724.15	0	.384877	.2834582	.3316648	0
723.15	0	.3846517	.2837316	.3316167	0
722.15	0	.3844327	.2839974	.33157	0
721.15	0	.3842196	.2842559	.3315246	0
720.15	0	.3840122	.2845075	.3314803	0
719.15	0	.3838102	.2847525	.3314372	0
718.15	0	.3836136	.2849912	.3313952	0
717.15	0	.3834219	.2852238	.3313543	0
716.15	0	.3832351	.2854506	.3313143	0
715.15	0	.3830529	.2856718	.3312753	0
714.15	0	.3828752	.2858876	.3312372	0
713.15	0	.3827018	.2860983	.3311999	0
712.15	0	.3825325	.286304	.3311634	0
711.15	0	.3823672	.2865051	.3311277	0
710.15	0	.3822058	.2867015	.3310928	0
709.15	0	.382048	.2868935	.3310585	0
708.15	0	.3818937	.2870814	.3310249	0
707.15	0	.3817429	.2872651	.3309919	0
706.15	0	.3815955	.287445	.3309596	0
705.15	0	.3814512	.287621	.3309278	0
704.15	0	.3813099	.2877935	.3308966	0
703.15	0	.3811717	.2879624	.3308659	0
702.15	0	.3810363	.2881279	.3308357	0
701.15	0	.3809038	.2882902	.330806	0
700.15	0	.3807739	.2884493	.3307768	0
699.15	0	.3806466	.2886054	.330748	0
698.15	0	.3805218	.2887586	.3307196	0
697.15	0	.3803995	.2889089	.3306916	0
696.15	0	.3802795	.2890565	.330664	0
695.15	0	.3801618	.2892014	.3306368	0
694.15	0	.3800463	.2893438	.3306099	0
693.15	0	.3799329	.2894837	.3305834	0
692.15	0	.3798217	.2896212	.3305571	0
691.15	0	.3797124	.2897564	.3305312	0
690.15	0	.3796051	.2898893	.3305056	0
689.15	0	.3794997	.2900201	.3304802	0
688.15	0	.3793961	.2901488	.3304551	0
687.15	0	.3792943	.2902754	.3304303	0
686.15	0	.3791942	.2904001	.3304057	0
685.15	0	.3790958	.2905229	.3303814	0
684.15	0	.378999	.2906438	.3303572	0
683.15	0	.3789038	.290763	.3303333	0
682.15	0	.3788101	.2908804	.3303096	0
681.15	0	.3787179	.2909961	.330286	0
680.15	0	.3786272	.2911102	.3302627	0
679.15	0	.3785378	.2912227	.3302395	0
678.15	0	.3784498	.2913337	.3302164	0
677.15	0	.3783632	.2914432	.3301936	0
676.15	0	.3782779	.2915513	.3301709	0
675.15	0	.3781938	.2916579	.3301483	0
674.15	0	.3781109	.2917632	.3301259	0
673.15	0	.3780292	.2918672	.3301036	0
672.15	0	.3779487	.2919699	.3300814	0
671.15	0	.3778693	.2920714	.3300593	0
670.15	0	.377791	.2921717	.3300373	0
669.15	0	.3777138	.2922708	.3300155	0
668.15	0	.3776375	.2923687	.3299937	0
667.15	0	.3775624	.2924656	.3299721	0
666.15	0	.3774882	.2925614	.3299505	0
665.15	0	.3774149	.2926561	.329929	0
664.15	0	.3773426	.2927499	.3299075	0
663.15	0	.3772712	.2928426	.3298862	0
662.15	0	.3772006	.2929344	.3298649	0
661.15	0	.377131	.2930253	.3298437	0
660.15	0	.3770622	.2931153	.3298226	0
659.15	0	.3769942	.2932044	.3298015	0
658.15	0	.376927	.2932926	.3297804	0
657.15	0	.3768605	.2933801	.3297594	0
656.15	0	.3767949	.2934667	.3297385	0
655.15	0	.3767299	.2935525	.3297176	0
654.15	0	.3766657	.2936376	.3296967	0
653.15	0	.3766022	.2937219	.3296758	0
652.15	0	.3765394	.2938055	.329655	0
651.15	0	.3764773	.2938885	.3296343	0
650.15	0	.3764158	.2939707	.3296135	0
649.15	0	.376355	.2940523	.3295928	0
648.15	0	.3762947	.2941332	.3295721	0
647.15	0	.3762351	.2942135	.3295514	0
646.15	0	.3761761	.2942932	.3295307	0
645.15	0	.3761177	.2943723	.3295101	0
644.15	0	.3760598	.2944508	.3294894	0
643.15	0	.3760025	.2945288	.3294688	0
642.15	0	.3759457	.2946062	.3294481	0
641.15	0	.3758894	.2946831	.3294275	0
640.15	0	.3758337	.2947594	.3294069	0
639.15	0	.3757784	.2948353	.3293863	0
638.15	0	.3757237	.2949107	.3293657	0
637.15	0	.3756694	.2949856	.3293451	0
636.15	0	.3756156	.29506	.3293244	0
635.15	0	.3755623	.295134	.3293038	0
634.15	0	.3755094	.2952075	.3292832	0
633.15	0	.3754569	.2952806	.3292625	0
632.15	0	.3754049	.2953533	.3292418	0
631.15	0	.3753533	.2954256	.3292212	0
630.15	0	.3753021	.2954974	.3292005	0
629.15	0	.3752513	.2955689	.3291798	0
628.15	0	.3752009	.2956401	.3291591	0
627.15	0	.3751508	.2957108	.3291384	0
626.15	0	.3751012	.2957812	.3291176	0
625.15	0	.3750519	.2958513	.3290968	0
624.15	0	.375003	.295921	.3290761	0
623.15	0	.3749544	.2959903	.3290553	0
622.15	0	.3749062	.2960594	.3290344	0
621.15	0	.3748583	.2961281	.3290136	0
620.15	0	.3748107	.2961966	.3289927	0
619.15	0	.3747635	.2962647	.3289718	0
618.15	0	.3747165	.2963326	.3289509	0
617.15	0	.3746699	.2964001	.32893	0
616.15	0	.3746236	.2964674	.328909	0
615.15	0	.3745776	.2965345	.328888	0
614.15	0	.3745318	.2966012	.328867	0
613.15	0	.3744864	.2966677	.3288459	0
612.15	0	.3744412	.296734	.3288248	0
611.15	0	.3743963	.2968	.3288037	0
610.15	0	.3743517	.2968658	.3287826	0
609.15	0	.3743073	.2969313	.3287614	0
608.15	0	.3742631	.2969966	.3287402	0
607.15	0	.3742193	.2970617	.328719	0
606.15	0	.3741757	.2971266	.3286977	0
605.15	0	.3741323	.2971913	.3286764	0
604.15	0	.3740891	.2972558	.3286551	0
603.15	0	.3740462	.29732	.3286338	0
602.15	0	.3740035	.2973841	.3286124	0
601.15	0	.3739611	.297448	.3285909	0
600.15	0	.3739188	.2975117	.3285695	0
599.15	0	.3738768	.2975752	.328548	0
598.15	0	.3738349	.2976386	.3285265	0
597.15	0	.3737933	.2977018	.3285049	0
596.15	0	.3737519	.2977648	.3284833	0
595.15	0	.3737107	.2978276	.3284617	0
594.15	0	.3736697	.2978903	.32844	0
593.15	0	.3736289	.2979528	.3284183	0
592.15	0	.3735882	.2980152	.3283966	0
591.15	0	.3735478	.2980774	.3283748	0
590.15	0	.3735075	.2981395	.328353	0
589.15	0	.3734674	.2982015	.3283312	0
588.15	0	.3734274	.2982632	.3283093	0
587.15	0	.3733877	.2983249	.3282874	0
586.15	0	.3733481	.2983864	.3282655	0
585.15	0	.3733087	.2984478	.3282435	0
584.15	0	.3732694	.2985091	.3282215	0
583.15	0	.3732303	.2985702	.3281994	0
582.15	0	.3731914	.2986313	.3281774	0
581.15	0	.3731526	.2986922	.3281552	0
580.15	0	.373114	.298753	.3281331	0
579.15	0	.3730755	.2988136	.3281109	0
578.15	0	.3730371	.2988742	.3280887	0
577.15	0	.3729989	.2989346	.3280664	0
576.15	0	.3729609	.298995	.3280442	0
575.15	0	.3729229	.2990552	.3280218	0
574.15	0	.3728852	.2991154	.3279995	0
573.15	0	.3728475	.2991754	.3279771	0
572.15	0	.37281	.2992353	.3279547	0
571.15	0	.3727726	.2992952	.3279322	0
570.15	0	.3727354	.2993549	.3279097	0
569.15	0	.3726982	.2994146	.3278872	0
568.15	0	.3726612	.2994741	.3278646	0
567.15	0	.3726244	.2995336	.3278421	0
566.15	0	.3725876	.299593	.3278194	0
565.15	0	.372551	.2996523	.3277968	0
564.15	0	.3725144	.2997114	.3277741	0
563.15	0	.372478	.2997706	.3277514	0
562.15	0	.3724418	.2998296	.3277287	0
561.15	0	.3724056	.2998886	.3277059	0
560.15	0	.3723695	.2999474	.3276831	0
559.15	0	.3723335	.3000062	.3276602	0
558.15	0	.3722977	.300065	.3276374	0
557.15	0	.3722619	.3001236	.3276145	0
556.15	0	.3722263	.3001822	.3275915	0
555.15	0	.3721908	.3002407	.3275686	0
554.15	0	.3721553	.3002991	.3275456	0
553.15	0	.37212	.3003574	.3275226	0
552.15	0	.3720849	.3004157	.3274994	0
551.15	0	.3720498	.3004739	.3274763	0
550.15	0	.3720148	.300532	.3274532	0
549.15	0	.3719798	.3005901	.3274301	0
548.15	0	.371945	.3006481	.3274069	0
547.15	0	.3719102	.300706	.3273838	0
546.15	0	.3718755	.3007639	.3273605	0
545.15	0	.371841	.3008217	.3273373	0
544.15	0	.3718065	.3008795	.3273141	0
543.15	0	.3717721	.3009371	.3272908	0
542.15	0	.3717378	.3009947	.3272675	0
541.15	0	.3717036	.3010523	.3272441	0
540.15	0	.3716695	.3011098	.3272208	0
539.15	0	.3716354	.3011672	.3271974	0
538.15	0	.3716015	.3012246	.327174	0
537.15	0	.3715676	.3012819	.3271506	0
536.15	0	.3715338	.3013391	.3271271	0
535.15	0	.3715001	.3013963	.3271036	0
534.15	0	.3714665	.3014534	.3270801	0
533.15	0	.3714329	.3015105	.3270566	0
532.15	0	.3713995	.3015675	.3270331	0
531.15	0	.3713661	.3016244	.3270095	0
530.15	0	.3713328	.3016813	.326986	0
529.15	0	.3712995	.3017381	.3269624	0
528.15	0	.3712664	.3017949	.3269388	0
527.15	0	.3712333	.3018516	.3269151	0
526.15	0	.3712003	.3019082	.3268915	0
525.15	0	.3711674	.3019648	.3268678	0
524.15	0	.3711345	.3020213	.3268441	0
523.15	0	.3711018	.3020778	.3268204	0
522.15	0	.371069	.3021342	.3267967	0
521.15	0	.3710364	.3021906	.326773	0
520.15	0	.3710039	.3022469	.3267492	0
519.15	0	.3709714	.3023032	.3267255	0
518.15	0	.3709389	.3023593	.3267017	0
517.15	0	.3709066	.3024155	.3266779	0
516.15	0	.3708743	.3024716	.3266541	0
515.15	0	.3708421	.3025276	.3266303	0
514.15	0	.37081	.3025835	.3266065	0
513.15	0	.3707779	.3026394	.3265826	0
512.15	0	.3707459	.3026953	.3265588	0
511.15	0	.370714	.3027511	.3265349	0
510.15	0	.3706822	.3028068	.3265111	0
509.15	0	.3706504	.3028625	.3264872	0
508.15	0	.3706186	.3029181	.3264633	0
507.15	0	.370587	.3029736	.3264394	0
506.15	0	.3705554	.3030291	.3264155	0
505.15	0	.3705239	.3030846	.3263916	0
504.15	0	.3704924	.30314	.3263677	0
503.15	0	.370461	.3031953	.3263437	0
502.15	0	.3704297	.3032505	.3263198	0
501.15	0	.3703984	.3033057	.3262958	0
500.15	0	.3703672	.3033609	.3262719	0
499.15	0	.3703361	.3034159	.326248	0
498.15	0	.370305	.303471	.326224	0
497.15	0	.370274	.3035259	.3262	0
496.15	0	.3702431	.3035808	.3261761	0
495.15	0	.3702122	.3036357	.3261521	0
494.15	0	.3701814	.3036904	.3261282	0
493.15	0	.3701507	.3037452	.3261042	0
492.15	0	.37012	.3037998	.3260802	0
491.15	0	.3700894	.3038544	.3260562	0
490.15	0	.3700588	.3039089	.3260323	0
489.15	0	.3700283	.3039634	.3260083	0
488.15	0	.3699979	.3040178	.3259843	0
487.15	0	.3699675	.3040721	.3259604	0
486.15	0	.3699372	.3041264	.3259364	0
485.15	0	.369907	.3041806	.3259125	0
484.15	0	.3698768	.3042347	.3258885	0
483.15	0	.3698467	.3042888	.3258645	0
482.15	0	.3698166	.3043428	.3258406	0
481.15	0	.3697866	.3043967	.3258166	0
480.15	0	.3697567	.3044506	.3257927	0
479.15	0	.3697268	.3045044	.3257688	0
478.15	0	.369697	.3045581	.3257448	0
477.15	0	.3696673	.3046118	.3257209	0
476.15	0	.3696376	.3046654	.325697	0
475.15	0	.369608	.3047189	.3256731	0
474.15	0	.3695784	.3047724	.3256492	0
473.15	0	.3695489	.3048257	.3256253	0
472.15	0	.3695195	.3048791	.3256014	0
471.15	0	.3694901	.3049323	.3255776	0
470.15	0	.3694608	.3049854	.3255537	0
469.15	0	.3694316	.3050386	.3255299	0
468.15	0	.3694024	.3050916	.325506	0
467.15	0	.3693733	.3051445	.3254822	0
466.15	0	.3693442	.3051974	.3254584	0
465.15	0	.3693152	.3052502	.3254346	0
464.15	0	.3692863	.3053029	.3254108	0
463.15	0	.3692574	.3053555	.3253871	0
462.15	0	.3692286	.3054081	.3253633	0
461.15	0	.3691998	.3054606	.3253396	0
460.15	0	.3691711	.305513	.3253159	0
459.15	0	.3691425	.3055653	.3252922	0
458.15	0	.369114	.3056176	.3252685	0
457.15	0	.3690855	.3056698	.3252448	0
456.15	0	.369057	.3057219	.3252212	0
455.15	0	.3690286	.3057739	.3251975	0
454.15	0	.3690003	.3058258	.3251739	0
453.15	0	.3689721	.3058776	.3251503	0
452.15	0	.3689439	.3059294	.3251267	0
451.15	0	.3689157	.3059811	.3251032	0
450.15	0	.3688877	.3060327	.3250797	0
449.15	0	.3688597	.3060841	.3250562	0
448.15	0	.3688318	.3061355	.3250327	0
447.15	0	.3688039	.3061868	.3250093	0
446.15	0	.3687762	.306238	.3249858	0
445.15	0	.3687485	.3062891	.3249625	0
444.15	0	.3687209	.30634	.3249391	0
443.15	0	.3686933	.3063909	.3249158	0
442.15	0	.3686659	.3064416	.3248925	0
441.15	0	.3686385	.3064923	.3248692	0
440.15	0	.3686112	.3065428	.324846	0
439.15	0	.368584	.3065932	.3248228	0
438.15	0	.3685569	.3066434	.3247997	0
437.15	0	.3685298	.3066936	.3247766	0
436.15	0	.3685029	.3067435	.3247536	0
