T	 BPW(LIQUID)	BPW(BCC_A2)	BPW(FCC_A1)	BPW(LAVES_PHASE_C14)	BPW(NI3TI)
1473.15	.3498086	.5896389	0	.06055258	0
1472.15	.3432494	.5939597	0	.06279089	0
1471.15	.3368116	.5981957	0	.06499271	0
1470.15	.3304918	.6023492	0	.06715907	0
1469.15	.3242869	.6064222	0	.06929092	0
1468.15	.3181939	.6104169	0	.07138922	0
1467.15	.3122097	.6143354	0	.07345488	0
1466.15	.3063316	.6181796	0	.07548877	0
1465.15	.3005568	.6219514	0	.07749175	0
1464.15	.2948826	.6256527	0	.07946462	0
1463.15	.2893065	.6292853	0	.08140819	0
1462.15	.283826	.6328508	0	.08332322	0
1461.15	.2784386	.636351	0	.08521044	0
1460.15	.2731421	.6397874	0	.08707058	0
1459.15	.2679341	.6431616	0	.08890432	0
1458.15	.2628125	.6464752	0	.09071233	0
1457.15	.2577752	.6497295	0	.09249526	0
1456.15	.2528202	.6529261	0	.09425374	0
1455.15	.2479454	.6560663	0	.09598838	0
1454.15	.2431489	.6591514	0	.09769976	0
1453.15	.2384288	.6621827	0	.09938844	0
1452.15	.2337835	.6651615	0	.101055	0
1451.15	.229211	.668089	0	.1026999	0
1450.15	.2247098	.6709664	0	.1043238	0
1449.15	.2202781	.6737948	0	.1059271	0
1448.15	.2159144	.6765754	0	.1075102	0
1447.15	.211617	.6793092	0	.1090738	0
1446.15	.2073846	.6819972	0	.1106182	0
1445.15	.2032156	.6846406	0	.1121438	0
1444.15	.1991086	.6872402	0	.1136512	0
1443.15	.1950623	.689797	0	.1151407	0
1442.15	.1910752	.6923121	0	.1166127	0
1441.15	.1871462	.6947862	0	.1180677	0
1440.15	.1832738	.6972203	0	.1195059	0
1439.15	.179457	.6996152	0	.1209279	0
1438.15	.1756944	.7019717	0	.1223338	0
1437.15	.171985	.7042908	0	.1237242	0
1436.15	.1683276	.7065731	0	.1250993	0
1435.15	.1647211	.7088194	0	.1264595	0
1434.15	.1611644	.7110305	0	.1278051	0
1433.15	.1576566	.7132071	0	.1291363	0
1432.15	.1541964	.71535	0	.1304536	0
1431.15	.1507831	.7174597	0	.1317572	0
1430.15	.1474156	.7195371	0	.1330474	0
1429.15	.144093	.7215826	0	.1343244	0
1428.15	.1408143	.7235971	0	.1355886	0
1427.15	.1375788	.725581	0	.1368402	0
1426.15	.1343854	.7275351	0	.1380795	0
1425.15	.1312335	.7294598	0	.1393067	0
1424.15	.1281221	.7313558	0	.1405221	0
1423.15	.1250505	.7332237	0	.1417259	0
1422.15	.1220178	.7350639	0	.1429183	0
1421.15	.1190234	.7368771	0	.1440996	0
1420.15	.1160664	.7386636	0	.14527	0
1419.15	.1131462	.7404242	0	.1464296	0
1418.15	.110262	.7421591	0	.1475788	0
1417.15	.1074132	.743869	0	.1487178	0
1416.15	.1045991	.7455543	0	.1498466	0
1415.15	.101819	.7472154	0	.1509656	0
1414.15	.0990723	.7488529	0	.1520748	0
1413.15	.09635836	.7504671	0	.1531746	0
1412.15	.09367658	.7520584	0	.154265	0
1411.15	.09102636	.7536274	0	.1553462	0
1410.15	.08840711	.7551744	0	.1564185	0
1409.15	.08581828	.7566997	0	.157482	0
1408.15	.08325931	.7582039	0	.1585368	0
1407.15	.08072966	.7596872	0	.1595831	0
1406.15	.0782288	.7611501	0	.1606211	0
1405.15	.0757562	.7625929	0	.1616509	0
1404.15	.07331138	.764016	0	.1626727	0
1403.15	.07089382	.7654197	0	.1636865	0
1402.15	.06850306	.7668043	0	.1646926	0
1401.15	.06613862	.7681702	0	.1656912	0
1400.15	.06380004	.7695178	0	.1666822	0
1399.15	.06148686	.7708472	0	.1676659	0
1398.15	.05919865	.772159	0	.1686424	0
1397.15	.05693498	.7734532	0	.1696118	0
1396.15	.05469542	.7747304	0	.1705742	0
1395.15	.05247957	.7759906	0	.1715298	0
1394.15	.05028701	.7772343	0	.1724787	0
1393.15	.04811736	.7784617	0	.1734209	0
1392.15	.04597022	.7796731	0	.1743567	0
1391.15	.04384523	.7808688	0	.175286	0
1390.15	.041742	.7820489	0	.1762091	0
1389.15	.03966019	.7832138	0	.177126	0
1388.15	.03759942	.7843637	0	.1780369	0
1387.15	.03555936	.7854989	0	.1789417	0
1386.15	.03353967	.7866196	0	.1798407	0
1385.15	.03154002	.7877261	0	.1807339	0
1384.15	.02956006	.7888185	0	.1816215	0
1383.15	.0275995	.7898971	0	.1825034	0
1382.15	.02565802	.7909621	0	.1833799	0
1381.15	.0237353	.7920138	0	.1842509	0
1380.15	.02183105	.7930523	0	.1851166	0
1379.15	.01994497	.794078	0	.1859771	0
1378.15	.01807679	.7950908	0	.1868324	0
1377.15	.0162262	.7960912	0	.1876827	0
1376.15	.01439295	.7970792	0	.1885279	0
1375.15	.01257675	.798055	0	.1893682	0
1374.15	.01077734	.7990189	0	.1902037	0
1373.15	.008994459	.7999711	0	.1910345	0
1372.15	.007227852	.8009116	0	.1918605	0
1371.15	.005477268	.8018408	0	.1926819	0
1370.15	.003742461	.8027588	0	.1934988	0
1369.15	.00202319	.8036656	0	.1943112	0
1368.15	3.192179E-04	.8045616	0	.1951192	0
1367.962	0	.8047292	0	.1952708	0
1367.962	0	.8047292	0	.1952708	0
1367.15	0	.8042881	0	.1957119	0
1366.15	0	.8037459	0	.1962541	0
1365.15	0	.8032049	0	.1967951	0
1364.15	0	.8026652	0	.1973348	0
1363.15	0	.8021267	0	.1978733	0
1362.15	0	.8015895	0	.1984106	0
1361.15	0	.8010535	0	.1989465	0
1360.15	0	.8005187	0	.1994813	0
1359.15	0	.7999852	0	.2000148	0
1358.15	0	.7994529	0	.2005471	0
1357.15	0	.7989219	0	.2010782	0
1356.15	0	.798392	0	.201608	0
1355.15	0	.7978634	0	.2021366	0
1354.15	0	.797336	0	.202664	0
1353.15	0	.7968098	0	.2031902	0
1352.15	0	.7962848	0	.2037152	0
1351.15	0	.7957611	0	.204239	0
1350.15	0	.7952385	0	.2047615	0
1349.15	0	.7947171	0	.2052829	0
1348.15	0	.7941969	0	.2058031	0
1347.15	0	.7936779	0	.2063221	0
1346.15	0	.7931601	0	.2068399	0
1345.15	0	.7926435	0	.2073566	0
1344.15	0	.792128	0	.207872	0
1343.15	0	.7916137	0	.2083863	0
1342.15	0	.7911006	0	.2088994	0
1341.15	0	.7905887	0	.2094114	0
1340.15	0	.7900779	0	.2099221	0
1339.15	0	.7895682	0	.2104318	0
1338.15	0	.7890598	0	.2109402	0
1337.15	0	.7885525	0	.2114476	0
1336.15	0	.7880463	0	.2119537	0
1335.15	0	.7875413	0	.2124587	0
1334.15	0	.7870374	0	.2129626	0
1333.15	0	.7865346	0	.2134654	0
1332.15	0	.786033	0	.213967	0
1331.15	0	.7855325	0	.2144675	0
1330.15	0	.7850332	0	.2149668	0
1329.15	0	.784535	0	.215465	0
1328.15	0	.7840379	0	.2159622	0
1327.15	0	.7835419	0	.2164581	0
1326.15	0	.783047	0	.216953	0
1325.15	0	.7825532	0	.2174468	0
1324.15	0	.7820606	0	.2179394	0
1323.15	0	.781569	0	.218431	0
1322.15	0	.7810786	0	.2189214	0
1321.15	0	.7805892	0	.2194108	0
1320.15	0	.7801009	0	.2198991	0
1319.15	0	.7796137	0	.2203863	0
1318.15	0	.7791277	0	.2208724	0
1317.15	0	.7786427	0	.2213574	0
1316.15	0	.7781587	0	.2218413	0
1315.15	0	.7776759	0	.2223241	0
1314.15	0	.7771941	0	.2228059	0
1313.15	0	.7767134	0	.2232866	0
1312.15	0	.7762338	0	.2237662	0
1311.15	0	.7757552	0	.2242448	0
1310.15	0	.7752777	0	.2247223	0
1309.15	0	.7748012	0	.2251988	0
1308.15	0	.7743258	0	.2256742	0
1307.15	0	.7738515	0	.2261485	0
1306.15	0	.7733782	0	.2266218	0
1305.15	0	.7729059	0	.2270941	0
1304.15	0	.7724347	0	.2275653	0
1303.15	0	.7719646	0	.2280354	0
1302.15	0	.7714954	0	.2285046	0
1301.15	0	.7710273	0	.2289727	0
1300.15	0	.7705603	0	.2294398	0
1299.15	0	.7700942	0	.2299058	0
1298.15	0	.7696292	0	.2303708	0
1297.15	0	.7691652	0	.2308348	0
1296.15	0	.7687022	0	.2312978	0
1295.15	0	.7682403	0	.2317597	0
1294.15	0	.7677793	0	.2322207	0
1293.15	0	.7673194	0	.2326807	0
1292.15	0	.7668604	0	.2331396	0
1291.15	0	.7664025	0	.2335975	0
1290.15	0	.7659456	0	.2340545	0
1289.15	0	.7654896	0	.2345104	0
1288.15	0	.7650347	0	.2349653	0
1287.15	0	.7645807	0	.2354193	0
1286.15	0	.7641278	0	.2358722	0
1285.15	0	.7636758	0	.2363242	0
1284.15	0	.7632248	0	.2367752	0
1283.15	0	.7627748	0	.2372252	0
1282.15	0	.7623258	0	.2376742	0
1281.15	0	.7618777	0	.2381223	0
1280.15	0	.7614306	0	.2385694	0
1279.15	0	.7609845	0	.2390155	0
1278.15	0	.7605394	0	.2394606	0
1277.15	0	.7600952	0	.2399048	0
1276.15	0	.759652	0	.240348	0
1275.15	0	.7592097	0	.2407903	0
1274.15	0	.7587684	0	.2412316	0
1273.15	0	.758328	0	.241672	0
1272.15	0	.7578886	0	.2421114	0
1271.15	0	.7574502	0	.2425498	0
1270.15	0	.7570127	0	.2429873	0
1269.15	0	.7565761	0	.2434239	0
1268.15	0	.7561405	0	.2438595	0
1267.15	0	.7557058	0	.2442942	0
1266.15	0	.755272	0	.244728	0
1265.15	0	.7548392	0	.2451608	0
1264.15	0	.7544073	0	.2455927	0
1263.15	0	.7539763	0	.2460237	0
1262.15	0	.7535463	0	.2464537	0
1261.15	0	.7531172	0	.2468828	0
1260.15	0	.752689	0	.247311	0
1259.15	0	.7522617	0	.2477383	0
1258.15	0	.7518353	0	.2481647	0
1257.15	0	.7514099	0	.2485901	0
1256.15	0	.7509853	0	.2490147	0
1255.15	0	.7505617	0	.2494384	0
1254.15	0	.7501389	0	.2498611	0
1253.15	0	.7497171	0	.2502829	0
1252.15	0	.7492961	0	.2507039	0
1251.15	0	.7488761	0	.2511239	0
1250.15	0	.748457	0	.251543	0
1249.15	0	.7480387	0	.2519613	0
1248.15	0	.7476213	0	.2523787	0
1247.15	0	.7472049	0	.2527952	0
1246.15	0	.7467893	0	.2532107	0
1245.15	0	.7463746	0	.2536255	0
1244.15	0	.7459607	0	.2540393	0
1243.15	0	.7455478	0	.2544522	0
1242.15	0	.7451357	0	.2548643	0
1241.15	0	.7447245	0	.2552755	0
1240.15	0	.7443142	0	.2556858	0
1239.15	0	.7439047	0	.2560953	0
1238.15	0	.7434961	0	.2565039	0
1237.15	0	.7430884	0	.2569116	0
1236.15	0	.7426815	0	.2573185	0
1235.15	0	.7422755	0	.2577245	0
1234.15	0	.7418703	0	.2581297	0
1233.15	0	.741466	0	.258534	0
1232.15	0	.7410626	0	.2589374	0
1231.15	0	.74066	0	.25934	0
1230.15	0	.7402582	0	.2597418	0
1229.15	0	.7398573	0	.2601427	0
1228.15	0	.7394573	0	.2605427	0
1227.15	0	.739058	0	.260942	0
1226.15	0	.7386597	0	.2613403	0
1225.15	0	.7382621	0	.2617379	0
1224.15	0	.7378654	0	.2621346	0
1223.15	0	.7374695	0	.2625305	0
1222.15	0	.7370745	0	.2629255	0
1221.15	0	.7366803	0	.2633197	0
1220.15	0	.7362869	0	.2637131	0
1219.15	0	.7358943	0	.2641057	0
1218.15	0	.7355026	0	.2644974	0
1217.74	0	.7353424	0	.2646576	0
1217.74	0	.7353424	0	.2646576	0
1217.74	0	.7353424	0	.2646576	0
1217.15	0	.7346232	5.075274E-04	.2648693	0
1216.15	0	.7334076	.001365337	.2652271	0
1215.15	0	.7321952	.002220867	.2655839	0
1214.15	0	.7309861	.003074119	.2659398	0
1213.15	0	.7297802	.003925095	.2662947	0
1212.15	0	.7285775	.004773799	.2666487	0
1211.15	0	.727378	.005620233	.2670018	0
1210.15	0	.7261817	.006464399	.2673539	0
1209.15	0	.7249886	.007306299	.2677051	0
1208.15	0	.7237986	.008145936	.2680554	0
1207.15	0	.7226119	.008983312	.2684048	0
1206.15	0	.7214284	.00981843	.2687532	0
1205.15	0	.720248	.01065129	.2691007	0
1204.15	0	.7190708	.0114819	.2694474	0
1203.15	0	.7178967	.01231025	.2697931	0
1202.15	0	.7167258	.01313636	.2701379	0
1201.15	0	.715558	.01396021	.2704817	0
1200.15	0	.7143934	.01478183	.2708247	0
1199.15	0	.713232	.01560119	.2711668	0
1198.15	0	.7120737	.01641832	.271508	0
1197.15	0	.7109184	.01723321	.2718483	0
1196.15	0	.7097664	.01804585	.2721878	0
1195.15	0	.7086174	.01885627	.2725263	0
1194.15	0	.7074716	.01966444	.272864	0
1193.15	0	.7063289	.02047039	.2732007	0
1192.15	0	.7051893	.0212741	.2735366	0
1191.15	0	.7040528	.02207559	.2738716	0
1190.15	0	.7029194	.02287485	.2742058	0
1189.15	0	.701789	.02367188	.2745391	0
1188.15	0	.7006618	.02446669	.2748715	0
1187.15	0	.6995377	.02525928	.2752031	0
1186.15	0	.6984166	.02604964	.2755338	0
1185.15	0	.6972986	.02683779	.2758636	0
1184.15	0	.6961837	.02762372	.2761926	0
1183.15	0	.6950718	.02840743	.2765207	0
1182.15	0	.693963	.02918893	.276848	0
1181.15	0	.6928573	.02996822	.2771745	0
1180.15	0	.6917546	.03074529	.2775001	0
1179.15	0	.690655	.03152015	.2778248	0
1178.15	0	.6895584	.0322928	.2781488	0
1177.15	0	.6884649	.03306325	.2784719	0
1176.15	0	.6873744	.03383148	.2787941	0
1175.15	0	.686287	.03459751	.2791155	0
1174.15	0	.6852025	.03536134	.2794361	0
1173.15	0	.6841211	.03612296	.2797559	0
1172.15	0	.6830428	.03688238	.2800749	0
1171.15	0	.6819674	.0376396	.280393	0
1170.15	0	.6808951	.03839462	.2807103	0
1169.15	0	.6798257	.03914744	.2810268	0
1168.15	0	.6787594	.03989806	.2813425	0
1167.15	0	.6776961	.04064648	.2816574	0
1166.15	0	.6766358	.04139271	.2819715	0
1165.15	0	.6755785	.04213674	.2822848	0
1164.15	0	.6745242	.04287857	.2825972	0
1163.15	0	.6734729	.04361821	.2829089	0
1162.15	0	.6724246	.04435566	.2832198	0
1161.15	0	.6713792	.04509091	.2835299	0
1160.15	0	.6703369	.04582397	.2838391	0
1159.15	0	.6692975	.04655484	.2841476	0
1158.15	0	.6682611	.04728352	.2844554	0
1157.15	0	.6672277	.04801001	.2847623	0
1156.15	0	.6661973	.04873431	.2850684	0
1155.15	0	.6651698	.04945642	.2853738	0
1154.15	0	.6641452	.05017637	.2856784	0
1153.15	0	.6631237	.0508941	.2859822	0
1152.15	0	.6621051	.05160964	.2862852	0
1151.15	0	.6610895	.052323	.2865875	0
1150.15	0	.6600768	.05303417	.286889	0
1149.15	0	.6590671	.05374315	.2871897	0
1148.15	0	.6580604	.05444994	.2874897	0
1147.15	0	.6570565	.05515456	.2877889	0
1146.15	0	.6560557	.05585698	.2880874	0
1145.15	0	.6550577	.05655722	.288385	0
1144.15	0	.6540628	.05725527	.288682	0
1143.15	0	.6530707	.05795113	.2889781	0
1142.15	0	.6520816	.05864481	.2892736	0
1141.15	0	.6510954	.05933631	.2895683	0
1140.15	0	.6501122	.06002562	.2898622	0
1139.15	0	.6491319	.06071274	.2901554	0
1138.15	0	.6481545	.06139768	.2904478	0
1137.15	0	.6471801	.06208043	.2907395	0
1136.15	0	.6462085	.062761	.2910305	0
1135.15	0	.6452399	.06343938	.2913207	0
1134.15	0	.6442743	.06411558	.2916102	0
1133.15	0	.6433115	.06478959	.2918989	0
1132.15	0	.6423516	.06546141	.292187	0
1131.15	0	.6413947	.06613104	.2924742	0
1130.15	0	.6404407	.06679849	.2927608	0
1129.15	0	.6394896	.06746375	.2930467	0
1128.15	0	.6385414	.06812683	.2933318	0
1127.15	0	.6375961	.06878771	.2936162	0
1126.15	0	.6366538	.06944641	.2938998	0
1125.15	0	.6357143	.07010292	.2941828	0
1124.15	0	.6347777	.07075723	.294465	0
1123.15	0	.6338441	.07140936	.2947466	0
1122.15	0	.6329133	.0720593	.2950274	0
1121.15	0	.6319855	.07270704	.2953075	0
1120.15	0	.6310605	.0733526	.2955869	0
1119.15	0	.6301385	.07399596	.2958656	0
1118.15	0	.6292193	.07463712	.2961435	0
1117.15	0	.6283031	.0752761	.2964208	0
1116.15	0	.6273897	.07591288	.2966974	0
1115.15	0	.6264793	.07654746	.2969733	0
1114.15	0	.6255717	.07717985	.2972485	0
1113.15	0	.624667	.07781004	.2975229	0
1112.15	0	.6237653	.07843803	.2977967	0
1111.15	0	.6228664	.07906382	.2980698	0
1110.15	0	.6219704	.07968741	.2983422	0
1109.15	0	.6210773	.08030881	.2986139	0
1108.15	0	.6201871	.080928	.2988849	0
1107.15	0	.6192998	.08154498	.2991553	0
1106.15	0	.6184153	.08215977	.2994249	0
1105.15	0	.6175338	.08277235	.2996939	0
1104.15	0	.6166551	.08338272	.2999621	0
1103.15	0	.6157794	.08399088	.3002298	0
1102.15	0	.6149065	.08459684	.3004967	0
1101.15	0	.6140365	.08520059	.3007629	0
1100.15	0	.6131694	.08580212	.3010285	0
1099.15	0	.6123052	.08640145	.3012934	0
1098.15	0	.6114439	.08699856	.3015576	0
1097.15	0	.6105854	.08759345	.3018211	0
1096.15	0	.6097299	.08818613	.302084	0
1095.15	0	.6088772	.0887766	.3023462	0
1094.15	0	.6080275	.08936484	.3026077	0
1093.15	0	.6071806	.08995086	.3028686	0
1092.15	0	.6063366	.09053467	.3031288	0
1091.15	0	.6054955	.09111624	.3033883	0
1090.15	0	.6046572	.0916956	.3036472	0
1089.15	0	.6038219	.09227273	.3039054	0
1088.15	0	.6029895	.09284763	.3041629	0
1087.15	0	.6021599	.0934203	.3044198	0
1086.15	0	.6013332	.09399074	.304676	0
1085.15	0	.6005095	.09455895	.3049316	0
1084.15	0	.5996886	.09512492	.3051865	0
1083.15	0	.5988706	.09568866	.3054408	0
1082.15	0	.5980555	.09625016	.3056944	0
1081.15	0	.5972432	.09680942	.3059473	0
1080.15	0	.5964339	.09736644	.3061996	0
1079.15	0	.5956275	.09792122	.3064513	0
1078.15	0	.5948239	.09847375	.3067023	0
1077.15	0	.5940233	.09902404	.3069526	0
1076.15	0	.5932256	.09957208	.3072024	0
1075.15	0	.5924307	.1001179	.3074514	0
1074.15	0	.5916388	.1006614	.3076998	0
1073.15	0	.5908497	.1012027	.3079476	0
1072.15	0	.5900636	.1017417	.3081947	0
1071.15	0	.5892803	.1022785	.3084412	0
1070.15	0	.5885	.102813	.308687	0
1069.15	0	.5877225	.1033453	.3089323	0
1068.15	0	.586948	.1038752	.3091768	0
1067.15	0	.5861763	.1044029	.3094207	0
1066.15	0	.5854076	.1049284	.309664	0
1065.15	0	.5846418	.1054516	.3099067	0
1064.15	0	.5838788	.1059725	.3101487	0
1063.15	0	.5831188	.1064911	.31039	0
1062.15	0	.5823617	.1070075	.3106308	0
1061.15	0	.5816075	.1075216	.3108709	0
1060.15	0	.5808562	.1080334	.3111104	0
1059.15	0	.5801079	.1085429	.3113492	0
1058.15	0	.5793624	.1090502	.3115874	0
1057.15	0	.5786199	.1095551	.311825	0
1056.15	0	.5778803	.1100578	.3120619	0
1055.15	0	.5771436	.1105582	.3122982	0
1054.15	0	.5764099	.1110562	.3125339	0
1053.15	0	.575679	.111552	.312769	0
1052.15	0	.5749511	.1120455	.3130034	0
1051.15	0	.5742261	.1125367	.3132372	0
1050.15	0	.5735041	.1130256	.3134704	0
1049.15	0	.5727849	.1135122	.3137029	0
1048.15	0	.5720687	.1139964	.3139348	0
1047.15	0	.5713555	.1144784	.3141661	0
1046.15	0	.5706451	.1149581	.3143968	0
1045.15	0	.5699378	.1154354	.3146268	0
1044.15	0	.5692333	.1159105	.3148562	0
1043.15	0	.5685318	.1163832	.315085	0
1042.15	0	.5678332	.1168536	.3153132	0
1041.15	0	.5671376	.1173216	.3155407	0
1040.15	0	.566445	.1177874	.3157676	0
1039.15	0	.5657552	.1182508	.3159939	0
1038.15	0	.5650685	.1187119	.3162196	0
1037.15	0	.5643847	.1191707	.3164446	0
1036.15	0	.5637038	.1196271	.3166691	0
1035.15	0	.5630259	.1200812	.3168929	0
1034.15	0	.562351	.120533	.317116	0
1033.15	0	.561679	.1209824	.3173386	0
1032.15	0	.56101	.1214295	.3175605	0
1031.15	0	.5603439	.1218743	.3177818	0
1030.15	0	.5596808	.1223167	.3180025	0
1029.15	0	.5590207	.1227567	.3182226	0
1028.15	0	.5583636	.1231944	.318442	0
1027.15	0	.5577094	.1236298	.3186608	0
1026.15	0	.5570582	.1240628	.318879	0
1025.15	0	.55641	.1244934	.3190966	0
1024.15	0	.5557648	.1249217	.3193135	0
1023.15	0	.5551225	.1253476	.3195299	0
1022.15	0	.5544833	.1257712	.3197456	0
1021.15	0	.553847	.1261924	.3199606	0
1020.15	0	.5532137	.1266112	.3201751	0
1019.15	0	.5525834	.1270277	.3203889	0
1018.15	0	.5519561	.1274418	.3206021	0
1017.15	0	.5513318	.1278535	.3208147	0
1016.15	0	.5507105	.1282629	.3210266	0
1015.15	0	.5500922	.1286699	.321238	0
1014.15	0	.5494768	.1290745	.3214487	0
1013.15	0	.5488645	.1294767	.3216587	0
1012.15	0	.5482552	.1298766	.3218682	0
1011.15	0	.5476489	.1302741	.322077	0
1010.15	0	.5470457	.1306692	.3222852	0
1009.15	0	.5464454	.1310619	.3224927	0
1008.15	0	.5458481	.1314523	.3226996	0
1007.15	0	.5452539	.1318402	.3229059	0
1006.15	0	.5446626	.1322258	.3231116	0
1005.15	0	.5440744	.132609	.3233166	0
1004.15	0	.5434892	.1329897	.323521	0
1003.15	0	.5429071	.1333681	.3237248	0
1002.15	0	.5423279	.1337442	.3239279	0
1001.15	0	.5417518	.1341178	.3241304	0
1000.15	0	.5411787	.134489	.3243322	0
999.15	0	.5406087	.1348579	.3245335	0
998.15	0	.5400417	.1352243	.324734	0
997.15	0	.5394777	.1355884	.324934	0
996.15	0	.5389167	.13595	.3251333	0
995.15	0	.5383588	.1363093	.3253319	0
994.15	0	.5378039	.1366662	.3255299	0
993.15	0	.5372521	.1370207	.3257273	0
992.15	0	.5367032	.1373728	.325924	0
991.15	0	.5361575	.1377225	.3261201	0
990.15	0	.5356148	.1380698	.3263155	0
989.15	0	.5350751	.1384147	.3265102	0
988.15	0	.5345384	.1387572	.3267043	0
987.15	0	.5340048	.1390974	.3268978	0
986.15	0	.5334743	.1394351	.3270906	0
985.15	0	.5329468	.1397705	.3272828	0
984.15	0	.5324223	.1401034	.3274743	0
983.15	0	.5319009	.140434	.3276651	0
982.15	0	.5313825	.1407622	.3278552	0
981.15	0	.5308672	.141088	.3280447	0
980.15	0	.530355	.1414115	.3282336	0
979.15	0	.5298457	.1417325	.3284218	0
978.15	0	.5293396	.1420512	.3286093	0
977.15	0	.5288364	.1423675	.3287961	0
976.15	0	.5283364	.1426814	.3289822	0
975.15	0	.5278393	.142993	.3291677	0
974.15	0	.5273453	.1433021	.3293525	0
973.15	0	.5268544	.143609	.3295366	0
972.15	0	.5263665	.1439134	.3297201	0
971.15	0	.5258817	.1442155	.3299028	0
970.15	0	.5253999	.1445153	.3300849	0
969.15	0	.5249211	.1448127	.3302662	0
968.15	0	.5244454	.1451077	.3304469	0
967.15	0	.5239727	.1454004	.3306269	0
966.15	0	.523503	.1456908	.3308062	0
965.15	0	.5230364	.1459788	.3309848	0
964.15	0	.5225728	.1462645	.3311627	0
963.15	0	.5221122	.1465479	.3313398	0
962.15	0	.5216547	.146829	.3315163	0
961.15	0	.5212002	.1471077	.3316921	0
960.15	0	.5207487	.1473842	.3318671	0
959.15	0	.5203002	.1476584	.3320414	0
958.15	0	.5198548	.1479302	.332215	0
957.15	0	.5194123	.1481998	.3323879	0
956.15	0	.5189729	.1484671	.3325601	0
955.15	0	.5185364	.1487321	.3327315	0
954.15	0	.518103	.1489949	.3329021	0
953.15	0	.5176725	.1492554	.3330721	0
952.15	0	.517245	.1495137	.3332413	0
951.15	0	.5168206	.1497697	.3334097	0
950.15	0	.516399	.1500235	.3335774	0
949.15	0	.5159805	.1502751	.3337444	0
948.15	0	.5155649	.1505245	.3339106	0
947.15	0	.5151523	.1507717	.334076	0
946.15	0	.5147426	.1510167	.3342406	0
945.15	0	.5143359	.1512596	.3344045	0
944.15	0	.5139321	.1515003	.3345676	0
943.15	0	.5135313	.1517388	.33473	0
942.15	0	.5131333	.1519752	.3348915	0
941.15	0	.5127383	.1522095	.3350522	0
940.15	0	.5123461	.1524417	.3352122	0
939.15	0	.5119569	.1526717	.3353714	0
938.15	0	.5115705	.1528997	.3355297	0
937.15	0	.511187	.1531257	.3356873	0
936.15	0	.5108064	.1533496	.335844	0
935.15	0	.5104286	.1535715	.3359999	0
934.15	0	.5100537	.1537913	.3361551	0
933.15	0	.5096815	.1540092	.3363093	0
932.15	0	.5093122	.1542251	.3364627	0
931.15	0	.5089457	.154439	.3366153	0
930.15	0	.508582	.154651	.3367671	0
929.15	0	.508221	.1548611	.336918	0
928.15	0	.5078628	.1550692	.337068	0
927.15	0	.5075073	.1552755	.3372171	0
926.15	0	.5071546	.15548	.3373654	0
925.15	0	.5068046	.1556826	.3375128	0
924.15	0	.5064572	.1558834	.3376594	0
923.15	0	.5061125	.1560825	.337805	0
922.15	0	.5057705	.1562797	.3379497	0
921.15	0	.5054311	.1564753	.3380936	0
920.15	0	.5050944	.1566691	.3382365	0
919.15	0	.5047602	.1568613	.3383785	0
918.15	0	.5044286	.1570518	.3385196	0
917.15	0	.5040996	.1572407	.3386597	0
916.15	0	.5037731	.1574281	.3387989	0
915.15	0	.5034491	.1576138	.3389371	0
914.15	0	.5031275	.1577981	.3390744	0
913.15	0	.5028085	.1579808	.3392107	0
912.15	0	.5024918	.1581621	.3393461	0
911.15	0	.5021776	.158342	.3394804	0
910.15	0	.5018657	.1585205	.3396138	0
909.15	0	.5015563	.1586977	.3397461	0
908.15	0	.5012491	.1588735	.3398774	0
907.15	0	.5009442	.1590481	.3400078	0
906.15	0	.5006415	.1592214	.3401371	0
905.15	0	.5003411	.1593936	.3402653	0
904.15	0	.5000429	.1595646	.3403925	0
903.15	0	.4997469	.1597345	.3405186	0
902.15	0	.499453	.1599034	.3406437	0
901.15	0	.4991611	.1600713	.3407676	0
900.15	0	.4988713	.1602382	.3408905	0
899.15	0	.4985835	.1604042	.3410123	0
898.15	0	.4982977	.1605693	.3411329	0
897.15	0	.4980138	.1607337	.3412525	0
896.15	0	.4977319	.1608973	.3413708	0
895.15	0	.4974517	.1610602	.3414881	0
894.15	0	.4971734	.1612225	.3416041	0
893.15	0	.4968968	.1613842	.341719	0
892.15	0	.4966219	.1615455	.3418327	0
891.15	0	.4963486	.1617062	.3419451	0
890.15	0	.496077	.1618666	.3420564	0
889.15	0	.4958069	.1620267	.3421664	0
888.15	0	.4955383	.1621865	.3422752	0
887.15	0	.4952712	.1623462	.3423826	0
886.15	0	.4950054	.1625057	.3424888	0
885.15	0	.494741	.1626653	.3425937	0
884.15	0	.4944778	.1628249	.3426973	0
883.15	0	.4942158	.1629846	.3427996	0
882.15	0	.493955	.1631445	.3429005	0
881.15	0	.4936952	.1633048	.343	0
880.15	0	.4934364	.1634655	.3430981	0
879.15	0	.4931786	.1636266	.3431949	0
878.15	0	.4929215	.1637883	.3432902	0
877.15	0	.4926653	.1639507	.343384	0
876.15	0	.4924098	.1641139	.3434764	0
875.15	0	.4921548	.1642779	.3435673	0
874.15	0	.4919004	.1644429	.3436566	0
873.15	0	.4916465	.1646091	.3437445	0
872.15	0	.4913928	.1647764	.3438307	0
871.15	0	.4911395	.1649451	.3439154	0
870.15	0	.4908863	.1651153	.3439985	0
869.15	0	.4906331	.165287	.3440799	0
868.15	0	.4903799	.1654604	.3441597	0
867.15	0	.4901266	.1656357	.3442377	0
866.15	0	.4898729	.165813	.344314	0
865.15	0	.4896189	.1659925	.3443886	0
864.15	0	.4893644	.1661742	.3444614	0
863.15	0	.4891093	.1663584	.3445323	0
862.15	0	.4888534	.1665452	.3446014	0
861.15	0	.4885966	.1667349	.3446686	0
860.15	0	.4883387	.1669275	.3447338	0
859.15	0	.4880797	.1671232	.3447971	0
858.15	0	.4878194	.1673223	.3448583	0
857.15	0	.4875575	.167525	.3449175	0
856.15	0	.4872939	.1677315	.3449746	0
855.15	0	.4870285	.167942	.3450295	0
854.15	0	.4867611	.1681567	.3450822	0
853.15	0	.4864915	.1683759	.3451326	0
852.15	0	.4862194	.1685998	.3451808	0
851.15	0	.4859447	.1688288	.3452265	0
850.15	0	.4856671	.1690631	.3452698	0
849.15	0	.4853864	.169303	.3453106	0
848.15	0	.4851024	.1695488	.3453489	0
847.15	0	.4848147	.1698008	.3453844	0
846.15	0	.4845232	.1700595	.3454173	0
845.15	0	.4842275	.1703252	.3454473	0
844.15	0	.4839272	.1705983	.3454744	0
843.15	0	.4836222	.1708792	.3454986	0
842.15	0	.4833119	.1711685	.3455196	0
841.15	0	.4829961	.1714665	.3455375	0
840.15	0	.4826742	.1717738	.345552	0
839.15	0	.482346	.1720909	.3455631	0
838.15	0	.4820109	.1724186	.3455706	0
837.15	0	.4816683	.1727573	.3455744	0
836.15	0	.4813179	.1731079	.3455742	0
835.15	0	.4809589	.173471	.3455701	0
834.15	0	.4805907	.1738476	.3455617	0
833.15	0	.4802127	.1742385	.3455488	0
832.15	0	.479824	.1746447	.3455313	0
831.15	0	.4790278	.1755468	.3454255	0
830.15	0	.4782586	.1764209	.3453205	0
829.15	0	.4775368	.177242	.3452211	0
828.15	0	.4768586	.1780146	.3451268	0
827.15	0	.4762205	.1787426	.345037	0
826.15	0	.4756194	.1794293	.3449513	0
825.15	0	.4750526	.1800779	.3448695	0
824.15	0	.4745176	.1806913	.3447911	0
823.15	0	.4740122	.1812718	.344716	0
822.15	0	.4735344	.1818218	.3446439	0
821.15	0	.4730822	.1823433	.3445745	0
820.15	0	.4726541	.1828383	.3445076	0
819.15	0	.4722485	.1833084	.3444431	0
818.15	0	.4718639	.1837553	.3443808	0
817.15	0	.4714992	.1841804	.3443205	0
816.15	0	.4711529	.184585	.3442621	0
815.15	0	.4708242	.1849704	.3442054	0
814.15	0	.4705118	.1853377	.3441505	0
813.15	0	.470215	.185688	.344097	0
812.15	0	.4699327	.1860223	.344045	0
811.15	0	.4696642	.1863414	.3439944	0
810.15	0	.4694087	.1866463	.343945	0
809.15	0	.4691655	.1869377	.3438968	0
808.15	0	.4689339	.1872164	.3438498	0
807.15	0	.4687132	.187483	.3438037	0
806.15	0	.468503	.1877383	.3437587	0
805.15	0	.4683026	.1879828	.3437146	0
804.15	0	.4681115	.1882171	.3436714	0
803.15	0	.4679292	.1884418	.343629	0
802.15	0	.4677554	.1886572	.3435874	0
801.15	0	.4675895	.188864	.3435465	0
800.15	0	.4674311	.1890626	.3435064	0
799.15	0	.4672798	.1892533	.3434668	0
798.15	0	.4671354	.1894366	.3434279	0
797.15	0	.4669974	.1896129	.3433896	0
796.15	0	.4668656	.1897825	.3433519	0
795.15	0	.4667396	.1899458	.3433146	0
794.15	0	.4666191	.190103	.3432779	0
793.15	0	.4665039	.1902545	.3432416	0
792.15	0	.4663937	.1904005	.3432058	0
791.15	0	.4662882	.1905414	.3431704	0
790.15	0	.4661873	.1906773	.3431354	0
789.15	0	.4660906	.1908085	.3431008	0
788.15	0	.4659981	.1909353	.3430666	0
787.15	0	.4659095	.1910579	.3430327	0
786.15	0	.4658246	.1911764	.3429991	0
785.15	0	.4657432	.1912911	.3429658	0
784.15	0	.4656651	.1914021	.3429328	0
783.15	0	.4655903	.1915096	.3429001	0
782.15	0	.4655185	.1916139	.3428676	0
781.15	0	.4654496	.191715	.3428354	0
780.15	0	.4653835	.1918131	.3428034	0
779.15	0	.46532	.1919084	.3427716	0
778.15	0	.465259	.1920009	.3427401	0
777.15	0	.4652004	.1920909	.3427088	0
776.15	0	.465144	.1921784	.3426776	0
775.15	0	.4650898	.1922636	.3426466	0
774.15	0	.4650376	.1923466	.3426158	0
773.15	0	.4649874	.1924274	.3425852	0
772.15	0	.4649391	.1925063	.3425547	0
771.15	0	.4648925	.1925832	.3425243	0
770.15	0	.4648476	.1926584	.3424941	0
769.15	0	.4648043	.1927318	.342464	0
768.15	0	.4647625	.1928035	.342434	0
767.15	0	.4647221	.1928737	.3424042	0
766.15	0	.4646831	.1929424	.3423744	0
765.15	0	.4646455	.1930098	.3423448	0
764.15	0	.464609	.1930757	.3423152	0
763.15	0	.4645738	.1931404	.3422858	0
762.15	0	.4645397	.1932039	.3422564	0
761.15	0	.4645066	.1932663	.3422271	0
760.15	0	.4644745	.1933276	.3421979	0
759.15	0	.4644434	.1933878	.3421687	0
758.15	0	.4644132	.1934471	.3421396	0
757.15	0	.4643839	.1935055	.3421106	0
756.15	0	.4643554	.193563	.3420817	0
755.15	0	.4643276	.1936197	.3420527	0
754.15	0	.4643025	.1936741	.3420234	0
753.15	0	.464276	.1937294	.3419946	0
752.15	0	.4642502	.1937839	.3419659	0
751.15	0	.464225	.1938378	.3419372	0
750.15	0	.4642004	.1938911	.3419085	0
749.15	0	.4641764	.1939438	.3418798	0
748.15	0	.4641529	.1939959	.3418512	0
747.15	0	.4641298	.1940475	.3418226	0
746.15	0	.4641073	.1940987	.3417941	0
745.15	0	.4640852	.1941493	.3417655	0
744.15	0	.4640635	.1941995	.341737	0
743.15	0	.4640421	.1942494	.3417085	0
742.15	0	.4640212	.1942988	.34168	0
741.15	0	.4640006	.1943479	.3416515	0
740.15	0	.4639803	.1943967	.341623	0
739.15	0	.4639603	.1944452	.3415945	0
738.15	0	.4639405	.1944934	.3415661	0
737.15	0	.4639211	.1945413	.3415376	0
736.15	0	.4639018	.194589	.3415092	0
735.15	0	.4638828	.1946365	.3414807	0
734.15	0	.463864	.1946837	.3414523	0
733.15	0	.4638454	.1947308	.3414238	0
732.15	0	.4638269	.1947777	.3413953	0
731.15	0	.4638086	.1948245	.3413669	0
730.15	0	.4637905	.1948711	.3413384	0
729.15	0	.4637724	.1949176	.3413099	0
728.15	0	.4637545	.194964	.3412815	0
727.15	0	.4637367	.1950103	.341253	0
726.15	0	.463719	.1950566	.3412245	0
725.15	0	.4637013	.1951027	.341196	0
724.15	0	.4636838	.1951488	.3411674	0
723.15	0	.4636663	.1951949	.3411389	0
722.15	0	.4636488	.1952409	.3411103	0
721.15	0	.4636314	.1952869	.3410818	0
720.15	0	.463614	.1953328	.3410532	0
719.15	0	.4635966	.1953788	.3410246	0
718.15	0	.4635792	.1954248	.340996	0
717.15	0	.4635619	.1954707	.3409674	0
716.15	0	.4635445	.1955167	.3409387	0
715.15	0	.4635272	.1955628	.3409101	0
714.15	0	.4635098	.1956088	.3408814	0
713.15	0	.4634924	.1956549	.3408527	0
712.15	0	.463475	.195701	.340824	0
711.15	0	.4634576	.1957472	.3407952	0
710.15	0	.4634401	.1957935	.3407665	0
709.15	0	.4634225	.1958398	.3407377	0
708.15	0	.4634049	.1958862	.3407089	0
707.15	0	.4633873	.1959326	.3406801	0
706.15	0	.4633696	.1959792	.3406512	0
705.15	0	.4633519	.1960258	.3406224	0
704.15	0	.4633341	.1960725	.3405935	0
703.15	0	.4633162	.1961193	.3405646	0
702.15	0	.4632982	.1961662	.3405356	0
701.15	0	.4632802	.1962131	.3405067	0
700.15	0	.4632621	.1962602	.3404777	0
699.15	0	.4632439	.1963074	.3404487	0
698.15	0	.4632256	.1963547	.3404197	0
697.15	0	.4632073	.1964021	.3403906	0
696.15	0	.4631888	.1964496	.3403616	0
695.15	0	.4631703	.1964973	.3403325	0
694.15	0	.4631516	.196545	.3403033	0
693.15	0	.4631329	.1965929	.3402742	0
692.15	0	.4631141	.1966409	.340245	0
691.15	0	.4630951	.196689	.3402159	0
690.15	0	.4630761	.1967372	.3401867	0
689.15	0	.463057	.1967856	.3401574	0
688.15	0	.4630377	.1968341	.3401282	0
687.15	0	.4630184	.1968827	.3400989	0
686.15	0	.462999	.1969315	.3400696	0
685.15	0	.4629794	.1969803	.3400403	0
684.15	0	.4629597	.1970293	.3400109	0
683.15	0	.46294	.1970785	.3399815	0
682.15	0	.4629201	.1971278	.3399521	0
681.15	0	.4629001	.1971772	.3399227	0
680.15	0	.46288	.1972267	.3398933	0
679.15	0	.4628598	.1972764	.3398638	0
678.15	0	.4628394	.1973262	.3398343	0
677.15	0	.462819	.1973762	.3398048	0
676.15	0	.4627985	.1974262	.3397753	0
675.15	0	.4627778	.1974764	.3397458	0
674.15	0	.462757	.1975268	.3397162	0
673.15	0	.4627361	.1975773	.3396866	0
672.15	0	.4627151	.1976279	.339657	0
671.15	0	.462694	.1976787	.3396273	0
670.15	0	.4626728	.1977295	.3395977	0
669.15	0	.4626514	.1977806	.339568	0
668.15	0	.46263	.1978317	.3395383	0
667.15	0	.4626084	.197883	.3395086	0
666.15	0	.4625867	.1979344	.3394789	0
665.15	0	.4625649	.197986	.3394491	0
664.15	0	.462543	.1980376	.3394194	0
663.15	0	.462521	.1980895	.3393896	0
662.15	0	.4624988	.1981414	.3393598	0
661.15	0	.4624766	.1981935	.3393299	0
660.15	0	.4624542	.1982457	.3393001	0
659.15	0	.4624318	.198298	.3392702	0
658.15	0	.4624092	.1983505	.3392403	0
657.15	0	.4623865	.198403	.3392104	0
656.15	0	.4623637	.1984557	.3391805	0
655.15	0	.4623408	.1985086	.3391506	0
654.15	0	.4623178	.1985615	.3391207	0
653.15	0	.4622947	.1986146	.3390907	0
652.15	0	.4622715	.1986678	.3390607	0
651.15	0	.4622482	.1987211	.3390307	0
650.15	0	.4622247	.1987745	.3390007	0
649.15	0	.4622012	.1988281	.3389707	0
648.15	0	.4621776	.1988818	.3389407	0
647.15	0	.4621538	.1989356	.3389106	0
646.15	0	.46213	.1989895	.3388806	0
645.15	0	.462106	.1990435	.3388505	0
644.15	0	.462082	.1990976	.3388204	0
643.15	0	.4620579	.1991518	.3387903	0
642.15	0	.4620336	.1992062	.3387602	0
641.15	0	.4620093	.1992606	.3387301	0
640.15	0	.4619849	.1993152	.3387	0
639.15	0	.4619603	.1993699	.3386698	0
638.15	0	.4619357	.1994246	.3386397	0
637.15	0	.461911	.1994795	.3386095	0
636.15	0	.4618862	.1995345	.3385793	0
635.15	0	.4618613	.1995895	.3385492	0
634.15	0	.4618363	.1996447	.338519	0
633.15	0	.4618112	.1997	.3384888	0
632.15	0	.4617861	.1997554	.3384586	0
631.15	0	.4617608	.1998108	.3384284	0
630.15	0	.4617355	.1998664	.3383982	0
629.15	0	.46171	.199922	.338368	0
628.15	0	.4616845	.1999778	.3383377	0
627.15	0	.4616589	.2000336	.3383075	0
626.15	0	.4616332	.2000895	.3382773	0
625.15	0	.4616075	.2001455	.338247	0
624.15	0	.4615816	.2002016	.3382168	0
623.15	0	.4615557	.2002578	.3381865	0
622.15	0	.4615297	.200314	.3381563	0
621.15	0	.4615036	.2003704	.338126	0
620.15	0	.4614775	.2004268	.3380958	0
619.15	0	.4614513	.2004832	.3380655	0
618.15	0	.4614249	.2005398	.3380353	0
617.15	0	.4613986	.2005965	.338005	0
616.15	0	.4613721	.2006532	.3379747	0
615.15	0	.4613456	.2007099	.3379445	0
614.15	0	.461319	.2007668	.3379142	0
613.15	0	.4612923	.2008237	.337884	0
612.15	0	.4612656	.2008807	.3378537	0
611.15	0	.4612388	.2009378	.3378235	0
610.15	0	.4612119	.2009949	.3377932	0
609.15	0	.461185	.2010521	.337763	0
608.15	0	.461158	.2011093	.3377327	0
607.15	0	.4611309	.2011666	.3377025	0
606.15	0	.4611038	.201224	.3376722	0
605.15	0	.4610766	.2012814	.337642	0
604.15	0	.4610494	.2013389	.3376118	0
603.15	0	.4610221	.2013964	.3375816	0
602.15	0	.4609947	.201454	.3375513	0
601.15	0	.4609673	.2015116	.3375211	0
600.15	0	.4609398	.2015693	.3374909	0
599.15	0	.4609123	.201627	.3374607	0
598.15	0	.4608847	.2016848	.3374306	0
597.15	0	.460857	.2017426	.3374004	0
596.15	0	.4608293	.2018004	.3373702	0
595.15	0	.4608016	.2018583	.3373401	0
594.15	0	.4607738	.2019163	.3373099	0
593.15	0	.460746	.2019743	.3372798	0
592.15	0	.4607181	.2020323	.3372497	0
591.15	0	.4606901	.2020903	.3372196	0
590.15	0	.4606621	.2021484	.3371895	0
589.15	0	.4606341	.2022065	.3371594	0
588.15	0	.460606	.2022647	.3371293	0
587.15	0	.4605779	.2023229	.3370992	0
586.15	0	.4605497	.2023811	.3370692	0
585.15	0	.4605215	.2024393	.3370392	0
584.15	0	.4604933	.2024976	.3370091	0
583.15	0	.460465	.2025559	.3369791	0
582.15	0	.4604367	.2026142	.3369492	0
581.15	0	.4604083	.2026725	.3369192	0
580.15	0	.4603799	.2027309	.3368892	0
579.15	0	.4603515	.2027892	.3368593	0
578.15	0	.460323	.2028476	.3368294	0
577.15	0	.4602945	.202906	.3367995	0
576.15	0	.460266	.2029644	.3367696	0
575.15	0	.4602374	.2030228	.3367398	0
574.15	0	.4602088	.2030813	.3367099	0
573.15	0	.4601802	.2031397	.3366801	0
572.15	0	.4601515	.2031982	.3366503	0
571.15	0	.4601228	.2032566	.3366206	0
570.15	0	.4600941	.2033151	.3365908	0
569.15	0	.4600654	.2033736	.3365611	0
568.15	0	.4600366	.203432	.3365314	0
567.15	0	.4600078	.2034905	.3365017	0
566.15	0	.459979	.203549	.3364721	0
565.15	0	.4599501	.2036075	.3364424	0
564.15	0	.4599213	.2036659	.3364128	0
563.15	0	.4598924	.2037244	.3363832	0
562.15	0	.4598635	.2037828	.3363537	0
561.15	0	.4598345	.2038413	.3363242	0
560.15	0	.4598056	.2038997	.3362947	0
559.15	0	.4597766	.2039582	.3362652	0
558.15	0	.4597477	.2040166	.3362357	0
557.15	0	.4597187	.204075	.3362063	0
556.15	0	.4596897	.2041334	.336177	0
555.15	0	.4596606	.2041918	.3361476	0
554.15	0	.4596316	.2042501	.3361183	0
553.15	0	.4596025	.2043085	.336089	0
552.15	0	.4595735	.2043668	.3360597	0
551.15	0	.4595444	.2044251	.3360305	0
550.15	0	.4595153	.2044834	.3360013	0
549.15	0	.4594862	.2045417	.3359721	0
548.15	0	.4594571	.2045999	.335943	0
547.15	0	.459428	.2046581	.3359139	0
546.15	0	.4593989	.2047163	.3358849	0
545.15	0	.4593698	.2047744	.3358558	0
544.15	0	.4593406	.2048326	.3358268	0
543.15	0	.4593115	.2048906	.3357979	0
542.15	0	.4592823	.2049487	.335769	0
541.15	0	.4592532	.2050067	.3357401	0
540.15	0	.459224	.2050647	.3357112	0
539.15	0	.4591949	.2051227	.3356824	0
538.15	0	.4591658	.2051806	.3356537	0
537.15	0	.4591366	.2052385	.335625	0
536.15	0	.4591074	.2052963	.3355963	0
535.15	0	.4590783	.2053541	.3355676	0
534.15	0	.4590492	.2054119	.335539	0
533.15	0	.45902	.2054696	.3355104	0
532.15	0	.4589909	.2055272	.3354819	0
531.15	0	.4589617	.2055848	.3354534	0
530.15	0	.4589326	.2056424	.335425	0
529.15	0	.4589035	.2056999	.3353966	0
528.15	0	.4588743	.2057574	.3353682	0
527.15	0	.4588452	.2058148	.3353399	0
526.15	0	.4588161	.2058722	.3353117	0
525.15	0	.458787	.2059295	.3352835	0
524.15	0	.4587579	.2059868	.3352553	0
523.15	0	.4587289	.206044	.3352272	0
522.15	0	.4586998	.2061011	.3351991	0
521.15	0	.4586707	.2061582	.335171	0
520.15	0	.4586417	.2062153	.335143	0
519.15	0	.4586127	.2062722	.3351151	0
518.15	0	.4585836	.2063291	.3350872	0
517.15	0	.4585546	.206386	.3350594	0
516.15	0	.4585257	.2064428	.3350316	0
515.15	0	.4584967	.2064995	.3350038	0
514.15	0	.4584677	.2065561	.3349762	0
513.15	0	.4584388	.2066127	.3349485	0
512.15	0	.4584098	.2066692	.3349209	0
511.15	0	.4583809	.2067257	.3348934	0
510.15	0	.458352	.2067821	.3348659	0
509.15	0	.4583232	.2068384	.3348385	0
508.15	0	.4582943	.2068946	.3348111	0
507.15	0	.4582655	.2069508	.3347838	0
506.15	0	.4582367	.2070069	.3347565	0
505.15	0	.4582079	.2070629	.3347293	0
504.15	0	.4581791	.2071188	.3347021	0
503.15	0	.4581504	.2071746	.334675	0
502.15	0	.4581217	.2072304	.3346479	0
501.15	0	.4580931	.2072861	.3346209	0
500.15	0	.4580644	.2073417	.3345939	0
499.15	0	.4580357	.2073972	.334567	0
498.15	0	.4580071	.2074527	.3345402	0
497.15	0	.4579785	.207508	.3345135	0
496.15	0	.4579499	.2075633	.3344868	0
495.15	0	.4579214	.2076185	.3344601	0
494.15	0	.4578929	.2076736	.3344335	0
493.15	0	.4578644	.2077286	.334407	0
492.15	0	.4578359	.2077835	.3343806	0
491.15	0	.4578075	.2078384	.3343542	0
490.15	0	.4577791	.2078931	.3343278	0
489.15	0	.4577507	.2079478	.3343015	0
488.15	0	.4577224	.2080023	.3342753	0
487.15	0	.4576941	.2080568	.3342492	0
486.15	0	.4576658	.2081111	.3342231	0
485.15	0	.4576375	.2081654	.334197	0
484.15	0	.4576093	.2082196	.3341711	0
483.15	0	.4575812	.2082737	.3341452	0
482.15	0	.457553	.2083276	.3341194	0
481.15	0	.4575249	.2083815	.3340936	0
480.15	0	.4574968	.2084353	.3340679	0
479.15	0	.4574688	.208489	.3340423	0
478.15	0	.4574408	.2085425	.3340167	0
477.15	0	.4574128	.208596	.3339912	0
476.15	0	.4573849	.2086494	.3339658	0
475.15	0	.457357	.2087026	.3339404	0
474.15	0	.4573291	.2087558	.3339151	0
473.15	0	.4573013	.2088088	.3338899	0
472.15	0	.4572735	.2088617	.3338647	0
471.15	0	.4572458	.2089146	.3338397	0
470.15	0	.4572181	.2089673	.3338147	0
469.15	0	.4571904	.2090199	.3337897	0
468.15	0	.4571628	.2090724	.3337648	0
467.15	0	.4571352	.2091247	.33374	0
466.15	0	.4571077	.209177	.3337153	0
465.15	0	.4570802	.2092292	.3336907	0
464.15	0	.4570527	.2092812	.3336661	0
463.15	0	.4570253	.2093331	.3336416	0
462.15	0	.456998	.2093849	.3336171	0
461.15	0	.4569706	.2094366	.3335928	0
460.15	0	.4569434	.2094882	.3335685	0
459.15	0	.4569161	.2095396	.3335443	0
458.15	0	.4568889	.2095909	.3335201	0
457.15	0	.4568618	.2096422	.3334961	0
456.15	0	.4568347	.2096932	.3334721	0
455.15	0	.4568076	.2097442	.3334482	0
454.15	0	.4567806	.2097951	.3334243	0
453.15	0	.4567536	.2098458	.3334006	0
452.15	0	.4567267	.2098964	.3333769	0
451.15	0	.4566999	.2099469	.3333533	0
450.15	0	.456673	.2099972	.3333298	0
449.15	0	.4566463	.2100474	.3333064	0
448.15	0	.4566196	.2100974	.333283	0
447.15	0	.4565929	.2101473	.3332597	0
446.15	0	.4565664	.2101971	.3332366	0
445.15	0	.4565398	.2102467	.3332135	0
444.15	0	.4565134	.2102962	.3331904	0
443.15	0	.456487	.2103455	.3331675	0
442.15	0	.4564606	.2103947	.3331447	0
441.15	0	.4564343	.2104438	.3331219	0
440.15	0	.4564081	.2104926	.3330993	0
439.15	0	.456382	.2105413	.3330767	0
438.15	0	.456356	.2105898	.3330542	0
437.15	0	.45633	.2106382	.3330318	0
436.9135	0	.4563239	.2106496	.3330265	0
436.9135	0	.4563239	.2106496	.3330265	0
436.9135	0	.4563239	.2106496	.3330265	0
436.15	0	.4564533	.2103336	.3328336	3.794465E-04
435.15	0	.4566224	.2099206	.3325813	8.757146E-04
434.15	0	.456791	.2095084	.3323295	.001371165
433.15	0	.456959	.209097	.3320782	.001865807
432.15	0	.4571265	.2086864	.3318274	.002359646
431.15	0	.4572935	.2082766	.3315771	.002852691
430.15	0	.45746	.2078677	.3313273	.00334495
429.15	0	.4576261	.2074595	.331078	.003836429
428.15	0	.4577916	.2070521	.3308292	.004327137
427.15	0	.4579567	.2066454	.3305809	.00481708
426.15	0	.4581213	.2062395	.330333	.005306265
425.15	0	.4582854	.2058343	.3300856	.005794701
424.15	0	.4584491	.2054298	.3298387	.006282392
423.15	0	.4586124	.205026	.3295923	.006769348
422.15	0	.4587752	.2046229	.3293463	.007255573
421.15	0	.4589376	.2042204	.3291008	.007741076
420.15	0	.4590996	.2038187	.3288558	.008225862
419.15	0	.4592612	.2034176	.3286113	.008709939
418.15	0	.4594224	.2030171	.3283672	.009193312
