T	 BPW(LIQUID)	BPW(BCC_A2)	BPW(FCC_A1)	BPW(LAVES_PHASE_C14)	BPW(NI3TI)
1473.15	.1418597	.645271	0	.2128692	0
1472.15	.1369933	.648447	0	.2145597	0
1471.15	.132219	.6515581	0	.2162229	0
1470.15	.1275344	.6546061	0	.2178595	0
1469.15	.122937	.6575928	0	.2194702	0
1468.15	.1184244	.6605197	0	.2210559	0
1467.15	.1139944	.6633884	0	.2226172	0
1466.15	.1096447	.6662005	0	.2241547	0
1465.15	.1053733	.6689575	0	.2256692	0
1464.15	.101178	.6716607	0	.2271613	0
1463.15	.09705697	.6743116	0	.2286315	0
1462.15	.09300819	.6769114	0	.2300804	0
1461.15	.08902982	.6794616	0	.2315086	0
1460.15	.08512008	.6819633	0	.2329167	0
1459.15	.08127723	.6844177	0	.2343051	0
1458.15	.07749958	.686826	0	.2356744	0
1457.15	.07378551	.6891893	0	.2370251	0
1456.15	.07013345	.6915088	0	.2383577	0
1455.15	.06654187	.6937855	0	.2396726	0
1454.15	.06300929	.6960205	0	.2409702	0
1453.15	.05953428	.6982147	0	.2422511	0
1452.15	.05611546	.7003691	0	.2435155	0
1451.15	.05275147	.7024846	0	.244764	0
1450.15	.04944101	.7045622	0	.2459968	0
1449.15	.04618282	.7066027	0	.2472145	0
1448.15	.04297568	.708607	0	.2484173	0
1447.15	.03981838	.7105759	0	.2496057	0
1446.15	.03670979	.7125103	0	.2507799	0
1445.15	.03364877	.7144109	0	.2519403	0
1444.15	.03063424	.7162785	0	.2530873	0
1443.15	.02766515	.7181138	0	.2542211	0
1442.15	.02474045	.7199176	0	.255342	0
1441.15	.02185917	.7216905	0	.2564504	0
1440.15	.01902034	.7234332	0	.2575465	0
1439.15	.016223	.7251464	0	.2586307	0
1438.15	.01346625	.7268307	0	.2597031	0
1437.15	.0107492	.7284867	0	.2607641	0
1436.15	.008070988	.7301151	0	.2618139	0
1435.15	.005430769	.7317165	0	.2628528	0
1434.15	.002827728	.7332913	0	.263881	0
1433.15	2.6107E-04	.7348403	0	.2648987	0
1433.047	0	.7349976	0	.2650024	0
1433.047	0	.7349976	0	.2650024	0
1432.15	0	.7345108	0	.2654892	0
1431.15	0	.7339697	0	.2660303	0
1430.15	0	.73343	0	.26657	0
1429.15	0	.7328916	0	.2671084	0
1428.15	0	.7323546	0	.2676454	0
1427.15	0	.731819	0	.268181	0
1426.15	0	.7312847	0	.2687153	0
1425.15	0	.7307517	0	.2692483	0
1424.15	0	.7302201	0	.2697799	0
1423.15	0	.7296898	0	.2703103	0
1422.15	0	.7291608	0	.2708392	0
1421.15	0	.7286331	0	.2713669	0
1420.15	0	.7281068	0	.2718932	0
1419.15	0	.7275817	0	.2724183	0
1418.15	0	.727058	0	.272942	0
1417.15	0	.7265356	0	.2734644	0
1416.15	0	.7260145	0	.2739856	0
1415.15	0	.7254946	0	.2745054	0
1414.15	0	.7249761	0	.2750239	0
1413.15	0	.7244588	0	.2755412	0
1412.15	0	.7239428	0	.2760572	0
1411.15	0	.7234281	0	.2765719	0
1410.15	0	.7229147	0	.2770853	0
1409.15	0	.7224025	0	.2775975	0
1408.15	0	.7218916	0	.2781084	0
1407.15	0	.721382	0	.278618	0
1406.15	0	.7208736	0	.2791264	0
1405.15	0	.7203665	0	.2796335	0
1404.15	0	.7198606	0	.2801394	0
1403.15	0	.7193559	0	.2806441	0
1402.15	0	.7188525	0	.2811475	0
1401.15	0	.7183503	0	.2816497	0
1400.15	0	.7178494	0	.2821506	0
1399.15	0	.7173496	0	.2826504	0
1398.15	0	.7168511	0	.2831489	0
1397.15	0	.7163538	0	.2836462	0
1396.15	0	.7158578	0	.2841422	0
1395.15	0	.7153629	0	.2846371	0
1394.15	0	.7148692	0	.2851308	0
1393.15	0	.7143767	0	.2856233	0
1392.15	0	.7138855	0	.2861145	0
1391.15	0	.7133954	0	.2866046	0
1390.15	0	.7129065	0	.2870935	0
1389.15	0	.7124188	0	.2875812	0
1388.15	0	.7119323	0	.2880678	0
1387.15	0	.7114469	0	.2885531	0
1386.15	0	.7109627	0	.2890373	0
1385.15	0	.7104797	0	.2895203	0
1384.15	0	.7099978	0	.2900022	0
1383.15	0	.7095171	0	.2904829	0
1382.15	0	.7090376	0	.2909624	0
1381.15	0	.7085592	0	.2914408	0
1380.15	0	.708082	0	.291918	0
1379.15	0	.7076059	0	.2923941	0
1378.15	0	.707131	0	.2928691	0
1377.15	0	.7066571	0	.2933429	0
1376.15	0	.7061845	0	.2938155	0
1375.15	0	.7057129	0	.2942871	0
1374.15	0	.7052425	0	.2947575	0
1373.15	0	.7047732	0	.2952268	0
1372.15	0	.704305	0	.295695	0
1371.15	0	.703838	0	.2961621	0
1370.15	0	.703372	0	.296628	0
1369.15	0	.7029071	0	.2970929	0
1368.15	0	.7024434	0	.2975566	0
1367.15	0	.7019808	0	.2980192	0
1366.15	0	.7015192	0	.2984808	0
1365.15	0	.7010588	0	.2989412	0
1364.15	0	.7005994	0	.2994006	0
1363.15	0	.7001411	0	.2998589	0
1362.15	0	.6996839	0	.3003161	0
1361.15	0	.6992278	0	.3007722	0
1360.15	0	.6987728	0	.3012272	0
1359.15	0	.6983188	0	.3016812	0
1358.15	0	.6978659	0	.3021341	0
1357.15	0	.6974141	0	.3025859	0
1356.15	0	.6969633	0	.3030367	0
1355.15	0	.6965136	0	.3034864	0
1354.15	0	.696065	0	.303935	0
1353.15	0	.6956174	0	.3043826	0
1352.15	0	.6951708	0	.3048292	0
1351.15	0	.6947253	0	.3052747	0
1350.15	0	.6942809	0	.3057191	0
1349.15	0	.6938374	0	.3061626	0
1348.15	0	.6933951	0	.306605	0
1347.15	0	.6929537	0	.3070463	0
1346.15	0	.6925134	0	.3074866	0
1345.15	0	.6920741	0	.3079259	0
1344.15	0	.6916358	0	.3083642	0
1343.15	0	.6911985	0	.3088015	0
1342.15	0	.6907623	0	.3092377	0
1341.15	0	.6903271	0	.309673	0
1340.15	0	.6898928	0	.3101072	0
1339.15	0	.6894596	0	.3105404	0
1338.15	0	.6890274	0	.3109726	0
1337.15	0	.6885962	0	.3114038	0
1336.15	0	.688166	0	.311834	0
1335.15	0	.6877368	0	.3122632	0
1334.15	0	.6873085	0	.3126915	0
1333.15	0	.6868813	0	.3131187	0
1332.15	0	.686455	0	.313545	0
1331.15	0	.6860298	0	.3139702	0
1330.15	0	.6856055	0	.3143945	0
1329.15	0	.6851821	0	.3148179	0
1328.15	0	.6847598	0	.3152402	0
1327.15	0	.6843384	0	.3156616	0
1326.15	0	.683918	0	.316082	0
1325.15	0	.6834986	0	.3165014	0
1324.15	0	.6830801	0	.3169199	0
1323.15	0	.6826626	0	.3173375	0
1322.15	0	.682246	0	.317754	0
1321.15	0	.6818304	0	.3181696	0
1320.15	0	.6814157	0	.3185843	0
1319.15	0	.681002	0	.318998	0
1318.15	0	.6805892	0	.3194108	0
1317.15	0	.6801774	0	.3198227	0
1316.15	0	.6797664	0	.3202336	0
1315.15	0	.6793565	0	.3206435	0
1314.15	0	.6789474	0	.3210526	0
1313.15	0	.6785393	0	.3214607	0
1312.15	0	.6781322	0	.3218678	0
1311.15	0	.6777259	0	.3222741	0
1310.15	0	.6773206	0	.3226794	0
1309.15	0	.6769162	0	.3230839	0
1308.15	0	.6765127	0	.3234873	0
1307.15	0	.6761101	0	.3238899	0
1306.15	0	.6757084	0	.3242916	0
1305.15	0	.6753076	0	.3246924	0
1304.15	0	.6749078	0	.3250922	0
1303.15	0	.6745088	0	.3254912	0
1302.15	0	.6741107	0	.3258893	0
1301.15	0	.6737136	0	.3262864	0
1300.15	0	.6733173	0	.3266827	0
1299.15	0	.6729219	0	.3270781	0
1298.15	0	.6725274	0	.3274726	0
1297.15	0	.6721338	0	.3278662	0
1296.15	0	.6717411	0	.3282589	0
1295.15	0	.6713493	0	.3286507	0
1294.15	0	.6709583	0	.3290417	0
1293.15	0	.6705682	0	.3294318	0
1292.15	0	.670179	0	.329821	0
1291.15	0	.6697907	0	.3302094	0
1290.15	0	.6694032	0	.3305968	0
1289.15	0	.6690166	0	.3309834	0
1288.15	0	.6686308	0	.3313692	0
1287.15	0	.6682459	0	.3317541	0
1286.15	0	.6678619	0	.3321381	0
1285.15	0	.6674787	0	.3325213	0
1284.15	0	.6670964	0	.3329036	0
1283.15	0	.666715	0	.3332851	0
1282.15	0	.6663343	0	.3336657	0
1281.15	0	.6659546	0	.3340454	0
1280.15	0	.6655756	0	.3344244	0
1279.15	0	.6651976	0	.3348025	0
1278.15	0	.6648203	0	.3351797	0
1277.15	0	.6644439	0	.3355561	0
1276.15	0	.6640683	0	.3359317	0
1275.15	0	.6636936	0	.3363064	0
1274.15	0	.6633197	0	.3366804	0
1273.15	0	.6629466	0	.3370534	0
1272.15	0	.6625743	0	.3374257	0
1271.15	0	.6622029	0	.3377972	0
1270.15	0	.6618322	0	.3381678	0
1269.15	0	.6614624	0	.3385376	0
1268.15	0	.6610934	0	.3389066	0
1267.15	0	.6607253	0	.3392747	0
1266.15	0	.6603579	0	.3396421	0
1265.15	0	.6599913	0	.3400087	0
1264.15	0	.6596256	0	.3403744	0
1263.15	0	.6592606	0	.3407394	0
1262.15	0	.6588965	0	.3411035	0
1261.15	0	.6585332	0	.3414668	0
1260.15	0	.6581706	0	.3418294	0
1259.15	0	.6578089	0	.3421912	0
1258.15	0	.6574479	0	.3425521	0
1257.15	0	.6570877	0	.3429123	0
1256.15	0	.6567283	0	.3432717	0
1255.15	0	.6563698	0	.3436303	0
1254.15	0	.6560119	0	.3439881	0
1253.15	0	.6556549	0	.3443451	0
1252.15	0	.6552987	0	.3447013	0
1251.15	0	.6549432	0	.3450568	0
1250.15	0	.6545885	0	.3454115	0
1249.15	0	.6542346	0	.3457654	0
1248.15	0	.6538814	0	.3461186	0
1247.15	0	.6535291	0	.3464709	0
1246.15	0	.6531775	0	.3468226	0
1245.15	0	.6528266	0	.3471734	0
1244.15	0	.6524765	0	.3475235	0
1243.15	0	.6521272	0	.3478728	0
1242.15	0	.6517786	0	.3482214	0
1241.15	0	.6514308	0	.3485692	0
1240.15	0	.6510838	0	.3489162	0
1239.15	0	.6507375	0	.3492625	0
1238.15	0	.650392	0	.3496081	0
1237.15	0	.6500472	0	.3499528	0
1236.15	0	.6497031	0	.3502969	0
1235.15	0	.6493598	0	.3506402	0
1234.15	0	.6490172	0	.3509828	0
1233.15	0	.6486754	0	.3513246	0
1232.15	0	.6483344	0	.3516656	0
1231.15	0	.647994	0	.352006	0
1230.15	0	.6476544	0	.3523456	0
1229.15	0	.6473155	0	.3526845	0
1228.15	0	.6469774	0	.3530226	0
1227.15	0	.64664	0	.35336	0
1226.15	0	.6463033	0	.3536967	0
1225.15	0	.6459674	0	.3540327	0
1224.15	0	.6456321	0	.3543679	0
1223.15	0	.6452976	0	.3547024	0
1222.15	0	.6449638	0	.3550362	0
1221.15	0	.6446307	0	.3553693	0
1220.15	0	.6442984	0	.3557016	0
1219.15	0	.6439667	0	.3560333	0
1218.15	0	.6436358	0	.3563642	0
1217.15	0	.6433056	0	.3566944	0
1216.15	0	.6429761	0	.3570239	0
1215.15	0	.6426473	0	.3573527	0
1214.15	0	.6423192	0	.3576808	0
1213.15	0	.6419918	0	.3580082	0
1212.15	0	.6416651	0	.3583349	0
1211.15	0	.6413391	0	.3586609	0
1210.15	0	.6410138	0	.3589862	0
1209.15	0	.6406892	0	.3593108	0
1208.15	0	.6403654	0	.3596347	0
1207.15	0	.6400422	0	.3599579	0
1206.15	0	.6397196	0	.3602804	0
1205.15	0	.6393978	0	.3606022	0
1204.15	0	.6390767	0	.3609233	0
1203.15	0	.6387562	0	.3612438	0
1202.15	0	.6384365	0	.3615635	0
1201.15	0	.6381174	0	.3618826	0
1200.15	0	.637799	0	.362201	0
1199.15	0	.6374813	0	.3625187	0
1198.15	0	.6371642	0	.3628358	0
1197.15	0	.6368479	0	.3631521	0
1196.15	0	.6365322	0	.3634678	0
1195.15	0	.6362172	0	.3637828	0
1194.15	0	.6359028	0	.3640972	0
1193.15	0	.6355891	0	.3644109	0
1192.15	0	.6352761	0	.3647239	0
1191.15	0	.6349638	0	.3650362	0
1190.15	0	.6346521	0	.3653479	0
1189.15	0	.6343411	0	.3656589	0
1188.15	0	.6340307	0	.3659693	0
1187.15	0	.633721	0	.366279	0
1186.15	0	.633412	0	.366588	0
1185.15	0	.6331036	0	.3668964	0
1184.15	0	.6327959	0	.3672041	0
1183.15	0	.6324888	0	.3675112	0
1182.15	0	.6321824	0	.3678176	0
1181.15	0	.6318766	0	.3681234	0
1180.15	0	.6315715	0	.3684285	0
1179.15	0	.631267	0	.368733	0
1178.15	0	.6309632	0	.3690368	0
1177.15	0	.63066	0	.36934	0
1176.15	0	.6303575	0	.3696425	0
1175.15	0	.6300556	0	.3699444	0
1174.15	0	.6297543	0	.3702457	0
1173.15	0	.6294537	0	.3705463	0
1172.15	0	.6291537	0	.3708463	0
1171.15	0	.6288544	0	.3711456	0
1170.15	0	.6285557	0	.3714443	0
1169.15	0	.6282576	0	.3717424	0
1168.15	0	.6279602	0	.3720399	0
1167.15	0	.6276633	0	.3723367	0
1166.15	0	.6273671	0	.3726329	0
1165.15	0	.6270716	0	.3729284	0
1164.15	0	.6267766	0	.3732234	0
1163.15	0	.6264823	0	.3735177	0
1162.15	0	.6261886	0	.3738114	0
1161.15	0	.6258956	0	.3741045	0
1160.15	0	.6256031	0	.3743969	0
1159.15	0	.6253113	0	.3746887	0
1158.15	0	.62502	0	.37498	0
1157.15	0	.6247294	0	.3752706	0
1156.15	0	.6244394	0	.3755606	0
1155.15	0	.6241501	0	.3758499	0
1154.15	0	.6238613	0	.3761387	0
1153.15	0	.6235731	0	.3764269	0
1152.15	0	.6232856	0	.3767144	0
1151.15	0	.6229986	0	.3770014	0
1150.15	0	.6227123	0	.3772877	0
1149.15	0	.6224266	0	.3775734	0
1148.15	0	.6221414	0	.3778586	0
1147.15	0	.6218569	0	.3781431	0
1146.15	0	.621573	0	.378427	0
1145.15	0	.6212897	0	.3787103	0
1144.15	0	.6210069	0	.3789931	0
1143.15	0	.6207248	0	.3792752	0
1142.15	0	.6204432	0	.3795568	0
1141.15	0	.6201623	0	.3798377	0
1140.15	0	.6198819	0	.3801181	0
1139.15	0	.6196022	0	.3803978	0
1138.15	0	.619323	0	.380677	0
1137.15	0	.6190444	0	.3809556	0
1136.15	0	.6187664	0	.3812336	0
1135.15	0	.618489	0	.381511	0
1134.15	0	.6182122	0	.3817878	0
1133.15	0	.6179359	0	.3820641	0
1132.15	0	.6176603	0	.3823397	0
1131.15	0	.6173852	0	.3826148	0
1130.15	0	.6171107	0	.3828893	0
1129.15	0	.6168368	0	.3831632	0
1128.15	0	.6165634	0	.3834366	0
1127.15	0	.6162907	0	.3837093	0
1126.15	0	.6160185	0	.3839815	0
1125.15	0	.6157468	0	.3842532	0
1124.15	0	.6154758	0	.3845242	0
1123.15	0	.6152053	0	.3847947	0
1122.15	0	.6149354	0	.3850646	0
1121.15	0	.6146661	0	.3853339	0
1120.15	0	.6143973	0	.3856027	0
1119.15	0	.6141291	0	.3858709	0
1118.15	0	.6138615	0	.3861386	0
1117.15	0	.6135944	0	.3864056	0
1116.15	0	.6133279	0	.3866721	0
1115.15	0	.6130619	0	.3869381	0
1114.15	0	.6127965	0	.3872035	0
1113.15	0	.6125317	0	.3874683	0
1112.15	0	.6122674	0	.3877326	0
1111.15	0	.6120037	0	.3879963	0
1110.15	0	.6117405	0	.3882595	0
1109.15	0	.6114779	0	.3885221	0
1108.15	0	.6112159	0	.3887841	0
1107.15	0	.6109544	0	.3890456	0
1106.15	0	.6106934	0	.3893066	0
1105.15	0	.610433	0	.389567	0
1104.15	0	.6101732	0	.3898268	0
1103.15	0	.6099139	0	.3900861	0
1102.15	0	.6096551	0	.3903449	0
1101.15	0	.6093969	0	.3906031	0
1100.15	0	.6091393	0	.3908607	0
1099.15	0	.6088822	0	.3911178	0
1098.15	0	.6086256	0	.3913744	0
1097.15	0	.6083696	0	.3916305	0
1096.15	0	.6081141	0	.3918859	0
1095.15	0	.6078591	0	.3921409	0
1094.15	0	.6076047	0	.3923953	0
1093.15	0	.6073508	0	.3926492	0
1092.15	0	.6070975	0	.3929025	0
1091.15	0	.6068447	0	.3931553	0
1090.15	0	.6065924	0	.3934076	0
1089.15	0	.6063407	0	.3936593	0
1088.15	0	.6060895	0	.3939105	0
1087.15	0	.6058388	0	.3941612	0
1086.15	0	.6055887	0	.3944113	0
1085.15	0	.605339	0	.394661	0
1084.15	0	.60509	0	.39491	0
1083.15	0	.6048414	0	.3951586	0
1082.15	0	.6045934	0	.3954066	0
1081.15	0	.6043459	0	.3956541	0
1080.15	0	.6040989	0	.3959011	0
1079.15	0	.6038524	0	.3961476	0
1078.15	0	.6036065	0	.3963935	0
1077.15	0	.6033611	0	.3966389	0
1076.15	0	.6031162	0	.3968838	0
1075.15	0	.6028718	0	.3971282	0
1074.15	0	.602628	0	.397372	0
1073.15	0	.6023846	0	.3976154	0
1072.15	0	.6021418	0	.3978582	0
1071.15	0	.6018995	0	.3981005	0
1070.15	0	.6016577	0	.3983423	0
1069.15	0	.6014165	0	.3985835	0
1068.15	0	.6011757	0	.3988243	0
1067.15	0	.6009355	0	.3990646	0
1066.15	0	.6006957	0	.3993043	0
1065.15	0	.6004565	0	.3995435	0
1064.83	0	.6003799	0	.3996201	0
1064.83	0	.6003799	0	.3996201	0
1064.83	0	.6003799	0	.3996201	0
1064.15	0	.5998132	4.298221E-04	.399757	0
1063.15	0	.5989812	.00106069	.3999581	0
1062.15	0	.5981517	.001689638	.4001587	0
1061.15	0	.5973247	.002316667	.4003586	0
1060.15	0	.5965002	.002941775	.4005581	0
1059.15	0	.5956781	.003564961	.4007569	0
1058.15	0	.5948585	.004186226	.4009553	0
1057.15	0	.5940414	.004805568	.401153	0
1056.15	0	.5932268	.005422987	.4013503	0
1055.15	0	.5924146	.006038481	.4015469	0
1054.15	0	.5916049	.006652051	.401743	0
1053.15	0	.5907977	.007263695	.4019386	0
1052.15	0	.5899929	.007873413	.4021336	0
1051.15	0	.5891907	.008481204	.4023281	0
1050.15	0	.5883909	.009087068	.402522	0
1049.15	0	.5875936	.009691003	.4027154	0
1048.15	0	.5867987	.01029301	.4029083	0
1047.15	0	.5860064	.01089309	.4031006	0
1046.15	0	.5852165	.01149123	.4032923	0
1045.15	0	.5844291	.01208744	.4034835	0
1044.15	0	.5836441	.01268173	.4036742	0
1043.15	0	.5828617	.01327408	.4038643	0
1042.15	0	.5820817	.01386449	.4040538	0
1041.15	0	.5813042	.01445298	.4042429	0
1040.15	0	.5805291	.01503952	.4044314	0
1039.15	0	.5797566	.01562414	.4046193	0
1038.15	0	.5789865	.01620681	.4048067	0
1037.15	0	.5782189	.01678755	.4049935	0
1036.15	0	.5774538	.01736636	.4051799	0
1035.15	0	.5766912	.01794322	.4053656	0
1034.15	0	.575931	.01851815	.4055509	0
1033.15	0	.5751733	.01909114	.4057355	0
1032.15	0	.5744181	.01966218	.4059197	0
1031.15	0	.5736654	.02023129	.4061033	0
1030.15	0	.5729152	.02079846	.4062864	0
1029.15	0	.5721675	.02136368	.4064689	0
1028.15	0	.5714222	.02192697	.4066509	0
1027.15	0	.5706794	.02248831	.4068323	0
1026.15	0	.5699391	.02304771	.4070132	0
1025.15	0	.5692013	.02360516	.4071936	0
1024.15	0	.568466	.02416067	.4073734	0
1023.15	0	.5677331	.02471424	.4075526	0
1022.15	0	.5670027	.02526586	.4077314	0
1021.15	0	.5662749	.02581554	.4079096	0
1020.15	0	.5655495	.02636327	.4080872	0
1019.15	0	.5648266	.02690906	.4082643	0
1018.15	0	.5641062	.0274529	.4084409	0
1017.15	0	.5633883	.0279948	.4086169	0
1016.15	0	.5626728	.02853475	.4087924	0
1015.15	0	.5619599	.02907275	.4089674	0
1014.15	0	.5612494	.02960881	.4091418	0
1013.15	0	.5605414	.03014292	.4093157	0
1012.15	0	.5598359	.03067509	.409489	0
1011.15	0	.5591329	.03120531	.4096617	0
1010.15	0	.5584325	.03173358	.409834	0
1009.15	0	.5577344	.03225991	.4100056	0
1008.15	0	.5570389	.03278429	.4101768	0
1007.15	0	.5563459	.03330673	.4103474	0
1006.15	0	.5556553	.03382722	.4105174	0
1005.15	0	.5549673	.03434576	.4106869	0
1004.15	0	.5542818	.03486236	.4108559	0
1003.15	0	.5535987	.03537702	.4110243	0
1002.15	0	.5529181	.03588973	.4111921	0
1001.15	0	.55224	.0364005	.4113594	0
1000.15	0	.5515645	.03690933	.4115262	0
999.15	0	.5508914	.03741622	.4116924	0
998.15	0	.5502208	.03792116	.4118581	0
997.15	0	.5495527	.03842417	.4120232	0
996.15	0	.548887	.03892523	.4121877	0
995.15	0	.5482239	.03942436	.4123517	0
994.15	0	.5475633	.03992155	.4125152	0
993.15	0	.5469052	.0404168	.4126781	0
992.15	0	.5462495	.04091012	.4128404	0
991.15	0	.5455963	.04140151	.4130022	0
990.15	0	.5449457	.04189096	.4131634	0
989.15	0	.5442975	.04237849	.413324	0
988.15	0	.5436518	.04286408	.4134841	0
987.15	0	.5430086	.04334775	.4136436	0
986.15	0	.5423679	.0438295	.4138026	0
985.15	0	.5417297	.04430932	.413961	0
984.15	0	.5410939	.04478722	.4141188	0
983.15	0	.5404607	.0452632	.4142761	0
982.15	0	.5398299	.04573726	.4144328	0
981.15	0	.5392017	.04620941	.4145889	0
980.15	0	.5385759	.04667965	.4147445	0
979.15	0	.5379525	.04714798	.4148995	0
978.15	0	.5373317	.04761441	.4150539	0
977.15	0	.5367134	.04807893	.4152077	0
976.15	0	.5360975	.04854155	.415361	0
975.15	0	.5354841	.04900228	.4155136	0
974.15	0	.5348732	.04946111	.4156657	0
973.15	0	.5342647	.04991805	.4158172	0
972.15	0	.5336587	.05037311	.4159681	0
971.15	0	.5330552	.05082628	.4161185	0
970.15	0	.5324542	.05127758	.4162682	0
969.15	0	.5318556	.051727	.4164174	0
968.15	0	.5312595	.05217456	.416566	0
967.15	0	.5306658	.05262025	.4167139	0
966.15	0	.5300746	.05306408	.4168613	0
965.15	0	.5294859	.05350605	.4170081	0
964.15	0	.5288996	.05394618	.4171542	0
963.15	0	.5283157	.05438446	.4172998	0
962.15	0	.5277343	.0548209	.4174448	0
961.15	0	.5271554	.05525551	.4175891	0
960.15	0	.5265789	.0556883	.4177328	0
959.15	0	.5260048	.05611926	.417876	0
958.15	0	.5254331	.05654841	.4180185	0
957.15	0	.5248639	.05697575	.4181604	0
956.15	0	.5242971	.0574013	.4183016	0
955.15	0	.5237327	.05782505	.4184423	0
954.15	0	.5231707	.05824701	.4185823	0
953.15	0	.5226111	.0586672	.4187217	0
952.15	0	.522054	.05908562	.4188604	0
951.15	0	.5214992	.05950228	.4189985	0
950.15	0	.5209468	.05991719	.419136	0
949.15	0	.5203968	.06033036	.4192728	0
948.15	0	.5198492	.06074179	.419409	0
947.15	0	.519304	.0611515	.4195445	0
946.15	0	.5187611	.06155949	.4196794	0
945.15	0	.5182206	.06196578	.4198136	0
944.15	0	.5176824	.06237038	.4199472	0
943.15	0	.5171466	.0627733	.4200801	0
942.15	0	.5166131	.06317455	.4202123	0
941.15	0	.516082	.06357414	.4203439	0
940.15	0	.5155532	.06397208	.4204748	0
939.15	0	.5150266	.0643684	.420605	0
938.15	0	.5145024	.06476309	.4207345	0
937.15	0	.5139805	.06515617	.4208633	0
936.15	0	.5134609	.06554767	.4209915	0
935.15	0	.5129435	.06593758	.4211189	0
934.15	0	.5124284	.06632593	.4212456	0
933.15	0	.5119156	.06671273	.4213717	0
932.15	0	.511405	.067098	.421497	0
931.15	0	.5108966	.06748176	.4216216	0
930.15	0	.5103905	.06786401	.4217455	0
929.15	0	.5098865	.06824479	.4218687	0
928.15	0	.5093848	.0686241	.4219911	0
927.15	0	.5088852	.06900196	.4221128	0
926.15	0	.5083878	.0693784	.4222338	0
925.15	0	.5078926	.06975344	.422354	0
924.15	0	.5073995	.07012708	.4224734	0
923.15	0	.5069085	.07049936	.4225921	0
922.15	0	.5064196	.0708703	.4227101	0
921.15	0	.5059328	.07123992	.4228272	0
920.15	0	.5054481	.07160823	.4229436	0
919.15	0	.5049655	.07197527	.4230593	0
918.15	0	.5044849	.07234106	.4231741	0
917.15	0	.5040063	.07270563	.4232881	0
916.15	0	.5035297	.07306899	.4234013	0
915.15	0	.5030551	.07343118	.4235138	0
914.15	0	.5025824	.07379223	.4236254	0
913.15	0	.5021117	.07415216	.4237362	0
912.15	0	.5016429	.07451099	.4238461	0
911.15	0	.501176	.07486877	.4239552	0
910.15	0	.500711	.07522552	.4240635	0
909.15	0	.5002478	.07558128	.4241709	0
908.15	0	.4997864	.07593607	.4242775	0
907.15	0	.4993269	.07628993	.4243832	0
906.15	0	.4988691	.0766429	.424488	0
905.15	0	.498413	.076995	.424592	0
904.15	0	.4979587	.07734629	.424695	0
903.15	0	.497506	.07769678	.4247972	0
902.15	0	.4970551	.07804654	.4248984	0
901.15	0	.4966057	.07839559	.4249987	0
900.15	0	.4961579	.07874397	.4250981	0
899.15	0	.4957117	.07909173	.4251965	0
898.15	0	.4952671	.07943892	.425294	0
897.15	0	.4948239	.07978558	.4253905	0
896.15	0	.4943822	.08013175	.4254861	0
895.15	0	.4939418	.08047749	.4255807	0
894.15	0	.4935029	.08082283	.4256743	0
893.15	0	.4930653	.08116785	.4257668	0
892.15	0	.492629	.08151258	.4258584	0
891.15	0	.492194	.08185708	.4259489	0
890.15	0	.4917602	.08220141	.4260384	0
889.15	0	.4913275	.08254563	.4261269	0
888.15	0	.490896	.0828898	.4262143	0
887.15	0	.4904655	.08323397	.4263006	0
886.15	0	.490036	.08357821	.4263858	0
885.15	0	.4896076	.08392259	.4264698	0
884.15	0	.48918	.08426718	.4265528	0
883.15	0	.4887533	.08461204	.4266347	0
882.15	0	.4883274	.08495725	.4267154	0
881.15	0	.4879023	.08530288	.4267949	0
880.15	0	.4874778	.08564901	.4268732	0
879.15	0	.487054	.08599572	.4269503	0
878.15	0	.4866307	.08634309	.4270262	0
877.15	0	.4862079	.08669121	.4271009	0
876.15	0	.4857855	.08704016	.4271743	0
875.15	0	.4853635	.08739005	.4272465	0
874.15	0	.4849417	.08774095	.4273173	0
873.15	0	.4845202	.08809298	.4273869	0
872.15	0	.4840987	.08844622	.4274551	0
871.15	0	.4836773	.0888008	.4275219	0
870.15	0	.4832558	.08915681	.4275874	0
869.15	0	.4828342	.08951437	.4276514	0
868.15	0	.4824123	.0898736	.4277141	0
867.15	0	.4819901	.09023463	.4277752	0
866.15	0	.4815675	.09059757	.4278349	0
865.15	0	.4811443	.09096256	.4278931	0
864.15	0	.4807205	.09132974	.4279498	0
863.15	0	.4802959	.09169925	.4280049	0
862.15	0	.4798704	.09207124	.4280583	0
861.15	0	.4794439	.09244587	.4281102	0
860.15	0	.4790163	.0928233	.4281604	0
859.15	0	.4785874	.0932037	.4282089	0
858.15	0	.4781571	.09358726	.4282557	0
857.15	0	.4777252	.09397414	.4283007	0
856.15	0	.4772916	.09436456	.4283439	0
855.15	0	.4768561	.0947587	.4283852	0
854.15	0	.4764186	.0951568	.4284246	0
853.15	0	.4759788	.09555907	.4284621	0
852.15	0	.4755366	.09596575	.4284976	0
851.15	0	.4750918	.09637709	.4285311	0
850.15	0	.4746442	.09679335	.4285624	0
849.15	0	.4741936	.09721481	.4285916	0
848.15	0	.4737396	.09764176	.4286186	0
847.15	0	.4732822	.09807451	.4286433	0
846.15	0	.472821	.09851339	.4286657	0
845.15	0	.4723557	.09895875	.4286856	0
844.15	0	.471886	.09941095	.428703	0
843.15	0	.4714117	.0998704	.4287179	0
842.15	0	.4709324	.1003375	.4287301	0
841.15	0	.4704478	.1008127	.4287395	0
840.15	0	.4699574	.1012965	.4287461	0
839.15	0	.4694609	.1017894	.4287497	0
838.15	0	.4689578	.102292	.4287502	0
837.15	0	.4684476	.1028048	.4287476	0
836.15	0	.4679299	.1033286	.4287416	0
835.15	0	.4674041	.1038639	.4287321	0
834.15	0	.4668695	.1044115	.428719	0
833.15	0	.4661431	.1051853	.4286716	0
832.15	0	.4652193	.1061933	.4285875	0
831.15	0	.4643378	.1071558	.4285064	0
830.15	0	.4634961	.1080758	.4284281	0
829.15	0	.4626915	.108956	.4283525	0
828.15	0	.4619217	.109799	.4282793	0
827.15	0	.4611846	.1106069	.4282085	0
826.15	0	.4604783	.1113819	.4281398	0
825.15	0	.4598009	.1121259	.4280732	0
824.15	0	.4591507	.1128407	.4280085	0
823.15	0	.4585263	.113528	.4279457	0
822.15	0	.4579261	.1141894	.4278845	0
821.15	0	.4573489	.1148262	.4278249	0
820.15	0	.4567934	.1154398	.4277668	0
819.15	0	.4562585	.1160314	.4277101	0
818.15	0	.455743	.1166021	.4276548	0
817.15	0	.4552461	.1171531	.4276008	0
816.15	0	.4547667	.1176854	.4275479	0
815.15	0	.4543039	.1181998	.4274962	0
814.15	0	.453857	.1186974	.4274456	0
813.15	0	.4534252	.1191788	.427396	0
812.15	0	.4530078	.1196449	.4273473	0
811.15	0	.452604	.1200965	.4272996	0
810.15	0	.4522132	.1205341	.4272527	0
809.15	0	.4518349	.1209585	.4272066	0
808.15	0	.4514684	.1213702	.4271613	0
807.15	0	.4511133	.1217699	.4271168	0
806.15	0	.450769	.1221581	.4270729	0
805.15	0	.450435	.1225353	.4270298	0
804.15	0	.4501108	.122902	.4269872	0
803.15	0	.4497962	.1232586	.4269453	0
802.15	0	.4494905	.1236056	.4269039	0
801.15	0	.4491936	.1239434	.4268631	0
800.15	0	.4489049	.1242724	.4268228	0
799.15	0	.4486241	.1245929	.426783	0
798.15	0	.448351	.1249054	.4267436	0
797.15	0	.4480852	.1252101	.4267048	0
796.15	0	.4478264	.1255073	.4266663	0
795.15	0	.4475743	.1257975	.4266282	0
794.15	0	.4473287	.1260808	.4265906	0
793.15	0	.4470892	.1263575	.4265533	0
792.15	0	.4468557	.126628	.4265163	0
791.15	0	.446628	.1268923	.4264797	0
790.15	0	.4464057	.1271509	.4264434	0
789.15	0	.4461887	.1274039	.4264075	0
788.15	0	.4459768	.1276514	.4263718	0
787.15	0	.4457698	.1278939	.4263364	0
786.15	0	.4455675	.1281313	.4263012	0
785.15	0	.4453697	.128364	.4262663	0
784.15	0	.4451763	.128592	.4262317	0
783.15	0	.4449871	.1288157	.4261973	0
782.15	0	.4448019	.129035	.4261631	0
781.15	0	.4446206	.1292503	.4261291	0
780.15	0	.4444431	.1294616	.4260953	0
779.15	0	.4442692	.129669	.4260617	0
778.15	0	.4440989	.1298728	.4260283	0
777.15	0	.4439319	.130073	.4259951	0
776.15	0	.4437681	.1302699	.425962	0
775.15	0	.4436075	.1304634	.4259291	0
774.15	0	.4434499	.1306537	.4258964	0
773.15	0	.4432952	.130841	.4258638	0
772.15	0	.4431434	.1310253	.4258313	0
771.15	0	.4429943	.1312067	.425799	0
770.15	0	.4428478	.1313854	.4257668	0
769.15	0	.4427039	.1315614	.4257347	0
768.15	0	.4425625	.1317348	.4257027	0
767.15	0	.4424234	.1319057	.4256708	0
766.15	0	.4422867	.1320743	.4256391	0
765.15	0	.4421522	.1322405	.4256074	0
764.15	0	.4420198	.1324044	.4255758	0
763.15	0	.4418895	.1325661	.4255443	0
762.15	0	.4417613	.1327258	.4255129	0
761.15	0	.441635	.1328834	.4254816	0
760.15	0	.4415106	.1330391	.4254504	0
759.15	0	.441388	.1331928	.4254192	0
758.15	0	.4412672	.1333447	.4253881	0
757.15	0	.4411482	.1334948	.4253571	0
756.15	0	.4410322	.1336421	.4253257	0
755.15	0	.4409163	.1337888	.4252949	0
754.15	0	.440802	.133934	.425264	0
753.15	0	.4406892	.1340775	.4252332	0
752.15	0	.4405779	.1342196	.4252025	0
751.15	0	.440468	.1343601	.4251718	0
750.15	0	.4403596	.1344993	.4251412	0
749.15	0	.4402525	.134637	.4251106	0
748.15	0	.4401467	.1347733	.42508	0
747.15	0	.4400422	.1349084	.4250495	0
746.15	0	.4399389	.1350422	.425019	0
745.15	0	.4398368	.1351747	.4249885	0
744.15	0	.4397359	.1353061	.4249581	0
743.15	0	.4396361	.1354363	.4249276	0
742.15	0	.4395374	.1355653	.4248973	0
741.15	0	.4394398	.1356933	.4248669	0
740.15	0	.4393433	.1358202	.4248366	0
739.15	0	.4392477	.135946	.4248062	0
738.15	0	.4391532	.1360709	.424776	0
737.15	0	.4390596	.1361948	.4247457	0
736.15	0	.4389669	.1363177	.4247154	0
735.15	0	.4388751	.1364397	.4246852	0
734.15	0	.4387842	.1365609	.4246549	0
733.15	0	.4386942	.1366811	.4246247	0
732.15	0	.438605	.1368005	.4245945	0
731.15	0	.4385166	.1369191	.4245643	0
730.15	0	.438429	.1370369	.4245341	0
729.15	0	.4383422	.1371539	.4245039	0
728.15	0	.4382561	.1372701	.4244737	0
727.15	0	.4381708	.1373856	.4244435	0
726.15	0	.4380862	.1375004	.4244134	0
725.15	0	.4380023	.1376145	.4243832	0
724.15	0	.437919	.1377279	.424353	0
723.15	0	.4378365	.1378407	.4243229	0
722.15	0	.4377545	.1379528	.4242927	0
721.15	0	.4376732	.1380643	.4242625	0
720.15	0	.4375925	.1381751	.4242324	0
719.15	0	.4375124	.1382854	.4242022	0
718.15	0	.4374329	.1383951	.424172	0
717.15	0	.437354	.1385042	.4241419	0
716.15	0	.4372756	.1386127	.4241117	0
715.15	0	.4371978	.1387207	.4240815	0
714.15	0	.4371205	.1388282	.4240513	0
713.15	0	.4370437	.1389352	.4240212	0
712.15	0	.4369674	.1390416	.423991	0
711.15	0	.4368916	.1391476	.4239608	0
710.15	0	.4368163	.1392531	.4239306	0
709.15	0	.4367415	.1393582	.4239004	0
708.15	0	.4366671	.1394627	.4238702	0
707.15	0	.4365932	.1395669	.4238399	0
706.15	0	.4365197	.1396706	.4238097	0
705.15	0	.4364467	.1397738	.4237795	0
704.15	0	.4363741	.1398767	.4237492	0
703.15	0	.4363019	.1399791	.423719	0
702.15	0	.4362301	.1400812	.4236887	0
701.15	0	.4361587	.1401828	.4236585	0
700.15	0	.4360877	.1402841	.4236282	0
699.15	0	.4360171	.140385	.4235979	0
698.15	0	.4359469	.1404856	.4235676	0
697.15	0	.435877	.1405857	.4235373	0
696.15	0	.4358075	.1406856	.423507	0
695.15	0	.4357383	.1407851	.4234767	0
694.15	0	.4356695	.1408842	.4234463	0
693.15	0	.435601	.140983	.423416	0
692.15	0	.4355328	.1410816	.4233856	0
691.15	0	.435465	.1411797	.4233553	0
690.15	0	.4353975	.1412776	.4233249	0
689.15	0	.4353303	.1413752	.4232945	0
688.15	0	.4352634	.1414725	.4232641	0
687.15	0	.4351968	.1415695	.4232337	0
686.15	0	.4351305	.1416662	.4232033	0
685.15	0	.4350645	.1417626	.4231729	0
684.15	0	.4349988	.1418587	.4231424	0
683.15	0	.4349334	.1419546	.423112	0
682.15	0	.4348682	.1420502	.4230815	0
681.15	0	.4348033	.1421456	.4230511	0
680.15	0	.4347387	.1422407	.4230206	0
679.15	0	.4346744	.1423355	.4229901	0
678.15	0	.4346103	.1424301	.4229596	0
677.15	0	.4345464	.1425244	.4229291	0
676.15	0	.4344828	.1426186	.4228986	0
675.15	0	.4344195	.1427124	.4228681	0
674.15	0	.4343564	.1428061	.4228376	0
673.15	0	.4342935	.1428995	.422807	0
672.15	0	.4342309	.1429927	.4227765	0
671.15	0	.4341685	.1430856	.4227459	0
670.15	0	.4341063	.1431784	.4227153	0
669.15	0	.4340443	.1432709	.4226848	0
668.15	0	.4339826	.1433632	.4226542	0
667.15	0	.4339211	.1434553	.4226236	0
666.15	0	.4338598	.1435472	.422593	0
665.15	0	.4337987	.1436389	.4225624	0
664.15	0	.4337378	.1437304	.4225318	0
663.15	0	.4336771	.1438217	.4225011	0
662.15	0	.4336166	.1439129	.4224705	0
661.15	0	.4335564	.1440038	.4224399	0
660.15	0	.4334963	.1440945	.4224092	0
659.15	0	.4334364	.144185	.4223786	0
658.15	0	.4333767	.1442754	.4223479	0
657.15	0	.4333172	.1443656	.4223172	0
656.15	0	.4332579	.1444556	.4222866	0
655.15	0	.4331987	.1445454	.4222559	0
654.15	0	.4331398	.144635	.4222252	0
653.15	0	.433081	.1447245	.4221945	0
652.15	0	.4330224	.1448138	.4221638	0
651.15	0	.432964	.1449029	.4221331	0
650.15	0	.4329058	.1449918	.4221024	0
649.15	0	.4328477	.1450806	.4220717	0
648.15	0	.4327898	.1451692	.422041	0
647.15	0	.4327321	.1452576	.4220103	0
646.15	0	.4326745	.1453459	.4219796	0
645.15	0	.4326171	.1454341	.4219489	0
644.15	0	.4325598	.145522	.4219181	0
643.15	0	.4325028	.1456098	.4218874	0
642.15	0	.4324458	.1456975	.4218567	0
641.15	0	.4323891	.145785	.421826	0
640.15	0	.4323325	.1458723	.4217952	0
639.15	0	.432276	.1459595	.4217645	0
638.15	0	.4322197	.1460465	.4217338	0
637.15	0	.4321636	.1461334	.421703	0
636.15	0	.4321076	.1462201	.4216723	0
635.15	0	.4320517	.1463067	.4216416	0
634.15	0	.431996	.1463931	.4216108	0
633.15	0	.4319405	.1464794	.4215801	0
632.15	0	.4318851	.1465656	.4215494	0
631.15	0	.4318298	.1466516	.4215186	0
630.15	0	.4317747	.1467374	.4214879	0
629.15	0	.4317197	.1468231	.4214572	0
628.15	0	.4316649	.1469087	.4214265	0
627.15	0	.4316102	.1469941	.4213957	0
626.15	0	.4315556	.1470794	.421365	0
625.15	0	.4315012	.1471645	.4213343	0
624.15	0	.4314469	.1472495	.4213036	0
623.15	0	.4313928	.1473344	.4212729	0
622.15	0	.4313388	.1474191	.4212422	0
621.15	0	.4312849	.1475036	.4212115	0
620.15	0	.4312311	.1475881	.4211808	0
619.15	0	.4311775	.1476724	.4211501	0
618.15	0	.431124	.1477566	.4211194	0
617.15	0	.4310707	.1478406	.4210887	0
616.15	0	.4310175	.1479245	.4210581	0
615.15	0	.4309643	.1480083	.4210274	0
614.15	0	.4309114	.1480919	.4209968	0
613.15	0	.4308585	.1481754	.4209661	0
612.15	0	.4308058	.1482587	.4209355	0
611.15	0	.4307532	.148342	.4209048	0
610.15	0	.4307008	.148425	.4208742	0
609.15	0	.4306484	.148508	.4208436	0
608.15	0	.4305962	.1485908	.420813	0
607.15	0	.4305441	.1486735	.4207824	0
606.15	0	.4304921	.1487561	.4207518	0
605.15	0	.4304403	.1488385	.4207213	0
604.15	0	.4303885	.1489208	.4206907	0
603.15	0	.4303369	.1490029	.4206602	0
602.15	0	.4302854	.149085	.4206296	0
601.15	0	.430234	.1491669	.4205991	0
600.15	0	.4301828	.1492486	.4205686	0
599.15	0	.4301316	.1493303	.4205381	0
598.15	0	.4300806	.1494118	.4205076	0
597.15	0	.4300297	.1494932	.4204771	0
596.15	0	.4299789	.1495744	.4204467	0
595.15	0	.4299282	.1496555	.4204163	0
594.15	0	.4298777	.1497365	.4203858	0
593.15	0	.4298272	.1498173	.4203554	0
592.15	0	.4297769	.1498981	.420325	0
591.15	0	.4297267	.1499786	.4202947	0
590.15	0	.4296766	.1500591	.4202643	0
589.15	0	.4296266	.1501394	.420234	0
588.15	0	.4295768	.1502196	.4202036	0
587.15	0	.429527	.1502997	.4201733	0
586.15	0	.4294773	.1503796	.4201431	0
585.15	0	.4294278	.1504594	.4201128	0
584.15	0	.4293784	.1505391	.4200825	0
583.15	0	.4293291	.1506186	.4200523	0
582.15	0	.4292799	.150698	.4200221	0
581.15	0	.4292308	.1507773	.4199919	0
580.15	0	.4291818	.1508564	.4199618	0
579.15	0	.4291329	.1509354	.4199316	0
578.15	0	.4290842	.1510143	.4199015	0
577.15	0	.4290355	.1510931	.4198714	0
576.15	0	.428987	.1511717	.4198413	0
575.15	0	.4289386	.1512502	.4198113	0
574.15	0	.4288903	.1513285	.4197813	0
573.15	0	.428842	.1514067	.4197512	0
572.15	0	.4287939	.1514848	.4197213	0
571.15	0	.4287459	.1515627	.4196913	0
570.15	0	.4286981	.1516406	.4196614	0
569.15	0	.4286503	.1517183	.4196315	0
568.15	0	.4286026	.1517958	.4196016	0
567.15	0	.428555	.1518732	.4195718	0
566.15	0	.4285076	.1519505	.4195419	0
565.15	0	.4284602	.1520276	.4195121	0
564.15	0	.428413	.1521046	.4194824	0
563.15	0	.4283658	.1521815	.4194526	0
562.15	0	.4283188	.1522583	.4194229	0
561.15	0	.4282719	.1523349	.4193932	0
560.15	0	.4282251	.1524113	.4193636	0
559.15	0	.4281784	.1524877	.419334	0
558.15	0	.4281318	.1525639	.4193044	0
557.15	0	.4280853	.1526399	.4192748	0
556.15	0	.4280389	.1527158	.4192453	0
555.15	0	.4279926	.1527916	.4192158	0
554.15	0	.4279464	.1528673	.4191863	0
553.15	0	.4279003	.1529428	.4191569	0
552.15	0	.4278544	.1530181	.4191275	0
551.15	0	.4278085	.1530934	.4190981	0
550.15	0	.4277627	.1531685	.4190688	0
549.15	0	.4277171	.1532434	.4190395	0
548.15	0	.4276715	.1533182	.4190103	0
547.15	0	.4276261	.1533929	.418981	0
546.15	0	.4275807	.1534674	.4189518	0
545.15	0	.4275355	.1535418	.4189227	0
544.15	0	.4274904	.1536161	.4188936	0
543.15	0	.4274453	.1536902	.4188645	0
542.15	0	.4274004	.1537641	.4188354	0
541.15	0	.4273556	.153838	.4188065	0
540.15	0	.4273109	.1539117	.4187775	0
539.15	0	.4272663	.1539852	.4187486	0
538.15	0	.4272217	.1540586	.4187197	0
537.15	0	.4271773	.1541318	.4186908	0
536.15	0	.427133	.154205	.418662	0
535.15	0	.4270888	.1542779	.4186333	0
534.15	0	.4270447	.1543507	.4186045	0
533.15	0	.4270008	.1544234	.4185758	0
532.15	0	.4269569	.1544959	.4185472	0
531.15	0	.4269131	.1545683	.4185186	0
530.15	0	.4268694	.1546406	.41849	0
529.15	0	.4268258	.1547127	.4184615	0
528.15	0	.4267824	.1547846	.418433	0
527.15	0	.426739	.1548564	.4184046	0
526.15	0	.4266957	.154928	.4183762	0
525.15	0	.4266526	.1549996	.4183479	0
524.15	0	.4266095	.1550709	.4183196	0
523.15	0	.4265665	.1551421	.4182914	0
522.15	0	.4265237	.1552132	.4182632	0
521.15	0	.4264809	.1552841	.418235	0
520.15	0	.4264383	.1553548	.4182069	0
519.15	0	.4263958	.1554254	.4181788	0
518.15	0	.4263533	.1554959	.4181508	0
517.15	0	.426311	.1555662	.4181228	0
516.15	0	.4262687	.1556363	.4180949	0
515.15	0	.4262266	.1557063	.4180671	0
514.15	0	.4261846	.1557762	.4180392	0
513.15	0	.4261427	.1558459	.4180115	0
512.15	0	.4261008	.1559154	.4179837	0
511.15	0	.4260591	.1559848	.4179561	0
510.15	0	.4260175	.156054	.4179285	0
509.15	0	.425976	.1561231	.4179009	0
508.15	0	.4259346	.156192	.4178734	0
507.15	0	.4258933	.1562608	.4178459	0
506.15	0	.4258521	.1563294	.4178185	0
505.15	0	.425811	.1563979	.4177912	0
504.15	0	.42577	.1564662	.4177639	0
503.15	0	.4257292	.1565343	.4177365	0
502.15	0	.4256884	.1566023	.4177093	0
501.15	0	.4256477	.1566701	.4176822	0
500.15	0	.4256071	.1567378	.4176551	0
499.15	0	.4255666	.1568053	.4176281	0
498.15	0	.4255263	.1568726	.4176011	0
497.15	0	.425486	.1569398	.4175742	0
496.15	0	.4254458	.1570069	.4175473	0
495.15	0	.4254057	.1570738	.4175205	0
494.15	0	.4253658	.1571405	.4174938	0
493.15	0	.4253259	.157207	.4174671	0
492.15	0	.4252862	.1572734	.4174404	0
491.15	0	.4252465	.1573396	.4174139	0
490.15	0	.4252069	.1574057	.4173874	0
489.15	0	.4251675	.1574716	.4173609	0
488.15	0	.4251281	.1575374	.4173345	0
487.15	0	.4250889	.1576029	.4173082	0
486.15	0	.4250497	.1576684	.4172819	0
485.15	0	.4250107	.1577336	.4172557	0
484.15	0	.4249718	.1577987	.4172295	0
483.15	0	.4249329	.1578636	.4172034	0
482.15	0	.4248942	.1579284	.4171774	0
481.15	0	.4248556	.157993	.4171514	0
480.15	0	.424817	.1580574	.4171255	0
479.15	0	.4247786	.1581217	.4170997	0
478.15	0	.4247403	.1581858	.4170739	0
477.15	0	.4247021	.1582497	.4170482	0
476.15	0	.424664	.1583135	.4170226	0
475.15	0	.424626	.1583771	.416997	0
474.15	0	.424588	.1584405	.4169715	0
473.15	0	.4245502	.1585038	.416946	0
472.15	0	.4245125	.1585669	.4169206	0
471.15	0	.4244749	.1586298	.4168953	0
470.15	0	.4244374	.1586925	.41687	0
469.15	0	.4244	.1587551	.4168449	0
468.15	0	.4243627	.1588176	.4168197	0
467.15	0	.4243255	.1588798	.4167947	0
466.15	0	.4242884	.1589419	.4167697	0
465.15	0	.4242515	.1590038	.4167448	0
464.15	0	.4242146	.1590655	.4167199	0
463.15	0	.4241778	.1591271	.4166951	0
462.15	0	.4241411	.1591885	.4166704	0
461.15	0	.4241045	.1592497	.4166458	0
460.15	0	.4240681	.1593107	.4166212	0
459.15	0	.4240317	.1593716	.4165967	0
458.15	0	.4239954	.1594323	.4165723	0
457.15	0	.4239593	.1594929	.4165479	0
456.15	0	.4239232	.1595532	.4165236	0
455.15	0	.4238872	.1596134	.4164994	0
454.15	0	.4238514	.1596734	.4164752	0
453.15	0	.4238156	.1597332	.4164512	0
452.15	0	.4237799	.1597929	.4164272	0
451.15	0	.4237444	.1598524	.4164032	0
450.15	0	.4237089	.1599117	.4163794	0
449.15	0	.4236736	.1599708	.4163556	0
448.15	0	.4236384	.1600297	.4163319	0
447.15	0	.4236033	.1600884	.4163083	0
446.15	0	.4235683	.160147	.4162847	0
445.15	0	.4235334	.1602054	.4162613	0
444.15	0	.4234986	.1602635	.4162379	0
443.15	0	.4234639	.1603215	.4162146	0
442.15	0	.4234294	.1603793	.4161914	0
441.15	0	.4233949	.1604368	.4161682	0
440.15	0	.4233606	.1604942	.4161452	0
439.15	0	.4233264	.1605514	.4161222	0
438.15	0	.4232924	.1606083	.4160993	0
437.15	0	.4232584	.1606651	.4160765	0
436.15	0	.4232246	.1607216	.4160538	0
435.15	0	.4231909	.1607779	.4160312	0
434.15	0	.4231573	.160834	.4160087	0
433.15	0	.4231239	.1608899	.4159862	0
432.15	0	.4230906	.1609455	.4159639	0
431.15	0	.4230574	.161001	.4159416	0
430.15	0	.4230244	.1610562	.4159195	0
429.15	0	.4229915	.1611111	.4158974	0
429.109	0	.4229901	.1611134	.4158965	0
429.109	0	.4229901	.1611134	.4158965	0
429.109	0	.4229901	.1611134	.4158965	0
428.15	0	.4231195	.1607765	.4156796	4.243881E-04
427.15	0	.4232541	.1604258	.4154539	8.662877E-04
426.15	0	.4233883	.1600757	.4152285	.001307551
425.15	0	.4235221	.1597261	.4150036	.001748183
424.15	0	.4236557	.159377	.4147791	.002188191
423.15	0	.4237889	.1590286	.414555	.00262758
422.15	0	.4239217	.1586806	.4143313	.003066356
421.15	0	.4240543	.1583332	.4141081	.003504525
420.15	0	.4241865	.1579862	.4138852	.003942092
419.15	0	.4243185	.1576398	.4136627	.004379063
418.15	0	.4244501	.1572939	.4134406	.004815443
417.15	0	.4245814	.1569484	.4132189	.005251238
416.15	0	.4247125	.1566034	.4129977	.005686453
415.15	0	.4248433	.1562589	.4127768	.006121094
414.15	0	.4249738	.1559148	.4125563	.006555166
413.15	0	.425104	.1555712	.4123362	.006988674
412.15	0	.425234	.155228	.4121164	.007421622
411.15	0	.4253637	.1548852	.4118971	.007854017
410.15	0	.4254931	.1545429	.4116782	.008285863
409.15	0	.4256223	.1542009	.4114596	.008717165
408.15	0	.4257513	.1538594	.4112414	.009147927
407.15	0	.42588	.1535183	.4110236	.009578156
406.15	0	.4260085	.1531775	.4108061	.01000786
405.15	0	.4261367	.1528372	.4105891	.01043703
404.15	0	.4262648	.1524972	.4103724	.01086568
403.15	0	.4263926	.1521576	.410156	.01129382
402.15	0	.4265202	.1518183	.4099401	.01172145
401.15	0	.4266476	.1514794	.4097245	.01214857
400.15	0	.4267747	.1511408	.4095092	.01257518
399.15	0	.4269017	.1508026	.4092944	.0130013
398.15	0	.4270285	.1504648	.4090799	.01342693
397.15	0	.427155	.1501272	.4088657	.01385207
396.15	0	.4272814	.14979	.4086519	.01427672
395.15	0	.4274076	.149453	.4084385	.01470089
394.15	0	.4275336	.1491164	.4082254	.01512458
393.15	0	.4276594	.1487801	.4080126	.0155478
392.15	0	.4277851	.1484441	.4078002	.01597055
391.15	0	.4279106	.1481084	.4075882	.01639283
390.15	0	.4280359	.147773	.4073765	.01681466
389.15	0	.428161	.1474378	.4071651	.01723602
388.15	0	.428286	.147103	.4069541	.01765694
387.15	0	.4284108	.1467684	.4067434	.0180774
386.15	0	.4285355	.1464341	.4065331	.01849742
385.15	0	.42866	.1461	.4063231	.01891699
