T	 BPW(LIQUID)	BPW(BCC_A2)	BPW(FCC_A1)	BPW(LAVES_PHASE_C14)	BPW(NI3TI)
1473.15	.7178199	.161539	0	.1206411	0
1472.15	.709431	.1672016	0	.1233674	0
1471.15	.7011898	.1727622	0	.126048	0
1470.15	.6930926	.1782235	0	.1286839	0
1469.15	.6851356	.183588	0	.1312765	0
1468.15	.6773153	.188858	0	.1338267	0
1467.15	.6696283	.194036	0	.1363357	0
1466.15	.6620714	.1991241	0	.1388045	0
1465.15	.6546411	.2041247	0	.1412342	0
1464.15	.6473346	.2090398	0	.1436256	0
1463.15	.6401487	.2138715	0	.1459799	0
1462.15	.6330805	.2186217	0	.1482978	0
1461.15	.6261273	.2232924	0	.1505803	0
1460.15	.6192863	.2278856	0	.1528282	0
1459.15	.6125548	.2324028	0	.1550424	0
1458.15	.6059303	.2368461	0	.1572237	0
1457.15	.5994103	.241217	0	.1593728	0
1456.15	.5929923	.2455171	0	.1614905	0
1455.15	.5866742	.2497482	0	.1635776	0
1454.15	.5804535	.2539117	0	.1656348	0
1453.15	.5743281	.2580092	0	.1676627	0
1452.15	.5682958	.2620421	0	.169662	0
1451.15	.5623547	.2660119	0	.1716334	0
1450.15	.5565026	.2699199	0	.1735776	0
1449.15	.5507375	.2737675	0	.175495	0
1448.15	.5450577	.2775559	0	.1773864	0
1447.15	.5394613	.2812865	0	.1792522	0
1446.15	.5339464	.2849605	0	.1810931	0
1445.15	.5285114	.288579	0	.1829096	0
1444.15	.5231545	.2921433	0	.1847022	0
1443.15	.517874	.2956545	0	.1864715	0
1442.15	.5126685	.2991136	0	.1882179	0
1441.15	.5075363	.3025217	0	.189942	0
1440.15	.5024759	.30588	0	.1916442	0
1439.15	.4974858	.3091894	0	.1933249	0
1438.15	.4925646	.3124508	0	.1949846	0
1437.15	.4877109	.3156653	0	.1966238	0
1436.15	.4829233	.3188338	0	.1982429	0
1435.15	.4782006	.3219572	0	.1998422	0
1434.15	.4735414	.3250363	0	.2014223	0
1433.15	.4689444	.3280722	0	.2029834	0
1432.15	.4644085	.3310655	0	.204526	0
1431.15	.4599324	.3340171	0	.2060504	0
1430.15	.455515	.3369279	0	.207557	0
1429.15	.4511552	.3397986	0	.2090462	0
1428.15	.4468518	.34263	0	.2105183	0
1427.15	.4426038	.3454227	0	.2119735	0
1427.081	.4423108	.3456152	0	.212074	0
1427.081	.4423108	.3456152	0	.212074	0
1427.081	.4423108	.3456152	0	.212074	0
1426.15	.4306809	.3378193	.01590224	.2155976	0
1425.15	.4183472	.3296482	.03269525	.2193094	0
1424.15	.4061785	.3216851	.04919039	.222946	0
1423.15	.3941698	.3139246	.06539602	.2265095	0
1422.15	.3823166	.3063613	.08132022	.2300019	0
1421.15	.370614	.29899	.09697076	.2334252	0
1420.15	.3590579	.2918057	.1123551	.2367813	0
1419.15	.3476439	.2848036	.1274806	.240072	0
1418.15	.3363679	.277979	.1423541	.2432991	0
1417.15	.3252259	.2713275	.1569823	.2464643	0
1416.15	.3142141	.2648447	.1713719	.2495692	0
1415.15	.3033288	.2585266	.185529	.2526155	0
1414.15	.2925664	.2523691	.1994598	.2556047	0
1413.15	.2819234	.2463684	.21317	.2585383	0
1412.15	.2713964	.2405206	.2266654	.2614176	0
1411.15	.2609822	.2348223	.2399514	.2642442	0
1410.15	.2506776	.2292698	.2530333	.2670193	0
1409.15	.2404796	.2238599	.2659163	.2697443	0
1408.15	.2303851	.2185892	.2786053	.2724204	0
1407.15	.2203914	.2134547	.2911051	.2750488	0
1406.15	.2104957	.2084533	.3034203	.2776307	0
1405.15	.2006952	.203582	.3155555	.2801673	0
1404.15	.1909873	.198838	.327515	.2826597	0
1403.15	.1813695	.1942186	.339303	.2851089	0
1402.15	.1718393	.1897211	.3509237	.287516	0
1401.15	.1623943	.1853428	.3623809	.289882	0
1400.15	.1530323	.1810813	.3736785	.2922079	0
1399.15	.1437509	.1769342	.3848203	.2944946	0
1398.15	.1345479	.1728991	.3958099	.2967431	0
1397.15	.1254214	.1689738	.4066507	.2989541	0
1396.15	.1163691	.165156	.4173462	.3011287	0
1395.15	.107389	.1614436	.4278997	.3032677	0
1394.15	.09847925	.1578346	.4383144	.3053718	0
1393.15	.08963792	.1543268	.4485934	.3074419	0
1392.15	.08086315	.1509185	.4587397	.3094786	0
1391.15	.07215315	.1476076	.4687563	.3114829	0
1390.15	.06350618	.1443924	.4786461	.3134554	0
1389.15	.05492053	.141271	.4884117	.3153968	0
1388.15	.04639455	.1382417	.4980559	.3173078	0
1387.15	.03792664	.1353029	.5075814	.319189	0
1386.15	.02951522	.132453	.5169906	.3210412	0
1385.15	.02115876	.1296902	.5262862	.3228649	0
1384.15	.01285579	.1270131	.5354703	.3246608	0
1383.15	.004604854	.1244202	.5445455	.3264294	0
1382.589	0	.1230024	.549588	.3274096	0
1382.589	0	.1230024	.549588	.3274096	0
1382.15	0	.1223065	.5501281	.3275654	0
1381.15	0	.120725	.5513556	.3279193	0
1380.15	0	.1191475	.5525803	.3282722	0
1379.15	0	.117574	.5538021	.3286239	0
1378.15	0	.1160044	.5550211	.3289745	0
1377.15	0	.1144389	.5562372	.329324	0
1376.15	0	.1128772	.5574504	.3296724	0
1375.15	0	.1113195	.5586608	.3300197	0
1374.15	0	.1097656	.5598685	.3303659	0
1373.15	0	.1082157	.5610732	.3307111	0
1372.15	0	.1066697	.5622752	.3310551	0
1371.15	0	.1051276	.5634744	.3313981	0
1370.15	0	.1035893	.5646707	.33174	0
1369.15	0	.1020548	.5658643	.3320809	0
1368.15	0	.1005243	.5670551	.3324207	0
1367.15	0	.0989975	.568243	.3327595	0
1366.15	0	.09747456	.5694283	.3330972	0
1365.15	0	.09595542	.5706107	.3334339	0
1364.15	0	.09444008	.5717904	.3337695	0
1363.15	0	.09292853	.5729674	.3341041	0
1362.15	0	.09142074	.5741416	.3344377	0
1361.15	0	.08991671	.575313	.3347703	0
1360.15	0	.08841643	.5764817	.3351018	0
1359.15	0	.08691989	.5776477	.3354324	0
1358.15	0	.08542707	.578811	.335762	0
1357.15	0	.08393797	.5799715	.3360905	0
1356.15	0	.08245258	.5811293	.3364181	0
1355.15	0	.08097087	.5822845	.3367447	0
1354.15	0	.07949285	.5834369	.3370703	0
1353.15	0	.0780185	.5845866	.3373949	0
1352.15	0	.07654781	.5857336	.3377186	0
1351.15	0	.07508078	.586878	.3380413	0
1350.15	0	.07361738	.5880196	.338363	0
1349.15	0	.07215762	.5891586	.3386838	0
1348.15	0	.07070147	.5902949	.3390036	0
1347.15	0	.06924894	.5914286	.3393225	0
1346.15	0	.0678	.5925596	.3396404	0
1345.15	0	.06635466	.5936879	.3399574	0
1344.15	0	.0649129	.5948136	.3402735	0
1343.15	0	.06347471	.5959367	.3405886	0
1342.15	0	.06204009	.5970571	.3409028	0
1341.15	0	.06060901	.5981748	.3412162	0
1340.15	0	.05918148	.59929	.3415286	0
1339.15	0	.05775749	.6004025	.34184	0
1338.15	0	.05633702	.6015124	.3421506	0
1337.15	0	.05492006	.6026196	.3424603	0
1336.15	0	.05350662	.6037243	.3427691	0
1335.15	0	.05209667	.6048263	.343077	0
1334.15	0	.05069021	.6059258	.343384	0
1333.15	0	.04928723	.6070226	.3436902	0
1332.15	0	.04788773	.6081169	.3439954	0
1331.15	0	.04649169	.6092085	.3442998	0
1330.15	0	.04509911	.6102976	.3446033	0
1329.15	0	.04370997	.611384	.344906	0
1328.15	0	.04232428	.6124679	.3452078	0
1327.15	0	.04094201	.6135492	.3455087	0
1326.15	0	.03956318	.614628	.3458089	0
1325.15	0	.03818775	.6157041	.3461081	0
1324.15	0	.03681574	.6167777	.3464065	0
1323.15	0	.03544713	.6178488	.3467041	0
1322.15	0	.03408191	.6189172	.3470009	0
1321.15	0	.03272008	.6199832	.3472968	0
1320.15	0	.03136162	.6210465	.3475919	0
1319.15	0	.03000654	.6221073	.3478862	0
1318.15	0	.02865482	.6231656	.3481796	0
1317.15	0	.02730646	.6242213	.3484723	0
1316.15	0	.02596145	.6252744	.3487641	0
1315.15	0	.02461979	.626325	.3490552	0
1314.15	0	.02328146	.6273731	.3493454	0
1313.15	0	.02194646	.6284187	.3496349	0
1312.15	0	.02061479	.6294617	.3499235	0
1311.15	0	.01928643	.6305021	.3502114	0
1310.15	0	.01796139	.6315401	.3504985	0
1309.15	0	.01663965	.6325755	.3507848	0
1308.15	0	.01532121	.6336084	.3510704	0
1307.15	0	.01400606	.6346388	.3513552	0
1306.15	0	.01269421	.6356666	.3516392	0
1305.15	0	.01138563	.636692	.3519224	0
1304.15	0	.01008033	.6377148	.3522049	0
1303.15	0	.008778296	.6387351	.3524866	0
1302.15	0	.00747953	.6397529	.3527676	0
1301.15	0	.006184024	.6407681	.3530478	0
1300.15	0	.004891772	.6417809	.3533273	0
1299.15	0	.003602769	.6427911	.3536061	0
1298.15	0	.00231701	.6437989	.3538841	0
1297.15	0	.001034491	.6448041	.3541614	0
1296.342	0	0	.645615	.354385	0
1296.342	0	0	.645615	.354385	0
1296.15	0	0	.6455701	.35443	0
1295.15	0	0	.6453359	.3546642	0
1294.15	0	0	.645102	.354898	0
1293.15	0	0	.6448685	.3551315	0
1292.15	0	0	.6446354	.3553646	0
1291.15	0	0	.6444026	.3555974	0
1290.15	0	0	.6441702	.3558298	0
1289.15	0	0	.6439382	.3560618	0
1288.15	0	0	.6437065	.3562935	0
1287.15	0	0	.6434752	.3565248	0
1286.15	0	0	.6432442	.3567558	0
1285.15	0	0	.6430136	.3569864	0
1284.15	0	0	.6427833	.3572167	0
1283.15	0	0	.6425534	.3574466	0
1282.15	0	0	.6423238	.3576762	0
1281.15	0	0	.6420946	.3579054	0
1280.15	0	0	.6418657	.3581343	0
1279.15	0	0	.6416372	.3583628	0
1278.15	0	0	.641409	.358591	0
1277.15	0	0	.6411812	.3588188	0
1276.15	0	0	.6409537	.3590463	0
1275.15	0	0	.6407266	.3592734	0
1274.15	0	0	.6404998	.3595002	0
1273.15	0	0	.6402733	.3597267	0
1272.15	0	0	.6400472	.3599528	0
1271.15	0	0	.6398215	.3601785	0
1270.15	0	0	.6395961	.3604039	0
1269.15	0	0	.639371	.360629	0
1268.15	0	0	.6391463	.3608537	0
1267.15	0	0	.6389219	.3610781	0
1266.15	0	0	.6386978	.3613022	0
1265.15	0	0	.6384741	.3615259	0
1264.15	0	0	.6382507	.3617493	0
1263.15	0	0	.6380276	.3619724	0
1262.15	0	0	.6378049	.3621951	0
1261.15	0	0	.6375825	.3624175	0
1260.15	0	0	.6373605	.3626395	0
1259.15	0	0	.6371388	.3628613	0
1258.15	0	0	.6369174	.3630826	0
1257.15	0	0	.6366963	.3633037	0
1256.15	0	0	.6364756	.3635244	0
1255.15	0	0	.6362552	.3637448	0
1254.15	0	0	.6360351	.3639649	0
1253.15	0	0	.6358154	.3641846	0
1252.15	0	0	.635596	.364404	0
1251.15	0	0	.6353769	.3646231	0
1250.15	0	0	.6351581	.3648419	0
1249.15	0	0	.6349397	.3650603	0
1248.15	0	0	.6347216	.3652784	0
1247.15	0	0	.6345038	.3654962	0
1246.15	0	0	.6342863	.3657137	0
1245.15	0	0	.6340692	.3659308	0
1244.15	0	0	.6338523	.3661477	0
1243.15	0	0	.6336358	.3663642	0
1242.15	0	0	.6334196	.3665804	0
1241.15	0	0	.6332038	.3667962	0
1240.15	0	0	.6329882	.3670118	0
1239.15	0	0	.632773	.367227	0
1238.15	0	0	.6325581	.3674419	0
1237.15	0	0	.6323435	.3676565	0
1236.15	0	0	.6321292	.3678708	0
1235.15	0	0	.6319152	.3680848	0
1234.15	0	0	.6317016	.3682984	0
1233.15	0	0	.6314882	.3685118	0
1232.15	0	0	.6312752	.3687248	0
1231.15	0	0	.6310624	.3689376	0
1230.15	0	0	.63085	.36915	0
1229.15	0	0	.6306379	.3693621	0
1228.15	0	0	.6304261	.3695739	0
1227.15	0	0	.6302146	.3697854	0
1226.15	0	0	.6300035	.3699966	0
1225.15	0	0	.6297926	.3702074	0
1224.15	0	0	.629582	.370418	0
1223.15	0	0	.6293718	.3706282	0
1222.15	0	0	.6291618	.3708382	0
1221.15	0	0	.6289521	.3710479	0
1220.15	0	0	.6287428	.3712572	0
1219.15	0	0	.6285337	.3714663	0
1218.15	0	0	.628325	.371675	0
1217.15	0	0	.6281165	.3718835	0
1216.15	0	0	.6279084	.3720916	0
1215.15	0	0	.6277005	.3722995	0
1214.15	0	0	.627493	.372507	0
1213.15	0	0	.6272857	.3727143	0
1212.15	0	0	.6270788	.3729212	0
1211.15	0	0	.6268721	.3731279	0
1210.15	0	0	.6266658	.3733342	0
1209.15	0	0	.6264597	.3735403	0
1208.15	0	0	.626254	.3737461	0
1207.15	0	0	.6260485	.3739515	0
1206.15	0	0	.6258433	.3741567	0
1205.15	0	0	.6256384	.3743616	0
1204.15	0	0	.6254338	.3745662	0
1203.15	0	0	.6252295	.3747705	0
1202.15	0	0	.6250255	.3749745	0
1201.15	0	0	.6248218	.3751782	0
1200.15	0	0	.6246183	.3753817	0
1199.15	0	0	.6244152	.3755848	0
1198.15	0	0	.6242123	.3757877	0
1197.15	0	0	.6240098	.3759902	0
1196.15	0	0	.6238075	.3761925	0
1195.15	0	0	.6236055	.3763945	0
1194.15	0	0	.6234038	.3765962	0
1193.15	0	0	.6232023	.3767977	0
1192.15	0	0	.6230012	.3769988	0
1191.15	0	0	.6228003	.3771997	0
1190.15	0	0	.6225998	.3774002	0
1189.15	0	0	.6223995	.3776005	0
1188.15	0	0	.6221995	.3778005	0
1187.15	0	0	.6219997	.3780003	0
1186.15	0	0	.6218003	.3781997	0
1185.15	0	0	.6216011	.3783989	0
1184.15	0	0	.6214022	.3785978	0
1183.15	0	0	.6212036	.3787964	0
1182.15	0	0	.6210053	.3789947	0
1181.15	0	0	.6208072	.3791928	0
1180.15	0	0	.6206094	.3793906	0
1179.15	0	0	.6204119	.3795881	0
1178.15	0	0	.6202147	.3797853	0
1177.15	0	0	.6200177	.3799823	0
1176.15	0	0	.6198211	.3801789	0
1175.15	0	0	.6196246	.3803754	0
1174.15	0	0	.6194285	.3805715	0
1173.15	0	0	.6192327	.3807673	0
1172.15	0	0	.6190371	.3809629	0
1171.15	0	0	.6188418	.3811583	0
1170.15	0	0	.6186467	.3813533	0
1169.15	0	0	.6184519	.3815481	0
1168.15	0	0	.6182574	.3817426	0
1167.15	0	0	.6180632	.3819368	0
1166.15	0	0	.6178692	.3821308	0
1165.15	0	0	.6176755	.3823245	0
1164.15	0	0	.6174821	.3825179	0
1163.15	0	0	.6172889	.3827111	0
1162.15	0	0	.617096	.382904	0
1161.15	0	0	.6169033	.3830967	0
1160.15	0	0	.616711	.383289	0
1159.15	0	0	.6165189	.3834811	0
1158.15	0	0	.616327	.383673	0
1157.15	0	0	.6161354	.3838646	0
1156.15	0	0	.6159441	.3840559	0
1155.15	0	0	.615753	.384247	0
1154.15	0	0	.6155622	.3844378	0
1153.15	0	0	.6153717	.3846283	0
1152.15	0	0	.6151814	.3848186	0
1151.15	0	0	.6149914	.3850086	0
1150.15	0	0	.6148016	.3851984	0
1149.15	0	0	.6146121	.3853879	0
1148.15	0	0	.6144229	.3855771	0
1147.15	0	0	.6142339	.3857661	0
1146.15	0	0	.6140452	.3859548	0
1145.15	0	0	.6138567	.3861433	0
1144.15	0	0	.6136685	.3863315	0
1143.15	0	0	.6134805	.3865195	0
1142.15	0	0	.6132928	.3867072	0
1141.15	0	0	.6131054	.3868946	0
1140.15	0	0	.6129182	.3870818	0
1139.15	0	0	.6127312	.3872688	0
1138.15	0	0	.6125445	.3874555	0
1137.15	0	0	.6123581	.3876419	0
1136.15	0	0	.6121719	.3878281	0
1135.15	0	0	.611986	.388014	0
1134.15	0	0	.6118003	.3881997	0
1133.15	0	0	.6116148	.3883852	0
1132.15	0	0	.6114296	.3885704	0
1131.15	0	0	.6112447	.3887553	0
1130.15	0	0	.61106	.38894	0
1129.15	0	0	.6108755	.3891245	0
1128.15	0	0	.6106913	.3893087	0
1127.15	0	0	.6105074	.3894926	0
1126.15	0	0	.6103237	.3896763	0
1125.15	0	0	.6101402	.3898598	0
1124.15	0	0	.609957	.390043	0
1123.15	0	0	.609774	.390226	0
1122.15	0	0	.6095913	.3904087	0
1121.15	0	0	.6094088	.3905912	0
1120.15	0	0	.6092266	.3907734	0
1119.15	0	0	.6090446	.3909554	0
1118.15	0	0	.6088628	.3911372	0
1117.15	0	0	.6086813	.3913187	0
1116.15	0	0	.6085	.3915	0
1115.15	0	0	.608319	.391681	0
1114.15	0	0	.6081382	.3918618	0
1113.15	0	0	.6079577	.3920423	0
1112.15	0	0	.6077773	.3922227	0
1111.15	0	0	.6075973	.3924027	0
1110.15	0	0	.6074174	.3925826	0
1109.15	0	0	.6072378	.3927622	0
1108.15	0	0	.6070585	.3929415	0
1107.15	0	0	.6068793	.3931207	0
1106.15	0	0	.6067005	.3932996	0
1105.15	0	0	.6065218	.3934782	0
1104.15	0	0	.6063434	.3936566	0
1103.15	0	0	.6061652	.3938348	0
1102.15	0	0	.6059872	.3940128	0
1101.15	0	0	.6058095	.3941905	0
1100.15	0	0	.6056321	.394368	0
1099.15	0	0	.6054548	.3945452	0
1098.15	0	0	.6052778	.3947222	0
1097.15	0	0	.605101	.394899	0
1096.15	0	0	.6049244	.3950756	0
1095.15	0	0	.6047481	.3952519	0
1094.15	0	0	.604572	.395428	0
1093.15	0	0	.6043962	.3956038	0
1092.15	0	0	.6042205	.3957795	0
1091.15	0	0	.6040451	.3959549	0
1090.15	0	0	.60387	.39613	0
1089.15	0	0	.603695	.396305	0
1088.15	0	0	.6035203	.3964797	0
1087.15	0	0	.6033458	.3966542	0
1086.15	0	0	.6031715	.3968285	0
1085.15	0	0	.6029975	.3970025	0
1084.15	0	0	.6028237	.3971763	0
1083.15	0	0	.6026501	.3973499	0
1082.15	0	0	.6024768	.3975232	0
1081.15	0	0	.6023036	.3976964	0
1080.15	0	0	.6021307	.3978693	0
1079.15	0	0	.601958	.398042	0
1078.15	0	0	.6017856	.3982144	0
1077.15	0	0	.6016133	.3983867	0
1076.15	0	0	.6014413	.3985587	0
1075.15	0	0	.6012695	.3987305	0
1074.15	0	0	.6010979	.3989021	0
1073.15	0	0	.6009266	.3990734	0
1072.15	0	0	.6007555	.3992446	0
1071.15	0	0	.6005845	.3994155	0
1070.15	0	0	.6004139	.3995861	0
1069.15	0	0	.6002434	.3997566	0
1068.15	0	0	.6000731	.3999269	0
1067.15	0	0	.5999031	.4000969	0
1066.15	0	0	.5997333	.4002667	0
1065.15	0	0	.5995637	.4004363	0
1064.15	0	0	.5993943	.4006057	0
1063.15	0	0	.5992252	.4007748	0
1062.15	0	0	.5990562	.4009438	0
1061.15	0	0	.5988875	.4011125	0
1060.15	0	0	.598719	.401281	0
1059.15	0	0	.5985507	.4014493	0
1058.15	0	0	.5983826	.4016174	0
1057.15	0	0	.5982148	.4017852	0
1056.15	0	0	.5980471	.4019529	0
1055.15	0	0	.5978797	.4021203	0
1054.15	0	0	.5977125	.4022875	0
1053.15	0	0	.5975455	.4024546	0
1052.15	0	0	.5973787	.4026213	0
1051.15	0	0	.5972121	.4027879	0
1050.15	0	0	.5970457	.4029543	0
1049.15	0	0	.5968796	.4031205	0
1048.15	0	0	.5967136	.4032864	0
1047.15	0	0	.5965479	.4034521	0
1046.15	0	0	.5963824	.4036176	0
1045.15	0	0	.596217	.403783	0
1044.15	0	0	.5960519	.4039481	0
1043.15	0	0	.595887	.404113	0
1042.15	0	0	.5957224	.4042776	0
1041.15	0	0	.5955579	.4044421	0
1040.15	0	0	.5953936	.4046064	0
1039.15	0	0	.5952296	.4047704	0
1038.15	0	0	.5950657	.4049343	0
1037.15	0	0	.5949021	.4050979	0
1036.15	0	0	.5947386	.4052614	0
1035.15	0	0	.5945754	.4054246	0
1034.15	0	0	.5944124	.4055876	0
1033.15	0	0	.5942496	.4057504	0
1032.15	0	0	.594087	.405913	0
1031.15	0	0	.5939246	.4060754	0
1030.15	0	0	.5937624	.4062376	0
1029.15	0	0	.5936004	.4063996	0
1028.15	0	0	.5934386	.4065614	0
1027.15	0	0	.593277	.406723	0
1026.15	0	0	.5931156	.4068844	0
1025.15	0	0	.5929545	.4070455	0
1024.15	0	0	.5927935	.4072065	0
1023.15	0	0	.5926327	.4073673	0
1022.15	0	0	.5924721	.4075279	0
1021.15	0	0	.5923118	.4076882	0
1020.15	0	0	.5921516	.4078484	0
1019.15	0	0	.5919916	.4080084	0
1018.15	0	0	.5918319	.4081681	0
1017.15	0	0	.5916723	.4083277	0
1016.15	0	0	.591513	.408487	0
1015.15	0	0	.5913538	.4086462	0
1014.15	0	0	.5911948	.4088052	0
1013.15	0	0	.5910361	.4089639	0
1012.15	0	0	.5908775	.4091225	0
1011.15	0	0	.5907192	.4092808	0
1010.15	0	0	.590561	.409439	0
1009.15	0	0	.590403	.409597	0
1008.15	0	0	.5902453	.4097547	0
1007.15	0	0	.5900877	.4099123	0
1006.15	0	0	.5899303	.4100697	0
1005.15	0	0	.5897732	.4102268	0
1004.15	0	0	.5896162	.4103838	0
1003.15	0	0	.5894594	.4105406	0
1002.15	0	0	.5893028	.4106972	0
1001.15	0	0	.5891464	.4108536	0
1000.15	0	0	.5889902	.4110098	0
999.15	0	0	.5888342	.4111658	0
998.15	0	0	.5886784	.4113216	0
997.15	0	0	.5885228	.4114772	0
996.15	0	0	.5883674	.4116326	0
995.15	0	0	.5882122	.4117878	0
994.15	0	0	.5880572	.4119428	0
993.15	0	0	.5879024	.4120977	0
992.15	0	0	.5877477	.4122523	0
991.15	0	0	.5875933	.4124067	0
990.15	0	0	.587439	.412561	0
989.15	0	0	.587285	.412715	0
988.15	0	0	.5871311	.4128689	0
987.15	0	0	.5869774	.4130226	0
986.15	0	0	.5868239	.4131761	0
985.15	0	0	.5866707	.4133293	0
984.15	0	0	.5865176	.4134824	0
983.15	0	0	.5863647	.4136353	0
982.15	0	0	.5862119	.4137881	0
981.15	0	0	.5860594	.4139406	0
980.15	0	0	.5859071	.4140929	0
979.15	0	0	.5857549	.4142451	0
978.15	0	0	.585603	.414397	0
977.15	0	0	.5854512	.4145488	0
976.15	0	0	.5852996	.4147004	0
975.15	0	0	.5851483	.4148517	0
974.15	0	0	.5849971	.4150029	0
973.15	0	0	.5848461	.4151539	0
972.15	0	0	.5846952	.4153048	0
971.15	0	0	.5845446	.4154554	0
970.15	0	0	.5843942	.4156058	0
969.15	0	0	.5842439	.4157561	0
968.15	0	0	.5840938	.4159062	0
967.15	0	0	.583944	.416056	0
966.15	0	0	.5837943	.4162057	0
965.15	0	0	.5836448	.4163552	0
964.15	0	0	.5834954	.4165046	0
963.15	0	0	.5833463	.4166537	0
962.15	0	0	.5831974	.4168026	0
961.15	0	0	.5830486	.4169514	0
960.15	0	0	.5829	.4171	0
959.15	0	0	.5827516	.4172484	0
958.15	0	0	.5826034	.4173966	0
957.15	0	0	.5824554	.4175446	0
956.15	0	0	.5823076	.4176924	0
955.15	0	0	.5821599	.4178401	0
954.15	0	0	.5820125	.4179875	0
953.15	0	0	.5818652	.4181348	0
952.15	0	0	.5817181	.4182819	0
951.15	0	0	.5815712	.4184288	0
950.15	0	0	.5814244	.4185756	0
949.15	0	0	.5812779	.4187221	0
948.15	0	0	.5811315	.4188685	0
947.15	0	0	.5809853	.4190147	0
946.15	0	0	.5808393	.4191607	0
945.15	0	0	.5806935	.4193065	0
944.15	0	0	.5805479	.4194521	0
943.15	0	0	.5804025	.4195976	0
942.15	0	0	.5802572	.4197428	0
941.15	0	0	.5801121	.4198879	0
940.15	0	0	.5799672	.4200328	0
939.15	0	0	.5798225	.4201775	0
938.15	0	0	.5796779	.4203221	0
937.15	0	0	.5795336	.4204664	0
936.15	0	0	.5793894	.4206106	0
935.15	0	0	.5792454	.4207546	0
934.15	0	0	.5791016	.4208984	0
933.15	0	0	.578958	.4210421	0
932.15	0	0	.5788145	.4211855	0
931.15	0	0	.5786712	.4213288	0
930.15	0	0	.5785281	.4214719	0
929.15	0	0	.5783852	.4216148	0
928.15	0	0	.5782425	.4217575	0
927.15	0	0	.5780999	.4219001	0
926.15	0	0	.5779576	.4220425	0
925.15	0	0	.5778154	.4221846	0
924.15	0	0	.5776733	.4223267	0
923.15	0	0	.5775315	.4224685	0
922.15	0	0	.5773898	.4226102	0
921.15	0	0	.5772484	.4227516	0
920.15	0	0	.5771071	.4228929	0
919.15	0	0	.5769659	.4230341	0
918.15	0	0	.576825	.423175	0
917.15	0	0	.5766842	.4233158	0
916.15	0	0	.5765436	.4234564	0
915.15	0	0	.5764032	.4235968	0
914.15	0	0	.576263	.423737	0
913.15	0	0	.576123	.423877	0
912.15	0	0	.5759831	.4240169	0
911.15	0	0	.5758434	.4241566	0
910.15	0	0	.5757039	.4242961	0
909.15	0	0	.5755645	.4244355	0
908.15	0	0	.5754254	.4245746	0
907.15	0	0	.5752864	.4247136	0
906.15	0	0	.5751476	.4248524	0
905.15	0	0	.5750089	.4249911	0
904.15	0	0	.5748705	.4251295	0
903.7117	0	0	.5748098	.4251902	0
903.7117	0	0	.5748098	.4251902	0
903.7117	0	0	.5748098	.4251902	0
903.15	0	.001690864	.5731096	.4251996	0
902.15	0	.004698966	.5700862	.4252149	0
901.15	0	.007703243	.5670685	.4252283	0
900.15	0	.01070286	.5640573	.4252398	0
899.15	0	.01369702	.5610535	.4252495	0
898.15	0	.01668495	.5580576	.4252574	0
897.15	0	.01966592	.5550706	.4252635	0
896.15	0	.02263921	.552093	.4252678	0
895.15	0	.02560414	.5491256	.4252703	0
894.15	0	.02856005	.5461689	.425271	0
893.15	0	.03150633	.5432236	.4252701	0
892.15	0	.03444235	.5402903	.4252674	0
891.15	0	.03736755	.5373695	.425263	0
890.15	0	.04028136	.5344618	.4252569	0
889.15	0	.04318325	.5315677	.4252491	0
888.15	0	.0460727	.5286876	.4252397	0
887.15	0	.04894921	.5258221	.4252286	0
886.15	0	.05181232	.5229717	.425216	0
885.15	0	.05466156	.5201367	.4252017	0
884.15	0	.0574965	.5173176	.4251859	0
883.15	0	.06031671	.5145148	.4251685	0
882.15	0	.0631218	.5117286	.4251496	0
881.15	0	.06591138	.5089595	.4251291	0
880.15	0	.06868509	.5062078	.4251071	0
879.15	0	.07144256	.5034737	.4250837	0
878.15	0	.07418346	.5007578	.4250588	0
877.15	0	.07690748	.4980601	.4250324	0
876.15	0	.0796143	.495381	.4250047	0
875.15	0	.08230364	.4927209	.4249755	0
874.15	0	.08497521	.4900799	.4249449	0
873.15	0	.08762876	.4874582	.424913	0
872.15	0	.09026404	.4848562	.4248798	0
871.15	0	.09288081	.482274	.4248452	0
870.15	0	.09547885	.4797119	.4248093	0
869.15	0	.09805795	.4771699	.4247721	0
868.15	0	.1006179	.4746484	.4247337	0
867.15	0	.1031586	.4721473	.4246941	0
866.15	0	.1056798	.469667	.4246532	0
865.15	0	.1081813	.4672075	.4246112	0
864.15	0	.110663	.464769	.424568	0
863.15	0	.1131249	.4623515	.4245236	0
862.15	0	.1155667	.4599552	.4244781	0
861.15	0	.1179883	.4575802	.4244315	0
860.15	0	.1203897	.4552264	.4243839	0
859.15	0	.1227708	.4528941	.4243352	0
858.15	0	.1251314	.4505832	.4242854	0
857.15	0	.1274716	.4482937	.4242347	0
856.15	0	.1297912	.4460258	.4241829	0
855.15	0	.1320903	.4437795	.4241302	0
854.15	0	.1343688	.4415546	.4240766	0
853.15	0	.1366267	.4393514	.424022	0
852.15	0	.1388639	.4371696	.4239665	0
851.15	0	.1410804	.4350094	.4239101	0
850.15	0	.1432764	.4328707	.4238529	0
849.15	0	.1454517	.4307535	.4237948	0
848.15	0	.1476064	.4286576	.423736	0
847.15	0	.1497405	.4265832	.4236763	0
846.15	0	.1518542	.42453	.4236159	0
845.15	0	.1539473	.4224981	.4235547	0
844.15	0	.15602	.4204873	.4234927	0
843.15	0	.1580724	.4184976	.4234301	0
842.15	0	.1601044	.4165288	.4233667	0
841.15	0	.1621163	.414581	.4233027	0
840.15	0	.164108	.4126539	.423238	0
839.15	0	.1660797	.4107475	.4231727	0
838.15	0	.1680315	.4088617	.4231068	0
837.15	0	.1699635	.4069962	.4230403	0
836.15	0	.1718757	.4051511	.4229732	0
835.15	0	.1737684	.4033261	.4229055	0
834.15	0	.1756415	.4015212	.4228373	0
833.15	0	.1774953	.3997361	.4227685	0
832.15	0	.1793299	.3979708	.4226992	0
831.15	0	.1811454	.3962251	.4226295	0
830.15	0	.182942	.3944988	.4225592	0
829.15	0	.1847197	.3927918	.4224885	0
828.15	0	.1864788	.3911038	.4224173	0
827.15	0	.1882194	.3894349	.4223457	0
826.15	0	.1899417	.3877847	.4222737	0
825.15	0	.1916457	.3861531	.4222013	0
824.15	0	.1933317	.3845399	.4221284	0
823.15	0	.1949998	.382945	.4220552	0
822.15	0	.1966502	.3813682	.4219816	0
821.15	0	.1982831	.3798093	.4219076	0
820.15	0	.1998986	.3782681	.4218333	0
819.15	0	.2014969	.3767444	.4217587	0
818.15	0	.2030781	.3752381	.4216838	0
817.15	0	.2046425	.373749	.4216085	0
816.15	0	.2061901	.3722769	.421533	0
815.15	0	.2077213	.3708216	.4214571	0
814.15	0	.2092361	.3693829	.421381	0
813.15	0	.2107348	.3679606	.4213046	0
812.15	0	.2122174	.3665546	.421228	0
811.15	0	.2136842	.3651647	.4211511	0
810.15	0	.2151354	.3637906	.4210739	0
809.15	0	.2165711	.3624323	.4209966	0
808.15	0	.2179916	.3610894	.420919	0
807.15	0	.2193969	.3597619	.4208412	0
806.15	0	.2207872	.3584496	.4207632	0
805.15	0	.2221628	.3571522	.420685	0
804.15	0	.2235238	.3558695	.4206067	0
803.15	0	.2248703	.3546015	.4205281	0
802.15	0	.2262027	.353348	.4204494	0
801.15	0	.2275209	.3521086	.4203705	0
800.15	0	.2288252	.3508834	.4202915	0
799.15	0	.2301157	.349672	.4202123	0
798.15	0	.2313927	.3484744	.4201329	0
797.15	0	.2326563	.3472903	.4200535	0
796.15	0	.2339066	.3461196	.4199739	0
795.15	0	.2351438	.3449621	.4198941	0
794.15	0	.2363681	.3438177	.4198143	0
793.15	0	.2375796	.3426861	.4197343	0
792.15	0	.2387785	.3415672	.4196543	0
791.15	0	.2399649	.340461	.4195741	0
790.15	0	.2411391	.3393671	.4194939	0
789.15	0	.2423011	.3382854	.4194135	0
788.15	0	.2434511	.3372158	.4193331	0
787.15	0	.2445892	.3361582	.4192526	0
786.15	0	.2457157	.3351123	.4191721	0
785.15	0	.2468306	.334078	.4190914	0
784.15	0	.2479341	.3330552	.4190107	0
783.15	0	.2490263	.3320438	.41893	0
782.15	0	.2501074	.3310435	.4188492	0
781.15	0	.2511775	.3300542	.4187683	0
780.15	0	.2522367	.3290759	.4186874	0
779.15	0	.2532852	.3281083	.4186065	0
778.4401	0	.2540232	.3274278	.418549	0
778.4401	0	.2540232	.3274278	.418549	0
778.4401	0	.2540232	.3274278	.418549	0
778.15	0	.2550379	.3261776	.4182079	5.766072E-04
777.15	0	.2584897	.3219191	.4170425	.002548723
776.15	0	.2618716	.3177384	.4158927	.00449736
775.15	0	.2651852	.3136335	.4147583	.00642293
774.15	0	.2684322	.3096029	.4136391	.008325836
773.15	0	.2716139	.305645	.4125347	.01020647
772.15	0	.2747319	.301758	.4114449	.0120652
771.15	0	.2777875	.2979406	.4103694	.01390241
770.15	0	.2807823	.2941912	.4093081	.01571846
769.15	0	.2837174	.2905083	.4082606	.0175137
768.15	0	.2865942	.2868906	.4072267	.01928847
767.15	0	.289414	.2833366	.4062062	.0210431
766.15	0	.2921781	.2798451	.4051989	.02277793
765.15	0	.2948875	.2764146	.4042045	.02449328
764.15	0	.2975436	.273044	.4032229	.02618945
763.15	0	.3001475	.2697321	.4022537	.02786675
762.15	0	.3027002	.2664774	.4012969	.02952549
761.15	0	.3052028	.2632791	.4003522	.03116595
760.15	0	.3076565	.2601357	.3994193	.03278842
759.15	0	.3100623	.2570463	.3984982	.03439318
758.15	0	.3124212	.2540097	.3975886	.0359805
757.15	0	.3147341	.251025	.3966903	.03755066
756.15	0	.317002	.2480909	.3958032	.03910391
755.15	0	.319226	.2452065	.394927	.04064052
754.15	0	.3214068	.2423709	.3940616	.04216074
753.15	0	.3235455	.239583	.3932068	.04366481
752.15	0	.3256428	.2368418	.3923624	.04515299
751.15	0	.3276997	.2341465	.3915283	.0466255
750.15	0	.3297169	.2314962	.3907043	.0480826
749.15	0	.3316954	.2288899	.3898902	.04952449
748.15	0	.3336359	.2263267	.389086	.05095142
747.15	0	.3355393	.2238059	.3882913	.05236361
746.15	0	.3374062	.2213265	.3875061	.05376127
745.15	0	.3392374	.2188878	.3867301	.05514463
744.15	0	.3410337	.216489	.3859634	.05651388
743.15	0	.3427959	.2141293	.3852056	.05786925
742.15	0	.3445245	.2118078	.3844568	.05921093
741.15	0	.3462203	.209524	.3837166	.06053912
740.15	0	.3478841	.2072769	.382985	.06185403
739.15	0	.3495164	.205066	.3822618	.06315586
738.15	0	.3511178	.2028904	.381547	.06444478
737.15	0	.3526892	.2007496	.3808403	.06572099
736.15	0	.3542309	.1986428	.3801416	.06698468
735.15	0	.3557438	.1965694	.3794508	.06823603
734.15	0	.3572283	.1945286	.3787678	.06947522
733.15	0	.3586851	.19252	.3780925	.07070242
732.15	0	.3601148	.1905428	.3774246	.07191781
731.15	0	.3615178	.1885965	.3767642	.07312157
730.15	0	.3628948	.1866804	.376111	.07431386
729.15	0	.3642462	.184794	.375465	.07549484
728.15	0	.3655727	.1829366	.374826	.07666469
727.15	0	.3668747	.1811078	.3741939	.07782356
726.15	0	.3681528	.179307	.3735687	.07897161
725.15	0	.3694073	.1775336	.3729501	.080109
724.15	0	.3706389	.1757871	.3723381	.08123589
723.15	0	.371848	.174067	.3717326	.08235242
722.15	0	.3730351	.1723727	.3711335	.08345874
721.15	0	.3742006	.1707038	.3705406	.08455501
720.15	0	.3753449	.1690599	.3699539	.08564136
719.15	0	.3764685	.1674403	.3693732	.08671794
718.15	0	.3775719	.1658447	.3687986	.08778489
717.15	0	.3786553	.1642726	.3682297	.08884235
716.15	0	.3797194	.1627235	.3676667	.08989046
715.15	0	.3807644	.161197	.3671093	.09092934
714.15	0	.3817907	.1596927	.3665575	.09195913
713.15	0	.3827988	.1582101	.3660112	.09297996
712.15	0	.3837889	.1567488	.3654703	.09399197
711.15	0	.3847616	.1553085	.3649347	.09499526
710.15	0	.385717	.1538887	.3644043	.09598998
709.15	0	.3866557	.1524891	.363879	.09697623
708.15	0	.3875779	.1511092	.3633588	.09795415
707.15	0	.3884839	.1497487	.3628436	.09892385
706.15	0	.3893741	.1484072	.3623332	.09988544
705.15	0	.3902489	.1470844	.3618277	.100839
704.15	0	.3911084	.1457799	.3613269	.1017848
703.15	0	.3919531	.1444934	.3608307	.1027227
702.15	0	.3927833	.1432245	.3603391	.103653
701.15	0	.3935992	.141973	.3598521	.1045758
700.15	0	.3944011	.1407384	.3593694	.1054911
699.15	0	.3951893	.1395205	.3588912	.1063991
698.15	0	.3959641	.1383189	.3584172	.1072999
697.15	0	.3967257	.1371334	.3579474	.1081935
696.15	0	.3974745	.1359637	.3574818	.1090801
695.15	0	.3982106	.1348094	.3570202	.1099597
694.15	0	.3989344	.1336704	.3565627	.1108325
693.15	0	.3996461	.1325462	.3561091	.1116986
692.15	0	.4003459	.1314367	.3556595	.112558
691.15	0	.401034	.1303415	.3552137	.1134109
690.15	0	.4017107	.1292604	.3547716	.1142573
689.15	0	.4023763	.1281932	.3543332	.1150973
688.15	0	.4030309	.1271396	.3538985	.115931
687.15	0	.4036747	.1260994	.3534674	.1167585
686.15	0	.404308	.1250722	.3530399	.1175799
685.15	0	.404931	.124058	.3526158	.1183953
684.15	0	.4055439	.1230563	.3521951	.1192047
683.15	0	.4061468	.1220671	.3517778	.1200082
682.15	0	.4067401	.1210901	.3513639	.120806
681.15	0	.4073238	.120125	.3509532	.121598
680.15	0	.4078981	.1191718	.3505457	.1223845
679.15	0	.4084633	.11823	.3501414	.1231653
678.15	0	.4090195	.1172996	.3497402	.1239407
677.15	0	.4095669	.1163804	.3493421	.1247106
676.15	0	.4101056	.1154721	.348947	.1254753
675.15	0	.4106359	.1145746	.3485549	.1262346
674.15	0	.4111579	.1136876	.3481658	.1269888
673.15	0	.4116717	.112811	.3477795	.1277378
672.15	0	.4121775	.1119446	.3473961	.1284818
671.15	0	.4126755	.1110883	.3470154	.1292208
670.15	0	.4131658	.1102417	.3466376	.1299549
669.15	0	.4136485	.1094049	.3462624	.1306841
668.15	0	.4141239	.1085776	.34589	.1314086
667.15	0	.414592	.1077596	.3455202	.1321283
666.15	0	.415053	.1069508	.3451529	.1328433
665.15	0	.415507	.106151	.3447883	.1335537
664.15	0	.4159542	.1053601	.3444261	.1342596
663.15	0	.4163946	.1045779	.3440665	.134961
662.15	0	.4168297	.103803	.3437087	.1356585
661.15	0	.4172569	.103038	.343354	.1363511
660.15	0	.4176778	.1022812	.3430017	.1370393
659.15	0	.4180925	.1015325	.3426517	.1377233
658.15	0	.4185011	.1007918	.342304	.1384031
657.15	0	.4189037	.100059	.3419586	.1390787
656.15	0	.4193005	.09933387	.3416154	.1397503
655.15	0	.4196915	.09861633	.3412744	.1404178
654.15	0	.4200768	.09790626	.3409356	.1410814
653.15	0	.4204566	.09720353	.3405989	.141741
652.15	0	.4208309	.09650801	.3402644	.1423967
651.15	0	.4211999	.09581958	.3399319	.1430486
650.15	0	.4215636	.09513814	.3396015	.1436968
649.15	0	.4219221	.09446356	.3392732	.1443411
648.15	0	.4222756	.09379572	.3389468	.1449818
647.15	0	.4226242	.09313453	.3386224	.1456189
646.15	0	.4229678	.09247986	.3383	.1462523
645.15	0	.4233067	.09183162	.3379794	.1468822
644.15	0	.4236409	.09118969	.3376608	.1475086
643.15	0	.4239704	.09055397	.337344	.1481316
642.15	0	.4242955	.08992437	.3370291	.1487511
641.15	0	.424616	.08930077	.336716	.1493672
640.15	0	.4249322	.08868309	.3364047	.14998
639.15	0	.4252441	.08807123	.3360951	.1505895
638.15	0	.4255519	.08746508	.3357873	.1511958
637.15	0	.4258554	.08686457	.3354812	.1517988
636.15	0	.4261549	.0862696	.3351768	.1523987
635.15	0	.4264504	.08568007	.3348741	.1529954
634.15	0	.426742	.0850959	.334573	.1535891
633.15	0	.4270298	.08451701	.3342736	.1541797
632.15	0	.4273137	.08394331	.3339757	.1547672
631.15	0	.427594	.08337472	.3336795	.1553518
630.15	0	.4278706	.08281114	.3333848	.1559335
629.15	0	.4281436	.08225252	.3330917	.1565122
628.15	0	.4284131	.08169876	.3328001	.1570881
627.15	0	.4286792	.08114978	.33251	.1576611
626.15	0	.4289418	.08060552	.3322214	.1582313
625.15	0	.4292012	.0800659	.3319342	.1587987
624.15	0	.4294572	.07953083	.3316485	.1593634
623.15	0	.4297101	.07900026	.3313643	.1599254
622.15	0	.4299598	.07847411	.3310814	.1604847
621.15	0	.4302063	.07795231	.3308	.1610414
620.15	0	.4304499	.07743479	.3305199	.1615955
619.15	0	.4306904	.07692148	.3302412	.162147
618.15	0	.430928	.07641232	.3299638	.1626959
617.15	0	.4311627	.07590724	.3296878	.1632423
616.15	0	.4313946	.07540619	.329413	.1637863
615.15	0	.4316236	.07490909	.3291396	.1643277
614.15	0	.4318499	.07441588	.3288674	.1648668
613.15	0	.4320736	.07392651	.3285965	.1654034
612.15	0	.4322946	.07344091	.3283268	.1659377
611.15	0	.432513	.07295902	.3280584	.1664696
610.15	0	.4327288	.0724808	.3277912	.1669992
609.15	0	.4329421	.07200617	.3275252	.1675266
608.15	0	.4331529	.07153509	.3272604	.1680516
607.15	0	.4333614	.0710675	.3269967	.1685744
606.15	0	.4335674	.07060335	.3267342	.169095
605.15	0	.4337711	.07014258	.3264729	.1696134
604.15	0	.4339725	.06968514	.3262127	.1701297
603.15	0	.4341716	.06923099	.3259536	.1706438
602.15	0	.4343685	.06878006	.3256956	.1711558
601.15	0	.4345633	.06833232	.3254387	.1716658
600.15	0	.4347558	.0678877	.3251829	.1721736
599.15	0	.4349463	.06744617	.3249281	.1726794
598.15	0	.4351347	.06700768	.3246744	.1731832
597.15	0	.435321	.06657218	.3244218	.173685
596.15	0	.4355054	.06613963	.3241702	.1741848
595.15	0	.4356877	.06570997	.3239196	.1746827
594.15	0	.4358682	.06528317	.32367	.1751787
593.15	0	.4360467	.06485919	.3234214	.1756727
592.15	0	.4362234	.06443797	.3231738	.1761649
591.15	0	.4363982	.06401949	.3229272	.1766551
590.15	0	.4365712	.06360369	.3226815	.1771436
589.15	0	.4367425	.06319054	.3224368	.1776302
588.15	0	.4369119	.06278	.3221931	.178115
587.15	0	.4370797	.06237202	.3219502	.1785981
586.15	0	.4372458	.06196657	.3217083	.1790793
585.15	0	.4374102	.06156362	.3214673	.1795588
584.15	0	.437573	.06116311	.3212272	.1800366
583.15	0	.4377342	.06076502	.320988	.1805127
582.15	0	.4378938	.06036932	.3207497	.1809871
581.15	0	.4380519	.05997596	.3205123	.1814599
580.15	0	.4382084	.0595849	.3202757	.1819309
579.15	0	.4383635	.05919612	.32004	.1824004
578.15	0	.438517	.05880959	.3198052	.1828682
577.15	0	.4386692	.05842526	.3195711	.1833344
576.15	0	.4388199	.0580431	.3193379	.1837991
575.15	0	.4389692	.05766309	.3191056	.1842622
574.15	0	.4391171	.05728518	.318874	.1847237
573.15	0	.4392637	.05690936	.3186433	.1851837
572.15	0	.4394089	.05653557	.3184133	.1856422
571.15	0	.4395528	.05616381	.3181842	.1860992
570.15	0	.4396955	.05579404	.3179558	.1865547
569.15	0	.4398369	.05542622	.3177282	.1870087
568.15	0	.439977	.05506032	.3175014	.1874613
567.15	0	.4401159	.05469633	.3172753	.1879125
566.15	0	.4402537	.05433421	.3170499	.1883622
565.15	0	.4403902	.05397393	.3168254	.1888105
564.15	0	.4405256	.05361546	.3166015	.1892574
563.15	0	.4406598	.05325879	.3163784	.189703
562.15	0	.4407929	.05290387	.316156	.1901472
561.15	0	.440925	.05255069	.3159344	.19059
560.15	0	.4410559	.05219922	.3157134	.1910315
559.15	0	.4411858	.05184943	.3154931	.1914717
558.15	0	.4413146	.05150131	.3152736	.1919106
557.15	0	.4414424	.05115481	.3150547	.1923481
556.15	0	.4415691	.05080993	.3148365	.1927844
555.15	0	.4416949	.05046663	.314619	.1932194
554.15	0	.4418197	.05012489	.3144022	.1936532
553.15	0	.4419436	.04978469	.314186	.1940857
552.15	0	.4420665	.04944601	.3139705	.194517
551.15	0	.4421884	.04910881	.3137556	.1949471
550.15	0	.4423095	.04877309	.3135414	.195376
549.15	0	.4424297	.04843882	.3133279	.1958037
548.15	0	.4425489	.04810597	.3131149	.1962302
547.15	0	.4426673	.04777453	.3129026	.1966555
546.15	0	.4427849	.04744447	.312691	.1970797
545.15	0	.4429016	.04711578	.3124799	.1975027
544.15	0	.4430175	.04678843	.3122695	.1979246
543.15	0	.4431326	.04646239	.3120597	.1983454
542.15	0	.4432469	.04613767	.3118504	.198765
541.15	0	.4433604	.04581422	.3116418	.1991836
540.15	0	.4434731	.04549204	.3114338	.1996011
539.15	0	.4435851	.0451711	.3112264	.2000175
538.15	0	.4436963	.04485138	.3110195	.2004328
537.15	0	.4438069	.04453288	.3108132	.2008471
536.15	0	.4439166	.04421556	.3106075	.2012603
535.15	0	.4440257	.04389941	.3104024	.2016725
534.15	0	.4441341	.04358441	.3101978	.2020836
533.15	0	.4442419	.04327054	.3099939	.2024938
532.15	0	.4443489	.0429578	.3097904	.2029029
531.15	0	.4444553	.04264615	.3095875	.203311
530.15	0	.4445611	.04233558	.3093852	.2037182
529.15	0	.4446662	.04202608	.3091834	.2041243
528.15	0	.4447707	.04171763	.3089821	.2045295
527.15	0	.4448746	.04141021	.3087814	.2049338
526.15	0	.4449779	.04110381	.3085812	.2053371
525.15	0	.4450806	.04079841	.3083816	.2057395
524.15	0	.4451827	.040494	.3081824	.2061409
523.15	0	.4452843	.04019056	.3079838	.2065414
522.15	0	.4453853	.03988807	.3077857	.206941
521.15	0	.4454857	.03958652	.3075881	.2073397
520.15	0	.4455856	.03928589	.307391	.2077374
519.15	0	.445685	.03898618	.3071945	.2081344
518.15	0	.4457839	.03868736	.3069984	.2085304
517.15	0	.4458822	.03838942	.3068028	.2089255
516.15	0	.4459801	.03809235	.3066077	.2093198
515.15	0	.4460775	.03779613	.3064131	.2097133
514.15	0	.4461744	.03750075	.306219	.2101059
513.15	0	.4462708	.0372062	.3060254	.2104976
512.15	0	.4463667	.03691246	.3058322	.2108886
511.15	0	.4464623	.03661952	.3056396	.2112787
510.15	0	.4465573	.03632736	.3054474	.211668
509.15	0	.4466519	.03603598	.3052556	.2120565
508.15	0	.4467461	.03574536	.3050644	.2124442
507.15	0	.4468399	.03545548	.3048736	.2128311
506.15	0	.4469332	.03516634	.3046833	.2132172
505.15	0	.4470262	.03487793	.3044934	.2136025
504.15	0	.4471188	.03459022	.3043039	.2139871
503.15	0	.4472109	.03430322	.304115	.2143709
502.15	0	.4473027	.0340169	.3039264	.214754
501.15	0	.4473941	.03373125	.3037384	.2151363
500.15	0	.4474852	.03344627	.3035507	.2155178
499.15	0	.4475759	.03316195	.3033635	.2158987
498.15	0	.4476662	.03287826	.3031768	.2162788
497.15	0	.4477562	.0325952	.3029904	.2166582
496.15	0	.4478459	.03231277	.3028045	.2170369
495.15	0	.4479352	.03203094	.3026191	.2174148
494.15	0	.4480242	.0317497	.302434	.2177921
493.15	0	.4481129	.03146906	.3022494	.2181687
492.15	0	.4482012	.03118899	.3020652	.2185446
491.15	0	.4482893	.03090948	.3018814	.2189198
490.15	0	.4483771	.03063055	.301698	.2192943
489.15	0	.4484646	.03035214	.3015151	.2196682
488.15	0	.4485518	.03007428	.3013325	.2200414
487.15	0	.4486387	.02979693	.3011504	.220414
486.15	0	.4487253	.02952011	.3009687	.2207859
485.15	0	.4488117	.02924379	.3007873	.2211571
484.15	0	.4488979	.02896796	.3006064	.2215278
483.15	0	.4489837	.02869263	.3004259	.2218978
482.15	0	.4490694	.02841777	.3002458	.2222671
481.15	0	.4491547	.02814338	.300066	.2226359
480.15	0	.4492399	.02786945	.2998867	.223004
479.15	0	.4493248	.02759597	.2997077	.2233715
478.15	0	.4494095	.02732293	.2995291	.2237385
477.15	0	.4494939	.02705032	.299351	.2241048
476.15	0	.4495782	.02677814	.2991732	.2244705
475.15	0	.4496622	.02650637	.2989957	.2248357
474.15	0	.449746	.02623501	.2988187	.2252003
473.15	0	.4498297	.02596405	.298642	.2255642
472.15	0	.4499131	.02569348	.2984657	.2259277
471.15	0	.4499964	.02542329	.2982898	.2262905
470.15	0	.4500794	.02515347	.2981143	.2266528
469.15	0	.4501623	.02488403	.2979391	.2270146
468.15	0	.450245	.02461493	.2977643	.2273758
467.15	0	.4503276	.02434619	.2975898	.2277364
466.15	0	.4504099	.02407779	.2974157	.2280965
465.15	0	.4504922	.02380973	.297242	.2284561
464.15	0	.4505742	.02354199	.2970687	.2288152
463.15	0	.4506561	.02327457	.2968957	.2291737
462.15	0	.4507379	.02300747	.296723	.2295317
461.15	0	.4508195	.02274067	.2965507	.2298892
460.15	0	.450901	.02247416	.2963788	.2302461
459.15	0	.4509823	.02220795	.2962072	.2306026
458.15	0	.4510635	.02194202	.2960359	.2309586
457.15	0	.4511446	.02167637	.295865	.231314
456.15	0	.4512255	.02141099	.2956945	.231669
455.15	0	.4513064	.02114586	.2955242	.2320235
454.15	0	.4513871	.020881	.2953544	.2323775
453.15	0	.4514677	.02061638	.2951848	.232731
452.15	0	.4515482	.02035201	.2950157	.2330841
451.15	0	.4516286	.02008787	.2948468	.2334367
450.15	0	.4517089	.01982397	.2946783	.2337888
449.15	0	.4517892	.01956024	.2945101	.2341405
448.15	0	.4518693	.01929671	.2943423	.2344917
447.15	0	.4519494	.01903339	.2941748	.2348424
