T	 BPW(LIQUID)	BPW(BCC_A2)	BPW(FCC_A1)	BPW(LAVES_PHASE_C14)	BPW(NI3TI)
1473.15	.31009	.5864801	0	.1034299	0
1472.15	.3036001	.5908066	0	.1055933	0
1471.15	.2972362	.5950437	0	.1077201	0
1470.15	.2909949	.5991937	0	.1098113	0
1469.15	.2848728	.6032591	0	.111868	0
1468.15	.2788666	.6072422	0	.1138912	0
1467.15	.2729732	.611145	0	.1158818	0
1466.15	.2671894	.6149699	0	.1178407	0
1465.15	.2615124	.6187187	0	.1197688	0
1464.15	.2559394	.6223937	0	.121667	0
1463.15	.2504674	.6259966	0	.123536	0
1462.15	.245094	.6295293	0	.1253767	0
1461.15	.2398166	.6329936	0	.1271898	0
1460.15	.2346326	.6363914	0	.128976	0
1459.15	.2295396	.6397242	0	.1307362	0
1458.15	.2245354	.6429937	0	.1324709	0
1457.15	.2196177	.6462015	0	.1341808	0
1456.15	.2147843	.6493491	0	.1358666	0
1455.15	.2100331	.652438	0	.137529	0
1454.15	.2053621	.6554696	0	.1391684	0
1453.15	.2007693	.6584453	0	.1407855	0
1452.15	.1962527	.6613665	0	.1423808	0
1451.15	.1918106	.6642344	0	.1439549	0
1450.15	.1874412	.6670504	0	.1455084	0
1449.15	.1831426	.6698157	0	.1470417	0
1448.15	.1789133	.6725314	0	.1485554	0
1447.15	.1747515	.6751987	0	.1500498	0
1446.15	.1706557	.6778188	0	.1515255	0
1445.15	.1666243	.6803927	0	.152983	0
1444.15	.1626559	.6829214	0	.1544226	0
1443.15	.1587491	.6854061	0	.1558449	0
1442.15	.1549023	.6878476	0	.1572501	0
1441.15	.1511142	.690247	0	.1586387	0
1440.15	.1473836	.6926053	0	.1600112	0
1439.15	.143709	.6949232	0	.1613678	0
1438.15	.1400893	.6972018	0	.1627089	0
1437.15	.1365233	.6994418	0	.1640349	0
1436.15	.1330097	.7016441	0	.1653462	0
1435.15	.1295474	.7038096	0	.166643	0
1434.15	.1261354	.705939	0	.1679257	0
1433.15	.1227724	.708033	0	.1691946	0
1432.15	.1194575	.7100925	0	.17045	0
1431.15	.1161896	.7121182	0	.1716922	0
1430.15	.1129677	.7141107	0	.1729216	0
1429.15	.1097909	.7160708	0	.1741383	0
1428.15	.1066582	.7179992	0	.1753426	0
1427.15	.1035687	.7198964	0	.1765349	0
1426.15	.1005215	.7217632	0	.1777153	0
1425.15	.09751572	.7236001	0	.1788842	0
1424.15	.09455049	.7254078	0	.1800417	0
1423.15	.09162499	.7271869	0	.1811881	0
1422.15	.08873844	.7289379	0	.1823237	0
1421.15	.08589003	.7306613	0	.1834486	0
1420.15	.08307901	.7323579	0	.1845631	0
1419.15	.08030462	.7340279	0	.1856675	0
1418.15	.07756615	.7356721	0	.1867618	0
1417.15	.07486288	.7372908	0	.1878463	0
1416.15	.07219412	.7388847	0	.1889212	0
1415.15	.06955921	.7404541	0	.1899867	0
1414.15	.06695747	.7419995	0	.191043	0
1413.15	.06438828	.7435214	0	.1920903	0
1412.15	.06185101	.7450203	0	.1931287	0
1411.15	.05934504	.7464965	0	.1941584	0
1410.15	.05686979	.7479506	0	.1951796	0
1409.15	.05442467	.7493829	0	.1961925	0
1408.15	.05200912	.7507938	0	.1971971	0
1407.15	.04962259	.7521837	0	.1981937	0
1406.15	.04726453	.753553	0	.1991825	0
1405.15	.04493442	.7549021	0	.2001635	0
1404.15	.04263175	.7562314	0	.2011369	0
1403.15	.04035601	.7575411	0	.2021028	0
1402.15	.03810671	.7588318	0	.2030615	0
1401.15	.03588337	.7601037	0	.204013	0
1400.15	.03368553	.7613571	0	.2049574	0
1399.15	.03151272	.7625924	0	.2058949	0
1398.15	.02936451	.7638099	0	.2068256	0
1397.15	.02724045	.7650099	0	.2077497	0
1396.15	.02514012	.7661927	0	.2086672	0
1395.15	.02306309	.7673586	0	.2095783	0
1394.15	.02100897	.768508	0	.210483	0
1393.15	.01897735	.7696411	0	.2113816	0
1392.15	.01696785	.7707581	0	.212274	0
1391.15	.01498007	.7718594	0	.2131605	0
1390.15	.01301366	.7729453	0	.2140411	0
1389.15	.01106823	.7740159	0	.2149159	0
1388.15	.009143449	.7750716	0	.215785	0
1387.15	.007238952	.7761126	0	.2166485	0
1386.15	.005354401	.7771391	0	.2175065	0
1385.15	.003489461	.7781514	0	.2183591	0
1384.15	.001643806	.7791498	0	.2192064	0
1383.251	0	.780036	0	.219964	0
1383.251	0	.780036	0	.219964	0
1383.15	0	.7799762	0	.2200238	0
1382.15	0	.7793826	0	.2206174	0
1381.15	0	.7787903	0	.2212097	0
1380.15	0	.7781994	0	.2218006	0
1379.15	0	.7776099	0	.2223901	0
1378.15	0	.7770217	0	.2229783	0
1377.15	0	.7764348	0	.2235652	0
1376.15	0	.7758493	0	.2241507	0
1375.15	0	.7752651	0	.2247349	0
1374.15	0	.7746822	0	.2253178	0
1373.15	0	.7741006	0	.2258994	0
1372.15	0	.7735204	0	.2264797	0
1371.15	0	.7729414	0	.2270586	0
1370.15	0	.7723638	0	.2276362	0
1369.15	0	.7717875	0	.2282125	0
1368.15	0	.7712124	0	.2287876	0
1367.15	0	.7706387	0	.2293613	0
1366.15	0	.7700662	0	.2299338	0
1365.15	0	.7694951	0	.2305049	0
1364.15	0	.7689252	0	.2310748	0
1363.15	0	.7683566	0	.2316434	0
1362.15	0	.7677893	0	.2322108	0
1361.15	0	.7672232	0	.2327768	0
1360.15	0	.7666584	0	.2333416	0
1359.15	0	.7660948	0	.2339052	0
1358.15	0	.7655326	0	.2344674	0
1357.15	0	.7649715	0	.2350285	0
1356.15	0	.7644117	0	.2355883	0
1355.15	0	.7638532	0	.2361468	0
1354.15	0	.7632959	0	.2367041	0
1353.15	0	.7627398	0	.2372602	0
1352.15	0	.762185	0	.237815	0
1351.15	0	.7616314	0	.2383686	0
1350.15	0	.761079	0	.238921	0
1349.15	0	.7605278	0	.2394722	0
1348.15	0	.7599779	0	.2400221	0
1347.15	0	.7594291	0	.2405709	0
1346.15	0	.7588816	0	.2411184	0
1345.15	0	.7583352	0	.2416648	0
1344.15	0	.7577901	0	.2422099	0
1343.15	0	.7572462	0	.2427538	0
1342.15	0	.7567034	0	.2432966	0
1341.15	0	.7561618	0	.2438382	0
1340.15	0	.7556215	0	.2443785	0
1339.15	0	.7550823	0	.2449177	0
1338.15	0	.7545442	0	.2454558	0
1337.15	0	.7540074	0	.2459926	0
1336.15	0	.7534717	0	.2465283	0
1335.15	0	.7529372	0	.2470628	0
1334.15	0	.7524038	0	.2475962	0
1333.15	0	.7518716	0	.2481284	0
1332.15	0	.7513406	0	.2486594	0
1331.15	0	.7508107	0	.2491893	0
1330.15	0	.750282	0	.249718	0
1329.15	0	.7497543	0	.2502457	0
1328.15	0	.7492279	0	.2507721	0
1327.15	0	.7487025	0	.2512975	0
1326.15	0	.7481783	0	.2518217	0
1325.15	0	.7476553	0	.2523447	0
1324.15	0	.7471333	0	.2528667	0
1323.15	0	.7466125	0	.2533875	0
1322.15	0	.7460928	0	.2539072	0
1321.15	0	.7455742	0	.2544258	0
1320.15	0	.7450567	0	.2549433	0
1319.15	0	.7445403	0	.2554597	0
1318.15	0	.7440251	0	.255975	0
1317.15	0	.7435109	0	.2564891	0
1316.15	0	.7429978	0	.2570022	0
1315.15	0	.7424858	0	.2575142	0
1314.15	0	.7419749	0	.2580251	0
1313.15	0	.7414651	0	.2585349	0
1312.15	0	.7409564	0	.2590436	0
1311.15	0	.7404487	0	.2595513	0
1310.15	0	.7399422	0	.2600578	0
1309.15	0	.7394367	0	.2605633	0
1308.15	0	.7389322	0	.2610678	0
1307.15	0	.7384289	0	.2615711	0
1306.15	0	.7379266	0	.2620734	0
1305.15	0	.7374253	0	.2625747	0
1304.15	0	.7369252	0	.2630749	0
1303.15	0	.736426	0	.263574	0
1302.15	0	.7359279	0	.2640721	0
1301.15	0	.7354309	0	.2645691	0
1300.15	0	.7349349	0	.2650651	0
1299.15	0	.73444	0	.26556	0
1298.15	0	.7339461	0	.266054	0
1297.15	0	.7334532	0	.2665468	0
1296.15	0	.7329613	0	.2670387	0
1295.15	0	.7324705	0	.2675295	0
1294.15	0	.7319807	0	.2680193	0
1293.15	0	.7314919	0	.2685081	0
1292.15	0	.7310042	0	.2689958	0
1291.15	0	.7305174	0	.2694826	0
1290.15	0	.7300317	0	.2699683	0
1289.15	0	.729547	0	.270453	0
1288.15	0	.7290633	0	.2709367	0
1287.15	0	.7285806	0	.2714195	0
1286.15	0	.7280988	0	.2719012	0
1285.15	0	.7276181	0	.2723819	0
1284.15	0	.7271384	0	.2728616	0
1283.15	0	.7266597	0	.2733403	0
1282.15	0	.7261819	0	.2738181	0
1281.15	0	.7257052	0	.2742948	0
1280.15	0	.7252294	0	.2747706	0
1279.15	0	.7247546	0	.2752454	0
1278.15	0	.7242808	0	.2757192	0
1277.15	0	.7238079	0	.2761921	0
1276.15	0	.7233361	0	.2766639	0
1275.15	0	.7228652	0	.2771348	0
1274.15	0	.7223952	0	.2776048	0
1273.15	0	.7219262	0	.2780738	0
1272.15	0	.7214582	0	.2785418	0
1271.15	0	.7209912	0	.2790088	0
1270.15	0	.7205251	0	.2794749	0
1269.15	0	.7200599	0	.2799401	0
1268.15	0	.7195957	0	.2804043	0
1267.15	0	.7191324	0	.2808676	0
1266.15	0	.7186701	0	.2813299	0
1265.15	0	.7182087	0	.2817913	0
1264.15	0	.7177483	0	.2822518	0
1263.15	0	.7172887	0	.2827113	0
1262.15	0	.7168302	0	.2831699	0
1261.15	0	.7163725	0	.2836275	0
1260.15	0	.7159158	0	.2840842	0
1259.15	0	.71546	0	.28454	0
1258.15	0	.7150051	0	.2849949	0
1257.15	0	.7145511	0	.2854489	0
1256.15	0	.7140981	0	.2859019	0
1255.15	0	.7136459	0	.2863541	0
1254.15	0	.7131947	0	.2868053	0
1253.15	0	.7127444	0	.2872556	0
1252.15	0	.712295	0	.287705	0
1251.15	0	.7118465	0	.2881536	0
1250.15	0	.7113988	0	.2886012	0
1249.15	0	.7109521	0	.2890479	0
1248.15	0	.7105063	0	.2894937	0
1247.15	0	.7100614	0	.2899386	0
1246.15	0	.7096173	0	.2903827	0
1245.15	0	.7091742	0	.2908258	0
1244.15	0	.7087319	0	.2912681	0
1243.15	0	.7082905	0	.2917095	0
1242.15	0	.70785	0	.29215	0
1241.15	0	.7074104	0	.2925896	0
1240.15	0	.7069716	0	.2930284	0
1239.15	0	.7065338	0	.2934662	0
1238.15	0	.7060968	0	.2939033	0
1237.15	0	.7056606	0	.2943394	0
1236.15	0	.7052253	0	.2947747	0
1235.15	0	.7047909	0	.2952091	0
1234.15	0	.7043573	0	.2956427	0
1233.15	0	.7039247	0	.2960753	0
1232.15	0	.7034928	0	.2965072	0
1231.15	0	.7030618	0	.2969382	0
1230.15	0	.7026317	0	.2973683	0
1229.15	0	.7022024	0	.2977976	0
1228.15	0	.701774	0	.298226	0
1227.15	0	.7013463	0	.2986537	0
1226.15	0	.7009196	0	.2990804	0
1225.15	0	.7004937	0	.2995063	0
1224.15	0	.7000686	0	.2999314	0
1223.15	0	.6996443	0	.3003557	0
1222.15	0	.6992209	0	.3007791	0
1221.15	0	.6987983	0	.3012017	0
1220.15	0	.6983766	0	.3016234	0
1219.15	0	.6979556	0	.3020444	0
1218.15	0	.6975355	0	.3024645	0
1217.15	0	.6971162	0	.3028838	0
1216.15	0	.6966978	0	.3033022	0
1215.15	0	.6962801	0	.3037199	0
1214.15	0	.6958633	0	.3041368	0
1213.15	0	.6954472	0	.3045528	0
1212.15	0	.695032	0	.304968	0
1211.15	0	.6946176	0	.3053824	0
1210.15	0	.694204	0	.305796	0
1209.15	0	.6937912	0	.3062088	0
1208.15	0	.6933792	0	.3066208	0
1207.15	0	.692968	0	.307032	0
1206.15	0	.6925576	0	.3074424	0
1205.15	0	.692148	0	.307852	0
1204.15	0	.6917392	0	.3082609	0
1203.15	0	.6913311	0	.3086689	0
1202.15	0	.6909239	0	.3090761	0
1201.15	0	.6905174	0	.3094826	0
1200.15	0	.6901118	0	.3098882	0
1199.15	0	.6897069	0	.3102931	0
1198.15	0	.6893028	0	.3106972	0
1197.15	0	.6888995	0	.3111006	0
1196.15	0	.6884969	0	.3115031	0
1195.15	0	.6880951	0	.3119049	0
1194.15	0	.6876941	0	.3123059	0
1193.15	0	.6872939	0	.3127061	0
1192.15	0	.6868944	0	.3131056	0
1191.15	0	.6864957	0	.3135043	0
1190.15	0	.6860978	0	.3139022	0
1189.15	0	.6857006	0	.3142994	0
1188.15	0	.6853042	0	.3146958	0
1187.15	0	.6849086	0	.3150914	0
1186.15	0	.6845137	0	.3154863	0
1185.15	0	.6841195	0	.3158805	0
1184.15	0	.6837261	0	.3162739	0
1183.15	0	.6833335	0	.3166665	0
1182.15	0	.6829416	0	.3170584	0
1181.15	0	.6825505	0	.3174495	0
1180.15	0	.6821601	0	.3178399	0
1179.15	0	.6817704	0	.3182296	0
1178.15	0	.6813815	0	.3186185	0
1177.15	0	.6809933	0	.3190067	0
1176.15	0	.6806059	0	.3193941	0
1175.15	0	.6802192	0	.3197808	0
1174.15	0	.6798332	0	.3201668	0
1173.15	0	.679448	0	.320552	0
1172.15	0	.6790635	0	.3209365	0
1171.15	0	.6786797	0	.3213203	0
1170.15	0	.6782967	0	.3217033	0
1169.15	0	.6779143	0	.3220857	0
1168.15	0	.6775328	0	.3224673	0
1167.15	0	.6771519	0	.3228481	0
1166.15	0	.6767717	0	.3232283	0
1165.15	0	.6763923	0	.3236077	0
1164.15	0	.6760135	0	.3239865	0
1163.15	0	.6756355	0	.3243645	0
1162.15	0	.6752582	0	.3247418	0
1161.15	0	.6748817	0	.3251184	0
1160.15	0	.6745058	0	.3254942	0
1159.15	0	.6741306	0	.3258694	0
1158.15	0	.6737561	0	.3262439	0
1157.15	0	.6733824	0	.3266176	0
1156.15	0	.6730093	0	.3269907	0
1155.15	0	.6726369	0	.3273631	0
1154.15	0	.6722653	0	.3277347	0
1153.15	0	.6718943	0	.3281057	0
1152.15	0	.671524	0	.328476	0
1151.15	0	.6711545	0	.3288456	0
1150.15	0	.6707856	0	.3292144	0
1149.15	0	.6704174	0	.3295826	0
1148.15	0	.6700499	0	.3299501	0
1147.15	0	.6696831	0	.330317	0
1146.15	0	.6693169	0	.3306831	0
1145.15	0	.6689515	0	.3310485	0
1144.15	0	.6685867	0	.3314133	0
1143.15	0	.6682226	0	.3317774	0
1142.15	0	.6678592	0	.3321408	0
1141.15	0	.6674965	0	.3325035	0
1140.15	0	.6671344	0	.3328656	0
1139.15	0	.666773	0	.333227	0
1138.15	0	.6664123	0	.3335877	0
1137.15	0	.6660523	0	.3339477	0
1136.15	0	.6656929	0	.3343071	0
1135.15	0	.6653342	0	.3346658	0
1134.15	0	.6649762	0	.3350238	0
1133.15	0	.6646188	0	.3353812	0
1132.15	0	.6642621	0	.3357379	0
1131.15	0	.6639061	0	.3360939	0
1130.15	0	.6635507	0	.3364493	0
1129.15	0	.663196	0	.336804	0
1128.15	0	.6628419	0	.3371581	0
1127.15	0	.6624885	0	.3375115	0
1126.15	0	.6621357	0	.3378643	0
1125.15	0	.6617836	0	.3382164	0
1124.15	0	.6614322	0	.3385678	0
1123.15	0	.6610814	0	.3389186	0
1122.15	0	.6607312	0	.3392688	0
1121.15	0	.6603817	0	.3396183	0
1120.15	0	.6600328	0	.3399672	0
1119.15	0	.6596846	0	.3403154	0
1118.15	0	.659337	0	.340663	0
1117.15	0	.6589901	0	.3410099	0
1116.15	0	.6586438	0	.3413562	0
1115.15	0	.6582982	0	.3417019	0
1114.15	0	.6579531	0	.3420469	0
1113.15	0	.6576087	0	.3423913	0
1112.15	0	.657265	0	.342735	0
1111.15	0	.6569219	0	.3430781	0
1110.15	0	.6565794	0	.3434206	0
1109.15	0	.6562375	0	.3437625	0
1108.15	0	.6558963	0	.3441037	0
1107.15	0	.6555557	0	.3444443	0
1106.15	0	.6552157	0	.3447843	0
1105.15	0	.6548763	0	.3451237	0
1104.15	0	.6545376	0	.3454624	0
1103.15	0	.6541995	0	.3458005	0
1102.15	0	.653862	0	.346138	0
1101.15	0	.6535252	0	.3464748	0
1100.15	0	.6531889	0	.3468111	0
1099.15	0	.6528533	0	.3471467	0
1098.15	0	.6525182	0	.3474818	0
1097.15	0	.6521838	0	.3478162	0
1096.15	0	.6518501	0	.34815	0
1095.15	0	.6515169	0	.3484831	0
1094.15	0	.6511843	0	.3488157	0
1093.15	0	.6508523	0	.3491477	0
1092.15	0	.650521	0	.349479	0
1091.15	0	.6501902	0	.3498098	0
1090.15	0	.6498601	0	.3501399	0
1089.15	0	.6495305	0	.3504695	0
1088.15	0	.6492016	0	.3507984	0
1087.15	0	.6488732	0	.3511268	0
1086.15	0	.6485455	0	.3514545	0
1085.15	0	.6482184	0	.3517817	0
1084.15	0	.6478918	0	.3521082	0
1083.15	0	.6475659	0	.3524341	0
1082.15	0	.6472405	0	.3527595	0
1081.15	0	.6469157	0	.3530843	0
1080.15	0	.6465916	0	.3534084	0
1079.15	0	.646268	0	.353732	0
1078.15	0	.645945	0	.354055	0
1077.15	0	.6456226	0	.3543774	0
1076.15	0	.6453008	0	.3546992	0
1075.15	0	.6449796	0	.3550204	0
1074.15	0	.6446589	0	.3553411	0
1073.15	0	.6443389	0	.3556611	0
1072.15	0	.6440194	0	.3559806	0
1071.15	0	.6437005	0	.3562995	0
1070.15	0	.6433822	0	.3566178	0
1069.15	0	.6430645	0	.3569355	0
1068.15	0	.6427473	0	.3572527	0
1067.15	0	.6424308	0	.3575693	0
1066.15	0	.6421148	0	.3578852	0
1065.15	0	.6417993	0	.3582007	0
1064.15	0	.6414845	0	.3585155	0
1063.15	0	.6411702	0	.3588298	0
1062.15	0	.6408565	0	.3591435	0
1061.15	0	.6405434	0	.3594566	0
1060.15	0	.6402308	0	.3597692	0
1059.15	0	.6399188	0	.3600812	0
1058.15	0	.6396074	0	.3603926	0
1057.15	0	.6392965	0	.3607035	0
1056.15	0	.6389862	0	.3610138	0
1055.15	0	.6386765	0	.3613235	0
1054.15	0	.6383673	0	.3616327	0
1053.15	0	.6380587	0	.3619413	0
1052.15	0	.6377507	0	.3622493	0
1051.15	0	.6374432	0	.3625568	0
1050.15	0	.6371363	0	.3628638	0
1049.15	0	.6368299	0	.3631701	0
1048.15	0	.6365241	0	.3634759	0
1047.15	0	.6362188	0	.3637812	0
1046.15	0	.6359141	0	.3640859	0
1045.15	0	.63561	0	.36439	0
1044.15	0	.6353064	0	.3646936	0
1043.15	0	.6350033	0	.3649967	0
1042.15	0	.6347008	0	.3652992	0
1041.15	0	.6343989	0	.3656011	0
1040.15	0	.6340975	0	.3659025	0
1039.15	0	.6337967	0	.3662033	0
1038.15	0	.6334964	0	.3665036	0
1037.15	0	.6331966	0	.3668034	0
1036.15	0	.6328974	0	.3671026	0
1035.15	0	.6325987	0	.3674013	0
1034.15	0	.6323006	0	.3676994	0
1033.15	0	.632003	0	.367997	0
1032.15	0	.631706	0	.368294	0
1031.15	0	.6314095	0	.3685905	0
1030.15	0	.6311136	0	.3688865	0
1029.15	0	.6308181	0	.3691819	0
1028.15	0	.6305232	0	.3694768	0
1027.15	0	.6302289	0	.3697711	0
1026.15	0	.6299351	0	.3700649	0
1025.15	0	.6296418	0	.3703582	0
1024.15	0	.6293491	0	.3706509	0
1023.15	0	.6290569	0	.3709431	0
1022.15	0	.6287652	0	.3712348	0
1021.15	0	.6284741	0	.3715259	0
1020.15	0	.6281835	0	.3718165	0
1019.15	0	.6278934	0	.3721066	0
1018.15	0	.6276038	0	.3723962	0
1017.15	0	.6273148	0	.3726852	0
1016.15	0	.6270263	0	.3729737	0
1015.15	0	.6267383	0	.3732617	0
1014.15	0	.6264509	0	.3735491	0
1013.15	0	.626164	0	.373836	0
1012.15	0	.6258776	0	.3741224	0
1011.15	0	.6255917	0	.3744083	0
1010.15	0	.6253063	0	.3746937	0
1009.15	0	.6250215	0	.3749785	0
1008.15	0	.6247372	0	.3752628	0
1007.15	0	.6244534	0	.3755466	0
1006.15	0	.6241701	0	.3758299	0
1005.15	0	.6238874	0	.3761126	0
1004.15	0	.6236051	0	.3763949	0
1003.15	0	.6233234	0	.3766766	0
1002.15	0	.6230422	0	.3769578	0
1001.15	0	.6227615	0	.3772385	0
1000.15	0	.6224813	0	.3775187	0
999.15	0	.6222017	0	.3777984	0
998.15	0	.6219225	0	.3780775	0
997.15	0	.6216439	0	.3783561	0
996.15	0	.6213657	0	.3786343	0
995.15	0	.6210881	0	.3789119	0
994.15	0	.620811	0	.379189	0
993.15	0	.6205344	0	.3794656	0
992.15	0	.6202583	0	.3797417	0
991.15	0	.6199827	0	.3800173	0
990.15	0	.6197076	0	.3802924	0
989.15	0	.6194331	0	.3805669	0
988.15	0	.619159	0	.380841	0
987.15	0	.6188854	0	.3811146	0
986.15	0	.6186124	0	.3813876	0
985.15	0	.6183398	0	.3816602	0
984.15	0	.6180678	0	.3819322	0
983.15	0	.6177962	0	.3822038	0
982.15	0	.6175252	0	.3824749	0
981.15	0	.6172546	0	.3827454	0
980.15	0	.6169845	0	.3830155	0
979.15	0	.616715	0	.383285	0
978.15	0	.6164459	0	.3835541	0
977.15	0	.6161774	0	.3838226	0
976.15	0	.6159093	0	.3840907	0
975.15	0	.6156417	0	.3843583	0
974.15	0	.6153747	0	.3846253	0
973.15	0	.6151081	0	.3848919	0
972.15	0	.614842	0	.385158	0
971.15	0	.6145764	0	.3854236	0
970.15	0	.6143114	0	.3856887	0
969.15	0	.6140467	0	.3859533	0
968.15	0	.6137826	0	.3862174	0
967.15	0	.613519	0	.386481	0
966.5177	0	.6133526	0	.3866474	0
966.5177	0	.6133526	0	.3866474	0
966.5177	0	.6133526	0	.3866474	0
966.15	0	.6130992	1.781042E-04	.3867227	0
965.15	0	.6124113	6.618977E-04	.3869268	0
964.15	0	.6117249	.001144779	.3871303	0
963.15	0	.61104	.001626753	.3873332	0
962.15	0	.6103567	.002107828	.3875355	0
961.15	0	.6096749	.002588009	.3877371	0
960.15	0	.6089947	.003067302	.387938	0
959.15	0	.608316	.003545715	.3881383	0
958.15	0	.6076388	.004023253	.388338	0
957.15	0	.6069631	.004499924	.388537	0
956.15	0	.6062889	.004975734	.3887354	0
955.15	0	.6056162	.00545069	.3889331	0
954.15	0	.604945	.005924798	.3891302	0
953.15	0	.6042753	.006398066	.3893266	0
952.15	0	.6036071	.006870501	.3895224	0
951.15	0	.6029403	.00734211	.3897176	0
950.15	0	.6022751	.0078129	.389912	0
949.15	0	.6016113	.008282879	.3901059	0
948.15	0	.6009489	.008752053	.390299	0
947.15	0	.600288	.00922043	.3904916	0
946.15	0	.5996286	.009688018	.3906834	0
945.15	0	.5989705	.01015483	.3908746	0
944.15	0	.598314	.01062086	.3910652	0
943.15	0	.5976588	.01108613	.3912551	0
942.15	0	.5970051	.01155063	.3914443	0
941.15	0	.5963527	.01201439	.3916329	0
940.15	0	.5957018	.01247741	.3918208	0
939.15	0	.5950523	.01293969	.392008	0
938.15	0	.5944042	.01340125	.3921946	0
937.15	0	.5937574	.0138621	.3923805	0
936.15	0	.5931121	.01432223	.3925657	0
935.15	0	.5924681	.01478166	.3927503	0
934.15	0	.5918254	.01524041	.3929342	0
933.15	0	.5911842	.01569847	.3931174	0
932.15	0	.5905442	.01615586	.3932999	0
931.15	0	.5899056	.01661258	.3934818	0
930.15	0	.5892684	.01706865	.393663	0
929.15	0	.5886324	.01752408	.3938435	0
928.15	0	.5879978	.01797887	.3940233	0
927.15	0	.5873645	.01843303	.3942024	0
926.15	0	.5867325	.01888658	.3943809	0
925.15	0	.5861018	.01933952	.3945587	0
924.15	0	.5854724	.01979186	.3947357	0
923.15	0	.5848443	.02024362	.3949121	0
922.15	0	.5842174	.0206948	.3950878	0
921.15	0	.5835918	.02114542	.3952628	0
920.15	0	.5829674	.02159548	.3954371	0
919.15	0	.5823443	.022045	.3956107	0
918.15	0	.5817224	.02249398	.3957836	0
917.15	0	.5811018	.02294244	.3959558	0
916.15	0	.5804823	.02339038	.3961273	0
915.15	0	.5798641	.02383783	.3962981	0
914.15	0	.5792471	.02428478	.3964682	0
913.15	0	.5786312	.02473126	.3966375	0
912.15	0	.5780166	.02517728	.3968062	0
911.15	0	.5774031	.02562283	.3969741	0
910.15	0	.5767908	.02606795	.3971413	0
909.15	0	.5761796	.02651263	.3973078	0
908.15	0	.5755696	.0269569	.3974735	0
907.15	0	.5749607	.02740076	.3976386	0
906.15	0	.5743529	.02784423	.3978029	0
905.15	0	.5737462	.02828732	.3979664	0
904.15	0	.5731407	.02873004	.3981293	0
903.15	0	.5725362	.02917241	.3982914	0
902.15	0	.5719328	.02961444	.3984527	0
901.15	0	.5713305	.03005614	.3986133	0
900.15	0	.5707293	.03049753	.3987732	0
899.15	0	.5701291	.03093861	.3989323	0
898.15	0	.56953	.03137941	.3990906	0
897.15	0	.5689318	.03181995	.3992482	0
896.15	0	.5683347	.03226022	.3994051	0
895.15	0	.5677386	.03270025	.3995611	0
894.15	0	.5671435	.03314006	.3997164	0
893.15	0	.5665494	.03357966	.399871	0
892.15	0	.5659562	.03401905	.4000247	0
891.15	0	.565364	.03445827	.4001777	0
890.15	0	.5647728	.03489733	.4003299	0
889.15	0	.5641824	.03533623	.4004813	0
888.15	0	.563593	.035775	.400632	0
887.15	0	.5630045	.03621366	.4007818	0
886.15	0	.5624169	.03665222	.4009308	0
885.15	0	.5618302	.03709069	.4010791	0
884.15	0	.5612444	.0375291	.4012265	0
883.15	0	.5606594	.03796747	.4013731	0
882.15	0	.5600753	.0384058	.401519	0
881.15	0	.5594919	.03884412	.401664	0
880.15	0	.5589094	.03928245	.4018081	0
879.15	0	.5583277	.0397208	.4019515	0
878.15	0	.5577468	.0401592	.402094	0
877.15	0	.5571667	.04059766	.4022357	0
876.15	0	.5565873	.0410362	.4023765	0
875.15	0	.5560086	.04147485	.4025165	0
874.15	0	.5554307	.04191362	.4026557	0
873.15	0	.5548535	.04235253	.402794	0
872.15	0	.554277	.04279161	.4029314	0
871.15	0	.5537012	.04323087	.403068	0
870.15	0	.553126	.04367034	.4032037	0
869.15	0	.5525515	.04411004	.4033385	0
868.15	0	.5519776	.04454999	.4034724	0
867.15	0	.5514043	.04499021	.4036055	0
866.15	0	.5508316	.04543073	.4037377	0
865.15	0	.5502595	.04587156	.4038689	0
864.15	0	.549688	.04631274	.4039993	0
863.15	0	.549117	.04675429	.4041288	0
862.15	0	.5485465	.04719623	.4042573	0
861.15	0	.5479765	.04763858	.4043849	0
860.15	0	.547407	.04808138	.4045116	0
859.15	0	.546838	.04852465	.4046373	0
858.15	0	.5462694	.04896841	.4047621	0
857.15	0	.5457013	.04941269	.404886	0
856.15	0	.5451336	.04985752	.4050089	0
855.15	0	.5445662	.05030292	.4051308	0
854.15	0	.5439993	.05074893	.4052518	0
853.15	0	.5434326	.05119558	.4053718	0
852.15	0	.5428663	.05164288	.4054908	0
851.15	0	.5423003	.05209089	.4056088	0
850.15	0	.5417346	.05253961	.4057258	0
849.15	0	.5411691	.05298909	.4058418	0
848.15	0	.5406039	.05343936	.4059568	0
847.15	0	.5400388	.05389044	.4060707	0
846.15	0	.539474	.05434238	.4061837	0
845.15	0	.5389093	.0547952	.4062955	0
844.15	0	.5383447	.05524895	.4064063	0
843.15	0	.537781	.05570301	.406516	0
842.15	0	.5372166	.05615873	.4066247	0
841.15	0	.5366522	.05661547	.4067323	0
840.15	0	.5360879	.05707329	.4068388	0
839.15	0	.5355236	.0575322	.4069442	0
838.15	0	.5349592	.05799227	.4070485	0
837.15	0	.5343948	.05845351	.4071517	0
836.15	0	.5338303	.05891599	.4072537	0
835.15	0	.5332657	.05937973	.4073546	0
834.15	0	.5327009	.05984479	.4074543	0
833.15	0	.532136	.0603112	.4075528	0
832.15	0	.5315708	.06077902	.4076502	0
831.15	0	.5310053	.06124828	.4077464	0
830.15	0	.5304396	.06171904	.4078413	0
829.15	0	.5298736	.06219135	.4079351	0
828.15	0	.5293072	.06266525	.4080276	0
827.15	0	.5287404	.0631408	.4081188	0
826.15	0	.5281731	.06361805	.4082088	0
825.15	0	.5276054	.06409705	.4082975	0
824.15	0	.5270372	.06457787	.408385	0
823.15	0	.5264684	.06506055	.4084711	0
822.15	0	.525899	.06554516	.4085558	0
821.15	0	.525329	.06603176	.4086393	0
820.15	0	.5247582	.06652042	.4087213	0
819.15	0	.5241868	.06701119	.408802	0
818.15	0	.5236145	.06750414	.4088813	0
817.15	0	.5230415	.06799935	.4089592	0
816.15	0	.5224675	.06849687	.4090356	0
815.15	0	.5218926	.0689968	.4091106	0
814.15	0	.5213167	.0694992	.4091841	0
813.15	0	.5207397	.07000414	.4092561	0
812.15	0	.5201617	.07051172	.4093266	0
811.15	0	.5195824	.07102201	.4093955	0
810.15	0	.519002	.0715351	.4094629	0
809.15	0	.5184202	.07205109	.4095287	0
808.15	0	.5178371	.07257006	.4095929	0
807.15	0	.5172525	.0730921	.4096554	0
806.15	0	.5166665	.07361733	.4097162	0
805.15	0	.5160788	.07414584	.4097753	0
804.15	0	.5154895	.07467774	.4098327	0
803.15	0	.5148985	.07521314	.4098884	0
802.15	0	.5143057	.07575216	.4099422	0
801.15	0	.5137109	.07629493	.4099942	0
800.15	0	.5131141	.07684156	.4100443	0
799.15	0	.5125153	.07739219	.4100926	0
798.15	0	.5119142	.07794696	.4101388	0
797.15	0	.5113108	.07850601	.4101832	0
796.15	0	.5107051	.07906949	.4102254	0
795.15	0	.5100968	.07963756	.4102657	0
794.15	0	.5094858	.08021038	.4103038	0
793.15	0	.5088721	.08078813	.4103397	0
792.15	0	.5082555	.08137099	.4103735	0
791.15	0	.5076359	.08195915	.4104049	0
790.15	0	.5070131	.08255281	.4104341	0
789.15	0	.506387	.08315217	.4104609	0
788.15	0	.5057573	.08375747	.4104852	0
787.15	0	.505124	.08436894	.410507	0
786.15	0	.5044869	.08498682	.4105263	0
785.15	0	.5038457	.08561138	.4105429	0
784.15	0	.5032003	.0862429	.4105568	0
783.15	0	.5025505	.08688167	.4105679	0
782.15	0	.5018959	.087528	.4105761	0
781.15	0	.5012365	.08818224	.4105813	0
780.15	0	.5005719	.08884472	.4105834	0
779.15	0	.4999018	.08951584	.4105824	0
778.15	0	.499226	.09019599	.410578	0
777.15	0	.4985441	.09088562	.4105703	0
776.15	0	.4978559	.09158519	.410559	0
775.15	0	.4971608	.0922952	.410544	0
774.15	0	.4964586	.09301619	.4105252	0
773.15	0	.4957489	.09374874	.4105024	0
772.15	0	.495031	.0944935	.4104755	0
771.15	0	.4943047	.09525114	.4104442	0
770.15	0	.4935692	.09602241	.4104084	0
769.15	0	.4928241	.09680813	.4103678	0
768.15	0	.4920686	.09760919	.4103222	0
767.15	0	.4913021	.09842658	.4102713	0
766.15	0	.4905237	.09926137	.4102149	0
765.15	0	.4897326	.1001148	.4101526	0
764.15	0	.4889278	.1009881	.4100841	0
763.15	0	.4881082	.1018828	.4100089	0
762.15	0	.4872726	.1028007	.4099267	0
761.15	0	.4864196	.1037435	.4098369	0
760.15	0	.4855477	.1047134	.4097389	0
759.15	0	.4846549	.1057129	.4096322	0
758.15	0	.4837394	.1067447	.4095159	0
757.15	0	.4827987	.1078121	.4093892	0
756.15	0	.4818299	.1089189	.4092512	0
755.15	0	.4808299	.1100695	.4091006	0
754.15	0	.4797945	.1112694	.4089361	0
753.15	0	.4783939	.112952	.4086541	0
752.15	0	.4762851	.1155709	.408144	0
751.15	0	.4743735	.1179379	.4076886	0
750.15	0	.472622	.1201007	.4072773	0
749.15	0	.4710036	.1220941	.4069023	0
748.15	0	.4694979	.1239442	.4065579	0
747.15	0	.4680891	.1256712	.4062396	0
746.15	0	.4667648	.1272914	.4059438	0
745.15	0	.4655148	.1288175	.4056677	0
744.15	0	.4643307	.1302602	.405409	0
743.15	0	.4632058	.1316285	.4051657	0
742.15	0	.462134	.1329298	.4049362	0
741.15	0	.4611105	.1341704	.4047191	0
740.15	0	.460131	.1353558	.4045132	0
739.15	0	.4591918	.1364908	.4043174	0
738.15	0	.4582896	.1375793	.404131	0
737.15	0	.4574217	.1386252	.4039531	0
736.15	0	.4565854	.1396315	.4037831	0
735.15	0	.4557786	.1406011	.4036203	0
734.15	0	.4549992	.1415366	.4034642	0
733.15	0	.4542455	.1424402	.4033142	0
732.15	0	.4535159	.1433141	.4031701	0
731.15	0	.4528088	.1441599	.4030313	0
730.15	0	.452123	.1449795	.4028975	0
729.15	0	.4514572	.1457744	.4027684	0
728.15	0	.4508104	.1465459	.4026437	0
727.15	0	.4501815	.1472954	.4025231	0
726.15	0	.4495695	.1480241	.4024064	0
725.15	0	.4489737	.1487329	.4022934	0
724.15	0	.4483931	.149423	.4021838	0
723.15	0	.4478272	.1500953	.4020775	0
722.15	0	.4472752	.1507506	.4019743	0
721.15	0	.4467364	.1513897	.401874	0
720.15	0	.4462102	.1520133	.4017764	0
719.15	0	.4456962	.1526223	.4016815	0
718.15	0	.4451938	.1532171	.4015891	0
717.15	0	.4447025	.1537985	.401499	0
716.15	0	.4442218	.154367	.4014112	0
715.15	0	.4437514	.1549231	.4013255	0
714.15	0	.4432908	.1554673	.4012419	0
713.15	0	.4428396	.1560001	.4011603	0
712.15	0	.4423975	.156522	.4010805	0
711.15	0	.4419642	.1570334	.4010024	0
710.15	0	.4415393	.1575346	.4009261	0
709.15	0	.4411226	.158026	.4008514	0
708.15	0	.4407136	.1585081	.4007783	0
707.15	0	.4403123	.1589811	.4007066	0
706.15	0	.4399182	.1594454	.4006364	0
705.15	0	.4395313	.1599012	.4005675	0
704.15	0	.4391511	.1603489	.4005	0
703.15	0	.4387776	.1607887	.4004337	0
702.15	0	.4384105	.1612209	.4003687	0
701.15	0	.4380496	.1616457	.4003048	0
700.15	0	.4376947	.1620634	.400242	0
699.15	0	.4373456	.1624742	.4001803	0
698.15	0	.4370021	.1628783	.4001196	0
697.15	0	.4366642	.1632759	.4000599	0
696.15	0	.4363316	.1636673	.4000012	0
695.15	0	.4360041	.1640525	.3999434	0
694.15	0	.4356817	.1644319	.3998865	0
693.15	0	.4353641	.1648055	.3998304	0
692.15	0	.4350513	.1651735	.3997752	0
691.15	0	.4347432	.1655361	.3997207	0
690.15	0	.4344395	.1658935	.399667	0
689.15	0	.4341401	.1662458	.3996141	0
688.15	0	.4338451	.1665931	.3995619	0
687.15	0	.4335541	.1669355	.3995103	0
686.15	0	.4332673	.1672733	.3994595	0
685.15	0	.4329843	.1676065	.3994092	0
684.15	0	.4327052	.1679352	.3993596	0
683.15	0	.4324298	.1682596	.3993106	0
682.15	0	.4321581	.1685797	.3992622	0
681.15	0	.4318899	.1688958	.3992144	0
680.15	0	.4316252	.1692078	.399167	0
679.15	0	.4313639	.1695159	.3991202	0
678.15	0	.4311059	.1698202	.3990739	0
677.15	0	.4308511	.1701207	.3990281	0
676.15	0	.4305995	.1704177	.3989828	0
675.15	0	.430351	.170711	.398938	0
674.15	0	.4301055	.171001	.3988935	0
673.15	0	.429863	.1712875	.3988496	0
672.15	0	.4296233	.1715707	.398806	0
671.15	0	.4293864	.1718507	.3987628	0
670.15	0	.4291524	.1721276	.3987201	0
669.15	0	.428921	.1724014	.3986777	0
668.15	0	.4286922	.1726722	.3986356	0
667.15	0	.4284661	.17294	.398594	0
666.15	0	.4282424	.1732049	.3985527	0
665.15	0	.4280213	.1734671	.3985117	0
664.15	0	.4278026	.1737265	.398471	0
663.15	0	.4275862	.1739831	.3984306	0
662.15	0	.4273722	.1742372	.3983906	0
661.15	0	.4271605	.1744887	.3983509	0
660.15	0	.426951	.1747376	.3983114	0
659.15	0	.4267437	.1749841	.3982722	0
658.15	0	.4265386	.1752281	.3982333	0
657.15	0	.4263355	.1754698	.3981947	0
656.15	0	.4261346	.1757092	.3981563	0
655.15	0	.4259356	.1759462	.3981181	0
654.15	0	.4257387	.1761811	.3980802	0
653.15	0	.4255437	.1764137	.3980426	0
652.15	0	.4253507	.1766442	.3980051	0
651.15	0	.4251595	.1768726	.3979679	0
650.15	0	.4249702	.177099	.3979309	0
649.15	0	.4247827	.1773233	.3978941	0
648.15	0	.4245969	.1775456	.3978575	0
647.15	0	.424413	.177766	.3978211	0
646.15	0	.4242307	.1779844	.3977849	0
645.15	0	.4240502	.178201	.3977488	0
644.15	0	.4238713	.1784158	.397713	0
643.15	0	.423694	.1786287	.3976773	0
642.15	0	.4235183	.1788399	.3976418	0
641.15	0	.4233442	.1790493	.3976064	0
640.15	0	.4231717	.1792571	.3975712	0
639.15	0	.4230007	.1794631	.3975362	0
638.15	0	.4228312	.1796675	.3975013	0
637.15	0	.4226632	.1798702	.3974666	0
636.15	0	.4224966	.1800714	.397432	0
635.15	0	.4223314	.180271	.3973975	0
634.15	0	.4221677	.1804691	.3973632	0
633.15	0	.4220053	.1806656	.397329	0
632.15	0	.4218443	.1808607	.397295	0
631.15	0	.4216847	.1810543	.397261	0
630.15	0	.4215263	.1812465	.3972272	0
629.15	0	.4213693	.1814372	.3971935	0
628.15	0	.4212135	.1816266	.3971599	0
627.15	0	.421059	.1818146	.3971265	0
626.15	0	.4209057	.1820012	.3970931	0
625.15	0	.4207537	.1821865	.3970598	0
624.15	0	.4206028	.1823705	.3970267	0
623.15	0	.4204532	.1825532	.3969936	0
622.15	0	.4203047	.1827347	.3969606	0
621.15	0	.4201573	.1829149	.3969278	0
620.15	0	.4200111	.1830939	.396895	0
619.15	0	.419866	.1832717	.3968623	0
618.15	0	.419722	.1834483	.3968297	0
617.15	0	.4195791	.1836237	.3967972	0
616.15	0	.4194373	.183798	.3967647	0
615.15	0	.4192965	.1839711	.3967324	0
614.15	0	.4191568	.1841432	.3967001	0
613.15	0	.4190181	.1843141	.3966679	0
612.15	0	.4188804	.1844839	.3966357	0
611.15	0	.4187437	.1846527	.3966037	0
610.15	0	.418608	.1848204	.3965717	0
609.15	0	.4184732	.1849871	.3965397	0
608.15	0	.4183394	.1851527	.3965079	0
607.15	0	.4182066	.1853173	.3964761	0
606.15	0	.4180747	.185481	.3964444	0
605.15	0	.4179437	.1856436	.3964127	0
604.15	0	.4178136	.1858053	.3963811	0
603.15	0	.4176844	.1859661	.3963495	0
602.15	0	.4175561	.1861259	.396318	0
601.15	0	.4174287	.1862847	.3962866	0
600.15	0	.4173022	.1864427	.3962552	0
599.15	0	.4171765	.1865997	.3962239	0
598.15	0	.4170516	.1867558	.3961926	0
597.15	0	.4169276	.1869111	.3961613	0
596.15	0	.4168044	.1870655	.3961302	0
595.15	0	.416682	.187219	.396099	0
594.15	0	.4165604	.1873717	.3960679	0
593.15	0	.4164396	.1875235	.3960369	0
592.15	0	.4163196	.1876745	.3960059	0
591.15	0	.4162003	.1878248	.3959749	0
590.15	0	.4160819	.1879741	.395944	0
589.15	0	.4159641	.1881227	.3959131	0
588.15	0	.4158472	.1882706	.3958823	0
587.15	0	.4157309	.1884176	.3958515	0
586.15	0	.4156154	.1885638	.3958207	0
585.15	0	.4155006	.1887093	.39579	0
584.15	0	.4153866	.1888541	.3957593	0
583.15	0	.4152732	.1889981	.3957287	0
582.15	0	.4151605	.1891414	.3956981	0
581.15	0	.4150486	.189284	.3956675	0
580.15	0	.4149373	.1894258	.395637	0
579.15	0	.4148266	.1895669	.3956064	0
578.15	0	.4147167	.1897073	.395576	0
577.15	0	.4146074	.1898471	.3955455	0
576.15	0	.4144987	.1899862	.3955151	0
575.15	0	.4143908	.1901245	.3954847	0
574.15	0	.4142834	.1902622	.3954544	0
573.15	0	.4141767	.1903993	.3954241	0
572.15	0	.4140706	.1905357	.3953937	0
571.15	0	.4139651	.1906714	.3953635	0
570.15	0	.4138602	.1908065	.3953333	0
569.15	0	.413756	.190941	.395303	0
568.15	0	.4136524	.1910748	.3952728	0
567.15	0	.4135494	.191208	.3952426	0
566.15	0	.4134469	.1913406	.3952125	0
565.15	0	.413345	.1914726	.3951824	0
564.15	0	.4132437	.191604	.3951523	0
563.15	0	.413143	.1917348	.3951222	0
562.15	0	.4130428	.191865	.3950922	0
561.15	0	.4129432	.1919946	.3950622	0
560.15	0	.4128441	.1921237	.3950322	0
559.15	0	.4127456	.1922521	.3950023	0
558.15	0	.4126476	.19238	.3949723	0
557.15	0	.4125502	.1925073	.3949424	0
556.15	0	.4124533	.1926341	.3949126	0
555.15	0	.412357	.1927603	.3948827	0
554.15	0	.4122611	.192886	.3948528	0
553.15	0	.4121658	.1930111	.394823	0
552.15	0	.412071	.1931357	.3947932	0
551.15	0	.4119768	.1932598	.3947635	0
550.15	0	.411883	.1933833	.3947337	0
549.15	0	.4117897	.1935063	.394704	0
548.15	0	.4116969	.1936288	.3946743	0
547.15	0	.4116046	.1937508	.3946446	0
546.15	0	.4115128	.1938722	.3946149	0
545.15	0	.4114215	.1939932	.3945853	0
544.15	0	.4113307	.1941136	.3945557	0
543.15	0	.4112403	.1942336	.3945261	0
542.15	0	.4111504	.1943531	.3944965	0
541.15	0	.411061	.194472	.3944669	0
540.15	0	.4109721	.1945905	.3944374	0
539.15	0	.4108836	.1947085	.3944079	0
538.15	0	.4107956	.194826	.3943784	0
537.15	0	.410708	.1949431	.3943489	0
536.15	0	.4106209	.1950597	.3943195	0
535.15	0	.4105342	.1951758	.3942901	0
534.15	0	.4104479	.1952914	.3942607	0
533.15	0	.4103621	.1954066	.3942313	0
532.15	0	.4102768	.1955213	.3942019	0
531.15	0	.4101918	.1956356	.3941726	0
530.15	0	.4101073	.1957494	.3941433	0
529.15	0	.4100232	.1958628	.394114	0
528.15	0	.4099396	.1959757	.3940847	0
527.15	0	.4098564	.1960882	.3940554	0
526.15	0	.4097735	.1962003	.3940262	0
525.15	0	.4096911	.1963119	.393997	0
524.15	0	.4096091	.1964231	.3939678	0
523.15	0	.4095275	.1965339	.3939386	0
522.15	0	.4094464	.1966442	.3939095	0
521.15	0	.4093656	.1967541	.3938804	0
520.15	0	.4092852	.1968636	.3938512	0
519.15	0	.4092052	.1969727	.3938222	0
518.15	0	.4091256	.1970813	.3937931	0
517.15	0	.4090464	.1971895	.3937641	0
516.15	0	.4089676	.1972974	.3937351	0
515.15	0	.4088891	.1974048	.3937061	0
514.15	0	.4088111	.1975118	.3936771	0
513.15	0	.4087334	.1976184	.3936482	0
512.15	0	.4086561	.1977246	.3936193	0
511.15	0	.4085792	.1978305	.3935904	0
510.15	0	.4085026	.1979359	.3935615	0
509.15	0	.4084264	.1980409	.3935327	0
508.15	0	.4083506	.1981455	.3935038	0
507.15	0	.4082752	.1982498	.393475	0
506.15	0	.4082001	.1983536	.3934463	0
505.15	0	.4081254	.1984571	.3934175	0
504.15	0	.408051	.1985602	.3933888	0
503.15	0	.407977	.1986629	.3933601	0
502.15	0	.4079033	.1987652	.3933315	0
501.15	0	.40783	.1988672	.3933028	0
500.15	0	.407757	.1989688	.3932742	0
499.15	0	.4076844	.19907	.3932456	0
498.15	0	.4076122	.1991708	.3932171	0
497.15	0	.4075402	.1992713	.3931885	0
496.15	0	.4074687	.1993713	.39316	0
495.15	0	.4073974	.1994711	.3931315	0
494.15	0	.4073265	.1995704	.3931031	0
493.15	0	.4072559	.1996694	.3930747	0
492.15	0	.4071857	.1997681	.3930463	0
491.15	0	.4071158	.1998664	.3930179	0
490.15	0	.4070462	.1999643	.3929896	0
489.15	0	.4069769	.2000618	.3929612	0
488.15	0	.406908	.200159	.392933	0
487.15	0	.4068394	.2002559	.3929047	0
486.15	0	.4067711	.2003524	.3928765	0
485.15	0	.4067032	.2004486	.3928483	0
484.15	0	.4066355	.2005444	.3928201	0
483.15	0	.4065682	.2006398	.392792	0
482.15	0	.4065012	.2007349	.3927639	0
481.15	0	.4064345	.2008297	.3927358	0
480.15	0	.4063681	.2009241	.3927078	0
479.15	0	.406302	.2010182	.3926798	0
478.15	0	.4062362	.2011119	.3926519	0
477.15	0	.4061708	.2012053	.3926239	0
476.15	0	.4061056	.2012984	.392596	0
475.15	0	.4060408	.2013911	.3925681	0
474.15	0	.4059762	.2014835	.3925403	0
473.15	0	.405912	.2015756	.3925125	0
472.15	0	.405848	.2016673	.3924847	0
471.15	0	.4057844	.2017587	.392457	0
470.15	0	.405721	.2018497	.3924293	0
469.15	0	.4056579	.2019404	.3924016	0
468.15	0	.4055952	.2020308	.392374	0
467.15	0	.4055327	.2021209	.3923464	0
466.15	0	.4054705	.2022106	.3923189	0
465.15	0	.4054086	.2023001	.3922913	0
464.15	0	.405347	.2023891	.3922639	0
463.15	0	.4052857	.2024779	.3922364	0
462.15	0	.4052247	.2025663	.392209	0
461.15	0	.4051639	.2026545	.3921817	0
460.15	0	.4051034	.2027423	.3921543	0
459.15	0	.4050432	.2028297	.392127	0
458.15	0	.4049833	.2029169	.3920998	0
457.15	0	.4049237	.2030037	.3920726	0
456.15	0	.4048644	.2030902	.3920454	0
455.15	0	.4048053	.2031765	.3920183	0
454.15	0	.4047465	.2032623	.3919912	0
453.15	0	.404688	.2033479	.3919641	0
452.15	0	.4046297	.2034332	.3919371	0
451.15	0	.4045718	.2035181	.3919101	0
450.15	0	.404514	.2036027	.3918832	0
449.15	0	.4044566	.203687	.3918564	0
448.15	0	.4043995	.203771	.3918295	0
447.15	0	.4043427	.2038546	.3918028	0
446.15	0	.4042861	.2039379	.391776	0
445.15	0	.4042298	.2040209	.3917494	0
444.15	0	.4041738	.2041035	.3917227	0
443.15	0	.404118	.2041858	.3916962	0
442.15	0	.4040626	.2042678	.3916697	0
441.15	0	.4040074	.2043494	.3916432	0
440.15	0	.4039525	.2044307	.3916168	0
439.15	0	.4038979	.2045117	.3915905	0
438.15	0	.4038436	.2045923	.3915642	0
437.15	0	.4037895	.2046725	.391538	0
436.15	0	.4037358	.2047524	.3915118	0
435.15	0	.4036823	.2048319	.3914858	0
434.15	0	.4036292	.2049111	.3914597	0
433.15	0	.4035763	.2049899	.3914338	0
432.15	0	.4035237	.2050684	.3914079	0
431.15	0	.4034714	.2051464	.3913821	0
430.15	0	.4034194	.2052242	.3913564	0
429.15	0	.4033677	.2053015	.3913307	0
428.15	0	.4033163	.2053785	.3913052	0
427.15	0	.4032652	.2054551	.3912796	0
426.15	0	.4032144	.2055314	.3912542	0
425.15	0	.4031638	.2056073	.3912289	0
424.15	0	.4031136	.2056828	.3912036	0
423.15	0	.4030636	.2057579	.3911784	0
422.15	0	.403014	.2058327	.3911533	0
421.15	0	.4029646	.2059071	.3911283	0
420.15	0	.4029156	.2059811	.3911033	0
419.15	0	.4028668	.2060548	.3910784	0
418.15	0	.4028183	.2061281	.3910537	0
417.15	0	.4027701	.206201	.3910289	0
416.15	0	.4027221	.2062735	.3910043	0
415.15	0	.4026745	.2063457	.3909798	0
414.15	0	.4026272	.2064175	.3909553	0
413.15	0	.4025801	.2064889	.390931	0
412.15	0	.4025333	.20656	.3909067	0
411.15	0	.4024868	.2066307	.3908825	0
410.15	0	.4024406	.206701	.3908584	0
409.15	0	.4023947	.206771	.3908343	0
408.15	0	.4023491	.2068405	.3908104	0
407.15	0	.4023037	.2069098	.3907866	0
406.15	0	.4022586	.2069786	.3907628	0
405.15	0	.4022138	.2070471	.3907391	0
404.15	0	.4021693	.2071152	.3907155	0
403.15	0	.402125	.207183	.390692	0
402.15	0	.402081	.2072504	.3906686	0
401.15	0	.4020373	.2073174	.3906453	0
400.15	0	.4019939	.2073841	.390622	0
399.15	0	.4019507	.2074505	.3905989	0
398.15	0	.4019078	.2075164	.3905758	0
397.15	0	.4018651	.2075821	.3905528	0
396.15	0	.4018227	.2076473	.3905299	0
395.15	0	.4017806	.2077123	.3905071	0
394.15	0	.4017388	.2077768	.3904844	0
393.15	0	.4016972	.2078411	.3904618	0
392.15	0	.4016558	.2079049	.3904392	0
391.15	0	.4016147	.2079685	.3904168	0
390.15	0	.4015739	.2080317	.3903944	0
389.15	0	.4015333	.2080945	.3903721	0
388.15	0	.401493	.2081571	.3903499	0
387.15	0	.4014529	.2082193	.3903278	0
386.15	0	.4014131	.2082811	.3903058	0
385.15	0	.4013735	.2083426	.3902839	0
384.15	0	.4013342	.2084038	.390262	0
383.15	0	.4012951	.2084647	.3902402	0
382.15	0	.4012562	.2085252	.3902186	0
381.15	0	.4012176	.2085854	.390197	0
380.15	0	.4011792	.2086453	.3901755	0
379.15	0	.4011411	.2087049	.390154	0
378.15	0	.4011031	.2087642	.3901327	0
377.15	0	.4010655	.2088231	.3901114	0
376.15	0	.401028	.2088818	.3900903	0
375.15	0	.4009908	.2089401	.3900692	0
374.15	0	.4009538	.2089981	.3900482	0
373.15	0	.400917	.2090558	.3900272	0
372.15	0	.4008804	.2091132	.3900064	0
371.15	0	.4008441	.2091703	.3899856	0
370.15	0	.4008079	.2092272	.3899649	0
369.15	0	.400772	.2092837	.3899443	0
368.15	0	.4007363	.2093399	.3899238	0
367.15	0	.4007008	.2093958	.3899034	0
366.15	0	.4006655	.2094514	.389883	0
365.15	0	.4006305	.2095068	.3898627	0
364.15	0	.4005956	.2095619	.3898425	0
363.15	0	.4005609	.2096167	.3898224	0
