T	 BPW(LIQUID)	BPW(BCC_A2)	BPW(FCC_A1)	BPW(LAVES_PHASE_C14)	BPW(NI3TI)
1473.15	.6785843	.3214157	0	0	0
1472.15	.6750746	.3249254	0	0	0
1471.15	.6715853	.3284147	0	0	0
1470.15	.6681165	.3318835	0	0	0
1469.15	.664668	.335332	0	0	0
1468.15	.6612396	.3387604	0	0	0
1467.15	.6578312	.3421689	0	0	0
1466.15	.6544426	.3455574	0	0	0
1465.15	.6510738	.3489262	0	0	0
1464.15	.6477245	.3522755	0	0	0
1463.15	.6443948	.3556052	0	0	0
1462.15	.6410843	.3589157	0	0	0
1461.15	.6377931	.3622069	0	0	0
1460.15	.634521	.365479	0	0	0
1459.15	.6312678	.3687322	0	0	0
1458.15	.6280335	.3719665	0	0	0
1457.15	.6248179	.3751821	0	0	0
1456.15	.6216209	.3783791	0	0	0
1455.15	.6184423	.3815577	0	0	0
1454.15	.6152822	.3847178	0	0	0
1453.15	.6121402	.3878598	0	0	0
1452.15	.6090165	.3909836	0	0	0
1451.15	.6059107	.3940893	0	0	0
1450.15	.6028228	.3971772	0	0	0
1449.15	.5997527	.4002473	0	0	0
1448.15	.5967003	.4032997	0	0	0
1447.15	.5936655	.4063345	0	0	0
1446.15	.5906482	.4093518	0	0	0
1445.15	.5876482	.4123518	0	0	0
1444.15	.5846655	.4153345	0	0	0
1443.15	.5816999	.4183001	0	0	0
1442.15	.5787513	.4212487	0	0	0
1441.15	.5758197	.4241803	0	0	0
1440.15	.572905	.427095	0	0	0
1439.15	.570007	.429993	0	0	0
1438.15	.5671256	.4328744	0	0	0
1437.15	.5642608	.4357392	0	0	0
1436.15	.5614124	.4385876	0	0	0
1435.15	.5585804	.4414196	0	0	0
1434.15	.5557646	.4442354	0	0	0
1433.15	.552965	.447035	0	0	0
1432.15	.5501814	.4498186	0	0	0
1431.15	.5474138	.4525862	0	0	0
1430.731	.5462599	.4537402	0	0	0
1430.731	.5462599	.4537402	0	0	0
1430.731	.5462599	.4537402	0	0	0
1430.15	.5432503	.455701	0	.001048714	0
1429.15	.5381263	.4590371	0	.002836633	0
1428.701	.5358446	.4605216	0	.003633732	0
1428.701	.5358446	.4605216	0	.003633732	0
1428.701	.5358446	.4605216	0	.003633732	0
1428.15	.5271845	.4545303	.01195278	.006332413	0
1427.15	.5116247	.4438661	.03335298	.01115627	0
1426.15	.4962796	.4334773	.05436138	.01588176	0
1425.15	.4811426	.4233564	.07498919	.02051172	0
1424.15	.4662077	.4134962	.09524723	.02504885	0
1423.15	.4514688	.4038896	.1151459	.02949574	0
1422.15	.43692	.3945299	.1346952	.03385492	0
1421.15	.4225559	.3854105	.1539049	.03812882	0
1420.15	.4083709	.3765252	.1727842	.04231977	0
1419.15	.39436	.3678679	.1913421	.04643002	0
1418.15	.3805179	.359433	.2095874	.05046176	0
1417.15	.36684	.3512147	.2275283	.0544171	0
1416.15	.3533213	.3432076	.245173	.05829805	0
1415.15	.3399575	.3354065	.2625293	.06210659	0
1414.15	.3267441	.3278065	.2796048	.06584461	0
1413.15	.3136768	.3204026	.2964067	.06951395	0
1412.15	.3007515	.3131901	.312942	.07311638	0
1411.15	.2879642	.3061646	.3292176	.0766536	0
1410.15	.2753111	.2993216	.34524	.08012729	0
1409.15	.2627884	.2926569	.3610157	.08353903	0
1408.15	.2503924	.2861664	.3765508	.0868904	0
1407.15	.2381196	.2798463	.3918513	.09018288	0
1406.15	.2259667	.2736925	.4069229	.09341793	0
1405.15	.2139303	.2677016	.4217712	.09659698	0
1404.15	.2020072	.2618698	.4364016	.09972136	0
1403.15	.1901943	.2561937	.4508195	.1027924	0
1402.15	.1784886	.2506701	.4650299	.1058114	0
1401.15	.1668872	.2452955	.4790377	.1087797	0
1400.15	.1553871	.2400669	.4928477	.1116983	0
1399.15	.1439857	.2349813	.5064645	.1145685	0
1398.15	.1326803	.2300357	.5198926	.1173914	0
1397.15	.1214682	.2252272	.5331365	.1201681	0
1396.15	.110347	.2205531	.5462002	.1228996	0
1395.15	.09931411	.2160107	.5590881	.1255871	0
1394.15	.0883672	.2115974	.5718039	.1282315	0
1393.15	.07750394	.2073106	.5843516	.1308338	0
1392.15	.06672206	.2031479	.5967351	.133395	0
1391.15	.05601937	.199107	.6089578	.1359159	0
1390.15	.04539372	.1951855	.6210234	.1383974	0
1389.15	.03484304	.1913811	.6329353	.1408405	0
1388.15	.0243653	.1876918	.6446969	.143246	0
1387.15	.01395853	.1841153	.6563115	.1456146	0
1386.15	.003620811	.1806497	.6677822	.1479473	0
1385.798	0	.1794565	.671784	.1487595	0
1385.798	0	.1794565	.671784	.1487595	0
1385.15	0	.1782154	.6727128	.1490718	0
1384.15	0	.1763048	.6741429	.1495523	0
1383.15	0	.1743993	.6755693	.1500314	0
1382.15	0	.1724988	.6769922	.150509	0
1381.15	0	.1706033	.6784116	.1509851	0
1380.15	0	.1687129	.6798274	.1514598	0
1379.15	0	.1668274	.6812397	.151933	0
1378.15	0	.1649469	.6826484	.1524047	0
1377.15	0	.1630713	.6840537	.1528751	0
1376.15	0	.1612007	.6854554	.1533439	0
1375.15	0	.1593349	.6868536	.1538114	0
1374.15	0	.1574741	.6882484	.1542775	0
1373.15	0	.1556182	.6896397	.1547421	0
1372.15	0	.1537671	.6910275	.1552054	0
1371.15	0	.1519209	.6924119	.1556672	0
1370.15	0	.1500795	.6937928	.1561277	0
1369.15	0	.148243	.6951702	.1565868	0
1368.15	0	.1464112	.6965443	.1570445	0
1367.15	0	.1445843	.6979149	.1575008	0
1366.15	0	.1427621	.699282	.1579558	0
1365.15	0	.1409447	.7006458	.1584094	0
1364.15	0	.1391321	.7020062	.1588617	0
1363.15	0	.1373242	.7033632	.1593127	0
1362.15	0	.135521	.7047168	.1597622	0
1361.15	0	.1337225	.706067	.1602105	0
1360.15	0	.1319287	.7074138	.1606575	0
1359.15	0	.1301396	.7087573	.1611031	0
1358.15	0	.1283551	.7100974	.1615474	0
1357.15	0	.1265753	.7114342	.1619905	0
1356.15	0	.1248002	.7127676	.1624322	0
1355.15	0	.1230296	.7140978	.1628726	0
1354.15	0	.1212637	.7154245	.1633118	0
1353.15	0	.1195024	.716748	.1637497	0
1352.15	0	.1177456	.7180681	.1641863	0
1351.15	0	.1159935	.719385	.1646216	0
1350.15	0	.1142458	.7206985	.1650557	0
1349.15	0	.1125028	.7220087	.1654885	0
1348.15	0	.1107642	.7233157	.1659201	0
1347.15	0	.1090302	.7246193	.1663504	0
1346.15	0	.1073007	.7259197	.1667795	0
1345.15	0	.1055757	.7272169	.1672074	0
1344.15	0	.1038552	.7285107	.1676341	0
1343.15	0	.1021392	.7298013	.1680595	0
1342.15	0	.1004276	.7310887	.1684837	0
1341.15	0	.09872046	.7323728	.1689067	0
1340.15	0	.09701777	.7336537	.1693286	0
1339.15	0	.09531951	.7349313	.1697492	0
1338.15	0	.09362566	.7362057	.1701686	0
1337.15	0	.09193622	.7374769	.1705869	0
1336.15	0	.09025118	.7387449	.171004	0
1335.15	0	.08857052	.7400096	.1714199	0
1334.15	0	.08689422	.7412712	.1718346	0
1333.15	0	.0852223	.7425295	.1722482	0
1332.15	0	.08355472	.7437847	.1726606	0
1331.15	0	.08189149	.7450366	.1730719	0
1330.15	0	.08023259	.7462854	.173482	0
1329.15	0	.07857801	.747531	.173891	0
1328.15	0	.07692774	.7487734	.1742989	0
1327.15	0	.07528177	.7500126	.1747056	0
1326.15	0	.0736401	.7512487	.1751112	0
1325.15	0	.07200271	.7524816	.1755157	0
1324.15	0	.07036959	.7537113	.1759191	0
1323.15	0	.06874073	.7549379	.1763214	0
1322.15	0	.06711613	.7561614	.1767225	0
1321.15	0	.06549578	.7573816	.1771226	0
1320.15	0	.06387966	.7585987	.1775216	0
1319.15	0	.06226777	.7598127	.1779195	0
1318.15	0	.0606601	.7610236	.1783163	0
1317.15	0	.05905664	.7622313	.1787121	0
1316.15	0	.05745738	.7634359	.1791067	0
1315.15	0	.05586231	.7646373	.1795004	0
1314.15	0	.05427144	.7658357	.1798929	0
1313.15	0	.05268474	.7670309	.1802844	0
1312.15	0	.05110221	.768223	.1806748	0
1311.15	0	.04952384	.7694119	.1810642	0
1310.15	0	.04794963	.7705978	.1814526	0
1309.15	0	.04637956	.7717805	.1818399	0
1308.15	0	.04481364	.7729601	.1822262	0
1307.15	0	.04325184	.7741367	.1826115	0
1306.15	0	.04169418	.7753101	.1829957	0
1305.15	0	.04014063	.7764804	.183379	0
1304.15	0	.0385912	.7776476	.1837612	0
1303.15	0	.03704587	.7788117	.1841424	0
1302.15	0	.03550463	.7799728	.1845226	0
1301.15	0	.0339675	.7811307	.1849018	0
1300.15	0	.03243444	.7822855	.1852801	0
1299.15	0	.03090547	.7834372	.1856573	0
1298.15	0	.02938057	.7845859	.1860335	0
1297.15	0	.02785974	.7857315	.1864088	0
1296.15	0	.02634297	.7868739	.1867831	0
1295.15	0	.02483026	.7880133	.1871564	0
1294.15	0	.0233216	.7891496	.1875288	0
1293.15	0	.02181699	.7902828	.1879002	0
1292.15	0	.02031641	.791413	.1882706	0
1291.15	0	.01881988	.79254	.1886401	0
1290.15	0	.01732737	.793664	.1890087	0
1289.15	0	.01583889	.7947848	.1893763	0
1288.15	0	.01435443	.7959026	.1897429	0
1287.15	0	.01287399	.7970173	.1901087	0
1286.15	0	.01139756	.798129	.1904735	0
1285.15	0	.009925144	.7992375	.1908374	0
1284.15	0	.008456729	.800343	.1912003	0
1283.15	0	.006992315	.8014454	.1915623	0
1282.15	0	.005531898	.8025446	.1919235	0
1281.15	0	.004075474	.8036409	.1922837	0
1280.15	0	.00262304	.804734	.192643	0
1279.15	0	.001174593	.805824	.1930014	0
1278.337	0	0	.8067079	.1932921	0
1278.337	0	0	.8067079	.1932921	0
1278.15	0	0	.8066509	.1933491	0
1277.15	0	0	.8063462	.1936538	0
1276.15	0	0	.806042	.193958	0
1275.15	0	0	.8057383	.1942617	0
1274.15	0	0	.805435	.194565	0
1273.15	0	0	.8051322	.1948678	0
1272.15	0	0	.8048298	.1951702	0
1271.15	0	0	.8045279	.1954721	0
1270.15	0	0	.8042265	.1957736	0
1269.15	0	0	.8039254	.1960746	0
1268.15	0	0	.8036249	.1963751	0
1267.15	0	0	.8033248	.1966752	0
1266.15	0	0	.8030251	.1969749	0
1265.15	0	0	.8027259	.1972741	0
1264.15	0	0	.8024271	.1975729	0
1263.15	0	0	.8021288	.1978712	0
1262.15	0	0	.8018309	.1981691	0
1261.15	0	0	.8015335	.1984665	0
1260.15	0	0	.8012365	.1987635	0
1259.15	0	0	.8009399	.1990601	0
1258.15	0	0	.8006438	.1993562	0
1257.15	0	0	.8003481	.1996519	0
1256.15	0	0	.8000529	.1999471	0
1255.15	0	0	.7997581	.2002419	0
1254.15	0	0	.7994637	.2005363	0
1253.15	0	0	.7991698	.2008302	0
1252.15	0	0	.7988763	.2011237	0
1251.15	0	0	.7985832	.2014168	0
1250.15	0	0	.7982906	.2017094	0
1249.15	0	0	.7979984	.2020016	0
1248.15	0	0	.7977067	.2022934	0
1247.15	0	0	.7974153	.2025847	0
1246.15	0	0	.7971244	.2028756	0
1245.15	0	0	.7968339	.2031661	0
1244.15	0	0	.7965439	.2034561	0
1243.15	0	0	.7962543	.2037457	0
1242.15	0	0	.7959651	.2040349	0
1241.15	0	0	.7956763	.2043237	0
1240.15	0	0	.7953879	.2046121	0
1239.15	0	0	.7951	.2049	0
1238.15	0	0	.7948125	.2051875	0
1237.15	0	0	.7945254	.2054746	0
1236.15	0	0	.7942387	.2057613	0
1235.15	0	0	.7939525	.2060475	0
1234.15	0	0	.7936667	.2063333	0
1233.15	0	0	.7933813	.2066187	0
1232.15	0	0	.7930963	.2069037	0
1231.15	0	0	.7928117	.2071883	0
1230.15	0	0	.7925275	.2074725	0
1229.15	0	0	.7922438	.2077562	0
1228.15	0	0	.7919605	.2080395	0
1227.15	0	0	.7916775	.2083225	0
1226.15	0	0	.791395	.208605	0
1225.15	0	0	.7911129	.2088871	0
1224.15	0	0	.7908312	.2091688	0
1223.15	0	0	.7905499	.2094501	0
1222.15	0	0	.7902691	.2097309	0
1221.15	0	0	.7899886	.2100114	0
1220.15	0	0	.7897085	.2102915	0
1219.15	0	0	.7894289	.2105711	0
1218.15	0	0	.7891496	.2108504	0
1217.15	0	0	.7888708	.2111292	0
1216.15	0	0	.7885923	.2114077	0
1215.15	0	0	.7883143	.2116857	0
1214.15	0	0	.7880367	.2119633	0
1213.15	0	0	.7877594	.2122406	0
1212.15	0	0	.7874826	.2125174	0
1211.15	0	0	.7872061	.2127939	0
1210.15	0	0	.7869301	.2130699	0
1209.15	0	0	.7866544	.2133456	0
1208.15	0	0	.7863792	.2136208	0
1207.15	0	0	.7861043	.2138957	0
1206.15	0	0	.7858299	.2141701	0
1205.15	0	0	.7855558	.2144442	0
1204.15	0	0	.7852821	.2147179	0
1203.15	0	0	.7850089	.2149912	0
1202.15	0	0	.784736	.215264	0
1201.15	0	0	.7844635	.2155365	0
1200.15	0	0	.7841914	.2158087	0
1199.15	0	0	.7839196	.2160804	0
1198.15	0	0	.7836483	.2163517	0
1197.15	0	0	.7833774	.2166226	0
1196.15	0	0	.7831068	.2168932	0
1195.15	0	0	.7828366	.2171634	0
1194.15	0	0	.7825668	.2174332	0
1193.15	0	0	.7822974	.2177026	0
1192.15	0	0	.7820284	.2179716	0
1191.15	0	0	.7817598	.2182402	0
1190.15	0	0	.7814915	.2185085	0
1189.15	0	0	.7812237	.2187763	0
1188.15	0	0	.7809562	.2190438	0
1187.15	0	0	.7806891	.2193109	0
1186.15	0	0	.7804224	.2195777	0
1185.15	0	0	.780156	.219844	0
1184.15	0	0	.77989	.22011	0
1183.15	0	0	.7796244	.2203756	0
1182.15	0	0	.7793592	.2206408	0
1181.15	0	0	.7790944	.2209056	0
1180.15	0	0	.7788299	.2211701	0
1179.15	0	0	.7785658	.2214342	0
1178.15	0	0	.7783021	.2216979	0
1177.15	0	0	.7780387	.2219613	0
1176.15	0	0	.7777757	.2222243	0
1175.15	0	0	.7775131	.2224869	0
1174.15	0	0	.7772509	.2227491	0
1173.15	0	0	.776989	.223011	0
1172.15	0	0	.7767275	.2232725	0
1171.15	0	0	.7764664	.2235336	0
1170.15	0	0	.7762057	.2237944	0
1169.15	0	0	.7759453	.2240547	0
1168.15	0	0	.7756852	.2243148	0
1167.15	0	0	.7754256	.2245744	0
1166.15	0	0	.7751663	.2248337	0
1165.15	0	0	.7749073	.2250927	0
1164.15	0	0	.7746488	.2253512	0
1163.15	0	0	.7743906	.2256094	0
1162.15	0	0	.7741327	.2258673	0
1161.15	0	0	.7738752	.2261248	0
1160.15	0	0	.7736181	.2263819	0
1159.15	0	0	.7733613	.2266387	0
1158.15	0	0	.7731049	.2268951	0
1157.15	0	0	.7728489	.2271511	0
1156.15	0	0	.7725932	.2274068	0
1155.15	0	0	.7723379	.2276621	0
1154.15	0	0	.7720829	.2279171	0
1153.15	0	0	.7718283	.2281717	0
1152.15	0	0	.771574	.228426	0
1151.15	0	0	.7713201	.2286799	0
1150.15	0	0	.7710666	.2289334	0
1149.15	0	0	.7708134	.2291866	0
1148.15	0	0	.7705605	.2294395	0
1147.15	0	0	.770308	.229692	0
1146.15	0	0	.7700559	.2299441	0
1145.15	0	0	.7698041	.2301959	0
1144.15	0	0	.7695526	.2304474	0
1143.15	0	0	.7693015	.2306985	0
1142.15	0	0	.7690508	.2309492	0
1141.15	0	0	.7688004	.2311996	0
1140.15	0	0	.7685504	.2314497	0
1139.15	0	0	.7683007	.2316994	0
1138.15	0	0	.7680513	.2319487	0
1137.15	0	0	.7678023	.2321977	0
1136.15	0	0	.7675536	.2324464	0
1135.15	0	0	.7673053	.2326947	0
1134.15	0	0	.7670573	.2329427	0
1133.15	0	0	.7668097	.2331903	0
1132.15	0	0	.7665624	.2334376	0
1131.15	0	0	.7663154	.2336846	0
1130.15	0	0	.7660688	.2339312	0
1129.15	0	0	.7658226	.2341774	0
1128.15	0	0	.7655766	.2344234	0
1127.15	0	0	.7653311	.234669	0
1126.15	0	0	.7650858	.2349142	0
1125.15	0	0	.7648409	.2351591	0
1124.15	0	0	.7645963	.2354037	0
1123.15	0	0	.7643521	.2356479	0
1122.15	0	0	.7641082	.2358918	0
1121.15	0	0	.7638646	.2361354	0
1120.15	0	0	.7636214	.2363786	0
1119.15	0	0	.7633785	.2366215	0
1118.15	0	0	.7631359	.2368641	0
1117.15	0	0	.7628937	.2371063	0
1116.15	0	0	.7626518	.2373482	0
1115.15	0	0	.7624103	.2375897	0
1114.15	0	0	.762169	.237831	0
1113.15	0	0	.7619281	.2380719	0
1112.15	0	0	.7616876	.2383124	0
1111.15	0	0	.7614473	.2385527	0
1110.15	0	0	.7612074	.2387926	0
1109.15	0	0	.7609678	.2390322	0
1108.15	0	0	.7607286	.2392714	0
1107.15	0	0	.7604897	.2395103	0
1106.15	0	0	.7602511	.2397489	0
1105.15	0	0	.7600128	.2399872	0
1104.15	0	0	.7597749	.2402252	0
1103.15	0	0	.7595372	.2404628	0
1102.15	0	0	.7592999	.2407001	0
1101.15	0	0	.759063	.240937	0
1100.15	0	0	.7588263	.2411737	0
1099.15	0	0	.75859	.24141	0
1098.15	0	0	.758354	.241646	0
1097.15	0	0	.7581183	.2418817	0
1096.15	0	0	.757883	.242117	0
1095.15	0	0	.757648	.242352	0
1094.15	0	0	.7574133	.2425867	0
1093.15	0	0	.7571789	.2428211	0
1092.15	0	0	.7569448	.2430552	0
1091.15	0	0	.756711	.243289	0
1090.15	0	0	.7564776	.2435224	0
1089.15	0	0	.7562445	.2437555	0
1088.15	0	0	.7560117	.2439883	0
1087.15	0	0	.7557792	.2442208	0
1086.15	0	0	.7555471	.244453	0
1085.15	0	0	.7553152	.2446848	0
1084.15	0	0	.7550837	.2449163	0
1083.15	0	0	.7548525	.2451475	0
1082.15	0	0	.7546215	.2453784	0
1081.15	0	0	.754391	.245609	0
1080.15	0	0	.7541607	.2458393	0
1079.15	0	0	.7539307	.2460693	0
1078.15	0	0	.7537011	.2462989	0
1077.15	0	0	.7534718	.2465283	0
1076.15	0	0	.7532427	.2467573	0
1075.15	0	0	.753014	.246986	0
1074.15	0	0	.7527856	.2472144	0
1073.15	0	0	.7525575	.2474425	0
1072.15	0	0	.7523297	.2476703	0
1071.15	0	0	.7521023	.2478977	0
1070.15	0	0	.7518751	.2481249	0
1069.15	0	0	.7516482	.2483518	0
1068.15	0	0	.7514217	.2485783	0
1067.15	0	0	.7511954	.2488046	0
1066.15	0	0	.7509695	.2490305	0
1065.15	0	0	.7507439	.2492561	0
1064.15	0	0	.7505186	.2494814	0
1063.15	0	0	.7502935	.2497065	0
1062.15	0	0	.7500688	.2499312	0
1061.15	0	0	.7498444	.2501556	0
1060.15	0	0	.7496203	.2503797	0
1059.15	0	0	.7493965	.2506035	0
1058.15	0	0	.749173	.250827	0
1057.15	0	0	.7489499	.2510502	0
1056.15	0	0	.748727	.251273	0
1055.15	0	0	.7485044	.2514956	0
1054.15	0	0	.7482821	.2517179	0
1053.15	0	0	.7480601	.2519399	0
1052.15	0	0	.7478384	.2521616	0
1051.15	0	0	.747617	.252383	0
1050.15	0	0	.747396	.2526041	0
1049.15	0	0	.7471752	.2528248	0
1048.15	0	0	.7469547	.2530453	0
1047.15	0	0	.7467345	.2532655	0
1046.15	0	0	.7465146	.2534854	0
1045.15	0	0	.746295	.253705	0
1044.15	0	0	.7460757	.2539243	0
1043.15	0	0	.7458567	.2541433	0
1042.15	0	0	.745638	.254362	0
1041.15	0	0	.7454196	.2545804	0
1040.15	0	0	.7452015	.2547985	0
1039.15	0	0	.7449837	.2550163	0
1038.15	0	0	.7447662	.2552338	0
1037.15	0	0	.7445489	.2554511	0
1036.15	0	0	.744332	.255668	0
1035.15	0	0	.7441154	.2558846	0
1034.15	0	0	.743899	.256101	0
1033.15	0	0	.743683	.256317	0
1032.15	0	0	.7434672	.2565328	0
1031.15	0	0	.7432517	.2567483	0
1030.15	0	0	.7430366	.2569634	0
1029.15	0	0	.7428217	.2571783	0
1028.15	0	0	.7426071	.2573929	0
1027.15	0	0	.7423928	.2576072	0
1026.15	0	0	.7421788	.2578212	0
1025.15	0	0	.741965	.258035	0
1024.15	0	0	.7417516	.2582484	0
1023.15	0	0	.7415385	.2584615	0
1022.15	0	0	.7413256	.2586744	0
1021.15	0	0	.741113	.258887	0
1020.15	0	0	.7409008	.2590992	0
1019.15	0	0	.7406888	.2593112	0
1018.15	0	0	.7404771	.2595229	0
1017.15	0	0	.7402656	.2597344	0
1016.15	0	0	.7400545	.2599455	0
1015.15	0	0	.7398437	.2601563	0
1014.15	0	0	.7396331	.2603669	0
1013.15	0	0	.7394228	.2605772	0
1012.15	0	0	.7392128	.2607872	0
1011.15	0	0	.7390031	.2609969	0
1010.15	0	0	.7387937	.2612063	0
1009.15	0	0	.7385846	.2614154	0
1008.15	0	0	.7383757	.2616243	0
1007.15	0	0	.7381672	.2618328	0
1006.15	0	0	.7379589	.2620411	0
1005.15	0	0	.7377509	.2622491	0
1004.15	0	0	.7375432	.2624569	0
1003.15	0	0	.7373357	.2626643	0
1002.15	0	0	.7371285	.2628715	0
1001.15	0	0	.7369217	.2630783	0
1000.15	0	0	.7367151	.2632849	0
999.15	0	0	.7365088	.2634912	0
998.15	0	0	.7363027	.2636973	0
997.15	0	0	.736097	.263903	0
996.15	0	0	.7358915	.2641085	0
995.15	0	0	.7356863	.2643137	0
994.15	0	0	.7354814	.2645186	0
993.15	0	0	.7352768	.2647232	0
992.15	0	0	.7350724	.2649276	0
991.15	0	0	.7348683	.2651317	0
990.15	0	0	.7346646	.2653354	0
989.15	0	0	.734461	.265539	0
988.15	0	0	.7342578	.2657422	0
987.15	0	0	.7340548	.2659452	0
986.15	0	0	.7338521	.2661479	0
985.15	0	0	.7336497	.2663503	0
984.15	0	0	.7334476	.2665524	0
983.15	0	0	.7332457	.2667543	0
982.15	0	0	.7330441	.2669559	0
981.15	0	0	.7328428	.2671572	0
980.15	0	0	.7326418	.2673582	0
979.15	0	0	.732441	.267559	0
978.15	0	0	.7322406	.2677594	0
977.15	0	0	.7320404	.2679597	0
976.15	0	0	.7318404	.2681596	0
975.15	0	0	.7316408	.2683592	0
974.15	0	0	.7314414	.2685586	0
973.15	0	0	.7312423	.2687577	0
972.15	0	0	.7310434	.2689566	0
971.15	0	0	.7308448	.2691552	0
970.15	0	0	.7306466	.2693534	0
969.15	0	0	.7304485	.2695515	0
968.15	0	0	.7302508	.2697492	0
967.15	0	0	.7300533	.2699467	0
966.15	0	0	.7298561	.2701439	0
965.15	0	0	.7296592	.2703408	0
964.15	0	0	.7294625	.2705375	0
963.15	0	0	.7292661	.2707339	0
962.15	0	0	.72907	.27093	0
961.15	0	0	.7288742	.2711258	0
960.15	0	0	.7286786	.2713214	0
959.15	0	0	.7284833	.2715167	0
958.15	0	0	.7282882	.2717118	0
957.15	0	0	.7280935	.2719065	0
956.15	0	0	.727899	.272101	0
955.15	0	0	.7277047	.2722953	0
954.15	0	0	.7275108	.2724892	0
953.15	0	0	.7273171	.2726829	0
952.15	0	0	.7271237	.2728763	0
951.15	0	0	.7269305	.2730695	0
950.15	0	0	.7267376	.2732624	0
949.15	0	0	.726545	.273455	0
948.15	0	0	.7263527	.2736473	0
947.15	0	0	.7261606	.2738394	0
946.15	0	0	.7259688	.2740312	0
945.15	0	0	.7257772	.2742228	0
944.15	0	0	.725586	.2744141	0
943.15	0	0	.7253949	.2746051	0
942.15	0	0	.7252042	.2747958	0
941.15	0	0	.7250137	.2749863	0
940.15	0	0	.7248235	.2751765	0
939.15	0	0	.7246336	.2753664	0
938.15	0	0	.7244439	.2755561	0
937.15	0	0	.7242545	.2757455	0
936.15	0	0	.7240653	.2759347	0
935.15	0	0	.7238764	.2761236	0
934.15	0	0	.7236878	.2763122	0
933.15	0	0	.7234995	.2765005	0
932.15	0	0	.7233114	.2766886	0
931.15	0	0	.7231236	.2768764	0
930.15	0	0	.722936	.277064	0
929.15	0	0	.7227487	.2772513	0
928.15	0	0	.7225617	.2774383	0
927.15	0	0	.7223749	.2776251	0
926.15	0	0	.7221884	.2778116	0
925.15	0	0	.7220022	.2779978	0
924.15	0	0	.7218163	.2781838	0
923.15	0	0	.7216305	.2783695	0
922.15	0	0	.7214451	.2785549	0
921.15	0	0	.7212599	.2787401	0
920.15	0	0	.721075	.278925	0
919.15	0	0	.7208904	.2791096	0
918.15	0	0	.720706	.279294	0
917.15	0	0	.7205219	.2794781	0
916.15	0	0	.720338	.279662	0
915.15	0	0	.7201544	.2798456	0
915.1445	0	0	.7201534	.2798466	0
915.1445	0	0	.7201534	.2798466	0
915.1445	0	0	.7201534	.2798466	0
914.15	0	.003412625	.7166862	.2799012	0
913.15	0	.006856288	.7131901	.2799536	0
912.15	0	.01031042	.709686	.2800036	0
911.15	0	.01377346	.7061755	.280051	0
910.15	0	.01724392	.70266	.2800961	0
909.15	0	.02072038	.6991409	.2801387	0
908.15	0	.02420146	.6956195	.280179	0
907.15	0	.02768586	.6920972	.2802169	0
906.15	0	.03117233	.6885752	.2802525	0
905.15	0	.03465966	.6850546	.2802857	0
904.15	0	.0381467	.6815367	.2803166	0
903.15	0	.04163233	.6780223	.2803453	0
902.15	0	.04511551	.6745128	.2803717	0
901.15	0	.04859519	.6710089	.2803959	0
900.15	0	.0520704	.6675117	.2804179	0
899.15	0	.05554019	.6640222	.2804377	0
898.15	0	.05900366	.6605411	.2804552	0
897.15	0	.06245993	.6570694	.2804707	0
896.15	0	.06590816	.6536079	.280484	0
895.15	0	.06934754	.6501573	.2804951	0
894.15	0	.07277729	.6467185	.2805042	0
893.15	0	.07619666	.6432922	.2805112	0
892.15	0	.07960493	.639879	.2805161	0
891.15	0	.08300141	.6364796	.280519	0
890.15	0	.08638542	.6330947	.2805199	0
889.15	0	.08975633	.6297249	.2805187	0
888.15	0	.09311352	.6263709	.2805156	0
887.15	0	.09645638	.6230331	.2805105	0
886.15	0	.09978435	.6197122	.2805035	0
885.15	0	.1030969	.6164086	.2804946	0
884.15	0	.1063934	.6131228	.2804837	0
883.15	0	.1096735	.6098555	.280471	0
882.15	0	.1129366	.606607	.2804564	0
881.15	0	.1161823	.6033777	.28044	0
880.15	0	.1194101	.6001681	.2804218	0
879.15	0	.1226196	.5969786	.2804018	0
878.15	0	.1258104	.5938096	.28038	0
877.15	0	.128982	.5906615	.2803565	0
876.15	0	.1321342	.5875346	.2803312	0
875.15	0	.1352665	.5844292	.2803043	0
874.15	0	.1383787	.5813457	.2802757	0
873.15	0	.1414703	.5782843	.2802455	0
872.15	0	.1445411	.5752453	.2802136	0
871.15	0	.1475908	.5722291	.2801801	0
870.15	0	.1506191	.5692358	.2801451	0
869.15	0	.1536258	.5662657	.2801085	0
868.15	0	.1566106	.563319	.2800704	0
867.15	0	.1595733	.560396	.2800307	0
866.15	0	.1625137	.5574967	.2799897	0
865.15	0	.1654315	.5546213	.2799471	0
864.15	0	.1683267	.5517701	.2799032	0
863.15	0	.1711989	.5489432	.2798579	0
862.15	0	.1740482	.5461407	.2798112	0
861.15	0	.1768742	.5433627	.2797631	0
860.15	0	.179677	.5406093	.2797138	0
859.15	0	.1824564	.5378805	.2796631	0
858.15	0	.1852122	.5351766	.2796112	0
857.15	0	.1879444	.5324975	.2795581	0
856.15	0	.190653	.5298433	.2795037	0
855.15	0	.1933378	.527214	.2794482	0
854.15	0	.1959988	.5246097	.2793915	0
853.15	0	.198636	.5220303	.2793337	0
852.15	0	.2012493	.5194759	.2792748	0
851.15	0	.2038388	.5169465	.2792147	0
850.15	0	.2064044	.5144419	.2791537	0
849.15	0	.2089461	.5119623	.2790916	0
848.15	0	.211464	.5095075	.2790285	0
847.15	0	.213958	.5070775	.2789644	0
846.15	0	.2164283	.5046723	.2788994	0
845.15	0	.2188748	.5022917	.2788334	0
844.15	0	.2212977	.4999358	.2787666	0
843.15	0	.2236969	.4976043	.2786988	0
842.15	0	.2260727	.4952972	.2786302	0
841.15	0	.2284249	.4930144	.2785607	0
840.15	0	.2307538	.4907557	.2784905	0
839.15	0	.2330595	.4885212	.2784194	0
838.15	0	.235342	.4863105	.2783476	0
837.15	0	.2376014	.4841236	.278275	0
836.15	0	.2398379	.4819604	.2782017	0
835.15	0	.2420517	.4798207	.2781277	0
834.15	0	.2442428	.4777042	.2780529	0
833.15	0	.2464114	.475611	.2779776	0
832.15	0	.2485577	.4735408	.2779015	0
831.15	0	.2506817	.4714934	.2778249	0
830.15	0	.2527837	.4694687	.2777476	0
829.15	0	.2548638	.4674665	.2776697	0
828.15	0	.2569222	.4654865	.2775913	0
827.15	0	.258959	.4635287	.2775123	0
826.15	0	.2609744	.4615928	.2774328	0
825.15	0	.2629687	.4596786	.2773527	0
824.15	0	.2649419	.4577859	.2772722	0
823.15	0	.2668943	.4559146	.2771911	0
822.15	0	.268826	.4540644	.2771096	0
821.15	0	.2707373	.4522351	.2770276	0
820.15	0	.2726284	.4504265	.2769451	0
819.15	0	.2744993	.4486384	.2768623	0
818.15	0	.2763504	.4468706	.276779	0
817.15	0	.2781818	.4451229	.2766953	0
816.15	0	.2799938	.443395	.2766112	0
815.15	0	.2817864	.4416868	.2765267	0
814.15	0	.28356	.4399981	.2764419	0
813.15	0	.2853147	.4383286	.2763567	0
812.15	0	.2870507	.4366781	.2762712	0
811.15	0	.2887683	.4350464	.2761853	0
810.15	0	.2904675	.4334333	.2760992	0
809.15	0	.2921488	.4318385	.2760127	0
808.15	0	.2938121	.430262	.2759259	0
807.15	0	.2954578	.4287034	.2758389	0
806.15	0	.297086	.4271625	.2757515	0
805.15	0	.298697	.4256391	.2756639	0
804.15	0	.3002908	.4241331	.275576	0
803.15	0	.3018679	.4226442	.2754879	0
802.15	0	.3034282	.4211722	.2753996	0
801.15	0	.3049721	.4197169	.275311	0
800.15	0	.3064997	.4182781	.2752222	0
799.15	0	.3080112	.4168556	.2751332	0
798.15	0	.3095069	.4154491	.275044	0
797.15	0	.3109868	.4140586	.2749546	0
796.15	0	.3124512	.4126838	.274865	0
795.15	0	.3139003	.4113244	.2747752	0
794.15	0	.3153343	.4099804	.2746853	0
793.15	0	.3167534	.4086515	.2745952	0
792.15	0	.3181576	.4073375	.2745049	0
791.15	0	.3195473	.4060382	.2744145	0
790.15	0	.3209226	.4047535	.2743239	0
789.15	0	.3222836	.4034832	.2742332	0
788.15	0	.3236306	.402227	.2741424	0
787.15	0	.3249637	.4009848	.2740515	0
786.15	0	.3262831	.3997565	.2739604	0
785.15	0	.327589	.3985418	.2738692	0
784.15	0	.3288815	.3973406	.273778	0
783.15	0	.3301607	.3961527	.2736866	0
782.15	0	.331427	.3949779	.2735951	0
781.15	0	.3326803	.3938161	.2735036	0
780.15	0	.3339209	.3926671	.273412	0
779.15	0	.335149	.3915307	.2733202	0
778.15	0	.3363647	.3904069	.2732285	0
777.15	0	.337568	.3892953	.2731367	0
776.15	0	.3387593	.3881959	.2730448	0
775.2652	0	.3398033	.3872332	.2729634	0
775.2652	0	.3398033	.3872332	.2729634	0
775.2652	0	.3398033	.3872332	.2729634	0
775.15	0	.3402729	.3866497	.2728051	2.723341E-04
774.15	0	.3443011	.3816369	.2714422	.002619782
773.15	0	.3482484	.3767145	.2700975	.004939483
772.15	0	.3521166	.3718806	.2687709	.007231912
771.15	0	.3559073	.3671332	.267462	.009497531
770.15	0	.3596223	.3624704	.2661705	.01173679
769.15	0	.3632633	.3578905	.264896	.01395013
768.15	0	.366832	.3533916	.2636384	.01613797
767.15	0	.3703298	.3489721	.2623973	.01830074
766.15	0	.3737584	.3446303	.2611724	.02043885
765.15	0	.3771193	.3403645	.2599635	.02255269
764.15	0	.3804139	.3361732	.2587703	.02464265
763.15	0	.3836436	.3320549	.2575925	.02670911
762.15	0	.3868098	.3280079	.2564298	.02875245
761.15	0	.389914	.3240308	.2552821	.03077303
760.15	0	.3929574	.3201223	.2541491	.0327712
759.15	0	.3959413	.3162809	.2530305	.03474733
758.15	0	.3988669	.3125052	.2519261	.03670174
757.15	0	.4017356	.308794	.2508357	.03863478
756.15	0	.4045485	.3051458	.249759	.04054677
755.15	0	.4073067	.3015595	.2486958	.04243803
754.15	0	.4100115	.2980337	.2476459	.04430889
753.15	0	.412664	.2945673	.2466091	.04615965
752.15	0	.4152652	.2911591	.2455851	.04799061
751.15	0	.4178162	.2878079	.2445738	.04980208
750.15	0	.4203181	.2845126	.2435749	.05159434
749.15	0	.4227719	.2812721	.2425883	.05336769
748.15	0	.4251786	.2780853	.2416137	.05512241
747.15	0	.4275392	.2749511	.240651	.05685877
746.15	0	.4298547	.2718684	.2396999	.05857706
745.15	0	.4321259	.2688364	.2387602	.06027753
744.15	0	.4343538	.2658539	.2378319	.06196045
743.15	0	.4365393	.2629199	.2369146	.06362609
742.15	0	.4386834	.2600336	.2360083	.06527469
741.15	0	.4407868	.2571941	.2351127	.06690651
740.15	0	.4428503	.2544002	.2342277	.06852179
739.15	0	.4448749	.2516513	.233353	.07012078
738.15	0	.4468614	.2489464	.2324886	.07170372
737.15	0	.4488104	.2462846	.2316342	.07327084
736.15	0	.4507229	.2436651	.2307897	.07482238
735.15	0	.4525995	.2410871	.2299549	.07635856
734.15	0	.454441	.2385497	.2291297	.0778796
733.15	0	.4562482	.2360522	.2283139	.07938573
732.15	0	.4580217	.2335938	.2275073	.08087717
731.15	0	.4597623	.2311738	.2267099	.08235413
730.15	0	.4614706	.2287913	.2259214	.08381682
729.15	0	.4631473	.2264456	.2251417	.08526544
728.15	0	.464793	.2241362	.2243706	.08670021
727.15	0	.4664085	.2218621	.2236081	.08812131
726.15	0	.4679943	.2196228	.222854	.08952897
725.15	0	.469551	.2174176	.2221081	.09092335
724.15	0	.4710793	.2152458	.2213703	.09230467
723.15	0	.4725797	.2131068	.2206405	.0936731
722.15	0	.4740528	.2109999	.2199184	.09502884
721.15	0	.4754993	.2089245	.2192042	.09637206
720.15	0	.4769195	.2068801	.2184975	.09770296
719.15	0	.4783141	.204866	.2177982	.09902169
718.15	0	.4796837	.2028816	.2171063	.1003284
717.15	0	.4810287	.2009264	.2164216	.1016234
716.15	0	.4823496	.1989998	.215744	.1029067
715.15	0	.4836469	.1971012	.2150733	.1041786
714.15	0	.4849212	.1952302	.2144095	.1054391
713.15	0	.4861728	.1933862	.2137525	.1066885
712.15	0	.4874023	.1915687	.2131021	.1079269
711.15	0	.4886101	.1897771	.2124582	.1091545
710.15	0	.4897967	.188011	.2118208	.1103714
709.15	0	.4909625	.18627	.2111897	.1115778
708.15	0	.492108	.1845535	.2105647	.1127738
707.15	0	.4932334	.182861	.2099459	.1139596
706.15	0	.4943393	.1811922	.2093331	.1151354
705.15	0	.4954261	.1795465	.2087262	.1163012
704.15	0	.4964941	.1779236	.2081252	.1174571
703.15	0	.4975438	.176323	.2075298	.1186035
702.15	0	.4985754	.1747442	.2069401	.1197403
701.15	0	.4995894	.173187	.2063559	.1208678
700.15	0	.5005862	.1716508	.2057771	.1219859
699.15	0	.501566	.1701353	.2052037	.123095
698.15	0	.5025292	.1686401	.2046356	.1241951
697.15	0	.5034762	.1671649	.2040727	.1252863
696.15	0	.5044073	.1657092	.2035148	.1263687
695.15	0	.5053228	.1642727	.202962	.1274426
694.15	0	.506223	.162855	.2024142	.1285079
693.15	0	.5071082	.1614558	.2018712	.1295649
692.15	0	.5079787	.1600748	.2013329	.1306135
691.15	0	.5088349	.1587116	.2007994	.1316541
690.15	0	.509677	.157366	.2002705	.1326866
689.15	0	.5105052	.1560375	.1997462	.1337111
688.15	0	.51132	.1547258	.1992264	.1347279
687.15	0	.5121214	.1534307	.1987109	.1357369
686.15	0	.5129099	.1521519	.1981999	.1367383
685.15	0	.5136856	.1508891	.1976931	.1377322
684.15	0	.5144488	.1496419	.1971905	.1387188
683.15	0	.5151998	.1484101	.1966921	.139698
682.15	0	.5159388	.1471935	.1961977	.14067
681.15	0	.516666	.1459917	.1957074	.141635
680.15	0	.5173817	.1448044	.195221	.1425929
679.15	0	.518086	.1436316	.1947385	.1435439
678.15	0	.5187793	.1424727	.1942599	.1444881
677.15	0	.5194617	.1413277	.193785	.1454256
676.15	0	.5201334	.1401963	.1933138	.1463565
675.15	0	.5207947	.1390782	.1928463	.1472808
674.15	0	.5214457	.1379732	.1923825	.1481986
673.15	0	.5220867	.1368811	.1919221	.1491101
672.15	0	.5227178	.1358016	.1914653	.1500153
671.15	0	.5233393	.1347345	.1910119	.1509143
670.15	0	.5239512	.1336797	.1905619	.1518072
669.15	0	.5245539	.1326368	.1901153	.1526941
668.15	0	.5251474	.1316057	.1896719	.153575
667.15	0	.525732	.1305862	.1892318	.15445
666.15	0	.5263079	.1295781	.1887948	.1553192
665.15	0	.5268751	.1285812	.1883611	.1561827
664.15	0	.5274338	.1275952	.1879304	.1570406
663.15	0	.5279843	.1266201	.1875028	.1578928
662.15	0	.5285282	.1256541	.1870775	.1587403
661.15	0	.5290624	.1247002	.1866559	.1595815
660.15	0	.5295888	.1237565	.1862373	.1604174
659.15	0	.5301075	.1228229	.1858215	.1612481
658.15	0	.5306187	.1218992	.1854086	.1620735
657.15	0	.5311226	.1209852	.1849985	.1628938
656.15	0	.5316192	.1200808	.1845911	.163709
655.15	0	.5321087	.1191857	.1841864	.1645192
654.15	0	.5325913	.1182999	.1837844	.1653244
653.15	0	.533067	.1174232	.183385	.1661248
652.15	0	.533536	.1165555	.1829883	.1669203
651.15	0	.5339984	.1156965	.1825941	.1677111
650.15	0	.5344543	.1148461	.1822024	.1684972
649.15	0	.5349039	.1140043	.1818132	.1692786
648.15	0	.5353473	.1131708	.1814265	.1700554
647.15	0	.5357845	.1123456	.1810422	.1708277
646.15	0	.5362157	.1115284	.1806603	.1715956
645.15	0	.5366411	.1107192	.1802808	.172359
644.15	0	.5370606	.1099178	.1799035	.1731181
643.15	0	.5374745	.1091241	.1795286	.1738729
642.15	0	.5378827	.1083379	.179156	.1746234
641.15	0	.5382855	.1075592	.1787855	.1753697
640.15	0	.538683	.1067878	.1784173	.1761119
639.15	0	.5390751	.1060236	.1780513	.17685
638.15	0	.5394621	.1052665	.1776874	.177584
637.15	0	.5398439	.1045164	.1773256	.1783141
636.15	0	.5402208	.1037731	.1769659	.1790402
635.15	0	.5405927	.1030366	.1766082	.1797624
634.15	0	.5409599	.1023067	.1762526	.1804808
633.15	0	.5413223	.1015833	.175899	.1811954
632.15	0	.54168	.1008663	.1755474	.1819062
631.15	0	.5420332	.1001557	.1751977	.1826133
630.15	0	.5423819	.09945129	.17485	.1833168
629.15	0	.5427262	.09875299	.1745042	.1840167
628.15	0	.5430662	.09806071	.1741602	.1847129
627.15	0	.5434019	.09737435	.1738181	.1854057
626.15	0	.5437334	.09669381	.1734778	.1860949
625.15	0	.5440609	.09601902	.1731394	.1867807
624.15	0	.5443843	.09534986	.1728027	.1874631
623.15	0	.5447038	.09468626	.1724678	.1881422
622.15	0	.5450194	.09402813	.1721346	.1888179
621.15	0	.5453311	.09337538	.1718031	.1894904
620.15	0	.5456392	.09272792	.1714733	.1901596
619.15	0	.5459435	.09208567	.1711453	.1908256
618.15	0	.5462442	.09144855	.1708188	.1914884
617.15	0	.5465414	.09081648	.170494	.1921481
616.15	0	.5468351	.09018938	.1701708	.1928047
615.15	0	.5471253	.08956717	.1698492	.1934583
614.15	0	.5474122	.08894977	.1695292	.1941088
613.15	0	.5476958	.08833711	.1692108	.1947564
612.15	0	.5479761	.08772912	.1688938	.195401
611.15	0	.5482532	.08712572	.1685784	.1960427
610.15	0	.5485272	.08652684	.1682645	.1966815
609.15	0	.5487981	.08593241	.1679521	.1973174
608.15	0	.549066	.08534236	.1676411	.1979506
607.15	0	.5493309	.08475662	.1673316	.1985809
606.15	0	.5495928	.08417513	.1670235	.1992086
605.15	0	.5498519	.08359782	.1667168	.1998335
604.15	0	.5501082	.08302463	.1664115	.2004557
603.15	0	.5503616	.08245549	.1661076	.2010752
602.15	0	.5506124	.08189034	.1658051	.2016922
601.15	0	.5508605	.08132912	.1655039	.2023065
600.15	0	.5511059	.08077177	.1652041	.2029183
599.15	0	.5513487	.08021823	.1649055	.2035275
598.15	0	.551589	.07966844	.1646083	.2041342
597.15	0	.5518268	.07912234	.1643123	.2047385
596.15	0	.5520622	.07857988	.1640177	.2053403
595.15	0	.5522951	.078041	.1637243	.2059396
594.15	0	.5525256	.07750565	.1634321	.2065366
593.15	0	.5527538	.07697377	.1631412	.2071312
592.15	0	.5529797	.07644531	.1628515	.2077235
591.15	0	.5532034	.07592022	.162563	.2083134
590.15	0	.5534248	.07539844	.1622757	.2089011
589.15	0	.5536441	.07487994	.1619895	.2094864
588.15	0	.5538612	.07436464	.1617046	.2100696
587.15	0	.5540762	.07385252	.1614208	.2106505
586.15	0	.5542892	.07334352	.1611381	.2112292
585.15	0	.5545001	.07283759	.1608565	.2118058
584.15	0	.554709	.07233469	.1605761	.2123802
583.15	0	.5549159	.07183477	.1602968	.2129525
582.15	0	.555121	.07133778	.1600186	.2135227
581.15	0	.5553241	.07084369	.1597414	.2140908
580.15	0	.5555253	.07035244	.1594654	.2146569
579.15	0	.5557247	.069864	.1591904	.2152209
578.15	0	.5559224	.06937832	.1589164	.2157829
577.15	0	.5561182	.06889536	.1586435	.216343
576.15	0	.5563123	.06841508	.1583716	.216901
575.15	0	.5565047	.06793744	.1581007	.2174571
574.15	0	.5566954	.06746241	.1578309	.2180114
573.15	0	.5568844	.06698993	.157562	.2185636
572.15	0	.5570718	.06651998	.1572942	.2191141
571.15	0	.5572576	.06605251	.1570273	.2196626
570.15	0	.5574419	.06558748	.1567613	.2202093
569.15	0	.5576246	.06512487	.1564964	.2207542
568.15	0	.5578058	.06466463	.1562324	.2212973
567.15	0	.5579854	.06420673	.1559693	.2218385
566.15	0	.5581637	.06375114	.1557072	.222378
565.15	0	.5583404	.06329781	.1554459	.2229158
564.15	0	.5585158	.06284672	.1551856	.2234519
563.15	0	.5586898	.06239783	.1549263	.2239862
562.15	0	.5588623	.06195111	.1546677	.2245188
561.15	0	.5590336	.06150652	.1544102	.2250497
560.15	0	.5592035	.06106404	.1541534	.225579
559.15	0	.5593721	.06062362	.1538976	.2261067
558.15	0	.5595395	.06018525	.1536426	.2266327
557.15	0	.5597055	.05974889	.1533885	.2271571
556.15	0	.5598704	.05931451	.1531352	.2276799
555.15	0	.560034	.05888207	.1528828	.2282011
554.15	0	.5601965	.05845156	.1526312	.2287208
553.15	0	.5603577	.05802294	.1523804	.229239
552.15	0	.5605178	.05759618	.1521304	.2297556
551.15	0	.5606768	.05717125	.1518813	.2302706
550.15	0	.5608347	.05674814	.151633	.2307842
549.15	0	.5609914	.0563268	.1513854	.2312963
548.15	0	.5611471	.05590721	.1511387	.231807
547.15	0	.5613018	.05548935	.1508927	.2323161
546.15	0	.5614554	.05507319	.1506476	.2328239
545.15	0	.5616079	.0546587	.1504032	.2333302
544.15	0	.5617595	.05424586	.1501595	.2338351
543.15	0	.5619101	.05383464	.1499166	.2343386
542.15	0	.5620597	.05342502	.1496745	.2348408
541.15	0	.5622084	.05301698	.1494331	.2353415
540.15	0	.5623561	.05261048	.1491925	.2358409
539.15	0	.5625029	.05220551	.1489526	.236339
538.15	0	.5626488	.05180204	.1487134	.2368357
537.15	0	.5627939	.05140005	.1484749	.2373311
536.15	0	.562938	.05099952	.1482372	.2378253
535.15	0	.5630813	.05060042	.1480002	.2383181
534.15	0	.5632238	.05020273	.1477639	.2388097
533.15	0	.5633654	.04980643	.1475282	.2392999
532.15	0	.5635062	.0494115	.1472933	.239789
531.15	0	.5636463	.04901792	.1470591	.2402768
530.15	0	.5637855	.04862566	.1468255	.2407633
529.15	0	.563924	.0482347	.1465927	.2412487
528.15	0	.5640617	.04784503	.1463605	.2417328
527.15	0	.5641987	.04745662	.1461289	.2422158
526.15	0	.5643349	.04706946	.1458981	.2426976
525.15	0	.5644705	.04668352	.1456679	.2431782
524.15	0	.5646053	.04629879	.1454383	.2436576
523.15	0	.5647395	.04591524	.1452094	.2441359
522.15	0	.5648729	.04553285	.1449811	.2446131
521.15	0	.5650058	.04515162	.1447535	.2450891
520.15	0	.5651379	.04477151	.1445265	.245564
519.15	0	.5652695	.04439252	.1443002	.2460379
518.15	0	.5654004	.04401461	.1440744	.2465106
517.15	0	.5655306	.04363779	.1438493	.2469822
516.15	0	.5656603	.04326202	.1436248	.2474528
515.15	0	.5657894	.04288729	.143401	.2479223
514.15	0	.5659179	.04251359	.1431777	.2483908
513.15	0	.5660459	.04214089	.142955	.2488582
512.15	0	.5661733	.04176918	.142733	.2493246
511.15	0	.5663001	.04139844	.1425115	.24979
510.15	0	.5664264	.04102866	.1422906	.2502543
509.15	0	.5665522	.04065982	.1420703	.2507177
508.15	0	.5666774	.04029191	.1418506	.25118
507.15	0	.5668022	.03992491	.1416315	.2516414
506.15	0	.5669264	.0395588	.141413	.2521018
505.15	0	.5670502	.03919357	.141195	.2525612
504.15	0	.5671735	.0388292	.1409776	.2530197
503.15	0	.5672963	.03846568	.1407607	.2534772
502.15	0	.5674187	.03810299	.1405445	.2539338
501.15	0	.5675406	.03774113	.1403287	.2543895
500.15	0	.5676621	.03738007	.1401136	.2548443
499.15	0	.5677832	.0370198	.139899	.2552981
498.15	0	.5679038	.0366603	.1396849	.255751
497.15	0	.568024	.03630157	.1394714	.256203
496.15	0	.5681439	.03594359	.1392584	.2566542
495.15	0	.5682633	.03558634	.1390459	.2571044
494.15	0	.5683823	.03522982	.138834	.2575538
493.15	0	.568501	.034874	.1386227	.2580024
492.15	0	.5686193	.03451888	.1384118	.25845
491.15	0	.5687372	.03416445	.1382015	.2588969
490.15	0	.5688548	.0338107	.1379917	.2593429
489.15	0	.568972	.03345759	.1377824	.259788
488.15	0	.5690889	.03310513	.1375736	.2602324
487.15	0	.5692055	.0327533	.1373654	.2606759
486.15	0	.5693217	.03240209	.1371576	.2611186
485.15	0	.5694376	.03205149	.1369504	.2615605
484.15	0	.5695533	.03170149	.1367436	.2620016
483.15	0	.5696686	.03135207	.1365374	.262442
482.15	0	.5697836	.03100323	.1363317	.2628815
481.15	0	.5698983	.03065495	.1361264	.2633203
480.15	0	.5700128	.03030722	.1359217	.2637583
479.15	0	.570127	.02996003	.1357174	.2641956
478.15	0	.5702409	.02961336	.1355137	.2646321
477.15	0	.5703546	.02926722	.1353104	.2650679
476.15	0	.570468	.02892158	.1351076	.2655029
475.15	0	.5705811	.02857644	.1349053	.2659372
474.15	0	.5706941	.02823178	.1347034	.2663708
473.15	0	.5708067	.0278876	.134502	.2668036
472.15	0	.5709192	.02754388	.1343011	.2672358
471.15	0	.5710314	.02720062	.1341007	.2676672
470.15	0	.5711435	.0268578	.1339007	.268098
469.15	0	.5712553	.02651541	.1337012	.2685281
468.15	0	.5713669	.02617345	.1335022	.2689574
467.15	0	.5714783	.02583191	.1333036	.2693861
466.15	0	.5715896	.02549077	.1331055	.2698142
465.15	0	.5717006	.02515002	.1329079	.2702415
464.15	0	.5718115	.02480966	.1327107	.2706682
463.15	0	.5719222	.02446968	.1325139	.2710943
462.15	0	.5720327	.02413007	.1323176	.2715197
461.15	0	.572143	.02379081	.1321217	.2719444
460.15	0	.5722532	.0234519	.1319263	.2723685
459.15	0	.5723633	.02311334	.1317313	.272792
458.15	0	.5724732	.0227751	.1315368	.2732149
457.15	0	.5725829	.02243719	.1313427	.2736371
456.15	0	.5726926	.02209959	.1311491	.2740588
455.15	0	.572802	.0217623	.1309558	.2744798
454.15	0	.5729114	.02142531	.130763	.2749002
453.15	0	.5730206	.02108861	.1305707	.2753201
452.15	0	.5731297	.02075218	.1303788	.2757393
451.15	0	.5732388	.02041603	.1301873	.276158
450.15	0	.5733476	.02008014	.1299962	.276576
449.15	0	.5734565	.01974446	.1298055	.2769935
448.15	0	.5735652	.01940901	.1296153	.2774105
447.15	0	.5736738	.01907378	.1294255	.2778269
