T	 BPW(LIQUID)	BPW(BCC_A2)	BPW(FCC_A1)	BPW(LAVES_PHASE_C14)	BPW(NI3TI)
1473.15	0	1	0	0	0
1472.15	0	1	0	0	0
1471.15	0	1	0	0	0
1470.15	0	1	0	0	0
1469.15	0	1	0	0	0
1468.15	0	1	0	0	0
1467.15	0	1	0	0	0
1466.15	0	1	0	0	0
1465.15	0	1	0	0	0
1464.15	0	1	0	0	0
1463.15	0	1	0	0	0
1462.15	0	1	0	0	0
1461.15	0	1	0	0	0
1460.15	0	1	0	0	0
1459.15	0	1	0	0	0
1458.15	0	1	0	0	0
1457.15	0	1	0	0	0
1456.15	0	1	0	0	0
1455.15	0	1	0	0	0
1454.15	0	1	0	0	0
1453.15	0	1	0	0	0
1452.15	0	1	0	0	0
1451.15	0	1	0	0	0
1450.15	0	1	0	0	0
1449.15	0	1	0	0	0
1448.15	0	1	0	0	0
1447.15	0	1	0	0	0
1446.15	0	1	0	0	0
1445.15	0	1	0	0	0
1444.15	0	1	0	0	0
1443.15	0	1	0	0	0
1442.15	0	1	0	0	0
1441.15	0	1	0	0	0
1440.15	0	1	0	0	0
1439.15	0	1	0	0	0
1438.15	0	1	0	0	0
1437.15	0	1	0	0	0
1436.15	0	1	0	0	0
1435.15	0	1	0	0	0
1434.15	0	1	0	0	0
1433.15	0	1	0	0	0
1432.15	0	1	0	0	0
1431.15	0	1	0	0	0
1430.15	0	1	0	0	0
1429.15	0	1	0	0	0
1428.15	0	1	0	0	0
1427.15	0	1	0	0	0
1426.15	0	1	0	0	0
1425.15	0	1	0	0	0
1424.15	0	1	0	0	0
1423.15	0	1	0	0	0
1422.15	0	1	0	0	0
1421.15	0	1	0	0	0
1420.15	0	1	0	0	0
1419.15	0	1	0	0	0
1418.15	0	1	0	0	0
1417.15	0	1	0	0	0
1416.15	0	1	0	0	0
1415.15	0	1	0	0	0
1414.15	0	1	0	0	0
1413.15	0	1	0	0	0
1412.15	0	1	0	0	0
1411.15	0	1	0	0	0
1410.15	0	1	0	0	0
1409.15	0	1	0	0	0
1408.15	0	1	0	0	0
1407.15	0	1	0	0	0
1406.15	0	1	0	0	0
1405.15	0	1	0	0	0
1404.15	0	1	0	0	0
1403.15	0	1	0	0	0
1402.15	0	1	0	0	0
1401.15	0	1	0	0	0
1400.15	0	1	0	0	0
1399.15	0	1	0	0	0
1398.15	0	1	0	0	0
1397.15	0	1	0	0	0
1396.15	0	1	0	0	0
1395.15	0	1	0	0	0
1394.15	0	1	0	0	0
1393.15	0	1	0	0	0
1392.15	0	1	0	0	0
1391.15	0	1	0	0	0
1390.15	0	1	0	0	0
1389.15	0	1	0	0	0
1388.15	0	1	0	0	0
1387.15	0	1	0	0	0
1386.15	0	1	0	0	0
1385.15	0	1	0	0	0
1384.15	0	1	0	0	0
1383.15	0	1	0	0	0
1382.15	0	1	0	0	0
1381.15	0	1	0	0	0
1380.15	0	1	0	0	0
1379.15	0	1	0	0	0
1378.15	0	1	0	0	0
1377.15	0	1	0	0	0
1376.15	0	1	0	0	0
1375.15	0	1	0	0	0
1374.15	0	1	0	0	0
1373.15	0	1	0	0	0
1372.15	0	1	0	0	0
1371.15	0	1	0	0	0
1370.15	0	1	0	0	0
1369.15	0	1	0	0	0
1368.15	0	1	0	0	0
1367.15	0	1	0	0	0
1366.15	0	1	0	0	0
1365.15	0	1	0	0	0
1364.15	0	1	0	0	0
1363.15	0	1	0	0	0
1362.15	0	1	0	0	0
1361.15	0	1	0	0	0
1360.15	0	1	0	0	0
1359.15	0	1	0	0	0
1358.15	0	1	0	0	0
1357.15	0	1	0	0	0
1356.15	0	1	0	0	0
1355.15	0	1	0	0	0
1354.15	0	1	0	0	0
1353.15	0	1	0	0	0
1352.15	0	1	0	0	0
1351.15	0	1	0	0	0
1350.15	0	1	0	0	0
1349.15	0	1	0	0	0
1348.15	0	1	0	0	0
1347.15	0	1	0	0	0
1346.15	0	1	0	0	0
1345.15	0	1	0	0	0
1344.15	0	1	0	0	0
1343.15	0	1	0	0	0
1342.15	0	1	0	0	0
1341.15	0	1	0	0	0
1340.15	0	1	0	0	0
1339.15	0	1	0	0	0
1338.15	0	1	0	0	0
1337.15	0	1	0	0	0
1336.15	0	1	0	0	0
1335.15	0	1	0	0	0
1334.15	0	1	0	0	0
1333.15	0	1	0	0	0
1332.15	0	1	0	0	0
1331.15	0	1	0	0	0
1330.15	0	1	0	0	0
1329.15	0	1	0	0	0
1328.15	0	1	0	0	0
1327.15	0	1	0	0	0
1326.15	0	1	0	0	0
1325.15	0	1	0	0	0
1324.75	0	1	0	0	0
1324.75	0	1	0	0	0
1324.75	0	1	0	0	0
1324.15	0	.9996147	0	3.853237E-04	0
1323.15	0	.9989732	0	.001026763	0
1322.15	0	.9983332	0	.001666756	0
1321.15	0	.9976947	0	.002305308	0
1320.15	0	.9970576	0	.002942422	0
1319.15	0	.9964219	0	.003578103	0
1318.15	0	.9957876	0	.004212355	0
1317.15	0	.9951548	0	.004845183	0
1316.15	0	.9945234	0	.00547659	0
1315.15	0	.9938934	0	.006106581	0
1314.15	0	.9932648	0	.006735159	0
1313.15	0	.9926377	0	.00736233	0
1312.15	0	.9920119	0	.007988096	0
1311.15	0	.9913875	0	.008612463	0
1310.15	0	.9907646	0	.009235433	0
1309.15	0	.990143	0	.009857013	0
1308.15	0	.9895228	0	.0104772	0
1307.15	0	.988904	0	.01109601	0
1306.15	0	.9882866	0	.01171344	0
1305.15	0	.9876705	0	.01232949	0
1304.15	0	.9870558	0	.01294417	0
1303.15	0	.9864425	0	.01355749	0
1302.15	0	.9858306	0	.01416944	0
1301.15	0	.98522	0	.01478003	0
1300.15	0	.9846107	0	.01538926	0
1299.15	0	.9840029	0	.01599714	0
1298.15	0	.9833963	0	.01660367	0
1297.15	0	.9827911	0	.01720886	0
1296.15	0	.9821873	0	.01781271	0
1295.15	0	.9815848	0	.01841522	0
1294.15	0	.9809836	0	.0190164	0
1293.15	0	.9803838	0	.01961625	0
1292.15	0	.9797852	0	.02021478	0
1291.15	0	.979188	0	.02081198	0
1290.15	0	.9785921	0	.02140786	0
1289.15	0	.9779976	0	.02200243	0
1288.15	0	.9774043	0	.02259569	0
1287.15	0	.9768123	0	.02318765	0
1286.15	0	.9762217	0	.0237783	0
1285.15	0	.9756324	0	.02436765	0
1284.15	0	.9750443	0	.0249557	0
1283.15	0	.9744575	0	.02554246	0
1282.15	0	.9738721	0	.02612794	0
1281.15	0	.9732879	0	.02671212	0
1280.15	0	.972705	0	.02729503	0
1279.15	0	.9721233	0	.02787666	0
1278.15	0	.971543	0	.02845701	0
1277.15	0	.9709639	0	.0290361	0
1276.15	0	.9703861	0	.02961391	0
1275.15	0	.9698095	0	.03019047	0
1274.15	0	.9692342	0	.03076576	0
1273.15	0	.9686602	0	.03133979	0
1272.15	0	.9680874	0	.03191257	0
1271.15	0	.9675159	0	.0324841	0
1270.15	0	.9669456	0	.03305439	0
1269.15	0	.9663766	0	.03362343	0
1268.15	0	.9658088	0	.03419123	0
1267.15	0	.9652422	0	.03475779	0
1266.15	0	.9646769	0	.03532312	0
1265.15	0	.9641128	0	.03588723	0
1264.15	0	.9635499	0	.0364501	0
1263.15	0	.9629883	0	.03701175	0
1262.15	0	.9624278	0	.03757218	0
1261.15	0	.9618686	0	.0381314	0
1260.15	0	.9613106	0	.0386894	0
1259.15	0	.9607538	0	.03924619	0
1258.15	0	.9601982	0	.03980177	0
1257.15	0	.9596438	0	.04035615	0
1256.15	0	.9590907	0	.04090933	0
1255.15	0	.9585387	0	.04146132	0
1254.15	0	.9579879	0	.0420121	0
1253.15	0	.9574383	0	.0425617	0
1252.15	0	.9568899	0	.04311011	0
1251.15	0	.9563427	0	.04365734	0
1250.15	0	.9557966	0	.04420338	0
1249.15	0	.9552518	0	.04474824	0
1248.15	0	.9547081	0	.04529193	0
1247.15	0	.9541655	0	.04583445	0
1246.15	0	.9536242	0	.0463758	0
1245.15	0	.953084	0	.04691598	0
1244.15	0	.952545	0	.04745499	0
1243.15	0	.9520072	0	.04799285	0
1242.15	0	.9514705	0	.04852955	0
1241.15	0	.9509349	0	.0490651	0
1240.15	0	.9504005	0	.0495995	0
1239.15	0	.9498673	0	.05013274	0
1238.15	0	.9493352	0	.05066485	0
1237.15	0	.9488042	0	.05119581	0
1236.15	0	.9482744	0	.05172563	0
1235.15	0	.9477457	0	.05225431	0
1234.15	0	.9472181	0	.05278186	0
1233.15	0	.9466917	0	.05330828	0
1232.15	0	.9461664	0	.05383357	0
1231.15	0	.9456423	0	.05435774	0
1230.15	0	.9451192	0	.05488079	0
1229.15	0	.9445973	0	.05540271	0
1228.15	0	.9440765	0	.05592352	0
1227.15	0	.9435568	0	.05644322	0
1226.15	0	.9430382	0	.0569618	0
1225.15	0	.9425207	0	.05747928	0
1224.15	0	.9420043	0	.05799566	0
1223.15	0	.9414891	0	.05851093	0
1222.15	0	.9409749	0	.0590251	0
1221.15	0	.9404618	0	.05953817	0
1220.15	0	.9399499	0	.06005015	0
1219.15	0	.939439	0	.06056104	0
1218.15	0	.9389292	0	.06107084	0
1217.15	0	.9384204	0	.06157955	0
1216.15	0	.9379128	0	.06208718	0
1215.15	0	.9374063	0	.06259373	0
1214.15	0	.9369008	0	.0630992	0
1213.15	0	.9363964	0	.0636036	0
1212.15	0	.9358931	0	.06410692	0
1211.15	0	.9353908	0	.06460918	0
1210.15	0	.9348896	0	.06511036	0
1209.15	0	.9343895	0	.06561048	0
1208.15	0	.9338905	0	.06610954	0
1207.15	0	.9333925	0	.06660754	0
1206.15	0	.9328955	0	.06710448	0
1205.15	0	.9323996	0	.06760037	0
1204.15	0	.9319048	0	.06809521	0
1203.15	0	.931411	0	.06858899	0
1202.15	0	.9309183	0	.06908173	0
1201.15	0	.9304266	0	.06957343	0
1200.15	0	.9299359	0	.07006408	0
1199.15	0	.9294463	0	.07055369	0
1198.15	0	.9289577	0	.07104227	0
1197.15	0	.9284702	0	.07152981	0
1196.15	0	.9279837	0	.07201632	0
1195.15	0	.9274982	0	.0725018	0
1194.15	0	.9270138	0	.07298625	0
1193.15	0	.9265303	0	.07346968	0
1192.15	0	.9260479	0	.07395208	0
1191.15	0	.9255665	0	.07443347	0
1190.15	0	.9250862	0	.07491384	0
1189.15	0	.9246068	0	.07539319	0
1188.15	0	.9241285	0	.07587153	0
1187.15	0	.9236511	0	.07634886	0
1186.15	0	.9231748	0	.07682518	0
1185.15	0	.9226995	0	.07730049	0
1184.15	0	.9222252	0	.07777481	0
1183.15	0	.9217519	0	.07824812	0
1182.15	0	.9212796	0	.07872043	0
1181.15	0	.9208083	0	.07919174	0
1180.15	0	.9203379	0	.07966206	0
1179.15	0	.9198686	0	.08013139	0
1178.15	0	.9194003	0	.08059973	0
1177.15	0	.9189329	0	.08106708	0
1176.15	0	.9184665	0	.08153345	0
1175.15	0	.9180012	0	.08199883	0
1174.15	0	.9175368	0	.08246324	0
1173.15	0	.9170733	0	.08292666	0
1172.15	0	.9166109	0	.08338911	0
1171.15	0	.9161494	0	.08385058	0
1170.15	0	.9156889	0	.08431108	0
1169.15	0	.9152294	0	.08477061	0
1168.15	0	.9147708	0	.08522918	0
1167.15	0	.9143132	0	.08568678	0
1166.15	0	.9138566	0	.08614341	0
1165.15	0	.9134009	0	.08659909	0
1164.15	0	.9129462	0	.0870538	0
1163.15	0	.9124924	0	.08750756	0
1162.15	0	.9120396	0	.08796036	0
1161.15	0	.9115878	0	.08841221	0
1160.15	0	.9111369	0	.08886311	0
1159.15	0	.9106869	0	.08931306	0
1158.15	0	.9102379	0	.08976207	0
1157.15	0	.9097899	0	.09021013	0
1156.15	0	.9093428	0	.09065725	0
1155.15	0	.9088966	0	.09110342	0
1154.15	0	.9084513	0	.09154868	0
1153.15	0	.908007	0	.09199299	0
1152.15	0	.9075637	0	.09243635	0
1151.15	0	.9071212	0	.09287879	0
1150.15	0	.9066797	0	.0933203	0
1149.15	0	.9062391	0	.09376087	0
1148.15	0	.9057995	0	.09420053	0
1147.15	0	.9053608	0	.09463925	0
1146.15	0	.9049229	0	.09507706	0
1145.15	0	.9044861	0	.09551394	0
1144.15	0	.9040501	0	.09594991	0
1143.15	0	.903615	0	.09638496	0
1142.15	0	.9031809	0	.09681909	0
1141.15	0	.9027477	0	.09725231	0
1140.15	0	.9023154	0	.09768463	0
1139.15	0	.901884	0	.09811603	0
1138.15	0	.9014535	0	.09854653	0
1137.15	0	.9010239	0	.09897612	0
1136.15	0	.9005952	0	.09940481	0
1135.15	0	.9001674	0	.09983259	0
1134.15	0	.8997405	0	.1002595	0
1133.15	0	.8993145	0	.1006855	0
1132.15	0	.8988894	0	.1011106	0
1131.15	0	.8984652	0	.1015348	0
1130.15	0	.8980419	0	.1019581	0
1129.15	0	.8976195	0	.1023805	0
1128.15	0	.897198	0	.102802	0
1127.15	0	.8967773	0	.1032227	0
1126.15	0	.8963576	0	.1036424	0
1125.15	0	.8959387	0	.1040613	0
1124.15	0	.8955207	0	.1044793	0
1123.15	0	.8951036	0	.1048964	0
1122.15	0	.8946873	0	.1053127	0
1121.15	0	.894272	0	.105728	0
1120.15	0	.8938575	0	.1061425	0
1119.15	0	.8934439	0	.1065561	0
1118.15	0	.8930311	0	.1069689	0
1117.15	0	.8926192	0	.1073808	0
1116.15	0	.8922082	0	.1077918	0
1115.15	0	.8917981	0	.1082019	0
1114.15	0	.8913888	0	.1086112	0
1113.15	0	.8909804	0	.1090196	0
1112.15	0	.8905728	0	.1094272	0
1111.15	0	.8901661	0	.1098339	0
1110.15	0	.8897603	0	.1102397	0
1109.15	0	.8893553	0	.1106447	0
1108.15	0	.8889512	0	.1110488	0
1107.15	0	.8885479	0	.1114521	0
1106.15	0	.8881455	0	.1118545	0
1105.15	0	.8877439	0	.1122561	0
1104.15	0	.8873432	0	.1126569	0
1103.15	0	.8869433	0	.1130567	0
1102.15	0	.8865442	0	.1134558	0
1101.15	0	.886146	0	.113854	0
1100.15	0	.8857486	0	.1142514	0
1099.15	0	.8853521	0	.1146479	0
1098.15	0	.8849564	0	.1150436	0
1097.15	0	.8845616	0	.1154384	0
1096.15	0	.8841676	0	.1158324	0
1095.15	0	.8837744	0	.1162256	0
1094.15	0	.883382	0	.116618	0
1093.15	0	.8829905	0	.1170095	0
1092.15	0	.8825998	0	.1174002	0
1091.15	0	.88221	0	.1177901	0
1090.15	0	.8818209	0	.1181791	0
1089.15	0	.8814327	0	.1185673	0
1088.15	0	.8810453	0	.1189547	0
1087.15	0	.8806587	0	.1193413	0
1086.15	0	.880273	0	.119727	0
1085.15	0	.879888	0	.120112	0
1084.15	0	.8795039	0	.1204961	0
1083.15	0	.8791206	0	.1208794	0
1082.15	0	.8787381	0	.1212619	0
1081.15	0	.8783564	0	.1216436	0
1080.15	0	.8779755	0	.1220245	0
1079.15	0	.8775955	0	.1224045	0
1078.15	0	.8772162	0	.1227838	0
1077.15	0	.8768378	0	.1231622	0
1076.15	0	.8764601	0	.1235399	0
1075.15	0	.8760833	0	.1239167	0
1074.15	0	.8757072	0	.1242928	0
1073.15	0	.875332	0	.124668	0
1072.15	0	.8749576	0	.1250424	0
1071.15	0	.8745839	0	.1254161	0
1070.15	0	.8742111	0	.125789	0
1069.15	0	.873839	0	.126161	0
1068.15	0	.8734677	0	.1265323	0
1067.15	0	.8730973	0	.1269027	0
1066.15	0	.8727276	0	.1272724	0
1065.15	0	.8723587	0	.1276413	0
1064.15	0	.8719906	0	.1280094	0
1063.15	0	.8716233	0	.1283767	0
1062.15	0	.8712568	0	.1287432	0
1061.15	0	.870891	0	.129109	0
1060.15	0	.8705261	0	.1294739	0
1059.15	0	.8701619	0	.1298381	0
1058.15	0	.8697985	0	.1302015	0
1057.15	0	.8694359	0	.1305641	0
1056.15	0	.869074	0	.130926	0
1055.15	0	.8687129	0	.1312871	0
1054.15	0	.8683526	0	.1316474	0
1053.15	0	.8679931	0	.1320069	0
1052.15	0	.8676344	0	.1323656	0
1051.15	0	.8672764	0	.1327236	0
1050.15	0	.8669192	0	.1330808	0
1049.15	0	.8665628	0	.1334372	0
1048.15	0	.8662071	0	.1337929	0
1047.15	0	.8658522	0	.1341478	0
1046.15	0	.8654981	0	.1345019	0
1045.15	0	.8651447	0	.1348553	0
1044.15	0	.8647921	0	.1352079	0
1043.15	0	.8644402	0	.1355598	0
1042.15	0	.8640891	0	.1359109	0
1041.15	0	.8637388	0	.1362612	0
1040.15	0	.8633892	0	.1366108	0
1039.15	0	.8630404	0	.1369596	0
1038.15	0	.8626924	0	.1373077	0
1037.15	0	.862345	0	.137655	0
1036.15	0	.8619985	0	.1380015	0
1035.15	0	.8616527	0	.1383473	0
1034.15	0	.8613076	0	.1386924	0
1033.15	0	.8609633	0	.1390367	0
1032.15	0	.8606198	0	.1393802	0
1031.15	0	.860277	0	.139723	0
1030.15	0	.8599349	0	.1400651	0
1029.15	0	.8595936	0	.1404064	0
1028.15	0	.859253	0	.140747	0
1027.15	0	.8589132	0	.1410868	0
1026.15	0	.8585741	0	.1414259	0
1025.15	0	.8582357	0	.1417643	0
1024.15	0	.8578981	0	.1421019	0
1023.15	0	.8575613	0	.1424387	0
1022.15	0	.8572251	0	.1427749	0
1021.15	0	.8568897	0	.1431103	0
1020.15	0	.8565551	0	.1434449	0
1019.15	0	.8562211	0	.1437789	0
1018.15	0	.855888	0	.1441121	0
1017.15	0	.8555555	0	.1444445	0
1016.15	0	.8552238	0	.1447763	0
1015.15	0	.8548927	0	.1451072	0
1014.15	0	.8545625	0	.1454375	0
1013.15	0	.8542329	0	.1457671	0
1012.15	0	.8539041	0	.1460959	0
1011.15	0	.853576	0	.146424	0
1010.15	0	.8532486	0	.1467514	0
1009.15	0	.852922	0	.147078	0
1008.15	0	.8525961	0	.1474039	0
1007.15	0	.8522709	0	.1477291	0
1006.15	0	.8519464	0	.1480536	0
1005.15	0	.8516226	0	.1483774	0
1004.15	0	.8512996	0	.1487004	0
1003.15	0	.8509773	0	.1490228	0
1002.15	0	.8506556	0	.1493444	0
1001.15	0	.8503348	0	.1496652	0
1000.15	0	.8500146	0	.1499854	0
999.15	0	.8496951	0	.1503049	0
998.15	0	.8493763	0	.1506237	0
997.15	0	.8490583	0	.1509417	0
996.15	0	.848741	0	.151259	0
995.15	0	.8484244	0	.1515757	0
994.15	0	.8481084	0	.1518916	0
993.15	0	.8477932	0	.1522068	0
992.15	0	.8474787	0	.1525213	0
991.15	0	.8471649	0	.1528351	0
990.15	0	.8468519	0	.1531482	0
989.15	0	.8465395	0	.1534605	0
988.15	0	.8462278	0	.1537722	0
987.15	0	.8459168	0	.1540832	0
986.15	0	.8456065	0	.1543935	0
985.15	0	.845297	0	.154703	0
984.15	0	.8449881	0	.1550119	0
983.15	0	.8446799	0	.1553201	0
982.15	0	.8443724	0	.1556276	0
981.15	0	.8440656	0	.1559344	0
980.15	0	.8437596	0	.1562405	0
979.15	0	.8434542	0	.1565458	0
978.15	0	.8431495	0	.1568505	0
977.15	0	.8428455	0	.1571546	0
976.15	0	.8425421	0	.1574579	0
975.15	0	.8422395	0	.1577605	0
974.15	0	.8419376	0	.1580624	0
973.15	0	.8416363	0	.1583636	0
972.15	0	.8413358	0	.1586642	0
971.15	0	.8410359	0	.1589641	0
970.15	0	.8407368	0	.1592632	0
969.15	0	.8404383	0	.1595617	0
968.15	0	.8401405	0	.1598595	0
967.15	0	.8398433	0	.1601567	0
966.15	0	.8395469	0	.1604531	0
965.15	0	.8392512	0	.1607488	0
964.15	0	.8389561	0	.1610439	0
963.15	0	.8386617	0	.1613383	0
962.15	0	.838368	0	.161632	0
961.15	0	.838075	0	.161925	0
960.15	0	.8377826	0	.1622174	0
959.15	0	.837491	0	.162509	0
958.15	0	.8372	0	.1628	0
957.15	0	.8369097	0	.1630903	0
956.15	0	.83662	0	.16338	0
955.15	0	.8363311	0	.163669	0
954.15	0	.8360428	0	.1639572	0
953.15	0	.8357552	0	.1642448	0
952.15	0	.8354682	0	.1645318	0
951.15	0	.8351819	0	.1648181	0
950.15	0	.8348963	0	.1651037	0
949.15	0	.8346114	0	.1653886	0
948.15	0	.8343272	0	.1656729	0
947.15	0	.8340436	0	.1659565	0
946.15	0	.8337606	0	.1662394	0
945.15	0	.8334784	0	.1665216	0
944.15	0	.8331968	0	.1668032	0
943.15	0	.8329159	0	.1670841	0
942.15	0	.8326356	0	.1673644	0
941.15	0	.832356	0	.167644	0
940.15	0	.8320771	0	.1679229	0
939.15	0	.8317988	0	.1682012	0
938.15	0	.8315212	0	.1684788	0
937.15	0	.8312443	0	.1687557	0
936.15	0	.830968	0	.169032	0
935.15	0	.8306924	0	.1693076	0
934.15	0	.8304174	0	.1695826	0
933.15	0	.8301431	0	.1698569	0
932.15	0	.8298695	0	.1701306	0
931.15	0	.8295965	0	.1704035	0
930.15	0	.8293241	0	.1706759	0
929.15	0	.8290525	0	.1709476	0
928.15	0	.8287814	0	.1712186	0
927.15	0	.8285111	0	.1714889	0
926.15	0	.8282413	0	.1717587	0
925.15	0	.8279723	0	.1720277	0
924.15	0	.8277039	0	.1722961	0
923.15	0	.8274361	0	.1725639	0
922.15	0	.827169	0	.172831	0
921.15	0	.8269025	0	.1730975	0
920.15	0	.8266367	0	.1733633	0
919.15	0	.8263716	0	.1736284	0
918.15	0	.8261071	0	.173893	0
917.15	0	.8258432	0	.1741568	0
916.15	0	.82558	0	.17442	0
915.15	0	.8253174	0	.1746826	0
914.15	0	.8250555	0	.1749445	0
913.15	0	.8247942	0	.1752058	0
912.15	0	.8245335	0	.1754665	0
911.15	0	.8242735	0	.1757265	0
910.15	0	.8240142	0	.1759858	0
909.15	0	.8237555	0	.1762445	0
908.15	0	.8234974	0	.1765026	0
907.15	0	.8232399	0	.1767601	0
906.15	0	.8229831	0	.1770169	0
905.15	0	.822727	0	.177273	0
904.15	0	.8224715	0	.1775285	0
903.15	0	.8222166	0	.1777834	0
902.15	0	.8219623	0	.1780377	0
901.15	0	.8217087	0	.1782913	0
900.15	0	.8214558	0	.1785443	0
899.15	0	.8212034	0	.1787966	0
898.15	0	.8209517	0	.1790483	0
897.15	0	.8207006	0	.1792994	0
896.15	0	.8204502	0	.1795498	0
895.15	0	.8202004	0	.1797996	0
894.15	0	.8199512	0	.1800488	0
893.15	0	.8197026	0	.1802974	0
892.15	0	.8194547	0	.1805453	0
891.15	0	.8192074	0	.1807926	0
890.15	0	.8189608	0	.1810392	0
889.15	0	.8187147	0	.1812853	0
888.15	0	.8184693	0	.1815307	0
887.15	0	.8182245	0	.1817755	0
886.15	0	.8179804	0	.1820197	0
885.15	0	.8177368	0	.1822632	0
884.15	0	.8174939	0	.1825061	0
883.15	0	.8172516	0	.1827484	0
882.15	0	.8170099	0	.1829901	0
881.15	0	.8167689	0	.1832311	0
880.15	0	.8165285	0	.1834715	0
879.15	0	.8162887	0	.1837114	0
878.15	0	.8160495	0	.1839505	0
877.15	0	.8158109	0	.1841891	0
876.15	0	.8155729	0	.1844271	0
875.15	0	.8153356	0	.1846644	0
874.15	0	.8150989	0	.1849011	0
873.15	0	.8148628	0	.1851372	0
872.15	0	.8146273	0	.1853727	0
871.15	0	.8143924	0	.1856076	0
870.15	0	.8141581	0	.1858419	0
869.15	0	.8139245	0	.1860755	0
868.15	0	.8136914	0	.1863086	0
867.9434	0	.8136434	0	.1863566	0
867.9434	0	.8136434	0	.1863566	0
867.9434	0	.8136434	0	.1863566	0
867.15	0	.8128902	6.494352E-04	.1864604	0
866.15	0	.8119412	.001469134	.1865897	0
865.15	0	.8109925	.002290233	.1867173	0
864.15	0	.810044	.003112827	.1868432	0
863.15	0	.8090957	.003937014	.1869673	0
862.15	0	.8081474	.004762896	.1870897	0
861.15	0	.8071991	.005590579	.1872103	0
860.15	0	.8062507	.006420172	.1873291	0
859.15	0	.8053021	.007251789	.1874461	0
858.15	0	.8043532	.008085547	.1875613	0
857.15	0	.8034039	.008921568	.1876745	0
856.15	0	.8024542	.00975998	.1877858	0
855.15	0	.8015038	.01060091	.1878953	0
854.15	0	.8005528	.01144451	.1880027	0
853.15	0	.799601	.0122909	.1881081	0
852.15	0	.7986482	.01314024	.1882115	0
851.15	0	.7976944	.01399268	.1883129	0
850.15	0	.7967395	.01484839	.1884121	0
849.15	0	.7957832	.01570752	.1885092	0
848.15	0	.7948256	.01657025	.1886042	0
847.15	0	.7938663	.01743676	.1886969	0
846.15	0	.7929053	.01830724	.1887874	0
845.15	0	.7919425	.01918189	.1888756	0
844.15	0	.7909776	.02006091	.1889615	0
843.15	0	.7900105	.02094451	.189045	0
842.15	0	.789041	.02183292	.1891261	0
841.15	0	.7880689	.02272638	.1892047	0
840.15	0	.7870941	.02362512	.1892808	0
839.15	0	.7861163	.02452942	.1893543	0
838.15	0	.7851354	.02543952	.1894251	0
837.15	0	.784151	.02635573	.1894933	0
836.15	0	.783163	.02727833	.1895587	0
835.15	0	.782171	.02820764	.1896213	0
834.15	0	.781175	.02914399	.189681	0
833.15	0	.7801745	.03008773	.1897378	0
832.15	0	.7791693	.03103922	.1897915	0
831.15	0	.778159	.03199884	.1898421	0
830.15	0	.7771435	.03296702	.1898895	0
829.15	0	.7761222	.03394417	.1899337	0
828.15	0	.7750948	.03493076	.1899744	0
827.15	0	.7740611	.03592728	.1900117	0
826.15	0	.7730204	.03693424	.1900454	0
825.15	0	.7719725	.03795219	.1900753	0
824.15	0	.7709168	.03898173	.1901015	0
823.15	0	.7698528	.04002347	.1901237	0
822.15	0	.76878	.04107809	.1901419	0
821.15	0	.7676979	.04214631	.1901558	0
820.15	0	.7666058	.0432289	.1901653	0
819.15	0	.765503	.04432669	.1901703	0
818.15	0	.7643889	.04544057	.1901705	0
817.15	0	.7632626	.04657152	.1901658	0
816.15	0	.7621234	.04772057	.190156	0
815.15	0	.7609703	.04888888	.1901408	0
814.15	0	.7598023	.05007767	.19012	0
813.15	0	.7586184	.0512883	.1900933	0
812.15	0	.7572246	.05274546	.19003	0
811.15	0	.7553554	.05475868	.1898859	0
810.15	0	.753554	.05669976	.1897462	0
809.15	0	.7518168	.05857271	.1896105	0
808.15	0	.7501399	.06038125	.1894788	0
807.15	0	.7485203	.06212884	.1893509	0
806.15	0	.7469547	.06381874	.1892266	0
805.15	0	.7454403	.06545396	.1891057	0
804.15	0	.7439744	.06703735	.1889882	0
803.15	0	.7425546	.06857152	.1888739	0
802.15	0	.7411785	.07005896	.1887625	0
801.15	0	.7398439	.07150197	.1886541	0
800.15	0	.7385488	.0729027	.1885485	0
799.15	0	.7372914	.07426318	.1884455	0
798.15	0	.7360697	.07558529	.188345	0
797.15	0	.7348822	.07687083	.188247	0
796.15	0	.7337273	.07812146	.1881512	0
795.15	0	.7326036	.07933874	.1880577	0
794.15	0	.7315095	.08052415	.1879663	0
793.15	0	.730444	.08167909	.1878769	0
792.15	0	.7294057	.08280485	.1877895	0
791.15	0	.7283934	.08390267	.1877039	0
790.15	0	.7274062	.08497372	.1876201	0
789.15	0	.7264429	.0860191	.187538	0
788.15	0	.7255026	.08703983	.1874575	0
787.15	0	.7245845	.08803692	.1873786	0
786.15	0	.7236875	.08901128	.1873012	0
785.15	0	.722811	.0899638	.1872252	0
784.15	0	.7219541	.09089531	.1871506	0
783.15	0	.7211161	.09180661	.1870773	0
782.15	0	.7202973	.09269768	.187005	0
781.15	0	.719495	.09357084	.1869342	0
780.15	0	.7187096	.09442594	.1868645	0
779.15	0	.7179404	.09526361	.186796	0
778.15	0	.7171871	.09608447	.1867285	0
777.15	0	.7164489	.09688911	.186662	0
776.15	0	.7157253	.0976781	.1865966	0
775.15	0	.715016	.09845195	.1865321	0
774.15	0	.7143204	.09921119	.1864685	0
773.15	0	.713638	.09995629	.1864057	0
772.15	0	.7129684	.1006877	.1863438	0
771.15	0	.7123113	.1014059	.1862827	0
770.15	0	.7116662	.1021114	.1862224	0
769.15	0	.7110328	.1028044	.1861629	0
768.15	0	.7104106	.1034854	.186104	0
767.15	0	.7097993	.1041548	.1860459	0
766.15	0	.7091987	.1048129	.1859884	0
765.15	0	.7086084	.1054601	.1859315	0
764.15	0	.708028	.1060967	.1858753	0
763.15	0	.7074574	.106723	.1858197	0
762.15	0	.7068961	.1073393	.1857646	0
761.15	0	.7063441	.1079459	.1857101	0
760.15	0	.7058008	.1085431	.1856561	0
759.15	0	.7052663	.1091311	.1856026	0
758.15	0	.7047401	.1097103	.1855496	0
757.15	0	.7042221	.1102808	.1854971	0
756.15	0	.703712	.1108429	.1854451	0
755.15	0	.7032097	.1113968	.1853934	0
754.15	0	.7027149	.1119428	.1853422	0
753.15	0	.7022275	.1124811	.1852914	0
752.15	0	.7017471	.1130118	.185241	0
751.15	0	.7012738	.1135352	.185191	0
750.15	0	.7008072	.1140515	.1851414	0
749.15	0	.7003472	.1145608	.1850921	0
748.15	0	.6998936	.1150633	.1850431	0
747.15	0	.6994463	.1155592	.1849945	0
746.15	0	.6990052	.1160487	.1849462	0
745.15	0	.69857	.1165318	.1848981	0
744.15	0	.6981407	.1170089	.1848504	0
743.15	0	.697717	.11748	.184803	0
742.15	0	.697299	.1179452	.1847558	0
741.15	0	.6968863	.1184048	.1847089	0
740.15	0	.6964789	.1188588	.1846623	0
739.15	0	.6960768	.1193074	.1846159	0
738.15	0	.6956797	.1197507	.1845697	0
737.15	0	.6952875	.1201888	.1845237	0
736.15	0	.6949002	.1206218	.184478	0
735.15	0	.6945175	.12105	.1844325	0
734.15	0	.6941396	.1214732	.1843872	0
733.15	0	.6937661	.1218918	.1843421	0
732.15	0	.6933971	.1223058	.1842972	0
731.15	0	.6930324	.1227152	.1842524	0
730.15	0	.6926719	.1231202	.1842079	0
729.15	0	.6923156	.1235209	.1841635	0
728.15	0	.6919634	.1239174	.1841193	0
727.15	0	.6916151	.1243097	.1840752	0
726.15	0	.6912707	.124698	.1840313	0
725.15	0	.6909302	.1250823	.1839875	0
724.15	0	.6905933	.1254628	.1839439	0
723.15	0	.6902602	.1258394	.1839004	0
722.15	0	.6899306	.1262123	.183857	0
721.15	0	.6896046	.1265816	.1838138	0
720.15	0	.689282	.1269473	.1837707	0
719.15	0	.6889628	.1273095	.1837277	0
718.15	0	.688647	.1276682	.1836848	0
717.15	0	.6883343	.1280236	.1836421	0
716.15	0	.6880249	.1283757	.1835994	0
715.15	0	.6877186	.1287246	.1835568	0
714.15	0	.6874154	.1290702	.1835144	0
713.15	0	.6871152	.1294128	.183472	0
712.15	0	.686818	.1297523	.1834297	0
711.15	0	.6865237	.1300888	.1833875	0
710.15	0	.6862322	.1304223	.1833454	0
709.15	0	.6859436	.130753	.1833034	0
708.15	0	.6856577	.1310808	.1832615	0
707.15	0	.6853745	.1314059	.1832196	0
706.15	0	.685094	.1317282	.1831778	0
705.15	0	.6848161	.1320478	.1831361	0
704.15	0	.6845407	.1323648	.1830945	0
703.15	0	.6842679	.1326792	.1830529	0
702.15	0	.6839976	.1329911	.1830113	0
701.15	0	.6837297	.1333004	.1829699	0
700.15	0	.6834642	.1336073	.1829285	0
699.15	0	.6832011	.1339118	.1828871	0
698.15	0	.6829403	.1342139	.1828458	0
697.15	0	.6826818	.1345137	.1828046	0
696.15	0	.6824255	.1348111	.1827634	0
695.15	0	.6821715	.1351063	.1827222	0
694.15	0	.6819196	.1353993	.1826811	0
693.15	0	.6816698	.1356901	.1826401	0
692.15	0	.6814222	.1359788	.182599	0
691.15	0	.6811766	.1362653	.1825581	0
690.15	0	.6809331	.1365497	.1825171	0
689.15	0	.6806916	.1368322	.1824762	0
688.15	0	.6804521	.1371125	.1824354	0
687.15	0	.6802145	.1373909	.1823946	0
686.15	0	.6799789	.1376674	.1823538	0
685.15	0	.6797451	.1379419	.182313	0
684.15	0	.6795132	.1382145	.1822723	0
683.15	0	.6792831	.1384853	.1822316	0
682.15	0	.6790549	.1387542	.1821909	0
681.15	0	.6788284	.1390213	.1821503	0
680.15	0	.6786037	.1392866	.1821097	0
679.15	0	.6783807	.1395502	.1820691	0
678.15	0	.6781595	.139812	.1820285	0
677.15	0	.6779399	.1400721	.181988	0
676.15	0	.677722	.1403305	.1819475	0
675.15	0	.6775057	.1405873	.181907	0
674.15	0	.677291	.1408424	.1818665	0
673.15	0	.6770779	.141096	.1818261	0
672.15	0	.6768664	.1413479	.1817857	0
671.15	0	.6766565	.1415982	.1817453	0
670.15	0	.6764481	.1418471	.1817049	0
669.15	0	.6762411	.1420943	.1816645	0
668.15	0	.6760357	.1423401	.1816242	0
667.15	0	.6758318	.1425844	.1815838	0
666.15	0	.6756293	.1428272	.1815435	0
665.15	0	.6754282	.1430686	.1815032	0
664.15	0	.6752285	.1433085	.1814629	0
663.15	0	.6750303	.1435471	.1814227	0
662.15	0	.6748334	.1437842	.1813824	0
661.15	0	.6746378	.14402	.1813422	0
660.15	0	.6744437	.1442544	.181302	0
659.15	0	.6742508	.1444875	.1812617	0
658.15	0	.6740592	.1447192	.1812216	0
657.15	0	.673869	.1449496	.1811814	0
656.15	0	.67368	.1451788	.1811412	0
655.15	0	.6734923	.1454066	.1811011	0
654.15	0	.6733058	.1456333	.1810609	0
653.15	0	.6731206	.1458586	.1810208	0
652.15	0	.6729366	.1460827	.1809807	0
651.15	0	.6727538	.1463057	.1809406	0
650.15	0	.6725722	.1465274	.1809004	0
649.15	0	.6723917	.1467479	.1808604	0
648.15	0	.6722125	.1469672	.1808203	0
647.15	0	.6720343	.1471854	.1807802	0
646.15	0	.6718574	.1474025	.1807402	0
645.15	0	.6716815	.1476183	.1807002	0
644.15	0	.6715067	.1478331	.1806601	0
643.15	0	.6713331	.1480468	.1806201	0
642.15	0	.6711605	.1482594	.1805801	0
641.15	0	.670989	.1484708	.1805401	0
640.15	0	.6708186	.1486812	.1805001	0
639.15	0	.6706492	.1488906	.1804602	0
638.15	0	.6704809	.1490989	.1804202	0
637.15	0	.6703136	.1493061	.1803803	0
636.15	0	.6701473	.1495123	.1803404	0
635.15	0	.6699821	.1497175	.1803004	0
634.15	0	.6698178	.1499217	.1802605	0
633.15	0	.6696545	.1501249	.1802206	0
632.15	0	.6694922	.150327	.1801808	0
631.15	0	.6693309	.1505283	.1801409	0
630.15	0	.6691705	.1507285	.180101	0
629.15	0	.6690111	.1509278	.1800612	0
628.15	0	.6688526	.1511261	.1800214	0
627.15	0	.668695	.1513235	.1799815	0
626.15	0	.6685384	.1515199	.1799417	0
625.15	0	.6683826	.1517154	.179902	0
624.15	0	.6682278	.15191	.1798622	0
623.15	0	.6680739	.1521037	.1798224	0
622.15	0	.6679208	.1522965	.1797827	0
621.15	0	.6677687	.1524884	.1797429	0
620.15	0	.6676174	.1526794	.1797032	0
619.15	0	.6674669	.1528696	.1796635	0
618.15	0	.6673174	.1530588	.1796238	0
617.15	0	.6671686	.1532472	.1795842	0
616.15	0	.6670207	.1534348	.1795445	0
615.15	0	.6668736	.1536215	.1795049	0
614.15	0	.6667274	.1538073	.1794653	0
613.15	0	.666582	.1539924	.1794257	0
612.15	0	.6664373	.1541766	.1793861	0
611.15	0	.6662935	.15436	.1793465	0
610.15	0	.6661505	.1545425	.179307	0
609.15	0	.6660082	.1547243	.1792674	0
608.15	0	.6658668	.1549053	.1792279	0
607.15	0	.6657261	.1550855	.1791884	0
606.15	0	.6655862	.1552648	.179149	0
605.15	0	.665447	.1554434	.1791095	0
604.15	0	.6653086	.1556213	.1790701	0
603.15	0	.665171	.1557983	.1790307	0
602.15	0	.6650341	.1559746	.1789913	0
601.15	0	.6648979	.1561502	.1789519	0
600.15	0	.6647625	.156325	.1789126	0
599.15	0	.6646277	.156499	.1788733	0
598.15	0	.6644937	.1566723	.178834	0
597.15	0	.6643604	.1568449	.1787947	0
596.15	0	.6642279	.1570167	.1787555	0
595.15	0	.664096	.1571878	.1787162	0
594.15	0	.6639648	.1573582	.178677	0
593.15	0	.6638343	.1575278	.1786379	0
592.15	0	.6637045	.1576968	.1785987	0
591.15	0	.6635754	.157865	.1785596	0
590.15	0	.6634469	.1580326	.1785205	0
589.15	0	.6633191	.1581994	.1784814	0
588.15	0	.663192	.1583656	.1784424	0
587.15	0	.6630655	.1585311	.1784034	0
586.15	0	.6629397	.1586959	.1783644	0
585.15	0	.6628146	.1588599	.1783255	0
584.15	0	.6626901	.1590234	.1782865	0
583.15	0	.6625662	.1591861	.1782477	0
582.15	0	.662443	.1593482	.1782088	0
581.15	0	.6623204	.1595096	.17817	0
580.15	0	.6621984	.1596704	.1781312	0
579.15	0	.6620771	.1598305	.1780924	0
578.15	0	.6619564	.15999	.1780537	0
577.15	0	.6618363	.1601488	.178015	0
576.15	0	.6617168	.1603069	.1779763	0
575.15	0	.6615979	.1604645	.1779377	0
574.15	0	.6614796	.1606213	.1778991	0
573.15	0	.6613619	.1607776	.1778605	0
572.15	0	.6612448	.1609332	.177822	0
571.15	0	.6611283	.1610882	.1777835	0
570.15	0	.6610124	.1612426	.1777451	0
569.15	0	.6608971	.1613963	.1777066	0
568.15	0	.6607823	.1615494	.1776683	0
567.15	0	.6606682	.1617019	.1776299	0
566.15	0	.6605545	.1618538	.1775916	0
565.15	0	.6604415	.1620051	.1775534	0
564.15	0	.6603291	.1621558	.1775152	0
563.15	0	.6602171	.1623059	.177477	0
562.15	0	.6601058	.1624553	.1774389	0
561.15	0	.659995	.1626042	.1774008	0
560.15	0	.6598848	.1627525	.1773627	0
559.15	0	.6597751	.1629002	.1773247	0
558.15	0	.6596659	.1630473	.1772868	0
557.15	0	.6595573	.1631938	.1772488	0
556.15	0	.6594493	.1633398	.177211	0
555.15	0	.6593417	.1634851	.1771731	0
554.15	0	.6592347	.1636299	.1771354	0
553.15	0	.6591283	.1637741	.1770976	0
552.15	0	.6590223	.1639177	.1770599	0
551.15	0	.6589169	.1640608	.1770223	0
550.15	0	.658812	.1642032	.1769847	0
549.15	0	.6587077	.1643451	.1769472	0
548.15	0	.6586038	.1644865	.1769097	0
547.15	0	.6585005	.1646273	.1768723	0
546.15	0	.6583976	.1647675	.1768349	0
545.15	0	.6582953	.1649072	.1767975	0
544.15	0	.6581935	.1650463	.1767602	0
543.15	0	.6580922	.1651848	.176723	0
542.15	0	.6579913	.1653228	.1766858	0
541.15	0	.657891	.1654603	.1766487	0
540.15	0	.6577912	.1655972	.1766116	0
539.15	0	.6576918	.1657336	.1765746	0
538.15	0	.657593	.1658694	.1765376	0
537.15	0	.6574946	.1660046	.1765007	0
536.15	0	.6573968	.1661394	.1764639	0
535.15	0	.6572994	.1662735	.1764271	0
534.15	0	.6572024	.1664072	.1763904	0
533.15	0	.657106	.1665403	.1763537	0
532.15	0	.65701	.1666729	.1763171	0
531.15	0	.6569146	.1668049	.1762805	0
530.15	0	.6568196	.1669365	.1762439	0
529.15	0	.6567251	.1670674	.1762075	0
528.15	0	.656631	.1671979	.1761711	0
527.15	0	.6565374	.1673278	.1761348	0
526.15	0	.6564442	.1674572	.1760986	0
525.15	0	.6563515	.1675861	.1760624	0
524.15	0	.6562593	.1677145	.1760263	0
523.15	0	.6561675	.1678423	.1759902	0
522.15	0	.6560762	.1679696	.1759542	0
521.15	0	.6559853	.1680965	.1759183	0
520.15	0	.6558948	.1682228	.1758824	0
519.15	0	.6558049	.1683485	.1758466	0
518.15	0	.6557153	.1684738	.1758109	0
517.15	0	.6556262	.1685985	.1757752	0
516.15	0	.6555376	.1687228	.1757396	0
515.15	0	.6554494	.1688465	.1757041	0
514.15	0	.6553616	.1689697	.1756687	0
513.15	0	.6552743	.1690925	.1756333	0
512.15	0	.6551874	.1692147	.175598	0
511.15	0	.6551009	.1693364	.1755627	0
510.15	0	.6550149	.1694576	.1755276	0
509.15	0	.6549293	.1695783	.1754925	0
508.15	0	.6548441	.1696985	.1754575	0
507.15	0	.6547593	.1698182	.1754225	0
506.15	0	.654675	.1699374	.1753876	0
505.15	0	.6545911	.1700561	.1753528	0
504.15	0	.6545076	.1701743	.1753181	0
503.15	0	.6544245	.170292	.1752835	0
502.15	0	.6543419	.1704092	.1752489	0
501.15	0	.6542597	.1705259	.1752144	0
500.15	0	.6541779	.1706421	.17518	0
499.15	0	.6540965	.1707579	.1751457	0
498.15	0	.6540155	.1708731	.1751114	0
497.15	0	.6539349	.1709879	.1750772	0
496.15	0	.6538547	.1711021	.1750431	0
495.15	0	.653775	.1712159	.1750091	0
494.15	0	.6536956	.1713292	.1749752	0
493.15	0	.6536166	.171442	.1749413	0
492.15	0	.6535381	.1715543	.1749076	0
491.15	0	.6534599	.1716662	.1748739	0
490.15	0	.6533822	.1717775	.1748403	0
489.15	0	.6533048	.1718884	.1748068	0
488.15	0	.6532279	.1719988	.1747734	0
487.15	0	.6531513	.1721087	.17474	0
486.15	0	.6530752	.1722181	.1747068	0
485.15	0	.6529994	.172327	.1746736	0
484.15	0	.652924	.1724355	.1746405	0
483.15	0	.652849	.1725435	.1746075	0
482.15	0	.6527744	.172651	.1745746	0
481.15	0	.6527002	.172758	.1745418	0
480.15	0	.6526264	.1728646	.174509	0
479.15	0	.652553	.1729706	.1744764	0
478.15	0	.6524799	.1730762	.1744439	0
477.15	0	.6524072	.1731814	.1744114	0
476.15	0	.6523349	.173286	.174379	0
475.15	0	.652263	.1733902	.1743468	0
474.15	0	.6521915	.1734939	.1743146	0
473.15	0	.6521203	.1735972	.1742825	0
472.15	0	.6520496	.1736999	.1742505	0
471.15	0	.6519792	.1738022	.1742186	0
470.15	0	.6519091	.1739041	.1741868	0
469.15	0	.6518395	.1740054	.1741551	0
468.15	0	.6517702	.1741063	.1741235	0
467.15	0	.6517013	.1742068	.174092	0
466.15	0	.6516328	.1743067	.1740606	0
465.15	0	.6515646	.1744062	.1740292	0
464.15	0	.6514968	.1745052	.173998	0
463.15	0	.6514293	.1746038	.1739669	0
462.15	0	.6513623	.1747019	.1739359	0
461.15	0	.6512956	.1747995	.1739049	0
460.15	0	.6512292	.1748967	.1738741	0
459.15	0	.6511632	.1749934	.1738434	0
458.15	0	.6510976	.1750896	.1738128	0
457.15	0	.6510323	.1751854	.1737822	0
456.15	0	.6509674	.1752807	.1737518	0
455.15	0	.6509029	.1753756	.1737215	0
454.15	0	.6508387	.17547	.1736913	0
453.15	0	.6507749	.175564	.1736612	0
452.15	0	.6507114	.1756574	.1736312	0
451.15	0	.6506483	.1757505	.1736013	0
450.15	0	.6505855	.175843	.1735715	0
449.15	0	.6505231	.1759351	.1735418	0
448.15	0	.6504611	.1760266	.1735123	0
447.15	0	.6503994	.1761178	.1734828	0
446.15	0	.6503381	.1762084	.1734535	0
445.15	0	.6502772	.1762985	.1734243	0
444.15	0	.6502166	.1763882	.1733952	0
443.15	0	.6501564	.1764774	.1733662	0
442.15	0	.6500966	.1765661	.1733373	0
441.15	0	.6500371	.1766543	.1733086	0
440.15	0	.649978	.176742	.17328	0
439.15	0	.6499193	.1768292	.1732515	0
438.15	0	.6498609	.1769159	.1732232	0
437.15	0	.649803	.1770021	.1731949	0
436.15	0	.6497454	.1770877	.1731669	0
435.15	0	.6496882	.1771729	.1731389	0
434.15	0	.6496314	.1772575	.1731111	0
433.15	0	.649575	.1773416	.1730834	0
432.15	0	.6495189	.1774252	.1730559	0
431.15	0	.6494633	.1775083	.1730285	0
430.15	0	.649408	.1775908	.1730012	0
429.15	0	.6493531	.1776728	.1729741	0
428.15	0	.6492986	.1777543	.1729471	0
427.15	0	.6492445	.1778352	.1729203	0
426.15	0	.6491908	.1779157	.1728936	0
425.15	0	.6491374	.1779955	.172867	0
424.15	0	.6490845	.1780749	.1728407	0
423.15	0	.6490319	.1781537	.1728144	0
422.15	0	.6489798	.1782319	.1727883	0
421.15	0	.648928	.1783097	.1727624	0
420.15	0	.6488766	.1783869	.1727366	0
419.15	0	.6488256	.1784635	.1727109	0
418.15	0	.6487749	.1785396	.1726854	0
417.15	0	.6487247	.1786152	.1726601	0
416.15	0	.6486748	.1786903	.1726349	0
415.15	0	.6486254	.1787648	.1726099	0
414.15	0	.6485763	.1788387	.172585	0
413.15	0	.6485276	.1789122	.1725603	0
412.15	0	.6484792	.1789851	.1725357	0
411.15	0	.6484313	.1790574	.1725113	0
410.15	0	.6483837	.1791293	.172487	0
409.15	0	.6483365	.1792006	.1724629	0
408.15	0	.6482897	.1792714	.172439	0
407.15	0	.6482432	.1793416	.1724152	0
406.15	0	.6481971	.1794113	.1723915	0
405.15	0	.6481514	.1794805	.172368	0
404.15	0	.6481061	.1795492	.1723447	0
403.15	0	.6480611	.1796173	.1723216	0
402.15	0	.6480165	.179685	.1722985	0
401.15	0	.6479723	.1797521	.1722757	0
400.15	0	.6479284	.1798187	.172253	0
399.15	0	.6478849	.1798847	.1722304	0
398.15	0	.6478417	.1799503	.172208	0
397.15	0	.6477989	.1800154	.1721858	0
396.15	0	.6477564	.1800799	.1721637	0
395.15	0	.6477143	.1801439	.1721417	0
394.15	0	.6476726	.1802075	.17212	0
393.15	0	.6476312	.1802705	.1720983	0
392.15	0	.6475901	.180333	.1720769	0
391.15	0	.6475494	.1803951	.1720555	0
390.15	0	.647509	.1804566	.1720344	0
389.15	0	.647469	.1805177	.1720134	0
388.15	0	.6474293	.1805782	.1719925	0
387.15	0	.6473899	.1806383	.1719718	0
386.15	0	.6473509	.1806979	.1719512	0
385.15	0	.6473122	.180757	.1719308	0
384.15	0	.6472738	.1808156	.1719105	0
383.15	0	.6472358	.1808738	.1718904	0
382.15	0	.647198	.1809315	.1718705	0
381.15	0	.6471606	.1809887	.1718507	0
380.15	0	.6471235	.1810455	.171831	0
379.15	0	.6470868	.1811018	.1718115	0
378.15	0	.6470503	.1811576	.1717921	0
377.15	0	.6470141	.181213	.1717729	0
376.15	0	.6469783	.1812679	.1717538	0
375.15	0	.6469428	.1813224	.1717348	0
374.15	0	.6469075	.1813764	.1717161	0
373.15	0	.6468726	.18143	.1716974	0
372.15	0	.6468379	.1814832	.1716789	0
371.15	0	.6468036	.1815359	.1716605	0
370.15	0	.6467695	.1815882	.1716423	0
369.15	0	.6467358	.18164	.1716242	0
368.15	0	.6467023	.1816914	.1716063	0
367.15	0	.6466691	.1817424	.1715885	0
366.15	0	.6466362	.181793	.1715708	0
365.15	0	.6466035	.1818432	.1715533	0
364.15	0	.6465712	.1818929	.1715359	0
363.15	0	.6465391	.1819422	.1715187	0
362.15	0	.6465073	.1819912	.1715016	0
361.15	0	.6464757	.1820397	.1714846	0
360.15	0	.6464444	.1820878	.1714678	0
359.15	0	.6464134	.1821355	.171451	0
358.15	0	.6463827	.1821829	.1714345	0
357.15	0	.6463522	.1822298	.171418	0
356.15	0	.6463219	.1822764	.1714017	0
355.15	0	.6462919	.1823225	.1713855	0
354.15	0	.6462622	.1823683	.1713695	0
353.15	0	.6462327	.1824137	.1713536	0
352.15	0	.6462035	.1824588	.1713378	0
351.15	0	.6461745	.1825034	.1713221	0
350.15	0	.6461457	.1825477	.1713066	0
349.15	0	.6461172	.1825916	.1712912	0
348.15	0	.6460889	.1826352	.1712759	0
347.15	0	.6460608	.1826784	.1712607	0
346.15	0	.646033	.1827213	.1712457	0
345.15	0	.6460054	.1827638	.1712308	0
344.15	0	.645978	.182806	.171216	0
343.15	0	.6459508	.1828478	.1712014	0
342.15	0	.6459239	.1828893	.1711868	0
341.15	0	.6458972	.1829304	.1711724	0
340.15	0	.6458707	.1829712	.1711581	0
339.15	0	.6458444	.1830117	.171144	0
338.15	0	.6458183	.1830518	.1711299	0
337.15	0	.6457924	.1830916	.171116	0
336.15	0	.6457667	.1831311	.1711021	0
335.15	0	.6457413	.1831703	.1710884	0
334.15	0	.645716	.1832091	.1710749	0
333.15	0	.6456909	.1832477	.1710614	0
332.15	0	.6456661	.1832859	.171048	0
331.15	0	.6456414	.1833238	.1710348	0
330.15	0	.6456169	.1833615	.1710217	0
329.15	0	.6455926	.1833988	.1710086	0
328.15	0	.6455685	.1834358	.1709957	0
327.15	0	.6455445	.1834725	.170983	0
326.15	0	.6455208	.183509	.1709703	0
325.15	0	.6454972	.1835451	.1709577	0
324.15	0	.6454738	.1835809	.1709452	0
323.15	0	.6454506	.1836165	.1709329	0
322.15	0	.6454275	.1836518	.1709207	0
321.15	0	.6454047	.1836868	.1709085	0
320.15	0	.6453819	.1837216	.1708965	0
319.15	0	.6453594	.183756	.1708846	0
318.15	0	.645337	.1837902	.1708728	0
317.15	0	.6453148	.1838241	.1708611	0
316.15	0	.6452928	.1838578	.1708495	0
315.15	0	.6452709	.1838912	.170838	0
314.15	0	.6452491	.1839243	.1708266	0
313.15	0	.6452275	.1839572	.1708153	0
312.15	0	.6452061	.1839899	.1708041	0
311.15	0	.6451848	.1840222	.170793	0
310.15	0	.6451636	.1840544	.170782	0
309.15	0	.6451426	.1840862	.1707711	0
308.15	0	.6451218	.1841179	.1707604	0
307.15	0	.6451011	.1841493	.1707497	0
306.15	0	.6450805	.1841804	.1707391	0
305.15	0	.64506	.1842113	.1707286	0
304.15	0	.6450397	.184242	.1707182	0
303.15	0	.6450196	.1842725	.1707079	0
302.15	0	.6449995	.1843027	.1706978	0
301.15	0	.6449796	.1843327	.1706877	0
300.15	0	.6449598	.1843625	.1706777	0
299.15	0	.6449402	.184392	.1706678	0
298.15	0	.6449207	.1844213	.170658	0
