T	 BPW(LIQUID)	BPW(BCC_A2)	BPW(FCC_A1)	BPW(LAVES_PHASE_C14)	BPW(NI3TI)
1473.15	.7746578	.214088	0	.01125423	0
1472.15	.7653103	.2204395	0	.01425024	0
1471.15	.7561351	.2266703	0	.01719456	0
1470.15	.7471278	.2327836	0	.02008861	0
1469.15	.7382838	.2387824	0	.02293378	0
1468.15	.7295989	.2446697	0	.02573138	0
1467.15	.721069	.2504484	0	.02848269	0
1466.15	.7126899	.2561212	0	.03118895	0
1465.15	.7044578	.2616908	0	.03385134	0
1464.15	.696369	.2671599	0	.03647103	0
1463.15	.6884199	.272531	0	.03904912	0
1462.15	.6806069	.2778064	0	.0415867	0
1461.15	.6729267	.2829885	0	.0440848	0
1460.15	.6653759	.2880797	0	.04654442	0
1459.15	.6579514	.2930821	0	.04896655	0
1458.15	.65065	.2979978	0	.05135212	0
1457.15	.643469	.302829	0	.05370204	0
1456.15	.6364052	.3075776	0	.05601721	0
1455.15	.6294559	.3122456	0	.05829847	0
1454.15	.6226184	.3168349	0	.06054665	0
1453.15	.6158902	.3213473	0	.06276256	0
1452.15	.6092685	.3257846	0	.06494697	0
1451.15	.602751	.3301484	0	.06710063	0
1450.15	.5963352	.3344406	0	.06922428	0
1449.15	.5900188	.3386626	0	.07131862	0
1448.15	.5837995	.3428161	0	.07338434	0
1447.15	.5776752	.3469027	0	.0754221	0
1446.15	.5716438	.3509237	0	.07743256	0
1445.15	.565703	.3548807	0	.07941634	0
1444.15	.559851	.3587749	0	.08137405	0
1443.15	.5540858	.3626079	0	.08330627	0
1442.15	.5484055	.366381	0	.08521359	0
1441.15	.5428082	.3700953	0	.08709656	0
1440.15	.5372921	.3737522	0	.08895571	0
1439.15	.5318555	.3773529	0	.09079159	0
1438.15	.5264968	.3808986	0	.09260469	0
1437.15	.5212141	.3843904	0	.09439552	0
1436.15	.5160061	.3878294	0	.09616455	0
1435.15	.510871	.3912168	0	.09791226	0
1434.15	.5058074	.3945535	0	.0996391	0
1433.15	.5008138	.3978407	0	.1013455	0
1432.15	.4958887	.4010794	0	.1030319	0
1431.15	.4910308	.4042705	0	.1046988	0
1430.15	.4862386	.4074149	0	.1063465	0
1429.15	.4815109	.4105137	0	.1079754	0
1428.15	.4768464	.4135676	0	.109586	0
1427.15	.4722438	.4165777	0	.1111785	0
1426.15	.4677019	.4195448	0	.1127534	0
1425.15	.4632194	.4224696	0	.114311	0
1424.15	.4587952	.4253531	0	.1158517	0
1423.15	.4544282	.428196	0	.1173758	0
1422.15	.4501173	.430999	0	.1188837	0
1421.15	.4458614	.4337631	0	.1203756	0
1420.15	.4416594	.4364888	0	.1218518	0
1419.15	.4375102	.439177	0	.1233128	0
1418.15	.433413	.4418283	0	.1247587	0
1417.15	.4293667	.4444434	0	.1261899	0
1416.15	.4253704	.447023	0	.1276067	0
1415.15	.4214231	.4495677	0	.1290092	0
1414.15	.4175239	.4520782	0	.1303979	0
1413.15	.4136719	.4545551	0	.1317729	0
1412.15	.4098664	.4569991	0	.1331346	0
1411.15	.4061063	.4594106	0	.1344831	0
1410.15	.4023909	.4617904	0	.1358187	0
1409.15	.3987194	.4641389	0	.1371417	0
1408.15	.395091	.4664568	0	.1384522	0
1407.15	.391505	.4687445	0	.1397506	0
1406.15	.3879605	.4710026	0	.1410369	0
1405.15	.3844569	.4732316	0	.1423115	0
1404.15	.3809933	.4754321	0	.1435746	0
1403.15	.3775692	.4776045	0	.1448263	0
1402.15	.3741838	.4797492	0	.1460669	0
1401.15	.3708365	.4818669	0	.1472966	0
1400.15	.3675266	.4839579	0	.1485155	0
1399.15	.3642534	.4860227	0	.1497239	0
1398.15	.3610164	.4880618	0	.1509218	0
1397.15	.3578149	.4900755	0	.1521096	0
1396.15	.3546483	.4920643	0	.1532874	0
1395.15	.3515161	.4940287	0	.1544553	0
1394.15	.3484176	.4959689	0	.1556135	0
1393.15	.3453523	.4978855	0	.1567622	0
1392.15	.3423196	.4997789	0	.1579016	0
1391.15	.339319	.5016493	0	.1590317	0
1390.15	.3363501	.5034971	0	.1601528	0
1389.15	.3334122	.5053228	0	.161265	0
1388.15	.3305048	.5071267	0	.1623685	0
1387.15	.3276275	.5089092	0	.1634633	0
1386.15	.3247798	.5106705	0	.1645497	0
1385.15	.3219611	.5124111	0	.1656278	0
1384.15	.3191712	.5141312	0	.1666976	0
1383.15	.3164094	.5158312	0	.1677594	0
1382.15	.3136753	.5175114	0	.1688133	0
1381.15	.3109685	.5191721	0	.1698594	0
1380.15	.3082886	.5208136	0	.1708978	0
1379.15	.3056352	.5224363	0	.1719286	0
1378.15	.3030078	.5240403	0	.1729519	0
1377.15	.300406	.525626	0	.173968	0
1376.15	.2978295	.5271937	0	.1749769	0
1375.15	.2952778	.5287436	0	.1759786	0
1374.15	.2927506	.530276	0	.1769733	0
1373.15	.2902475	.5317913	0	.1779612	0
1372.15	.2877682	.5332895	0	.1789423	0
1371.15	.2853122	.5347711	0	.1799167	0
1370.15	.2828793	.5362362	0	.1808845	0
1369.15	.280469	.5376851	0	.1818459	0
1368.15	.2780811	.539118	0	.1828008	0
1367.15	.2757152	.5405352	0	.1837495	0
1366.15	.273371	.5419369	0	.184692	0
1365.15	.2710482	.5433234	0	.1856284	0
1364.15	.2687465	.5446948	0	.1865588	0
1363.15	.2664655	.5460513	0	.1874833	0
1362.15	.2642049	.5473932	0	.1884019	0
1361.15	.2619645	.5487208	0	.1893147	0
1360.15	.259744	.5500341	0	.1902219	0
1359.15	.257543	.5513334	0	.1911235	0
1358.15	.2553614	.552619	0	.1920196	0
1357.15	.2531988	.5538909	0	.1929103	0
1356.15	.2510549	.5551495	0	.1937956	0
1355.15	.2489296	.5563949	0	.1946756	0
1354.15	.2468225	.5576272	0	.1955504	0
1353.15	.2447333	.5588466	0	.1964201	0
1352.15	.2426619	.5600534	0	.1972847	0
1351.15	.240608	.5612478	0	.1981443	0
1350.15	.2385713	.5624298	0	.198999	0
1349.15	.2365516	.5635996	0	.1998488	0
1348.15	.2345487	.5647575	0	.2006939	0
1347.15	.2325623	.5659036	0	.2015342	0
1346.15	.2305922	.567038	0	.2023698	0
1345.15	.2286383	.5681609	0	.2032009	0
1344.15	.2267002	.5692725	0	.2040274	0
1343.15	.2247777	.5703729	0	.2048494	0
1342.15	.2228707	.5714622	0	.205667	0
1341.15	.220979	.5725407	0	.2064803	0
1340.15	.2191023	.5736085	0	.2072892	0
1339.15	.2172405	.5746656	0	.2080939	0
1338.15	.2153932	.5757123	0	.2088944	0
1337.15	.2135605	.5767488	0	.2096908	0
1336.15	.211742	.577775	0	.210483	0
1335.15	.2099376	.5787911	0	.2112713	0
1334.15	.2081471	.5797974	0	.2120555	0
1333.15	.2063702	.5807939	0	.2128359	0
1332.15	.204607	.5817807	0	.2136123	0
1331.15	.202857	.582758	0	.2143849	0
1330.15	.2011203	.5837259	0	.2151538	0
1329.15	.1993966	.5846845	0	.2159188	0
1328.15	.1976857	.585634	0	.2166803	0
1327.15	.1959876	.5865744	0	.217438	0
1326.15	.1943019	.5875059	0	.2181922	0
1325.15	.1926286	.5884286	0	.2189428	0
1324.15	.1909676	.5893426	0	.2196899	0
1323.15	.1893186	.590248	0	.2204335	0
1322.15	.1876815	.5911449	0	.2211736	0
1321.15	.1860562	.5920334	0	.2219104	0
1320.15	.1844424	.5929137	0	.2226439	0
1319.15	.1828402	.5937858	0	.2233741	0
1318.15	.1812493	.5946498	0	.2241009	0
1317.15	.1796695	.5955059	0	.2248246	0
1316.15	.1781008	.5963541	0	.2255451	0
1315.15	.1765431	.5971946	0	.2262624	0
1314.15	.1749961	.5980274	0	.2269766	0
1313.15	.1734597	.5988526	0	.2276877	0
1312.15	.1719339	.5996703	0	.2283958	0
1311.15	.1704185	.6004807	0	.2291008	0
1310.15	.1689133	.6012837	0	.2298029	0
1309.15	.1674183	.6020796	0	.2305021	0
1308.15	.1659334	.6028683	0	.2311983	0
1307.15	.1644583	.60365	0	.2318917	0
1306.15	.162993	.6044248	0	.2325822	0
1305.15	.1615374	.6051927	0	.23327	0
1304.15	.1600913	.6059538	0	.2339549	0
1303.15	.1586547	.6067082	0	.2346371	0
1302.15	.1572274	.607456	0	.2353166	0
1301.15	.1558093	.6081973	0	.2359934	0
1300.15	.1544003	.6089321	0	.2366676	0
1299.15	.1529975	.6096628	0	.2373396	0
1298.15	.1516065	.610385	0	.2380086	0
1297.15	.1502242	.6111009	0	.2386749	0
1296.15	.1488507	.6118106	0	.2393387	0
1295.15	.1474857	.6125143	0	.24	0
1294.15	.1461292	.6132119	0	.2406589	0
1293.15	.1447812	.6139036	0	.2413152	0
1292.15	.1434414	.6145894	0	.2419691	0
1291.15	.1421099	.6152695	0	.2426207	0
1290.15	.1407864	.6159438	0	.2432698	0
1289.15	.139471	.6166124	0	.2439166	0
1288.15	.1381635	.6172754	0	.2445611	0
1287.15	.1368639	.6179329	0	.2452032	0
1286.15	.1355719	.618585	0	.2458431	0
1285.15	.1342877	.6192316	0	.2464807	0
1284.15	.1330111	.6198729	0	.2471161	0
1283.15	.1317419	.6205089	0	.2477492	0
1282.15	.1304801	.6211397	0	.2483802	0
1281.15	.1292257	.6217653	0	.249009	0
1280.15	.1279785	.6223858	0	.2496357	0
1279.15	.1267385	.6230013	0	.2502602	0
1278.15	.1255055	.6236118	0	.2508827	0
1277.15	.1242796	.6242174	0	.251503	0
1276.15	.1230606	.6248181	0	.2521213	0
1275.15	.1218484	.6254139	0	.2527376	0
1274.15	.1206431	.6260051	0	.2533519	0
1273.15	.1194444	.6265915	0	.2539641	0
1272.15	.1182523	.6271733	0	.2545744	0
1271.15	.1170668	.6277504	0	.2551827	0
1270.15	.1158878	.6283231	0	.2557891	0
1269.15	.1147152	.6288912	0	.2563936	0
1268.15	.113549	.6294549	0	.2569962	0
1267.15	.112389	.6300142	0	.2575969	0
1266.15	.1112352	.6305691	0	.2581957	0
1265.15	.1100876	.6311198	0	.2587927	0
1264.15	.108946	.6316662	0	.2593878	0
1263.15	.1078105	.6322084	0	.2599812	0
1262.15	.1066808	.6327464	0	.2605728	0
1261.15	.1055571	.6332804	0	.2611625	0
1260.928	.1053087	.6333982	0	.2612931	0
1260.928	.1053087	.6333982	0	.2612931	0
1260.928	.1053087	.6333982	0	.2612931	0
1260.15	.1002119	.6322237	.005536153	.2620282	0
1259.15	.09366343	.630752	.01261914	.2629654	0
1258.15	.08711513	.6293221	.01966839	.2638944	0
1257.15	.08056684	.6279335	.02668436	.2648153	0
1256.15	.07401843	.626586	.03366749	.2657281	0
1255.15	.06746972	.6252791	.0406182	.2666329	0
1254.15	.06092056	.6240126	.04753692	.2675299	0
1253.15	.0543708	.6227861	.05442409	.268419	0
1252.15	.0478203	.6215992	.06128011	.2693004	0
1251.15	.04126891	.6204516	.0681054	.2701741	0
1250.15	.03471651	.619343	.07490036	.2710402	0
1249.15	.02816295	.6182729	.08166539	.2718987	0
1248.15	.02160813	.6172412	.0884009	.2727498	0
1247.15	.01505191	.6162474	.09510726	.2735934	0
1246.15	.008494182	.6152912	.1017849	.2744297	0
1245.15	.00193483	.6143723	.1084341	.2752588	0
1244.855	0	.6141084	.1103898	.2755019	0
1244.855	0	.6141084	.1103898	.2755019	0
1244.15	0	.6133801	.1108308	.2757891	0
1243.15	0	.6123499	.1114544	.2761956	0
1242.15	0	.6113228	.1120761	.2766011	0
1241.15	0	.6102988	.1126956	.2770056	0
1240.15	0	.6092779	.1133131	.277409	0
1239.15	0	.6082601	.1139284	.2778115	0
1238.15	0	.6072454	.1145418	.2782129	0
1237.15	0	.6062337	.1151531	.2786133	0
1236.15	0	.6052251	.1157623	.2790127	0
1235.15	0	.6042195	.1163694	.279411	0
1234.15	0	.603217	.1169746	.2798084	0
1233.15	0	.6022175	.1175776	.2802048	0
1232.15	0	.6012211	.1181787	.2806002	0
1231.15	0	.6002277	.1187777	.2809947	0
1230.15	0	.5992373	.1193747	.2813881	0
1229.15	0	.5982499	.1199696	.2817805	0
1228.15	0	.5972654	.1205626	.282172	0
1227.15	0	.596284	.1211535	.2825625	0
1226.15	0	.5953056	.1217424	.282952	0
1225.15	0	.5943302	.1223293	.2833406	0
1224.15	0	.5933577	.1229141	.2837282	0
1223.15	0	.5923882	.123497	.2841148	0
1222.15	0	.5914216	.1240779	.2845005	0
1221.15	0	.590458	.1246568	.2848853	0
1220.15	0	.5894973	.1252337	.2852691	0
1219.15	0	.5885396	.1258086	.2856519	0
1218.15	0	.5875847	.1263815	.2860338	0
1217.15	0	.5866328	.1269524	.2864147	0
1216.15	0	.5856839	.1275214	.2867948	0
1215.15	0	.5847378	.1280884	.2871739	0
1214.15	0	.5837946	.1286534	.287552	0
1213.15	0	.5828543	.1292164	.2879293	0
1212.15	0	.5819169	.1297775	.2883056	0
1211.15	0	.5809824	.1303367	.288681	0
1210.15	0	.5800507	.1308938	.2890555	0
1209.15	0	.5791219	.1314491	.289429	0
1208.15	0	.578196	.1320023	.2898017	0
1207.15	0	.5772729	.1325537	.2901734	0
1206.15	0	.5763526	.1331031	.2905443	0
1205.15	0	.5754352	.1336505	.2909143	0
1204.15	0	.5745207	.134196	.2912833	0
1203.15	0	.5736089	.1347396	.2916515	0
1202.15	0	.5727	.1352813	.2920188	0
1201.15	0	.5717938	.135821	.2923852	0
1200.15	0	.5708905	.1363588	.2927507	0
1199.15	0	.56999	.1368947	.2931153	0
1198.15	0	.5690923	.1374287	.293479	0
1197.15	0	.5681973	.1379608	.2938419	0
1196.15	0	.5673052	.1384909	.2942039	0
1195.15	0	.5664158	.1390192	.294565	0
1194.15	0	.5655292	.1395455	.2949253	0
1193.15	0	.5646453	.14007	.2952847	0
1192.15	0	.5637642	.1405926	.2956433	0
1191.15	0	.5628858	.1411132	.296001	0
1190.15	0	.5620102	.141632	.2963578	0
1189.15	0	.5611373	.1421489	.2967138	0
1188.15	0	.5602672	.1426639	.2970689	0
1187.15	0	.5593998	.143177	.2974232	0
1186.15	0	.5585351	.1436883	.2977767	0
1185.15	0	.5576731	.1441977	.2981293	0
1184.15	0	.5568138	.1447052	.2984811	0
1183.15	0	.5559572	.1452108	.298832	0
1182.15	0	.5551033	.1457146	.2991821	0
1181.15	0	.5542521	.1462165	.2995314	0
1180.15	0	.5534036	.1467165	.2998799	0
1179.15	0	.5525578	.1472147	.3002275	0
1178.15	0	.5517146	.1477111	.3005743	0
1177.15	0	.5508741	.1482055	.3009203	0
1176.15	0	.5500363	.1486982	.3012655	0
1175.15	0	.5492011	.149189	.3016099	0
1174.15	0	.5483686	.1496779	.3019535	0
1173.15	0	.5475387	.150165	.3022962	0
1172.15	0	.5467115	.1506503	.3026382	0
1171.15	0	.5458869	.1511338	.3029793	0
1170.15	0	.5450649	.1516154	.3033197	0
1169.15	0	.5442456	.1520952	.3036593	0
1168.15	0	.5434289	.1525731	.303998	0
1167.15	0	.5426147	.1530493	.304336	0
1166.15	0	.5418032	.1535236	.3046732	0
1165.15	0	.5409943	.1539961	.3050096	0
1164.15	0	.540188	.1544667	.3053452	0
1163.15	0	.5393843	.1549356	.3056801	0
1162.15	0	.5385832	.1554027	.3060141	0
1161.15	0	.5377847	.1558679	.3063474	0
1160.15	0	.5369887	.1563314	.30668	0
1159.15	0	.5361953	.156793	.3070117	0
1158.15	0	.5354045	.1572528	.3073427	0
1157.15	0	.5346162	.1577109	.3076729	0
1156.15	0	.5338305	.1581672	.3080023	0
1155.15	0	.5330474	.1586216	.308331	0
1154.15	0	.5322667	.1590743	.308659	0
1153.15	0	.5314887	.1595252	.3089861	0
1152.15	0	.5307131	.1599743	.3093126	0
1151.15	0	.5299402	.1604216	.3096382	0
1150.15	0	.5291697	.1608672	.3099632	0
1149.15	0	.5284018	.1613109	.3102873	0
1148.15	0	.5276364	.1617529	.3106107	0
1147.15	0	.5268735	.1621931	.3109334	0
1146.15	0	.5261131	.1626316	.3112554	0
1145.15	0	.5253552	.1630682	.3115766	0
1144.15	0	.5245998	.1635031	.3118971	0
1143.15	0	.5238469	.1639363	.3122168	0
1142.15	0	.5230965	.1643677	.3125358	0
1141.15	0	.5223486	.1647973	.3128541	0
1140.15	0	.5216032	.1652252	.3131716	0
1139.15	0	.5208603	.1656513	.3134884	0
1138.15	0	.5201198	.1660757	.3138045	0
1137.15	0	.5193818	.1664983	.3141199	0
1136.15	0	.5186463	.1669192	.3144346	0
1135.15	0	.5179132	.1673383	.3147485	0
1134.15	0	.5171826	.1677557	.3150618	0
1133.15	0	.5164544	.1681713	.3153743	0
1132.15	0	.5157287	.1685852	.3156861	0
1131.15	0	.5150054	.1689974	.3159972	0
1130.15	0	.5142846	.1694078	.3163076	0
1129.15	0	.5135662	.1698166	.3166173	0
1128.15	0	.5128502	.1702235	.3169263	0
1127.15	0	.5121367	.1706288	.3172346	0
1126.15	0	.5114256	.1710323	.3175421	0
1125.15	0	.5107168	.1714341	.317849	0
1124.15	0	.5100106	.1718342	.3181552	0
1123.15	0	.5093067	.1722326	.3184607	0
1122.15	0	.5086052	.1726292	.3187656	0
1121.15	0	.5079062	.1730242	.3190697	0
1120.15	0	.5072095	.1734174	.3193731	0
1119.15	0	.5065152	.1738089	.3196759	0
1118.15	0	.5058233	.1741987	.319978	0
1117.15	0	.5051338	.1745868	.3202794	0
1116.15	0	.5044467	.1749732	.3205801	0
1115.15	0	.503762	.1753579	.3208801	0
1114.15	0	.5030796	.1757409	.3211795	0
1113.15	0	.5023996	.1761222	.3214781	0
1112.15	0	.501722	.1765018	.3217762	0
1111.15	0	.5010468	.1768797	.3220735	0
1110.15	0	.5003739	.177256	.3223702	0
1109.15	0	.4997033	.1776305	.3226662	0
1108.15	0	.4990351	.1780034	.3229615	0
1107.15	0	.4983693	.1783745	.3232562	0
1106.15	0	.4977058	.178744	.3235502	0
1105.15	0	.4970446	.1791118	.3238436	0
1104.15	0	.4963858	.1794779	.3241363	0
1103.15	0	.4957293	.1798424	.3244283	0
1102.15	0	.4950752	.1802051	.3247197	0
1101.15	0	.4944234	.1805662	.3250104	0
1100.15	0	.4937739	.1809257	.3253005	0
1099.15	0	.4931267	.1812834	.3255899	0
1098.15	0	.4924818	.1816395	.3258787	0
1097.15	0	.4918392	.1819939	.3261668	0
1096.15	0	.491199	.1823467	.3264543	0
1095.15	0	.4905611	.1826978	.3267411	0
1094.15	0	.4899254	.1830472	.3270273	0
1093.15	0	.4892921	.183395	.3273129	0
1092.15	0	.488661	.1837412	.3275978	0
1091.15	0	.4880323	.1840856	.3278821	0
1090.15	0	.4874058	.1844285	.3281657	0
1089.15	0	.4867817	.1847697	.3284487	0
1088.15	0	.4861598	.1851092	.3287311	0
1087.15	0	.4855401	.1854471	.3290128	0
1086.15	0	.4849228	.1857833	.3292939	0
1085.15	0	.4843077	.1861179	.3295744	0
1084.15	0	.4836949	.1864509	.3298542	0
1083.15	0	.4830844	.1867822	.3301334	0
1082.15	0	.4824761	.1871119	.330412	0
1081.15	0	.4818701	.18744	.33069	0
1080.15	0	.4812663	.1877664	.3309673	0
1079.15	0	.4806648	.1880912	.331244	0
1078.15	0	.4800655	.1884144	.3315201	0
1077.15	0	.4794685	.1887359	.3317956	0
1076.15	0	.4788737	.1890558	.3320704	0
1075.15	0	.4782812	.1893742	.3323447	0
1074.15	0	.4776909	.1896908	.3326183	0
1073.15	0	.4771028	.1900059	.3328913	0
1072.15	0	.4765169	.1903193	.3331637	0
1071.15	0	.4759333	.1906312	.3334355	0
1070.15	0	.4753519	.1909414	.3337066	0
1069.15	0	.4747728	.19125	.3339772	0
1068.15	0	.4741958	.1915571	.3342471	0
1067.15	0	.4736211	.1918625	.3345165	0
1066.15	0	.4730485	.1921663	.3347852	0
1065.15	0	.4724782	.1924685	.3350533	0
1064.15	0	.4719101	.1927691	.3353208	0
1063.15	0	.4713442	.1930681	.3355878	0
1062.15	0	.4707804	.1933655	.3358541	0
1061.15	0	.4702189	.1936613	.3361198	0
1060.15	0	.4696596	.1939556	.3363849	0
1059.15	0	.4691024	.1942482	.3366494	0
1058.15	0	.4685474	.1945393	.3369133	0
1057.15	0	.4679947	.1948288	.3371766	0
1056.15	0	.467444	.1951167	.3374393	0
1055.15	0	.4668956	.195403	.3377014	0
1054.15	0	.4663494	.1956877	.3379629	0
1053.15	0	.4658053	.1959709	.3382238	0
1052.15	0	.4652634	.1962525	.3384842	0
1051.15	0	.4647236	.1965325	.3387439	0
1050.15	0	.464186	.196811	.339003	0
1049.15	0	.4636506	.1970879	.3392616	0
1048.15	0	.4631173	.1973632	.3395195	0
1047.15	0	.4625862	.197637	.3397769	0
1046.15	0	.4620572	.1979092	.3400337	0
1045.15	0	.4615303	.1981798	.3402899	0
1044.15	0	.4610056	.1984489	.3405454	0
1043.15	0	.4604831	.1987165	.3408005	0
1042.15	0	.4599627	.1989825	.3410549	0
1041.15	0	.4594444	.1992469	.3413087	0
1040.15	0	.4589282	.1995098	.341562	0
1039.15	0	.4584142	.1997712	.3418146	0
1038.15	0	.4579023	.200031	.3420667	0
1037.15	0	.4573925	.2002893	.3423182	0
1036.15	0	.4568848	.2005461	.3425691	0
1035.15	0	.4563793	.2008013	.3428194	0
1034.15	0	.4558758	.201055	.3430692	0
1033.15	0	.4553745	.2013072	.3433183	0
1032.15	0	.4548753	.2015578	.3435669	0
1031.15	0	.4543781	.201807	.3438149	0
1030.15	0	.4538831	.2020546	.3440623	0
1029.15	0	.4533902	.2023007	.3443092	0
1028.15	0	.4528993	.2025452	.3445554	0
1027.15	0	.4524106	.2027883	.3448011	0
1026.15	0	.4519239	.2030299	.3450462	0
1025.15	0	.4514393	.2032699	.3452907	0
1024.15	0	.4509568	.2035085	.3455347	0
1023.15	0	.4504764	.2037456	.345778	0
1022.15	0	.449998	.2039811	.3460208	0
1021.15	0	.4495217	.2042152	.346263	0
1020.15	0	.4490475	.2044478	.3465047	0
1019.15	0	.4485754	.2046789	.3467457	0
1018.15	0	.4481053	.2049085	.3469862	0
1017.15	0	.4476372	.2051367	.3472261	0
1016.15	0	.4471713	.2053633	.3474654	0
1015.15	0	.4467073	.2055885	.3477042	0
1014.15	0	.4462454	.2058123	.3479423	0
1013.15	0	.4457856	.2060345	.3481799	0
1012.15	0	.4453278	.2062553	.3484169	0
1011.15	0	.444872	.2064746	.3486534	0
1010.15	0	.4444182	.2066925	.3488892	0
1009.15	0	.4439665	.206909	.3491245	0
1008.15	0	.4435168	.2071239	.3493592	0
1007.15	0	.4430692	.2073375	.3495934	0
1006.15	0	.4426235	.2075496	.3498269	0
1005.15	0	.4421799	.2077602	.3500599	0
1004.15	0	.4417383	.2079695	.3502923	0
1003.15	0	.4412986	.2081773	.3505241	0
1002.15	0	.440861	.2083836	.3507554	0
1001.15	0	.4404254	.2085886	.350986	0
1000.15	0	.4399918	.2087921	.3512161	0
999.15	0	.4395601	.2089942	.3514456	0
998.15	0	.4391305	.2091949	.3516746	0
997.15	0	.4387028	.2093942	.3519029	0
996.15	0	.4382772	.2095921	.3521307	0
995.15	0	.4378535	.2097886	.3523579	0
994.15	0	.4374317	.2099837	.3525845	0
993.15	0	.437012	.2101775	.3528106	0
992.15	0	.4365942	.2103698	.353036	0
991.15	0	.4361783	.2105608	.3532609	0
990.15	0	.4357644	.2107504	.3534852	0
989.15	0	.4353525	.2109386	.3537089	0
988.15	0	.4349425	.2111254	.353932	0
987.15	0	.4345345	.211311	.3541546	0
986.15	0	.4341284	.2114951	.3543765	0
985.15	0	.4337242	.2116779	.3545979	0
984.15	0	.4333219	.2118594	.3548187	0
983.15	0	.4329216	.2120395	.3550389	0
982.15	0	.4325232	.2122183	.3552585	0
981.15	0	.4321267	.2123957	.3554776	0
980.15	0	.4317321	.2125718	.355696	0
979.15	0	.4313395	.2127467	.3559139	0
978.15	0	.4309487	.2129202	.3561311	0
977.15	0	.4305598	.2130924	.3563478	0
976.15	0	.4301728	.2132633	.3565639	0
975.15	0	.4297877	.2134329	.3567794	0
974.15	0	.4294045	.2136012	.3569943	0
973.15	0	.4290232	.2137682	.3572086	0
972.15	0	.4286437	.213934	.3574223	0
971.15	0	.4282661	.2140985	.3576354	0
970.15	0	.4278903	.2142617	.357848	0
969.15	0	.4275164	.2144237	.3580599	0
968.15	0	.4271444	.2145844	.3582712	0
967.15	0	.4267742	.2147439	.3584819	0
966.15	0	.4264058	.2149022	.358692	0
965.15	0	.4260393	.2150592	.3589015	0
964.15	0	.4256746	.215215	.3591104	0
963.15	0	.4253117	.2153696	.3593187	0
962.15	0	.4249506	.215523	.3595264	0
961.15	0	.4245913	.2156752	.3597335	0
960.15	0	.4242339	.2158262	.35994	0
959.15	0	.4238782	.215976	.3601459	0
958.15	0	.4235243	.2161246	.3603511	0
957.15	0	.4231722	.2162721	.3605558	0
956.15	0	.4228219	.2164184	.3607598	0
955.15	0	.4224733	.2165635	.3609632	0
954.15	0	.4221265	.2167075	.361166	0
953.15	0	.4217815	.2168504	.3613681	0
952.15	0	.4214382	.2169922	.3615697	0
951.15	0	.4210966	.2171328	.3617706	0
950.15	0	.4207568	.2172724	.3619709	0
949.15	0	.4204187	.2174108	.3621705	0
948.15	0	.4200823	.2175481	.3623695	0
947.15	0	.4197477	.2176844	.3625679	0
946.15	0	.4194147	.2178196	.3627657	0
945.15	0	.4190835	.2179537	.3629628	0
944.15	0	.4187539	.2180868	.3631593	0
943.15	0	.418426	.2182188	.3633552	0
942.15	0	.4180998	.2183498	.3635504	0
941.15	0	.4177753	.2184798	.3637449	0
940.15	0	.4174524	.2186088	.3639388	0
939.15	0	.4171311	.2187368	.3641321	0
938.15	0	.4168115	.2188638	.3643247	0
937.15	0	.4164935	.2189898	.3645166	0
936.15	0	.4161772	.2191149	.3647079	0
935.15	0	.4158624	.219239	.3648986	0
934.15	0	.4155493	.2193621	.3650886	0
933.15	0	.4152378	.2194844	.3652779	0
932.15	0	.4149278	.2196057	.3654665	0
931.15	0	.4146194	.2197261	.3656545	0
930.15	0	.4143126	.2198456	.3658418	0
929.15	0	.4140074	.2199642	.3660284	0
928.15	0	.4137036	.220082	.3662144	0
927.15	0	.4134015	.2201989	.3663996	0
926.15	0	.4131008	.220315	.3665842	0
925.15	0	.4128017	.2204302	.3667681	0
924.15	0	.4125041	.2205447	.3669513	0
923.15	0	.4122079	.2206583	.3671338	0
922.15	0	.4119133	.2207711	.3673156	0
921.15	0	.4116201	.2208832	.3674967	0
920.15	0	.4113283	.2209945	.3676771	0
919.15	0	.4110381	.2211051	.3678568	0
918.15	0	.4107492	.221215	.3680358	0
917.15	0	.4104618	.2213241	.3682141	0
916.15	0	.4101758	.2214326	.3683916	0
915.15	0	.4098912	.2215403	.3685685	0
914.15	0	.409608	.2216474	.3687446	0
913.15	0	.4093261	.2217539	.36892	0
912.15	0	.4090457	.2218597	.3690946	0
911.15	0	.4087665	.221965	.3692685	0
910.15	0	.4084887	.2220696	.3694417	0
909.15	0	.4082123	.2221736	.3696141	0
908.15	0	.4079371	.2222771	.3697858	0
907.15	0	.4076632	.2223801	.3699567	0
906.15	0	.4073906	.2224825	.3701269	0
905.15	0	.4071193	.2225844	.3702962	0
904.15	0	.4068492	.2226859	.3704649	0
903.15	0	.4065804	.2227869	.3706327	0
902.15	0	.4063128	.2228874	.3707998	0
901.15	0	.4060464	.2229875	.3709661	0
900.15	0	.4057811	.2230872	.3711316	0
899.15	0	.4055171	.2231866	.3712963	0
898.15	0	.4052542	.2232855	.3714603	0
897.15	0	.4049925	.2233842	.3716234	0
896.15	0	.4047318	.2234825	.3717857	0
895.15	0	.4044723	.2235805	.3719472	0
894.15	0	.4042139	.2236782	.3721079	0
893.15	0	.4039565	.2237757	.3722677	0
892.15	0	.4037002	.223873	.3724268	0
891.15	0	.403445	.2239701	.372585	0
890.15	0	.4031907	.224067	.3727423	0
889.15	0	.4029375	.2241637	.3728988	0
888.15	0	.4026852	.2242603	.3730545	0
887.15	0	.4024339	.2243569	.3732093	0
886.15	0	.4021835	.2244533	.3733632	0
885.15	0	.401934	.2245497	.3735162	0
884.15	0	.4016855	.2246461	.3736684	0
883.15	0	.4014378	.2247425	.3738197	0
882.15	0	.401191	.2248389	.3739701	0
881.15	0	.400945	.2249354	.3741196	0
880.15	0	.4006999	.225032	.3742682	0
879.15	0	.4004555	.2251287	.3744159	0
878.15	0	.4002119	.2252255	.3745626	0
877.15	0	.399969	.2253226	.3747084	0
876.15	0	.3997269	.2254198	.3748533	0
875.15	0	.3994854	.2255173	.3749973	0
874.15	0	.3992447	.2256151	.3751402	0
873.15	0	.3990046	.2257132	.3752822	0
872.15	0	.3987651	.2258117	.3754233	0
871.15	0	.3985262	.2259105	.3755634	0
870.15	0	.3982878	.2260097	.3757024	0
869.15	0	.39805	.2261094	.3758405	0
868.15	0	.3978128	.2262096	.3759776	0
867.15	0	.397576	.2263104	.3761136	0
866.15	0	.3973397	.2264116	.3762487	0
865.15	0	.3971038	.2265135	.3763827	0
864.15	0	.3968683	.2266161	.3765156	0
863.15	0	.3966332	.2267193	.3766475	0
862.15	0	.3963985	.2268233	.3767783	0
861.15	0	.396164	.226928	.376908	0
860.15	0	.3959298	.2270335	.3770367	0
859.15	0	.3956959	.2271399	.3771642	0
858.15	0	.3954622	.2272472	.3772906	0
857.15	0	.3952286	.2273555	.3774159	0
856.15	0	.3949952	.2274647	.3775401	0
855.15	0	.3947619	.227575	.3776631	0
854.15	0	.3945287	.2276864	.3777849	0
853.15	0	.3942955	.2277989	.3779056	0
852.15	0	.3940623	.2279127	.378025	0
851.15	0	.3938291	.2280276	.3781433	0
850.15	0	.3935957	.2281439	.3782603	0
849.15	0	.3933623	.2282616	.3783761	0
848.15	0	.3931287	.2283807	.3784907	0
847.15	0	.3928948	.2285013	.3786039	0
846.15	0	.3926607	.2286234	.3787159	0
845.15	0	.3924263	.2287471	.3788266	0
844.15	0	.3921916	.2288724	.378936	0
843.15	0	.3919564	.2289996	.379044	0
842.15	0	.3917209	.2291285	.3791507	0
841.15	0	.3914848	.2292593	.379256	0
840.15	0	.3912481	.229392	.3793599	0
839.15	0	.3910109	.2295268	.3794623	0
838.15	0	.390773	.2296636	.3795634	0
837.15	0	.3905344	.2298027	.379663	0
836.15	0	.390295	.229944	.3797611	0
835.15	0	.3900548	.2300876	.3798576	0
834.15	0	.3898137	.2302337	.3799527	0
833.15	0	.3895716	.2303823	.3800462	0
832.15	0	.3893285	.2305335	.3801381	0
831.15	0	.3890842	.2306874	.3802284	0
830.15	0	.3888388	.2308441	.3803171	0
829.15	0	.3885922	.2310037	.3804041	0
828.15	0	.3883442	.2311664	.3804894	0
827.15	0	.3880949	.2313322	.3805729	0
826.15	0	.387844	.2315013	.3806547	0
825.15	0	.3875916	.2316737	.3807347	0
824.15	0	.3873374	.2318497	.3808129	0
823.15	0	.3870816	.2320293	.3808892	0
822.15	0	.3868238	.2322126	.3809635	0
821.15	0	.3865641	.2323999	.381036	0
820.15	0	.3863023	.2325913	.3811064	0
819.15	0	.3860384	.2327869	.3811747	0
818.15	0	.3857721	.2329869	.381241	0
817.15	0	.3855034	.2331915	.3813051	0
816.15	0	.3852321	.2334008	.381367	0
815.15	0	.3849581	.2336152	.3814267	0
814.15	0	.3846813	.2338346	.3814841	0
813.15	0	.3844015	.2340595	.3815391	0
812.15	0	.3841185	.2342899	.3815916	0
811.15	0	.3838321	.2345263	.3816416	0
810.15	0	.3835423	.2347687	.3816891	0
809.15	0	.3832487	.2350175	.3817338	0
808.15	0	.3829512	.235273	.3817758	0
807.15	0	.3826495	.2355355	.381815	0
806.15	0	.3823435	.2358053	.3818512	0
805.15	0	.3820328	.2360828	.3818844	0
804.15	0	.3817172	.2363684	.3819144	0
803.15	0	.3813964	.2366624	.3819412	0
802.15	0	.38107	.2369654	.3819646	0
801.15	0	.3807378	.2372778	.3819844	0
800.15	0	.3803994	.2376001	.3820005	0
799.15	0	.3800543	.2379329	.3820128	0
798.15	0	.3797045	.2382749	.3820206	0
797.15	0	.3793447	.2386307	.3820246	0
796.15	0	.3789767	.2389991	.3820242	0
795.15	0	.3786	.2393808	.3820192	0
794.15	0	.3782141	.2397768	.3820092	0
793.15	0	.377818	.240188	.381994	0
792.15	0	.3774112	.2406156	.3819732	0
791.15	0	.3769925	.2410608	.3819466	0
790.15	0	.3765612	.2415251	.3819138	0
789.15	0	.3761158	.24201	.3818741	0
788.15	0	.3756553	.2425175	.3818272	0
787.15	0	.375178	.2430495	.3817725	0
786.15	0	.3746821	.2436086	.3817093	0
785.15	0	.3741657	.2441977	.3816367	0
784.15	0	.3736262	.24482	.3815539	0
783.15	0	.3730607	.2454797	.3814597	0
782.15	0	.3724599	.2461893	.3813508	0
781.15	0	.3709519	.2481187	.3809294	0
780.15	0	.3696699	.2497518	.3805783	0
779.15	0	.3685516	.2511712	.3802772	0
778.15	0	.3675588	.2524275	.3800137	0
777.15	0	.3666662	.2535541	.3797797	0
776.15	0	.3658558	.2545748	.3795695	0
775.15	0	.3651143	.2555067	.379379	0
774.15	0	.3644318	.2563631	.3792051	0
773.15	0	.3638003	.2571543	.3790453	0
772.15	0	.3632136	.2578886	.3788978	0
771.15	0	.3626663	.2585727	.378761	0
770.15	0	.3621543	.2592122	.3786335	0
769.15	0	.361674	.2598116	.3785144	0
768.15	0	.3612222	.260375	.3784028	0
767.15	0	.3607965	.2609057	.3782978	0
766.15	0	.3603944	.2614068	.3781988	0
765.15	0	.3600141	.2618806	.3781054	0
764.15	0	.3596537	.2623295	.3780169	0
763.15	0	.3593118	.2627553	.3779329	0
762.15	0	.3589869	.26316	.3778531	0
761.15	0	.3586779	.263545	.3777772	0
760.15	0	.3583836	.2639117	.3777047	0
759.15	0	.358103	.2642614	.3776356	0
758.15	0	.3578353	.2645952	.3775694	0
757.15	0	.3575797	.2649143	.3775061	0
756.15	0	.3573353	.2652194	.3774453	0
755.15	0	.3571015	.2655115	.377387	0
754.15	0	.3568777	.2657914	.3773309	0
753.15	0	.3566633	.2660597	.3772769	0
752.15	0	.3564578	.2663173	.377225	0
751.15	0	.3562606	.2665646	.3771748	0
750.15	0	.3560714	.2668022	.3771265	0
749.15	0	.3558896	.2670307	.3770797	0
748.15	0	.355715	.2672505	.3770345	0
747.15	0	.3555471	.2674622	.3769907	0
746.15	0	.3553856	.2676661	.3769483	0
745.15	0	.3552302	.2678627	.3769071	0
744.15	0	.3550806	.2680522	.3768672	0
743.15	0	.3549364	.2682352	.3768284	0
742.15	0	.3547976	.2684118	.3767907	0
741.15	0	.3546637	.2685823	.376754	0
740.15	0	.3545346	.2687472	.3767183	0
739.15	0	.35441	.2689066	.3766835	0
738.15	0	.3542898	.2690608	.3766495	0
737.15	0	.3541737	.26921	.3766164	0
736.15	0	.3540615	.2693545	.376584	0
735.15	0	.3539532	.2694944	.3765524	0
734.15	0	.3538485	.2696301	.3765215	0
733.15	0	.3537472	.2697616	.3764912	0
732.15	0	.3536493	.2698891	.3764616	0
731.15	0	.3535545	.2700129	.3764325	0
730.15	0	.3534628	.2701331	.3764041	0
729.15	0	.353374	.2702498	.3763762	0
728.15	0	.353288	.2703632	.3763488	0
727.15	0	.3532047	.2704734	.3763218	0
726.15	0	.353124	.2705806	.3762954	0
725.15	0	.3530457	.2706849	.3762694	0
724.15	0	.3529698	.2707864	.3762438	0
723.15	0	.3528962	.2708852	.3762186	0
722.15	0	.3528248	.2709815	.3761937	0
721.15	0	.3527555	.2710752	.3761693	0
720.15	0	.3526882	.2711667	.3761452	0
719.15	0	.3526228	.2712558	.3761214	0
718.15	0	.3525593	.2713428	.3760979	0
717.15	0	.3524976	.2714277	.3760747	0
716.15	0	.3524376	.2715106	.3760518	0
715.15	0	.3523793	.2715915	.3760292	0
714.15	0	.3523226	.2716707	.3760068	0
713.15	0	.3522674	.271748	.3759846	0
712.15	0	.3522137	.2718236	.3759627	0
711.15	0	.3521614	.2718976	.375941	0
710.15	0	.3521104	.27197	.3759195	0
709.15	0	.3520608	.2720409	.3758983	0
708.15	0	.3520125	.2721104	.3758771	0
707.15	0	.3519654	.2721784	.3758562	0
706.15	0	.3519194	.2722451	.3758354	0
705.15	0	.3518746	.2723105	.3758148	0
704.15	0	.3518309	.2723747	.3757944	0
703.15	0	.3517882	.2724377	.3757741	0
702.15	0	.3517466	.2724995	.3757539	0
701.15	0	.3517059	.2725603	.3757338	0
700.15	0	.3516662	.2726199	.3757139	0
699.15	0	.3516273	.2726786	.3756941	0
698.15	0	.3515894	.2727363	.3756743	0
697.15	0	.3515522	.272793	.3756547	0
696.15	0	.3515159	.2728489	.3756352	0
695.15	0	.3514804	.2729039	.3756158	0
694.15	0	.3514456	.272958	.3755964	0
693.15	0	.3514115	.2730113	.3755772	0
692.15	0	.3513782	.2730639	.375558	0
691.15	0	.3513455	.2731157	.3755388	0
690.15	0	.3513134	.2731668	.3755198	0
689.15	0	.351282	.2732173	.3755007	0
688.15	0	.3512512	.2732671	.3754818	0
687.15	0	.3512209	.2733162	.3754629	0
686.15	0	.3511912	.2733648	.375444	0
685.15	0	.3511621	.2734127	.3754252	0
684.15	0	.3511334	.2734602	.3754064	0
683.15	0	.3511053	.2735071	.3753877	0
682.15	0	.3510776	.2735534	.375369	0
681.15	0	.3510504	.2735993	.3753503	0
680.15	0	.3510237	.2736447	.3753316	0
679.15	0	.3509974	.2736897	.375313	0
678.15	0	.3509714	.2737342	.3752943	0
677.15	0	.3509459	.2737784	.3752757	0
676.15	0	.3509208	.2738221	.3752572	0
675.15	0	.350896	.2738654	.3752386	0
674.15	0	.3508716	.2739084	.37522	0
673.15	0	.3508475	.2739511	.3752014	0
672.15	0	.3508237	.2739934	.3751829	0
671.15	0	.3508003	.2740354	.3751643	0
670.15	0	.3507772	.2740771	.3751458	0
669.15	0	.3507543	.2741185	.3751272	0
668.15	0	.3507317	.2741596	.3751087	0
667.15	0	.3507094	.2742005	.3750901	0
666.15	0	.3506874	.2742411	.3750715	0
665.15	0	.3506656	.2742815	.3750529	0
664.15	0	.350644	.2743217	.3750343	0
663.15	0	.3506227	.2743616	.3750157	0
662.15	0	.3506015	.2744014	.3749971	0
661.15	0	.3505806	.2744409	.3749785	0
660.15	0	.3505599	.2744803	.3749598	0
659.15	0	.3505394	.2745195	.3749411	0
658.15	0	.350519	.2745585	.3749225	0
657.15	0	.3504989	.2745974	.3749037	0
656.15	0	.3504789	.2746361	.374885	0
655.15	0	.350459	.2746747	.3748663	0
654.15	0	.3504393	.2747132	.3748475	0
653.15	0	.3504198	.2747515	.3748287	0
652.15	0	.3504004	.2747898	.3748098	0
651.15	0	.3503811	.2748279	.374791	0
650.15	0	.350362	.2748659	.3747721	0
649.15	0	.350343	.2749039	.3747532	0
648.15	0	.350324	.2749417	.3747342	0
647.15	0	.3503052	.2749795	.3747153	0
646.15	0	.3502865	.2750172	.3746963	0
645.15	0	.3502679	.2750548	.3746772	0
644.15	0	.3502494	.2750924	.3746582	0
643.15	0	.350231	.2751299	.3746391	0
642.15	0	.3502127	.2751674	.3746199	0
641.15	0	.3501944	.2752048	.3746008	0
640.15	0	.3501762	.2752422	.3745816	0
639.15	0	.3501581	.2752795	.3745623	0
638.15	0	.3501401	.2753169	.3745431	0
637.15	0	.3501221	.2753542	.3745238	0
636.15	0	.3501042	.2753914	.3745044	0
635.15	0	.3500863	.2754287	.374485	0
634.15	0	.3500685	.2754659	.3744656	0
633.15	0	.3500507	.2755031	.3744462	0
632.15	0	.3500329	.2755404	.3744267	0
631.15	0	.3500152	.2755776	.3744072	0
630.15	0	.3499976	.2756148	.3743876	0
629.15	0	.3499799	.2756521	.374368	0
628.15	0	.3499624	.2756893	.3743483	0
627.15	0	.3499448	.2757266	.3743287	0
626.15	0	.3499272	.2757638	.374309	0
625.15	0	.3499097	.2758011	.3742892	0
624.15	0	.3498922	.2758384	.3742694	0
623.15	0	.3498747	.2758757	.3742496	0
622.15	0	.3498572	.2759131	.3742297	0
621.15	0	.3498398	.2759505	.3742098	0
620.15	0	.3498223	.2759879	.3741898	0
619.15	0	.3498049	.2760253	.3741698	0
618.15	0	.3497874	.2760628	.3741498	0
617.15	0	.34977	.2761003	.3741297	0
616.15	0	.3497526	.2761378	.3741096	0
615.15	0	.3497351	.2761754	.3740895	0
614.15	0	.3497177	.2762131	.3740693	0
613.15	0	.3497002	.2762507	.374049	0
612.15	0	.3496828	.2762884	.3740288	0
611.15	0	.3496653	.2763262	.3740085	0
610.15	0	.3496478	.276364	.3739881	0
609.15	0	.3496304	.2764019	.3739677	0
608.15	0	.3496129	.2764398	.3739473	0
607.15	0	.3495954	.2764778	.3739269	0
606.15	0	.3495779	.2765158	.3739063	0
605.15	0	.3495603	.2765539	.3738858	0
604.15	0	.3495428	.276592	.3738652	0
603.15	0	.3495252	.2766302	.3738446	0
602.15	0	.3495076	.2766684	.373824	0
601.15	0	.34949	.2767067	.3738033	0
600.15	0	.3494724	.2767451	.3737825	0
599.15	0	.3494547	.2767835	.3737618	0
598.15	0	.349437	.276822	.373741	0
597.15	0	.3494193	.2768606	.3737201	0
596.15	0	.3494016	.2768992	.3736992	0
595.15	0	.3493838	.2769379	.3736783	0
594.15	0	.349366	.2769766	.3736574	0
593.15	0	.3493482	.2770154	.3736364	0
592.15	0	.3493304	.2770543	.3736154	0
591.15	0	.3493125	.2770932	.3735943	0
590.15	0	.3492946	.2771322	.3735732	0
589.15	0	.3492767	.2771713	.3735521	0
588.15	0	.3492587	.2772104	.3735309	0
587.15	0	.3492407	.2772496	.3735097	0
586.15	0	.3492227	.2772889	.3734885	0
585.15	0	.3492046	.2773282	.3734672	0
584.15	0	.3491865	.2773676	.3734459	0
583.15	0	.3491684	.2774071	.3734246	0
582.15	0	.3491502	.2774466	.3734032	0
581.15	0	.349132	.2774862	.3733818	0
580.15	0	.3491138	.2775259	.3733604	0
579.15	0	.3490955	.2775656	.3733389	0
578.15	0	.3490772	.2776054	.3733174	0
577.15	0	.3490588	.2776453	.3732959	0
576.15	0	.3490404	.2776852	.3732743	0
575.15	0	.349022	.2777253	.3732527	0
574.15	0	.3490036	.2777653	.3732311	0
573.15	0	.3489851	.2778055	.3732095	0
572.15	0	.3489665	.2778457	.3731878	0
571.15	0	.348948	.277886	.3731661	0
570.15	0	.3489294	.2779263	.3731443	0
569.15	0	.3489107	.2779667	.3731226	0
568.15	0	.348892	.2780072	.3731008	0
567.15	0	.3488733	.2780477	.373079	0
566.15	0	.3488545	.2780884	.3730571	0
565.15	0	.3488357	.278129	.3730352	0
564.15	0	.3488169	.2781698	.3730133	0
563.15	0	.348798	.2782106	.3729914	0
562.15	0	.3487791	.2782515	.3729695	0
561.15	0	.3487601	.2782924	.3729475	0
560.15	0	.3487411	.2783334	.3729255	0
559.15	0	.3487221	.2783744	.3729035	0
558.15	0	.348703	.2784156	.3728814	0
557.15	0	.3486839	.2784567	.3728594	0
556.15	0	.3486648	.278498	.3728373	0
555.15	0	.3486456	.2785393	.3728151	0
554.15	0	.3486264	.2785807	.372793	0
553.15	0	.3486071	.2786221	.3727708	0
552.15	0	.3485878	.2786636	.3727487	0
551.15	0	.3485684	.2787051	.3727265	0
550.15	0	.3485491	.2787467	.3727042	0
549.15	0	.3485296	.2787884	.372682	0
548.15	0	.3485102	.2788301	.3726597	0
547.15	0	.3484907	.2788718	.3726375	0
546.15	0	.3484712	.2789137	.3726152	0
545.15	0	.3484516	.2789556	.3725928	0
544.15	0	.348432	.2789975	.3725705	0
543.15	0	.3484124	.2790395	.3725482	0
542.15	0	.3483927	.2790815	.3725258	0
541.15	0	.348373	.2791236	.3725034	0
540.15	0	.3483532	.2791658	.372481	0
539.15	0	.3483334	.279208	.3724586	0
538.15	0	.3483136	.2792502	.3724362	0
537.15	0	.3482937	.2792925	.3724137	0
536.15	0	.348274	.2793349	.3723912	0
535.15	0	.3482541	.2793773	.3723687	0
534.15	0	.3482341	.2794197	.3723462	0
533.15	0	.3482141	.2794622	.3723237	0
532.15	0	.3481941	.2795047	.3723012	0
531.15	0	.348174	.2795473	.3722787	0
530.15	0	.3481539	.2795899	.3722561	0
529.15	0	.3481338	.2796326	.3722336	0
528.15	0	.3481136	.2796753	.372211	0
527.15	0	.3480935	.2797181	.3721885	0
526.15	0	.3480732	.2797609	.3721659	0
525.15	0	.348053	.2798037	.3721433	0
524.15	0	.3480327	.2798466	.3721208	0
523.15	0	.3480124	.2798895	.3720982	0
522.15	0	.347992	.2799324	.3720756	0
521.15	0	.3479716	.2799754	.372053	0
520.15	0	.3479512	.2800184	.3720304	0
519.15	0	.3479308	.2800615	.3720077	0
518.15	0	.3479103	.2801046	.3719851	0
517.15	0	.3478898	.2801477	.3719625	0
516.15	0	.3478693	.2801909	.3719399	0
515.15	0	.3478487	.2802341	.3719172	0
514.15	0	.3478281	.2802773	.3718946	0
513.15	0	.3478075	.2803205	.371872	0
512.15	0	.3477869	.2803638	.3718493	0
511.15	0	.3477662	.2804071	.3718267	0
510.15	0	.3477455	.2804505	.371804	0
509.15	0	.3477248	.2804938	.3717814	0
508.15	0	.347704	.2805372	.3717588	0
507.15	0	.3476832	.2805807	.3717361	0
506.15	0	.3476624	.2806241	.3717135	0
505.15	0	.3476416	.2806675	.3716908	0
504.15	0	.3476208	.280711	.3716682	0
503.15	0	.3475999	.2807545	.3716456	0
502.15	0	.347579	.2807981	.3716229	0
501.15	0	.3475581	.2808416	.3716003	0
500.15	0	.3475371	.2808852	.3715777	0
499.15	0	.3475162	.2809288	.3715551	0
498.15	0	.3474952	.2809724	.3715325	0
497.15	0	.3474742	.281016	.3715098	0
496.15	0	.3474531	.2810596	.3714872	0
495.15	0	.3474321	.2811033	.3714647	0
494.15	0	.347411	.2811469	.3714421	0
493.15	0	.3473899	.2811906	.3714195	0
492.15	0	.3473688	.2812343	.3713969	0
491.15	0	.3473477	.2812779	.3713744	0
490.15	0	.3473266	.2813217	.3713518	0
489.15	0	.3473054	.2813654	.3713293	0
488.15	0	.3472842	.2814091	.3713067	0
487.15	0	.347263	.2814528	.3712842	0
486.15	0	.3472418	.2814965	.3712617	0
485.15	0	.3472205	.2815403	.3712392	0
484.15	0	.3471993	.281584	.3712167	0
483.15	0	.347178	.2816277	.3711942	0
482.15	0	.3471567	.2816715	.3711718	0
481.15	0	.3471355	.2817152	.3711493	0
480.15	0	.3471141	.281759	.3711269	0
479.15	0	.3470928	.2818027	.3711045	0
478.15	0	.3470715	.2818465	.3710821	0
477.15	0	.3470501	.2818902	.3710597	0
476.15	0	.3470287	.2819339	.3710373	0
475.15	0	.3470074	.2819777	.371015	0
474.15	0	.346986	.2820214	.3709926	0
473.15	0	.3469646	.2820651	.3709703	0
472.15	0	.3469432	.2821088	.370948	0
471.15	0	.3469218	.2821525	.3709257	0
470.15	0	.3469003	.2821962	.3709035	0
469.15	0	.3468789	.2822399	.3708812	0
468.15	0	.3468574	.2822836	.370859	0
467.15	0	.346836	.2823272	.3708368	0
466.15	0	.3468145	.2823709	.3708146	0
465.15	0	.346793	.2824145	.3707925	0
464.15	0	.3467715	.2824581	.3707704	0
463.15	0	.34675	.2825017	.3707482	0
462.15	0	.3467285	.2825453	.3707262	0
461.15	0	.346707	.2825889	.3707041	0
460.15	0	.3466855	.2826324	.3706821	0
459.15	0	.346664	.282676	.37066	0
458.15	0	.3466425	.2827195	.370638	0
457.15	0	.3466209	.282763	.3706161	0
456.15	0	.3465994	.2828064	.3705942	0
455.15	0	.3465779	.2828499	.3705722	0
454.15	0	.3465563	.2828933	.3705504	0
453.15	0	.3465348	.2829367	.3705285	0
452.15	0	.3465132	.2829801	.3705067	0
451.15	0	.3464917	.2830234	.3704849	0
450.15	0	.3464701	.2830668	.3704631	0
449.15	0	.3464486	.28311	.3704414	0
448.15	0	.3464271	.2831532	.3704197	0
447.15	0	.3464056	.2831964	.370398	0
446.15	0	.346384	.2832395	.3703764	0
445.15	0	.3463625	.2832826	.3703548	0
444.15	0	.3463411	.2833257	.3703333	0
443.15	0	.3463196	.2833687	.3703117	0
442.15	0	.3462981	.2834116	.3702903	0
441.15	0	.3462767	.2834545	.3702688	0
440.15	0	.3462552	.2834973	.3702474	0
439.15	0	.3462338	.2835401	.3702261	0
438.15	0	.3462125	.2835828	.3702048	0
