T	 BPW(LIQUID)	BPW(BCC_A2)	BPW(FCC_A1)	BPW(LAVES_PHASE_C14)	BPW(NI3TI)
1473.15	.05311466	.9468853	0	0	0
1472.15	.051302	.948698	0	0	0
1471.15	.04950065	.9504993	0	0	0
1470.15	.04771051	.9522895	0	0	0
1469.15	.04593148	.9540685	0	0	0
1469.126	.04588863	.9541114	0	0	0
1469.126	.04588863	.9541114	0	0	0
1469.126	.04588863	.9541114	0	0	0
1468.15	.04142259	.9514992	.007078206	0	0
1467.15	.03684658	.9488406	.01431282	0	0
1466.15	.03227092	.9462004	.02152866	0	0
1465.15	.02769535	.9435786	.02872601	0	0
1464.15	.02311961	.9409752	.0359052	0	0
1463.15	.01854343	.9383901	.04306651	0	0
1462.15	.01396656	.9358232	.05021023	0	0
1461.15	.009388736	.9332746	.05733666	0	0
1460.15	.004809719	.9307442	.06444609	0	0
1459.15	2.29251E-04	.928232	.0715388	0	0
1459.1	0	.9281067	.07189329	0	0
1459.1	0	.9281067	.07189329	0	0
1458.15	0	.9263389	.07366108	0	0
1457.15	0	.924481	.07551901	0	0
1456.15	0	.9226261	.07737386	0	0
1455.15	0	.9207744	.07922564	0	0
1454.15	0	.9189256	.08107436	0	0
1453.15	0	.91708	.08292001	0	0
1452.15	0	.9152374	.08476261	0	0
1451.15	0	.9133979	.08660214	0	0
1450.15	0	.9115614	.08843863	0	0
1449.15	0	.9097279	.09027207	0	0
1448.15	0	.9078975	.09210245	0	0
1447.15	0	.9060702	.0939298	0	0
1446.15	0	.9042459	.09575411	0	0
1445.15	0	.9024246	.09757537	0	0
1444.15	0	.9006064	.0993936	0	0
1443.15	0	.8987912	.1012088	0	0
1442.15	0	.896979	.103021	0	0
1441.15	0	.8951699	.1048301	0	0
1440.15	0	.8933638	.1066362	0	0
1439.15	0	.8915607	.1084393	0	0
1438.15	0	.8897606	.1102394	0	0
1437.15	0	.8879635	.1120365	0	0
1436.15	0	.8861695	.1138305	0	0
1435.15	0	.8843784	.1156216	0	0
1434.15	0	.8825904	.1174096	0	0
1433.15	0	.8808054	.1191946	0	0
1432.15	0	.8790233	.1209767	0	0
1431.15	0	.8772443	.1227557	0	0
1430.15	0	.8754683	.1245317	0	0
1429.15	0	.8736953	.1263047	0	0
1428.15	0	.8719252	.1280748	0	0
1427.15	0	.8701582	.1298418	0	0
1426.15	0	.8683941	.1316059	0	0
1425.15	0	.866633	.133367	0	0
1424.15	0	.8648749	.1351251	0	0
1423.15	0	.8631198	.1368802	0	0
1422.15	0	.8613677	.1386323	0	0
1421.15	0	.8596186	.1403814	0	0
1420.15	0	.8578724	.1421276	0	0
1419.15	0	.8561292	.1438708	0	0
1418.15	0	.8543889	.1456111	0	0
1417.15	0	.8526516	.1473483	0	0
1416.15	0	.8509173	.1490827	0	0
1415.15	0	.849186	.150814	0	0
1414.15	0	.8474576	.1525424	0	0
1413.15	0	.8457322	.1542678	0	0
1412.15	0	.8440098	.1559902	0	0
1411.15	0	.8422903	.1577098	0	0
1410.15	0	.8405737	.1594263	0	0
1409.15	0	.8388601	.1611399	0	0
1408.15	0	.8371495	.1628505	0	0
1407.15	0	.8354418	.1645582	0	0
1406.15	0	.833737	.166263	0	0
1405.15	0	.8320352	.1679648	0	0
1404.15	0	.8303364	.1696636	0	0
1403.15	0	.8286405	.1713595	0	0
1402.15	0	.8269475	.1730525	0	0
1401.15	0	.8252575	.1747425	0	0
1400.15	0	.8235704	.1764296	0	0
1399.15	0	.8218862	.1781138	0	0
1398.15	0	.820205	.179795	0	0
1397.15	0	.8185267	.1814733	0	0
1396.15	0	.8168514	.1831486	0	0
1395.15	0	.8151789	.1848211	0	0
1394.15	0	.8135094	.1864906	0	0
1393.15	0	.8118429	.1881571	0	0
1392.15	0	.8101793	.1898207	0	0
1391.15	0	.8085186	.1914814	0	0
1390.15	0	.8068608	.1931392	0	0
1389.15	0	.8052059	.1947941	0	0
1388.15	0	.803554	.196446	0	0
1387.15	0	.801905	.198095	0	0
1386.15	0	.8002589	.1997411	0	0
1385.15	0	.7986157	.2013843	0	0
1384.15	0	.7969755	.2030245	0	0
1383.15	0	.7953382	.2046618	0	0
1382.15	0	.7937038	.2062962	0	0
1381.15	0	.7920723	.2079277	0	0
1380.15	0	.7904437	.2095563	0	0
1379.15	0	.7888181	.2111819	0	0
1378.15	0	.7871953	.2128047	0	0
1377.15	0	.7855755	.2144245	0	0
1376.15	0	.7839586	.2160414	0	0
1375.15	0	.7823446	.2176554	0	0
1374.15	0	.7807336	.2192664	0	0
1373.15	0	.7791254	.2208746	0	0
1372.15	0	.7775202	.2224798	0	0
1371.15	0	.7759178	.2240822	0	0
1370.15	0	.7743184	.2256816	0	0
1369.15	0	.7727219	.2272781	0	0
1368.15	0	.7711283	.2288717	0	0
1367.15	0	.7695376	.2304624	0	0
1366.15	0	.7679499	.2320501	0	0
1365.15	0	.766365	.233635	0	0
1364.15	0	.7647831	.2352169	0	0
1363.15	0	.7632041	.2367959	0	0
1362.15	0	.761628	.2383721	0	0
1361.15	0	.7600548	.2399452	0	0
1360.15	0	.7584845	.2415155	0	0
1359.15	0	.7569171	.2430829	0	0
1358.15	0	.7553526	.2446474	0	0
1357.15	0	.7537911	.2462089	0	0
1356.15	0	.7522325	.2477675	0	0
1355.15	0	.7506768	.2493232	0	0
1354.15	0	.749124	.250876	0	0
1353.15	0	.7475741	.2524259	0	0
1352.15	0	.7460271	.2539729	0	0
1351.15	0	.7444831	.2555169	0	0
1350.15	0	.742942	.2570581	0	0
1349.15	0	.7414038	.2585963	0	0
1348.15	0	.7398685	.2601315	0	0
1347.15	0	.7383361	.2616639	0	0
1346.15	0	.7368067	.2631933	0	0
1345.15	0	.7352802	.2647199	0	0
1344.15	0	.7337566	.2662434	0	0
1343.15	0	.7322359	.2677641	0	0
1342.15	0	.7307182	.2692818	0	0
1341.15	0	.7292033	.2707967	0	0
1340.15	0	.7276915	.2723085	0	0
1339.15	0	.7261825	.2738175	0	0
1338.15	0	.7246765	.2753235	0	0
1337.15	0	.7231734	.2768266	0	0
1336.15	0	.7216732	.2783268	0	0
1335.15	0	.720176	.279824	0	0
1334.15	0	.7186817	.2813183	0	0
1333.15	0	.7171904	.2828096	0	0
1332.15	0	.715702	.284298	0	0
1331.15	0	.7142166	.2857834	0	0
1330.15	0	.712734	.287266	0	0
1329.15	0	.7112545	.2887455	0	0
1328.15	0	.7097779	.2902221	0	0
1327.15	0	.7083042	.2916958	0	0
1326.15	0	.7068335	.2931665	0	0
1325.15	0	.7053657	.2946343	0	0
1324.15	0	.7039009	.2960991	0	0
1323.15	0	.7024391	.2975609	0	0
1322.15	0	.7009802	.2990198	0	0
1321.15	0	.6995243	.3004757	0	0
1320.15	0	.6980714	.3019286	0	0
1319.15	0	.6966214	.3033786	0	0
1318.15	0	.6951744	.3048256	0	0
1317.15	0	.6937303	.3062697	0	0
1316.15	0	.6922893	.3077107	0	0
1315.15	0	.6908512	.3091488	0	0
1314.15	0	.6894161	.3105839	0	0
1313.15	0	.687984	.312016	0	0
1312.15	0	.6865549	.3134451	0	0
1311.15	0	.6851288	.3148712	0	0
1310.15	0	.6837056	.3162944	0	0
1309.15	0	.6822855	.3177145	0	0
1308.15	0	.6808684	.3191316	0	0
1307.15	0	.6794542	.3205458	0	0
1306.15	0	.6780431	.3219569	0	0
1305.15	0	.676635	.323365	0	0
1304.15	0	.6752299	.3247701	0	0
1303.15	0	.6738278	.3261722	0	0
1302.15	0	.6724288	.3275712	0	0
1301.15	0	.6710328	.3289673	0	0
1300.15	0	.6696397	.3303603	0	0
1299.15	0	.6682498	.3317502	0	0
1298.15	0	.6668629	.3331371	0	0
1297.15	0	.665479	.334521	0	0
1296.15	0	.6640981	.3359019	0	0
1295.15	0	.6627203	.3372797	0	0
1294.15	0	.6613456	.3386544	0	0
1293.15	0	.6599739	.3400261	0	0
1292.15	0	.6586053	.3413947	0	0
1291.15	0	.6572397	.3427603	0	0
1290.15	0	.6558772	.3441228	0	0
1289.15	0	.6545178	.3454822	0	0
1288.15	0	.6531615	.3468385	0	0
1287.15	0	.6518083	.3481917	0	0
1286.15	0	.6504581	.3495419	0	0
1285.15	0	.6491111	.350889	0	0
1284.15	0	.6477671	.3522329	0	0
1283.15	0	.6464262	.3535738	0	0
1282.15	0	.6450885	.3549115	0	0
1281.15	0	.6437539	.3562461	0	0
1280.15	0	.6424224	.3575776	0	0
1279.15	0	.641094	.358906	0	0
1278.15	0	.6397688	.3602312	0	0
1277.15	0	.6384467	.3615533	0	0
1276.15	0	.6371277	.3628723	0	0
1275.15	0	.6358119	.3641881	0	0
1274.15	0	.6344992	.3655008	0	0
1273.15	0	.6331897	.3668103	0	0
1272.15	0	.6318834	.3681166	0	0
1271.15	0	.6305802	.3694198	0	0
1270.15	0	.6292802	.3707198	0	0
1269.15	0	.6279835	.3720165	0	0
1268.15	0	.6266899	.3733101	0	0
1267.15	0	.6253995	.3746005	0	0
1266.15	0	.6241123	.3758877	0	0
1265.15	0	.6228283	.3771717	0	0
1264.15	0	.6215475	.3784525	0	0
1263.15	0	.62027	.37973	0	0
1262.15	0	.6189957	.3810043	0	0
1261.15	0	.6177246	.3822754	0	0
1260.15	0	.6164568	.3835432	0	0
1259.15	0	.6151922	.3848078	0	0
1258.15	0	.6139309	.3860691	0	0
1257.15	0	.6126729	.3873271	0	0
1256.15	0	.6114181	.3885819	0	0
1255.15	0	.6101666	.3898334	0	0
1254.15	0	.6089184	.3910816	0	0
1253.15	0	.6076736	.3923264	0	0
1252.15	0	.606432	.393568	0	0
1251.15	0	.6051937	.3948063	0	0
1250.15	0	.6039588	.3960412	0	0
1249.15	0	.6027272	.3972728	0	0
1248.15	0	.6014989	.3985011	0	0
1247.15	0	.600274	.399726	0	0
1246.15	0	.5990524	.4009476	0	0
1245.15	0	.5978342	.4021658	0	0
1244.15	0	.5966194	.4033806	0	0
1243.15	0	.595408	.404592	0	0
1242.15	0	.5941999	.4058001	0	0
1241.15	0	.5929953	.4070047	0	0
1240.15	0	.5917941	.4082059	0	0
1239.15	0	.5905963	.4094037	0	0
1238.15	0	.5894019	.4105981	0	0
1237.15	0	.588211	.411789	0	0
1236.15	0	.5870235	.4129765	0	0
1235.15	0	.5858395	.4141606	0	0
1234.15	0	.5846589	.4153411	0	0
1233.15	0	.5834818	.4165182	0	0
1232.15	0	.5823082	.4176918	0	0
1231.15	0	.5811381	.4188619	0	0
1230.15	0	.5799716	.4200284	0	0
1229.15	0	.5788085	.4211915	0	0
1228.15	0	.577649	.422351	0	0
1227.15	0	.576493	.423507	0	0
1226.15	0	.5753406	.4246594	0	0
1225.15	0	.5741917	.4258083	0	0
1224.15	0	.5730464	.4269536	0	0
1223.15	0	.5719047	.4280953	0	0
1222.15	0	.5707666	.4292334	0	0
1221.15	0	.5696321	.4303679	0	0
1220.15	0	.5685012	.4314988	0	0
1219.15	0	.567374	.432626	0	0
1218.15	0	.5662504	.4337496	0	0
1217.15	0	.5651305	.4348695	0	0
1216.15	0	.5640142	.4359858	0	0
1215.15	0	.5629016	.4370984	0	0
1214.15	0	.5617927	.4382073	0	0
1213.15	0	.5606876	.4393124	0	0
1212.15	0	.5595861	.4404139	0	0
1211.15	0	.5584884	.4415116	0	0
1210.15	0	.5573944	.4426056	0	0
1209.15	0	.5563042	.4436958	0	0
1208.15	0	.5552177	.4447823	0	0
1207.15	0	.5541351	.445865	0	0
1206.15	0	.5530562	.4469438	0	0
1205.15	0	.5519811	.4480189	0	0
1204.15	0	.5509099	.4490901	0	0
1203.15	0	.5498425	.4501575	0	0
1202.15	0	.548779	.451221	0	0
1201.15	0	.5477194	.4522806	0	0
1200.15	0	.5466636	.4533364	0	0
1199.15	0	.5456117	.4543883	0	0
1198.15	0	.5445638	.4554362	0	0
1197.15	0	.5435198	.4564803	0	0
1196.15	0	.5424797	.4575203	0	0
1195.15	0	.5414435	.4585565	0	0
1194.15	0	.5404114	.4595886	0	0
1193.15	0	.5393833	.4606168	0	0
1192.15	0	.5383591	.4616409	0	0
1191.15	0	.537339	.462661	0	0
1190.15	0	.5363229	.4636771	0	0
1189.15	0	.5353109	.4646891	0	0
1188.15	0	.5343029	.4656971	0	0
1187.15	0	.533299	.466701	0	0
1186.15	0	.5322993	.4677007	0	0
1185.15	0	.5313036	.4686964	0	0
1184.15	0	.5303121	.4696879	0	0
1183.15	0	.5293248	.4706752	0	0
1182.15	0	.5283416	.4716584	0	0
1181.15	0	.5273627	.4726374	0	0
1180.15	0	.5263879	.4736121	0	0
1179.15	0	.5254173	.4745827	0	0
1178.15	0	.524451	.475549	0	0
1177.15	0	.523489	.476511	0	0
1176.15	0	.5225313	.4774687	0	0
1175.15	0	.5215778	.4784222	0	0
1174.15	0	.5206287	.4793713	0	0
1173.15	0	.5196839	.4803161	0	0
1172.15	0	.5187435	.4812565	0	0
1171.15	0	.5178074	.4821926	0	0
1170.15	0	.5168758	.4831242	0	0
1169.15	0	.5159485	.4840515	0	0
1168.15	0	.5150257	.4849743	0	0
1167.15	0	.5141074	.4858926	0	0
1166.15	0	.5131935	.4868065	0	0
1165.15	0	.5122842	.4877158	0	0
1164.15	0	.5113793	.4886207	0	0
1163.15	0	.510479	.489521	0	0
1162.15	0	.5095833	.4904167	0	0
1161.15	0	.5086922	.4913079	0	0
1160.15	0	.5078056	.4921944	0	0
1159.15	0	.5069237	.4930763	0	0
1158.15	0	.5060464	.4939536	0	0
1157.15	0	.5051738	.4948262	0	0
1156.15	0	.5043059	.4956941	0	0
1155.15	0	.5034427	.4965573	0	0
1154.15	0	.5025842	.4974158	0	0
1153.15	0	.5017305	.4982695	0	0
1152.15	0	.5008816	.4991184	0	0
1151.15	0	.5000375	.4999625	0	0
1150.15	0	.4991983	.5008018	0	0
1149.15	0	.4983638	.5016362	0	0
1148.15	0	.4975343	.5024657	0	0
1147.15	0	.4967097	.5032903	0	0
1146.15	0	.49589	.50411	0	0
1145.15	0	.4950753	.5049248	0	0
1144.15	0	.4942655	.5057345	0	0
1143.15	0	.4934607	.5065393	0	0
1142.15	0	.492661	.507339	0	0
1141.15	0	.4918663	.5081337	0	0
1140.15	0	.4910767	.5089233	0	0
1139.15	0	.4902922	.5097078	0	0
1138.15	0	.4895129	.5104871	0	0
1137.15	0	.4887387	.5112613	0	0
1136.15	0	.4879697	.5120303	0	0
1135.15	0	.4872059	.5127941	0	0
1134.15	0	.4864473	.5135527	0	0
1133.15	0	.4856941	.514306	0	0
1132.15	0	.4849461	.5150539	0	0
1131.15	0	.4842034	.5157966	0	0
1130.15	0	.4834661	.5165339	0	0
1129.15	0	.4827341	.5172659	0	0
1128.15	0	.4820076	.5179924	0	0
1127.15	0	.4812865	.5187135	0	0
1126.15	0	.4805709	.5194291	0	0
1125.15	0	.4798608	.5201392	0	0
1124.15	0	.4791562	.5208438	0	0
1123.15	0	.4784571	.5215429	0	0
1122.15	0	.4777636	.5222364	0	0
1121.15	0	.4770758	.5229242	0	0
1120.15	0	.4763936	.5236064	0	0
1119.15	0	.4757171	.5242829	0	0
1118.15	0	.4750463	.5249537	0	0
1117.15	0	.4743812	.5256188	0	0
1116.15	0	.4737219	.5262781	0	0
1115.15	0	.4730684	.5269316	0	0
1114.15	0	.4724207	.5275793	0	0
1113.15	0	.4717789	.5282211	0	0
1112.15	0	.471143	.528857	0	0
1111.15	0	.470513	.529487	0	0
1110.15	0	.469889	.530111	0	0
1109.15	0	.469271	.530729	0	0
1108.15	0	.468659	.531341	0	0
1107.15	0	.4680531	.5319469	0	0
1106.15	0	.4674533	.5325467	0	0
1105.15	0	.4668596	.5331404	0	0
1104.15	0	.4662721	.5337279	0	0
1103.15	0	.4656908	.5343093	0	0
1102.15	0	.4651157	.5348843	0	0
1101.15	0	.4645469	.5354531	0	0
1100.15	0	.4639844	.5360156	0	0
1099.15	0	.4634282	.5365718	0	0
1098.15	0	.4628785	.5371215	0	0
1097.15	0	.4623351	.5376649	0	0
1096.15	0	.4617982	.5382018	0	0
1095.15	0	.4612678	.5387322	0	0
1094.15	0	.4607439	.5392561	0	0
1093.15	0	.4602266	.5397734	0	0
1092.15	0	.4597159	.5402841	0	0
1091.15	0	.4592118	.5407882	0	0
1090.15	0	.4587144	.5412856	0	0
1089.15	0	.4582237	.5417763	0	0
1088.15	0	.4577397	.5422603	0	0
1087.15	0	.4572626	.5427374	0	0
1086.15	0	.4567923	.5432077	0	0
1085.15	0	.4563288	.5436712	0	0
1084.15	0	.4558723	.5441277	0	0
1083.15	0	.4554227	.5445773	0	0
1082.15	0	.4549801	.5450199	0	0
1081.15	0	.4545445	.5454555	0	0
1080.15	0	.454116	.545884	0	0
1079.15	0	.4536946	.5463054	0	0
1078.15	0	.4532804	.5467196	0	0
1077.15	0	.4528733	.5471267	0	0
1076.15	0	.4524735	.5475265	0	0
1075.15	0	.452081	.547919	0	0
1074.15	0	.4516958	.5483042	0	0
1073.15	0	.4513179	.5486821	0	0
1072.15	0	.4509474	.5490526	0	0
1071.15	0	.4505844	.5494156	0	0
1070.15	0	.4502289	.5497712	0	0
1069.15	0	.4498808	.5501192	0	0
1068.15	0	.4495404	.5504596	0	0
1067.15	0	.4492076	.5507924	0	0
1066.15	0	.4488824	.5511176	0	0
1065.15	0	.4485649	.5514351	0	0
1064.15	0	.4482552	.5517448	0	0
1063.15	0	.4479533	.5520468	0	0
1062.15	0	.4476591	.5523409	0	0
1061.15	0	.4473729	.5526271	0	0
1060.15	0	.4470946	.5529054	0	0
1059.15	0	.4468242	.5531758	0	0
1058.15	0	.4465619	.5534381	0	0
1057.15	0	.4463076	.5536924	0	0
1056.15	0	.4460615	.5539386	0	0
1055.15	0	.4458234	.5541766	0	0
1054.15	0	.4455936	.5544064	0	0
1053.15	0	.445372	.554628	0	0
1052.15	0	.4451586	.5548414	0	0
1051.15	0	.4449536	.5550464	0	0
1050.15	0	.444757	.555243	0	0
1049.15	0	.4445688	.5554312	0	0
1048.15	0	.4443891	.555611	0	0
1047.15	0	.4442178	.5557822	0	0
1046.15	0	.4440552	.5559449	0	0
1045.15	0	.4439011	.5560989	0	0
1044.15	0	.4437557	.5562443	0	0
1043.15	0	.4436189	.5563811	0	0
1042.15	0	.443491	.556509	0	0
1041.15	0	.4433718	.5566282	0	0
1040.15	0	.4432614	.5567386	0	0
1039.15	0	.44316	.5568401	0	0
1038.15	0	.4430674	.5569326	0	0
1037.15	0	.4429839	.5570162	0	0
1036.15	0	.4429093	.5570907	0	0
1035.15	0	.4428438	.5571562	0	0
1034.15	0	.4427875	.5572125	0	0
1033.15	0	.4427403	.5572597	0	0
1032.15	0	.4427023	.5572977	0	0
1031.15	0	.4426736	.5573264	0	0
1030.15	0	.4426542	.5573458	0	0
1029.15	0	.4426441	.5573559	0	0
1028.15	0	.4426434	.5573566	0	0
1027.15	0	.4426522	.5573478	0	0
1026.15	0	.4426704	.5573296	0	0
1026.098	0	.4426717	.5573283	0	0
1026.098	0	.4426717	.5573283	0	0
1026.098	0	.4426717	.5573283	0	0
1025.15	0	.4424056	.5573106	2.838479E-04	0
1024.15	0	.4421344	.5572833	5.823761E-04	0
1023.15	0	.4418729	.5572471	8.799717E-04	0
1022.15	0	.4416213	.5572021	.001176633	0
1021.15	0	.4413796	.5571481	.001472357	0
1020.15	0	.4411477	.5570852	.001767143	0
1019.15	0	.4409258	.5570132	.002060987	0
1018.15	0	.4407139	.5569322	.002353889	0
1017.15	0	.440512	.5568421	.002645844	0
1016.15	0	.4403202	.5567429	.002936852	0
1015.15	0	.4401386	.5566345	.00322691	0
1014.15	0	.439967	.5565169	.003516014	0
1013.15	0	.4398057	.5563901	.003804162	0
1012.15	0	.4396547	.556254	.004091352	0
1011.15	0	.4395139	.5561085	.004377581	0
1010.15	0	.4393834	.5559537	.004662845	0
1009.15	0	.4392634	.5557895	.004947142	0
1008.15	0	.4391537	.5556158	.005230469	0
1007.15	0	.4390545	.5554327	.005512821	0
1006.15	0	.4389658	.55524	.005794197	0
1005.15	0	.4388876	.5550378	.006074593	0
1004.15	0	.43882	.554826	.006354005	0
1003.15	0	.438763	.5546045	.006632429	0
1002.15	0	.4387167	.5543734	.006909862	0
1001.15	0	.4386811	.5541326	.007186301	0
1000.15	0	.4386562	.553882	.00746174	0
999.15	0	.4386421	.5536217	.007736177	0
998.15	0	.4386389	.5533515	.008009606	0
997.15	0	.4386464	.5530716	.008282025	0
996.15	0	.4386649	.5527817	.008553427	0
995.15	0	.4386943	.5524819	.00882381	0
994.15	0	.4387347	.5521721	.009093168	0
993.15	0	.4387861	.5518524	.009361497	0
992.15	0	.4388485	.5515227	.009628792	0
991.15	0	.4389221	.5511829	.009895047	0
990.15	0	.4390067	.550833	.01016026	0
989.15	0	.4391025	.5504731	.01042442	0
988.15	0	.4392095	.550103	.01068753	0
987.15	0	.4393277	.5497227	.01094957	0
986.15	0	.4394572	.5493323	.01121056	0
985.15	0	.4395979	.5489316	.01147046	0
984.15	0	.43975	.5485207	.0117293	0
983.15	0	.4399135	.5480995	.01198704	0
982.15	0	.4400883	.547668	.0122437	0
981.15	0	.4402746	.5472261	.01249926	0
980.15	0	.4404723	.546774	.01275372	0
979.15	0	.4406815	.5463114	.01300707	0
978.15	0	.4409022	.5458385	.01325931	0
977.15	0	.4411345	.5453551	.01351041	0
976.15	0	.4413783	.5448613	.01376039	0
975.15	0	.4416337	.5443571	.01400924	0
974.15	0	.4419007	.5438424	.01425693	0
973.15	0	.4421793	.5433172	.01450347	0
972.15	0	.4424696	.5427815	.01474886	0
971.15	0	.4427717	.5422353	.01499307	0
970.15	0	.4430854	.5416785	.0152361	0
969.15	0	.4434108	.5411112	.01547795	0
968.15	0	.443748	.5405334	.01571861	0
967.15	0	.4440969	.539945	.01595806	0
966.15	0	.4444577	.539346	.01619629	0
965.15	0	.4448302	.5387365	.01643331	0
964.15	0	.4452146	.5381163	.01666909	0
963.15	0	.4456107	.5374856	.01690364	0
962.15	0	.4460188	.5368443	.01713693	0
961.15	0	.4464386	.5361924	.01736895	0
960.15	0	.4468704	.5355299	.01759971	0
959.15	0	.4473139	.5348569	.01782918	0
958.15	0	.4477694	.5341732	.01805736	0
957.15	0	.4482367	.533479	.01828423	0
956.15	0	.448716	.5327743	.01850979	0
955.15	0	.4492071	.5320589	.01873401	0
954.15	0	.4497101	.531333	.01895689	0
953.15	0	.4502249	.5305966	.01917842	0
952.15	0	.4507517	.5298497	.01939859	0
951.15	0	.4512903	.5290923	.01961737	0
950.15	0	.4518408	.5283244	.01983476	0
949.15	0	.4524031	.5275461	.02005074	0
948.15	0	.4529773	.5267574	.0202653	0
947.15	0	.4535634	.5259582	.02047843	0
946.15	0	.4541612	.5251487	.0206901	0
945.15	0	.4547709	.5243288	.02090031	0
944.15	0	.4553923	.5234987	.02110904	0
943.15	0	.4560255	.5226583	.02131627	0
942.15	0	.4566704	.5218076	.02152199	0
941.15	0	.457327	.5209468	.02172618	0
940.15	0	.4579953	.5200759	.02192882	0
939.15	0	.4586753	.5191948	.02212989	0
938.15	0	.4593669	.5183038	.02232938	0
937.15	0	.46007	.5174027	.02252727	0
936.15	0	.4607847	.5164918	.02272354	0
935.15	0	.4615109	.515571	.02291816	0
934.15	0	.4622485	.5146404	.02311113	0
933.15	0	.4629975	.5137001	.02330242	0
932.15	0	.4637579	.5127501	.023492	0
931.15	0	.4645296	.5117906	.02367986	0
930.15	0	.4653125	.5108215	.02386597	0
929.15	0	.4661066	.5098431	.02405031	0
928.15	0	.4669118	.5088554	.02423286	0
927.15	0	.467728	.5078584	.02441359	0
926.15	0	.4685552	.5068523	.02459249	0
925.15	0	.4693933	.5058372	.02476951	0
924.15	0	.4702422	.5048132	.02494464	0
923.15	0	.4711018	.5037804	.02511784	0
922.15	0	.4719721	.5027388	.0252891	0
921.15	0	.4728529	.5016888	.02545838	0
920.15	0	.4737441	.5006303	.02562566	0
919.15	0	.4746457	.4995634	.02579089	0
918.15	0	.4755575	.4984884	.02595406	0
917.15	0	.4764794	.4974054	.02611512	0
916.15	0	.4774114	.4963146	.02627405	0
915.15	0	.4783532	.495216	.02643081	0
914.15	0	.4793048	.4941099	.02658537	0
913.15	0	.480266	.4929964	.02673769	0
912.15	0	.4812366	.4918756	.02688772	0
911.15	0	.4822166	.4907479	.02703544	0
910.15	0	.4832058	.4896134	.0271808	0
909.15	0	.484204	.4884722	.02732376	0
908.15	0	.485211	.4873247	.02746427	0
907.15	0	.4862267	.486171	.0276023	0
906.15	0	.4872509	.4850113	.02773779	0
905.15	0	.4882834	.4838459	.0278707	0
904.15	0	.4893241	.482675	.02800098	0
903.15	0	.4903726	.4814989	.02812857	0
902.15	0	.4914288	.4803178	.02825343	0
901.15	0	.4924924	.4791321	.02837549	0
900.15	0	.4935633	.477942	.0284947	0
899.15	0	.4946411	.4767479	.028611	0
898.15	0	.4957257	.47555	.02872432	0
897.15	0	.4968167	.4743487	.0288346	0
896.15	0	.4979139	.4731443	.02894178	0
895.15	0	.4989395	.4720212	.02903935	0
894.15	0	.4998296	.47105	.02912039	0
893.15	0	.5007612	.4700399	.02919891	0
892.15	0	.501732	.4689931	.02927493	0
891.15	0	.5027395	.467912	.02934848	0
890.15	0	.5037818	.4667987	.02941955	0
889.15	0	.5048567	.4656552	.02948817	0
888.15	0	.5059622	.4644835	.02955437	0
887.15	0	.5070965	.4632853	.02961816	0
886.15	0	.5082578	.4620627	.02967955	0
885.15	0	.5094444	.460817	.02973858	0
884.15	0	.5106546	.4595501	.02979527	0
883.15	0	.5118869	.4582635	.02984963	0
882.15	0	.5131397	.4569586	.02990168	0
881.15	0	.5144116	.455637	.02995146	0
880.15	0	.5157012	.4542998	.02999899	0
879.15	0	.5170072	.4529486	.03004428	0
878.15	0	.5183282	.4515844	.03008736	0
877.15	0	.5196631	.4502086	.03012827	0
876.15	0	.5210107	.4488223	.03016702	0
875.15	0	.5223698	.4474266	.03020364	0
874.15	0	.5237393	.4460226	.03023815	0
873.15	0	.5251182	.4446112	.03027058	0
872.15	0	.5265055	.4431936	.03030096	0
871.15	0	.5279001	.4417706	.03032932	0
870.15	0	.5293013	.4403431	.03035567	0
869.15	0	.530708	.438912	.03038006	0
868.15	0	.5321194	.4374781	.0304025	0
867.15	0	.5335346	.4360423	.03042302	0
866.15	0	.534953	.4346053	.03044166	0
865.15	0	.5363737	.4331679	.03045843	0
864.15	0	.537796	.4317306	.03047337	0
863.15	0	.5392192	.4302943	.03048651	0
862.15	0	.5406426	.4288595	.03049787	0
861.15	0	.5420656	.4274269	.03050748	0
860.15	0	.5434876	.425997	.03051537	0
859.15	0	.544908	.4245705	.03052157	0
858.15	0	.5463261	.4231477	.03052611	0
857.15	0	.5477416	.4217294	.03052901	0
856.15	0	.5491538	.4203158	.03053031	0
855.15	0	.5505624	.4189076	.03053003	0
854.15	0	.5519667	.4175051	.0305282	0
853.15	0	.5533664	.4161088	.03052484	0
852.15	0	.5547611	.4147189	.03052	0
851.15	0	.5561503	.413336	.03051369	0
850.15	0	.5575337	.4119604	.03050594	0
849.15	0	.5589109	.4105924	.03049678	0
848.15	0	.5602816	.4092322	.03048623	0
847.15	0	.5616454	.4078803	.03047433	0
846.15	0	.563002	.4065369	.03046111	0
845.15	0	.5643512	.4052022	.03044658	0
844.15	0	.5656928	.4038765	.03043077	0
843.15	0	.5670263	.40256	.03041372	0
842.15	0	.5683516	.401253	.03039544	0
841.15	0	.5696685	.3999555	.03037597	0
840.15	0	.5709767	.3986679	.03035532	0
839.15	0	.5722761	.3973903	.03033354	0
838.15	0	.5735665	.3961228	.03031063	0
837.15	0	.5748477	.3948656	.03028662	0
836.15	0	.5761196	.3936188	.03026155	0
835.15	0	.577382	.3923826	.03023542	0
834.15	0	.5786348	.391157	.03020828	0
833.15	0	.5798778	.3899421	.03018013	0
832.15	0	.581111	.388738	.03015101	0
831.15	0	.5823342	.3875449	.03012093	0
830.15	0	.5835474	.3863627	.03008993	0
829.15	0	.5847505	.3851915	.03005801	0
828.15	0	.5859433	.3840314	.03002521	0
827.15	0	.587126	.3828825	.02999154	0
826.15	0	.5882983	.3817447	.02995703	0
825.15	0	.5894603	.380618	.0299217	0
824.15	0	.5906119	.3795025	.02988557	0
823.15	0	.5917531	.3783983	.02984865	0
822.15	0	.5928838	.3773052	.02981098	0
821.15	0	.5940041	.3762234	.02977256	0
820.15	0	.5951139	.3751527	.02973342	0
819.15	0	.5962132	.3740933	.02969357	0
818.15	0	.597302	.3730449	.02965305	0
817.15	0	.5983804	.3720078	.02961185	0
816.15	0	.5994483	.3709817	.02957	0
815.15	0	.6005058	.3699667	.02952753	0
814.15	0	.6015528	.3689628	.02948444	0
813.15	0	.6025895	.3679698	.02944075	0
812.15	0	.6036157	.3669878	.02939648	0
811.15	0	.6046317	.3660167	.02935165	0
810.15	0	.6056373	.3650564	.02930628	0
809.15	0	.6066327	.3641069	.02926037	0
808.15	0	.6076179	.3631682	.02921394	0
807.15	0	.6085929	.3622401	.02916701	0
806.15	0	.6095578	.3613227	.0291196	0
805.15	0	.6105126	.3604157	.02907171	0
804.15	0	.6114574	.3595193	.02902337	0
803.15	0	.6123922	.3586332	.02897458	0
802.15	0	.6133171	.3577575	.02892536	0
801.15	0	.6142323	.356892	.02887572	0
800.15	0	.6151376	.3560367	.02882568	0
799.15	0	.6160332	.3551915	.02877525	0
798.15	0	.6169192	.3543563	.02872444	0
797.15	0	.6177956	.3535311	.02867327	0
796.15	0	.6186625	.3527157	.02862174	0
795.15	0	.61952	.3519101	.02856986	0
794.15	0	.6203682	.3511142	.02851766	0
793.15	0	.621207	.3503279	.02846513	0
792.15	0	.6220367	.3495511	.0284123	0
791.15	0	.6228572	.3487837	.02835916	0
790.15	0	.6236686	.3480257	.02830574	0
789.15	0	.6244711	.3472769	.02825204	0
788.15	0	.6252646	.3465373	.02819807	0
787.15	0	.6260494	.3458068	.02814384	0
786.15	0	.6268254	.3450853	.02808936	0
785.15	0	.6275927	.3443726	.02803464	0
784.15	0	.6283515	.3436688	.02797969	0
783.15	0	.6291017	.3429738	.02792452	0
782.15	0	.6298435	.3422873	.02786913	0
781.15	0	.630577	.3416094	.02781354	0
780.15	0	.6313022	.34094	.02775775	0
779.15	0	.6320193	.340279	.02770177	0
778.15	0	.6327282	.3396262	.02764561	0
777.15	0	.6334291	.3389816	.02758927	0
776.15	0	.6341221	.3383452	.02753276	0
775.15	0	.6348072	.3377167	.0274761	0
774.15	0	.6354845	.3370962	.02741927	0
773.15	0	.6361542	.3364835	.02736231	0
772.15	0	.6368162	.3358786	.0273052	0
771.15	0	.6374707	.3352814	.02724795	0
770.15	0	.6381177	.3346917	.02719058	0
769.15	0	.6387574	.3341096	.02713309	0
768.15	0	.6393897	.3335348	.02707547	0
767.15	0	.6400148	.3329674	.02701775	0
766.15	0	.6406328	.3324072	.02695992	0
765.15	0	.6412438	.3318542	.02690199	0
764.15	0	.6418477	.3313083	.02684397	0
763.15	0	.6424448	.3307694	.02678585	0
762.15	0	.643035	.3302373	.02672765	0
761.15	0	.6436185	.3297121	.02666936	0
760.15	0	.6441953	.3291937	.026611	0
759.15	0	.6447655	.328682	.02655257	0
758.15	0	.6453291	.3281768	.02649407	0
757.15	0	.6458864	.3276781	.0264355	0
756.15	0	.6464372	.3271859	.02637688	0
755.15	0	.6469817	.3267001	.0263182	0
754.15	0	.6475201	.3262205	.02625947	0
753.15	0	.6480522	.3257471	.02620068	0
752.15	0	.6485783	.3252799	.02614186	0
751.15	0	.6490983	.3248187	.02608298	0
750.15	0	.6496124	.3243635	.02602408	0
749.15	0	.6501207	.3239142	.02596513	0
748.15	0	.6506231	.3234708	.02590615	0
747.15	0	.6511198	.3230331	.02584715	0
746.15	0	.6516108	.3226011	.02578811	0
745.15	0	.6520962	.3221748	.02572905	0
744.15	0	.6525761	.321754	.02566997	0
743.15	0	.6530505	.3213386	.02561087	0
742.15	0	.6535195	.3209287	.02555176	0
741.15	0	.6539832	.3205242	.02549263	0
740.15	0	.6544416	.320125	.02543349	0
739.15	0	.6548947	.3197309	.02537434	0
738.15	0	.6553428	.3193421	.02531518	0
737.15	0	.6557857	.3189583	.02525602	0
736.15	0	.6562236	.3185795	.02519685	0
735.15	0	.6566566	.3182057	.02513768	0
734.15	0	.6570846	.3178368	.02507852	0
733.15	0	.6575078	.3174728	.02501935	0
732.15	0	.6579263	.3171136	.02496019	0
731.15	0	.65834	.316759	.02490104	0
730.15	0	.658749	.3164091	.02484189	0
729.15	0	.6591534	.3160639	.02478275	0
728.15	0	.6595532	.3157232	.02472362	0
727.15	0	.6599486	.3153869	.02466451	0
726.15	0	.6603395	.3150551	.02460541	0
725.15	0	.660726	.3147277	.02454632	0
724.15	0	.6611081	.3144046	.02448725	0
723.15	0	.661486	.3140858	.0244282	0
722.15	0	.6618596	.3137712	.02436917	0
721.15	0	.6622291	.3134608	.02431015	0
720.15	0	.6625944	.3131545	.02425116	0
719.15	0	.6629556	.3128522	.02419219	0
718.15	0	.6633128	.3125539	.02413325	0
717.15	0	.663666	.3122596	.02407433	0
716.15	0	.6640153	.3119693	.02401543	0
715.15	0	.6643607	.3116827	.02395657	0
714.15	0	.6647023	.3114	.02389772	0
713.15	0	.66504	.3111211	.02383891	0
712.15	0	.665374	.3108458	.02378013	0
711.15	0	.6657043	.3105743	.02372138	0
710.15	0	.666031	.3103064	.02366266	0
709.15	0	.666354	.310042	.02360397	0
708.15	0	.6666735	.3097812	.02354532	0
707.15	0	.6669894	.3095239	.0234867	0
706.15	0	.6673019	.30927	.02342811	0
705.15	0	.6676109	.3090195	.02336956	0
704.15	0	.6679165	.3087724	.02331105	0
703.15	0	.6682188	.3085287	.02325257	0
702.15	0	.6685177	.3082882	.02319414	0
701.15	0	.6688134	.3080509	.02313574	0
700.15	0	.6691058	.3078169	.02307738	0
699.15	0	.669395	.307586	.02301906	0
698.15	0	.669681	.3073582	.02296077	0
697.15	0	.669964	.3071335	.02290254	0
696.15	0	.6702438	.3069119	.02284434	0
695.15	0	.6705206	.3066932	.02278619	0
694.15	0	.6707943	.3064776	.02272808	0
693.15	0	.6710651	.3062649	.02267001	0
692.15	0	.671333	.306055	.02261199	0
691.15	0	.6715979	.3058481	.02255401	0
690.15	0	.67186	.3056439	.02249608	0
689.15	0	.6721192	.3054426	.0224382	0
688.15	0	.6723756	.305244	.02238036	0
687.15	0	.6726293	.3050482	.02232257	0
686.15	0	.6728802	.304855	.02226483	0
685.15	0	.6731284	.3046645	.02220714	0
684.15	0	.6733739	.3044766	.02214949	0
683.15	0	.6736167	.3042914	.0220919	0
682.15	0	.673857	.3041087	.02203436	0
681.15	0	.6740947	.3039285	.02197687	0
680.15	0	.6743298	.3037508	.02191943	0
679.15	0	.6745623	.3035756	.02186204	0
678.15	0	.6747924	.3034029	.0218047	0
677.15	0	.6750201	.3032325	.02174742	0
676.15	0	.6752452	.3030646	.02169019	0
675.15	0	.675468	.302899	.02163302	0
674.15	0	.6756884	.3027357	.0215759	0
673.15	0	.6759064	.3025747	.02151884	0
672.15	0	.6761221	.302416	.02146183	0
671.15	0	.6763355	.3022596	.02140488	0
670.15	0	.6765467	.3021053	.02134799	0
669.4795	0	.676687	.3020032	.02130988	0
669.4795	0	.676687	.3020032	.02130988	0
669.4795	0	.676687	.3020032	.02130988	0
669.15	0	.6770655	.3014015	.02107793	4.550747E-04
668.15	0	.6782033	.2995894	.02037775	.001829581
667.15	0	.6793247	.2977978	.01968308	.003194446
666.15	0	.6804301	.2960263	.01899384	.004549795
665.15	0	.6815197	.2942746	.01830995	.005895749
664.15	0	.6825938	.2925424	.01763134	.007232428
663.15	0	.6836527	.2908294	.01695793	.00855995
662.15	0	.6847001	.2891319	.01628811	.009879854
661.15	0	.6857291	.2874566	.01562507	.01118922
660.15	0	.6867437	.2857995	.01496699	.0124898
659.15	0	.6877442	.2841603	.0143138	.0137817
658.15	0	.688731	.2825386	.01366542	.01506502
657.15	0	.6897041	.2809342	.0130218	.01633988
656.15	0	.6906639	.2793469	.01238287	.01760637
655.15	0	.6916106	.2777762	.01174856	.01886461
654.15	0	.6925444	.2762221	.01111881	.02011469
653.15	0	.6934656	.2746841	.01049356	.02135672
652.15	0	.6943744	.2731621	.009872742	.02259079
651.15	0	.6952709	.2716558	.009256299	.023817
650.15	0	.6961555	.2701649	.008644171	.02503546
649.15	0	.6970283	.2686891	.008036299	.02624625
648.15	0	.6978895	.2672284	.007432625	.02744947
647.15	0	.6987394	.2657823	.006833092	.02864521
646.15	0	.6995781	.2643507	.006237644	.02983357
645.15	0	.7004058	.2629334	.005646226	.03101463
644.15	0	.7012227	.26153	.005058784	.03218849
643.15	0	.7020291	.2601405	.004475265	.03335523
642.15	0	.702825	.2587645	.003895615	.03451493
641.15	0	.7036106	.2574019	.003319784	.03566769
640.15	0	.7043863	.2560524	.00274772	.03681359
639.15	0	.705152	.2547159	.002179373	.03795271
638.15	0	.705908	.2533921	.001614695	.03908514
637.15	0	.7066545	.2520809	.001053635	.04021094
636.15	0	.7073916	.250782	4.961483E-04	.04133022
635.2547	0	.7080438	.2496294	0	.04232686
635.2547	0	.7080438	.2496294	0	.04232686
635.15	0	.7080606	.2495761	0	.04236336
634.15	0	.7082194	.24907	0	.04271063
633.15	0	.7083755	.2485692	0	.04305529
632.15	0	.7085291	.2480735	0	.04339739
631.15	0	.7086801	.247583	0	.04373694
630.15	0	.7088285	.2470975	0	.04407398
629.15	0	.7089745	.246617	0	.04440853
628.15	0	.709118	.2461414	0	.04474062
627.15	0	.709259	.2456707	0	.04507027
626.15	0	.7093977	.2452048	0	.04539751
625.15	0	.709534	.2447437	0	.04572237
624.15	0	.7096679	.2442872	0	.04604487
623.15	0	.7097996	.2438354	0	.04636505
622.15	0	.7099289	.2433882	0	.04668291
621.15	0	.7100561	.2429454	0	.0469985
620.15	0	.710181	.2425072	0	.04731183
619.15	0	.7103037	.2420734	0	.04762293
618.15	0	.7104243	.2416439	0	.04793182
617.15	0	.7105427	.2412187	0	.04823854
616.15	0	.7106591	.2407978	0	.04854309
615.15	0	.7107733	.2403811	0	.04884551
614.15	0	.7108856	.2399686	0	.04914582
613.15	0	.7109958	.2395602	0	.04944405
612.15	0	.711104	.2391558	0	.04974021
611.15	0	.7112103	.2387554	0	.05003433
610.15	0	.7113146	.238359	0	.05032643
609.15	0	.711417	.2379665	0	.05061653
608.15	0	.7115175	.2375778	0	.05090467
607.15	0	.7116162	.237193	0	.05119085
606.15	0	.711713	.2368119	0	.05147511
605.15	0	.711808	.2364345	0	.05175745
604.15	0	.7119012	.2360609	0	.05203792
603.15	0	.7119927	.2356908	0	.05231651
602.15	0	.7120824	.2353244	0	.05259327
601.15	0	.7121703	.2349615	0	.0528682
600.15	0	.7122566	.2346021	0	.05314133
599.15	0	.7123412	.2342461	0	.05341268
598.15	0	.7124241	.2338936	0	.05368227
597.15	0	.7125055	.2335444	0	.05395012
596.15	0	.7125851	.2331986	0	.05421625
595.15	0	.7126632	.2328561	0	.05448068
594.15	0	.7127398	.2325168	0	.05474342
593.15	0	.7128147	.2321808	0	.05500451
592.15	0	.7128882	.2318479	0	.05526395
591.15	0	.7129601	.2315182	0	.05552177
590.15	0	.7130305	.2311915	0	.05577798
589.15	0	.7130995	.230868	0	.0560326
588.15	0	.7131669	.2305474	0	.05628566
587.15	0	.713233	.2302298	0	.05653717
586.15	0	.7132976	.2299152	0	.05678715
585.15	0	.7133609	.2296035	0	.05703561
584.15	0	.7134227	.2292947	0	.05728257
583.15	0	.7134832	.2289887	0	.05752806
582.15	0	.7135423	.2286856	0	.05777209
581.15	0	.7136001	.2283852	0	.05801467
580.15	0	.7136567	.2280875	0	.05825582
579.15	0	.7137118	.2277926	0	.05849556
578.15	0	.7137658	.2275003	0	.05873391
577.15	0	.7138184	.2272107	0	.05897088
576.15	0	.7138698	.2269237	0	.05920649
575.15	0	.71392	.2266393	0	.05944076
574.15	0	.7139689	.2263574	0	.05967369
573.15	0	.7140167	.226078	0	.05990531
572.15	0	.7140633	.2258011	0	.06013564
571.15	0	.7141086	.2255267	0	.06036468
570.15	0	.7141529	.2252547	0	.06059245
569.15	0	.714196	.224985	0	.06081898
568.15	0	.714238	.2247178	0	.06104426
567.15	0	.7142788	.2244529	0	.06126832
566.15	0	.7143186	.2241903	0	.06149118
565.15	0	.7143573	.2239299	0	.06171284
564.15	0	.7143949	.2236718	0	.06193332
563.15	0	.7144314	.2234159	0	.06215264
562.15	0	.7144669	.2231623	0	.06237081
561.15	0	.7145014	.2229108	0	.06258784
560.15	0	.7145349	.2226614	0	.06280375
559.15	0	.7145673	.2224141	0	.06301855
558.15	0	.7145988	.2221689	0	.06323225
557.15	0	.7146293	.2219258	0	.06344487
556.15	0	.7146589	.2216847	0	.06365642
555.15	0	.7146874	.2214457	0	.06386691
554.15	0	.7147151	.2212086	0	.06407636
553.15	0	.7147418	.2209734	0	.06428478
552.15	0	.7147676	.2207402	0	.06449218
551.15	0	.7147925	.2205089	0	.06469857
550.15	0	.7148165	.2202795	0	.06490397
549.15	0	.7148396	.220052	0	.06510839
548.15	0	.7148619	.2198263	0	.06531184
547.15	0	.7148833	.2196024	0	.06551433
546.15	0	.7149039	.2193803	0	.06571588
545.15	0	.7149236	.2191599	0	.06591649
544.15	0	.7149425	.2189413	0	.06611618
543.15	0	.7149606	.2187244	0	.06631495
542.15	0	.7149779	.2185093	0	.06651283
541.15	0	.7149944	.2182958	0	.06670982
540.15	0	.7150101	.218084	0	.06690593
539.15	0	.7150251	.2178738	0	.06710117
538.15	0	.7150393	.2176652	0	.06729555
537.15	0	.7150527	.2174582	0	.06748909
536.15	0	.7150654	.2172528	0	.0676818
535.15	0	.7150774	.2170489	0	.06787368
534.15	0	.7150887	.2168466	0	.06806474
533.15	0	.7150993	.2166457	0	.068255
532.15	0	.7151091	.2164464	0	.06844446
531.15	0	.7151183	.2162486	0	.06863314
530.15	0	.7151268	.2160522	0	.06882105
529.15	0	.7151346	.2158572	0	.06900819
528.15	0	.7151418	.2156636	0	.06919457
527.15	0	.7151483	.2154715	0	.06938021
526.15	0	.7151542	.2152807	0	.06956511
525.15	0	.7151594	.2150913	0	.06974928
524.15	0	.7151641	.2149032	0	.06993274
523.15	0	.7151681	.2147165	0	.07011548
522.15	0	.7151715	.214531	0	.07029753
521.15	0	.7151743	.2143468	0	.07047888
520.15	0	.7151765	.214164	0	.07065955
519.15	0	.7151782	.2139823	0	.07083954
518.15	0	.7151792	.2138019	0	.07101887
517.15	0	.7151797	.2136227	0	.07119754
516.15	0	.7151797	.2134447	0	.07137556
515.15	0	.7151791	.213268	0	.07155295
514.15	0	.715178	.2130923	0	.07172969
513.15	0	.7151763	.2129179	0	.07190582
512.15	0	.7151742	.2127445	0	.07208132
511.15	0	.7151715	.2125723	0	.07225622
510.15	0	.7151683	.2124012	0	.07243052
509.15	0	.7151646	.2122312	0	.07260422
508.15	0	.7151604	.2120622	0	.07277733
507.15	0	.7151558	.2118943	0	.07294987
506.15	0	.7151507	.2117275	0	.07312183
505.15	0	.7151451	.2115617	0	.07329324
504.15	0	.715139	.2113969	0	.07346408
503.15	0	.7151325	.2112331	0	.07363438
502.15	0	.7151256	.2110703	0	.07380413
501.15	0	.7151182	.2109084	0	.07397334
500.15	0	.7151104	.2107476	0	.07414203
499.15	0	.7151022	.2105876	0	.0743102
498.15	0	.7150935	.2104286	0	.07447785
497.15	0	.7150845	.2102705	0	.07464499
496.15	0	.715075	.2101133	0	.07481162
495.15	0	.7150652	.209957	0	.07497777
494.15	0	.715055	.2098016	0	.07514342
493.15	0	.7150444	.2096471	0	.07530859
492.15	0	.7150334	.2094933	0	.07547328
491.15	0	.715022	.2093405	0	.07563751
490.15	0	.7150103	.2091884	0	.07580126
489.15	0	.7149983	.2090372	0	.07596456
488.15	0	.7149859	.2088867	0	.07612741
487.15	0	.7149731	.2087371	0	.07628981
486.15	0	.7149601	.2085882	0	.07645176
485.15	0	.7149467	.20844	0	.07661329
484.15	0	.714933	.2082927	0	.07677438
483.15	0	.7149189	.208146	0	.07693504
482.15	0	.7149046	.2080001	0	.0770953
481.15	0	.7148899	.2078549	0	.07725513
480.15	0	.714875	.2077104	0	.07741456
479.15	0	.7148598	.2075666	0	.07757358
478.15	0	.7148443	.2074235	0	.07773221
477.15	0	.7148285	.2072811	0	.07789045
476.15	0	.7148124	.2071393	0	.0780483
475.15	0	.7147961	.2069981	0	.07820576
474.15	0	.7147795	.2068576	0	.07836285
473.15	0	.7147627	.2067177	0	.07851957
472.15	0	.7147456	.2065785	0	.07867592
471.15	0	.7147283	.2064398	0	.07883191
470.15	0	.7147107	.2063017	0	.07898754
469.15	0	.7146929	.2061642	0	.07914281
468.15	0	.7146749	.2060273	0	.07929774
467.15	0	.7146567	.205891	0	.07945233
466.15	0	.7146383	.2057552	0	.07960657
465.15	0	.7146196	.2056199	0	.07976048
464.15	0	.7146007	.2054852	0	.07991406
463.15	0	.7145817	.205351	0	.08006731
462.15	0	.7145624	.2052173	0	.08022025
461.15	0	.714543	.2050841	0	.08037286
460.15	0	.7145234	.2049515	0	.08052516
459.15	0	.7145036	.2048193	0	.08067715
458.15	0	.7144836	.2046875	0	.08082884
457.15	0	.7144635	.2045563	0	.08098022
456.15	0	.7144432	.2044255	0	.08113131
455.15	0	.7144228	.2042952	0	.0812821
454.15	0	.7144022	.2041653	0	.0814326
453.15	0	.7143814	.2040358	0	.08158282
452.15	0	.7143605	.2039067	0	.08173276
451.15	0	.7143395	.2037781	0	.08188241
450.15	0	.7143183	.2036499	0	.08203179
449.15	0	.7142971	.203522	0	.08218093
448.15	0	.7142758	.2033944	0	.0823298
447.15	0	.7142544	.2032672	0	.08247842
446.15	0	.7142328	.2031404	0	.08262678
445.15	0	.7142112	.2030139	0	.08277489
444.15	0	.7141896	.2028877	0	.08292276
443.15	0	.7141678	.2027618	0	.08307039
442.15	0	.714146	.2026362	0	.08321778
441.15	0	.7141242	.2025109	0	.08336495
440.15	0	.7141023	.2023858	0	.0835119
439.15	0	.7140804	.202261	0	.08365863
438.15	0	.7140585	.2021364	0	.08380515
437.15	0	.7140366	.202012	0	.08395146
436.15	0	.7140147	.2018878	0	.08409756
435.15	0	.7139928	.2017638	0	.08424346
434.15	0	.7139709	.20164	0	.08438917
433.15	0	.713949	.2015163	0	.08453469
432.15	0	.7139272	.2013928	0	.08468001
431.15	0	.7139054	.2012694	0	.08482516
430.15	0	.7138837	.2011462	0	.08497012
429.15	0	.713862	.2010231	0	.08511491
428.15	0	.7138404	.2009001	0	.08525952
427.15	0	.7138188	.2007772	0	.08540396
426.15	0	.7137973	.2006544	0	.08554824
425.15	0	.7137759	.2005317	0	.08569235
424.15	0	.7137546	.2004091	0	.0858363
423.15	0	.7137334	.2002865	0	.08598009
422.15	0	.7137123	.200164	0	.08612373
421.15	0	.7136913	.2000415	0	.08626722
420.15	0	.7136704	.1999191	0	.08641055
419.15	0	.7136496	.1997967	0	.08655374
418.15	0	.7136289	.1996743	0	.08669679
417.15	0	.7136083	.199552	0	.08683969
416.15	0	.7135879	.1994296	0	.08698245
415.15	0	.7135676	.1993073	0	.08712508
414.15	0	.7135475	.199185	0	.08726757
413.15	0	.7135274	.1990627	0	.08740993
412.15	0	.7135075	.1989403	0	.08755215
411.15	0	.7134878	.198818	0	.08769425
410.15	0	.7134682	.1986956	0	.08783622
409.15	0	.7134488	.1985732	0	.08797806
408.15	0	.7134295	.1984507	0	.08811978
407.15	0	.7134104	.1983283	0	.08826138
406.15	0	.7133914	.1982058	0	.08840286
405.15	0	.7133726	.1980832	0	.08854422
404.15	0	.7133539	.1979606	0	.08868545
403.15	0	.7133355	.197838	0	.08882658
402.15	0	.7133172	.1977152	0	.08896759
401.15	0	.7132991	.1975925	0	.08910849
400.15	0	.7132811	.1974696	0	.08924927
399.15	0	.7132633	.1973467	0	.08938994
398.15	0	.7132457	.1972238	0	.0895305
397.15	0	.7132283	.1971007	0	.08967096
396.15	0	.7132111	.1969776	0	.0898113
395.15	0	.713194	.1968544	0	.08995154
394.15	0	.7131772	.1967312	0	.09009167
393.15	0	.7131605	.1966078	0	.0902317
392.15	0	.713144	.1964844	0	.09037163
391.15	0	.7131277	.1963609	0	.09051144
390.15	0	.7131115	.1962373	0	.09065116
389.15	0	.7130956	.1961136	0	.09079078
388.15	0	.7130799	.1959899	0	.09093029
387.15	0	.7130643	.195866	0	.09106971
386.15	0	.7130489	.195742	0	.09120902
