T	 BPW(LIQUID)	BPW(BCC_A2)	BPW(FCC_A1)	BPW(LAVES_PHASE_C14)	BPW(NI3TI)
1473.15	.1884466	.8115534	0	0	0
1472.15	.1860673	.8139327	0	0	0
1471.15	.1837036	.8162964	0	0	0
1470.15	.1813552	.8186448	0	0	0
1469.15	.1790221	.820978	0	0	0
1468.15	.176704	.823296	0	0	0
1467.15	.174401	.825599	0	0	0
1466.15	.1721128	.8278872	0	0	0
1465.15	.1698394	.8301606	0	0	0
1464.15	.1675805	.8324195	0	0	0
1463.15	.1653361	.8346639	0	0	0
1462.15	.1631061	.8368939	0	0	0
1461.15	.1608902	.8391098	0	0	0
1460.15	.1586885	.8413115	0	0	0
1459.15	.1565007	.8434993	0	0	0
1458.15	.1543268	.8456732	0	0	0
1457.15	.1521667	.8478333	0	0	0
1456.15	.1500201	.8499799	0	0	0
1455.15	.1478871	.8521129	0	0	0
1454.15	.1457674	.8542326	0	0	0
1453.15	.1436611	.8563389	0	0	0
1452.15	.1415679	.8584321	0	0	0
1451.15	.1394877	.8605123	0	0	0
1450.15	.1374205	.8625795	0	0	0
1449.15	.1353661	.8646339	0	0	0
1448.15	.1333245	.8666755	0	0	0
1447.15	.1312954	.8687046	0	0	0
1446.15	.1292789	.8707211	0	0	0
1445.15	.1272748	.8727252	0	0	0
1444.15	.125283	.874717	0	0	0
1443.15	.1233035	.8766966	0	0	0
1442.15	.121336	.878664	0	0	0
1441.15	.1193805	.8806195	0	0	0
1440.15	.117437	.882563	0	0	0
1439.15	.1155052	.8844948	0	0	0
1438.15	.1135852	.8864148	0	0	0
1437.15	.1116768	.8883232	0	0	0
1436.15	.1097799	.8902201	0	0	0
1435.15	.1078945	.8921055	0	0	0
1434.15	.1060204	.8939796	0	0	0
1433.15	.1041576	.8958424	0	0	0
1432.15	.1023059	.8976941	0	0	0
1431.15	.1004653	.8995347	0	0	0
1430.15	.09863564	.9013644	0	0	0
1429.15	.09681691	.9031831	0	0	0
1428.15	.09500899	.904991	0	0	0
1427.15	.0932118	.9067882	0	0	0
1426.15	.09142525	.9085748	0	0	0
1425.15	.08964925	.9103507	0	0	0
1424.15	.08788372	.9121163	0	0	0
1423.15	.08612859	.9138714	0	0	0
1422.15	.08438377	.9156162	0	0	0
1421.15	.08264918	.9173508	0	0	0
1420.15	.08092474	.9190753	0	0	0
1419.15	.07921037	.9207896	0	0	0
1418.15	.077506	.922494	0	0	0
1417.15	.07581154	.9241885	0	0	0
1416.15	.07412693	.9258731	0	0	0
1415.15	.07245208	.9275479	0	0	0
1414.15	.07078693	.9292131	0	0	0
1413.15	.06913139	.9308686	0	0	0
1412.15	.06748541	.9325146	0	0	0
1411.15	.06584889	.9341511	0	0	0
1410.15	.06422178	.9357782	0	0	0
1409.15	.06260399	.937396	0	0	0
1408.15	.06099548	.9390045	0	0	0
1407.15	.05939615	.9406039	0	0	0
1406.15	.05780594	.9421941	0	0	0
1405.15	.0562248	.9437752	0	0	0
1404.15	.05465264	.9453474	0	0	0
1403.15	.0530894	.9469106	0	0	0
1402.15	.05153502	.948465	0	0	0
1401.15	.04998944	.9500106	0	0	0
1400.15	.04845258	.9515474	0	0	0
1399.15	.04692438	.9530756	0	0	0
1398.15	.04540479	.9545952	0	0	0
1397.15	.04389374	.9561063	0	0	0
1396.15	.04239116	.9576088	0	0	0
1395.15	.040897	.959103	0	0	0
1394.15	.0394112	.9605888	0	0	0
1393.15	.03793369	.9620663	0	0	0
1392.15	.03646442	.9635356	0	0	0
1391.15	.03500332	.9649967	0	0	0
1390.15	.03355035	.9664497	0	0	0
1389.15	.03210544	.9678946	0	0	0
1388.15	.03066854	.9693315	0	0	0
1387.15	.02923959	.9707604	0	0	0
1386.15	.02781853	.9721815	0	0	0
1385.15	.02640531	.9735947	0	0	0
1384.15	.02499988	.9750001	0	0	0
1383.15	.02360218	.9763978	0	0	0
1382.15	.02221215	.9777879	0	0	0
1381.15	.02082975	.9791703	0	0	0
1380.15	.01945493	.9805451	0	0	0
1379.15	.01808762	.9819124	0	0	0
1378.15	.01672779	.9832722	0	0	0
1377.15	.01537537	.9846246	0	0	0
1376.15	.01403033	.9859697	0	0	0
1375.15	.0126926	.9873074	0	0	0
1374.15	.01136215	.9886378	0	0	0
1373.15	.01003891	.9899611	0	0	0
1372.15	.008722854	.9912772	0	0	0
1371.15	.007413921	.9925861	0	0	0
1370.15	.006112067	.9938879	0	0	0
1369.15	.004817246	.9951828	0	0	0
1368.15	.00352941	.9964706	0	0	0
1367.15	.002248516	.9977515	0	0	0
1366.15	9.745172E-04	.9990255	0	0	0
1365.381	0	1	0	0	0
1365.381	0	1	0	0	0
1365.15	0	1	0	0	0
1364.15	0	1	0	0	0
1363.15	0	1	0	0	0
1362.15	0	1	0	0	0
1361.15	0	1	0	0	0
1360.15	0	1	0	0	0
1359.15	0	1	0	0	0
1358.15	0	1	0	0	0
1357.15	0	1	0	0	0
1356.15	0	1	0	0	0
1355.15	0	1	0	0	0
1354.15	0	1	0	0	0
1353.15	0	1	0	0	0
1352.15	0	1	0	0	0
1351.15	0	1	0	0	0
1350.15	0	1	0	0	0
1349.15	0	1	0	0	0
1348.15	0	1	0	0	0
1347.15	0	1	0	0	0
1346.15	0	1	0	0	0
1345.15	0	1	0	0	0
1344.15	0	1	0	0	0
1343.15	0	1	0	0	0
1342.15	0	1	0	0	0
1341.15	0	1	0	0	0
1340.15	0	1	0	0	0
1339.15	0	1	0	0	0
1338.15	0	1	0	0	0
1337.15	0	1	0	0	0
1336.15	0	1	0	0	0
1335.15	0	1	0	0	0
1334.15	0	1	0	0	0
1333.15	0	1	0	0	0
1332.15	0	1	0	0	0
1331.15	0	1	0	0	0
1330.15	0	1	0	0	0
1329.15	0	1	0	0	0
1328.15	0	1	0	0	0
1327.15	0	1	0	0	0
1326.15	0	1	0	0	0
1325.15	0	1	0	0	0
1324.15	0	1	0	0	0
1323.15	0	1	0	0	0
1322.15	0	1	0	0	0
1321.15	0	1	0	0	0
1320.15	0	1	0	0	0
1319.15	0	1	0	0	0
1318.15	0	1	0	0	0
1317.15	0	1	0	0	0
1316.15	0	1	0	0	0
1315.15	0	1	0	0	0
1314.15	0	1	0	0	0
1313.15	0	1	0	0	0
1312.15	0	1	0	0	0
1311.15	0	1	0	0	0
1310.15	0	1	0	0	0
1309.15	0	1	0	0	0
1308.15	0	1	0	0	0
1307.15	0	1	0	0	0
1306.15	0	1	0	0	0
1305.15	0	1	0	0	0
1304.15	0	1	0	0	0
1303.15	0	1	0	0	0
1302.15	0	1	0	0	0
1301.15	0	1	0	0	0
1300.15	0	1	0	0	0
1299.15	0	1	0	0	0
1298.15	0	1	0	0	0
1297.15	0	1	0	0	0
1296.15	0	1	0	0	0
1295.15	0	1	0	0	0
1294.15	0	1	0	0	0
1293.15	0	1	0	0	0
1292.15	0	1	0	0	0
1291.15	0	1	0	0	0
1290.15	0	1	0	0	0
1289.15	0	1	0	0	0
1288.15	0	1	0	0	0
1287.15	0	1	0	0	0
1286.15	0	1	0	0	0
1285.15	0	1	0	0	0
1284.15	0	1	0	0	0
1283.15	0	1	0	0	0
1282.15	0	1	0	0	0
1281.15	0	1	0	0	0
1280.15	0	1	0	0	0
1279.15	0	1	0	0	0
1278.15	0	1	0	0	0
1277.15	0	1	0	0	0
1276.15	0	1	0	0	0
1275.15	0	1	0	0	0
1274.15	0	1	0	0	0
1273.15	0	1	0	0	0
1272.15	0	1	0	0	0
1271.15	0	1	0	0	0
1270.15	0	1	0	0	0
1269.15	0	1	0	0	0
1268.15	0	1	0	0	0
1267.15	0	1	0	0	0
1266.15	0	1	0	0	0
1265.15	0	1	0	0	0
1264.15	0	1	0	0	0
1263.15	0	1	0	0	0
1262.15	0	1	0	0	0
1261.15	0	1	0	0	0
1260.15	0	1	0	0	0
1259.15	0	1	0	0	0
1258.15	0	1	0	0	0
1257.15	0	1	0	0	0
1256.15	0	1	0	0	0
1255.15	0	1	0	0	0
1254.912	0	1	0	0	0
1254.912	0	1	0	0	0
1254.912	0	1	0	0	0
1254.15	0	.9991181	8.819474E-04	0	0
1253.15	0	.9979617	.002038266	0	0
1252.15	0	.9968073	.003192675	0	0
1251.15	0	.9956548	.004345174	0	0
1250.15	0	.9945042	.005495762	0	0
1249.15	0	.9933556	.006644437	0	0
1248.15	0	.9922088	.007791198	0	0
1247.15	0	.991064	.008936043	0	0
1246.15	0	.989921	.01007897	0	0
1245.15	0	.98878	.01121998	0	0
1244.15	0	.9876409	.01235907	0	0
1243.15	0	.9865038	.01349624	0	0
1242.15	0	.9853685	.01463148	0	0
1241.15	0	.9842352	.01576481	0	0
1240.15	0	.9831038	.0168962	0	0
1239.15	0	.9819743	.01802567	0	0
1238.15	0	.9808468	.01915321	0	0
1237.15	0	.9797212	.02027881	0	0
1236.15	0	.9785975	.02140249	0	0
1235.15	0	.9774758	.02252423	0	0
1234.15	0	.976356	.02364403	0	0
1233.15	0	.9752381	.0247619	0	0
1232.15	0	.9741222	.02587783	0	0
1231.15	0	.9730082	.02699181	0	0
1230.15	0	.9718962	.02810385	0	0
1229.15	0	.9707861	.02921395	0	0
1228.15	0	.9696779	.0303221	0	0
1227.15	0	.9685717	.0314283	0	0
1226.15	0	.9674674	.03253255	0	0
1225.15	0	.9663652	.03363485	0	0
1224.15	0	.9652648	.0347352	0	0
1223.15	0	.9641664	.03583358	0	0
1222.15	0	.96307	.03693001	0	0
1221.15	0	.9619755	.03802448	0	0
1220.15	0	.960883	.03911698	0	0
1219.15	0	.9597925	.04020752	0	0
1218.15	0	.9587039	.04129609	0	0
1217.15	0	.9576173	.04238269	0	0
1216.15	0	.9565327	.04346732	0	0
1215.15	0	.95545	.04454998	0	0
1214.15	0	.9543693	.04563066	0	0
1213.15	0	.9532906	.04670936	0	0
1212.15	0	.9522139	.04778608	0	0
1211.15	0	.9511392	.04886082	0	0
1210.15	0	.9500664	.04993357	0	0
1209.15	0	.9489957	.05100434	0	0
1208.15	0	.9479269	.05207311	0	0
1207.15	0	.9468601	.05313989	0	0
1206.15	0	.9457953	.05420468	0	0
1205.424	0	.9450234	.05497659	0	0
1205.424	0	.9450234	.05497659	0	0
1205.424	0	.9450234	.05497659	0	0
1205.15	0	.9446362	.05522349	1.403552E-04	0
1204.15	0	.9432247	.05612326	6.520027E-04	0
1203.15	0	.9418173	.05702034	.001162361	0
1202.15	0	.9404138	.05791472	.001671436	0
1201.15	0	.9390144	.05880642	.002179229	0
1200.15	0	.9376188	.05969543	.002685747	0
1199.15	0	.9362272	.06058176	.003190992	0
1198.15	0	.9348396	.06146541	.003694968	0
1197.15	0	.9334559	.06234638	.004197681	0
1196.15	0	.9320762	.06322469	.004699133	0
1195.15	0	.9307004	.06410032	.00519933	0
1194.15	0	.9293284	.0649733	.005698273	0
1193.15	0	.9279604	.06584361	.006195969	0
1192.15	0	.9265963	.06671127	.00669242	0
1191.15	0	.9252361	.06757627	.007187631	0
1190.15	0	.9238798	.06843863	.007681605	0
1189.15	0	.9225273	.06929833	.008174346	0
1188.15	0	.9211788	.07015539	.008665859	0
1187.15	0	.919834	.07100982	.009156146	0
1186.15	0	.9184932	.0718616	.009645212	0
1185.15	0	.9171562	.07271076	.01013306	0
1184.15	0	.915823	.07355728	.01061969	0
1183.15	0	.9144937	.07440117	.01110512	0
1182.15	0	.9131682	.07524244	.01158934	0
1181.15	0	.9118466	.07608108	.01207235	0
1180.15	0	.9105287	.07691711	.01255417	0
1179.15	0	.9092147	.07775052	.01303479	0
1178.15	0	.9079045	.07858132	.01351422	0
1177.15	0	.906598	.07940951	.01399245	0
1176.15	0	.9052954	.08023509	.01446951	0
1175.15	0	.9039966	.08105806	.01494538	0
1174.15	0	.9027015	.08187844	.01542008	0
1173.15	0	.9014102	.08269621	.0158936	0
1172.15	0	.9001227	.08351139	.01636595	0
1171.15	0	.8988389	.08432397	.01683714	0
1170.15	0	.8975589	.08513397	.01730716	0
1169.15	0	.8962826	.08594137	.01777602	0
1168.15	0	.8950101	.08674619	.01824372	0
1167.15	0	.8937413	.08754842	.01871027	0
1166.15	0	.8924763	.08834808	.01917567	0
1165.15	0	.8912149	.08914515	.01963992	0
1164.15	0	.8899573	.08993965	.02010302	0
1163.15	0	.8887034	.09073157	.02056499	0
1162.15	0	.8874533	.09152092	.02102582	0
1161.15	0	.8862068	.09230771	.02148552	0
1160.15	0	.884964	.09309192	.02194408	0
1159.15	0	.8837249	.09387357	.02240152	0
1158.15	0	.8824895	.09465265	.02285783	0
1157.15	0	.8812578	.09542918	.02331302	0
1156.15	0	.8800298	.09620315	.0237671	0
1155.15	0	.8788054	.09697456	.02422005	0
1154.15	0	.8775846	.09774344	.02467192	0
1153.15	0	.8763676	.09850974	.02512266	0
1152.15	0	.8751542	.09927349	.02557229	0
1151.15	0	.8739445	.1000347	.02602082	0
1150.15	0	.8727384	.1007934	.02646825	0
1149.15	0	.871536	.1015495	.02691458	0
1148.15	0	.8703372	.102303	.02735982	0
1147.15	0	.869142	.1030541	.02780397	0
1146.15	0	.8679504	.1038026	.02824703	0
1145.15	0	.8667625	.1045485	.02868901	0
1144.15	0	.8655782	.1052919	.0291299	0
1143.15	0	.8643975	.1060328	.02956971	0
1142.15	0	.8632204	.1067711	.03000845	0
1141.15	0	.8620469	.1075069	.03044611	0
1140.15	0	.8608771	.1082402	.03088271	0
1139.15	0	.8597108	.108971	.03131823	0
1138.15	0	.8585481	.1096992	.0317527	0
1137.15	0	.857389	.1104249	.03218609	0
1136.15	0	.8562335	.1111481	.03261843	0
1135.15	0	.8550815	.1118688	.03304972	0
1134.15	0	.8539332	.1125869	.03347994	0
1133.15	0	.8527883	.1133025	.03390912	0
1132.15	0	.8516471	.1140156	.03433725	0
1131.15	0	.8505095	.1147262	.03476433	0
1130.15	0	.8493754	.1154343	.03519037	0
1129.15	0	.8482448	.1161398	.03561536	0
1128.15	0	.8471178	.1168429	.03603932	0
1127.15	0	.8459944	.1175434	.03646224	0
1126.15	0	.8448745	.1182414	.03688413	0
1125.15	0	.8437581	.1189369	.03730499	0
1124.15	0	.8426453	.1196299	.03772482	0
1123.15	0	.841536	.1203204	.03814362	0
1122.15	0	.8404302	.1210084	.0385614	0
1121.15	0	.839328	.1216939	.03897816	0
1120.15	0	.8382293	.1223769	.0393939	0
1119.15	0	.8371341	.1230573	.03980862	0
1118.15	0	.8360424	.1237353	.04022233	0
1117.15	0	.8349542	.1244108	.04063503	0
1116.15	0	.8338696	.1250837	.04104672	0
1115.15	0	.8327884	.1257542	.0414574	0
1114.15	0	.8317108	.1264221	.04186708	0
1113.15	0	.8306366	.1270876	.04227575	0
1112.15	0	.829566	.1277506	.04268343	0
1111.15	0	.8284989	.128411	.0430901	0
1110.15	0	.8274352	.129069	.04349578	0
1109.15	0	.8263751	.1297245	.04390047	0
1108.15	0	.8253184	.1303775	.04430416	0
1107.15	0	.8242652	.1310279	.04470687	0
1106.15	0	.8232155	.1316759	.04510859	0
1105.15	0	.8221693	.1323214	.04550932	0
1104.15	0	.8211265	.1329644	.04590907	0
1103.15	0	.8200872	.1336049	.04630784	0
1102.15	0	.8190514	.1342429	.04670563	0
1101.15	0	.8180191	.1348785	.04710244	0
1100.15	0	.8169902	.1355115	.04749828	0
1099.15	0	.8159648	.136142	.04789314	0
1098.15	0	.8149429	.1367701	.04828703	0
1097.15	0	.8139244	.1373957	.04867996	0
1096.15	0	.8129094	.1380187	.04907192	0
1095.15	0	.8118978	.1386393	.04946291	0
1094.15	0	.8108897	.1392574	.04985293	0
1093.15	0	.809885	.139873	.050242	0
1092.15	0	.8088838	.1404861	.05063011	0
1091.15	0	.807886	.1410967	.05101725	0
1090.15	0	.8068917	.1417048	.05140344	0
1089.15	0	.8059008	.1423105	.05178868	0
1088.15	0	.8049134	.1429136	.05217296	0
1087.15	0	.8039294	.1435143	.05255629	0
1086.15	0	.8029488	.1441125	.05293867	0
1085.15	0	.8019717	.1447082	.05332011	0
1084.15	0	.800998	.1453014	.0537006	0
1083.15	0	.8000278	.1458921	.05408014	0
1082.15	0	.7990609	.1464803	.05445874	0
1081.15	0	.7980976	.1470661	.05483639	0
1080.15	0	.7971376	.1476493	.05521311	0
1079.15	0	.7961811	.1482301	.05558889	0
1078.15	0	.7952279	.1488083	.05596373	0
1077.15	0	.7942782	.1493841	.05633764	0
1076.15	0	.793332	.1499574	.05671061	0
1075.15	0	.7923891	.1505282	.05708265	0
1074.15	0	.7914497	.1510965	.05745376	0
1073.15	0	.7905137	.1516624	.05782394	0
1072.15	0	.7895811	.1522257	.05819318	0
1071.15	0	.7886519	.1527866	.05856151	0
1070.15	0	.7877262	.153345	.0589289	0
1069.15	0	.7868038	.1539008	.05929537	0
1068.15	0	.7858849	.1544542	.05966092	0
1067.15	0	.7849693	.1550051	.06002554	0
1066.15	0	.7840572	.1555535	.06038925	0
1065.15	0	.7831485	.1560995	.06075203	0
1064.15	0	.7822432	.1566429	.0611139	0
1063.15	0	.7813413	.1571838	.06147485	0
1062.15	0	.7804428	.1577223	.06183488	0
1061.15	0	.7795477	.1582583	.06219399	0
1060.15	0	.7786561	.1587917	.06255219	0
1059.15	0	.7777678	.1593227	.06290948	0
1058.15	0	.7768829	.1598512	.06326585	0
1057.15	0	.7760015	.1603772	.06362132	0
1056.15	0	.7751234	.1609007	.06397587	0
1055.15	0	.7742487	.1614218	.06432951	0
1054.15	0	.7733775	.1619403	.06468225	0
1053.15	0	.7725096	.1624563	.06503407	0
1052.15	0	.7716451	.1629699	.06538499	0
1051.15	0	.770784	.163481	.065735	0
1050.15	0	.7699264	.1639895	.06608411	0
1049.15	0	.7690721	.1644956	.06643231	0
1048.15	0	.7682212	.1649992	.06677961	0
1047.15	0	.7673737	.1655003	.06712601	0
1046.15	0	.7665296	.1659989	.0674715	0
1045.15	0	.7656889	.166495	.06781609	0
1044.15	0	.7648516	.1669886	.06815978	0
1043.15	0	.7640177	.1674797	.06850257	0
1042.15	0	.7631872	.1679684	.06884445	0
1041.15	0	.7623601	.1684545	.06918544	0
1040.15	0	.7615363	.1689382	.06952553	0
1039.15	0	.760716	.1694193	.06986472	0
1038.15	0	.759899	.169898	.07020301	0
1037.15	0	.7590854	.1703742	.07054041	0
1036.15	0	.7582753	.1708478	.0708769	0
1035.15	0	.7574685	.171319	.0712125	0
1034.15	0	.7566651	.1717877	.0715472	0
1033.15	0	.7558651	.1722539	.071881	0
1032.15	0	.7550685	.1727176	.07221391	0
1031.15	0	.7542752	.1731789	.07254592	0
1030.15	0	.7534854	.1736376	.07287704	0
1029.15	0	.7526989	.1740938	.07320726	0
1028.15	0	.7519158	.1745476	.07353658	0
1027.15	0	.7511361	.1749989	.07386501	0
1026.15	0	.7503598	.1754476	.07419254	0
1025.15	0	.7495869	.1758939	.07451918	0
1024.15	0	.7488174	.1763377	.07484492	0
1023.15	0	.7480512	.176779	.07516976	0
1022.15	0	.7472884	.1772179	.07549371	0
1021.15	0	.7465291	.1776542	.07581676	0
1020.15	0	.745773	.178088	.07613891	0
1019.15	0	.7450204	.1785194	.07646017	0
1018.15	0	.7442712	.1789483	.07678053	0
1017.15	0	.7435253	.1793747	.0771	0
1016.15	0	.7427828	.1797986	.07741857	0
1015.15	0	.7420437	.1802201	.07773624	0
1014.15	0	.741308	.180639	.07805301	0
1013.15	0	.7405756	.1810555	.07836888	0
1012.15	0	.7398467	.1814695	.07868385	0
1011.15	0	.7391211	.181881	.07899793	0
1010.15	0	.7383988	.1822901	.0793111	0
1009.15	0	.73768	.1826967	.07962337	0
1008.15	0	.7369645	.1831008	.07993475	0
1007.15	0	.7362524	.1835024	.08024521	0
1006.15	0	.7355436	.1839016	.08055478	0
1005.15	0	.7348383	.1842983	.08086344	0
1004.15	0	.7341363	.1846925	.0811712	0
1003.15	0	.7334377	.1850843	.08147805	0
1002.15	0	.7327424	.1854736	.081784	0
1001.15	0	.7320505	.1858605	.08208904	0
1000.15	0	.731362	.1862449	.08239317	0
999.15	0	.7306768	.1866268	.0826964	0
998.15	0	.729995	.1870063	.08299871	0
997.15	0	.7293166	.1873833	.08330011	0
996.15	0	.7286415	.187758	.0836006	0
995.15	0	.7279697	.1881301	.08390017	0
994.15	0	.7273013	.1884998	.08419883	0
993.15	0	.7266363	.1888671	.08449658	0
992.15	0	.7259746	.189232	.0847934	0
991.15	0	.7253163	.1895944	.08508931	0
990.15	0	.7246613	.1899544	.08538429	0
989.15	0	.7240097	.190312	.08567836	0
988.15	0	.7233614	.1906671	.0859715	0
987.15	0	.7227164	.1910198	.08626371	0
986.15	0	.7220748	.1913702	.086555	0
985.15	0	.7214365	.1917181	.08684536	0
984.15	0	.7208016	.1920636	.08713479	0
983.15	0	.72017	.1924068	.08742329	0
982.15	0	.7195417	.1927475	.08771085	0
981.15	0	.7189167	.1930859	.08799748	0
980.15	0	.718295	.1934218	.08828316	0
979.15	0	.7176767	.1937554	.08856791	0
978.15	0	.7170616	.1940866	.08885172	0
977.15	0	.7164499	.1944155	.08913458	0
976.15	0	.7158415	.194742	.0894165	0
975.15	0	.7152364	.1950662	.08969746	0
974.15	0	.7146346	.195388	.08997748	0
973.15	0	.714036	.1957074	.09025654	0
972.15	0	.7134408	.1960246	.09053464	0
971.15	0	.7128488	.1963394	.09081179	0
970.15	0	.7122602	.1966519	.09108797	0
969.15	0	.7116748	.196962	.09136319	0
968.15	0	.7110926	.1972699	.09163744	0
967.15	0	.7105137	.1975755	.09191073	0
966.15	0	.7099381	.1978788	.09218304	0
965.15	0	.7093658	.1981799	.09245437	0
964.15	0	.7087966	.1984786	.09272473	0
963.15	0	.7082308	.1987752	.0929941	0
962.15	0	.7076681	.1990694	.09326249	0
961.15	0	.7071087	.1993614	.09352989	0
960.15	0	.7065525	.1996512	.0937963	0
959.15	0	.7059995	.1999388	.09406172	0
958.15	0	.7054497	.2002242	.09432614	0
957.15	0	.7049031	.2005074	.09458955	0
956.15	0	.7043597	.2007884	.09485196	0
955.15	0	.7038195	.2010672	.09511336	0
954.15	0	.7032824	.2013439	.09537375	0
953.15	0	.7027485	.2016184	.09563312	0
952.15	0	.7022177	.2018908	.09589147	0
951.15	0	.7016902	.2021611	.09614879	0
950.15	0	.7011657	.2024292	.09640508	0
949.15	0	.7006444	.2026953	.09666035	0
948.15	0	.7001261	.2029593	.09691457	0
947.15	0	.699611	.2032212	.09716775	0
946.15	0	.699099	.2034811	.09741989	0
945.15	0	.69859	.203739	.09767097	0
944.15	0	.6980842	.2039949	.097921	0
943.15	0	.6975813	.2042487	.09816996	0
942.15	0	.6970816	.2045006	.09841787	0
941.15	0	.6965848	.2047505	.0986647	0
940.15	0	.6960911	.2049985	.09891045	0
939.15	0	.6956003	.2052445	.09915513	0
938.15	0	.6951126	.2054887	.09939872	0
937.15	0	.6946279	.2057309	.09964121	0
936.15	0	.6941461	.2059713	.09988261	0
935.15	0	.6936672	.2062099	.1001229	0
934.15	0	.6931913	.2064466	.1003621	0
933.15	0	.6927183	.2066816	.1006002	0
932.15	0	.6922482	.2069147	.1008371	0
931.15	0	.6917809	.2071461	.101073	0
930.15	0	.6913165	.2073758	.1013076	0
929.15	0	.690855	.2076038	.1015412	0
928.15	0	.6903963	.2078301	.1017736	0
927.15	0	.6899404	.2080547	.1020049	0
926.15	0	.6894873	.2082778	.102235	0
925.15	0	.6890369	.2084992	.1024639	0
924.15	0	.6885893	.208719	.1026917	0
923.15	0	.6881444	.2089373	.1029183	0
922.15	0	.6877022	.2091541	.1031437	0
921.15	0	.6872627	.2093694	.1033679	0
920.15	0	.6868258	.2095833	.1035909	0
919.15	0	.6863916	.2097958	.1038127	0
918.15	0	.68596	.2100068	.1040332	0
917.15	0	.6855309	.2102165	.1042526	0
916.15	0	.6851044	.2104249	.1044707	0
915.15	0	.6846804	.210632	.1046876	0
914.15	0	.6842589	.2108379	.1049032	0
913.15	0	.6838399	.2110425	.1051175	0
912.15	0	.6834233	.211246	.1053306	0
911.15	0	.6830092	.2114484	.1055425	0
910.15	0	.6825974	.2116496	.105753	0
909.15	0	.6821879	.2118498	.1059622	0
908.15	0	.6817808	.212049	.1061701	0
907.15	0	.681376	.2122473	.1063768	0
906.15	0	.6809734	.2124446	.106582	0
905.15	0	.680573	.212641	.106786	0
904.15	0	.6801748	.2128366	.1069886	0
903.15	0	.6797787	.2130314	.1071899	0
902.15	0	.6793848	.2132255	.1073897	0
901.15	0	.6789929	.2134189	.1075882	0
900.15	0	.678603	.2136116	.1077854	0
899.15	0	.6782151	.2138038	.1079811	0
898.15	0	.6778292	.2139955	.1081754	0
897.15	0	.6774451	.2141866	.1083683	0
896.15	0	.6770629	.2143774	.1085597	0
895.15	0	.6766825	.2145678	.1087497	0
894.15	0	.6763039	.2147579	.1089382	0
893.15	0	.675927	.2149477	.1091253	0
892.15	0	.6755518	.2151374	.1093108	0
891.15	0	.6751782	.215327	.1094949	0
890.15	0	.6748061	.2155165	.1096774	0
889.15	0	.6744356	.215706	.1098584	0
888.15	0	.6740665	.2158956	.1100379	0
887.15	0	.6736988	.2160854	.1102158	0
886.15	0	.6733325	.2162754	.1103921	0
885.15	0	.6729675	.2164657	.1105668	0
884.15	0	.6726037	.2166564	.1107399	0
883.15	0	.6722411	.2168475	.1109114	0
882.15	0	.6718795	.2170392	.1110813	0
881.15	0	.6715191	.2172315	.1112494	0
880.15	0	.6711596	.2174245	.1114159	0
879.15	0	.670801	.2176183	.1115808	0
878.15	0	.6704432	.2178129	.1117439	0
877.15	0	.6700862	.2180086	.1119052	0
876.15	0	.6697299	.2182053	.1120648	0
875.15	0	.6693743	.2184031	.1122226	0
874.15	0	.6690192	.2186022	.1123787	0
873.15	0	.6686645	.2188026	.1125329	0
872.15	0	.6683102	.2190046	.1126852	0
871.15	0	.6679562	.219208	.1128357	0
870.15	0	.6676024	.2194132	.1129844	0
869.15	0	.6672488	.2196202	.1131311	0
868.15	0	.6668952	.219829	.1132758	0
867.15	0	.6665415	.2200399	.1134186	0
866.15	0	.6661876	.220253	.1135594	0
865.15	0	.6658335	.2204683	.1136982	0
864.15	0	.665479	.220686	.113835	0
863.15	0	.665124	.2209063	.1139696	0
862.15	0	.6647685	.2211293	.1141022	0
861.15	0	.6644123	.2213551	.1142326	0
860.15	0	.6640552	.2215839	.1143609	0
859.15	0	.6636973	.2218158	.114487	0
858.15	0	.6633382	.222051	.1146108	0
857.15	0	.662978	.2222897	.1147323	0
856.15	0	.6626164	.222532	.1148515	0
855.15	0	.6622534	.2227782	.1149684	0
854.15	0	.6618888	.2230283	.1150829	0
853.15	0	.6615225	.2232826	.1151949	0
852.15	0	.6611542	.2235413	.1153045	0
851.15	0	.6607839	.2238046	.1154115	0
850.15	0	.6604113	.2240727	.115516	0
849.15	0	.6600364	.2243458	.1156178	0
848.15	0	.6596588	.2246242	.115717	0
847.15	0	.6592785	.2249081	.1158134	0
846.15	0	.6588952	.2251978	.1159071	0
845.15	0	.6585087	.2254934	.1159979	0
844.15	0	.6581188	.2257954	.1160858	0
843.15	0	.6577253	.226104	.1161707	0
842.15	0	.657328	.2264195	.1162525	0
841.15	0	.6569266	.2267421	.1163313	0
840.15	0	.6565208	.2270724	.1164068	0
839.15	0	.6561104	.2274105	.1164791	0
838.15	0	.6556951	.2277569	.116548	0
837.15	0	.6552746	.228112	.1166134	0
836.15	0	.6548485	.2284762	.1166753	0
835.15	0	.6544166	.2288499	.1167335	0
834.15	0	.6539784	.2292336	.116788	0
833.15	0	.6535336	.2296278	.1168386	0
832.15	0	.6530818	.230033	.1168852	0
831.15	0	.6526226	.2304498	.1169277	0
830.15	0	.6521554	.2308788	.1169658	0
829.15	0	.6516798	.2313206	.1169996	0
828.15	0	.6511954	.2317759	.1170288	0
827.15	0	.6507014	.2322455	.1170532	0
826.15	0	.6501973	.2327301	.1170726	0
825.15	0	.6496824	.2332307	.1170869	0
824.15	0	.649156	.2337481	.1170959	0
823.15	0	.6486174	.2342834	.1170992	0
822.15	0	.6480657	.2348377	.1170966	0
821.15	0	.6474998	.2354123	.1170879	0
820.15	0	.646919	.2360083	.1170727	0
819.15	0	.6463219	.2366274	.1170507	0
818.15	0	.6457074	.2372711	.1170214	0
817.15	0	.6450741	.2379413	.1169846	0
816.15	0	.6440802	.2390614	.1168583	0
815.15	0	.6428029	.2405384	.1166587	0
814.15	0	.641609	.2419183	.1164727	0
813.15	0	.6404902	.2432109	.1162989	0
812.15	0	.639439	.244425	.116136	0
811.15	0	.6384493	.2455679	.1159828	0
810.15	0	.6375157	.2466459	.1158384	0
809.15	0	.6366334	.2476646	.1157019	0
808.15	0	.6357983	.248629	.1155727	0
807.15	0	.6350067	.2495433	.11545	0
806.15	0	.6342553	.2504114	.1153333	0
805.15	0	.6335411	.2512367	.1152222	0
804.15	0	.6328616	.2520223	.1151162	0
803.15	0	.6322143	.2527709	.1150148	0
802.15	0	.6315971	.2534852	.1149177	0
801.15	0	.631008	.2541673	.1148247	0
800.15	0	.6304453	.2548193	.1147354	0
799.15	0	.6299072	.2554432	.1146495	0
798.15	0	.6293924	.2560407	.1145669	0
797.15	0	.6288994	.2566133	.1144873	0
796.15	0	.6284269	.2571626	.1144105	0
795.15	0	.6279739	.2576899	.1143363	0
794.15	0	.6275391	.2581964	.1142645	0
793.15	0	.6271216	.2586833	.1141951	0
792.15	0	.6267205	.2591517	.1141278	0
791.15	0	.6263349	.2596026	.1140626	0
790.15	0	.6259639	.2600369	.1139992	0
789.15	0	.6256069	.2604554	.1139377	0
788.15	0	.6252631	.2608591	.1138778	0
787.15	0	.6249319	.2612486	.1138195	0
786.15	0	.6246125	.2616247	.1137628	0
785.15	0	.6243045	.261988	.1137074	0
784.15	0	.6240074	.2623392	.1136534	0
783.15	0	.6237205	.2626788	.1136007	0
782.15	0	.6234434	.2630075	.1135492	0
781.15	0	.6231756	.2633256	.1134988	0
780.15	0	.6229168	.2636338	.1134494	0
779.15	0	.6226665	.2639324	.1134011	0
778.15	0	.6224243	.2642219	.1133538	0
777.15	0	.6221898	.2645028	.1133074	0
776.15	0	.6219628	.2647754	.1132618	0
775.15	0	.6217429	.2650401	.113217	0
774.15	0	.6215297	.2652972	.1131731	0
773.15	0	.6213258	.265545	.1131292	0
772.15	0	.6211251	.2657881	.1130868	0
771.15	0	.6209304	.2660247	.113045	0
770.15	0	.6207414	.2662548	.1130038	0
769.15	0	.6205578	.2664789	.1129632	0
768.15	0	.6203796	.2666972	.1129232	0
767.15	0	.6202063	.26691	.1128837	0
766.15	0	.6200379	.2671174	.1128448	0
765.15	0	.619874	.2673196	.1128063	0
764.15	0	.6197147	.267517	.1127683	0
763.15	0	.6195596	.2677097	.1127308	0
762.15	0	.6194085	.2678978	.1126936	0
761.15	0	.6192614	.2680817	.1126569	0
760.15	0	.6191181	.2682614	.1126205	0
759.15	0	.6189784	.268437	.1125846	0
758.15	0	.6188422	.2686089	.1125489	0
757.15	0	.6187093	.2687771	.1125136	0
756.15	0	.6185797	.2689418	.1124786	0
755.15	0	.6184531	.2691031	.1124438	0
754.15	0	.6183295	.2692611	.1124094	0
753.15	0	.6182088	.269416	.1123752	0
752.15	0	.6180909	.2695679	.1123413	0
751.15	0	.6179755	.2697169	.1123076	0
750.15	0	.6178628	.2698631	.1122741	0
749.15	0	.6177525	.2700066	.1122409	0
748.15	0	.6176445	.2701476	.1122078	0
747.15	0	.6175389	.2702861	.112175	0
746.15	0	.6174354	.2704223	.1121423	0
745.15	0	.6173341	.2705561	.1121099	0
744.15	0	.6172347	.2706877	.1120775	0
743.15	0	.6171374	.2708173	.1120454	0
742.15	0	.6170419	.2709448	.1120133	0
741.15	0	.6169483	.2710703	.1119814	0
740.15	0	.6168564	.2711939	.1119497	0
739.15	0	.6167662	.2713158	.111918	0
738.15	0	.6166776	.2714358	.1118865	0
737.15	0	.6165906	.2715542	.1118551	0
736.15	0	.6165052	.271671	.1118238	0
735.15	0	.6164212	.2717862	.1117926	0
734.15	0	.6163386	.2719	.1117615	0
733.15	0	.6162574	.2720122	.1117304	0
732.15	0	.6161774	.2721231	.1116995	0
731.15	0	.6160988	.2722326	.1116686	0
730.15	0	.6160214	.2723409	.1116378	0
729.15	0	.6159451	.2724478	.111607	0
728.15	0	.6158701	.2725536	.1115763	0
727.15	0	.6157961	.2726583	.1115457	0
726.15	0	.6157231	.2727618	.1115151	0
725.15	0	.6156512	.2728642	.1114846	0
724.15	0	.6155803	.2729656	.111454	0
723.15	0	.6155104	.273066	.1114236	0
722.15	0	.6154414	.2731655	.1113932	0
721.15	0	.6153732	.273264	.1113628	0
720.15	0	.615306	.2733616	.1113324	0
719.15	0	.6152396	.2734584	.111302	0
718.15	0	.6151739	.2735544	.1112717	0
717.15	0	.6151091	.2736495	.1112414	0
716.15	0	.615045	.2737439	.1112111	0
715.15	0	.6149817	.2738375	.1111808	0
714.15	0	.614919	.2739304	.1111506	0
713.15	0	.614857	.2740227	.1111203	0
712.15	0	.6147957	.2741142	.1110901	0
711.15	0	.614735	.2742052	.1110598	0
710.15	0	.614675	.2742955	.1110296	0
709.15	0	.6146155	.2743852	.1109993	0
708.15	0	.6145566	.2744744	.1109691	0
707.15	0	.6144983	.2745629	.1109388	0
706.15	0	.6144405	.274651	.1109085	0
705.15	0	.6143832	.2747386	.1108783	0
704.15	0	.6143264	.2748256	.110848	0
703.15	0	.6142701	.2749122	.1108177	0
702.15	0	.6142143	.2749983	.1107874	0
701.15	0	.6141589	.275084	.1107571	0
700.15	0	.614104	.2751693	.1107267	0
699.15	0	.6140495	.2752541	.1106964	0
698.15	0	.6139954	.2753386	.110666	0
697.15	0	.6139417	.2754226	.1106356	0
696.15	0	.6138884	.2755064	.1106052	0
695.15	0	.6138355	.2755897	.1105748	0
694.15	0	.613783	.2756727	.1105443	0
693.15	0	.6137307	.2757554	.1105139	0
692.15	0	.6136789	.2758377	.1104834	0
691.15	0	.6136273	.2759198	.1104529	0
690.15	0	.6135761	.2760016	.1104223	0
689.15	0	.6135252	.2760831	.1103917	0
688.15	0	.6134746	.2761643	.1103611	0
687.15	0	.6134243	.2762452	.1103305	0
686.15	0	.6133742	.2763259	.1102998	0
685.15	0	.6133245	.2764064	.1102691	0
684.15	0	.613275	.2764866	.1102384	0
683.15	0	.6132257	.2765666	.1102077	0
682.15	0	.6131767	.2766464	.1101769	0
681.15	0	.613128	.2767259	.1101461	0
680.15	0	.6130794	.2768053	.1101153	0
679.15	0	.6130311	.2768845	.1100844	0
678.15	0	.612983	.2769634	.1100535	0
677.15	0	.6129352	.2770422	.1100226	0
676.15	0	.6128875	.2771209	.1099916	0
675.15	0	.61284	.2771993	.1099606	0
674.15	0	.6127928	.2772776	.1099296	0
673.15	0	.6127457	.2773558	.1098985	0
672.15	0	.6126988	.2774338	.1098674	0
671.15	0	.6126521	.2775116	.1098363	0
670.15	0	.6126055	.2775893	.1098051	0
669.15	0	.6125592	.2776669	.109774	0
668.15	0	.6125129	.2777444	.1097427	0
667.15	0	.6124669	.2778217	.1097115	0
666.15	0	.612421	.2778989	.1096802	0
665.15	0	.6123752	.277976	.1096488	0
664.15	0	.6123296	.2780529	.1096175	0
663.15	0	.6122841	.2781298	.1095861	0
662.15	0	.6122388	.2782066	.1095547	0
661.15	0	.6121936	.2782832	.1095232	0
660.15	0	.6121485	.2783598	.1094917	0
659.15	0	.6121036	.2784363	.1094602	0
658.15	0	.6120587	.2785127	.1094286	0
657.15	0	.612014	.278589	.109397	0
656.15	0	.6119694	.2786652	.1093654	0
655.15	0	.611925	.2787413	.1093338	0
654.15	0	.6118806	.2788173	.1093021	0
653.15	0	.6118363	.2788933	.1092704	0
652.15	0	.6117922	.2789692	.1092386	0
651.15	0	.6117481	.279045	.1092068	0
650.15	0	.6117042	.2791208	.109175	0
649.15	0	.6116603	.2791965	.1091432	0
648.15	0	.6116166	.2792721	.1091113	0
647.15	0	.6115729	.2793477	.1090794	0
646.15	0	.6115293	.2794232	.1090475	0
645.15	0	.6114858	.2794986	.1090155	0
644.15	0	.6114424	.279574	.1089835	0
643.15	0	.6113991	.2796494	.1089515	0
642.15	0	.6113559	.2797246	.1089195	0
641.15	0	.6113127	.2797998	.1088874	0
640.15	0	.6112697	.279875	.1088553	0
639.15	0	.6112267	.2799501	.1088232	0
638.15	0	.6111838	.2800252	.1087911	0
637.15	0	.6111409	.2801002	.1087589	0
636.15	0	.6110982	.2801752	.1087267	0
635.15	0	.6110555	.2802501	.1086944	0
634.15	0	.6110128	.280325	.1086622	0
633.15	0	.6109703	.2803998	.1086299	0
632.15	0	.6109278	.2804746	.1085976	0
631.15	0	.6108854	.2805493	.1085653	0
630.15	0	.610843	.280624	.108533	0
629.15	0	.6108007	.2806987	.1085006	0
628.15	0	.6107585	.2807733	.1084682	0
627.15	0	.6107164	.2808478	.1084358	0
626.15	0	.6106743	.2809224	.1084034	0
625.15	0	.6106322	.2809969	.1083709	0
624.15	0	.6105903	.2810713	.1083385	0
623.15	0	.6105484	.2811457	.108306	0
622.15	0	.6105065	.2812201	.1082734	0
621.15	0	.6104647	.2812944	.1082409	0
620.15	0	.610423	.2813687	.1082084	0
619.15	0	.6103813	.2814429	.1081758	0
618.15	0	.6103397	.2815171	.1081433	0
617.15	0	.6102981	.2815913	.1081107	0
616.15	0	.6102566	.2816654	.1080781	0
615.15	0	.6102151	.2817394	.1080454	0
614.15	0	.6101737	.2818135	.1080128	0
613.15	0	.6101324	.2818875	.1079802	0
612.15	0	.6100911	.2819614	.1079475	0
611.15	0	.6100498	.2820353	.1079148	0
610.15	0	.6100087	.2821092	.1078821	0
609.15	0	.6099675	.282183	.1078494	0
608.15	0	.6099265	.2822568	.1078167	0
607.15	0	.6098854	.2823306	.107784	0
606.15	0	.6098445	.2824043	.1077513	0
605.15	0	.6098035	.2824779	.1077186	0
604.15	0	.6097626	.2825515	.1076858	0
603.15	0	.6097218	.2826251	.1076531	0
602.15	0	.6096811	.2826986	.1076203	0
601.15	0	.6096404	.2827721	.1075876	0
600.15	0	.6095997	.2828455	.1075548	0
599.15	0	.6095591	.2829189	.107522	0
598.15	0	.6095185	.2829922	.1074893	0
597.15	0	.609478	.2830655	.1074565	0
596.15	0	.6094376	.2831387	.1074237	0
595.15	0	.6093972	.2832119	.1073909	0
594.15	0	.6093568	.2832851	.1073581	0
593.15	0	.6093165	.2833582	.1073253	0
592.15	0	.6092763	.2834312	.1072926	0
591.15	0	.6092361	.2835042	.1072598	0
590.15	0	.6091959	.2835771	.107227	0
589.15	0	.6091558	.28365	.1071942	0
588.15	0	.6091158	.2837228	.1071614	0
587.15	0	.6090758	.2837956	.1071287	0
586.15	0	.6090358	.2838683	.1070959	0
585.15	0	.608996	.2839409	.1070631	0
584.15	0	.6089561	.2840135	.1070304	0
583.15	0	.6089163	.2840861	.1069976	0
582.15	0	.6088766	.2841585	.1069649	0
581.15	0	.6088369	.2842309	.1069321	0
580.15	0	.6087973	.2843033	.1068994	0
579.15	0	.6087578	.2843756	.1068667	0
578.15	0	.6087182	.2844478	.1068339	0
577.15	0	.6086788	.28452	.1068012	0
576.15	0	.6086394	.2845921	.1067685	0
575.15	0	.6086	.2846641	.1067359	0
574.15	0	.6085607	.2847361	.1067032	0
573.15	0	.6085215	.284808	.1066705	0
572.15	0	.6084823	.2848798	.1066379	0
571.15	0	.6084432	.2849516	.1066053	0
570.15	0	.6084041	.2850233	.1065727	0
569.15	0	.6083651	.2850949	.10654	0
568.15	0	.6083261	.2851664	.1065075	0
567.15	0	.6082872	.2852379	.1064749	0
566.15	0	.6082484	.2853093	.1064424	0
565.15	0	.6082096	.2853806	.1064098	0
564.15	0	.6081709	.2854518	.1063773	0
563.15	0	.6081322	.285523	.1063448	0
562.15	0	.6080936	.285594	.1063124	0
561.15	0	.6080551	.285665	.1062799	0
560.15	0	.6080166	.285736	.1062475	0
559.15	0	.6079781	.2858068	.1062151	0
558.15	0	.6079398	.2858775	.1061827	0
557.15	0	.6079015	.2859482	.1061504	0
556.15	0	.6078632	.2860188	.106118	0
555.15	0	.607825	.2860893	.1060857	0
554.15	0	.6077869	.2861597	.1060534	0
553.15	0	.6077489	.28623	.1060212	0
552.15	0	.6077109	.2863002	.105989	0
551.15	0	.6076729	.2863703	.1059568	0
550.15	0	.6076351	.2864404	.1059246	0
549.15	0	.6075972	.2865103	.1058925	0
548.15	0	.6075595	.2865801	.1058604	0
547.15	0	.6075218	.2866499	.1058283	0
546.15	0	.6074842	.2867195	.1057962	0
545.15	0	.6074467	.2867891	.1057642	0
544.15	0	.6074092	.2868585	.1057323	0
543.15	0	.6073718	.2869279	.1057003	0
542.15	0	.6073345	.2869971	.1056684	0
541.15	0	.6072972	.2870663	.1056365	0
540.15	0	.60726	.2871353	.1056047	0
539.15	0	.6072228	.2872042	.1055729	0
538.15	0	.6071858	.2872731	.1055412	0
537.15	0	.6071488	.2873418	.1055094	0
536.15	0	.6071118	.2874104	.1054777	0
535.15	0	.607075	.2874789	.1054461	0
534.15	0	.6070382	.2875473	.1054145	0
533.15	0	.6070015	.2876156	.1053829	0
532.15	0	.6069649	.2876837	.1053514	0
531.15	0	.6069283	.2877518	.10532	0
530.15	0	.6068918	.2878197	.1052885	0
529.15	0	.6068554	.2878875	.1052571	0
528.15	0	.606819	.2879552	.1052258	0
527.15	0	.6067827	.2880228	.1051945	0
526.15	0	.6067465	.2880902	.1051632	0
525.15	0	.6067104	.2881576	.105132	0
524.15	0	.6066744	.2882248	.1051009	0
523.15	0	.6066384	.2882919	.1050698	0
522.15	0	.6066025	.2883588	.1050387	0
521.15	0	.6065667	.2884256	.1050077	0
520.15	0	.6065309	.2884923	.1049767	0
519.15	0	.6064953	.2885589	.1049458	0
518.15	0	.6064597	.2886253	.104915	0
517.15	0	.6064242	.2886916	.1048842	0
516.15	0	.6063889	.2887578	.1048533	0
515.15	0	.6063536	.2888238	.1048226	0
514.15	0	.6063183	.2888898	.1047919	0
513.15	0	.6062832	.2889555	.1047613	0
512.15	0	.6062481	.2890212	.1047308	0
511.15	0	.6062131	.2890866	.1047003	0
510.15	0	.6061781	.289152	.1046699	0
509.15	0	.6061433	.2892172	.1046395	0
508.15	0	.6061085	.2892823	.1046092	0
507.15	0	.6060738	.2893472	.104579	0
506.15	0	.6060392	.289412	.1045488	0
505.15	0	.6060047	.2894766	.1045187	0
504.15	0	.6059703	.2895411	.1044886	0
503.15	0	.605936	.2896054	.1044586	0
502.15	0	.6059017	.2896696	.1044287	0
501.15	0	.6058675	.2897337	.1043988	0
500.15	0	.6058334	.2897976	.104369	0
499.15	0	.6057995	.2898613	.1043392	0
498.15	0	.6057656	.2899249	.1043096	0
497.15	0	.6057317	.2899883	.10428	0
496.15	0	.605698	.2900516	.1042504	0
495.15	0	.6056644	.2901147	.1042209	0
494.15	0	.6056308	.2901776	.1041915	0
493.15	0	.6055974	.2902404	.1041622	0
492.15	0	.605564	.2903031	.1041329	0
491.15	0	.6055308	.2903655	.1041037	0
490.15	0	.6054976	.2904279	.1040746	0
489.15	0	.6054645	.29049	.1040455	0
488.15	0	.6054315	.290552	.1040165	0
487.15	0	.6053986	.2906138	.1039876	0
486.15	0	.6053658	.2906755	.1039588	0
485.15	0	.6053331	.2907369	.10393	0
484.15	0	.6053005	.2907982	.1039013	0
483.15	0	.6052679	.2908594	.1038727	0
482.15	0	.6052355	.2909203	.1038441	0
481.15	0	.6052032	.2909811	.1038157	0
480.15	0	.605171	.2910418	.1037873	0
479.15	0	.6051388	.2911022	.103759	0
478.15	0	.6051068	.2911625	.1037308	0
477.15	0	.6050748	.2912226	.1037026	0
476.15	0	.605043	.2912825	.1036745	0
475.15	0	.6050113	.2913422	.1036465	0
474.15	0	.6049796	.2914018	.1036186	0
473.15	0	.6049481	.2914612	.1035908	0
472.15	0	.6049166	.2915204	.103563	0
471.15	0	.6048853	.2915794	.1035354	0
470.15	0	.604854	.2916382	.1035078	0
469.15	0	.6048229	.2916968	.1034803	0
468.15	0	.6047918	.2917553	.1034529	0
467.15	0	.6047609	.2918136	.1034256	0
466.15	0	.6047301	.2918716	.1033983	0
465.15	0	.6046993	.2919295	.1033712	0
464.15	0	.6046687	.2919872	.1033441	0
463.15	0	.6046382	.2920447	.1033171	0
462.15	0	.6046077	.292102	.1032902	0
461.15	0	.6045774	.2921592	.1032634	0
460.15	0	.6045472	.2922161	.1032367	0
459.15	0	.6045171	.2922728	.1032101	0
458.15	0	.6044871	.2923294	.1031835	0
457.15	0	.6044572	.2923857	.1031571	0
456.15	0	.6044274	.2924418	.1031308	0
455.15	0	.6043977	.2924978	.1031045	0
454.15	0	.6043681	.2925535	.1030783	0
453.15	0	.6043387	.2926091	.1030523	0
452.15	0	.6043093	.2926644	.1030263	0
451.15	0	.60428	.2927195	.1030004	0
450.15	0	.6042509	.2927745	.1029746	0
449.15	0	.6042219	.2928292	.102949	0
448.15	0	.604193	.2928836	.1029234	0
447.15	0	.6041642	.2929379	.1028979	0
446.15	0	.6041356	.2929919	.1028725	0
445.15	0	.6041071	.2930457	.1028473	0
444.15	0	.6040787	.2930992	.1028221	0
443.15	0	.6040504	.2931526	.1027971	0
442.15	0	.6040222	.2932056	.1027721	0
441.15	0	.6039942	.2932585	.1027473	0
440.15	0	.6039664	.293311	.1027226	0
439.15	0	.6039387	.2933634	.102698	0
438.15	0	.6039111	.2934154	.1026735	0
437.15	0	.6038837	.2934672	.1026491	0
436.15	0	.6038564	.2935188	.1026249	0
435.15	0	.6038292	.29357	.1026007	0
434.15	0	.6038023	.293621	.1025767	0
433.15	0	.6037755	.2936717	.1025529	0
432.15	0	.6037488	.2937221	.1025291	0
431.15	0	.6037223	.2937722	.1025055	0
430.15	0	.603696	.2938221	.102482	0
429.15	0	.6036698	.2938716	.1024586	0
428.15	0	.6036438	.2939209	.1024354	0
427.15	0	.6036179	.2939698	.1024123	0
426.15	0	.6035923	.2940185	.1023893	0
425.15	0	.6035668	.2940668	.1023664	0
424.15	0	.6035414	.2941149	.1023437	0
423.15	0	.6035162	.2941626	.1023211	0
422.15	0	.6034912	.2942101	.1022987	0
421.15	0	.6034664	.2942572	.1022764	0
420.15	0	.6034417	.294304	.1022542	0
419.15	0	.6034173	.2943506	.1022322	0
418.15	0	.6033929	.2943968	.1022103	0
417.15	0	.6033688	.2944427	.1021885	0
416.15	0	.6033448	.2944883	.1021669	0
415.15	0	.603321	.2945335	.1021454	0
414.15	0	.6032974	.2945785	.1021241	0
413.15	0	.603274	.2946231	.1021029	0
412.15	0	.6032507	.2946675	.1020818	0
411.15	0	.6032276	.2947115	.1020609	0
410.15	0	.6032047	.2947552	.1020401	0
409.15	0	.6031819	.2947986	.1020195	0
408.15	0	.6031593	.2948416	.101999	0
407.15	0	.6031369	.2948844	.1019787	0
406.15	0	.6031147	.2949268	.1019585	0
405.15	0	.6030926	.2949689	.1019384	0
404.15	0	.6030708	.2950107	.1019185	0
403.15	0	.603049	.2950522	.1018987	0
402.15	0	.6030275	.2950934	.1018791	0
401.15	0	.6030061	.2951343	.1018596	0
400.15	0	.6029849	.2951748	.1018403	0
399.15	0	.6029639	.2952151	.101821	0
398.15	0	.602943	.295255	.101802	0
397.15	0	.6029223	.2952947	.1017831	0
396.15	0	.6029017	.295334	.1017643	0
395.15	0	.6028814	.295373	.1017457	0
394.15	0	.6028611	.2954117	.1017272	0
393.15	0	.6028411	.2954501	.1017088	0
392.15	0	.6028212	.2954882	.1016906	0
391.15	0	.6028015	.295526	.1016726	0
390.15	0	.6027819	.2955635	.1016546	0
389.15	0	.6027625	.2956007	.1016369	0
388.15	0	.6027432	.2956376	.1016192	0
387.15	0	.6027241	.2956742	.1016017	0
386.15	0	.6027052	.2957105	.1015844	0
385.15	0	.6026864	.2957465	.1015672	0
384.15	0	.6026677	.2957822	.1015501	0
383.15	0	.6026492	.2958176	.1015332	0
382.15	0	.6026309	.2958527	.1015164	0
381.15	0	.6026127	.2958876	.1014997	0
380.15	0	.6025947	.2959221	.1014832	0
379.15	0	.6025768	.2959564	.1014668	0
378.15	0	.602559	.2959904	.1014506	0
377.15	0	.6025414	.2960241	.1014345	0
376.15	0	.6025239	.2960575	.1014185	0
375.15	0	.6025066	.2960907	.1014027	0
374.15	0	.6024894	.2961236	.101387	0
373.15	0	.6024723	.2961562	.1013715	0
372.15	0	.6024554	.2961885	.1013561	0
371.15	0	.6024386	.2962206	.1013408	0
370.15	0	.602422	.2962524	.1013257	0
369.15	0	.6024055	.2962839	.1013107	0
368.15	0	.6023891	.2963152	.1012958	0
367.15	0	.6023728	.2963462	.101281	0
366.15	0	.6023567	.2963769	.1012664	0
365.15	0	.6023406	.2964074	.101252	0
364.15	0	.6023247	.2964376	.1012376	0
363.15	0	.602309	.2964676	.1012234	0
363.1423	0	.6023089	.2964678	.1012233	0
363.1423	0	.6023089	.2964678	.1012233	0
363.1423	0	.6023089	.2964678	.1012233	0
362.15	0	.6025303	.2959428	.1009413	5.856284E-04
361.15	0	.6027532	.2954141	.1006575	.001175143
360.15	0	.6029758	.2948859	.1003742	.001764018
359.15	0	.6031982	.2943581	.1000914	.002352257
