T	 BPW(LIQUID)	BPW(BCC_A2)	BPW(FCC_A1)	BPW(LAVES_PHASE_C14)	BPW(NI3TI)
1473.15	0	.9291176	.07088244	0	0
1472.15	0	.9267737	.07322629	0	0
1471.15	0	.9244349	.07556507	0	0
1470.15	0	.9221012	.0778988	0	0
1469.15	0	.9197725	.08022747	0	0
1468.15	0	.9174489	.0825511	0	0
1467.15	0	.9151303	.08486969	0	0
1466.15	0	.9128168	.08718325	0	0
1465.15	0	.9105082	.08949179	0	0
1464.15	0	.9082047	.0917953	0	0
1463.15	0	.9059062	.0940938	0	0
1462.15	0	.9036127	.09638729	0	0
1461.15	0	.9013242	.09867578	0	0
1460.15	0	.8990407	.1009593	0	0
1459.15	0	.8967622	.1032378	0	0
1458.15	0	.8944887	.1055113	0	0
1457.15	0	.8922202	.1077798	0	0
1456.15	0	.8899566	.1100434	0	0
1455.15	0	.887698	.112302	0	0
1454.15	0	.8854444	.1145556	0	0
1453.15	0	.8831957	.1168043	0	0
1452.15	0	.880952	.119048	0	0
1451.15	0	.8787132	.1212868	0	0
1450.15	0	.8764794	.1235206	0	0
1449.15	0	.8742505	.1257495	0	0
1448.15	0	.8720265	.1279735	0	0
1447.15	0	.8698075	.1301925	0	0
1446.15	0	.8675934	.1324066	0	0
1445.15	0	.8653842	.1346158	0	0
1444.15	0	.8631799	.1368201	0	0
1443.15	0	.8609805	.1390195	0	0
1442.15	0	.858786	.141214	0	0
1441.15	0	.8565965	.1434036	0	0
1440.15	0	.8544118	.1455882	0	0
1439.15	0	.852232	.147768	0	0
1438.15	0	.8500571	.1499429	0	0
1437.15	0	.847887	.152113	0	0
1436.15	0	.8457219	.1542781	0	0
1435.15	0	.8435616	.1564384	0	0
1434.15	0	.8414062	.1585938	0	0
1433.15	0	.8392557	.1607443	0	0
1432.15	0	.83711	.16289	0	0
1431.15	0	.8349692	.1650308	0	0
1430.15	0	.8328332	.1671668	0	0
1429.15	0	.8307021	.1692979	0	0
1428.15	0	.8285758	.1714242	0	0
1427.15	0	.8264544	.1735456	0	0
1426.15	0	.8243378	.1756622	0	0
1425.15	0	.822226	.177774	0	0
1424.15	0	.8201191	.1798809	0	0
1423.15	0	.818017	.181983	0	0
1422.15	0	.8159197	.1840803	0	0
1421.15	0	.8138273	.1861727	0	0
1420.15	0	.8117396	.1882604	0	0
1419.15	0	.8096568	.1903432	0	0
1418.15	0	.8075788	.1924212	0	0
1417.15	0	.8055056	.1944944	0	0
1416.15	0	.8034372	.1965628	0	0
1415.15	0	.8013736	.1986264	0	0
1414.15	0	.7993148	.2006852	0	0
1413.15	0	.7972609	.2027391	0	0
1412.15	0	.7952117	.2047883	0	0
1411.15	0	.7931673	.2068327	0	0
1410.15	0	.7911277	.2088723	0	0
1409.15	0	.7890929	.2109071	0	0
1408.15	0	.7870628	.2129372	0	0
1407.15	0	.7850376	.2149624	0	0
1406.15	0	.7830172	.2169829	0	0
1405.15	0	.7810015	.2189985	0	0
1404.15	0	.7789906	.2210094	0	0
1403.15	0	.7769845	.2230155	0	0
1402.15	0	.7749831	.2250169	0	0
1401.15	0	.7729866	.2270134	0	0
1400.15	0	.7709948	.2290052	0	0
1399.15	0	.7690078	.2309922	0	0
1398.15	0	.7670255	.2329745	0	0
1397.15	0	.7650481	.2349519	0	0
1396.15	0	.7630754	.2369247	0	0
1395.15	0	.7611074	.2388926	0	0
1394.15	0	.7591442	.2408558	0	0
1393.15	0	.7571858	.2428142	0	0
1392.15	0	.7552322	.2447678	0	0
1391.15	0	.7532833	.2467167	0	0
1390.15	0	.7513392	.2486608	0	0
1389.15	0	.7493998	.2506002	0	0
1388.15	0	.7474652	.2525348	0	0
1387.15	0	.7455354	.2544646	0	0
1386.15	0	.7436103	.2563897	0	0
1385.15	0	.74169	.25831	0	0
1384.15	0	.7397745	.2602255	0	0
1383.15	0	.7378637	.2621363	0	0
1382.15	0	.7359577	.2640423	0	0
1381.15	0	.7340564	.2659436	0	0
1380.15	0	.7321599	.2678401	0	0
1379.15	0	.7302681	.2697319	0	0
1378.15	0	.7283812	.2716188	0	0
1377.15	0	.7264989	.2735011	0	0
1376.15	0	.7246215	.2753785	0	0
1375.15	0	.7227488	.2772512	0	0
1374.15	0	.7208809	.2791192	0	0
1373.15	0	.7190177	.2809823	0	0
1372.15	0	.7171593	.2828407	0	0
1371.15	0	.7153057	.2846943	0	0
1370.15	0	.7134568	.2865432	0	0
1369.15	0	.7116127	.2883873	0	0
1368.15	0	.7097734	.2902266	0	0
1367.15	0	.7079388	.2920612	0	0
1366.15	0	.7061091	.2938909	0	0
1365.15	0	.704284	.295716	0	0
1364.15	0	.7024638	.2975362	0	0
1363.15	0	.7006484	.2993516	0	0
1362.15	0	.6988377	.3011623	0	0
1361.15	0	.6970318	.3029682	0	0
1360.15	0	.6952307	.3047693	0	0
1359.15	0	.6934344	.3065656	0	0
1358.15	0	.6916429	.3083571	0	0
1357.15	0	.6898562	.3101438	0	0
1356.15	0	.6880742	.3119258	0	0
1355.15	0	.6862971	.3137029	0	0
1354.15	0	.6845248	.3154752	0	0
1353.15	0	.6827572	.3172428	0	0
1352.15	0	.6809945	.3190055	0	0
1351.15	0	.6792366	.3207634	0	0
1350.15	0	.6774835	.3225165	0	0
1349.15	0	.6757352	.3242648	0	0
1348.15	0	.6739917	.3260083	0	0
1347.15	0	.6722531	.327747	0	0
1346.15	0	.6705192	.3294808	0	0
1345.15	0	.6687902	.3312098	0	0
1344.15	0	.6670661	.3329339	0	0
1343.15	0	.6653467	.3346533	0	0
1342.15	0	.6636323	.3363678	0	0
1341.15	0	.6619226	.3380774	0	0
1340.15	0	.6602178	.3397822	0	0
1339.15	0	.6585179	.3414821	0	0
1338.15	0	.6568228	.3431772	0	0
1337.15	0	.6551326	.3448674	0	0
1336.15	0	.6534472	.3465528	0	0
1335.15	0	.6517667	.3482333	0	0
1334.15	0	.6500911	.3499089	0	0
1333.15	0	.6484204	.3515796	0	0
1332.15	0	.6467546	.3532454	0	0
1331.15	0	.6450936	.3549064	0	0
1330.15	0	.6434376	.3565624	0	0
1329.15	0	.6417865	.3582136	0	0
1328.15	0	.6401402	.3598598	0	0
1327.15	0	.6384989	.3615011	0	0
1326.15	0	.6368625	.3631375	0	0
1325.15	0	.635231	.364769	0	0
1324.15	0	.6336045	.3663955	0	0
1323.15	0	.6319829	.3680171	0	0
1322.15	0	.6303662	.3696338	0	0
1321.15	0	.6287545	.3712455	0	0
1320.15	0	.6271478	.3728522	0	0
1319.15	0	.625546	.374454	0	0
1318.15	0	.6239492	.3760508	0	0
1317.15	0	.6223573	.3776427	0	0
1316.15	0	.6207705	.3792295	0	0
1315.15	0	.6191886	.3808114	0	0
1314.15	0	.6176118	.3823882	0	0
1313.15	0	.6160399	.3839601	0	0
1312.15	0	.6144731	.3855269	0	0
1311.15	0	.6129113	.3870888	0	0
1310.15	0	.6113545	.3886455	0	0
1309.15	0	.6098027	.3901973	0	0
1308.15	0	.608256	.391744	0	0
1307.15	0	.6067144	.3932856	0	0
1306.15	0	.6051778	.3948222	0	0
1305.15	0	.6036462	.3963538	0	0
1304.15	0	.6021198	.3978802	0	0
1303.15	0	.6005985	.3994016	0	0
1302.15	0	.5990822	.4009178	0	0
1301.15	0	.597571	.402429	0	0
1300.15	0	.596065	.403935	0	0
1299.15	0	.5945641	.4054359	0	0
1298.15	0	.5930683	.4069317	0	0
1297.15	0	.5915777	.4084223	0	0
1296.15	0	.5900922	.4099078	0	0
1295.15	0	.5886119	.4113881	0	0
1294.15	0	.5871367	.4128633	0	0
1293.15	0	.5856668	.4143332	0	0
1292.15	0	.584202	.415798	0	0
1291.15	0	.5827424	.4172576	0	0
1290.15	0	.581288	.418712	0	0
1289.15	0	.5798389	.4201611	0	0
1288.15	0	.578395	.421605	0	0
1287.15	0	.5769563	.4230437	0	0
1286.15	0	.5755229	.4244771	0	0
1285.15	0	.5740948	.4259052	0	0
1284.15	0	.572672	.4273281	0	0
1283.15	0	.5712544	.4287456	0	0
1282.15	0	.5698421	.4301579	0	0
1281.15	0	.5684352	.4315648	0	0
1280.15	0	.5670335	.4329665	0	0
1279.15	0	.5656372	.4343628	0	0
1278.15	0	.5642463	.4357537	0	0
1277.15	0	.5628607	.4371393	0	0
1276.15	0	.5614805	.4385195	0	0
1275.15	0	.5601057	.4398943	0	0
1274.15	0	.5587363	.4412637	0	0
1273.15	0	.5573723	.4426277	0	0
1272.15	0	.5560137	.4439863	0	0
1271.15	0	.5546606	.4453395	0	0
1270.15	0	.5533129	.4466871	0	0
1269.15	0	.5519706	.4480294	0	0
1268.15	0	.5506339	.4493661	0	0
1267.15	0	.5493026	.4506974	0	0
1266.15	0	.5479769	.4520231	0	0
1265.15	0	.5466567	.4533433	0	0
1264.15	0	.545342	.454658	0	0
1263.15	0	.5440328	.4559672	0	0
1262.15	0	.5427293	.4572707	0	0
1261.15	0	.5414313	.4585687	0	0
1260.15	0	.5401389	.4598611	0	0
1259.15	0	.5388521	.4611479	0	0
1258.15	0	.5375709	.4624291	0	0
1257.15	0	.5362954	.4637046	0	0
1256.15	0	.5350255	.4649745	0	0
1255.15	0	.5337613	.4662387	0	0
1254.15	0	.5325028	.4674972	0	0
1253.15	0	.53125	.46875	0	0
1252.15	0	.5300029	.4699971	0	0
1251.15	0	.5287615	.4712385	0	0
1250.15	0	.5275259	.4724741	0	0
1249.15	0	.5262961	.4737039	0	0
1248.15	0	.525072	.474928	0	0
1247.15	0	.5238538	.4761463	0	0
1246.15	0	.5226413	.4773587	0	0
1245.15	0	.5214347	.4785653	0	0
1244.15	0	.520234	.479766	0	0
1243.15	0	.5190391	.4809609	0	0
1242.15	0	.5178501	.4821499	0	0
1241.15	0	.5166671	.4833329	0	0
1240.15	0	.5154899	.4845101	0	0
1239.15	0	.5143187	.4856813	0	0
1238.15	0	.5131535	.4868465	0	0
1237.15	0	.5119942	.4880058	0	0
1236.15	0	.510841	.489159	0	0
1235.15	0	.5096937	.4903063	0	0
1234.15	0	.5085525	.4914475	0	0
1233.15	0	.5074174	.4925826	0	0
1232.15	0	.5062883	.4937117	0	0
1231.15	0	.5051654	.4948346	0	0
1230.15	0	.5040485	.4959515	0	0
1229.15	0	.5029378	.4970622	0	0
1228.15	0	.5018333	.4981668	0	0
1227.15	0	.5007349	.4992651	0	0
1226.15	0	.4996427	.5003573	0	0
1225.15	0	.4985567	.5014433	0	0
1224.15	0	.497477	.502523	0	0
1223.15	0	.4964035	.5035965	0	0
1222.15	0	.4953364	.5046636	0	0
1221.15	0	.4942755	.5057245	0	0
1220.15	0	.4932209	.5067791	0	0
1219.15	0	.4921727	.5078273	0	0
1218.15	0	.4911309	.5088691	0	0
1217.15	0	.4900955	.5099045	0	0
1216.15	0	.4890664	.5109336	0	0
1215.15	0	.4880438	.5119562	0	0
1214.15	0	.4870277	.5129723	0	0
1213.15	0	.486018	.513982	0	0
1212.15	0	.4850149	.5149851	0	0
1211.15	0	.4840183	.5159817	0	0
1210.15	0	.4830282	.5169718	0	0
1209.15	0	.4820447	.5179553	0	0
1208.15	0	.4810678	.5189322	0	0
1207.15	0	.4800975	.5199025	0	0
1206.15	0	.4791339	.5208662	0	0
1205.15	0	.4781769	.5218231	0	0
1204.15	0	.4772266	.5227734	0	0
1203.15	0	.476283	.523717	0	0
1202.15	0	.4753462	.5246538	0	0
1201.15	0	.4744162	.5255838	0	0
1200.15	0	.4734929	.5265071	0	0
1199.15	0	.4725765	.5274235	0	0
1198.15	0	.4716669	.5283331	0	0
1197.15	0	.4707642	.5292358	0	0
1196.15	0	.4698683	.5301317	0	0
1195.15	0	.4689794	.5310206	0	0
1194.15	0	.4680975	.5319025	0	0
1193.15	0	.4672225	.5327775	0	0
1192.15	0	.4663545	.5336455	0	0
1191.15	0	.4654935	.5345065	0	0
1190.15	0	.4646396	.5353604	0	0
1189.15	0	.4637928	.5362072	0	0
1188.15	0	.462953	.537047	0	0
1187.15	0	.4621204	.5378796	0	0
1186.15	0	.461295	.538705	0	0
1185.15	0	.4604768	.5395232	0	0
1184.15	0	.4596657	.5403343	0	0
1183.15	0	.458862	.541138	0	0
1182.15	0	.4580654	.5419346	0	0
1181.15	0	.4572762	.5427238	0	0
1180.15	0	.4564944	.5435057	0	0
1179.15	0	.4557198	.5442802	0	0
1178.15	0	.4549527	.5450473	0	0
1177.15	0	.454193	.545807	0	0
1176.15	0	.4534407	.5465593	0	0
1175.15	0	.4526959	.5473041	0	0
1174.15	0	.4519586	.5480414	0	0
1173.15	0	.4512288	.5487712	0	0
1172.15	0	.4505066	.5494934	0	0
1171.15	0	.449792	.550208	0	0
1170.15	0	.449085	.550915	0	0
1169.15	0	.4483856	.5516144	0	0
1168.15	0	.447694	.552306	0	0
1167.15	0	.44701	.55299	0	0
1166.15	0	.4463338	.5536662	0	0
1165.15	0	.4456653	.5543347	0	0
1164.15	0	.4450047	.5549953	0	0
1163.15	0	.4443519	.5556481	0	0
1162.15	0	.443707	.556293	0	0
1161.15	0	.4430699	.5569301	0	0
1160.15	0	.4424408	.5575592	0	0
1159.15	0	.4418197	.5581804	0	0
1158.15	0	.4412065	.5587935	0	0
1157.15	0	.4406013	.5593987	0	0
1156.15	0	.4400042	.5599958	0	0
1155.15	0	.4394152	.5605848	0	0
1154.15	0	.4388343	.5611657	0	0
1153.15	0	.4382615	.5617385	0	0
1152.15	0	.437697	.562303	0	0
1151.15	0	.4371406	.5628594	0	0
1150.15	0	.4365925	.5634075	0	0
1149.15	0	.4360527	.5639473	0	0
1148.15	0	.4355212	.5644788	0	0
1147.15	0	.4349981	.5650019	0	0
1146.15	0	.4344833	.5655167	0	0
1145.398	0	.4341017	.5658983	0	0
1145.398	0	.4341017	.5658983	0	0
1145.398	0	.4341017	.5658983	0	0
1145.15	0	.4338209	.5660912	8.78649E-05	0
1144.15	0	.4326956	.5668632	4.41263E-04	0
1143.15	0	.4315805	.5676259	7.935665E-04	0
1142.15	0	.4304759	.5683794	.001144778	0
1141.15	0	.4293816	.5691235	.001494899	0
1140.15	0	.4282977	.5698583	.001843932	0
1139.15	0	.4272244	.5705838	.00219188	0
1138.15	0	.4261615	.5712997	.002538745	0
1137.15	0	.4251092	.5720063	.00288453	0
1136.15	0	.4240675	.5727032	.003229235	0
1135.15	0	.4230365	.5733906	.003572865	0
1134.15	0	.4220162	.5740684	.00391542	0
1133.15	0	.4210066	.5747365	.004256904	0
1132.15	0	.4200077	.5753949	.004597317	0
1131.15	0	.4190197	.5760436	.004936664	0
1130.15	0	.4180426	.5766825	.005274945	0
1129.15	0	.4170764	.5773115	.005612162	0
1128.15	0	.4161211	.5779306	.005948319	0
1127.15	0	.4151768	.5785398	.006283417	0
1126.15	0	.4142436	.5791389	.006617457	0
1125.15	0	.4133215	.5797281	.006950443	0
1124.15	0	.4124105	.5803071	.007282377	0
1123.15	0	.4115106	.5808761	.007613259	0
1122.15	0	.4106221	.5814349	.007943093	0
1121.15	0	.4097447	.5819834	.008271881	0
1120.15	0	.4088787	.5825217	.008599624	0
1119.15	0	.4080241	.5830496	.008926324	0
1118.15	0	.4071809	.5835672	.009251984	0
1117.15	0	.4063491	.5840743	.009576605	0
1116.15	0	.4055288	.584571	.009900189	0
1115.15	0	.4047201	.5850572	.01022274	0
1114.15	0	.4039229	.5855328	.01054426	0
1113.15	0	.4031374	.5859978	.01086474	0
1112.15	0	.4023636	.5864522	.0111842	0
1111.15	0	.4016015	.5868958	.01150263	0
1110.15	0	.4008513	.5873287	.01182003	0
1109.15	0	.4001128	.5877508	.01213641	0
1108.15	0	.3993862	.588162	.01245177	0
1107.15	0	.3986715	.5885624	.01276611	0
1106.15	0	.3979688	.5889518	.01307943	0
1105.15	0	.3972781	.5893301	.01339174	0
1104.15	0	.3965995	.5896975	.01370303	0
1103.15	0	.395933	.5900537	.01401331	0
1102.15	0	.3952786	.5903988	.01432257	0
1101.15	0	.3946365	.5907327	.01463083	0
1100.15	0	.3940065	.5910554	.01493808	0
1099.15	0	.3933889	.5913668	.01524433	0
1098.15	0	.3927836	.5916668	.01554956	0
1097.15	0	.3921908	.5919554	.0158538	0
1096.15	0	.3916103	.5922327	.01615704	0
1095.15	0	.3910423	.5924984	.01645928	0
1094.15	0	.3904869	.5927526	.01676052	0
1093.15	0	.389944	.5929952	.01706077	0
1092.15	0	.3894138	.5932262	.01736002	0
1091.15	0	.3888962	.5934455	.01765827	0
1090.15	0	.3883913	.5936531	.01795554	0
1089.15	0	.3878992	.593849	.01825182	0
1088.15	0	.3874199	.594033	.01854711	0
1087.15	0	.3869535	.5942051	.01884141	0
1086.15	0	.3864999	.5943654	.01913473	0
1085.15	0	.3860592	.5945137	.01942707	0
1084.15	0	.3856316	.59465	.01971842	0
1083.15	0	.385217	.5947743	.02000879	0
1082.15	0	.3848154	.5948864	.02029819	0
1081.15	0	.3844269	.5949865	.0205866	0
1080.15	0	.3840516	.5950743	.02087404	0
1079.15	0	.3836895	.59515	.02116051	0
1078.15	0	.3833407	.5952133	.021446	0
1077.15	0	.3830051	.5952644	.02173052	0
1076.15	0	.3826828	.5953031	.02201407	0
1075.15	0	.3823739	.5953294	.02229665	0
1074.15	0	.3820784	.5953433	.02257827	0
1073.15	0	.3817964	.5953447	.02285891	0
1072.15	0	.3815278	.5953336	.02313859	0
1071.15	0	.3812728	.5953099	.02341731	0
1070.15	0	.3810313	.5952737	.02369507	0
1069.15	0	.3808034	.5952248	.02397186	0
1068.15	0	.3805892	.5951632	.02424769	0
1067.15	0	.3803886	.5950889	.02452257	0
1066.15	0	.3802017	.5950018	.02479649	0
1065.15	0	.3800286	.594902	.02506944	0
1064.15	0	.3798693	.5947893	.02534145	0
1063.15	0	.3797238	.5946637	.0256125	0
1062.15	0	.3795921	.5945253	.0258826	0
1061.15	0	.3794743	.5943739	.02615174	0
1060.15	0	.3793705	.5942096	.02641994	0
1059.15	0	.3792805	.5940323	.02668718	0
1058.15	0	.3792046	.5938419	.02695348	0
1057.15	0	.3791427	.5936385	.02721883	0
1056.15	0	.3790948	.593422	.02748323	0
1055.15	0	.379061	.5931924	.02774668	0
1054.15	0	.3790412	.5929496	.0280092	0
1053.15	0	.3790356	.5926936	.02827076	0
1052.15	0	.3790442	.5924245	.02853139	0
1051.15	0	.3790669	.5921421	.02879107	0
1050.15	0	.3791038	.5918464	.02904981	0
1049.15	0	.3791549	.5915375	.02930761	0
1048.15	0	.3792203	.5912152	.02956447	0
1047.15	0	.3792999	.5908797	.02982039	0
1046.15	0	.3793939	.5905308	.03007537	0
1045.15	0	.3795021	.5901685	.03032942	0
1044.15	0	.3796247	.5897928	.03058253	0
1043.15	0	.3797615	.5894038	.0308347	0
1042.15	0	.3799128	.5890013	.03108594	0
1041.15	0	.3800784	.5885853	.03133624	0
1040.15	0	.3802584	.588156	.03158561	0
1039.15	0	.3804528	.5877131	.03183405	0
1038.15	0	.3806616	.5872568	.03208155	0
1037.15	0	.3808849	.586787	.03232812	0
1036.15	0	.3811225	.5863037	.03257376	0
1035.15	0	.3813746	.5858069	.03281847	0
1034.15	0	.3816412	.5852966	.03306224	0
1033.15	0	.3819221	.5847728	.03330509	0
1032.15	0	.3822176	.5842354	.033547	0
1031.15	0	.3825275	.5836845	.03378798	0
1030.15	0	.3828518	.5831201	.03402804	0
1029.15	0	.3831906	.5825422	.03426716	0
1028.15	0	.3835439	.5819508	.03450535	0
1027.15	0	.3839116	.5813458	.03474261	0
1026.15	0	.3842938	.5807273	.03497895	0
1025.15	0	.3846904	.5800953	.03521435	0
1024.15	0	.3851014	.5794498	.03544883	0
1023.15	0	.3855269	.5787908	.03568237	0
1022.15	0	.3859668	.5781183	.03591498	0
1021.15	0	.3864211	.5774323	.03614667	0
1020.15	0	.3868897	.5767328	.03637742	0
1019.15	0	.3873728	.57602	.03660724	0
1018.15	0	.3878702	.5752937	.03683613	0
1017.15	0	.388382	.5745539	.03706409	0
1016.15	0	.388908	.5738008	.03729111	0
1015.15	0	.3894484	.5730344	.03751721	0
1014.15	0	.3900031	.5722545	.03774237	0
1013.15	0	.390572	.5714614	.03796659	0
1012.15	0	.3911552	.570655	.03818989	0
1011.15	0	.3917525	.5698353	.03841224	0
1010.15	0	.392364	.5690023	.03863366	0
1009.15	0	.3929897	.5681562	.03885414	0
1008.15	0	.3936295	.5672968	.03907369	0
1007.15	0	.3942833	.5664244	.03929229	0
1006.15	0	.3949512	.5655389	.03950995	0
1005.15	0	.3956331	.5646402	.03972667	0
1004.15	0	.3963289	.5637286	.03994245	0
1003.15	0	.3970387	.562804	.04015728	0
1002.15	0	.3977623	.5618665	.04037116	0
1001.15	0	.3984998	.5609161	.0405841	0
1000.15	0	.399251	.5599529	.04079608	0
999.15	0	.400016	.5589769	.04100712	0
998.15	0	.4007947	.5579881	.0412172	0
997.15	0	.401587	.5569867	.04142632	0
996.15	0	.4023928	.5559727	.04163449	0
995.15	0	.4032122	.5549461	.04184169	0
994.15	0	.4040451	.553907	.04204794	0
993.15	0	.4048913	.5528555	.04225321	0
992.15	0	.4057509	.5517916	.04245752	0
991.15	0	.4066238	.5507154	.04266086	0
990.15	0	.4075099	.5496269	.04286322	0
989.15	0	.4084091	.5485263	.04306461	0
988.15	0	.4093214	.5474136	.04326502	0
987.15	0	.4102467	.5462889	.04346444	0
986.15	0	.4111849	.5451522	.04366288	0
985.15	0	.412136	.5440037	.04386033	0
984.15	0	.4130998	.5428434	.04405678	0
983.15	0	.4140764	.5416714	.04425224	0
982.15	0	.4150656	.5404877	.04444669	0
981.15	0	.4160673	.5392926	.04464014	0
980.15	0	.4170814	.538086	.04483257	0
979.15	0	.4181079	.5368681	.04502399	0
978.15	0	.4191467	.5356389	.04521439	0
977.15	0	.4201977	.5343985	.04540377	0
976.15	0	.4212608	.5331471	.04559211	0
975.15	0	.4223358	.5318848	.04577942	0
974.15	0	.4234228	.5306115	.04596568	0
973.15	0	.4245215	.5293275	.0461509	0
972.15	0	.425632	.5280329	.04633507	0
971.15	0	.4267541	.5267278	.04651817	0
970.15	0	.4278876	.5254122	.04670021	0
969.15	0	.4290326	.5240863	.04688117	0
968.15	0	.4301888	.5227502	.04706106	0
967.15	0	.4313561	.521404	.04723986	0
966.15	0	.4325346	.5200479	.04741756	0
965.15	0	.433724	.5186819	.04759416	0
964.15	0	.4349241	.5173062	.04776964	0
963.15	0	.436135	.515921	.04794401	0
962.15	0	.4373565	.5145262	.04811725	0
961.15	0	.4385885	.5131222	.04828935	0
960.15	0	.4398307	.511709	.04846031	0
959.15	0	.4410832	.5102867	.04863011	0
958.15	0	.4423458	.5088555	.04879874	0
957.15	0	.4436183	.5074155	.04896619	0
956.15	0	.4449006	.505967	.04913246	0
955.15	0	.4461926	.5045099	.04929752	0
954.15	0	.4474941	.5030445	.04946137	0
953.15	0	.448805	.501571	.049624	0
952.15	0	.4501252	.5000894	.0497854	0
951.15	0	.4514545	.4986	.04994554	0
950.15	0	.4527927	.4971028	.05010443	0
949.15	0	.4541398	.4955982	.05026203	0
948.15	0	.4554955	.4940862	.05041835	0
947.15	0	.4568597	.4925669	.05057336	0
946.15	0	.4582323	.4910407	.05072705	0
945.15	0	.459613	.4895076	.0508794	0
944.15	0	.4610018	.4879678	.05103039	0
943.15	0	.4623984	.4864216	.05118002	0
942.15	0	.4638027	.4848691	.05132826	0
941.15	0	.4652145	.4833104	.05147508	0
940.15	0	.4666337	.4817459	.05162048	0
939.15	0	.46806	.4801756	.05176444	0
938.15	0	.4694933	.4785998	.05190692	0
937.15	0	.4708733	.4770764	.0520503	0
936.15	0	.4721102	.4756919	.05219798	0
935.15	0	.4733833	.4742739	.05234272	0
934.15	0	.4746911	.4728243	.05248458	0
933.15	0	.4760318	.4713446	.05262362	0
932.15	0	.477404	.4698362	.05275989	0
931.15	0	.478806	.4683005	.05289344	0
930.15	0	.4802366	.4667391	.0530243	0
929.15	0	.4816941	.4651533	.05315253	0
928.15	0	.4831774	.4635444	.05327816	0
927.15	0	.4846851	.4619137	.05340123	0
926.15	0	.4862159	.4602623	.05352179	0
925.15	0	.4877686	.4585916	.05363985	0
924.15	0	.489342	.4569026	.05375546	0
923.15	0	.4909349	.4551965	.05386864	0
922.15	0	.4925463	.4534743	.05397942	0
921.15	0	.494175	.4517371	.05408784	0
920.15	0	.4958201	.449986	.05419391	0
919.15	0	.4974804	.4482219	.05429767	0
918.15	0	.4991551	.4464458	.05439913	0
917.15	0	.5008432	.4446585	.05449833	0
916.15	0	.5025437	.4428611	.05459527	0
915.15	0	.5042557	.4410543	.05468998	0
914.15	0	.5059785	.439239	.05478249	0
913.15	0	.5077111	.4374161	.05487281	0
912.15	0	.5094528	.4355862	.05496096	0
911.15	0	.5112028	.4337503	.05504696	0
910.15	0	.5129602	.431909	.05513083	0
909.15	0	.5147244	.4300631	.05521257	0
908.15	0	.5164945	.4282132	.05529223	0
907.15	0	.5182701	.4263601	.05536979	0
906.15	0	.5200502	.4245045	.05544529	0
905.15	0	.5218344	.4226469	.05551873	0
904.15	0	.5236219	.420788	.05559014	0
903.15	0	.5254121	.4189284	.05565953	0
902.15	0	.5272044	.4170687	.05572691	0
901.15	0	.5289983	.4152094	.0557923	0
900.15	0	.5307931	.4133512	.05585571	0
899.15	0	.5325883	.4114946	.05591715	0
898.15	0	.5343833	.40964	.05597665	0
897.15	0	.5361777	.4077881	.05603421	0
896.15	0	.537971	.4059392	.05608985	0
895.15	0	.5397625	.4040939	.05614358	0
894.15	0	.5415519	.4022526	.05619542	0
893.15	0	.5433387	.4004159	.05624539	0
892.15	0	.5451225	.3985841	.05629348	0
891.15	0	.5469027	.3967576	.05633973	0
890.15	0	.5486789	.3949369	.05638415	0
889.15	0	.5504509	.3931224	.05642674	0
888.15	0	.552218	.3913144	.05646753	0
887.15	0	.5539801	.3895134	.05650653	0
886.15	0	.5557366	.3877197	.05654375	0
885.15	0	.5574872	.3859336	.05657922	0
884.15	0	.5592315	.3841556	.05661293	0
883.15	0	.5609693	.3823858	.05664492	0
882.15	0	.5627001	.3806247	.0566752	0
881.15	0	.5644237	.3788726	.05670378	0
880.15	0	.5661397	.3771297	.05673067	0
879.15	0	.5678478	.3753963	.0567559	0
878.15	0	.5695478	.3736728	.05677949	0
877.15	0	.5712393	.3719593	.05680144	0
876.15	0	.5729221	.3702561	.05682178	0
875.15	0	.5745959	.3685636	.05684052	0
874.15	0	.5762605	.3668818	.05685767	0
873.15	0	.5779157	.3652111	.05687327	0
872.15	0	.5795611	.3635516	.05688732	0
871.15	0	.5811966	.3619036	.05689984	0
870.15	0	.582822	.3602672	.05691085	0
869.15	0	.584437	.3586426	.05692037	0
868.15	0	.5860415	.3570301	.05692842	0
867.15	0	.5876353	.3554297	.05693501	0
866.15	0	.5892181	.3538417	.05694017	0
865.15	0	.59079	.3522661	.05694391	0
864.15	0	.5923506	.3507032	.05694625	0
863.15	0	.5938998	.349153	.0569472	0
862.15	0	.5954376	.3476157	.0569468	0
861.15	0	.5969637	.3460913	.05694505	0
860.15	0	.598478	.34458	.05694198	0
859.15	0	.5999805	.3430819	.05693761	0
858.15	0	.601471	.3415971	.05693194	0
857.15	0	.6029495	.3401255	.05692501	0
856.15	0	.6044158	.3386674	.05691683	0
855.15	0	.6058698	.3372228	.05690742	0
854.15	0	.6073116	.3357916	.0568968	0
853.15	0	.608741	.3343741	.05688499	0
852.15	0	.6101579	.3329701	.05687201	0
851.15	0	.6115624	.3315797	.05685787	0
850.15	0	.6129544	.330203	.05684259	0
849.15	0	.6143338	.32884	.0568262	0
848.15	0	.6157007	.3274906	.0568087	0
847.15	0	.617055	.3261549	.05679012	0
846.15	0	.6183966	.3248329	.05677048	0
845.15	0	.6197257	.3235245	.0567498	0
844.15	0	.6210421	.3222298	.05672808	0
843.15	0	.622346	.3209487	.05670536	0
842.15	0	.6236372	.3196811	.05668164	0
841.15	0	.6249159	.3184271	.05665694	0
840.15	0	.626182	.3171867	.05663128	0
839.15	0	.6274357	.3159597	.05660468	0
838.15	0	.6286768	.3147461	.05657716	0
837.15	0	.6299055	.3135458	.05654872	0
836.15	0	.6311218	.3123589	.05651939	0
835.15	0	.6323257	.3111851	.05648918	0
834.15	0	.6335173	.3100246	.0564581	0
833.15	0	.6346967	.3088771	.05642618	0
832.15	0	.635864	.3077426	.05639343	0
831.15	0	.6370191	.3066211	.05635986	0
830.15	0	.6381621	.3055124	.05632548	0
829.15	0	.6392932	.3044165	.05629031	0
828.15	0	.6404124	.3033332	.05625437	0
827.15	0	.6415198	.3022625	.05621767	0
826.15	0	.6426155	.3012043	.05618022	0
825.15	0	.6436995	.3001585	.05614204	0
824.15	0	.6447719	.299125	.05610313	0
823.15	0	.6458329	.2981036	.05606352	0
822.15	0	.6468825	.2970943	.05602321	0
821.15	0	.6479208	.296097	.05598222	0
820.15	0	.6489478	.2951116	.05594055	0
819.15	0	.6499639	.2941379	.05589823	0
818.15	0	.6509688	.2931759	.05585526	0
817.15	0	.6519629	.2922254	.05581166	0
816.15	0	.6529462	.2912863	.05576743	0
815.15	0	.6539188	.2903586	.05572259	0
814.15	0	.6548808	.289442	.05567715	0
813.15	0	.6558323	.2885366	.05563111	0
812.15	0	.6567734	.2876421	.0555845	0
811.15	0	.6577042	.2867585	.05553731	0
810.15	0	.6586249	.2858856	.05548957	0
809.15	0	.6595354	.2850233	.05544127	0
808.15	0	.660436	.2841716	.05539243	0
807.15	0	.6613267	.2833302	.05534307	0
806.15	0	.6622077	.2824991	.05529318	0
805.15	0	.663079	.2816783	.05524278	0
804.15	0	.6639407	.2808674	.05519188	0
803.15	0	.664793	.2800665	.05514049	0
802.15	0	.6656359	.2792755	.05508861	0
801.15	0	.6664697	.2784941	.05503625	0
800.15	0	.6672942	.2777224	.05498343	0
799.15	0	.6681098	.2769601	.05493015	0
798.15	0	.6689164	.2762072	.05487642	0
797.15	0	.6697141	.2754636	.05482226	0
796.15	0	.6705032	.2747292	.05476765	0
795.15	0	.6712836	.2740038	.05471262	0
794.15	0	.6720555	.2732874	.05465718	0
793.15	0	.6728189	.2725798	.05460132	0
792.15	0	.673574	.2718809	.05454506	0
791.15	0	.6743209	.2711907	.05448841	0
790.15	0	.6750596	.270509	.05443137	0
789.15	0	.6757903	.2698358	.05437396	0
788.15	0	.676513	.2691708	.05431617	0
787.15	0	.6772279	.2685141	.05425802	0
786.15	0	.677935	.2678655	.05419951	0
785.15	0	.6786344	.267225	.05414065	0
784.15	0	.6793262	.2665924	.05408145	0
783.15	0	.6800105	.2659676	.05402191	0
782.15	0	.6806874	.2653505	.05396204	0
781.15	0	.681357	.2647411	.05390185	0
780.15	0	.6820194	.2641393	.05384135	0
779.15	0	.6826745	.2635449	.05378054	0
778.15	0	.6833227	.2629579	.05371942	0
777.15	0	.6839638	.2623782	.05365802	0
776.15	0	.684598	.2618057	.05359632	0
775.15	0	.6852254	.2612403	.05353434	0
774.15	0	.685846	.2606819	.05347208	0
773.15	0	.68646	.2601305	.05340955	0
772.15	0	.6870674	.2595859	.05334676	0
771.15	0	.6876682	.2590481	.05328372	0
770.15	0	.6882626	.258517	.05322042	0
769.15	0	.6888507	.2579925	.05315688	0
768.15	0	.6894324	.2574745	.0530931	0
767.15	0	.6900079	.256963	.05302908	0
766.15	0	.6905773	.2564579	.05296484	0
765.15	0	.6911406	.2559591	.05290038	0
764.15	0	.6916978	.2554665	.0528357	0
763.15	0	.6922491	.25498	.05277081	0
762.15	0	.6927946	.2544997	.05270572	0
761.6229	0	.6930798	.2542489	.05267133	0
761.6229	0	.6930798	.2542489	.05267133	0
761.6229	0	.6930798	.2542489	.05267133	0
761.15	0	.6945413	.2522589	.05206934	.001130456
760.15	0	.6975833	.2481069	.05080884	.003500915
759.15	0	.7005602	.2440303	.04956517	.005844377
758.15	0	.7034734	.2400273	.04833801	.008161275
757.15	0	.7063245	.2360964	.04712708	.01045204
756.15	0	.7091148	.2322361	.04593209	.01271707
755.15	0	.7118457	.2284447	.04475276	.0149568
754.15	0	.7145186	.224721	.0435888	.01717163
753.15	0	.7171348	.2210633	.04243995	.01936193
752.15	0	.7196956	.2174703	.04130594	.02152811
751.15	0	.7222023	.2139407	.04018651	.02367055
750.15	0	.724656	.210473	.0390814	.02578961
749.15	0	.7270579	.2070661	.03799035	.02788567
748.15	0	.7294093	.2037185	.03691313	.02995908
747.15	0	.7317113	.2004291	.03584948	.03201021
746.15	0	.7339649	.1971965	.03479916	.03403939
745.15	0	.7361714	.1940197	.03376195	.03604697
744.15	0	.7383317	.1908974	.0327376	.03803329
743.15	0	.7404469	.1878285	.03172589	.03999868
742.15	0	.742518	.1848119	.0307266	.04194346
741.15	0	.7445461	.1818465	.0297395	.04386796
740.15	0	.746532	.1789312	.02876439	.04577248
739.15	0	.7484767	.1760649	.02780104	.04765734
738.15	0	.7503813	.1732466	.02684925	.04952284
737.15	0	.7522465	.1704754	.02590881	.05136928
736.15	0	.7540733	.1677503	.02497953	.05319696
735.15	0	.7558625	.1650702	.0240612	.05500616
734.15	0	.757615	.1624342	.02315364	.05679717
733.15	0	.7593316	.1598415	.02225664	.05857027
732.15	0	.7610132	.1572911	.02137002	.06032574
731.15	0	.7626604	.1547822	.0204936	.06206385
730.15	0	.7642742	.1523138	.0196272	.06378486
729.15	0	.7658552	.1498852	.01877063	.06548903
728.15	0	.7674042	.1474955	.01792372	.06717663
727.15	0	.7689219	.1451439	.01708631	.06884791
726.15	0	.770409	.1428297	.01625822	.07050312
725.15	0	.7718662	.140552	.01543928	.07214251
724.15	0	.7732943	.1383101	.01462934	.07376631
723.15	0	.7746937	.1361032	.01382823	.07537477
722.15	0	.7760653	.1339308	.01303581	.07696812
721.15	0	.7774096	.1317919	.0122519	.07854659
720.15	0	.7787272	.129686	.01147637	.0801104
719.15	0	.7800187	.1276124	.01070906	.08165979
718.15	0	.7812848	.1255704	.009949832	.08319496
717.15	0	.7825259	.1235594	.009198539	.08471614
716.15	0	.7837427	.1215787	.008455043	.08622354
715.15	0	.7849357	.1196277	.007719206	.08771737
714.15	0	.7861055	.1177058	.006990892	.08919783
713.15	0	.7872525	.1158125	.00626997	.09066512
712.15	0	.7883772	.113947	.005556309	.09211944
711.15	0	.7894802	.112109	.004849783	.09356099
710.15	0	.790562	.1102978	.004150266	.09498997
709.15	0	.791623	.1085128	.003457635	.09640655
708.15	0	.7926637	.1067536	.002771771	.09781093
707.15	0	.7936845	.1050197	.002092556	.09920329
706.15	0	.7946859	.1033104	.001419873	.1005838
705.15	0	.7956683	.1016254	7.536104E-04	.1019527
704.15	0	.7966322	.09996416	9.365578E-05	.10331
704.0073	0	.7967682	.09972904	0	.1035028
704.0073	0	.7967682	.09972904	0	.1035028
703.15	0	.7968338	.0994545	0	.1037117
702.15	0	.7969074	.09914074	0	.1039518
701.15	0	.7969779	.09883383	0	.1041882
700.15	0	.7970454	.09853365	0	.1044209
699.15	0	.79711	.0982401	0	.10465
698.15	0	.7971716	.09795304	0	.1048754
697.15	0	.7972303	.09767239	0	.1050973
696.15	0	.7972863	.09739802	0	.1053157
695.15	0	.7973395	.09712983	0	.1055307
694.15	0	.79739	.09686771	0	.1057423
693.15	0	.7974378	.09661157	0	.1059506
692.15	0	.7974831	.09636129	0	.1061556
691.15	0	.7975258	.09611677	0	.1063574
690.15	0	.7975661	.09587793	0	.106556
689.15	0	.7976039	.09564465	0	.1067515
688.15	0	.7976393	.09541685	0	.1069439
687.15	0	.7976723	.09519443	0	.1071333
686.15	0	.7977031	.09497729	0	.1073196
685.15	0	.7977315	.09476535	0	.1075031
684.15	0	.7977578	.09455851	0	.1076837
683.15	0	.7977818	.09435669	0	.1078615
682.15	0	.7978038	.0941598	0	.1080364
681.15	0	.7978236	.09396775	0	.1082087
680.15	0	.7978414	.09378045	0	.1083782
679.15	0	.7978571	.09359784	0	.1085451
678.15	0	.7978709	.09341981	0	.1087093
677.15	0	.7978827	.0932463	0	.108871
676.15	0	.7978926	.09307723	0	.1090302
675.15	0	.7979006	.0929125	0	.1091869
674.15	0	.7979068	.09275206	0	.1093411
673.15	0	.7979112	.09259582	0	.109493
672.15	0	.7979138	.09244371	0	.1096425
671.15	0	.7979147	.09229565	0	.1097896
670.15	0	.7979139	.09215158	0	.1099345
669.15	0	.7979114	.09201142	0	.1100772
668.15	0	.7979073	.0918751	0	.1102176
667.15	0	.7979015	.09174256	0	.1103559
666.15	0	.7978942	.09161373	0	.1104921
665.15	0	.7978853	.09148854	0	.1106262
664.15	0	.7978749	.09136693	0	.1107582
663.15	0	.797863	.09124882	0	.1108882
662.15	0	.7978496	.09113417	0	.1110163
661.15	0	.7978347	.0910229	0	.1111424
660.15	0	.7978185	.09091496	0	.1112666
659.15	0	.7978009	.09081028	0	.1113889
658.15	0	.7977819	.09070881	0	.1115093
657.15	0	.7977615	.09061049	0	.111628
656.15	0	.7977399	.09051526	0	.1117449
655.15	0	.7977169	.09042307	0	.11186
654.15	0	.7976927	.09033385	0	.1119735
653.15	0	.7976672	.09024756	0	.1120852
652.15	0	.7976406	.09016414	0	.1121953
651.15	0	.7976127	.09008354	0	.1123038
650.15	0	.7975836	.09000571	0	.1124107
649.15	0	.7975534	.08993059	0	.112516
648.15	0	.797522	.08985814	0	.1126198
647.15	0	.7974896	.08978831	0	.1127221
646.15	0	.797456	.08972104	0	.112823
645.15	0	.7974214	.0896563	0	.1129223
644.15	0	.7973857	.08959403	0	.1130203
643.15	0	.797349	.08953419	0	.1131169
642.15	0	.7973112	.08947673	0	.1132121
641.15	0	.7972725	.08942161	0	.1133059
640.15	0	.7972327	.08936878	0	.1133985
639.15	0	.797192	.08931821	0	.1134898
638.15	0	.7971504	.08926984	0	.1135798
637.15	0	.7971078	.08922364	0	.1136685
636.15	0	.7970644	.08917956	0	.1137561
635.15	0	.79702	.08913757	0	.1138424
634.15	0	.7969748	.08909763	0	.1139276
633.15	0	.7969287	.08905969	0	.1140117
632.15	0	.7968817	.08902372	0	.1140946
631.15	0	.7968339	.08898969	0	.1141764
630.15	0	.7967853	.08895755	0	.1142572
629.15	0	.7967359	.08892726	0	.1143368
628.15	0	.7966857	.08889879	0	.1144155
627.15	0	.7966348	.08887212	0	.1144931
626.15	0	.7965831	.08884719	0	.1145698
625.15	0	.7965306	.08882398	0	.1146454
624.15	0	.7964774	.08880245	0	.1147201
623.15	0	.7964235	.08878258	0	.1147939
622.15	0	.7963689	.08876432	0	.1148668
621.15	0	.7963136	.08874765	0	.1149387
620.15	0	.7962576	.08873253	0	.1150098
619.15	0	.796201	.08871894	0	.11508
618.15	0	.7961437	.08870684	0	.1151494
617.15	0	.7960858	.0886962	0	.115218
616.15	0	.7960273	.088687	0	.1152857
615.15	0	.7959681	.08867921	0	.1153527
614.15	0	.7959083	.08867279	0	.1154189
613.15	0	.795848	.08866772	0	.1154843
612.15	0	.795787	.08866397	0	.115549
611.15	0	.7957255	.08866151	0	.115613
610.15	0	.7956635	.08866033	0	.1156762
609.15	0	.7956009	.08866038	0	.1157388
608.15	0	.7955377	.08866165	0	.1158006
607.15	0	.795474	.08866412	0	.1158619
606.15	0	.7954098	.08866775	0	.1159224
605.15	0	.7953452	.08867251	0	.1159823
604.15	0	.79528	.0886784	0	.1160416
603.15	0	.7952143	.08868538	0	.1161003
602.15	0	.7951481	.08869343	0	.1161584
601.15	0	.7950815	.08870252	0	.116216
600.15	0	.7950145	.08871264	0	.1162729
599.15	0	.794947	.08872376	0	.1163293
598.15	0	.794879	.08873587	0	.1163851
597.15	0	.7948106	.08874893	0	.1164405
596.15	0	.7947418	.08876293	0	.1164953
595.15	0	.7946726	.08877784	0	.1165496
594.15	0	.794603	.08879365	0	.1166034
593.15	0	.794533	.08881034	0	.1166567
592.15	0	.7944626	.08882788	0	.1167095
591.15	0	.7943918	.08884626	0	.1167619
590.15	0	.7943207	.08886546	0	.1168138
589.15	0	.7942492	.08888545	0	.1168653
588.15	0	.7941774	.08890623	0	.1169164
587.15	0	.7941052	.08892777	0	.1169671
586.15	0	.7940326	.08895005	0	.1170173
585.15	0	.7939598	.08897305	0	.1170672
584.15	0	.7938866	.08899677	0	.1171166
583.15	0	.7938131	.08902117	0	.1171657
582.15	0	.7937393	.08904625	0	.1172144
581.15	0	.7936653	.08907198	0	.1172628
580.15	0	.7935909	.08909836	0	.1173108
579.15	0	.7935162	.08912536	0	.1173584
578.15	0	.7934413	.08915296	0	.1174058
577.15	0	.7933661	.08918116	0	.1174528
576.15	0	.7932906	.08920994	0	.1174995
575.15	0	.7932149	.08923928	0	.1175458
574.15	0	.7931389	.08926917	0	.1175919
573.15	0	.7930627	.08929959	0	.1176377
572.15	0	.7929862	.08933053	0	.1176832
571.15	0	.7929096	.08936197	0	.1177285
570.15	0	.7928327	.0893939	0	.1177734
569.15	0	.7927556	.0894263	0	.1178182
568.15	0	.7926782	.08945917	0	.1178626
567.15	0	.7926007	.08949248	0	.1179068
566.15	0	.792523	.08952623	0	.1179508
565.15	0	.7924451	.0895604	0	.1179945
564.15	0	.792367	.08959498	0	.1180381
563.15	0	.7922887	.08962996	0	.1180814
562.15	0	.7922102	.08966532	0	.1181245
561.15	0	.7921316	.08970105	0	.1181673
560.15	0	.7920528	.08973714	0	.11821
559.15	0	.7919739	.08977358	0	.1182525
558.15	0	.7918948	.08981035	0	.1182948
557.15	0	.7918156	.08984745	0	.118337
556.15	0	.7917362	.08988485	0	.1183789
555.15	0	.7916567	.08992256	0	.1184207
554.15	0	.7915771	.08996056	0	.1184623
553.15	0	.7914974	.08999884	0	.1185038
552.15	0	.7914175	.09003738	0	.1185451
551.15	0	.7913375	.09007618	0	.1185863
550.15	0	.7912574	.09011523	0	.1186273
549.15	0	.7911773	.09015451	0	.1186682
548.15	0	.791097	.09019402	0	.118709
547.15	0	.7910166	.09023375	0	.1187496
546.15	0	.7909362	.09027368	0	.1187901
545.15	0	.7908556	.09031381	0	.1188306
544.15	0	.790775	.09035412	0	.1188709
543.15	0	.7906944	.09039461	0	.118911
542.15	0	.7906136	.09043527	0	.1189511
541.15	0	.7905328	.09047608	0	.1189911
540.15	0	.790452	.09051704	0	.119031
539.15	0	.7903711	.09055815	0	.1190708
538.15	0	.7902901	.09059938	0	.1191105
537.15	0	.7902091	.09064074	0	.1191502
536.15	0	.7901281	.0906822	0	.1191897
535.15	0	.790047	.09072378	0	.1192292
534.15	0	.7899659	.09076544	0	.1192687
533.15	0	.7898848	.0908072	0	.119308
532.15	0	.7898037	.09084903	0	.1193473
531.15	0	.7897225	.09089094	0	.1193866
530.15	0	.7896414	.09093291	0	.1194257
529.15	0	.7895602	.09097494	0	.1194649
528.15	0	.789479	.09101701	0	.119504
527.15	0	.7893979	.09105912	0	.119543
526.15	0	.7893167	.09110126	0	.119582
525.15	0	.7892356	.09114343	0	.119621
524.15	0	.7891545	.09118562	0	.1196599
523.15	0	.7890733	.09122781	0	.1196989
522.15	0	.7889923	.09127001	0	.1197377
521.15	0	.7889112	.0913122	0	.1197766
520.15	0	.7888302	.09135438	0	.1198154
519.15	0	.7887492	.09139654	0	.1198543
518.15	0	.7886683	.09143868	0	.1198931
517.15	0	.7885874	.09148078	0	.1199319
516.15	0	.7885065	.09152285	0	.1199706
515.15	0	.7884257	.09156486	0	.1200094
514.15	0	.788345	.09160683	0	.1200482
513.15	0	.7882643	.09164874	0	.120087
512.15	0	.7881837	.09169058	0	.1201257
511.15	0	.7881031	.09173235	0	.1201645
510.15	0	.7880227	.09177404	0	.1202033
509.15	0	.7879423	.09181565	0	.1202421
508.15	0	.7878622	.09185727	0	.1202805
507.15	0	.787782	.09189869	0	.1203194
506.15	0	.7877018	.09194	0	.1203582
505.15	0	.7876217	.09198121	0	.1203971
504.15	0	.7875418	.09202231	0	.1204359
503.15	0	.7874619	.09206329	0	.1204748
502.15	0	.7873821	.09210414	0	.1205138
501.15	0	.7873024	.09214486	0	.1205527
500.15	0	.7872229	.09218544	0	.1205917
499.15	0	.7871434	.09222588	0	.1206307
498.15	0	.7870641	.09226618	0	.1206697
497.15	0	.7869849	.09230632	0	.1207088
496.15	0	.7869058	.0923463	0	.1207479
495.15	0	.7868268	.09238613	0	.120787
494.15	0	.786748	.09242578	0	.1208262
493.15	0	.7866693	.09246526	0	.1208654
492.15	0	.7865907	.09250456	0	.1209047
491.15	0	.7865123	.09254368	0	.120944
490.15	0	.786434	.09258261	0	.1209834
489.15	0	.7863559	.09262135	0	.1210228
488.15	0	.7862779	.09265989	0	.1210622
487.15	0	.7862	.09269823	0	.1211017
486.15	0	.7861224	.09273635	0	.1211413
485.15	0	.7860448	.09277427	0	.1211809
484.15	0	.7859675	.09281198	0	.1212206
483.15	0	.7858903	.09284946	0	.1212603
482.15	0	.7858132	.09288671	0	.1213
481.15	0	.7857364	.09292374	0	.1213399
480.15	0	.7856597	.09296053	0	.1213798
479.15	0	.7855832	.09299709	0	.1214197
478.15	0	.7855068	.0930334	0	.1214598
477.15	0	.7854307	.09306946	0	.1214998
476.15	0	.7853547	.09310528	0	.12154
475.15	0	.785279	.09314084	0	.1215802
474.15	0	.7852034	.09317614	0	.1216205
473.15	0	.785128	.09321117	0	.1216608
472.15	0	.7850528	.09324594	0	.1217012
471.15	0	.7849778	.09328044	0	.1217417
470.15	0	.7849031	.09331467	0	.1217823
469.15	0	.7848285	.09334861	0	.1218229
468.15	0	.7847541	.09338228	0	.1218636
467.15	0	.7846799	.09341565	0	.1219044
466.15	0	.784606	.09344874	0	.1219453
465.15	0	.7845323	.09348154	0	.1219862
464.15	0	.7844588	.09351403	0	.1220272
463.15	0	.7843855	.09354623	0	.1220683
462.15	0	.7843124	.09357813	0	.1221094
461.15	0	.7842396	.09360971	0	.1221507
460.15	0	.784167	.09364099	0	.122192
459.15	0	.7840946	.09367195	0	.1222334
458.15	0	.7840225	.0937026	0	.1222749
457.15	0	.7839506	.09373292	0	.1223165
456.15	0	.783879	.09376292	0	.1223581
455.15	0	.7838076	.0937926	0	.1223999
454.15	0	.7837364	.09382194	0	.1224417
453.15	0	.7836655	.09385095	0	.1224836
452.15	0	.7835948	.09387962	0	.1225256
451.15	0	.7835244	.09390796	0	.1225676
450.15	0	.7834543	.09393595	0	.1226098
449.15	0	.7833844	.09396351	0	.1226521
448.15	0	.7833149	.09399069	0	.1226944
447.15	0	.7832456	.09401751	0	.1227369
446.15	0	.7831767	.09404395	0	.1227794
445.15	0	.783108	.09406999	0	.122822
444.15	0	.7830396	.09409564	0	.1228648
443.15	0	.7829715	.09412088	0	.1229076
442.15	0	.7829038	.09414569	0	.1229505
441.15	0	.7828364	.09417007	0	.1229936
440.15	0	.7827693	.09419401	0	.1230367
439.15	0	.7827026	.0942175	0	.1230799
438.15	0	.7826362	.09424053	0	.1231233
437.15	0	.7825702	.09426309	0	.1231667
436.15	0	.7825045	.09428518	0	.1232103
435.15	0	.7824392	.09430679	0	.123254
434.15	0	.7823743	.0943279	0	.1232978
433.15	0	.7823098	.09434852	0	.1233416
432.15	0	.7822457	.09436863	0	.1233857
431.15	0	.782182	.09438824	0	.1234298
430.15	0	.7821187	.09440733	0	.123474
429.15	0	.7820558	.0944259	0	.1235184
428.15	0	.7819932	.09444394	0	.1235628
427.15	0	.7819312	.09446145	0	.1236074
426.15	0	.7818695	.09447842	0	.1236521
425.15	0	.7818082	.09449486	0	.1236969
424.15	0	.7817474	.09451074	0	.1237418
423.15	0	.7816871	.09452608	0	.1237869
422.15	0	.7816271	.09454087	0	.123832
421.15	0	.7815676	.0945551	0	.1238773
420.15	0	.7815085	.09456878	0	.1239227
419.15	0	.7814499	.09458189	0	.1239682
418.15	0	.7813917	.09459444	0	.1240138
417.15	0	.781334	.09460642	0	.1240596
416.15	0	.7812767	.09461783	0	.1241054
415.15	0	.7812199	.09462867	0	.1241514
414.15	0	.7811635	.09463894	0	.1241975
413.15	0	.7811076	.09464864	0	.1242437
412.15	0	.7810522	.09465776	0	.12429
411.15	0	.7809972	.09466631	0	.1243365
410.15	0	.7809427	.09467428	0	.1243831
409.15	0	.7808886	.09468167	0	.1244297
408.15	0	.780835	.09468849	0	.1244765
