T	 BPW(LIQUID)	BPW(BCC_A2)	BPW(FCC_A1)	BPW(LAVES_PHASE_C14)	BPW(NI3TI)
1473.15	.1787182	.7945732	0	.02670861	0
1472.15	.1729153	.7983237	0	.02876096	0
1471.15	.1672233	.8019962	0	.03078053	0
1470.15	.161639	.8055928	0	.03276825	0
1469.15	.1561595	.8091155	0	.03472505	0
1468.15	.1507819	.8125663	0	.03665177	0
1467.15	.1455036	.8159472	0	.03854928	0
1466.15	.1403217	.81926	0	.04041837	0
1465.15	.1352337	.8225065	0	.04225983	0
1464.15	.1302372	.8256884	0	.04407441	0
1463.15	.1253297	.8288075	0	.04586284	0
1462.15	.1205088	.8318653	0	.04762583	0
1461.15	.1157725	.8348635	0	.04936406	0
1460.15	.1111184	.8378035	0	.05107818	0
1459.15	.1065444	.8406867	0	.05276882	0
1458.15	.1020487	.8435147	0	.0544366	0
1457.15	.09762904	.8462888	0	.05608212	0
1456.15	.09328369	.8490104	0	.05770594	0
1455.15	.08901075	.8516806	0	.05930863	0
1454.15	.08480845	.8543009	0	.06089071	0
1453.15	.08067504	.8568723	0	.06245271	0
1452.15	.07660886	.859396	0	.06399513	0
1451.15	.07260829	.8618733	0	.06551846	0
1450.15	.06867173	.8643051	0	.06702318	0
1449.15	.06479768	.8666926	0	.06850973	0
1448.15	.06098464	.8690368	0	.06997856	0
1447.15	.05723119	.8713387	0	.07143009	0
1446.15	.05353592	.8735993	0	.07286476	0
1445.15	.04989749	.8758196	0	.07428295	0
1444.15	.04631459	.8780003	0	.07568506	0
1443.15	.04278594	.8801426	0	.07707147	0
1442.15	.03931031	.8822472	0	.07844254	0
1441.15	.03588649	.8843149	0	.07979863	0
1440.15	.03251333	.8863466	0	.0811401	0
1439.15	.02918968	.8883431	0	.08246727	0
1438.15	.02591446	.8903051	0	.08378047	0
1437.15	.02268658	.8922334	0	.08508001	0
1436.15	.01950501	.8941288	0	.08636622	0
1435.15	.01636874	.8959919	0	.08763937	0
1434.15	.01327679	.8978234	0	.08889977	0
1433.15	.0102282	.8996241	0	.0901477	0
1432.15	.00722204	.9013945	0	.09138342	0
1431.15	.004257412	.9031354	0	.09260722	0
1430.15	.001333433	.9048472	0	.09381934	0
1429.689	0	.9056262	0	.09437382	0
1429.689	0	.9056262	0	.09437382	0
1429.15	0	.9052479	0	.09475206	0
1428.15	0	.904548	0	.09545201	0
1427.15	0	.9038498	0	.09615025	0
1426.15	0	.9031532	0	.09684677	0
1425.15	0	.9024584	0	.09754159	0
1424.15	0	.9017653	0	.09823471	0
1423.15	0	.9010739	0	.09892615	0
1422.15	0	.9003841	0	.09961589	0
1421.15	0	.899696	0	.100304	0
1420.15	0	.8990096	0	.1009904	0
1419.15	0	.8983249	0	.1016751	0
1418.15	0	.8976419	0	.1023581	0
1417.15	0	.8969605	0	.1030395	0
1416.15	0	.8962807	0	.1037193	0
1415.15	0	.8956026	0	.1043974	0
1414.15	0	.8949261	0	.1050739	0
1413.15	0	.8942513	0	.1057487	0
1412.15	0	.8935781	0	.1064219	0
1411.15	0	.8929065	0	.1070935	0
1410.15	0	.8922365	0	.1077635	0
1409.15	0	.8915682	0	.1084318	0
1408.15	0	.8909014	0	.1090986	0
1407.15	0	.8902363	0	.1097637	0
1406.15	0	.8895727	0	.1104273	0
1405.15	0	.8889107	0	.1110893	0
1404.15	0	.8882504	0	.1117496	0
1403.15	0	.8875916	0	.1124084	0
1402.15	0	.8869343	0	.1130657	0
1401.15	0	.8862787	0	.1137213	0
1400.15	0	.8856246	0	.1143754	0
1399.15	0	.884972	0	.115028	0
1398.15	0	.884321	0	.115679	0
1397.15	0	.8836716	0	.1163284	0
1396.15	0	.8830237	0	.1169763	0
1395.15	0	.8823773	0	.1176227	0
1394.15	0	.8817325	0	.1182675	0
1393.15	0	.8810892	0	.1189108	0
1392.15	0	.8804474	0	.1195526	0
1391.15	0	.8798071	0	.1201929	0
1390.15	0	.8791683	0	.1208317	0
1389.15	0	.8785311	0	.1214689	0
1388.15	0	.8778953	0	.1221047	0
1387.15	0	.877261	0	.122739	0
1386.15	0	.8766283	0	.1233717	0
1385.15	0	.875997	0	.124003	0
1384.15	0	.8753672	0	.1246328	0
1383.15	0	.8747388	0	.1252612	0
1382.15	0	.874112	0	.125888	0
1381.15	0	.8734866	0	.1265134	0
1380.15	0	.8728627	0	.1271373	0
1379.15	0	.8722402	0	.1277598	0
1378.15	0	.8716192	0	.1283808	0
1377.15	0	.8709996	0	.1290004	0
1376.15	0	.8703814	0	.1296186	0
1375.15	0	.8697647	0	.1302353	0
1374.15	0	.8691495	0	.1308505	0
1373.15	0	.8685356	0	.1314644	0
1372.15	0	.8679232	0	.1320768	0
1371.15	0	.8673122	0	.1326878	0
1370.15	0	.8667026	0	.1332974	0
1369.15	0	.8660945	0	.1339055	0
1368.15	0	.8654877	0	.1345123	0
1367.15	0	.8648823	0	.1351177	0
1366.15	0	.8642784	0	.1357216	0
1365.15	0	.8636758	0	.1363242	0
1364.15	0	.8630746	0	.1369254	0
1363.15	0	.8624748	0	.1375253	0
1362.15	0	.8618763	0	.1381237	0
1361.15	0	.8612792	0	.1387208	0
1360.15	0	.8606836	0	.1393165	0
1359.15	0	.8600892	0	.1399108	0
1358.15	0	.8594962	0	.1405038	0
1357.15	0	.8589046	0	.1410954	0
1356.15	0	.8583144	0	.1416856	0
1355.15	0	.8577255	0	.1422745	0
1354.15	0	.8571379	0	.1428621	0
1353.15	0	.8565516	0	.1434484	0
1352.15	0	.8559667	0	.1440333	0
1351.15	0	.8553832	0	.1446168	0
1350.15	0	.8548009	0	.1451991	0
1349.15	0	.85422	0	.14578	0
1348.15	0	.8536404	0	.1463596	0
1347.15	0	.8530621	0	.1469379	0
1346.15	0	.8524851	0	.1475149	0
1345.15	0	.8519094	0	.1480906	0
1344.15	0	.851335	0	.1486649	0
1343.15	0	.850762	0	.149238	0
1342.15	0	.8501902	0	.1498098	0
1341.15	0	.8496197	0	.1503803	0
1340.15	0	.8490505	0	.1509495	0
1339.15	0	.8484825	0	.1515175	0
1338.15	0	.8479159	0	.1520841	0
1337.15	0	.8473505	0	.1526495	0
1336.15	0	.8467864	0	.1532136	0
1335.15	0	.8462235	0	.1537765	0
1334.15	0	.8456619	0	.1543381	0
1333.15	0	.8451016	0	.1548984	0
1332.15	0	.8445425	0	.1554575	0
1331.15	0	.8439847	0	.1560153	0
1330.15	0	.8434281	0	.1565719	0
1329.15	0	.8428727	0	.1571273	0
1328.15	0	.8423186	0	.1576814	0
1327.15	0	.8417658	0	.1582343	0
1326.15	0	.8412141	0	.1587859	0
1325.15	0	.8406637	0	.1593363	0
1324.15	0	.8401145	0	.1598855	0
1323.15	0	.8395665	0	.1604335	0
1322.15	0	.8390197	0	.1609803	0
1321.15	0	.8384742	0	.1615258	0
1320.15	0	.8379299	0	.1620701	0
1319.15	0	.8373867	0	.1626133	0
1318.15	0	.8368448	0	.1631552	0
1317.15	0	.836304	0	.163696	0
1316.15	0	.8357645	0	.1642355	0
1315.15	0	.8352261	0	.1647739	0
1314.15	0	.834689	0	.165311	0
1313.15	0	.834153	0	.165847	0
1312.15	0	.8336182	0	.1663818	0
1311.15	0	.8330845	0	.1669155	0
1310.15	0	.8325521	0	.1674479	0
1309.15	0	.8320208	0	.1679792	0
1308.15	0	.8314906	0	.1685094	0
1307.15	0	.8309617	0	.1690383	0
1306.15	0	.8304339	0	.1695661	0
1305.15	0	.8299072	0	.1700928	0
1304.15	0	.8293817	0	.1706183	0
1303.15	0	.8288574	0	.1711426	0
1302.15	0	.8283341	0	.1716659	0
1301.15	0	.8278121	0	.1721879	0
1300.15	0	.8272911	0	.1727089	0
1299.15	0	.8267713	0	.1732287	0
1298.15	0	.8262527	0	.1737473	0
1297.15	0	.8257351	0	.1742649	0
1296.15	0	.8252187	0	.1747813	0
1295.15	0	.8247034	0	.1752966	0
1294.15	0	.8241893	0	.1758108	0
1293.15	0	.8236762	0	.1763238	0
1292.15	0	.8231642	0	.1768358	0
1291.15	0	.8226534	0	.1773466	0
1290.15	0	.8221437	0	.1778563	0
1289.15	0	.821635	0	.178365	0
1288.15	0	.8211275	0	.1788725	0
1287.15	0	.820621	0	.179379	0
1286.15	0	.8201157	0	.1798843	0
1285.15	0	.8196114	0	.1803886	0
1284.15	0	.8191083	0	.1808918	0
1283.15	0	.8186062	0	.1813938	0
1282.15	0	.8181052	0	.1818948	0
1281.15	0	.8176052	0	.1823948	0
1280.15	0	.8171064	0	.1828937	0
1279.15	0	.8166086	0	.1833914	0
1278.15	0	.8161118	0	.1838882	0
1277.15	0	.8156162	0	.1843838	0
1276.15	0	.8151216	0	.1848784	0
1275.15	0	.814628	0	.185372	0
1274.15	0	.8141356	0	.1858645	0
1273.15	0	.8136441	0	.1863559	0
1272.15	0	.8131537	0	.1868463	0
1271.15	0	.8126644	0	.1873356	0
1270.15	0	.8121761	0	.1878239	0
1269.15	0	.8116889	0	.1883112	0
1268.15	0	.8112026	0	.1887974	0
1267.15	0	.8107175	0	.1892825	0
1266.15	0	.8102333	0	.1897667	0
1265.15	0	.8097502	0	.1902498	0
1264.15	0	.8092681	0	.1907319	0
1263.15	0	.808787	0	.191213	0
1262.15	0	.808307	0	.191693	0
1261.15	0	.807828	0	.1921721	0
1260.15	0	.8073499	0	.1926501	0
1259.15	0	.8068729	0	.1931271	0
1258.15	0	.8063969	0	.1936031	0
1257.15	0	.8059219	0	.1940781	0
1256.15	0	.805448	0	.194552	0
1255.15	0	.804975	0	.195025	0
1254.15	0	.804503	0	.195497	0
1253.15	0	.804032	0	.195968	0
1252.15	0	.803562	0	.196438	0
1251.15	0	.803093	0	.196907	0
1250.15	0	.802625	0	.197375	0
1249.15	0	.802158	0	.197842	0
1248.15	0	.8016919	0	.1983081	0
1247.15	0	.8012268	0	.1987732	0
1246.15	0	.8007627	0	.1992373	0
1245.15	0	.8002996	0	.1997004	0
1244.15	0	.7998375	0	.2001625	0
1243.15	0	.7993763	0	.2006237	0
1242.15	0	.7989161	0	.2010839	0
1241.15	0	.7984568	0	.2015432	0
1240.15	0	.7979985	0	.2020015	0
1239.15	0	.7975412	0	.2024588	0
1238.15	0	.7970848	0	.2029152	0
1237.15	0	.7966294	0	.2033706	0
1236.15	0	.7961749	0	.2038251	0
1235.15	0	.7957214	0	.2042786	0
1234.15	0	.7952688	0	.2047312	0
1233.15	0	.7948172	0	.2051828	0
1232.15	0	.7943665	0	.2056335	0
1231.15	0	.7939168	0	.2060833	0
1230.15	0	.7934679	0	.2065321	0
1229.15	0	.79302	0	.2069799	0
1228.15	0	.7925731	0	.2074269	0
1227.15	0	.7921271	0	.2078729	0
1226.15	0	.791682	0	.208318	0
1225.15	0	.7912378	0	.2087622	0
1224.15	0	.7907946	0	.2092055	0
1223.15	0	.7903522	0	.2096478	0
1222.15	0	.7899108	0	.2100892	0
1221.15	0	.7894703	0	.2105297	0
1220.15	0	.7890307	0	.2109693	0
1219.15	0	.788592	0	.211408	0
1218.15	0	.7881543	0	.2118457	0
1217.15	0	.7877174	0	.2122826	0
1216.15	0	.7872814	0	.2127186	0
1215.15	0	.7868464	0	.2131536	0
1214.15	0	.7864122	0	.2135878	0
1213.15	0	.7859789	0	.2140211	0
1212.15	0	.7855466	0	.2144534	0
1211.15	0	.7851151	0	.2148849	0
1210.15	0	.7846845	0	.2153155	0
1209.15	0	.7842548	0	.2157452	0
1208.15	0	.783826	0	.2161741	0
1207.15	0	.783398	0	.216602	0
1206.15	0	.782971	0	.2170291	0
1205.15	0	.7825448	0	.2174552	0
1204.15	0	.7821195	0	.2178805	0
1203.15	0	.781695	0	.218305	0
1202.15	0	.7812715	0	.2187285	0
1201.15	0	.7808488	0	.2191512	0
1200.15	0	.780427	0	.219573	0
1199.15	0	.780006	0	.219994	0
1198.15	0	.7795859	0	.2204141	0
1197.15	0	.7791667	0	.2208333	0
1196.15	0	.7787483	0	.2212517	0
1195.15	0	.7783308	0	.2216692	0
1194.15	0	.7779141	0	.2220859	0
1193.15	0	.7774983	0	.2225017	0
1192.15	0	.7770833	0	.2229167	0
1191.15	0	.7766692	0	.2233308	0
1190.15	0	.7762559	0	.2237441	0
1189.15	0	.7758435	0	.2241565	0
1188.15	0	.7754319	0	.2245681	0
1187.15	0	.7750212	0	.2249788	0
1186.15	0	.7746113	0	.2253887	0
1185.15	0	.7742022	0	.2257978	0
1184.15	0	.773794	0	.226206	0
1183.15	0	.7733866	0	.2266134	0
1182.15	0	.77298	0	.22702	0
1181.15	0	.7725743	0	.2274257	0
1180.15	0	.7721693	0	.2278307	0
1179.15	0	.7717653	0	.2282348	0
1178.15	0	.771362	0	.228638	0
1177.15	0	.7709595	0	.2290405	0
1176.15	0	.7705579	0	.2294421	0
1175.15	0	.7701571	0	.2298429	0
1174.15	0	.7697571	0	.2302429	0
1173.15	0	.7693579	0	.2306421	0
1172.15	0	.7689595	0	.2310405	0
1171.15	0	.7685619	0	.2314381	0
1170.15	0	.7681652	0	.2318348	0
1169.15	0	.7677692	0	.2322308	0
1168.15	0	.7673741	0	.2326259	0
1167.15	0	.7669797	0	.2330203	0
1166.15	0	.7665862	0	.2334139	0
1165.15	0	.7661934	0	.2338066	0
1164.15	0	.7658014	0	.2341986	0
1163.15	0	.7654103	0	.2345897	0
1162.15	0	.7650199	0	.2349801	0
1161.15	0	.7646303	0	.2353697	0
1160.15	0	.7642415	0	.2357585	0
1159.15	0	.7638535	0	.2361465	0
1158.15	0	.7634663	0	.2365337	0
1157.15	0	.7630799	0	.2369201	0
1156.15	0	.7626942	0	.2373058	0
1155.15	0	.7623093	0	.2376907	0
1154.15	0	.7619252	0	.2380748	0
1153.15	0	.7615419	0	.2384581	0
1152.15	0	.7611593	0	.2388407	0
1151.15	0	.7607775	0	.2392225	0
1150.15	0	.7603965	0	.2396035	0
1149.15	0	.7600163	0	.2399837	0
1148.15	0	.7596368	0	.2403632	0
1147.15	0	.7592581	0	.2407419	0
1146.15	0	.7588802	0	.2411198	0
1145.15	0	.758503	0	.241497	0
1144.15	0	.7581266	0	.2418734	0
1143.15	0	.7577509	0	.2422491	0
1142.15	0	.757376	0	.242624	0
1141.15	0	.7570019	0	.2429981	0
1140.15	0	.7566285	0	.2433715	0
1139.15	0	.7562559	0	.2437441	0
1138.15	0	.755884	0	.244116	0
1137.15	0	.7555129	0	.2444871	0
1136.15	0	.7551425	0	.2448575	0
1135.15	0	.7547728	0	.2452272	0
1134.15	0	.7544039	0	.2455961	0
1133.15	0	.7540358	0	.2459642	0
1132.15	0	.7536684	0	.2463316	0
1131.15	0	.7533017	0	.2466983	0
1130.15	0	.7529358	0	.2470642	0
1129.15	0	.7525706	0	.2474295	0
1128.15	0	.7522061	0	.2477939	0
1127.15	0	.7518424	0	.2481576	0
1126.15	0	.7514794	0	.2485206	0
1125.15	0	.7511171	0	.2488829	0
1124.15	0	.7507556	0	.2492445	0
1123.15	0	.7503947	0	.2496053	0
1122.15	0	.7500347	0	.2499653	0
1121.15	0	.7496753	0	.2503247	0
1120.15	0	.7493167	0	.2506834	0
1119.15	0	.7489587	0	.2510413	0
1118.15	0	.7486015	0	.2513985	0
1117.15	0	.7482451	0	.2517549	0
1116.15	0	.7478893	0	.2521107	0
1115.15	0	.7475343	0	.2524657	0
1114.15	0	.7471799	0	.2528201	0
1113.15	0	.7468263	0	.2531737	0
1112.15	0	.7464734	0	.2535266	0
1111.15	0	.7461212	0	.2538788	0
1110.15	0	.7457697	0	.2542303	0
1109.15	0	.7454189	0	.2545811	0
1108.15	0	.7450688	0	.2549312	0
1107.15	0	.7447195	0	.2552805	0
1106.15	0	.7443708	0	.2556292	0
1105.15	0	.7440228	0	.2559772	0
1104.15	0	.7436755	0	.2563245	0
1103.15	0	.7433289	0	.2566711	0
1102.15	0	.7429831	0	.2570169	0
1101.15	0	.7426379	0	.2573621	0
1100.15	0	.7422934	0	.2577066	0
1099.15	0	.7419496	0	.2580504	0
1098.15	0	.7416065	0	.2583935	0
1097.15	0	.7412641	0	.2587359	0
1096.15	0	.7409224	0	.2590776	0
1095.15	0	.7405813	0	.2594187	0
1094.15	0	.740241	0	.259759	0
1093.15	0	.7399013	0	.2600987	0
1092.15	0	.7395623	0	.2604377	0
1091.15	0	.739224	0	.260776	0
1090.15	0	.7388864	0	.2611136	0
1089.15	0	.7385495	0	.2614505	0
1088.15	0	.7382132	0	.2617868	0
1087.15	0	.7378776	0	.2621224	0
1086.15	0	.7375427	0	.2624573	0
1085.15	0	.7372085	0	.2627915	0
1084.15	0	.7368749	0	.2631251	0
1083.15	0	.736542	0	.263458	0
1082.15	0	.7362098	0	.2637902	0
1081.15	0	.7358783	0	.2641217	0
1080.15	0	.7355474	0	.2644526	0
1079.15	0	.7352172	0	.2647828	0
1078.15	0	.7348876	0	.2651124	0
1077.15	0	.7345587	0	.2654413	0
1076.15	0	.7342305	0	.2657695	0
1075.15	0	.733903	0	.2660971	0
1074.15	0	.7335761	0	.266424	0
1073.15	0	.7332498	0	.2667502	0
1072.15	0	.7329242	0	.2670758	0
1071.15	0	.7325993	0	.2674007	0
1070.15	0	.7322751	0	.267725	0
1069.15	0	.7319514	0	.2680486	0
1068.15	0	.7316285	0	.2683715	0
1067.15	0	.7313062	0	.2686938	0
1066.15	0	.7309845	0	.2690155	0
1065.15	0	.7306635	0	.2693365	0
1064.15	0	.7303432	0	.2696568	0
1063.15	0	.7300235	0	.2699765	0
1062.15	0	.7297044	0	.2702956	0
1061.15	0	.729386	0	.270614	0
1060.15	0	.7290682	0	.2709318	0
1059.15	0	.7287511	0	.2712489	0
1058.15	0	.7284346	0	.2715654	0
1057.15	0	.7281188	0	.2718812	0
1056.15	0	.7278036	0	.2721964	0
1055.15	0	.727489	0	.272511	0
1054.15	0	.7271751	0	.2728249	0
1053.15	0	.7268618	0	.2731382	0
1052.15	0	.7265492	0	.2734508	0
1051.15	0	.7262372	0	.2737629	0
1050.15	0	.7259258	0	.2740742	0
1049.15	0	.725615	0	.274385	0
1048.15	0	.7253049	0	.2746951	0
1047.15	0	.7249954	0	.2750046	0
1046.15	0	.7246866	0	.2753134	0
1045.15	0	.7243783	0	.2756217	0
1044.15	0	.7240707	0	.2759293	0
1043.15	0	.7237638	0	.2762362	0
1042.15	0	.7234574	0	.2765426	0
1041.15	0	.7231517	0	.2768483	0
1040.15	0	.7228466	0	.2771534	0
1039.15	0	.7225421	0	.2774579	0
1038.15	0	.7222383	0	.2777617	0
1037.15	0	.721935	0	.278065	0
1036.15	0	.7216324	0	.2783676	0
1035.15	0	.7213304	0	.2786696	0
1034.15	0	.721029	0	.278971	0
1033.15	0	.7207283	0	.2792717	0
1032.15	0	.7204281	0	.2795719	0
1031.15	0	.7201286	0	.2798714	0
1030.15	0	.7198297	0	.2801703	0
1029.15	0	.7195314	0	.2804686	0
1028.15	0	.7192337	0	.2807663	0
1027.15	0	.7189366	0	.2810634	0
1026.15	0	.7186401	0	.2813599	0
1025.15	0	.7183443	0	.2816557	0
1024.15	0	.718049	0	.281951	0
1023.15	0	.7177544	0	.2822456	0
1022.15	0	.7174603	0	.2825397	0
1021.15	0	.7171669	0	.2828331	0
1020.15	0	.7168741	0	.2831259	0
1019.15	0	.7165818	0	.2834182	0
1018.15	0	.7162902	0	.2837098	0
1017.15	0	.7159992	0	.2840008	0
1016.15	0	.7157088	0	.2842912	0
1015.15	0	.715419	0	.284581	0
1014.15	0	.7151297	0	.2848703	0
1013.15	0	.7148411	0	.2851589	0
1012.15	0	.7145531	0	.2854469	0
1011.15	0	.7142657	0	.2857343	0
1010.15	0	.7139788	0	.2860212	0
1009.15	0	.7136926	0	.2863074	0
1008.15	0	.7134069	0	.2865931	0
1007.15	0	.7131219	0	.2868781	0
1006.15	0	.7128374	0	.2871626	0
1005.15	0	.7125536	0	.2874464	0
1004.15	0	.7122703	0	.2877297	0
1003.15	0	.7119876	0	.2880124	0
1002.15	0	.7117055	0	.2882945	0
1001.15	0	.711424	0	.288576	0
1000.15	0	.7111431	0	.2888569	0
999.15	0	.7108628	0	.2891372	0
998.15	0	.710583	0	.289417	0
997.15	0	.7103039	0	.2896961	0
996.15	0	.7100253	0	.2899747	0
995.15	0	.7097473	0	.2902527	0
994.15	0	.7094699	0	.2905301	0
993.15	0	.7091931	0	.290807	0
992.15	0	.7089168	0	.2910832	0
991.15	0	.7086411	0	.2913589	0
990.15	0	.708366	0	.2916339	0
989.15	0	.7080916	0	.2919084	0
988.15	0	.7078176	0	.2921824	0
987.15	0	.7075443	0	.2924557	0
986.15	0	.7072715	0	.2927285	0
985.15	0	.7069993	0	.2930007	0
984.15	0	.7067277	0	.2932723	0
983.15	0	.7064566	0	.2935434	0
982.15	0	.7061862	0	.2938138	0
981.15	0	.7059163	0	.2940837	0
980.15	0	.7056469	0	.2943531	0
979.15	0	.7053782	0	.2946218	0
978.15	0	.70511	0	.29489	0
977.15	0	.7048424	0	.2951576	0
976.15	0	.7045754	0	.2954247	0
975.15	0	.7043089	0	.2956911	0
974.15	0	.704043	0	.295957	0
973.15	0	.7037776	0	.2962224	0
972.15	0	.7035129	0	.2964871	0
971.9916	0	.703471	0	.296529	0
971.9916	0	.703471	0	.296529	0
971.9916	0	.703471	0	.296529	0
971.15	0	.7028017	4.929118E-04	.2967054	0
970.15	0	.7020083	.001077358	.2969143	0
969.15	0	.7012171	.001660451	.2971225	0
968.15	0	.7004279	.002242197	.2973299	0
967.15	0	.6996409	.002822602	.2975366	0
966.15	0	.6988559	.003401672	.2977425	0
965.15	0	.6980729	.003979413	.2979477	0
964.15	0	.6972921	.004555832	.2981521	0
963.15	0	.6965133	.005130935	.2983558	0
962.15	0	.6957366	.00570473	.2985587	0
961.15	0	.6949619	.006277222	.2987609	0
960.15	0	.6941893	.006848419	.2989623	0
959.15	0	.6934187	.007418328	.299163	0
958.15	0	.6926502	.007986956	.2993629	0
957.15	0	.6918837	.008554311	.299562	0
956.15	0	.6911192	.009120401	.2997604	0
955.15	0	.6903568	.009685233	.299958	0
954.15	0	.6895963	.01024881	.3001549	0
953.15	0	.6888379	.01081116	.300351	0
952.15	0	.6880815	.01137226	.3005463	0
951.15	0	.6873271	.01193215	.3007408	0
950.15	0	.6865746	.01249081	.3009346	0
949.15	0	.6858242	.01304827	.3011275	0
948.15	0	.6850757	.01360454	.3013197	0
947.15	0	.6843292	.01415961	.3015112	0
946.15	0	.6835847	.01471351	.3017018	0
945.15	0	.6828421	.01526623	.3018916	0
944.15	0	.6821015	.0158178	.3020807	0
943.15	0	.6813629	.01636822	.3022689	0
942.15	0	.6806261	.0169175	.3024564	0
941.15	0	.6798913	.01746565	.3026431	0
940.15	0	.6791584	.01801269	.3028289	0
939.15	0	.6784274	.01855862	.303014	0
938.15	0	.6776983	.01910345	.3031982	0
937.15	0	.6769712	.01964721	.3033816	0
936.15	0	.6762459	.02018989	.3035642	0
935.15	0	.6755224	.02073152	.303746	0
934.15	0	.6748009	.0212721	.303927	0
933.15	0	.6740812	.02181165	.3041072	0
932.15	0	.6733633	.02235017	.3042865	0
931.15	0	.6726473	.0228877	.304465	0
930.15	0	.6719331	.02342423	.3046427	0
929.15	0	.6712208	.02395978	.3048195	0
928.15	0	.6705102	.02449437	.3049954	0
927.15	0	.6698014	.02502801	.3051706	0
926.15	0	.6690944	.02556071	.3053448	0
925.15	0	.6683892	.0260925	.3055183	0
924.15	0	.6676858	.02662338	.3056908	0
923.15	0	.6669841	.02715338	.3058625	0
922.15	0	.6662841	.02768251	.3060334	0
921.15	0	.6655859	.02821078	.3062033	0
920.15	0	.6648894	.02873822	.3063724	0
919.15	0	.6641946	.02926484	.3065406	0
918.15	0	.6635014	.02979066	.3067079	0
917.15	0	.6628099	.0303157	.3068744	0
916.15	0	.6621201	.03083997	.3070399	0
915.15	0	.661432	.0313635	.3072045	0
914.15	0	.6607454	.03188631	.3073683	0
913.15	0	.6600605	.03240841	.3075311	0
912.15	0	.6593772	.03292983	.307693	0
911.15	0	.6586954	.03345059	.307854	0
910.15	0	.6580152	.03397071	.3080141	0
909.15	0	.6573366	.03449021	.3081732	0
908.15	0	.6566595	.03500912	.3083314	0
907.15	0	.6559839	.03552745	.3084886	0
906.15	0	.6553098	.03604524	.3086449	0
905.15	0	.6546372	.0365625	.3088003	0
904.15	0	.6539661	.03707927	.3089547	0
903.15	0	.6532963	.03759556	.3091081	0
902.15	0	.652628	.0381114	.3092606	0
901.15	0	.6519611	.03862683	.309412	0
900.15	0	.6512956	.03914185	.3095625	0
899.15	0	.6506315	.03965651	.309712	0
898.15	0	.6499686	.04017084	.3098605	0
897.15	0	.6493071	.04068486	.310008	0
896.15	0	.6486469	.0411986	.3101545	0
895.15	0	.647988	.0417121	.3103	0
894.15	0	.6473302	.04222538	.3104444	0
893.15	0	.6466738	.04273847	.3105878	0
892.15	0	.6460185	.04325142	.3107301	0
891.15	0	.6453643	.04376425	.3108714	0
890.15	0	.6447114	.04427699	.3110117	0
889.15	0	.6440595	.04478969	.3111508	0
888.15	0	.6434087	.04530237	.3112889	0
887.15	0	.642759	.04581509	.3114259	0
886.15	0	.6421103	.04632786	.3115618	0
885.15	0	.6414626	.04684074	.3116967	0
884.15	0	.6408159	.04735376	.3118304	0
883.15	0	.6401701	.04786697	.3119629	0
882.15	0	.6395252	.0483804	.3120944	0
881.15	0	.6388812	.0488941	.3122247	0
880.15	0	.6382381	.0494081	.3123538	0
879.15	0	.6375957	.04992247	.3124818	0
878.15	0	.6369541	.05043723	.3126086	0
877.15	0	.6363133	.05095245	.3127343	0
876.15	0	.6356731	.05146817	.3128587	0
875.15	0	.6350336	.05198443	.3129819	0
874.15	0	.6343948	.05250129	.313104	0
873.15	0	.6337565	.05301881	.3132247	0
872.15	0	.6331187	.05353703	.3133443	0
871.15	0	.6324814	.054056	.3134626	0
870.15	0	.6318446	.0545758	.3135796	0
869.15	0	.6312082	.05509647	.3136953	0
868.15	0	.6305722	.05561807	.3138098	0
867.15	0	.6299364	.05614067	.3139229	0
866.15	0	.629301	.05666433	.3140347	0
865.15	0	.6286657	.05718911	.3141452	0
864.15	0	.6280306	.05771509	.3142543	0
863.15	0	.6273956	.05824232	.3143621	0
862.15	0	.6267607	.05877088	.3144684	0
861.15	0	.6261258	.05930084	.3145734	0
860.15	0	.6254908	.05983228	.3146769	0
859.15	0	.6248557	.06036527	.3147791	0
858.15	0	.6242204	.06089989	.3148797	0
857.15	0	.6235849	.06143623	.3149789	0
856.15	0	.622949	.06197437	.3150766	0
855.15	0	.6223128	.06251439	.3151728	0
854.15	0	.6216762	.06305639	.3152675	0
853.15	0	.621039	.06360045	.3153606	0
852.15	0	.6204012	.06414668	.3154521	0
851.15	0	.6197628	.06469516	.315542	0
850.15	0	.6191237	.06524601	.3156303	0
849.15	0	.6184837	.06579933	.315717	0
848.15	0	.6178428	.06635523	.315802	0
847.15	0	.6172009	.06691381	.3158853	0
846.15	0	.6165579	.06747521	.3159669	0
845.15	0	.6159137	.06803953	.3160468	0
844.15	0	.6152683	.06860691	.3161248	0
843.15	0	.6146214	.06917747	.3162011	0
842.15	0	.6139731	.06975136	.3162755	0
841.15	0	.6133232	.0703287	.3163481	0
840.15	0	.6126716	.07090966	.3164187	0
839.15	0	.6120182	.07149438	.3164875	0
838.15	0	.6113628	.07208301	.3165542	0
837.15	0	.6107053	.07267573	.3166189	0
836.15	0	.6100457	.07327271	.3166816	0
835.15	0	.6093837	.07387412	.3167422	0
834.15	0	.6087192	.07448017	.3168007	0
833.15	0	.608052	.07509103	.316857	0
832.15	0	.607382	.07570692	.316911	0
831.15	0	.6067091	.07632806	.3169628	0
830.15	0	.6060331	.07695466	.3170123	0
829.15	0	.6053537	.07758698	.3170594	0
828.15	0	.6046707	.07822525	.317104	0
827.15	0	.6039841	.07886974	.3171462	0
826.15	0	.6032935	.07952072	.3171858	0
825.15	0	.6025988	.0801785	.3172227	0
824.15	0	.6018996	.08084337	.317257	0
823.15	0	.6011958	.08151566	.3172885	0
822.15	0	.6004871	.08219572	.3173172	0
821.15	0	.5997732	.0828839	.3173429	0
820.15	0	.5990538	.08358061	.3173656	0
819.15	0	.5983286	.08428624	.3173852	0
818.15	0	.5975972	.08500125	.3174016	0
817.15	0	.5968592	.08572609	.3174147	0
816.15	0	.5961144	.08646127	.3174243	0
815.15	0	.5953623	.08720733	.3174304	0
814.15	0	.5946024	.08796483	.3174328	0
813.15	0	.5938343	.0887344	.3174314	0
812.15	0	.5930573	.0895167	.317426	0
811.15	0	.5922711	.09031245	.3174164	0
810.15	0	.591475	.09112243	.3174026	0
809.15	0	.5906683	.09194747	.3173842	0
808.15	0	.5898503	.09278851	.3173612	0
807.15	0	.5890203	.09364653	.3173332	0
806.15	0	.5881773	.09452264	.3173001	0
805.15	0	.5873205	.09541804	.3172614	0
804.15	0	.5864489	.09633405	.3172171	0
803.15	0	.5855612	.09727214	.3171667	0
802.15	0	.5846563	.09823394	.3171098	0
801.15	0	.5837326	.09922127	.3170461	0
800.15	0	.5824843	.100606	.3169098	0
799.15	0	.5809064	.102396	.3166976	0
798.15	0	.5794067	.1040969	.3164964	0
797.15	0	.5779785	.1057162	.3163053	0
796.15	0	.5766157	.1072608	.3161235	0
795.15	0	.5753132	.1087366	.3159502	0
794.15	0	.5740665	.1101488	.3157846	0
793.15	0	.5728714	.1115022	.3156264	0
792.15	0	.5717242	.112801	.3154748	0
791.15	0	.5706216	.114049	.3153294	0
790.15	0	.5695607	.1152496	.3151897	0
789.15	0	.5685386	.1164059	.3150555	0
788.15	0	.5675542	.1175198	.3149259	0
787.15	0	.5666028	.1185958	.3148014	0
786.15	0	.5656836	.1196352	.3146812	0
785.15	0	.5647947	.1206401	.3145652	0
784.15	0	.5639344	.1216126	.314453	0
783.15	0	.5631012	.1225544	.3143444	0
782.15	0	.5622936	.1234671	.3142393	0
781.15	0	.5615103	.1243524	.3141373	0
780.15	0	.5607499	.1252117	.3140384	0
779.15	0	.5600115	.1260462	.3139423	0
778.15	0	.5592938	.1268573	.313849	0
777.15	0	.5585959	.1276459	.3137582	0
776.15	0	.5579169	.1284133	.3136698	0
775.15	0	.5572558	.1291604	.3135838	0
774.15	0	.556612	.1298882	.3134999	0
773.15	0	.5559845	.1305974	.3134181	0
772.15	0	.5553728	.131289	.3133382	0
771.15	0	.5547761	.1319637	.3132603	0
770.15	0	.5541937	.1326222	.3131841	0
769.15	0	.5536252	.1332652	.3131096	0
768.15	0	.55307	.1338933	.3130368	0
767.15	0	.5525274	.1345071	.3129654	0
766.15	0	.5519971	.1351073	.3128956	0
765.15	0	.5514785	.1356944	.3128271	0
764.15	0	.5509712	.1362687	.3127601	0
763.15	0	.5504748	.136831	.3126942	0
762.15	0	.5499889	.1373815	.3126297	0
761.15	0	.5495131	.1379207	.3125662	0
760.15	0	.5490469	.1384491	.312504	0
759.15	0	.5485902	.138967	.3124427	0
758.15	0	.5481426	.1394749	.3123826	0
757.15	0	.5477037	.139973	.3123234	0
756.15	0	.5472732	.1404617	.3122651	0
755.15	0	.5468509	.1409413	.3122078	0
754.15	0	.5464366	.1414121	.3121513	0
753.15	0	.5460298	.1418745	.3120957	0
752.15	0	.5456305	.1423287	.3120409	0
751.15	0	.5452383	.1427749	.3119868	0
750.15	0	.544853	.1432135	.3119335	0
749.15	0	.5444745	.1436446	.3118809	0
748.15	0	.5441025	.1440685	.311829	0
747.15	0	.5437368	.1444855	.3117777	0
746.15	0	.5433773	.1448957	.3117271	0
745.15	0	.5430236	.1452993	.311677	0
744.15	0	.5426758	.1456966	.3116276	0
743.15	0	.5423336	.1460877	.3115787	0
742.15	0	.5419968	.1464729	.3115304	0
741.15	0	.5416652	.1468522	.3114826	0
740.15	0	.5413389	.1472259	.3114352	0
739.15	0	.5410175	.1475941	.3113884	0
738.15	0	.540701	.1479569	.3113421	0
737.15	0	.5403892	.1483146	.3112961	0
736.15	0	.540082	.1486673	.3112507	0
735.15	0	.5397793	.1490151	.3112056	0
734.15	0	.539481	.149358	.3111609	0
733.15	0	.5391869	.1496964	.3111167	0
732.15	0	.538897	.1500303	.3110728	0
731.15	0	.538611	.1503597	.3110292	0
730.15	0	.5383291	.1506849	.310986	0
729.15	0	.5380509	.1510059	.3109432	0
728.15	0	.5377765	.1513229	.3109007	0
727.15	0	.5375057	.1516359	.3108584	0
726.15	0	.5372384	.1519451	.3108165	0
725.15	0	.5369747	.1522504	.3107749	0
724.15	0	.5367143	.1525522	.3107335	0
723.15	0	.5364572	.1528503	.3106925	0
722.15	0	.5362034	.153145	.3106516	0
721.15	0	.5359527	.1534362	.3106111	0
720.15	0	.5357051	.1537242	.3105708	0
719.15	0	.5354604	.1540089	.3105307	0
718.15	0	.5352188	.1542904	.3104908	0
717.15	0	.53498	.1545689	.3104512	0
716.15	0	.534744	.1548443	.3104118	0
715.15	0	.5345107	.1551167	.3103725	0
714.15	0	.5342802	.1553863	.3103335	0
713.15	0	.5340523	.1556531	.3102947	0
712.15	0	.5338269	.1559171	.310256	0
711.15	0	.533604	.1561784	.3102176	0
710.15	0	.5333837	.1564371	.3101793	0
709.15	0	.5331657	.1566932	.3101411	0
708.15	0	.5329501	.1569468	.3101032	0
707.15	0	.5327368	.1571979	.3100653	0
706.15	0	.5325258	.1574466	.3100277	0
705.15	0	.532317	.1576929	.3099902	0
704.15	0	.5321103	.1579369	.3099528	0
703.15	0	.5319058	.1581787	.3099155	0
702.15	0	.5317034	.1584182	.3098784	0
701.15	0	.531503	.1586556	.3098414	0
700.15	0	.5313046	.1588908	.3098045	0
699.15	0	.5311082	.159124	.3097678	0
698.15	0	.5309138	.1593551	.3097312	0
697.15	0	.5307212	.1595842	.3096946	0
696.15	0	.5305304	.1598113	.3096582	0
695.15	0	.5303416	.1600366	.3096219	0
694.15	0	.5301544	.1602599	.3095857	0
693.15	0	.5299691	.1604814	.3095495	0
692.15	0	.5297854	.1607011	.3095135	0
691.15	0	.5296035	.160919	.3094776	0
690.15	0	.5294232	.1611351	.3094417	0
689.15	0	.5292446	.1613495	.3094059	0
688.15	0	.5290675	.1615623	.3093702	0
687.15	0	.528892	.1617734	.3093346	0
686.15	0	.5287181	.1619828	.3092991	0
685.15	0	.5285457	.1621907	.3092636	0
684.15	0	.5283747	.162397	.3092282	0
683.15	0	.5282053	.1626018	.3091929	0
682.15	0	.5280373	.1628051	.3091576	0
681.15	0	.5278707	.1630069	.3091224	0
680.15	0	.5277055	.1632073	.3090873	0
679.15	0	.5275416	.1634062	.3090522	0
678.15	0	.5273792	.1636037	.3090172	0
677.15	0	.527218	.1637998	.3089822	0
676.15	0	.5270581	.1639946	.3089473	0
675.15	0	.5268996	.164188	.3089124	0
674.15	0	.5267423	.1643801	.3088776	0
673.15	0	.5265862	.164571	.3088428	0
672.15	0	.5264313	.1647605	.3088081	0
671.15	0	.5262777	.1649489	.3087734	0
670.15	0	.5261253	.165136	.3087388	0
669.15	0	.525974	.1653218	.3087042	0
668.15	0	.5258238	.1655065	.3086697	0
667.15	0	.5256748	.16569	.3086351	0
666.15	0	.5255269	.1658724	.3086007	0
665.15	0	.5253801	.1660536	.3085662	0
664.15	0	.5252344	.1662338	.3085318	0
663.15	0	.5250898	.1664128	.3084975	0
662.15	0	.5249462	.1665907	.3084631	0
661.15	0	.5248036	.1667676	.3084288	0
660.15	0	.5246621	.1669434	.3083945	0
659.15	0	.5245215	.1671182	.3083603	0
658.15	0	.524382	.167292	.3083261	0
657.15	0	.5242434	.1674647	.3082919	0
656.15	0	.5241058	.1676365	.3082577	0
655.15	0	.5239691	.1678073	.3082236	0
654.15	0	.5238334	.1679771	.3081895	0
653.15	0	.5236986	.168146	.3081554	0
652.15	0	.5235647	.168314	.3081213	0
651.15	0	.5234317	.168481	.3080873	0
650.15	0	.5232996	.1686471	.3080533	0
649.15	0	.5231684	.1688124	.3080193	0
648.15	0	.523038	.1689767	.3079853	0
647.15	0	.5229085	.1691402	.3079513	0
646.15	0	.5227798	.1693028	.3079174	0
645.15	0	.522652	.1694646	.3078835	0
644.15	0	.5225249	.1696255	.3078496	0
643.15	0	.5223987	.1697856	.3078157	0
642.15	0	.5222733	.1699449	.3077818	0
641.15	0	.5221487	.1701033	.307748	0
640.15	0	.5220248	.170261	.3077142	0
639.15	0	.5219017	.1704179	.3076804	0
638.15	0	.5217794	.170574	.3076466	0
637.15	0	.5216578	.1707294	.3076128	0
636.15	0	.521537	.170884	.307579	0
635.15	0	.5214169	.1710379	.3075453	0
634.15	0	.5212975	.171191	.3075115	0
633.15	0	.5211789	.1713433	.3074778	0
632.15	0	.5210609	.171495	.3074441	0
631.15	0	.5209436	.171646	.3074104	0
630.15	0	.5208271	.1717962	.3073767	0
629.15	0	.5207112	.1719458	.3073431	0
628.15	0	.520596	.1720946	.3073094	0
627.15	0	.5204814	.1722428	.3072758	0
626.15	0	.5203676	.1723903	.3072421	0
625.15	0	.5202543	.1725372	.3072085	0
624.15	0	.5201417	.1726833	.3071749	0
623.15	0	.5200298	.1728289	.3071413	0
622.15	0	.5199185	.1729738	.3071078	0
621.15	0	.5198078	.173118	.3070742	0
620.15	0	.5196977	.1732617	.3070407	0
619.15	0	.5195882	.1734047	.3070071	0
618.15	0	.5194794	.173547	.3069736	0
617.15	0	.5193711	.1736888	.3069401	0
616.15	0	.5192634	.17383	.3069066	0
615.15	0	.5191563	.1739706	.3068731	0
614.15	0	.5190498	.1741106	.3068396	0
613.15	0	.5189439	.17425	.3068062	0
612.15	0	.5188385	.1743888	.3067727	0
611.15	0	.5187337	.174527	.3067393	0
610.15	0	.5186295	.1746647	.3067059	0
609.15	0	.5185258	.1748018	.3066724	0
608.15	0	.5184226	.1749383	.306639	0
607.15	0	.51832	.1750743	.3066057	0
606.15	0	.5182179	.1752098	.3065723	0
605.15	0	.5181164	.1753447	.3065389	0
604.15	0	.5180154	.175479	.3065056	0
603.15	0	.5179149	.1756129	.3064723	0
602.15	0	.5178149	.1757462	.3064389	0
601.15	0	.5177154	.175879	.3064056	0
600.15	0	.5176165	.1760112	.3063723	0
599.15	0	.517518	.176143	.3063391	0
598.15	0	.51742	.1762742	.3063058	0
597.15	0	.5173225	.1764049	.3062725	0
596.15	0	.5172256	.1765352	.3062393	0
595.15	0	.517129	.1766649	.3062061	0
594.15	0	.517033	.1767941	.3061729	0
593.15	0	.5169375	.1769229	.3061397	0
592.15	0	.5168424	.1770511	.3061065	0
591.15	0	.5167478	.1771789	.3060734	0
590.15	0	.5166536	.1773062	.3060402	0
589.15	0	.5165599	.177433	.3060071	0
588.15	0	.5164667	.1775593	.305974	0
587.15	0	.5163739	.1776852	.3059409	0
586.15	0	.5162816	.1778106	.3059078	0
585.15	0	.5161897	.1779356	.3058747	0
584.15	0	.5160982	.1780601	.3058417	0
583.15	0	.5160072	.1781841	.3058087	0
582.15	0	.5159166	.1783077	.3057757	0
581.15	0	.5158265	.1784308	.3057427	0
580.15	0	.5157368	.1785535	.3057097	0
579.15	0	.5156475	.1786758	.3056768	0
578.15	0	.5155586	.1787975	.3056438	0
577.15	0	.5154701	.1789189	.3056109	0
576.15	0	.5153821	.1790399	.305578	0
575.15	0	.5152945	.1791604	.3055452	0
574.15	0	.5152073	.1792804	.3055123	0
573.15	0	.5151204	.1794001	.3054795	0
572.15	0	.515034	.1795193	.3054467	0
571.15	0	.514948	.1796381	.3054139	0
570.15	0	.5148624	.1797565	.3053811	0
569.15	0	.5147771	.1798745	.3053484	0
568.15	0	.5146923	.179992	.3053157	0
567.15	0	.5146078	.1801092	.305283	0
566.15	0	.5145238	.1802259	.3052503	0
565.15	0	.5144401	.1803423	.3052177	0
564.15	0	.5143568	.1804582	.305185	0
563.15	0	.5142739	.1805737	.3051524	0
562.15	0	.5141913	.1806888	.3051199	0
561.15	0	.5141091	.1808036	.3050873	0
560.15	0	.5140273	.1809179	.3050548	0
559.15	0	.5139459	.1810318	.3050223	0
558.15	0	.5138648	.1811454	.3049898	0
557.15	0	.5137841	.1812585	.3049574	0
556.15	0	.5137038	.1813713	.304925	0
555.15	0	.5136238	.1814837	.3048926	0
554.15	0	.5135441	.1815957	.3048602	0
553.15	0	.5134648	.1817073	.3048279	0
552.15	0	.5133859	.1818185	.3047956	0
551.15	0	.5133073	.1819294	.3047633	0
550.15	0	.5132291	.1820399	.3047311	0
549.15	0	.5131512	.18215	.3046988	0
548.15	0	.5130737	.1822597	.3046667	0
547.15	0	.5129965	.1823691	.3046345	0
546.15	0	.5129196	.182478	.3046024	0
545.15	0	.5128431	.1825867	.3045703	0
544.15	0	.5127669	.1826949	.3045382	0
543.15	0	.512691	.1828028	.3045062	0
542.15	0	.5126155	.1829103	.3044742	0
541.15	0	.5125403	.1830174	.3044423	0
540.15	0	.5124654	.1831242	.3044103	0
539.15	0	.5123909	.1832307	.3043785	0
538.15	0	.5123167	.1833367	.3043466	0
537.15	0	.5122428	.1834424	.3043148	0
536.15	0	.5121692	.1835478	.304283	0
535.15	0	.5120959	.1836528	.3042513	0
534.15	0	.5120231	.1837574	.3042195	0
533.15	0	.5119505	.1838617	.3041878	0
532.15	0	.5118782	.1839657	.3041562	0
531.15	0	.5118062	.1840692	.3041246	0
530.15	0	.5117345	.1841725	.304093	0
529.15	0	.5116632	.1842754	.3040615	0
528.15	0	.5115921	.1843779	.30403	0
527.15	0	.5115213	.1844801	.3039986	0
526.15	0	.5114509	.1845819	.3039672	0
525.15	0	.5113807	.1846834	.3039358	0
524.15	0	.5113109	.1847846	.3039045	0
523.15	0	.5112414	.1848854	.3038732	0
522.15	0	.5111721	.1849859	.303842	0
521.15	0	.5111032	.185086	.3038108	0
520.15	0	.5110345	.1851858	.3037797	0
519.15	0	.5109662	.1852853	.3037486	0
518.15	0	.5108981	.1853844	.3037175	0
517.15	0	.5108304	.1854832	.3036865	0
516.15	0	.5107629	.1855816	.3036555	0
515.15	0	.5106957	.1856797	.3036246	0
514.15	0	.5106288	.1857775	.3035937	0
513.15	0	.5105622	.1858749	.3035629	0
512.15	0	.5104959	.185972	.3035321	0
511.15	0	.5104298	.1860688	.3035014	0
510.15	0	.5103641	.1861652	.3034707	0
509.15	0	.5102986	.1862613	.3034401	0
508.15	0	.5102334	.1863571	.3034095	0
507.15	0	.5101686	.1864525	.3033789	0
506.15	0	.5101039	.1865477	.3033484	0
505.15	0	.5100396	.1866424	.303318	0
504.15	0	.5099755	.1867369	.3032876	0
503.15	0	.5099117	.186831	.3032573	0
502.15	0	.5098482	.1869248	.303227	0
501.15	0	.509785	.1870183	.3031968	0
500.15	0	.509722	.1871115	.3031666	0
499.15	0	.5096593	.1872043	.3031364	0
498.15	0	.5095969	.1872968	.3031064	0
497.15	0	.5095347	.187389	.3030763	0
496.15	0	.5094728	.1874808	.3030464	0
495.15	0	.5094112	.1875723	.3030165	0
494.15	0	.5093498	.1876636	.3029866	0
493.15	0	.5092887	.1877544	.3029568	0
492.15	0	.5092279	.187845	.3029271	0
491.15	0	.5091674	.1879352	.3028974	0
490.15	0	.5091071	.1880252	.3028678	0
489.15	0	.509047	.1881148	.3028382	0
488.15	0	.5089873	.188204	.3028087	0
487.15	0	.5089278	.188293	.3027792	0
486.15	0	.5088685	.1883817	.3027499	0
485.15	0	.5088095	.18847	.3027205	0
484.15	0	.5087508	.188558	.3026913	0
483.15	0	.5086923	.1886457	.302662	0
482.15	0	.5086341	.1887331	.3026329	0
481.15	0	.5085761	.1888201	.3026038	0
480.15	0	.5085184	.1889068	.3025748	0
479.15	0	.5084609	.1889933	.3025458	0
478.15	0	.5084037	.1890794	.3025169	0
477.15	0	.5083468	.1891652	.3024881	0
476.15	0	.5082901	.1892506	.3024593	0
475.15	0	.5082336	.1893358	.3024306	0
474.15	0	.5081774	.1894206	.302402	0
473.15	0	.5081214	.1895052	.3023734	0
472.15	0	.5080657	.1895894	.3023449	0
471.15	0	.5080103	.1896733	.3023164	0
470.15	0	.5079551	.1897569	.3022881	0
469.15	0	.5079001	.1898402	.3022597	0
468.15	0	.5078454	.1899231	.3022315	0
467.15	0	.5077909	.1900058	.3022033	0
466.15	0	.5077367	.1900881	.3021752	0
465.15	0	.5076827	.1901701	.3021472	0
464.15	0	.5076289	.1902519	.3021192	0
463.15	0	.5075754	.1903333	.3020913	0
462.15	0	.5075221	.1904144	.3020635	0
461.15	0	.5074691	.1904951	.3020357	0
460.15	0	.5074163	.1905756	.3020081	0
459.15	0	.5073638	.1906558	.3019805	0
458.15	0	.5073115	.1907356	.3019529	0
457.15	0	.5072594	.1908152	.3019255	0
456.15	0	.5072076	.1908944	.3018981	0
455.15	0	.507156	.1909733	.3018707	0
454.15	0	.5071046	.1910519	.3018435	0
453.15	0	.5070535	.1911302	.3018163	0
452.15	0	.5070026	.1912082	.3017892	0
451.15	0	.5069519	.1912859	.3017622	0
450.15	0	.5069015	.1913633	.3017353	0
449.15	0	.5068513	.1914403	.3017084	0
448.15	0	.5068014	.191517	.3016817	0
447.15	0	.5067517	.1915934	.301655	0
446.15	0	.5067022	.1916694	.3016284	0
445.15	0	.506653	.1917452	.3016018	0
444.15	0	.5066041	.1918206	.3015754	0
443.15	0	.5065554	.1918956	.301549	0
442.15	0	.5065069	.1919704	.3015228	0
441.15	0	.5064587	.1920447	.3014966	0
440.15	0	.5064107	.1921188	.3014705	0
439.15	0	.506363	.1921925	.3014445	0
438.15	0	.5063155	.1922658	.3014186	0
437.15	0	.5062683	.1923388	.3013929	0
436.15	0	.5062214	.1924115	.3013672	0
435.15	0	.5061747	.1924838	.3013416	0
434.15	0	.5061283	.1925557	.3013161	0
433.15	0	.5060821	.1926272	.3012907	0
432.15	0	.5060362	.1926984	.3012654	0
431.15	0	.5059906	.1927692	.3012402	0
430.15	0	.5059452	.1928397	.3012151	0
429.15	0	.5059001	.1929098	.3011902	0
428.15	0	.5058552	.1929795	.3011653	0
427.15	0	.5058106	.1930488	.3011405	0
426.15	0	.5057663	.1931178	.3011159	0
425.15	0	.5057223	.1931864	.3010914	0
424.15	0	.5056785	.1932546	.3010669	0
423.15	0	.505635	.1933224	.3010426	0
422.15	0	.5055917	.1933899	.3010184	0
421.15	0	.5055487	.1934569	.3009943	0
420.15	0	.505506	.1935236	.3009703	0
419.15	0	.5054636	.19359	.3009465	0
418.15	0	.5054214	.1936559	.3009227	0
417.15	0	.5053795	.1937215	.3008991	0
416.15	0	.5053378	.1937866	.3008756	0
415.15	0	.5052964	.1938514	.3008522	0
414.15	0	.5052553	.1939159	.3008289	0
413.15	0	.5052144	.1939799	.3008057	0
412.15	0	.5051738	.1940436	.3007827	0
411.15	0	.5051334	.1941068	.3007598	0
410.15	0	.5050933	.1941697	.3007369	0
409.15	0	.5050535	.1942323	.3007142	0
408.15	0	.5050139	.1942944	.3006917	0
407.15	0	.5049746	.1943562	.3006692	0
406.15	0	.5049356	.1944176	.3006469	0
405.15	0	.5048968	.1944786	.3006246	0
404.15	0	.5048582	.1945393	.3006025	0
403.15	0	.5048199	.1945996	.3005805	0
402.15	0	.5047819	.1946595	.3005587	0
401.15	0	.5047441	.194719	.3005369	0
400.15	0	.5047065	.1947782	.3005153	0
399.15	0	.5046692	.194837	.3004938	0
398.15	0	.5046322	.1948955	.3004724	0
397.15	0	.5045954	.1949535	.3004511	0
396.15	0	.5045588	.1950113	.3004299	0
395.15	0	.5045225	.1950686	.3004089	0
394.15	0	.5044864	.1951256	.300388	0
393.15	0	.5044506	.1951823	.3003672	0
392.15	0	.504415	.1952386	.3003465	0
391.15	0	.5043796	.1952945	.3003259	0
390.15	0	.5043445	.1953501	.3003054	0
389.15	0	.5043096	.1954053	.3002851	0
388.15	0	.5042749	.1954602	.3002649	0
387.15	0	.5042405	.1955148	.3002448	0
386.15	0	.5042062	.195569	.3002248	0
385.15	0	.5041723	.1956228	.3002049	0
384.15	0	.5041385	.1956764	.3001852	0
383.15	0	.5041049	.1957295	.3001655	0
382.15	0	.5040716	.1957824	.300146	0
381.15	0	.5040385	.1958349	.3001266	0
380.15	0	.5040057	.1958871	.3001073	0
379.15	0	.503973	.195939	.3000881	0
378.15	0	.5039405	.1959905	.300069	0
377.15	0	.5039083	.1960417	.30005	0
376.15	0	.5038763	.1960926	.3000312	0
375.15	0	.5038444	.1961431	.3000125	0
374.15	0	.5038128	.1961934	.2999938	0
373.15	0	.5037814	.1962433	.2999753	0
372.15	0	.5037502	.1962929	.2999569	0
371.15	0	.5037192	.1963422	.2999386	0
370.15	0	.5036883	.1963912	.2999204	0
369.15	0	.5036577	.1964399	.2999023	0
368.15	0	.5036273	.1964883	.2998844	0
367.15	0	.5035971	.1965364	.2998665	0
366.15	0	.503567	.1965842	.2998488	0
365.15	0	.5035371	.1966317	.2998311	0
364.15	0	.5035075	.1966789	.2998136	0
363.15	0	.503478	.1967258	.2997962	0
362.15	0	.5034487	.1967725	.2997788	0
361.15	0	.5034196	.1968188	.2997616	0
360.15	0	.5033906	.1968649	.2997445	0
359.15	0	.5033619	.1969106	.2997275	0
358.15	0	.5033333	.1969561	.2997106	0
357.15	0	.5033049	.1970013	.2996938	0
356.15	0	.5032766	.1970463	.2996771	0
355.15	0	.5032485	.197091	.2996605	0
