T	 BPW(LIQUID)	BPW(BCC_A2)	BPW(FCC_A1)	BPW(LAVES_PHASE_C14)	BPW(NI3TI)
1473.15	.242762	.757238	0	0	0
1472.15	.2401641	.7598359	0	0	0
1471.15	.2375837	.7624163	0	0	0
1470.15	.2350204	.7649796	0	0	0
1469.15	.2324743	.7675257	0	0	0
1468.15	.2299451	.7700549	0	0	0
1467.15	.2274327	.7725673	0	0	0
1466.15	.224937	.775063	0	0	0
1465.15	.2224578	.7775423	0	0	0
1464.15	.2199949	.7800051	0	0	0
1463.15	.2175483	.7824517	0	0	0
1462.15	.2151178	.7848822	0	0	0
1461.15	.2127032	.7872968	0	0	0
1460.15	.2103045	.7896956	0	0	0
1459.15	.2079214	.7920786	0	0	0
1458.15	.2055539	.7944461	0	0	0
1457.15	.2032018	.7967982	0	0	0
1456.15	.200865	.799135	0	0	0
1455.15	.1985434	.8014566	0	0	0
1454.15	.1962368	.8037632	0	0	0
1453.15	.1939452	.8060548	0	0	0
1452.15	.1916683	.8083317	0	0	0
1451.15	.1894061	.810594	0	0	0
1450.15	.1871584	.8128416	0	0	0
1449.15	.1849251	.8150749	0	0	0
1448.15	.1827062	.8172938	0	0	0
1447.15	.1805014	.8194986	0	0	0
1446.15	.1783107	.8216893	0	0	0
1445.15	.1761339	.8238661	0	0	0
1444.15	.173971	.826029	0	0	0
1443.15	.1718218	.8281782	0	0	0
1442.15	.1696862	.8303138	0	0	0
1441.15	.1675642	.8324359	0	0	0
1440.15	.1654555	.8345446	0	0	0
1439.15	.16336	.83664	0	0	0
1438.15	.1612778	.8387222	0	0	0
1437.15	.1592086	.8407914	0	0	0
1436.15	.1571524	.8428476	0	0	0
1435.15	.155109	.844891	0	0	0
1434.15	.1530784	.8469216	0	0	0
1433.15	.1510604	.8489396	0	0	0
1432.15	.149055	.850945	0	0	0
1431.15	.147062	.852938	0	0	0
1430.15	.1450813	.8549187	0	0	0
1429.15	.143113	.856887	0	0	0
1428.15	.1411567	.8588433	0	0	0
1427.15	.1392126	.8607875	0	0	0
1426.15	.1372803	.8627197	0	0	0
1425.15	.13536	.86464	0	0	0
1424.15	.1334514	.8665486	0	0	0
1423.15	.1315545	.8684455	0	0	0
1422.15	.1296691	.8703309	0	0	0
1421.15	.1277953	.8722047	0	0	0
1420.15	.1259329	.8740671	0	0	0
1419.15	.1240818	.8759182	0	0	0
1418.15	.1222419	.8777581	0	0	0
1417.15	.1204132	.8795868	0	0	0
1416.15	.1185955	.8814045	0	0	0
1415.15	.1167888	.8832112	0	0	0
1414.15	.1149929	.8850071	0	0	0
1413.15	.1132079	.8867921	0	0	0
1412.15	.1114336	.8885664	0	0	0
1411.15	.1096699	.8903301	0	0	0
1410.15	.1079168	.8920832	0	0	0
1409.15	.1061741	.8938259	0	0	0
1408.15	.1044419	.8955581	0	0	0
1407.15	.10272	.89728	0	0	0
1406.15	.1010083	.8989917	0	0	0
1405.15	.09930673	.9006933	0	0	0
1404.15	.09761528	.9023847	0	0	0
1403.15	.09593383	.9040662	0	0	0
1402.15	.09426232	.9057377	0	0	0
1401.15	.09260066	.9073993	0	0	0
1400.15	.09094879	.9090512	0	0	0
1399.15	.08930663	.9106934	0	0	0
1398.15	.08767412	.9123259	0	0	0
1397.15	.08605117	.9139488	0	0	0
1396.15	.08443772	.9155623	0	0	0
1395.15	.0828337	.9171663	0	0	0
1394.15	.08123904	.918761	0	0	0
1393.15	.07965366	.9203463	0	0	0
1392.15	.07807752	.9219225	0	0	0
1391.15	.07651052	.9234895	0	0	0
1390.15	.07495262	.9250474	0	0	0
1389.15	.07340374	.9265963	0	0	0
1388.15	.07186381	.9281362	0	0	0
1387.15	.07033278	.9296672	0	0	0
1386.15	.06881058	.9311894	0	0	0
1385.15	.06729715	.9327029	0	0	0
1384.15	.06579242	.9342076	0	0	0
1383.15	.06429633	.9357037	0	0	0
1382.15	.06280882	.9371912	0	0	0
1381.15	.06132983	.9386702	0	0	0
1380.15	.0598593	.9401407	0	0	0
1379.15	.05839717	.9416028	0	0	0
1378.15	.05694338	.9430566	0	0	0
1377.15	.05549787	.9445021	0	0	0
1376.15	.05406058	.9459394	0	0	0
1375.15	.05263147	.9473685	0	0	0
1374.15	.05121046	.9487895	0	0	0
1373.15	.04979751	.9502025	0	0	0
1372.15	.04839255	.9516075	0	0	0
1371.15	.04699554	.9530045	0	0	0
1370.15	.04560642	.9543936	0	0	0
1369.15	.04422514	.9557749	0	0	0
1368.15	.04285163	.9571484	0	0	0
1367.15	.04148586	.9585141	0	0	0
1366.15	.04012776	.9598722	0	0	0
1365.15	.03877729	.9612227	0	0	0
1364.15	.03743439	.9625656	0	0	0
1363.15	.03609901	.963901	0	0	0
1362.15	.03477111	.9652289	0	0	0
1361.15	.03345063	.9665494	0	0	0
1360.15	.03213752	.9678625	0	0	0
1359.15	.03083173	.9691683	0	0	0
1358.15	.02953323	.9704668	0	0	0
1357.15	.02824195	.9717581	0	0	0
1356.15	.02695785	.9730422	0	0	0
1355.15	.02568089	.9743191	0	0	0
1354.15	.02441101	.975589	0	0	0
1353.15	.02314818	.9768518	0	0	0
1352.15	.02189234	.9781077	0	0	0
1351.15	.02064346	.9793565	0	0	0
1350.15	.01940148	.9805985	0	0	0
1349.15	.01816637	.9818336	0	0	0
1348.15	.01693807	.9830619	0	0	0
1347.15	.01571655	.9842835	0	0	0
1346.15	.01450176	.9854982	0	0	0
1345.15	.01329366	.9867063	0	0	0
1344.15	.01209221	.9879078	0	0	0
1343.15	.01089737	.9891026	0	0	0
1342.15	.009709096	.9902909	0	0	0
1341.15	.008527345	.9914727	0	0	0
1340.15	.007352078	.9926479	0	0	0
1339.15	.006183257	.9938167	0	0	0
1338.15	.005020841	.9949792	0	0	0
1337.15	.00386479	.9961352	0	0	0
1336.15	.002715067	.9972849	0	0	0
1335.15	.001571634	.9984284	0	0	0
1334.15	4.34451E-04	.9995656	0	0	0
1333.767	0	1	0	0	0
1333.767	0	1	0	0	0
1333.15	0	1	0	0	0
1332.15	0	1	0	0	0
1331.15	0	1	0	0	0
1330.15	0	1	0	0	0
1329.15	0	1	0	0	0
1328.15	0	1	0	0	0
1327.15	0	1	0	0	0
1326.15	0	1	0	0	0
1325.15	0	1	0	0	0
1324.15	0	1	0	0	0
1323.15	0	1	0	0	0
1322.15	0	1	0	0	0
1321.15	0	1	0	0	0
1320.15	0	1	0	0	0
1319.15	0	1	0	0	0
1318.15	0	1	0	0	0
1317.15	0	1	0	0	0
1316.15	0	1	0	0	0
1315.15	0	1	0	0	0
1314.15	0	1	0	0	0
1313.15	0	1	0	0	0
1312.15	0	1	0	0	0
1311.15	0	1	0	0	0
1310.15	0	1	0	0	0
1309.15	0	1	0	0	0
1308.15	0	1	0	0	0
1307.15	0	1	0	0	0
1306.15	0	1	0	0	0
1305.15	0	1	0	0	0
1304.15	0	1	0	0	0
1303.15	0	1	0	0	0
1302.15	0	1	0	0	0
1301.15	0	1	0	0	0
1300.15	0	1	0	0	0
1299.15	0	1	0	0	0
1298.15	0	1	0	0	0
1297.15	0	1	0	0	0
1296.15	0	1	0	0	0
1295.15	0	1	0	0	0
1294.15	0	1	0	0	0
1293.15	0	1	0	0	0
1292.15	0	1	0	0	0
1291.15	0	1	0	0	0
1290.15	0	1	0	0	0
1289.15	0	1	0	0	0
1288.15	0	1	0	0	0
1287.15	0	1	0	0	0
1286.15	0	1	0	0	0
1285.15	0	1	0	0	0
1284.15	0	1	0	0	0
1283.15	0	1	0	0	0
1282.15	0	1	0	0	0
1281.15	0	1	0	0	0
1280.15	0	1	0	0	0
1279.15	0	1	0	0	0
1278.15	0	1	0	0	0
1277.15	0	1	0	0	0
1276.15	0	1	0	0	0
1275.15	0	1	0	0	0
1274.15	0	1	0	0	0
1273.15	0	1	0	0	0
1272.15	0	1	0	0	0
1271.15	0	1	0	0	0
1270.15	0	1	0	0	0
1269.15	0	1	0	0	0
1268.15	0	1	0	0	0
1267.15	0	1	0	0	0
1266.15	0	1	0	0	0
1265.15	0	1	0	0	0
1264.69	0	1	0	0	0
1264.69	0	1	0	0	0
1264.69	0	1	0	0	0
1264.15	0	.9996679	0	3.321411E-04	0
1263.15	0	.9990541	0	9.459407E-04	0
1262.15	0	.9984415	0	.00155847	0
1261.15	0	.9978303	0	.002169733	0
1260.15	0	.9972203	0	.002779732	0
1259.15	0	.9966115	0	.003388472	0
1258.15	0	.996004	0	.003995956	0
1257.15	0	.9953978	0	.004602187	0
1256.15	0	.9947928	0	.005207169	0
1255.15	0	.9941891	0	.005810905	0
1254.15	0	.9935866	0	.006413398	0
1253.15	0	.9929854	0	.007014652	0
1252.15	0	.9923853	0	.00761467	0
1251.15	0	.9917865	0	.008213456	0
1250.15	0	.991189	0	.008811013	0
1249.15	0	.9905927	0	.009407344	0
1248.15	0	.9899976	0	.01000245	0
1247.15	0	.9894037	0	.01059634	0
1246.15	0	.988811	0	.01118902	0
1245.15	0	.9882195	0	.01178048	0
1244.15	0	.9876293	0	.01237073	0
1243.15	0	.9870402	0	.01295977	0
1242.855	0	.9868667	0	.01313326	0
1242.855	0	.9868667	0	.01313326	0
1242.855	0	.9868667	0	.01313326	0
1242.15	0	.9857972	6.78607E-04	.01352417	0
1241.15	0	.9842839	.00163871	.01407736	0
1240.15	0	.9827748	.002596083	.01462912	0
1239.15	0	.9812698	.003550732	.01517945	0
1238.15	0	.979769	.004502663	.01572837	0
1237.15	0	.9782723	.005451882	.01627586	0
1236.15	0	.9767797	.006398393	.01682195	0
1235.15	0	.9752912	.007342202	.01736663	0
1234.15	0	.9738068	.008283315	.01790991	0
1233.15	0	.9723265	.009221737	.0184518	0
1232.15	0	.9708502	.01015747	.01899229	0
1231.15	0	.9693781	.01109053	.0195314	0
1230.15	0	.96791	.01202091	.02006913	0
1229.15	0	.9664459	.01294862	.02060547	0
1228.15	0	.9649859	.01387366	.02114045	0
1227.15	0	.9635299	.01479605	.02167406	0
1226.15	0	.9620779	.01571578	.02220631	0
1225.15	0	.9606299	.01663286	.0227372	0
1224.15	0	.959186	.0175473	.02326674	0
1223.15	0	.957746	.01845909	.02379493	0
1222.15	0	.95631	.01936826	.02432177	0
1221.15	0	.9548779	.02027479	.02484727	0
1220.15	0	.9534499	.0211787	.02537144	0
1219.15	0	.9520257	.02207998	.02589428	0
1218.15	0	.9506056	.02297866	.02641579	0
1217.15	0	.9491893	.02387472	.02693598	0
1216.15	0	.947777	.02476817	.02745486	0
1215.15	0	.9463686	.02565903	.02797242	0
1214.15	0	.944964	.02654728	.02848867	0
1213.15	0	.9435634	.02743295	.02900362	0
1212.15	0	.9421667	.02831603	.02951726	0
1211.15	0	.9407739	.02919652	.03002962	0
1210.15	0	.9393849	.03007444	.03054068	0
1209.15	0	.9379998	.03094978	.03105045	0
1208.15	0	.9366185	.03182255	.03155894	0
1207.15	0	.9352411	.03269276	.03206615	0
1206.15	0	.9338675	.03356041	.03257209	0
1205.15	0	.9324978	.0344255	.03307676	0
1204.15	0	.9311318	.03528803	.03358016	0
1203.15	0	.9297697	.03614802	.0340823	0
1202.15	0	.9284114	.03700547	.03458318	0
1201.15	0	.9270568	.03786038	.03508281	0
1200.15	0	.9257061	.03871275	.03558119	0
1199.15	0	.9243591	.03956259	.03607832	0
1198.15	0	.9230159	.0404099	.03657421	0
1197.15	0	.9216765	.04125469	.03706886	0
1196.15	0	.9203408	.04209696	.03756228	0
1195.15	0	.9190088	.04293671	.03805446	0
1194.15	0	.9176806	.04377395	.03854543	0
1193.15	0	.9163562	.04460869	.03903516	0
1192.15	0	.9150354	.04544092	.03952369	0
1191.15	0	.9137184	.04627065	.04001099	0
1190.15	0	.912405	.04709789	.04049709	0
1189.15	0	.9110954	.04792263	.04098198	0
1188.15	0	.9097895	.04874489	.04146566	0
1187.15	0	.9084872	.04956466	.04194815	0
1186.15	0	.9071886	.05038195	.04242944	0
1185.15	0	.9058937	.05119676	.04290953	0
1184.15	0	.9046025	.0520091	.04338844	0
1183.15	0	.9033149	.05281896	.04386617	0
1182.15	0	.9020309	.05362636	.04434271	0
1181.15	0	.9007506	.0544313	.04481808	0
1180.15	0	.8994739	.05523378	.04529227	0
1179.15	0	.8982009	.0560338	.04576529	0
1178.15	0	.8969315	.05683137	.04623714	0
1177.15	0	.8956657	.05762649	.04670783	0
1176.15	0	.8944035	.05841916	.04717737	0
1175.15	0	.8931449	.05920939	.04764574	0
1174.15	0	.8918898	.05999718	.04811296	0
1173.15	0	.8906384	.06078254	.04857904	0
1172.15	0	.8893906	.06156546	.04904396	0
1171.15	0	.8881463	.06234595	.04950775	0
1170.15	0	.8869056	.06312402	.04997039	0
1169.15	0	.8856684	.06389966	.0504319	0
1168.15	0	.8844348	.06467288	.05089228	0
1167.15	0	.8832048	.06544368	.05135153	0
1166.15	0	.8819783	.06621207	.05180965	0
1165.15	0	.8807553	.06697805	.05226665	0
1164.15	0	.8795359	.06774162	.05272253	0
1163.15	0	.8783199	.06850278	.05317729	0
1162.15	0	.8771075	.06926155	.05363094	0
1161.15	0	.8758986	.07001791	.05408348	0
1160.15	0	.8746932	.07077187	.05453492	0
1159.15	0	.8734913	.07152345	.05498525	0
1158.15	0	.8722929	.07227263	.05543448	0
1157.15	0	.871098	.07301942	.05588261	0
1156.15	0	.8699065	.07376383	.05632965	0
1155.15	0	.8687186	.07450585	.05677559	0
1154.15	0	.867534	.07524553	.05722047	0
1153.15	0	.866353	.07598279	.05766425	0
1152.15	0	.8651754	.07671769	.05810694	0
1151.15	0	.8640012	.07745021	.05854856	0
1150.15	0	.8628305	.07818036	.05898909	0
1149.15	0	.8616633	.07890815	.05942856	0
1148.15	0	.8604995	.07963357	.05986695	0
1147.15	0	.8593391	.08035663	.06030428	0
1146.15	0	.8581821	.08107733	.06074054	0
1145.15	0	.8570286	.08179567	.06117574	0
1144.15	0	.8558785	.08251166	.06160989	0
1143.15	0	.8547317	.0832253	.06204298	0
1142.15	0	.8535884	.08393659	.06247501	0
1141.15	0	.8524485	.08464553	.062906	0
1140.15	0	.8513119	.08535213	.06333593	0
1139.15	0	.8501788	.08605638	.06376482	0
1138.15	0	.849049	.0867583	.06419268	0
1137.15	0	.8479226	.08745788	.06461949	0
1136.15	0	.8467996	.08815512	.06504526	0
1135.15	0	.84568	.08885003	.06547	0
1134.15	0	.8445637	.08954261	.06589372	0
1133.15	0	.8434507	.09023286	.0663164	0
1132.15	0	.8423412	.09092078	.06673806	0
1131.15	0	.8412349	.09160638	.06715869	0
1130.15	0	.840132	.09228965	.0675783	0
1129.15	0	.8390325	.09297061	.0679969	0
1128.15	0	.8379363	.09364925	.06841448	0
1127.15	0	.8368434	.09432557	.06883104	0
1126.15	0	.8357538	.09499958	.0692466	0
1125.15	0	.8346676	.09567127	.06966114	0
1124.15	0	.8335847	.09634065	.07007469	0
1123.15	0	.832505	.09700773	.07048723	0
1122.15	0	.8314287	.0976725	.07089876	0
1121.15	0	.8303557	.09833496	.0713093	0
1120.15	0	.829286	.09899512	.07171885	0
1119.15	0	.8282196	.09965298	.0721274	0
1118.15	0	.8271565	.1003086	.07253496	0
1117.15	0	.8260967	.1009618	.07294153	0
1116.15	0	.8250401	.1016128	.07334711	0
1115.15	0	.8239868	.1022615	.07375171	0
1114.15	0	.8229368	.1029078	.07415533	0
1113.15	0	.8218901	.1035519	.07455797	0
1112.15	0	.8208466	.1041937	.07495963	0
1111.15	0	.8198064	.1048333	.07536031	0
1110.15	0	.8187695	.1054705	.07576002	0
1109.15	0	.8177358	.1061054	.07615876	0
1108.15	0	.8167054	.1067381	.07655653	0
1107.15	0	.8156782	.1073685	.07695334	0
1106.15	0	.8146542	.1079966	.07734918	0
1105.15	0	.8136335	.1086224	.07774406	0
1104.15	0	.812616	.109246	.07813797	0
1103.15	0	.8116018	.1098673	.07853093	0
1102.15	0	.8105908	.1104863	.07892293	0
1101.15	0	.809583	.111103	.07931398	0
1100.15	0	.8085784	.1117175	.07970407	0
1099.15	0	.8075771	.1123297	.08009322	0
1098.15	0	.8065789	.1129397	.08048142	0
1097.15	0	.805584	.1135473	.08086866	0
1096.15	0	.8045923	.1141527	.08125497	0
1095.15	0	.8036038	.1147559	.08164033	0
1094.15	0	.8026185	.1153568	.08202475	0
1093.15	0	.8016364	.1159554	.08240823	0
1092.15	0	.8006575	.1165518	.08279077	0
1091.15	0	.7996817	.1171459	.08317238	0
1090.15	0	.7987092	.1177377	.08355306	0
1089.15	0	.7977399	.1183273	.0839328	0
1088.15	0	.7967737	.1189147	.08431161	0
1087.15	0	.7958107	.1194998	.08468949	0
1086.15	0	.7948509	.1200826	.08506645	0
1085.15	0	.7938943	.1206632	.08544248	0
1084.15	0	.7929408	.1212416	.08581759	0
1083.15	0	.7919905	.1218177	.08619177	0
1082.15	0	.7910434	.1223916	.08656503	0
1081.15	0	.7900994	.1229632	.08693738	0
1080.15	0	.7891586	.1235326	.08730881	0
1079.15	0	.788221	.1240997	.08767932	0
1078.15	0	.7872865	.1246646	.08804892	0
1077.15	0	.7863551	.1252273	.0884176	0
1076.15	0	.7854269	.1257877	.08878538	0
1075.15	0	.7845019	.1263459	.08915224	0
1074.15	0	.7835799	.1269019	.0895182	0
1073.15	0	.7826612	.1274556	.08988325	0
1072.15	0	.7817455	.1280071	.09024739	0
1071.15	0	.780833	.1285563	.09061063	0
1070.15	0	.7799237	.1291034	.09097297	0
1069.15	0	.7790174	.1296482	.0913344	0
1068.15	0	.7781143	.1301908	.09169493	0
1067.15	0	.7772143	.1307311	.09205457	0
1066.15	0	.7763175	.1312692	.09241331	0
1065.15	0	.7754237	.1318051	.09277114	0
1064.15	0	.7745331	.1323388	.09312809	0
1063.15	0	.7736456	.1328703	.09348414	0
1062.15	0	.7727612	.1333995	.0938393	0
1061.15	0	.7718799	.1339266	.09419356	0
1060.15	0	.7710017	.1344514	.09454694	0
1059.15	0	.7701266	.134974	.09489942	0
1058.15	0	.7692547	.1354943	.09525102	0
1057.15	0	.7683858	.1360125	.09560173	0
1056.15	0	.76752	.1365284	.09595155	0
1055.15	0	.7666573	.1370422	.09630048	0
1054.15	0	.7657978	.1375537	.09664853	0
1053.15	0	.7649413	.138063	.0969957	0
1052.15	0	.7640879	.1385702	.09734199	0
1051.15	0	.7632375	.1390751	.09768739	0
1050.15	0	.7623903	.1395778	.09803191	0
1049.15	0	.7615462	.1400783	.09837555	0
1048.15	0	.7607051	.1405766	.09871831	0
1047.15	0	.7598671	.1410727	.09906019	0
1046.15	0	.7590322	.1415666	.09940119	0
1045.15	0	.7582004	.1420583	.09974132	0
1044.15	0	.7573716	.1425478	.1000806	0
1043.15	0	.7565459	.1430351	.100419	0
1042.15	0	.7557233	.1435203	.1007564	0
1041.15	0	.7549037	.1440032	.1010931	0
1040.15	0	.7540872	.144484	.1014288	0
1039.15	0	.7532738	.1449625	.1017637	0
1038.15	0	.7524634	.1454389	.1020977	0
1037.15	0	.7516561	.1459131	.1024308	0
1036.15	0	.7508518	.1463851	.1027631	0
1035.15	0	.7500506	.1468549	.1030945	0
1034.15	0	.7492524	.1473226	.103425	0
1033.15	0	.7484573	.1477881	.1037546	0
1032.15	0	.7476653	.1482514	.1040834	0
1031.15	0	.7468762	.1487125	.1044113	0
1030.15	0	.7460902	.1491714	.1047383	0
1029.15	0	.7453073	.1496282	.1050645	0
1028.15	0	.7445274	.1500828	.1053898	0
1027.15	0	.7437505	.1505353	.1057142	0
1026.15	0	.7429767	.1509855	.1060378	0
1025.15	0	.7422059	.1514337	.1063605	0
1024.15	0	.7414381	.1518796	.1066823	0
1023.15	0	.7406733	.1523234	.1070032	0
1022.15	0	.7399116	.1527651	.1073233	0
1021.15	0	.7391529	.1532046	.1076426	0
1020.15	0	.7383972	.1536419	.1079609	0
1019.15	0	.7376445	.1540771	.1082784	0
1018.15	0	.7368949	.1545102	.108595	0
1017.15	0	.7361482	.1549411	.1089107	0
1016.15	0	.7354046	.1553698	.1092256	0
1015.15	0	.7346639	.1557965	.1095396	0
1014.15	0	.7339263	.156221	.1098527	0
1013.15	0	.7331917	.1566433	.110165	0
1012.15	0	.7324601	.1570636	.1104764	0
1011.15	0	.7317314	.1574817	.1107869	0
1010.15	0	.7310058	.1578977	.1110966	0
1009.15	0	.7302831	.1583115	.1114053	0
1008.15	0	.7295635	.1587233	.1117133	0
1007.15	0	.7288468	.1591329	.1120203	0
1006.15	0	.7281331	.1595404	.1123265	0
1005.15	0	.7274224	.1599458	.1126318	0
1004.15	0	.7267147	.1603491	.1129362	0
1003.15	0	.7260099	.1607503	.1132397	0
1002.15	0	.7253082	.1611494	.1135424	0
1001.15	0	.7246093	.1615465	.1138442	0
1000.15	0	.7239135	.1619414	.1141451	0
999.15	0	.7232206	.1623342	.1144452	0
998.15	0	.7225307	.162725	.1147443	0
997.15	0	.7218437	.1631137	.1150426	0
996.15	0	.7211597	.1635003	.11534	0
995.15	0	.7204786	.1638848	.1156366	0
994.15	0	.7198005	.1642673	.1159322	0
993.15	0	.7191253	.1646478	.116227	0
992.15	0	.718453	.1650261	.1165209	0
991.15	0	.7177837	.1654024	.1168139	0
990.15	0	.7171173	.1657767	.117106	0
989.15	0	.7164538	.166149	.1173972	0
988.15	0	.7157933	.1665192	.1176876	0
987.15	0	.7151357	.1668873	.117977	0
986.15	0	.714481	.1672535	.1182656	0
985.15	0	.7138292	.1676176	.1185532	0
984.15	0	.7131803	.1679797	.11884	0
983.15	0	.7125343	.1683399	.1191259	0
982.15	0	.7118912	.168698	.1194109	0
981.15	0	.7112509	.1690541	.119695	0
980.15	0	.7106136	.1694082	.1199782	0
979.15	0	.7099792	.1697604	.1202604	0
978.15	0	.7093476	.1701106	.1205418	0
977.15	0	.7087189	.1704588	.1208223	0
976.15	0	.7080931	.1708051	.1211019	0
975.15	0	.7074701	.1711494	.1213805	0
974.15	0	.70685	.1714917	.1216583	0
973.15	0	.7062327	.1718322	.1219351	0
972.15	0	.7056183	.1721707	.1222111	0
971.15	0	.7050067	.1725073	.1224861	0
970.15	0	.7043979	.1728419	.1227602	0
969.15	0	.7037919	.1731747	.1230334	0
968.15	0	.7031888	.1735056	.1233056	0
967.15	0	.7025885	.1738346	.1235769	0
966.15	0	.701991	.1741617	.1238473	0
965.15	0	.7013963	.1744869	.1241168	0
964.15	0	.7008043	.1748103	.1243854	0
963.15	0	.7002152	.1751319	.124653	0
962.15	0	.6996288	.1754516	.1249196	0
961.15	0	.6990452	.1757694	.1251854	0
960.15	0	.6984644	.1760855	.1254501	0
959.15	0	.6978863	.1763997	.125714	0
958.15	0	.6973109	.1767122	.1259769	0
957.15	0	.6967383	.1770229	.1262388	0
956.15	0	.6961684	.1773318	.1264998	0
955.15	0	.6956012	.1776389	.1267598	0
954.15	0	.6950368	.1779443	.1270189	0
953.15	0	.694475	.178248	.127277	0
952.15	0	.6939159	.17855	.1275341	0
951.15	0	.6933595	.1788502	.1277903	0
950.15	0	.6928058	.1791488	.1280455	0
949.15	0	.6922547	.1794456	.1282997	0
948.15	0	.6917063	.1797408	.1285529	0
947.15	0	.6911605	.1800344	.1288052	0
946.15	0	.6906173	.1803263	.1290564	0
945.15	0	.6900767	.1806166	.1293067	0
944.15	0	.6895388	.1809053	.129556	0
943.15	0	.6890034	.1811924	.1298043	0
942.15	0	.6884706	.1814779	.1300515	0
941.15	0	.6879404	.1817618	.1302978	0
940.15	0	.6874127	.1820443	.1305431	0
939.15	0	.6868875	.1823252	.1307873	0
938.15	0	.6863649	.1826046	.1310305	0
937.15	0	.6858448	.1828825	.1312727	0
936.15	0	.6853272	.1831589	.1315139	0
935.15	0	.6848121	.1834339	.131754	0
934.15	0	.6842994	.1837075	.1319931	0
933.15	0	.6837892	.1839797	.1322311	0
932.15	0	.6832814	.1842504	.1324681	0
931.15	0	.6827761	.1845199	.1327041	0
930.15	0	.6822731	.1847879	.132939	0
929.15	0	.6817726	.1850547	.1331728	0
928.15	0	.6812744	.1853201	.1334056	0
927.15	0	.6807785	.1855843	.1336372	0
926.15	0	.680285	.1858472	.1338678	0
925.15	0	.6797938	.1861089	.1340973	0
924.15	0	.6793049	.1863693	.1343258	0
923.15	0	.6788183	.1866286	.1345531	0
922.15	0	.678334	.1868867	.1347793	0
921.15	0	.6778518	.1871438	.1350044	0
920.15	0	.6773719	.1873997	.1352284	0
919.15	0	.6768942	.1876545	.1354513	0
918.15	0	.6764187	.1879083	.135673	0
917.15	0	.6759453	.1881611	.1358936	0
916.15	0	.6754741	.1884128	.1361131	0
915.15	0	.6750049	.1886637	.1363314	0
914.15	0	.6745378	.1889136	.1365486	0
913.15	0	.6740728	.1891626	.1367646	0
912.15	0	.6736099	.1894107	.1369794	0
911.15	0	.6731489	.189658	.1371931	0
910.15	0	.6726899	.1899045	.1374056	0
909.15	0	.6722329	.1901502	.1376168	0
908.15	0	.6717778	.1903953	.1378269	0
907.15	0	.6713246	.1906396	.1380358	0
906.15	0	.6708733	.1908832	.1382435	0
905.15	0	.6704238	.1911263	.1384499	0
904.15	0	.6699762	.1913687	.1386551	0
903.15	0	.6695303	.1916106	.1388591	0
902.15	0	.6690862	.1918521	.1390618	0
901.15	0	.6686438	.192093	.1392632	0
900.15	0	.6682031	.1923335	.1394634	0
899.15	0	.667764	.1925737	.1396623	0
898.15	0	.6673266	.1928135	.1398599	0
897.15	0	.6668908	.193053	.1400562	0
896.15	0	.6664565	.1932923	.1402513	0
895.15	0	.6660237	.1935313	.140445	0
894.15	0	.6655924	.1937703	.1406373	0
893.15	0	.6651626	.1940091	.1408284	0
892.15	0	.6647341	.1942478	.141018	0
891.15	0	.6643071	.1944866	.1412064	0
890.15	0	.6638813	.1947254	.1413933	0
889.15	0	.6634568	.1949643	.1415789	0
888.15	0	.6630336	.1952033	.1417631	0
887.15	0	.6626116	.1954426	.1419458	0
886.15	0	.6621907	.1956821	.1421272	0
885.15	0	.6617709	.1959219	.1423071	0
884.15	0	.6613522	.1961622	.1424856	0
883.15	0	.6609346	.1964028	.1426626	0
882.15	0	.6605178	.196644	.1428382	0
881.15	0	.660102	.1968857	.1430122	0
880.15	0	.6596871	.1971281	.1431848	0
879.15	0	.659273	.1973712	.1433559	0
878.15	0	.6588596	.197615	.1435254	0
877.15	0	.658447	.1978597	.1436934	0
876.15	0	.658035	.1981052	.1438598	0
875.15	0	.6576236	.1983518	.1440247	0
874.15	0	.6572127	.1985994	.1441879	0
873.15	0	.6568023	.1988481	.1443496	0
872.15	0	.6563924	.199098	.1445096	0
871.15	0	.6559828	.1993492	.144668	0
870.15	0	.6555735	.1996018	.1448247	0
869.15	0	.6551644	.1998558	.1449798	0
868.15	0	.6547555	.2001114	.1451331	0
867.15	0	.6543466	.2003686	.1452848	0
866.15	0	.6539378	.2006275	.1454347	0
865.15	0	.6535289	.2008882	.1455828	0
864.15	0	.6531199	.2011509	.1457292	0
863.15	0	.6527107	.2014155	.1458737	0
862.15	0	.6523013	.2016823	.1460165	0
861.15	0	.6518914	.2019512	.1461574	0
860.15	0	.6514811	.2022225	.1462964	0
859.15	0	.6510703	.2024962	.1464335	0
858.15	0	.6506588	.2027725	.1465687	0
857.15	0	.6502467	.2030514	.146702	0
856.15	0	.6498337	.2033331	.1468332	0
855.15	0	.6494198	.2036176	.1469625	0
854.15	0	.649005	.2039053	.1470897	0
853.15	0	.648589	.2041961	.1472149	0
852.15	0	.6481718	.2044902	.147338	0
851.15	0	.6477533	.2047877	.147459	0
850.15	0	.6473334	.2050888	.1475778	0
849.15	0	.646912	.2053937	.1476944	0
848.15	0	.6464888	.2057024	.1478087	0
847.15	0	.6460639	.2060153	.1479208	0
846.15	0	.6456371	.2063323	.1480306	0
845.15	0	.6452082	.2066538	.148138	0
844.15	0	.6447771	.2069798	.1482431	0
843.15	0	.6443437	.2073106	.1483457	0
842.15	0	.6439078	.2076464	.1484458	0
841.15	0	.6434693	.2079873	.1485434	0
840.15	0	.6430279	.2083337	.1486384	0
839.15	0	.6425836	.2086856	.1487308	0
838.15	0	.6421362	.2090434	.1488205	0
837.15	0	.6416853	.2094072	.1489074	0
836.15	0	.641231	.2097774	.1489916	0
835.15	0	.640773	.2101542	.1490728	0
834.15	0	.640311	.2105379	.1491512	0
833.15	0	.6398448	.2109287	.1492265	0
832.15	0	.6393742	.2113271	.1492987	0
831.15	0	.638899	.2117332	.1493678	0
830.15	0	.6384189	.2121474	.1494336	0
829.15	0	.6379336	.2125702	.1494962	0
828.15	0	.6374429	.2130019	.1495553	0
827.15	0	.6369464	.2134428	.1496108	0
826.15	0	.6364438	.2138935	.1496628	0
825.15	0	.6359347	.2143543	.149711	0
824.15	0	.6354188	.2148258	.1497554	0
823.15	0	.6348958	.2153084	.1497958	0
822.15	0	.6343651	.2158028	.149832	0
821.15	0	.6338264	.2163095	.1498641	0
820.15	0	.6332792	.2168291	.1498917	0
819.15	0	.6327229	.2173624	.1499148	0
818.15	0	.632157	.21791	.1499331	0
817.15	0	.6315809	.2184727	.1499464	0
816.15	0	.6309939	.2190515	.1499546	0
815.15	0	.6303954	.2196472	.1499575	0
814.15	0	.6297846	.2202608	.1499547	0
813.15	0	.6291606	.2208935	.149946	0
812.15	0	.6285225	.2215464	.1499311	0
811.15	0	.6278694	.2222209	.1499097	0
810.15	0	.6272001	.2229185	.1498814	0
809.15	0	.6265133	.2236409	.1498459	0
808.15	0	.6258077	.2243897	.1498026	0
807.15	0	.6250817	.2251671	.1497512	0
806.15	0	.6243337	.2259753	.149691	0
805.15	0	.6232958	.2271505	.1495537	0
804.15	0	.6217978	.2289089	.1492933	0
803.15	0	.6204039	.230543	.1490531	0
802.15	0	.6191019	.2320678	.1488303	0
801.15	0	.6178815	.2334956	.148623	0
800.15	0	.616734	.2348368	.1484292	0
799.15	0	.6156524	.2361	.1482476	0
798.15	0	.6146305	.2372928	.1480768	0
797.15	0	.6136628	.2384215	.1479158	0
796.15	0	.6127447	.2394917	.1477636	0
795.15	0	.6118722	.2405083	.1476195	0
794.15	0	.6110417	.2414756	.1474827	0
793.15	0	.6102499	.2423975	.1473526	0
792.15	0	.6094941	.2432772	.1472287	0
791.15	0	.6087717	.2441178	.1471105	0
790.15	0	.6080805	.2449221	.1469975	0
789.15	0	.6074183	.2456924	.1468893	0
788.15	0	.6067832	.2464312	.1467856	0
787.15	0	.6061737	.2471402	.1466861	0
786.15	0	.6055881	.2478215	.1465905	0
785.15	0	.6050249	.2484766	.1464985	0
784.15	0	.604483	.2491072	.1464098	0
783.15	0	.6039634	.2497129	.1463238	0
782.15	0	.6034601	.2502986	.1462413	0
781.15	0	.6029747	.2508638	.1461616	0
780.15	0	.6025062	.2514094	.1460845	0
779.15	0	.6020537	.2519365	.1460098	0
778.15	0	.6016165	.2524461	.1459374	0
777.15	0	.6011936	.2529391	.1458672	0
776.15	0	.6007846	.2534164	.1457991	0
775.15	0	.6003885	.2538786	.1457328	0
774.15	0	.600005	.2543266	.1456685	0
773.15	0	.5996332	.254761	.1456058	0
772.15	0	.5992728	.2551825	.1455447	0
771.15	0	.5989232	.2555916	.1454852	0
770.15	0	.5985839	.255989	.1454272	0
769.15	0	.5982544	.2563751	.1453705	0
768.15	0	.5979343	.2567506	.1453151	0
767.15	0	.5976233	.2571157	.145261	0
766.15	0	.5973208	.2574711	.1452081	0
765.15	0	.5970267	.257817	.1451563	0
764.15	0	.5967404	.258154	.1451056	0
763.15	0	.5964618	.2584824	.1450559	0
762.15	0	.5961904	.2588025	.1450071	0
761.15	0	.595926	.2591147	.1449593	0
760.15	0	.5956684	.2594193	.1449123	0
759.15	0	.5954172	.2597166	.1448662	0
758.15	0	.5951722	.260007	.1448209	0
757.15	0	.5949331	.2602906	.1447763	0
756.15	0	.5946998	.2605677	.1447325	0
755.15	0	.594472	.2608387	.1446893	0
754.15	0	.5942495	.2611037	.1446468	0
753.15	0	.5940322	.2613629	.1446049	0
752.15	0	.5938197	.2616166	.1445637	0
751.15	0	.593612	.261865	.144523	0
750.15	0	.5934089	.2621083	.1444828	0
749.15	0	.5932102	.2623467	.1444431	0
748.15	0	.5930158	.2625803	.144404	0
747.15	0	.5928254	.2628093	.1443653	0
746.15	0	.5926391	.2630339	.1443271	0
745.15	0	.5924565	.2632542	.1442893	0
744.15	0	.5922777	.2634704	.1442519	0
743.15	0	.5921024	.2636827	.1442149	0
742.15	0	.5919306	.2638912	.1441783	0
741.15	0	.5917621	.2640959	.144142	0
740.15	0	.5915968	.2642971	.1441061	0
739.15	0	.5914346	.2644949	.1440705	0
738.15	0	.5912755	.2646893	.1440352	0
737.15	0	.5911193	.2648805	.1440002	0
736.15	0	.5909659	.2650686	.1439655	0
735.15	0	.5908152	.2652537	.1439311	0
734.15	0	.5906672	.2654359	.1438969	0
733.15	0	.5905217	.2656152	.143863	0
732.15	0	.5903788	.2657919	.1438293	0
731.15	0	.5902382	.2659659	.1437959	0
730.15	0	.5901	.2661374	.1437626	0
729.15	0	.589964	.2663065	.1437296	0
728.15	0	.5898302	.2664731	.1436967	0
727.15	0	.5896985	.2666374	.1436641	0
726.15	0	.5895689	.2667995	.1436316	0
725.15	0	.5894413	.2669595	.1435993	0
724.15	0	.5893156	.2671173	.1435671	0
723.15	0	.5891918	.2672731	.1435351	0
722.15	0	.5890699	.2674269	.1435032	0
721.15	0	.5889497	.2675788	.1434715	0
720.15	0	.5888312	.2677289	.1434399	0
719.15	0	.5887144	.2678772	.1434084	0
718.15	0	.5885992	.2680237	.1433771	0
717.15	0	.5884856	.2681686	.1433458	0
716.15	0	.5883735	.2683118	.1433147	0
715.15	0	.5882629	.2684534	.1432837	0
714.15	0	.5881538	.2685935	.1432527	0
713.15	0	.588046	.2687321	.1432219	0
712.15	0	.5879397	.2688692	.1431911	0
711.15	0	.5878347	.269005	.1431604	0
710.15	0	.5877309	.2691393	.1431298	0
709.15	0	.5876284	.2692723	.1430992	0
708.15	0	.5875272	.2694041	.1430688	0
707.15	0	.5874271	.2695346	.1430384	0
706.15	0	.5873282	.2696638	.143008	0
705.15	0	.5872304	.2697919	.1429777	0
704.15	0	.5871338	.2699188	.1429474	0
703.15	0	.5870381	.2700446	.1429172	0
702.15	0	.5869436	.2701693	.1428871	0
701.15	0	.58685	.270293	.142857	0
700.15	0	.5867575	.2704157	.1428269	0
699.15	0	.5866659	.2705373	.1427968	0
698.15	0	.5865752	.270658	.1427668	0
697.15	0	.5864855	.2707777	.1427368	0
696.15	0	.5863967	.2708965	.1427069	0
695.15	0	.5863087	.2710144	.1426769	0
694.15	0	.5862216	.2711314	.142647	0
693.15	0	.5861353	.2712476	.1426171	0
692.15	0	.5860498	.271363	.1425873	0
691.15	0	.5859651	.2714775	.1425574	0
690.15	0	.5858812	.2715913	.1425275	0
689.15	0	.585798	.2717043	.1424977	0
688.15	0	.5857155	.2718166	.1424679	0
687.15	0	.5856338	.2719282	.1424381	0
686.15	0	.5855528	.272039	.1424082	0
685.15	0	.5854724	.2721492	.1423784	0
684.15	0	.5853927	.2722587	.1423486	0
683.15	0	.5853137	.2723675	.1423188	0
682.15	0	.5852353	.2724757	.142289	0
681.15	0	.5851575	.2725833	.1422592	0
680.15	0	.5850804	.2726903	.1422294	0
679.15	0	.5850038	.2727967	.1421995	0
678.15	0	.5849278	.2729025	.1421697	0
677.15	0	.5848524	.2730078	.1421399	0
676.15	0	.5847775	.2731125	.14211	0
675.15	0	.5847032	.2732167	.1420802	0
674.15	0	.5846294	.2733204	.1420503	0
673.15	0	.5845561	.2734235	.1420204	0
672.15	0	.5844833	.2735262	.1419905	0
671.15	0	.584411	.2736284	.1419606	0
670.15	0	.5843392	.2737301	.1419307	0
669.15	0	.5842679	.2738313	.1419008	0
668.15	0	.5841971	.2739321	.1418708	0
667.15	0	.5841267	.2740324	.1418409	0
666.15	0	.5840567	.2741324	.1418109	0
665.15	0	.5839872	.2742319	.1417809	0
664.15	0	.5839182	.274331	.1417509	0
663.15	0	.5838495	.2744297	.1417209	0
662.15	0	.5837813	.274528	.1416908	0
661.15	0	.5837134	.2746259	.1416607	0
660.15	0	.583646	.2747234	.1416307	0
659.15	0	.5835789	.2748206	.1416005	0
658.15	0	.5835122	.2749174	.1415704	0
657.15	0	.5834459	.2750138	.1415403	0
656.15	0	.58338	.2751099	.1415101	0
655.15	0	.5833144	.2752057	.1414799	0
654.15	0	.5832492	.2753011	.1414497	0
653.15	0	.5831843	.2753963	.1414194	0
652.15	0	.5831198	.2754911	.1413892	0
651.15	0	.5830556	.2755856	.1413589	0
650.15	0	.5829917	.2756797	.1413286	0
649.15	0	.5829281	.2757736	.1412982	0
648.15	0	.5828649	.2758672	.1412679	0
647.15	0	.582802	.2759605	.1412375	0
646.15	0	.5827393	.2760535	.1412071	0
645.15	0	.582677	.2761463	.1411767	0
644.15	0	.582615	.2762388	.1411463	0
643.15	0	.5825533	.276331	.1411158	0
642.15	0	.5824918	.2764229	.1410853	0
641.15	0	.5824306	.2765146	.1410548	0
640.15	0	.5823697	.276606	.1410242	0
639.15	0	.5823091	.2766972	.1409937	0
638.15	0	.5822487	.2767882	.1409631	0
637.15	0	.5821886	.2768789	.1409325	0
636.15	0	.5821288	.2769693	.1409019	0
635.15	0	.5820692	.2770596	.1408712	0
634.15	0	.5820099	.2771496	.1408406	0
633.15	0	.5819508	.2772393	.1408098	0
632.15	0	.581892	.2773289	.1407791	0
631.15	0	.5818334	.2774183	.1407484	0
630.15	0	.581775	.2775074	.1407176	0
629.15	0	.5817169	.2775963	.1406869	0
628.15	0	.5816589	.277685	.1406561	0
627.15	0	.5816013	.2777735	.1406252	0
626.15	0	.5815438	.2778618	.1405944	0
625.15	0	.5814866	.2779499	.1405635	0
624.15	0	.5814296	.2780378	.1405326	0
623.15	0	.5813727	.2781255	.1405017	0
622.15	0	.5813162	.278213	.1404708	0
621.15	0	.5812598	.2783004	.1404399	0
620.15	0	.5812036	.2783875	.1404089	0
619.15	0	.5811476	.2784745	.1403779	0
618.15	0	.5810918	.2785612	.1403469	0
617.15	0	.5810363	.2786478	.1403159	0
616.15	0	.5809809	.2787343	.1402849	0
615.15	0	.5809257	.2788205	.1402538	0
614.15	0	.5808707	.2789066	.1402228	0
613.15	0	.5808159	.2789924	.1401917	0
612.15	0	.5807613	.2790782	.1401606	0
611.15	0	.5807068	.2791637	.1401295	0
610.15	0	.5806526	.2792491	.1400984	0
609.15	0	.5805985	.2793343	.1400672	0
608.15	0	.5805446	.2794194	.1400361	0
607.15	0	.5804909	.2795042	.1400049	0
606.15	0	.5804373	.279589	.1399737	0
605.15	0	.580384	.2796735	.1399425	0
604.15	0	.5803308	.2797579	.1399113	0
603.15	0	.5802778	.2798422	.1398801	0
602.15	0	.5802249	.2799263	.1398488	0
601.15	0	.5801722	.2800102	.1398176	0
600.15	0	.5801197	.280094	.1397863	0
599.15	0	.5800673	.2801776	.1397551	0
598.15	0	.5800151	.2802611	.1397238	0
597.15	0	.5799631	.2803444	.1396925	0
596.15	0	.5799112	.2804276	.1396612	0
595.15	0	.5798595	.2805106	.1396299	0
594.15	0	.5798079	.2805935	.1395986	0
593.15	0	.5797565	.2806762	.1395673	0
592.15	0	.5797053	.2807588	.139536	0
591.15	0	.5796541	.2808412	.1395047	0
590.15	0	.5796032	.2809235	.1394733	0
589.15	0	.5795524	.2810056	.139442	0
588.15	0	.5795018	.2810876	.1394107	0
587.15	0	.5794513	.2811694	.1393793	0
586.15	0	.5794009	.2812511	.139348	0
585.15	0	.5793507	.2813327	.1393166	0
584.15	0	.5793006	.2814141	.1392853	0
583.15	0	.5792507	.2814953	.1392539	0
582.15	0	.579201	.2815765	.1392226	0
581.15	0	.5791513	.2816574	.1391912	0
580.15	0	.5791019	.2817383	.1391599	0
579.15	0	.5790525	.281819	.1391285	0
578.15	0	.5790033	.2818995	.1390972	0
577.15	0	.5789543	.2819799	.1390658	0
576.15	0	.5789053	.2820602	.1390345	0
575.15	0	.5788566	.2821403	.1390032	0
574.15	0	.5788079	.2822203	.1389718	0
573.15	0	.5787594	.2823001	.1389405	0
572.15	0	.578711	.2823798	.1389092	0
571.15	0	.5786628	.2824594	.1388778	0
570.15	0	.5786147	.2825388	.1388465	0
569.15	0	.5785667	.2826181	.1388152	0
568.15	0	.5785189	.2826972	.1387839	0
567.15	0	.5784712	.2827762	.1387526	0
566.15	0	.5784236	.282855	.1387214	0
565.15	0	.5783762	.2829337	.1386901	0
564.15	0	.5783289	.2830123	.1386588	0
563.15	0	.5782817	.2830907	.1386276	0
562.15	0	.5782347	.283169	.1385963	0
561.15	0	.5781878	.2832471	.1385651	0
560.15	0	.578141	.2833251	.1385339	0
559.15	0	.5780943	.283403	.1385027	0
558.15	0	.5780478	.2834807	.1384715	0
557.15	0	.5780014	.2835583	.1384403	0
556.15	0	.5779552	.2836357	.1384092	0
555.15	0	.577909	.2837129	.138378	0
554.15	0	.577863	.2837901	.1383469	0
553.15	0	.5778172	.2838671	.1383158	0
552.15	0	.5777714	.2839439	.1382847	0
551.15	0	.5777258	.2840206	.1382536	0
550.15	0	.5776803	.2840972	.1382226	0
549.15	0	.5776349	.2841735	.1381915	0
548.15	0	.5775897	.2842498	.1381605	0
547.15	0	.5775445	.2843259	.1381295	0
546.15	0	.5774996	.2844019	.1380986	0
545.15	0	.5774547	.2844777	.1380676	0
544.15	0	.5774099	.2845534	.1380367	0
543.15	0	.5773653	.2846289	.1380058	0
542.15	0	.5773208	.2847043	.1379749	0
541.15	0	.5772765	.2847795	.1379441	0
540.15	0	.5772322	.2848545	.1379132	0
539.15	0	.5771881	.2849295	.1378824	0
538.15	0	.5771441	.2850042	.1378517	0
537.15	0	.5771002	.2850788	.1378209	0
536.15	0	.5770565	.2851533	.1377902	0
535.15	0	.5770129	.2852276	.1377595	0
534.15	0	.5769694	.2853018	.1377289	0
533.15	0	.576926	.2853758	.1376982	0
532.15	0	.5768828	.2854496	.1376676	0
531.15	0	.5768396	.2855233	.1376371	0
530.15	0	.5767966	.2855969	.1376065	0
529.15	0	.5767537	.2856702	.137576	0
528.15	0	.576711	.2857435	.1375456	0
527.15	0	.5766683	.2858165	.1375151	0
526.15	0	.5766258	.2858894	.1374847	0
525.15	0	.5765836	.2859622	.1374542	0
524.15	0	.5765413	.2860347	.1374239	0
523.15	0	.5764992	.2861072	.1373936	0
522.15	0	.5764572	.2861794	.1373634	0
521.15	0	.5764153	.2862515	.1373331	0
520.15	0	.5763735	.2863235	.137303	0
519.15	0	.5763319	.2863953	.1372728	0
518.15	0	.5762904	.2864669	.1372428	0
517.15	0	.576249	.2865383	.1372127	0
516.15	0	.5762077	.2866096	.1371827	0
515.15	0	.5761665	.2866808	.1371527	0
514.15	0	.5761255	.2867517	.1371228	0
513.15	0	.5760846	.2868225	.1370929	0
512.15	0	.5760438	.2868931	.137063	0
511.15	0	.5760032	.2869636	.1370332	0
510.15	0	.5759626	.2870339	.1370035	0
509.15	0	.5759222	.287104	.1369738	0
508.15	0	.5758819	.2871739	.1369441	0
507.15	0	.5758418	.2872437	.1369145	0
506.15	0	.5758017	.2873133	.136885	0
505.15	0	.5757618	.2873827	.1368555	0
504.15	0	.575722	.287452	.136826	0
503.15	0	.5756824	.2875211	.1367966	0
502.15	0	.5756428	.28759	.1367672	0
501.15	0	.5756034	.2876587	.1367379	0
500.15	0	.5755641	.2877273	.1367086	0
499.15	0	.5755249	.2877956	.1366794	0
498.15	0	.5754859	.2878638	.1366503	0
497.15	0	.575447	.2879318	.1366212	0
496.15	0	.5754082	.2879997	.1365921	0
495.15	0	.5753695	.2880673	.1365632	0
494.15	0	.575331	.2881348	.1365342	0
493.15	0	.5752926	.2882021	.1365053	0
492.15	0	.5752542	.2882692	.1364765	0
491.15	0	.5752161	.2883362	.1364478	0
490.15	0	.575178	.2884029	.136419	0
489.15	0	.5751401	.2884695	.1363904	0
488.15	0	.5751023	.2885358	.1363618	0
487.15	0	.5750647	.288602	.1363333	0
486.15	0	.5750271	.288668	.1363048	0
485.15	0	.5749897	.2887339	.1362764	0
484.15	0	.5749524	.2887995	.1362481	0
483.15	0	.5749153	.2888649	.1362198	0
482.15	0	.5748782	.2889302	.1361916	0
481.15	0	.5748413	.2889952	.1361635	0
480.15	0	.5748045	.2890601	.1361354	0
479.15	0	.5747679	.2891247	.1361074	0
478.15	0	.5747314	.2891892	.1360794	0
477.15	0	.574695	.2892535	.1360515	0
476.15	0	.5746587	.2893176	.1360237	0
475.15	0	.5746225	.2893815	.135996	0
474.15	0	.5745865	.2894452	.1359683	0
473.15	0	.5745506	.2895087	.1359407	0
472.15	0	.5745149	.289572	.1359131	0
471.15	0	.5744792	.2896351	.1358857	0
470.15	0	.5744437	.289698	.1358583	0
469.15	0	.5744084	.2897607	.1358309	0
468.15	0	.5743731	.2898232	.1358037	0
467.15	0	.574338	.2898855	.1357765	0
466.15	0	.574303	.2899476	.1357494	0
465.15	0	.5742681	.2900095	.1357224	0
464.15	0	.5742334	.2900712	.1356954	0
463.15	0	.5741988	.2901327	.1356685	0
462.15	0	.5741644	.2901939	.1356417	0
461.15	0	.57413	.290255	.135615	0
460.15	0	.5740958	.2903159	.1355883	0
459.15	0	.5740617	.2903765	.1355618	0
458.15	0	.5740278	.290437	.1355353	0
457.15	0	.573994	.2904972	.1355088	0
456.15	0	.5739603	.2905572	.1354825	0
455.15	0	.5739267	.2906171	.1354562	0
454.15	0	.5738933	.2906767	.1354301	0
453.15	0	.57386	.2907361	.135404	0
452.15	0	.5738268	.2907953	.1353779	0
451.15	0	.5737938	.2908542	.135352	0
450.15	0	.5737609	.290913	.1353262	0
449.15	0	.5737281	.2909715	.1353004	0
448.15	0	.5736955	.2910297	.1352747	0
447.15	0	.5736631	.2910877	.1352492	0
446.15	0	.5736308	.2911455	.1352237	0
445.15	0	.5735986	.2912031	.1351983	0
444.15	0	.5735666	.2912604	.135173	0
443.15	0	.5735347	.2913175	.1351478	0
442.15	0	.573503	.2913743	.1351227	0
441.15	0	.5734714	.2914309	.1350977	0
440.15	0	.57344	.2914872	.1350728	0
439.15	0	.5734088	.2915432	.135048	0
438.15	0	.5733777	.291599	.1350233	0
437.15	0	.5733468	.2916545	.1349987	0
436.15	0	.5733161	.2917097	.1349742	0
435.15	0	.5732855	.2917646	.1349499	0
434.15	0	.5732551	.2918193	.1349256	0
433.15	0	.5732249	.2918736	.1349014	0
432.15	0	.5731949	.2919277	.1348774	0
431.15	0	.573165	.2919815	.1348535	0
430.15	0	.5731354	.292035	.1348297	0
429.15	0	.5731059	.2920881	.134806	0
428.15	0	.5730766	.292141	.1347824	0
427.15	0	.5730474	.2921936	.134759	0
426.15	0	.5730185	.2922458	.1347357	0
425.15	0	.5729897	.2922978	.1347125	0
424.15	0	.5729612	.2923495	.1346894	0
423.15	0	.5729328	.2924008	.1346664	0
422.15	0	.5729046	.2924518	.1346436	0
421.15	0	.5728766	.2925025	.1346209	0
420.15	0	.5728488	.2925529	.1345983	0
419.15	0	.5728212	.292603	.1345758	0
418.15	0	.5727937	.2926528	.1345535	0
417.15	0	.5727665	.2927022	.1345313	0
416.15	0	.5727395	.2927514	.1345092	0
415.15	0	.5727126	.2928002	.1344873	0
414.15	0	.5726859	.2928486	.1344654	0
413.15	0	.5726594	.2928968	.1344437	0
412.15	0	.5726332	.2929447	.1344222	0
411.15	0	.5726071	.2929922	.1344008	0
410.15	0	.5725811	.2930394	.1343795	0
409.15	0	.5725554	.2930863	.1343583	0
408.15	0	.5725299	.2931328	.1343373	0
407.15	0	.5725046	.2931791	.1343164	0
406.15	0	.5724794	.293225	.1342956	0
405.15	0	.5724545	.2932706	.1342749	0
404.15	0	.5724297	.2933159	.1342544	0
403.15	0	.5724051	.2933608	.1342341	0
402.15	0	.5723807	.2934055	.1342138	0
401.15	0	.5723565	.2934498	.1341937	0
400.15	0	.5723325	.2934938	.1341737	0
399.15	0	.5723086	.2935375	.1341539	0
398.15	0	.572285	.2935809	.1341342	0
397.15	0	.5722615	.2936239	.1341146	0
396.15	0	.5722382	.2936667	.1340952	0
395.15	0	.572215	.2937091	.1340758	0
394.15	0	.5721921	.2937512	.1340567	0
393.15	0	.5721693	.293793	.1340376	0
392.15	0	.5721468	.2938345	.1340187	0
391.15	0	.5721243	.2938757	.1339999	0
390.15	0	.5721021	.2939166	.1339813	0
389.15	0	.57208	.2939572	.1339628	0
388.15	0	.5720582	.2939975	.1339444	0
387.15	0	.5720364	.2940375	.1339261	0
386.15	0	.5720149	.2940771	.133908	0
385.15	0	.5719935	.2941165	.13389	0
384.15	0	.5719723	.2941556	.1338721	0
383.15	0	.5719512	.2941944	.1338544	0
382.15	0	.5719303	.2942329	.1338368	0
381.15	0	.5719096	.2942711	.1338193	0
380.15	0	.571889	.294309	.133802	0
379.15	0	.5718686	.2943466	.1337848	0
378.15	0	.5718484	.2943839	.1337677	0
377.15	0	.5718283	.294421	.1337508	0
