T	 BPW(LIQUID)	BPW(BCC_A2)	BPW(FCC_A1)	BPW(LAVES_PHASE_C14)	BPW(NI3TI)
1473.15	.3396405	.6603596	0	0	0
1472.15	.336906	.663094	0	0	0
1471.15	.3341893	.6658107	0	0	0
1470.15	.33149	.66851	0	0	0
1469.15	.3288082	.6711918	0	0	0
1468.15	.3261436	.6738564	0	0	0
1467.15	.3234961	.6765039	0	0	0
1466.15	.3208655	.6791345	0	0	0
1465.15	.3182517	.6817483	0	0	0
1464.15	.3156546	.6843455	0	0	0
1463.15	.3130739	.6869261	0	0	0
1462.15	.3105097	.6894903	0	0	0
1461.15	.3079616	.6920384	0	0	0
1460.15	.3054297	.6945703	0	0	0
1459.15	.3029137	.6970863	0	0	0
1458.15	.3004136	.6995864	0	0	0
1457.15	.2979291	.7020709	0	0	0
1456.15	.2954602	.7045398	0	0	0
1455.15	.2930068	.7069932	0	0	0
1454.15	.2905686	.7094314	0	0	0
1453.15	.2881456	.7118544	0	0	0
1452.15	.2857377	.7142623	0	0	0
1451.15	.2833447	.7166553	0	0	0
1450.15	.2809665	.7190335	0	0	0
1449.15	.278603	.721397	0	0	0
1448.15	.276254	.723746	0	0	0
1447.15	.2739195	.7260805	0	0	0
1446.15	.2715994	.7284006	0	0	0
1445.15	.2692934	.7307066	0	0	0
1444.15	.2670015	.7329985	0	0	0
1443.15	.2647236	.7352764	0	0	0
1442.15	.2624596	.7375404	0	0	0
1441.15	.2602093	.7397907	0	0	0
1440.15	.2579727	.7420273	0	0	0
1439.15	.2557496	.7442504	0	0	0
1438.15	.25354	.74646	0	0	0
1437.15	.2513436	.7486564	0	0	0
1436.15	.2491605	.7508395	0	0	0
1435.15	.2469905	.7530095	0	0	0
1434.15	.2448335	.7551665	0	0	0
1433.15	.2426894	.7573106	0	0	0
1432.15	.2405581	.7594419	0	0	0
1431.15	.2384395	.7615605	0	0	0
1430.15	.2363335	.7636665	0	0	0
1429.15	.23424	.76576	0	0	0
1428.15	.2321589	.7678411	0	0	0
1427.15	.2300901	.7699099	0	0	0
1426.15	.2280336	.7719664	0	0	0
1425.15	.2259891	.7740109	0	0	0
1424.15	.2239567	.7760433	0	0	0
1423.15	.2219362	.7780638	0	0	0
1422.15	.2199275	.7800725	0	0	0
1421.15	.2179306	.7820694	0	0	0
1420.15	.2159454	.7840546	0	0	0
1419.15	.2139717	.7860283	0	0	0
1418.15	.2120095	.7879905	0	0	0
1417.15	.2100587	.7899413	0	0	0
1416.15	.2081192	.7918808	0	0	0
1415.15	.2061909	.7938091	0	0	0
1414.15	.2042738	.7957262	0	0	0
1413.15	.2023677	.7976323	0	0	0
1412.15	.2004726	.7995274	0	0	0
1411.15	.1985883	.8014117	0	0	0
1410.15	.1967149	.8032851	0	0	0
1409.15	.1948522	.8051478	0	0	0
1408.15	.1930002	.8069998	0	0	0
1407.15	.1911587	.8088413	0	0	0
1406.15	.1893277	.8106723	0	0	0
1405.15	.1875071	.8124929	0	0	0
1404.15	.1856969	.8143031	0	0	0
1403.15	.1838969	.8161031	0	0	0
1402.15	.1821071	.8178929	0	0	0
1401.15	.1803274	.8196726	0	0	0
1400.15	.1785578	.8214422	0	0	0
1399.15	.1767981	.8232019	0	0	0
1398.15	.1750483	.8249517	0	0	0
1397.15	.1733083	.8266917	0	0	0
1396.15	.1715781	.828422	0	0	0
1395.15	.1698575	.8301425	0	0	0
1394.15	.1681465	.8318535	0	0	0
1393.15	.1664451	.8335549	0	0	0
1392.15	.1647532	.8352468	0	0	0
1391.15	.1630707	.8369293	0	0	0
1390.15	.1613975	.8386025	0	0	0
1389.15	.1597336	.8402664	0	0	0
1388.15	.1580789	.8419211	0	0	0
1387.15	.1564333	.8435667	0	0	0
1386.15	.1547968	.8452032	0	0	0
1385.15	.1531693	.8468307	0	0	0
1384.15	.1515508	.8484492	0	0	0
1383.15	.1499412	.8500588	0	0	0
1382.15	.1483404	.8516597	0	0	0
1381.15	.1467483	.8532517	0	0	0
1380.15	.145165	.854835	0	0	0
1379.15	.1435903	.8564097	0	0	0
1378.15	.1420242	.8579758	0	0	0
1377.15	.1404666	.8595334	0	0	0
1376.15	.1389175	.8610825	0	0	0
1375.15	.1373768	.8626232	0	0	0
1374.15	.1358445	.8641555	0	0	0
1373.15	.1343204	.8656796	0	0	0
1372.15	.1328046	.8671954	0	0	0
1371.15	.131297	.868703	0	0	0
1370.15	.1297976	.8702025	0	0	0
1369.15	.1283062	.8716938	0	0	0
1368.15	.1268228	.8731772	0	0	0
1367.15	.1253474	.8746526	0	0	0
1366.15	.1238799	.8761201	0	0	0
1365.15	.1224203	.8775797	0	0	0
1364.15	.1209685	.8790315	0	0	0
1363.15	.1195245	.8804755	0	0	0
1362.15	.1180881	.8819119	0	0	0
1361.15	.1166595	.8833405	0	0	0
1360.15	.1152384	.8847616	0	0	0
1359.15	.1138249	.886175	0	0	0
1358.15	.112419	.887581	0	0	0
1357.15	.1110205	.8889795	0	0	0
1356.15	.1096294	.8903706	0	0	0
1355.15	.1082457	.8917543	0	0	0
1354.15	.1068693	.8931307	0	0	0
1353.15	.1055002	.8944998	0	0	0
1352.15	.1041383	.8958617	0	0	0
1351.15	.1027837	.8972164	0	0	0
1350.15	.1014361	.8985639	0	0	0
1349.15	.1000957	.8999043	0	0	0
1348.15	.09876227	.9012377	0	0	0
1347.15	.09743589	.9025641	0	0	0
1346.15	.09611647	.9038835	0	0	0
1345.15	.09480397	.905196	0	0	0
1344.15	.09349835	.9065016	0	0	0
1343.15	.09219958	.9078004	0	0	0
1342.15	.0909076	.9090924	0	0	0
1341.15	.08962237	.9103776	0	0	0
1340.15	.08834386	.9116561	0	0	0
1339.15	.08707202	.912928	0	0	0
1338.15	.08580682	.9141932	0	0	0
1337.15	.08454821	.9154518	0	0	0
1336.15	.08329615	.9167039	0	0	0
1335.15	.08205061	.9179494	0	0	0
1334.15	.08081154	.9191885	0	0	0
1333.15	.07957892	.9204211	0	0	0
1332.15	.07835269	.9216473	0	0	0
1331.15	.07713283	.9228672	0	0	0
1330.15	.0759193	.9240807	0	0	0
1329.15	.07471205	.925288	0	0	0
1328.15	.07351106	.9264889	0	0	0
1327.15	.07231629	.9276837	0	0	0
1326.15	.07112769	.9288723	0	0	0
1325.15	.06994524	.9300548	0	0	0
1324.15	.06876891	.9312311	0	0	0
1323.15	.06759865	.9324014	0	0	0
1322.15	.06643443	.9335656	0	0	0
1321.15	.06527622	.9347238	0	0	0
1320.15	.06412398	.935876	0	0	0
1319.15	.06297769	.9370223	0	0	0
1318.15	.0618373	.9381627	0	0	0
1317.15	.06070279	.9392972	0	0	0
1316.15	.05957412	.9404259	0	0	0
1315.15	.05845126	.9415487	0	0	0
1314.15	.05733419	.9426658	0	0	0
1313.15	.05622286	.9437771	0	0	0
1312.15	.05511724	.9448828	0	0	0
1311.15	.05401732	.9459827	0	0	0
1310.15	.05292304	.947077	0	0	0
1309.15	.0518344	.9481656	0	0	0
1308.15	.05075134	.9492487	0	0	0
1307.15	.04967386	.9503261	0	0	0
1306.15	.04860191	.9513981	0	0	0
1305.15	.04753546	.9524645	0	0	0
1304.15	.0464745	.9535255	0	0	0
1303.15	.04541898	.954581	0	0	0
1302.301	.04452721	.9554728	0	0	0
1302.301	.04452721	.9554728	0	0	0
1302.301	.04452721	.9554728	0	0	0
1302.15	.04361333	.9552489	.001137816	0	0
1301.15	.0375521	.9537806	.008667329	0	0
1300.15	.03146823	.9523362	.01619561	0	0
1299.15	.02535098	.9509151	.02373392	0	0
1298.15	.01922133	.9495185	.03126019	0	0
1297.15	.01306863	.9481457	.03878564	0	0
1296.15	.006892739	.9467969	.0463104	0	0
1295.15	6.935176E-04	.9454719	.05383461	0	0
1295.038	0	.9453254	.05467457	0	0
1295.038	0	.9453254	.05467457	0	0
1294.15	0	.9443325	.05566749	0	0
1293.15	0	.9432165	.0567835	0	0
1292.15	0	.9421023	.05789771	0	0
1291.15	0	.9409899	.05901013	0	0
1290.15	0	.9398793	.06012074	0	0
1289.15	0	.9387704	.06122956	0	0
1288.15	0	.9376634	.06233658	0	0
1287.15	0	.9365582	.0634418	0	0
1286.15	0	.9354548	.06454522	0	0
1285.15	0	.9343532	.06564684	0	0
1284.15	0	.9332534	.06674665	0	0
1283.15	0	.9321553	.06784466	0	0
1282.15	0	.9310591	.06894087	0	0
1281.15	0	.9299647	.07003526	0	0
1280.15	0	.9288721	.07112786	0	0
1279.15	0	.9277814	.07221865	0	0
1278.15	0	.9266924	.07330763	0	0
1277.15	0	.9256052	.07439479	0	0
1276.15	0	.9245199	.07548015	0	0
1275.15	0	.9234363	.0765637	0	0
1274.15	0	.9223546	.07764543	0	0
1273.15	0	.9212746	.07872536	0	0
1272.15	0	.9201965	.07980346	0	0
1271.15	0	.9191202	.08087975	0	0
1270.15	0	.9180458	.08195423	0	0
1269.15	0	.9169731	.08302688	0	0
1268.15	0	.9159023	.08409772	0	0
1267.15	0	.9148333	.08516673	0	0
1266.15	0	.9137661	.08623393	0	0
1265.15	0	.9127007	.0872993	0	0
1264.15	0	.9116372	.08836285	0	0
1263.15	0	.9105754	.08942457	0	0
1262.15	0	.9095155	.09048446	0	0
1261.15	0	.9084575	.09154252	0	0
1260.15	0	.9074012	.09259876	0	0
1259.15	0	.9063468	.09365316	0	0
1258.15	0	.9052943	.09470573	0	0
1257.15	0	.9042435	.09575647	0	0
1256.15	0	.9031946	.09680537	0	0
1255.15	0	.9021476	.09785244	0	0
1254.15	0	.9011023	.09889766	0	0
1253.15	0	.900059	.09994105	0	0
1252.15	0	.8990174	.1009826	0	0
1251.15	0	.8979777	.1020223	0	0
1250.868	0	.8976843	.1023157	0	0
1250.868	0	.8976843	.1023157	0	0
1250.868	0	.8976843	.1023157	0	0
1250.15	0	.8966374	.1029599	4.026992E-04	0
1249.15	0	.8951819	.1038554	9.627087E-04	0
1248.15	0	.8937307	.1047481	.001521281	0
1247.15	0	.8922837	.1056379	.002078421	0
1246.15	0	.8908409	.1065249	.002634135	0
1245.15	0	.8894024	.1074092	.003188427	0
1244.15	0	.8879681	.1082906	.003741302	0
1243.15	0	.886538	.1091692	.004292766	0
1242.15	0	.8851121	.1100451	.004842823	0
1241.15	0	.8836904	.1109181	.005391479	0
1240.15	0	.8822729	.1117884	.005938738	0
1239.15	0	.8808595	.1126559	.006484606	0
1238.15	0	.8794503	.1135206	.007029087	0
1237.15	0	.8780452	.1143826	.007572187	0
1236.15	0	.8766443	.1152418	.00811391	0
1235.15	0	.8752475	.1160982	.008654261	0
1234.15	0	.8738549	.1169519	.009193245	0
1233.15	0	.8724663	.1178028	.009730866	0
1232.15	0	.8710818	.1186511	.01026713	0
1231.15	0	.8697014	.1194965	.01080204	0
1230.15	0	.8683251	.1203393	.0113356	0
1229.15	0	.8669529	.1211793	.01186782	0
1228.15	0	.8655848	.1220166	.0123987	0
1227.15	0	.8642206	.1228511	.01292825	0
1226.15	0	.8628606	.123683	.01345647	0
1225.15	0	.8615045	.1245121	.01398336	0
1224.15	0	.8601525	.1253386	.01450894	0
1223.15	0	.8588045	.1261623	.01503319	0
1222.15	0	.8574605	.1269833	.01555614	0
1221.15	0	.8561205	.1278017	.01607778	0
1220.15	0	.8547845	.1286174	.01659811	0
1219.15	0	.8534525	.1294303	.01711715	0
1218.15	0	.8521245	.1302406	.0176349	0
1217.15	0	.8508004	.1310483	.01815135	0
1216.15	0	.8494803	.1318532	.01866653	0
1215.15	0	.8481641	.1326555	.01918042	0
1214.15	0	.8468519	.1334551	.01969303	0
1213.15	0	.8455435	.1342521	.02020438	0
1212.15	0	.8442392	.1350464	.02071445	0
1211.15	0	.8429387	.135838	.02122327	0
1210.15	0	.8416421	.136627	.02173082	0
1209.15	0	.8403495	.1374134	.02223712	0
1208.15	0	.8390607	.1381971	.02274217	0
1207.15	0	.8377758	.1389782	.02324598	0
1206.15	0	.8364948	.1397567	.02374854	0
1205.15	0	.8352176	.1405325	.02424986	0
1204.15	0	.8339443	.1413057	.02474995	0
1203.15	0	.8326749	.1420763	.02524881	0
1202.15	0	.8314093	.1428443	.02574644	0
1201.15	0	.8301475	.1436096	.02624285	0
1200.15	0	.8288896	.1443723	.02673804	0
1199.15	0	.8276355	.1451325	.02723202	0
1198.15	0	.8263852	.14589	.02772479	0
1197.15	0	.8251387	.1466449	.02821636	0
1196.15	0	.823896	.1473973	.02870672	0
1195.15	0	.8226571	.148147	.02919588	0
1194.15	0	.821422	.1488941	.02968385	0
1193.15	0	.8201907	.1496387	.03017063	0
1192.15	0	.8189632	.1503806	.03065622	0
1191.15	0	.8177394	.15112	.03114062	0
1190.15	0	.8165193	.1518568	.03162385	0
1189.15	0	.815303	.1525911	.03210591	0
1188.15	0	.8140905	.1533227	.03258679	0
1187.15	0	.8128817	.1540518	.0330665	0
1186.15	0	.8116766	.1547783	.03354505	0
1185.15	0	.8104753	.1555023	.03402244	0
1184.15	0	.8092776	.1562237	.03449867	0
1183.15	0	.8080837	.1569425	.03497375	0
1182.15	0	.8068935	.1576588	.03544767	0
1181.15	0	.805707	.1583725	.03592046	0
1180.15	0	.8045242	.1590837	.03639209	0
1179.15	0	.8033451	.1597924	.03686259	0
1178.15	0	.8021696	.1604984	.03733196	0
1177.15	0	.8009978	.161202	.03780019	0
1176.15	0	.7998297	.161903	.03826729	0
1175.15	0	.7986653	.1626015	.03873327	0
1174.15	0	.7975045	.1632974	.03919812	0
1173.15	0	.7963473	.1639908	.03966186	0
1172.15	0	.7951938	.1646817	.04012448	0
1171.15	0	.794044	.16537	.04058599	0
1170.15	0	.7928977	.1660559	.04104639	0
1169.15	0	.7917551	.1667392	.04150569	0
1168.15	0	.7906162	.16742	.04196389	0
1167.15	0	.7894808	.1680982	.04242098	0
1166.15	0	.788349	.168774	.04287698	0
1165.15	0	.7872209	.1694472	.04333189	0
1164.15	0	.7860964	.1701179	.04378571	0
1163.15	0	.7849754	.1707862	.04423844	0
1162.15	0	.783858	.1714519	.0446901	0
1161.15	0	.7827443	.1721151	.04514067	0
1160.15	0	.7816341	.1727758	.04559017	0
1159.15	0	.7805274	.173434	.04603859	0
1158.15	0	.7794244	.1740897	.04648594	0
1157.15	0	.7783249	.1747429	.04693223	0
1156.15	0	.7772289	.1753936	.04737745	0
1155.15	0	.7761366	.1760418	.04782161	0
1154.15	0	.7750477	.1766876	.04826473	0
1153.15	0	.7739624	.1773309	.04870678	0
1152.15	0	.7728806	.1779716	.04914778	0
1151.15	0	.7718024	.1786099	.04958773	0
1150.15	0	.7707277	.1792457	.05002663	0
1149.15	0	.7696566	.179879	.05046449	0
1148.15	0	.7685889	.1805098	.05090131	0
1147.15	0	.7675248	.1811381	.05133709	0
1146.15	0	.7664642	.181764	.05177184	0
1145.15	0	.7654071	.1823874	.05220555	0
1144.15	0	.7643535	.1830083	.05263824	0
1143.15	0	.7633034	.1836268	.0530699	0
1142.15	0	.7622567	.1842427	.05350054	0
1141.15	0	.7612136	.1848562	.05393016	0
1140.15	0	.760174	.1854673	.05435876	0
1139.15	0	.7591378	.1860758	.05478634	0
1138.15	0	.7581051	.1866819	.05521292	0
1137.15	0	.7570759	.1872856	.05563848	0
1136.15	0	.7560502	.1878868	.05606304	0
1135.15	0	.7550279	.1884855	.05648659	0
1134.15	0	.7540091	.1890817	.05690914	0
1133.15	0	.7529938	.1896755	.05733069	0
1132.15	0	.7519819	.1902669	.05775125	0
1131.15	0	.7509734	.1908558	.05817081	0
1130.15	0	.7499684	.1914422	.05858938	0
1129.15	0	.7489669	.1920262	.05900696	0
1128.15	0	.7479688	.1926077	.05942355	0
1127.15	0	.7469741	.1931867	.05983916	0
1126.15	0	.7459829	.1937634	.06025379	0
1125.15	0	.744995	.1943375	.06066744	0
1124.15	0	.7440106	.1949092	.06108012	0
1123.15	0	.7430297	.1954785	.06149182	0
1122.15	0	.7420521	.1960453	.06190255	0
1121.15	0	.741078	.1966097	.0623123	0
1120.15	0	.7401073	.1971716	.0627211	0
1119.15	0	.73914	.1977311	.06312892	0
1118.15	0	.7381761	.1982881	.06353579	0
1117.15	0	.7372156	.1988427	.06394169	0
1116.15	0	.7362585	.1993949	.06434664	0
1115.15	0	.7353048	.1999446	.06475063	0
1114.15	0	.7343545	.2004918	.06515367	0
1113.15	0	.7334076	.2010367	.06555575	0
1112.15	0	.7324641	.2015791	.06595689	0
1111.15	0	.7315239	.202119	.06635708	0
1110.15	0	.7305872	.2026565	.06675632	0
1109.15	0	.7296538	.2031916	.06715463	0
1108.15	0	.7287238	.2037242	.06755199	0
1107.15	0	.7277972	.2042544	.06794841	0
1106.15	0	.726874	.2047821	.0683439	0
1105.15	0	.7259541	.2053075	.06873845	0
1104.15	0	.7250376	.2058303	.06913207	0
1103.15	0	.7241245	.2063508	.06952476	0
1102.15	0	.7232147	.2068688	.06991652	0
1101.15	0	.7223083	.2073844	.07030736	0
1100.15	0	.7214052	.2078975	.07069727	0
1099.15	0	.7205055	.2084082	.07108626	0
1098.15	0	.7196092	.2089165	.07147432	0
1097.15	0	.7187162	.2094223	.07186147	0
1096.15	0	.7178266	.2099257	.0722477	0
1095.15	0	.7169403	.2104267	.07263302	0
1094.15	0	.7160574	.2109252	.07301742	0
1093.15	0	.7151778	.2114213	.07340091	0
1092.15	0	.7143015	.211915	.07378349	0
1091.15	0	.7134286	.2124062	.07416516	0
1090.15	0	.712559	.212895	.07454593	0
1089.15	0	.7116928	.2133814	.07492579	0
1088.15	0	.7108299	.2138654	.07530475	0
1087.15	0	.7099703	.2143469	.0756828	0
1086.15	0	.7091141	.2148259	.07605996	0
1085.15	0	.7082612	.2153026	.07643622	0
1084.15	0	.7074116	.2157768	.07681158	0
1083.15	0	.7065654	.2162486	.07718605	0
1082.15	0	.7057225	.2167179	.07755962	0
1081.15	0	.7048829	.2171848	.0779323	0
1080.15	0	.7040466	.2176493	.07830409	0
1079.15	0	.7032136	.2181114	.07867499	0
1078.15	0	.702384	.218571	.07904501	0
1077.15	0	.7015577	.2190282	.07941414	0
1076.15	0	.7007347	.2194829	.07978238	0
1075.15	0	.699915	.2199353	.08014974	0
1074.15	0	.6990986	.2203852	.08051622	0
1073.15	0	.6982856	.2208326	.08088182	0
1072.15	0	.6974758	.2212776	.08124654	0
1071.15	0	.6966694	.2217202	.08161038	0
1070.15	0	.6958663	.2221604	.08197334	0
1069.15	0	.6950665	.2225981	.08233543	0
1068.15	0	.69427	.2230334	.08269664	0
1067.15	0	.6934768	.2234662	.08305698	0
1066.15	0	.6926869	.2238967	.08341645	0
1065.15	0	.6919003	.2243247	.08377505	0
1064.15	0	.691117	.2247502	.08413277	0
1063.15	0	.690337	.2251733	.08448963	0
1062.15	0	.6895603	.225594	.08484562	0
1061.15	0	.688787	.2260123	.08520075	0
1060.15	0	.6880169	.2264281	.08555501	0
1059.15	0	.6872501	.2268415	.08590841	0
1058.15	0	.6864866	.2272524	.08626094	0
1057.15	0	.6857264	.227661	.08661261	0
1056.15	0	.6849696	.228067	.08696341	0
1055.15	0	.684216	.2284707	.08731336	0
1054.15	0	.6834657	.2288719	.08766245	0
1053.15	0	.6827187	.2292707	.08801067	0
1052.15	0	.681975	.229667	.08835804	0
1051.15	0	.6812346	.2300609	.08870456	0
1050.15	0	.6804975	.2304523	.08905021	0
1049.15	0	.6797636	.2308414	.08939501	0
1048.15	0	.6790331	.231228	.08973895	0
1047.15	0	.6783059	.2316121	.09008204	0
1046.15	0	.6775819	.2319938	.09042428	0
1045.15	0	.6768612	.2323731	.09076566	0
1044.15	0	.6761439	.2327499	.09110619	0
1043.15	0	.6754298	.2331244	.09144587	0
1042.15	0	.674719	.2334963	.09178469	0
1041.15	0	.6740115	.2338658	.09212267	0
1040.15	0	.6733073	.2342329	.09245979	0
1039.15	0	.6726064	.2345976	.09279606	0
1038.15	0	.6719087	.2349598	.09313149	0
1037.15	0	.6712144	.2353196	.09346606	0
1036.15	0	.6705233	.2356769	.09379979	0
1035.15	0	.6698355	.2360318	.09413266	0
1034.15	0	.669151	.2363843	.09446469	0
1033.15	0	.6684698	.2367343	.09479587	0
1032.15	0	.6677919	.2370819	.0951262	0
1031.15	0	.6671172	.2374271	.09545569	0
1030.15	0	.6664459	.2377698	.09578432	0
1029.15	0	.6657778	.2381101	.09611211	0
1028.15	0	.665113	.238448	.09643906	0
1027.15	0	.6644515	.2387834	.09676515	0
1026.15	0	.6637932	.2391164	.0970904	0
1025.15	0	.6631383	.2394469	.0974148	0
1024.15	0	.6624866	.239775	.09773835	0
1023.15	0	.6618382	.2401007	.09806106	0
1022.15	0	.6611931	.240424	.09838292	0
1021.15	0	.6605513	.2407448	.09870393	0
1020.15	0	.6599127	.2410632	.09902409	0
1019.15	0	.6592775	.2413791	.09934341	0
1018.15	0	.6586455	.2416926	.09966188	0
1017.15	0	.6580168	.2420037	.0999795	0
1016.15	0	.6573913	.2423124	.1002963	0
1015.15	0	.6567692	.2426187	.1006122	0
1014.15	0	.6561503	.2429225	.1009273	0
1013.15	0	.6555346	.2432239	.1012415	0
1012.15	0	.6549223	.2435228	.1015549	0
1011.15	0	.6543132	.2438194	.1018674	0
1010.15	0	.6537074	.2441135	.1021791	0
1009.15	0	.6531049	.2444052	.1024899	0
1008.15	0	.6525057	.2446945	.1027998	0
1007.15	0	.6519097	.2449814	.103109	0
1006.15	0	.651317	.2452658	.1034172	0
1005.15	0	.6507275	.2455479	.1037246	0
1004.15	0	.6501413	.2458275	.1040312	0
1003.15	0	.6495584	.2461047	.1043369	0
1002.15	0	.6489788	.2463796	.1046417	0
1001.15	0	.6484024	.246652	.1049457	0
1000.15	0	.6478292	.246922	.1052488	0
999.15	0	.6472594	.2471896	.1055511	0
998.15	0	.6466928	.2474548	.1058525	0
997.15	0	.6461294	.2477176	.106153	0
996.15	0	.6455693	.247978	.1064527	0
995.15	0	.6450125	.248236	.1067515	0
994.15	0	.6444589	.2484917	.1070494	0
993.15	0	.6439086	.2487449	.1073465	0
992.15	0	.6433615	.2489958	.1076427	0
991.15	0	.6428177	.2492443	.1079381	0
990.15	0	.6422771	.2494904	.1082325	0
989.15	0	.6417397	.2497342	.1085261	0
988.15	0	.6412056	.2499755	.1088189	0
987.15	0	.6406748	.2502145	.1091107	0
986.15	0	.6401471	.2504512	.1094017	0
985.15	0	.6396227	.2506855	.1096918	0
984.15	0	.6391016	.2509174	.109981	0
983.15	0	.6385836	.251147	.1102693	0
982.15	0	.6380689	.2513743	.1105568	0
981.15	0	.6375575	.2515992	.1108433	0
980.15	0	.6370492	.2518218	.111129	0
979.15	0	.6365442	.252042	.1114138	0
978.15	0	.6360423	.25226	.1116977	0
977.15	0	.6355437	.2524756	.1119807	0
976.15	0	.6350483	.2526889	.1122628	0
975.15	0	.6345561	.2528999	.112544	0
974.15	0	.6340671	.2531086	.1128243	0
973.15	0	.6335813	.253315	.1131038	0
972.15	0	.6330986	.2535191	.1133823	0
971.15	0	.6326192	.2537209	.1136599	0
970.15	0	.632143	.2539205	.1139365	0
969.15	0	.6316699	.2541178	.1142123	0
968.15	0	.6312	.2543128	.1144872	0
967.15	0	.6307333	.2545056	.1147611	0
966.15	0	.6302697	.2546962	.1150341	0
965.15	0	.6298093	.2548845	.1153062	0
964.15	0	.6293521	.2550705	.1155774	0
963.15	0	.628898	.2552544	.1158476	0
962.15	0	.628447	.2554361	.116117	0
961.15	0	.6279992	.2556155	.1163853	0
960.15	0	.6275544	.2557928	.1166528	0
959.15	0	.6271129	.2559678	.1169193	0
958.15	0	.6266744	.2561408	.1171848	0
957.15	0	.6262391	.2563115	.1174494	0
956.15	0	.6258068	.2564801	.1177131	0
955.15	0	.6253776	.2566466	.1179758	0
954.15	0	.6249516	.2568109	.1182375	0
953.15	0	.6245286	.2569731	.1184983	0
952.15	0	.6241086	.2571333	.1187581	0
951.15	0	.6236918	.2572913	.119017	0
950.15	0	.623278	.2574472	.1192748	0
949.15	0	.6228672	.2576011	.1195317	0
948.15	0	.6224594	.2577529	.1197876	0
947.15	0	.6220547	.2579027	.1200425	0
946.15	0	.621653	.2580505	.1202965	0
945.15	0	.6212543	.2581963	.1205494	0
944.15	0	.6208586	.25834	.1208014	0
943.15	0	.6204659	.2584818	.1210523	0
942.15	0	.6200761	.2586217	.1213022	0
941.15	0	.6196893	.2587596	.1215511	0
940.15	0	.6193055	.2588955	.121799	0
939.15	0	.6189246	.2590295	.1220459	0
938.15	0	.6185466	.2591617	.1222917	0
937.15	0	.6181715	.259292	.1225365	0
936.15	0	.6177993	.2594204	.1227803	0
935.15	0	.61743	.259547	.123023	0
934.15	0	.6170636	.2596717	.1232647	0
933.15	0	.6167	.2597947	.1235053	0
932.15	0	.6163392	.2599159	.1237449	0
931.15	0	.6159813	.2600353	.1239834	0
930.15	0	.6156262	.260153	.1242208	0
929.15	0	.6152738	.260269	.1244572	0
928.15	0	.6149243	.2603833	.1246925	0
927.15	0	.6145774	.2604959	.1249266	0
926.15	0	.6142334	.2606069	.1251597	0
925.15	0	.613892	.2607163	.1253917	0
924.15	0	.6135534	.2608241	.1256226	0
923.15	0	.6132174	.2609303	.1258523	0
922.15	0	.6128841	.261035	.1260809	0
921.15	0	.6125534	.2611382	.1263084	0
920.15	0	.6122253	.2612399	.1265348	0
919.15	0	.6118999	.2613401	.12676	0
918.15	0	.611577	.2614389	.1269841	0
917.15	0	.6112566	.2615364	.127207	0
916.15	0	.6109388	.2616324	.1274287	0
915.15	0	.6106235	.2617272	.1276493	0
914.15	0	.6103107	.2618206	.1278687	0
913.15	0	.6100003	.2619128	.1280869	0
912.15	0	.6096924	.2620037	.1283039	0
911.15	0	.6093869	.2620935	.1285197	0
910.15	0	.6090837	.262182	.1287343	0
909.15	0	.6087829	.2622695	.1289476	0
908.15	0	.6084844	.2623559	.1291597	0
907.15	0	.6081882	.2624412	.1293706	0
906.15	0	.6078943	.2625255	.1295802	0
905.15	0	.6076026	.2626089	.1297886	0
904.15	0	.607313	.2626913	.1299956	0
903.15	0	.6070257	.2627729	.1302015	0
902.15	0	.6067405	.2628536	.130406	0
901.15	0	.6064573	.2629335	.1306092	0
900.15	0	.6061763	.2630127	.1308111	0
899.15	0	.6058972	.2630911	.1310117	0
898.15	0	.6056202	.2631689	.1312109	0
897.15	0	.6053451	.2632461	.1314088	0
896.15	0	.6050719	.2633227	.1316054	0
895.15	0	.6048006	.2633989	.1318005	0
894.15	0	.6045311	.2634746	.1319943	0
893.15	0	.6042634	.2635498	.1321867	0
892.15	0	.6039975	.2636248	.1323777	0
891.15	0	.6037333	.2636994	.1325673	0
890.15	0	.6034707	.2637738	.1327554	0
889.15	0	.6032098	.2638481	.1329422	0
888.15	0	.6029504	.2639222	.1331274	0
887.15	0	.6026925	.2639963	.1333112	0
886.15	0	.6024362	.2640704	.1334935	0
885.15	0	.6021812	.2641445	.1336743	0
884.15	0	.6019276	.2642188	.1338535	0
883.15	0	.6016754	.2642933	.1340313	0
882.15	0	.6014243	.2643682	.1342075	0
881.15	0	.6011745	.2644433	.1343821	0
880.15	0	.6009259	.2645189	.1345552	0
879.15	0	.6006783	.264595	.1347267	0
878.15	0	.6004318	.2646717	.1348965	0
877.15	0	.6001863	.264749	.1350648	0
876.15	0	.5999416	.264827	.1352313	0
875.15	0	.5996978	.2649059	.1353962	0
874.15	0	.5994548	.2649857	.1355595	0
873.15	0	.5992125	.2650665	.135721	0
872.15	0	.5989709	.2651483	.1358808	0
871.15	0	.5987298	.2652314	.1360389	0
870.15	0	.5984892	.2653157	.1361951	0
869.15	0	.598249	.2654014	.1363496	0
868.15	0	.5980092	.2654885	.1365023	0
867.15	0	.5977696	.2655773	.1366532	0
866.15	0	.5975302	.2656677	.1368022	0
865.15	0	.5972909	.2657598	.1369493	0
864.15	0	.5970516	.2658539	.1370945	0
863.15	0	.5968123	.26595	.1372377	0
862.15	0	.5965727	.2660482	.137379	0
861.15	0	.596333	.2661487	.1375183	0
860.15	0	.5960928	.2662516	.1376556	0
859.15	0	.5958522	.2663569	.1377909	0
858.15	0	.595611	.2664649	.1379241	0
857.15	0	.5953692	.2665757	.1380551	0
856.15	0	.5951266	.2666894	.138184	0
855.15	0	.5948831	.2668062	.1383108	0
854.15	0	.5946385	.2669262	.1384353	0
853.15	0	.5943929	.2670496	.1385576	0
852.15	0	.594146	.2671765	.1386776	0
851.15	0	.5938977	.2673071	.1387952	0
850.15	0	.5936479	.2674417	.1389105	0
849.15	0	.5933964	.2675803	.1390233	0
848.15	0	.5931431	.2677231	.1391338	0
847.15	0	.5928879	.2678705	.1392417	0
846.15	0	.5926305	.2680225	.139347	0
845.15	0	.5923709	.2681793	.1394498	0
844.15	0	.5921088	.2683413	.1395499	0
843.15	0	.5918441	.2685086	.1396472	0
842.15	0	.5915767	.2686815	.1397418	0
841.15	0	.5913062	.2688602	.1398336	0
840.15	0	.5910325	.269045	.1399225	0
839.15	0	.5907554	.2692362	.1400084	0
838.15	0	.5904747	.2694341	.1400912	0
837.15	0	.5901901	.2696389	.140171	0
836.15	0	.5899014	.2698511	.1402475	0
835.15	0	.5896083	.2700709	.1403208	0
834.15	0	.5893107	.2702986	.1403907	0
833.15	0	.5890081	.2705348	.1404572	0
832.15	0	.5887002	.2707797	.1405201	0
831.15	0	.5883868	.2710339	.1405793	0
830.15	0	.5880676	.2712977	.1406347	0
829.15	0	.5877421	.2715717	.1406862	0
828.15	0	.5874099	.2718563	.1407338	0
827.15	0	.5870707	.2721522	.1407771	0
826.15	0	.5867241	.2724598	.1408161	0
825.15	0	.5863694	.2727799	.1408507	0
824.15	0	.5860063	.2731132	.1408806	0
823.15	0	.5856341	.2734603	.1409056	0
822.15	0	.5852524	.273822	.1409257	0
821.15	0	.5848603	.2741992	.1409404	0
820.15	0	.5844573	.2745929	.1409498	0
819.15	0	.5840426	.2750041	.1409533	0
818.15	0	.5836153	.2754339	.1409509	0
817.15	0	.5831745	.2758835	.1409421	0
816.15	0	.5827192	.2763543	.1409266	0
815.15	0	.5822482	.2768478	.140904	0
814.15	0	.5817604	.2773656	.140874	0
813.15	0	.5812542	.2779098	.1408361	0
812.15	0	.5807282	.2784822	.1407896	0
811.15	0	.5800415	.2792627	.1406959	0
810.15	0	.5788146	.280737	.1404484	0
809.15	0	.5776905	.2820865	.1402229	0
808.15	0	.5766557	.2833281	.1400162	0
807.15	0	.5756991	.2844753	.1398256	0
806.15	0	.5748117	.2855391	.1396492	0
805.15	0	.5739861	.2865288	.1394851	0
804.15	0	.573216	.287452	.139332	0
803.15	0	.5724959	.2883154	.1391886	0
802.15	0	.5718214	.2891246	.139054	0
801.15	0	.5711882	.2898845	.1389273	0
800.15	0	.570593	.2905993	.1388077	0
799.15	0	.5700327	.2912728	.1386945	0
798.15	0	.5695045	.2919082	.1385872	0
797.15	0	.569006	.2925086	.1384854	0
796.15	0	.568535	.2930766	.1383884	0
795.15	0	.5680896	.2936144	.138296	0
794.15	0	.5676679	.2941243	.1382078	0
793.15	0	.5672683	.2946082	.1381235	0
792.15	0	.5668895	.2950677	.1380427	0
791.15	0	.5665301	.2955046	.1379653	0
790.15	0	.5661888	.2959203	.1378909	0
789.15	0	.5658645	.296316	.1378194	0
788.15	0	.5655563	.2966931	.1377506	0
787.15	0	.5652631	.2970526	.1376843	0
786.15	0	.564984	.2973957	.1376203	0
785.15	0	.5647184	.2977231	.1375585	0
784.15	0	.5644653	.2980359	.1374988	0
783.15	0	.5642241	.2983349	.1374409	0
782.15	0	.5639942	.2986209	.1373849	0
781.15	0	.563775	.2988945	.1373306	0
780.15	0	.5635658	.2991564	.1372778	0
779.15	0	.5633661	.2994073	.1372266	0
778.15	0	.5631755	.2996477	.1371767	0
777.15	0	.5629966	.2998759	.1371275	0
776.15	0	.5628225	.3000972	.1370803	0
775.15	0	.5626561	.3003096	.1370343	0
774.15	0	.5624971	.3005135	.1369894	0
773.15	0	.5623451	.3007094	.1369455	0
772.15	0	.5621997	.3008976	.1369027	0
771.15	0	.5620607	.3010786	.1368608	0
770.15	0	.5619277	.3012526	.1368197	0
769.15	0	.5618004	.30142	.1367796	0
768.15	0	.5616786	.3015813	.1367402	0
767.15	0	.5615619	.3017365	.1367016	0
766.15	0	.5614503	.3018861	.1366637	0
765.15	0	.5613433	.3020303	.1366264	0
764.15	0	.5612408	.3021693	.1365899	0
763.15	0	.5611427	.3023035	.1365539	0
762.15	0	.5610486	.3024329	.1365185	0
761.15	0	.5609584	.3025579	.1364837	0
760.15	0	.560872	.3026787	.1364493	0
759.15	0	.5607891	.3027954	.1364155	0
758.15	0	.5607096	.3029083	.1363821	0
757.15	0	.5606334	.3030174	.1363492	0
756.15	0	.5605602	.3031231	.1363167	0
755.15	0	.56049	.3032254	.1362846	0
754.15	0	.5604226	.3033245	.1362529	0
753.15	0	.5603579	.3034205	.1362215	0
752.15	0	.5602958	.3035137	.1361905	0
751.15	0	.5602361	.303604	.1361598	0
750.15	0	.5601788	.3036917	.1361295	0
749.15	0	.5601238	.3037769	.1360994	0
748.15	0	.5600708	.3038596	.1360695	0
747.15	0	.56002	.3039401	.13604	0
746.15	0	.559971	.3040183	.1360107	0
745.15	0	.559924	.3040944	.1359816	0
744.15	0	.5598787	.3041686	.1359527	0
743.15	0	.5598352	.3042408	.1359241	0
742.15	0	.5597932	.3043112	.1358956	0
741.15	0	.5597529	.3043798	.1358673	0
740.15	0	.559714	.3044468	.1358392	0
739.15	0	.5596765	.3045122	.1358113	0
738.15	0	.5596404	.3045761	.1357835	0
737.15	0	.5596056	.3046385	.1357559	0
736.15	0	.559572	.3046996	.1357284	0
735.15	0	.5595396	.3047593	.1357011	0
734.15	0	.5595083	.3048178	.1356739	0
733.15	0	.5594781	.3048752	.1356467	0
732.15	0	.5594489	.3049314	.1356197	0
731.15	0	.5594207	.3049865	.1355928	0
730.15	0	.5593934	.3050406	.135566	0
729.15	0	.5593671	.3050937	.1355393	0
728.15	0	.5593415	.3051458	.1355126	0
727.15	0	.5593168	.3051972	.135486	0
726.15	0	.5592929	.3052476	.1354595	0
725.15	0	.5592696	.3052973	.1354331	0
724.15	0	.5592471	.3053462	.1354067	0
723.15	0	.5592252	.3053944	.1353804	0
722.15	0	.559204	.3054419	.1353541	0
721.15	0	.5591833	.3054888	.1353279	0
720.15	0	.5591633	.3055351	.1353017	0
719.15	0	.5591437	.3055807	.1352755	0
718.15	0	.5591247	.3056259	.1352494	0
717.15	0	.5591062	.3056705	.1352233	0
716.15	0	.5590881	.3057147	.1351973	0
715.15	0	.5590705	.3057583	.1351712	0
714.15	0	.5590532	.3058016	.1351452	0
713.15	0	.5590364	.3058444	.1351192	0
712.15	0	.5590199	.3058869	.1350932	0
711.15	0	.5590038	.305929	.1350672	0
710.15	0	.558988	.3059708	.1350412	0
709.15	0	.5589726	.3060122	.1350152	0
708.15	0	.5589574	.3060534	.1349892	0
707.15	0	.5589424	.3060943	.1349633	0
706.15	0	.5589278	.306135	.1349373	0
705.15	0	.5589134	.3061754	.1349113	0
704.15	0	.5588992	.3062156	.1348853	0
703.15	0	.5588852	.3062555	.1348593	0
702.15	0	.5588714	.3062954	.1348332	0
701.15	0	.5588578	.306335	.1348072	0
700.15	0	.5588444	.3063745	.1347812	0
699.15	0	.5588311	.3064138	.1347551	0
698.15	0	.5588179	.3064531	.134729	0
697.15	0	.5588049	.3064922	.1347029	0
696.15	0	.558792	.3065312	.1346768	0
695.15	0	.5587793	.3065701	.1346506	0
694.15	0	.5587666	.3066089	.1346245	0
693.15	0	.558754	.3066477	.1345983	0
692.15	0	.5587415	.3066865	.134572	0
691.15	0	.5587291	.3067252	.1345458	0
690.15	0	.5587167	.3067638	.1345195	0
689.15	0	.5587044	.3068025	.1344932	0
688.15	0	.5586921	.3068411	.1344668	0
687.15	0	.5586799	.3068797	.1344405	0
686.15	0	.5586677	.3069183	.134414	0
685.15	0	.5586555	.3069569	.1343876	0
684.15	0	.5586433	.3069956	.1343611	0
683.15	0	.5586312	.3070342	.1343346	0
682.15	0	.558619	.3070729	.134308	0
681.15	0	.5586069	.3071117	.1342815	0
680.15	0	.5585948	.3071504	.1342548	0
679.15	0	.5585826	.3071893	.1342282	0
678.15	0	.5585704	.3072281	.1342015	0
677.15	0	.5585582	.3072671	.1341747	0
676.15	0	.558546	.3073061	.1341479	0
675.15	0	.5585337	.3073452	.1341211	0
674.15	0	.5585214	.3073843	.1340943	0
673.15	0	.5585091	.3074236	.1340674	0
672.15	0	.5584967	.3074629	.1340405	0
671.15	0	.5584842	.3075023	.1340135	0
670.15	0	.5584718	.3075418	.1339865	0
669.15	0	.5584592	.3075814	.1339594	0
668.15	0	.5584466	.3076211	.1339323	0
667.15	0	.558434	.3076609	.1339052	0
666.15	0	.5584212	.3077008	.133878	0
665.15	0	.5584085	.3077408	.1338507	0
664.15	0	.5583956	.3077809	.1338235	0
663.15	0	.5583827	.3078212	.1337962	0
662.15	0	.5583697	.3078615	.1337688	0
661.15	0	.5583566	.307902	.1337414	0
660.15	0	.5583434	.3079426	.133714	0
659.15	0	.5583302	.3079833	.1336865	0
658.15	0	.5583169	.3080241	.133659	0
657.15	0	.5583035	.3080651	.1336314	0
656.15	0	.55829	.3081062	.1336038	0
655.15	0	.5582764	.3081474	.1335762	0
654.15	0	.5582627	.3081888	.1335485	0
653.15	0	.558249	.3082303	.1335208	0
652.15	0	.5582351	.3082719	.133493	0
651.15	0	.5582212	.3083136	.1334652	0
650.15	0	.5582071	.3083555	.1334373	0
649.15	0	.558193	.3083975	.1334095	0
648.15	0	.5581788	.3084397	.1333815	0
647.15	0	.5581645	.308482	.1333536	0
646.15	0	.55815	.3085244	.1333255	0
645.15	0	.5581355	.308567	.1332975	0
644.15	0	.5581209	.3086097	.1332694	0
643.15	0	.5581062	.3086525	.1332413	0
642.15	0	.5580914	.3086955	.1332131	0
641.15	0	.5580765	.3087386	.1331849	0
640.15	0	.5580614	.3087819	.1331567	0
639.15	0	.5580463	.3088253	.1331284	0
638.15	0	.5580311	.3088688	.1331001	0
637.15	0	.5580158	.3089125	.1330717	0
636.15	0	.5580003	.3089563	.1330434	0
635.15	0	.5579848	.3090003	.1330149	0
634.15	0	.5579692	.3090444	.1329865	0
633.15	0	.5579534	.3090886	.132958	0
632.15	0	.5579376	.309133	.1329294	0
631.15	0	.5579217	.3091775	.1329009	0
630.15	0	.5579056	.3092221	.1328723	0
629.15	0	.5578895	.3092669	.1328436	0
628.15	0	.5578732	.3093118	.132815	0
627.15	0	.5578569	.3093568	.1327863	0
626.15	0	.5578405	.309402	.1327576	0
625.15	0	.5578239	.3094473	.1327288	0
624.15	0	.5578073	.3094927	.1327	0
623.15	0	.5577905	.3095383	.1326712	0
622.15	0	.5577737	.309584	.1326423	0
621.15	0	.5577567	.3096298	.1326134	0
620.15	0	.5577397	.3096758	.1325845	0
619.15	0	.5577225	.3097219	.1325556	0
618.15	0	.5577053	.3097681	.1325266	0
617.15	0	.557688	.3098144	.1324976	0
616.15	0	.5576705	.3098609	.1324686	0
615.15	0	.557653	.3099075	.1324396	0
614.15	0	.5576353	.3099542	.1324105	0
613.15	0	.5576176	.310001	.1323814	0
612.15	0	.5575998	.310048	.1323523	0
611.15	0	.5575819	.310095	.1323231	0
610.15	0	.5575639	.3101422	.1322939	0
609.15	0	.5575458	.3101895	.1322647	0
608.15	0	.5575276	.3102369	.1322355	0
607.15	0	.5575093	.3102844	.1322063	0
606.15	0	.5574909	.3103321	.132177	0
605.15	0	.5574724	.3103798	.1321477	0
604.15	0	.5574539	.3104277	.1321184	0
603.15	0	.5574352	.3104757	.1320891	0
602.15	0	.5574165	.3105237	.1320598	0
601.15	0	.5573977	.3105719	.1320304	0
600.15	0	.5573788	.3106202	.132001	0
599.15	0	.5573598	.3106686	.1319716	0
598.15	0	.5573407	.3107171	.1319422	0
597.15	0	.5573215	.3107657	.1319128	0
596.15	0	.5573023	.3108144	.1318834	0
595.15	0	.557283	.3108632	.1318539	0
594.15	0	.5572635	.310912	.1318244	0
593.15	0	.557244	.310961	.1317949	0
592.15	0	.5572245	.3110101	.1317654	0
591.15	0	.5572048	.3110592	.1317359	0
590.15	0	.5571851	.3111085	.1317064	0
589.15	0	.5571653	.3111578	.1316769	0
588.15	0	.5571454	.3112072	.1316473	0
587.15	0	.5571255	.3112567	.1316178	0
586.15	0	.5571054	.3113063	.1315882	0
585.15	0	.5570853	.311356	.1315587	0
584.15	0	.5570652	.3114058	.1315291	0
583.15	0	.5570449	.3114556	.1314995	0
582.15	0	.5570246	.3115055	.1314699	0
581.15	0	.5570042	.3115555	.1314403	0
580.15	0	.5569838	.3116055	.1314107	0
579.15	0	.5569633	.3116556	.1313811	0
578.15	0	.5569427	.3117058	.1313515	0
577.15	0	.556922	.3117561	.1313219	0
576.15	0	.5569013	.3118064	.1312923	0
575.15	0	.5568805	.3118568	.1312627	0
574.15	0	.5568597	.3119073	.1312331	0
573.15	0	.5568388	.3119578	.1312034	0
572.15	0	.5568178	.3120084	.1311738	0
571.15	0	.5567968	.312059	.1311442	0
570.15	0	.5567757	.3121097	.1311146	0
569.15	0	.5567545	.3121605	.131085	0
568.15	0	.5567333	.3122113	.1310554	0
567.15	0	.5567121	.3122621	.1310258	0
566.15	0	.5566908	.312313	.1309962	0
565.15	0	.5566694	.312364	.1309666	0
564.15	0	.556648	.312415	.130937	0
563.15	0	.5566265	.312466	.1309075	0
562.15	0	.556605	.3125171	.1308779	0
561.15	0	.5565834	.3125682	.1308483	0
560.15	0	.5565618	.3126194	.1308188	0
559.15	0	.5565402	.3126706	.1307892	0
558.15	0	.5565184	.3127219	.1307597	0
557.15	0	.5564967	.3127732	.1307302	0
556.15	0	.5564749	.3128245	.1307007	0
555.15	0	.556453	.3128758	.1306712	0
554.15	0	.5564311	.3129272	.1306417	0
553.15	0	.5564092	.3129786	.1306122	0
552.15	0	.5563872	.31303	.1305827	0
551.15	0	.5563652	.3130815	.1305533	0
550.15	0	.5563432	.313133	.1305239	0
549.15	0	.5563211	.3131845	.1304945	0
548.15	0	.556299	.313236	.130465	0
547.15	0	.5562768	.3132875	.1304357	0
546.15	0	.5562546	.3133391	.1304063	0
545.15	0	.5562324	.3133907	.130377	0
544.15	0	.5562101	.3134423	.1303477	0
543.15	0	.5561878	.3134939	.1303184	0
542.15	0	.5561654	.3135455	.1302891	0
541.15	0	.5561431	.3135971	.1302598	0
540.15	0	.5561207	.3136487	.1302306	0
539.15	0	.5560983	.3137003	.1302014	0
538.15	0	.5560758	.313752	.1301722	0
537.15	0	.5560534	.3138036	.1301431	0
536.15	0	.5560309	.3138552	.1301139	0
535.15	0	.5560084	.3139069	.1300848	0
534.15	0	.5559858	.3139585	.1300557	0
533.15	0	.5559632	.3140101	.1300267	0
532.15	0	.5559407	.3140617	.1299976	0
531.15	0	.555918	.3141133	.1299686	0
530.15	0	.5558954	.3141649	.1299397	0
529.15	0	.5558728	.3142165	.1299108	0
528.15	0	.5558501	.3142681	.1298818	0
527.15	0	.5558274	.3143196	.129853	0
526.15	0	.5558047	.3143712	.1298241	0
525.15	0	.555782	.3144227	.1297953	0
524.15	0	.5557593	.3144742	.1297665	0
523.15	0	.5557365	.3145257	.1297378	0
522.15	0	.5557138	.3145771	.1297091	0
521.15	0	.555691	.3146286	.1296804	0
520.15	0	.5556682	.31468	.1296518	0
519.15	0	.5556454	.3147314	.1296232	0
518.15	0	.5556228	.3147827	.1295945	0
517.15	0	.5556	.314834	.129566	0
516.15	0	.5555772	.3148853	.1295375	0
515.15	0	.5555544	.3149366	.1295091	0
514.15	0	.5555316	.3149878	.1294807	0
513.15	0	.5555088	.315039	.1294523	0
512.15	0	.5554859	.3150901	.129424	0
511.15	0	.5554631	.3151412	.1293957	0
510.15	0	.5554403	.3151923	.1293675	0
509.15	0	.5554175	.3152433	.1293393	0
508.15	0	.5553946	.3152942	.1293112	0
507.15	0	.5553718	.3153452	.1292831	0
506.15	0	.555349	.315396	.129255	0
505.15	0	.5553261	.3154469	.129227	0
504.15	0	.5553033	.3154976	.129199	0
503.15	0	.5552805	.3155484	.1291711	0
502.15	0	.5552577	.315599	.1291433	0
501.15	0	.5552349	.3156497	.1291155	0
500.15	0	.5552121	.3157002	.1290877	0
499.15	0	.5551893	.3157507	.12906	0
498.15	0	.5551665	.3158011	.1290323	0
497.15	0	.5551438	.3158515	.1290047	0
496.15	0	.555121	.3159018	.1289772	0
495.15	0	.5550982	.3159521	.1289497	0
494.15	0	.5550755	.3160023	.1289222	0
493.15	0	.5550528	.3160524	.1288949	0
492.15	0	.5550301	.3161024	.1288675	0
491.15	0	.5550074	.3161524	.1288403	0
490.15	0	.5549847	.3162023	.128813	0
489.15	0	.554962	.3162521	.1287859	0
488.15	0	.5549394	.3163019	.1287588	0
487.15	0	.5549167	.3163515	.1287317	0
486.15	0	.5548941	.3164011	.1287047	0
485.15	0	.5548715	.3164507	.1286778	0
484.15	0	.554849	.3165001	.1286509	0
483.15	0	.5548264	.3165495	.1286241	0
482.15	0	.5548039	.3165987	.1285974	0
481.15	0	.5547814	.3166479	.1285707	0
480.15	0	.5547589	.316697	.1285441	0
479.15	0	.5547364	.316746	.1285176	0
478.15	0	.554714	.316795	.1284911	0
477.15	0	.5546916	.3168438	.1284646	0
476.15	0	.5546692	.3168925	.1284383	0
475.15	0	.5546468	.3169412	.128412	0
474.15	0	.5546245	.3169897	.1283858	0
473.15	0	.5546022	.3170382	.1283596	0
472.15	0	.5545799	.3170866	.1283335	0
471.15	0	.5545577	.3171348	.1283075	0
470.15	0	.5545355	.317183	.1282816	0
469.15	0	.5545133	.3172311	.1282557	0
468.15	0	.5544911	.317279	.1282299	0
467.15	0	.554469	.3173269	.1282041	0
466.15	0	.5544469	.3173746	.1281785	0
465.15	0	.5544249	.3174223	.1281529	0
464.15	0	.5544028	.3174698	.1281274	0
463.15	0	.5543809	.3175172	.1281019	0
462.15	0	.5543589	.3175645	.1280766	0
461.15	0	.554337	.3176117	.1280513	0
460.15	0	.5543151	.3176588	.1280261	0
459.15	0	.5542933	.3177058	.1280009	0
458.15	0	.5542715	.3177527	.1279758	0
457.15	0	.5542497	.3177994	.1279509	0
456.15	0	.554228	.317846	.1279259	0
455.15	0	.5542063	.3178926	.1279011	0
454.15	0	.5541847	.3179389	.1278764	0
453.15	0	.5541631	.3179852	.1278517	0
452.15	0	.5541416	.3180314	.1278271	0
451.15	0	.55412	.3180774	.1278026	0
450.15	0	.5540986	.3181233	.1277782	0
449.15	0	.5540772	.318169	.1277538	0
448.15	0	.5540559	.3182146	.1277296	0
447.15	0	.5540346	.31826	.1277054	0
446.15	0	.5540133	.3183053	.1276813	0
445.15	0	.5539922	.3183505	.1276574	0
444.15	0	.5539711	.3183955	.1276335	0
443.15	0	.55395	.3184403	.1276097	0
442.15	0	.5539291	.318485	.127586	0
441.15	0	.5539082	.3185295	.1275624	0
440.15	0	.5538873	.3185738	.1275389	0
439.15	0	.5538666	.3186179	.1275155	0
438.15	0	.5538459	.3186619	.1274922	0
437.15	0	.5538254	.3187057	.127469	0
436.15	0	.5538049	.3187493	.1274459	0
435.15	0	.5537845	.3187927	.1274229	0
434.15	0	.5537641	.3188359	.1274	0
433.15	0	.5537439	.3188788	.1273772	0
432.15	0	.5537238	.3189216	.1273546	0
431.15	0	.5537038	.3189642	.127332	0
430.15	0	.5536838	.3190066	.1273096	0
429.15	0	.553664	.3190488	.1272873	0
428.15	0	.5536443	.3190907	.127265	0
427.15	0	.5536246	.3191324	.1272429	0
426.15	0	.5536051	.3191739	.127221	0
425.15	0	.5535857	.3192152	.1271991	0
424.15	0	.5535664	.3192562	.1271774	0
423.15	0	.5535472	.3192971	.1271558	0
422.15	0	.5535281	.3193376	.1271343	0
421.15	0	.5535091	.319378	.1271129	0
420.15	0	.5534903	.3194181	.1270916	0
419.15	0	.5534715	.319458	.1270705	0
418.15	0	.5534529	.3194977	.1270495	0
417.15	0	.5534343	.3195371	.1270286	0
416.15	0	.5534159	.3195763	.1270078	0
415.15	0	.5533976	.3196153	.1269872	0
414.15	0	.5533794	.319654	.1269666	0
413.15	0	.5533613	.3196924	.1269462	0
412.15	0	.5533434	.3197307	.126926	0
411.15	0	.5533255	.3197686	.1269058	0
410.15	0	.5533078	.3198064	.1268858	0
409.15	0	.5532902	.3198439	.1268659	0
408.15	0	.5532727	.3198811	.1268462	0
407.15	0	.5532553	.3199182	.1268265	0
406.15	0	.553238	.3199549	.126807	0
405.15	0	.5532209	.3199915	.1267876	0
404.15	0	.5532038	.3200277	.1267684	0
