T	 BPW(LIQUID)	BPW(BCC_A2)	BPW(FCC_A1)	BPW(LAVES_PHASE_C14)	BPW(NI3TI)
1473.15	0	1	0	0	0
1472.15	0	1	0	0	0
1471.15	0	1	0	0	0
1470.15	0	1	0	0	0
1469.15	0	1	0	0	0
1468.15	0	1	0	0	0
1467.15	0	1	0	0	0
1466.15	0	1	0	0	0
1465.15	0	1	0	0	0
1464.438	0	1	0	0	0
1464.438	0	1	0	0	0
1464.438	0	1	0	0	0
1464.15	0	.9997695	0	2.305471E-04	0
1463.15	0	.9989698	0	.001030223	0
1462.15	0	.9981722	0	.001827842	0
1461.15	0	.9973766	0	.00262341	0
1460.15	0	.9965831	0	.003416935	0
1459.15	0	.9957916	0	.004208426	0
1458.15	0	.9950021	0	.004997888	0
1457.15	0	.9942147	0	.005785329	0
1456.15	0	.9934292	0	.006570758	0
1455.15	0	.9926458	0	.00735418	0
1454.15	0	.9918644	0	.008135603	0
1453.15	0	.991085	0	.008915035	0
1452.15	0	.9903075	0	.009692482	0
1451.15	0	.9895321	0	.01046795	0
1450.15	0	.9887586	0	.01124145	0
1449.15	0	.987987	0	.01201299	0
1448.15	0	.9872174	0	.01278257	0
1447.15	0	.9864498	0	.0135502	0
1446.15	0	.9856841	0	.01431589	0
1445.15	0	.9849204	0	.01507964	0
1444.15	0	.9841585	0	.01584147	0
1443.15	0	.9833986	0	.01660137	0
1442.15	0	.9826406	0	.01735936	0
1441.15	0	.9818846	0	.01811544	0
1440.15	0	.9811304	0	.01886962	0
1439.15	0	.9803781	0	.0196219	0
1438.15	0	.9796277	0	.0203723	0
1437.15	0	.9788792	0	.02112081	0
1436.15	0	.9781325	0	.02186745	0
1435.15	0	.9773878	0	.02261222	0
1434.15	0	.9766449	0	.02335513	0
1433.15	0	.9759038	0	.02409619	0
1432.15	0	.9751646	0	.02483539	0
1431.15	0	.9744272	0	.02557276	0
1430.15	0	.9736917	0	.02630829	0
1429.15	0	.972958	0	.02704199	0
1428.15	0	.9722261	0	.02777386	0
1427.15	0	.9714961	0	.02850392	0
1426.15	0	.9707678	0	.02923217	0
1425.15	0	.9700414	0	.02995862	0
1424.15	0	.9693167	0	.03068327	0
1423.15	0	.9685939	0	.03140612	0
1422.15	0	.9678728	0	.03212719	0
1421.15	0	.9671535	0	.03284648	0
1420.15	0	.966436	0	.033564	0
1419.15	0	.9657203	0	.03427975	0
1418.15	0	.9650063	0	.03499374	0
1417.15	0	.964294	0	.03570597	0
1416.15	0	.9635835	0	.03641646	0
1415.15	0	.9628748	0	.0371252	0
1414.15	0	.9621678	0	.03783221	0
1413.15	0	.9614625	0	.03853748	0
1412.15	0	.960759	0	.03924103	0
1411.15	0	.9600571	0	.03994286	0
1410.15	0	.959357	0	.04064297	0
1409.15	0	.9586586	0	.04134138	0
1408.15	0	.9579619	0	.04203808	0
1407.15	0	.9572669	0	.04273309	0
1406.15	0	.9565736	0	.04342641	0
1405.15	0	.955882	0	.04411804	0
1404.15	0	.955192	0	.044808	0
1403.15	0	.9545037	0	.04549628	0
1402.15	0	.9538171	0	.04618289	0
1401.15	0	.9531322	0	.04686784	0
1400.15	0	.9524489	0	.04755113	0
1399.15	0	.9517672	0	.04823277	0
1398.15	0	.9510872	0	.04891277	0
1397.15	0	.9504089	0	.04959112	0
1396.15	0	.9497322	0	.05026784	0
1395.15	0	.9490571	0	.05094293	0
1394.15	0	.9483836	0	.05161639	0
1393.15	0	.9477118	0	.05228824	0
1392.15	0	.9470415	0	.05295847	0
1391.15	0	.9463729	0	.0536271	0
1390.15	0	.9457059	0	.05429412	0
1389.15	0	.9450405	0	.05495955	0
1388.15	0	.9443766	0	.05562338	0
1387.15	0	.9437144	0	.05628562	0
1386.15	0	.9430537	0	.05694629	0
1385.15	0	.9423946	0	.05760537	0
1384.15	0	.9417371	0	.05826289	0
1383.15	0	.9410812	0	.05891884	0
1382.15	0	.9404268	0	.05957322	0
1381.15	0	.939774	0	.06022606	0
1380.15	0	.9391227	0	.06087733	0
1379.15	0	.9384729	0	.06152707	0
1378.15	0	.9378247	0	.06217526	0
1377.15	0	.9371781	0	.06282191	0
1376.15	0	.936533	0	.06346704	0
1375.15	0	.9358894	0	.06411064	0
1374.15	0	.9352473	0	.06475272	0
1373.15	0	.9346067	0	.06539328	0
1372.15	0	.9339677	0	.06603232	0
1371.15	0	.9333301	0	.06666987	0
1370.15	0	.9326941	0	.0673059	0
1369.15	0	.9320595	0	.06794045	0
1368.15	0	.9314265	0	.0685735	0
1367.15	0	.9307949	0	.06920506	0
1366.15	0	.9301649	0	.06983514	0
1365.15	0	.9295363	0	.07046374	0
1364.15	0	.9289091	0	.07109087	0
1363.15	0	.9282835	0	.07171653	0
1362.15	0	.9276593	0	.07234072	0
1361.15	0	.9270365	0	.07296346	0
1360.15	0	.9264153	0	.07358474	0
1359.15	0	.9257954	0	.07420457	0
1358.15	0	.925177	0	.07482295	0
1357.15	0	.9245601	0	.07543989	0
1356.15	0	.9239446	0	.0760554	0
1355.15	0	.9233305	0	.07666947	0
1354.15	0	.9227179	0	.07728212	0
1353.15	0	.9221067	0	.07789334	0
1352.15	0	.9214969	0	.07850314	0
1351.15	0	.9208885	0	.07911153	0
1350.15	0	.9202815	0	.07971851	0
1349.15	0	.9196759	0	.08032408	0
1348.15	0	.9190718	0	.08092826	0
1347.15	0	.918469	0	.08153103	0
1346.15	0	.9178676	0	.08213241	0
1345.15	0	.9172676	0	.0827324	0
1344.15	0	.916669	0	.08333101	0
1343.15	0	.9160718	0	.08392824	0
1342.15	0	.9154759	0	.0845241	0
1341.15	0	.9148814	0	.08511858	0
1340.15	0	.9142883	0	.08571169	0
1339.15	0	.9136966	0	.08630344	0
1338.15	0	.9131062	0	.08689384	0
1337.15	0	.9125171	0	.08748288	0
1336.15	0	.9119294	0	.08807056	0
1335.15	0	.9113431	0	.0886569	0
1334.15	0	.9107581	0	.0892419	0
1333.15	0	.9101744	0	.08982556	0
1332.15	0	.9095921	0	.09040789	0
1331.15	0	.9090111	0	.09098888	0
1330.15	0	.9084315	0	.09156855	0
1329.15	0	.9078531	0	.0921469	0
1328.15	0	.9072761	0	.09272393	0
1327.15	0	.9067004	0	.09329964	0
1326.15	0	.906126	0	.09387405	0
1325.15	0	.9055529	0	.09444714	0
1324.15	0	.9049811	0	.09501894	0
1323.15	0	.9044106	0	.09558943	0
1322.15	0	.9038414	0	.09615863	0
1321.15	0	.9032735	0	.09672654	0
1320.15	0	.9027068	0	.09729317	0
1319.15	0	.9021415	0	.09785851	0
1318.15	0	.9015774	0	.09842257	0
1317.15	0	.9010147	0	.09898535	0
1316.15	0	.9004531	0	.09954686	0
1315.15	0	.8998929	0	.1001071	0
1314.15	0	.8993339	0	.1006661	0
1313.15	0	.8987762	0	.1012238	0
1312.15	0	.8982197	0	.1017803	0
1311.15	0	.8976645	0	.1023355	0
1310.15	0	.8971106	0	.1028894	0
1309.15	0	.8965579	0	.1034421	0
1308.15	0	.8960064	0	.1039936	0
1307.15	0	.8954562	0	.1045438	0
1306.15	0	.8949072	0	.1050928	0
1305.15	0	.8943594	0	.1056406	0
1304.15	0	.8938129	0	.1061871	0
1303.15	0	.8932676	0	.1067325	0
1302.15	0	.8927235	0	.1072765	0
1301.15	0	.8921806	0	.1078194	0
1300.15	0	.8916389	0	.1083611	0
1299.15	0	.8910985	0	.1089015	0
1298.15	0	.8905592	0	.1094408	0
1297.15	0	.8900212	0	.1099788	0
1296.15	0	.8894844	0	.1105156	0
1295.15	0	.8889487	0	.1110513	0
1294.15	0	.8884143	0	.1115857	0
1293.15	0	.887881	0	.112119	0
1292.15	0	.887349	0	.1126511	0
1291.15	0	.8868181	0	.1131819	0
1290.15	0	.8862884	0	.1137117	0
1289.15	0	.8857598	0	.1142402	0
1288.15	0	.8852325	0	.1147675	0
1287.15	0	.8847063	0	.1152937	0
1286.15	0	.8841813	0	.1158187	0
1285.15	0	.8836574	0	.1163426	0
1284.15	0	.8831347	0	.1168653	0
1283.15	0	.8826132	0	.1173868	0
1282.15	0	.8820928	0	.1179072	0
1281.15	0	.8815735	0	.1184265	0
1280.15	0	.8810554	0	.1189446	0
1279.15	0	.8805385	0	.1194615	0
1278.15	0	.8800227	0	.1199773	0
1277.15	0	.879508	0	.120492	0
1276.15	0	.8789945	0	.1210055	0
1275.15	0	.8784821	0	.1215179	0
1274.15	0	.8779708	0	.1220292	0
1273.15	0	.8774607	0	.1225393	0
1272.15	0	.8769516	0	.1230484	0
1271.15	0	.8764437	0	.1235563	0
1270.15	0	.8759369	0	.1240631	0
1269.15	0	.8754312	0	.1245688	0
1268.15	0	.8749267	0	.1250733	0
1267.15	0	.8744232	0	.1255768	0
1266.15	0	.8739209	0	.1260791	0
1265.15	0	.8734196	0	.1265804	0
1264.15	0	.8729194	0	.1270806	0
1263.15	0	.8724204	0	.1275796	0
1262.15	0	.8719224	0	.1280776	0
1261.15	0	.8714255	0	.1285745	0
1260.15	0	.8709297	0	.1290703	0
1259.15	0	.870435	0	.129565	0
1258.15	0	.8699414	0	.1300586	0
1257.15	0	.8694488	0	.1305512	0
1256.15	0	.8689573	0	.1310427	0
1255.15	0	.8684669	0	.1315331	0
1254.15	0	.8679776	0	.1320224	0
1253.15	0	.8674893	0	.1325107	0
1252.15	0	.8670021	0	.1329979	0
1251.15	0	.8665159	0	.1334841	0
1250.15	0	.8660308	0	.1339692	0
1249.15	0	.8655468	0	.1344532	0
1248.15	0	.8650638	0	.1349362	0
1247.15	0	.8645818	0	.1354182	0
1246.15	0	.8641009	0	.135899	0
1245.15	0	.8636211	0	.1363789	0
1244.15	0	.8631423	0	.1368577	0
1243.15	0	.8626645	0	.1373355	0
1242.15	0	.8621878	0	.1378122	0
1241.15	0	.8617121	0	.1382879	0
1240.15	0	.8612374	0	.1387626	0
1239.15	0	.8607637	0	.1392363	0
1238.15	0	.8602911	0	.1397089	0
1237.15	0	.8598195	0	.1401805	0
1236.15	0	.8593489	0	.1406511	0
1235.15	0	.8588794	0	.1411206	0
1234.15	0	.8584108	0	.1415892	0
1233.15	0	.8579433	0	.1420567	0
1232.15	0	.8574768	0	.1425232	0
1231.15	0	.8570112	0	.1429888	0
1230.15	0	.8565467	0	.1434533	0
1229.15	0	.8560832	0	.1439168	0
1228.15	0	.8556207	0	.1443793	0
1227.15	0	.8551591	0	.1448409	0
1226.15	0	.8546986	0	.1453014	0
1225.15	0	.8542391	0	.1457609	0
1224.15	0	.8537805	0	.1462195	0
1223.15	0	.853323	0	.146677	0
1222.15	0	.8528664	0	.1471336	0
1221.15	0	.8524108	0	.1475892	0
1220.15	0	.8519562	0	.1480438	0
1219.15	0	.8515025	0	.1484975	0
1218.15	0	.8510498	0	.1489502	0
1217.15	0	.8505982	0	.1494019	0
1216.15	0	.8501474	0	.1498526	0
1215.15	0	.8496977	0	.1503024	0
1214.15	0	.8492489	0	.1507511	0
1213.15	0	.848801	0	.151199	0
1212.15	0	.8483541	0	.1516459	0
1211.15	0	.8479082	0	.1520918	0
1210.15	0	.8474633	0	.1525367	0
1209.15	0	.8470193	0	.1529807	0
1208.15	0	.8465762	0	.1534238	0
1207.15	0	.8461341	0	.1538659	0
1206.15	0	.8456929	0	.1543071	0
1205.15	0	.8452527	0	.1547473	0
1204.15	0	.8448134	0	.1551866	0
1203.15	0	.8443751	0	.1556249	0
1202.15	0	.8439376	0	.1560624	0
1201.15	0	.8435012	0	.1564988	0
1200.15	0	.8430656	0	.1569344	0
1199.15	0	.842631	0	.157369	0
1198.15	0	.8421973	0	.1578027	0
1197.15	0	.8417646	0	.1582354	0
1196.15	0	.8413327	0	.1586673	0
1195.15	0	.8409018	0	.1590982	0
1194.15	0	.8404718	0	.1595282	0
1193.15	0	.8400427	0	.1599573	0
1192.15	0	.8396146	0	.1603854	0
1191.15	0	.8391873	0	.1608127	0
1190.15	0	.838761	0	.161239	0
1189.15	0	.8383355	0	.1616645	0
1188.15	0	.837911	0	.162089	0
1187.15	0	.8374874	0	.1625126	0
1186.15	0	.8370646	0	.1629354	0
1185.15	0	.8366428	0	.1633572	0
1184.15	0	.8362219	0	.1637781	0
1183.15	0	.8358019	0	.1641981	0
1182.15	0	.8353827	0	.1646173	0
1181.15	0	.8349645	0	.1650355	0
1180.15	0	.8345471	0	.1654529	0
1179.15	0	.8341307	0	.1658694	0
1178.15	0	.8337151	0	.1662849	0
1177.15	0	.8333004	0	.1666996	0
1176.15	0	.8328865	0	.1671135	0
1175.15	0	.8324736	0	.1675264	0
1174.15	0	.8320615	0	.1679385	0
1173.15	0	.8316503	0	.1683497	0
1172.15	0	.83124	0	.16876	0
1171.15	0	.8308306	0	.1691694	0
1170.15	0	.830422	0	.169578	0
1169.15	0	.8300143	0	.1699857	0
1168.15	0	.8296074	0	.1703926	0
1167.15	0	.8292015	0	.1707985	0
1166.15	0	.8287963	0	.1712037	0
1165.15	0	.8283921	0	.1716079	0
1164.15	0	.8279887	0	.1720113	0
1163.15	0	.8275861	0	.1724139	0
1162.15	0	.8271844	0	.1728156	0
1161.15	0	.8267836	0	.1732164	0
1160.15	0	.8263836	0	.1736164	0
1159.15	0	.8259844	0	.1740156	0
1158.15	0	.8255862	0	.1744139	0
1157.15	0	.8251887	0	.1748113	0
1156.15	0	.8247921	0	.1752079	0
1155.15	0	.8243963	0	.1756037	0
1154.15	0	.8240014	0	.1759986	0
1153.15	0	.8236073	0	.1763927	0
1152.15	0	.823214	0	.176786	0
1151.15	0	.8228216	0	.1771784	0
1150.15	0	.82243	0	.17757	0
1149.15	0	.8220392	0	.1779608	0
1148.15	0	.8216493	0	.1783507	0
1147.15	0	.8212602	0	.1787398	0
1146.15	0	.8208719	0	.1791281	0
1145.15	0	.8204845	0	.1795155	0
1144.15	0	.8200978	0	.1799022	0
1143.15	0	.819712	0	.180288	0
1142.15	0	.819327	0	.180673	0
1141.15	0	.8189428	0	.1810572	0
1140.15	0	.8185594	0	.1814406	0
1139.15	0	.8181769	0	.1818231	0
1138.15	0	.8177951	0	.1822049	0
1137.15	0	.8174142	0	.1825858	0
1136.15	0	.817034	0	.182966	0
1135.15	0	.8166547	0	.1833453	0
1134.15	0	.8162762	0	.1837238	0
1133.15	0	.8158985	0	.1841015	0
1132.15	0	.8155215	0	.1844785	0
1131.15	0	.8151454	0	.1848546	0
1130.15	0	.8147701	0	.1852299	0
1129.15	0	.8143956	0	.1856044	0
1128.15	0	.8140218	0	.1859782	0
1127.15	0	.8136489	0	.1863511	0
1126.15	0	.8132767	0	.1867233	0
1125.15	0	.8129054	0	.1870946	0
1124.15	0	.8125348	0	.1874652	0
1123.15	0	.812165	0	.187835	0
1122.15	0	.811796	0	.188204	0
1121.15	0	.8114278	0	.1885722	0
1120.15	0	.8110603	0	.1889397	0
1119.15	0	.8106937	0	.1893063	0
1118.15	0	.8103278	0	.1896722	0
1117.15	0	.8099627	0	.1900373	0
1116.15	0	.8095983	0	.1904017	0
1115.15	0	.8092348	0	.1907652	0
1114.15	0	.808872	0	.191128	0
1113.15	0	.80851	0	.19149	0
1112.15	0	.8081487	0	.1918513	0
1111.15	0	.8077883	0	.1922117	0
1110.15	0	.8074286	0	.1925714	0
1109.15	0	.8070696	0	.1929304	0
1108.15	0	.8067114	0	.1932886	0
1107.15	0	.806354	0	.193646	0
1106.15	0	.8059973	0	.1940027	0
1105.15	0	.8056414	0	.1943586	0
1104.15	0	.8052863	0	.1947137	0
1103.15	0	.8049319	0	.1950681	0
1102.15	0	.8045783	0	.1954218	0
1101.15	0	.8042254	0	.1957746	0
1100.15	0	.8038732	0	.1961268	0
1099.15	0	.8035218	0	.1964782	0
1098.15	0	.8031712	0	.1968288	0
1097.15	0	.8028213	0	.1971787	0
1096.15	0	.8024722	0	.1975278	0
1095.15	0	.8021238	0	.1978762	0
1094.15	0	.8017761	0	.1982239	0
1093.15	0	.8014292	0	.1985708	0
1092.15	0	.801083	0	.198917	0
1091.15	0	.8007376	0	.1992624	0
1090.15	0	.8003929	0	.1996071	0
1089.15	0	.8000489	0	.1999511	0
1088.15	0	.7997057	0	.2002943	0
1087.15	0	.7993632	0	.2006368	0
1086.15	0	.7990215	0	.2009785	0
1085.15	0	.7986804	0	.2013196	0
1084.15	0	.7983401	0	.2016599	0
1083.15	0	.7980006	0	.2019995	0
1082.15	0	.7976617	0	.2023383	0
1081.15	0	.7973236	0	.2026764	0
1080.15	0	.7969862	0	.2030138	0
1079.15	0	.7966495	0	.2033505	0
1078.15	0	.7963136	0	.2036865	0
1077.15	0	.7959783	0	.2040217	0
1076.15	0	.7956438	0	.2043562	0
1075.15	0	.79531	0	.20469	0
1074.15	0	.7949769	0	.2050231	0
1073.15	0	.7946446	0	.2053554	0
1072.15	0	.7943129	0	.2056871	0
1071.15	0	.793982	0	.206018	0
1070.15	0	.7936517	0	.2063483	0
1069.15	0	.7933222	0	.2066778	0
1068.15	0	.7929934	0	.2070066	0
1067.15	0	.7926653	0	.2073347	0
1066.15	0	.7923379	0	.2076621	0
1065.15	0	.7920112	0	.2079888	0
1064.15	0	.7916853	0	.2083147	0
1063.15	0	.79136	0	.20864	0
1062.15	0	.7910354	0	.2089646	0
1061.15	0	.7907115	0	.2092885	0
1060.15	0	.7903883	0	.2096117	0
1059.15	0	.7900658	0	.2099342	0
1058.15	0	.7897441	0	.2102559	0
1057.15	0	.789423	0	.210577	0
1056.15	0	.7891026	0	.2108974	0
1055.15	0	.7887829	0	.2112171	0
1054.15	0	.7884639	0	.2115361	0
1053.15	0	.7881455	0	.2118545	0
1052.15	0	.7878279	0	.2121721	0
1051.15	0	.787511	0	.212489	0
1050.15	0	.7871947	0	.2128053	0
1049.15	0	.7868792	0	.2131208	0
1048.15	0	.7865643	0	.2134357	0
1047.15	0	.7862501	0	.2137499	0
1046.15	0	.7859366	0	.2140634	0
1045.15	0	.7856238	0	.2143762	0
1044.15	0	.7853116	0	.2146884	0
1043.15	0	.7850001	0	.2149999	0
1042.15	0	.7846893	0	.2153107	0
1041.15	0	.7843792	0	.2156208	0
1040.15	0	.7840698	0	.2159302	0
1039.15	0	.783761	0	.216239	0
1038.15	0	.783453	0	.2165471	0
1037.15	0	.7831455	0	.2168545	0
1036.15	0	.7828388	0	.2171612	0
1035.15	0	.7825327	0	.2174673	0
1034.15	0	.7822273	0	.2177727	0
1033.15	0	.7819226	0	.2180774	0
1032.15	0	.7816186	0	.2183814	0
1031.15	0	.7813152	0	.2186848	0
1030.15	0	.7810124	0	.2189876	0
1029.15	0	.7807104	0	.2192896	0
1028.15	0	.780409	0	.219591	0
1027.15	0	.7801083	0	.2198917	0
1026.15	0	.7798082	0	.2201918	0
1025.15	0	.7795088	0	.2204912	0
1024.15	0	.77921	0	.22079	0
1023.15	0	.778912	0	.2210881	0
1022.15	0	.7786145	0	.2213855	0
1021.15	0	.7783178	0	.2216823	0
1020.15	0	.7780216	0	.2219784	0
1019.15	0	.7777262	0	.2222738	0
1018.15	0	.7774314	0	.2225686	0
1017.15	0	.7771372	0	.2228628	0
1016.15	0	.7768437	0	.2231563	0
1015.15	0	.7765509	0	.2234491	0
1014.15	0	.7762587	0	.2237413	0
1013.15	0	.7759671	0	.2240329	0
1012.15	0	.7756762	0	.2243238	0
1011.15	0	.775386	0	.224614	0
1010.15	0	.7750964	0	.2249036	0
1009.15	0	.7748074	0	.2251926	0
1008.15	0	.7745191	0	.2254809	0
1007.15	0	.7742314	0	.2257686	0
1006.15	0	.7739444	0	.2260556	0
1005.15	0	.773658	0	.226342	0
1004.15	0	.7733723	0	.2266277	0
1003.15	0	.7730872	0	.2269128	0
1002.15	0	.7728027	0	.2271973	0
1001.15	0	.7725189	0	.2274811	0
1000.15	0	.7722357	0	.2277643	0
999.15	0	.7719532	0	.2280468	0
998.15	0	.7716713	0	.2283287	0
997.15	0	.77139	0	.22861	0
996.15	0	.7711094	0	.2288906	0
995.15	0	.7708294	0	.2291706	0
994.15	0	.77055	0	.22945	0
993.15	0	.7702712	0	.2297288	0
992.15	0	.7699931	0	.2300069	0
991.15	0	.7697157	0	.2302843	0
990.15	0	.7694388	0	.2305612	0
989.15	0	.7691626	0	.2308374	0
988.15	0	.768887	0	.231113	0
987.15	0	.768612	0	.231388	0
986.15	0	.7683377	0	.2316623	0
985.15	0	.768064	0	.231936	0
984.15	0	.7677909	0	.2322091	0
983.15	0	.7675184	0	.2324816	0
982.15	0	.7672466	0	.2327535	0
981.15	0	.7669753	0	.2330247	0
980.15	0	.7667047	0	.2332953	0
979.15	0	.7664348	0	.2335653	0
978.15	0	.7661654	0	.2338346	0
977.15	0	.7658966	0	.2341034	0
976.15	0	.7656285	0	.2343715	0
975.15	0	.765361	0	.234639	0
974.15	0	.7650941	0	.2349059	0
973.15	0	.7648278	0	.2351722	0
972.15	0	.7645622	0	.2354378	0
971.15	0	.7642971	0	.2357029	0
970.15	0	.7640327	0	.2359673	0
969.15	0	.7637689	0	.2362311	0
968.15	0	.7635057	0	.2364943	0
967.15	0	.7632431	0	.2367569	0
966.15	0	.7629811	0	.2370189	0
965.15	0	.7627197	0	.2372803	0
964.15	0	.7624589	0	.2375411	0
963.15	0	.7621988	0	.2378012	0
962.15	0	.7619392	0	.2380608	0
961.15	0	.7616803	0	.2383197	0
960.15	0	.761422	0	.2385781	0
959.15	0	.7611642	0	.2388358	0
958.15	0	.7609071	0	.2390929	0
957.15	0	.7606506	0	.2393495	0
956.15	0	.7603946	0	.2396054	0
955.15	0	.7601393	0	.2398607	0
954.15	0	.7598846	0	.2401154	0
953.15	0	.7596305	0	.2403695	0
952.15	0	.759377	0	.2406231	0
951.15	0	.759124	0	.240876	0
950.15	0	.7588717	0	.2411283	0
949.15	0	.75862	0	.24138	0
948.15	0	.7583689	0	.2416311	0
947.15	0	.7581183	0	.2418817	0
946.15	0	.7578684	0	.2421316	0
945.15	0	.7576191	0	.2423809	0
944.15	0	.7573703	0	.2426297	0
943.15	0	.7571222	0	.2428778	0
942.15	0	.7568746	0	.2431254	0
941.15	0	.7566276	0	.2433724	0
940.15	0	.7563813	0	.2436187	0
939.15	0	.7561355	0	.2438645	0
938.15	0	.7558903	0	.2441097	0
937.15	0	.7556457	0	.2443543	0
936.15	0	.7554017	0	.2445983	0
935.15	0	.7551583	0	.2448417	0
934.15	0	.7549154	0	.2450846	0
933.15	0	.7546732	0	.2453268	0
932.15	0	.7544315	0	.2455685	0
931.15	0	.7541904	0	.2458096	0
930.15	0	.7539499	0	.2460501	0
929.15	0	.75371	0	.24629	0
928.15	0	.7534707	0	.2465293	0
927.15	0	.753232	0	.246768	0
926.15	0	.7529938	0	.2470062	0
925.15	0	.7527562	0	.2472438	0
924.15	0	.7525192	0	.2474808	0
923.15	0	.7522828	0	.2477172	0
922.15	0	.752047	0	.247953	0
921.15	0	.7518117	0	.2481883	0
920.15	0	.751577	0	.248423	0
919.15	0	.7513429	0	.2486571	0
918.15	0	.7511094	0	.2488906	0
917.15	0	.7508765	0	.2491236	0
916.15	0	.7506441	0	.2493559	0
915.15	0	.7504123	0	.2495877	0
914.15	0	.7501811	0	.249819	0
913.15	0	.7499504	0	.2500496	0
912.15	0	.7497203	0	.2502797	0
911.15	0	.7494908	0	.2505092	0
910.15	0	.7492619	0	.2507381	0
909.15	0	.7490335	0	.2509665	0
908.15	0	.7488057	0	.2511943	0
907.15	0	.7485785	0	.2514215	0
906.15	0	.7483519	0	.2516482	0
905.15	0	.7481258	0	.2518742	0
904.15	0	.7479003	0	.2520998	0
903.15	0	.7476753	0	.2523247	0
902.4741	0	.7475236	0	.2524764	0
902.4741	0	.7475236	0	.2524764	0
902.4741	0	.7475236	0	.2524764	0
902.15	0	.7472466	2.272772E-04	.2525261	0
901.15	0	.7463931	9.281526E-04	.2526788	0
900.15	0	.7455412	.001628534	.2528303	0
899.15	0	.7446909	.002328455	.2529806	0
898.15	0	.7438422	.003027957	.2531299	0
897.15	0	.742995	.003727075	.2532779	0
896.15	0	.7421494	.004425848	.2534248	0
895.15	0	.7413052	.005124316	.2535705	0
894.15	0	.7404624	.005822521	.253715	0
893.15	0	.7396212	.006520505	.2538583	0
892.15	0	.7387812	.007218313	.2540005	0
891.15	0	.7379427	.00791599	.2541413	0
890.15	0	.7371054	.008613583	.254281	0
889.15	0	.7362695	.009311141	.2544194	0
888.15	0	.7354348	.01000871	.2545565	0
887.15	0	.7346013	.01070635	.2546924	0
886.15	0	.7337689	.01140411	.2548269	0
885.15	0	.7329377	.01210205	.2549602	0
884.15	0	.7321076	.01280021	.2550922	0
883.15	0	.7312785	.01349867	.2552228	0
882.15	0	.7304504	.01419748	.2553521	0
881.15	0	.7296232	.0148967	.2554801	0
880.15	0	.728797	.01559641	.2556066	0
879.15	0	.7279715	.01629666	.2557318	0
878.15	0	.7271469	.01699753	.2558556	0
877.15	0	.726323	.01769908	.2559779	0
876.15	0	.7254997	.0184014	.2560989	0
875.15	0	.7246771	.01910456	.2562183	0
874.15	0	.7238551	.01980863	.2563363	0
873.15	0	.7230335	.02051371	.2564528	0
872.15	0	.7222124	.02121987	.2565678	0
871.15	0	.7213916	.02192721	.2566812	0
870.15	0	.7205711	.02263581	.2567931	0
869.15	0	.7197508	.02334577	.2569035	0
868.15	0	.7189306	.02405718	.2570122	0
867.15	0	.7181105	.02477016	.2571193	0
866.15	0	.7172904	.0254848	.2572248	0
865.15	0	.7164701	.02620122	.2573286	0
864.15	0	.7156497	.02691952	.2574308	0
863.15	0	.714829	.02763982	.2575312	0
862.15	0	.7140078	.02836225	.2576299	0
861.15	0	.7131862	.02908694	.2577268	0
860.15	0	.712364	.02981401	.257822	0
859.15	0	.7115411	.0305436	.2579153	0
858.15	0	.7107174	.03127585	.2580067	0
857.15	0	.7098928	.03201092	.2580963	0
856.15	0	.7090671	.03274895	.258184	0
855.15	0	.7082402	.03349011	.2582697	0
854.15	0	.707412	.03423457	.2583534	0
853.15	0	.7065824	.03498249	.2584351	0
852.15	0	.7057512	.03573407	.2585148	0
851.15	0	.7049182	.03648949	.2585923	0
850.15	0	.7040833	.03724896	.2586677	0
849.15	0	.7032464	.03801267	.258741	0
848.15	0	.7024072	.03878086	.258812	0
847.15	0	.7015656	.03955374	.2588807	0
846.15	0	.7007214	.04033155	.2589471	0
845.15	0	.6998743	.04111456	.2590111	0
844.15	0	.6990243	.04190301	.2590727	0
843.15	0	.698171	.0426972	.2591318	0
842.15	0	.6973142	.0434974	.2591884	0
841.15	0	.6964537	.04430393	.2592424	0
840.15	0	.6955892	.0451171	.2592937	0
839.15	0	.6947205	.04593727	.2593422	0
838.15	0	.6938472	.04676479	.259388	0
837.15	0	.6929691	.04760004	.2594308	0
836.15	0	.6920858	.04844343	.2594707	0
835.15	0	.6911971	.04929538	.2595076	0
834.15	0	.6903024	.05015635	.2595412	0
833.15	0	.6894015	.05102682	.2595717	0
832.15	0	.6884939	.0519073	.2595988	0
831.15	0	.6875793	.05279835	.2596224	0
830.15	0	.686657	.05370056	.2596424	0
829.15	0	.6857267	.05461454	.2596588	0
828.15	0	.6847877	.05554097	.2596713	0
827.15	0	.6838396	.05648058	.2596798	0
826.15	0	.6828816	.05743414	.2596842	0
825.15	0	.6819132	.0584025	.2596843	0
824.15	0	.6809335	.05938656	.2596799	0
823.15	0	.6799418	.0603873	.2596709	0
822.15	0	.6789373	.0614058	.2596569	0
821.15	0	.6777083	.06268496	.2596067	0
820.15	0	.6761249	.06437597	.2594992	0
819.15	0	.6745989	.0660066	.2593945	0
818.15	0	.6731273	.06758011	.2592926	0
817.15	0	.6717071	.06909953	.2591933	0
816.15	0	.6703356	.07056771	.2590967	0
815.15	0	.6690102	.07198731	.2590025	0
814.15	0	.6677285	.07336082	.2589107	0
813.15	0	.6664883	.07469057	.2588212	0
812.15	0	.6652874	.07597874	.2587338	0
811.15	0	.664124	.07722738	.2586486	0
810.15	0	.6629963	.07843839	.2585653	0
809.15	0	.6619024	.07961359	.258484	0
808.15	0	.6608409	.08075464	.2584045	0
807.15	0	.6598101	.08186313	.2583268	0
806.15	0	.6588087	.08294056	.2582507	0
805.15	0	.6578354	.08398833	.2581763	0
804.15	0	.6568889	.08500775	.2581034	0
803.15	0	.655968	.08600007	.2580319	0
802.15	0	.6550716	.08696645	.2579619	0
801.15	0	.6541988	.08790801	.2578932	0
800.15	0	.6533484	.08882579	.2578259	0
799.15	0	.6525195	.08972078	.2577597	0
798.15	0	.6517113	.09059391	.2576948	0
797.15	0	.650923	.09144606	.2576309	0
796.15	0	.6501537	.09227808	.2575682	0
795.15	0	.6494028	.09309075	.2575065	0
794.15	0	.6486694	.09388482	.2574458	0
793.15	0	.647953	.09466102	.257386	0
792.15	0	.6472528	.09542002	.2573272	0
791.15	0	.6465683	.09616247	.2572692	0
790.15	0	.6458989	.09688897	.2572121	0
789.15	0	.6452441	.09760012	.2571558	0
788.15	0	.6446033	.09829646	.2571003	0
787.15	0	.643976	.09897853	.2570455	0
786.15	0	.6433618	.09964683	.2569914	0
785.15	0	.6427602	.1003018	.256938	0
784.15	0	.6421708	.100944	.2568852	0
783.15	0	.6415931	.1015738	.2568331	0
782.15	0	.6410268	.1021916	.2567816	0
781.15	0	.6404715	.1027979	.2567306	0
780.15	0	.6399268	.103393	.2566802	0
779.15	0	.6393924	.1039772	.2566304	0
778.15	0	.638868	.104551	.2565811	0
777.15	0	.6383532	.1051146	.2565322	0
776.15	0	.6378478	.1056684	.2564838	0
775.15	0	.6373514	.1062127	.2564359	0
774.15	0	.6368638	.1067478	.2563884	0
773.15	0	.6363858	.1072732	.2563411	0
772.15	0	.6359148	.1077908	.2562944	0
771.15	0	.6354519	.1082999	.2562482	0
770.15	0	.6349968	.108801	.2562023	0
769.15	0	.6345492	.1092941	.2561567	0
768.15	0	.6341089	.1097796	.2561115	0
767.15	0	.6336758	.1102576	.2560666	0
766.15	0	.6332496	.1107283	.2560221	0
765.15	0	.6328302	.1111921	.2559778	0
764.15	0	.6324172	.111649	.2559338	0
763.15	0	.6320107	.1120992	.2558901	0
762.15	0	.6316103	.112543	.2558467	0
761.15	0	.6312159	.1129805	.2558035	0
760.15	0	.6308275	.1134119	.2557606	0
759.15	0	.6304447	.1138374	.2557179	0
758.15	0	.6300675	.1142571	.2556755	0
757.15	0	.6296957	.1146711	.2556332	0
756.15	0	.6293291	.1150797	.2555912	0
755.15	0	.6289677	.1154829	.2555494	0
754.15	0	.6286113	.1158809	.2555077	0
753.15	0	.6282598	.1162739	.2554663	0
752.15	0	.6279131	.1166619	.2554251	0
751.15	0	.627571	.117045	.255384	0
750.15	0	.6272335	.1174235	.255343	0
749.15	0	.6269003	.1177974	.2553023	0
748.15	0	.6265715	.1181669	.2552616	0
747.15	0	.6262469	.1185319	.2552212	0
746.15	0	.6259264	.1188927	.2551808	0
745.15	0	.62561	.1192494	.2551406	0
744.15	0	.6252974	.119602	.2551006	0
743.15	0	.6249887	.1199507	.2550606	0
742.15	0	.6246837	.1202955	.2550208	0
741.15	0	.6243824	.1206365	.2549811	0
740.15	0	.6240847	.1209738	.2549415	0
739.15	0	.6237905	.1213075	.254902	0
738.15	0	.6234997	.1216377	.2548626	0
737.15	0	.6232123	.1219644	.2548233	0
736.15	0	.6229281	.1222878	.2547841	0
735.15	0	.6226472	.1226079	.2547449	0
734.15	0	.6223694	.1229247	.2547059	0
733.15	0	.6220947	.1232384	.2546669	0
732.15	0	.6218229	.123549	.254628	0
731.15	0	.6215542	.1238566	.2545892	0
730.15	0	.6212883	.1241612	.2545505	0
729.15	0	.6210252	.124463	.2545118	0
728.15	0	.6207649	.1247619	.2544732	0
727.15	0	.6205073	.125058	.2544347	0
726.15	0	.6202524	.1253514	.2543962	0
725.15	0	.6200001	.1256422	.2543577	0
724.15	0	.6197503	.1259303	.2543194	0
723.15	0	.6195031	.1262159	.254281	0
722.15	0	.6192583	.126499	.2542428	0
721.15	0	.6190159	.1267796	.2542045	0
720.15	0	.6187759	.1270578	.2541663	0
719.15	0	.6185382	.1273337	.2541282	0
718.15	0	.6183028	.1276072	.2540901	0
717.15	0	.6180696	.1278784	.254052	0
716.15	0	.6178386	.1281475	.2540139	0
715.15	0	.6176098	.1284143	.2539759	0
714.15	0	.617383	.128679	.253938	0
713.15	0	.6171584	.1289416	.2539	0
712.15	0	.6169358	.1292021	.2538621	0
711.15	0	.6167152	.1294606	.2538242	0
710.15	0	.6164966	.1297171	.2537863	0
709.15	0	.6162799	.1299716	.2537485	0
708.15	0	.6160651	.1302243	.2537107	0
707.15	0	.6158521	.130475	.2536729	0
706.15	0	.6156411	.1307239	.2536351	0
705.15	0	.6154318	.1309709	.2535973	0
704.15	0	.6152243	.1312162	.2535596	0
703.15	0	.6150185	.1314596	.2535219	0
702.15	0	.6148144	.1317014	.2534842	0
701.15	0	.6146121	.1319415	.2534465	0
700.15	0	.6144114	.1321798	.2534088	0
699.15	0	.6142123	.1324166	.2533711	0
698.15	0	.6140148	.1326517	.2533335	0
697.15	0	.613819	.1328852	.2532958	0
696.15	0	.6136247	.1331172	.2532582	0
695.15	0	.6134319	.1333476	.2532205	0
694.15	0	.6132406	.1335765	.2531829	0
693.15	0	.6130508	.1338039	.2531453	0
692.15	0	.6128625	.1340298	.2531077	0
691.15	0	.6126756	.1342543	.2530701	0
690.15	0	.6124901	.1344774	.2530325	0
689.15	0	.612306	.134699	.2529949	0
688.15	0	.6121234	.1349193	.2529573	0
687.15	0	.611942	.1351382	.2529197	0
686.15	0	.611762	.1353558	.2528822	0
685.15	0	.6115833	.1355721	.2528446	0
684.15	0	.611406	.135787	.252807	0
683.15	0	.6112299	.1360007	.2527695	0
682.15	0	.611055	.1362131	.2527319	0
681.15	0	.6108814	.1364242	.2526943	0
680.15	0	.6107091	.1366342	.2526568	0
679.15	0	.6105379	.1368429	.2526192	0
678.15	0	.6103679	.1370504	.2525816	0
677.15	0	.6101992	.1372568	.2525441	0
676.15	0	.6100315	.137462	.2525065	0
675.15	0	.609865	.137666	.2524689	0
674.15	0	.6096997	.1378689	.2524314	0
673.15	0	.6095355	.1380707	.2523938	0
672.15	0	.6093723	.1382714	.2523562	0
671.15	0	.6092103	.1384711	.2523187	0
670.15	0	.6090493	.1386696	.2522811	0
669.15	0	.6088894	.1388671	.2522435	0
668.15	0	.6087305	.1390635	.252206	0
667.15	0	.6085726	.1392589	.2521684	0
666.15	0	.6084158	.1394534	.2521308	0
665.15	0	.60826	.1396467	.2520933	0
664.15	0	.6081052	.1398391	.2520557	0
663.15	0	.6079513	.1400306	.2520181	0
662.15	0	.6077984	.140221	.2519805	0
661.15	0	.6076465	.1404105	.251943	0
660.15	0	.6074955	.1405991	.2519054	0
659.15	0	.6073455	.1407867	.2518678	0
658.15	0	.6071964	.1409734	.2518302	0
657.15	0	.6070482	.1411592	.2517927	0
656.15	0	.6069009	.1413441	.2517551	0
655.15	0	.6067545	.141528	.2517175	0
654.15	0	.6066089	.1417112	.2516799	0
653.15	0	.6064643	.1418934	.2516423	0
652.15	0	.6063205	.1420748	.2516047	0
651.15	0	.6061775	.1422553	.2515672	0
650.15	0	.6060354	.142435	.2515296	0
649.15	0	.6058941	.1426139	.251492	0
648.15	0	.6057537	.1427919	.2514544	0
647.15	0	.6056141	.1429691	.2514169	0
646.15	0	.6054752	.1431455	.2513793	0
645.15	0	.6053372	.1433211	.2513417	0
644.15	0	.6052	.1434959	.2513041	0
643.15	0	.6050635	.14367	.2512666	0
642.15	0	.6049278	.1438432	.251229	0
641.15	0	.6047929	.1440157	.2511914	0
640.15	0	.6046587	.1441874	.2511539	0
639.15	0	.6045253	.1443584	.2511163	0
638.15	0	.6043926	.1445287	.2510787	0
637.15	0	.6042606	.1446982	.2510412	0
636.15	0	.6041294	.144867	.2510036	0
635.15	0	.6039989	.145035	.2509661	0
634.15	0	.6038691	.1452024	.2509285	0
633.15	0	.60374	.145369	.250891	0
632.15	0	.6036116	.1455349	.2508535	0
631.15	0	.6034839	.1457001	.2508159	0
630.15	0	.6033569	.1458647	.2507784	0
629.15	0	.6032306	.1460285	.2507409	0
628.15	0	.6031049	.1461917	.2507034	0
627.15	0	.6029799	.1463542	.2506659	0
626.15	0	.6028556	.146516	.2506284	0
625.15	0	.6027319	.1466772	.2505909	0
624.15	0	.6026088	.1468377	.2505534	0
623.15	0	.6024864	.1469976	.250516	0
622.15	0	.6023647	.1471568	.2504785	0
621.15	0	.6022435	.1473154	.2504411	0
620.15	0	.602123	.1474734	.2504036	0
619.15	0	.6020031	.1476307	.2503662	0
618.15	0	.6018838	.1477874	.2503288	0
617.15	0	.6017652	.1479435	.2502914	0
616.15	0	.6016471	.148099	.250254	0
615.15	0	.6015296	.1482538	.2502166	0
614.15	0	.6014127	.1484081	.2501792	0
613.15	0	.6012964	.1485617	.2501418	0
612.15	0	.6011807	.1487148	.2501045	0
611.15	0	.6010656	.1488673	.2500672	0
610.15	0	.600951	.1490191	.2500298	0
609.15	0	.600837	.1491704	.2499925	0
608.15	0	.6007236	.1493212	.2499552	0
607.15	0	.6006107	.1494713	.249918	0
606.15	0	.6004984	.1496209	.2498807	0
605.15	0	.6003867	.1497699	.2498435	0
604.15	0	.6002754	.1499183	.2498062	0
603.15	0	.6001648	.1500662	.249769	0
602.15	0	.6000546	.1502135	.2497318	0
601.15	0	.599945	.1503603	.2496947	0
600.15	0	.599836	.1505065	.2496575	0
599.15	0	.5997274	.1506522	.2496204	0
598.15	0	.5996194	.1507974	.2495833	0
597.15	0	.5995119	.150942	.2495462	0
596.15	0	.5994049	.151086	.2495091	0
595.15	0	.5992984	.1512296	.249472	0
594.15	0	.5991924	.1513726	.249435	0
593.15	0	.599087	.151515	.249398	0
592.15	0	.598982	.151657	.249361	0
591.15	0	.5988775	.1517984	.2493241	0
590.15	0	.5987735	.1519394	.2492871	0
589.15	0	.59867	.1520798	.2492502	0
588.15	0	.598567	.1522197	.2492133	0
587.15	0	.5984645	.1523591	.2491765	0
586.15	0	.5983625	.1524979	.2491396	0
585.15	0	.5982609	.1526363	.2491028	0
584.15	0	.5981598	.1527742	.249066	0
583.15	0	.5980592	.1529116	.2490293	0
582.15	0	.597959	.1530485	.2489926	0
581.15	0	.5978593	.1531849	.2489559	0
580.15	0	.5977601	.1533208	.2489192	0
579.15	0	.5976613	.1534562	.2488825	0
578.15	0	.597563	.1535911	.2488459	0
577.15	0	.5974651	.1537255	.2488094	0
576.15	0	.5973677	.1538595	.2487728	0
575.15	0	.5972707	.153993	.2487363	0
574.15	0	.5971742	.154126	.2486998	0
573.15	0	.5970781	.1542585	.2486634	0
572.15	0	.5969824	.1543906	.2486269	0
571.15	0	.5968872	.1545222	.2485906	0
570.15	0	.5967925	.1546533	.2485542	0
569.15	0	.5966981	.154784	.2485179	0
568.15	0	.5966042	.1549142	.2484816	0
567.15	0	.5965107	.1550439	.2484454	0
566.15	0	.5964176	.1551732	.2484092	0
565.15	0	.596325	.155302	.248373	0
564.15	0	.5962328	.1554303	.2483369	0
563.15	0	.596141	.1555582	.2483008	0
562.15	0	.5960496	.1556857	.2482648	0
561.15	0	.5959586	.1558127	.2482287	0
560.15	0	.595868	.1559392	.2481928	0
559.15	0	.5957778	.1560653	.2481568	0
558.15	0	.5956881	.156191	.248121	0
557.15	0	.5955987	.1563162	.2480851	0
556.15	0	.5955098	.1564409	.2480493	0
555.15	0	.5954212	.1565653	.2480135	0
554.15	0	.595333	.1566891	.2479778	0
553.15	0	.5952453	.1568126	.2479422	0
552.15	0	.5951579	.1569356	.2479065	0
551.15	0	.5950709	.1570581	.247871	0
550.15	0	.5949843	.1571803	.2478354	0
549.15	0	.5948981	.157302	.2477999	0
548.15	0	.5948123	.1574232	.2477645	0
547.15	0	.5947269	.157544	.2477291	0
546.15	0	.5946418	.1576644	.2476937	0
545.15	0	.5945571	.1577844	.2476584	0
544.15	0	.5944729	.157904	.2476232	0
543.15	0	.5943889	.1580231	.247588	0
542.15	0	.5943054	.1581418	.2475529	0
541.15	0	.5942222	.15826	.2475178	0
540.15	0	.5941394	.1583779	.2474827	0
539.15	0	.594057	.1584953	.2474477	0
538.15	0	.5939749	.1586123	.2474128	0
537.15	0	.5938932	.1587289	.2473779	0
536.15	0	.5938119	.158845	.2473431	0
535.15	0	.5937309	.1589608	.2473083	0
534.15	0	.5936503	.1590761	.2472735	0
533.15	0	.5935701	.159191	.2472389	0
532.15	0	.5934902	.1593055	.2472043	0
531.15	0	.5934107	.1594196	.2471697	0
530.15	0	.5933315	.1595333	.2471352	0
529.15	0	.5932527	.1596465	.2471008	0
528.15	0	.5931742	.1597594	.2470664	0
527.15	0	.5930961	.1598718	.2470321	0
526.15	0	.5930183	.1599839	.2469978	0
525.15	0	.5929409	.1600955	.2469636	0
524.15	0	.5928638	.1602067	.2469295	0
523.15	0	.5927871	.1603175	.2468954	0
522.15	0	.5927107	.1604279	.2468614	0
521.15	0	.5926348	.1605379	.2468273	0
520.15	0	.5925591	.1606475	.2467934	0
519.15	0	.5924837	.1607567	.2467596	0
518.15	0	.5924087	.1608655	.2467258	0
517.15	0	.592334	.1609739	.2466921	0
516.15	0	.5922597	.1610818	.2466585	0
515.15	0	.5921857	.1611894	.2466249	0
514.15	0	.592112	.1612966	.2465914	0
513.15	0	.5920387	.1614034	.2465579	0
512.15	0	.5919657	.1615098	.2465246	0
511.15	0	.591893	.1616158	.2464913	0
510.15	0	.5918206	.1617213	.246458	0
509.15	0	.5917486	.1618265	.2464249	0
508.15	0	.5916769	.1619313	.2463918	0
507.15	0	.5916056	.1620357	.2463587	0
506.15	0	.5915345	.1621397	.2463258	0
505.15	0	.5914638	.1622433	.2462929	0
504.15	0	.5913934	.1623465	.2462601	0
503.15	0	.5913233	.1624493	.2462273	0
502.15	0	.5912536	.1625518	.2461947	0
501.15	0	.5911841	.1626538	.2461621	0
500.15	0	.591115	.1627554	.2461295	0
499.15	0	.5910462	.1628567	.2460971	0
498.15	0	.5909777	.1629575	.2460647	0
497.15	0	.5909096	.163058	.2460324	0
496.15	0	.5908417	.1631581	.2460002	0
495.15	0	.5907742	.1632578	.2459681	0
494.15	0	.590707	.1633571	.245936	0
493.15	0	.59064	.163456	.245904	0
492.15	0	.5905734	.1635545	.2458721	0
491.15	0	.5905071	.1636526	.2458402	0
490.15	0	.5904411	.1637504	.2458085	0
489.15	0	.5903755	.1638477	.2457768	0
488.15	0	.5903101	.1639447	.2457452	0
487.15	0	.590245	.1640413	.2457137	0
486.15	0	.5901802	.1641375	.2456823	0
485.15	0	.5901158	.1642333	.2456509	0
484.15	0	.5900516	.1643287	.2456196	0
483.15	0	.5899878	.1644238	.2455885	0
482.15	0	.5899242	.1645184	.2455574	0
481.15	0	.589861	.1646127	.2455263	0
480.15	0	.589798	.1647066	.2454954	0
479.15	0	.5897353	.1648001	.2454646	0
478.15	0	.589673	.1648932	.2454338	0
477.15	0	.5896109	.164986	.2454031	0
476.15	0	.5895492	.1650783	.2453725	0
475.15	0	.5894877	.1651703	.245342	0
474.15	0	.5894265	.1652619	.2453116	0
473.15	0	.5893656	.1653531	.2452813	0
472.15	0	.589305	.1654439	.245251	0
471.15	0	.5892447	.1655344	.2452209	0
470.15	0	.5891847	.1656245	.2451908	0
469.15	0	.589125	.1657142	.2451608	0
468.15	0	.5890656	.1658035	.245131	0
467.15	0	.5890064	.1658924	.2451012	0
466.15	0	.5889476	.165981	.2450715	0
465.15	0	.588889	.1660691	.2450419	0
464.15	0	.5888307	.1661569	.2450123	0
463.15	0	.5887727	.1662444	.2449829	0
462.15	0	.588715	.1663314	.2449536	0
461.15	0	.5886576	.1664181	.2449243	0
460.15	0	.5886005	.1665043	.2448952	0
459.15	0	.5885436	.1665902	.2448662	0
458.15	0	.588487	.1666758	.2448372	0
457.15	0	.5884307	.1667609	.2448083	0
456.15	0	.5883747	.1668457	.2447796	0
455.15	0	.588319	.1669301	.2447509	0
454.15	0	.5882635	.1670141	.2447223	0
453.15	0	.5882084	.1670978	.2446939	0
452.15	0	.5881534	.1671811	.2446655	0
451.15	0	.5880988	.167264	.2446372	0
450.15	0	.5880445	.1673465	.244609	0
449.15	0	.5879905	.1674286	.244581	0
448.15	0	.5879367	.1675103	.244553	0
447.15	0	.5878832	.1675916	.2445251	0
446.15	0	.58783	.1676726	.2444974	0
445.15	0	.5877771	.1677531	.2444697	0
444.15	0	.5877245	.1678333	.2444422	0
443.15	0	.5876722	.167913	.2444148	0
442.15	0	.5876202	.1679924	.2443875	0
441.15	0	.5875684	.1680713	.2443603	0
440.15	0	.587517	.1681499	.2443332	0
439.15	0	.5874658	.168228	.2443062	0
438.15	0	.587415	.1683057	.2442794	0
437.15	0	.5873644	.1683829	.2442526	0
436.15	0	.5873142	.1684598	.244226	0
435.15	0	.5872643	.1685362	.2441996	0
434.15	0	.5872146	.1686122	.2441732	0
433.15	0	.5871653	.1686877	.244147	0
432.15	0	.5871163	.1687629	.2441209	0
431.15	0	.5870676	.1688376	.2440949	0
430.15	0	.5870192	.1689118	.244069	0
429.15	0	.5869711	.1689856	.2440433	0
428.15	0	.5869233	.169059	.2440177	0
427.15	0	.5868758	.1691319	.2439923	0
426.15	0	.5868287	.1692044	.2439669	0
425.15	0	.5867818	.1692765	.2439417	0
424.15	0	.5867353	.1693481	.2439167	0
423.15	0	.586689	.1694192	.2438918	0
422.15	0	.5866431	.1694899	.243867	0
421.15	0	.5865975	.1695602	.2438423	0
420.15	0	.5865522	.16963	.2438178	0
419.15	0	.5865072	.1696994	.2437934	0
418.15	0	.5864625	.1697683	.2437692	0
417.15	0	.5864181	.1698368	.2437451	0
416.15	0	.5863741	.1699048	.2437211	0
415.15	0	.5863303	.1699724	.2436973	0
414.15	0	.5862869	.1700395	.2436736	0
413.15	0	.5862437	.1701062	.2436501	0
412.15	0	.5862009	.1701725	.2436267	0
411.15	0	.5861583	.1702383	.2436034	0
410.15	0	.5861161	.1703036	.2435803	0
409.15	0	.5860741	.1703685	.2435573	0
408.15	0	.5860325	.170433	.2435345	0
407.15	0	.5859912	.1704971	.2435118	0
406.15	0	.5859502	.1705607	.2434892	0
405.15	0	.5859094	.1706238	.2434668	0
404.15	0	.585869	.1706865	.2434445	0
403.15	0	.5858288	.1707488	.2434224	0
402.15	0	.585789	.1708107	.2434004	0
401.15	0	.5857494	.1708721	.2433785	0
400.15	0	.5857101	.1709331	.2433568	0
399.15	0	.5856711	.1709936	.2433352	0
398.15	0	.5856324	.1710538	.2433138	0
397.15	0	.585594	.1711135	.2432925	0
396.15	0	.5855559	.1711728	.2432713	0
395.15	0	.5855181	.1712317	.2432503	0
394.15	0	.5854805	.1712901	.2432294	0
393.15	0	.5854432	.1713481	.2432087	0
392.15	0	.5854062	.1714058	.2431881	0
391.15	0	.5853694	.171463	.2431676	0
390.15	0	.585333	.1715197	.2431473	0
389.15	0	.5852968	.1715761	.2431271	0
388.15	0	.5852609	.1716321	.243107	0
387.15	0	.5852252	.1716877	.2430871	0
386.15	0	.5851898	.1717429	.2430673	0
385.15	0	.5851547	.1717976	.2430477	0
384.15	0	.5851198	.171852	.2430282	0
383.15	0	.5850852	.171906	.2430088	0
382.15	0	.5850509	.1719596	.2429896	0
381.15	0	.5850167	.1720128	.2429705	0
380.15	0	.5849829	.1720656	.2429515	0
379.15	0	.5849493	.172118	.2429326	0
378.15	0	.584916	.1721701	.2429139	0
377.15	0	.5848829	.1722218	.2428954	0
376.15	0	.58485	.1722731	.2428769	0
375.15	0	.5848174	.172324	.2428586	0
374.15	0	.584785	.1723745	.2428404	0
373.15	0	.5847529	.1724247	.2428224	0
372.15	0	.584721	.1724746	.2428045	0
371.15	0	.5846893	.172524	.2427867	0
370.15	0	.5846579	.1725731	.242769	0
369.15	0	.5846267	.1726218	.2427515	0
368.15	0	.5845957	.1726702	.242734	0
367.15	0	.584565	.1727183	.2427168	0
366.15	0	.5845344	.172766	.2426996	0
365.15	0	.5845041	.1728133	.2426826	0
364.15	0	.584474	.1728603	.2426657	0
363.15	0	.5844442	.172907	.2426489	0
362.15	0	.5844145	.1729533	.2426322	0
361.15	0	.5843851	.1729993	.2426157	0
360.15	0	.5843558	.1730449	.2425992	0
359.15	0	.5843268	.1730903	.2425829	0
358.15	0	.584298	.1731353	.2425668	0
357.15	0	.5842693	.17318	.2425507	0
356.15	0	.5842409	.1732243	.2425348	0
355.15	0	.5842127	.1732684	.242519	0
354.15	0	.5841846	.1733121	.2425033	0
353.15	0	.5841568	.1733555	.2424877	0
352.15	0	.5841292	.1733986	.2424722	0
351.15	0	.5841017	.1734414	.2424569	0
350.15	0	.5840744	.1734839	.2424416	0
349.15	0	.5840474	.1735261	.2424265	0
348.15	0	.5840205	.173568	.2424115	0
347.15	0	.5839937	.1736097	.2423966	0
346.15	0	.5839672	.173651	.2423818	0
345.15	0	.5839408	.173692	.2423672	0
344.6124	0	.5839267	.1737139	.2423593	0
344.6124	0	.5839267	.1737139	.2423593	0
344.6124	0	.5839267	.1737139	.2423593	0
344.15	0	.5840063	.1735088	.2422492	2.357723E-04
343.15	0	.5841783	.1730652	.2420112	7.453632E-04
342.15	0	.5843501	.1726218	.2417736	.00125452
341.15	0	.5845219	.1721785	.2415364	.001763245
340.15	0	.5846936	.1717353	.2412995	.002271541
339.15	0	.5848653	.1712923	.241063	.00277941
338.15	0	.5850368	.1708494	.2408269	.003286856
337.15	0	.5852083	.1704067	.2405912	.00379388
336.15	0	.5853797	.1699641	.2403558	.004300485
