T	 BPW(LIQUID)	BPW(BCC_A2)	BPW(FCC_A1)	BPW(LAVES_PHASE_C14)	BPW(NI3TI)
1473.15	.09128836	.9087116	0	0	0
1472.15	.08891042	.9110896	0	0	0
1471.15	.08654963	.9134504	0	0	0
1470.15	.08420585	.9157941	0	0	0
1469.15	.08187892	.9181211	0	0	0
1468.15	.07956869	.9204313	0	0	0
1467.15	.07727502	.922725	0	0	0
1466.15	.07499775	.9250023	0	0	0
1465.15	.07273673	.9272633	0	0	0
1464.15	.07049184	.9295082	0	0	0
1463.15	.06826291	.9317371	0	0	0
1462.15	.06604981	.9339502	0	0	0
1461.15	.0638524	.9361476	0	0	0
1460.15	.06167053	.9383295	0	0	0
1459.15	.05950408	.9404959	0	0	0
1458.15	.05735291	.9426471	0	0	0
1457.15	.05521687	.9447831	0	0	0
1456.15	.05309585	.9469041	0	0	0
1455.15	.05098969	.9490103	0	0	0
1454.15	.04889828	.9511017	0	0	0
1453.15	.04682149	.9531785	0	0	0
1452.15	.04475918	.9552408	0	0	0
1451.15	.04271123	.9572888	0	0	0
1450.15	.04067752	.9593225	0	0	0
1449.15	.03865792	.9613421	0	0	0
1448.15	.0366523	.9633477	0	0	0
1447.15	.03466055	.9653394	0	0	0
1446.15	.03268254	.9673175	0	0	0
1445.15	.03071816	.9692818	0	0	0
1444.15	.02876729	.9712327	0	0	0
1443.15	.0268298	.9731702	0	0	0
1442.15	.02490559	.9750944	0	0	0
1441.15	.02299454	.9770055	0	0	0
1440.15	.02109654	.9789035	0	0	0
1439.15	.01921147	.9807885	0	0	0
1438.15	.01733923	.9826608	0	0	0
1437.15	.0154797	.9845203	0	0	0
1436.15	.01363278	.9863672	0	0	0
1435.15	.01179835	.9882017	0	0	0
1434.15	.009976315	.9900237	0	0	0
1433.15	.008166565	.9918334	0	0	0
1432.15	.006368996	.993631	0	0	0
1431.15	.004583505	.9954165	0	0	0
1430.15	.00280999	.99719	0	0	0
1429.15	.001048349	.9989517	0	0	0
1428.552	0	1	0	0	0
1428.552	0	1	0	0	0
1428.15	0	1	0	0	0
1427.15	0	1	0	0	0
1426.15	0	1	0	0	0
1425.15	0	1	0	0	0
1424.15	0	1	0	0	0
1423.15	0	1	0	0	0
1422.15	0	1	0	0	0
1421.15	0	1	0	0	0
1420.15	0	1	0	0	0
1419.15	0	1	0	0	0
1418.15	0	1	0	0	0
1417.15	0	1	0	0	0
1416.15	0	1	0	0	0
1415.15	0	1	0	0	0
1414.15	0	1	0	0	0
1413.15	0	1	0	0	0
1412.15	0	1	0	0	0
1411.15	0	1	0	0	0
1410.15	0	1	0	0	0
1409.15	0	1	0	0	0
1408.15	0	1	0	0	0
1407.15	0	1	0	0	0
1406.15	0	1	0	0	0
1405.15	0	1	0	0	0
1404.15	0	1	0	0	0
1403.15	0	1	0	0	0
1402.15	0	1	0	0	0
1401.15	0	1	0	0	0
1400.15	0	1	0	0	0
1399.15	0	1	0	0	0
1398.15	0	1	0	0	0
1397.15	0	1	0	0	0
1396.15	0	1	0	0	0
1395.15	0	1	0	0	0
1394.15	0	1	0	0	0
1393.15	0	1	0	0	0
1392.15	0	1	0	0	0
1391.15	0	1	0	0	0
1390.15	0	1	0	0	0
1389.15	0	1	0	0	0
1388.15	0	1	0	0	0
1387.15	0	1	0	0	0
1386.15	0	1	0	0	0
1385.15	0	1	0	0	0
1384.15	0	1	0	0	0
1383.15	0	1	0	0	0
1382.15	0	1	0	0	0
1381.15	0	1	0	0	0
1380.15	0	1	0	0	0
1379.15	0	1	0	0	0
1378.15	0	1	0	0	0
1377.15	0	1	0	0	0
1376.15	0	1	0	0	0
1375.15	0	1	0	0	0
1374.15	0	1	0	0	0
1373.15	0	1	0	0	0
1372.15	0	1	0	0	0
1371.15	0	1	0	0	0
1370.15	0	1	0	0	0
1369.15	0	1	0	0	0
1368.15	0	1	0	0	0
1367.15	0	1	0	0	0
1366.15	0	1	0	0	0
1365.15	0	1	0	0	0
1364.15	0	1	0	0	0
1363.15	0	1	0	0	0
1362.15	0	1	0	0	0
1361.15	0	1	0	0	0
1360.15	0	1	0	0	0
1359.15	0	1	0	0	0
1358.15	0	1	0	0	0
1357.15	0	1	0	0	0
1356.15	0	1	0	0	0
1355.15	0	1	0	0	0
1354.15	0	1	0	0	0
1353.15	0	1	0	0	0
1352.15	0	1	0	0	0
1351.15	0	1	0	0	0
1350.15	0	1	0	0	0
1349.15	0	1	0	0	0
1348.15	0	1	0	0	0
1347.15	0	1	0	0	0
1346.15	0	1	0	0	0
1345.15	0	1	0	0	0
1344.15	0	1	0	0	0
1343.15	0	1	0	0	0
1342.15	0	1	0	0	0
1341.15	0	1	0	0	0
1340.15	0	1	0	0	0
1339.15	0	1	0	0	0
1338.15	0	1	0	0	0
1337.15	0	1	0	0	0
1336.15	0	1	0	0	0
1335.15	0	1	0	0	0
1334.15	0	1	0	0	0
1333.15	0	1	0	0	0
1332.15	0	1	0	0	0
1331.15	0	1	0	0	0
1330.15	0	1	0	0	0
1329.15	0	1	0	0	0
1328.15	0	1	0	0	0
1327.15	0	1	0	0	0
1326.15	0	1	0	0	0
1325.15	0	1	0	0	0
1324.15	0	1	0	0	0
1323.15	0	1	0	0	0
1322.15	0	1	0	0	0
1321.15	0	1	0	0	0
1320.15	0	1	0	0	0
1319.15	0	1	0	0	0
1318.15	0	1	0	0	0
1317.15	0	1	0	0	0
1316.15	0	1	0	0	0
1315.15	0	1	0	0	0
1314.15	0	1	0	0	0
1313.15	0	1	0	0	0
1312.15	0	1	0	0	0
1311.15	0	1	0	0	0
1310.15	0	1	0	0	0
1309.15	0	1	0	0	0
1308.15	0	1	0	0	0
1307.15	0	1	0	0	0
1306.15	0	1	0	0	0
1305.15	0	1	0	0	0
1304.15	0	1	0	0	0
1303.15	0	1	0	0	0
1302.15	0	1	0	0	0
1301.15	0	1	0	0	0
1300.15	0	1	0	0	0
1299.15	0	1	0	0	0
1298.15	0	1	0	0	0
1297.15	0	1	0	0	0
1296.15	0	1	0	0	0
1295.15	0	1	0	0	0
1294.15	0	1	0	0	0
1293.15	0	1	0	0	0
1292.15	0	1	0	0	0
1291.15	0	1	0	0	0
1290.15	0	1	0	0	0
1289.15	0	1	0	0	0
1288.15	0	1	0	0	0
1287.15	0	1	0	0	0
1286.15	0	1	0	0	0
1285.15	0	1	0	0	0
1284.15	0	1	0	0	0
1283.15	0	1	0	0	0
1282.15	0	1	0	0	0
1281.15	0	1	0	0	0
1280.15	0	1	0	0	0
1279.15	0	1	0	0	0
1278.15	0	1	0	0	0
1277.15	0	1	0	0	0
1276.15	0	1	0	0	0
1275.15	0	1	0	0	0
1274.529	0	1	0	0	0
1274.529	0	1	0	0	0
1274.529	0	1	0	0	0
1274.15	0	.999765	0	2.350204E-04	0
1273.15	0	.9991454	0	8.545687E-04	0
1272.15	0	.9985272	0	.001472814	0
1271.15	0	.9979102	0	.002089758	0
1270.15	0	.9972946	0	.002705407	0
1269.15	0	.9966802	0	.003319764	0
1268.15	0	.9960672	0	.003932831	0
1267.15	0	.9954554	0	.004544612	0
1266.15	0	.9948449	0	.005155112	0
1265.15	0	.9942357	0	.005764334	0
1264.15	0	.9936277	0	.00637228	0
1263.15	0	.993021	0	.006978955	0
1262.15	0	.9924156	0	.007584363	0
1261.15	0	.9918115	0	.008188506	0
1260.15	0	.9912086	0	.008791389	0
1259.15	0	.990607	0	.009393013	0
1258.15	0	.9900066	0	.009993384	0
1257.15	0	.9894075	0	.01059251	0
1256.15	0	.9888096	0	.01119038	0
1255.15	0	.988213	0	.01178701	0
1254.15	0	.9876176	0	.0123824	0
1253.15	0	.9870235	0	.01297655	0
1252.15	0	.9864305	0	.01356947	0
1251.15	0	.9858389	0	.01416115	0
1250.15	0	.9852484	0	.01475162	0
1249.15	0	.9846592	0	.01534085	0
1248.15	0	.9840711	0	.01592887	0
1247.15	0	.9834843	0	.01651567	0
1246.15	0	.9828988	0	.01710125	0
1245.15	0	.9823144	0	.01768563	0
1244.15	0	.9817312	0	.0182688	0
1243.15	0	.9811492	0	.01885076	0
1242.15	0	.9805685	0	.01943152	0
1241.15	0	.9799889	0	.02001108	0
1240.15	0	.9794106	0	.02058945	0
1239.15	0	.9788334	0	.02116663	0
1238.15	0	.9782574	0	.02174262	0
1237.15	0	.9776826	0	.02231742	0
1236.15	0	.977109	0	.02289105	0
1235.15	0	.9765365	0	.02346349	0
1234.15	0	.9759653	0	.02403475	0
1233.15	0	.9753951	0	.02460485	0
1232.15	0	.9748262	0	.02517377	0
1231.15	0	.9742585	0	.02574153	0
1230.15	0	.9736919	0	.02630812	0
1229.15	0	.9731264	0	.02687356	0
1228.15	0	.9725622	0	.02743783	0
1227.15	0	.971999	0	.02800095	0
1226.15	0	.9714371	0	.02856292	0
1225.15	0	.9708763	0	.02912374	0
1224.15	0	.9703166	0	.02968341	0
1223.15	0	.9697581	0	.03024195	0
1222.15	0	.9692007	0	.03079934	0
1221.15	0	.9686444	0	.03135559	0
1220.15	0	.9680893	0	.03191071	0
1219.15	0	.9675353	0	.0324647	0
1218.15	0	.9669824	0	.03301756	0
1217.15	0	.9664307	0	.03356929	0
1216.15	0	.9658801	0	.0341199	0
1215.15	0	.9653306	0	.0346694	0
1214.15	0	.9647822	0	.03521777	0
1213.15	0	.964235	0	.03576503	0
1212.15	0	.9636888	0	.03631118	0
1211.15	0	.9631438	0	.03685622	0
1210.15	0	.9625998	0	.03740016	0
1209.15	0	.962057	0	.03794299	0
1208.15	0	.9615153	0	.03848472	0
1207.15	0	.9609746	0	.03902536	0
1206.15	0	.9604351	0	.0395649	0
1205.15	0	.9598967	0	.04010335	0
1204.15	0	.9593593	0	.0406407	0
1203.15	0	.958823	0	.04117698	0
1202.15	0	.9582878	0	.04171216	0
1201.15	0	.9577537	0	.04224627	0
1200.15	0	.9572207	0	.0427793	0
1199.15	0	.9566888	0	.04331125	0
1198.15	0	.9561579	0	.04384213	0
1197.15	0	.9556281	0	.04437193	0
1196.15	0	.9550993	0	.04490067	0
1195.15	0	.9545717	0	.04542834	0
1194.15	0	.9540451	0	.04595496	0
1193.15	0	.9535195	0	.0464805	0
1192.15	0	.952995	0	.047005	0
1191.15	0	.9524716	0	.04752843	0
1190.15	0	.9519492	0	.04805082	0
1189.15	0	.9514278	0	.04857215	0
1188.15	0	.9509076	0	.04909244	0
1187.15	0	.9503883	0	.04961168	0
1186.15	0	.9498701	0	.05012987	0
1185.15	0	.949353	0	.05064703	0
1184.15	0	.9488369	0	.05116315	0
1183.15	0	.9483218	0	.05167824	0
1182.15	0	.9478077	0	.05219229	0
1181.15	0	.9472947	0	.05270531	0
1180.15	0	.9467827	0	.0532173	0
1179.15	0	.9462717	0	.05372827	0
1178.15	0	.9457618	0	.05423821	0
1177.15	0	.9452529	0	.05474714	0
1176.15	0	.944745	0	.05525504	0
1175.15	0	.9442381	0	.05576193	0
1174.15	0	.9437322	0	.05626781	0
1173.15	0	.9432273	0	.05677267	0
1172.15	0	.9427235	0	.05727653	0
1171.15	0	.9422206	0	.05777938	0
1170.15	0	.9417188	0	.05828122	0
1169.15	0	.9412179	0	.05878206	0
1168.15	0	.9407181	0	.05928191	0
1167.15	0	.9402193	0	.05978075	0
1166.15	0	.9397214	0	.0602786	0
1165.15	0	.9392245	0	.06077546	0
1164.15	0	.9387287	0	.06127133	0
1163.15	0	.9382338	0	.0617662	0
1162.15	0	.9377399	0	.0622601	0
1161.15	0	.937247	0	.06275301	0
1160.15	0	.9367551	0	.06324493	0
1159.15	0	.9362641	0	.06373588	0
1158.15	0	.9357741	0	.06422585	0
1157.15	0	.9352852	0	.06471484	0
1156.15	0	.9347971	0	.06520287	0
1155.15	0	.9343101	0	.06568992	0
1154.15	0	.933824	0	.06617602	0
1153.15	0	.9333389	0	.06666114	0
1152.15	0	.9328547	0	.06714529	0
1151.15	0	.9323715	0	.06762848	0
1150.15	0	.9318893	0	.06811071	0
1149.15	0	.931408	0	.06859199	0
1148.15	0	.9309277	0	.0690723	0
1147.15	0	.9304483	0	.06955167	0
1146.15	0	.9299699	0	.07003008	0
1145.15	0	.9294925	0	.07050754	0
1144.15	0	.9290159	0	.07098406	0
1143.15	0	.9285404	0	.07145963	0
1142.15	0	.9280658	0	.07193425	0
1141.15	0	.9275921	0	.07240794	0
1140.15	0	.9271193	0	.07288069	0
1139.15	0	.9266475	0	.0733525	0
1138.15	0	.9261766	0	.07382337	0
1137.15	0	.9257067	0	.07429331	0
1136.15	0	.9252377	0	.07476232	0
1135.15	0	.9247696	0	.07523041	0
1134.15	0	.9243024	0	.07569756	0
1133.15	0	.9238362	0	.07616379	0
1132.15	0	.9233709	0	.07662909	0
1131.15	0	.9229065	0	.07709348	0
1130.15	0	.9224431	0	.07755695	0
1129.15	0	.9219805	0	.0780195	0
1128.15	0	.9215189	0	.07848113	0
1127.15	0	.9210582	0	.07894185	0
1126.15	0	.9205983	0	.07940166	0
1125.15	0	.9201394	0	.07986056	0
1124.15	0	.9196815	0	.08031855	0
1123.15	0	.9192244	0	.08077563	0
1122.15	0	.9187682	0	.08123181	0
1121.15	0	.9183129	0	.0816871	0
1120.15	0	.9178585	0	.08214147	0
1119.15	0	.917405	0	.08259495	0
1118.15	0	.9169525	0	.08304754	0
1117.15	0	.9165008	0	.08349923	0
1116.15	0	.91605	0	.08395003	0
1115.15	0	.9156001	0	.08439993	0
1114.15	0	.9151511	0	.08484895	0
1113.15	0	.9147029	0	.08529708	0
1112.15	0	.9142557	0	.08574432	0
1111.15	0	.9138093	0	.08619068	0
1110.15	0	.9133638	0	.08663616	0
1109.15	0	.9129192	0	.08708076	0
1108.15	0	.9124755	0	.08752448	0
1107.15	0	.9120327	0	.08796732	0
1106.15	0	.9115907	0	.08840929	0
1105.15	0	.9111496	0	.08885038	0
1104.15	0	.9107094	0	.0892906	0
1103.15	0	.91027	0	.08972996	0
1102.15	0	.9098316	0	.09016844	0
1101.15	0	.9093939	0	.09060606	0
1100.15	0	.9089572	0	.09104281	0
1099.15	0	.9085213	0	.0914787	0
1098.15	0	.9080863	0	.09191373	0
1097.15	0	.9076521	0	.0923479	0
1096.15	0	.9072188	0	.09278121	0
1095.15	0	.9067863	0	.09321366	0
1094.15	0	.9063547	0	.09364526	0
1093.15	0	.905924	0	.09407601	0
1092.15	0	.9054941	0	.0945059	0
1091.15	0	.9050651	0	.09493495	0
1090.15	0	.9046369	0	.09536314	0
1089.15	0	.9042095	0	.0957905	0
1088.15	0	.903783	0	.096217	0
1087.15	0	.9033573	0	.09664266	0
1086.15	0	.9029325	0	.09706748	0
1085.15	0	.9025085	0	.09749146	0
1084.15	0	.9020854	0	.0979146	0
1083.15	0	.9016631	0	.0983369	0
1082.15	0	.9012416	0	.09875837	0
1081.15	0	.900821	0	.099179	0
1080.15	0	.9004012	0	.09959881	0
1079.15	0	.8999822	0	.1000178	0
1078.15	0	.8995641	0	.1004359	0
1077.15	0	.8991468	0	.1008532	0
1076.15	0	.8987303	0	.1012697	0
1075.15	0	.8983146	0	.1016854	0
1074.15	0	.8978998	0	.1021002	0
1073.15	0	.8974858	0	.1025142	0
1072.15	0	.8970726	0	.1029274	0
1071.15	0	.8966602	0	.1033398	0
1070.15	0	.8962487	0	.1037514	0
1069.15	0	.8958379	0	.1041621	0
1068.15	0	.895428	0	.104572	0
1067.15	0	.8950189	0	.1049811	0
1066.15	0	.8946106	0	.1053894	0
1065.15	0	.8942031	0	.1057969	0
1064.15	0	.8937964	0	.1062036	0
1063.15	0	.8933905	0	.1066095	0
1062.15	0	.8929854	0	.1070145	0
1061.15	0	.8925812	0	.1074188	0
1060.15	0	.8921777	0	.1078223	0
1059.15	0	.8917751	0	.1082249	0
1058.15	0	.8913732	0	.1086268	0
1057.15	0	.8909722	0	.1090278	0
1056.15	0	.8905719	0	.1094281	0
1055.565	0	.8903383	0	.1096617	0
1055.565	0	.8903383	0	.1096617	0
1055.565	0	.8903383	0	.1096617	0
1055.15	0	.8899051	2.884806E-04	.1098064	0
1054.15	0	.8888645	9.814944E-04	.110154	0
1053.15	0	.8878266	.001672636	.1105007	0
1052.15	0	.8867916	.002361908	.1108465	0
1051.15	0	.8857593	.003049313	.1111914	0
1050.15	0	.8847297	.003734855	.1115354	0
1049.15	0	.883703	.004418535	.1118785	0
1048.15	0	.882679	.005100358	.1122206	0
1047.15	0	.8816578	.005780325	.1125619	0
1046.15	0	.8806393	.00645844	.1129022	0
1045.15	0	.8796236	.007134706	.1132417	0
1044.15	0	.8786107	.007809125	.1135802	0
1043.15	0	.8776005	.008481701	.1139178	0
1042.15	0	.876593	.009152437	.1142546	0
1041.15	0	.8755883	.009821334	.1145904	0
1040.15	0	.8745863	.0104884	.1149253	0
1039.15	0	.873587	.01115363	.1152593	0
1038.15	0	.8725905	.01181703	.1155925	0
1037.15	0	.8715967	.01247861	.1159247	0
1036.15	0	.8706056	.01313837	.116256	0
1035.15	0	.8696173	.0137963	.1165864	0
1034.15	0	.8686316	.01445242	.116916	0
1033.15	0	.8676487	.01510673	.1172446	0
1032.15	0	.8666684	.01575923	.1175723	0
1031.15	0	.8656909	.01640992	.1178992	0
1030.15	0	.8647161	.01705881	.1182251	0
1029.15	0	.8637439	.0177059	.1185502	0
1028.15	0	.8627745	.01835119	.1188743	0
1027.15	0	.8618077	.01899469	.1191976	0
1026.15	0	.8608436	.0196364	.11952	0
1025.15	0	.8598822	.02027632	.1198414	0
1024.15	0	.8589235	.02091446	.120162	0
1023.15	0	.8579675	.02155082	.1204817	0
1022.15	0	.8570141	.0221854	.1208005	0
1021.15	0	.8560634	.02281822	.1211184	0
1020.15	0	.8551153	.02344926	.1214355	0
1019.15	0	.8541699	.02407854	.1217516	0
1018.15	0	.8532271	.02470605	.1220668	0
1017.15	0	.852287	.02533181	.1223812	0
1016.15	0	.8513496	.02595582	.1226946	0
1015.15	0	.8504147	.02657807	.1230072	0
1014.15	0	.8494826	.02719858	.1233189	0
1013.15	0	.848553	.02781735	.1236296	0
1012.15	0	.8476261	.02843438	.1239395	0
1011.15	0	.8467018	.02904967	.1242485	0
1010.15	0	.8457801	.02966324	.1245567	0
1009.15	0	.844861	.03027508	.1248639	0
1008.15	0	.8439446	.0308852	.1251702	0
1007.15	0	.8430308	.0314936	.1254757	0
1006.15	0	.8421195	.03210028	.1257802	0
1005.15	0	.8412109	.03270526	.1260839	0
1004.15	0	.8403048	.03330854	.1263866	0
1003.15	0	.8394014	.03391011	.1266885	0
1002.15	0	.8385005	.03451	.1269895	0
1001.15	0	.8376022	.03510819	.1272896	0
1000.15	0	.8367065	.03570469	.1275888	0
999.15	0	.8358134	.03629952	.1278871	0
998.15	0	.8349228	.03689267	.1281845	0
997.15	0	.8340348	.03748415	.128481	0
996.15	0	.8331494	.03807396	.1287767	0
995.15	0	.8322665	.03866211	.1290714	0
994.15	0	.8313862	.03924861	.1293652	0
993.15	0	.8305084	.03983346	.1296581	0
992.15	0	.8296332	.04041667	.1299502	0
991.15	0	.8287604	.04099823	.1302413	0
990.15	0	.8278903	.04157817	.1305316	0
989.15	0	.8270226	.04215647	.1308209	0
988.15	0	.8261575	.04273316	.1311094	0
987.15	0	.8252949	.04330823	.1313969	0
986.15	0	.8244348	.04388169	.1316835	0
985.15	0	.8235772	.04445354	.1319693	0
984.15	0	.8227221	.0450238	.1322541	0
983.15	0	.8218695	.04559247	.132538	0
982.15	0	.8210194	.04615956	.1328211	0
981.15	0	.8201718	.04672507	.1331032	0
980.15	0	.8193266	.047289	.1333844	0
979.15	0	.8184839	.04785138	.1336647	0
978.15	0	.8176437	.04841219	.1339441	0
977.15	0	.816806	.04897146	.1342225	0
976.15	0	.8159707	.04952919	.1345001	0
975.15	0	.8151379	.05008538	.1347768	0
974.15	0	.8143075	.05064004	.1350525	0
973.15	0	.8134795	.05119318	.1353273	0
972.15	0	.812654	.05174481	.1356012	0
971.15	0	.8118309	.05229494	.1358742	0
970.15	0	.8110102	.05284357	.1361462	0
969.15	0	.8101919	.05339071	.1364173	0
968.15	0	.8093761	.05393637	.1366875	0
967.15	0	.8085626	.05448057	.1369568	0
966.15	0	.8077515	.0550233	.1372252	0
965.15	0	.8069428	.05556458	.1374926	0
964.15	0	.8061365	.05610442	.1377591	0
963.15	0	.8053326	.05664282	.1380246	0
962.15	0	.804531	.0571798	.1382892	0
961.15	0	.8037318	.05771536	.1385529	0
960.15	0	.8029349	.05824952	.1388156	0
959.15	0	.8021403	.05878228	.1390774	0
958.15	0	.8013481	.05931365	.1393382	0
957.15	0	.8005582	.05984366	.1395981	0
956.15	0	.7997706	.0603723	.1398571	0
955.15	0	.7989853	.06089959	.1401151	0
954.15	0	.7982024	.06142553	.1403721	0
953.15	0	.7974217	.06195015	.1406282	0
952.15	0	.7966433	.06247345	.1408833	0
951.15	0	.7958671	.06299544	.1411375	0
950.15	0	.7950932	.06351614	.1413907	0
949.15	0	.7943216	.06403555	.1416429	0
948.15	0	.7935522	.0645537	.1418941	0
947.15	0	.792785	.06507059	.1421444	0
946.15	0	.7920201	.06558623	.1423937	0
945.15	0	.7912573	.06610064	.142642	0
944.15	0	.7904968	.06661384	.1428893	0
943.15	0	.7897385	.06712584	.1431357	0
942.15	0	.7889823	.06763664	.1433811	0
941.15	0	.7882283	.06814627	.1436254	0
940.15	0	.7874764	.06865475	.1438688	0
939.15	0	.7867268	.06916207	.1441112	0
938.15	0	.7859792	.06966827	.1443525	0
937.15	0	.7852337	.07017336	.1445929	0
936.15	0	.7844904	.07067734	.1448323	0
935.15	0	.7837491	.07118025	.1450706	0
934.15	0	.78301	.07168209	.1453079	0
933.15	0	.7822729	.07218289	.1455442	0
932.15	0	.7815378	.07268265	.1457795	0
931.15	0	.7808048	.0731814	.1460138	0
930.15	0	.7800739	.07367916	.146247	0
929.15	0	.7793449	.07417594	.1464791	0
928.15	0	.778618	.07467176	.1467103	0
927.15	0	.777893	.07516665	.1469403	0
926.15	0	.77717	.07566061	.1471694	0
925.15	0	.776449	.07615368	.1473974	0
924.15	0	.7757299	.07664587	.1476243	0
923.15	0	.7750127	.0771372	.1478501	0
922.15	0	.7742974	.0776277	.1480749	0
921.15	0	.773584	.07811738	.1482986	0
920.15	0	.7728725	.07860627	.1485213	0
919.15	0	.7721628	.07909439	.1487428	0
918.15	0	.771455	.07958176	.1489632	0
917.15	0	.770749	.0800684	.1491826	0
916.15	0	.7700448	.08055435	.1494009	0
915.15	0	.7693424	.08103962	.149618	0
914.15	0	.7686417	.08152424	.149834	0
913.15	0	.7679428	.08200824	.150049	0
912.15	0	.7672456	.08249164	.1502627	0
911.15	0	.7665501	.08297446	.1504754	0
910.15	0	.7658563	.08345674	.1506869	0
909.15	0	.7651642	.0839385	.1508973	0
908.15	0	.7644737	.08441977	.1511065	0
907.15	0	.7637848	.08490058	.1513146	0
906.15	0	.7630975	.08538095	.1515215	0
905.15	0	.7624118	.08586093	.1517273	0
904.15	0	.7617276	.08634053	.1519319	0
903.15	0	.761045	.08681979	.1521352	0
902.15	0	.7603638	.08729874	.1523374	0
901.15	0	.7596841	.08777742	.1525384	0
900.15	0	.7590059	.08825585	.1527382	0
899.15	0	.7583291	.08873407	.1529368	0
898.15	0	.7576537	.08921212	.1531342	0
897.15	0	.7569796	.08969003	.1533303	0
896.15	0	.7563069	.09016784	.1535252	0
895.15	0	.7556356	.09064558	.1537189	0
894.15	0	.7549654	.09112328	.1539113	0
893.15	0	.7542966	.091601	.1541024	0
892.15	0	.7536289	.09207877	.1542923	0
891.15	0	.7529625	.09255662	.1544809	0
890.15	0	.7522972	.0930346	.1546682	0
889.15	0	.7516331	.09351275	.1548542	0
888.15	0	.75097	.09399112	.1550389	0
887.15	0	.750308	.09446974	.1552223	0
886.15	0	.749647	.09494866	.1554043	0
885.15	0	.7489871	.09542792	.155585	0
884.15	0	.748328	.09590758	.1557644	0
883.15	0	.7476699	.09638768	.1559424	0
882.15	0	.7470127	.09686826	.156119	0
881.15	0	.7463563	.09734939	.1562943	0
880.15	0	.7457007	.0978311	.1564682	0
879.15	0	.7450459	.09831345	.1566406	0
878.15	0	.7443918	.09879649	.1568117	0
877.15	0	.7437384	.09928028	.1569813	0
876.15	0	.7430857	.09976487	.1571495	0
875.15	0	.7424335	.1002503	.1573162	0
874.15	0	.7417818	.1007367	.1574815	0
873.15	0	.7411307	.101224	.1576453	0
872.15	0	.74048	.1017124	.1578076	0
871.15	0	.7398298	.1022019	.1579683	0
870.15	0	.7391799	.1026925	.1581276	0
869.15	0	.7385303	.1031844	.1582853	0
868.15	0	.737881	.1036775	.1584415	0
867.15	0	.7372318	.1041721	.1585961	0
866.15	0	.7365828	.104668	.1587491	0
865.15	0	.735934	.1051655	.1589006	0
864.15	0	.7352851	.1056645	.1590504	0
863.15	0	.7346362	.1061652	.1591986	0
862.15	0	.7339873	.1066676	.1593451	0
861.15	0	.7333382	.1071719	.15949	0
860.15	0	.7326889	.107678	.1596331	0
859.15	0	.7320393	.1081861	.1597746	0
858.15	0	.7313894	.1086963	.1599144	0
857.15	0	.7307391	.1092086	.1600523	0
856.15	0	.7300883	.1097232	.1601886	0
855.15	0	.7294369	.1102401	.160323	0
854.15	0	.7287849	.1107594	.1604556	0
853.15	0	.7281323	.1112813	.1605864	0
852.15	0	.7274788	.1118058	.1607154	0
851.15	0	.7268245	.1123331	.1608424	0
850.15	0	.7261693	.1128632	.1609676	0
849.15	0	.725513	.1133962	.1610908	0
848.15	0	.7248556	.1139324	.1612121	0
847.15	0	.724197	.1144717	.1613313	0
846.15	0	.723537	.1150144	.1614486	0
845.15	0	.7228757	.1155605	.1615638	0
844.15	0	.7222129	.1161102	.1616769	0
843.15	0	.7215484	.1166637	.1617879	0
842.15	0	.7208822	.1172209	.1618968	0
841.15	0	.7202142	.1177823	.1620035	0
840.15	0	.7195443	.1183477	.162108	0
839.15	0	.7188723	.1189175	.1622103	0
838.15	0	.718198	.1194918	.1623102	0
837.15	0	.7175215	.1200707	.1624079	0
836.15	0	.7168425	.1206544	.1625031	0
835.15	0	.7161609	.1212432	.162596	0
834.15	0	.7154765	.1218371	.1626864	0
833.15	0	.7147893	.1224365	.1627742	0
832.15	0	.7140989	.1230415	.1628596	0
831.15	0	.7134054	.1236523	.1629423	0
830.15	0	.7127084	.1242692	.1630224	0
829.15	0	.7120078	.1248924	.1630997	0
828.15	0	.7113035	.1255221	.1631743	0
827.15	0	.7105952	.1261587	.1632461	0
826.15	0	.7098827	.1268023	.1633149	0
825.15	0	.7091659	.1274533	.1633808	0
824.15	0	.7084443	.128112	.1634437	0
823.15	0	.7077179	.1287787	.1635034	0
822.15	0	.7069864	.1294537	.1635599	0
821.15	0	.7062494	.1301374	.1636132	0
820.15	0	.7055067	.1308302	.1636631	0
819.15	0	.7047581	.1315324	.1637095	0
818.15	0	.7040031	.1322445	.1637523	0
817.15	0	.7032415	.132967	.1637915	0
816.15	0	.7024728	.1337003	.1638269	0
815.15	0	.7016967	.1344448	.1638584	0
814.15	0	.7009128	.1352013	.1638859	0
813.15	0	.7001207	.1359701	.1639092	0
812.15	0	.6993197	.136752	.1639282	0
811.15	0	.6985096	.1375476	.1639428	0
810.15	0	.6976897	.1383577	.1639527	0
809.15	0	.6968593	.1391829	.1639578	0
808.15	0	.696018	.1400241	.1639578	0
807.15	0	.695165	.1408823	.1639527	0
806.15	0	.6942995	.1417584	.1639421	0
805.15	0	.6934208	.1426534	.1639258	0
804.15	0	.6925279	.1435685	.1639035	0
803.15	0	.69162	.144505	.163875	0
802.15	0	.6906958	.1454643	.1638398	0
801.15	0	.6897544	.1464479	.1637978	0
800.15	0	.6887942	.1474575	.1637483	0
799.15	0	.687814	.1484949	.1636911	0
798.15	0	.686812	.1495624	.1636256	0
797.15	0	.6857865	.1506622	.1635513	0
796.15	0	.6847355	.151797	.1634675	0
795.15	0	.6828829	.1539262	.1631909	0
794.15	0	.6810805	.1560006	.162919	0
793.15	0	.6793775	.1579588	.1626637	0
792.15	0	.6777641	.1598123	.1624236	0
791.15	0	.676232	.161571	.162197	0
790.15	0	.6747739	.1632433	.1619827	0
789.15	0	.673385	.1648358	.1617792	0
788.15	0	.6720567	.166357	.1615863	0
787.15	0	.6707857	.1678116	.1614028	0
786.15	0	.6695677	.1692045	.1612278	0
785.15	0	.6683988	.1705405	.1610607	0
784.15	0	.6672756	.1718234	.160901	0
783.15	0	.6661951	.173057	.1607479	0
782.15	0	.6651544	.1742445	.1606012	0
781.15	0	.6641509	.1753889	.1604602	0
780.15	0	.6631824	.1764928	.1603247	0
779.15	0	.6622469	.1775589	.1601943	0
778.15	0	.6613423	.1785892	.1600686	0
777.15	0	.6604669	.1795858	.1599473	0
776.15	0	.6596191	.1805506	.1598303	0
775.15	0	.6587975	.1814855	.1597171	0
774.15	0	.6580006	.1823919	.1596076	0
773.15	0	.6572271	.1832713	.1595016	0
772.15	0	.656476	.1841252	.1593988	0
771.15	0	.6557461	.1849548	.1592991	0
770.15	0	.6550364	.1857613	.1592024	0
769.15	0	.6543459	.1865458	.1591084	0
768.15	0	.6536738	.1873093	.159017	0
767.15	0	.6530192	.1880528	.158928	0
766.15	0	.6523813	.1887772	.1588414	0
765.15	0	.6517595	.1894834	.1587571	0
764.15	0	.651153	.1901721	.1586749	0
763.15	0	.6505613	.1908441	.1585946	0
762.15	0	.6499836	.1915001	.1585163	0
761.15	0	.6494194	.1921408	.1584398	0
760.15	0	.6488682	.1927668	.158365	0
759.15	0	.6483295	.1933786	.1582919	0
758.15	0	.6478028	.1939768	.1582204	0
757.15	0	.6472876	.1945621	.1581503	0
756.15	0	.6467835	.1951347	.1580817	0
755.15	0	.6462902	.1956954	.1580145	0
754.15	0	.6458071	.1962443	.1579486	0
753.15	0	.645334	.1967821	.1578839	0
752.15	0	.6448704	.1973092	.1578204	0
751.15	0	.6444161	.1978258	.1577581	0
750.15	0	.6439708	.1983324	.1576968	0
749.15	0	.6435341	.1988293	.1576366	0
748.15	0	.6431057	.1993169	.1575774	0
747.15	0	.6426854	.1997954	.1575192	0
746.15	0	.6422729	.2002652	.1574619	0
745.15	0	.6418679	.2007266	.1574055	0
744.15	0	.6414703	.2011798	.1573499	0
743.15	0	.6410798	.2016251	.1572951	0
742.15	0	.6406961	.2020628	.1572412	0
741.15	0	.640319	.202493	.1571879	0
740.15	0	.6399484	.2029161	.1571354	0
739.15	0	.6395841	.2033323	.1570836	0
738.15	0	.6392258	.2037417	.1570325	0
737.15	0	.6388735	.2041446	.156982	0
736.15	0	.6385268	.2045411	.156932	0
735.15	0	.6381857	.2049315	.1568827	0
734.15	0	.6378501	.205316	.156834	0
733.15	0	.6375196	.2056946	.1567858	0
732.15	0	.6371943	.2060676	.1567381	0
731.15	0	.6368739	.2064352	.1566909	0
730.15	0	.6365583	.2067975	.1566442	0
729.15	0	.6362475	.2071546	.156598	0
728.15	0	.6359412	.2075066	.1565522	0
727.15	0	.6356393	.2078538	.1565069	0
726.15	0	.6353418	.2081963	.1564619	0
725.15	0	.6350485	.2085341	.1564174	0
724.15	0	.6347593	.2088675	.1563732	0
723.15	0	.6344741	.2091964	.1563295	0
722.15	0	.6341928	.2095211	.156286	0
721.15	0	.6339154	.2098417	.1562429	0
720.15	0	.6336416	.2101582	.1562002	0
719.15	0	.6333715	.2104708	.1561578	0
718.15	0	.6331049	.2107795	.1561156	0
717.15	0	.6328417	.2110845	.1560738	0
716.15	0	.6325819	.2113858	.1560323	0
715.15	0	.6323254	.2116836	.155991	0
714.15	0	.6320721	.2119779	.15595	0
713.15	0	.6318219	.2122688	.1559092	0
712.15	0	.6315748	.2125565	.1558687	0
711.15	0	.6313307	.2128408	.1558284	0
710.15	0	.6310895	.2131221	.1557884	0
709.15	0	.6308512	.2134002	.1557485	0
708.15	0	.6306157	.2136754	.1557089	0
707.15	0	.6303829	.2139476	.1556695	0
706.15	0	.6301527	.214217	.1556303	0
705.15	0	.6299252	.2144836	.1555912	0
704.15	0	.6297002	.2147474	.1555524	0
703.15	0	.6294778	.2150085	.1555137	0
702.15	0	.6292578	.215267	.1554752	0
701.15	0	.6290402	.215523	.1554368	0
700.15	0	.6288249	.2157765	.1553986	0
699.15	0	.628612	.2160275	.1553606	0
698.15	0	.6284013	.2162761	.1553227	0
697.15	0	.6281928	.2165223	.1552849	0
696.15	0	.6279864	.2167663	.1552473	0
695.15	0	.6277822	.217008	.1552098	0
694.15	0	.6275801	.2172476	.1551724	0
693.15	0	.62738	.2174849	.1551351	0
692.15	0	.6271819	.2177202	.155098	0
691.15	0	.6269857	.2179534	.1550609	0
690.15	0	.6267915	.2181845	.155024	0
689.15	0	.6265991	.2184137	.1549872	0
688.15	0	.6264086	.218641	.1549504	0
687.15	0	.6262199	.2188663	.1549138	0
686.15	0	.626033	.2190898	.1548772	0
685.15	0	.6258479	.2193114	.1548408	0
684.15	0	.6256644	.2195312	.1548044	0
683.15	0	.6254827	.2197493	.1547681	0
682.15	0	.6253025	.2199656	.1547318	0
681.15	0	.6251241	.2201803	.1546957	0
680.15	0	.6249472	.2203933	.1546596	0
679.15	0	.6247718	.2206046	.1546236	0
678.15	0	.624598	.2208143	.1545876	0
677.15	0	.6244257	.2210225	.1545517	0
676.15	0	.624255	.2212291	.1545159	0
675.15	0	.6240856	.2214342	.1544802	0
674.15	0	.6239177	.2216379	.1544444	0
673.15	0	.6237512	.22184	.1544088	0
672.15	0	.6235861	.2220407	.1543732	0
671.15	0	.6234224	.2222401	.1543376	0
670.15	0	.62326	.222438	.1543021	0
669.15	0	.6230989	.2226345	.1542666	0
668.15	0	.6229391	.2228297	.1542312	0
667.15	0	.6227806	.2230236	.1541958	0
666.15	0	.6226233	.2232163	.1541604	0
665.15	0	.6224673	.2234076	.1541251	0
664.15	0	.6223125	.2235977	.1540898	0
663.15	0	.6221589	.2237865	.1540546	0
662.15	0	.6220065	.2239741	.1540193	0
661.15	0	.6218553	.2241606	.1539842	0
660.15	0	.6217051	.2243459	.153949	0
659.15	0	.6215561	.22453	.1539139	0
658.15	0	.6214083	.2247129	.1538788	0
657.15	0	.6212615	.2248948	.1538437	0
656.15	0	.6211158	.2250756	.1538087	0
655.15	0	.6209711	.2252552	.1537736	0
654.15	0	.6208275	.2254339	.1537386	0
653.15	0	.6206849	.2256114	.1537036	0
652.15	0	.6205434	.2257879	.1536687	0
651.15	0	.6204028	.2259634	.1536337	0
650.15	0	.6202633	.2261379	.1535988	0
649.15	0	.6201247	.2263114	.1535639	0
648.15	0	.619987	.226484	.153529	0
647.15	0	.6198503	.2266556	.1534941	0
646.15	0	.6197146	.2268262	.1534593	0
645.15	0	.6195797	.2269959	.1534244	0
644.15	0	.6194458	.2271647	.1533896	0
643.15	0	.6193127	.2273325	.1533548	0
642.15	0	.6191806	.2274995	.1533199	0
641.15	0	.6190493	.2276656	.1532851	0
640.15	0	.6189189	.2278308	.1532504	0
639.15	0	.6187893	.2279951	.1532156	0
638.15	0	.6186605	.2281587	.1531808	0
637.15	0	.6185326	.2283213	.153146	0
636.15	0	.6184056	.2284832	.1531113	0
635.15	0	.6182793	.2286442	.1530766	0
634.15	0	.6181538	.2288044	.1530418	0
633.15	0	.6180291	.2289639	.1530071	0
632.15	0	.6179051	.2291225	.1529724	0
631.15	0	.617782	.2292804	.1529377	0
630.15	0	.6176596	.2294375	.152903	0
629.15	0	.6175379	.2295938	.1528683	0
628.15	0	.617417	.2297494	.1528336	0
627.15	0	.6172968	.2299043	.1527989	0
626.15	0	.6171774	.2300584	.1527642	0
625.15	0	.6170586	.2302119	.1527295	0
624.15	0	.6169406	.2303646	.1526949	0
623.15	0	.6168232	.2305166	.1526602	0
622.15	0	.6167066	.2306679	.1526255	0
621.15	0	.6165906	.2308185	.1525909	0
620.15	0	.6164753	.2309684	.1525562	0
619.15	0	.6163607	.2311177	.1525216	0
618.15	0	.6162467	.2312663	.152487	0
617.15	0	.6161334	.2314143	.1524523	0
616.15	0	.6160208	.2315616	.1524177	0
615.15	0	.6159087	.2317082	.1523831	0
614.15	0	.6157973	.2318542	.1523484	0
613.15	0	.6156866	.2319996	.1523138	0
612.15	0	.6155764	.2321444	.1522792	0
611.15	0	.6154669	.2322885	.1522446	0
610.15	0	.6153579	.2324321	.15221	0
609.15	0	.6152496	.232575	.1521755	0
608.15	0	.6151418	.2327173	.1521409	0
607.15	0	.6150347	.232859	.1521063	0
606.15	0	.6149281	.2330002	.1520717	0
605.15	0	.6148221	.2331408	.1520371	0
604.15	0	.6147167	.2332808	.1520026	0
603.15	0	.6146118	.2334202	.151968	0
602.15	0	.6145075	.233559	.1519335	0
601.15	0	.6144038	.2336973	.1518989	0
600.15	0	.6143006	.233835	.1518644	0
599.15	0	.6141979	.2339722	.1518299	0
598.15	0	.6140958	.2341089	.1517953	0
597.15	0	.6139942	.234245	.1517608	0
596.15	0	.6138931	.2343805	.1517263	0
595.15	0	.6137926	.2345156	.1516918	0
594.15	0	.6136926	.2346501	.1516573	0
593.15	0	.6135931	.2347841	.1516229	0
592.15	0	.6134941	.2349175	.1515884	0
591.15	0	.6133956	.2350505	.1515539	0
590.15	0	.6132976	.2351829	.1515195	0
589.15	0	.6132002	.2353148	.151485	0
588.15	0	.6131032	.2354462	.1514506	0
587.15	0	.6130067	.2355772	.1514162	0
586.15	0	.6129106	.2357076	.1513818	0
585.15	0	.6128151	.2358375	.1513474	0
584.15	0	.61272	.235967	.151313	0
583.15	0	.6126255	.2360959	.1512786	0
582.15	0	.6125313	.2362244	.1512443	0
581.15	0	.6124377	.2363524	.1512099	0
580.15	0	.6123445	.2364799	.1511756	0
579.15	0	.6122518	.236607	.1511412	0
578.15	0	.6121595	.2367336	.1511069	0
577.15	0	.6120677	.2368597	.1510726	0
576.15	0	.6119763	.2369854	.1510384	0
575.15	0	.6118853	.2371106	.1510041	0
574.15	0	.6117948	.2372353	.1509698	0
573.15	0	.6117048	.2373596	.1509356	0
572.15	0	.6116152	.2374835	.1509014	0
571.15	0	.611526	.2376068	.1508672	0
570.15	0	.6114372	.2377298	.150833	0
569.15	0	.6113489	.2378523	.1507988	0
568.15	0	.611261	.2379744	.1507647	0
567.15	0	.6111735	.238096	.1507306	0
566.15	0	.6110864	.2382172	.1506965	0
565.15	0	.6109997	.2383379	.1506624	0
564.15	0	.6109134	.2384583	.1506283	0
563.15	0	.6108276	.2385781	.1505943	0
562.15	0	.6107422	.2386976	.1505602	0
561.15	0	.6106571	.2388167	.1505262	0
560.15	0	.6105725	.2389353	.1504922	0
559.15	0	.6104882	.2390535	.1504583	0
558.15	0	.6104044	.2391713	.1504243	0
557.15	0	.6103209	.2392886	.1503904	0
556.15	0	.6102379	.2394056	.1503565	0
555.15	0	.6101552	.2395221	.1503227	0
554.15	0	.6100729	.2396383	.1502888	0
553.15	0	.609991	.239754	.150255	0
552.15	0	.6099095	.2398693	.1502212	0
551.15	0	.6098283	.2399842	.1501875	0
550.15	0	.6097475	.2400987	.1501537	0
549.15	0	.6096671	.2402128	.15012	0
548.15	0	.6095871	.2403265	.1500864	0
547.15	0	.6095074	.2404398	.1500527	0
546.15	0	.6094282	.2405527	.1500191	0
545.15	0	.6093492	.2406653	.1499855	0
544.15	0	.6092707	.2407774	.149952	0
543.15	0	.6091925	.2408891	.1499184	0
542.15	0	.6091146	.2410005	.1498849	0
541.15	0	.6090371	.2411114	.1498515	0
540.15	0	.60896	.241222	.149818	0
539.15	0	.6088832	.2413321	.1497846	0
538.15	0	.6088068	.2414419	.1497513	0
537.15	0	.6087309	.2415513	.1497178	0
536.15	0	.6086551	.2416603	.1496845	0
535.15	0	.6085798	.2417689	.1496513	0
534.15	0	.6085047	.2418772	.1496181	0
533.15	0	.60843	.2419851	.1495849	0
532.15	0	.6083557	.2420926	.1495517	0
531.15	0	.6082817	.2421997	.1495186	0
530.15	0	.608208	.2423064	.1494855	0
529.15	0	.6081347	.2424128	.1494525	0
528.15	0	.6080617	.2425188	.1494195	0
527.15	0	.607989	.2426244	.1493866	0
526.15	0	.6079167	.2427296	.1493537	0
525.15	0	.6078447	.2428345	.1493208	0
524.15	0	.607773	.242939	.149288	0
523.15	0	.6077017	.2430431	.1492552	0
522.15	0	.6076307	.2431469	.1492224	0
521.15	0	.60756	.2432503	.1491897	0
520.15	0	.6074896	.2433533	.1491571	0
519.15	0	.6074196	.2434559	.1491245	0
518.15	0	.6073499	.2435582	.1490919	0
517.15	0	.6072805	.2436602	.1490594	0
516.15	0	.6072114	.2437617	.1490269	0
515.15	0	.6071426	.2438629	.1489945	0
514.15	0	.6070741	.2439637	.1489621	0
513.15	0	.607006	.2440642	.1489298	0
512.15	0	.6069382	.2441643	.1488975	0
511.15	0	.6068707	.244264	.1488653	0
510.15	0	.6068035	.2443634	.1488331	0
509.15	0	.6067366	.2444624	.148801	0
508.15	0	.60667	.2445611	.1487689	0
507.15	0	.6066037	.2446594	.1487369	0
506.15	0	.6065377	.2447573	.148705	0
505.15	0	.6064721	.2448549	.148673	0
504.15	0	.6064067	.2449521	.1486412	0
503.15	0	.6063416	.245049	.1486094	0
502.15	0	.6062769	.2451455	.1485776	0
501.15	0	.6062124	.2452417	.1485459	0
500.15	0	.6061483	.2453374	.1485143	0
499.15	0	.6060844	.2454329	.1484827	0
498.15	0	.6060208	.245528	.1484512	0
497.15	0	.6059576	.2456227	.1484197	0
496.15	0	.6058946	.2457171	.1483883	0
495.15	0	.6058319	.2458111	.148357	0
494.15	0	.6057696	.2459048	.1483257	0
493.15	0	.6057075	.2459981	.1482945	0
492.15	0	.6056457	.246091	.1482633	0
491.15	0	.6055842	.2461836	.1482322	0
490.15	0	.605523	.2462759	.1482012	0
489.15	0	.605462	.2463678	.1481702	0
488.15	0	.6054014	.2464593	.1481393	0
487.15	0	.6053411	.2465505	.1481084	0
486.15	0	.605281	.2466414	.1480776	0
485.15	0	.6052212	.2467319	.1480469	0
484.15	0	.6051617	.246822	.1480163	0
483.15	0	.6051025	.2469118	.1479857	0
482.15	0	.6050436	.2470012	.1479552	0
481.15	0	.604985	.2470903	.1479247	0
480.15	0	.6049266	.2471791	.1478943	0
479.15	0	.6048685	.2472674	.147864	0
478.15	0	.6048107	.2473555	.1478338	0
477.15	0	.6047532	.2474432	.1478036	0
476.15	0	.604696	.2475305	.1477735	0
475.15	0	.604639	.2476175	.1477435	0
474.15	0	.6045823	.2477041	.1477135	0
473.15	0	.6045259	.2477904	.1476837	0
472.15	0	.6044698	.2478764	.1476538	0
471.15	0	.604414	.247962	.1476241	0
470.15	0	.6043584	.2480472	.1475944	0
469.15	0	.6043031	.2481321	.1475649	0
468.15	0	.604248	.2482166	.1475354	0
467.15	0	.6041933	.2483008	.1475059	0
466.15	0	.6041388	.2483847	.1474766	0
465.15	0	.6040846	.2484682	.1474473	0
464.15	0	.6040306	.2485513	.1474181	0
463.15	0	.6039769	.2486341	.147389	0
462.15	0	.6039235	.2487166	.1473599	0
461.15	0	.6038704	.2487987	.1473309	0
460.15	0	.6038175	.2488804	.1473021	0
459.15	0	.6037649	.2489618	.1472732	0
458.15	0	.6037126	.2490429	.1472445	0
457.15	0	.6036605	.2491236	.1472159	0
456.15	0	.6036087	.249204	.1471873	0
455.15	0	.6035572	.249284	.1471589	0
454.15	0	.6035059	.2493637	.1471305	0
453.15	0	.6034549	.249443	.1471022	0
452.15	0	.6034041	.2495219	.1470739	0
451.15	0	.6033536	.2496006	.1470458	0
450.15	0	.6033034	.2496788	.1470178	0
449.15	0	.6032535	.2497567	.1469898	0
448.15	0	.6032038	.2498342	.146962	0
447.15	0	.6031545	.2499114	.1469342	0
446.15	0	.6031053	.2499881	.1469065	0
445.15	0	.6030565	.2500645	.146879	0
444.15	0	.6030079	.2501406	.1468515	0
443.15	0	.6029596	.2502162	.1468241	0
442.15	0	.6029116	.2502915	.1467968	0
441.15	0	.6028639	.2503664	.1467697	0
440.15	0	.6028165	.2504409	.1467426	0
439.15	0	.6027693	.250515	.1467157	0
438.15	0	.6027225	.2505887	.1466888	0
437.15	0	.6026759	.250662	.1466621	0
436.15	0	.6026297	.2507349	.1466355	0
435.15	0	.6025837	.2508073	.146609	0
434.15	0	.602538	.2508794	.1465826	0
433.15	0	.6024927	.250951	.1465563	0
432.15	0	.6024476	.2510222	.1465302	0
431.15	0	.6024028	.251093	.1465042	0
430.15	0	.6023584	.2511634	.1464783	0
429.15	0	.6023142	.2512333	.1464525	0
428.15	0	.6022703	.2513028	.1464268	0
427.15	0	.6022268	.2513719	.1464013	0
426.15	0	.6021836	.2514405	.1463759	0
425.15	0	.6021406	.2515087	.1463507	0
424.15	0	.602098	.2515765	.1463255	0
423.15	0	.6020557	.2516438	.1463005	0
422.15	0	.6020136	.2517107	.1462756	0
421.15	0	.6019719	.2517772	.1462509	0
420.15	0	.6019305	.2518432	.1462263	0
419.15	0	.6018894	.2519088	.1462018	0
418.15	0	.6018486	.2519739	.1461775	0
417.15	0	.6018082	.2520386	.1461533	0
416.15	0	.601768	.2521028	.1461292	0
415.15	0	.6017281	.2521666	.1461053	0
414.15	0	.6016885	.25223	.1460815	0
413.15	0	.6016493	.2522929	.1460578	0
412.15	0	.6016103	.2523554	.1460343	0
411.15	0	.6015717	.2524174	.1460109	0
410.15	0	.6015333	.252479	.1459876	0
409.15	0	.6014953	.2525402	.1459645	0
408.15	0	.6014575	.2526009	.1459416	0
407.15	0	.6014201	.2526612	.1459187	0
406.15	0	.6013829	.252721	.145896	0
405.15	0	.6013461	.2527804	.1458735	0
404.15	0	.6013095	.2528394	.1458511	0
403.15	0	.6012733	.2528979	.1458288	0
402.15	0	.6012373	.252956	.1458067	0
401.15	0	.6012016	.2530137	.1457847	0
400.15	0	.6011662	.2530709	.1457628	0
399.15	0	.6011311	.2531277	.1457411	0
398.15	0	.6010963	.2531841	.1457196	0
397.15	0	.6010618	.2532401	.1456981	0
396.15	0	.6010276	.2532956	.1456768	0
395.15	0	.6009936	.2533507	.1456557	0
394.15	0	.60096	.2534054	.1456347	0
393.15	0	.6009266	.2534596	.1456138	0
392.15	0	.6008935	.2535135	.1455931	0
391.15	0	.6008606	.2535669	.1455725	0
390.15	0	.6008281	.2536199	.145552	0
389.15	0	.6007958	.2536725	.1455317	0
388.15	0	.6007638	.2537247	.1455115	0
387.15	0	.600732	.2537765	.1454915	0
386.15	0	.6007005	.2538279	.1454716	0
385.15	0	.6006693	.2538788	.1454518	0
384.15	0	.6006384	.2539294	.1454322	0
383.15	0	.6006077	.2539796	.1454127	0
382.15	0	.6005773	.2540293	.1453934	0
381.15	0	.6005471	.2540787	.1453742	0
380.15	0	.6005172	.2541277	.1453551	0
379.15	0	.6004875	.2541763	.1453361	0
378.15	0	.6004581	.2542245	.1453173	0
377.15	0	.600429	.2542724	.1452987	0
376.15	0	.6004001	.2543198	.1452801	0
375.15	0	.6003714	.2543669	.1452617	0
374.15	0	.600343	.2544136	.1452434	0
373.15	0	.6003148	.2544599	.1452253	0
372.15	0	.6002869	.2545059	.1452073	0
371.15	0	.6002592	.2545514	.1451894	0
370.15	0	.6002317	.2545966	.1451717	0
369.15	0	.6002045	.2546415	.1451541	0
368.15	0	.6001775	.254686	.1451366	0
367.15	0	.6001507	.2547301	.1451192	0
366.15	0	.6001241	.2547739	.145102	0
365.15	0	.6000978	.2548173	.1450849	0
364.15	0	.6000717	.2548604	.1450679	0
363.15	0	.6000458	.2549031	.1450511	0
362.15	0	.6000201	.2549455	.1450344	0
361.15	0	.5999947	.2549875	.1450178	0
360.15	0	.5999695	.2550292	.1450013	0
359.15	0	.5999444	.2550706	.144985	0
358.15	0	.5999196	.2551116	.1449688	0
357.15	0	.599895	.2551523	.1449527	0
356.15	0	.5998706	.2551927	.1449368	0
355.15	0	.5998464	.2552327	.1449209	0
354.15	0	.5998224	.2552724	.1449052	0
353.15	0	.5997986	.2553118	.1448896	0
352.15	0	.599775	.2553509	.1448742	0
351.15	0	.5997515	.2553897	.1448588	0
350.15	0	.5997283	.2554281	.1448436	0
349.15	0	.5997053	.2554663	.1448285	0
348.15	0	.5996824	.2555041	.1448135	0
347.15	0	.5996598	.2555416	.1447986	0
346.15	0	.5996373	.2555789	.1447839	0
345.15	0	.599615	.2556158	.1447692	0
344.15	0	.5995929	.2556524	.1447547	0
343.15	0	.5995709	.2556888	.1447403	0
342.15	0	.5995491	.2557248	.144726	0
341.15	0	.5995276	.2557606	.1447119	0
340.15	0	.5995061	.2557961	.1446978	0
339.15	0	.5994849	.2558313	.1446839	0
338.15	0	.5994638	.2558662	.14467	0
337.15	0	.5994428	.2559008	.1446563	0
336.15	0	.5994221	.2559352	.1446427	0
335.15	0	.5994015	.2559693	.1446293	0
334.15	0	.599381	.2560031	.1446159	0
333.15	0	.5993607	.2560366	.1446026	0
332.15	0	.5993406	.2560699	.1445895	0
331.15	0	.5993206	.2561029	.1445764	0
330.15	0	.5993008	.2561357	.1445635	0
329.15	0	.5992811	.2561682	.1445507	0
328.15	0	.5992616	.2562005	.144538	0
327.15	0	.5992422	.2562324	.1445254	0
326.15	0	.5992229	.2562642	.1445129	0
325.15	0	.5992038	.2562957	.1445005	0
324.15	0	.5991848	.2563269	.1444882	0
323.15	0	.599166	.2563579	.1444761	0
322.15	0	.5991473	.2563887	.144464	0
321.15	0	.5991288	.2564192	.144452	0
320.15	0	.5991103	.2564495	.1444402	0
319.15	0	.599092	.2564796	.1444284	0
318.15	0	.5990738	.2565094	.1444168	0
317.15	0	.5990558	.256539	.1444053	0
316.15	0	.5990379	.2565683	.1443938	0
315.15	0	.5990201	.2565974	.1443825	0
314.15	0	.5990024	.2566264	.1443713	0
313.15	0	.5989848	.256655	.1443601	0
312.15	0	.5989674	.2566835	.1443491	0
311.15	0	.5989501	.2567118	.1443382	0
