T	 BPW(LIQUID)	BPW(BCC_A2)	BPW(FCC_A1)	BPW(LAVES_PHASE_C14)	BPW(NI3TI)
1473.15	.8814209	.08591132	0	.0326678	0
1472.15	.8717993	.09242247	0	.03577821	0
1471.15	.8623456	.09881793	0	.03883647	0
1470.15	.8530555	.1051006	0	.04184394	0
1469.15	.8439247	.1112734	0	.04480192	0
1468.15	.8349494	.1173389	0	.04771168	0
1467.15	.8261257	.1232998	0	.05057445	0
1466.15	.8174498	.1291588	0	.05339142	0
1465.15	.8089181	.1349182	0	.05616373	0
1464.15	.8005271	.1405805	0	.05889249	0
1463.15	.7922733	.1461479	0	.06157876	0
1462.15	.7841536	.1516228	0	.0642236	0
1461.15	.7761647	.1570073	0	.066828	0
1460.15	.7683036	.1623035	0	.06939295	0
1459.15	.7605672	.1675134	0	.07191937	0
1458.15	.7529527	.1726391	0	.07440819	0
1457.15	.7454573	.1776824	0	.07686029	0
1456.15	.7380782	.1826453	0	.07927653	0
1455.15	.7308127	.1875295	0	.08165774	0
1454.15	.7236585	.1923368	0	.08400473	0
1453.15	.7166128	.1970689	0	.08631828	0
1452.15	.7096734	.2017275	0	.08859915	0
1451.15	.7028378	.2063141	0	.09084809	0
1450.15	.6961039	.2108303	0	.09306579	0
1449.15	.6894693	.2152777	0	.09525297	0
1448.15	.682932	.2196577	0	.09741029	0
1447.15	.6764899	.2239717	0	.0995384	0
1446.15	.6701409	.2282212	0	.101638	0
1445.15	.663883	.2324074	0	.1037096	0
1444.15	.6577144	.2365318	0	.1057538	0
1443.15	.6516332	.2405955	0	.1077713	0
1442.15	.6456375	.2445999	0	.1097626	0
1441.15	.6397256	.2485461	0	.1117283	0
1440.15	.6338958	.2524353	0	.1136689	0
1439.385	.6294886	.2553741	0	.1151374	0
1439.385	.6294886	.2553741	0	.1151374	0
1439.385	.6294886	.2553741	0	.1151374	0
1439.15	.6256804	.2528372	.005126098	.1163563	0
1438.15	.6096184	.2422188	.02668602	.1214767	0
1437.15	.5938169	.2319031	.04779877	.1264813	0
1436.15	.5782675	.2218803	.06847856	.1313736	0
1435.15	.5629622	.2121416	.08873904	.1361571	0
1434.15	.5478933	.2026782	.1085933	.1408352	0
1433.15	.5330532	.1934817	.1280539	.1454112	0
1432.15	.5184349	.1845442	.1471329	.149888	0
1431.15	.5040314	.175858	.1658419	.1542687	0
1430.15	.4898362	.1674158	.1841919	.1585561	0
1429.15	.4758427	.1592104	.2021939	.162753	0
1428.15	.462045	.1512351	.2198579	.166862	0
1427.15	.448437	.1434833	.2371939	.1708858	0
1426.15	.4350131	.1359488	.2542115	.1748267	0
1425.15	.4217676	.1286256	.2709197	.1786871	0
1424.15	.4086954	.1215079	.2873275	.1824692	0
1423.15	.3957913	.11459	.3034433	.1861754	0
1422.15	.3830503	.1078667	.3192753	.1898076	0
1421.15	.3704677	.1013328	.3348315	.193368	0
1420.15	.3580388	.09498329	.3501194	.1968585	0
1419.15	.3457592	.08881338	.3651464	.2002811	0
1418.15	.3336245	.08281848	.3799196	.2036374	0
1417.15	.3216307	.07699413	.3944458	.2069294	0
1416.15	.3097736	.07133605	.4087316	.2101588	0
1415.15	.2980494	.06584011	.4227834	.2133271	0
1414.15	.2864544	.06050232	.4366073	.216436	0
1413.15	.2749847	.05531883	.4502094	.2194871	0
1412.15	.263637	.05028594	.4635953	.2224817	0
1411.15	.2524078	.04540004	.4767706	.2254215	0
1410.15	.2412938	.0406577	.4897408	.2283077	0
1409.15	.2302918	.03605555	.5025109	.2311418	0
1408.15	.2193986	.03159037	.515086	.233925	0
1407.15	.2086113	.02725904	.5274711	.2366586	0
1406.15	.1979269	.02305854	.5396707	.2393438	0
1405.15	.1873426	.01898596	.5516895	.2419819	0
1404.15	.1768556	.01503846	.5635319	.244574	0
1403.15	.1664633	.01121333	.5752022	.2471211	0
1402.15	.1561631	.007507917	.5867046	.2496244	0
1401.15	.1459524	.003919666	.5980429	.252085	0
1400.15	.1358289	4.461024E-04	.6092213	.2545038	0
1400.019	.1345107	0	.6106721	.2548172	0
1400.019	.1345107	0	.6106721	.2548172	0
1399.15	.1262024	0	.6171506	.256647	0
1398.15	.1166714	0	.6245953	.2587333	0
1397.15	.1071693	0	.6320311	.2607996	0
1396.15	.09769529	0	.6394585	.2628462	0
1395.15	.08824842	0	.6468782	.2648734	0
1394.15	.07882791	0	.6542906	.2668815	0
1393.15	.06943301	0	.6616962	.2688708	0
1392.15	.060063	0	.6690955	.2708415	0
1391.15	.05071726	0	.6764889	.2727939	0
1390.15	.0413952	0	.6838767	.2747281	0
1389.15	.03209629	0	.6912594	.2766444	0
1388.15	.02282004	0	.698637	.2785429	0
1387.15	.01356605	0	.70601	.280424	0
1386.15	.004333941	0	.7133785	.2822876	0
1385.68	0	0	.716842	.283158	0
1385.68	0	0	.716842	.283158	0
1385.15	0	0	.7166858	.2833142	0
1384.15	0	0	.7163912	.2836088	0
1383.15	0	0	.7160971	.2839029	0
1382.15	0	0	.7158036	.2841964	0
1381.15	0	0	.7155105	.2844895	0
1380.15	0	0	.7152178	.2847822	0
1379.15	0	0	.7149257	.2850743	0
1378.15	0	0	.714634	.285366	0
1377.15	0	0	.7143429	.2856571	0
1376.15	0	0	.7140522	.2859478	0
1375.15	0	0	.7137619	.2862381	0
1374.15	0	0	.7134722	.2865278	0
1373.15	0	0	.7131829	.2868171	0
1372.15	0	0	.7128941	.2871059	0
1371.15	0	0	.7126058	.2873942	0
1370.15	0	0	.7123179	.2876821	0
1369.15	0	0	.7120305	.2879695	0
1368.15	0	0	.7117436	.2882564	0
1367.15	0	0	.7114572	.2885428	0
1366.15	0	0	.7111712	.2888288	0
1365.15	0	0	.7108856	.2891144	0
1364.15	0	0	.7106006	.2893994	0
1363.15	0	0	.710316	.289684	0
1362.15	0	0	.7100318	.2899682	0
1361.15	0	0	.7097482	.2902518	0
1360.15	0	0	.7094649	.2905351	0
1359.15	0	0	.7091822	.2908178	0
1358.15	0	0	.7088999	.2911001	0
1357.15	0	0	.708618	.291382	0
1356.15	0	0	.7083366	.2916634	0
1355.15	0	0	.7080557	.2919443	0
1354.15	0	0	.7077752	.2922248	0
1353.15	0	0	.7074951	.2925049	0
1352.15	0	0	.7072156	.2927845	0
1351.15	0	0	.7069364	.2930636	0
1350.15	0	0	.7066577	.2933423	0
1349.15	0	0	.7063795	.2936205	0
1348.15	0	0	.7061017	.2938984	0
1347.15	0	0	.7058243	.2941757	0
1346.15	0	0	.7055474	.2944526	0
1345.15	0	0	.7052709	.2947291	0
1344.15	0	0	.7049949	.2950051	0
1343.15	0	0	.7047193	.2952807	0
1342.15	0	0	.7044441	.2955559	0
1341.15	0	0	.7041694	.2958306	0
1340.15	0	0	.7038951	.2961049	0
1339.15	0	0	.7036213	.2963788	0
1338.15	0	0	.7033478	.2966522	0
1337.15	0	0	.7030749	.2969251	0
1336.15	0	0	.7028023	.2971977	0
1335.15	0	0	.7025302	.2974698	0
1334.15	0	0	.7022585	.2977415	0
1333.15	0	0	.7019872	.2980128	0
1332.15	0	0	.7017164	.2982836	0
1331.15	0	0	.701446	.298554	0
1330.15	0	0	.701176	.298824	0
1329.15	0	0	.7009065	.2990935	0
1328.15	0	0	.7006373	.2993627	0
1327.15	0	0	.7003686	.2996314	0
1326.15	0	0	.7001003	.2998997	0
1325.15	0	0	.6998325	.3001675	0
1324.15	0	0	.699565	.300435	0
1323.15	0	0	.699298	.300702	0
1322.15	0	0	.6990314	.3009686	0
1321.15	0	0	.6987652	.3012348	0
1320.15	0	0	.6984994	.3015006	0
1319.15	0	0	.698234	.301766	0
1318.15	0	0	.6979691	.3020309	0
1317.15	0	0	.6977045	.3022955	0
1316.15	0	0	.6974404	.3025596	0
1315.15	0	0	.6971767	.3028233	0
1314.15	0	0	.6969134	.3030866	0
1313.15	0	0	.6966505	.3033495	0
1312.15	0	0	.696388	.303612	0
1311.15	0	0	.6961259	.3038741	0
1310.15	0	0	.6958642	.3041358	0
1309.15	0	0	.6956029	.3043971	0
1308.15	0	0	.695342	.304658	0
1307.15	0	0	.6950816	.3049184	0
1306.15	0	0	.6948215	.3051785	0
1305.15	0	0	.6945618	.3054382	0
1304.15	0	0	.6943025	.3056975	0
1303.15	0	0	.6940437	.3059563	0
1302.15	0	0	.6937852	.3062148	0
1301.15	0	0	.6935271	.3064729	0
1300.15	0	0	.6932694	.3067306	0
1299.15	0	0	.6930121	.3069879	0
1298.15	0	0	.6927552	.3072448	0
1297.15	0	0	.6924987	.3075013	0
1296.15	0	0	.6922426	.3077574	0
1295.15	0	0	.6919869	.3080131	0
1294.15	0	0	.6917315	.3082685	0
1293.15	0	0	.6914766	.3085234	0
1292.15	0	0	.691222	.308778	0
1291.15	0	0	.6909679	.3090321	0
1290.15	0	0	.6907141	.3092859	0
1289.15	0	0	.6904607	.3095393	0
1288.15	0	0	.6902077	.3097923	0
1287.15	0	0	.689955	.310045	0
1286.15	0	0	.6897028	.3102972	0
1285.15	0	0	.6894509	.3105491	0
1284.15	0	0	.6891994	.3108006	0
1283.15	0	0	.6889483	.3110517	0
1282.15	0	0	.6886976	.3113024	0
1281.15	0	0	.6884472	.3115528	0
1280.15	0	0	.6881972	.3118028	0
1279.15	0	0	.6879476	.3120524	0
1278.15	0	0	.6876984	.3123016	0
1277.15	0	0	.6874496	.3125505	0
1276.15	0	0	.6872011	.3127989	0
1275.15	0	0	.686953	.313047	0
1274.15	0	0	.6867052	.3132948	0
1273.15	0	0	.6864579	.3135421	0
1272.15	0	0	.6862109	.3137891	0
1271.15	0	0	.6859642	.3140358	0
1270.15	0	0	.685718	.314282	0
1269.15	0	0	.6854721	.3145279	0
1268.15	0	0	.6852265	.3147735	0
1267.15	0	0	.6849814	.3150186	0
1266.15	0	0	.6847366	.3152634	0
1265.15	0	0	.6844922	.3155079	0
1264.15	0	0	.6842481	.3157519	0
1263.15	0	0	.6840044	.3159956	0
1262.15	0	0	.683761	.316239	0
1261.15	0	0	.683518	.316482	0
1260.15	0	0	.6832754	.3167246	0
1259.15	0	0	.6830331	.3169669	0
1258.15	0	0	.6827912	.3172088	0
1257.15	0	0	.6825496	.3174504	0
1256.15	0	0	.6823084	.3176916	0
1255.15	0	0	.6820676	.3179324	0
1254.15	0	0	.6818271	.3181729	0
1253.15	0	0	.681587	.3184131	0
1252.15	0	0	.6813472	.3186528	0
1251.15	0	0	.6811077	.3188923	0
1250.15	0	0	.6808686	.3191314	0
1249.15	0	0	.6806299	.3193701	0
1248.15	0	0	.6803915	.3196085	0
1247.15	0	0	.6801535	.3198465	0
1246.15	0	0	.6799158	.3200842	0
1245.15	0	0	.6796784	.3203216	0
1244.15	0	0	.6794414	.3205586	0
1243.15	0	0	.6792048	.3207952	0
1242.15	0	0	.6789684	.3210316	0
1241.15	0	0	.6787325	.3212675	0
1240.15	0	0	.6784969	.3215032	0
1239.15	0	0	.6782616	.3217384	0
1238.15	0	0	.6780266	.3219734	0
1237.15	0	0	.677792	.322208	0
1236.15	0	0	.6775577	.3224423	0
1235.15	0	0	.6773238	.3226762	0
1234.15	0	0	.6770902	.3229098	0
1233.15	0	0	.676857	.323143	0
1232.15	0	0	.6766241	.323376	0
1231.15	0	0	.6763915	.3236085	0
1230.15	0	0	.6761592	.3238408	0
1229.15	0	0	.6759273	.3240727	0
1228.15	0	0	.6756957	.3243043	0
1227.15	0	0	.6754645	.3245355	0
1226.15	0	0	.6752336	.3247665	0
1225.15	0	0	.675003	.324997	0
1224.15	0	0	.6747727	.3252273	0
1223.15	0	0	.6745428	.3254572	0
1222.15	0	0	.6743132	.3256868	0
1221.15	0	0	.6740839	.3259161	0
1220.15	0	0	.673855	.326145	0
1219.15	0	0	.6736263	.3263737	0
1218.15	0	0	.673398	.326602	0
1217.15	0	0	.6731701	.3268299	0
1216.15	0	0	.6729424	.3270576	0
1215.15	0	0	.6727151	.3272849	0
1214.15	0	0	.6724881	.3275119	0
1213.15	0	0	.6722614	.3277386	0
1212.15	0	0	.6720351	.3279649	0
1211.15	0	0	.671809	.328191	0
1210.15	0	0	.6715833	.3284167	0
1209.15	0	0	.6713579	.3286421	0
1208.15	0	0	.6711328	.3288672	0
1207.15	0	0	.670908	.329092	0
1206.15	0	0	.6706836	.3293164	0
1205.15	0	0	.6704595	.3295405	0
1204.15	0	0	.6702356	.3297644	0
1203.15	0	0	.6700121	.3299879	0
1202.15	0	0	.6697889	.3302111	0
1201.15	0	0	.6695661	.3304339	0
1200.15	0	0	.6693435	.3306565	0
1199.15	0	0	.6691212	.3308788	0
1198.15	0	0	.6688993	.3311007	0
1197.15	0	0	.6686777	.3313223	0
1196.15	0	0	.6684563	.3315437	0
1195.15	0	0	.6682353	.3317647	0
1194.15	0	0	.6680146	.3319854	0
1193.15	0	0	.6677942	.3322058	0
1192.15	0	0	.6675741	.3324259	0
1191.15	0	0	.6673543	.3326457	0
1190.15	0	0	.6671348	.3328652	0
1189.15	0	0	.6669156	.3330844	0
1188.15	0	0	.6666967	.3333033	0
1187.15	0	0	.6664782	.3335218	0
1186.15	0	0	.6662599	.3337401	0
1185.15	0	0	.6660419	.3339581	0
1184.15	0	0	.6658243	.3341757	0
1183.15	0	0	.6656069	.3343931	0
1182.15	0	0	.6653898	.3346102	0
1181.15	0	0	.665173	.334827	0
1180.15	0	0	.6649565	.3350435	0
1179.15	0	0	.6647404	.3352596	0
1178.15	0	0	.6645245	.3354755	0
1177.15	0	0	.6643089	.3356911	0
1176.15	0	0	.6640936	.3359064	0
1175.15	0	0	.6638786	.3361214	0
1174.15	0	0	.6636639	.3363361	0
1173.15	0	0	.6634495	.3365505	0
1172.15	0	0	.6632354	.3367646	0
1171.15	0	0	.6630216	.3369784	0
1170.15	0	0	.662808	.337192	0
1169.15	0	0	.6625948	.3374052	0
1168.15	0	0	.6623819	.3376182	0
1167.15	0	0	.6621692	.3378308	0
1166.15	0	0	.6619568	.3380432	0
1165.15	0	0	.6617447	.3382553	0
1164.15	0	0	.6615329	.3384671	0
1163.15	0	0	.6613214	.3386786	0
1162.15	0	0	.6611102	.3388898	0
1161.15	0	0	.6608993	.3391007	0
1160.15	0	0	.6606886	.3393114	0
1159.15	0	0	.6604783	.3395217	0
1158.15	0	0	.6602682	.3397318	0
1157.15	0	0	.6600584	.3399416	0
1156.15	0	0	.6598489	.3401511	0
1155.15	0	0	.6596396	.3403604	0
1154.15	0	0	.6594307	.3405693	0
1153.15	0	0	.659222	.340778	0
1152.15	0	0	.6590136	.3409864	0
1151.15	0	0	.6588055	.3411945	0
1150.15	0	0	.6585977	.3414023	0
1149.15	0	0	.6583901	.3416099	0
1148.15	0	0	.6581828	.3418172	0
1147.15	0	0	.6579758	.3420242	0
1146.15	0	0	.6577691	.3422309	0
1145.15	0	0	.6575627	.3424374	0
1144.15	0	0	.6573565	.3426435	0
1143.15	0	0	.6571506	.3428494	0
1142.15	0	0	.656945	.3430551	0
1141.15	0	0	.6567396	.3432604	0
1140.15	0	0	.6565345	.3434655	0
1139.15	0	0	.6563297	.3436703	0
1138.15	0	0	.6561252	.3438748	0
1137.15	0	0	.6559209	.3440791	0
1136.15	0	0	.6557169	.3442831	0
1135.15	0	0	.6555132	.3444868	0
1134.15	0	0	.6553098	.3446903	0
1133.15	0	0	.6551066	.3448934	0
1132.15	0	0	.6549037	.3450963	0
1131.15	0	0	.654701	.345299	0
1130.15	0	0	.6544986	.3455014	0
1129.15	0	0	.6542965	.3457035	0
1128.15	0	0	.6540947	.3459053	0
1127.15	0	0	.6538931	.3461069	0
1126.15	0	0	.6536918	.3463083	0
1125.15	0	0	.6534907	.3465093	0
1124.15	0	0	.6532899	.3467101	0
1123.15	0	0	.6530894	.3469106	0
1122.15	0	0	.6528891	.3471109	0
1121.15	0	0	.6526891	.3473109	0
1120.15	0	0	.6524894	.3475106	0
1119.15	0	0	.6522899	.3477101	0
1118.15	0	0	.6520907	.3479093	0
1117.15	0	0	.6518917	.3481083	0
1116.15	0	0	.651693	.348307	0
1115.15	0	0	.6514946	.3485054	0
1114.15	0	0	.6512964	.3487036	0
1113.15	0	0	.6510985	.3489015	0
1112.15	0	0	.6509008	.3490992	0
1111.15	0	0	.6507034	.3492966	0
1110.15	0	0	.6505062	.3494938	0
1109.15	0	0	.6503093	.3496907	0
1108.15	0	0	.6501127	.3498873	0
1107.15	0	0	.6499163	.3500837	0
1106.15	0	0	.6497201	.3502799	0
1105.15	0	0	.6495243	.3504757	0
1104.15	0	0	.6493286	.3506714	0
1103.15	0	0	.6491333	.3508668	0
1102.15	0	0	.6489381	.3510619	0
1101.15	0	0	.6487432	.3512568	0
1100.15	0	0	.6485486	.3514514	0
1099.15	0	0	.6483543	.3516458	0
1098.15	0	0	.6481601	.3518399	0
1097.15	0	0	.6479663	.3520338	0
1096.15	0	0	.6477726	.3522274	0
1095.15	0	0	.6475792	.3524208	0
1094.15	0	0	.6473861	.3526139	0
1093.15	0	0	.6471932	.3528068	0
1092.15	0	0	.6470006	.3529994	0
1091.15	0	0	.6468082	.3531918	0
1090.15	0	0	.646616	.353384	0
1089.15	0	0	.6464242	.3535759	0
1088.15	0	0	.6462325	.3537675	0
1087.15	0	0	.6460411	.3539589	0
1086.15	0	0	.6458499	.3541501	0
1085.15	0	0	.645659	.354341	0
1084.15	0	0	.6454683	.3545317	0
1083.15	0	0	.6452779	.3547221	0
1082.15	0	0	.6450877	.3549123	0
1081.15	0	0	.6448977	.3551023	0
1080.15	0	0	.644708	.355292	0
1079.15	0	0	.6445185	.3554815	0
1078.15	0	0	.6443293	.3556707	0
1077.15	0	0	.6441403	.3558597	0
1076.15	0	0	.6439515	.3560485	0
1075.15	0	0	.643763	.356237	0
1074.15	0	0	.6435747	.3564253	0
1073.15	0	0	.6433867	.3566133	0
1072.15	0	0	.6431989	.3568011	0
1071.15	0	0	.6430113	.3569887	0
1070.15	0	0	.642824	.357176	0
1069.15	0	0	.6426369	.3573631	0
1068.15	0	0	.64245	.35755	0
1067.15	0	0	.6422634	.3577366	0
1066.15	0	0	.642077	.357923	0
1065.15	0	0	.6418909	.3581091	0
1064.15	0	0	.6417049	.3582951	0
1063.15	0	0	.6415192	.3584808	0
1062.15	0	0	.6413338	.3586662	0
1061.15	0	0	.6411485	.3588515	0
1060.15	0	0	.6409636	.3590365	0
1059.15	0	0	.6407788	.3592212	0
1058.15	0	0	.6405943	.3594058	0
1057.15	0	0	.6404099	.3595901	0
1056.15	0	0	.6402259	.3597741	0
1055.15	0	0	.640042	.359958	0
1054.15	0	0	.6398584	.3601416	0
1053.15	0	0	.639675	.360325	0
1052.15	0	0	.6394919	.3605081	0
1051.15	0	0	.6393089	.3606911	0
1050.15	0	0	.6391262	.3608738	0
1049.15	0	0	.6389437	.3610563	0
1048.15	0	0	.6387615	.3612385	0
1047.15	0	0	.6385795	.3614205	0
1046.15	0	0	.6383977	.3616023	0
1045.15	0	0	.6382161	.3617839	0
1044.15	0	0	.6380347	.3619653	0
1043.15	0	0	.6378536	.3621464	0
1042.15	0	0	.6376727	.3623273	0
1041.15	0	0	.637492	.362508	0
1040.15	0	0	.6373116	.3626884	0
1039.15	0	0	.6371313	.3628687	0
1038.15	0	0	.6369513	.3630487	0
1037.15	0	0	.6367715	.3632285	0
1036.15	0	0	.636592	.363408	0
1035.15	0	0	.6364126	.3635874	0
1034.15	0	0	.6362335	.3637665	0
1033.15	0	0	.6360546	.3639454	0
1032.15	0	0	.6358759	.3641241	0
1031.15	0	0	.6356974	.3643026	0
1030.15	0	0	.6355192	.3644808	0
1029.15	0	0	.6353412	.3646588	0
1028.15	0	0	.6351634	.3648366	0
1027.15	0	0	.6349858	.3650142	0
1026.15	0	0	.6348084	.3651916	0
1025.15	0	0	.6346312	.3653688	0
1024.15	0	0	.6344543	.3655457	0
1023.15	0	0	.6342776	.3657224	0
1022.15	0	0	.6341011	.3658989	0
1021.15	0	0	.6339248	.3660752	0
1020.15	0	0	.6337487	.3662513	0
1019.15	0	0	.6335728	.3664272	0
1018.15	0	0	.6333972	.3666028	0
1017.15	0	0	.6332217	.3667783	0
1016.15	0	0	.6330465	.3669535	0
1015.15	0	0	.6328715	.3671285	0
1014.15	0	0	.6326967	.3673033	0
1013.15	0	0	.6325221	.3674779	0
1012.15	0	0	.6323478	.3676522	0
1011.15	0	0	.6321736	.3678264	0
1010.15	0	0	.6319997	.3680003	0
1009.15	0	0	.6318259	.3681741	0
1008.15	0	0	.6316524	.3683476	0
1007.15	0	0	.6314791	.3685209	0
1006.15	0	0	.631306	.368694	0
1005.15	0	0	.6311331	.3688669	0
1004.15	0	0	.6309604	.3690396	0
1003.15	0	0	.630788	.3692121	0
1002.15	0	0	.6306157	.3693843	0
1001.15	0	0	.6304436	.3695564	0
1000.15	0	0	.6302718	.3697282	0
999.15	0	0	.6301001	.3698999	0
998.15	0	0	.6299287	.3700713	0
997.15	0	0	.6297575	.3702425	0
996.15	0	0	.6295865	.3704135	0
995.15	0	0	.6294156	.3705844	0
994.15	0	0	.629245	.370755	0
993.15	0	0	.6290746	.3709254	0
992.15	0	0	.6289044	.3710956	0
991.15	0	0	.6287345	.3712655	0
990.15	0	0	.6285647	.3714353	0
989.15	0	0	.6283951	.3716049	0
988.15	0	0	.6282257	.3717743	0
987.15	0	0	.6280565	.3719435	0
986.15	0	0	.6278876	.3721124	0
985.15	0	0	.6277188	.3722812	0
984.15	0	0	.6275502	.3724498	0
983.15	0	0	.6273819	.3726181	0
982.15	0	0	.6272137	.3727863	0
981.15	0	0	.6270458	.3729542	0
980.15	0	0	.626878	.373122	0
979.15	0	0	.6267105	.3732895	0
978.15	0	0	.6265431	.3734569	0
977.15	0	0	.626376	.3736241	0
976.15	0	0	.626209	.373791	0
975.15	0	0	.6260423	.3739578	0
974.15	0	0	.6258757	.3741243	0
973.15	0	0	.6257094	.3742907	0
972.15	0	0	.6255432	.3744568	0
971.15	0	0	.6253773	.3746228	0
970.15	0	0	.6252115	.3747885	0
969.15	0	0	.6250459	.3749541	0
968.15	0	0	.6248806	.3751194	0
967.15	0	0	.6247154	.3752846	0
966.15	0	0	.6245505	.3754495	0
965.15	0	0	.6243857	.3756143	0
964.15	0	0	.6242211	.3757789	0
963.15	0	0	.6240568	.3759432	0
962.15	0	0	.6238926	.3761074	0
961.15	0	0	.6237286	.3762714	0
960.15	0	0	.6235648	.3764352	0
959.15	0	0	.6234013	.3765987	0
958.15	0	0	.6232379	.3767621	0
957.15	0	0	.6230747	.3769253	0
956.15	0	0	.6229117	.3770883	0
955.15	0	0	.6227489	.3772511	0
954.15	0	0	.6225863	.3774137	0
953.15	0	0	.6224239	.3775761	0
952.15	0	0	.6222616	.3777384	0
951.15	0	0	.6220996	.3779004	0
950.15	0	0	.6219378	.3780622	0
949.15	0	0	.6217761	.3782239	0
948.15	0	0	.6216147	.3783853	0
947.15	0	0	.6214534	.3785466	0
946.15	0	0	.6212924	.3787076	0
945.15	0	0	.6211315	.3788685	0
944.15	0	0	.6209708	.3790292	0
943.15	0	0	.6208103	.3791897	0
942.15	0	0	.62065	.37935	0
941.15	0	0	.6204899	.3795101	0
940.15	0	0	.62033	.37967	0
939.15	0	0	.6201703	.3798297	0
938.15	0	0	.6200108	.3799892	0
937.15	0	0	.6198514	.3801486	0
936.15	0	0	.6196923	.3803077	0
935.15	0	0	.6195333	.3804667	0
934.15	0	0	.6193746	.3806255	0
933.15	0	0	.619216	.380784	0
932.15	0	0	.6190576	.3809424	0
931.15	0	0	.6188994	.3811006	0
930.15	0	0	.6187414	.3812586	0
929.15	0	0	.6185835	.3814165	0
928.15	0	0	.6184259	.3815741	0
927.15	0	0	.6182684	.3817316	0
926.15	0	0	.6181112	.3818888	0
925.15	0	0	.6179541	.3820459	0
924.15	0	0	.6177972	.3822028	0
923.15	0	0	.6176405	.3823595	0
922.15	0	0	.617484	.382516	0
921.15	0	0	.6173277	.3826723	0
920.15	0	0	.6171716	.3828284	0
919.15	0	0	.6170156	.3829844	0
918.15	0	0	.6168599	.3831401	0
917.15	0	0	.6167043	.3832957	0
916.15	0	0	.6165489	.3834511	0
915.15	0	0	.6163937	.3836063	0
914.15	0	0	.6162387	.3837613	0
913.15	0	0	.6160838	.3839162	0
912.15	0	0	.6159292	.3840708	0
911.15	0	0	.6157748	.3842253	0
910.15	0	0	.6156205	.3843795	0
909.15	0	0	.6154664	.3845336	0
908.15	0	0	.6153125	.3846875	0
907.15	0	0	.6151587	.3848413	0
906.15	0	0	.6150052	.3849948	0
905.15	0	0	.6148519	.3851481	0
904.15	0	0	.6146987	.3853013	0
903.15	0	0	.6145457	.3854543	0
902.15	0	0	.6143929	.3856071	0
901.15	0	0	.6142403	.3857597	0
900.15	0	0	.6140879	.3859121	0
899.15	0	0	.6139356	.3860644	0
898.15	0	0	.6137835	.3862165	0
897.15	0	0	.6136317	.3863683	0
896.15	0	0	.61348	.38652	0
895.15	0	0	.6133285	.3866715	0
894.15	0	0	.6131771	.3868229	0
893.15	0	0	.613026	.386974	0
892.15	0	0	.612875	.387125	0
891.15	0	0	.6127242	.3872758	0
890.15	0	0	.6125736	.3874264	0
889.15	0	0	.6124232	.3875768	0
888.15	0	0	.6122729	.3877271	0
887.15	0	0	.6121229	.3878771	0
886.15	0	0	.611973	.388027	0
885.15	0	0	.6118233	.3881767	0
884.15	0	0	.6116738	.3883262	0
883.15	0	0	.6115245	.3884755	0
882.15	0	0	.6113753	.3886247	0
881.4062	0	0	.6112645	.3887355	0
881.4062	0	0	.6112645	.3887355	0
881.4062	0	0	.6112645	.3887355	0
881.15	0	9.007237E-04	.6103731	.3887262	0
880.15	0	.004402071	.6069092	.3886887	0
879.15	0	.007879803	.6034705	.3886497	0
878.15	0	.01133365	.6000572	.3886092	0
877.15	0	.01476336	.5966696	.3885671	0
876.15	0	.01816869	.5933078	.3885235	0
875.15	0	.02154942	.5899721	.3884785	0
874.15	0	.02490532	.5866627	.388432	0
873.15	0	.02823619	.5833798	.388384	0
872.15	0	.03154184	.5801235	.3883347	0
871.15	0	.0348221	.576894	.3882839	0
870.15	0	.03807679	.5736914	.3882318	0
869.15	0	.04130577	.5705159	.3881783	0
868.15	0	.04450888	.5673676	.3881235	0
867.15	0	.04768601	.5642466	.3880674	0
866.15	0	.05083702	.561153	.38801	0
865.15	0	.05396182	.5580869	.3879513	0
864.15	0	.05706029	.5550483	.3878914	0
863.15	0	.06013238	.5520373	.3878303	0
862.15	0	.06317798	.549054	.387768	0
861.15	0	.06619705	.5460984	.3877045	0
860.15	0	.06918954	.5431705	.3876399	0
859.15	0	.07215539	.5402704	.3875742	0
858.15	0	.07509459	.537398	.3875074	0
857.15	0	.07800711	.5345534	.3874395	0
856.15	0	.08089295	.5317365	.3873706	0
855.15	0	.0837521	.5289473	.3873006	0
854.15	0	.08658457	.5261858	.3872297	0
853.15	0	.0893904	.5234519	.3871577	0
852.15	0	.09216961	.5207455	.3870849	0
851.15	0	.09492224	.5180667	.3870111	0
850.15	0	.09764834	.5154153	.3869364	0
849.15	0	.100348	.5127912	.3868608	0
848.15	0	.1030212	.5101944	.3867843	0
847.15	0	.1056681	.5076248	.3867071	0
846.15	0	.1082888	.5050822	.386629	0
845.15	0	.1108834	.5025665	.3865502	0
844.15	0	.1134519	.5000775	.3864705	0
843.15	0	.1159945	.4976153	.3863902	0
842.15	0	.1185113	.4951796	.3863091	0
841.15	0	.1210024	.4927702	.3862273	0
840.15	0	.123468	.4903871	.3861449	0
839.15	0	.1259082	.48803	.3860618	0
838.15	0	.1283232	.4856988	.3859781	0
837.15	0	.130713	.4833933	.3858937	0
836.15	0	.1330779	.4811133	.3858088	0
835.15	0	.1354181	.4788587	.3857233	0
834.15	0	.1377337	.4766292	.3856372	0
833.15	0	.1400248	.4744246	.3855506	0
832.15	0	.1422917	.4722448	.3854635	0
831.15	0	.1445346	.4700896	.3853758	0
830.15	0	.1467536	.4679587	.3852877	0
829.15	0	.1489489	.4658519	.3851992	0
828.15	0	.1511208	.463769	.3851102	0
827.15	0	.1532695	.4617098	.3850207	0
826.15	0	.1553951	.459674	.3849309	0
825.15	0	.1574979	.4576615	.3848406	0
824.15	0	.1595781	.455672	.38475	0
823.15	0	.1616358	.4537052	.384659	0
822.15	0	.1636714	.451761	.3845676	0
821.15	0	.165685	.4498391	.3844759	0
820.15	0	.1676769	.4479392	.3843839	0
819.15	0	.1696473	.4460612	.3842915	0
818.15	0	.1715964	.4442048	.3841989	0
817.15	0	.1735244	.4423697	.3841059	0
816.15	0	.1754316	.4405557	.3840127	0
815.15	0	.1773182	.4387626	.3839192	0
814.15	0	.1791844	.4369901	.3838255	0
813.15	0	.1810305	.435238	.3837315	0
812.15	0	.1828567	.4335061	.3836372	0
811.15	0	.1846632	.431794	.3835428	0
810.15	0	.1864502	.4301016	.3834481	0
809.15	0	.1882181	.4284287	.3833532	0
808.15	0	.1899669	.4267749	.3832582	0
807.15	0	.191697	.4251401	.3831629	0
806.15	0	.1934085	.423524	.3830675	0
805.15	0	.1951018	.4219264	.3829719	0
804.15	0	.1967769	.420347	.3828761	0
803.15	0	.1984342	.4187856	.3827802	0
802.15	0	.2000739	.417242	.3826841	0
801.15	0	.2016962	.415716	.3825879	0
800.15	0	.2033012	.4142073	.3824915	0
799.9256	0	.2036591	.4138711	.3824699	0
799.9256	0	.2036591	.4138711	.3824699	0
799.9256	0	.2036591	.4138711	.3824699	0
799.15	0	.2078077	.4089147	.3812473	.002030336
798.15	0	.2130497	.4026422	.3796927	.004615464
797.15	0	.2181743	.3964991	.3781621	.00716455
796.15	0	.2231846	.3904821	.3766549	.009678406
795.15	0	.2280839	.3845876	.3751707	.01215781
794.15	0	.2328752	.3788125	.3737089	.01460352
793.15	0	.2375612	.3731536	.372269	.01701626
792.15	0	.2421449	.3676079	.3708505	.01939674
791.15	0	.2466288	.3621725	.3694531	.02174562
790.15	0	.2510157	.3568445	.3680762	.02406358
789.15	0	.2553079	.3516214	.3667194	.02635123
788.15	0	.259508	.3465004	.3653824	.02860921
787.15	0	.2636182	.341479	.3640647	.03083809
786.15	0	.2676408	.3365548	.3627659	.03303846
785.15	0	.2715781	.3317254	.3614857	.03521087
784.15	0	.275432	.3269886	.3602236	.03735586
783.15	0	.2792046	.322342	.3589794	.03947396
782.15	0	.282898	.3177837	.3577527	.04156568
781.15	0	.286514	.3133114	.3565431	.0436315
780.15	0	.2900545	.3089232	.3553504	.04567191
779.15	0	.2935213	.3046172	.3541741	.04768737
778.15	0	.2969161	.3003915	.3530141	.04967833
777.15	0	.3002406	.2962442	.35187	.05164523
776.15	0	.3034964	.2921736	.3507415	.0535885
775.15	0	.3066852	.2881778	.3496284	.05550856
774.15	0	.3098085	.2842554	.3485303	.05740581
773.15	0	.3128678	.2804046	.347447	.05928063
772.15	0	.3158645	.2766239	.3463782	.06113343
771.15	0	.3188001	.2729117	.3453237	.06296457
770.15	0	.3216759	.2692665	.3442832	.06477442
769.15	0	.3244933	.265687	.3432564	.06656332
768.15	0	.3272535	.2621716	.3422433	.06833164
767.15	0	.3299579	.258719	.3412434	.07007971
766.15	0	.3326077	.2553278	.3402566	.07180786
765.15	0	.3352041	.2519969	.3392826	.07351642
764.15	0	.3377482	.2487248	.3383213	.07520569
763.15	0	.3402412	.2455104	.3373724	.076876
762.15	0	.3426842	.2423524	.3364357	.07852764
761.15	0	.3450783	.2392497	.335511	.08016091
760.15	0	.3474246	.2362011	.3345981	.08177611
759.15	0	.3497241	.2332056	.3336969	.0833735
758.15	0	.3519777	.2302619	.332807	.08495338
757.15	0	.3541866	.2273691	.3319283	.08651602
756.15	0	.3563515	.2245261	.3310607	.08806168
755.15	0	.3584736	.2217319	.3302039	.08959063
754.15	0	.3605536	.2189855	.3293578	.09110312
753.15	0	.3625926	.2162859	.3285222	.0925994
752.15	0	.3645913	.2136321	.3276969	.09407973
751.15	0	.3665507	.2110233	.3268817	.09554435
750.15	0	.3684715	.2084585	.3260765	.09699349
749.15	0	.3703546	.2059369	.3252811	.09842739
748.15	0	.3722007	.2034576	.3244954	.09984628
747.15	0	.3740108	.2010197	.3237192	.1012504
746.15	0	.3757855	.1986223	.3229523	.1026399
745.15	0	.3775255	.1962648	.3221946	.1040151
744.15	0	.3792317	.1939463	.3214459	.1053762
743.15	0	.3809047	.1916659	.320706	.1067234
742.15	0	.3825452	.189423	.3199749	.1080568
741.15	0	.3841539	.1872168	.3192525	.1093768
740.15	0	.3857316	.1850466	.3185384	.1106834
739.15	0	.3872788	.1829117	.3178326	.111977
738.15	0	.3887961	.1808112	.317135	.1132576
737.15	0	.3902843	.1787447	.3164455	.1145255
736.15	0	.391744	.1767113	.3157638	.1157809
735.15	0	.3931757	.1747105	.3150899	.117024
734.15	0	.39458	.1727416	.3144236	.1182549
733.15	0	.3959575	.1708039	.3137648	.1194738
732.15	0	.3973088	.1688969	.3131134	.1206809
731.15	0	.3986344	.16702	.3124693	.1218764
730.15	0	.3999349	.1651724	.3118323	.1230604
729.15	0	.4012109	.1633538	.3112023	.1242331
728.15	0	.4024627	.1615634	.3105792	.1253947
727.15	0	.403691	.1598008	.3099629	.1265453
726.15	0	.4048962	.1580654	.3093532	.1276852
725.15	0	.4060788	.1563567	.3087502	.1288144
724.15	0	.4072393	.1546741	.3081535	.1299331
723.15	0	.4083782	.1530171	.3075632	.1310415
722.15	0	.4094958	.1513853	.3069792	.1321397
721.15	0	.4105928	.1497781	.3064012	.1332279
720.15	0	.4116695	.148195	.3058293	.1343062
719.15	0	.4127262	.1466357	.3052634	.1353748
718.15	0	.4137636	.1450995	.3047032	.1364337
717.15	0	.4147818	.1435862	.3041488	.1374832
716.15	0	.4157814	.1420951	.3036	.1385234
715.15	0	.4167628	.140626	.3030568	.1395544
714.15	0	.4177263	.1391783	.302519	.1405764
713.15	0	.4186724	.1377517	.3019865	.1415894
712.15	0	.4196012	.1363458	.3014593	.1425937
711.15	0	.4205133	.1349601	.3009373	.1435892
710.15	0	.421409	.1335943	.3004204	.1445763
709.15	0	.4222886	.1322479	.2999085	.1455549
708.15	0	.4231525	.1309207	.2994015	.1465253
707.15	0	.424001	.1296122	.2988994	.1474874
706.15	0	.4248344	.1283221	.298402	.1484415
705.15	0	.4256529	.12705	.2979094	.1493877
704.15	0	.4264571	.1257956	.2974213	.150326
703.15	0	.427247	.1245586	.2969377	.1512567
702.15	0	.4280231	.1233386	.2964586	.1521797
701.15	0	.4287856	.1221353	.2959839	.1530952
700.15	0	.4295347	.1209484	.2955135	.1540034
699.15	0	.4302708	.1197776	.2950473	.1549042
698.15	0	.4309942	.1186226	.2945853	.1557979
697.15	0	.4317051	.117483	.2941274	.1566845
696.15	0	.4324037	.1163586	.2936736	.1575641
695.15	0	.4330903	.1152491	.2932237	.1584369
694.15	0	.4337652	.1141543	.2927777	.1593028
693.15	0	.4344285	.1130738	.2923356	.1601621
692.15	0	.4350806	.1120074	.2918972	.1610148
691.15	0	.4357216	.1109548	.2914626	.1618609
690.15	0	.4363518	.1099158	.2910316	.1627007
689.15	0	.4369714	.1088901	.2906042	.1635342
688.15	0	.4375807	.1078775	.2901804	.1643614
687.15	0	.4381797	.1068778	.2897601	.1651825
686.15	0	.4387688	.1058906	.2893432	.1659975
685.15	0	.4393481	.1049158	.2889296	.1668065
684.15	0	.4399178	.1039531	.2885194	.1676097
683.15	0	.4404781	.1030024	.2881125	.168407
682.15	0	.4410293	.1020633	.2877088	.1691986
681.15	0	.4415714	.1011358	.2873082	.1699846
680.15	0	.4421047	.1002195	.2869108	.170765
679.15	0	.4426294	.09931434	.2865164	.1715399
678.15	0	.4431456	.09842004	.2861251	.1723093
677.15	0	.4436534	.09753642	.2857367	.1730734
676.15	0	.4441531	.0966633	.2853513	.1738323
675.15	0	.4446448	.09580048	.2849688	.1745859
674.15	0	.4451287	.09494779	.2845891	.1753344
673.15	0	.4456049	.09410503	.2842122	.1760779
672.15	0	.4460736	.09327204	.283838	.1768163
671.15	0	.4465349	.09244864	.2834666	.1775498
670.15	0	.446989	.09163466	.2830978	.1782785
669.15	0	.447436	.09082994	.2827317	.1790024
668.15	0	.447876	.09003431	.2823682	.1797215
667.15	0	.4483092	.08924761	.2820072	.180436
666.15	0	.4487358	.08846969	.2816487	.1811458
665.15	0	.4491558	.08770039	.2812927	.1818511
664.15	0	.4495693	.08693956	.2809392	.182552
663.15	0	.4499766	.08618705	.280588	.1832484
662.15	0	.4503786	.08544173	.2802388	.1839409
661.15	0	.4507735	.08470558	.2798924	.1846285
660.15	0	.4511624	.08397731	.2795483	.185312
659.15	0	.4515456	.08325678	.2792065	.1859912
658.15	0	.451923	.08254387	.2788669	.1866663
657.15	0	.4522948	.08183845	.2785295	.1873373
656.15	0	.4526611	.08114038	.2781942	.1880043
655.15	0	.453022	.08044955	.2778611	.1886673
654.15	0	.4533777	.07976582	.2775301	.1893264
653.15	0	.4537281	.07908908	.2772012	.1899816
652.15	0	.4540735	.07841922	.2768743	.190633
651.15	0	.4544139	.07775611	.2765494	.1912807
650.15	0	.4547493	.07709964	.2762265	.1919246
649.15	0	.45508	.07644969	.2759056	.1925648
648.15	0	.4554059	.07580617	.2755866	.1932014
647.15	0	.4557272	.07516896	.2752695	.1938344
646.15	0	.456044	.07453796	.2749542	.1944638
645.15	0	.4563563	.07391305	.2746409	.1950898
644.15	0	.4566642	.07329415	.2743293	.1957123
643.15	0	.4569679	.07268115	.2740196	.1963314
642.15	0	.4572673	.07207395	.2737116	.1969471
641.15	0	.4575626	.07147245	.2734054	.1975595
640.15	0	.4578538	.07087657	.2731009	.1981687
639.15	0	.4581411	.0702862	.2727982	.1987746
638.15	0	.4584244	.06970126	.2724971	.1993773
637.15	0	.4587039	.06912165	.2721976	.1999768
636.15	0	.4589796	.0685473	.2718998	.2005733
635.15	0	.4592516	.06797811	.2716037	.2011666
634.15	0	.45952	.067414	.2713091	.2017569
633.15	0	.4597848	.06685488	.2710161	.2023442
632.15	0	.4600462	.06630067	.2707246	.2029285
631.15	0	.4603041	.0657513	.2704347	.2035099
630.15	0	.4605586	.06520668	.2701463	.2040885
629.15	0	.4608098	.06466674	.2698594	.2046641
628.15	0	.4610578	.0641314	.2695739	.2052369
627.15	0	.4613026	.06360058	.2692899	.205807
626.15	0	.4615442	.06307422	.2690074	.2063742
625.15	0	.4617828	.06255223	.2687262	.2069388
624.15	0	.4620183	.06203456	.2684465	.2075007
623.15	0	.4622509	.06152113	.2681681	.2080599
622.15	0	.4624805	.06101186	.2678911	.2086165
621.15	0	.4627074	.06050671	.2676155	.2091705
620.15	0	.4629314	.06000559	.2673411	.2097219
619.15	0	.4631526	.05950844	.2670681	.2102708
618.15	0	.4633712	.05901521	.2667964	.2108172
617.15	0	.463587	.05852582	.266526	.2113612
616.15	0	.4638003	.05804022	.2662568	.2119027
615.15	0	.464011	.05755835	.2659889	.2124417
614.15	0	.4642192	.05708014	.2657222	.2129785
613.15	0	.4644249	.05660554	.2654567	.2135128
612.15	0	.4646282	.05613449	.2651925	.2140448
611.15	0	.4648291	.05566694	.2649294	.2145745
610.15	0	.4650277	.05520283	.2646675	.215102
609.15	0	.465224	.0547421	.2644068	.2156272
608.15	0	.465418	.0542847	.2641472	.2161502
607.15	0	.4656098	.05383058	.2638887	.216671
606.15	0	.4657994	.05337969	.2636314	.2171896
605.15	0	.4659868	.05293198	.2633751	.217706
604.15	0	.4661722	.05248739	.26312	.2182204
603.15	0	.4663555	.05204588	.262866	.2187327
602.15	0	.4665368	.0516074	.262613	.2192429
601.15	0	.4667161	.0511719	.262361	.219751
600.15	0	.4668934	.05073934	.2621102	.2202571
599.15	0	.4670688	.05030966	.2618603	.2207612
598.15	0	.4672423	.04988284	.2616115	.2212634
597.15	0	.467414	.04945881	.2613637	.2217636
596.15	0	.4675838	.04903753	.2611169	.2222618
595.15	0	.4677518	.04861897	.260871	.2227582
594.15	0	.4679181	.04820309	.2606262	.2232526
593.15	0	.4680827	.04778983	.2603823	.2237452
592.15	0	.4682456	.04737916	.2601393	.2242359
591.15	0	.4684068	.04697104	.2598974	.2247249
590.15	0	.4685663	.04656543	.2596563	.225212
589.15	0	.4687243	.04616229	.2594162	.2256973
588.15	0	.4688806	.04576158	.259177	.2261808
587.15	0	.4690354	.04536327	.2589386	.2266626
586.15	0	.4691887	.04496731	.2587012	.2271427
585.15	0	.4693405	.04457367	.2584647	.2276211
584.15	0	.4694908	.04418232	.2582291	.2280978
583.15	0	.4696397	.04379322	.2579943	.2285728
582.15	0	.4697872	.04340634	.2577604	.2290462
581.15	0	.4699332	.04302164	.2575273	.2295179
580.15	0	.4700779	.04263908	.257295	.229988
579.15	0	.4702212	.04225864	.2570636	.2304565
578.15	0	.4703633	.04188028	.2568331	.2309234
577.15	0	.470504	.04150397	.2566033	.2313888
576.15	0	.4706434	.04112968	.2563743	.2318526
575.15	0	.4707816	.04075737	.2561462	.2323149
574.15	0	.4709185	.04038702	.2559188	.2327756
573.15	0	.4710543	.0400186	.2556922	.2332349
572.15	0	.4711888	.03965207	.2554664	.2336927
571.15	0	.4713222	.03928742	.2552414	.234149
570.15	0	.4714544	.0389246	.2550171	.2346039
569.15	0	.4715855	.03856359	.2547936	.2350573
568.15	0	.4717155	.03820436	.2545708	.2355093
567.15	0	.4718444	.03784689	.2543488	.2359599
566.15	0	.4719722	.03749115	.2541275	.2364091
565.15	0	.472099	.0371371	.2539069	.236857
564.15	0	.4722248	.03678473	.253687	.2373034
563.15	0	.4723495	.03643402	.2534679	.2377486
562.15	0	.4724733	.03608492	.2532494	.2381924
561.15	0	.472596	.03573742	.2530317	.2386348
560.15	0	.4727178	.0353915	.2528147	.239076
559.15	0	.4728387	.03504713	.2525983	.2395159
558.15	0	.4729586	.03470428	.2523826	.2399545
557.15	0	.4730777	.03436294	.2521676	.2403918
556.15	0	.4731958	.03402307	.2519533	.2408279
555.15	0	.4733131	.03368466	.2517396	.2412627
554.15	0	.4734295	.03334768	.2515265	.2416963
553.15	0	.473545	.03301211	.2513142	.2421287
552.15	0	.4736597	.03267793	.2511024	.2425599
551.15	0	.4737736	.03234511	.2508914	.2429899
550.15	0	.4738867	.03201364	.2506809	.2434188
549.15	0	.473999	.0316835	.2504711	.2438464
548.15	0	.4741106	.03135466	.2502619	.2442729
547.15	0	.4742213	.0310271	.2500533	.2446983
546.15	0	.4743314	.03070081	.2498453	.2451225
545.15	0	.4744407	.03037575	.2496379	.2455456
544.15	0	.4745493	.03005193	.2494312	.2459676
543.15	0	.4746572	.0297293	.249225	.2463885
542.15	0	.4747643	.02940786	.2490195	.2468084
541.15	0	.4748709	.02908759	.2488145	.2472271
540.15	0	.4749767	.02876846	.2486101	.2476448
539.15	0	.4750819	.02845047	.2484062	.2480614
538.15	0	.4751864	.02813358	.248203	.248477
537.15	0	.4752904	.02781779	.2480003	.2488915
536.15	0	.4753937	.02750307	.2477982	.2493051
535.15	0	.4754964	.02718941	.2475967	.2497176
534.15	0	.4755985	.02687679	.2473957	.2501291
533.15	0	.4757	.0265652	.2471952	.2505396
532.15	0	.4758009	.02625462	.2469953	.2509491
531.15	0	.4759013	.02594503	.246796	.2513577
530.15	0	.4760011	.02563641	.2465972	.2517653
529.15	0	.4761004	.02532875	.2463989	.2521719
528.15	0	.4761992	.02502203	.2462012	.2525776
527.15	0	.4762974	.02471624	.2460039	.2529824
526.15	0	.4763952	.02441137	.2458072	.2533862
525.15	0	.4764924	.02410739	.2456111	.2537891
524.15	0	.4765891	.0238043	.2454154	.2541911
523.15	0	.4766854	.02350207	.2452203	.2545923
522.15	0	.4767812	.02320069	.2450256	.2549925
521.15	0	.4768765	.02290016	.2448315	.2553918
520.15	0	.4769714	.02260045	.2446379	.2557903
519.15	0	.4770658	.02230154	.2444448	.2561879
518.15	0	.4771598	.02200344	.2442521	.2565846
517.15	0	.4772534	.02170612	.24406	.2569805
516.15	0	.4773466	.02140957	.2438683	.2573755
515.15	0	.4774393	.02111377	.2436772	.2577697
514.15	0	.4775317	.02081872	.2434865	.2581631
513.15	0	.4776236	.0205244	.2432963	.2585557
512.15	0	.4777152	.02023079	.2431065	.2589475
511.15	0	.4778064	.01993789	.2429173	.2593384
510.15	0	.4778973	.01964568	.2427285	.2597286
509.15	0	.4779877	.01935415	.2425402	.260118
508.15	0	.4780779	.01906329	.2423523	.2605066
507.15	0	.4781677	.01877308	.2421649	.2608944
506.15	0	.4782571	.01848352	.2419779	.2612814
505.15	0	.4783462	.01819459	.2417914	.2616677
504.15	0	.478435	.01790628	.2416054	.2620533
503.15	0	.4785235	.01761858	.2414198	.2624381
502.15	0	.4786117	.01733147	.2412346	.2628222
501.15	0	.4786996	.01704496	.2410499	.2632056
500.15	0	.4787871	.01675901	.2408657	.2635882
499.15	0	.4788744	.01647364	.2406818	.2639701
498.15	0	.4789615	.01618881	.2404984	.2643513
497.15	0	.4790482	.01590453	.2403155	.2647318
496.15	0	.4791347	.01562078	.2401329	.2651116
495.15	0	.4792209	.01533756	.2399508	.2654907
494.15	0	.4793069	.01505484	.2397692	.2658692
493.15	0	.4793926	.01477263	.2395879	.2662469
492.15	0	.479478	.01449091	.239407	.266624
491.15	0	.4795633	.01420967	.2392266	.2670004
490.15	0	.4796483	.01392892	.2390466	.2673762
489.15	0	.4797331	.01364861	.238867	.2677513
488.15	0	.4798176	.01336876	.2386878	.2681258
487.15	0	.479902	.01308936	.2385091	.2684996
486.15	0	.4799861	.01281038	.2383307	.2688728
485.15	0	.4800701	.01253183	.2381527	.2692454
484.15	0	.4801538	.0122537	.2379751	.2696174
483.15	0	.4802374	.01197597	.237798	.2699887
482.15	0	.4803208	.01169864	.2376212	.2703594
481.15	0	.480404	.0114217	.2374448	.2707295
480.15	0	.480487	.01114514	.2372688	.2710991
479.15	0	.4805698	.01086895	.2370932	.271468
478.15	0	.4806525	.01059313	.236918	.2718364
477.15	0	.480735	.01031766	.2367432	.2722041
476.15	0	.4808174	.01004253	.2365688	.2725713
475.15	0	.4808996	.009767746	.2363947	.2729379
474.15	0	.4809817	.009493291	.236221	.273304
473.15	0	.4810637	.009219158	.2360477	.2736695
472.15	0	.4811455	.00894534	.2358748	.2740344
471.15	0	.4812271	.008671827	.2357023	.2743988
470.15	0	.4813087	.008398614	.2355301	.2747626
469.15	0	.4813901	.008125692	.2353583	.2751259
468.15	0	.4814714	.007853053	.2351869	.2754887
467.15	0	.4815526	.00758069	.2350158	.2758509
466.15	0	.4816337	.007308596	.2348451	.2762126
465.15	0	.4817147	.007036763	.2346748	.2765738
464.15	0	.4817956	.006765185	.2345048	.2769345
463.15	0	.4818764	.006493853	.2343352	.2772946
462.15	0	.4819571	.006222762	.2341659	.2776543
461.15	0	.4820377	.005951903	.233997	.2780134
460.15	0	.4821182	.005681271	.2338285	.2783721
459.15	0	.4821986	.005410857	.2336603	.2787302
458.15	0	.482279	.005140657	.2334925	.2790879
457.15	0	.4823593	.004870662	.233325	.2794451
456.15	0	.4824395	.004600866	.2331578	.2798018
455.15	0	.4825196	.004331264	.2329911	.280158
454.15	0	.4825997	.004061847	.2328246	.2805138
453.15	0	.4826798	.003792611	.2326585	.2808691
452.15	0	.4827597	.003523548	.2324928	.2812239
451.15	0	.4828397	.003254653	.2323274	.2815783
450.15	0	.4829196	.002985919	.2321623	.2819322
449.15	0	.4829994	.002717292	.2319976	.2822857
448.15	0	.4830793	.002448802	.2318332	.2826388
447.15	0	.4831591	.002180447	.2316691	.2829914
446.15	0	.4832388	.001912215	.2315054	.2833435
445.15	0	.4833186	.001644098	.231342	.2836953
444.15	0	.4833983	.001376084	.231179	.2840466
443.15	0	.483478	.001108164	.2310163	.2843975
442.15	0	.4835578	8.403285E-04	.2308539	.284748
441.15	0	.4836375	5.725672E-04	.2306919	.285098
440.15	0	.4837172	3.048716E-04	.2305302	.2854477
439.15	0	.483797	3.723248E-05	.2303688	.285797
439.0109	0	.4838081	0	.2303464	.2858455
439.0109	0	.4838081	0	.2303464	.2858455
438.15	0	.4837789	0	.2302805	.2859406
437.15	0	.4837453	0	.2302043	.2860504
436.15	0	.4837119	0	.2301286	.2861595
435.15	0	.4836787	0	.2300534	.2862679
