T	 BPW(LIQUID)	BPW(BCC_A2)	BPW(FCC_A1)	BPW(LAVES_PHASE_C14)	BPW(NI3TI)
1473.15	0	1	0	0	0
1472.15	0	1	0	0	0
1471.15	0	1	0	0	0
1470.15	0	1	0	0	0
1469.15	0	1	0	0	0
1468.15	0	1	0	0	0
1467.15	0	1	0	0	0
1466.15	0	1	0	0	0
1465.15	0	1	0	0	0
1464.15	0	1	0	0	0
1463.15	0	1	0	0	0
1462.15	0	1	0	0	0
1461.15	0	1	0	0	0
1460.15	0	1	0	0	0
1459.15	0	1	0	0	0
1458.15	0	1	0	0	0
1457.15	0	1	0	0	0
1456.15	0	1	0	0	0
1455.15	0	1	0	0	0
1454.15	0	1	0	0	0
1453.15	0	1	0	0	0
1452.15	0	1	0	0	0
1451.15	0	1	0	0	0
1450.15	0	1	0	0	0
1449.15	0	1	0	0	0
1448.15	0	1	0	0	0
1447.15	0	1	0	0	0
1446.15	0	1	0	0	0
1445.15	0	1	0	0	0
1444.15	0	1	0	0	0
1443.15	0	1	0	0	0
1442.15	0	1	0	0	0
1441.15	0	1	0	0	0
1440.15	0	1	0	0	0
1439.15	0	1	0	0	0
1438.15	0	1	0	0	0
1437.15	0	1	0	0	0
1436.15	0	1	0	0	0
1435.15	0	1	0	0	0
1434.15	0	1	0	0	0
1433.15	0	1	0	0	0
1432.15	0	1	0	0	0
1431.15	0	1	0	0	0
1430.15	0	1	0	0	0
1429.15	0	1	0	0	0
1428.15	0	1	0	0	0
1427.15	0	1	0	0	0
1426.15	0	1	0	0	0
1425.15	0	1	0	0	0
1424.15	0	1	0	0	0
1423.15	0	1	0	0	0
1422.15	0	1	0	0	0
1421.15	0	1	0	0	0
1420.15	0	1	0	0	0
1419.15	0	1	0	0	0
1418.15	0	1	0	0	0
1417.15	0	1	0	0	0
1416.15	0	1	0	0	0
1415.15	0	1	0	0	0
1414.15	0	1	0	0	0
1413.15	0	1	0	0	0
1412.15	0	1	0	0	0
1411.15	0	1	0	0	0
1410.15	0	1	0	0	0
1409.15	0	1	0	0	0
1408.15	0	1	0	0	0
1407.15	0	1	0	0	0
1406.15	0	1	0	0	0
1405.15	0	1	0	0	0
1404.15	0	1	0	0	0
1403.15	0	1	0	0	0
1402.15	0	1	0	0	0
1401.15	0	1	0	0	0
1400.15	0	1	0	0	0
1399.15	0	1	0	0	0
1398.15	0	1	0	0	0
1397.15	0	1	0	0	0
1396.15	0	1	0	0	0
1395.15	0	1	0	0	0
1394.15	0	1	0	0	0
1393.15	0	1	0	0	0
1392.15	0	1	0	0	0
1391.15	0	1	0	0	0
1390.15	0	1	0	0	0
1389.15	0	1	0	0	0
1388.15	0	1	0	0	0
1387.15	0	1	0	0	0
1386.15	0	1	0	0	0
1385.15	0	1	0	0	0
1384.15	0	1	0	0	0
1383.15	0	1	0	0	0
1382.15	0	1	0	0	0
1381.15	0	1	0	0	0
1380.15	0	1	0	0	0
1379.15	0	1	0	0	0
1378.15	0	1	0	0	0
1377.15	0	1	0	0	0
1376.15	0	1	0	0	0
1375.15	0	1	0	0	0
1374.15	0	1	0	0	0
1373.15	0	1	0	0	0
1372.15	0	1	0	0	0
1371.15	0	1	0	0	0
1370.15	0	1	0	0	0
1369.15	0	1	0	0	0
1368.15	0	1	0	0	0
1367.15	0	1	0	0	0
1366.15	0	1	0	0	0
1365.15	0	1	0	0	0
1364.15	0	1	0	0	0
1363.15	0	1	0	0	0
1362.15	0	1	0	0	0
1361.15	0	1	0	0	0
1360.15	0	1	0	0	0
1359.15	0	1	0	0	0
1358.15	0	1	0	0	0
1357.15	0	1	0	0	0
1356.15	0	1	0	0	0
1355.15	0	1	0	0	0
1354.15	0	1	0	0	0
1353.15	0	1	0	0	0
1352.15	0	1	0	0	0
1351.15	0	1	0	0	0
1350.15	0	1	0	0	0
1349.15	0	1	0	0	0
1348.15	0	1	0	0	0
1347.15	0	1	0	0	0
1346.15	0	1	0	0	0
1345.15	0	1	0	0	0
1344.15	0	1	0	0	0
1343.15	0	1	0	0	0
1342.15	0	1	0	0	0
1341.15	0	1	0	0	0
1340.15	0	1	0	0	0
1339.15	0	1	0	0	0
1338.15	0	1	0	0	0
1337.15	0	1	0	0	0
1336.15	0	1	0	0	0
1335.15	0	1	0	0	0
1334.15	0	1	0	0	0
1333.15	0	1	0	0	0
1332.15	0	1	0	0	0
1331.15	0	1	0	0	0
1330.15	0	1	0	0	0
1329.15	0	1	0	0	0
1328.15	0	1	0	0	0
1327.15	0	1	0	0	0
1326.15	0	1	0	0	0
1325.15	0	1	0	0	0
1324.15	0	1	0	0	0
1323.15	0	1	0	0	0
1322.15	0	1	0	0	0
1321.15	0	1	0	0	0
1320.15	0	1	0	0	0
1319.15	0	1	0	0	0
1318.15	0	1	0	0	0
1317.15	0	1	0	0	0
1316.15	0	1	0	0	0
1315.15	0	1	0	0	0
1314.15	0	1	0	0	0
1313.15	0	1	0	0	0
1312.15	0	1	0	0	0
1311.15	0	1	0	0	0
1310.15	0	1	0	0	0
1309.15	0	1	0	0	0
1308.15	0	1	0	0	0
1307.15	0	1	0	0	0
1306.15	0	1	0	0	0
1305.15	0	1	0	0	0
1304.15	0	1	0	0	0
1303.15	0	1	0	0	0
1302.15	0	1	0	0	0
1301.15	0	1	0	0	0
1300.15	0	1	0	0	0
1299.15	0	1	0	0	0
1298.15	0	1	0	0	0
1297.15	0	1	0	0	0
1296.15	0	1	0	0	0
1295.15	0	1	0	0	0
1294.15	0	1	0	0	0
1293.15	0	1	0	0	0
1292.15	0	1	0	0	0
1291.15	0	1	0	0	0
1290.15	0	1	0	0	0
1289.15	0	1	0	0	0
1288.15	0	1	0	0	0
1287.15	0	1	0	0	0
1286.15	0	1	0	0	0
1285.15	0	1	0	0	0
1284.15	0	1	0	0	0
1283.15	0	1	0	0	0
1282.15	0	1	0	0	0
1281.15	0	1	0	0	0
1280.15	0	1	0	0	0
1279.15	0	1	0	0	0
1278.15	0	1	0	0	0
1277.15	0	1	0	0	0
1276.15	0	1	0	0	0
1275.15	0	1	0	0	0
1274.15	0	1	0	0	0
1273.15	0	1	0	0	0
1272.15	0	1	0	0	0
1271.15	0	1	0	0	0
1270.15	0	1	0	0	0
1269.15	0	1	0	0	0
1268.15	0	1	0	0	0
1267.15	0	1	0	0	0
1266.15	0	1	0	0	0
1265.15	0	1	0	0	0
1264.15	0	1	0	0	0
1263.15	0	1	0	0	0
1262.15	0	1	0	0	0
1261.15	0	1	0	0	0
1260.15	0	1	0	0	0
1259.15	0	1	0	0	0
1258.15	0	1	0	0	0
1257.15	0	1	0	0	0
1256.15	0	1	0	0	0
1255.15	0	1	0	0	0
1254.15	0	1	0	0	0
1253.15	0	1	0	0	0
1252.15	0	1	0	0	0
1251.15	0	1	0	0	0
1250.15	0	1	0	0	0
1249.15	0	1	0	0	0
1248.15	0	1	0	0	0
1247.15	0	1	0	0	0
1246.15	0	1	0	0	0
1245.15	0	1	0	0	0
1244.15	0	1	0	0	0
1243.15	0	1	0	0	0
1242.15	0	1	0	0	0
1241.15	0	1	0	0	0
1240.15	0	1	0	0	0
1239.15	0	1	0	0	0
1238.15	0	1	0	0	0
1237.15	0	1	0	0	0
1236.15	0	1	0	0	0
1235.15	0	1	0	0	0
1234.15	0	1	0	0	0
1233.15	0	1	0	0	0
1232.15	0	1	0	0	0
1231.15	0	1	0	0	0
1230.15	0	1	0	0	0
1229.15	0	1	0	0	0
1228.15	0	1	0	0	0
1227.15	0	1	0	0	0
1226.15	0	1	0	0	0
1225.15	0	1	0	0	0
1224.15	0	1	0	0	0
1223.15	0	1	0	0	0
1222.15	0	1	0	0	0
1221.15	0	1	0	0	0
1220.15	0	1	0	0	0
1219.15	0	1	0	0	0
1218.15	0	1	0	0	0
1217.15	0	1	0	0	0
1216.15	0	1	0	0	0
1215.15	0	1	0	0	0
1214.15	0	1	0	0	0
1213.15	0	1	0	0	0
1212.15	0	1	0	0	0
1211.15	0	1	0	0	0
1210.15	0	1	0	0	0
1209.15	0	1	0	0	0
1208.15	0	1	0	0	0
1207.15	0	1	0	0	0
1206.15	0	1	0	0	0
1205.15	0	1	0	0	0
1204.15	0	1	0	0	0
1203.15	0	1	0	0	0
1202.15	0	1	0	0	0
1201.15	0	1	0	0	0
1200.15	0	1	0	0	0
1199.15	0	1	0	0	0
1198.15	0	1	0	0	0
1197.15	0	1	0	0	0
1196.15	0	1	0	0	0
1195.15	0	1	0	0	0
1194.15	0	1	0	0	0
1193.15	0	1	0	0	0
1192.15	0	1	0	0	0
1191.15	0	1	0	0	0
1190.15	0	1	0	0	0
1189.15	0	1	0	0	0
1188.15	0	1	0	0	0
1187.15	0	1	0	0	0
1186.15	0	1	0	0	0
1185.15	0	1	0	0	0
1184.15	0	1	0	0	0
1183.15	0	1	0	0	0
1182.15	0	1	0	0	0
1181.15	0	1	0	0	0
1180.15	0	1	0	0	0
1179.15	0	1	0	0	0
1178.15	0	1	0	0	0
1177.15	0	1	0	0	0
1176.15	0	1	0	0	0
1175.15	0	1	0	0	0
1174.15	0	1	0	0	0
1173.15	0	1	0	0	0
1172.15	0	1	0	0	0
1171.15	0	1	0	0	0
1170.15	0	1	0	0	0
1169.15	0	1	0	0	0
1168.15	0	1	0	0	0
1167.15	0	1	0	0	0
1166.15	0	1	0	0	0
1165.15	0	1	0	0	0
1164.15	0	1	0	0	0
1163.15	0	1	0	0	0
1162.15	0	1	0	0	0
1161.15	0	1	0	0	0
1160.15	0	1	0	0	0
1159.15	0	1	0	0	0
1158.15	0	1	0	0	0
1157.15	0	1	0	0	0
1156.15	0	1	0	0	0
1155.15	0	1	0	0	0
1154.15	0	1	0	0	0
1153.15	0	1	0	0	0
1152.15	0	1	0	0	0
1151.15	0	1	0	0	0
1150.15	0	1	0	0	0
1149.15	0	1	0	0	0
1148.15	0	1	0	0	0
1147.15	0	1	0	0	0
1146.15	0	1	0	0	0
1145.15	0	1	0	0	0
1144.15	0	1	0	0	0
1143.15	0	1	0	0	0
1142.15	0	1	0	0	0
1141.15	0	1	0	0	0
1140.15	0	1	0	0	0
1139.15	0	1	0	0	0
1138.15	0	1	0	0	0
1137.15	0	1	0	0	0
1136.15	0	1	0	0	0
1135.15	0	1	0	0	0
1134.15	0	1	0	0	0
1133.15	0	1	0	0	0
1132.15	0	1	0	0	0
1131.15	0	1	0	0	0
1130.15	0	1	0	0	0
1130.107	0	1	0	0	0
1130.107	0	1	0	0	0
1130.107	0	1	0	0	0
1129.15	0	.998911	.001089006	0	0
1128.15	0	.9977754	.002224599	0	0
1127.15	0	.9966424	.003357598	0	0
1126.15	0	.995512	.004487997	0	0
1125.15	0	.9943842	.005615792	0	0
1124.15	0	.993259	.006740976	0	0
1123.15	0	.9921365	.007863544	0	0
1122.15	0	.9910165	.008983491	0	0
1121.15	0	.9898992	.01010081	0	0
1120.15	0	.9887845	.0112155	0	0
1119.15	0	.9876725	.01232755	0	0
1118.15	0	.986563	.01343695	0	0
1117.15	0	.9854563	.01454371	0	0
1116.15	0	.9843522	.01564781	0	0
1115.15	0	.9832508	.01674925	0	0
1114.15	0	.982152	.01784802	0	0
1113.15	0	.9810559	.01894412	0	0
1112.15	0	.9799625	.02003754	0	0
1111.15	0	.9788717	.02112828	0	0
1110.15	0	.9777837	.02221632	0	0
1109.15	0	.9766983	.02330167	0	0
1108.15	0	.9756157	.02438431	0	0
1107.15	0	.9745358	.02546425	0	0
1106.15	0	.9734585	.02654147	0	0
1105.15	0	.972384	.02761596	0	0
1104.15	0	.9713123	.02868773	0	0
1103.15	0	.9702432	.02975676	0	0
1102.15	0	.9691769	.03082306	0	0
1101.15	0	.9681134	.0318866	0	0
1100.15	0	.9670526	.03294739	0	0
1099.15	0	.9659946	.03400542	0	0
1098.15	0	.9649393	.03506069	0	0
1097.15	0	.9638868	.03611318	0	0
1096.15	0	.9628371	.03716288	0	0
1095.15	0	.9617902	.0382098	0	0
1094.15	0	.9607461	.03925393	0	0
1093.15	0	.9597047	.04029526	0	0
1092.15	0	.9586662	.04133378	0	0
1091.15	0	.9576305	.04236948	0	0
1090.15	0	.9565976	.04340236	0	0
1089.15	0	.9555676	.04443242	0	0
1088.15	0	.9545404	.04545963	0	0
1087.15	0	.953516	.04648401	0	0
1086.15	0	.9524945	.04750553	0	0
1085.15	0	.9514758	.0485242	0	0
1084.15	0	.95046	.04954001	0	0
1083.15	0	.9494471	.05055294	0	0
1082.15	0	.948437	.05156299	0	0
1081.15	0	.9474298	.05257016	0	0
1080.15	0	.9464256	.05357444	0	0
1079.15	0	.9454242	.05457581	0	0
1078.15	0	.9444257	.05557428	0	0
1077.15	0	.9434302	.05656983	0	0
1076.15	0	.9424375	.05756246	0	0
1075.15	0	.9414478	.05855215	0	0
1074.15	0	.9404611	.05953891	0	0
1073.15	0	.9394773	.06052272	0	0
1072.15	0	.9384964	.06150358	0	0
1071.15	0	.9375185	.06248148	0	0
1070.15	0	.9365436	.06345641	0	0
1069.15	0	.9355716	.06442836	0	0
1068.15	0	.9346027	.06539733	0	0
1067.15	0	.9336367	.06636331	0	0
1066.15	0	.9326737	.06732628	0	0
1065.15	0	.9317138	.06828625	0	0
1064.15	0	.9307568	.06924321	0	0
1063.15	0	.9298029	.07019714	0	0
1062.15	0	.928852	.07114803	0	0
1061.15	0	.9279041	.07209589	0	0
1060.15	0	.9269593	.0730407	0	0
1059.15	0	.9260176	.07398246	0	0
1058.15	0	.9250789	.07492115	0	0
1057.15	0	.9241432	.07585677	0	0
1056.15	0	.9232107	.0767893	0	0
1055.15	0	.9222812	.07771876	0	0
1054.15	0	.9213549	.07864511	0	0
1053.15	0	.9204316	.07956836	0	0
1052.15	0	.9195115	.0804885	0	0
1051.15	0	.9185945	.08140552	0	0
1050.15	0	.9176806	.08231941	0	0
1049.15	0	.9167698	.08323016	0	0
1048.15	0	.9158622	.08413777	0	0
1047.15	0	.9149578	.08504223	0	0
1046.15	0	.9140565	.08594352	0	0
1045.15	0	.9131584	.08684164	0	0
1044.15	0	.9122634	.08773659	0	0
1043.15	0	.9113717	.08862835	0	0
1042.15	0	.9104831	.08951691	0	0
1041.15	0	.9095977	.09040227	0	0
1040.15	0	.9087156	.09128443	0	0
1039.15	0	.9078366	.09216336	0	0
1038.15	0	.9069609	.09303906	0	0
1037.15	0	.9060885	.09391153	0	0
1036.15	0	.9052192	.09478076	0	0
1035.15	0	.9043533	.09564673	0	0
1034.15	0	.9034906	.09650945	0	0
1033.15	0	.9026311	.09736889	0	0
1032.15	0	.9017749	.09822506	0	0
1031.15	0	.9009221	.09907795	0	0
1030.15	0	.9000725	.09992754	0	0
1029.15	0	.8992262	.1007738	0	0
1028.15	0	.8983832	.1016168	0	0
1027.15	0	.8975435	.1024565	0	0
1026.15	0	.8967072	.1032928	0	0
1025.15	0	.8958742	.1041258	0	0
1024.15	0	.8950445	.1049555	0	0
1023.15	0	.8942182	.1057818	0	0
1022.15	0	.8933952	.1066048	0	0
1021.15	0	.8925756	.1074244	0	0
1020.15	0	.8917594	.1082406	0	0
1019.15	0	.8909465	.1090535	0	0
1018.15	0	.890137	.109863	0	0
1017.15	0	.889331	.1106691	0	0
1016.15	0	.8885283	.1114717	0	0
1015.15	0	.887729	.112271	0	0
1014.15	0	.8869332	.1130668	0	0
1013.15	0	.8861407	.1138593	0	0
1012.15	0	.8853517	.1146483	0	0
1011.15	0	.8845662	.1154338	0	0
1010.15	0	.883784	.116216	0	0
1009.15	0	.8830054	.1169946	0	0
1008.15	0	.8822302	.1177698	0	0
1007.15	0	.8814584	.1185416	0	0
1006.15	0	.8806901	.1193099	0	0
1005.15	0	.8799253	.1200747	0	0
1004.15	0	.879164	.120836	0	0
1003.15	0	.8784062	.1215938	0	0
1002.15	0	.8776518	.1223482	0	0
1001.15	0	.876901	.123099	0	0
1000.15	0	.8761536	.1238464	0	0
999.15	0	.8754098	.1245902	0	0
998.15	0	.8746695	.1253305	0	0
997.15	0	.8739327	.1260673	0	0
996.15	0	.8731994	.1268006	0	0
995.15	0	.8724697	.1275303	0	0
994.15	0	.8717435	.1282565	0	0
993.15	0	.8710208	.1289792	0	0
992.15	0	.8703017	.1296983	0	0
991.7585	0	.8700212	.1299789	0	0
991.7585	0	.8700212	.1299789	0	0
991.7585	0	.8700212	.1299789	0	0
991.15	0	.8695025	.1303116	1.859199E-04	0
990.15	0	.8686533	.130856	4.906291E-04	0
989.15	0	.8678082	.1313975	7.942986E-04	0
988.15	0	.8669671	.131936	.001096926	0
987.15	0	.8661299	.1324716	.00139851	0
986.15	0	.8652967	.1330042	.001699048	0
985.15	0	.8644675	.1335339	.001998538	0
984.15	0	.8636424	.1340607	.002296978	0
983.15	0	.8628211	.1345845	.002594365	0
982.15	0	.8620039	.1351054	.002890697	0
981.15	0	.8611907	.1356233	.003185971	0
980.15	0	.8603814	.1361384	.003480185	0
979.15	0	.8595762	.1366505	.003773337	0
978.15	0	.8587749	.1371597	.004065423	0
977.15	0	.8579775	.137666	.00435644	0
976.15	0	.8571842	.1381695	.004646387	0
975.15	0	.8563948	.13867	.00493526	0
974.15	0	.8556093	.1391676	.005223055	0
973.15	0	.8548279	.1396624	.005509771	0
972.15	0	.8540503	.1401543	.005795403	0
971.15	0	.8532768	.1406433	.006079949	0
970.15	0	.8525071	.1411295	.006363404	0
969.15	0	.8517415	.1416128	.006645767	0
968.15	0	.8509797	.1420933	.006927032	0
967.15	0	.8502219	.1425709	.007207197	0
966.15	0	.849468	.1430457	.007486258	0
965.15	0	.848718	.1435177	.007764211	0
964.15	0	.847972	.143987	.008041052	0
963.15	0	.8472298	.1444534	.008316776	0
962.15	0	.8464916	.144917	.008591382	0
961.15	0	.8457572	.1453779	.008864862	0
960.15	0	.8450268	.145836	.009137215	0
959.15	0	.8443002	.1462914	.009408434	0
958.15	0	.8435775	.146744	.009678516	0
957.15	0	.8428586	.1471939	.009947456	0
956.15	0	.8421436	.1476411	.01021525	0
955.15	0	.8414325	.1480856	.01048189	0
954.15	0	.8407252	.1485275	.01074738	0
953.15	0	.8400217	.1489666	.0110117	0
952.15	0	.839322	.1494031	.01127486	0
951.15	0	.8386261	.149837	.01153684	0
950.15	0	.8379341	.1502683	.01179765	0
949.15	0	.8372458	.1506969	.01205728	0
948.15	0	.8365613	.151123	.01231571	0
947.15	0	.8358805	.1515465	.01257296	0
946.15	0	.8352035	.1519675	.012829	0
945.15	0	.8345302	.152386	.01308383	0
944.15	0	.8338606	.1528019	.01333745	0
943.15	0	.8331948	.1532154	.01358986	0
942.15	0	.8325326	.1536264	.01384104	0
941.15	0	.8318741	.1540349	.01409098	0
940.15	0	.8312192	.1544411	.01433969	0
939.15	0	.830568	.1548448	.01458716	0
938.15	0	.8299204	.1552462	.01483337	0
937.15	0	.8292764	.1556452	.01507831	0
936.15	0	.828636	.156042	.015322	0
935.15	0	.8279992	.1564364	.0155644	0
934.15	0	.8273659	.1568286	.01580553	0
933.15	0	.8267361	.1572185	.01604536	0
932.15	0	.8261099	.1576062	.0162839	0
931.15	0	.8254871	.1579918	.01652113	0
930.15	0	.8248677	.1583752	.01675705	0
929.15	0	.8242518	.1587565	.01699164	0
928.15	0	.8236393	.1591358	.0172249	0
927.15	0	.8230302	.159513	.01745681	0
926.15	0	.8224244	.1598882	.01768738	0
925.15	0	.821822	.1602614	.01791659	0
924.15	0	.8212229	.1606327	.01814442	0
923.15	0	.820627	.1610021	.01837088	0
922.15	0	.8200344	.1613697	.01859595	0
921.15	0	.8194449	.1617354	.01881962	0
920.15	0	.8188587	.1620994	.01904188	0
919.15	0	.8182756	.1624617	.01926272	0
918.15	0	.8176956	.1628223	.01948213	0
917.15	0	.8171187	.1631813	.01970009	0
916.15	0	.8165448	.1635386	.0199166	0
915.15	0	.8159739	.1638945	.02013164	0
914.15	0	.8154059	.1642489	.02034521	0
913.15	0	.8148409	.1646018	.02055728	0
912.15	0	.8142788	.1649534	.02076786	0
911.15	0	.8137195	.1653036	.02097692	0
910.15	0	.8131629	.1656526	.02118444	0
909.15	0	.8126092	.1660004	.02139043	0
908.15	0	.8120581	.1663471	.02159486	0
907.15	0	.8115096	.1666927	.02179773	0
906.15	0	.8109638	.1670372	.021999	0
905.15	0	.8104205	.1673809	.02219868	0
904.15	0	.8098796	.1677236	.02239675	0
903.15	0	.8093413	.1680656	.02259318	0
902.15	0	.8088053	.1684068	.02278797	0
901.15	0	.8082716	.1687473	.0229811	0
900.15	0	.8077401	.1690873	.02317256	0
899.15	0	.8072109	.1694268	.02336231	0
898.15	0	.8066838	.1697658	.02355036	0
897.15	0	.8061588	.1701046	.02373667	0
896.15	0	.8056357	.1704431	.02392123	0
895.15	0	.8051146	.1707814	.02410403	0
894.15	0	.8045953	.1711196	.02428504	0
893.15	0	.8040778	.1714579	.02446424	0
892.15	0	.803562	.1717964	.02464162	0
891.15	0	.8030479	.172135	.02481714	0
890.15	0	.8025352	.172474	.0249908	0
889.15	0	.802024	.1728134	.02516256	0
888.15	0	.8015142	.1731534	.02533241	0
887.15	0	.8010056	.1734941	.02550033	0
886.15	0	.8004982	.1738355	.02566627	0
885.15	0	.7999919	.1741779	.02583024	0
884.15	0	.7994865	.1745213	.02599218	0
883.15	0	.7989821	.1748658	.02615209	0
882.15	0	.7984784	.1752117	.02630994	0
881.15	0	.7979753	.175559	.02646568	0
880.15	0	.7974728	.1759079	.02661931	0
879.15	0	.7969707	.1762585	.02677078	0
878.15	0	.7964689	.1766111	.02692007	0
877.15	0	.7959672	.1769656	.02706714	0
876.15	0	.7954656	.1773224	.02721196	0
875.15	0	.7949639	.1776816	.0273545	0
874.15	0	.794462	.1780433	.02749472	0
873.15	0	.7939597	.1784078	.02763259	0
872.15	0	.7934568	.1787752	.02776806	0
871.15	0	.7929532	.1791457	.0279011	0
870.15	0	.7924488	.1795195	.02803166	0
869.15	0	.7919433	.179897	.02815972	0
868.15	0	.7914366	.1802782	.02828521	0
867.15	0	.7909286	.1806633	.02840809	0
866.15	0	.7904189	.1810528	.02852833	0
865.15	0	.7899075	.1814467	.02864586	0
864.15	0	.789394	.1818454	.02876064	0
863.15	0	.7888783	.1822491	.02887261	0
862.15	0	.7883602	.1826581	.02898171	0
861.15	0	.7878395	.1830727	.02908789	0
860.15	0	.7873157	.1834932	.02919109	0
859.15	0	.7867889	.1839199	.02929123	0
858.15	0	.7862585	.1843532	.02938826	0
857.15	0	.7857244	.1847935	.02948209	0
856.15	0	.7851863	.185241	.02957267	0
855.15	0	.7846439	.1856963	.0296599	0
854.15	0	.7840967	.1861596	.02974371	0
853.15	0	.7835445	.1866315	.029824	0
852.15	0	.782987	.1871124	.02990069	0
851.15	0	.7824236	.1876027	.02997367	0
850.15	0	.7818541	.1881031	.03004285	0
849.15	0	.7812779	.188614	.03010812	0
848.15	0	.7806946	.189136	.03016935	0
847.15	0	.7801038	.1896698	.03022643	0
846.15	0	.7795049	.1902159	.03027922	0
845.15	0	.7788974	.190775	.03032759	0
844.15	0	.7782806	.191348	.03037138	0
843.15	0	.777654	.1919356	.03041043	0
842.15	0	.7770168	.1925386	.03044456	0
841.15	0	.7763684	.193158	.03047361	0
840.15	0	.7757079	.1937948	.03049735	0
839.15	0	.7750345	.1944499	.03051558	0
838.15	0	.7738705	.1956765	.03045302	0
837.15	0	.7726593	.1969641	.03037665	0
836.15	0	.7715062	.1981906	.0303032	0
835.15	0	.7704078	.1993597	.03023247	0
834.15	0	.7693606	.2004752	.03016428	0
833.15	0	.7683614	.2015401	.03009845	0
832.15	0	.7674075	.2025577	.03003482	0
831.15	0	.7664961	.2035307	.02997325	0
830.15	0	.7656248	.2044616	.0299136	0
829.15	0	.7647914	.2053529	.02985574	0
828.15	0	.7639937	.2062068	.02979955	0
827.15	0	.7632297	.2070254	.02974493	0
826.15	0	.7624976	.2078106	.02969178	0
825.15	0	.7617957	.2085643	.02963999	0
824.15	0	.7611224	.2092881	.02958948	0
823.15	0	.7604762	.2099836	.02954018	0
822.15	0	.7598556	.2106524	.02949199	0
821.15	0	.7592595	.2112956	.02944487	0
820.15	0	.7586865	.2119148	.02939872	0
819.15	0	.7581355	.2125111	.0293535	0
818.15	0	.7576053	.2130856	.02930915	0
817.15	0	.757095	.2136394	.0292656	0
816.15	0	.7566037	.2141735	.02922282	0
815.15	0	.7561303	.214689	.02918075	0
814.15	0	.755674	.2151867	.02913934	0
813.15	0	.755234	.2156674	.02909857	0
812.15	0	.7548096	.216132	.02905838	0
811.15	0	.7544001	.2165812	.02901874	0
810.15	0	.7540046	.2170158	.02897961	0
809.15	0	.7536227	.2174364	.02894097	0
808.15	0	.7532536	.2178437	.02890278	0
807.15	0	.7528968	.2182382	.02886501	0
806.15	0	.7525517	.2186207	.02882764	0
805.15	0	.7522178	.2189916	.02879064	0
804.15	0	.7518946	.2193514	.02875398	0
803.15	0	.7515817	.2197006	.02871765	0
802.15	0	.7512786	.2200398	.02868161	0
801.15	0	.7509848	.2203693	.02864586	0
800.15	0	.7507	.2206897	.02861037	0
799.15	0	.7504237	.2210012	.02857512	0
798.15	0	.7501556	.2213043	.0285401	0
797.15	0	.7498954	.2215993	.02850529	0
796.15	0	.7496427	.2218866	.02847068	0
795.15	0	.7493972	.2221666	.02843624	0
794.15	0	.7491586	.2224395	.02840197	0
793.15	0	.7489265	.2227056	.02836786	0
792.15	0	.7487008	.2229653	.02833388	0
791.15	0	.7484812	.2232188	.02830004	0
790.15	0	.7482674	.2234663	.02826631	0
789.15	0	.7480592	.2237081	.02823269	0
788.15	0	.7478563	.2239446	.02819917	0
787.15	0	.7476585	.2241758	.02816574	0
786.15	0	.7474657	.2244019	.02813238	0
785.15	0	.7472776	.2246233	.0280991	0
784.15	0	.747094	.2248401	.02806588	0
783.15	0	.7469148	.2250525	.02803272	0
782.15	0	.7467397	.2252607	.0279996	0
781.15	0	.7465687	.2254648	.02796652	0
780.15	0	.7464015	.2256651	.02793348	0
779.15	0	.746238	.2258616	.02790047	0
778.15	0	.746078	.2260545	.02786748	0
777.15	0	.7459215	.226244	.0278345	0
776.15	0	.7457683	.2264302	.02780154	0
775.15	0	.7456182	.2266132	.02776859	0
774.15	0	.7454711	.2267932	.02773563	0
773.15	0	.745327	.2269703	.02770267	0
772.15	0	.7451857	.2271446	.02766971	0
771.15	0	.7450471	.2273162	.02763673	0
770.15	0	.744911	.2274852	.02760374	0
769.15	0	.7447775	.2276518	.02757073	0
768.15	0	.7446464	.227816	.02753769	0
767.15	0	.7445175	.2279778	.02750463	0
766.15	0	.7443909	.2281375	.02747154	0
765.15	0	.7442665	.2282951	.02743842	0
764.15	0	.7441441	.2284507	.02740526	0
763.15	0	.7440237	.2286042	.02737207	0
762.15	0	.7439052	.228756	.02733883	0
761.15	0	.7437885	.2289059	.02730556	0
760.15	0	.7436737	.2290541	.02727224	0
759.15	0	.7435605	.2292007	.02723887	0
758.15	0	.743449	.2293456	.02720545	0
757.15	0	.743339	.229489	.02717198	0
756.15	0	.7432306	.2296309	.02713846	0
755.15	0	.7431237	.2297714	.02710488	0
754.15	0	.7430182	.2299106	.02707124	0
753.15	0	.742914	.2300484	.02703755	0
752.15	0	.7428112	.230185	.0270038	0
751.15	0	.7427097	.2303203	.02696999	0
750.15	0	.7426117	.2304528	.02693553	0
749.15	0	.7425124	.230586	.02690164	0
748.15	0	.7424142	.2307181	.02686768	0
747.15	0	.7423172	.2308492	.02683366	0
746.15	0	.7422212	.2309792	.02679956	0
745.15	0	.7421263	.2311083	.0267654	0
744.15	0	.7420324	.2312364	.02673117	0
743.15	0	.7419395	.2313637	.02669687	0
742.15	0	.7418475	.2314901	.0266625	0
741.15	0	.7417564	.2316156	.02662805	0
740.15	0	.7416661	.2317403	.02659353	0
739.15	0	.7415768	.2318643	.02655894	0
738.15	0	.7414882	.2319875	.02652428	0
737.15	0	.7414004	.2321101	.02648954	0
736.15	0	.7413134	.2322319	.02645473	0
735.15	0	.7412271	.232353	.02641985	0
734.15	0	.7411415	.2324736	.02638489	0
733.15	0	.7410566	.2325935	.02634986	0
732.15	0	.7409724	.2327128	.02631476	0
731.15	0	.7408889	.2328316	.02627958	0
730.15	0	.7408059	.2329498	.02624433	0
729.15	0	.7407236	.2330674	.026209	0
728.15	0	.7406418	.2331846	.02617359	0
727.15	0	.7405606	.2333013	.02613812	0
726.15	0	.74048	.2334175	.02610257	0
725.15	0	.7403998	.2335332	.02606694	0
724.15	0	.7403202	.2336486	.02603124	0
723.15	0	.7402411	.2337634	.02599547	0
722.15	0	.7401625	.2338779	.02595963	0
721.15	0	.7400843	.233992	.02592371	0
720.15	0	.7400066	.2341057	.02588772	0
719.15	0	.7399293	.2342191	.02585165	0
718.15	0	.7398524	.2343321	.02581551	0
717.15	0	.739776	.2344447	.0257793	0
716.15	0	.7396999	.234557	.02574302	0
715.15	0	.7396243	.234669	.02570667	0
714.15	0	.739549	.2347808	.02567025	0
713.15	0	.7394741	.2348922	.02563375	0
712.15	0	.7393995	.2350033	.02559719	0
711.15	0	.7393253	.2351141	.02556055	0
710.15	0	.7392514	.2352247	.02552385	0
709.15	0	.7391779	.235335	.02548708	0
708.15	0	.7391046	.2354451	.02545024	0
707.15	0	.7390317	.235555	.02541333	0
706.15	0	.7389591	.2356646	.02537635	0
705.15	0	.7388867	.235774	.02533931	0
704.15	0	.7388147	.2358831	.0253022	0
703.15	0	.7387429	.2359921	.02526502	0
702.15	0	.7386714	.2361008	.02522778	0
701.15	0	.7386001	.2362094	.02519048	0
700.15	0	.7385291	.2363178	.02515311	0
699.15	0	.7384584	.2364259	.02511567	0
698.15	0	.7383879	.2365339	.02507818	0
697.15	0	.7383176	.2366418	.02504062	0
696.15	0	.7382476	.2367494	.025003	0
695.15	0	.7381778	.2368569	.02496532	0
694.15	0	.7381082	.2369642	.02492758	0
693.15	0	.7380388	.2370714	.02488977	0
692.15	0	.7379696	.2371785	.02485192	0
691.15	0	.7379007	.2372853	.024814	0
690.15	0	.7378319	.2373921	.02477602	0
689.15	0	.7377633	.2374987	.02473799	0
688.15	0	.737695	.2376051	.0246999	0
687.15	0	.7376268	.2377115	.02466175	0
686.15	0	.7375588	.2378177	.02462356	0
685.15	0	.737491	.2379237	.0245853	0
684.15	0	.7374233	.2380297	.02454699	0
683.15	0	.7373558	.2381355	.02450863	0
682.15	0	.7372885	.2382412	.02447022	0
681.15	0	.7372214	.2383468	.02443176	0
680.15	0	.7371544	.2384523	.02439325	0
679.15	0	.7370876	.2385577	.02435468	0
678.15	0	.737021	.238663	.02431607	0
677.15	0	.7369545	.2387681	.02427741	0
676.15	0	.7368881	.2388732	.0242387	0
675.15	0	.736822	.2389781	.02419995	0
674.15	0	.7367559	.2390829	.02416115	0
673.15	0	.73669	.2391877	.02412231	0
672.15	0	.7366243	.2392923	.02408342	0
671.15	0	.7365587	.2393969	.02404448	0
670.15	0	.7364932	.2395013	.02400551	0
669.15	0	.7364279	.2396057	.02396649	0
668.15	0	.7363627	.2397099	.02392744	0
667.15	0	.7362976	.2398141	.02388834	0
666.15	0	.7362327	.2399181	.0238492	0
665.15	0	.7361679	.2400221	.02381002	0
664.15	0	.7361032	.240126	.02377081	0
663.15	0	.7360387	.2402298	.02373156	0
662.15	0	.7359743	.2403335	.02369227	0
661.15	0	.73591	.2404371	.02365295	0
660.15	0	.7358458	.2405406	.02361359	0
659.15	0	.7357818	.240644	.0235742	0
658.15	0	.7357179	.2407474	.02353478	0
657.15	0	.7356541	.2408506	.02349533	0
656.15	0	.7355904	.2409538	.02345584	0
655.15	0	.7355268	.2410568	.02341633	0
654.15	0	.7354634	.2411598	.02337678	0
653.15	0	.7354001	.2412627	.02333721	0
652.15	0	.7353369	.2413655	.0232976	0
651.15	0	.7352738	.2414682	.02325798	0
650.15	0	.7352108	.2415709	.02321832	0
649.15	0	.7351479	.2416734	.02317864	0
648.15	0	.7350852	.2417759	.02313894	0
647.15	0	.7350226	.2418782	.02309921	0
646.15	0	.7349601	.2419805	.02305946	0
645.15	0	.7348976	.2420827	.02301969	0
644.15	0	.7348353	.2421848	.0229799	0
643.15	0	.7347732	.2422868	.02294009	0
642.15	0	.7347111	.2423887	.02290026	0
641.15	0	.7346491	.2424905	.02286041	0
640.15	0	.7345873	.2425922	.02282054	0
639.15	0	.7345255	.2426938	.02278066	0
638.15	0	.7344639	.2427953	.02274076	0
637.15	0	.7344024	.2428968	.02270085	0
636.15	0	.734341	.2429981	.02266092	0
635.15	0	.7342797	.2430994	.02262098	0
634.15	0	.7342185	.2432005	.02258103	0
633.15	0	.7341574	.2433016	.02254107	0
632.15	0	.7340964	.2434025	.0225011	0
631.15	0	.7340355	.2435034	.02246111	0
630.15	0	.7339748	.2436041	.02242112	0
629.15	0	.7339141	.2437048	.02238112	0
628.15	0	.7338536	.2438053	.02234112	0
627.15	0	.7337931	.2439058	.02230111	0
626.15	0	.7337328	.2440061	.02226109	0
625.15	0	.7336726	.2441064	.02222107	0
624.15	0	.7336125	.2442065	.02218105	0
623.15	0	.7335525	.2443065	.02214102	0
622.15	0	.7334926	.2444064	.02210099	0
621.15	0	.7334328	.2445063	.02206097	0
620.15	0	.7333731	.244606	.02202094	0
619.15	0	.7333135	.2447056	.02198091	0
618.15	0	.7332541	.244805	.02194089	0
617.15	0	.7331947	.2449044	.02190087	0
616.15	0	.7331355	.2450037	.02186085	0
615.15	0	.7330763	.2451028	.02182084	0
614.15	0	.7330173	.2452018	.02178083	0
613.15	0	.7329584	.2453008	.02174083	0
612.15	0	.7328996	.2453996	.02170083	0
611.15	0	.7328409	.2454982	.02166085	0
610.15	0	.7327823	.2455968	.02162087	0
609.15	0	.7327239	.2456952	.02158091	0
608.15	0	.7326655	.2457935	.02154095	0
607.15	0	.7326073	.2458917	.02150101	0
606.15	0	.7325491	.2459898	.02146108	0
605.15	0	.7324911	.2460877	.02142116	0
604.15	0	.7324332	.2461855	.02138126	0
603.15	0	.7323754	.2462832	.02134137	0
602.15	0	.7323177	.2463808	.0213015	0
601.15	0	.7322602	.2464782	.02126164	0
600.15	0	.7322027	.2465755	.02122181	0
599.15	0	.7321454	.2466727	.02118199	0
598.15	0	.7320881	.2467697	.02114219	0
597.15	0	.732031	.2468666	.02110241	0
596.15	0	.731974	.2469633	.02106266	0
595.15	0	.7319171	.2470599	.02102293	0
594.15	0	.7318604	.2471564	.02098322	0
593.15	0	.7318037	.2472527	.02094353	0
592.15	0	.7317472	.2473489	.02090387	0
591.15	0	.7316908	.247445	.02086424	0
590.15	0	.7316345	.2475409	.02082463	0
589.15	0	.7315783	.2476366	.02078505	0
588.15	0	.7315223	.2477323	.02074549	0
587.15	0	.7314663	.2478277	.02070597	0
586.15	0	.7314105	.247923	.02066648	0
585.15	0	.7313548	.2480182	.02062702	0
584.15	0	.7312992	.2481132	.02058759	0
583.15	0	.7312437	.2482081	.02054819	0
582.15	0	.7311884	.2483028	.02050883	0
581.15	0	.7311332	.2483973	.0204695	0
580.15	0	.7310781	.2484917	.02043021	0
579.15	0	.7310231	.2485859	.02039095	0
578.15	0	.7309683	.24868	.02035173	0
577.15	0	.7309136	.2487739	.02031255	0
576.15	0	.730859	.2488676	.02027341	0
575.15	0	.7308045	.2489612	.02023431	0
574.15	0	.7307501	.2490546	.02019525	0
573.15	0	.7306959	.2491479	.02015623	0
572.15	0	.7306418	.249241	.02011725	0
571.15	0	.7305878	.2493339	.02007831	0
570.15	0	.730534	.2494266	.02003942	0
569.15	0	.7304803	.2495192	.02000058	0
568.15	0	.7304267	.2496116	.01996178	0
567.15	0	.7303732	.2497038	.01992303	0
566.15	0	.7303199	.2497958	.01988432	0
565.15	0	.7302667	.2498877	.01984566	0
564.15	0	.7302136	.2499794	.01980705	0
563.15	0	.7301607	.2500709	.0197685	0
562.15	0	.7301078	.2501622	.01972999	0
561.15	0	.7300552	.2502533	.01969153	0
560.15	0	.7300026	.2503443	.01965313	0
559.15	0	.7299502	.250435	.01961478	0
558.15	0	.7298979	.2505256	.01957649	0
557.15	0	.7298457	.250616	.01953825	0
556.15	0	.7297937	.2507062	.01950006	0
555.15	0	.7297418	.2507962	.01946193	0
554.15	0	.7296901	.2508861	.01942386	0
553.15	0	.7296385	.2509757	.01938585	0
552.15	0	.729587	.2510651	.0193479	0
551.15	0	.7295357	.2511543	.01931001	0
550.15	0	.7294845	.2512434	.01927218	0
549.15	0	.7294334	.2513322	.01923441	0
548.15	0	.7293824	.2514209	.0191967	0
547.15	0	.7293316	.2515093	.01915906	0
546.15	0	.729281	.2515975	.01912148	0
545.15	0	.7292305	.2516856	.01908396	0
544.15	0	.7291801	.2517734	.01904652	0
543.15	0	.7291299	.251861	.01900914	0
542.15	0	.7290798	.2519484	.01897182	0
541.15	0	.7290298	.2520356	.01893458	0
540.15	0	.72898	.2521226	.0188974	0
539.15	0	.7289303	.2522094	.01886029	0
538.15	0	.7288808	.2522959	.01882326	0
537.15	0	.7288314	.2523823	.01878629	0
536.15	0	.7287822	.2524684	.0187494	0
535.15	0	.7287331	.2525543	.01871258	0
534.15	0	.7286841	.25264	.01867584	0
533.15	0	.7286353	.2527255	.01863917	0
532.15	0	.7285867	.2528108	.01860257	0
531.15	0	.7285381	.2528958	.01856605	0
530.15	0	.7284898	.2529806	.01852961	0
529.15	0	.7284416	.2530652	.01849325	0
528.15	0	.7283935	.2531496	.01845696	0
527.15	0	.7283456	.2532337	.01842076	0
526.15	0	.7282978	.2533176	.01838463	0
525.15	0	.7282502	.2534013	.01834859	0
524.15	0	.7282027	.2534847	.01831263	0
523.15	0	.7281553	.2535679	.01827675	0
522.15	0	.7281082	.2536509	.01824095	0
521.15	0	.7280611	.2537336	.01820524	0
520.15	0	.7280143	.2538161	.01816962	0
519.15	0	.7279675	.2538984	.01813407	0
518.15	0	.727921	.2539804	.01809862	0
517.15	0	.7278745	.2540622	.01806325	0
516.15	0	.7278282	.2541438	.01802797	0
515.15	0	.7277821	.2542251	.01799278	0
514.15	0	.7277362	.2543061	.01795768	0
513.15	0	.7276904	.254387	.01792267	0
512.15	0	.7276447	.2544675	.01788775	0
511.15	0	.7275992	.2545479	.01785292	0
510.15	0	.7275539	.2546279	.01781819	0
509.15	0	.7275087	.2547078	.01778354	0
508.15	0	.7274637	.2547874	.017749	0
507.15	0	.7274188	.2548667	.01771454	0
506.15	0	.7273741	.2549458	.01768019	0
505.15	0	.7273295	.2550246	.01764592	0
504.15	0	.7272851	.2551031	.01761176	0
503.15	0	.7272409	.2551814	.01757769	0
502.15	0	.7271969	.2552595	.01754359	0
501.15	0	.727153	.2553373	.01750972	0
500.15	0	.7271092	.2554148	.01747594	0
499.15	0	.7270656	.2554921	.01744227	0
498.15	0	.7270222	.2555691	.0174087	0
497.15	0	.7269789	.2556459	.01737523	0
496.15	0	.7269358	.2557223	.01734186	0
495.15	0	.7268929	.2557986	.0173086	0
494.15	0	.7268501	.2558745	.01727544	0
493.15	0	.7268074	.2559502	.01724239	0
492.15	0	.726765	.2560256	.01720944	0
491.15	0	.7267227	.2561008	.01717659	0
490.15	0	.7266805	.2561756	.01714386	0
489.15	0	.7266385	.2562502	.01711123	0
488.15	0	.7265967	.2563246	.01707871	0
487.15	0	.7265551	.2563986	.0170463	0
486.15	0	.7265136	.2564724	.01701399	0
485.15	0	.7264723	.2565459	.0169818	0
484.15	0	.7264311	.2566192	.01694972	0
483.15	0	.7263901	.2566921	.01691775	0
482.15	0	.7263493	.2567648	.01688589	0
481.15	0	.7263087	.2568372	.01685415	0
480.15	0	.7262682	.2569093	.01682252	0
479.15	0	.7262279	.2569811	.016791	0
478.15	0	.7261877	.2570527	.0167596	0
477.15	0	.7261477	.2571239	.01672831	0
476.15	0	.7261079	.2571949	.01669714	0
475.15	0	.7260683	.2572656	.01666608	0
474.15	0	.7260288	.257336	.01663515	0
473.15	0	.7259895	.2574062	.01660433	0
472.15	0	.7259504	.257476	.01657363	0
471.15	0	.7259114	.2575456	.01654304	0
470.15	0	.7258726	.2576148	.01651258	0
469.15	0	.725834	.2576838	.01648224	0
468.15	0	.7257955	.2577524	.01645202	0
467.15	0	.7257573	.2578208	.01642192	0
466.15	0	.7257192	.2578889	.01639195	0
465.15	0	.7256812	.2579567	.0163621	0
464.15	0	.7256435	.2580242	.01633237	0
463.15	0	.7256059	.2580914	.01630276	0
462.15	0	.7255684	.2581583	.01627328	0
461.15	0	.7255312	.2582249	.01624392	0
460.15	0	.7254941	.2582912	.01621469	0
459.15	0	.7254572	.2583572	.01618559	0
458.15	0	.7254205	.2584229	.01615661	0
457.15	0	.7253839	.2584883	.01612776	0
456.15	0	.7253476	.2585534	.01609904	0
455.15	0	.7253114	.2586182	.01607045	0
454.15	0	.7252753	.2586827	.01604199	0
453.15	0	.7252395	.2587469	.01601365	0
452.15	0	.7252038	.2588107	.01598545	0
451.15	0	.7251683	.2588743	.01595738	0
450.15	0	.725133	.2589376	.01592944	0
449.15	0	.7250979	.2590005	.01590165	0
448.15	0	.7250629	.2590631	.01587399	0
447.15	0	.7250282	.2591253	.01584648	0
446.15	0	.7249936	.2591873	.0158191	0
445.15	0	.7249593	.2592489	.01579186	0
444.15	0	.7249251	.2593101	.01576476	0
443.15	0	.7248911	.2593711	.01573781	0
442.15	0	.7248574	.2594316	.01571101	0
441.15	0	.7248238	.2594919	.01568435	0
440.15	0	.7247904	.2595517	.01565784	0
439.15	0	.7247573	.2596112	.01563149	0
438.15	0	.7247244	.2596703	.01560529	0
437.15	0	.7246917	.2597291	.01557925	0
436.15	0	.7246592	.2597875	.01555336	0
435.15	0	.7246269	.2598455	.01552763	0
434.15	0	.7245948	.2599031	.01550206	0
433.5011	0	.7245742	.2599403	.01548556	0
433.5011	0	.7245742	.2599403	.01548556	0
433.5011	0	.7245742	.2599403	.01548556	0
433.15	0	.7246631	.2597269	.01537185	2.3822E-04
432.15	0	.7249158	.2591197	.01504848	9.159949E-04
431.15	0	.725168	.2585136	.01472583	.001592659
430.15	0	.7254195	.2579084	.01440392	.002268223
429.15	0	.7256704	.2573041	.01408273	.002942698
428.15	0	.7259208	.2567008	.01376225	.003616094
427.15	0	.7261706	.2560984	.0134425	.00428842
426.15	0	.7264199	.255497	.01312346	.004959688
425.15	0	.7266686	.2548963	.01280513	.005629906
424.15	0	.7269168	.2542966	.0124875	.006299085
423.15	0	.7271645	.2536977	.01217058	.006967235
422.15	0	.7274117	.2530996	.01185435	.007634365
421.15	0	.7276584	.2525023	.01153882	.008300485
420.15	0	.7279046	.2519058	.01122399	.008965603
419.15	0	.7281503	.2513101	.01090984	.009629729
418.15	0	.7283956	.2507152	.01059638	.01029287
417.15	0	.7286404	.250121	.0102836	.01095504
416.15	0	.7288847	.2495275	.009971499	.01161625
415.15	0	.7291287	.2489348	.009660074	.01227649
414.15	0	.7293722	.2483427	.009349321	.01293579
413.15	0	.7296153	.2477513	.009039238	.01359415
412.15	0	.729858	.2471606	.008729819	.01425159
411.15	0	.7301003	.2465706	.008421063	.01490809
410.15	0	.7303422	.2459812	.008112966	.01556369
409.15	0	.7305837	.2453924	.007805525	.01621837
408.15	0	.7308248	.2448043	.007498737	.01687216
407.15	0	.7310656	.2442167	.007192598	.01752506
406.15	0	.731306	.2436298	.006887105	.01817708
405.15	0	.7315461	.2430434	.006582255	.01882822
404.15	0	.7317859	.2424576	.006278046	.01947849
403.15	0	.7320253	.2418723	.005974473	.0201279
402.15	0	.7322644	.2412876	.005671534	.02077647
401.15	0	.7325031	.2407035	.005369226	.02142418
400.15	0	.7327416	.2401198	.005067545	.02207106
399.15	0	.7329797	.2395367	.004766489	.02271711
398.15	0	.7332176	.238954	.004466054	.02336233
397.15	0	.7334551	.2383719	.004166237	.02400674
396.15	0	.7336924	.2377902	.003867036	.02465034
395.15	0	.7339294	.237209	.003568448	.02529313
394.15	0	.7341661	.2366283	.003270469	.02593513
393.15	0	.7344026	.236048	.002973096	.02657634
392.15	0	.7346388	.2354681	.002676327	.02721676
391.15	0	.7348747	.2348887	.002380159	.02785641
390.15	0	.7351104	.2343097	.002084589	.02849529
389.15	0	.7353458	.2337312	.001789613	.0291334
388.15	0	.735581	.233153	.00149523	.02977075
387.15	0	.735816	.2325752	.001201435	.03040736
386.15	0	.7360507	.2319978	9.082275E-04	.03104321
385.15	0	.7362852	.2314208	6.156032E-04	.03167833
384.15	0	.7365195	.2308442	3.235597E-04	.03231271
383.15	0	.7367536	.2302679	3.20943E-05	.03294637
383.0398	0	.7367794	.2302044	0	.03301617
383.0398	0	.7367794	.2302044	0	.03301617
382.15	0	.7367854	.2299689	0	.03324572
381.15	0	.7367922	.2297046	0	.03350323
380.15	0	.7367991	.2294407	0	.03376025
379.15	0	.7368061	.2291772	0	.03401677
378.15	0	.7368132	.228914	0	.03427281
377.15	0	.7368203	.2286513	0	.03452836
376.15	0	.7368276	.2283889	0	.03478343
375.15	0	.736835	.228127	0	.03503803
374.15	0	.7368425	.2278653	0	.03529214
373.15	0	.7368501	.2276041	0	.03554579
372.15	0	.7368578	.2273432	0	.03579897
371.15	0	.7368656	.2270827	0	.03605169
370.15	0	.7368735	.2268226	0	.03630394
369.15	0	.7368815	.2265628	0	.03655574
368.15	0	.7368896	.2263033	0	.03680709
367.15	0	.7368978	.2260442	0	.03705798
366.15	0	.7369061	.2257855	0	.03730843
365.15	0	.7369145	.2255271	0	.03755843
364.15	0	.736923	.225269	0	.03780798
363.15	0	.7369316	.2250113	0	.0380571
362.15	0	.7369403	.2247539	0	.03830578
361.15	0	.7369491	.2244968	0	.03855403
360.15	0	.7369581	.2242401	0	.03880185
359.15	0	.7369671	.2239837	0	.03904924
358.15	0	.7369762	.2237276	0	.0392962
357.15	0	.7369854	.2234718	0	.03954274
356.15	0	.7369948	.2232164	0	.03978886
355.15	0	.7370042	.2229612	0	.04003456
354.15	0	.7370137	.2227064	0	.04027984
353.15	0	.7370234	.2224519	0	.04052472
352.15	0	.7370331	.2221977	0	.04076918
351.15	0	.737043	.2219438	0	.04101323
350.15	0	.7370529	.2216902	0	.04125687
349.15	0	.737063	.2214369	0	.04150012
348.15	0	.7370731	.2211839	0	.04174296
347.15	0	.7370834	.2209313	0	.0419854
346.15	0	.7370937	.2206789	0	.04222744
345.15	0	.7371042	.2204268	0	.04246909
344.15	0	.7371147	.220175	0	.04271034
343.15	0	.7371254	.2199235	0	.0429512
342.15	0	.7371361	.2196722	0	.04319167
341.15	0	.7371469	.2194213	0	.04343175
340.15	0	.7371579	.2191707	0	.04367145
339.15	0	.7371689	.2189203	0	.04391076
338.15	0	.7371801	.2186703	0	.04414969
337.15	0	.7371913	.2184205	0	.04438824
336.15	0	.7372026	.218171	0	.04462642
335.15	0	.737214	.2179218	0	.04486421
334.15	0	.7372256	.2176728	0	.04510163
333.15	0	.7372372	.2174242	0	.04533867
332.15	0	.7372489	.2171758	0	.04557534
331.15	0	.7372607	.2169277	0	.04581164
330.15	0	.7372726	.2166799	0	.04604757
329.15	0	.7372846	.2164323	0	.04628313
328.15	0	.7372967	.216185	0	.04651833
327.15	0	.7373088	.215938	0	.04675315
326.15	0	.7373211	.2156913	0	.04698762
325.15	0	.7373334	.2154448	0	.04722172
324.15	0	.7373459	.2151987	0	.04745547
323.15	0	.7373584	.2149527	0	.04768885
322.15	0	.737371	.2147071	0	.04792187
321.15	0	.7373837	.2144617	0	.04815454
320.15	0	.7373965	.2142166	0	.04838685
319.15	0	.7374094	.2139718	0	.0486188
318.15	0	.7374224	.2137272	0	.0488504
317.15	0	.7374354	.2134829	0	.04908164
316.15	0	.7374486	.2132389	0	.04931254
315.15	0	.7374618	.2129951	0	.04954308
314.15	0	.7374751	.2127516	0	.04977328
313.15	0	.7374885	.2125084	0	.05000312
312.15	0	.7375019	.2122654	0	.05023262
311.15	0	.7375155	.2120227	0	.05046177
310.15	0	.7375291	.2117803	0	.05069057
309.15	0	.7375429	.2115381	0	.05091903
308.15	0	.7375566	.2112962	0	.05114714
307.15	0	.7375705	.2110546	0	.05137492
306.15	0	.7375845	.2108132	0	.05160234
305.15	0	.7375985	.2105721	0	.05182943
304.15	0	.7376126	.2103312	0	.05205618
303.15	0	.7376268	.2100906	0	.05228258
302.15	0	.737641	.2098503	0	.05250865
301.15	0	.7376554	.2096103	0	.05273438
300.15	0	.7376698	.2093704	0	.05295976
299.15	0	.7376843	.2091309	0	.05318482
298.15	0	.7376988	.2088916	0	.05340953
