T	 BPW(LIQUID)	BPW(BCC_A2)	BPW(FCC_A1)	BPW(LAVES_PHASE_C14)	BPW(NI3TI)
1473.15	.1724912	.8275088	0	0	0
1472.383	.1706596	.8293404	0	0	0
1472.383	.1706596	.8293404	0	0	0
1472.383	.1706596	.8293404	0	0	0
1472.15	.1697784	.8288152	.001406372	0	0
1471.15	.1659947	.8265652	.007440154	0	0
1470.15	.1622174	.8243272	.01345543	0	0
1469.15	.1584464	.8221012	.01945241	0	0
1468.15	.1546816	.8198871	.02543128	0	0
1467.15	.1509228	.817685	.03139224	0	0
1466.15	.1471699	.8154947	.03733548	0	0
1465.15	.1434227	.8133161	.0432612	0	0
1464.15	.1396811	.8111494	.04916957	0	0
1463.15	.1359449	.8089943	.05506078	0	0
1462.15	.1322141	.8068509	.06093501	0	0
1461.15	.1284865	.8047157	.06679782	0	0
1460.15	.1247658	.8025956	.07263854	0	0
1459.15	.1210501	.8004871	.07846281	0	0
1458.15	.1173392	.79839	.08427079	0	0
1457.15	.1136329	.7963044	.09006266	0	0
1456.846	.112508	.7956731	.09181891	0	0
1456.846	.112508	.7956731	.09181891	0	0
1456.846	.112508	.7956731	.09181891	0	0
1456.15	.09944385	.7836707	.1124465	.004438962	0
1455.15	.08101727	.7668989	.1414234	.01066035	0
1454.15	.0629744	.7506595	.1696599	.0167062	0
1453.15	.04529999	.7349321	.1971846	.02258332	0
1452.15	.02797955	.7196976	.2240246	.02829823	0
1451.15	.01099926	.7049378	.2502059	.03385709	0
1450.492	0	.6954717	.267094	.03743431	0
1450.492	0	.6954717	.267094	.03743431	0
1450.15	0	.6942781	.2680435	.03767835	0
1449.15	0	.6907915	.2708178	.03839077	0
1448.15	0	.6873145	.273585	.0391005	0
1447.15	0	.6838473	.2763452	.03980754	0
1446.15	0	.6803897	.2790984	.04051191	0
1445.15	0	.6769418	.2818446	.04121363	0
1444.15	0	.6735035	.2845838	.0419127	0
1443.15	0	.6700748	.2873161	.04260913	0
1442.15	0	.6666556	.2900414	.04330295	0
1441.15	0	.663246	.2927598	.04399416	0
1440.15	0	.659846	.2954713	.04468278	0
1439.15	0	.6564554	.2981758	.04536881	0
1438.15	0	.6530742	.3008735	.04605227	0
1437.15	0	.6497026	.3035643	.04673318	0
1436.15	0	.6463403	.3062482	.04741154	0
1435.15	0	.6429874	.3089253	.04808737	0
1434.15	0	.6396438	.3115955	.04876068	0
1433.15	0	.6363096	.3142589	.04943148	0
1432.15	0	.6329847	.3169155	.05009978	0
1431.15	0	.6296691	.3195653	.05076559	0
1430.15	0	.6263627	.3222083	.05142893	0
1429.15	0	.6230656	.3248446	.05208981	0
1428.15	0	.6197777	.3274741	.05274824	0
1427.15	0	.616499	.3300968	.05340424	0
1426.15	0	.6132294	.3327128	.0540578	0
1425.15	0	.609969	.3353221	.05470895	0
1424.15	0	.6067177	.3379247	.05535769	0
1423.15	0	.6034754	.3405205	.05600404	0
1422.15	0	.6002423	.3431097	.05664801	0
1421.15	0	.5970182	.3456922	.0572896	0
1420.15	0	.5938031	.3482681	.05792884	0
1419.15	0	.590597	.3508373	.05856573	0
1418.15	0	.5873999	.3533998	.05920028	0
1417.15	0	.5842118	.3559558	.0598325	0
1416.15	0	.5810325	.3585051	.0604624	0
1415.15	0	.5778622	.3610478	.06109	0
1414.15	0	.5747008	.3635839	.06171531	0
1413.15	0	.5715483	.3661134	.06233832	0
1412.15	0	.5684046	.3686363	.06295907	0
1411.15	0	.5652698	.3711527	.06357755	0
1410.15	0	.5621437	.3736625	.06419377	0
1409.15	0	.5590265	.3761658	.06480776	0
1408.15	0	.555918	.3786625	.06541951	0
1407.15	0	.5528183	.3811527	.06602903	0
1406.15	0	.5497273	.3836364	.06663635	0
1405.15	0	.546645	.3861136	.06724146	0
1404.15	0	.5435714	.3885842	.06784438	0
1403.15	0	.5405065	.3910484	.06844511	0
1402.15	0	.5374502	.3935061	.06904367	0
1401.15	0	.5344026	.3959573	.06964007	0
1400.15	0	.5313636	.3984021	.07023432	0
1399.15	0	.5283332	.4008404	.07082642	0
1398.15	0	.5253113	.4032723	.07141638	0
1397.15	0	.5222981	.4056977	.07200422	0
1396.15	0	.5192933	.4081167	.07258995	0
1395.15	0	.5162971	.4105293	.07317356	0
1394.15	0	.5133095	.4129354	.07375509	0
1393.15	0	.5103303	.4153352	.07433452	0
1392.15	0	.5073596	.4177285	.07491188	0
1391.15	0	.5043973	.4201155	.07548716	0
1390.15	0	.5014436	.4224961	.07606039	0
1389.15	0	.4984982	.4248702	.07663157	0
1388.15	0	.4955613	.427238	.0772007	0
1387.15	0	.4926327	.4295995	.0777678	0
1386.15	0	.4897126	.4319546	.07833288	0
1385.15	0	.4868008	.4343033	.07889594	0
1384.15	0	.4838974	.4366456	.07945699	0
1383.15	0	.4810023	.4389817	.08001605	0
1382.15	0	.4781155	.4413114	.08057311	0
1381.15	0	.4752371	.4436347	.0811282	0
1380.15	0	.4723669	.4459518	.08168131	0
1379.15	0	.4695051	.4482625	.08223246	0
1378.15	0	.4666515	.4505669	.08278166	0
1377.15	0	.4638061	.452865	.08332891	0
1376.15	0	.4609691	.4551567	.08387422	0
1375.15	0	.4581402	.4574422	.08441759	0
1374.15	0	.4553196	.4597214	.08495905	0
1373.15	0	.4525072	.4619942	.08549859	0
1372.15	0	.4497029	.4642608	.08603623	0
1371.15	0	.4469069	.4665211	.08657197	0
1370.15	0	.444119	.4687752	.08710582	0
1369.15	0	.4413393	.4710229	.08763779	0
1368.15	0	.4385678	.4732643	.08816789	0
1367.15	0	.4358044	.4754995	.08869611	0
1366.15	0	.4330491	.4777284	.08922248	0
1365.15	0	.4303019	.4799511	.089747	0
1364.15	0	.4275629	.4821674	.09026968	0
1363.15	0	.4248319	.4843775	.09079052	0
1362.15	0	.4221091	.4865814	.09130954	0
1361.15	0	.4193943	.488779	.09182673	0
1360.15	0	.4166876	.4909703	.09234212	0
1359.15	0	.4139889	.4931554	.09285569	0
1358.15	0	.4112983	.4953342	.09336747	0
1357.15	0	.4086158	.4975067	.09387746	0
1356.15	0	.4059413	.4996731	.09438567	0
1355.15	0	.4032748	.5018331	.0948921	0
1354.15	0	.4006163	.5039869	.09539677	0
1353.15	0	.3979659	.5061344	.09589967	0
1352.15	0	.3953235	.5082757	.09640082	0
1351.15	0	.392689	.5104108	.09690022	0
1350.15	0	.3900626	.5125395	.09739788	0
1349.15	0	.3874441	.514662	.09789381	0
1348.15	0	.3848337	.5167783	.09838802	0
1347.15	0	.3822312	.5188883	.0988805	0
1346.15	0	.3796366	.5209921	.09937127	0
1345.15	0	.3770501	.5230896	.09986034	0
1344.15	0	.3744715	.5251808	.1003477	0
1343.15	0	.3719008	.5272658	.1008334	0
1342.15	0	.3693381	.5293445	.1013174	0
1341.15	0	.3667834	.5314169	.1017997	0
1340.15	0	.3642366	.5334831	.1022803	0
1339.15	0	.3616977	.535543	.1027593	0
1338.15	0	.3591667	.5375966	.1032366	0
1337.15	0	.3566437	.539644	.1037123	0
1336.15	0	.3541287	.541685	.1041863	0
1335.15	0	.3516215	.5437198	.1046587	0
1334.15	0	.3491223	.5457483	.1051295	0
1333.15	0	.346631	.5477705	.1055986	0
1332.15	0	.3441476	.5497864	.1060661	0
1331.15	0	.3416721	.5517959	.106532	0
1330.15	0	.3392046	.5537992	.1069962	0
1329.15	0	.3367449	.5557962	.1074589	0
1328.15	0	.3342932	.5577868	.10792	0
1327.15	0	.3318494	.5597711	.1083795	0
1326.15	0	.3294135	.5617492	.1088374	0
1325.15	0	.3269855	.5637208	.1092937	0
1324.15	0	.3245654	.5656861	.1097485	0
1323.15	0	.3221533	.5676451	.1102017	0
1322.15	0	.319749	.5695977	.1106533	0
1321.15	0	.3173527	.5715439	.1111034	0
1320.15	0	.3149643	.5734838	.1115519	0
1319.15	0	.3125838	.5754173	.1119989	0
1318.15	0	.3102113	.5773444	.1124443	0
1317.15	0	.3078466	.5792651	.1128883	0
1316.15	0	.3054899	.5811794	.1133307	0
1315.15	0	.3031411	.5830873	.1137715	0
1314.15	0	.3008003	.5849888	.1142109	0
1313.15	0	.2984674	.5868839	.1146487	0
1312.15	0	.2961425	.5887725	.1150851	0
1311.15	0	.2938254	.5906547	.1155199	0
1310.15	0	.2915164	.5925303	.1159533	0
1309.15	0	.2892153	.5943996	.1163851	0
1308.15	0	.2869221	.5962623	.1168155	0
1307.15	0	.284637	.5981186	.1172444	0
1306.15	0	.2823598	.5999684	.1176719	0
1305.15	0	.2800906	.6018116	.1180978	0
1304.15	0	.2778293	.6036483	.1185223	0
1303.15	0	.2755761	.6054785	.1189454	0
1302.15	0	.2733309	.6073021	.119367	0
1301.15	0	.2710936	.6091192	.1197872	0
1300.15	0	.2688644	.6109297	.1202059	0
1299.15	0	.2666432	.6127336	.1206232	0
1298.15	0	.2644301	.6145309	.121039	0
1297.15	0	.262225	.6163216	.1214535	0
1296.15	0	.2600279	.6181056	.1218665	0
1295.15	0	.2578389	.619883	.1222781	0
1294.15	0	.255658	.6216538	.1226882	0
1293.15	0	.2534852	.6234178	.123097	0
1292.15	0	.2513204	.6251752	.1235044	0
1291.15	0	.2491638	.6269259	.1239104	0
1290.15	0	.2470153	.6286698	.1243149	0
1289.15	0	.2448749	.630407	.1247181	0
1288.15	0	.2427426	.6321374	.12512	0
1287.15	0	.2406185	.6338611	.1255204	0
1286.15	0	.2385026	.635578	.1259195	0
1285.15	0	.2363948	.637288	.1263171	0
1284.15	0	.2342952	.6389913	.1267135	0
1283.15	0	.2322039	.6406877	.1271084	0
1282.15	0	.2301207	.6423772	.1275021	0
1281.15	0	.2280458	.6440599	.1278943	0
1280.15	0	.2259792	.6457356	.1282852	0
1279.15	0	.2239208	.6474044	.1286748	0
1278.15	0	.2218707	.6490663	.1290631	0
1277.15	0	.2198289	.6507212	.12945	0
1276.15	0	.2177954	.6523691	.1298355	0
1275.15	0	.2157702	.65401	.1302198	0
1274.15	0	.2137534	.6556439	.1306027	0
1273.15	0	.211745	.6572707	.1309843	0
1272.15	0	.2097449	.6588904	.1313646	0
1271.15	0	.2077533	.6605031	.1317436	0
1270.15	0	.2057701	.6621086	.1321213	0
1269.15	0	.2037953	.663707	.1324977	0
1268.15	0	.201829	.6652982	.1328728	0
1267.15	0	.1998712	.6668822	.1332466	0
1266.15	0	.1979219	.668459	.1336191	0
1265.15	0	.1959811	.6700286	.1339904	0
1264.15	0	.1940488	.6715909	.1343603	0
1263.15	0	.1921252	.6731459	.134729	0
1262.15	0	.1902101	.6746935	.1350964	0
1261.15	0	.1883037	.6762338	.1354625	0
1260.15	0	.1864059	.6777668	.1358274	0
1259.15	0	.1845167	.6792923	.136191	0
1258.15	0	.1826363	.6808104	.1365533	0
1257.15	0	.1807645	.682321	.1369144	0
1256.15	0	.1789016	.6838242	.1372743	0
1255.15	0	.1770473	.6853198	.1376329	0
1254.15	0	.1752019	.6868079	.1379902	0
1253.15	0	.1733653	.6882884	.1383463	0
1252.15	0	.1715375	.6897613	.1387012	0
1251.15	0	.1697186	.6912265	.1390549	0
1250.15	0	.1679087	.692684	.1394073	0
1249.15	0	.1661076	.6941339	.1397585	0
1248.15	0	.1643155	.695576	.1401085	0
1247.15	0	.1625324	.6970104	.1404572	0
1246.15	0	.1607584	.6984369	.1408048	0
1245.15	0	.1589933	.6998556	.1411511	0
1244.15	0	.1572374	.7012664	.1414962	0
1243.15	0	.1554906	.7026693	.1418401	0
1242.15	0	.1537529	.7040642	.1421828	0
1241.15	0	.1520244	.7054512	.1425244	0
1240.15	0	.1503051	.7068302	.1428647	0
1239.15	0	.1485951	.7082011	.1432038	0
1238.15	0	.1468943	.7095639	.1435418	0
1237.15	0	.1452029	.7109186	.1438785	0
1236.15	0	.1435208	.7122651	.1442141	0
1235.15	0	.1418481	.7136034	.1445485	0
1234.15	0	.1401849	.7149334	.1448818	0
1233.15	0	.138531	.7162552	.1452138	0
1232.15	0	.1368867	.7175686	.1455447	0
1231.15	0	.135252	.7188737	.1458744	0
1230.15	0	.1336267	.7201703	.146203	0
1229.15	0	.1320112	.7214585	.1465304	0
1228.15	0	.1304052	.7227382	.1468566	0
1227.15	0	.128809	.7240094	.1471817	0
1226.15	0	.1272225	.7252719	.1475056	0
1225.15	0	.1256457	.7265259	.1478284	0
1224.15	0	.1240788	.7277712	.14815	0
1223.15	0	.1225218	.7290077	.1484705	0
1222.15	0	.1209746	.7302355	.1487899	0
1221.15	0	.1194374	.7314545	.1491081	0
1220.15	0	.1179102	.7326647	.1494252	0
1219.15	0	.116393	.7338659	.1497411	0
1218.15	0	.1148859	.7350582	.1500559	0
1217.15	0	.1133889	.7362415	.1503696	0
1216.15	0	.1119021	.7374157	.1506822	0
1215.15	0	.1104255	.7385809	.1509937	0
1214.15	0	.1089591	.7397369	.151304	0
1213.15	0	.1075031	.7408837	.1516132	0
1212.15	0	.1060575	.7420212	.1519213	0
1211.15	0	.1046222	.7431495	.1522283	0
1210.15	0	.1031974	.7442684	.1525342	0
1209.15	0	.1017832	.7453778	.152839	0
1208.15	0	.1003795	.7464779	.1531427	0
1207.15	0	.09898637	.7475684	.1534453	0
1206.15	0	.09760394	.7486493	.1537467	0
1205.15	0	.09623224	.7497206	.1540471	0
1204.15	0	.0948713	.7507823	.1543464	0
1203.15	0	.0935212	.7518342	.1546446	0
1202.15	0	.09218197	.7528763	.1549418	0
1201.15	0	.09085368	.7539085	.1552378	0
1200.15	0	.08953638	.7549309	.1555327	0
1199.15	0	.08823013	.7559433	.1558266	0
1198.15	0	.08693499	.7569456	.1561194	0
1197.15	0	.08565101	.7579379	.1564111	0
1196.15	0	.08437825	.75892	.1567018	0
1195.15	0	.08311677	.7598919	.1569913	0
1194.15	0	.08186663	.7608535	.1572798	0
1193.15	0	.08062789	.7618048	.1575673	0
1192.15	0	.0794006	.7627457	.1578537	0
1191.15	0	.07818485	.7636762	.158139	0
1190.15	0	.07698067	.7645961	.1584232	0
1189.15	0	.07578814	.7655055	.1587064	0
1188.15	0	.07460731	.7664041	.1589886	0
1187.15	0	.07343826	.7672921	.1592696	0
1186.15	0	.07228105	.7681693	.1595497	0
1185.15	0	.07113573	.7690356	.1598287	0
1184.15	0	.07000239	.769891	.1601066	0
1183.15	0	.06888107	.7707354	.1603835	0
1182.15	0	.06777185	.7715688	.1606594	0
1181.15	0	.0666748	.772391	.1609342	0
1180.15	0	.06558999	.7732021	.161208	0
1179.15	0	.06451747	.7740018	.1614807	0
1178.15	0	.06345733	.7747903	.1617524	0
1177.15	0	.06240962	.7755673	.1620231	0
1176.15	0	.06137443	.7763329	.1622927	0
1175.15	0	.06035182	.7770868	.1625613	0
1174.15	0	.05934186	.7778292	.1628289	0
1173.15	0	.05834462	.7785599	.1630955	0
1172.15	0	.05736018	.7792788	.163361	0
1171.15	0	.05638861	.7799858	.1636256	0
1170.15	0	.05542998	.780681	.1638891	0
1169.15	0	.05448437	.7813641	.1641516	0
1168.15	0	.05355184	.7820351	.164413	0
1167.15	0	.05263249	.782694	.1646735	0
1166.15	0	.05172637	.7833407	.164933	0
1165.15	0	.05083357	.783975	.1651914	0
1164.15	0	.04995417	.784597	.1654489	0
1163.15	0	.04908823	.7852065	.1657053	0
1162.15	0	.04823584	.7858034	.1659607	0
1161.15	0	.04739708	.7863877	.1662152	0
1160.15	0	.04657202	.7869594	.1664686	0
1159.15	0	.04576074	.7875182	.1667211	0
1158.15	0	.04496333	.7880642	.1669725	0
1157.15	0	.04417986	.7885972	.167223	0
1156.15	0	.04341041	.7891172	.1674724	0
1155.15	0	.04265506	.789624	.1677209	0
1154.15	0	.04191381	.7901178	.1679684	0
1153.15	0	.04118691	.7905982	.1682149	0
1152.15	0	.04047435	.7910652	.1684604	0
1151.15	0	.03977623	.7915188	.168705	0
1150.15	0	.03909261	.7919588	.1689486	0
1149.15	0	.03842359	.7923853	.1691911	0
1148.15	0	.03776925	.792798	.1694328	0
1147.15	0	.03712966	.7931969	.1696734	0
1146.15	0	.03650492	.793582	.1699131	0
1145.15	0	.03589511	.7939531	.1701518	0
1144.15	0	.03530031	.7943102	.1703895	0
1143.15	0	.0347206	.7946531	.1706263	0
1142.15	0	.03415607	.7949819	.1708621	0
1141.15	0	.03360682	.7952963	.1710969	0
1140.15	0	.03307291	.7955963	.1713308	0
1139.15	0	.03255443	.7958819	.1715637	0
1138.15	0	.03205148	.7961529	.1717957	0
1137.15	0	.03156414	.7964092	.1720267	0
1136.15	0	.03109249	.7966508	.1722567	0
1135.15	0	.03063661	.7968775	.1724858	0
1134.15	0	.03019661	.7970894	.172714	0
1133.15	0	.02977255	.7972862	.1729412	0
1132.15	0	.02936453	.797468	.1731675	0
1131.15	0	.02897263	.7976345	.1733928	0
1130.15	0	.02859694	.7977858	.1736172	0
1129.15	0	.02823755	.7979218	.1738407	0
1128.15	0	.02789453	.7980423	.1740632	0
1127.15	0	.02756798	.7981473	.1742848	0
1126.15	0	.02725798	.7982366	.1745054	0
1125.15	0	.02696462	.7983103	.1747251	0
1124.15	0	.02668799	.7983681	.1749439	0
1123.15	0	.02642816	.7984101	.1751618	0
1122.15	0	.02618522	.7984361	.1753787	0
1121.15	0	.02595926	.798446	.1755947	0
1120.15	0	.02575036	.7984398	.1758098	0
1119.15	0	.02555861	.7984174	.176024	0
1118.15	0	.02538408	.7983786	.1762373	0
1117.15	0	.02522687	.7983235	.1764496	0
1116.15	0	.02508706	.7982519	.1766611	0
1115.15	0	.02496472	.7981637	.1768716	0
1114.15	0	.02485994	.7980588	.1770812	0
1113.15	0	.02477281	.7979373	.17729	0
1112.15	0	.0247034	.7977988	.1774978	0
1111.15	0	.02465179	.7976435	.1777047	0
1110.15	0	.02461806	.7974712	.1779107	0
1109.15	0	.0246023	.7972819	.1781158	0
1108.15	0	.02460457	.7970754	.1783201	0
1107.15	0	.02462497	.7968516	.1785234	0
1106.15	0	.02466356	.7966106	.1787259	0
1105.15	0	.02472042	.7963522	.1789274	0
1104.15	0	.02479563	.7960763	.1791281	0
1103.15	0	.02488927	.7957828	.1793279	0
1102.15	0	.02500139	.7954718	.1795268	0
1101.15	0	.02513209	.7951431	.1797249	0
1100.15	0	.02528143	.7947965	.179922	0
1099.15	0	.02544947	.7944322	.1801183	0
1098.15	0	.0256363	.7940499	.1803138	0
1097.15	0	.02584198	.7936497	.1805083	0
1096.15	0	.02606657	.7932314	.180702	0
1095.15	0	.02631015	.792795	.1808949	0
1094.15	0	.02657277	.7923404	.1810868	0
1093.15	0	.02685451	.7918675	.181278	0
1092.15	0	.02715541	.7913764	.1814682	0
1091.15	0	.02747556	.7908668	.1816577	0
1090.15	0	.027815	.7903388	.1818462	0
1089.15	0	.02817379	.7897923	.1820339	0
1088.15	0	.02855199	.7892272	.1822208	0
1087.15	0	.02894966	.7886435	.1824069	0
1086.15	0	.02936685	.7880411	.1825921	0
1085.15	0	.0298036	.7874199	.1827764	0
1084.15	0	.03025999	.78678	.18296	0
1083.15	0	.03073604	.7861213	.1831427	0
1082.15	0	.03123181	.7854436	.1833246	0
1081.15	0	.03174734	.784747	.1835056	0
1080.15	0	.03228268	.7840315	.1836859	0
1079.15	0	.03283786	.7832968	.1838653	0
1078.15	0	.03341294	.7825431	.1840439	0
1077.15	0	.03400794	.7817704	.1842217	0
1076.15	0	.0346229	.7809784	.1843987	0
1075.15	0	.03525786	.7801673	.1845749	0
1074.15	0	.03591285	.7793369	.1847503	0
1073.15	0	.03658789	.7784872	.1849249	0
1072.15	0	.03728302	.7776183	.1850987	0
1071.15	0	.03799826	.7767301	.1852717	0
1070.15	0	.03873363	.7758225	.1854439	0
1069.15	0	.03948916	.7748956	.1856153	0
1068.15	0	.04026486	.7739492	.1857859	0
1067.15	0	.04106074	.7729835	.1859558	0
1066.15	0	.04187683	.7719983	.1861249	0
1065.15	0	.04271314	.7709937	.1862932	0
1064.15	0	.04356967	.7699696	.1864607	0
1063.15	0	.04444643	.7689261	.1866275	0
1062.15	0	.04534342	.7678631	.1867935	0
1061.15	0	.04626065	.7667807	.1869587	0
1060.15	0	.04719811	.7656787	.1871232	0
1059.15	0	.0481558	.7645573	.1872869	0
1058.15	0	.04913372	.7634164	.1874499	0
1057.15	0	.05013185	.762256	.1876121	0
1056.15	0	.05115019	.7610762	.1877736	0
1055.15	0	.05218871	.7598769	.1879344	0
1054.15	0	.05324741	.7586582	.1880944	0
1053.15	0	.05432626	.7574201	.1882537	0
1052.15	0	.05542524	.7561626	.1884122	0
1051.15	0	.05654432	.7548857	.18857	0
1050.15	0	.05768347	.7535894	.1887271	0
1049.15	0	.05884267	.7522739	.1888835	0
1048.15	0	.06002188	.750939	.1890391	0
1047.15	0	.06122106	.7495849	.1891941	0
1046.15	0	.06244018	.7482115	.1893483	0
1045.15	0	.06367918	.746819	.1895018	0
1044.15	0	.06493802	.7454074	.1896546	0
1043.15	0	.06621666	.7439766	.1898067	0
1042.15	0	.06751504	.7425268	.1899581	0
1041.15	0	.0688331	.741058	.1901089	0
1040.15	0	.0701708	.7395703	.1902589	0
1039.15	0	.07152806	.7380637	.1904082	0
1038.15	0	.07290483	.7365383	.1905569	0
1037.15	0	.07430103	.7349941	.1907048	0
1036.15	0	.0757166	.7334313	.1908521	0
1035.15	0	.07715146	.7318498	.1909987	0
1034.15	0	.07860553	.7302498	.1911447	0
1033.15	0	.08007875	.7286313	.19129	0
1032.15	0	.08157102	.7269944	.1914346	0
1031.15	0	.08308226	.7253393	.1915785	0
1030.15	0	.08461238	.7236659	.1917218	0
1029.15	0	.08616129	.7219743	.1918644	0
1028.15	0	.0877289	.7202648	.1920063	0
1027.15	0	.0893151	.7185373	.1921477	0
1026.15	0	.0909198	.7167919	.1922883	0
1025.15	0	.0925429	.7150288	.1924283	0
1024.15	0	.09418428	.713248	.1925677	0
1023.15	0	.09584384	.7114498	.1927064	0
1022.15	0	.09752147	.7096341	.1928445	0
1021.15	0	.09921705	.707801	.1929819	0
1020.15	0	.1009305	.7059508	.1931187	0
1019.15	0	.1026616	.7040835	.1932549	0
1018.15	0	.1044103	.7021993	.1933905	0
1017.15	0	.1061765	.7002982	.1935254	0
1016.15	0	.10796	.6983804	.1936597	0
1015.15	0	.1097607	.696446	.1937933	0
1014.15	0	.1115784	.6944952	.1939264	0
1013.15	0	.1134131	.6925281	.1940588	0
1012.15	0	.1152646	.6905448	.1941906	0
1011.15	0	.1171327	.6885455	.1943218	0
1010.15	0	.1190174	.6865303	.1944524	0
1009.15	0	.1209183	.6844994	.1945823	0
1008.15	0	.1228355	.6824528	.1947117	0
1007.15	0	.1247687	.6803909	.1948404	0
1006.15	0	.1267178	.6783137	.1949685	0
1005.15	0	.1286826	.6762213	.195096	0
1004.15	0	.130663	.674114	.1952229	0
1003.15	0	.1326588	.6719919	.1953492	0
1002.15	0	.1346699	.6698552	.1954749	0
1001.15	0	.136696	.667704	.1956	0
1000.15	0	.138737	.6655385	.1957245	0
999.15	0	.1407928	.6633589	.1958483	0
998.15	0	.1428631	.6611653	.1959716	0
997.15	0	.1449478	.6589579	.1960943	0
996.15	0	.1470467	.656737	.1962163	0
995.15	0	.1491596	.6545026	.1963377	0
994.15	0	.1512864	.652255	.1964586	0
993.15	0	.1534268	.6499944	.1965788	0
992.15	0	.1555807	.6477209	.1966984	0
991.15	0	.1577478	.6454347	.1968174	0
990.15	0	.1599281	.6431361	.1969358	0
989.15	0	.1621212	.6408252	.1970536	0
988.15	0	.1643271	.6385021	.1971708	0
987.15	0	.1665455	.6361672	.1972873	0
986.15	0	.1687761	.6338206	.1974032	0
985.15	0	.1710189	.6314625	.1975186	0
984.15	0	.1732736	.6290931	.1976332	0
983.15	0	.1755401	.6267126	.1977473	0
982.15	0	.177818	.6243213	.1978607	0
981.15	0	.1801072	.6219192	.1979735	0
980.15	0	.1824076	.6195067	.1980857	0
979.15	0	.1847188	.617084	.1981972	0
978.15	0	.1870407	.6146511	.1983081	0
977.15	0	.1893731	.6122085	.1984184	0
976.15	0	.1917158	.6097562	.198528	0
975.15	0	.1940685	.6072946	.1986369	0
974.15	0	.1964311	.6048237	.1987452	0
973.15	0	.1988033	.6023439	.1988528	0
972.15	0	.2011849	.5998554	.1989597	0
971.15	0	.2035757	.5973583	.199066	0
970.15	0	.2059755	.5948529	.1991716	0
969.15	0	.2083841	.5923394	.1992765	0
968.15	0	.2108012	.5898181	.1993807	0
967.15	0	.2132267	.5872892	.1994842	0
966.15	0	.2156602	.5847528	.1995869	0
965.15	0	.2181017	.5822093	.199689	0
964.15	0	.2205461	.5796632	.1997907	0
963.15	0	.2229186	.5771837	.1998977	0
962.15	0	.2253187	.5746783	.2000031	0
961.15	0	.2277446	.5721485	.200107	0
960.15	0	.2301949	.5695958	.2002093	0
959.15	0	.232668	.5670218	.2003102	0
958.15	0	.2351624	.564428	.2004096	0
957.15	0	.2376768	.5618156	.2005076	0
956.15	0	.2402099	.559186	.2006041	0
955.15	0	.2427602	.5565406	.2006992	0
954.15	0	.2453265	.5538806	.2007929	0
953.15	0	.2479077	.5512072	.2008851	0
952.15	0	.2505025	.5485214	.2009761	0
951.15	0	.2531098	.5458246	.2010656	0
950.15	0	.2557285	.5431178	.2011537	0
949.15	0	.2583575	.5404019	.2012405	0
948.15	0	.2609959	.5376781	.201326	0
947.15	0	.2636426	.5349473	.2014101	0
946.15	0	.2662967	.5322104	.2014929	0
945.15	0	.2689573	.5294684	.2015744	0
944.15	0	.2716234	.526722	.2016545	0
943.15	0	.2742943	.5239723	.2017334	0
942.15	0	.2769691	.52122	.2018109	0
941.15	0	.279647	.5184659	.2018871	0
940.15	0	.2823273	.5157108	.201962	0
939.15	0	.2850091	.5129553	.2020356	0
938.15	0	.2876919	.5102002	.2021078	0
937.15	0	.2903749	.5074463	.2021788	0
936.15	0	.2930574	.504694	.2022485	0
935.15	0	.2957389	.5019442	.2023169	0
934.15	0	.2984186	.4991974	.202384	0
933.15	0	.301096	.4964542	.2024498	0
932.15	0	.3037706	.4937151	.2025144	0
931.15	0	.3064417	.4909808	.2025776	0
930.15	0	.3091088	.4882517	.2026395	0
929.15	0	.3117715	.4855284	.2027001	0
928.15	0	.3144292	.4828113	.2027595	0
927.15	0	.3170815	.480101	.2028175	0
926.15	0	.3197278	.4773979	.2028743	0
925.15	0	.3223678	.4747025	.2029297	0
924.15	0	.325001	.4720152	.2029839	0
923.15	0	.327627	.4693363	.2030367	0
922.15	0	.3302453	.4666664	.2030883	0
921.15	0	.3328558	.4640057	.2031386	0
920.15	0	.3354578	.4613547	.2031875	0
919.15	0	.3380512	.4587136	.2032352	0
918.15	0	.3406355	.456083	.2032815	0
917.15	0	.3432104	.453463	.2033266	0
916.15	0	.3457756	.450854	.2033704	0
915.15	0	.3483308	.4482564	.2034128	0
914.15	0	.3508757	.4456704	.2034539	0
913.15	0	.35341	.4430963	.2034938	0
912.15	0	.3559334	.4405343	.2035323	0
911.15	0	.3584456	.4379848	.2035695	0
910.15	0	.3609465	.4354481	.2036055	0
909.15	0	.3634356	.4329243	.2036401	0
908.15	0	.3659129	.4304137	.2036734	0
907.15	0	.3683781	.4279165	.2037054	0
906.15	0	.3708309	.425433	.2037361	0
905.15	0	.3732711	.4229634	.2037655	0
904.15	0	.3756986	.4205079	.2037936	0
903.15	0	.3781131	.4180666	.2038203	0
902.15	0	.3805144	.4156398	.2038458	0
901.15	0	.3829023	.4132277	.20387	0
900.15	0	.3852767	.4108304	.2038929	0
899.15	0	.3876373	.4084482	.2039145	0
898.15	0	.3899841	.4060811	.2039348	0
897.15	0	.3923168	.4037294	.2039538	0
896.15	0	.3946353	.4013932	.2039715	0
895.15	0	.3969394	.3990727	.2039879	0
894.15	0	.399229	.396768	.204003	0
893.15	0	.4015039	.3944792	.2040169	0
892.15	0	.4037641	.3922064	.2040295	0
891.15	0	.4060092	.3899499	.2040408	0
890.15	0	.4082394	.3877097	.2040509	0
889.15	0	.4104543	.385486	.2040597	0
888.15	0	.412654	.3832788	.2040672	0
887.15	0	.4148382	.3810883	.2040735	0
886.15	0	.4170069	.3789146	.2040786	0
885.15	0	.41916	.3767577	.2040824	0
884.15	0	.4212973	.3746178	.2040849	0
883.15	0	.4234188	.3724949	.2040863	0
882.15	0	.4255243	.3703892	.2040865	0
881.15	0	.4276139	.3683007	.2040854	0
880.15	0	.4296873	.3662296	.2040831	0
879.15	0	.4317446	.3641758	.2040797	0
878.15	0	.4337856	.3621394	.2040751	0
877.15	0	.4358102	.3601205	.2040693	0
876.15	0	.4378185	.3581192	.2040623	0
875.15	0	.4398103	.3561355	.2040542	0
874.15	0	.4417856	.3541695	.2040449	0
873.15	0	.4437443	.3522212	.2040346	0
872.15	0	.4456864	.3502906	.2040231	0
871.15	0	.4476118	.3483778	.2040105	0
870.15	0	.4495205	.3464828	.2039968	0
869.15	0	.4514124	.3446056	.203982	0
868.15	0	.4532875	.3427463	.2039661	0
867.15	0	.4551459	.3409049	.2039492	0
866.15	0	.4569874	.3390814	.2039313	0
865.15	0	.458812	.3372757	.2039123	0
864.15	0	.4606198	.335488	.2038923	0
863.15	0	.4624106	.3337181	.2038713	0
862.15	0	.4641846	.3319661	.2038492	0
861.15	0	.4659417	.330232	.2038263	0
860.15	0	.467682	.3285157	.2038023	0
859.15	0	.4694053	.3268173	.2037774	0
858.15	0	.4711118	.3251366	.2037516	0
857.15	0	.4728014	.3234737	.2037249	0
856.15	0	.4744743	.3218285	.2036972	0
855.15	0	.4761303	.320201	.2036687	0
854.15	0	.4777696	.3185911	.2036393	0
853.15	0	.4793922	.3169988	.203609	0
852.15	0	.4809981	.3154241	.2035779	0
851.15	0	.4825873	.3138667	.2035459	0
850.15	0	.4841601	.3123268	.2035132	0
849.15	0	.4857163	.3108041	.2034796	0
848.15	0	.487256	.3092987	.2034453	0
847.15	0	.4887794	.3078105	.2034101	0
846.15	0	.4902864	.3063393	.2033743	0
845.15	0	.4917773	.3048851	.2033376	0
844.15	0	.4932519	.3034478	.2033003	0
843.15	0	.4947106	.3020272	.2032622	0
842.15	0	.4961532	.3006234	.2032235	0
841.15	0	.4975799	.2992361	.203184	0
840.15	0	.4989909	.2978652	.2031439	0
839.15	0	.5003862	.2965107	.2031031	0
838.15	0	.5017658	.2951724	.2030617	0
837.15	0	.5031301	.2938503	.2030197	0
836.15	0	.5044789	.2925441	.202977	0
835.15	0	.5058125	.2912537	.2029337	0
834.15	0	.507131	.2899791	.2028899	0
833.15	0	.5084345	.2887201	.2028455	0
832.15	0	.5097231	.2874765	.2028004	0
831.15	0	.5109969	.2862482	.2027549	0
830.15	0	.5122561	.2850351	.2027088	0
829.15	0	.5135008	.283837	.2026621	0
828.15	0	.5147312	.2826538	.202615	0
827.15	0	.5159473	.2814854	.2025673	0
826.15	0	.5171494	.2803315	.2025191	0
825.15	0	.5183375	.279192	.2024705	0
824.15	0	.5195118	.2780668	.2024214	0
823.15	0	.5206725	.2769558	.2023717	0
822.15	0	.5218196	.2758587	.2023217	0
821.15	0	.5229534	.2747755	.2022712	0
820.15	0	.5240739	.2737058	.2022202	0
819.15	0	.5251814	.2726498	.2021688	0
818.7081	0	.5256667	.2721873	.202146	0
818.7081	0	.5256667	.2721873	.202146	0
818.7081	0	.5256667	.2721873	.202146	0
818.15	0	.5294274	.2675511	.2010043	.002017123
817.15	0	.5360097	.2594175	.1989908	.005581981
816.15	0	.542398	.2514997	.1970172	.00908514
815.15	0	.5485989	.2437904	.1950824	.01252835
814.15	0	.554619	.2362824	.1931854	.01591327
813.15	0	.5604645	.2289691	.1913249	.01924151
812.15	0	.5661413	.2218439	.1895002	.0225146
811.15	0	.5716552	.2149008	.18771	.02573399
810.15	0	.5770114	.2081339	.1859536	.02890109
809.15	0	.5822152	.2015375	.18423	.03201726
808.15	0	.5872715	.1951063	.1825384	.03508377
807.15	0	.5921852	.1888351	.1808779	.03810187
806.15	0	.5969607	.1827188	.1792477	.04107275
805.15	0	.6016025	.1767529	.1776471	.04399757
804.15	0	.6061146	.1709327	.1760753	.04687741
803.15	0	.6105012	.1652539	.1745316	.04971334
802.15	0	.6147662	.1597122	.1730153	.05250639
801.15	0	.6189131	.1543036	.1715257	.05525754
800.15	0	.6229456	.1490243	.1700623	.05796773
799.15	0	.6268672	.1438705	.1686244	.06063789
798.15	0	.6306812	.1388386	.1672114	.0632689
797.15	0	.6343906	.1339251	.1658226	.06586161
796.15	0	.6379987	.1291268	.1644577	.06841685
795.15	0	.6415083	.1244403	.163116	.07093542
794.15	0	.6449223	.1198627	.1617969	.0734181
793.15	0	.6482435	.1153909	.1605001	.07586562
792.15	0	.6514744	.1110219	.1592249	.07827871
791.15	0	.6546178	.1067532	.157971	.08065808
790.15	0	.657676	.1025818	.1567378	.0830044
789.15	0	.6606514	.09850533	.1555249	.08531835
788.15	0	.6635464	.09452117	.1543319	.08760054
787.15	0	.6663631	.0906269	.1531584	.08985162
786.15	0	.6691038	.08682017	.1520038	.09207218
785.15	0	.6717706	.08309871	.1508679	.09426281
784.15	0	.6743654	.0794603	.1497502	.09642409
783.15	0	.6768902	.07590282	.1486504	.09855656
782.15	0	.679347	.07242418	.147568	.1006608
781.15	0	.6817376	.06902238	.1465028	.1027373
780.15	0	.6840637	.06569547	.1454543	.1047865
779.15	0	.6863271	.06244156	.1444223	.1068091
778.15	0	.6885295	.05925881	.1434063	.1088054
777.15	0	.6906725	.05614545	.1424061	.1107759
776.15	0	.6927577	.05309975	.1414214	.1127212
775.15	0	.6947866	.05012002	.1404517	.1146416
774.15	0	.6967608	.04720463	.1394969	.1165376
773.15	0	.6986817	.04435199	.1385566	.1184097
772.15	0	.7005506	.04156057	.1376306	.1202583
771.15	0	.7023691	.03882885	.1367184	.1220837
770.15	0	.7041383	.03615538	.13582	.1238864
769.15	0	.7058596	.03353875	.1349349	.1256668
768.15	0	.7075343	.03097755	.1340629	.1274252
767.15	0	.7091636	.02847045	.1332038	.1291621
766.15	0	.7107487	.02601613	.1323573	.1308778
765.15	0	.7122908	.02361331	.1315231	.1325727
764.15	0	.713791	.02126076	.1307011	.1342472
763.15	0	.7152503	.01895726	.1298909	.1359016
762.15	0	.71667	.01670162	.1290923	.1375361
761.15	0	.7180509	.01449269	.1283051	.1391513
760.15	0	.7193942	.01232935	.127529	.1407474
759.15	0	.7207009	.01021051	.126764	.1423247
758.15	0	.7219718	.008135086	.1260096	.1438835
757.15	0	.723208	.006102048	.1252657	.1454243
756.15	0	.7244104	.004110377	.1245321	.1469472
755.15	0	.7255798	.002159082	.1238086	.1484525
754.15	0	.7267172	2.471942E-04	.123095	.1499407
754.0192	0	.7268636	0	.1230024	.150134
754.0192	0	.7268636	0	.1230024	.150134
753.15	0	.7267536	0	.1228249	.1504214
752.15	0	.7266277	0	.1226214	.1507509
751.15	0	.7265024	0	.1224185	.1510791
750.15	0	.7263777	0	.1222162	.151406
749.15	0	.7262537	0	.1220146	.1517318
748.15	0	.7261302	0	.1218136	.1520562
747.15	0	.7260073	0	.1216132	.1523795
746.15	0	.7258851	0	.1214134	.1527015
745.15	0	.7257634	0	.1212143	.1530223
744.15	0	.7256423	0	.1210158	.1533419
743.15	0	.7255219	0	.1208179	.1536602
742.15	0	.725402	0	.1206207	.1539773
741.15	0	.7252827	0	.1204241	.1542932
740.15	0	.725164	0	.1202281	.154608
739.15	0	.7250458	0	.1200327	.1549215
738.15	0	.7249282	0	.119838	.1552338
737.15	0	.7248112	0	.1196439	.1555449
736.15	0	.7246948	0	.1194504	.1558548
735.15	0	.724579	0	.1192576	.1561635
734.15	0	.7244637	0	.1190653	.156471
733.15	0	.7243489	0	.1188737	.1567774
732.15	0	.7242347	0	.1186827	.1570826
731.15	0	.7241211	0	.1184924	.1573865
730.15	0	.724008	0	.1183026	.1576894
729.15	0	.7238955	0	.1181135	.157991
728.15	0	.7237835	0	.117925	.1582915
727.15	0	.723672	0	.1177372	.1585908
726.15	0	.7235611	0	.1175499	.1588889
725.15	0	.7234508	0	.1173633	.1591859
724.15	0	.7233409	0	.1171773	.1594818
723.15	0	.7232316	0	.116992	.1597764
722.15	0	.7231229	0	.1168072	.16007
721.15	0	.7230146	0	.1166231	.1603623
720.15	0	.7229069	0	.1164396	.1606536
719.15	0	.7227997	0	.1162567	.1609436
718.15	0	.722693	0	.1160744	.1612326
717.15	0	.7225868	0	.1158928	.1615204
716.15	0	.7224812	0	.1157118	.1618071
715.15	0	.722376	0	.1155314	.1620926
714.15	0	.7222714	0	.1153516	.162377
713.15	0	.7221673	0	.1151725	.1626603
712.15	0	.7220636	0	.1149939	.1629425
711.15	0	.7219605	0	.114816	.1632235
710.15	0	.7218579	0	.1146387	.1635034
709.15	0	.7217558	0	.114462	.1637822
708.15	0	.7216541	0	.114286	.1640599
707.15	0	.721553	0	.1141105	.1643365
706.15	0	.7214524	0	.1139357	.1646119
705.15	0	.7213522	0	.1137615	.1648863
704.15	0	.7212525	0	.1135879	.1651595
703.15	0	.7211533	0	.113415	.1654317
702.15	0	.7210546	0	.1132427	.1657027
701.15	0	.7209564	0	.1130709	.1659727
700.15	0	.7208587	0	.1128998	.1662415
699.15	0	.7207614	0	.1127293	.1665093
698.15	0	.7206646	0	.1125595	.1667759
697.15	0	.7205683	0	.1123902	.1670415
696.15	0	.7204725	0	.1122216	.167306
695.15	0	.7203771	0	.1120536	.1675694
694.15	0	.7202822	0	.1118862	.1678317
693.15	0	.7201877	0	.1117194	.1680929
692.15	0	.7200937	0	.1115532	.168353
691.15	0	.7200002	0	.1113877	.1686121
690.15	0	.7199072	0	.1112227	.1688701
689.15	0	.7198146	0	.1110584	.169127
688.15	0	.7197224	0	.1108947	.1693829
687.15	0	.7196307	0	.1107317	.1696376
686.15	0	.7195395	0	.1105692	.1698913
685.15	0	.7194487	0	.1104073	.170144
684.15	0	.7193583	0	.1102461	.1703956
683.15	0	.7192685	0	.1100855	.1706461
682.15	0	.719179	0	.1099255	.1708955
681.15	0	.71909	0	.1097661	.1711439
680.15	0	.7190014	0	.1096073	.1713913
679.15	0	.7189133	0	.1094491	.1716375
678.15	0	.7188256	0	.1092916	.1718828
677.15	0	.7187384	0	.1091347	.1721269
676.15	0	.7186516	0	.1089783	.1723701
675.15	0	.7185652	0	.1088226	.1726121
674.15	0	.7184793	0	.1086676	.1728532
673.15	0	.7183938	0	.1085131	.1730932
672.15	0	.7183087	0	.1083592	.1733321
671.15	0	.7182241	0	.108206	.17357
670.15	0	.7181398	0	.1080533	.1738069
669.15	0	.718056	0	.1079013	.1740427
668.15	0	.7179727	0	.1077499	.1742775
667.15	0	.7178897	0	.1075991	.1745112
666.15	0	.7178072	0	.1074489	.1747439
665.15	0	.7177251	0	.1072993	.1749756
664.15	0	.7176434	0	.1071504	.1752063
663.15	0	.7175621	0	.107002	.1754359
662.15	0	.7174813	0	.1068543	.1756645
661.15	0	.7174008	0	.1067071	.1758921
660.15	0	.7173208	0	.1065606	.1761186
659.15	0	.7172412	0	.1064147	.1763441
658.15	0	.717162	0	.1062694	.1765687
657.15	0	.7170832	0	.1061247	.1767921
656.15	0	.7170048	0	.1059806	.1770146
655.15	0	.7169268	0	.1058372	.1772361
654.15	0	.7168492	0	.1056943	.1774565
653.15	0	.716772	0	.105552	.177676
652.15	0	.7166952	0	.1054104	.1778944
651.15	0	.7166189	0	.1052694	.1781118
650.15	0	.7165429	0	.1051289	.1783282
649.15	0	.7164673	0	.1049891	.1785436
648.15	0	.7163921	0	.1048499	.178758
647.15	0	.7163173	0	.1047113	.1789714
646.15	0	.7162429	0	.1045733	.1791838
645.15	0	.7161689	0	.1044359	.1793951
644.15	0	.7160953	0	.1042991	.1796055
643.15	0	.7160221	0	.104163	.1798149
642.15	0	.7159493	0	.1040274	.1800233
641.15	0	.7158769	0	.1038924	.1802307
640.15	0	.7158048	0	.1037581	.1804371
639.15	0	.7157331	0	.1036243	.1806426
638.15	0	.7156619	0	.1034912	.180847
637.15	0	.715591	0	.1033586	.1810504
636.15	0	.7155205	0	.1032267	.1812529
635.15	0	.7154503	0	.1030953	.1814544
634.15	0	.7153806	0	.1029646	.1816548
633.15	0	.7153112	0	.1028345	.1818543
632.15	0	.7152422	0	.1027049	.1820529
631.15	0	.7151736	0	.102576	.1822504
630.15	0	.7151053	0	.1024477	.182447
629.15	0	.7150375	0	.1023199	.1826426
628.15	0	.71497	0	.1021928	.1828372
627.15	0	.7149029	0	.1020663	.1830309
626.15	0	.7148361	0	.1019404	.1832235
625.15	0	.7147697	0	.101815	.1834152
624.15	0	.7147037	0	.1016903	.183606
623.15	0	.7146381	0	.1015662	.1837957
622.15	0	.7145728	0	.1014426	.1839846
621.15	0	.7145079	0	.1013197	.1841724
620.15	0	.7144434	0	.1011974	.1843593
619.15	0	.7143792	0	.1010756	.1845452
618.15	0	.7143154	0	.1009545	.1847302
617.15	0	.7142519	0	.1008339	.1849142
616.15	0	.7141888	0	.100714	.1850972
615.15	0	.714126	0	.1005946	.1852793
614.15	0	.7140637	0	.1004759	.1854605
613.15	0	.7140017	0	.1003577	.1856407
612.15	0	.71394	0	.1002401	.1858199
611.15	0	.7138787	0	.1001231	.1859982
610.15	0	.7138177	0	.1000067	.1861756
609.15	0	.7137571	0	.09989093	.186352
608.15	0	.7136969	0	.09977572	.1865274
607.15	0	.713637	0	.09966109	.186702
606.15	0	.7135774	0	.09954706	.1868756
605.15	0	.7135182	0	.09943362	.1870482
604.15	0	.7134593	0	.09932076	.1872199
603.15	0	.7134008	0	.09920849	.1873907
602.15	0	.7133427	0	.09909681	.1875605
601.15	0	.7132848	0	.09898572	.1877294
600.15	0	.7132274	0	.09887521	.1878974
599.15	0	.7131702	0	.09876528	.1880645
598.15	0	.7131134	0	.09865595	.1882306
597.15	0	.713057	0	.09854719	.1883958
596.15	0	.7130009	0	.09843901	.1885601
595.15	0	.7129451	0	.09833142	.1887235
594.15	0	.7128897	0	.09822441	.1888859
593.15	0	.7128346	0	.09811799	.1890474
592.15	0	.7127798	0	.09801214	.1892081
591.15	0	.7127254	0	.09790687	.1893678
590.15	0	.7126713	0	.09780217	.1895265
589.15	0	.7126175	0	.09769806	.1896844
588.15	0	.7125641	0	.09759452	.1898414
587.15	0	.712511	0	.09749156	.1899974
586.15	0	.7124582	0	.09738918	.1901526
585.15	0	.7124058	0	.09728736	.1903069
584.15	0	.7123537	0	.09718613	.1904602
583.15	0	.7123019	0	.09708546	.1906127
582.15	0	.7122504	0	.09698537	.1907642
581.15	0	.7121993	0	.09688584	.1909149
580.15	0	.7121485	0	.09678689	.1910647
579.15	0	.712098	0	.09668851	.1912135
578.15	0	.7120478	0	.09659069	.1913615
577.15	0	.711998	0	.09649344	.1915086
576.15	0	.7119484	0	.09639676	.1916548
575.15	0	.7118992	0	.09630064	.1918002
574.15	0	.7118503	0	.09620509	.1919446
573.15	0	.7118017	0	.0961101	.1920882
572.15	0	.7117535	0	.09601567	.1922309
571.15	0	.7117055	0	.09592181	.1923727
570.15	0	.7116579	0	.0958285	.1925136
569.15	0	.7116106	0	.09573576	.1926537
568.15	0	.7115636	0	.09564357	.1927929
567.15	0	.7115169	0	.09555194	.1929312
566.15	0	.7114705	0	.09546086	.1930687
565.15	0	.7114244	0	.09537035	.1932053
564.15	0	.7113786	0	.09528038	.193341
563.15	0	.7113331	0	.09519097	.1934759
562.15	0	.711288	0	.09510211	.1936099
561.15	0	.7112431	0	.0950138	.1937431
560.15	0	.7111985	0	.09492604	.1938754
559.15	0	.7111543	0	.09483883	.1940069
558.15	0	.7111103	0	.09475216	.1941375
557.15	0	.7110667	0	.09466604	.1942673
556.15	0	.7110233	0	.09458047	.1943962
555.15	0	.7109803	0	.09449544	.1945243
554.15	0	.7109375	0	.09441095	.1946515
553.15	0	.710895	0	.094327	.1947779
552.15	0	.7108529	0	.0942436	.1949035
551.15	0	.710811	0	.09416073	.1950283
550.15	0	.7107694	0	.0940784	.1951522
549.15	0	.7107282	0	.0939966	.1952753
548.15	0	.7106872	0	.09391534	.1953975
547.15	0	.7106464	0	.09383461	.1955189
546.15	0	.710606	0	.09375442	.1956396
545.15	0	.7105659	0	.09367475	.1957593
544.15	0	.7105261	0	.09359562	.1958783
543.15	0	.7104865	0	.09351701	.1959965
542.15	0	.7104472	0	.09343893	.1961139
541.15	0	.7104082	0	.09336137	.1962304
540.15	0	.7103695	0	.09328434	.1963461
539.15	0	.7103311	0	.09320783	.1964611
538.15	0	.710293	0	.09313184	.1965752
537.15	0	.7102551	0	.09305637	.1966885
536.15	0	.7102175	0	.09298142	.1968011
535.15	0	.7101802	0	.09290699	.1969128
534.15	0	.7101432	0	.09283307	.1970238
533.15	0	.7101064	0	.09275966	.1971339
532.15	0	.7100699	0	.09268677	.1972433
531.15	0	.7100337	0	.09261438	.1973519
530.15	0	.7099978	0	.09254251	.1974597
529.15	0	.7099621	0	.09247114	.1975668
528.15	0	.7099267	0	.09240028	.197673
527.15	0	.7098916	0	.09232992	.1977785
526.15	0	.7098567	0	.09226006	.1978832
525.15	0	.7098221	0	.09219071	.1979872
524.15	0	.7097878	0	.09212185	.1980904
523.15	0	.7097537	0	.09205349	.1981928
522.15	0	.7097199	0	.09198563	.1982944
521.15	0	.7096864	0	.09191826	.1983953
520.15	0	.7096531	0	.09185139	.1984955
519.15	0	.7096201	0	.091785	.1985949
518.15	0	.7095873	0	.09171911	.1986935
517.15	0	.7095548	0	.0916537	.1987915
516.15	0	.7095226	0	.09158878	.1988886
515.15	0	.7094906	0	.09152434	.198985
514.15	0	.7094589	0	.09146038	.1990807
513.15	0	.7094274	0	.09139691	.1991757
512.15	0	.7093962	0	.09133391	.1992699
511.15	0	.7093652	0	.09127139	.1993634
510.15	0	.7093345	0	.09120935	.1994562
509.15	0	.709304	0	.09114778	.1995482
508.15	0	.7092738	0	.09108668	.1996396
507.15	0	.7092438	0	.09102605	.1997302
506.15	0	.709214	0	.09096588	.1998201
505.15	0	.7091845	0	.09090619	.1999093
504.15	0	.7091553	0	.09084695	.1999978
503.15	0	.7091263	0	.09078818	.2000855
502.15	0	.7090975	0	.09072987	.2001726
501.15	0	.709069	0	.09067202	.200259
500.15	0	.7090407	0	.09061462	.2003447
499.15	0	.7090127	0	.09055768	.2004297
498.15	0	.7089848	0	.09050119	.200514
497.15	0	.7089573	0	.09044515	.2005976
496.15	0	.7089299	0	.09038956	.2006805
495.15	0	.7089028	0	.09033441	.2007628
494.15	0	.7088759	0	.09027971	.2008444
493.15	0	.7088493	0	.09022545	.2009253
492.15	0	.7088229	0	.09017164	.2010055
491.15	0	.7087967	0	.09011826	.2010851
490.15	0	.7087707	0	.09006531	.201164
489.15	0	.708745	0	.09001281	.2012422
488.15	0	.7087195	0	.08996073	.2013198
487.15	0	.7086942	0	.08990908	.2013968
486.15	0	.7086691	0	.08985786	.2014731
485.15	0	.7086442	0	.08980707	.2015487
484.15	0	.7086196	0	.0897567	.2016237
483.15	0	.7085952	0	.08970675	.201698
482.15	0	.708571	0	.08965723	.2017718
481.15	0	.708547	0	.08960812	.2018448
480.15	0	.7085233	0	.08955942	.2019173
479.15	0	.7084997	0	.08951114	.2019891
478.15	0	.7084764	0	.08946327	.2020603
477.15	0	.7084533	0	.0894158	.2021309
476.15	0	.7084304	0	.08936875	.2022009
475.15	0	.7084077	0	.0893221	.2022702
474.15	0	.7083852	0	.08927585	.202339
473.15	0	.7083629	0	.08922999	.2024071
472.15	0	.7083408	0	.08918454	.2024746
471.15	0	.708319	0	.08913949	.2025416
470.15	0	.7082973	0	.08909482	.2026079
469.15	0	.7082758	0	.08905055	.2026736
468.15	0	.7082545	0	.08900667	.2027388
