T	 BPW(LIQUID)	BPW(BCC_A2)	BPW(FCC_A1)	BPW(LAVES_PHASE_C14)	BPW(NI3TI)
1473.15	.4634575	.5365425	0	0	0
1472.15	.46028	.53972	0	0	0
1471.15	.457123	.542877	0	0	0
1470.15	.4539863	.5460137	0	0	0
1469.15	.4508698	.5491302	0	0	0
1468.15	.4477734	.5522266	0	0	0
1467.15	.4446969	.5553031	0	0	0
1466.15	.4416401	.5583599	0	0	0
1465.15	.438603	.561397	0	0	0
1464.15	.4355854	.5644146	0	0	0
1463.15	.4325871	.5674129	0	0	0
1462.15	.429608	.570392	0	0	0
1461.15	.4266479	.5733521	0	0	0
1460.15	.4237068	.5762932	0	0	0
1459.15	.4207845	.5792155	0	0	0
1458.15	.4178808	.5821192	0	0	0
1457.15	.4149956	.5850044	0	0	0
1456.15	.4121289	.5878711	0	0	0
1455.15	.4092803	.5907197	0	0	0
1454.15	.4064499	.5935501	0	0	0
1453.15	.4036375	.5963625	0	0	0
1452.15	.400843	.599157	0	0	0
1451.15	.3980662	.6019338	0	0	0
1450.15	.395307	.604693	0	0	0
1449.15	.3925653	.6074347	0	0	0
1448.15	.389841	.610159	0	0	0
1447.15	.3871339	.6128661	0	0	0
1446.15	.384444	.615556	0	0	0
1445.15	.381771	.618229	0	0	0
1444.15	.379115	.620885	0	0	0
1443.15	.3764757	.6235243	0	0	0
1442.15	.373853	.626147	0	0	0
1441.15	.3712469	.6287531	0	0	0
1440.15	.3686572	.6313428	0	0	0
1439.15	.3660838	.6339162	0	0	0
1438.15	.3635266	.6364734	0	0	0
1437.15	.3609854	.6390146	0	0	0
1436.15	.3584603	.6415397	0	0	0
1435.15	.3559509	.6440491	0	0	0
1434.15	.3534574	.6465426	0	0	0
1433.15	.3509794	.6490206	0	0	0
1432.15	.348517	.651483	0	0	0
1431.15	.34607	.65393	0	0	0
1430.15	.3436383	.6563617	0	0	0
1429.15	.3412219	.6587781	0	0	0
1428.15	.3388205	.6611795	0	0	0
1427.15	.3364342	.6635659	0	0	0
1426.15	.3340627	.6659373	0	0	0
1425.15	.331706	.668294	0	0	0
1424.15	.329364	.670636	0	0	0
1423.15	.3270366	.6729634	0	0	0
1422.15	.3247237	.6752763	0	0	0
1421.15	.3224252	.6775748	0	0	0
1420.15	.3201411	.679859	0	0	0
1419.15	.3178711	.682129	0	0	0
1418.15	.3156152	.6843849	0	0	0
1417.15	.3133733	.6866267	0	0	0
1416.15	.3111453	.6888547	0	0	0
1415.15	.3089311	.6910689	0	0	0
1414.15	.3067307	.6932693	0	0	0
1413.15	.3045439	.6954561	0	0	0
1412.15	.3023706	.6976294	0	0	0
1411.15	.3002108	.6997892	0	0	0
1410.15	.2980643	.7019357	0	0	0
1409.15	.2959312	.7040689	0	0	0
1408.15	.2938111	.7061889	0	0	0
1407.15	.2917042	.7082958	0	0	0
1406.15	.2896103	.7103897	0	0	0
1405.15	.2875293	.7124707	0	0	0
1404.15	.2854611	.7145389	0	0	0
1403.15	.2834057	.7165943	0	0	0
1402.15	.2813629	.7186371	0	0	0
1401.15	.2793327	.7206673	0	0	0
1400.15	.277315	.722685	0	0	0
1399.15	.2753097	.7246903	0	0	0
1398.15	.2733167	.7266833	0	0	0
1397.15	.271336	.728664	0	0	0
1396.15	.2693674	.7306326	0	0	0
1395.15	.2674109	.7325891	0	0	0
1394.15	.2654664	.7345336	0	0	0
1393.15	.2635338	.7364662	0	0	0
1392.15	.2616131	.7383869	0	0	0
1391.15	.2597041	.7402959	0	0	0
1390.15	.2578068	.7421932	0	0	0
1389.15	.2559212	.7440788	0	0	0
1388.15	.254047	.745953	0	0	0
1387.15	.2521844	.7478157	0	0	0
1386.15	.2503331	.7496669	0	0	0
1385.15	.2484931	.7515069	0	0	0
1384.225	.2468004	.7531996	0	0	0
1384.225	.2468004	.7531996	0	0	0
1384.225	.2468004	.7531996	0	0	0
1384.15	.2465875	.7533248	0	8.771935E-05	0
1383.15	.2437493	.7549919	0	.001258728	0
1382.15	.2409387	.7566397	0	.002421632	0
1381.15	.238155	.7582684	0	.00357656	0
1380.15	.235398	.7598784	0	.004723636	0
1379.15	.2326672	.7614699	0	.005862982	0
1378.15	.2299621	.7630431	0	.006994717	0
1377.15	.2272825	.7645985	0	.008118957	0
1376.15	.224628	.7661362	0	.009235818	0
1375.15	.221998	.7676566	0	.01034541	0
1374.15	.2193923	.7691598	0	.01144785	0
1373.15	.2168105	.7706462	0	.01254323	0
1372.15	.2142523	.772116	0	.01363168	0
1371.15	.2117173	.7735695	0	.01471328	0
1370.15	.2092051	.7750068	0	.01578814	0
1369.15	.2067154	.7764282	0	.01685637	0
1368.15	.2042479	.7778341	0	.01791805	0
1367.15	.2018022	.7792245	0	.01897329	0
1366.15	.1993781	.7805997	0	.02002218	0
1365.15	.1969752	.78196	0	.02106481	0
1364.15	.1945931	.7833056	0	.02210127	0
1363.15	.1922318	.7846366	0	.02313165	0
1362.15	.1898907	.7859533	0	.02415603	0
1361.15	.1875696	.7872559	0	.02517451	0
1360.15	.1852682	.7885446	0	.02618717	0
1359.15	.1829863	.7898196	0	.02719408	0
1358.15	.1807236	.7910811	0	.02819533	0
1357.15	.1784797	.7923293	0	.029191	0
1356.15	.1762545	.7935643	0	.03018117	0
1355.15	.1740477	.7947864	0	.03116591	0
1354.15	.171859	.7959957	0	.03214529	0
1353.15	.1696882	.7971925	0	.0331194	0
1352.15	.1675349	.7983768	0	.0340883	0
1351.15	.1653991	.7995489	0	.03505206	0
1350.15	.1632803	.8007089	0	.03601076	0
1349.15	.1611785	.801857	0	.03696446	0
1348.15	.1590933	.8029934	0	.03791323	0
1347.15	.1570246	.8041183	0	.03885713	0
1346.15	.1549721	.8052317	0	.03979624	0
1345.15	.1529356	.8063338	0	.0407306	0
1344.15	.1509149	.8074249	0	.0416603	0
1343.15	.1489097	.808505	0	.04258538	0
1342.15	.1469199	.8095742	0	.04350591	0
1341.15	.1449452	.8106329	0	.04442195	0
1340.15	.1429855	.811681	0	.04533355	0
1339.15	.1410405	.8127187	0	.04624078	0
1338.15	.1391101	.8137462	0	.04714369	0
1337.15	.1371941	.8147636	0	.04804233	0
1336.15	.1352923	.815771	0	.04893676	0
1335.404	.1338822	.8165163	0	.0496015	0
1335.404	.1338822	.8165163	0	.0496015	0
1335.404	.1338822	.8165163	0	.0496015	0
1335.15	.1316167	.8154378	.002860645	.05008487	0
1334.15	.1227068	.8112417	.01407507	.0519765	0
1333.15	.1138235	.807131	.0251981	.05384746	0
1332.15	.1049661	.8031047	.03623119	.05569807	0
1331.15	.09613373	.7991618	.04717576	.05752866	0
1330.15	.08732578	.7953015	.05803319	.05933952	0
1329.15	.07854145	.7915227	.06880485	.06113096	0
1328.15	.06978004	.7878246	.07949209	.06290328	0
1327.15	.06104085	.7842062	.09009621	.06465675	0
1326.15	.05232319	.7806666	.1006185	.06639168	0
1325.15	.04362638	.7772051	.1110602	.06810832	0
1324.15	.03494977	.7738206	.1214227	.06980696	0
1323.15	.0262927	.7705125	.131707	.07148786	0
1322.15	.01765455	.7672798	.1419144	.07315127	0
1321.15	.00903469	.7641217	.1520461	.07479747	0
1320.15	4.325125E-04	.7610375	.1621033	.07642668	0
1320.1	0	.7608842	.1626075	.07650824	0
1320.1	0	.7608842	.1626075	.07650824	0
1319.15	0	.7593513	.1636183	.07703041	0
1318.15	0	.7577416	.1646797	.07757873	0
1317.15	0	.7561367	.1657378	.07812551	0
1316.15	0	.7545363	.1667929	.07867076	0
1315.15	0	.7529407	.1678449	.07921446	0
1314.15	0	.7513497	.1688937	.07975665	0
1313.15	0	.7497633	.1699394	.08029731	0
1312.15	0	.7481815	.1709821	.08083645	0
1311.15	0	.7466043	.1720216	.08137409	0
1310.15	0	.7450317	.1730581	.08191023	0
1309.15	0	.7434637	.1740915	.08244487	0
1308.15	0	.7419002	.1751218	.08297802	0
1307.15	0	.7403412	.1761491	.08350969	0
1306.15	0	.7387868	.1771733	.08403989	0
1305.15	0	.737237	.1781944	.08456861	0
1304.15	0	.7356916	.1792125	.08509586	0
1303.15	0	.7341507	.1802276	.08562166	0
1302.15	0	.7326144	.1812396	.086146	0
1301.15	0	.7310825	.1822486	.0866689	0
1300.15	0	.729555	.1832546	.08719035	0
1299.15	0	.7280321	.1842576	.08771037	0
1298.15	0	.7265135	.1852575	.08822896	0
1297.15	0	.7249994	.1862545	.08874613	0
1296.15	0	.7234897	.1872485	.08926187	0
1295.15	0	.7219844	.1882394	.08977621	0
1294.15	0	.7204835	.1892274	.09028914	0
1293.15	0	.718987	.1902124	.09080066	0
1292.15	0	.7174948	.1911944	.09131079	0
1291.15	0	.716007	.1921734	.09181954	0
1290.15	0	.7145236	.1931495	.09232689	0
1289.15	0	.7130445	.1941226	.09283287	0
1288.15	0	.7115697	.1950928	.09333748	0
1287.15	0	.7100993	.19606	.09384071	0
1286.15	0	.7086331	.1970243	.09434259	0
1285.15	0	.7071713	.1979856	.09484311	0
1284.15	0	.7057137	.198944	.09534227	0
1283.15	0	.7042604	.1998995	.09584009	0
1282.15	0	.7028114	.200852	.09633657	0
1281.15	0	.7013667	.2018016	.09683171	0
1280.15	0	.6999262	.2027483	.09732553	0
1279.15	0	.6984899	.2036921	.09781802	0
1278.15	0	.6970578	.204633	.09830919	0
1277.15	0	.69563	.205571	.09879904	0
1276.15	0	.6942064	.206506	.09928759	0
1275.15	0	.692787	.2074382	.09977483	0
1274.15	0	.6913717	.2083675	.1002608	0
1273.15	0	.6899607	.2092939	.1007454	0
1272.15	0	.6885538	.2102175	.1012288	0
1271.15	0	.687151	.2111381	.1017109	0
1270.15	0	.6857525	.2120559	.1021916	0
1269.15	0	.684358	.2129708	.1026712	0
1268.15	0	.6829677	.2138829	.1031494	0
1267.15	0	.6815815	.2147921	.1036264	0
1266.15	0	.6801995	.2156984	.1041021	0
1265.15	0	.6788215	.2166019	.1045766	0
1264.15	0	.6774477	.2175025	.1050498	0
1263.15	0	.6760779	.2184003	.1055218	0
1262.15	0	.6747122	.2192953	.1059926	0
1261.15	0	.6733506	.2201874	.1064621	0
1260.15	0	.671993	.2210767	.1069303	0
1259.15	0	.6706395	.2219631	.1073974	0
1258.15	0	.6692901	.2228467	.1078632	0
1257.15	0	.6679447	.2237275	.1083278	0
1256.15	0	.6666033	.2246055	.1087912	0
1255.15	0	.6652659	.2254807	.1092534	0
1254.15	0	.6639326	.226353	.1097144	0
1253.15	0	.6626033	.2272226	.1101742	0
1252.15	0	.6612779	.2280893	.1106328	0
1251.15	0	.6599566	.2289532	.1110902	0
1250.15	0	.6586392	.2298144	.1115464	0
1249.15	0	.6573258	.2306727	.1120015	0
1248.15	0	.6560164	.2315283	.1124553	0
1247.15	0	.654711	.232381	.112908	0
1246.15	0	.6534095	.233231	.1133596	0
1245.15	0	.6521119	.2340781	.1138099	0
1244.15	0	.6508183	.2349226	.1142591	0
1243.15	0	.6495287	.2357642	.1147072	0
1242.15	0	.6482429	.236603	.1151541	0
1241.15	0	.6469611	.2374391	.1155999	0
1240.15	0	.6456832	.2382724	.1160445	0
1239.15	0	.6444092	.2391029	.116488	0
1238.15	0	.6431391	.2399306	.1169303	0
1237.15	0	.6418728	.2407556	.1173715	0
1236.15	0	.6406105	.2415779	.1178116	0
1235.15	0	.6393521	.2423973	.1182506	0
1234.15	0	.6380975	.243214	.1186885	0
1233.15	0	.6368468	.244028	.1191252	0
1232.15	0	.6356	.2448392	.1195609	0
1231.15	0	.634357	.2456476	.1199954	0
1230.15	0	.6331178	.2464533	.1204288	0
1229.15	0	.6318825	.2472563	.1208612	0
1228.15	0	.6306511	.2480565	.1212924	0
1227.15	0	.6294234	.2488539	.1217226	0
1226.15	0	.6281996	.2496487	.1221517	0
1225.15	0	.6269797	.2504406	.1225797	0
1224.15	0	.6257635	.2512299	.1230066	0
1223.15	0	.6245512	.2520164	.1234325	0
1222.15	0	.6233426	.2528002	.1238573	0
1221.15	0	.6221379	.2535812	.124281	0
1220.15	0	.6209369	.2543595	.1247036	0
1219.15	0	.6197397	.255135	.1251252	0
1218.15	0	.6185463	.2559079	.1255458	0
1217.15	0	.6173567	.256678	.1259653	0
1216.15	0	.6161709	.2574454	.1263837	0
1215.15	0	.6149888	.25821	.1268012	0
1214.15	0	.6138105	.258972	.1272175	0
1213.15	0	.612636	.2597312	.1276329	0
1212.15	0	.6114652	.2604876	.1280472	0
1211.15	0	.6102981	.2612414	.1284605	0
1210.15	0	.6091348	.2619924	.1288727	0
1209.15	0	.6079753	.2627408	.129284	0
1208.15	0	.6068195	.2634864	.1296942	0
1207.15	0	.6056674	.2642292	.1301034	0
1206.15	0	.604519	.2649694	.1305116	0
1205.15	0	.6033744	.2657068	.1309188	0
1204.15	0	.6022334	.2664416	.131325	0
1203.15	0	.6010962	.2671736	.1317302	0
1202.15	0	.5999627	.2679029	.1321344	0
1201.15	0	.598833	.2686294	.1325376	0
1200.15	0	.5977069	.2693533	.1329398	0
1199.15	0	.5965845	.2700745	.133341	0
1198.15	0	.5954658	.2707929	.1337413	0
1197.15	0	.5943508	.2715086	.1341406	0
1196.15	0	.5932395	.2722216	.1345389	0
1195.15	0	.5921319	.2729319	.1349362	0
1194.15	0	.591028	.2736395	.1353325	0
1193.15	0	.5899277	.2743443	.1357279	0
1192.15	0	.5888312	.2750465	.1361224	0
1191.15	0	.5877383	.2757459	.1365158	0
1190.15	0	.586649	.2764426	.1369084	0
1189.15	0	.5855635	.2771366	.1372999	0
1188.15	0	.5844816	.2778279	.1376905	0
1187.15	0	.5834034	.2785164	.1380802	0
1186.15	0	.5823288	.2792023	.1384689	0
1185.15	0	.5812579	.2798854	.1388567	0
1184.15	0	.5801906	.2805658	.1392436	0
1183.15	0	.579127	.2812435	.1396295	0
1182.15	0	.5780671	.2819185	.1400145	0
1181.15	0	.5770107	.2825908	.1403985	0
1180.15	0	.5759581	.2832603	.1407817	0
1179.15	0	.5749091	.2839271	.1411639	0
1178.15	0	.5738637	.2845912	.1415452	0
1177.15	0	.5728219	.2852525	.1419255	0
1176.15	0	.5717838	.2859112	.142305	0
1175.15	0	.5707494	.2865671	.1426835	0
1174.15	0	.5697185	.2872203	.1430612	0
1173.15	0	.5686913	.2878707	.1434379	0
1172.15	0	.5676678	.2885185	.1438138	0
1171.15	0	.5666478	.2891634	.1441887	0
1170.15	0	.5656315	.2898057	.1445628	0
1169.15	0	.5646188	.2904452	.1449359	0
1168.15	0	.5636098	.291082	.1453082	0
1167.15	0	.5626043	.2917161	.1456796	0
1166.15	0	.5616025	.2923474	.1460501	0
1165.15	0	.5606043	.292976	.1464197	0
1164.15	0	.5596098	.2936018	.1467884	0
1163.15	0	.5586188	.2942249	.1471563	0
1162.15	0	.5576315	.2948452	.1475233	0
1161.15	0	.5566478	.2954628	.1478894	0
1160.15	0	.5556677	.2960777	.1482547	0
1159.15	0	.5546912	.2966898	.148619	0
1158.15	0	.5537183	.2972991	.1489826	0
1157.15	0	.5527491	.2979057	.1493452	0
1156.15	0	.5517835	.2985095	.149707	0
1155.15	0	.5508215	.2991106	.150068	0
1154.15	0	.549863	.2997089	.1504281	0
1153.15	0	.5489082	.3003044	.1507873	0
1152.15	0	.5479571	.3008972	.1511457	0
1151.15	0	.5470095	.3014872	.1515033	0
1150.15	0	.5460656	.3020744	.15186	0
1149.15	0	.5451253	.3026588	.1522159	0
1148.15	0	.5441886	.3032405	.1525709	0
1147.15	0	.5432555	.3038193	.1529251	0
1146.15	0	.5423261	.3043954	.1532785	0
1145.15	0	.5414002	.3049687	.153631	0
1144.15	0	.540478	.3055392	.1539828	0
1143.15	0	.5395594	.3061069	.1543337	0
1142.15	0	.5386444	.3066718	.1546837	0
1141.15	0	.5377331	.307234	.155033	0
1140.15	0	.5368253	.3077933	.1553814	0
1139.15	0	.5359213	.3083498	.155729	0
1138.15	0	.5350208	.3089034	.1560758	0
1137.15	0	.5341239	.3094543	.1564218	0
1136.15	0	.5332307	.3100024	.156767	0
1135.15	0	.5323411	.3105476	.1571113	0
1134.15	0	.5314551	.31109	.1574549	0
1133.15	0	.5305728	.3116296	.1577977	0
1132.15	0	.5296941	.3121663	.1581396	0
1131.15	0	.528819	.3127002	.1584808	0
1130.15	0	.5279476	.3132313	.1588212	0
1129.15	0	.5270798	.3137595	.1591607	0
1128.15	0	.5262156	.3142848	.1594995	0
1127.15	0	.5253551	.3148073	.1598375	0
1126.15	0	.5244983	.315327	.1601747	0
1125.15	0	.5236451	.3158438	.1605112	0
1124.15	0	.5227955	.3163577	.1608468	0
1123.15	0	.5219496	.3168687	.1611817	0
1122.15	0	.5211074	.3173769	.1615157	0
1121.15	0	.5202688	.3178822	.161849	0
1120.15	0	.5194338	.3183846	.1621816	0
1119.15	0	.5186026	.3188841	.1625133	0
1118.15	0	.517775	.3193807	.1628443	0
1117.15	0	.5169511	.3198744	.1631745	0
1116.15	0	.5161308	.3203653	.1635039	0
1115.15	0	.5153143	.3208532	.1638326	0
1114.15	0	.5145014	.3213381	.1641605	0
1113.15	0	.5136922	.3218202	.1644877	0
1112.15	0	.5128866	.3222993	.164814	0
1111.15	0	.5120848	.3227755	.1651397	0
1110.15	0	.5112867	.3232488	.1654645	0
1109.15	0	.5104922	.3237191	.1657887	0
1108.15	0	.5097015	.3241865	.166112	0
1107.15	0	.5089145	.3246509	.1664346	0
1106.15	0	.5081312	.3251123	.1667565	0
1105.15	0	.5073516	.3255709	.1670776	0
1104.15	0	.5065757	.3260264	.167398	0
1103.15	0	.5058035	.3264789	.1677176	0
1102.15	0	.5050351	.3269285	.1680364	0
1101.15	0	.5042704	.327375	.1683546	0
1100.15	0	.5035094	.3278186	.168672	0
1099.15	0	.5027522	.3282592	.1689886	0
1098.15	0	.5019988	.3286967	.1693045	0
1097.15	0	.501249	.3291313	.1696197	0
1096.15	0	.5005031	.3295628	.1699341	0
1095.15	0	.4997609	.3299913	.1702478	0
1094.15	0	.4990224	.3304168	.1705608	0
1093.15	0	.4982878	.3308392	.1708731	0
1092.15	0	.4975569	.3312585	.1711846	0
1091.15	0	.4968298	.3316749	.1714954	0
1090.15	0	.4961065	.3320881	.1718054	0
1089.15	0	.4953869	.3324983	.1721148	0
1088.15	0	.4946712	.3329054	.1724234	0
1087.15	0	.4939593	.3333094	.1727313	0
1086.15	0	.4932512	.3337103	.1730385	0
1085.15	0	.4925469	.3341082	.1733449	0
1084.15	0	.4918465	.3345029	.1736506	0
1083.15	0	.4911499	.3348945	.1739557	0
1082.15	0	.4904571	.335283	.1742599	0
1081.15	0	.4897681	.3356684	.1745635	0
1080.15	0	.489083	.3360506	.1748664	0
1079.15	0	.4884018	.3364297	.1751686	0
1078.15	0	.4877244	.3368056	.17547	0
1077.15	0	.4870509	.3371784	.1757707	0
1076.15	0	.4863813	.337548	.1760708	0
1075.15	0	.4857156	.3379144	.1763701	0
1074.15	0	.4850537	.3382776	.1766687	0
1073.15	0	.4843958	.3386377	.1769666	0
1072.15	0	.4837417	.3389945	.1772638	0
1071.15	0	.4830916	.3393481	.1775603	0
1070.15	0	.4824454	.3396986	.177856	0
1069.15	0	.4818031	.3400457	.1781511	0
1068.15	0	.4811648	.3403897	.1784455	0
1067.15	0	.4805304	.3407304	.1787392	0
1066.15	0	.4799	.3410679	.1790322	0
1065.15	0	.4792735	.3414021	.1793244	0
1064.15	0	.478651	.341733	.179616	0
1063.15	0	.4780325	.3420606	.1799069	0
1062.15	0	.477418	.342385	.1801971	0
1061.15	0	.4768074	.342706	.1804866	0
1060.15	0	.4762009	.3430238	.1807753	0
1059.15	0	.4755984	.3433382	.1810634	0
1058.15	0	.4749999	.3436493	.1813508	0
1057.15	0	.4744054	.3439571	.1816375	0
1056.15	0	.473815	.3442615	.1819235	0
1055.15	0	.4732286	.3445626	.1822088	0
1054.15	0	.4726463	.3448603	.1824935	0
1053.15	0	.472068	.3451546	.1827774	0
1052.15	0	.4714938	.3454456	.1830606	0
1051.15	0	.4709237	.3457331	.1833431	0
1050.15	0	.4703578	.3460173	.183625	0
1049.15	0	.4697959	.346298	.1839061	0
1048.15	0	.4692381	.3465753	.1841866	0
1047.15	0	.4686844	.3468492	.1844664	0
1046.15	0	.4681349	.3471196	.1847455	0
1045.15	0	.4675896	.3473866	.1850238	0
1044.15	0	.4670484	.3476501	.1853015	0
1043.15	0	.4665113	.3479102	.1855786	0
1042.15	0	.4659784	.3481667	.1858549	0
1041.15	0	.4654498	.3484198	.1861305	0
1040.15	0	.4649253	.3486693	.1864054	0
1039.15	0	.464405	.3489153	.1866797	0
1038.15	0	.463889	.3491578	.1869532	0
1037.15	0	.4633771	.3493968	.1872261	0
1036.15	0	.4628695	.3496322	.1874983	0
1035.15	0	.4623662	.3498641	.1877697	0
1034.15	0	.4618672	.3500923	.1880405	0
1033.15	0	.4613723	.350317	.1883106	0
1032.15	0	.4608819	.3505381	.18858	0
1031.15	0	.4603956	.3507556	.1888487	0
1030.15	0	.4599137	.3509695	.1891168	0
1029.15	0	.4594362	.3511798	.1893841	0
1028.15	0	.4589629	.3513864	.1896507	0
1027.15	0	.458494	.3515893	.1899167	0
1026.15	0	.4580295	.3517886	.1901819	0
1025.15	0	.4575693	.3519843	.1904465	0
1024.15	0	.4571135	.3521762	.1907103	0
1023.15	0	.4566621	.3523645	.1909735	0
1022.15	0	.4562151	.352549	.1912359	0
1021.15	0	.4557725	.3527298	.1914977	0
1020.15	0	.4553343	.3529069	.1917588	0
1019.15	0	.4549006	.3530803	.1920191	0
1018.15	0	.4544713	.3532499	.1922788	0
1017.15	0	.4540465	.3534157	.1925378	0
1016.15	0	.4536262	.3535778	.192796	0
1015.15	0	.4532104	.3537361	.1930536	0
1014.15	0	.452799	.3538905	.1933104	0
1013.15	0	.4523922	.3540412	.1935666	0
1012.15	0	.45199	.354188	.193822	0
1011.15	0	.4515922	.3543311	.1940768	0
1010.15	0	.451199	.3544702	.1943308	0
1009.15	0	.4508104	.3546055	.1945841	0
1008.15	0	.4504264	.354737	.1948367	0
1007.15	0	.4500469	.3548645	.1950886	0
1006.15	0	.4496721	.3549882	.1953398	0
1005.15	0	.4493018	.3551079	.1955902	0
1004.15	0	.4489363	.3552238	.19584	0
1003.15	0	.4485753	.3553357	.196089	0
1002.15	0	.448219	.3554437	.1963373	0
1001.15	0	.4478674	.3555477	.1965849	0
1000.15	0	.4475205	.3556478	.1968317	0
999.15	0	.4471783	.3557439	.1970778	0
998.15	0	.4468408	.355836	.1973232	0
997.15	0	.446508	.3559241	.1975679	0
996.15	0	.4461799	.3560083	.1978118	0
995.15	0	.4458566	.3560884	.198055	0
994.15	0	.4455381	.3561644	.1982975	0
993.15	0	.4452243	.3562365	.1985392	0
992.15	0	.4449153	.3563045	.1987802	0
991.15	0	.4446112	.3563684	.1990204	0
990.15	0	.4443119	.3564282	.1992599	0
989.15	0	.4440173	.356484	.1994987	0
988.15	0	.4437277	.3565357	.1997367	0
987.15	0	.4434429	.3565832	.1999739	0
986.15	0	.4431629	.3566267	.2002104	0
985.15	0	.4428879	.356666	.2004461	0
984.15	0	.4426177	.3567012	.2006811	0
983.15	0	.4423524	.3567323	.2009153	0
982.15	0	.4420921	.3567592	.2011487	0
981.15	0	.4418367	.356782	.2013813	0
980.15	0	.4415863	.3568005	.2016132	0
979.15	0	.4413408	.3568149	.2018443	0
978.15	0	.4411003	.3568251	.2020746	0
977.15	0	.4408647	.3568311	.2023042	0
976.15	0	.4406342	.3568329	.2025329	0
975.15	0	.4404087	.3568305	.2027608	0
974.15	0	.4401882	.3568238	.202988	0
973.15	0	.4399727	.356813	.2032144	0
972.15	0	.4397623	.3567978	.2034399	0
971.15	0	.4395569	.3567785	.2036647	0
970.15	0	.4393566	.3567549	.2038886	0
969.15	0	.4391613	.356727	.2041117	0
968.15	0	.4389712	.3566948	.204334	0
967.15	0	.4387862	.3566584	.2045555	0
966.15	0	.4386062	.3566177	.2047761	0
965.15	0	.4384314	.3565727	.2049959	0
964.15	0	.4382618	.3565234	.2052149	0
963.15	0	.4380972	.3564698	.205433	0
962.15	0	.4379378	.3564119	.2056503	0
961.15	0	.4377836	.3563497	.2058667	0
960.15	0	.4376346	.3562832	.2060822	0
959.15	0	.4374907	.3562124	.2062969	0
958.15	0	.437352	.3561373	.2065107	0
957.15	0	.4372185	.3560578	.2067237	0
956.15	0	.4370902	.3559741	.2069358	0
955.15	0	.4369671	.355886	.2071469	0
954.15	0	.4368492	.3557935	.2073572	0
953.15	0	.4367366	.3556968	.2075666	0
952.15	0	.4366292	.3555957	.2077751	0
951.15	0	.436527	.3554903	.2079827	0
950.15	0	.4364301	.3553806	.2081893	0
949.15	0	.4363384	.3552665	.2083951	0
948.15	0	.436252	.3551481	.2085999	0
947.15	0	.4361708	.3550255	.2088037	0
946.15	0	.4360949	.3548984	.2090067	0
945.15	0	.4360243	.3547671	.2092086	0
944.15	0	.4359589	.3546315	.2094096	0
943.15	0	.4358988	.3544916	.2096097	0
942.15	0	.4358439	.3543473	.2098087	0
941.15	0	.4357944	.3541988	.2100068	0
940.15	0	.4357501	.354046	.2102039	0
939.15	0	.435711	.3538889	.2104	0
938.15	0	.4356773	.3537276	.2105951	0
937.15	0	.4356488	.353562	.2107892	0
936.15	0	.4356256	.3533922	.2109822	0
935.15	0	.4356076	.3532181	.2111742	0
934.15	0	.435595	.3530398	.2113652	0
933.15	0	.4355875	.3528574	.2115551	0
932.15	0	.4355854	.3526707	.211744	0
931.15	0	.4355884	.3524798	.2119318	0
930.15	0	.4355967	.3522848	.2121185	0
929.15	0	.4356103	.3520857	.2123041	0
928.15	0	.435629	.3518824	.2124886	0
927.15	0	.435653	.351675	.212672	0
926.15	0	.4356822	.3514635	.2128543	0
925.15	0	.4357165	.351248	.2130355	0
924.15	0	.4357561	.3510285	.2132155	0
923.15	0	.4358008	.3508049	.2133943	0
922.15	0	.4358506	.3505774	.213572	0
921.15	0	.4359056	.3503459	.2137485	0
920.15	0	.4359658	.3501105	.2139238	0
919.15	0	.436031	.3498711	.2140979	0
918.15	0	.4361013	.349628	.2142708	0
917.15	0	.4361766	.349381	.2144424	0
916.15	0	.436257	.3491301	.2146129	0
915.15	0	.4363424	.3488756	.214782	0
914.15	0	.4364328	.3486173	.2149499	0
913.15	0	.4365282	.3483554	.2151165	0
912.15	0	.4366285	.3480898	.2152818	0
911.15	0	.4367337	.3478206	.2154458	0
910.15	0	.4368437	.3475478	.2156084	0
909.15	0	.4369587	.3472716	.2157697	0
908.15	0	.4370784	.346992	.2159296	0
907.15	0	.4372029	.3467089	.2160882	0
906.15	0	.4373322	.3464225	.2162454	0
905.15	0	.4374661	.3461328	.2164011	0
904.15	0	.4376047	.3458399	.2165554	0
903.15	0	.4377479	.3455438	.2167083	0
902.15	0	.4378957	.3452446	.2168597	0
901.15	0	.4380481	.3449424	.2170096	0
900.15	0	.4382048	.3446372	.217158	0
899.15	0	.4383661	.3443291	.2173049	0
898.15	0	.4385316	.3440182	.2174502	0
897.15	0	.4387015	.3437045	.2175939	0
896.15	0	.4388757	.3433882	.2177361	0
895.15	0	.439054	.3430693	.2178766	0
894.15	0	.4392365	.3427479	.2180156	0
893.15	0	.4394231	.3424241	.2181528	0
892.15	0	.4396136	.342098	.2182884	0
891.15	0	.4398081	.3417697	.2184222	0
890.15	0	.4400064	.3414393	.2185543	0
889.15	0	.4402085	.3411068	.2186847	0
888.15	0	.4404143	.3407724	.2188133	0
887.15	0	.4406237	.3404363	.21894	0
886.15	0	.4408366	.3400984	.2190649	0
885.15	0	.441053	.339759	.219188	0
884.15	0	.4412727	.3394182	.2193091	0
883.15	0	.4414957	.3390761	.2194283	0
882.15	0	.4417217	.3387328	.2195455	0
881.15	0	.4419509	.3383884	.2196607	0
880.15	0	.4421829	.3380432	.2197738	0
879.15	0	.4424178	.3376973	.2198849	0
878.15	0	.4426553	.3373508	.2199939	0
877.15	0	.4428955	.3370039	.2201007	0
876.15	0	.443138	.3366567	.2202053	0
875.15	0	.4433829	.3363095	.2203077	0
874.15	0	.4436299	.3359623	.2204078	0
873.15	0	.4438789	.3356155	.2205055	0
872.15	0	.4441299	.3352693	.2206009	0
871.15	0	.4443825	.3349237	.2206938	0
870.15	0	.4446366	.3345791	.2207843	0
869.15	0	.4448921	.3342356	.2208722	0
868.15	0	.4451489	.3338936	.2209576	0
867.15	0	.4454066	.3335532	.2210402	0
866.15	0	.4456651	.3332148	.2211202	0
865.15	0	.4459241	.3328785	.2211974	0
864.15	0	.4461836	.3325447	.2212717	0
863.15	0	.4464432	.3322137	.2213431	0
862.15	0	.4467027	.3318858	.2214115	0
861.15	0	.4469619	.3315613	.2214768	0
860.15	0	.4472204	.3312406	.221539	0
859.15	0	.447478	.3309241	.2215978	0
858.15	0	.4477345	.3306122	.2216534	0
857.15	0	.4479894	.3303052	.2217054	0
856.15	0	.4482424	.3300037	.2217539	0
855.15	0	.4484933	.329708	.2217987	0
854.15	0	.4487416	.3294188	.2218397	0
853.15	0	.4489868	.3291365	.2218767	0
852.15	0	.4492287	.3288617	.2219096	0
851.15	0	.4494666	.3285951	.2219383	0
850.15	0	.4497002	.3283373	.2219625	0
849.15	0	.4499288	.328089	.2219822	0
848.15	0	.4501519	.327851	.221997	0
847.15	0	.4503025	.3277089	.2219886	0
846.15	0	.4502143	.3278766	.221909	0
845.15	0	.4501713	.3279931	.2218357	0
844.15	0	.4501689	.3280634	.2217677	0
843.15	0	.4502033	.3280923	.2217044	0
842.15	0	.4502712	.3280835	.2216453	0
841.15	0	.4503697	.3280406	.2215897	0
840.15	0	.450496	.3279666	.2215374	0
839.15	0	.4506478	.3278644	.2214878	0
838.15	0	.4508229	.3277362	.2214408	0
837.15	0	.4510195	.3275845	.2213961	0
836.15	0	.4512356	.3274111	.2213533	0
835.15	0	.4514698	.3272179	.2213124	0
834.15	0	.4517204	.3270066	.221273	0
833.15	0	.4519862	.3267787	.2212351	0
832.15	0	.4522659	.3265356	.2211985	0
831.15	0	.4525584	.3262786	.2211631	0
830.15	0	.4528625	.3260088	.2211287	0
829.15	0	.4531773	.3257275	.2210952	0
828.15	0	.4535018	.3254355	.2210627	0
827.15	0	.4538352	.3251339	.2210309	0
826.15	0	.4541767	.3248235	.2209998	0
825.15	0	.4545256	.3245052	.2209693	0
824.15	0	.4548811	.3241796	.2209393	0
823.15	0	.4552425	.3238475	.2209099	0
822.15	0	.4556094	.3235096	.220881	0
821.15	0	.4559811	.3231665	.2208524	0
820.15	0	.4563571	.3228187	.2208242	0
819.15	0	.4567368	.3224668	.2207964	0
818.15	0	.4571199	.3221113	.2207688	0
817.15	0	.4575059	.3217526	.2207415	0
816.15	0	.4578944	.3213912	.2207145	0
815.15	0	.4582849	.3210275	.2206876	0
814.15	0	.4586772	.3206619	.220661	0
813.15	0	.4590708	.3202947	.2206345	0
812.15	0	.4594656	.3199263	.2206081	0
811.15	0	.4598611	.319557	.2205819	0
810.15	0	.4602571	.3191871	.2205558	0
809.15	0	.4606534	.3188169	.2205298	0
808.15	0	.4610496	.3184465	.2205038	0
807.15	0	.4614457	.3180764	.2204779	0
806.15	0	.4618412	.3177067	.2204521	0
805.15	0	.4622362	.3173375	.2204263	0
804.15	0	.4626303	.3169692	.2204006	0
803.15	0	.4630234	.3166018	.2203749	0
802.15	0	.4634153	.3162356	.2203492	0
801.15	0	.4638059	.3158707	.2203235	0
800.15	0	.464195	.3155073	.2202977	0
799.15	0	.4645825	.3151454	.220272	0
798.15	0	.4649683	.3147854	.2202463	0
797.15	0	.4653523	.3144271	.2202206	0
796.15	0	.4657343	.3140709	.2201949	0
795.15	0	.4661142	.3137167	.2201691	0
794.15	0	.466492	.3133647	.2201433	0
793.15	0	.4668676	.3130149	.2201175	0
792.15	0	.4672409	.3126675	.2200916	0
791.15	0	.4676118	.3123225	.2200657	0
790.15	0	.4679803	.31198	.2200397	0
789.15	0	.4683463	.31164	.2200137	0
788.15	0	.4687097	.3113026	.2199877	0
787.15	0	.4690705	.3109679	.2199616	0
786.15	0	.4694286	.3106359	.2199355	0
785.15	0	.4697841	.3103067	.2199093	0
784.15	0	.4701368	.3099802	.2198831	0
783.15	0	.4704867	.3096565	.2198568	0
782.15	0	.4708338	.3093358	.2198304	0
781.15	0	.4711782	.3090179	.219804	0
780.15	0	.4715196	.3087029	.2197775	0
779.15	0	.4718582	.3083908	.219751	0
778.15	0	.4721939	.3080817	.2197244	0
777.15	0	.4725267	.3077756	.2196977	0
776.15	0	.4728566	.3074724	.219671	0
775.15	0	.4731835	.3071722	.2196443	0
774.15	0	.4735075	.306875	.2196174	0
773.15	0	.4738286	.3065809	.2195905	0
772.15	0	.4741468	.3062897	.2195636	0
771.15	0	.474462	.3060015	.2195365	0
770.15	0	.4747742	.3057163	.2195095	0
769.15	0	.4750835	.3054342	.2194823	0
768.15	0	.4753899	.305155	.2194551	0
767.15	0	.4756933	.3048789	.2194278	0
766.15	0	.4759938	.3046057	.2194005	0
765.15	0	.4762914	.3043355	.2193731	0
764.15	0	.4765861	.3040683	.2193456	0
763.15	0	.4768779	.303804	.2193181	0
762.15	0	.4771668	.3035427	.2192905	0
761.15	0	.4774528	.3032843	.2192628	0
760.15	0	.477736	.3030289	.2192351	0
759.15	0	.4780163	.3027764	.2192073	0
758.15	0	.4782938	.3025268	.2191794	0
757.15	0	.4785685	.30228	.2191515	0
756.15	0	.4788403	.3020361	.2191236	0
755.15	0	.4791094	.3017951	.2190955	0
754.15	0	.4793757	.3015569	.2190674	0
753.15	0	.4796392	.3013215	.2190392	0
752.15	0	.4799001	.3010889	.219011	0
751.15	0	.4801582	.3008591	.2189827	0
750.15	0	.4804136	.300632	.2189544	0
749.15	0	.4806663	.3004077	.218926	0
748.15	0	.4809164	.3001861	.2188975	0
747.15	0	.4811638	.2999672	.218869	0
746.15	0	.4814087	.299751	.2188404	0
745.15	0	.4816509	.2995374	.2188117	0
744.15	0	.4818906	.2993264	.218783	0
743.15	0	.4821277	.2991181	.2187543	0
742.15	0	.4823622	.2989123	.2187254	0
741.15	0	.4825943	.2987091	.2186965	0
740.15	0	.4828239	.2985085	.2186676	0
739.15	0	.483051	.2983104	.2186386	0
738.15	0	.4832757	.2981148	.2186095	0
737.15	0	.4834979	.2979216	.2185804	0
736.15	0	.4837178	.297731	.2185513	0
735.15	0	.4839352	.2975427	.218522	0
734.15	0	.4841504	.2973569	.2184928	0
733.15	0	.4843631	.2971735	.2184634	0
732.15	0	.4845736	.2969924	.218434	0
731.15	0	.4847817	.2968137	.2184046	0
730.15	0	.4849876	.2966373	.2183751	0
729.15	0	.4851913	.2964632	.2183455	0
728.15	0	.4853927	.2962914	.2183159	0
727.15	0	.4855919	.2961218	.2182863	0
726.15	0	.4857917	.2959525	.2182558	0
725.15	0	.4859863	.2957876	.2182261	0
724.15	0	.4861789	.2956248	.2181963	0
723.15	0	.4863693	.2954642	.2181665	0
722.15	0	.4865576	.2953058	.2181366	0
721.15	0	.4867438	.2951494	.2181067	0
720.15	0	.486928	.2949952	.2180768	0
719.15	0	.4871102	.2948431	.2180467	0
718.15	0	.4872904	.294693	.2180167	0
717.15	0	.4874686	.2945449	.2179865	0
716.15	0	.4876448	.2943989	.2179564	0
715.15	0	.487819	.2942548	.2179261	0
714.15	0	.4879914	.2941127	.2178959	0
713.15	0	.4881618	.2939726	.2178656	0
712.15	0	.4883303	.2938345	.2178352	0
711.15	0	.488497	.2936982	.2178048	0
710.15	0	.4886618	.2935639	.2177743	0
709.15	0	.4888248	.2934314	.2177438	0
708.15	0	.488986	.2933007	.2177133	0
707.15	0	.4891454	.293172	.2176827	0
706.15	0	.4893029	.293045	.217652	0
705.15	0	.4894588	.2929199	.2176214	0
704.15	0	.4896129	.2927965	.2175906	0
703.15	0	.4897652	.2926749	.2175599	0
702.15	0	.4899159	.292555	.2175291	0
701.15	0	.4900649	.2924369	.2174982	0
700.15	0	.4902122	.2923205	.2174673	0
699.15	0	.4903578	.2922058	.2174364	0
698.15	0	.4905018	.2920927	.2174055	0
697.15	0	.4906442	.2919813	.2173744	0
696.15	0	.490785	.2918716	.2173434	0
695.15	0	.4909242	.2917635	.2173123	0
694.15	0	.4910618	.291657	.2172812	0
693.15	0	.4911979	.291552	.2172501	0
692.15	0	.4913325	.2914487	.2172189	0
691.15	0	.4914655	.2913469	.2171876	0
690.15	0	.491597	.2912466	.2171564	0
689.15	0	.491727	.2911479	.2171251	0
688.15	0	.4918555	.2910507	.2170938	0
687.15	0	.4919826	.2909549	.2170624	0
686.15	0	.4921083	.2908607	.217031	0
685.15	0	.4922325	.2907679	.2169996	0
684.15	0	.4923553	.2906766	.2169682	0
683.15	0	.4924767	.2905866	.2169367	0
682.15	0	.4925967	.2904981	.2169052	0
681.15	0	.4927153	.290411	.2168737	0
680.15	0	.4928326	.2903253	.2168421	0
679.15	0	.4929486	.2902409	.2168105	0
678.15	0	.4930632	.2901579	.2167789	0
677.15	0	.4931765	.2900763	.2167472	0
676.15	0	.4932885	.289996	.2167155	0
675.15	0	.4933992	.289917	.2166839	0
674.15	0	.4935086	.2898392	.2166521	0
673.15	0	.4936168	.2897628	.2166204	0
672.15	0	.4937237	.2896877	.2165886	0
671.15	0	.4938294	.2896138	.2165568	0
670.15	0	.4939339	.2895411	.216525	0
669.15	0	.4940372	.2894697	.2164931	0
668.15	0	.4941393	.2893995	.2164613	0
667.15	0	.4942401	.2893305	.2164294	0
666.15	0	.4943399	.2892627	.2163975	0
665.15	0	.4944384	.289196	.2163656	0
664.15	0	.4945358	.2891306	.2163336	0
663.15	0	.4946321	.2890662	.2163017	0
662.15	0	.4947273	.2890031	.2162697	0
661.15	0	.4948213	.288941	.2162377	0
660.15	0	.4949142	.2888801	.2162057	0
659.15	0	.4950061	.2888203	.2161736	0
658.15	0	.4950968	.2887615	.2161416	0
657.15	0	.4951865	.2887039	.2161096	0
656.15	0	.4952752	.2886473	.2160775	0
655.15	0	.4953628	.2885918	.2160454	0
654.15	0	.4954494	.2885374	.2160133	0
653.15	0	.4955349	.2884839	.2159812	0
652.15	0	.4956194	.2884315	.2159491	0
651.15	0	.495703	.2883801	.2159169	0
650.15	0	.4957855	.2883297	.2158848	0
649.15	0	.4958671	.2882803	.2158526	0
648.15	0	.4959477	.2882319	.2158204	0
647.15	0	.4960273	.2881845	.2157883	0
646.15	0	.4961059	.288138	.2157561	0
645.15	0	.4961837	.2880924	.2157239	0
644.15	0	.4962605	.2880479	.2156917	0
643.15	0	.4963363	.2880042	.2156595	0
642.15	0	.4964113	.2879615	.2156273	0
641.15	0	.4964854	.2879196	.215595	0
640.15	0	.4965585	.2878787	.2155628	0
639.15	0	.4966308	.2878386	.2155306	0
638.15	0	.4967022	.2877995	.2154983	0
637.15	0	.4967727	.2877612	.2154661	0
636.15	0	.4968424	.2877238	.2154339	0
635.15	0	.4969112	.2876872	.2154016	0
634.15	0	.4969792	.2876514	.2153694	0
633.15	0	.4970463	.2876165	.2153371	0
632.15	0	.4971127	.2875825	.2153049	0
631.15	0	.4971782	.2875492	.2152726	0
630.15	0	.4972429	.2875167	.2152404	0
629.15	0	.4973068	.2874851	.2152082	0
628.15	0	.4973699	.2874542	.2151759	0
627.15	0	.4974322	.2874241	.2151437	0
626.15	0	.4974937	.2873948	.2151114	0
625.15	0	.4975545	.2873663	.2150792	0
624.15	0	.4976145	.2873385	.215047	0
623.15	0	.4976738	.2873114	.2150148	0
622.15	0	.4977323	.2872851	.2149825	0
621.15	0	.4977901	.2872596	.2149503	0
620.15	0	.4978472	.2872347	.2149181	0
619.15	0	.4979035	.2872106	.2148859	0
618.15	0	.4979591	.2871871	.2148537	0
617.15	0	.498014	.2871644	.2148216	0
616.15	0	.4980682	.2871424	.2147894	0
615.15	0	.4981217	.287121	.2147572	0
614.15	0	.4981746	.2871003	.2147251	0
613.15	0	.4982267	.2870803	.214693	0
612.15	0	.4982782	.287061	.2146608	0
611.15	0	.498329	.2870423	.2146287	0
610.15	0	.4983792	.2870242	.2145966	0
609.15	0	.4984287	.2870068	.2145645	0
608.15	0	.4984775	.28699	.2145324	0
607.15	0	.4985257	.2869739	.2145004	0
606.15	0	.4985733	.2869584	.2144683	0
605.15	0	.4986202	.2869435	.2144363	0
604.15	0	.4986666	.2869291	.2144043	0
603.15	0	.4987123	.2869154	.2143723	0
602.15	0	.4987574	.2869023	.2143403	0
601.15	0	.4988019	.2868898	.2143084	0
600.15	0	.4988458	.2868778	.2142764	0
599.15	0	.4988891	.2868664	.2142445	0
598.15	0	.4989318	.2868556	.2142126	0
597.15	0	.498974	.2868453	.2141807	0
596.15	0	.4990156	.2868356	.2141488	0
595.15	0	.4990566	.2868264	.214117	0
594.15	0	.499097	.2868178	.2140852	0
593.15	0	.4991369	.2868097	.2140534	0
592.15	0	.4991763	.2868021	.2140216	0
591.15	0	.4992151	.2867951	.2139899	0
590.15	0	.4992533	.2867886	.2139581	0
589.15	0	.499291	.2867825	.2139264	0
588.15	0	.4993282	.286777	.2138948	0
587.15	0	.4993649	.286772	.2138631	0
586.15	0	.4994011	.2867675	.2138315	0
585.15	0	.4994367	.2867634	.2137999	0
584.15	0	.4994718	.2867599	.2137683	0
583.15	0	.4995064	.2867568	.2137368	0
582.15	0	.4995406	.2867541	.2137053	0
581.15	0	.4995742	.286752	.2136738	0
580.15	0	.4996074	.2867503	.2136423	0
579.15	0	.49964	.286749	.2136109	0
578.15	0	.4996722	.2867482	.2135796	0
577.15	0	.4997039	.2867479	.2135482	0
576.15	0	.4997352	.286748	.2135169	0
575.15	0	.4997659	.2867485	.2134856	0
574.15	0	.4997963	.2867494	.2134543	0
573.15	0	.4998261	.2867508	.2134231	0
572.15	0	.4998555	.2867525	.2133919	0
571.15	0	.4998845	.2867547	.2133608	0
570.15	0	.499913	.2867573	.2133297	0
569.15	0	.4999411	.2867603	.2132986	0
568.15	0	.4999688	.2867637	.2132676	0
567.15	0	.499996	.2867675	.2132366	0
566.15	0	.5000228	.2867716	.2132056	0
565.15	0	.5000492	.2867762	.2131747	0
564.15	0	.5000751	.2867811	.2131438	0
563.15	0	.5001007	.2867864	.213113	0
562.15	0	.5001258	.286792	.2130822	0
561.15	0	.5001505	.286798	.2130514	0
560.15	0	.5001749	.2868044	.2130207	0
559.15	0	.5001988	.2868112	.21299	0
558.15	0	.5002224	.2868182	.2129594	0
557.15	0	.5002455	.2868257	.2129288	0
556.15	0	.5002683	.2868334	.2128983	0
555.15	0	.5002907	.2868415	.2128678	0
554.15	0	.5003127	.2868499	.2128373	0
553.15	0	.5003344	.2868587	.2128069	0
552.15	0	.5003557	.2868678	.2127766	0
551.15	0	.5003766	.2868772	.2127463	0
550.15	0	.5003971	.2868869	.212716	0
549.15	0	.5004173	.2868969	.2126858	0
548.15	0	.5004371	.2869072	.2126556	0
547.15	0	.5004566	.2869178	.2126255	0
546.15	0	.5004758	.2869288	.2125955	0
545.15	0	.5004946	.28694	.2125655	0
544.15	0	.500513	.2869515	.2125355	0
543.15	0	.5005311	.2869633	.2125056	0
542.15	0	.5005489	.2869753	.2124757	0
541.15	0	.5005664	.2869877	.2124459	0
540.15	0	.5005835	.2870003	.2124162	0
539.15	0	.5006003	.2870132	.2123865	0
538.15	0	.5006168	.2870264	.2123569	0
537.15	0	.500633	.2870398	.2123273	0
536.15	0	.5006488	.2870534	.2122977	0
535.15	0	.5006643	.2870674	.2122683	0
534.15	0	.5006796	.2870816	.2122389	0
533.15	0	.5006945	.287096	.2122095	0
532.15	0	.5007091	.2871107	.2121802	0
531.15	0	.5007235	.2871256	.212151	0
530.15	0	.5007375	.2871407	.2121218	0
529.15	0	.5007512	.2871561	.2120927	0
528.15	0	.5007647	.2871717	.2120636	0
527.15	0	.5007779	.2871875	.2120346	0
526.15	0	.5007907	.2872036	.2120057	0
525.15	0	.5008033	.2872199	.2119768	0
524.15	0	.5008157	.2872364	.211948	0
523.15	0	.5008277	.2872531	.2119192	0
522.6301	0	.5008339	.2872618	.2119043	0
522.6301	0	.5008339	.2872618	.2119043	0
522.6301	0	.5008339	.2872618	.2119043	0
522.15	0	.5009834	.2869535	.2117405	3.225904E-04
521.15	0	.5012933	.2863137	.2114001	9.929139E-04
520.15	0	.5016011	.2856769	.2110608	.001661183
519.15	0	.5019067	.2850432	.2107226	.002327416
518.15	0	.5022103	.2844126	.2103855	.002991633
517.15	0	.5025118	.2837849	.2100495	.003653852
516.15	0	.5028113	.2831601	.2097145	.004314092
515.15	0	.5031088	.2825383	.2093806	.004972372
514.15	0	.5034043	.2819193	.2090477	.005628708
513.15	0	.5036978	.2813032	.2087159	.00628312
512.15	0	.5039895	.2806898	.2083851	.006935625
511.15	0	.5042792	.2800793	.2080553	.007586241
510.15	0	.5045671	.2794714	.2077265	.008234985
509.15	0	.5048532	.2788663	.2073987	.008881874
508.15	0	.5051374	.2782638	.2070719	.009526926
507.15	0	.5054198	.2776639	.2067461	.01017016
506.15	0	.5057004	.2770667	.2064213	.01081158
505.15	0	.5059793	.276472	.2060974	.01145122
504.15	0	.5062565	.2758799	.2057745	.01208909
503.15	0	.506532	.2752903	.2054526	.0127252
502.15	0	.5068058	.2747031	.2051315	.01335958
501.15	0	.5070779	.2741184	.2048115	.01399223
500.15	0	.5073484	.2735361	.2044923	.01462317
499.15	0	.5076173	.2729562	.2041741	.01525242
498.15	0	.5078846	.2723786	.2038568	.01587999
497.15	0	.5081503	.2718034	.2035403	.01650591
496.15	0	.5084145	.2712305	.2032248	.01713017
495.15	0	.5086772	.2706598	.2029102	.01775281
494.15	0	.5089383	.2700914	.2025964	.01837382
493.15	0	.509198	.2695252	.2022836	.01899324
492.15	0	.5094562	.2689612	.2019716	.01961107
491.15	0	.5097129	.2683994	.2016604	.02022732
490.15	0	.5099684	.2678396	.2013499	.02084206
489.15	0	.5102223	.267282	.2010405	.02145521
488.15	0	.5104748	.2667265	.2007319	.02206683
487.15	0	.5107259	.266173	.2004241	.02267693
486.15	0	.5109757	.2656216	.2001172	.02328552
485.15	0	.5112242	.2650722	.1998111	.02389262
484.15	0	.5114713	.2645247	.1995057	.02449825
483.15	0	.5117171	.2639792	.1992012	.02510241
482.15	0	.5119617	.2634357	.1988975	.02570512
481.15	0	.5122049	.262894	.1985946	.0263064
480.15	0	.512447	.2623543	.1982925	.02690625
479.15	0	.5126878	.2618164	.1979912	.02750468
478.15	0	.5129274	.2612803	.1976906	.02810171
477.15	0	.5131658	.2607461	.1973908	.02869736
476.15	0	.513403	.2602136	.1970918	.02929163
475.15	0	.513639	.259683	.1967935	.02988454
474.15	0	.5138739	.259154	.196496	.0304761
473.15	0	.5141076	.2586268	.1961993	.03106632
472.15	0	.5143402	.2581013	.1959032	.0316552
471.15	0	.5145718	.2575775	.195608	.03224278
470.15	0	.5148022	.2570553	.1953134	.03282905
469.15	0	.5150316	.2565348	.1950196	.03341403
468.15	0	.5152599	.2560159	.1947265	.03399773
467.15	0	.5154871	.2554986	.1944341	.03458015
466.15	0	.5157134	.2549829	.1941424	.03516132
465.15	0	.5159386	.2544687	.1938514	.03574124
464.15	0	.5161628	.2539561	.1935612	.03631993
463.15	0	.516386	.253445	.1932716	.03689739
462.15	0	.5166082	.2529354	.1929827	.03747363
461.15	0	.5168295	.2524273	.1926945	.03804867
460.15	0	.5170499	.2519207	.192407	.03862252
459.15	0	.5172693	.2514154	.1921201	.03919519
458.15	0	.5174877	.2509117	.191834	.03976668
457.15	0	.5177053	.2504093	.1915484	.04033701
456.15	0	.517922	.2499083	.1912636	.04090618
455.15	0	.5181377	.2494086	.1909794	.04147422
454.15	0	.5183527	.2489104	.1906959	.04204112
453.15	0	.5185667	.2484134	.190413	.0426069
452.15	0	.5187799	.2479178	.1901307	.04317157
451.15	0	.5189923	.2474235	.1898491	.04373514
450.15	0	.5192038	.2469304	.1895681	.04429761
449.15	0	.5194146	.2464386	.1892878	.04485901
448.15	0	.5196246	.245948	.1890081	.04541934
447.15	0	.5198338	.2454587	.188729	.04597861
446.15	0	.5200422	.2449705	.1884505	.04653683
445.15	0	.5202499	.2444835	.1881727	.047094
