T	 BPW(LIQUID)	BPW(BCC_A2)	BPW(FCC_A1)	BPW(LAVES_PHASE_C14)	BPW(NI3TI)
1473.15	.1728273	.8021642	0	.02500855	0
1472.15	.1672073	.805769	0	.02702365	0
1471.15	.1616919	.8093009	0	.02900724	0
1470.15	.156278	.8127618	0	.0309602	0
1469.15	.1509631	.8161536	0	.03288338	0
1468.15	.1457444	.819478	0	.03477761	0
1467.15	.1406193	.822737	0	.03664366	0
1466.15	.1355855	.8259322	0	.03848231	0
1465.15	.1306406	.8290651	0	.04029428	0
1464.15	.1257822	.8321375	0	.0420803	0
1463.15	.121008	.8351509	0	.04384105	0
1462.15	.1163161	.8381068	0	.04557719	0
1461.15	.1117042	.8410065	0	.04728936	0
1460.15	.1071703	.8438515	0	.04897819	0
1459.15	.1027125	.8466432	0	.05064428	0
1458.15	.09832898	.8493828	0	.05228821	0
1457.15	.0940178	.8520717	0	.05391053	0
1456.15	.08977722	.854711	0	.0555118	0
1455.15	.08560554	.8573019	0	.05709253	0
1454.15	.08150107	.8598457	0	.05865325	0
1453.15	.07746222	.8623433	0	.06019444	0
1452.15	.07348743	.864796	0	.06171658	0
1451.15	.06957516	.8672047	0	.06322013	0
1450.15	.06572396	.8695705	0	.06470555	0
1449.15	.0619324	.8718943	0	.06617327	0
1448.15	.0581991	.8741772	0	.0676237	0
1447.15	.05452271	.87642	0	.06905727	0
1446.15	.05090194	.8786237	0	.07047436	0
1445.15	.04733552	.8807891	0	.07187536	0
1444.15	.04382221	.8829171	0	.07326065	0
1443.15	.04036083	.8850086	0	.07463059	0
1442.15	.03695022	.8870643	0	.07598552	0
1441.15	.03358925	.8890849	0	.0773258	0
1440.15	.03027683	.8910714	0	.07865175	0
1439.15	.0270119	.8930244	0	.07996369	0
1438.15	.02379341	.8949446	0	.08126194	0
1437.15	.02062038	.8968328	0	.0825468	0
1436.15	.01749182	.8986896	0	.08381858	0
1435.15	.01440677	.9005157	0	.08507754	0
1434.15	.01136432	.9023117	0	.08632398	0
1433.15	.008363562	.9040783	0	.08755816	0
1432.15	.005403624	.905816	0	.08878035	0
1431.15	.002483653	.9075255	0	.08999081	0
1430.289	0	.9089758	0	.09102419	0
1430.289	0	.9089758	0	.09102419	0
1430.15	0	.9088841	0	.09111587	0
1429.15	0	.9082239	0	.09177606	0
1428.15	0	.9075654	0	.09243459	0
1427.15	0	.9069085	0	.09309148	0
1426.15	0	.9062533	0	.09374674	0
1425.15	0	.9055996	0	.09440036	0
1424.15	0	.9049477	0	.09505235	0
1423.15	0	.9042973	0	.09570273	0
1422.15	0	.9036485	0	.09635149	0
1421.15	0	.9030014	0	.09699863	0
1420.15	0	.9023558	0	.09764418	0
1419.15	0	.9017119	0	.09828812	0
1418.15	0	.9010695	0	.09893047	0
1417.15	0	.9004288	0	.09957123	0
1416.15	0	.8997896	0	.1002104	0
1415.15	0	.899152	0	.100848	0
1414.15	0	.898516	0	.101484	0
1413.15	0	.8978815	0	.1021185	0
1412.15	0	.8972486	0	.1027514	0
1411.15	0	.8966173	0	.1033827	0
1410.15	0	.8959875	0	.1040125	0
1409.15	0	.8953592	0	.1046408	0
1408.15	0	.8947325	0	.1052675	0
1407.15	0	.8941073	0	.1058927	0
1406.15	0	.8934837	0	.1065163	0
1405.15	0	.8928616	0	.1071384	0
1404.15	0	.892241	0	.107759	0
1403.15	0	.8916219	0	.1083781	0
1402.15	0	.8910043	0	.1089957	0
1401.15	0	.8903883	0	.1096117	0
1400.15	0	.8897737	0	.1102263	0
1399.15	0	.8891606	0	.1108394	0
1398.15	0	.888549	0	.111451	0
1397.15	0	.8879389	0	.1120611	0
1396.15	0	.8873303	0	.1126697	0
1395.15	0	.8867232	0	.1132768	0
1394.15	0	.8861175	0	.1138825	0
1393.15	0	.8855133	0	.1144867	0
1392.15	0	.8849106	0	.1150894	0
1391.15	0	.8843093	0	.1156907	0
1390.15	0	.8837094	0	.1162906	0
1389.15	0	.8831111	0	.1168889	0
1388.15	0	.8825141	0	.1174859	0
1387.15	0	.8819186	0	.1180814	0
1386.15	0	.8813245	0	.1186755	0
1385.15	0	.8807319	0	.1192682	0
1384.15	0	.8801406	0	.1198594	0
1383.15	0	.8795508	0	.1204492	0
1382.15	0	.8789624	0	.1210376	0
1381.15	0	.8783754	0	.1216246	0
1380.15	0	.8777898	0	.1222102	0
1379.15	0	.8772057	0	.1227943	0
1378.15	0	.8766229	0	.1233771	0
1377.15	0	.8760415	0	.1239585	0
1376.15	0	.8754615	0	.1245385	0
1375.15	0	.8748829	0	.1251171	0
1374.15	0	.8743056	0	.1256944	0
1373.15	0	.8737297	0	.1262703	0
1372.15	0	.8731552	0	.1268448	0
1371.15	0	.8725821	0	.1274179	0
1370.15	0	.8720103	0	.1279897	0
1369.15	0	.8714399	0	.1285601	0
1368.15	0	.8708708	0	.1291292	0
1367.15	0	.8703031	0	.1296969	0
1366.15	0	.8697367	0	.1302633	0
1365.15	0	.8691717	0	.1308284	0
1364.15	0	.8686079	0	.1313921	0
1363.15	0	.8680456	0	.1319544	0
1362.15	0	.8674845	0	.1325155	0
1361.15	0	.8669248	0	.1330752	0
1360.15	0	.8663664	0	.1336336	0
1359.15	0	.8658093	0	.1341907	0
1358.15	0	.8652535	0	.1347465	0
1357.15	0	.864699	0	.135301	0
1356.15	0	.8641458	0	.1358542	0
1355.15	0	.8635939	0	.1364061	0
1354.15	0	.8630433	0	.1369567	0
1353.15	0	.862494	0	.137506	0
1352.15	0	.861946	0	.138054	0
1351.15	0	.8613993	0	.1386007	0
1350.15	0	.8608538	0	.1391462	0
1349.15	0	.8603097	0	.1396904	0
1348.15	0	.8597667	0	.1402333	0
1347.15	0	.8592251	0	.1407749	0
1346.15	0	.8586847	0	.1413153	0
1345.15	0	.8581456	0	.1418544	0
1344.15	0	.8576077	0	.1423923	0
1343.15	0	.8570711	0	.1429289	0
1342.15	0	.8565357	0	.1434643	0
1341.15	0	.8560016	0	.1439984	0
1340.15	0	.8554687	0	.1445313	0
1339.15	0	.854937	0	.145063	0
1338.15	0	.8544066	0	.1455934	0
1337.15	0	.8538774	0	.1461226	0
1336.15	0	.8533494	0	.1466506	0
1335.15	0	.8528227	0	.1471773	0
1334.15	0	.8522971	0	.1477029	0
1333.15	0	.8517728	0	.1482272	0
1332.15	0	.8512497	0	.1487503	0
1331.15	0	.8507278	0	.1492722	0
1330.15	0	.8502071	0	.1497929	0
1329.15	0	.8496876	0	.1503124	0
1328.15	0	.8491692	0	.1508308	0
1327.15	0	.8486521	0	.1513479	0
1326.15	0	.8481362	0	.1518638	0
1325.15	0	.8476214	0	.1523786	0
1324.15	0	.8471079	0	.1528921	0
1323.15	0	.8465955	0	.1534045	0
1322.15	0	.8460843	0	.1539157	0
1321.15	0	.8455742	0	.1544258	0
1320.15	0	.8450653	0	.1549347	0
1319.15	0	.8445576	0	.1554424	0
1318.15	0	.8440511	0	.155949	0
1317.15	0	.8435457	0	.1564544	0
1316.15	0	.8430414	0	.1569586	0
1315.15	0	.8425383	0	.1574617	0
1314.15	0	.8420364	0	.1579637	0
1313.15	0	.8415355	0	.1584645	0
1312.15	0	.8410359	0	.1589641	0
1311.15	0	.8405373	0	.1594627	0
1310.15	0	.8400399	0	.1599601	0
1309.15	0	.8395437	0	.1604563	0
1308.15	0	.8390485	0	.1609515	0
1307.15	0	.8385545	0	.1614455	0
1306.15	0	.8380616	0	.1619384	0
1305.15	0	.8375698	0	.1624302	0
1304.15	0	.8370791	0	.1629209	0
1303.15	0	.8365896	0	.1634104	0
1302.15	0	.8361011	0	.1638989	0
1301.15	0	.8356138	0	.1643862	0
1300.15	0	.8351275	0	.1648725	0
1299.15	0	.8346424	0	.1653576	0
1298.15	0	.8341583	0	.1658417	0
1297.15	0	.8336754	0	.1663246	0
1296.15	0	.8331935	0	.1668065	0
1295.15	0	.8327127	0	.1672873	0
1294.15	0	.832233	0	.167767	0
1293.15	0	.8317544	0	.1682456	0
1292.15	0	.8312768	0	.1687232	0
1291.15	0	.8308003	0	.1691997	0
1290.15	0	.8303249	0	.1696751	0
1289.15	0	.8298506	0	.1701494	0
1288.15	0	.8293773	0	.1706227	0
1287.15	0	.8289051	0	.1710949	0
1286.15	0	.8284339	0	.1715661	0
1285.15	0	.8279638	0	.1720362	0
1284.15	0	.8274948	0	.1725052	0
1283.15	0	.8270268	0	.1729732	0
1282.15	0	.8265598	0	.1734402	0
1281.15	0	.8260939	0	.1739061	0
1280.15	0	.825629	0	.174371	0
1279.15	0	.8251652	0	.1748348	0
1278.15	0	.8247024	0	.1752976	0
1277.15	0	.8242406	0	.1757594	0
1276.15	0	.8237799	0	.1762201	0
1275.15	0	.8233202	0	.1766798	0
1274.15	0	.8228615	0	.1771385	0
1273.15	0	.8224039	0	.1775962	0
1272.15	0	.8219472	0	.1780528	0
1271.15	0	.8214916	0	.1785084	0
1270.15	0	.821037	0	.1789631	0
1269.15	0	.8205833	0	.1794167	0
1268.15	0	.8201307	0	.1798693	0
1267.15	0	.8196791	0	.1803209	0
1266.15	0	.8192285	0	.1807715	0
1265.15	0	.8187789	0	.1812211	0
1264.15	0	.8183303	0	.1816697	0
1263.15	0	.8178827	0	.1821173	0
1262.15	0	.8174361	0	.1825639	0
1261.15	0	.8169905	0	.1830095	0
1260.15	0	.8165458	0	.1834542	0
1259.15	0	.8161022	0	.1838978	0
1258.15	0	.8156595	0	.1843405	0
1257.15	0	.8152178	0	.1847822	0
1256.15	0	.8147771	0	.1852229	0
1255.15	0	.8143373	0	.1856627	0
1254.15	0	.8138985	0	.1861015	0
1253.15	0	.8134607	0	.1865393	0
1252.15	0	.8130239	0	.1869761	0
1251.15	0	.812588	0	.187412	0
1250.15	0	.812153	0	.187847	0
1249.15	0	.8117191	0	.1882809	0
1248.15	0	.8112861	0	.188714	0
1247.15	0	.810854	0	.189146	0
1246.15	0	.8104229	0	.1895771	0
1245.15	0	.8099927	0	.1900073	0
1244.15	0	.8095635	0	.1904365	0
1243.15	0	.8091352	0	.1908648	0
1242.15	0	.8087079	0	.1912921	0
1241.15	0	.8082814	0	.1917186	0
1240.15	0	.807856	0	.192144	0
1239.15	0	.8074314	0	.1925686	0
1238.15	0	.8070078	0	.1929922	0
1237.15	0	.8065852	0	.1934149	0
1236.15	0	.8061634	0	.1938366	0
1235.15	0	.8057426	0	.1942574	0
1234.15	0	.8053227	0	.1946773	0
1233.15	0	.8049037	0	.1950963	0
1232.15	0	.8044856	0	.1955144	0
1231.15	0	.8040684	0	.1959316	0
1230.15	0	.8036522	0	.1963478	0
1229.15	0	.8032369	0	.1967631	0
1228.15	0	.8028224	0	.1971776	0
1227.15	0	.8024089	0	.1975911	0
1226.15	0	.8019963	0	.1980037	0
1225.15	0	.8015845	0	.1984155	0
1224.15	0	.8011737	0	.1988263	0
1223.15	0	.8007638	0	.1992362	0
1222.15	0	.8003548	0	.1996452	0
1221.15	0	.7999466	0	.2000534	0
1220.15	0	.7995394	0	.2004607	0
1219.15	0	.799133	0	.200867	0
1218.15	0	.7987275	0	.2012725	0
1217.15	0	.7983229	0	.2016771	0
1216.15	0	.7979192	0	.2020808	0
1215.15	0	.7975163	0	.2024837	0
1214.15	0	.7971144	0	.2028857	0
1213.15	0	.7967133	0	.2032868	0
1212.15	0	.796313	0	.203687	0
1211.15	0	.7959137	0	.2040863	0
1210.15	0	.7955152	0	.2044848	0
1209.15	0	.7951176	0	.2048824	0
1208.15	0	.7947208	0	.2052792	0
1207.15	0	.7943249	0	.2056751	0
1206.15	0	.7939299	0	.2060701	0
1205.15	0	.7935357	0	.2064643	0
1204.15	0	.7931424	0	.2068576	0
1203.15	0	.7927499	0	.2072501	0
1202.15	0	.7923583	0	.2076417	0
1201.15	0	.7919675	0	.2080325	0
1200.15	0	.7915776	0	.2084224	0
1199.15	0	.7911885	0	.2088115	0
1198.15	0	.7908003	0	.2091998	0
1197.15	0	.7904129	0	.2095871	0
1196.15	0	.7900263	0	.2099737	0
1195.15	0	.7896406	0	.2103594	0
1194.15	0	.7892557	0	.2107443	0
1193.15	0	.7888716	0	.2111284	0
1192.15	0	.7884884	0	.2115116	0
1191.15	0	.788106	0	.211894	0
1190.15	0	.7877244	0	.2122756	0
1189.15	0	.7873437	0	.2126563	0
1188.15	0	.7869638	0	.2130362	0
1187.15	0	.7865847	0	.2134153	0
1186.15	0	.7862064	0	.2137936	0
1185.15	0	.7858289	0	.2141711	0
1184.15	0	.7854523	0	.2145477	0
1183.15	0	.7850765	0	.2149235	0
1182.15	0	.7847015	0	.2152985	0
1181.15	0	.7843272	0	.2156728	0
1180.15	0	.7839538	0	.2160462	0
1179.15	0	.7835812	0	.2164188	0
1178.15	0	.7832095	0	.2167905	0
1177.15	0	.7828385	0	.2171615	0
1176.15	0	.7824683	0	.2175317	0
1175.15	0	.7820989	0	.2179011	0
1174.15	0	.7817303	0	.2182697	0
1173.15	0	.7813625	0	.2186375	0
1172.15	0	.7809955	0	.2190045	0
1171.15	0	.7806293	0	.2193707	0
1170.15	0	.7802639	0	.2197361	0
1169.15	0	.7798992	0	.2201008	0
1168.15	0	.7795354	0	.2204646	0
1167.15	0	.7791723	0	.2208277	0
1166.15	0	.7788101	0	.2211899	0
1165.15	0	.7784486	0	.2215514	0
1164.15	0	.7780879	0	.2219122	0
1163.15	0	.7777279	0	.2222721	0
1162.15	0	.7773688	0	.2226313	0
1161.15	0	.7770104	0	.2229896	0
1160.15	0	.7766528	0	.2233472	0
1159.15	0	.7762959	0	.2237041	0
1158.15	0	.7759398	0	.2240602	0
1157.15	0	.7755845	0	.2244155	0
1156.15	0	.77523	0	.22477	0
1155.15	0	.7748762	0	.2251238	0
1154.15	0	.7745232	0	.2254768	0
1153.15	0	.7741709	0	.2258291	0
1152.15	0	.7738194	0	.2261806	0
1151.15	0	.7734687	0	.2265313	0
1150.15	0	.7731187	0	.2268813	0
1149.15	0	.7727695	0	.2272305	0
1148.15	0	.7724211	0	.2275789	0
1147.15	0	.7720733	0	.2279267	0
1146.15	0	.7717264	0	.2282736	0
1145.15	0	.7713802	0	.2286198	0
1144.15	0	.7710347	0	.2289653	0
1143.15	0	.77069	0	.22931	0
1142.15	0	.770346	0	.229654	0
1141.15	0	.7700027	0	.2299973	0
1140.15	0	.7696602	0	.2303398	0
1139.15	0	.7693185	0	.2306815	0
1138.15	0	.7689775	0	.2310226	0
1137.15	0	.7686372	0	.2313628	0
1136.15	0	.7682976	0	.2317024	0
1135.15	0	.7679588	0	.2320412	0
1134.15	0	.7676207	0	.2323793	0
1134.15	0	.7676212	0	.2323788	0
1134.147	0	.7676197	0	.2323803	0
1134.147	0	.7676197	0	.2323803	0
1134.147	0	.7676197	0	.2323803	0
1133.15	0	.7664632	8.510571E-04	.2326858	0
1132.15	0	.7653065	.001702163	.2329913	0
1131.15	0	.7641531	.002550771	.2332961	0
1130.15	0	.7630031	.003396882	.2336001	0
1129.15	0	.7618563	.004240494	.2339032	0
1128.15	0	.7607128	.005081606	.2342056	0
1127.15	0	.7595726	.005920217	.2345071	0
1126.15	0	.7584358	.006756326	.2348079	0
1125.15	0	.7573022	.007589931	.2351079	0
1124.15	0	.7561719	.008421033	.2354071	0
1123.15	0	.7550449	.009249629	.2357055	0
1122.15	0	.7539212	.01007572	.2360031	0
1121.15	0	.7528008	.0108993	.2362999	0
1120.15	0	.7516837	.01172037	.2365959	0
1119.15	0	.7505699	.01253893	.2368912	0
1118.15	0	.7494594	.01335498	.2371856	0
1117.15	0	.7483521	.01416851	.2374793	0
1116.15	0	.7472482	.01497953	.2377723	0
1115.15	0	.7461475	.01578804	.2380644	0
1114.15	0	.7450502	.01659402	.2383558	0
1113.15	0	.7439561	.01739749	.2386464	0
1112.15	0	.7428654	.01819843	.2389362	0
1111.15	0	.7417779	.01899685	.2392253	0
1110.15	0	.7406937	.01979275	.2395136	0
1109.15	0	.7396128	.02058612	.2398011	0
1108.15	0	.7385352	.02137696	.2400879	0
1107.15	0	.7374608	.02216527	.2403739	0
1106.15	0	.7363898	.02295106	.2406592	0
1105.15	0	.735322	.0237343	.2409437	0
1104.15	0	.7342576	.02451502	.2412274	0
1103.15	0	.7331964	.02529319	.2415104	0
1102.15	0	.7321386	.02606883	.2417926	0
1101.15	0	.731084	.02684192	.2420741	0
1100.15	0	.7300327	.02761248	.2423549	0
1099.15	0	.7289847	.02838049	.2426348	0
1098.15	0	.72794	.02914595	.2429141	0
1097.15	0	.7268986	.02990886	.2431926	0
1096.15	0	.7258604	.03066922	.2434703	0
1095.15	0	.7248256	.03142703	.2437474	0
1094.15	0	.7237941	.03218228	.2440236	0
1093.15	0	.7227659	.03293497	.2442992	0
1092.15	0	.7217409	.03368511	.244574	0
1091.15	0	.7207193	.03443268	.244848	0
1090.15	0	.719701	.03517769	.2451213	0
1089.15	0	.7186859	.03592014	.2453939	0
1088.15	0	.7176742	.03666001	.2456658	0
1087.15	0	.7166658	.03739731	.2459369	0
1086.15	0	.7156606	.03813204	.2462073	0
1085.15	0	.7146588	.0388642	.246477	0
1084.15	0	.7136603	.03959377	.246746	0
1083.15	0	.7126651	.04032077	.2470142	0
1082.15	0	.7116731	.04104518	.2472817	0
1081.15	0	.7106845	.04176701	.2475485	0
1080.15	0	.7096993	.04248624	.2478145	0
1079.15	0	.7087173	.04320289	.2480798	0
1078.15	0	.7077386	.04391694	.2483445	0
1077.15	0	.7067633	.0446284	.2486084	0
1076.15	0	.7057912	.04533727	.2488715	0
1075.15	0	.7048225	.04604353	.249134	0
1074.15	0	.7038571	.04674718	.2493957	0
1073.15	0	.702895	.04744823	.2496568	0
1072.15	0	.7019362	.04814667	.2499171	0
1071.15	0	.7009808	.0488425	.2501767	0
1070.15	0	.7000287	.04953572	.2504356	0
1069.15	0	.6990799	.05022632	.2506938	0
1068.15	0	.6981344	.0509143	.2509513	0
1067.15	0	.6971923	.05159966	.251208	0
1066.15	0	.6962535	.05228239	.2514641	0
1065.15	0	.6953181	.05296249	.2517195	0
1064.15	0	.6943859	.05363997	.2519741	0
1063.15	0	.6934571	.05431481	.2522281	0
1062.15	0	.6925317	.05498702	.2524813	0
1061.15	0	.6916096	.05565658	.2527338	0
1060.15	0	.6906908	.05632351	.2529857	0
1059.15	0	.6897754	.05698779	.2532368	0
1058.15	0	.6888633	.05764943	.2534872	0
1057.15	0	.6879546	.05830841	.253737	0
1056.15	0	.6870492	.05896474	.253986	0
1055.15	0	.6861472	.05961842	.2542344	0
1054.15	0	.6852486	.06026944	.254482	0
1053.15	0	.6843533	.06091779	.254729	0
1052.15	0	.6834613	.06156349	.2549752	0
1051.15	0	.6825728	.06220651	.2552207	0
1050.15	0	.6816875	.06284687	.2554656	0
1049.15	0	.6808057	.06348455	.2557098	0
1048.15	0	.6799272	.06411956	.2559532	0
1047.15	0	.6790521	.06475189	.256196	0
1046.15	0	.6781804	.06538154	.2564381	0
1045.15	0	.6773121	.0660085	.2566794	0
1044.15	0	.6764471	.06663278	.2569201	0
1043.15	0	.6755855	.06725437	.2571601	0
1042.15	0	.6747273	.06787327	.2573994	0
1041.15	0	.6738725	.06848947	.257638	0
1040.15	0	.6730211	.06910298	.257876	0
1039.15	0	.672173	.06971379	.2581132	0
1038.15	0	.6713284	.07032189	.2583497	0
1037.15	0	.6704872	.07092729	.2585855	0
1036.15	0	.6696493	.07152997	.2588207	0
1035.15	0	.6688149	.07212995	.2590552	0
1034.15	0	.6679838	.07272722	.2592889	0
1033.15	0	.6671562	.07332177	.259522	0
1032.15	0	.666332	.0739136	.2597544	0
1031.15	0	.6655112	.07450271	.2599861	0
1030.15	0	.6646938	.07508909	.2602171	0
1029.15	0	.6638798	.07567275	.2604474	0
1028.15	0	.6630693	.07625368	.2606771	0
1027.15	0	.6622621	.07683188	.260906	0
1026.15	0	.6614584	.07740735	.2611342	0
1025.15	0	.6606581	.07798008	.2613618	0
1024.15	0	.6598613	.07855007	.2615887	0
1023.15	0	.6590679	.07911733	.2618148	0
1022.15	0	.6582779	.07968184	.2620403	0
1021.15	0	.6574913	.0802436	.2622651	0
1020.15	0	.6567082	.08080262	.2624892	0
1019.15	0	.6559285	.08135889	.2627126	0
1018.15	0	.6551523	.08191241	.2629353	0
1017.15	0	.6543795	.08246318	.2631573	0
1016.15	0	.6536102	.0830112	.2633786	0
1015.15	0	.6528443	.08355646	.2635992	0
1014.15	0	.6520819	.08409895	.2638192	0
1013.15	0	.6513229	.0846387	.2640384	0
1012.15	0	.6505674	.08517568	.2642569	0
1011.15	0	.6498154	.08570989	.2644748	0
1010.15	0	.6490668	.08624135	.2646919	0
1009.15	0	.6483216	.08677004	.2649083	0
1008.15	0	.64758	.08729596	.2651241	0
1007.15	0	.6468418	.08781911	.2653391	0
1006.15	0	.646107	.0883395	.2655535	0
1005.15	0	.6453758	.08885711	.2657671	0
1004.15	0	.644648	.08937196	.26598	0
1003.15	0	.6439237	.08988403	.2661923	0
1002.15	0	.6432029	.09039333	.2664038	0
1001.15	0	.6424855	.09089986	.2666146	0
1000.15	0	.6417717	.09140362	.2668247	0
999.15	0	.6410613	.0919046	.2670341	0
998.15	0	.6403544	.09240281	.2672428	0
997.15	0	.639651	.09289824	.2674508	0
996.15	0	.6389511	.0933909	.2676581	0
995.15	0	.6382546	.09388079	.2678646	0
994.15	0	.6375617	.0943679	.2680704	0
993.15	0	.6368722	.09485224	.2682756	0
992.15	0	.6361862	.09533381	.26848	0
991.15	0	.6355037	.09581261	.2686836	0
990.15	0	.6348248	.09628864	.2688866	0
989.15	0	.6341493	.09676189	.2690888	0
988.15	0	.6334772	.09723238	.2692904	0
987.15	0	.6328088	.0977001	.2694912	0
986.15	0	.6321437	.09816506	.2696912	0
985.15	0	.6314822	.09862725	.2698905	0
984.15	0	.6308242	.09908668	.2700891	0
983.15	0	.6301697	.09954335	.270287	0
982.15	0	.6295186	.09999726	.2704841	0
981.15	0	.6288711	.1004484	.2706805	0
980.15	0	.628227	.1008968	.2708762	0
979.15	0	.6275865	.1013425	.2710711	0
978.15	0	.6269494	.1017854	.2712652	0
977.15	0	.6263158	.1022256	.2714586	0
976.15	0	.6256857	.102663	.2716513	0
975.15	0	.6250591	.1030977	.2718432	0
974.15	0	.624436	.1035297	.2720343	0
973.15	0	.6238164	.1039589	.2722247	0
972.15	0	.6232002	.1043854	.2724144	0
971.15	0	.6225875	.1048092	.2726032	0
970.15	0	.6219784	.1052303	.2727913	0
969.15	0	.6213726	.1056487	.2729787	0
968.15	0	.6207704	.1060644	.2731652	0
967.15	0	.6201716	.1064774	.273351	0
966.15	0	.6195763	.1068877	.273536	0
965.15	0	.6189845	.1072953	.2737202	0
964.15	0	.6183961	.1077003	.2739037	0
963.15	0	.6178111	.1081025	.2740863	0
962.15	0	.6172297	.1085022	.2742682	0
961.15	0	.6166516	.1088991	.2744492	0
960.15	0	.616077	.1092935	.2746295	0
959.15	0	.6155059	.1096852	.2748089	0
958.15	0	.6149381	.1100743	.2749876	0
957.15	0	.6143738	.1104607	.2751654	0
956.15	0	.6138129	.1108446	.2753425	0
955.15	0	.6132554	.1112259	.2755187	0
954.15	0	.6127014	.1116046	.275694	0
953.15	0	.6121507	.1119807	.2758686	0
952.15	0	.6116034	.1123543	.2760423	0
951.15	0	.6110595	.1127254	.2762152	0
950.15	0	.6105189	.1130939	.2763872	0
949.15	0	.6099817	.1134598	.2765584	0
948.15	0	.6094479	.1138233	.2767288	0
947.15	0	.6089174	.1141843	.2768982	0
946.15	0	.6083903	.1145429	.2770669	0
945.15	0	.6078665	.1148989	.2772346	0
944.15	0	.607346	.1152526	.2774015	0
943.15	0	.6068287	.1156038	.2775675	0
942.15	0	.6063148	.1159526	.2777326	0
941.15	0	.6058042	.116299	.2778968	0
940.15	0	.6052968	.116643	.2780602	0
939.15	0	.6047926	.1169848	.2782226	0
938.15	0	.6042917	.1173242	.2783841	0
937.15	0	.603794	.1176612	.2785447	0
936.15	0	.6032996	.117996	.2787044	0
935.15	0	.6028083	.1183286	.2788632	0
934.15	0	.6023201	.1186589	.279021	0
933.15	0	.6018351	.1189869	.2791779	0
932.15	0	.6013533	.1193129	.2793338	0
931.15	0	.6008746	.1196366	.2794888	0
930.15	0	.600399	.1199582	.2796428	0
929.15	0	.5999264	.1202777	.2797959	0
928.15	0	.5994569	.1205952	.279948	0
927.15	0	.5989904	.1209106	.2800991	0
926.15	0	.5985269	.1212239	.2802491	0
925.15	0	.5980664	.1215353	.2803982	0
924.15	0	.5976089	.1218448	.2805463	0
923.15	0	.5971543	.1221523	.2806934	0
922.15	0	.5967026	.122458	.2808394	0
921.15	0	.5962538	.1227618	.2809844	0
920.15	0	.5958079	.1230638	.2811283	0
919.15	0	.5953647	.1233641	.2812712	0
918.15	0	.5949244	.1236626	.281413	0
917.15	0	.5944868	.1239594	.2815538	0
916.15	0	.5940519	.1242546	.2816935	0
915.15	0	.5936197	.1245483	.281832	0
914.15	0	.5931902	.1248403	.2819695	0
913.15	0	.5927633	.1251309	.2821058	0
912.15	0	.592339	.12542	.282241	0
911.15	0	.5919172	.1257077	.2823751	0
910.15	0	.5914979	.1259941	.282508	0
909.15	0	.5910811	.1262792	.2826397	0
908.15	0	.5906667	.126563	.2827703	0
907.15	0	.5902547	.1268457	.2828996	0
906.15	0	.589845	.1271272	.2830278	0
905.15	0	.5894375	.1274077	.2831547	0
904.15	0	.5890323	.1276872	.2832805	0
903.15	0	.5886293	.1279658	.2834049	0
902.15	0	.5882284	.1282435	.2835281	0
901.15	0	.5878295	.1285204	.28365	0
900.15	0	.5874327	.1287966	.2837707	0
899.15	0	.5870378	.1290722	.28389	0
898.15	0	.5866448	.1293472	.284008	0
897.15	0	.5862536	.1296217	.2841247	0
896.15	0	.5858642	.1298959	.28424	0
895.15	0	.5854765	.1301697	.2843539	0
894.15	0	.5850904	.1304432	.2844664	0
893.15	0	.5847058	.1307167	.2845775	0
892.15	0	.5843227	.1309901	.2846872	0
891.15	0	.583941	.1312636	.2847954	0
890.15	0	.5835606	.1315373	.2849022	0
889.15	0	.5831814	.1318112	.2850074	0
888.15	0	.5828034	.1320855	.2851112	0
887.15	0	.5824264	.1323603	.2852133	0
886.15	0	.5820504	.1326356	.285314	0
885.15	0	.5816752	.1329118	.285413	0
884.15	0	.5813008	.1331888	.2855105	0
883.15	0	.580927	.1334667	.2856062	0
882.15	0	.5805538	.1337458	.2857004	0
881.15	0	.580181	.1340262	.2857928	0
880.15	0	.5798085	.134308	.2858835	0
879.15	0	.5794363	.1345913	.2859724	0
878.15	0	.5790641	.1348763	.2860596	0
877.15	0	.5786918	.1351633	.286145	0
876.15	0	.5783193	.1354523	.2862285	0
875.15	0	.5779464	.1357435	.2863101	0
874.15	0	.5775731	.1360372	.2863898	0
873.15	0	.5771991	.1363334	.2864675	0
872.15	0	.5768243	.1366325	.2865432	0
871.15	0	.5764485	.1369346	.2866169	0
870.15	0	.5760715	.13724	.2866885	0
869.15	0	.5756932	.1375489	.286758	0
868.15	0	.5753133	.1378614	.2868253	0
867.15	0	.5749317	.138178	.2868903	0
866.15	0	.5745481	.1384987	.2869531	0
865.15	0	.5741624	.138824	.2870136	0
864.15	0	.5737742	.1391541	.2870717	0
863.15	0	.5733834	.1394894	.2871273	0
862.15	0	.5729896	.13983	.2871804	0
861.15	0	.5725926	.1401765	.2872309	0
860.15	0	.5721922	.1405291	.2872788	0
859.15	0	.5717879	.1408882	.2873239	0
858.15	0	.5713795	.1412542	.2873663	0
857.15	0	.5709667	.1416276	.2874058	0
856.15	0	.570549	.1420088	.2874422	0
855.15	0	.5701261	.1423983	.2874757	0
854.15	0	.5696976	.1427965	.2875059	0
853.15	0	.569263	.1432042	.2875329	0
852.15	0	.5688218	.1436217	.2875564	0
851.15	0	.5683586	.1440669	.2875745	0
850.15	0	.5675118	.1449488	.2875394	0
849.15	0	.5667068	.1457882	.287505	0
848.15	0	.5659412	.1465875	.2874713	0
847.15	0	.5652128	.1473489	.2874383	0
846.15	0	.5645195	.1480745	.2874059	0
845.15	0	.5638595	.1487663	.2873741	0
844.15	0	.563231	.1494262	.2873428	0
843.15	0	.5626322	.1500558	.287312	0
842.15	0	.5620617	.1506567	.2872816	0
841.15	0	.5615178	.1512305	.2872517	0
840.15	0	.5609992	.1517786	.2872221	0
839.15	0	.5605047	.1523024	.2871929	0
838.15	0	.560033	.152803	.287164	0
837.15	0	.5595828	.1532818	.2871354	0
836.15	0	.5591532	.1537397	.2871071	0
835.15	0	.5587432	.1541779	.2870789	0
834.15	0	.5583516	.1545974	.2870511	0
833.15	0	.5579776	.154999	.2870234	0
832.15	0	.5576204	.1553838	.2869959	0
831.15	0	.557279	.1557525	.2869685	0
830.15	0	.5569529	.1561059	.2869413	0
829.15	0	.5566411	.1564448	.2869142	0
828.15	0	.556343	.1567698	.2868872	0
827.15	0	.5560579	.1570818	.2868603	0
826.15	0	.5557852	.1573813	.2868335	0
825.15	0	.5555244	.1576689	.2868068	0
824.15	0	.5552747	.1579452	.2867801	0
823.15	0	.5550358	.1582108	.2867534	0
822.15	0	.5548071	.1584661	.2867268	0
821.15	0	.554588	.1587117	.2867002	0
820.15	0	.5543782	.1589481	.2866737	0
819.15	0	.5541772	.1591756	.2866472	0
818.15	0	.5539846	.1593948	.2866206	0
817.15	0	.5538	.159606	.286594	0
816.15	0	.553623	.1598095	.2865675	0
815.15	0	.5534532	.1600059	.2865409	0
814.15	0	.5532903	.1601954	.2865143	0
813.15	0	.553134	.1603783	.2864877	0
812.15	0	.552984	.160555	.286461	0
811.15	0	.5528399	.1607258	.2864343	0
810.15	0	.5527015	.1608909	.2864076	0
809.15	0	.5525685	.1610507	.2863808	0
808.15	0	.5524407	.1612053	.286354	0
807.15	0	.5523178	.1613551	.2863271	0
806.15	0	.5521995	.1615003	.2863002	0
805.15	0	.5520857	.1616411	.2862732	0
804.15	0	.5519762	.1617776	.2862462	0
803.15	0	.5518707	.1619102	.286219	0
802.15	0	.5517691	.1620391	.2861919	0
801.15	0	.5516711	.1621643	.2861646	0
800.15	0	.5515766	.1622861	.2861373	0
799.15	0	.5514854	.1624046	.28611	0
798.15	0	.5513974	.1625201	.2860825	0
797.15	0	.5513124	.1626326	.286055	0
796.15	0	.5512303	.1627423	.2860274	0
795.15	0	.5511508	.1628494	.2859997	0
794.15	0	.551074	.162954	.285972	0
793.15	0	.5509997	.1630561	.2859442	0
792.15	0	.5509277	.163156	.2859163	0
791.15	0	.5508579	.1632538	.2858884	0
790.15	0	.5507902	.1633495	.2858603	0
789.15	0	.5507245	.1634433	.2858322	0
788.15	0	.5506608	.1635352	.285804	0
787.15	0	.5505989	.1636254	.2857757	0
786.15	0	.5505387	.163714	.2857473	0
785.15	0	.5504802	.163801	.2857189	0
784.15	0	.5504232	.1638865	.2856904	0
783.15	0	.5503676	.1639706	.2856618	0
782.15	0	.5503135	.1640534	.2856331	0
781.15	0	.5502607	.1641349	.2856043	0
780.15	0	.5502092	.1642153	.2855755	0
779.15	0	.5501589	.1642946	.2855466	0
778.15	0	.5501097	.1643728	.2855176	0
777.15	0	.5500616	.16445	.2854885	0
776.15	0	.5500145	.1645262	.2854593	0
775.15	0	.5499683	.1646016	.2854301	0
774.15	0	.5499231	.1646762	.2854007	0
773.15	0	.5498787	.16475	.2853713	0
772.15	0	.5498351	.164823	.2853418	0
771.15	0	.5497923	.1648954	.2853123	0
770.15	0	.5497502	.1649671	.2852826	0
769.15	0	.5497088	.1650383	.2852529	0
768.15	0	.5496681	.1651088	.2852231	0
767.15	0	.5496279	.1651789	.2851932	0
766.15	0	.5495883	.1652484	.2851632	0
765.15	0	.5495493	.1653175	.2851332	0
764.15	0	.5495108	.1653862	.2851031	0
763.15	0	.5494727	.1654544	.2850729	0
762.15	0	.5494351	.1655223	.2850426	0
761.15	0	.5493978	.1655899	.2850123	0
760.15	0	.549361	.1656572	.2849818	0
759.15	0	.5493245	.1657241	.2849513	0
758.15	0	.5492884	.1657908	.2849208	0
757.15	0	.5492526	.1658573	.2848901	0
756.15	0	.5492171	.1659236	.2848594	0
755.15	0	.5491818	.1659896	.2848286	0
754.15	0	.5491468	.1660555	.2847977	0
753.15	0	.549112	.1661212	.2847668	0
752.15	0	.5490774	.1661868	.2847358	0
751.15	0	.5490431	.1662523	.2847047	0
750.15	0	.5490089	.1663177	.2846735	0
749.15	0	.5489748	.1663829	.2846423	0
748.15	0	.5489409	.1664481	.2846109	0
747.15	0	.5489072	.1665132	.2845796	0
746.15	0	.5488736	.1665783	.2845481	0
745.15	0	.54884	.1666434	.2845166	0
744.15	0	.5488066	.1667084	.284485	0
743.15	0	.5487732	.1667734	.2844534	0
742.15	0	.54874	.1668384	.2844217	0
741.15	0	.5487068	.1669034	.2843899	0
740.15	0	.5486736	.1669684	.284358	0
739.15	0	.5486405	.1670334	.2843261	0
738.15	0	.5486074	.1670985	.2842941	0
737.15	0	.5485743	.1671636	.2842621	0
736.15	0	.5485413	.1672288	.28423	0
735.15	0	.5485082	.167294	.2841978	0
734.15	0	.5484768	.1673581	.2841651	0
733.15	0	.5484437	.1674235	.2841328	0
732.15	0	.5484105	.167489	.2841005	0
731.15	0	.5483773	.1675546	.2840681	0
730.15	0	.5483441	.1676203	.2840357	0
729.15	0	.5483108	.167686	.2840031	0
728.15	0	.5482776	.1677519	.2839705	0
727.15	0	.5482443	.1678178	.2839379	0
726.15	0	.548211	.1678838	.2839052	0
725.15	0	.5481776	.16795	.2838724	0
724.15	0	.5481442	.1680162	.2838396	0
723.15	0	.5481107	.1680825	.2838067	0
722.15	0	.5480772	.168149	.2837738	0
721.15	0	.5480436	.1682156	.2837408	0
720.15	0	.54801	.1682823	.2837078	0
719.15	0	.5479763	.1683491	.2836747	0
718.15	0	.5479425	.168416	.2836415	0
717.15	0	.5479086	.1684831	.2836083	0
716.15	0	.5478747	.1685502	.283575	0
715.15	0	.5478407	.1686176	.2835417	0
714.15	0	.5478067	.168685	.2835084	0
713.15	0	.5477725	.1687526	.2834749	0
712.15	0	.5477383	.1688203	.2834415	0
711.15	0	.547704	.1688881	.2834079	0
710.15	0	.5476696	.1689561	.2833744	0
709.15	0	.5476351	.1690242	.2833407	0
708.15	0	.5476005	.1690924	.2833071	0
707.15	0	.5475659	.1691608	.2832734	0
706.15	0	.5475311	.1692293	.2832396	0
705.15	0	.5474963	.1692979	.2832058	0
704.15	0	.5474613	.1693667	.283172	0
703.15	0	.5474263	.1694356	.2831381	0
702.15	0	.5473912	.1695047	.2831041	0
701.15	0	.547356	.1695739	.2830702	0
700.15	0	.5473207	.1696432	.2830361	0
699.15	0	.5472853	.1697127	.2830021	0
698.15	0	.5472498	.1697823	.282968	0
697.15	0	.5472142	.169852	.2829338	0
696.15	0	.5471785	.1699219	.2828996	0
695.15	0	.5471428	.1699918	.2828654	0
694.15	0	.5471069	.170062	.2828311	0
693.15	0	.5470709	.1701322	.2827968	0
692.15	0	.5470349	.1702026	.2827625	0
691.15	0	.5469987	.1702732	.2827281	0
690.15	0	.5469625	.1703438	.2826937	0
689.15	0	.5469261	.1704146	.2826593	0
688.15	0	.5468897	.1704855	.2826248	0
687.15	0	.5468532	.1705565	.2825903	0
686.15	0	.5468166	.1706277	.2825557	0
685.15	0	.5467799	.170699	.2825211	0
684.15	0	.5467431	.1707704	.2824865	0
683.15	0	.5467062	.1708419	.2824519	0
682.15	0	.5466692	.1709135	.2824172	0
681.15	0	.5466322	.1709853	.2823825	0
680.15	0	.546595	.1710572	.2823478	0
679.15	0	.5465578	.1711292	.282313	0
678.15	0	.5465205	.1712013	.2822782	0
677.15	0	.5464831	.1712735	.2822434	0
676.15	0	.5464456	.1713458	.2822086	0
675.15	0	.546408	.1714183	.2821737	0
674.15	0	.5463704	.1714908	.2821388	0
673.15	0	.5463326	.1715635	.2821039	0
672.15	0	.5462948	.1716362	.282069	0
671.15	0	.5462569	.1717091	.282034	0
670.15	0	.546219	.171782	.281999	0
669.15	0	.5461809	.1718551	.281964	0
668.15	0	.5461428	.1719282	.281929	0
667.15	0	.5461046	.1720015	.2818939	0
666.15	0	.5460663	.1720748	.2818589	0
665.15	0	.546028	.1721483	.2818238	0
664.15	0	.5459896	.1722218	.2817887	0
663.15	0	.5459511	.1722954	.2817535	0
662.15	0	.5459125	.1723691	.2817184	0
661.15	0	.5458739	.1724429	.2816832	0
660.15	0	.5458352	.1725167	.281648	0
659.15	0	.5457965	.1725907	.2816129	0
658.15	0	.5457576	.1726647	.2815777	0
657.15	0	.5457188	.1727388	.2815424	0
656.15	0	.5456798	.172813	.2815072	0
655.15	0	.5456408	.1728872	.2814719	0
654.15	0	.5456017	.1729616	.2814367	0
653.15	0	.5455626	.173036	.2814014	0
652.15	0	.5455234	.1731104	.2813661	0
651.15	0	.5454842	.173185	.2813308	0
650.15	0	.5454449	.1732596	.2812956	0
649.15	0	.5454056	.1733342	.2812602	0
648.15	0	.5453662	.1734089	.2812249	0
647.15	0	.5453267	.1734837	.2811896	0
646.15	0	.5452872	.1735585	.2811543	0
645.15	0	.5452477	.1736334	.2811189	0
644.15	0	.5452081	.1737084	.2810836	0
643.15	0	.5451684	.1737834	.2810482	0
642.15	0	.5451287	.1738584	.2810129	0
641.15	0	.545089	.1739335	.2809775	0
640.15	0	.5450492	.1740086	.2809422	0
639.15	0	.5450094	.1740838	.2809068	0
638.15	0	.5449695	.174159	.2808714	0
637.15	0	.5449297	.1742343	.2808361	0
636.15	0	.5448897	.1743096	.2808007	0
635.15	0	.5448498	.1743849	.2807653	0
634.15	0	.5448097	.1744603	.28073	0
633.15	0	.5447697	.1745357	.2806946	0
632.15	0	.5447296	.1746111	.2806592	0
631.15	0	.5446895	.1746866	.2806239	0
630.15	0	.5446494	.1747621	.2805885	0
629.15	0	.5446092	.1748376	.2805532	0
628.15	0	.544569	.1749131	.2805178	0
627.15	0	.5445288	.1749887	.2804825	0
626.15	0	.5444886	.1750643	.2804471	0
625.15	0	.5444483	.1751399	.2804118	0
624.15	0	.544408	.1752155	.2803765	0
623.15	0	.5443677	.1752911	.2803412	0
622.15	0	.5443274	.1753668	.2803059	0
621.15	0	.544287	.1754424	.2802706	0
620.15	0	.5442467	.1755181	.2802353	0
619.15	0	.5442063	.1755938	.2802	0
618.15	0	.5441659	.1756694	.2801647	0
617.15	0	.5441254	.1757451	.2801295	0
616.15	0	.544085	.1758208	.2800942	0
615.15	0	.5440446	.1758965	.280059	0
614.15	0	.5440041	.1759721	.2800238	0
613.15	0	.5439636	.1760478	.2799886	0
612.15	0	.5439231	.1761235	.2799534	0
611.15	0	.5438827	.1761992	.2799182	0
610.15	0	.5438422	.1762748	.279883	0
609.15	0	.5438017	.1763505	.2798479	0
608.15	0	.5437612	.1764261	.2798128	0
607.15	0	.5437207	.1765017	.2797776	0
606.15	0	.5436801	.1765773	.2797426	0
605.15	0	.5436396	.1766529	.2797075	0
604.15	0	.5435991	.1767285	.2796724	0
603.15	0	.5435586	.176804	.2796374	0
602.15	0	.5435181	.1768795	.2796024	0
601.15	0	.5434776	.176955	.2795674	0
600.15	0	.5434371	.1770305	.2795324	0
599.15	0	.5433966	.1771059	.2794975	0
598.15	0	.5433561	.1771814	.2794626	0
597.15	0	.5433156	.1772567	.2794277	0
596.15	0	.5432751	.1773321	.2793928	0
595.15	0	.5432346	.1774074	.279358	0
594.15	0	.5431942	.1774827	.2793231	0
593.15	0	.5431537	.1775579	.2792883	0
592.15	0	.5431133	.1776331	.2792536	0
591.15	0	.5430729	.1777083	.2792188	0
590.15	0	.5430324	.1777834	.2791841	0
589.15	0	.5429921	.1778585	.2791494	0
588.15	0	.5429517	.1779335	.2791148	0
587.15	0	.5429113	.1780085	.2790802	0
586.15	0	.542871	.1780835	.2790456	0
585.15	0	.5428306	.1781584	.279011	0
584.15	0	.5427903	.1782332	.2789765	0
583.15	0	.54275	.178308	.278942	0
582.15	0	.5427098	.1783827	.2789075	0
581.15	0	.5426695	.1784574	.2788731	0
580.15	0	.5426293	.178532	.2788387	0
579.15	0	.5425891	.1786065	.2788043	0
578.15	0	.542549	.178681	.27877	0
577.15	0	.5425088	.1787555	.2787357	0
576.15	0	.5424687	.1788298	.2787015	0
575.15	0	.5424286	.1789041	.2786672	0
574.15	0	.5423885	.1789784	.2786331	0
573.15	0	.5423485	.1790525	.2785989	0
572.15	0	.5423085	.1791266	.2785648	0
571.15	0	.5422686	.1792007	.2785308	0
570.15	0	.5422286	.1792746	.2784968	0
569.15	0	.5421887	.1793485	.2784628	0
568.15	0	.5421489	.1794223	.2784289	0
567.15	0	.542109	.179496	.2783949	0
566.15	0	.5420692	.1795697	.2783611	0
565.15	0	.5420295	.1796432	.2783273	0
564.15	0	.5419898	.1797167	.2782935	0
563.15	0	.5419501	.1797901	.2782598	0
562.15	0	.5419104	.1798634	.2782261	0
561.15	0	.5418708	.1799367	.2781925	0
560.15	0	.5418313	.1800098	.2781589	0
559.15	0	.5417918	.1800829	.2781254	0
558.15	0	.5417523	.1801558	.2780919	0
557.15	0	.5417129	.1802287	.2780585	0
556.15	0	.5416735	.1803015	.2780251	0
555.15	0	.5416341	.1803742	.2779917	0
554.15	0	.5415948	.1804467	.2779584	0
553.15	0	.5415556	.1805192	.2779252	0
552.15	0	.5415164	.1805916	.277892	0
551.15	0	.5414772	.1806639	.2778589	0
550.15	0	.5414381	.1807361	.2778258	0
549.15	0	.541399	.1808082	.2777928	0
548.15	0	.54136	.1808802	.2777598	0
547.15	0	.5413211	.1809521	.2777268	0
546.15	0	.5412822	.1810239	.277694	0
545.15	0	.5412433	.1810955	.2776612	0
544.15	0	.5412045	.1811671	.2776284	0
543.15	0	.5411658	.1812385	.2775957	0
542.15	0	.5411271	.1813099	.277563	0
541.15	0	.5410884	.1813811	.2775304	0
540.15	0	.5410499	.1814522	.2774979	0
539.15	0	.5410113	.1815232	.2774654	0
538.15	0	.5409729	.1815941	.277433	0
537.15	0	.5409345	.1816649	.2774007	0
536.15	0	.5408961	.1817355	.2773684	0
535.15	0	.5408578	.181806	.2773361	0
534.15	0	.5408196	.1818764	.277304	0
533.15	0	.5407814	.1819467	.2772718	0
532.15	0	.5407433	.1820169	.2772398	0
531.15	0	.5407053	.1820869	.2772078	0
530.15	0	.5406673	.1821568	.2771759	0
529.15	0	.5406294	.1822266	.277144	0
528.15	0	.5405915	.1822962	.2771122	0
527.15	0	.5405537	.1823657	.2770805	0
526.15	0	.540516	.1824351	.2770489	0
525.15	0	.5404783	.1825044	.2770173	0
524.15	0	.5404408	.1825735	.2769857	0
523.15	0	.5404032	.1826425	.2769543	0
522.15	0	.5403658	.1827114	.2769229	0
521.15	0	.5403284	.1827801	.2768915	0
520.15	0	.5402911	.1828487	.2768603	0
519.15	0	.5402538	.1829171	.2768291	0
518.15	0	.5402166	.1829854	.276798	0
517.15	0	.5401795	.1830536	.2767669	0
516.15	0	.5401425	.1831216	.2767359	0
515.15	0	.5401055	.1831894	.276705	0
514.15	0	.5400686	.1832572	.2766742	0
513.15	0	.5400318	.1833248	.2766434	0
512.15	0	.5399951	.1833922	.2766128	0
511.15	0	.5399584	.1834595	.2765821	0
510.15	0	.5399218	.1835266	.2765516	0
509.15	0	.5398853	.1835936	.2765211	0
508.15	0	.5398488	.1836604	.2764907	0
507.15	0	.5398124	.1837271	.2764604	0
506.15	0	.5397762	.1837937	.2764302	0
505.15	0	.5397399	.18386	.2764	0
504.15	0	.5397038	.1839263	.2763699	0
503.15	0	.5396677	.1839923	.2763399	0
502.15	0	.5396318	.1840582	.27631	0
501.15	0	.5395958	.184124	.2762802	0
500.15	0	.53956	.1841896	.2762504	0
499.15	0	.5395243	.184255	.2762207	0
498.15	0	.5394886	.1843203	.2761911	0
497.15	0	.539453	.1843854	.2761616	0
496.15	0	.5394175	.1844504	.2761321	0
495.15	0	.5393821	.1845151	.2761028	0
494.15	0	.5393468	.1845798	.2760735	0
493.15	0	.5393115	.1846442	.2760443	0
492.15	0	.5392764	.1847085	.2760151	0
491.15	0	.5392413	.1847726	.2759861	0
490.4764	0	.5392177	.1848157	.2759666	0
490.4764	0	.5392177	.1848157	.2759666	0
490.4764	0	.5392177	.1848157	.2759666	0
490.15	0	.5392843	.1846562	.2758734	1.860967E-04
489.15	0	.5394874	.1841685	.2755888	7.552859E-04
488.15	0	.5396894	.1836825	.275305	.001323185
487.15	0	.5398904	.1831979	.2750218	.001889806
486.15	0	.5400905	.182715	.2747394	.002455161
485.15	0	.5402895	.1822335	.2744577	.00301926
484.15	0	.5404876	.1817536	.2741767	.003582115
483.15	0	.5406848	.1812751	.2738964	.004143738
482.15	0	.540881	.180798	.2736168	.004704139
481.15	0	.5410763	.1803224	.2733379	.005263329
480.15	0	.5412707	.1798483	.2730597	.00582132
479.15	0	.5414642	.1793755	.2727822	.006378122
478.15	0	.5416569	.1789041	.2725053	.006933745
477.15	0	.5418486	.178434	.2722291	.007488201
476.15	0	.5420395	.1779653	.2719536	.008041499
475.15	0	.5422296	.177498	.2716788	.008593651
474.15	0	.5424188	.1770319	.2714046	.009144665
473.15	0	.5426073	.1765671	.2711311	.009694553
472.15	0	.5427949	.1761036	.2708582	.01024333
471.15	0	.5429817	.1756413	.270586	.01079099
470.15	0	.5431678	.1751803	.2703144	.01133756
469.15	0	.543353	.1747205	.2700435	.01188304
468.15	0	.5435376	.1742619	.2697731	.01242745
467.15	0	.5437213	.1738044	.2695035	.01297078
466.15	0	.5439044	.1733482	.2692344	.01351306
465.15	0	.5440867	.1728931	.268966	.01405429
464.15	0	.5442683	.1724391	.2686981	.01459448
463.15	0	.5444492	.1719862	.2684309	.01513365
462.15	0	.5446294	.1715345	.2681643	.01567179
461.15	0	.544809	.1710838	.2678984	.01620892
460.15	0	.5449878	.1706342	.267633	.01674504
459.15	0	.545166	.1701856	.2673682	.01728017
458.15	0	.5453436	.1697381	.267104	.01781432
457.15	0	.5455205	.1692917	.2668403	.01834749
456.15	0	.5456968	.1688462	.2665773	.01887969
455.15	0	.5458725	.1684017	.2663149	.01941094
454.15	0	.5460476	.1679582	.266053	.01994123
453.15	0	.546222	.1675157	.2657917	.02047058
452.15	0	.5463959	.1670741	.265531	.02099899
451.15	0	.5465692	.1666335	.2652708	.02152648
450.15	0	.546742	.1661937	.2650113	.02205306
449.15	0	.5469142	.1657549	.2647522	.02257873
448.15	0	.5470858	.1653169	.2644938	.02310351
447.15	0	.5472569	.1648798	.2642359	.0236274
446.15	0	.5474275	.1644436	.2639785	.0241504
445.15	0	.5475976	.1640081	.2637217	.02467253
444.15	0	.5477672	.1635735	.2634654	.0251938
443.15	0	.5479363	.1631397	.2632097	.02571421
442.15	0	.548105	.1627067	.2629546	.02623377
441.15	0	.5482731	.1622745	.2626999	.0267525
440.15	0	.5484408	.161843	.2624458	.02727039
439.15	0	.5486081	.1614122	.2621923	.02778747
438.15	0	.5487749	.1609822	.2619392	.02830373
437.15	0	.5489413	.1605528	.2616867	.02881918
436.15	0	.5491072	.1601241	.2614348	.02933384
435.15	0	.5492728	.1596961	.2611833	.02984771
434.15	0	.549438	.1592688	.2609324	.03036079
433.15	0	.5496028	.1588421	.260682	.03087311
432.15	0	.5497672	.158416	.2604321	.03138465
431.15	0	.5499313	.1579905	.2601827	.03189544
430.15	0	.550095	.1575657	.2599339	.03240547
429.15	0	.5502583	.1571414	.2596856	.03291476
428.15	0	.5504213	.1567177	.2594377	.03342332
427.15	0	.550584	.1562945	.2591904	.03393114
426.15	0	.5507463	.1558719	.2589436	.03443824
425.15	0	.5509084	.1554498	.2586972	.03494462
424.15	0	.5510701	.1550282	.2584514	.03545029
423.15	0	.5512315	.1546072	.2582061	.03595526
422.15	0	.5513926	.1541866	.2579612	.03645953
421.15	0	.5515535	.1537666	.2577169	.03696312
420.15	0	.551714	.153347	.257473	.03746602
419.15	0	.5518743	.1529278	.2572297	.03796824
418.15	0	.5520343	.1525091	.2569868	.0384698
417.15	0	.5521941	.1520909	.2567444	.03897068
416.15	0	.5523536	.1516731	.2565024	.03947091
415.15	0	.5525128	.1512557	.256261	.03997049
414.15	0	.5526718	.1508387	.25602	.04046942
413.15	0	.5528306	.1504221	.2557795	.04096771
412.15	0	.5529892	.1500059	.2555395	.04146537
411.15	0	.5531475	.1495902	.2553	.0419624
410.15	0	.5533056	.1491747	.2550609	.0424588
409.15	0	.5534635	.1487597	.2548223	.04295459
408.15	0	.5536212	.148345	.2545841	.04344976
407.15	0	.5537787	.1479306	.2543464	.04394433
406.15	0	.553936	.1475166	.2541092	.0444383
