T	 BPW(LIQUID)	BPW(BCC_A2)	BPW(FCC_A1)	BPW(LAVES_PHASE_C14)	BPW(NI3TI)
1473.15	.4031868	.5968132	0	0	0
1472.15	.400021	.599979	0	0	0
1471.15	.3968768	.6031232	0	0	0
1470.15	.3937538	.6062462	0	0	0
1469.15	.3906519	.6093481	0	0	0
1468.15	.387571	.612429	0	0	0
1467.15	.3845109	.6154892	0	0	0
1466.15	.3814713	.6185287	0	0	0
1465.15	.3784522	.6215478	0	0	0
1464.15	.3754533	.6245467	0	0	0
1463.15	.3724746	.6275254	0	0	0
1462.15	.3695158	.6304842	0	0	0
1461.15	.3665769	.6334232	0	0	0
1460.15	.3636575	.6363425	0	0	0
1459.15	.3607576	.6392424	0	0	0
1458.15	.357877	.642123	0	0	0
1457.15	.3550156	.6449844	0	0	0
1456.15	.3521733	.6478268	0	0	0
1455.15	.3493497	.6506503	0	0	0
1454.15	.3465449	.6534551	0	0	0
1453.15	.3437587	.6562414	0	0	0
1452.15	.3409908	.6590092	0	0	0
1451.15	.3382412	.6617588	0	0	0
1450.15	.3355098	.6644902	0	0	0
1449.15	.3327963	.6672037	0	0	0
1448.15	.3301007	.6698993	0	0	0
1447.15	.3274227	.6725773	0	0	0
1446.15	.3247624	.6752376	0	0	0
1445.15	.3221194	.6778806	0	0	0
1444.15	.3194937	.6805063	0	0	0
1443.15	.3168852	.6831148	0	0	0
1442.15	.3142937	.6857063	0	0	0
1441.15	.311719	.688281	0	0	0
1440.15	.3091611	.6908389	0	0	0
1439.15	.3066199	.6933801	0	0	0
1438.15	.3040951	.6959049	0	0	0
1437.15	.3015866	.6984134	0	0	0
1436.15	.2990944	.7009056	0	0	0
1435.15	.2966183	.7033817	0	0	0
1434.15	.2941581	.7058419	0	0	0
1433.15	.2917138	.7082862	0	0	0
1432.15	.2892853	.7107147	0	0	0
1431.15	.2868723	.7131277	0	0	0
1430.15	.2844749	.7155251	0	0	0
1429.15	.2820928	.7179073	0	0	0
1428.15	.2797259	.7202741	0	0	0
1427.15	.2773741	.7226259	0	0	0
1426.15	.2750374	.7249626	0	0	0
1425.15	.2727156	.7272844	0	0	0
1424.15	.2704085	.7295915	0	0	0
1423.15	.2681161	.7318839	0	0	0
1422.15	.2658383	.7341617	0	0	0
1421.15	.2635749	.7364251	0	0	0
1420.15	.2613259	.7386741	0	0	0
1419.15	.259091	.740909	0	0	0
1418.15	.2568703	.7431297	0	0	0
1417.15	.2546636	.7453364	0	0	0
1416.15	.2524707	.7475293	0	0	0
1415.15	.2502917	.7497083	0	0	0
1414.15	.2481263	.7518737	0	0	0
1413.15	.2459746	.7540254	0	0	0
1412.15	.2438363	.7561637	0	0	0
1411.15	.2417113	.7582887	0	0	0
1410.15	.2395997	.7604003	0	0	0
1409.15	.2375012	.7624988	0	0	0
1408.15	.2354158	.7645842	0	0	0
1407.15	.2333434	.7666566	0	0	0
1406.15	.2312838	.7687162	0	0	0
1405.15	.2292371	.7707629	0	0	0
1404.15	.227203	.772797	0	0	0
1403.15	.2251815	.7748185	0	0	0
1402.15	.2231725	.7768275	0	0	0
1401.15	.2211759	.7788241	0	0	0
1400.15	.2191916	.7808084	0	0	0
1399.15	.2172195	.7827805	0	0	0
1398.15	.2152596	.7847404	0	0	0
1397.15	.2133117	.7866883	0	0	0
1396.15	.2113757	.7886243	0	0	0
1395.15	.2094516	.7905484	0	0	0
1394.15	.2075393	.7924607	0	0	0
1393.15	.2056386	.7943614	0	0	0
1392.15	.2037495	.7962505	0	0	0
1391.15	.201872	.798128	0	0	0
1390.15	.2000059	.7999941	0	0	0
1389.15	.1981511	.8018489	0	0	0
1388.15	.1963075	.8036925	0	0	0
1387.15	.1944752	.8055248	0	0	0
1386.15	.1926539	.8073461	0	0	0
1385.15	.1908437	.8091563	0	0	0
1384.15	.1890444	.8109556	0	0	0
1383.15	.1872559	.8127441	0	0	0
1382.15	.1854782	.8145218	0	0	0
1381.15	.1837112	.8162888	0	0	0
1380.15	.1819549	.8180451	0	0	0
1379.15	.180209	.819791	0	0	0
1378.15	.1784737	.8215263	0	0	0
1377.15	.1767487	.8232513	0	0	0
1376.15	.1750341	.8249659	0	0	0
1375.15	.1733297	.8266704	0	0	0
1374.15	.1716354	.8283646	0	0	0
1373.15	.1699513	.8300487	0	0	0
1372.15	.1682771	.8317229	0	0	0
1371.15	.166613	.833387	0	0	0
1370.15	.1649587	.8350413	0	0	0
1369.15	.1633142	.8366858	0	0	0
1368.15	.1616795	.8383205	0	0	0
1367.15	.1600544	.8399456	0	0	0
1366.15	.158439	.841561	0	0	0
1365.15	.1568331	.8431669	0	0	0
1364.15	.1552366	.8447634	0	0	0
1363.15	.1536496	.8463504	0	0	0
1362.15	.1520719	.8479281	0	0	0
1361.15	.1505035	.8494965	0	0	0
1360.15	.1489443	.8510557	0	0	0
1359.15	.1473943	.8526058	0	0	0
1358.15	.1458533	.8541467	0	0	0
1357.15	.1443213	.8556787	0	0	0
1356.15	.1427983	.8572017	0	0	0
1355.15	.1412843	.8587157	0	0	0
1354.15	.139779	.860221	0	0	0
1353.15	.1382825	.8617175	0	0	0
1352.15	.1367948	.8632053	0	0	0
1351.15	.1353156	.8646843	0	0	0
1350.15	.1338452	.8661549	0	0	0
1349.15	.1323832	.8676168	0	0	0
1348.15	.1309297	.8690703	0	0	0
1347.15	.1294847	.8705154	0	0	0
1346.15	.128048	.871952	0	0	0
1345.15	.1266196	.8733804	0	0	0
1344.15	.1251995	.8748005	0	0	0
1343.15	.1237876	.8762124	0	0	0
1342.15	.1223838	.8776162	0	0	0
1341.15	.1209881	.8790119	0	0	0
1340.15	.1196005	.8803995	0	0	0
1339.15	.1182209	.8817791	0	0	0
1338.15	.1168492	.8831508	0	0	0
1337.741	.1162905	.8837095	0	0	0
1337.741	.1162905	.8837095	0	0	0
1337.741	.1162905	.8837095	0	0	0
1337.15	.1151463	.8842908	0	5.628402E-04	0
1336.15	.1132221	.8852662	0	.001511733	0
1335.15	.1113123	.8862314	0	.002456395	0
1334.15	.1094166	.8871865	0	.00339688	0
1333.15	.107535	.8881318	0	.004333241	0
1332.15	.1056671	.8890673	0	.00526553	0
1331.15	.103813	.8899933	0	.006193796	0
1330.15	.1019722	.8909097	0	.00711809	0
1329.15	.1001448	.8918167	0	.008038461	0
1328.15	.0983305	.8927145	0	.008954956	0
1327.15	.09652914	.8936032	0	.009867624	0
1326.15	.09474056	.8944829	0	.01077651	0
1325.15	.0929646	.8953537	0	.01168166	0
1324.15	.09120108	.8962158	0	.01258313	0
1323.15	.08944987	.8970692	0	.01348094	0
1322.15	.08771079	.8979141	0	.01437516	0
1321.15	.08598369	.8987505	0	.01526581	0
1320.15	.08426843	.8995786	0	.01615295	0
1319.15	.08256485	.9003985	0	.01703661	0
1318.15	.0808728	.9012104	0	.01791683	0
1317.15	.07919215	.9020142	0	.01879367	0
1316.15	.07752274	.9028101	0	.01966714	0
1315.15	.07586444	.9035982	0	.02053731	0
1314.15	.07421711	.9043787	0	.02140419	0
1313.15	.07258062	.9051516	0	.02226783	0
1312.15	.07095482	.9059169	0	.02312827	0
1311.15	.06933959	.9066749	0	.02398555	0
1310.15	.06773479	.9074255	0	.02483969	0
1309.15	.06614031	.9081689	0	.02569074	0
1308.15	.06455601	.9089053	0	.02653873	0
1307.15	.06298176	.9096346	0	.02738369	0
1306.15	.06141745	.9103569	0	.02822566	0
1305.15	.05986296	.9110724	0	.02906467	0
1304.15	.05831817	.9117811	0	.02990075	0
1303.15	.05678295	.9124831	0	.03073395	0
1302.15	.05525719	.9131785	0	.03156427	0
1301.15	.05374079	.9138674	0	.03239177	0
1300.15	.05223362	.9145499	0	.03321647	0
1299.15	.05073208	.915229	0	.03403888	0
1298.15	.04924307	.9158989	0	.03485807	0
1297.15	.04776297	.9165625	0	.03567454	0
1296.15	.04629168	.91722	0	.03648834	0
1295.15	.04482908	.9178714	0	.03729948	0
1294.15	.04337509	.9185169	0	.038108	0
1293.15	.04192959	.9191565	0	.03891392	0
1292.15	.04049249	.9197902	0	.03971727	0
1291.15	.03906368	.9204182	0	.04051808	0
1290.15	.03764308	.9210406	0	.04131638	0
1289.15	.03623058	.9216572	0	.04211218	0
1288.15	.03482608	.9222684	0	.04290553	0
1287.15	.03342951	.9228741	0	.04369643	0
1286.15	.03204076	.9234743	0	.04448492	0
1285.15	.03065975	.9240692	0	.04527103	0
1284.15	.02928637	.9246589	0	.04605477	0
1283.15	.02792056	.9252433	0	.04683617	0
1282.15	.02656221	.9258225	0	.04761526	0
1281.15	.02521125	.9263967	0	.04839205	0
1280.15	.02386758	.9269658	0	.04916658	0
1279.15	.02253113	.92753	0	.04993886	0
1278.15	.02120181	.9280893	0	.05070892	0
1277.15	.01987954	.9286437	0	.05147677	0
1276.15	.01856424	.9291933	0	.05224245	0
1275.15	.01725583	.9297382	0	.05300597	0
1274.15	.01595423	.9302784	0	.05376735	0
1273.15	.01465936	.930814	0	.05452661	0
1272.15	.01337116	.9313451	0	.05528378	0
1271.15	.01208953	.9318716	0	.05603888	0
1270.15	.01081441	.9323937	0	.05679192	0
1269.15	.009545733	.9329113	0	.05754293	0
1268.15	.008283413	.9334247	0	.05829192	0
1267.15	.007027383	.9339337	0	.05903892	0
1266.15	.005777573	.9344385	0	.05978395	0
1265.15	.004533912	.9349391	0	.06052701	0
1264.15	.003296332	.9354355	0	.06126814	0
1263.16	.002076669	.9359231	0	.0620002	0
1263.16	.002076669	.9359231	0	.0620002	0
1263.16	.002076669	.9359231	0	.0620002	0
1263.15	.001998507	.9359041	8.556134E-05	.06201184	0
1262.902	0	.9354191	.002271857	.06230907	0
1262.902	0	.9354191	.002271857	.06230907	0
1262.15	0	.9343223	.00294382	.06273389	0
1261.15	0	.9328679	.003834781	.06329733	0
1260.15	0	.9314176	.004723113	.0638593	0
1259.15	0	.9299714	.005608822	.06441982	0
1258.15	0	.9285292	.006491915	.06497889	0
1257.15	0	.9270911	.007372398	.06553651	0
1256.15	0	.925657	.008250278	.06609268	0
1255.15	0	.924227	.00912556	.06664743	0
1254.15	0	.922801	.009998252	.06720074	0
1253.15	0	.921379	.01086836	.06775262	0
1252.15	0	.919961	.01173589	.06830309	0
1251.15	0	.918547	.01260084	.06885214	0
1250.15	0	.917137	.01346323	.06939978	0
1249.15	0	.9157309	.01432306	.06994602	0
1248.15	0	.9143288	.01518033	.07049085	0
1247.15	0	.9129307	.01603505	.07103429	0
1246.15	0	.9115364	.01688724	.07157634	0
1245.15	0	.9101461	.01773688	.07211701	0
1244.15	0	.9087597	.018584	.07265629	0
1243.15	0	.9073772	.01942859	.0731942	0
1242.15	0	.9059986	.02027066	.07373074	0
1241.15	0	.9046239	.02111021	.07426592	0
1240.15	0	.903253	.02194726	.07479974	0
1239.15	0	.901886	.02278181	.07533219	0
1238.15	0	.9005228	.02361386	.0758633	0
1237.15	0	.8991635	.02444342	.07639307	0
1236.15	0	.897808	.02527049	.07692149	0
1235.15	0	.8964563	.02609508	.07744858	0
1234.15	0	.8951085	.0269172	.07797433	0
1233.15	0	.8937644	.02773686	.07849876	0
1232.15	0	.8924241	.02855404	.07902186	0
1231.15	0	.8910876	.02936877	.07954365	0
1230.15	0	.8897548	.03018105	.08006412	0
1229.15	0	.8884258	.03099088	.08058329	0
1228.15	0	.8871006	.03179827	.08110115	0
1227.15	0	.8857791	.03260322	.08161771	0
1226.15	0	.8844613	.03340574	.08213298	0
1225.15	0	.8831472	.03420584	.08264696	0
1224.15	0	.8818368	.03500351	.08315965	0
1223.15	0	.8805302	.03579877	.08367106	0
1222.15	0	.8792272	.03659162	.08418119	0
1221.15	0	.8779279	.03738206	.08469005	0
1220.15	0	.8766323	.0381701	.08519764	0
1219.15	0	.8753403	.03895575	.08570397	0
1218.15	0	.874052	.039739	.08620904	0
1217.15	0	.8727673	.04051987	.08671285	0
1216.15	0	.8714862	.04129836	.08721541	0
1215.15	0	.8702088	.04207448	.08771672	0
1214.15	0	.868935	.04284822	.08821679	0
1213.15	0	.8676648	.0436196	.08871562	0
1212.15	0	.8663982	.04438862	.08921322	0
1211.15	0	.8651351	.04515528	.08970959	0
1210.15	0	.8638757	.04591959	.09020473	0
1209.15	0	.8626198	.04668155	.09069865	0
1208.15	0	.8613675	.04744118	.09119135	0
1207.15	0	.8601187	.04819846	.09168284	0
1206.15	0	.8588735	.04895341	.09217312	0
1205.15	0	.8576318	.04970604	.09266219	0
1204.15	0	.8563936	.05045634	.09315006	0
1203.15	0	.8551589	.05120432	.09363674	0
1202.15	0	.8539278	.05194999	.09412221	0
1201.15	0	.8527002	.05269335	.0946065	0
1200.15	0	.851476	.0534344	.0950896	0
1199.15	0	.8502553	.05417316	.09557152	0
1198.15	0	.8490381	.05490961	.09605227	0
1197.15	0	.8478244	.05564378	.09653183	0
1196.15	0	.8466141	.05637566	.09701023	0
1195.15	0	.8454073	.05710525	.09748746	0
1194.15	0	.8442039	.05783257	.09796353	0
1193.15	0	.843004	.05855761	.09843843	0
1192.15	0	.8418074	.05928038	.09891218	0
1191.15	0	.8406143	.06000088	.09938478	0
1190.15	0	.8394246	.06071913	.09985623	0
1189.15	0	.8382384	.06143511	.1003265	0
1188.15	0	.8370555	.06214885	.1007957	0
1187.15	0	.8358759	.06286033	.1012637	0
1186.15	0	.8346998	.06356957	.1017306	0
1185.15	0	.833527	.06427657	.1021964	0
1184.15	0	.8323576	.06498133	.102661	0
1183.15	0	.8311916	.06568386	.1031245	0
1182.15	0	.8300289	.06638416	.1035869	0
1181.15	0	.8288695	.06708224	.1040482	0
1180.15	0	.8277135	.06777809	.1045084	0
1179.15	0	.8265608	.06847173	.1049674	0
1178.15	0	.8254115	.06916316	.1054254	0
1177.15	0	.8242654	.06985237	.1058822	0
1176.15	0	.8231226	.07053939	.106338	0
1175.15	0	.8219832	.0712242	.1067926	0
1174.15	0	.820847	.07190681	.1072462	0
1173.15	0	.8197141	.07258723	.1076987	0
1172.15	0	.8185845	.07326546	.10815	0
1171.15	0	.8174581	.07394151	.1086004	0
1170.15	0	.8163351	.07461537	.1090496	0
1169.15	0	.8152152	.07528706	.1094977	0
1168.15	0	.8140986	.07595657	.1099448	0
1167.15	0	.8129853	.07662391	.1103908	0
1166.15	0	.8118752	.07728908	.1108358	0
1165.15	0	.8107683	.07795209	.1112796	0
1164.15	0	.8096646	.07861294	.1117225	0
1163.15	0	.8085642	.07927163	.1121642	0
1162.15	0	.8074669	.07992817	.1126049	0
1161.15	0	.8063729	.08058256	.1130446	0
1160.15	0	.805282	.08123481	.1134832	0
1159.15	0	.8041943	.08188491	.1139208	0
1158.15	0	.8031099	.08253288	.1143573	0
1157.15	0	.8020285	.08317871	.1147928	0
1156.15	0	.8009504	.0838224	.1152272	0
1155.15	0	.7998754	.08446397	.1156606	0
1154.15	0	.7988035	.08510345	.116093	0
1153.15	0	.7977348	.08574077	.1165244	0
1152.15	0	.7966693	.08637598	.1169547	0
1151.15	0	.7956069	.08700907	.1173841	0
1150.15	0	.7945476	.08764005	.1178124	0
1149.15	0	.7934914	.08826893	.1182396	0
1148.15	0	.7924384	.0888957	.1186659	0
1147.15	0	.7913885	.08952037	.1190912	0
1146.15	0	.7903416	.09014294	.1195154	0
1145.15	0	.7892979	.09076342	.1199387	0
1144.15	0	.7882572	.09138181	.120361	0
1143.15	0	.7872197	.09199811	.1207822	0
1142.15	0	.7861852	.09261232	.1212025	0
1141.15	0	.7851538	.09322446	.1216217	0
1140.15	0	.7841255	.09383451	.12204	0
1139.15	0	.7831002	.0944425	.1224573	0
1138.15	0	.782078	.09504841	.1228736	0
1137.15	0	.7810588	.09565225	.1232889	0
1136.15	0	.7800427	.09625403	.1237033	0
1135.15	0	.7790296	.09685374	.1241167	0
1134.15	0	.7780196	.0974514	.124529	0
1133.15	0	.7770125	.09804699	.1249405	0
1132.15	0	.7760085	.09864054	.1253509	0
1131.15	0	.7750076	.09923204	.1257604	0
1130.15	0	.7740096	.09982149	.1261689	0
1129.15	0	.7730146	.1004089	.1265765	0
1128.15	0	.7720226	.1009943	.1269831	0
1127.15	0	.7710337	.1015776	.1273888	0
1126.15	0	.7700477	.1021589	.1277934	0
1125.15	0	.7690647	.1027382	.1281972	0
1124.15	0	.7680846	.1033154	.1286	0
1123.15	0	.7671076	.1038906	.1290018	0
1122.15	0	.7661335	.1044638	.1294027	0
1121.15	0	.7651624	.105035	.1298027	0
1120.15	0	.7641942	.1056041	.1302017	0
1119.15	0	.763229	.1061712	.1305998	0
1118.15	0	.7622667	.1067364	.1309969	0
1117.15	0	.7613074	.1072995	.1313932	0
1116.15	0	.760351	.1078606	.1317885	0
1115.15	0	.7593975	.1084197	.1321828	0
1114.15	0	.7584469	.1089768	.1325762	0
1113.15	0	.7574993	.1095319	.1329687	0
1112.15	0	.7565546	.1100851	.1333603	0
1111.15	0	.7556128	.1106362	.133751	0
1110.15	0	.7546739	.1111853	.1341407	0
1109.15	0	.7537379	.1117325	.1345296	0
1108.15	0	.7528048	.1122777	.1349175	0
1107.15	0	.7518746	.1128209	.1353045	0
1106.15	0	.7509473	.1133621	.1356906	0
1105.15	0	.7500228	.1139013	.1360758	0
1104.15	0	.7491013	.1144386	.1364601	0
1103.15	0	.7481826	.1149739	.1368435	0
1102.15	0	.7472668	.1155073	.137226	0
1101.15	0	.7463538	.1160387	.1376076	0
1100.15	0	.7454437	.1165681	.1379883	0
1099.15	0	.7445364	.1170956	.138368	0
1098.15	0	.743632	.1176211	.138747	0
1097.15	0	.7427304	.1181446	.139125	0
1096.15	0	.7418317	.1186663	.1395021	0
1095.15	0	.7409358	.1191859	.1398783	0
1094.15	0	.7400427	.1197036	.1402537	0
1093.15	0	.7391524	.1202194	.1406281	0
1092.15	0	.738265	.1207333	.1410017	0
1091.15	0	.7373804	.1212452	.1413744	0
1090.15	0	.7364986	.1217552	.1417463	0
1089.15	0	.7356196	.1222632	.1421172	0
1088.15	0	.7347434	.1227693	.1424873	0
1087.15	0	.73387	.1232736	.1428565	0
1086.15	0	.7329994	.1237758	.1432248	0
1085.15	0	.7321315	.1242762	.1435923	0
1084.15	0	.7312665	.1247747	.1439589	0
1083.15	0	.7304042	.1252712	.1443246	0
1082.15	0	.7295447	.1257658	.1446895	0
1081.15	0	.728688	.1262585	.1450535	0
1080.15	0	.7278341	.1267494	.1454166	0
1079.15	0	.7269829	.1272383	.1457789	0
1078.15	0	.7261344	.1277253	.1461403	0
1077.15	0	.7252887	.1282104	.1465009	0
1076.15	0	.7244458	.1286936	.1468606	0
1075.15	0	.7236056	.129175	.1472194	0
1074.15	0	.7227682	.1296544	.1475774	0
1073.15	0	.7219334	.130132	.1479346	0
1072.15	0	.7211015	.1306077	.1482909	0
1071.15	0	.7202722	.1310815	.1486463	0
1070.15	0	.7194457	.1315534	.1490009	0
1069.15	0	.7186219	.1320235	.1493547	0
1068.15	0	.7178007	.1324916	.1497076	0
1067.15	0	.7169823	.132958	.1500597	0
1066.15	0	.7161667	.1334224	.1504109	0
1065.15	0	.7153537	.133885	.1507613	0
1064.15	0	.7145434	.1343457	.1511109	0
1063.15	0	.7137358	.1348046	.1514596	0
1062.15	0	.7129309	.1352616	.1518075	0
1061.15	0	.7121287	.1357168	.1521545	0
1060.15	0	.7113291	.1361702	.1525007	0
1059.15	0	.7105323	.1366216	.1528461	0
1058.15	0	.7097381	.1370713	.1531906	0
1057.15	0	.7089466	.1375191	.1535344	0
1056.15	0	.7081577	.1379651	.1538772	0
1055.15	0	.7073715	.1384092	.1542193	0
1054.15	0	.706588	.1388515	.1545605	0
1053.15	0	.7058071	.139292	.154901	0
1052.15	0	.7050288	.1397307	.1552405	0
1051.15	0	.7042532	.1401675	.1555793	0
1050.15	0	.7034803	.1406025	.1559172	0
1049.15	0	.7027099	.1410357	.1562543	0
1048.15	0	.7019422	.1414671	.1565906	0
1047.15	0	.7011772	.1418967	.1569261	0
1046.15	0	.7004147	.1423245	.1572607	0
1045.15	0	.6996549	.1427505	.1575946	0
1044.15	0	.6988977	.1431747	.1579276	0
1043.15	0	.6981431	.1435971	.1582598	0
1042.15	0	.6973911	.1440177	.1585911	0
1041.15	0	.6966417	.1444366	.1589217	0
1040.15	0	.6958949	.1448536	.1592515	0
1039.15	0	.6951508	.1452689	.1595804	0
1038.15	0	.6944091	.1456824	.1599085	0
1037.15	0	.6936701	.1460941	.1602358	0
1036.15	0	.6929337	.146504	.1605623	0
1035.15	0	.6921998	.1469122	.160888	0
1034.15	0	.6914685	.1473186	.1612128	0
1033.15	0	.6907398	.1477233	.1615369	0
1032.15	0	.6900137	.1481262	.1618602	0
1031.15	0	.6892901	.1485273	.1621826	0
1030.15	0	.688569	.1489267	.1625042	0
1029.15	0	.6878505	.1493244	.1628251	0
1028.15	0	.6871346	.1497203	.1631451	0
1027.15	0	.6864212	.1501145	.1634643	0
1026.15	0	.6857104	.150507	.1637827	0
1025.15	0	.685002	.1508977	.1641003	0
1024.15	0	.6842962	.1512867	.1644171	0
1023.15	0	.683593	.151674	.1647331	0
1022.15	0	.6828922	.1520595	.1650482	0
1021.15	0	.682194	.1524434	.1653626	0
1020.15	0	.6814983	.1528255	.1656762	0
1019.15	0	.6808051	.153206	.1659889	0
1018.15	0	.6801144	.1535847	.1663009	0
1017.15	0	.6794262	.1539618	.1666121	0
1016.15	0	.6787404	.1543372	.1669224	0
1015.15	0	.6780572	.1547108	.167232	0
1014.15	0	.6773765	.1550828	.1675407	0
1013.15	0	.6766982	.1554532	.1678486	0
1012.15	0	.6760224	.1558218	.1681558	0
1011.15	0	.6753491	.1561888	.1684621	0
1010.15	0	.6746783	.1565541	.1687676	0
1009.15	0	.6740099	.1569178	.1690723	0
1008.15	0	.673344	.1572798	.1693762	0
1007.15	0	.6726805	.1576402	.1696794	0
1006.15	0	.6720195	.1579989	.1699817	0
1005.15	0	.6713609	.158356	.1702832	0
1004.15	0	.6707047	.1587115	.1705839	0
1003.15	0	.670051	.1590653	.1708837	0
1002.15	0	.6693997	.1594175	.1711828	0
1001.15	0	.6687508	.1597681	.1714811	0
1000.15	0	.6681043	.1601171	.1717786	0
999.15	0	.6674603	.1604645	.1720753	0
998.15	0	.6668186	.1608103	.1723711	0
997.15	0	.6661794	.1611545	.1726662	0
996.15	0	.6655425	.1614971	.1729604	0
995.15	0	.6649081	.1618381	.1732538	0
994.15	0	.664276	.1621775	.1735465	0
993.15	0	.6636463	.1625154	.1738383	0
992.15	0	.663019	.1628518	.1741293	0
991.15	0	.662394	.1631865	.1744195	0
990.15	0	.6617714	.1635197	.1747089	0
989.15	0	.6611511	.1638514	.1749974	0
988.15	0	.6605332	.1641816	.1752852	0
987.15	0	.6599177	.1645102	.1755722	0
986.15	0	.6593045	.1648373	.1758583	0
985.15	0	.6586936	.1651628	.1761436	0
984.15	0	.658085	.1654869	.1764281	0
983.15	0	.6574787	.1658095	.1767118	0
982.15	0	.6568748	.1661305	.1769947	0
981.15	0	.6562732	.1664501	.1772767	0
980.15	0	.6556738	.1667682	.177558	0
979.15	0	.6550768	.1670849	.1778384	0
978.15	0	.654482	.1674	.178118	0
977.15	0	.6538895	.1677138	.1783967	0
976.15	0	.6532993	.168026	.1786747	0
975.15	0	.6527114	.1683369	.1789518	0
974.15	0	.6521257	.1686463	.1792281	0
973.15	0	.6515422	.1689542	.1795035	0
972.15	0	.650961	.1692608	.1797782	0
971.15	0	.6503821	.169566	.180052	0
970.15	0	.6498053	.1698697	.1803249	0
969.15	0	.6492308	.1701721	.1805971	0
968.15	0	.6486585	.1704731	.1808684	0
967.15	0	.6480884	.1707728	.1811389	0
966.15	0	.6475205	.171071	.1814085	0
965.15	0	.6469548	.171368	.1816773	0
964.15	0	.6463913	.1716635	.1819452	0
963.15	0	.6458299	.1719578	.1822123	0
962.15	0	.6452707	.1722507	.1824786	0
961.15	0	.6447137	.1725424	.182744	0
960.15	0	.6441588	.1728327	.1830086	0
959.15	0	.643606	.1731217	.1832723	0
958.15	0	.6430554	.1734095	.1835351	0
957.15	0	.6425069	.173696	.1837971	0
956.15	0	.6419605	.1739813	.1840583	0
955.15	0	.6414162	.1742653	.1843186	0
954.15	0	.640874	.174548	.184578	0
953.15	0	.6403339	.1748296	.1848366	0
952.15	0	.6397958	.1751099	.1850943	0
951.15	0	.6392598	.1753891	.1853511	0
950.15	0	.6387259	.175667	.1856071	0
949.15	0	.638194	.1759438	.1858622	0
948.15	0	.6376641	.1762194	.1861164	0
947.15	0	.6371363	.1764939	.1863698	0
946.15	0	.6366105	.1767673	.1866222	0
945.15	0	.6360867	.1770395	.1868738	0
944.15	0	.6355648	.1773107	.1871245	0
943.15	0	.635045	.1775807	.1873743	0
942.15	0	.6345271	.1778497	.1876233	0
941.15	0	.6340112	.1781176	.1878713	0
940.15	0	.6334972	.1783844	.1881184	0
939.15	0	.6329851	.1786502	.1883647	0
938.15	0	.632475	.178915	.18861	0
937.15	0	.6319668	.1791788	.1888544	0
936.15	0	.6314604	.1794416	.1890979	0
935.15	0	.630956	.1797035	.1893405	0
934.15	0	.6304534	.1799644	.1895822	0
933.15	0	.6299527	.1802243	.189823	0
932.15	0	.6294538	.1804833	.1900629	0
931.15	0	.6289568	.1807414	.1903018	0
930.15	0	.6284615	.1809987	.1905398	0
929.15	0	.6279681	.181255	.1907769	0
928.15	0	.6274765	.1815105	.191013	0
927.15	0	.6269866	.1817652	.1912482	0
926.15	0	.6264985	.1820191	.1914824	0
925.15	0	.6260121	.1822721	.1917158	0
924.15	0	.6255275	.1825244	.1919481	0
923.15	0	.6250446	.1827759	.1921795	0
922.15	0	.6245634	.1830267	.1924099	0
921.15	0	.6240838	.1832767	.1926394	0
920.15	0	.623606	.1835261	.1928679	0
919.15	0	.6231298	.1837748	.1930955	0
918.15	0	.6226552	.1840228	.193322	0
917.15	0	.6221822	.1842702	.1935476	0
916.15	0	.6217108	.184517	.1937722	0
915.15	0	.6212411	.1847631	.1939958	0
914.15	0	.6207729	.1850087	.1942184	0
913.15	0	.6203062	.1852538	.19444	0
912.15	0	.619841	.1854983	.1946606	0
911.15	0	.6193774	.1857424	.1948802	0
910.15	0	.6189153	.1859859	.1950988	0
909.15	0	.6184546	.186229	.1953164	0
908.15	0	.6179954	.1864717	.1955329	0
907.15	0	.6175376	.186714	.1957484	0
906.15	0	.6170813	.1869559	.1959629	0
905.15	0	.6166263	.1871974	.1961763	0
904.15	0	.6161727	.1874387	.1963886	0
903.15	0	.6157205	.1876796	.1966	0
902.15	0	.6152696	.1879202	.1968102	0
901.15	0	.6148199	.1881606	.1970194	0
900.15	0	.6143716	.1884008	.1972275	0
899.15	0	.6139246	.1886408	.1974346	0
898.15	0	.6134788	.1888807	.1976405	0
897.15	0	.6130342	.1891204	.1978454	0
896.15	0	.6125908	.1893601	.1980492	0
895.15	0	.6121485	.1895996	.1982518	0
894.15	0	.6117075	.1898392	.1984534	0
893.15	0	.6112675	.1900787	.1986538	0
892.15	0	.6108286	.1903183	.1988531	0
891.15	0	.6103908	.1905579	.1990513	0
890.15	0	.6099541	.1907976	.1992483	0
889.15	0	.6095183	.1910375	.1994442	0
888.15	0	.6090836	.1912775	.1996389	0
887.15	0	.6086498	.1915177	.1998325	0
886.15	0	.608217	.1917582	.2000249	0
885.15	0	.607785	.1919989	.2002161	0
884.15	0	.607354	.19224	.2004061	0
883.15	0	.6069237	.1924814	.2005949	0
882.15	0	.6064944	.1927232	.2007825	0
881.15	0	.6060658	.1929654	.2009689	0
880.15	0	.6056379	.193208	.201154	0
879.15	0	.6052108	.1934512	.201338	0
878.15	0	.6047844	.193695	.2015207	0
877.15	0	.6043586	.1939393	.2017021	0
876.15	0	.6039335	.1941843	.2018823	0
875.15	0	.603509	.1944299	.2020612	0
874.15	0	.603085	.1946763	.2022388	0
873.15	0	.6026615	.1949234	.2024151	0
872.15	0	.6022386	.1951713	.2025901	0
871.15	0	.6018161	.1954202	.2027638	0
870.15	0	.601394	.1956699	.2029361	0
869.15	0	.6009723	.1959206	.2031072	0
868.15	0	.6005509	.1961723	.2032768	0
867.15	0	.6001298	.196425	.2034451	0
866.15	0	.599709	.1966789	.2036121	0
865.15	0	.5992884	.196934	.2037776	0
864.15	0	.598868	.1971903	.2039417	0
863.15	0	.5984477	.1974478	.2041044	0
862.15	0	.5980276	.1977067	.2042657	0
861.15	0	.5976075	.197967	.2044256	0
860.15	0	.5971873	.1982287	.204584	0
859.15	0	.5967672	.198492	.2047409	0
858.15	0	.5963469	.1987568	.2048963	0
857.15	0	.5959265	.1990233	.2050502	0
856.15	0	.5955059	.1992915	.2052026	0
855.15	0	.5950851	.1995614	.2053535	0
854.15	0	.594664	.1998332	.2055028	0
853.15	0	.5942426	.2001069	.2056505	0
852.15	0	.5938207	.2003826	.2057966	0
851.15	0	.5933984	.2006604	.2059412	0
850.15	0	.5929756	.2009403	.2060841	0
849.15	0	.5925523	.2012224	.2062254	0
848.15	0	.5921283	.2015067	.206365	0
847.15	0	.5917036	.2017935	.2065029	0
846.15	0	.5912782	.2020827	.2066391	0
845.15	0	.5908519	.2023745	.2067736	0
844.15	0	.5904248	.2026689	.2069063	0
843.15	0	.5899967	.202966	.2070373	0
842.15	0	.5895677	.2032659	.2071664	0
841.15	0	.5891375	.2035687	.2072938	0
840.15	0	.5887062	.2038746	.2074193	0
839.15	0	.5882736	.2041835	.2075429	0
838.15	0	.5878397	.2044957	.2076646	0
837.15	0	.5874044	.2048112	.2077844	0
836.15	0	.5869676	.2051302	.2079022	0
835.15	0	.5865293	.2054527	.208018	0
834.15	0	.5860893	.2057789	.2081318	0
833.15	0	.5856475	.2061089	.2082436	0
832.15	0	.5852039	.2064428	.2083533	0
831.15	0	.5847584	.2067808	.2084608	0
830.15	0	.5843108	.207123	.2085662	0
829.15	0	.583861	.2074696	.2086694	0
828.15	0	.583409	.2078207	.2087703	0
827.15	0	.5829546	.2081764	.208869	0
826.15	0	.5824977	.208537	.2089653	0
825.15	0	.5820382	.2089025	.2090593	0
824.15	0	.5815759	.2092732	.2091509	0
823.15	0	.5811107	.2096493	.20924	0
822.15	0	.5806425	.2100309	.2093266	0
821.15	0	.5801712	.2104182	.2094106	0
820.15	0	.5796965	.2108115	.209492	0
819.15	0	.5792182	.211211	.2095707	0
818.15	0	.5787364	.2116169	.2096467	0
817.15	0	.5782507	.2120295	.2097199	0
816.15	0	.5777609	.2124489	.2097902	0
815.15	0	.5772669	.2128756	.2098575	0
814.15	0	.5767685	.2133097	.2099218	0
813.15	0	.5762654	.2137515	.209983	0
812.15	0	.5757575	.2142015	.2100411	0
811.15	0	.5752444	.2146599	.2100958	0
810.15	0	.5747259	.215127	.2101472	0
809.15	0	.5742017	.2156033	.210195	0
808.15	0	.5736716	.2160891	.2102393	0
807.15	0	.5731351	.216585	.2102799	0
806.15	0	.5725921	.2170912	.2103167	0
805.15	0	.5720421	.2176085	.2103495	0
804.15	0	.5714847	.2181371	.2103782	0
803.15	0	.5709195	.2186778	.2104027	0
802.15	0	.5703461	.2192311	.2104227	0
801.15	0	.569764	.2197977	.2104382	0
800.15	0	.5691727	.2203783	.2104489	0
799.15	0	.5685716	.2209737	.2104547	0
798.15	0	.5679601	.2215847	.2104552	0
797.15	0	.5673375	.2222122	.2104503	0
796.15	0	.5667032	.2228572	.2104397	0
795.15	0	.5660584	.223519	.2104226	0
794.15	0	.5653977	.2242026	.2103997	0
793.15	0	.5647225	.2249073	.2103702	0
792.15	0	.5640318	.2256346	.2103336	0
791.15	0	.5633243	.2263862	.2102895	0
790.15	0	.5625986	.227164	.2102374	0
789.15	0	.5618532	.2279699	.2101768	0
788.15	0	.5610864	.2288065	.2101071	0
787.15	0	.5602961	.2296763	.2100276	0
786.15	0	.5594801	.2305826	.2099374	0
785.15	0	.5586356	.2315288	.2098356	0
784.15	0	.5577596	.2325192	.2097212	0
783.15	0	.5562238	.2343707	.2094056	0
782.15	0	.5544413	.2365496	.2090091	0
781.15	0	.5528214	.2385244	.2086542	0
780.15	0	.551336	.2403306	.2083334	0
779.15	0	.5499642	.2419947	.2080411	0
778.15	0	.5486901	.2435371	.2077728	0
777.15	0	.5475008	.244974	.2075252	0
776.15	0	.5463861	.2463182	.2072957	0
775.15	0	.5453376	.2475805	.2070819	0
774.15	0	.5443483	.2487697	.206882	0
773.15	0	.5434122	.2498931	.2066946	0
772.15	0	.5425244	.2509572	.2065184	0
771.15	0	.5416805	.2519673	.2063521	0
770.15	0	.5408768	.2529282	.206195	0
769.15	0	.54011	.2538439	.2060461	0
768.15	0	.5393772	.2547181	.2059047	0
767.15	0	.5386758	.255554	.2057702	0
766.15	0	.5380036	.2563543	.2056421	0
765.15	0	.5373586	.2571216	.2055198	0
764.15	0	.5367389	.2578582	.205403	0
763.15	0	.5361428	.2585661	.2052911	0
762.15	0	.535569	.2592472	.2051839	0
761.15	0	.535016	.2599031	.205081	0
760.15	0	.5344825	.2605354	.2049821	0
759.15	0	.5339676	.2611455	.2048869	0
758.15	0	.53347	.2617347	.2047953	0
757.15	0	.5329889	.2623041	.204707	0
756.15	0	.5325234	.2628548	.2046218	0
755.15	0	.5320727	.2633879	.2045394	0
754.15	0	.5316359	.2639042	.2044598	0
753.15	0	.5312125	.2644047	.2043828	0
752.15	0	.5308018	.26489	.2043082	0
751.15	0	.530403	.2653611	.2042359	0
750.15	0	.5300158	.2658185	.2041657	0
749.15	0	.5296395	.2662629	.2040976	0
748.15	0	.5292737	.2666949	.2040314	0
747.15	0	.5289179	.2671151	.203967	0
746.15	0	.5285716	.267524	.2039044	0
745.15	0	.5282345	.2679221	.2038434	0
744.15	0	.5279061	.2683099	.203784	0
743.15	0	.5275861	.2686878	.2037261	0
742.15	0	.5272742	.2690563	.2036696	0
741.15	0	.5269699	.2694157	.2036144	0
740.15	0	.5266731	.2697664	.2035605	0
739.15	0	.5263834	.2701088	.2035078	0
738.15	0	.5261006	.2704431	.2034563	0
737.15	0	.5258244	.2707698	.2034058	0
736.15	0	.5255544	.2710891	.2033565	0
735.15	0	.5252906	.2714013	.2033081	0
734.15	0	.5250327	.2717066	.2032607	0
733.15	0	.5247804	.2720054	.2032142	0
732.15	0	.5245336	.2722979	.2031685	0
731.15	0	.5242921	.2725842	.2031238	0
730.15	0	.5240556	.2728647	.2030798	0
729.15	0	.523824	.2731395	.2030365	0
728.15	0	.5235972	.2734088	.202994	0
727.15	0	.523375	.2736728	.2029522	0
726.15	0	.5231572	.2739318	.202911	0
725.15	0	.5229436	.2741858	.2028705	0
724.15	0	.5227342	.2744351	.2028306	0
723.15	0	.5225289	.2746799	.2027913	0
722.15	0	.5223273	.2749201	.2027525	0
721.15	0	.5221296	.2751561	.2027143	0
720.15	0	.5219354	.275388	.2026766	0
719.15	0	.5217448	.2756158	.2026394	0
718.15	0	.5215576	.2758398	.2026026	0
717.15	0	.5213737	.27606	.2025663	0
716.15	0	.521193	.2762765	.2025304	0
715.15	0	.5210155	.2764896	.202495	0
714.15	0	.5208409	.2766992	.2024599	0
713.15	0	.5206693	.2769055	.2024252	0
712.15	0	.5205005	.2771087	.2023909	0
711.15	0	.5203344	.2773087	.2023569	0
710.15	0	.5201711	.2775057	.2023233	0
709.15	0	.5200103	.2776998	.2022899	0
708.15	0	.5198521	.277891	.2022569	0
707.15	0	.5196963	.2780795	.2022242	0
706.15	0	.5195429	.2782653	.2021917	0
705.15	0	.5193919	.2784486	.2021596	0
704.15	0	.5192431	.2786293	.2021276	0
703.15	0	.5190965	.2788076	.202096	0
702.15	0	.518952	.2789835	.2020645	0
701.15	0	.5188096	.2791571	.2020333	0
700.15	0	.5186692	.2793284	.2020024	0
699.15	0	.5185308	.2794976	.2019716	0
698.15	0	.5183944	.2796647	.201941	0
697.15	0	.5182598	.2798297	.2019106	0
696.15	0	.518127	.2799927	.2018804	0
695.15	0	.517996	.2801537	.2018503	0
694.15	0	.5178667	.2803129	.2018205	0
693.15	0	.5177391	.2804702	.2017908	0
692.15	0	.5176131	.2806257	.2017612	0
691.15	0	.5174888	.2807795	.2017318	0
690.15	0	.517366	.2809315	.2017025	0
689.15	0	.5172447	.281082	.2016734	0
688.15	0	.5171249	.2812308	.2016443	0
687.15	0	.5170066	.281378	.2016154	0
686.15	0	.5168896	.2815237	.2015867	0
685.15	0	.5167741	.2816679	.201558	0
684.15	0	.5166599	.2818107	.2015294	0
683.15	0	.516547	.281952	.201501	0
682.15	0	.5164354	.282092	.2014726	0
681.15	0	.5163251	.2822306	.2014443	0
680.15	0	.516216	.2823679	.2014161	0
679.15	0	.516108	.282504	.201388	0
678.15	0	.5160013	.2826388	.2013599	0
677.15	0	.5158957	.2827724	.201332	0
676.15	0	.5157912	.2829048	.201304	0
675.15	0	.5156878	.283036	.2012762	0
674.15	0	.5155855	.2831661	.2012484	0
673.15	0	.5154842	.2832951	.2012207	0
672.15	0	.5153839	.283423	.2011931	0
671.15	0	.5152847	.2835499	.2011654	0
670.15	0	.5151864	.2836758	.2011379	0
669.15	0	.515089	.2838006	.2011104	0
668.15	0	.5149926	.2839245	.2010829	0
667.15	0	.5148972	.2840474	.2010555	0
666.15	0	.5148026	.2841694	.2010281	0
665.15	0	.5147089	.2842905	.2010007	0
664.15	0	.514616	.2844106	.2009733	0
663.15	0	.514524	.2845299	.200946	0
662.15	0	.5144328	.2846484	.2009188	0
661.15	0	.5143424	.284766	.2008915	0
660.15	0	.5142529	.2848829	.2008643	0
659.15	0	.514164	.2849989	.2008371	0
658.15	0	.514076	.2851141	.2008099	0
657.15	0	.5139887	.2852286	.2007827	0
656.15	0	.5139021	.2853424	.2007556	0
655.15	0	.5138162	.2854554	.2007284	0
654.15	0	.5137311	.2855677	.2007013	0
653.15	0	.5136466	.2856793	.2006741	0
652.15	0	.5135628	.2857902	.200647	0
651.15	0	.5134796	.2859004	.2006199	0
650.15	0	.5133971	.28601	.2005928	0
649.15	0	.5133153	.286119	.2005657	0
648.15	0	.513234	.2862273	.2005386	0
647.15	0	.5131534	.2863351	.2005115	0
646.15	0	.5130734	.2864422	.2004845	0
645.15	0	.512994	.2865487	.2004573	0
644.15	0	.5129151	.2866547	.2004303	0
643.15	0	.5128368	.28676	.2004032	0
642.15	0	.5127591	.2868649	.200376	0
641.15	0	.5126819	.2869692	.2003489	0
640.15	0	.5126053	.2870729	.2003218	0
639.15	0	.5125291	.2871762	.2002947	0
638.15	0	.5124536	.2872789	.2002676	0
637.15	0	.5123785	.2873811	.2002404	0
636.15	0	.5123039	.2874828	.2002133	0
635.15	0	.5122298	.2875841	.2001861	0
634.15	0	.5121562	.2876848	.200159	0
633.15	0	.5120831	.2877851	.2001318	0
632.15	0	.5120104	.287885	.2001046	0
631.15	0	.5119382	.2879844	.2000774	0
630.15	0	.5118665	.2880834	.2000502	0
629.15	0	.5117952	.2881819	.200023	0
628.15	0	.5117243	.28828	.1999957	0
627.15	0	.5116539	.2883777	.1999684	0
626.15	0	.5115839	.288475	.1999412	0
625.15	0	.5115143	.2885718	.1999139	0
624.15	0	.5114451	.2886683	.1998866	0
623.15	0	.5113763	.2887644	.1998593	0
622.15	0	.5113079	.2888601	.1998319	0
621.15	0	.51124	.2889555	.1998046	0
620.15	0	.5111724	.2890504	.1997772	0
619.15	0	.5111052	.289145	.1997498	0
618.15	0	.5110383	.2892393	.1997224	0
617.15	0	.5109718	.2893332	.199695	0
616.15	0	.5109057	.2894267	.1996676	0
615.15	0	.51084	.2895199	.1996401	0
614.15	0	.5107746	.2896128	.1996126	0
613.15	0	.5107095	.2897054	.1995851	0
612.15	0	.5106448	.2897976	.1995576	0
611.15	0	.5105804	.2898895	.1995301	0
610.15	0	.5105164	.2899811	.1995025	0
609.15	0	.5104527	.2900723	.1994749	0
608.15	0	.5103893	.2901633	.1994474	0
607.15	0	.5103263	.290254	.1994197	0
606.15	0	.5102635	.2903444	.1993921	0
605.15	0	.5102011	.2904345	.1993645	0
604.15	0	.5101389	.2905242	.1993368	0
603.15	0	.5100771	.2906138	.1993091	0
602.15	0	.5100156	.290703	.1992814	0
601.15	0	.5099544	.290792	.1992537	0
600.15	0	.5098934	.2908806	.199226	0
599.15	0	.5098328	.290969	.1991982	0
598.15	0	.5097724	.2910572	.1991704	0
597.15	0	.5097123	.2911451	.1991426	0
596.15	0	.5096525	.2912327	.1991148	0
595.15	0	.5095929	.2913201	.199087	0
594.15	0	.5095337	.2914072	.1990592	0
593.15	0	.5094747	.291494	.1990313	0
592.15	0	.5094159	.2915806	.1990034	0
591.15	0	.5093575	.291667	.1989755	0
590.15	0	.5092992	.2917532	.1989476	0
589.15	0	.5092413	.2918391	.1989197	0
588.15	0	.5091836	.2919247	.1988917	0
587.15	0	.5091261	.2920101	.1988638	0
586.15	0	.5090689	.2920953	.1988358	0
585.15	0	.5090119	.2921803	.1988078	0
584.15	0	.5089552	.292265	.1987798	0
583.15	0	.5088987	.2923495	.1987518	0
582.15	0	.5088424	.2924338	.1987237	0
581.15	0	.5087864	.2925179	.1986957	0
580.15	0	.5087306	.2926018	.1986676	0
579.15	0	.5086751	.2926854	.1986395	0
578.15	0	.5086197	.2927688	.1986114	0
577.15	0	.5085646	.292852	.1985833	0
576.15	0	.5085097	.2929351	.1985552	0
575.15	0	.5084551	.2930179	.1985271	0
574.15	0	.5084006	.2931005	.1984989	0
573.15	0	.5083464	.2931828	.1984708	0
572.15	0	.5082924	.293265	.1984426	0
571.15	0	.5082386	.293347	.1984145	0
570.15	0	.5081849	.2934288	.1983863	0
569.15	0	.5081316	.2935104	.1983581	0
568.15	0	.5080784	.2935918	.1983299	0
567.15	0	.5080254	.293673	.1983016	0
566.15	0	.5079726	.2937539	.1982734	0
565.15	0	.50792	.2938347	.1982452	0
564.15	0	.5078677	.2939154	.198217	0
563.15	0	.5078155	.2939958	.1981887	0
562.15	0	.5077635	.294076	.1981605	0
561.15	0	.5077117	.2941561	.1981322	0
560.15	0	.5076601	.2942359	.1981039	0
559.15	0	.5076087	.2943156	.1980757	0
558.15	0	.5075575	.2943951	.1980474	0
557.15	0	.5075065	.2944744	.1980191	0
556.15	0	.5074557	.2945535	.1979908	0
555.15	0	.507405	.2946325	.1979626	0
554.15	0	.5073545	.2947112	.1979343	0
553.15	0	.5073043	.2947898	.197906	0
552.15	0	.5072542	.2948682	.1978777	0
551.15	0	.5072042	.2949464	.1978494	0
550.15	0	.5071545	.2950244	.1978211	0
549.15	0	.5071049	.2951023	.1977928	0
548.15	0	.5070556	.29518	.1977645	0
547.15	0	.5070063	.2952575	.1977362	0
546.15	0	.5069573	.2953348	.1977079	0
545.15	0	.5069084	.295412	.1976796	0
544.15	0	.5068598	.295489	.1976513	0
543.15	0	.5068113	.2955658	.197623	0
542.15	0	.5067629	.2956424	.1975947	0
541.15	0	.5067149	.2957188	.1975663	0
540.15	0	.5066669	.2957951	.197538	0
539.15	0	.5066191	.2958712	.1975097	0
538.15	0	.5065714	.2959472	.1974814	0
537.15	0	.5065239	.296023	.1974532	0
536.15	0	.5064766	.2960986	.1974249	0
535.15	0	.5064294	.296174	.1973967	0
534.15	0	.5063824	.2962492	.1973684	0
533.15	0	.5063355	.2963243	.1973402	0
532.15	0	.5062888	.2963992	.1973119	0
531.15	0	.5062423	.296474	.1972837	0
530.15	0	.506196	.2965486	.1972555	0
529.15	0	.5061497	.296623	.1972273	0
528.15	0	.5061037	.2966972	.1971991	0
527.15	0	.5060578	.2967713	.1971709	0
526.15	0	.5060121	.2968452	.1971427	0
525.15	0	.5059665	.2969189	.1971146	0
524.15	0	.5059211	.2969925	.1970864	0
523.15	0	.5058759	.2970659	.1970583	0
522.15	0	.5058307	.2971391	.1970302	0
521.15	0	.5057858	.2972121	.1970021	0
520.15	0	.505741	.297285	.196974	0
519.15	0	.5056964	.2973577	.1969459	0
518.15	0	.5056519	.2974303	.1969179	0
517.15	0	.5056075	.2975027	.1968898	0
516.15	0	.5055633	.2975749	.1968618	0
515.15	0	.5055193	.2976469	.1968338	0
514.15	0	.5054754	.2977188	.1968058	0
513.15	0	.5054317	.2977905	.1967778	0
512.15	0	.5053881	.297862	.1967499	0
511.15	0	.5053447	.2979334	.196722	0
510.15	0	.5053014	.2980045	.1966941	0
509.15	0	.5052583	.2980756	.1966662	0
508.15	0	.5052153	.2981464	.1966383	0
507.15	0	.5051724	.2982171	.1966105	0
506.15	0	.5051297	.2982876	.1965827	0
505.15	0	.5050872	.2983579	.1965549	0
504.15	0	.5050448	.2984281	.1965271	0
503.15	0	.5050025	.2984981	.1964994	0
502.15	0	.5049604	.2985679	.1964717	0
501.15	0	.5049184	.2986376	.196444	0
500.15	0	.5048766	.2987071	.1964163	0
499.15	0	.504835	.2987764	.1963887	0
498.15	0	.5047934	.2988455	.1963611	0
497.15	0	.504752	.2989145	.1963335	0
496.15	0	.5047108	.2989833	.196306	0
495.15	0	.5046697	.2990519	.1962784	0
494.15	0	.5046287	.2991203	.196251	0
493.15	0	.5045879	.2991886	.1962235	0
492.15	0	.5045472	.2992567	.1961961	0
491.15	0	.5045067	.2993246	.1961687	0
490.15	0	.5044663	.2993924	.1961413	0
489.15	0	.5044261	.2994599	.196114	0
488.15	0	.504386	.2995273	.1960867	0
487.15	0	.504346	.2995945	.1960595	0
486.15	0	.5043062	.2996616	.1960322	0
485.15	0	.5042665	.2997284	.1960051	0
484.15	0	.504227	.2997951	.1959779	0
483.15	0	.5041876	.2998616	.1959508	0
482.15	0	.5041483	.299928	.1959237	0
481.15	0	.5041092	.2999941	.1958967	0
480.15	0	.5040702	.3000601	.1958697	0
479.15	0	.5040314	.3001259	.1958427	0
478.15	0	.5039927	.3001915	.1958158	0
477.15	0	.5039541	.3002569	.1957889	0
476.15	0	.5039157	.3003222	.1957621	0
475.15	0	.5038774	.3003872	.1957353	0
474.15	0	.5038393	.3004521	.1957086	0
473.15	0	.5038013	.3005169	.1956819	0
472.15	0	.5037634	.3005814	.1956552	0
471.15	0	.5037257	.3006457	.1956286	0
470.15	0	.5036881	.3007099	.195602	0
469.15	0	.5036506	.3007738	.1955755	0
468.15	0	.5036133	.3008376	.195549	0
467.15	0	.5035762	.3009012	.1955226	0
466.15	0	.5035391	.3009647	.1954962	0
465.15	0	.5035022	.3010279	.1954699	0
464.15	0	.5034655	.3010909	.1954436	0
463.15	0	.5034289	.3011538	.1954174	0
462.15	0	.5033924	.3012165	.1953912	0
461.15	0	.503356	.3012789	.195365	0
460.15	0	.5033198	.3013412	.1953389	0
459.15	0	.5032838	.3014033	.1953129	0
458.15	0	.5032478	.3014652	.1952869	0
457.15	0	.503212	.301527	.195261	0
456.15	0	.5031764	.3015885	.1952351	0
455.15	0	.5031409	.3016498	.1952093	0
454.15	0	.5031055	.301711	.1951835	0
453.15	0	.5030702	.3017719	.1951578	0
452.15	0	.5030351	.3018327	.1951322	0
451.15	0	.5030002	.3018933	.1951066	0
450.15	0	.5029653	.3019537	.195081	0
449.15	0	.5029307	.3020138	.1950556	0
448.15	0	.5028962	.3020737	.1950301	0
447.15	0	.5028618	.3021334	.1950048	0
446.15	0	.5028275	.3021929	.1949795	0
445.15	0	.5027935	.3022522	.1949543	0
444.15	0	.5027595	.3023113	.1949291	0
443.15	0	.5027258	.3023702	.1949041	0
442.15	0	.5026922	.3024288	.1948791	0
441.15	0	.5026587	.3024872	.1948541	0
440.15	0	.5026254	.3025453	.1948293	0
439.15	0	.5025923	.3026032	.1948045	0
438.15	0	.5025593	.3026609	.1947798	0
437.15	0	.5025265	.3027183	.1947552	0
436.15	0	.5024939	.3027754	.1947306	0
435.15	0	.5024615	.3028323	.1947062	0
434.15	0	.5024292	.302889	.1946818	0
433.15	0	.5023971	.3029453	.1946575	0
432.15	0	.5023652	.3030015	.1946333	0
431.15	0	.5023335	.3030573	.1946092	0
430.15	0	.5023019	.3031129	.1945852	0
429.15	0	.5022705	.3031682	.1945613	0
428.15	0	.5022394	.3032232	.1945375	0
427.15	0	.5022084	.3032779	.1945137	0
426.15	0	.5021775	.3033324	.1944901	0
425.15	0	.5021469	.3033865	.1944666	0
424.15	0	.5021165	.3034404	.1944431	0
423.15	0	.5020862	.303494	.1944198	0
422.15	0	.5020561	.3035474	.1943965	0
421.15	0	.5020263	.3036004	.1943734	0
420.15	0	.5019966	.3036531	.1943503	0
