T	 BPW(LIQUID)	BPW(BCC_A2)	BPW(FCC_A1)	BPW(LAVES_PHASE_C14)	BPW(NI3TI)
1473.15	.4459982	.5111195	0	.04288224	0
1472.15	.4386349	.5160361	0	.04532901	0
1471.15	.4314104	.520855	0	.04773467	0
1470.15	.424321	.5255787	0	.05010036	0
1469.15	.417363	.5302098	0	.0524272	0
1468.15	.4105329	.5347508	0	.05471626	0
1467.15	.4038273	.5392041	0	.0569686	0
1466.15	.3972429	.5435719	0	.0591852	0
1465.15	.3907764	.5478565	0	.06136704	0
1464.15	.3844249	.55206	0	.06351505	0
1463.15	.3781854	.5561845	0	.06563013	0
1462.15	.3720549	.560232	0	.06771316	0
1461.15	.3660307	.5642043	0	.06976497	0
1460.15	.3601102	.5681035	0	.07178638	0
1459.15	.3542906	.5719312	0	.07377819	0
1458.15	.3485695	.5756894	0	.07574114	0
1457.15	.3429445	.5793795	0	.07767598	0
1456.15	.3374131	.5830034	0	.07958342	0
1455.15	.3319732	.5865627	0	.08146415	0
1454.15	.3266224	.5900588	0	.08331883	0
1453.15	.3213587	.5934932	0	.08514812	0
1452.15	.3161799	.5968675	0	.08695263	0
1451.15	.3110841	.600183	0	.08873298	0
1450.15	.3060692	.6034411	0	.09048974	0
1449.15	.3011334	.6066431	0	.0922235	0
1448.15	.2962749	.6097903	0	.0939348	0
1447.15	.2914918	.612884	0	.09562418	0
1446.15	.2867825	.6159254	0	.09729215	0
1445.15	.2821452	.6189156	0	.09893922	0
1444.15	.2775783	.6218558	0	.1005659	0
1443.15	.2730802	.6247472	0	.1021726	0
1442.15	.2686495	.6275907	0	.1037598	0
1441.15	.2642845	.6303875	0	.105328	0
1440.15	.2599838	.6331385	0	.1068776	0
1439.15	.2557461	.6358449	0	.108409	0
1438.15	.2515699	.6385074	0	.1099227	0
1437.15	.247454	.6411271	0	.1114189	0
1436.15	.243397	.6437049	0	.1128982	0
1435.15	.2393976	.6462416	0	.1143608	0
1434.15	.2354546	.6487382	0	.1158072	0
1433.15	.2315669	.6511954	0	.1172377	0
1432.15	.2277333	.6536141	0	.1186526	0
1431.15	.2239526	.6559951	0	.1200523	0
1430.15	.2202238	.6583391	0	.1214371	0
1429.15	.2165458	.6606469	0	.1228073	0
1428.15	.2129174	.6629193	0	.1241633	0
1427.15	.2093378	.6651569	0	.1255052	0
1426.15	.205806	.6673605	0	.1268335	0
1425.15	.2023208	.6695308	0	.1281484	0
1424.15	.1988816	.6716683	0	.1294501	0
1423.15	.1954872	.6737738	0	.130739	0
1422.15	.1921369	.6758479	0	.1320153	0
1421.15	.1888297	.6778911	0	.1332792	0
1420.15	.1855648	.6799041	0	.1345311	0
1419.15	.1823414	.6818875	0	.1357711	0
1418.15	.1791587	.6838418	0	.1369995	0
1417.15	.1760159	.6857677	0	.1382165	0
1416.15	.1729122	.6876656	0	.1394223	0
1415.15	.1698469	.689536	0	.1406171	0
1414.15	.1668192	.6913795	0	.1418013	0
1413.15	.1638285	.6931966	0	.1429749	0
1412.15	.1608741	.6949878	0	.1441382	0
1411.15	.1579552	.6967535	0	.1452913	0
1410.15	.1550712	.6984943	0	.1464345	0
1409.15	.1522215	.7002105	0	.147568	0
1408.15	.1494054	.7019027	0	.1486919	0
1407.15	.1466224	.7035712	0	.1498064	0
1406.15	.1438718	.7052166	0	.1509117	0
1405.15	.141153	.7068391	0	.1520079	0
1404.15	.1384654	.7084393	0	.1530953	0
1403.15	.1358086	.7100175	0	.1541739	0
1402.15	.1331819	.7115741	0	.155244	0
1401.15	.1305849	.7131094	0	.1563057	0
1400.15	.1280169	.714624	0	.1573591	0
1399.15	.1254775	.716118	0	.1584044	0
1398.15	.1229663	.717592	0	.1594418	0
1397.15	.1204826	.7190461	0	.1604713	0
1396.15	.118026	.7204809	0	.1614931	0
1395.15	.1155961	.7218965	0	.1625074	0
1394.15	.1131924	.7232934	0	.1635143	0
1393.15	.1108144	.7246718	0	.1645138	0
1392.15	.1084618	.726032	0	.1655062	0
1391.15	.106134	.7273745	0	.1664916	0
1390.15	.1038307	.7286993	0	.16747	0
1389.15	.1015514	.730007	0	.1684416	0
1388.15	.09929584	.7312976	0	.1694065	0
1387.15	.09706351	.7325716	0	.1703649	0
1386.15	.09485407	.7338292	0	.1713167	0
1385.15	.09266713	.7350707	0	.1722622	0
1384.15	.09050233	.7362963	0	.1732014	0
1383.15	.0883593	.7375062	0	.1741345	0
1382.15	.0862377	.7387008	0	.1750615	0
1381.15	.08413718	.7398803	0	.1759825	0
1380.15	.08205739	.7410449	0	.1768977	0
1379.15	.07999802	.7421949	0	.1778071	0
1378.15	.07795872	.7433305	0	.1787108	0
1377.15	.0759392	.7444519	0	.1796089	0
1376.15	.07393912	.7455593	0	.1805016	0
1375.15	.0719582	.746653	0	.1813888	0
1374.15	.06999612	.7477332	0	.1822707	0
1373.15	.06805259	.7488001	0	.1831473	0
1372.15	.06612733	.7498539	0	.1840188	0
1371.15	.06422006	.7508948	0	.1848851	0
1370.15	.0623305	.751923	0	.1857465	0
1369.15	.06045837	.7529387	0	.1866029	0
1368.15	.05860341	.7539421	0	.1874545	0
1367.15	.05676536	.7549334	0	.1883013	0
1366.15	.05494397	.7559127	0	.1891433	0
1365.15	.05313898	.7568803	0	.1899807	0
1364.15	.05135015	.7578363	0	.1908136	0
1363.15	.04957724	.7587808	0	.1916419	0
1362.15	.04782	.7597142	0	.1924658	0
1361.15	.04607821	.7606365	0	.1932853	0
1360.15	.04435164	.7615478	0	.1941005	0
1359.15	.04264007	.7624485	0	.1949115	0
1358.15	.04094327	.7633385	0	.1957182	0
1357.15	.03926103	.7642181	0	.1965209	0
1356.15	.03759313	.7650875	0	.1973194	0
1355.15	.03593939	.7659467	0	.198114	0
1354.15	.03429957	.7667959	0	.1989045	0
1353.15	.03267349	.7676353	0	.1996912	0
1352.15	.03106096	.768465	0	.2004741	0
1351.15	.02946177	.7692851	0	.2012531	0
1350.15	.02787573	.7700959	0	.2020284	0
1349.15	.02630267	.7708973	0	.2028	0
1348.15	.0247424	.7716896	0	.203568	0
1347.15	.02319473	.7724729	0	.2043324	0
1346.15	.0216595	.7732473	0	.2050932	0
1345.15	.02013652	.774013	0	.2058505	0
1344.15	.01862563	.7747699	0	.2066044	0
1343.15	.01712667	.7755184	0	.2073549	0
1342.15	.01563946	.7762585	0	.2081021	0
1341.15	.01416384	.7769902	0	.2088459	0
1340.15	.01269966	.7777139	0	.2095865	0
1339.15	.01124676	.7784294	0	.2103238	0
1338.15	.009804985	.779137	0	.211058	0
1337.15	.008374186	.7798368	0	.211789	0
1336.15	.006954214	.7805289	0	.2125169	0
1335.15	.005544923	.7812133	0	.2132418	0
1334.15	.004146169	.7818902	0	.2139636	0
1333.15	.002757812	.7825597	0	.2146825	0
1332.15	.001379713	.7832219	0	.2153984	0
1331.15	1.17355E-05	.7838769	0	.2161114	0
1331.141	0	.7838825	0	.2161176	0
1331.141	0	.7838825	0	.2161176	0
1330.15	0	.7833475	0	.2166526	0
1329.15	0	.782809	0	.217191	0
1328.15	0	.7822717	0	.2177284	0
1327.15	0	.7817355	0	.2182645	0
1326.15	0	.7812005	0	.2187995	0
1325.15	0	.7806667	0	.2193333	0
1324.15	0	.780134	0	.219866	0
1323.15	0	.7796025	0	.2203975	0
1322.15	0	.7790721	0	.2209279	0
1321.15	0	.7785429	0	.2214571	0
1320.15	0	.7780148	0	.2219852	0
1319.15	0	.7774879	0	.2225121	0
1318.15	0	.7769621	0	.2230379	0
1317.15	0	.7764374	0	.2235626	0
1316.15	0	.7759138	0	.2240862	0
1315.15	0	.7753914	0	.2246086	0
1314.15	0	.7748701	0	.2251299	0
1313.15	0	.7743499	0	.2256501	0
1312.15	0	.7738308	0	.2261692	0
1311.15	0	.7733129	0	.2266871	0
1310.15	0	.772796	0	.227204	0
1309.15	0	.7722803	0	.2277197	0
1308.15	0	.7717656	0	.2282344	0
1307.15	0	.771252	0	.228748	0
1306.15	0	.7707396	0	.2292605	0
1305.15	0	.7702282	0	.2297718	0
1304.15	0	.7697179	0	.2302821	0
1303.15	0	.7692087	0	.2307913	0
1302.15	0	.7687005	0	.2312995	0
1301.15	0	.7681935	0	.2318065	0
1300.15	0	.7676875	0	.2323125	0
1299.15	0	.7671826	0	.2328174	0
1298.15	0	.7666787	0	.2333213	0
1297.15	0	.766176	0	.233824	0
1296.15	0	.7656742	0	.2343258	0
1295.15	0	.7651736	0	.2348264	0
1294.15	0	.764674	0	.235326	0
1293.15	0	.7641754	0	.2358246	0
1292.15	0	.7636779	0	.2363221	0
1291.15	0	.7631814	0	.2368186	0
1290.15	0	.762686	0	.237314	0
1289.15	0	.7621916	0	.2378084	0
1288.15	0	.7616983	0	.2383017	0
1287.15	0	.7612059	0	.2387941	0
1286.15	0	.7607146	0	.2392854	0
1285.15	0	.7602244	0	.2397756	0
1284.15	0	.7597351	0	.2402649	0
1283.15	0	.7592469	0	.2407531	0
1282.15	0	.7587597	0	.2412403	0
1281.15	0	.7582735	0	.2417265	0
1280.15	0	.7577883	0	.2422117	0
1279.15	0	.7573042	0	.2426959	0
1278.15	0	.756821	0	.243179	0
1277.15	0	.7563388	0	.2436612	0
1276.15	0	.7558576	0	.2441424	0
1275.15	0	.7553775	0	.2446225	0
1274.15	0	.7548983	0	.2451017	0
1273.15	0	.7544201	0	.2455799	0
1272.15	0	.7539429	0	.2460571	0
1271.15	0	.7534667	0	.2465333	0
1270.15	0	.7529914	0	.2470086	0
1269.15	0	.7525172	0	.2474828	0
1268.15	0	.7520439	0	.2479561	0
1267.15	0	.7515716	0	.2484284	0
1266.15	0	.7511002	0	.2488998	0
1265.15	0	.7506299	0	.2493701	0
1264.15	0	.7501605	0	.2498395	0
1263.15	0	.749692	0	.250308	0
1262.15	0	.7492245	0	.2507755	0
1261.15	0	.748758	0	.251242	0
1260.15	0	.7482924	0	.2517076	0
1259.15	0	.7478278	0	.2521722	0
1258.15	0	.7473641	0	.2526359	0
1257.15	0	.7469014	0	.2530986	0
1256.15	0	.7464396	0	.2535604	0
1255.15	0	.7459788	0	.2540213	0
1254.15	0	.7455188	0	.2544812	0
1253.15	0	.7450599	0	.2549401	0
1252.15	0	.7446018	0	.2553982	0
1251.15	0	.7441447	0	.2558553	0
1250.15	0	.7436885	0	.2563115	0
1249.15	0	.7432332	0	.2567668	0
1248.15	0	.7427789	0	.2572211	0
1247.15	0	.7423255	0	.2576745	0
1246.15	0	.741873	0	.258127	0
1245.15	0	.7414214	0	.2585786	0
1244.15	0	.7409707	0	.2590293	0
1243.15	0	.7405209	0	.2594791	0
1242.15	0	.7400721	0	.2599279	0
1241.15	0	.7396241	0	.2603759	0
1240.15	0	.739177	0	.260823	0
1239.15	0	.7387309	0	.2612691	0
1238.15	0	.7382856	0	.2617144	0
1237.15	0	.7378412	0	.2621588	0
1236.15	0	.7373977	0	.2626023	0
1235.15	0	.7369552	0	.2630448	0
1234.15	0	.7365134	0	.2634866	0
1233.15	0	.7360726	0	.2639274	0
1232.15	0	.7356327	0	.2643673	0
1231.15	0	.7351936	0	.2648064	0
1230.15	0	.7347554	0	.2652446	0
1229.15	0	.7343181	0	.2656819	0
1228.15	0	.7338817	0	.2661183	0
1227.15	0	.7334461	0	.2665539	0
1226.15	0	.7330114	0	.2669886	0
1225.15	0	.7325776	0	.2674224	0
1224.15	0	.7321446	0	.2678554	0
1223.15	0	.7317125	0	.2682875	0
1222.15	0	.7312812	0	.2687188	0
1221.15	0	.7308508	0	.2691492	0
1220.15	0	.7304213	0	.2695787	0
1219.15	0	.7299926	0	.2700074	0
1218.15	0	.7295647	0	.2704353	0
1217.15	0	.7291377	0	.2708623	0
1216.15	0	.7287116	0	.2712884	0
1215.15	0	.7282863	0	.2717137	0
1214.15	0	.7278618	0	.2721382	0
1213.15	0	.7274382	0	.2725618	0
1212.15	0	.7270154	0	.2729846	0
1211.15	0	.7265934	0	.2734066	0
1210.15	0	.7261723	0	.2738278	0
1209.15	0	.7257519	0	.2742481	0
1208.15	0	.7253325	0	.2746675	0
1207.15	0	.7249138	0	.2750862	0
1206.15	0	.724496	0	.275504	0
1205.15	0	.7240789	0	.2759211	0
1204.15	0	.7236628	0	.2763373	0
1203.15	0	.7232474	0	.2767526	0
1202.15	0	.7228328	0	.2771672	0
1201.15	0	.722419	0	.277581	0
1200.15	0	.7220061	0	.2779939	0
1199.15	0	.721594	0	.2784061	0
1198.15	0	.7211826	0	.2788174	0
1197.15	0	.7207721	0	.2792279	0
1196.15	0	.7203624	0	.2796376	0
1195.15	0	.7199534	0	.2800466	0
1194.15	0	.7195453	0	.2804547	0
1193.15	0	.719138	0	.2808621	0
1192.15	0	.7187314	0	.2812686	0
1191.15	0	.7183257	0	.2816744	0
1190.15	0	.7179207	0	.2820793	0
1189.15	0	.7175165	0	.2824835	0
1188.15	0	.7171131	0	.2828869	0
1187.15	0	.7167105	0	.2832895	0
1186.15	0	.7163087	0	.2836913	0
1185.15	0	.7159076	0	.2840924	0
1184.15	0	.7155073	0	.2844927	0
1183.15	0	.7151078	0	.2848922	0
1182.15	0	.7147091	0	.2852909	0
1181.15	0	.7143112	0	.2856889	0
1180.15	0	.713914	0	.286086	0
1179.15	0	.7135175	0	.2864825	0
1178.15	0	.7131219	0	.2868781	0
1177.15	0	.712727	0	.287273	0
1176.15	0	.7123329	0	.2876671	0
1175.15	0	.7119395	0	.2880605	0
1174.15	0	.7115469	0	.2884531	0
1173.15	0	.711155	0	.288845	0
1172.15	0	.7107639	0	.2892361	0
1171.15	0	.7103736	0	.2896264	0
1170.15	0	.709984	0	.290016	0
1169.15	0	.7095951	0	.2904049	0
1168.15	0	.709207	0	.290793	0
1167.15	0	.7088197	0	.2911803	0
1166.15	0	.7084331	0	.2915669	0
1165.15	0	.7080472	0	.2919528	0
1164.15	0	.707662	0	.292338	0
1163.15	0	.7072776	0	.2927224	0
1162.15	0	.706894	0	.293106	0
1161.15	0	.7065111	0	.2934889	0
1160.15	0	.7061289	0	.2938711	0
1159.15	0	.7057474	0	.2942526	0
1158.15	0	.7053667	0	.2946333	0
1157.15	0	.7049867	0	.2950133	0
1156.15	0	.7046074	0	.2953926	0
1155.15	0	.7042288	0	.2957712	0
1154.15	0	.703851	0	.296149	0
1153.15	0	.7034738	0	.2965261	0
1152.15	0	.7030975	0	.2969025	0
1151.15	0	.7027218	0	.2972782	0
1150.15	0	.7023468	0	.2976532	0
1149.15	0	.7019726	0	.2980275	0
1148.15	0	.701599	0	.298401	0
1147.15	0	.7012262	0	.2987738	0
1146.15	0	.7008541	0	.2991459	0
1145.15	0	.7004827	0	.2995174	0
1144.15	0	.7001119	0	.2998881	0
1143.15	0	.6997419	0	.3002581	0
1142.15	0	.6993726	0	.3006274	0
1141.15	0	.699004	0	.300996	0
1140.15	0	.6986361	0	.3013639	0
1140.086	0	.6986125	0	.3013875	0
1140.086	0	.6986125	0	.3013875	0
1140.086	0	.6986125	0	.3013875	0
1139.15	0	.6977195	5.899558E-04	.3016906	0
1138.15	0	.6967674	.001218825	.3020137	0
1137.15	0	.695818	.001845955	.3023361	0
1136.15	0	.694871	.002471347	.3026577	0
1135.15	0	.6939266	.003095005	.3029784	0
1134.15	0	.6929847	.003716932	.3032984	0
1133.15	0	.6920453	.00433713	.3036176	0
1132.15	0	.6911084	.004955602	.303936	0
1131.15	0	.690174	.00557235	.3042537	0
1130.15	0	.6892421	.006187378	.3045705	0
1129.15	0	.6883127	.006800688	.3048866	0
1128.15	0	.6873858	.007412282	.3052019	0
1127.15	0	.6864614	.008022164	.3055165	0
1126.15	0	.6855394	.008630336	.3058302	0
1125.15	0	.68462	.0092368	.3061432	0
1124.15	0	.683703	.00984156	.3064555	0
1123.15	0	.6827884	.01044462	.3067669	0
1122.15	0	.6818764	.01104598	.3070776	0
1121.15	0	.6809668	.01164564	.3073876	0
1120.15	0	.6800596	.01224361	.3076968	0
1119.15	0	.6791549	.01283988	.3080052	0
1118.15	0	.6782526	.01343447	.3083129	0
1117.15	0	.6773528	.01402737	.3086198	0
1116.15	0	.6764554	.01461859	.308926	0
1115.15	0	.6755604	.01520812	.3092314	0
1114.15	0	.6746679	.01579598	.3095361	0
1113.15	0	.6737778	.01638216	.3098401	0
1112.15	0	.6728901	.01696667	.3101433	0
1111.15	0	.6720048	.0175495	.3104457	0
1110.15	0	.6711219	.01813067	.3107474	0
1109.15	0	.6702414	.01871017	.3110484	0
1108.15	0	.6693634	.01928801	.3113486	0
1107.15	0	.6684877	.01986418	.3116482	0
1106.15	0	.6676144	.0204387	.3119469	0
1105.15	0	.6667435	.02101156	.312245	0
1104.15	0	.665875	.02158277	.3125423	0
1103.15	0	.6650088	.02215233	.3128389	0
1102.15	0	.664145	.02272023	.3131347	0
1101.15	0	.6632836	.0232865	.3134299	0
1100.15	0	.6624246	.02385111	.3137243	0
1099.15	0	.6615679	.02441409	.314018	0
1098.15	0	.6607136	.02497543	.3143109	0
1097.15	0	.6598617	.02553513	.3146032	0
1096.15	0	.6590121	.02609319	.3148947	0
1095.15	0	.6581648	.02664963	.3151856	0
1094.15	0	.6573199	.02720444	.3154757	0
1093.15	0	.6564773	.02775762	.3157651	0
1092.15	0	.6556371	.02830917	.3160538	0
1091.15	0	.6547992	.0288591	.3163417	0
1090.15	0	.6539636	.02940742	.316629	0
1089.15	0	.6531303	.02995412	.3169156	0
1088.15	0	.6522994	.0304992	.3172014	0
1087.15	0	.6514707	.03104267	.3174866	0
1086.15	0	.6506444	.03158453	.3177711	0
1085.15	0	.6498204	.03212478	.3180548	0
1084.15	0	.6489987	.03266343	.3183379	0
1083.15	0	.6481793	.03320048	.3186202	0
1082.15	0	.6473622	.03373592	.3189019	0
1081.15	0	.6465474	.03426977	.3191829	0
1080.15	0	.6457348	.03480202	.3194632	0
1079.15	0	.6449246	.03533268	.3197428	0
1078.15	0	.6441166	.03586175	.3200216	0
1077.15	0	.6433109	.03638924	.3202999	0
1076.15	0	.6425075	.03691513	.3205774	0
1075.15	0	.6417064	.03743945	.3208542	0
1074.15	0	.6409075	.03796218	.3211303	0
1073.15	0	.6401109	.03848333	.3214058	0
1072.15	0	.6393165	.03900291	.3216806	0
1071.15	0	.6385244	.03952092	.3219547	0
1070.15	0	.6377346	.04003735	.3222281	0
1069.15	0	.636947	.04055222	.3225008	0
1068.15	0	.6361616	.04106552	.3227729	0
1067.15	0	.6353785	.04157726	.3230443	0
1066.15	0	.6345976	.04208743	.323315	0
1065.15	0	.633819	.04259605	.323585	0
1064.15	0	.6330425	.04310311	.3238543	0
1063.15	0	.6322684	.04360862	.324123	0
1062.15	0	.6314964	.04411258	.324391	0
1061.15	0	.6307267	.04461499	.3246584	0
1060.15	0	.6299591	.04511585	.324925	0
1059.15	0	.6291938	.04561517	.325191	0
1058.15	0	.6284307	.04611295	.3254564	0
1057.15	0	.6276698	.04660919	.325721	0
1056.15	0	.6269111	.0471039	.325985	0
1055.15	0	.6261546	.04759707	.3262483	0
1054.15	0	.6254003	.04808871	.326511	0
1053.15	0	.6246482	.04857883	.326773	0
1052.15	0	.6238983	.04906742	.3270343	0
1051.15	0	.6231505	.04955448	.327295	0
1050.15	0	.622405	.05004003	.327555	0
1049.15	0	.6216616	.05052406	.3278144	0
1048.15	0	.6209204	.05100657	.3280731	0
1047.15	0	.6201813	.05148758	.3283311	0
1046.15	0	.6194445	.05196707	.3285885	0
1045.15	0	.6187098	.05244506	.3288452	0
1044.15	0	.6179772	.05292155	.3291013	0
1043.15	0	.6172468	.05339653	.3293567	0
1042.15	0	.6165186	.05387002	.3296114	0
1041.15	0	.6157925	.05434201	.3298655	0
1040.15	0	.6150686	.05481251	.3301189	0
1039.15	0	.6143468	.05528152	.3303717	0
1038.15	0	.6136271	.05574904	.3306239	0
1037.15	0	.6129096	.05621508	.3308754	0
1036.15	0	.6121942	.05667964	.3311262	0
1035.15	0	.6114809	.05714272	.3313764	0
1034.15	0	.6107698	.05760433	.3316259	0
1033.15	0	.6100608	.05806446	.3318748	0
1032.15	0	.6093539	.05852313	.332123	0
1031.15	0	.6086491	.05898033	.3323706	0
1030.15	0	.6079464	.05943607	.3326175	0
1029.15	0	.6072458	.05989035	.3328638	0
1028.15	0	.6065474	.06034317	.3331094	0
1027.15	0	.605851	.06079454	.3333544	0
1026.15	0	.6051568	.06124447	.3335988	0
1025.15	0	.6044646	.06169294	.3338425	0
1024.15	0	.6037745	.06213997	.3340855	0
1023.15	0	.6030865	.06258556	.3343279	0
1022.15	0	.6024006	.06302972	.3345697	0
1021.15	0	.6017168	.06347244	.3348108	0
1020.15	0	.601035	.06391373	.3350513	0
1019.15	0	.6003553	.0643536	.3352911	0
1018.15	0	.5996777	.06479204	.3355303	0
1017.15	0	.5990021	.06522907	.3357688	0
1016.15	0	.5983286	.06566468	.3360067	0
1015.15	0	.5976572	.06609888	.3362439	0
1014.15	0	.5969878	.06653167	.3364805	0
1013.15	0	.5963205	.06696305	.3367165	0
1012.15	0	.5956552	.06739304	.3369518	0
1011.15	0	.5949919	.06782162	.3371865	0
1010.15	0	.5943307	.06824882	.3374205	0
1009.15	0	.5936715	.06867463	.3376539	0
1008.15	0	.5930143	.06909905	.3378866	0
1007.15	0	.5923592	.06952209	.3381187	0
1006.15	0	.5917061	.06994375	.3383502	0
1005.15	0	.591055	.07036404	.338581	0
1004.15	0	.5904059	.07078296	.3388111	0
1003.15	0	.5897588	.07120052	.3390406	0
1002.15	0	.5891138	.07161671	.3392695	0
1001.15	0	.5884707	.07203156	.3394977	0
1000.15	0	.5878296	.07244505	.3397253	0
999.15	0	.5871906	.07285719	.3399523	0
998.15	0	.5865535	.07326799	.3401786	0
997.15	0	.5859183	.07367745	.3404042	0
996.15	0	.5852852	.07408558	.3406292	0
995.15	0	.5846541	.07449238	.3408536	0
994.15	0	.5840249	.07489786	.3410773	0
993.15	0	.5833976	.07530202	.3413003	0
992.15	0	.5827724	.07570487	.3415228	0
991.15	0	.5821491	.0761064	.3417445	0
990.15	0	.5815277	.07650663	.3419657	0
989.15	0	.5809083	.07690557	.3421861	0
988.15	0	.5802909	.07730321	.3424059	0
987.15	0	.5796753	.07769956	.3426251	0
986.15	0	.5790617	.07809463	.3428436	0
985.15	0	.5784501	.07848842	.3430615	0
984.15	0	.5778403	.07888094	.3432787	0
983.15	0	.5772325	.0792722	.3434953	0
982.15	0	.5766266	.07966219	.3437112	0
981.15	0	.5760226	.08005093	.3439265	0
980.15	0	.5754205	.08043842	.3441411	0
979.15	0	.5748203	.08082467	.344355	0
978.15	0	.574222	.08120968	.3445683	0
977.15	0	.5736256	.08159346	.344781	0
976.15	0	.573031	.08197602	.344993	0
975.15	0	.5724384	.08235736	.3452043	0
974.15	0	.5718476	.08273749	.3454149	0
973.15	0	.5712586	.08311641	.345625	0
972.15	0	.5706716	.08349414	.3458343	0
971.15	0	.5700863	.08387067	.346043	0
970.15	0	.569503	.08424602	.346251	0
969.15	0	.5689215	.08462019	.3464584	0
968.15	0	.5683418	.08499319	.346665	0
967.15	0	.5677639	.08536503	.3468711	0
966.15	0	.5671879	.08573572	.3470764	0
965.15	0	.5666137	.08610525	.3472811	0
964.15	0	.5660412	.08647364	.3474851	0
963.15	0	.5654706	.0868409	.3476885	0
962.15	0	.5649018	.08720704	.3478911	0
961.15	0	.5643348	.08757205	.3480931	0
960.15	0	.5637696	.08793596	.3482945	0
959.15	0	.5632061	.08829877	.3484951	0
958.15	0	.5626444	.08866048	.3486951	0
957.15	0	.5620845	.08902111	.3488944	0
956.15	0	.5615264	.08938067	.349093	0
955.15	0	.56097	.08973916	.3492909	0
954.15	0	.5604153	.09009658	.3494881	0
953.15	0	.5598624	.09045296	.3496847	0
952.15	0	.5593112	.0908083	.3498805	0
951.15	0	.5587617	.09116261	.3500757	0
950.15	0	.5582139	.0915159	.3502702	0
949.15	0	.5576679	.09186818	.350464	0
948.15	0	.5571235	.09221945	.3506571	0
947.15	0	.5565808	.09256974	.3508494	0
946.15	0	.5560398	.09291904	.3510411	0
945.15	0	.5555005	.09326737	.3512321	0
944.15	0	.5549628	.09361474	.3514224	0
943.15	0	.5544268	.09396116	.351612	0
942.15	0	.5538925	.09430664	.3518009	0
941.15	0	.5533598	.09465119	.3519891	0
940.15	0	.5528287	.09499483	.3521765	0
939.15	0	.5522992	.09533756	.3523633	0
938.15	0	.5517713	.09567939	.3525493	0
937.15	0	.5512451	.09602035	.3527346	0
936.15	0	.5507204	.09636043	.3529192	0
935.15	0	.5501973	.09669965	.353103	0
934.15	0	.5496758	.09703803	.3532862	0
933.15	0	.5491559	.09737557	.3534686	0
932.15	0	.5486375	.09771229	.3536502	0
931.15	0	.5481206	.09804821	.3538312	0
930.15	0	.5476053	.09838333	.3540114	0
929.15	0	.5470915	.09871767	.3541909	0
928.15	0	.5465792	.09905124	.3543696	0
927.15	0	.5460684	.09938405	.3545476	0
926.15	0	.5455591	.09971613	.3547248	0
925.15	0	.5450513	.1000475	.3549013	0
924.15	0	.5445449	.1003781	.355077	0
923.15	0	.54404	.1007081	.3552519	0
922.15	0	.5435365	.1010373	.3554262	0
921.15	0	.5430345	.1013659	.3555996	0
920.15	0	.5425339	.1016939	.3557723	0
919.15	0	.5420346	.1020212	.3559442	0
918.15	0	.5415368	.1023479	.3561153	0
917.15	0	.5410404	.102674	.3562857	0
916.15	0	.5405453	.1029995	.3564552	0
915.15	0	.5400516	.1033244	.356624	0
914.15	0	.5395592	.1036488	.356792	0
913.15	0	.5390681	.1039726	.3569592	0
912.15	0	.5385784	.104296	.3571257	0
911.15	0	.53809	.1046188	.3572913	0
910.15	0	.5376028	.1049411	.3574561	0
909.15	0	.5371169	.105263	.3576201	0
908.15	0	.5366323	.1055845	.3577833	0
907.15	0	.5361489	.1059055	.3579456	0
906.15	0	.5356667	.1062261	.3581072	0
905.15	0	.5351857	.1065464	.3582679	0
904.15	0	.534706	.1068662	.3584278	0
903.15	0	.5342274	.1071858	.3585869	0
902.15	0	.5337499	.107505	.3587451	0
901.15	0	.5332737	.1078239	.3589025	0
900.15	0	.5327985	.1081425	.359059	0
899.15	0	.5323245	.1084609	.3592147	0
898.15	0	.5318515	.108779	.3593695	0
897.15	0	.5313796	.1090969	.3595235	0
896.15	0	.5309088	.1094147	.3596766	0
895.15	0	.530439	.1097322	.3598288	0
894.15	0	.5299702	.1100497	.3599801	0
893.15	0	.5295025	.110367	.3601306	0
892.15	0	.5290357	.1106842	.3602801	0
891.15	0	.5285699	.1110013	.3604288	0
890.15	0	.528105	.1113185	.3605766	0
889.15	0	.527641	.1116356	.3607234	0
888.15	0	.527178	.1119527	.3608694	0
887.15	0	.5267158	.1122698	.3610144	0
886.15	0	.5262545	.112587	.3611585	0
885.15	0	.525794	.1129043	.3613017	0
884.15	0	.5253344	.1132218	.3614439	0
883.15	0	.5248755	.1135394	.3615852	0
882.15	0	.5244174	.1138571	.3617255	0
881.15	0	.52396	.1141751	.3618649	0
880.15	0	.5235034	.1144933	.3620032	0
879.15	0	.5230475	.1148118	.3621407	0
878.15	0	.5225922	.1151307	.3622771	0
877.15	0	.5221376	.1154498	.3624126	0
876.15	0	.5216837	.1157693	.362547	0
875.15	0	.5212303	.1160892	.3626805	0
874.15	0	.5207775	.1164096	.3628129	0
873.15	0	.5203252	.1167305	.3629443	0
872.15	0	.5198735	.1170518	.3630747	0
871.15	0	.5194222	.1173737	.3632041	0
870.15	0	.5189714	.1176962	.3633324	0
869.15	0	.5185211	.1180193	.3634596	0
868.15	0	.5180711	.1183431	.3635858	0
867.15	0	.5176215	.1186676	.3637109	0
866.15	0	.5171723	.1189928	.3638349	0
865.15	0	.5167233	.1193188	.3639579	0
864.15	0	.5162747	.1196457	.3640797	0
863.15	0	.5158263	.1199734	.3642004	0
862.15	0	.5153781	.120302	.36432	0
861.15	0	.51493	.1206316	.3644384	0
860.15	0	.5144821	.1209621	.3645557	0
859.15	0	.5140344	.1212938	.3646718	0
858.15	0	.5135867	.1216265	.3647868	0
857.15	0	.513139	.1219604	.3649006	0
856.15	0	.5126913	.1222955	.3650132	0
855.15	0	.5122436	.1226318	.3651245	0
854.15	0	.5117958	.1229694	.3652347	0
853.15	0	.5113479	.1233085	.3653436	0
852.15	0	.5108998	.1236489	.3654513	0
851.15	0	.5104515	.1239907	.3655577	0
850.15	0	.510003	.1243342	.3656629	0
849.15	0	.5095541	.1246792	.3657667	0
848.15	0	.509105	.1250258	.3658692	0
847.15	0	.5086554	.1253742	.3659705	0
846.15	0	.5082054	.1257243	.3660703	0
845.15	0	.5077549	.1260763	.3661689	0
844.15	0	.5073038	.1264302	.366266	0
843.15	0	.5068522	.1267861	.3663618	0
842.15	0	.5063999	.127144	.3664561	0
841.15	0	.5059469	.1275041	.366549	0
840.15	0	.5054932	.1278663	.3666405	0
839.15	0	.5050386	.1282309	.3667305	0
838.15	0	.5045831	.1285978	.366819	0
837.15	0	.5041268	.1289672	.366906	0
836.15	0	.5036694	.1293391	.3669915	0
835.15	0	.5032109	.1297137	.3670754	0
834.15	0	.5027513	.130091	.3671578	0
833.15	0	.5022905	.1304711	.3672385	0
832.15	0	.5018283	.130854	.3673176	0
831.15	0	.5013649	.1312401	.3673951	0
830.15	0	.5008999	.1316292	.3674708	0
829.15	0	.5004335	.1320216	.3675449	0
828.15	0	.4999654	.1324174	.3676172	0
827.15	0	.4994957	.1328166	.3676877	0
826.15	0	.4990241	.1332194	.3677565	0
825.15	0	.4985507	.1336259	.3678234	0
824.15	0	.4980753	.1340363	.3678884	0
823.15	0	.4975978	.1344507	.3679515	0
822.15	0	.4971181	.1348692	.3680127	0
821.15	0	.4966361	.1352921	.3680719	0
820.15	0	.4961516	.1357194	.368129	0
819.15	0	.4956646	.1361513	.3681841	0
818.15	0	.495175	.136588	.3682371	0
817.15	0	.4946825	.1370297	.3682878	0
816.15	0	.4941871	.1374765	.3683364	0
815.15	0	.4936886	.1379287	.3683827	0
814.15	0	.4931868	.1383865	.3684267	0
813.15	0	.4926816	.1388502	.3684683	0
812.15	0	.4921728	.1393198	.3685075	0
811.15	0	.4916602	.1397957	.3685441	0
810.15	0	.4911436	.1402782	.3685782	0
809.15	0	.4906229	.1407676	.3686096	0
808.15	0	.4900977	.141264	.3686383	0
807.15	0	.489568	.1417679	.3686641	0
806.15	0	.4890334	.1422795	.3686871	0
805.15	0	.4884936	.1427993	.3687071	0
804.15	0	.4879484	.1433275	.368724	0
803.15	0	.4873976	.1438647	.3687377	0
802.15	0	.4868407	.1444112	.3687481	0
801.15	0	.4862774	.1449675	.3687551	0
800.15	0	.4857074	.145534	.3687585	0
799.15	0	.4851303	.1461114	.3687583	0
798.15	0	.4845456	.1467003	.3687542	0
797.15	0	.4839544	.1472999	.3687457	0
796.15	0	.483353	.1479135	.3687334	0
795.15	0	.4827426	.1485406	.3687168	0
794.15	0	.4821225	.149182	.3686955	0
793.15	0	.4814921	.1498385	.3686695	0
792.15	0	.4808506	.1505111	.3686383	0
791.15	0	.4801972	.1512009	.3686019	0
790.15	0	.4795311	.1519091	.3685598	0
789.15	0	.4788513	.152637	.3685117	0
788.15	0	.4781567	.1533861	.3684572	0
787.15	0	.477446	.154158	.368396	0
786.15	0	.4767179	.1549546	.3683275	0
785.15	0	.4759708	.155778	.3682512	0
784.15	0	.4752027	.1566307	.3681665	0
783.15	0	.4744118	.1575155	.3680727	0
782.15	0	.4735955	.1584355	.367969	0
781.15	0	.4726215	.1595613	.3678173	0
780.15	0	.4709495	.1615896	.3674608	0
779.15	0	.4694207	.1634402	.3671392	0
778.15	0	.4680114	.1651423	.3668463	0
777.15	0	.4667038	.1667186	.3665776	0
776.15	0	.465484	.1681863	.3663297	0
775.15	0	.4643409	.1695594	.3660996	0
774.15	0	.4632655	.1708493	.3658853	0
773.15	0	.4622503	.1720651	.3656847	0
772.15	0	.461289	.1732147	.3654963	0
771.15	0	.4603765	.1743046	.365319	0
770.15	0	.4595082	.1753404	.3651514	0
769.15	0	.4586802	.176327	.3649928	0
768.15	0	.4578891	.1772686	.3648422	0
767.15	0	.4571321	.1781689	.3646991	0
766.15	0	.4564064	.179031	.3645626	0
765.15	0	.4557098	.1798578	.3644324	0
764.15	0	.4550402	.180652	.3643079	0
763.15	0	.4543957	.1814157	.3641886	0
762.15	0	.4537748	.182151	.3640742	0
761.15	0	.4531759	.1828598	.3639644	0
760.15	0	.4525976	.1835437	.3638587	0
759.15	0	.4520387	.1842043	.363757	0
758.15	0	.4514981	.1848429	.363659	0
757.15	0	.4509747	.1854609	.3635644	0
756.15	0	.4504677	.1860593	.363473	0
755.15	0	.4499761	.1866393	.3633846	0
754.15	0	.4494991	.1872019	.3632991	0
753.15	0	.4490359	.1877478	.3632163	0
752.15	0	.448586	.1882781	.3631359	0
751.15	0	.4481485	.1887935	.363058	0
750.15	0	.4477231	.1892947	.3629823	0
749.15	0	.447309	.1897824	.3629087	0
748.15	0	.4469058	.1902572	.3628371	0
747.15	0	.4465129	.1907197	.3627674	0
746.15	0	.44613	.1911705	.3626995	0
745.15	0	.4457566	.19161	.3626334	0
744.15	0	.4453923	.1920389	.3625688	0
743.15	0	.4450367	.1924575	.3625059	0
742.15	0	.4446894	.1928662	.3624444	0
741.15	0	.4443502	.1932655	.3623843	0
740.15	0	.4440187	.1936558	.3623255	0
739.15	0	.4436946	.1940374	.362268	0
738.15	0	.4433776	.1944107	.3622117	0
737.15	0	.4430675	.1947759	.3621566	0
736.15	0	.442764	.1951334	.3621026	0
735.15	0	.4424669	.1954835	.3620496	0
734.15	0	.4421759	.1958265	.3619977	0
733.15	0	.4418907	.1961626	.3619467	0
732.15	0	.4416114	.196492	.3618966	0
731.15	0	.4413375	.1968151	.3618474	0
730.15	0	.4410689	.197132	.3617991	0
729.15	0	.4408055	.1974429	.3617516	0
728.15	0	.4405471	.1977481	.3617048	0
727.15	0	.4402935	.1980477	.3616588	0
726.15	0	.4400445	.198342	.3616136	0
725.15	0	.4398	.198631	.361569	0
724.15	0	.4395599	.1989151	.361525	0
723.15	0	.4393241	.1991943	.3614817	0
722.15	0	.4390923	.1994688	.361439	0
721.15	0	.4388644	.1997387	.3613969	0
720.15	0	.4386405	.2000042	.3613553	0
719.15	0	.4384202	.2002655	.3613143	0
718.15	0	.4382036	.2005226	.3612738	0
717.15	0	.4379905	.2007757	.3612337	0
716.15	0	.4377809	.201025	.3611942	0
715.15	0	.4375745	.2012704	.3611551	0
714.15	0	.4373714	.2015122	.3611165	0
713.15	0	.4371713	.2017504	.3610782	0
712.15	0	.4369744	.2019852	.3610404	0
711.15	0	.4367804	.2022166	.361003	0
710.15	0	.4365892	.2024448	.360966	0
709.15	0	.4364009	.2026698	.3609293	0
708.15	0	.4362153	.2028917	.3608929	0
707.15	0	.4360324	.2031107	.360857	0
706.15	0	.435852	.2033267	.3608213	0
705.15	0	.4356742	.2035399	.3607859	0
704.15	0	.4354988	.2037504	.3607509	0
703.15	0	.4353258	.2039581	.3607161	0
702.15	0	.4351551	.2041633	.3606816	0
701.15	0	.4349867	.2043659	.3606474	0
700.15	0	.4348205	.2045661	.3606134	0
699.15	0	.4346565	.2047638	.3605797	0
698.15	0	.4344945	.2049593	.3605462	0
697.15	0	.4343347	.2051524	.360513	0
696.15	0	.4341768	.2053433	.3604799	0
695.15	0	.4340209	.205532	.3604471	0
694.15	0	.4338669	.2057186	.3604145	0
693.15	0	.4337147	.2059032	.3603821	0
692.15	0	.4335644	.2060857	.3603499	0
691.15	0	.4334158	.2062663	.3603179	0
690.15	0	.433269	.2064449	.360286	0
689.15	0	.4331239	.2066217	.3602544	0
688.15	0	.4329805	.2067967	.3602228	0
687.15	0	.4328386	.2069699	.3601915	0
686.15	0	.4326984	.2071413	.3601603	0
685.15	0	.4325597	.2073111	.3601292	0
684.15	0	.4324225	.2074792	.3600983	0
683.15	0	.4322868	.2076456	.3600675	0
682.15	0	.4321526	.2078105	.3600369	0
681.15	0	.4320198	.2079739	.3600064	0
680.15	0	.4318883	.2081357	.359976	0
679.15	0	.4317583	.2082961	.3599457	0
678.15	0	.4316295	.208455	.3599155	0
677.15	0	.4315021	.2086125	.3598855	0
676.15	0	.4313759	.2087686	.3598555	0
675.15	0	.431251	.2089233	.3598256	0
674.15	0	.4311274	.2090768	.3597959	0
673.15	0	.4310049	.2092289	.3597662	0
672.15	0	.4308836	.2093798	.3597366	0
671.15	0	.4307634	.2095294	.3597072	0
670.15	0	.4306444	.2096778	.3596777	0
669.15	0	.4305265	.2098251	.3596484	0
668.15	0	.4304097	.2099712	.3596192	0
667.15	0	.4302939	.2101161	.35959	0
666.15	0	.4301792	.2102599	.3595609	0
665.15	0	.4300655	.2104026	.3595318	0
664.15	0	.4299529	.2105443	.3595028	0
663.15	0	.4298412	.2106849	.3594739	0
662.15	0	.4297304	.2108245	.3594451	0
661.15	0	.4296207	.2109631	.3594163	0
660.15	0	.4295118	.2111007	.3593875	0
659.15	0	.4294039	.2112373	.3593588	0
658.15	0	.4292969	.2113729	.3593302	0
657.15	0	.4291907	.2115077	.3593016	0
656.15	0	.4290855	.2116415	.359273	0
655.15	0	.428981	.2117745	.3592445	0
654.15	0	.4288774	.2119065	.3592161	0
653.15	0	.4287747	.2120377	.3591876	0
652.15	0	.4286727	.2121681	.3591593	0
651.15	0	.4285715	.2122976	.3591309	0
650.15	0	.4284711	.2124263	.3591026	0
649.15	0	.4283715	.2125542	.3590743	0
648.15	0	.4282727	.2126813	.3590461	0
647.15	0	.4281745	.2128076	.3590178	0
646.15	0	.4280771	.2129332	.3589897	0
645.15	0	.4279804	.2130581	.3589615	0
644.15	0	.4278845	.2131822	.3589334	0
643.15	0	.4277892	.2133056	.3589052	0
642.15	0	.4276946	.2134283	.3588772	0
641.15	0	.4276006	.2135503	.3588491	0
640.15	0	.4275073	.2136716	.358821	0
639.15	0	.4274147	.2137923	.358793	0
638.15	0	.4273227	.2139123	.358765	0
637.15	0	.4272314	.2140316	.358737	0
636.15	0	.4271406	.2141503	.358709	0
635.15	0	.4270505	.2142684	.3586811	0
634.15	0	.426961	.2143859	.3586531	0
633.15	0	.426872	.2145027	.3586252	0
632.15	0	.4267837	.214619	.3585973	0
631.15	0	.4266959	.2147347	.3585694	0
630.15	0	.4266087	.2148498	.3585415	0
629.15	0	.426522	.2149644	.3585136	0
628.15	0	.4264359	.2150784	.3584858	0
627.15	0	.4263503	.2151918	.3584579	0
626.15	0	.4262653	.2153047	.35843	0
625.15	0	.4261808	.215417	.3584022	0
624.15	0	.4260968	.2155289	.3583744	0
623.15	0	.4260133	.2156402	.3583465	0
622.15	0	.4259303	.215751	.3583187	0
621.15	0	.4258478	.2158613	.3582909	0
620.15	0	.4257658	.2159711	.3582631	0
619.15	0	.4256843	.2160805	.3582353	0
618.15	0	.4256032	.2161893	.3582075	0
617.15	0	.4255226	.2162977	.3581797	0
616.15	0	.4254425	.2164056	.3581519	0
615.15	0	.4253629	.2165131	.3581241	0
614.15	0	.4252837	.2166201	.3580963	0
613.15	0	.4252049	.2167266	.3580685	0
612.15	0	.4251266	.2168327	.3580407	0
611.15	0	.4250487	.2169384	.3580129	0
610.15	0	.4249712	.2170436	.3579852	0
609.15	0	.4248942	.2171485	.3579574	0
608.15	0	.4248175	.2172529	.3579296	0
607.15	0	.4247413	.2173569	.3579018	0
606.15	0	.4246655	.2174604	.357874	0
605.15	0	.4245901	.2175636	.3578463	0
604.15	0	.4245151	.2176664	.3578185	0
603.15	0	.4244405	.2177688	.3577907	0
602.15	0	.4243662	.2178708	.3577629	0
601.15	0	.4242924	.2179725	.3577352	0
600.15	0	.4242189	.2180737	.3577074	0
599.15	0	.4241458	.2181746	.3576796	0
598.15	0	.4240731	.2182751	.3576518	0
597.15	0	.4240007	.2183753	.357624	0
596.15	0	.4239287	.218475	.3575963	0
595.15	0	.4238571	.2185745	.3575685	0
594.15	0	.4237857	.2186736	.3575407	0
593.15	0	.4237148	.2187723	.3575129	0
592.15	0	.4236442	.2188707	.3574851	0
591.15	0	.4235739	.2189687	.3574574	0
590.15	0	.423504	.2190664	.3574296	0
589.15	0	.4234344	.2191638	.3574018	0
588.15	0	.4233651	.2192609	.357374	0
587.15	0	.4232962	.2193576	.3573462	0
586.15	0	.4232276	.219454	.3573184	0
585.15	0	.4231593	.2195501	.3572906	0
584.15	0	.4230913	.2196459	.3572629	0
583.15	0	.4230236	.2197413	.3572351	0
582.15	0	.4229562	.2198365	.3572073	0
581.15	0	.4228892	.2199313	.3571795	0
580.15	0	.4228224	.2200259	.3571517	0
579.15	0	.422756	.2201201	.3571239	0
578.15	0	.4226898	.2202141	.3570961	0
577.15	0	.422624	.2203077	.3570683	0
576.15	0	.4225584	.2204011	.3570405	0
575.15	0	.4224931	.2204941	.3570127	0
574.15	0	.4224281	.2205869	.356985	0
573.15	0	.4223634	.2206794	.3569572	0
572.15	0	.422299	.2207717	.3569294	0
571.15	0	.4222348	.2208636	.3569016	0
570.15	0	.4221709	.2209553	.3568738	0
569.15	0	.4221073	.2210466	.3568461	0
568.15	0	.422044	.2211378	.3568183	0
567.15	0	.4219809	.2212286	.3567905	0
566.15	0	.4219181	.2213192	.3567627	0
565.15	0	.4218556	.2214095	.356735	0
564.15	0	.4217933	.2214995	.3567072	0
563.15	0	.4217313	.2215893	.3566795	0
562.15	0	.4216695	.2216788	.3566517	0
561.15	0	.421608	.2217681	.3566239	0
560.15	0	.4215467	.2218571	.3565962	0
559.15	0	.4214857	.2219459	.3565684	0
558.15	0	.421425	.2220344	.3565407	0
557.15	0	.4213644	.2221226	.356513	0
556.15	0	.4213042	.2222106	.3564852	0
555.15	0	.4212441	.2222984	.3564575	0
554.15	0	.4211843	.2223859	.3564298	0
553.15	0	.4211248	.2224731	.3564021	0
552.15	0	.4210655	.2225601	.3563744	0
551.15	0	.4210064	.2226469	.3563467	0
550.15	0	.4209476	.2227335	.356319	0
549.15	0	.420889	.2228198	.3562913	0
548.15	0	.4208306	.2229058	.3562636	0
547.15	0	.4207724	.2229917	.3562359	0
546.15	0	.4207145	.2230773	.3562083	0
545.15	0	.4206568	.2231626	.3561806	0
544.15	0	.4205994	.2232477	.3561529	0
543.15	0	.4205422	.2233326	.3561252	0
542.15	0	.4204851	.2234173	.3560976	0
541.15	0	.4204283	.2235017	.35607	0
540.15	0	.4203717	.2235859	.3560424	0
539.15	0	.4203153	.2236699	.3560148	0
538.15	0	.4202591	.2237537	.3559872	0
537.15	0	.4202032	.2238372	.3559596	0
536.15	0	.4201474	.2239205	.355932	0
535.15	0	.4200919	.2240036	.3559045	0
534.15	0	.4200366	.2240865	.355877	0
533.15	0	.4199815	.2241691	.3558494	0
532.15	0	.4199266	.2242515	.3558219	0
531.15	0	.4198718	.2243337	.3557944	0
530.15	0	.4198173	.2244157	.3557669	0
529.15	0	.419763	.2244975	.3557395	0
528.15	0	.4197089	.2245791	.355712	0
527.15	0	.419655	.2246604	.3556846	0
526.15	0	.4196013	.2247415	.3556571	0
525.15	0	.4195478	.2248225	.3556297	0
524.15	0	.4194945	.2249032	.3556023	0
523.15	0	.4194414	.2249836	.355575	0
522.15	0	.4193885	.2250639	.3555476	0
521.15	0	.4193358	.225144	.3555203	0
520.15	0	.4192832	.2252238	.355493	0
519.15	0	.4192309	.2253035	.3554656	0
518.15	0	.4191787	.2253829	.3554384	0
517.15	0	.4191268	.2254621	.3554111	0
516.15	0	.419075	.2255412	.3553839	0
515.15	0	.4190234	.22562	.3553566	0
514.15	0	.418972	.2256986	.3553294	0
513.15	0	.4189208	.225777	.3553022	0
512.15	0	.4188698	.2258552	.3552751	0
511.15	0	.4188189	.2259331	.3552479	0
510.15	0	.4187683	.2260109	.3552208	0
509.15	0	.4187178	.2260885	.3551937	0
508.15	0	.4186675	.2261659	.3551666	0
507.15	0	.4186174	.226243	.3551396	0
506.15	0	.4185674	.22632	.3551126	0
505.15	0	.4185177	.2263968	.3550856	0
504.15	0	.4184681	.2264733	.3550586	0
503.15	0	.4184187	.2265497	.3550316	0
502.15	0	.4183695	.2266258	.3550047	0
501.15	0	.4183204	.2267018	.3549778	0
500.15	0	.4182715	.2267775	.354951	0
499.15	0	.4182229	.2268531	.3549241	0
498.15	0	.4181743	.2269284	.3548973	0
497.15	0	.418126	.2270035	.3548705	0
496.15	0	.4180778	.2270785	.3548437	0
495.15	0	.4180298	.2271532	.354817	0
494.15	0	.4179819	.2272278	.3547903	0
493.15	0	.4179343	.2273021	.3547636	0
492.15	0	.4178868	.2273763	.354737	0
491.15	0	.4178394	.2274502	.3547104	0
490.15	0	.4177923	.2275239	.3546838	0
489.15	0	.4177453	.2275975	.3546572	0
488.15	0	.4176984	.2276708	.3546307	0
487.15	0	.4176518	.227744	.3546042	0
486.15	0	.4176053	.2278169	.3545778	0
485.15	0	.417559	.2278897	.3545514	0
484.15	0	.4175128	.2279622	.354525	0
483.15	0	.4174668	.2280346	.3544986	0
482.15	0	.417421	.2281067	.3544723	0
481.15	0	.4173753	.2281787	.354446	0
480.15	0	.4173298	.2282504	.3544198	0
479.15	0	.4172844	.228322	.3543936	0
478.15	0	.4172392	.2283934	.3543674	0
477.15	0	.4171942	.2284645	.3543413	0
476.15	0	.4171494	.2285355	.3543152	0
475.15	0	.4171046	.2286063	.3542891	0
474.15	0	.4170601	.2286768	.3542631	0
473.15	0	.4170157	.2287472	.3542371	0
472.15	0	.4169715	.2288174	.3542111	0
471.15	0	.4169274	.2288874	.3541852	0
470.15	0	.4168835	.2289571	.3541594	0
469.15	0	.4168397	.2290267	.3541336	0
468.15	0	.4167961	.2290961	.3541078	0
467.15	0	.4167527	.2291653	.354082	0
466.15	0	.4167094	.2292343	.3540563	0
465.15	0	.4166663	.2293031	.3540307	0
464.15	0	.4166233	.2293717	.354005	0
463.15	0	.4165805	.22944	.3539795	0
462.15	0	.4165378	.2295082	.3539539	0
461.15	0	.4164953	.2295762	.3539285	0
460.15	0	.416453	.229644	.353903	0
459.15	0	.4164107	.2297116	.3538776	0
458.15	0	.4163687	.229779	.3538523	0
457.15	0	.4163268	.2298462	.353827	0
456.15	0	.416285	.2299132	.3538017	0
455.15	0	.4162434	.2299801	.3537765	0
454.15	0	.416202	.2300467	.3537513	0
453.15	0	.4161607	.2301131	.3537262	0
452.15	0	.4161196	.2301793	.3537012	0
451.15	0	.4160786	.2302453	.3536761	0
450.15	0	.4160377	.2303111	.3536512	0
449.15	0	.4159971	.2303767	.3536263	0
448.15	0	.4159565	.2304421	.3536014	0
447.15	0	.4159162	.2305072	.3535766	0
446.15	0	.415876	.2305721	.3535519	0
445.15	0	.4158359	.2306369	.3535272	0
444.15	0	.4157961	.2307014	.3535025	0
443.15	0	.4157564	.2307657	.353478	0
442.15	0	.4157168	.2308297	.3534535	0
441.15	0	.4156774	.2308936	.353429	0
440.15	0	.4156382	.2309572	.3534046	0
439.15	0	.4155992	.2310205	.3533803	0
438.15	0	.4155603	.2310837	.3533561	0
437.15	0	.4155216	.2311465	.3533319	0
436.15	0	.4154831	.2312092	.3533078	0
435.15	0	.4154447	.2312716	.3532837	0
434.15	0	.4154065	.2313337	.3532598	0
433.15	0	.4153685	.2313956	.3532359	0
432.15	0	.4153307	.2314572	.353212	0
431.15	0	.4152931	.2315186	.3531883	0
430.15	0	.4152556	.2315797	.3531646	0
429.15	0	.4152184	.2316406	.353141	0
428.15	0	.4151813	.2317012	.3531175	0
427.15	0	.4151444	.2317615	.3530941	0
426.15	0	.4151076	.2318216	.3530708	0
425.15	0	.4150711	.2318814	.3530475	0
424.15	0	.4150347	.231941	.3530243	0
423.15	0	.4149986	.2320002	.3530012	0
422.15	0	.4149626	.2320593	.3529782	0
421.15	0	.4149268	.232118	.3529552	0
420.15	0	.4148912	.2321765	.3529324	0
419.15	0	.4148557	.2322347	.3529096	0
418.15	0	.4148205	.2322926	.3528869	0
417.15	0	.4147854	.2323503	.3528643	0
416.15	0	.4147506	.2324076	.3528418	0
415.15	0	.4147159	.2324648	.3528194	0
414.15	0	.4146814	.2325216	.3527971	0
413.15	0	.414647	.2325782	.3527748	0
412.15	0	.4146129	.2326345	.3527526	0
411.15	0	.4145789	.2326905	.3527306	0
410.15	0	.4145452	.2327463	.3527086	0
409.15	0	.4145116	.2328017	.3526867	0
408.15	0	.4144781	.232857	.3526649	0
407.15	0	.4144449	.2329119	.3526432	0
406.15	0	.4144119	.2329666	.3526216	0
405.15	0	.414379	.233021	.3526	0
