T	 BPW(LIQUID)	BPW(BCC_A2)	BPW(FCC_A1)	BPW(LAVES_PHASE_C14)	BPW(NI3TI)
1473.15	0	1	0	0	0
1472.15	0	1	0	0	0
1471.15	0	1	0	0	0
1470.15	0	1	0	0	0
1469.15	0	1	0	0	0
1468.15	0	1	0	0	0
1467.15	0	1	0	0	0
1466.15	0	1	0	0	0
1465.15	0	1	0	0	0
1464.15	0	1	0	0	0
1463.15	0	1	0	0	0
1462.15	0	1	0	0	0
1461.15	0	1	0	0	0
1460.15	0	1	0	0	0
1459.15	0	1	0	0	0
1458.15	0	1	0	0	0
1457.15	0	1	0	0	0
1456.15	0	1	0	0	0
1455.15	0	1	0	0	0
1454.15	0	1	0	0	0
1453.15	0	1	0	0	0
1452.15	0	1	0	0	0
1451.15	0	1	0	0	0
1450.15	0	1	0	0	0
1449.15	0	1	0	0	0
1448.15	0	1	0	0	0
1447.15	0	1	0	0	0
1446.15	0	1	0	0	0
1445.15	0	1	0	0	0
1444.15	0	1	0	0	0
1443.15	0	1	0	0	0
1442.15	0	1	0	0	0
1441.15	0	1	0	0	0
1440.15	0	1	0	0	0
1439.15	0	1	0	0	0
1438.15	0	1	0	0	0
1437.15	0	1	0	0	0
1436.15	0	1	0	0	0
1435.15	0	1	0	0	0
1434.15	0	1	0	0	0
1433.15	0	1	0	0	0
1432.15	0	1	0	0	0
1431.15	0	1	0	0	0
1430.15	0	1	0	0	0
1429.15	0	1	0	0	0
1428.15	0	1	0	0	0
1427.15	0	1	0	0	0
1426.15	0	1	0	0	0
1425.15	0	1	0	0	0
1424.15	0	1	0	0	0
1423.15	0	1	0	0	0
1422.15	0	1	0	0	0
1421.15	0	1	0	0	0
1420.15	0	1	0	0	0
1419.15	0	1	0	0	0
1418.15	0	1	0	0	0
1417.15	0	1	0	0	0
1416.15	0	1	0	0	0
1415.15	0	1	0	0	0
1414.15	0	1	0	0	0
1413.15	0	1	0	0	0
1412.15	0	1	0	0	0
1411.15	0	1	0	0	0
1410.15	0	1	0	0	0
1409.15	0	1	0	0	0
1408.15	0	1	0	0	0
1407.15	0	1	0	0	0
1406.15	0	1	0	0	0
1405.15	0	1	0	0	0
1404.15	0	1	0	0	0
1403.15	0	1	0	0	0
1402.15	0	1	0	0	0
1401.15	0	1	0	0	0
1400.15	0	1	0	0	0
1399.15	0	1	0	0	0
1398.15	0	1	0	0	0
1397.15	0	1	0	0	0
1396.15	0	1	0	0	0
1395.15	0	1	0	0	0
1394.15	0	1	0	0	0
1393.15	0	1	0	0	0
1392.15	0	1	0	0	0
1391.15	0	1	0	0	0
1390.15	0	1	0	0	0
1389.15	0	1	0	0	0
1388.15	0	1	0	0	0
1387.15	0	1	0	0	0
1386.15	0	1	0	0	0
1385.15	0	1	0	0	0
1384.15	0	1	0	0	0
1383.15	0	1	0	0	0
1382.15	0	1	0	0	0
1381.15	0	1	0	0	0
1380.15	0	1	0	0	0
1379.15	0	1	0	0	0
1378.15	0	1	0	0	0
1377.15	0	1	0	0	0
1376.15	0	1	0	0	0
1375.15	0	1	0	0	0
1374.15	0	1	0	0	0
1373.15	0	1	0	0	0
1372.15	0	1	0	0	0
1371.15	0	1	0	0	0
1370.15	0	1	0	0	0
1369.15	0	1	0	0	0
1368.15	0	1	0	0	0
1367.15	0	1	0	0	0
1366.15	0	1	0	0	0
1365.15	0	1	0	0	0
1364.15	0	1	0	0	0
1363.15	0	1	0	0	0
1362.15	0	1	0	0	0
1361.15	0	1	0	0	0
1360.15	0	1	0	0	0
1359.15	0	1	0	0	0
1358.15	0	1	0	0	0
1357.15	0	1	0	0	0
1356.15	0	1	0	0	0
1355.15	0	1	0	0	0
1354.15	0	1	0	0	0
1353.15	0	1	0	0	0
1352.15	0	1	0	0	0
1351.15	0	1	0	0	0
1350.15	0	1	0	0	0
1349.15	0	1	0	0	0
1348.15	0	1	0	0	0
1347.15	0	1	0	0	0
1346.15	0	1	0	0	0
1345.15	0	1	0	0	0
1344.15	0	1	0	0	0
1343.15	0	1	0	0	0
1342.15	0	1	0	0	0
1341.15	0	1	0	0	0
1340.15	0	1	0	0	0
1339.15	0	1	0	0	0
1338.15	0	1	0	0	0
1337.15	0	1	0	0	0
1336.15	0	1	0	0	0
1335.15	0	1	0	0	0
1334.15	0	1	0	0	0
1333.15	0	1	0	0	0
1332.15	0	1	0	0	0
1331.15	0	1	0	0	0
1330.15	0	1	0	0	0
1329.15	0	1	0	0	0
1328.15	0	1	0	0	0
1327.15	0	1	0	0	0
1326.15	0	1	0	0	0
1325.15	0	1	0	0	0
1324.15	0	1	0	0	0
1323.15	0	1	0	0	0
1322.15	0	1	0	0	0
1321.15	0	1	0	0	0
1320.15	0	1	0	0	0
1319.15	0	1	0	0	0
1318.15	0	1	0	0	0
1317.15	0	1	0	0	0
1316.15	0	1	0	0	0
1315.15	0	1	0	0	0
1314.15	0	1	0	0	0
1313.15	0	1	0	0	0
1312.15	0	1	0	0	0
1311.15	0	1	0	0	0
1310.15	0	1	0	0	0
1309.15	0	1	0	0	0
1308.15	0	1	0	0	0
1307.15	0	1	0	0	0
1306.15	0	1	0	0	0
1305.15	0	1	0	0	0
1304.15	0	1	0	0	0
1303.15	0	1	0	0	0
1302.15	0	1	0	0	0
1301.15	0	1	0	0	0
1300.15	0	1	0	0	0
1299.15	0	1	0	0	0
1298.15	0	1	0	0	0
1297.15	0	1	0	0	0
1296.15	0	1	0	0	0
1295.15	0	1	0	0	0
1294.15	0	1	0	0	0
1293.15	0	1	0	0	0
1292.15	0	1	0	0	0
1291.15	0	1	0	0	0
1290.15	0	1	0	0	0
1289.15	0	1	0	0	0
1288.15	0	1	0	0	0
1287.15	0	1	0	0	0
1286.15	0	1	0	0	0
1285.15	0	1	0	0	0
1284.15	0	1	0	0	0
1283.15	0	1	0	0	0
1282.15	0	1	0	0	0
1281.15	0	1	0	0	0
1280.15	0	1	0	0	0
1279.15	0	1	0	0	0
1278.15	0	1	0	0	0
1277.15	0	1	0	0	0
1276.15	0	1	0	0	0
1275.15	0	1	0	0	0
1274.15	0	1	0	0	0
1273.15	0	1	0	0	0
1272.15	0	1	0	0	0
1271.15	0	1	0	0	0
1270.15	0	1	0	0	0
1269.15	0	1	0	0	0
1268.15	0	1	0	0	0
1267.15	0	1	0	0	0
1266.15	0	1	0	0	0
1265.15	0	1	0	0	0
1264.15	0	1	0	0	0
1263.15	0	1	0	0	0
1262.15	0	1	0	0	0
1261.15	0	1	0	0	0
1260.15	0	1	0	0	0
1259.15	0	1	0	0	0
1258.15	0	1	0	0	0
1257.15	0	1	0	0	0
1256.15	0	1	0	0	0
1255.15	0	1	0	0	0
1254.15	0	1	0	0	0
1253.15	0	1	0	0	0
1252.15	0	1	0	0	0
1251.15	0	1	0	0	0
1250.15	0	1	0	0	0
1249.15	0	1	0	0	0
1248.15	0	1	0	0	0
1247.15	0	1	0	0	0
1246.15	0	1	0	0	0
1245.15	0	1	0	0	0
1244.15	0	1	0	0	0
1243.15	0	1	0	0	0
1242.15	0	1	0	0	0
1241.15	0	1	0	0	0
1240.15	0	1	0	0	0
1239.15	0	1	0	0	0
1238.15	0	1	0	0	0
1237.15	0	1	0	0	0
1236.15	0	1	0	0	0
1235.15	0	1	0	0	0
1234.15	0	1	0	0	0
1233.15	0	1	0	0	0
1232.15	0	1	0	0	0
1231.15	0	1	0	0	0
1230.15	0	1	0	0	0
1229.15	0	1	0	0	0
1228.15	0	1	0	0	0
1227.15	0	1	0	0	0
1226.15	0	1	0	0	0
1225.15	0	1	0	0	0
1224.15	0	1	0	0	0
1223.15	0	1	0	0	0
1222.15	0	1	0	0	0
1221.15	0	1	0	0	0
1220.15	0	1	0	0	0
1219.15	0	1	0	0	0
1218.15	0	1	0	0	0
1217.15	0	1	0	0	0
1216.15	0	1	0	0	0
1215.15	0	1	0	0	0
1214.15	0	1	0	0	0
1213.15	0	1	0	0	0
1212.15	0	1	0	0	0
1211.15	0	1	0	0	0
1210.15	0	1	0	0	0
1209.15	0	1	0	0	0
1208.15	0	1	0	0	0
1207.15	0	1	0	0	0
1206.15	0	1	0	0	0
1205.15	0	1	0	0	0
1204.15	0	1	0	0	0
1203.15	0	1	0	0	0
1202.15	0	1	0	0	0
1201.15	0	1	0	0	0
1200.15	0	1	0	0	0
1199.15	0	1	0	0	0
1198.15	0	1	0	0	0
1197.15	0	1	0	0	0
1196.15	0	1	0	0	0
1195.15	0	1	0	0	0
1194.15	0	1	0	0	0
1193.15	0	1	0	0	0
1192.15	0	1	0	0	0
1191.15	0	1	0	0	0
1190.15	0	1	0	0	0
1189.15	0	1	0	0	0
1188.15	0	1	0	0	0
1187.15	0	1	0	0	0
1186.15	0	1	0	0	0
1185.15	0	1	0	0	0
1184.15	0	1	0	0	0
1183.15	0	1	0	0	0
1182.15	0	1	0	0	0
1181.15	0	1	0	0	0
1180.15	0	1	0	0	0
1179.15	0	1	0	0	0
1178.15	0	1	0	0	0
1177.15	0	1	0	0	0
1176.15	0	1	0	0	0
1175.15	0	1	0	0	0
1174.15	0	1	0	0	0
1173.15	0	1	0	0	0
1172.15	0	1	0	0	0
1171.15	0	1	0	0	0
1170.15	0	1	0	0	0
1169.15	0	1	0	0	0
1168.15	0	1	0	0	0
1167.15	0	1	0	0	0
1166.15	0	1	0	0	0
1165.15	0	1	0	0	0
1164.15	0	1	0	0	0
1163.15	0	1	0	0	0
1162.15	0	1	0	0	0
1161.15	0	1	0	0	0
1160.15	0	1	0	0	0
1159.15	0	1	0	0	0
1158.15	0	1	0	0	0
1157.15	0	1	0	0	0
1156.15	0	1	0	0	0
1155.15	0	1	0	0	0
1154.15	0	1	0	0	0
1153.15	0	1	0	0	0
1152.15	0	1	0	0	0
1151.15	0	1	0	0	0
1150.15	0	1	0	0	0
1149.15	0	1	0	0	0
1148.15	0	1	0	0	0
1147.15	0	1	0	0	0
1146.15	0	1	0	0	0
1145.15	0	1	0	0	0
1144.15	0	1	0	0	0
1143.15	0	1	0	0	0
1142.15	0	1	0	0	0
1141.15	0	1	0	0	0
1140.15	0	1	0	0	0
1139.15	0	1	0	0	0
1138.15	0	1	0	0	0
1137.15	0	1	0	0	0
1136.15	0	1	0	0	0
1135.15	0	1	0	0	0
1134.15	0	1	0	0	0
1133.15	0	1	0	0	0
1132.15	0	1	0	0	0
1131.15	0	1	0	0	0
1130.15	0	1	0	0	0
1129.15	0	1	0	0	0
1128.15	0	1	0	0	0
1127.15	0	1	0	0	0
1126.15	0	1	0	0	0
1125.15	0	1	0	0	0
1124.15	0	1	0	0	0
1123.15	0	1	0	0	0
1122.15	0	1	0	0	0
1121.15	0	1	0	0	0
1120.15	0	1	0	0	0
1119.15	0	1	0	0	0
1118.15	0	1	0	0	0
1117.15	0	1	0	0	0
1116.15	0	1	0	0	0
1115.15	0	1	0	0	0
1114.15	0	1	0	0	0
1113.15	0	1	0	0	0
1112.15	0	1	0	0	0
1111.15	0	1	0	0	0
1110.15	0	1	0	0	0
1109.15	0	1	0	0	0
1108.15	0	1	0	0	0
1107.15	0	1	0	0	0
1106.15	0	1	0	0	0
1105.15	0	1	0	0	0
1104.15	0	1	0	0	0
1103.15	0	1	0	0	0
1102.15	0	1	0	0	0
1101.15	0	1	0	0	0
1100.615	0	1	0	0	0
1100.615	0	1	0	0	0
1100.615	0	1	0	0	0
1100.15	0	.9997923	0	2.076803E-04	0
1099.15	0	.9993462	0	6.537708E-04	0
1098.15	0	.9989011	0	.001098911	0
1097.15	0	.9984569	0	.001543103	0
1096.15	0	.9980137	0	.001986348	0
1095.15	0	.9975713	0	.002428649	0
1094.15	0	.99713	0	.002870006	0
1093.15	0	.9966896	0	.003310422	0
1092.15	0	.9962501	0	.003749898	0
1091.15	0	.9958116	0	.004188436	0
1090.15	0	.995374	0	.004626038	0
1089.15	0	.9949373	0	.005062706	0
1088.15	0	.9945016	0	.00549844	0
1087.15	0	.9940668	0	.005933243	0
1086.15	0	.9936329	0	.006367116	0
1085.15	0	.9931999	0	.006800062	0
1084.15	0	.9927679	0	.007232081	0
1083.15	0	.9923368	0	.007663175	0
1082.15	0	.9919067	0	.008093346	0
1081.15	0	.9914774	0	.008522596	0
1080.15	0	.9910491	0	.008950926	0
1079.15	0	.9906217	0	.009378338	0
1078.15	0	.9901952	0	.009804834	0
1077.15	0	.9897696	0	.01023041	0
1076.15	0	.9893449	0	.01065508	0
1075.15	0	.9889212	0	.01107884	0
1074.15	0	.9884983	0	.01150168	0
1073.15	0	.9880764	0	.01192362	0
1072.15	0	.9876554	0	.01234465	0
1071.15	0	.9872352	0	.01276477	0
1070.15	0	.986816	0	.01318399	0
1069.15	0	.9863977	0	.01360231	0
1068.15	0	.9859803	0	.01401972	0
1067.15	0	.9855638	0	.01443624	0
1066.15	0	.9851481	0	.01485186	0
1065.15	0	.9847334	0	.01526658	0
1064.15	0	.9843196	0	.01568041	0
1063.15	0	.9839067	0	.01609334	0
1062.15	0	.9834946	0	.01650538	0
1061.15	0	.9830835	0	.01691653	0
1060.15	0	.9826732	0	.01732679	0
1059.15	0	.9822638	0	.01773617	0
1058.15	0	.9818553	0	.01814466	0
1057.15	0	.9814477	0	.01855226	0
1056.15	0	.981041	0	.01895898	0
1055.15	0	.9806352	0	.01936482	0
1054.15	0	.9802302	0	.01976978	0
1053.15	0	.9798261	0	.02017386	0
1052.15	0	.9794229	0	.02057706	0
1051.15	0	.9790206	0	.02097938	0
1050.15	0	.9786192	0	.02138084	0
1049.15	0	.9782186	0	.02178141	0
1048.15	0	.9778189	0	.02218112	0
1047.15	0	.97742	0	.02257995	0
1046.15	0	.9770221	0	.02297792	0
1045.15	0	.976625	0	.02337502	0
1044.15	0	.9762287	0	.02377125	0
1043.15	0	.9758334	0	.02416662	0
1042.15	0	.9754389	0	.02456112	0
1041.15	0	.9750452	0	.02495476	0
1040.15	0	.9746525	0	.02534754	0
1039.15	0	.9742605	0	.02573946	0
1038.15	0	.9738695	0	.02613052	0
1037.15	0	.9734793	0	.02652072	0
1036.15	0	.9730899	0	.02691007	0
1035.15	0	.9727014	0	.02729856	0
1034.15	0	.9723138	0	.0276862	0
1033.15	0	.971927	0	.02807299	0
1032.15	0	.9715411	0	.02845893	0
1031.15	0	.971156	0	.02884401	0
1030.15	0	.9707717	0	.02922825	0
1029.15	0	.9703884	0	.02961164	0
1028.15	0	.9700058	0	.02999419	0
1027.15	0	.9696241	0	.03037589	0
1026.15	0	.9692433	0	.03075675	0
1025.15	0	.9688632	0	.03113677	0
1024.15	0	.9684841	0	.03151595	0
1023.15	0	.9681057	0	.03189429	0
1022.15	0	.9677282	0	.03227178	0
1021.15	0	.9673516	0	.03264845	0
1020.15	0	.9669757	0	.03302427	0
1019.15	0	.9666007	0	.03339926	0
1018.15	0	.9662266	0	.03377342	0
1017.15	0	.9658532	0	.03414675	0
1016.15	0	.9654808	0	.03451924	0
1015.15	0	.9651091	0	.03489091	0
1014.15	0	.9647383	0	.03526174	0
1013.15	0	.9643683	0	.03563175	0
1012.15	0	.9639991	0	.03600093	0
1011.15	0	.9636307	0	.03636929	0
1010.15	0	.9632632	0	.03673682	0
1009.15	0	.9628965	0	.03710353	0
1008.15	0	.9625306	0	.03746942	0
1007.15	0	.9621655	0	.03783449	0
1006.15	0	.9618013	0	.03819874	0
1005.15	0	.9614378	0	.03856217	0
1004.15	0	.9610752	0	.03892478	0
1003.15	0	.9607134	0	.03928657	0
1002.15	0	.9603525	0	.03964756	0
1001.15	0	.9599923	0	.04000772	0
1000.15	0	.9596329	0	.04036708	0
999.15	0	.9592744	0	.04072562	0
998.15	0	.9589166	0	.04108335	0
997.15	0	.9585597	0	.04144027	0
996.15	0	.9582036	0	.04179638	0
995.15	0	.9578483	0	.04215169	0
994.15	0	.9574938	0	.04250619	0
993.15	0	.9571401	0	.04285988	0
992.15	0	.9567872	0	.04321277	0
991.15	0	.9564352	0	.04356485	0
990.15	0	.9560839	0	.04391614	0
989.15	0	.9557334	0	.04426662	0
988.15	0	.9553837	0	.0446163	0
987.15	0	.9550348	0	.04496518	0
986.15	0	.9546867	0	.04531327	0
985.15	0	.9543394	0	.04566055	0
984.15	0	.9539929	0	.04600705	0
983.15	0	.9536473	0	.04635274	0
982.15	0	.9533024	0	.04669764	0
981.15	0	.9529583	0	.04704175	0
980.15	0	.9526149	0	.04738507	0
979.15	0	.9522724	0	.04772759	0
978.15	0	.9519307	0	.04806933	0
977.15	0	.9515897	0	.04841027	0
976.15	0	.9512496	0	.04875043	0
975.15	0	.9509102	0	.0490898	0
974.15	0	.9505716	0	.04942838	0
973.15	0	.9502338	0	.04976618	0
972.15	0	.9498968	0	.0501032	0
971.15	0	.9495606	0	.05043943	0
970.15	0	.9492251	0	.05077488	0
969.15	0	.9488905	0	.05110954	0
968.15	0	.9485566	0	.05144343	0
967.15	0	.9482235	0	.05177654	0
966.15	0	.9478911	0	.05210886	0
965.15	0	.9475596	0	.05244041	0
964.15	0	.9472288	0	.05277119	0
963.15	0	.9468988	0	.05310118	0
962.15	0	.9465696	0	.05343041	0
961.15	0	.9462412	0	.05375885	0
960.15	0	.9459135	0	.05408653	0
959.15	0	.9455866	0	.05441343	0
958.15	0	.9452604	0	.05473956	0
957.15	0	.9449351	0	.05506492	0
956.15	0	.9446105	0	.05538951	0
955.15	0	.9442867	0	.05571333	0
954.15	0	.9439636	0	.05603639	0
953.15	0	.9436413	0	.05635867	0
952.15	0	.9433198	0	.05668019	0
951.15	0	.9429991	0	.05700095	0
950.15	0	.9426791	0	.05732094	0
949.15	0	.9423598	0	.05764017	0
948.15	0	.9420414	0	.05795863	0
947.15	0	.9417237	0	.05827634	0
946.15	0	.9414067	0	.05859328	0
945.15	0	.9410905	0	.05890946	0
944.15	0	.9407751	0	.05922488	0
943.15	0	.9404605	0	.05953955	0
942.15	0	.9401466	0	.05985345	0
941.15	0	.9398334	0	.06016661	0
940.15	0	.939521	0	.060479	0
939.15	0	.9392094	0	.06079064	0
938.15	0	.9388985	0	.06110153	0
937.15	0	.9385883	0	.06141166	0
936.15	0	.938279	0	.06172104	0
935.15	0	.9379703	0	.06202967	0
934.15	0	.9376625	0	.06233754	0
933.15	0	.9373553	0	.06264467	0
932.15	0	.9370489	0	.06295105	0
931.15	0	.9367433	0	.06325668	0
930.15	0	.9364384	0	.06356156	0
929.15	0	.9361343	0	.0638657	0
928.15	0	.9358309	0	.06416909	0
927.15	0	.9355283	0	.06447173	0
926.15	0	.9352264	0	.06477363	0
925.15	0	.9349252	0	.06507479	0
924.15	0	.9346248	0	.0653752	0
923.15	0	.9343251	0	.06567488	0
922.15	0	.9340262	0	.06597381	0
921.15	0	.933728	0	.066272	0
920.15	0	.9334305	0	.06656945	0
919.15	0	.9331338	0	.06686617	0
918.15	0	.9328379	0	.06716214	0
917.15	0	.9325426	0	.06745738	0
916.15	0	.9322481	0	.06775188	0
915.15	0	.9319544	0	.06804565	0
914.15	0	.9316613	0	.06833868	0
913.15	0	.931369	0	.06863098	0
912.15	0	.9310775	0	.06892255	0
911.15	0	.9307866	0	.06921338	0
910.15	0	.9304965	0	.06950348	0
909.15	0	.9302072	0	.06979285	0
908.15	0	.9299185	0	.0700815	0
907.15	0	.9296306	0	.07036941	0
906.15	0	.9293434	0	.07065659	0
905.15	0	.929057	0	.07094305	0
904.15	0	.9287712	0	.07122878	0
903.15	0	.9284862	0	.07151379	0
902.15	0	.9282019	0	.07179807	0
901.15	0	.9279184	0	.07208162	0
900.15	0	.9276355	0	.07236446	0
899.15	0	.9273534	0	.07264656	0
898.8857	0	.927279	0	.07272101	0
898.8857	0	.927279	0	.07272101	0
898.8857	0	.927279	0	.07272101	0
898.15	0	.9265288	6.049132E-04	.0728663	0
897.15	0	.9255105	.001426921	.07306255	0
896.15	0	.924494	.002248692	.07325735	0
895.15	0	.923479	.003070271	.07345069	0
894.15	0	.9224657	.003891706	.07364257	0
893.15	0	.921454	.004713046	.07383296	0
892.15	0	.9204438	.005534342	.07402185	0
891.15	0	.9194351	.006355646	.07420924	0
890.15	0	.9184279	.007177011	.0743951	0
889.15	0	.9174221	.007998493	.07457942	0
888.15	0	.9164177	.00882015	.0747622	0
887.15	0	.9154146	.009642041	.07494341	0
886.15	0	.9144127	.01046423	.07512304	0
885.15	0	.9134122	.01128677	.07530107	0
884.15	0	.9124128	.01210973	.07547749	0
883.15	0	.9114145	.01293319	.07565228	0
882.15	0	.9104174	.0137572	.07582543	0
881.15	0	.9094212	.01458185	.07599691	0
880.15	0	.9084261	.0154072	.07616672	0
879.15	0	.9074319	.01623332	.07633483	0
878.15	0	.9064385	.01706031	.07650122	0
877.15	0	.9054459	.01788825	.07666588	0
876.15	0	.904454	.0187172	.07682878	0
875.15	0	.9034628	.01954727	.07698992	0
874.15	0	.9024722	.02037854	.07714925	0
873.15	0	.9014821	.02121111	.07730677	0
872.15	0	.9004925	.02204507	.07746246	0
871.15	0	.8995032	.02288052	.07761628	0
870.15	0	.8985142	.02371756	.07776822	0
869.15	0	.8975254	.0245563	.07791826	0
868.15	0	.8965368	.02539686	.07806636	0
867.15	0	.8955481	.02623934	.07821251	0
866.15	0	.8945595	.02708387	.07835667	0
865.15	0	.8935706	.02793056	.07849883	0
864.15	0	.8925815	.02877955	.07863895	0
863.15	0	.891592	.02963096	.078777	0
862.15	0	.8906021	.03048494	.07891296	0
861.15	0	.8896116	.03134162	.0790468	0
860.15	0	.8886204	.03220115	.07917848	0
859.15	0	.8876283	.03306369	.07930796	0
858.15	0	.8866354	.0339294	.07943523	0
857.15	0	.8856413	.03479843	.07956024	0
856.15	0	.8846461	.03567096	.07968295	0
855.15	0	.8836495	.03654718	.07980333	0
854.15	0	.8826514	.03742726	.07992134	0
853.15	0	.8816517	.0383114	.08003693	0
852.15	0	.8806501	.0391998	.08015007	0
851.15	0	.8796466	.04009268	.08026072	0
850.15	0	.8786409	.04099025	.08036882	0
849.15	0	.8776329	.04189275	.08047433	0
848.15	0	.8766224	.04280041	.0805772	0
847.15	0	.8756092	.04371348	.08067737	0
846.15	0	.874593	.04463222	.0807748	0
845.15	0	.8735736	.04555692	.08086943	0
844.15	0	.8725509	.04648785	.08096119	0
843.15	0	.8715246	.04742533	.08105004	0
842.15	0	.8704945	.04836966	.08113589	0
841.15	0	.8694601	.04932118	.08121869	0
840.15	0	.8684214	.05028024	.08129836	0
839.15	0	.867378	.05124721	.08137483	0
838.15	0	.8663295	.05222248	.08144801	0
837.15	0	.8652757	.05320645	.08151784	0
836.15	0	.8642162	.05419956	.08158421	0
835.15	0	.8631507	.05520227	.08164704	0
834.15	0	.8620787	.05621505	.08170623	0
833.15	0	.8609999	.05723843	.08176167	0
832.15	0	.8599138	.05827294	.08181326	0
831.15	0	.8588199	.05931917	.08186088	0
830.15	0	.8577179	.06037773	.0819044	0
829.15	0	.856607	.06144928	.0819437	0
828.15	0	.8554869	.06253452	.08197863	0
827.15	0	.8543567	.0636342	.08200905	0
826.15	0	.8532161	.06474912	.08203479	0
825.15	0	.8520642	.06588015	.08205568	0
824.15	0	.8509003	.06702821	.08207153	0
823.15	0	.8497235	.06819431	.08208215	0
822.15	0	.8485332	.06937953	.08208731	0
821.15	0	.8473282	.07058504	.0820868	0
820.15	0	.8461075	.07181211	.08208034	0
819.15	0	.8448702	.07306214	.08206768	0
818.15	0	.8430252	.0750146	.08196022	0
817.15	0	.8411177	.07704577	.0818365	0
816.15	0	.8392785	.07900522	.08171626	0
815.15	0	.8375038	.08089681	.08159936	0
814.15	0	.8357902	.08272414	.08148568	0
813.15	0	.8341343	.0844906	.0813751	0
812.15	0	.8325332	.08619933	.08126747	0
811.15	0	.830984	.08785328	.08116269	0
810.15	0	.8294842	.08945521	.08106064	0
809.15	0	.8280311	.0910077	.0809612	0
808.15	0	.8266226	.09251316	.08086425	0
807.15	0	.8252564	.09397387	.08076969	0
806.15	0	.8239306	.09539195	.08067742	0
805.15	0	.8226433	.09676938	.08058733	0
804.15	0	.8213926	.09810805	.08049934	0
803.15	0	.8201769	.09940972	.08041334	0
802.15	0	.8189947	.100676	.08032926	0
801.15	0	.8178444	.1019086	.08024701	0
800.15	0	.8167247	.1031088	.0801665	0
799.15	0	.8156343	.1042781	.08008767	0
798.15	0	.8145718	.1054177	.08001044	0
797.15	0	.8135363	.106529	.07993475	0
796.15	0	.8125265	.107613	.07986051	0
795.15	0	.8115414	.108671	.07978768	0
794.15	0	.81058	.1097038	.07971619	0
793.15	0	.8096414	.1107126	.07964598	0
792.15	0	.8087247	.1116982	.07957701	0
791.15	0	.8078291	.1126617	.07950921	0
790.15	0	.8069538	.1136037	.07944253	0
789.15	0	.806098	.114525	.07937694	0
788.15	0	.805261	.1154266	.07931238	0
787.15	0	.8044421	.1163091	.07924881	0
786.15	0	.8036407	.1171731	.07918619	0
785.15	0	.8028561	.1180194	.07912447	0
784.15	0	.8020878	.1188485	.07906363	0
783.15	0	.8013352	.1196612	.07900363	0
782.15	0	.8005978	.1204578	.07894442	0
781.15	0	.799875	.1212391	.07888598	0
780.15	0	.7991663	.1220054	.07882828	0
779.15	0	.7984714	.1227573	.07877128	0
778.15	0	.7977897	.1234954	.07871496	0
777.15	0	.7971208	.1242199	.07865929	0
776.15	0	.7964656	.1249305	.07860394	0
775.15	0	.7958211	.1256294	.07854951	0
774.15	0	.7951881	.1263162	.07849565	0
773.15	0	.7945666	.1269911	.07844234	0
772.15	0	.7939559	.1276546	.07838956	0
771.15	0	.7933559	.1283069	.07833727	0
770.15	0	.7927661	.1289484	.07828548	0
769.15	0	.7921864	.1295795	.07823414	0
768.15	0	.7916164	.1302004	.07818325	0
767.15	0	.7910558	.1308114	.07813279	0
766.15	0	.7905043	.1314129	.07808273	0
765.15	0	.7899618	.1320051	.07803307	0
764.15	0	.7894279	.1325883	.07798379	0
763.15	0	.7889024	.1331627	.07793487	0
762.15	0	.7883851	.1337286	.07788629	0
761.15	0	.7878758	.1342862	.07783805	0
760.15	0	.7873741	.1348357	.07779013	0
759.15	0	.7868801	.1353774	.07774251	0
758.15	0	.7863933	.1359115	.07769519	0
757.15	0	.7859137	.1364382	.07764815	0
756.15	0	.785441	.1369576	.07760138	0
755.15	0	.7849751	.13747	.07755487	0
754.15	0	.7845158	.1379756	.07750861	0
753.15	0	.784063	.1384744	.07746258	0
752.15	0	.7836164	.1389668	.07741679	0
751.15	0	.783176	.1394528	.07737121	0
750.15	0	.7827415	.1399327	.07732584	0
749.15	0	.7823129	.1404065	.07728067	0
748.15	0	.7818899	.1408744	.0772357	0
747.15	0	.7814725	.1413366	.07719091	0
746.15	0	.7810605	.1417933	.07714629	0
745.15	0	.7806537	.1422444	.07710185	0
744.15	0	.7802522	.1426902	.07705756	0
743.15	0	.7798557	.1431309	.07701344	0
742.15	0	.7794641	.1435664	.07696945	0
741.15	0	.7790774	.143997	.07692561	0
740.15	0	.7786954	.1444227	.07688191	0
739.15	0	.7783179	.1448437	.07683833	0
738.15	0	.777945	.1452601	.07679488	0
737.15	0	.7775765	.1456719	.07675155	0
736.15	0	.7772123	.1460794	.07670832	0
735.15	0	.7768523	.1464825	.07666521	0
734.15	0	.7764965	.1468813	.07662219	0
733.15	0	.7761447	.147276	.07657928	0
732.15	0	.7757968	.1476667	.07653646	0
731.15	0	.7754528	.1480534	.07649372	0
730.15	0	.7751127	.1484363	.07645107	0
729.15	0	.7747762	.1488153	.0764085	0
728.15	0	.7744434	.1491906	.07636601	0
727.15	0	.7741141	.1495623	.07632359	0
726.15	0	.7737884	.1499304	.07628124	0
725.15	0	.773466	.150295	.07623895	0
724.15	0	.7731471	.1506562	.07619672	0
723.15	0	.7728314	.1510141	.07615456	0
722.15	0	.7725189	.1513686	.07611245	0
721.15	0	.7722097	.15172	.07607039	0
720.15	0	.7719035	.1520681	.07602838	0
719.15	0	.7716004	.1524132	.07598641	0
718.15	0	.7713003	.1527552	.07594449	0
717.15	0	.7710031	.1530943	.07590262	0
716.15	0	.7707088	.1534304	.07586078	0
715.15	0	.7704173	.1537637	.07581897	0
714.15	0	.7701286	.1540942	.07577721	0
713.15	0	.7698427	.1544218	.07573547	0
712.15	0	.7695594	.1547468	.07569376	0
711.15	0	.7692788	.1550692	.07565208	0
710.15	0	.7690007	.1553889	.07561043	0
709.15	0	.7687252	.155706	.0755688	0
708.15	0	.7684522	.1560206	.0755272	0
707.15	0	.7681816	.1563328	.07548561	0
706.15	0	.7679135	.1566425	.07544405	0
705.15	0	.7676477	.1569498	.0754025	0
704.15	0	.7673843	.1572547	.07536096	0
703.15	0	.7671232	.1575574	.07531944	0
702.15	0	.7668643	.1578578	.07527794	0
701.15	0	.7666076	.1581559	.07523644	0
700.15	0	.7663531	.1584519	.07519496	0
699.15	0	.7661008	.1587457	.07515349	0
698.15	0	.7658506	.1590374	.07511202	0
697.15	0	.7656025	.159327	.07507056	0
696.15	0	.7653564	.1596145	.07502911	0
695.15	0	.7651123	.1599	.07498766	0
694.15	0	.7648702	.1601836	.07494621	0
693.15	0	.7646301	.1604651	.07490477	0
692.15	0	.7643919	.1607448	.07486334	0
691.15	0	.7641556	.1610225	.0748219	0
690.15	0	.7639211	.1612984	.07478046	0
689.15	0	.7636885	.1615725	.07473903	0
688.15	0	.7634577	.1618447	.07469759	0
687.15	0	.7632287	.1621151	.07465615	0
686.15	0	.7630015	.1623838	.07461471	0
685.15	0	.762776	.1626508	.07457327	0
684.15	0	.7625522	.162916	.07453182	0
683.15	0	.76233	.1631796	.07449037	0
682.15	0	.7621096	.1634415	.07444892	0
681.15	0	.7618908	.1637018	.07440746	0
680.15	0	.7616735	.1639605	.074366	0
679.15	0	.7614579	.1642175	.07432454	0
678.15	0	.7612439	.1644731	.07428306	0
677.15	0	.7610314	.164727	.07424159	0
676.15	0	.7608204	.1649795	.0742001	0
675.15	0	.7606109	.1652305	.07415861	0
674.15	0	.760403	.1654799	.07411712	0
673.15	0	.7601965	.1657279	.07407562	0
672.15	0	.7599914	.1659745	.07403411	0
671.15	0	.7597878	.1662196	.07399259	0
670.15	0	.7595855	.1664634	.07395107	0
669.15	0	.7593847	.1667058	.07390954	0
668.15	0	.7591853	.1669468	.07386801	0
667.15	0	.7589872	.1671864	.07382646	0
666.15	0	.7587904	.1674247	.07378491	0
665.15	0	.758595	.1676617	.07374335	0
664.15	0	.7584008	.1678974	.07370179	0
663.15	0	.758208	.1681318	.07366022	0
662.15	0	.7580164	.1683649	.07361864	0
661.15	0	.7578262	.1685968	.07357705	0
660.15	0	.7576371	.1688274	.07353546	0
659.15	0	.7574493	.1690569	.07349386	0
658.15	0	.7572627	.1692851	.07345226	0
657.15	0	.7570773	.1695121	.07341064	0
656.15	0	.756893	.1697379	.07336903	0
655.15	0	.75671	.1699626	.0733274	0
654.15	0	.7565281	.1701861	.07328577	0
653.15	0	.7563474	.1704085	.07324414	0
652.15	0	.7561678	.1706297	.0732025	0
651.15	0	.7559893	.1708499	.07316085	0
650.15	0	.7558119	.1710689	.0731192	0
649.15	0	.7556356	.1712868	.07307754	0
648.15	0	.7554605	.1715037	.07303589	0
647.15	0	.7552863	.1717194	.07299422	0
646.15	0	.7551133	.1719342	.07295255	0
645.15	0	.7549413	.1721479	.07291088	0
644.15	0	.7547703	.1723605	.07286921	0
643.15	0	.7546004	.1725721	.07282753	0
642.15	0	.7544314	.1727827	.07278585	0
641.15	0	.7542635	.1729923	.07274417	0
640.15	0	.7540966	.1732009	.07270249	0
639.15	0	.7539307	.1734085	.07266081	0
638.15	0	.7537657	.1736152	.07261912	0
637.15	0	.7536017	.1738209	.07257744	0
636.15	0	.7534387	.1740256	.07253575	0
635.15	0	.7532766	.1742294	.07249407	0
634.15	0	.7531154	.1744322	.07245238	0
633.15	0	.7529552	.1746341	.0724107	0
632.15	0	.7527959	.1748351	.07236902	0
631.15	0	.7526375	.1750352	.07232734	0
630.15	0	.75248	.1752343	.07228567	0
629.15	0	.7523234	.1754326	.072244	0
628.15	0	.7521677	.17563	.07220233	0
627.15	0	.7520128	.1758265	.07216066	0
626.15	0	.7518589	.1760221	.072119	0
625.15	0	.7517058	.1762169	.07207735	0
624.15	0	.7515535	.1764108	.0720357	0
623.15	0	.7514021	.1766039	.07199406	0
622.15	0	.7512515	.1767961	.07195242	0
621.15	0	.7511018	.1769874	.07191079	0
620.15	0	.7509528	.177178	.07186917	0
619.15	0	.7508047	.1773677	.07182756	0
618.15	0	.7506574	.1775566	.07178596	0
617.15	0	.7505109	.1777447	.07174437	0
616.15	0	.7503652	.177932	.07170278	0
615.15	0	.7502203	.1781185	.07166121	0
614.15	0	.7500762	.1783042	.07161965	0
613.15	0	.7499328	.1784891	.0715781	0
612.15	0	.7497902	.1786732	.07153656	0
611.15	0	.7496484	.1788566	.07149504	0
610.15	0	.7495073	.1790392	.07145353	0
609.15	0	.749367	.179221	.07141203	0
608.15	0	.7492274	.1794021	.07137055	0
607.15	0	.7490886	.1795824	.07132909	0
606.15	0	.7489504	.1797619	.07128764	0
605.15	0	.7488131	.1799408	.0712462	0
604.15	0	.7486764	.1801188	.07120479	0
603.15	0	.7485404	.1802962	.07116339	0
602.15	0	.7484052	.1804728	.07112201	0
601.15	0	.7482706	.1806487	.07108065	0
600.15	0	.7481368	.1808239	.07103931	0
599.15	0	.7480037	.1809984	.07099799	0
598.15	0	.7478712	.1811721	.07095669	0
597.15	0	.7477394	.1813452	.07091541	0
596.15	0	.7476083	.1815175	.07087416	0
595.15	0	.7474779	.1816892	.07083293	0
594.15	0	.7473481	.1818602	.07079172	0
593.15	0	.747219	.1820304	.07075054	0
592.15	0	.7470906	.1822	.07070938	0
591.15	0	.7469628	.1823689	.07066825	0
590.15	0	.7468357	.1825372	.07062714	0
589.15	0	.7467092	.1827047	.07058606	0
588.15	0	.7465833	.1828716	.07054501	0
587.15	0	.7464581	.1830379	.07050399	0
586.15	0	.7463336	.1832035	.070463	0
585.15	0	.7462096	.1833684	.07042203	0
584.15	0	.7460863	.1835326	.0703811	0
583.15	0	.7459636	.1836962	.0703402	0
582.15	0	.7458415	.1838592	.07029933	0
581.15	0	.74572	.1840215	.07025849	0
580.15	0	.7455991	.1841832	.07021769	0
579.15	0	.7454789	.1843442	.07017692	0
578.15	0	.7453592	.1845046	.07013618	0
577.15	0	.7452401	.1846644	.07009548	0
576.15	0	.7451217	.1848235	.07005482	0
575.15	0	.7450038	.184982	.07001419	0
574.15	0	.7448865	.1851399	.0699736	0
573.15	0	.7447698	.1852972	.06993305	0
572.15	0	.7446536	.1854539	.06989254	0
571.15	0	.7445381	.1856099	.06985207	0
570.15	0	.744423	.1857653	.06981163	0
569.15	0	.7443086	.1859201	.06977124	0
568.15	0	.7441948	.1860743	.06973089	0
567.15	0	.7440815	.186228	.06969058	0
566.15	0	.7439687	.1863809	.06965032	0
565.15	0	.7438566	.1865334	.0696101	0
564.15	0	.7437449	.1866852	.06956993	0
563.15	0	.7436338	.1868364	.06952979	0
562.15	0	.7435233	.186987	.06948971	0
561.15	0	.7434133	.187137	.06944967	0
560.15	0	.7433039	.1872865	.06940968	0
559.15	0	.743195	.1874353	.06936974	0
558.15	0	.7430866	.1875836	.06932985	0
557.15	0	.7429787	.1877313	.06929001	0
556.15	0	.7428714	.1878784	.06925022	0
555.15	0	.7427646	.1880249	.06921047	0
554.15	0	.7426584	.1881709	.06917078	0
553.15	0	.7425526	.1883163	.06913115	0
552.15	0	.7424474	.1884611	.06909156	0
551.15	0	.7423427	.1886053	.06905203	0
550.15	0	.7422385	.188749	.06901256	0
549.15	0	.7421348	.1888921	.06897314	0
548.15	0	.7420316	.1890346	.06893378	0
547.15	0	.7419289	.1891766	.06889447	0
546.15	0	.7418268	.189318	.06885522	0
545.15	0	.7417251	.1894589	.06881603	0
544.15	0	.7416239	.1895992	.0687769	0
543.15	0	.7415233	.1897389	.06873783	0
542.15	0	.7414231	.1898781	.06869882	0
541.15	0	.7413234	.1900167	.06865987	0
540.15	0	.7412242	.1901548	.06862098	0
539.15	0	.7411255	.1902923	.06858215	0
538.15	0	.7410273	.1904293	.06854339	0
537.15	0	.7409296	.1905658	.06850469	0
536.15	0	.7408323	.1907016	.06846606	0
535.15	0	.7407355	.190837	.0684275	0
534.15	0	.7406392	.1909718	.068389	0
533.15	0	.7405434	.191106	.06835056	0
532.15	0	.7404481	.1912398	.06831219	0
531.15	0	.7403532	.1913729	.0682739	0
530.15	0	.7402588	.1915056	.06823567	0
529.15	0	.7401648	.1916377	.06819751	0
528.15	0	.7400713	.1917692	.06815943	0
527.15	0	.7399783	.1919003	.06812141	0
526.15	0	.7398858	.1920308	.06808346	0
525.15	0	.7397937	.1921607	.0680456	0
524.15	0	.7397021	.1922902	.0680077	0
523.15	0	.739611	.1924191	.06796998	0
522.15	0	.7395202	.1925474	.06793233	0
521.15	0	.73943	.1926753	.06789475	0
520.15	0	.7393402	.1928026	.06785725	0
519.15	0	.7392508	.1929294	.06781983	0
518.15	0	.7391619	.1930557	.06778249	0
517.15	0	.7390734	.1931814	.06774522	0
516.15	0	.7389854	.1933066	.06770804	0
515.15	0	.7388978	.1934313	.06767093	0
514.15	0	.7388106	.1935555	.06763391	0
513.15	0	.7387239	.1936791	.06759697	0
512.15	0	.7386376	.1938023	.0675601	0
511.15	0	.7385518	.1939249	.06752333	0
510.15	0	.7384664	.194047	.06748663	0
509.15	0	.7383814	.1941686	.06745002	0
508.15	0	.7382969	.1942896	.06741349	0
507.15	0	.7382128	.1944102	.06737705	0
506.15	0	.7381291	.1945302	.0673407	0
505.15	0	.7380459	.1946497	.06730443	0
504.15	0	.737963	.1947687	.06726825	0
503.15	0	.7378806	.1948872	.06723216	0
502.15	0	.7377987	.1950052	.06719616	0
501.15	0	.7377171	.1951227	.06716025	0
500.15	0	.737636	.1952396	.06712442	0
499.15	0	.7375553	.1953561	.06708869	0
498.15	0	.737475	.195472	.06705305	0
497.15	0	.7373951	.1955874	.06701751	0
496.15	0	.7373156	.1957023	.06698205	0
495.15	0	.7372366	.1958167	.06694669	0
494.15	0	.7371579	.1959306	.06691143	0
493.15	0	.7370797	.196044	.06687626	0
492.15	0	.7370019	.1961569	.06684118	0
491.15	0	.7369245	.1962693	.0668062	0
490.15	0	.7368475	.1963812	.06677132	0
489.15	0	.7367709	.1964926	.06673654	0
488.15	0	.7366947	.1966035	.06670185	0
487.15	0	.7366189	.1967138	.06666727	0
486.15	0	.7365435	.1968237	.06663278	0
485.15	0	.7364685	.1969331	.0665984	0
484.15	0	.736394	.1970419	.06656411	0
483.15	0	.7363198	.1971503	.06652993	0
482.15	0	.736246	.1972582	.06649585	0
481.15	0	.7361726	.1973655	.06646187	0
480.15	0	.7360996	.1974724	.066428	0
479.15	0	.736027	.1975787	.06639423	0
478.15	0	.7359548	.1976846	.06636057	0
477.15	0	.735883	.19779	.06632701	0
476.15	0	.7358116	.1978949	.06629356	0
475.15	0	.7357406	.1979992	.06626021	0
474.15	0	.7356699	.1981031	.06622697	0
473.15	0	.7355997	.1982065	.06619384	0
472.15	0	.7355298	.1983094	.06616082	0
471.15	0	.7354603	.1984117	.06612791	0
470.15	0	.7353913	.1985136	.06609511	0
469.15	0	.7353225	.198615	.06606242	0
468.15	0	.7352542	.1987159	.06602984	0
467.15	0	.7351863	.1988164	.06599737	0
466.15	0	.7351187	.1989163	.06596502	0
465.15	0	.7350515	.1990157	.06593278	0
464.15	0	.7349847	.1991146	.06590065	0
463.15	0	.7349183	.1992131	.06586863	0
462.15	0	.7348523	.199311	.06583673	0
461.15	0	.7347866	.1994085	.06580495	0
460.15	0	.7347213	.1995054	.06577328	0
459.15	0	.7346564	.1996019	.06574173	0
458.15	0	.7345918	.1996979	.0657103	0
457.15	0	.7345277	.1997934	.06567898	0
456.15	0	.7344639	.1998884	.06564778	0
455.15	0	.7344004	.1999829	.06561671	0
454.15	0	.7343374	.2000769	.06558575	0
453.15	0	.7342747	.2001704	.06555491	0
452.15	0	.7342123	.2002635	.06552419	0
451.15	0	.7341504	.200356	.06549359	0
450.15	0	.7340888	.2004481	.06546312	0
449.15	0	.7340276	.2005396	.06543279	0
448.15	0	.7339668	.2006306	.06540258	0
447.15	0	.7339064	.2007211	.06537251	0
446.15	0	.7338463	.2008111	.06534256	0
445.15	0	.7337866	.2009006	.06531275	0
444.15	0	.7337273	.2009896	.06528307	0
443.15	0	.7336684	.2010781	.06525353	0
442.15	0	.7336099	.201166	.06522412	0
441.15	0	.7335517	.2012534	.06519486	0
440.15	0	.733494	.2013403	.06516575	0
439.15	0	.7334366	.2014266	.06513678	0
438.15	0	.7333797	.2015124	.06510795	0
437.15	0	.7333231	.2015976	.06507928	0
436.15	0	.7332669	.2016823	.06505076	0
435.15	0	.7332112	.2017664	.06502239	0
434.15	0	.7331558	.20185	.06499418	0
433.15	0	.7331009	.201933	.06496612	0
432.15	0	.7330463	.2020155	.06493822	0
431.15	0	.7329922	.2020974	.06491048	0
430.15	0	.7329384	.2021787	.06488291	0
429.15	0	.7328851	.2022594	.06485549	0
428.15	0	.7328322	.2023396	.06482824	0
427.15	0	.7327797	.2024192	.06480115	0
426.15	0	.7327276	.2024982	.06477423	0
425.15	0	.7326759	.2025767	.06474747	0
424.15	0	.7326246	.2026546	.06472088	0
423.15	0	.7325737	.2027318	.06469446	0
422.15	0	.7325232	.2028086	.06466821	0
421.15	0	.7324732	.2028847	.06464213	0
420.15	0	.7324235	.2029603	.06461622	0
419.15	0	.7323743	.2030353	.06459048	0
418.15	0	.7323254	.2031097	.06456492	0
417.15	0	.732277	.2031835	.06453953	0
416.15	0	.732229	.2032567	.06451431	0
415.15	0	.7321814	.2033294	.06448926	0
414.15	0	.7321342	.2034015	.06446439	0
413.15	0	.7320874	.203473	.0644397	0
412.15	0	.732041	.2035439	.06441518	0
411.15	0	.731995	.2036142	.06439083	0
410.15	0	.7319494	.203684	.06436666	0
409.15	0	.7319041	.2037532	.06434267	0
408.15	0	.7318593	.2038218	.06431885	0
407.15	0	.7318149	.2038899	.06429521	0
406.15	0	.7317709	.2039573	.06427174	0
405.15	0	.7317273	.2040243	.06424846	0
404.15	0	.7316841	.2040906	.06422534	0
403.15	0	.7316412	.2041564	.06420241	0
402.15	0	.7315988	.2042216	.06417965	0
401.15	0	.7315567	.2042862	.06415706	0
400.15	0	.731515	.2043503	.06413466	0
399.15	0	.7314737	.2044139	.06411243	0
398.15	0	.7314328	.2044768	.06409037	0
397.15	0	.7313923	.2045392	.06406849	0
396.15	0	.7313521	.2046011	.06404678	0
395.15	0	.7313123	.2046624	.06402525	0
394.15	0	.7312729	.2047232	.0640039	0
393.15	0	.7312339	.2047834	.06398271	0
392.15	0	.7311952	.2048431	.06396171	0
391.15	0	.7311569	.2049023	.06394087	0
390.15	0	.7311189	.2049609	.06392021	0
389.15	0	.7310813	.205019	.06389972	0
388.15	0	.7310441	.2050765	.06387941	0
387.15	0	.7310072	.2051335	.06385926	0
386.15	0	.7309707	.20519	.06383929	0
385.15	0	.7309345	.205246	.06381949	0
384.15	0	.7308987	.2053015	.06379986	0
383.15	0	.7308632	.2053564	.06378039	0
382.15	0	.7308281	.2054108	.0637611	0
381.15	0	.7307933	.2054648	.06374198	0
380.15	0	.7307588	.2055182	.06372302	0
379.15	0	.7307247	.2055711	.06370423	0
378.15	0	.7306909	.2056235	.06368561	0
377.15	0	.7306574	.2056754	.06366715	0
376.15	0	.7306243	.2057268	.06364886	0
375.15	0	.7305915	.2057778	.06363073	0
374.15	0	.730559	.2058282	.06361277	0
373.15	0	.7305268	.2058782	.06359497	0
372.15	0	.730495	.2059277	.06357734	0
371.15	0	.7304635	.2059767	.06355987	0
370.15	0	.7304322	.2060252	.06354255	0
369.15	0	.7304013	.2060733	.0635254	0
368.15	0	.7303707	.2061209	.06350841	0
367.15	0	.7303404	.206168	.06349157	0
366.15	0	.7303104	.2062147	.0634749	0
365.15	0	.7302807	.2062609	.06345838	0
364.15	0	.7302513	.2063067	.06344202	0
363.15	0	.7302221	.2063521	.06342582	0
362.15	0	.7301933	.2063969	.06340977	0
361.15	0	.7301648	.2064414	.06339387	0
360.15	0	.7301365	.2064854	.06337813	0
359.15	0	.7301085	.206529	.06336254	0
358.15	0	.7300808	.2065721	.06334711	0
357.15	0	.7300534	.2066148	.06333182	0
356.15	0	.7300262	.2066571	.06331669	0
355.15	0	.7299993	.206699	.0633017	0
354.15	0	.7299727	.2067404	.06328687	0
353.15	0	.7299463	.2067815	.06327218	0
352.15	0	.7299202	.2068221	.06325764	0
351.15	0	.7298944	.2068624	.06324325	0
350.15	0	.7298688	.2069022	.063229	0
349.15	0	.7298435	.2069416	.06321489	0
348.15	0	.7298184	.2069807	.06320093	0
347.15	0	.7297936	.2070193	.06318712	0
346.15	0	.729769	.2070576	.06317345	0
345.15	0	.7297447	.2070954	.06315991	0
344.15	0	.7297206	.2071329	.06314653	0
343.15	0	.7296967	.20717	.06313328	0
342.15	0	.7296731	.2072068	.06312016	0
341.15	0	.7296497	.2072432	.06310719	0
340.15	0	.7296265	.2072792	.06309436	0
339.15	0	.7296035	.2073148	.06308166	0
338.15	0	.7295808	.2073501	.0630691	0
337.15	0	.7295583	.207385	.06305668	0
336.15	0	.729536	.2074196	.06304438	0
335.15	0	.729514	.2074538	.06303223	0
334.15	0	.7294921	.2074877	.06302021	0
333.15	0	.7294705	.2075212	.06300832	0
332.15	0	.7294491	.2075544	.06299656	0
331.15	0	.7294278	.2075872	.06298493	0
330.15	0	.7294068	.2076198	.06297343	0
329.15	0	.729386	.2076519	.06296206	0
328.15	0	.7293654	.2076838	.06295083	0
327.15	0	.729345	.2077153	.06293971	0
326.15	0	.7293247	.2077465	.06292873	0
325.15	0	.7293047	.2077774	.06291787	0
324.15	0	.7292849	.207808	.06290714	0
323.15	0	.7292652	.2078383	.06289654	0
322.2076	0	.7292468	.2078665	.06288666	0
322.2076	0	.7292468	.2078665	.06288666	0
322.2076	0	.7292468	.2078665	.06288666	0
322.15	0	.7292596	.2078345	.06287128	3.453184E-05
321.15	0	.7294819	.2072798	.06260455	6.337628E-04
320.15	0	.729704	.2067252	.06233825	.001232507
319.15	0	.7299261	.2061708	.06207239	.001830767
318.15	0	.730148	.2056165	.06180697	.002428544
317.15	0	.7303699	.2050622	.06154197	.003025841
316.15	0	.7305918	.2045082	.06127741	.003622661
315.15	0	.7308135	.2039542	.06101329	.004219004
314.15	0	.7310352	.2034004	.06074959	.004814874
313.15	0	.7312568	.2028466	.06048632	.005410271
312.15	0	.7314783	.202293	.06022347	.006005199
311.15	0	.7316997	.2017395	.05996106	.006599658
310.15	0	.7319211	.2011862	.05969907	.007193652
309.15	0	.7321424	.2006329	.0594375	.007787181
308.15	0	.7323636	.2000798	.05917636	.008380247
307.15	0	.7325848	.1995267	.05891563	.008972852
306.15	0	.7328059	.1989738	.05865533	.009564998
305.15	0	.7330269	.198421	.05839545	.01015669
304.15	0	.7332478	.1978683	.05813599	.01074792
303.15	0	.7334687	.1973157	.05787695	.0113387
302.15	0	.7336895	.1967631	.05761832	.01192902
301.15	0	.7339102	.1962108	.05736012	.0125189
300.15	0	.7341309	.1956585	.05710232	.01310832
299.15	0	.7343515	.1951063	.05684494	.0136973
298.15	0	.734572	.1945542	.05658798	.01428582
