T	 BPW(LIQUID)	BPW(BCC_A2)	BPW(FCC_A1)	BPW(LAVES_PHASE_C14)	BPW(NI3TI)
1473.15	0	1	0	0	0
1472.15	0	1	0	0	0
1471.15	0	1	0	0	0
1470.15	0	1	0	0	0
1469.15	0	1	0	0	0
1468.15	0	1	0	0	0
1467.15	0	1	0	0	0
1466.15	0	1	0	0	0
1465.15	0	1	0	0	0
1464.15	0	1	0	0	0
1463.15	0	1	0	0	0
1462.15	0	1	0	0	0
1461.15	0	1	0	0	0
1460.15	0	1	0	0	0
1459.15	0	1	0	0	0
1458.15	0	1	0	0	0
1457.15	0	1	0	0	0
1456.15	0	1	0	0	0
1455.15	0	1	0	0	0
1454.15	0	1	0	0	0
1453.15	0	1	0	0	0
1452.15	0	1	0	0	0
1451.15	0	1	0	0	0
1450.15	0	1	0	0	0
1449.15	0	1	0	0	0
1448.15	0	1	0	0	0
1447.15	0	1	0	0	0
1446.15	0	1	0	0	0
1445.15	0	1	0	0	0
1444.15	0	1	0	0	0
1443.15	0	1	0	0	0
1442.15	0	1	0	0	0
1441.15	0	1	0	0	0
1440.15	0	1	0	0	0
1439.15	0	1	0	0	0
1438.15	0	1	0	0	0
1437.15	0	1	0	0	0
1436.15	0	1	0	0	0
1435.15	0	1	0	0	0
1434.15	0	1	0	0	0
1433.15	0	1	0	0	0
1432.15	0	1	0	0	0
1431.15	0	1	0	0	0
1430.15	0	1	0	0	0
1429.15	0	1	0	0	0
1428.15	0	1	0	0	0
1427.15	0	1	0	0	0
1426.15	0	1	0	0	0
1425.15	0	1	0	0	0
1424.15	0	1	0	0	0
1423.15	0	1	0	0	0
1422.15	0	1	0	0	0
1421.15	0	1	0	0	0
1420.15	0	1	0	0	0
1419.15	0	1	0	0	0
1418.15	0	1	0	0	0
1417.15	0	1	0	0	0
1416.15	0	1	0	0	0
1415.15	0	1	0	0	0
1414.15	0	1	0	0	0
1413.15	0	1	0	0	0
1412.15	0	1	0	0	0
1411.15	0	1	0	0	0
1410.15	0	1	0	0	0
1409.15	0	1	0	0	0
1408.15	0	1	0	0	0
1407.15	0	1	0	0	0
1406.15	0	1	0	0	0
1405.15	0	1	0	0	0
1404.15	0	1	0	0	0
1403.15	0	1	0	0	0
1402.15	0	1	0	0	0
1401.15	0	1	0	0	0
1400.15	0	1	0	0	0
1399.15	0	1	0	0	0
1398.15	0	1	0	0	0
1397.15	0	1	0	0	0
1396.15	0	1	0	0	0
1395.15	0	1	0	0	0
1394.15	0	1	0	0	0
1393.15	0	1	0	0	0
1392.15	0	1	0	0	0
1391.15	0	1	0	0	0
1390.15	0	1	0	0	0
1389.15	0	1	0	0	0
1388.15	0	1	0	0	0
1387.15	0	1	0	0	0
1386.15	0	1	0	0	0
1385.15	0	1	0	0	0
1384.15	0	1	0	0	0
1383.15	0	1	0	0	0
1382.15	0	1	0	0	0
1381.15	0	1	0	0	0
1380.15	0	1	0	0	0
1379.15	0	1	0	0	0
1378.15	0	1	0	0	0
1377.15	0	1	0	0	0
1376.15	0	1	0	0	0
1375.15	0	1	0	0	0
1374.15	0	1	0	0	0
1373.15	0	1	0	0	0
1372.15	0	1	0	0	0
1371.15	0	1	0	0	0
1370.15	0	1	0	0	0
1369.15	0	1	0	0	0
1368.15	0	1	0	0	0
1367.15	0	1	0	0	0
1366.15	0	1	0	0	0
1365.15	0	1	0	0	0
1364.15	0	1	0	0	0
1363.15	0	1	0	0	0
1362.15	0	1	0	0	0
1361.15	0	1	0	0	0
1360.15	0	1	0	0	0
1359.15	0	1	0	0	0
1358.15	0	1	0	0	0
1357.15	0	1	0	0	0
1356.15	0	1	0	0	0
1355.15	0	1	0	0	0
1354.15	0	1	0	0	0
1353.15	0	1	0	0	0
1352.15	0	1	0	0	0
1351.15	0	1	0	0	0
1350.15	0	1	0	0	0
1349.15	0	1	0	0	0
1348.15	0	1	0	0	0
1347.15	0	1	0	0	0
1346.15	0	1	0	0	0
1345.15	0	1	0	0	0
1344.15	0	1	0	0	0
1343.15	0	1	0	0	0
1342.15	0	1	0	0	0
1341.15	0	1	0	0	0
1340.15	0	1	0	0	0
1339.15	0	1	0	0	0
1338.15	0	1	0	0	0
1337.15	0	1	0	0	0
1336.15	0	1	0	0	0
1335.15	0	1	0	0	0
1334.15	0	1	0	0	0
1333.15	0	1	0	0	0
1332.15	0	1	0	0	0
1331.15	0	1	0	0	0
1330.15	0	1	0	0	0
1329.15	0	1	0	0	0
1328.15	0	1	0	0	0
1327.15	0	1	0	0	0
1326.15	0	1	0	0	0
1325.15	0	1	0	0	0
1324.15	0	1	0	0	0
1323.15	0	1	0	0	0
1322.15	0	1	0	0	0
1321.15	0	1	0	0	0
1320.15	0	1	0	0	0
1319.15	0	1	0	0	0
1318.15	0	1	0	0	0
1317.15	0	1	0	0	0
1316.15	0	1	0	0	0
1315.15	0	1	0	0	0
1314.15	0	1	0	0	0
1313.15	0	1	0	0	0
1312.15	0	1	0	0	0
1311.15	0	1	0	0	0
1310.15	0	1	0	0	0
1309.15	0	1	0	0	0
1308.15	0	1	0	0	0
1307.15	0	1	0	0	0
1306.15	0	1	0	0	0
1305.15	0	1	0	0	0
1304.15	0	1	0	0	0
1303.15	0	1	0	0	0
1302.15	0	1	0	0	0
1301.15	0	1	0	0	0
1300.15	0	1	0	0	0
1299.15	0	1	0	0	0
1298.15	0	1	0	0	0
1297.15	0	1	0	0	0
1296.15	0	1	0	0	0
1295.15	0	1	0	0	0
1294.15	0	1	0	0	0
1293.15	0	1	0	0	0
1292.15	0	1	0	0	0
1291.15	0	1	0	0	0
1290.15	0	1	0	0	0
1289.15	0	1	0	0	0
1288.15	0	1	0	0	0
1287.15	0	1	0	0	0
1286.15	0	1	0	0	0
1285.15	0	1	0	0	0
1284.15	0	1	0	0	0
1283.15	0	1	0	0	0
1282.15	0	1	0	0	0
1281.15	0	1	0	0	0
1280.15	0	1	0	0	0
1279.15	0	1	0	0	0
1278.15	0	1	0	0	0
1277.15	0	1	0	0	0
1276.15	0	1	0	0	0
1275.15	0	1	0	0	0
1274.15	0	1	0	0	0
1273.15	0	1	0	0	0
1272.15	0	1	0	0	0
1271.15	0	1	0	0	0
1270.15	0	1	0	0	0
1269.15	0	1	0	0	0
1268.15	0	1	0	0	0
1267.15	0	1	0	0	0
1266.15	0	1	0	0	0
1265.15	0	1	0	0	0
1264.15	0	1	0	0	0
1263.15	0	1	0	0	0
1262.15	0	1	0	0	0
1261.15	0	1	0	0	0
1260.15	0	1	0	0	0
1259.15	0	1	0	0	0
1258.15	0	1	0	0	0
1257.15	0	1	0	0	0
1256.15	0	1	0	0	0
1255.15	0	1	0	0	0
1254.15	0	1	0	0	0
1253.15	0	1	0	0	0
1252.15	0	1	0	0	0
1251.15	0	1	0	0	0
1250.15	0	1	0	0	0
1249.15	0	1	0	0	0
1248.15	0	1	0	0	0
1247.15	0	1	0	0	0
1246.15	0	1	0	0	0
1245.15	0	1	0	0	0
1244.15	0	1	0	0	0
1243.15	0	1	0	0	0
1242.15	0	1	0	0	0
1241.15	0	1	0	0	0
1240.15	0	1	0	0	0
1239.15	0	1	0	0	0
1238.15	0	1	0	0	0
1237.15	0	1	0	0	0
1236.15	0	1	0	0	0
1235.15	0	1	0	0	0
1234.15	0	1	0	0	0
1233.15	0	1	0	0	0
1232.15	0	1	0	0	0
1231.15	0	1	0	0	0
1230.15	0	1	0	0	0
1229.15	0	1	0	0	0
1228.15	0	1	0	0	0
1227.15	0	1	0	0	0
1226.15	0	1	0	0	0
1225.15	0	1	0	0	0
1224.15	0	1	0	0	0
1223.15	0	1	0	0	0
1222.15	0	1	0	0	0
1221.15	0	1	0	0	0
1220.15	0	1	0	0	0
1219.15	0	1	0	0	0
1218.15	0	1	0	0	0
1217.15	0	1	0	0	0
1216.15	0	1	0	0	0
1215.15	0	1	0	0	0
1214.15	0	1	0	0	0
1213.15	0	1	0	0	0
1212.15	0	1	0	0	0
1211.15	0	1	0	0	0
1210.15	0	1	0	0	0
1209.15	0	1	0	0	0
1208.15	0	1	0	0	0
1207.15	0	1	0	0	0
1206.15	0	1	0	0	0
1205.15	0	1	0	0	0
1204.15	0	1	0	0	0
1203.15	0	1	0	0	0
1202.15	0	1	0	0	0
1201.15	0	1	0	0	0
1200.15	0	1	0	0	0
1199.15	0	1	0	0	0
1198.15	0	1	0	0	0
1197.15	0	1	0	0	0
1196.15	0	1	0	0	0
1195.15	0	1	0	0	0
1194.15	0	1	0	0	0
1193.15	0	1	0	0	0
1192.15	0	1	0	0	0
1191.15	0	1	0	0	0
1190.15	0	1	0	0	0
1189.15	0	1	0	0	0
1188.15	0	1	0	0	0
1187.15	0	1	0	0	0
1186.15	0	1	0	0	0
1185.15	0	1	0	0	0
1184.15	0	1	0	0	0
1183.15	0	1	0	0	0
1182.15	0	1	0	0	0
1181.15	0	1	0	0	0
1180.15	0	1	0	0	0
1179.15	0	1	0	0	0
1178.15	0	1	0	0	0
1177.15	0	1	0	0	0
1176.15	0	1	0	0	0
1175.15	0	1	0	0	0
1174.15	0	1	0	0	0
1173.15	0	1	0	0	0
1172.15	0	1	0	0	0
1171.15	0	1	0	0	0
1170.15	0	1	0	0	0
1169.15	0	1	0	0	0
1168.15	0	1	0	0	0
1167.15	0	1	0	0	0
1166.15	0	1	0	0	0
1165.15	0	1	0	0	0
1164.15	0	1	0	0	0
1163.15	0	1	0	0	0
1162.15	0	1	0	0	0
1161.15	0	1	0	0	0
1160.15	0	1	0	0	0
1159.15	0	1	0	0	0
1158.15	0	1	0	0	0
1157.15	0	1	0	0	0
1156.15	0	1	0	0	0
1155.15	0	1	0	0	0
1154.15	0	1	0	0	0
1153.15	0	1	0	0	0
1152.15	0	1	0	0	0
1151.15	0	1	0	0	0
1150.15	0	1	0	0	0
1149.15	0	1	0	0	0
1148.15	0	1	0	0	0
1147.15	0	1	0	0	0
1146.15	0	1	0	0	0
1145.15	0	1	0	0	0
1144.15	0	1	0	0	0
1143.15	0	1	0	0	0
1142.15	0	1	0	0	0
1141.15	0	1	0	0	0
1140.15	0	1	0	0	0
1139.15	0	1	0	0	0
1138.15	0	1	0	0	0
1137.15	0	1	0	0	0
1136.15	0	1	0	0	0
1135.15	0	1	0	0	0
1134.15	0	1	0	0	0
1133.15	0	1	0	0	0
1132.15	0	1	0	0	0
1131.15	0	1	0	0	0
1130.15	0	1	0	0	0
1129.15	0	1	0	0	0
1128.15	0	1	0	0	0
1127.15	0	1	0	0	0
1126.15	0	1	0	0	0
1125.15	0	1	0	0	0
1124.15	0	1	0	0	0
1123.15	0	1	0	0	0
1122.15	0	1	0	0	0
1121.15	0	1	0	0	0
1120.15	0	1	0	0	0
1119.15	0	1	0	0	0
1118.15	0	1	0	0	0
1117.15	0	1	0	0	0
1116.15	0	1	0	0	0
1115.15	0	1	0	0	0
1114.15	0	1	0	0	0
1113.15	0	1	0	0	0
1112.15	0	1	0	0	0
1111.15	0	1	0	0	0
1110.15	0	1	0	0	0
1109.15	0	1	0	0	0
1108.15	0	1	0	0	0
1107.15	0	1	0	0	0
1106.15	0	1	0	0	0
1105.15	0	1	0	0	0
1104.15	0	1	0	0	0
1103.15	0	1	0	0	0
1102.15	0	1	0	0	0
1101.15	0	1	0	0	0
1100.15	0	1	0	0	0
1099.15	0	1	0	0	0
1098.15	0	1	0	0	0
1097.15	0	1	0	0	0
1096.15	0	1	0	0	0
1095.15	0	1	0	0	0
1094.15	0	1	0	0	0
1093.753	0	1	0	0	0
1093.753	0	1	0	0	0
1093.753	0	1	0	0	0
1093.15	0	.9997328	0	2.672441E-04	0
1092.15	0	.99929	0	7.100045E-04	0
1091.15	0	.9988482	0	.001151833	0
1090.15	0	.9984073	0	.001592732	0
1089.15	0	.9979673	0	.002032703	0
1088.15	0	.9975283	0	.002471747	0
1087.15	0	.9970901	0	.002909865	0
1086.15	0	.9966529	0	.003347061	0
1085.15	0	.9962167	0	.003783335	0
1084.15	0	.9957813	0	.004218689	0
1083.15	0	.9953469	0	.004653124	0
1082.15	0	.9949134	0	.005086643	0
1081.15	0	.9944808	0	.005519246	0
1080.15	0	.9940491	0	.005950936	0
1079.15	0	.9936183	0	.006381714	0
1078.15	0	.9931884	0	.006811581	0
1077.15	0	.9927595	0	.007240539	0
1076.15	0	.9923314	0	.00766859	0
1075.15	0	.9919043	0	.008095735	0
1074.15	0	.991478	0	.008521976	0
1073.15	0	.9910527	0	.008947314	0
1072.15	0	.9906282	0	.009371751	0
1071.15	0	.9902047	0	.009795288	0
1070.15	0	.9897821	0	.01021793	0
1069.445	0	.9894845	0	.01051551	0
1069.445	0	.9894845	0	.01051551	0
1069.445	0	.9894845	0	.01051551	0
1069.15	0	.989126	2.47119E-04	.01062689	0
1068.15	0	.9879114	.001084297	.01100429	0
1067.15	0	.9867003	.001919051	.01138068	0
1066.15	0	.9854926	.002751381	.01175606	0
1065.15	0	.9842883	.003581289	.01213043	0
1064.15	0	.9830874	.004408774	.01250378	0
1063.15	0	.98189	.005233839	.01287613	0
1062.15	0	.980696	.006056483	.01324747	0
1061.15	0	.9795055	.006876709	.01361781	0
1060.15	0	.9783184	.007694515	.01398714	0
1059.15	0	.9771346	.008509905	.01435547	0
1058.15	0	.9759543	.009322877	.01472279	0
1057.15	0	.9747775	.01013343	.01508912	0
1056.15	0	.973604	.01094158	.01545444	0
1055.15	0	.9724339	.0117473	.01581877	0
1054.15	0	.9712673	.01255062	.0161821	0
1053.15	0	.970104	.01335152	.01654443	0
1052.15	0	.9689442	.01415001	.01690576	0
1051.15	0	.9677878	.01494609	.0172661	0
1050.15	0	.9666348	.01573976	.01762545	0
1049.15	0	.9654852	.01653102	.01798381	0
1048.15	0	.964339	.01731987	.01834117	0
1047.15	0	.9631961	.01810632	.01869754	0
1046.15	0	.9620567	.01889036	.01905293	0
1045.15	0	.9609207	.01967199	.01940732	0
1044.15	0	.9597881	.02045122	.01976072	0
1043.15	0	.9586588	.02122805	.02011314	0
1042.15	0	.957533	.02200247	.02046457	0
1041.15	0	.9564105	.0227745	.02081501	0
1040.15	0	.9552914	.02354412	.02116447	0
1039.15	0	.9541757	.02431134	.02151294	0
1038.15	0	.9530634	.02507616	.02186043	0
1037.15	0	.9519545	.02583859	.02220693	0
1036.15	0	.9508489	.02659862	.02255245	0
1035.15	0	.9497468	.02735625	.02289699	0
1034.15	0	.948648	.02811149	.02324054	0
1033.15	0	.9475525	.02886434	.02358312	0
1032.15	0	.9464605	.0296148	.02392471	0
1031.15	0	.9453718	.03036286	.02426531	0
1030.15	0	.9442865	.03110853	.02460494	0
1029.15	0	.9432046	.03185182	.02494359	0
1028.15	0	.942126	.03259272	.02528126	0
1027.15	0	.9410508	.03333123	.02561795	0
1026.15	0	.939979	.03406736	.02595365	0
1025.15	0	.9389105	.0348011	.02628838	0
1024.15	0	.9378454	.03553247	.02662213	0
1023.15	0	.9367836	.03626145	.0269549	0
1022.15	0	.9357252	.03698806	.02728669	0
1021.15	0	.9346702	.03771228	.0276175	0
1020.15	0	.9336185	.03843414	.02794733	0
1019.15	0	.9325702	.03915362	.02827618	0
1018.15	0	.9315252	.03987072	.02860405	0
1017.15	0	.9304836	.04058546	.02893094	0
1016.15	0	.9294453	.04129782	.02925685	0
1015.15	0	.9284104	.04200782	.02958178	0
1014.15	0	.9273788	.04271546	.02990573	0
1013.15	0	.9263506	.04342073	.0302287	0
1012.15	0	.9253257	.04412364	.03055069	0
1011.15	0	.9243041	.04482419	.0308717	0
1010.15	0	.9232859	.04552239	.03119172	0
1009.15	0	.922271	.04621823	.03151076	0
1008.15	0	.9212594	.04691172	.03182882	0
1007.15	0	.9202512	.04760286	.0321459	0
1006.15	0	.9192464	.04829165	.03246199	0
1005.15	0	.9182448	.0489781	.0327771	0
1004.15	0	.9172466	.04966221	.03309122	0
1003.15	0	.9162517	.05034398	.03340436	0
1002.15	0	.9152601	.05102341	.03371651	0
1001.15	0	.9142718	.05170051	.03402767	0
1000.15	0	.9132869	.05237527	.03433784	0
999.15	0	.9123053	.05304771	.03464703	0
998.15	0	.9113269	.05371783	.03495522	0
997.15	0	.910352	.05438563	.03526242	0
996.15	0	.9093803	.0550511	.03556863	0
995.15	0	.9084119	.05571427	.03587385	0
994.15	0	.9074468	.05637513	.03617807	0
993.15	0	.906485	.05703367	.0364813	0
992.15	0	.9055266	.05768992	.03678352	0
991.15	0	.9045714	.05834387	.03708475	0
990.15	0	.9036195	.05899553	.03738498	0
989.15	0	.9026709	.05964489	.03768421	0
988.15	0	.9017256	.06029197	.03798244	0
987.15	0	.9007836	.06093677	.03827966	0
986.15	0	.8998448	.0615793	.03857587	0
985.15	0	.8989094	.06221955	.03887108	0
984.15	0	.8979772	.06285754	.03916528	0
983.15	0	.8970483	.06349327	.03945846	0
982.15	0	.8961226	.06412674	.03975064	0
981.15	0	.8952002	.06475796	.0400418	0
980.15	0	.8942811	.06538694	.04033194	0
979.15	0	.8933653	.06601369	.04062106	0
978.15	0	.8924526	.0666382	.04090917	0
977.15	0	.8915433	.06726048	.04119625	0
976.15	0	.8906372	.06788055	.0414823	0
975.15	0	.8897343	.0684984	.04176733	0
974.15	0	.8888346	.06911405	.04205133	0
973.15	0	.8879382	.06972751	.04233429	0
972.15	0	.887045	.07033877	.04261622	0
971.15	0	.886155	.07094785	.04289711	0
970.15	0	.8852683	.07155476	.04317697	0
969.15	0	.8843847	.0721595	.04345578	0
968.15	0	.8835044	.07276208	.04373354	0
967.15	0	.8826272	.07336251	.04401026	0
966.15	0	.8817533	.0739608	.04428593	0
965.15	0	.8808825	.07455696	.04456054	0
964.15	0	.8800149	.075151	.04483409	0
963.15	0	.8791505	.07574292	.04510659	0
962.15	0	.8782892	.07633275	.04537802	0
961.15	0	.8774311	.07692048	.04564838	0
960.15	0	.8765762	.07750613	.04591767	0
959.15	0	.8757244	.07808971	.04618589	0
958.15	0	.8748757	.07867124	.04645304	0
957.15	0	.8740302	.07925071	.0467191	0
956.15	0	.8731878	.07982815	.04698408	0
955.15	0	.8723485	.08040357	.04724796	0
954.15	0	.8715123	.08097698	.04751076	0
953.15	0	.8706791	.08154839	.04777246	0
952.15	0	.8698491	.08211782	.04803306	0
951.15	0	.8690222	.08268528	.04829255	0
950.15	0	.8681983	.08325079	.04855094	0
949.15	0	.8673774	.08381435	.04880821	0
948.15	0	.8665597	.08437599	.04906436	0
947.15	0	.8657449	.08493572	.04931939	0
946.15	0	.8649332	.08549356	.04957329	0
945.15	0	.8641244	.08604952	.04982606	0
944.15	0	.8633187	.08660362	.0500777	0
943.15	0	.8625159	.08715588	.05032819	0
942.15	0	.8617162	.08770632	.05057753	0
941.15	0	.8609193	.08825495	.05082573	0
940.15	0	.8601254	.08880179	.05107276	0
939.15	0	.8593345	.08934687	.05131863	0
938.15	0	.8585465	.0898902	.05156333	0
937.15	0	.8577613	.0904318	.05180685	0
936.15	0	.8569791	.0909717	.0520492	0
935.15	0	.8561997	.09150992	.05229036	0
934.15	0	.8554232	.09204648	.05253032	0
933.15	0	.8546495	.0925814	.05276909	0
932.15	0	.8538787	.09311471	.05300665	0
931.15	0	.8531106	.09364643	.053243	0
930.15	0	.8523453	.09417658	.05347812	0
929.15	0	.8515828	.0947052	.05371203	0
928.15	0	.850823	.09523231	.0539447	0
927.15	0	.8500659	.09575794	.05417613	0
926.15	0	.8493116	.09628211	.05440631	0
925.15	0	.8485599	.09680485	.05463524	0
924.15	0	.8478109	.0973262	.05486291	0
923.15	0	.8470645	.09784619	.0550893	0
922.15	0	.8463207	.09836483	.05531442	0
921.15	0	.8455796	.09888218	.05553825	0
920.15	0	.844841	.09939826	.05576079	0
919.15	0	.8441049	.09991311	.05598202	0
918.15	0	.8433713	.1004268	.05620195	0
917.15	0	.8426402	.1009392	.05642055	0
916.15	0	.8419116	.1014506	.05663782	0
915.15	0	.8411854	.1019609	.05685376	0
914.15	0	.8404616	.1024701	.05706834	0
913.15	0	.8397401	.1029783	.05728157	0
912.15	0	.839021	.1034855	.05749343	0
911.15	0	.8383042	.1039919	.05770392	0
910.15	0	.8375897	.1044973	.05791301	0
909.15	0	.8368774	.1050019	.05812071	0
908.15	0	.8361673	.1055057	.058327	0
907.15	0	.8354594	.1060088	.05853186	0
906.15	0	.8347535	.1065111	.0587353	0
905.15	0	.8340498	.1070129	.05893729	0
904.15	0	.8333481	.107514	.05913783	0
903.15	0	.8326485	.1080146	.0593369	0
902.15	0	.8319508	.1085147	.05953449	0
901.15	0	.831255	.1090144	.05973059	0
900.15	0	.8305611	.1095137	.05992519	0
899.15	0	.829869	.1100127	.06011826	0
898.15	0	.8291787	.1105115	.06030981	0
897.15	0	.8284902	.11101	.06049981	0
896.15	0	.8278033	.1115084	.06068825	0
895.15	0	.8271181	.1120068	.06087512	0
894.15	0	.8264344	.1125052	.0610604	0
893.15	0	.8257523	.1130036	.06124407	0
892.15	0	.8250716	.1135023	.06142613	0
891.15	0	.8243924	.1140011	.06160655	0
890.15	0	.8237145	.1145002	.06178531	0
889.15	0	.8230379	.1149997	.06196241	0
888.15	0	.8223625	.1154997	.06213783	0
887.15	0	.8216883	.1160002	.06231153	0
886.15	0	.8210152	.1165013	.06248352	0
885.15	0	.8203431	.1170031	.06265377	0
884.15	0	.819672	.1175058	.06282225	0
883.15	0	.8190017	.1180093	.06298896	0
882.15	0	.8183323	.1185139	.06315387	0
881.15	0	.8176636	.1190195	.06331695	0
880.15	0	.8169955	.1195263	.0634782	0
879.15	0	.816328	.1200344	.06363758	0
878.15	0	.815661	.120544	.06379507	0
877.15	0	.8149943	.121055	.06395065	0
876.15	0	.814328	.1215677	.0641043	0
875.15	0	.8136619	.1220821	.06425599	0
874.15	0	.8129959	.1225984	.0644057	0
873.15	0	.8123299	.1231167	.0645534	0
872.15	0	.8116637	.1236372	.06469906	0
871.15	0	.8109974	.1241599	.06484265	0
870.15	0	.8103308	.1246851	.06498415	0
869.15	0	.8096637	.1252127	.06512353	0
868.15	0	.8089961	.1257431	.06526075	0
867.15	0	.8083278	.1262764	.06539578	0
866.15	0	.8076587	.1268127	.06552859	0
865.15	0	.8069887	.1273521	.06565915	0
864.15	0	.8063176	.127895	.06578742	0
863.15	0	.8056453	.1284413	.06591336	0
862.15	0	.8049716	.1289914	.06603694	0
861.15	0	.8042965	.1295454	.06615811	0
860.15	0	.8036196	.1301036	.06627683	0
859.15	0	.8029409	.1306661	.06639307	0
858.15	0	.8022602	.1312331	.06650677	0
857.15	0	.8015772	.1318049	.06661789	0
856.15	0	.8008919	.1323817	.06672639	0
855.15	0	.800204	.1329638	.06683221	0
854.15	0	.7995134	.1335513	.06693529	0
853.15	0	.7988197	.1341447	.06703559	0
852.15	0	.7981228	.1347441	.06713305	0
851.15	0	.7974225	.1353499	.0672276	0
850.15	0	.7967185	.1359624	.06731918	0
849.15	0	.7960105	.1365818	.06740773	0
848.15	0	.7952983	.1372085	.06749318	0
847.15	0	.7945816	.137843	.06757545	0
846.15	0	.7938601	.1384855	.06765447	0
845.15	0	.7931334	.1391364	.06773015	0
844.15	0	.7924014	.1397962	.06780242	0
843.15	0	.7916635	.1404653	.06787117	0
842.15	0	.7909195	.1411442	.06793632	0
841.15	0	.7901689	.1418333	.06799777	0
840.15	0	.7894114	.1425332	.0680554	0
839.15	0	.7886465	.1432444	.06810911	0
838.15	0	.7878737	.1439675	.06815877	0
837.15	0	.7870926	.1447031	.06820425	0
836.15	0	.7863026	.145452	.06824542	0
835.15	0	.7855031	.1462147	.06828212	0
834.15	0	.7846936	.1469921	.06831421	0
833.15	0	.7838734	.1477851	.06834152	0
832.15	0	.7830418	.1485943	.06836385	0
831.15	0	.7821981	.1494209	.06838102	0
830.15	0	.7813414	.1502658	.06839281	0
829.15	0	.7804709	.1511301	.068399	0
828.15	0	.7795856	.1520151	.06839934	0
827.15	0	.7786845	.152922	.06839355	0
826.15	0	.7772587	.1544451	.06829615	0
825.15	0	.7757483	.1560736	.0681781	0
824.15	0	.7743036	.1576317	.06806471	0
823.15	0	.7729204	.159124	.06795569	0
822.15	0	.7715947	.1605545	.06785077	0
821.15	0	.7703231	.1619272	.06774968	0
820.15	0	.7691022	.1632456	.06765218	0
819.15	0	.7679291	.1645129	.06755806	0
818.15	0	.7668008	.1657321	.06746711	0
817.15	0	.7657149	.166906	.06737913	0
816.15	0	.764669	.1680371	.06729395	0
815.15	0	.7636609	.1691277	.06721141	0
814.15	0	.7626885	.1701802	.06713134	0
813.15	0	.76175	.1711964	.06705361	0
812.15	0	.7608435	.1721784	.06697809	0
811.15	0	.7599675	.1731278	.06690465	0
810.15	0	.7591204	.1740464	.06683317	0
809.15	0	.7583008	.1749356	.06676354	0
808.15	0	.7575073	.175797	.06669567	0
807.15	0	.7567387	.1766318	.06662945	0
806.15	0	.7559939	.1774414	.0665648	0
805.15	0	.7552716	.1782268	.06650163	0
804.15	0	.7545708	.1789893	.06643987	0
803.15	0	.7538906	.1797299	.06637944	0
802.15	0	.7532302	.1804496	.06632026	0
801.15	0	.7525884	.1811493	.06626229	0
800.15	0	.7519647	.1818299	.06620544	0
799.15	0	.7513582	.1824922	.06614967	0
798.15	0	.7507681	.183137	.06609492	0
797.15	0	.7501938	.1837651	.06604114	0
796.15	0	.7496346	.1843771	.06598828	0
795.15	0	.74909	.1849738	.0659363	0
794.15	0	.7485592	.1855557	.06588514	0
793.15	0	.7480418	.1861234	.06583477	0
792.15	0	.7475372	.1866776	.06578514	0
791.15	0	.747045	.1872188	.06573623	0
790.15	0	.7465645	.1877475	.065688	0
789.15	0	.7460955	.1882641	.06564041	0
788.15	0	.7456375	.1887691	.06559343	0
787.15	0	.7451899	.189263	.06554703	0
786.15	0	.7447526	.1897462	.06550118	0
785.15	0	.744325	.1902192	.06545586	0
784.15	0	.7439068	.1906821	.06541104	0
783.15	0	.7434977	.1911356	.06536669	0
782.15	0	.7430974	.1915798	.0653228	0
781.15	0	.7427055	.1920152	.06527933	0
780.15	0	.7423218	.192442	.06523627	0
779.15	0	.7419459	.1928605	.0651936	0
778.15	0	.7415776	.1932711	.0651513	0
777.15	0	.7412167	.193674	.06510935	0
776.15	0	.7408628	.1940695	.06506773	0
775.15	0	.7405158	.1944578	.06502643	0
774.15	0	.7401754	.1948392	.06498543	0
773.15	0	.7398414	.1952139	.06494472	0
772.15	0	.7395136	.1955821	.06490427	0
771.15	0	.7391918	.1959441	.06486409	0
770.15	0	.7388758	.1963001	.06482414	0
769.15	0	.7385654	.1966502	.06478443	0
768.15	0	.7382604	.1969947	.06474494	0
767.15	0	.7379607	.1973337	.06470566	0
766.15	0	.7376661	.1976674	.06466657	0
765.15	0	.7373784	.1979945	.0646272	0
764.15	0	.7370933	.1983182	.06458851	0
763.15	0	.736813	.1986371	.06454998	0
762.15	0	.7365371	.1989513	.06451161	0
761.15	0	.7362657	.199261	.06447338	0
760.15	0	.7359985	.1995663	.06443529	0
759.15	0	.7357354	.1998673	.06439734	0
758.15	0	.7354763	.2001642	.0643595	0
757.15	0	.7352211	.2004571	.06432178	0
756.15	0	.7349697	.2007461	.06428417	0
755.15	0	.734722	.2010313	.06424665	0
754.15	0	.7344779	.2013129	.06420924	0
753.15	0	.7342372	.2015909	.06417191	0
752.15	0	.7339999	.2018655	.06413466	0
751.15	0	.7337659	.2021367	.06409749	0
750.15	0	.733535	.2024046	.06406039	0
749.15	0	.7333073	.2026693	.06402336	0
748.15	0	.7330826	.202931	.06398639	0
747.15	0	.7328608	.2031897	.06394947	0
746.15	0	.7326419	.2034455	.06391261	0
745.15	0	.7324258	.2036984	.06387579	0
744.15	0	.7322124	.2039486	.06383902	0
743.15	0	.7320016	.2041961	.06380229	0
742.15	0	.7317934	.204441	.06376559	0
741.15	0	.7315878	.2046833	.06372893	0
740.15	0	.7313845	.2049232	.06369229	0
739.15	0	.7311837	.2051606	.06365568	0
738.15	0	.7309852	.2053957	.06361909	0
737.15	0	.7307889	.2056285	.06358252	0
736.15	0	.7305949	.2058591	.06354596	0
735.15	0	.730403	.2060875	.06350942	0
734.15	0	.7302133	.2063138	.06347289	0
733.15	0	.7300256	.2065381	.06343636	0
732.15	0	.7298399	.2067603	.06339984	0
731.15	0	.7296562	.2069805	.06336332	0
730.15	0	.7294743	.2071989	.06332681	0
729.15	0	.7292944	.2074153	.06329029	0
728.15	0	.7291163	.20763	.06325377	0
727.15	0	.72894	.2078428	.06321724	0
726.15	0	.7287654	.2080539	.06318071	0
725.15	0	.7285925	.2082633	.06314417	0
724.15	0	.7284213	.2084711	.06310761	0
723.15	0	.7282517	.2086772	.06307104	0
722.15	0	.7280838	.2088818	.06303446	0
721.15	0	.7279174	.2090848	.06299787	0
720.15	0	.7277525	.2092863	.06296125	0
719.15	0	.7275891	.2094863	.06292462	0
718.15	0	.7274272	.2096848	.06288797	0
717.15	0	.7272667	.209882	.0628513	0
716.15	0	.7271077	.2100778	.06281461	0
715.15	0	.72695	.2102722	.06277789	0
714.15	0	.7267936	.2104652	.06274115	0
713.15	0	.7266386	.210657	.06270439	0
712.15	0	.7264849	.2108476	.0626676	0
711.15	0	.7263324	.2110368	.06263078	0
710.15	0	.7261812	.2112249	.06259394	0
709.15	0	.7260312	.2114118	.06255707	0
708.15	0	.7258824	.2115975	.06252017	0
707.15	0	.7257347	.211782	.06248324	0
706.15	0	.7255883	.2119655	.06244628	0
705.15	0	.7254429	.2121478	.06240929	0
704.15	0	.7252987	.2123291	.06237227	0
703.15	0	.7251555	.2125093	.06233522	0
702.15	0	.7250134	.2126885	.06229814	0
701.15	0	.7248724	.2128666	.06226102	0
700.15	0	.7247324	.2130438	.06222387	0
699.15	0	.7245934	.21322	.06218669	0
698.15	0	.7244553	.2133952	.06214948	0
697.15	0	.7243183	.2135695	.06211223	0
696.15	0	.7241822	.2137428	.06207495	0
695.15	0	.7240471	.2139153	.06203764	0
694.15	0	.7239129	.2140868	.06200029	0
693.15	0	.7237796	.2142575	.06196291	0
692.15	0	.7236472	.2144273	.06192549	0
691.15	0	.7235156	.2145963	.06188804	0
690.15	0	.723385	.2147645	.06185056	0
689.15	0	.7232552	.2149318	.06181304	0
688.15	0	.7231262	.2150983	.06177548	0
687.15	0	.7229981	.2152641	.06173789	0
686.15	0	.7228707	.215429	.06170027	0
685.15	0	.7227442	.2155932	.06166262	0
684.15	0	.7226184	.2157567	.06162493	0
683.15	0	.7224934	.2159194	.0615872	0
682.15	0	.7223692	.2160813	.06154945	0
681.15	0	.7222457	.2162426	.06151165	0
680.15	0	.722123	.2164032	.06147383	0
679.15	0	.722001	.216563	.06143597	0
678.15	0	.7218797	.2167222	.06139808	0
677.15	0	.7217591	.2168807	.06136016	0
676.15	0	.7216393	.2170385	.0613222	0
675.15	0	.7215201	.2171957	.06128421	0
674.15	0	.7214015	.2173523	.06124619	0
673.15	0	.7212837	.2175082	.06120814	0
672.15	0	.7211665	.2176634	.06117006	0
671.15	0	.72105	.2178181	.06113194	0
670.15	0	.720934	.2179722	.0610938	0
669.15	0	.7208188	.2181256	.06105562	0
668.15	0	.7207041	.2182785	.06101742	0
667.15	0	.7205901	.2184307	.06097918	0
666.15	0	.7204767	.2185824	.06094092	0
665.15	0	.7203639	.2187335	.06090262	0
664.15	0	.7202516	.2188841	.0608643	0
663.15	0	.72014	.2190341	.06082595	0
662.15	0	.7200289	.2191835	.06078758	0
661.15	0	.7199184	.2193324	.06074917	0
660.15	0	.7198085	.2194808	.06071074	0
659.15	0	.7196991	.2196286	.06067229	0
658.15	0	.7195902	.219776	.06063381	0
657.15	0	.719482	.2199228	.0605953	0
656.15	0	.7193742	.220069	.06055677	0
655.15	0	.719267	.2202148	.06051821	0
654.15	0	.7191603	.2203601	.06047963	0
653.15	0	.7190541	.2205049	.06044103	0
652.15	0	.7189484	.2206492	.06040241	0
651.15	0	.7188433	.220793	.06036376	0
650.15	0	.7187386	.2209363	.06032509	0
649.15	0	.7186344	.2210792	.0602864	0
648.15	0	.7185308	.2212215	.06024769	0
647.15	0	.7184276	.2213635	.06020897	0
646.15	0	.7183249	.2215049	.06017022	0
645.15	0	.7182226	.2216459	.06013145	0
644.15	0	.7181209	.2217864	.06009267	0
643.15	0	.7180196	.2219265	.06005387	0
642.15	0	.7179188	.2220662	.06001505	0
641.15	0	.7178184	.2222054	.05997622	0
640.15	0	.7177185	.2223442	.05993737	0
639.15	0	.717619	.2224825	.0598985	0
638.15	0	.71752	.2226204	.05985962	0
637.15	0	.7174214	.2227579	.05982073	0
636.15	0	.7173232	.222895	.05978183	0
635.15	0	.7172255	.2230316	.05974291	0
634.15	0	.7171282	.2231678	.05970398	0
633.15	0	.7170313	.2233036	.05966504	0
632.15	0	.7169349	.223439	.05962609	0
631.15	0	.7168389	.223574	.05958713	0
630.15	0	.7167432	.2237086	.05954817	0
629.15	0	.716648	.2238428	.05950919	0
628.15	0	.7165532	.2239766	.05947021	0
627.15	0	.7164588	.22411	.05943122	0
626.15	0	.7163648	.224243	.05939222	0
625.15	0	.7162712	.2243756	.05935322	0
624.15	0	.716178	.2245078	.05931421	0
623.15	0	.7160851	.2246397	.0592752	0
622.15	0	.7159927	.2247711	.05923619	0
621.15	0	.7159006	.2249022	.05919717	0
620.15	0	.715809	.2250329	.05915815	0
619.15	0	.7157177	.2251632	.05911913	0
618.15	0	.7156267	.2252931	.05908011	0
617.15	0	.7155362	.2254227	.05904109	0
616.15	0	.715446	.2255519	.05900207	0
615.15	0	.7153562	.2256807	.05896305	0
614.15	0	.7152668	.2258092	.05892404	0
613.15	0	.7151777	.2259373	.05888503	0
612.15	0	.7150889	.2260651	.05884602	0
611.15	0	.7150006	.2261924	.05880701	0
610.15	0	.7149125	.2263194	.05876802	0
609.15	0	.7148249	.2264461	.05872903	0
608.15	0	.7147376	.2265724	.05869004	0
607.15	0	.7146506	.2266983	.05865106	0
606.15	0	.714564	.2268239	.05861209	0
605.15	0	.7144777	.2269492	.05857313	0
604.15	0	.7143918	.2270741	.05853418	0
603.15	0	.7143062	.2271986	.05849524	0
602.15	0	.7142209	.2273228	.05845631	0
601.15	0	.714136	.2274466	.0584174	0
600.15	0	.7140514	.2275701	.0583785	0
599.15	0	.7139671	.2276933	.05833961	0
598.15	0	.7138832	.2278161	.05830073	0
597.15	0	.7137996	.2279385	.05826187	0
596.15	0	.7137163	.2280607	.05822303	0
595.15	0	.7136334	.2281824	.0581842	0
594.15	0	.7135508	.2283039	.05814539	0
593.15	0	.7134684	.228425	.0581066	0
592.15	0	.7133865	.2285457	.05806782	0
591.15	0	.7133048	.2286662	.05802907	0
590.15	0	.7132234	.2287862	.05799034	0
589.15	0	.7131424	.228906	.05795162	0
588.15	0	.7130617	.2290254	.05791294	0
587.15	0	.7129812	.2291445	.05787427	0
586.15	0	.7129011	.2292632	.05783563	0
585.15	0	.7128213	.2293817	.05779701	0
584.15	0	.7127419	.2294997	.05775841	0
583.15	0	.7126627	.2296175	.05771985	0
582.15	0	.7125838	.2297349	.05768131	0
581.15	0	.7125052	.229852	.05764279	0
580.15	0	.7124269	.2299688	.05760431	0
579.15	0	.712349	.2300852	.05756585	0
578.15	0	.7122713	.2302013	.05752743	0
577.15	0	.7121939	.2303171	.05748903	0
576.15	0	.7121168	.2304325	.05745067	0
575.15	0	.71204	.2305476	.05741233	0
574.15	0	.7119636	.2306624	.05737404	0
573.15	0	.7118874	.2307769	.05733577	0
572.15	0	.7118115	.230891	.05729754	0
571.15	0	.7117358	.2310048	.05725934	0
570.15	0	.7116605	.2311183	.05722118	0
569.15	0	.7115855	.2312315	.05718306	0
568.15	0	.7115107	.2313443	.05714498	0
567.15	0	.7114363	.2314568	.05710693	0
566.15	0	.7113621	.231569	.05706892	0
565.15	0	.7112882	.2316808	.05703096	0
564.15	0	.7112146	.2317924	.05699303	0
563.15	0	.7111413	.2319036	.05695514	0
562.15	0	.7110682	.2320145	.0569173	0
561.15	0	.7109955	.232125	.0568795	0
560.15	0	.710923	.2322352	.05684174	0
559.15	0	.7108508	.2323452	.05680403	0
558.15	0	.7107789	.2324547	.05676637	0
557.15	0	.7107073	.232564	.05672875	0
556.15	0	.7106359	.2326729	.05669118	0
555.15	0	.7105648	.2327815	.05665365	0
554.15	0	.710494	.2328898	.05661618	0
553.15	0	.7104235	.2329978	.05657875	0
552.15	0	.7103532	.2331054	.05654137	0
551.15	0	.7102832	.2332127	.05650405	0
550.15	0	.7102135	.2333197	.05646677	0
549.15	0	.7101441	.2334264	.05642955	0
548.15	0	.7100749	.2335328	.05639238	0
547.15	0	.710006	.2336388	.05635527	0
546.15	0	.7099373	.2337445	.05631821	0
545.15	0	.709869	.2338498	.0562812	0
544.15	0	.7098009	.2339549	.05624425	0
543.15	0	.7097331	.2340596	.05620736	0
542.15	0	.7096655	.234164	.05617053	0
541.15	0	.7095982	.234268	.05613375	0
540.15	0	.7095312	.2343718	.05609704	0
539.15	0	.7094644	.2344752	.05606038	0
538.15	0	.7093979	.2345783	.05602379	0
537.15	0	.7093317	.2346811	.05598725	0
536.15	0	.7092657	.2347835	.05595078	0
535.15	0	.7092	.2348856	.05591437	0
534.15	0	.7091346	.2349874	.05587803	0
533.15	0	.7090694	.2350889	.05584175	0
532.15	0	.7090045	.23519	.05580554	0
531.15	0	.7089398	.2352908	.05576939	0
530.15	0	.7088754	.2353913	.05573331	0
529.15	0	.7088113	.2354914	.0556973	0
528.15	0	.7087474	.2355912	.05566135	0
527.15	0	.7086838	.2356907	.05562548	0
526.15	0	.7086205	.2357899	.05558967	0
525.15	0	.7085574	.2358887	.05555394	0
524.15	0	.7084945	.2359872	.05551827	0
523.15	0	.7084319	.2360854	.05548268	0
522.15	0	.7083696	.2361832	.05544716	0
521.15	0	.7083076	.2362807	.05541172	0
520.15	0	.7082457	.2363779	.05537635	0
519.15	0	.7081842	.2364748	.05534105	0
518.15	0	.7081229	.2365713	.05530583	0
517.15	0	.7080618	.2366675	.05527069	0
516.15	0	.7080011	.2367633	.05523563	0
515.15	0	.7079405	.2368588	.05520064	0
514.15	0	.7078802	.236954	.05516573	0
513.15	0	.7078203	.2370489	.05513078	0
512.15	0	.7077606	.2371434	.05509603	0
511.15	0	.7077011	.2372376	.05506136	0
510.15	0	.7076418	.2373314	.05502677	0
509.15	0	.7075828	.2374249	.05499226	0
508.15	0	.707524	.2375181	.05495784	0
507.15	0	.7074655	.237611	.0549235	0
506.15	0	.7074073	.2377035	.05488925	0
505.15	0	.7073493	.2377957	.05485508	0
504.15	0	.7072915	.2378875	.054821	0
503.15	0	.707234	.237979	.054787	0
502.15	0	.7071768	.2380702	.05475309	0
501.15	0	.7071198	.238161	.05471927	0
500.15	0	.707063	.2382515	.05468554	0
499.15	0	.7070065	.2383416	.05465189	0
498.15	0	.7069502	.2384314	.05461834	0
497.15	0	.7068942	.2385209	.05458488	0
496.15	0	.7068385	.23861	.05455151	0
495.15	0	.706783	.2386988	.05451823	0
494.15	0	.7067277	.2387873	.05448504	0
493.15	0	.7066727	.2388754	.05445195	0
492.15	0	.7066179	.2389631	.05441895	0
491.15	0	.7065634	.2390505	.05438605	0
490.15	0	.7065091	.2391376	.05435324	0
489.15	0	.7064551	.2392244	.05432053	0
488.15	0	.7064013	.2393107	.05428792	0
487.15	0	.7063478	.2393968	.0542554	0
486.15	0	.7062945	.2394825	.05422299	0
485.15	0	.7062415	.2395678	.05419067	0
484.15	0	.7061887	.2396529	.05415845	0
483.15	0	.7061362	.2397375	.05412633	0
482.15	0	.7060839	.2398218	.05409431	0
481.15	0	.7060318	.2399058	.0540624	0
480.15	0	.70598	.2399894	.05403058	0
479.15	0	.7059284	.2400727	.05399887	0
478.15	0	.7058771	.2401556	.05396726	0
477.15	0	.705826	.2402382	.05393576	0
476.15	0	.7057752	.2403205	.05390436	0
475.15	0	.7057246	.2404023	.05387307	0
474.15	0	.7056742	.2404839	.05384188	0
473.15	0	.7056241	.2405651	.0538108	0
472.15	0	.7055743	.2406459	.05377983	0
471.15	0	.7055247	.2407264	.05374897	0
470.15	0	.7054753	.2408065	.05371821	0
469.15	0	.7054262	.2408863	.05368756	0
468.15	0	.7053773	.2409657	.05365703	0
467.15	0	.7053286	.2410448	.0536266	0
466.15	0	.7052802	.2411235	.05359629	0
465.15	0	.705232	.2412019	.05356608	0
464.15	0	.7051841	.2412799	.05353599	0
463.15	0	.7051364	.2413576	.05350601	0
462.15	0	.705089	.2414349	.05347615	0
461.15	0	.7050418	.2415118	.0534464	0
460.15	0	.7049948	.2415884	.05341676	0
459.15	0	.7049481	.2416647	.05338724	0
458.15	0	.7049016	.2417405	.05335783	0
457.15	0	.7048554	.2418161	.05332855	0
456.15	0	.7048094	.2418912	.05329937	0
455.15	0	.7047636	.241966	.05327032	0
454.15	0	.7047181	.2420405	.05324139	0
453.15	0	.7046728	.2421146	.05321257	0
452.15	0	.7046278	.2421883	.05318387	0
451.15	0	.704583	.2422617	.05315529	0
450.15	0	.7045384	.2423347	.05312683	0
449.15	0	.7044941	.2424074	.05309852	0
448.15	0	.7044501	.2424796	.05307032	0
447.15	0	.7044063	.2425514	.05304226	0
446.15	0	.7043628	.2426229	.05301432	0
445.15	0	.7043195	.242694	.05298651	0
444.15	0	.7042764	.2427647	.05295883	0
443.15	0	.7042337	.2428351	.05293129	0
442.15	0	.7041912	.242905	.05290389	0
441.15	0	.7041489	.2429745	.05287662	0
440.15	0	.7041069	.2430436	.05284949	0
439.15	0	.7040652	.2431123	.05282251	0
438.15	0	.7040238	.2431806	.05279567	0
437.15	0	.7039826	.2432484	.05276897	0
436.15	0	.7039417	.2433159	.05274242	0
435.15	0	.7039011	.2433829	.05271602	0
434.15	0	.7038608	.2434494	.05268978	0
433.15	0	.7038208	.2435156	.05266368	0
432.15	0	.703781	.2435813	.05263774	0
431.15	0	.7037415	.2436465	.05261195	0
430.15	0	.7037023	.2437114	.05258631	0
429.15	0	.7036635	.2437757	.05256084	0
428.15	0	.7036248	.2438396	.05253552	0
427.15	0	.7035865	.2439031	.05251036	0
426.15	0	.7035485	.2439661	.05248536	0
425.15	0	.7035108	.2440287	.05246052	0
424.15	0	.7034733	.2440908	.05243585	0
423.15	0	.7034362	.2441525	.05241133	0
422.15	0	.7033993	.2442137	.05238698	0
421.15	0	.7033628	.2442744	.0523628	0
420.15	0	.7033265	.2443347	.05233878	0
419.15	0	.7032905	.2443945	.05231492	0
418.15	0	.7032549	.2444539	.05229124	0
417.15	0	.7032195	.2445128	.05226772	0
416.15	0	.7031844	.2445713	.05224436	0
415.15	0	.7031496	.2446292	.05222118	0
414.15	0	.7031151	.2446868	.05219816	0
413.15	0	.7030809	.2447438	.05217531	0
412.15	0	.703047	.2448004	.05215263	0
411.15	0	.7030133	.2448566	.05213012	0
410.15	0	.70298	.2449122	.05210778	0
409.15	0	.7029469	.2449675	.0520856	0
408.15	0	.7029142	.2450222	.0520636	0
407.15	0	.7028817	.2450765	.05204177	0
406.15	0	.7028495	.2451304	.05202011	0
405.15	0	.7028176	.2451838	.05199861	0
404.15	0	.702786	.2452367	.05197729	0
403.15	0	.7027547	.2452892	.05195614	0
402.15	0	.7027237	.2453412	.05193516	0
401.15	0	.7026929	.2453928	.05191434	0
400.15	0	.7026624	.2454439	.0518937	0
399.15	0	.7026322	.2454946	.05187323	0
398.15	0	.7026023	.2455448	.05185293	0
397.15	0	.7025726	.2455946	.05183279	0
396.15	0	.7025433	.2456439	.05181283	0
395.15	0	.7025142	.2456928	.05179303	0
394.15	0	.7024853	.2457413	.05177341	0
393.15	0	.7024568	.2457893	.05175395	0
392.15	0	.7024285	.2458369	.05173466	0
391.15	0	.7024004	.245884	.05171554	0
390.15	0	.7023727	.2459308	.05169658	0
389.15	0	.7023452	.245977	.0516778	0
388.15	0	.7023179	.2460229	.05165918	0
387.15	0	.7022909	.2460683	.05164072	0
386.15	0	.7022642	.2461133	.05162244	0
385.15	0	.7022378	.2461579	.05160431	0
384.15	0	.7022115	.2462021	.05158636	0
383.15	0	.7021856	.2462459	.05156856	0
382.15	0	.7021599	.2462892	.05155094	0
381.15	0	.7021344	.2463321	.05153347	0
380.15	0	.7021092	.2463747	.05151617	0
379.15	0	.7020842	.2464168	.05149903	0
378.15	0	.7020595	.2464585	.05148205	0
377.15	0	.702035	.2464998	.05146524	0
376.3841	0	.7020164	.2465312	.05145247	0
376.3841	0	.7020164	.2465312	.05145247	0
376.3841	0	.7020164	.2465312	.05145247	0
376.15	0	.7020702	.2463993	.05138446	1.459898E-04
375.15	0	.7023003	.2458363	.05109437	7.690883E-04
374.15	0	.7025301	.2452736	.05080481	.001391499
373.15	0	.7027597	.2447113	.05051579	.002013228
372.15	0	.7029891	.2441493	.0502273	.00263428
371.15	0	.7032183	.2435877	.04993935	.00325466
370.15	0	.7034474	.2430264	.04965193	.003874372
369.15	0	.7036762	.2424654	.04936504	.004493423
368.15	0	.7039048	.2419047	.04907868	.005111816
367.15	0	.7041332	.2413444	.04879283	.005729557
366.15	0	.7043615	.2407844	.04850751	.006346651
365.15	0	.7045895	.2402247	.04822271	.006963101
364.15	0	.7048174	.2396652	.04793842	.007578913
363.15	0	.7050452	.2391061	.04765464	.008194092
362.15	0	.7052727	.2385473	.04737138	.008808641
361.15	0	.7055001	.2379887	.04708862	.009422565
360.15	0	.7057273	.2374305	.04680637	.01003587
359.15	0	.7059543	.2368725	.04652463	.01064856
358.15	0	.7061812	.2363147	.04624339	.01126063
357.15	0	.706408	.2357573	.04596265	.0118721
356.15	0	.7066346	.2352001	.0456824	.01248297
355.15	0	.706861	.2346431	.04540265	.01309323
354.15	0	.7070873	.2340864	.04512339	.01370291
353.15	0	.7073134	.23353	.04484463	.01431198
352.15	0	.7075394	.2329738	.04456635	.01492048
351.15	0	.7077653	.2324178	.04428856	.01552839
350.15	0	.707991	.231862	.04401125	.01613571
349.15	0	.7082166	.2313065	.04373443	.01674247
348.15	0	.708442	.2307512	.04345808	.01734865
347.15	0	.7086674	.2301962	.04318222	.01795426
346.15	0	.7088926	.2296413	.04290683	.01855931
345.15	0	.7091176	.2290867	.04263191	.0191638
344.15	0	.7093426	.2285322	.04235747	.01976772
343.15	0	.7095674	.227978	.0420835	.0203711
342.15	0	.7097921	.227424	.04181	.02097392
341.15	0	.7100167	.2268702	.04153696	.0215762
340.15	0	.7102411	.2263165	.04126439	.02217793
339.15	0	.7104655	.2257631	.04099228	.02277912
338.15	0	.7106897	.2252098	.04072064	.02337977
337.15	0	.7109139	.2246568	.04044945	.02397989
336.15	0	.7111379	.2241039	.04017872	.02457948
335.15	0	.7113618	.2235512	.03990845	.02517854
334.15	0	.7115856	.2229987	.03963863	.02577707
333.15	0	.7118093	.2224464	.03936927	.02637508
332.15	0	.7120329	.2218942	.03910035	.02697257
331.15	0	.7122564	.2213422	.03883189	.02756954
330.15	0	.7124798	.2207903	.03856387	.028166
329.15	0	.7127031	.2202387	.0382963	.02876195
328.15	0	.7129263	.2196871	.03802918	.02935739
327.15	0	.7131494	.2191358	.03776249	.02995232
326.15	0	.7133724	.2185846	.03749625	.03054676
325.15	0	.7135953	.2180336	.03723045	.03114069
324.15	0	.7138181	.2174827	.03696509	.03173412
323.15	0	.7140409	.2169319	.03670017	.03232705
322.15	0	.7142635	.2163813	.03643568	.0329195
321.15	0	.7144861	.2158309	.03617163	.03351145
320.15	0	.7147085	.2152806	.03590801	.03410291
319.15	0	.7149309	.2147304	.03564482	.03469389
318.15	0	.7151532	.2141804	.03538206	.03528438
317.15	0	.7153754	.2136305	.03511973	.03587439
316.15	0	.7155975	.2130807	.03485783	.03646393
315.15	0	.7158195	.2125311	.03459636	.03705298
314.15	0	.7160415	.2119816	.03433531	.03764156
313.15	0	.7162634	.2114323	.03407469	.03822967
312.15	0	.7164852	.210883	.03381449	.0388173
311.15	0	.7167069	.2103339	.03355472	.03940446
310.15	0	.7169285	.209785	.03329536	.03999116
309.15	0	.7171501	.2092361	.03303643	.04057739
308.15	0	.7173715	.2086874	.03277791	.04116316
307.15	0	.7175929	.2081388	.03251981	.04174847
306.15	0	.7178142	.2075903	.03226213	.04233331
305.15	0	.7180355	.2070419	.03200487	.0429177
304.15	0	.7182567	.2064937	.03174802	.04350163
303.15	0	.7184778	.2059456	.03149158	.0440851
302.15	0	.7186988	.2053976	.03123556	.04466812
301.15	0	.7189197	.2048497	.03097995	.04525069
300.15	0	.7191406	.2043019	.03072476	.0458328
299.15	0	.7193614	.2037542	.03046997	.04641447
298.15	0	.7195821	.2032066	.03021559	.04699569
