T	 BPW(LIQUID)	BPW(BCC_A2)	BPW(FCC_A1)	BPW(LAVES_PHASE_C14)	BPW(NI3TI)
1473.15	.1736983	.8263017	0	0	0
1472.15	.1708364	.8291636	0	0	0
1471.15	.1679964	.8320036	0	0	0
1470.15	.1651779	.8348221	0	0	0
1469.15	.162381	.837619	0	0	0
1468.15	.1596053	.8403947	0	0	0
1467.15	.1568507	.8431493	0	0	0
1466.15	.1541171	.8458829	0	0	0
1465.15	.1514043	.8485957	0	0	0
1464.15	.148712	.851288	0	0	0
1463.15	.1460403	.8539598	0	0	0
1462.15	.1433888	.8566112	0	0	0
1461.15	.1407574	.8592426	0	0	0
1460.15	.138146	.861854	0	0	0
1459.15	.1355543	.8644457	0	0	0
1458.15	.1329823	.8670177	0	0	0
1457.15	.1304298	.8695702	0	0	0
1456.15	.1278966	.8721034	0	0	0
1455.15	.1253826	.8746174	0	0	0
1454.15	.1228876	.8771124	0	0	0
1453.15	.1204114	.8795886	0	0	0
1452.15	.1179539	.8820461	0	0	0
1451.15	.115515	.884485	0	0	0
1450.15	.1130945	.8869055	0	0	0
1449.15	.1106922	.8893078	0	0	0
1448.15	.108308	.891692	0	0	0
1447.15	.1059418	.8940582	0	0	0
1446.15	.1035934	.8964066	0	0	0
1445.15	.1012626	.8987374	0	0	0
1444.15	.09894934	.9010507	0	0	0
1443.15	.09665346	.9033465	0	0	0
1442.15	.09437481	.9056252	0	0	0
1441.15	.09211324	.9078868	0	0	0
1440.15	.08986863	.9101314	0	0	0
1439.15	.08764082	.9123592	0	0	0
1438.15	.08542969	.9145703	0	0	0
1437.15	.08323508	.9167649	0	0	0
1436.15	.08105688	.9189431	0	0	0
1435.15	.07889495	.9211051	0	0	0
1434.15	.07674915	.9232509	0	0	0
1433.15	.07461934	.9253807	0	0	0
1432.15	.07250541	.9274946	0	0	0
1431.15	.07040721	.9295928	0	0	0
1430.15	.06832462	.9316754	0	0	0
1429.15	.06625752	.9337425	0	0	0
1428.15	.06420576	.9357942	0	0	0
1427.15	.06216923	.9378308	0	0	0
1426.15	.06014781	.9398522	0	0	0
1425.15	.05814136	.9418586	0	0	0
1424.15	.05614977	.9438502	0	0	0
1423.15	.05417292	.9458271	0	0	0
1422.15	.05221067	.9477893	0	0	0
1421.15	.05026292	.9497371	0	0	0
1420.15	.04832954	.9516705	0	0	0
1419.15	.04641042	.9535896	0	0	0
1418.15	.04450544	.9554946	0	0	0
1417.15	.04261447	.9573855	0	0	0
1416.15	.04073742	.9592626	0	0	0
1415.15	.03887417	.9611258	0	0	0
1414.15	.03702459	.9629754	0	0	0
1413.15	.03518858	.9648114	0	0	0
1412.15	.03336604	.966634	0	0	0
1411.15	.03155684	.9684432	0	0	0
1410.15	.02976088	.9702391	0	0	0
1409.758	.02906121	.9709388	0	0	0
1409.758	.02906121	.9709388	0	0	0
1409.758	.02906121	.9709388	0	0	0
1409.15	.02740322	.9718669	0	7.299054E-04	0
1408.15	.02470357	.9733742	0	.00192224	0
1407.15	.02203499	.9748594	0	.003105607	0
1406.15	.01939691	.9763229	0	.004280171	0
1405.15	.01678877	.9777651	0	.005446095	0
1404.15	.01421004	.9791864	0	.006603537	0
1403.15	.01166017	.9805872	0	.007752651	0
1402.15	.009138649	.9819678	0	.008893589	0
1401.15	.006644972	.9833285	0	.0100265	0
1400.15	.00417864	.9846698	0	.01115152	0
1399.15	.00173917	.985992	0	.01226879	0
1398.43	0	.9869319	0	.01306811	0
1398.43	0	.9869319	0	.01306811	0
1398.15	0	.9867262	0	.01327382	0
1397.15	0	.9859936	0	.01400644	0
1396.15	0	.9852627	0	.01473733	0
1395.15	0	.9845335	0	.01546651	0
1394.15	0	.983806	0	.01619397	0
1393.15	0	.9830803	0	.01691973	0
1392.15	0	.9823562	0	.01764378	0
1391.15	0	.9816339	0	.01836615	0
1390.15	0	.9809132	0	.01908682	0
1389.15	0	.9801942	0	.01980581	0
1388.15	0	.9794769	0	.02052312	0
1387.15	0	.9787613	0	.02123875	0
1386.15	0	.9780473	0	.02195272	0
1385.15	0	.977335	0	.02266503	0
1384.15	0	.9766243	0	.02337569	0
1383.15	0	.9759153	0	.02408469	0
1382.15	0	.975208	0	.02479204	0
1381.15	0	.9745022	0	.02549776	0
1380.15	0	.9737982	0	.02620185	0
1379.15	0	.9730957	0	.0269043	0
1378.15	0	.9723949	0	.02760513	0
1377.15	0	.9716957	0	.02830434	0
1376.15	0	.9709981	0	.02900194	0
1375.15	0	.9703021	0	.02969794	0
1374.15	0	.9696077	0	.03039233	0
1373.15	0	.9689149	0	.03108512	0
1372.15	0	.9682237	0	.03177632	0
1371.15	0	.9675341	0	.03246593	0
1370.15	0	.966846	0	.03315397	0
1369.15	0	.9661596	0	.03384042	0
1368.15	0	.9654747	0	.03452531	0
1367.15	0	.9647914	0	.03520862	0
1366.15	0	.9641096	0	.03589038	0
1365.15	0	.9634294	0	.03657058	0
1364.15	0	.9627508	0	.03724923	0
1363.15	0	.9620737	0	.03792633	0
1362.15	0	.9613981	0	.0386019	0
1361.15	0	.9607241	0	.03927592	0
1360.15	0	.9600516	0	.03994842	0
1359.15	0	.9593806	0	.04061939	0
1358.15	0	.9587112	0	.04128883	0
1357.15	0	.9580432	0	.04195676	0
1356.15	0	.9573768	0	.04262318	0
1355.15	0	.9567119	0	.04328809	0
1354.15	0	.9560485	0	.0439515	0
1353.15	0	.9553866	0	.04461341	0
1352.15	0	.9547262	0	.04527383	0
1351.15	0	.9540672	0	.04593276	0
1350.15	0	.9534098	0	.0465902	0
1349.15	0	.9527538	0	.04724617	0
1348.15	0	.9520993	0	.04790066	0
1347.15	0	.9514463	0	.04855369	0
1346.15	0	.9507948	0	.04920525	0
1345.15	0	.9501447	0	.04985535	0
1344.15	0	.949496	0	.05050399	0
1343.15	0	.9488488	0	.05115118	0
1342.15	0	.9482031	0	.05179693	0
1341.15	0	.9475588	0	.05244123	0
1340.15	0	.9469159	0	.0530841	0
1339.15	0	.9462745	0	.05372553	0
1338.15	0	.9456345	0	.05436553	0
1337.15	0	.9449959	0	.05500411	0
1336.15	0	.9443587	0	.05564127	0
1335.15	0	.943723	0	.05627702	0
1334.15	0	.9430886	0	.05691135	0
1333.15	0	.9424557	0	.05754428	0
1332.15	0	.9418242	0	.0581758	0
1331.15	0	.9411941	0	.05880593	0
1330.15	0	.9405653	0	.05943466	0
1329.15	0	.939938	0	.060062	0
1328.15	0	.939312	0	.06068796	0
1327.15	0	.9386875	0	.06131254	0
1326.15	0	.9380643	0	.06193574	0
1325.15	0	.9374424	0	.06255757	0
1324.15	0	.936822	0	.06317802	0
1323.15	0	.9362029	0	.06379712	0
1322.15	0	.9355852	0	.06441485	0
1321.15	0	.9349688	0	.06503123	0
1320.15	0	.9343537	0	.06564626	0
1319.15	0	.9337401	0	.06625993	0
1318.15	0	.9331277	0	.06687227	0
1317.15	0	.9325167	0	.06748326	0
1316.15	0	.9319071	0	.06809292	0
1315.15	0	.9312988	0	.06870125	0
1314.15	0	.9306918	0	.06930825	0
1313.15	0	.9300861	0	.06991392	0
1312.15	0	.9294817	0	.07051828	0
1311.15	0	.9288787	0	.07112132	0
1310.15	0	.928277	0	.07172305	0
1309.15	0	.9276765	0	.07232347	0
1308.15	0	.9270774	0	.07292258	0
1307.15	0	.9264796	0	.0735204	0
1306.15	0	.9258831	0	.07411692	0
1305.15	0	.9252879	0	.07471214	0
1304.15	0	.9246939	0	.07530608	0
1303.15	0	.9241013	0	.07589873	0
1302.15	0	.9235099	0	.0764901	0
1301.15	0	.9229198	0	.0770802	0
1300.15	0	.922331	0	.07766902	0
1299.15	0	.9217434	0	.07825656	0
1298.15	0	.9211571	0	.07884285	0
1297.15	0	.9205721	0	.07942787	0
1296.15	0	.9199884	0	.08001163	0
1295.15	0	.9194059	0	.08059414	0
1294.15	0	.9188246	0	.08117539	0
1293.15	0	.9182446	0	.0817554	0
1292.15	0	.9176658	0	.08233416	0
1291.15	0	.9170883	0	.08291168	0
1290.15	0	.916512	0	.08348797	0
1289.15	0	.915937	0	.08406302	0
1288.15	0	.9153632	0	.08463684	0
1287.15	0	.9147906	0	.08520943	0
1286.15	0	.9142192	0	.0857808	0
1285.15	0	.913649	0	.08635096	0
1284.15	0	.9130801	0	.08691989	0
1283.15	0	.9125124	0	.08748762	0
1282.15	0	.9119459	0	.08805413	0
1281.15	0	.9113806	0	.08861944	0
1280.15	0	.9108165	0	.08918354	0
1279.15	0	.9102536	0	.08974645	0
1278.15	0	.9096918	0	.09030816	0
1277.15	0	.9091313	0	.09086868	0
1276.15	0	.908572	0	.09142801	0
1275.15	0	.9080138	0	.09198616	0
1274.15	0	.9074569	0	.09254312	0
1273.15	0	.9069011	0	.09309891	0
1272.15	0	.9063465	0	.09365352	0
1271.15	0	.905793	0	.09420696	0
1270.15	0	.9052408	0	.09475923	0
1269.15	0	.9046897	0	.09531033	0
1268.15	0	.9041397	0	.09586027	0
1267.15	0	.903591	0	.09640906	0
1266.15	0	.9030433	0	.09695668	0
1265.15	0	.9024968	0	.09750315	0
1264.15	0	.9019515	0	.09804848	0
1263.15	0	.9014073	0	.09859266	0
1262.15	0	.9008643	0	.09913569	0
1261.15	0	.9003224	0	.09967759	0
1260.15	0	.8997817	0	.1002183	0
1259.15	0	.899242	0	.100758	0
1258.15	0	.8987035	0	.1012965	0
1257.15	0	.8981662	0	.1018338	0
1256.15	0	.8976299	0	.1023701	0
1255.15	0	.8970948	0	.1029052	0
1254.15	0	.8965608	0	.1034392	0
1253.15	0	.8960279	0	.1039721	0
1252.15	0	.8954961	0	.1045039	0
1251.15	0	.8949655	0	.1050345	0
1250.15	0	.8944359	0	.1055641	0
1249.15	0	.8939075	0	.1060926	0
1248.15	0	.8933801	0	.1066199	0
1247.15	0	.8928538	0	.1071462	0
1246.15	0	.8923287	0	.1076713	0
1245.15	0	.8918046	0	.1081954	0
1244.15	0	.8912816	0	.1087184	0
1243.15	0	.8907597	0	.1092403	0
1242.15	0	.8902389	0	.1097611	0
1241.15	0	.8897192	0	.1102809	0
1240.15	0	.8892005	0	.1107995	0
1239.15	0	.8886829	0	.1113171	0
1238.15	0	.8881664	0	.1118336	0
1237.15	0	.8876509	0	.1123491	0
1236.15	0	.8871366	0	.1128634	0
1235.15	0	.8866232	0	.1133768	0
1234.15	0	.886111	0	.113889	0
1233.15	0	.8855998	0	.1144002	0
1232.15	0	.8850896	0	.1149104	0
1231.15	0	.8845805	0	.1154195	0
1230.15	0	.8840725	0	.1159275	0
1229.15	0	.8835655	0	.1164345	0
1228.15	0	.8830595	0	.1169405	0
1227.15	0	.8825546	0	.1174454	0
1226.15	0	.8820507	0	.1179493	0
1225.15	0	.8815479	0	.1184521	0
1224.15	0	.8810461	0	.1189539	0
1223.15	0	.8805453	0	.1194547	0
1222.15	0	.8800456	0	.1199545	0
1221.15	0	.8795468	0	.1204532	0
1220.15	0	.8790491	0	.1209509	0
1219.15	0	.8785524	0	.1214476	0
1218.15	0	.8780568	0	.1219432	0
1217.15	0	.8775621	0	.1224379	0
1216.15	0	.8770685	0	.1229315	0
1215.15	0	.8765758	0	.1234242	0
1214.15	0	.8760842	0	.1239158	0
1213.15	0	.8755936	0	.1244064	0
1212.15	0	.8751039	0	.1248961	0
1211.15	0	.8746153	0	.1253847	0
1210.15	0	.8741277	0	.1258723	0
1209.15	0	.8736411	0	.1263589	0
1208.15	0	.8731554	0	.1268446	0
1207.15	0	.8726708	0	.1273292	0
1206.15	0	.8721871	0	.1278129	0
1205.15	0	.8717044	0	.1282956	0
1204.15	0	.8712227	0	.1287773	0
1203.15	0	.870742	0	.129258	0
1202.15	0	.8702622	0	.1297378	0
1201.15	0	.8697835	0	.1302165	0
1200.15	0	.8693057	0	.1306943	0
1199.15	0	.8688288	0	.1311712	0
1198.15	0	.868353	0	.131647	0
1197.15	0	.8678781	0	.1321219	0
1196.15	0	.8674041	0	.1325959	0
1195.15	0	.8669312	0	.1330688	0
1194.15	0	.8664592	0	.1335409	0
1193.15	0	.8659881	0	.1340119	0
1192.15	0	.865518	0	.134482	0
1191.15	0	.8650488	0	.1349512	0
1190.15	0	.8645806	0	.1354194	0
1189.15	0	.8641134	0	.1358866	0
1188.15	0	.863647	0	.136353	0
1187.15	0	.8631817	0	.1368184	0
1186.15	0	.8627172	0	.1372828	0
1185.15	0	.8622537	0	.1377463	0
1184.15	0	.8617911	0	.1382089	0
1183.15	0	.8613295	0	.1386705	0
1182.15	0	.8608688	0	.1391312	0
1181.15	0	.860409	0	.139591	0
1180.15	0	.8599502	0	.1400498	0
1179.15	0	.8594922	0	.1405078	0
1178.15	0	.8590353	0	.1409647	0
1177.15	0	.8585792	0	.1414208	0
1176.15	0	.858124	0	.141876	0
1175.15	0	.8576697	0	.1423303	0
1174.15	0	.8572164	0	.1427836	0
1173.15	0	.856764	0	.143236	0
1172.15	0	.8563125	0	.1436875	0
1171.15	0	.8558618	0	.1441382	0
1170.15	0	.8554121	0	.1445879	0
1169.15	0	.8549633	0	.1450367	0
1168.15	0	.8545154	0	.1454846	0
1167.15	0	.8540684	0	.1459316	0
1166.15	0	.8536223	0	.1463777	0
1165.15	0	.8531771	0	.1468229	0
1164.15	0	.8527328	0	.1472672	0
1163.15	0	.8522893	0	.1477107	0
1162.15	0	.8518468	0	.1481532	0
1161.15	0	.8514051	0	.1485949	0
1160.15	0	.8509643	0	.1490356	0
1159.15	0	.8505245	0	.1494755	0
1158.15	0	.8500854	0	.1499146	0
1157.15	0	.8496473	0	.1503527	0
1156.15	0	.84921	0	.15079	0
1155.15	0	.8487737	0	.1512263	0
1154.15	0	.8483381	0	.1516619	0
1153.15	0	.8479035	0	.1520965	0
1152.15	0	.8474697	0	.1525303	0
1151.15	0	.8470368	0	.1529632	0
1150.15	0	.8466048	0	.1533952	0
1149.15	0	.8461736	0	.1538264	0
1148.15	0	.8457433	0	.1542567	0
1147.15	0	.8453138	0	.1546862	0
1146.15	0	.8448852	0	.1551148	0
1145.15	0	.8444575	0	.1555425	0
1144.15	0	.8440306	0	.1559694	0
1143.15	0	.8436045	0	.1563955	0
1142.15	0	.8431793	0	.1568207	0
1141.15	0	.842755	0	.157245	0
1140.15	0	.8423315	0	.1576685	0
1139.15	0	.8419088	0	.1580912	0
1138.15	0	.841487	0	.158513	0
1137.15	0	.841066	0	.158934	0
1136.15	0	.8406459	0	.1593541	0
1135.15	0	.8402266	0	.1597734	0
1134.15	0	.8398081	0	.1601919	0
1133.15	0	.8393905	0	.1606095	0
1132.15	0	.8389737	0	.1610263	0
1131.15	0	.8385577	0	.1614423	0
1130.15	0	.8381426	0	.1618574	0
1129.15	0	.8377282	0	.1622718	0
1128.15	0	.8373147	0	.1626853	0
1127.15	0	.8369021	0	.1630979	0
1126.15	0	.8364902	0	.1635098	0
1125.15	0	.8360792	0	.1639208	0
1124.15	0	.835669	0	.164331	0
1123.15	0	.8352596	0	.1647404	0
1122.15	0	.834851	0	.165149	0
1121.15	0	.8344432	0	.1655568	0
1120.15	0	.8340363	0	.1659638	0
1119.15	0	.8336301	0	.1663699	0
1118.15	0	.8332247	0	.1667753	0
1117.15	0	.8328202	0	.1671798	0
1116.15	0	.8324165	0	.1675835	0
1115.15	0	.8320135	0	.1679865	0
1114.15	0	.8316114	0	.1683886	0
1113.15	0	.8312101	0	.1687899	0
1112.15	0	.8308095	0	.1691905	0
1111.15	0	.8304098	0	.1695902	0
1110.15	0	.8300108	0	.1699892	0
1109.15	0	.8296127	0	.1703873	0
1108.15	0	.8292153	0	.1707847	0
1107.15	0	.8288187	0	.1711813	0
1106.15	0	.8284229	0	.1715771	0
1105.15	0	.8280279	0	.1719721	0
1104.15	0	.8276337	0	.1723663	0
1103.15	0	.8272403	0	.1727597	0
1102.15	0	.8268476	0	.1731524	0
1101.15	0	.8264558	0	.1735442	0
1100.15	0	.8260647	0	.1739353	0
1099.15	0	.8256743	0	.1743257	0
1098.15	0	.8252848	0	.1747152	0
1097.15	0	.824896	0	.175104	0
1096.15	0	.824508	0	.175492	0
1095.15	0	.8241208	0	.1758792	0
1094.15	0	.8237344	0	.1762656	0
1093.15	0	.8233487	0	.1766513	0
1092.15	0	.8229638	0	.1770363	0
1091.15	0	.8225796	0	.1774204	0
1090.15	0	.8221962	0	.1778038	0
1089.15	0	.8218136	0	.1781864	0
1088.15	0	.8214317	0	.1785683	0
1087.15	0	.8210506	0	.1789494	0
1086.15	0	.8206702	0	.1793298	0
1085.15	0	.8202907	0	.1797093	0
1084.15	0	.8199118	0	.1800882	0
1083.15	0	.8195337	0	.1804663	0
1082.15	0	.8191564	0	.1808436	0
1081.15	0	.8187798	0	.1812202	0
1080.15	0	.818404	0	.181596	0
1079.15	0	.8180289	0	.1819711	0
1078.15	0	.8176545	0	.1823455	0
1077.15	0	.8172809	0	.1827191	0
1076.15	0	.8169081	0	.1830919	0
1075.15	0	.816536	0	.183464	0
1074.15	0	.8161646	0	.1838354	0
1073.15	0	.815794	0	.184206	0
1072.15	0	.8154241	0	.1845759	0
1071.15	0	.815055	0	.1849451	0
1070.15	0	.8146865	0	.1853135	0
1069.15	0	.8143189	0	.1856811	0
1068.15	0	.8139519	0	.1860481	0
1067.15	0	.8135857	0	.1864143	0
1066.15	0	.8132202	0	.1867798	0
1065.15	0	.8128555	0	.1871445	0
1064.15	0	.8124914	0	.1875086	0
1063.15	0	.8121281	0	.1878719	0
1062.15	0	.8117656	0	.1882344	0
1061.15	0	.8114037	0	.1885963	0
1060.15	0	.8110426	0	.1889574	0
1059.15	0	.8106822	0	.1893178	0
1058.15	0	.8103225	0	.1896775	0
1057.15	0	.8099635	0	.1900365	0
1056.15	0	.8096053	0	.1903947	0
1055.15	0	.8092478	0	.1907522	0
1054.15	0	.8088909	0	.1911091	0
1053.15	0	.8085349	0	.1914652	0
1052.15	0	.8081795	0	.1918205	0
1051.15	0	.8078248	0	.1921752	0
1050.15	0	.8074708	0	.1925292	0
1050.138	0	.8074667	0	.1925333	0
1050.138	0	.8074667	0	.1925333	0
1050.138	0	.8074667	0	.1925333	0
1049.15	0	.806515	6.509389E-04	.1928341	0
1048.15	0	.8055547	.001307716	.1931376	0
1047.15	0	.804597	.001962705	.1934403	0
1046.15	0	.8036419	.002615907	.1937422	0
1045.15	0	.8026894	.003267324	.1940432	0
1044.15	0	.8017395	.003916958	.1943435	0
1043.15	0	.8007922	.004564814	.194643	0
1042.15	0	.7998475	.005210891	.1949416	0
1041.15	0	.7989054	.005855194	.1952394	0
1040.15	0	.7979658	.006497725	.1955365	0
1039.15	0	.7970288	.007138485	.1958327	0
1038.15	0	.7960944	.007777478	.1961281	0
1037.15	0	.7951626	.008414705	.1964227	0
1036.15	0	.7942333	.00905017	.1967165	0
1035.15	0	.7933066	.009683875	.1970095	0
1034.15	0	.7923825	.01031582	.1973017	0
1033.15	0	.7914609	.01094601	.1975931	0
1032.15	0	.7905419	.01157445	.1978836	0
1031.15	0	.7896254	.01220114	.1981734	0
1030.15	0	.7887115	.01282609	.1984624	0
1029.15	0	.7878001	.01344929	.1987506	0
1028.15	0	.7868913	.01407074	.1990379	0
1027.15	0	.785985	.01469046	.1993245	0
1026.15	0	.7850813	.01530844	.1996103	0
1025.15	0	.7841801	.01592469	.1998953	0
1024.15	0	.7832814	.01653921	.2001794	0
1023.15	0	.7823852	.01715199	.2004628	0
1022.15	0	.7814916	.01776306	.2007454	0
1021.15	0	.7806005	.0183724	.2010271	0
1020.15	0	.7797119	.01898003	.2013081	0
1019.15	0	.7788258	.01958593	.2015883	0
1018.15	0	.7779423	.02019013	.2018676	0
1017.15	0	.7770612	.02079261	.2021462	0
1016.15	0	.7761827	.02139339	.202424	0
1015.15	0	.7753066	.02199247	.2027009	0
1014.15	0	.7744331	.02258984	.2029771	0
1013.15	0	.773562	.02318552	.2032525	0
1012.15	0	.7726935	.0237795	.203527	0
1011.15	0	.7718274	.02437179	.2038008	0
1010.15	0	.7709638	.0249624	.2040738	0
1009.15	0	.7701027	.02555132	.2043459	0
1008.15	0	.7692441	.02613856	.2046173	0
1007.15	0	.768388	.02672413	.2048879	0
1006.15	0	.7675343	.02730802	.2051577	0
1005.15	0	.7666831	.02789025	.2054267	0
1004.15	0	.7658344	.02847081	.2056948	0
1003.15	0	.7649881	.02904971	.2059622	0
1002.15	0	.7641443	.02962695	.2062288	0
1001.15	0	.7633029	.03020253	.2064945	0
1000.15	0	.762464	.03077647	.2067595	0
999.15	0	.7616276	.03134876	.2070237	0
998.15	0	.7607936	.03191941	.207287	0
997.15	0	.759962	.03248843	.2075496	0
996.15	0	.7591329	.03305581	.2078113	0
995.15	0	.7583062	.03362156	.2080723	0
994.15	0	.7574819	.03418569	.2083324	0
993.15	0	.75666	.0347482	.2085918	0
992.15	0	.7558406	.0353091	.2088503	0
991.15	0	.7550236	.03586838	.209108	0
990.15	0	.754209	.03642606	.2093649	0
989.15	0	.7533968	.03698215	.209621	0
988.15	0	.752587	.03753663	.2098763	0
987.15	0	.7517797	.03808953	.2101308	0
986.15	0	.7509747	.03864084	.2103845	0
985.15	0	.7501721	.03919057	.2106374	0
984.15	0	.7493719	.03973873	.2108894	0
983.15	0	.748574	.04028532	.2111406	0
982.15	0	.7477786	.04083035	.2113911	0
981.15	0	.7469855	.04137382	.2116407	0
980.15	0	.7461948	.04191574	.2118895	0
979.15	0	.7454065	.04245611	.2121374	0
978.15	0	.7446205	.04299495	.2123846	0
977.15	0	.7438369	.04353225	.2126309	0
976.15	0	.7430556	.04406803	.2128764	0
975.15	0	.7422767	.04460228	.2131211	0
974.15	0	.7415001	.04513503	.2133649	0
973.15	0	.7407258	.04566626	.2136079	0
972.15	0	.7399539	.046196	.2138501	0
971.15	0	.7391843	.04672425	.2140915	0
970.15	0	.738417	.04725101	.214332	0
969.15	0	.737652	.04777629	.2145717	0
968.15	0	.7368893	.04830011	.2148106	0
967.15	0	.7361289	.04882246	.2150486	0
966.15	0	.7353708	.04934335	.2152858	0
965.15	0	.734615	.0498628	.2155222	0
964.15	0	.7338615	.05038081	.2157577	0
963.15	0	.7331103	.05089739	.2159924	0
962.15	0	.7323613	.05141255	.2162262	0
961.15	0	.7316146	.05192629	.2164591	0
960.15	0	.7308701	.05243863	.2166913	0
959.15	0	.7301279	.05294958	.2169225	0
958.15	0	.7293879	.05345914	.217153	0
957.15	0	.7286502	.05396732	.2173825	0
956.15	0	.7279146	.05447414	.2176112	0
955.15	0	.7271813	.0549796	.2178391	0
954.15	0	.7264503	.05548372	.218066	0
953.15	0	.7257214	.0559865	.2182921	0
952.15	0	.7249947	.05648795	.2185174	0
951.15	0	.7242702	.05698809	.2187418	0
950.15	0	.7235478	.05748692	.2189653	0
949.15	0	.7228277	.05798446	.2191879	0
948.15	0	.7221097	.05848072	.2194096	0
947.15	0	.7213938	.05897571	.2196305	0
946.15	0	.7206801	.05946944	.2198505	0
945.15	0	.7199685	.05996193	.2200695	0
944.15	0	.7192591	.06045318	.2202877	0
943.15	0	.7185517	.06094322	.220505	0
942.15	0	.7178465	.06143204	.2207215	0
941.15	0	.7171434	.06191968	.220937	0
940.15	0	.7164423	.06240613	.2211516	0
939.15	0	.7157433	.06289142	.2213653	0
938.15	0	.7150464	.06337555	.2215781	0
937.15	0	.7143515	.06385855	.2217899	0
936.15	0	.7136587	.06434042	.2220009	0
935.15	0	.7129679	.06482119	.2222109	0
934.15	0	.7122791	.06530086	.22242	0
933.15	0	.7115923	.06577946	.2226282	0
932.15	0	.7109075	.066257	.2228355	0
931.15	0	.7102247	.0667335	.2230418	0
930.15	0	.7095439	.06720896	.2232472	0
929.15	0	.708865	.06768342	.2234516	0
928.15	0	.708188	.06815689	.2236551	0
927.15	0	.707513	.06862938	.2238576	0
926.15	0	.7068399	.06910091	.2240592	0
925.15	0	.7061687	.06957151	.2242598	0
924.15	0	.7054994	.0700412	.2244594	0
923.15	0	.7048319	.07050998	.2246581	0
922.15	0	.7041663	.07097788	.2248558	0
921.15	0	.7035025	.07144493	.2250525	0
920.15	0	.7028406	.07191114	.2252483	0
919.15	0	.7021804	.07237653	.225443	0
918.15	0	.7015221	.07284113	.2256368	0
917.15	0	.7008655	.07330496	.2258295	0
916.15	0	.7002107	.07376803	.2260213	0
915.15	0	.6995576	.07423038	.226212	0
914.15	0	.6989062	.07469203	.2264017	0
913.15	0	.6982565	.075153	.2265904	0
912.15	0	.6976086	.07561332	.2267781	0
911.15	0	.6969622	.07607301	.2269648	0
910.15	0	.6963176	.07653209	.2271504	0
909.15	0	.6956745	.0769906	.2273349	0
908.15	0	.695033	.07744856	.2275184	0
907.15	0	.6943932	.077906	.2277009	0
906.15	0	.6937548	.07836294	.2278822	0
905.15	0	.6931181	.07881942	.2280625	0
904.15	0	.6924828	.07927546	.2282418	0
903.15	0	.691849	.0797311	.2284199	0
902.15	0	.6912167	.08018636	.228597	0
901.15	0	.6905858	.08064127	.2287729	0
900.15	0	.6899564	.08109588	.2289478	0
899.15	0	.6893283	.0815502	.2291215	0
898.15	0	.6887016	.08200427	.2292941	0
897.15	0	.6880763	.08245814	.2294656	0
896.15	0	.6874522	.08291182	.2296359	0
895.15	0	.6868295	.08336537	.2298052	0
894.15	0	.686208	.08381881	.2299732	0
893.15	0	.6855877	.08427218	.2301401	0
892.15	0	.6849687	.08472552	.2303058	0
891.15	0	.6843508	.08517886	.2304703	0
890.15	0	.683734	.08563226	.2306337	0
889.15	0	.6831184	.08608574	.2307958	0
888.15	0	.6825039	.08653935	.2309568	0
887.15	0	.6818903	.08699314	.2311165	0
886.15	0	.6812778	.08744713	.231275	0
885.15	0	.6806663	.08790139	.2314323	0
884.15	0	.6800557	.08835596	.2315883	0
883.15	0	.679446	.08881087	.2317431	0
882.15	0	.6788372	.08926619	.2318966	0
881.15	0	.6782292	.08972195	.2320488	0
880.15	0	.677622	.09017821	.2321998	0
879.15	0	.6770156	.09063502	.2323494	0
878.15	0	.6764098	.09109243	.2324977	0
877.15	0	.6758048	.09155049	.2326447	0
876.15	0	.6752003	.09200926	.2327904	0
875.15	0	.6745965	.09246879	.2329347	0
874.15	0	.6739932	.09292915	.2330777	0
873.15	0	.6733904	.09339038	.2332193	0
872.15	0	.672788	.09385256	.2333595	0
871.15	0	.672186	.09431573	.2334982	0
870.15	0	.6715844	.09477998	.2336356	0
869.15	0	.6709831	.09524535	.2337716	0
868.15	0	.670382	.09571192	.2339061	0
867.15	0	.6697812	.09617975	.2340391	0
866.15	0	.6691804	.09664892	.2341707	0
865.15	0	.6685798	.09711949	.2343007	0
864.15	0	.6679792	.09759155	.2344293	0
863.15	0	.6673785	.09806516	.2345563	0
862.15	0	.6667778	.0985404	.2346818	0
861.15	0	.6661769	.09901736	.2348057	0
860.15	0	.6655758	.09949612	.234928	0
859.15	0	.6649744	.09997676	.2350488	0
858.15	0	.6643727	.1004594	.2351679	0
857.15	0	.6637706	.100944	.2352854	0
856.15	0	.6631679	.1014308	.2354012	0
855.15	0	.6625647	.1019199	.2355154	0
854.15	0	.6619609	.1024113	.2356278	0
853.15	0	.6613564	.1029052	.2357385	0
852.15	0	.660751	.1034016	.2358474	0
851.15	0	.6601448	.1039006	.2359546	0
850.15	0	.6595376	.1044024	.23606	0
849.15	0	.6589293	.1049071	.2361636	0
848.15	0	.6583199	.1054148	.2362652	0
847.15	0	.6577093	.1059257	.236365	0
846.15	0	.6570973	.1064398	.2364629	0
845.15	0	.6564839	.1069572	.2365589	0
844.15	0	.6558689	.1074782	.2366529	0
843.15	0	.6552523	.1080028	.2367449	0
842.15	0	.6546339	.1085313	.2368348	0
841.15	0	.6540137	.1090637	.2369226	0
840.15	0	.6533914	.1096002	.2370084	0
839.15	0	.652767	.1101411	.237092	0
838.15	0	.6521403	.1106863	.2371734	0
837.15	0	.6515112	.1112362	.2372526	0
836.15	0	.6508796	.111791	.2373295	0
835.15	0	.6502453	.1123507	.2374041	0
834.15	0	.6496081	.1129156	.2374763	0
833.15	0	.6489679	.113486	.2375461	0
832.15	0	.6483246	.114062	.2376134	0
831.15	0	.6476779	.1146439	.2376782	0
830.15	0	.6470276	.1152319	.2377405	0
829.15	0	.6463736	.1158263	.2378001	0
828.15	0	.6457156	.1164274	.237857	0
827.15	0	.6450535	.1170354	.2379111	0
826.15	0	.644387	.1176506	.2379624	0
825.15	0	.6437159	.1182733	.2380108	0
824.15	0	.6430399	.1189039	.2380562	0
823.15	0	.6423587	.1195427	.2380986	0
822.15	0	.6416721	.1201901	.2381378	0
821.15	0	.6409797	.1208465	.2381737	0
820.15	0	.6402813	.1215123	.2382064	0
819.15	0	.6395766	.1221879	.2382355	0
818.15	0	.638865	.1228738	.2382612	0
817.15	0	.6381463	.1235706	.2382831	0
816.15	0	.6374201	.1242786	.2383013	0
815.15	0	.6366859	.1249986	.2383155	0
814.15	0	.6359432	.1257311	.2383257	0
813.15	0	.6351916	.1264768	.2383316	0
812.15	0	.6344304	.1272364	.2383332	0
811.15	0	.6336591	.1280107	.2383302	0
810.15	0	.6328771	.1288006	.2383224	0
809.15	0	.6320836	.1296068	.2383096	0
808.15	0	.6312779	.1304304	.2382916	0
807.15	0	.6304592	.1312726	.2382682	0
806.15	0	.6296266	.1321343	.2382391	0
805.15	0	.628779	.1330171	.2382039	0
804.15	0	.6279154	.1339222	.2381624	0
803.15	0	.6270345	.1348513	.2381142	0
802.15	0	.626135	.1358061	.2380588	0
801.15	0	.6252155	.1367886	.2379959	0
800.15	0	.624274	.137801	.2379249	0
799.15	0	.6227651	.1395143	.2377206	0
798.15	0	.6211335	.1413845	.237482	0
797.15	0	.6195905	.143152	.2372576	0
796.15	0	.6181275	.1448266	.2370459	0
795.15	0	.6167373	.1464169	.2368458	0
794.15	0	.6154135	.1479303	.2366562	0
793.15	0	.6141508	.1493731	.2364761	0
792.15	0	.612944	.1507512	.2363048	0
791.15	0	.6117891	.1520694	.2361415	0
790.15	0	.6106821	.1533323	.2359856	0
789.15	0	.6096196	.1545439	.2358365	0
788.15	0	.6086001	.1557066	.2356934	0
787.15	0	.6076176	.1568259	.2355565	0
786.15	0	.6066713	.1579037	.235425	0
785.15	0	.6057589	.1589425	.2352986	0
784.15	0	.6048784	.1599447	.2351769	0
783.15	0	.6040279	.1609125	.2350596	0
782.15	0	.6032056	.1618479	.2349465	0
781.15	0	.60241	.1627529	.2348372	0
780.15	0	.6016395	.163629	.2347315	0
779.15	0	.6008929	.1644778	.2346293	0
778.15	0	.6001689	.1653008	.2345302	0
777.15	0	.5994664	.1660994	.2344342	0
776.15	0	.5987842	.1668747	.2343411	0
775.15	0	.5981215	.1676279	.2342506	0
774.15	0	.5974772	.1683602	.2341627	0
773.15	0	.5968504	.1690724	.2340772	0
772.15	0	.5962405	.1697655	.233994	0
771.15	0	.5956466	.1704405	.2339129	0
770.15	0	.595068	.1710981	.2338339	0
769.15	0	.5945041	.171739	.2337569	0
768.15	0	.5939542	.1723641	.2336817	0
767.15	0	.5934177	.172974	.2336083	0
766.15	0	.5928942	.1735693	.2335365	0
765.15	0	.592383	.1741507	.2334664	0
764.15	0	.5918837	.1747186	.2333977	0
763.15	0	.5913957	.1752738	.2333305	0
762.15	0	.5909188	.1758165	.2332647	0
761.15	0	.5904523	.1763474	.2332002	0
760.15	0	.5899961	.1768669	.233137	0
759.15	0	.5895496	.1773754	.233075	0
758.15	0	.5891125	.1778734	.2330141	0
757.15	0	.5886845	.1783612	.2329543	0
756.15	0	.5882652	.1788392	.2328956	0
755.15	0	.5878545	.1793077	.2328379	0
754.15	0	.5874518	.1797671	.2327811	0
753.15	0	.5870571	.1802177	.2327253	0
752.15	0	.5866699	.1806598	.2326703	0
751.15	0	.5862901	.1810937	.2326162	0
750.15	0	.5859174	.1815197	.2325629	0
749.15	0	.5855516	.181938	.2325104	0
748.15	0	.5851925	.1823489	.2324586	0
747.15	0	.5848399	.1827526	.2324075	0
746.15	0	.5844934	.1831494	.2323572	0
745.15	0	.5841531	.1835395	.2323074	0
744.15	0	.5838186	.1839231	.2322584	0
743.15	0	.5834898	.1843003	.2322099	0
742.15	0	.5831665	.1846715	.232162	0
741.15	0	.5828486	.1850367	.2321147	0
740.15	0	.5825359	.1853963	.2320679	0
739.15	0	.5822282	.1857502	.2320216	0
738.15	0	.5819255	.1860988	.2319758	0
737.15	0	.5816275	.1864421	.2319305	0
736.15	0	.5813341	.1867803	.2318856	0
735.15	0	.5810452	.1871135	.2318412	0
734.15	0	.5807607	.187442	.2317973	0
733.15	0	.5804805	.1877658	.2317537	0
732.15	0	.5802044	.188085	.2317105	0
731.15	0	.5799324	.1883999	.2316677	0
730.15	0	.5796643	.1887104	.2316253	0
729.15	0	.5794	.1890168	.2315832	0
728.15	0	.5791394	.1893191	.2315415	0
727.15	0	.5788824	.1896175	.2315001	0
726.15	0	.578629	.189912	.231459	0
725.15	0	.578379	.1902028	.2314182	0
724.15	0	.5781324	.19049	.2313776	0
723.15	0	.577889	.1907736	.2313374	0
722.15	0	.5776489	.1910537	.2312974	0
721.15	0	.5774118	.1913305	.2312577	0
720.15	0	.5771778	.1916039	.2312183	0
719.15	0	.5769468	.1918742	.2311791	0
718.15	0	.5767186	.1921413	.2311401	0
717.15	0	.5764933	.1924054	.2311013	0
716.15	0	.5762707	.1926665	.2310627	0
715.15	0	.5760509	.1929247	.2310244	0
714.15	0	.5758336	.1931801	.2309863	0
713.15	0	.575619	.1934327	.2309483	0
712.15	0	.5754068	.1936827	.2309105	0
711.15	0	.5751971	.1939299	.2308729	0
710.15	0	.5749899	.1941746	.2308355	0
709.15	0	.5747849	.1944168	.2307983	0
708.15	0	.5745823	.1946566	.2307612	0
707.15	0	.5743819	.1948939	.2307242	0
706.15	0	.5741837	.1951289	.2306874	0
705.15	0	.5739877	.1953615	.2306507	0
704.15	0	.5737938	.195592	.2306142	0
703.15	0	.573602	.1958202	.2305778	0
702.15	0	.5734121	.1960463	.2305415	0
701.15	0	.5732243	.1962703	.2305054	0
700.15	0	.5730384	.1964923	.2304694	0
699.15	0	.5728543	.1967122	.2304334	0
698.15	0	.5726722	.1969302	.2303976	0
697.15	0	.5724919	.1971462	.2303619	0
696.15	0	.5723133	.1973604	.2303263	0
695.15	0	.5721365	.1975727	.2302908	0
694.15	0	.5719615	.1977832	.2302554	0
693.15	0	.5717881	.1979919	.23022	0
692.15	0	.5716163	.1981989	.2301848	0
691.15	0	.5714462	.1984042	.2301496	0
690.15	0	.5712777	.1986078	.2301145	0
689.15	0	.5711107	.1988098	.2300795	0
688.15	0	.5709453	.1990102	.2300445	0
687.15	0	.5707813	.199209	.2300097	0
686.15	0	.5706189	.1994063	.2299749	0
685.15	0	.5704579	.199602	.2299401	0
684.15	0	.5702983	.1997963	.2299054	0
683.15	0	.5701401	.1999891	.2298708	0
682.15	0	.5699832	.2001805	.2298362	0
681.15	0	.5698277	.2003705	.2298017	0
680.15	0	.5696736	.2005592	.2297673	0
679.15	0	.5695207	.2007464	.2297328	0
678.15	0	.5693691	.2009324	.2296985	0
677.15	0	.5692188	.201117	.2296642	0
676.15	0	.5690697	.2013004	.2296299	0
675.15	0	.5689218	.2014825	.2295956	0
674.15	0	.5687752	.2016634	.2295615	0
673.15	0	.5686296	.2018431	.2295273	0
672.15	0	.5684853	.2020216	.2294932	0
671.15	0	.568342	.2021989	.2294591	0
670.15	0	.5681999	.2023751	.229425	0
669.15	0	.5680589	.2025501	.229391	0
668.15	0	.567919	.202724	.229357	0
667.15	0	.5677801	.2028969	.2293231	0
666.15	0	.5676423	.2030686	.2292891	0
665.15	0	.5675054	.2032393	.2292552	0
664.15	0	.5673697	.203409	.2292213	0
663.15	0	.5672349	.2035777	.2291875	0
662.15	0	.5671011	.2037453	.2291536	0
661.15	0	.5669682	.203912	.2291198	0
660.15	0	.5668363	.2040777	.229086	0
659.15	0	.5667054	.2042424	.2290522	0
658.15	0	.5665754	.2044062	.2290185	0
657.15	0	.5664463	.204569	.2289848	0
656.15	0	.566318	.2047309	.228951	0
655.15	0	.5661907	.204892	.2289173	0
654.15	0	.5660642	.2050521	.2288836	0
653.15	0	.5659386	.2052114	.22885	0
652.15	0	.5658139	.2053698	.2288163	0
651.15	0	.56569	.2055274	.2287826	0
650.15	0	.5655669	.2056841	.228749	0
649.15	0	.5654446	.20584	.2287154	0
648.15	0	.5653231	.2059951	.2286818	0
647.15	0	.5652024	.2061494	.2286482	0
646.15	0	.5650825	.2063029	.2286146	0
645.15	0	.5649634	.2064556	.228581	0
644.15	0	.564845	.2066076	.2285474	0
643.15	0	.5647273	.2067588	.2285139	0
642.15	0	.5646104	.2069093	.2284803	0
641.15	0	.5644943	.207059	.2284467	0
640.15	0	.5643788	.207208	.2284132	0
639.15	0	.5642641	.2073563	.2283797	0
638.15	0	.5641501	.2075038	.2283461	0
637.15	0	.5640367	.2076507	.2283126	0
636.15	0	.563924	.2077969	.2282791	0
635.15	0	.5638121	.2079424	.2282456	0
634.15	0	.5637007	.2080872	.2282121	0
633.15	0	.5635901	.2082314	.2281786	0
632.15	0	.5634801	.2083749	.2281451	0
631.15	0	.5633707	.2085177	.2281116	0
630.15	0	.563262	.2086599	.2280781	0
629.15	0	.5631539	.2088015	.2280446	0
628.15	0	.5630464	.2089425	.2280112	0
627.15	0	.5629395	.2090828	.2279777	0
626.15	0	.5628332	.2092226	.2279442	0
625.15	0	.5627276	.2093617	.2279108	0
624.15	0	.5626225	.2095002	.2278773	0
623.15	0	.562518	.2096382	.2278439	0
622.15	0	.5624141	.2097755	.2278104	0
621.15	0	.5623108	.2099123	.2277769	0
620.15	0	.562208	.2100485	.2277435	0
619.15	0	.5621058	.2101842	.2277101	0
618.15	0	.5620041	.2103192	.2276766	0
617.15	0	.561903	.2104538	.2276432	0
616.15	0	.5618024	.2105878	.2276098	0
615.15	0	.5617024	.2107212	.2275764	0
614.15	0	.5616029	.2108541	.227543	0
613.15	0	.5615039	.2109865	.2275096	0
612.15	0	.5614055	.2111184	.2274761	0
611.15	0	.5613075	.2112497	.2274427	0
610.15	0	.5612101	.2113805	.2274094	0
609.15	0	.5611132	.2115109	.227376	0
608.15	0	.5610168	.2116407	.2273426	0
607.15	0	.5609208	.21177	.2273092	0
606.15	0	.5608254	.2118988	.2272758	0
605.15	0	.5607304	.2120271	.2272425	0
604.15	0	.5606359	.212155	.2272091	0
603.15	0	.5605419	.2122823	.2271757	0
602.15	0	.5604484	.2124092	.2271424	0
601.15	0	.5603553	.2125356	.2271091	0
600.15	0	.5602627	.2126615	.2270757	0
599.15	0	.5601706	.212787	.2270424	0
598.15	0	.5600789	.212912	.2270091	0
597.15	0	.5599877	.2130366	.2269758	0
596.15	0	.5598969	.2131607	.2269425	0
595.15	0	.5598065	.2132843	.2269092	0
594.15	0	.5597166	.2134075	.2268759	0
593.15	0	.5596271	.2135303	.2268426	0
592.15	0	.5595381	.2136526	.2268093	0
591.15	0	.5594495	.2137745	.2267761	0
590.15	0	.5593613	.2138959	.2267428	0
589.15	0	.5592735	.2140169	.2267096	0
588.15	0	.5591861	.2141375	.2266764	0
587.15	0	.5590992	.2142577	.2266432	0
586.15	0	.5590126	.2143774	.2266099	0
585.15	0	.5589265	.2144968	.2265767	0
584.15	0	.5588407	.2146157	.2265436	0
583.15	0	.5587554	.2147342	.2265104	0
582.15	0	.5586705	.2148523	.2264772	0
581.15	0	.5585859	.21497	.2264441	0
580.15	0	.5585018	.2150873	.226411	0
579.15	0	.558418	.2152041	.2263778	0
578.15	0	.5583346	.2153206	.2263447	0
577.15	0	.5582516	.2154367	.2263117	0
576.15	0	.558169	.2155524	.2262786	0
575.15	0	.5580868	.2156677	.2262455	0
574.15	0	.5580049	.2157826	.2262125	0
573.15	0	.5579234	.2158971	.2261795	0
572.15	0	.5578423	.2160113	.2261464	0
571.15	0	.5577615	.216125	.2261135	0
570.15	0	.5576811	.2162384	.2260805	0
569.15	0	.5576011	.2163514	.2260475	0
568.15	0	.5575214	.216464	.2260146	0
567.15	0	.557442	.2165763	.2259817	0
566.15	0	.5573631	.2166882	.2259488	0
565.15	0	.5572844	.2167997	.2259159	0
564.15	0	.5572062	.2169108	.225883	0
563.15	0	.5571282	.2170216	.2258502	0
562.15	0	.5570506	.217132	.2258174	0
561.15	0	.5569734	.217242	.2257846	0
560.15	0	.5568965	.2173517	.2257518	0
559.15	0	.5568199	.217461	.2257191	0
558.15	0	.5567437	.21757	.2256863	0
557.15	0	.5566678	.2176786	.2256536	0
556.15	0	.5565922	.2177868	.225621	0
555.15	0	.556517	.2178947	.2255883	0
554.15	0	.5564421	.2180023	.2255557	0
553.15	0	.5563675	.2181095	.2255231	0
552.15	0	.5562932	.2182163	.2254905	0
551.15	0	.5562193	.2183228	.2254579	0
550.15	0	.5561456	.218429	.2254254	0
549.15	0	.5560723	.2185347	.2253929	0
548.15	0	.5559993	.2186402	.2253604	0
547.15	0	.5559267	.2187453	.225328	0
546.15	0	.5558543	.2188501	.2252956	0
545.15	0	.5557823	.2189545	.2252632	0
544.15	0	.5557105	.2190586	.2252309	0
543.15	0	.5556391	.2191624	.2251985	0
542.15	0	.555568	.2192658	.2251663	0
541.15	0	.5554971	.2193689	.225134	0
540.15	0	.5554266	.2194716	.2251018	0
539.15	0	.5553564	.219574	.2250696	0
538.15	0	.5552865	.2196761	.2250374	0
537.15	0	.5552169	.2197779	.2250053	0
536.15	0	.5551475	.2198793	.2249732	0
535.15	0	.5550785	.2199804	.2249411	0
534.15	0	.5550099	.2200811	.224909	0
533.15	0	.5549415	.2201815	.224877	0
532.15	0	.5548733	.2202816	.2248451	0
531.15	0	.5548055	.2203814	.2248131	0
530.15	0	.5547379	.2204809	.2247813	0
529.15	0	.5546706	.22058	.2247494	0
528.15	0	.5546036	.2206788	.2247176	0
527.15	0	.5545369	.2207773	.2246859	0
526.15	0	.5544705	.2208754	.2246541	0
525.15	0	.5544043	.2209732	.2246224	0
524.15	0	.5543385	.2210707	.2245908	0
523.15	0	.5542729	.2211679	.2245592	0
522.15	0	.5542076	.2212648	.2245276	0
521.15	0	.5541426	.2213613	.2244961	0
520.15	0	.5540778	.2214576	.2244646	0
519.15	0	.5540133	.2215535	.2244332	0
518.15	0	.5539491	.2216491	.2244018	0
517.15	0	.5538852	.2217443	.2243705	0
516.15	0	.5538215	.2218393	.2243392	0
515.15	0	.5537582	.2219339	.2243079	0
514.15	0	.5536951	.2220282	.2242767	0
513.15	0	.5536322	.2221222	.2242456	0
512.15	0	.5535696	.2222159	.2242144	0
511.15	0	.5535073	.2223093	.2241834	0
510.15	0	.5534453	.2224024	.2241524	0
509.15	0	.5533835	.2224951	.2241214	0
508.15	0	.553322	.2225875	.2240905	0
507.15	0	.5532607	.2226797	.2240596	0
506.15	0	.5531997	.2227715	.2240288	0
505.15	0	.553139	.222863	.223998	0
504.15	0	.5530786	.2229541	.2239673	0
503.15	0	.5530183	.223045	.2239366	0
502.15	0	.5529584	.2231356	.223906	0
501.15	0	.5528987	.2232258	.2238755	0
500.15	0	.5528393	.2233158	.223845	0
499.15	0	.5527801	.2234054	.2238145	0
498.15	0	.5527212	.2234947	.2237841	0
497.15	0	.5526625	.2235837	.2237538	0
496.15	0	.5526041	.2236724	.2237235	0
495.15	0	.5525459	.2237608	.2236933	0
494.15	0	.552488	.2238489	.2236631	0
493.15	0	.5524304	.2239367	.223633	0
492.15	0	.552373	.2240241	.2236029	0
491.15	0	.5523158	.2241113	.2235729	0
490.15	0	.5522589	.2241981	.223543	0
489.15	0	.5522022	.2242846	.2235131	0
488.15	0	.5521458	.2243709	.2234833	0
487.15	0	.5520897	.2244568	.2234536	0
486.15	0	.5520337	.2245424	.2234239	0
485.15	0	.5519781	.2246277	.2233942	0
484.15	0	.5519226	.2247127	.2233647	0
483.15	0	.5518675	.2247974	.2233352	0
482.15	0	.5518125	.2248818	.2233057	0
481.15	0	.5517578	.2249659	.2232763	0
480.15	0	.5517034	.2250496	.223247	0
479.15	0	.5516491	.2251331	.2232178	0
478.15	0	.5515952	.2252163	.2231886	0
477.15	0	.5515414	.2252991	.2231595	0
476.15	0	.5514879	.2253817	.2231304	0
475.15	0	.5514347	.2254639	.2231014	0
474.15	0	.5513817	.2255458	.2230725	0
473.15	0	.5513289	.2256274	.2230437	0
472.15	0	.5512763	.2257088	.2230149	0
471.15	0	.551224	.2257898	.2229862	0
470.15	0	.551172	.2258705	.2229576	0
469.15	0	.5511201	.2259509	.222929	0
468.15	0	.5510685	.226031	.2229005	0
467.15	0	.5510172	.2261108	.2228721	0
466.15	0	.550966	.2261902	.2228437	0
465.15	0	.5509151	.2262694	.2228155	0
464.15	0	.5508645	.2263483	.2227873	0
463.15	0	.550814	.2264269	.2227591	0
462.15	0	.5507638	.2265051	.2227311	0
461.15	0	.5507139	.2265831	.2227031	0
460.15	0	.5506641	.2266607	.2226752	0
459.15	0	.5506146	.2267381	.2226473	0
458.15	0	.5505653	.2268151	.2226196	0
457.15	0	.5505163	.2268918	.2225919	0
456.15	0	.5504674	.2269683	.2225643	0
455.15	0	.5504189	.2270444	.2225368	0
454.15	0	.5503705	.2271202	.2225093	0
453.15	0	.5503223	.2271957	.222482	0
452.15	0	.5502744	.2272709	.2224547	0
451.15	0	.5502267	.2273458	.2224275	0
450.15	0	.5501793	.2274204	.2224004	0
449.15	0	.5501321	.2274946	.2223733	0
448.15	0	.5500851	.2275685	.2223464	0
447.15	0	.5500384	.2276421	.2223195	0
446.15	0	.5499918	.2277154	.2222928	0
445.15	0	.5499456	.2277883	.2222661	0
444.15	0	.5498996	.227861	.2222395	0
443.15	0	.5498538	.2279332	.222213	0
442.15	0	.5498082	.2280052	.2221866	0
441.15	0	.5497629	.2280768	.2221603	0
440.15	0	.5497179	.2281481	.2221341	0
439.15	0	.5496731	.228219	.222108	0
438.15	0	.5496285	.2282895	.222082	0
437.15	0	.5495842	.2283597	.2220561	0
436.15	0	.5495402	.2284296	.2220303	0
435.15	0	.5494964	.228499	.2220046	0
434.15	0	.5494529	.2285681	.221979	0
433.15	0	.5494096	.2286369	.2219535	0
432.15	0	.5493666	.2287052	.2219282	0
431.15	0	.5493239	.2287732	.2219029	0
430.15	0	.5492814	.2288409	.2218778	0
429.15	0	.5492392	.2289081	.2218528	0
428.15	0	.5491972	.228975	.2218279	0
427.15	0	.5491555	.2290414	.2218031	0
426.15	0	.5491141	.2291075	.2217784	0
425.15	0	.5490729	.2291732	.2217538	0
424.15	0	.549032	.2292386	.2217294	0
423.15	0	.5489914	.2293035	.2217051	0
422.15	0	.548951	.2293681	.2216809	0
421.15	0	.548911	.2294322	.2216568	0
420.15	0	.5488711	.229496	.2216329	0
419.15	0	.5488316	.2295594	.221609	0
418.15	0	.5487923	.2296224	.2215853	0
417.15	0	.5487533	.229685	.2215617	0
416.15	0	.5487145	.2297472	.2215383	0
415.15	0	.548676	.229809	.2215149	0
414.15	0	.5486378	.2298705	.2214917	0
413.15	0	.5485998	.2299315	.2214687	0
412.15	0	.5485621	.2299922	.2214457	0
411.15	0	.5485247	.2300525	.2214229	0
410.15	0	.5484875	.2301123	.2214002	0
409.15	0	.5484506	.2301718	.2213776	0
408.15	0	.5484139	.2302309	.2213551	0
407.15	0	.5483775	.2302897	.2213328	0
406.15	0	.5483414	.230348	.2213106	0
405.15	0	.5483055	.2304059	.2212885	0
404.15	0	.5482699	.2304635	.2212666	0
403.15	0	.5482345	.2305207	.2212448	0
402.15	0	.5481994	.2305775	.2212231	0
401.15	0	.5481646	.2306339	.2212016	0
400.15	0	.54813	.2306899	.2211801	0
399.15	0	.5480956	.2307456	.2211588	0
398.15	0	.5480615	.2308008	.2211377	0
397.15	0	.5480277	.2308557	.2211166	0
396.15	0	.5479941	.2309103	.2210957	0
395.15	0	.5479607	.2309644	.2210749	0
394.15	0	.5479276	.2310182	.2210542	0
393.15	0	.5478947	.2310716	.2210337	0
392.15	0	.5478621	.2311246	.2210133	0
391.15	0	.5478297	.2311773	.220993	0
390.15	0	.5477975	.2312296	.2209729	0
389.15	0	.5477656	.2312816	.2209528	0
388.15	0	.5477339	.2313332	.2209329	0
387.15	0	.5477024	.2313844	.2209132	0
386.15	0	.5476712	.2314353	.2208935	0
385.15	0	.5476402	.2314858	.220874	0
384.15	0	.5476095	.231536	.2208546	0
383.15	0	.5475789	.2315858	.2208353	0
382.15	0	.5475486	.2316352	.2208162	0
381.15	0	.5475185	.2316844	.2207972	0
380.15	0	.5474886	.2317331	.2207783	0
379.15	0	.547459	.2317816	.2207595	0
378.15	0	.5474295	.2318297	.2207408	0
377.15	0	.5474003	.2318774	.2207223	0
376.15	0	.5473713	.2319248	.2207039	0
375.15	0	.5473425	.2319719	.2206856	0
374.15	0	.5473139	.2320187	.2206674	0
373.15	0	.5472855	.2320651	.2206494	0
372.15	0	.5472573	.2321112	.2206315	0
371.15	0	.5472293	.232157	.2206137	0
370.15	0	.5472016	.2322025	.220596	0
