T	 BPW(LIQUID)	BPW(BCC_A2)	BPW(FCC_A1)	BPW(LAVES_PHASE_C14)	BPW(NI3TI)
1473.15	.3168996	.6831004	0	0	0
1472.15	.3142309	.6857691	0	0	0
1471.15	.3115795	.6884205	0	0	0
1470.15	.3089454	.6910546	0	0	0
1469.15	.3063283	.6936717	0	0	0
1468.15	.3037283	.6962718	0	0	0
1467.15	.301145	.698855	0	0	0
1466.15	.2985784	.7014216	0	0	0
1465.15	.2960283	.7039717	0	0	0
1464.15	.2934946	.7065054	0	0	0
1463.15	.2909772	.7090228	0	0	0
1462.15	.288476	.711524	0	0	0
1461.15	.2859907	.7140093	0	0	0
1460.15	.2835213	.7164787	0	0	0
1459.15	.2810677	.7189323	0	0	0
1458.15	.2786297	.7213704	0	0	0
1457.15	.2762071	.7237929	0	0	0
1456.15	.2738	.7262001	0	0	0
1455.15	.271408	.728592	0	0	0
1454.15	.2690312	.7309688	0	0	0
1453.15	.2666694	.7333306	0	0	0
1452.15	.2643225	.7356775	0	0	0
1451.15	.2619904	.7380096	0	0	0
1450.15	.2596729	.7403271	0	0	0
1449.15	.2573699	.7426301	0	0	0
1448.15	.2550814	.7449186	0	0	0
1447.15	.2528071	.7471929	0	0	0
1446.15	.2505471	.7494529	0	0	0
1445.15	.2483011	.7516989	0	0	0
1444.15	.2460691	.7539309	0	0	0
1443.15	.243851	.756149	0	0	0
1442.15	.2416466	.7583534	0	0	0
1441.15	.2394559	.7605441	0	0	0
1440.15	.2372787	.7627213	0	0	0
1439.15	.2351149	.7648851	0	0	0
1438.15	.2329645	.7670355	0	0	0
1437.15	.2308273	.7691727	0	0	0
1436.15	.2287033	.7712967	0	0	0
1435.15	.2265922	.7734078	0	0	0
1434.15	.2244941	.7755059	0	0	0
1433.15	.2224089	.7775911	0	0	0
1432.15	.2203363	.7796637	0	0	0
1431.15	.2182764	.7817236	0	0	0
1430.15	.2162291	.7837709	0	0	0
1429.15	.2141942	.7858058	0	0	0
1428.15	.2121716	.7878284	0	0	0
1427.15	.2101613	.7898387	0	0	0
1426.15	.2081632	.7918368	0	0	0
1425.15	.2061772	.7938228	0	0	0
1424.15	.2042031	.7957969	0	0	0
1423.15	.202241	.797759	0	0	0
1422.15	.2002906	.7997094	0	0	0
1421.15	.198352	.801648	0	0	0
1420.15	.196425	.803575	0	0	0
1419.15	.1945096	.8054904	0	0	0
1418.15	.1926056	.8073944	0	0	0
1417.15	.190713	.809287	0	0	0
1416.15	.1888317	.8111683	0	0	0
1415.15	.1869617	.8130384	0	0	0
1414.15	.1851027	.8148973	0	0	0
1413.15	.1832548	.8167452	0	0	0
1412.15	.1814179	.8185821	0	0	0
1411.15	.1795919	.8204081	0	0	0
1410.15	.1777767	.8222234	0	0	0
1409.15	.1759722	.8240278	0	0	0
1408.15	.1741784	.8258216	0	0	0
1407.15	.1723951	.8276049	0	0	0
1406.15	.1706224	.8293776	0	0	0
1405.15	.1688601	.8311399	0	0	0
1404.15	.1671082	.8328919	0	0	0
1403.15	.1653665	.8346335	0	0	0
1402.15	.1636351	.8363649	0	0	0
1401.15	.1619137	.8380862	0	0	0
1400.15	.1602025	.8397975	0	0	0
1399.15	.1585013	.8414987	0	0	0
1398.15	.15681	.84319	0	0	0
1397.15	.1551285	.8448715	0	0	0
1396.15	.1534568	.8465432	0	0	0
1395.15	.1517949	.8482051	0	0	0
1394.15	.1501426	.8498574	0	0	0
1393.15	.1484999	.8515001	0	0	0
1392.15	.1468667	.8531333	0	0	0
1391.15	.145243	.854757	0	0	0
1390.15	.1436286	.8563714	0	0	0
1389.15	.1420236	.8579764	0	0	0
1388.15	.1404278	.8595722	0	0	0
1387.15	.1388413	.8611587	0	0	0
1386.15	.1372638	.8627362	0	0	0
1385.15	.1356955	.8643045	0	0	0
1384.15	.1341362	.8658639	0	0	0
1383.15	.1325858	.8674142	0	0	0
1382.15	.1310443	.8689557	0	0	0
1381.15	.1295116	.8704884	0	0	0
1380.15	.1279877	.8720123	0	0	0
1379.15	.1264725	.8735275	0	0	0
1378.15	.124966	.875034	0	0	0
1377.15	.1234681	.8765319	0	0	0
1376.15	.1219787	.8780213	0	0	0
1375.15	.1204978	.8795022	0	0	0
1374.15	.1190253	.8809747	0	0	0
1373.15	.1175612	.8824388	0	0	0
1372.15	.1161055	.8838945	0	0	0
1371.15	.114658	.885342	0	0	0
1370.15	.1132187	.8867813	0	0	0
1369.15	.1117875	.8882125	0	0	0
1368.15	.1103645	.8896355	0	0	0
1367.15	.1089495	.8910505	0	0	0
1366.15	.1075426	.8924575	0	0	0
1365.15	.1061435	.8938565	0	0	0
1364.15	.1047524	.8952476	0	0	0
1363.15	.1033691	.8966309	0	0	0
1362.15	.1019936	.8980064	0	0	0
1361.15	.1006259	.8993741	0	0	0
1360.15	.09926589	.9007341	0	0	0
1359.15	.09791352	.9020865	0	0	0
1358.15	.09656875	.9034313	0	0	0
1357.15	.09523154	.9047685	0	0	0
1356.15	.09390184	.9060982	0	0	0
1355.15	.09257961	.9074204	0	0	0
1354.15	.09126479	.9087352	0	0	0
1353.15	.08995735	.9100426	0	0	0
1352.15	.08865723	.9113428	0	0	0
1351.15	.08736439	.9126356	0	0	0
1350.15	.08607879	.9139212	0	0	0
1349.15	.08480039	.9151996	0	0	0
1348.15	.08352913	.9164709	0	0	0
1347.15	.08226498	.917735	0	0	0
1346.15	.0810079	.9189921	0	0	0
1345.15	.07975783	.9202422	0	0	0
1344.15	.07851475	.9214852	0	0	0
1343.15	.0772786	.9227214	0	0	0
1342.15	.07604935	.9239506	0	0	0
1341.15	.07482695	.9251731	0	0	0
1340.15	.07361137	.9263886	0	0	0
1339.15	.07240256	.9275974	0	0	0
1338.15	.07120049	.9287995	0	0	0
1337.15	.07000511	.9299949	0	0	0
1336.15	.0688164	.9311836	0	0	0
1335.15	.0676343	.9323657	0	0	0
1334.15	.06645878	.9335412	0	0	0
1333.15	.0652898	.9347102	0	0	0
1332.15	.06412733	.9358727	0	0	0
1331.911	.06385027	.9361497	0	0	0
1331.911	.06385027	.9361497	0	0	0
1331.911	.06385027	.9361497	0	0	0
1331.15	.05963565	.9347009	.005663492	0	0
1330.15	.05408039	.9328156	.01310402	0	0
1329.15	.04850701	.930952	.02054103	0	0
1328.15	.04291539	.92911	.02797465	0	0
1327.15	.03730538	.9272896	.03540502	0	0
1326.15	.03167687	.9254909	.04283227	0	0
1325.15	.02602971	.9237138	.05025652	0	0
1324.15	.02036377	.9219583	.05767791	0	0
1323.15	.01467891	.9202245	.06509658	0	0
1322.15	.008975014	.9185123	.07251265	0	0
1321.15	.00325194	.9168218	.07992625	0	0
1320.583	0	.9158734	.08412664	0	0
1320.583	0	.9158734	.08412664	0	0
1320.15	0	.9153462	.08465378	0	0
1319.15	0	.914131	.08586895	0	0
1318.15	0	.9129179	.08708211	0	0
1317.15	0	.9117068	.08829323	0	0
1316.15	0	.9104977	.08950233	0	0
1315.15	0	.9092906	.0907094	0	0
1314.15	0	.9080856	.09191445	0	0
1313.15	0	.9068825	.09311746	0	0
1312.15	0	.9056816	.09431845	0	0
1311.15	0	.9044826	.09551741	0	0
1310.15	0	.9032857	.09671433	0	0
1309.15	0	.9020908	.09790923	0	0
1308.15	0	.9008979	.09910208	0	0
1307.15	0	.8997071	.1002929	0	0
1306.15	0	.8985183	.1014817	0	0
1305.15	0	.8973316	.1026685	0	0
1304.15	0	.8961468	.1038532	0	0
1303.15	0	.8949642	.1050358	0	0
1302.15	0	.8937835	.1062165	0	0
1301.15	0	.8926049	.1073951	0	0
1300.15	0	.8914284	.1085716	0	0
1299.15	0	.8902539	.1097461	0	0
1298.15	0	.8890814	.1109186	0	0
1297.15	0	.887911	.112089	0	0
1296.15	0	.8867426	.1132574	0	0
1295.15	0	.8855763	.1144237	0	0
1294.827	0	.8851996	.1148004	0	0
1294.827	0	.8851996	.1148004	0	0
1294.827	0	.8851996	.1148004	0	0
1294.15	0	.8840748	.1155297	3.954835E-04	0
1293.15	0	.8824166	.1166048	9.786141E-04	0
1292.15	0	.8807631	.1176768	.001560154	0
1291.15	0	.8791143	.1187456	.00214011	0
1290.15	0	.8774703	.1198112	.002718487	0
1289.15	0	.8758311	.1208736	.003295293	0
1288.15	0	.8741965	.1219329	.003870532	0
1287.15	0	.8725667	.1229891	.004444212	0
1286.15	0	.8709416	.1240421	.005016338	0
1285.15	0	.8693211	.125092	.005586917	0
1284.15	0	.8677053	.1261388	.006155953	0
1283.15	0	.8660941	.1271824	.006723454	0
1282.15	0	.8644877	.1282229	.007289425	0
1281.15	0	.8628858	.1292603	.007853872	0
1280.15	0	.8612885	.1302947	.008416802	0
1279.15	0	.8596959	.1313259	.008978219	0
1278.15	0	.8581079	.132354	.009538129	0
1277.15	0	.8565244	.133379	.01009654	0
1276.15	0	.8549456	.134401	.01065345	0
1275.15	0	.8533713	.1354199	.01120888	0
1274.15	0	.8518015	.1364357	.01176282	0
1273.15	0	.8502363	.1374484	.01231529	0
1272.15	0	.8486756	.1384581	.01286628	0
1271.15	0	.8471194	.1394648	.0134158	0
1270.15	0	.8455678	.1404684	.01396387	0
1269.15	0	.8440206	.1414689	.01451048	0
1268.15	0	.842478	.1424664	.01505563	0
1267.15	0	.8409398	.1434609	.01559935	0
1266.15	0	.839406	.1444524	.01614162	0
1265.15	0	.8378768	.1454408	.01668246	0
1264.15	0	.8363519	.1464262	.01722187	0
1263.15	0	.8348315	.1474086	.01775986	0
1262.15	0	.8333156	.148388	.01829643	0
1261.15	0	.831804	.1493644	.01883159	0
1260.15	0	.8302969	.1503378	.01936534	0
1259.15	0	.8287941	.1513082	.01989769	0
1258.15	0	.8272958	.1522756	.02042864	0
1257.15	0	.8258018	.15324	.02095821	0
1256.15	0	.8243122	.1542015	.02148638	0
1255.15	0	.8228269	.1551599	.02201317	0
1254.15	0	.821346	.1561154	.02253859	0
1253.15	0	.8198694	.157068	.02306264	0
1252.15	0	.8183971	.1580175	.02358531	0
1251.15	0	.8169292	.1589642	.02410663	0
1250.15	0	.8154656	.1599078	.0246266	0
1249.15	0	.8140063	.1608485	.02514521	0
1248.15	0	.8125512	.1617863	.02566247	0
1247.15	0	.8111005	.1627211	.02617839	0
1246.15	0	.809654	.163653	.02669298	0
1245.15	0	.8082118	.164582	.02720623	0
1244.15	0	.8067738	.165508	.02771816	0
1243.15	0	.8053401	.1664311	.02822877	0
1242.15	0	.8039106	.1673513	.02873806	0
1241.15	0	.8024854	.1682686	.02924603	0
1240.15	0	.8010644	.1691829	.0297527	0
1239.15	0	.7996476	.1700944	.03025807	0
1238.15	0	.798235	.1710029	.03076213	0
1237.15	0	.7968266	.1719085	.03126491	0
1236.15	0	.7954224	.1728112	.03176639	0
1235.15	0	.7940223	.1737111	.03226659	0
1234.15	0	.7926265	.174608	.03276551	0
1233.15	0	.7912348	.1755021	.03326315	0
1232.15	0	.7898472	.1763932	.03375952	0
1231.15	0	.7884639	.1772815	.03425463	0
1230.15	0	.7870846	.1781669	.03474847	0
1229.15	0	.7857095	.1790494	.03524106	0
1228.15	0	.7843385	.1799291	.03573239	0
1227.15	0	.7829717	.1808059	.03622248	0
1226.15	0	.7816089	.1816798	.03671132	0
1225.15	0	.7802503	.1825508	.03719892	0
1224.15	0	.7788957	.183419	.03768528	0
1223.15	0	.7775453	.1842843	.03817041	0
1222.15	0	.7761989	.1851468	.03865432	0
1221.15	0	.7748566	.1860064	.039137	0
1220.15	0	.7735184	.1868632	.03961847	0
1219.15	0	.7721842	.1877171	.04009872	0
1218.15	0	.7708541	.1885681	.04057775	0
1217.15	0	.7695281	.1894163	.04105559	0
1216.15	0	.7682061	.1902617	.04153222	0
1215.15	0	.7668881	.1911043	.04200765	0
1214.15	0	.7655742	.191944	.04248189	0
1213.15	0	.7642642	.1927808	.04295494	0
1212.15	0	.7629583	.1936149	.0434268	0
1211.15	0	.7616565	.1944461	.04389748	0
1210.15	0	.7603586	.1952744	.04436699	0
1209.15	0	.7590647	.1961	.04483532	0
1208.15	0	.7577748	.1969227	.04530248	0
1207.15	0	.7564889	.1977426	.04576847	0
1206.15	0	.755207	.1985597	.04623331	0
1205.15	0	.7539291	.199374	.04669698	0
1204.15	0	.7526551	.2001854	.0471595	0
1203.15	0	.7513851	.200994	.04762087	0
1202.15	0	.7501191	.2017999	.04808109	0
1201.15	0	.748857	.2026029	.04854018	0
1200.15	0	.7475988	.2034031	.04899812	0
1199.15	0	.7463446	.2042005	.04945492	0
1198.15	0	.7450944	.204995	.0499106	0
1197.15	0	.743848	.2057868	.05036514	0
1196.15	0	.7426057	.2065758	.05081857	0
1195.15	0	.7413672	.207362	.05127087	0
1194.15	0	.7401326	.2081453	.05172206	0
1193.15	0	.738902	.2089259	.05217213	0
1192.15	0	.7376753	.2097037	.05262109	0
1191.15	0	.7364524	.2104786	.05306895	0
1190.15	0	.7352335	.2112508	.0535157	0
1189.15	0	.7340185	.2120202	.05396136	0
1188.15	0	.7328073	.2127868	.05440592	0
1187.15	0	.7316001	.2135506	.05484938	0
1186.15	0	.7303967	.2143116	.05529176	0
1185.15	0	.7291972	.2150698	.05573306	0
1184.15	0	.7280016	.2158252	.05617327	0
1183.15	0	.7268098	.2165778	.05661241	0
1182.15	0	.7256219	.2173276	.05705047	0
1181.15	0	.7244379	.2180747	.05748746	0
1180.15	0	.7232577	.2188189	.05792338	0
1179.15	0	.7220814	.2195604	.05835823	0
1178.15	0	.7209089	.220299	.05879203	0
1177.15	0	.7197403	.2210349	.05922476	0
1176.15	0	.7185755	.221768	.05965645	0
1175.15	0	.7174146	.2224983	.06008708	0
1174.15	0	.7162575	.2232259	.06051666	0
1173.15	0	.7151042	.2239506	.06094519	0
1172.15	0	.7139548	.2246725	.06137269	0
1171.15	0	.7128092	.2253917	.06179914	0
1170.15	0	.7116674	.2261081	.06222457	0
1169.15	0	.7105294	.2268217	.06264895	0
1168.15	0	.7093952	.2275325	.06307231	0
1167.15	0	.7082649	.2282405	.06349464	0
1166.15	0	.7071383	.2289457	.06391595	0
1165.15	0	.7060156	.2296482	.06433624	0
1164.15	0	.7048967	.2303478	.06475551	0
1163.15	0	.7037815	.2310447	.06517377	0
1162.15	0	.7026702	.2317388	.06559102	0
1161.15	0	.7015627	.2324301	.06600725	0
1160.15	0	.700459	.2331185	.06642249	0
1159.15	0	.699359	.2338043	.06683672	0
1158.15	0	.6982629	.2344872	.06724995	0
1157.15	0	.6971705	.2351673	.06766218	0
1156.15	0	.696082	.2358446	.06807342	0
1155.15	0	.6949972	.2365192	.06848367	0
1154.15	0	.6939161	.237191	.06889295	0
1153.15	0	.6928389	.2378599	.06930122	0
1152.15	0	.6917654	.2385261	.06970852	0
1151.15	0	.6906958	.2391894	.07011483	0
1150.15	0	.6896299	.23985	.07052017	0
1149.15	0	.6885677	.2405077	.07092453	0
1148.15	0	.6875094	.2411627	.07132792	0
1147.15	0	.6864548	.2418149	.07173035	0
1146.15	0	.685404	.2424642	.0721318	0
1145.15	0	.6843569	.2431108	.0725323	0
1144.15	0	.6833137	.2437545	.07293183	0
1143.15	0	.6822741	.2443955	.07333041	0
1142.15	0	.6812384	.2450336	.07372803	0
1141.15	0	.6802064	.2456689	.07412469	0
1140.15	0	.6791782	.2463015	.07452041	0
1139.15	0	.6781537	.2469311	.07491518	0
1138.15	0	.677133	.247558	.075309	0
1137.15	0	.676116	.2481821	.07570188	0
1136.15	0	.6751028	.2488034	.07609382	0
1135.15	0	.6740934	.2494218	.07648482	0
1134.15	0	.6730877	.2500374	.07687489	0
1133.15	0	.6720858	.2506502	.07726402	0
1132.15	0	.6710876	.2512602	.07765222	0
1131.15	0	.6700932	.2518673	.0780395	0
1130.15	0	.6691026	.2524716	.07842585	0
1129.15	0	.6681157	.2530731	.07881127	0
1128.15	0	.6671325	.2536717	.07919578	0
1127.15	0	.6661531	.2542675	.07957936	0
1126.15	0	.6651775	.2548605	.07996203	0
1125.15	0	.6642056	.2554506	.08034379	0
1124.15	0	.6632375	.2560379	.08072463	0
1123.15	0	.6622731	.2566223	.08110456	0
1122.15	0	.6613125	.2572039	.08148359	0
1121.15	0	.6603557	.2577826	.08186171	0
1120.15	0	.6594026	.2583585	.08223892	0
1119.15	0	.6584533	.2589315	.08261524	0
1118.15	0	.6575077	.2595017	.08299065	0
1117.15	0	.6565659	.260069	.08336517	0
1116.15	0	.6556278	.2606334	.0837388	0
1115.15	0	.6546935	.2611949	.08411153	0
1114.15	0	.653763	.2617536	.08448337	0
1113.15	0	.6528362	.2623094	.08485432	0
1112.15	0	.6519132	.2628624	.08522439	0
1111.15	0	.650994	.2634124	.08559357	0
1110.15	0	.6500785	.2639596	.08596187	0
1109.15	0	.6491668	.2645039	.08632928	0
1108.15	0	.6482589	.2650453	.08669582	0
1107.15	0	.6473548	.2655838	.08706148	0
1106.15	0	.6464544	.2661194	.08742627	0
1105.15	0	.6455578	.266652	.08779018	0
1104.15	0	.6446649	.2671818	.08815322	0
1103.15	0	.6437759	.2677087	.08851539	0
1102.15	0	.6428906	.2682327	.0888767	0
1101.15	0	.6420091	.2687537	.08923713	0
1100.15	0	.6411314	.2692719	.08959671	0
1099.15	0	.6402575	.2697871	.08995542	0
1098.15	0	.6393874	.2702994	.09031327	0
1097.15	0	.638521	.2708087	.09067026	0
1096.15	0	.6376585	.2713151	.09102639	0
1095.15	0	.6367997	.2718186	.09138166	0
1094.15	0	.6359448	.2723191	.09173609	0
1093.15	0	.6350936	.2728167	.09208965	0
1092.15	0	.6342463	.2733113	.09244237	0
1091.15	0	.6334028	.273803	.09279424	0
1090.15	0	.632563	.2742917	.09314526	0
1089.15	0	.6317271	.2747775	.09349543	0
1088.15	0	.630895	.2752602	.09384476	0
1087.15	0	.6300667	.27574	.09419325	0
1086.15	0	.6292423	.2762168	.09454089	0
1085.15	0	.6284216	.2766907	.09488769	0
1084.15	0	.6276048	.2771615	.09523365	0
1083.15	0	.6267918	.2776294	.09557877	0
1082.15	0	.6259827	.2780942	.09592306	0
1081.15	0	.6251774	.2785561	.09626651	0
1080.15	0	.6243759	.2790149	.09660913	0
1079.15	0	.6235783	.2794708	.09695091	0
1078.15	0	.6227845	.2799236	.09729187	0
1077.15	0	.6219946	.2803734	.09763199	0
1076.15	0	.6212086	.2808202	.09797128	0
1075.15	0	.6204264	.2812639	.09830974	0
1074.15	0	.619648	.2817046	.09864738	0
1073.15	0	.6188735	.2821423	.09898419	0
1072.15	0	.618103	.2825769	.09932018	0
1071.15	0	.6173362	.2830084	.09965534	0
1070.15	0	.6165734	.2834369	.09998968	0
1069.15	0	.6158145	.2838623	.1003232	0
1068.15	0	.6150594	.2842847	.1006559	0
1067.15	0	.6143082	.284704	.1009878	0
1066.15	0	.613561	.2851202	.1013188	0
1065.15	0	.6128176	.2855333	.1016491	0
1064.15	0	.6120781	.2859434	.1019785	0
1063.15	0	.6113426	.2863503	.1023071	0
1062.15	0	.610611	.2867541	.1026349	0
1061.15	0	.6098833	.2871548	.1029619	0
1060.15	0	.6091595	.2875525	.103288	0
1059.15	0	.6084397	.2879469	.1036134	0
1058.15	0	.6077238	.2883383	.1039379	0
1057.15	0	.6070118	.2887265	.1042617	0
1056.15	0	.6063038	.2891116	.1045846	0
1055.15	0	.6055998	.2894936	.1049067	0
1054.15	0	.6048997	.2898724	.105228	0
1053.15	0	.6042035	.290248	.1055485	0
1052.15	0	.6035114	.2906205	.1058681	0
1051.15	0	.6028232	.2909898	.106187	0
1050.15	0	.602139	.2913559	.1065051	0
1049.15	0	.6014588	.2917189	.1068223	0
1048.15	0	.6007826	.2920787	.1071388	0
1047.15	0	.6001104	.2924352	.1074544	0
1046.15	0	.5994421	.2927886	.1077692	0
1045.15	0	.5987779	.2931388	.1080833	0
1044.15	0	.5981178	.2934858	.1083965	0
1043.15	0	.5974616	.2938295	.1087089	0
1042.15	0	.5968095	.29417	.1090205	0
1041.15	0	.5961614	.2945073	.1093313	0
1040.15	0	.5955173	.2948414	.1096413	0
1039.15	0	.5948773	.2951722	.1099505	0
1038.15	0	.5942413	.2954997	.1102589	0
1037.15	0	.5936094	.2958241	.1105665	0
1036.15	0	.5929816	.2961451	.1108733	0
1035.15	0	.5923579	.2964629	.1111793	0
1034.15	0	.5917382	.2967774	.1114845	0
1033.15	0	.5911226	.2970886	.1117888	0
1032.15	0	.5905111	.2973965	.1120924	0
1031.15	0	.5899037	.2977011	.1123951	0
1030.15	0	.5893004	.2980025	.1126971	0
1029.15	0	.5887013	.2983005	.1129982	0
1028.15	0	.5881062	.2985952	.1132986	0
1027.15	0	.5875153	.2988866	.1135981	0
1026.15	0	.5869285	.2991747	.1138969	0
1025.15	0	.5863458	.2994594	.1141948	0
1024.15	0	.5857673	.2997408	.1144919	0
1023.15	0	.585193	.3000188	.1147882	0
1022.15	0	.5846228	.3002935	.1150837	0
1021.15	0	.5840568	.3005648	.1153784	0
1020.15	0	.5834949	.3008328	.1156723	0
1019.15	0	.5829373	.3010974	.1159653	0
1018.15	0	.5823838	.3013586	.1162576	0
1017.15	0	.5818345	.3016164	.116549	0
1016.15	0	.5812895	.3018709	.1168397	0
1015.15	0	.5807486	.3021219	.1171295	0
1014.15	0	.580212	.3023695	.1174185	0
1013.15	0	.5796796	.3026138	.1177067	0
1012.15	0	.5791514	.3028546	.1179941	0
1011.15	0	.5786274	.303092	.1182806	0
1010.15	0	.5781077	.3033259	.1185663	0
1009.15	0	.5775923	.3035564	.1188513	0
1008.15	0	.5770811	.3037835	.1191354	0
1007.15	0	.5765742	.3040072	.1194186	0
1006.15	0	.5760716	.3042274	.1197011	0
1005.15	0	.5755732	.3044441	.1199827	0
1004.15	0	.5750791	.3046574	.1202635	0
1003.15	0	.5745894	.3048672	.1205435	0
1002.15	0	.5741039	.3050735	.1208226	0
1001.15	0	.5736228	.3052763	.1211009	0
1000.15	0	.5731459	.3054757	.1213784	0
999.15	0	.5726734	.3056715	.1216551	0
998.15	0	.5722052	.3058639	.1219309	0
997.15	0	.5717414	.3060528	.1222059	0
996.15	0	.5712819	.3062381	.12248	0
995.15	0	.5708267	.30642	.1227533	0
994.15	0	.5703759	.3065984	.1230257	0
993.15	0	.5699295	.3067732	.1232973	0
992.15	0	.5694874	.3069445	.1235681	0
991.15	0	.5690498	.3071122	.123838	0
990.15	0	.5686165	.3072765	.124107	0
989.15	0	.5681876	.3074372	.1243753	0
988.15	0	.5677631	.3075943	.1246426	0
987.15	0	.567343	.3077479	.1249091	0
986.15	0	.5669273	.307898	.1251747	0
985.15	0	.566516	.3080445	.1254395	0
984.15	0	.5661091	.3081875	.1257034	0
983.15	0	.5657067	.3083269	.1259664	0
982.15	0	.5653087	.3084627	.1262285	0
981.15	0	.5649151	.308595	.1264898	0
980.15	0	.564526	.3087237	.1267502	0
979.15	0	.5641414	.3088489	.1270098	0
978.15	0	.5637611	.3089705	.1272684	0
977.15	0	.5633854	.3090885	.1275262	0
976.15	0	.5630141	.3092029	.127783	0
975.15	0	.5626473	.3093138	.128039	0
974.15	0	.5622849	.309421	.1282941	0
973.15	0	.561927	.3095248	.1285482	0
972.15	0	.5615736	.3096249	.1288015	0
971.15	0	.5612247	.3097214	.1290539	0
970.15	0	.5608803	.3098144	.1293053	0
969.15	0	.5605403	.3099038	.1295559	0
968.15	0	.5602049	.3099896	.1298055	0
967.15	0	.5598739	.3100719	.1300542	0
966.15	0	.5595475	.3101506	.1303019	0
965.15	0	.5592256	.3102257	.1305488	0
964.15	0	.5589081	.3102972	.1307947	0
963.15	0	.5585952	.3103652	.1310396	0
962.15	0	.5582868	.3104296	.1312836	0
961.15	0	.5579829	.3104904	.1315267	0
960.15	0	.5576835	.3105477	.1317688	0
959.15	0	.5573886	.3106015	.13201	0
958.15	0	.5570982	.3106517	.1322502	0
957.15	0	.5568123	.3106983	.1324894	0
956.15	0	.556531	.3107414	.1327276	0
955.15	0	.5562541	.310781	.1329649	0
954.15	0	.5559818	.310817	.1332012	0
953.15	0	.555714	.3108495	.1334365	0
952.15	0	.5554506	.3108786	.1336708	0
951.15	0	.5551918	.3109041	.1339041	0
950.15	0	.5549375	.3109261	.1341364	0
949.15	0	.5546877	.3109446	.1343677	0
948.15	0	.5544424	.3109597	.134598	0
947.15	0	.5542016	.3109712	.1348272	0
946.15	0	.5539652	.3109794	.1350554	0
945.15	0	.5537334	.310984	.1352826	0
944.15	0	.553506	.3109853	.1355087	0
943.15	0	.5532831	.3109831	.1357338	0
942.15	0	.5530646	.3109775	.1359578	0
941.15	0	.5528507	.3109686	.1361808	0
940.15	0	.5526411	.3109562	.1364027	0
939.15	0	.552436	.3109405	.1366235	0
938.15	0	.5522354	.3109214	.1368432	0
937.15	0	.5520392	.310899	.1370618	0
936.15	0	.5518473	.3108733	.1372793	0
935.15	0	.5516599	.3108443	.1374957	0
934.15	0	.5514769	.3108121	.137711	0
933.15	0	.5512982	.3107766	.1379252	0
932.15	0	.5511239	.3107378	.1381382	0
931.15	0	.550954	.3106959	.1383501	0
930.15	0	.5507884	.3106507	.1385609	0
929.15	0	.5506272	.3106024	.1387705	0
928.15	0	.5504702	.310551	.1389789	0
927.15	0	.5503175	.3104964	.1391861	0
926.15	0	.5501691	.3104388	.1393921	0
925.15	0	.5500249	.3103781	.139597	0
924.15	0	.549885	.3103144	.1398006	0
923.15	0	.5497493	.3102476	.140003	0
922.15	0	.5496178	.310178	.1402042	0
921.15	0	.5494905	.3101054	.1404042	0
920.15	0	.5493673	.3100299	.1406029	0
919.15	0	.5492482	.3099515	.1408003	0
918.15	0	.5491332	.3098704	.1409964	0
917.15	0	.5490223	.3097864	.1411913	0
916.15	0	.5489154	.3096997	.1413849	0
915.15	0	.5488126	.3096103	.1415772	0
914.15	0	.5487137	.3095182	.1417681	0
913.15	0	.5486188	.3094235	.1419577	0
912.15	0	.5485278	.3093263	.142146	0
911.15	0	.5484407	.3092265	.1423329	0
910.15	0	.5483574	.3091242	.1425184	0
909.15	0	.5482779	.3090195	.1427026	0
908.15	0	.5482022	.3089125	.1428853	0
907.15	0	.5481303	.3088031	.1430667	0
906.15	0	.548062	.3086914	.1432466	0
905.15	0	.5479974	.3085776	.143425	0
904.15	0	.5479364	.3084616	.143602	0
903.15	0	.5478789	.3083435	.1437776	0
902.15	0	.547825	.3082234	.1439516	0
901.15	0	.5477746	.3081013	.1441241	0
900.15	0	.5477275	.3079774	.1442951	0
899.15	0	.5476838	.3078516	.1444646	0
898.15	0	.5476434	.3077241	.1446325	0
897.15	0	.5476063	.3075949	.1447988	0
896.15	0	.5475724	.3074641	.1449635	0
895.15	0	.5475416	.3073318	.1451267	0
894.15	0	.5475138	.307198	.1452881	0
893.15	0	.5474891	.307063	.145448	0
892.15	0	.5474673	.3069266	.1456061	0
891.15	0	.5474484	.3067891	.1457626	0
890.15	0	.5474322	.3066505	.1459173	0
889.15	0	.5474188	.3065109	.1460703	0
888.15	0	.5474081	.3063704	.1462215	0
887.15	0	.5473999	.3062292	.146371	0
886.15	0	.5473942	.3060872	.1465186	0
885.15	0	.5473909	.3059447	.1466644	0
884.15	0	.5473899	.3058018	.1468083	0
883.15	0	.5473911	.3056585	.1469504	0
882.15	0	.5473945	.305515	.1470905	0
881.15	0	.5473999	.3053714	.1472287	0
880.15	0	.5474072	.3052279	.1473649	0
879.15	0	.5474164	.3050845	.1474991	0
878.15	0	.5474273	.3049414	.1476313	0
877.15	0	.5474398	.3047988	.1477615	0
876.15	0	.5474538	.3046568	.1478895	0
875.15	0	.5474691	.3045155	.1480154	0
874.15	0	.5474858	.3043751	.1481391	0
873.15	0	.5475035	.3042359	.1482606	0
872.15	0	.5475223	.3040978	.1483799	0
871.15	0	.5475419	.3039612	.1484969	0
870.15	0	.5475622	.3038262	.1486116	0
869.15	0	.5475831	.303693	.148724	0
868.15	0	.5476044	.3035617	.1488339	0
867.15	0	.547626	.3034327	.1489413	0
866.15	0	.5476476	.3033061	.1490463	0
865.15	0	.5476692	.3031821	.1491487	0
864.15	0	.5476905	.303061	.1492485	0
863.15	0	.5477113	.302943	.1493457	0
862.15	0	.5477315	.3028283	.1494401	0
861.15	0	.5477509	.3027173	.1495318	0
860.15	0	.5477692	.3026102	.1496206	0
859.15	0	.5477862	.3025072	.1497066	0
858.15	0	.5478016	.3024088	.1497896	0
857.15	0	.5478154	.3023152	.1498695	0
856.15	0	.547827	.3022267	.1499463	0
855.15	0	.5478364	.3021437	.1500199	0
854.15	0	.5478433	.3020665	.1500902	0
853.15	0	.5478472	.3019956	.1501572	0
852.15	0	.5478479	.3019314	.1502207	0
851.15	0	.5478452	.3018742	.1502806	0
850.15	0	.5478385	.3018247	.1503368	0
849.15	0	.5478276	.3017831	.1503893	0
848.15	0	.5478121	.3017501	.1504378	0
847.15	0	.5477914	.3017263	.1504823	0
846.15	0	.5477653	.3017121	.1505226	0
845.15	0	.5477331	.3017083	.1505586	0
844.15	0	.5476944	.3017155	.15059	0
843.15	0	.5476486	.3017345	.1506168	0
842.15	0	.5475952	.3017661	.1506388	0
841.15	0	.5475334	.301811	.1506557	0
840.15	0	.5474625	.3018702	.1506673	0
839.15	0	.5473819	.3019448	.1506733	0
838.15	0	.5472906	.3020358	.1506736	0
837.15	0	.5468929	.3025135	.1505936	0
836.15	0	.5463953	.3031219	.1504828	0
835.15	0	.5459522	.3036681	.1503797	0
834.15	0	.5455582	.3041582	.1502836	0
833.15	0	.545209	.3045975	.1501936	0
832.15	0	.5449005	.3049905	.150109	0
831.15	0	.5446293	.3053414	.1500293	0
830.15	0	.5443924	.3056537	.149954	0
829.15	0	.5441868	.3059306	.1498826	0
828.15	0	.5440102	.3061749	.1498149	0
827.15	0	.5438604	.3063893	.1497503	0
826.15	0	.5437352	.3065761	.1496888	0
825.15	0	.5436328	.3067373	.1496299	0
824.15	0	.5435516	.306875	.1495734	0
823.15	0	.54349	.3069907	.1495193	0
822.15	0	.5434465	.3070863	.1494672	0
821.15	0	.54342	.307163	.149417	0
820.15	0	.5434092	.3072223	.1493686	0
819.15	0	.5434129	.3072654	.1493217	0
818.15	0	.5434302	.3072935	.1492764	0
817.15	0	.54346	.3073076	.1492324	0
816.15	0	.5435016	.3073087	.1491897	0
815.15	0	.5435541	.3072978	.1491481	0
814.15	0	.5436167	.3072757	.1491077	0
813.15	0	.5436887	.3072431	.1490682	0
812.15	0	.5437694	.3072009	.1490297	0
811.15	0	.5438583	.3071497	.148992	0
810.15	0	.5439547	.3070901	.1489552	0
809.15	0	.5440581	.3070229	.1489191	0
808.15	0	.544168	.3069484	.1488837	0
807.15	0	.5442838	.3068673	.1488489	0
806.15	0	.5444052	.3067801	.1488147	0
805.15	0	.5445317	.3066872	.1487811	0
804.15	0	.544663	.306589	.148748	0
803.15	0	.5447986	.306486	.1487154	0
802.15	0	.5449382	.3063786	.1486833	0
801.15	0	.5450815	.306267	.1486515	0
800.15	0	.5452281	.3061517	.1486202	0
799.15	0	.5453778	.306033	.1485892	0
798.15	0	.5455304	.3059111	.1485585	0
797.15	0	.5456854	.3057864	.1485282	0
796.15	0	.5458428	.3056591	.1484981	0
795.15	0	.5460022	.3055295	.1484683	0
794.15	0	.5461634	.3053978	.1484388	0
793.15	0	.5463264	.3052641	.1484095	0
792.15	0	.5464907	.3051289	.1483804	0
791.15	0	.5466564	.3049921	.1483515	0
790.15	0	.5468231	.304854	.1483228	0
789.15	0	.5469908	.3047149	.1482943	0
788.15	0	.5471593	.3045748	.1482659	0
787.15	0	.5473285	.3044338	.1482377	0
786.15	0	.5474981	.3042923	.1482096	0
785.15	0	.5476682	.3041502	.1481816	0
784.15	0	.5478385	.3040077	.1481537	0
783.15	0	.548009	.303865	.148126	0
782.15	0	.5481796	.3037221	.1480983	0
781.15	0	.5483501	.3035792	.1480707	0
780.15	0	.5485205	.3034363	.1480432	0
779.15	0	.5486907	.3032936	.1480157	0
778.15	0	.5488606	.3031511	.1479883	0
777.15	0	.5490301	.3030089	.147961	0
776.15	0	.5491991	.3028672	.1479337	0
775.15	0	.5493676	.3027259	.1479065	0
774.15	0	.5495356	.3025852	.1478792	0
773.15	0	.5497029	.3024451	.1478521	0
772.15	0	.5498695	.3023056	.1478249	0
771.15	0	.5500354	.3021669	.1477977	0
770.15	0	.5502004	.302029	.1477706	0
769.15	0	.5503646	.3018919	.1477435	0
768.15	0	.550528	.3017557	.1477164	0
767.15	0	.5506904	.3016204	.1476892	0
766.15	0	.5508519	.301486	.1476621	0
765.15	0	.5510123	.3013527	.147635	0
764.15	0	.5511718	.3012204	.1476079	0
763.15	0	.5513302	.3010891	.1475807	0
762.15	0	.5514875	.300959	.1475535	0
761.15	0	.5516437	.30083	.1475264	0
760.15	0	.5517987	.3007021	.1474992	0
759.15	0	.5519526	.3005754	.1474719	0
758.15	0	.5521054	.3004499	.1474447	0
757.15	0	.552257	.3003256	.1474174	0
756.15	0	.5524073	.3002026	.1473901	0
755.15	0	.5525564	.3000808	.1473628	0
754.15	0	.5527043	.2999603	.1473354	0
753.15	0	.552851	.299841	.147308	0
752.15	0	.5529964	.2997231	.1472805	0
751.15	0	.5531405	.2996064	.147253	0
750.15	0	.5532834	.2994911	.1472255	0
749.15	0	.553425	.2993771	.1471979	0
748.15	0	.5535653	.2992644	.1471703	0
747.15	0	.5537043	.299153	.1471427	0
746.15	0	.553842	.299043	.147115	0
745.15	0	.5539785	.2989344	.1470872	0
744.15	0	.5541136	.298827	.1470594	0
743.15	0	.5542503	.2987189	.1470308	0
742.15	0	.5543826	.2986145	.1470029	0
741.15	0	.5545136	.2985114	.146975	0
740.15	0	.5546433	.2984096	.1469471	0
739.15	0	.5547717	.2983092	.1469191	0
738.15	0	.5548988	.2982101	.146891	0
737.15	0	.5550247	.2981124	.1468629	0
736.15	0	.5551492	.298016	.1468347	0
735.15	0	.5552725	.297921	.1468065	0
734.15	0	.5553945	.2978273	.1467782	0
733.15	0	.5555152	.2977349	.1467499	0
732.15	0	.5556346	.2976439	.1467215	0
731.15	0	.5557528	.2975542	.146693	0
730.15	0	.5558697	.2974658	.1466645	0
729.15	0	.5559853	.2973788	.1466359	0
728.15	0	.5560997	.297293	.1466073	0
727.15	0	.5562128	.2972086	.1465786	0
726.15	0	.5563247	.2971255	.1465498	0
725.15	0	.5564354	.2970436	.146521	0
724.15	0	.5565448	.2969631	.1464921	0
723.15	0	.556653	.2968838	.1464632	0
722.15	0	.5567599	.2968059	.1464342	0
721.15	0	.5568657	.2967291	.1464052	0
720.15	0	.5569703	.2966537	.1463761	0
719.15	0	.5570736	.2965795	.1463469	0
718.15	0	.5571758	.2965066	.1463176	0
717.15	0	.5572767	.2964349	.1462884	0
716.15	0	.5573766	.2963644	.146259	0
715.15	0	.5574752	.2962952	.1462296	0
714.15	0	.5575727	.2962272	.1462002	0
713.15	0	.557669	.2961604	.1461707	0
712.15	0	.5577642	.2960948	.1461411	0
711.15	0	.5578582	.2960304	.1461114	0
710.15	0	.5579511	.2959671	.1460818	0
709.15	0	.5580429	.2959051	.146052	0
708.15	0	.5581336	.2958442	.1460222	0
707.15	0	.5582232	.2957845	.1459923	0
706.15	0	.5583117	.2957259	.1459624	0
705.15	0	.5583991	.2956685	.1459325	0
704.15	0	.5584854	.2956122	.1459024	0
703.15	0	.5585706	.295557	.1458724	0
702.15	0	.5586549	.2955029	.1458422	0
701.15	0	.558738	.29545	.145812	0
700.15	0	.5588201	.2953981	.1457818	0
699.15	0	.5589012	.2953473	.1457515	0
698.15	0	.5589812	.2952976	.1457212	0
697.15	0	.5590602	.295249	.1456908	0
696.15	0	.5591383	.2952014	.1456603	0
695.15	0	.5592153	.2951549	.1456298	0
694.15	0	.5592913	.2951094	.1455992	0
693.15	0	.5593664	.295065	.1455686	0
692.15	0	.5594404	.2950216	.145538	0
691.15	0	.5595136	.2949792	.1455073	0
690.15	0	.5595857	.2949378	.1454765	0
689.15	0	.5596569	.2948974	.1454457	0
688.15	0	.5597272	.294858	.1454149	0
687.15	0	.5597965	.2948195	.145384	0
686.15	0	.5598649	.294782	.145353	0
685.15	0	.5599324	.2947455	.145322	0
684.15	0	.559999	.29471	.145291	0
683.15	0	.5600647	.2946754	.1452599	0
682.15	0	.5601295	.2946417	.1452288	0
681.15	0	.5601935	.2946089	.1451976	0
680.15	0	.5602565	.2945771	.1451664	0
679.15	0	.5603187	.2945461	.1451351	0
678.15	0	.5603801	.2945161	.1451038	0
677.15	0	.5604406	.294487	.1450725	0
676.15	0	.5605002	.2944587	.1450411	0
675.15	0	.560559	.2944313	.1450097	0
674.15	0	.560617	.2944048	.1449782	0
673.15	0	.5606742	.2943791	.1449467	0
672.15	0	.5607306	.2943543	.1449151	0
671.15	0	.5607862	.2943303	.1448835	0
670.15	0	.5608409	.2943072	.1448519	0
669.15	0	.5608949	.2942848	.1448203	0
668.15	0	.5609482	.2942633	.1447885	0
667.15	0	.5610006	.2942426	.1447568	0
666.15	0	.5610523	.2942227	.144725	0
665.15	0	.5611032	.2942036	.1446932	0
664.15	0	.5611534	.2941852	.1446614	0
663.15	0	.5612028	.2941677	.1446295	0
662.15	0	.5612515	.2941509	.1445976	0
661.15	0	.5612995	.2941348	.1445657	0
660.15	0	.5613468	.2941196	.1445337	0
659.15	0	.5613933	.294105	.1445017	0
658.15	0	.5614392	.2940912	.1444696	0
657.15	0	.5614843	.2940781	.1444375	0
656.15	0	.5615288	.2940658	.1444055	0
655.15	0	.5615726	.2940541	.1443733	0
654.15	0	.5616157	.2940432	.1443412	0
653.15	0	.5616581	.2940329	.144309	0
652.15	0	.5616999	.2940234	.1442768	0
651.15	0	.561741	.2940145	.1442445	0
650.15	0	.5617814	.2940063	.1442123	0
649.15	0	.5618213	.2939988	.14418	0
648.15	0	.5618604	.2939919	.1441477	0
647.15	0	.561899	.2939857	.1441153	0
646.15	0	.5619369	.2939801	.144083	0
645.15	0	.5619742	.2939752	.1440506	0
644.15	0	.5620109	.2939709	.1440182	0
643.15	0	.562047	.2939672	.1439858	0
642.15	0	.5620825	.2939642	.1439533	0
641.15	0	.5621174	.2939618	.1439208	0
640.15	0	.5621517	.2939599	.1438884	0
639.15	0	.5621854	.2939587	.1438559	0
638.15	0	.5622186	.2939581	.1438233	0
637.15	0	.5622512	.293958	.1437908	0
636.15	0	.5622832	.2939586	.1437583	0
635.15	0	.5623146	.2939597	.1437257	0
634.15	0	.5623456	.2939614	.1436931	0
633.15	0	.5623759	.2939636	.1436605	0
632.15	0	.5624057	.2939664	.1436279	0
631.15	0	.562435	.2939697	.1435953	0
630.15	0	.5624638	.2939736	.1435626	0
629.15	0	.562492	.293978	.14353	0
628.15	0	.5625197	.293983	.1434973	0
627.15	0	.5625469	.2939884	.1434646	0
626.15	0	.5625736	.2939944	.143432	0
625.15	0	.5625998	.2940009	.1433993	0
624.15	0	.5626255	.2940079	.1433666	0
623.15	0	.5626507	.2940154	.1433339	0
622.15	0	.5626754	.2940234	.1433011	0
621.15	0	.5626997	.2940319	.1432684	0
620.15	0	.5627234	.2940409	.1432357	0
619.15	0	.5627467	.2940503	.143203	0
618.15	0	.5627695	.2940602	.1431702	0
617.15	0	.5627919	.2940706	.1431375	0
616.15	0	.5628138	.2940815	.1431048	0
615.15	0	.5628352	.2940928	.143072	0
614.15	0	.5628562	.2941045	.1430393	0
613.15	0	.5628768	.2941167	.1430065	0
612.15	0	.5628969	.2941294	.1429738	0
611.15	0	.5629166	.2941424	.142941	0
610.15	0	.5629358	.2941559	.1429083	0
609.15	0	.5629546	.2941698	.1428755	0
608.15	0	.562973	.2941841	.1428428	0
607.15	0	.562991	.2941989	.1428101	0
606.15	0	.5630086	.2942141	.1427773	0
605.15	0	.5630258	.2942296	.1427446	0
604.15	0	.5630426	.2942456	.1427119	0
603.15	0	.5630589	.2942619	.1426792	0
602.15	0	.5630749	.2942786	.1426465	0
601.15	0	.5630905	.2942957	.1426138	0
600.15	0	.5631057	.2943132	.1425811	0
599.15	0	.5631205	.2943311	.1425484	0
598.15	0	.563135	.2943493	.1425157	0
597.15	0	.563149	.2943679	.1424831	0
596.15	0	.5631627	.2943869	.1424504	0
595.15	0	.5631761	.2944062	.1424178	0
594.15	0	.563189	.2944258	.1423852	0
593.15	0	.5632016	.2944458	.1423525	0
592.15	0	.5632139	.2944661	.1423199	0
591.15	0	.5632258	.2944868	.1422874	0
590.15	0	.5632374	.2945078	.1422548	0
589.15	0	.5632486	.2945291	.1422222	0
588.15	0	.5632595	.2945508	.1421897	0
587.15	0	.5632701	.2945728	.1421572	0
586.15	0	.5632803	.294595	.1421247	0
585.15	0	.5632902	.2946176	.1420922	0
584.15	0	.5632997	.2946405	.1420598	0
583.15	0	.563309	.2946637	.1420273	0
582.15	0	.5633179	.2946872	.1419949	0
581.15	0	.5633266	.294711	.1419625	0
580.15	0	.5633349	.294735	.1419301	0
579.15	0	.5633429	.2947594	.1418978	0
578.15	0	.5633506	.294784	.1418654	0
577.15	0	.563358	.2948089	.1418331	0
576.15	0	.5633651	.2948341	.1418009	0
575.15	0	.5633719	.2948595	.1417686	0
574.15	0	.5633784	.2948852	.1417364	0
573.15	0	.5633847	.2949112	.1417042	0
572.15	0	.5633906	.2949374	.141672	0
571.15	0	.5633963	.2949639	.1416399	0
570.15	0	.5634017	.2949906	.1416077	0
569.15	0	.5634068	.2950175	.1415757	0
568.15	0	.5634117	.2950447	.1415436	0
567.15	0	.5634163	.2950722	.1415116	0
566.15	0	.5634206	.2950998	.1414796	0
565.15	0	.5634247	.2951277	.1414476	0
564.15	0	.5634285	.2951558	.1414157	0
563.15	0	.563432	.2951842	.1413838	0
562.15	0	.5634353	.2952127	.141352	0
561.15	0	.5634384	.2952415	.1413202	0
560.15	0	.5634412	.2952704	.1412884	0
559.15	0	.5634438	.2952996	.1412566	0
558.15	0	.5634461	.295329	.1412249	0
557.15	0	.5634482	.2953586	.1411932	0
556.15	0	.56345	.2953884	.1411616	0
555.15	0	.5634516	.2954183	.14113	0
554.15	0	.563453	.2954485	.1410985	0
553.15	0	.5634542	.2954788	.141067	0
552.15	0	.5634551	.2955094	.1410355	0
551.15	0	.5634559	.2955401	.1410041	0
550.15	0	.5634564	.295571	.1409727	0
549.15	0	.5634567	.295602	.1409413	0
548.15	0	.5634567	.2956332	.1409101	0
547.15	0	.5634566	.2956646	.1408788	0
546.15	0	.5634562	.2956962	.1408476	0
545.15	0	.5634557	.2957279	.1408165	0
544.15	0	.5634549	.2957597	.1407853	0
543.15	0	.563454	.2957917	.1407543	0
542.15	0	.5634528	.2958239	.1407233	0
541.15	0	.5634515	.2958562	.1406923	0
540.15	0	.56345	.2958887	.1406614	0
539.15	0	.5634482	.2959213	.1406305	0
538.15	0	.5634463	.295954	.1405997	0
537.15	0	.5634442	.2959868	.1405689	0
536.15	0	.5634419	.2960198	.1405382	0
535.15	0	.5634395	.2960529	.1405076	0
534.15	0	.5634368	.2960862	.140477	0
533.15	0	.563434	.2961196	.1404464	0
532.15	0	.563431	.296153	.1404159	0
531.15	0	.5634278	.2961867	.1403855	0
530.15	0	.5634245	.2962204	.1403551	0
529.15	0	.563421	.2962542	.1403248	0
528.15	0	.5634173	.2962881	.1402945	0
527.15	0	.5634135	.2963222	.1402643	0
526.15	0	.5634095	.2963563	.1402342	0
525.15	0	.5634054	.2963905	.1402041	0
524.15	0	.5634011	.2964249	.1401741	0
523.15	0	.5633966	.2964593	.1401441	0
522.15	0	.563392	.2964938	.1401142	0
521.15	0	.5633873	.2965284	.1400844	0
520.15	0	.5633823	.2965631	.1400546	0
519.15	0	.5633773	.2965978	.1400249	0
518.15	0	.5633721	.2966327	.1399952	0
517.15	0	.5633668	.2966676	.1399656	0
516.15	0	.5633613	.2967026	.1399361	0
515.15	0	.5633556	.2967377	.1399067	0
514.15	0	.5633499	.2967728	.1398773	0
513.15	0	.563344	.296808	.139848	0
512.15	0	.563338	.2968433	.1398187	0
511.15	0	.5633318	.2968786	.1397895	0
510.15	0	.5633256	.296914	.1397604	0
509.15	0	.5633192	.2969495	.1397314	0
508.15	0	.5633126	.296985	.1397024	0
507.15	0	.563306	.2970205	.1396735	0
506.15	0	.5632992	.2970561	.1396447	0
505.15	0	.5632923	.2970918	.1396159	0
504.15	0	.5632853	.2971275	.1395872	0
503.15	0	.5632782	.2971632	.1395586	0
502.15	0	.563271	.297199	.1395301	0
501.15	0	.5632636	.2972348	.1395016	0
500.15	0	.5632561	.2972707	.1394732	0
499.15	0	.5632486	.2973065	.1394449	0
498.15	0	.5632409	.2973424	.1394167	0
497.15	0	.5632331	.2973784	.1393885	0
496.15	0	.5632252	.2974143	.1393604	0
495.15	0	.5632173	.2974503	.1393324	0
494.15	0	.5632094	.2974863	.1393044	0
493.15	0	.5632012	.2975223	.1392765	0
492.15	0	.5631929	.2975584	.1392487	0
491.15	0	.5631845	.2975944	.1392211	0
490.15	0	.5631761	.2976305	.1391935	0
489.15	0	.5631675	.2976666	.1391659	0
488.15	0	.5631589	.2977027	.1391385	0
487.15	0	.5631501	.2977387	.1391111	0
486.15	0	.5631413	.2977749	.1390839	0
485.15	0	.5631324	.2978109	.1390567	0
484.15	0	.5631234	.297847	.1390296	0
483.15	0	.5631143	.2978831	.1390026	0
482.15	0	.5631052	.2979192	.1389756	0
481.15	0	.5630959	.2979553	.1389488	0
480.15	0	.5630866	.2979914	.138922	0
479.15	0	.5630772	.2980274	.1388954	0
478.15	0	.5630677	.2980635	.1388688	0
477.15	0	.5630582	.2980995	.1388423	0
476.15	0	.5630486	.2981355	.1388159	0
475.15	0	.5630389	.2981715	.1387896	0
474.15	0	.5630292	.2982075	.1387633	0
473.15	0	.5630193	.2982435	.1387372	0
472.15	0	.5630094	.2982794	.1387112	0
471.1826	0	.5629998	.2983141	.1386861	0
471.1826	0	.5629998	.2983141	.1386861	0
471.1826	0	.5629998	.2983141	.1386861	0
471.15	0	.5630085	.2982949	.1386755	2.114723E-05
470.15	0	.5632729	.2977069	.1383519	6.684048E-04
469.15	0	.5635361	.2971207	.1380291	.0013142
468.15	0	.563798	.2965364	.1377071	.001958547
467.15	0	.5640587	.2959539	.1373859	.002601457
466.15	0	.5643183	.2953732	.1370655	.003242944
465.15	0	.5645767	.2947943	.136746	.00388302
464.15	0	.5648339	.2942172	.1364272	.004521697
463.15	0	.56509	.2936419	.1361091	.005158987
462.15	0	.565345	.2930682	.1357919	.005794904
461.15	0	.5655988	.2924963	.1354754	.006429458
460.15	0	.5658516	.291926	.1351597	.007062662
459.15	0	.5661033	.2913574	.1348448	.007694527
458.15	0	.5663539	.2907904	.1345306	.008325066
457.15	0	.5666035	.2902251	.1342172	.00895429
456.15	0	.566852	.2896613	.1339045	.009582211
455.15	0	.5670995	.2890991	.1335925	.01020884
454.15	0	.567346	.2885385	.1332813	.01083419
453.15	0	.5675915	.2879794	.1329708	.01145826
452.15	0	.567836	.2874218	.132661	.01208108
451.15	0	.5680796	.2868658	.132352	.01270266
450.15	0	.5683222	.2863112	.1320437	.01332299
449.15	0	.5685639	.2857579	.131736	.01394211
448.15	0	.5688047	.2852061	.1314291	.01456003
447.15	0	.5690446	.2846558	.1311229	.01517673
446.15	0	.5692836	.2841068	.1308174	.01579225
445.15	0	.5695217	.2835591	.1305125	.01640659
444.15	0	.569759	.2830128	.1302084	.01701977
443.15	0	.5699954	.2824679	.1299049	.01763179
442.15	0	.570231	.2819242	.1296022	.01824266
441.15	0	.5704658	.2813817	.1293001	.0188524
440.15	0	.5706998	.2808405	.1289986	.01946102
439.15	0	.570933	.2803006	.1286979	.02006853
438.15	0	.5711655	.2797618	.1283978	.02067493
437.15	0	.5713972	.2792243	.1280983	.02128025
436.15	0	.5716281	.2786878	.1277996	.02188449
435.15	0	.5718583	.2781526	.1275015	.02248765
434.15	0	.5720878	.2776184	.127204	.02308976
433.15	0	.5723166	.2770854	.1269072	.02369082
432.15	0	.5725448	.2765534	.126611	.02429084
431.15	0	.5727722	.2760225	.1263154	.02488983
430.15	0	.572999	.2754926	.1260205	.0254878
429.15	0	.5732252	.2749638	.1257263	.02608476
428.15	0	.5734507	.274436	.1254326	.02668072
427.15	0	.5736755	.2739092	.1251396	.02727569
426.15	0	.5738998	.2733833	.1248472	.02786968
425.15	0	.5741234	.2728584	.1245554	.02846269
