T	 BPW(LIQUID)	BPW(BCC_A2)	BPW(FCC_A1)	BPW(LAVES_PHASE_C14)	BPW(NI3TI)
1473.15	0	.4863937	.5136063	0	0
1472.15	0	.4843369	.5156631	0	0
1471.15	0	.482285	.517715	0	0
1470.15	0	.4802381	.5197619	0	0
1469.15	0	.4781961	.5218039	0	0
1468.15	0	.4761591	.5238409	0	0
1467.15	0	.4741269	.5258731	0	0
1466.15	0	.4720997	.5279003	0	0
1465.15	0	.4700774	.5299226	0	0
1464.15	0	.46806	.53194	0	0
1463.15	0	.4660476	.5339524	0	0
1462.15	0	.46404	.53596	0	0
1461.15	0	.4620373	.5379627	0	0
1460.15	0	.4600395	.5399605	0	0
1459.15	0	.4580466	.5419534	0	0
1458.15	0	.4560586	.5439415	0	0
1457.15	0	.4540754	.5459246	0	0
1456.15	0	.4520971	.5479029	0	0
1455.15	0	.4501237	.5498763	0	0
1454.15	0	.4481552	.5518448	0	0
1453.15	0	.4461915	.5538085	0	0
1452.15	0	.4442327	.5557673	0	0
1451.15	0	.4422788	.5577212	0	0
1450.15	0	.4403297	.5596704	0	0
1449.15	0	.4383854	.5616146	0	0
1448.15	0	.436446	.563554	0	0
1447.15	0	.4345114	.5654886	0	0
1446.15	0	.4325817	.5674183	0	0
1445.15	0	.4306568	.5693432	0	0
1444.15	0	.4287368	.5712632	0	0
1443.15	0	.4268216	.5731784	0	0
1442.15	0	.4249112	.5750888	0	0
1441.15	0	.4230056	.5769944	0	0
1440.15	0	.4211049	.5788951	0	0
1439.15	0	.419209	.5807911	0	0
1438.15	0	.4173178	.5826822	0	0
1437.15	0	.4154316	.5845684	0	0
1436.15	0	.4135501	.5864499	0	0
1435.15	0	.4116734	.5883266	0	0
1434.15	0	.4098016	.5901984	0	0
1433.15	0	.4079346	.5920654	0	0
1432.15	0	.4060723	.5939277	0	0
1431.15	0	.4042149	.5957851	0	0
1430.15	0	.4023623	.5976377	0	0
1429.15	0	.4005145	.5994855	0	0
1428.15	0	.3986714	.6013286	0	0
1427.15	0	.3968332	.6031668	0	0
1426.15	0	.3949998	.6050002	0	0
1425.15	0	.3931712	.6068288	0	0
1424.15	0	.3913473	.6086527	0	0
1423.15	0	.3895283	.6104717	0	0
1422.15	0	.3877141	.6122859	0	0
1421.15	0	.3859046	.6140954	0	0
1420.15	0	.3841	.6159001	0	0
1419.15	0	.3823001	.6176999	0	0
1418.15	0	.380505	.619495	0	0
1417.15	0	.3787147	.6212853	0	0
1416.15	0	.3769292	.6230708	0	0
1415.15	0	.3751485	.6248515	0	0
1414.15	0	.3733726	.6266274	0	0
1413.15	0	.3716015	.6283985	0	0
1412.15	0	.3698352	.6301648	0	0
1411.15	0	.3680736	.6319264	0	0
1410.15	0	.3663169	.6336831	0	0
1409.15	0	.3645649	.6354351	0	0
1408.15	0	.3628178	.6371822	0	0
1407.15	0	.3610754	.6389246	0	0
1406.15	0	.3593378	.6406622	0	0
1405.15	0	.357605	.642395	0	0
1404.15	0	.355877	.644123	0	0
1403.15	0	.3541539	.6458462	0	0
1402.15	0	.3524355	.6475645	0	0
1401.15	0	.3507219	.6492781	0	0
1400.15	0	.3490131	.6509869	0	0
1399.15	0	.3473091	.6526909	0	0
1398.15	0	.3456099	.6543901	0	0
1397.15	0	.3439155	.6560845	0	0
1396.15	0	.3422259	.6577741	0	0
1395.15	0	.3405412	.6594588	0	0
1394.15	0	.3388612	.6611388	0	0
1393.15	0	.3371861	.6628139	0	0
1392.15	0	.3355157	.6644843	0	0
1391.15	0	.3338502	.6661498	0	0
1390.15	0	.3321895	.6678105	0	0
1389.15	0	.3305337	.6694663	0	0
1388.15	0	.3288826	.6711174	0	0
1387.15	0	.3272364	.6727636	0	0
1386.15	0	.325595	.674405	0	0
1385.15	0	.3239585	.6760415	0	0
1384.15	0	.3223268	.6776732	0	0
1383.15	0	.3206999	.6793001	0	0
1382.15	0	.3190779	.6809221	0	0
1381.15	0	.3174607	.6825393	0	0
1380.15	0	.3158484	.6841516	0	0
1379.15	0	.3142409	.6857591	0	0
1378.15	0	.3126383	.6873617	0	0
1377.15	0	.3110406	.6889595	0	0
1376.15	0	.3094477	.6905523	0	0
1375.15	0	.3078597	.6921403	0	0
1374.15	0	.3062765	.6937235	0	0
1373.15	0	.3046983	.6953017	0	0
1372.15	0	.3031249	.6968751	0	0
1371.15	0	.3015564	.6984436	0	0
1370.15	0	.2999928	.7000072	0	0
1369.15	0	.2984342	.7015659	0	0
1368.15	0	.2968804	.7031196	0	0
1367.15	0	.2953315	.7046685	0	0
1366.15	0	.2937875	.7062125	0	0
1365.15	0	.2922485	.7077515	0	0
1364.15	0	.2907144	.7092856	0	0
1363.15	0	.2891852	.7108148	0	0
1362.15	0	.287661	.712339	0	0
1361.15	0	.2861417	.7138583	0	0
1360.15	0	.2846273	.7153727	0	0
1359.15	0	.2831179	.7168821	0	0
1358.15	0	.2816135	.7183865	0	0
1357.15	0	.280114	.719886	0	0
1356.15	0	.2786195	.7213805	0	0
1355.15	0	.27713	.72287	0	0
1354.15	0	.2756455	.7243545	0	0
1353.15	0	.274166	.725834	0	0
1352.15	0	.2726915	.7273085	0	0
1351.15	0	.271222	.728778	0	0
1350.15	0	.2697575	.7302425	0	0
1349.15	0	.268298	.731702	0	0
1348.15	0	.2668436	.7331564	0	0
1347.15	0	.2653942	.7346058	0	0
1346.15	0	.2639498	.7360502	0	0
1345.15	0	.2625106	.7374894	0	0
1344.15	0	.2610763	.7389237	0	0
1343.15	0	.2596472	.7403528	0	0
1342.15	0	.2582231	.7417769	0	0
1341.15	0	.2568041	.7431959	0	0
1340.15	0	.2553902	.7446097	0	0
1339.15	0	.2539815	.7460185	0	0
1338.15	0	.2525778	.7474222	0	0
1337.15	0	.2511793	.7488207	0	0
1336.15	0	.2497859	.7502141	0	0
1335.15	0	.2483977	.7516023	0	0
1334.15	0	.2470146	.7529854	0	0
1333.15	0	.2456367	.7543633	0	0
1332.15	0	.2442639	.7557361	0	0
1331.15	0	.2428964	.7571037	0	0
1330.15	0	.241534	.758466	0	0
1329.15	0	.2401768	.7598232	0	0
1328.15	0	.2388249	.7611751	0	0
1327.15	0	.2374782	.7625218	0	0
1326.15	0	.2361367	.7638633	0	0
1325.15	0	.2348005	.7651996	0	0
1324.15	0	.2334695	.7665305	0	0
1323.15	0	.2321438	.7678562	0	0
1322.15	0	.2308234	.7691766	0	0
1321.15	0	.2295082	.7704918	0	0
1320.15	0	.2281984	.7718016	0	0
1319.15	0	.2268939	.7731061	0	0
1318.15	0	.2255948	.7744052	0	0
1317.15	0	.2243009	.7756991	0	0
1316.15	0	.2230125	.7769875	0	0
1315.15	0	.2217294	.7782706	0	0
1314.15	0	.2204517	.7795483	0	0
1313.15	0	.2191794	.7808207	0	0
1312.15	0	.2179124	.7820876	0	0
1311.15	0	.2166509	.7833491	0	0
1310.15	0	.2153949	.7846051	0	0
1309.15	0	.2141443	.7858557	0	0
1308.15	0	.2128991	.7871009	0	0
1307.15	0	.2116594	.7883406	0	0
1306.15	0	.2104252	.7895748	0	0
1305.15	0	.2091966	.7908034	0	0
1304.15	0	.2079734	.7920266	0	0
1303.15	0	.2067558	.7932442	0	0
1302.15	0	.2055437	.7944563	0	0
1301.15	0	.2043372	.7956629	0	0
1300.15	0	.2031362	.7968638	0	0
1299.15	0	.2019409	.7980592	0	0
1298.15	0	.2007511	.7992489	0	0
1297.15	0	.199567	.800433	0	0
1296.15	0	.1983885	.8016115	0	0
1295.15	0	.1972157	.8027843	0	0
1294.15	0	.1960485	.8039515	0	0
1293.15	0	.1948871	.8051129	0	0
1292.15	0	.1937313	.8062687	0	0
1291.15	0	.1925813	.8074187	0	0
1290.15	0	.191437	.808563	0	0
1289.15	0	.1902985	.8097015	0	0
1288.15	0	.1891657	.8108343	0	0
1287.15	0	.1880387	.8119613	0	0
1286.15	0	.1869176	.8130824	0	0
1285.15	0	.1858022	.8141978	0	0
1284.15	0	.1846927	.8153073	0	0
1283.15	0	.1835891	.8164109	0	0
1282.15	0	.1824914	.8175086	0	0
1281.15	0	.1813995	.8186005	0	0
1280.15	0	.1803136	.8196864	0	0
1279.15	0	.1792336	.8207664	0	0
1278.15	0	.1781596	.8218404	0	0
1277.15	0	.1770915	.8229085	0	0
1276.15	0	.1760295	.8239705	0	0
1275.15	0	.1749735	.8250266	0	0
1274.15	0	.1739235	.8260765	0	0
1273.15	0	.1728795	.8271205	0	0
1272.15	0	.1718417	.8281584	0	0
1271.15	0	.1708099	.8291901	0	0
1271.014	0	.1706698	.8293302	0	0
1271.014	0	.1706698	.8293302	0	0
1271.014	0	.1706698	.8293302	0	0
1270.15	0	.1688687	.8307395	3.918417E-04	0
1269.15	0	.1667909	.832365	8.441661E-04	0
1268.15	0	.164721	.833984	.001295093	0
1267.15	0	.1626589	.8355964	.001744626	0
1266.15	0	.1606048	.8372024	.002192771	0
1265.15	0	.1585587	.8388018	.002639531	0
1264.15	0	.1565204	.8403947	.003084911	0
1263.15	0	.1544902	.8419809	.003528916	0
1262.15	0	.1524679	.8435605	.003971549	0
1261.15	0	.1504537	.8451335	.004412815	0
1260.15	0	.1484474	.8466999	.004852718	0
1259.15	0	.1464492	.8482595	.005291262	0
1258.15	0	.1444591	.8498125	.005728452	0
1257.15	0	.142477	.8513587	.006164292	0
1256.15	0	.1405031	.8528982	.006598785	0
1255.15	0	.1385372	.8544309	.007031937	0
1254.15	0	.1365795	.8559568	.00746375	0
1253.15	0	.1346299	.8574758	.007894229	0
1252.15	0	.1326886	.8589881	.008323378	0
1251.15	0	.1307554	.8604934	.008751201	0
1250.15	0	.1288305	.8619918	.009177701	0
1249.15	0	.1269138	.8634833	.009602884	0
1248.15	0	.1250053	.8649679	.01002675	0
1247.15	0	.1231052	.8664455	.01044931	0
1246.15	0	.1212134	.867916	.01087056	0
1245.15	0	.11933	.8693795	.01129051	0
1244.15	0	.1174549	.870836	.01170916	0
1243.15	0	.1155882	.8722853	.01212651	0
1242.15	0	.1137299	.8737275	.01254257	0
1241.15	0	.1118801	.8751626	.01295734	0
1240.15	0	.1100388	.8765904	.01337083	0
1239.15	0	.1082059	.8780111	.01378304	0
1238.15	0	.1063816	.8794244	.01419397	0
1237.15	0	.1045659	.8808305	.01460362	0
1236.15	0	.1027587	.8822293	.01501201	0
1235.15	0	.1009602	.8836207	.01541913	0
1234.15	0	.09917035	.8850047	.01582498	0
1233.15	0	.09738917	.8863813	.01622957	0
1232.15	0	.09561671	.8877504	.01663291	0
1231.15	0	.093853	.889112	.017035	0
1230.15	0	.09209806	.8904661	.01743583	0
1229.15	0	.09035195	.8918126	.01783542	0
1228.15	0	.08861468	.8931516	.01823377	0
1227.15	0	.0868863	.8944828	.01863087	0
1226.15	0	.08516683	.8958064	.01902674	0
1225.15	0	.08345633	.8971223	.01942137	0
1224.15	0	.08175481	.8984304	.01981478	0
1223.15	0	.08006232	.8997307	.02020695	0
1222.15	0	.07837889	.9010232	.02059791	0
1221.15	0	.07670457	.9023078	.02098764	0
1220.15	0	.07503939	.9035845	.02137615	0
1219.15	0	.07338339	.9048532	.02176345	0
1218.15	0	.07173661	.9061139	.02214953	0
1217.15	0	.07009909	.9073665	.02253441	0
1216.15	0	.06847088	.908611	.02291808	0
1215.15	0	.06685201	.9098474	.02330055	0
1214.15	0	.06524253	.9110757	.02368181	0
1213.15	0	.06364248	.9122956	.02406188	0
1212.15	0	.0620519	.9135074	.02444075	0
1211.15	0	.06047084	.9147107	.02481844	0
1210.15	0	.05889934	.9159057	.02519493	0
1209.15	0	.05733745	.9170923	.02557024	0
1208.15	0	.05578521	.9182704	.02594436	0
1207.15	0	.05424267	.91944	.0263173	0
1206.15	0	.05270989	.9206011	.02668906	0
1205.15	0	.0511869	.9217534	.02705965	0
1204.15	0	.04967375	.9228972	.02742907	0
1203.15	0	.04817051	.9240322	.02779731	0
1202.15	0	.04667721	.9251584	.02816439	0
1201.15	0	.0451939	.9262758	.0285303	0
1200.15	0	.04372065	.9273843	.02889505	0
1199.15	0	.04225749	.9284839	.02925863	0
1198.15	0	.04080449	.9295744	.02962106	0
1197.15	0	.0393617	.930656	.02998234	0
1196.15	0	.03792917	.9317284	.03034246	0
1195.15	0	.03650696	.9327916	.03070143	0
1194.15	0	.03509512	.9338456	.03105925	0
1193.15	0	.03369371	.9348904	.03141593	0
1192.15	0	.03230279	.9359258	.03177146	0
1191.15	0	.03092242	.9369517	.03212585	0
1190.15	0	.02955265	.9379682	.03247911	0
1189.15	0	.02819355	.9389752	.03283122	0
1188.15	0	.02684517	.9399726	.0331822	0
1187.15	0	.02550757	.9409604	.03353205	0
1186.15	0	.02418083	.9419384	.03388077	0
1185.15	0	.022865	.9429066	.03422836	0
1184.15	0	.02156014	.943865	.03457482	0
1183.15	0	.02026632	.9448135	.03492016	0
1182.15	0	.0189836	.945752	.03526438	0
1181.15	0	.01771205	.9466805	.03560748	0
1180.15	0	.01645174	.9475988	.03594946	0
1179.15	0	.01520273	.948507	.03629032	0
1178.15	0	.01396509	.9494048	.03663007	0
1177.15	0	.0127389	.9502924	.03696871	0
1176.15	0	.01152421	.9511696	.03730624	0
1175.15	0	.0103211	.9520362	.03764266	0
1174.15	0	.00912965	.9528924	.03797798	0
1173.15	0	.00794992	.9537379	.03831219	0
1172.15	0	.006781987	.9545727	.03864529	0
1171.15	0	.005625926	.9553968	.0389773	0
1170.15	0	.004481809	.95621	.03930821	0
1169.15	0	.003349713	.9570123	.03963802	0
1168.15	0	.002229714	.9578036	.03996674	0
1167.15	0	.001121889	.9585838	.04029436	0
1166.15	0	2.631627E-05	.9593528	.04062089	0
1166.126	0	0	.9593712	.04062876	0
1166.126	0	0	.9593712	.04062876	0
1165.15	0	0	.959087	.04091298	0
1164.15	0	0	.9587963	.04120371	0
1163.15	0	0	.9585061	.0414939	0
1162.15	0	0	.9582164	.04178357	0
1161.15	0	0	.9579273	.04207271	0
1160.15	0	0	.9576387	.04236131	0
1159.15	0	0	.9573506	.04264939	0
1158.15	0	0	.9570631	.04293694	0
1157.15	0	0	.956776	.04322397	0
1156.15	0	0	.9564895	.04351046	0
1155.15	0	0	.9562036	.04379643	0
1154.15	0	0	.9559181	.04408188	0
1153.15	0	0	.9556332	.0443668	0
1152.15	0	0	.9553488	.0446512	0
1151.15	0	0	.9550649	.04493507	0
1150.15	0	0	.9547816	.04521841	0
1149.15	0	0	.9544988	.04550124	0
1148.15	0	0	.9542165	.04578354	0
1147.15	0	0	.9539347	.04606533	0
1146.15	0	0	.9536534	.04634659	0
1145.15	0	0	.9533727	.04662733	0
1144.15	0	0	.9530924	.04690755	0
1143.15	0	0	.9528127	.04718726	0
1142.15	0	0	.9525336	.04746644	0
1141.15	0	0	.9522549	.04774511	0
1140.15	0	0	.9519768	.04802325	0
1139.15	0	0	.9516991	.04830089	0
1138.15	0	0	.951422	.048578	0
1137.15	0	0	.9511454	.0488546	0
1136.15	0	0	.9508693	.04913069	0
1135.15	0	0	.9505937	.04940626	0
1134.15	0	0	.9503187	.04968131	0
1133.15	0	0	.9500442	.04995585	0
1132.15	0	0	.9497701	.05022988	0
1131.15	0	0	.9494966	.0505034	0
1130.15	0	0	.9492236	.0507764	0
1129.15	0	0	.9489511	.0510489	0
1128.15	0	0	.9486791	.05132088	0
1127.15	0	0	.9484077	.05159235	0
1126.15	0	0	.9481367	.05186331	0
1125.15	0	0	.9478662	.05213376	0
1124.15	0	0	.9475963	.05240371	0
1123.15	0	0	.9473269	.05267314	0
1122.15	0	0	.9470579	.05294207	0
1121.15	0	0	.9467895	.05321049	0
1120.15	0	0	.9465216	.0534784	0
1119.15	0	0	.9462542	.05374581	0
1118.15	0	0	.9459873	.05401271	0
1117.15	0	0	.9457209	.05427911	0
1116.15	0	0	.945455	.054545	0
1115.15	0	0	.9451896	.05481039	0
1114.15	0	0	.9449247	.05507527	0
1113.15	0	0	.9446604	.05533965	0
1112.15	0	0	.9443965	.05560353	0
1111.15	0	0	.9441331	.0558669	0
1110.15	0	0	.9438702	.05612977	0
1109.15	0	0	.9436079	.05639214	0
1108.15	0	0	.943346	.05665401	0
1107.15	0	0	.9430846	.05691538	0
1106.15	0	0	.9428238	.05717625	0
1105.15	0	0	.9425634	.05743662	0
1104.15	0	0	.9423035	.05769649	0
1103.15	0	0	.9420441	.05795586	0
1102.15	0	0	.9417853	.05821474	0
1101.15	0	0	.9415269	.05847311	0
1100.15	0	0	.941269	.05873099	0
1099.15	0	0	.9410116	.05898837	0
1098.15	0	0	.9407547	.05924526	0
1097.15	0	0	.9404984	.05950165	0
1096.15	0	0	.9402425	.05975754	0
1095.15	0	0	.9399871	.06001294	0
1094.15	0	0	.9397322	.06026784	0
1093.15	0	0	.9394778	.06052225	0
1092.15	0	0	.9392238	.06077617	0
1091.15	0	0	.9389704	.06102959	0
1090.15	0	0	.9387175	.06128252	0
1089.15	0	0	.938465	.06153496	0
1088.15	0	0	.9382131	.06178691	0
1087.15	0	0	.9379616	.06203836	0
1086.15	0	0	.9377107	.06228932	0
1085.15	0	0	.9374602	.06253979	0
1084.15	0	0	.9372102	.06278977	0
1083.15	0	0	.9369607	.06303926	0
1082.15	0	0	.9367117	.06328826	0
1081.15	0	0	.9364632	.06353678	0
1080.15	0	0	.9362152	.0637848	0
1079.15	0	0	.9359677	.06403233	0
1078.15	0	0	.9357206	.06427938	0
1077.15	0	0	.9354741	.06452594	0
1076.15	0	0	.935228	.06477201	0
1075.15	0	0	.9349824	.06501759	0
1074.15	0	0	.9347373	.06526269	0
1073.15	0	0	.9344927	.0655073	0
1072.15	0	0	.9342486	.06575143	0
1071.15	0	0	.9340049	.06599507	0
1070.15	0	0	.9337618	.06623822	0
1069.15	0	0	.9335191	.06648089	0
1068.15	0	0	.9332769	.06672308	0
1067.15	0	0	.9330352	.06696478	0
1066.15	0	0	.932794	.067206	0
1065.15	0	0	.9325533	.06744674	0
1064.15	0	0	.932313	.06768699	0
1063.15	0	0	.9320732	.06792676	0
1062.15	0	0	.931834	.06816605	0
1061.15	0	0	.9315951	.06840486	0
1060.15	0	0	.9313568	.06864318	0
1059.15	0	0	.931119	.06888102	0
1058.15	0	0	.9308816	.06911839	0
1057.15	0	0	.9306447	.06935527	0
1056.15	0	0	.9304083	.06959167	0
1055.15	0	0	.9301724	.0698276	0
1054.15	0	0	.929937	.07006304	0
1053.15	0	0	.929702	.070298	0
1052.15	0	0	.9294675	.07053249	0
1051.15	0	0	.9292335	.07076649	0
1050.15	0	0	.929	.07100002	0
1049.15	0	0	.9287669	.07123308	0
1048.15	0	0	.9285344	.07146565	0
1047.15	0	0	.9283022	.07169775	0
1046.15	0	0	.9280706	.07192937	0
1045.15	0	0	.9278395	.07216051	0
1044.15	0	0	.9276088	.07239118	0
1043.15	0	0	.9273786	.07262137	0
1042.15	0	0	.9271489	.07285108	0
1041.15	0	0	.9269197	.07308032	0
1040.15	0	0	.9266909	.07330909	0
1039.15	0	0	.9264626	.07353738	0
1038.15	0	0	.9262348	.07376519	0
1037.15	0	0	.9260075	.07399254	0
1036.15	0	0	.9257806	.07421941	0
1035.256	0	0	.9255781	.07442185	0
1035.256	0	0	.9255781	.07442185	0
1035.256	0	0	.9255781	.07442185	0
1035.15	0	1.458786E-04	.9254117	.07444237	0
1034.15	0	.00153705	.9238273	.07463567	0
1033.15	0	.00295239	.9222196	.07482805	0
1032.15	0	.004391896	.9205886	.07501951	0
1031.15	0	.005855557	.9189344	.07521006	0
1030.15	0	.007343365	.917257	.07539968	0
1029.15	0	.008855303	.9155563	.0755884	0
1028.15	0	.01039135	.9138325	.0757762	0
1027.15	0	.01195149	.9120854	.07596308	0
1026.15	0	.01353569	.9103153	.07614906	0
1025.15	0	.01514392	.908522	.07633413	0
1024.15	0	.01677615	.9067056	.07651829	0
1023.15	0	.01843234	.9048661	.07670154	0
1022.15	0	.02011245	.9030037	.07688389	0
1021.15	0	.02181643	.9011182	.07706534	0
1020.15	0	.02354424	.8992099	.07724589	0
1019.15	0	.02529581	.8972787	.07742553	0
1018.15	0	.0270711	.8953246	.07760427	0
1017.15	0	.02887004	.8933478	.07778212	0
1016.15	0	.03069256	.8913484	.07795907	0
1015.15	0	.0325386	.8893263	.07813512	0
1014.15	0	.03440809	.8872816	.07831028	0
1013.15	0	.03630093	.8852145	.07848454	0
1012.15	0	.03821707	.883125	.07865791	0
1011.15	0	.0401564	.8810132	.07883038	0
1010.15	0	.04211884	.8788792	.07900196	0
1009.15	0	.04410429	.8767231	.07917265	0
1008.15	0	.04611267	.8745449	.07934245	0
1007.15	0	.04814386	.8723448	.07951136	0
1006.15	0	.05019776	.8701229	.07967938	0
1005.15	0	.05227427	.8678792	.07984651	0
1004.15	0	.05437327	.865614	.08001274	0
1003.15	0	.05649463	.8633273	.08017809	0
1002.15	0	.05863826	.8610192	.08034255	0
1001.15	0	.060804	.8586899	.08050611	0
1000.15	0	.06299175	.8563395	.08066878	0
999.15	0	.06520136	.8539681	.08083057	0
998.15	0	.0674327	.8515758	.08099146	0
997.15	0	.06968564	.8491629	.08115146	0
996.15	0	.07196001	.8467294	.08131056	0
995.15	0	.07425569	.8442755	.08146877	0
994.15	0	.07657251	.8418014	.08162609	0
993.15	0	.07891033	.8393072	.0817825	0
992.15	0	.08126898	.836793	.08193802	0
991.15	0	.0836483	.8342591	.08209264	0
990.15	0	.08604813	.8317055	.08224635	0
989.15	0	.0884683	.8291325	.08239916	0
988.15	0	.09090863	.8265403	.08255107	0
987.15	0	.09336895	.823929	.08270206	0
986.15	0	.09584909	.8212988	.08285215	0
985.15	0	.09834885	.8186498	.08300131	0
984.15	0	.1008681	.8159824	.08314956	0
983.15	0	.1034065	.8132966	.08329689	0
982.15	0	.105964	.8105927	.0834433	0
981.15	0	.1085404	.8078708	.08358878	0
980.15	0	.1111355	.8051312	.08373332	0
979.15	0	.113749	.8023741	.08387693	0
978.15	0	.1163808	.7995996	.08401959	0
977.15	0	.1190307	.796808	.08416131	0
976.15	0	.1216984	.7939996	.08430208	0
975.15	0	.1243837	.7911744	.08444189	0
974.15	0	.1270865	.7883328	.08458073	0
973.15	0	.1298064	.785475	.08471861	0
972.15	0	.1325434	.7826011	.08485551	0
971.15	0	.1352971	.7797115	.08499143	0
970.15	0	.1380673	.7768063	.08512636	0
969.15	0	.1408539	.7738858	.08526029	0
968.15	0	.1436565	.7709503	.08539322	0
967.15	0	.146475	.7679999	.08552514	0
966.15	0	.1493091	.7650349	.08565603	0
965.15	0	.1521585	.7620556	.08578589	0
964.15	0	.1550231	.7590622	.08591471	0
963.15	0	.1579026	.7560549	.08604248	0
962.15	0	.1607968	.7530341	.08616919	0
961.15	0	.1637053	.7499999	.08629482	0
960.15	0	.166628	.7469526	.08641937	0
959.15	0	.1695646	.7438926	.08654283	0
958.15	0	.1725149	.74082	.08666517	0
957.15	0	.1754785	.7377351	.0867864	0
956.15	0	.1784554	.7346382	.08690649	0
955.15	0	.1813804	.7315897	.08702987	0
954.15	0	.1843403	.7285084	.08715131	0
953.15	0	.1873341	.7253952	.08727076	0
952.15	0	.1903597	.7222521	.08738824	0
951.15	0	.1934152	.719081	.08750379	0
950.15	0	.1964986	.715884	.08761742	0
949.15	0	.1996082	.7126627	.08772916	0
948.15	0	.2027421	.7094189	.08783902	0
947.15	0	.2058987	.7061542	.08794703	0
946.15	0	.2090764	.7028704	.0880532	0
945.15	0	.2122735	.6995689	.08815755	0
944.15	0	.2154886	.6962513	.08826009	0
943.15	0	.2187202	.692919	.08836083	0
942.15	0	.2219669	.6895733	.08845978	0
941.15	0	.2252273	.6862157	.08855696	0
940.15	0	.2285001	.6828475	.08865237	0
939.15	0	.2317842	.6794698	.08874603	0
938.15	0	.2350781	.6760839	.08883793	0
937.15	0	.2383809	.672691	.0889281	0
936.15	0	.2416913	.6692922	.08901652	0
935.15	0	.2450083	.6658885	.08910321	0
934.15	0	.2483308	.6624811	.08918818	0
933.15	0	.2516577	.6590708	.08927143	0
932.15	0	.2549882	.6556588	.08935295	0
931.15	0	.2583214	.6522459	.08943276	0
930.15	0	.2616561	.648833	.08951086	0
929.15	0	.2649917	.6454211	.08958725	0
928.15	0	.2683272	.6420109	.08966193	0
927.15	0	.2716619	.6386033	.0897349	0
926.15	0	.2749948	.635199	.08980617	0
925.15	0	.2783254	.6317989	.08987574	0
924.15	0	.2816528	.6284036	.0899436	0
923.15	0	.2849763	.6250139	.09000977	0
922.15	0	.2882953	.6216304	.09007423	0
921.15	0	.2916091	.6182539	.090137	0
920.15	0	.294917	.6148849	.09019806	0
919.15	0	.2982185	.6115241	.09025743	0
918.15	0	.3015129	.608172	.0903151	0
917.15	0	.3047996	.6048293	.09037108	0
916.15	0	.3080781	.6014965	.09042535	0
915.15	0	.3113479	.5981741	.09047793	0
914.15	0	.3146085	.5948627	.09052882	0
913.15	0	.3178592	.5915628	.09057801	0
912.15	0	.3210997	.5882748	.09062551	0
911.15	0	.3243295	.5849992	.09067131	0
910.15	0	.3275481	.5817365	.09071542	0
909.15	0	.3307551	.5784871	.09075784	0
908.15	0	.33395	.5752514	.09079857	0
907.15	0	.3371325	.5720299	.09083761	0
906.15	0	.3403021	.5688229	.09087496	0
905.15	0	.3434585	.5656309	.09091063	0
904.15	0	.3466012	.5624541	.09094462	0
903.15	0	.34973	.5592931	.09097693	0
902.15	0	.3528445	.556148	.09100756	0
901.15	0	.3559442	.5530193	.09103651	0
900.15	0	.359029	.5499072	.0910638	0
899.15	0	.3620985	.5468121	.09108942	0
898.15	0	.3651523	.5437343	.09111338	0
897.15	0	.3681902	.5406741	.09113567	0
896.15	0	.3712119	.5376318	.09115632	0
895.15	0	.3742171	.5346076	.09117532	0
894.15	0	.3772055	.5316018	.09119267	0
893.15	0	.3801769	.5286147	.09120839	0
892.15	0	.3831311	.5256465	.09122248	0
891.15	0	.3860677	.5226974	.09123494	0
890.15	0	.3889865	.5197677	.09124579	0
889.15	0	.3918874	.5168576	.09125503	0
888.15	0	.39477	.5139673	.09126267	0
887.15	0	.3976342	.5110971	.09126872	0
886.15	0	.4004798	.508247	.09127319	0
885.15	0	.4033065	.5054174	.09127608	0
884.15	0	.4061143	.5026083	.09127741	0
883.15	0	.4089028	.49982	.09127719	0
882.15	0	.4116719	.4970527	.09127543	0
881.15	0	.4144215	.4943064	.09127214	0
880.15	0	.4171514	.4915813	.09126733	0
879.15	0	.4198614	.4888776	.09126101	0
878.15	0	.4225513	.4861955	.0912532	0
877.15	0	.4252211	.4835349	.09124391	0
876.15	0	.4278707	.4808962	.09123316	0
875.15	0	.4304998	.4782793	.09122095	0
874.15	0	.4331083	.4756844	.09120731	0
873.15	0	.4356962	.4731116	.09119224	0
872.15	0	.4382633	.4705609	.09117577	0
871.15	0	.4408096	.4680325	.09115791	0
870.15	0	.4433349	.4655264	.09113867	0
869.15	0	.4458392	.4630428	.09111807	0
868.15	0	.4483223	.4605816	.09109613	0
867.15	0	.4507843	.4581429	.09107287	0
866.15	0	.453225	.4557267	.09104829	0
865.15	0	.4556444	.4533332	.09102243	0
864.15	0	.4580425	.4509622	.0909953	0
863.15	0	.4604191	.448614	.09096691	0
862.15	0	.4627744	.4462884	.09093729	0
861.15	0	.4651081	.4439854	.09090645	0
860.15	0	.4674205	.4417051	.09087442	0
859.15	0	.4697113	.4394475	.0908412	0
858.15	0	.4719806	.4372126	.09080683	0
857.15	0	.4742284	.4350003	.09077132	0
856.15	0	.4764548	.4328105	.09073468	0
855.15	0	.4786597	.4306433	.09069695	0
854.15	0	.4808432	.4284987	.09065813	0
853.15	0	.4830052	.4263765	.09061825	0
852.15	0	.4851459	.4242767	.09057733	0
851.15	0	.4872653	.4221993	.09053538	0
850.15	0	.4893634	.4201441	.09049243	0
849.15	0	.4914403	.4181112	.0904485	0
848.15	0	.4934961	.4161003	.09040359	0
847.15	0	.4955308	.4141114	.09035775	0
846.15	0	.4975445	.4121445	.09031097	0
845.15	0	.4995374	.4101994	.09026329	0
844.15	0	.5015094	.4082759	.09021472	0
843.15	0	.5034606	.4063741	.09016527	0
842.15	0	.5053913	.4044937	.09011498	0
841.15	0	.5073015	.4026346	.09006384	0
840.15	0	.5091913	.4007968	.09001189	0
839.15	0	.5110609	.39898	.08995915	0
838.15	0	.5129103	.3971841	.08990561	0
837.15	0	.5147397	.395409	.08985132	0
836.15	0	.5165492	.3936545	.08979627	0
835.15	0	.518339	.3919205	.0897405	0
834.15	0	.5201092	.3902068	.089684	0
833.15	0	.52186	.3885132	.08962681	0
832.15	0	.5235915	.3868396	.08956893	0
831.15	0	.5253039	.3851857	.08951039	0
830.15	0	.5269973	.3835515	.08945119	0
829.15	0	.5286719	.3819368	.08939134	0
828.15	0	.5303279	.3803413	.08933088	0
827.15	0	.5319654	.3787648	.0892698	0
826.15	0	.5335846	.3772073	.08920813	0
825.15	0	.5351856	.3756685	.08914587	0
824.15	0	.5367688	.3741482	.08908304	0
823.15	0	.5383342	.3726462	.08901965	0
822.15	0	.539882	.3711623	.08895571	0
821.15	0	.5414123	.3696964	.08889123	0
820.15	0	.5429255	.3682482	.08882623	0
819.15	0	.5444217	.3668176	.08876072	0
818.15	0	.545901	.3654043	.08869471	0
817.15	0	.5473636	.3640082	.08862821	0
816.15	0	.5488098	.362629	.08856123	0
815.15	0	.5502397	.3612665	.08849377	0
814.15	0	.5516535	.3599207	.08842586	0
813.15	0	.5530514	.3585911	.08835749	0
812.15	0	.5544336	.3572777	.08828868	0
811.15	0	.5558002	.3559803	.08821944	0
810.15	0	.5571516	.3546986	.08814977	0
809.15	0	.5584878	.3534325	.08807968	0
808.15	0	.559809	.3521818	.08800919	0
807.2735	0	.5609549	.3510981	.08794707	0
807.2735	0	.5609549	.3510981	.08794707	0
807.2735	0	.5609549	.3510981	.08794707	0
807.15	0	.5617815	.3500727	.08769058	4.552476E-04
806.15	0	.5683731	.3418837	.08563531	.004107875
805.15	0	.5747919	.3338876	.08361645	.00770407
804.15	0	.5810433	.3260784	.0816331	.01124521
803.15	0	.5871323	.3184507	.07968436	.01473261
802.15	0	.593064	.3109991	.07776939	.01816754
801.15	0	.5988429	.3037185	.07588737	.02155125
800.15	0	.6044738	.2966039	.0740375	.02488489
799.15	0	.6099608	.2896506	.07221902	.02816962
798.15	0	.6153083	.282854	.0704312	.03140653
797.15	0	.6205202	.2762098	.06867333	.03459668
796.15	0	.6256005	.2697137	.06694472	.0377411
795.15	0	.6305529	.2633616	.0652447	.04084077
794.15	0	.6353811	.2571496	.06357263	.04389664
793.15	0	.6400885	.251074	.06192789	.04690965
792.15	0	.6446785	.245131	.06030988	.04988069
791.15	0	.6491543	.2393171	.05871801	.05281062
790.15	0	.6535191	.2336289	.05715171	.05570028
789.15	0	.6577759	.2280632	.05561045	.05855048
788.15	0	.6619276	.2226167	.05409368	.06136201
787.15	0	.665977	.2172864	.05260089	.06413563
786.15	0	.669927	.2120693	.05113158	.06687209
785.15	0	.6737801	.2069626	.04968525	.06957211
784.15	0	.6775389	.2019633	.04826145	.07223638
783.15	0	.6812058	.1970689	.04685969	.07486558
782.15	0	.6847834	.1922767	.04547954	.07746037
781.15	0	.6882738	.1875842	.04412055	.08002141
780.15	0	.6916794	.182989	.04278231	.0825493
779.15	0	.6950023	.1784886	.0414644	.08504467
778.15	0	.6982448	.1740808	.0401664	.0875081
777.15	0	.7014087	.1697632	.03888794	.08994017
776.15	0	.7044961	.1655338	.03762862	.09234145
775.15	0	.707509	.1613904	.03638807	.09471249
774.15	0	.7104493	.157331	.03516592	.09705381
773.15	0	.7133187	.1533535	.03396182	.09936595
772.15	0	.7161191	.1494561	.03277541	.1016494
771.15	0	.7188522	.1456368	.03160635	.1039047
770.15	0	.7215196	.1418938	.03045431	.1061323
769.15	0	.724123	.1382253	.02931896	.1083327
768.15	0	.7266641	.1346296	.02819999	.1105064
767.15	0	.7291442	.131105	.02709707	.1126537
766.15	0	.731565	.1276498	.0260099	.1147753
765.15	0	.7339279	.1242625	.02493819	.1168714
764.15	0	.7362343	.1209415	.02388163	.1189426
763.15	0	.7384857	.1176852	.02283994	.1209891
762.15	0	.7406834	.1144922	.02181284	.1230116
761.15	0	.7428286	.111361	.02080006	.1250103
760.15	0	.7449228	.1082902	.01980131	.1269857
759.15	0	.7469671	.1052784	.01881633	.1289381
758.15	0	.7489628	.1023244	.01784487	.130868
757.15	0	.750911	.09942668	.01688667	.1327756
756.15	0	.752813	.0965841	.01594147	.1346614
755.15	0	.7546699	.09379537	.01500904	.1365257
754.15	0	.7564827	.09105927	.01408912	.1383689
753.15	0	.7582525	.08837463	.01318149	.1401914
752.15	0	.7599805	.08574028	.0122859	.1419933
751.15	0	.7616676	.08315508	.01140214	.1437752
750.15	0	.7633148	.08061792	.01052997	.1455373
749.15	0	.7649231	.07812774	.009669184	.14728
748.15	0	.7664935	.07568347	.008819557	.1490035
747.15	0	.7680269	.07328408	.007980882	.1507082
746.15	0	.7695242	.07092857	.007152948	.1523943
745.15	0	.7709862	.06861596	.006335553	.1540623
744.15	0	.7724139	.06634527	.005528496	.1557123
743.15	0	.7738082	.06411558	.00473158	.1573447
742.15	0	.7751697	.06192597	.003944613	.1589597
741.15	0	.7764994	.05977554	.003167405	.1605577
740.15	0	.7777979	.05766342	.002399771	.1621389
739.15	0	.7790662	.05558875	.001641528	.1637036
738.15	0	.7803048	.0535507	8.924971E-04	.165252
737.15	0	.7815147	.05154845	1.525029E-04	.1667844
736.9424	0	.7817623	.0511372	0	.1671005
736.9424	0	.7817623	.0511372	0	.1671005
736.15	0	.7817941	.05093843	0	.1672675
735.15	0	.781831	.05069474	0	.1674742
734.15	0	.7818644	.05045889	0	.1676767
733.15	0	.7818943	.05023073	0	.167875
732.15	0	.7819208	.05001009	0	.1680692
731.15	0	.7819439	.04979683	0	.1682592
730.15	0	.7819639	.04959079	0	.1684453
729.15	0	.7819807	.04939181	0	.1686275
728.15	0	.7819944	.04919977	0	.1688059
727.15	0	.7820051	.04901451	0	.1689804
726.15	0	.7820128	.0488359	0	.1691513
725.15	0	.7820177	.04866379	0	.1693185
724.15	0	.7820198	.04849806	0	.1694821
723.15	0	.7820191	.04833857	0	.1696423
722.15	0	.7820158	.04818519	0	.169799
721.15	0	.7820099	.0480378	0	.1699523
720.15	0	.7820014	.04789626	0	.1701023
719.15	0	.7819905	.04776047	0	.1702491
718.15	0	.7819771	.04763029	0	.1703926
717.15	0	.7819613	.04750561	0	.1705331
716.15	0	.7819432	.04738632	0	.1706704
715.15	0	.7819229	.0472723	0	.1708048
714.15	0	.7819004	.04716343	0	.1709362
713.15	0	.7818757	.04705963	0	.1710647
712.15	0	.7818489	.04696076	0	.1711904
711.15	0	.78182	.04686674	0	.1713133
710.15	0	.7817891	.04677745	0	.1714334
709.15	0	.7817563	.04669281	0	.1715509
708.15	0	.7817215	.0466127	0	.1716658
707.15	0	.7816849	.04653703	0	.1717781
706.15	0	.7816465	.04646571	0	.1718878
705.15	0	.7816062	.04639864	0	.1719951
704.15	0	.7815643	.04633573	0	.1721
703.15	0	.7815206	.0462769	0	.1722025
702.15	0	.7814752	.04622205	0	.1723027
701.15	0	.7814283	.04617111	0	.1724006
700.15	0	.7813797	.04612398	0	.1724963
699.15	0	.7813296	.04608057	0	.1725898
698.15	0	.781278	.04604083	0	.1726812
697.15	0	.7812249	.04600465	0	.1727705
696.15	0	.7811704	.04597196	0	.1728577
695.15	0	.7811144	.0459427	0	.1729429
694.15	0	.7810571	.04591678	0	.1730261
693.15	0	.7809984	.04589412	0	.1731075
692.15	0	.7809385	.04587466	0	.1731869
691.15	0	.7808772	.04585834	0	.1732645
690.15	0	.7808147	.04584507	0	.1733403
689.15	0	.7807509	.04583479	0	.1734143
688.15	0	.780686	.04582743	0	.1734866
687.15	0	.7806199	.04582293	0	.1735572
686.15	0	.7805527	.04582123	0	.1736261
685.15	0	.7804843	.04582226	0	.1736934
684.15	0	.7804149	.04582597	0	.1737591
683.15	0	.7803444	.04583228	0	.1738233
682.15	0	.7802729	.04584115	0	.173886
681.15	0	.7802003	.04585251	0	.1739472
680.15	0	.7801268	.04586631	0	.1740069
679.15	0	.7800523	.0458825	0	.1740652
678.15	0	.7799769	.04590102	0	.1741221
677.15	0	.7799005	.04592181	0	.1741777
676.15	0	.7798233	.04594482	0	.1742319
675.15	0	.7797451	.04597001	0	.1742849
674.15	0	.7796662	.04599732	0	.1743365
673.15	0	.7795863	.04602671	0	.174387
672.15	0	.7795057	.04605812	0	.1744362
671.15	0	.7794243	.04609152	0	.1744842
670.15	0	.7793421	.04612684	0	.1745311
669.15	0	.7792591	.04616405	0	.1745768
668.15	0	.7791754	.04620311	0	.1746215
667.15	0	.779091	.04624397	0	.174665
666.15	0	.7790059	.04628659	0	.1747075
665.15	0	.7789201	.04633092	0	.174749
664.15	0	.7788336	.04637692	0	.1747895
663.15	0	.7787464	.04642457	0	.174829
662.15	0	.7786587	.04647381	0	.1748675
661.15	0	.7785703	.04652461	0	.1749051
660.15	0	.7784813	.04657692	0	.1749418
659.15	0	.7783917	.04663072	0	.1749776
658.15	0	.7783015	.04668597	0	.1750125
657.15	0	.7782108	.04674263	0	.1750466
656.15	0	.7781195	.04680067	0	.1750798
655.15	0	.7780277	.04686005	0	.1751123
654.15	0	.7779354	.04692075	0	.1751439
653.15	0	.7778425	.04698271	0	.1751748
652.15	0	.7777492	.04704593	0	.1752049
651.15	0	.7776554	.04711036	0	.1752343
650.15	0	.7775611	.04717597	0	.1752629
649.15	0	.7774664	.04724273	0	.1752909
648.15	0	.7773712	.04731062	0	.1753182
647.15	0	.7772756	.0473796	0	.1753448
646.15	0	.7771795	.04744965	0	.1753708
645.15	0	.7770831	.04752074	0	.1753962
644.15	0	.7769862	.04759284	0	.1754209
643.15	0	.776889	.04766592	0	.1754451
642.15	0	.7767914	.04773996	0	.1754686
641.15	0	.7766934	.04781494	0	.1754916
640.15	0	.7765951	.04789082	0	.1755141
639.15	0	.7764964	.04796759	0	.175536
638.15	0	.7763974	.04804521	0	.1755574
637.15	0	.7762981	.04812367	0	.1755783
636.15	0	.7761984	.04820294	0	.1755986
635.15	0	.7760985	.048283	0	.1756185
634.15	0	.7759982	.04836383	0	.175638
633.15	0	.7758977	.0484454	0	.1756569
632.15	0	.7757968	.04852769	0	.1756755
631.15	0	.7756957	.04861069	0	.1756936
630.15	0	.7755944	.04869437	0	.1757112
629.15	0	.7754928	.04877871	0	.1757285
628.15	0	.7753909	.04886369	0	.1757454
627.15	0	.7752888	.04894929	0	.1757619
626.15	0	.7751865	.0490355	0	.175778
625.15	0	.7750839	.04912229	0	.1757938
624.15	0	.7749812	.04920965	0	.1758092
623.15	0	.7748782	.04929755	0	.1758242
622.15	0	.7747751	.04938598	0	.175839
621.15	0	.7746717	.04947493	0	.1758534
620.15	0	.7745682	.04956437	0	.1758675
619.15	0	.7744644	.04965429	0	.1758813
618.15	0	.7743605	.04974467	0	.1758948
617.15	0	.7742565	.0498355	0	.175908
616.15	0	.7741523	.04992676	0	.175921
615.15	0	.7740479	.05001844	0	.1759336
614.15	0	.7739434	.05011052	0	.1759461
613.15	0	.7738388	.05020297	0	.1759583
612.15	0	.773734	.05029581	0	.1759702
611.15	0	.7736291	.05038899	0	.1759819
610.15	0	.7735241	.05048252	0	.1759934
609.15	0	.7734189	.05057638	0	.1760047
608.15	0	.7733137	.05067055	0	.1760157
607.15	0	.7732084	.05076502	0	.1760266
606.15	0	.7731029	.05085978	0	.1760373
605.15	0	.7729974	.05095482	0	.1760478
604.15	0	.7728918	.05105012	0	.1760581
603.15	0	.7727861	.05114566	0	.1760682
602.15	0	.7726804	.05124145	0	.1760782
601.15	0	.7725746	.05133746	0	.176088
600.15	0	.7724687	.05143369	0	.1760976
599.15	0	.7723627	.05153012	0	.1761071
598.15	0	.7722567	.05162674	0	.1761165
597.15	0	.7721507	.05172354	0	.1761258
596.15	0	.7720446	.05182051	0	.1761349
595.15	0	.7719385	.05191763	0	.1761439
594.15	0	.7718324	.05201491	0	.1761527
593.15	0	.7717262	.05211232	0	.1761615
592.15	0	.77162	.05220986	0	.1761702
591.15	0	.7715138	.05230752	0	.1761787
590.15	0	.7714075	.05240528	0	.1761872
589.15	0	.7713013	.05250315	0	.1761956
588.15	0	.7711951	.0526011	0	.1762038
587.15	0	.7710888	.05269913	0	.1762121
586.15	0	.7709826	.05279722	0	.1762202
585.15	0	.7708764	.05289538	0	.1762283
584.15	0	.7707702	.05299359	0	.1762363
583.15	0	.770664	.05309184	0	.1762442
582.15	0	.7705578	.05319013	0	.1762521
581.15	0	.7704516	.05328844	0	.1762599
580.15	0	.7703455	.05338677	0	.1762677
579.15	0	.7702394	.05348511	0	.1762755
578.15	0	.7701334	.05358345	0	.1762831
577.15	0	.7700274	.05368179	0	.1762908
576.15	0	.7699214	.0537801	0	.1762984
575.15	0	.7698155	.0538784	0	.1763061
574.15	0	.7697097	.05397667	0	.1763136
573.15	0	.7696039	.05407489	0	.1763212
572.15	0	.7694982	.05417308	0	.1763288
571.15	0	.7693925	.05427121	0	.1763363
570.15	0	.7692869	.05436928	0	.1763438
569.15	0	.7691814	.05446728	0	.1763514
568.15	0	.7690759	.05456522	0	.1763589
567.15	0	.7689705	.05466307	0	.1763664
566.15	0	.7688653	.05476083	0	.1763739
565.15	0	.7687601	.05485851	0	.1763814
564.15	0	.7686549	.05495608	0	.176389
563.15	0	.7685499	.05505355	0	.1763965
562.15	0	.768445	.0551509	0	.1764041
561.15	0	.7683402	.05524814	0	.1764117
560.15	0	.7682355	.05534525	0	.1764193
559.15	0	.7681308	.05544223	0	.1764269
558.15	0	.7680263	.05553907	0	.1764346
557.15	0	.7679219	.05563577	0	.1764423
556.15	0	.7678177	.05573233	0	.17645
555.15	0	.7677135	.05582873	0	.1764578
554.15	0	.7676095	.05592497	0	.1764656
553.15	0	.7675056	.05602104	0	.1764734
552.15	0	.7674018	.05611695	0	.1764813
551.15	0	.7672981	.05621267	0	.1764892
550.15	0	.7671946	.05630822	0	.1764972
549.15	0	.7670913	.05640358	0	.1765052
548.15	0	.766988	.05649875	0	.1765132
547.15	0	.7668849	.05659372	0	.1765214
546.15	0	.766782	.05668849	0	.1765295
545.15	0	.7666792	.05678306	0	.1765378
544.15	0	.7665766	.05687741	0	.1765461
543.15	0	.7664741	.05697154	0	.1765544
542.15	0	.7663717	.05706546	0	.1765628
541.15	0	.7662696	.05715915	0	.1765713
540.15	0	.7661676	.05725261	0	.1765798
539.15	0	.7660657	.05734583	0	.1765885
538.15	0	.7659641	.05743881	0	.1765971
537.15	0	.7658626	.05753155	0	.1766059
536.15	0	.7657612	.05762404	0	.1766147
535.15	0	.7656601	.05771628	0	.1766236
534.15	0	.7655591	.05780826	0	.1766326
533.15	0	.7654583	.05789999	0	.1766417
532.15	0	.7653577	.05799144	0	.1766508
531.15	0	.7652573	.05808263	0	.1766601
530.15	0	.7651571	.05817354	0	.1766694
529.15	0	.7650571	.05826417	0	.1766787
528.15	0	.7649573	.05835453	0	.1766882
527.15	0	.7648576	.05844459	0	.1766978
526.15	0	.7647582	.05853437	0	.1767074
525.15	0	.764659	.05862386	0	.1767172
524.15	0	.7645599	.05871304	0	.176727
523.15	0	.7644611	.05880193	0	.176737
522.15	0	.7643625	.05889051	0	.176747
521.15	0	.7642641	.05897879	0	.1767571
520.15	0	.764166	.05906675	0	.1767673
519.15	0	.764068	.0591544	0	.1767776
518.15	0	.7639703	.05924173	0	.176788
517.15	0	.7638727	.05932873	0	.1767985
516.15	0	.7637755	.05941541	0	.1768091
515.15	0	.7636784	.05950177	0	.1768198
514.15	0	.7635816	.05958779	0	.1768307
513.15	0	.763485	.05967347	0	.1768416
512.15	0	.7633886	.05975881	0	.1768526
511.15	0	.7632925	.05984381	0	.1768637
510.15	0	.7631966	.05992847	0	.176875
509.15	0	.7631009	.06001278	0	.1768863
508.15	0	.7630055	.06009674	0	.1768977
507.15	0	.7629104	.06018034	0	.1769093
506.15	0	.7628155	.06026358	0	.176921
505.15	0	.7627208	.06034646	0	.1769327
504.15	0	.7626264	.06042898	0	.1769446
503.15	0	.7625322	.06051113	0	.1769566
502.15	0	.7624384	.06059291	0	.1769687
501.15	0	.7623447	.06067432	0	.176981
500.15	0	.7622513	.06075536	0	.1769933
499.15	0	.7621582	.06083601	0	.1770058
498.15	0	.7620654	.06091628	0	.1770183
497.15	0	.7619728	.06099617	0	.177031
496.15	0	.7618805	.06107568	0	.1770438
495.15	0	.7617885	.06115479	0	.1770568
494.15	0	.7616967	.06123351	0	.1770698
493.15	0	.7616052	.06131184	0	.177083
492.15	0	.761514	.06138977	0	.1770963
491.15	0	.761423	.0614673	0	.1771097
490.15	0	.7613324	.06154442	0	.1771232
489.15	0	.761242	.06162115	0	.1771368
488.15	0	.761152	.06169746	0	.1771506
487.15	0	.7610622	.06177337	0	.1771645
486.15	0	.7609727	.06184886	0	.1771785
485.15	0	.7608835	.06192394	0	.1771926
484.15	0	.7607945	.0619986	0	.1772069
483.15	0	.7607059	.06207284	0	.1772212
482.15	0	.7606176	.06214666	0	.1772357
481.15	0	.7605296	.06222006	0	.1772504
480.15	0	.7604418	.06229303	0	.1772651
479.15	0	.7603544	.06236557	0	.17728
478.15	0	.7602673	.06243768	0	.177295
477.15	0	.7601805	.06250936	0	.1773101
476.15	0	.760094	.0625806	0	.1773254
475.15	0	.7600078	.06265141	0	.1773408
474.15	0	.759922	.06272177	0	.1773563
473.15	0	.7598364	.0627917	0	.1773719
472.15	0	.7597512	.06286118	0	.1773877
471.15	0	.7596662	.06293022	0	.1774036
470.15	0	.7595816	.06299881	0	.1774196
469.15	0	.7594974	.06306695	0	.1774357
468.15	0	.7594134	.06313464	0	.177452
467.15	0	.7593298	.06320187	0	.1774684
466.15	0	.7592464	.06326865	0	.1774849
465.15	0	.7591635	.06333498	0	.1775016
464.15	0	.7590808	.06340084	0	.1775184
463.15	0	.7589985	.06346625	0	.1775353
462.15	0	.7589165	.06353119	0	.1775523
461.15	0	.7588349	.06359567	0	.1775695
460.15	0	.7587535	.06365968	0	.1775868
459.15	0	.7586726	.06372323	0	.1776042
458.15	0	.7585919	.06378631	0	.1776218
457.15	0	.7585116	.06384891	0	.1776395
456.15	0	.7584317	.06391105	0	.1776573
455.15	0	.7583521	.06397271	0	.1776752
454.15	0	.7582728	.06403389	0	.1776933
453.15	0	.7581939	.0640946	0	.1777115
452.15	0	.7581153	.06415482	0	.1777298
451.15	0	.7580371	.06421457	0	.1777483
450.15	0	.7579593	.06427384	0	.1777669
449.15	0	.7578818	.06433253	0	.1777856
448.15	0	.7578048	.06439073	0	.1778045
447.15	0	.7577281	.06444842	0	.1778235
446.15	0	.7576518	.0645056	0	.1778426
445.15	0	.7575759	.06456226	0	.1778619
444.15	0	.7575003	.06461839	0	.1778813
443.15	0	.7574252	.06467398	0	.1779008
442.15	0	.7573505	.06472903	0	.1779205
441.15	0	.7572762	.06478352	0	.1779403
440.15	0	.7572023	.06483745	0	.1779602
439.15	0	.7571289	.06489081	0	.1779803
438.15	0	.7570558	.0649436	0	.1780006
437.15	0	.7569833	.0649958	0	.1780209
436.15	0	.7569112	.06504742	0	.1780414
435.15	0	.7568395	.06509844	0	.178062
434.15	0	.7567683	.06514887	0	.1780828
433.15	0	.7566976	.06519868	0	.1781037
432.15	0	.7566273	.06524789	0	.1781248
431.15	0	.7565575	.06529648	0	.178146
430.15	0	.7564882	.06534445	0	.1781674
429.15	0	.7564194	.0653918	0	.1781888
428.15	0	.756351	.06543852	0	.1782105
427.15	0	.7562832	.06548462	0	.1782322
426.15	0	.7562158	.06553007	0	.1782541
425.15	0	.7561489	.06557489	0	.1782762
424.15	0	.7560826	.06561907	0	.1782984
423.15	0	.7560167	.06566261	0	.1783207
422.15	0	.7559513	.06570551	0	.1783432
421.15	0	.7558865	.06574775	0	.1783658
