T	 BPW(LIQUID)	BPW(BCC_A2)	BPW(FCC_A1)	BPW(LAVES_PHASE_C14)	BPW(NI3TI)
1473.15	.3189731	.5056563	0	.1753707	0
1472.15	.3128035	.5097834	0	.1774131	0
1471.15	.3067518	.5138271	0	.179421	0
1470.15	.3008148	.5177898	0	.1813954	0
1469.15	.2949893	.5216735	0	.1833372	0
1468.15	.2892723	.5254804	0	.1852472	0
1467.15	.2836609	.5292126	0	.1871265	0
1466.15	.2781523	.5328719	0	.1889758	0
1465.15	.2727436	.5364604	0	.190796	0
1464.15	.2674324	.5399797	0	.1925878	0
1463.15	.2622161	.5434319	0	.1943521	0
1462.15	.2570921	.5468184	0	.1960895	0
1461.15	.2520581	.550141	0	.1978009	0
1460.15	.2471119	.5534013	0	.1994867	0
1459.15	.2422512	.5566009	0	.2011479	0
1458.15	.2374738	.5597413	0	.2027849	0
1457.15	.2327777	.5628239	0	.2043984	0
1456.15	.2281609	.5658501	0	.205989	0
1455.15	.2236213	.5688214	0	.2075573	0
1454.15	.2191571	.571739	0	.2091039	0
1453.15	.2147665	.5746042	0	.2106293	0
1452.15	.2104477	.5774183	0	.212134	0
1451.15	.206199	.5801825	0	.2136185	0
1450.15	.2020187	.5828979	0	.2150835	0
1449.15	.1979051	.5855657	0	.2165292	0
1448.15	.1938568	.588187	0	.2179562	0
1447.15	.1898722	.5907628	0	.219365	0
1446.15	.1859498	.5932943	0	.2207559	0
1445.15	.1820881	.5957824	0	.2221295	0
1444.15	.1782859	.598228	0	.223486	0
1443.15	.1745417	.6006322	0	.224826	0
1442.15	.1708543	.6029959	0	.2261498	0
1441.15	.1672222	.60532	0	.2274578	0
1440.15	.1636445	.6076052	0	.2287503	0
1439.15	.1601197	.6098526	0	.2300277	0
1438.15	.1566468	.6120628	0	.2312904	0
1437.15	.1532246	.6142368	0	.2325386	0
1436.15	.149852	.6163753	0	.2337728	0
1435.15	.1465279	.618479	0	.2349931	0
1434.15	.1432514	.6205487	0	.2362	0
1433.15	.1400213	.622585	0	.2373937	0
1432.15	.1368367	.6245888	0	.2385745	0
1431.15	.1336967	.6265607	0	.2397427	0
1430.15	.1306002	.6285013	0	.2408985	0
1429.15	.1275465	.6304113	0	.2420423	0
1428.15	.1245345	.6322913	0	.2431742	0
1427.15	.1215635	.6341419	0	.2442946	0
1426.15	.1186326	.6359637	0	.2454037	0
1425.15	.1157409	.6377574	0	.2465017	0
1424.15	.1128878	.6395234	0	.2475889	0
1423.15	.1100724	.6412623	0	.2486654	0
1422.15	.1072939	.6429746	0	.2497315	0
1421.15	.1045516	.6446609	0	.2507874	0
1420.15	.1018449	.6463217	0	.2518334	0
1419.15	.09917295	.6479575	0	.2528695	0
1418.15	.09653513	.6495688	0	.2538961	0
1417.15	.09393077	.6511559	0	.2549133	0
1416.15	.09135921	.6527195	0	.2559213	0
1415.15	.08881983	.6542599	0	.2569202	0
1414.15	.08631201	.6557776	0	.2579104	0
1413.15	.08383515	.6572731	0	.2588918	0
1412.15	.08138866	.6587466	0	.2598647	0
1411.15	.07897197	.6601987	0	.2608293	0
1410.15	.07658451	.6616297	0	.2617857	0
1409.15	.07422575	.6630401	0	.2627341	0
1408.15	.07189515	.6644302	0	.2636747	0
1407.15	.06959218	.6658003	0	.2646075	0
1406.15	.06731635	.6671509	0	.2655327	0
1405.15	.06506715	.6684823	0	.2664505	0
1404.15	.0628441	.6697949	0	.267361	0
1403.15	.06064673	.6710889	0	.2682644	0
1402.15	.05847457	.6723647	0	.2691607	0
1401.15	.05632718	.6736227	0	.2700501	0
1400.15	.05420411	.6748631	0	.2709328	0
1399.15	.05210492	.6760863	0	.2718088	0
1398.15	.05002921	.6772926	0	.2726782	0
1397.15	.04797655	.6784822	0	.2735413	0
1396.15	.04594654	.6796555	0	.274398	0
1395.15	.04393879	.6808126	0	.2752486	0
1394.15	.04195292	.681954	0	.276093	0
1393.15	.03998854	.6830799	0	.2769315	0
1392.15	.03804529	.6841905	0	.2777642	0
1391.15	.03612281	.6852862	0	.278591	0
1390.15	.03422074	.686367	0	.2794122	0
1389.15	.03233874	.6874334	0	.2802279	0
1388.15	.03047647	.6884855	0	.281038	0
1387.15	.0286336	.6895236	0	.2818428	0
1386.15	.02680981	.6905479	0	.2826423	0
1385.15	.02500478	.6915587	0	.2834365	0
1384.15	.0232182	.6925561	0	.2842257	0
1383.15	.02144977	.6935404	0	.2850098	0
1382.15	.01969919	.6945118	0	.285789	0
1381.15	.01796616	.6954706	0	.2865633	0
1380.15	.01625042	.6964168	0	.2873328	0
1379.15	.01455166	.6973507	0	.2880976	0
1378.15	.01286963	.6982726	0	.2888578	0
1377.15	.01120406	.6991826	0	.2896134	0
1376.15	.009554674	.7000808	0	.2903645	0
1375.15	.007921225	.7009676	0	.2911112	0
1374.15	.006303459	.701843	0	.2918536	0
1373.15	.00470113	.7027072	0	.2925917	0
1372.15	.003113995	.7035605	0	.2933255	0
1371.15	.001541818	.7044029	0	.2940553	0
1370.16	0	.7052264	0	.2947736	0
1370.16	0	.7052264	0	.2947736	0
1370.15	0	.7052212	0	.2947788	0
1369.15	0	.7047116	0	.2952884	0
1368.15	0	.7042032	0	.2957968	0
1367.15	0	.7036959	0	.2963041	0
1366.15	0	.7031898	0	.2968102	0
1365.15	0	.7026849	0	.2973151	0
1364.15	0	.7021811	0	.297819	0
1363.15	0	.7016784	0	.2983216	0
1362.15	0	.7011768	0	.2988232	0
1361.15	0	.7006764	0	.2993236	0
1360.15	0	.7001772	0	.2998228	0
1359.15	0	.699679	0	.300321	0
1358.15	0	.699182	0	.300818	0
1357.15	0	.6986861	0	.3013139	0
1356.15	0	.6981913	0	.3018087	0
1355.15	0	.6976977	0	.3023023	0
1354.15	0	.6972051	0	.3027949	0
1353.15	0	.6967137	0	.3032863	0
1352.15	0	.6962233	0	.3037767	0
1351.15	0	.6957341	0	.3042659	0
1350.15	0	.6952459	0	.3047541	0
1349.15	0	.6947588	0	.3052412	0
1348.15	0	.6942729	0	.3057272	0
1347.15	0	.693788	0	.306212	0
1346.15	0	.6933041	0	.3066959	0
1345.15	0	.6928214	0	.3071786	0
1344.15	0	.6923397	0	.3076603	0
1343.15	0	.6918591	0	.3081409	0
1342.15	0	.6913796	0	.3086204	0
1341.15	0	.6909012	0	.3090989	0
1340.15	0	.6904238	0	.3095763	0
1339.15	0	.6899474	0	.3100526	0
1338.15	0	.6894721	0	.3105279	0
1337.15	0	.6889979	0	.3110022	0
1336.15	0	.6885247	0	.3114754	0
1335.15	0	.6880525	0	.3119475	0
1334.15	0	.6875814	0	.3124186	0
1333.15	0	.6871113	0	.3128887	0
1332.15	0	.6866422	0	.3133578	0
1331.15	0	.6861742	0	.3138258	0
1330.15	0	.6857072	0	.3142928	0
1329.15	0	.6852413	0	.3147587	0
1328.15	0	.6847763	0	.3152237	0
1327.15	0	.6843124	0	.3156876	0
1326.15	0	.6838495	0	.3161506	0
1325.15	0	.6833875	0	.3166125	0
1324.15	0	.6829266	0	.3170734	0
1323.15	0	.6824667	0	.3175333	0
1322.15	0	.6820078	0	.3179922	0
1321.15	0	.6815499	0	.3184501	0
1320.15	0	.681093	0	.318907	0
1319.15	0	.6806371	0	.3193629	0
1318.15	0	.6801822	0	.3198178	0
1317.15	0	.6797282	0	.3202718	0
1316.15	0	.6792753	0	.3207247	0
1315.15	0	.6788233	0	.3211767	0
1314.15	0	.6783723	0	.3216277	0
1313.15	0	.6779222	0	.3220778	0
1312.15	0	.6774732	0	.3225268	0
1311.15	0	.6770251	0	.3229749	0
1310.15	0	.6765779	0	.3234221	0
1309.15	0	.6761318	0	.3238683	0
1308.15	0	.6756865	0	.3243135	0
1307.15	0	.6752423	0	.3247577	0
1306.15	0	.674799	0	.325201	0
1305.15	0	.6743566	0	.3256434	0
1304.15	0	.6739152	0	.3260848	0
1303.15	0	.6734747	0	.3265253	0
1302.15	0	.6730352	0	.3269648	0
1301.15	0	.6725966	0	.3274034	0
1300.15	0	.6721589	0	.3278411	0
1299.15	0	.6717222	0	.3282778	0
1298.15	0	.6712864	0	.3287136	0
1297.15	0	.6708515	0	.3291485	0
1296.15	0	.6704175	0	.3295825	0
1295.15	0	.6699845	0	.3300155	0
1294.15	0	.6695524	0	.3304476	0
1293.15	0	.6691212	0	.3308788	0
1292.15	0	.6686909	0	.3313091	0
1291.15	0	.6682615	0	.3317385	0
1290.15	0	.6678331	0	.332167	0
1289.15	0	.6674055	0	.3325945	0
1288.15	0	.6669788	0	.3330212	0
1287.15	0	.666553	0	.333447	0
1286.15	0	.6661282	0	.3338718	0
1285.15	0	.6657042	0	.3342958	0
1284.15	0	.6652811	0	.3347189	0
1283.15	0	.6648589	0	.3351411	0
1282.15	0	.6644376	0	.3355624	0
1281.15	0	.6640171	0	.3359829	0
1280.15	0	.6635976	0	.3364024	0
1279.15	0	.6631789	0	.3368211	0
1278.15	0	.6627611	0	.3372389	0
1277.15	0	.6623442	0	.3376558	0
1276.15	0	.6619281	0	.3380719	0
1275.15	0	.6615129	0	.3384871	0
1274.15	0	.6610986	0	.3389014	0
1273.15	0	.6606851	0	.3393149	0
1272.15	0	.6602725	0	.3397275	0
1271.15	0	.6598607	0	.3401393	0
1270.15	0	.6594498	0	.3405502	0
1269.15	0	.6590398	0	.3409602	0
1268.15	0	.6586306	0	.3413694	0
1267.15	0	.6582222	0	.3417778	0
1266.15	0	.6578147	0	.3421853	0
1265.15	0	.657408	0	.342592	0
1264.15	0	.6570022	0	.3429978	0
1263.15	0	.6565972	0	.3434028	0
1262.15	0	.6561931	0	.343807	0
1261.15	0	.6557897	0	.3442103	0
1260.15	0	.6553872	0	.3446128	0
1259.15	0	.6549856	0	.3450144	0
1258.15	0	.6545847	0	.3454153	0
1257.15	0	.6541847	0	.3458153	0
1256.15	0	.6537855	0	.3462145	0
1255.15	0	.6533871	0	.3466129	0
1254.15	0	.6529895	0	.3470105	0
1253.15	0	.6525928	0	.3474072	0
1252.15	0	.6521968	0	.3478032	0
1251.15	0	.6518017	0	.3481983	0
1250.15	0	.6514074	0	.3485926	0
1249.15	0	.6510139	0	.3489861	0
1248.15	0	.6506211	0	.3493789	0
1247.15	0	.6502292	0	.3497708	0
1246.15	0	.6498381	0	.3501619	0
1245.15	0	.6494477	0	.3505523	0
1244.15	0	.6490582	0	.3509418	0
1243.15	0	.6486695	0	.3513305	0
1242.15	0	.6482815	0	.3517185	0
1241.15	0	.6478943	0	.3521057	0
1240.15	0	.6475079	0	.3524921	0
1239.15	0	.6471223	0	.3528777	0
1238.15	0	.6467375	0	.3532625	0
1237.15	0	.6463534	0	.3536466	0
1236.15	0	.6459702	0	.3540298	0
1235.15	0	.6455877	0	.3544123	0
1234.15	0	.6452059	0	.3547941	0
1233.15	0	.644825	0	.355175	0
1232.15	0	.6444448	0	.3555552	0
1231.15	0	.6440653	0	.3559347	0
1230.15	0	.6436867	0	.3563134	0
1229.15	0	.6433087	0	.3566913	0
1228.15	0	.6429316	0	.3570684	0
1227.15	0	.6425552	0	.3574448	0
1226.15	0	.6421796	0	.3578205	0
1225.15	0	.6418047	0	.3581953	0
1224.15	0	.6414305	0	.3585695	0
1223.15	0	.6410571	0	.3589429	0
1222.15	0	.6406845	0	.3593155	0
1221.15	0	.6403126	0	.3596874	0
1220.15	0	.6399414	0	.3600586	0
1219.15	0	.639571	0	.360429	0
1218.15	0	.6392013	0	.3607987	0
1217.15	0	.6388324	0	.3611676	0
1216.15	0	.6384642	0	.3615359	0
1215.15	0	.6380967	0	.3619033	0
1214.15	0	.6377299	0	.3622701	0
1213.15	0	.6373639	0	.3626361	0
1212.15	0	.6369986	0	.3630014	0
1211.15	0	.636634	0	.363366	0
1210.15	0	.6362702	0	.3637298	0
1209.15	0	.635907	0	.364093	0
1208.15	0	.6355446	0	.3644554	0
1207.15	0	.6351829	0	.3648171	0
1206.15	0	.634822	0	.3651781	0
1205.15	0	.6344617	0	.3655383	0
1204.15	0	.6341021	0	.3658979	0
1203.15	0	.6337433	0	.3662567	0
1202.15	0	.6333851	0	.3666149	0
1201.15	0	.6330277	0	.3669723	0
1200.15	0	.632671	0	.367329	0
1199.15	0	.6323149	0	.3676851	0
1198.15	0	.6319596	0	.3680404	0
1197.15	0	.631605	0	.368395	0
1196.15	0	.631251	0	.368749	0
1195.15	0	.6308978	0	.3691022	0
1194.15	0	.6305453	0	.3694548	0
1193.15	0	.6301934	0	.3698066	0
1192.15	0	.6298422	0	.3701578	0
1191.15	0	.6294917	0	.3705083	0
1190.15	0	.629142	0	.3708581	0
1189.15	0	.6287928	0	.3712072	0
1188.15	0	.6284444	0	.3715556	0
1187.15	0	.6280967	0	.3719034	0
1186.15	0	.6277496	0	.3722504	0
1185.15	0	.6274032	0	.3725968	0
1184.15	0	.6270575	0	.3729425	0
1183.15	0	.6267124	0	.3732876	0
1182.15	0	.626368	0	.373632	0
1181.15	0	.6260243	0	.3739757	0
1180.15	0	.6256813	0	.3743187	0
1179.15	0	.6253389	0	.3746611	0
1178.15	0	.6249972	0	.3750028	0
1177.15	0	.6246562	0	.3753438	0
1176.15	0	.6243158	0	.3756842	0
1175.15	0	.6239761	0	.3760239	0
1174.15	0	.623637	0	.376363	0
1173.15	0	.6232986	0	.3767014	0
1172.15	0	.6229609	0	.3770391	0
1171.15	0	.6226238	0	.3773762	0
1170.15	0	.6222873	0	.3777127	0
1169.15	0	.6219515	0	.3780485	0
1168.15	0	.6216164	0	.3783836	0
1167.15	0	.6212819	0	.3787181	0
1166.15	0	.620948	0	.379052	0
1165.15	0	.6206148	0	.3793852	0
1164.15	0	.6202823	0	.3797177	0
1163.15	0	.6199504	0	.3800496	0
1162.15	0	.6196191	0	.3803809	0
1161.15	0	.6192884	0	.3807116	0
1160.15	0	.6189584	0	.3810416	0
1159.15	0	.618629	0	.381371	0
1158.15	0	.6183003	0	.3816997	0
1157.15	0	.6179722	0	.3820278	0
1156.15	0	.6176447	0	.3823553	0
1155.15	0	.6173179	0	.3826821	0
1154.15	0	.6169916	0	.3830084	0
1153.15	0	.616666	0	.383334	0
1152.15	0	.616341	0	.383659	0
1151.15	0	.6160167	0	.3839833	0
1150.15	0	.615693	0	.3843071	0
1149.15	0	.6153698	0	.3846302	0
1148.15	0	.6150474	0	.3849527	0
1147.15	0	.6147255	0	.3852745	0
1146.15	0	.6144042	0	.3855958	0
1145.15	0	.6140836	0	.3859164	0
1144.15	0	.6137635	0	.3862365	0
1143.15	0	.6134441	0	.3865559	0
1142.15	0	.6131253	0	.3868747	0
1141.15	0	.6128071	0	.3871929	0
1140.15	0	.6124895	0	.3875105	0
1139.15	0	.6121725	0	.3878275	0
1138.15	0	.6118561	0	.3881439	0
1137.15	0	.6115403	0	.3884597	0
1136.15	0	.6112251	0	.3887749	0
1135.15	0	.6109105	0	.3890895	0
1134.15	0	.6105966	0	.3894035	0
1133.15	0	.6102832	0	.3897168	0
1132.15	0	.6099704	0	.3900296	0
1131.15	0	.6096582	0	.3903418	0
1130.15	0	.6093466	0	.3906534	0
1129.15	0	.6090355	0	.3909645	0
1128.15	0	.6087251	0	.3912749	0
1127.15	0	.6084153	0	.3915847	0
1126.15	0	.608106	0	.391894	0
1125.15	0	.6077974	0	.3922026	0
1124.15	0	.6074893	0	.3925107	0
1123.15	0	.6071818	0	.3928182	0
1122.15	0	.6068749	0	.3931251	0
1121.15	0	.6065686	0	.3934314	0
1120.15	0	.6062628	0	.3937372	0
1119.15	0	.6059576	0	.3940424	0
1118.15	0	.605653	0	.394347	0
1117.15	0	.605349	0	.394651	0
1116.15	0	.6050456	0	.3949544	0
1115.15	0	.6047427	0	.3952573	0
1114.15	0	.6044404	0	.3955596	0
1113.15	0	.6041387	0	.3958613	0
1112.15	0	.6038375	0	.3961625	0
1111.15	0	.6035369	0	.3964631	0
1110.15	0	.6032369	0	.3967631	0
1109.15	0	.6029375	0	.3970625	0
1108.15	0	.6026386	0	.3973614	0
1107.15	0	.6023402	0	.3976598	0
1106.15	0	.6020425	0	.3979575	0
1105.15	0	.6017453	0	.3982547	0
1104.15	0	.6014486	0	.3985514	0
1103.15	0	.6011525	0	.3988475	0
1102.15	0	.600857	0	.399143	0
1101.15	0	.600562	0	.399438	0
1100.15	0	.6002676	0	.3997324	0
1099.15	0	.5999738	0	.4000262	0
1098.15	0	.5996805	0	.4003195	0
1097.15	0	.5993877	0	.4006123	0
1096.15	0	.5990955	0	.4009045	0
1095.15	0	.5988038	0	.4011962	0
1094.15	0	.5985127	0	.4014873	0
1093.15	0	.5982222	0	.4017778	0
1092.15	0	.5979321	0	.4020679	0
1091.15	0	.5976427	0	.4023573	0
1090.15	0	.5973538	0	.4026462	0
1089.15	0	.5970654	0	.4029346	0
1088.15	0	.5967775	0	.4032225	0
1087.15	0	.5964902	0	.4035098	0
1086.15	0	.5962035	0	.4037965	0
1085.15	0	.5959173	0	.4040827	0
1084.15	0	.5956316	0	.4043684	0
1083.15	0	.5953464	0	.4046536	0
1082.15	0	.5950618	0	.4049382	0
1081.15	0	.5947777	0	.4052223	0
1080.15	0	.5944942	0	.4055058	0
1079.15	0	.5942112	0	.4057888	0
1078.15	0	.5939287	0	.4060713	0
1077.15	0	.5936467	0	.4063533	0
1076.15	0	.5933653	0	.4066347	0
1075.15	0	.5930844	0	.4069156	0
1074.15	0	.592804	0	.407196	0
1073.15	0	.5925242	0	.4074758	0
1072.15	0	.5922449	0	.4077552	0
1071.15	0	.5919661	0	.4080339	0
1070.15	0	.5916878	0	.4083122	0
1069.15	0	.59141	0	.40859	0
1068.15	0	.5911328	0	.4088672	0
1067.15	0	.5908561	0	.4091439	0
1066.15	0	.5905799	0	.4094201	0
1065.15	0	.5903042	0	.4096958	0
1064.15	0	.590029	0	.409971	0
1063.15	0	.5897544	0	.4102456	0
1062.15	0	.5894803	0	.4105197	0
1061.15	0	.5892067	0	.4107933	0
1060.15	0	.5889336	0	.4110664	0
1059.15	0	.588661	0	.411339	0
1058.757	0	.5885541	0	.4114459	0
1058.757	0	.5885541	0	.4114459	0
1058.757	0	.5885541	0	.4114459	0
1058.15	0	.5880985	3.185568E-04	.4115829	0
1057.15	0	.58735	8.419463E-04	.411808	0
1056.15	0	.5866035	.001363947	.4120326	0
1055.15	0	.5858589	.001884562	.4122565	0
1054.15	0	.5851164	.002403792	.4124799	0
1053.15	0	.5843757	.00292164	.4127026	0
1052.15	0	.5836371	.003438109	.4129248	0
1051.15	0	.5829003	.003953201	.4131464	0
1050.15	0	.5821656	.004466919	.4133675	0
1049.15	0	.5814328	.004979263	.4135879	0
1048.15	0	.5807019	.005490238	.4138078	0
1047.15	0	.579973	.005999845	.4140271	0
1046.15	0	.579246	.006508087	.4142459	0
1045.15	0	.578521	.007014966	.414464	0
1044.15	0	.5777979	.007520485	.4146816	0
1043.15	0	.5770767	.008024646	.4148986	0
1042.15	0	.5763575	.008527451	.415115	0
1041.15	0	.5756402	.009028904	.4153309	0
1040.15	0	.5749248	.009529005	.4155462	0
1039.15	0	.5742113	.01002776	.4157609	0
1038.15	0	.5734998	.01052517	.4159751	0
1037.15	0	.5727901	.01102123	.4161886	0
1036.15	0	.5720824	.01151596	.4164016	0
1035.15	0	.5713766	.01200934	.4166141	0
1034.15	0	.5706727	.0125014	.4168259	0
1033.15	0	.5699707	.01299212	.4170372	0
1032.15	0	.5692705	.0134815	.4172479	0
1031.15	0	.5685723	.01396957	.4174581	0
1030.15	0	.567876	.0144563	.4176677	0
1029.15	0	.5671816	.01494172	.4178767	0
1028.15	0	.566489	.01542582	.4180852	0
1027.15	0	.5657983	.0159086	.4182931	0
1026.15	0	.5651095	.01639006	.4185004	0
1025.15	0	.5644226	.01687022	.4187072	0
1024.15	0	.5637376	.01734906	.4189134	0
1023.15	0	.5630544	.0178266	.419119	0
1022.15	0	.5623731	.01830284	.4193241	0
1021.15	0	.5616936	.01877779	.4195286	0
1020.15	0	.561016	.01925143	.4197325	0
1019.15	0	.5603403	.01972378	.4199359	0
1018.15	0	.5596664	.02019484	.4201387	0
1017.15	0	.5589944	.02066461	.420341	0
1016.15	0	.5583242	.0211331	.4205427	0
1015.15	0	.5576559	.02160031	.4207438	0
1014.15	0	.5569894	.02206624	.4209444	0
1013.15	0	.5563248	.02253089	.4211444	0
1012.15	0	.5556619	.02299427	.4213438	0
1011.15	0	.555001	.02345639	.4215427	0
1010.15	0	.5543418	.02391723	.421741	0
1009.15	0	.5536844	.02437682	.4219387	0
1008.15	0	.5530289	.02483515	.4221359	0
1007.15	0	.5523752	.02529222	.4223325	0
1006.15	0	.5517233	.02574804	.4225286	0
1005.15	0	.5510733	.02620262	.4227241	0
1004.15	0	.550425	.02665594	.422919	0
1003.15	0	.5497785	.02710803	.4231134	0
1002.15	0	.5491339	.02755888	.4233072	0
1001.15	0	.548491	.0280085	.4235005	0
1000.15	0	.5478499	.02845688	.4236932	0
999.15	0	.5472107	.02890404	.4238853	0
998.15	0	.5465732	.02934998	.4240769	0
997.15	0	.5459374	.0297947	.4242679	0
996.15	0	.5453035	.0302382	.4244583	0
995.15	0	.5446713	.0306805	.4246482	0
994.15	0	.544041	.03112158	.4248375	0
993.15	0	.5434123	.03156147	.4250262	0
992.15	0	.5427855	.03200015	.4252144	0
991.15	0	.5421604	.03243764	.425402	0
990.15	0	.541537	.03287394	.425589	0
989.15	0	.5409154	.03330906	.4257755	0
988.15	0	.5402956	.03374299	.4259614	0
987.15	0	.5396775	.03417575	.4261468	0
986.15	0	.5390611	.03460734	.4263316	0
985.15	0	.5384465	.03503775	.4265158	0
984.15	0	.5378336	.03546701	.4266994	0
983.15	0	.5372224	.0358951	.4268825	0
982.15	0	.5366129	.03632204	.427065	0
981.15	0	.5360052	.03674783	.427247	0
980.15	0	.5353992	.03717248	.4274283	0
979.15	0	.5347949	.03759599	.4276091	0
978.15	0	.5341923	.03801837	.4277893	0
977.15	0	.5335914	.03843961	.427969	0
976.15	0	.5329922	.03885974	.4281481	0
975.15	0	.5323947	.03927874	.4283266	0
974.15	0	.5317989	.03969664	.4285045	0
973.15	0	.5312047	.04011342	.4286819	0
972.15	0	.5306123	.0405291	.4288586	0
971.15	0	.5300215	.04094369	.4290348	0
970.15	0	.5294323	.04135719	.4292105	0
969.15	0	.5288449	.0417696	.4293855	0
968.15	0	.5282591	.04218093	.42956	0
967.15	0	.527675	.04259119	.4297339	0
966.15	0	.5270924	.04300039	.4299072	0
965.15	0	.5265116	.04340852	.4300799	0
964.15	0	.5259324	.0438156	.430252	0
963.15	0	.5253548	.04422163	.4304236	0
962.15	0	.5247789	.04462663	.4305945	0
961.15	0	.5242045	.04503058	.4307649	0
960.15	0	.5236318	.04543351	.4309347	0
959.15	0	.5230607	.04583542	.4311039	0
958.15	0	.5224912	.04623631	.4312725	0
957.15	0	.5219233	.0466362	.4314405	0
956.15	0	.521357	.04703509	.431608	0
955.15	0	.5207922	.04743298	.4317748	0
954.15	0	.5202291	.04782989	.431941	0
953.15	0	.5196675	.04822582	.4321066	0
952.15	0	.5191075	.04862078	.4322717	0
951.15	0	.5185491	.04901478	.4324361	0
950.15	0	.5179922	.04940783	.4326	0
949.15	0	.5174369	.04979993	.4327632	0
948.15	0	.5168831	.05019109	.4329258	0
947.15	0	.5163309	.05058132	.4330878	0
946.15	0	.5157801	.05097063	.4332492	0
945.15	0	.5152309	.05135903	.43341	0
944.15	0	.5146833	.05174652	.4335702	0
943.15	0	.5141371	.05213312	.4337298	0
942.15	0	.5135924	.05251883	.4338888	0
941.15	0	.5130492	.05290366	.4340471	0
940.15	0	.5125075	.05328763	.4342048	0
939.15	0	.5119673	.05367074	.4343619	0
938.15	0	.5114286	.054053	.4345184	0
937.15	0	.5108913	.05443442	.4346743	0
936.15	0	.5103555	.05481501	.4348295	0
935.15	0	.5098211	.05519479	.4349841	0
934.15	0	.5092882	.05557375	.4351381	0
933.15	0	.5087567	.05595192	.4352914	0
932.15	0	.5082266	.0563293	.4354441	0
931.15	0	.507698	.0567059	.4355962	0
930.15	0	.5071707	.05708174	.4357476	0
929.15	0	.5066448	.05745682	.4358983	0
928.15	0	.5061204	.05783116	.4360485	0
927.15	0	.5055973	.05820476	.436198	0
926.15	0	.5050756	.05857765	.4363468	0
925.15	0	.5045552	.05894983	.436495	0
924.15	0	.5040362	.05932132	.4366425	0
923.15	0	.5035185	.05969212	.4367894	0
922.15	0	.5030022	.06006225	.4369356	0
921.15	0	.5024871	.06043172	.4370811	0
920.15	0	.5019735	.06080055	.437226	0
919.15	0	.501461	.06116875	.4373702	0
918.15	0	.5009499	.06153632	.4375137	0
917.15	0	.5004401	.0619033	.4376566	0
916.15	0	.4999315	.06226968	.4377988	0
915.15	0	.4994242	.06263549	.4379403	0
914.15	0	.4989182	.06300073	.4380811	0
913.15	0	.4984133	.06336542	.4382212	0
912.15	0	.4979097	.06372959	.4383607	0
911.15	0	.4974074	.06409323	.4384994	0
910.15	0	.4969062	.06445637	.4386375	0
909.15	0	.4964062	.06481903	.4387748	0
908.15	0	.4959073	.06518122	.4389114	0
907.15	0	.4954097	.06554295	.4390474	0
906.15	0	.4949132	.06590424	.4391826	0
905.15	0	.4944178	.06626511	.4393171	0
904.15	0	.4939235	.06662558	.4394509	0
903.15	0	.4934304	.06698566	.439584	0
902.15	0	.4929384	.06734537	.4397163	0
901.15	0	.4924474	.06770473	.4398479	0
900.15	0	.4919575	.06806376	.4399787	0
899.15	0	.4914687	.06842247	.4401089	0
898.15	0	.4909809	.06878088	.4402382	0
897.15	0	.4904941	.06913902	.4403669	0
896.15	0	.4900083	.06949691	.4404948	0
895.15	0	.4895236	.06985455	.4406219	0
894.15	0	.4890398	.07021198	.4407482	0
893.15	0	.488557	.07056922	.4408738	0
892.15	0	.4880751	.07092628	.4409986	0
891.15	0	.4875941	.07128318	.4411227	0
890.15	0	.4871141	.07163996	.4412459	0
889.15	0	.486635	.07199662	.4413684	0
888.15	0	.4861567	.0723532	.4414901	0
887.15	0	.4856793	.07270971	.441611	0
886.15	0	.4852028	.07306618	.4417311	0
885.15	0	.484727	.07342264	.4418503	0
884.15	0	.4842521	.0737791	.4419688	0
883.15	0	.483778	.07413559	.4420864	0
882.15	0	.4833046	.07449215	.4422032	0
881.15	0	.482832	.07484878	.4423192	0
880.15	0	.4823601	.07520553	.4424344	0
879.15	0	.4818889	.07556241	.4425486	0
878.15	0	.4814185	.07591945	.4426621	0
877.15	0	.4809486	.07627668	.4427747	0
876.15	0	.4804795	.07663413	.4428864	0
875.15	0	.4800109	.07699183	.4429973	0
874.15	0	.479543	.07734981	.4431072	0
873.15	0	.4790756	.07770809	.4432163	0
872.15	0	.4786088	.07806671	.4433245	0
871.15	0	.4781425	.0784257	.4434318	0
870.15	0	.4776767	.07878509	.4435382	0
869.15	0	.4772114	.07914491	.4436437	0
868.15	0	.4767466	.07950519	.4437483	0
867.15	0	.4762821	.07986598	.4438519	0
866.15	0	.4758181	.0802273	.4439546	0
865.15	0	.4753545	.08058919	.4440563	0
864.15	0	.4748912	.08095168	.4441571	0
863.15	0	.4744283	.08131481	.4442569	0
862.15	0	.4739656	.08167863	.4443557	0
861.15	0	.4735032	.08204316	.4444536	0
860.15	0	.4730411	.08240845	.4445505	0
859.15	0	.4725791	.08277453	.4446463	0
858.15	0	.4721174	.08314146	.4447412	0
857.15	0	.4716557	.08350926	.444835	0
856.15	0	.4711942	.08387799	.4449278	0
855.15	0	.4707328	.08424768	.4450196	0
854.15	0	.4702714	.08461839	.4451102	0
853.15	0	.46981	.08499015	.4451999	0
852.15	0	.4693486	.08536302	.4452884	0
851.15	0	.4688871	.08573705	.4453759	0
850.15	0	.4684255	.08611228	.4454622	0
849.15	0	.4679638	.08648877	.4455475	0
848.15	0	.4675019	.08686656	.4456316	0
847.15	0	.4670398	.08724572	.4457145	0
846.15	0	.4665774	.08762629	.4457963	0
845.15	0	.4661147	.08800834	.445877	0
844.15	0	.4656517	.08839192	.4459564	0
843.15	0	.4651883	.08877709	.4460347	0
842.15	0	.4647244	.08916391	.4461117	0
841.15	0	.46426	.08955246	.4461875	0
840.15	0	.4637952	.08994279	.4462621	0
839.15	0	.4633297	.09033497	.4463353	0
838.15	0	.4628636	.09072906	.4464073	0
837.15	0	.4623968	.09112516	.4464781	0
836.15	0	.4619293	.09152332	.4465474	0
835.15	0	.4614609	.09192362	.4466155	0
834.15	0	.4609917	.09232614	.4466822	0
833.15	0	.4605216	.09273097	.4467475	0
832.15	0	.4600504	.09313818	.4468114	0
831.15	0	.4595783	.09354787	.4468738	0
830.15	0	.459105	.09396013	.4469349	0
829.15	0	.4586305	.09437505	.4469944	0
828.15	0	.4581548	.09479272	.4470525	0
827.15	0	.4576777	.09521326	.447109	0
826.15	0	.4571993	.09563675	.447164	0
825.15	0	.4567193	.09606332	.4472174	0
824.15	0	.4562377	.09649308	.4472692	0
823.15	0	.4557545	.09692614	.4473194	0
822.15	0	.4552695	.09736262	.4473679	0
821.15	0	.4547827	.09780266	.4474147	0
820.15	0	.4542939	.09824639	.4474597	0
819.15	0	.4538031	.09869395	.447503	0
818.15	0	.4533101	.09914549	.4475445	0
817.15	0	.4528148	.09960115	.4475841	0
816.15	0	.4523171	.1000611	.4476218	0
815.15	0	.4518169	.1005255	.4476576	0
814.15	0	.4513141	.1009945	.4476914	0
813.15	0	.4508084	.1014684	.4477232	0
812.15	0	.4502999	.1019473	.4477529	0
811.15	0	.4497882	.1024314	.4477805	0
810.15	0	.4492733	.1029209	.4478058	0
809.15	0	.448755	.1034161	.447829	0
808.15	0	.448233	.1039172	.4478498	0
807.15	0	.4477073	.1044244	.4478682	0
806.15	0	.4471776	.1049381	.4478842	0
805.15	0	.4466438	.1054585	.4478977	0
804.15	0	.4461054	.105986	.4479086	0
803.15	0	.4455624	.1065208	.4479168	0
802.15	0	.4450145	.1070633	.4479222	0
801.15	0	.4444614	.1076139	.4479248	0
800.15	0	.4439027	.1081729	.4479244	0
799.15	0	.4433383	.1087409	.4479209	0
798.15	0	.4427687	.1093174	.4479139	0
797.15	0	.4421915	.1099046	.4479039	0
796.15	0	.4416073	.1105023	.4478904	0
795.15	0	.4410157	.111111	.4478733	0
794.15	0	.4404163	.1117312	.4478525	0
793.15	0	.4398085	.1123638	.4478276	0
792.15	0	.4391919	.1130095	.4477987	0
791.15	0	.4385657	.113669	.4477654	0
790.15	0	.4379293	.1143433	.4477275	0
789.15	0	.4372819	.1150333	.4476847	0
788.15	0	.4366228	.1157403	.4476369	0
787.15	0	.435951	.1164654	.4475836	0
786.15	0	.4352654	.11721	.4475246	0
785.15	0	.434565	.1179756	.4474595	0
784.15	0	.4338484	.118764	.4473877	0
783.15	0	.4331141	.1195771	.4473089	0
782.15	0	.4323604	.1204172	.4472224	0
781.15	0	.4315854	.121287	.4471276	0
780.15	0	.4307868	.1221894	.4470238	0
779.15	0	.4296466	.1235314	.446822	0
778.15	0	.428111	.1253841	.4465049	0
777.15	0	.426695	.1270893	.4462157	0
776.15	0	.4253807	.1286693	.44595	0
775.15	0	.424154	.1301415	.4457045	0
774.15	0	.4230038	.1315199	.4454763	0
773.15	0	.4219211	.1328156	.4452634	0
772.15	0	.4208983	.1340379	.4450638	0
771.15	0	.4199292	.1351945	.4448763	0
770.15	0	.4190086	.1362921	.4446993	0
769.15	0	.4181319	.1373361	.444532	0
768.15	0	.4172953	.1383313	.4443734	0
767.15	0	.4164954	.139282	.4442226	0
766.15	0	.4157292	.1401918	.444079	0
765.15	0	.4149941	.1410639	.443942	0
764.15	0	.4142878	.1419011	.4438111	0
763.15	0	.4136083	.1427059	.4436857	0
762.15	0	.4129538	.1434807	.4435655	0
761.15	0	.4123226	.1442274	.4434501	0
760.15	0	.4117131	.1449478	.4433391	0
759.15	0	.4111241	.1456437	.4432322	0
758.15	0	.4105544	.1463164	.4431292	0
757.15	0	.4100027	.1469675	.4430298	0
756.15	0	.4094682	.1475981	.4429337	0
755.15	0	.4089498	.1482094	.4428408	0
754.15	0	.4084466	.1488025	.4427509	0
753.15	0	.407958	.1493782	.4426638	0
752.15	0	.4074832	.1499376	.4425792	0
751.15	0	.4070214	.1504814	.4424972	0
750.15	0	.406572	.1510105	.4424175	0
749.15	0	.4061345	.1515255	.4423401	0
748.15	0	.4057083	.1520271	.4422647	0
747.15	0	.4052929	.1525159	.4421913	0
746.15	0	.4048877	.1529925	.4421198	0
745.15	0	.4044925	.1534574	.4420501	0
744.15	0	.4041067	.1539113	.441982	0
743.15	0	.4037299	.1543544	.4419156	0
742.15	0	.4033619	.1547874	.4418507	0
741.15	0	.4030021	.1552106	.4417873	0
740.15	0	.4026503	.1556243	.4417253	0
739.15	0	.4023062	.1560291	.4416646	0
738.15	0	.4019695	.1564252	.4416052	0
737.15	0	.40164	.156813	.441547	0
736.15	0	.4013172	.1571928	.44149	0
735.15	0	.4010011	.1575649	.441434	0
734.15	0	.4006913	.1579296	.4413791	0
733.15	0	.4003876	.1582871	.4413253	0
732.15	0	.4000899	.1586378	.4412723	0
731.15	0	.3997979	.1589818	.4412204	0
730.15	0	.3995114	.1593193	.4411693	0
729.15	0	.3992303	.1596507	.441119	0
728.15	0	.3989543	.1599761	.4410696	0
727.15	0	.3986833	.1602958	.441021	0
726.15	0	.3984171	.1606098	.4409731	0
725.15	0	.3981556	.1609185	.4409259	0
724.15	0	.3978987	.1612219	.4408795	0
723.15	0	.3976461	.1615202	.4408337	0
722.15	0	.3973978	.1618137	.4407885	0
721.15	0	.3971536	.1621024	.440744	0
720.15	0	.3969134	.1623865	.4407	0
719.15	0	.3966772	.1626662	.4406567	0
718.15	0	.3964447	.1629415	.4406138	0
717.15	0	.3962158	.1632127	.4405715	0
716.15	0	.3959905	.1634797	.4405297	0
715.15	0	.3957687	.1637428	.4404884	0
714.15	0	.3955503	.1640021	.4404476	0
713.15	0	.3953351	.1642577	.4404073	0
712.15	0	.3951231	.1645096	.4403673	0
711.15	0	.3949142	.164758	.4403278	0
710.15	0	.3947083	.165003	.4402887	0
709.15	0	.3945053	.1652447	.44025	0
708.15	0	.3943052	.1654832	.4402117	0
707.15	0	.3941079	.1657185	.4401737	0
706.15	0	.3939132	.1659507	.4401361	0
705.15	0	.3937213	.1661799	.4400988	0
704.15	0	.3935319	.1664063	.4400619	0
703.15	0	.393345	.1666298	.4400252	0
702.15	0	.3931605	.1668506	.4399889	0
701.15	0	.3929785	.1670687	.4399529	0
700.15	0	.3927987	.1672841	.4399171	0
699.15	0	.3926213	.1674971	.4398817	0
698.15	0	.392446	.1677075	.4398465	0
697.15	0	.392273	.1679155	.4398115	0
696.15	0	.392102	.1681212	.4397768	0
695.15	0	.3919331	.1683245	.4397424	0
694.15	0	.3917663	.1685256	.4397081	0
693.15	0	.3916013	.1687245	.4396741	0
692.15	0	.3914384	.1689213	.4396403	0
691.15	0	.3912773	.169116	.4396067	0
690.15	0	.391118	.1693086	.4395734	0
689.15	0	.3909606	.1694992	.4395402	0
688.15	0	.3908049	.1696879	.4395072	0
687.15	0	.3906509	.1698747	.4394744	0
686.15	0	.3904987	.1700596	.4394417	0
685.15	0	.390348	.1702427	.4394093	0
684.15	0	.390199	.170424	.439377	0
683.15	0	.3900516	.1706036	.4393448	0
682.15	0	.3899057	.1707815	.4393128	0
681.15	0	.3897614	.1709577	.439281	0
680.15	0	.3896185	.1711322	.4392493	0
679.15	0	.389477	.1713052	.4392177	0
678.15	0	.389337	.1714767	.4391863	0
677.15	0	.3891984	.1716466	.439155	0
676.15	0	.3890612	.171815	.4391239	0
675.15	0	.3889253	.1719819	.4390928	0
674.15	0	.3887907	.1721474	.4390619	0
673.15	0	.3886574	.1723115	.4390311	0
672.15	0	.3885254	.1724743	.4390003	0
671.15	0	.3883946	.1726357	.4389697	0
670.15	0	.388265	.1727958	.4389392	0
669.15	0	.3881366	.1729545	.4389088	0
668.15	0	.3880094	.173112	.4388785	0
667.15	0	.3878834	.1732683	.4388483	0
666.15	0	.3877584	.1734234	.4388182	0
665.15	0	.3876346	.1735773	.4387882	0
664.15	0	.3875118	.17373	.4387582	0
663.15	0	.3873902	.1738815	.4387283	0
662.15	0	.3872695	.1740319	.4386985	0
661.15	0	.3871499	.1741812	.4386688	0
660.15	0	.3870313	.1743295	.4386392	0
659.15	0	.3869138	.1744767	.4386096	0
658.15	0	.3867971	.1746228	.4385801	0
657.15	0	.3866815	.1747679	.4385506	0
656.15	0	.3865668	.174912	.4385213	0
655.15	0	.386453	.1750551	.4384919	0
654.15	0	.3863401	.1751972	.4384627	0
653.15	0	.3862281	.1753384	.4384335	0
652.15	0	.386117	.1754787	.4384043	0
651.15	0	.3860067	.175618	.4383752	0
650.15	0	.3858973	.1757565	.4383462	0
649.15	0	.3857888	.175894	.4383172	0
648.15	0	.385681	.1760307	.4382883	0
647.15	0	.3855741	.1761665	.4382594	0
646.15	0	.385468	.1763015	.4382305	0
645.15	0	.3853626	.1764357	.4382017	0
644.15	0	.3852581	.176569	.4381729	0
643.15	0	.3851542	.1767016	.4381442	0
642.15	0	.3850512	.1768333	.4381155	0
641.15	0	.3849488	.1769643	.4380869	0
640.15	0	.3848472	.1770945	.4380583	0
639.15	0	.3847463	.177224	.4380297	0
638.15	0	.3846461	.1773527	.4380011	0
637.15	0	.3845466	.1774808	.4379726	0
636.15	0	.3844478	.1776081	.4379441	0
635.15	0	.3843497	.1777347	.4379157	0
634.15	0	.3842522	.1778606	.4378872	0
633.15	0	.3841554	.1779858	.4378589	0
632.15	0	.3840592	.1781104	.4378305	0
631.15	0	.3839636	.1782343	.4378021	0
630.15	0	.3838687	.1783575	.4377738	0
629.15	0	.3837744	.1784801	.4377455	0
628.15	0	.3836806	.1786021	.4377173	0
627.15	0	.3835875	.1787235	.437689	0
626.15	0	.383495	.1788442	.4376608	0
625.15	0	.3834031	.1789644	.4376326	0
624.15	0	.3833117	.1790839	.4376044	0
623.15	0	.3832209	.1792029	.4375762	0
622.15	0	.3831306	.1793213	.4375481	0
621.15	0	.3830409	.1794391	.43752	0
620.15	0	.3829518	.1795564	.4374919	0
619.15	0	.3828632	.1796731	.4374638	0
618.15	0	.3827751	.1797893	.4374357	0
617.15	0	.3826875	.1799049	.4374076	0
616.15	0	.3826004	.18002	.4373796	0
615.15	0	.3825139	.1801346	.4373516	0
614.15	0	.3824278	.1802486	.4373236	0
613.15	0	.3823423	.1803622	.4372955	0
612.15	0	.3822572	.1804752	.4372676	0
611.15	0	.3821726	.1805878	.4372396	0
610.15	0	.3820885	.1806998	.4372116	0
609.15	0	.3820049	.1808114	.4371837	0
608.15	0	.3819217	.1809225	.4371557	0
607.15	0	.381839	.1810332	.4371278	0
606.15	0	.3817568	.1811433	.4370999	0
605.15	0	.381675	.1812531	.437072	0
604.15	0	.3815936	.1813623	.4370441	0
603.15	0	.3815127	.1814711	.4370162	0
602.15	0	.3814322	.1815795	.4369884	0
601.15	0	.3813521	.1816874	.4369605	0
600.15	0	.3812724	.1817949	.4369326	0
599.15	0	.3811932	.181902	.4369048	0
598.15	0	.3811144	.1820086	.436877	0
597.15	0	.381036	.1821149	.4368491	0
596.15	0	.380958	.1822207	.4368213	0
595.15	0	.3808804	.1823261	.4367935	0
594.15	0	.3808032	.1824311	.4367657	0
593.15	0	.3807263	.1825357	.4367379	0
592.15	0	.3806499	.1826399	.4367102	0
591.15	0	.3805739	.1827438	.4366824	0
590.15	0	.3804982	.1828472	.4366546	0
589.15	0	.3804229	.1829503	.4366269	0
588.15	0	.3803479	.183053	.4365991	0
587.15	0	.3802734	.1831553	.4365714	0
586.15	0	.3801992	.1832572	.4365436	0
585.15	0	.3801253	.1833588	.4365159	0
584.15	0	.3800518	.18346	.4364882	0
583.15	0	.3799787	.1835609	.4364605	0
582.15	0	.3799059	.1836614	.4364328	0
581.15	0	.3798334	.1837615	.4364051	0
580.15	0	.3797613	.1838613	.4363774	0
579.15	0	.3796895	.1839608	.4363497	0
578.15	0	.3796181	.1840599	.436322	0
577.15	0	.379547	.1841587	.4362944	0
576.15	0	.3794762	.1842571	.4362667	0
575.15	0	.3794057	.1843552	.4362391	0
574.15	0	.3793356	.184453	.4362114	0
573.15	0	.3792658	.1845505	.4361838	0
572.15	0	.3791963	.1846476	.4361562	0
571.15	0	.3791271	.1847444	.4361286	0
570.15	0	.3790582	.1848409	.4361009	0
569.15	0	.3789896	.1849371	.4360733	0
568.15	0	.3789213	.1850329	.4360458	0
567.15	0	.3788533	.1851285	.4360182	0
566.15	0	.3787857	.1852238	.4359906	0
565.15	0	.3787183	.1853187	.435963	0
564.15	0	.3786512	.1854134	.4359355	0
563.15	0	.3785844	.1855077	.4359079	0
562.15	0	.3785178	.1856018	.4358804	0
561.15	0	.3784516	.1856955	.4358529	0
560.15	0	.3783857	.185789	.4358254	0
559.15	0	.37832	.1858821	.4357978	0
558.15	0	.3782546	.185975	.4357703	0
557.15	0	.3781895	.1860676	.4357429	0
556.15	0	.3781247	.18616	.4357154	0
555.15	0	.3780601	.186252	.4356879	0
554.15	0	.3779958	.1863437	.4356604	0
553.15	0	.3779318	.1864352	.435633	0
552.15	0	.377868	.1865264	.4356056	0
551.15	0	.3778045	.1866174	.4355781	0
550.15	0	.3777413	.186708	.4355507	0
549.15	0	.3776783	.1867984	.4355233	0
548.15	0	.3776156	.1868885	.4354959	0
547.15	0	.3775531	.1869784	.4354686	0
546.15	0	.377491	.1870679	.4354411	0
545.15	0	.377429	.1871572	.4354138	0
544.15	0	.3773673	.1872463	.4353864	0
543.15	0	.3773058	.1873351	.4353591	0
542.15	0	.3772446	.1874236	.4353318	0
541.15	0	.3771836	.1875119	.4353045	0
540.15	0	.3771228	.1875999	.4352772	0
539.15	0	.3770623	.1876877	.43525	0
538.15	0	.3770021	.1877752	.4352227	0
537.15	0	.376942	.1878625	.4351955	0
536.15	0	.3768822	.1879495	.4351682	0
535.15	0	.3768227	.1880363	.435141	0
534.15	0	.3767634	.1881228	.4351138	0
533.15	0	.3767043	.1882091	.4350867	0
532.15	0	.3766454	.1882951	.4350595	0
531.15	0	.3765868	.1883809	.4350324	0
530.15	0	.3765284	.1884664	.4350052	0
529.15	0	.3764702	.1885517	.4349781	0
528.15	0	.3764122	.1886368	.434951	0
527.15	0	.3763545	.1887216	.434924	0
526.15	0	.3762969	.1888062	.4348969	0
525.15	0	.3762396	.1888905	.4348699	0
524.15	0	.3761825	.1889746	.4348428	0
523.15	0	.3761257	.1890585	.4348158	0
522.15	0	.376069	.1891421	.4347889	0
521.15	0	.3760126	.1892255	.4347619	0
520.15	0	.3759563	.1893087	.4347349	0
519.15	0	.3759003	.1893917	.434708	0
518.15	0	.3758445	.1894744	.4346811	0
517.15	0	.3757889	.1895568	.4346542	0
516.15	0	.3757335	.1896391	.4346274	0
515.15	0	.3756783	.1897211	.4346005	0
514.15	0	.3756234	.1898029	.4345737	0
513.15	0	.3755686	.1898845	.4345469	0
512.15	0	.375514	.1899658	.4345202	0
511.15	0	.3754596	.190047	.4344934	0
510.15	0	.3754055	.1901279	.4344667	0
509.15	0	.3753515	.1902085	.43444	0
508.15	0	.3752977	.190289	.4344133	0
507.15	0	.3752441	.1903692	.4343866	0
506.15	0	.3751907	.1904492	.43436	0
505.15	0	.3751376	.190529	.4343334	0
504.15	0	.3750846	.1906086	.4343068	0
503.15	0	.3750318	.1906879	.4342803	0
502.15	0	.3749792	.1907671	.4342538	0
501.15	0	.3749268	.190846	.4342273	0
500.15	0	.3748745	.1909247	.4342008	0
499.15	0	.3748225	.1910032	.4341743	0
498.15	0	.3747706	.1910814	.4341479	0
497.15	0	.374719	.1911595	.4341215	0
496.15	0	.3746675	.1912373	.4340952	0
495.15	0	.3746162	.1913149	.4340688	0
494.15	0	.3745651	.1913923	.4340425	0
493.15	0	.3745142	.1914695	.4340163	0
492.15	0	.3744635	.1915465	.43399	0
491.15	0	.3744129	.1916233	.4339638	0
490.15	0	.3743626	.1916998	.4339376	0
489.15	0	.3743124	.1917762	.4339115	0
488.15	0	.3742624	.1918523	.4338853	0
487.15	0	.3742126	.1919282	.4338592	0
486.15	0	.3741629	.1920039	.4338332	0
485.15	0	.3741134	.1920794	.4338072	0
484.15	0	.3740641	.1921547	.4337812	0
483.15	0	.374015	.1922298	.4337552	0
482.15	0	.3739661	.1923047	.4337293	0
481.15	0	.3739173	.1923793	.4337034	0
480.15	0	.3738687	.1924538	.4336775	0
479.15	0	.3738203	.192528	.4336517	0
478.15	0	.3737721	.1926021	.4336259	0
477.15	0	.373724	.1926759	.4336001	0
476.15	0	.3736761	.1927495	.4335744	0
475.15	0	.3736283	.1928229	.4335487	0
474.15	0	.3735808	.1928961	.4335231	0
473.15	0	.3735334	.1929691	.4334975	0
472.15	0	.3734862	.1930419	.4334719	0
471.15	0	.3734391	.1931145	.4334464	0
470.15	0	.3733922	.1931869	.4334209	0
469.15	0	.3733455	.1932591	.4333954	0
468.15	0	.373299	.1933311	.43337	0
467.15	0	.3732526	.1934028	.4333446	0
466.15	0	.3732064	.1934744	.4333192	0
465.15	0	.3731603	.1935458	.4332939	0
464.15	0	.3731144	.1936169	.4332687	0
463.15	0	.3730687	.1936879	.4332434	0
462.15	0	.3730231	.1937586	.4332183	0
461.15	0	.3729777	.1938292	.4331931	0
460.15	0	.3729325	.1938995	.433168	0
459.15	0	.3728874	.1939697	.4331429	0
458.15	0	.3728425	.1940396	.4331179	0
457.15	0	.3727977	.1941093	.433093	0
456.15	0	.3727531	.1941789	.433068	0
455.15	0	.3727087	.1942482	.4330431	0
454.15	0	.3726644	.1943173	.4330183	0
453.15	0	.3726202	.1943863	.4329935	0
452.15	0	.3725763	.194455	.4329688	0
451.15	0	.3725325	.1945235	.432944	0
450.15	0	.3724888	.1945918	.4329194	0
449.15	0	.3724453	.1946599	.4328948	0
448.15	0	.372402	.1947278	.4328702	0
447.15	0	.3723589	.1947954	.4328457	0
446.15	0	.3723159	.1948629	.4328213	0
445.15	0	.3722731	.1949301	.4327968	0
444.15	0	.3722304	.1949971	.4327725	0
443.15	0	.3721879	.1950639	.4327482	0
442.15	0	.3721456	.1951305	.432724	0
441.15	0	.3721034	.1951968	.4326998	0
440.15	0	.3720615	.1952629	.4326757	0
439.15	0	.3720197	.1953288	.4326516	0
438.15	0	.371978	.1953944	.4326276	0
437.15	0	.3719366	.1954598	.4326036	0
436.15	0	.3718953	.195525	.4325798	0
435.15	0	.3718542	.1955899	.432556	0
434.15	0	.3718132	.1956545	.4325322	0
433.15	0	.3717725	.195719	.4325085	0
432.15	0	.3717319	.1957831	.4324849	0
431.15	0	.3716915	.1958471	.4324614	0
430.15	0	.3716514	.1959107	.4324379	0
429.15	0	.3716113	.1959742	.4324145	0
428.15	0	.3715715	.1960373	.4323912	0
427.15	0	.3715318	.1961002	.4323679	0
426.15	0	.3714924	.1961629	.4323448	0
425.15	0	.3714531	.1962253	.4323216	0
424.15	0	.371414	.1962874	.4322986	0
423.15	0	.371375	.1963493	.4322757	0
422.15	0	.3713363	.1964109	.4322528	0
421.15	0	.3712977	.1964723	.43223	0
420.15	0	.3712594	.1965334	.4322072	0
419.15	0	.3712212	.1965943	.4321846	0
418.15	0	.3711832	.1966548	.432162	0
417.15	0	.3711453	.1967152	.4321395	0
416.15	0	.3711077	.1967752	.4321171	0
415.15	0	.3710702	.196835	.4320948	0
414.15	0	.371033	.1968946	.4320725	0
413.15	0	.3709959	.1969538	.4320503	0
412.15	0	.3709589	.1970129	.4320282	0
411.15	0	.3709222	.1970716	.4320062	0
410.15	0	.3708857	.1971301	.4319843	0
409.15	0	.3708493	.1971883	.4319624	0
408.15	0	.3708131	.1972463	.4319406	0
407.15	0	.3707771	.197304	.4319189	0
406.15	0	.3707412	.1973615	.4318973	0
405.15	0	.3707055	.1974187	.4318758	0
404.15	0	.37067	.1974756	.4318543	0
403.15	0	.3706347	.1975323	.431833	0
402.15	0	.3705996	.1975888	.4318117	0
401.15	0	.3705646	.1976449	.4317905	0
400.15	0	.3705298	.1977009	.4317694	0
399.15	0	.3704951	.1977565	.4317483	0
398.15	0	.3704607	.197812	.4317274	0
397.15	0	.3704264	.1978671	.4317065	0
396.15	0	.3703923	.197922	.4316857	0
395.15	0	.3703583	.1979767	.431665	0
394.15	0	.3703245	.1980311	.4316444	0
393.15	0	.3702909	.1980853	.4316238	0
392.15	0	.3702574	.1981393	.4316033	0
391.15	0	.3702241	.1981929	.431583	0
390.15	0	.370191	.1982464	.4315627	0
389.15	0	.370158	.1982996	.4315425	0
388.15	0	.3701251	.1983526	.4315223	0
387.15	0	.3700925	.1984053	.4315022	0
386.15	0	.3700599	.1984578	.4314823	0
385.15	0	.3700276	.1985101	.4314624	0
384.15	0	.3699954	.1985621	.4314426	0
383.15	0	.3699633	.1986139	.4314228	0
382.15	0	.3699314	.1986654	.4314032	0
