T	 BPW(LIQUID)	BPW(BCC_A2)	BPW(FCC_A1)	BPW(LAVES_PHASE_C14)	BPW(NI3TI)
1473.15	0	.85214	.14786	0	0
1472.15	0	.8498672	.1501328	0	0
1471.15	0	.8476014	.1523986	0	0
1470.15	0	.8453426	.1546574	0	0
1469.15	0	.8430907	.1569093	0	0
1468.15	0	.8408459	.1591541	0	0
1467.15	0	.838608	.161392	0	0
1466.15	0	.8363771	.1636229	0	0
1465.15	0	.8341532	.1658468	0	0
1464.15	0	.8319362	.1680638	0	0
1463.15	0	.8297261	.1702739	0	0
1462.15	0	.8275229	.1724771	0	0
1461.15	0	.8253267	.1746733	0	0
1460.15	0	.8231373	.1768627	0	0
1459.15	0	.8209548	.1790452	0	0
1458.15	0	.8187792	.1812208	0	0
1457.15	0	.8166105	.1833895	0	0
1456.15	0	.8144486	.1855514	0	0
1455.15	0	.8122936	.1877064	0	0
1454.15	0	.8101455	.1898545	0	0
1453.15	0	.8080041	.1919959	0	0
1452.15	0	.8058696	.1941304	0	0
1451.15	0	.8037419	.1962581	0	0
1450.15	0	.801621	.198379	0	0
1449.15	0	.7995068	.2004932	0	0
1448.15	0	.7973995	.2026005	0	0
1447.15	0	.7952989	.2047011	0	0
1446.15	0	.7932051	.2067949	0	0
1445.15	0	.7911181	.2088819	0	0
1444.15	0	.7890378	.2109622	0	0
1443.15	0	.7869642	.2130358	0	0
1442.15	0	.7848974	.2151026	0	0
1441.15	0	.7828373	.2171627	0	0
1440.15	0	.7807839	.2192161	0	0
1439.15	0	.7787372	.2212628	0	0
1438.15	0	.7766972	.2233028	0	0
1437.15	0	.7746639	.2253361	0	0
1436.15	0	.7726373	.2273627	0	0
1435.15	0	.7706173	.2293827	0	0
1434.15	0	.768604	.231396	0	0
1433.15	0	.7665974	.2334026	0	0
1432.15	0	.7645974	.2354026	0	0
1431.15	0	.7626041	.2373959	0	0
1430.15	0	.7606173	.2393827	0	0
1429.15	0	.7586373	.2413628	0	0
1428.15	0	.7566638	.2433362	0	0
1427.15	0	.7546969	.2453031	0	0
1426.15	0	.7527366	.2472634	0	0
1425.15	0	.750783	.249217	0	0
1424.15	0	.7488359	.2511641	0	0
1423.15	0	.7468954	.2531046	0	0
1422.15	0	.7449614	.2550386	0	0
1421.15	0	.7430341	.2569659	0	0
1420.15	0	.7411133	.2588867	0	0
1419.15	0	.739199	.260801	0	0
1418.15	0	.7372913	.2627087	0	0
1417.15	0	.7353901	.2646099	0	0
1416.15	0	.7334955	.2665045	0	0
1415.15	0	.7316074	.2683926	0	0
1414.15	0	.7297258	.2702742	0	0
1413.15	0	.7278507	.2721493	0	0
1412.15	0	.7259822	.2740179	0	0
1411.15	0	.7241201	.2758799	0	0
1410.15	0	.7222645	.2777355	0	0
1409.15	0	.7204154	.2795846	0	0
1408.15	0	.7185728	.2814272	0	0
1407.15	0	.7167367	.2832633	0	0
1406.15	0	.7149071	.2850929	0	0
1405.15	0	.7130839	.2869161	0	0
1404.15	0	.7112672	.2887328	0	0
1403.15	0	.7094569	.2905431	0	0
1402.15	0	.7076531	.2923469	0	0
1401.15	0	.7058558	.2941442	0	0
1400.15	0	.7040648	.2959352	0	0
1399.15	0	.7022803	.2977197	0	0
1398.15	0	.7005023	.2994977	0	0
1397.15	0	.6987307	.3012694	0	0
1396.15	0	.6969654	.3030346	0	0
1395.15	0	.6952067	.3047934	0	0
1394.15	0	.6934543	.3065457	0	0
1393.15	0	.6917083	.3082917	0	0
1392.15	0	.6899687	.3100313	0	0
1391.15	0	.6882355	.3117645	0	0
1390.15	0	.6865088	.3134912	0	0
1389.15	0	.6847884	.3152116	0	0
1388.15	0	.6830744	.3169256	0	0
1387.934	0	.6827052	.3172948	0	0
1387.934	0	.6827052	.3172948	0	0
1387.934	0	.6827052	.3172948	0	0
1387.15	0	.6800558	.3194407	5.035382E-04	0
1386.15	0	.6766861	.3221703	.001143605	0
1385.15	0	.6733267	.324892	.001781313	0
1384.15	0	.6699775	.3276059	.002416672	0
1383.15	0	.6666385	.3303118	.003049692	0
1382.15	0	.6633098	.3330098	.003680382	0
1381.15	0	.6599912	.3357	.004308752	0
1380.15	0	.6566829	.3383823	.004934811	0
1379.15	0	.6533848	.3410567	.005558569	0
1378.15	0	.6500968	.3437232	.006180034	0
1377.15	0	.646819	.3463818	.006799217	0
1376.15	0	.6435514	.3490325	.007416125	0
1375.15	0	.6402939	.3516754	.008030769	0
1374.15	0	.6370465	.3543103	.008643157	0
1373.15	0	.6338093	.3569374	.009253299	0
1372.15	0	.6305822	.3595566	.009861203	0
1371.15	0	.6273652	.3621679	.01046688	0
1370.15	0	.6241583	.3647713	.01107033	0
1369.15	0	.6209616	.3673669	.01167158	0
1368.15	0	.6177749	.3699545	.01227062	0
1367.15	0	.6145983	.3725343	.01286746	0
1366.15	0	.6114317	.3751061	.01346213	0
1365.15	0	.6082753	.3776701	.01405461	0
1364.15	0	.6051289	.3802262	.01464493	0
1363.15	0	.6019926	.3827744	.01523309	0
1362.15	0	.5988663	.3853146	.0158191	0
1361.15	0	.59575	.387847	.01640296	0
1360.15	0	.5926438	.3903715	.01698469	0
1359.15	0	.5895477	.392888	.01756429	0
1358.15	0	.5864615	.3953967	.01814178	0
1357.15	0	.5833854	.3978974	.01871715	0
1356.15	0	.5803193	.4003902	.01929042	0
1355.15	0	.5772633	.4028751	.0198616	0
1354.15	0	.5742172	.4053521	.0204307	0
1353.15	0	.5711812	.4078211	.02099771	0
1352.15	0	.5681551	.4102822	.02156266	0
1351.15	0	.5651391	.4127354	.02212554	0
1350.15	0	.562133	.4151806	.02268637	0
1349.15	0	.559137	.4176179	.02324515	0
1348.15	0	.5561509	.4200472	.0238019	0
1347.15	0	.5531749	.4224685	.02435661	0
1346.15	0	.5502088	.4248819	.0249093	0
1345.15	0	.5472528	.4272873	.02545997	0
1344.15	0	.5443067	.4296847	.02600864	0
1343.15	0	.5413706	.4320741	.0265553	0
1342.15	0	.5384445	.4344555	.02709997	0
1341.15	0	.5355284	.436829	.02764265	0
1340.15	0	.5326223	.4391944	.02818336	0
1339.15	0	.5297261	.4415518	.02872209	0
1338.15	0	.52684	.4439012	.02925886	0
1337.15	0	.5239638	.4462425	.02979367	0
1336.15	0	.5210977	.4485758	.03032654	0
1335.15	0	.5182415	.450901	.03085746	0
1334.15	0	.5153954	.4532182	.03138644	0
1333.15	0	.5125592	.4555273	.0319135	0
1332.15	0	.509733	.4578283	.03243863	0
1331.15	0	.5069169	.4601213	.03296185	0
1330.15	0	.5041107	.4624061	.03348316	0
1329.15	0	.5013146	.4646829	.03400257	0
1328.15	0	.4985285	.4669515	.03452008	0
1327.15	0	.4957524	.4692119	.03503571	0
1326.15	0	.4929863	.4714643	.03554946	0
1325.15	0	.4902302	.4737085	.03606133	0
1324.15	0	.4874842	.4759445	.03657133	0
1323.15	0	.4847482	.4781723	.03707948	0
1322.15	0	.4820223	.4803919	.03758577	0
1321.15	0	.4793064	.4826034	.03809021	0
1320.15	0	.4766006	.4848066	.03859281	0
1319.15	0	.4739048	.4870016	.03909358	0
1318.15	0	.4712192	.4891883	.03959252	0
1317.15	0	.4685435	.4913668	.04008963	0
1316.15	0	.465878	.493537	.04058493	0
1315.15	0	.4632226	.495699	.04107842	0
1314.15	0	.4605773	.4978526	.04157011	0
1313.15	0	.4579421	.4999979	.04206	0
1312.15	0	.455317	.5021349	.0425481	0
1311.15	0	.4527021	.5042635	.04303441	0
1310.15	0	.4500972	.5063838	.04351894	0
1309.15	0	.4475026	.5084957	.04400171	0
1308.15	0	.4449181	.5105992	.0444827	0
1307.15	0	.4423438	.5126943	.04496194	0
1306.15	0	.4397796	.514781	.04543942	0
1305.15	0	.4372257	.5168592	.04591515	0
1304.15	0	.4346819	.5189289	.04638914	0
1303.15	0	.4321484	.5209902	.04686139	0
1302.15	0	.4296252	.5230429	.04733191	0
1301.15	0	.4271121	.5250872	.0478007	0
1300.15	0	.4246094	.5271229	.04826777	0
1299.15	0	.4221169	.52915	.04873313	0
1298.15	0	.4196347	.5311686	.04919678	0
1297.15	0	.4171627	.5331785	.04965873	0
1296.15	0	.4147012	.5351799	.05011898	0
1295.15	0	.4122499	.5371726	.05057754	0
1294.15	0	.409809	.5391566	.05103441	0
1293.15	0	.4073785	.5411319	.0514896	0
1292.15	0	.4049583	.5430986	.05194311	0
1291.15	0	.4025486	.5450565	.05239496	0
1290.15	0	.4001492	.5470057	.05284514	0
1289.15	0	.3977603	.548946	.05329366	0
1288.15	0	.3953818	.5508776	.05374053	0
1287.15	0	.3930138	.5528004	.05418574	0
1286.15	0	.3906563	.5547143	.05462932	0
1285.15	0	.3883094	.5566194	.05507125	0
1284.15	0	.3859729	.5585155	.05551156	0
1283.15	0	.383647	.5604028	.05595023	0
1282.15	0	.3813316	.5622811	.05638728	0
1281.15	0	.3790269	.5641504	.05682271	0
1280.15	0	.3767327	.5660107	.05725653	0
1279.15	0	.3744492	.567862	.05768874	0
1278.15	0	.3721764	.5697043	.05811935	0
1277.15	0	.3699142	.5715375	.05854837	0
1276.15	0	.3676627	.5733615	.05897578	0
1275.15	0	.3654219	.5751764	.05940161	0
1274.15	0	.3631919	.5769822	.05982586	0
1273.15	0	.3609727	.5787788	.06024853	0
1272.15	0	.3587643	.5805661	.06066962	0
1271.15	0	.3565666	.5823442	.06108915	0
1270.15	0	.3543798	.584113	.06150711	0
1269.15	0	.3522039	.5858726	.06192351	0
1268.15	0	.3500389	.5876227	.06233836	0
1267.15	0	.3478849	.5893635	.06275166	0
1266.15	0	.3457417	.5910949	.06316341	0
1265.15	0	.3436096	.5928168	.06357362	0
1264.15	0	.3414884	.5945293	.06398229	0
1263.15	0	.3393783	.5962322	.06438944	0
1262.15	0	.3372793	.5979257	.06479505	0
1261.15	0	.3351913	.5996095	.06519915	0
1260.15	0	.3331145	.6012838	.06560172	0
1259.15	0	.3310489	.6029484	.06600278	0
1258.15	0	.3289944	.6046033	.06640233	0
1257.15	0	.3269511	.6062485	.06680038	0
1256.15	0	.3249191	.607884	.06719693	0
1255.15	0	.3228984	.6095097	.06759198	0
1254.15	0	.3208889	.6111255	.06798553	0
1253.15	0	.3188909	.6127315	.0683776	0
1252.15	0	.3169042	.6143277	.06876819	0
1251.15	0	.3149289	.6159138	.0691573	0
1250.15	0	.312965	.61749	.06954493	0
1249.15	0	.3110127	.6190562	.06993109	0
1248.15	0	.3090718	.6206124	.07031579	0
1247.15	0	.3071425	.6221584	.07069902	0
1246.15	0	.3052248	.6236944	.0710808	0
1245.15	0	.3033188	.6252201	.07146112	0
1244.15	0	.3014244	.6267357	.07183999	0
1243.15	0	.2995416	.628241	.07221741	0
1242.15	0	.2976707	.629736	.0725934	0
1241.15	0	.2958114	.6312206	.07296794	0
1240.15	0	.2939641	.6326949	.07334105	0
1239.15	0	.2921285	.6341587	.07371273	0
1238.15	0	.2903049	.6356121	.07408299	0
1237.15	0	.2884932	.637055	.07445182	0
1236.15	0	.2866934	.6384873	.07481923	0
1235.15	0	.2849057	.639909	.07518524	0
1234.15	0	.2831301	.6413201	.07554983	0
1233.15	0	.2813665	.6427205	.07591301	0
1232.15	0	.2796151	.6441102	.07627479	0
1231.15	0	.2778758	.645489	.07663517	0
1230.15	0	.2761488	.646857	.07699416	0
1229.15	0	.2744341	.6482142	.07735175	0
1228.15	0	.2727316	.6495604	.07770796	0
1227.15	0	.2710416	.6508957	.07806278	0
1226.15	0	.2693639	.6522199	.07841623	0
1225.15	0	.2676987	.653533	.0787683	0
1224.15	0	.266046	.654835	.07911899	0
1223.15	0	.2644058	.6561259	.07946832	0
1222.15	0	.2627782	.6574055	.07981628	0
1221.15	0	.2611633	.6586739	.08016288	0
1220.15	0	.259561	.6599309	.08050812	0
1219.15	0	.2579715	.6611765	.080852	0
1218.15	0	.2563947	.6624108	.08119454	0
1217.15	0	.2548308	.6636335	.08153573	0
1216.15	0	.2532798	.6648447	.08187557	0
1215.15	0	.2517416	.6660443	.08221408	0
1214.15	0	.2502165	.6672322	.08255125	0
1213.15	0	.2487044	.6684085	.08288708	0
1212.15	0	.2472054	.669573	.08322159	0
1211.15	0	.2457195	.6707257	.08355477	0
1210.15	0	.2442468	.6718665	.08388663	0
1209.15	0	.2427874	.6729955	.08421717	0
1208.15	0	.2413412	.6741124	.08454639	0
1207.15	0	.2399084	.6752173	.0848743	0
1206.15	0	.238489	.6763101	.08520091	0
1205.15	0	.237083	.6773908	.0855262	0
1204.15	0	.2356905	.6784593	.0858502	0
1203.15	0	.2343116	.6795155	.0861729	0
1202.15	0	.2329464	.6805593	.0864943	0
1201.15	0	.2315947	.6815908	.08681442	0
1200.15	0	.2302569	.6826099	.08713324	0
1199.15	0	.2289328	.6836165	.08745078	0
1198.15	0	.2276225	.6846105	.08776704	0
1197.15	0	.2263261	.6855919	.08808202	0
1196.15	0	.2250437	.6865606	.08839573	0
1195.15	0	.2237753	.6875165	.08870817	0
1194.15	0	.222521	.6884597	.08901934	0
1193.15	0	.2212808	.68939	.08932924	0
1192.15	0	.2200548	.6903073	.08963789	0
1191.15	0	.218843	.6912117	.08994527	0
1190.15	0	.2176455	.6921031	.0902514	0
1189.15	0	.2164624	.6929813	.09055629	0
1188.15	0	.2152938	.6938463	.09085992	0
1187.15	0	.2141396	.6946981	.09116231	0
1186.15	0	.2129999	.6955366	.09146346	0
1185.15	0	.2118749	.6963618	.09176337	0
1184.15	0	.2107645	.6971735	.09206205	0
1183.15	0	.2096688	.6979717	.0923595	0
1182.15	0	.208588	.6987563	.09265572	0
1181.15	0	.207522	.6995273	.09295071	0
1180.15	0	.2064708	.7002847	.09324449	0
1179.15	0	.2054347	.7010283	.09353704	0
1178.15	0	.2044136	.701758	.09382839	0
1177.15	0	.2034076	.7024739	.09411852	0
1176.15	0	.2024167	.7031758	.09440745	0
1175.15	0	.2014411	.7038637	.09469517	0
1174.15	0	.2004807	.7045376	.09498169	0
1173.15	0	.1995357	.7051973	.09526701	0
1172.15	0	.1986061	.7058427	.09555115	0
1171.15	0	.197692	.7064739	.09583408	0
1170.15	0	.1967934	.7070908	.09611584	0
1169.15	0	.1959104	.7076932	.09639641	0
1168.15	0	.195043	.7082812	.09667579	0
1167.15	0	.1941914	.7088546	.096954	0
1166.15	0	.1933556	.7094134	.09723104	0
1165.15	0	.1925356	.7099575	.09750691	0
1164.15	0	.1917315	.7104869	.09778161	0
1163.15	0	.1909434	.7110015	.09805514	0
1162.15	0	.1901713	.7115012	.09832752	0
1161.15	0	.1894154	.7119859	.09859874	0
1160.15	0	.1886755	.7124556	.09886881	0
1159.15	0	.187952	.7129103	.09913772	0
1158.15	0	.1872447	.7133499	.09940549	0
1157.15	0	.1865537	.7137742	.09967212	0
1156.15	0	.1858792	.7141832	.09993761	0
1155.15	0	.1852211	.714577	.100202	0
1154.15	0	.1845795	.7149554	.1004652	0
1153.15	0	.1839545	.7153182	.1007273	0
1152.15	0	.1833462	.7156655	.1009883	0
1151.15	0	.1827547	.7159973	.1012481	0
1150.15	0	.1821799	.7163133	.1015068	0
1149.15	0	.1816219	.7166137	.1017644	0
1148.15	0	.1810809	.7168982	.1020209	0
1147.15	0	.1805568	.7171669	.1022763	0
1146.15	0	.1800497	.7174197	.1025306	0
1145.15	0	.1795597	.7176565	.1027838	0
1144.15	0	.1790868	.7178773	.1030359	0
1143.15	0	.1786312	.718082	.1032869	0
1142.15	0	.1781927	.7182705	.1035368	0
1141.15	0	.1777716	.7184428	.1037856	0
1140.15	0	.1773679	.7185988	.1040334	0
1139.15	0	.1769815	.7187384	.10428	0
1138.15	0	.1766127	.7188617	.1045256	0
1137.15	0	.1762614	.7189685	.1047701	0
1136.15	0	.1759276	.7190588	.1050136	0
1135.15	0	.1756115	.7191325	.105256	0
1134.15	0	.1753131	.7191896	.1054973	0
1133.15	0	.1750325	.71923	.1057376	0
1132.15	0	.1747696	.7192536	.1059768	0
1131.15	0	.1745246	.7192605	.106215	0
1130.15	0	.1742974	.7192505	.1064521	0
1129.15	0	.1740883	.7192235	.1066882	0
1128.15	0	.1738971	.7191797	.1069233	0
1127.15	0	.1737239	.7191188	.1071573	0
1126.15	0	.1735689	.7190409	.1073903	0
1125.15	0	.173432	.7189458	.1076222	0
1124.15	0	.1733292	.7188177	.107853	0
1123.15	0	.1732289	.7186882	.108083	0
1122.15	0	.1731468	.7185413	.1083119	0
1121.15	0	.173083	.7183772	.1085398	0
1120.15	0	.1730376	.7181957	.1087667	0
1119.15	0	.1730105	.7179968	.1089926	0
1118.15	0	.1730019	.7177805	.1092175	0
1117.15	0	.1730118	.7175468	.1094415	0
1116.15	0	.1730402	.7172955	.1096644	0
1115.15	0	.1730871	.7170266	.1098863	0
1114.15	0	.1731526	.7167401	.1101073	0
1113.15	0	.1732366	.7164361	.1103273	0
1112.15	0	.1733394	.7161143	.1105463	0
1111.15	0	.1734608	.7157749	.1107644	0
1110.15	0	.1736008	.7154177	.1109815	0
1109.15	0	.1737597	.7150427	.1111976	0
1108.15	0	.1739372	.71465	.1114128	0
1107.15	0	.1741335	.7142394	.1116271	0
1106.15	0	.1743487	.713811	.1118403	0
1105.15	0	.1745826	.7133647	.1120527	0
1104.15	0	.1748354	.7129005	.1122641	0
1103.15	0	.1751071	.7124183	.1124746	0
1102.15	0	.1753976	.7119182	.1126842	0
1101.15	0	.175707	.7114002	.1128928	0
1100.15	0	.1760353	.7108642	.1131005	0
1099.15	0	.1763826	.7103101	.1133073	0
1098.15	0	.1767487	.7097381	.1135132	0
1097.15	0	.1771338	.709148	.1137182	0
1096.15	0	.1775378	.7085398	.1139223	0
1095.15	0	.1779608	.7079137	.1141255	0
1094.15	0	.1784028	.7072694	.1143279	0
1093.15	0	.1788636	.7066071	.1145293	0
1092.15	0	.1793435	.7059267	.1147298	0
1091.15	0	.1798423	.7052283	.1149295	0
1090.15	0	.18036	.7045117	.1151283	0
1089.15	0	.1808966	.7037772	.1153262	0
1088.15	0	.1814522	.7030245	.1155233	0
1087.15	0	.1820268	.7022538	.1157195	0
1086.15	0	.1826202	.701465	.1159148	0
1085.15	0	.1832325	.7006582	.1161094	0
1084.15	0	.1838637	.6998333	.116303	0
1083.15	0	.1845137	.6989904	.1164958	0
1082.15	0	.1851826	.6981295	.1166878	0
1081.15	0	.1858703	.6972506	.116879	0
1080.15	0	.1865769	.6963538	.1170693	0
1079.15	0	.1873021	.695439	.1172589	0
1078.15	0	.1880461	.6945063	.1174476	0
1077.15	0	.1888088	.6935557	.1176355	0
1076.15	0	.1895902	.6925872	.1178225	0
1075.15	0	.1903903	.6916009	.1180088	0
1074.15	0	.1912089	.6905968	.1181943	0
1073.15	0	.192046	.6895749	.118379	0
1072.15	0	.1929018	.6885353	.118563	0
1071.15	0	.1937759	.687478	.1187461	0
1070.15	0	.1946685	.686403	.1189285	0
1069.15	0	.1955795	.6853105	.1191101	0
1068.15	0	.1965088	.6842003	.1192909	0
1067.15	0	.1974564	.6830727	.1194709	0
1066.15	0	.1984222	.6819276	.1196502	0
1065.15	0	.1994061	.6807651	.1198288	0
1064.15	0	.2004082	.6795853	.1200066	0
1063.15	0	.2014282	.6783881	.1201837	0
1062.15	0	.2024663	.6771738	.12036	0
1061.15	0	.2035222	.6759422	.1205356	0
1060.15	0	.204596	.6746936	.1207104	0
1059.15	0	.2056875	.6734279	.1208846	0
1058.15	0	.2067968	.6721453	.121058	0
1057.15	0	.2079236	.6708458	.1212307	0
1056.15	0	.2090679	.6695294	.1214027	0
1055.15	0	.2102297	.6681963	.121574	0
1054.15	0	.2114088	.6668466	.1217445	0
1053.15	0	.2126053	.6654803	.1219144	0
1052.15	0	.2138189	.6640975	.1220836	0
1051.15	0	.2150496	.6626983	.1222521	0
1050.15	0	.2162972	.6612828	.12242	0
1049.15	0	.2175618	.659851	.1225871	0
1048.15	0	.2188432	.6584032	.1227536	0
1047.15	0	.2201413	.6569393	.1229194	0
1046.15	0	.221456	.6554595	.1230845	0
1045.15	0	.2227872	.6539638	.123249	0
1044.15	0	.2241348	.6524524	.1234129	0
1043.15	0	.2254986	.6509254	.123576	0
1042.15	0	.2268786	.6493829	.1237385	0
1041.15	0	.2282746	.6478249	.1239004	0
1040.15	0	.2296866	.6462517	.1240617	0
1039.15	0	.2311144	.6446633	.1242223	0
1038.15	0	.2325579	.6430599	.1243822	0
1037.15	0	.2340169	.6414415	.1245416	0
1036.15	0	.2354914	.6398083	.1247003	0
1035.15	0	.2369812	.6381604	.1248584	0
1034.15	0	.2384862	.636498	.1250159	0
1033.15	0	.2400062	.6348211	.1251727	0
1032.15	0	.2415411	.6331299	.125329	0
1031.15	0	.2430908	.6314245	.1254846	0
1030.15	0	.2446552	.6297051	.1256397	0
1029.15	0	.246234	.6279718	.1257941	0
1028.15	0	.2478273	.6262247	.125948	0
1027.15	0	.2494347	.6244641	.1261013	0
1026.15	0	.2510562	.6226899	.1262539	0
1025.15	0	.2526916	.6209024	.126406	0
1024.15	0	.2543407	.6191017	.1265575	0
1023.15	0	.2560035	.617288	.1267085	0
1022.15	0	.2576798	.6154614	.1268588	0
1021.15	0	.2593693	.6136221	.1270086	0
1020.15	0	.261072	.6117702	.1271578	0
1019.15	0	.2627877	.6099059	.1273064	0
1018.15	0	.2645163	.6080293	.1274545	0
1017.15	0	.2662575	.6061406	.127602	0
1016.15	0	.2680112	.6042399	.1277489	0
1015.15	0	.2697772	.6023275	.1278953	0
1014.15	0	.2715554	.6004035	.1280411	0
1013.15	0	.2733456	.598468	.1281864	0
1012.15	0	.2751476	.5965213	.1283311	0
1011.15	0	.2769613	.5945634	.1284753	0
1010.15	0	.2787865	.5925946	.1286189	0
1009.15	0	.280623	.5906151	.1287619	0
1008.15	0	.2824706	.5886249	.1289044	0
1007.15	0	.2843292	.5866244	.1290464	0
1006.15	0	.2861986	.5846136	.1291878	0
1005.15	0	.2880785	.5825927	.1293287	0
1004.15	0	.2899689	.580562	.1294691	0
1003.15	0	.2918696	.5785216	.1296089	0
1002.15	0	.2937803	.5764716	.1297481	0
1001.15	0	.2957008	.5744124	.1298868	0
1000.15	0	.2976311	.5723439	.130025	0
999.15	0	.2995708	.5702666	.1301626	0
998.15	0	.3015199	.5681804	.1302997	0
997.15	0	.303478	.5660857	.1304363	0
996.15	0	.3054451	.5639826	.1305723	0
995.15	0	.307421	.5618712	.1307078	0
994.15	0	.3094054	.5597519	.1308427	0
993.15	0	.3113982	.5576247	.1309771	0
992.15	0	.3133991	.5554899	.1311109	0
991.15	0	.3154081	.5533477	.1312443	0
990.15	0	.3174248	.5511982	.131377	0
989.15	0	.3194491	.5490417	.1315092	0
988.15	0	.3214808	.5468784	.1316409	0
987.15	0	.3235196	.5447084	.131772	0
986.15	0	.3255655	.5425319	.1319026	0
985.15	0	.3276182	.5403492	.1320326	0
984.15	0	.3296775	.5381605	.132162	0
983.15	0	.3317432	.5359659	.1322909	0
982.15	0	.3338152	.5337656	.1324192	0
981.15	0	.3358931	.5315599	.132547	0
980.15	0	.3379769	.529349	.1326742	0
979.15	0	.3400663	.527133	.1328008	0
978.15	0	.342161	.5249121	.1329268	0
977.15	0	.344261	.5226867	.1330523	0
976.15	0	.3463661	.5204568	.1331772	0
975.15	0	.3484759	.5182227	.1333014	0
974.15	0	.3505903	.5159845	.1334251	0
973.15	0	.3527092	.5137426	.1335482	0
972.15	0	.3548323	.511497	.1336707	0
971.15	0	.3569593	.5092481	.1337926	0
970.15	0	.3590841	.5070016	.1339143	0
969.15	0	.3610758	.5048777	.1340465	0
968.15	0	.3630932	.5027299	.134177	0
967.15	0	.365135	.5005594	.1343056	0
966.15	0	.3671997	.4983678	.1344326	0
965.15	0	.369286	.4961562	.1345579	0
964.15	0	.3713926	.493926	.1346815	0
963.15	0	.3735182	.4916783	.1348035	0
962.15	0	.3756618	.4894144	.1349238	0
961.15	0	.377822	.4871354	.1350426	0
960.15	0	.3799977	.4848424	.1351598	0
959.15	0	.3821879	.4825366	.1352755	0
958.15	0	.3843915	.4802188	.1353897	0
957.15	0	.3866074	.4778902	.1355023	0
956.15	0	.3888348	.4755517	.1356135	0
955.15	0	.3910726	.4732043	.1357232	0
954.15	0	.3933198	.4708488	.1358314	0
953.15	0	.3955757	.4684861	.1359382	0
952.15	0	.3978393	.4661171	.1360435	0
951.15	0	.4001099	.4637427	.1361475	0
950.15	0	.4023865	.4613635	.13625	0
949.15	0	.4046685	.4589804	.1363511	0
948.15	0	.4069551	.4565941	.1364508	0
947.15	0	.4092456	.4542053	.1365491	0
946.15	0	.4115392	.4518147	.1366461	0
945.15	0	.4138353	.4494231	.1367416	0
944.15	0	.4161333	.4470309	.1368359	0
943.15	0	.4184325	.4446388	.1369287	0
942.15	0	.4207322	.4422475	.1370202	0
941.15	0	.423032	.4398576	.1371104	0
940.15	0	.4253313	.4374695	.1371992	0
939.15	0	.4276295	.4350838	.1372867	0
938.15	0	.4299261	.4327011	.1373729	0
937.15	0	.4322205	.4303218	.1374578	0
936.15	0	.4345124	.4279464	.1375413	0
935.15	0	.4368011	.4255754	.1376235	0
934.15	0	.4390864	.4232093	.1377043	0
933.15	0	.4413677	.4208484	.1377839	0
932.15	0	.4436446	.4184932	.1378622	0
931.15	0	.4459168	.4161441	.1379391	0
930.15	0	.4481837	.4138016	.1380148	0
929.15	0	.4504451	.4114658	.1380891	0
928.15	0	.4527006	.4091373	.1381621	0
927.15	0	.4549498	.4068164	.1382338	0
926.15	0	.4571924	.4045034	.1383043	0
925.15	0	.459428	.4021986	.1383734	0
924.15	0	.4616565	.3999023	.1384412	0
923.15	0	.4638773	.3976149	.1385077	0
922.15	0	.4660904	.3953367	.138573	0
921.15	0	.4682953	.3930678	.1386369	0
920.15	0	.4704919	.3908086	.1386995	0
919.15	0	.4726798	.3885593	.1387608	0
918.15	0	.4748588	.3863203	.1388209	0
917.15	0	.4770288	.3840916	.1388796	0
916.15	0	.4791893	.3818736	.1389371	0
915.15	0	.4813403	.3796665	.1389932	0
914.15	0	.4834814	.3774705	.1390481	0
913.15	0	.4856126	.3752858	.1391017	0
912.15	0	.4877335	.3731125	.1391539	0
911.15	0	.4898441	.370951	.1392049	0
910.15	0	.4919441	.3688013	.1392546	0
909.15	0	.4940333	.3666637	.1393031	0
908.15	0	.4961116	.3645383	.1393502	0
907.15	0	.4981788	.3624252	.139396	0
906.15	0	.5002347	.3603247	.1394405	0
905.15	0	.5022792	.3582369	.1394838	0
904.15	0	.5043122	.356162	.1395258	0
903.15	0	.5063335	.3541	.1395665	0
902.15	0	.5083429	.3520512	.1396059	0
901.15	0	.5103404	.3500155	.1396441	0
900.15	0	.5123258	.3479933	.1396809	0
899.15	0	.5142989	.3459846	.1397165	0
898.15	0	.5162597	.3439894	.1397509	0
897.15	0	.5182081	.342008	.1397839	0
896.15	0	.5201438	.3400405	.1398157	0
895.15	0	.5220669	.3380868	.1398462	0
894.15	0	.5239772	.3361473	.1398755	0
893.15	0	.5258747	.3342218	.1399035	0
892.15	0	.5277591	.3323106	.1399303	0
891.15	0	.5296305	.3304137	.1399558	0
890.15	0	.5314888	.3285312	.1399801	0
889.15	0	.5333337	.3266631	.1400031	0
888.15	0	.5351654	.3248097	.140025	0
887.15	0	.5369836	.3229708	.1400456	0
886.15	0	.5387884	.3211467	.1400649	0
885.15	0	.5405796	.3193373	.1400831	0
884.15	0	.5423572	.3175428	.1401	0
883.15	0	.5441211	.3157632	.1401158	0
882.15	0	.5458712	.3139985	.1401303	0
881.15	0	.5476075	.3122489	.1401437	0
880.15	0	.5493299	.3105143	.1401558	0
879.15	0	.5510384	.3087948	.1401668	0
878.15	0	.5527329	.3070905	.1401767	0
877.15	0	.5544133	.3054013	.1401854	0
876.15	0	.5560797	.3037274	.1401929	0
875.15	0	.5577319	.3020688	.1401993	0
874.15	0	.55937	.3004255	.1402046	0
873.15	0	.5609938	.2987975	.1402087	0
872.15	0	.5626035	.2971848	.1402118	0
871.15	0	.5641988	.2955875	.1402137	0
870.15	0	.5657799	.2940056	.1402145	0
869.15	0	.5673466	.2924391	.1402143	0
868.15	0	.568899	.290888	.140213	0
867.15	0	.570437	.2893523	.1402107	0
866.15	0	.5719607	.2878321	.1402073	0
865.15	0	.57347	.2863272	.1402028	0
864.15	0	.5749649	.2848378	.1401974	0
863.15	0	.5764453	.2833637	.1401909	0
862.15	0	.5779114	.2819051	.1401835	0
861.15	0	.5793632	.2804618	.140175	0
860.15	0	.5808005	.2790339	.1401656	0
859.15	0	.5822235	.2776213	.1401552	0
858.15	0	.5836321	.276224	.1401439	0
857.15	0	.5850264	.274842	.1401317	0
856.15	0	.5864063	.2734752	.1401185	0
855.15	0	.587772	.2721236	.1401044	0
854.15	0	.5891235	.2707871	.1400894	0
853.15	0	.5904607	.2694657	.1400736	0
852.15	0	.5917838	.2681594	.1400569	0
851.15	0	.5930927	.266868	.1400393	0
850.15	0	.5943875	.2655916	.1400209	0
849.15	0	.5956684	.26433	.1400016	0
848.15	0	.5969352	.2630832	.1399816	0
847.15	0	.5981881	.2618511	.1399607	0
846.15	0	.5994272	.2606337	.1399391	0
845.15	0	.6006525	.2594308	.1399167	0
844.15	0	.601864	.2582425	.1398935	0
843.15	0	.603062	.2570685	.1398696	0
842.15	0	.6042463	.2559088	.1398449	0
841.15	0	.6054172	.2547633	.1398195	0
840.15	0	.6065746	.2536319	.1397935	0
839.15	0	.6077188	.2525145	.1397667	0
838.15	0	.6088497	.2514111	.1397392	0
837.15	0	.6099675	.2503214	.1397111	0
836.15	0	.6110722	.2492455	.1396823	0
835.15	0	.6121641	.2481831	.1396528	0
834.15	0	.6132431	.2471342	.1396227	0
833.15	0	.6143093	.2460987	.139592	0
832.15	0	.615363	.2450763	.1395607	0
831.15	0	.6164041	.2440671	.1395288	0
830.15	0	.6174328	.2430709	.1394963	0
829.15	0	.6184493	.2420876	.1394632	0
828.15	0	.6194536	.241117	.1394295	0
827.15	0	.6204458	.240159	.1393952	0
826.15	0	.6214261	.2392135	.1393604	0
825.6286	0	.6219325	.2387254	.1393421	0
825.6286	0	.6219325	.2387254	.1393421	0
825.6286	0	.6219325	.2387254	.1393421	0
825.15	0	.6256409	.2341464	.1382297	.001982997
824.15	0	.6332023	.2247867	.1359432	.006067815
823.15	0	.6405185	.2156994	.1337066	.01007553
822.15	0	.6475991	.2068742	.1315181	.01400856
821.15	0	.6544529	.1983014	.1293764	.01786921
820.15	0	.6610886	.1899718	.1272799	.02165969
819.15	0	.6675141	.1818766	.1252273	.02538207
818.15	0	.6737372	.1740073	.1232172	.02903835
817.15	0	.6797652	.166356	.1212484	.03263043
816.15	0	.6856051	.1589151	.1193197	.03616014
815.15	0	.6912636	.1516774	.1174299	.03962921
814.15	0	.6967469	.1446359	.1155779	.0430393
813.15	0	.7020613	.137784	.1137627	.04639199
812.15	0	.7072125	.1311155	.1119832	.04968881
811.15	0	.7122059	.1246244	.1102385	.05293122
810.15	0	.7170471	.1183047	.1085276	.05612062
809.15	0	.7217409	.1121511	.1068496	.05925834
808.15	0	.7262923	.1061583	.1052038	.06234569
807.15	0	.7307059	.1003211	.1035892	.06538388
806.15	0	.7349862	.09463472	.102005	.06837413
805.15	0	.7391374	.08909453	.1004505	.07131756
804.15	0	.7431638	.08369602	.09892493	.07421529
803.15	0	.7470691	.07843492	.09742759	.07706837
802.15	0	.7508573	.0733071	.09595778	.07987783
801.15	0	.7545319	.06830859	.09451484	.08264466
800.15	0	.7580965	.06343558	.09309812	.08536981
799.15	0	.7615544	.05868439	.091707	.08805419
798.15	0	.7649089	.0540515	.09034088	.09069871
797.15	0	.7681631	.0495335	.08899916	.09330421
796.15	0	.7713201	.04512711	.0876813	.09587152
795.15	0	.7743826	.04082917	.08638675	.09840145
794.15	0	.7773536	.03663663	.08511496	.1008948
793.15	0	.7802357	.03254654	.08386544	.1033523
792.15	0	.7830316	.02855606	.08263768	.1057746
791.15	0	.7857437	.02466244	.08143119	.1081626
790.15	0	.7883746	.02086304	.08024551	.1105169
789.15	0	.7909265	.01715527	.07908018	.1128381
788.15	0	.7934017	.01353667	.07793475	.1151269
787.15	0	.7958025	.01000484	.07680879	.1173839
786.15	0	.7981309	.006557434	.07570189	.1196098
785.15	0	.8003891	.003192217	.07461362	.1218051
784.1786	0	.8025172	0	.07357398	.1239089
784.1786	0	.8025172	0	.07357398	.1239089
784.15	0	.8025129	0	.07356761	.1239195
783.15	0	.8023645	0	.07334558	.1242899
782.15	0	.802217	0	.07312425	.1246588
781.15	0	.8020702	0	.0729036	.1250262
780.15	0	.8019242	0	.07268365	.1253921
779.15	0	.801779	0	.07246439	.1257566
778.15	0	.8016346	0	.07224582	.1261196
777.15	0	.8014909	0	.07202794	.1264812
776.15	0	.801348	0	.07181075	.1268413
775.15	0	.8012058	0	.07159426	.1271999
774.15	0	.8010644	0	.07137845	.1275571
773.15	0	.8009238	0	.07116333	.1279129
772.15	0	.8007838	0	.0709489	.1282673
771.15	0	.8006447	0	.07073516	.1286202
770.15	0	.8005062	0	.07052211	.1289717
769.15	0	.8003685	0	.07030974	.1293218
768.15	0	.8002315	0	.07009807	.1296704
767.15	0	.8000952	0	.06988708	.1300177
766.15	0	.7999596	0	.06967677	.1303636
765.15	0	.7998248	0	.06946716	.1307081
764.15	0	.7996906	0	.06925823	.1310512
763.15	0	.7995572	0	.06904999	.1313929
762.15	0	.7994244	0	.06884243	.1317332
761.15	0	.7992923	0	.06863556	.1320721
760.15	0	.7991609	0	.06842937	.1324097
759.15	0	.7990302	0	.06822387	.1327459
758.15	0	.7989002	0	.06801905	.1330808
757.15	0	.7987708	0	.06781492	.1334143
756.15	0	.7986421	0	.06761147	.1337464
755.15	0	.7985141	0	.0674087	.1340772
754.15	0	.7983868	0	.06720662	.1344066
753.15	0	.7982601	0	.06700522	.1347347
752.15	0	.798134	0	.0668045	.1350615
751.15	0	.7980086	0	.06660446	.1353869
750.15	0	.7978839	0	.06640511	.135711
749.15	0	.7977597	0	.06620644	.1360338
748.15	0	.7976363	0	.06600845	.1363553
747.15	0	.7975135	0	.06581114	.1366754
746.15	0	.7973912	0	.06561451	.1369942
745.15	0	.7972697	0	.06541857	.1373118
744.15	0	.7971487	0	.0652233	.137628
743.15	0	.7970284	0	.06502871	.1379429
742.15	0	.7969087	0	.06483481	.1382565
741.15	0	.7967896	0	.06464158	.1385688
740.15	0	.7966711	0	.06444903	.1388799
739.15	0	.7965532	0	.06425716	.1391896
738.15	0	.796436	0	.06406597	.1394981
737.15	0	.7963193	0	.06387546	.1398052
736.15	0	.7962032	0	.06368563	.1401111
735.15	0	.7960878	0	.06349648	.1404158
734.15	0	.7959729	0	.063308	.1407191
733.15	0	.7958586	0	.0631202	.1410212
732.15	0	.7957449	0	.06293308	.1413221
731.15	0	.7956318	0	.06274663	.1416216
730.15	0	.7955192	0	.06256086	.1419199
729.15	0	.7954073	0	.06237577	.142217
728.15	0	.7952959	0	.06219136	.1425128
727.15	0	.7951851	0	.06200762	.1428073
726.15	0	.7950748	0	.06182455	.1431006
725.15	0	.7949651	0	.06164217	.1433927
724.15	0	.794856	0	.06146045	.1436835
723.15	0	.7947475	0	.06127941	.1439731
722.15	0	.7946395	0	.06109905	.1442615
721.15	0	.794532	0	.06091936	.1445486
720.15	0	.7944251	0	.06074035	.1448345
719.15	0	.7943188	0	.06056201	.1451192
718.15	0	.794213	0	.06038434	.1454027
717.15	0	.7941078	0	.06020735	.1456849
716.15	0	.7940031	0	.06003103	.1459659
715.15	0	.7938989	0	.05985538	.1462457
714.15	0	.7937953	0	.05968041	.1465243
713.15	0	.7936922	0	.0595061	.1468017
712.15	0	.7935896	0	.05933248	.1470779
711.15	0	.7934876	0	.05915952	.1473529
710.15	0	.7933861	0	.05898723	.1476266
709.15	0	.7932851	0	.05881562	.1478992
708.15	0	.7931847	0	.05864467	.1481706
707.15	0	.7930848	0	.0584744	.1484408
706.15	0	.7929854	0	.0583048	.1487098
705.15	0	.7928865	0	.05813587	.1489776
704.15	0	.7927881	0	.05796761	.1492443
703.15	0	.7926903	0	.05780002	.1495097
702.15	0	.7925929	0	.0576331	.149774
701.15	0	.7924961	0	.05746684	.1500371
700.15	0	.7923998	0	.05730126	.150299
699.15	0	.7923039	0	.05713634	.1505597
698.15	0	.7922086	0	.0569721	.1508193
697.15	0	.7921138	0	.05680852	.1510777
696.15	0	.7920195	0	.05664561	.1513349
695.15	0	.7919256	0	.05648337	.151591
694.15	0	.7918323	0	.05632179	.1518459
693.15	0	.7917394	0	.05616088	.1520997
692.15	0	.7916471	0	.05600064	.1523523
691.15	0	.7915552	0	.05584107	.1526037
690.15	0	.7914638	0	.05568216	.152854
689.15	0	.7913729	0	.05552391	.1531031
688.15	0	.7912825	0	.05536634	.1533511
687.15	0	.7911926	0	.05520942	.153598
686.15	0	.7911032	0	.05505318	.1538437
685.15	0	.7910142	0	.05489759	.1540882
684.15	0	.7909257	0	.05474267	.1543317
683.15	0	.7908376	0	.05458842	.154574
682.15	0	.7907501	0	.05443482	.1548151
681.15	0	.790663	0	.05428189	.1550551
680.15	0	.7905764	0	.05412963	.155294
679.15	0	.7904902	0	.05397802	.1555318
678.15	0	.7904045	0	.05382708	.1557684
677.15	0	.7903193	0	.0536768	.1560039
676.15	0	.7902345	0	.05352718	.1562383
675.15	0	.7901502	0	.05337822	.1564716
674.15	0	.7900664	0	.05322992	.1567037
673.15	0	.789983	0	.05308229	.1569347
672.15	0	.7899	0	.05293531	.1571647
671.15	0	.7898175	0	.05278899	.1573935
670.15	0	.7897355	0	.05264333	.1576212
669.15	0	.7896539	0	.05249833	.1578478
668.15	0	.7895728	0	.05235398	.1580732
667.15	0	.7894921	0	.0522103	.1582976
666.15	0	.7894118	0	.05206727	.1585209
665.15	0	.789332	0	.0519249	.1587431
664.15	0	.7892527	0	.05178318	.1589641
663.15	0	.7891738	0	.05164212	.1591841
662.15	0	.7890953	0	.05150172	.159403
661.15	0	.7890172	0	.05136197	.1596208
660.15	0	.7889396	0	.05122288	.1598375
659.15	0	.7888624	0	.05108443	.1600532
658.15	0	.7887857	0	.05094665	.1602677
657.15	0	.7887093	0	.05080951	.1604811
656.15	0	.7886334	0	.05067303	.1606935
655.15	0	.788558	0	.0505372	.1609048
654.15	0	.7884829	0	.05040203	.161115
653.15	0	.7884083	0	.0502675	.1613242
652.15	0	.7883341	0	.05013362	.1615322
651.15	0	.7882604	0	.0500004	.1617392
650.15	0	.788187	0	.04986782	.1619452
649.15	0	.7881141	0	.04973589	.16215
648.15	0	.7880416	0	.04960461	.1623538
647.15	0	.7879695	0	.04947398	.1625565
646.15	0	.7878978	0	.049344	.1627582
645.15	0	.7878265	0	.04921466	.1629588
644.15	0	.7877557	0	.04908597	.1631584
643.15	0	.7876852	0	.04895792	.1633568
642.15	0	.7876152	0	.04883052	.1635543
641.15	0	.7875456	0	.04870376	.1637507
640.15	0	.7874763	0	.04857765	.163946
639.15	0	.7874075	0	.04845218	.1641403
638.15	0	.7873391	0	.04832735	.1643335
637.15	0	.7872711	0	.04820316	.1645257
636.15	0	.7872035	0	.04807962	.1647169
635.15	0	.7871363	0	.04795671	.164907
634.15	0	.7870695	0	.04783445	.1650961
633.15	0	.787003	0	.04771282	.1652842
632.15	0	.786937	0	.04759183	.1654712
631.15	0	.7868714	0	.04747148	.1656571
630.15	0	.7868061	0	.04735176	.1658421
629.15	0	.7867413	0	.04723268	.166026
628.15	0	.7866769	0	.04711424	.1662089
627.15	0	.7866128	0	.04699643	.1663908
626.15	0	.7865491	0	.04687926	.1665716
625.15	0	.7864858	0	.04676272	.1667515
624.15	0	.7864229	0	.04664681	.1669303
623.15	0	.7863604	0	.04653153	.1671081
622.15	0	.7862983	0	.04641688	.1672849
621.15	0	.7862365	0	.04630286	.1674606
620.15	0	.7861751	0	.04618948	.1676354
619.15	0	.7861141	0	.04607672	.1678092
618.15	0	.7860535	0	.04596458	.1679819
617.15	0	.7859933	0	.04585308	.1681537
616.15	0	.7859334	0	.04574219	.1683244
615.15	0	.7858739	0	.04563194	.1684942
614.15	0	.7858148	0	.04552231	.1686629
613.15	0	.785756	0	.0454133	.1688307
612.15	0	.7856976	0	.04530491	.1689974
611.15	0	.7856396	0	.04519714	.1691632
610.15	0	.785582	0	.04509	.169328
609.15	0	.7855247	0	.04498347	.1694918
608.15	0	.7854678	0	.04487756	.1696547
607.15	0	.7854112	0	.04477227	.1698165
606.15	0	.7853551	0	.0446676	.1699774
605.15	0	.7852992	0	.04456354	.1701372
604.15	0	.7852438	0	.04446009	.1702962
603.15	0	.7851887	0	.04435726	.1704541
602.15	0	.7851339	0	.04425504	.1706111
601.15	0	.7850795	0	.04415343	.1707671
600.15	0	.7850255	0	.04405244	.1709221
599.15	0	.7849718	0	.04395205	.1710762
598.15	0	.7849185	0	.04385227	.1712293
597.15	0	.7848655	0	.04375309	.1713814
596.15	0	.7848128	0	.04365452	.1715326
595.15	0	.7847606	0	.04355656	.1716829
594.15	0	.7847086	0	.0434592	.1718322
593.15	0	.7846571	0	.04336245	.1719805
592.15	0	.7846058	0	.04326629	.1721279
591.15	0	.7845549	0	.04317074	.1722743
590.15	0	.7845044	0	.04307578	.1724199
589.15	0	.7844542	0	.04298143	.1725644
588.15	0	.7844043	0	.04288766	.172708
587.15	0	.7843548	0	.0427945	.1728507
586.15	0	.7843056	0	.04270193	.1729925
585.15	0	.7842567	0	.04260995	.1731333
584.15	0	.7842082	0	.04251856	.1732732
583.15	0	.78416	0	.04242777	.1734122
582.15	0	.7841122	0	.04233756	.1735503
581.15	0	.7840647	0	.04224794	.1736874
580.15	0	.7840175	0	.04215891	.1738236
579.15	0	.7839706	0	.04207046	.1739589
578.15	0	.7839241	0	.0419826	.1740933
577.15	0	.7838779	0	.04189532	.1742268
576.15	0	.783832	0	.04180863	.1743593
575.15	0	.7837865	0	.04172251	.174491
574.15	0	.7837413	0	.04163697	.1746218
573.15	0	.7836964	0	.04155201	.1747516
572.15	0	.7836518	0	.04146762	.1748806
571.15	0	.7836076	0	.04138381	.1750086
570.15	0	.7835636	0	.04130057	.1751358
569.15	0	.78352	0	.0412179	.1752621
568.15	0	.7834767	0	.04113581	.1753875
567.15	0	.7834337	0	.04105428	.175512
566.15	0	.7833911	0	.04097332	.1756356
565.15	0	.7833487	0	.04089292	.1757584
564.15	0	.7833067	0	.04081309	.1758803
563.15	0	.7832649	0	.04073382	.1760013
562.15	0	.7832235	0	.04065511	.1761214
561.15	0	.7831824	0	.04057697	.1762407
560.15	0	.7831416	0	.04049938	.176359
559.15	0	.7831011	0	.04042235	.1764766
558.15	0	.7830609	0	.04034587	.1765933
557.15	0	.783021	0	.04026994	.1767091
556.15	0	.7829814	0	.04019457	.176824
555.15	0	.7829421	0	.04011975	.1769381
554.15	0	.7829031	0	.04004547	.1770514
553.15	0	.7828644	0	.03997175	.1771638
552.15	0	.7828261	0	.03989857	.1772754
551.15	0	.782788	0	.03982593	.1773861
550.15	0	.7827502	0	.03975383	.177496
549.15	0	.7827127	0	.03968228	.1776051
548.15	0	.7826754	0	.03961126	.1777133
547.15	0	.7826385	0	.03954078	.1778207
546.15	0	.7826019	0	.03947083	.1779273
545.15	0	.7825656	0	.03940142	.178033
544.15	0	.7825295	0	.03933254	.1781379
543.15	0	.7824937	0	.03926419	.1782421
542.15	0	.7824583	0	.03919636	.1783454
541.15	0	.7824231	0	.03912907	.1784479
540.15	0	.7823882	0	.0390623	.1785495
539.15	0	.7823535	0	.03899605	.1786504
538.15	0	.7823192	0	.03893032	.1787505
537.15	0	.7822851	0	.03886511	.1788498
536.15	0	.7822513	0	.03880041	.1789483
535.15	0	.7822178	0	.03873624	.1790459
534.15	0	.7821846	0	.03867257	.1791428
533.15	0	.7821516	0	.03860942	.179239
532.15	0	.7821189	0	.03854678	.1793343
531.15	0	.7820865	0	.03848464	.1794288
530.15	0	.7820544	0	.03842301	.1795226
529.15	0	.7820225	0	.03836188	.1796156
528.15	0	.7819909	0	.03830126	.1797078
527.15	0	.7819596	0	.03824114	.1797993
526.15	0	.7819285	0	.03818151	.17989
525.15	0	.7818977	0	.03812238	.1799799
524.15	0	.7818671	0	.03806374	.1800691
523.15	0	.7818369	0	.0380056	.1801575
522.15	0	.7818068	0	.03794794	.1802452
521.15	0	.7817771	0	.03789078	.1803321
520.15	0	.7817476	0	.0378341	.1804183
519.15	0	.7817183	0	.0377779	.1805038
518.15	0	.7816894	0	.03772219	.1805885
517.15	0	.7816606	0	.03766695	.1806724
516.15	0	.7816321	0	.03761219	.1807557
515.15	0	.7816039	0	.03755791	.1808382
514.15	0	.7815759	0	.0375041	.18092
513.15	0	.7815482	0	.03745076	.181001
512.15	0	.7815207	0	.0373979	.1810814
511.15	0	.7814935	0	.03734549	.181161
510.15	0	.7814665	0	.03729356	.1812399
509.15	0	.7814398	0	.03724209	.1813181
508.15	0	.7814133	0	.03719107	.1813956
507.15	0	.781387	0	.03714052	.1814724
506.15	0	.781361	0	.03709042	.1815486
505.15	0	.7813353	0	.03704078	.181624
504.15	0	.7813097	0	.03699159	.1816987
503.15	0	.7812844	0	.03694284	.1817727
502.15	0	.7812594	0	.03689455	.1818461
501.15	0	.7812345	0	.0368467	.1819188
500.15	0	.78121	0	.0367993	.1819908
499.15	0	.7811856	0	.03675233	.1820621
498.15	0	.7811615	0	.0367058	.1821327
497.15	0	.7811376	0	.03665971	.1822027
496.15	0	.7811139	0	.03661406	.1822721
495.15	0	.7810905	0	.03656883	.1823407
494.15	0	.7810672	0	.03652404	.1824087
493.15	0	.7810442	0	.03647967	.1824761
492.15	0	.7810215	0	.03643573	.1825428
491.15	0	.7809989	0	.0363922	.1826089
490.15	0	.7809766	0	.0363491	.1826743
489.15	0	.7809545	0	.03630642	.1827391
488.15	0	.7809326	0	.03626416	.1828033
487.15	0	.7809109	0	.0362223	.1828668
486.15	0	.7808895	0	.03618086	.1829297
485.15	0	.7808682	0	.03613983	.182992
484.15	0	.7808472	0	.0360992	.1830536
483.15	0	.7808264	0	.03605897	.1831147
482.15	0	.7808058	0	.03601915	.1831751
481.15	0	.7807854	0	.03597973	.1832349
480.15	0	.7807652	0	.0359407	.1832941
479.15	0	.7807452	0	.03590207	.1833527
478.15	0	.7807254	0	.03586383	.1834108
477.15	0	.7807058	0	.03582598	.1834682
476.15	0	.7806865	0	.03578852	.183525
475.15	0	.7806673	0	.03575144	.1835813
474.15	0	.7806483	0	.03571474	.1836369
473.15	0	.7806295	0	.03567842	.183692
472.15	0	.780611	0	.03564249	.1837466
471.15	0	.7805926	0	.03560692	.1838005
470.15	0	.7805744	0	.03557173	.1838539
469.15	0	.7805564	0	.03553691	.1839067
468.15	0	.7805386	0	.03550246	.1839589
467.15	0	.780521	0	.03546837	.1840106
466.15	0	.7805036	0	.03543464	.1840618
465.15	0	.7804864	0	.03540128	.1841124
464.15	0	.7804693	0	.03536827	.1841624
463.15	0	.7804525	0	.03533562	.1842119
462.15	0	.7804358	0	.03530332	.1842609
461.15	0	.7804193	0	.03527137	.1843093
460.15	0	.780403	0	.03523977	.1843572
459.15	0	.7803869	0	.03520852	.1844046
458.15	0	.7803709	0	.03517761	.1844515
457.15	0	.7803552	0	.03514704	.1844978
456.15	0	.7803396	0	.03511681	.1845436
455.15	0	.7803241	0	.03508691	.184589
454.15	0	.7803089	0	.03505735	.1846338
453.15	0	.7802938	0	.03502811	.1846781
452.15	0	.7802789	0	.03499921	.1847219
451.15	0	.7802642	0	.03497063	.1847652
450.15	0	.7802496	0	.03494238	.184808
449.15	0	.7802353	0	.03491445	.1848503
448.15	0	.780221	0	.03488684	.1848921
447.15	0	.780207	0	.03485955	.1849335
446.15	0	.7801931	0	.03483258	.1849743
445.15	0	.7801794	0	.03480592	.1850147
