T	 BPW(LIQUID)	BPW(BCC_A2)	BPW(FCC_A1)	BPW(LAVES_PHASE_C14)	BPW(NI3TI)
1473.15	.6359445	.3640555	0	0	0
1472.15	.6324739	.3675261	0	0	0
1471.15	.6290238	.3709762	0	0	0
1470.15	.6255939	.3744061	0	0	0
1469.15	.6221841	.3778159	0	0	0
1468.15	.6187943	.3812057	0	0	0
1467.15	.6154244	.3845756	0	0	0
1466.15	.6120742	.3879258	0	0	0
1465.15	.6087437	.3912563	0	0	0
1464.15	.6054326	.3945674	0	0	0
1463.15	.6021408	.3978592	0	0	0
1462.15	.5988683	.4011317	0	0	0
1461.15	.5956149	.4043851	0	0	0
1460.15	.5923806	.4076194	0	0	0
1459.15	.589165	.410835	0	0	0
1458.15	.5859683	.4140317	0	0	0
1457.15	.5827902	.4172098	0	0	0
1456.15	.5796306	.4203694	0	0	0
1455.15	.5764894	.4235106	0	0	0
1454.15	.5733665	.4266335	0	0	0
1453.15	.5702618	.4297382	0	0	0
1452.15	.5671752	.4328248	0	0	0
1451.15	.5641066	.4358934	0	0	0
1450.15	.5610558	.4389442	0	0	0
1449.15	.5580228	.4419772	0	0	0
1448.15	.5550074	.4449926	0	0	0
1447.15	.5520096	.4479904	0	0	0
1446.15	.5490292	.4509708	0	0	0
1445.15	.5460661	.4539339	0	0	0
1444.15	.5431203	.4568797	0	0	0
1443.15	.5401917	.4598083	0	0	0
1442.15	.53728	.46272	0	0	0
1441.15	.5343853	.4656147	0	0	0
1440.228	.5317301	.4682699	0	0	0
1440.228	.5317301	.4682699	0	0	0
1440.228	.5317301	.4682699	0	0	0
1440.15	.5312979	.4685522	0	1.499141E-04	0
1439.15	.5257685	.4721619	0	.002069606	0
1438.15	.5203151	.4757187	0	.003966157	0
1437.15	.514936	.4792239	0	.005840047	0
1436.15	.5096298	.4826785	0	.007691743	0
1435.15	.504395	.4860833	0	.0095217	0
1434.15	.4992302	.4894394	0	.01133036	0
1433.15	.494134	.4927479	0	.01311815	0
1432.15	.4891051	.4960094	0	.0148855	0
1431.15	.4841421	.4992251	0	.0166328	0
1430.15	.4792438	.5023958	0	.01836047	0
1429.15	.4744089	.5055223	0	.02006888	0
1428.15	.4696362	.5086054	0	.02175841	0
1427.15	.4649245	.511646	0	.02342944	0
1426.509	.4619343	.5135742	0	.02449159	0
1426.509	.4619343	.5135742	0	.02449159	0
1426.509	.4619343	.5135742	0	.02449159	0
1426.15	.4565872	.5097995	.007470649	.02614267	0
1425.15	.4418153	.499456	.02804564	.03068299	0
1424.15	.4272408	.4893738	.04825325	.03513215	0
1423.15	.4128577	.4795458	.0681038	.03949272	0
1422.15	.3986603	.4699653	.08760725	.04376717	0
1421.15	.3846432	.4606258	.1067732	.04795789	0
1420.15	.370801	.451521	.1256109	.05206717	0
1419.15	.3571287	.4426449	.1441292	.05609725	0
1418.15	.3436212	.4339917	.1623368	.06005026	0
1417.15	.3302739	.4255559	.180242	.06392828	0
1416.15	.3170821	.4173319	.1978527	.06773329	0
1415.15	.3040413	.4093146	.2151769	.07146724	0
1414.15	.2911472	.401499	.2322218	.07513198	0
1413.15	.2783957	.3938802	.2489948	.07872932	0
1412.15	.2657826	.3864535	.2655029	.082261	0
1411.15	.2533042	.3792144	.2817527	.08572871	0
1410.15	.2409565	.3721585	.2977509	.08913407	0
1409.15	.228736	.3652816	.3135038	.09247867	0
1408.15	.216639	.3585795	.3290175	.09576402	0
1407.15	.2046621	.3520485	.3442978	.09899161	0
1406.15	.192802	.3456845	.3593506	.1021629	0
1405.15	.1810555	.339484	.3741814	.1052792	0
1404.15	.1694193	.3334433	.3887955	.1083419	0
1403.15	.1578905	.327559	.4031982	.1113523	0
1402.15	.146466	.3218278	.4173945	.1143117	0
1401.15	.1351431	.3162463	.4313894	.1172212	0
1400.15	.1239189	.3108115	.4451874	.1200821	0
1399.15	.1127908	.3055204	.4587934	.1228955	0
1398.15	.1017561	.3003698	.4722116	.1256625	0
1397.15	.09081219	.2953571	.4854465	.1283842	0
1396.15	.0799567	.2904793	.4985023	.1310617	0
1395.15	.06918717	.285734	.5113829	.133696	0
1394.15	.05850128	.2811183	.5240925	.136288	0
1393.15	.04789674	.2766298	.5366348	.1388387	0
1392.15	.03737134	.2722661	.5490135	.1413491	0
1391.15	.02692294	.2680248	.5612323	.14382	0
1390.15	.01654943	.2639035	.5732948	.1462523	0
1389.15	.006248795	.2599	.5852042	.148647	0
1388.54	0	.2575146	.5923957	.1500896	0
1388.54	0	.2575146	.5923957	.1500896	0
1388.15	0	.2567448	.5929738	.1502814	0
1387.15	0	.2547743	.5944537	.150772	0
1386.15	0	.2528091	.5959298	.1512611	0
1385.15	0	.2508491	.5974023	.1517486	0
1384.15	0	.2488943	.5988711	.1522346	0
1383.15	0	.2469447	.6003362	.1527191	0
1382.15	0	.2450002	.6017977	.1532021	0
1381.15	0	.2430609	.6032555	.1536836	0
1380.15	0	.2411267	.6047097	.1541636	0
1379.15	0	.2391977	.6061602	.1546421	0
1378.15	0	.2372737	.6076071	.1551192	0
1377.15	0	.2353549	.6090504	.1555947	0
1376.15	0	.2334411	.6104901	.1560688	0
1375.15	0	.2315323	.6119262	.1565415	0
1374.15	0	.2296286	.6133587	.1570127	0
1373.15	0	.2277299	.6147877	.1574824	0
1372.15	0	.2258363	.616213	.1579507	0
1371.15	0	.2239476	.6176348	.1584176	0
1370.15	0	.2220639	.6190531	.158883	0
1369.15	0	.2201851	.6204678	.1593471	0
1368.15	0	.2183113	.621879	.1598097	0
1367.15	0	.2164425	.6232866	.1602709	0
1366.15	0	.2145785	.6246908	.1607307	0
1365.15	0	.2127195	.6260914	.1611892	0
1364.15	0	.2108653	.6274885	.1616462	0
1363.15	0	.209016	.6288821	.1621019	0
1362.15	0	.2071716	.6302722	.1625562	0
1361.15	0	.205332	.6316589	.1630092	0
1360.15	0	.2034972	.633042	.1634608	0
1359.15	0	.2016673	.6344217	.163911	0
1358.15	0	.1998421	.635798	.1643599	0
1357.15	0	.1980218	.6371708	.1648075	0
1356.15	0	.1962062	.6385401	.1652537	0
1355.15	0	.1943954	.639906	.1656986	0
1354.15	0	.1925893	.6412685	.1661422	0
1353.15	0	.190788	.6426275	.1665845	0
1352.15	0	.1889914	.6439831	.1670255	0
1351.15	0	.1871996	.6453353	.1674651	0
1350.15	0	.1854124	.6466841	.1679035	0
1349.15	0	.1836299	.6480295	.1683406	0
1348.15	0	.181852	.6493715	.1687764	0
1347.15	0	.1800789	.6507101	.169211	0
1346.15	0	.1783104	.6520454	.1696442	0
1345.15	0	.1765465	.6533772	.1700763	0
1344.15	0	.1747872	.6547057	.170507	0
1343.15	0	.1730326	.6560309	.1709365	0
1342.15	0	.1712826	.6573526	.1713648	0
1341.15	0	.1695371	.6586711	.1717918	0
1340.15	0	.1677963	.6599861	.1722176	0
1339.15	0	.16606	.6612978	.1726422	0
1338.15	0	.1643283	.6626062	.1730655	0
1337.15	0	.1626011	.6639113	.1734876	0
1336.15	0	.1608784	.665213	.1739085	0
1335.15	0	.1591603	.6665114	.1743283	0
1334.15	0	.1574467	.6678065	.1747468	0
1333.15	0	.1557376	.6690983	.1751641	0
1332.15	0	.154033	.6703868	.1755802	0
1331.15	0	.1523329	.6716719	.1759952	0
1330.15	0	.1506372	.6729538	.176409	0
1329.15	0	.1489461	.6742324	.1768216	0
1328.15	0	.1472593	.6755077	.177233	0
1327.15	0	.1455771	.6767797	.1776433	0
1326.15	0	.1438992	.6780484	.1780524	0
1325.15	0	.1422258	.6793138	.1784604	0
1324.15	0	.1405568	.680576	.1788672	0
1323.15	0	.1388922	.6818349	.1792729	0
1322.15	0	.137232	.6830905	.1796775	0
1321.15	0	.1355762	.6843429	.1800809	0
1320.15	0	.1339248	.685592	.1804832	0
1319.15	0	.1322778	.6868378	.1808844	0
1318.15	0	.1306351	.6880804	.1812845	0
1317.15	0	.1289968	.6893198	.1816835	0
1316.15	0	.1273628	.6905559	.1820813	0
1315.15	0	.1257332	.6917887	.1824781	0
1314.15	0	.1241079	.6930183	.1828738	0
1313.15	0	.1224869	.6942447	.1832684	0
1312.15	0	.1208703	.6954678	.1836619	0
1311.15	0	.1192579	.6966878	.1840543	0
1310.15	0	.1176499	.6979044	.1844457	0
1309.15	0	.1160462	.6991179	.184836	0
1308.15	0	.1144467	.7003281	.1852252	0
1307.15	0	.1128515	.7015351	.1856134	0
1306.15	0	.1112606	.7027388	.1860005	0
1305.15	0	.109674	.7039394	.1863866	0
1304.15	0	.1080917	.7051367	.1867717	0
1303.15	0	.1065136	.7063308	.1871556	0
1302.15	0	.1049397	.7075217	.1875386	0
1301.15	0	.1033701	.7087094	.1879205	0
1300.15	0	.1018047	.7098938	.1883015	0
1299.15	0	.1002436	.7110751	.1886814	0
1298.15	0	.09868667	.7122531	.1890602	0
1297.15	0	.09713397	.7134279	.1894381	0
1296.15	0	.0955855	.7145995	.189815	0
1295.15	0	.09404123	.715768	.1901908	0
1294.15	0	.09250117	.7169332	.1905657	0
1293.15	0	.09096531	.7180951	.1909396	0
1292.15	0	.08943365	.7192539	.1913124	0
1291.15	0	.08790617	.7204095	.1916843	0
1290.15	0	.08638289	.7215619	.1920553	0
1289.15	0	.08486378	.722711	.1924252	0
1288.15	0	.08334885	.723857	.1927942	0
1287.15	0	.0818381	.7249997	.1931622	0
1286.15	0	.08033152	.7261392	.1935293	0
1285.15	0	.0788291	.7272755	.1938954	0
1284.15	0	.07733085	.7284087	.1942605	0
1283.15	0	.07583675	.7295386	.1946247	0
1282.15	0	.07434681	.7306653	.1949879	0
1281.15	0	.07286102	.7317887	.1953503	0
1280.15	0	.07137938	.732909	.1957116	0
1279.15	0	.06990189	.734026	.1960721	0
1278.15	0	.06842854	.7351399	.1964316	0
1277.15	0	.06695934	.7362505	.1967902	0
1276.15	0	.06549427	.7373579	.1971479	0
1275.15	0	.06403334	.738462	.1975046	0
1274.15	0	.06257654	.739563	.1978605	0
1273.15	0	.06112388	.7406607	.1982154	0
1272.15	0	.05967534	.7417552	.1985695	0
1271.15	0	.05823094	.7428465	.1989226	0
1270.15	0	.05679066	.7439345	.1992749	0
1269.15	0	.05535451	.7450193	.1996262	0
1268.15	0	.05392249	.7461008	.1999767	0
1267.15	0	.05249458	.7471791	.2003263	0
1266.15	0	.05107081	.7482542	.200675	0
1265.15	0	.04965115	.749326	.2010228	0
1264.15	0	.04823562	.7503946	.2013698	0
1263.15	0	.04682421	.7514599	.2017159	0
1262.15	0	.04541691	.752522	.2020611	0
1261.15	0	.04401375	.7535808	.2024055	0
1260.15	0	.0426147	.7546363	.202749	0
1259.15	0	.04121978	.7556885	.2030917	0
1258.15	0	.03982898	.7567375	.2034335	0
1257.15	0	.0384423	.7577832	.2037745	0
1256.15	0	.03705974	.7588256	.2041146	0
1255.15	0	.03568131	.7598648	.2044539	0
1254.15	0	.03430701	.7609006	.2047924	0
1253.15	0	.03293684	.7619332	.20513	0
1252.15	0	.03157079	.7629624	.2054668	0
1251.15	0	.03020888	.7639883	.2058028	0
1250.15	0	.0288511	.7650109	.206138	0
1249.15	0	.02749746	.7660302	.2064723	0
1248.15	0	.02614795	.7670462	.2068058	0
1247.15	0	.02480259	.7680588	.2071386	0
1246.15	0	.02346136	.7690681	.2074705	0
1245.15	0	.02212429	.7700741	.2078016	0
1244.15	0	.02079136	.7710767	.2081319	0
1243.15	0	.01946258	.772076	.2084615	0
1242.15	0	.01813796	.7730718	.2087902	0
1241.15	0	.0168175	.7740643	.2091182	0
1240.15	0	.01550121	.7750535	.2094453	0
1239.15	0	.01418908	.7760392	.2097717	0
1238.15	0	.01288112	.7770216	.2100973	0
1237.15	0	.01157733	.7780005	.2104222	0
1236.15	0	.01027773	.778976	.2107462	0
1235.15	0	.008982318	.7799482	.2110695	0
1234.15	0	.007691094	.7809169	.211392	0
1233.15	0	.006404066	.7818821	.2117138	0
1232.15	0	.00512124	.7828439	.2120348	0
1231.15	0	.003842621	.7838023	.2123551	0
1230.15	0	.002568216	.7847572	.2126746	0
1229.15	0	.00129803	.7857086	.2129934	0
1228.15	0	3.207065E-05	.7866566	.2133114	0
1228.125	0	0	.7866806	.2133194	0
1228.125	0	0	.7866806	.2133194	0
1227.15	0	0	.7864093	.2135907	0
1226.15	0	0	.7861313	.2138687	0
1225.15	0	0	.7858538	.2141462	0
1224.15	0	0	.7855767	.2144233	0
1223.15	0	0	.7853	.2147	0
1222.15	0	0	.7850237	.2149763	0
1221.15	0	0	.7847478	.2152522	0
1220.15	0	0	.7844723	.2155277	0
1219.15	0	0	.7841972	.2158028	0
1218.15	0	0	.7839225	.2160775	0
1217.15	0	0	.7836482	.2163518	0
1216.15	0	0	.7833743	.2166257	0
1215.15	0	0	.7831009	.2168991	0
1214.15	0	0	.7828278	.2171722	0
1213.15	0	0	.7825551	.2174449	0
1212.15	0	0	.7822828	.2177172	0
1211.15	0	0	.782011	.217989	0
1210.15	0	0	.7817395	.2182605	0
1209.15	0	0	.7814684	.2185316	0
1208.15	0	0	.7811977	.2188023	0
1207.15	0	0	.7809274	.2190726	0
1206.15	0	0	.7806576	.2193424	0
1205.15	0	0	.780388	.219612	0
1204.15	0	0	.7801189	.2198811	0
1203.15	0	0	.7798502	.2201498	0
1202.15	0	0	.7795819	.2204181	0
1201.15	0	0	.779314	.220686	0
1200.15	0	0	.7790465	.2209535	0
1199.15	0	0	.7787793	.2212207	0
1198.15	0	0	.7785126	.2214875	0
1197.15	0	0	.7782462	.2217538	0
1196.15	0	0	.7779802	.2220198	0
1195.15	0	0	.7777146	.2222854	0
1194.15	0	0	.7774494	.2225506	0
1193.15	0	0	.7771846	.2228154	0
1192.15	0	0	.7769201	.2230799	0
1191.15	0	0	.7766561	.2233439	0
1190.15	0	0	.7763924	.2236076	0
1189.15	0	0	.7761291	.2238709	0
1188.15	0	0	.7758662	.2241338	0
1187.15	0	0	.7756036	.2243964	0
1186.15	0	0	.7753415	.2246585	0
1185.15	0	0	.7750797	.2249203	0
1184.15	0	0	.7748183	.2251817	0
1183.15	0	0	.7745573	.2254427	0
1182.15	0	0	.7742967	.2257033	0
1181.15	0	0	.7740364	.2259636	0
1180.15	0	0	.7737765	.2262235	0
1179.15	0	0	.773517	.226483	0
1178.15	0	0	.7732579	.2267421	0
1177.15	0	0	.7729991	.2270009	0
1176.15	0	0	.7727407	.2272593	0
1175.15	0	0	.7724827	.2275173	0
1174.15	0	0	.7722251	.227775	0
1173.15	0	0	.7719678	.2280322	0
1172.15	0	0	.7717109	.2282891	0
1171.15	0	0	.7714543	.2285457	0
1170.15	0	0	.7711982	.2288018	0
1169.15	0	0	.7709424	.2290576	0
1168.15	0	0	.7706869	.2293131	0
1167.15	0	0	.7704319	.2295682	0
1166.15	0	0	.7701771	.2298229	0
1165.15	0	0	.7699228	.2300772	0
1164.15	0	0	.7696688	.2303312	0
1163.15	0	0	.7694152	.2305848	0
1162.15	0	0	.769162	.230838	0
1161.15	0	0	.7689091	.2310909	0
1160.15	0	0	.7686566	.2313434	0
1159.15	0	0	.7684044	.2315956	0
1158.15	0	0	.7681526	.2318474	0
1157.15	0	0	.7679012	.2320988	0
1156.15	0	0	.7676501	.2323499	0
1155.15	0	0	.7673994	.2326006	0
1154.15	0	0	.767149	.232851	0
1153.15	0	0	.766899	.233101	0
1152.15	0	0	.7666494	.2333506	0
1151.15	0	0	.7664001	.2335999	0
1150.15	0	0	.7661511	.2338489	0
1149.15	0	0	.7659026	.2340974	0
1148.15	0	0	.7656543	.2343457	0
1147.15	0	0	.7654065	.2345935	0
1146.15	0	0	.7651589	.2348411	0
1145.15	0	0	.7649118	.2350882	0
1144.15	0	0	.764665	.235335	0
1143.15	0	0	.7644185	.2355815	0
1142.15	0	0	.7641724	.2358276	0
1141.15	0	0	.7639266	.2360734	0
1140.15	0	0	.7636812	.2363188	0
1139.15	0	0	.7634361	.2365639	0
1138.15	0	0	.7631914	.2368086	0
1137.15	0	0	.762947	.237053	0
1136.15	0	0	.762703	.237297	0
1135.15	0	0	.7624593	.2375407	0
1134.15	0	0	.762216	.237784	0
1133.15	0	0	.761973	.238027	0
1132.15	0	0	.7617303	.2382697	0
1131.15	0	0	.761488	.238512	0
1130.15	0	0	.7612461	.2387539	0
1129.15	0	0	.7610045	.2389955	0
1128.15	0	0	.7607632	.2392368	0
1127.15	0	0	.7605223	.2394778	0
1126.15	0	0	.7602817	.2397183	0
1125.15	0	0	.7600414	.2399586	0
1124.15	0	0	.7598015	.2401985	0
1123.15	0	0	.7595619	.2404381	0
1122.15	0	0	.7593227	.2406773	0
1121.15	0	0	.7590838	.2409162	0
1120.15	0	0	.7588452	.2411548	0
1119.15	0	0	.758607	.241393	0
1118.15	0	0	.7583691	.2416309	0
1117.15	0	0	.7581316	.2418684	0
1116.15	0	0	.7578944	.2421056	0
1115.15	0	0	.7576575	.2423425	0
1114.15	0	0	.7574209	.2425791	0
1113.15	0	0	.7571847	.2428153	0
1112.15	0	0	.7569489	.2430512	0
1111.15	0	0	.7567133	.2432867	0
1110.15	0	0	.7564781	.2435219	0
1109.15	0	0	.7562432	.2437568	0
1108.15	0	0	.7560087	.2439913	0
1107.15	0	0	.7557744	.2442256	0
1106.15	0	0	.7555405	.2444595	0
1105.15	0	0	.755307	.244693	0
1104.15	0	0	.7550737	.2449263	0
1103.15	0	0	.7548408	.2451592	0
1102.15	0	0	.7546082	.2453918	0
1101.15	0	0	.754376	.245624	0
1100.15	0	0	.7541441	.2458559	0
1099.15	0	0	.7539125	.2460875	0
1098.15	0	0	.7536812	.2463188	0
1097.15	0	0	.7534503	.2465498	0
1096.15	0	0	.7532196	.2467804	0
1095.15	0	0	.7529893	.2470107	0
1094.15	0	0	.7527594	.2472406	0
1093.15	0	0	.7525297	.2474703	0
1092.15	0	0	.7523004	.2476996	0
1091.15	0	0	.7520714	.2479286	0
1090.15	0	0	.7518427	.2481573	0
1089.15	0	0	.7516143	.2483857	0
1088.15	0	0	.7513863	.2486137	0
1087.15	0	0	.7511585	.2488415	0
1086.15	0	0	.7509311	.2490689	0
1085.15	0	0	.7507041	.249296	0
1084.15	0	0	.7504773	.2495227	0
1083.15	0	0	.7502508	.2497492	0
1082.15	0	0	.7500247	.2499753	0
1081.15	0	0	.7497989	.2502011	0
1080.15	0	0	.7495734	.2504266	0
1079.15	0	0	.7493482	.2506518	0
1078.15	0	0	.7491234	.2508767	0
1077.15	0	0	.7488988	.2511012	0
1076.15	0	0	.7486746	.2513254	0
1075.15	0	0	.7484506	.2515494	0
1074.15	0	0	.748227	.251773	0
1073.15	0	0	.7480037	.2519963	0
1072.15	0	0	.7477808	.2522192	0
1071.15	0	0	.7475581	.2524419	0
1070.15	0	0	.7473357	.2526643	0
1069.15	0	0	.7471137	.2528863	0
1068.15	0	0	.746892	.253108	0
1067.15	0	0	.7466705	.2533295	0
1066.15	0	0	.7464494	.2535506	0
1065.15	0	0	.7462286	.2537714	0
1064.15	0	0	.7460081	.2539919	0
1063.15	0	0	.745788	.254212	0
1062.15	0	0	.7455681	.2544319	0
1061.15	0	0	.7453485	.2546515	0
1060.15	0	0	.7451293	.2548707	0
1059.15	0	0	.7449103	.2550897	0
1058.15	0	0	.7446917	.2553083	0
1057.15	0	0	.7444733	.2555267	0
1056.15	0	0	.7442553	.2557447	0
1055.15	0	0	.7440376	.2559624	0
1054.15	0	0	.7438202	.2561798	0
1053.15	0	0	.743603	.256397	0
1052.15	0	0	.7433862	.2566138	0
1051.15	0	0	.7431697	.2568303	0
1050.15	0	0	.7429535	.2570465	0
1049.15	0	0	.7427376	.2572624	0
1048.15	0	0	.742522	.257478	0
1047.15	0	0	.7423067	.2576933	0
1046.15	0	0	.7420918	.2579083	0
1045.15	0	0	.7418771	.2581229	0
1044.15	0	0	.7416627	.2583373	0
1043.15	0	0	.7414486	.2585514	0
1042.15	0	0	.7412348	.2587652	0
1041.15	0	0	.7410213	.2589787	0
1040.15	0	0	.7408081	.2591919	0
1039.15	0	0	.7405952	.2594048	0
1038.15	0	0	.7403827	.2596173	0
1037.15	0	0	.7401704	.2598296	0
1036.15	0	0	.7399584	.2600416	0
1035.15	0	0	.7397467	.2602533	0
1034.15	0	0	.7395353	.2604647	0
1033.15	0	0	.7393242	.2606758	0
1032.15	0	0	.7391134	.2608866	0
1031.15	0	0	.7389029	.2610971	0
1030.15	0	0	.7386927	.2613073	0
1029.15	0	0	.7384828	.2615172	0
1028.15	0	0	.7382732	.2617269	0
1027.15	0	0	.7380638	.2619362	0
1026.15	0	0	.7378548	.2621452	0
1025.15	0	0	.7376461	.2623539	0
1024.15	0	0	.7374376	.2625624	0
1023.15	0	0	.7372295	.2627705	0
1022.15	0	0	.7370216	.2629784	0
1021.15	0	0	.7368141	.2631859	0
1020.15	0	0	.7366068	.2633932	0
1019.15	0	0	.7363998	.2636002	0
1018.15	0	0	.7361932	.2638068	0
1017.15	0	0	.7359868	.2640132	0
1016.15	0	0	.7357807	.2642193	0
1015.15	0	0	.7355749	.2644251	0
1014.15	0	0	.7353694	.2646306	0
1013.15	0	0	.7351641	.2648359	0
1012.15	0	0	.7349592	.2650408	0
1011.15	0	0	.7347546	.2652455	0
1010.15	0	0	.7345502	.2654498	0
1009.15	0	0	.7343461	.2656539	0
1008.15	0	0	.7341424	.2658577	0
1007.15	0	0	.7339389	.2660611	0
1006.15	0	0	.7337357	.2662643	0
1005.15	0	0	.7335328	.2664672	0
1004.15	0	0	.7333301	.2666699	0
1003.15	0	0	.7331278	.2668722	0
1002.15	0	0	.7329258	.2670743	0
1001.15	0	0	.732724	.267276	0
1000.15	0	0	.7325225	.2674775	0
999.15	0	0	.7323213	.2676787	0
998.15	0	0	.7321204	.2678796	0
997.15	0	0	.7319198	.2680802	0
996.15	0	0	.7317195	.2682805	0
995.15	0	0	.7315194	.2684806	0
994.15	0	0	.7313197	.2686803	0
993.15	0	0	.7311202	.2688798	0
992.15	0	0	.730921	.269079	0
991.15	0	0	.7307221	.2692779	0
990.15	0	0	.7305235	.2694765	0
989.15	0	0	.7303251	.2696749	0
988.15	0	0	.7301271	.2698729	0
987.15	0	0	.7299293	.2700707	0
986.15	0	0	.7297318	.2702682	0
985.15	0	0	.7295346	.2704654	0
984.15	0	0	.7293377	.2706623	0
983.15	0	0	.729141	.270859	0
982.15	0	0	.7289447	.2710554	0
981.15	0	0	.7287486	.2712514	0
980.15	0	0	.7285528	.2714472	0
979.15	0	0	.7283573	.2716427	0
978.15	0	0	.728162	.271838	0
977.15	0	0	.7279671	.2720329	0
976.15	0	0	.7277724	.2722276	0
975.15	0	0	.727578	.272422	0
974.15	0	0	.7273839	.2726161	0
973.15	0	0	.72719	.27281	0
972.15	0	0	.7269965	.2730035	0
971.15	0	0	.7268032	.2731968	0
970.15	0	0	.7266102	.2733898	0
969.15	0	0	.7264175	.2735825	0
968.15	0	0	.7262251	.273775	0
967.15	0	0	.7260329	.2739671	0
966.15	0	0	.725841	.274159	0
965.15	0	0	.7256494	.2743506	0
964.15	0	0	.7254581	.2745419	0
963.15	0	0	.725267	.274733	0
962.15	0	0	.7250763	.2749237	0
961.15	0	0	.7248858	.2751142	0
960.15	0	0	.7246956	.2753045	0
959.15	0	0	.7245056	.2754944	0
958.15	0	0	.7243159	.2756841	0
957.15	0	0	.7241266	.2758734	0
956.15	0	0	.7239375	.2760625	0
955.15	0	0	.7237486	.2762514	0
954.15	0	0	.7235601	.2764399	0
953.15	0	0	.7233718	.2766282	0
952.15	0	0	.7231838	.2768162	0
951.15	0	0	.722996	.277004	0
950.15	0	0	.7228086	.2771914	0
949.15	0	0	.7226214	.2773786	0
948.15	0	0	.7224345	.2775655	0
947.15	0	0	.7222479	.2777521	0
946.15	0	0	.7220615	.2779385	0
945.15	0	0	.7218755	.2781245	0
944.15	0	0	.7216896	.2783104	0
943.15	0	0	.7215041	.2784959	0
942.15	0	0	.7213189	.2786811	0
941.15	0	0	.7211339	.2788661	0
940.15	0	0	.7209492	.2790508	0
939.15	0	0	.7207647	.2792353	0
938.15	0	0	.7205806	.2794194	0
937.15	0	0	.7203967	.2796033	0
936.15	0	0	.7202131	.2797869	0
935.15	0	0	.7200297	.2799703	0
934.15	0	0	.7198467	.2801533	0
933.15	0	0	.7196639	.2803361	0
932.5973	0	0	.719563	.2804371	0
932.5973	0	0	.719563	.2804371	0
932.5973	0	0	.719563	.2804371	0
932.15	0	.001156074	.7183615	.2804824	0
931.15	0	.003758118	.7156594	.2805824	0
930.15	0	.006384179	.7129353	.2806805	0
929.15	0	.009034275	.7101892	.2807765	0
928.15	0	.01172457	.7074057	.2808698	0
927.15	0	.01446055	.7045794	.2809601	0
926.15	0	.01723898	.7017135	.2810475	0
925.15	0	.02005684	.698811	.2811322	0
924.15	0	.02291127	.6958747	.281214	0
923.15	0	.02579958	.6929072	.2812932	0
922.15	0	.02871922	.689911	.2813698	0
921.15	0	.03166779	.6868885	.2814437	0
920.15	0	.03464298	.683842	.281515	0
919.15	0	.03764264	.6807736	.2815838	0
918.15	0	.04066469	.6776853	.28165	0
917.15	0	.04370717	.6745791	.2817138	0
916.15	0	.04676821	.6714567	.2817751	0
915.15	0	.04984601	.6683201	.2818339	0
914.15	0	.05293887	.6651708	.2818904	0
913.15	0	.05604516	.6620104	.2819444	0
912.15	0	.05916332	.6588406	.2819961	0
911.15	0	.06229186	.6556627	.2820455	0
910.15	0	.06542935	.6524781	.2820925	0
909.15	0	.06857441	.6492883	.2821373	0
908.15	0	.07172575	.6460945	.2821798	0
907.15	0	.07488208	.6428979	.28222	0
906.15	0	.07804222	.6396998	.282258	0
905.15	0	.08120499	.6365013	.2822937	0
904.15	0	.08436929	.6333034	.2823273	0
903.15	0	.08753403	.6301073	.2823587	0
902.15	0	.09069819	.6269139	.282388	0
901.15	0	.09386077	.6237242	.2824151	0
900.15	0	.09702083	.6205391	.28244	0
899.15	0	.1001774	.6173597	.2824629	0
898.15	0	.1033297	.6141866	.2824837	0
897.15	0	.1064768	.6110208	.2825024	0
896.15	0	.1096179	.607863	.2825191	0
895.15	0	.1127522	.6047141	.2825337	0
894.15	0	.115879	.6015747	.2825463	0
893.15	0	.1189975	.5984456	.2825569	0
892.15	0	.122107	.5953275	.2825655	0
891.15	0	.1252068	.592221	.2825722	0
890.15	0	.1282963	.5891268	.2825769	0
889.15	0	.1313748	.5860454	.2825797	0
888.15	0	.1344418	.5829775	.2825806	0
887.15	0	.1374967	.5799237	.2825797	0
886.15	0	.1405388	.5768844	.2825768	0
885.15	0	.1435677	.5738602	.2825721	0
884.15	0	.1465828	.5708516	.2825656	0
883.15	0	.1495836	.5678591	.2825572	0
882.15	0	.1525697	.5648832	.2825471	0
881.15	0	.1555406	.5619242	.2825352	0
880.15	0	.1584958	.5589826	.2825216	0
879.15	0	.161435	.5560588	.2825062	0
878.15	0	.1643576	.5531532	.2824892	0
877.15	0	.1672634	.5502661	.2824705	0
876.15	0	.1701519	.547398	.2824501	0
875.15	0	.1730229	.5445491	.282428	0
874.15	0	.1758759	.5417198	.2824044	0
873.15	0	.1787106	.5389103	.2823792	0
872.15	0	.1815267	.5361209	.2823524	0
871.15	0	.184324	.533352	.282324	0
870.15	0	.1871021	.5306037	.2822942	0
869.15	0	.1898609	.5278763	.2822629	0
868.15	0	.1926	.52517	.28223	0
867.15	0	.1953192	.5224851	.2821958	0
866.15	0	.1980183	.5198216	.2821601	0
865.15	0	.2006971	.5171799	.282123	0
864.15	0	.2033555	.51456	.2820846	0
863.15	0	.2059931	.5119621	.2820448	0
862.15	0	.20861	.5093864	.2820036	0
861.15	0	.2112059	.5068329	.2819612	0
860.15	0	.2137807	.5043018	.2819175	0
859.15	0	.2163343	.5017931	.2818726	0
858.15	0	.2188666	.499307	.2818264	0
857.15	0	.2213774	.4968436	.281779	0
856.15	0	.2238668	.4944028	.2817305	0
855.15	0	.2263345	.4919847	.2816808	0
854.15	0	.2287806	.4895894	.28163	0
853.15	0	.2312051	.4872169	.281578	0
852.15	0	.2336078	.4848672	.281525	0
851.15	0	.2359888	.4825402	.281471	0
850.15	0	.238348	.4802361	.2814159	0
849.15	0	.2406854	.4779547	.2813599	0
848.15	0	.2430011	.4756961	.2813028	0
847.15	0	.2452951	.4734602	.2812448	0
846.15	0	.2475673	.4712469	.2811858	0
845.15	0	.2498178	.4690562	.2811259	0
844.15	0	.2520467	.4668881	.2810652	0
843.15	0	.254254	.4647424	.2810036	0
842.15	0	.2564398	.4626191	.2809411	0
841.15	0	.2586042	.460518	.2808778	0
840.15	0	.2607471	.4584392	.2808137	0
839.15	0	.2628688	.4563824	.2807488	0
838.15	0	.2649693	.4543475	.2806832	0
837.15	0	.2670487	.4523345	.2806168	0
836.15	0	.269107	.4503432	.2805497	0
835.15	0	.2711445	.4483736	.2804819	0
834.15	0	.2731613	.4464253	.2804134	0
833.15	0	.2751574	.4444984	.2803443	0
832.15	0	.2771329	.4425926	.2802745	0
831.15	0	.2790882	.4407078	.2802041	0
830.15	0	.2810231	.4388438	.2801331	0
829.15	0	.282938	.4370005	.2800615	0
828.15	0	.2848329	.4351778	.2799893	0
827.15	0	.2867081	.4333754	.2799165	0
826.15	0	.2885636	.4315931	.2798433	0
825.15	0	.2903996	.4298309	.2797695	0
824.15	0	.2922164	.4280885	.2796951	0
823.15	0	.294014	.4263657	.2796203	0
822.15	0	.2957925	.4246624	.279545	0
821.15	0	.2975523	.4229784	.2794693	0
820.15	0	.2992935	.4213134	.2793931	0
819.15	0	.3010162	.4196674	.2793164	0
818.15	0	.3027206	.41804	.2792394	0
817.15	0	.3044069	.4164312	.2791619	0
816.15	0	.3060753	.4148406	.279084	0
815.15	0	.307726	.4132683	.2790058	0
814.15	0	.309359	.4117138	.2789272	0
813.15	0	.3109747	.4101771	.2788482	0
812.15	0	.3125732	.4086579	.2787688	0
811.15	0	.3141547	.4071561	.2786892	0
810.15	0	.3157194	.4056715	.2786092	0
809.15	0	.3172674	.4042038	.2785289	0
808.15	0	.3187989	.4027529	.2784482	0
807.15	0	.3203141	.4013185	.2783673	0
806.15	0	.3218133	.3999006	.2782861	0
805.15	0	.3232965	.3984988	.2782046	0
804.15	0	.324764	.3971131	.2781229	0
803.15	0	.3262159	.3957432	.2780409	0
802.15	0	.3276525	.3943889	.2779587	0
801.15	0	.3290739	.39305	.2778762	0
800.15	0	.3304802	.3917264	.2777935	0
799.15	0	.3318717	.3904178	.2777105	0
798.15	0	.3332485	.3891241	.2776274	0
797.15	0	.3346108	.3878452	.277544	0
796.15	0	.3359588	.3865807	.2774605	0
795.15	0	.3372927	.3853306	.2773767	0
794.15	0	.3386125	.3840947	.2772928	0
793.15	0	.3399186	.3828727	.2772087	0
792.15	0	.341211	.3816645	.2771245	0
791.15	0	.3424899	.38047	.27704	0
790.15	0	.3437555	.379289	.2769554	0
789.15	0	.345008	.3781213	.2768707	0
788.15	0	.3462474	.3769667	.2767859	0
787.15	0	.3474741	.3758251	.2767009	0
786.15	0	.348688	.3746963	.2766158	0
785.15	0	.3498894	.3735801	.2765305	0
784.15	0	.3510784	.3724764	.2764452	0
783.15	0	.3522552	.3713851	.2763597	0
782.15	0	.3534199	.3703059	.2762742	0
781.15	0	.3545727	.3692388	.2761885	0
780.15	0	.3557137	.3681835	.2761028	0
779.15	0	.3568431	.36714	.2760169	0
778.15	0	.357961	.366108	.275931	0
777.15	0	.3590675	.3650875	.2758451	0
776.15	0	.3601627	.3640783	.275759	0
775.15	0	.3612469	.3630802	.2756729	0
774.15	0	.3623202	.3620931	.2755868	0
773.15	0	.3633826	.3611169	.2755006	0
772.15	0	.3644343	.3601514	.2754143	0
771.15	0	.3654755	.3591965	.275328	0
770.15	0	.3665062	.3582521	.2752417	0
770.139	0	.3665174	.3582418	.2752407	0
770.139	0	.3665174	.3582418	.2752407	0
770.139	0	.3665174	.3582418	.2752407	0
769.15	0	.3700989	.3537295	.2739812	.002190412
768.15	0	.3736482	.3492476	.2727244	.004379699
767.15	0	.377127	.344845	.2714842	.006543881
766.15	0	.3805366	.3405199	.2702601	.008683369
765.15	0	.3838787	.3362707	.2690521	.01079856
764.15	0	.3871546	.3320958	.2678597	.01288985
763.15	0	.3903659	.3279937	.2666828	.01495761
762.15	0	.3935139	.3239629	.265521	.01700223
761.15	0	.3966	.3200018	.2643742	.01902406
760.15	0	.3996254	.3161091	.263242	.02102346
759.15	0	.4025916	.3122834	.2621243	.02300079
758.15	0	.4054996	.3085232	.2610207	.02495638
757.15	0	.4083509	.3048274	.2599311	.02689058
756.15	0	.4111465	.3011944	.2588553	.02880371
755.15	0	.4138877	.2976232	.257793	.03069609
754.15	0	.4165756	.2941124	.2567439	.03256805
753.15	0	.4192114	.2906609	.2557079	.03441989
752.15	0	.421796	.2872673	.2546848	.03625192
751.15	0	.4243306	.2839307	.2536743	.03806444
750.15	0	.4268163	.2806498	.2526762	.03985773
749.15	0	.4292541	.2774235	.2516904	.0416321
748.15	0	.4316449	.2742507	.2507166	.04338782
747.15	0	.4339897	.2711305	.2497546	.04512517
746.15	0	.4362896	.2680617	.2488043	.04684443
745.15	0	.4385454	.2650433	.2478655	.04854586
744.15	0	.4407581	.2620743	.2469379	.05022974
743.15	0	.4429285	.2591538	.2460214	.05189631
742.15	0	.4450576	.2562808	.2451158	.05354584
741.15	0	.4471462	.2534543	.2442209	.05517858
740.15	0	.4491952	.2506735	.2433366	.05679477
739.15	0	.4512053	.2479374	.2424626	.05839467
738.15	0	.4531775	.2452452	.2415989	.0599785
737.15	0	.4551124	.242596	.2407452	.06154651
736.15	0	.4570108	.2399889	.2399014	.06309892
735.15	0	.4588736	.2374232	.2390672	.06463597
734.15	0	.4607014	.234898	.2382427	.06615788
733.15	0	.4624951	.2324126	.2374275	.06766488
732.15	0	.4642552	.2299661	.2366216	.06915717
731.15	0	.4659825	.2275578	.2358247	.07063498
730.15	0	.4676777	.225187	.2350368	.07209852
729.15	0	.4693415	.2228529	.2342577	.07354799
728.15	0	.4709744	.2205548	.2334872	.0749836
727.15	0	.4725772	.218292	.2327253	.07640555
726.15	0	.4741505	.2160639	.2319717	.07781404
725.15	0	.4756948	.2138697	.2312263	.07920926
724.15	0	.4772108	.2117088	.230489	.08059142
723.15	0	.4786992	.2095805	.2297597	.08196068
722.15	0	.4801603	.2074843	.2290381	.08331726
721.15	0	.4815949	.2054195	.2283243	.08466132
720.15	0	.4830035	.2033854	.2276181	.08599305
719.15	0	.4843865	.2013816	.2269192	.08731262
718.15	0	.4857446	.1994074	.2262277	.08862022
717.15	0	.4870783	.1974623	.2255434	.08991601
716.15	0	.488388	.1955456	.2248662	.09120017
715.15	0	.4896743	.1936569	.224196	.09247286
714.15	0	.4909376	.1917956	.2235325	.09373424
713.15	0	.4921785	.1899612	.2228759	.09498449
712.15	0	.4933973	.1881532	.2222258	.09622375
711.15	0	.4945946	.186371	.2215822	.09745219
710.15	0	.4957707	.1846142	.2209451	.09866997
709.15	0	.4969262	.1828823	.2203143	.09987722
708.15	0	.4980614	.1811749	.2196896	.1010741
707.15	0	.4991768	.1794914	.219071	.1022608
706.15	0	.5002727	.1778314	.2184585	.1034374
705.15	0	.5013496	.1761945	.2178518	.1046041
704.15	0	.5024079	.1745802	.2172509	.1057609
703.15	0	.5034479	.1729882	.2166558	.1069082
702.15	0	.50447	.1714179	.2160663	.1080459
701.15	0	.5054746	.169869	.2154822	.1091742
700.15	0	.506462	.168341	.2149036	.1102933
699.15	0	.5074326	.1668337	.2143304	.1114033
698.15	0	.5083867	.1653466	.2137624	.1125043
697.15	0	.5093247	.1638793	.2131996	.1135964
696.15	0	.5102469	.1624315	.2126418	.1146798
695.15	0	.5111536	.1610028	.2120891	.1157545
694.15	0	.5120451	.1595928	.2115413	.1168208
693.15	0	.5129217	.1582012	.2109984	.1178787
692.15	0	.5137837	.1568277	.2104602	.1189284
691.15	0	.5146315	.1554719	.2099267	.1199698
690.15	0	.5154653	.1541336	.2093978	.1210033
689.15	0	.5162853	.1528123	.2088735	.1220288
688.15	0	.5170919	.1515078	.2083537	.1230466
687.15	0	.5178853	.1502198	.2078382	.1240566
686.15	0	.5186658	.148948	.2073271	.125059
685.15	0	.5194337	.1476921	.2068203	.1260539
684.15	0	.5201892	.1464517	.2063176	.1270415
683.15	0	.5209325	.1452267	.2058191	.1280217
682.15	0	.5216638	.1440167	.2053247	.1289948
681.15	0	.5223835	.1428215	.2048342	.1299608
680.15	0	.5230918	.1416407	.2043478	.1309197
679.15	0	.5237888	.1404743	.2038651	.1318718
678.15	0	.5244748	.1393218	.2033864	.1328171
677.15	0	.52515	.1381831	.2029113	.1337556
676.15	0	.5258146	.1370578	.20244	.1346876
675.15	0	.5264688	.1359459	.2019724	.135613
674.15	0	.5271129	.1348469	.2015083	.1365319
673.15	0	.527747	.1337608	.2010477	.1374445
672.15	0	.5283713	.1326872	.2005907	.1383508
671.15	0	.528986	.131626	.2001371	.1392509
670.15	0	.5295914	.1305769	.1996869	.1401449
669.15	0	.5301874	.1295397	.19924	.1410329
668.15	0	.5307745	.1285142	.1987963	.141915
667.15	0	.5313526	.1275003	.198356	.1427911
666.15	0	.5319221	.1264977	.1979187	.1436615
665.15	0	.532483	.1255062	.1974847	.1445262
664.15	0	.5330356	.1245256	.1970537	.1453852
663.15	0	.5335799	.1235557	.1966258	.1462386
662.15	0	.5341176	.122595	.1962002	.1470873
661.15	0	.5346457	.1216463	.1957783	.1479297
660.15	0	.5351662	.1207077	.1953593	.1487668
659.15	0	.535679	.1197791	.1949432	.1495987
658.15	0	.5361844	.1188604	.1945299	.1504254
657.15	0	.5366825	.1179513	.1941194	.1512469
656.15	0	.5371734	.1170517	.1937116	.1520633
655.15	0	.5376572	.1161615	.1933065	.1528748
654.15	0	.5381342	.1152804	.1929041	.1536813
653.15	0	.5386044	.1144084	.1925043	.1544829
652.15	0	.5390679	.1135453	.1921071	.1552797
651.15	0	.5395249	.1126909	.1917125	.1560717
650.15	0	.5399755	.1118451	.1913204	.1568591
649.15	0	.5404198	.1110077	.1909308	.1576418
648.15	0	.5408578	.1101786	.1905436	.15842
647.15	0	.5412899	.1093577	.1901588	.1591936
646.15	0	.541716	.1085448	.1897764	.1599628
645.15	0	.5421362	.1077398	.1893964	.1607275
644.15	0	.5425507	.1069426	.1890187	.161488
643.15	0	.5429596	.1061531	.1886433	.1622441
642.15	0	.543363	.105371	.1882701	.162996
641.15	0	.5437609	.1045963	.1878991	.1637437
640.15	0	.5441535	.103829	.1875304	.1644872
639.15	0	.5445408	.1030687	.1871638	.1652267
638.15	0	.5449231	.1023155	.1867993	.1659621
637.15	0	.5453002	.1015692	.186437	.1666936
636.15	0	.5456725	.1008297	.1860767	.1674211
635.15	0	.5460398	.1000969	.1857185	.1681447
634.15	0	.5464024	.09937072	.1853623	.1688645
633.15	0	.5467603	.098651	.1850081	.1695806
632.15	0	.5471136	.09793765	.1846559	.1702928
631.15	0	.5474624	.09723058	.1843056	.1710014
630.15	0	.5478068	.09652968	.1839573	.1717063
629.15	0	.5481467	.09583485	.1836108	.1724076
628.15	0	.5484824	.095146	.1832662	.1731053
627.15	0	.5488139	.09446302	.1829235	.1737996
626.15	0	.5491413	.09378583	.1825826	.1744903
625.15	0	.5494646	.09311434	.1822435	.1751776
624.15	0	.5497839	.09244844	.1819061	.1758615
623.15	0	.5500993	.09178806	.1815705	.1765421
622.15	0	.5504109	.09113311	.1812367	.1772193
621.15	0	.5507187	.09048349	.1809045	.1778933
620.15	0	.5510228	.08983913	.1805741	.178564
619.15	0	.5513232	.08919994	.1802453	.1792315
618.15	0	.5516201	.08856584	.1799182	.1798959
617.15	0	.5519134	.08793674	.1795927	.1805572
616.15	0	.5522033	.08731258	.1792688	.1812153
615.15	0	.5524898	.08669327	.1789465	.1818704
614.15	0	.552773	.08607874	.1786257	.1825226
613.15	0	.5530529	.08546891	.1783065	.1831717
612.15	0	.5533296	.08486371	.1779889	.1838179
611.15	0	.5536031	.08426306	.1776727	.1844612
610.15	0	.5538735	.0836669	.1773581	.1851016
609.15	0	.5541409	.08307515	.1770449	.1857391
608.15	0	.5544052	.08248775	.1767332	.1863739
607.15	0	.5546666	.08190462	.1764229	.1870059
606.15	0	.5549252	.08132571	.176114	.1876351
605.15	0	.5551809	.08075094	.1758066	.1882617
604.15	0	.5554337	.08018026	.1755005	.1888855
603.15	0	.5556839	.07961359	.1751958	.1895067
602.15	0	.5559313	.07905089	.1748925	.1901253
601.15	0	.5561761	.07849208	.1745905	.1907413
600.15	0	.5564183	.0779371	.1742898	.1913547
599.15	0	.5566579	.0773859	.1739905	.1919656
598.15	0	.5568951	.07683843	.1736925	.192574
597.15	0	.5571297	.07629461	.1733957	.19318
596.15	0	.5573619	.0757544	.1731002	.1937835
595.15	0	.5575918	.07521774	.172806	.1943845
594.15	0	.5578192	.07468457	.172513	.1949832
593.15	0	.5580444	.07415485	.1722212	.1955795
592.15	0	.5582673	.07362852	.1719307	.1961735
591.15	0	.558488	.07310552	.1716413	.1967652
590.15	0	.5587065	.07258582	.1713532	.1973545
589.15	0	.5589228	.07206935	.1710662	.1979416
588.15	0	.5591371	.07155607	.1707804	.1985265
587.15	0	.5593492	.07104593	.1704957	.1991092
586.15	0	.5595593	.07053888	.1702122	.1996897
585.15	0	.5597674	.07003487	.1699298	.200268
584.15	0	.5599735	.06953387	.1696485	.2008441
583.15	0	.5601777	.06903582	.1693683	.2014182
582.15	0	.56038	.06854067	.1690892	.2019902
581.15	0	.5605804	.06804839	.1688111	.2025601
580.15	0	.560779	.06755893	.1685342	.2031279
579.15	0	.5609757	.06707225	.1682583	.2036937
578.15	0	.5611707	.06658831	.1679834	.2042576
577.15	0	.5613639	.06610706	.1677096	.2048194
576.15	0	.5615554	.06562847	.1674368	.2053793
575.15	0	.5617453	.06515249	.1671651	.2059372
574.15	0	.5619334	.06467909	.1668943	.2064932
573.15	0	.5621199	.06420822	.1666245	.2070473
572.15	0	.5623049	.06373985	.1663557	.2075996
571.15	0	.5624882	.06327394	.1660879	.20815
570.15	0	.56267	.06281045	.1658211	.2086985
569.15	0	.5628503	.06234935	.1655552	.2092452
568.15	0	.5630291	.0618906	.1652902	.2097901
567.15	0	.5632064	.06143416	.1650262	.2103333
566.15	0	.5633822	.06098001	.1647632	.2108746
565.15	0	.5635567	.06052809	.164501	.2114143
564.15	0	.5637297	.0600784	.1642398	.2119522
563.15	0	.5639013	.05963087	.1639794	.2124884
562.15	0	.5640717	.0591855	.16372	.2130229
561.15	0	.5642407	.05874224	.1634614	.2135557
560.15	0	.5644083	.05830105	.1632038	.2140869
559.15	0	.5645747	.05786192	.1629469	.2146164
558.15	0	.5647399	.05742481	.162691	.2151443
557.15	0	.5649038	.05698968	.1624359	.2156706
556.15	0	.5650665	.05655652	.1621817	.2161953
555.15	0	.565228	.05612528	.1619283	.2167185
554.15	0	.5653883	.05569594	.1616757	.2172401
553.15	0	.5655475	.05526847	.161424	.2177601
552.15	0	.5657055	.05484284	.161173	.2182786
551.15	0	.5658624	.05441902	.1609229	.2187957
550.15	0	.5660182	.05399699	.1606736	.2193112
549.15	0	.566173	.05357672	.1604251	.2198252
548.15	0	.5663266	.05315819	.1601774	.2203378
547.15	0	.5664793	.05274135	.1599304	.2208489
546.15	0	.5666309	.0523262	.1596843	.2213586
545.15	0	.5667815	.0519127	.1594389	.2218669
544.15	0	.5669312	.05150083	.1591942	.2223738
543.15	0	.5670798	.05109057	.1589504	.2228792
542.15	0	.5672276	.05068188	.1587073	.2233833
541.15	0	.5673743	.05027475	.1584649	.2238861
540.15	0	.5675202	.04986914	.1582232	.2243874
539.15	0	.5676652	.04946504	.1579823	.2248875
538.15	0	.5678092	.04906243	.1577421	.2253862
537.15	0	.5679524	.04866128	.1575027	.2258836
536.15	0	.5680948	.04826156	.1572639	.2263797
535.15	0	.5682363	.04786327	.1570259	.2268745
534.15	0	.568377	.04746636	.1567886	.2273681
533.15	0	.5685169	.04707083	.1565519	.2278604
532.15	0	.568656	.04667664	.156316	.2283514
531.15	0	.5687943	.04628379	.1560808	.2288412
530.15	0	.5689318	.04589224	.1558462	.2293298
529.15	0	.5690686	.04550198	.1556123	.2298172
528.15	0	.5692046	.04511298	.1553791	.2303033
527.15	0	.5693399	.04472523	.1551465	.2307883
526.15	0	.5694745	.04433871	.1549147	.2312721
525.15	0	.5696084	.0439534	.1546834	.2317547
524.15	0	.5697417	.04356927	.1544529	.2322362
523.15	0	.5698742	.04318632	.1542229	.2327166
522.15	0	.5700061	.04280451	.1539936	.2331958
521.15	0	.5701373	.04242383	.153765	.2336738
520.15	0	.5702679	.04204427	.153537	.2341508
519.15	0	.5703979	.0416658	.1533096	.2346267
518.15	0	.5705273	.04128841	.1530828	.2351015
517.15	0	.5706561	.04091208	.1528567	.2355752
516.15	0	.5707842	.04053679	.1526312	.2360478
515.15	0	.5709118	.04016252	.1524062	.2365194
514.15	0	.5710389	.03978926	.152182	.2369899
513.15	0	.5711653	.039417	.1519582	.2374594
512.15	0	.5712913	.0390457	.1517352	.2379279
511.15	0	.5714167	.03867537	.1515126	.2383953
510.15	0	.5715415	.03830597	.1512907	.2388618
509.15	0	.5716659	.0379375	.1510694	.2393272
508.15	0	.5717897	.03756995	.1508487	.2397917
507.15	0	.5719131	.03720328	.1506285	.2402551
506.15	0	.572036	.0368375	.1504089	.2407176
505.15	0	.5721584	.03647258	.1501899	.2411792
504.15	0	.5722803	.03610851	.1499714	.2416397
503.15	0	.5724018	.03574527	.1497536	.2420994
502.15	0	.5725229	.03538285	.1495362	.2425581
501.15	0	.5726435	.03502124	.1493195	.2430158
500.15	0	.5727636	.03466041	.1491033	.2434727
499.15	0	.5728834	.03430037	.1488876	.2439286
498.15	0	.5730028	.03394108	.1486725	.2443837
497.15	0	.5731217	.03358255	.1484579	.2448378
496.15	0	.5732403	.03322475	.1482439	.2452911
495.15	0	.5733584	.03286767	.1480304	.2457435
494.15	0	.5734762	.0325113	.1478174	.246195
493.15	0	.5735937	.03215563	.147605	.2466457
492.15	0	.5737108	.03180063	.1473931	.2470955
491.15	0	.5738275	.03144631	.1471818	.2475445
490.15	0	.5739439	.03109266	.1469709	.2479926
489.15	0	.5740599	.03073964	.1467605	.2484399
488.15	0	.5741756	.03038726	.1465507	.2488864
487.15	0	.5742911	.03003549	.1463414	.249332
486.15	0	.5744061	.02968433	.1461326	.2497769
485.15	0	.5745209	.02933376	.1459243	.250221
484.15	0	.5746354	.02898378	.1457166	.2506642
483.15	0	.5747496	.02863437	.1455093	.2511068
482.15	0	.5748635	.02828552	.1453025	.2515485
481.15	0	.5749772	.02793722	.1450962	.2519894
480.15	0	.5750905	.02758946	.1448904	.2524296
479.15	0	.5752037	.02724223	.1446851	.252869
478.15	0	.5753165	.02689551	.1444803	.2533077
477.15	0	.5754291	.0265493	.1442759	.2537457
476.15	0	.5755415	.02620358	.1440721	.2541829
475.15	0	.5756536	.02585834	.1438687	.2546194
474.15	0	.5757655	.02551358	.1436658	.2550551
473.15	0	.5758772	.02516928	.1434634	.2554902
472.15	0	.5759886	.02482543	.1432614	.2559245
471.15	0	.5760999	.02448203	.1430599	.2563582
470.15	0	.5762109	.02413906	.1428589	.2567911
469.15	0	.5763217	.02379651	.1426584	.2572234
468.15	0	.5764324	.02345437	.1424583	.2576549
467.15	0	.5765428	.02311264	.1422587	.2580858
466.15	0	.5766531	.0227713	.1420595	.2585161
465.15	0	.5767632	.02243034	.1418608	.2589456
464.15	0	.5768732	.02208976	.1416625	.2593745
463.15	0	.5769829	.02174954	.1414647	.2598028
462.15	0	.5770925	.02140968	.1412674	.2602304
461.15	0	.577202	.02107017	.1410705	.2606574
460.15	0	.5773113	.02073099	.140874	.2610837
459.15	0	.5774204	.02039214	.140678	.2615095
458.15	0	.5775295	.02005362	.1404824	.2619345
457.15	0	.5776383	.0197154	.1402872	.262359
