T	 BPW(LIQUID)	BPW(BCC_A2)	BPW(FCC_A1)	BPW(LAVES_PHASE_C14)	BPW(NI3TI)
1473.15	.4983546	.5016454	0	0	0
1472.15	.4943784	.5056216	0	0	0
1471.15	.4904287	.5095713	0	0	0
1470.929	.4895587	.5104413	0	0	0
1470.929	.4895587	.5104413	0	0	0
1470.929	.4895587	.5104413	0	0	0
1470.15	.4837253	.5143204	0	.001954297	0
1469.15	.476357	.5192158	0	.004427222	0
1468.15	.469122	.5240177	0	.006860319	0
1467.15	.4620169	.5287285	0	.009254669	0
1466.15	.4550382	.5333505	0	.01161132	0
1465.15	.4481827	.5378861	0	.01393127	0
1464.15	.4414472	.5423373	0	.01621549	0
1463.15	.4348286	.5467065	0	.01846494	0
1462.15	.428324	.5509955	0	.02068052	0
1461.15	.4219304	.5552065	0	.0228631	0
1460.15	.4156452	.5593413	0	.02501353	0
1459.15	.4094655	.5634018	0	.02713265	0
1458.15	.4033889	.5673899	0	.02922124	0
1457.15	.3974127	.5713073	0	.03128006	0
1456.15	.3915346	.5751556	0	.03330988	0
1455.15	.3857521	.5789365	0	.0353114	0
1454.15	.380063	.5826517	0	.03728532	0
1453.15	.374465	.5863027	0	.03923232	0
1452.15	.3689561	.5898909	0	.04115306	0
1451.15	.363534	.5934178	0	.04304816	0
1450.15	.3581969	.5968849	0	.04491825	0
1449.15	.3529426	.6002935	0	.04676391	0
1448.15	.3477693	.6036449	0	.04858573	0
1447.15	.3426752	.6069405	0	.05038427	0
1446.15	.3376585	.6101815	0	.05216007	0
1445.15	.3327173	.613369	0	.05391365	0
1444.15	.3278501	.6165044	0	.05564554	0
1443.15	.3230551	.6195887	0	.05735621	0
1442.15	.3183308	.622623	0	.05904617	0
1441.15	.3136757	.6256085	0	.06071587	0
1440.15	.3090881	.6285462	0	.06236577	0
1439.15	.3045666	.6314371	0	.0639963	0
1438.15	.3001099	.6342822	0	.06560791	0
1437.15	.2957165	.6370825	0	.06720101	0
1436.15	.2913851	.6398389	0	.06877599	0
1435.15	.2871144	.6425524	0	.07033325	0
1434.15	.282903	.6452238	0	.07187319	0
1433.15	.2787497	.6478541	0	.07339616	0
1432.15	.2746535	.650444	0	.07490253	0
1431.15	.2706129	.6529944	0	.07639265	0
1430.15	.266627	.6555061	0	.07786687	0
1429.15	.2626946	.6579799	0	.07932551	0
1428.15	.2588146	.6604165	0	.0807689	0
1427.15	.2549859	.6628167	0	.08219736	0
1426.15	.2512076	.6651812	0	.08361119	0
1425.15	.2474786	.6675107	0	.08501069	0
1424.15	.2437979	.6698059	0	.08639616	0
1423.15	.2401646	.6720675	0	.08776787	0
1422.15	.2365778	.6742961	0	.0891261	0
1421.15	.2330365	.6764924	0	.09047113	0
1420.15	.2295399	.6786569	0	.0918032	0
1419.15	.2260871	.6807903	0	.09312259	0
1418.15	.2226772	.6828932	0	.09442953	0
1417.15	.2193096	.6849662	0	.09572427	0
1416.15	.2159832	.6870098	0	.09700704	0
1415.15	.2126974	.6890245	0	.09827808	0
1414.15	.2094514	.691011	0	.09953762	0
1413.15	.2062445	.6929696	0	.1007859	0
1412.15	.2030759	.6949011	0	.102023	0
1411.15	.199945	.6968057	0	.1032493	0
1410.15	.1968509	.6986841	0	.104465	0
1409.15	.1937932	.7005367	0	.1056701	0
1408.15	.190771	.702364	0	.106865	0
1407.15	.1877838	.7041664	0	.1080498	0
1406.15	.1848309	.7059443	0	.1092247	0
1405.15	.1819118	.7076983	0	.1103899	0
1404.15	.1790257	.7094287	0	.1115456	0
1403.15	.1761722	.7111359	0	.1126919	0
1402.15	.1733506	.7128204	0	.1138289	0
1401.15	.1705604	.7144826	0	.114957	0
1400.15	.1678011	.7161228	0	.1160761	0
1399.15	.1650721	.7177414	0	.1171866	0
1398.15	.1623728	.7193388	0	.1182885	0
1397.15	.1597028	.7209153	0	.1193819	0
1396.15	.1570616	.7224713	0	.1204671	0
1395.15	.1544487	.7240072	0	.1215441	0
1394.15	.1518635	.7255233	0	.1226132	0
1393.15	.1493057	.7270199	0	.1236744	0
1392.15	.1467748	.7284974	0	.1247278	0
1391.15	.1442702	.7299561	0	.1257737	0
1390.15	.1417917	.7313962	0	.1268121	0
1389.15	.1393387	.7328181	0	.1278432	0
1388.15	.1369108	.7342221	0	.1288671	0
1387.15	.1345077	.7356085	0	.1298838	0
1386.15	.1321288	.7369776	0	.1308936	0
1385.15	.1297739	.7383296	0	.1318965	0
1384.15	.1274425	.7396648	0	.1328927	0
1383.15	.1251343	.7409835	0	.1338822	0
1382.15	.1228488	.742286	0	.1348651	0
1381.15	.1205858	.7435726	0	.1358417	0
1380.15	.1183448	.7448433	0	.1368119	0
1379.15	.1161255	.7460987	0	.1377758	0
1378.15	.1139276	.7473387	0	.1387337	0
1377.15	.1117507	.7485638	0	.1396854	0
1376.15	.1095945	.7497742	0	.1406313	0
1375.15	.1074587	.75097	0	.1415713	0
1374.15	.105343	.7521515	0	.1425055	0
1373.15	.103247	.7533189	0	.1434341	0
1372.15	.1011705	.7544724	0	.1443571	0
1371.15	.0991131	.7556123	0	.1452746	0
1370.15	.09707458	.7567388	0	.1461867	0
1369.15	.09505464	.757852	0	.1470934	0
1368.15	.09305299	.7589522	0	.1479949	0
1367.15	.09106936	.7600395	0	.1488912	0
1366.15	.08910347	.7611142	0	.1497824	0
1365.15	.08715507	.7621764	0	.1506685	0
1364.15	.08522389	.7632263	0	.1515498	0
1363.15	.08330968	.7642642	0	.1524261	0
1362.15	.08141218	.7652902	0	.1532977	0
1361.15	.07953116	.7663044	0	.1541645	0
1360.15	.07766637	.767307	0	.1550266	0
1359.15	.07581757	.7682983	0	.1558841	0
1358.15	.07398454	.7692783	0	.1567372	0
1357.15	.07216703	.7702473	0	.1575857	0
1356.15	.07036484	.7712054	0	.1584298	0
1355.15	.06857773	.7721527	0	.1592696	0
1354.15	.0668055	.7730894	0	.1601051	0
1353.15	.06504793	.7740157	0	.1609363	0
1352.15	.06330481	.7749318	0	.1617634	0
1351.15	.06157594	.7758376	0	.1625864	0
1350.15	.05986112	.7767335	0	.1634054	0
1349.15	.05816015	.7776195	0	.1642203	0
1348.15	.05647283	.7784958	0	.1650313	0
1347.15	.05479898	.7793626	0	.1658384	0
1346.15	.05313841	.7802199	0	.1666417	0
1345.15	.05149093	.7810679	0	.1674412	0
1344.15	.04985637	.7819067	0	.168237	0
1343.15	.04823454	.7827364	0	.169029	0
1342.15	.04662528	.7835572	0	.1698175	0
1341.15	.0450284	.7843693	0	.1706023	0
1340.15	.04344375	.7851726	0	.1713836	0
1339.15	.04187115	.7859674	0	.1721615	0
1338.15	.04031045	.7867537	0	.1729358	0
1337.15	.03876148	.7875317	0	.1737068	0
1336.15	.03722408	.7883015	0	.1744744	0
1335.15	.0356981	.7890632	0	.1752387	0
1334.15	.03418339	.7898169	0	.1759997	0
1333.15	.03267979	.7905627	0	.1767575	0
1332.15	.03118717	.7913007	0	.1775121	0
1331.15	.02970537	.7920311	0	.1782635	0
1330.15	.02823425	.7927539	0	.1790119	0
1329.15	.02677368	.7934692	0	.1797571	0
1328.15	.02532351	.7941772	0	.1804993	0
1327.15	.0238836	.7948778	0	.1812385	0
1326.15	.02245384	.7955714	0	.1819748	0
1325.15	.02103407	.7962578	0	.1827082	0
1324.15	.01962418	.7969372	0	.1834386	0
1323.15	.01822403	.7976098	0	.1841662	0
1322.15	.0168335	.7982755	0	.184891	0
1321.15	.01545247	.7989345	0	.185613	0
1320.15	.01408082	.799587	0	.1863322	0
1319.15	.01271843	.8002328	0	.1870488	0
1318.15	.01136517	.8008722	0	.1877626	0
1317.15	.01002093	.8015053	0	.1884738	0
1316.15	.008685606	.802132	0	.1891824	0
1315.15	.007359076	.8027526	0	.1898883	0
1314.15	.006041231	.803367	0	.1905918	0
1313.15	.004731962	.8039754	0	.1912926	0
1312.15	.003431163	.8045778	0	.191991	0
1311.15	.002138728	.8051743	0	.1926869	0
1310.15	8.545517E-04	.805765	0	.1933804	0
1309.481	0	.806157	0	.193843	0
1309.481	0	.806157	0	.193843	0
1309.15	0	.8059826	0	.1940174	0
1308.15	0	.8054564	0	.1945436	0
1307.15	0	.8049314	0	.1950687	0
1306.15	0	.8044074	0	.1955926	0
1305.15	0	.8038846	0	.1961154	0
1304.15	0	.8033629	0	.1966371	0
1303.15	0	.8028424	0	.1971576	0
1302.15	0	.8023229	0	.1976771	0
1301.15	0	.8018045	0	.1981955	0
1300.15	0	.8012873	0	.1987127	0
1299.15	0	.8007711	0	.1992289	0
1298.15	0	.8002561	0	.1997439	0
1297.15	0	.7997422	0	.2002578	0
1296.15	0	.7992293	0	.2007707	0
1295.15	0	.7987175	0	.2012825	0
1294.15	0	.7982069	0	.2017932	0
1293.15	0	.7976973	0	.2023028	0
1292.15	0	.7971887	0	.2028113	0
1291.15	0	.7966813	0	.2033187	0
1290.15	0	.7961749	0	.2038251	0
1289.15	0	.7956696	0	.2043304	0
1288.15	0	.7951654	0	.2048346	0
1287.15	0	.7946622	0	.2053378	0
1286.15	0	.7941601	0	.2058399	0
1285.15	0	.7936591	0	.2063409	0
1284.15	0	.7931591	0	.2068409	0
1283.15	0	.7926601	0	.2073399	0
1282.15	0	.7921622	0	.2078378	0
1281.15	0	.7916654	0	.2083346	0
1280.15	0	.7911696	0	.2088304	0
1279.15	0	.7906748	0	.2093252	0
1278.15	0	.7901811	0	.209819	0
1277.15	0	.7896884	0	.2103117	0
1276.15	0	.7891967	0	.2108033	0
1275.15	0	.788706	0	.211294	0
1274.15	0	.7882164	0	.2117836	0
1273.15	0	.7877278	0	.2122722	0
1272.15	0	.7872402	0	.2127598	0
1271.15	0	.7867537	0	.2132463	0
1270.15	0	.7862681	0	.2137319	0
1269.15	0	.7857836	0	.2142164	0
1268.15	0	.7853	0	.2147	0
1267.15	0	.7848175	0	.2151825	0
1266.15	0	.784336	0	.215664	0
1265.15	0	.7838554	0	.2161446	0
1264.15	0	.7833759	0	.2166241	0
1263.15	0	.7828973	0	.2171027	0
1262.15	0	.7824198	0	.2175802	0
1261.15	0	.7819432	0	.2180568	0
1260.15	0	.7814676	0	.2185324	0
1259.15	0	.780993	0	.219007	0
1258.15	0	.7805194	0	.2194806	0
1257.15	0	.7800467	0	.2199533	0
1256.15	0	.779575	0	.220425	0
1255.15	0	.7791043	0	.2208957	0
1254.15	0	.7786346	0	.2213654	0
1253.15	0	.7781658	0	.2218342	0
1252.15	0	.777698	0	.222302	0
1251.15	0	.7772311	0	.2227689	0
1250.15	0	.7767652	0	.2232348	0
1249.15	0	.7763003	0	.2236997	0
1248.15	0	.7758363	0	.2241637	0
1247.15	0	.7753732	0	.2246268	0
1246.15	0	.7749111	0	.2250889	0
1245.15	0	.77445	0	.22555	0
1244.15	0	.7739898	0	.2260102	0
1243.15	0	.7735305	0	.2264695	0
1242.15	0	.7730721	0	.2269279	0
1241.15	0	.7726147	0	.2273853	0
1240.15	0	.7721583	0	.2278417	0
1239.15	0	.7717027	0	.2282973	0
1238.15	0	.7712481	0	.2287519	0
1237.15	0	.7707944	0	.2292056	0
1236.15	0	.7703416	0	.2296584	0
1235.15	0	.7698897	0	.2301103	0
1234.15	0	.7694388	0	.2305612	0
1233.15	0	.7689887	0	.2310113	0
1232.847	0	.7688526	0	.2311474	0
1232.847	0	.7688526	0	.2311474	0
1232.847	0	.7688526	0	.2311474	0
1232.15	0	.7680061	5.580273E-04	.2314359	0
1231.15	0	.7667945	.001356653	.2318489	0
1230.15	0	.7655862	.00215306	.2322608	0
1229.15	0	.7643812	.002947253	.2326716	0
1228.15	0	.7631794	.003739236	.2330813	0
1227.15	0	.761981	.004529013	.23349	0
1226.15	0	.7607858	.005316587	.2338976	0
1225.15	0	.7595938	.006101964	.2343042	0
1224.15	0	.7584051	.006885147	.2347097	0
1223.15	0	.7572197	.007666139	.2351142	0
1222.15	0	.7560374	.008444945	.2355176	0
1221.15	0	.7548584	.009221569	.23592	0
1220.15	0	.7536826	.009996014	.2363214	0
1219.15	0	.75251	.01076829	.2367217	0
1218.15	0	.7513406	.01153838	.237121	0
1217.15	0	.7501744	.01230632	.2375193	0
1216.15	0	.7490114	.01307209	.2379165	0
1215.15	0	.7478516	.0138357	.2383127	0
1214.15	0	.7466949	.01459715	.238708	0
1213.15	0	.7455414	.01535646	.2391022	0
1212.15	0	.744391	.01611361	.2394954	0
1211.15	0	.7432438	.01686862	.2398875	0
1210.15	0	.7420998	.01762149	.2402787	0
1209.15	0	.7409589	.01837222	.2406689	0
1208.15	0	.7398211	.01912081	.2410581	0
1207.15	0	.7386864	.01986728	.2414463	0
1206.15	0	.7375549	.02061161	.2418335	0
1205.15	0	.7364264	.02135383	.2422198	0
1204.15	0	.7353011	.02209392	.242605	0
1203.15	0	.7341788	.0228319	.2429893	0
1202.15	0	.7330597	.02356776	.2433726	0
1201.15	0	.7319436	.02430151	.2437549	0
1200.15	0	.7308306	.02503316	.2441363	0
1199.15	0	.7297206	.0257627	.2445167	0
1198.15	0	.7286138	.02649014	.2448961	0
1197.15	0	.7275099	.02721548	.2452746	0
1196.15	0	.7264092	.02793873	.2456521	0
1195.15	0	.7253114	.02865989	.2460287	0
1194.15	0	.7242168	.02937896	.2464043	0
1193.15	0	.7231251	.03009594	.246779	0
1192.15	0	.7220365	.03081085	.2471527	0
1191.15	0	.7209508	.03152368	.2475255	0
1190.15	0	.7198682	.03223442	.2478974	0
1189.15	0	.7187886	.0329431	.2482683	0
1188.15	0	.717712	.03364971	.2486383	0
1187.15	0	.7166384	.03435425	.2490073	0
1186.15	0	.7155678	.03505673	.2493755	0
1185.15	0	.7145002	.03575715	.2497427	0
1184.15	0	.7134355	.03645551	.250109	0
1183.15	0	.7123738	.03715182	.2504744	0
1182.15	0	.7113151	.03784607	.2508389	0
1181.15	0	.7102593	.03853828	.2512024	0
1180.15	0	.7092065	.03922843	.2515651	0
1179.15	0	.7081566	.03991655	.2519268	0
1178.15	0	.7071097	.04060262	.2522877	0
1177.15	0	.7060657	.04128666	.2526476	0
1176.15	0	.7050247	.04196866	.2530067	0
1175.15	0	.7039865	.04264862	.2533648	0
1174.15	0	.7029513	.04332656	.2537221	0
1173.15	0	.701919	.04400247	.2540785	0
1172.15	0	.7008896	.04467636	.254434	0
1171.15	0	.6998632	.04534822	.2547886	0
1170.15	0	.6988396	.04601806	.2551424	0
1169.15	0	.6978189	.04668589	.2554952	0
1168.15	0	.6968011	.0473517	.2558472	0
1167.15	0	.6957861	.0480155	.2561984	0
1166.15	0	.6947741	.04867729	.2565486	0
1165.15	0	.6937649	.04933707	.256898	0
1164.15	0	.6927586	.04999485	.2572465	0
1163.15	0	.6917552	.05065062	.2575942	0
1162.15	0	.6907546	.05130439	.257941	0
1161.15	0	.6897569	.05195617	.258287	0
1160.15	0	.688762	.05260595	.2586321	0
1159.15	0	.68777	.05325374	.2589763	0
1158.15	0	.6867808	.05389954	.2593197	0
1157.15	0	.6857944	.05454334	.2596623	0
1156.15	0	.6848109	.05518517	.260004	0
1155.15	0	.6838301	.055825	.2603449	0
1154.15	0	.6828522	.05646288	.2606849	0
1153.15	0	.6818771	.05709876	.2610241	0
1152.15	0	.6809049	.05773266	.2613625	0
1151.15	0	.6799354	.05836458	.2617	0
1150.15	0	.6789687	.05899453	.2620367	0
1149.15	0	.6780049	.05962251	.2623726	0
1148.15	0	.6770438	.06024852	.2627077	0
1147.15	0	.6760855	.06087256	.2630419	0
1146.15	0	.67513	.06149464	.2633753	0
1145.15	0	.6741773	.06211476	.2637079	0
1144.15	0	.6732274	.06273291	.2640397	0
1143.15	0	.6722802	.06334911	.2643707	0
1142.15	0	.6713358	.06396335	.2647009	0
1141.15	0	.6703941	.06457563	.2650303	0
1140.15	0	.6694552	.06518596	.2653588	0
1139.15	0	.6685191	.06579434	.2656866	0
1138.15	0	.6675857	.06640077	.2660135	0
1137.15	0	.6666551	.06700526	.2663397	0
1136.15	0	.6657272	.06760779	.266665	0
1135.15	0	.664802	.06820839	.2669896	0
1134.15	0	.6638796	.06880704	.2673134	0
1133.15	0	.6629599	.06940375	.2676364	0
1132.15	0	.6620429	.06999853	.2679586	0
1131.15	0	.6611287	.07059137	.26828	0
1130.15	0	.6602171	.07118227	.2686006	0
1129.15	0	.6593083	.07177124	.2689204	0
1128.15	0	.6584022	.07235828	.2692395	0
1127.15	0	.6574988	.07294338	.2695578	0
1126.15	0	.6565981	.07352657	.2698753	0
1125.15	0	.6557001	.07410782	.2701921	0
1124.15	0	.6548048	.07468715	.270508	0
1123.15	0	.6539122	.07526455	.2708232	0
1122.15	0	.6530223	.07584004	.2711377	0
1121.15	0	.6521351	.07641361	.2714513	0
1120.15	0	.6512505	.07698525	.2717643	0
1119.15	0	.6503686	.07755498	.2720764	0
1118.15	0	.6494894	.0781228	.2723878	0
1117.15	0	.6486129	.0786887	.2726984	0
1116.15	0	.647739	.07925269	.2730083	0
1115.15	0	.6468678	.07981477	.2733174	0
1114.15	0	.6459993	.08037493	.2736258	0
1113.15	0	.6451334	.08093319	.2739334	0
1112.15	0	.6442702	.08148955	.2742402	0
1111.15	0	.6434096	.082044	.2745464	0
1110.15	0	.6425517	.08259655	.2748517	0
1109.15	0	.6416964	.08314719	.2751564	0
1108.15	0	.6408438	.08369593	.2754603	0
1107.15	0	.6399938	.08424278	.2757634	0
1106.15	0	.6391465	.08478772	.2760658	0
1105.15	0	.6383018	.08533077	.2763675	0
1104.15	0	.6374597	.08587193	.2766684	0
1103.15	0	.6366202	.08641119	.2769686	0
1102.15	0	.6357834	.08694856	.2772681	0
1101.15	0	.6349491	.08748404	.2775668	0
1100.15	0	.6341175	.08801762	.2778648	0
1099.15	0	.6332885	.08854932	.2781621	0
1098.15	0	.6324622	.08907913	.2784587	0
1097.15	0	.6316384	.08960706	.2787545	0
1096.15	0	.6308173	.0901331	.2790497	0
1095.15	0	.6299987	.09065725	.2793441	0
1094.15	0	.6291828	.09117953	.2796377	0
1093.15	0	.6283694	.09169992	.2799307	0
1092.15	0	.6275586	.09221843	.2802229	0
1091.15	0	.6267505	.09273507	.2805145	0
1090.15	0	.6259449	.09324982	.2808053	0
1089.15	0	.6251419	.0937627	.2810954	0
1088.15	0	.6243415	.0942737	.2813848	0
1087.15	0	.6235437	.09478283	.2816734	0
1086.15	0	.6227485	.09529009	.2819614	0
1085.15	0	.6219558	.09579548	.2822487	0
1084.15	0	.6211658	.09629899	.2825353	0
1083.15	0	.6203783	.09680064	.2828211	0
1082.15	0	.6195933	.09730042	.2831063	0
1081.15	0	.618811	.09779833	.2833907	0
1080.15	0	.6180312	.09829437	.2836745	0
1079.15	0	.6172539	.09878855	.2839575	0
1078.15	0	.6164792	.09928087	.2842399	0
1077.15	0	.6157071	.09977132	.2845216	0
1076.15	0	.6149376	.1002599	.2848025	0
1075.15	0	.6141706	.1007466	.2850828	0
1074.15	0	.6134061	.1012315	.2853624	0
1073.15	0	.6126442	.1017145	.2856413	0
1072.15	0	.6118848	.1021957	.2859195	0
1071.15	0	.611128	.102675	.286197	0
1070.15	0	.6103738	.1031524	.2864738	0
1069.15	0	.609622	.103628	.2867499	0
1068.15	0	.6088729	.1041018	.2870254	0
1067.15	0	.6081262	.1045737	.2873002	0
1066.15	0	.6073821	.1050437	.2875742	0
1065.15	0	.6066405	.1055119	.2878476	0
1064.15	0	.6059015	.1059782	.2881203	0
1063.15	0	.6051649	.1064427	.2883924	0
1062.15	0	.6044309	.1069054	.2886637	0
1061.15	0	.6036995	.1073662	.2889344	0
1060.15	0	.6029705	.1078251	.2892044	0
1059.15	0	.6022441	.1082822	.2894737	0
1058.15	0	.6015202	.1087375	.2897423	0
1057.15	0	.6007988	.1091909	.2900103	0
1056.15	0	.6000799	.1096425	.2902776	0
1055.15	0	.5993635	.1100923	.2905442	0
1054.15	0	.5986496	.1105402	.2908102	0
1053.15	0	.5979383	.1109863	.2910754	0
1052.15	0	.5972294	.1114305	.29134	0
1051.15	0	.5965231	.1118729	.291604	0
1050.15	0	.5958193	.1123135	.2918672	0
1049.15	0	.5951179	.1127523	.2921298	0
1048.15	0	.5944191	.1131892	.2923917	0
1047.15	0	.5937227	.1136243	.292653	0
1046.15	0	.5930289	.1140576	.2929136	0
1045.15	0	.5923375	.114489	.2931735	0
1044.15	0	.5916486	.1149186	.2934327	0
1043.15	0	.5909623	.1153464	.2936913	0
1042.15	0	.5902784	.1157724	.2939492	0
1041.15	0	.589597	.1161966	.2942065	0
1040.15	0	.5889181	.1166189	.2944631	0
1039.15	0	.5882416	.1170394	.294719	0
1038.15	0	.5875676	.1174581	.2949742	0
1037.15	0	.5868962	.117875	.2952288	0
1036.15	0	.5862272	.1182901	.2954828	0
1035.15	0	.5855606	.1187033	.295736	0
1034.15	0	.5848966	.1191148	.2959887	0
1033.15	0	.584235	.1195244	.2962406	0
1032.15	0	.5835759	.1199323	.2964919	0
1031.15	0	.5829192	.1203383	.2967425	0
1030.15	0	.582265	.1207425	.2969925	0
1029.15	0	.5816133	.121145	.2972418	0
1028.15	0	.580964	.1215456	.2974904	0
1027.15	0	.5803172	.1219444	.2977384	0
1026.15	0	.5796728	.1223414	.2979857	0
1025.15	0	.5790309	.1227367	.2982324	0
1024.15	0	.5783915	.1231301	.2984784	0
1023.15	0	.5777545	.1235218	.2987238	0
1022.15	0	.57712	.1239116	.2989684	0
1021.15	0	.5764879	.1242997	.2992125	0
1020.15	0	.5758582	.124686	.2994558	0
1019.15	0	.575231	.1250705	.2996985	0
1018.15	0	.5746062	.1254532	.2999406	0
1017.15	0	.5739839	.1258341	.300182	0
1016.15	0	.573364	.1262133	.3004227	0
1015.15	0	.5727465	.1265907	.3006628	0
1014.15	0	.5721315	.1269663	.3009022	0
1013.15	0	.5715189	.1273402	.301141	0
1012.15	0	.5709087	.1277122	.301379	0
1011.15	0	.570301	.1280826	.3016165	0
1010.15	0	.5696956	.1284511	.3018532	0
1009.15	0	.5690927	.1288179	.3020894	0
1008.15	0	.5684923	.1291829	.3023248	0
1007.15	0	.5678942	.1295462	.3025596	0
1006.15	0	.5672985	.1299077	.3027937	0
1005.15	0	.5667053	.1302675	.3030272	0
1004.15	0	.5661145	.1306256	.30326	0
1003.15	0	.565526	.1309818	.3034921	0
1002.15	0	.56494	.1313364	.3037236	0
1001.15	0	.5643564	.1316892	.3039544	0
1000.15	0	.5637752	.1320403	.3041846	0
999.15	0	.5631963	.1323896	.3044141	0
998.15	0	.5626199	.1327372	.3046429	0
997.15	0	.5620458	.1330831	.304871	0
996.15	0	.5614742	.1334273	.3050985	0
995.15	0	.5609049	.1337697	.3053253	0
994.15	0	.560338	.1341105	.3055515	0
993.15	0	.5597735	.1344495	.305777	0
992.15	0	.5592114	.1347868	.3060018	0
991.15	0	.5586516	.1351224	.3062259	0
990.15	0	.5580942	.1354564	.3064494	0
989.15	0	.5575392	.1357886	.3066722	0
988.15	0	.5569865	.1361191	.3068943	0
987.15	0	.5564362	.136448	.3071158	0
986.15	0	.5558883	.1367752	.3073366	0
985.15	0	.5553427	.1371007	.3075567	0
984.15	0	.5547994	.1374245	.3077761	0
983.15	0	.5542585	.1377466	.3079948	0
982.15	0	.55372	.1380671	.3082129	0
981.15	0	.5531837	.138386	.3084303	0
980.15	0	.5526499	.1387031	.308647	0
979.15	0	.5521183	.1390187	.308863	0
978.15	0	.5515891	.1393326	.3090784	0
977.15	0	.5510622	.1396448	.309293	0
976.15	0	.5505375	.1399555	.309507	0
975.15	0	.5500153	.1402645	.3097203	0
974.15	0	.5494953	.1405718	.3099329	0
973.15	0	.5489776	.1408776	.3101448	0
972.15	0	.5484623	.1411818	.310356	0
971.15	0	.5479492	.1414844	.3105665	0
970.15	0	.5474384	.1417853	.3107763	0
969.15	0	.5469299	.1420847	.3109854	0
968.15	0	.5464237	.1423825	.3111938	0
967.15	0	.5459197	.1426787	.3114016	0
966.15	0	.545418	.1429734	.3116086	0
965.15	0	.5449186	.1432665	.3118149	0
964.15	0	.5444215	.1435581	.3120205	0
963.15	0	.5439265	.1438481	.3122254	0
962.15	0	.5434339	.1441366	.3124296	0
961.15	0	.5429434	.1444235	.312633	0
960.15	0	.5424553	.1447089	.3128358	0
959.15	0	.5419693	.1449929	.3130378	0
958.15	0	.5414856	.1452753	.3132392	0
957.15	0	.541004	.1455562	.3134398	0
956.15	0	.5405247	.1458356	.3136397	0
955.15	0	.5400476	.1461136	.3138388	0
954.15	0	.5395727	.1463901	.3140372	0
953.15	0	.5390999	.1466651	.3142349	0
952.15	0	.5386294	.1469388	.3144319	0
951.15	0	.538161	.1472109	.3146281	0
950.15	0	.5376947	.1474816	.3148236	0
949.15	0	.5372307	.147751	.3150184	0
948.15	0	.5367688	.1480189	.3152124	0
947.15	0	.536309	.1482854	.3154056	0
946.15	0	.5358513	.1485505	.3155981	0
945.15	0	.5353958	.1488143	.3157899	0
944.15	0	.5349424	.1490767	.3159809	0
943.15	0	.5344911	.1493378	.3161712	0
942.15	0	.5340418	.1495975	.3163606	0
941.15	0	.5335947	.1498559	.3165494	0
940.15	0	.5331496	.150113	.3167373	0
939.15	0	.5327066	.1503688	.3169245	0
938.15	0	.5322657	.1506234	.3171109	0
937.15	0	.5318268	.1508766	.3172966	0
936.15	0	.5313899	.1511286	.3174814	0
935.15	0	.5309551	.1513794	.3176655	0
934.15	0	.5305223	.151629	.3178488	0
933.15	0	.5300914	.1518773	.3180313	0
932.15	0	.5296626	.1521244	.318213	0
931.15	0	.5292357	.1523704	.3183939	0
930.15	0	.5288108	.1526152	.318574	0
929.15	0	.5283879	.1528589	.3187533	0
928.15	0	.5279669	.1531014	.3189317	0
927.15	0	.5275478	.1533428	.3191094	0
926.15	0	.5271306	.1535832	.3192862	0
925.15	0	.5267153	.1538224	.3194623	0
924.15	0	.5263019	.1540606	.3196375	0
923.15	0	.5258904	.1542978	.3198118	0
922.15	0	.5254807	.1545339	.3199854	0
921.15	0	.5250729	.1547691	.320158	0
920.15	0	.5246669	.1550032	.3203299	0
919.15	0	.5242627	.1552364	.3205009	0
918.15	0	.5238603	.1554687	.320671	0
917.15	0	.5234597	.1557001	.3208403	0
916.15	0	.5230608	.1559305	.3210087	0
915.15	0	.5226637	.1561601	.3211762	0
914.15	0	.5222683	.1563889	.3213429	0
913.15	0	.5218746	.1566168	.3215087	0
912.15	0	.5214826	.1568439	.3216735	0
911.15	0	.5210922	.1570702	.3218375	0
910.15	0	.5207036	.1572958	.3220006	0
909.15	0	.5203165	.1575207	.3221628	0
908.15	0	.5199311	.1577448	.3223241	0
907.15	0	.5195472	.1579683	.3224845	0
906.15	0	.5191649	.1581911	.3226439	0
905.15	0	.5187842	.1584133	.3228025	0
904.15	0	.518405	.1586349	.32296	0
903.15	0	.5180273	.158856	.3231167	0
902.15	0	.5176511	.1590765	.3232724	0
901.15	0	.5172764	.1592965	.3234271	0
900.15	0	.516903	.1595161	.3235809	0
899.15	0	.5165311	.1597352	.3237337	0
898.15	0	.5161606	.1599539	.3238855	0
897.15	0	.5157915	.1601722	.3240364	0
896.15	0	.5154236	.1603901	.3241862	0
895.15	0	.5150571	.1606078	.3243351	0
894.15	0	.5146919	.1608252	.3244829	0
893.15	0	.5143279	.1610423	.3246298	0
892.15	0	.5139652	.1612592	.3247756	0
891.15	0	.5136036	.161476	.3249204	0
890.15	0	.5132433	.1616926	.3250641	0
889.15	0	.512884	.1619092	.3252068	0
888.15	0	.5125259	.1621257	.3253484	0
887.15	0	.5121688	.1623422	.325489	0
886.15	0	.5118128	.1625587	.3256285	0
885.15	0	.5114578	.1627753	.3257669	0
884.15	0	.5111038	.162992	.3259042	0
883.15	0	.5107508	.1632089	.3260404	0
882.15	0	.5103986	.1634259	.3261755	0
881.15	0	.5100473	.1636432	.3263095	0
880.15	0	.5096969	.1638609	.3264423	0
879.15	0	.5093472	.1640788	.326574	0
878.15	0	.5089983	.1642972	.3267045	0
877.15	0	.5086502	.164516	.3268339	0
876.15	0	.5083027	.1647353	.326962	0
875.15	0	.5079559	.1649551	.327089	0
874.15	0	.5076096	.1651756	.3272148	0
873.15	0	.507264	.1653967	.3273393	0
872.15	0	.5069188	.1656185	.3274627	0
871.15	0	.5065741	.1658411	.3275848	0
870.15	0	.5062298	.1660646	.3277056	0
869.15	0	.505886	.1662889	.3278251	0
868.15	0	.5055424	.1665142	.3279434	0
867.15	0	.5051991	.1667405	.3280604	0
866.15	0	.5048561	.1669679	.328176	0
865.15	0	.5045132	.1671965	.3282904	0
864.15	0	.5041704	.1674262	.3284033	0
863.15	0	.5038277	.1676573	.3285149	0
862.15	0	.5034851	.1678898	.3286252	0
861.15	0	.5031424	.1681236	.328734	0
860.15	0	.5027995	.168359	.3288414	0
859.15	0	.5024566	.168596	.3289474	0
858.15	0	.5021133	.1688347	.3290519	0
857.15	0	.5017698	.1690751	.329155	0
856.15	0	.501426	.1693174	.3292566	0
855.15	0	.5010817	.1695617	.3293567	0
854.15	0	.5007369	.1698079	.3294552	0
853.15	0	.5003916	.1700563	.3295522	0
852.15	0	.5000456	.1703069	.3296475	0
851.15	0	.4996989	.1705598	.3297413	0
850.15	0	.4993514	.1708151	.3298335	0
849.15	0	.499003	.171073	.329924	0
848.15	0	.4986537	.1713335	.3300128	0
847.15	0	.4983033	.1715968	.3301	0
846.15	0	.4979518	.1718629	.3301853	0
845.15	0	.497599	.172132	.330269	0
844.15	0	.4972449	.1724043	.3303508	0
843.15	0	.4968894	.1726798	.3304308	0
842.15	0	.4965324	.1729587	.3305089	0
841.15	0	.4961737	.1732411	.3305852	0
840.15	0	.4958133	.1735272	.3306595	0
839.15	0	.495451	.1738172	.3307318	0
838.15	0	.4950867	.1741111	.3308022	0
837.15	0	.4947203	.1744093	.3308705	0
836.15	0	.4943516	.1747117	.3309367	0
835.15	0	.4939806	.1750187	.3310008	0
834.15	0	.493607	.1753303	.3310626	0
833.15	0	.4932308	.1756469	.3311223	0
832.15	0	.4928517	.1759687	.3311797	0
831.15	0	.4924696	.1762957	.3312347	0
830.15	0	.4920844	.1766283	.3312873	0
829.15	0	.4916957	.1769667	.3313375	0
828.15	0	.4913036	.1773112	.3313852	0
827.15	0	.4909077	.1776621	.3314303	0
826.15	0	.4905078	.1780195	.3314727	0
825.15	0	.4901037	.1783839	.3315124	0
824.15	0	.4896952	.1787555	.3315493	0
823.15	0	.4892821	.1791347	.3315832	0
822.15	0	.4888639	.1795219	.3316142	0
821.15	0	.4884405	.1799173	.3316421	0
820.15	0	.4880116	.1803215	.3316669	0
819.15	0	.4875768	.1807349	.3316883	0
818.15	0	.4871358	.181158	.3317063	0
817.15	0	.4866881	.1815911	.3317208	0
816.15	0	.4862335	.182035	.3317315	0
815.15	0	.4857714	.1824901	.3317385	0
814.15	0	.4853013	.1829572	.3317415	0
813.15	0	.4848228	.1834368	.3317404	0
812.15	0	.4843354	.1839298	.3317349	0
811.15	0	.4838383	.1844369	.3317248	0
810.15	0	.4833309	.1849591	.33171	0
809.15	0	.4828126	.1854973	.3316902	0
808.15	0	.4822824	.1860525	.3316651	0
807.15	0	.4817395	.1866261	.3316344	0
806.15	0	.4811829	.1872192	.3315978	0
805.15	0	.4806116	.1878334	.331555	0
804.15	0	.4800242	.1884704	.3315055	0
803.15	0	.4794193	.1891319	.3314488	0
802.15	0	.4787954	.1898201	.3313845	0
801.15	0	.4781186	.1905781	.3313033	0
800.15	0	.4768036	.1921505	.3310459	0
799.15	0	.4755923	.1935968	.3308109	0
798.15	0	.4744702	.1949348	.330595	0
797.15	0	.4734259	.1961787	.3303955	0
796.15	0	.47245	.1973398	.3302102	0
795.15	0	.471535	.1984276	.3300374	0
794.15	0	.4706745	.1994498	.3298757	0
793.15	0	.4698629	.2004132	.3297239	0
792.15	0	.4690958	.2013233	.3295809	0
791.15	0	.4683691	.2021851	.3294458	0
790.15	0	.4676794	.2030027	.329318	0
789.15	0	.4670236	.2037797	.3291967	0
788.15	0	.4663991	.2045196	.3290813	0
787.15	0	.4658035	.205225	.3289715	0
786.15	0	.4652366	.2058972	.3288662	0
785.15	0	.4646926	.2065415	.328766	0
784.15	0	.4641717	.2071582	.3286701	0
783.15	0	.4636726	.2077493	.3285781	0
782.15	0	.4631937	.2083165	.3284898	0
781.15	0	.4627339	.2088612	.3284049	0
780.15	0	.4622919	.2093849	.3283232	0
779.15	0	.4618668	.2098889	.3282444	0
778.15	0	.4614574	.2103742	.3281684	0
777.15	0	.4610631	.210842	.328095	0
776.15	0	.4606828	.2112932	.328024	0
775.15	0	.4603159	.2117289	.3279553	0
774.15	0	.4599616	.2121497	.3278887	0
773.15	0	.4596194	.2125566	.3278241	0
772.15	0	.4592885	.2129501	.3277614	0
771.15	0	.4589684	.2133311	.3277005	0
770.15	0	.4586586	.2137001	.3276413	0
769.15	0	.4583586	.2140577	.3275837	0
768.15	0	.4580678	.2144045	.3275276	0
767.15	0	.457786	.214741	.3274729	0
766.15	0	.4575127	.2150677	.3274196	0
765.15	0	.4572474	.215385	.3273676	0
764.15	0	.4569899	.2156934	.3273167	0
763.15	0	.4567397	.2159932	.3272671	0
762.15	0	.4564967	.2162849	.3272184	0
761.15	0	.4562603	.2165688	.3271709	0
760.15	0	.4560305	.2168452	.3271243	0
759.15	0	.4558069	.2171145	.3270787	0
758.15	0	.4555892	.2173769	.327034	0
757.15	0	.4553772	.2176327	.3269901	0
756.15	0	.4551707	.2178823	.326947	0
755.15	0	.4549694	.2181259	.3269047	0
754.15	0	.4547732	.2183637	.3268631	0
753.15	0	.4545819	.2185959	.3268222	0
752.15	0	.4543952	.2188228	.326782	0
751.15	0	.454213	.2190446	.3267424	0
750.15	0	.4540351	.2192614	.3267035	0
749.15	0	.4538614	.2194735	.3266651	0
748.15	0	.4536917	.2196811	.3266273	0
747.15	0	.4535258	.2198842	.32659	0
746.15	0	.4533636	.2200832	.3265532	0
745.15	0	.453205	.2202781	.3265169	0
744.15	0	.4530499	.2204691	.326481	0
743.15	0	.4528981	.2206563	.3264456	0
742.15	0	.4527495	.2208399	.3264107	0
741.15	0	.452604	.22102	.3263761	0
740.15	0	.4524614	.2211967	.3263419	0
739.15	0	.4523218	.2213701	.3263081	0
738.15	0	.452185	.2215404	.3262746	0
737.15	0	.4520508	.2217077	.3262415	0
736.15	0	.4519192	.2218721	.3262087	0
735.15	0	.4517902	.2220336	.3261762	0
734.15	0	.4516636	.2221924	.326144	0
733.15	0	.4515393	.2223486	.3261121	0
732.15	0	.4514173	.2225023	.3260804	0
731.15	0	.4512975	.2226534	.326049	0
730.15	0	.4511799	.2228022	.3260179	0
729.15	0	.4510643	.2229487	.325987	0
728.15	0	.4509507	.223093	.3259563	0
727.15	0	.450839	.2232351	.3259259	0
726.15	0	.4507293	.2233751	.3258956	0
725.15	0	.4506213	.2235132	.3258656	0
724.15	0	.4505151	.2236492	.3258357	0
723.15	0	.4504105	.2237834	.325806	0
722.15	0	.4503077	.2239158	.3257765	0
721.15	0	.4502064	.2240464	.3257472	0
720.15	0	.4501067	.2241753	.325718	0
719.15	0	.4500085	.2243025	.325689	0
718.15	0	.4499117	.2244282	.3256601	0
717.15	0	.4498164	.2245523	.3256313	0
716.15	0	.4497224	.2246748	.3256027	0
715.15	0	.4496298	.2247959	.3255742	0
714.15	0	.4495385	.2249156	.3255459	0
713.15	0	.4494484	.225034	.3255176	0
712.15	0	.4493596	.225151	.3254895	0
711.15	0	.4492719	.2252667	.3254614	0
710.15	0	.4491854	.2253811	.3254335	0
709.15	0	.4491	.2254944	.3254056	0
708.15	0	.4490157	.2256064	.3253779	0
707.15	0	.4489325	.2257173	.3253502	0
706.15	0	.4488503	.2258271	.3253226	0
705.15	0	.4487691	.2259359	.3252951	0
704.15	0	.4486888	.2260435	.3252676	0
703.15	0	.4486095	.2261502	.3252403	0
702.15	0	.4485311	.2262559	.3252129	0
701.15	0	.4484537	.2263606	.3251857	0
700.15	0	.4483771	.2264645	.3251585	0
699.15	0	.4483013	.2265674	.3251314	0
698.15	0	.4482263	.2266694	.3251043	0
697.15	0	.4481522	.2267706	.3250773	0
696.15	0	.4480788	.2268709	.3250503	0
695.15	0	.4480062	.2269705	.3250233	0
694.15	0	.4479344	.2270692	.3249964	0
693.15	0	.4478632	.2271672	.3249696	0
692.15	0	.4477928	.2272645	.3249427	0
691.15	0	.447723	.227361	.3249159	0
690.15	0	.447654	.2274569	.3248892	0
689.15	0	.4475855	.2275521	.3248624	0
688.15	0	.4475177	.2276466	.3248357	0
687.15	0	.4474505	.2277405	.324809	0
686.15	0	.4473839	.2278337	.3247824	0
685.15	0	.4473179	.2279264	.3247557	0
684.15	0	.4472525	.2280184	.3247291	0
683.15	0	.4471876	.2281099	.3247025	0
682.15	0	.4471233	.2282008	.3246759	0
681.15	0	.4470595	.2282912	.3246493	0
680.15	0	.4469962	.2283811	.3246228	0
679.15	0	.4469334	.2284704	.3245962	0
678.15	0	.4468711	.2285592	.3245697	0
677.15	0	.4468093	.2286476	.3245431	0
676.15	0	.446748	.2287354	.3245166	0
675.15	0	.4466871	.2288228	.3244901	0
674.15	0	.4466267	.2289098	.3244635	0
673.15	0	.4465667	.2289963	.324437	0
672.15	0	.4465071	.2290824	.3244105	0
671.15	0	.446448	.2291681	.324384	0
670.15	0	.4463892	.2292533	.3243575	0
669.15	0	.4463309	.2293382	.324331	0
668.15	0	.4462729	.2294227	.3243045	0
667.15	0	.4462153	.2295068	.3242779	0
666.15	0	.4461581	.2295905	.3242514	0
665.15	0	.4461013	.2296739	.3242249	0
664.15	0	.4460448	.2297569	.3241983	0
663.15	0	.4459886	.2298396	.3241718	0
662.15	0	.4459328	.2299219	.3241453	0
661.15	0	.4458773	.230004	.3241187	0
660.15	0	.4458222	.2300857	.3240921	0
659.15	0	.4457674	.2301671	.3240656	0
658.15	0	.4457128	.2302482	.324039	0
657.15	0	.4456586	.230329	.3240124	0
656.15	0	.4456047	.2304095	.3239858	0
655.15	0	.4455511	.2304898	.3239592	0
654.15	0	.4454977	.2305697	.3239326	0
653.15	0	.4454446	.2306494	.3239059	0
652.15	0	.4453919	.2307289	.3238793	0
651.15	0	.4453393	.2308081	.3238526	0
650.15	0	.4452871	.230887	.323826	0
649.15	0	.4452351	.2309657	.3237993	0
648.15	0	.4451833	.2310441	.3237726	0
647.15	0	.4451318	.2311224	.3237459	0
646.15	0	.4450805	.2312003	.3237191	0
645.15	0	.4450295	.2312781	.3236924	0
644.15	0	.4449787	.2313557	.3236656	0
643.15	0	.4449281	.231433	.3236389	0
642.15	0	.4448778	.2315101	.3236121	0
641.15	0	.4448277	.2315871	.3235853	0
640.15	0	.4447778	.2316638	.3235585	0
639.15	0	.444728	.2317403	.3235316	0
638.15	0	.4446786	.2318166	.3235048	0
637.15	0	.4446293	.2318928	.3234779	0
636.15	0	.4445802	.2319688	.3234511	0
635.15	0	.4445313	.2320445	.3234242	0
634.15	0	.4444826	.2321201	.3233973	0
633.15	0	.4444341	.2321956	.3233703	0
632.15	0	.4443858	.2322709	.3233434	0
631.15	0	.4443376	.232346	.3233165	0
630.15	0	.4442896	.2324209	.3232895	0
629.15	0	.4442418	.2324957	.3232625	0
628.15	0	.4441942	.2325703	.3232355	0
627.15	0	.4441468	.2326447	.3232085	0
626.15	0	.4440995	.2327191	.3231814	0
625.15	0	.4440524	.2327932	.3231544	0
624.15	0	.4440055	.2328672	.3231273	0
623.15	0	.4439587	.2329411	.3231002	0
622.15	0	.443912	.2330148	.3230732	0
621.15	0	.4438655	.2330884	.323046	0
620.15	0	.4438192	.2331619	.3230189	0
619.15	0	.443773	.2332352	.3229918	0
618.15	0	.443727	.2333084	.3229646	0
617.15	0	.4436811	.2333814	.3229375	0
616.15	0	.4436354	.2334543	.3229103	0
615.15	0	.4435898	.2335271	.3228831	0
614.15	0	.4435443	.2335998	.3228559	0
613.15	0	.443499	.2336724	.3228286	0
612.15	0	.4434538	.2337448	.3228014	0
611.15	0	.4434087	.2338171	.3227742	0
610.15	0	.4433638	.2338893	.3227469	0
609.15	0	.443319	.2339614	.3227196	0
608.15	0	.4432743	.2340333	.3226923	0
607.15	0	.4432298	.2341052	.322665	0
606.15	0	.4431854	.2341769	.3226377	0
605.15	0	.4431411	.2342485	.3226104	0
604.15	0	.4430969	.23432	.3225831	0
603.15	0	.4430529	.2343914	.3225557	0
602.15	0	.4430089	.2344627	.3225284	0
601.15	0	.4429651	.2345339	.322501	0
600.15	0	.4429214	.234605	.3224736	0
599.15	0	.4428778	.234676	.3224462	0
598.15	0	.4428343	.2347469	.3224188	0
597.15	0	.4427909	.2348176	.3223914	0
596.15	0	.4427477	.2348883	.322364	0
595.15	0	.4427045	.2349589	.3223366	0
594.15	0	.4426615	.2350294	.3223091	0
593.15	0	.4426186	.2350997	.3222817	0
592.15	0	.4425757	.23517	.3222543	0
591.15	0	.442533	.2352402	.3222268	0
590.15	0	.4424904	.2353103	.3221993	0
589.15	0	.4424479	.2353803	.3221719	0
588.15	0	.4424055	.2354502	.3221444	0
587.15	0	.4423631	.23552	.3221169	0
586.15	0	.4423209	.2355897	.3220894	0
585.15	0	.4422788	.2356593	.3220619	0
584.15	0	.4422368	.2357288	.3220344	0
583.15	0	.4421949	.2357982	.3220069	0
582.15	0	.442153	.2358676	.3219794	0
581.15	0	.4421113	.2359368	.3219519	0
580.15	0	.4420697	.236006	.3219244	0
579.15	0	.4420281	.236075	.3218969	0
578.15	0	.4419867	.236144	.3218694	0
577.15	0	.4419453	.2362129	.3218418	0
576.15	0	.441904	.2362817	.3218143	0
575.15	0	.4418628	.2363504	.3217868	0
574.15	0	.4418218	.236419	.3217593	0
573.15	0	.4417808	.2364875	.3217318	0
572.15	0	.4417399	.2365559	.3217042	0
571.15	0	.441699	.2366243	.3216767	0
570.15	0	.4416583	.2366925	.3216492	0
569.15	0	.4416177	.2367607	.3216217	0
568.15	0	.4415771	.2368287	.3215942	0
567.15	0	.4415366	.2368967	.3215666	0
566.15	0	.4414962	.2369646	.3215391	0
565.15	0	.441456	.2370324	.3215116	0
564.15	0	.4414157	.2371002	.3214841	0
563.15	0	.4413756	.2371678	.3214566	0
562.15	0	.4413356	.2372353	.3214291	0
561.15	0	.4412956	.2373028	.3214016	0
560.15	0	.4412557	.2373702	.3213741	0
559.15	0	.4412159	.2374374	.3213467	0
558.15	0	.4411762	.2375046	.3213192	0
557.15	0	.4411366	.2375717	.3212917	0
556.15	0	.441097	.2376387	.3212643	0
555.15	0	.4410575	.2377056	.3212368	0
554.15	0	.4410182	.2377725	.3212094	0
553.15	0	.4409789	.2378392	.3211819	0
552.15	0	.4409396	.2379059	.3211545	0
551.15	0	.4409005	.2379724	.3211271	0
550.15	0	.4408614	.2380389	.3210997	0
549.15	0	.4408224	.2381053	.3210723	0
548.15	0	.4407835	.2381716	.3210449	0
547.15	0	.4407447	.2382378	.3210176	0
546.15	0	.4407059	.2383039	.3209902	0
545.15	0	.4406673	.2383699	.3209629	0
544.15	0	.4406287	.2384358	.3209355	0
543.15	0	.4405902	.2385016	.3209082	0
542.15	0	.4405517	.2385674	.3208809	0
541.15	0	.4405134	.238633	.3208536	0
540.15	0	.4404751	.2386986	.3208263	0
539.15	0	.4404369	.2387641	.3207991	0
538.15	0	.4403988	.2388294	.3207718	0
537.15	0	.4403607	.2388947	.3207446	0
536.15	0	.4403227	.2389599	.3207174	0
535.15	0	.4402848	.239025	.3206902	0
534.15	0	.440247	.2390899	.320663	0
533.15	0	.4402093	.2391548	.3206359	0
532.15	0	.4401716	.2392196	.3206088	0
531.15	0	.440134	.2392843	.3205816	0
530.15	0	.4400965	.2393489	.3205545	0
529.15	0	.4400591	.2394134	.3205275	0
528.15	0	.4400217	.2394779	.3205004	0
527.15	0	.4399845	.2395422	.3204734	0
526.15	0	.4399474	.2396064	.3204463	0
525.15	0	.4399103	.2396705	.3204193	0
524.15	0	.4398732	.2397345	.3203923	0
523.15	0	.4398362	.2397984	.3203654	0
522.15	0	.4397993	.2398622	.3203384	0
521.15	0	.4397625	.2399259	.3203115	0
520.15	0	.4397258	.2399895	.3202847	0
519.15	0	.4396891	.2400531	.3202578	0
518.15	0	.4396525	.2401165	.320231	0
517.15	0	.439616	.2401798	.3202042	0
516.15	0	.4395796	.240243	.3201775	0
515.15	0	.4395432	.2403061	.3201507	0
514.15	0	.4395069	.2403691	.320124	0
513.15	0	.4394707	.240432	.3200973	0
512.15	0	.4394346	.2404947	.3200707	0
511.15	0	.4393985	.2405574	.3200441	0
510.15	0	.4393625	.24062	.3200175	0
509.15	0	.4393266	.2406824	.3199909	0
508.15	0	.4392908	.2407448	.3199644	0
507.15	0	.439255	.2408071	.3199379	0
506.15	0	.4392194	.2408692	.3199114	0
505.15	0	.4391838	.2409312	.319885	0
504.15	0	.4391482	.2409931	.3198586	0
503.15	0	.4391128	.241055	.3198323	0
502.15	0	.4390774	.2411167	.3198059	0
501.15	0	.4390421	.2411783	.3197796	0
500.15	0	.4390069	.2412397	.3197534	0
499.15	0	.4389718	.2413011	.3197271	0
498.15	0	.4389367	.2413623	.319701	0
497.15	0	.4389017	.2414235	.3196748	0
496.15	0	.4388668	.2414845	.3196487	0
495.15	0	.438832	.2415454	.3196226	0
494.15	0	.4387972	.2416062	.3195966	0
493.15	0	.4387625	.2416669	.3195706	0
492.15	0	.4387279	.2417274	.3195446	0
491.15	0	.4386934	.2417879	.3195187	0
490.15	0	.438659	.2418482	.3194928	0
489.15	0	.4386246	.2419084	.319467	0
488.15	0	.4385903	.2419685	.3194412	0
487.15	0	.4385561	.2420285	.3194154	0
486.15	0	.438522	.2420883	.3193897	0
485.15	0	.4384879	.242148	.3193641	0
484.15	0	.4384539	.2422077	.3193384	0
483.15	0	.43842	.2422671	.3193128	0
482.15	0	.4383862	.2423265	.3192873	0
481.15	0	.4383525	.2423857	.3192618	0
480.15	0	.4383188	.2424448	.3192364	0
479.15	0	.4382852	.2425038	.319211	0
478.15	0	.4382517	.2425627	.3191856	0
477.15	0	.4382183	.2426214	.3191603	0
476.15	0	.4381849	.2426801	.319135	0
475.15	0	.4381516	.2427385	.3191098	0
474.15	0	.4381184	.2427969	.3190847	0
473.15	0	.4380853	.2428551	.3190595	0
472.15	0	.4380523	.2429132	.3190345	0
471.15	0	.4380193	.2429712	.3190095	0
470.15	0	.4379865	.243029	.3189845	0
469.15	0	.4379537	.2430868	.3189596	0
468.15	0	.437921	.2431444	.3189347	0
467.15	0	.4378883	.2432018	.3189099	0
466.15	0	.4378558	.2432591	.3188851	0
465.15	0	.4378233	.2433163	.3188604	0
464.15	0	.4377909	.2433734	.3188358	0
463.15	0	.4377586	.2434303	.3188112	0
462.15	0	.4377263	.2434871	.3187866	0
461.15	0	.4376942	.2435437	.3187621	0
460.15	0	.4376621	.2436002	.3187377	0
459.15	0	.4376301	.2436566	.3187133	0
458.15	0	.4375982	.2437128	.318689	0
457.15	0	.4375664	.2437689	.3186647	0
456.15	0	.4375346	.2438249	.3186405	0
455.15	0	.437503	.2438807	.3186163	0
454.15	0	.4374714	.2439364	.3185922	0
453.15	0	.4374399	.243992	.3185682	0
452.15	0	.4374084	.2440474	.3185442	0
451.15	0	.4373771	.2441027	.3185203	0
450.15	0	.4373458	.2441578	.3184964	0
449.15	0	.4373147	.2442127	.3184726	0
448.15	0	.4372836	.2442675	.3184489	0
447.15	0	.4372527	.2443222	.3184252	0
446.15	0	.4372218	.2443766	.3184016	0
445.15	0	.437191	.244431	.3183781	0
444.15	0	.4371603	.2444851	.3183546	0
443.15	0	.4371297	.2445391	.3183312	0
442.15	0	.4370992	.244593	.3183079	0
441.15	0	.4370688	.2446466	.3182846	0
440.15	0	.4370385	.2447001	.3182614	0
439.15	0	.4370083	.2447534	.3182383	0
438.15	0	.4369782	.2448065	.3182153	0
437.15	0	.4369483	.2448594	.3181923	0
436.15	0	.4369184	.2449121	.3181695	0
435.15	0	.4368887	.2449647	.3181467	0
434.15	0	.436859	.245017	.318124	0
433.15	0	.4368295	.2450691	.3181013	0
432.15	0	.4368001	.2451211	.3180788	0
431.15	0	.4367709	.2451728	.3180563	0
430.15	0	.4367417	.2452243	.318034	0
429.15	0	.4367127	.2452757	.3180117	0
428.15	0	.4366838	.2453268	.3179895	0
