T	 BPW(LIQUID)	BPW(BCC_A2)	BPW(FCC_A1)	BPW(LAVES_PHASE_C14)	BPW(NI3TI)
1473.15	0	1	0	0	0
1472.15	0	1	0	0	0
1471.15	0	1	0	0	0
1470.15	0	1	0	0	0
1469.15	0	1	0	0	0
1468.15	0	1	0	0	0
1467.15	0	1	0	0	0
1466.15	0	1	0	0	0
1465.15	0	1	0	0	0
1464.15	0	1	0	0	0
1463.15	0	1	0	0	0
1462.15	0	1	0	0	0
1461.15	0	1	0	0	0
1460.15	0	1	0	0	0
1459.15	0	1	0	0	0
1458.15	0	1	0	0	0
1457.15	0	1	0	0	0
1456.15	0	1	0	0	0
1455.15	0	1	0	0	0
1454.15	0	1	0	0	0
1453.15	0	1	0	0	0
1452.15	0	1	0	0	0
1451.15	0	1	0	0	0
1450.15	0	1	0	0	0
1449.15	0	1	0	0	0
1448.15	0	1	0	0	0
1447.15	0	1	0	0	0
1446.15	0	1	0	0	0
1445.15	0	1	0	0	0
1444.15	0	1	0	0	0
1443.15	0	1	0	0	0
1442.15	0	1	0	0	0
1441.15	0	1	0	0	0
1440.15	0	1	0	0	0
1439.15	0	1	0	0	0
1438.15	0	1	0	0	0
1437.15	0	1	0	0	0
1436.15	0	1	0	0	0
1435.15	0	1	0	0	0
1434.15	0	1	0	0	0
1433.15	0	1	0	0	0
1432.15	0	1	0	0	0
1431.15	0	1	0	0	0
1430.15	0	1	0	0	0
1429.15	0	1	0	0	0
1428.15	0	1	0	0	0
1427.15	0	1	0	0	0
1426.15	0	1	0	0	0
1425.15	0	1	0	0	0
1424.15	0	1	0	0	0
1423.15	0	1	0	0	0
1422.15	0	1	0	0	0
1421.15	0	1	0	0	0
1420.15	0	1	0	0	0
1419.15	0	1	0	0	0
1418.15	0	1	0	0	0
1417.15	0	1	0	0	0
1416.15	0	1	0	0	0
1415.15	0	1	0	0	0
1414.15	0	1	0	0	0
1413.15	0	1	0	0	0
1412.15	0	1	0	0	0
1411.15	0	1	0	0	0
1410.15	0	1	0	0	0
1409.15	0	1	0	0	0
1408.15	0	1	0	0	0
1407.15	0	1	0	0	0
1406.15	0	1	0	0	0
1405.15	0	1	0	0	0
1404.15	0	1	0	0	0
1403.15	0	1	0	0	0
1402.15	0	1	0	0	0
1401.15	0	1	0	0	0
1400.15	0	1	0	0	0
1399.15	0	1	0	0	0
1398.15	0	1	0	0	0
1397.15	0	1	0	0	0
1396.15	0	1	0	0	0
1395.15	0	1	0	0	0
1394.15	0	1	0	0	0
1393.15	0	1	0	0	0
1392.15	0	1	0	0	0
1391.15	0	1	0	0	0
1390.15	0	1	0	0	0
1389.15	0	1	0	0	0
1388.15	0	1	0	0	0
1387.15	0	1	0	0	0
1386.15	0	1	0	0	0
1385.15	0	1	0	0	0
1384.15	0	1	0	0	0
1383.15	0	1	0	0	0
1382.15	0	1	0	0	0
1381.15	0	1	0	0	0
1380.15	0	1	0	0	0
1379.15	0	1	0	0	0
1378.15	0	1	0	0	0
1377.15	0	1	0	0	0
1376.15	0	1	0	0	0
1375.15	0	1	0	0	0
1374.15	0	1	0	0	0
1373.15	0	1	0	0	0
1372.15	0	1	0	0	0
1371.15	0	1	0	0	0
1370.15	0	1	0	0	0
1369.15	0	1	0	0	0
1368.15	0	1	0	0	0
1367.15	0	1	0	0	0
1366.15	0	1	0	0	0
1365.15	0	1	0	0	0
1364.15	0	1	0	0	0
1363.15	0	1	0	0	0
1362.15	0	1	0	0	0
1361.15	0	1	0	0	0
1360.15	0	1	0	0	0
1359.15	0	1	0	0	0
1358.15	0	1	0	0	0
1357.15	0	1	0	0	0
1356.15	0	1	0	0	0
1355.15	0	1	0	0	0
1354.15	0	1	0	0	0
1353.15	0	1	0	0	0
1352.15	0	1	0	0	0
1351.15	0	1	0	0	0
1350.15	0	1	0	0	0
1349.15	0	1	0	0	0
1348.15	0	1	0	0	0
1347.15	0	1	0	0	0
1346.15	0	1	0	0	0
1345.15	0	1	0	0	0
1344.15	0	1	0	0	0
1343.15	0	1	0	0	0
1342.15	0	1	0	0	0
1341.15	0	1	0	0	0
1340.15	0	1	0	0	0
1339.15	0	1	0	0	0
1338.15	0	1	0	0	0
1337.15	0	1	0	0	0
1336.15	0	1	0	0	0
1335.15	0	1	0	0	0
1334.15	0	1	0	0	0
1333.15	0	1	0	0	0
1332.15	0	1	0	0	0
1331.15	0	1	0	0	0
1330.15	0	1	0	0	0
1329.15	0	1	0	0	0
1328.15	0	1	0	0	0
1327.15	0	1	0	0	0
1326.15	0	1	0	0	0
1325.15	0	1	0	0	0
1324.15	0	1	0	0	0
1323.15	0	1	0	0	0
1322.15	0	1	0	0	0
1321.15	0	1	0	0	0
1320.15	0	1	0	0	0
1319.15	0	1	0	0	0
1318.15	0	1	0	0	0
1317.15	0	1	0	0	0
1316.15	0	1	0	0	0
1315.15	0	1	0	0	0
1314.15	0	1	0	0	0
1313.15	0	1	0	0	0
1312.15	0	1	0	0	0
1311.15	0	1	0	0	0
1310.15	0	1	0	0	0
1309.15	0	1	0	0	0
1308.15	0	1	0	0	0
1307.15	0	1	0	0	0
1306.15	0	1	0	0	0
1305.15	0	1	0	0	0
1304.15	0	1	0	0	0
1303.15	0	1	0	0	0
1302.15	0	1	0	0	0
1301.15	0	1	0	0	0
1300.15	0	1	0	0	0
1299.15	0	1	0	0	0
1298.15	0	1	0	0	0
1297.15	0	1	0	0	0
1296.15	0	1	0	0	0
1295.15	0	1	0	0	0
1294.15	0	1	0	0	0
1293.15	0	1	0	0	0
1292.15	0	1	0	0	0
1291.15	0	1	0	0	0
1290.15	0	1	0	0	0
1289.15	0	1	0	0	0
1288.15	0	1	0	0	0
1287.15	0	1	0	0	0
1286.15	0	1	0	0	0
1285.15	0	1	0	0	0
1284.15	0	1	0	0	0
1283.15	0	1	0	0	0
1282.15	0	1	0	0	0
1281.15	0	1	0	0	0
1280.15	0	1	0	0	0
1279.15	0	1	0	0	0
1278.15	0	1	0	0	0
1277.15	0	1	0	0	0
1276.15	0	1	0	0	0
1275.15	0	1	0	0	0
1274.15	0	1	0	0	0
1273.15	0	1	0	0	0
1272.15	0	1	0	0	0
1271.15	0	1	0	0	0
1270.15	0	1	0	0	0
1269.15	0	1	0	0	0
1268.15	0	1	0	0	0
1267.15	0	1	0	0	0
1266.15	0	1	0	0	0
1265.15	0	1	0	0	0
1264.15	0	1	0	0	0
1263.15	0	1	0	0	0
1262.15	0	1	0	0	0
1261.15	0	1	0	0	0
1260.15	0	1	0	0	0
1259.15	0	1	0	0	0
1258.15	0	1	0	0	0
1257.15	0	1	0	0	0
1256.15	0	1	0	0	0
1255.15	0	1	0	0	0
1254.15	0	1	0	0	0
1253.15	0	1	0	0	0
1252.15	0	1	0	0	0
1251.15	0	1	0	0	0
1250.15	0	1	0	0	0
1249.15	0	1	0	0	0
1248.15	0	1	0	0	0
1247.15	0	1	0	0	0
1246.15	0	1	0	0	0
1245.15	0	1	0	0	0
1244.15	0	1	0	0	0
1243.15	0	1	0	0	0
1242.15	0	1	0	0	0
1241.15	0	1	0	0	0
1240.15	0	1	0	0	0
1239.15	0	1	0	0	0
1238.15	0	1	0	0	0
1237.15	0	1	0	0	0
1236.15	0	1	0	0	0
1235.15	0	1	0	0	0
1234.15	0	1	0	0	0
1233.15	0	1	0	0	0
1232.15	0	1	0	0	0
1231.15	0	1	0	0	0
1230.492	0	1	0	0	0
1230.492	0	1	0	0	0
1230.492	0	1	0	0	0
1230.15	0	.999569	4.310161E-04	0	0
1229.15	0	.9983085	.001691473	0	0
1228.15	0	.9970504	.0029496	0	0
1227.15	0	.9957946	.004205393	0	0
1226.15	0	.9945412	.005458852	0	0
1225.15	0	.99329	.006709972	0	0
1224.15	0	.9920412	.007958752	0	0
1223.15	0	.9907948	.009205189	0	0
1222.15	0	.9895507	.01044928	0	0
1221.15	0	.988309	.01169102	0	0
1220.15	0	.9870696	.01293041	0	0
1219.15	0	.9858326	.01416745	0	0
1218.15	0	.9845979	.01540213	0	0
1217.15	0	.9833656	.01663445	0	0
1216.15	0	.9821356	.0178644	0	0
1215.15	0	.980908	.019092	0	0
1214.15	0	.9796828	.02031722	0	0
1213.15	0	.9784599	.02154007	0	0
1212.15	0	.9772395	.02276054	0	0
1211.15	0	.9760214	.02397864	0	0
1210.15	0	.9748056	.02519436	0	0
1209.15	0	.9735923	.02640769	0	0
1208.15	0	.9723814	.02761863	0	0
1207.15	0	.9711728	.02882719	0	0
1206.15	0	.9699666	.03003335	0	0
1205.15	0	.9687629	.03123711	0	0
1204.15	0	.9675615	.03243847	0	0
1203.15	0	.9663626	.03363742	0	0
1202.15	0	.965166	.03483397	0	0
1201.15	0	.9639719	.03602811	0	0
1200.15	0	.9627802	.03721983	0	0
1199.15	0	.9615909	.03840913	0	0
1198.15	0	.960404	.03959601	0	0
1197.15	0	.9592195	.04078046	0	0
1196.15	0	.9580375	.04196248	0	0
1195.15	0	.9568579	.04314207	0	0
1194.15	0	.9556808	.04431922	0	0
1193.15	0	.9545061	.04549393	0	0
1192.15	0	.9533338	.0466662	0	0
1191.15	0	.952164	.04783601	0	0
1190.15	0	.9509966	.04900337	0	0
1189.15	0	.9498317	.05016827	0	0
1188.15	0	.9486693	.05133071	0	0
1187.15	0	.9475093	.05249068	0	0
1186.15	0	.9463518	.05364819	0	0
1185.15	0	.9451968	.05480321	0	0
1184.15	0	.9440442	.05595576	0	0
1183.15	0	.9428942	.05710583	0	0
1182.15	0	.9417466	.0582534	0	0
1181.15	0	.9406015	.05939849	0	0
1180.15	0	.9394589	.06054107	0	0
1179.15	0	.9383188	.06168116	0	0
1178.15	0	.9371813	.06281874	0	0
1177.15	0	.9360462	.0639538	0	0
1176.15	0	.9349137	.06508635	0	0
1175.15	0	.9337836	.06621638	0	0
1174.15	0	.9326561	.06734389	0	0
1173.15	0	.9315311	.06846886	0	0
1172.15	0	.9304087	.0695913	0	0
1171.15	0	.9292888	.0707112	0	0
1170.15	0	.9281715	.07182855	0	0
1169.15	0	.9270566	.07294335	0	0
1168.15	0	.9259444	.0740556	0	0
1167.15	0	.9248347	.07516528	0	0
1166.15	0	.9237276	.0762724	0	0
1165.15	0	.9226231	.07737695	0	0
1164.15	0	.9215211	.07847892	0	0
1163.15	0	.9204217	.07957831	0	0
1162.15	0	.9193249	.0806751	0	0
1161.15	0	.9182307	.08176931	0	0
1160.15	0	.9171391	.08286091	0	0
1159.15	0	.9160501	.08394991	0	0
1158.15	0	.9149637	.08503631	0	0
1157.15	0	.9138799	.08612008	0	0
1156.15	0	.9127988	.08720123	0	0
1155.15	0	.9117203	.08827975	0	0
1154.15	0	.9106443	.08935567	0	0
1153.15	0	.9095711	.09042892	0	0
1152.15	0	.9085005	.09149952	0	0
1151.15	0	.9074325	.09256747	0	0
1150.15	0	.9063672	.09363277	0	0
1149.15	0	.9053046	.0946954	0	0
1148.15	0	.9042447	.09575535	0	0
1147.15	0	.9031874	.09681263	0	0
1146.15	0	.9021328	.09786723	0	0
1145.15	0	.9010809	.09891913	0	0
1144.15	0	.9000317	.09996835	0	0
1143.15	0	.8989852	.1010148	0	0
1142.15	0	.8979413	.1020587	0	0
1141.15	0	.8969003	.1030997	0	0
1140.15	0	.8958619	.1041381	0	0
1139.15	0	.8948263	.1051737	0	0
1138.15	0	.8937934	.1062066	0	0
1137.15	0	.8927633	.1072367	0	0
1136.15	0	.8917359	.1082642	0	0
1135.15	0	.8907112	.1092888	0	0
1134.15	0	.8896893	.1103107	0	0
1133.15	0	.8886702	.1113298	0	0
1132.15	0	.8876539	.1123461	0	0
1131.15	0	.8866404	.1133596	0	0
1130.15	0	.8856296	.1143704	0	0
1129.15	0	.8846217	.1153783	0	0
1128.15	0	.8836166	.1163834	0	0
1127.15	0	.8826143	.1173858	0	0
1126.15	0	.8816148	.1183852	0	0
1125.15	0	.8806181	.1193819	0	0
1124.15	0	.8796243	.1203757	0	0
1123.15	0	.8786333	.1213667	0	0
1122.15	0	.8776452	.1223548	0	0
1121.15	0	.8766599	.1233401	0	0
1120.15	0	.8756776	.1243225	0	0
1119.15	0	.874698	.125302	0	0
1118.15	0	.8737214	.1262786	0	0
1117.15	0	.8727477	.1272523	0	0
1116.15	0	.8717769	.1282231	0	0
1115.15	0	.870809	.129191	0	0
1114.15	0	.869844	.130156	0	0
1113.15	0	.8688819	.1311181	0	0
1112.15	0	.8679228	.1320772	0	0
1111.15	0	.8669666	.1330334	0	0
1110.15	0	.8660134	.1339866	0	0
1109.15	0	.8650632	.1349368	0	0
1108.15	0	.8641159	.1358841	0	0
1107.15	0	.8631716	.1368284	0	0
1106.15	0	.8622303	.1377697	0	0
1105.15	0	.8612919	.1387081	0	0
1104.15	0	.8603566	.1396434	0	0
1103.15	0	.8594243	.1405757	0	0
1102.15	0	.8584951	.1415049	0	0
1101.15	0	.8575688	.1424312	0	0
1100.15	0	.8566457	.1433543	0	0
1099.15	0	.8557255	.1442745	0	0
1098.15	0	.8548085	.1451916	0	0
1097.15	0	.8538945	.1461055	0	0
1096.15	0	.8529835	.1470165	0	0
1095.15	0	.8520757	.1479243	0	0
1094.15	0	.851171	.148829	0	0
1093.15	0	.8502694	.1497306	0	0
1092.15	0	.8493709	.1506291	0	0
1091.15	0	.8484755	.1515245	0	0
1090.15	0	.8475833	.1524167	0	0
1089.15	0	.8466943	.1533058	0	0
1088.15	0	.8458083	.1541917	0	0
1087.15	0	.8449256	.1550744	0	0
1086.15	0	.844046	.155954	0	0
1085.15	0	.8431697	.1568303	0	0
1084.15	0	.8422965	.1577035	0	0
1083.15	0	.8414266	.1585734	0	0
1082.15	0	.8405598	.1594402	0	0
1081.15	0	.8396963	.1603037	0	0
1080.15	0	.8388361	.1611639	0	0
1079.15	0	.8379791	.1620209	0	0
1078.15	0	.8371253	.1628747	0	0
1077.15	0	.8362749	.1637251	0	0
1076.15	0	.8354277	.1645723	0	0
1075.15	0	.8345838	.1654162	0	0
1074.15	0	.8337433	.1662567	0	0
1073.15	0	.832906	.167094	0	0
1072.15	0	.8320721	.1679279	0	0
1071.15	0	.8312415	.1687585	0	0
1070.15	0	.8304143	.1695857	0	0
1069.15	0	.8295904	.1704096	0	0
1068.15	0	.8287699	.1712301	0	0
1067.15	0	.8279528	.1720472	0	0
1066.15	0	.8271391	.1728609	0	0
1065.15	0	.8263288	.1736712	0	0
1064.15	0	.8255219	.1744781	0	0
1063.15	0	.8247184	.1752816	0	0
1062.15	0	.8239184	.1760816	0	0
1061.15	0	.8231219	.1768781	0	0
1060.15	0	.8223288	.1776712	0	0
1059.15	0	.8215392	.1784608	0	0
1058.15	0	.820753	.179247	0	0
1057.15	0	.8199704	.1800296	0	0
1056.15	0	.8191913	.1808087	0	0
1055.15	0	.8184157	.1815843	0	0
1054.15	0	.8176436	.1823564	0	0
1053.15	0	.8168751	.1831249	0	0
1052.15	0	.8161102	.1838898	0	0
1051.15	0	.8153488	.1846512	0	0
1050.15	0	.814591	.185409	0	0
1049.15	0	.8138368	.1861632	0	0
1048.15	0	.8130862	.1869138	0	0
1047.15	0	.8123393	.1876607	0	0
1046.15	0	.8115959	.1884041	0	0
1045.15	0	.8108562	.1891438	0	0
1044.15	0	.8101202	.1898798	0	0
1043.15	0	.8093878	.1906122	0	0
1042.15	0	.8086591	.1913409	0	0
1041.15	0	.8079341	.1920659	0	0
1040.15	0	.8072128	.1927872	0	0
1039.15	0	.8064953	.1935047	0	0
1038.15	0	.8057814	.1942186	0	0
1037.15	0	.8050713	.1949287	0	0
1036.15	0	.804365	.195635	0	0
1035.15	0	.8036624	.1963376	0	0
1034.15	0	.8029636	.1970364	0	0
1033.15	0	.8022685	.1977315	0	0
1032.15	0	.8015773	.1984227	0	0
1031.15	0	.8008899	.1991101	0	0
1030.15	0	.8002064	.1997937	0	0
1029.15	0	.7995266	.2004734	0	0
1028.15	0	.7988507	.2011493	0	0
1027.15	0	.7981787	.2018213	0	0
1026.15	0	.7975106	.2024894	0	0
1025.15	0	.7968463	.2031537	0	0
1024.15	0	.796186	.203814	0	0
1023.15	0	.7955295	.2044705	0	0
1022.15	0	.794877	.205123	0	0
1021.15	0	.7942284	.2057716	0	0
1020.15	0	.7935838	.2064163	0	0
1019.15	0	.7929431	.2070569	0	0
1018.15	0	.7923064	.2076937	0	0
1017.15	0	.7916736	.2083264	0	0
1016.15	0	.7910449	.2089551	0	0
1015.15	0	.7904202	.2095798	0	0
1014.15	0	.7897995	.2102006	0	0
1013.15	0	.7891828	.2108172	0	0
1012.15	0	.7885701	.2114299	0	0
1011.15	0	.7879615	.2120385	0	0
1010.15	0	.787357	.212643	0	0
1009.15	0	.7867565	.2132435	0	0
1008.15	0	.7861602	.2138398	0	0
1007.15	0	.7855679	.2144321	0	0
1006.15	0	.7849797	.2150203	0	0
1005.15	0	.7843956	.2156044	0	0
1004.15	0	.7838157	.2161843	0	0
1003.15	0	.7832399	.2167601	0	0
1002.15	0	.7826683	.2173317	0	0
1001.15	0	.7821008	.2178992	0	0
1000.15	0	.7815375	.2184625	0	0
999.15	0	.7809783	.2190217	0	0
998.15	0	.7804233	.2195767	0	0
997.15	0	.7798726	.2201274	0	0
996.15	0	.779326	.220674	0	0
995.15	0	.7787837	.2212163	0	0
994.15	0	.7782455	.2217545	0	0
993.15	0	.7777116	.2222884	0	0
992.15	0	.777182	.222818	0	0
991.15	0	.7766566	.2233434	0	0
990.15	0	.7761354	.2238646	0	0
989.15	0	.7756185	.2243815	0	0
988.15	0	.7751058	.2248942	0	0
987.15	0	.7745975	.2254025	0	0
986.15	0	.7740934	.2259066	0	0
985.15	0	.7735936	.2264064	0	0
984.15	0	.7730981	.2269019	0	0
983.15	0	.7726069	.2273931	0	0
982.15	0	.77212	.22788	0	0
981.15	0	.7716375	.2283625	0	0
980.15	0	.7711592	.2288408	0	0
979.15	0	.7706853	.2293148	0	0
978.15	0	.7702156	.2297844	0	0
977.15	0	.7697503	.2302497	0	0
976.15	0	.7692894	.2307106	0	0
975.15	0	.7688327	.2311673	0	0
974.15	0	.7683804	.2316196	0	0
973.15	0	.7679325	.2320675	0	0
972.15	0	.7674889	.2325112	0	0
971.15	0	.7670496	.2329504	0	0
970.15	0	.7666146	.2333854	0	0
969.15	0	.766184	.233816	0	0
968.15	0	.7657578	.2342423	0	0
967.15	0	.7653358	.2346642	0	0
966.15	0	.7649182	.2350818	0	0
965.1827	0	.7645184	.2354816	0	0
965.1827	0	.7645184	.2354816	0	0
965.1827	0	.7645184	.2354816	0	0
965.15	0	.7645003	.2354906	9.096604E-06	0
964.15	0	.7639499	.2357632	2.868924E-04	0
963.15	0	.7634041	.2360324	5.635569E-04	0
962.15	0	.762863	.236298	8.390854E-04	0
961.15	0	.7623265	.2365601	.001113473	0
960.15	0	.7617946	.2368187	.001386714	0
959.15	0	.7612674	.2370738	.001658804	0
958.15	0	.7607448	.2373255	.001929738	0
957.15	0	.7602268	.2375737	.002199509	0
956.15	0	.7597134	.2378185	.002468114	0
955.15	0	.7592047	.2380598	.002735545	0
954.15	0	.7587005	.2382977	.003001797	0
953.15	0	.758201	.2385322	.003266865	0
952.15	0	.757706	.2387633	.003530742	0
951.15	0	.7572156	.238991	.003793422	0
950.15	0	.7567298	.2392153	.004054899	0
949.15	0	.7562485	.2394363	.004315166	0
948.15	0	.7557718	.239654	.004574217	0
947.15	0	.7552996	.2398684	.004832045	0
946.15	0	.7548319	.2400795	.005088643	0
945.15	0	.7543687	.2402873	.005344005	0
944.15	0	.75391	.2404918	.005598122	0
943.15	0	.7534559	.2406931	.005850988	0
942.15	0	.7530061	.2408913	.006102595	0
941.15	0	.7525609	.2410862	.006352936	0
940.15	0	.7521201	.2412779	.006602002	0
939.15	0	.7516837	.2414666	.006849786	0
938.15	0	.7512517	.2416521	.007096279	0
937.15	0	.750824	.2418345	.007341474	0
936.15	0	.7504008	.2420139	.007585361	0
935.15	0	.7499819	.2421902	.007827932	0
934.15	0	.7495673	.2423635	.008069179	0
933.15	0	.749157	.2425339	.008309091	0
932.15	0	.7487511	.2427013	.00854766	0
931.15	0	.7483493	.2428658	.008784877	0
930.15	0	.7479518	.2430274	.009020731	0
929.15	0	.7475586	.2431862	.009255212	0
928.15	0	.7471695	.2433422	.009488312	0
927.15	0	.7467845	.2434955	.009720018	0
926.15	0	.7464037	.243646	.009950321	0
925.15	0	.746027	.2437938	.01017921	0
924.15	0	.7456543	.243939	.01040668	0
923.15	0	.7452857	.2440816	.0106327	0
922.15	0	.7449211	.2442216	.01085728	0
921.15	0	.7445605	.2443591	.0110804	0
920.15	0	.7442038	.2444942	.01130205	0
919.15	0	.743851	.2446268	.01152222	0
918.15	0	.743502	.2447571	.01174089	0
917.15	0	.7431569	.244885	.01195804	0
916.15	0	.7428156	.2450107	.01217368	0
915.15	0	.742478	.2451342	.01238778	0
914.15	0	.7421441	.2452556	.01260033	0
913.15	0	.7418138	.2453749	.01281132	0
912.15	0	.7414872	.2454921	.01302073	0
911.15	0	.7411641	.2456074	.01322855	0
910.15	0	.7408445	.2457208	.01343476	0
909.15	0	.7405283	.2458323	.01363934	0
908.15	0	.7402156	.2459421	.01384229	0
907.15	0	.7399062	.2460502	.01404359	0
906.15	0	.7396001	.2461567	.01424321	0
905.15	0	.7392972	.2462616	.01444114	0
904.15	0	.7389975	.2463651	.01463737	0
903.15	0	.7387009	.2464672	.01483187	0
902.15	0	.7384074	.246568	.01502463	0
901.15	0	.7381168	.2466676	.01521564	0
900.15	0	.7378291	.246766	.01540486	0
899.15	0	.7375443	.2468634	.01559228	0
898.15	0	.7372622	.2469599	.01577789	0
897.15	0	.7369828	.2470556	.01596165	0
896.15	0	.736706	.2471505	.01614356	0
895.15	0	.7364317	.2472447	.01632358	0
894.15	0	.7361599	.2473384	.01650169	0
893.15	0	.7358904	.2474317	.01667788	0
892.15	0	.7356232	.2475247	.01685212	0
891.15	0	.7353581	.2476175	.01702438	0
890.15	0	.7350951	.2477102	.01719464	0
889.15	0	.7348341	.247803	.01736287	0
888.15	0	.734575	.247896	.01752905	0
887.15	0	.7343176	.2479892	.01769315	0
886.15	0	.7340619	.2480829	.01785515	0
885.15	0	.7338078	.2481772	.018015	0
884.15	0	.733555	.2482723	.01817269	0
883.15	0	.7333036	.2483682	.01832818	0
882.15	0	.7330534	.2484652	.01848144	0
881.15	0	.7328042	.2485634	.01863244	0
880.15	0	.7325559	.2486629	.01878115	0
879.15	0	.7323084	.2487641	.01892752	0
878.15	0	.7320616	.2488669	.01907153	0
877.15	0	.7318152	.2489717	.01921313	0
876.15	0	.7315692	.2490785	.01935229	0
875.15	0	.7313233	.2491877	.01948896	0
874.15	0	.7310775	.2492994	.01962311	0
873.15	0	.7308315	.2494138	.01975469	0
872.15	0	.7305852	.2495312	.01988366	0
871.15	0	.7303383	.2496517	.02000996	0
870.15	0	.7300907	.2497757	.02013356	0
869.15	0	.7298422	.2499034	.02025439	0
868.15	0	.7295926	.250035	.02037242	0
867.15	0	.7293416	.2501708	.02048757	0
866.15	0	.7290891	.2503111	.0205998	0
865.15	0	.7288347	.2504562	.02070904	0
864.15	0	.7285783	.2506064	.02081523	0
863.15	0	.7283196	.2507621	.02091831	0
862.15	0	.7280583	.2509235	.0210182	0
861.15	0	.7277942	.251091	.02111484	0
860.15	0	.7275269	.251265	.02120814	0
859.15	0	.7272561	.2514459	.02129803	0
858.15	0	.7269815	.2516341	.02138443	0
857.15	0	.7267028	.25183	.02146723	0
856.15	0	.7264195	.2520341	.02154636	0
855.15	0	.7261314	.2522469	.0216217	0
854.15	0	.725838	.2524688	.02169316	0
853.15	0	.7255389	.2527004	.02176062	0
852.15	0	.7252337	.2529424	.02182397	0
851.15	0	.7249218	.2531951	.02188307	0
850.15	0	.7246027	.2534595	.02193779	0
849.15	0	.724276	.253736	.021988	0
848.15	0	.723941	.2540254	.02203353	0
847.15	0	.7235972	.2543286	.02207422	0
846.15	0	.7232437	.2546464	.0221099	0
845.15	0	.7228801	.2549795	.02214036	0
844.15	0	.7225054	.2553292	.02216542	0
843.15	0	.7220138	.2558199	.02216631	0
842.15	0	.7211149	.2567951	.02208996	0
841.15	0	.720274	.2577087	.02201738	0
840.15	0	.7194867	.258565	.02194824	0
839.15	0	.7187495	.2593683	.02188223	0
838.15	0	.7180589	.260122	.02181909	0
837.15	0	.7174117	.2608297	.02175858	0
836.15	0	.7168052	.2614943	.02170048	0
835.15	0	.7162367	.2621187	.02164459	0
834.15	0	.7157038	.2627055	.02159075	0
833.15	0	.7152043	.263257	.02153877	0
832.15	0	.714736	.2637754	.02148852	0
831.15	0	.7142972	.2642629	.02143986	0
830.15	0	.7138861	.2647213	.02139267	0
829.15	0	.7135009	.2651523	.02134683	0
828.15	0	.7131402	.2655576	.02130224	0
827.15	0	.7128025	.2659387	.02125882	0
826.15	0	.7124865	.266297	.02121645	0
825.15	0	.712191	.266634	.02117508	0
824.15	0	.7119147	.2669507	.02113462	0
823.15	0	.7116566	.2672484	.02109501	0
822.15	0	.7114157	.2675282	.02105618	0
821.15	0	.7111909	.267791	.02101808	0
820.15	0	.7109814	.268038	.02098064	0
819.15	0	.7107863	.2682699	.02094383	0
818.15	0	.7106048	.2684876	.02090759	0
817.15	0	.7104362	.2686919	.02087188	0
816.15	0	.7102798	.2688836	.02083665	0
815.15	0	.7101348	.2690633	.02080189	0
814.15	0	.7100006	.2692318	.02076754	0
813.15	0	.7098767	.2693897	.02073357	0
812.15	0	.7097625	.2695376	.02069996	0
811.15	0	.7096573	.269676	.02066668	0
810.15	0	.7095608	.2698055	.0206337	0
809.15	0	.7094725	.2699266	.020601	0
808.15	0	.7093918	.2700397	.02056855	0
807.15	0	.7093184	.2701453	.02053633	0
806.15	0	.7092518	.2702439	.02050433	0
805.15	0	.7091917	.2703358	.02047252	0
804.15	0	.7091377	.2704214	.02044088	0
803.15	0	.7090895	.2705011	.02040941	0
802.15	0	.7090466	.2705753	.02037808	0
801.15	0	.7090089	.2706442	.02034688	0
800.15	0	.708976	.2707082	.0203158	0
799.15	0	.7089477	.2707675	.02028482	0
798.15	0	.7089236	.2708224	.02025394	0
797.15	0	.7089036	.2708733	.02022313	0
796.15	0	.7088873	.2709203	.0201924	0
795.15	0	.7088746	.2709637	.02016173	0
794.15	0	.7088652	.2710037	.0201311	0
793.15	0	.708859	.2710405	.02010053	0
792.15	0	.7088557	.2710744	.02006998	0
791.15	0	.7088551	.2711054	.02003946	0
790.15	0	.7088571	.2711339	.02000897	0
789.15	0	.7088616	.2711599	.01997848	0
788.15	0	.7088683	.2711837	.019948	0
787.15	0	.7088771	.2712054	.01991752	0
786.15	0	.7088879	.2712251	.01988704	0
785.15	0	.7089005	.271243	.01985654	0
784.15	0	.7089148	.2712592	.01982603	0
783.15	0	.7089307	.2712738	.0197955	0
782.15	0	.708948	.2712871	.01976495	0
781.15	0	.7089667	.2712989	.01973436	0
780.15	0	.7089867	.2713096	.01970374	0
779.15	0	.7090077	.2713192	.01967309	0
778.15	0	.7090299	.2713277	.01964239	0
777.15	0	.709053	.2713353	.01961165	0
776.15	0	.709077	.2713421	.01958087	0
775.15	0	.7091018	.2713482	.01955003	0
774.15	0	.7091273	.2713535	.01951914	0
773.15	0	.7091535	.2713583	.0194882	0
772.15	0	.7091803	.2713625	.0194572	0
771.15	0	.7092075	.2713663	.01942614	0
770.15	0	.7092353	.2713697	.01939502	0
769.15	0	.7092634	.2713728	.01936383	0
768.15	0	.7092919	.2713755	.01933258	0
767.15	0	.7093207	.2713781	.01930126	0
766.15	0	.7093497	.2713805	.01926987	0
765.15	0	.7093789	.2713827	.01923841	0
764.15	0	.7094082	.2713849	.01920688	0
763.15	0	.7094377	.271387	.01917528	0
762.15	0	.7094672	.2713892	.0191436	0
761.15	0	.7094968	.2713914	.01911184	0
760.15	0	.7095263	.2713937	.01908001	0
759.15	0	.7095558	.2713961	.0190481	0
758.15	0	.7095853	.2713986	.01901611	0
757.15	0	.7096146	.2714014	.01898404	0
756.15	0	.7096438	.2714043	.01895189	0
755.15	0	.7096728	.2714075	.01891966	0
754.15	0	.7097017	.2714109	.01888735	0
753.15	0	.7097304	.2714147	.01885496	0
752.15	0	.7097588	.2714187	.01882248	0
751.15	0	.709787	.2714231	.01878992	0
750.15	0	.7098149	.2714278	.01875728	0
749.15	0	.7098425	.271433	.01872455	0
748.15	0	.7098698	.2714385	.01869174	0
747.15	0	.7098968	.2714444	.01865884	0
746.15	0	.7099235	.2714507	.01862586	0
745.15	0	.7099498	.2714575	.01859279	0
744.15	0	.7099757	.2714647	.01855964	0
743.15	0	.7100012	.2714723	.01852641	0
742.15	0	.7100264	.2714805	.01849308	0
741.15	0	.7100537	.2714873	.01845899	0
740.15	0	.7100779	.2714966	.01842555	0
739.15	0	.7101016	.2715064	.01839202	0
738.15	0	.7101249	.2715167	.01835841	0
737.15	0	.7101479	.2715275	.01832471	0
736.15	0	.7101703	.2715388	.01829091	0
735.15	0	.7101924	.2715506	.01825703	0
734.15	0	.7102139	.271563	.01822307	0
733.15	0	.7102351	.2715759	.01818902	0
732.15	0	.7102557	.2715894	.01815488	0
731.15	0	.710276	.2716034	.01812065	0
730.15	0	.7102957	.271618	.01808635	0
729.15	0	.710315	.2716331	.01805195	0
728.15	0	.7103338	.2716488	.01801747	0
727.15	0	.7103521	.271665	.01798291	0
726.15	0	.7103699	.2716818	.01794826	0
725.15	0	.7103873	.2716992	.01791353	0
724.15	0	.7104041	.2717172	.01787872	0
723.15	0	.7104205	.2717357	.01784383	0
722.15	0	.7104364	.2717548	.01780885	0
721.15	0	.7104518	.2717744	.0177738	0
720.15	0	.7104667	.2717947	.01773866	0
719.15	0	.7104811	.2718155	.01770344	0
718.15	0	.710495	.2718368	.01766815	0
717.15	0	.7105084	.2718588	.01763277	0
716.15	0	.7105214	.2718813	.01759732	0
715.15	0	.7105338	.2719044	.0175618	0
714.15	0	.7105458	.2719281	.01752619	0
713.15	0	.7105572	.2719523	.01749051	0
712.15	0	.7105682	.2719771	.01745475	0
711.15	0	.7105787	.2720024	.01741892	0
710.15	0	.7105887	.2720283	.01738302	0
709.15	0	.7105982	.2720548	.01734704	0
708.15	0	.7106072	.2720818	.01731099	0
707.15	0	.7106157	.2721094	.01727487	0
706.15	0	.7106238	.2721375	.01723867	0
705.15	0	.7106314	.2721662	.01720241	0
704.15	0	.7106385	.2721954	.01716608	0
703.15	0	.7106451	.2722252	.01712968	0
702.15	0	.7106513	.2722555	.0170932	0
701.15	0	.710657	.2722863	.01705667	0
700.15	0	.7106622	.2723177	.01702006	0
699.15	0	.710667	.2723496	.01698339	0
698.15	0	.7106713	.272382	.01694666	0
697.15	0	.7106752	.272415	.01690986	0
696.15	0	.7106786	.2724484	.01687299	0
695.15	0	.7106815	.2724824	.01683607	0
694.15	0	.710684	.2725169	.01679908	0
693.15	0	.7106861	.2725519	.01676203	0
692.15	0	.7106877	.2725874	.01672492	0
691.15	0	.7106889	.2726233	.01668775	0
690.15	0	.7106897	.2726598	.01665053	0
689.15	0	.71069	.2726968	.01661324	0
688.15	0	.7106899	.2727342	.0165759	0
687.15	0	.7106893	.2727722	.0165385	0
686.15	0	.7106884	.2728106	.01650105	0
685.15	0	.710687	.2728494	.01646354	0
684.15	0	.7106853	.2728888	.01642597	0
683.15	0	.7106831	.2729286	.01638836	0
682.15	0	.7106805	.2729688	.01635069	0
681.15	0	.7106775	.2730095	.01631297	0
680.15	0	.7106741	.2730507	.0162752	0
679.15	0	.7106703	.2730923	.01623738	0
678.15	0	.7106661	.2731344	.01619951	0
677.15	0	.7106616	.2731768	.0161616	0
676.15	0	.7106566	.2732197	.01612363	0
675.15	0	.7106513	.2732631	.01608562	0
674.15	0	.7106456	.2733068	.01604757	0
673.15	0	.7106395	.273351	.01600947	0
672.15	0	.7106331	.2733956	.01597132	0
671.15	0	.7106263	.2734406	.01593314	0
670.15	0	.7106191	.273486	.01589491	0
669.15	0	.7106116	.2735318	.01585664	0
668.15	0	.7106037	.2735779	.01581833	0
667.15	0	.7105955	.2736245	.01577998	0
666.15	0	.710587	.2736715	.01574159	0
665.15	0	.7105781	.2737188	.01570317	0
664.15	0	.7105688	.2737665	.01566471	0
663.15	0	.7105592	.2738146	.01562621	0
662.15	0	.7105493	.273863	.01558768	0
661.15	0	.7105391	.2739118	.01554911	0
660.15	0	.7105285	.273961	.01551051	0
659.15	0	.7105177	.2740105	.01547187	0
658.15	0	.7105065	.2740603	.01543321	0
657.15	0	.710495	.2741105	.01539451	0
656.15	0	.7104832	.2741611	.01535579	0
655.15	0	.710471	.2742119	.01531704	0
654.15	0	.7104586	.2742631	.01527826	0
653.15	0	.7104459	.2743146	.01523945	0
652.15	0	.7104329	.2743665	.01520061	0
651.15	0	.7104196	.2744187	.01516175	0
650.15	0	.710406	.2744711	.01512287	0
649.15	0	.7103922	.2745239	.01508396	0
648.15	0	.710378	.274577	.01504503	0
647.15	0	.7103636	.2746303	.01500607	0
646.15	0	.7103489	.274684	.0149671	0
645.15	0	.7103339	.274738	.01492811	0
644.15	0	.7103187	.2747922	.01488909	0
643.15	0	.7103032	.2748467	.01485006	0
642.15	0	.7102875	.2749015	.01481101	0
641.15	0	.7102715	.2749566	.01477195	0
640.15	0	.7102552	.2750119	.01473287	0
639.15	0	.7102387	.2750675	.01469377	0
638.15	0	.710222	.2751233	.01465466	0
637.15	0	.710205	.2751794	.01461554	0
636.15	0	.7101878	.2752358	.01457641	0
635.15	0	.7101703	.2752924	.01453726	0
634.15	0	.7101526	.2753493	.01449811	0
633.15	0	.7101347	.2754063	.01445894	0
632.15	0	.7101166	.2754637	.01441977	0
631.15	0	.7100982	.2755212	.01438059	0
630.15	0	.7100796	.275579	.0143414	0
629.15	0	.7100608	.275637	.01430221	0
628.15	0	.7100418	.2756952	.01426301	0
627.15	0	.7100226	.2757536	.01422381	0
626.15	0	.7100031	.2758122	.01418461	0
625.15	0	.7099835	.2758711	.0141454	0
624.15	0	.7099637	.2759301	.01410619	0
623.15	0	.7099436	.2759894	.01406698	0
622.15	0	.7099234	.2760488	.01402777	0
621.15	0	.709903	.2761084	.01398856	0
620.15	0	.7098824	.2761683	.01394936	0
619.15	0	.7098616	.2762282	.01391016	0
618.15	0	.7098406	.2762884	.01387096	0
617.15	0	.7098195	.2763488	.01383177	0
616.15	0	.7097981	.2764093	.01379258	0
615.15	0	.7097766	.27647	.0137534	0
614.15	0	.709755	.2765308	.01371423	0
613.15	0	.7097331	.2765918	.01367507	0
612.15	0	.7097111	.276653	.01363591	0
611.15	0	.7096889	.2767143	.01359677	0
610.15	0	.7096666	.2767758	.01355763	0
609.15	0	.7096441	.2768374	.01351851	0
608.15	0	.7096215	.2768991	.0134794	0
607.15	0	.7095987	.276961	.01344031	0
606.15	0	.7095757	.277023	.01340123	0
605.15	0	.7095526	.2770852	.01336216	0
604.15	0	.7095294	.2771475	.01332311	0
603.15	0	.709506	.2772099	.01328408	0
602.15	0	.7094825	.2772724	.01324507	0
601.15	0	.7094589	.2773351	.01320608	0
600.15	0	.7094351	.2773978	.0131671	0
599.15	0	.7094112	.2774607	.01312815	0
598.15	0	.7093871	.2775237	.01308922	0
597.15	0	.7093629	.2775868	.01305031	0
596.15	0	.7093386	.2776499	.01301143	0
595.15	0	.7093142	.2777132	.01297257	0
594.15	0	.7092897	.2777766	.01293373	0
593.15	0	.709265	.2778401	.01289492	0
592.15	0	.7092403	.2779036	.01285614	0
591.15	0	.7092154	.2779672	.01281738	0
590.15	0	.7091904	.2780309	.01277866	0
589.15	0	.7091653	.2780947	.01273996	0
588.15	0	.7091401	.2781586	.0127013	0
587.15	0	.7091148	.2782226	.01266266	0
586.15	0	.7090894	.2782865	.01262406	0
585.15	0	.7090639	.2783506	.01258549	0
584.15	0	.7090383	.2784147	.01254696	0
583.15	0	.7090126	.278479	.01250845	0
582.15	0	.7089868	.2785432	.01246999	0
581.15	0	.708961	.2786075	.01243156	0
580.15	0	.708935	.2786718	.01239317	0
579.15	0	.708909	.2787362	.01235482	0
578.15	0	.7088828	.2788007	.0123165	0
577.15	0	.7088566	.2788652	.01227823	0
576.15	0	.7088303	.2789297	.01224	0
575.15	0	.708804	.2789942	.01220181	0
574.15	0	.7087776	.2790588	.01216366	0
573.15	0	.708751	.2791234	.01212555	0
572.15	0	.7087245	.279188	.01208749	0
571.15	0	.7086978	.2792527	.01204947	0
570.15	0	.7086711	.2793174	.0120115	0
569.15	0	.7086444	.2793821	.01197358	0
568.15	0	.7086175	.2794468	.01193571	0
567.15	0	.7085906	.2795115	.01189788	0
566.15	0	.7085637	.2795762	.0118601	0
565.15	0	.7085367	.279641	.01182237	0
564.15	0	.7085096	.2797057	.0117847	0
563.15	0	.7084825	.2797705	.01174707	0
562.15	0	.7084553	.2798352	.0117095	0
561.15	0	.7084281	.2798999	.01167198	0
560.15	0	.7084008	.2799647	.01163451	0
559.15	0	.7083735	.2800294	.01159711	0
558.15	0	.7083462	.2800941	.01155975	0
557.15	0	.7083188	.2801588	.01152246	0
556.15	0	.7082914	.2802234	.01148522	0
555.15	0	.7082639	.2802881	.01144804	0
554.15	0	.7082364	.2803527	.01141091	0
553.15	0	.7082089	.2804173	.01137386	0
552.15	0	.7081813	.2804819	.01133685	0
551.15	0	.7081537	.2805464	.01129992	0
550.15	0	.7081261	.2806109	.01126304	0
549.15	0	.7080984	.2806754	.01122623	0
548.15	0	.7080707	.2807398	.01118948	0
547.15	0	.708043	.2808042	.0111528	0
546.15	0	.7080153	.2808685	.01111618	0
545.15	0	.7079876	.2809328	.01107963	0
544.15	0	.7079598	.2809971	.01104315	0
543.15	0	.707932	.2810613	.01100674	0
542.15	0	.7079042	.2811254	.01097039	0
541.15	0	.7078764	.2811895	.01093412	0
540.15	0	.7078486	.2812535	.01089791	0
539.15	0	.7078207	.2813175	.01086178	0
538.15	0	.7077929	.2813814	.01082572	0
537.15	0	.707765	.2814452	.01078973	0
536.15	0	.7077372	.281509	.01075382	0
535.15	0	.7077093	.2815727	.01071798	0
534.15	0	.7076815	.2816363	.01068221	0
533.15	0	.7076536	.2816999	.01064653	0
532.15	0	.7076257	.2817634	.01061092	0
531.15	0	.7075979	.2818268	.01057538	0
530.15	0	.70757	.2818901	.01053993	0
529.15	0	.7075421	.2819533	.01050456	0
528.15	0	.7075143	.2820164	.01046926	0
527.15	0	.7074864	.2820795	.01043405	0
526.15	0	.7074586	.2821425	.01039892	0
525.15	0	.7074308	.2822054	.01036387	0
524.15	0	.707403	.2822681	.0103289	0
523.15	0	.7073752	.2823308	.01029402	0
522.15	0	.7073474	.2823934	.01025923	0
521.15	0	.7073196	.2824559	.01022452	0
520.15	0	.7072919	.2825183	.01018989	0
519.15	0	.7072641	.2825805	.01015535	0
518.15	0	.7072364	.2826427	.0101209	0
517.15	0	.7072087	.2827048	.01008654	0
516.15	0	.707181	.2827667	.01005227	0
515.15	0	.7071534	.2828285	.01001809	0
514.15	0	.7071257	.2828903	.009983996	0
513.15	0	.7070982	.2829519	.009949997	0
512.15	0	.7070706	.2830133	.00991609	0
511.15	0	.707043	.2830747	.009882276	0
510.15	0	.7070155	.2831359	.009848555	0
509.15	0	.7069881	.283197	.009814929	0
508.15	0	.7069606	.283258	.009781399	0
507.15	0	.7069332	.2833189	.009747964	0
506.15	0	.7069058	.2833796	.009714626	0
505.15	0	.7068785	.2834402	.009681385	0
504.15	0	.7068511	.2835006	.009648243	0
503.15	0	.7068239	.2835609	.009615199	0
502.15	0	.7067967	.2836211	.009582255	0
501.15	0	.7067695	.2836811	.009549412	0
500.15	0	.7067423	.283741	.009516669	0
499.15	0	.7067152	.2838007	.009484028	0
498.15	0	.7066882	.2838604	.009451489	0
497.15	0	.7066611	.2839198	.009419053	0
496.15	0	.7066342	.2839791	.009386721	0
495.15	0	.7066074	.2840382	.009354345	0
494.15	0	.7065805	.2840972	.009322219	0
493.15	0	.7065537	.2841561	.0092902	0
492.15	0	.706527	.2842148	.009258287	0
491.15	0	.7065002	.2842733	.009226481	0
490.15	0	.7064736	.2843316	.009194783	0
489.15	0	.706447	.2843898	.009163194	0
488.15	0	.7064204	.2844479	.009131714	0
487.15	0	.7063939	.2845057	.009100343	0
486.15	0	.7063675	.2845634	.009069083	0
485.15	0	.7063411	.284621	.009037934	0
484.15	0	.7063148	.2846783	.009006897	0
483.15	0	.7062885	.2847355	.008975973	0
482.15	0	.7062623	.2847926	.008945161	0
481.15	0	.7062362	.2848494	.008914464	0
480.15	0	.7062101	.2849061	.00888388	0
479.15	0	.7061841	.2849625	.008853412	0
478.15	0	.7061581	.2850188	.00882306	0
477.15	0	.7061322	.285075	.008792824	0
476.15	0	.7061064	.2851309	.008762704	0
475.15	0	.7060806	.2851867	.008732702	0
474.15	0	.7060549	.2852422	.008702819	0
473.15	0	.7060293	.2852976	.008673054	0
472.15	0	.7060038	.2853528	.008643409	0
471.15	0	.7059783	.2854078	.008613884	0
470.15	0	.7059529	.2854626	.008584479	0
469.15	0	.7059276	.2855172	.008555195	0
468.15	0	.7059023	.2855716	.008526034	0
467.15	0	.7058772	.2856259	.008496995	0
466.15	0	.705852	.2856799	.008468079	0
465.8269	0	.7058439	.2856973	.008458761	0
465.8269	0	.7058439	.2856973	.008458761	0
465.8269	0	.7058439	.2856973	.008458761	0
465.15	0	.7060357	.2852559	.008223493	4.849346E-04
464.15	0	.706318	.2846053	.00787665	.0012001
463.15	0	.7065992	.2839564	.007530683	.00191376
462.15	0	.7068792	.2833093	.007185587	.002625927
461.15	0	.7071582	.2826638	.006841356	.003336614
460.15	0	.7074361	.2820201	.006497983	.004045835
459.15	0	.7077129	.281378	.006155464	.004753603
458.15	0	.7079887	.2807376	.005813793	.00545993
457.15	0	.7082635	.2800988	.005472963	.006164828
456.15	0	.7085372	.2794615	.00513297	.006868312
455.15	0	.7088099	.2788259	.004793807	.007570392
454.15	0	.7090817	.2781918	.00445547	.008271081
453.15	0	.7093525	.2775592	.004117953	.008970392
452.15	0	.7096223	.2769281	.00378125	.009668337
451.15	0	.7098912	.2762986	.003445357	.01036493
450.15	0	.7101591	.2756705	.003110268	.01106017
449.15	0	.7104262	.2750437	.002775987	.01175411
448.15	0	.7106924	.2744184	.002442502	.01244673
447.15	0	.7109577	.2737945	.002109809	.01313804
446.15	0	.7112221	.2731719	.001777901	.01382806
445.15	0	.7114857	.2725507	.001446776	.0145168
444.15	0	.7117485	.2719308	.00111643	.01520428
443.15	0	.7120105	.2713122	7.868586E-04	.0158905
442.15	0	.7122716	.2706948	4.580577E-04	.01657549
441.15	0	.712532	.2700787	1.300238E-04	.01725924
440.753	0	.7126352	.2698344	0	.01753036
440.753	0	.7126352	.2698344	0	.01753036
440.15	0	.7126393	.2696626	0	.01769815
439.15	0	.7126458	.2693784	0	.01797584
438.15	0	.7126522	.269095	0	.0182528
437.15	0	.7126584	.2688125	0	.01852905
436.15	0	.7126645	.2685309	0	.0188046
435.15	0	.7126704	.2682501	0	.01907946
434.15	0	.7126763	.2679701	0	.01935364
433.15	0	.7126819	.2676909	0	.01962713
432.15	0	.7126875	.2674125	0	.01989996
431.15	0	.712693	.2671349	0	.02017213
430.15	0	.7126983	.2668581	0	.02044365
429.15	0	.7127036	.2665819	0	.02071452
428.15	0	.7127087	.2663065	0	.02098475
427.15	0	.7127138	.2660318	0	.02125435
426.15	0	.7127188	.2657579	0	.02152334
425.15	0	.7127237	.2654846	0	.0217917
424.15	0	.7127286	.265212	0	.02205946
423.15	0	.7127334	.26494	0	.02232661
422.15	0	.7127382	.2646687	0	.02259318
421.15	0	.7127428	.264398	0	.02285915
420.15	0	.7127475	.264128	0	.02312454
419.15	0	.7127521	.2638585	0	.02338936
418.15	0	.7127567	.2635897	0	.02365362
417.15	0	.7127613	.2633215	0	.0239173
416.15	0	.7127658	.2630538	0	.02418044
415.15	0	.7127703	.2627867	0	.02444302
414.15	0	.7127748	.2625202	0	.02470506
413.15	0	.7127793	.2622542	0	.02496656
412.15	0	.7127837	.2619887	0	.02522753
411.15	0	.7127882	.2617238	0	.02548798
410.15	0	.7127927	.2614594	0	.0257479
409.15	0	.7127972	.2611955	0	.02600731
408.15	0	.7128017	.2609321	0	.02626621
407.15	0	.7128062	.2606692	0	.0265246
406.15	0	.7128107	.2604068	0	.0267825
405.15	0	.7128152	.2601449	0	.0270399
404.15	0	.7128198	.2598834	0	.02729681
403.15	0	.7128244	.2596224	0	.02755323
402.15	0	.712829	.2593619	0	.02780918
401.15	0	.7128336	.2591017	0	.02806464
400.15	0	.7128383	.2588421	0	.02831964
399.15	0	.712843	.2585828	0	.02857418
398.15	0	.7128478	.258324	0	.02882825
397.15	0	.7128526	.2580656	0	.02908186
396.15	0	.7128574	.2578076	0	.02933502
395.15	0	.7128623	.25755	0	.02958773
394.15	0	.7128673	.2572928	0	.02984
393.15	0	.7128723	.2570359	0	.03009182
392.15	0	.7128773	.2567795	0	.03034321
391.15	0	.7128824	.2565234	0	.03059416
390.15	0	.7128876	.2562678	0	.03084469
389.15	0	.7128928	.2560124	0	.03109479
388.15	0	.7128981	.2557575	0	.03134446
387.15	0	.7129034	.2555029	0	.03159372
386.15	0	.7129088	.2552486	0	.03184257
385.15	0	.7129143	.2549947	0	.032091
384.15	0	.7129199	.2547411	0	.03233902
383.15	0	.7129255	.2544879	0	.03258664
382.15	0	.7129312	.254235	0	.03283386
381.15	0	.7129369	.2539824	0	.03308067
380.15	0	.7129427	.2537302	0	.0333271
379.15	0	.7129486	.2534782	0	.03357313
378.15	0	.7129546	.2532266	0	.03381877
377.15	0	.7129607	.2529753	0	.03406402
376.15	0	.7129668	.2527243	0	.03430889
375.15	0	.712973	.2524736	0	.03455338
374.15	0	.7129793	.2522232	0	.03479749
373.15	0	.7129857	.2519731	0	.03504122
372.15	0	.7129922	.2517233	0	.03528458
371.15	0	.7129987	.2514737	0	.03552757
370.15	0	.7130053	.2512245	0	.03577019
369.15	0	.713012	.2509755	0	.03601245
368.15	0	.7130188	.2507268	0	.03625434
367.15	0	.7130257	.2504784	0	.03649587
366.15	0	.7130327	.2502303	0	.03673705
365.15	0	.7130397	.2499824	0	.03697786
364.15	0	.7130468	.2497349	0	.03721832
363.15	0	.7130541	.2494875	0	.03745843
362.15	0	.7130614	.2492405	0	.03769819
361.15	0	.7130687	.2489937	0	.0379376
360.15	0	.7130762	.2487471	0	.03817667
359.15	0	.7130838	.2485008	0	.03841539
358.15	0	.7130914	.2482548	0	.03865377
357.15	0	.7130992	.248009	0	.03889181
356.15	0	.713107	.2477635	0	.03912951
355.15	0	.7131149	.2475182	0	.03936687
354.15	0	.7131229	.2472732	0	.0396039
353.15	0	.713131	.2470284	0	.03984059
352.15	0	.7131392	.2467838	0	.04007696
351.15	0	.7131475	.2465395	0	.04031299
350.15	0	.7131559	.2462955	0	.04054869
349.15	0	.7131643	.2460516	0	.04078407
348.15	0	.7131728	.245808	0	.04101912
347.15	0	.7131815	.2455647	0	.04125385
346.15	0	.7131902	.2453216	0	.04148826
345.15	0	.713199	.2450787	0	.04172234
344.15	0	.7132079	.244836	0	.04195611
343.15	0	.7132169	.2445936	0	.04218955
342.15	0	.7132259	.2443514	0	.04242268
341.15	0	.7132351	.2441094	0	.0426555
340.15	0	.7132443	.2438677	0	.042888
339.15	0	.7132537	.2436262	0	.04312018
338.15	0	.7132631	.2433849	0	.04335206
337.15	0	.7132726	.2431438	0	.04358362
336.15	0	.7132822	.242903	0	.04381487
335.15	0	.7132919	.2426623	0	.04404582
334.15	0	.7133016	.2424219	0	.04427645
333.15	0	.7133115	.2421818	0	.04450678
332.15	0	.7133214	.2419418	0	.04473681
331.15	0	.7133314	.2417021	0	.04496653
330.15	0	.7133415	.2414625	0	.04519594
329.15	0	.7133517	.2412232	0	.04542505
328.15	0	.713362	.2409842	0	.04565387
327.15	0	.7133723	.2407453	0	.04588238
326.15	0	.7133828	.2405066	0	.04611059
325.15	0	.7133933	.2402682	0	.0463385
324.15	0	.7134039	.24003	0	.04656611
323.15	0	.7134146	.239792	0	.04679343
322.15	0	.7134254	.2395542	0	.04702044
321.15	0	.7134362	.2393166	0	.04724717
320.15	0	.7134471	.2390793	0	.04747359
319.15	0	.7134582	.2388421	0	.04769973
318.15	0	.7134692	.2386052	0	.04792557
317.15	0	.7134804	.2383685	0	.04815111
316.15	0	.7134917	.238132	0	.04837637
315.15	0	.713503	.2378957	0	.04860133
314.15	0	.7135144	.2376596	0	.048826
313.15	0	.7135259	.2374238	0	.04905038
312.15	0	.7135374	.2371881	0	.04927447
311.15	0	.7135491	.2369527	0	.04949827
310.15	0	.7135608	.2367174	0	.04972178
309.15	0	.7135726	.2364824	0	.049945
308.15	0	.7135844	.2362476	0	.05016794
307.15	0	.7135964	.236013	0	.05039059
306.15	0	.7136084	.2357787	0	.05061295
305.15	0	.7136205	.2355445	0	.05083502
304.15	0	.7136326	.2353105	0	.05105681
303.15	0	.7136449	.2350768	0	.05127832
302.15	0	.7136572	.2348433	0	.05149954
301.15	0	.7136696	.23461	0	.05172047
300.15	0	.713682	.2343769	0	.05194112
299.15	0	.7136945	.234144	0	.05216149
298.15	0	.7137071	.2339113	0	.05238157
