T	 BPW(LIQUID)	BPW(BCC_A2)	BPW(FCC_A1)	BPW(LAVES_PHASE_C14)	BPW(NI3TI)
1473.15	.07809447	.6600724	0	.2618331	0
1472.15	.07371047	.6629319	0	.2633576	0
1471.15	.06941144	.6657312	0	.2648573	0
1470.15	.06519498	.668472	0	.266333	0
1469.15	.06105882	.6711559	0	.2677853	0
1468.15	.05700074	.6737844	0	.2692148	0
1467.15	.0530186	.6763591	0	.2706223	0
1466.15	.04911035	.6788812	0	.2720084	0
1465.15	.04527401	.6813524	0	.2733736	0
1464.15	.04150764	.6837738	0	.2747186	0
1463.15	.03780939	.6861468	0	.2760438	0
1462.15	.03417747	.6884727	0	.2773499	0
1461.15	.03061014	.6907526	0	.2786373	0
1460.15	.02710574	.6929877	0	.2799066	0
1459.15	.02366263	.6951792	0	.2811582	0
1458.15	.02027925	.6973282	0	.2823926	0
1457.15	.01695409	.6994357	0	.2836103	0
1456.15	.01368568	.7015027	0	.2848116	0
1455.15	.01047258	.7035303	0	.2859971	0
1454.15	.007313439	.7055194	0	.2871671	0
1453.15	.004206909	.707471	0	.2883221	0
1452.15	.001151703	.709386	0	.2894623	0
1451.769	0	.7101067	0	.2898933	0
1451.769	0	.7101067	0	.2898933	0
1451.15	0	.7097636	0	.2902364	0
1450.15	0	.7092102	0	.2907898	0
1449.15	0	.7086583	0	.2913417	0
1448.15	0	.7081077	0	.2918923	0
1447.15	0	.7075586	0	.2924414	0
1446.15	0	.7070109	0	.2929891	0
1445.15	0	.7064645	0	.2935355	0
1444.15	0	.7059196	0	.2940804	0
1443.15	0	.705376	0	.294624	0
1442.15	0	.7048338	0	.2951662	0
1441.15	0	.7042931	0	.2957069	0
1440.15	0	.7037536	0	.2962464	0
1439.15	0	.7032156	0	.2967844	0
1438.15	0	.7026789	0	.2973211	0
1437.15	0	.7021436	0	.2978564	0
1436.15	0	.7016096	0	.2983904	0
1435.15	0	.7010769	0	.2989231	0
1434.15	0	.7005456	0	.2994544	0
1433.15	0	.7000157	0	.2999843	0
1432.15	0	.6994871	0	.3005129	0
1431.15	0	.6989598	0	.3010402	0
1430.15	0	.6984338	0	.3015662	0
1429.15	0	.6979092	0	.3020909	0
1428.15	0	.6973858	0	.3026142	0
1427.15	0	.6968638	0	.3031362	0
1426.15	0	.6963431	0	.3036569	0
1425.15	0	.6958237	0	.3041764	0
1424.15	0	.6953055	0	.3046945	0
1423.15	0	.6947887	0	.3052113	0
1422.15	0	.6942731	0	.3057269	0
1421.15	0	.6937589	0	.3062411	0
1420.15	0	.6932459	0	.3067541	0
1419.15	0	.6927342	0	.3072658	0
1418.15	0	.6922237	0	.3077763	0
1417.15	0	.6917146	0	.3082855	0
1416.15	0	.6912066	0	.3087934	0
1415.15	0	.6907	0	.3093	0
1414.15	0	.6901945	0	.3098055	0
1413.15	0	.6896904	0	.3103096	0
1412.15	0	.6891875	0	.3108126	0
1411.15	0	.6886858	0	.3113142	0
1410.15	0	.6881853	0	.3118147	0
1409.15	0	.6876861	0	.3123139	0
1408.15	0	.6871881	0	.3128119	0
1407.15	0	.6866913	0	.3133087	0
1406.15	0	.6861957	0	.3138043	0
1405.15	0	.6857014	0	.3142986	0
1404.15	0	.6852082	0	.3147918	0
1403.15	0	.6847163	0	.3152837	0
1402.15	0	.6842255	0	.3157745	0
1401.15	0	.683736	0	.316264	0
1400.15	0	.6832476	0	.3167524	0
1399.15	0	.6827605	0	.3172395	0
1398.15	0	.6822745	0	.3177255	0
1397.15	0	.6817897	0	.3182103	0
1396.15	0	.6813061	0	.3186939	0
1395.15	0	.6808236	0	.3191764	0
1394.15	0	.6803423	0	.3196577	0
1393.15	0	.6798622	0	.3201378	0
1392.15	0	.6793832	0	.3206168	0
1391.15	0	.6789054	0	.3210946	0
1390.15	0	.6784287	0	.3215713	0
1389.15	0	.6779532	0	.3220468	0
1388.15	0	.6774788	0	.3225212	0
1387.15	0	.6770056	0	.3229944	0
1386.15	0	.6765335	0	.3234665	0
1385.15	0	.6760626	0	.3239374	0
1384.15	0	.6755927	0	.3244073	0
1383.15	0	.675124	0	.324876	0
1382.15	0	.6746564	0	.3253436	0
1381.15	0	.67419	0	.3258101	0
1380.15	0	.6737246	0	.3262754	0
1379.15	0	.6732603	0	.3267397	0
1378.15	0	.6727972	0	.3272028	0
1377.15	0	.6723352	0	.3276648	0
1376.15	0	.6718742	0	.3281258	0
1375.15	0	.6714144	0	.3285856	0
1374.15	0	.6709556	0	.3290444	0
1373.15	0	.6704979	0	.3295021	0
1372.15	0	.6700413	0	.3299587	0
1371.15	0	.6695858	0	.3304142	0
1370.15	0	.6691314	0	.3308686	0
1369.15	0	.6686781	0	.3313219	0
1368.15	0	.6682258	0	.3317742	0
1367.15	0	.6677746	0	.3322255	0
1366.15	0	.6673244	0	.3326756	0
1365.15	0	.6668753	0	.3331247	0
1364.15	0	.6664273	0	.3335728	0
1363.15	0	.6659803	0	.3340197	0
1362.15	0	.6655343	0	.3344657	0
1361.15	0	.6650894	0	.3349106	0
1360.15	0	.6646456	0	.3353544	0
1359.15	0	.6642028	0	.3357972	0
1358.15	0	.663761	0	.336239	0
1357.15	0	.6633202	0	.3366798	0
1356.15	0	.6628805	0	.3371195	0
1355.15	0	.6624418	0	.3375582	0
1354.15	0	.6620041	0	.3379959	0
1353.15	0	.6615675	0	.3384325	0
1352.15	0	.6611318	0	.3388682	0
1351.15	0	.6606972	0	.3393028	0
1350.15	0	.6602636	0	.3397364	0
1349.15	0	.659831	0	.340169	0
1348.15	0	.6593994	0	.3406006	0
1347.15	0	.6589688	0	.3410312	0
1346.15	0	.6585392	0	.3414609	0
1345.15	0	.6581105	0	.3418895	0
1344.15	0	.6576829	0	.3423171	0
1343.15	0	.6572563	0	.3427438	0
1342.15	0	.6568306	0	.3431694	0
1341.15	0	.6564059	0	.3435941	0
1340.15	0	.6559822	0	.3440178	0
1339.15	0	.6555595	0	.3444405	0
1338.15	0	.6551377	0	.3448623	0
1337.15	0	.6547169	0	.3452831	0
1336.15	0	.6542971	0	.3457029	0
1335.15	0	.6538782	0	.3461218	0
1334.15	0	.6534603	0	.3465397	0
1333.15	0	.6530434	0	.3469567	0
1332.15	0	.6526274	0	.3473727	0
1331.15	0	.6522123	0	.3477877	0
1330.15	0	.6517982	0	.3482018	0
1329.15	0	.651385	0	.348615	0
1328.15	0	.6509728	0	.3490272	0
1327.15	0	.6505616	0	.3494385	0
1326.15	0	.6501512	0	.3498488	0
1325.15	0	.6497418	0	.3502582	0
1324.15	0	.6493333	0	.3506667	0
1323.15	0	.6489258	0	.3510743	0
1322.15	0	.6485191	0	.3514809	0
1321.15	0	.6481134	0	.3518866	0
1320.15	0	.6477086	0	.3522914	0
1319.15	0	.6473047	0	.3526953	0
1318.15	0	.6469018	0	.3530982	0
1317.15	0	.6464997	0	.3535003	0
1316.15	0	.6460986	0	.3539015	0
1315.15	0	.6456983	0	.3543017	0
1314.15	0	.645299	0	.354701	0
1313.15	0	.6449005	0	.3550995	0
1312.15	0	.644503	0	.3554971	0
1311.15	0	.6441063	0	.3558937	0
1310.15	0	.6437105	0	.3562895	0
1309.15	0	.6433156	0	.3566844	0
1308.15	0	.6429217	0	.3570784	0
1307.15	0	.6425285	0	.3574715	0
1306.15	0	.6421363	0	.3578637	0
1305.15	0	.6417449	0	.3582551	0
1304.15	0	.6413545	0	.3586455	0
1303.15	0	.6409648	0	.3590352	0
1302.15	0	.6405761	0	.3594239	0
1301.15	0	.6401882	0	.3598118	0
1300.15	0	.6398012	0	.3601988	0
1299.15	0	.6394151	0	.3605849	0
1298.15	0	.6390298	0	.3609702	0
1297.15	0	.6386453	0	.3613547	0
1296.15	0	.6382617	0	.3617383	0
1295.15	0	.637879	0	.362121	0
1294.15	0	.6374971	0	.3625029	0
1293.15	0	.6371161	0	.3628839	0
1292.15	0	.6367359	0	.3632641	0
1291.15	0	.6363565	0	.3636435	0
1290.15	0	.635978	0	.364022	0
1289.15	0	.6356003	0	.3643997	0
1288.15	0	.6352235	0	.3647765	0
1287.15	0	.6348475	0	.3651525	0
1286.15	0	.6344723	0	.3655277	0
1285.15	0	.6340979	0	.3659021	0
1284.15	0	.6337244	0	.3662756	0
1283.15	0	.6333517	0	.3666483	0
1282.15	0	.6329798	0	.3670202	0
1281.15	0	.6326087	0	.3673913	0
1280.15	0	.6322385	0	.3677615	0
1279.15	0	.631869	0	.368131	0
1278.15	0	.6315004	0	.3684996	0
1277.15	0	.6311325	0	.3688675	0
1276.15	0	.6307655	0	.3692345	0
1275.15	0	.6303993	0	.3696007	0
1274.15	0	.6300338	0	.3699662	0
1273.15	0	.6296692	0	.3703308	0
1272.15	0	.6293054	0	.3706946	0
1271.15	0	.6289423	0	.3710577	0
1270.15	0	.6285801	0	.3714199	0
1269.15	0	.6282186	0	.3717814	0
1268.15	0	.627858	0	.372142	0
1267.15	0	.6274981	0	.3725019	0
1266.15	0	.627139	0	.372861	0
1265.15	0	.6267806	0	.3732194	0
1264.15	0	.6264231	0	.3735769	0
1263.15	0	.6260663	0	.3739337	0
1262.15	0	.6257103	0	.3742897	0
1261.15	0	.6253551	0	.3746449	0
1260.15	0	.6250006	0	.3749994	0
1259.15	0	.624647	0	.3753531	0
1258.15	0	.624294	0	.375706	0
1257.15	0	.6239419	0	.3760581	0
1256.15	0	.6235905	0	.3764095	0
1255.15	0	.6232398	0	.3767602	0
1254.15	0	.6228899	0	.3771101	0
1253.15	0	.6225408	0	.3774592	0
1252.15	0	.6221924	0	.3778076	0
1251.15	0	.6218448	0	.3781552	0
1250.15	0	.6214979	0	.3785021	0
1249.15	0	.6211518	0	.3788482	0
1248.15	0	.6208064	0	.3791936	0
1247.15	0	.6204617	0	.3795383	0
1246.15	0	.6201178	0	.3798822	0
1245.15	0	.6197746	0	.3802254	0
1244.15	0	.6194322	0	.3805678	0
1243.15	0	.6190905	0	.3809095	0
1242.15	0	.6187495	0	.3812505	0
1241.15	0	.6184093	0	.3815907	0
1240.15	0	.6180698	0	.3819302	0
1239.15	0	.617731	0	.382269	0
1238.15	0	.6173929	0	.3826071	0
1237.15	0	.6170556	0	.3829444	0
1236.15	0	.6167189	0	.3832811	0
1235.15	0	.616383	0	.383617	0
1234.15	0	.6160479	0	.3839522	0
1233.15	0	.6157134	0	.3842866	0
1232.15	0	.6153796	0	.3846204	0
1231.15	0	.6150466	0	.3849534	0
1230.15	0	.6147142	0	.3852858	0
1229.15	0	.6143826	0	.3856174	0
1228.15	0	.6140517	0	.3859483	0
1227.15	0	.6137214	0	.3862786	0
1226.15	0	.6133919	0	.3866081	0
1225.15	0	.6130631	0	.3869369	0
1224.15	0	.6127349	0	.3872651	0
1223.15	0	.6124075	0	.3875925	0
1222.15	0	.6120808	0	.3879192	0
1221.15	0	.6117547	0	.3882453	0
1220.15	0	.6114293	0	.3885707	0
1219.15	0	.6111047	0	.3888953	0
1218.15	0	.6107807	0	.3892193	0
1217.15	0	.6104574	0	.3895426	0
1216.15	0	.6101348	0	.3898652	0
1215.15	0	.6098128	0	.3901872	0
1214.15	0	.6094916	0	.3905084	0
1213.15	0	.609171	0	.390829	0
1212.15	0	.6088511	0	.3911489	0
1211.15	0	.6085319	0	.3914681	0
1210.15	0	.6082133	0	.3917867	0
1209.15	0	.6078954	0	.3921046	0
1208.15	0	.6075782	0	.3924218	0
1207.15	0	.6072617	0	.3927383	0
1206.15	0	.6069458	0	.3930542	0
1205.15	0	.6066306	0	.3933694	0
1204.15	0	.606316	0	.393684	0
1203.15	0	.6060021	0	.3939979	0
1202.15	0	.6056889	0	.3943111	0
1201.15	0	.6053763	0	.3946237	0
1200.15	0	.6050644	0	.3949357	0
1199.15	0	.6047531	0	.3952469	0
1198.15	0	.6044425	0	.3955575	0
1197.15	0	.6041325	0	.3958675	0
1196.15	0	.6038232	0	.3961768	0
1195.15	0	.6035145	0	.3964855	0
1194.15	0	.6032065	0	.3967935	0
1193.15	0	.6028991	0	.3971009	0
1192.15	0	.6025923	0	.3974077	0
1191.15	0	.6022862	0	.3977138	0
1190.15	0	.6019808	0	.3980192	0
1189.15	0	.601676	0	.3983241	0
1188.15	0	.6013718	0	.3986282	0
1187.15	0	.6010682	0	.3989318	0
1186.15	0	.6007653	0	.3992347	0
1185.15	0	.600463	0	.399537	0
1184.15	0	.6001614	0	.3998387	0
1183.15	0	.5998603	0	.4001397	0
1182.15	0	.5995599	0	.4004401	0
1181.15	0	.5992601	0	.4007399	0
1180.15	0	.598961	0	.401039	0
1179.15	0	.5986624	0	.4013376	0
1178.15	0	.5983645	0	.4016355	0
1177.15	0	.5980673	0	.4019328	0
1176.15	0	.5977706	0	.4022294	0
1175.15	0	.5974745	0	.4025255	0
1174.15	0	.5971791	0	.4028209	0
1173.15	0	.5968843	0	.4031157	0
1172.15	0	.59659	0	.40341	0
1171.15	0	.5962964	0	.4037036	0
1170.15	0	.5960034	0	.4039966	0
1169.15	0	.5957111	0	.404289	0
1168.15	0	.5954193	0	.4045807	0
1167.15	0	.5951281	0	.4048719	0
1166.15	0	.5948375	0	.4051625	0
1165.15	0	.5945475	0	.4054525	0
1164.15	0	.5942582	0	.4057418	0
1163.15	0	.5939694	0	.4060306	0
1162.15	0	.5936812	0	.4063188	0
1161.15	0	.5933936	0	.4066064	0
1160.15	0	.5931067	0	.4068933	0
1159.15	0	.5928203	0	.4071797	0
1158.15	0	.5925345	0	.4074655	0
1157.15	0	.5922493	0	.4077507	0
1156.15	0	.5919647	0	.4080353	0
1155.15	0	.5916806	0	.4083194	0
1154.15	0	.5913972	0	.4086028	0
1153.15	0	.5911143	0	.4088857	0
1152.15	0	.5908321	0	.409168	0
1151.15	0	.5905504	0	.4094496	0
1150.15	0	.5902692	0	.4097308	0
1149.15	0	.5899887	0	.4100113	0
1148.15	0	.5897088	0	.4102912	0
1147.15	0	.5894294	0	.4105706	0
1146.15	0	.5891506	0	.4108494	0
1145.15	0	.5888724	0	.4111276	0
1144.15	0	.5885948	0	.4114053	0
1143.15	0	.5883177	0	.4116823	0
1142.15	0	.5880412	0	.4119588	0
1141.15	0	.5877653	0	.4122348	0
1140.15	0	.5874899	0	.4125101	0
1139.15	0	.5872151	0	.4127849	0
1138.15	0	.5869409	0	.4130591	0
1137.15	0	.5866672	0	.4133328	0
1136.15	0	.5863941	0	.4136059	0
1135.15	0	.5861215	0	.4138785	0
1134.15	0	.5858496	0	.4141504	0
1133.15	0	.5855782	0	.4144218	0
1132.15	0	.5853073	0	.4146927	0
1131.15	0	.585037	0	.414963	0
1130.15	0	.5847672	0	.4152328	0
1129.15	0	.5844981	0	.4155019	0
1128.15	0	.5842294	0	.4157706	0
1127.15	0	.5839613	0	.4160387	0
1126.15	0	.5836938	0	.4163062	0
1125.15	0	.5834268	0	.4165732	0
1124.15	0	.5831604	0	.4168396	0
1123.15	0	.5828945	0	.4171055	0
1122.15	0	.5826292	0	.4173708	0
1121.15	0	.5823644	0	.4176356	0
1120.15	0	.5821001	0	.4178999	0
1119.15	0	.5818364	0	.4181636	0
1118.15	0	.5815733	0	.4184267	0
1117.15	0	.5813106	0	.4186894	0
1116.15	0	.5810486	0	.4189514	0
1115.15	0	.580787	0	.419213	0
1114.15	0	.580526	0	.419474	0
1113.15	0	.5802656	0	.4197344	0
1112.15	0	.5800056	0	.4199944	0
1111.15	0	.5797462	0	.4202538	0
1110.15	0	.5794873	0	.4205127	0
1109.15	0	.579229	0	.420771	0
1108.15	0	.5789712	0	.4210288	0
1107.15	0	.5787139	0	.4212861	0
1106.15	0	.5784572	0	.4215428	0
1105.15	0	.578201	0	.421799	0
1104.15	0	.5779453	0	.4220547	0
1103.15	0	.5776901	0	.4223099	0
1102.15	0	.5774355	0	.4225645	0
1101.15	0	.5771814	0	.4228186	0
1100.15	0	.5769278	0	.4230722	0
1099.15	0	.5766747	0	.4233253	0
1098.15	0	.5764221	0	.4235779	0
1097.15	0	.5761701	0	.4238299	0
1096.15	0	.5759186	0	.4240814	0
1095.15	0	.5756676	0	.4243324	0
1094.15	0	.5754171	0	.4245829	0
1093.15	0	.5751672	0	.4248328	0
1092.15	0	.5749177	0	.4250823	0
1091.15	0	.5746688	0	.4253312	0
1090.15	0	.5744204	0	.4255796	0
1089.15	0	.5741724	0	.4258276	0
1088.15	0	.573925	0	.426075	0
1087.15	0	.5736781	0	.4263219	0
1086.15	0	.5734318	0	.4265682	0
1085.15	0	.5731859	0	.4268141	0
1084.15	0	.5729405	0	.4270595	0
1083.15	0	.5726956	0	.4273044	0
1082.15	0	.5724513	0	.4275487	0
1081.15	0	.5722074	0	.4277926	0
1080.15	0	.5719641	0	.4280359	0
1079.15	0	.5717212	0	.4282788	0
1078.15	0	.5714788	0	.4285212	0
1077.15	0	.571237	0	.428763	0
1076.15	0	.5709956	0	.4290044	0
1075.15	0	.5707548	0	.4292452	0
1074.15	0	.5705144	0	.4294856	0
1073.15	0	.5702746	0	.4297254	0
1072.15	0	.5700352	0	.4299648	0
1071.15	0	.5697963	0	.4302037	0
1070.15	0	.5695579	0	.4304421	0
1069.15	0	.56932	0	.43068	0
1068.15	0	.5690826	0	.4309174	0
1067.15	0	.5688457	0	.4311543	0
1066.15	0	.5686093	0	.4313907	0
1065.15	0	.5683734	0	.4316266	0
1064.15	0	.5681379	0	.4318621	0
1063.15	0	.567903	0	.432097	0
1062.15	0	.5676685	0	.4323315	0
1061.15	0	.5674345	0	.4325655	0
1060.15	0	.567201	0	.432799	0
1059.15	0	.566968	0	.433032	0
1058.15	0	.5667355	0	.4332645	0
1057.15	0	.5665034	0	.4334966	0
1056.15	0	.5662719	0	.4337281	0
1055.15	0	.5660408	0	.4339592	0
1054.15	0	.5658102	0	.4341898	0
1053.15	0	.56558	0	.43442	0
1052.15	0	.5653504	0	.4346496	0
1051.15	0	.5651212	0	.4348788	0
1050.15	0	.5648925	0	.4351075	0
1049.15	0	.5646643	0	.4353357	0
1048.15	0	.5644365	0	.4355635	0
1047.15	0	.5642093	0	.4357908	0
1046.15	0	.5639825	0	.4360176	0
1045.15	0	.5637561	0	.4362439	0
1044.15	0	.5635303	0	.4364698	0
1043.15	0	.5633049	0	.4366951	0
1042.15	0	.5630799	0	.4369201	0
1041.15	0	.5628555	0	.4371445	0
1040.15	0	.5626315	0	.4373685	0
1039.15	0	.562408	0	.437592	0
1038.15	0	.5621849	0	.4378151	0
1037.15	0	.5619624	0	.4380377	0
1036.15	0	.5617402	0	.4382598	0
1035.15	0	.5615186	0	.4384814	0
1034.15	0	.5612974	0	.4387026	0
1033.15	0	.5610767	0	.4389233	0
1032.15	0	.5608564	0	.4391436	0
1031.15	0	.5606366	0	.4393634	0
1030.15	0	.5604172	0	.4395828	0
1029.15	0	.5601984	0	.4398016	0
1028.15	0	.5599799	0	.4400201	0
1027.15	0	.559762	0	.440238	0
1026.15	0	.5595445	0	.4404555	0
1025.15	0	.5593274	0	.4406726	0
1024.15	0	.5591108	0	.4408892	0
1023.15	0	.5588947	0	.4411053	0
1022.15	0	.558679	0	.441321	0
1021.15	0	.5584638	0	.4415362	0
1020.15	0	.558249	0	.441751	0
1019.15	0	.5580347	0	.4419654	0
1018.15	0	.5578208	0	.4421792	0
1017.15	0	.5576073	0	.4423927	0
1016.15	0	.5573944	0	.4426056	0
1015.15	0	.5571819	0	.4428181	0
1014.15	0	.5569698	0	.4430302	0
1013.15	0	.5567582	0	.4432418	0
1012.15	0	.556547	0	.443453	0
1011.15	0	.5563363	0	.4436637	0
1010.15	0	.556126	0	.443874	0
1009.15	0	.5559162	0	.4440839	0
1008.15	0	.5557068	0	.4442932	0
1007.15	0	.5554978	0	.4445022	0
1006.15	0	.5552893	0	.4447107	0
1005.15	0	.5550813	0	.4449187	0
1004.15	0	.5548737	0	.4451264	0
1003.15	0	.5546665	0	.4453335	0
1002.15	0	.5544598	0	.4455403	0
1001.15	0	.5542535	0	.4457465	0
1000.15	0	.5540476	0	.4459524	0
999.15	0	.5538422	0	.4461578	0
998.15	0	.5536372	0	.4463628	0
997.15	0	.5534327	0	.4465673	0
996.15	0	.5532286	0	.4467714	0
995.15	0	.553025	0	.4469751	0
994.15	0	.5528217	0	.4471783	0
993.15	0	.552619	0	.4473811	0
992.15	0	.5524166	0	.4475834	0
991.15	0	.5522147	0	.4477853	0
990.15	0	.5520132	0	.4479868	0
989.15	0	.5518122	0	.4481878	0
988.15	0	.5516115	0	.4483885	0
987.15	0	.5514114	0	.4485886	0
986.15	0	.5512116	0	.4487884	0
985.15	0	.5510123	0	.4489877	0
984.15	0	.5508134	0	.4491866	0
983.15	0	.550615	0	.449385	0
982.15	0	.550417	0	.4495831	0
981.15	0	.5502193	0	.4497807	0
980.15	0	.5500222	0	.4499778	0
979.15	0	.5498255	0	.4501746	0
978.15	0	.5496291	0	.4503709	0
977.15	0	.5494332	0	.4505668	0
976.15	0	.5492378	0	.4507622	0
975.15	0	.5490428	0	.4509572	0
974.15	0	.5488482	0	.4511518	0
973.15	0	.548654	0	.451346	0
972.15	0	.5484602	0	.4515398	0
971.15	0	.5482669	0	.4517331	0
970.15	0	.548074	0	.451926	0
969.15	0	.5478815	0	.4521185	0
968.15	0	.5476894	0	.4523106	0
967.15	0	.5474978	0	.4525022	0
966.15	0	.5473066	0	.4526934	0
965.15	0	.5471158	0	.4528842	0
964.15	0	.5469254	0	.4530746	0
963.15	0	.5467354	0	.4532646	0
962.15	0	.5465459	0	.4534541	0
961.15	0	.5463568	0	.4536433	0
960.15	0	.546168	0	.453832	0
959.15	0	.5459797	0	.4540203	0
958.15	0	.5457919	0	.4542081	0
957.15	0	.5456044	0	.4543956	0
956.15	0	.5454174	0	.4545826	0
955.15	0	.5452308	0	.4547692	0
954.15	0	.5450446	0	.4549554	0
953.15	0	.5448588	0	.4551412	0
952.15	0	.5446734	0	.4553266	0
951.15	0	.5444884	0	.4555116	0
950.15	0	.5443039	0	.4556961	0
949.15	0	.5441197	0	.4558803	0
948.15	0	.543936	0	.456064	0
947.5866	0	.5438327	0	.4561673	0
947.5866	0	.5438327	0	.4561673	0
947.5866	0	.5438327	0	.4561673	0
947.15	0	.5435467	2.279117E-04	.4562254	0
946.15	0	.5428929	7.490541E-04	.4563581	0
945.15	0	.5422409	.001268991	.4564901	0
944.15	0	.5415907	.00178773	.4566216	0
943.15	0	.5409423	.00230528	.4567524	0
942.15	0	.5402957	.002821647	.4568827	0
941.15	0	.5396509	.00333684	.4570123	0
940.15	0	.5390078	.003850869	.4571413	0
939.15	0	.5383665	.004363741	.4572697	0
938.15	0	.537727	.004875465	.4573975	0
937.15	0	.5370893	.005386051	.4575247	0
936.15	0	.5364532	.005895508	.4576512	0
935.15	0	.535819	.006403846	.4577772	0
934.15	0	.5351865	.006911075	.4579025	0
933.15	0	.5345557	.007417205	.4580271	0
932.15	0	.5339266	.007922247	.4581511	0
931.15	0	.5332993	.008426211	.4582745	0
930.15	0	.5326736	.008929109	.4583973	0
929.15	0	.5320497	.009430952	.4585194	0
928.15	0	.5314274	.009931753	.4586408	0
927.15	0	.5308068	.01043152	.4587616	0
926.15	0	.530188	.01093027	.4588818	0
925.15	0	.5295707	.01142802	.4590013	0
924.15	0	.5289552	.01192477	.4591201	0
923.15	0	.5283412	.01242054	.4592382	0
922.15	0	.527729	.01291535	.4593557	0
921.15	0	.5271183	.01340921	.4594725	0
920.15	0	.5265093	.01390213	.4595886	0
919.15	0	.5259018	.01439413	.4597041	0
918.15	0	.525296	.01488522	.4598188	0
917.15	0	.5246917	.01537543	.4599329	0
916.15	0	.524089	.01586476	.4600462	0
915.15	0	.5234879	.01635323	.4601589	0
914.15	0	.5228883	.01684086	.4602708	0
913.15	0	.5222903	.01732767	.4603821	0
912.15	0	.5216938	.01781368	.4604926	0
911.15	0	.5210987	.0182989	.4606024	0
910.15	0	.5205052	.01878336	.4607114	0
909.15	0	.5199132	.01926707	.4608198	0
908.15	0	.5193226	.01975005	.4609274	0
907.15	0	.5187335	.02023233	.4610342	0
906.15	0	.5181458	.02071392	.4611403	0
905.15	0	.5175595	.02119485	.4612457	0
904.15	0	.5169746	.02167514	.4613502	0
903.15	0	.5163911	.02215481	.4614541	0
902.15	0	.515809	.02263389	.4615571	0
901.15	0	.5152282	.0231124	.4616594	0
900.15	0	.5146488	.02359037	.4617609	0
899.15	0	.5140707	.02406782	.4618615	0
898.15	0	.5134938	.02454477	.4619614	0
897.15	0	.5129182	.02502127	.4620605	0
896.15	0	.5123439	.02549732	.4621588	0
895.15	0	.5117708	.02597297	.4622562	0
894.15	0	.5111989	.02644824	.4623529	0
893.15	0	.5106282	.02692317	.4624487	0
892.15	0	.5100586	.02739777	.4625436	0
891.15	0	.5094902	.02787209	.4626377	0
890.15	0	.5089229	.02834616	.462731	0
889.15	0	.5083567	.02882001	.4628233	0
888.15	0	.5077915	.02929368	.4629148	0
887.15	0	.5072273	.0297672	.4630055	0
886.15	0	.5066642	.0302406	.4630952	0
885.15	0	.506102	.03071394	.463184	0
884.15	0	.5055408	.03118724	.4632719	0
883.15	0	.5049805	.03166054	.4633589	0
882.15	0	.5044211	.03213389	.463445	0
881.15	0	.5038625	.03260733	.4635301	0
880.15	0	.5033048	.03308091	.4636143	0
879.15	0	.5027478	.03355466	.4636976	0
878.15	0	.5021916	.03402863	.4637798	0
877.15	0	.5016361	.03450287	.4638611	0
876.15	0	.5010812	.03497743	.4639414	0
875.15	0	.500527	.03545236	.4640206	0
874.15	0	.4999734	.03592772	.4640989	0
873.15	0	.4994203	.03640354	.4641762	0
872.15	0	.4988677	.0368799	.4642524	0
871.15	0	.4983156	.03735685	.4643275	0
870.15	0	.497764	.03783444	.4644016	0
869.15	0	.4972127	.03831273	.4644746	0
868.15	0	.4966617	.0387918	.4645465	0
867.15	0	.496111	.03927169	.4646173	0
866.15	0	.4955605	.03975248	.464687	0
865.15	0	.4950102	.04023424	.4647555	0
864.15	0	.49446	.04071704	.4648229	0
863.15	0	.4939099	.04120095	.4648891	0
862.15	0	.4933598	.04168604	.4649542	0
861.15	0	.4928096	.0421724	.465018	0
860.15	0	.4922593	.04266011	.4650806	0
859.15	0	.4917088	.04314924	.465142	0
858.15	0	.491158	.04363989	.4652021	0
857.15	0	.4906069	.04413215	.4652609	0
856.15	0	.4900554	.0446261	.4653185	0
855.15	0	.4895035	.04512185	.4653747	0
854.15	0	.488951	.04561949	.4654295	0
853.15	0	.4883978	.04611914	.4654831	0
852.15	0	.487844	.04662089	.4655352	0
851.15	0	.4872893	.04712486	.4655859	0
850.15	0	.4867337	.04763116	.4656351	0
849.15	0	.4861771	.04813992	.4656829	0
848.15	0	.4856195	.04865127	.4657293	0
847.15	0	.4850606	.04916533	.4657741	0
846.15	0	.4845005	.04968225	.4658173	0
845.15	0	.4839389	.05020216	.4658589	0
844.15	0	.4833758	.05072522	.465899	0
843.15	0	.482811	.05125158	.4659374	0
842.15	0	.4822445	.0517814	.4659741	0
841.15	0	.4816761	.05231487	.4660091	0
840.15	0	.4811055	.05285215	.4660423	0
839.15	0	.4805328	.05339344	.4660737	0
838.15	0	.4799578	.05393894	.4661033	0
837.15	0	.4793802	.05448884	.466131	0
836.15	0	.4787999	.05504338	.4661568	0
835.15	0	.4782167	.05560277	.4661806	0
834.15	0	.4776304	.05616728	.4662023	0
833.15	0	.4770409	.05673714	.4662219	0
832.15	0	.476448	.05731264	.4662394	0
831.15	0	.4758513	.05789406	.4662547	0
830.15	0	.4752506	.0584817	.4662677	0
829.15	0	.4746458	.05907589	.4662783	0
828.15	0	.4740365	.05967698	.4662865	0
827.15	0	.4734224	.06028533	.4662922	0
826.15	0	.4728033	.06090133	.4662954	0
825.15	0	.4721788	.0615254	.4662958	0
824.15	0	.4715486	.06215798	.4662935	0
823.15	0	.4709122	.06279956	.4662882	0
822.15	0	.4702693	.06345066	.46628	0
821.15	0	.4696194	.06411183	.4662687	0
820.15	0	.4689622	.06478366	.4662542	0
819.15	0	.4682969	.06546682	.4662362	0
818.15	0	.4676232	.066162	.4662148	0
817.15	0	.4669404	.06686998	.4661896	0
816.15	0	.4662478	.06759158	.4661606	0
815.15	0	.4655448	.06832774	.4661275	0
814.15	0	.4648305	.06907944	.4660901	0
813.15	0	.464104	.06984782	.4660482	0
812.15	0	.4632144	.07081244	.4659732	0
811.15	0	.4620042	.07216216	.4658337	0
810.15	0	.4608477	.07345232	.4657	0
809.15	0	.4597412	.07468721	.4655716	0
808.15	0	.458681	.07587069	.4654483	0
807.15	0	.4576641	.07700627	.4653296	0
806.15	0	.4566875	.07809715	.4652153	0
805.15	0	.4557486	.07914621	.4651051	0
804.15	0	.4548451	.08015609	.4649988	0
803.15	0	.4539748	.08112922	.464896	0
802.15	0	.4531356	.08206781	.4647966	0
801.15	0	.4523257	.08297388	.4647004	0
800.15	0	.4515435	.0838493	.4646072	0
799.15	0	.4507874	.0846958	.4645168	0
798.15	0	.4500559	.08551497	.4644291	0
797.15	0	.4493479	.08630827	.4643439	0
796.15	0	.4486619	.08707708	.464261	0
795.15	0	.447997	.08782265	.4641804	0
794.15	0	.447352	.08854616	.4641019	0
793.15	0	.4467259	.0892487	.4640254	0
792.15	0	.4461179	.0899313	.4639508	0
791.15	0	.445527	.09059491	.4638781	0
790.15	0	.4449525	.09124043	.463807	0
789.15	0	.4443937	.09186868	.4637376	0
788.15	0	.4438498	.09248046	.4636698	0
787.15	0	.4433201	.09307648	.4636034	0
786.15	0	.4428041	.09365746	.4635384	0
785.15	0	.4423012	.09422403	.4634748	0
784.15	0	.4418107	.0947768	.4634125	0
783.15	0	.4413323	.09531636	.4633513	0
782.15	0	.4408654	.09584325	.4632914	0
781.15	0	.4404095	.09635799	.4632325	0
780.15	0	.4399653	.09686025	.4631745	0
779.15	0	.4395301	.09735217	.4631177	0
778.15	0	.4391047	.09783332	.463062	0
777.15	0	.4386888	.0983041	.4630071	0
776.15	0	.4382819	.09876491	.4629532	0
775.15	0	.4378838	.09921612	.4629001	0
774.15	0	.4374942	.09965808	.4628478	0
773.15	0	.4371126	.1000911	.4627962	0
772.15	0	.4367389	.1005156	.4627455	0
771.15	0	.4363728	.1009318	.4626954	0
770.15	0	.4360139	.10134	.4626461	0
769.15	0	.4356622	.1017405	.4625974	0
768.15	0	.4353172	.1021335	.4625493	0
767.15	0	.4349788	.1025193	.4625019	0
766.15	0	.4346468	.1028982	.462455	0
765.15	0	.4343209	.1032703	.4624087	0
764.15	0	.434001	.103636	.462363	0
763.15	0	.4336869	.1039953	.4623178	0
762.15	0	.4333784	.1043486	.462273	0
761.15	0	.4330753	.1046959	.4622288	0
760.15	0	.4327774	.1050376	.462185	0
759.15	0	.4324847	.1053737	.4621417	0
758.15	0	.4321968	.1057044	.4620988	0
757.15	0	.4319138	.1060299	.4620563	0
756.15	0	.4316354	.1063504	.4620142	0
755.15	0	.4313615	.106666	.4619725	0
754.15	0	.431092	.1069768	.4619311	0
753.15	0	.4308268	.1072831	.4618901	0
752.15	0	.4305657	.1075848	.4618495	0
751.15	0	.4303086	.1078822	.4618092	0
750.15	0	.4300554	.1081754	.4617692	0
749.15	0	.429806	.1084645	.4617295	0
748.15	0	.4295603	.1087496	.4616901	0
747.15	0	.4293182	.1090308	.461651	0
746.15	0	.4290796	.1093082	.4616122	0
745.15	0	.4288444	.1095819	.4615737	0
744.15	0	.4286125	.1098521	.4615354	0
743.15	0	.4283839	.1101188	.4614973	0
742.15	0	.4281584	.1103821	.4614595	0
741.15	0	.4279359	.1106421	.4614219	0
740.15	0	.4277165	.1108989	.4613846	0
739.15	0	.4274999	.1111526	.4613475	0
738.15	0	.4272862	.1114033	.4613105	0
737.15	0	.4270753	.1116509	.4612738	0
736.15	0	.4268671	.1118957	.4612373	0
735.15	0	.4266615	.1121376	.4612009	0
734.15	0	.4264584	.1123768	.4611648	0
733.15	0	.4262579	.1126133	.4611288	0
732.15	0	.4260599	.1128472	.461093	0
731.15	0	.4258642	.1130785	.4610573	0
730.15	0	.4256709	.1133073	.4610218	0
729.15	0	.4254798	.1135337	.4609865	0
728.15	0	.425291	.1137577	.4609513	0
727.15	0	.4251044	.1139794	.4609163	0
726.15	0	.4249199	.1141988	.4608813	0
725.15	0	.4247374	.114416	.4608466	0
724.15	0	.4245571	.114631	.4608119	0
723.15	0	.4243787	.114844	.4607774	0
722.15	0	.4242022	.1150548	.460743	0
721.15	0	.4240277	.1152636	.4607087	0
720.15	0	.423855	.1154705	.4606745	0
719.15	0	.4236842	.1156754	.4606405	0
718.15	0	.4235152	.1158784	.4606065	0
717.15	0	.4233479	.1160795	.4605726	0
716.15	0	.4231823	.1162789	.4605389	0
715.15	0	.4230184	.1164764	.4605052	0
714.15	0	.4228561	.1166723	.4604717	0
713.15	0	.4226955	.1168664	.4604382	0
712.15	0	.4225364	.1170588	.4604048	0
711.15	0	.4223789	.1172497	.4603715	0
710.15	0	.4222229	.1174389	.4603382	0
709.15	0	.4220683	.1176266	.4603051	0
708.15	0	.4219153	.1178127	.460272	0
707.15	0	.4217637	.1179974	.460239	0
706.15	0	.4216134	.1181805	.4602061	0
705.15	0	.4214646	.1183622	.4601732	0
704.15	0	.4213171	.1185425	.4601404	0
703.15	0	.4211709	.1187215	.4601076	0
702.15	0	.421026	.118899	.460075	0
701.15	0	.4208824	.1190752	.4600423	0
700.15	0	.4207401	.1192501	.4600098	0
699.15	0	.4205989	.1194238	.4599773	0
698.15	0	.420459	.1195961	.4599449	0
697.15	0	.4203203	.1197673	.4599125	0
696.15	0	.4201827	.1199372	.4598801	0
695.15	0	.4200463	.1201059	.4598478	0
694.15	0	.419911	.1202735	.4598156	0
693.15	0	.4197768	.1204399	.4597834	0
692.15	0	.4196437	.1206051	.4597512	0
691.15	0	.4195116	.1207693	.4597191	0
690.15	0	.4193806	.1209324	.459687	0
689.15	0	.4192507	.1210944	.459655	0
688.15	0	.4191217	.1212553	.459623	0
687.15	0	.4189937	.1214152	.459591	0
686.15	0	.4188668	.1215742	.4595591	0
685.15	0	.4187407	.1217321	.4595272	0
684.15	0	.4186157	.121889	.4594954	0
683.15	0	.4184915	.1220449	.4594635	0
682.15	0	.4183683	.1222	.4594318	0
681.15	0	.418246	.122354	.4594	0
680.15	0	.4181245	.1225072	.4593683	0
679.15	0	.418004	.1226594	.4593366	0
678.15	0	.4178843	.1228108	.4593049	0
677.15	0	.4177654	.1229613	.4592733	0
676.15	0	.4176474	.1231109	.4592417	0
675.15	0	.4175302	.1232597	.4592101	0
674.15	0	.4174138	.1234077	.4591785	0
673.15	0	.4172982	.1235548	.459147	0
672.15	0	.4171835	.1237011	.4591155	0
671.15	0	.4170694	.1238466	.4590839	0
670.15	0	.4169562	.1239914	.4590525	0
669.15	0	.4168436	.1241353	.459021	0
668.15	0	.4167319	.1242785	.4589896	0
667.15	0	.4166208	.124421	.4589582	0
666.15	0	.4165105	.1245627	.4589268	0
665.15	0	.4164009	.1247037	.4588954	0
664.15	0	.4162919	.124844	.4588641	0
663.15	0	.4161837	.1249835	.4588328	0
662.15	0	.4160762	.1251224	.4588014	0
661.15	0	.4159693	.1252606	.4587701	0
660.15	0	.4158631	.1253981	.4587389	0
659.15	0	.4157575	.1255349	.4587076	0
658.15	0	.4156526	.1256711	.4586763	0
657.15	0	.4155483	.1258066	.4586451	0
656.15	0	.4154446	.1259415	.4586139	0
655.15	0	.4153416	.1260758	.4585827	0
654.15	0	.4152391	.1262094	.4585515	0
653.15	0	.4151373	.1263424	.4585203	0
652.15	0	.415036	.1264748	.4584892	0
651.15	0	.4149354	.1266066	.458458	0
650.15	0	.4148353	.1267378	.4584269	0
649.15	0	.4147358	.1268684	.4583958	0
648.15	0	.4146369	.1269985	.4583647	0
647.15	0	.4145385	.127128	.4583336	0
646.15	0	.4144406	.1272569	.4583025	0
645.15	0	.4143434	.1273852	.4582714	0
644.15	0	.4142466	.127513	.4582403	0
643.15	0	.4141504	.1276403	.4582093	0
642.15	0	.4140547	.127767	.4581783	0
641.15	0	.4139595	.1278932	.4581472	0
640.15	0	.4138649	.1280189	.4581162	0
639.15	0	.4137707	.1281441	.4580852	0
638.15	0	.413677	.1282687	.4580542	0
637.15	0	.4135839	.1283928	.4580233	0
636.15	0	.4134912	.1285165	.4579923	0
635.15	0	.413399	.1286396	.4579614	0
634.15	0	.4133073	.1287623	.4579304	0
633.15	0	.4132161	.1288844	.4578995	0
632.15	0	.4131253	.1290061	.4578686	0
631.15	0	.413035	.1291273	.4578377	0
630.15	0	.4129452	.1292481	.4578068	0
629.15	0	.4128558	.1293684	.4577759	0
628.15	0	.4127668	.1294882	.457745	0
627.15	0	.4126783	.1296076	.4577141	0
626.15	0	.4125902	.1297265	.4576833	0
625.15	0	.4125026	.129845	.4576525	0
624.15	0	.4124154	.129963	.4576216	0
623.15	0	.4123286	.1300806	.4575908	0
622.15	0	.4122422	.1301978	.45756	0
621.15	0	.4121563	.1303145	.4575292	0
620.15	0	.4120708	.1304308	.4574984	0
619.15	0	.4119856	.1305467	.4574677	0
618.15	0	.4119009	.1306622	.4574369	0
617.15	0	.4118166	.1307773	.4574062	0
616.15	0	.4117326	.1308919	.4573754	0
615.15	0	.4116491	.1310062	.4573447	0
614.15	0	.4115659	.1311201	.457314	0
613.15	0	.4114832	.1312335	.4572833	0
612.15	0	.4114008	.1313466	.4572526	0
611.15	0	.4113188	.1314593	.4572219	0
610.15	0	.4112372	.1315716	.4571913	0
609.15	0	.4111559	.1316835	.4571606	0
608.15	0	.411075	.131795	.45713	0
607.15	0	.4109945	.1319062	.4570994	0
606.15	0	.4109143	.1320169	.4570688	0
605.15	0	.4108345	.1321274	.4570382	0
604.15	0	.410755	.1322374	.4570076	0
603.15	0	.4106759	.1323471	.456977	0
602.15	0	.4105971	.1324564	.4569465	0
601.15	0	.4105187	.1325654	.4569159	0
600.15	0	.4104406	.132674	.4568854	0
599.15	0	.4103629	.1327822	.4568549	0
598.15	0	.4102855	.1328901	.4568244	0
597.15	0	.4102084	.1329977	.4567939	0
596.15	0	.4101316	.1331049	.4567635	0
595.15	0	.4100552	.1332117	.456733	0
594.15	0	.4099791	.1333183	.4567026	0
593.15	0	.4099034	.1334244	.4566722	0
592.15	0	.4098279	.1335303	.4566418	0
591.15	0	.4097528	.1336358	.4566114	0
590.15	0	.409678	.133741	.456581	0
589.15	0	.4096035	.1338459	.4565507	0
588.15	0	.4095293	.1339504	.4565204	0
587.15	0	.4094553	.1340546	.4564901	0
586.15	0	.4093818	.1341585	.4564598	0
585.15	0	.4093085	.134262	.4564295	0
584.15	0	.4092355	.1343653	.4563992	0
583.15	0	.4091628	.1344682	.456369	0
582.15	0	.4090904	.1345708	.4563388	0
581.15	0	.4090183	.1346731	.4563086	0
580.15	0	.4089465	.1347751	.4562784	0
579.15	0	.408875	.1348768	.4562482	0
578.15	0	.4088038	.1349782	.4562181	0
577.15	0	.4087328	.1350792	.456188	0
576.15	0	.4086622	.13518	.4561578	0
575.15	0	.4085918	.1352805	.4561278	0
574.15	0	.4085217	.1353806	.4560977	0
573.15	0	.4084518	.1354805	.4560677	0
572.15	0	.4083823	.1355801	.4560377	0
571.15	0	.408313	.1356793	.4560077	0
570.15	0	.408244	.1357783	.4559777	0
569.15	0	.4081753	.135877	.4559477	0
568.15	0	.4081068	.1359754	.4559178	0
567.15	0	.4080386	.1360735	.4558879	0
566.15	0	.4079707	.1361713	.455858	0
565.15	0	.407903	.1362688	.4558282	0
564.15	0	.4078356	.1363661	.4557984	0
563.15	0	.4077684	.136463	.4557685	0
562.15	0	.4077015	.1365597	.4557388	0
561.15	0	.4076349	.1366561	.455709	0
560.15	0	.4075685	.1367522	.4556793	0
559.15	0	.4075024	.1368481	.4556496	0
558.15	0	.4074365	.1369436	.4556199	0
557.15	0	.4073709	.1370389	.4555902	0
556.15	0	.4073055	.1371339	.4555606	0
555.15	0	.4072403	.1372287	.455531	0
554.15	0	.4071754	.1373231	.4555014	0
553.15	0	.4071108	.1374173	.4554719	0
552.15	0	.4070464	.1375112	.4554424	0
551.15	0	.4069822	.1376049	.4554129	0
550.15	0	.4069183	.1376982	.4553834	0
549.15	0	.4068546	.1377913	.455354	0
548.15	0	.4067912	.1378842	.4553246	0
547.15	0	.406728	.1379768	.4552953	0
546.15	0	.406665	.1380691	.4552659	0
545.15	0	.4066023	.1381611	.4552366	0
544.15	0	.4065398	.1382529	.4552073	0
543.15	0	.4064775	.1383444	.4551781	0
542.15	0	.4064154	.1384357	.4551489	0
541.15	0	.4063536	.1385267	.4551197	0
540.15	0	.406292	.1386174	.4550905	0
539.15	0	.4062307	.1387079	.4550614	0
538.15	0	.4061695	.1387981	.4550324	0
537.15	0	.4061086	.1388881	.4550033	0
536.15	0	.4060479	.1389778	.4549743	0
535.15	0	.4059875	.1390672	.4549453	0
534.15	0	.4059272	.1391564	.4549163	0
533.15	0	.4058672	.1392454	.4548874	0
532.15	0	.4058074	.1393341	.4548586	0
531.15	0	.4057478	.1394225	.4548297	0
530.15	0	.4056884	.1395107	.4548009	0
529.15	0	.4056292	.1395986	.4547721	0
528.15	0	.4055703	.1396863	.4547434	0
527.15	0	.4055116	.1397737	.4547147	0
526.15	0	.405453	.1398609	.4546861	0
525.15	0	.4053947	.1399478	.4546575	0
524.15	0	.4053366	.1400345	.4546289	0
523.15	0	.4052788	.1401209	.4546003	0
522.15	0	.4052211	.1402071	.4545718	0
521.15	0	.4051637	.1402931	.4545433	0
520.15	0	.4051064	.1403787	.4545149	0
519.15	0	.4050493	.1404642	.4544865	0
518.15	0	.4049925	.1405494	.4544581	0
517.15	0	.4049358	.1406343	.4544298	0
516.15	0	.4048794	.140719	.4544016	0
515.15	0	.4048232	.1408035	.4543733	0
514.15	0	.4047671	.1408877	.4543452	0
513.15	0	.4047113	.1409717	.454317	0
512.15	0	.4046556	.1410554	.4542889	0
511.15	0	.4046002	.1411389	.4542609	0
510.15	0	.404545	.1412222	.4542329	0
509.15	0	.4044899	.1413052	.4542049	0
508.15	0	.4044351	.141388	.454177	0
507.15	0	.4043804	.1414705	.4541491	0
506.15	0	.4043259	.1415528	.4541213	0
505.15	0	.4042717	.1416348	.4540935	0
504.15	0	.4042176	.1417166	.4540657	0
503.15	0	.4041638	.1417982	.454038	0
502.15	0	.4041101	.1418795	.4540104	0
501.15	0	.4040566	.1419606	.4539828	0
500.15	0	.4040033	.1420415	.4539552	0
499.15	0	.4039502	.1421221	.4539277	0
498.15	0	.4038972	.1422025	.4539003	0
497.15	0	.4038445	.1422826	.4538728	0
496.15	0	.403792	.1423625	.4538455	0
495.15	0	.4037396	.1424422	.4538182	0
494.15	0	.4036875	.1425216	.4537909	0
493.15	0	.4036355	.1426009	.4537637	0
492.15	0	.4035837	.1426798	.4537365	0
491.15	0	.4035321	.1427585	.4537094	0
490.15	0	.4034807	.142837	.4536823	0
489.15	0	.4034294	.1429153	.4536553	0
488.15	0	.4033784	.1429933	.4536283	0
487.15	0	.4033275	.1430711	.4536014	0
486.15	0	.4032768	.1431487	.4535746	0
485.15	0	.4032263	.143226	.4535478	0
484.15	0	.4031759	.1433031	.453521	0
483.15	0	.4031258	.1433799	.4534943	0
482.15	0	.4030758	.1434565	.4534676	0
481.15	0	.403026	.1435329	.4534411	0
480.15	0	.4029764	.1436091	.4534145	0
479.15	0	.402927	.143685	.453388	0
478.15	0	.4028777	.1437607	.4533616	0
477.15	0	.4028286	.1438362	.4533352	0
476.15	0	.4027797	.1439114	.4533089	0
475.15	0	.402731	.1439864	.4532826	0
474.15	0	.4026824	.1440612	.4532564	0
473.15	0	.402634	.1441357	.4532303	0
472.15	0	.4025858	.14421	.4532042	0
471.15	0	.4025378	.1442841	.4531781	0
470.15	0	.4024899	.144358	.4531521	0
469.15	0	.4024422	.1444316	.4531262	0
468.15	0	.4023947	.144505	.4531003	0
467.15	0	.4023473	.1445781	.4530746	0
466.15	0	.4023002	.144651	.4530488	0
465.15	0	.4022532	.1447237	.4530231	0
464.15	0	.4022063	.1447962	.4529975	0
463.15	0	.4021597	.1448684	.4529719	0
462.15	0	.4021132	.1449404	.4529464	0
461.15	0	.4020668	.1450122	.452921	0
460.15	0	.4020206	.1450838	.4528956	0
459.15	0	.4019747	.1451551	.4528702	0
458.15	0	.4019288	.1452262	.452845	0
457.15	0	.4018832	.1452971	.4528198	0
456.15	0	.4018377	.1453677	.4527946	0
455.15	0	.4017923	.1454381	.4527696	0
454.15	0	.4017472	.1455083	.4527445	0
453.15	0	.4017022	.1455783	.4527196	0
452.15	0	.4016573	.145648	.4526947	0
451.15	0	.4016126	.1457175	.4526699	0
450.15	0	.4015681	.1457868	.4526451	0
449.15	0	.4015238	.1458558	.4526204	0
448.15	0	.4014796	.1459246	.4525958	0
447.15	0	.4014357	.1459931	.4525713	0
446.15	0	.4013918	.1460614	.4525468	0
445.15	0	.4013482	.1461295	.4525224	0
444.15	0	.4013047	.1461973	.452498	0
443.15	0	.4012614	.1462649	.4524738	0
442.15	0	.4012182	.1463322	.4524496	0
441.15	0	.4011753	.1463993	.4524255	0
440.15	0	.4011325	.1464661	.4524014	0
439.15	0	.4010899	.1465327	.4523774	0
438.15	0	.4010475	.146599	.4523536	0
437.15	0	.4010052	.146665	.4523298	0
436.15	0	.4009632	.1467308	.452306	0
435.15	0	.4009213	.1467963	.4522824	0
434.15	0	.4008796	.1468616	.4522588	0
433.15	0	.4008381	.1469266	.4522353	0
432.15	0	.4007968	.1469913	.4522119	0
431.15	0	.4007556	.1470558	.4521886	0
430.15	0	.4007147	.1471199	.4521654	0
429.15	0	.4006739	.1471838	.4521423	0
428.15	0	.4006333	.1472475	.4521192	0
427.15	0	.4005929	.1473108	.4520962	0
426.15	0	.4005527	.1473739	.4520734	0
425.15	0	.4005127	.1474367	.4520506	0
424.15	0	.4004729	.1474992	.4520279	0
423.15	0	.4004333	.1475615	.4520053	0
422.15	0	.4003938	.1476234	.4519828	0
421.15	0	.4003545	.1476851	.4519603	0
420.15	0	.4003155	.1477465	.451938	0
419.15	0	.4002766	.1478077	.4519158	0
418.15	0	.4002379	.1478685	.4518936	0
417.15	0	.4001994	.1479291	.4518715	0
416.15	0	.400161	.1479894	.4518496	0
415.15	0	.4001229	.1480494	.4518277	0
414.15	0	.4000849	.1481092	.4518059	0
413.15	0	.4000472	.1481686	.4517842	0
412.15	0	.4000096	.1482278	.4517626	0
411.15	0	.3999722	.1482867	.4517411	0
410.15	0	.3999349	.1483454	.4517197	0
409.15	0	.3998979	.1484037	.4516984	0
408.15	0	.399861	.1484618	.4516772	0
407.15	0	.3998244	.1485196	.451656	0
406.15	0	.3997879	.1485771	.451635	0
405.15	0	.3997516	.1486344	.4516141	0
404.15	0	.3997154	.1486913	.4515932	0
403.15	0	.3996795	.1487481	.4515725	0
402.15	0	.3996437	.1488045	.4515518	0
401.15	0	.3996081	.1488607	.4515313	0
400.15	0	.3995726	.1489166	.4515108	0
399.15	0	.3995374	.1489722	.4514904	0
398.15	0	.3995023	.1490276	.4514701	0
397.15	0	.3994674	.1490827	.45145	0
396.15	0	.3994326	.1491376	.4514299	0
395.15	0	.399398	.1491921	.4514099	0
394.15	0	.3993636	.1492465	.45139	0
393.15	0	.3993294	.1493005	.4513701	0
392.15	0	.3992953	.1493543	.4513504	0
391.15	0	.3992614	.1494079	.4513308	0
390.15	0	.3992276	.1494612	.4513112	0
389.15	0	.399194	.1495142	.4512918	0
388.15	0	.3991606	.149567	.4512725	0
387.15	0	.3991273	.1496195	.4512532	0
386.15	0	.3990942	.1496718	.451234	0
385.15	0	.3990612	.1497238	.4512149	0
384.15	0	.3990284	.1497756	.451196	0
383.15	0	.3989958	.1498272	.4511771	0
382.15	0	.3989632	.1498785	.4511583	0
381.15	0	.3989309	.1499296	.4511395	0
380.15	0	.3988987	.1499804	.4511209	0
379.15	0	.3988666	.150031	.4511024	0
378.15	0	.3988347	.1500814	.4510839	0
377.15	0	.398803	.1501315	.4510656	0
376.15	0	.3987713	.1501814	.4510473	0
375.15	0	.3987399	.150231	.4510291	0
374.15	0	.3987085	.1502805	.451011	0
373.15	0	.3986773	.1503297	.450993	0
372.15	0	.3986463	.1503787	.4509751	0
371.15	0	.3986153	.1504274	.4509572	0
370.15	0	.3985845	.150476	.4509395	0
369.15	0	.3985539	.1505243	.4509218	0
368.15	0	.3985234	.1505724	.4509043	0
367.15	0	.398493	.1506203	.4508868	0
366.15	0	.3984627	.150668	.4508694	0
365.15	0	.3984325	.1507155	.450852	0
364.15	0	.3984025	.1507627	.4508348	0
363.15	0	.3983726	.1508098	.4508176	0
362.15	0	.3983428	.1508566	.4508006	0
361.15	0	.3983132	.1509033	.4507836	0
360.15	0	.3982837	.1509497	.4507667	0
359.15	0	.3982542	.1509959	.4507498	0
358.15	0	.398225	.151042	.4507331	0
357.15	0	.3981958	.1510878	.4507164	0
356.15	0	.3981667	.1511335	.4506998	0
355.15	0	.3981377	.151179	.4506833	0
354.15	0	.3981089	.1512242	.4506669	0
353.15	0	.3980801	.1512693	.4506505	0
352.15	0	.3980515	.1513142	.4506343	0
351.15	0	.398023	.1513589	.4506181	0
350.15	0	.3979946	.1514035	.450602	0
349.15	0	.3979663	.1514478	.4505859	0
348.15	0	.397938	.151492	.45057	0
347.15	0	.3979099	.151536	.4505541	0
346.15	0	.3978819	.1515798	.4505383	0
345.15	0	.397854	.1516235	.4505226	0
