T	 BPW(LIQUID)	BPW(BCC_A2)	BPW(FCC_A1)	BPW(LAVES_PHASE_C14)	BPW(NI3TI)
1473.15	.3963996	.4436631	0	.1599373	0
1472.15	.3897503	.4481306	0	.1621192	0
1471.15	.3832266	.4525094	0	.164264	0
1470.15	.3768253	.4568019	0	.1663728	0
1469.15	.370543	.4610105	0	.1684465	0
1468.15	.3643764	.4651373	0	.1704863	0
1467.15	.3583226	.4691845	0	.1724929	0
1466.15	.3523785	.4731542	0	.1744673	0
1465.15	.3465412	.4770484	0	.1764104	0
1464.15	.3408079	.4808691	0	.178323	0
1463.15	.335176	.484618	0	.180206	0
1462.15	.3296429	.4882971	0	.18206	0
1461.15	.324206	.491908	0	.183886	0
1460.15	.3188629	.4954525	0	.1856845	0
1459.15	.3136113	.4989323	0	.1874564	0
1458.15	.3084488	.5023489	0	.1892024	0
1457.15	.3033732	.5057038	0	.190923	0
1456.15	.2983825	.5089986	0	.1926189	0
1455.15	.2934745	.5122347	0	.1942908	0
1454.15	.2886473	.5154135	0	.1959392	0
1453.15	.2838988	.5185364	0	.1975648	0
1452.15	.2792273	.5216047	0	.199168	0
1451.15	.2746308	.5246196	0	.2007496	0
1450.15	.2701076	.5275825	0	.2023099	0
1449.15	.2656561	.5304945	0	.2038495	0
1448.15	.2612744	.5333568	0	.2053688	0
1447.15	.2569611	.5361705	0	.2068685	0
1446.15	.2527145	.5389367	0	.2083489	0
1445.15	.2485331	.5416565	0	.2098105	0
1444.15	.2444154	.5443309	0	.2112537	0
1443.15	.2403601	.546961	0	.212679	0
1442.15	.2363656	.5495476	0	.2140868	0
1441.15	.2324307	.5520919	0	.2154774	0
1440.15	.228554	.5545946	0	.2168514	0
1439.15	.2247343	.5570568	0	.2182089	0
1438.15	.2209703	.5594792	0	.2195505	0
1437.15	.2172608	.5618627	0	.2208765	0
1436.15	.2136046	.5642082	0	.2221872	0
1435.15	.2100006	.5665164	0	.223483	0
1434.15	.2064477	.5687881	0	.2247641	0
1433.15	.2029448	.5710242	0	.226031	0
1432.15	.1994908	.5732253	0	.2272839	0
1431.15	.1960848	.5753922	0	.2285231	0
1430.15	.1927256	.5775255	0	.2297489	0
1429.15	.1894124	.579626	0	.2309616	0
1428.15	.1861442	.5816942	0	.2321615	0
1427.15	.1829201	.583731	0	.2333489	0
1426.15	.1797392	.5857368	0	.2345239	0
1425.15	.1766007	.5877124	0	.2356869	0
1424.15	.1735035	.5896583	0	.2368382	0
1423.15	.1704471	.5915751	0	.2379779	0
1422.15	.1674304	.5934633	0	.2391062	0
1421.15	.1644528	.5953236	0	.2402236	0
1420.15	.1615136	.5971565	0	.24133	0
1419.15	.1586118	.5989624	0	.2424258	0
1418.15	.1557468	.600742	0	.2435112	0
1417.15	.152918	.6024957	0	.2445864	0
1416.15	.1501245	.604224	0	.2456515	0
1415.15	.1473658	.6059274	0	.2467069	0
1414.15	.1446411	.6076063	0	.2477526	0
1413.15	.1419499	.6092613	0	.2487888	0
1412.15	.1392914	.6108927	0	.2498158	0
1411.15	.1366652	.6125011	0	.2508337	0
1410.15	.1340705	.6140867	0	.2518428	0
1409.15	.1315068	.6156501	0	.252843	0
1408.15	.1289736	.6171917	0	.2538347	0
1407.15	.1264702	.6187118	0	.254818	0
1406.15	.1239962	.6202108	0	.255793	0
1405.15	.121551	.6216891	0	.2567599	0
1404.15	.119134	.6231471	0	.2577189	0
1403.15	.1167448	.6245851	0	.2586701	0
1402.15	.1143829	.6260036	0	.2596135	0
1401.15	.1120478	.6274027	0	.2605495	0
1400.15	.109739	.628783	0	.2614781	0
1399.15	.107456	.6301446	0	.2623994	0
1398.15	.1051985	.631488	0	.2633135	0
1397.15	.1029659	.6328134	0	.2642207	0
1396.15	.1007579	.6341211	0	.265121	0
1395.15	.09857394	.6354115	0	.2660145	0
1394.15	.0964137	.6366849	0	.2669014	0
1393.15	.09427674	.6379415	0	.2677818	0
1392.15	.09216268	.6391816	0	.2686557	0
1391.15	.09007112	.6404055	0	.2695234	0
1390.15	.0880017	.6416135	0	.2703848	0
1389.15	.08595403	.6428058	0	.2712402	0
1388.15	.08392775	.6439827	0	.2720895	0
1387.15	.08192251	.6451445	0	.272933	0
1386.15	.07993797	.6462913	0	.2737707	0
1385.15	.07797378	.6474235	0	.2746027	0
1384.15	.0760296	.6485413	0	.2754291	0
1383.15	.07410512	.6496449	0	.27625	0
1382.15	.07220002	.6507345	0	.2770655	0
1381.15	.07031397	.6518104	0	.2778756	0
1380.15	.06844667	.6528728	0	.2786805	0
1379.15	.06659783	.6539219	0	.2794803	0
1378.15	.06476715	.6549579	0	.280275	0
1377.15	.06295435	.655981	0	.2810647	0
1376.15	.06115913	.6569914	0	.2818494	0
1375.15	.05938122	.6579894	0	.2826294	0
1374.15	.05762036	.6589751	0	.2834046	0
1373.15	.05587627	.6599487	0	.284175	0
1372.15	.0541487	.6609104	0	.2849409	0
1371.15	.05243739	.6618603	0	.2857023	0
1370.15	.05074209	.6627988	0	.2864591	0
1369.15	.04906256	.6637259	0	.2872116	0
1368.15	.04739855	.6646417	0	.2879597	0
1367.15	.04574982	.6655466	0	.2887036	0
1366.15	.04411616	.6664406	0	.2894432	0
1365.15	.04249732	.6673239	0	.2901788	0
1364.15	.0408931	.6681967	0	.2909102	0
1363.15	.03930326	.6690591	0	.2916376	0
1362.15	.03772759	.6699114	0	.2923611	0
1361.15	.03616589	.6707535	0	.2930806	0
1360.15	.03461795	.6715857	0	.2937963	0
1359.15	.03308357	.6724082	0	.2945082	0
1358.15	.03156254	.673221	0	.2952164	0
1357.15	.03005467	.6740244	0	.2959209	0
1356.15	.02855977	.6748184	0	.2966218	0
1355.15	.02707766	.6756032	0	.2973191	0
1354.15	.02560814	.676379	0	.2980129	0
1353.15	.02415104	.6771458	0	.2987032	0
1352.15	.02270618	.6779037	0	.2993901	0
1351.15	.02127339	.678653	0	.3000736	0
1350.15	.01985248	.6793938	0	.3007538	0
1349.15	.01844331	.680126	0	.3014307	0
1348.15	.01704569	.68085	0	.3021043	0
1347.15	.01565946	.6815658	0	.3027748	0
1346.15	.01428448	.6822734	0	.3034421	0
1345.15	.01292057	.6829731	0	.3041063	0
1344.15	.01156759	.683665	0	.3047674	0
1343.15	.01022539	.6843491	0	.3054256	0
1342.15	.008893811	.6850255	0	.3060807	0
1341.15	.007572712	.6856944	0	.3067329	0
1340.15	.006261949	.6863559	0	.3073822	0
1339.15	.004961381	.68701	0	.3080286	0
1338.15	.003670869	.687657	0	.3086722	0
1337.15	.002390277	.6882968	0	.309313	0
1336.15	.00111947	.6889295	0	.309951	0
1335.263	0	.6894851	0	.3105149	0
1335.263	0	.6894851	0	.3105149	0
1335.15	0	.6894318	0	.3105682	0
1334.15	0	.6889595	0	.3110405	0
1333.15	0	.6884883	0	.3115117	0
1332.15	0	.688018	0	.311982	0
1331.15	0	.6875488	0	.3124512	0
1330.15	0	.6870807	0	.3129194	0
1329.15	0	.6866135	0	.3133865	0
1328.15	0	.6861474	0	.3138526	0
1327.15	0	.6856823	0	.3143177	0
1326.15	0	.6852182	0	.3147818	0
1325.15	0	.6847551	0	.3152449	0
1324.15	0	.684293	0	.315707	0
1323.15	0	.6838319	0	.3161681	0
1322.15	0	.6833718	0	.3166282	0
1321.15	0	.6829128	0	.3170872	0
1320.15	0	.6824547	0	.3175453	0
1319.15	0	.6819976	0	.3180024	0
1318.15	0	.6815415	0	.3184585	0
1317.15	0	.6810864	0	.3189136	0
1316.15	0	.6806322	0	.3193678	0
1315.15	0	.6801791	0	.3198209	0
1314.15	0	.6797269	0	.3202731	0
1313.15	0	.6792757	0	.3207243	0
1312.15	0	.6788255	0	.3211745	0
1311.15	0	.6783762	0	.3216238	0
1310.15	0	.6779279	0	.3220721	0
1309.15	0	.6774806	0	.3225194	0
1308.15	0	.6770342	0	.3229658	0
1307.15	0	.6765888	0	.3234113	0
1306.15	0	.6761443	0	.3238557	0
1305.15	0	.6757008	0	.3242993	0
1304.15	0	.6752582	0	.3247418	0
1303.15	0	.6748165	0	.3251835	0
1302.15	0	.6743758	0	.3256242	0
1301.15	0	.6739361	0	.3260639	0
1300.15	0	.6734973	0	.3265027	0
1299.15	0	.6730594	0	.3269406	0
1298.15	0	.6726224	0	.3273776	0
1297.15	0	.6721864	0	.3278136	0
1296.15	0	.6717513	0	.3282487	0
1295.15	0	.6713171	0	.3286829	0
1294.15	0	.6708838	0	.3291162	0
1293.15	0	.6704514	0	.3295486	0
1292.15	0	.67002	0	.32998	0
1291.15	0	.6695895	0	.3304106	0
1290.15	0	.6691598	0	.3308402	0
1289.15	0	.6687311	0	.3312689	0
1288.15	0	.6683033	0	.3316967	0
1287.15	0	.6678764	0	.3321236	0
1286.15	0	.6674503	0	.3325497	0
1285.15	0	.6670252	0	.3329748	0
1284.15	0	.6666009	0	.3333991	0
1283.15	0	.6661776	0	.3338224	0
1282.15	0	.6657551	0	.3342449	0
1281.15	0	.6653335	0	.3346665	0
1280.15	0	.6649128	0	.3350872	0
1279.15	0	.664493	0	.335507	0
1278.15	0	.664074	0	.335926	0
1277.15	0	.6636559	0	.3363441	0
1276.15	0	.6632387	0	.3367613	0
1275.15	0	.6628224	0	.3371776	0
1274.15	0	.6624069	0	.3375931	0
1273.15	0	.6619923	0	.3380077	0
1272.15	0	.6615785	0	.3384215	0
1271.15	0	.6611656	0	.3388344	0
1270.15	0	.6607536	0	.3392464	0
1269.15	0	.6603424	0	.3396576	0
1268.15	0	.659932	0	.340068	0
1267.15	0	.6595225	0	.3404775	0
1266.15	0	.6591139	0	.3408861	0
1265.15	0	.658706	0	.341294	0
1264.15	0	.6582991	0	.3417009	0
1263.15	0	.6578929	0	.3421071	0
1262.15	0	.6574876	0	.3425124	0
1261.15	0	.6570831	0	.3429169	0
1260.15	0	.6566795	0	.3433205	0
1259.15	0	.6562767	0	.3437233	0
1258.15	0	.6558747	0	.3441253	0
1257.15	0	.6554735	0	.3445265	0
1256.15	0	.6550732	0	.3449268	0
1255.15	0	.6546736	0	.3453264	0
1254.15	0	.6542749	0	.3457251	0
1253.15	0	.653877	0	.346123	0
1252.15	0	.65348	0	.3465201	0
1251.15	0	.6530837	0	.3469163	0
1250.15	0	.6526882	0	.3473118	0
1249.15	0	.6522935	0	.3477065	0
1248.15	0	.6518997	0	.3481003	0
1247.15	0	.6515066	0	.3484934	0
1246.15	0	.6511143	0	.3488857	0
1245.15	0	.6507228	0	.3492772	0
1244.15	0	.6503322	0	.3496679	0
1243.15	0	.6499423	0	.3500577	0
1242.15	0	.6495532	0	.3504468	0
1241.15	0	.6491648	0	.3508352	0
1240.15	0	.6487773	0	.3512227	0
1239.15	0	.6483906	0	.3516094	0
1238.15	0	.6480046	0	.3519954	0
1237.15	0	.6476194	0	.3523806	0
1236.15	0	.647235	0	.3527651	0
1235.15	0	.6468513	0	.3531487	0
1234.15	0	.6464684	0	.3535316	0
1233.15	0	.6460863	0	.3539137	0
1232.15	0	.645705	0	.354295	0
1231.15	0	.6453244	0	.3546756	0
1230.15	0	.6449446	0	.3550554	0
1229.15	0	.6445655	0	.3554345	0
1228.15	0	.6441872	0	.3558128	0
1227.15	0	.6438097	0	.3561903	0
1226.15	0	.6434329	0	.3565671	0
1225.15	0	.6430569	0	.3569431	0
1224.15	0	.6426816	0	.3573184	0
1223.15	0	.642307	0	.357693	0
1222.15	0	.6419333	0	.3580668	0
1221.15	0	.6415602	0	.3584398	0
1220.15	0	.6411879	0	.3588121	0
1219.15	0	.6408163	0	.3591837	0
1218.15	0	.6404455	0	.3595545	0
1217.15	0	.6400754	0	.3599246	0
1216.15	0	.6397061	0	.3602939	0
1215.15	0	.6393374	0	.3606626	0
1214.15	0	.6389695	0	.3610305	0
1213.15	0	.6386024	0	.3613977	0
1212.15	0	.6382359	0	.3617641	0
1211.15	0	.6378702	0	.3621298	0
1210.15	0	.6375052	0	.3624948	0
1209.15	0	.6371409	0	.3628591	0
1208.15	0	.6367774	0	.3632226	0
1207.15	0	.6364145	0	.3635855	0
1206.15	0	.6360524	0	.3639476	0
1205.15	0	.635691	0	.364309	0
1204.15	0	.6353303	0	.3646697	0
1203.15	0	.6349703	0	.3650297	0
1202.15	0	.634611	0	.365389	0
1201.15	0	.6342524	0	.3657476	0
1200.15	0	.6338945	0	.3661055	0
1199.15	0	.6335373	0	.3664627	0
1198.15	0	.6331809	0	.3668191	0
1197.15	0	.6328251	0	.3671749	0
1196.15	0	.63247	0	.36753	0
1195.15	0	.6321156	0	.3678844	0
1194.15	0	.6317619	0	.3682381	0
1193.15	0	.6314089	0	.3685911	0
1192.15	0	.6310566	0	.3689435	0
1191.15	0	.6307049	0	.3692951	0
1190.15	0	.630354	0	.369646	0
1189.15	0	.6300037	0	.3699963	0
1188.15	0	.6296541	0	.3703459	0
1187.15	0	.6293052	0	.3706948	0
1186.15	0	.628957	0	.371043	0
1185.15	0	.6286094	0	.3713906	0
1184.15	0	.6282626	0	.3717374	0
1183.15	0	.6279164	0	.3720836	0
1182.15	0	.6275708	0	.3724292	0
1181.15	0	.627226	0	.372774	0
1180.15	0	.6268818	0	.3731182	0
1179.15	0	.6265383	0	.3734618	0
1178.15	0	.6261954	0	.3738046	0
1177.15	0	.6258532	0	.3741468	0
1176.15	0	.6255116	0	.3744884	0
1175.15	0	.6251708	0	.3748292	0
1174.15	0	.6248305	0	.3751695	0
1173.15	0	.624491	0	.375509	0
1172.15	0	.6241521	0	.3758479	0
1171.15	0	.6238138	0	.3761862	0
1170.15	0	.6234762	0	.3765238	0
1169.15	0	.6231393	0	.3768607	0
1168.15	0	.622803	0	.3771971	0
1167.15	0	.6224673	0	.3775327	0
1166.15	0	.6221323	0	.3778677	0
1165.15	0	.6217979	0	.3782021	0
1164.15	0	.6214642	0	.3785358	0
1163.15	0	.6211311	0	.3788689	0
1162.15	0	.6207986	0	.3792014	0
1161.15	0	.6204668	0	.3795332	0
1160.15	0	.6201356	0	.3798644	0
1159.15	0	.6198051	0	.3801949	0
1158.15	0	.6194752	0	.3805248	0
1157.15	0	.6191459	0	.3808541	0
1156.15	0	.6188173	0	.3811828	0
1155.15	0	.6184892	0	.3815108	0
1154.15	0	.6181618	0	.3818382	0
1153.15	0	.617835	0	.382165	0
1152.15	0	.6175089	0	.3824911	0
1151.15	0	.6171834	0	.3828166	0
1150.15	0	.6168585	0	.3831415	0
1149.15	0	.6165342	0	.3834658	0
1148.15	0	.6162105	0	.3837895	0
1147.15	0	.6158875	0	.3841125	0
1146.15	0	.615565	0	.384435	0
1145.15	0	.6152432	0	.3847568	0
1144.15	0	.614922	0	.385078	0
1143.15	0	.6146014	0	.3853986	0
1142.15	0	.6142814	0	.3857186	0
1141.15	0	.613962	0	.386038	0
1140.15	0	.6136432	0	.3863568	0
1139.15	0	.613325	0	.386675	0
1139.142	0	.6133224	0	.3866776	0
1139.142	0	.6133224	0	.3866776	0
1139.142	0	.6133224	0	.3866776	0
1138.15	0	.6124615	5.875524E-04	.3869509	0
1137.15	0	.6115957	.001178499	.3872259	0
1136.15	0	.6107321	.001767825	.3875001	0
1135.15	0	.6098708	.002355534	.3877737	0
1134.15	0	.6090118	.002941627	.3880466	0
1133.15	0	.6081551	.003526106	.3883188	0
1132.15	0	.6073007	.004108974	.3885903	0
1131.15	0	.6064486	.004690234	.3888611	0
1130.15	0	.6055988	.005269887	.3891313	0
1129.15	0	.6047512	.005847935	.3894009	0
1128.15	0	.6039059	.006424382	.3896697	0
1127.15	0	.6030629	.006999228	.3899379	0
1126.15	0	.6022221	.007572477	.3902054	0
1125.15	0	.6013836	.00814413	.3904723	0
1124.15	0	.6005474	.008714189	.3907385	0
1123.15	0	.5997134	.009282658	.391004	0
1122.15	0	.5988816	.009849537	.3912689	0
1121.15	0	.5980521	.01041483	.3915331	0
1120.15	0	.5972248	.01097854	.3917967	0
1119.15	0	.5963998	.01154066	.3920596	0
1118.15	0	.5955769	.01210121	.3923219	0
1117.15	0	.5947564	.01266017	.3925835	0
1116.15	0	.593938	.01321756	.3928445	0
1115.15	0	.5931219	.01377338	.3931048	0
1114.15	0	.5923079	.01432762	.3933645	0
1113.15	0	.5914962	.0148803	.3936235	0
1112.15	0	.5906867	.0154314	.3938819	0
1111.15	0	.5898794	.01598094	.3941397	0
1110.15	0	.5890743	.01652892	.3943968	0
1109.15	0	.5882714	.01707534	.3946533	0
1108.15	0	.5874707	.01762019	.3949091	0
1107.15	0	.5866722	.01816349	.3951643	0
1106.15	0	.5858758	.01870523	.3954189	0
1105.15	0	.5850817	.01924542	.3956729	0
1104.15	0	.5842897	.01978405	.3959262	0
1103.15	0	.5834999	.02032114	.3961789	0
1102.15	0	.5827123	.02085668	.396431	0
1101.15	0	.5819269	.02139067	.3966825	0
1100.15	0	.5811436	.02192312	.3969333	0
1099.15	0	.5803625	.02245403	.3971835	0
1098.15	0	.5795835	.0229834	.3974331	0
1097.15	0	.5788067	.02351123	.3976821	0
1096.15	0	.5780321	.02403752	.3979304	0
1095.15	0	.5772596	.02456228	.3981782	0
1094.15	0	.5764892	.02508552	.3984253	0
1093.15	0	.575721	.02560722	.3986718	0
1092.15	0	.5749549	.02612739	.3989177	0
1091.15	0	.574191	.02664603	.399163	0
1090.15	0	.5734292	.02716316	.3994077	0
1089.15	0	.5726695	.02767876	.3996517	0
1088.15	0	.571912	.02819284	.3998952	0
1087.15	0	.5711565	.0287054	.4001381	0
1086.15	0	.5704033	.02921645	.4003803	0
1085.15	0	.5696521	.02972598	.400622	0
1084.15	0	.568903	.030234	.400863	0
1083.15	0	.568156	.03074051	.4011035	0
1082.15	0	.5674112	.03124551	.4013433	0
1081.15	0	.5666684	.03174901	.4015826	0
1080.15	0	.5659278	.032251	.4018212	0
1079.15	0	.5651892	.03275149	.4020593	0
1078.15	0	.5644528	.03325047	.4022968	0
1077.15	0	.5637184	.03374796	.4025336	0
1076.15	0	.5629861	.03424395	.4027699	0
1075.15	0	.5622559	.03473845	.4030056	0
1074.15	0	.5615278	.03523146	.4032407	0
1073.15	0	.5608018	.03572297	.4034752	0
1072.15	0	.5600779	.036213	.4037091	0
1071.15	0	.559356	.03670154	.4039425	0
1070.15	0	.5586362	.03718859	.4041752	0
1069.15	0	.5579184	.03767416	.4044074	0
1068.15	0	.5572028	.03815825	.404639	0
1067.15	0	.5564892	.03864086	.40487	0
1066.15	0	.5557776	.039122	.4051004	0
1065.15	0	.5550681	.03960166	.4053302	0
1064.15	0	.5543607	.04007984	.4055595	0
1063.15	0	.5536553	.04055656	.4057882	0
1062.15	0	.5529519	.0410318	.4060162	0
1061.15	0	.5522506	.04150558	.4062438	0
1060.15	0	.5515514	.0419779	.4064707	0
1059.15	0	.5508542	.04244875	.4066971	0
1058.15	0	.550159	.04291814	.4069229	0
1057.15	0	.5494658	.04338607	.4071481	0
1056.15	0	.5487747	.04385255	.4073727	0
1055.15	0	.5480856	.04431757	.4075968	0
1054.15	0	.5473986	.04478114	.4078203	0
1053.15	0	.5467135	.04524325	.4080432	0
1052.15	0	.5460305	.04570392	.4082656	0
1051.15	0	.5453495	.04616315	.4084874	0
1050.15	0	.5446705	.04662093	.4087086	0
1049.15	0	.5439935	.04707726	.4089293	0
1048.15	0	.5433185	.04753216	.4091493	0
1047.15	0	.5426455	.04798562	.4093689	0
1046.15	0	.5419746	.04843764	.4095878	0
1045.15	0	.5413056	.04888823	.4098062	0
1044.15	0	.5406386	.04933739	.410024	0
1043.15	0	.5399736	.04978512	.4102413	0
1042.15	0	.5393106	.05023143	.410458	0
1041.15	0	.5386496	.05067631	.4106741	0
1040.15	0	.5379906	.05111977	.4108897	0
1039.15	0	.5373335	.0515618	.4111047	0
1038.15	0	.5366785	.05200243	.4113191	0
1037.15	0	.5360254	.05244163	.411533	0
1036.15	0	.5353743	.05287943	.4117463	0
1035.15	0	.5347251	.05331581	.4119591	0
1034.15	0	.5340779	.05375078	.4121713	0
1033.15	0	.5334327	.05418435	.4123829	0
1032.15	0	.5327895	.05461652	.412594	0
1031.15	0	.5321482	.05504729	.4128045	0
1030.15	0	.5315088	.05547666	.4130145	0
1029.15	0	.5308715	.05590463	.4132239	0
1028.15	0	.530236	.05633121	.4134328	0
1027.15	0	.5296025	.0567564	.4136411	0
1026.15	0	.528971	.0571802	.4138488	0
1025.15	0	.5283414	.05760262	.414056	0
1024.15	0	.5277137	.05802366	.4142626	0
1023.15	0	.527088	.05844331	.4144687	0
1022.15	0	.5264642	.05886159	.4146742	0
1021.15	0	.5258423	.0592785	.4148792	0
1020.15	0	.5252224	.05969403	.4150836	0
1019.15	0	.5246044	.0601082	.4152874	0
1018.15	0	.5239883	.060521	.4154907	0
1017.15	0	.5233741	.06093244	.4156935	0
1016.15	0	.5227618	.06134251	.4158956	0
1015.15	0	.5221515	.06175123	.4160973	0
1014.15	0	.5215431	.0621586	.4162984	0
1013.15	0	.5209365	.06256462	.4164989	0
1012.15	0	.5203319	.06296929	.4166988	0
1011.15	0	.5197291	.06337261	.4168983	0
1010.15	0	.5191283	.0637746	.4170971	0
1009.15	0	.5185293	.06417524	.4172954	0
1008.15	0	.5179323	.06457455	.4174932	0
1007.15	0	.5173371	.06497253	.4176904	0
1006.15	0	.5167438	.06536919	.417887	0
1005.15	0	.5161524	.06576451	.4180831	0
1004.15	0	.5155629	.06615852	.4182786	0
1003.15	0	.5149752	.06655121	.4184736	0
1002.15	0	.5143894	.06694258	.418668	0
1001.15	0	.5138054	.06733265	.4188619	0
1000.15	0	.5132234	.06772141	.4190552	0
999.15	0	.5126432	.06810886	.419248	0
998.15	0	.5120648	.06849502	.4194402	0
997.15	0	.5114883	.06887988	.4196318	0
996.15	0	.5109136	.06926345	.4198229	0
995.15	0	.5103408	.06964573	.4200134	0
994.15	0	.5097699	.07002673	.4202034	0
993.15	0	.5092007	.07040645	.4203928	0
992.15	0	.5086334	.07078489	.4205817	0
991.15	0	.508068	.07116207	.42077	0
990.15	0	.5075043	.07153797	.4209577	0
989.15	0	.5069425	.07191262	.4211449	0
988.15	0	.5063825	.072286	.4213315	0
987.15	0	.5058243	.07265814	.4215176	0
986.15	0	.5052679	.07302902	.4217031	0
985.15	0	.5047133	.07339866	.421888	0
984.15	0	.5041606	.07376706	.4220724	0
983.15	0	.5036096	.07413423	.4222562	0
982.15	0	.5030604	.07450016	.4224394	0
981.15	0	.502513	.07486487	.4226221	0
980.15	0	.5019674	.07522837	.4228042	0
979.15	0	.5014236	.07559064	.4229858	0
978.15	0	.5008815	.07595171	.4231668	0
977.15	0	.5003412	.07631158	.4233472	0
976.15	0	.4998027	.07667024	.4235271	0
975.15	0	.4992659	.07702771	.4237064	0
974.15	0	.4987309	.07738399	.4238851	0
973.15	0	.4981977	.0777391	.4240632	0
972.15	0	.4976662	.07809302	.4242408	0
971.15	0	.4971365	.07844577	.4244178	0
970.15	0	.4966084	.07879736	.4245942	0
969.15	0	.4960821	.0791478	.4247701	0
968.15	0	.4955576	.07949708	.4249453	0
967.15	0	.4950348	.07984521	.42512	0
966.15	0	.4945137	.0801922	.4252942	0
965.15	0	.4939943	.08053806	.4254677	0
964.15	0	.4934766	.08088279	.4256407	0
963.15	0	.4929606	.08122641	.425813	0
962.15	0	.4924463	.08156891	.4259848	0
961.15	0	.4919337	.0819103	.4261561	0
960.15	0	.4914227	.0822506	.4263267	0
959.15	0	.4909135	.0825898	.4264967	0
958.15	0	.4904059	.08292792	.4266662	0
957.15	0	.4899	.08326496	.426835	0
956.15	0	.4893958	.08360093	.4270033	0
955.15	0	.4888932	.08393584	.427171	0
954.15	0	.4883922	.08426969	.4273381	0
953.15	0	.4878929	.0846025	.4275046	0
952.15	0	.4873953	.08493427	.4276705	0
951.15	0	.4868992	.08526501	.4278358	0
950.15	0	.4864048	.08559473	.4280005	0
949.15	0	.485912	.08592344	.4281646	0
948.15	0	.4854208	.08625114	.4283281	0
947.15	0	.4849312	.08657785	.4284909	0
946.15	0	.4844432	.08690357	.4286532	0
945.15	0	.4839568	.08722831	.4288149	0
944.15	0	.483472	.08755208	.4289759	0
943.15	0	.4829887	.0878749	.4291364	0
942.15	0	.482507	.08819677	.4292962	0
941.15	0	.4820269	.08851769	.4294554	0
940.15	0	.4815483	.08883769	.429614	0
939.15	0	.4810712	.08915677	.429772	0
938.15	0	.4805957	.08947495	.4299293	0
937.15	0	.4801217	.08979222	.4300861	0
936.15	0	.4796493	.0901086	.4302422	0
935.15	0	.4791783	.09042411	.4303976	0
934.15	0	.4787088	.09073876	.4305524	0
933.15	0	.4782408	.09105254	.4307066	0
932.15	0	.4777743	.09136549	.4308602	0
931.15	0	.4773093	.09167761	.4310131	0
930.15	0	.4768457	.0919889	.4311654	0
929.15	0	.4763836	.09229939	.431317	0
928.15	0	.4759229	.09260908	.431468	0
927.15	0	.4754637	.09291799	.4316183	0
926.15	0	.4750059	.09322614	.431768	0
925.15	0	.4745494	.09353352	.431917	0
924.15	0	.4740945	.09384016	.4320654	0
923.15	0	.4736408	.09414607	.4322131	0
922.15	0	.4731886	.09445127	.4323601	0
921.15	0	.4727378	.09475576	.4325065	0
920.15	0	.4722883	.09505956	.4326522	0
919.15	0	.4718401	.09536269	.4327972	0
918.15	0	.4713933	.09566516	.4329416	0
917.15	0	.4709478	.09596698	.4330852	0
916.15	0	.4705036	.09626818	.4332282	0
915.15	0	.4700608	.09656876	.4333705	0
914.15	0	.4696192	.09686874	.4335121	0
913.15	0	.4691789	.09716814	.433653	0
912.15	0	.4687398	.09746697	.4337932	0
911.15	0	.468302	.09776525	.4339327	0
910.15	0	.4678655	.098063	.4340715	0
909.15	0	.4674302	.09836024	.4342096	0
908.15	0	.466996	.09865697	.434347	0
907.15	0	.4665631	.09895323	.4344836	0
906.15	0	.4661314	.09924902	.4346196	0
905.15	0	.4657008	.09954437	.4347548	0
904.15	0	.4652714	.09983929	.4348893	0
903.15	0	.4648432	.1001338	.435023	0
902.15	0	.464416	.1004279	.4351561	0
901.15	0	.46399	.1007217	.4352883	0
900.15	0	.463565	.1010151	.4354198	0
899.15	0	.4631412	.1013082	.4355506	0
898.15	0	.4627184	.101601	.4356806	0
897.15	0	.4622967	.1018935	.4358099	0
896.15	0	.4618759	.1021857	.4359384	0
895.15	0	.4614562	.1024777	.4360661	0
894.15	0	.4610375	.1027694	.436193	0
893.15	0	.4606198	.103061	.4363192	0
892.15	0	.460203	.1033524	.4364446	0
891.15	0	.4597872	.1036437	.4365691	0
890.15	0	.4593723	.1039348	.4366929	0
889.15	0	.4589583	.1042258	.4368159	0
888.15	0	.4585452	.1045167	.4369381	0
887.15	0	.458133	.1048076	.4370594	0
886.15	0	.4577216	.1050985	.4371799	0
885.15	0	.457311	.1053894	.4372997	0
884.15	0	.4569012	.1056803	.4374185	0
883.15	0	.4564922	.1059712	.4375366	0
882.15	0	.456084	.1062622	.4376538	0
881.15	0	.4556765	.1065534	.4377701	0
880.15	0	.4552698	.1068447	.4378856	0
879.15	0	.4548637	.1071361	.4380002	0
878.15	0	.4544583	.1074278	.4381139	0
877.15	0	.4540536	.1077197	.4382268	0
876.15	0	.4536495	.1080118	.4383387	0
875.15	0	.453246	.1083042	.4384498	0
874.15	0	.452843	.108597	.43856	0
873.15	0	.4524406	.1088901	.4386692	0
872.15	0	.4520388	.1091836	.4387776	0
871.15	0	.4516374	.1094776	.438885	0
870.15	0	.4512365	.109772	.4389915	0
869.15	0	.4508361	.1100669	.439097	0
868.15	0	.4504361	.1103623	.4392016	0
867.15	0	.4500365	.1106584	.4393052	0
866.15	0	.4496372	.110955	.4394079	0
865.15	0	.4492382	.1112523	.4395095	0
864.15	0	.4488396	.1115502	.4396102	0
863.15	0	.4484412	.1118489	.4397099	0
862.15	0	.448043	.1121484	.4398085	0
861.15	0	.4476451	.1124487	.4399062	0
860.15	0	.4472473	.1127499	.4400028	0
859.15	0	.4468497	.1130519	.4400984	0
858.15	0	.4464521	.113355	.4401929	0
857.15	0	.4460547	.113659	.4402864	0
856.15	0	.4456572	.1139641	.4403788	0
855.15	0	.4452597	.1142702	.44047	0
854.15	0	.4448622	.1145775	.4405602	0
853.15	0	.4444647	.1148861	.4406493	0
852.15	0	.4440669	.1151958	.4407373	0
851.15	0	.443669	.1155069	.4408241	0
850.15	0	.4432709	.1158193	.4409097	0
849.15	0	.4428726	.1161332	.4409942	0
848.15	0	.4424739	.1164486	.4410775	0
847.15	0	.4420749	.1167655	.4411596	0
846.15	0	.4416756	.117084	.4412405	0
845.15	0	.4412757	.1174041	.4413201	0
844.15	0	.4408754	.117726	.4413986	0
843.15	0	.4404745	.1180498	.4414757	0
842.15	0	.4400731	.1183754	.4415516	0
841.15	0	.439671	.1187029	.4416261	0
840.15	0	.4392682	.1190325	.4416994	0
839.15	0	.4388646	.1193642	.4417713	0
838.15	0	.4384602	.119698	.4418418	0
837.15	0	.4380549	.1200341	.441911	0
836.15	0	.4376487	.1203726	.4419787	0
835.15	0	.4372414	.1207135	.442045	0
834.15	0	.4368331	.121057	.4421099	0
833.15	0	.4364236	.121403	.4421733	0
832.15	0	.436013	.1217518	.4422352	0
831.15	0	.4356009	.1221035	.4422956	0
830.15	0	.4351876	.122458	.4423544	0
829.15	0	.4347727	.1228156	.4424117	0
828.15	0	.4343563	.1231764	.4424673	0
827.15	0	.4339383	.1235404	.4425213	0
826.15	0	.4335185	.1239078	.4425736	0
825.15	0	.4330969	.1242788	.4426242	0
824.15	0	.4326734	.1246535	.4426731	0
823.15	0	.4322479	.1250319	.4427202	0
822.15	0	.4318202	.1254143	.4427655	0
821.15	0	.4313902	.1258008	.4428089	0
820.15	0	.4309579	.1261916	.4428504	0
819.15	0	.4305231	.1265869	.44289	0
818.15	0	.4300857	.1269868	.4429276	0
817.15	0	.4296455	.1273914	.4429631	0
816.15	0	.4292023	.1278011	.4429966	0
815.15	0	.4287561	.128216	.4430279	0
814.15	0	.4283067	.1286364	.443057	0
813.15	0	.4278538	.1290624	.4430838	0
812.15	0	.4273974	.1294943	.4431083	0
811.15	0	.4269371	.1299324	.4431305	0
810.15	0	.4264729	.130377	.4431501	0
809.15	0	.4260045	.1308283	.4431672	0
808.15	0	.4255317	.1312867	.4431817	0
807.15	0	.4250541	.1317524	.4431935	0
806.15	0	.4245716	.132226	.4432024	0
805.15	0	.4240839	.1327076	.4432085	0
804.15	0	.4235906	.1331979	.4432115	0
803.15	0	.4230915	.1336971	.4432114	0
802.15	0	.4225862	.1342057	.4432081	0
801.15	0	.4220742	.1347244	.4432014	0
800.15	0	.4215553	.1352536	.4431911	0
799.15	0	.4210288	.1357939	.4431772	0
798.15	0	.4204945	.1363461	.4431595	0
797.15	0	.4199516	.1369107	.4431376	0
796.15	0	.4193997	.1374887	.4431116	0
795.15	0	.4188381	.1380809	.4430811	0
794.15	0	.4182674	.138687	.4430456	0
793.15	0	.417684	.1393106	.4430054	0
792.15	0	.4170886	.1399515	.44296	0
791.15	0	.4164801	.140611	.4429089	0
790.15	0	.4158574	.1412907	.4428519	0
789.15	0	.4152194	.1419922	.4427884	0
788.15	0	.4145645	.1427174	.4427181	0
787.15	0	.4138911	.1434685	.4426403	0
786.15	0	.4131975	.1442479	.4425545	0
785.15	0	.4124815	.1450586	.4424599	0
784.15	0	.4114459	.1462823	.4422718	0
783.15	0	.4100209	.1480112	.441968	0
782.15	0	.408716	.149591	.441693	0
781.15	0	.4075119	.1510461	.441442	0
780.15	0	.4063939	.1523947	.4412113	0
779.15	0	.4053505	.1536515	.440998	0
778.15	0	.4043723	.1548279	.4407998	0
777.15	0	.4034518	.1559334	.4406148	0
776.15	0	.4025828	.1569759	.4404414	0
775.15	0	.4017599	.1579617	.4402784	0
774.15	0	.4009788	.1588966	.4401246	0
773.15	0	.4002357	.1597851	.4399792	0
772.15	0	.3995272	.1606315	.4398413	0
771.15	0	.3988505	.1614392	.4397104	0
770.15	0	.3982029	.1622114	.4395856	0
769.15	0	.3975825	.1629509	.4394667	0
768.15	0	.396987	.16366	.439353	0
767.15	0	.3964149	.164341	.4392441	0
766.15	0	.3958644	.1649958	.4391398	0
765.15	0	.3953342	.1656262	.4390396	0
764.15	0	.394823	.1662337	.4389432	0
763.15	0	.3943297	.1668198	.4388505	0
762.15	0	.393853	.1673858	.4387611	0
761.15	0	.3933922	.1679329	.4386749	0
760.15	0	.3929463	.1684622	.4385916	0
759.15	0	.3925144	.1689746	.438511	0
758.15	0	.3920959	.1694711	.438433	0
757.15	0	.3916899	.1699526	.4383575	0
756.15	0	.391296	.1704198	.4382842	0
755.15	0	.3909134	.1708735	.4382131	0
754.15	0	.3905417	.1713143	.4381441	0
753.15	0	.3901803	.1717429	.4380769	0
752.15	0	.3898287	.1721598	.4380116	0
751.15	0	.3894864	.1725656	.4379479	0
750.15	0	.3891532	.1729609	.437886	0
749.15	0	.3888285	.173346	.4378255	0
748.15	0	.388512	.1737215	.4377666	0
747.15	0	.3882033	.1740877	.437709	0
746.15	0	.3879021	.1744452	.4376527	0
745.15	0	.3876082	.1747941	.4375977	0
744.15	0	.3873211	.1751349	.4375439	0
743.15	0	.3870407	.175468	.4374913	0
742.15	0	.3867667	.1757936	.4374397	0
741.15	0	.3864988	.176112	.4373892	0
740.15	0	.3862368	.1764235	.4373397	0
739.15	0	.3859805	.1767284	.4372911	0
738.15	0	.3857297	.1770269	.4372434	0
737.15	0	.3854841	.1773193	.4371966	0
736.15	0	.3852436	.1776058	.4371506	0
735.15	0	.385008	.1778865	.4371055	0
734.15	0	.3847771	.1781618	.437061	0
733.15	0	.3845508	.1784319	.4370173	0
732.15	0	.3843289	.1786968	.4369743	0
731.15	0	.3841113	.1789567	.436932	0
730.15	0	.3838978	.179212	.4368903	0
729.15	0	.3836882	.1794626	.4368492	0
728.15	0	.3834826	.1797088	.4368087	0
727.15	0	.3832806	.1799507	.4367687	0
726.15	0	.3830823	.1801885	.4367293	0
725.15	0	.3828874	.1804222	.4366904	0
724.15	0	.3826959	.180652	.436652	0
723.15	0	.3825078	.1808781	.4366141	0
722.15	0	.3823228	.1811006	.4365767	0
721.15	0	.3821409	.1813195	.4365397	0
720.15	0	.3819619	.181535	.4365031	0
719.15	0	.3817859	.1817472	.4364669	0
718.15	0	.3816127	.1819562	.4364311	0
717.15	0	.3814423	.182162	.4363957	0
716.15	0	.3812745	.1823649	.4363606	0
715.15	0	.3811093	.1825648	.4363259	0
714.15	0	.3809466	.1827618	.4362916	0
713.15	0	.3807863	.1829561	.4362575	0
712.15	0	.3806285	.1831478	.4362238	0
711.15	0	.3804729	.1833368	.4361904	0
710.15	0	.3803196	.1835232	.4361572	0
709.15	0	.3801684	.1837072	.4361243	0
708.15	0	.3800194	.1838888	.4360917	0
707.15	0	.3798725	.1840681	.4360594	0
706.15	0	.3797275	.1842452	.4360273	0
705.15	0	.3795846	.18442	.4359954	0
704.15	0	.3794435	.1845927	.4359638	0
703.15	0	.3793043	.1847633	.4359324	0
702.15	0	.379167	.1849319	.4359012	0
701.15	0	.3790314	.1850984	.4358702	0
700.15	0	.3788975	.1852631	.4358394	0
699.15	0	.3787653	.1854259	.4358088	0
698.15	0	.3786347	.1855869	.4357784	0
697.15	0	.3785058	.1857461	.4357481	0
696.15	0	.3783784	.1859036	.435718	0
695.15	0	.3782526	.1860593	.4356881	0
694.15	0	.3781282	.1862135	.4356584	0
693.15	0	.3780053	.186366	.4356288	0
692.15	0	.3778838	.186517	.4355993	0
691.15	0	.3777636	.1866664	.43557	0
690.15	0	.3776449	.1868143	.4355408	0
689.15	0	.3775275	.1869608	.4355117	0
688.15	0	.3774113	.1871059	.4354828	0
687.15	0	.3772964	.1872496	.435454	0
686.15	0	.3771828	.187392	.4354253	0
685.15	0	.3770703	.187533	.4353967	0
684.15	0	.3769591	.1876727	.4353682	0
683.15	0	.376849	.1878112	.4353398	0
682.15	0	.37674	.1879484	.4353116	0
681.15	0	.3766321	.1880845	.4352834	0
680.15	0	.3765254	.1882194	.4352553	0
679.15	0	.3764196	.1883531	.4352273	0
678.15	0	.3763149	.1884857	.4351994	0
677.15	0	.3762112	.1886172	.4351715	0
676.15	0	.3761086	.1887477	.4351438	0
675.15	0	.3760068	.1888771	.4351161	0
674.15	0	.3759061	.1890054	.4350885	0
673.15	0	.3758062	.1891328	.435061	0
672.15	0	.3757073	.1892592	.4350335	0
671.15	0	.3756093	.1893846	.4350061	0
670.15	0	.3755121	.1895091	.4349787	0
669.15	0	.3754158	.1896327	.4349515	0
668.15	0	.3753204	.1897554	.4349242	0
667.15	0	.3752258	.1898772	.4348971	0
666.15	0	.375132	.1899981	.4348699	0
665.15	0	.3750389	.1901182	.4348429	0
664.15	0	.3749467	.1902375	.4348158	0
663.15	0	.3748552	.190356	.4347889	0
662.15	0	.3747645	.1904736	.4347619	0
661.15	0	.3746745	.1905905	.434735	0
660.15	0	.3745852	.1907067	.4347082	0
659.15	0	.3744966	.190822	.4346813	0
658.15	0	.3744087	.1909367	.4346546	0
657.15	0	.3743216	.1910506	.4346278	0
656.15	0	.374235	.1911639	.4346011	0
655.15	0	.3741492	.1912764	.4345744	0
654.15	0	.3740639	.1913883	.4345478	0
653.15	0	.3739793	.1914995	.4345211	0
652.15	0	.3738954	.1916101	.4344945	0
651.15	0	.373812	.19172	.434468	0
650.15	0	.3737292	.1918293	.4344414	0
649.15	0	.3736471	.191938	.4344149	0
648.15	0	.3735655	.1920461	.4343884	0
647.15	0	.3734845	.1921536	.4343619	0
646.15	0	.373404	.1922605	.4343355	0
645.15	0	.3733241	.1923669	.434309	0
644.15	0	.3732447	.1924727	.4342826	0
643.15	0	.3731659	.1925779	.4342562	0
642.15	0	.3730875	.1926826	.4342298	0
641.15	0	.3730097	.1927868	.4342035	0
640.15	0	.3729324	.1928905	.4341771	0
639.15	0	.3728556	.1929936	.4341508	0
638.15	0	.3727793	.1930963	.4341244	0
637.15	0	.3727035	.1931984	.4340981	0
636.15	0	.3726281	.1933001	.4340718	0
635.15	0	.3725533	.1934013	.4340455	0
634.15	0	.3724788	.193502	.4340192	0
633.15	0	.3724048	.1936022	.4339929	0
632.15	0	.3723313	.193702	.4339667	0
631.15	0	.3722582	.1938014	.4339404	0
630.15	0	.3721855	.1939003	.4339141	0
629.15	0	.3721133	.1939988	.4338879	0
628.15	0	.3720415	.1940969	.4338616	0
627.15	0	.3719701	.1941946	.4338354	0
626.15	0	.3718991	.1942918	.4338092	0
625.15	0	.3718285	.1943886	.4337829	0
624.15	0	.3717583	.1944851	.4337567	0
623.15	0	.3716884	.1945811	.4337305	0
622.15	0	.371619	.1946768	.4337042	0
621.15	0	.3715499	.1947721	.433678	0
620.15	0	.3714812	.194867	.4336518	0
619.15	0	.3714129	.1949615	.4336256	0
618.15	0	.3713449	.1950557	.4335994	0
617.15	0	.3712773	.1951495	.4335732	0
616.15	0	.3712101	.195243	.433547	0
615.15	0	.3711432	.1953361	.4335207	0
614.15	0	.3710766	.1954289	.4334945	0
613.15	0	.3710104	.1955213	.4334683	0
612.15	0	.3709445	.1956134	.4334421	0
611.15	0	.3708789	.1957052	.4334159	0
610.15	0	.3708137	.1957967	.4333897	0
609.15	0	.3707487	.1958878	.4333635	0
608.15	0	.3706841	.1959786	.4333373	0
607.15	0	.3706198	.1960691	.4333111	0
606.15	0	.3705558	.1961593	.4332848	0
605.15	0	.3704921	.1962493	.4332586	0
604.15	0	.3704287	.1963389	.4332324	0
603.15	0	.3703657	.1964282	.4332062	0
602.15	0	.3703028	.1965172	.43318	0
601.15	0	.3702403	.1966059	.4331538	0
600.15	0	.3701781	.1966944	.4331275	0
599.15	0	.3701162	.1967825	.4331013	0
598.15	0	.3700545	.1968704	.4330751	0
597.15	0	.3699931	.1969581	.4330489	0
596.15	0	.369932	.1970454	.4330226	0
595.15	0	.3698711	.1971325	.4329964	0
594.15	0	.3698105	.1972193	.4329702	0
593.15	0	.3697502	.1973059	.4329439	0
592.15	0	.3696901	.1973922	.4329177	0
591.15	0	.3696303	.1974782	.4328915	0
590.15	0	.3695708	.197564	.4328652	0
589.15	0	.3695115	.1976496	.432839	0
588.15	0	.3694524	.1977349	.4328128	0
587.15	0	.3693936	.1978199	.4327865	0
586.15	0	.369335	.1979047	.4327603	0
585.15	0	.3692767	.1979893	.432734	0
584.15	0	.3692186	.1980737	.4327078	0
583.15	0	.3691607	.1981578	.4326815	0
582.15	0	.3691031	.1982416	.4326553	0
581.15	0	.3690457	.1983253	.432629	0
580.15	0	.3689885	.1984087	.4326028	0
579.15	0	.3689316	.1984919	.4325765	0
578.15	0	.3688748	.1985749	.4325503	0
577.15	0	.3688183	.1986576	.432524	0
576.15	0	.3687621	.1987402	.4324978	0
575.15	0	.368706	.1988225	.4324716	0
574.15	0	.3686501	.1989046	.4324453	0
573.15	0	.3685945	.1989865	.4324191	0
572.15	0	.3685391	.1990681	.4323928	0
571.15	0	.3684838	.1991496	.4323666	0
570.15	0	.3684288	.1992309	.4323403	0
569.15	0	.368374	.1993119	.4323141	0
568.15	0	.3683194	.1993928	.4322878	0
567.15	0	.368265	.1994734	.4322616	0
566.15	0	.3682108	.1995539	.4322354	0
565.15	0	.3681567	.1996341	.4322091	0
564.15	0	.3681029	.1997142	.4321829	0
563.15	0	.3680493	.199794	.4321567	0
562.15	0	.3679959	.1998737	.4321305	0
561.15	0	.3679426	.1999532	.4321042	0
560.15	0	.3678896	.2000324	.432078	0
559.15	0	.3678367	.2001115	.4320518	0
558.15	0	.367784	.2001904	.4320256	0
557.15	0	.3677315	.2002691	.4319994	0
556.15	0	.3676792	.2003476	.4319732	0
555.15	0	.3676271	.200426	.431947	0
554.15	0	.3675751	.2005041	.4319208	0
553.15	0	.3675233	.2005821	.4318946	0
552.15	0	.3674717	.2006599	.4318684	0
551.15	0	.3674203	.2007375	.4318422	0
550.15	0	.367369	.2008149	.4318161	0
549.15	0	.367318	.2008922	.4317899	0
548.15	0	.367267	.2009692	.4317637	0
547.15	0	.3672163	.2010461	.4317376	0
546.15	0	.3671657	.2011228	.4317114	0
545.15	0	.3671153	.2011993	.4316853	0
544.15	0	.3670651	.2012757	.4316592	0
543.15	0	.367015	.2013519	.4316331	0
542.15	0	.3669651	.2014279	.431607	0
541.15	0	.3669154	.2015038	.4315809	0
540.15	0	.3668659	.2015794	.4315547	0
539.15	0	.3668165	.2016549	.4315286	0
538.15	0	.3667672	.2017303	.4315025	0
537.15	0	.3667181	.2018054	.4314765	0
536.15	0	.3666692	.2018804	.4314504	0
535.15	0	.3666204	.2019553	.4314244	0
534.15	0	.3665718	.2020299	.4313983	0
533.15	0	.3665233	.2021044	.4313723	0
532.15	0	.366475	.2021787	.4313463	0
531.15	0	.3664268	.2022529	.4313203	0
530.15	0	.3663788	.2023269	.4312943	0
529.15	0	.3663309	.2024007	.4312684	0
528.15	0	.3662832	.2024744	.4312424	0
527.15	0	.3662356	.2025479	.4312164	0
526.15	0	.3661882	.2026213	.4311905	0
525.15	0	.3661409	.2026945	.4311646	0
524.15	0	.3660938	.2027675	.4311387	0
523.15	0	.3660468	.2028404	.4311128	0
522.15	0	.366	.2029131	.431087	0
521.15	0	.3659533	.2029856	.4310611	0
520.15	0	.3659068	.203058	.4310353	0
519.15	0	.3658604	.2031302	.4310095	0
518.15	0	.3658141	.2032023	.4309837	0
517.15	0	.365768	.2032742	.4309579	0
516.15	0	.365722	.2033459	.4309321	0
515.15	0	.3656761	.2034175	.4309063	0
514.15	0	.3656304	.203489	.4308806	0
513.15	0	.3655849	.2035602	.4308549	0
512.15	0	.3655394	.2036313	.4308292	0
511.15	0	.3654942	.2037023	.4308035	0
510.15	0	.365449	.2037731	.4307779	0
509.15	0	.365404	.2038438	.4307522	0
508.15	0	.3653591	.2039143	.4307266	0
507.15	0	.3653144	.2039846	.430701	0
506.15	0	.3652698	.2040548	.4306755	0
505.15	0	.3652253	.2041248	.4306499	0
504.15	0	.3651809	.2041947	.4306244	0
503.15	0	.3651367	.2042644	.4305989	0
502.15	0	.3650926	.204334	.4305734	0
501.15	0	.3650487	.2044034	.430548	0
500.15	0	.3650049	.2044726	.4305225	0
499.15	0	.3649612	.2045417	.4304971	0
498.15	0	.3649176	.2046107	.4304717	0
497.15	0	.3648742	.2046795	.4304464	0
496.15	0	.3648309	.2047481	.430421	0
495.15	0	.3647877	.2048166	.4303957	0
494.15	0	.3647446	.2048849	.4303704	0
493.15	0	.3647017	.2049531	.4303452	0
492.15	0	.3646589	.2050211	.43032	0
491.15	0	.3646163	.205089	.4302947	0
490.15	0	.3645737	.2051567	.4302696	0
489.15	0	.3645313	.2052243	.4302444	0
488.15	0	.364489	.2052917	.4302193	0
487.15	0	.3644468	.205359	.4301942	0
486.15	0	.3644048	.2054261	.4301692	0
485.15	0	.3643629	.205493	.4301441	0
484.15	0	.3643211	.2055598	.4301191	0
483.15	0	.3642794	.2056265	.4300942	0
482.15	0	.3642378	.2056929	.4300692	0
481.15	0	.3641964	.2057593	.4300443	0
480.15	0	.3641551	.2058255	.4300194	0
479.15	0	.3641139	.2058915	.4299946	0
478.15	0	.3640728	.2059574	.4299698	0
477.15	0	.3640319	.2060231	.429945	0
476.15	0	.3639911	.2060887	.4299203	0
475.15	0	.3639504	.2061541	.4298956	0
474.15	0	.3639098	.2062194	.4298709	0
473.15	0	.3638693	.2062845	.4298462	0
472.15	0	.3638289	.2063494	.4298216	0
471.15	0	.3637887	.2064143	.4297971	0
470.15	0	.3637486	.2064789	.4297725	0
469.15	0	.3637086	.2065434	.429748	0
468.15	0	.3636687	.2066078	.4297235	0
467.15	0	.363629	.2066719	.4296991	0
466.15	0	.3635893	.206736	.4296747	0
465.15	0	.3635498	.2067999	.4296504	0
464.15	0	.3635104	.2068636	.4296261	0
463.15	0	.3634711	.2069272	.4296018	0
462.15	0	.3634319	.2069906	.4295775	0
461.15	0	.3633928	.2070539	.4295533	0
460.15	0	.3633539	.207117	.4295292	0
459.15	0	.363315	.2071799	.4295051	0
458.15	0	.3632763	.2072427	.429481	0
457.15	0	.3632377	.2073054	.429457	0
456.15	0	.3631992	.2073679	.429433	0
455.15	0	.3631608	.2074302	.429409	0
454.15	0	.3631225	.2074924	.4293851	0
453.15	0	.3630844	.2075544	.4293612	0
452.15	0	.3630463	.2076163	.4293374	0
451.15	0	.3630084	.207678	.4293136	0
450.15	0	.3629706	.2077396	.4292898	0
449.15	0	.3629329	.2078009	.4292662	0
448.15	0	.3628953	.2078621	.4292425	0
447.15	0	.3628579	.2079232	.4292189	0
446.15	0	.3628206	.2079841	.4291954	0
445.15	0	.3627834	.2080448	.4291719	0
444.15	0	.3627463	.2081053	.4291485	0
443.15	0	.3627093	.2081656	.4291251	0
442.15	0	.3626725	.2082258	.4291017	0
441.15	0	.3626358	.2082858	.4290784	0
440.15	0	.3625992	.2083456	.4290552	0
439.15	0	.3625627	.2084052	.429032	0
438.15	0	.3625264	.2084647	.4290089	0
437.15	0	.3624902	.2085239	.4289859	0
436.15	0	.3624542	.2085829	.4289629	0
435.15	0	.3624182	.2086418	.42894	0
434.15	0	.3623825	.2087004	.4289171	0
433.15	0	.3623468	.2087589	.4288943	0
432.15	0	.3623113	.2088171	.4288716	0
431.15	0	.362276	.2088751	.4288489	0
430.15	0	.3622407	.208933	.4288263	0
429.15	0	.3622056	.2089906	.4288038	0
428.15	0	.3621707	.209048	.4287813	0
427.15	0	.3621359	.2091052	.4287589	0
426.15	0	.3621012	.2091622	.4287366	0
425.15	0	.3620667	.2092189	.4287144	0
424.15	0	.3620324	.2092755	.4286922	0
423.15	0	.3619981	.2093318	.4286701	0
422.15	0	.361964	.2093879	.428648	0
421.15	0	.3619301	.2094438	.4286261	0
420.15	0	.3618963	.2094995	.4286042	0
419.15	0	.3618626	.209555	.4285824	0
418.15	0	.3618291	.2096103	.4285606	0
417.15	0	.3617958	.2096653	.428539	0
416.15	0	.3617625	.2097201	.4285174	0
415.15	0	.3617294	.2097747	.4284958	0
414.15	0	.3616965	.2098291	.4284744	0
413.15	0	.3616637	.2098833	.428453	0
412.15	0	.361631	.2099372	.4284318	0
411.15	0	.3615985	.2099909	.4284106	0
410.15	0	.3615662	.2100444	.4283894	0
409.15	0	.3615339	.2100977	.4283684	0
408.15	0	.3615018	.2101508	.4283474	0
407.15	0	.3614699	.2102036	.4283265	0
406.15	0	.3614381	.2102562	.4283057	0
405.15	0	.3614064	.2103086	.4282849	0
404.15	0	.3613749	.2103609	.4282643	0
403.15	0	.3613435	.2104128	.4282437	0
