T	 BPW(LIQUID)	BPW(BCC_A2)	BPW(FCC_A1)	BPW(LAVES_PHASE_C14)	BPW(NI3TI)
1473.15	.271885	.5942715	0	.1338435	0
1472.15	.2659492	.5981238	0	.135927	0
1471.15	.2601224	.6019011	0	.1379765	0
1470.15	.2544018	.6056052	0	.139993	0
1469.15	.2487847	.609238	0	.1419773	0
1468.432	.2448146	.6118029	0	.1433824	0
1468.432	.2448146	.6118029	0	.1433824	0
1468.432	.2448146	.6118029	0	.1433824	0
1468.15	.2391627	.6066105	.0088498	.145377	0
1467.15	.2194683	.588643	.03959367	.152295	0
1466.15	.2002823	.5713322	.06940053	.1589849	0
1465.15	.181582	.5546484	.09831273	.1654569	0
1464.15	.1633455	.5385637	.1263702	.1717207	0
1463.15	.1455524	.5230517	.1536105	.1777855	0
1462.15	.1281833	.5080876	.1800691	.1836599	0
1461.15	.1112201	.4936482	.2057796	.1893521	0
1460.15	.09464544	.4797113	.2307735	.1948697	0
1459.15	.0784429	.4662561	.2550809	.2002201	0
1458.15	.06259699	.4532628	.27873	.2054101	0
1457.15	.04708272	.440709	.3017588	.2104495	0
1456.15	.03190607	.4285851	.3241706	.2153383	0
1455.15	.01704411	.4168701	.3460005	.2200853	0
1454.15	.002484243	.4055482	.3672713	.2246962	0
1453.977	0	.403632	.370889	.225479	0
1453.977	0	.403632	.370889	.225479	0
1453.15	0	.401124	.3729492	.2259269	0
1452.15	0	.3981001	.3754337	.2264662	0
1451.15	0	.3950847	.3779119	.2270034	0
1450.15	0	.3920776	.380384	.2275385	0
1449.15	0	.3890788	.3828499	.2280713	0
1448.15	0	.3860884	.3853096	.2286021	0
1447.15	0	.3831062	.3877631	.2291307	0
1446.15	0	.3801323	.3902105	.2296572	0
1445.15	0	.3771666	.3926518	.2301817	0
1444.15	0	.3742091	.395087	.230704	0
1443.15	0	.3712598	.397516	.2312242	0
1442.15	0	.3683186	.399939	.2317424	0
1441.15	0	.3653856	.4023559	.2322585	0
1440.15	0	.3624607	.4047667	.2327725	0
1439.15	0	.3595439	.4071715	.2332846	0
1438.15	0	.3566351	.4095703	.2337945	0
1437.15	0	.3537344	.4119631	.2343025	0
1436.15	0	.3508417	.4143498	.2348085	0
1435.15	0	.347957	.4167306	.2353124	0
1434.15	0	.3450802	.4191053	.2358144	0
1433.15	0	.3422114	.4214742	.2363144	0
1432.15	0	.3393506	.423837	.2368124	0
1431.15	0	.3364976	.4261939	.2373085	0
1430.15	0	.3336525	.4285449	.2378026	0
1429.15	0	.3308152	.43089	.2382948	0
1428.15	0	.3279858	.4332292	.238785	0
1427.15	0	.3251642	.4355624	.2392734	0
1426.15	0	.3223504	.4378898	.2397598	0
1425.15	0	.3195444	.4402114	.2402443	0
1424.15	0	.3167461	.442527	.2407269	0
1423.15	0	.3139555	.4448368	.2412076	0
1422.15	0	.3111727	.4471408	.2416865	0
1421.15	0	.3083975	.449439	.2421635	0
1420.15	0	.30563	.4517313	.2426387	0
1419.15	0	.3028701	.4540179	.243112	0
1418.15	0	.3001179	.4562987	.2435834	0
1417.15	0	.2973733	.4585736	.2440531	0
1416.15	0	.2946363	.4608429	.2445209	0
1415.15	0	.2919068	.4631063	.2449869	0
1414.15	0	.2891849	.465364	.2454511	0
1413.15	0	.2864705	.467616	.2459135	0
1412.15	0	.2837636	.4698623	.2463741	0
1411.15	0	.2810642	.4721028	.246833	0
1410.15	0	.2783723	.4743376	.2472901	0
1409.15	0	.2756879	.4765667	.2477454	0
1408.15	0	.2730108	.4787902	.248199	0
1407.15	0	.2703412	.4810079	.2486508	0
1406.15	0	.267679	.48322	.2491009	0
1405.15	0	.2650242	.4854265	.2495493	0
1404.15	0	.2623768	.4876273	.249996	0
1403.15	0	.2597367	.4898224	.2504409	0
1402.15	0	.2571039	.4920119	.2508842	0
1401.15	0	.2544785	.4941958	.2513257	0
1400.15	0	.2518603	.4963741	.2517656	0
1399.15	0	.2492495	.4985467	.2522038	0
1398.15	0	.2466459	.5007138	.2526404	0
1397.15	0	.2440495	.5028752	.2530752	0
1396.15	0	.2414604	.5050311	.2535084	0
1395.15	0	.2388785	.5071814	.25394	0
1394.15	0	.2363039	.5093262	.25437	0
1393.15	0	.2337364	.5114654	.2547983	0
1392.15	0	.2311761	.513599	.255225	0
1391.15	0	.2286229	.5157271	.2556501	0
1390.15	0	.2260769	.5178496	.2560735	0
1389.15	0	.223538	.5199666	.2564954	0
1388.15	0	.2210062	.5220781	.2569157	0
1387.15	0	.2184816	.524184	.2573344	0
1386.15	0	.215964	.5262845	.2577515	0
1385.15	0	.2134535	.5283794	.258167	0
1384.15	0	.2109501	.5304689	.258581	0
1383.15	0	.2084537	.5325528	.2589935	0
1382.15	0	.2059644	.5346313	.2594043	0
1381.15	0	.2034821	.5367042	.2598137	0
1380.15	0	.2010068	.5387717	.2602215	0
1379.15	0	.1985385	.5408337	.2606278	0
1378.15	0	.1960772	.5428903	.2610325	0
1377.15	0	.1936229	.5449414	.2614358	0
1376.15	0	.1911755	.546987	.2618375	0
1375.15	0	.1887351	.5490272	.2622378	0
1374.15	0	.1863016	.5510619	.2626365	0
1373.15	0	.1838751	.5530912	.2630338	0
1372.15	0	.1814555	.555115	.2634296	0
1371.15	0	.1790428	.5571334	.2638239	0
1370.15	0	.176637	.5591463	.2642167	0
1369.15	0	.1742381	.5611539	.2646081	0
1368.15	0	.171846	.5631559	.264998	0
1367.15	0	.1694609	.5651526	.2653865	0
1366.15	0	.1670826	.5671439	.2657736	0
1365.15	0	.1647111	.5691297	.2661592	0
1364.15	0	.1623465	.5711101	.2665434	0
1363.15	0	.1599888	.5730851	.2669261	0
1362.15	0	.1576378	.5750547	.2673075	0
1361.15	0	.1552937	.5770189	.2676874	0
1360.15	0	.1529564	.5789777	.2680659	0
1359.15	0	.1506259	.580931	.2684431	0
1358.15	0	.1483022	.582879	.2688188	0
1357.15	0	.1459853	.5848215	.2691932	0
1356.15	0	.1436751	.5867587	.2695662	0
1355.15	0	.1413718	.5886904	.2699378	0
1354.15	0	.1390752	.5906168	.2703081	0
1353.15	0	.1367854	.5925377	.2706769	0
1352.15	0	.1345023	.5944533	.2710445	0
1351.15	0	.132226	.5963634	.2714106	0
1350.15	0	.1299564	.5982681	.2717755	0
1349.15	0	.1276936	.6001675	.272139	0
1348.15	0	.1254375	.6020614	.2725012	0
1347.15	0	.1231881	.6039499	.272862	0
1346.15	0	.1209454	.605833	.2732215	0
1345.15	0	.1187095	.6077108	.2735797	0
1344.15	0	.1164803	.6095831	.2739366	0
1343.15	0	.1142578	.61145	.2742922	0
1342.15	0	.112042	.6133114	.2746465	0
1341.15	0	.109833	.6151675	.2749995	0
1340.15	0	.1076306	.6170182	.2753512	0
1339.15	0	.1054349	.6188634	.2757017	0
1338.15	0	.103246	.6207032	.2760508	0
1337.15	0	.1010637	.6225376	.2763987	0
1336.15	0	.09888813	.6243666	.2767453	0
1335.15	0	.09671925	.6261901	.2770907	0
1334.15	0	.09455706	.6280082	.2774348	0
1333.15	0	.09240156	.6298208	.2777776	0
1332.15	0	.09025276	.631628	.2781192	0
1331.15	0	.08811065	.6334298	.2784596	0
1330.15	0	.08597523	.6352261	.2787987	0
1329.15	0	.0838465	.6370169	.2791366	0
1328.15	0	.08172446	.6388023	.2794732	0
1327.15	0	.07960911	.6405822	.2798087	0
1326.15	0	.07750045	.6423567	.2801429	0
1325.15	0	.07539849	.6441256	.2804759	0
1324.15	0	.07330323	.6458891	.2808077	0
1323.15	0	.07121466	.647647	.2811383	0
1322.15	0	.06913279	.6493995	.2814677	0
1321.15	0	.06705763	.6511465	.2817959	0
1320.15	0	.06498917	.6528879	.2821229	0
1319.15	0	.06292742	.6546238	.2824488	0
1318.15	0	.06087239	.6563542	.2827734	0
1317.15	0	.05882406	.658079	.2830969	0
1316.15	0	.05678246	.6597983	.2834192	0
1315.15	0	.05474759	.661512	.2837404	0
1314.15	0	.05271944	.6632202	.2840604	0
1313.15	0	.05069803	.6649228	.2843792	0
1312.15	0	.04868336	.6666198	.2846969	0
1311.15	0	.04667543	.6683112	.2850134	0
1310.15	0	.04467426	.669997	.2853288	0
1309.15	0	.04267984	.6716771	.285643	0
1308.15	0	.04069219	.6733517	.2859561	0
1307.15	0	.03871131	.6750206	.2862681	0
1306.15	0	.03673722	.6766838	.286579	0
1305.15	0	.0347699	.6783414	.2868887	0
1304.15	0	.03280939	.6799933	.2871973	0
1303.15	0	.03085568	.6816395	.2875048	0
1302.15	0	.02890878	.68328	.2878112	0
1301.15	0	.02696871	.6849148	.2881165	0
1300.15	0	.02503546	.6865439	.2884206	0
1299.15	0	.02310906	.6881672	.2887237	0
1298.15	0	.02118951	.6897848	.2890257	0
1297.15	0	.01927683	.6913966	.2893266	0
1296.15	0	.01737102	.6930026	.2896264	0
1295.15	0	.0154721	.6946028	.2899251	0
1294.15	0	.01358007	.6961972	.2902228	0
1293.15	0	.01169495	.6977857	.2905193	0
1292.15	0	.009816759	.6993684	.2908148	0
1291.15	0	.007945501	.7009453	.2911092	0
1290.15	0	.006081193	.7025162	.2914026	0
1289.15	0	.004223848	.7040813	.2916949	0
1288.15	0	.002373481	.7056404	.2919861	0
1287.15	0	5.301067E-04	.7071936	.2922763	0
1286.862	0	0	.7076402	.2923598	0
1286.862	0	0	.7076402	.2923598	0
1286.15	0	0	.7074843	.2925157	0
1285.15	0	0	.7072657	.2927343	0
1284.15	0	0	.7070475	.2929525	0
1283.15	0	0	.7068297	.2931703	0
1282.15	0	0	.7066123	.2933877	0
1281.15	0	0	.7063954	.2936046	0
1280.15	0	0	.7061788	.2938212	0
1279.15	0	0	.7059627	.2940373	0
1278.15	0	0	.705747	.294253	0
1277.15	0	0	.7055317	.2944683	0
1276.15	0	0	.7053169	.2946831	0
1275.15	0	0	.7051024	.2948976	0
1274.15	0	0	.7048884	.2951116	0
1273.15	0	0	.7046748	.2953253	0
1272.15	0	0	.7044615	.2955385	0
1271.15	0	0	.7042488	.2957513	0
1270.15	0	0	.7040364	.2959636	0
1269.15	0	0	.7038244	.2961756	0
1268.15	0	0	.7036128	.2963872	0
1267.15	0	0	.7034017	.2965983	0
1266.15	0	0	.703191	.296809	0
1265.15	0	0	.7029806	.2970194	0
1264.15	0	0	.7027707	.2972293	0
1263.15	0	0	.7025612	.2974388	0
1262.15	0	0	.7023521	.2976479	0
1261.15	0	0	.7021433	.2978567	0
1260.15	0	0	.701935	.298065	0
1259.15	0	0	.7017271	.2982729	0
1258.15	0	0	.7015197	.2984804	0
1257.15	0	0	.7013126	.2986875	0
1256.15	0	0	.7011059	.2988941	0
1255.15	0	0	.7008996	.2991004	0
1254.15	0	0	.7006937	.2993063	0
1253.15	0	0	.7004882	.2995118	0
1252.15	0	0	.7002831	.2997169	0
1251.15	0	0	.7000784	.2999216	0
1250.15	0	0	.6998741	.3001259	0
1249.15	0	0	.6996702	.3003298	0
1248.15	0	0	.6994667	.3005333	0
1247.15	0	0	.6992636	.3007364	0
1246.15	0	0	.6990609	.3009391	0
1245.15	0	0	.6988586	.3011414	0
1244.15	0	0	.6986567	.3013434	0
1243.15	0	0	.6984551	.3015449	0
1242.15	0	0	.698254	.301746	0
1241.15	0	0	.6980532	.3019468	0
1240.15	0	0	.6978529	.3021471	0
1239.15	0	0	.6976529	.3023471	0
1238.15	0	0	.6974533	.3025467	0
1237.15	0	0	.6972542	.3027458	0
1236.15	0	0	.6970554	.3029446	0
1235.15	0	0	.696857	.3031431	0
1234.15	0	0	.6966589	.3033411	0
1233.15	0	0	.6964613	.3035387	0
1232.15	0	0	.696264	.303736	0
1231.15	0	0	.6960672	.3039328	0
1230.15	0	0	.6958707	.3041293	0
1229.15	0	0	.6956746	.3043254	0
1228.15	0	0	.6954789	.3045211	0
1227.15	0	0	.6952836	.3047165	0
1226.15	0	0	.6950886	.3049114	0
1225.15	0	0	.694894	.305106	0
1224.15	0	0	.6946999	.3053002	0
1223.15	0	0	.694506	.305494	0
1222.15	0	0	.6943126	.3056874	0
1221.15	0	0	.6941196	.3058804	0
1220.15	0	0	.6939269	.3060731	0
1219.15	0	0	.6937346	.3062654	0
1218.15	0	0	.6935427	.3064573	0
1217.15	0	0	.6933512	.3066489	0
1216.15	0	0	.69316	.30684	0
1215.15	0	0	.6929692	.3070308	0
1214.15	0	0	.6927788	.3072212	0
1213.15	0	0	.6925888	.3074113	0
1212.15	0	0	.6923991	.3076009	0
1211.15	0	0	.6922098	.3077902	0
1210.15	0	0	.6920209	.3079791	0
1209.15	0	0	.6918323	.3081677	0
1208.15	0	0	.6916442	.3083558	0
1207.15	0	0	.6914564	.3085437	0
1206.15	0	0	.6912689	.3087311	0
1205.15	0	0	.6910818	.3089182	0
1204.15	0	0	.6908952	.3091048	0
1203.15	0	0	.6907088	.3092912	0
1202.15	0	0	.6905229	.3094771	0
1201.15	0	0	.6903373	.3096627	0
1200.15	0	0	.6901521	.3098479	0
1199.15	0	0	.6899672	.3100328	0
1198.15	0	0	.6897827	.3102173	0
1197.15	0	0	.6895986	.3104014	0
1196.15	0	0	.6894148	.3105852	0
1195.15	0	0	.6892314	.3107686	0
1194.15	0	0	.6890484	.3109516	0
1193.15	0	0	.6888657	.3111343	0
1192.15	0	0	.6886834	.3113166	0
1191.15	0	0	.6885014	.3114986	0
1190.15	0	0	.6883198	.3116802	0
1189.15	0	0	.6881386	.3118614	0
1188.15	0	0	.6879577	.3120423	0
1187.15	0	0	.6877772	.3122228	0
1186.15	0	0	.6875971	.3124029	0
1185.15	0	0	.6874173	.3125827	0
1184.15	0	0	.6872379	.3127621	0
1183.15	0	0	.6870588	.3129412	0
1182.15	0	0	.6868801	.3131199	0
1181.15	0	0	.6867017	.3132983	0
1180.15	0	0	.6865237	.3134763	0
1179.15	0	0	.6863461	.313654	0
1178.15	0	0	.6861688	.3138313	0
1177.15	0	0	.6859918	.3140082	0
1176.15	0	0	.6858152	.3141848	0
1175.15	0	0	.685639	.314361	0
1174.15	0	0	.6854631	.3145369	0
1173.15	0	0	.6852876	.3147124	0
1172.15	0	0	.6851124	.3148876	0
1171.15	0	0	.6849376	.3150624	0
1170.15	0	0	.6847631	.3152369	0
1169.15	0	0	.684589	.315411	0
1168.15	0	0	.6844152	.3155848	0
1167.15	0	0	.6842418	.3157582	0
1166.15	0	0	.6840687	.3159313	0
1165.15	0	0	.683896	.316104	0
1164.15	0	0	.6837236	.3162764	0
1163.15	0	0	.6835516	.3164484	0
1162.15	0	0	.6833799	.3166201	0
1161.15	0	0	.6832086	.3167914	0
1160.15	0	0	.6830376	.3169624	0
1159.15	0	0	.6828669	.3171331	0
1158.15	0	0	.6826966	.3173034	0
1157.15	0	0	.6825267	.3174733	0
1156.15	0	0	.6823571	.3176429	0
1155.15	0	0	.6821878	.3178122	0
1154.15	0	0	.6820189	.3179811	0
1153.15	0	0	.6818503	.3181497	0
1152.15	0	0	.681682	.318318	0
1151.15	0	0	.6815142	.3184859	0
1150.15	0	0	.6813466	.3186534	0
1149.15	0	0	.6811794	.3188206	0
1148.15	0	0	.6810125	.3189875	0
1147.15	0	0	.680846	.319154	0
1146.15	0	0	.6806798	.3193202	0
1145.15	0	0	.6805139	.3194861	0
1144.15	0	0	.6803484	.3196516	0
1143.15	0	0	.6801832	.3198168	0
1142.15	0	0	.6800184	.3199816	0
1141.15	0	0	.6798539	.3201461	0
1140.15	0	0	.6796897	.3203103	0
1139.15	0	0	.6795259	.3204741	0
1138.15	0	0	.6793624	.3206376	0
1137.15	0	0	.6791993	.3208007	0
1136.15	0	0	.6790364	.3209636	0
1135.15	0	0	.678874	.321126	0
1134.15	0	0	.6787118	.3212882	0
1133.15	0	0	.67855	.32145	0
1132.15	0	0	.6783885	.3216115	0
1131.15	0	0	.6782274	.3217726	0
1130.15	0	0	.6780666	.3219335	0
1129.15	0	0	.6779061	.3220939	0
1128.15	0	0	.6777459	.3222541	0
1127.15	0	0	.6775861	.3224139	0
1126.15	0	0	.6774266	.3225734	0
1125.15	0	0	.6772674	.3227326	0
1124.15	0	0	.6771086	.3228914	0
1123.15	0	0	.6769501	.3230499	0
1122.15	0	0	.676792	.323208	0
1121.15	0	0	.6766341	.3233659	0
1120.15	0	0	.6764766	.3235234	0
1119.15	0	0	.6763194	.3236806	0
1118.15	0	0	.6761626	.3238374	0
1117.15	0	0	.6760061	.3239939	0
1116.15	0	0	.6758499	.3241501	0
1115.15	0	0	.675694	.324306	0
1114.15	0	0	.6755385	.3244616	0
1113.15	0	0	.6753832	.3246168	0
1112.15	0	0	.6752284	.3247717	0
1111.15	0	0	.6750738	.3249262	0
1110.15	0	0	.6749195	.3250805	0
1109.15	0	0	.6747656	.3252344	0
1108.15	0	0	.674612	.325388	0
1107.15	0	0	.6744588	.3255412	0
1106.15	0	0	.6743058	.3256942	0
1105.15	0	0	.6741532	.3258468	0
1104.15	0	0	.6740009	.3259991	0
1103.15	0	0	.6738489	.3261511	0
1102.15	0	0	.6736973	.3263027	0
1101.15	0	0	.673546	.326454	0
1100.15	0	0	.6733949	.3266051	0
1099.15	0	0	.6732443	.3267558	0
1098.15	0	0	.6730939	.3269061	0
1097.15	0	0	.6729438	.3270562	0
1096.15	0	0	.6727941	.3272059	0
1095.15	0	0	.6726447	.3273553	0
1094.15	0	0	.6724956	.3275044	0
1093.15	0	0	.6723469	.3276532	0
1092.15	0	0	.6721984	.3278016	0
1091.15	0	0	.6720503	.3279497	0
1090.15	0	0	.6719025	.3280976	0
1089.15	0	0	.6717549	.3282451	0
1088.15	0	0	.6716078	.3283922	0
1087.15	0	0	.6714609	.3285391	0
1086.15	0	0	.6713144	.3286856	0
1085.15	0	0	.6711681	.3288319	0
1084.15	0	0	.6710222	.3289778	0
1083.15	0	0	.6708766	.3291234	0
1082.15	0	0	.6707314	.3292686	0
1081.15	0	0	.6705864	.3294136	0
1080.15	0	0	.6704417	.3295583	0
1079.15	0	0	.6702974	.3297026	0
1078.15	0	0	.6701534	.3298466	0
1077.15	0	0	.6700097	.3299904	0
1076.15	0	0	.6698663	.3301337	0
1075.15	0	0	.6697232	.3302768	0
1074.15	0	0	.6695804	.3304196	0
1073.15	0	0	.6694379	.3305621	0
1072.15	0	0	.6692958	.3307042	0
1071.15	0	0	.669154	.330846	0
1070.15	0	0	.6690124	.3309876	0
1069.15	0	0	.6688712	.3311288	0
1068.15	0	0	.6687303	.3312697	0
1067.15	0	0	.6685897	.3314103	0
1066.15	0	0	.6684495	.3315505	0
1065.15	0	0	.6683095	.3316905	0
1064.15	0	0	.6681698	.3318302	0
1063.15	0	0	.6680305	.3319695	0
1062.15	0	0	.6678914	.3321086	0
1061.15	0	0	.6677527	.3322473	0
1060.15	0	0	.6676143	.3323857	0
1059.15	0	0	.6674762	.3325238	0
1058.15	0	0	.6673384	.3326616	0
1057.15	0	0	.6672009	.3327991	0
1056.15	0	0	.6670637	.3329363	0
1055.15	0	0	.6669268	.3330732	0
1054.15	0	0	.6667902	.3332098	0
1053.15	0	0	.6666539	.3333461	0
1052.15	0	0	.666518	.333482	0
1051.15	0	0	.6663823	.3336177	0
1050.15	0	0	.666247	.3337531	0
1049.15	0	0	.6661119	.3338881	0
1048.15	0	0	.6659772	.3340228	0
1047.15	0	0	.6658427	.3341573	0
1046.15	0	0	.6657086	.3342914	0
1045.15	0	0	.6655748	.3344253	0
1044.15	0	0	.6654412	.3345588	0
1043.15	0	0	.665308	.334692	0
1042.15	0	0	.6651751	.3348249	0
1041.15	0	0	.6650425	.3349575	0
1040.15	0	0	.6649102	.3350898	0
1039.15	0	0	.6647782	.3352219	0
1038.15	0	0	.6646465	.3353536	0
1037.15	0	0	.664515	.335485	0
1036.15	0	0	.6643839	.3356161	0
1035.15	0	0	.6642531	.3357469	0
1034.15	0	0	.6641226	.3358774	0
1033.15	0	0	.6639925	.3360075	0
1032.15	0	0	.6638626	.3361375	0
1031.15	0	0	.6637329	.3362671	0
1030.15	0	0	.6636037	.3363963	0
1029.15	0	0	.6634747	.3365253	0
1028.15	0	0	.663346	.336654	0
1027.15	0	0	.6632176	.3367824	0
1026.15	0	0	.6630895	.3369105	0
1025.15	0	0	.6629617	.3370383	0
1024.15	0	0	.6628342	.3371658	0
1023.15	0	0	.662707	.337293	0
1022.15	0	0	.6625801	.3374199	0
1021.15	0	0	.6624535	.3375465	0
1020.15	0	0	.6623272	.3376728	0
1019.15	0	0	.6622012	.3377988	0
1018.15	0	0	.6620755	.3379245	0
1017.15	0	0	.6619501	.3380499	0
1016.15	0	0	.661825	.3381751	0
1015.15	0	0	.6617001	.3382999	0
1014.15	0	0	.6615756	.3384244	0
1013.15	0	0	.6614514	.3385486	0
1012.15	0	0	.6613275	.3386725	0
1011.15	0	0	.6612038	.3387962	0
1010.15	0	0	.6610805	.3389195	0
1009.15	0	0	.6609575	.3390425	0
1008.15	0	0	.6608347	.3391653	0
1007.15	0	0	.6607123	.3392877	0
1006.15	0	0	.6605901	.3394099	0
1005.15	0	0	.6604683	.3395317	0
1004.15	0	0	.6603467	.3396533	0
1003.15	0	0	.6602254	.3397746	0
1002.15	0	0	.6601045	.3398956	0
1001.15	0	0	.6599838	.3400162	0
1000.15	0	0	.6598634	.3401366	0
999.15	0	0	.6597433	.3402567	0
998.15	0	0	.6596235	.3403765	0
997.15	0	0	.659504	.340496	0
996.15	0	0	.6593848	.3406152	0
995.15	0	0	.6592658	.3407342	0
994.15	0	0	.6591472	.3408528	0
993.15	0	0	.6590289	.3409711	0
992.15	0	0	.6589108	.3410892	0
991.15	0	0	.6587931	.3412069	0
990.5667	0	0	.6587245	.3412755	0
990.5667	0	0	.6587245	.3412755	0
990.5667	0	0	.6587245	.3412755	0
990.15	0	.001100973	.6575942	.3413048	0
989.15	0	.003752569	.6548726	.3413748	0
988.15	0	.006417072	.6521385	.3414445	0
987.15	0	.009094242	.6493921	.3415137	0
986.15	0	.01178384	.6466336	.3415825	0
985.15	0	.01448562	.6438635	.3416509	0
984.15	0	.01719934	.6410817	.3417189	0
983.15	0	.01992476	.6382887	.3417865	0
982.15	0	.02266163	.6354847	.3418537	0
981.15	0	.0254097	.6326698	.3419205	0
980.15	0	.02816873	.6298445	.3419868	0
979.15	0	.03093847	.6270088	.3420527	0
978.15	0	.03371867	.6241631	.3421182	0
977.15	0	.03650908	.6213077	.3421832	0
976.15	0	.03930945	.6184427	.3422479	0
975.15	0	.04211953	.6155684	.342312	0
974.15	0	.04493907	.6126852	.3423757	0
973.15	0	.04776782	.6097932	.342439	0
972.15	0	.05060552	.6068926	.3425019	0
971.15	0	.05344021	.6039942	.3425656	0
970.15	0	.05629811	.6010732	.3426287	0
969.15	0	.05917853	.5981305	.342691	0
968.15	0	.06207987	.5951675	.3427526	0
967.15	0	.06500058	.592186	.3428134	0
966.15	0	.06793918	.5891873	.3428736	0
965.15	0	.07089425	.5861728	.3429329	0
964.15	0	.07386438	.5831441	.3429915	0
963.15	0	.07684827	.5801023	.3430494	0
962.15	0	.07984462	.5770488	.3431066	0
961.15	0	.0828522	.5739848	.343163	0
960.15	0	.08586982	.5709115	.3432187	0
959.15	0	.08889633	.5678301	.3432736	0
958.15	0	.09193063	.5647416	.3433278	0
957.15	0	.09497165	.5616471	.3433812	0
956.15	0	.09801837	.5585477	.3434339	0
955.15	0	.1010698	.5554444	.3434858	0
954.15	0	.104125	.552338	.343537	0
953.15	0	.107183	.5492296	.3435874	0
952.15	0	.1102431	.5461199	.343637	0
951.15	0	.1133042	.54301	.3436859	0
950.15	0	.1163656	.5399005	.3437339	0
949.15	0	.1194265	.5367922	.3437812	0
948.15	0	.1224862	.5336861	.3438277	0
947.15	0	.125544	.5305827	.3438734	0
946.15	0	.128599	.5274827	.3439183	0
945.15	0	.1316507	.5243869	.3439624	0
944.15	0	.1346984	.5212959	.3440056	0
943.15	0	.1377416	.5182104	.3440481	0
942.15	0	.1407795	.5151308	.3440897	0
941.15	0	.1438116	.5120579	.3441305	0
940.15	0	.1468374	.5089922	.3441704	0
939.15	0	.1498563	.5059342	.3442095	0
938.15	0	.1528679	.5028844	.3442477	0
937.15	0	.1558715	.4998433	.3442851	0
936.15	0	.1588669	.4968115	.3443216	0
935.15	0	.1618535	.4937893	.3443573	0
934.15	0	.1648308	.4907772	.344392	0
933.15	0	.1677986	.4877756	.3444259	0
932.15	0	.1707562	.4847849	.3444589	0
931.15	0	.1737035	.4818055	.3444909	0
930.15	0	.1766401	.4788378	.3445221	0
929.15	0	.1795654	.4758822	.3445524	0
928.15	0	.1824794	.4729389	.3445817	0
927.15	0	.1853815	.4700084	.3446101	0
926.15	0	.1882716	.4670908	.3446376	0
925.15	0	.1911492	.4641866	.3446641	0
924.15	0	.1940142	.461296	.3446897	0
923.15	0	.1968663	.4584193	.3447144	0
922.15	0	.1997051	.4555568	.3447381	0
921.15	0	.2025306	.4527086	.3447608	0
920.15	0	.2053423	.4498751	.3447826	0
919.15	0	.2081401	.4470565	.3448034	0
918.15	0	.2109238	.444253	.3448232	0
917.15	0	.2136931	.4414648	.3448421	0
916.15	0	.2164479	.4386922	.3448599	0
915.15	0	.219188	.4359352	.3448768	0
914.15	0	.2219132	.4331942	.3448926	0
913.15	0	.2246233	.4304692	.3449075	0
912.15	0	.2273182	.4277605	.3449214	0
911.15	0	.2299976	.4250682	.3449342	0
910.15	0	.2326615	.4223925	.344946	0
909.15	0	.2353097	.4197334	.3449569	0
908.15	0	.2379421	.4170913	.3449667	0
907.15	0	.2405585	.4144661	.3449755	0
906.15	0	.2431588	.4118581	.3449832	0
905.15	0	.2457428	.4092673	.3449899	0
904.15	0	.2483106	.4066938	.3449956	0
903.15	0	.2508619	.4041378	.3450003	0
902.15	0	.2533966	.4015994	.3450039	0
901.15	0	.2559148	.3990788	.3450065	0
900.15	0	.2584161	.3965758	.3450081	0
899.15	0	.2609007	.3940908	.3450086	0
898.15	0	.2633683	.3916237	.345008	0
897.15	0	.2658189	.3891747	.3450065	0
896.15	0	.2682524	.3867437	.3450039	0
895.15	0	.2706688	.384331	.3450002	0
894.15	0	.2730679	.3819366	.3449955	0
893.15	0	.2754497	.3795605	.3449898	0
892.15	0	.2778142	.3772028	.3449831	0
891.15	0	.2801612	.3748635	.3449753	0
890.15	0	.2824907	.3725428	.3449664	0
889.15	0	.2848027	.3702407	.3449566	0
888.15	0	.2870971	.3679572	.3449457	0
887.15	0	.2893738	.3656924	.3449338	0
886.15	0	.2916328	.3634463	.3449209	0
885.15	0	.2938741	.361219	.3449069	0
884.15	0	.2960976	.3590104	.344892	0
883.15	0	.2983033	.3568208	.344876	0
882.15	0	.300491	.3546499	.344859	0
881.15	0	.3026609	.352498	.344841	0
880.15	0	.3048129	.3503651	.3448221	0
879.15	0	.3069469	.348251	.3448021	0
878.15	0	.3090628	.346156	.3447812	0
877.15	0	.3111608	.3440799	.3447593	0
876.15	0	.3132407	.3420228	.3447364	0
875.15	0	.3153026	.3399848	.3447126	0
874.15	0	.3173464	.3379658	.3446879	0
873.15	0	.3193721	.3359658	.3446622	0
872.15	0	.3213797	.3339848	.3446355	0
871.15	0	.3233691	.3320229	.344608	0
870.15	0	.3253405	.33008	.3445795	0
869.15	0	.3272937	.3281561	.3445501	0
868.15	0	.3292289	.3262513	.3445199	0
867.15	0	.3311459	.3243654	.3444887	0
866.15	0	.3330448	.3224984	.3444567	0
865.15	0	.3349257	.3206505	.3444239	0
864.15	0	.3367884	.3188214	.3443902	0
863.15	0	.3386331	.3170113	.3443556	0
862.15	0	.3404597	.31522	.3443203	0
861.15	0	.3422684	.3134475	.3442841	0
860.15	0	.344059	.3116938	.3442472	0
859.15	0	.3458317	.3099589	.3442094	0
858.15	0	.3475865	.3082426	.3441709	0
857.15	0	.3493235	.3065449	.3441316	0
856.15	0	.3510426	.3048658	.3440916	0
855.15	0	.3527439	.3032053	.3440509	0
854.15	0	.3544274	.3015631	.3440094	0
853.15	0	.3560934	.2999394	.3439673	0
852.15	0	.3577417	.2983339	.3439244	0
851.15	0	.3593724	.2967467	.3438809	0
850.15	0	.3609857	.2951776	.3438367	0
849.15	0	.3625816	.2936265	.3437919	0
848.15	0	.3641601	.2920934	.3437465	0
847.15	0	.3657214	.2905782	.3437004	0
846.15	0	.3672656	.2890807	.3436537	0
845.15	0	.3687927	.2876009	.3436065	0
844.15	0	.3703028	.2861386	.3435586	0
843.15	0	.371796	.2846938	.3435102	0
842.15	0	.3732724	.2832663	.3434613	0
841.15	0	.3747322	.281856	.3434118	0
840.15	0	.3761754	.2804628	.3433618	0
839.15	0	.3776022	.2790865	.3433113	0
838.15	0	.3790126	.2777271	.3432603	0
837.15	0	.3804068	.2763844	.3432088	0
836.15	0	.3817849	.2750582	.3431569	0
835.9309	0	.3820847	.2747699	.3431454	0
835.9309	0	.3820847	.2747699	.3431454	0
835.9309	0	.3820847	.2747699	.3431454	0
835.15	0	.3886001	.2670002	.3413709	.00302885
834.15	0	.3966809	.2573398	.3391484	.006830952
833.15	0	.4044792	.2479905	.33698	.0105503
832.15	0	.4120074	.2389388	.3348637	.01419004
831.15	0	.4192774	.230172	.3327974	.01775313
830.15	0	.4263002	.221678	.3307794	.02124239
829.15	0	.4330862	.2134455	.3288079	.02466046
828.15	0	.4396453	.2054637	.3268812	.02800983
827.15	0	.4459868	.1977225	.3249978	.03129287
826.15	0	.4521195	.1902125	.3231562	.03451184
825.15	0	.4580517	.1829245	.321355	.03766884
824.15	0	.4637913	.1758499	.3195929	.04076591
823.15	0	.4693458	.1689806	.3178686	.04380496
822.15	0	.4747224	.1623089	.3161809	.04678781
821.15	0	.4799277	.1558275	.3145286	.04971619
820.15	0	.4849682	.1495293	.3129107	.05259175
819.15	0	.48985	.1434078	.3113261	.05541607
818.15	0	.4945789	.1374566	.3097738	.05819065
817.15	0	.4991604	.1316699	.3082529	.06091691
816.15	0	.5035997	.1260417	.3067624	.06359623
815.15	0	.507902	.1205667	.3053014	.0662299
814.15	0	.5120719	.1152397	.3038692	.06881918
813.15	0	.5161141	.1100557	.302465	.07136527
812.15	0	.5200329	.1050099	.3010879	.0738693
811.15	0	.5238326	.1000978	.2997372	.07633237
810.15	0	.527517	.09531514	.2984123	.07875555
809.15	0	.5310901	.09065765	.2971124	.08113982
808.15	0	.5345555	.0861214	.295837	.08348618
807.15	0	.5379166	.08170256	.2945853	.08579553
806.15	0	.541177	.07739748	.2933567	.08806879
805.15	0	.5443398	.07320265	.2921508	.09030682
804.15	0	.547408	.0691147	.2909668	.09251043
803.15	0	.5503848	.06513041	.2898044	.09468044
802.15	0	.5532729	.06124666	.2886629	.09681761
801.15	0	.556075	.05746046	.2875418	.09892268
800.15	0	.5587939	.05376895	.2864408	.1009964
799.15	0	.5614321	.05016935	.2853592	.1030394
798.15	0	.563992	.04665902	.2842966	.1050524
797.15	0	.566476	.04323538	.2832527	.107036
796.15	0	.5688863	.03989597	.2822269	.1089908
795.15	0	.5712252	.03663839	.2812189	.1109176
794.15	0	.5734947	.03346036	.2802282	.1128167
793.15	0	.5756969	.03035966	.2792545	.1146889
792.15	0	.5778338	.02733414	.2782974	.1165346
791.15	0	.5799073	.02438174	.2773566	.1183544
790.15	0	.5819191	.02150046	.2764315	.1201489
789.15	0	.5838712	.01868836	.275522	.1219184
788.15	0	.5857651	.01594358	.2746277	.1236636
787.15	0	.5876026	.01326431	.2737482	.1253848
786.15	0	.5893853	.01064879	.2728833	.1270826
785.15	0	.5911147	.008095333	.2720326	.1287573
784.15	0	.5927924	.005602296	.2711958	.1304095
783.15	0	.5944197	.003168086	.2703726	.1320396
782.15	0	.5959982	7.911602E-04	.2695628	.1336479
781.8118	0	.5965211	0	.2692919	.1341869
781.8118	0	.5965211	0	.2692919	.1341869
781.15	0	.5964486	0	.269163	.1343883
780.15	0	.5963395	0	.2689688	.1346917
779.15	0	.5962309	0	.2687752	.1349939
778.15	0	.5961227	0	.2685823	.135295
777.15	0	.5960151	0	.2683899	.135595
776.15	0	.595908	0	.2681982	.1358938
775.15	0	.5958014	0	.2680071	.1361915
774.15	0	.5956952	0	.2678166	.1364882
773.15	0	.5955896	0	.2676267	.1367837
772.15	0	.5954844	0	.2674375	.1370781
771.15	0	.5953798	0	.2672488	.1373714
770.15	0	.5952756	0	.2670608	.1376636
769.15	0	.5951719	0	.2668734	.1379548
768.15	0	.5950686	0	.2666865	.1382448
767.15	0	.5949659	0	.2665003	.1385338
766.15	0	.5948636	0	.2663147	.1388217
765.15	0	.5947617	0	.2661297	.1391085
764.15	0	.5946604	0	.2659454	.1393943
763.15	0	.5945595	0	.2657616	.139679
762.15	0	.594459	0	.2655784	.1399626
761.15	0	.594359	0	.2653958	.1402452
760.15	0	.5942595	0	.2652139	.1405267
759.15	0	.5941604	0	.2650325	.1408072
758.15	0	.5940617	0	.2648517	.1410866
757.15	0	.5939635	0	.2646715	.141365
756.15	0	.5938657	0	.264492	.1416423
755.15	0	.5937684	0	.264313	.1419186
754.15	0	.5936715	0	.2641346	.1421939
753.15	0	.593575	0	.2639568	.1424681
752.15	0	.593479	0	.2637796	.1427414
751.15	0	.5933834	0	.263603	.1430136
750.15	0	.5932882	0	.263427	.1432848
749.15	0	.5931935	0	.2632516	.1435549
748.15	0	.5930992	0	.2630768	.1438241
747.15	0	.5930053	0	.2629025	.1440922
746.15	0	.5929118	0	.2627289	.1443594
745.15	0	.5928187	0	.2625558	.1446255
744.15	0	.592726	0	.2623833	.1448907
743.15	0	.5926338	0	.2622114	.1451548
742.15	0	.5925419	0	.2620401	.145418
741.15	0	.5924505	0	.2618694	.1456801
740.15	0	.5923595	0	.2616993	.1459413
739.15	0	.5922688	0	.2615297	.1462015
738.15	0	.5921786	0	.2613607	.1464607
737.15	0	.5920888	0	.2611923	.1467189
736.15	0	.5919993	0	.2610245	.1469762
735.15	0	.5919103	0	.2608572	.1472325
734.15	0	.5918217	0	.2606906	.1474878
733.15	0	.5917334	0	.2605245	.1477421
732.15	0	.5916455	0	.260359	.1479955
731.15	0	.5915581	0	.260194	.1482479
730.15	0	.591471	0	.2600296	.1484994
729.15	0	.5913843	0	.2598659	.1487499
728.15	0	.591298	0	.2597026	.1489994
727.15	0	.591212	0	.25954	.149248
726.15	0	.5911265	0	.2593779	.1494957
725.15	0	.5910413	0	.2592164	.1497424
724.15	0	.5909565	0	.2590554	.1499881
723.15	0	.590872	0	.258895	.1502329
722.15	0	.590788	0	.2587352	.1504768
721.15	0	.5907043	0	.258576	.1507197
720.15	0	.590621	0	.2584173	.1509617
719.15	0	.590538	0	.2582592	.1512028
718.15	0	.5904554	0	.2581016	.1514429
717.15	0	.5903732	0	.2579446	.1516822
716.15	0	.5902914	0	.2577882	.1519204
715.15	0	.5902099	0	.2576323	.1521578
714.15	0	.5901287	0	.257477	.1523943
713.15	0	.590048	0	.2573223	.1526298
712.15	0	.5899675	0	.2571681	.1528644
711.15	0	.5898875	0	.2570144	.1530981
710.15	0	.5898078	0	.2568614	.1533309
709.15	0	.5897284	0	.2567088	.1535627
708.15	0	.5896494	0	.2565569	.1537937
707.15	0	.5895708	0	.2564055	.1540238
706.15	0	.5894925	0	.2562546	.1542529
705.15	0	.5894145	0	.2561043	.1544812
704.15	0	.5893369	0	.2559545	.1547085
703.15	0	.5892597	0	.2558053	.154935
702.15	0	.5891828	0	.2556567	.1551606
701.15	0	.5891062	0	.2555086	.1553852
700.15	0	.58903	0	.255361	.155609
699.15	0	.5889541	0	.255214	.1558319
698.15	0	.5888785	0	.2550675	.1560539
697.15	0	.5888033	0	.2549216	.156275
696.15	0	.5887285	0	.2547763	.1564953
695.15	0	.5886539	0	.2546314	.1567146
694.15	0	.5885797	0	.2544871	.1569331
693.15	0	.5885059	0	.2543434	.1571507
692.15	0	.5884324	0	.2542002	.1573674
691.15	0	.5883591	0	.2540576	.1575833
690.15	0	.5882863	0	.2539154	.1577983
689.15	0	.5882137	0	.2537739	.1580124
688.15	0	.5881415	0	.2536328	.1582256
687.15	0	.5880696	0	.2534923	.158438
686.15	0	.5879981	0	.2533524	.1586495
685.15	0	.5879269	0	.253213	.1588602
684.15	0	.587856	0	.2530741	.15907
683.15	0	.5877854	0	.2529357	.1592789
682.15	0	.5877151	0	.2527979	.159487
681.15	0	.5876452	0	.2526606	.1596942
680.15	0	.5875756	0	.2525239	.1599006
679.15	0	.5875063	0	.2523877	.1601061
678.15	0	.5874373	0	.252252	.1603108
677.15	0	.5873686	0	.2521168	.1605146
676.15	0	.5873003	0	.2519822	.1607175
675.15	0	.5872322	0	.2518481	.1609197
674.15	0	.5871645	0	.2517145	.161121
673.15	0	.5870971	0	.2515815	.1613214
672.15	0	.58703	0	.251449	.161521
671.15	0	.5869632	0	.251317	.1617198
670.15	0	.5868968	0	.2511855	.1619177
669.15	0	.5868306	0	.2510546	.1621148
668.15	0	.5867647	0	.2509242	.1623111
667.15	0	.5866992	0	.2507943	.1625065
666.15	0	.586634	0	.2506649	.1627011
665.15	0	.586569	0	.2505361	.1628949
664.15	0	.5865044	0	.2504078	.1630878
663.15	0	.5864401	0	.25028	.16328
662.15	0	.586376	0	.2501527	.1634713
661.15	0	.5863123	0	.2500259	.1636618
660.15	0	.5862489	0	.2498997	.1638514
659.15	0	.5861858	0	.2497739	.1640403
658.15	0	.586123	0	.2496487	.1642283
657.15	0	.5860605	0	.249524	.1644155
656.15	0	.5859982	0	.2493998	.1646019
655.15	0	.5859363	0	.2492762	.1647875
654.15	0	.5858747	0	.249153	.1649723
653.15	0	.5858134	0	.2490304	.1651563
652.15	0	.5857523	0	.2489082	.1653395
651.15	0	.5856916	0	.2487866	.1655218
650.15	0	.5856311	0	.2486655	.1657034
649.15	0	.585571	0	.2485449	.1658842
648.15	0	.5855111	0	.2484248	.1660641
647.15	0	.5854515	0	.2483052	.1662433
646.15	0	.5853923	0	.2481861	.1664216
645.15	0	.5853333	0	.2480675	.1665992
644.15	0	.5852746	0	.2479495	.166776
643.15	0	.5852161	0	.2478319	.166952
642.15	0	.585158	0	.2477148	.1671272
641.15	0	.5851002	0	.2475983	.1673016
640.15	0	.5850426	0	.2474822	.1674752
639.15	0	.5849853	0	.2473666	.1676481
638.15	0	.5849283	0	.2472516	.1678201
637.15	0	.5848716	0	.247137	.1679914
636.15	0	.5848152	0	.2470229	.1681619
635.15	0	.584759	0	.2469094	.1683316
634.15	0	.5847032	0	.2467963	.1685005
633.15	0	.5846476	0	.2466837	.1686687
632.15	0	.5845923	0	.2465717	.1688361
631.15	0	.5845372	0	.2464601	.1690027
630.15	0	.5844825	0	.246349	.1691686
629.15	0	.584428	0	.2462384	.1693336
628.15	0	.5843738	0	.2461283	.169498
627.15	0	.5843198	0	.2460187	.1696615
626.15	0	.5842662	0	.2459095	.1698243
625.15	0	.5842128	0	.2458009	.1699863
624.15	0	.5841597	0	.2456927	.1701476
623.15	0	.5841069	0	.2455851	.1703081
622.15	0	.5840543	0	.2454779	.1704678
621.15	0	.584002	0	.2453712	.1706268
620.15	0	.58395	0	.245265	.170785
619.15	0	.5838982	0	.2451593	.1709425
618.15	0	.5838467	0	.245054	.1710992
617.15	0	.5837955	0	.2449493	.1712552
616.15	0	.5837446	0	.244845	.1714104
615.15	0	.5836939	0	.2447412	.1715649
614.15	0	.5836435	0	.2446379	.1717187
613.15	0	.5835933	0	.244535	.1718717
612.15	0	.5835434	0	.2444327	.1720239
611.15	0	.5834938	0	.2443308	.1721755
610.15	0	.5834444	0	.2442294	.1723262
609.15	0	.5833953	0	.2441284	.1724763
608.15	0	.5833464	0	.244028	.1726256
607.15	0	.5832978	0	.243928	.1727742
606.15	0	.5832495	0	.2438284	.1729221
605.15	0	.5832014	0	.2437294	.1730692
604.15	0	.5831536	0	.2436308	.1732156
603.15	0	.5831061	0	.2435327	.1733612
602.15	0	.5830588	0	.243435	.1735062
601.15	0	.5830117	0	.2433378	.1736504
600.15	0	.5829649	0	.2432411	.1737939
599.15	0	.5829184	0	.2431449	.1739367
598.15	0	.5828721	0	.2430491	.1740788
597.15	0	.5828261	0	.2429538	.1742202
596.15	0	.5827803	0	.2428589	.1743608
595.15	0	.5827348	0	.2427645	.1745007
594.15	0	.5826895	0	.2426706	.17464
593.15	0	.5826445	0	.2425771	.1747785
592.15	0	.5825997	0	.242484	.1749163
591.15	0	.5825552	0	.2423915	.1750534
590.15	0	.5825109	0	.2422993	.1751898
589.15	0	.5824668	0	.2422077	.1753255
588.15	0	.582423	0	.2421164	.1754605
587.15	0	.5823795	0	.2420257	.1755948
586.15	0	.5823362	0	.2419354	.1757285
585.15	0	.5822931	0	.2418455	.1758614
584.15	0	.5822503	0	.2417561	.1759936
583.15	0	.5822077	0	.2416671	.1761252
582.15	0	.5821654	0	.2415786	.176256
581.15	0	.5821233	0	.2414905	.1763862
580.15	0	.5820814	0	.2414029	.1765157
579.15	0	.5820398	0	.2413157	.1766445
578.15	0	.5819984	0	.2412289	.1767726
577.15	0	.5819573	0	.2411426	.1769001
576.15	0	.5819164	0	.2410568	.1770269
575.15	0	.5818757	0	.2409713	.177153
574.15	0	.5818353	0	.2408863	.1772784
573.15	0	.5817951	0	.2408018	.1774032
572.15	0	.5817551	0	.2407176	.1775273
571.15	0	.5817153	0	.240634	.1776507
570.15	0	.5816758	0	.2405507	.1777735
569.15	0	.5816366	0	.2404679	.1778956
568.15	0	.5815975	0	.2403855	.178017
567.15	0	.5815587	0	.2403035	.1781378
566.15	0	.5815201	0	.2402219	.1782579
565.15	0	.5814818	0	.2401408	.1783774
564.15	0	.5814436	0	.2400601	.1784963
563.15	0	.5814057	0	.2399799	.1786144
562.15	0	.581368	0	.2399	.178732
561.15	0	.5813306	0	.2398206	.1788489
560.15	0	.5812933	0	.2397416	.1789651
559.15	0	.5812563	0	.239663	.1790807
558.15	0	.5812195	0	.2395848	.1791957
557.15	0	.581183	0	.239507	.17931
556.15	0	.5811466	0	.2394297	.1794237
555.15	0	.5811105	0	.2393528	.1795368
554.15	0	.5810746	0	.2392762	.1796492
553.15	0	.5810389	0	.2392001	.179761
552.15	0	.5810034	0	.2391244	.1798722
551.15	0	.5809682	0	.2390491	.1799827
550.15	0	.5809331	0	.2389742	.1800926
549.15	0	.5808983	0	.2388997	.180202
548.15	0	.5808637	0	.2388257	.1803106
547.15	0	.5808293	0	.238752	.1804187
546.15	0	.5807951	0	.2386787	.1805262
545.15	0	.5807611	0	.2386058	.180633
544.15	0	.5807274	0	.2385333	.1807393
543.15	0	.5806938	0	.2384613	.1808449
542.15	0	.5806605	0	.2383896	.18095
541.15	0	.5806273	0	.2383183	.1810544
540.15	0	.5805944	0	.2382474	.1811582
539.15	0	.5805617	0	.2381769	.1812615
538.15	0	.5805292	0	.2381067	.1813641
537.15	0	.5804968	0	.238037	.1814662
536.15	0	.5804647	0	.2379676	.1815676
535.15	0	.5804328	0	.2378987	.1816685
534.15	0	.5804011	0	.2378301	.1817688
533.15	0	.5803696	0	.2377619	.1818685
532.15	0	.5803383	0	.2376941	.1819676
531.15	0	.5803072	0	.2376266	.1820662
530.15	0	.5802763	0	.2375596	.1821642
529.15	0	.5802456	0	.2374929	.1822615
528.15	0	.5802151	0	.2374266	.1823584
527.15	0	.5801848	0	.2373606	.1824546
526.15	0	.5801546	0	.237295	.1825503
525.15	0	.5801247	0	.2372298	.1826455
524.15	0	.580095	0	.237165	.18274
523.15	0	.5800655	0	.2371005	.182834
522.15	0	.5800361	0	.2370364	.1829275
521.15	0	.5800069	0	.2369727	.1830204
520.15	0	.579978	0	.2369093	.1831127
519.15	0	.5799492	0	.2368463	.1832045
518.15	0	.5799206	0	.2367836	.1832958
517.15	0	.5798922	0	.2367213	.1833865
516.15	0	.579864	0	.2366594	.1834766
515.15	0	.579836	0	.2365978	.1835662
514.15	0	.5798081	0	.2365366	.1836553
513.15	0	.5797805	0	.2364757	.1837439
512.15	0	.579753	0	.2364151	.1838319
511.15	0	.5797257	0	.2363549	.1839194
510.15	0	.5796986	0	.2362951	.1840063
509.15	0	.5796716	0	.2362356	.1840928
508.15	0	.5796449	0	.2361764	.1841787
507.15	0	.5796183	0	.2361176	.1842641
506.15	0	.5795919	0	.2360591	.184349
505.15	0	.5795657	0	.2360009	.1844334
504.15	0	.5795396	0	.2359431	.1845172
503.15	0	.5795138	0	.2358857	.1846006
502.15	0	.5794881	0	.2358285	.1846834
501.15	0	.5794625	0	.2357717	.1847658
500.15	0	.5794372	0	.2357152	.1848476
499.15	0	.579412	0	.235659	.184929
498.15	0	.579387	0	.2356032	.1850098
497.15	0	.5793621	0	.2355477	.1850902
496.15	0	.5793375	0	.2354925	.18517
495.15	0	.579313	0	.2354376	.1852494
494.15	0	.5792886	0	.2353831	.1853283
493.15	0	.5792644	0	.2353289	.1854067
492.15	0	.5792404	0	.2352749	.1854846
491.15	0	.5792166	0	.2352213	.1855621
490.15	0	.5791929	0	.235168	.1856391
489.15	0	.5791694	0	.235115	.1857156
488.15	0	.579146	0	.2350624	.1857916
487.15	0	.5791228	0	.23501	.1858672
486.15	0	.5790998	0	.2349579	.1859423
485.15	0	.5790769	0	.2349062	.186017
484.15	0	.5790541	0	.2348547	.1860912
483.15	0	.5790316	0	.2348035	.1861649
482.15	0	.5790091	0	.2347526	.1862382
481.15	0	.5789869	0	.2347021	.1863111
480.15	0	.5789648	0	.2346518	.1863835
479.15	0	.5789428	0	.2346018	.1864554
478.15	0	.578921	0	.2345521	.1865269
477.15	0	.5788994	0	.2345027	.186598
476.15	0	.5788779	0	.2344535	.1866686
475.15	0	.5788565	0	.2344047	.1867388
474.15	0	.5788353	0	.2343561	.1868086
473.15	0	.5788142	0	.2343078	.1868779
472.15	0	.5787933	0	.2342598	.1869469
471.15	0	.5787725	0	.2342121	.1870154
470.15	0	.5787519	0	.2341647	.1870834
469.15	0	.5787314	0	.2341175	.1871511
468.15	0	.5787111	0	.2340706	.1872184
467.15	0	.5786909	0	.2340239	.1872852
466.15	0	.5786708	0	.2339776	.1873516
465.15	0	.5786509	0	.2339315	.1874177
464.15	0	.5786311	0	.2338856	.1874833
463.15	0	.5786114	0	.23384	.1875485
462.15	0	.5785919	0	.2337947	.1876134
461.15	0	.5785725	0	.2337497	.1876778
460.15	0	.5785533	0	.2337048	.1877419
459.15	0	.5785342	0	.2336603	.1878055
458.15	0	.5785152	0	.233616	.1878688
457.15	0	.5784964	0	.2335719	.1879317
456.15	0	.5784776	0	.2335281	.1879942
455.15	0	.5784591	0	.2334846	.1880564
454.15	0	.5784406	0	.2334413	.1881181
453.15	0	.5784223	0	.2333982	.1881795
452.15	0	.5784041	0	.2333554	.1882406
451.15	0	.578386	0	.2333128	.1883012
450.15	0	.578368	0	.2332705	.1883615
449.15	0	.5783502	0	.2332284	.1884215
448.15	0	.5783325	0	.2331865	.188481
447.15	0	.5783149	0	.2331448	.1885403
446.15	0	.5782974	0	.2331034	.1885991
445.15	0	.5782801	0	.2330623	.1886576
444.15	0	.5782629	0	.2330213	.1887158
443.15	0	.5782458	0	.2329806	.1887736
442.15	0	.5782288	0	.2329401	.1888311
441.15	0	.5782119	0	.2328998	.1888882
440.15	0	.5781952	0	.2328598	.188945
439.15	0	.5781786	0	.2328199	.1890015
438.15	0	.578162	0	.2327803	.1890576
437.15	0	.5781457	0	.2327409	.1891134
436.15	0	.5781294	0	.2327018	.1891689
435.15	0	.5781132	0	.2326628	.189224
434.15	0	.5780971	0	.232624	.1892788
433.15	0	.5780812	0	.2325855	.1893333
432.15	0	.5780653	0	.2325472	.1893875
431.15	0	.5780496	0	.2325091	.1894414
430.15	0	.578034	0	.2324711	.1894949
429.15	0	.5780184	0	.2324334	.1895481
428.15	0	.578003	0	.2323959	.1896011
427.15	0	.5779877	0	.2323586	.1896537
426.15	0	.5779725	0	.2323215	.189706
425.15	0	.5779574	0	.2322846	.189758
424.15	0	.5779424	0	.2322479	.1898097
423.15	0	.5779275	0	.2322113	.1898611
422.15	0	.5779127	0	.232175	.1899123
421.15	0	.577898	0	.2321389	.1899631
420.15	0	.5778834	0	.2321029	.1900137
419.15	0	.5778689	0	.2320671	.190064
418.15	0	.5778545	0	.2320315	.190114
417.15	0	.5778402	0	.2319961	.1901637
416.15	0	.577826	0	.2319609	.1902131
415.15	0	.5778119	0	.2319258	.1902623
414.15	0	.5777978	0	.2318909	.1903112
413.15	0	.5777839	0	.2318562	.1903599
412.15	0	.5777701	0	.2318217	.1904083
411.15	0	.5777563	0	.2317873	.1904564
410.15	0	.5777427	0	.2317531	.1905043
409.15	0	.5777291	0	.231719	.1905519
408.15	0	.5777156	0	.2316852	.1905993
407.15	0	.5777022	0	.2316514	.1906464
406.15	0	.5776889	0	.2316179	.1906933
405.15	0	.5776756	0	.2315845	.1907399
