T	 BPW(LIQUID)	BPW(BCC_A2)	BPW(FCC_A1)	BPW(LAVES_PHASE_C14)	BPW(NI3TI)
1473.15	.4759468	.5240532	0	0	0
1472.15	.472534	.527466	0	0	0
1471.15	.4691436	.5308565	0	0	0
1470.15	.4657752	.5342248	0	0	0
1469.15	.4624288	.5375712	0	0	0
1468.15	.4591043	.5408957	0	0	0
1467.15	.4558014	.5441986	0	0	0
1466.15	.4525201	.5474799	0	0	0
1465.15	.4492602	.5507399	0	0	0
1464.15	.4460215	.5539785	0	0	0
1463.15	.4428038	.5571962	0	0	0
1462.15	.4396072	.5603928	0	0	0
1461.15	.4364314	.5635686	0	0	0
1460.15	.4332762	.5667238	0	0	0
1459.15	.4301416	.5698584	0	0	0
1458.15	.4270274	.5729726	0	0	0
1457.15	.4239334	.5760666	0	0	0
1456.15	.4208595	.5791405	0	0	0
1455.15	.4178057	.5821943	0	0	0
1454.15	.4147716	.5852284	0	0	0
1453.15	.4117573	.5882427	0	0	0
1452.15	.4087626	.5912374	0	0	0
1451.15	.4057873	.5942127	0	0	0
1450.15	.4028314	.5971686	0	0	0
1449.15	.3998946	.6001054	0	0	0
1448.15	.3969769	.6030231	0	0	0
1447.15	.3940781	.6059219	0	0	0
1446.15	.3911982	.6088018	0	0	0
1445.15	.3883369	.6116631	0	0	0
1444.15	.3854942	.6145058	0	0	0
1443.15	.3826699	.6173301	0	0	0
1442.15	.3798639	.6201361	0	0	0
1441.15	.3770761	.6229239	0	0	0
1440.15	.3743064	.6256937	0	0	0
1439.15	.3715546	.6284455	0	0	0
1438.15	.3688206	.6311794	0	0	0
1437.15	.3661043	.6338957	0	0	0
1436.15	.3634056	.6365944	0	0	0
1435.15	.3607244	.6392756	0	0	0
1434.15	.3580605	.6419395	0	0	0
1433.15	.3554139	.6445861	0	0	0
1432.15	.3527844	.6472156	0	0	0
1431.15	.3501719	.6498282	0	0	0
1430.15	.3475762	.6524238	0	0	0
1429.15	.3449974	.6550026	0	0	0
1428.15	.3424352	.6575648	0	0	0
1427.15	.3398896	.6601105	0	0	0
1426.15	.3373604	.6626396	0	0	0
1425.15	.3348475	.6651525	0	0	0
1424.15	.3323509	.6676491	0	0	0
1423.15	.3298704	.6701296	0	0	0
1422.15	.3274059	.6725941	0	0	0
1421.15	.3249573	.6750428	0	0	0
1420.15	.3225244	.6774756	0	0	0
1420.098	.3223976	.6776024	0	0	0
1420.098	.3223976	.6776024	0	0	0
1420.098	.3223976	.6776024	0	0	0
1419.15	.3186604	.6799303	0	.001409369	0
1418.15	.3147636	.6823536	0	.002882722	0
1417.15	.3109142	.6847437	0	.004342127	0
1416.15	.307111	.6871011	0	.00578785	0
1415.15	.3033534	.6894265	0	.007220149	0
1414.15	.2996404	.6917203	0	.008639275	0
1413.15	.2959713	.6939833	0	.01004547	0
1412.15	.2923451	.6962159	0	.01143899	0
1411.15	.2887613	.6984187	0	.01282005	0
1410.15	.2852189	.7005922	0	.01418889	0
1409.15	.2817173	.702737	0	.01554572	0
1408.15	.2782557	.7048535	0	.01689078	0
1407.15	.2748334	.7069423	0	.01822426	0
1406.15	.2714498	.7090039	0	.01954638	0
1405.15	.268104	.7110386	0	.02085734	0
1404.15	.2647956	.7130471	0	.02215734	0
1403.15	.2615237	.7150297	0	.02344658	0
1402.15	.2582879	.7169869	0	.02472523	0
1401.15	.2550874	.7189191	0	.02599349	0
1400.15	.2519217	.7208268	0	.02725154	0
1399.15	.2487901	.7227103	0	.02849956	0
1398.15	.2456922	.7245701	0	.02973771	0
1397.15	.2426272	.7264066	0	.03096616	0
1396.15	.2395947	.7282202	0	.03218509	0
1395.15	.2365942	.7300112	0	.03339465	0
1394.15	.233625	.73178	0	.03459499	0
1393.15	.2306867	.7335271	0	.03578628	0
1392.15	.2277787	.7352526	0	.03696867	0
1391.15	.2249006	.7369571	0	.0381423	0
1390.15	.2220519	.7386408	0	.03930731	0
1389.15	.2192321	.7403041	0	.04046386	0
1388.15	.2164406	.7419473	0	.04161207	0
1387.15	.2136772	.7435707	0	.04275208	0
1386.15	.2109413	.7451747	0	.04388403	0
1385.15	.2082324	.7467596	0	.04500804	0
1384.15	.2055502	.7483256	0	.04612424	0
1383.15	.2028942	.7498731	0	.04723276	0
1382.15	.200264	.7514023	0	.04833372	0
1381.15	.1976592	.7529135	0	.04942723	0
1380.15	.1950795	.7544071	0	.05051342	0
1379.15	.1925243	.7558833	0	.0515924	0
1378.15	.1899934	.7573424	0	.05266427	0
1377.15	.1874863	.7587845	0	.05372916	0
1376.15	.1850027	.7602101	0	.05478716	0
1375.15	.1825423	.7616193	0	.05583839	0
1374.15	.1801046	.7630124	0	.05688294	0
1373.15	.1776894	.7643897	0	.05792092	0
1372.15	.1752963	.7657513	0	.05895242	0
1371.15	.1729249	.7670975	0	.05997755	0
1370.15	.170575	.7684286	0	.0609964	0
1369.15	.1682462	.7697448	0	.06200906	0
1368.15	.1659381	.7710462	0	.06301563	0
1367.15	.1636506	.7723332	0	.06401619	0
1366.15	.1613833	.7736059	0	.06501083	0
1365.15	.1591359	.7748645	0	.06599964	0
1364.15	.156908	.7761093	0	.0669827	0
1363.15	.1546995	.7773404	0	.06796009	0
1362.15	.15251	.7785581	0	.06893191	0
1361.15	.1503393	.7797624	0	.06989822	0
1360.15	.1481871	.7809538	0	.07085911	0
1359.15	.1460531	.7821322	0	.07181465	0
1358.15	.1439371	.783298	0	.07276492	0
1357.15	.1418388	.7844513	0	.07371	0
1356.15	.1397579	.7855922	0	.07464995	0
1355.15	.1376942	.7867209	0	.07558484	0
1354.15	.1356475	.7878377	0	.07651476	0
1353.15	.1336176	.7889427	0	.07743975	0
1352.15	.1316041	.790036	0	.07835991	0
1351.15	.1296069	.7911178	0	.07927528	0
1350.15	.1276257	.7921883	0	.08018593	0
1349.15	.1256604	.7932477	0	.08109194	0
1348.15	.1237106	.794296	0	.08199336	0
1347.15	.1217763	.7953335	0	.08289025	0
1346.15	.1198571	.7963602	0	.08378267	0
1345.15	.1179529	.7973764	0	.08467069	0
1344.15	.1160634	.7983822	0	.08555436	0
1343.15	.1141885	.7993777	0	.08643374	0
1342.15	.112328	.8003631	0	.08730888	0
1341.15	.1104817	.8013385	0	.08817985	0
1340.15	.1086493	.802304	0	.08904669	0
1339.15	.1068307	.8032598	0	.08990946	0
1338.15	.1050257	.804206	0	.09076822	0
1337.15	.1032342	.8051428	0	.09162301	0
1336.15	.1014559	.8060702	0	.09247388	0
1335.15	.09969073	.8069884	0	.09332088	0
1334.15	.09793843	.8078975	0	.09416408	0
1333.15	.09619887	.8087976	0	.0950035	0
1332.15	.09447188	.8096889	0	.0958392	0
1331.15	.0927573	.8105715	0	.09667123	0
1330.15	.09105496	.8114454	0	.09749963	0
1329.15	.08936471	.8123108	0	.09832445	0
1328.15	.08768639	.8131679	0	.09914573	0
1327.15	.08601984	.8140166	0	.09996352	0
1326.15	.08436492	.8148572	0	.1007779	0
1325.15	.08272147	.8156897	0	.1015888	0
1324.15	.08108936	.8165143	0	.1023963	0
1323.15	.07946843	.817331	0	.1032006	0
1322.15	.07785854	.8181399	0	.1040015	0
1321.15	.07625956	.8189412	0	.1047992	0
1320.15	.07467134	.819735	0	.1055937	0
1319.15	.07309375	.8205212	0	.106385	0
1318.359	.0718537	.8211377	0	.1070085	0
1318.359	.0718537	.8211377	0	.1070085	0
1318.359	.0718537	.8211377	0	.1070085	0
1318.15	.07016107	.8204198	.002080359	.1073387	0
1317.15	.06208159	.8170322	.01197919	.108907	0
1316.15	.05401799	.8137157	.02180692	.1104594	0
1315.15	.04596974	.8104696	.0315646	.111996	0
1314.15	.03793629	.8072932	.04125326	.1135172	0
1313.15	.02991712	.8041858	.05087395	.1150232	0
1312.15	.02191171	.8011466	.06042764	.116514	0
1311.15	.01391956	.798175	.06991535	.1179901	0
1310.15	.00594017	.7952703	.07933802	.1194515	0
1309.405	0	.7931482	.08632036	.1205315	0
1309.405	0	.7931482	.08632036	.1205315	0
1309.15	0	.7927571	.08657783	.1206651	0
1308.15	0	.7912237	.08758747	.1211889	0
1307.15	0	.7896946	.08859419	.1217112	0
1306.15	0	.7881699	.08959801	.1222321	0
1305.15	0	.7866496	.09059892	.1227515	0
1304.15	0	.7851336	.09159693	.1232695	0
1303.15	0	.7836219	.09259205	.123786	0
1302.15	0	.7821146	.09358429	.1243011	0
1301.15	0	.7806116	.09457365	.1248148	0
1300.15	0	.7791129	.09556014	.125327	0
1299.15	0	.7776184	.09654376	.1258378	0
1298.15	0	.7761283	.09752453	.1263472	0
1297.15	0	.7746424	.09850244	.1268552	0
1296.15	0	.7731608	.0994775	.1273618	0
1295.15	0	.7716833	.1004497	.1278669	0
1294.15	0	.7702102	.1014191	.1283707	0
1293.15	0	.7687412	.1023857	.1288731	0
1292.15	0	.7672765	.1033494	.1293741	0
1291.15	0	.7658159	.1043103	.1298738	0
1290.15	0	.7643596	.1052684	.130372	0
1289.15	0	.7629074	.1062237	.130869	0
1288.15	0	.7614593	.1071762	.1313645	0
1287.15	0	.7600155	.1081259	.1318587	0
1286.15	0	.7585757	.1090728	.1323515	0
1285.15	0	.7571401	.1100169	.132843	0
1284.15	0	.7557086	.1109582	.1333332	0
1283.15	0	.7542812	.1118968	.133822	0
1282.15	0	.7528579	.1128326	.1343095	0
1281.15	0	.7514387	.1137656	.1347957	0
1280.15	0	.7500236	.1146959	.1352805	0
1279.15	0	.7486126	.1156234	.1357641	0
1278.15	0	.7472056	.1165482	.1362463	0
1277.15	0	.7458026	.1174702	.1367272	0
1276.15	0	.7444037	.1183895	.1372069	0
1275.15	0	.7430088	.119306	.1376852	0
1274.15	0	.7416179	.1202198	.1381623	0
1273.15	0	.7402311	.1211309	.138638	0
1272.15	0	.7388482	.1220393	.1391125	0
1271.15	0	.7374693	.1229449	.1395858	0
1270.15	0	.7360944	.1238479	.1400577	0
1269.15	0	.7347235	.1247481	.1405284	0
1268.15	0	.7333565	.1256457	.1409979	0
1267.15	0	.7319935	.1265405	.141466	0
1266.15	0	.7306344	.1274327	.141933	0
1265.15	0	.7292792	.1283221	.1423987	0
1264.15	0	.727928	.1292089	.1428631	0
1263.15	0	.7265807	.130093	.1433263	0
1262.15	0	.7252372	.1309744	.1437883	0
1261.15	0	.7238977	.1318532	.1442491	0
1260.15	0	.7225621	.1327293	.1447086	0
1259.15	0	.7212303	.1336027	.145167	0
1258.15	0	.7199024	.1344735	.1456241	0
1257.15	0	.7185784	.1353416	.14608	0
1256.15	0	.7172582	.1362071	.1465347	0
1255.15	0	.7159419	.1370699	.1469883	0
1254.15	0	.7146294	.1379301	.1474406	0
1253.15	0	.7133207	.1387876	.1478917	0
1252.15	0	.7120158	.1396425	.1483417	0
1251.15	0	.7107148	.1404948	.1487905	0
1250.15	0	.7094175	.1413444	.1492381	0
1249.15	0	.708124	.1421915	.1496845	0
1248.15	0	.7068344	.1430359	.1501298	0
1247.15	0	.7055485	.1438777	.1505739	0
1246.15	0	.7042663	.1447168	.1510168	0
1245.15	0	.702988	.1455534	.1514586	0
1244.15	0	.7017134	.1463874	.1518993	0
1243.15	0	.7004425	.1472187	.1523388	0
1242.15	0	.6991754	.1480475	.1527771	0
1241.15	0	.697912	.1488737	.1532144	0
1240.15	0	.6966523	.1496973	.1536505	0
1239.15	0	.6953963	.1505182	.1540854	0
1238.15	0	.6941441	.1513367	.1545193	0
1237.15	0	.6928955	.1521525	.154952	0
1236.15	0	.6916507	.1529657	.1553836	0
1235.15	0	.6904095	.1537764	.1558141	0
1234.15	0	.689172	.1545845	.1562435	0
1233.15	0	.6879382	.15539	.1566718	0
1232.15	0	.686708	.156193	.157099	0
1231.15	0	.6854815	.1569934	.1575251	0
1230.15	0	.6842587	.1577912	.1579501	0
1229.15	0	.6830395	.1585865	.158374	0
1228.15	0	.681824	.1593792	.1587969	0
1227.15	0	.680612	.1601694	.1592186	0
1226.15	0	.6794037	.160957	.1596393	0
1225.15	0	.6781991	.161742	.1600589	0
1224.15	0	.676998	.1625246	.1604775	0
1223.15	0	.6758005	.1633045	.1608949	0
1222.15	0	.6746067	.164082	.1613113	0
1221.15	0	.6734164	.1648569	.1617267	0
1220.15	0	.6722297	.1656293	.162141	0
1219.15	0	.6710466	.1663991	.1625543	0
1218.15	0	.6698671	.1671664	.1629665	0
1217.15	0	.6686912	.1679312	.1633777	0
1216.15	0	.6675188	.1686934	.1637878	0
1215.15	0	.66635	.1694531	.1641969	0
1214.15	0	.6651847	.1702104	.164605	0
1213.15	0	.6640229	.170965	.165012	0
1212.15	0	.6628648	.1717172	.1654181	0
1211.15	0	.6617101	.1724669	.1658231	0
1210.15	0	.660559	.173214	.166227	0
1209.15	0	.6594114	.1739586	.16663	0
1208.15	0	.6582673	.1747007	.167032	0
1207.15	0	.6571267	.1754403	.1674329	0
1206.15	0	.6559897	.1761775	.1678329	0
1205.15	0	.6548561	.176912	.1682319	0
1204.15	0	.6537261	.1776441	.1686298	0
1203.15	0	.6525995	.1783737	.1690268	0
1202.15	0	.6514764	.1791008	.1694228	0
1201.15	0	.6503568	.1798254	.1698177	0
1200.15	0	.6492407	.1805475	.1702118	0
1199.15	0	.6481281	.1812671	.1706048	0
1198.15	0	.6470189	.1819843	.1709969	0
1197.15	0	.6459132	.1826989	.171388	0
1196.15	0	.6448109	.183411	.1717781	0
1195.15	0	.6437121	.1841206	.1721672	0
1194.15	0	.6426168	.1848278	.1725554	0
1193.15	0	.6415249	.1855325	.1729427	0
1192.15	0	.6404364	.1862346	.1733289	0
1191.15	0	.6393514	.1869343	.1737143	0
1190.15	0	.6382698	.1876316	.1740986	0
1189.15	0	.6371917	.1883263	.1744821	0
1188.15	0	.6361169	.1890185	.1748645	0
1187.15	0	.6350456	.1897083	.1752461	0
1186.15	0	.6339777	.1903956	.1756267	0
1185.15	0	.6329133	.1910804	.1760064	0
1184.15	0	.6318522	.1917627	.1763851	0
1183.15	0	.6307945	.1924426	.1767629	0
1182.15	0	.6297402	.19312	.1771398	0
1181.15	0	.6286894	.1937949	.1775158	0
1180.15	0	.6276419	.1944673	.1778908	0
1179.15	0	.6265978	.1951372	.178265	0
1178.15	0	.6255571	.1958047	.1786382	0
1177.15	0	.6245198	.1964697	.1790105	0
1176.15	0	.6234859	.1971322	.1793819	0
1175.15	0	.6224553	.1977923	.1797524	0
1174.15	0	.6214281	.1984499	.180122	0
1173.15	0	.6204043	.199105	.1804907	0
1172.15	0	.6193839	.1997576	.1808585	0
1171.15	0	.6183668	.2004078	.1812254	0
1170.15	0	.6173531	.2010555	.1815914	0
1169.15	0	.6163427	.2017007	.1819566	0
1168.15	0	.6153357	.2023435	.1823208	0
1167.15	0	.614332	.2029838	.1826842	0
1166.15	0	.6133317	.2036216	.1830467	0
1165.15	0	.6123348	.2042569	.1834083	0
1164.15	0	.6113412	.2048898	.183769	0
1163.15	0	.6103509	.2055202	.1841289	0
1162.15	0	.609364	.2061482	.1844879	0
1161.15	0	.6083804	.2067736	.184846	0
1160.15	0	.6074001	.2073966	.1852033	0
1159.15	0	.6064232	.2080171	.1855597	0
1158.15	0	.6054496	.2086352	.1859152	0
1157.15	0	.6044794	.2092507	.1862699	0
1156.15	0	.6035124	.2098638	.1866238	0
1155.15	0	.6025488	.2104744	.1869768	0
1154.15	0	.6015885	.2110826	.1873289	0
1153.15	0	.6006315	.2116883	.1876802	0
1152.15	0	.5996778	.2122915	.1880307	0
1151.15	0	.5987275	.2128922	.1883803	0
1150.15	0	.5977805	.2134905	.1887291	0
1149.15	0	.5968368	.2140862	.189077	0
1148.15	0	.5958964	.2146795	.1894241	0
1147.15	0	.5949593	.2152703	.1897704	0
1146.15	0	.5940255	.2158587	.1901158	0
1145.15	0	.593095	.2164445	.1904604	0
1144.15	0	.5921679	.2170279	.1908042	0
1143.15	0	.591244	.2176088	.1911472	0
1142.15	0	.5903234	.2181872	.1914894	0
1141.15	0	.5894062	.2187631	.1918307	0
1140.15	0	.5884922	.2193365	.1921713	0
1139.15	0	.5875816	.2199075	.192511	0
1138.15	0	.5866742	.2204759	.1928499	0
1137.15	0	.5857701	.2210419	.193188	0
1136.15	0	.5848694	.2216054	.1935253	0
1135.15	0	.5839719	.2221664	.1938617	0
1134.15	0	.5830777	.2227249	.1941974	0
1133.15	0	.5821868	.2232808	.1945323	0
1132.15	0	.5812992	.2238343	.1948664	0
1131.15	0	.5804149	.2243853	.1951997	0
1130.15	0	.5795339	.2249338	.1955322	0
1129.15	0	.5786562	.2254798	.1958639	0
1128.15	0	.5777818	.2260233	.1961949	0
1127.15	0	.5769107	.2265643	.196525	0
1126.15	0	.5760428	.2271028	.1968544	0
1125.15	0	.5751783	.2276388	.1971829	0
1124.15	0	.574317	.2281722	.1975107	0
1123.15	0	.5734591	.2287032	.1978377	0
1122.15	0	.5726044	.2292316	.198164	0
1121.15	0	.571753	.2297575	.1984894	0
1120.15	0	.5709049	.2302809	.1988141	0
1119.15	0	.5700601	.2308018	.1991381	0
1118.15	0	.5692186	.2313202	.1994612	0
1117.15	0	.5683804	.231836	.1997836	0
1116.15	0	.5675455	.2323493	.2001052	0
1115.15	0	.5667138	.2328601	.2004261	0
1114.15	0	.5658855	.2333683	.2007462	0
1113.15	0	.5650604	.2338741	.2010655	0
1112.15	0	.5642387	.2343772	.2013841	0
1111.15	0	.5634202	.2348778	.2017019	0
1110.15	0	.5626051	.2353759	.202019	0
1109.15	0	.5617932	.2358715	.2023353	0
1108.15	0	.5609846	.2363645	.2026509	0
1107.15	0	.5601794	.2368549	.2029657	0
1106.15	0	.5593774	.2373428	.2032798	0
1105.15	0	.5585787	.2378282	.2035931	0
1104.15	0	.5577834	.238311	.2039057	0
1103.15	0	.5569913	.2387912	.2042175	0
1102.15	0	.5562025	.2392689	.2045286	0
1101.15	0	.5554171	.2397439	.204839	0
1100.15	0	.554635	.2402165	.2051486	0
1099.15	0	.5538561	.2406864	.2054575	0
1098.15	0	.5530806	.2411538	.2057656	0
1097.15	0	.5523084	.2416186	.206073	0
1096.15	0	.5515395	.2420808	.2063797	0
1095.15	0	.5507739	.2425404	.2066857	0
1094.15	0	.5500116	.2429975	.2069909	0
1093.15	0	.5492527	.2434519	.2072954	0
1092.15	0	.5484971	.2439038	.2075992	0
1091.15	0	.5477447	.244353	.2079022	0
1090.15	0	.5469958	.2447997	.2082046	0
1089.15	0	.5462501	.2452437	.2085062	0
1088.15	0	.5455078	.2456852	.208807	0
1087.15	0	.5447688	.246124	.2091072	0
1086.15	0	.5440331	.2465602	.2094066	0
1085.15	0	.5433008	.2469938	.2097054	0
1084.15	0	.5425718	.2474248	.2100034	0
1083.15	0	.5418462	.2478531	.2103007	0
1082.15	0	.5411239	.2482788	.2105973	0
1081.15	0	.5404049	.2487019	.2108932	0
1080.15	0	.5396893	.2491223	.2111883	0
1079.15	0	.5389771	.2495401	.2114828	0
1078.15	0	.5382682	.2499553	.2117765	0
1077.15	0	.5375627	.2503678	.2120696	0
1076.15	0	.5368605	.2507776	.2123619	0
1075.15	0	.5361617	.2511848	.2126536	0
1074.15	0	.5354662	.2515893	.2129445	0
1073.15	0	.5347741	.2519912	.2132347	0
1072.15	0	.5340854	.2523903	.2135242	0
1071.15	0	.5334001	.2527869	.2138131	0
1070.15	0	.5327181	.2531807	.2141012	0
1069.15	0	.5320396	.2535718	.2143886	0
1068.15	0	.5313644	.2539603	.2146753	0
1067.15	0	.5306926	.2543461	.2149613	0
1066.15	0	.5300242	.2547291	.2152467	0
1065.15	0	.5293592	.2551095	.2155313	0
1064.15	0	.5286976	.2554871	.2158153	0
1063.15	0	.5280394	.2558621	.2160985	0
1062.15	0	.5273846	.2562343	.216381	0
1061.15	0	.5267332	.2566039	.2166629	0
1060.15	0	.5260853	.2569706	.2169441	0
1059.15	0	.5254407	.2573347	.2172246	0
1058.15	0	.5247996	.257696	.2175044	0
1057.15	0	.5241619	.2580546	.2177834	0
1056.15	0	.5235277	.2584105	.2180619	0
1055.15	0	.5228969	.2587636	.2183396	0
1054.15	0	.5222695	.2591139	.2186166	0
1053.15	0	.5216456	.2594615	.218893	0
1052.15	0	.5210251	.2598063	.2191686	0
1051.15	0	.520408	.2601484	.2194436	0
1050.15	0	.5197945	.2604877	.2197179	0
1049.15	0	.5191844	.2608242	.2199915	0
1048.15	0	.5185777	.2611579	.2202644	0
1047.15	0	.5179745	.2614889	.2205366	0
1046.15	0	.5173748	.261817	.2208082	0
1045.15	0	.5167786	.2621424	.221079	0
1044.15	0	.5161859	.2624649	.2213492	0
1043.15	0	.5155967	.2627847	.2216187	0
1042.15	0	.5150109	.2631016	.2218875	0
1041.15	0	.5144287	.2634157	.2221556	0
1040.15	0	.5138499	.263727	.2224231	0
1039.15	0	.5132747	.2640355	.2226898	0
1038.15	0	.512703	.2643411	.2229559	0
1037.15	0	.5121348	.2646439	.2232213	0
1036.15	0	.5115702	.2649438	.223486	0
1035.15	0	.511009	.2652409	.2237501	0
1034.15	0	.5104514	.2655352	.2240134	0
1033.15	0	.5098974	.2658266	.2242761	0
1032.15	0	.5093469	.2661151	.224538	0
1031.15	0	.5087999	.2664008	.2247993	0
1030.15	0	.5082565	.2666835	.22506	0
1029.15	0	.5077167	.2669634	.2253199	0
1028.15	0	.5071804	.2672404	.2255792	0
1027.15	0	.5066477	.2675146	.2258377	0
1026.15	0	.5061186	.2677858	.2260956	0
1025.15	0	.5055931	.2680541	.2263528	0
1024.15	0	.5050711	.2683196	.2266093	0
1023.15	0	.5045528	.2685821	.2268651	0
1022.15	0	.5040381	.2688416	.2271203	0
1021.15	0	.5035269	.2690983	.2273747	0
1020.15	0	.5030194	.2693521	.2276285	0
1019.15	0	.5025155	.2696029	.2278816	0
1018.15	0	.5020152	.2698508	.228134	0
1017.15	0	.5015186	.2700957	.2283857	0
1016.15	0	.5010256	.2703377	.2286367	0
1015.15	0	.5005362	.2705767	.2288871	0
1014.15	0	.5000505	.2708128	.2291367	0
1013.15	0	.4995684	.2710459	.2293857	0
1012.15	0	.49909	.2712761	.2296339	0
1011.15	0	.4986153	.2715032	.2298815	0
1010.15	0	.4981442	.2717274	.2301284	0
1009.15	0	.4976768	.2719487	.2303746	0
1008.15	0	.4972131	.2721669	.2306201	0
1007.15	0	.496753	.2723821	.2308648	0
1006.15	0	.4962967	.2725944	.2311089	0
1005.15	0	.4958441	.2728036	.2313523	0
1004.15	0	.4953951	.2730098	.231595	0
1003.15	0	.4949499	.2732131	.231837	0
1002.15	0	.4945084	.2734133	.2320783	0
1001.15	0	.4940706	.2736105	.2323189	0
1000.15	0	.4936366	.2738046	.2325588	0
999.15	0	.4932062	.2739958	.232798	0
998.15	0	.4927797	.2741839	.2330365	0
997.15	0	.4923568	.274369	.2332742	0
996.15	0	.4919377	.274551	.2335113	0
995.15	0	.4915224	.27473	.2337476	0
994.15	0	.4911108	.2749059	.2339833	0
993.15	0	.490703	.2750788	.2342182	0
992.15	0	.490299	.2752486	.2344524	0
991.15	0	.4898987	.2754154	.2346859	0
990.15	0	.4895023	.2755791	.2349186	0
989.15	0	.4891096	.2757398	.2351506	0
988.15	0	.4887207	.2758974	.235382	0
987.15	0	.4883356	.2760519	.2356125	0
986.15	0	.4879543	.2762033	.2358424	0
985.15	0	.4875768	.2763517	.2360715	0
984.15	0	.4872031	.2764969	.2362999	0
983.15	0	.4868333	.2766391	.2365276	0
982.15	0	.4864673	.2767782	.2367545	0
981.15	0	.4861051	.2769143	.2369807	0
980.15	0	.4857467	.2770472	.2372061	0
979.15	0	.4853921	.277177	.2374308	0
978.15	0	.4850414	.2773038	.2376548	0
977.15	0	.4846946	.2774274	.237878	0
976.15	0	.4843516	.277548	.2381004	0
975.15	0	.4840124	.2776655	.2383221	0
974.15	0	.4836771	.2777798	.238543	0
973.15	0	.4833457	.2778911	.2387632	0
972.15	0	.4830181	.2779993	.2389826	0
971.15	0	.4826944	.2781044	.2392013	0
970.15	0	.4823745	.2782063	.2394191	0
969.15	0	.4820586	.2783052	.2396362	0
968.15	0	.4817465	.278401	.2398525	0
967.15	0	.4814382	.2784937	.2400681	0
966.15	0	.4811339	.2785833	.2402829	0
965.15	0	.4808334	.2786697	.2404968	0
964.15	0	.4805369	.2787532	.24071	0
963.15	0	.4802442	.2788335	.2409224	0
962.15	0	.4799554	.2789107	.241134	0
961.15	0	.4796704	.2789848	.2413448	0
960.15	0	.4793894	.2790559	.2415547	0
959.15	0	.4791123	.2791238	.2417639	0
958.15	0	.478839	.2791887	.2419722	0
957.15	0	.4785697	.2792505	.2421798	0
956.15	0	.4783042	.2793093	.2423865	0
955.15	0	.4780426	.279365	.2425924	0
954.15	0	.4777849	.2794176	.2427974	0
953.15	0	.4775311	.2794672	.2430017	0
952.15	0	.4772812	.2795137	.243205	0
951.15	0	.4770352	.2795572	.2434076	0
950.15	0	.4767931	.2795977	.2436093	0
949.15	0	.4765548	.2796351	.2438101	0
948.15	0	.4763204	.2796695	.24401	0
947.15	0	.4760899	.2797009	.2442092	0
946.15	0	.4758633	.2797293	.2444074	0
945.15	0	.4756405	.2797547	.2446047	0
944.15	0	.4754216	.2797772	.2448012	0
943.15	0	.4752066	.2797966	.2449968	0
942.15	0	.4749954	.2798131	.2451915	0
941.15	0	.4747881	.2798266	.2453853	0
940.15	0	.4745846	.2798372	.2455782	0
939.15	0	.474385	.2798449	.2457701	0
938.15	0	.4741892	.2798496	.2459612	0
937.15	0	.4739972	.2798515	.2461513	0
936.15	0	.4738091	.2798504	.2463405	0
935.15	0	.4736247	.2798465	.2465288	0
934.15	0	.4734441	.2798397	.2467161	0
933.15	0	.4732674	.2798301	.2469025	0
932.15	0	.4730944	.2798177	.2470879	0
931.15	0	.4729252	.2798025	.2472723	0
930.15	0	.4727597	.2797845	.2474558	0
929.15	0	.472598	.2797637	.2476383	0
928.15	0	.47244	.2797402	.2478198	0
927.15	0	.4722858	.2797139	.2480003	0
926.15	0	.4721352	.279685	.2481798	0
925.15	0	.4719884	.2796533	.2483583	0
924.15	0	.4718452	.279619	.2485358	0
923.15	0	.4717057	.2795821	.2487122	0
922.15	0	.4715698	.2795426	.2488876	0
921.15	0	.4714376	.2795005	.249062	0
920.15	0	.4713089	.2794558	.2492353	0
919.15	0	.4711839	.2794086	.2494075	0
918.15	0	.4710624	.279359	.2495787	0
917.15	0	.4709445	.2793068	.2497487	0
916.15	0	.47083	.2792523	.2499177	0
915.15	0	.4707191	.2791953	.2500856	0
914.15	0	.4706117	.2791359	.2502524	0
913.15	0	.4705077	.2790743	.250418	0
912.15	0	.4704072	.2790103	.2505825	0
911.15	0	.47031	.2789441	.2507458	0
910.15	0	.4702163	.2788757	.250908	0
909.15	0	.4701259	.2788051	.2510691	0
908.15	0	.4700388	.2787323	.2512289	0
907.15	0	.4699549	.2786575	.2513876	0
906.15	0	.4698744	.2785806	.251545	0
905.15	0	.469797	.2785017	.2517012	0
904.15	0	.4697228	.2784209	.2518562	0
903.15	0	.4696518	.2783382	.25201	0
902.15	0	.4695839	.2782536	.2521625	0
901.15	0	.4695191	.2781672	.2523137	0
900.15	0	.4694573	.2780791	.2524636	0
899.15	0	.4693985	.2779893	.2526123	0
898.15	0	.4693426	.2778978	.2527596	0
897.15	0	.4692896	.2778048	.2529056	0
896.15	0	.4692395	.2777102	.2530503	0
895.15	0	.4691922	.2776142	.2531936	0
894.15	0	.4691477	.2775168	.2533355	0
893.15	0	.4691058	.2774182	.253476	0
892.15	0	.4690667	.2773182	.2536151	0
891.15	0	.4690301	.2772171	.2537528	0
890.15	0	.468996	.2771149	.253889	0
889.15	0	.4689645	.2770117	.2540238	0
888.15	0	.4689354	.2769075	.2541571	0
887.15	0	.4689086	.2768025	.2542889	0
886.15	0	.4688842	.2766966	.2544192	0
885.15	0	.468862	.2765901	.2545479	0
884.15	0	.4688419	.276483	.2546751	0
883.15	0	.468824	.2763754	.2548006	0
882.15	0	.468808	.2762674	.2549246	0
881.15	0	.468794	.276159	.255047	0
880.15	0	.4687819	.2760505	.2551676	0
879.15	0	.4687716	.2759418	.2552867	0
878.15	0	.4687629	.2758331	.2554039	0
877.15	0	.4687559	.2757246	.2555195	0
876.15	0	.4687504	.2756163	.2556333	0
875.15	0	.4687463	.2755083	.2557454	0
874.15	0	.4687436	.2754008	.2558556	0
873.15	0	.4687421	.2752939	.255964	0
872.15	0	.4687417	.2751878	.2560705	0
871.15	0	.4687424	.2750825	.2561751	0
870.15	0	.468744	.2749783	.2562777	0
869.15	0	.4687463	.2748753	.2563784	0
868.15	0	.4687494	.2747735	.2564771	0
867.15	0	.468753	.2746733	.2565737	0
866.15	0	.468757	.2745747	.2566683	0
865.15	0	.4687614	.2744779	.2567607	0
864.15	0	.4687658	.2743832	.256851	0
863.15	0	.4687703	.2742906	.2569391	0
862.15	0	.4687747	.2742004	.2570249	0
861.15	0	.4687788	.2741129	.2571084	0
860.15	0	.4687824	.2740281	.2571895	0
859.15	0	.4687853	.2739464	.2572683	0
858.15	0	.4687875	.2738679	.2573446	0
857.15	0	.4687887	.2737929	.2574184	0
856.15	0	.4687886	.2737217	.2574896	0
855.15	0	.4687872	.2736546	.2575582	0
854.15	0	.4687842	.2735917	.2576241	0
853.15	0	.4687793	.2735335	.2576872	0
852.15	0	.4687724	.2734801	.2577475	0
851.15	0	.4687632	.273432	.2578048	0
850.15	0	.4687513	.2733895	.2578592	0
849.15	0	.4687366	.2733529	.2579104	0
848.15	0	.4687188	.2733227	.2579585	0
847.15	0	.4686975	.2732992	.2580033	0
846.15	0	.4686724	.273283	.2580447	0
845.15	0	.4686431	.2732743	.2580826	0
844.15	0	.4686093	.2732738	.2581169	0
843.15	0	.4685706	.2732821	.2581474	0
842.15	0	.4685265	.2732995	.258174	0
841.15	0	.4684766	.2733269	.2581966	0
840.15	0	.4684203	.2733647	.2582149	0
839.15	0	.4683572	.2734138	.2582289	0
838.15	0	.4682867	.2734749	.2582384	0
837.15	0	.4682081	.2735489	.258243	0
836.15	0	.4681207	.2736367	.2582426	0
835.15	0	.4680237	.2737393	.258237	0
834.15	0	.4679164	.2738578	.2582258	0
833.15	0	.4675046	.2743655	.2581299	0
832.15	0	.4670222	.274968	.2580099	0
831.15	0	.4665927	.2755085	.2578988	0
830.15	0	.4662106	.2759938	.2577956	0
829.15	0	.4658712	.2764295	.2576993	0
828.15	0	.4655705	.2768203	.2576092	0
827.15	0	.465305	.2771705	.2575245	0
826.15	0	.4650715	.2774839	.2574447	0
825.15	0	.4648673	.2777635	.2573693	0
824.15	0	.4646899	.2780123	.2572978	0
823.15	0	.4645372	.2782328	.2572299	0
822.15	0	.4644073	.2784274	.2571653	0
821.15	0	.4642983	.278598	.2571037	0
820.15	0	.4642087	.2787466	.2570448	0
819.15	0	.464137	.2788747	.2569883	0
818.15	0	.4640819	.278984	.2569341	0
817.15	0	.4640421	.2790759	.256882	0
816.15	0	.4640166	.2791516	.2568318	0
815.15	0	.4640044	.2792123	.2567834	0
814.15	0	.4640044	.279259	.2567366	0
813.15	0	.4640158	.2792928	.2566914	0
812.15	0	.4640378	.2793147	.2566475	0
811.15	0	.4640697	.2793254	.2566049	0
810.15	0	.4641108	.2793257	.2565636	0
809.15	0	.4641603	.2793164	.2565233	0
808.15	0	.4642178	.2792981	.2564841	0
807.15	0	.4642826	.2792715	.2564459	0
806.15	0	.4643542	.2792372	.2564085	0
805.15	0	.4644322	.2791957	.256372	0
804.15	0	.4645161	.2791476	.2563363	0
803.15	0	.4646054	.2790933	.2563013	0
802.15	0	.4646998	.2790332	.256267	0
801.15	0	.4647988	.2789678	.2562334	0
800.15	0	.4649021	.2788975	.2562003	0
799.15	0	.4650095	.2788227	.2561678	0
798.15	0	.4651205	.2787437	.2561358	0
797.15	0	.4652349	.2786608	.2561043	0
796.15	0	.4653524	.2785743	.2560733	0
795.15	0	.4654728	.2784845	.2560427	0
794.15	0	.4655958	.2783918	.2560125	0
793.15	0	.4657211	.2782963	.2559826	0
792.15	0	.4658487	.2781982	.2559531	0
791.15	0	.4659782	.2780979	.255924	0
790.15	0	.4661094	.2779955	.2558951	0
789.15	0	.4662423	.2778912	.2558665	0
788.15	0	.4663766	.2777852	.2558382	0
787.15	0	.4665122	.2776777	.2558102	0
786.15	0	.4666488	.2775688	.2557823	0
785.15	0	.4667865	.2774588	.2557547	0
784.15	0	.466925	.2773477	.2557273	0
783.15	0	.4670642	.2772357	.2557001	0
782.15	0	.467204	.2771229	.2556731	0
781.15	0	.4673443	.2770094	.2556462	0
780.15	0	.467485	.2768954	.2556195	0
779.15	0	.467626	.276781	.255593	0
778.15	0	.4677672	.2766663	.2555665	0
777.15	0	.4679085	.2765513	.2555402	0
776.15	0	.4680498	.2764362	.255514	0
775.15	0	.468191	.2763211	.2554879	0
774.15	0	.4683321	.276206	.2554619	0
773.15	0	.468473	.2760909	.255436	0
772.15	0	.4686137	.2759761	.2554102	0
771.15	0	.468754	.2758615	.2553844	0
770.15	0	.468894	.2757472	.2553588	0
769.15	0	.4690335	.2756333	.2553331	0
768.15	0	.4691726	.2755198	.2553076	0
767.15	0	.4693111	.2754068	.2552821	0
766.15	0	.469449	.2752943	.2552566	0
765.15	0	.4695864	.2751824	.2552312	0
764.15	0	.4697231	.2750711	.2552058	0
763.15	0	.4698591	.2749605	.2551804	0
762.15	0	.4699943	.2748506	.2551551	0
761.15	0	.4701288	.2747413	.2551298	0
760.15	0	.4702626	.2746329	.2551045	0
759.15	0	.4703955	.2745252	.2550792	0
758.15	0	.4705276	.2744184	.255054	0
757.15	0	.4706588	.2743124	.2550287	0
756.15	0	.4707892	.2742073	.2550035	0
755.15	0	.4709186	.2741031	.2549782	0
754.15	0	.4710471	.2739998	.254953	0
753.15	0	.4711747	.2738975	.2549278	0
752.15	0	.4713014	.2737961	.2549025	0
751.15	0	.4714271	.2736957	.2548772	0
750.15	0	.4715518	.2735963	.254852	0
749.15	0	.4716755	.2734979	.2548267	0
748.15	0	.4717982	.2734005	.2548014	0
747.15	0	.4719225	.2733021	.2547754	0
746.15	0	.472043	.2732069	.2547501	0
745.15	0	.4721624	.2731128	.2547248	0
744.15	0	.4722809	.2730197	.2546995	0
743.15	0	.4723983	.2729277	.2546741	0
742.15	0	.4725146	.2728367	.2546487	0
741.15	0	.4726299	.2727468	.2546233	0
740.15	0	.4727442	.272658	.2545979	0
739.15	0	.4728574	.2725702	.2545724	0
738.15	0	.4729696	.2724836	.2545469	0
737.15	0	.4730807	.272398	.2545213	0
736.15	0	.4731907	.2723136	.2544957	0
735.15	0	.4732997	.2722302	.2544701	0
734.15	0	.4734077	.2721479	.2544445	0
733.15	0	.4735145	.2720667	.2544188	0
732.15	0	.4736203	.2719866	.2543931	0
731.15	0	.4737251	.2719076	.2543673	0
730.15	0	.4738288	.2718297	.2543415	0
729.15	0	.4739315	.2717529	.2543157	0
728.15	0	.4740331	.2716772	.2542898	0
727.15	0	.4741336	.2716025	.2542638	0
726.15	0	.4742331	.271529	.2542379	0
725.15	0	.4743316	.2714566	.2542119	0
724.15	0	.474429	.2713852	.2541858	0
723.15	0	.4745254	.2713149	.2541597	0
722.15	0	.4746207	.2712457	.2541336	0
721.15	0	.474715	.2711776	.2541074	0
720.15	0	.4748083	.2711105	.2540812	0
719.15	0	.4749006	.2710445	.2540549	0
718.15	0	.4749918	.2709796	.2540286	0
717.15	0	.475082	.2709157	.2540023	0
716.15	0	.4751713	.2708529	.2539759	0
715.15	0	.4752595	.2707911	.2539494	0
714.15	0	.4753467	.2707303	.2539229	0
713.15	0	.475433	.2706706	.2538964	0
712.15	0	.4755182	.270612	.2538698	0
711.15	0	.4756025	.2705543	.2538432	0
710.15	0	.4756858	.2704977	.2538165	0
709.15	0	.4757681	.270442	.2537898	0
708.15	0	.4758495	.2703874	.2537631	0
707.15	0	.4759299	.2703338	.2537363	0
706.15	0	.4760094	.2702812	.2537094	0
705.15	0	.4760879	.2702295	.2536825	0
704.15	0	.4761655	.2701789	.2536556	0
703.15	0	.4762422	.2701292	.2536286	0
702.15	0	.4763179	.2700805	.2536016	0
701.15	0	.4763928	.2700327	.2535745	0
700.15	0	.4764667	.2699859	.2535474	0
699.15	0	.4765397	.2699401	.2535202	0
698.15	0	.4766118	.2698951	.253493	0
697.15	0	.4766831	.2698512	.2534658	0
696.15	0	.4767534	.2698081	.2534385	0
695.15	0	.4768229	.269766	.2534112	0
694.15	0	.4768915	.2697247	.2533838	0
693.15	0	.4769592	.2696844	.2533564	0
692.15	0	.4770261	.269645	.2533289	0
691.15	0	.4770922	.2696064	.2533014	0
690.15	0	.4771573	.2695688	.2532739	0
689.15	0	.4772217	.269532	.2532463	0
688.15	0	.4772852	.2694961	.2532187	0
687.15	0	.477348	.2694611	.253191	0
686.15	0	.4774099	.2694268	.2531633	0
685.15	0	.477471	.2693935	.2531355	0
684.15	0	.4775313	.269361	.2531078	0
683.15	0	.4775908	.2693293	.2530799	0
682.15	0	.4776495	.2692985	.253052	0
681.15	0	.4777074	.2692685	.2530241	0
680.15	0	.4777646	.2692392	.2529962	0
679.15	0	.477821	.2692108	.2529682	0
678.15	0	.4778766	.2691832	.2529402	0
677.15	0	.4779315	.2691564	.2529121	0
676.15	0	.4779856	.2691304	.252884	0
675.15	0	.478039	.2691051	.2528559	0
674.15	0	.4780917	.2690806	.2528277	0
673.15	0	.4781436	.2690569	.2527995	0
672.15	0	.4781948	.2690339	.2527713	0
671.15	0	.4782453	.2690117	.252743	0
670.15	0	.4782951	.2689902	.2527147	0
669.15	0	.4783442	.2689695	.2526863	0
668.15	0	.4783926	.2689494	.252658	0
667.15	0	.4784403	.2689302	.2526295	0
666.15	0	.4784873	.2689116	.2526011	0
665.15	0	.4785337	.2688937	.2525726	0
664.15	0	.4785794	.2688765	.2525441	0
663.15	0	.4786244	.26886	.2525156	0
662.15	0	.4786688	.2688443	.252487	0
661.15	0	.4787125	.2688292	.2524584	0
660.15	0	.4787555	.2688147	.2524298	0
659.15	0	.478798	.268801	.2524011	0
658.15	0	.4788397	.2687879	.2523724	0
657.15	0	.4788809	.2687754	.2523437	0
656.15	0	.4789215	.2687636	.2523149	0
655.15	0	.4789614	.2687525	.2522861	0
654.15	0	.4790007	.268742	.2522573	0
653.15	0	.4790394	.2687321	.2522285	0
652.15	0	.4790775	.2687228	.2521996	0
651.15	0	.479115	.2687142	.2521707	0
650.15	0	.479152	.2687062	.2521418	0
649.15	0	.4791884	.2686987	.2521129	0
648.15	0	.4792241	.2686919	.2520839	0
647.15	0	.4792593	.2686857	.2520549	0
646.15	0	.479294	.2686801	.2520259	0
645.15	0	.4793281	.268675	.2519969	0
644.15	0	.4793616	.2686705	.2519679	0
643.15	0	.4793946	.2686666	.2519388	0
642.15	0	.479427	.2686633	.2519097	0
641.15	0	.4794589	.2686605	.2518806	0
640.15	0	.4794903	.2686583	.2518514	0
639.15	0	.4795211	.2686566	.2518223	0
638.15	0	.4795514	.2686555	.2517931	0
637.15	0	.4795812	.2686549	.2517639	0
636.15	0	.4796105	.2686548	.2517347	0
635.15	0	.4796393	.2686552	.2517055	0
634.15	0	.4796676	.2686562	.2516762	0
633.15	0	.4796953	.2686577	.251647	0
632.15	0	.4797226	.2686597	.2516177	0
631.15	0	.4797494	.2686622	.2515884	0
630.15	0	.4797757	.2686652	.2515591	0
629.15	0	.4798016	.2686687	.2515297	0
628.15	0	.4798269	.2686727	.2515004	0
627.15	0	.4798518	.2686771	.2514711	0
626.15	0	.4798762	.2686821	.2514417	0
625.15	0	.4799002	.2686875	.2514123	0
624.15	0	.4799237	.2686934	.2513829	0
623.15	0	.4799467	.2686997	.2513536	0
622.15	0	.4799694	.2687065	.2513241	0
621.15	0	.4799915	.2687138	.2512947	0
620.15	0	.4800132	.2687215	.2512653	0
619.15	0	.4800345	.2687296	.2512359	0
618.15	0	.4800554	.2687382	.2512064	0
617.15	0	.4800758	.2687472	.251177	0
616.15	0	.4800959	.2687566	.2511475	0
615.15	0	.4801154	.2687665	.2511181	0
614.15	0	.4801346	.2687768	.2510886	0
613.15	0	.4801534	.2687875	.2510591	0
612.15	0	.4801718	.2687986	.2510296	0
611.15	0	.4801898	.2688101	.2510002	0
610.15	0	.4802073	.268822	.2509707	0
609.15	0	.4802245	.2688343	.2509412	0
608.15	0	.4802413	.268847	.2509117	0
607.15	0	.4802577	.2688601	.2508822	0
606.15	0	.4802738	.2688736	.2508527	0
605.15	0	.4802894	.2688874	.2508232	0
604.15	0	.4803047	.2689016	.2507937	0
603.15	0	.4803196	.2689162	.2507642	0
602.15	0	.4803341	.2689311	.2507347	0
601.15	0	.4803483	.2689465	.2507052	0
600.15	0	.4803622	.2689621	.2506757	0
599.15	0	.4803756	.2689781	.2506463	0
598.15	0	.4803887	.2689945	.2506168	0
597.15	0	.4804015	.2690112	.2505873	0
596.15	0	.4804139	.2690283	.2505578	0
595.15	0	.480426	.2690456	.2505284	0
594.15	0	.4804378	.2690634	.2504989	0
593.15	0	.4804492	.2690814	.2504694	0
592.15	0	.4804603	.2690998	.25044	0
591.15	0	.480471	.2691185	.2504105	0
590.15	0	.4804814	.2691375	.2503811	0
589.15	0	.4804916	.2691568	.2503517	0
588.15	0	.4805014	.2691764	.2503223	0
587.15	0	.4805108	.2691963	.2502929	0
586.15	0	.48052	.2692165	.2502635	0
585.15	0	.4805289	.269237	.2502341	0
584.15	0	.4805374	.2692579	.2502047	0
583.15	0	.4805457	.269279	.2501754	0
582.15	0	.4805536	.2693003	.250146	0
581.15	0	.4805613	.269322	.2501167	0
580.15	0	.4805687	.269344	.2500874	0
579.15	0	.4805758	.2693662	.2500581	0
578.15	0	.4805826	.2693887	.2500288	0
577.15	0	.4805891	.2694114	.2499995	0
576.15	0	.4805953	.2694344	.2499702	0
575.15	0	.4806013	.2694577	.249941	0
574.15	0	.480607	.2694812	.2499118	0
573.15	0	.4806124	.269505	.2498826	0
572.15	0	.4806175	.2695291	.2498534	0
571.15	0	.4806224	.2695533	.2498242	0
570.15	0	.4806271	.2695779	.2497951	0
569.15	0	.4806314	.2696026	.249766	0
568.15	0	.4806355	.2696276	.2497369	0
567.15	0	.4806394	.2696529	.2497078	0
566.15	0	.480643	.2696783	.2496787	0
565.15	0	.4806463	.269704	.2496497	0
564.15	0	.4806494	.2697299	.2496207	0
563.15	0	.4806523	.269756	.2495917	0
562.15	0	.4806549	.2697824	.2495627	0
561.15	0	.4806573	.2698089	.2495338	0
560.15	0	.4806594	.2698357	.2495049	0
559.15	0	.4806613	.2698627	.249476	0
558.15	0	.480663	.2698899	.2494471	0
557.15	0	.4806645	.2699172	.2494183	0
556.15	0	.4806657	.2699448	.2493895	0
555.15	0	.4806667	.2699726	.2493607	0
554.15	0	.4806675	.2700006	.249332	0
553.15	0	.480668	.2700287	.2493033	0
552.15	0	.4806684	.2700571	.2492746	0
551.15	0	.4806685	.2700856	.2492459	0
550.15	0	.4806684	.2701143	.2492173	0
549.15	0	.4806682	.2701431	.2491887	0
548.15	0	.4806677	.2701722	.2491602	0
547.15	0	.480667	.2702014	.2491316	0
546.15	0	.4806661	.2702308	.2491032	0
545.15	0	.480665	.2702603	.2490747	0
544.15	0	.4806637	.2702901	.2490463	0
543.15	0	.4806622	.2703199	.2490179	0
542.15	0	.4806605	.27035	.2489896	0
541.15	0	.4806586	.2703801	.2489612	0
540.15	0	.4806565	.2704105	.248933	0
539.15	0	.4806543	.270441	.2489048	0
538.15	0	.4806519	.2704716	.2488766	0
537.15	0	.4806493	.2705024	.2488484	0
536.15	0	.4806465	.2705333	.2488203	0
535.15	0	.4806435	.2705643	.2487922	0
534.15	0	.4806403	.2705955	.2487642	0
533.15	0	.480637	.2706268	.2487362	0
532.15	0	.4806335	.2706583	.2487083	0
531.15	0	.4806298	.2706898	.2486803	0
530.15	0	.480626	.2707215	.2486525	0
529.15	0	.480622	.2707533	.2486247	0
528.15	0	.4806178	.2707853	.2485969	0
527.15	0	.4806135	.2708173	.2485692	0
526.15	0	.480609	.2708495	.2485415	0
525.15	0	.4806044	.2708818	.2485138	0
524.15	0	.4805996	.2709142	.2484863	0
523.15	0	.4805946	.2709467	.2484587	0
522.15	0	.4805895	.2709793	.2484312	0
521.15	0	.4805842	.271012	.2484038	0
520.15	0	.4805788	.2710448	.2483764	0
519.15	0	.4805733	.2710777	.248349	0
518.15	0	.4805676	.2711107	.2483217	0
517.15	0	.4805617	.2711438	.2482945	0
516.15	0	.4805557	.271177	.2482673	0
515.15	0	.4805496	.2712103	.2482401	0
514.15	0	.4805433	.2712436	.248213	0
513.15	0	.4805369	.2712771	.248186	0
512.15	0	.4805304	.2713106	.248159	0
511.15	0	.4805237	.2713442	.2481321	0
510.15	0	.4805169	.2713779	.2481052	0
509.15	0	.48051	.2714116	.2480784	0
508.15	0	.4805029	.2714455	.2480516	0
507.15	0	.4804957	.2714794	.2480249	0
506.15	0	.4804884	.2715133	.2479983	0
505.15	0	.480481	.2715473	.2479717	0
504.15	0	.4804734	.2715814	.2479451	0
503.15	0	.4804658	.2716156	.2479186	0
502.15	0	.480458	.2716498	.2478922	0
501.15	0	.48045	.2716841	.2478659	0
500.15	0	.480442	.2717184	.2478396	0
499.15	0	.4804339	.2717528	.2478133	0
498.15	0	.4804256	.2717872	.2477871	0
497.15	0	.4804173	.2718217	.247761	0
496.15	0	.4804089	.2718562	.2477348	0
495.15	0	.4804004	.2718908	.2477088	0
494.15	0	.4803917	.2719254	.2476829	0
493.15	0	.4803829	.2719601	.247657	0
492.15	0	.480374	.2719948	.2476312	0
491.15	0	.480365	.2720296	.2476055	0
490.15	0	.4803559	.2720643	.2475798	0
489.15	0	.4803467	.2720991	.2475542	0
488.15	0	.4803374	.272134	.2475286	0
487.15	0	.480328	.2721689	.2475032	0
486.15	0	.4803185	.2722038	.2474778	0
485.15	0	.4803089	.2722387	.2474524	0
484.15	0	.4802993	.2722736	.2474271	0
483.15	0	.4802895	.2723086	.2474019	0
482.15	0	.4802796	.2723436	.2473768	0
481.15	0	.4802697	.2723786	.2473517	0
480.15	0	.4802597	.2724136	.2473267	0
479.15	0	.4802495	.2724487	.2473018	0
478.15	0	.4802393	.2724837	.2472769	0
477.15	0	.480229	.2725188	.2472522	0
476.15	0	.4802187	.2725539	.2472275	0
475.15	0	.4802082	.272589	.2472028	0
474.15	0	.4801977	.2726241	.2471782	0
473.15	0	.4801871	.2726592	.2471538	0
472.15	0	.4801764	.2726942	.2471293	0
471.15	0	.4801657	.2727294	.247105	0
470.15	0	.4801548	.2727645	.2470807	0
469.15	0	.4801439	.2727996	.2470565	0
468.15	0	.480133	.2728346	.2470324	0
467.15	0	.4801219	.2728697	.2470084	0
466.15	0	.4801108	.2729048	.2469844	0
465.15	0	.4800996	.2729399	.2469605	0
464.15	0	.4800883	.272975	.2469367	0
463.2685	0	.4800783	.2730059	.2469158	0
463.2685	0	.4800783	.2730059	.2469158	0
463.2685	0	.4800783	.2730059	.2469158	0
463.15	0	.480105	.2729459	.2468812	6.789132E-05
462.15	0	.4803292	.2724405	.24659	6.402724E-04
461.15	0	.4805524	.2719367	.2462994	.001211434
460.15	0	.4807746	.2714345	.2460096	.001781386
459.15	0	.4809958	.2709337	.2457204	.002350139
458.15	0	.481216	.2704345	.2454318	.002917705
457.15	0	.4814352	.2699368	.245144	.003484092
456.15	0	.4816535	.2694405	.2448567	.004049312
455.15	0	.4818708	.2689457	.2445702	.004613376
454.15	0	.4820872	.2684523	.2442842	.005176292
453.15	0	.4823027	.2679603	.243999	.005738071
452.15	0	.4825172	.2674697	.2437143	.006298723
451.15	0	.4827309	.2669805	.2434303	.006858258
450.15	0	.4829437	.2664927	.2431469	.007416685
449.15	0	.4831556	.2660062	.2428642	.007974026
448.15	0	.4833667	.2655209	.2425821	.008530282
447.15	0	.483577	.265037	.2423006	.009085461
446.15	0	.4837864	.2645544	.2420197	.009639575
445.15	0	.483995	.264073	.2417394	.01019263
444.15	0	.4842028	.2635928	.2414597	.01074464
443.15	0	.4844098	.2631139	.2411806	.01129562
442.15	0	.4846161	.2626362	.2409022	.01184557
441.15	0	.4848216	.2621596	.2406243	.01239451
440.15	0	.4850264	.2616842	.240347	.01294244
