T	 BPW(LIQUID)	BPW(BCC_A2)	BPW(FCC_A1)	BPW(LAVES_PHASE_C14)	BPW(NI3TI)
1473.15	.1934678	.7117372	0	.09479496	0
1472.15	.1878916	.7153599	0	.09674852	0
1471.15	.1824204	.7189088	0	.09867078	0
1470.15	.1770514	.722386	0	.1005626	0
1469.15	.1717818	.7257933	0	.1024249	0
1468.15	.1666088	.7291327	0	.1042585	0
1467.15	.1615299	.732406	0	.1060641	0
1466.15	.1565427	.7356148	0	.1078425	0
1465.15	.1516446	.738761	0	.1095945	0
1464.15	.1468333	.7418459	0	.1113207	0
1463.15	.1421067	.7448714	0	.1130219	0
1462.15	.1374624	.7478388	0	.1146988	0
1461.15	.1328985	.7507496	0	.1163519	0
1460.15	.1284128	.7536053	0	.1179819	0
1459.15	.1240034	.7564072	0	.1195894	0
1458.15	.1196683	.7591567	0	.121175	0
1457.15	.1154057	.7618551	0	.1227392	0
1456.15	.1112139	.7645035	0	.1242826	0
1455.15	.1070911	.7671032	0	.1258057	0
1454.15	.1030356	.7696555	0	.127309	0
1453.15	.0990457	.7721613	0	.128793	0
1452.15	.09511995	.7746218	0	.1302582	0
1451.15	.09125677	.7770381	0	.1317051	0
1450.15	.08745467	.7794113	0	.1331341	0
1449.15	.08371222	.7817422	0	.1345456	0
1448.15	.08002802	.784032	0	.13594	0
1447.15	.07640072	.7862815	0	.1373178	0
1446.15	.07282901	.7884916	0	.1386794	0
1445.15	.0693116	.7906633	0	.1400251	0
1444.15	.06584726	.7927974	0	.1413553	0
1443.15	.06243479	.7948948	0	.1426704	0
1442.15	.05907302	.7969563	0	.1439707	0
1441.15	.05576081	.7989826	0	.1452566	0
1440.15	.05249708	.8009745	0	.1465284	0
1439.15	.04928073	.8029329	0	.1477864	0
1438.15	.04611074	.8048583	0	.1490309	0
1437.15	.0429861	.8067516	0	.1502623	0
1436.15	.03990581	.8086134	0	.1514807	0
1435.15	.03686893	.8104444	0	.1526866	0
1434.15	.03387451	.8122453	0	.1538802	0
1433.15	.03092167	.8140166	0	.1550617	0
1432.15	.02800952	.815759	0	.1562315	0
1431.15	.02513719	.8174731	0	.1573897	0
1430.15	.02230387	.8191595	0	.1585366	0
1429.15	.01950873	.8208188	0	.1596725	0
1428.15	.01675099	.8224514	0	.1607976	0
1427.15	.01402988	.824058	0	.1619121	0
1426.15	.01134464	.8256391	0	.1630163	0
1425.15	.008694553	.8271952	0	.1641103	0
1424.15	.006078903	.8287268	0	.1651944	0
1423.15	.003496999	.8302343	0	.1662687	0
1422.15	9.481644E-04	.8317183	0	.1673335	0
1421.775	0	.8322693	0	.1677308	0
1421.775	0	.8322693	0	.1677308	0
1421.15	0	.831885	0	.168115	0
1420.15	0	.8312712	0	.1687288	0
1419.15	0	.8306589	0	.1693411	0
1418.15	0	.8300481	0	.1699519	0
1417.15	0	.8294388	0	.1705612	0
1416.15	0	.828831	0	.171169	0
1415.15	0	.8282247	0	.1717753	0
1414.15	0	.8276198	0	.1723802	0
1413.15	0	.8270165	0	.1729835	0
1412.15	0	.8264146	0	.1735854	0
1411.15	0	.8258142	0	.1741858	0
1410.15	0	.8252152	0	.1747848	0
1409.15	0	.8246177	0	.1753823	0
1408.15	0	.8240217	0	.1759783	0
1407.15	0	.8234271	0	.1765729	0
1406.15	0	.8228339	0	.1771661	0
1405.15	0	.8222422	0	.1777578	0
1404.15	0	.8216519	0	.1783481	0
1403.15	0	.8210631	0	.1789369	0
1402.15	0	.8204757	0	.1795243	0
1401.15	0	.8198897	0	.1801104	0
1400.15	0	.8193051	0	.1806949	0
1399.15	0	.8187219	0	.1812781	0
1398.15	0	.8181401	0	.1818599	0
1397.15	0	.8175597	0	.1824403	0
1396.15	0	.8169807	0	.1830193	0
1395.15	0	.8164031	0	.1835969	0
1394.15	0	.8158269	0	.1841731	0
1393.15	0	.8152521	0	.1847479	0
1392.15	0	.8146787	0	.1853213	0
1391.15	0	.8141066	0	.1858934	0
1390.15	0	.8135359	0	.1864641	0
1389.15	0	.8129665	0	.1870335	0
1388.15	0	.8123985	0	.1876015	0
1387.15	0	.8118319	0	.1881681	0
1386.15	0	.8112666	0	.1887334	0
1385.15	0	.8107027	0	.1892973	0
1384.15	0	.8101401	0	.1898599	0
1383.15	0	.8095788	0	.1904212	0
1382.15	0	.8090189	0	.1909811	0
1381.15	0	.8084603	0	.1915397	0
1380.15	0	.807903	0	.192097	0
1379.15	0	.807347	0	.192653	0
1378.15	0	.8067924	0	.1932076	0
1377.15	0	.806239	0	.193761	0
1376.15	0	.805687	0	.194313	0
1375.15	0	.8051363	0	.1948637	0
1374.15	0	.8045868	0	.1954132	0
1373.15	0	.8040387	0	.1959613	0
1372.15	0	.8034918	0	.1965082	0
1371.15	0	.8029462	0	.1970538	0
1370.15	0	.802402	0	.197598	0
1369.15	0	.8018589	0	.1981411	0
1368.15	0	.8013172	0	.1986828	0
1367.15	0	.8007767	0	.1992233	0
1366.15	0	.8002375	0	.1997625	0
1365.15	0	.7996996	0	.2003004	0
1364.15	0	.7991629	0	.2008371	0
1363.15	0	.7986274	0	.2013726	0
1362.15	0	.7980932	0	.2019068	0
1361.15	0	.7975603	0	.2024397	0
1360.15	0	.7970286	0	.2029714	0
1359.15	0	.7964981	0	.2035019	0
1358.15	0	.7959688	0	.2040312	0
1357.15	0	.7954408	0	.2045592	0
1356.15	0	.794914	0	.205086	0
1355.15	0	.7943884	0	.2056116	0
1354.15	0	.7938641	0	.2061359	0
1353.15	0	.7933409	0	.2066591	0
1352.15	0	.792819	0	.207181	0
1351.15	0	.7922983	0	.2077017	0
1350.15	0	.7917787	0	.2082213	0
1349.15	0	.7912604	0	.2087396	0
1348.15	0	.7907433	0	.2092567	0
1347.15	0	.7902273	0	.2097727	0
1346.15	0	.7897125	0	.2102875	0
1345.15	0	.789199	0	.210801	0
1344.15	0	.7886865	0	.2113135	0
1343.15	0	.7881753	0	.2118247	0
1342.15	0	.7876652	0	.2123348	0
1341.15	0	.7871564	0	.2128436	0
1340.15	0	.7866486	0	.2133514	0
1339.15	0	.7861421	0	.213858	0
1338.15	0	.7856366	0	.2143634	0
1337.15	0	.7851324	0	.2148676	0
1336.15	0	.7846293	0	.2153707	0
1335.15	0	.7841273	0	.2158727	0
1334.15	0	.7836265	0	.2163735	0
1333.15	0	.7831268	0	.2168732	0
1332.15	0	.7826282	0	.2173718	0
1331.15	0	.7821308	0	.2178692	0
1330.15	0	.7816345	0	.2183655	0
1329.15	0	.7811394	0	.2188606	0
1328.15	0	.7806453	0	.2193547	0
1327.15	0	.7801524	0	.2198476	0
1326.15	0	.7796606	0	.2203394	0
1325.15	0	.7791699	0	.2208301	0
1324.15	0	.7786803	0	.2213197	0
1323.15	0	.7781918	0	.2218082	0
1322.15	0	.7777044	0	.2222956	0
1321.15	0	.7772181	0	.2227819	0
1320.15	0	.7767329	0	.2232671	0
1319.15	0	.7762488	0	.2237512	0
1318.15	0	.7757658	0	.2242342	0
1317.15	0	.7752839	0	.2247161	0
1316.15	0	.7748031	0	.225197	0
1315.15	0	.7743233	0	.2256767	0
1314.15	0	.7738446	0	.2261554	0
1313.15	0	.773367	0	.226633	0
1312.15	0	.7728904	0	.2271096	0
1311.15	0	.7724149	0	.2275851	0
1310.15	0	.7719405	0	.2280595	0
1309.15	0	.7714671	0	.2285329	0
1308.15	0	.7709948	0	.2290052	0
1307.15	0	.7705236	0	.2294764	0
1306.15	0	.7700533	0	.2299467	0
1305.15	0	.7695842	0	.2304158	0
1304.15	0	.7691161	0	.230884	0
1303.15	0	.768649	0	.231351	0
1302.15	0	.7681829	0	.2318171	0
1301.15	0	.7677179	0	.2322821	0
1300.15	0	.767254	0	.2327461	0
1299.15	0	.766791	0	.233209	0
1298.15	0	.7663291	0	.2336709	0
1297.15	0	.7658682	0	.2341318	0
1296.15	0	.7654083	0	.2345917	0
1295.15	0	.7649494	0	.2350506	0
1294.15	0	.7644916	0	.2355084	0
1293.15	0	.7640347	0	.2359653	0
1292.15	0	.7635789	0	.2364211	0
1291.15	0	.7631241	0	.2368759	0
1290.15	0	.7626702	0	.2373298	0
1289.15	0	.7622174	0	.2377826	0
1288.15	0	.7617656	0	.2382344	0
1287.15	0	.7613147	0	.2386853	0
1286.15	0	.7608649	0	.2391351	0
1285.15	0	.760416	0	.239584	0
1284.15	0	.7599682	0	.2400319	0
1283.15	0	.7595213	0	.2404787	0
1282.15	0	.7590753	0	.2409247	0
1281.15	0	.7586304	0	.2413696	0
1280.15	0	.7581864	0	.2418136	0
1279.15	0	.7577434	0	.2422566	0
1278.15	0	.7573014	0	.2426986	0
1277.15	0	.7568603	0	.2431397	0
1276.15	0	.7564202	0	.2435798	0
1275.15	0	.7559811	0	.2440189	0
1274.15	0	.7555429	0	.2444571	0
1273.15	0	.7551057	0	.2448943	0
1272.15	0	.7546694	0	.2453306	0
1271.15	0	.7542341	0	.2457659	0
1270.15	0	.7537997	0	.2462003	0
1269.15	0	.7533663	0	.2466337	0
1268.15	0	.7529338	0	.2470663	0
1267.15	0	.7525022	0	.2474978	0
1266.15	0	.7520716	0	.2479284	0
1265.15	0	.7516419	0	.2483581	0
1264.15	0	.7512131	0	.2487869	0
1263.15	0	.7507853	0	.2492147	0
1262.15	0	.7503584	0	.2496416	0
1261.15	0	.7499324	0	.2500676	0
1260.15	0	.7495074	0	.2504926	0
1259.15	0	.7490832	0	.2509168	0
1258.15	0	.74866	0	.25134	0
1257.15	0	.7482377	0	.2517623	0
1256.15	0	.7478163	0	.2521837	0
1255.15	0	.7473958	0	.2526042	0
1254.15	0	.7469762	0	.2530238	0
1253.15	0	.7465575	0	.2534425	0
1252.15	0	.7461397	0	.2538603	0
1251.15	0	.7457228	0	.2542772	0
1250.15	0	.7453068	0	.2546932	0
1249.15	0	.7448917	0	.2551083	0
1248.15	0	.7444775	0	.2555225	0
1247.15	0	.7440642	0	.2559358	0
1246.15	0	.7436518	0	.2563482	0
1245.15	0	.7432402	0	.2567598	0
1244.15	0	.7428296	0	.2571704	0
1243.15	0	.7424198	0	.2575802	0
1242.15	0	.7420108	0	.2579892	0
1241.15	0	.7416028	0	.2583972	0
1240.15	0	.7411956	0	.2588044	0
1239.15	0	.7407894	0	.2592106	0
1238.15	0	.7403839	0	.2596161	0
1237.15	0	.7399794	0	.2600206	0
1236.15	0	.7395757	0	.2604243	0
1235.15	0	.7391728	0	.2608272	0
1234.15	0	.7387709	0	.2612292	0
1233.15	0	.7383697	0	.2616303	0
1232.15	0	.7379695	0	.2620305	0
1231.15	0	.73757	0	.26243	0
1230.15	0	.7371715	0	.2628285	0
1229.15	0	.7367738	0	.2632262	0
1228.15	0	.7363769	0	.2636231	0
1227.15	0	.7359809	0	.2640192	0
1226.15	0	.7355857	0	.2644143	0
1225.15	0	.7351913	0	.2648087	0
1224.15	0	.7347978	0	.2652022	0
1223.15	0	.7344051	0	.2655949	0
1222.15	0	.7340133	0	.2659867	0
1221.15	0	.7336223	0	.2663778	0
1220.15	0	.7332321	0	.2667679	0
1219.15	0	.7328427	0	.2671573	0
1218.15	0	.7324542	0	.2675459	0
1217.15	0	.7320664	0	.2679336	0
1216.15	0	.7316795	0	.2683205	0
1215.15	0	.7312935	0	.2687066	0
1214.15	0	.7309082	0	.2690918	0
1213.15	0	.7305237	0	.2694763	0
1212.15	0	.7301401	0	.2698599	0
1211.15	0	.7297573	0	.2702427	0
1210.15	0	.7293752	0	.2706248	0
1209.15	0	.728994	0	.271006	0
1208.15	0	.7286136	0	.2713864	0
1207.15	0	.728234	0	.271766	0
1206.15	0	.7278552	0	.2721448	0
1205.15	0	.7274771	0	.2725229	0
1204.15	0	.7270999	0	.2729001	0
1203.15	0	.7267235	0	.2732765	0
1202.15	0	.7263479	0	.2736522	0
1201.15	0	.725973	0	.274027	0
1200.15	0	.7255989	0	.2744011	0
1199.15	0	.7252257	0	.2747743	0
1198.15	0	.7248532	0	.2751468	0
1197.15	0	.7244815	0	.2755185	0
1196.15	0	.7241105	0	.2758895	0
1195.15	0	.7237404	0	.2762596	0
1194.15	0	.723371	0	.276629	0
1193.15	0	.7230024	0	.2769976	0
1192.15	0	.7226346	0	.2773654	0
1191.15	0	.7222675	0	.2777325	0
1190.15	0	.7219012	0	.2780988	0
1189.15	0	.7215357	0	.2784643	0
1188.15	0	.7211709	0	.2788291	0
1187.15	0	.7208069	0	.2791931	0
1186.15	0	.7204437	0	.2795563	0
1185.15	0	.7200812	0	.2799188	0
1184.15	0	.7197195	0	.2802805	0
1183.15	0	.7193586	0	.2806415	0
1182.15	0	.7189983	0	.2810017	0
1181.15	0	.7186389	0	.2813611	0
1180.15	0	.7182802	0	.2817198	0
1179.15	0	.7179222	0	.2820778	0
1178.15	0	.717565	0	.282435	0
1177.15	0	.7172086	0	.2827914	0
1176.15	0	.7168528	0	.2831472	0
1175.15	0	.7164979	0	.2835022	0
1174.15	0	.7161436	0	.2838564	0
1173.15	0	.7157901	0	.2842099	0
1172.15	0	.7154374	0	.2845626	0
1171.15	0	.7150853	0	.2849147	0
1170.15	0	.714734	0	.285266	0
1169.15	0	.7143835	0	.2856165	0
1168.15	0	.7140336	0	.2859664	0
1167.15	0	.7136845	0	.2863155	0
1166.15	0	.7133361	0	.2866639	0
1165.15	0	.7129885	0	.2870115	0
1164.15	0	.7126416	0	.2873584	0
1163.15	0	.7122953	0	.2877047	0
1162.15	0	.7119499	0	.2880501	0
1161.15	0	.7116051	0	.2883949	0
1160.15	0	.711261	0	.288739	0
1159.15	0	.7109177	0	.2890823	0
1158.15	0	.7105751	0	.2894249	0
1157.15	0	.7102332	0	.2897669	0
1156.15	0	.709892	0	.2901081	0
1155.15	0	.7095515	0	.2904485	0
1154.15	0	.7092117	0	.2907884	0
1153.15	0	.7088726	0	.2911274	0
1152.15	0	.7085342	0	.2914658	0
1151.15	0	.7081965	0	.2918035	0
1150.15	0	.7078595	0	.2921405	0
1149.15	0	.7075233	0	.2924767	0
1148.15	0	.7071877	0	.2928123	0
1147.15	0	.7068528	0	.2931472	0
1146.15	0	.7065186	0	.2934814	0
1145.15	0	.7061851	0	.2938149	0
1144.15	0	.7058523	0	.2941477	0
1143.15	0	.7055202	0	.2944798	0
1142.15	0	.7051888	0	.2948112	0
1141.15	0	.7048581	0	.2951419	0
1140.15	0	.704528	0	.295472	0
1139.15	0	.7041986	0	.2958014	0
1138.15	0	.70387	0	.29613	0
1137.15	0	.703542	0	.296458	0
1136.15	0	.7032146	0	.2967854	0
1135.15	0	.702888	0	.297112	0
1134.15	0	.702562	0	.297438	0
1133.15	0	.7022367	0	.2977633	0
1132.15	0	.7019121	0	.2980879	0
1131.15	0	.7015882	0	.2984118	0
1130.15	0	.7012649	0	.2987351	0
1129.15	0	.7009423	0	.2990577	0
1128.15	0	.7006204	0	.2993796	0
1127.15	0	.7002991	0	.2997009	0
1126.15	0	.6999785	0	.3000215	0
1125.15	0	.6996586	0	.3003414	0
1124.15	0	.6993393	0	.3006607	0
1123.15	0	.6990207	0	.3009793	0
1122.15	0	.6987027	0	.3012973	0
1121.15	0	.6983854	0	.3016146	0
1120.15	0	.6980688	0	.3019312	0
1119.15	0	.6977528	0	.3022472	0
1118.15	0	.6974375	0	.3025625	0
1117.15	0	.6971228	0	.3028772	0
1116.15	0	.6968088	0	.3031912	0
1115.15	0	.6964954	0	.3035046	0
1114.15	0	.6961827	0	.3038173	0
1113.15	0	.6958706	0	.3041294	0
1112.15	0	.6955592	0	.3044408	0
1111.15	0	.6952484	0	.3047516	0
1110.15	0	.6949383	0	.3050617	0
1109.15	0	.6946288	0	.3053712	0
1108.15	0	.69432	0	.30568	0
1107.15	0	.6940118	0	.3059883	0
1106.15	0	.6937042	0	.3062958	0
1105.15	0	.6933972	0	.3066028	0
1104.15	0	.693091	0	.3069091	0
1103.15	0	.6927853	0	.3072147	0
1102.15	0	.6924803	0	.3075197	0
1101.15	0	.6921759	0	.3078241	0
1100.15	0	.6918721	0	.3081279	0
1099.15	0	.691569	0	.308431	0
1098.15	0	.6912665	0	.3087335	0
1097.15	0	.6909646	0	.3090354	0
1096.15	0	.6906633	0	.3093367	0
1095.15	0	.6903627	0	.3096373	0
1094.15	0	.6900627	0	.3099373	0
1093.15	0	.6897633	0	.3102367	0
1092.15	0	.6894646	0	.3105354	0
1091.15	0	.6891665	0	.3108335	0
1090.15	0	.688869	0	.3111311	0
1089.15	0	.688572	0	.311428	0
1088.15	0	.6882758	0	.3117242	0
1087.15	0	.6879801	0	.3120199	0
1086.15	0	.6876851	0	.3123149	0
1085.15	0	.6873906	0	.3126094	0
1084.15	0	.6870968	0	.3129032	0
1083.15	0	.6868036	0	.3131964	0
1082.15	0	.686511	0	.313489	0
1081.15	0	.686219	0	.313781	0
1080.15	0	.6859276	0	.3140724	0
1079.15	0	.6856369	0	.3143631	0
1078.15	0	.6853467	0	.3146533	0
1077.15	0	.6850571	0	.3149429	0
1076.15	0	.6847682	0	.3152318	0
1075.15	0	.6844798	0	.3155202	0
1074.15	0	.6841921	0	.3158079	0
1073.15	0	.6839049	0	.3160951	0
1072.15	0	.6836184	0	.3163816	0
1071.15	0	.6833324	0	.3166676	0
1070.15	0	.6830471	0	.3169529	0
1069.314	0	.6828089	0	.3171912	0
1069.314	0	.6828089	0	.3171912	0
1069.314	0	.6828089	0	.3171912	0
1069.15	0	.6826602	1.086181E-04	.3172312	0
1068.15	0	.6817534	7.712846E-04	.3174754	0
1067.15	0	.6808491	.00143201	.3177189	0
1066.15	0	.6799475	.002090794	.3179618	0
1065.15	0	.6790484	.002747638	.318204	0
1064.15	0	.6781519	.003402541	.3184455	0
1063.15	0	.6772581	.004055503	.3186864	0
1062.15	0	.6763668	.004706524	.3189267	0
1061.15	0	.6754781	.005355605	.3191663	0
1060.15	0	.6745921	.006002745	.3194052	0
1059.15	0	.6737086	.006647945	.3196435	0
1058.15	0	.6728277	.007291205	.3198811	0
1057.15	0	.6719494	.007932524	.3201181	0
1056.15	0	.6710737	.008571903	.3203544	0
1055.15	0	.6702006	.009209342	.3205901	0
1054.15	0	.66933	.009844841	.3208251	0
1053.15	0	.6684621	.0104784	.3210595	0
1052.15	0	.6675967	.01111002	.3212933	0
1051.15	0	.666734	.0117397	.3215264	0
1050.15	0	.6658738	.01236744	.3217588	0
1049.15	0	.6650162	.01299324	.3219906	0
1048.15	0	.6641611	.01361709	.3222218	0
1047.15	0	.6633087	.01423901	.3224523	0
1046.15	0	.6624589	.01485899	.3226821	0
1045.15	0	.6616116	.01547703	.3229114	0
1044.15	0	.6607669	.01609314	.3231399	0
1043.15	0	.6599248	.0167073	.3233679	0
1042.15	0	.6590853	.01731952	.3235952	0
1041.15	0	.6582484	.0179298	.3238218	0
1040.15	0	.657414	.01853815	.3240478	0
1039.15	0	.6565822	.01914455	.3242732	0
1038.15	0	.655753	.01974902	.324498	0
1037.15	0	.6549264	.02035155	.3247221	0
1036.15	0	.6541024	.02095214	.3249455	0
1035.15	0	.6532809	.02155079	.3251683	0
1034.15	0	.652462	.0221475	.3253905	0
1033.15	0	.6516457	.02274228	.325612	0
1032.15	0	.650832	.02333512	.3258329	0
1031.15	0	.6500208	.02392602	.3260532	0
1030.15	0	.6492122	.02451498	.3262728	0
1029.15	0	.6484062	.02510201	.3264918	0
1028.15	0	.6476028	.0256871	.3267102	0
1027.15	0	.6468019	.02627026	.3269279	0
1026.15	0	.6460036	.02685148	.3271449	0
1025.15	0	.6452079	.02743076	.3273614	0
1024.15	0	.6444147	.02800811	.3275772	0
1023.15	0	.6436242	.02858353	.3277923	0
1022.15	0	.6428362	.029157	.3280068	0
1021.15	0	.6420507	.02972855	.3282207	0
1020.15	0	.6412679	.03029817	.328434	0
1019.15	0	.6404876	.03086585	.3286466	0
1018.15	0	.6397098	.0314316	.3288586	0
1017.15	0	.6389347	.03199542	.3290699	0
1016.15	0	.6381621	.03255731	.3292806	0
1015.15	0	.6373921	.03311727	.3294907	0
1014.15	0	.6366246	.0336753	.3297001	0
1013.15	0	.6358598	.0342314	.3299089	0
1012.15	0	.6350974	.03478558	.330117	0
1011.15	0	.6343377	.03533783	.3303245	0
1010.15	0	.6335805	.03588815	.3305314	0
1009.15	0	.6328259	.03643655	.3307376	0
1008.15	0	.6320738	.03698303	.3309432	0
1007.15	0	.6313243	.03752758	.3311481	0
1006.15	0	.6305774	.03807021	.3313524	0
1005.15	0	.629833	.03861092	.3315561	0
1004.15	0	.6290912	.03914972	.3317591	0
1003.15	0	.628352	.0396866	.3319614	0
1002.15	0	.6276153	.04022156	.3321632	0
1001.15	0	.6268811	.04075461	.3323642	0
1000.15	0	.6261496	.04128574	.3325647	0
999.15	0	.6254206	.04181497	.3327645	0
998.15	0	.6246941	.04234228	.3329636	0
997.15	0	.6239702	.04286769	.3331621	0
996.15	0	.6232488	.0433912	.33336	0
995.15	0	.6225301	.04391279	.3335572	0
994.15	0	.6218138	.04443249	.3337537	0
993.15	0	.6211001	.04495029	.3339496	0
992.15	0	.620389	.04546619	.3341448	0
991.15	0	.6196804	.04598019	.3343394	0
990.15	0	.6189743	.04649231	.3345334	0
989.15	0	.6182708	.04700253	.3347267	0
988.15	0	.6175698	.04751086	.3349193	0
987.15	0	.6168714	.04801732	.3351113	0
986.15	0	.6161755	.04852188	.3353026	0
985.15	0	.6154822	.04902457	.3354932	0
984.15	0	.6147914	.04952539	.3356832	0
983.15	0	.6141031	.05002433	.3358725	0
982.15	0	.6134174	.0505214	.3360612	0
981.15	0	.6127342	.05101661	.3362492	0
980.15	0	.6120535	.05150995	.3364365	0
979.15	0	.6113754	.05200143	.3366232	0
978.15	0	.6106998	.05249106	.3368092	0
977.15	0	.6100267	.05297884	.3369945	0
976.15	0	.6093561	.05346477	.3371792	0
975.15	0	.608688	.05394886	.3373631	0
974.15	0	.6080225	.05443111	.3375464	0
973.15	0	.6073594	.05491153	.3377291	0
972.15	0	.6066989	.05539011	.337911	0
971.15	0	.6060409	.05586688	.3380922	0
970.15	0	.6053854	.05634182	.3382728	0
969.15	0	.6047324	.05681495	.3384527	0
968.15	0	.6040818	.05728627	.3386319	0
967.15	0	.6034338	.05775579	.3388104	0
966.15	0	.6027883	.05822352	.3389882	0
965.15	0	.6021452	.05868945	.3391653	0
964.15	0	.6015046	.0591536	.3393418	0
963.15	0	.6008665	.05961597	.3395175	0
962.15	0	.6002309	.06007656	.3396925	0
961.15	0	.5995978	.0605354	.3398668	0
960.15	0	.5989671	.06099247	.3400404	0
959.15	0	.5983389	.0614478	.3402134	0
958.15	0	.5977131	.06190138	.3403855	0
957.15	0	.5970898	.06235323	.340557	0
956.15	0	.5964689	.06280335	.3407278	0
955.15	0	.5958504	.06325175	.3408978	0
954.15	0	.5952344	.06369844	.3410671	0
953.15	0	.5946208	.06414344	.3412357	0
952.15	0	.5940097	.06458673	.3414036	0
951.15	0	.5934009	.06502835	.3415707	0
950.15	0	.5927946	.0654683	.3417371	0
949.15	0	.5921907	.06590658	.3419028	0
948.15	0	.5915891	.06634321	.3420677	0
947.15	0	.59099	.06677819	.3422318	0
946.15	0	.5903932	.06721155	.3423953	0
945.15	0	.5897988	.06764329	.3425579	0
944.15	0	.5892067	.06807342	.3427198	0
943.15	0	.5886171	.06850195	.342881	0
942.15	0	.5880297	.0689289	.3430414	0
941.15	0	.5874447	.06935429	.343201	0
940.15	0	.586862	.06977811	.3433599	0
939.15	0	.5862817	.07020039	.3435179	0
938.15	0	.5857036	.07062114	.3436752	0
937.15	0	.5851279	.07104037	.3438317	0
936.15	0	.5845544	.0714581	.3439875	0
935.15	0	.5839833	.07187435	.3441424	0
934.15	0	.5834143	.07228913	.3442965	0
933.15	0	.5828477	.07270245	.3444499	0
932.15	0	.5822833	.07311434	.3446024	0
931.15	0	.5817211	.0735248	.3447541	0
930.15	0	.5811611	.07393386	.344905	0
929.15	0	.5806033	.07434154	.3450551	0
928.15	0	.5800478	.07474786	.3452044	0
927.15	0	.5794944	.07515282	.3453528	0
926.15	0	.5789432	.07555646	.3455004	0
925.15	0	.5783941	.07595879	.3456471	0
924.15	0	.5778471	.07635984	.345793	0
923.15	0	.5773023	.07675962	.3459381	0
922.15	0	.5767596	.07715815	.3460823	0
921.15	0	.5762189	.07755547	.3462256	0
920.15	0	.5756804	.07795159	.3463681	0
919.15	0	.5751438	.07834654	.3465096	0
918.15	0	.5746093	.07874034	.3466503	0
917.15	0	.5740768	.07913301	.3467902	0
916.15	0	.5735463	.07952459	.3469291	0
915.15	0	.5730178	.0799151	.3470671	0
914.15	0	.5724913	.08030456	.3472042	0
913.15	0	.5719666	.08069301	.3473404	0
912.15	0	.5714439	.08108047	.3474756	0
911.15	0	.5709231	.08146698	.34761	0
910.15	0	.5704041	.08185257	.3477434	0
909.15	0	.5698869	.08223725	.3478758	0
908.15	0	.5693716	.08262108	.3480073	0
907.15	0	.5688581	.08300408	.3481378	0
906.15	0	.5683463	.08338628	.3482674	0
905.15	0	.5678363	.08376773	.348396	0
904.15	0	.567328	.08414845	.3485236	0
903.15	0	.5668213	.08452849	.3486502	0
902.15	0	.5663163	.08490788	.3487758	0
901.15	0	.5658129	.08528666	.3489004	0
900.15	0	.5653111	.08566488	.349024	0
899.15	0	.5648109	.08604256	.3491465	0
898.15	0	.5643122	.08641976	.349268	0
897.15	0	.563815	.08679653	.3493885	0
896.15	0	.5633193	.0871729	.3495078	0
895.15	0	.5628249	.08754892	.3496261	0
894.15	0	.562332	.08792464	.3497434	0
893.15	0	.5618404	.0883001	.3498595	0
892.15	0	.5613501	.08867537	.3499745	0
891.15	0	.5608611	.08905049	.3500884	0
890.15	0	.5603732	.08942551	.3502012	0
889.15	0	.5598866	.08980049	.3503129	0
888.15	0	.5594011	.09017548	.3504234	0
887.15	0	.5589168	.09055055	.3505327	0
886.15	0	.5584334	.09092575	.3506409	0
885.15	0	.557951	.09130114	.3507478	0
884.15	0	.5574696	.0916768	.3508536	0
883.15	0	.5569891	.09205277	.3509581	0
882.15	0	.5565094	.09242914	.3510614	0
881.15	0	.5560306	.09280597	.3511635	0
880.15	0	.5555524	.09318333	.3512643	0
879.15	0	.555075	.09356129	.3513637	0
878.15	0	.5545981	.09393993	.351462	0
877.15	0	.5541218	.09431934	.3515589	0
876.15	0	.553646	.09469958	.3516544	0
875.15	0	.5531706	.09508074	.3517487	0
874.15	0	.5526956	.09546292	.3518415	0
873.15	0	.5522208	.09584619	.351933	0
872.15	0	.5517463	.09623065	.3520231	0
871.15	0	.5512719	.0966164	.3521117	0
870.15	0	.5507976	.09700353	.3521989	0
869.15	0	.5503232	.09739214	.3522846	0
868.15	0	.5498488	.09778234	.3523689	0
867.15	0	.5493742	.09817424	.3524516	0
866.15	0	.5488993	.09856794	.3525328	0
865.15	0	.548424	.09896358	.3526125	0
864.15	0	.5479483	.09936125	.3526905	0
863.15	0	.547472	.0997611	.352767	0
862.15	0	.546995	.1001632	.3528418	0
861.15	0	.5465173	.1005678	.3529149	0
860.15	0	.5460387	.100975	.3529864	0
859.15	0	.5455591	.1013848	.3530561	0
858.15	0	.5450784	.1017976	.353124	0
857.15	0	.5445964	.1022134	.3531902	0
856.15	0	.5441131	.1026323	.3532546	0
855.15	0	.5436283	.1030547	.3533171	0
854.15	0	.5431418	.1034805	.3533776	0
853.15	0	.5426536	.1039101	.3534363	0
852.15	0	.5421634	.1043437	.353493	0
851.15	0	.5416711	.1047813	.3535476	0
850.15	0	.5411765	.1052233	.3536002	0
849.15	0	.5406795	.1056698	.3536507	0
848.15	0	.5401799	.1061211	.353699	0
847.15	0	.5396774	.1065775	.3537451	0
846.15	0	.5391719	.1070392	.3537889	0
845.15	0	.5386631	.1075064	.3538304	0
844.15	0	.5381509	.1079795	.3538696	0
843.15	0	.537635	.1084588	.3539062	0
842.15	0	.5371151	.1089445	.3539404	0
841.15	0	.536591	.109437	.3539719	0
840.15	0	.5360624	.1099368	.3540008	0
839.15	0	.535529	.110444	.354027	0
838.15	0	.5349905	.1109592	.3540503	0
837.15	0	.5344465	.1114828	.3540707	0
836.15	0	.5338967	.1120153	.3540881	0
835.15	0	.5333406	.112557	.3541023	0
834.15	0	.532778	.1131087	.3541133	0
833.15	0	.5322083	.1136707	.354121	0
832.15	0	.5316311	.1142438	.3541252	0
831.15	0	.5310458	.1148285	.3541257	0
830.15	0	.530452	.1154256	.3541225	0
829.15	0	.5298489	.1160357	.3541154	0
828.15	0	.529236	.1166599	.3541041	0
827.15	0	.5286125	.1172989	.3540885	0
826.15	0	.5279778	.1179537	.3540685	0
825.15	0	.5273309	.1186254	.3540437	0
824.15	0	.5261961	.1198776	.3539262	0
823.15	0	.5251138	.1210727	.3538135	0
822.15	0	.5240818	.1222126	.3537056	0
821.15	0	.5230968	.1233012	.353602	0
820.15	0	.5221554	.1243421	.3535025	0
819.15	0	.5212548	.1253384	.3534069	0
818.15	0	.5203922	.1262931	.3533147	0
817.15	0	.5195653	.1272088	.3532259	0
816.15	0	.5187718	.128088	.3531401	0
815.15	0	.5180098	.1289329	.3530573	0
814.15	0	.5172773	.1297456	.3529771	0
813.15	0	.5165726	.1305279	.3528995	0
812.15	0	.5158942	.1312815	.3528243	0
811.15	0	.5152406	.1320082	.3527513	0
810.15	0	.5146104	.1327092	.3526804	0
809.15	0	.5140024	.1333862	.3526115	0
808.15	0	.5134153	.1340402	.3525444	0
807.15	0	.5128482	.1346726	.3524792	0
806.15	0	.5123	.1352844	.3524155	0
805.15	0	.5117698	.1358767	.3523535	0
804.15	0	.5112566	.1364504	.3522929	0
803.15	0	.5107597	.1370065	.3522338	0
802.15	0	.5102783	.1375458	.352176	0
801.15	0	.5098116	.138069	.3521194	0
800.15	0	.5093589	.1385771	.352064	0
799.15	0	.5089197	.1390705	.3520098	0
798.15	0	.5084933	.1395501	.3519566	0
797.15	0	.5080791	.1400164	.3519045	0
796.15	0	.5076767	.14047	.3518533	0
795.15	0	.5072854	.1409115	.3518031	0
794.15	0	.5069048	.1413414	.3517537	0
793.15	0	.5065346	.1417602	.3517052	0
792.15	0	.5061741	.1421684	.3516575	0
791.15	0	.5058231	.1425664	.3516105	0
790.15	0	.5054811	.1429547	.3515642	0
789.15	0	.5051478	.1433336	.3515187	0
788.15	0	.5048228	.1437035	.3514737	0
787.15	0	.5045059	.1440647	.3514294	0
786.15	0	.5041966	.1444177	.3513857	0
785.15	0	.5038947	.1447627	.3513426	0
784.15	0	.5035999	.1451001	.3513	0
783.15	0	.5033119	.1454302	.3512579	0
782.15	0	.5030305	.1457531	.3512163	0
781.15	0	.5027555	.1460693	.3511752	0
780.15	0	.5024865	.1463789	.3511346	0
779.15	0	.5022235	.1466822	.3510943	0
778.15	0	.5019661	.1469794	.3510545	0
777.15	0	.5017141	.1472708	.3510151	0
776.15	0	.5014674	.1475565	.350976	0
775.15	0	.5012258	.1478368	.3509373	0
774.15	0	.5009891	.1481119	.350899	0
773.15	0	.5007572	.1483819	.350861	0
772.15	0	.5005298	.148647	.3508232	0
771.15	0	.5003068	.1489074	.3507858	0
770.15	0	.5000881	.1491632	.3507487	0
769.15	0	.4998735	.1494147	.3507118	0
768.15	0	.4996629	.1496619	.3506753	0
767.15	0	.4994561	.149905	.3506389	0
766.15	0	.4992546	.1501429	.3506025	0
765.15	0	.4990551	.1503783	.3505666	0
764.15	0	.4988591	.1506099	.350531	0
763.15	0	.4986664	.150838	.3504956	0
762.15	0	.498477	.1510626	.3504604	0
761.15	0	.4982908	.1512838	.3504253	0
760.15	0	.4981077	.1515018	.3503905	0
759.15	0	.4979276	.1517166	.3503558	0
758.15	0	.4977503	.1519284	.3503213	0
757.15	0	.4975759	.1521372	.3502869	0
756.15	0	.4974041	.1523431	.3502527	0
755.15	0	.497235	.1525463	.3502187	0
754.15	0	.4970685	.1527467	.3501848	0
753.15	0	.4969044	.1529446	.350151	0
752.15	0	.4967428	.1531399	.3501173	0
751.15	0	.4965835	.1533327	.3500838	0
750.15	0	.4964265	.1535232	.3500504	0
749.15	0	.4962716	.1537113	.3500171	0
748.15	0	.4961189	.1538972	.3499839	0
747.15	0	.4959683	.1540809	.3499508	0
746.15	0	.4958198	.1542625	.3499177	0
745.15	0	.4956731	.154442	.3498848	0
744.15	0	.4955284	.1546196	.349852	0
743.15	0	.4953856	.1547952	.3498192	0
742.15	0	.4952445	.1549689	.3497866	0
741.15	0	.4951053	.1551408	.349754	0
740.15	0	.4949677	.1553109	.3497214	0
739.15	0	.4948318	.1554792	.349689	0
738.15	0	.4946975	.1556459	.3496566	0
737.15	0	.4945648	.155811	.3496242	0
736.15	0	.4944337	.1559744	.3495919	0
735.15	0	.494304	.1561363	.3495597	0
734.15	0	.4941758	.1562967	.3495275	0
733.15	0	.494049	.1564555	.3494954	0
732.15	0	.4939236	.156613	.3494633	0
731.15	0	.4937996	.1567691	.3494313	0
730.15	0	.4936769	.1569238	.3493993	0
729.15	0	.4935554	.1570772	.3493673	0
728.15	0	.4934353	.1572293	.3493354	0
727.15	0	.4933163	.1573802	.3493035	0
726.15	0	.4931985	.1575298	.3492717	0
725.15	0	.4930819	.1576782	.3492399	0
724.15	0	.4929665	.1578255	.3492081	0
723.15	0	.4928521	.1579716	.3491763	0
722.15	0	.4927388	.1581166	.3491445	0
721.15	0	.4926266	.1582606	.3491128	0
720.15	0	.4925154	.1584035	.3490811	0
719.15	0	.4924053	.1585453	.3490494	0
718.15	0	.4922961	.1586862	.3490178	0
717.15	0	.4921879	.1588261	.3489861	0
716.15	0	.4920806	.158965	.3489545	0
715.15	0	.4919742	.1591029	.3489228	0
714.15	0	.4918688	.15924	.3488912	0
713.15	0	.4917642	.1593762	.3488596	0
712.15	0	.4916605	.1595115	.348828	0
711.15	0	.4915576	.159646	.3487965	0
710.15	0	.4914555	.1597796	.3487649	0
709.15	0	.4913543	.1599124	.3487333	0
708.15	0	.4912538	.1600444	.3487018	0
707.15	0	.4911542	.1601756	.3486702	0
706.15	0	.4910552	.1603061	.3486387	0
705.15	0	.4909571	.1604358	.3486071	0
704.15	0	.4908596	.1605648	.3485756	0
703.15	0	.4907629	.1606931	.348544	0
702.15	0	.4906668	.1608207	.3485125	0
701.15	0	.4905715	.1609476	.3484809	0
700.15	0	.4904768	.1610738	.3484494	0
699.15	0	.4903828	.1611994	.3484178	0
698.15	0	.4902894	.1613243	.3483863	0
697.15	0	.4901966	.1614486	.3483547	0
696.15	0	.4901045	.1615723	.3483232	0
695.15	0	.490013	.1616954	.3482916	0
694.15	0	.489922	.1618179	.3482601	0
693.15	0	.4898317	.1619398	.3482285	0
692.15	0	.4897419	.1620611	.3481969	0
691.15	0	.4896527	.1621819	.3481654	0
690.15	0	.4895641	.1623022	.3481338	0
689.15	0	.489476	.1624219	.3481022	0
688.15	0	.4893884	.162541	.3480706	0
687.15	0	.4893013	.1626597	.348039	0
686.15	0	.4892148	.1627778	.3480074	0
685.15	0	.4891288	.1628955	.3479758	0
684.15	0	.4890432	.1630127	.3479441	0
683.15	0	.4889582	.1631293	.3479125	0
682.15	0	.4888736	.1632455	.3478809	0
681.15	0	.4887895	.1633613	.3478492	0
680.15	0	.4887059	.1634766	.3478176	0
679.15	0	.4886227	.1635914	.3477859	0
678.15	0	.48854	.1637058	.3477542	0
677.15	0	.4884577	.1638198	.3477225	0
676.15	0	.4883759	.1639333	.3476908	0
675.15	0	.4882944	.1640464	.3476591	0
674.15	0	.4882135	.1641591	.3476274	0
673.15	0	.4881329	.1642714	.3475957	0
672.15	0	.4880527	.1643833	.347564	0
671.15	0	.4879729	.1644948	.3475322	0
670.15	0	.4878936	.164606	.3475005	0
669.15	0	.4878146	.1647167	.3474687	0
668.15	0	.487736	.1648271	.347437	0
667.15	0	.4876577	.1649371	.3474052	0
666.15	0	.4875799	.1650467	.3473734	0
665.15	0	.4875024	.165156	.3473416	0
664.15	0	.4874253	.1652649	.3473098	0
663.15	0	.4873485	.1653735	.347278	0
662.15	0	.4872721	.1654817	.3472462	0
661.15	0	.4871961	.1655896	.3472143	0
660.15	0	.4871203	.1656972	.3471825	0
659.15	0	.487045	.1658044	.3471507	0
658.15	0	.4869699	.1659113	.3471188	0
657.15	0	.4868952	.1660179	.3470869	0
656.15	0	.4868208	.1661242	.3470551	0
655.15	0	.4867467	.1662301	.3470232	0
654.15	0	.4866729	.1663358	.3469913	0
653.15	0	.4865995	.1664411	.3469594	0
652.15	0	.4865264	.1665462	.3469275	0
651.15	0	.4864535	.1666509	.3468956	0
650.15	0	.486381	.1667553	.3468637	0
649.15	0	.4863088	.1668595	.3468317	0
648.15	0	.4862368	.1669634	.3467998	0
647.15	0	.4861652	.167067	.3467679	0
646.15	0	.4860938	.1671703	.3467359	0
645.15	0	.4860227	.1672733	.346704	0
644.15	0	.4859519	.167376	.346672	0
643.15	0	.4858814	.1674785	.3466401	0
642.15	0	.4858111	.1675808	.3466081	0
641.15	0	.4857411	.1676827	.3465762	0
640.15	0	.4856714	.1677844	.3465442	0
639.15	0	.485602	.1678858	.3465122	0
638.15	0	.4855328	.167987	.3464802	0
637.15	0	.4854639	.1680879	.3464482	0
636.15	0	.4853952	.1681885	.3464163	0
635.15	0	.4853268	.1682889	.3463843	0
634.15	0	.4852586	.1683891	.3463523	0
633.15	0	.4851907	.168489	.3463203	0
632.15	0	.485123	.1685887	.3462883	0
631.15	0	.4850556	.1686881	.3462563	0
630.15	0	.4849884	.1687873	.3462243	0
629.15	0	.4849215	.1688863	.3461923	0
628.15	0	.4848548	.168985	.3461603	0
627.15	0	.4847883	.1690834	.3461283	0
626.15	0	.4847221	.1691817	.3460963	0
625.15	0	.4846561	.1692797	.3460643	0
624.15	0	.4845903	.1693775	.3460323	0
623.15	0	.4845247	.169475	.3460003	0
622.15	0	.4844594	.1695724	.3459683	0
621.15	0	.4843943	.1696695	.3459363	0
620.15	0	.4843294	.1697664	.3459043	0
619.15	0	.4842647	.169863	.3458723	0
618.15	0	.4842003	.1699595	.3458403	0
617.15	0	.484136	.1700557	.3458083	0
616.15	0	.484072	.1701517	.3457763	0
615.15	0	.4840082	.1702475	.3457443	0
614.15	0	.4839446	.1703431	.3457124	0
613.15	0	.4838812	.1704384	.3456804	0
612.15	0	.483818	.1705336	.3456484	0
611.15	0	.483755	.1706285	.3456165	0
610.15	0	.4836923	.1707232	.3455845	0
609.15	0	.4836297	.1708178	.3455526	0
608.15	0	.4835673	.1709121	.3455206	0
607.15	0	.4835051	.1710062	.3454887	0
606.15	0	.4834432	.1711001	.3454568	0
605.15	0	.4833814	.1711938	.3454249	0
604.15	0	.4833198	.1712873	.345393	0
603.15	0	.4832584	.1713805	.3453611	0
602.15	0	.4831972	.1714736	.3453292	0
601.15	0	.4831362	.1715665	.3452973	0
600.15	0	.4830754	.1716592	.3452654	0
599.15	0	.4830148	.1717517	.3452336	0
598.15	0	.4829543	.171844	.3452017	0
597.15	0	.4828941	.171936	.3451699	0
596.15	0	.482834	.1720279	.3451381	0
595.15	0	.4827741	.1721196	.3451063	0
594.15	0	.4827144	.1722111	.3450745	0
593.15	0	.4826549	.1723024	.3450427	0
592.15	0	.4825956	.1723935	.3450109	0
591.15	0	.4825364	.1724844	.3449792	0
590.15	0	.4824775	.1725751	.3449474	0
589.15	0	.4824187	.1726656	.3449157	0
588.15	0	.4823601	.172756	.344884	0
587.15	0	.4823016	.1728461	.3448523	0
586.15	0	.4822434	.172936	.3448206	0
585.15	0	.4821853	.1730258	.344789	0
584.15	0	.4821274	.1731153	.3447573	0
583.15	0	.4820696	.1732047	.3447257	0
582.15	0	.482012	.1732939	.3446941	0
581.15	0	.4819546	.1733829	.3446625	0
580.15	0	.4818974	.1734716	.3446309	0
579.15	0	.4818404	.1735602	.3445994	0
578.15	0	.4817835	.1736487	.3445679	0
577.15	0	.4817267	.1737369	.3445364	0
576.15	0	.4816702	.1738249	.3445049	0
575.15	0	.4816138	.1739128	.3444734	0
574.15	0	.4815576	.1740004	.344442	0
573.15	0	.4815015	.1740879	.3444106	0
572.15	0	.4814457	.1741752	.3443792	0
571.15	0	.4813899	.1742623	.3443478	0
570.15	0	.4813344	.1743492	.3443165	0
569.15	0	.481279	.1744359	.3442852	0
568.15	0	.4812237	.1745224	.3442539	0
567.15	0	.4811687	.1746087	.3442226	0
566.15	0	.4811138	.1746949	.3441914	0
565.15	0	.481059	.1747809	.3441601	0
564.15	0	.4810044	.1748666	.344129	0
563.15	0	.48095	.1749522	.3440978	0
562.15	0	.4808957	.1750376	.3440667	0
561.15	0	.4808416	.1751228	.3440356	0
560.15	0	.4807876	.1752079	.3440045	0
559.15	0	.4807338	.1752927	.3439735	0
558.15	0	.4806802	.1753774	.3439424	0
557.15	0	.4806267	.1754618	.3439115	0
556.15	0	.4805734	.1755461	.3438805	0
555.15	0	.4805202	.1756302	.3438496	0
554.15	0	.4804672	.1757141	.3438187	0
553.15	0	.4804143	.1757978	.3437878	0
552.15	0	.4803616	.1758814	.343757	0
551.15	0	.4803091	.1759647	.3437262	0
550.15	0	.4802567	.1760479	.3436955	0
549.15	0	.4802044	.1761308	.3436648	0
548.15	0	.4801523	.1762136	.3436341	0
547.15	0	.4801004	.1762962	.3436034	0
546.15	0	.4800486	.1763786	.3435728	0
545.15	0	.4799969	.1764608	.3435422	0
544.15	0	.4799454	.1765429	.3435117	0
543.15	0	.4798941	.1766247	.3434812	0
542.15	0	.4798429	.1767064	.3434507	0
541.15	0	.4797919	.1767878	.3434203	0
540.15	0	.479741	.1768691	.3433899	0
539.15	0	.4796902	.1769502	.3433596	0
538.15	0	.4796397	.1770311	.3433293	0
537.15	0	.4795892	.1771118	.343299	0
536.15	0	.4795389	.1771923	.3432688	0
535.15	0	.4794888	.1772727	.3432386	0
534.15	0	.4794388	.1773528	.3432084	0
533.15	0	.4793889	.1774328	.3431783	0
532.15	0	.4793392	.1775125	.3431483	0
531.15	0	.4792897	.1775921	.3431183	0
530.15	0	.4792402	.1776715	.3430883	0
529.15	0	.479191	.1777507	.3430584	0
528.15	0	.4791419	.1778297	.3430285	0
527.15	0	.4790929	.1779084	.3429987	0
526.15	0	.4790441	.1779871	.3429689	0
525.15	0	.4789954	.1780655	.3429391	0
524.15	0	.4789469	.1781437	.3429094	0
523.15	0	.4788985	.1782218	.3428798	0
522.15	0	.4788502	.1782996	.3428502	0
521.15	0	.4788021	.1783773	.3428206	0
520.15	0	.4787542	.1784547	.3427911	0
519.15	0	.4787064	.178532	.3427617	0
518.15	0	.4786587	.1786091	.3427323	0
517.15	0	.4786111	.178686	.3427029	0
516.15	0	.4785638	.1787626	.3426736	0
515.15	0	.4785165	.1788391	.3426443	0
514.15	0	.4784694	.1789154	.3426151	0
513.15	0	.4784225	.1789915	.342586	0
512.15	0	.4783757	.1790674	.3425569	0
511.15	0	.4783291	.1791431	.3425278	0
510.15	0	.4782826	.1792187	.3424988	0
509.15	0	.4782362	.179294	.3424698	0
508.15	0	.4781899	.1793691	.342441	0
507.15	0	.4781439	.179444	.3424121	0
506.15	0	.4780979	.1795188	.3423833	0
505.15	0	.4780521	.1795933	.3423546	0
504.15	0	.4780064	.1796676	.342326	0
503.15	0	.4779609	.1797418	.3422974	0
502.15	0	.4779155	.1798157	.3422688	0
501.15	0	.4778702	.1798895	.3422403	0
500.15	0	.4778251	.179963	.3422119	0
499.15	0	.4777801	.1800363	.3421835	0
498.15	0	.4777353	.1801095	.3421552	0
497.15	0	.4776906	.1801824	.342127	0
496.15	0	.4776461	.1802552	.3420988	0
495.15	0	.4776016	.1803277	.3420706	0
494.15	0	.4775574	.1804001	.3420426	0
493.15	0	.4775133	.1804722	.3420146	0
492.15	0	.4774693	.1805441	.3419866	0
491.15	0	.4774254	.1806159	.3419587	0
490.15	0	.4773817	.1806874	.3419309	0
489.15	0	.4773381	.1807587	.3419032	0
488.15	0	.4772947	.1808299	.3418755	0
487.15	0	.4772514	.1809008	.3418478	0
486.15	0	.4772082	.1809715	.3418203	0
485.15	0	.4771652	.181042	.3417928	0
484.15	0	.4771223	.1811124	.3417653	0
483.15	0	.4770796	.1811825	.341738	0
482.15	0	.477037	.1812524	.3417107	0
481.15	0	.4769945	.1813221	.3416834	0
480.15	0	.4769522	.1813916	.3416562	0
479.15	0	.47691	.1814609	.3416291	0
478.15	0	.4768679	.18153	.3416021	0
477.15	0	.476826	.1815989	.3415751	0
476.15	0	.4767842	.1816675	.3415482	0
475.15	0	.4767426	.181736	.3415214	0
474.15	0	.4767011	.1818043	.3414947	0
473.15	0	.4766597	.1818723	.341468	0
472.15	0	.4766185	.1819402	.3414414	0
471.15	0	.4765774	.1820078	.3414148	0
470.15	0	.4765364	.1820752	.3413883	0
469.15	0	.4764956	.1821424	.3413619	0
468.15	0	.4764549	.1822094	.3413356	0
467.15	0	.4764144	.1822763	.3413094	0
466.15	0	.476374	.1823429	.3412832	0
465.15	0	.4763337	.1824092	.3412571	0
464.15	0	.4762936	.1824754	.341231	0
463.15	0	.4762536	.1825414	.3412051	0
462.15	0	.4762137	.1826071	.3411792	0
461.15	0	.476174	.1826727	.3411534	0
460.15	0	.4761344	.182738	.3411276	0
459.15	0	.4760949	.1828031	.341102	0
458.15	0	.4760556	.182868	.3410764	0
457.15	0	.4760164	.1829327	.3410509	0
456.15	0	.4759773	.1829972	.3410255	0
455.15	0	.4759384	.1830615	.3410001	0
454.15	0	.4758996	.1831255	.3409748	0
453.15	0	.475861	.1831894	.3409496	0
452.15	0	.4758225	.183253	.3409245	0
451.15	0	.4757841	.1833164	.3408995	0
450.15	0	.4757459	.1833796	.3408745	0
449.15	0	.4757078	.1834426	.3408497	0
448.15	0	.4756698	.1835053	.3408249	0
447.15	0	.475632	.1835678	.3408002	0
446.15	0	.4755944	.1836301	.3407756	0
445.15	0	.4755569	.1836921	.340751	0
444.15	0	.4755195	.1837539	.3407266	0
443.15	0	.4754822	.1838155	.3407023	0
442.15	0	.4754452	.1838768	.340678	0
441.15	0	.4754083	.1839379	.3406538	0
440.15	0	.4753715	.1839988	.3406298	0
439.15	0	.4753349	.1840594	.3406058	0
438.15	0	.4752984	.1841197	.3405819	0
437.15	0	.4752621	.1841798	.3405581	0
436.15	0	.475226	.1842396	.3405344	0
435.15	0	.47519	.1842992	.3405108	0
434.15	0	.4751542	.1843585	.3404873	0
433.15	0	.4751186	.1844175	.3404639	0
432.15	0	.4750831	.1844763	.3404406	0
431.15	0	.4750478	.1845347	.3404174	0
430.15	0	.4750127	.184593	.3403943	0
429.15	0	.4749777	.1846509	.3403714	0
428.15	0	.4749429	.1847086	.3403485	0
427.15	0	.4749083	.184766	.3403257	0
426.15	0	.4748738	.1848232	.340303	0
425.15	0	.4748395	.18488	.3402805	0
424.15	0	.4748054	.1849366	.340258	0
423.15	0	.4747715	.1849929	.3402357	0
422.15	0	.4747377	.1850489	.3402134	0
421.15	0	.4747041	.1851046	.3401913	0
420.15	0	.4746707	.18516	.3401693	0
419.15	0	.4746374	.1852152	.3401474	0
418.15	0	.4746043	.1852701	.3401256	0
417.15	0	.4745714	.1853247	.3401039	0
416.15	0	.4745387	.185379	.3400823	0
415.15	0	.4745061	.185433	.3400609	0
414.15	0	.4744737	.1854868	.3400395	0
413.15	0	.4744415	.1855403	.3400183	0
412.15	0	.4744094	.1855934	.3399971	0
411.15	0	.4743776	.1856463	.3399761	0
410.15	0	.4743458	.185699	.3399552	0
409.15	0	.4743143	.1857513	.3399344	0
408.15	0	.4742829	.1858034	.3399137	0
407.15	0	.4742517	.1858551	.3398932	0
406.15	0	.4742207	.1859066	.3398727	0
405.15	0	.4741898	.1859578	.3398524	0
404.15	0	.4741591	.1860088	.3398321	0
403.15	0	.4741286	.1860594	.339812	0
402.15	0	.4740982	.1861098	.339792	0
401.15	0	.474068	.1861599	.3397721	0
400.15	0	.4740379	.1862097	.3397523	0
399.15	0	.4740081	.1862593	.3397327	0
398.15	0	.4739783	.1863086	.3397131	0
397.15	0	.4739488	.1863576	.3396937	0
396.15	0	.4739194	.1864063	.3396743	0
395.15	0	.4738901	.1864548	.3396551	0
394.15	0	.473861	.1865029	.339636	0
393.15	0	.4738321	.1865509	.339617	0
392.15	0	.4738033	.1865985	.3395981	0
391.15	0	.4737747	.1866459	.3395794	0
390.6117	0	.4737594	.1866713	.3395693	0
390.6117	0	.4737594	.1866713	.3395693	0
390.6117	0	.4737594	.1866713	.3395693	0
390.15	0	.4738294	.1864921	.3394613	2.172447E-04
389.15	0	.473981	.1861041	.3392275	6.874295E-04
388.15	0	.4741323	.1857165	.3389941	.001157076
387.15	0	.4742834	.1853292	.3387612	.001626189
386.15	0	.4744344	.1849423	.3385286	.002094773
385.15	0	.4745851	.1845557	.3382964	.002562832
384.15	0	.4747356	.1841695	.3380646	.00303037
383.15	0	.4748859	.1837836	.3378331	.003497392
382.15	0	.475036	.183398	.3376021	.003963902
381.15	0	.4751859	.1830128	.3373714	.004429903
380.15	0	.4753357	.1826278	.3371411	.0048954
