T	 BPW(LIQUID)	BPW(BCC_A2)	BPW(FCC_A1)	BPW(LAVES_PHASE_C14)	BPW(NI3TI)
1473.15	.01259311	.9874069	0	0	0
1472.15	.0101703	.9898297	0	0	0
1471.15	.007767271	.9922327	0	0	0
1470.15	.00538384	.9946162	0	0	0
1469.15	.003019836	.9969802	0	0	0
1468.15	6.750879E-04	.9993249	0	0	0
1467.861	0	1	0	0	0
1467.861	0	1	0	0	0
1467.15	0	1	0	0	0
1466.15	0	1	0	0	0
1465.15	0	1	0	0	0
1464.15	0	1	0	0	0
1463.15	0	1	0	0	0
1462.15	0	1	0	0	0
1461.15	0	1	0	0	0
1460.15	0	1	0	0	0
1459.15	0	1	0	0	0
1458.15	0	1	0	0	0
1457.15	0	1	0	0	0
1456.15	0	1	0	0	0
1455.15	0	1	0	0	0
1454.15	0	1	0	0	0
1453.15	0	1	0	0	0
1452.15	0	1	0	0	0
1451.15	0	1	0	0	0
1450.15	0	1	0	0	0
1449.15	0	1	0	0	0
1448.15	0	1	0	0	0
1447.15	0	1	0	0	0
1446.15	0	1	0	0	0
1445.15	0	1	0	0	0
1444.15	0	1	0	0	0
1443.15	0	1	0	0	0
1442.15	0	1	0	0	0
1441.15	0	1	0	0	0
1440.15	0	1	0	0	0
1439.15	0	1	0	0	0
1438.15	0	1	0	0	0
1437.15	0	1	0	0	0
1436.15	0	1	0	0	0
1435.15	0	1	0	0	0
1434.15	0	1	0	0	0
1433.15	0	1	0	0	0
1432.15	0	1	0	0	0
1431.15	0	1	0	0	0
1430.15	0	1	0	0	0
1429.15	0	1	0	0	0
1428.15	0	1	0	0	0
1427.15	0	1	0	0	0
1426.15	0	1	0	0	0
1425.15	0	1	0	0	0
1424.15	0	1	0	0	0
1423.15	0	1	0	0	0
1422.15	0	1	0	0	0
1421.15	0	1	0	0	0
1420.15	0	1	0	0	0
1419.15	0	1	0	0	0
1418.15	0	1	0	0	0
1417.15	0	1	0	0	0
1416.15	0	1	0	0	0
1415.15	0	1	0	0	0
1414.15	0	1	0	0	0
1413.15	0	1	0	0	0
1412.15	0	1	0	0	0
1411.15	0	1	0	0	0
1410.15	0	1	0	0	0
1409.15	0	1	0	0	0
1408.15	0	1	0	0	0
1407.15	0	1	0	0	0
1406.15	0	1	0	0	0
1405.15	0	1	0	0	0
1404.15	0	1	0	0	0
1403.15	0	1	0	0	0
1402.15	0	1	0	0	0
1401.15	0	1	0	0	0
1400.15	0	1	0	0	0
1399.15	0	1	0	0	0
1398.15	0	1	0	0	0
1397.15	0	1	0	0	0
1396.15	0	1	0	0	0
1395.15	0	1	0	0	0
1394.15	0	1	0	0	0
1393.15	0	1	0	0	0
1392.15	0	1	0	0	0
1391.15	0	1	0	0	0
1390.15	0	1	0	0	0
1389.15	0	1	0	0	0
1388.15	0	1	0	0	0
1387.15	0	1	0	0	0
1386.15	0	1	0	0	0
1385.15	0	1	0	0	0
1384.15	0	1	0	0	0
1383.15	0	1	0	0	0
1382.15	0	1	0	0	0
1381.15	0	1	0	0	0
1380.15	0	1	0	0	0
1379.15	0	1	0	0	0
1378.15	0	1	0	0	0
1377.15	0	1	0	0	0
1376.15	0	1	0	0	0
1375.15	0	1	0	0	0
1374.15	0	1	0	0	0
1373.15	0	1	0	0	0
1373.051	0	1	0	0	0
1373.051	0	1	0	0	0
1373.051	0	1	0	0	0
1372.15	0	.9993669	0	6.330645E-04	0
1371.15	0	.9986656	0	.001334361	0
1370.15	0	.997966	0	.002034032	0
1369.15	0	.9972679	0	.002732085	0
1368.15	0	.9965715	0	.003428523	0
1367.15	0	.9958767	0	.004123352	0
1366.15	0	.9951834	0	.004816577	0
1365.15	0	.9944918	0	.005508203	0
1364.15	0	.9938018	0	.006198236	0
1363.15	0	.9931133	0	.00688668	0
1362.15	0	.9924265	0	.007573541	0
1361.15	0	.9917412	0	.008258823	0
1360.15	0	.9910575	0	.008942531	0
1359.15	0	.9903753	0	.009624671	0
1358.15	0	.9896947	0	.01030525	0
1357.15	0	.9890157	0	.01098427	0
1356.15	0	.9883383	0	.01166173	0
1355.15	0	.9876624	0	.01233765	0
1354.15	0	.986988	0	.01301202	0
1353.15	0	.9863152	0	.01368485	0
1352.15	0	.9856438	0	.01435615	0
1351.15	0	.9849741	0	.01502592	0
1350.15	0	.9843058	0	.01569416	0
1349.15	0	.9836391	0	.01636088	0
1348.15	0	.9829739	0	.01702609	0
1347.15	0	.9823102	0	.01768979	0
1346.15	0	.981648	0	.01835198	0
1345.15	0	.9809873	0	.01901267	0
1344.15	0	.9803281	0	.01967187	0
1343.15	0	.9796704	0	.02032957	0
1342.15	0	.9790142	0	.02098579	0
1341.15	0	.9783595	0	.02164052	0
1340.15	0	.9777062	0	.02229378	0
1339.15	0	.9770544	0	.02294556	0
1338.15	0	.9764041	0	.02359587	0
1337.15	0	.9757553	0	.02424472	0
1336.15	0	.9751079	0	.0248921	0
1335.15	0	.974462	0	.02553804	0
1334.15	0	.9738175	0	.02618252	0
1333.15	0	.9731745	0	.02682555	0
1332.15	0	.9725329	0	.02746714	0
1331.15	0	.9718927	0	.0281073	0
1330.15	0	.971254	0	.02874602	0
1329.15	0	.9706167	0	.02938331	0
1328.15	0	.9699808	0	.03001917	0
1327.15	0	.9693464	0	.03065362	0
1326.15	0	.9687134	0	.03128665	0
1325.15	0	.9680817	0	.03191827	0
1324.15	0	.9674515	0	.03254848	0
1323.15	0	.9668227	0	.03317728	0
1322.15	0	.9661953	0	.03380469	0
1321.15	0	.9655693	0	.0344307	0
1320.15	0	.9649447	0	.03505532	0
1319.15	0	.9643214	0	.03567855	0
1318.15	0	.9636996	0	.0363004	0
1317.15	0	.9630791	0	.03692087	0
1316.15	0	.96246	0	.03753997	0
1315.15	0	.9618423	0	.0381577	0
1314.15	0	.9612259	0	.03877406	0
1313.15	0	.960611	0	.03938905	0
1312.15	0	.9599973	0	.04000269	0
1311.15	0	.959385	0	.04061498	0
1310.15	0	.9587741	0	.04122591	0
1309.15	0	.9581645	0	.0418355	0
1308.15	0	.9575563	0	.04244375	0
1307.15	0	.9569494	0	.04305065	0
1306.15	0	.9563438	0	.04365623	0
1305.15	0	.9557395	0	.04426047	0
1304.15	0	.9551366	0	.04486338	0
1303.15	0	.954535	0	.04546498	0
1302.15	0	.9539348	0	.04606525	0
1301.15	0	.9533358	0	.04666421	0
1300.15	0	.9527382	0	.04726185	0
1299.15	0	.9521418	0	.04785819	0
1298.15	0	.9515468	0	.04845323	0
1297.15	0	.950953	0	.04904696	0
1296.15	0	.9503606	0	.0496394	0
1295.15	0	.9497695	0	.05023054	0
1294.15	0	.9491796	0	.0508204	0
1293.15	0	.948591	0	.05140897	0
1292.15	0	.9480037	0	.05199626	0
1291.15	0	.9474177	0	.05258227	0
1290.15	0	.946833	0	.053167	0
1289.15	0	.9462495	0	.05375047	0
1288.15	0	.9456673	0	.05433267	0
1287.15	0	.9450864	0	.05491361	0
1286.15	0	.9445067	0	.05549328	0
1285.15	0	.9439283	0	.0560717	0
1284.15	0	.9433511	0	.05664887	0
1283.15	0	.9427752	0	.05722478	0
1282.15	0	.9422005	0	.05779945	0
1281.15	0	.9416271	0	.05837288	0
1280.15	0	.9410549	0	.05894507	0
1279.15	0	.940484	0	.05951603	0
1278.15	0	.9399143	0	.06008575	0
1277.15	0	.9393458	0	.06065425	0
1276.15	0	.9387785	0	.06122152	0
1275.15	0	.9382124	0	.06178756	0
1274.15	0	.9376476	0	.06235239	0
1273.15	0	.937084	0	.06291601	0
1272.15	0	.9365216	0	.06347841	0
1271.15	0	.9359604	0	.0640396	0
1270.15	0	.9354004	0	.0645996	0
1269.15	0	.9348416	0	.06515838	0
1268.15	0	.934284	0	.06571598	0
1267.15	0	.9337276	0	.06627237	0
1266.15	0	.9331724	0	.06682758	0
1265.15	0	.9326184	0	.06738159	0
1264.15	0	.9320656	0	.06793442	0
1263.15	0	.9315139	0	.06848607	0
1262.15	0	.9309635	0	.06903654	0
1261.15	0	.9304142	0	.06958583	0
1260.15	0	.929866	0	.07013396	0
1259.15	0	.9293191	0	.07068091	0
1258.15	0	.9287733	0	.0712267	0
1257.15	0	.9282287	0	.07177132	0
1256.15	0	.9276852	0	.07231479	0
1255.15	0	.9271429	0	.0728571	0
1254.15	0	.9266018	0	.07339825	0
1253.15	0	.9260617	0	.07393826	0
1252.15	0	.9255229	0	.07447711	0
1251.15	0	.9249852	0	.07501482	0
1250.15	0	.9244486	0	.0755514	0
1249.15	0	.9239132	0	.07608683	0
1248.15	0	.9233789	0	.07662113	0
1247.15	0	.9228457	0	.07715429	0
1246.15	0	.9223137	0	.07768633	0
1245.15	0	.9217828	0	.07821724	0
1244.15	0	.921253	0	.07874703	0
1243.15	0	.9207243	0	.0792757	0
1242.15	0	.9201968	0	.07980325	0
1241.15	0	.9196703	0	.08032969	0
1240.15	0	.919145	0	.08085501	0
1239.15	0	.9186208	0	.08137923	0
1238.15	0	.9180977	0	.08190234	0
1237.15	0	.9175757	0	.08242434	0
1236.15	0	.9170548	0	.08294525	0
1235.15	0	.9165349	0	.08346506	0
1234.15	0	.9160162	0	.08398378	0
1233.15	0	.9154986	0	.08450141	0
1232.15	0	.9149821	0	.08501794	0
1231.15	0	.9144666	0	.08553339	0
1230.15	0	.9139522	0	.08604776	0
1229.15	0	.9134389	0	.08656105	0
1228.15	0	.9129267	0	.08707326	0
1227.15	0	.9124156	0	.08758439	0
1226.15	0	.9119055	0	.08809446	0
1225.15	0	.9113966	0	.08860345	0
1224.15	0	.9108886	0	.08911138	0
1223.15	0	.9103817	0	.08961825	0
1222.15	0	.9098759	0	.09012405	0
1221.15	0	.9093712	0	.09062879	0
1220.15	0	.9088675	0	.09113248	0
1219.15	0	.9083649	0	.09163512	0
1218.15	0	.9078633	0	.0921367	0
1217.15	0	.9073628	0	.09263724	0
1216.15	0	.9068633	0	.09313673	0
1215.15	0	.9063648	0	.09363518	0
1214.15	0	.9058674	0	.0941326	0
1213.15	0	.905371	0	.09462897	0
1212.15	0	.9048757	0	.09512431	0
1211.15	0	.9043814	0	.09561861	0
1210.15	0	.9038881	0	.09611189	0
1209.15	0	.9033959	0	.09660414	0
1208.15	0	.9029046	0	.09709536	0
1207.15	0	.9024144	0	.09758556	0
1206.15	0	.9019253	0	.09807474	0
1205.15	0	.9014371	0	.09856291	0
1204.15	0	.9009499	0	.09905006	0
1203.15	0	.9004638	0	.0995362	0
1202.15	0	.8999787	0	.1000213	0
1201.15	0	.8994946	0	.1005054	0
1200.15	0	.8990114	0	.1009886	0
1199.15	0	.8985293	0	.1014707	0
1198.15	0	.8980482	0	.1019518	0
1197.15	0	.8975681	0	.1024319	0
1196.15	0	.897089	0	.102911	0
1195.15	0	.8966108	0	.1033892	0
1194.15	0	.8961337	0	.1038663	0
1193.15	0	.8956576	0	.1043425	0
1192.15	0	.8951824	0	.1048176	0
1191.15	0	.8947082	0	.1052918	0
1190.15	0	.894235	0	.105765	0
1189.15	0	.8937628	0	.1062372	0
1188.15	0	.8932915	0	.1067085	0
1187.15	0	.8928213	0	.1071787	0
1186.15	0	.892352	0	.107648	0
1185.15	0	.8918836	0	.1081164	0
1184.15	0	.8914163	0	.1085837	0
1183.15	0	.8909499	0	.1090501	0
1182.15	0	.8904844	0	.1095156	0
1181.15	0	.89002	0	.10998	0
1180.15	0	.8895565	0	.1104436	0
1179.15	0	.8890939	0	.1109061	0
1178.15	0	.8886323	0	.1113677	0
1177.15	0	.8881716	0	.1118284	0
1176.15	0	.8877119	0	.1122881	0
1175.15	0	.8872532	0	.1127468	0
1174.15	0	.8867954	0	.1132047	0
1173.15	0	.8863385	0	.1136615	0
1172.15	0	.8858826	0	.1141175	0
1171.15	0	.8854276	0	.1145725	0
1170.15	0	.8849735	0	.1150265	0
1169.15	0	.8845204	0	.1154796	0
1168.15	0	.8840682	0	.1159318	0
1167.15	0	.8836169	0	.1163831	0
1166.15	0	.8831666	0	.1168334	0
1165.15	0	.8827172	0	.1172828	0
1164.15	0	.8822687	0	.1177313	0
1163.15	0	.8818212	0	.1181788	0
1162.15	0	.8813745	0	.1186255	0
1161.15	0	.8809288	0	.1190712	0
1160.15	0	.880484	0	.119516	0
1159.15	0	.8800401	0	.1199599	0
1158.15	0	.8795971	0	.1204029	0
1157.15	0	.8791551	0	.120845	0
1156.15	0	.8787139	0	.1212861	0
1155.15	0	.8782736	0	.1217264	0
1154.15	0	.8778343	0	.1221657	0
1153.15	0	.8773958	0	.1226042	0
1152.15	0	.8769583	0	.1230417	0
1151.15	0	.8765216	0	.1234784	0
1150.15	0	.8760858	0	.1239142	0
1149.15	0	.875651	0	.124349	0
1148.15	0	.875217	0	.124783	0
1147.15	0	.8747839	0	.1252161	0
1146.15	0	.8743517	0	.1256483	0
1145.15	0	.8739204	0	.1260796	0
1144.15	0	.87349	0	.12651	0
1143.15	0	.8730605	0	.1269395	0
1142.15	0	.8726318	0	.1273682	0
1141.15	0	.872204	0	.127796	0
1140.15	0	.8717771	0	.1282229	0
1139.15	0	.8713511	0	.1286489	0
1138.15	0	.8709259	0	.1290741	0
1137.15	0	.8705016	0	.1294984	0
1136.15	0	.8700782	0	.1299218	0
1135.15	0	.8696557	0	.1303443	0
1134.15	0	.869234	0	.130766	0
1133.15	0	.8688131	0	.1311869	0
1132.15	0	.8683932	0	.1316068	0
1131.15	0	.8679741	0	.1320259	0
1130.15	0	.8675558	0	.1324442	0
1129.15	0	.8671385	0	.1328615	0
1128.15	0	.8667219	0	.1332781	0
1127.15	0	.8663062	0	.1336938	0
1126.15	0	.8658914	0	.1341086	0
1125.15	0	.8654774	0	.1345226	0
1124.15	0	.8650643	0	.1349357	0
1123.15	0	.864652	0	.135348	0
1122.15	0	.8642406	0	.1357594	0
1121.15	0	.86383	0	.13617	0
1120.15	0	.8634202	0	.1365798	0
1119.15	0	.8630113	0	.1369887	0
1118.15	0	.8626033	0	.1373968	0
1117.15	0	.862196	0	.137804	0
1116.15	0	.8617896	0	.1382104	0
1115.15	0	.861384	0	.138616	0
1114.15	0	.8609793	0	.1390207	0
1113.15	0	.8605754	0	.1394246	0
1112.15	0	.8601723	0	.1398277	0
1111.15	0	.85977	0	.14023	0
1110.15	0	.8593686	0	.1406314	0
1109.15	0	.858968	0	.141032	0
1108.15	0	.8585682	0	.1414318	0
1107.15	0	.8581692	0	.1418308	0
1106.15	0	.857771	0	.142229	0
1105.15	0	.8573737	0	.1426263	0
1104.15	0	.8569772	0	.1430228	0
1103.15	0	.8565815	0	.1434185	0
1102.15	0	.8561866	0	.1438134	0
1101.15	0	.8557925	0	.1442075	0
1100.15	0	.8553992	0	.1446008	0
1099.15	0	.8550067	0	.1449933	0
1098.15	0	.8546151	0	.145385	0
1097.15	0	.8542242	0	.1457758	0
1096.15	0	.8538341	0	.1461659	0
1095.15	0	.8534449	0	.1465551	0
1094.15	0	.8530564	0	.1469436	0
1093.15	0	.8526687	0	.1473313	0
1092.15	0	.8522819	0	.1477181	0
1091.15	0	.8518958	0	.1481042	0
1090.15	0	.8515105	0	.1484895	0
1089.15	0	.851126	0	.148874	0
1088.15	0	.8507423	0	.1492577	0
1087.15	0	.8503594	0	.1496406	0
1086.15	0	.8499773	0	.1500227	0
1085.15	0	.849596	0	.150404	0
1084.15	0	.8492154	0	.1507846	0
1083.15	0	.8488356	0	.1511644	0
1082.15	0	.8484567	0	.1515433	0
1081.15	0	.8480785	0	.1519216	0
1080.15	0	.847701	0	.152299	0
1079.15	0	.8473244	0	.1526756	0
1078.15	0	.8469485	0	.1530515	0
1077.15	0	.8465734	0	.1534266	0
1076.15	0	.8461991	0	.1538009	0
1075.15	0	.8458255	0	.1541745	0
1074.15	0	.8454527	0	.1545473	0
1073.15	0	.8450807	0	.1549193	0
1072.15	0	.8447095	0	.1552905	0
1071.15	0	.844339	0	.155661	0
1070.15	0	.8439693	0	.1560307	0
1069.15	0	.8436003	0	.1563997	0
1068.15	0	.8432322	0	.1567678	0
1067.15	0	.8428647	0	.1571353	0
1066.15	0	.8424981	0	.1575019	0
1065.15	0	.8421322	0	.1578678	0
1064.15	0	.841767	0	.158233	0
1063.15	0	.8414026	0	.1585974	0
1062.15	0	.841039	0	.158961	0
1061.15	0	.8406761	0	.1593239	0
1060.15	0	.840314	0	.159686	0
1059.15	0	.8399526	0	.1600474	0
1058.15	0	.8395919	0	.1604081	0
1057.15	0	.8392321	0	.1607679	0
1056.15	0	.8388729	0	.1611271	0
1055.15	0	.8385145	0	.1614855	0
1054.15	0	.8381569	0	.1618431	0
1053.15	0	.8378	0	.1622	0
1052.15	0	.8374438	0	.1625562	0
1051.15	0	.8370884	0	.1629116	0
1050.15	0	.8367337	0	.1632663	0
1049.15	0	.8363798	0	.1636202	0
1048.15	0	.8360266	0	.1639734	0
1047.15	0	.8356741	0	.1643259	0
1046.15	0	.8353224	0	.1646776	0
1045.15	0	.8349714	0	.1650286	0
1044.15	0	.8346211	0	.1653789	0
1043.15	0	.8342716	0	.1657284	0
1042.15	0	.8339228	0	.1660772	0
1041.15	0	.8335747	0	.1664253	0
1040.15	0	.8332274	0	.1667726	0
1039.15	0	.8328808	0	.1671193	0
1038.15	0	.8325349	0	.1674651	0
1037.15	0	.8321897	0	.1678103	0
1036.15	0	.8318452	0	.1681548	0
1035.15	0	.8315015	0	.1684985	0
1034.15	0	.8311585	0	.1688415	0
1033.15	0	.8308162	0	.1691838	0
1032.15	0	.8304747	0	.1695253	0
1031.15	0	.8301338	0	.1698662	0
1030.15	0	.8297937	0	.1702063	0
1029.15	0	.8294543	0	.1705457	0
1028.15	0	.8291156	0	.1708844	0
1027.15	0	.8287776	0	.1712224	0
1026.15	0	.8284404	0	.1715597	0
1025.15	0	.8281038	0	.1718962	0
1024.15	0	.827768	0	.172232	0
1023.15	0	.8274328	0	.1725672	0
1022.15	0	.8270984	0	.1729016	0
1021.15	0	.8267647	0	.1732353	0
1020.15	0	.8264316	0	.1735684	0
1019.15	0	.8260993	0	.1739007	0
1018.15	0	.8257677	0	.1742323	0
1017.15	0	.8254368	0	.1745632	0
1016.15	0	.8251066	0	.1748934	0
1015.15	0	.8247771	0	.1752229	0
1014.15	0	.8244483	0	.1755517	0
1013.15	0	.8241202	0	.1758798	0
1012.15	0	.8237928	0	.1762072	0
1011.15	0	.8234661	0	.1765339	0
1010.15	0	.8231401	0	.1768599	0
1009.15	0	.8228148	0	.1771852	0
1008.15	0	.8224902	0	.1775098	0
1007.15	0	.8221663	0	.1778337	0
1006.15	0	.821843	0	.178157	0
1005.15	0	.8215205	0	.1784795	0
1004.15	0	.8211986	0	.1788014	0
1003.15	0	.8208775	0	.1791225	0
1002.15	0	.820557	0	.179443	0
1001.15	0	.8202372	0	.1797628	0
1000.15	0	.8199181	0	.1800819	0
999.15	0	.8195997	0	.1804003	0
998.15	0	.819282	0	.180718	0
997.15	0	.818965	0	.181035	0
996.15	0	.8186486	0	.1813514	0
995.15	0	.8183329	0	.1816671	0
994.15	0	.8180179	0	.1819821	0
993.15	0	.8177036	0	.1822964	0
992.15	0	.81739	0	.18261	0
991.15	0	.817077	0	.182923	0
990.15	0	.8167648	0	.1832352	0
989.15	0	.8164532	0	.1835468	0
988.15	0	.8161423	0	.1838578	0
987.15	0	.815832	0	.184168	0
986.15	0	.8155224	0	.1844776	0
985.15	0	.8152135	0	.1847865	0
984.15	0	.8149053	0	.1850947	0
983.15	0	.8145978	0	.1854022	0
982.15	0	.8142909	0	.1857091	0
981.15	0	.8139847	0	.1860153	0
980.15	0	.8136791	0	.1863209	0
979.15	0	.8133743	0	.1866257	0
978.15	0	.81307	0	.18693	0
977.15	0	.8127665	0	.1872335	0
976.15	0	.8124636	0	.1875364	0
975.15	0	.8121614	0	.1878386	0
974.15	0	.8118599	0	.1881401	0
973.15	0	.811559	0	.188441	0
972.15	0	.8112588	0	.1887412	0
971.15	0	.8109593	0	.1890407	0
970.15	0	.8106604	0	.1893396	0
969.15	0	.8103622	0	.1896378	0
968.15	0	.8100646	0	.1899354	0
967.15	0	.8097677	0	.1902323	0
966.15	0	.8094714	0	.1905286	0
965.15	0	.8091758	0	.1908242	0
964.15	0	.8088809	0	.1911191	0
963.15	0	.8085866	0	.1914134	0
962.15	0	.808293	0	.191707	0
961.15	0	.808	0	.192	0
960.15	0	.8077077	0	.1922923	0
959.15	0	.8074161	0	.1925839	0
958.15	0	.8071251	0	.1928749	0
957.15	0	.8068347	0	.1931653	0
956.15	0	.806545	0	.193455	0
955.15	0	.806256	0	.193744	0
954.15	0	.8059676	0	.1940324	0
953.15	0	.8056798	0	.1943202	0
952.15	0	.8053927	0	.1946073	0
951.15	0	.8051063	0	.1948938	0
950.15	0	.8048205	0	.1951796	0
949.15	0	.8045353	0	.1954647	0
948.15	0	.8042508	0	.1957492	0
947.15	0	.8039669	0	.1960331	0
946.15	0	.8036837	0	.1963163	0
945.1742	0	.8034079	0	.1965921	0
945.1742	0	.8034079	0	.1965921	0
945.1742	0	.8034079	0	.1965921	0
945.15	0	.8033868	1.58391E-05	.1965974	0
944.15	0	.8025122	6.708054E-04	.196817	0
943.15	0	.8016397	.001324533	.1970357	0
942.15	0	.8007695	.001977032	.1972535	0
941.15	0	.7999014	.002628315	.1974703	0
940.15	0	.7990354	.003278393	.1976862	0
939.15	0	.7981716	.00392728	.1979012	0
938.15	0	.7973099	.004574987	.1981152	0
937.15	0	.7964503	.005221527	.1983282	0
936.15	0	.7955928	.005866913	.1985403	0
935.15	0	.7947374	.006511158	.1987514	0
934.15	0	.7938841	.007154277	.1989616	0
933.15	0	.7930329	.007796284	.1991708	0
932.15	0	.7921837	.008437192	.1993791	0
931.15	0	.7913366	.009077017	.1995864	0
930.15	0	.7904916	.009715774	.1997926	0
929.15	0	.7896486	.01035348	.1999979	0
928.15	0	.7888076	.01099015	.2002023	0
927.15	0	.7879686	.0116258	.2004056	0
926.15	0	.7871316	.01226044	.2006079	0
925.15	0	.7862966	.0128941	.2008093	0
924.15	0	.7854636	.01352679	.2010096	0
923.15	0	.7846326	.01415853	.2012089	0
922.15	0	.7838035	.01478933	.2014072	0
921.15	0	.7829763	.01541923	.2016045	0
920.15	0	.7821511	.01604823	.2018007	0
919.15	0	.7813277	.01667635	.2019959	0
918.15	0	.7805063	.01730363	.2021901	0
917.15	0	.7796867	.01793007	.2023833	0
916.15	0	.778869	.0185557	.2025754	0
915.15	0	.7780531	.01918054	.2027664	0
914.15	0	.777239	.01980461	.2029564	0
913.15	0	.7764268	.02042795	.2031453	0
912.15	0	.7756163	.02105056	.2033331	0
911.15	0	.7748077	.02167248	.2035199	0
910.15	0	.7740008	.02229372	.2037055	0
909.15	0	.7731956	.02291433	.2038901	0
908.15	0	.7723921	.02353431	.2040736	0
907.15	0	.7715903	.0241537	.2042559	0
906.15	0	.7707903	.02477253	.2044372	0
905.15	0	.7699918	.02539083	.2046174	0
904.15	0	.769195	.02600862	.2047964	0
903.15	0	.7683998	.02662593	.2049742	0
902.15	0	.7676063	.02724279	.205151	0
901.15	0	.7668142	.02785924	.2053265	0
900.15	0	.7660237	.0284753	.205501	0
899.15	0	.7652348	.02909101	.2056742	0
898.15	0	.7644473	.02970641	.2058463	0
897.15	0	.7636613	.03032153	.2060172	0
896.15	0	.7628767	.0309364	.2061869	0
895.15	0	.7620936	.03155105	.2063554	0
894.15	0	.7613118	.03216554	.2065227	0
893.15	0	.7605314	.03277989	.2066888	0
892.15	0	.7597523	.03339415	.2068536	0
891.15	0	.7589745	.03400835	.2070172	0
890.15	0	.7581979	.03462253	.2071795	0
889.15	0	.7574226	.03523675	.2073407	0
888.15	0	.7566485	.03585103	.2075005	0
887.15	0	.7558756	.03646543	.207659	0
886.15	0	.7551037	.03708	.2078163	0
885.15	0	.754333	.03769477	.2079722	0
884.15	0	.7535633	.03830981	.2081269	0
883.15	0	.7527947	.03892515	.2082802	0
882.15	0	.752027	.03954084	.2084321	0
881.15	0	.7512603	.04015695	.2085828	0
880.15	0	.7504944	.04077352	.208732	0
879.15	0	.7497295	.04139061	.2088799	0
878.15	0	.7489653	.04200828	.2090264	0
877.15	0	.7482019	.04262658	.2091715	0
876.15	0	.7474392	.04324558	.2093152	0
875.15	0	.7466772	.04386533	.2094575	0
874.15	0	.7459158	.0444859	.2095983	0
873.15	0	.745155	.04510735	.2097376	0
872.15	0	.7443947	.04572976	.2098755	0
871.15	0	.7436349	.04635318	.2100119	0
870.15	0	.7428755	.0469777	.2101468	0
869.15	0	.7421165	.04760337	.2102802	0
868.15	0	.7413577	.04823029	.210412	0
867.15	0	.7405992	.04885852	.2105423	0
866.15	0	.7398409	.04948815	.210671	0
865.15	0	.7390827	.05011925	.2107981	0
864.15	0	.7383245	.05075192	.2109236	0
863.15	0	.7375664	.05138623	.2110474	0
862.15	0	.7368081	.05202228	.2111696	0
861.15	0	.7360497	.05266017	.2112902	0
860.15	0	.735291	.05329998	.211409	0
859.15	0	.734532	.05394181	.2115261	0
858.15	0	.7337727	.05458577	.2116415	0
857.15	0	.7330129	.05523197	.2117552	0
856.15	0	.7322525	.0558805	.211867	0
855.15	0	.7314915	.0565315	.2119771	0
854.15	0	.7307297	.05718506	.2120853	0
853.15	0	.7299671	.05784131	.2121916	0
852.15	0	.7292036	.05850037	.212296	0
851.15	0	.728439	.05916239	.2123986	0
850.15	0	.7276734	.05982747	.2124992	0
849.15	0	.7269065	.06049578	.2125978	0
848.15	0	.7261382	.06116745	.2126944	0
847.15	0	.7253685	.06184262	.2127889	0
846.15	0	.7245971	.06252147	.2128814	0
845.15	0	.7238241	.06320414	.2129718	0
844.15	0	.7230492	.06389081	.21306	0
843.15	0	.7222724	.06458164	.213146	0
842.15	0	.7214934	.06527683	.2132298	0
841.15	0	.7207121	.06597656	.2133113	0
840.15	0	.7199285	.06668103	.2133905	0
839.15	0	.7191422	.06739044	.2134674	0
838.15	0	.7183532	.06810502	.2135418	0
837.15	0	.7175612	.06882498	.2136138	0
836.15	0	.7167661	.06955057	.2136833	0
835.15	0	.7159677	.07028203	.2137502	0
834.15	0	.7151658	.07101962	.2138145	0
833.15	0	.7143602	.07176361	.2138762	0
832.15	0	.7135507	.07251428	.2139351	0
831.15	0	.7127369	.07327195	.2139911	0
830.15	0	.7119187	.07403692	.2140443	0
829.15	0	.7110959	.07480953	.2140946	0
828.15	0	.710268	.07559013	.2141418	0
827.15	0	.7094349	.07637909	.214186	0
826.15	0	.7085963	.07717681	.2142269	0
825.15	0	.7077517	.0779837	.2142646	0
824.15	0	.706901	.07880021	.2142988	0
823.15	0	.7060436	.0796268	.2143296	0
822.15	0	.7051792	.08046398	.2143568	0
821.15	0	.7043074	.08131227	.2143803	0
820.15	0	.7034278	.08217226	.2144	0
819.15	0	.7025398	.08304453	.2144157	0
818.15	0	.701643	.08392976	.2144273	0
817.15	0	.7007368	.08482863	.2144346	0
816.15	0	.6998206	.0857419	.2144375	0
815.15	0	.6988938	.08667039	.2144358	0
814.15	0	.6979557	.08761497	.2144293	0
813.15	0	.6970056	.08857659	.2144179	0
812.15	0	.6960426	.08955628	.2144012	0
811.15	0	.6950658	.09055517	.214379	0
810.15	0	.6940744	.09157449	.2143511	0
809.15	0	.6930672	.09261559	.2143173	0
808.15	0	.692043	.09367994	.214277	0
807.15	0	.6910007	.09476918	.2142301	0
806.15	0	.6898765	.09595929	.2141642	0
805.15	0	.6881074	.09792355	.2139691	0
804.15	0	.6864168	.09980052	.2137827	0
803.15	0	.6847991	.1015966	.2136043	0
802.15	0	.6832489	.1033176	.2134335	0
801.15	0	.6817616	.1049687	.2132697	0
800.15	0	.6803329	.1065547	.2131125	0
799.15	0	.6789589	.1080798	.2129613	0
798.15	0	.6776362	.1095479	.2128159	0
797.15	0	.6763616	.1109627	.2126758	0
796.15	0	.675132	.1123273	.2125407	0
795.15	0	.6739449	.1136447	.2124103	0
794.15	0	.6727978	.1149178	.2122844	0
793.15	0	.6716884	.1161489	.2121627	0
792.15	0	.6706147	.1173405	.2120448	0
791.15	0	.6695747	.1184946	.2119307	0
790.15	0	.6685666	.1196133	.2118201	0
789.15	0	.6675889	.1206984	.2117127	0
788.15	0	.6666399	.1217516	.2116085	0
787.15	0	.6657183	.1227745	.2115073	0
786.15	0	.6648227	.1237686	.2114088	0
785.15	0	.6639531	.1247342	.2113127	0
784.15	0	.6631058	.1256748	.2112194	0
783.15	0	.6622811	.1265904	.2111286	0
782.15	0	.6614779	.1274822	.2110399	0
781.15	0	.6606954	.1283512	.2109535	0
780.15	0	.6599325	.1291984	.2108691	0
779.15	0	.6591885	.1300248	.2107866	0
778.15	0	.6584627	.1308313	.2107061	0
777.15	0	.6577541	.1316187	.2106272	0
776.15	0	.6570622	.1323877	.2105501	0
775.15	0	.6563863	.1331391	.2104746	0
774.15	0	.6557258	.1338736	.2104006	0
773.15	0	.65508	.1345919	.2103281	0
772.15	0	.6544484	.1352946	.210257	0
771.15	0	.6538305	.1359823	.2101873	0
770.15	0	.6532257	.1366555	.2101188	0
769.15	0	.6526337	.1373148	.2100516	0
768.15	0	.6520538	.1379607	.2099855	0
767.15	0	.6514858	.1385937	.2099205	0
766.15	0	.6509292	.1392142	.2098567	0
765.15	0	.6503835	.1398226	.2097939	0
764.15	0	.6498485	.1404195	.209732	0
763.15	0	.6493238	.1410051	.2096711	0
762.15	0	.648809	.1415799	.2096111	0
761.15	0	.6483037	.1421442	.209552	0
760.15	0	.6478078	.1426984	.2094938	0
759.15	0	.6473209	.1432428	.2094363	0
758.15	0	.6468427	.1437777	.2093796	0
757.15	0	.6463729	.1443034	.2093237	0
756.15	0	.6459113	.1448202	.2092684	0
755.15	0	.6454577	.1453284	.2092139	0
754.15	0	.6450117	.1458283	.20916	0
753.15	0	.6445733	.14632	.2091067	0
752.15	0	.644142	.1468039	.2090541	0
751.15	0	.6437178	.1472802	.209002	0
750.15	0	.6433004	.147749	.2089505	0
749.15	0	.6428897	.1482107	.2088996	0
748.15	0	.6424854	.1486654	.2088491	0
747.15	0	.6420874	.1491134	.2087992	0
746.15	0	.6416955	.1495547	.2087497	0
745.15	0	.6413096	.1499897	.2087007	0
744.15	0	.6409294	.1504184	.2086522	0
743.15	0	.6405548	.1508411	.2086041	0
742.15	0	.6401857	.1512579	.2085564	0
741.15	0	.6398219	.151669	.2085091	0
740.15	0	.6394633	.1520745	.2084622	0
739.15	0	.6391098	.1524745	.2084157	0
738.15	0	.6387612	.1528693	.2083695	0
737.15	0	.6384174	.153259	.2083236	0
736.15	0	.6380783	.1536436	.2082781	0
735.15	0	.6377438	.1540233	.2082329	0
734.15	0	.6374137	.1543983	.2081881	0
733.15	0	.6370879	.1547686	.2081435	0
732.15	0	.6367664	.1551344	.2080992	0
731.15	0	.6364491	.1554958	.2080552	0
730.15	0	.6361358	.1558528	.2080114	0
729.15	0	.6358264	.1562057	.2079679	0
728.15	0	.6355209	.1565544	.2079247	0
727.15	0	.6352192	.1568992	.2078817	0
726.15	0	.6349211	.15724	.2078389	0
725.15	0	.6346267	.157577	.2077963	0
724.15	0	.6343357	.1579103	.207754	0
723.15	0	.6340483	.1582399	.2077118	0
722.15	0	.6337641	.158566	.2076699	0
721.15	0	.6334833	.1588885	.2076282	0
720.15	0	.6332057	.1592077	.2075866	0
719.15	0	.6329313	.1595235	.2075452	0
718.15	0	.6326599	.1598361	.207504	0
717.15	0	.6323916	.1601455	.2074629	0
716.15	0	.6321262	.1604518	.2074221	0
715.15	0	.6318637	.160755	.2073813	0
714.15	0	.631604	.1610552	.2073407	0
713.15	0	.6313472	.1613525	.2073003	0
712.15	0	.631093	.161647	.20726	0
711.15	0	.6308415	.1619386	.2072198	0
710.15	0	.6305927	.1622275	.2071798	0
709.15	0	.6303464	.1625138	.2071398	0
708.15	0	.6301026	.1627974	.2071	0
707.15	0	.6298613	.1630784	.2070604	0
706.15	0	.6296224	.1633568	.2070208	0
705.15	0	.6293859	.1636328	.2069813	0
704.15	0	.6291517	.1639064	.2069419	0
703.15	0	.6289198	.1641776	.2069027	0
702.15	0	.6286901	.1644464	.2068635	0
701.15	0	.6284626	.164713	.2068244	0
700.15	0	.6282373	.1649773	.2067854	0
699.15	0	.6280141	.1652394	.2067465	0
698.15	0	.627793	.1654993	.2067077	0
697.15	0	.6275739	.1657571	.2066689	0
696.15	0	.6273568	.1660129	.2066303	0
695.15	0	.6271418	.1662666	.2065917	0
694.15	0	.6269286	.1665182	.2065532	0
693.15	0	.6267174	.1667679	.2065147	0
692.15	0	.626508	.1670157	.2064763	0
691.15	0	.6263004	.1672616	.206438	0
690.15	0	.6260947	.1675056	.2063997	0
689.15	0	.6258908	.1677477	.2063615	0
688.15	0	.6256886	.1679881	.2063234	0
687.15	0	.6254881	.1682267	.2062853	0
686.15	0	.6252893	.1684635	.2062472	0
685.15	0	.6250921	.1686987	.2062092	0
684.15	0	.6248966	.1689321	.2061713	0
683.15	0	.6247028	.1691639	.2061334	0
682.15	0	.6245105	.169394	.2060955	0
681.15	0	.6243197	.1696226	.2060577	0
680.15	0	.6241305	.1698496	.2060199	0
679.15	0	.6239428	.170075	.2059822	0
678.15	0	.6237566	.1702989	.2059445	0
677.15	0	.6235719	.1705213	.2059068	0
676.15	0	.6233886	.1707422	.2058692	0
675.15	0	.6232067	.1709617	.2058316	0
674.15	0	.6230262	.1711797	.2057941	0
673.15	0	.6228471	.1713964	.2057565	0
672.15	0	.6226694	.1716116	.205719	0
671.15	0	.622493	.1718255	.2056816	0
670.15	0	.6223179	.172038	.2056441	0
669.15	0	.6221441	.1722492	.2056067	0
668.15	0	.6219716	.1724591	.2055693	0
667.15	0	.6218003	.1726677	.205532	0
666.15	0	.6216303	.1728751	.2054946	0
665.15	0	.6214615	.1730811	.2054573	0
664.15	0	.621294	.173286	.20542	0
663.15	0	.6211276	.1734896	.2053828	0
662.15	0	.6209624	.1736921	.2053455	0
661.15	0	.6207984	.1738933	.2053083	0
660.15	0	.6206355	.1740934	.2052711	0
659.15	0	.6204737	.1742924	.2052339	0
658.15	0	.6203131	.1744902	.2051967	0
657.15	0	.6201535	.1746869	.2051596	0
656.15	0	.619995	.1748825	.2051224	0
655.15	0	.6198377	.175077	.2050853	0
654.15	0	.6196813	.1752705	.2050482	0
653.15	0	.619526	.1754629	.2050111	0
652.15	0	.6193718	.1756542	.204974	0
651.15	0	.6192185	.1758445	.204937	0
650.15	0	.6190663	.1760338	.2048999	0
649.15	0	.6189151	.1762221	.2048629	0
648.15	0	.6187648	.1764094	.2048259	0
647.15	0	.6186155	.1765957	.2047889	0
646.15	0	.6184672	.176781	.2047518	0
645.15	0	.6183198	.1769654	.2047149	0
644.15	0	.6181733	.1771488	.2046779	0
643.15	0	.6180277	.1773313	.2046409	0
642.15	0	.6178831	.1775129	.204604	0
641.15	0	.6177394	.1776936	.2045671	0
640.15	0	.6175965	.1778733	.2045301	0
639.15	0	.6174546	.1780522	.2044932	0
638.15	0	.6173135	.1782302	.2044563	0
637.15	0	.6171733	.1784073	.2044194	0
636.15	0	.6170339	.1785836	.2043825	0
635.15	0	.6168953	.178759	.2043457	0
634.15	0	.6167576	.1789336	.2043088	0
633.15	0	.6166207	.1791073	.2042719	0
632.15	0	.6164847	.1792803	.2042351	0
631.15	0	.6163494	.1794524	.2041983	0
630.15	0	.6162149	.1796237	.2041614	0
629.15	0	.6160812	.1797942	.2041246	0
628.15	0	.6159483	.1799639	.2040878	0
627.15	0	.6158162	.1801328	.204051	0
626.15	0	.6156848	.180301	.2040143	0
625.15	0	.6155541	.1804684	.2039775	0
624.15	0	.6154243	.180635	.2039407	0
623.15	0	.6152951	.1808009	.203904	0
622.15	0	.6151667	.1809661	.2038672	0
621.15	0	.615039	.1811305	.2038305	0
620.15	0	.6149121	.1812942	.2037938	0
619.15	0	.6147858	.1814571	.2037571	0
618.15	0	.6146602	.1816194	.2037204	0
617.15	0	.6145354	.1817809	.2036837	0
616.15	0	.6144112	.1819418	.2036471	0
615.15	0	.6142877	.1821019	.2036104	0
614.15	0	.6141649	.1822614	.2035737	0
613.15	0	.6140428	.1824201	.2035371	0
612.15	0	.6139213	.1825782	.2035005	0
611.15	0	.6138004	.1827357	.2034639	0
610.15	0	.6136803	.1828924	.2034273	0
609.15	0	.6135607	.1830486	.2033907	0
608.15	0	.6134418	.183204	.2033541	0
607.15	0	.6133236	.1833588	.2033176	0
606.15	0	.613206	.183513	.203281	0
605.15	0	.6130889	.1836665	.2032445	0
604.15	0	.6129726	.1838194	.203208	0
603.15	0	.6128568	.1839717	.2031715	0
602.15	0	.6127416	.1841234	.203135	0
601.15	0	.612627	.1842744	.2030986	0
600.15	0	.612513	.1844249	.2030621	0
599.15	0	.6123996	.1845747	.2030257	0
598.15	0	.6122868	.1847239	.2029893	0
597.15	0	.6121746	.1848725	.2029529	0
596.15	0	.612063	.1850206	.2029165	0
595.15	0	.6119519	.185168	.2028801	0
594.15	0	.6118414	.1853149	.2028438	0
593.15	0	.6117314	.1854611	.2028074	0
592.15	0	.611622	.1856068	.2027711	0
591.15	0	.6115132	.185752	.2027348	0
590.15	0	.6114049	.1858965	.2026986	0
589.15	0	.6112972	.1860405	.2026623	0
588.15	0	.61119	.186184	.2026261	0
587.15	0	.6110833	.1863268	.2025899	0
586.15	0	.6109772	.1864692	.2025537	0
585.15	0	.6108715	.1866109	.2025175	0
584.15	0	.6107665	.1867522	.2024814	0
583.15	0	.6106619	.1868929	.2024452	0
582.15	0	.6105578	.187033	.2024091	0
581.15	0	.6104543	.1871726	.2023731	0
580.15	0	.6103513	.1873117	.202337	0
579.15	0	.6102488	.1874503	.202301	0
578.15	0	.6101467	.1875883	.202265	0
577.15	0	.6100452	.1877258	.202229	0
576.15	0	.6099442	.1878628	.202193	0
575.15	0	.6098436	.1879993	.2021571	0
574.15	0	.6097436	.1881352	.2021212	0
573.15	0	.609644	.1882707	.2020853	0
572.15	0	.6095449	.1884056	.2020495	0
571.15	0	.6094463	.18854	.2020137	0
570.15	0	.6093482	.188674	.2019779	0
569.15	0	.6092505	.1888074	.2019421	0
568.15	0	.6091533	.1889403	.2019064	0
567.15	0	.6090566	.1890727	.2018707	0
566.15	0	.6089603	.1892047	.201835	0
565.15	0	.6088645	.1893361	.2017993	0
564.15	0	.6087692	.1894671	.2017637	0
563.15	0	.6086743	.1895976	.2017282	0
562.15	0	.6085798	.1897276	.2016926	0
561.15	0	.6084858	.1898571	.2016571	0
560.15	0	.6083923	.1899861	.2016216	0
559.15	0	.6082992	.1901147	.2015862	0
558.15	0	.6082065	.1902428	.2015507	0
557.15	0	.6081143	.1903704	.2015154	0
556.15	0	.6080225	.1904975	.20148	0
555.15	0	.6079311	.1906242	.2014447	0
554.15	0	.6078402	.1907504	.2014094	0
553.15	0	.6077497	.1908761	.2013742	0
552.15	0	.6076596	.1910014	.201339	0
551.15	0	.6075699	.1911262	.2013039	0
550.15	0	.6074807	.1912506	.2012687	0
549.15	0	.6073918	.1913745	.2012336	0
548.15	0	.6073034	.191498	.2011986	0
547.15	0	.6072154	.191621	.2011636	0
546.15	0	.6071279	.1917435	.2011286	0
545.15	0	.6070407	.1918656	.2010937	0
544.15	0	.6069539	.1919872	.2010588	0
543.15	0	.6068676	.1921084	.201024	0
542.15	0	.6067816	.1922292	.2009892	0
541.15	0	.606696	.1923495	.2009545	0
540.15	0	.6066109	.1924694	.2009198	0
539.15	0	.6065261	.1925888	.2008851	0
538.15	0	.6064417	.1927078	.2008505	0
537.15	0	.6063578	.1928263	.2008159	0
536.15	0	.6062742	.1929445	.2007814	0
535.15	0	.606191	.1930621	.2007469	0
534.15	0	.6061082	.1931794	.2007125	0
533.15	0	.6060257	.1932962	.2006781	0
532.15	0	.6059438	.1934126	.2006437	0
531.15	0	.6058621	.1935285	.2006094	0
530.15	0	.6057808	.193644	.2005752	0
529.15	0	.6056999	.1937591	.200541	0
528.15	0	.6056194	.1938738	.2005068	0
527.15	0	.6055392	.193988	.2004727	0
526.15	0	.6054595	.1941018	.2004387	0
525.15	0	.6053801	.1942152	.2004047	0
524.15	0	.605301	.1943282	.2003708	0
523.15	0	.6052223	.1944407	.2003369	0
522.15	0	.605144	.1945529	.2003031	0
521.15	0	.6050661	.1946646	.2002693	0
520.15	0	.6049885	.1947759	.2002356	0
519.15	0	.6049113	.1948867	.200202	0
518.15	0	.6048344	.1949972	.2001684	0
517.15	0	.6047579	.1951073	.2001348	0
516.15	0	.6046818	.1952169	.2001014	0
515.15	0	.604606	.1953261	.2000679	0
514.15	0	.6045305	.1954349	.2000346	0
513.15	0	.6044555	.1955433	.2000013	0
512.15	0	.6043807	.1956513	.199968	0
511.15	0	.6043063	.1957588	.1999348	0
510.15	0	.6042323	.195866	.1999017	0
509.15	0	.6041586	.1959728	.1998686	0
508.15	0	.6040853	.1960791	.1998356	0
507.15	0	.6040123	.196185	.1998027	0
506.15	0	.6039396	.1962906	.1997698	0
505.15	0	.6038673	.1963957	.199737	0
504.15	0	.6037954	.1965004	.1997042	0
503.15	0	.6037237	.1966047	.1996716	0
502.15	0	.6036524	.1967087	.1996389	0
501.15	0	.6035815	.1968122	.1996064	0
500.15	0	.6035109	.1969153	.1995739	0
499.15	0	.6034406	.197018	.1995415	0
498.15	0	.6033706	.1971203	.1995091	0
497.15	0	.603301	.1972222	.1994768	0
496.15	0	.6032317	.1973237	.1994446	0
495.15	0	.6031627	.1974248	.1994125	0
494.15	0	.6030941	.1975255	.1993804	0
493.15	0	.6030258	.1976258	.1993484	0
492.15	0	.6029578	.1977257	.1993165	0
491.15	0	.6028902	.1978252	.1992846	0
490.15	0	.6028228	.1979244	.1992528	0
489.15	0	.6027558	.1980231	.1992211	0
488.15	0	.6026892	.1981214	.1991894	0
487.15	0	.6026228	.1982194	.1991579	0
486.15	0	.6025568	.1983169	.1991264	0
485.15	0	.602491	.198414	.1990949	0
484.15	0	.6024256	.1985108	.1990636	0
483.15	0	.6023605	.1986071	.1990323	0
482.15	0	.6022958	.1987031	.1990011	0
481.15	0	.6022313	.1987987	.19897	0
480.15	0	.6021672	.1988939	.198939	0
479.15	0	.6021034	.1989886	.198908	0
478.15	0	.6020398	.199083	.1988771	0
477.15	0	.6019766	.199177	.1988463	0
476.15	0	.6019137	.1992707	.1988156	0
475.15	0	.6018512	.1993639	.198785	0
474.15	0	.6017889	.1994567	.1987544	0
473.15	0	.6017269	.1995492	.1987239	0
472.15	0	.6016652	.1996412	.1986935	0
471.15	0	.6016039	.1997329	.1986632	0
470.15	0	.6015428	.1998242	.198633	0
469.15	0	.6014821	.1999151	.1986028	0
468.15	0	.6014217	.2000056	.1985728	0
467.15	0	.6013615	.2000957	.1985428	0
466.15	0	.6013017	.2001854	.1985129	0
465.15	0	.6012421	.2002748	.1984831	0
464.15	0	.6011829	.2003638	.1984534	0
463.15	0	.601124	.2004523	.1984237	0
462.15	0	.6010653	.2005405	.1983942	0
461.15	0	.601007	.2006283	.1983647	0
460.15	0	.6009489	.2007157	.1983353	0
459.15	0	.6008912	.2008028	.198306	0
458.15	0	.6008337	.2008894	.1982769	0
457.15	0	.6007766	.2009757	.1982477	0
456.15	0	.6007197	.2010616	.1982187	0
455.15	0	.6006631	.2011471	.1981898	0
454.15	0	.6006068	.2012322	.198161	0
453.15	0	.6005508	.2013169	.1981322	0
452.15	0	.6004951	.2014013	.1981036	0
451.15	0	.6004397	.2014853	.198075	0
450.15	0	.6003846	.2015688	.1980466	0
449.15	0	.6003298	.201652	.1980182	0
448.15	0	.6002753	.2017347	.19799	0
447.15	0	.6002211	.2018171	.1979618	0
446.15	0	.6001672	.2018991	.1979338	0
445.15	0	.6001136	.2019806	.1979058	0
444.15	0	.6000603	.2020618	.197878	0
443.15	0	.6000073	.2021425	.1978502	0
442.15	0	.5999546	.2022228	.1978226	0
441.15	0	.5999022	.2023028	.1977951	0
440.15	0	.5998501	.2023822	.1977677	0
439.15	0	.5997983	.2024613	.1977404	0
438.15	0	.5997469	.2025399	.1977132	0
437.15	0	.5996958	.2026181	.1976861	0
436.15	0	.5996449	.2026959	.1976592	0
435.15	0	.5995945	.2027732	.1976324	0
434.15	0	.5995443	.20285	.1976057	0
433.15	0	.5994944	.2029265	.1975791	0
432.15	0	.5994449	.2030025	.1975527	0
431.15	0	.5993957	.203078	.1975263	0
430.15	0	.5993468	.2031531	.1975001	0
429.15	0	.5992982	.2032277	.1974741	0
428.15	0	.59925	.2033018	.1974482	0
427.15	0	.5992021	.2033755	.1974223	0
426.15	0	.5991545	.2034488	.1973967	0
425.15	0	.5991073	.2035216	.1973711	0
424.15	0	.5990603	.2035939	.1973457	0
423.15	0	.5990138	.2036658	.1973205	0
422.15	0	.5989675	.2037372	.1972953	0
421.15	0	.5989215	.2038082	.1972703	0
420.15	0	.5988759	.2038786	.1972455	0
419.15	0	.5988306	.2039487	.1972207	0
418.15	0	.5987857	.2040182	.1971961	0
417.15	0	.598741	.2040873	.1971717	0
416.15	0	.5986967	.2041559	.1971474	0
415.15	0	.5986527	.2042241	.1971232	0
414.15	0	.598609	.2042918	.1970992	0
413.15	0	.5985657	.204359	.1970753	0
412.15	0	.5985227	.2044258	.1970515	0
411.15	0	.59848	.2044921	.1970279	0
410.15	0	.5984376	.204558	.1970044	0
409.15	0	.5983955	.2046234	.1969811	0
408.15	0	.5983538	.2046883	.1969579	0
407.15	0	.5983123	.2047528	.1969349	0
406.15	0	.5982712	.2048168	.196912	0
405.15	0	.5982304	.2048804	.1968892	0
404.15	0	.5981899	.2049435	.1968666	0
403.15	0	.5981498	.2050061	.1968441	0
402.15	0	.5981099	.2050683	.1968218	0
401.15	0	.5980703	.2051301	.1967996	0
400.15	0	.5980311	.2051914	.1967776	0
399.15	0	.5979921	.2052522	.1967557	0
398.15	0	.5979535	.2053126	.1967339	0
397.15	0	.5979151	.2053726	.1967123	0
396.15	0	.5978771	.2054321	.1966908	0
395.15	0	.5978394	.2054912	.1966694	0
394.15	0	.5978019	.2055498	.1966482	0
393.15	0	.5977648	.2056081	.1966272	0
392.15	0	.5977279	.2056658	.1966063	0
391.15	0	.5976914	.2057232	.1965855	0
390.15	0	.5976551	.2057801	.1965649	0
389.15	0	.5976191	.2058366	.1965444	0
388.15	0	.5975834	.2058926	.196524	0
387.15	0	.597548	.2059483	.1965038	0
386.15	0	.5975128	.2060035	.1964837	0
385.15	0	.597478	.2060583	.1964637	0
384.15	0	.5974434	.2061127	.1964439	0
383.15	0	.5974091	.2061667	.1964243	0
382.15	0	.597375	.2062202	.1964047	0
381.15	0	.5973413	.2062734	.1963853	0
380.15	0	.5973078	.2063261	.1963661	0
379.15	0	.5972746	.2063785	.196347	0
378.15	0	.5972416	.2064304	.196328	0
377.15	0	.5972089	.206482	.1963091	0
376.15	0	.5971765	.2065331	.1962904	0
375.15	0	.5971443	.2065839	.1962718	0
374.15	0	.5971124	.2066343	.1962534	0
373.15	0	.5970807	.2066843	.196235	0
372.15	0	.5970493	.2067339	.1962169	0
371.15	0	.5970181	.2067831	.1961988	0
370.15	0	.5969872	.2068319	.1961809	0
369.15	0	.5969565	.2068804	.1961631	0
368.15	0	.596926	.2069285	.1961454	0
367.15	0	.5968958	.2069763	.1961279	0
366.15	0	.5968659	.2070236	.1961105	0
365.15	0	.5968362	.2070706	.1960932	0
364.15	0	.5968067	.2071173	.1960761	0
363.15	0	.5967774	.2071636	.1960591	0
362.15	0	.5967484	.2072095	.1960422	0
361.15	0	.5967196	.2072551	.1960254	0
360.15	0	.596691	.2073003	.1960087	0
359.15	0	.5966626	.2073452	.1959922	0
358.15	0	.5966345	.2073897	.1959758	0
357.15	0	.5966065	.2074339	.1959595	0
356.15	0	.5965788	.2074778	.1959434	0
355.15	0	.5965513	.2075213	.1959274	0
354.15	0	.596524	.2075645	.1959115	0
353.15	0	.596497	.2076074	.1958957	0
352.15	0	.5964701	.2076499	.19588	0
351.15	0	.5964434	.2076921	.1958645	0
350.15	0	.5964169	.207734	.195849	0
349.15	0	.5963907	.2077756	.1958337	0
348.15	0	.5963646	.2078169	.1958185	0
347.15	0	.5963387	.2078578	.1958035	0
346.15	0	.596313	.2078985	.1957885	0
345.15	0	.5962875	.2079388	.1957737	0
344.15	0	.5962622	.2079788	.1957589	0
343.15	0	.5962371	.2080186	.1957443	0
342.15	0	.5962122	.208058	.1957298	0
341.15	0	.5961874	.2080972	.1957154	0
340.15	0	.5961628	.208136	.1957012	0
339.15	0	.5961384	.2081746	.195687	0
338.15	0	.5961142	.2082129	.195673	0
337.15	0	.5960901	.2082508	.195659	0
336.15	0	.5960662	.2082886	.1956452	0
335.15	0	.5960425	.208326	.1956315	0
334.15	0	.596019	.2083632	.1956179	0
333.15	0	.5959956	.2084	.1956044	0
332.15	0	.5959724	.2084366	.195591	0
331.15	0	.5959493	.208473	.1955777	0
330.15	0	.5959264	.2085091	.1955645	0
329.15	0	.5959036	.2085449	.1955515	0
328.15	0	.5958811	.2085804	.1955385	0
327.15	0	.5958586	.2086157	.1955256	0
326.15	0	.5958363	.2086508	.1955129	0
325.15	0	.5958142	.2086856	.1955003	0
324.15	0	.5957922	.2087201	.1954877	0
323.15	0	.5957703	.2087544	.1954753	0
322.15	0	.5957486	.2087885	.1954629	0
321.15	0	.595727	.2088223	.1954507	0
320.15	0	.5957056	.2088558	.1954386	0
319.15	0	.5956843	.2088892	.1954265	0
318.15	0	.5956631	.2089223	.1954146	0
317.15	0	.5956421	.2089551	.1954028	0
316.15	0	.5956212	.2089878	.1953911	0
315.15	0	.5956004	.2090202	.1953794	0
314.15	0	.5955798	.2090523	.1953679	0
313.15	0	.5955593	.2090843	.1953565	0
312.15	0	.5955389	.209116	.1953451	0
311.15	0	.5955186	.2091475	.1953339	0
310.15	0	.5954985	.2091788	.1953228	0
309.15	0	.5954784	.2092099	.1953117	0
