T	 BPW(LIQUID)	BPW(BCC_A2)	BPW(FCC_A1)	BPW(LAVES_PHASE_C14)	BPW(NI3TI)
1473.15	0	.703168	.296832	0	0
1472.15	0	.7009644	.2990356	0	0
1471.15	0	.6987663	.3012337	0	0
1470.15	0	.6965737	.3034263	0	0
1469.15	0	.6943866	.3056134	0	0
1468.15	0	.6922051	.3077949	0	0
1467.15	0	.690029	.309971	0	0
1466.15	0	.6878584	.3121416	0	0
1465.15	0	.6856933	.3143067	0	0
1464.15	0	.6835337	.3164663	0	0
1463.15	0	.6813795	.3186205	0	0
1462.15	0	.6792308	.3207692	0	0
1461.15	0	.6770876	.3229124	0	0
1460.15	0	.6749498	.3250502	0	0
1459.15	0	.6728175	.3271825	0	0
1458.15	0	.6706906	.3293094	0	0
1457.15	0	.6685692	.3314308	0	0
1456.15	0	.6664532	.3335468	0	0
1455.15	0	.6643426	.3356574	0	0
1454.15	0	.6622374	.3377626	0	0
1453.15	0	.6601377	.3398623	0	0
1452.15	0	.6580434	.3419566	0	0
1451.15	0	.6559544	.3440456	0	0
1450.15	0	.6538709	.3461291	0	0
1449.15	0	.6517928	.3482072	0	0
1448.15	0	.6497201	.3502799	0	0
1447.15	0	.6476527	.3523473	0	0
1446.15	0	.6455908	.3544092	0	0
1445.15	0	.6435342	.3564658	0	0
1444.15	0	.641483	.358517	0	0
1443.15	0	.6394372	.3605628	0	0
1442.15	0	.6373967	.3626033	0	0
1441.15	0	.6353616	.3646384	0	0
1440.15	0	.6333319	.3666681	0	0
1439.15	0	.6313075	.3686925	0	0
1438.15	0	.6292885	.3707115	0	0
1437.15	0	.6272748	.3727252	0	0
1436.15	0	.6252664	.3747336	0	0
1435.15	0	.6232635	.3767366	0	0
1434.15	0	.6212658	.3787342	0	0
1433.15	0	.6192735	.3807265	0	0
1432.15	0	.6172865	.3827135	0	0
1431.15	0	.6153048	.3846952	0	0
1430.15	0	.6133285	.3866715	0	0
1429.15	0	.6113575	.3886426	0	0
1428.15	0	.6093918	.3906083	0	0
1427.15	0	.6074314	.3925686	0	0
1426.15	0	.6054763	.3945237	0	0
1425.15	0	.6035265	.3964735	0	0
1424.15	0	.6015821	.3984179	0	0
1423.15	0	.5996429	.4003571	0	0
1422.15	0	.5977091	.4022909	0	0
1421.15	0	.5957806	.4042194	0	0
1420.15	0	.5938573	.4061427	0	0
1419.15	0	.5919394	.4080606	0	0
1418.15	0	.5900267	.4099733	0	0
1417.15	0	.5881194	.4118806	0	0
1416.15	0	.5862173	.4137827	0	0
1415.15	0	.5843205	.4156795	0	0
1414.15	0	.582429	.417571	0	0
1413.15	0	.5805428	.4194572	0	0
1412.15	0	.5786619	.4213381	0	0
1411.15	0	.5767863	.4232137	0	0
1410.15	0	.5749159	.4250841	0	0
1409.15	0	.5730509	.4269491	0	0
1408.15	0	.5711911	.4288089	0	0
1407.15	0	.5693365	.4306635	0	0
1406.15	0	.5674873	.4325127	0	0
1405.15	0	.5656434	.4343566	0	0
1404.15	0	.5638047	.4361953	0	0
1403.15	0	.5619713	.4380287	0	0
1402.15	0	.5601432	.4398568	0	0
1401.15	0	.5583203	.4416797	0	0
1400.15	0	.5565027	.4434973	0	0
1399.15	0	.5546904	.4453096	0	0
1398.15	0	.5528834	.4471166	0	0
1397.15	0	.5510816	.4489184	0	0
1396.15	0	.5492852	.4507148	0	0
1395.15	0	.547494	.452506	0	0
1394.15	0	.545708	.454292	0	0
1393.15	0	.5439274	.4560726	0	0
1392.15	0	.542152	.457848	0	0
1391.15	0	.5403819	.4596181	0	0
1390.15	0	.5386171	.4613829	0	0
1389.15	0	.5368575	.4631425	0	0
1388.15	0	.5351033	.4648967	0	0
1387.15	0	.5333543	.4666457	0	0
1386.15	0	.5316106	.4683894	0	0
1385.15	0	.5298722	.4701278	0	0
1384.15	0	.528139	.471861	0	0
1383.15	0	.5264112	.4735888	0	0
1382.15	0	.5246886	.4753114	0	0
1381.15	0	.5229714	.4770286	0	0
1380.15	0	.5212594	.4787406	0	0
1379.15	0	.5195527	.4804473	0	0
1378.15	0	.5178513	.4821487	0	0
1377.15	0	.5161552	.4838448	0	0
1376.15	0	.5144644	.4855356	0	0
1375.15	0	.5127789	.4872211	0	0
1374.15	0	.5110987	.4889013	0	0
1373.15	0	.5094238	.4905762	0	0
1372.15	0	.5077543	.4922457	0	0
1371.15	0	.50609	.49391	0	0
1370.15	0	.504431	.495569	0	0
1369.15	0	.5027774	.4972226	0	0
1368.15	0	.5011291	.4988709	0	0
1367.15	0	.4994861	.5005139	0	0
1366.15	0	.4978484	.5021516	0	0
1365.15	0	.4962161	.5037839	0	0
1364.15	0	.4945891	.5054109	0	0
1363.15	0	.4929674	.5070326	0	0
1362.15	0	.4913511	.5086489	0	0
1361.15	0	.4897401	.5102599	0	0
1360.15	0	.4881345	.5118655	0	0
1359.15	0	.4865342	.5134658	0	0
1358.15	0	.4849393	.5150607	0	0
1357.15	0	.4833498	.5166502	0	0
1356.15	0	.4817656	.5182344	0	0
1355.15	0	.4801868	.5198133	0	0
1354.15	0	.4786133	.5213867	0	0
1353.15	0	.4770452	.5229548	0	0
1352.15	0	.4754826	.5245174	0	0
1351.15	0	.4739253	.5260747	0	0
1350.15	0	.4723734	.5276266	0	0
1349.15	0	.4708269	.5291731	0	0
1348.15	0	.4692858	.5307142	0	0
1347.15	0	.4677501	.5322499	0	0
1346.15	0	.4662198	.5337802	0	0
1345.15	0	.464695	.535305	0	0
1344.15	0	.4631756	.5368244	0	0
1343.15	0	.4616616	.5383384	0	0
1342.15	0	.4601531	.5398469	0	0
1341.15	0	.45865	.54135	0	0
1340.15	0	.4571524	.5428476	0	0
1339.15	0	.4556602	.5443398	0	0
1338.15	0	.4541735	.5458265	0	0
1337.15	0	.4526922	.5473078	0	0
1336.15	0	.4512165	.5487835	0	0
1335.15	0	.4497462	.5502538	0	0
1334.15	0	.4482814	.5517186	0	0
1333.15	0	.4468222	.5531778	0	0
1332.15	0	.4453684	.5546316	0	0
1331.15	0	.4439202	.5560799	0	0
1330.15	0	.4424774	.5575226	0	0
1329.15	0	.4410402	.5589598	0	0
1328.15	0	.4396086	.5603914	0	0
1327.15	0	.4381825	.5618175	0	0
1326.15	0	.4367619	.5632381	0	0
1325.15	0	.4353469	.5646531	0	0
1324.15	0	.4339375	.5660625	0	0
1323.15	0	.4325337	.5674663	0	0
1322.15	0	.4311354	.5688646	0	0
1321.15	0	.4297428	.5702572	0	0
1320.15	0	.4283557	.5716443	0	0
1319.15	0	.4269743	.5730257	0	0
1318.15	0	.4255985	.5744015	0	0
1317.15	0	.4242283	.5757717	0	0
1316.15	0	.4228638	.5771362	0	0
1315.15	0	.4215049	.5784951	0	0
1314.15	0	.4201517	.5798483	0	0
1313.15	0	.4188042	.5811958	0	0
1312.15	0	.4174624	.5825376	0	0
1311.15	0	.4161262	.5838738	0	0
1310.15	0	.4147958	.5852042	0	0
1309.15	0	.413471	.586529	0	0
1308.15	0	.412152	.587848	0	0
1307.15	0	.4108387	.5891613	0	0
1306.15	0	.4095312	.5904688	0	0
1305.15	0	.4082294	.5917706	0	0
1304.15	0	.4069334	.5930666	0	0
1303.15	0	.4056432	.5943568	0	0
1302.15	0	.4043588	.5956412	0	0
1301.15	0	.4030801	.5969199	0	0
1300.15	0	.4018073	.5981927	0	0
1299.15	0	.4005403	.5994597	0	0
1298.15	0	.3992792	.6007208	0	0
1297.15	0	.3980239	.6019761	0	0
1296.15	0	.3967744	.6032256	0	0
1295.15	0	.3955309	.6044691	0	0
1294.15	0	.3942932	.6057068	0	0
1293.15	0	.3930614	.6069386	0	0
1292.15	0	.3918356	.6081644	0	0
1291.15	0	.3906156	.6093844	0	0
1290.15	0	.3894017	.6105984	0	0
1289.15	0	.3881936	.6118064	0	0
1288.15	0	.3869915	.6130085	0	0
1287.15	0	.3857955	.6142046	0	0
1286.15	0	.3846054	.6153947	0	0
1285.15	0	.3834213	.6165787	0	0
1284.15	0	.3822432	.6177568	0	0
1283.15	0	.3810712	.6189288	0	0
1282.15	0	.3799052	.6200948	0	0
1281.15	0	.3787453	.6212547	0	0
1280.15	0	.3775914	.6224086	0	0
1279.15	0	.3764437	.6235563	0	0
1278.15	0	.375302	.624698	0	0
1277.15	0	.3741665	.6258335	0	0
1276.15	0	.3730372	.6269628	0	0
1275.769	0	.3726087	.6273913	0	0
1275.769	0	.3726087	.6273913	0	0
1275.769	0	.3726087	.6273913	0	0
1275.15	0	.371253	.6284565	2.904867E-04	0
1274.15	0	.3690703	.6301713	7.58407E-04	0
1273.15	0	.366896	.6318792	.001224828	0
1272.15	0	.36473	.6335802	.001689755	0
1271.15	0	.3625725	.6352744	.002153192	0
1270.15	0	.3604233	.6369616	.002615144	0
1269.15	0	.3582826	.6386418	.003075616	0
1268.15	0	.3561503	.6403151	.003534612	0
1267.15	0	.3540265	.6419814	.003992138	0
1266.15	0	.3519111	.6436407	.004448198	0
1265.15	0	.3498042	.645293	.004902797	0
1264.15	0	.3477059	.6469382	.005355938	0
1263.15	0	.345616	.6485764	.005807628	0
1262.15	0	.3435347	.6502075	.00625787	0
1261.15	0	.3414619	.6518314	.006706668	0
1260.15	0	.3393977	.6534483	.007154028	0
1259.15	0	.3373421	.655058	.007599954	0
1258.15	0	.3352951	.6566605	.008044449	0
1257.15	0	.3332567	.6582558	.00848752	0
1256.15	0	.3312269	.6598439	.008929169	0
1255.15	0	.3292058	.6614248	.009369401	0
1254.15	0	.3271934	.6629984	.009808221	0
1253.15	0	.3251897	.6645647	.01024563	0
1252.15	0	.3231947	.6661236	.01068164	0
1251.15	0	.3212085	.6676753	.01111625	0
1250.15	0	.319231	.6692196	.01154946	0
1249.15	0	.3172623	.6707564	.01198128	0
1248.15	0	.3153024	.6722859	.01241171	0
1247.15	0	.3133513	.6738079	.01284076	0
1246.15	0	.3114091	.6753224	.01326843	0
1245.15	0	.3094758	.6768295	.01369473	0
1244.15	0	.3075514	.678329	.01411965	0
1243.15	0	.3056359	.6798209	.01454321	0
1242.15	0	.3037293	.6813053	.0149654	0
1241.15	0	.3018317	.682782	.01538624	0
1240.15	0	.2999431	.6842511	.01580572	0
1239.15	0	.2980636	.6857126	.01622384	0
1238.15	0	.2961931	.6871663	.01664062	0
1237.15	0	.2943317	.6886123	.01705606	0
1236.15	0	.2924793	.6900505	.01747015	0
1235.15	0	.2906362	.6914809	.01788291	0
1234.15	0	.2888021	.6929035	.01829434	0
1233.15	0	.2869773	.6943183	.01870444	0
1232.15	0	.2851617	.6957251	.01911321	0
1231.15	0	.2833554	.697124	.01952066	0
1230.15	0	.2815583	.6985149	.01992679	0
1229.15	0	.2797705	.6998979	.02033161	0
1228.15	0	.2779921	.7012728	.02073512	0
1227.15	0	.276223	.7026396	.02113732	0
1226.15	0	.2744634	.7039984	.02153821	0
1225.15	0	.2727132	.705349	.02193781	0
1224.15	0	.2709725	.7066914	.02233611	0
1223.15	0	.2692412	.7080257	.02273312	0
1222.15	0	.2675195	.7093517	.02312883	0
1221.15	0	.2658074	.7106693	.02352326	0
1220.15	0	.2641049	.7119787	.02391641	0
1219.15	0	.262412	.7132797	.02430828	0
1218.15	0	.2607288	.7145723	.02469887	0
1217.15	0	.2590553	.7158565	.02508819	0
1216.15	0	.2573916	.7171322	.02547623	0
1215.15	0	.2557376	.7183993	.02586302	0
1214.15	0	.2540935	.719658	.02624853	0
1213.15	0	.2524592	.720908	.02663279	0
1212.15	0	.2508349	.7221493	.02701579	0
1211.15	0	.2492205	.723382	.02739754	0
1210.15	0	.247616	.7246059	.02777804	0
1209.15	0	.2460216	.7258211	.02815728	0
1208.15	0	.2444373	.7270274	.02853529	0
1207.15	0	.242863	.7282249	.02891205	0
1206.15	0	.2412989	.7294135	.02928758	0
1205.15	0	.239745	.7305931	.02966187	0
1204.15	0	.2382013	.7317638	.03003492	0
1203.15	0	.2366679	.7329254	.03040675	0
1202.15	0	.2351448	.7340779	.03077735	0
1201.15	0	.2336321	.7352212	.03114673	0
1200.15	0	.2321297	.7363554	.03151489	0
1199.15	0	.2306379	.7374803	.03188183	0
1198.15	0	.2291565	.738596	.03224756	0
1197.15	0	.2276856	.7397023	.03261207	0
1196.15	0	.2262254	.7407993	.03297538	0
1195.15	0	.2247758	.7418868	.03333748	0
1194.15	0	.2233368	.7429648	.03369837	0
1193.15	0	.2219086	.7440333	.03405807	0
1192.15	0	.2204912	.7450922	.03441656	0
1191.15	0	.2190846	.7461415	.03477387	0
1190.15	0	.2176889	.7471811	.03512998	0
1189.15	0	.2163042	.7482109	.0354849	0
1188.15	0	.2149304	.749231	.03583863	0
1187.15	0	.2135677	.7502412	.03619118	0
1186.15	0	.212216	.7512415	.03654255	0
1185.15	0	.2108755	.7522318	.03689273	0
1184.15	0	.2095462	.7532121	.03724175	0
1183.15	0	.2082281	.7541823	.03758958	0
1182.15	0	.2069213	.7551424	.03793625	0
1181.15	0	.2056259	.7560924	.03828175	0
1180.15	0	.2043419	.757032	.03862608	0
1179.15	0	.2030694	.7579614	.03896925	0
1178.15	0	.2018083	.7588804	.03931126	0
1177.15	0	.2005589	.759789	.0396521	0
1176.15	0	.1993211	.7606871	.03999179	0
1175.15	0	.198095	.7615747	.04033033	0
1174.15	0	.1968807	.7624516	.04066772	0
1173.15	0	.1956781	.7633179	.04100396	0
1172.15	0	.1944875	.7641735	.04133905	0
1171.15	0	.1933088	.7650183	.041673	0
1170.15	0	.192142	.7658522	.0420058	0
1169.15	0	.1909874	.7666752	.04233747	0
1168.15	0	.1898448	.7674872	.042668	0
1167.15	0	.1887144	.7682882	.04299739	0
1166.15	0	.1875963	.7690781	.04332565	0
1165.15	0	.1864905	.7698568	.04365278	0
1164.15	0	.185397	.7706242	.04397878	0
1163.15	0	.1843159	.7713804	.04430366	0
1162.15	0	.1832474	.7721252	.04462742	0
1161.15	0	.1821914	.7728585	.04495005	0
1160.15	0	.1811481	.7735804	.04527157	0
1159.15	0	.1801174	.7742906	.04559196	0
1158.15	0	.1790995	.7749892	.04591125	0
1157.15	0	.1780944	.7756762	.04622942	0
1156.15	0	.1771023	.7763513	.04654648	0
1155.15	0	.176123	.7770145	.04686243	0
1154.15	0	.1751568	.777666	.04717729	0
1153.15	0	.1742037	.7783053	.04749103	0
1152.15	0	.1732637	.7789326	.04780367	0
1151.15	0	.172337	.7795478	.04811521	0
1150.15	0	.1714236	.7801507	.04842566	0
1149.15	0	.1705236	.7807414	.04873501	0
1148.15	0	.1696371	.7813197	.04904327	0
1147.15	0	.168764	.7818856	.04935043	0
1146.15	0	.1679046	.7824389	.04965651	0
1145.15	0	.1670588	.7829797	.0499615	0
1144.15	0	.1662267	.7835079	.05026541	0
1143.15	0	.1654084	.7840233	.05056823	0
1142.15	0	.164604	.784526	.05086997	0
1141.15	0	.1638136	.7850158	.05117064	0
1140.15	0	.1630372	.7854926	.05147023	0
1139.15	0	.1622749	.7859564	.05176874	0
1138.15	0	.1615268	.7864071	.05206618	0
1137.15	0	.1607929	.7868446	.05236255	0
1136.15	0	.1600733	.7872688	.05265785	0
1135.15	0	.1593682	.7876798	.05295209	0
1134.15	0	.1586775	.7880773	.05324526	0
1133.15	0	.1580013	.7884613	.05353737	0
1132.15	0	.1573398	.7888318	.05382841	0
1131.15	0	.156693	.7891886	.0541184	0
1130.15	0	.1560609	.7895317	.05440734	0
1129.15	0	.1554437	.7898611	.05469521	0
1128.15	0	.1548415	.7901765	.05498204	0
1127.15	0	.1542542	.790478	.05526782	0
1126.15	0	.153682	.7907654	.05555254	0
1125.15	0	.153125	.7910388	.05583622	0
1124.15	0	.1525832	.7912979	.05611885	0
1123.15	0	.1520567	.7915428	.05640045	0
1122.15	0	.1515457	.7917733	.056681	0
1121.15	0	.1510501	.7919894	.05696051	0
1120.15	0	.15057	.792191	.05723898	0
1119.15	0	.1501056	.792378	.05751642	0
1118.15	0	.1496568	.7925504	.05779283	0
1117.15	0	.1492238	.792708	.05806821	0
1116.15	0	.1488067	.7928507	.05834255	0
1115.15	0	.1484055	.7929786	.05861587	0
1114.15	0	.1480204	.7930915	.05888817	0
1113.15	0	.1476513	.7931893	.05915944	0
1112.15	0	.1472983	.793272	.05942969	0
1111.15	0	.1469616	.7933395	.05969892	0
1110.15	0	.1466413	.7933916	.05996713	0
1109.15	0	.1463373	.7934284	.06023433	0
1108.15	0	.1460497	.7934498	.06050051	0
1107.15	0	.1457788	.7934556	.06076568	0
1106.15	0	.1455244	.7934458	.06102985	0
1105.15	0	.1452867	.7934203	.061293	0
1104.15	0	.1450658	.793379	.06155515	0
1103.15	0	.1448617	.793322	.0618163	0
1102.15	0	.1446746	.793249	.06207644	0
1101.15	0	.1445044	.79316	.06233559	0
1100.15	0	.1443513	.7930549	.06259373	0
1099.15	0	.1442154	.7929337	.06285089	0
1098.15	0	.1440966	.7927964	.06310704	0
1097.15	0	.1439951	.7926427	.06336221	0
1096.15	0	.143911	.7924726	.06361639	0
1095.15	0	.1438443	.7922862	.06386958	0
1094.15	0	.143795	.7920832	.06412178	0
1093.15	0	.1437634	.7918636	.064373	0
1092.15	0	.1437493	.7916274	.06462324	0
1091.15	0	.143753	.7913745	.0648725	0
1090.15	0	.1437744	.7911048	.06512078	0
1089.15	0	.1438136	.7908183	.06536809	0
1088.15	0	.1438708	.7905148	.06561442	0
1087.15	0	.1439458	.7901944	.06585978	0
1086.15	0	.1440389	.7898569	.06610418	0
1085.15	0	.1441501	.7895023	.0663476	0
1084.15	0	.1442795	.7891305	.06659006	0
1083.15	0	.144427	.7887414	.06683156	0
1082.15	0	.1445928	.7883351	.0670721	0
1081.15	0	.1447769	.7879114	.06731168	0
1080.15	0	.1449794	.7874703	.0675503	0
1079.15	0	.1452004	.7870117	.06778797	0
1078.15	0	.1454398	.7865355	.06802469	0
1077.15	0	.1456978	.7860418	.06826046	0
1076.15	0	.1459743	.7855304	.06849528	0
1075.15	0	.1462695	.7850013	.06872915	0
1074.15	0	.1465835	.7844545	.06896208	0
1073.15	0	.1469161	.7838898	.06919407	0
1072.15	0	.1472676	.7833073	.06942512	0
1071.15	0	.1476379	.7827069	.06965523	0
1070.15	0	.1480271	.7820885	.06988441	0
1069.15	0	.1484352	.7814522	.07011266	0
1068.15	0	.1488622	.7807978	.07033997	0
1067.15	0	.1493083	.7801253	.07056636	0
1066.15	0	.1497734	.7794347	.07079182	0
1065.15	0	.1502577	.778726	.07101636	0
1064.15	0	.150761	.7779991	.07123997	0
1063.15	0	.1512835	.7772539	.07146267	0
1062.15	0	.1518251	.7764904	.07168445	0
1061.15	0	.152386	.7757087	.07190531	0
1060.15	0	.1529661	.7749086	.07212527	0
1059.15	0	.1535655	.7740902	.07234431	0
1058.15	0	.1541841	.7732534	.07256244	0
1057.15	0	.1548221	.7723983	.07277967	0
1056.15	0	.1554794	.7715246	.072996	0
1055.15	0	.156156	.7706326	.07321142	0
1054.15	0	.156852	.7697221	.07342594	0
1053.15	0	.1575674	.7687931	.07363957	0
1052.15	0	.1583021	.7678456	.0738523	0
1051.15	0	.1590563	.7668796	.07406415	0
1050.15	0	.1598299	.7658951	.07427509	0
1049.15	0	.1606228	.764892	.07448516	0
1048.15	0	.1614352	.7638705	.07469433	0
1047.15	0	.162267	.7628304	.07490262	0
1046.15	0	.1631182	.7617718	.07511004	0
1045.15	0	.1639888	.7606946	.07531657	0
1044.15	0	.1648788	.759599	.07552222	0
1043.15	0	.1657882	.7584848	.075727	0
1042.15	0	.166717	.7573521	.0759309	0
1041.15	0	.1676651	.756201	.07613394	0
1040.15	0	.1686326	.7550313	.07633611	0
1039.15	0	.1696194	.7538432	.07653741	0
1038.15	0	.1706255	.7526367	.07673784	0
1037.15	0	.1716509	.7514117	.07693741	0
1036.15	0	.1726955	.7501683	.07713612	0
1035.15	0	.1737594	.7489066	.07733398	0
1034.15	0	.1748425	.7476265	.07753097	0
1033.15	0	.1759447	.7463281	.07772711	0
1032.15	0	.1770661	.7450115	.0779224	0
1031.15	0	.1782066	.7436766	.07811684	0
1030.15	0	.1793661	.7423235	.07831043	0
1029.15	0	.1805446	.7409523	.07850317	0
1028.15	0	.181742	.7395629	.07869507	0
1027.15	0	.1829583	.7381556	.07888612	0
1026.15	0	.1841935	.7367301	.07907633	0
1025.15	0	.1854475	.7352868	.0792657	0
1024.15	0	.1867202	.7338256	.07945422	0
1023.15	0	.1880116	.7323465	.07964192	0
1022.15	0	.1893216	.7308496	.07982877	0
1021.15	0	.1906502	.7293351	.08001479	0
1020.15	0	.1919972	.7278029	.08019998	0
1019.15	0	.1933626	.7262531	.08038434	0
1018.15	0	.1947463	.7246858	.08056786	0
1017.15	0	.1961483	.7231012	.08075056	0
1016.15	0	.1975684	.7214992	.08093242	0
1015.15	0	.1990067	.7198799	.08111346	0
1014.15	0	.2004629	.7182435	.08129368	0
1013.15	0	.201937	.7165899	.08147306	0
1012.15	0	.2034289	.7149194	.08165163	0
1011.15	0	.2049386	.713232	.08182937	0
1010.15	0	.2064659	.7115278	.08200628	0
1009.15	0	.2080107	.7098069	.08218238	0
1008.15	0	.209573	.7080694	.08235765	0
1007.15	0	.2111525	.7063154	.0825321	0
1006.15	0	.2127493	.704545	.08270573	0
1005.15	0	.2143631	.7027583	.08287853	0
1004.15	0	.215994	.7009555	.08305052	0
1003.15	0	.2176417	.6991366	.08322168	0
1002.15	0	.2193062	.6973018	.08339203	0
1001.15	0	.2209873	.6954512	.08356155	0
1000.15	0	.2226849	.6935849	.08373024	0
999.15	0	.2243989	.691703	.08389812	0
998.15	0	.2261291	.6898058	.08406517	0
997.15	0	.2278754	.6878932	.0842314	0
996.15	0	.2296378	.6859654	.08439681	0
995.15	0	.231416	.6840227	.08456139	0
994.15	0	.2332098	.682065	.08472514	0
993.15	0	.2350193	.6800926	.08488806	0
992.15	0	.2368442	.6781056	.08505016	0
991.15	0	.2386844	.6761042	.08521142	0
990.15	0	.2405397	.6740885	.08537185	0
989.15	0	.24241	.6720586	.08553144	0
988.15	0	.2442951	.6700147	.08569019	0
987.15	0	.2461949	.667957	.08584811	0
986.15	0	.2481092	.6658857	.08600518	0
985.15	0	.2500378	.6638008	.08616141	0
984.15	0	.2519807	.6617026	.08631679	0
983.15	0	.2539375	.6595912	.08647132	0
982.15	0	.2559083	.6574667	.08662499	0
981.15	0	.2578927	.6553295	.08677781	0
980.15	0	.2598907	.6531796	.08692977	0
979.15	0	.261902	.6510172	.08708085	0
978.15	0	.2639265	.6488424	.08723107	0
977.15	0	.265964	.6466556	.08738041	0
976.15	0	.2680143	.6444568	.08752888	0
975.15	0	.2700773	.6422463	.08767645	0
974.15	0	.2721527	.6400242	.08782314	0
973.15	0	.2742404	.6377906	.08796893	0
972.15	0	.2763402	.635546	.08811382	0
971.15	0	.2784519	.6332903	.08825781	0
970.15	0	.2805754	.6310238	.08840087	0
969.15	0	.2827103	.6287467	.08854302	0
968.15	0	.2848566	.6264591	.08868424	0
967.15	0	.2870141	.6241614	.08882452	0
966.15	0	.2891824	.6218537	.08896386	0
965.15	0	.2913616	.6195362	.08910224	0
964.15	0	.2935512	.6172091	.08923967	0
963.15	0	.2957513	.6148726	.08937612	0
962.15	0	.2979614	.612527	.0895116	0
961.15	0	.3001815	.6101724	.08964609	0
960.15	0	.3024114	.6078091	.08977957	0
959.15	0	.3046507	.6054372	.08991205	0
958.15	0	.3068994	.6030571	.0900435	0
957.15	0	.3091572	.6006688	.09017393	0
956.15	0	.3114239	.5982728	.0903033	0
955.15	0	.3136993	.5958691	.09043162	0
954.15	0	.3158843	.5935505	.09056514	0
953.15	0	.3180642	.591237	.09069879	0
952.15	0	.3202756	.5888942	.09083023	0
951.15	0	.322517	.5865235	.0909595	0
950.15	0	.3247866	.5841268	.09108664	0
949.15	0	.3270828	.5817055	.09121167	0
948.15	0	.3294041	.5792612	.09133463	0
947.15	0	.3317491	.5767954	.09145555	0
946.15	0	.3341163	.5743093	.09157446	0
945.15	0	.3365042	.5718044	.09169137	0
944.15	0	.3389116	.5692821	.09180632	0
943.15	0	.3413372	.5667435	.09191932	0
942.15	0	.3437797	.5641899	.0920304	0
941.15	0	.3462379	.5616225	.09213957	0
940.15	0	.3487107	.5590425	.09224686	0
939.15	0	.3511969	.5564508	.09235227	0
938.15	0	.3536955	.5538487	.09245583	0
937.15	0	.3562053	.5512371	.09255755	0
936.15	0	.3587255	.5486171	.09265744	0
935.15	0	.3612549	.5459896	.09275551	0
934.15	0	.3637927	.5433555	.09285178	0
933.15	0	.366338	.5407157	.09294626	0
932.15	0	.3688899	.5380712	.09303896	0
931.15	0	.3714474	.5354227	.09312988	0
930.15	0	.3740099	.5327711	.09321904	0
929.15	0	.3765764	.5301171	.09330644	0
928.15	0	.3791463	.5274616	.09339209	0
927.15	0	.3817188	.5248053	.09347601	0
926.15	0	.3842931	.5221488	.09355819	0
925.15	0	.3868685	.5194928	.09363864	0
924.15	0	.3894445	.5168381	.09371737	0
923.15	0	.3920203	.5141853	.09379438	0
922.15	0	.3945953	.511535	.09386969	0
921.15	0	.3971689	.5088878	.09394329	0
920.15	0	.3997406	.5062443	.09401519	0
919.15	0	.4023096	.503605	.0940854	0
918.15	0	.4048756	.5009705	.09415391	0
917.15	0	.4074379	.4983414	.09422074	0
916.15	0	.409996	.4957181	.09428588	0
915.15	0	.4125495	.4931012	.09434935	0
914.15	0	.4150978	.490491	.09441114	0
913.15	0	.4176405	.4878882	.09447127	0
912.15	0	.4201772	.4852931	.09452973	0
911.15	0	.4227073	.4827062	.09458652	0
910.15	0	.4252305	.4801278	.09464166	0
909.15	0	.4277464	.4775585	.09469515	0
908.15	0	.4302545	.4749986	.09474698	0
907.15	0	.4327544	.4724484	.09479717	0
906.15	0	.4352458	.4699084	.09484572	0
905.15	0	.4377284	.467379	.09489263	0
904.15	0	.4402017	.4648604	.09493791	0
903.15	0	.4426655	.462353	.09498156	0
902.15	0	.4451193	.4598571	.09502359	0
901.15	0	.4475629	.4573731	.09506401	0
900.15	0	.449996	.4549012	.0951028	0
899.15	0	.4524182	.4524418	.09514	0
898.15	0	.4548293	.4499951	.09517559	0
897.15	0	.457229	.4475614	.09520959	0
896.15	0	.459617	.445141	.09524199	0
895.15	0	.4619929	.4427342	.09527282	0
894.15	0	.4643567	.4403412	.09530206	0
893.15	0	.466708	.4379622	.09532974	0
892.15	0	.4690466	.4355975	.09535586	0
891.15	0	.4713722	.4332474	.09538043	0
890.15	0	.4736847	.4309119	.09540344	0
889.15	0	.4759837	.4285914	.09542492	0
888.15	0	.4782691	.4262861	.09544488	0
887.15	0	.4805406	.423996	.09546331	0
886.15	0	.4827982	.4217216	.09548023	0
885.15	0	.4850415	.4194629	.09549565	0
884.15	0	.4872704	.41722	.09550958	0
883.15	0	.4894847	.4149932	.09552203	0
882.15	0	.4916843	.4127827	.09553301	0
881.15	0	.4938689	.4105885	.09554253	0
880.15	0	.4960385	.4084109	.0955506	0
879.15	0	.4981928	.40625	.09555723	0
878.15	0	.5003317	.4041059	.09556245	0
877.15	0	.5024551	.4019787	.09556625	0
876.15	0	.5045628	.3998686	.09556866	0
875.15	0	.5066547	.3977756	.09556968	0
874.15	0	.5087307	.3956999	.09556932	0
873.15	0	.5107907	.3936417	.09556761	0
872.15	0	.5128346	.3916009	.09556456	0
871.15	0	.5148622	.3895777	.09556018	0
870.15	0	.5168735	.3875721	.09555448	0
869.15	0	.5188683	.3855842	.09554749	0
868.15	0	.5208466	.3836142	.09553921	0
867.15	0	.5228084	.3816619	.09552966	0
866.15	0	.5247535	.3797276	.09551886	0
865.15	0	.5266819	.3778113	.09550682	0
864.15	0	.5285935	.3759129	.09549356	0
863.15	0	.5304883	.3740326	.09547909	0
862.15	0	.5323663	.3721703	.09546344	0
861.15	0	.5342273	.3703261	.09544661	0
860.15	0	.5360714	.3684999	.09542863	0
859.15	0	.5378986	.3666919	.09540951	0
858.15	0	.5397087	.364902	.09538927	0
857.15	0	.5415019	.3631301	.09536793	0
856.15	0	.5432781	.3613764	.0953455	0
855.15	0	.5450373	.3596407	.095322	0
854.15	0	.5467796	.357923	.09529745	0
853.15	0	.5485048	.3562233	.09527186	0
852.15	0	.5502132	.3545416	.09524525	0
851.15	0	.5519046	.3528778	.09521764	0
850.15	0	.5535791	.3512319	.09518905	0
849.15	0	.5552368	.3496038	.09515949	0
848.15	0	.5568776	.3479934	.09512898	0
847.15	0	.5585017	.3464007	.09509754	0
846.15	0	.5601091	.3448257	.09506518	0
845.15	0	.5616999	.3432682	.09503191	0
844.15	0	.5632741	.3417281	.09499777	0
843.15	0	.5648318	.3402054	.09496276	0
842.15	0	.5663731	.3387	.09492689	0
841.15	0	.567898	.3372118	.09489019	0
840.15	0	.5694067	.3357406	.09485267	0
839.15	0	.5708992	.3342864	.09481435	0
838.15	0	.5723757	.3328491	.09477523	0
837.15	0	.5738362	.3314285	.09473534	0
836.15	0	.5752808	.3300245	.0946947	0
835.15	0	.5767096	.3286371	.0946533	0
834.15	0	.5781229	.327266	.09461118	0
833.15	0	.5795205	.3259111	.09456834	0
832.15	0	.5809028	.3245724	.09452479	0
831.15	0	.5822698	.3232497	.09448056	0
830.15	0	.5836216	.3219428	.09443565	0
829.15	0	.5849583	.3206516	.09439008	0
828.15	0	.5862802	.3193759	.09434385	0
827.15	0	.5875873	.3181157	.09429699	0
826.15	0	.5888798	.3168708	.0942495	0
825.15	0	.5901577	.3156409	.0942014	0
824.15	0	.5914213	.3144261	.09415269	0
823.15	0	.5926706	.313226	.09410339	0
822.15	0	.5939059	.3120406	.09405352	0
821.15	0	.5951272	.3108697	.09400307	0
820.15	0	.5963348	.3097132	.09395206	0
819.15	0	.5975286	.3085708	.09390051	0
818.15	0	.598709	.3074425	.09384841	0
817.15	0	.5998761	.3063281	.09379579	0
816.15	0	.6010299	.3052274	.09374265	0
815.15	0	.6021707	.3041403	.09368899	0
814.15	0	.6032986	.3030666	.09363484	0
813.15	0	.6044137	.3020061	.09358019	0
812.15	0	.6055163	.3009587	.09352505	0
811.15	0	.6066063	.2999242	.09346945	0
810.15	0	.6076841	.2989025	.09341337	0
809.15	0	.6087497	.2978934	.09335683	0
808.15	0	.6098033	.2968968	.09329984	0
807.15	0	.6108451	.2959125	.09324241	0
806.15	0	.6118751	.2949403	.09318453	0
805.15	0	.6128936	.2939801	.09312623	0
804.15	0	.6139007	.2930318	.0930675	0
803.15	0	.6148965	.2920952	.09300836	0
802.15	0	.6158812	.29117	.09294881	0
801.15	0	.6168549	.2902563	.09288885	0
800.5225	0	.6174603	.2896886	.09285102	0
800.5225	0	.6174603	.2896886	.09285102	0
800.5225	0	.6174603	.2896886	.09285102	0
800.15	0	.6195219	.2870741	.09216595	.001238049
799.15	0	.6249588	.2801647	.09034828	.004528251
798.15	0	.6302564	.2734117	.08856131	.007770532
797.15	0	.635419	.2668107	.08680434	.01096595
796.15	0	.6404503	.2603575	.08507667	.01411554
795.15	0	.6453542	.2540479	.08337764	.01722028
794.15	0	.6501342	.2478781	.08170661	.02028113
793.15	0	.6547938	.2418442	.08006295	.02329902
792.15	0	.6593364	.2359427	.07844606	.02627483
791.15	0	.6637653	.2301699	.07685535	.02920945
790.15	0	.6680835	.2245226	.07529026	.0321037
789.15	0	.6722941	.2189973	.07375023	.0349584
788.15	0	.6763999	.213591	.07223473	.03777433
787.15	0	.680404	.2083005	.07074325	.04055228
786.15	0	.6843088	.2031229	.06927529	.04329297
785.15	0	.6881172	.1980553	.06783034	.04599712
784.15	0	.6918317	.193095	.06640794	.04866545
783.15	0	.6954546	.1882391	.06500762	.05129862
782.15	0	.6989886	.1834852	.06362893	.0538973
781.15	0	.7024358	.1788306	.06227144	.05646214
780.15	0	.7057985	.174273	.06093471	.05899376
779.15	0	.7090789	.16981	.05961834	.06149277
778.15	0	.7122792	.1654391	.05832191	.06395977
777.15	0	.7154013	.1611583	.05704503	.06639534
776.15	0	.7184473	.1569653	.05578732	.06880003
775.15	0	.7214192	.152858	.05454839	.07117441
774.15	0	.7243187	.1488344	.05332788	.07351901
773.15	0	.7271478	.1448924	.05212542	.07583436
772.15	0	.7299081	.1410302	.05094068	.07812096
771.15	0	.7326016	.1372458	.0497733	.08037933
770.15	0	.7352297	.1335374	.04862295	.08260994
769.15	0	.7377941	.1299033	.0474893	.08481328
768.15	0	.7402965	.1263416	.04637203	.08698982
767.15	0	.7427384	.1228507	.04527082	.08914001
766.15	0	.7451213	.119429	.04418537	.09126431
765.15	0	.7474467	.1160748	.04311538	.09336315
764.15	0	.7497159	.1127866	.04206054	.09543696
763.15	0	.7519304	.1095629	.04102058	.09748616
762.15	0	.7540915	.1064021	.03999521	.09951117
761.15	0	.7562006	.1033029	.03898414	.1015124
760.15	0	.7582589	.1002638	.03798711	.1034902
759.15	0	.7602677	.09728336	.03700385	.105445
758.15	0	.7622283	.09436038	.0360341	.1073773
757.15	0	.7641417	.09149348	.0350776	.1092872
756.15	0	.7660092	.0886814	.0341341	.1111753
755.15	0	.7678319	.08592288	.03320335	.1130419
754.15	0	.7696109	.08321671	.03228511	.1148873
753.15	0	.7713473	.0805617	.03137913	.1167119
752.15	0	.7730422	.07795669	.0304852	.118516
751.15	0	.7746964	.07540055	.02960308	.1202999
750.15	0	.7763112	.07289217	.02873254	.1220641
749.15	0	.7778874	.07043047	.02787336	.1238088
748.15	0	.779426	.06801441	.02702533	.1255343
747.15	0	.7809279	.06564294	.02618823	.1272409
746.15	0	.782394	.06331507	.02536186	.1289291
745.15	0	.7838253	.06102981	.024546	.1305989
744.15	0	.7852225	.0587862	.02374047	.1322509
743.15	0	.7865865	.05658331	.02294505	.1338851
742.15	0	.7879182	.05442022	.02215957	.135502
741.15	0	.7892183	.05229604	.02138382	.1371018
740.15	0	.7904877	.05020988	.02061762	.1386848
739.15	0	.791727	.04816091	.01986079	.1402513
738.15	0	.792937	.04614829	.01911315	.1418015
737.15	0	.7941186	.04417119	.01837453	.1433357
736.15	0	.7952723	.04222883	.01764474	.1448542
735.15	0	.7963988	.04032044	.01692362	.1463571
734.15	0	.7974989	.03844524	.01621101	.1478449
733.15	0	.7985732	.03660249	.01550674	.1493176
732.15	0	.7996223	.03479149	.01481065	.1507756
731.15	0	.8006469	.03301151	.01412258	.1522191
730.15	0	.8016475	.03126186	.01344239	.1536482
729.15	0	.8026248	.02954187	.01276991	.1550634
728.15	0	.8035794	.02785088	.01210501	.1564647
727.15	0	.8045118	.02618825	.01144753	.1578524
726.15	0	.8054225	.02455334	.01079734	.1592268
725.15	0	.8063122	.02294554	.01015429	.160588
724.15	0	.8071813	.02136425	.00951825	.1619362
723.15	0	.8080304	.01980889	.008889086	.1632717
722.15	0	.8088598	.01827887	.008266667	.1645946
721.15	0	.8096703	.01677365	.007650863	.1659052
720.15	0	.8104621	.01529267	.007041548	.1672037
719.15	0	.8112358	.0138354	.0064386	.1684902
718.15	0	.8119918	.01240132	.005841897	.169765
717.15	0	.8127306	.01098992	.005251321	.1710281
716.15	0	.8134526	.009600706	.004666757	.1722799
715.15	0	.8141582	.008233184	.00408809	.1735205
714.15	0	.8148478	.006886884	.003515209	.1747501
713.15	0	.8155218	.005561343	.002948005	.1759688
712.15	0	.8161806	.004256107	.002386372	.1771769
711.15	0	.8168246	.002970735	.001830206	.1783744
710.15	0	.8174542	.001704795	.001279403	.1795616
709.15	0	.8180696	4.578648E-04	7.338633E-04	.1807386
708.779	0	.8182945	0	5.327848E-04	.1811728
708.779	0	.8182945	0	5.327848E-04	.1811728
708.15	0	.8182155	0	4.047347E-04	.1813798
707.15	0	.8180905	0	2.01688E-04	.1817078
706.1535	0	.8179665	0	0	.1820335
706.1535	0	.8179665	0	0	.1820335
706.15	0	.8179661	0	0	.1820339
705.15	0	.8178574	0	0	.1821426
704.15	0	.8177503	0	0	.1822497
703.15	0	.8176448	0	0	.1823552
702.15	0	.817541	0	0	.182459
701.15	0	.8174388	0	0	.1825612
700.15	0	.8173382	0	0	.1826618
699.15	0	.8172392	0	0	.1827608
698.15	0	.8171418	0	0	.1828582
697.15	0	.817046	0	0	.182954
696.15	0	.8169518	0	0	.1830482
695.15	0	.8168591	0	0	.1831409
694.15	0	.816768	0	0	.183232
693.15	0	.8166785	0	0	.1833216
692.15	0	.8165904	0	0	.1834096
691.15	0	.8165039	0	0	.1834961
690.15	0	.8164189	0	0	.1835811
689.15	0	.8163355	0	0	.1836645
688.15	0	.8162535	0	0	.1837465
687.15	0	.816173	0	0	.1838271
686.3579	0	.8161102	0	0	.1838898
686.3579	0	.8161102	0	0	.1838898
686.3579	0	.8161102	0	0	.1838898
686.15	0	.8160814	1.954234E-05	0	.183899
685.15	0	.8159425	1.152882E-04	0	.1839422
684.15	0	.815803	2.13844E-04	0	.1839831
683.15	0	.8156629	3.151376E-04	0	.184022
682.15	0	.8155222	4.190981E-04	0	.1840587
681.15	0	.8153809	5.25656E-04	0	.1840935
680.15	0	.815239	6.347429E-04	0	.1841262
679.15	0	.8150967	7.462918E-04	0	.184157
678.15	0	.8149538	8.602369E-04	0	.184186
677.15	0	.8148105	9.765135E-04	0	.184213
676.15	0	.8146666	.001095058	0	.1842383
675.15	0	.8145223	.001215809	0	.1842619
674.15	0	.8143776	.001338705	0	.1842837
673.15	0	.8142324	.001463686	0	.1843039
672.15	0	.8140868	.001590693	0	.1843225
671.15	0	.8139409	.00171967	0	.1843395
670.15	0	.8137945	.001850558	0	.1843549
669.15	0	.8136478	.001983304	0	.1843689
668.15	0	.8135008	.002117852	0	.1843814
667.15	0	.8133534	.002254151	0	.1843924
666.15	0	.8132057	.002392146	0	.1844022
665.15	0	.8130577	.002531788	0	.1844105
664.15	0	.8129094	.002673027	0	.1844176
663.15	0	.8127608	.002815813	0	.1844234
662.15	0	.812612	.002960098	0	.1844279
661.15	0	.8124629	.003105835	0	.1844313
660.15	0	.8123135	.003252979	0	.1844335
659.15	0	.8121639	.003401483	0	.1844346
658.15	0	.8120141	.003551304	0	.1844346
657.15	0	.8118641	.003702399	0	.1844335
656.15	0	.8117139	.003854724	0	.1844314
655.15	0	.8115635	.00400824	0	.1844282
654.15	0	.811413	.004162904	0	.1844241
653.15	0	.8112622	.004318677	0	.1844191
652.15	0	.8111113	.00447552	0	.1844132
651.15	0	.8109603	.004633396	0	.1844063
650.15	0	.8108091	.004792266	0	.1843986
649.15	0	.8106578	.004952095	0	.1843901
648.15	0	.8105064	.005112846	0	.1843808
647.15	0	.8103549	.005274485	0	.1843707
646.15	0	.8102032	.005436977	0	.1843598
645.15	0	.8100515	.00560029	0	.1843482
644.15	0	.8098997	.00576439	0	.1843359
643.15	0	.8097478	.005929245	0	.1843229
642.15	0	.8095959	.006094824	0	.1843093
641.15	0	.8094439	.006261096	0	.1842951
640.15	0	.8092918	.006428032	0	.1842802
639.15	0	.8091397	.006595602	0	.1842647
638.15	0	.8089875	.006763777	0	.1842487
637.15	0	.8088354	.00693253	0	.1842321
636.15	0	.8086832	.007101833	0	.184215
635.15	0	.8085309	.007271659	0	.1841974
634.15	0	.8083787	.007441983	0	.1841793
633.15	0	.8082265	.007612778	0	.1841607
632.15	0	.8080742	.007784019	0	.1841417
631.15	0	.807922	.007955683	0	.1841223
630.15	0	.8077698	.008127745	0	.1841024
629.15	0	.8076177	.008300181	0	.1840822
628.15	0	.8074655	.008472969	0	.1840615
627.15	0	.8073134	.008646086	0	.1840405
626.15	0	.8071613	.008819512	0	.1840192
625.15	0	.8070093	.008993223	0	.1839975
624.15	0	.8068573	.0091672	0	.1839755
623.15	0	.8067054	.009341422	0	.1839532
622.15	0	.8065535	.009515869	0	.1839306
621.15	0	.8064017	.009690521	0	.1839078
620.15	0	.80625	.00986536	0	.1838847
619.15	0	.8060983	.01004037	0	.1838613
618.15	0	.8059468	.01021552	0	.1838377
617.15	0	.8057953	.01039081	0	.1838139
616.15	0	.8056439	.01056621	0	.1837899
615.15	0	.8054926	.01074171	0	.1837657
614.15	0	.8053414	.01091729	0	.1837413
613.15	0	.8051903	.01109294	0	.1837167
612.15	0	.8050394	.01126863	0	.183692
611.15	0	.8048885	.01144436	0	.1836672
610.15	0	.8047377	.01162011	0	.1836422
609.15	0	.8045871	.01179585	0	.183617
608.15	0	.8044366	.01197159	0	.1835918
607.15	0	.8042863	.0121473	0	.1835664
606.15	0	.804136	.01232297	0	.183541
605.15	0	.803986	.01249859	0	.1835155
604.15	0	.803836	.01267415	0	.1834899
603.15	0	.8036862	.01284962	0	.1834642
602.15	0	.8035366	.013025	0	.1834384
601.15	0	.8033871	.01320028	0	.1834127
600.15	0	.8032377	.01337544	0	.1833868
599.15	0	.8030886	.01355047	0	.183361
598.15	0	.8029396	.01372537	0	.1833351
597.15	0	.8027907	.01390011	0	.1833092
596.15	0	.8026421	.01407469	0	.1832833
595.15	0	.8024936	.0142491	0	.1832573
594.15	0	.8023453	.01442333	0	.1832314
593.15	0	.8021971	.01459736	0	.1832055
592.15	0	.8020492	.01477119	0	.1831796
591.15	0	.8019014	.01494481	0	.1831538
590.15	0	.8017539	.0151182	0	.1831279
589.15	0	.8016065	.01529136	0	.1831021
588.15	0	.8014593	.01546428	0	.1830764
587.15	0	.8013124	.01563695	0	.1830507
586.15	0	.8011656	.01580936	0	.183025
585.15	0	.8010191	.01598149	0	.1829995
584.15	0	.8008727	.01615336	0	.1829739
583.15	0	.8007266	.01632494	0	.1829485
582.15	0	.8005807	.01649622	0	.1829231
581.15	0	.800435	.01666721	0	.1828978
580.15	0	.8002895	.01683788	0	.1828726
579.15	0	.8001443	.01700824	0	.1828475
578.15	0	.7999992	.01717828	0	.1828225
577.15	0	.7998544	.01734798	0	.1827976
576.15	0	.7997099	.01751735	0	.1827728
575.15	0	.7995656	.01768637	0	.1827481
574.15	0	.7994215	.01785504	0	.1827235
573.15	0	.7992777	.01802336	0	.182699
572.15	0	.7991341	.0181913	0	.1826746
571.15	0	.7989907	.01835888	0	.1826504
570.15	0	.7988476	.01852608	0	.1826263
569.15	0	.7987048	.01869289	0	.1826023
568.15	0	.7985622	.01885932	0	.1825785
567.15	0	.7984199	.01902535	0	.1825548
566.15	0	.7982778	.01919098	0	.1825312
565.15	0	.798136	.0193562	0	.1825078
564.15	0	.7979944	.01952101	0	.1824846
563.15	0	.7978531	.01968541	0	.1824615
562.15	0	.7977121	.01984938	0	.1824385
561.15	0	.7975714	.02001292	0	.1824157
560.15	0	.7974309	.02017603	0	.1823931
559.15	0	.7972907	.0203387	0	.1823706
558.15	0	.7971508	.02050093	0	.1823483
557.15	0	.7970112	.02066271	0	.1823261
556.15	0	.7968718	.02082404	0	.1823042
555.15	0	.7967327	.02098491	0	.1822824
554.15	0	.796594	.02114532	0	.1822607
553.15	0	.7964555	.02130526	0	.1822393
552.15	0	.7963173	.02146474	0	.182218
551.15	0	.7961794	.02162374	0	.1821969
550.15	0	.7960417	.02178226	0	.182176
549.15	0	.7959044	.0219403	0	.1821553
548.15	0	.7957674	.02209785	0	.1821347
547.15	0	.7956307	.02225491	0	.1821144
546.15	0	.7954943	.02241148	0	.1820942
545.15	0	.7953582	.02256755	0	.1820743
544.15	0	.7952224	.02272312	0	.1820545
543.15	0	.7950869	.02287818	0	.1820349
542.15	0	.7949518	.02303273	0	.1820155
541.15	0	.7948169	.02318677	0	.1819963
540.15	0	.7946824	.0233403	0	.1819773
539.15	0	.7945482	.02349331	0	.1819585
538.15	0	.7944143	.02364579	0	.1819399
537.15	0	.7942807	.02379775	0	.1819215
536.15	0	.7941475	.02394918	0	.1819034
535.15	0	.7940145	.02410008	0	.1818854
534.15	0	.793882	.02425044	0	.1818676
533.15	0	.7937497	.02440026	0	.18185
532.15	0	.7936178	.02454955	0	.1818327
531.15	0	.7934862	.02469829	0	.1818155
530.15	0	.7933549	.02484648	0	.1817986
529.15	0	.793224	.02499413	0	.1817819
528.15	0	.7930935	.02514122	0	.1817653
527.15	0	.7929632	.02528775	0	.181749
526.15	0	.7928333	.02543373	0	.1817329
525.15	0	.7927038	.02557915	0	.1817171
524.15	0	.7925746	.02572401	0	.1817014
523.15	0	.7924458	.0258683	0	.1816859
522.15	0	.7923173	.02601202	0	.1816707
521.15	0	.7921891	.02615517	0	.1816557
520.15	0	.7920613	.02629775	0	.1816409
519.15	0	.7919339	.02643976	0	.1816263
518.15	0	.7918069	.02658119	0	.181612
517.15	0	.7916802	.02672204	0	.1815978
516.15	0	.7915538	.0268623	0	.1815839
515.15	0	.7914279	.02700199	0	.1815702
514.15	0	.7913022	.02714109	0	.1815567
513.15	0	.791177	.02727959	0	.1815434
512.15	0	.7910521	.02741751	0	.1815304
511.15	0	.7909276	.02755484	0	.1815175
510.15	0	.7908035	.02769157	0	.1815049
509.15	0	.7906798	.02782771	0	.1814926
508.15	0	.7905564	.02796325	0	.1814804
507.15	0	.7904334	.02809818	0	.1814684
506.15	0	.7903108	.02823252	0	.1814567
505.15	0	.7901885	.02836625	0	.1814452
504.15	0	.7900667	.02849938	0	.181434
503.15	0	.7899452	.0286319	0	.1814229
502.15	0	.7898241	.02876381	0	.1814121
501.15	0	.7897034	.02889511	0	.1814014
500.15	0	.7895831	.02902579	0	.1813911
499.15	0	.7894632	.02915586	0	.1813809
498.15	0	.7893437	.02928532	0	.181371
497.15	0	.7892246	.02941416	0	.1813612
496.15	0	.7891059	.02954238	0	.1813517
495.15	0	.7889876	.02966997	0	.1813425
494.15	0	.7888696	.02979695	0	.1813334
493.15	0	.7887521	.0299233	0	.1813246
492.15	0	.788635	.03004903	0	.181316
491.15	0	.7885183	.03017413	0	.1813076
490.15	0	.788402	.0302986	0	.1812994
489.15	0	.7882861	.03042244	0	.1812915
488.15	0	.7881706	.03054566	0	.1812838
487.15	0	.7880555	.03066823	0	.1812763
486.15	0	.7879408	.03079018	0	.181269
485.15	0	.7878266	.03091149	0	.1812619
484.15	0	.7877128	.03103217	0	.1812551
483.15	0	.7875993	.0311522	0	.1812485
482.15	0	.7874863	.0312716	0	.1812421
481.15	0	.7873738	.03139036	0	.1812359
480.15	0	.7872616	.03150848	0	.1812299
479.15	0	.7871499	.03162595	0	.1812242
478.15	0	.7870386	.03174278	0	.1812187
477.15	0	.7869277	.03185897	0	.1812134
476.15	0	.7868172	.03197451	0	.1812083
475.15	0	.7867072	.03208941	0	.1812034
474.15	0	.7865976	.03220365	0	.1811988
473.15	0	.7864884	.03231725	0	.1811943
472.15	0	.7863797	.0324302	0	.1811901
471.15	0	.7862714	.03254249	0	.1811861
470.15	0	.7861635	.03265414	0	.1811823
469.15	0	.7860561	.03276513	0	.1811788
468.15	0	.7859491	.03287547	0	.1811754
467.15	0	.7858426	.03298515	0	.1811723
466.15	0	.7857365	.03309418	0	.1811694
465.15	0	.7856308	.03320255	0	.1811666
464.15	0	.7855256	.03331026	0	.1811641
463.15	0	.7854208	.03341732	0	.1811619
462.15	0	.7853165	.03352372	0	.1811598
461.15	0	.7852126	.03362945	0	.1811579
460.15	0	.7851092	.03373453	0	.1811563
459.15	0	.7850062	.03383895	0	.1811549
458.15	0	.7849037	.0339427	0	.1811536
457.15	0	.7848016	.03404579	0	.1811526
456.15	0	.7847	.03414822	0	.1811518
455.15	0	.7845988	.03424998	0	.1811512
454.15	0	.7844981	.03435108	0	.1811508
453.15	0	.7843979	.03445151	0	.1811506
452.15	0	.7842981	.03455128	0	.1811506
451.15	0	.7841988	.03465038	0	.1811509
450.15	0	.7840999	.03474881	0	.1811513
449.15	0	.7840016	.03484649	0	.181152
448.15	0	.7839037	.03494347	0	.1811528
447.15	0	.7838063	.03503977	0	.1811539
446.15	0	.7837095	.03513538	0	.1811552
445.15	0	.7836131	.03523028	0	.1811566
