T	 BPW(LIQUID)	BPW(BCC_A2)	BPW(FCC_A1)	BPW(LAVES_PHASE_C14)	BPW(NI3TI)
1473.15	0	.7174063	.2825937	0	0
1472.15	0	.7152198	.2847802	0	0
1471.15	0	.7130378	.2869622	0	0
1470.15	0	.7108604	.2891396	0	0
1469.15	0	.7086875	.2913125	0	0
1468.15	0	.7065191	.2934809	0	0
1467.15	0	.7043553	.2956447	0	0
1466.15	0	.7021959	.2978041	0	0
1465.15	0	.7000411	.2999589	0	0
1464.15	0	.6978908	.3021092	0	0
1463.15	0	.6957449	.3042551	0	0
1462.15	0	.6936036	.3063964	0	0
1461.15	0	.6914668	.3085332	0	0
1460.15	0	.6893344	.3106656	0	0
1459.15	0	.6872065	.3127935	0	0
1458.15	0	.6850831	.3149169	0	0
1457.15	0	.6829642	.3170358	0	0
1456.15	0	.6808497	.3191503	0	0
1455.15	0	.6787397	.3212603	0	0
1454.15	0	.6766342	.3233658	0	0
1453.15	0	.6745331	.3254669	0	0
1452.15	0	.6724364	.3275636	0	0
1451.15	0	.6703442	.3296558	0	0
1450.15	0	.6682565	.3317436	0	0
1449.15	0	.6661731	.3338269	0	0
1448.15	0	.6640942	.3359058	0	0
1447.15	0	.6620197	.3379803	0	0
1446.15	0	.6599497	.3400504	0	0
1445.15	0	.657884	.342116	0	0
1444.15	0	.6558228	.3441772	0	0
1443.15	0	.6537659	.3462341	0	0
1442.15	0	.6517135	.3482865	0	0
1441.15	0	.6496655	.3503345	0	0
1440.15	0	.6476219	.3523781	0	0
1439.15	0	.6455827	.3544174	0	0
1438.15	0	.6435478	.3564522	0	0
1437.15	0	.6415174	.3584826	0	0
1436.15	0	.6394913	.3605087	0	0
1435.15	0	.6374696	.3625304	0	0
1434.15	0	.6354523	.3645477	0	0
1433.15	0	.6334394	.3665606	0	0
1432.15	0	.6314308	.3685692	0	0
1431.15	0	.6294266	.3705734	0	0
1430.15	0	.6274268	.3725732	0	0
1429.15	0	.6254313	.3745687	0	0
1428.15	0	.6234402	.3765598	0	0
1427.15	0	.6214535	.3785466	0	0
1426.15	0	.6194711	.3805289	0	0
1425.15	0	.617493	.382507	0	0
1424.15	0	.6155193	.3844807	0	0
1423.15	0	.61355	.3864501	0	0
1422.15	0	.6115849	.3884151	0	0
1421.15	0	.6096243	.3903757	0	0
1420.15	0	.607668	.3923321	0	0
1419.15	0	.605716	.394284	0	0
1418.15	0	.6037683	.3962317	0	0
1417.15	0	.601825	.398175	0	0
1416.15	0	.599886	.400114	0	0
1415.15	0	.5979514	.4020487	0	0
1414.15	0	.596021	.403979	0	0
1413.15	0	.594095	.405905	0	0
1412.15	0	.5921734	.4078267	0	0
1411.15	0	.590256	.409744	0	0
1410.15	0	.588343	.411657	0	0
1409.15	0	.5864343	.4135657	0	0
1408.15	0	.5845299	.4154701	0	0
1407.15	0	.5826298	.4173702	0	0
1406.15	0	.5807341	.4192659	0	0
1405.15	0	.5788426	.4211574	0	0
1404.15	0	.5769555	.4230445	0	0
1403.15	0	.5750727	.4249273	0	0
1402.15	0	.5731942	.4268058	0	0
1401.15	0	.5713201	.4286799	0	0
1400.15	0	.5694502	.4305498	0	0
1399.15	0	.5675847	.4324153	0	0
1398.15	0	.5657235	.4342765	0	0
1397.15	0	.5638665	.4361335	0	0
1396.15	0	.5620139	.4379861	0	0
1395.15	0	.5601656	.4398344	0	0
1394.15	0	.5583217	.4416783	0	0
1393.15	0	.556482	.443518	0	0
1392.15	0	.5546467	.4453533	0	0
1391.15	0	.5528156	.4471844	0	0
1390.15	0	.5509889	.4490111	0	0
1389.15	0	.5491665	.4508335	0	0
1388.15	0	.5473484	.4526516	0	0
1387.15	0	.5455346	.4544654	0	0
1386.15	0	.5437252	.4562748	0	0
1385.15	0	.54192	.45808	0	0
1384.15	0	.5401192	.4598808	0	0
1383.15	0	.5383227	.4616773	0	0
1382.15	0	.5365305	.4634695	0	0
1381.15	0	.5347427	.4652573	0	0
1380.15	0	.5329592	.4670408	0	0
1379.15	0	.53118	.46882	0	0
1378.15	0	.5294051	.4705949	0	0
1377.15	0	.5276345	.4723655	0	0
1376.15	0	.5258683	.4741317	0	0
1375.15	0	.5241064	.4758936	0	0
1374.15	0	.5223489	.4776511	0	0
1373.15	0	.5205957	.4794043	0	0
1372.15	0	.5188468	.4811532	0	0
1371.15	0	.5171023	.4828978	0	0
1370.15	0	.5153621	.4846379	0	0
1369.15	0	.5136262	.4863738	0	0
1368.15	0	.5118947	.4881053	0	0
1367.15	0	.5101676	.4898324	0	0
1366.15	0	.5084448	.4915552	0	0
1365.15	0	.5067263	.4932737	0	0
1364.15	0	.5050123	.4949877	0	0
1363.15	0	.5033026	.4966974	0	0
1362.15	0	.5015972	.4984028	0	0
1361.15	0	.4998963	.5001037	0	0
1360.15	0	.4981997	.5018003	0	0
1359.15	0	.4965075	.5034925	0	0
1358.15	0	.4948196	.5051804	0	0
1357.15	0	.4931362	.5068638	0	0
1356.15	0	.4914571	.5085429	0	0
1355.15	0	.4897824	.5102176	0	0
1354.15	0	.4881122	.5118878	0	0
1353.15	0	.4864463	.5135537	0	0
1352.15	0	.4847848	.5152152	0	0
1351.15	0	.4831278	.5168722	0	0
1350.15	0	.4814752	.5185249	0	0
1349.15	0	.4798269	.5201731	0	0
1348.15	0	.4781831	.5218169	0	0
1347.15	0	.4765438	.5234562	0	0
1346.15	0	.4749089	.5250912	0	0
1345.15	0	.4732784	.5267216	0	0
1344.15	0	.4716523	.5283477	0	0
1343.15	0	.4700307	.5299693	0	0
1342.15	0	.4684136	.5315864	0	0
1341.15	0	.4668009	.5331991	0	0
1340.15	0	.4651927	.5348073	0	0
1339.15	0	.463589	.536411	0	0
1338.15	0	.4619898	.5380102	0	0
1337.15	0	.460395	.539605	0	0
1336.15	0	.4588048	.5411952	0	0
1335.15	0	.457219	.542781	0	0
1334.15	0	.4556377	.5443623	0	0
1333.15	0	.454061	.545939	0	0
1332.15	0	.4524888	.5475112	0	0
1331.15	0	.4509211	.5490789	0	0
1330.15	0	.4493579	.5506421	0	0
1329.15	0	.4477993	.5522007	0	0
1328.15	0	.4462453	.5537547	0	0
1327.15	0	.4446957	.5553043	0	0
1326.15	0	.4431508	.5568492	0	0
1325.15	0	.4416104	.5583896	0	0
1324.15	0	.4400746	.5599254	0	0
1323.15	0	.4385434	.5614566	0	0
1322.15	0	.4370168	.5629832	0	0
1321.15	0	.4354948	.5645052	0	0
1320.15	0	.4339774	.5660226	0	0
1319.15	0	.4324647	.5675353	0	0
1318.15	0	.4309566	.5690434	0	0
1317.15	0	.4294531	.5705469	0	0
1316.15	0	.4279542	.5720458	0	0
1315.15	0	.4264601	.57354	0	0
1314.15	0	.4249705	.5750295	0	0
1313.15	0	.4234857	.5765143	0	0
1312.15	0	.4220056	.5779944	0	0
1311.15	0	.4205301	.5794699	0	0
1310.15	0	.4190594	.5809406	0	0
1309.15	0	.4175934	.5824066	0	0
1308.15	0	.4161321	.5838679	0	0
1307.15	0	.4146755	.5853245	0	0
1306.15	0	.4132237	.5867763	0	0
1305.15	0	.4117767	.5882233	0	0
1304.15	0	.4103344	.5896656	0	0
1303.15	0	.4088969	.5911031	0	0
1302.15	0	.4074643	.5925358	0	0
1301.15	0	.4060364	.5939636	0	0
1300.15	0	.4046133	.5953867	0	0
1299.15	0	.4031951	.5968049	0	0
1298.15	0	.4017817	.5982183	0	0
1297.15	0	.4003731	.5996269	0	0
1296.15	0	.3989694	.6010306	0	0
1295.15	0	.3975706	.6024294	0	0
1294.15	0	.3961767	.6038233	0	0
1293.15	0	.3947877	.6052123	0	0
1292.15	0	.3934036	.6065964	0	0
1291.15	0	.3920245	.6079755	0	0
1290.15	0	.3906502	.6093498	0	0
1289.15	0	.389281	.610719	0	0
1288.15	0	.3879167	.6120833	0	0
1287.15	0	.3865574	.6134426	0	0
1286.15	0	.3852031	.6147969	0	0
1285.15	0	.3838538	.6161462	0	0
1284.15	0	.3825095	.6174905	0	0
1283.15	0	.3811703	.6188297	0	0
1282.15	0	.3798361	.6201639	0	0
1281.15	0	.378507	.621493	0	0
1280.15	0	.377183	.6228171	0	0
1279.15	0	.375864	.624136	0	0
1278.15	0	.3745502	.6254498	0	0
1277.15	0	.3732416	.6267585	0	0
1276.15	0	.371938	.628062	0	0
1275.15	0	.3706397	.6293603	0	0
1274.15	0	.3693465	.6306535	0	0
1273.15	0	.3680585	.6319415	0	0
1272.15	0	.3667757	.6332243	0	0
1271.15	0	.3654982	.6345018	0	0
1270.15	0	.3642259	.6357741	0	0
1269.15	0	.3629589	.6370412	0	0
1268.15	0	.3616971	.6383029	0	0
1267.15	0	.3604406	.6395594	0	0
1266.15	0	.3591895	.6408105	0	0
1265.15	0	.3579437	.6420563	0	0
1264.15	0	.3567033	.6432968	0	0
1263.15	0	.3554682	.6445318	0	0
1262.15	0	.3542385	.6457615	0	0
1261.15	0	.3530142	.6469858	0	0
1260.15	0	.3517953	.6482047	0	0
1259.15	0	.3505819	.6494181	0	0
1258.15	0	.349374	.650626	0	0
1257.15	0	.3481715	.6518285	0	0
1256.15	0	.3469746	.6530254	0	0
1255.15	0	.3457832	.6542168	0	0
1254.15	0	.3445973	.6554027	0	0
1253.15	0	.343417	.656583	0	0
1252.15	0	.3422422	.6577578	0	0
1251.15	0	.3410731	.6589269	0	0
1250.15	0	.3399096	.6600904	0	0
1249.15	0	.3387518	.6612482	0	0
1248.15	0	.3375996	.6624004	0	0
1247.15	0	.3364532	.6635469	0	0
1246.15	0	.3353124	.6646876	0	0
1245.15	0	.3341774	.6658226	0	0
1244.15	0	.3330481	.6669519	0	0
1243.15	0	.3319246	.6680754	0	0
1242.15	0	.330807	.669193	0	0
1241.15	0	.3296951	.6703049	0	0
1240.15	0	.3285891	.6714109	0	0
1239.15	0	.327489	.672511	0	0
1238.15	0	.3263948	.6736052	0	0
1237.15	0	.3253065	.6746935	0	0
1236.15	0	.3242242	.6757758	0	0
1235.15	0	.3231478	.6768522	0	0
1234.15	0	.3220774	.6779226	0	0
1233.15	0	.3210131	.6789869	0	0
1232.15	0	.3199548	.6800452	0	0
1231.15	0	.3189026	.6810975	0	0
1230.15	0	.3178564	.6821436	0	0
1229.15	0	.3168164	.6831836	0	0
1228.15	0	.3157826	.6842174	0	0
1227.15	0	.3147549	.6852451	0	0
1226.15	0	.3137334	.6862666	0	0
1225.15	0	.3127182	.6872818	0	0
1224.15	0	.3117092	.6882908	0	0
1223.15	0	.3107065	.6892935	0	0
1222.15	0	.3097102	.6902898	0	0
1221.15	0	.3087201	.6912799	0	0
1220.15	0	.3077365	.6922635	0	0
1219.15	0	.3067592	.6932408	0	0
1218.15	0	.3057884	.6942116	0	0
1217.15	0	.304824	.695176	0	0
1216.15	0	.3038661	.6961339	0	0
1215.15	0	.3029147	.6970853	0	0
1214.15	0	.3019699	.6980301	0	0
1213.15	0	.3010316	.6989684	0	0
1212.15	0	.3001	.6999	0	0
1211.15	0	.299175	.700825	0	0
1210.15	0	.2982566	.7017434	0	0
1209.15	0	.297345	.702655	0	0
1208.15	0	.2964401	.7035599	0	0
1207.15	0	.2955419	.7044581	0	0
1206.15	0	.2946506	.7053495	0	0
1205.15	0	.293766	.706234	0	0
1204.15	0	.2928883	.7071117	0	0
1203.15	0	.2920176	.7079825	0	0
1202.15	0	.2911537	.7088463	0	0
1201.15	0	.2902968	.7097032	0	0
1200.15	0	.2894469	.7105531	0	0
1199.15	0	.288604	.711396	0	0
1198.15	0	.2877681	.7122319	0	0
1197.15	0	.2869394	.7130606	0	0
1196.15	0	.2861178	.7138822	0	0
1195.15	0	.2853033	.7146967	0	0
1194.15	0	.2844961	.7155039	0	0
1193.15	0	.2836961	.7163039	0	0
1192.15	0	.2829033	.7170967	0	0
1191.15	0	.2821179	.7178821	0	0
1190.15	0	.2813398	.7186602	0	0
1189.15	0	.280569	.719431	0	0
1188.15	0	.2798057	.7201943	0	0
1187.15	0	.2790499	.7209501	0	0
1186.15	0	.2783015	.7216985	0	0
1185.15	0	.2775607	.7224393	0	0
1184.15	0	.2768274	.7231726	0	0
1183.15	0	.2761017	.7238983	0	0
1182.15	0	.2753837	.7246163	0	0
1181.15	0	.2746733	.7253267	0	0
1180.15	0	.2739707	.7260293	0	0
1179.15	0	.2732758	.7267242	0	0
1178.15	0	.2725887	.7274113	0	0
1177.15	0	.2719095	.7280905	0	0
1176.15	0	.2712382	.7287619	0	0
1175.15	0	.2705747	.7294253	0	0
1174.15	0	.2699192	.7300808	0	0
1173.15	0	.2692718	.7307283	0	0
1172.15	0	.2686323	.7313677	0	0
1171.15	0	.268001	.731999	0	0
1170.15	0	.2673777	.7326223	0	0
1169.15	0	.2667627	.7332373	0	0
1168.15	0	.2661558	.7338442	0	0
1167.15	0	.2655572	.7344428	0	0
1166.15	0	.2649669	.7350331	0	0
1165.15	0	.264385	.735615	0	0
1164.15	0	.2638114	.7361886	0	0
1163.15	0	.2632462	.7367538	0	0
1162.15	0	.2626895	.7373105	0	0
1161.15	0	.2621414	.7378586	0	0
1160.15	0	.2616018	.7383982	0	0
1159.15	0	.2610708	.7389292	0	0
1158.15	0	.2605484	.7394516	0	0
1157.15	0	.2600348	.7399652	0	0
1156.15	0	.2595298	.7404702	0	0
1155.15	0	.2590337	.7409663	0	0
1154.15	0	.2585463	.7414537	0	0
1153.15	0	.2580679	.7419321	0	0
1152.15	0	.2575984	.7424016	0	0
1151.15	0	.2571379	.7428621	0	0
1150.15	0	.2566864	.7433136	0	0
1149.15	0	.2562439	.7437561	0	0
1148.15	0	.2558106	.7441894	0	0
1147.15	0	.2553864	.7446136	0	0
1146.15	0	.2549715	.7450285	0	0
1145.15	0	.2545658	.7454342	0	0
1144.15	0	.2541694	.7458306	0	0
1143.15	0	.2537824	.7462176	0	0
1142.15	0	.2534047	.7465953	0	0
1141.15	0	.2530366	.7469634	0	0
1140.15	0	.2526779	.7473221	0	0
1139.15	0	.2523288	.7476712	0	0
1138.15	0	.2519892	.7480108	0	0
1137.15	0	.2516594	.7483406	0	0
1136.15	0	.2513392	.7486608	0	0
1135.15	0	.2510288	.7489712	0	0
1135.024	0	.2509905	.7490095	0	0
1135.024	0	.2509905	.7490095	0	0
1135.024	0	.2509905	.7490095	0	0
1134.15	0	.2501687	.7495331	2.981709E-04	0
1133.15	0	.2492395	.7501223	6.381733E-04	0
1132.15	0	.2483217	.7507012	9.771365E-04	0
1131.15	0	.2474152	.7512697	.001315062	0
1130.15	0	.2465202	.7518278	.001651953	0
1129.15	0	.2456368	.7523754	.001987809	0
1128.15	0	.2447649	.7529124	.002322633	0
1127.15	0	.2439047	.7534388	.002656426	0
1126.15	0	.2430563	.7539546	.00298919	0
1125.15	0	.2422196	.7544595	.003320927	0
1124.15	0	.2413947	.7549537	.003651638	0
1123.15	0	.2405818	.7554369	.003981324	0
1122.15	0	.2397808	.7559092	.004309988	0
1121.15	0	.2389919	.7563705	.004637631	0
1120.15	0	.238215	.7568207	.004964254	0
1119.15	0	.2374504	.7572598	.005289859	0
1118.15	0	.2366979	.7576876	.005614447	0
1117.15	0	.2359578	.7581042	.005938019	0
1116.15	0	.2352301	.7585094	.006260578	0
1115.15	0	.2345147	.7589031	.006582125	0
1114.15	0	.2338119	.7592854	.00690266	0
1113.15	0	.2331217	.7596561	.007222186	0
1112.15	0	.2324441	.7600152	.007540704	0
1111.15	0	.2317792	.7603626	.007858214	0
1110.15	0	.2311271	.7606982	.008174719	0
1109.15	0	.2304878	.761022	.00849022	0
1108.15	0	.2298614	.7613339	.008804717	0
1107.15	0	.2292481	.7616337	.009118213	0
1106.15	0	.2286477	.7619216	.009430708	0
1105.15	0	.2280605	.7621973	.009742205	0
1104.15	0	.2274865	.7624608	.0100527	0
1103.15	0	.2269258	.762712	.0103622	0
1102.15	0	.2263784	.7629509	.01067071	0
1101.15	0	.2258445	.7631773	.01097822	0
1100.15	0	.225324	.7633913	.01128474	0
1099.15	0	.224817	.7635927	.01159026	0
1098.15	0	.2243237	.7637815	.0118948	0
1097.15	0	.2238441	.7639575	.01219834	0
1096.15	0	.2233783	.7641208	.0125009	0
1095.15	0	.2229263	.7642712	.01280246	0
1094.15	0	.2224882	.7644087	.01310304	0
1093.15	0	.2220641	.7645332	.01340264	0
1092.15	0	.2216541	.7646446	.01370125	0
1091.15	0	.2212582	.7647429	.01399887	0
1090.15	0	.2208766	.7648279	.01429551	0
1089.15	0	.2205092	.7648997	.01459117	0
1088.15	0	.2201561	.764958	.01488585	0
1087.15	0	.2198175	.7650029	.01517955	0
1086.15	0	.2194935	.7650343	.01547227	0
1085.15	0	.2191839	.7650521	.01576401	0
1084.15	0	.2188891	.7650562	.01605478	0
1083.15	0	.2186089	.7650465	.01634456	0
1082.15	0	.2183435	.7650231	.01663337	0
1081.15	0	.2180931	.7649857	.01692121	0
1080.15	0	.2178575	.7649344	.01720807	0
1079.15	0	.217637	.764869	.01749396	0
1078.15	0	.2174316	.7647896	.01777887	0
1077.15	0	.2172413	.7646959	.01806282	0
1076.15	0	.2170663	.7645879	.01834579	0
1075.15	0	.2169065	.7644657	.01862779	0
1074.15	0	.2167622	.764329	.01890882	0
1073.15	0	.2166333	.7641778	.01918888	0
1072.15	0	.2165199	.7640121	.01946797	0
1071.15	0	.2164221	.7638318	.0197461	0
1070.15	0	.21634	.7636368	.02002326	0
1069.15	0	.2162736	.763427	.02029945	0
1068.15	0	.216223	.7632023	.02057467	0
1067.15	0	.2161883	.7629628	.02084893	0
1066.15	0	.2161695	.7627083	.02112222	0
1065.15	0	.2161668	.7624387	.02139455	0
1064.15	0	.2161801	.762154	.02166591	0
1063.15	0	.2162095	.7618542	.02193631	0
1062.15	0	.2162552	.7615391	.02220575	0
1061.15	0	.2163172	.7612086	.02247422	0
1060.15	0	.2163955	.7608628	.02274173	0
1059.15	0	.2164902	.7605015	.02300828	0
1058.15	0	.2166014	.7601248	.02327387	0
1057.15	0	.2167291	.7597324	.02353849	0
1056.15	0	.2168734	.7593244	.02380216	0
1055.15	0	.2170344	.7589007	.02406486	0
1054.15	0	.2172121	.7584613	.0243266	0
1053.15	0	.2174066	.758006	.02458738	0
1052.15	0	.217618	.7575348	.02484721	0
1051.15	0	.2178463	.7570477	.02510607	0
1050.15	0	.2180915	.7565446	.02536397	0
1049.15	0	.2183537	.7560254	.02562091	0
1048.15	0	.218633	.7554901	.0258769	0
1047.15	0	.2189295	.7549386	.02613192	0
1046.15	0	.2192431	.7543709	.02638599	0
1045.15	0	.219574	.753787	.02663909	0
1044.15	0	.2199221	.7531866	.02689124	0
1043.15	0	.2202876	.75257	.02714243	0
1042.15	0	.2206705	.7519369	.02739265	0
1041.15	0	.2210708	.7512873	.02764192	0
1040.15	0	.2214886	.7506212	.02789023	0
1039.15	0	.2219239	.7499385	.02813758	0
1038.15	0	.2223768	.7492392	.02838397	0
1037.15	0	.2228473	.7485233	.0286294	0
1036.15	0	.2233355	.7477907	.02887387	0
1035.15	0	.2238413	.7470413	.02911738	0
1034.15	0	.2243649	.7462752	.02935993	0
1033.15	0	.2249063	.7454922	.02960152	0
1032.15	0	.2254654	.7446924	.02984214	0
1031.15	0	.2260424	.7438758	.03008181	0
1030.15	0	.2266373	.7430422	.03032051	0
1029.15	0	.22725	.7421917	.03055825	0
1028.15	0	.2278807	.7413243	.03079503	0
1027.15	0	.2285293	.7404398	.03103084	0
1026.15	0	.229196	.7395384	.03126569	0
1025.15	0	.2298806	.7386199	.03149958	0
1024.15	0	.2305832	.7376843	.03173249	0
1023.15	0	.2313039	.7367317	.03196445	0
1022.15	0	.2320426	.735762	.03219543	0
1021.15	0	.2327994	.7347752	.03242545	0
1020.15	0	.2335743	.7337712	.03265449	0
1019.15	0	.2343673	.7327502	.03288257	0
1018.15	0	.2351783	.731712	.03310968	0
1017.15	0	.2360075	.7306566	.03333581	0
1016.15	0	.2368549	.7295842	.03356097	0
1015.15	0	.2377203	.7284945	.03378516	0
1014.15	0	.2386039	.7273878	.03400837	0
1013.15	0	.2395055	.7262639	.0342306	0
1012.15	0	.2404253	.7251228	.03445186	0
1011.15	0	.2413632	.7239646	.03467213	0
1010.15	0	.2423192	.7227893	.03489143	0
1009.15	0	.2432933	.7215969	.03510974	0
1008.15	0	.2442855	.7203874	.03532706	0
1007.15	0	.2452957	.7191609	.0355434	0
1006.15	0	.246324	.7179173	.03575875	0
1005.15	0	.2473703	.7166566	.03597311	0
1004.15	0	.2484346	.7153789	.03618648	0
1003.15	0	.2495168	.7140843	.03639886	0
1002.15	0	.2506171	.7127727	.03661023	0
1001.15	0	.2517352	.7114442	.03682061	0
1000.15	0	.2528712	.7100988	.03702999	0
999.15	0	.2540251	.7087366	.03723836	0
998.15	0	.2551967	.7073575	.03744572	0
997.15	0	.2563862	.7059617	.03765208	0
996.15	0	.2575933	.7045492	.03785742	0
995.15	0	.2588182	.70312	.03806175	0
994.15	0	.2600607	.7016743	.03826506	0
993.15	0	.2613207	.7002119	.03846735	0
992.15	0	.2625983	.6987331	.03866861	0
991.15	0	.2638934	.6972378	.03886885	0
990.15	0	.2652059	.6957261	.03906805	0
989.15	0	.2665357	.6941981	.03926622	0
988.15	0	.2678828	.6926539	.03946334	0
987.15	0	.2692471	.6910935	.03965942	0
986.15	0	.2706286	.689517	.03985446	0
985.15	0	.2720271	.6879244	.04004844	0
984.15	0	.2734427	.686316	.04024136	0
983.15	0	.2748752	.6846916	.04043323	0
982.15	0	.2763245	.6830515	.04062402	0
981.15	0	.2777905	.6813957	.04081374	0
980.15	0	.2792733	.6797244	.04100239	0
979.15	0	.2807726	.6780375	.04118995	0
978.15	0	.2822884	.6763352	.04137643	0
977.15	0	.2838206	.6746176	.04156181	0
976.15	0	.2853691	.6728848	.04174608	0
975.15	0	.2869337	.671137	.04192926	0
974.15	0	.2885145	.6693742	.04211131	0
973.15	0	.2901113	.6675965	.04229225	0
972.15	0	.2917239	.665804	.04247206	0
971.15	0	.2933523	.6639969	.04265073	0
970.15	0	.2949964	.6621753	.04282826	0
969.15	0	.296656	.6603394	.04300464	0
968.15	0	.298331	.6584892	.04317986	0
967.15	0	.3000213	.6566248	.04335392	0
966.15	0	.3017267	.6547465	.04352679	0
965.15	0	.3034472	.6528543	.04369848	0
964.15	0	.3051826	.6509484	.04386898	0
963.15	0	.3069328	.6490289	.04403827	0
962.15	0	.3086976	.647096	.04420635	0
961.15	0	.3104769	.6451499	.0443732	0
960.15	0	.3122706	.6431906	.04453881	0
959.15	0	.3140784	.6412184	.04470317	0
958.15	0	.3159004	.6392334	.04486628	0
957.15	0	.3177362	.6372357	.04502811	0
956.15	0	.3195858	.6352256	.04518866	0
955.15	0	.321449	.6332031	.04534792	0
954.15	0	.3233256	.6311686	.04550586	0
953.15	0	.3252155	.6291221	.04566247	0
952.15	0	.3271185	.6270638	.04581775	0
951.15	0	.3290344	.6249939	.04597167	0
950.15	0	.3309631	.6229126	.04612423	0
949.15	0	.3329045	.6208201	.04627539	0
948.15	0	.3348582	.6187166	.04642516	0
947.15	0	.3368242	.6166023	.0465735	0
946.15	0	.3388022	.6144774	.04672041	0
945.15	0	.3407921	.612342	.04686586	0
944.15	0	.3427937	.6101964	.04700984	0
943.15	0	.3448068	.6080409	.04715232	0
942.15	0	.3468312	.6058756	.04729328	0
941.15	0	.3488666	.6037007	.04743271	0
940.15	0	.350913	.6015164	.04757058	0
939.15	0	.35297	.5993231	.04770686	0
938.15	0	.3548887	.5972642	.04784713	0
937.15	0	.3568403	.5951749	.04798476	0
936.15	0	.3588286	.5930518	.0481196	0
935.15	0	.3608517	.5908966	.04825168	0
934.15	0	.3629077	.5887112	.04838105	0
933.15	0	.3649949	.5864974	.04850776	0
932.15	0	.3671115	.5842567	.04863185	0
931.15	0	.3692559	.5819908	.04875334	0
930.15	0	.3714264	.5797013	.04887229	0
929.15	0	.3736216	.5773897	.04898871	0
928.15	0	.37584	.5750574	.04910264	0
927.15	0	.3780801	.5727058	.04921411	0
926.15	0	.3803406	.5703362	.04932314	0
925.15	0	.3826201	.5679501	.04942976	0
924.15	0	.3849173	.5655487	.049534	0
923.15	0	.387231	.5631331	.04963588	0
922.15	0	.38956	.5607046	.04973541	0
921.15	0	.3919031	.5582642	.04983263	0
920.15	0	.3942593	.5558132	.04992754	0
919.15	0	.3966273	.5533525	.05002018	0
918.15	0	.3990061	.5508833	.05011055	0
917.15	0	.4013948	.5484065	.05019867	0
916.15	0	.4037924	.545923	.05028456	0
915.15	0	.4061979	.5434339	.05036824	0
914.15	0	.4086103	.54094	.05044972	0
913.15	0	.4110288	.5384422	.05052901	0
912.15	0	.4134525	.5359413	.05060613	0
911.15	0	.4158807	.5334382	.0506811	0
910.15	0	.4183123	.5309338	.05075392	0
909.15	0	.4207468	.5284286	.05082461	0
908.15	0	.4231832	.5259236	.05089318	0
907.15	0	.4256209	.5234194	.05095965	0
906.15	0	.4280592	.5209168	.05102403	0
905.15	0	.4304973	.5184164	.05108633	0
904.15	0	.4329346	.5159188	.05114656	0
903.15	0	.4353705	.5134248	.05120473	0
902.15	0	.4378042	.510935	.05126086	0
901.15	0	.4402351	.5084499	.05131496	0
900.15	0	.4426628	.5059702	.05136704	0
899.15	0	.4450865	.5034964	.05141712	0
898.15	0	.4475058	.501029	.0514652	0
897.15	0	.4499201	.4985686	.05151129	0
896.15	0	.4523288	.4961158	.05155542	0
895.15	0	.4547314	.493671	.05159759	0
894.15	0	.4571275	.4912347	.05163782	0
893.15	0	.4595165	.4888074	.05167612	0
892.15	0	.461898	.4863895	.0517125	0
891.15	0	.4642715	.4839815	.05174698	0
890.15	0	.4666366	.4815838	.05177957	0
889.15	0	.4689929	.4791968	.05181028	0
888.15	0	.4713399	.476821	.05183913	0
887.15	0	.4736773	.4744566	.05186613	0
886.15	0	.4760046	.4721041	.0518913	0
885.15	0	.4783214	.4697639	.05191465	0
884.15	0	.4806275	.4674363	.0519362	0
883.15	0	.4829224	.4651216	.05195596	0
882.15	0	.4852058	.4628202	.05197395	0
881.15	0	.4874775	.4605324	.05199019	0
880.15	0	.4897369	.4582584	.05200469	0
879.15	0	.491984	.4559985	.05201748	0
878.15	0	.4942183	.4537532	.05202855	0
877.15	0	.4964396	.4515225	.05203794	0
876.15	0	.4986476	.4493068	.05204567	0
875.15	0	.500842	.4471062	.05205174	0
874.15	0	.5030227	.4449211	.05205618	0
873.15	0	.5051893	.4427517	.052059	0
872.15	0	.5073416	.4405981	.05206024	0
871.15	0	.5094795	.4384606	.05205989	0
870.15	0	.5116026	.4363394	.05205799	0
869.15	0	.5137109	.4342346	.05205456	0
868.15	0	.5158041	.4321463	.0520496	0
867.15	0	.517882	.4300749	.05204315	0
866.15	0	.5199445	.4280203	.05203522	0
865.15	0	.5219914	.4259828	.05202584	0
864.15	0	.5240226	.4239624	.05201502	0
863.15	0	.5260379	.4219593	.05200278	0
862.15	0	.5280373	.4199736	.05198915	0
861.15	0	.5300205	.4180053	.05197414	0
860.15	0	.5319876	.4160546	.05195778	0
859.15	0	.5339383	.4141216	.05194008	0
858.15	0	.5358726	.4122063	.05192107	0
857.15	0	.5377905	.4103087	.05190077	0
856.15	0	.5396918	.408429	.0518792	0
855.15	0	.5415765	.4065671	.05185638	0
854.15	0	.5434446	.4047231	.05183233	0
853.15	0	.5452959	.402897	.05180707	0
852.15	0	.5471305	.4010888	.05178063	0
851.15	0	.5489484	.3992986	.05175301	0
850.15	0	.5507495	.3975262	.05172426	0
849.15	0	.5525338	.3957718	.05169437	0
848.15	0	.5543014	.3940352	.05166338	0
847.15	0	.5560522	.3923166	.0516313	0
846.15	0	.5577861	.3906157	.05159815	0
845.15	0	.5595034	.3889326	.05156396	0
844.15	0	.561204	.3872673	.05152874	0
843.15	0	.5628879	.3856196	.05149252	0
842.15	0	.5645551	.3839896	.0514553	0
841.15	0	.5662058	.3823771	.05141712	0
840.15	0	.5678399	.3807821	.05137798	0
839.15	0	.5694576	.3792045	.05133791	0
838.15	0	.5710589	.3776442	.05129693	0
837.15	0	.5726439	.3761011	.05125504	0
836.15	0	.5742126	.3745751	.05121228	0
835.15	0	.5757652	.3730662	.05116866	0
834.15	0	.5773016	.3715742	.05112419	0
833.15	0	.5788222	.370099	.05107889	0
832.15	0	.5803268	.3686404	.05103278	0
831.15	0	.5818156	.3671985	.05098587	0
830.15	0	.5832888	.365773	.05093819	0
829.15	0	.5847464	.3643639	.05088974	0
828.15	0	.5861886	.3629709	.05084054	0
827.15	0	.5876154	.361594	.0507906	0
826.15	0	.589027	.3602331	.05073995	0
825.15	0	.5904235	.358888	.05068859	0
824.15	0	.591805	.3575585	.05063654	0
823.15	0	.5931717	.3562445	.05058381	0
822.15	0	.5945237	.3549459	.05053042	0
821.15	0	.595861	.3536626	.05047637	0
820.15	0	.597184	.3523943	.05042169	0
819.15	0	.5984926	.351141	.05036639	0
818.15	0	.5997871	.3499025	.05031047	0
817.15	0	.6010675	.3486786	.05025395	0
816.15	0	.602334	.3474692	.05019685	0
815.15	0	.6035867	.3462741	.05013916	0
814.15	0	.6048258	.3450933	.05008092	0
813.15	0	.6060515	.3439264	.05002211	0
812.15	0	.6072638	.3427735	.04996277	0
811.15	0	.6084629	.3416342	.04990289	0
810.15	0	.6096489	.3405086	.0498425	0
809.15	0	.610822	.3393964	.04978159	0
808.15	0	.6119824	.3382974	.04972018	0
807.15	0	.6131301	.3372116	.04965828	0
806.15	0	.6142654	.3361388	.04959589	0
805.15	0	.6153883	.3350787	.04953304	0
804.15	0	.6164989	.3340313	.04946972	0
803.15	0	.6175976	.3329965	.04940595	0
802.15	0	.6186843	.331974	.04934174	0
801.15	0	.6197592	.3309638	.04927709	0
800.15	0	.6208224	.3299656	.04921201	0
799.15	0	.6218742	.3289793	.04914652	0
798.15	0	.6229145	.3280049	.04908061	0
797.15	0	.6239436	.3270421	.04901431	0
796.15	0	.6249617	.3260907	.04894761	0
795.15	0	.6259687	.3251508	.04888053	0
794.15	0	.6269649	.324222	.04881307	0
793.15	0	.6279504	.3233044	.04874524	0
792.15	0	.6289253	.3223977	.04867705	0
791.15	0	.6298897	.3215018	.0486085	0
790.15	0	.6308439	.3206166	.04853961	0
789.15	0	.6317878	.3197419	.04847037	0
788.15	0	.6327216	.3188776	.04840081	0
787.15	0	.6336455	.3180236	.04833092	0
786.15	0	.6345595	.3171798	.04826071	0
785.15	0	.6354638	.316346	.04819019	0
784.15	0	.6363586	.3155221	.04811937	0
783.15	0	.6372438	.3147079	.04804825	0
782.15	0	.6381197	.3139035	.04797684	0
781.15	0	.6389863	.3131085	.04790515	0
780.15	0	.6398438	.312323	.04783318	0
779.15	0	.6406922	.3115468	.04776094	0
778.15	0	.6415318	.3107798	.04768843	0
777.15	0	.6423625	.3100219	.04761567	0
776.15	0	.6431845	.3092729	.04754265	0
775.15	0	.6439979	.3085327	.04746939	0
774.15	0	.6448028	.3078013	.0473959	0
773.15	0	.6455993	.3070785	.04732216	0
772.15	0	.6463875	.3063643	.04724821	0
771.15	0	.6471675	.3056585	.04717403	0
770.9123	0	.6473517	.3054919	.04715637	0
770.9123	0	.6473517	.3054919	.04715637	0
770.9123	0	.6473517	.3054919	.04715637	0
770.15	0	.6502586	.3016596	.04605421	.002027536
769.15	0	.6539991	.2967156	.0446262	.00465913
768.15	0	.6576589	.2918637	.04321797	.007259444
767.15	0	.6612398	.287102	.04182917	.009829002
766.15	0	.6647438	.2824284	.04045945	.01236832
765.15	0	.6681725	.2778411	.03910846	.01487789
764.15	0	.6715278	.2733381	.03777587	.01735821
763.15	0	.6748113	.2689176	.03646136	.01980975
762.15	0	.6780246	.2645778	.03516459	.022233
761.15	0	.6811694	.260317	.03388525	.02462839
760.15	0	.6842472	.2561334	.03262304	.0269964
759.15	0	.6872595	.2520254	.03137765	.02933745
758.15	0	.6902079	.2479913	.03014879	.03165199
757.15	0	.6930938	.2440296	.02893616	.03394043
756.15	0	.6959186	.2401388	.02773947	.03620319
755.15	0	.6986837	.2363172	.02655845	.03844068
754.15	0	.7013904	.2325635	.02539281	.0406533
753.15	0	.7040401	.2288762	.0242423	.04284144
752.15	0	.706634	.2252539	.02310664	.04500549
751.15	0	.7091734	.2216952	.02198557	.04714583
750.15	0	.7116595	.2181988	.02087883	.04926283
749.15	0	.7140936	.2147633	.01978618	.05135686
748.15	0	.7164768	.2113876	.01870736	.05342827
747.15	0	.7188103	.2080702	.01764213	.05547741
746.15	0	.7210951	.20481	.01659026	.05750465
745.15	0	.7233324	.2016059	.0155515	.0595103
744.15	0	.7255232	.1984565	.01452563	.06149472
743.15	0	.7276685	.1953608	.01351242	.06345823
742.15	0	.7297695	.1923177	.01251165	.06540116
741.15	0	.7318271	.189326	.01152309	.06732381
740.15	0	.7338423	.1863847	.01054654	.06922651
739.15	0	.7358159	.1834927	.009581773	.07110957
738.15	0	.7377491	.1806491	.008628593	.07297328
737.15	0	.7396426	.1778527	.007686791	.07481795
736.15	0	.7414974	.1751026	.006756166	.07664387
735.15	0	.7433143	.1723979	.00583652	.07845133
734.15	0	.7450941	.1697376	.004927661	.08024061
733.15	0	.7468378	.1671208	.004029395	.08201199
732.15	0	.7485462	.1645466	.003141538	.08376574
731.15	0	.7502199	.1620141	.002263904	.08550214
730.15	0	.7518599	.1595224	.001396312	.08722145
729.15	0	.7534668	.1570707	5.385854E-04	.08892393
728.5162	0	.7544684	.1555372	0	.08999435
728.5162	0	.7544684	.1555372	0	.08999435
728.15	0	.7545691	.1553129	0	.09011796
727.15	0	.75484	.1547077	0	.09045226
726.15	0	.7551051	.154113	0	.09078187
725.15	0	.7553646	.1535286	0	.09110687
724.15	0	.7556185	.1529542	0	.09142732
723.15	0	.7558669	.1523898	0	.09174329
722.15	0	.75611	.1518352	0	.09205485
721.15	0	.7563478	.1512901	0	.09236206
720.15	0	.7565805	.1507545	0	.09266499
719.15	0	.7568081	.1502282	0	.09296369
718.15	0	.7570308	.1497109	0	.09325824
717.15	0	.7572486	.1492027	0	.0935487
716.15	0	.7574617	.1487032	0	.09383513
715.15	0	.75767	.1482124	0	.09411759
714.15	0	.7578738	.1477301	0	.09439614
713.15	0	.758073	.1472562	0	.09467083
712.15	0	.7582678	.1467904	0	.09494174
711.15	0	.7584583	.1463328	0	.09520891
710.15	0	.7586445	.1458831	0	.09547241
709.15	0	.7588265	.1454412	0	.09573228
708.15	0	.7590044	.145007	0	.09598859
707.15	0	.7591783	.1445803	0	.0962414
706.15	0	.7593482	.1441611	0	.09649074
705.15	0	.7595142	.1437491	0	.09673668
704.15	0	.7596764	.1433443	0	.09697928
703.15	0	.7598348	.1429466	0	.09721858
702.15	0	.7599896	.1425558	0	.09745463
701.15	0	.7601407	.1421718	0	.09768749
700.15	0	.7602883	.1417945	0	.0979172
699.15	0	.7604324	.1414238	0	.09814382
698.15	0	.7605731	.1410595	0	.09836739
697.15	0	.7607104	.1407016	0	.09858796
696.15	0	.7608444	.14035	0	.09880559
695.15	0	.7609752	.1400045	0	.0990203
694.15	0	.7611028	.1396651	0	.09923216
693.15	0	.7612272	.1393316	0	.09944121
692.15	0	.7613486	.139004	0	.09964749
691.15	0	.7614669	.1386821	0	.09985104
690.15	0	.7615823	.1383658	0	.1000519
689.15	0	.7616947	.1380551	0	.1002501
688.15	0	.7618043	.1377499	0	.1004458
687.15	0	.7619111	.1374501	0	.1006389
686.15	0	.762015	.1371555	0	.1008295
685.15	0	.7621163	.1368661	0	.1010176
684.15	0	.7622149	.1365819	0	.1012032
683.15	0	.7623109	.1363026	0	.1013865
682.15	0	.7624043	.1360283	0	.1015674
681.15	0	.7624951	.1357588	0	.1017461
680.15	0	.7625835	.1354942	0	.1019224
679.15	0	.7626694	.1352342	0	.1020965
678.15	0	.7627528	.1349788	0	.1022684
677.15	0	.7628339	.134728	0	.1024381
676.15	0	.7629127	.1344816	0	.1026057
675.15	0	.7629892	.1342396	0	.1027712
674.15	0	.7630635	.1340019	0	.1029346
673.15	0	.7631355	.1337685	0	.103096
672.15	0	.7632053	.1335393	0	.1032554
671.15	0	.763273	.1333141	0	.1034129
670.15	0	.7633386	.133093	0	.1035684
669.15	0	.7634021	.1328759	0	.103722
668.15	0	.7634636	.1326626	0	.1038738
667.15	0	.7635231	.1324532	0	.1040237
666.15	0	.7635806	.1322476	0	.1041718
665.15	0	.7636362	.1320457	0	.1043181
664.15	0	.7636899	.1318474	0	.1044628
663.15	0	.7637417	.1316527	0	.1046056
662.15	0	.7637916	.1314616	0	.1047468
661.15	0	.7638397	.1312739	0	.1048864
660.15	0	.7638861	.1310896	0	.1050243
659.15	0	.7639307	.1309087	0	.1051606
658.15	0	.7639736	.1307311	0	.1052953
657.15	0	.7640147	.1305568	0	.1054285
656.15	0	.7640542	.1303856	0	.1055602
655.15	0	.7640921	.1302176	0	.1056904
654.15	0	.7641283	.1300526	0	.105819
653.15	0	.764163	.1298908	0	.1059463
652.15	0	.764196	.1297319	0	.1060721
651.15	0	.7642276	.1295759	0	.1061966
650.15	0	.7642576	.1294228	0	.1063196
649.15	0	.7642861	.1292726	0	.1064413
648.15	0	.7643132	.1291251	0	.1065617
647.15	0	.7643388	.1289804	0	.1066808
646.15	0	.764363	.1288385	0	.1067986
645.15	0	.7643858	.1286991	0	.1069151
644.15	0	.7644072	.1285624	0	.1070304
643.15	0	.7644272	.1284283	0	.1071445
642.15	0	.7644459	.1282967	0	.1072574
641.15	0	.7644633	.1281676	0	.1073691
640.15	0	.7644795	.1280409	0	.1074796
639.15	0	.7644943	.1279166	0	.1075891
638.15	0	.7645079	.1277947	0	.1076974
637.15	0	.7645202	.1276752	0	.1078046
636.15	0	.7645314	.1275579	0	.1079108
635.15	0	.7645413	.1274428	0	.1080158
634.15	0	.7645501	.12733	0	.1081199
633.15	0	.7645577	.1272194	0	.1082229
632.15	0	.7645642	.1271109	0	.1083249
631.15	0	.7645695	.1270045	0	.108426
630.15	0	.7645738	.1269002	0	.108526
629.15	0	.7645769	.1267979	0	.1086252
628.15	0	.764579	.1266976	0	.1087233
627.15	0	.76458	.1265993	0	.1088206
626.15	0	.76458	.126503	0	.108917
625.15	0	.764579	.1264085	0	.1090125
624.15	0	.764577	.1263159	0	.1091071
623.15	0	.764574	.1262252	0	.1092009
622.15	0	.76457	.1261363	0	.1092938
621.15	0	.764565	.1260491	0	.1093859
620.15	0	.7645591	.1259637	0	.1094772
619.15	0	.7645523	.12588	0	.1095677
618.15	0	.7645445	.125798	0	.1096574
617.15	0	.7645359	.1257177	0	.1097464
616.15	0	.7645264	.1256391	0	.1098346
615.15	0	.764516	.125562	0	.1099221
614.15	0	.7645047	.1254865	0	.1100088
613.15	0	.7644926	.1254126	0	.1100948
612.15	0	.7644796	.1253402	0	.1101802
611.15	0	.7644659	.1252693	0	.1102648
610.15	0	.7644513	.1251999	0	.1103488
609.15	0	.7644359	.1251319	0	.1104321
608.15	0	.7644198	.1250654	0	.1105148
607.15	0	.7644029	.1250003	0	.1105968
606.15	0	.7643852	.1249365	0	.1106783
605.15	0	.7643668	.1248742	0	.110759
604.15	0	.7643476	.1248131	0	.1108392
603.15	0	.7643277	.1247534	0	.1109188
602.15	0	.7643072	.124695	0	.1109979
601.15	0	.7642859	.1246378	0	.1110763
600.15	0	.7642639	.1245819	0	.1111542
599.15	0	.7642412	.1245272	0	.1112316
598.15	0	.7642179	.1244737	0	.1113084
597.15	0	.7641939	.1244214	0	.1113847
596.15	0	.7641693	.1243702	0	.1114605
595.15	0	.7641441	.1243202	0	.1115357
594.15	0	.7641182	.1242713	0	.1116105
593.15	0	.7640917	.1242236	0	.1116848
592.15	0	.7640646	.1241769	0	.1117586
591.15	0	.7640369	.1241312	0	.1118319
590.15	0	.7640086	.1240866	0	.1119048
589.15	0	.7639797	.1240431	0	.1119772
588.15	0	.7639503	.1240005	0	.1120492
587.15	0	.7639203	.123959	0	.1121207
586.15	0	.7638898	.1239184	0	.1121919
585.15	0	.7638587	.1238787	0	.1122626
584.15	0	.7638271	.12384	0	.1123329
583.15	0	.763795	.1238023	0	.1124028
582.15	0	.7637623	.1237654	0	.1124723
581.15	0	.7637292	.1237294	0	.1125414
580.15	0	.7636956	.1236943	0	.1126101
579.15	0	.7636614	.12366	0	.1126785
578.15	0	.7636269	.1236266	0	.1127465
577.15	0	.7635918	.123594	0	.1128142
576.15	0	.7635563	.1235623	0	.1128815
575.15	0	.7635203	.1235313	0	.1129485
574.15	0	.7634838	.1235011	0	.1130151
573.15	0	.763447	.1234716	0	.1130814
572.15	0	.7634097	.1234429	0	.1131474
571.15	0	.763372	.123415	0	.1132131
570.15	0	.7633338	.1233877	0	.1132785
569.15	0	.7632953	.1233612	0	.1133436
568.15	0	.7632563	.1233353	0	.1134084
567.15	0	.763217	.1233102	0	.1134729
566.15	0	.7631773	.1232857	0	.1135371
565.15	0	.7631372	.1232618	0	.113601
564.15	0	.7630967	.1232386	0	.1136647
563.15	0	.7630559	.123216	0	.1137281
562.15	0	.7630147	.1231941	0	.1137913
561.15	0	.7629732	.1231727	0	.1138542
560.15	0	.7629313	.1231519	0	.1139168
559.15	0	.7628891	.1231317	0	.1139792
558.15	0	.7628465	.1231121	0	.1140414
557.15	0	.7628036	.123093	0	.1141034
556.15	0	.7627605	.1230744	0	.1141651
555.15	0	.762717	.1230564	0	.1142266
554.15	0	.7626732	.1230389	0	.1142879
553.15	0	.7626291	.1230219	0	.114349
552.15	0	.7625847	.1230054	0	.1144099
551.15	0	.76254	.1229894	0	.1144706
550.15	0	.762495	.1229739	0	.1145311
549.15	0	.7624498	.1229588	0	.1145914
548.15	0	.7624043	.1229441	0	.1146515
547.15	0	.7623586	.12293	0	.1147115
546.15	0	.7623126	.1229162	0	.1147712
545.15	0	.7622663	.1229028	0	.1148308
544.15	0	.7622198	.1228899	0	.1148903
543.15	0	.7621731	.1228774	0	.1149495
542.15	0	.7621261	.1228652	0	.1150086
541.15	0	.762079	.1228535	0	.1150676
540.15	0	.7620315	.1228421	0	.1151264
539.15	0	.7619839	.122831	0	.1151851
538.15	0	.7619361	.1228203	0	.1152436
537.15	0	.7618881	.12281	0	.115302
536.15	0	.7618398	.1228	0	.1153602
535.15	0	.7617914	.1227903	0	.1154183
534.15	0	.7617428	.1227809	0	.1154763
533.15	0	.761694	.1227719	0	.1155342
532.15	0	.761645	.1227631	0	.1155919
531.15	0	.7615959	.1227546	0	.1156495
530.15	0	.7615466	.1227464	0	.1157071
529.15	0	.7614971	.1227384	0	.1157645
528.15	0	.7614475	.1227308	0	.1158218
527.15	0	.7613977	.1227233	0	.115879
526.15	0	.7613478	.1227162	0	.1159361
525.15	0	.7612977	.1227092	0	.1159931
524.15	0	.7612475	.1227025	0	.11605
523.15	0	.7611972	.122696	0	.1161068
522.15	0	.7611467	.1226897	0	.1161635
521.15	0	.7610962	.1226837	0	.1162202
520.15	0	.7610455	.1226778	0	.1162767
519.15	0	.7609946	.1226721	0	.1163333
518.15	0	.7609437	.1226666	0	.1163897
517.15	0	.7608927	.1226613	0	.116446
516.15	0	.7608416	.1226561	0	.1165023
515.15	0	.7607904	.1226511	0	.1165585
514.15	0	.7607391	.1226463	0	.1166147
513.15	0	.7606877	.1226416	0	.1166707
512.15	0	.7606362	.122637	0	.1167268
511.15	0	.7605847	.1226326	0	.1167827
510.15	0	.7605331	.1226283	0	.1168387
509.15	0	.7604814	.1226241	0	.1168945
508.15	0	.7604297	.12262	0	.1169503
507.15	0	.7603778	.1226161	0	.1170061
506.15	0	.760326	.1226122	0	.1170618
505.15	0	.7602741	.1226084	0	.1171175
504.15	0	.7602221	.1226047	0	.1171732
503.15	0	.7601701	.1226011	0	.1172288
502.15	0	.7601181	.1225975	0	.1172844
501.15	0	.760066	.1225941	0	.1173399
500.15	0	.7600139	.1225906	0	.1173954
499.15	0	.7599618	.1225873	0	.1174509
498.15	0	.7599097	.1225839	0	.1175064
497.15	0	.7598575	.1225807	0	.1175618
496.15	0	.7598054	.1225774	0	.1176172
495.15	0	.7597532	.1225742	0	.1176726
494.15	0	.759701	.122571	0	.117728
493.15	0	.7596488	.1225679	0	.1177834
492.15	0	.7595966	.1225647	0	.1178387
491.15	0	.7595444	.1225616	0	.117894
490.15	0	.7594923	.1225584	0	.1179494
489.15	0	.7594401	.1225552	0	.1180047
488.15	0	.759388	.1225521	0	.11806
487.15	0	.7593358	.1225489	0	.1181153
486.15	0	.7592837	.1225457	0	.1181706
485.15	0	.7592317	.1225425	0	.1182259
484.15	0	.7591796	.1225392	0	.1182812
483.15	0	.7591276	.1225359	0	.1183364
482.15	0	.7590757	.1225326	0	.1183918
481.15	0	.7590238	.1225292	0	.118447
480.15	0	.7589719	.1225258	0	.1185024
479.15	0	.7589201	.1225223	0	.1185577
478.15	0	.7588683	.1225187	0	.118613
477.15	0	.7588166	.1225151	0	.1186683
476.15	0	.7587649	.1225114	0	.1187237
475.15	0	.7587133	.1225076	0	.118779
474.15	0	.7586618	.1225038	0	.1188344
473.15	0	.7586104	.1224998	0	.1188898
472.15	0	.758559	.1224958	0	.1189452
471.15	0	.7585077	.1224917	0	.1190006
470.15	0	.7584565	.1224875	0	.119056
469.15	0	.7584053	.1224832	0	.1191115
468.15	0	.7583543	.1224787	0	.119167
467.15	0	.7583033	.1224742	0	.1192225
466.15	0	.7582524	.1224695	0	.119278
465.15	0	.7582017	.1224647	0	.1193336
464.15	0	.758151	.1224598	0	.1193892
463.15	0	.7581004	.1224548	0	.1194448
462.15	0	.75805	.1224496	0	.1195004
461.15	0	.7579996	.1224443	0	.1195561
460.15	0	.7579494	.1224389	0	.1196118
459.15	0	.7578992	.1224333	0	.1196675
458.15	0	.7578492	.1224275	0	.1197233
457.15	0	.7577993	.1224216	0	.1197791
456.15	0	.7577495	.1224156	0	.1198349
455.15	0	.7576999	.1224093	0	.1198908
454.15	0	.7576504	.122403	0	.1199467
453.15	0	.757601	.1223964	0	.1200026
452.15	0	.7575518	.1223897	0	.1200586
451.15	0	.7575026	.1223828	0	.1201146
450.15	0	.7574537	.1223757	0	.1201707
449.15	0	.7574049	.1223683	0	.1202268
448.15	0	.7573563	.1223608	0	.1202829
447.15	0	.7573079	.122353	0	.1203391
446.15	0	.7572596	.122345	0	.1203953
445.15	0	.7572116	.1223368	0	.1204517
444.15	0	.7571637	.1223283	0	.120508
443.15	0	.757116	.1223196	0	.1205644
442.15	0	.7570685	.1223106	0	.1206208
441.15	0	.7570213	.1223014	0	.1206773
440.15	0	.7569742	.1222919	0	.1207339
439.15	0	.7569274	.1222821	0	.1207905
438.15	0	.7568809	.1222719	0	.1208472
437.15	0	.7568346	.1222615	0	.1209039
436.15	0	.7567885	.1222508	0	.1209607
435.15	0	.7567427	.1222397	0	.1210176
434.15	0	.7566972	.1222283	0	.1210745
433.15	0	.7566519	.1222165	0	.1211315
432.15	0	.756607	.1222045	0	.1211886
431.15	0	.7565623	.122192	0	.1212457
430.15	0	.7565179	.1221792	0	.1213029
429.15	0	.7564738	.122166	0	.1213602
428.15	0	.75643	.1221525	0	.1214175
427.15	0	.7563865	.1221386	0	.1214749
426.15	0	.7563433	.1221243	0	.1215324
425.15	0	.7563004	.1221096	0	.12159
424.15	0	.7562579	.1220945	0	.1216476
423.15	0	.7562156	.1220791	0	.1217053
422.15	0	.7561737	.1220632	0	.1217631
421.15	0	.7561322	.1220469	0	.1218209
420.15	0	.7560909	.1220302	0	.1218789
419.15	0	.75605	.1220131	0	.1219369
418.15	0	.7560095	.1219956	0	.1219949
417.15	0	.7559692	.1219777	0	.1220531
416.15	0	.7559294	.1219593	0	.1221113
415.15	0	.7558898	.1219406	0	.1221696
414.15	0	.7558507	.1219214	0	.122228
413.15	0	.7558118	.1219018	0	.1222864
412.15	0	.7557733	.1218817	0	.1223449
411.15	0	.7557352	.1218613	0	.1224035
410.15	0	.7556974	.1218404	0	.1224622
409.15	0	.75566	.121819	0	.122521
408.15	0	.755623	.1217973	0	.1225798
407.15	0	.7555863	.121775	0	.1226387
406.15	0	.75555	.1217524	0	.1226976
405.15	0	.755514	.1217294	0	.1227567
404.15	0	.7554784	.1217058	0	.1228158
403.15	0	.7554431	.1216819	0	.122875
402.15	0	.7554082	.1216575	0	.1229343
401.15	0	.7553737	.1216327	0	.1229936
400.15	0	.7553395	.1216075	0	.123053
399.15	0	.7553057	.1215818	0	.1231125
398.15	0	.7552723	.1215557	0	.123172
397.15	0	.7552392	.1215291	0	.1232317
396.15	0	.7552065	.1215022	0	.1232913
395.15	0	.7551742	.1214747	0	.1233511
