T	 BPW(LIQUID)	BPW(BCC_A2)	BPW(FCC_A1)	BPW(LAVES_PHASE_C14)	BPW(NI3TI)
1473.15	0	1	0	0	0
1472.15	0	1	0	0	0
1471.15	0	1	0	0	0
1470.15	0	1	0	0	0
1469.15	0	1	0	0	0
1468.15	0	1	0	0	0
1467.15	0	1	0	0	0
1466.15	0	1	0	0	0
1465.15	0	1	0	0	0
1464.15	0	1	0	0	0
1463.15	0	1	0	0	0
1462.15	0	1	0	0	0
1461.15	0	1	0	0	0
1460.15	0	1	0	0	0
1459.15	0	1	0	0	0
1458.15	0	1	0	0	0
1457.15	0	1	0	0	0
1456.15	0	1	0	0	0
1455.15	0	1	0	0	0
1454.15	0	1	0	0	0
1453.15	0	1	0	0	0
1452.15	0	1	0	0	0
1451.15	0	1	0	0	0
1450.15	0	1	0	0	0
1449.15	0	1	0	0	0
1448.15	0	1	0	0	0
1447.15	0	1	0	0	0
1446.15	0	1	0	0	0
1445.15	0	1	0	0	0
1444.15	0	1	0	0	0
1443.15	0	1	0	0	0
1442.15	0	1	0	0	0
1441.15	0	1	0	0	0
1440.15	0	1	0	0	0
1439.15	0	1	0	0	0
1438.15	0	1	0	0	0
1437.15	0	1	0	0	0
1436.15	0	1	0	0	0
1435.15	0	1	0	0	0
1434.15	0	1	0	0	0
1433.15	0	1	0	0	0
1432.15	0	1	0	0	0
1431.15	0	1	0	0	0
1430.15	0	1	0	0	0
1429.15	0	1	0	0	0
1428.15	0	1	0	0	0
1427.15	0	1	0	0	0
1426.15	0	1	0	0	0
1425.15	0	1	0	0	0
1424.15	0	1	0	0	0
1423.15	0	1	0	0	0
1422.15	0	1	0	0	0
1421.15	0	1	0	0	0
1420.15	0	1	0	0	0
1419.15	0	1	0	0	0
1418.15	0	1	0	0	0
1417.15	0	1	0	0	0
1416.15	0	1	0	0	0
1415.15	0	1	0	0	0
1414.15	0	1	0	0	0
1413.15	0	1	0	0	0
1412.15	0	1	0	0	0
1411.15	0	1	0	0	0
1410.15	0	1	0	0	0
1409.15	0	1	0	0	0
1408.15	0	1	0	0	0
1407.15	0	1	0	0	0
1406.15	0	1	0	0	0
1405.15	0	1	0	0	0
1404.15	0	1	0	0	0
1403.15	0	1	0	0	0
1402.15	0	1	0	0	0
1401.15	0	1	0	0	0
1400.15	0	1	0	0	0
1399.15	0	1	0	0	0
1398.15	0	1	0	0	0
1397.15	0	1	0	0	0
1396.15	0	1	0	0	0
1395.15	0	1	0	0	0
1394.15	0	1	0	0	0
1393.15	0	1	0	0	0
1392.15	0	1	0	0	0
1391.15	0	1	0	0	0
1390.15	0	1	0	0	0
1389.15	0	1	0	0	0
1388.15	0	1	0	0	0
1387.15	0	1	0	0	0
1386.15	0	1	0	0	0
1385.15	0	1	0	0	0
1384.15	0	1	0	0	0
1383.15	0	1	0	0	0
1382.15	0	1	0	0	0
1381.15	0	1	0	0	0
1380.15	0	1	0	0	0
1379.15	0	1	0	0	0
1378.15	0	1	0	0	0
1377.15	0	1	0	0	0
1376.15	0	1	0	0	0
1375.15	0	1	0	0	0
1374.15	0	1	0	0	0
1373.15	0	1	0	0	0
1372.15	0	1	0	0	0
1371.15	0	1	0	0	0
1370.15	0	1	0	0	0
1369.15	0	1	0	0	0
1368.15	0	1	0	0	0
1367.15	0	1	0	0	0
1366.15	0	1	0	0	0
1365.15	0	1	0	0	0
1364.15	0	1	0	0	0
1363.15	0	1	0	0	0
1362.15	0	1	0	0	0
1361.15	0	1	0	0	0
1360.15	0	1	0	0	0
1359.15	0	1	0	0	0
1358.15	0	1	0	0	0
1357.15	0	1	0	0	0
1356.15	0	1	0	0	0
1355.15	0	1	0	0	0
1354.15	0	1	0	0	0
1353.15	0	1	0	0	0
1352.15	0	1	0	0	0
1351.15	0	1	0	0	0
1350.15	0	1	0	0	0
1349.15	0	1	0	0	0
1348.15	0	1	0	0	0
1347.15	0	1	0	0	0
1346.15	0	1	0	0	0
1345.15	0	1	0	0	0
1344.15	0	1	0	0	0
1343.15	0	1	0	0	0
1342.15	0	1	0	0	0
1341.15	0	1	0	0	0
1340.15	0	1	0	0	0
1339.15	0	1	0	0	0
1338.15	0	1	0	0	0
1337.15	0	1	0	0	0
1336.15	0	1	0	0	0
1335.15	0	1	0	0	0
1334.15	0	1	0	0	0
1333.15	0	1	0	0	0
1332.15	0	1	0	0	0
1331.15	0	1	0	0	0
1330.15	0	1	0	0	0
1329.15	0	1	0	0	0
1328.15	0	1	0	0	0
1327.15	0	1	0	0	0
1326.15	0	1	0	0	0
1325.15	0	1	0	0	0
1324.15	0	1	0	0	0
1323.15	0	1	0	0	0
1322.15	0	1	0	0	0
1321.15	0	1	0	0	0
1320.15	0	1	0	0	0
1319.15	0	1	0	0	0
1318.15	0	1	0	0	0
1317.15	0	1	0	0	0
1316.15	0	1	0	0	0
1315.15	0	1	0	0	0
1314.15	0	1	0	0	0
1313.15	0	1	0	0	0
1312.15	0	1	0	0	0
1311.15	0	1	0	0	0
1310.15	0	1	0	0	0
1309.15	0	1	0	0	0
1308.15	0	1	0	0	0
1307.15	0	1	0	0	0
1306.15	0	1	0	0	0
1305.15	0	1	0	0	0
1304.15	0	1	0	0	0
1303.15	0	1	0	0	0
1302.15	0	1	0	0	0
1301.15	0	1	0	0	0
1300.15	0	1	0	0	0
1299.15	0	1	0	0	0
1298.15	0	1	0	0	0
1297.15	0	1	0	0	0
1296.15	0	1	0	0	0
1295.15	0	1	0	0	0
1294.15	0	1	0	0	0
1293.15	0	1	0	0	0
1292.15	0	1	0	0	0
1291.15	0	1	0	0	0
1290.15	0	1	0	0	0
1289.15	0	1	0	0	0
1288.15	0	1	0	0	0
1287.15	0	1	0	0	0
1286.15	0	1	0	0	0
1285.15	0	1	0	0	0
1284.15	0	1	0	0	0
1283.15	0	1	0	0	0
1282.15	0	1	0	0	0
1281.15	0	1	0	0	0
1280.15	0	1	0	0	0
1279.15	0	1	0	0	0
1278.15	0	1	0	0	0
1277.15	0	1	0	0	0
1276.15	0	1	0	0	0
1275.15	0	1	0	0	0
1274.15	0	1	0	0	0
1273.15	0	1	0	0	0
1272.15	0	1	0	0	0
1271.15	0	1	0	0	0
1270.15	0	1	0	0	0
1269.15	0	1	0	0	0
1268.15	0	1	0	0	0
1267.15	0	1	0	0	0
1266.15	0	1	0	0	0
1265.15	0	1	0	0	0
1264.15	0	1	0	0	0
1263.15	0	1	0	0	0
1262.15	0	1	0	0	0
1261.15	0	1	0	0	0
1260.15	0	1	0	0	0
1259.15	0	1	0	0	0
1258.15	0	1	0	0	0
1257.15	0	1	0	0	0
1256.15	0	1	0	0	0
1256.104	0	1	0	0	0
1256.104	0	1	0	0	0
1256.104	0	1	0	0	0
1255.15	0	.998551	.001449004	0	0
1254.15	0	.9970351	.002964939	0	0
1253.15	0	.9955226	.004477446	0	0
1252.15	0	.9940135	.005986523	0	0
1251.15	0	.9925078	.007492165	0	0
1250.15	0	.9910056	.008994369	0	0
1249.15	0	.9895069	.01049313	0	0
1248.15	0	.9880116	.01198845	0	0
1247.15	0	.9865197	.01348031	0	0
1246.15	0	.9850313	.01496873	0	0
1245.15	0	.9835463	.01645368	0	0
1244.15	0	.9820648	.01793517	0	0
1243.15	0	.9805868	.0194132	0	0
1242.15	0	.9791123	.02088775	0	0
1241.15	0	.9776412	.02235883	0	0
1240.15	0	.9761736	.02382642	0	0
1239.15	0	.9747095	.02529054	0	0
1238.15	0	.9732488	.02675116	0	0
1237.15	0	.9717917	.02820829	0	0
1236.15	0	.9703381	.02966192	0	0
1235.15	0	.968888	.03111205	0	0
1234.15	0	.9674413	.03255868	0	0
1233.15	0	.9659982	.03400178	0	0
1232.15	0	.9645586	.03544137	0	0
1231.15	0	.9631226	.03687744	0	0
1230.15	0	.96169	.03830998	0	0
1229.15	0	.960261	.03973899	0	0
1228.15	0	.9588356	.04116445	0	0
1227.15	0	.9574136	.04258638	0	0
1226.15	0	.9559952	.04400475	0	0
1225.15	0	.9545804	.04541957	0	0
1224.15	0	.9531692	.04683084	0	0
1223.15	0	.9517615	.04823853	0	0
1222.15	0	.9503573	.04964265	0	0
1221.15	0	.9489568	.0510432	0	0
1220.15	0	.9475598	.05244017	0	0
1219.15	0	.9461665	.05383354	0	0
1218.15	0	.9447767	.05522332	0	0
1217.15	0	.9433905	.05660951	0	0
1216.15	0	.9420079	.05799208	0	0
1215.15	0	.940629	.05937104	0	0
1214.15	0	.9392536	.06074639	0	0
1213.15	0	.9378819	.06211811	0	0
1212.15	0	.9365138	.0634862	0	0
1211.15	0	.9351494	.06485065	0	0
1210.15	0	.9337886	.06621145	0	0
1209.15	0	.9324314	.06756861	0	0
1208.15	0	.9310779	.06892211	0	0
1207.15	0	.9297281	.07027195	0	0
1206.15	0	.9283819	.07161811	0	0
1205.15	0	.9270394	.0729606	0	0
1204.15	0	.9257006	.0742994	0	0
1203.15	0	.9243655	.07563451	0	0
1202.15	0	.9230341	.07696593	0	0
1201.15	0	.9217064	.07829364	0	0
1200.15	0	.9203824	.07961764	0	0
1199.15	0	.9190621	.08093791	0	0
1198.15	0	.9177455	.08225446	0	0
1197.15	0	.9164327	.08356728	0	0
1196.15	0	.9151236	.08487635	0	0
1195.15	0	.9138183	.08618168	0	0
1194.15	0	.9125167	.08748325	0	0
1193.15	0	.9112189	.08878105	0	0
1192.15	0	.9099249	.09007508	0	0
1191.15	0	.9086347	.09136533	0	0
1190.15	0	.9073482	.0926518	0	0
1189.15	0	.9060655	.09393446	0	0
1188.15	0	.9047867	.09521333	0	0
1187.15	0	.9035116	.09648838	0	0
1186.15	0	.9022404	.09775961	0	0
1185.15	0	.900973	.09902701	0	0
1184.15	0	.8997094	.1002906	0	0
1183.15	0	.8984497	.1015503	0	0
1182.15	0	.8971938	.1028062	0	0
1181.15	0	.8959418	.1040582	0	0
1180.15	0	.8946937	.1053063	0	0
1179.15	0	.8934494	.1065506	0	0
1178.15	0	.8922091	.1077909	0	0
1177.15	0	.8909726	.1090274	0	0
1176.15	0	.8897401	.1102599	0	0
1175.15	0	.8885114	.1114886	0	0
1174.15	0	.8872867	.1127133	0	0
1173.15	0	.8860659	.1139341	0	0
1172.15	0	.8848491	.1151509	0	0
1171.15	0	.8836362	.1163638	0	0
1170.15	0	.8824273	.1175727	0	0
1169.15	0	.8812223	.1187777	0	0
1168.15	0	.8800213	.1199787	0	0
1167.15	0	.8788243	.1211757	0	0
1166.15	0	.8776314	.1223686	0	0
1165.15	0	.8764424	.1235576	0	0
1164.15	0	.8752574	.1247426	0	0
1163.15	0	.8740765	.1259235	0	0
1162.15	0	.8728996	.1271004	0	0
1161.15	0	.8717268	.1282732	0	0
1160.15	0	.870558	.129442	0	0
1159.15	0	.8693933	.1306067	0	0
1158.15	0	.8682327	.1317673	0	0
1157.15	0	.8670762	.1329238	0	0
1156.15	0	.8659237	.1340763	0	0
1155.15	0	.8647754	.1352246	0	0
1154.15	0	.8636312	.1363688	0	0
1153.15	0	.8624911	.1375089	0	0
1152.15	0	.8613552	.1386448	0	0
1151.15	0	.8602234	.1397766	0	0
1150.15	0	.8590958	.1409042	0	0
1149.15	0	.8579724	.1420276	0	0
1148.15	0	.8568532	.1431468	0	0
1147.15	0	.8557382	.1442618	0	0
1146.15	0	.8546274	.1453726	0	0
1145.15	0	.8535208	.1464793	0	0
1144.15	0	.8524184	.1475816	0	0
1143.15	0	.8513203	.1486797	0	0
1142.15	0	.8502264	.1497736	0	0
1141.15	0	.8491368	.1508632	0	0
1140.15	0	.8480515	.1519485	0	0
1139.15	0	.8469705	.1530295	0	0
1138.15	0	.8458937	.1541063	0	0
1137.15	0	.8448214	.1551787	0	0
1136.15	0	.8437533	.1562467	0	0
1135.15	0	.8426895	.1573105	0	0
1134.15	0	.8416301	.1583699	0	0
1133.15	0	.8405751	.1594249	0	0
1132.15	0	.8395245	.1604755	0	0
1131.15	0	.8384782	.1615218	0	0
1130.15	0	.8374364	.1625636	0	0
1129.15	0	.8363989	.1636011	0	0
1128.15	0	.8353659	.1646341	0	0
1127.15	0	.8343373	.1656627	0	0
1126.15	0	.8333132	.1666868	0	0
1125.15	0	.8322935	.1677065	0	0
1124.15	0	.8312783	.1687217	0	0
1123.15	0	.8302676	.1697324	0	0
1122.15	0	.8292614	.1707386	0	0
1121.15	0	.8282597	.1717403	0	0
1120.15	0	.8272626	.1727374	0	0
1119.15	0	.82627	.17373	0	0
1118.15	0	.8252819	.1747181	0	0
1117.15	0	.8242984	.1757016	0	0
1116.15	0	.8233195	.1766805	0	0
1115.15	0	.8223452	.1776548	0	0
1114.15	0	.8213755	.1786245	0	0
1113.15	0	.8204105	.1795895	0	0
1112.15	0	.81945	.18055	0	0
1111.15	0	.8184942	.1815058	0	0
1110.15	0	.8175431	.1824569	0	0
1109.15	0	.8165966	.1834034	0	0
1108.15	0	.8156549	.1843451	0	0
1107.15	0	.8147178	.1852822	0	0
1106.15	0	.8137855	.1862145	0	0
1105.15	0	.8128579	.1871421	0	0
1104.15	0	.811935	.188065	0	0
1103.15	0	.8110169	.1889831	0	0
1102.15	0	.8101036	.1898964	0	0
1101.15	0	.8091951	.1908049	0	0
1100.15	0	.8082914	.1917086	0	0
1099.15	0	.8073925	.1926075	0	0
1098.15	0	.8064984	.1935016	0	0
1097.15	0	.8056092	.1943908	0	0
1096.15	0	.8047249	.1952752	0	0
1095.15	0	.8038454	.1961546	0	0
1094.15	0	.8029708	.1970292	0	0
1093.15	0	.8021011	.1978989	0	0
1092.15	0	.8012363	.1987637	0	0
1091.15	0	.8003765	.1996235	0	0
1090.15	0	.7995216	.2004784	0	0
1089.15	0	.7986717	.2013283	0	0
1088.15	0	.7978268	.2021732	0	0
1087.15	0	.7969869	.2030132	0	0
1086.15	0	.7961519	.2038481	0	0
1085.15	0	.795322	.204678	0	0
1084.15	0	.7944972	.2055028	0	0
1083.15	0	.7936774	.2063226	0	0
1082.15	0	.7928626	.2071374	0	0
1081.15	0	.792053	.207947	0	0
1080.15	0	.7912484	.2087516	0	0
1079.15	0	.790449	.209551	0	0
1078.15	0	.7896547	.2103453	0	0
1077.15	0	.7888655	.2111345	0	0
1076.15	0	.7880815	.2119185	0	0
1075.15	0	.7873027	.2126973	0	0
1074.15	0	.7865291	.213471	0	0
1073.15	0	.7857606	.2142394	0	0
1072.618	0	.7853538	.2146462	0	0
1072.618	0	.7853538	.2146462	0	0
1072.618	0	.7853538	.2146462	0	0
1072.15	0	.7848691	.2149722	1.587778E-04	0
1071.15	0	.7838373	.2156652	4.974638E-04	0
1070.15	0	.7828117	.2163531	8.351774E-04	0
1069.15	0	.7817922	.2170359	.00117192	0
1068.15	0	.7807789	.2177135	.001507692	0
1067.15	0	.7797716	.2183859	.001842495	0
1066.15	0	.7787706	.2190531	.002176329	0
1065.15	0	.7777757	.2197151	.002509196	0
1064.15	0	.776787	.2203719	.002841097	0
1063.15	0	.7758045	.2210235	.003172033	0
1062.15	0	.7748281	.2216699	.003502004	0
1061.15	0	.773858	.222311	.003831011	0
1060.15	0	.7728941	.2229468	.004159055	0
1059.15	0	.7719365	.2235774	.004486137	0
1058.15	0	.7709851	.2242027	.004812258	0
1057.15	0	.7700399	.2248227	.005137417	0
1056.15	0	.769101	.2254374	.005461617	0
1055.15	0	.7681684	.2260467	.005784858	0
1054.15	0	.7672421	.2266508	.006107139	0
1053.15	0	.766322	.2272495	.006428462	0
1052.15	0	.7654083	.2278429	.006748828	0
1051.15	0	.7645009	.2284309	.007068236	0
1050.15	0	.7635998	.2290135	.007386688	0
1049.15	0	.7627051	.2295908	.007704183	0
1048.15	0	.7618167	.2301626	.008020723	0
1047.15	0	.7609346	.2307291	.008336306	0
1046.15	0	.760059	.2312901	.008650935	0
1045.15	0	.7591897	.2318457	.008964609	0
1044.15	0	.7583268	.2323959	.009277328	0
1043.15	0	.7574703	.2329406	.009589093	0
1042.15	0	.7566202	.2334799	.009899904	0
1041.15	0	.7557766	.2340137	.01020976	0
1040.15	0	.7549394	.234542	.01051866	0
1039.15	0	.7541086	.2350648	.01082661	0
1038.15	0	.7532843	.2355821	.0111336	0
1037.15	0	.7524664	.236094	.01143965	0
1036.15	0	.751655	.2366003	.01174473	0
1035.15	0	.7508501	.237101	.01204887	0
1034.15	0	.7500517	.2375963	.01235204	0
1033.15	0	.7492598	.238086	.01265427	0
1032.15	0	.7484744	.2385701	.01295554	0
1031.15	0	.7476955	.2390487	.01325585	0
1030.15	0	.7469231	.2395217	.01355521	0
1029.15	0	.7461573	.2399891	.01385361	0
1028.15	0	.745398	.2404509	.01415106	0
1027.15	0	.7446453	.2409072	.01444755	0
1026.15	0	.7438992	.2413578	.01474308	0
1025.15	0	.7431596	.2418028	.01503766	0
1024.15	0	.7424266	.2422422	.01533128	0
1023.15	0	.7417002	.2426759	.01562393	0
1022.15	0	.7409803	.243104	.01591563	0
1021.15	0	.7402671	.2435265	.01620637	0
1020.15	0	.7395605	.2439433	.01649615	0
1019.15	0	.7388606	.2443545	.01678496	0
1018.15	0	.7381672	.24476	.01707282	0
1017.15	0	.7374805	.2451598	.0173597	0
1016.15	0	.7368005	.2455539	.01764563	0
1015.15	0	.736127	.2459424	.01793058	0
1014.15	0	.7354603	.2463252	.01821457	0
1013.15	0	.7348002	.2467022	.01849759	0
1012.15	0	.7341467	.2470736	.01877965	0
1011.15	0	.7335	.2474393	.01906073	0
1010.15	0	.7328599	.2477993	.01934083	0
1009.15	0	.7322265	.2481535	.01961997	0
1008.15	0	.7315998	.2485021	.01989812	0
1007.15	0	.7309798	.2488449	.02017531	0
1006.15	0	.7303665	.249182	.02045151	0
1005.15	0	.7297599	.2495133	.02072673	0
1004.15	0	.72916	.249839	.02100097	0
1003.15	0	.7285669	.2501589	.02127422	0
1002.15	0	.7279804	.2504731	.0215465	0
1001.15	0	.7274007	.2507815	.02181778	0
1000.15	0	.7268277	.2510843	.02208807	0
999.15	0	.7262614	.2513812	.02235737	0
998.15	0	.7257019	.2516725	.02262567	0
997.15	0	.725149	.251958	.02289298	0
996.15	0	.7246029	.2522378	.02315929	0
995.15	0	.7240636	.2525118	.02342459	0
994.15	0	.723531	.2527801	.02368889	0
993.15	0	.7230051	.2530427	.02395219	0
992.15	0	.722486	.2532996	.02421447	0
991.15	0	.7219735	.2535507	.02447575	0
990.15	0	.7214679	.2537961	.024736	0
989.15	0	.7209689	.2540358	.02499524	0
988.15	0	.7204767	.2542698	.02525346	0
987.15	0	.7199913	.2544981	.02551065	0
986.15	0	.7195125	.2547207	.02576682	0
985.15	0	.7190405	.2549375	.02602195	0
984.15	0	.7185752	.2551487	.02627605	0
983.15	0	.7181167	.2553542	.02652911	0
982.15	0	.7176648	.2555541	.02678112	0
981.15	0	.7172197	.2557482	.02703209	0
980.15	0	.7167813	.2559367	.02728201	0
979.15	0	.7163495	.2561196	.02753088	0
978.15	0	.7159245	.2562968	.02777869	0
977.15	0	.7155062	.2564684	.02802543	0
976.15	0	.7150945	.2566344	.02827111	0
975.15	0	.7146895	.2567948	.02851572	0
974.15	0	.7142912	.2569496	.02875925	0
973.15	0	.7138995	.2570988	.0290017	0
972.15	0	.7135145	.2572424	.02924307	0
971.15	0	.7131361	.2573805	.02948334	0
970.15	0	.7127644	.2575131	.02972252	0
969.15	0	.7123992	.2576402	.02996059	0
968.15	0	.7120407	.2577618	.03019756	0
967.15	0	.7116887	.2578778	.03043342	0
966.15	0	.7113434	.2579885	.03066816	0
965.15	0	.7110046	.2580937	.03090177	0
964.15	0	.7106723	.2581935	.03113425	0
963.15	0	.7103465	.2582879	.0313656	0
962.15	0	.7100273	.2583769	.03159581	0
961.15	0	.7097146	.2584606	.03182486	0
960.15	0	.7094083	.2585389	.03205276	0
959.15	0	.7091085	.258612	.03227949	0
958.15	0	.7088151	.2586798	.03250506	0
957.15	0	.7085282	.2587424	.03272944	0
956.15	0	.7082476	.2587998	.03295265	0
955.15	0	.7079734	.258852	.03317465	0
954.15	0	.7077055	.258899	.03339546	0
953.15	0	.707444	.258941	.03361506	0
952.15	0	.7071887	.2589779	.03383344	0
951.15	0	.7069397	.2590097	.03405059	0
950.15	0	.7066969	.2590365	.03426651	0
949.15	0	.7064604	.2590584	.03448119	0
948.15	0	.70623	.2590754	.03469461	0
947.15	0	.7060058	.2590875	.03490677	0
946.15	0	.7057876	.2590947	.03511766	0
945.15	0	.7055756	.2590972	.03532726	0
944.15	0	.7053695	.2590949	.03553557	0
943.15	0	.7051695	.2590879	.03574258	0
942.15	0	.7049754	.2590763	.03594827	0
941.15	0	.7047872	.2590601	.03615264	0
940.15	0	.7046049	.2590394	.03635567	0
939.15	0	.7044285	.2590142	.03655735	0
938.15	0	.7042578	.2589845	.03675767	0
937.15	0	.7040928	.2589505	.03695662	0
936.15	0	.7039336	.2589122	.03715418	0
935.15	0	.70378	.2588697	.03735035	0
934.15	0	.7036319	.258823	.0375451	0
933.15	0	.7034894	.2587722	.03773842	0
932.15	0	.7033524	.2587173	.0379303	0
931.15	0	.7032207	.2586585	.03812073	0
930.15	0	.7030945	.2585959	.03830969	0
929.15	0	.7029735	.2585294	.03849716	0
928.15	0	.7028577	.2584592	.03868313	0
927.15	0	.7027471	.2583853	.03886758	0
926.15	0	.7026416	.258308	.03905049	0
925.15	0	.702541	.2582271	.03923185	0
924.15	0	.7024454	.2581429	.03941165	0
923.15	0	.7023547	.2580554	.03958985	0
922.15	0	.7022687	.2579648	.03976645	0
921.15	0	.7021875	.2578711	.03994142	0
920.15	0	.7021108	.2577745	.04011474	0
919.15	0	.7020387	.2576749	.04028639	0
918.15	0	.7019709	.2575727	.04045636	0
917.15	0	.7019075	.2574679	.04062462	0
916.15	0	.7018483	.2573605	.04079114	0
915.15	0	.7017933	.2572508	.0409559	0
914.15	0	.7017422	.2571389	.04111889	0
913.15	0	.701695	.2570249	.04128006	0
912.15	0	.7016516	.256909	.04143941	0
911.15	0	.7016119	.2567912	.0415969	0
910.15	0	.7015757	.2566718	.0417525	0
909.15	0	.7015429	.2565509	.04190619	0
908.15	0	.7015134	.2564287	.04205794	0
907.15	0	.701487	.2563053	.04220771	0
906.15	0	.7014636	.2561809	.04235548	0
905.15	0	.701443	.2560558	.04250121	0
904.15	0	.7014251	.2559301	.04264487	0
903.15	0	.7014097	.2558039	.04278642	0
902.15	0	.7013966	.2556776	.04292584	0
901.15	0	.7013857	.2555512	.04306307	0
900.15	0	.7013768	.2554251	.04319809	0
899.15	0	.7013697	.2552995	.04333085	0
898.15	0	.7013641	.2551746	.04346131	0
897.15	0	.70136	.2550506	.04358942	0
896.15	0	.701357	.2549279	.04371515	0
895.15	0	.7013549	.2548066	.04383844	0
894.15	0	.7013536	.2546872	.04395924	0
893.15	0	.7013527	.2545698	.04407751	0
892.15	0	.701352	.2544548	.04419319	0
891.15	0	.7013513	.2543425	.04430621	0
890.15	0	.7013502	.2542333	.04441654	0
889.15	0	.7013484	.2541275	.0445241	0
888.15	0	.7013403	.2540311	.04462859	0
887.15	0	.7009586	.2543277	.04471372	0
886.15	0	.7006196	.2545843	.04479615	0
885.15	0	.7003213	.2548028	.04487596	0
884.15	0	.7000618	.254985	.0449532	0
883.15	0	.6998395	.2551326	.04502794	0
882.15	0	.6996526	.2552472	.04510023	0
881.15	0	.6994996	.2553303	.04517013	0
880.15	0	.6993789	.2553834	.04523769	0
879.15	0	.6992891	.255408	.04530295	0
878.15	0	.6992287	.2554054	.04536597	0
877.15	0	.6991963	.2553769	.04542678	0
876.15	0	.6991907	.2553239	.04548543	0
875.15	0	.6992105	.2552475	.04554196	0
874.15	0	.6992547	.2551489	.04559642	0
873.15	0	.6993219	.2550293	.04564883	0
872.15	0	.6994111	.2548897	.04569923	0
871.15	0	.6995212	.2547311	.04574766	0
870.15	0	.6996512	.2545546	.04579416	0
869.15	0	.6998001	.2543611	.04583876	0
868.15	0	.6999669	.2541517	.04588148	0
867.15	0	.7001506	.253927	.04592238	0
866.15	0	.7003504	.2536881	.04596146	0
865.15	0	.7005655	.2534357	.04599877	0
864.15	0	.700795	.2531707	.04603434	0
863.15	0	.701038	.2528938	.04606819	0
862.15	0	.7012939	.2526057	.04610036	0
861.15	0	.7015619	.2523072	.04613087	0
860.15	0	.7018413	.2519989	.04615975	0
859.15	0	.7021314	.2516815	.04618703	0
858.15	0	.7024316	.2513557	.04621274	0
857.15	0	.7027412	.2510219	.0462369	0
856.15	0	.7030596	.2506809	.04625954	0
855.15	0	.7033862	.2503332	.04628069	0
854.15	0	.7037204	.2499792	.04630037	0
853.15	0	.7040618	.2496196	.0463186	0
852.15	0	.7044098	.2492548	.04633542	0
851.15	0	.7047639	.2488853	.04635084	0
850.15	0	.7051236	.2485115	.0463649	0
849.15	0	.7054885	.2481339	.04637761	0
848.15	0	.7058581	.2477529	.04638901	0
847.15	0	.706232	.2473689	.04639911	0
846.15	0	.7066097	.2469823	.04640793	0
845.15	0	.706991	.2465935	.04641551	0
844.15	0	.7073754	.2462027	.04642186	0
843.15	0	.7077626	.2458104	.04642701	0
842.15	0	.7081522	.2454168	.04643097	0
841.15	0	.7085439	.2450223	.04643378	0
840.15	0	.7089374	.2446272	.04643545	0
839.15	0	.7093323	.2442317	.046436	0
838.15	0	.7097285	.243836	.04643546	0
837.15	0	.7101256	.2434406	.04643385	0
836.15	0	.7105233	.2430455	.04643119	0
835.15	0	.7109215	.242651	.04642749	0
834.15	0	.7113198	.2422574	.04642278	0
833.15	0	.7117181	.2418648	.04641708	0
832.15	0	.7121161	.2414734	.04641041	0
831.15	0	.7125137	.2410835	.04640278	0
830.15	0	.7129106	.2406952	.04639423	0
829.15	0	.7133066	.2403087	.04638475	0
828.15	0	.7137016	.239924	.04637439	0
827.15	0	.7140954	.2395415	.04636314	0
826.15	0	.7144878	.2391612	.04635104	0
825.15	0	.7148787	.2387832	.04633809	0
824.15	0	.715268	.2384077	.04632432	0
823.15	0	.7156555	.2380347	.04630974	0
822.15	0	.7160411	.2376645	.04629437	0
821.15	0	.7164247	.2372971	.04627823	0
820.15	0	.7168061	.2369326	.04626134	0
819.15	0	.7171852	.2365711	.0462437	0
818.15	0	.7175621	.2362126	.04622534	0
817.15	0	.7179364	.2358573	.04620626	0
816.15	0	.7183083	.2355052	.0461865	0
815.15	0	.7186775	.2351564	.04616605	0
814.15	0	.719044	.234811	.04614495	0
813.15	0	.7194078	.234469	.04612319	0
812.15	0	.7197688	.2341304	.0461008	0
811.15	0	.7201268	.2337954	.04607778	0
810.15	0	.720482	.2334639	.04605416	0
809.15	0	.7208341	.233136	.04602995	0
808.15	0	.7211831	.2328117	.04600515	0
807.15	0	.7215291	.2324911	.04597979	0
806.15	0	.721872	.2321741	.04595387	0
805.15	0	.7222117	.2318609	.04592741	0
804.15	0	.7225482	.2315514	.04590042	0
803.15	0	.7228814	.2312457	.04587291	0
802.15	0	.7232114	.2309437	.04584489	0
801.15	0	.7235381	.2306455	.04581638	0
800.15	0	.7238616	.2303511	.04578739	0
799.15	0	.7241817	.2300604	.04575792	0
798.15	0	.7244984	.2297736	.04572799	0
797.15	0	.7248119	.2294905	.04569761	0
796.15	0	.7251219	.2292113	.04566679	0
795.15	0	.7254287	.2289358	.04563554	0
794.15	0	.725732	.2286641	.04560387	0
793.15	0	.726032	.2283962	.04557178	0
792.15	0	.7263286	.2281321	.04553929	0
791.15	0	.7266218	.2278718	.04550641	0
790.15	0	.7269117	.2276151	.04547315	0
789.15	0	.7271982	.2273623	.04543951	0
788.15	0	.7274814	.2271131	.04540551	0
787.15	0	.7277612	.2268676	.04537114	0
786.15	0	.7280377	.2266259	.04533643	0
785.15	0	.7283108	.2263878	.04530137	0
784.15	0	.7285807	.2261533	.04526598	0
783.15	0	.7288472	.2259225	.04523027	0
782.15	0	.7291105	.2256953	.04519423	0
781.15	0	.7293705	.2254717	.04515789	0
780.15	0	.7296272	.2252516	.04512124	0
779.15	0	.7298807	.2250351	.04508429	0
778.15	0	.7301309	.224822	.04504705	0
777.15	0	.730378	.2246125	.04500953	0
776.15	0	.7306219	.2244064	.04497172	0
775.15	0	.7308626	.2242037	.04493365	0
774.15	0	.7311002	.2240045	.04489531	0
773.15	0	.7313347	.2238086	.04485672	0
772.15	0	.7315661	.223616	.04481787	0
771.15	0	.7317944	.2234268	.04477877	0
770.15	0	.7320197	.2232409	.04473942	0
769.15	0	.732242	.2230582	.04469985	0
768.15	0	.7324612	.2228787	.04466004	0
767.15	0	.7326775	.2227025	.04462	0
766.15	0	.7328909	.2225294	.04457974	0
765.15	0	.7331013	.2223594	.04453926	0
764.15	0	.7333089	.2221925	.04449858	0
763.15	0	.7335136	.2220287	.04445768	0
762.15	0	.7337154	.221868	.04441658	0
761.15	0	.7339145	.2217103	.04437529	0
760.15	0	.7341107	.2215555	.0443338	0
759.15	0	.7343042	.2214037	.04429212	0
758.15	0	.734495	.2212548	.04425025	0
757.15	0	.734683	.2211088	.04420821	0
756.15	0	.7348684	.2209656	.04416598	0
755.15	0	.7350512	.2208252	.04412358	0
754.15	0	.7352313	.2206877	.04408101	0
753.15	0	.7354088	.2205529	.04403828	0
752.15	0	.7355838	.2204208	.04399538	0
751.15	0	.7357562	.2202914	.04395232	0
750.15	0	.7359262	.2201647	.04390911	0
749.15	0	.7360936	.2200406	.04386574	0
748.15	0	.7362586	.2199192	.04382222	0
747.15	0	.7364212	.2198003	.04377855	0
746.15	0	.7365814	.2196839	.04373475	0
745.15	0	.7367392	.2195701	.0436908	0
744.15	0	.7368946	.2194587	.04364672	0
743.15	0	.7370477	.2193498	.0436025	0
742.15	0	.7371986	.2192433	.04355814	0
741.15	0	.7373472	.2191392	.04351366	0
740.15	0	.7374935	.2190374	.04346905	0
739.15	0	.7376376	.218938	.04342432	0
738.15	0	.7377796	.2188409	.04337947	0
737.15	0	.7379194	.2187461	.0433345	0
736.15	0	.738057	.2186536	.04328942	0
735.15	0	.7381926	.2185632	.04324422	0
734.15	0	.738326	.2184751	.0431989	0
733.15	0	.7384574	.2183891	.04315348	0
732.15	0	.7385868	.2183052	.04310796	0
731.15	0	.7387142	.2182235	.04306233	0
730.15	0	.7388396	.2181438	.04301659	0
729.15	0	.738963	.2180663	.04297076	0
728.15	0	.7390845	.2179907	.04292483	0
727.15	0	.7392041	.2179171	.0428788	0
726.15	0	.7393218	.2178456	.04283268	0
725.15	0	.7394376	.2177759	.04278647	0
724.15	0	.7395516	.2177083	.04274017	0
723.15	0	.7396638	.2176425	.04269378	0
722.15	0	.7397741	.2175786	.0426473	0
721.15	0	.7398827	.2175165	.04260074	0
720.15	0	.7399896	.2174563	.0425541	0
719.15	0	.7400947	.2173979	.04250738	0
718.15	0	.7401981	.2173413	.04246058	0
717.15	0	.7402999	.2172864	.0424137	0
716.15	0	.7403999	.2172333	.04236675	0
715.15	0	.7404984	.2171819	.04231973	0
714.15	0	.7405952	.2171322	.04227263	0
713.15	0	.7406904	.2170842	.04222547	0
712.15	0	.740784	.2170378	.04217823	0
711.15	0	.7408761	.216993	.04213093	0
710.15	0	.7409666	.2169499	.04208357	0
709.15	0	.7410556	.2169083	.04203614	0
708.15	0	.7411431	.2168683	.04198865	0
707.15	0	.7412291	.2168298	.0419411	0
706.15	0	.7413136	.2167929	.04189349	0
705.15	0	.7413967	.2167574	.04184582	0
704.15	0	.7414784	.2167235	.0417981	0
703.15	0	.7415587	.216691	.04175033	0
702.15	0	.7416376	.2166599	.0417025	0
701.15	0	.7417151	.2166303	.04165462	0
700.15	0	.7417912	.2166021	.04160669	0
699.15	0	.741866	.2165752	.04155872	0
698.15	0	.7419395	.2165498	.04151069	0
697.15	0	.7420117	.2165257	.04146262	0
696.15	0	.7420826	.2165029	.04141451	0
695.15	0	.7421522	.2164814	.04136636	0
694.15	0	.7422206	.2164612	.04131816	0
693.15	0	.7422878	.2164423	.04126992	0
692.15	0	.7423537	.2164247	.04122165	0
691.15	0	.7424184	.2164083	.04117334	0
690.15	0	.7424819	.2163931	.04112499	0
689.15	0	.7425442	.2163792	.04107661	0
688.15	0	.7426054	.2163664	.04102819	0
687.15	0	.7426655	.2163548	.04097975	0
686.15	0	.7427244	.2163444	.04093127	0
685.15	0	.7427821	.2163351	.04088276	0
684.15	0	.7428388	.216327	.04083422	0
683.15	0	.7428944	.2163199	.04078566	0
682.15	0	.7429508	.2163128	.04073645	0
681.15	0	.7430041	.216308	.04068789	0
680.15	0	.7430564	.2163044	.0406393	0
679.15	0	.7431076	.2163017	.04059069	0
678.15	0	.7431578	.2163001	.04054205	0
677.15	0	.7432071	.2162996	.04049339	0
676.15	0	.7432553	.2163	.04044471	0
675.15	0	.7433026	.2163014	.04039601	0
674.15	0	.7433489	.2163038	.0403473	0
673.15	0	.7433943	.2163072	.04029856	0
672.15	0	.7434387	.2163115	.04024981	0
671.15	0	.7434822	.2163168	.04020105	0
670.15	0	.7435248	.216323	.04015228	0
669.15	0	.7435664	.2163301	.04010349	0
668.15	0	.7436072	.2163381	.04005469	0
667.15	0	.7436472	.216347	.04000588	0
666.15	0	.7436862	.2163567	.03995707	0
665.15	0	.7437244	.2163674	.03990825	0
664.15	0	.7437617	.2163789	.03985942	0
663.15	0	.7437982	.2163912	.03981059	0
662.15	0	.7438339	.2164044	.03976176	0
661.15	0	.7438687	.2164184	.03971292	0
660.15	0	.7439028	.2164331	.03966409	0
659.15	0	.743936	.2164487	.03961525	0
658.15	0	.7439685	.2164651	.03956642	0
657.15	0	.7440002	.2164822	.03951759	0
656.15	0	.7440311	.2165001	.03946877	0
655.15	0	.7440613	.2165188	.03941994	0
654.15	0	.7440907	.2165382	.03937113	0
653.15	0	.7441194	.2165583	.03932233	0
652.15	0	.7441473	.2165791	.03927353	0
651.15	0	.7441746	.2166007	.03922474	0
650.15	0	.7442011	.2166229	.03917597	0
649.15	0	.7442269	.2166459	.03912721	0
648.15	0	.7442521	.2166695	.03907846	0
647.15	0	.7442765	.2166938	.03902972	0
646.15	0	.7443003	.2167187	.038981	0
645.15	0	.7443234	.2167443	.0389323	0
644.15	0	.7443459	.2167705	.03888362	0
643.15	0	.7443677	.2167974	.03883495	0
642.15	0	.7443888	.2168249	.03878631	0
641.15	0	.7444094	.216853	.03873768	0
640.15	0	.7444293	.2168816	.03868908	0
639.15	0	.7444486	.2169109	.0386405	0
638.15	0	.7444673	.2169408	.03859195	0
637.15	0	.7444854	.2169712	.03854342	0
636.15	0	.7445029	.2170022	.03849492	0
635.15	0	.7445198	.2170338	.03844644	0
634.15	0	.7445361	.2170659	.038398	0
633.15	0	.7445519	.2170986	.03834958	0
632.15	0	.7445671	.2171317	.0383012	0
631.15	0	.7445817	.2171654	.03825285	0
630.15	0	.7445958	.2171997	.03820452	0
629.15	0	.7446094	.2172344	.03815624	0
628.15	0	.7446224	.2172696	.03810799	0
627.15	0	.7446349	.2173053	.03805977	0
626.15	0	.7446469	.2173415	.03801159	0
625.15	0	.7446584	.2173782	.03796345	0
624.15	0	.7446694	.2174153	.03791535	0
623.15	0	.7446798	.2174529	.03786729	0
622.15	0	.7446898	.2174909	.03781927	0
621.15	0	.7446993	.2175294	.03777129	0
620.5699	0	.7447046	.2175519	.03774348	0
620.5699	0	.7447046	.2175519	.03774348	0
620.5699	0	.7447046	.2175519	.03774348	0
620.15	0	.7449504	.2170869	.0375298	4.328687E-04
619.15	0	.7455309	.2159862	.03702298	.001459905
618.15	0	.7461047	.2148947	.03651897	.002481704
617.15	0	.7466719	.2138121	.03601771	.003498326
616.15	0	.7472326	.2127384	.03551919	.004509832
615.15	0	.7477869	.2116734	.03502337	.005516281
614.15	0	.748335	.2106171	.03453022	.00651773
613.15	0	.7488769	.2095691	.03403969	.00751424
612.15	0	.7494128	.2085296	.03355177	.008505865
611.15	0	.7499427	.2074982	.03306641	.009492663
610.15	0	.7504667	.206475	.0325836	.01047469
609.15	0	.750985	.2054597	.03210329	.011452
608.15	0	.7514976	.2044523	.03162546	.01242464
607.15	0	.7520047	.2034526	.03115008	.01339267
606.15	0	.7525062	.2024605	.03067712	.01435615
605.15	0	.7530024	.2014759	.03020654	.01531512
604.15	0	.7534933	.2004988	.02973833	.01626963
603.15	0	.753979	.1995289	.02927246	.01721974
602.15	0	.7544595	.1985661	.02880889	.01816549
601.15	0	.754935	.1976105	.0283476	.01910694
600.15	0	.7554055	.1966618	.02788857	.02004413
599.15	0	.7558712	.19572	.02743177	.0209771
598.15	0	.756332	.1947849	.02697717	.02190592
597.15	0	.7567881	.1938565	.02652475	.02283062
596.15	0	.7572396	.1929346	.02607448	.02375124
595.15	0	.7576866	.1920193	.02562634	.02466784
594.15	0	.758129	.1911103	.0251803	.02558046
593.15	0	.758567	.1902076	.02473634	.02648914
592.15	0	.7590006	.189311	.02429444	.02739393
591.15	0	.75943	.1884206	.02385458	.02829486
590.15	0	.7598552	.1875361	.02341673	.02919198
589.15	0	.7602762	.1866576	.02298087	.03008534
588.15	0	.7606931	.1857849	.02254698	.03097497
587.15	0	.761106	.184918	.02211503	.03186091
586.15	0	.761515	.1840568	.02168501	.03274321
585.15	0	.7619201	.1832011	.0212569	.0336219
584.15	0	.7623214	.1823509	.02083067	.03449703
583.15	0	.7627189	.1815061	.0204063	.03536862
582.15	0	.7631128	.1806667	.01998378	.03623672
581.15	0	.763503	.1798326	.01956308	.03710137
580.15	0	.7638896	.1790037	.01914419	.0379626
579.15	0	.7642727	.1781798	.01872708	.03882045
578.15	0	.7646523	.177361	.01831174	.03967496
577.15	0	.7650285	.1765472	.01789815	.04052616
576.15	0	.7654013	.1757383	.01748629	.04137408
575.15	0	.7657709	.1749342	.01707615	.04221877
574.15	0	.7661371	.1741349	.0166677	.04306025
573.15	0	.7665002	.1733403	.01626093	.04389855
572.15	0	.7668602	.1725503	.01585582	.04473373
571.15	0	.767217	.1717649	.01545235	.04556579
570.15	0	.7675708	.1709839	.01505052	.04639478
569.15	0	.7679216	.1702074	.01465029	.04722074
568.15	0	.7682694	.1694353	.01425166	.04804368
567.15	0	.7686143	.1686674	.01385461	.04886365
566.15	0	.7689564	.1679038	.01345912	.04968067
565.15	0	.7692956	.1671444	.01306518	.05049477
564.15	0	.7696321	.1663892	.01267278	.05130599
563.15	0	.7699658	.1656379	.01228189	.05211435
562.15	0	.7702969	.1648907	.01189251	.05291989
561.15	0	.7706253	.1641475	.01150462	.05372262
560.15	0	.7709511	.1634081	.0111182	.05452259
559.15	0	.7712743	.1626726	.01073324	.05531981
558.15	0	.7715951	.1619409	.01034973	.05611433
557.15	0	.7719133	.1612129	.009967655	.05690615
556.15	0	.7722291	.1604886	.009586999	.05769532
555.15	0	.7725425	.1597679	.00920775	.05848186
554.15	0	.7728535	.1590508	.008829895	.05926579
553.15	0	.7731623	.1583372	.008453421	.06004715
552.15	0	.7734687	.1576271	.008078315	.06082595
551.15	0	.7737728	.1569204	.007704565	.06160222
550.15	0	.7740748	.1562171	.007332158	.062376
549.15	0	.7743745	.1555171	.006961083	.06314729
548.15	0	.7746721	.1548204	.006591327	.06391614
547.15	0	.7749676	.154127	.006222878	.06468255
546.15	0	.775261	.1534367	.005855726	.06544657
545.15	0	.7755524	.1527496	.005489857	.0662082
544.15	0	.7758417	.1520656	.005125262	.06696748
543.15	0	.776129	.1513846	.004761928	.06772442
542.15	0	.7764144	.1507067	.004399846	.06847906
541.15	0	.7766979	.1500317	.004039003	.06923141
540.15	0	.7769795	.1493597	.00367939	.06998149
539.15	0	.7772592	.1486905	.003320995	.07072933
538.15	0	.777537	.1480242	.00296381	.07147495
537.15	0	.7778131	.1473607	.002607822	.07221838
536.15	0	.7780874	.1467	.002253022	.07295963
535.15	0	.7783599	.146042	.0018994	.07369872
534.15	0	.7786307	.1453867	.001546946	.07443567
533.15	0	.7788999	.144734	.001195651	.07517051
532.15	0	.7791673	.1440839	8.455053E-04	.07590326
531.15	0	.7794331	.1434364	4.964988E-04	.07663393
530.15	0	.7796973	.1427915	1.486225E-04	.07736255
529.7218	0	.77981	.1425161	0	.07767394
529.7218	0	.77981	.1425161	0	.07767394
529.15	0	.7797937	.142421	0	.07778534
528.15	0	.7797649	.142256	0	.07797913
527.15	0	.7797357	.1420927	0	.07817163
526.15	0	.7797061	.1419311	0	.07836284
525.15	0	.7796762	.141771	0	.07855278
524.15	0	.7796459	.1416126	0	.07874146
523.15	0	.7796153	.1414558	0	.0789289
522.15	0	.7795843	.1413006	0	.07911511
521.15	0	.779553	.1411469	0	.07930012
520.15	0	.7795213	.1409948	0	.07948392
519.15	0	.7794893	.1408441	0	.07966655
518.15	0	.779457	.140695	0	.07984801
517.15	0	.7794244	.1405473	0	.08002831
516.15	0	.7793914	.1404011	0	.08020748
515.15	0	.7793582	.1402563	0	.08038552
514.15	0	.7793246	.1401129	0	.08056245
513.15	0	.7792908	.1399709	0	.08073829
512.15	0	.7792566	.1398303	0	.08091305
511.15	0	.7792222	.139691	0	.08108673
510.15	0	.7791875	.1395531	0	.08125937
509.15	0	.7791526	.1394165	0	.08143096
508.15	0	.7791173	.1392812	0	.08160153
507.15	0	.7790818	.1391471	0	.08177108
506.15	0	.779046	.1390144	0	.08193963
505.15	0	.77901	.1388828	0	.0821072
504.15	0	.7789737	.1387525	0	.08227379
503.15	0	.7789372	.1386234	0	.08243942
502.15	0	.7789005	.1384954	0	.08260411
501.15	0	.7788635	.1383687	0	.08276786
500.15	0	.7788263	.1382431	0	.08293069
499.15	0	.7787888	.1381186	0	.08309261
498.15	0	.7787512	.1379952	0	.08325363
497.15	0	.7787133	.1378729	0	.08341377
496.15	0	.7786752	.1377517	0	.08357304
495.15	0	.778637	.1376316	0	.08373144
494.15	0	.7785985	.1375125	0	.083889
493.15	0	.7785598	.1373945	0	.08404573
492.15	0	.778521	.1372774	0	.08420163
491.15	0	.7784819	.1371614	0	.08435672
490.15	0	.7784427	.1370463	0	.084511
489.15	0	.7784033	.1369322	0	.0846645
488.15	0	.7783637	.136819	0	.08481722
487.15	0	.778324	.1367068	0	.08496918
486.15	0	.7782841	.1365955	0	.08512038
485.15	0	.7782441	.1364851	0	.08527083
484.15	0	.7782039	.1363756	0	.08542055
483.15	0	.7781636	.1362669	0	.08556955
482.15	0	.7781231	.1361591	0	.08571784
481.15	0	.7780824	.1360521	0	.08586543
480.15	0	.7780417	.135946	0	.08601233
479.15	0	.7780008	.1358406	0	.08615854
478.15	0	.7779598	.1357361	0	.08630409
477.15	0	.7779187	.1356323	0	.08644898
476.15	0	.7778775	.1355293	0	.08659321
475.15	0	.7778361	.1354271	0	.08673681
474.15	0	.7777947	.1353256	0	.08687977
473.15	0	.7777531	.1352248	0	.08702212
472.15	0	.7777114	.1351247	0	.08716385
471.15	0	.7776697	.1350253	0	.08730499
470.15	0	.7776279	.1349266	0	.08744553
469.15	0	.777586	.1348286	0	.08758549
468.15	0	.777544	.1347312	0	.08772487
467.15	0	.7775019	.1346344	0	.08786369
466.15	0	.7774598	.1345383	0	.08800195
465.15	0	.7774175	.1344428	0	.08813967
464.15	0	.7773753	.1343479	0	.08827685
463.15	0	.7773329	.1342536	0	.0884135
462.15	0	.7772906	.1341598	0	.08854962
461.15	0	.7772481	.1340666	0	.08868524
460.15	0	.7772056	.133974	0	.08882034
459.15	0	.7771631	.1338819	0	.08895495
458.15	0	.7771206	.1337904	0	.08908908
457.15	0	.777078	.1336993	0	.08922272
456.15	0	.7770353	.1336088	0	.08935589
455.15	0	.7769927	.1335187	0	.08948859
454.15	0	.77695	.1334292	0	.08962083
453.15	0	.7769073	.1333401	0	.08975263
452.15	0	.7768646	.1332514	0	.08988398
451.15	0	.7768219	.1331632	0	.0900149
450.15	0	.7767791	.1330755	0	.09014538
449.15	0	.7767365	.132988	0	.09027548
448.15	0	.7766938	.132901	0	.09040518
447.15	0	.7766512	.1328143	0	.09053447
446.15	0	.7766086	.132728	0	.09066337
445.15	0	.7765661	.1326421	0	.09079189
444.15	0	.7765235	.1325564	0	.09092004
443.15	0	.7764811	.1324711	0	.09104782
442.15	0	.7764387	.1323861	0	.09117525
441.15	0	.7763964	.1323013	0	.09130233
440.15	0	.7763541	.1322168	0	.09142908
439.15	0	.776312	.1321325	0	.09155551
438.15	0	.7762699	.1320485	0	.09168161
437.15	0	.776228	.1319646	0	.0918074
436.15	0	.7761862	.1318809	0	.09193288
435.15	0	.7761445	.1317974	0	.09205808
434.15	0	.7761029	.1317141	0	.09218298
433.15	0	.7760615	.1316309	0	.0923076
432.15	0	.7760203	.1315478	0	.09243195
431.15	0	.7759791	.1314648	0	.09255603
430.15	0	.7759382	.131382	0	.09267985
429.15	0	.7758974	.1312992	0	.09280341
428.15	0	.7758568	.1312165	0	.09292673
427.15	0	.7758163	.1311339	0	.0930498
426.15	0	.7757761	.1310513	0	.09317264
425.15	0	.775736	.1309688	0	.09329525
424.15	0	.7756961	.1308863	0	.09341763
423.15	0	.7756565	.1308037	0	.0935398
422.15	0	.775617	.1307213	0	.09366175
421.15	0	.7755777	.1306388	0	.09378349
420.15	0	.7755387	.1305563	0	.09390503
419.15	0	.7754999	.1304737	0	.09402637
418.15	0	.7754613	.1303912	0	.09414752
417.15	0	.7754229	.1303086	0	.09426847
416.15	0	.7753848	.130226	0	.09438924
415.15	0	.7753469	.1301433	0	.09450983
414.15	0	.7753092	.1300605	0	.09463024
413.15	0	.7752718	.1299777	0	.09475048
412.15	0	.7752347	.1298948	0	.09487055
411.15	0	.7751978	.1298118	0	.09499045
410.15	0	.7751611	.1297287	0	.0951102
409.15	0	.7751247	.1296455	0	.09522978
408.15	0	.7750885	.1295622	0	.09534921
407.15	0	.7750527	.1294789	0	.09546848
406.15	0	.7750171	.1293953	0	.09558761
405.15	0	.7749817	.1293117	0	.09570659
404.15	0	.7749466	.129228	0	.09582542
403.15	0	.7749118	.1291441	0	.09594412
402.15	0	.7748773	.12906	0	.09606268
401.15	0	.774843	.1289759	0	.0961811
400.15	0	.774809	.1288916	0	.09629939
399.15	0	.7747754	.1288071	0	.09641755
398.15	0	.7747419	.1287225	0	.09653558
397.15	0	.7747088	.1286377	0	.09665348
396.15	0	.7746759	.1285528	0	.09677126
395.15	0	.7746434	.1284677	0	.09688892
394.15	0	.7746111	.1283825	0	.09700645
393.15	0	.7745791	.128297	0	.09712387
392.15	0	.7745474	.1282115	0	.09724117
391.15	0	.774516	.1281257	0	.09735836
390.15	0	.7744848	.1280398	0	.09747543
389.15	0	.774454	.1279536	0	.09759239
388.15	0	.7744234	.1278673	0	.09770924
387.15	0	.7743932	.1277809	0	.09782598
386.15	0	.7743632	.1276942	0	.09794261
385.15	0	.7743335	.1276075	0	.09805904
384.15	0	.7743041	.1275204	0	.09817546
383.15	0	.774275	.1274332	0	.09829177
382.15	0	.7742462	.1273458	0	.09840798
381.15	0	.7742177	.1272582	0	.09852408
380.15	0	.7741895	.1271705	0	.09864009
379.15	0	.7741615	.1270825	0	.09875599
378.15	0	.7741339	.1269943	0	.09887179
377.15	0	.7741065	.126906	0	.0989875
376.15	0	.7740795	.1268174	0	.0991031
375.15	0	.7740527	.1267287	0	.0992186
374.15	0	.7740262	.1266398	0	.09933401
373.15	0	.774	.1265507	0	.09944932
372.15	0	.7739741	.1264614	0	.09956453
371.15	0	.7739485	.1263719	0	.09967965
370.15	0	.7739231	.1262822	0	.09979467
369.15	0	.7738981	.1261923	0	.09990959
368.15	0	.7738733	.1261023	0	.1000244
367.15	0	.7738489	.126012	0	.1001392
366.15	0	.7738247	.1259216	0	.1002538
365.15	0	.7738007	.1258309	0	.1003683
364.15	0	.7737771	.1257401	0	.1004828
363.15	0	.7737537	.1256491	0	.1005971
362.15	0	.7737307	.125558	0	.1007114
361.15	0	.7737079	.1254666	0	.1008255
360.15	0	.7736853	.1253751	0	.1009396
359.15	0	.7736631	.1252833	0	.1010536
358.15	0	.7736411	.1251914	0	.1011675
357.15	0	.7736194	.1250993	0	.1012812
356.15	0	.773598	.1250071	0	.1013949
355.15	0	.7735768	.1249147	0	.1015085
354.15	0	.7735559	.1248221	0	.101622
353.15	0	.7735353	.1247293	0	.1017354
352.15	0	.7735149	.1246364	0	.1018487
351.15	0	.7734948	.1245432	0	.1019619
350.15	0	.773475	.12445	0	.1020751
349.15	0	.7734554	.1243565	0	.1021881
348.15	0	.7734361	.1242629	0	.102301
347.15	0	.773417	.1241692	0	.1024138
346.15	0	.7733982	.1240752	0	.1025265
345.15	0	.7733797	.1239812	0	.1026392
344.15	0	.7733614	.1238869	0	.1027517
343.15	0	.7733433	.1237925	0	.1028642
342.15	0	.7733255	.123698	0	.1029765
341.15	0	.773308	.1236033	0	.1030887
340.15	0	.7732907	.1235085	0	.1032009
339.15	0	.7732736	.1234135	0	.1033129
338.15	0	.7732568	.1233184	0	.1034248
337.15	0	.7732402	.1232231	0	.1035367
336.15	0	.7732239	.1231277	0	.1036484
335.15	0	.7732078	.1230322	0	.10376
334.15	0	.7731919	.1229365	0	.1038716
333.15	0	.7731763	.1228407	0	.103983
332.15	0	.7731609	.1227448	0	.1040943
331.15	0	.7731457	.1226488	0	.1042056
330.15	0	.7731307	.1225526	0	.1043167
329.15	0	.773116	.1224563	0	.1044277
328.15	0	.7731015	.1223599	0	.1045386
327.15	0	.7730873	.1222633	0	.1046494
326.15	0	.7730732	.1221667	0	.1047601
325.15	0	.7730594	.1220699	0	.1048707
