T	 BPW(LIQUID)	BPW(BCC_A2)	BPW(FCC_A1)	BPW(LAVES_PHASE_C14)	BPW(NI3TI)
1473.15	0	1	0	0	0
1472.15	0	1	0	0	0
1471.15	0	1	0	0	0
1470.15	0	1	0	0	0
1469.15	0	1	0	0	0
1468.15	0	1	0	0	0
1467.15	0	1	0	0	0
1466.15	0	1	0	0	0
1465.15	0	1	0	0	0
1464.15	0	1	0	0	0
1463.15	0	1	0	0	0
1462.15	0	1	0	0	0
1461.15	0	1	0	0	0
1460.15	0	1	0	0	0
1459.15	0	1	0	0	0
1458.15	0	1	0	0	0
1457.15	0	1	0	0	0
1456.15	0	1	0	0	0
1455.15	0	1	0	0	0
1454.15	0	1	0	0	0
1453.15	0	1	0	0	0
1452.15	0	1	0	0	0
1451.15	0	1	0	0	0
1450.15	0	1	0	0	0
1449.15	0	1	0	0	0
1448.15	0	1	0	0	0
1447.15	0	1	0	0	0
1446.15	0	1	0	0	0
1445.15	0	1	0	0	0
1444.15	0	1	0	0	0
1443.15	0	1	0	0	0
1442.15	0	1	0	0	0
1441.15	0	1	0	0	0
1440.15	0	1	0	0	0
1439.15	0	1	0	0	0
1438.15	0	1	0	0	0
1437.15	0	1	0	0	0
1436.15	0	1	0	0	0
1435.15	0	1	0	0	0
1434.15	0	1	0	0	0
1433.15	0	1	0	0	0
1432.15	0	1	0	0	0
1431.15	0	1	0	0	0
1430.15	0	1	0	0	0
1429.15	0	1	0	0	0
1428.15	0	1	0	0	0
1427.15	0	1	0	0	0
1426.15	0	1	0	0	0
1425.15	0	1	0	0	0
1424.15	0	1	0	0	0
1423.15	0	1	0	0	0
1422.15	0	1	0	0	0
1421.15	0	1	0	0	0
1420.15	0	1	0	0	0
1419.15	0	1	0	0	0
1418.15	0	1	0	0	0
1417.15	0	1	0	0	0
1416.15	0	1	0	0	0
1415.15	0	1	0	0	0
1414.15	0	1	0	0	0
1413.15	0	1	0	0	0
1412.15	0	1	0	0	0
1411.15	0	1	0	0	0
1410.15	0	1	0	0	0
1409.15	0	1	0	0	0
1408.15	0	1	0	0	0
1407.15	0	1	0	0	0
1406.15	0	1	0	0	0
1405.15	0	1	0	0	0
1404.15	0	1	0	0	0
1403.15	0	1	0	0	0
1402.15	0	1	0	0	0
1401.15	0	1	0	0	0
1400.15	0	1	0	0	0
1399.15	0	1	0	0	0
1398.15	0	1	0	0	0
1397.15	0	1	0	0	0
1396.15	0	1	0	0	0
1395.15	0	1	0	0	0
1394.15	0	1	0	0	0
1393.15	0	1	0	0	0
1392.15	0	1	0	0	0
1391.15	0	1	0	0	0
1390.15	0	1	0	0	0
1389.15	0	1	0	0	0
1388.15	0	1	0	0	0
1387.15	0	1	0	0	0
1386.15	0	1	0	0	0
1385.15	0	1	0	0	0
1384.15	0	1	0	0	0
1383.15	0	1	0	0	0
1382.15	0	1	0	0	0
1381.15	0	1	0	0	0
1380.15	0	1	0	0	0
1379.15	0	1	0	0	0
1378.15	0	1	0	0	0
1377.15	0	1	0	0	0
1376.15	0	1	0	0	0
1375.15	0	1	0	0	0
1374.15	0	1	0	0	0
1373.997	0	1	0	0	0
1373.997	0	1	0	0	0
1373.997	0	1	0	0	0
1373.15	0	.9994014	0	5.986322E-04	0
1372.15	0	.9986962	0	.001303847	0
1371.15	0	.9979926	0	.00200742	0
1370.15	0	.9972906	0	.002709357	0
1369.15	0	.9965903	0	.003409661	0
1368.15	0	.9958917	0	.004108339	0
1367.15	0	.9951946	0	.004805396	0
1366.15	0	.9944992	0	.005500836	0
1365.15	0	.9938053	0	.006194666	0
1364.15	0	.9931131	0	.00688689	0
1363.15	0	.9924225	0	.007577513	0
1362.15	0	.9917335	0	.008266541	0
1361.15	0	.991046	0	.008953978	0
1360.15	0	.9903602	0	.00963983	0
1359.15	0	.9896759	0	.0103241	0
1358.15	0	.9889932	0	.0110068	0
1357.15	0	.9883121	0	.01168792	0
1356.15	0	.9876325	0	.01236748	0
1355.15	0	.9869545	0	.01304548	0
1354.15	0	.9862781	0	.01372193	0
1353.15	0	.9856032	0	.01439682	0
1352.15	0	.9849298	0	.01507017	0
1351.15	0	.984258	0	.01574197	0
1350.15	0	.9835878	0	.01641224	0
1349.15	0	.982919	0	.01708098	0
1348.15	0	.9822518	0	.01774819	0
1347.15	0	.9815861	0	.01841388	0
1346.15	0	.9809219	0	.01907805	0
1345.15	0	.9802593	0	.01974071	0
1344.15	0	.9795981	0	.02040186	0
1343.15	0	.9789385	0	.02106151	0
1342.15	0	.9782803	0	.02171966	0
1341.15	0	.9776237	0	.02237632	0
1340.15	0	.9769685	0	.02303148	0
1339.15	0	.9763148	0	.02368517	0
1338.15	0	.9756626	0	.02433737	0
1337.15	0	.9750119	0	.02498809	0
1336.15	0	.9743626	0	.02563735	0
1335.15	0	.9737149	0	.02628514	0
1334.15	0	.9730685	0	.02693146	0
1333.15	0	.9724237	0	.02757633	0
1332.15	0	.9717803	0	.02821975	0
1331.15	0	.9711383	0	.02886171	0
1330.15	0	.9704978	0	.02950223	0
1329.15	0	.9698587	0	.03014131	0
1328.15	0	.969221	0	.03077896	0
1327.15	0	.9685848	0	.03141517	0
1326.15	0	.96795	0	.03204996	0
1325.15	0	.9673167	0	.03268333	0
1324.15	0	.9666847	0	.03331527	0
1323.15	0	.9660542	0	.0339458	0
1322.15	0	.9654251	0	.03457492	0
1321.15	0	.9647974	0	.03520264	0
1320.15	0	.9641711	0	.03582895	0
1319.15	0	.9635461	0	.03645387	0
1318.15	0	.9629226	0	.03707739	0
1317.15	0	.9623005	0	.03769953	0
1316.15	0	.9616797	0	.03832028	0
1315.15	0	.9610604	0	.03893965	0
1314.15	0	.9604424	0	.03955764	0
1313.15	0	.9598257	0	.04017426	0
1312.15	0	.9592105	0	.04078951	0
1311.15	0	.9585966	0	.04140339	0
1310.15	0	.9579841	0	.04201592	0
1309.15	0	.9573729	0	.04262709	0
1308.15	0	.9567631	0	.0432369	0
1307.15	0	.9561546	0	.04384537	0
1306.15	0	.9555475	0	.04445249	0
1305.15	0	.9549417	0	.04505827	0
1304.15	0	.9543373	0	.04566271	0
1303.15	0	.9537342	0	.04626583	0
1302.15	0	.9531324	0	.04686761	0
1301.15	0	.9525319	0	.04746806	0
1300.15	0	.9519328	0	.0480672	0
1299.15	0	.951335	0	.04866502	0
1298.15	0	.9507385	0	.04926152	0
1297.15	0	.9501433	0	.04985672	0
1296.15	0	.9495494	0	.0504506	0
1295.15	0	.9489568	0	.05104319	0
1294.15	0	.9483655	0	.05163447	0
1293.15	0	.9477755	0	.05222446	0
1292.15	0	.9471868	0	.05281316	0
1291.15	0	.9465994	0	.05340058	0
1290.15	0	.9460133	0	.0539867	0
1289.15	0	.9454285	0	.05457155	0
1288.15	0	.9448449	0	.05515512	0
1287.15	0	.9442626	0	.05573742	0
1286.15	0	.9436815	0	.05631845	0
1285.15	0	.9431018	0	.05689821	0
1284.15	0	.9425233	0	.05747671	0
1283.15	0	.941946	0	.05805395	0
1282.15	0	.9413701	0	.05862994	0
1281.15	0	.9407953	0	.05920467	0
1280.15	0	.9402218	0	.05977816	0
1279.15	0	.9396496	0	.0603504	0
1278.15	0	.9390786	0	.0609214	0
1277.15	0	.9385088	0	.06149116	0
1276.15	0	.9379403	0	.06205969	0
1275.15	0	.937373	0	.06262699	0
1274.15	0	.9368069	0	.06319306	0
1273.15	0	.9362421	0	.06375791	0
1272.15	0	.9356785	0	.06432153	0
1271.15	0	.9351161	0	.06488394	0
1270.15	0	.9345549	0	.06544513	0
1269.15	0	.9339949	0	.06600512	0
1268.15	0	.9334361	0	.06656389	0
1267.15	0	.9328785	0	.06712146	0
1266.15	0	.9323222	0	.06767784	0
1265.15	0	.931767	0	.06823301	0
1264.15	0	.931213	0	.06878699	0
1263.15	0	.9306602	0	.06933978	0
1262.15	0	.9301086	0	.06989138	0
1261.15	0	.9295582	0	.0704418	0
1260.15	0	.929009	0	.07099104	0
1259.15	0	.9284609	0	.07153909	0
1258.15	0	.927914	0	.07208598	0
1257.15	0	.9273683	0	.07263169	0
1256.15	0	.9268238	0	.07317623	0
1255.15	0	.9262804	0	.07371961	0
1254.15	0	.9257382	0	.07426183	0
1253.15	0	.9251971	0	.07480288	0
1252.15	0	.9246572	0	.07534278	0
1251.15	0	.9241185	0	.07588153	0
1250.15	0	.9235809	0	.07641913	0
1249.15	0	.9230444	0	.07695558	0
1248.15	0	.9225091	0	.07749089	0
1247.15	0	.9219749	0	.07802506	0
1246.15	0	.9214419	0	.07855808	0
1245.15	0	.92091	0	.07908998	0
1244.15	0	.9203793	0	.07962074	0
1243.15	0	.9198496	0	.08015038	0
1242.15	0	.9193211	0	.08067889	0
1241.15	0	.9187937	0	.08120627	0
1240.15	0	.9182675	0	.08173254	0
1239.15	0	.9177423	0	.08225769	0
1238.15	0	.9172183	0	.08278172	0
1237.15	0	.9166954	0	.08330465	0
1236.15	0	.9161735	0	.08382646	0
1235.15	0	.9156528	0	.08434717	0
1234.15	0	.9151332	0	.08486678	0
1233.15	0	.9146147	0	.08538529	0
1232.15	0	.9140973	0	.0859027	0
1231.15	0	.913581	0	.08641902	0
1230.15	0	.9130658	0	.08693425	0
1229.15	0	.9125516	0	.08744839	0
1228.15	0	.9120386	0	.08796144	0
1227.15	0	.9115266	0	.08847341	0
1226.15	0	.9110157	0	.0889843	0
1225.15	0	.9105059	0	.08949411	0
1224.15	0	.9099972	0	.09000285	0
1223.15	0	.9094895	0	.09051052	0
1222.15	0	.9089829	0	.09101712	0
1221.15	0	.9084774	0	.09152265	0
1220.15	0	.9079729	0	.09202711	0
1219.15	0	.9074695	0	.09253052	0
1218.15	0	.9069671	0	.09303287	0
1217.15	0	.9064658	0	.09353416	0
1216.15	0	.9059656	0	.0940344	0
1215.15	0	.9054664	0	.09453359	0
1214.15	0	.9049683	0	.09503173	0
1213.15	0	.9044712	0	.09552883	0
1212.15	0	.9039751	0	.09602488	0
1211.15	0	.9034801	0	.09651989	0
1210.15	0	.9029861	0	.09701387	0
1209.15	0	.9024932	0	.09750681	0
1208.15	0	.9020013	0	.09799872	0
1207.15	0	.9015104	0	.0984896	0
1206.15	0	.9010206	0	.09897945	0
1205.15	0	.9005317	0	.09946828	0
1204.15	0	.9000439	0	.09995608	0
1203.15	0	.8995571	0	.1004429	0
1202.15	0	.8990714	0	.1009286	0
1201.15	0	.8985866	0	.1014134	0
1200.15	0	.8981029	0	.1018971	0
1199.15	0	.8976201	0	.1023799	0
1198.15	0	.8971384	0	.1028616	0
1197.15	0	.8966577	0	.1033423	0
1196.15	0	.896178	0	.103822	0
1195.15	0	.8956993	0	.1043007	0
1194.15	0	.8952216	0	.1047784	0
1193.15	0	.8947448	0	.1052552	0
1192.15	0	.8942691	0	.1057309	0
1191.15	0	.8937944	0	.1062056	0
1190.15	0	.8933206	0	.1066794	0
1189.15	0	.8928479	0	.1071522	0
1188.15	0	.8923761	0	.1076239	0
1187.15	0	.8919053	0	.1080947	0
1186.15	0	.8914354	0	.1085646	0
1185.15	0	.8909666	0	.1090334	0
1184.15	0	.8904987	0	.1095013	0
1183.15	0	.8900318	0	.1099682	0
1182.15	0	.8895659	0	.1104341	0
1181.15	0	.889101	0	.110899	0
1180.15	0	.888637	0	.1113631	0
1179.15	0	.8881739	0	.1118261	0
1178.15	0	.8877119	0	.1122882	0
1177.15	0	.8872507	0	.1127493	0
1176.15	0	.8867906	0	.1132094	0
1175.15	0	.8863314	0	.1136686	0
1174.15	0	.8858731	0	.1141269	0
1173.15	0	.8854158	0	.1145842	0
1172.15	0	.8849595	0	.1150405	0
1171.15	0	.8845041	0	.1154959	0
1170.15	0	.8840496	0	.1159504	0
1169.15	0	.8835961	0	.1164039	0
1168.15	0	.8831435	0	.1168565	0
1167.15	0	.8826919	0	.1173081	0
1166.15	0	.8822412	0	.1177588	0
1165.15	0	.8817914	0	.1182086	0
1164.15	0	.8813425	0	.1186575	0
1163.15	0	.8808946	0	.1191054	0
1162.15	0	.8804476	0	.1195524	0
1161.15	0	.8800016	0	.1199984	0
1160.15	0	.8795564	0	.1204436	0
1159.15	0	.8791122	0	.1208878	0
1158.15	0	.8786689	0	.1213311	0
1157.15	0	.8782265	0	.1217735	0
1156.15	0	.877785	0	.122215	0
1155.15	0	.8773445	0	.1226555	0
1154.15	0	.8769048	0	.1230952	0
1153.15	0	.8764661	0	.1235339	0
1152.15	0	.8760282	0	.1239718	0
1151.15	0	.8755913	0	.1244087	0
1150.15	0	.8751553	0	.1248447	0
1149.15	0	.8747201	0	.1252799	0
1148.15	0	.8742859	0	.1257141	0
1147.15	0	.8738526	0	.1261474	0
1146.15	0	.8734201	0	.1265799	0
1145.15	0	.8729886	0	.1270114	0
1144.15	0	.8725579	0	.1274421	0
1143.15	0	.8721281	0	.1278719	0
1142.15	0	.8716993	0	.1283007	0
1141.15	0	.8712713	0	.1287287	0
1140.15	0	.8708441	0	.1291559	0
1139.15	0	.8704179	0	.1295821	0
1138.15	0	.8699926	0	.1300074	0
1137.15	0	.8695681	0	.1304319	0
1136.15	0	.8691445	0	.1308555	0
1135.15	0	.8687218	0	.1312782	0
1134.15	0	.8682999	0	.1317001	0
1133.15	0	.8678789	0	.1321211	0
1132.15	0	.8674588	0	.1325412	0
1131.15	0	.8670396	0	.1329604	0
1130.15	0	.8666212	0	.1333788	0
1129.15	0	.8662037	0	.1337963	0
1128.15	0	.865787	0	.134213	0
1127.15	0	.8653712	0	.1346288	0
1126.15	0	.8649563	0	.1350437	0
1125.15	0	.8645422	0	.1354578	0
1124.15	0	.8641289	0	.1358711	0
1123.15	0	.8637165	0	.1362835	0
1122.15	0	.863305	0	.136695	0
1121.15	0	.8628943	0	.1371057	0
1120.15	0	.8624845	0	.1375155	0
1119.15	0	.8620755	0	.1379245	0
1118.15	0	.8616673	0	.1383327	0
1117.15	0	.86126	0	.13874	0
1116.15	0	.8608536	0	.1391464	0
1115.15	0	.860448	0	.139552	0
1114.15	0	.8600432	0	.1399568	0
1113.15	0	.8596392	0	.1403608	0
1112.15	0	.8592361	0	.1407639	0
1111.15	0	.8588338	0	.1411662	0
1110.15	0	.8584324	0	.1415677	0
1109.15	0	.8580317	0	.1419683	0
1108.15	0	.8576319	0	.1423681	0
1107.15	0	.8572329	0	.1427671	0
1106.15	0	.8568348	0	.1431652	0
1105.15	0	.8564375	0	.1435626	0
1104.15	0	.8560409	0	.1439591	0
1103.15	0	.8556453	0	.1443548	0
1102.15	0	.8552504	0	.1447496	0
1101.15	0	.8548563	0	.1451437	0
1100.15	0	.8544631	0	.1455369	0
1099.15	0	.8540706	0	.1459294	0
1098.15	0	.853679	0	.146321	0
1097.15	0	.8532882	0	.1467118	0
1096.15	0	.8528982	0	.1471018	0
1095.15	0	.852509	0	.147491	0
1094.15	0	.8521206	0	.1478794	0
1093.15	0	.851733	0	.148267	0
1092.15	0	.8513462	0	.1486538	0
1091.15	0	.8509603	0	.1490397	0
1090.15	0	.8505751	0	.1494249	0
1089.15	0	.8501907	0	.1498093	0
1088.15	0	.8498071	0	.1501929	0
1087.15	0	.8494243	0	.1505757	0
1086.15	0	.8490423	0	.1509577	0
1085.15	0	.8486611	0	.1513389	0
1084.15	0	.8482807	0	.1517194	0
1083.15	0	.847901	0	.152099	0
1082.15	0	.8475222	0	.1524778	0
1081.15	0	.8471441	0	.1528559	0
1080.15	0	.8467668	0	.1532332	0
1079.15	0	.8463903	0	.1536097	0
1078.15	0	.8460146	0	.1539854	0
1077.15	0	.8456397	0	.1543603	0
1076.15	0	.8452655	0	.1547345	0
1075.15	0	.8448922	0	.1551079	0
1074.15	0	.8445196	0	.1554804	0
1073.15	0	.8441477	0	.1558523	0
1072.15	0	.8437767	0	.1562233	0
1071.15	0	.8434064	0	.1565936	0
1070.15	0	.8430369	0	.1569631	0
1069.15	0	.8426681	0	.1573319	0
1068.15	0	.8423002	0	.1576998	0
1067.15	0	.841933	0	.158067	0
1066.15	0	.8415665	0	.1584335	0
1065.15	0	.8412008	0	.1587992	0
1064.15	0	.8408359	0	.1591641	0
1063.15	0	.8404718	0	.1595282	0
1062.15	0	.8401084	0	.1598916	0
1061.15	0	.8397457	0	.1602543	0
1060.15	0	.8393839	0	.1606161	0
1059.15	0	.8390227	0	.1609773	0
1058.15	0	.8386624	0	.1613376	0
1057.15	0	.8383028	0	.1616972	0
1056.15	0	.8379439	0	.1620561	0
1055.15	0	.8375858	0	.1624142	0
1054.15	0	.8372284	0	.1627716	0
1053.15	0	.8368718	0	.1631282	0
1052.15	0	.836516	0	.1634841	0
1051.15	0	.8361608	0	.1638392	0
1050.15	0	.8358065	0	.1641935	0
1049.15	0	.8354528	0	.1645472	0
1048.15	0	.8350999	0	.1649001	0
1047.15	0	.8347478	0	.1652522	0
1046.15	0	.8343964	0	.1656036	0
1045.15	0	.8340457	0	.1659543	0
1044.15	0	.8336958	0	.1663042	0
1043.15	0	.8333466	0	.1666534	0
1042.15	0	.8329981	0	.1670019	0
1041.15	0	.8326504	0	.1673496	0
1040.15	0	.8323034	0	.1676966	0
1039.15	0	.8319572	0	.1680429	0
1038.15	0	.8316116	0	.1683884	0
1037.15	0	.8312668	0	.1687332	0
1036.15	0	.8309227	0	.1690773	0
1035.15	0	.8305794	0	.1694206	0
1034.15	0	.8302368	0	.1697632	0
1033.15	0	.8298949	0	.1701051	0
1032.15	0	.8295537	0	.1704463	0
1031.15	0	.8292133	0	.1707867	0
1030.15	0	.8288735	0	.1711265	0
1029.15	0	.8285345	0	.1714655	0
1028.15	0	.8281963	0	.1718038	0
1027.15	0	.8278587	0	.1721413	0
1026.15	0	.8275218	0	.1724782	0
1025.15	0	.8271857	0	.1728143	0
1024.15	0	.8268503	0	.1731497	0
1023.15	0	.8265156	0	.1734844	0
1022.15	0	.8261816	0	.1738184	0
1021.15	0	.8258483	0	.1741517	0
1020.15	0	.8255157	0	.1744843	0
1019.15	0	.8251839	0	.1748162	0
1018.15	0	.8248527	0	.1751473	0
1017.15	0	.8245223	0	.1754777	0
1016.15	0	.8241925	0	.1758075	0
1015.15	0	.8238635	0	.1761365	0
1014.15	0	.8235352	0	.1764648	0
1013.15	0	.8232075	0	.1767925	0
1012.15	0	.8228806	0	.1771194	0
1011.15	0	.8225544	0	.1774456	0
1010.15	0	.8222289	0	.1777711	0
1009.15	0	.8219041	0	.178096	0
1008.15	0	.8215799	0	.1784201	0
1007.15	0	.8212565	0	.1787435	0
1006.15	0	.8209338	0	.1790662	0
1005.15	0	.8206117	0	.1793883	0
1004.15	0	.8202904	0	.1797096	0
1003.15	0	.8199698	0	.1800302	0
1002.15	0	.8196498	0	.1803502	0
1001.15	0	.8193306	0	.1806694	0
1000.15	0	.819012	0	.180988	0
999.15	0	.8186941	0	.1813059	0
998.15	0	.8183769	0	.1816231	0
997.15	0	.8180604	0	.1819396	0
996.15	0	.8177446	0	.1822554	0
995.15	0	.8174295	0	.1825705	0
994.15	0	.817115	0	.182885	0
993.15	0	.8168013	0	.1831987	0
992.15	0	.8164882	0	.1835118	0
991.15	0	.8161758	0	.1838242	0
990.15	0	.8158641	0	.1841359	0
989.15	0	.8155531	0	.1844469	0
988.15	0	.8152427	0	.1847573	0
987.15	0	.8149331	0	.1850669	0
986.15	0	.8146241	0	.1853759	0
985.15	0	.8143158	0	.1856842	0
984.15	0	.8140081	0	.1859919	0
983.15	0	.8137012	0	.1862988	0
982.15	0	.8133949	0	.1866051	0
981.15	0	.8130893	0	.1869107	0
980.15	0	.8127843	0	.1872157	0
979.15	0	.8124801	0	.1875199	0
978.15	0	.8121765	0	.1878235	0
977.15	0	.8118736	0	.1881265	0
976.15	0	.8115713	0	.1884287	0
975.15	0	.8112697	0	.1887303	0
974.15	0	.8109688	0	.1890312	0
973.15	0	.8106685	0	.1893315	0
972.15	0	.810369	0	.189631	0
971.15	0	.81007	0	.18993	0
970.15	0	.8097718	0	.1902282	0
969.15	0	.8094742	0	.1905258	0
968.15	0	.8091773	0	.1908227	0
967.15	0	.808881	0	.191119	0
966.15	0	.8085854	0	.1914146	0
965.15	0	.8082905	0	.1917095	0
964.15	0	.8079962	0	.1920038	0
963.15	0	.8077026	0	.1922974	0
962.15	0	.8074096	0	.1925904	0
961.15	0	.8071173	0	.1928827	0
960.15	0	.8068257	0	.1931744	0
959.15	0	.8065347	0	.1934653	0
958.15	0	.8062443	0	.1937557	0
957.15	0	.8059546	0	.1940454	0
956.15	0	.8056656	0	.1943344	0
955.15	0	.8053773	0	.1946228	0
954.15	0	.8050895	0	.1949105	0
953.15	0	.8048025	0	.1951975	0
952.15	0	.8045161	0	.1954839	0
951.15	0	.8042303	0	.1957697	0
950.15	0	.8039452	0	.1960548	0
949.15	0	.8036607	0	.1963393	0
948.15	0	.8033769	0	.1966231	0
947.15	0	.8030937	0	.1969063	0
946.15	0	.8028112	0	.1971888	0
945.15	0	.8025293	0	.1974707	0
944.15	0	.8022481	0	.1977519	0
943.15	0	.8019675	0	.1980325	0
942.15	0	.8016876	0	.1983124	0
941.15	0	.8014083	0	.1985917	0
940.15	0	.8011296	0	.1988704	0
939.15	0	.8008516	0	.1991484	0
938.15	0	.8005742	0	.1994258	0
937.15	0	.8002975	0	.1997025	0
936.15	0	.8000214	0	.1999786	0
935.15	0	.7997459	0	.2002541	0
934.15	0	.7994711	0	.2005289	0
933.15	0	.799197	0	.200803	0
932.15	0	.7989234	0	.2010766	0
931.15	0	.7986505	0	.2013495	0
930.15	0	.7983783	0	.2016218	0
929.15	0	.7981066	0	.2018934	0
928.15	0	.7978356	0	.2021644	0
927.15	0	.7975653	0	.2024347	0
926.15	0	.7972955	0	.2027045	0
925.15	0	.7970265	0	.2029736	0
924.15	0	.796758	0	.203242	0
923.15	0	.7964902	0	.2035098	0
922.15	0	.796223	0	.203777	0
921.15	0	.7959564	0	.2040436	0
920.15	0	.7956905	0	.2043095	0
919.15	0	.7954252	0	.2045749	0
918.15	0	.7951605	0	.2048395	0
917.15	0	.7948964	0	.2051036	0
916.15	0	.794633	0	.205367	0
915.15	0	.7943702	0	.2056298	0
914.15	0	.794108	0	.205892	0
913.15	0	.7938465	0	.2061535	0
912.15	0	.7935856	0	.2064144	0
911.15	0	.7933253	0	.2066747	0
910.15	0	.7930656	0	.2069344	0
909.15	0	.7928065	0	.2071935	0
908.15	0	.7925481	0	.2074519	0
907.15	0	.7922903	0	.2077097	0
906.15	0	.7920331	0	.2079669	0
905.15	0	.7917766	0	.2082234	0
904.15	0	.7915206	0	.2084794	0
903.15	0	.7912653	0	.2087347	0
902.15	0	.7910106	0	.2089894	0
901.15	0	.7907565	0	.2092435	0
900.15	0	.790503	0	.209497	0
899.15	0	.7902502	0	.2097498	0
898.15	0	.7899979	0	.2100021	0
897.15	0	.7897463	0	.2102537	0
896.15	0	.7894953	0	.2105047	0
895.15	0	.7892449	0	.2107551	0
894.15	0	.7889952	0	.2110048	0
893.15	0	.788746	0	.211254	0
892.15	0	.7884975	0	.2115025	0
891.15	0	.7882495	0	.2117505	0
890.15	0	.7880022	0	.2119978	0
889.15	0	.7877555	0	.2122445	0
888.15	0	.7875094	0	.2124906	0
887.15	0	.7872639	0	.2127361	0
886.15	0	.787019	0	.212981	0
885.15	0	.7867747	0	.2132253	0
884.15	0	.7865311	0	.2134689	0
883.15	0	.786288	0	.213712	0
882.15	0	.7860456	0	.2139544	0
881.15	0	.7858037	0	.2141963	0
880.15	0	.7855625	0	.2144375	0
879.15	0	.7853219	0	.2146781	0
878.15	0	.7850818	0	.2149182	0
877.15	0	.7848424	0	.2151576	0
876.15	0	.7846036	0	.2153964	0
875.15	0	.7843654	0	.2156346	0
874.15	0	.7841278	0	.2158722	0
873.15	0	.7838908	0	.2161092	0
872.15	0	.7836544	0	.2163456	0
871.15	0	.7834186	0	.2165815	0
870.15	0	.7831834	0	.2168166	0
869.15	0	.7829487	0	.2170513	0
868.15	0	.7827147	0	.2172853	0
867.15	0	.7824813	0	.2175187	0
866.15	0	.7822485	0	.2177515	0
865.15	0	.7820163	0	.2179837	0
864.15	0	.7817847	0	.2182153	0
863.15	0	.7815537	0	.2184464	0
862.15	0	.7813232	0	.2186768	0
861.15	0	.7810934	0	.2189066	0
860.15	0	.7808642	0	.2191358	0
859.15	0	.7806355	0	.2193645	0
858.15	0	.7804075	0	.2195925	0
857.15	0	.78018	0	.21982	0
856.15	0	.7799531	0	.2200469	0
855.15	0	.7797269	0	.2202731	0
854.15	0	.7795012	0	.2204988	0
853.15	0	.7792761	0	.2207239	0
852.15	0	.7790516	0	.2209484	0
851.15	0	.7788276	0	.2211724	0
850.15	0	.7786043	0	.2213957	0
849.15	0	.7783816	0	.2216184	0
848.3268	0	.7781986	0	.2218014	0
848.3268	0	.7781986	0	.2218014	0
848.3268	0	.7781986	0	.2218014	0
848.15	0	.7780346	1.457045E-04	.2218197	0
847.15	0	.7771067	9.712655E-04	.2219221	0
846.15	0	.776178	.001799417	.2220226	0
845.15	0	.7752485	.002630286	.2221212	0
844.15	0	.7743181	.003464004	.2222179	0
843.15	0	.7733867	.004300708	.2223126	0
842.15	0	.7724542	.00514054	.2224052	0
841.15	0	.7715205	.005983649	.2224959	0
840.15	0	.7705854	.006830187	.2225844	0
839.15	0	.7696488	.007680314	.2226709	0
838.15	0	.7687106	.008534197	.2227552	0
837.15	0	.7677707	.009392009	.2228373	0
836.15	0	.7668289	.01025393	.2229172	0
835.15	0	.7658851	.01112015	.2229948	0
834.15	0	.7649391	.01199086	.2230701	0
833.15	0	.7639907	.01286627	.223143	0
832.15	0	.7630398	.0137466	.2232136	0
831.15	0	.7620863	.01463206	.2232817	0
830.15	0	.7611298	.01552289	.2233473	0
829.15	0	.7601703	.01641934	.2234103	0
828.15	0	.7592076	.01732166	.2234707	0
827.15	0	.7582414	.01823013	.2235285	0
826.15	0	.7572714	.01914503	.2235835	0
825.15	0	.7562976	.02006666	.2236358	0
824.15	0	.7553195	.02099533	.2236852	0
823.15	0	.7543371	.02193137	.2237316	0
822.15	0	.7533499	.02287513	.223775	0
821.15	0	.7523577	.02382699	.2238154	0
820.15	0	.7513602	.02478732	.2238525	0
819.15	0	.750357	.02575655	.2238864	0
818.15	0	.7493479	.02673511	.223917	0
817.15	0	.7483325	.02772346	.2239441	0
816.15	0	.7473103	.0287221	.2239676	0
815.15	0	.746281	.02973155	.2239874	0
814.15	0	.7452441	.03075238	.2240035	0
813.15	0	.7441992	.03178517	.2240157	0
812.15	0	.7431457	.03283058	.2240237	0
811.15	0	.7420831	.03388928	.2240276	0
810.15	0	.7410108	.03496202	.2240271	0
809.15	0	.7399283	.03604957	.2240221	0
808.15	0	.7388348	.03715281	.2240124	0
807.15	0	.7377296	.03827265	.2239978	0
806.15	0	.7366119	.03941009	.223978	0
805.15	0	.7354809	.04056622	.2239529	0
804.15	0	.7343356	.04174221	.2239222	0
803.15	0	.7331749	.04293938	.2238857	0
802.15	0	.731998	.04415913	.2238429	0
801.15	0	.7308033	.04540301	.2237937	0
800.15	0	.7295897	.04667275	.2237376	0
799.15	0	.7282291	.04812	.2236509	0
798.15	0	.7262613	.05029178	.2234469	0
797.15	0	.7243713	.05237821	.2232505	0
796.15	0	.722554	.05438475	.2230613	0
795.15	0	.7208047	.05631639	.2228789	0
794.15	0	.7191194	.05817773	.2227029	0
793.15	0	.717494	.059973	.222533	0
792.15	0	.715925	.06170611	.2223689	0
791.15	0	.7144092	.06338066	.2222102	0
790.15	0	.7129434	.06499995	.2220566	0
789.15	0	.7115257	.06656653	.2219078	0
788.15	0	.7101519	.06808435	.2217638	0
787.15	0	.7088204	.06955546	.2216241	0
786.15	0	.7075291	.07098229	.2214886	0
785.15	0	.7062758	.07236712	.2213571	0
784.15	0	.7050587	.07371205	.2212293	0
783.15	0	.7038759	.07501905	.221105	0
782.15	0	.7027258	.07628996	.2209842	0
781.15	0	.7016069	.07752648	.2208666	0
780.15	0	.7005178	.07873023	.220752	0
779.15	0	.6994569	.07990268	.2206404	0
778.15	0	.6984232	.08104526	.2205315	0
777.15	0	.6974154	.08215928	.2204253	0
776.15	0	.6964324	.08324597	.2203217	0
775.15	0	.6954731	.08430651	.2202204	0
774.15	0	.6945365	.08534198	.2201215	0
773.15	0	.6936218	.08635343	.2200247	0
772.15	0	.6927281	.08734181	.2199301	0
771.15	0	.6918544	.08830806	.2198375	0
770.15	0	.6910001	.08925304	.2197468	0
769.15	0	.6901644	.09017757	.219658	0
768.15	0	.6893466	.09108244	.219571	0
767.15	0	.688546	.09196837	.2194856	0
766.15	0	.6877621	.09283608	.2194019	0
765.15	0	.6869941	.09368621	.2193197	0
764.15	0	.6862416	.09451941	.219239	0
763.15	0	.685504	.09533626	.2191598	0
762.15	0	.6847808	.09613735	.2190819	0
761.15	0	.6840714	.09692321	.2190054	0
760.15	0	.6833755	.09769436	.2189301	0
759.15	0	.6826927	.0984513	.218856	0
758.15	0	.6820223	.09919449	.2187832	0
757.15	0	.6813642	.09992437	.2187114	0
756.15	0	.6807178	.1006414	.2186408	0
755.15	0	.6800829	.101346	.2185712	0
754.15	0	.679459	.1020384	.2185026	0
753.15	0	.6788458	.1027192	.218435	0
752.15	0	.6782431	.1033887	.2183683	0
751.15	0	.6776504	.1040471	.2183025	0
750.15	0	.6770676	.1046949	.2182375	0
749.15	0	.6764942	.1053324	.2181734	0
748.15	0	.6759301	.1059598	.2181101	0
747.15	0	.675375	.1065774	.2180476	0
746.15	0	.6748286	.1071856	.2179859	0
745.15	0	.6742906	.1077845	.2179248	0
744.15	0	.673761	.1083745	.2178645	0
743.15	0	.6732394	.1089558	.2178048	0
742.15	0	.6727256	.1095287	.2177458	0
741.15	0	.6722194	.1100933	.2176874	0
740.15	0	.6717206	.1106499	.2176296	0
739.15	0	.671229	.1111986	.2175724	0
738.15	0	.6707445	.1117398	.2175157	0
737.15	0	.6702668	.1122736	.2174597	0
736.15	0	.6697958	.1128001	.2174041	0
735.15	0	.6693313	.1133197	.217349	0
734.15	0	.6688732	.1138324	.2172945	0
733.15	0	.6684213	.1143384	.2172404	0
732.15	0	.6679754	.1148379	.2171867	0
731.15	0	.6675355	.115331	.2171336	0
730.15	0	.6671013	.1158179	.2170808	0
729.15	0	.6666727	.1162988	.2170285	0
728.15	0	.6662497	.1167738	.2169765	0
727.15	0	.665832	.117243	.216925	0
726.15	0	.6654196	.1177065	.2168738	0
725.15	0	.6650124	.1181646	.216823	0
724.15	0	.6646101	.1186173	.2167726	0
723.15	0	.6642128	.1190647	.2167225	0
722.15	0	.6638203	.119507	.2166727	0
721.15	0	.6634325	.1199443	.2166233	0
720.15	0	.6630492	.1203767	.2165741	0
719.15	0	.6626705	.1208042	.2165253	0
718.15	0	.6622962	.1212271	.2164767	0
717.15	0	.6619262	.1216453	.2164285	0
716.15	0	.6615605	.1220591	.2163805	0
715.15	0	.6611988	.1224684	.2163327	0
714.15	0	.6608413	.1228735	.2162853	0
713.15	0	.6604877	.1232743	.2162381	0
712.15	0	.660138	.1236709	.2161911	0
711.15	0	.6597921	.1240636	.2161443	0
710.15	0	.6594499	.1244522	.2160978	0
709.15	0	.6591115	.124837	.2160515	0
708.15	0	.6587766	.125218	.2160054	0
707.15	0	.6584453	.1255952	.2159596	0
706.15	0	.6581174	.1259687	.2159139	0
705.15	0	.6577929	.1263387	.2158684	0
704.15	0	.6574718	.1267052	.2158231	0
703.15	0	.6571539	.1270682	.215778	0
702.15	0	.6568392	.1274278	.215733	0
701.15	0	.6565277	.127784	.2156883	0
700.15	0	.6562193	.1281371	.2156437	0
699.15	0	.6559139	.1284869	.2155992	0
698.15	0	.6556115	.1288336	.215555	0
697.15	0	.655312	.1291771	.2155108	0
696.15	0	.6550155	.1295177	.2154668	0
695.15	0	.6547217	.1298553	.215423	0
694.15	0	.6544307	.1301899	.2153793	0
693.15	0	.6541425	.1305217	.2153357	0
692.15	0	.653857	.1308507	.2152923	0
691.15	0	.6535741	.1311769	.215249	0
690.15	0	.6532938	.1315004	.2152058	0
689.15	0	.653016	.1318212	.2151628	0
688.15	0	.6527408	.1321394	.2151198	0
687.15	0	.652468	.132455	.215077	0
686.15	0	.6521977	.132768	.2150342	0
685.15	0	.6519298	.1330786	.2149916	0
684.15	0	.6516642	.1333867	.2149491	0
683.15	0	.651401	.1336923	.2149067	0
682.15	0	.65114	.1339956	.2148644	0
681.15	0	.6508812	.1342966	.2148222	0
680.15	0	.6506247	.1345953	.21478	0
679.15	0	.6503704	.1348916	.214738	0
678.15	0	.6501182	.1351858	.2146961	0
677.15	0	.6498681	.1354778	.2146542	0
676.15	0	.6496201	.1357676	.2146124	0
675.15	0	.6493741	.1360552	.2145707	0
674.15	0	.6491301	.1363408	.2145291	0
673.15	0	.6488882	.1366243	.2144875	0
672.15	0	.6486482	.1369058	.214446	0
671.15	0	.6484101	.1371853	.2144046	0
670.15	0	.6481739	.1374628	.2143633	0
669.15	0	.6479396	.1377383	.214322	0
668.15	0	.6477072	.138012	.2142808	0
667.15	0	.6474765	.1382838	.2142397	0
666.15	0	.6472477	.1385537	.2141986	0
665.15	0	.6470206	.1388217	.2141576	0
664.15	0	.6467953	.139088	.2141167	0
663.15	0	.6465717	.1393525	.2140758	0
662.15	0	.6463499	.1396152	.2140349	0
661.15	0	.6461296	.1398762	.2139941	0
660.15	0	.6459111	.1401355	.2139534	0
659.15	0	.6456941	.1403931	.2139127	0
658.15	0	.6454788	.140649	.2138721	0
657.15	0	.6452651	.1409034	.2138316	0
656.15	0	.6450529	.141156	.213791	0
655.15	0	.6448423	.1414071	.2137506	0
654.15	0	.6446332	.1416567	.2137101	0
653.15	0	.6444257	.1419046	.2136697	0
652.15	0	.6442196	.142151	.2136294	0
651.15	0	.6440149	.142396	.2135891	0
650.15	0	.6438118	.1426394	.2135489	0
649.15	0	.64361	.1428813	.2135086	0
648.15	0	.6434097	.1431218	.2134685	0
647.15	0	.6432108	.1433609	.2134284	0
646.15	0	.6430133	.1435985	.2133883	0
645.15	0	.6428171	.1438347	.2133482	0
644.15	0	.6426223	.1440695	.2133082	0
643.15	0	.6424288	.144303	.2132682	0
642.15	0	.6422366	.1445351	.2132283	0
641.15	0	.6420457	.1447659	.2131884	0
640.15	0	.6418561	.1449954	.2131485	0
639.15	0	.6416678	.1452235	.2131087	0
638.15	0	.6414808	.1454504	.2130689	0
637.15	0	.6412949	.1456759	.2130291	0
636.15	0	.6411103	.1459003	.2129894	0
635.15	0	.640927	.1461234	.2129497	0
634.15	0	.6407448	.1463452	.21291	0
633.15	0	.6405638	.1465658	.2128704	0
632.15	0	.640384	.1467852	.2128308	0
631.15	0	.6402053	.1470035	.2127912	0
630.15	0	.6400278	.1472205	.2127517	0
629.15	0	.6398514	.1474364	.2127122	0
628.15	0	.6396762	.1476511	.2126727	0
627.15	0	.639502	.1478647	.2126332	0
626.15	0	.639329	.1480772	.2125938	0
625.15	0	.639157	.1482885	.2125544	0
624.15	0	.6389862	.1484988	.2125151	0
623.15	0	.6388164	.1487079	.2124757	0
622.15	0	.6386476	.148916	.2124364	0
621.15	0	.6384799	.149123	.2123972	0
620.15	0	.6383132	.1493289	.2123579	0
619.15	0	.6381475	.1495338	.2123187	0
618.15	0	.6379829	.1497376	.2122795	0
617.15	0	.6378192	.1499404	.2122403	0
616.15	0	.6376566	.1501422	.2122012	0
615.15	0	.6374949	.150343	.2121621	0
614.15	0	.6373342	.1505428	.212123	0
613.15	0	.6371745	.1507416	.212084	0
612.15	0	.6370157	.1509394	.212045	0
611.15	0	.6368579	.1511362	.212006	0
610.15	0	.636701	.1513321	.211967	0
609.15	0	.636545	.151527	.2119281	0
608.15	0	.6363899	.1517209	.2118892	0
607.15	0	.6362358	.151914	.2118503	0
606.15	0	.6360825	.1521061	.2118114	0
605.15	0	.6359302	.1522973	.2117726	0
604.15	0	.6357787	.1524875	.2117338	0
603.15	0	.6356281	.1526769	.211695	0
602.15	0	.6354784	.1528654	.2116563	0
601.15	0	.6353295	.1530529	.2116176	0
600.15	0	.6351815	.1532396	.2115789	0
599.15	0	.6350343	.1534255	.2115402	0
598.15	0	.634888	.1536104	.2115016	0
597.15	0	.6347425	.1537945	.211463	0
596.15	0	.6345978	.1539778	.2114244	0
595.15	0	.634454	.1541602	.2113859	0
594.15	0	.6343109	.1543417	.2113474	0
593.15	0	.6341687	.1545225	.2113089	0
592.15	0	.6340272	.1547023	.2112704	0
591.15	0	.6338866	.1548814	.211232	0
590.15	0	.6337467	.1550597	.2111936	0
589.15	0	.6336076	.1552372	.2111553	0
588.15	0	.6334692	.1554138	.2111169	0
587.15	0	.6333317	.1555897	.2110786	0
586.15	0	.6331949	.1557648	.2110404	0
585.15	0	.6330588	.1559391	.2110021	0
584.15	0	.6329235	.1561126	.2109639	0
583.15	0	.6327889	.1562853	.2109258	0
582.15	0	.6326551	.1564573	.2108876	0
581.15	0	.632522	.1566285	.2108495	0
580.15	0	.6323896	.156799	.2108115	0
579.15	0	.6322579	.1569687	.2107734	0
578.15	0	.6321269	.1571377	.2107354	0
577.15	0	.6319967	.1573059	.2106974	0
576.15	0	.6318671	.1574734	.2106595	0
575.15	0	.6317383	.1576401	.2106216	0
574.15	0	.6316101	.1578062	.2105837	0
573.15	0	.6314826	.1579715	.2105459	0
572.15	0	.6313558	.1581361	.2105081	0
571.15	0	.6312297	.1583	.2104703	0
570.15	0	.6311043	.1584631	.2104326	0
569.15	0	.6309795	.1586256	.2103949	0
568.15	0	.6308553	.1587874	.2103573	0
567.15	0	.6307319	.1589485	.2103196	0
566.15	0	.6306091	.1591089	.2102821	0
565.15	0	.6304869	.1592686	.2102445	0
564.15	0	.6303654	.1594276	.210207	0
563.15	0	.6302445	.159586	.2101696	0
562.15	0	.6301242	.1597437	.2101321	0
561.15	0	.6300046	.1599007	.2100948	0
560.15	0	.6298856	.160057	.2100574	0
559.15	0	.6297672	.1602127	.2100201	0
558.15	0	.6296494	.1603677	.2099829	0
557.15	0	.6295323	.1605221	.2099456	0
556.15	0	.6294158	.1606758	.2099085	0
555.15	0	.6292998	.1608289	.2098713	0
554.15	0	.6291845	.1609813	.2098342	0
553.15	0	.6290698	.1611331	.2097972	0
552.15	0	.6289556	.1612842	.2097602	0
551.15	0	.6288421	.1614347	.2097232	0
550.15	0	.6287291	.1615846	.2096863	0
549.15	0	.6286167	.1617339	.2096494	0
548.15	0	.6285049	.1618825	.2096126	0
547.15	0	.6283937	.1620305	.2095758	0
546.15	0	.6282831	.1621779	.2095391	0
545.15	0	.628173	.1623246	.2095024	0
544.15	0	.6280634	.1624708	.2094658	0
543.15	0	.6279545	.1626163	.2094292	0
542.15	0	.6278461	.1627613	.2093926	0
541.15	0	.6277383	.1629056	.2093561	0
540.15	0	.6276311	.1630494	.2093196	0
539.15	0	.6275243	.1631925	.2092832	0
538.15	0	.6274181	.163335	.2092468	0
537.15	0	.6273125	.163477	.2092106	0
536.15	0	.6272074	.1636183	.2091743	0
535.15	0	.6271028	.1637591	.2091381	0
534.15	0	.6269988	.1638993	.209102	0
533.15	0	.6268953	.1640389	.2090659	0
532.15	0	.6267923	.1641779	.2090298	0
531.15	0	.6266898	.1643163	.2089939	0
530.15	0	.6265879	.1644542	.2089579	0
529.15	0	.6264865	.1645915	.2089221	0
528.15	0	.6263856	.1647282	.2088862	0
527.15	0	.6262852	.1648643	.2088505	0
526.15	0	.6261854	.1649999	.2088147	0
525.15	0	.626086	.1651349	.2087791	0
524.15	0	.6259871	.1652694	.2087435	0
523.15	0	.6258888	.1654033	.208708	0
522.15	0	.6257909	.1655366	.2086725	0
521.15	0	.6256936	.1656693	.2086371	0
520.15	0	.6255968	.1658016	.2086017	0
519.15	0	.6255004	.1659332	.2085664	0
518.15	0	.6254045	.1660643	.2085311	0
517.15	0	.6253092	.1661949	.208496	0
516.15	0	.6252143	.1663249	.2084608	0
515.15	0	.6251199	.1664544	.2084258	0
514.15	0	.6250259	.1665833	.2083908	0
513.15	0	.6249325	.1667117	.2083559	0
512.15	0	.6248395	.1668395	.208321	0
511.15	0	.624747	.1669668	.2082862	0
510.15	0	.624655	.1670936	.2082514	0
509.15	0	.6245635	.1672198	.2082168	0
508.15	0	.6244724	.1673455	.2081821	0
507.15	0	.6243818	.1674707	.2081476	0
506.15	0	.6242916	.1675953	.2081131	0
505.15	0	.6242019	.1677194	.2080787	0
504.15	0	.6241127	.167843	.2080443	0
503.15	0	.6240239	.167966	.2080101	0
502.15	0	.6239356	.1680885	.2079759	0
501.15	0	.6238478	.1682105	.2079417	0
500.15	0	.6237604	.168332	.2079076	0
499.15	0	.6236734	.168453	.2078736	0
498.15	0	.6235869	.1685734	.2078397	0
497.15	0	.6235009	.1686933	.2078058	0
496.15	0	.6234152	.1688127	.207772	0
495.15	0	.6233301	.1689316	.2077383	0
494.15	0	.6232453	.16905	.2077047	0
493.15	0	.6231611	.1691678	.2076711	0
492.15	0	.6230772	.1692852	.2076376	0
491.15	0	.6229938	.169402	.2076042	0
490.15	0	.6229108	.1695184	.2075708	0
489.15	0	.6228282	.1696342	.2075376	0
488.15	0	.6227461	.1697495	.2075044	0
487.15	0	.6226644	.1698643	.2074712	0
486.15	0	.6225832	.1699787	.2074382	0
485.15	0	.6225023	.1700925	.2074052	0
484.15	0	.6224219	.1702058	.2073723	0
483.15	0	.6223419	.1703186	.2073395	0
482.15	0	.6222623	.1704309	.2073068	0
481.15	0	.6221832	.1705427	.2072741	0
480.15	0	.6221044	.170654	.2072416	0
479.15	0	.6220261	.1707648	.2072091	0
478.15	0	.6219482	.1708751	.2071767	0
477.15	0	.6218707	.170985	.2071443	0
476.15	0	.6217936	.1710943	.2071121	0
475.15	0	.6217169	.1712031	.2070799	0
474.15	0	.6216407	.1713115	.2070478	0
473.15	0	.6215648	.1714194	.2070158	0
472.15	0	.6214894	.1715267	.2069839	0
471.15	0	.6214143	.1716336	.2069521	0
470.15	0	.6213397	.17174	.2069203	0
469.15	0	.6212654	.1718459	.2068887	0
468.15	0	.6211916	.1719513	.2068571	0
467.15	0	.6211181	.1720563	.2068256	0
466.15	0	.621045	.1721607	.2067942	0
465.15	0	.6209724	.1722647	.2067629	0
464.15	0	.6209001	.1723682	.2067317	0
463.15	0	.6208282	.1724712	.2067006	0
462.15	0	.6207567	.1725738	.2066695	0
461.15	0	.6206856	.1726758	.2066386	0
460.15	0	.6206149	.1727774	.2066077	0
459.15	0	.6205446	.1728785	.2065769	0
458.15	0	.6204747	.1729791	.2065462	0
457.15	0	.6204051	.1730792	.2065156	0
456.15	0	.620336	.1731789	.2064851	0
455.15	0	.6202672	.1732781	.2064547	0
454.15	0	.6201988	.1733768	.2064244	0
453.15	0	.6201308	.1734751	.2063942	0
452.15	0	.6200631	.1735728	.2063641	0
451.15	0	.6199959	.1736701	.206334	0
450.15	0	.619929	.173767	.2063041	0
449.15	0	.6198625	.1738633	.2062743	0
448.15	0	.6197964	.1739591	.2062445	0
447.15	0	.6197307	.1740544	.2062149	0
446.15	0	.6196653	.1741493	.2061854	0
445.15	0	.6196004	.1742436	.206156	0
444.15	0	.6195358	.1743375	.2061267	0
443.15	0	.6194717	.1744309	.2060975	0
442.15	0	.6194079	.1745237	.2060684	0
441.15	0	.6193445	.1746161	.2060394	0
440.15	0	.6192815	.1747079	.2060106	0
439.15	0	.6192189	.1747993	.2059818	0
438.15	0	.6191567	.1748901	.2059532	0
437.15	0	.6190949	.1749804	.2059247	0
436.15	0	.6190335	.1750701	.2058964	0
435.15	0	.6189725	.1751594	.2058681	0
434.15	0	.6189119	.1752481	.20584	0
433.15	0	.6188517	.1753363	.205812	0
432.15	0	.618792	.1754239	.2057841	0
431.15	0	.6187326	.175511	.2057564	0
430.15	0	.6186736	.1755976	.2057288	0
429.15	0	.6186151	.1756836	.2057013	0
428.15	0	.6185569	.1757691	.205674	0
427.15	0	.6184992	.1758541	.2056468	0
426.15	0	.6184418	.1759385	.2056197	0
425.15	0	.6183849	.1760223	.2055928	0
424.15	0	.6183284	.1761056	.205566	0
423.15	0	.6182722	.1761884	.2055394	0
422.15	0	.6182165	.1762706	.2055128	0
421.15	0	.6181612	.1763523	.2054865	0
420.15	0	.6181063	.1764334	.2054603	0
419.15	0	.6180518	.176514	.2054342	0
418.15	0	.6179977	.1765941	.2054082	0
417.15	0	.617944	.1766735	.2053824	0
416.15	0	.6178907	.1767525	.2053568	0
415.15	0	.6178378	.1768309	.2053313	0
414.15	0	.6177854	.1769087	.2053059	0
413.15	0	.6177333	.176986	.2052807	0
412.15	0	.6176816	.1770628	.2052556	0
411.15	0	.6176303	.177139	.2052307	0
410.15	0	.6175794	.1772147	.2052059	0
409.15	0	.6175289	.1772899	.2051813	0
408.15	0	.6174788	.1773645	.2051568	0
407.15	0	.617429	.1774385	.2051325	0
406.15	0	.6173797	.1775121	.2051083	0
405.15	0	.6173307	.1775851	.2050842	0
404.15	0	.6172822	.1776575	.2050603	0
403.15	0	.617234	.1777294	.2050366	0
402.15	0	.6171862	.1778009	.205013	0
401.15	0	.6171388	.1778717	.2049895	0
400.15	0	.6170917	.1779421	.2049662	0
399.15	0	.6170451	.1780119	.204943	0
398.15	0	.6169988	.1780812	.20492	0
397.15	0	.6169529	.17815	.2048971	0
396.15	0	.6169073	.1782183	.2048744	0
395.15	0	.6168621	.178286	.2048518	0
394.15	0	.6168173	.1783533	.2048294	0
393.15	0	.6167729	.17842	.2048071	0
392.15	0	.6167288	.1784862	.204785	0
391.15	0	.6166851	.178552	.204763	0
390.15	0	.6166417	.1786172	.2047411	0
389.15	0	.6165987	.1786819	.2047194	0
388.15	0	.616556	.1787462	.2046978	0
387.15	0	.6165137	.1788099	.2046764	0
386.15	0	.6164717	.1788731	.2046551	0
385.15	0	.6164301	.1789359	.204634	0
384.15	0	.6163888	.1789982	.204613	0
383.15	0	.6163479	.17906	.2045922	0
382.15	0	.6163073	.1791213	.2045714	0
381.15	0	.616267	.1791821	.2045509	0
380.15	0	.6162271	.1792425	.2045304	0
379.15	0	.6161875	.1793024	.2045102	0
378.15	0	.6161482	.1793618	.20449	0
377.15	0	.6161092	.1794208	.20447	0
376.15	0	.6160706	.1794793	.2044501	0
375.15	0	.6160323	.1795374	.2044304	0
374.15	0	.6159943	.179595	.2044108	0
373.15	0	.6159566	.1796521	.2043913	0
372.15	0	.6159192	.1797088	.204372	0
371.15	0	.6158822	.1797651	.2043528	0
370.15	0	.6158454	.1798209	.2043337	0
369.15	0	.6158089	.1798763	.2043148	0
368.15	0	.6157728	.1799312	.204296	0
367.15	0	.6157369	.1799857	.2042773	0
366.15	0	.6157014	.1800398	.2042588	0
365.15	0	.6156661	.1800935	.2042404	0
364.15	0	.6156311	.1801468	.2042221	0
363.15	0	.6155964	.1801996	.204204	0
362.15	0	.615562	.180252	.204186	0
361.15	0	.6155279	.180304	.2041681	0
360.15	0	.6154941	.1803556	.2041503	0
359.15	0	.6154605	.1804068	.2041327	0
358.15	0	.6154272	.1804576	.2041152	0
357.15	0	.6153942	.180508	.2040978	0
356.15	0	.6153614	.180558	.2040806	0
355.15	0	.6153289	.1806076	.2040634	0
354.15	0	.6152967	.1806569	.2040464	0
353.15	0	.6152648	.1807057	.2040295	0
352.15	0	.6152331	.1807542	.2040128	0
351.15	0	.6152016	.1808023	.2039961	0
350.15	0	.6151704	.18085	.2039796	0
349.15	0	.6151395	.1808973	.2039632	0
348.15	0	.6151088	.1809443	.2039469	0
347.15	0	.6150783	.1809909	.2039308	0
346.15	0	.6150481	.1810372	.2039147	0
345.15	0	.6150181	.1810831	.2038988	0
344.15	0	.6149884	.1811286	.203883	0
343.15	0	.6149589	.1811738	.2038673	0
342.15	0	.6149296	.1812187	.2038517	0
341.15	0	.6149006	.1812632	.2038362	0
340.15	0	.6148718	.1813074	.2038209	0
339.15	0	.6148432	.1813512	.2038057	0
338.15	0	.6148148	.1813947	.2037905	0
337.15	0	.6147867	.1814378	.2037755	0
336.15	0	.6147587	.1814807	.2037606	0
335.15	0	.614731	.1815232	.2037458	0
334.15	0	.6147035	.1815654	.2037311	0
333.15	0	.6146762	.1816072	.2037165	0
332.15	0	.6146491	.1816488	.2037021	0
331.15	0	.6146222	.1816901	.2036877	0
330.15	0	.6145955	.181731	.2036735	0
329.15	0	.6145691	.1817716	.2036593	0
328.15	0	.6145428	.1818119	.2036453	0
327.15	0	.6145167	.181852	.2036314	0
326.15	0	.6144908	.1818917	.2036175	0
325.15	0	.6144651	.1819311	.2036038	0
324.15	0	.6144396	.1819703	.2035902	0
323.15	0	.6144142	.1820091	.2035767	0
322.15	0	.6143891	.1820477	.2035632	0
321.15	0	.6143641	.182086	.2035499	0
320.15	0	.6143393	.182124	.2035367	0
319.15	0	.6143147	.1821617	.2035236	0
318.15	0	.6142903	.1821992	.2035106	0
317.15	0	.614266	.1822363	.2034977	0
316.15	0	.6142419	.1822733	.2034849	0
315.15	0	.614218	.1823099	.2034721	0
314.15	0	.6141942	.1823463	.2034595	0
313.15	0	.6141706	.1823824	.203447	0
312.15	0	.6141471	.1824183	.2034346	0
311.15	0	.6141239	.1824539	.2034223	0
310.15	0	.6141007	.1824892	.20341	0
309.15	0	.6140778	.1825243	.2033979	0
308.15	0	.6140549	.1825592	.2033859	0
307.15	0	.6140323	.1825938	.2033739	0
306.15	0	.6140098	.1826282	.2033621	0
305.15	0	.6139874	.1826623	.2033503	0
304.15	0	.6139652	.1826962	.2033386	0
303.15	0	.6139431	.1827299	.2033271	0
302.15	0	.6139211	.1827633	.2033156	0
301.15	0	.6138993	.1827965	.2033042	0
300.15	0	.6138777	.1828294	.2032929	0
299.15	0	.6138561	.1828622	.2032817	0
298.15	0	.6138347	.1828947	.2032706	0
