T	 BPW(LIQUID)	BPW(BCC_A2)	BPW(FCC_A1)	BPW(LAVES_PHASE_C14)	BPW(NI3TI)
1473.15	.3961022	.6038978	0	0	0
1472.15	.3931332	.6068668	0	0	0
1471.15	.3901837	.6098163	0	0	0
1470.15	.3872535	.6127465	0	0	0
1469.15	.3843425	.6156575	0	0	0
1468.15	.3814505	.6185495	0	0	0
1467.15	.3785774	.6214226	0	0	0
1466.15	.375723	.624277	0	0	0
1465.15	.3728872	.6271128	0	0	0
1464.15	.3700697	.6299303	0	0	0
1463.15	.3672705	.6327295	0	0	0
1462.15	.3644894	.6355106	0	0	0
1461.15	.3617262	.6382738	0	0	0
1460.15	.3589809	.6410191	0	0	0
1459.15	.3562532	.6437468	0	0	0
1458.15	.353543	.646457	0	0	0
1457.15	.3508501	.6491499	0	0	0
1456.15	.3481745	.6518255	0	0	0
1455.15	.345516	.6544841	0	0	0
1454.15	.3428743	.6571257	0	0	0
1453.15	.3402496	.6597504	0	0	0
1452.15	.3376415	.6623585	0	0	0
1451.15	.3350499	.6649501	0	0	0
1450.15	.3324747	.6675253	0	0	0
1449.15	.3299158	.6700842	0	0	0
1448.15	.327373	.672627	0	0	0
1447.15	.3248463	.6751537	0	0	0
1446.15	.3223354	.6776646	0	0	0
1445.15	.3198403	.6801597	0	0	0
1444.15	.3173608	.6826392	0	0	0
1443.15	.3148968	.6851032	0	0	0
1442.15	.3124482	.6875518	0	0	0
1441.15	.3100148	.6899852	0	0	0
1440.15	.3075966	.6924034	0	0	0
1439.15	.3051935	.6948065	0	0	0
1438.15	.3028052	.6971948	0	0	0
1437.15	.3004317	.6995683	0	0	0
1436.15	.2980728	.7019272	0	0	0
1435.15	.2957286	.7042714	0	0	0
1434.15	.2933987	.7066013	0	0	0
1433.15	.2910832	.7089168	0	0	0
1432.15	.2887819	.7112181	0	0	0
1431.15	.2864947	.7135053	0	0	0
1430.15	.2842215	.7157785	0	0	0
1429.15	.2819622	.7180378	0	0	0
1428.15	.2797167	.7202833	0	0	0
1427.15	.2774848	.7225152	0	0	0
1426.15	.2752665	.7247335	0	0	0
1425.15	.2730616	.7269384	0	0	0
1424.15	.2708702	.7291298	0	0	0
1423.15	.2686919	.7313081	0	0	0
1422.15	.2665269	.7334731	0	0	0
1421.15	.2643748	.7356252	0	0	0
1420.15	.2622358	.7377642	0	0	0
1419.15	.2601096	.7398904	0	0	0
1418.15	.2579961	.7420039	0	0	0
1417.15	.2558953	.7441047	0	0	0
1416.15	.2538071	.7461929	0	0	0
1415.15	.2517313	.7482687	0	0	0
1414.15	.2496679	.7503321	0	0	0
1413.15	.2476168	.7523832	0	0	0
1412.15	.2455779	.7544221	0	0	0
1411.15	.2435511	.7564489	0	0	0
1410.15	.2415363	.7584637	0	0	0
1409.15	.2395335	.7604666	0	0	0
1408.15	.2375424	.7624576	0	0	0
1407.15	.2355631	.7644369	0	0	0
1406.15	.2335954	.7664046	0	0	0
1405.15	.2316394	.7683606	0	0	0
1404.15	.2296947	.7703053	0	0	0
1403.15	.2277615	.7722385	0	0	0
1402.15	.2258397	.7741604	0	0	0
1401.15	.223929	.776071	0	0	0
1400.15	.2220295	.7779705	0	0	0
1399.15	.220141	.779859	0	0	0
1398.15	.2182636	.7817364	0	0	0
1397.15	.216397	.783603	0	0	0
1396.15	.2145413	.7854587	0	0	0
1395.15	.2126963	.7873037	0	0	0
1394.15	.210862	.789138	0	0	0
1393.15	.2090383	.7909617	0	0	0
1392.15	.2072251	.7927749	0	0	0
1391.15	.2054224	.7945776	0	0	0
1390.15	.20363	.79637	0	0	0
1389.15	.2018479	.7981521	0	0	0
1388.15	.2000761	.799924	0	0	0
1387.15	.1983143	.8016857	0	0	0
1386.15	.1965627	.8034373	0	0	0
1385.15	.194821	.805179	0	0	0
1384.15	.1930893	.8069107	0	0	0
1383.15	.1913675	.8086325	0	0	0
1382.15	.1896554	.8103446	0	0	0
1381.15	.1879531	.8120469	0	0	0
1380.15	.1862604	.8137396	0	0	0
1379.15	.1845773	.8154227	0	0	0
1378.15	.1829037	.8170963	0	0	0
1377.15	.1812396	.8187604	0	0	0
1376.15	.1795849	.8204151	0	0	0
1375.15	.1779395	.8220605	0	0	0
1374.15	.1763033	.8236967	0	0	0
1373.15	.1746764	.8253236	0	0	0
1372.15	.1730586	.8269414	0	0	0
1371.15	.1714498	.8285502	0	0	0
1370.15	.1698501	.8301499	0	0	0
1369.15	.1682593	.8317407	0	0	0
1368.15	.1666774	.8333226	0	0	0
1367.15	.1651043	.8348957	0	0	0
1366.15	.16354	.83646	0	0	0
1365.15	.1619843	.8380157	0	0	0
1364.15	.1604374	.8395626	0	0	0
1363.15	.158899	.841101	0	0	0
1362.15	.1573692	.8426308	0	0	0
1361.15	.1558478	.8441522	0	0	0
1360.15	.1543348	.8456652	0	0	0
1359.15	.1528302	.8471698	0	0	0
1358.15	.151334	.848666	0	0	0
1357.15	.1498459	.8501541	0	0	0
1356.15	.1483661	.8516339	0	0	0
1355.15	.1468944	.8531056	0	0	0
1354.15	.1454308	.8545692	0	0	0
1353.15	.1439752	.8560248	0	0	0
1352.15	.1425277	.8574723	0	0	0
1351.15	.141088	.858912	0	0	0
1350.15	.1396562	.8603438	0	0	0
1349.15	.1382323	.8617677	0	0	0
1348.15	.1368161	.8631839	0	0	0
1347.15	.1354077	.8645923	0	0	0
1346.15	.134007	.865993	0	0	0
1345.15	.1326139	.8673861	0	0	0
1344.15	.1312283	.8687717	0	0	0
1343.15	.1298504	.8701496	0	0	0
1342.15	.1284799	.8715201	0	0	0
1341.15	.1271168	.8728832	0	0	0
1340.15	.1257611	.8742389	0	0	0
1339.15	.1244128	.8755872	0	0	0
1338.15	.1230718	.8769282	0	0	0
1337.15	.121738	.878262	0	0	0
1336.15	.1204115	.8795886	0	0	0
1335.15	.1190921	.8809079	0	0	0
1334.15	.1177798	.8822202	0	0	0
1333.15	.1164746	.8835254	0	0	0
1332.15	.1151765	.8848236	0	0	0
1331.15	.1138853	.8861147	0	0	0
1330.15	.1126011	.8873989	0	0	0
1329.15	.1113238	.8886762	0	0	0
1328.15	.1100533	.8899467	0	0	0
1327.15	.1087897	.8912103	0	0	0
1326.15	.1075329	.8924671	0	0	0
1325.15	.1062828	.8937172	0	0	0
1324.15	.1050394	.8949606	0	0	0
1323.15	.1038027	.8961973	0	0	0
1322.15	.1025726	.8974274	0	0	0
1321.15	.101349	.898651	0	0	0
1320.15	.1001321	.8998679	0	0	0
1319.15	.09892161	.9010784	0	0	0
1318.15	.09771761	.9022824	0	0	0
1317.15	.09652004	.90348	0	0	0
1316.15	.09532887	.9046711	0	0	0
1315.15	.09414406	.9058559	0	0	0
1314.15	.09296557	.9070344	0	0	0
1313.15	.09179336	.9082066	0	0	0
1312.15	.09062741	.9093726	0	0	0
1311.15	.08946766	.9105323	0	0	0
1310.15	.08831409	.9116859	0	0	0
1309.15	.08716667	.9128333	0	0	0
1308.15	.08602536	.9139746	0	0	0
1307.15	.08489012	.9151099	0	0	0
1306.15	.08376092	.9162391	0	0	0
1305.15	.08263773	.9173623	0	0	0
1304.15	.08152052	.9184795	0	0	0
1303.15	.08040924	.9195908	0	0	0
1302.15	.07930388	.9206961	0	0	0
1301.15	.07820439	.9217956	0	0	0
1300.15	.07711074	.9228893	0	0	0
1299.15	.07601972	.9239803	0	0	0
1298.15	.07493767	.9250623	0	0	0
1297.15	.07386138	.9261386	0	0	0
1296.15	.0727908	.9272092	0	0	0
1295.15	.07172591	.9282741	0	0	0
1294.15	.07066668	.9293333	0	0	0
1293.914	.07041785	.9295822	0	0	0
1293.914	.07041785	.9295822	0	0	0
1293.914	.07041785	.9295822	0	0	0
1293.15	.06924272	.9301173	0	6.399322E-04	0
1292.15	.06771302	.9308122	0	.001474806	0
1291.15	.06619208	.9315009	0	.002306984	0
1290.15	.06467979	.9321837	0	.003136495	0
1289.15	.06317605	.9328606	0	.003963367	0
1288.15	.06168077	.9335316	0	.004787629	0
1287.15	.06019384	.9341969	0	.005609306	0
1286.15	.05871516	.9348564	0	.006428426	0
1285.15	.05724465	.9355103	0	.007245015	0
1284.15	.05578221	.9361587	0	.0080591	0
1283.15	.05432773	.9368016	0	.008870706	0
1282.371	.05320079	.9372983	0	.009500897	0
1282.371	.05320079	.9372983	0	.009500897	0
1282.371	.05320079	.9372983	0	.009500897	0
1282.15	.05129473	.9367274	.002160014	.009817888	0
1281.15	.04268985	.9341875	.01188114	.01124156	0
1280.15	.0340896	.9317102	.02154772	.01265244	0
1279.15	.02549366	.9292952	.03116051	.01405066	0
1278.15	.0169017	.9269417	.04072024	.01543637	0
1277.15	.008313396	.9246493	.05022764	.0168097	0
1276.182	0	.922487	.05938504	.01812791	0
1276.182	0	.922487	.05938504	.01812791	0
1276.15	0	.922439	.05941442	.0181466	0
1275.15	0	.9209222	.06034134	.0187365	0
1274.15	0	.9194097	.06126541	.01932486	0
1273.15	0	.9179017	.06218663	.01991166	0
1272.15	0	.916398	.06310502	.02049692	0
1271.15	0	.9148988	.06402057	.02108065	0
1270.15	0	.9134038	.0649333	.02166285	0
1269.15	0	.9119133	.06584321	.02224353	0
1268.15	0	.910427	.06675031	.02282269	0
1267.15	0	.9089451	.0676546	.02340034	0
1266.15	0	.9074674	.06855609	.02397648	0
1265.15	0	.9059941	.06945478	.02455112	0
1264.15	0	.9045251	.07035069	.02512426	0
1263.15	0	.9030603	.07124382	.02569592	0
1262.15	0	.9015997	.07213417	.02626609	0
1261.15	0	.9001435	.07302175	.02683478	0
1260.15	0	.8986914	.07390658	.027402	0
1259.15	0	.8972436	.07478864	.02796775	0
1258.15	0	.8958	.07566795	.02853204	0
1257.15	0	.8943606	.07654452	.02909487	0
1256.15	0	.8929254	.07741835	.02965625	0
1255.15	0	.8914944	.07828945	.03021619	0
1254.15	0	.8900675	.07915782	.03077468	0
1253.15	0	.8886448	.08002347	.03133174	0
1252.15	0	.8872262	.08088641	.03188736	0
1251.15	0	.8858118	.08174663	.03244157	0
1250.15	0	.8844015	.08260416	.03299435	0
1249.15	0	.8829953	.08345898	.03354572	0
1248.15	0	.8815932	.08431111	.03409567	0
1247.15	0	.8801952	.08516056	.03464423	0
1246.15	0	.8788013	.08600732	.03519138	0
1245.15	0	.8774114	.08685141	.03573714	0
1244.15	0	.8760257	.08769282	.03628151	0
1243.15	0	.8746439	.08853157	.0368245	0
1242.15	0	.8732662	.08936767	.0373661	0
1241.15	0	.8718926	.0902011	.03790633	0
1240.15	0	.8705229	.09103189	.0384452	0
1239.15	0	.8691573	.09186004	.03898269	0
1238.15	0	.8677956	.09268554	.03951883	0
1237.15	0	.866438	.09350842	.04005361	0
1236.15	0	.8650843	.09432866	.04058704	0
1235.15	0	.8637346	.09514629	.04111913	0
1234.15	0	.8623888	.09596129	.04164988	0
1233.15	0	.861047	.09677368	.04217929	0
1232.15	0	.8597092	.09758346	.04270736	0
1231.15	0	.8583752	.09839064	.04323412	0
1230.15	0	.8570452	.09919523	.04375955	0
1229.15	0	.8557191	.09999722	.04428366	0
1228.15	0	.8543969	.1007966	.04480646	0
1227.15	0	.8530786	.1015934	.04532795	0
1226.15	0	.8517642	.1023877	.04584814	0
1225.15	0	.8504536	.1031793	.04636703	0
1224.15	0	.8491469	.1039684	.04688462	0
1223.15	0	.8478441	.104755	.04740093	0
1222.15	0	.8465451	.1055389	.04791594	0
1221.15	0	.84525	.1063204	.04842968	0
1220.15	0	.8439586	.1070992	.04894214	0
1219.15	0	.8426711	.1078755	.04945333	0
1218.15	0	.8413874	.1086493	.04996325	0
1217.15	0	.8401075	.1094206	.05047191	0
1216.15	0	.8388314	.1101893	.0509793	0
1215.15	0	.8375591	.1109555	.05148544	0
1214.15	0	.8362906	.1117191	.05199033	0
1213.15	0	.8350258	.1124802	.05249398	0
1212.15	0	.8337648	.1132389	.05299638	0
1211.15	0	.8325075	.113995	.05349754	0
1210.15	0	.831254	.1147486	.05399747	0
1209.15	0	.8300042	.1154997	.05449617	0
1208.15	0	.8287581	.1162483	.05499364	0
1207.15	0	.8275157	.1169944	.05548989	0
1206.15	0	.8262771	.117738	.05598492	0
1205.15	0	.8250421	.1184791	.05647874	0
1204.15	0	.8238109	.1192178	.05697135	0
1203.15	0	.8225833	.1199539	.05746276	0
1202.15	0	.8213594	.1206876	.05795296	0
1201.15	0	.8201392	.1214189	.05844196	0
1200.15	0	.8189226	.1221476	.05892978	0
1199.15	0	.8177097	.1228739	.0594164	0
1198.15	0	.8165004	.1235977	.05990183	0
1197.15	0	.8152948	.1243191	.06038608	0
1196.15	0	.8140928	.125038	.06086916	0
1195.15	0	.8128944	.1257545	.06135106	0
1194.15	0	.8116996	.1264686	.06183179	0
1193.15	0	.8105085	.1271802	.06231135	0
1192.15	0	.8093209	.1278893	.06278975	0
1191.15	0	.8081369	.1285961	.06326699	0
1190.15	0	.8069566	.1293004	.06374308	0
1189.15	0	.8057798	.1300022	.06421801	0
1188.15	0	.8046065	.1307017	.06469179	0
1187.15	0	.8034369	.1313987	.06516443	0
1186.15	0	.8022707	.1320933	.06563593	0
1185.15	0	.8011082	.1327855	.06610629	0
1184.15	0	.7999491	.1334753	.06657552	0
1183.15	0	.7987937	.1341627	.06704361	0
1182.15	0	.7976417	.1348477	.06751058	0
1181.15	0	.7964933	.1355303	.06797643	0
1180.15	0	.7953484	.1362105	.06844116	0
1179.15	0	.7942069	.1368883	.06890477	0
1178.15	0	.793069	.1375637	.06936726	0
1177.15	0	.7919346	.1382367	.06982865	0
1176.15	0	.7908037	.1389074	.07028893	0
1175.15	0	.7896762	.1395757	.07074811	0
1174.15	0	.7885523	.1402415	.07120619	0
1173.15	0	.7874318	.1409051	.07166318	0
1172.15	0	.7863147	.1415662	.07211907	0
1171.15	0	.7852011	.142225	.07257388	0
1170.15	0	.784091	.1428814	.07302759	0
1169.15	0	.7829843	.1435354	.07348023	0
1168.15	0	.7818811	.1441871	.07393178	0
1167.15	0	.7807813	.1448365	.07438226	0
1166.15	0	.7796849	.1454835	.07483167	0
1165.15	0	.7785919	.1461281	.07528	0
1164.15	0	.7775023	.1467704	.07572727	0
1163.15	0	.7764162	.1474103	.07617348	0
1162.15	0	.7753334	.148048	.07661863	0
1161.15	0	.7742541	.1486832	.07706272	0
1160.15	0	.7731781	.1493162	.07750575	0
1159.15	0	.7721055	.1499467	.07794774	0
1158.15	0	.7710363	.150575	.07838867	0
1157.15	0	.7699705	.151201	.07882856	0
1156.15	0	.768908	.1518246	.07926741	0
1155.15	0	.7678489	.1524459	.07970522	0
1154.15	0	.7667931	.1530649	.08014202	0
1153.15	0	.7657407	.1536815	.08057776	0
1152.15	0	.7646917	.1542958	.08101247	0
1151.15	0	.763646	.1549079	.08144616	0
1150.15	0	.7626036	.1555176	.08187882	0
1149.15	0	.7615646	.156125	.08231046	0
1148.15	0	.7605288	.1567301	.08274108	0
1147.15	0	.7594964	.1573329	.08317068	0
1146.15	0	.7584673	.1579334	.08359927	0
1145.15	0	.7574416	.1585316	.08402686	0
1144.15	0	.7564191	.1591275	.08445343	0
1143.15	0	.7553999	.1597211	.084879	0
1142.15	0	.754384	.1603124	.08530357	0
1141.15	0	.7533714	.1609015	.08572714	0
1140.15	0	.7523621	.1614882	.08614972	0
1139.15	0	.751356	.1620727	.0865713	0
1138.15	0	.7503533	.1626549	.08699189	0
1137.15	0	.7493538	.1632348	.08741149	0
1136.15	0	.7483575	.1638124	.0878301	0
1135.15	0	.7473645	.1643877	.08824774	0
1134.15	0	.7463748	.1649608	.08866439	0
1133.15	0	.7453883	.1655316	.08908007	0
1132.15	0	.7444051	.1661001	.08949477	0
1131.15	0	.7434251	.1666664	.08990849	0
1130.15	0	.7424484	.1672304	.09032125	0
1129.15	0	.7414748	.1677921	.09073304	0
1128.15	0	.7405045	.1683516	.09114387	0
1127.15	0	.7395375	.1689088	.09155373	0
1126.15	0	.7385736	.1694638	.09196263	0
1125.15	0	.737613	.1700165	.09237057	0
1124.15	0	.7366555	.1705669	.09277756	0
1123.15	0	.7357013	.1711151	.0931836	0
1122.15	0	.7347503	.1716611	.09358868	0
1121.15	0	.7338024	.1722048	.09399282	0
1120.15	0	.7328578	.1727462	.09439601	0
1119.15	0	.7319163	.1732854	.09479825	0
1118.15	0	.7309781	.1738224	.09519956	0
1117.15	0	.730043	.1743571	.09559992	0
1116.15	0	.7291111	.1748896	.09599935	0
1115.15	0	.7281823	.1754198	.09639785	0
1114.15	0	.7272568	.1759478	.09679541	0
1113.15	0	.7263343	.1764736	.09719204	0
1112.15	0	.7254151	.1769972	.09758775	0
1111.15	0	.724499	.1775185	.09798252	0
1110.15	0	.7235861	.1780375	.09837638	0
1109.15	0	.7226763	.1785544	.09876931	0
1108.15	0	.7217696	.179069	.09916132	0
1107.15	0	.7208661	.1795814	.09955242	0
1106.15	0	.7199658	.1800916	.0999426	0
1105.15	0	.7190686	.1805996	.1003319	0
1104.15	0	.7181745	.1811053	.1007202	0
1103.15	0	.7172835	.1816088	.1011077	0
1102.15	0	.7163957	.1821102	.1014942	0
1101.15	0	.7155109	.1826092	.1018798	0
1100.15	0	.7146293	.1831061	.1022646	0
1099.15	0	.7137508	.1836008	.1026484	0
1098.15	0	.7128755	.1840932	.1030313	0
1097.15	0	.7120032	.1845835	.1034133	0
1096.15	0	.711134	.1850715	.1037945	0
1095.15	0	.7102679	.1855573	.1041747	0
1094.15	0	.709405	.186041	.1045541	0
1093.15	0	.7085451	.1865224	.1049325	0
1092.15	0	.7076883	.1870016	.1053101	0
1091.15	0	.7068346	.1874786	.1056868	0
1090.15	0	.705984	.1879535	.1060626	0
1089.15	0	.7051365	.1884261	.1064375	0
1088.15	0	.704292	.1888965	.1068115	0
1087.15	0	.7034506	.1893647	.1071846	0
1086.15	0	.7026123	.1898308	.1075569	0
1085.15	0	.7017771	.1902946	.1079283	0
1084.15	0	.7009449	.1907563	.1082988	0
1083.15	0	.7001158	.1912157	.1086685	0
1082.15	0	.6992898	.191673	.1090372	0
1081.15	0	.6984668	.1921281	.1094051	0
1080.15	0	.6976468	.192581	.1097722	0
1079.15	0	.69683	.1930317	.1101383	0
1078.15	0	.6960161	.1934802	.1105036	0
1077.15	0	.6952054	.1939266	.1108681	0
1076.15	0	.6943976	.1943708	.1112316	0
1075.15	0	.6935929	.1948127	.1115944	0
1074.15	0	.6927912	.1952526	.1119562	0
1073.15	0	.6919926	.1956902	.1123172	0
1072.15	0	.691197	.1961257	.1126773	0
1071.15	0	.6904045	.1965589	.1130366	0
1070.15	0	.6896149	.1969901	.113395	0
1069.15	0	.6888284	.197419	.1137526	0
1068.15	0	.6880449	.1978458	.1141093	0
1067.15	0	.6872645	.1982704	.1144652	0
1066.15	0	.686487	.1986928	.1148202	0
1065.15	0	.6857126	.1991131	.1151743	0
1064.15	0	.6849412	.1995312	.1155277	0
1063.15	0	.6841727	.1999471	.1158801	0
1062.15	0	.6834073	.2003609	.1162317	0
1061.15	0	.6826449	.2007725	.1165825	0
1060.15	0	.6818855	.201182	.1169325	0
1059.15	0	.6811291	.2015893	.1172816	0
1058.15	0	.6803757	.2019944	.1176298	0
1057.15	0	.6796253	.2023974	.1179772	0
1056.15	0	.6788779	.2027983	.1183238	0
1055.15	0	.6781335	.203197	.1186695	0
1054.15	0	.6773921	.2035935	.1190144	0
1053.15	0	.6766536	.2039879	.1193585	0
1052.15	0	.6759182	.2043801	.1197017	0
1051.15	0	.6751857	.2047702	.1200441	0
1050.15	0	.6744562	.2051582	.1203857	0
1049.15	0	.6737297	.205544	.1207264	0
1048.15	0	.6730061	.2059276	.1210663	0
1047.15	0	.6722855	.2063091	.1214053	0
1046.15	0	.6715679	.2066885	.1217436	0
1045.15	0	.6708533	.2070657	.122081	0
1044.15	0	.6701416	.2074409	.1224176	0
1043.15	0	.6694329	.2078138	.1227533	0
1042.15	0	.6687271	.2081847	.1230882	0
1041.15	0	.6680243	.2085534	.1234223	0
1040.15	0	.6673245	.2089199	.1237556	0
1039.15	0	.6666276	.2092844	.124088	0
1038.15	0	.6659337	.2096467	.1244196	0
1037.15	0	.6652427	.2100069	.1247504	0
1036.15	0	.6645546	.210365	.1250804	0
1035.15	0	.6638695	.210721	.1254095	0
1034.15	0	.6631874	.2110748	.1257378	0
1033.15	0	.6625082	.2114265	.1260653	0
1032.15	0	.6618319	.2117761	.126392	0
1031.15	0	.6611585	.2121236	.1267178	0
1030.15	0	.6604881	.212469	.1270429	0
1029.15	0	.6598206	.2128123	.1273671	0
1028.15	0	.6591561	.2131535	.1276904	0
1027.15	0	.6584945	.2134926	.128013	0
1026.15	0	.6578358	.2138295	.1283347	0
1025.15	0	.65718	.2141644	.1286557	0
1024.15	0	.6565271	.2144972	.1289758	0
1023.15	0	.6558772	.2148278	.129295	0
1022.15	0	.6552301	.2151564	.1296135	0
1021.15	0	.654586	.2154829	.1299311	0
1020.15	0	.6539448	.2158073	.1302479	0
1019.15	0	.6533065	.2161296	.1305639	0
1018.15	0	.652671	.2164499	.1308791	0
1017.15	0	.6520385	.216768	.1311934	0
1016.15	0	.6514089	.2170841	.131507	0
1015.15	0	.6507822	.2173981	.1318197	0
1014.15	0	.6501584	.21771	.1321316	0
1013.15	0	.6495374	.2180199	.1324426	0
1012.15	0	.6489194	.2183277	.1327529	0
1011.15	0	.6483042	.2186335	.1330623	0
1010.15	0	.647692	.2189371	.1333709	0
1009.15	0	.6470826	.2192388	.1336787	0
1008.15	0	.646476	.2195383	.1339856	0
1007.15	0	.6458724	.2198359	.1342918	0
1006.15	0	.6452716	.2201313	.1345971	0
1005.15	0	.6446737	.2204248	.1349016	0
1004.15	0	.6440786	.2207162	.1352052	0
1003.15	0	.6434864	.2210055	.1355081	0
1002.15	0	.6428971	.2212928	.1358101	0
1001.15	0	.6423106	.2215782	.1361112	0
1000.15	0	.641727	.2218614	.1364116	0
999.15	0	.6411462	.2221427	.1367111	0
998.15	0	.6405683	.2224219	.1370098	0
997.15	0	.6399932	.2226992	.1373077	0
996.15	0	.6394209	.2229744	.1376047	0
995.15	0	.6388515	.2232476	.1379009	0
994.15	0	.6382849	.2235188	.1381963	0
993.15	0	.6377211	.2237881	.1384908	0
992.15	0	.6371601	.2240553	.1387846	0
991.15	0	.636602	.2243206	.1390774	0
990.15	0	.6360467	.2245839	.1393695	0
989.15	0	.6354941	.2248452	.1396607	0
988.15	0	.6349444	.2251045	.139951	0
987.15	0	.6343975	.2253619	.1402405	0
986.15	0	.6338534	.2256173	.1405292	0
985.15	0	.6333121	.2258708	.1408171	0
984.15	0	.6327736	.2261223	.1411041	0
983.15	0	.6322379	.2263719	.1413902	0
982.15	0	.6317049	.2266196	.1416755	0
981.15	0	.6311747	.2268653	.14196	0
980.15	0	.6306473	.2271091	.1422436	0
979.15	0	.6301226	.227351	.1425263	0
978.15	0	.6296007	.227591	.1428083	0
977.15	0	.6290816	.2278291	.1430893	0
976.15	0	.6285652	.2280653	.1433695	0
975.15	0	.6280515	.2282996	.1436489	0
974.15	0	.6275406	.2285321	.1439273	0
973.15	0	.6270324	.2287626	.144205	0
972.15	0	.626527	.2289913	.1444817	0
971.15	0	.6260242	.2292182	.1447576	0
970.15	0	.6255242	.2294432	.1450326	0
969.15	0	.6250269	.2296663	.1453068	0
968.15	0	.6245323	.2298877	.1455801	0
967.15	0	.6240403	.2301072	.1458525	0
966.15	0	.6235511	.2303249	.146124	0
965.15	0	.6230645	.2305408	.1463947	0
964.15	0	.6225807	.2307549	.1466645	0
963.15	0	.6220994	.2309672	.1469334	0
962.15	0	.6216209	.2311777	.1472014	0
961.15	0	.621145	.2313865	.1474685	0
960.15	0	.6206717	.2315935	.1477348	0
959.15	0	.6202011	.2317988	.1480001	0
958.15	0	.6197331	.2320023	.1482646	0
957.15	0	.6192677	.2322042	.1485281	0
956.15	0	.6188049	.2324043	.1487908	0
955.15	0	.6183448	.2326027	.1490526	0
954.15	0	.6178872	.2327994	.1493134	0
953.15	0	.6174322	.2329944	.1495733	0
952.15	0	.6169798	.2331878	.1498324	0
951.15	0	.61653	.2333796	.1500905	0
950.15	0	.6160827	.2335697	.1503477	0
949.15	0	.6156379	.2337581	.1506039	0
948.15	0	.6151957	.233945	.1508593	0
947.15	0	.6147561	.2341302	.1511137	0
946.15	0	.6143189	.2343139	.1513672	0
945.15	0	.6138842	.234496	.1516197	0
944.15	0	.6134521	.2346766	.1518714	0
943.15	0	.6130224	.2348556	.152122	0
942.15	0	.6125952	.2350331	.1523718	0
941.15	0	.6121704	.2352091	.1526205	0
940.15	0	.6117481	.2353835	.1528683	0
939.15	0	.6113283	.2355566	.1531152	0
938.15	0	.6109108	.2357281	.1533611	0
937.15	0	.6104958	.2358982	.153606	0
936.15	0	.6100831	.2360669	.15385	0
935.15	0	.6096729	.2362342	.154093	0
934.15	0	.609265	.2364001	.154335	0
933.15	0	.6088594	.2365646	.154576	0
932.15	0	.6084562	.2367277	.1548161	0
931.15	0	.6080553	.2368896	.1550551	0
930.15	0	.6076568	.2370501	.1552932	0
929.15	0	.6072605	.2372093	.1555302	0
928.15	0	.6068665	.2373673	.1557662	0
927.15	0	.6064748	.237524	.1560013	0
926.15	0	.6060853	.2376795	.1562353	0
925.15	0	.605698	.2378337	.1564683	0
924.15	0	.605313	.2379868	.1567002	0
923.15	0	.6049301	.2381387	.1569311	0
922.15	0	.6045494	.2382895	.157161	0
921.15	0	.6041709	.2384392	.1573899	0
920.15	0	.6037946	.2385878	.1576176	0
919.15	0	.6034203	.2387353	.1578444	0
918.15	0	.6030481	.2388818	.1580701	0
917.15	0	.6026781	.2390273	.1582947	0
916.15	0	.60231	.2391718	.1585182	0
915.15	0	.6019441	.2393153	.1587406	0
914.15	0	.6015801	.2394579	.158962	0
913.15	0	.6012181	.2395996	.1591823	0
912.15	0	.6008581	.2397404	.1594014	0
911.15	0	.6005001	.2398804	.1596195	0
910.15	0	.600144	.2400196	.1598364	0
909.15	0	.5997898	.240158	.1600523	0
908.15	0	.5994374	.2402956	.160267	0
907.15	0	.599087	.2404325	.1604805	0
906.15	0	.5987383	.2405687	.1606929	0
905.15	0	.5983915	.2407043	.1609042	0
904.15	0	.5980464	.2408393	.1611143	0
903.15	0	.5977031	.2409737	.1613233	0
902.15	0	.5973615	.2411075	.161531	0
901.15	0	.5970216	.2412408	.1617376	0
900.15	0	.5966834	.2413736	.161943	0
899.15	0	.5963468	.241506	.1621472	0
898.15	0	.5960118	.241638	.1623502	0
897.15	0	.5956784	.2417696	.162552	0
896.15	0	.5953466	.241901	.1627525	0
895.15	0	.5950162	.242032	.1629518	0
894.15	0	.5946873	.2421628	.1631499	0
893.15	0	.5943599	.2422934	.1633467	0
892.15	0	.5940339	.2424239	.1635422	0
891.15	0	.5937093	.2425542	.1637365	0
890.15	0	.593386	.2426845	.1639295	0
889.15	0	.5930641	.2428148	.1641211	0
888.15	0	.5927434	.2429451	.1643115	0
887.15	0	.592424	.2430755	.1645006	0
886.15	0	.5921057	.243206	.1646883	0
885.15	0	.5917886	.2433367	.1648747	0
884.15	0	.5914726	.2434676	.1650598	0
883.15	0	.5911577	.2435988	.1652434	0
882.15	0	.5908439	.2437304	.1654257	0
881.15	0	.590531	.2438623	.1656067	0
880.15	0	.5902191	.2439947	.1657862	0
879.15	0	.5899081	.2441277	.1659643	0
878.15	0	.5895979	.2442611	.1661409	0
877.15	0	.5892886	.2443952	.1663162	0
876.15	0	.58898	.24453	.1664899	0
875.15	0	.5886722	.2446656	.1666623	0
874.15	0	.588365	.2448019	.1668331	0
873.15	0	.5880585	.2449391	.1670024	0
872.15	0	.5877525	.2450773	.1671702	0
871.15	0	.587447	.2452165	.1673365	0
870.15	0	.587142	.2453568	.1675012	0
869.15	0	.5868374	.2454982	.1676644	0
868.15	0	.5865331	.2456409	.167826	0
867.15	0	.5862291	.2457849	.167986	0
866.15	0	.5859254	.2459303	.1681444	0
865.15	0	.5856218	.2460771	.1683011	0
864.15	0	.5853183	.2462255	.1684562	0
863.15	0	.5850149	.2463755	.1686096	0
862.15	0	.5847115	.2465272	.1687614	0
861.15	0	.5844079	.2466807	.1689114	0
860.15	0	.5841042	.2468361	.1690597	0
859.15	0	.5838003	.2469935	.1692062	0
858.15	0	.5834961	.247153	.169351	0
857.15	0	.5831915	.2473146	.1694939	0
856.15	0	.5828864	.2474785	.169635	0
855.15	0	.5825808	.2476449	.1697743	0
854.15	0	.5822746	.2478137	.1699117	0
853.15	0	.5819677	.2479851	.1700472	0
852.15	0	.5816601	.2481591	.1701808	0
851.15	0	.5813515	.2483361	.1703124	0
850.15	0	.581042	.248516	.170442	0
849.15	0	.5807315	.2486989	.1705697	0
848.15	0	.5804198	.248885	.1706952	0
847.15	0	.5801068	.2490745	.1708187	0
846.15	0	.5797925	.2492674	.1709401	0
845.15	0	.5794767	.249464	.1710593	0
844.15	0	.5791594	.2496643	.1711764	0
843.15	0	.5788404	.2498685	.1712912	0
842.15	0	.5785195	.2500767	.1714037	0
841.15	0	.5781968	.2502892	.171514	0
840.15	0	.577872	.2505061	.1716219	0
839.15	0	.577545	.2507276	.1717275	0
838.15	0	.5772157	.2509538	.1718306	0
837.15	0	.5768839	.2511849	.1719312	0
836.15	0	.5765495	.2514212	.1720293	0
835.15	0	.5762124	.2516628	.1721248	0
834.15	0	.5758723	.25191	.1722177	0
833.15	0	.5755291	.252163	.1723079	0
832.15	0	.5751827	.2524221	.1723953	0
831.15	0	.5748328	.2526874	.1724799	0
830.15	0	.5744792	.2529592	.1725616	0
829.15	0	.5741218	.2532379	.1726404	0
828.15	0	.5737603	.2535236	.1727161	0
827.15	0	.5733945	.2538168	.1727887	0
826.15	0	.5730241	.2541177	.1728582	0
825.15	0	.572649	.2544267	.1729243	0
824.15	0	.5722688	.2547441	.1729871	0
823.15	0	.5718833	.2550703	.1730464	0
822.15	0	.5714922	.2554057	.1731022	0
821.15	0	.5710951	.2557507	.1731542	0
820.15	0	.5706917	.2561058	.1732025	0
819.15	0	.5702817	.2564715	.1732468	0
818.15	0	.5698646	.2568484	.173287	0
817.15	0	.5694401	.2572368	.1733231	0
816.15	0	.5690077	.2576376	.1733548	0
815.15	0	.5685669	.2580512	.1733819	0
814.15	0	.5681172	.2584785	.1734043	0
813.15	0	.5676581	.2589201	.1734218	0
812.15	0	.5671889	.2593769	.1734342	0
811.15	0	.5667089	.2598498	.1734412	0
810.15	0	.5662176	.2603398	.1734426	0
809.15	0	.565714	.2608479	.1734382	0
808.15	0	.5651972	.2613753	.1734275	0
807.15	0	.5646664	.2619233	.1734103	0
806.15	0	.5641205	.2624934	.1733861	0
805.15	0	.5635582	.2630871	.1733547	0
804.15	0	.5629783	.2637062	.1733155	0
803.15	0	.5623792	.2643529	.173268	0
802.15	0	.5617592	.2650292	.1732116	0
801.15	0	.5611165	.2657379	.1731456	0
800.15	0	.5604487	.2664819	.1730694	0
799.15	0	.5592129	.267962	.1728251	0
798.15	0	.557805	.2696703	.1725247	0
797.15	0	.5565193	.2712275	.1722532	0
796.15	0	.5553374	.2726565	.172006	0
795.15	0	.5542451	.2739754	.1717795	0
794.15	0	.5532309	.2751984	.1715707	0
793.15	0	.5522858	.2763369	.1713774	0
792.15	0	.551402	.2774005	.1711976	0
791.15	0	.5505731	.2783971	.1710298	0
790.15	0	.5497938	.2793335	.1708726	0
789.15	0	.5490595	.2802154	.1707251	0
788.15	0	.548366	.2810478	.1705861	0
787.15	0	.5477127	.281833	.1704543	0
786.15	0	.5470909	.2825789	.1703303	0
785.15	0	.5465008	.2832866	.1702127	0
784.15	0	.5459399	.2839591	.170101	0
783.15	0	.5454063	.284599	.1699947	0
782.15	0	.5448979	.2852087	.1698934	0
781.15	0	.544413	.2857903	.1697967	0
780.15	0	.5439501	.2863457	.1697043	0
779.15	0	.5435077	.2868765	.1696157	0
778.15	0	.5430846	.2873845	.1695309	0
777.15	0	.5426796	.287871	.1694494	0
776.15	0	.5422915	.2883374	.1693711	0
775.15	0	.5419194	.2887848	.1692958	0
774.15	0	.5415624	.2892144	.1692232	0
773.15	0	.5412196	.2896271	.1691533	0
772.15	0	.5408903	.290024	.1690857	0
771.15	0	.5405737	.2904059	.1690204	0
770.15	0	.5402691	.2907736	.1689573	0
769.15	0	.5399759	.2911279	.1688962	0
768.15	0	.5396936	.2914694	.168837	0
767.15	0	.5394216	.2917989	.1687795	0
766.15	0	.5391593	.2921169	.1687238	0
765.15	0	.5389064	.292424	.1686696	0
764.15	0	.5386623	.2927208	.168617	0
763.15	0	.5384266	.2930077	.1685657	0
762.15	0	.5381989	.2932852	.1685158	0
761.15	0	.537979	.2935539	.1684672	0
760.15	0	.5377663	.293814	.1684197	0
759.15	0	.5375606	.2940659	.1683734	0
758.15	0	.5373616	.2943102	.1683282	0
757.15	0	.537169	.294547	.168284	0
756.15	0	.5369824	.2947768	.1682408	0
755.15	0	.5368017	.2949998	.1681985	0
754.15	0	.5366266	.2952163	.1681571	0
753.15	0	.5364568	.2954267	.1681165	0
752.15	0	.5362921	.2956312	.1680767	0
751.15	0	.5361324	.29583	.1680377	0
750.15	0	.5359773	.2960233	.1679994	0
749.15	0	.5358268	.2962115	.1679617	0
748.15	0	.5356805	.2963947	.1679247	0
747.15	0	.5355385	.2965732	.1678884	0
746.15	0	.5354004	.296747	.1678526	0
745.15	0	.5352662	.2969165	.1678173	0
744.15	0	.5351356	.2970818	.1677826	0
743.15	0	.5350086	.297243	.1677484	0
742.15	0	.5348849	.2974004	.1677147	0
741.15	0	.5347646	.297554	.1676814	0
740.15	0	.5346474	.2977041	.1676486	0
739.15	0	.5345332	.2978507	.1676162	0
738.15	0	.5344219	.297994	.1675842	0
737.15	0	.5343134	.2981341	.1675525	0
736.15	0	.5342075	.2982712	.1675212	0
735.15	0	.5341043	.2984054	.1674903	0
734.15	0	.5340036	.2985367	.1674597	0
733.15	0	.5339053	.2986653	.1674294	0
732.15	0	.5338093	.2987913	.1673994	0
731.15	0	.5337156	.2989148	.1673696	0
730.15	0	.5336239	.2990359	.1673402	0
729.15	0	.5335344	.2991546	.167311	0
728.15	0	.5334469	.2992711	.167282	0
727.15	0	.5333612	.2993855	.1672533	0
726.15	0	.5332775	.2994978	.1672247	0
725.15	0	.5331955	.2996081	.1671964	0
724.15	0	.5331153	.2997164	.1671683	0
723.15	0	.5330367	.2998229	.1671404	0
722.15	0	.5329598	.2999276	.1671126	0
721.15	0	.5328844	.3000306	.167085	0
720.15	0	.5328105	.300132	.1670576	0
719.15	0	.532738	.3002317	.1670303	0
718.15	0	.5326669	.3003299	.1670032	0
717.15	0	.5325972	.3004266	.1669762	0
716.15	0	.5325288	.3005219	.1669493	0
715.15	0	.5324617	.3006158	.1669226	0
714.15	0	.5323957	.3007084	.1668959	0
713.15	0	.532331	.3007997	.1668694	0
712.15	0	.5322673	.3008897	.166843	0
711.15	0	.5322048	.3009786	.1668166	0
710.15	0	.5321433	.3010663	.1667904	0
709.15	0	.5320829	.301153	.1667642	0
708.15	0	.5320234	.3012385	.1667381	0
707.15	0	.5319649	.301323	.1667121	0
706.15	0	.5319073	.3014066	.1666861	0
705.15	0	.5318506	.3014892	.1666603	0
704.15	0	.5317947	.3015708	.1666344	0
703.15	0	.5317398	.3016516	.1666087	0
702.15	0	.5316856	.3017315	.1665829	0
701.15	0	.5316321	.3018106	.1665573	0
700.15	0	.5315795	.3018889	.1665316	0
699.15	0	.5315275	.3019665	.166506	0
698.15	0	.5314763	.3020432	.1664805	0
697.15	0	.5314257	.3021193	.1664549	0
696.15	0	.5313758	.3021947	.1664294	0
695.15	0	.5313266	.3022695	.166404	0
694.15	0	.5312779	.3023436	.1663785	0
693.15	0	.5312299	.302417	.1663531	0
692.15	0	.5311824	.3024899	.1663277	0
691.15	0	.5311355	.3025622	.1663022	0
690.15	0	.5310891	.302634	.1662769	0
689.15	0	.5310433	.3027052	.1662515	0
688.15	0	.5309979	.302776	.1662261	0
687.15	0	.5309531	.3028462	.1662007	0
686.15	0	.5309087	.302916	.1661754	0
685.15	0	.5308648	.3029853	.16615	0
684.15	0	.5308213	.3030541	.1661246	0
683.15	0	.5307782	.3031226	.1660992	0
682.15	0	.5307356	.3031906	.1660739	0
681.15	0	.5306933	.3032582	.1660485	0
680.15	0	.5306514	.3033255	.1660231	0
679.15	0	.53061	.3033924	.1659977	0
678.15	0	.5305688	.3034589	.1659722	0
677.15	0	.5305281	.3035251	.1659468	0
676.15	0	.5304876	.303591	.1659214	0
675.15	0	.5304475	.3036566	.1658959	0
674.15	0	.5304077	.3037219	.1658704	0
673.15	0	.5303682	.3037869	.1658449	0
672.15	0	.5303291	.3038516	.1658194	0
671.15	0	.5302902	.303916	.1657939	0
670.15	0	.5302515	.3039802	.1657683	0
669.15	0	.5302132	.3040441	.1657427	0
668.15	0	.5301751	.3041078	.1657171	0
667.15	0	.5301373	.3041713	.1656915	0
666.15	0	.5300997	.3042346	.1656658	0
665.15	0	.5300623	.3042976	.1656401	0
664.15	0	.5300252	.3043604	.1656144	0
663.15	0	.5299883	.3044231	.1655887	0
662.15	0	.5299516	.3044856	.1655629	0
661.15	0	.5299151	.3045478	.1655371	0
660.15	0	.5298788	.30461	.1655113	0
659.15	0	.5298427	.3046719	.1654854	0
658.15	0	.5298068	.3047337	.1654595	0
657.15	0	.5297711	.3047954	.1654336	0
656.15	0	.5297355	.3048569	.1654076	0
655.15	0	.5297001	.3049182	.1653817	0
654.15	0	.5296649	.3049795	.1653556	0
653.15	0	.5296298	.3050406	.1653296	0
652.15	0	.5295949	.3051016	.1653035	0
651.15	0	.5295602	.3051625	.1652774	0
650.15	0	.5295256	.3052232	.1652512	0
649.15	0	.5294911	.3052839	.1652251	0
648.15	0	.5294567	.3053444	.1651988	0
647.15	0	.5294225	.3054049	.1651726	0
646.15	0	.5293884	.3054653	.1651463	0
645.15	0	.5293545	.3055256	.16512	0
644.15	0	.5293206	.3055858	.1650936	0
643.15	0	.5292869	.3056459	.1650672	0
642.15	0	.5292533	.3057059	.1650408	0
641.15	0	.5292198	.3057659	.1650143	0
640.15	0	.5291864	.3058258	.1649878	0
639.15	0	.529153	.3058857	.1649613	0
638.15	0	.5291198	.3059454	.1649347	0
637.15	0	.5290867	.3060052	.1649081	0
636.15	0	.5290537	.3060648	.1648815	0
635.15	0	.5290207	.3061244	.1648548	0
634.15	0	.5289879	.306184	.1648281	0
633.15	0	.5289551	.3062435	.1648014	0
632.15	0	.5289224	.306303	.1647746	0
631.15	0	.5288898	.3063624	.1647478	0
630.15	0	.5288572	.3064218	.164721	0
629.15	0	.5288247	.3064812	.1646941	0
628.15	0	.5287923	.3065405	.1646672	0
627.15	0	.52876	.3065998	.1646402	0
626.15	0	.5287277	.306659	.1646133	0
625.15	0	.5286955	.3067183	.1645862	0
624.15	0	.5286634	.3067774	.1645592	0
623.15	0	.5286313	.3068366	.1645321	0
622.15	0	.5285992	.3068957	.164505	0
621.15	0	.5285673	.3069549	.1644779	0
620.15	0	.5285354	.3070139	.1644507	0
619.15	0	.5285035	.307073	.1644235	0
618.15	0	.5284717	.3071321	.1643963	0
617.15	0	.5284399	.3071911	.164369	0
616.15	0	.5284082	.3072501	.1643417	0
615.15	0	.5283765	.3073091	.1643143	0
614.15	0	.5283449	.3073681	.164287	0
613.15	0	.5283133	.3074271	.1642596	0
612.15	0	.5282818	.3074861	.1642322	0
611.15	0	.5282503	.307545	.1642047	0
610.15	0	.5282188	.3076039	.1641773	0
609.15	0	.5281874	.3076629	.1641498	0
608.15	0	.528156	.3077218	.1641222	0
607.15	0	.5281247	.3077807	.1640947	0
606.15	0	.5280934	.3078396	.1640671	0
605.15	0	.5280621	.3078984	.1640395	0
604.15	0	.5280309	.3079573	.1640118	0
603.15	0	.5279997	.3080162	.1639842	0
602.15	0	.5279685	.308075	.1639565	0
601.15	0	.5279373	.3081339	.1639288	0
600.15	0	.5279062	.3081927	.163901	0
599.15	0	.5278752	.3082516	.1638733	0
598.15	0	.5278441	.3083104	.1638455	0
597.15	0	.5278131	.3083692	.1638177	0
596.15	0	.5277821	.308428	.1637899	0
595.15	0	.5277512	.3084868	.163762	0
594.15	0	.5277202	.3085456	.1637341	0
593.15	0	.5276893	.3086044	.1637062	0
592.15	0	.5276584	.3086632	.1636783	0
591.15	0	.5276276	.308722	.1636504	0
590.15	0	.5275968	.3087808	.1636225	0
589.15	0	.527566	.3088396	.1635945	0
588.15	0	.5275352	.3088983	.1635665	0
587.15	0	.5275045	.3089571	.1635385	0
586.15	0	.5274737	.3090158	.1635105	0
585.15	0	.527443	.3090746	.1634824	0
584.15	0	.5274124	.3091333	.1634544	0
583.15	0	.5273817	.309192	.1634263	0
582.15	0	.5273511	.3092507	.1633982	0
581.15	0	.5273205	.3093094	.1633701	0
580.15	0	.5272899	.3093681	.163342	0
579.15	0	.5272594	.3094268	.1633139	0
578.15	0	.5272288	.3094855	.1632857	0
577.15	0	.5271983	.3095441	.1632576	0
576.15	0	.5271678	.3096028	.1632294	0
575.15	0	.5271374	.3096614	.1632012	0
574.15	0	.5271069	.30972	.163173	0
573.15	0	.5270765	.3097786	.1631448	0
572.15	0	.5270461	.3098372	.1631166	0
571.15	0	.5270158	.3098958	.1630884	0
570.15	0	.5269854	.3099544	.1630602	0
569.15	0	.5269551	.3100129	.163032	0
568.15	0	.5269248	.3100715	.1630037	0
567.15	0	.5268945	.31013	.1629755	0
566.15	0	.5268643	.3101885	.1629472	0
565.15	0	.526834	.310247	.162919	0
564.15	0	.5268038	.3103054	.1628907	0
563.15	0	.5267736	.3103639	.1628625	0
562.15	0	.5267435	.3104223	.1628342	0
561.15	0	.5267133	.3104807	.162806	0
560.15	0	.5266832	.3105391	.1627777	0
559.15	0	.5266531	.3105974	.1627494	0
558.15	0	.5266231	.3106558	.1627212	0
557.15	0	.526593	.3107141	.1626929	0
556.15	0	.526563	.3107724	.1626646	0
555.15	0	.526533	.3108306	.1626364	0
554.15	0	.526503	.3108889	.1626081	0
553.15	0	.5264731	.3109471	.1625798	0
552.15	0	.5264432	.3110052	.1625516	0
551.15	0	.5264133	.3110634	.1625233	0
550.15	0	.5263834	.3111215	.1624951	0
549.15	0	.5263536	.3111796	.1624668	0
548.15	0	.5263238	.3112376	.1624386	0
547.15	0	.526294	.3112956	.1624103	0
546.15	0	.5262643	.3113536	.1623821	0
545.15	0	.5262345	.3114116	.1623539	0
544.15	0	.5262048	.3114695	.1623257	0
543.15	0	.5261752	.3115273	.1622975	0
542.15	0	.5261455	.3115852	.1622693	0
541.15	0	.5261159	.311643	.1622411	0
540.15	0	.5260863	.3117007	.162213	0
539.15	0	.5260567	.3117585	.1621848	0
538.15	0	.5260272	.3118161	.1621567	0
537.15	0	.5259977	.3118738	.1621285	0
536.15	0	.5259683	.3119314	.1621004	0
535.15	0	.5259388	.3119889	.1620723	0
534.15	0	.5259094	.3120464	.1620442	0
533.15	0	.52588	.3121038	.1620161	0
532.15	0	.5258507	.3121612	.1619881	0
531.15	0	.5258214	.3122186	.16196	0
530.15	0	.5257921	.3122759	.161932	0
529.15	0	.5257629	.3123331	.161904	0
528.15	0	.5257337	.3123903	.161876	0
527.15	0	.5257047	.3124475	.1618479	0
526.15	0	.5256755	.3125046	.1618199	0
525.15	0	.5256464	.3125616	.161792	0
524.15	0	.5256173	.3126186	.1617641	0
523.15	0	.5255883	.3126755	.1617362	0
522.15	0	.5255593	.3127323	.1617084	0
521.15	0	.5255303	.3127892	.1616805	0
520.15	0	.5255014	.3128459	.1616527	0
519.15	0	.5254725	.3129026	.1616249	0
518.15	0	.5254437	.3129592	.1615972	0
517.15	0	.5254149	.3130157	.1615694	0
516.15	0	.5253861	.3130722	.1615417	0
515.15	0	.5253573	.3131287	.161514	0
514.15	0	.5253286	.313185	.1614864	0
513.15	0	.5253	.3132413	.1614587	0
512.15	0	.5252714	.3132975	.1614311	0
511.15	0	.5252428	.3133537	.1614036	0
510.15	0	.5252142	.3134097	.161376	0
509.15	0	.5251858	.3134657	.1613485	0
508.15	0	.5251573	.3135216	.161321	0
507.15	0	.5251289	.3135775	.1612936	0
506.15	0	.5251005	.3136333	.1612662	0
505.15	0	.5250722	.313689	.1612388	0
504.15	0	.5250439	.3137446	.1612115	0
503.15	0	.5250157	.3138001	.1611842	0
502.15	0	.5249875	.3138556	.1611569	0
501.15	0	.5249593	.313911	.1611297	0
500.15	0	.5249312	.3139663	.1611025	0
499.15	0	.5249032	.3140215	.1610753	0
498.15	0	.5248752	.3140766	.1610482	0
497.15	0	.5248472	.3141317	.1610211	0
496.15	0	.5248193	.3141866	.1609941	0
495.15	0	.5247914	.3142415	.1609671	0
494.15	0	.5247636	.3142962	.1609401	0
493.15	0	.5247359	.3143509	.1609132	0
492.15	0	.5247081	.3144055	.1608863	0
491.15	0	.5246804	.31446	.1608595	0
490.15	0	.5246528	.3145144	.1608327	0
489.15	0	.5246253	.3145688	.160806	0
488.15	0	.5245977	.314623	.1607793	0
487.15	0	.5245703	.3146771	.1607526	0
486.15	0	.5245429	.3147311	.160726	0
485.15	0	.5245155	.314785	.1606995	0
484.15	0	.5244882	.3148389	.160673	0
483.15	0	.5244609	.3148926	.1606465	0
482.15	0	.5244337	.3149462	.1606201	0
481.15	0	.5244066	.3149997	.1605937	0
480.15	0	.5243795	.3150531	.1605674	0
479.15	0	.5243524	.3151064	.1605412	0
478.15	0	.5243255	.3151596	.1605149	0
477.15	0	.5242985	.3152127	.1604888	0
476.15	0	.5242717	.3152657	.1604627	0
475.15	0	.5242448	.3153185	.1604366	0
474.15	0	.5242181	.3153713	.1604106	0
473.15	0	.5241914	.3154239	.1603847	0
472.15	0	.5241648	.3154765	.1603588	0
471.15	0	.5241382	.3155289	.160333	0
470.15	0	.5241116	.3155812	.1603072	0
469.15	0	.5240852	.3156334	.1602815	0
468.15	0	.5240588	.3156854	.1602558	0
467.15	0	.5240324	.3157374	.1602302	0
466.15	0	.5240062	.3157892	.1602046	0
465.15	0	.5239799	.3158409	.1601792	0
464.15	0	.5239538	.3158925	.1601537	0
463.15	0	.5239277	.315944	.1601284	0
462.15	0	.5239016	.3159953	.1601031	0
461.15	0	.5238757	.3160465	.1600778	0
460.15	0	.5238498	.3160976	.1600526	0
459.15	0	.5238239	.3161485	.1600275	0
458.15	0	.5237982	.3161994	.1600025	0
457.15	0	.5237724	.3162501	.1599775	0
456.15	0	.5237468	.3163006	.1599526	0
455.15	0	.5237212	.3163511	.1599277	0
454.15	0	.5236957	.3164014	.1599029	0
453.15	0	.5236703	.3164516	.1598782	0
452.15	0	.5236449	.3165016	.1598535	0
451.15	0	.5236196	.3165515	.1598289	0
450.15	0	.5235943	.3166013	.1598044	0
449.15	0	.5235692	.3166509	.15978	0
448.15	0	.5235441	.3167003	.1597556	0
447.15	0	.5235191	.3167496	.1597313	0
446.15	0	.5234942	.3167987	.1597071	0
445.15	0	.5234694	.3168477	.159683	0
444.15	0	.5234446	.3168965	.1596589	0
443.15	0	.52342	.3169451	.1596349	0
442.15	0	.5233954	.3169936	.159611	0
441.15	0	.5233709	.3170419	.1595872	0
440.15	0	.5233466	.31709	.1595635	0
439.15	0	.5233223	.3171379	.1595399	0
438.15	0	.5232981	.3171856	.1595163	0
437.15	0	.523274	.3172331	.1594929	0
436.15	0	.5232501	.3172804	.1594695	0
435.15	0	.5232262	.3173276	.1594462	0
434.15	0	.5232025	.3173745	.159423	0
433.15	0	.5231789	.3174212	.1594	0
432.15	0	.5231554	.3174677	.159377	0
431.15	0	.523132	.3175139	.1593541	0
430.15	0	.5231087	.31756	.1593313	0
429.15	0	.5230855	.3176058	.1593086	0
428.15	0	.5230625	.3176514	.1592861	0
427.15	0	.5230396	.3176968	.1592636	0
426.15	0	.5230168	.317742	.1592412	0
425.15	0	.5229942	.3177869	.1592189	0
424.15	0	.5229716	.3178316	.1591968	0
423.15	0	.5229492	.3178761	.1591747	0
422.15	0	.5229269	.3179203	.1591528	0
421.15	0	.5229048	.3179643	.1591309	0
420.15	0	.5228828	.318008	.1591092	0
419.15	0	.5228609	.3180515	.1590876	0
418.15	0	.5228391	.3180948	.1590661	0
417.15	0	.5228175	.3181378	.1590447	0
416.15	0	.522796	.3181806	.1590234	0
415.15	0	.5227747	.3182231	.1590023	0
414.15	0	.5227534	.3182654	.1589812	0
413.15	0	.5227323	.3183074	.1589603	0
412.15	0	.5227114	.3183492	.1589394	0
411.15	0	.5226905	.3183908	.1589187	0
