T	 BPW(LIQUID)	BPW(BCC_A2)	BPW(FCC_A1)	BPW(LAVES_PHASE_C14)	BPW(NI3TI)
1473.15	.01339161	.9639144	.02269396	0	0
1472.15	.009857013	.961282	.02886097	0	0
1471.15	.006326906	.9586635	.03500962	0	0
1470.15	.002801161	.9560588	.04114008	0	0
1469.355	0	.9539969	.04600307	0	0
1469.355	0	.9539969	.04600307	0	0
1469.15	0	.9535475	.0464525	0	0
1468.15	0	.9513553	.04864473	0	0
1467.15	0	.9491694	.05083061	0	0
1466.15	0	.9469899	.05301014	0	0
1465.15	0	.9448167	.05518332	0	0
1464.15	0	.9426498	.05735019	0	0
1463.15	0	.9404893	.05951073	0	0
1462.15	0	.938335	.06166496	0	0
1461.15	0	.9361871	.06381289	0	0
1460.15	0	.9340455	.06595453	0	0
1459.15	0	.9319101	.06808989	0	0
1458.15	0	.929781	.07021897	0	0
1457.15	0	.9276582	.0723418	0	0
1456.15	0	.9255416	.07445836	0	0
1455.15	0	.9234313	.07656869	0	0
1454.15	0	.9213272	.07867277	0	0
1453.15	0	.9192294	.08077063	0	0
1452.15	0	.9171377	.08286227	0	0
1451.15	0	.9150523	.0849477	0	0
1450.15	0	.9129731	.08702693	0	0
1449.15	0	.9109	.08909996	0	0
1448.15	0	.9088332	.09116681	0	0
1447.15	0	.9067725	.09322749	0	0
1446.15	0	.904718	.095282	0	0
1445.15	0	.9026696	.09733035	0	0
1444.15	0	.9006274	.09937255	0	0
1443.359	0	.899016	.100984	0	0
1443.359	0	.899016	.100984	0	0
1443.359	0	.899016	.100984	0	0
1443.15	0	.8982261	.1016157	1.582841E-04	0
1442.15	0	.8944491	.1046363	9.146021E-04	0
1441.15	0	.8906827	.1076492	.001668054	0
1440.15	0	.8869268	.1106545	.002418655	0
1439.15	0	.8831815	.1136521	.003166415	0
1438.15	0	.8794466	.1166421	.00391135	0
1437.15	0	.8757221	.1196244	.004653471	0
1436.15	0	.8720081	.1225991	.005392791	0
1435.15	0	.8683045	.1255662	.006129324	0
1434.15	0	.8646113	.1285257	.006863081	0
1433.15	0	.8609284	.1314775	.007594076	0
1432.15	0	.8572559	.1344218	.008322321	0
1431.15	0	.8535937	.1373585	.009047829	0
1430.15	0	.8499418	.1402876	.009770611	0
1429.15	0	.8463001	.1432092	.01049068	0
1428.15	0	.8426688	.1461232	.01120805	0
1427.15	0	.8390476	.1490297	.01192273	0
1426.15	0	.8354367	.1519286	.01263473	0
1425.15	0	.8318359	.15482	.01334407	0
1424.15	0	.8282454	.1577039	.01405076	0
1423.15	0	.824665	.1605802	.0147548	0
1422.15	0	.8210947	.1634491	.01545622	0
1421.15	0	.8175346	.1663104	.01615502	0
1420.15	0	.8139845	.1691643	.01685122	0
1419.15	0	.8104445	.1720107	.01754481	0
1418.15	0	.8069146	.1748496	.01823583	0
1417.15	0	.8033947	.1776811	.01892428	0
1416.15	0	.7998848	.1805051	.01961016	0
1415.15	0	.7963849	.1833216	.0202935	0
1414.15	0	.792895	.1861307	.0209743	0
1413.15	0	.7894151	.1889324	.02165257	0
1412.15	0	.7859451	.1917266	.02232833	0
1411.15	0	.782485	.1945134	.02300159	0
1410.15	0	.7790349	.1972928	.02367235	0
1409.15	0	.7755946	.2000648	.02434062	0
1408.15	0	.7721642	.2028294	.02500643	0
1407.15	0	.7687437	.2055865	.02566977	0
1406.15	0	.765333	.2083363	.02633067	0
1405.15	0	.7619322	.2110787	.02698912	0
1404.15	0	.7585411	.2138137	.02764515	0
1403.15	0	.7551599	.2165414	.02829876	0
1402.15	0	.7517884	.2192616	.02894996	0
1401.15	0	.7484267	.2219745	.02959876	0
1400.15	0	.7450748	.2246801	.03024517	0
1399.15	0	.7417326	.2273782	.0308892	0
1398.15	0	.7384001	.2300691	.03153087	0
1397.15	0	.7350773	.2327526	.03217018	0
1396.15	0	.7317642	.2354287	.03280714	0
1395.15	0	.7284607	.2380975	.03344177	0
1394.15	0	.725167	.240759	.03407407	0
1393.15	0	.7218828	.2434131	.03470405	0
1392.15	0	.7186083	.2460599	.03533172	0
1391.15	0	.7153435	.2486994	.03595709	0
1390.15	0	.7120882	.2513316	.03658018	0
1389.15	0	.7088425	.2539565	.03720099	0
1388.15	0	.7056065	.256574	.03781952	0
1387.15	0	.70238	.2591843	.0384358	0
1386.15	0	.699163	.2617872	.03904983	0
1385.15	0	.6959556	.2643828	.03966161	0
1384.15	0	.6927577	.2669711	.04027116	0
1383.15	0	.6895693	.2695522	.0408785	0
1382.15	0	.6863905	.2721259	.04148361	0
1381.15	0	.6832212	.2746923	.04208653	0
1380.15	0	.6800613	.2772515	.04268725	0
1379.15	0	.6769109	.2798033	.04328578	0
1378.15	0	.67377	.2823479	.04388213	0
1377.15	0	.6706385	.2848851	.04447632	0
1376.15	0	.6675165	.2874151	.04506834	0
1375.15	0	.664404	.2899378	.04565822	0
1374.15	0	.6613008	.2924532	.04624595	0
1373.15	0	.6582071	.2949614	.04683155	0
1372.15	0	.6551228	.2974622	.04741503	0
1371.15	0	.6520478	.2999558	.04799639	0
1370.15	0	.6489823	.3024421	.04857564	0
1369.15	0	.6459262	.304921	.0491528	0
1368.15	0	.6428794	.3073927	.04972786	0
1367.15	0	.639842	.3098572	.05030084	0
1366.15	0	.636814	.3123143	.05087174	0
1365.15	0	.6337953	.3147642	.05144059	0
1364.15	0	.6307859	.3172067	.05200737	0
1363.15	0	.6277859	.319642	.0525721	0
1362.15	0	.6247952	.32207	.0531348	0
1361.15	0	.6218139	.3244907	.05369546	0
1360.15	0	.6188418	.3269041	.05425409	0
1359.15	0	.6158791	.3293102	.05481071	0
1358.15	0	.6129257	.331709	.05536532	0
1357.15	0	.6099816	.3341005	.05591793	0
1356.15	0	.6070468	.3364847	.05646854	0
1355.15	0	.6041212	.3388616	.05701717	0
1354.15	0	.601205	.3412312	.05756382	0
1353.15	0	.598298	.3435935	.0581085	0
1352.15	0	.5954004	.3459484	.05865122	0
1351.15	0	.5925119	.3482961	.05919198	0
1350.15	0	.5896328	.3506364	.0597308	0
1349.15	0	.5867629	.3529694	.06026767	0
1348.15	0	.5839023	.3552951	.06080262	0
1347.15	0	.581051	.3576134	.06133564	0
1346.15	0	.5782089	.3599244	.06186674	0
1345.15	0	.575376	.3622281	.06239592	0
1344.15	0	.5725524	.3645244	.06292321	0
1343.15	0	.5697381	.3668133	.0634486	0
1342.15	0	.566933	.3690949	.0639721	0
1341.15	0	.5641371	.3713691	.06449372	0
1340.15	0	.5613505	.373636	.06501347	0
1339.15	0	.5585732	.3758955	.06553135	0
1338.15	0	.5558051	.3781475	.06604737	0
1337.15	0	.5530462	.3803923	.06656153	0
1336.15	0	.5502966	.3826296	.06707385	0
1335.15	0	.5475562	.3848594	.06758433	0
1334.15	0	.5448251	.3870819	.06809297	0
1333.15	0	.5421032	.389297	.06859979	0
1332.15	0	.5393906	.3915047	.06910479	0
1331.15	0	.5366872	.3937048	.06960798	0
1330.15	0	.533993	.3958976	.07010936	0
1329.15	0	.5313081	.3980829	.07060894	0
1328.15	0	.5286325	.4002608	.07110672	0
1327.15	0	.5259661	.4024312	.07160273	0
1326.15	0	.523309	.4045941	.07209695	0
1325.15	0	.5206611	.4067495	.0725894	0
1324.15	0	.5180225	.4088974	.07308008	0
1323.15	0	.5153932	.4110378	.073569	0
1322.15	0	.5127732	.4131707	.07405617	0
1321.15	0	.5101624	.415296	.07454159	0
1320.15	0	.5075609	.4174139	.07502527	0
1319.15	0	.5049687	.4195241	.07550721	0
1318.15	0	.5023857	.4216268	.07598742	0
1317.15	0	.4998121	.423722	.07646591	0
1316.15	0	.4972478	.4258095	.07694269	0
1315.15	0	.4946928	.4278895	.07741775	0
1314.15	0	.4921471	.4299618	.07789111	0
1313.15	0	.4896107	.4320266	.07836277	0
1312.15	0	.4870836	.4340836	.07883274	0
1311.15	0	.4845659	.4361331	.07930101	0
1310.15	0	.4820575	.4381749	.07976761	0
1309.15	0	.4795585	.440209	.08023253	0
1308.15	0	.4770688	.4422354	.08069579	0
1307.15	0	.4745885	.4442541	.08115738	0
1306.15	0	.4721176	.4462651	.08161731	0
1305.15	0	.4696561	.4482684	.08207559	0
1304.15	0	.4672039	.4502639	.08253222	0
1303.15	0	.4647612	.4522516	.08298722	0
1302.15	0	.4623278	.4542316	.08344057	0
1301.15	0	.4599039	.4562038	.0838923	0
1300.15	0	.4574895	.4581682	.0843424	0
1299.15	0	.4550844	.4601247	.08479089	0
1298.15	0	.4526889	.4620734	.08523776	0
1297.15	0	.4503028	.4640142	.08568302	0
1296.15	0	.4479261	.4659472	.08612669	0
1295.15	0	.445559	.4678723	.08656875	0
1294.15	0	.4432014	.4697894	.08700922	0
1293.15	0	.4408533	.4716986	.08744811	0
1292.15	0	.4385147	.4735999	.08788541	0
1291.15	0	.4361857	.4754932	.08832114	0
1290.15	0	.4338662	.4773785	.0887553	0
1289.15	0	.4315563	.4792558	.08918789	0
1288.15	0	.429256	.4811251	.08961893	0
1287.15	0	.4269653	.4829863	.0900484	0
1286.15	0	.4246842	.4848394	.09047633	0
1285.15	0	.4224128	.4866845	.09090271	0
1284.15	0	.420151	.4885214	.09132755	0
1283.15	0	.4178989	.4903503	.09175086	0
1282.15	0	.4156564	.4921709	.09217263	0
1281.15	0	.4134237	.4939834	.09259288	0
1280.15	0	.4112007	.4957877	.09301161	0
1279.15	0	.4089874	.4975838	.09342883	0
1278.15	0	.4067839	.4993716	.09384453	0
1277.15	0	.4045902	.5011511	.09425873	0
1276.15	0	.4024062	.5029224	.09467143	0
1275.15	0	.4002321	.5046853	.09508263	0
1274.15	0	.3980678	.5064399	.09549233	0
1273.15	0	.3959133	.5081862	.09590055	0
1272.15	0	.3937687	.509924	.09630729	0
1271.15	0	.391634	.5116534	.09671255	0
1270.15	0	.3895093	.5133744	.09711634	0
1269.15	0	.3873944	.5150869	.09751866	0
1268.15	0	.3852896	.5167909	.09791951	0
1267.15	0	.3831947	.5184864	.09831891	0
1266.15	0	.3811098	.5201734	.09871685	0
1265.15	0	.3790349	.5218517	.09911334	0
1264.15	0	.3769701	.5235215	.09950838	0
1263.15	0	.3749154	.5251826	.09990198	0
1262.15	0	.3728708	.5268351	.1002941	0
1261.15	0	.3708363	.5284788	.1006849	0
1260.15	0	.3688119	.5301139	.1010742	0
1259.15	0	.3667978	.5317402	.101462	0
1258.15	0	.3647938	.5333577	.1018485	0
1257.15	0	.3628	.5349664	.1022336	0
1256.15	0	.3608166	.5365663	.1026172	0
1255.15	0	.3588433	.5381573	.1029994	0
1254.15	0	.3568804	.5397393	.1033802	0
1253.15	0	.3549279	.5413125	.1037596	0
1252.15	0	.3529857	.5428767	.1041377	0
1251.15	0	.3510539	.5444318	.1045143	0
1250.15	0	.3491325	.545978	.1048895	0
1249.15	0	.3472216	.547515	.1052634	0
1248.15	0	.3453211	.549043	.1056359	0
1247.15	0	.3434312	.5505618	.106007	0
1246.15	0	.3415518	.5520715	.1063767	0
1245.15	0	.339683	.5535719	.1067451	0
1244.15	0	.3378248	.5550631	.1071121	0
1243.15	0	.3359772	.556545	.1074778	0
1242.15	0	.3341403	.5580176	.1078421	0
1241.15	0	.3323141	.5594809	.108205	0
1240.15	0	.3304987	.5609347	.1085666	0
1239.15	0	.328694	.5623792	.1089269	0
1238.15	0	.3269001	.5638141	.1092858	0
1237.15	0	.3251171	.5652396	.1096433	0
1236.15	0	.3233449	.5666555	.1099996	0
1235.15	0	.3215837	.5680618	.1103545	0
1234.15	0	.3198333	.5694586	.1107081	0
1233.15	0	.318094	.5708456	.1110604	0
1232.15	0	.3163657	.572223	.1114113	0
1231.15	0	.3146484	.5735906	.111761	0
1230.15	0	.3129423	.5749484	.1121093	0
1229.15	0	.3112472	.5762965	.1124563	0
1228.15	0	.3095634	.5776346	.112802	0
1227.15	0	.3078907	.5789629	.1131465	0
1226.15	0	.3062293	.5802812	.1134896	0
1225.15	0	.3045791	.5815894	.1138314	0
1224.15	0	.3029403	.5828877	.114172	0
1223.15	0	.3013129	.5841759	.1145112	0
1222.15	0	.2996968	.585454	.1148492	0
1221.15	0	.2980922	.5867219	.1151859	0
1220.15	0	.2964991	.5879795	.1155213	0
1219.15	0	.2949176	.589227	.1158555	0
1218.15	0	.2933475	.5904641	.1161884	0
1217.15	0	.2917891	.5916909	.11652	0
1216.15	0	.2902424	.5929072	.1168504	0
1215.15	0	.2887074	.5941132	.1171795	0
1214.15	0	.2871841	.5953086	.1175073	0
1213.15	0	.2856726	.5964935	.1178339	0
1212.15	0	.2841729	.5976678	.1181593	0
1211.15	0	.2826851	.5988315	.1184834	0
1210.15	0	.2812092	.5999845	.1188063	0
1209.15	0	.2797453	.6011268	.1191279	0
1208.15	0	.2782934	.6022583	.1194483	0
1207.15	0	.2768536	.603379	.1197675	0
1206.15	0	.2754259	.6044887	.1200854	0
1205.15	0	.2740103	.6055876	.1204021	0
1204.15	0	.2726069	.6066755	.1207176	0
1203.15	0	.2712158	.6077523	.1210319	0
1202.15	0	.269837	.608818	.121345	0
1201.15	0	.2684705	.6098726	.1216568	0
1200.15	0	.2671165	.6109161	.1219675	0
1199.15	0	.2657749	.6119483	.1222769	0
1198.15	0	.2644457	.6129691	.1225852	0
1197.15	0	.2631291	.6139787	.1228922	0
1196.15	0	.2618252	.6149768	.123198	0
1195.15	0	.2605338	.6159635	.1235027	0
1194.15	0	.2592552	.6169387	.1238062	0
1193.15	0	.2579893	.6179023	.1241084	0
1192.15	0	.2567362	.6188543	.1244095	0
1191.15	0	.2554959	.6197946	.1247095	0
1190.15	0	.2542686	.6207232	.1250082	0
1189.15	0	.2530542	.62164	.1253058	0
1188.15	0	.2518529	.622545	.1256022	0
1187.15	0	.2506645	.6234381	.1258974	0
1186.15	0	.2494893	.6243192	.1261915	0
1185.15	0	.2483273	.6251883	.1264844	0
1184.15	0	.2471785	.6260453	.1267761	0
1183.15	0	.246043	.6268903	.1270667	0
1182.15	0	.2449208	.627723	.1273562	0
1181.15	0	.243812	.6285435	.1276445	0
1180.15	0	.2427167	.6293517	.1279316	0
1179.15	0	.2416348	.6301475	.1282176	0
1178.15	0	.2405665	.630931	.1285025	0
1177.15	0	.2395118	.6317019	.1287863	0
1176.15	0	.2384708	.6324604	.1290688	0
1175.15	0	.2374435	.6332062	.1293503	0
1174.15	0	.2364299	.6339394	.1296307	0
1173.15	0	.2354302	.6346599	.1299099	0
1172.15	0	.2344444	.6353676	.130188	0
1171.15	0	.2334725	.6360625	.130465	0
1170.15	0	.2325147	.6367445	.1307408	0
1169.15	0	.2315708	.6374136	.1310156	0
1168.15	0	.2306411	.6380696	.1312892	0
1167.15	0	.2297256	.6387126	.1315618	0
1166.15	0	.2288374	.6393294	.1318331	0
1165.15	0	.2279505	.639946	.1321035	0
1164.15	0	.2270779	.6405494	.1323727	0
1163.15	0	.2262197	.6411394	.1326409	0
1162.15	0	.225376	.641716	.1329079	0
1161.15	0	.2245468	.6422793	.1331739	0
1160.15	0	.2237322	.642829	.1334388	0
1159.15	0	.2229322	.6433652	.1337026	0
1158.15	0	.2221469	.6438878	.1339653	0
1157.15	0	.2213763	.6443967	.134227	0
1156.15	0	.2206206	.6448919	.1344876	0
1155.15	0	.2198797	.6453732	.1347471	0
1154.15	0	.2191536	.6458409	.1350056	0
1153.15	0	.2184426	.6462945	.135263	0
1152.15	0	.2177466	.6467341	.1355193	0
1151.15	0	.2170657	.6471598	.1357746	0
1150.15	0	.2163999	.6475713	.1360288	0
1149.15	0	.2157494	.6479687	.136282	0
1148.15	0	.2151141	.6483519	.1365341	0
1147.15	0	.2144941	.6487208	.1367852	0
1146.15	0	.2138894	.6490754	.1370352	0
1145.15	0	.2133002	.6494156	.1372842	0
1144.15	0	.2127265	.6497413	.1375322	0
1143.15	0	.2121683	.6500526	.1377791	0
1142.15	0	.2116256	.6503493	.1380251	0
1141.15	0	.2110987	.6506314	.1382699	0
1140.15	0	.2105874	.6508988	.1385138	0
1139.15	0	.2100918	.6511515	.1387567	0
1138.15	0	.2096121	.6513894	.1389985	0
1137.15	0	.2091482	.6516125	.1392393	0
1136.15	0	.2087002	.6518207	.1394791	0
1135.15	0	.2082682	.6520139	.139718	0
1134.15	0	.2078521	.6521921	.1399558	0
1133.15	0	.2074522	.6523552	.1401926	0
1132.15	0	.2070683	.6525033	.1404284	0
1131.15	0	.2067006	.6526362	.1406632	0
1130.15	0	.2063491	.6527538	.1408971	0
1129.15	0	.2060139	.6528562	.1411299	0
1128.15	0	.205695	.6529432	.1413618	0
1127.15	0	.2053924	.6530149	.1415927	0
1126.15	0	.2051062	.6530712	.1418226	0
1125.15	0	.2048365	.653112	.1420516	0
1124.15	0	.2045832	.6531372	.1422796	0
1123.15	0	.2043465	.6531469	.1425066	0
1122.15	0	.2041264	.653141	.1427326	0
1121.15	0	.2039228	.6531194	.1429577	0
1120.15	0	.203736	.6530821	.1431819	0
1119.15	0	.2035658	.6530291	.1434051	0
1118.15	0	.2034124	.6529602	.1436273	0
1117.15	0	.2032758	.6528756	.1438486	0
1116.15	0	.203156	.652775	.144069	0
1115.15	0	.2030531	.6526585	.1442884	0
1114.15	0	.202967	.652526	.1445069	0
1113.15	0	.2028979	.6523776	.1447245	0
1112.15	0	.2028458	.6522131	.1449412	0
1111.15	0	.2028106	.6520325	.1451569	0
1110.15	0	.2027925	.6518358	.1453717	0
1109.15	0	.2027915	.6516229	.1455856	0
1108.15	0	.2028076	.6513939	.1457986	0
1107.15	0	.2028407	.6511486	.1460107	0
1106.15	0	.2028911	.6508871	.1462218	0
1105.15	0	.2029586	.6506093	.1464321	0
1104.15	0	.2030433	.6503152	.1466415	0
1103.15	0	.2031453	.6500047	.14685	0
1102.15	0	.2032645	.6496779	.1470576	0
1101.15	0	.203401	.6493347	.1472643	0
1100.15	0	.2035548	.6489751	.1474701	0
1099.15	0	.2037259	.648599	.1476751	0
1098.15	0	.2039143	.6482065	.1478792	0
1097.15	0	.2041201	.6477975	.1480824	0
1096.15	0	.2043432	.647372	.1482847	0
1095.15	0	.2045838	.64693	.1484862	0
1094.15	0	.2048417	.6464715	.1486869	0
1093.15	0	.205117	.6459964	.1488866	0
1092.15	0	.2054097	.6455047	.1490856	0
1091.15	0	.2057198	.6449965	.1492837	0
1090.15	0	.2060474	.6444717	.1494809	0
1089.15	0	.2063924	.6439303	.1496773	0
1088.15	0	.2067548	.6433723	.1498729	0
1087.15	0	.2071346	.6427978	.1500676	0
1086.15	0	.2075319	.6422066	.1502615	0
1085.15	0	.2079466	.6415988	.1504546	0
1084.15	0	.2083787	.6409744	.1506469	0
1083.15	0	.2088282	.6403334	.1508384	0
1082.15	0	.2092951	.6396758	.151029	0
1081.15	0	.2097795	.6390016	.1512189	0
1080.15	0	.2102812	.6383109	.1514079	0
1079.15	0	.2108003	.6376036	.1515962	0
1078.15	0	.2113367	.6368797	.1517836	0
1077.15	0	.2118905	.6361392	.1519703	0
1076.15	0	.2124615	.6353823	.1521562	0
1075.15	0	.2130499	.6346088	.1523413	0
1074.15	0	.2136556	.6338188	.1525256	0
1073.15	0	.2142785	.6330124	.1527092	0
1072.15	0	.2149186	.6321894	.1528919	0
1071.15	0	.2155759	.6313501	.153074	0
1070.15	0	.2162504	.6304944	.1532552	0
1069.15	0	.216942	.6296223	.1534357	0
1068.15	0	.2176507	.6287338	.1536154	0
1067.15	0	.2183765	.6278291	.1537945	0
1066.15	0	.2191193	.626908	.1539727	0
1065.15	0	.219879	.6259708	.1541502	0
1064.15	0	.2206557	.6250173	.154327	0
1063.15	0	.2214493	.6240477	.154503	0
1062.15	0	.2222596	.623062	.1546783	0
1061.15	0	.2230868	.6220602	.1548529	0
1060.15	0	.2239307	.6210425	.1550268	0
1059.15	0	.2247914	.6200087	.1552	0
1058.15	0	.2256686	.618959	.1553724	0
1057.15	0	.2265624	.6178935	.1555441	0
1056.15	0	.2274727	.6168122	.1557151	0
1055.15	0	.2283994	.6157151	.1558855	0
1054.15	0	.2293425	.6146024	.1560551	0
1053.15	0	.230302	.613474	.156224	0
1052.15	0	.2312776	.6123301	.1563923	0
1051.15	0	.2322694	.6111707	.1565598	0
1050.15	0	.2332774	.6099959	.1567267	0
1049.15	0	.2343013	.6088058	.1568929	0
1048.15	0	.2353412	.6076003	.1570584	0
1047.15	0	.236397	.6063797	.1572233	0
1046.15	0	.2374685	.605144	.1573875	0
1045.15	0	.2385557	.6038933	.157551	0
1044.15	0	.2396586	.6026276	.1577139	0
1043.15	0	.2407769	.601347	.1578761	0
1042.15	0	.2419107	.6000517	.1580377	0
1041.15	0	.2430598	.5987417	.1581986	0
1040.15	0	.2442241	.5974171	.1583588	0
1039.15	0	.2454036	.5960779	.1585185	0
1038.15	0	.2465981	.5947244	.1586774	0
1037.15	0	.2478076	.5933566	.1588358	0
1036.15	0	.2490319	.5919746	.1589935	0
1035.15	0	.2502709	.5905785	.1591506	0
1034.15	0	.2515246	.5891684	.1593071	0
1033.15	0	.2527927	.5877444	.1594629	0
1032.15	0	.2540753	.5863066	.1596181	0
1031.15	0	.2553721	.5848551	.1597728	0
1030.15	0	.2566831	.5833901	.1599268	0
1029.15	0	.2580082	.5819117	.1600801	0
1028.15	0	.2593472	.5804199	.1602329	0
1027.15	0	.2607	.5789149	.1603851	0
1026.15	0	.2620665	.5773969	.1605367	0
1025.15	0	.2634465	.5758659	.1606877	0
1024.15	0	.26484	.574322	.160838	0
1023.15	0	.2662467	.5727654	.1609878	0
1022.15	0	.2676667	.5711963	.161137	0
1021.15	0	.2690997	.5696147	.1612856	0
1020.15	0	.2705455	.5680208	.1614336	0
1019.15	0	.2720042	.5664147	.1615811	0
1018.15	0	.2734755	.5647966	.1617279	0
1017.15	0	.2749592	.5631666	.1618742	0
1016.15	0	.2764553	.5615248	.1620199	0
1015.15	0	.2779636	.5598713	.162165	0
1014.15	0	.279484	.5582065	.1623096	0
1013.15	0	.2810162	.5565302	.1624536	0
1012.15	0	.2825603	.5548428	.162597	0
1011.15	0	.2841159	.5531443	.1627398	0
1010.15	0	.285683	.5514349	.1628821	0
1009.15	0	.2872614	.5497148	.1630238	0
1008.15	0	.288851	.5479841	.1631649	0
1007.15	0	.2904515	.546243	.1633055	0
1006.15	0	.2920629	.5444916	.1634455	0
1005.15	0	.293685	.5427301	.1635849	0
1004.15	0	.2953176	.5409586	.1637238	0
1003.15	0	.2969605	.5391773	.1638621	0
1002.15	0	.2986137	.5373864	.1639999	0
1001.15	0	.3002769	.5355861	.1641371	0
1000.15	0	.3019499	.5337764	.1642737	0
999.15	0	.3036327	.5319575	.1644098	0
998.15	0	.305325	.5301297	.1645453	0
997.15	0	.3070267	.5282931	.1646803	0
996.15	0	.3087375	.5264478	.1648147	0
995.15	0	.3104574	.5245941	.1649485	0
994.15	0	.3121862	.522732	.1650818	0
993.15	0	.3139236	.5208619	.1652145	0
992.15	0	.3156696	.5189838	.1653467	0
991.15	0	.3174238	.5170979	.1654783	0
990.15	0	.3191863	.5152044	.1656093	0
989.15	0	.3209567	.5133035	.1657398	0
988.15	0	.322735	.5113954	.1658696	0
987.15	0	.3245209	.5094802	.165999	0
986.15	0	.3263142	.5075581	.1661277	0
985.15	0	.3281148	.5056293	.1662559	0
984.15	0	.3299225	.503694	.1663835	0
983.15	0	.3317372	.5017523	.1665105	0
982.15	0	.3335585	.4998045	.1666369	0
981.15	0	.3353865	.4978508	.1667628	0
980.15	0	.3372208	.4958912	.166888	0
979.15	0	.3390612	.4939261	.1670127	0
978.15	0	.3409077	.4919555	.1671368	0
977.15	0	.34276	.4899797	.1672602	0
976.15	0	.344618	.4879989	.1673831	0
975.15	0	.3464814	.4860133	.1675054	0
974.15	0	.34835	.4840229	.167627	0
973.15	0	.3502238	.4820282	.1677481	0
972.15	0	.3521024	.4800291	.1678685	0
971.15	0	.3539858	.478026	.1679883	0
970.15	0	.3558736	.476019	.1681074	0
969.15	0	.3577658	.4740083	.1682259	0
968.15	0	.3596622	.471994	.1683438	0
967.15	0	.3615625	.4699765	.168461	0
966.15	0	.3633636	.4680511	.1685853	0
965.15	0	.3651371	.4661512	.1687117	0
964.15	0	.3669354	.4642283	.1688363	0
963.15	0	.3687571	.4622837	.1689592	0
962.15	0	.3706011	.4603186	.1690803	0
961.15	0	.372466	.4583343	.1691997	0
960.15	0	.3743506	.456332	.1693175	0
959.15	0	.3762537	.4543128	.1694335	0
958.15	0	.3781742	.4522778	.169548	0
957.15	0	.380111	.4502282	.1696608	0
956.15	0	.382063	.4481649	.1697721	0
955.15	0	.3840293	.446089	.1698818	0
954.15	0	.3860087	.4440014	.1699899	0
953.15	0	.3880004	.441903	.1700966	0
952.15	0	.3900034	.4397949	.1702017	0
951.15	0	.3920169	.4376779	.1703053	0
950.15	0	.3940398	.4355527	.1704074	0
949.15	0	.3960715	.4334204	.1705081	0
948.15	0	.3981111	.4312815	.1706073	0
947.15	0	.4001579	.429137	.1707051	0
946.15	0	.402211	.4269876	.1708015	0
945.15	0	.4042697	.4248339	.1708964	0
944.15	0	.4063333	.4226768	.1709899	0
943.15	0	.4084012	.4205167	.171082	0
942.15	0	.4104727	.4183545	.1711728	0
941.15	0	.4125472	.4161907	.1712621	0
940.15	0	.414624	.414026	.1713501	0
939.15	0	.4167025	.4118608	.1714367	0
938.15	0	.4187822	.4096958	.1715219	0
937.15	0	.4208626	.4075316	.1716058	0
936.15	0	.422943	.4053686	.1716884	0
935.15	0	.425023	.4032074	.1717696	0
934.15	0	.4271021	.4010485	.1718494	0
933.15	0	.4291798	.3988923	.1719279	0
932.15	0	.4312557	.3967392	.1720051	0
931.15	0	.4333292	.3945899	.172081	0
930.15	0	.4354	.3924445	.1721555	0
929.15	0	.4374677	.3903037	.1722287	0
928.15	0	.4395318	.3881677	.1723006	0
927.15	0	.4415919	.3860369	.1723712	0
926.15	0	.4436478	.3839118	.1724404	0
925.15	0	.4456989	.3817927	.1725084	0
924.15	0	.4477451	.3796799	.172575	0
923.15	0	.4497859	.3775737	.1726403	0
922.15	0	.451821	.3754746	.1727044	0
921.15	0	.4538502	.3733827	.1727671	0
920.15	0	.455873	.3712984	.1728286	0
919.15	0	.4578893	.369222	.1728887	0
918.15	0	.4598987	.3671537	.1729476	0
917.15	0	.461901	.3650939	.1730051	0
916.15	0	.4638959	.3630428	.1730614	0
915.15	0	.4658831	.3610005	.1731163	0
914.15	0	.4678625	.3589675	.17317	0
913.15	0	.4698337	.3569439	.1732224	0
912.15	0	.4717966	.3549298	.1732735	0
911.15	0	.473751	.3529257	.1733234	0
910.15	0	.4756965	.3509316	.1733719	0
909.15	0	.4776331	.3489477	.1734192	0
908.15	0	.4795605	.3469743	.1734652	0
907.15	0	.4814785	.3450116	.1735099	0
906.15	0	.483387	.3430597	.1735533	0
905.15	0	.4852858	.3411187	.1735955	0
904.15	0	.4871746	.339189	.1736364	0
903.15	0	.4890534	.3372705	.173676	0
902.15	0	.490922	.3353636	.1737144	0
901.15	0	.4927802	.3334683	.1737515	0
900.15	0	.4946279	.3315847	.1737874	0
899.15	0	.4964649	.3297132	.173822	0
898.15	0	.4982911	.3278536	.1738553	0
897.15	0	.5001063	.3260063	.1738874	0
896.15	0	.5019105	.3241713	.1739183	0
895.15	0	.5037035	.3223487	.1739479	0
894.15	0	.5054851	.3205387	.1739762	0
893.15	0	.5072553	.3187413	.1740034	0
892.15	0	.509014	.3169568	.1740293	0
891.15	0	.5107609	.3151851	.174054	0
890.15	0	.5124962	.3134264	.1740775	0
889.15	0	.5142195	.3116808	.1740997	0
888.15	0	.5159309	.3099484	.1741208	0
887.15	0	.5176302	.3082292	.1741406	0
886.15	0	.5193173	.3065234	.1741593	0
885.15	0	.5209923	.304831	.1741767	0
884.15	0	.5226548	.3031522	.174193	0
883.15	0	.524305	.3014869	.1742081	0
882.15	0	.5259427	.2998353	.1742221	0
881.15	0	.5275678	.2981974	.1742348	0
880.15	0	.5291803	.2965732	.1742465	0
879.15	0	.5307801	.294963	.1742569	0
878.15	0	.5323671	.2933666	.1742663	0
877.15	0	.5339413	.2917842	.1742745	0
876.15	0	.5355027	.2902158	.1742816	0
875.15	0	.537051	.2886614	.1742876	0
874.15	0	.5385865	.2871211	.1742925	0
873.15	0	.5401088	.2855949	.1742963	0
872.15	0	.5416181	.2840829	.174299	0
871.15	0	.5431143	.2825851	.1743006	0
870.15	0	.5445973	.2811015	.1743012	0
869.15	0	.5460672	.2796321	.1743007	0
868.15	0	.5475238	.278177	.1742992	0
867.15	0	.5489672	.2767362	.1742966	0
866.15	0	.5503973	.2753096	.1742931	0
865.15	0	.5518142	.2738973	.1742885	0
864.15	0	.5532177	.2724993	.174283	0
863.15	0	.554608	.2711156	.1742764	0
862.15	0	.5559849	.2697462	.1742689	0
861.15	0	.5573485	.268391	.1742605	0
860.15	0	.5586988	.2670501	.174251	0
859.15	0	.5600358	.2657235	.1742407	0
858.15	0	.5613595	.264411	.1742294	0
857.15	0	.5626699	.2631128	.1742173	0
856.15	0	.5639671	.2618287	.1742042	0
855.15	0	.565251	.2605587	.1741903	0
854.15	0	.5665217	.2593029	.1741754	0
853.15	0	.5677792	.2580611	.1741598	0
852.15	0	.5690235	.2568333	.1741432	0
851.15	0	.5702547	.2556194	.1741259	0
850.15	0	.5714728	.2544195	.1741077	0
849.15	0	.5726779	.2532334	.1740888	0
848.15	0	.57387	.252061	.174069	0
847.15	0	.5750491	.2509024	.1740485	0
846.15	0	.5762154	.2497575	.1740272	0
845.15	0	.5773688	.2486261	.1740051	0
844.15	0	.5785095	.2475082	.1739823	0
843.15	0	.5796375	.2464038	.1739587	0
842.15	0	.5807528	.2453127	.1739345	0
841.15	0	.5818556	.2442348	.1739096	0
840.15	0	.5829459	.2431702	.1738839	0
839.15	0	.5840239	.2421186	.1738576	0
838.15	0	.5850895	.2410799	.1738306	0
837.15	0	.5861429	.2400542	.173803	0
836.15	0	.5871841	.2390413	.1737747	0
835.15	0	.5882133	.238041	.1737457	0
834.15	0	.5892305	.2370533	.1737162	0
833.15	0	.5902359	.2360781	.173686	0
832.15	0	.5912295	.2351152	.1736552	0
831.15	0	.5922115	.2341646	.1736239	0
830.15	0	.5931819	.2332261	.173592	0
829.15	0	.5941409	.2322997	.1735594	0
828.15	0	.5950885	.2313852	.1735264	0
827.15	0	.5960248	.2304824	.1734928	0
826.15	0	.5969501	.2295913	.1734586	0
825.15	0	.5978643	.2287118	.1734239	0
824.15	0	.5987676	.2278437	.1733887	0
823.15	0	.5996602	.2269868	.173353	0
822.15	0	.6005421	.2261412	.1733167	0
821.15	0	.6014134	.2253066	.17328	0
820.15	0	.6022743	.224483	.1732428	0
819.15	0	.6031248	.2236701	.1732051	0
819.15	0	.6031248	.2236701	.1732051	0
819.15	0	.6031248	.2236701	.1732051	0
819.15	0	.603125	.22367	.173205	7.37206E-08
818.15	0	.6095984	.215583	.1711725	.003646135
817.15	0	.615874	.2077166	.1691812	.007228284
816.15	0	.6219588	.200063	.1672299	.01074834
815.15	0	.6278595	.1926149	.1653176	.01420805
814.15	0	.6335825	.1853654	.1634431	.01760908
813.15	0	.639134	.1783077	.1616053	.02095302
812.15	0	.6445199	.1714356	.1598032	.02424139
811.15	0	.6497456	.1647429	.1580358	.02747565
810.15	0	.6548166	.1582239	.1563023	.03065722
809.15	0	.6597381	.1518729	.1546016	.03378742
808.15	0	.6645148	.1456846	.152933	.03686755
807.15	0	.6691515	.139654	.1512957	.03989885
806.15	0	.6736528	.133776	.1496887	.04288252
805.15	0	.6780228	.1280461	.1481114	.04581969
804.15	0	.6822659	.1224597	.146563	.04871147
803.15	0	.6863859	.1170125	.1450427	.05155892
802.15	0	.6903867	.1117003	.14355	.05436306
801.15	0	.6942719	.1065191	.1420841	.05712489
800.15	0	.6980452	.1014651	.1406444	.05984535
799.15	0	.7017098	.09653452	.1392303	.06252536
798.15	0	.7052691	.09172391	.1378412	.0651658
797.15	0	.7087263	.08702978	.1364764	.06776754
796.15	0	.7120843	.08244884	.1351355	.07033141
795.15	0	.7153461	.07797789	.1338178	.0728582
794.15	0	.7185145	.07361387	.1325229	.07534869
793.15	0	.7215923	.06935381	.1312503	.07780363
792.15	0	.724582	.06519485	.1299994	.08022375
791.15	0	.7274863	.06113421	.1287698	.08260977
790.15	0	.7303075	.05716924	.1275609	.08496235
789.15	0	.733048	.05329735	.1263724	.08728217
788.15	0	.7357102	.04951605	.1252039	.08956988
787.15	0	.7382962	.04582291	.1240548	.09182609
786.15	0	.7408083	.0422156	.1229247	.09405143
785.15	0	.7432484	.03869185	.1218133	.09624647
784.15	0	.7456186	.03524948	.1207202	.09841181
783.15	0	.7479208	.03188636	.1196449	.100548
782.15	0	.7501569	.02860042	.1185871	.1026556
781.15	0	.7523288	.02538968	.1175464	.1047351
780.15	0	.7544383	.02225218	.1165225	.1067871
779.15	0	.7564869	.01918606	.115515	.108812
778.15	0	.7584765	.01618949	.1145236	.1108104
777.15	0	.7604087	.0132607	.1135479	.1127827
776.15	0	.762285	.01039795	.1125876	.1147295
775.15	0	.7641069	.007599586	.1116424	.1166511
774.15	0	.765876	.004863975	.110712	.118548
773.15	0	.7675937	.002189537	.1097961	.1204207
772.3142	0	.7689909	0	.1090415	.1219676
772.3142	0	.7689909	0	.1090415	.1219676
772.15	0	.7689681	0	.1090059	.1220261
771.15	0	.7688293	0	.1087895	.1223812
770.15	0	.7686913	0	.1085738	.1227349
769.15	0	.768554	0	.1083587	.1230873
768.15	0	.7684174	0	.1081444	.1234383
767.15	0	.7682815	0	.1079307	.1237879
766.15	0	.7681463	0	.1077176	.1241361
765.15	0	.7680117	0	.1075053	.124483
764.15	0	.7678779	0	.1072936	.1248285
763.15	0	.7677447	0	.1070826	.1251727
762.15	0	.7676122	0	.1068722	.1255155
761.15	0	.7674804	0	.1066626	.125857
760.15	0	.7673493	0	.1064536	.1261972
759.15	0	.7672188	0	.1062452	.126536
758.15	0	.767089	0	.1060375	.1268735
757.15	0	.7669598	0	.1058305	.1272096
756.15	0	.7668313	0	.1056242	.1275445
755.15	0	.7667034	0	.1054186	.127878
754.15	0	.7665762	0	.1052136	.1282102
753.15	0	.7664496	0	.1050092	.1285411
752.15	0	.7663237	0	.1048056	.1288708
751.15	0	.7661984	0	.1046026	.1291991
750.15	0	.7660737	0	.1044002	.1295261
749.15	0	.7659496	0	.1041986	.1298518
748.15	0	.7658262	0	.1039975	.1301763
747.15	0	.7657034	0	.1037972	.1304994
746.15	0	.7655812	0	.1035975	.1308213
745.15	0	.7654596	0	.1033985	.1311419
744.15	0	.7653386	0	.1032002	.1314613
743.15	0	.7652182	0	.1030025	.1317793
742.15	0	.7650984	0	.1028055	.1320962
741.15	0	.7649792	0	.1026091	.1324117
740.15	0	.7648606	0	.1024134	.132726
739.15	0	.7647426	0	.1022184	.133039
738.15	0	.7646252	0	.102024	.1333508
737.15	0	.7645084	0	.1018303	.1336614
736.15	0	.7643921	0	.1016372	.1339707
735.15	0	.7642764	0	.1014448	.1342787
734.15	0	.7641613	0	.1012531	.1345856
733.15	0	.7640468	0	.101062	.1348912
732.15	0	.7639329	0	.1008716	.1351955
731.15	0	.7638195	0	.1006819	.1354987
730.15	0	.7637067	0	.1004928	.1358006
729.15	0	.7635944	0	.1003043	.1361013
728.15	0	.7634827	0	.1001165	.1364008
727.15	0	.7633715	0	.09992942	.136699
726.15	0	.7632609	0	.09974296	.1369961
725.15	0	.7631509	0	.09955716	.1372919
724.15	0	.7630414	0	.09937201	.1375866
723.15	0	.7629325	0	.09918752	.13788
722.15	0	.762824	0	.09900369	.1381723
721.15	0	.7627162	0	.09882051	.1384633
720.15	0	.7626088	0	.09863799	.1387532
719.15	0	.762502	0	.09845613	.1390418
718.15	0	.7623958	0	.09827492	.1393293
717.15	0	.76229	0	.09809437	.1396156
716.15	0	.7621848	0	.09791447	.1399007
715.15	0	.7620801	0	.09773523	.1401847
714.15	0	.761976	0	.09755664	.1404674
713.15	0	.7618723	0	.0973787	.140749
712.15	0	.7617692	0	.09720142	.1410294
711.15	0	.7616666	0	.0970248	.1413086
710.15	0	.7615645	0	.09684883	.1415867
709.15	0	.7614629	0	.09667351	.1418636
708.15	0	.7613618	0	.09649884	.1421394
707.15	0	.7612612	0	.09632483	.142414
706.15	0	.7611611	0	.09615147	.1426874
705.15	0	.7610616	0	.09597876	.1429597
704.15	0	.7609625	0	.09580671	.1432308
703.15	0	.7608639	0	.0956353	.1435008
702.15	0	.7607659	0	.09546455	.1437696
701.15	0	.7606683	0	.09529445	.1440373
700.15	0	.7605712	0	.095125	.1443038
699.15	0	.7604746	0	.0949562	.1445692
698.15	0	.7603785	0	.09478805	.1448335
697.15	0	.7602828	0	.09462055	.1450966
696.15	0	.7601877	0	.0944537	.1453586
695.15	0	.760093	0	.0942875	.1456195
694.15	0	.7599989	0	.09412195	.1458792
693.15	0	.7599052	0	.09395705	.1461378
692.15	0	.7598119	0	.09379279	.1463953
691.15	0	.7597192	0	.09362919	.1466516
690.15	0	.7596269	0	.09346623	.1469069
689.15	0	.7595351	0	.09330393	.147161
688.15	0	.7594437	0	.09314226	.147414
687.15	0	.7593528	0	.09298125	.1476659
686.15	0	.7592624	0	.09282089	.1479167
685.15	0	.7591725	0	.09266117	.1481664
684.15	0	.759083	0	.09250209	.1484149
683.15	0	.758994	0	.09234367	.1486624
682.15	0	.7589054	0	.09218589	.1489087
681.15	0	.7588173	0	.09202875	.149154
680.15	0	.7587296	0	.09187226	.1493981
679.15	0	.7586424	0	.09171642	.1496412
678.15	0	.7585557	0	.09156122	.1498831
677.15	0	.7584694	0	.09140666	.150124
676.15	0	.7583835	0	.09125275	.1503637
675.15	0	.7582981	0	.09109948	.1506024
674.15	0	.7582131	0	.09094686	.15084
673.15	0	.7581286	0	.09079487	.1510765
672.15	0	.7580445	0	.09064353	.1513119
671.15	0	.7579609	0	.09049284	.1515463
670.15	0	.7578777	0	.09034278	.1517795
669.15	0	.7577949	0	.09019337	.1520117
668.15	0	.7577126	0	.0900446	.1522428
667.15	0	.7576307	0	.08989647	.1524728
666.15	0	.7575492	0	.08974898	.1527018
665.15	0	.7574682	0	.08960213	.1529297
664.15	0	.7573876	0	.08945592	.1531565
663.15	0	.7573074	0	.08931034	.1533822
662.15	0	.7572277	0	.08916541	.1536069
661.15	0	.7571484	0	.08902112	.1538305
660.15	0	.7570695	0	.08887747	.1540531
659.15	0	.756991	0	.08873445	.1542746
658.15	0	.7569129	0	.08859207	.154495
657.15	0	.7568353	0	.08845033	.1547144
656.15	0	.7567581	0	.08830922	.1549327
655.15	0	.7566813	0	.08816875	.15515
654.15	0	.7566049	0	.08802892	.1553662
653.15	0	.7565289	0	.08788972	.1555814
652.15	0	.7564533	0	.08775116	.1557955
651.15	0	.7563782	0	.08761323	.1560086
650.15	0	.7563034	0	.08747593	.1562206
649.15	0	.7562291	0	.08733927	.1564316
648.15	0	.7561552	0	.08720324	.1566416
647.15	0	.7560817	0	.08706785	.1568505
646.15	0	.7560086	0	.08693309	.1570584
645.15	0	.7559358	0	.08679896	.1572652
644.15	0	.7558635	0	.08666546	.157471
643.15	0	.7557916	0	.08653259	.1576758
642.15	0	.7557201	0	.08640035	.1578796
641.15	0	.755649	0	.08626874	.1580823
640.15	0	.7555783	0	.08613776	.158284
639.15	0	.755508	0	.08600741	.1584846
638.15	0	.755438	0	.08587768	.1586843
637.15	0	.7553685	0	.08574859	.1588829
636.15	0	.7552994	0	.08562012	.1590805
635.15	0	.7552306	0	.08549227	.1592771
634.15	0	.7551622	0	.08536506	.1594727
633.15	0	.7550943	0	.08523846	.1596673
632.15	0	.7550267	0	.0851125	.1598608
631.15	0	.7549595	0	.08498715	.1600534
630.15	0	.7548927	0	.08486244	.1602449
629.15	0	.7548262	0	.08473834	.1604354
628.15	0	.7547602	0	.08461487	.160625
627.15	0	.7546945	0	.08449201	.1608135
626.15	0	.7546292	0	.08436978	.161001
625.15	0	.7545643	0	.08424817	.1611875
624.15	0	.7544998	0	.08412718	.1613731
623.15	0	.7544356	0	.08400681	.1615576
622.15	0	.7543718	0	.08388705	.1617411
621.15	0	.7543084	0	.08376792	.1619237
620.15	0	.7542454	0	.0836494	.1621053
619.15	0	.7541827	0	.08353149	.1622858
618.15	0	.7541204	0	.08341421	.1624654
617.15	0	.7540585	0	.08329753	.162644
616.15	0	.7539969	0	.08318147	.1628216
615.15	0	.7539357	0	.08306603	.1629983
614.15	0	.7538749	0	.0829512	.163174
613.15	0	.7538144	0	.08283698	.1633486
612.15	0	.7537543	0	.08272336	.1635224
611.15	0	.7536945	0	.08261036	.1636951
610.15	0	.7536352	0	.08249798	.1638669
609.15	0	.7535761	0	.08238619	.1640377
608.15	0	.7535175	0	.08227502	.1642075
607.15	0	.7534592	0	.08216445	.1643764
606.15	0	.7534012	0	.08205449	.1645443
605.15	0	.7533436	0	.08194514	.1647112
604.15	0	.7532864	0	.08183639	.1648772
603.15	0	.7532295	0	.08172824	.1650423
602.15	0	.753173	0	.08162069	.1652063
601.15	0	.7531168	0	.08151375	.1653695
600.15	0	.7530609	0	.08140741	.1655317
599.15	0	.7530055	0	.08130167	.1656929
598.15	0	.7529503	0	.08119653	.1658532
597.15	0	.7528955	0	.08109198	.1660125
596.15	0	.7528411	0	.08098803	.1661709
595.15	0	.752787	0	.08088468	.1663284
594.15	0	.7527332	0	.08078193	.1664849
593.15	0	.7526798	0	.08067977	.1666405
592.15	0	.7526267	0	.0805782	.1667951
591.15	0	.752574	0	.08047722	.1669488
590.15	0	.7525216	0	.08037684	.1671016
589.15	0	.7524695	0	.08027704	.1672535
588.15	0	.7524178	0	.08017784	.1674044
587.15	0	.7523664	0	.08007922	.1675544
586.15	0	.7523153	0	.07998119	.1677035
585.15	0	.7522646	0	.07988375	.1678517
584.15	0	.7522142	0	.07978689	.1679989
583.15	0	.7521641	0	.07969061	.1681453
582.15	0	.7521144	0	.07959492	.1682907
581.15	0	.752065	0	.07949981	.1684352
580.15	0	.7520159	0	.07940527	.1685788
579.15	0	.7519672	0	.07931132	.1687215
578.15	0	.7519187	0	.07921795	.1688633
577.15	0	.7518706	0	.07912515	.1690042
576.15	0	.7518229	0	.07903293	.1691442
575.15	0	.7517754	0	.07894129	.1692833
574.15	0	.7517283	0	.07885021	.1694215
573.15	0	.7516814	0	.07875971	.1695589
572.15	0	.7516349	0	.07866978	.1696953
571.15	0	.7515888	0	.07858042	.1698308
570.15	0	.7515429	0	.07849163	.1699655
569.15	0	.7514973	0	.0784034	.1700993
568.15	0	.7514521	0	.07831574	.1702322
567.15	0	.7514072	0	.07822865	.1703642
566.15	0	.7513626	0	.07814212	.1704953
565.15	0	.7513183	0	.07805615	.1706256
564.15	0	.7512743	0	.07797073	.170755
563.15	0	.7512306	0	.07788588	.1708835
562.15	0	.7511872	0	.07780159	.1710112
561.15	0	.7511442	0	.07771785	.171138
560.15	0	.7511014	0	.07763467	.1712639
559.15	0	.7510589	0	.07755204	.171389
558.15	0	.7510168	0	.07746997	.1715133
557.15	0	.7509749	0	.07738844	.1716367
556.15	0	.7509334	0	.07730747	.1717592
555.15	0	.7508921	0	.07722704	.1718809
554.15	0	.7508512	0	.07714715	.1720017
553.15	0	.7508105	0	.07706782	.1721217
552.15	0	.7507701	0	.07698902	.1722409
551.15	0	.7507301	0	.07691077	.1723592
550.15	0	.7506903	0	.07683306	.1724767
549.15	0	.7506508	0	.07675588	.1725933
548.15	0	.7506116	0	.07667925	.1727091
547.15	0	.7505727	0	.07660315	.1728241
546.15	0	.7505341	0	.07652758	.1729383
545.15	0	.7504958	0	.07645255	.1730517
544.15	0	.7504578	0	.07637804	.1731642
543.15	0	.75042	0	.07630407	.1732759
542.15	0	.7503825	0	.07623062	.1733868
541.15	0	.7503454	0	.0761577	.1734969
540.15	0	.7503085	0	.07608531	.1736062
539.15	0	.7502719	0	.07601343	.1737147
538.15	0	.7502355	0	.07594208	.1738224
537.15	0	.7501995	0	.07587125	.1739293
536.15	0	.7501637	0	.07580093	.1740354
535.15	0	.7501282	0	.07573113	.1741407
534.15	0	.7500929	0	.07566185	.1742452
533.15	0	.750058	0	.07559307	.1743489
532.15	0	.7500233	0	.07552481	.1744519
531.15	0	.7499889	0	.07545706	.174554
530.15	0	.7499548	0	.07538981	.1746554
529.15	0	.7499209	0	.07532307	.174756
528.15	0	.7498873	0	.07525683	.1748558
527.15	0	.749854	0	.0751911	.1749549
526.15	0	.7498209	0	.07512586	.1750532
525.15	0	.7497881	0	.07506112	.1751507
524.15	0	.7497556	0	.07499688	.1752475
523.15	0	.7497233	0	.07493313	.1753435
522.15	0	.7496913	0	.07486988	.1754388
521.15	0	.7496596	0	.07480711	.1755333
520.15	0	.7496281	0	.07474484	.1756271
519.15	0	.7495969	0	.07468305	.1757201
518.15	0	.7495659	0	.07462174	.1758124
517.15	0	.7495352	0	.07456092	.1759039
516.15	0	.7495047	0	.07450058	.1759947
515.15	0	.7494745	0	.07444072	.1760848
514.15	0	.7494446	0	.07438133	.1761741
513.15	0	.7494148	0	.07432242	.1762627
512.15	0	.7493854	0	.07426399	.1763506
511.15	0	.7493562	0	.07420602	.1764378
510.15	0	.7493272	0	.07414853	.1765243
509.15	0	.7492985	0	.07409149	.17661
508.15	0	.74927	0	.07403493	.176695
507.15	0	.7492418	0	.07397883	.1767794
506.15	0	.7492138	0	.07392319	.176863
505.15	0	.7491861	0	.07386801	.1769459
504.15	0	.7491586	0	.07381328	.1770281
503.15	0	.7491313	0	.07375901	.1771097
502.15	0	.7491043	0	.07370519	.1771905
501.15	0	.7490775	0	.07365182	.1772707
500.15	0	.749051	0	.0735989	.1773501
499.15	0	.7490246	0	.07354643	.1774289
498.15	0	.7489986	0	.0734944	.177507
497.15	0	.7489727	0	.07344281	.1775845
496.15	0	.7489471	0	.07339167	.1776613
495.15	0	.7489217	0	.07334096	.1777374
494.15	0	.7488965	0	.07329068	.1778128
493.15	0	.7488716	0	.07324084	.1778876
492.15	0	.7488469	0	.07319143	.1779617
491.15	0	.7488224	0	.07314245	.1780352
490.15	0	.7487981	0	.07309389	.178108
489.15	0	.7487741	0	.07304576	.1781802
488.15	0	.7487502	0	.07299805	.1782517
487.15	0	.7487266	0	.07295077	.1783226
486.15	0	.7487032	0	.07290389	.1783929
485.15	0	.7486801	0	.07285744	.1784625
484.15	0	.7486571	0	.0728114	.1785315
483.15	0	.7486344	0	.07276576	.1785999
482.15	0	.7486118	0	.07272054	.1786676
481.15	0	.7485895	0	.07267572	.1787348
480.15	0	.7485674	0	.07263131	.1788013
479.15	0	.7485455	0	.0725873	.1788672
478.15	0	.7485238	0	.07254369	.1789325
477.15	0	.7485023	0	.07250047	.1789972
476.15	0	.7484811	0	.07245765	.1790613
475.15	0	.74846	0	.07241523	.1791248
474.15	0	.7484391	0	.07237319	.1791877
473.15	0	.7484185	0	.07233154	.17925
472.15	0	.748398	0	.07229028	.1793117
471.15	0	.7483777	0	.0722494	.1793729
470.15	0	.7483577	0	.0722089	.1794334
469.15	0	.7483378	0	.07216877	.1794934
468.15	0	.7483181	0	.07212903	.1795529
467.15	0	.7482986	0	.07208965	.1796117
466.15	0	.7482793	0	.07205065	.17967
465.15	0	.7482602	0	.07201202	.1797277
464.15	0	.7482413	0	.07197375	.1797849
463.15	0	.7482226	0	.07193585	.1798415
462.15	0	.7482041	0	.07189831	.1798976
461.15	0	.7481857	0	.07186113	.1799531
460.15	0	.7481676	0	.0718243	.1800081
459.15	0	.7481496	0	.07178783	.1800626
458.15	0	.7481318	0	.07175172	.1801165
457.15	0	.7481142	0	.07171595	.1801699
456.15	0	.7480968	0	.07168052	.1802227
455.15	0	.7480795	0	.07164545	.180275
