T	 BPW(LIQUID)	BPW(BCC_A2)	BPW(FCC_A1)	BPW(LAVES_PHASE_C14)	BPW(NI3TI)
1473.15	0	1	0	0	0
1472.15	0	1	0	0	0
1471.15	0	1	0	0	0
1470.15	0	1	0	0	0
1469.15	0	1	0	0	0
1468.15	0	1	0	0	0
1467.15	0	1	0	0	0
1466.15	0	1	0	0	0
1465.15	0	1	0	0	0
1464.15	0	1	0	0	0
1463.15	0	1	0	0	0
1462.15	0	1	0	0	0
1461.15	0	1	0	0	0
1460.15	0	1	0	0	0
1459.15	0	1	0	0	0
1458.15	0	1	0	0	0
1457.15	0	1	0	0	0
1456.15	0	1	0	0	0
1455.15	0	1	0	0	0
1454.15	0	1	0	0	0
1453.15	0	1	0	0	0
1452.15	0	1	0	0	0
1451.15	0	1	0	0	0
1450.15	0	1	0	0	0
1449.15	0	1	0	0	0
1448.15	0	1	0	0	0
1447.15	0	1	0	0	0
1446.15	0	1	0	0	0
1445.15	0	1	0	0	0
1444.15	0	1	0	0	0
1443.15	0	1	0	0	0
1442.15	0	1	0	0	0
1441.15	0	1	0	0	0
1440.15	0	1	0	0	0
1439.15	0	1	0	0	0
1438.15	0	1	0	0	0
1437.15	0	1	0	0	0
1436.15	0	1	0	0	0
1435.15	0	1	0	0	0
1434.15	0	1	0	0	0
1433.15	0	1	0	0	0
1432.15	0	1	0	0	0
1431.15	0	1	0	0	0
1430.15	0	1	0	0	0
1429.15	0	1	0	0	0
1428.15	0	1	0	0	0
1427.15	0	1	0	0	0
1426.15	0	1	0	0	0
1425.15	0	1	0	0	0
1424.15	0	1	0	0	0
1423.15	0	1	0	0	0
1422.15	0	1	0	0	0
1421.15	0	1	0	0	0
1420.15	0	1	0	0	0
1419.15	0	1	0	0	0
1418.15	0	1	0	0	0
1417.15	0	1	0	0	0
1416.15	0	1	0	0	0
1415.15	0	1	0	0	0
1414.15	0	1	0	0	0
1413.15	0	1	0	0	0
1412.15	0	1	0	0	0
1411.15	0	1	0	0	0
1410.15	0	1	0	0	0
1409.15	0	1	0	0	0
1408.15	0	1	0	0	0
1407.15	0	1	0	0	0
1406.15	0	1	0	0	0
1405.15	0	1	0	0	0
1404.15	0	1	0	0	0
1403.15	0	1	0	0	0
1402.15	0	1	0	0	0
1401.15	0	1	0	0	0
1400.15	0	1	0	0	0
1399.15	0	1	0	0	0
1398.15	0	1	0	0	0
1397.15	0	1	0	0	0
1396.15	0	1	0	0	0
1395.15	0	1	0	0	0
1394.15	0	1	0	0	0
1393.15	0	1	0	0	0
1392.15	0	1	0	0	0
1391.15	0	1	0	0	0
1390.15	0	1	0	0	0
1389.15	0	1	0	0	0
1388.15	0	1	0	0	0
1387.15	0	1	0	0	0
1386.15	0	1	0	0	0
1385.15	0	1	0	0	0
1384.15	0	1	0	0	0
1383.15	0	1	0	0	0
1382.15	0	1	0	0	0
1381.15	0	1	0	0	0
1380.15	0	1	0	0	0
1379.15	0	1	0	0	0
1378.15	0	1	0	0	0
1377.15	0	1	0	0	0
1376.15	0	1	0	0	0
1375.15	0	1	0	0	0
1374.15	0	1	0	0	0
1373.15	0	1	0	0	0
1372.15	0	1	0	0	0
1371.15	0	1	0	0	0
1370.15	0	1	0	0	0
1369.15	0	1	0	0	0
1368.15	0	1	0	0	0
1367.15	0	1	0	0	0
1366.15	0	1	0	0	0
1365.15	0	1	0	0	0
1364.15	0	1	0	0	0
1363.15	0	1	0	0	0
1362.15	0	1	0	0	0
1361.15	0	1	0	0	0
1360.15	0	1	0	0	0
1359.15	0	1	0	0	0
1358.15	0	1	0	0	0
1357.15	0	1	0	0	0
1356.15	0	1	0	0	0
1355.15	0	1	0	0	0
1354.15	0	1	0	0	0
1353.15	0	1	0	0	0
1352.15	0	1	0	0	0
1351.15	0	1	0	0	0
1350.15	0	1	0	0	0
1349.15	0	1	0	0	0
1348.15	0	1	0	0	0
1347.15	0	1	0	0	0
1346.15	0	1	0	0	0
1345.15	0	1	0	0	0
1344.15	0	1	0	0	0
1343.15	0	1	0	0	0
1342.15	0	1	0	0	0
1341.15	0	1	0	0	0
1340.15	0	1	0	0	0
1339.15	0	1	0	0	0
1338.15	0	1	0	0	0
1337.15	0	1	0	0	0
1336.15	0	1	0	0	0
1335.15	0	1	0	0	0
1334.15	0	1	0	0	0
1333.15	0	1	0	0	0
1332.15	0	1	0	0	0
1331.15	0	1	0	0	0
1330.15	0	1	0	0	0
1329.15	0	1	0	0	0
1328.15	0	1	0	0	0
1327.15	0	1	0	0	0
1326.15	0	1	0	0	0
1325.15	0	1	0	0	0
1324.15	0	1	0	0	0
1323.15	0	1	0	0	0
1322.15	0	1	0	0	0
1321.15	0	1	0	0	0
1320.15	0	1	0	0	0
1319.15	0	1	0	0	0
1318.15	0	1	0	0	0
1317.15	0	1	0	0	0
1316.15	0	1	0	0	0
1315.15	0	1	0	0	0
1314.15	0	1	0	0	0
1313.15	0	1	0	0	0
1312.15	0	1	0	0	0
1311.15	0	1	0	0	0
1310.15	0	1	0	0	0
1309.15	0	1	0	0	0
1308.15	0	1	0	0	0
1307.15	0	1	0	0	0
1306.15	0	1	0	0	0
1305.15	0	1	0	0	0
1304.15	0	1	0	0	0
1303.15	0	1	0	0	0
1302.15	0	1	0	0	0
1301.15	0	1	0	0	0
1300.15	0	1	0	0	0
1299.15	0	1	0	0	0
1298.15	0	1	0	0	0
1297.15	0	1	0	0	0
1296.15	0	1	0	0	0
1295.15	0	1	0	0	0
1294.15	0	1	0	0	0
1293.15	0	1	0	0	0
1292.15	0	1	0	0	0
1291.15	0	1	0	0	0
1290.15	0	1	0	0	0
1289.15	0	1	0	0	0
1288.15	0	1	0	0	0
1287.15	0	1	0	0	0
1286.15	0	1	0	0	0
1285.15	0	1	0	0	0
1284.15	0	1	0	0	0
1283.15	0	1	0	0	0
1282.15	0	1	0	0	0
1281.15	0	1	0	0	0
1280.15	0	1	0	0	0
1279.15	0	1	0	0	0
1278.15	0	1	0	0	0
1277.15	0	1	0	0	0
1276.15	0	1	0	0	0
1275.15	0	1	0	0	0
1274.15	0	1	0	0	0
1273.15	0	1	0	0	0
1272.15	0	1	0	0	0
1271.15	0	1	0	0	0
1270.15	0	1	0	0	0
1269.15	0	1	0	0	0
1268.15	0	1	0	0	0
1267.15	0	1	0	0	0
1266.15	0	1	0	0	0
1265.15	0	1	0	0	0
1264.15	0	1	0	0	0
1263.15	0	1	0	0	0
1262.15	0	1	0	0	0
1261.15	0	1	0	0	0
1260.15	0	1	0	0	0
1259.15	0	1	0	0	0
1258.15	0	1	0	0	0
1257.15	0	1	0	0	0
1256.15	0	1	0	0	0
1255.15	0	1	0	0	0
1254.15	0	1	0	0	0
1253.15	0	1	0	0	0
1252.15	0	1	0	0	0
1251.15	0	1	0	0	0
1250.15	0	1	0	0	0
1249.15	0	1	0	0	0
1248.15	0	1	0	0	0
1247.15	0	1	0	0	0
1246.15	0	1	0	0	0
1245.15	0	1	0	0	0
1244.15	0	1	0	0	0
1243.15	0	1	0	0	0
1242.15	0	1	0	0	0
1241.15	0	1	0	0	0
1240.15	0	1	0	0	0
1239.15	0	1	0	0	0
1238.15	0	1	0	0	0
1237.15	0	1	0	0	0
1236.15	0	1	0	0	0
1235.15	0	1	0	0	0
1234.15	0	1	0	0	0
1233.15	0	1	0	0	0
1232.15	0	1	0	0	0
1231.15	0	1	0	0	0
1230.15	0	1	0	0	0
1229.15	0	1	0	0	0
1228.15	0	1	0	0	0
1227.15	0	1	0	0	0
1226.15	0	1	0	0	0
1225.15	0	1	0	0	0
1224.15	0	1	0	0	0
1223.15	0	1	0	0	0
1222.15	0	1	0	0	0
1221.15	0	1	0	0	0
1220.15	0	1	0	0	0
1219.15	0	1	0	0	0
1218.15	0	1	0	0	0
1217.15	0	1	0	0	0
1216.15	0	1	0	0	0
1215.15	0	1	0	0	0
1214.15	0	1	0	0	0
1213.15	0	1	0	0	0
1212.15	0	1	0	0	0
1211.15	0	1	0	0	0
1210.15	0	1	0	0	0
1209.15	0	1	0	0	0
1208.15	0	1	0	0	0
1207.15	0	1	0	0	0
1206.15	0	1	0	0	0
1205.15	0	1	0	0	0
1204.15	0	1	0	0	0
1203.15	0	1	0	0	0
1202.15	0	1	0	0	0
1201.15	0	1	0	0	0
1200.15	0	1	0	0	0
1199.15	0	1	0	0	0
1198.15	0	1	0	0	0
1197.15	0	1	0	0	0
1196.15	0	1	0	0	0
1195.15	0	1	0	0	0
1194.15	0	1	0	0	0
1193.15	0	1	0	0	0
1192.15	0	1	0	0	0
1191.15	0	1	0	0	0
1190.15	0	1	0	0	0
1189.15	0	1	0	0	0
1188.15	0	1	0	0	0
1187.15	0	1	0	0	0
1186.15	0	1	0	0	0
1185.15	0	1	0	0	0
1184.15	0	1	0	0	0
1183.15	0	1	0	0	0
1182.15	0	1	0	0	0
1181.15	0	1	0	0	0
1180.15	0	1	0	0	0
1179.15	0	1	0	0	0
1178.15	0	1	0	0	0
1177.15	0	1	0	0	0
1176.15	0	1	0	0	0
1175.15	0	1	0	0	0
1174.15	0	1	0	0	0
1173.15	0	1	0	0	0
1172.15	0	1	0	0	0
1171.15	0	1	0	0	0
1170.15	0	1	0	0	0
1169.15	0	1	0	0	0
1168.15	0	1	0	0	0
1167.15	0	1	0	0	0
1166.15	0	1	0	0	0
1165.15	0	1	0	0	0
1164.15	0	1	0	0	0
1163.15	0	1	0	0	0
1162.15	0	1	0	0	0
1161.15	0	1	0	0	0
1160.15	0	1	0	0	0
1159.15	0	1	0	0	0
1158.15	0	1	0	0	0
1157.15	0	1	0	0	0
1156.15	0	1	0	0	0
1155.15	0	1	0	0	0
1154.15	0	1	0	0	0
1153.15	0	1	0	0	0
1152.15	0	1	0	0	0
1151.15	0	1	0	0	0
1150.15	0	1	0	0	0
1149.15	0	1	0	0	0
1148.15	0	1	0	0	0
1147.15	0	1	0	0	0
1146.15	0	1	0	0	0
1145.15	0	1	0	0	0
1144.15	0	1	0	0	0
1143.15	0	1	0	0	0
1142.15	0	1	0	0	0
1141.15	0	1	0	0	0
1140.15	0	1	0	0	0
1139.15	0	1	0	0	0
1138.15	0	1	0	0	0
1137.15	0	1	0	0	0
1136.15	0	1	0	0	0
1135.15	0	1	0	0	0
1134.15	0	1	0	0	0
1133.15	0	1	0	0	0
1132.15	0	1	0	0	0
1131.15	0	1	0	0	0
1130.15	0	1	0	0	0
1129.15	0	1	0	0	0
1128.15	0	1	0	0	0
1127.15	0	1	0	0	0
1126.15	0	1	0	0	0
1125.15	0	1	0	0	0
1124.15	0	1	0	0	0
1123.15	0	1	0	0	0
1122.15	0	1	0	0	0
1121.15	0	1	0	0	0
1120.15	0	1	0	0	0
1119.15	0	1	0	0	0
1118.15	0	1	0	0	0
1117.15	0	1	0	0	0
1116.15	0	1	0	0	0
1115.15	0	1	0	0	0
1114.15	0	1	0	0	0
1113.15	0	1	0	0	0
1112.15	0	1	0	0	0
1111.15	0	1	0	0	0
1110.15	0	1	0	0	0
1109.15	0	1	0	0	0
1108.15	0	1	0	0	0
1107.15	0	1	0	0	0
1106.15	0	1	0	0	0
1105.15	0	1	0	0	0
1104.15	0	1	0	0	0
1103.15	0	1	0	0	0
1102.15	0	1	0	0	0
1101.15	0	1	0	0	0
1100.15	0	1	0	0	0
1099.15	0	1	0	0	0
1098.15	0	1	0	0	0
1097.15	0	1	0	0	0
1096.15	0	1	0	0	0
1095.15	0	1	0	0	0
1094.15	0	1	0	0	0
1093.15	0	1	0	0	0
1092.15	0	1	0	0	0
1091.15	0	1	0	0	0
1090.15	0	1	0	0	0
1089.15	0	1	0	0	0
1088.15	0	1	0	0	0
1087.15	0	1	0	0	0
1086.15	0	1	0	0	0
1085.15	0	1	0	0	0
1084.15	0	1	0	0	0
1083.15	0	1	0	0	0
1082.15	0	1	0	0	0
1081.15	0	1	0	0	0
1080.15	0	1	0	0	0
1079.15	0	1	0	0	0
1078.15	0	1	0	0	0
1077.15	0	1	0	0	0
1076.15	0	1	0	0	0
1075.15	0	1	0	0	0
1074.15	0	1	0	0	0
1073.15	0	1	0	0	0
1072.15	0	1	0	0	0
1071.15	0	1	0	0	0
1070.15	0	1	0	0	0
1069.15	0	1	0	0	0
1068.15	0	1	0	0	0
1067.15	0	1	0	0	0
1066.15	0	1	0	0	0
1065.15	0	1	0	0	0
1064.15	0	1	0	0	0
1063.15	0	1	0	0	0
1062.15	0	1	0	0	0
1061.15	0	1	0	0	0
1060.15	0	1	0	0	0
1059.15	0	1	0	0	0
1058.15	0	1	0	0	0
1057.15	0	1	0	0	0
1056.15	0	1	0	0	0
1055.15	0	1	0	0	0
1054.15	0	1	0	0	0
1053.15	0	1	0	0	0
1052.15	0	1	0	0	0
1051.15	0	1	0	0	0
1050.15	0	1	0	0	0
1049.15	0	1	0	0	0
1048.15	0	1	0	0	0
1047.15	0	1	0	0	0
1046.15	0	1	0	0	0
1045.15	0	1	0	0	0
1044.15	0	1	0	0	0
1043.15	0	1	0	0	0
1042.15	0	1	0	0	0
1041.15	0	1	0	0	0
1040.15	0	1	0	0	0
1039.15	0	1	0	0	0
1038.15	0	1	0	0	0
1037.15	0	1	0	0	0
1036.15	0	1	0	0	0
1035.15	0	1	0	0	0
1034.15	0	1	0	0	0
1033.15	0	1	0	0	0
1032.15	0	1	0	0	0
1031.15	0	1	0	0	0
1030.15	0	1	0	0	0
1029.15	0	1	0	0	0
1028.15	0	1	0	0	0
1027.15	0	1	0	0	0
1026.15	0	1	0	0	0
1025.15	0	1	0	0	0
1024.15	0	1	0	0	0
1023.15	0	1	0	0	0
1022.15	0	1	0	0	0
1021.15	0	1	0	0	0
1020.15	0	1	0	0	0
1019.15	0	1	0	0	0
1018.15	0	1	0	0	0
1017.15	0	1	0	0	0
1016.15	0	1	0	0	0
1015.15	0	1	0	0	0
1014.15	0	1	0	0	0
1013.15	0	1	0	0	0
1012.15	0	1	0	0	0
1011.15	0	1	0	0	0
1010.15	0	1	0	0	0
1009.15	0	1	0	0	0
1008.15	0	1	0	0	0
1007.15	0	1	0	0	0
1006.15	0	1	0	0	0
1005.15	0	1	0	0	0
1004.15	0	1	0	0	0
1003.15	0	1	0	0	0
1002.15	0	1	0	0	0
1001.15	0	1	0	0	0
1000.15	0	1	0	0	0
999.15	0	1	0	0	0
998.15	0	1	0	0	0
997.15	0	1	0	0	0
996.15	0	1	0	0	0
995.15	0	1	0	0	0
994.15	0	1	0	0	0
993.15	0	1	0	0	0
992.15	0	1	0	0	0
991.15	0	1	0	0	0
990.15	0	1	0	0	0
989.15	0	1	0	0	0
988.15	0	1	0	0	0
987.15	0	1	0	0	0
986.15	0	1	0	0	0
985.15	0	1	0	0	0
984.15	0	1	0	0	0
983.15	0	1	0	0	0
982.15	0	1	0	0	0
981.15	0	1	0	0	0
980.15	0	1	0	0	0
979.15	0	1	0	0	0
978.15	0	1	0	0	0
977.15	0	1	0	0	0
976.15	0	1	0	0	0
975.15	0	1	0	0	0
974.15	0	1	0	0	0
973.15	0	1	0	0	0
972.15	0	1	0	0	0
971.15	0	1	0	0	0
970.15	0	1	0	0	0
969.15	0	1	0	0	0
968.15	0	1	0	0	0
967.15	0	1	0	0	0
966.15	0	1	0	0	0
965.15	0	1	0	0	0
964.15	0	1	0	0	0
963.15	0	1	0	0	0
962.15	0	1	0	0	0
961.15	0	1	0	0	0
960.15	0	1	0	0	0
959.15	0	1	0	0	0
958.15	0	1	0	0	0
957.15	0	1	0	0	0
956.15	0	1	0	0	0
955.15	0	1	0	0	0
954.15	0	1	0	0	0
953.15	0	1	0	0	0
952.15	0	1	0	0	0
951.15	0	1	0	0	0
950.15	0	1	0	0	0
949.15	0	1	0	0	0
948.15	0	1	0	0	0
947.15	0	1	0	0	0
946.15	0	1	0	0	0
945.15	0	1	0	0	0
944.15	0	1	0	0	0
943.15	0	1	0	0	0
942.15	0	1	0	0	0
941.15	0	1	0	0	0
940.927	0	1	0	0	0
940.927	0	1	0	0	0
940.927	0	1	0	0	0
940.15	0	.999192	8.08006E-04	0	0
939.15	0	.9981546	.001845417	0	0
938.15	0	.9971199	.002880088	0	0
937.15	0	.996088	.003912031	0	0
936.15	0	.9950587	.004941258	0	0
935.15	0	.9940322	.005967784	0	0
934.15	0	.9930084	.006991621	0	0
933.15	0	.9919872	.008012784	0	0
932.15	0	.9909687	.00903129	0	0
931.15	0	.9899528	.01004716	0	0
930.15	0	.9889396	.0110604	0	0
929.15	0	.987929	.01207103	0	0
928.15	0	.9869209	.01307908	0	0
927.15	0	.9859154	.01408457	0	0
926.9198	0	.9856844	.01431562	0	0
926.9198	0	.9856844	.01431562	0	0
926.9198	0	.9856844	.01431562	0	0
926.15	0	.9848657	.01495124	1.831011E-04	0
925.15	0	.9838045	.01577573	4.197696E-04	0
924.15	0	.9827459	.01659894	6.551051E-04	0
923.15	0	.98169	.0174209	8.890989E-04	0
922.15	0	.9806366	.01824163	.001121742	0
921.15	0	.9795858	.01906117	.001353025	0
920.15	0	.9785375	.01987956	.001582939	0
919.15	0	.9774917	.02069682	.001811474	0
918.15	0	.9764484	.02151299	.00203862	0
917.15	0	.9754075	.02232812	.002264368	0
916.15	0	.9743691	.02314223	.002488706	0
915.15	0	.973333	.02395536	.002711625	0
914.15	0	.9722993	.02476756	.002933114	0
913.15	0	.971268	.02557886	.00315316	0
912.15	0	.9702389	.02638931	.003371754	0
911.15	0	.9692122	.02719895	.003588883	0
910.15	0	.9681876	.02800784	.003804535	0
909.15	0	.9671653	.028816	.004018699	0
908.15	0	.9661451	.0296235	.004231361	0
907.15	0	.9651271	.03043038	.004442509	0
906.15	0	.9641112	.03123669	.00465213	0
905.15	0	.9630973	.0320425	.004860209	0
904.15	0	.9620854	.03284784	.005066734	0
903.15	0	.9610755	.03365279	.005271689	0
902.15	0	.9600675	.0344574	.005475061	0
901.15	0	.9590614	.03526173	.005676834	0
900.15	0	.9580572	.03606584	.005876994	0
899.15	0	.9570547	.03686979	.006075523	0
898.15	0	.9560539	.03767367	.006272407	0
897.15	0	.9550548	.03847754	.006467628	0
896.15	0	.9540574	.03928146	.006661169	0
895.15	0	.9530615	.04008552	.006853014	0
894.15	0	.9520671	.04088978	.007043143	0
893.15	0	.9510741	.04169434	.007231538	0
892.15	0	.9500825	.04249927	.007418181	0
891.15	0	.9490923	.04330466	.007603052	0
890.15	0	.9481033	.0441106	.007786131	0
889.15	0	.9471154	.04491718	.007967397	0
888.15	0	.9461287	.0457245	.008146828	0
887.15	0	.945143	.04653265	.008324404	0
886.15	0	.9441582	.04734173	.008500102	0
885.15	0	.9431743	.04815186	.008673897	0
884.15	0	.9421911	.04896313	.008845767	0
883.15	0	.9412086	.04977567	.009015687	0
882.15	0	.9402268	.0505896	.009183632	0
881.15	0	.9392454	.05140503	.009349575	0
880.15	0	.9382644	.05222209	.009513489	0
879.15	0	.9372837	.05304091	.009675346	0
878.15	0	.9363032	.05386164	.009835119	0
877.15	0	.9353228	.0546844	.009992777	0
876.15	0	.9343424	.05550936	.01014829	0
875.15	0	.9333617	.05633666	.01030162	0
874.15	0	.9323808	.05716646	.01045275	0
873.15	0	.9313994	.05799893	.01060163	0
872.15	0	.9304175	.05883424	.01074823	0
871.15	0	.9294349	.05967256	.01089252	0
870.15	0	.9284515	.0605141	.01103445	0
869.15	0	.927467	.06135904	.01117399	0
868.15	0	.9264813	.06220757	.01131109	0
867.15	0	.9254944	.06305993	.01144572	0
866.15	0	.9245059	.06391632	.01157784	0
865.15	0	.9235156	.06477697	.01170738	0
864.15	0	.9225236	.06564214	.01183432	0
863.15	0	.9215294	.06651206	.01195859	0
862.15	0	.9205329	.067387	.01208015	0
861.15	0	.9195338	.06826724	.01219894	0
860.15	0	.918532	.06915306	.01231491	0
859.15	0	.9175272	.07004476	.01242799	0
858.15	0	.9165192	.07094268	.01253814	0
857.15	0	.9155076	.07184712	.01264527	0
856.15	0	.9144922	.07275845	.01274934	0
855.15	0	.9134727	.07367704	.01285025	0
854.15	0	.9124488	.07460325	.01294795	0
853.15	0	.9114201	.07553752	.01304235	0
852.15	0	.9103864	.07648026	.01313337	0
851.15	0	.9093471	.07743192	.01322093	0
850.15	0	.9083021	.078393	.01330493	0
849.15	0	.9072507	.07936398	.01338528	0
848.15	0	.9061927	.08034541	.01346188	0
847.15	0	.9051275	.08133785	.01353461	0
846.15	0	.9040547	.08234192	.01360338	0
845.15	0	.9029737	.08335824	.01366804	0
844.15	0	.901884	.08438752	.01372849	0
843.15	0	.900785	.08543046	.01378457	0
842.15	0	.899676	.08648786	.01383615	0
841.15	0	.8985564	.08756055	.01388306	0
840.15	0	.8974254	.08864942	.01392515	0
839.15	0	.8962558	.08978482	.01395938	0
838.15	0	.8944632	.09161538	.01392141	0
837.15	0	.8927321	.09338441	.01388347	0
836.15	0	.8910596	.09509478	.01384559	0
835.15	0	.889443	.09674918	.01380781	0
834.15	0	.8878797	.09835017	.01377015	0
833.15	0	.8863672	.09990019	.01373266	0
832.15	0	.8849031	.1014015	.01369533	0
831.15	0	.8834854	.1028564	.01365819	0
830.15	0	.8821119	.1042668	.01362125	0
829.15	0	.8807807	.1056348	.0135845	0
828.15	0	.8794899	.1069622	.01354796	0
827.15	0	.8782377	.1082507	.01351163	0
826.15	0	.8770225	.109502	.01347549	0
825.15	0	.8758427	.1107178	.01343956	0
824.15	0	.8746968	.1118994	.01340382	0
823.15	0	.8735833	.1130484	.01336827	0
822.15	0	.872501	.1141661	.01333291	0
821.15	0	.8714485	.1152538	.01329773	0
820.15	0	.8704246	.1163127	.01326271	0
819.15	0	.8694282	.1173439	.01322786	0
818.15	0	.8684582	.1183487	.01319316	0
817.15	0	.8675135	.1193279	.01315862	0
816.15	0	.8665931	.1202827	.0131242	0
815.15	0	.8656961	.121214	.01308992	0
814.15	0	.8648216	.1221227	.01305575	0
813.15	0	.8639687	.1230096	.0130217	0
812.15	0	.8631366	.1238756	.01298776	0
811.15	0	.8623245	.1247216	.0129539	0
810.15	0	.8615318	.1255481	.01292014	0
809.15	0	.8607576	.126356	.01288645	0
808.15	0	.8600013	.1271459	.01285283	0
807.15	0	.8592622	.1279185	.01281928	0
806.15	0	.8585398	.1286744	.01278579	0
805.15	0	.8578334	.1294143	.01275234	0
804.15	0	.8571425	.1301386	.01271894	0
803.15	0	.8564665	.1308479	.01268557	0
802.15	0	.8558049	.1315428	.01265223	0
801.15	0	.8551573	.1322238	.01261891	0
800.15	0	.8545231	.1328913	.01258561	0
799.15	0	.8539019	.1335458	.01255231	0
798.15	0	.8532933	.1341877	.01251903	0
797.15	0	.8526968	.1348175	.01248574	0
796.15	0	.8521121	.1354355	.01245244	0
795.15	0	.8515387	.1360422	.01241914	0
794.15	0	.8509763	.1366379	.01238581	0
793.15	0	.8504246	.137223	.01235247	0
792.15	0	.8498831	.1377978	.0123191	0
791.15	0	.8493517	.1383626	.0122857	0
790.15	0	.8488299	.1389178	.01225227	0
789.15	0	.8483175	.1394637	.0122188	0
788.15	0	.8478141	.1400006	.01218529	0
787.15	0	.8473196	.1405287	.01215174	0
786.15	0	.8468336	.1410483	.01211814	0
785.15	0	.8463559	.1415596	.01208448	0
784.15	0	.8458862	.142063	.01205077	0
783.15	0	.8454244	.1425586	.01201701	0
782.15	0	.8449701	.1430468	.01198318	0
781.15	0	.8445231	.1435276	.01194929	0
780.15	0	.8440833	.1440014	.01191533	0
779.15	0	.8436504	.1444683	.01188131	0
778.15	0	.8432243	.1449285	.01184721	0
777.15	0	.8428047	.1453822	.01181305	0
776.15	0	.8423915	.1458297	.01177881	0
775.15	0	.8419845	.146271	.01174449	0
774.15	0	.8415835	.1467064	.01171009	0
773.15	0	.8411884	.147136	.01167562	0
772.15	0	.8407989	.14756	.01164106	0
771.15	0	.8404151	.1479785	.01160642	0
770.15	0	.8400366	.1483917	.01157169	0
769.15	0	.8396634	.1487998	.01153688	0
768.15	0	.8392953	.1492027	.01150198	0
767.15	0	.8389322	.1496008	.01146699	0
766.15	0	.838574	.1499941	.01143191	0
765.15	0	.8382205	.1503828	.01139674	0
764.15	0	.8378716	.1507669	.01136148	0
763.15	0	.8375272	.1511466	.01132613	0
762.15	0	.8371873	.151522	.01129068	0
761.15	0	.8368516	.1518933	.01125514	0
760.15	0	.8365201	.1522604	.01121951	0
759.15	0	.8361927	.1526235	.01118378	0
758.15	0	.8358693	.1529828	.01114795	0
757.15	0	.8355497	.1533383	.01111203	0
756.15	0	.835234	.15369	.01107601	0
755.15	0	.8349235	.1540371	.0110395	0
754.15	0	.8346149	.1543818	.01100331	0
753.15	0	.8343099	.1547231	.01096703	0
752.15	0	.8340084	.155061	.01093064	0
751.15	0	.8337102	.1553956	.01089416	0
750.15	0	.8334154	.155727	.01085757	0
749.15	0	.8331238	.1560553	.01082088	0
748.15	0	.8328354	.1563805	.0107841	0
747.15	0	.83255	.1567028	.01074721	0
746.15	0	.8322677	.1570221	.01071022	0
745.15	0	.8319884	.1573385	.01067313	0
744.15	0	.8317119	.1576521	.01063595	0
743.15	0	.8314383	.157963	.01059866	0
742.15	0	.8311675	.1582712	.01056127	0
741.15	0	.8308994	.1585768	.01052379	0
740.15	0	.830634	.1588798	.0104862	0
739.15	0	.8303711	.1591804	.01044852	0
738.15	0	.8301109	.1594784	.01041073	0
737.15	0	.8298531	.1597741	.01037285	0
736.15	0	.8295978	.1600673	.01033487	0
735.15	0	.8293449	.1603583	.0102968	0
734.15	0	.8290943	.1606471	.01025862	0
733.15	0	.8288461	.1609336	.01022035	0
732.15	0	.8286001	.1612179	.01018199	0
731.15	0	.8283564	.1615001	.01014353	0
730.15	0	.8281148	.1617802	.01010497	0
729.15	0	.8278754	.1620583	.01006632	0
728.15	0	.8276381	.1623344	.01002757	0
727.15	0	.8274028	.1626085	.009988735	0
726.15	0	.8271696	.1628806	.009949803	0
725.15	0	.8269383	.1631509	.00991078	0
724.15	0	.826709	.1634193	.009871664	0
723.15	0	.8264817	.1636859	.009832458	0
722.15	0	.8262562	.1639507	.009793161	0
721.15	0	.8260325	.1642137	.009753775	0
720.15	0	.8258107	.164475	.009714299	0
719.15	0	.8255906	.1647346	.009674735	0
718.15	0	.8253723	.1649926	.009635084	0
717.15	0	.8251558	.1652489	.009595345	0
716.15	0	.8249409	.1655036	.009555521	0
715.15	0	.8247277	.1657567	.00951561	0
714.15	0	.8245161	.1660083	.009475615	0
713.15	0	.8243062	.1662583	.009435536	0
712.15	0	.8240978	.1665068	.009395374	0
711.15	0	.823891	.1667539	.009355129	0
710.15	0	.8236857	.1669995	.009314802	0
709.15	0	.823482	.1672436	.009274395	0
708.15	0	.8232797	.1674864	.009233907	0
707.15	0	.8230789	.1677278	.00919334	0
706.15	0	.8228795	.1679678	.009152695	0
705.15	0	.8226816	.1682064	.009111972	0
704.15	0	.8224851	.1684438	.009071172	0
703.15	0	.8222899	.1686798	.009030296	0
702.15	0	.8220961	.1689146	.008989346	0
701.15	0	.8219036	.1691481	.00894832	0
700.15	0	.8217124	.1693804	.008907222	0
699.15	0	.8215226	.1696114	.008866051	0
698.15	0	.821334	.1698412	.008824808	0
697.15	0	.8211466	.1700699	.008783494	0
696.15	0	.8209606	.1702973	.008742111	0
695.15	0	.8207757	.1705236	.008700658	0
694.15	0	.8205921	.1707488	.008659137	0
693.15	0	.8204096	.1709729	.00861755	0
692.15	0	.8202283	.1711958	.008575895	0
691.15	0	.8200482	.1714176	.008534176	0
690.15	0	.8198692	.1716384	.008492391	0
689.15	0	.8196914	.1718581	.008450544	0
688.15	0	.8195146	.1720767	.008408633	0
687.15	0	.819339	.1722944	.008366661	0
686.15	0	.8191644	.1725109	.008324628	0
685.15	0	.818991	.1727265	.008282535	0
684.15	0	.8188185	.1729411	.008240383	0
683.15	0	.8186471	.1731547	.008198173	0
682.15	0	.8184768	.1733673	.008155907	0
681.15	0	.8183075	.173579	.008113583	0
680.15	0	.8181391	.1737897	.008071205	0
679.15	0	.8179718	.1739994	.008028773	0
678.15	0	.8178054	.1742083	.007986287	0
677.15	0	.8176401	.1744162	.007943749	0
676.15	0	.8174756	.1746232	.007901159	0
675.15	0	.8173122	.1748293	.007858519	0
674.15	0	.8171496	.1750346	.00781583	0
673.15	0	.816988	.1752389	.007773092	0
672.15	0	.8168273	.1754424	.007730307	0
671.15	0	.8166675	.175645	.007687475	0
670.15	0	.8165086	.1758468	.007644597	0
669.15	0	.8163506	.1760478	.007601675	0
668.15	0	.8161934	.1762479	.007558709	0
667.15	0	.8160371	.1764472	.007515701	0
666.15	0	.8158817	.1766456	.00747265	0
665.15	0	.8157271	.1768433	.007429559	0
664.15	0	.8155734	.1770402	.007386428	0
663.15	0	.8154205	.1772363	.007343259	0
662.15	0	.8152684	.1774316	.007300052	0
661.15	0	.8151171	.1776261	.007256807	0
660.15	0	.8149666	.1778199	.007213527	0
659.15	0	.8148169	.1780129	.007170212	0
658.15	0	.814668	.1782051	.007126863	0
657.15	0	.8145199	.1783966	.007083482	0
656.15	0	.8143726	.1785874	.007040068	0
655.15	0	.814226	.1787774	.006996623	0
654.15	0	.8140801	.1789667	.006953149	0
653.15	0	.8139351	.1791553	.006909645	0
652.15	0	.8137907	.1793432	.006866113	0
651.15	0	.8136471	.1795303	.006822555	0
650.15	0	.8135043	.1797168	.00677897	0
649.15	0	.8133621	.1799025	.006735361	0
648.15	0	.8132207	.1800876	.006691727	0
647.15	0	.81308	.180272	.00664807	0
646.15	0	.8129399	.1804557	.006604391	0
645.15	0	.8128006	.1806387	.006560691	0
644.15	0	.812662	.1808211	.006516971	0
643.15	0	.812524	.1810027	.006473232	0
642.15	0	.8123867	.1811838	.006429474	0
641.15	0	.8122501	.1813642	.0063857	0
640.15	0	.8121142	.1815439	.006341909	0
639.15	0	.8119789	.181723	.006298103	0
638.15	0	.8118443	.1819014	.006254283	0
637.15	0	.8117103	.1820792	.00621045	0
636.15	0	.811577	.1822564	.006166604	0
635.15	0	.8114443	.1824329	.006122747	0
634.15	0	.8113123	.1826088	.00607888	0
633.15	0	.8111809	.1827841	.006035004	0
632.15	0	.8110501	.1829588	.005991119	0
631.15	0	.8109199	.1831329	.005947227	0
630.15	0	.8107903	.1833063	.005903329	0
629.15	0	.8106614	.1834792	.005859425	0
628.15	0	.8105331	.1836514	.005815517	0
627.15	0	.8104053	.1838231	.005771605	0
626.15	0	.8102782	.1839941	.005727691	0
625.15	0	.8101516	.1841646	.005683776	0
624.15	0	.8100257	.1843345	.00563986	0
623.15	0	.8099003	.1845038	.005595945	0
622.15	0	.8097755	.1846725	.005552031	0
621.15	0	.8096512	.1848406	.00550812	0
620.15	0	.8095276	.1850082	.005464212	0
619.15	0	.8094045	.1851752	.005420308	0
618.15	0	.809282	.1853416	.00537641	0
617.15	0	.80916	.1855074	.005332518	0
616.15	0	.8090386	.1856727	.005288634	0
615.15	0	.8089178	.1858375	.005244758	0
614.15	0	.8087975	.1860016	.005200891	0
613.15	0	.8086777	.1861652	.005157035	0
612.15	0	.8085585	.1863283	.005113189	0
611.15	0	.8084399	.1864908	.005069356	0
610.15	0	.8083217	.1866528	.005025536	0
609.15	0	.8082041	.1868142	.00498173	0
608.15	0	.808087	.186975	.00493794	0
607.15	0	.8079705	.1871354	.004894165	0
606.15	0	.8078545	.1872951	.004850407	0
605.15	0	.807739	.1874544	.004806668	0
604.15	0	.807624	.1876131	.004762947	0
603.15	0	.8075095	.1877713	.004719246	0
602.15	0	.8073955	.1879289	.004675566	0
601.15	0	.8072821	.188086	.004631908	0
600.15	0	.8071691	.1882426	.004588273	0
599.15	0	.8070567	.1883987	.004544661	0
598.15	0	.8069447	.1885542	.004501074	0
597.15	0	.8068332	.1887093	.004457513	0
596.15	0	.8067223	.1888637	.004413978	0
595.15	0	.8066118	.1890177	.004370471	0
594.15	0	.8065018	.1891712	.004326992	0
593.15	0	.8063923	.1893241	.004283543	0
592.15	0	.8062833	.1894766	.004240124	0
591.15	0	.8061748	.1896285	.004196736	0
590.15	0	.8060667	.1897799	.004153381	0
589.15	0	.8059591	.1899308	.004110059	0
588.15	0	.805852	.1900812	.004066771	0
587.15	0	.8057454	.1902311	.004023518	0
586.15	0	.8056392	.1903805	.003980302	0
585.15	0	.8055336	.1905293	.003937122	0
584.15	0	.8054283	.1906777	.00389398	0
583.15	0	.8053235	.1908256	.003850877	0
582.15	0	.8052192	.190973	.003807814	0
581.15	0	.8051154	.1911198	.003764791	0
580.15	0	.805012	.1912662	.003721811	0
579.15	0	.8049091	.1914121	.003678872	0
578.15	0	.8048066	.1915575	.003635978	0
577.15	0	.8047045	.1917024	.003593127	0
576.15	0	.8046029	.1918468	.003550322	0
575.15	0	.8045018	.1919907	.003507564	0
574.15	0	.8044011	.1921341	.003464852	0
573.15	0	.8043008	.192277	.003422189	0
572.15	0	.804201	.1924194	.003379575	0
571.15	0	.8041016	.1925613	.00333701	0
570.15	0	.8040027	.1927028	.003294497	0
569.15	0	.8039042	.1928438	.003252035	0
568.15	0	.8038061	.1929843	.003209626	0
567.15	0	.8037085	.1931242	.003167271	0
566.15	0	.8036113	.1932638	.00312497	0
565.15	0	.8035145	.1934028	.003082724	0
564.15	0	.8034181	.1935413	.003040535	0
563.15	0	.8033222	.1936794	.002998404	0
562.15	0	.8032267	.193817	.00295633	0
561.15	0	.8031316	.1939541	.002914315	0
560.15	0	.803037	.1940907	.00287236	0
559.15	0	.8029427	.1942268	.002830466	0
558.15	0	.8028489	.1943625	.002788634	0
557.15	0	.8027555	.1944977	.002746864	0
556.15	0	.8026625	.1946324	.002705158	0
555.15	0	.8025699	.1947666	.002663516	0
554.15	0	.8024777	.1949003	.00262194	0
553.15	0	.802386	.1950336	.00258043	0
552.15	0	.8022946	.1951664	.002538986	0
551.15	0	.8022037	.1952987	.002497611	0
550.15	0	.8021131	.1954306	.002456304	0
549.15	0	.802023	.1955619	.002415067	0
548.15	0	.8019333	.1956928	.002373901	0
547.15	0	.8018439	.1958232	.002332806	0
546.15	0	.801755	.1959532	.002291783	0
545.15	0	.8016665	.1960827	.002250834	0
544.15	0	.8015784	.1962117	.002209958	0
543.15	0	.8014907	.1963402	.002169158	0
542.15	0	.8014033	.1964683	.002128433	0
541.15	0	.8013164	.1965958	.002087785	0
540.15	0	.8012298	.196723	.002047214	0
539.15	0	.8011437	.1968496	.002006722	0
538.15	0	.8010579	.1969758	.001966308	0
537.15	0	.8009726	.1971015	.001925975	0
536.15	0	.8008876	.1972267	.001885723	0
535.15	0	.800803	.1973514	.001845552	0
534.15	0	.8007188	.1974757	.001805464	0
533.15	0	.800635	.1975996	.001765459	0
532.15	0	.8005516	.1977229	.001725539	0
531.15	0	.8004685	.1978458	.001685703	0
530.15	0	.8003859	.1979682	.001645954	0
529.15	0	.8003036	.1980901	.001606291	0
528.15	0	.8002217	.1982116	.001566716	0
527.15	0	.8001402	.1983326	.001527229	0
526.15	0	.800059	.1984532	.001487831	0
525.15	0	.7999783	.1985732	.001448524	0
524.15	0	.7998979	.1986928	.001409307	0
523.15	0	.7998179	.1988119	.001370182	0
522.15	0	.7997382	.1989306	.001331149	0
521.15	0	.799659	.1990488	.00129221	0
520.15	0	.7995801	.1991665	.001253365	0
519.15	0	.7995016	.1992838	.001214615	0
518.15	0	.7994235	.1994006	.00117596	0
517.15	0	.7993457	.1995169	.001137402	0
516.15	0	.7992683	.1996328	.001098941	0
515.15	0	.7991913	.1997481	.001060579	0
514.15	0	.7991146	.1998631	.001022315	0
513.15	0	.7990383	.1999775	9.841511E-04	0
512.15	0	.7989624	.2000915	9.460875E-04	0
511.15	0	.7988869	.200205	9.081252E-04	0
510.15	0	.7988117	.2003181	8.702649E-04	0
509.15	0	.7987369	.2004306	8.325074E-04	0
508.15	0	.7986625	.2005427	7.947501E-04	0
507.15	0	.7985884	.2006544	7.571986E-04	0
506.15	0	.7985147	.2007656	7.197522E-04	0
505.15	0	.7984413	.2008763	6.824117E-04	0
504.15	0	.7983683	.2009865	6.451778E-04	0
503.15	0	.7982957	.2010963	6.080512E-04	0
502.15	0	.7982234	.2012056	5.710328E-04	0
501.15	0	.7981514	.2013144	5.341232E-04	0
500.15	0	.7980799	.2014228	4.973233E-04	0
499.15	0	.7980086	.2015307	4.606338E-04	0
498.15	0	.7979378	.2016382	4.240554E-04	0
497.15	0	.7978673	.2017451	3.875889E-04	0
496.15	0	.7977971	.2018516	3.512349E-04	0
495.15	0	.7977274	.2019577	3.149943E-04	0
494.15	0	.7976579	.2020632	2.788677E-04	0
493.15	0	.7975888	.2021683	2.428559E-04	0
492.15	0	.7975201	.202273	2.069597E-04	0
491.15	0	.7974517	.2023771	1.711796E-04	0
490.15	0	.7973837	.2024808	1.355165E-04	0
489.15	0	.797316	.202584	9.997106E-05	0
488.15	0	.7972487	.2026868	6.454397E-05	0
487.15	0	.7971817	.2027891	2.923595E-05	0
486.3194	0	.7971263	.2028737	0	0
486.3194	0	.7971263	.2028737	0	0
486.15	0	.7971123	.2028877	0	0
485.15	0	.7970297	.2029703	0	0
484.15	0	.7969475	.2030525	0	0
483.15	0	.7968656	.2031344	0	0
482.15	0	.796784	.203216	0	0
481.15	0	.7967028	.2032972	0	0
480.15	0	.7966219	.2033781	0	0
479.15	0	.7965414	.2034586	0	0
478.15	0	.7964612	.2035388	0	0
477.15	0	.7963813	.2036187	0	0
476.15	0	.7963018	.2036982	0	0
475.15	0	.7962227	.2037773	0	0
474.15	0	.7961438	.2038562	0	0
473.15	0	.7960653	.2039347	0	0
472.15	0	.7959872	.2040128	0	0
471.15	0	.7959094	.2040907	0	0
470.15	0	.7958319	.2041681	0	0
469.15	0	.7957547	.2042453	0	0
468.15	0	.7956779	.2043221	0	0
467.15	0	.7956015	.2043985	0	0
466.15	0	.7955254	.2044746	0	0
465.15	0	.7954496	.2045504	0	0
464.15	0	.7953742	.2046258	0	0
463.15	0	.7952991	.2047009	0	0
462.15	0	.7952243	.2047757	0	0
461.15	0	.7951499	.2048501	0	0
460.15	0	.7950758	.2049242	0	0
459.15	0	.7950021	.2049979	0	0
458.15	0	.7949287	.2050713	0	0
457.15	0	.7948557	.2051443	0	0
456.15	0	.794783	.205217	0	0
455.15	0	.7947106	.2052894	0	0
454.15	0	.7946386	.2053614	0	0
453.15	0	.7945669	.2054331	0	0
452.15	0	.7944956	.2055044	0	0
451.15	0	.7944246	.2055754	0	0
450.15	0	.794354	.2056461	0	0
449.15	0	.7942837	.2057163	0	0
448.15	0	.7942138	.2057862	0	0
447.15	0	.7941443	.2058557	0	0
446.15	0	.7940751	.2059249	0	0
445.15	0	.7940063	.2059937	0	0
444.15	0	.7939378	.2060622	0	0
443.15	0	.7938698	.2061302	0	0
442.15	0	.7938021	.2061979	0	0
441.15	0	.7937348	.2062652	0	0
440.15	0	.7936679	.2063321	0	0
439.15	0	.7936013	.2063987	0	0
438.15	0	.7935352	.2064648	0	0
437.15	0	.7934695	.2065305	0	0
436.15	0	.7934042	.2065958	0	0
435.15	0	.7933393	.2066608	0	0
434.15	0	.7932747	.2067253	0	0
433.15	0	.7932107	.2067893	0	0
432.15	0	.793147	.206853	0	0
431.15	0	.7930837	.2069163	0	0
430.15	0	.7930209	.2069791	0	0
429.15	0	.7929585	.2070415	0	0
428.15	0	.7928965	.2071035	0	0
427.15	0	.792835	.207165	0	0
426.15	0	.7927739	.2072261	0	0
425.15	0	.7927132	.2072868	0	0
424.15	0	.792653	.207347	0	0
423.15	0	.7925932	.2074069	0	0
422.15	0	.7925338	.2074662	0	0
421.15	0	.7924749	.2075251	0	0
420.15	0	.7924164	.2075836	0	0
419.15	0	.7923583	.2076417	0	0
418.15	0	.7923007	.2076993	0	0
417.15	0	.7922436	.2077564	0	0
416.15	0	.7921868	.2078132	0	0
415.15	0	.7921305	.2078695	0	0
414.15	0	.7920747	.2079253	0	0
413.15	0	.7920193	.2079807	0	0
412.15	0	.7919644	.2080356	0	0
411.15	0	.7919099	.2080901	0	0
410.15	0	.7918558	.2081442	0	0
409.15	0	.7918022	.2081978	0	0
408.15	0	.791749	.208251	0	0
407.15	0	.7916963	.2083037	0	0
406.15	0	.7916441	.2083559	0	0
405.15	0	.7915922	.2084078	0	0
404.15	0	.7915408	.2084592	0	0
403.15	0	.7914899	.2085102	0	0
402.15	0	.7914393	.2085607	0	0
401.15	0	.7913893	.2086107	0	0
400.15	0	.7913396	.2086604	0	0
399.15	0	.7912904	.2087096	0	0
398.15	0	.7912416	.2087584	0	0
397.15	0	.7911933	.2088067	0	0
396.15	0	.7911454	.2088546	0	0
395.15	0	.7910979	.2089021	0	0
394.15	0	.7910509	.2089491	0	0
393.15	0	.7910043	.2089957	0	0
392.15	0	.7909581	.2090419	0	0
391.9717	0	.7909499	.2090501	0	0
391.9717	0	.7909499	.2090501	0	0
391.9717	0	.7909499	.2090501	0	0
391.15	0	.7909477	.2088559	0	1.964153E-04
390.15	0	.7909452	.2086198	0	4.349788E-04
389.15	0	.7909428	.2083841	0	6.730383E-04
388.15	0	.7909406	.2081488	0	9.105986E-04
387.15	0	.7909385	.2079139	0	.001147664
386.15	0	.7909365	.2076793	0	.001384239
385.15	0	.7909346	.207445	0	.001620329
384.15	0	.7909329	.2072111	0	.001855936
383.15	0	.7909314	.2069776	0	.002091067
382.15	0	.7909299	.2067444	0	.002325724
381.15	0	.7909286	.2065115	0	.002559911
380.15	0	.7909275	.2062789	0	.002793633
379.15	0	.7909265	.2060467	0	.003026894
378.15	0	.7909256	.2058147	0	.003259697
377.15	0	.7909248	.2055831	0	.003492046
376.15	0	.7909242	.2053518	0	.003723945
375.15	0	.7909238	.2051208	0	.003955397
374.15	0	.7909235	.2048901	0	.004186405
373.15	0	.7909233	.2046597	0	.004416974
372.15	0	.7909233	.2044296	0	.004647106
371.15	0	.7909234	.2041998	0	.004876805
370.15	0	.7909237	.2039702	0	.005106075
369.15	0	.7909241	.203741	0	.005334917
368.15	0	.7909247	.203512	0	.005563335
367.15	0	.7909254	.2032833	0	.005791333
366.15	0	.7909262	.2030549	0	.006018912
365.15	0	.7909272	.2028267	0	.006246077
364.15	0	.7909283	.2025989	0	.00647283
363.15	0	.7909296	.2023713	0	.006699173
362.15	0	.790931	.2021439	0	.006925109
361.15	0	.7909325	.2019168	0	.007150642
360.15	0	.7909343	.20169	0	.007375773
359.15	0	.7909361	.2014634	0	.007600505
358.15	0	.7909381	.2012371	0	.00782484
357.15	0	.7909402	.201011	0	.008048781
356.15	0	.7909425	.2007852	0	.008272331
355.15	0	.7909449	.2005596	0	.008495491
354.15	0	.7909474	.2003343	0	.008718264
353.15	0	.7909501	.2001092	0	.008940652
352.15	0	.790953	.1998844	0	.009162657
351.15	0	.7909559	.1996598	0	.009384281
350.15	0	.790959	.1994354	0	.009605527
349.15	0	.7909623	.1992113	0	.009826396
348.15	0	.7909657	.1989874	0	.01004689
347.15	0	.7909692	.1987638	0	.01026701
346.15	0	.7909729	.1985404	0	.01048676
345.15	0	.7909767	.1983172	0	.01070614
344.15	0	.7909806	.1980943	0	.01092515
343.15	0	.7909846	.1978716	0	.0111438
342.15	0	.7909888	.1976491	0	.01136208
341.15	0	.7909932	.1974268	0	.01158001
340.15	0	.7909976	.1972048	0	.01179757
339.15	0	.7910022	.196983	0	.01201477
338.15	0	.791007	.1967614	0	.01223161
337.15	0	.7910118	.1965401	0	.01244809
336.15	0	.7910168	.196319	0	.01266423
335.15	0	.7910219	.1960981	0	.01288
334.15	0	.7910272	.1958774	0	.01309543
333.15	0	.7910326	.195657	0	.0133105
332.15	0	.7910381	.1954367	0	.01352523
331.15	0	.7910437	.1952167	0	.0137396
330.15	0	.7910494	.194997	0	.01395363
329.15	0	.7910553	.1947774	0	.01416732
328.15	0	.7910613	.1945581	0	.01438066
327.15	0	.7910674	.1943389	0	.01459365
326.15	0	.7910736	.19412	0	.0148063
325.15	0	.79108	.1939014	0	.01501861
324.15	0	.7910865	.1936829	0	.01523058
323.15	0	.7910931	.1934647	0	.01544221
322.15	0	.7910998	.1932467	0	.01565351
321.15	0	.7911067	.1930289	0	.01586446
320.15	0	.7911136	.1928113	0	.01607508
319.15	0	.7911207	.192594	0	.01628536
318.15	0	.7911278	.1923769	0	.01649531
317.15	0	.7911351	.1921599	0	.01670492
316.15	0	.7911425	.1919433	0	.0169142
315.15	0	.7911501	.1917268	0	.01712315
314.15	0	.7911577	.1915105	0	.01733176
313.15	0	.7911654	.1912945	0	.01754005
312.15	0	.7911733	.1910787	0	.017748
311.15	0	.7911812	.1908631	0	.01795563
310.15	0	.7911893	.1906478	0	.01816292
309.15	0	.7911975	.1904326	0	.01836989
308.15	0	.7912057	.1902177	0	.01857653
307.15	0	.7912141	.190003	0	.01878284
306.15	0	.7912226	.1897886	0	.01898883
305.15	0	.7912312	.1895743	0	.01919449
304.15	0	.7912399	.1893603	0	.01939982
303.15	0	.7912487	.1891465	0	.01960483
302.15	0	.7912576	.1889329	0	.01980952
301.15	0	.7912665	.1887196	0	.02001388
300.15	0	.7912756	.1885065	0	.02021792
299.15	0	.7912848	.1882936	0	.02042163
298.15	0	.7912941	.1880809	0	.02062503
