T	 BPW(LIQUID)	BPW(BCC_A2)	BPW(FCC_A1)	BPW(LAVES_PHASE_C14)	BPW(NI3TI)
1473.15	.2276816	.7723184	0	0	0
1472.15	.2247511	.7752489	0	0	0
1471.15	.2218421	.7781579	0	0	0
1470.15	.2189545	.7810455	0	0	0
1469.15	.2160881	.7839119	0	0	0
1468.15	.2132427	.7867573	0	0	0
1467.15	.2104182	.7895818	0	0	0
1466.15	.2076145	.7923856	0	0	0
1465.15	.2048312	.7951688	0	0	0
1464.15	.2020684	.7979317	0	0	0
1463.15	.1993257	.8006743	0	0	0
1462.15	.1966032	.8033969	0	0	0
1461.15	.1939005	.8060995	0	0	0
1460.15	.1912176	.8087824	0	0	0
1459.15	.1885543	.8114457	0	0	0
1458.15	.1859104	.8140896	0	0	0
1457.15	.1832858	.8167142	0	0	0
1456.15	.1806804	.8193196	0	0	0
1455.15	.1780939	.8219061	0	0	0
1454.15	.1755263	.8244737	0	0	0
1453.15	.1729773	.8270227	0	0	0
1452.15	.1704469	.8295531	0	0	0
1451.15	.1679349	.8320651	0	0	0
1450.15	.1654411	.8345589	0	0	0
1449.15	.1629655	.8370345	0	0	0
1448.15	.1605077	.8394923	0	0	0
1447.15	.1580679	.8419322	0	0	0
1446.15	.1556456	.8443544	0	0	0
1445.15	.153241	.8467591	0	0	0
1444.15	.1508537	.8491463	0	0	0
1443.15	.1484837	.8515164	0	0	0
1442.15	.1461308	.8538693	0	0	0
1441.15	.1437948	.8562052	0	0	0
1440.15	.1414758	.8585242	0	0	0
1439.15	.1391734	.8608266	0	0	0
1438.15	.1368877	.8631123	0	0	0
1437.15	.1346184	.8653816	0	0	0
1436.15	.1323654	.8676346	0	0	0
1435.15	.1301286	.8698714	0	0	0
1434.15	.1279079	.8720921	0	0	0
1433.15	.1257031	.8742969	0	0	0
1432.15	.1235141	.8764859	0	0	0
1431.15	.1213409	.8786592	0	0	0
1430.15	.1191831	.8808169	0	0	0
1429.15	.1170408	.8829592	0	0	0
1428.15	.1149139	.8850861	0	0	0
1427.15	.1128021	.8871979	0	0	0
1426.15	.1107054	.8892946	0	0	0
1425.15	.1086237	.8913763	0	0	0
1424.15	.1065568	.8934433	0	0	0
1423.15	.1045046	.8954954	0	0	0
1422.15	.102467	.897533	0	0	0
1421.15	.1004439	.8995561	0	0	0
1420.15	.09843514	.9015649	0	0	0
1419.15	.09644067	.9035593	0	0	0
1418.15	.09446034	.9055397	0	0	0
1417.15	.09249404	.907506	0	0	0
1416.15	.09054167	.9094583	0	0	0
1415.15	.08860311	.9113969	0	0	0
1414.15	.08667825	.9133218	0	0	0
1413.15	.08476698	.915233	0	0	0
1412.15	.08286921	.9171308	0	0	0
1411.15	.08098481	.9190152	0	0	0
1410.15	.07911369	.9208863	0	0	0
1409.15	.07725574	.9227443	0	0	0
1408.15	.07541086	.9245891	0	0	0
1407.15	.07357894	.9264211	0	0	0
1406.15	.07175989	.9282401	0	0	0
1405.15	.06995359	.9300464	0	0	0
1404.15	.06815996	.93184	0	0	0
1403.15	.0663789	.9336211	0	0	0
1402.15	.06461029	.9353897	0	0	0
1401.15	.06285405	.937146	0	0	0
1400.755	.06216424	.9378358	0	0	0
1400.755	.06216424	.9378358	0	0	0
1400.755	.06216424	.9378358	0	0	0
1400.15	.06056071	.9387311	0	7.081656E-04	0
1399.15	.05793467	.9401939	0	.001871416	0
1398.15	.055337	.9416365	0	.003026453	0
1397.15	.05276722	.9430594	0	.00417342	0
1396.15	.05022484	.9444627	0	.005312458	0
1395.15	.04770938	.9458469	0	.006443703	0
1394.15	.04522038	.9472123	0	.00756729	0
1393.15	.0427574	.9485592	0	.00868335	0
1392.15	.04031999	.949888	0	.00979201	0
1391.15	.03790771	.9511989	0	.0108934	0
1390.15	.03552015	.9524922	0	.01198763	0
1389.15	.03315689	.9537683	0	.01307483	0
1388.15	.03081752	.9550274	0	.01415512	0
1387.15	.02850165	.9562697	0	.01522861	0
1386.15	.02620889	.9574957	0	.01629541	0
1385.15	.02393885	.9587055	0	.01735564	0
1384.15	.02169117	.9598994	0	.01840939	0
1383.15	.01946547	.9610777	0	.01945677	0
1382.15	.01726141	.9622407	0	.0204979	0
1381.15	.01507864	.9633885	0	.02153285	0
1380.15	.0129168	.9645215	0	.02256175	0
1379.15	.01077557	.9656398	0	.02358468	0
1378.15	.008654608	.9667437	0	.02460173	0
1377.15	.0065536	.9678334	0	.025613	0
1376.15	.004472229	.9689092	0	.02661858	0
1375.15	.002410184	.9699713	0	.02761855	0
1374.15	3.671622E-04	.9710198	0	.02861302	0
1373.969	0	.9712079	0	.02879213	0
1373.969	0	.9712079	0	.02879213	0
1373.15	0	.9706391	0	.02936089	0
1372.15	0	.9699464	0	.03005363	0
1371.15	0	.9692552	0	.03074479	0
1370.15	0	.9685656	0	.03143437	0
1369.15	0	.9678776	0	.03212238	0
1368.15	0	.9671912	0	.03280881	0
1367.15	0	.9665063	0	.03349367	0
1366.15	0	.965823	0	.03417698	0
1365.15	0	.9651413	0	.03485872	0
1364.15	0	.9644611	0	.03553892	0
1363.15	0	.9637824	0	.03621757	0
1362.15	0	.9631053	0	.03689468	0
1361.15	0	.9624298	0	.03757025	0
1360.15	0	.9617557	0	.03824429	0
1359.15	0	.9610832	0	.03891681	0
1358.15	0	.9604122	0	.0395878	0
1357.15	0	.9597427	0	.04025728	0
1356.15	0	.9590748	0	.04092524	0
1355.15	0	.9584083	0	.0415917	0
1354.15	0	.9577433	0	.04225665	0
1353.15	0	.9570799	0	.04292011	0
1352.15	0	.9564179	0	.04358208	0
1351.15	0	.9557575	0	.04424255	0
1350.15	0	.9550985	0	.04490155	0
1349.15	0	.9544409	0	.04555906	0
1348.15	0	.9537849	0	.0462151	0
1347.15	0	.9531303	0	.04686968	0
1346.15	0	.9524772	0	.04752278	0
1345.15	0	.9518256	0	.04817443	0
1344.15	0	.9511754	0	.04882462	0
1343.15	0	.9505266	0	.04947336	0
1342.15	0	.9498794	0	.05012066	0
1341.15	0	.9492335	0	.05076651	0
1340.15	0	.9485891	0	.05141092	0
1339.15	0	.9479461	0	.0520539	0
1338.15	0	.9473045	0	.05269545	0
1337.15	0	.9466644	0	.05333558	0
1336.15	0	.9460257	0	.05397429	0
1335.15	0	.9453884	0	.05461159	0
1334.15	0	.9447525	0	.05524747	0
1333.15	0	.9441181	0	.05588195	0
1332.15	0	.943485	0	.05651502	0
1331.15	0	.9428533	0	.0571467	0
1330.15	0	.942223	0	.05777698	0
1329.15	0	.9415941	0	.05840587	0
1328.15	0	.9409666	0	.05903338	0
1327.15	0	.9403405	0	.05965951	0
1326.15	0	.9397157	0	.06028426	0
1325.15	0	.9390924	0	.06090763	0
1324.15	0	.9384704	0	.06152964	0
1323.15	0	.9378497	0	.06215029	0
1322.15	0	.9372304	0	.06276957	0
1321.15	0	.9366125	0	.0633875	0
1320.15	0	.9359959	0	.06400408	0
1319.15	0	.9353807	0	.06461931	0
1318.15	0	.9347668	0	.0652332	0
1317.15	0	.9341543	0	.06584574	0
1316.15	0	.933543	0	.06645696	0
1315.15	0	.9329332	0	.06706684	0
1314.15	0	.9323246	0	.06767539	0
1313.15	0	.9317174	0	.06828262	0
1312.15	0	.9311115	0	.06888853	0
1311.15	0	.9305069	0	.06949312	0
1310.15	0	.9299036	0	.0700964	0
1309.15	0	.9293016	0	.07069837	0
1308.15	0	.928701	0	.07129904	0
1307.15	0	.9281016	0	.07189841	0
1306.15	0	.9275035	0	.07249649	0
1305.15	0	.9269067	0	.07309327	0
1304.15	0	.9263112	0	.07368876	0
1303.15	0	.925717	0	.07428297	0
1302.15	0	.9251241	0	.0748759	0
1301.15	0	.9245325	0	.07546755	0
1300.15	0	.9239421	0	.07605792	0
1299.15	0	.923353	0	.07664703	0
1298.15	0	.9227651	0	.07723487	0
1297.15	0	.9221785	0	.07782145	0
1296.15	0	.9215932	0	.07840677	0
1295.15	0	.9210092	0	.07899083	0
1294.15	0	.9204264	0	.07957365	0
1293.15	0	.9198448	0	.08015521	0
1292.15	0	.9192645	0	.08073553	0
1291.15	0	.9186854	0	.08131462	0
1290.15	0	.9181075	0	.08189246	0
1289.15	0	.9175309	0	.08246907	0
1288.15	0	.9169555	0	.08304445	0
1287.15	0	.9163814	0	.08361861	0
1286.15	0	.9158085	0	.08419154	0
1285.15	0	.9152368	0	.08476325	0
1284.15	0	.9146663	0	.08533375	0
1283.15	0	.914097	0	.08590304	0
1282.15	0	.9135289	0	.08647111	0
1281.15	0	.912962	0	.08703798	0
1280.15	0	.9123964	0	.08760366	0
1279.15	0	.9118319	0	.08816813	0
1278.15	0	.9112686	0	.0887314	0
1277.15	0	.9107065	0	.08929349	0
1276.15	0	.9101456	0	.08985438	0
1275.15	0	.9095859	0	.09041409	0
1274.15	0	.9090274	0	.09097263	0
1273.15	0	.90847	0	.09152998	0
1272.15	0	.9079138	0	.09208615	0
1271.15	0	.9073588	0	.09264116	0
1270.15	0	.906805	0	.09319499	0
1269.15	0	.9062523	0	.09374767	0
1268.15	0	.9057008	0	.09429918	0
1267.15	0	.9051505	0	.09484953	0
1266.15	0	.9046013	0	.09539872	0
1265.15	0	.9040532	0	.09594677	0
1264.15	0	.9035063	0	.09649366	0
1263.15	0	.9029606	0	.09703941	0
1262.15	0	.902416	0	.09758402	0
1261.15	0	.9018725	0	.09812749	0
1260.15	0	.9013302	0	.09866981	0
1259.15	0	.900789	0	.09921101	0
1258.15	0	.9002489	0	.09975108	0
1257.15	0	.89971	0	.10029	0
1256.15	0	.8991722	0	.1008278	0
1255.15	0	.8986355	0	.1013645	0
1254.15	0	.8980999	0	.1019001	0
1253.15	0	.8975654	0	.1024346	0
1252.15	0	.8970321	0	.1029679	0
1251.15	0	.8964998	0	.1035002	0
1250.15	0	.8959687	0	.1040313	0
1249.15	0	.8954387	0	.1045613	0
1248.15	0	.8949097	0	.1050903	0
1247.15	0	.8943819	0	.1056181	0
1246.15	0	.8938551	0	.1061449	0
1245.15	0	.8933295	0	.1066705	0
1244.15	0	.8928049	0	.1071951	0
1243.15	0	.8922814	0	.1077186	0
1242.15	0	.891759	0	.108241	0
1241.15	0	.8912377	0	.1087623	0
1240.15	0	.8907175	0	.1092825	0
1239.15	0	.8901983	0	.1098017	0
1238.15	0	.8896802	0	.1103198	0
1237.15	0	.8891632	0	.1108368	0
1236.15	0	.8886472	0	.1113528	0
1235.15	0	.8881323	0	.1118677	0
1234.15	0	.8876185	0	.1123815	0
1233.15	0	.8871057	0	.1128943	0
1232.15	0	.8865939	0	.113406	0
1231.15	0	.8860833	0	.1139167	0
1230.15	0	.8855736	0	.1144264	0
1229.15	0	.885065	0	.114935	0
1228.15	0	.8845575	0	.1154425	0
1227.15	0	.884051	0	.115949	0
1226.15	0	.8835455	0	.1164545	0
1225.15	0	.8830411	0	.1169589	0
1224.15	0	.8825377	0	.1174623	0
1223.15	0	.8820353	0	.1179647	0
1222.15	0	.881534	0	.118466	0
1221.15	0	.8810336	0	.1189664	0
1220.15	0	.8805343	0	.1194657	0
1219.15	0	.8800361	0	.1199639	0
1218.15	0	.8795388	0	.1204612	0
1217.15	0	.8790425	0	.1209575	0
1216.15	0	.8785473	0	.1214527	0
1215.15	0	.8780531	0	.1219469	0
1214.15	0	.8775598	0	.1224402	0
1213.15	0	.8770676	0	.1229324	0
1212.15	0	.8765764	0	.1234236	0
1211.15	0	.8760862	0	.1239138	0
1210.15	0	.8755969	0	.1244031	0
1209.15	0	.8751087	0	.1248913	0
1208.15	0	.8746215	0	.1253785	0
1207.15	0	.8741352	0	.1258648	0
1206.15	0	.8736499	0	.1263501	0
1205.15	0	.8731657	0	.1268344	0
1204.15	0	.8726823	0	.1273177	0
1203.15	0	.8722	0	.1278	0
1202.15	0	.8717187	0	.1282813	0
1201.15	0	.8712383	0	.1287617	0
1200.15	0	.8707589	0	.1292411	0
1199.15	0	.8702804	0	.1297196	0
1198.15	0	.869803	0	.130197	0
1197.15	0	.8693265	0	.1306735	0
1196.15	0	.8688509	0	.1311491	0
1195.15	0	.8683763	0	.1316237	0
1194.15	0	.8679027	0	.1320973	0
1193.15	0	.86743	0	.13257	0
1192.15	0	.8669583	0	.1330417	0
1191.15	0	.8664875	0	.1335125	0
1190.15	0	.8660177	0	.1339823	0
1189.15	0	.8655488	0	.1344512	0
1188.15	0	.8650809	0	.1349191	0
1187.15	0	.8646139	0	.1353861	0
1186.15	0	.8641478	0	.1358522	0
1185.15	0	.8636827	0	.1363173	0
1184.15	0	.8632185	0	.1367815	0
1183.15	0	.8627553	0	.1372447	0
1182.15	0	.8622929	0	.1377071	0
1181.15	0	.8618315	0	.1381685	0
1180.15	0	.8613711	0	.1386289	0
1179.15	0	.8609115	0	.1390885	0
1178.15	0	.8604529	0	.1395471	0
1177.15	0	.8599952	0	.1400048	0
1176.15	0	.8595384	0	.1404616	0
1175.15	0	.8590825	0	.1409175	0
1174.15	0	.8586275	0	.1413725	0
1173.15	0	.8581735	0	.1418265	0
1172.15	0	.8577203	0	.1422797	0
1171.15	0	.8572681	0	.1427319	0
1170.15	0	.8568168	0	.1431832	0
1169.15	0	.8563663	0	.1436337	0
1168.15	0	.8559168	0	.1440832	0
1167.15	0	.8554681	0	.1445319	0
1166.15	0	.8550204	0	.1449796	0
1165.15	0	.8545735	0	.1454265	0
1164.15	0	.8541276	0	.1458724	0
1163.15	0	.8536825	0	.1463175	0
1162.15	0	.8532383	0	.1467617	0
1161.15	0	.852795	0	.147205	0
1160.15	0	.8523526	0	.1476474	0
1159.15	0	.8519111	0	.1480889	0
1158.15	0	.8514704	0	.1485296	0
1157.15	0	.8510307	0	.1489694	0
1156.15	0	.8505918	0	.1494082	0
1155.15	0	.8501537	0	.1498463	0
1154.15	0	.8497165	0	.1502835	0
1153.15	0	.8492803	0	.1507198	0
1152.15	0	.8488448	0	.1511552	0
1151.15	0	.8484103	0	.1515897	0
1150.15	0	.8479766	0	.1520234	0
1149.15	0	.8475438	0	.1524562	0
1148.15	0	.8471118	0	.1528882	0
1147.15	0	.8466807	0	.1533193	0
1146.15	0	.8462504	0	.1537496	0
1145.15	0	.845821	0	.154179	0
1144.15	0	.8453925	0	.1546075	0
1143.15	0	.8449648	0	.1550352	0
1142.15	0	.8445379	0	.1554621	0
1141.15	0	.8441119	0	.1558881	0
1140.15	0	.8436868	0	.1563133	0
1139.15	0	.8432624	0	.1567376	0
1138.15	0	.8428389	0	.1571611	0
1137.15	0	.8424163	0	.1575837	0
1136.15	0	.8419945	0	.1580055	0
1135.15	0	.8415736	0	.1584264	0
1134.15	0	.8411534	0	.1588466	0
1133.15	0	.8407341	0	.1592659	0
1132.15	0	.8403156	0	.1596844	0
1131.15	0	.839898	0	.160102	0
1130.15	0	.8394812	0	.1605188	0
1129.15	0	.8390652	0	.1609348	0
1128.15	0	.83865	0	.16135	0
1127.15	0	.8382357	0	.1617643	0
1126.15	0	.8378222	0	.1621778	0
1125.15	0	.8374095	0	.1625905	0
1124.15	0	.8369976	0	.1630024	0
1123.15	0	.8365865	0	.1634135	0
1122.15	0	.8361762	0	.1638238	0
1121.15	0	.8357668	0	.1642332	0
1120.15	0	.8353582	0	.1646419	0
1119.24	0	.8349868	0	.1650132	0
1119.24	0	.8349868	0	.1650132	0
1119.24	0	.8349868	0	.1650132	0
1119.15	0	.8348887	6.549754E-05	.1650458	0
1118.15	0	.8337952	7.959236E-04	.1654088	0
1117.15	0	.8327047	.001524309	.165771	0
1116.15	0	.831617	.002250655	.1661323	0
1115.15	0	.8305324	.002974965	.1664927	0
1114.15	0	.8294506	.003697241	.1668522	0
1113.15	0	.8283718	.004417484	.1672107	0
1112.15	0	.8272959	.005135698	.1675684	0
1111.15	0	.826223	.005851884	.1679252	0
1110.15	0	.8251529	.006566044	.168281	0
1109.15	0	.8240858	.007278181	.168636	0
1108.15	0	.8230216	.007988296	.1689901	0
1107.15	0	.8219603	.008696392	.1693433	0
1106.15	0	.8209019	.00940247	.1696956	0
1105.15	0	.8198464	.01010653	.1700471	0
1104.15	0	.8187938	.01080858	.1703976	0
1103.15	0	.8177441	.01150862	.1707473	0
1102.15	0	.8166973	.01220665	.1710961	0
1101.15	0	.8156533	.01290268	.171444	0
1100.15	0	.8146123	.01359669	.171791	0
1099.15	0	.8135741	.01428871	.1721372	0
1098.15	0	.8125388	.01497872	.1724825	0
1097.15	0	.8115064	.01566673	.1728269	0
1096.15	0	.8104768	.01635275	.1731705	0
1095.15	0	.8094501	.01703677	.1735132	0
1094.15	0	.8084262	.0177188	.173855	0
1093.15	0	.8074052	.01839883	.1741959	0
1092.15	0	.8063871	.01907688	.174536	0
1091.15	0	.8053718	.01975294	.1748753	0
1090.15	0	.8043594	.02042701	.1752136	0
1089.15	0	.8033497	.0210991	.1755512	0
1088.15	0	.802343	.02176921	.1758878	0
1087.15	0	.801339	.02243733	.1762237	0
1086.15	0	.8003379	.02310348	.1765586	0
1085.15	0	.7993396	.02376765	.1768927	0
1084.15	0	.7983442	.02442984	.177226	0
1083.15	0	.7973515	.02509007	.1775584	0
1082.15	0	.7963617	.02574832	.17789	0
1081.15	0	.7953747	.0264046	.1782207	0
1080.15	0	.7943905	.02705891	.1785506	0
1079.15	0	.7934091	.02771126	.1788797	0
1078.15	0	.7924305	.02836165	.1792079	0
1077.15	0	.7914547	.02901007	.1795352	0
1076.15	0	.7904817	.02965653	.1798618	0
1075.15	0	.7895115	.03030103	.1801875	0
1074.15	0	.7885441	.03094358	.1805123	0
1073.15	0	.7875795	.03158417	.1808364	0
1072.15	0	.7866177	.0322228	.1811596	0
1071.15	0	.7856586	.03285949	.1814819	0
1070.15	0	.7847023	.03349422	.1818035	0
1069.15	0	.7837488	.03412701	.1821242	0
1068.15	0	.7827981	.03475785	.1824441	0
1067.15	0	.7818501	.03538674	.1827631	0
1066.15	0	.7809049	.0360137	.1830814	0
1065.15	0	.7799625	.03663871	.1833988	0
1064.15	0	.7790229	.03726178	.1837154	0
1063.15	0	.7780859	.03788291	.1840312	0
1062.15	0	.7771518	.03850211	.1843461	0
1061.15	0	.7762204	.03911937	.1846602	0
1060.15	0	.7752917	.03973471	.1849736	0
1059.15	0	.7743658	.04034811	.1852861	0
1058.15	0	.7734427	.04095958	.1855978	0
1057.15	0	.7725223	.04156912	.1859086	0
1056.15	0	.7716046	.04217674	.1862187	0
1055.15	0	.7706896	.04278244	.1865279	0
1054.15	0	.7697774	.04338621	.1868364	0
1053.15	0	.7688679	.04398807	.187144	0
1052.15	0	.7679612	.044588	.1874508	0
1051.15	0	.7670571	.04518603	.1877568	0
1050.15	0	.7661558	.04578213	.188062	0
1049.15	0	.7652572	.04637633	.1883664	0
1048.15	0	.7643614	.04696861	.18867	0
1047.15	0	.7634682	.04755899	.1889728	0
1046.15	0	.7625778	.04814745	.1892748	0
1045.15	0	.76169	.04873402	.189576	0
1044.15	0	.760805	.04931868	.1898764	0
1043.15	0	.7599226	.04990144	.1901759	0
1042.15	0	.759043	.0504823	.1904747	0
1041.15	0	.7581661	.05106126	.1907727	0
1040.15	0	.7572918	.05163833	.1910698	0
1039.15	0	.7564203	.05221351	.1913662	0
1038.15	0	.7555514	.05278679	.1916618	0
1037.15	0	.7546853	.05335819	.1919566	0
1036.15	0	.7538218	.0539277	.1922505	0
1035.15	0	.752961	.05449533	.1925437	0
1034.15	0	.7521028	.05506107	.1928361	0
1033.15	0	.7512474	.05562494	.1931277	0
1032.15	0	.7503946	.05618692	.1934185	0
1031.15	0	.7495445	.05674703	.1937085	0
1030.15	0	.7486971	.05730527	.1939977	0
1029.15	0	.7478523	.05786163	.1942861	0
1028.15	0	.7470102	.05841613	.1945737	0
1027.15	0	.7461708	.05896876	.1948605	0
1026.15	0	.745334	.05951953	.1951465	0
1025.15	0	.7444999	.06006843	.1954317	0
1024.15	0	.7436684	.06061548	.1957161	0
1023.15	0	.7428396	.06116066	.1959998	0
1022.15	0	.7420134	.061704	.1962826	0
1021.15	0	.7411899	.06224548	.1965647	0
1020.15	0	.740369	.06278512	.1968459	0
1019.15	0	.7395507	.06332291	.1971264	0
1018.15	0	.7387351	.06385885	.1974061	0
1017.15	0	.7379221	.06439296	.1976849	0
1016.15	0	.7371118	.06492523	.197963	0
1015.15	0	.736304	.06545566	.1982403	0
1014.15	0	.7354989	.06598426	.1985168	0
1013.15	0	.7346965	.06651103	.1987925	0
1012.15	0	.7338966	.06703598	.1990674	0
1011.15	0	.7330994	.06755911	.1993415	0
1010.15	0	.7323047	.06808041	.1996149	0
1009.15	0	.7315127	.0685999	.1998874	0
1008.15	0	.7307233	.06911758	.2001591	0
1007.15	0	.7299365	.06963344	.2004301	0
1006.15	0	.7291523	.0701475	.2007002	0
1005.15	0	.7283707	.07065976	.2009696	0
1004.15	0	.7275917	.07117022	.2012381	0
1003.15	0	.7268153	.07167888	.2015059	0
1002.15	0	.7260414	.07218575	.2017728	0
1001.15	0	.7252702	.07269083	.202039	0
1000.15	0	.7245015	.07319413	.2023044	0
999.15	0	.7237354	.07369565	.2025689	0
998.15	0	.7229719	.0741954	.2028327	0
997.15	0	.722211	.07469337	.2030957	0
996.15	0	.7214526	.07518957	.2033578	0
995.15	0	.7206968	.07568401	.2036192	0
994.15	0	.7199435	.0761767	.2038798	0
993.15	0	.7191928	.07666762	.2041395	0
992.15	0	.7184447	.0771568	.2043985	0
991.15	0	.7176991	.07764423	.2046567	0
990.15	0	.7169561	.07812993	.204914	0
989.15	0	.7162156	.07861388	.2051706	0
988.15	0	.7154776	.07909611	.2054263	0
987.15	0	.7147422	.07957661	.2056812	0
986.15	0	.7140093	.08005539	.2059354	0
985.15	0	.7132789	.08053246	.2061887	0
984.15	0	.712551	.08100781	.2064412	0
983.15	0	.7118257	.08148147	.2066929	0
982.15	0	.7111028	.08195342	.2069437	0
981.15	0	.7103825	.08242369	.2071938	0
980.15	0	.7096647	.08289226	.2074431	0
979.15	0	.7089494	.08335916	.2076915	0
978.15	0	.7082365	.08382439	.2079391	0
977.15	0	.7075262	.08428794	.2081859	0
976.15	0	.7068183	.08474984	.2084319	0
975.15	0	.7061129	.08521008	.208677	0
974.15	0	.70541	.08566868	.2089213	0
973.15	0	.7047096	.08612563	.2091648	0
972.15	0	.7040116	.08658095	.2094075	0
971.15	0	.703316	.08703465	.2096493	0
970.15	0	.7026229	.08748673	.2098903	0
969.15	0	.7019323	.08793719	.2101305	0
968.15	0	.7012441	.08838606	.2103699	0
967.15	0	.7005583	.08883333	.2106083	0
966.15	0	.699875	.08927901	.210846	0
965.15	0	.699194	.08972312	.2110828	0
964.15	0	.6985155	.09016566	.2113188	0
963.15	0	.6978394	.09060663	.211554	0
962.15	0	.6971657	.09104606	.2117882	0
961.15	0	.6964944	.09148394	.2120217	0
960.15	0	.6958255	.09192029	.2122543	0
959.15	0	.6951589	.09235511	.212486	0
958.15	0	.6944947	.09278843	.2127169	0
957.15	0	.6938329	.09322023	.2129469	0
956.15	0	.6931734	.09365055	.2131761	0
955.15	0	.6925163	.09407938	.2134043	0
954.15	0	.6918615	.09450674	.2136318	0
953.15	0	.691209	.09493264	.2138583	0
952.15	0	.6905589	.09535709	.214084	0
951.15	0	.6899111	.0957801	.2143088	0
950.15	0	.6892656	.09620169	.2145328	0
949.15	0	.6886223	.09662186	.2147558	0
948.15	0	.6879814	.09704063	.214978	0
947.15	0	.6873427	.09745801	.2151993	0
946.15	0	.6867063	.09787401	.2154197	0
945.15	0	.6860722	.09828865	.2156392	0
944.15	0	.6854403	.09870194	.2158578	0
943.15	0	.6848106	.09911389	.2160755	0
942.15	0	.6841832	.09952452	.2162923	0
941.15	0	.683558	.09993384	.2165082	0
940.15	0	.682935	.1003419	.2167232	0
939.15	0	.6823141	.1007486	.2169373	0
938.15	0	.6816955	.1011541	.2171504	0
937.15	0	.681079	.1015584	.2173627	0
936.15	0	.6804647	.1019614	.217574	0
935.15	0	.6798525	.1023632	.2177844	0
934.15	0	.6792424	.1027638	.2179938	0
933.15	0	.6786345	.1031632	.2182023	0
932.15	0	.6780287	.1035614	.2184099	0
931.15	0	.6774249	.1039585	.2186165	0
930.15	0	.6768233	.1043545	.2188222	0
929.15	0	.6762237	.1047494	.2190269	0
928.15	0	.6756261	.1051432	.2192307	0
927.15	0	.6750306	.1055359	.2194335	0
926.15	0	.6744371	.1059276	.2196354	0
925.15	0	.6738456	.1063182	.2198363	0
924.15	0	.673256	.1067078	.2200361	0
923.15	0	.6726685	.1070965	.2202351	0
922.15	0	.6720829	.1074841	.220433	0
921.15	0	.6714992	.1078709	.2206299	0
920.15	0	.6709175	.1082567	.2208258	0
919.15	0	.6703376	.1086416	.2210208	0
918.15	0	.6697597	.1090257	.2212147	0
917.15	0	.6691836	.1094088	.2214076	0
916.15	0	.6686093	.1097912	.2215995	0
915.15	0	.6680369	.1101728	.2217904	0
914.15	0	.6674662	.1105536	.2219802	0
913.15	0	.6668974	.1109336	.222169	0
912.15	0	.6663303	.111313	.2223567	0
911.15	0	.6657649	.1116916	.2225434	0
910.15	0	.6652013	.1120696	.2227291	0
909.15	0	.6646394	.1124469	.2229137	0
908.15	0	.6640791	.1128237	.2230972	0
907.15	0	.6635205	.1131998	.2232796	0
906.15	0	.6629636	.1135755	.223461	0
905.15	0	.6624082	.1139506	.2236413	0
904.15	0	.6618544	.1143252	.2238204	0
903.15	0	.6613021	.1146994	.2239985	0
902.15	0	.6607514	.1150732	.2241754	0
901.15	0	.6602022	.1154465	.2243513	0
900.15	0	.6596545	.1158196	.224526	0
899.15	0	.6591082	.1161923	.2246995	0
898.15	0	.6585633	.1165648	.224872	0
897.15	0	.6580198	.116937	.2250432	0
896.15	0	.6574777	.117309	.2252133	0
895.15	0	.6569368	.1176809	.2253823	0
894.15	0	.6563973	.1180526	.22555	0
893.15	0	.6558591	.1184243	.2257166	0
892.15	0	.6553221	.118796	.225882	0
891.15	0	.6547862	.1191676	.2260462	0
890.15	0	.6542516	.1195393	.2262091	0
889.15	0	.6537181	.1199111	.2263709	0
888.15	0	.6531856	.120283	.2265314	0
887.15	0	.6526542	.1206552	.2266906	0
886.15	0	.6521239	.1210275	.2268486	0
885.15	0	.6515945	.1214001	.2270053	0
884.15	0	.6510661	.1217731	.2271608	0
883.15	0	.6505386	.1221465	.2273149	0
882.15	0	.6500119	.1225203	.2274678	0
881.15	0	.6494861	.1228946	.2276193	0
880.15	0	.648961	.1232694	.2277696	0
879.15	0	.6484367	.1236449	.2279184	0
878.15	0	.6479131	.124021	.228066	0
877.15	0	.6473901	.1243978	.2282122	0
876.15	0	.6468677	.1247754	.228357	0
875.15	0	.6463458	.1251538	.2285004	0
874.15	0	.6458245	.1255331	.2286424	0
873.15	0	.6453036	.1259134	.228783	0
872.15	0	.6447831	.1262948	.2289221	0
871.15	0	.644263	.1266772	.2290598	0
870.15	0	.6437431	.1270608	.2291961	0
869.15	0	.6432235	.1274457	.2293308	0
868.15	0	.6427041	.1278318	.2294641	0
867.15	0	.6421847	.1282194	.2295959	0
866.15	0	.6416655	.1286084	.2297261	0
865.15	0	.6411462	.128999	.2298548	0
864.15	0	.6406269	.1293912	.2299819	0
863.15	0	.6401074	.1297851	.2301074	0
862.15	0	.6395878	.1301808	.2302314	0
861.15	0	.6390678	.1305785	.2303537	0
860.15	0	.6385476	.1309781	.2304744	0
859.15	0	.6380269	.1313797	.2305934	0
858.15	0	.6375057	.1317836	.2307107	0
857.15	0	.636984	.1321897	.2308263	0
856.15	0	.6364617	.1325981	.2309402	0
855.15	0	.6359386	.1330091	.2310523	0
854.15	0	.6354147	.1334226	.2311627	0
853.15	0	.6348899	.1338389	.2312712	0
852.15	0	.6343641	.134258	.2313779	0
851.15	0	.6338373	.1346799	.2314828	0
850.15	0	.6333092	.135105	.2315858	0
849.15	0	.6327799	.1355333	.2316868	0
848.15	0	.6322493	.1359648	.2317859	0
847.15	0	.6317171	.1363999	.231883	0
846.15	0	.6311834	.1368385	.2319782	0
845.15	0	.6306479	.1372809	.2320712	0
844.15	0	.6301106	.1377271	.2321622	0
843.15	0	.6295714	.1381775	.2322511	0
842.15	0	.6290301	.1386321	.2323379	0
841.15	0	.6284866	.139091	.2324224	0
840.15	0	.6279407	.1395546	.2325047	0
839.15	0	.6273924	.1400229	.2325847	0
838.15	0	.6268414	.1404962	.2326624	0
837.15	0	.6262876	.1409747	.2327377	0
836.15	0	.6257309	.1414585	.2328106	0
835.15	0	.625171	.1419479	.232881	0
834.15	0	.6246079	.1424432	.2329489	0
833.15	0	.6240412	.1429445	.2330143	0
832.15	0	.6234709	.1434522	.2330769	0
831.15	0	.6228966	.1439665	.2331369	0
830.15	0	.6223183	.1444876	.2331941	0
829.15	0	.6217356	.145016	.2332485	0
828.15	0	.6211483	.1455518	.2332999	0
827.15	0	.6205562	.1460954	.2333483	0
826.15	0	.619959	.1466473	.2333937	0
825.15	0	.6193565	.1472076	.2334359	0
824.15	0	.6187482	.1477769	.2334749	0
823.15	0	.6181339	.1483556	.2335105	0
822.15	0	.6175133	.148944	.2335426	0
821.15	0	.616886	.1495428	.2335712	0
820.15	0	.6162516	.1501523	.2335961	0
819.15	0	.6156098	.1507731	.2336172	0
818.15	0	.6149599	.1514058	.2336343	0
817.15	0	.6143017	.152051	.2336473	0
816.15	0	.6136345	.1527093	.2336561	0
815.15	0	.6129579	.1533816	.2336605	0
814.15	0	.6122712	.1540686	.2336602	0
813.15	0	.6115738	.154771	.2336552	0
812.15	0	.610865	.1554899	.2336451	0
811.15	0	.610144	.1562262	.2336298	0
810.15	0	.60941	.156981	.233609	0
809.15	0	.6086621	.1577555	.2335824	0
808.15	0	.6078992	.1585511	.2335497	0
807.15	0	.6071203	.1593691	.2335106	0
806.15	0	.6063241	.1602112	.2334646	0
805.15	0	.6055093	.1610792	.2334115	0
804.15	0	.6046742	.1619751	.2333506	0
803.15	0	.6036805	.16307	.2332495	0
802.15	0	.6021164	.1648743	.2330094	0
801.15	0	.6006455	.1665695	.232785	0
800.15	0	.5992582	.1681671	.2325747	0
799.15	0	.5979464	.1696767	.2323769	0
798.15	0	.5967028	.1711068	.2321904	0
797.15	0	.5955215	.1724644	.2320141	0
796.15	0	.5943972	.1737558	.231847	0
795.15	0	.5933251	.1749865	.2316884	0
794.15	0	.5923012	.1761614	.2315375	0
793.15	0	.5913218	.1772846	.2313936	0
792.15	0	.5903837	.1783601	.2312562	0
791.15	0	.5894839	.1793912	.2311249	0
790.15	0	.58862	.1803809	.2309991	0
789.15	0	.5877894	.1813321	.2308784	0
788.15	0	.5869902	.1822472	.2307626	0
787.15	0	.5862202	.1831286	.2306512	0
786.15	0	.5854797	.1839768	.2305435	0
785.15	0	.5847631	.1847968	.2304401	0
784.15	0	.584071	.1855886	.2303404	0
783.15	0	.583402	.1863539	.230244	0
782.15	0	.5827549	.1870943	.2301509	0
781.15	0	.5821284	.1878109	.2300607	0
780.15	0	.5815215	.1885051	.2299734	0
779.15	0	.5809333	.189178	.2298887	0
778.15	0	.5803627	.1898308	.2298065	0
777.15	0	.579809	.1904644	.2297267	0
776.15	0	.5792712	.1910797	.2296491	0
775.15	0	.5787487	.1916777	.2295736	0
774.15	0	.5782408	.1922592	.2295001	0
773.15	0	.5777467	.1928248	.2294285	0
772.15	0	.577266	.1933754	.2293586	0
771.15	0	.5767979	.1939116	.2292905	0
770.15	0	.5763419	.1944341	.229224	0
769.15	0	.5758976	.1949433	.229159	0
768.15	0	.5754644	.19544	.2290955	0
767.15	0	.575042	.1959246	.2290334	0
766.15	0	.5746297	.1963977	.2289726	0
765.15	0	.5742273	.1968596	.228913	0
764.15	0	.5738344	.1973109	.2288547	0
763.15	0	.5734505	.197752	.2287975	0
762.15	0	.5730754	.1981832	.2287414	0
761.15	0	.5727087	.198605	.2286863	0
760.15	0	.5723501	.1990177	.2286322	0
759.15	0	.5719993	.1994217	.228579	0
758.15	0	.571656	.1998172	.2285268	0
757.15	0	.57132	.2002046	.2284754	0
756.15	0	.5709909	.2005843	.2284249	0
755.15	0	.5706686	.2009563	.2283751	0
754.15	0	.5703527	.2013212	.2283261	0
753.15	0	.5700432	.201679	.2282778	0
752.15	0	.5697398	.20203	.2282302	0
751.15	0	.5694422	.2023745	.2281833	0
750.15	0	.5691503	.2027127	.228137	0
749.15	0	.5688638	.2030448	.2280913	0
748.15	0	.5685827	.2033711	.2280462	0
747.15	0	.5683067	.2036916	.2280017	0
746.15	0	.5680357	.2040066	.2279577	0
745.15	0	.5677696	.2043162	.2279142	0
744.15	0	.5675081	.2046208	.2278712	0
743.15	0	.5672511	.2049203	.2278287	0
742.15	0	.5669985	.2052149	.2277866	0
741.15	0	.5667502	.2055049	.2277449	0
740.15	0	.566506	.2057904	.2277037	0
739.15	0	.5662657	.2060714	.2276629	0
738.15	0	.5660294	.2063481	.2276224	0
737.15	0	.5657969	.2066208	.2275824	0
736.15	0	.565568	.2068894	.2275426	0
735.15	0	.5653427	.2071541	.2275033	0
734.15	0	.5651208	.207415	.2274642	0
733.15	0	.5649023	.2076722	.2274254	0
732.15	0	.5646871	.2079259	.227387	0
731.15	0	.5644751	.2081761	.2273488	0
730.15	0	.5642661	.2084229	.227311	0
729.15	0	.5640602	.2086665	.2272733	0
728.15	0	.5638572	.2089069	.227236	0
727.15	0	.563657	.2091442	.2271989	0
726.15	0	.5634596	.2093784	.227162	0
725.15	0	.5632649	.2096098	.2271253	0
724.15	0	.5630728	.2098383	.2270889	0
723.15	0	.5628833	.210064	.2270526	0
722.15	0	.5626963	.2102871	.2270166	0
721.15	0	.5625118	.2105075	.2269807	0
720.15	0	.5623296	.2107253	.2269451	0
719.15	0	.5621497	.2109407	.2269096	0
718.15	0	.5619721	.2111536	.2268743	0
717.15	0	.5617967	.2113642	.2268391	0
716.15	0	.5616234	.2115725	.2268041	0
715.15	0	.5614522	.2117785	.2267693	0
714.15	0	.5612831	.2119824	.2267346	0
713.15	0	.5611159	.2121841	.2267	0
712.15	0	.5609507	.2123837	.2266656	0
711.15	0	.5607874	.2125813	.2266313	0
710.15	0	.560626	.2127769	.226597	0
709.15	0	.5604664	.2129706	.226563	0
708.15	0	.5603086	.2131624	.226529	0
707.15	0	.5601525	.2133524	.2264951	0
706.15	0	.5599981	.2135406	.2264614	0
705.15	0	.5598453	.213727	.2264277	0
704.15	0	.5596942	.2139117	.2263941	0
703.15	0	.5595446	.2140947	.2263606	0
702.15	0	.5593966	.2142761	.2263273	0
701.15	0	.5592502	.2144559	.2262939	0
700.15	0	.5591052	.2146341	.2262607	0
699.15	0	.5589616	.2148108	.2262275	0
698.15	0	.5588195	.2149861	.2261944	0
697.15	0	.5586788	.2151598	.2261614	0
696.15	0	.5585394	.2153321	.2261284	0
695.15	0	.5584014	.2155031	.2260955	0
694.15	0	.5582647	.2156726	.2260627	0
693.15	0	.5581293	.2158409	.2260299	0
692.15	0	.5579951	.2160078	.2259971	0
691.15	0	.5578621	.2161735	.2259644	0
690.15	0	.5577304	.2163379	.2259318	0
689.15	0	.5575998	.216501	.2258992	0
688.15	0	.5574704	.216663	.2258666	0
687.15	0	.5573421	.2168238	.2258341	0
686.15	0	.5572149	.2169834	.2258016	0
685.15	0	.5570888	.217142	.2257692	0
684.15	0	.5569638	.2172994	.2257368	0
683.15	0	.5568399	.2174557	.2257044	0
682.15	0	.556717	.217611	.2256721	0
681.15	0	.556595	.2177652	.2256397	0
680.15	0	.5564741	.2179184	.2256074	0
679.15	0	.5563542	.2180706	.2255752	0
678.15	0	.5562352	.2182219	.2255429	0
677.15	0	.5561172	.2183721	.2255107	0
676.15	0	.556	.2185215	.2254785	0
675.15	0	.5558838	.2186699	.2254463	0
674.15	0	.5557685	.2188174	.2254142	0
673.15	0	.555654	.218964	.225382	0
672.15	0	.5555404	.2191097	.2253499	0
671.15	0	.5554277	.2192546	.2253178	0
670.15	0	.5553157	.2193986	.2252857	0
669.15	0	.5552046	.2195418	.2252536	0
668.15	0	.5550943	.2196842	.2252215	0
667.15	0	.5549848	.2198258	.2251894	0
666.15	0	.5548761	.2199666	.2251573	0
665.15	0	.5547681	.2201066	.2251253	0
664.15	0	.5546609	.2202459	.2250932	0
663.15	0	.5545544	.2203844	.2250612	0
662.15	0	.5544486	.2205223	.2250291	0
661.15	0	.5543436	.2206593	.2249971	0
660.15	0	.5542392	.2207957	.2249651	0
659.15	0	.5541356	.2209314	.2249331	0
658.15	0	.5540326	.2210664	.224901	0
657.15	0	.5539303	.2212007	.224869	0
656.15	0	.5538287	.2213344	.224837	0
655.15	0	.5537277	.2214674	.224805	0
654.15	0	.5536273	.2215997	.2247729	0
653.15	0	.5535276	.2217315	.2247409	0
652.15	0	.5534285	.2218626	.2247089	0
651.15	0	.55333	.2219931	.2246769	0
650.15	0	.5532321	.222123	.2246449	0
649.15	0	.5531348	.2222523	.2246128	0
648.15	0	.5530381	.2223811	.2245808	0
647.15	0	.552942	.2225092	.2245488	0
646.15	0	.5528465	.2226368	.2245167	0
645.15	0	.5527515	.2227638	.2244847	0
644.15	0	.552657	.2228903	.2244527	0
643.15	0	.5525631	.2230162	.2244206	0
642.15	0	.5524698	.2231416	.2243886	0
641.15	0	.552377	.2232665	.2243565	0
640.15	0	.5522847	.2233909	.2243245	0
639.15	0	.5521929	.2235147	.2242924	0
638.15	0	.5521016	.223638	.2242603	0
637.15	0	.5520109	.2237609	.2242283	0
636.15	0	.5519206	.2238832	.2241962	0
635.15	0	.5518308	.2240051	.2241641	0
634.15	0	.5517415	.2241264	.2241321	0
633.15	0	.5516527	.2242473	.2241	0
632.15	0	.5515644	.2243678	.2240679	0
631.15	0	.5514765	.2244877	.2240358	0
630.15	0	.5513891	.2246073	.2240037	0
629.15	0	.5513021	.2247263	.2239716	0
628.15	0	.5512156	.2248449	.2239395	0
627.15	0	.5511296	.2249631	.2239073	0
626.15	0	.5510439	.2250808	.2238752	0
625.15	0	.5509587	.2251982	.2238431	0
624.15	0	.550874	.2253151	.223811	0
623.15	0	.5507896	.2254315	.2237788	0
622.15	0	.5507057	.2255476	.2237467	0
621.15	0	.5506222	.2256632	.2237146	0
620.15	0	.5505391	.2257785	.2236824	0
619.15	0	.5504564	.2258933	.2236502	0
618.15	0	.5503742	.2260078	.2236181	0
617.15	0	.5502923	.2261218	.2235859	0
616.15	0	.5502108	.2262355	.2235538	0
615.15	0	.5501297	.2263487	.2235216	0
614.15	0	.5500489	.2264616	.2234895	0
613.15	0	.5499686	.2265741	.2234573	0
612.15	0	.5498886	.2266863	.2234251	0
611.15	0	.549809	.2267981	.2233929	0
610.15	0	.5497298	.2269095	.2233608	0
609.15	0	.5496509	.2270205	.2233286	0
608.15	0	.5495724	.2271312	.2232964	0
607.15	0	.5494943	.2272415	.2232642	0
606.15	0	.5494165	.2273515	.223232	0
605.15	0	.5493391	.2274611	.2231999	0
604.15	0	.549262	.2275704	.2231677	0
603.15	0	.5491852	.2276793	.2231355	0
602.15	0	.5491088	.2277879	.2231033	0
601.15	0	.5490327	.2278961	.2230711	0
600.15	0	.548957	.2280041	.2230389	0
599.15	0	.5488816	.2281116	.2230068	0
598.15	0	.5488065	.2282189	.2229746	0
597.15	0	.5487318	.2283258	.2229424	0
596.15	0	.5486573	.2284324	.2229102	0
595.15	0	.5485832	.2285387	.2228781	0
594.15	0	.5485094	.2286447	.2228459	0
593.15	0	.548436	.2287503	.2228137	0
592.15	0	.5483628	.2288556	.2227816	0
591.15	0	.5482899	.2289606	.2227494	0
590.15	0	.5482174	.2290653	.2227173	0
589.15	0	.5481452	.2291697	.2226851	0
588.15	0	.5480732	.2292738	.222653	0
587.15	0	.5480016	.2293776	.2226209	0
586.15	0	.5479302	.229481	.2225887	0
585.15	0	.5478592	.2295842	.2225566	0
584.15	0	.5477884	.2296871	.2225245	0
583.15	0	.547718	.2297897	.2224924	0
582.15	0	.5476478	.2298919	.2224603	0
581.15	0	.5475779	.2299939	.2224282	0
580.15	0	.5475083	.2300956	.2223961	0
579.15	0	.5474389	.230197	.2223641	0
578.15	0	.5473699	.2302981	.222332	0
577.15	0	.5473011	.2303989	.2222999	0
576.15	0	.5472326	.2304994	.2222679	0
575.15	0	.5471644	.2305997	.2222359	0
574.15	0	.5470965	.2306996	.2222039	0
573.15	0	.5470288	.2307993	.2221719	0
572.15	0	.5469614	.2308987	.2221399	0
571.15	0	.5468943	.2309978	.2221079	0
570.15	0	.5468274	.2310967	.2220759	0
569.15	0	.5467608	.2311952	.222044	0
568.15	0	.5466944	.2312935	.2220121	0
567.15	0	.5466283	.2313915	.2219801	0
566.15	0	.5465625	.2314893	.2219482	0
565.15	0	.5464969	.2315867	.2219164	0
564.15	0	.5464316	.2316839	.2218845	0
563.15	0	.5463666	.2317808	.2218526	0
562.15	0	.5463018	.2318775	.2218208	0
561.15	0	.5462372	.2319738	.221789	0
560.15	0	.5461729	.2320699	.2217572	0
559.15	0	.5461088	.2321658	.2217254	0
558.15	0	.546045	.2322614	.2216936	0
557.15	0	.5459814	.2323567	.2216619	0
556.15	0	.5459181	.2324517	.2216302	0
555.15	0	.545855	.2325465	.2215985	0
554.15	0	.5457922	.232641	.2215668	0
553.15	0	.5457296	.2327353	.2215352	0
552.15	0	.5456672	.2328292	.2215035	0
551.15	0	.5456051	.232923	.2214719	0
550.15	0	.5455432	.2330164	.2214403	0
549.15	0	.5454816	.2331097	.2214088	0
548.15	0	.5454202	.2332026	.2213772	0
547.15	0	.545359	.2332953	.2213457	0
546.15	0	.545298	.2333877	.2213143	0
545.15	0	.5452373	.2334799	.2212828	0
544.15	0	.5451768	.2335718	.2212514	0
543.15	0	.5451166	.2336635	.22122	0
542.15	0	.5450565	.2337549	.2211886	0
541.15	0	.5449967	.233846	.2211573	0
540.15	0	.5449372	.2339369	.221126	0
539.15	0	.5448778	.2340275	.2210947	0
538.15	0	.5448187	.2341179	.2210634	0
537.15	0	.5447598	.234208	.2210322	0
536.15	0	.5447011	.2342979	.221001	0
535.15	0	.5446426	.2343875	.2209699	0
534.15	0	.5445844	.2344769	.2209387	0
533.15	0	.5445264	.234566	.2209077	0
532.15	0	.5444686	.2346548	.2208766	0
531.15	0	.544411	.2347434	.2208456	0
530.15	0	.5443536	.2348318	.2208146	0
529.15	0	.5442966	.2349199	.2207835	0
528.15	0	.5442397	.2350077	.2207526	0
527.15	0	.544183	.2350953	.2207217	0
526.15	0	.5441265	.2351827	.2206909	0
525.15	0	.5440702	.2352698	.2206601	0
524.15	0	.5440141	.2353566	.2206293	0
523.15	0	.5439582	.2354432	.2205986	0
522.15	0	.5439026	.2355295	.2205679	0
521.15	0	.5438471	.2356156	.2205373	0
520.15	0	.5437919	.2357015	.2205067	0
519.15	0	.5437369	.235787	.2204761	0
518.15	0	.5436821	.2358724	.2204456	0
517.15	0	.5436274	.2359575	.2204151	0
516.15	0	.543573	.2360423	.2203847	0
515.15	0	.5435188	.2361269	.2203543	0
514.15	0	.5434649	.2362112	.2203239	0
513.15	0	.5434111	.2362953	.2202936	0
512.15	0	.5433575	.2363791	.2202634	0
511.15	0	.5433041	.2364627	.2202332	0
510.15	0	.543251	.2365461	.220203	0
509.15	0	.543198	.2366291	.2201729	0
508.15	0	.5431452	.236712	.2201428	0
507.15	0	.5430927	.2367945	.2201128	0
506.15	0	.5430403	.2368769	.2200828	0
505.15	0	.5429882	.236959	.2200529	0
504.15	0	.5429362	.2370408	.220023	0
503.15	0	.5428844	.2371224	.2199932	0
502.15	0	.5428329	.2372037	.2199634	0
501.15	0	.5427815	.2372848	.2199337	0
500.15	0	.5427304	.2373656	.219904	0
499.15	0	.5426794	.2374462	.2198744	0
498.15	0	.5426286	.2375265	.2198448	0
497.15	0	.5425781	.2376066	.2198153	0
496.15	0	.5425277	.2376864	.2197859	0
495.15	0	.5424775	.237766	.2197565	0
494.15	0	.5424276	.2378453	.2197271	0
493.15	0	.5423778	.2379244	.2196979	0
492.15	0	.5423282	.2380032	.2196686	0
491.15	0	.5422788	.2380818	.2196394	0
490.15	0	.5422296	.2381601	.2196103	0
489.15	0	.5421806	.2382381	.2195813	0
488.15	0	.5421318	.2383159	.2195523	0
487.15	0	.5420832	.2383935	.2195233	0
486.15	0	.5420347	.2384708	.2194945	0
485.15	0	.5419865	.2385479	.2194656	0
484.15	0	.5419385	.2386246	.2194369	0
483.15	0	.5418906	.2387012	.2194082	0
482.15	0	.541843	.2387775	.2193796	0
481.15	0	.5417955	.2388535	.219351	0
480.15	0	.5417482	.2389293	.2193225	0
479.15	0	.5417011	.2390048	.219294	0
478.15	0	.5416542	.2390801	.2192657	0
477.15	0	.5416075	.2391551	.2192373	0
476.15	0	.541561	.2392299	.2192091	0
475.15	0	.5415147	.2393044	.2191809	0
474.15	0	.5414686	.2393787	.2191528	0
473.15	0	.5414226	.2394527	.2191247	0
472.15	0	.5413768	.2395264	.2190968	0
471.15	0	.5413313	.2395999	.2190689	0
470.15	0	.5412859	.2396731	.219041	0
469.15	0	.5412407	.2397461	.2190132	0
468.15	0	.5411957	.2398188	.2189855	0
467.15	0	.5411508	.2398913	.2189579	0
466.15	0	.5411062	.2399635	.2189303	0
465.15	0	.5410617	.2400354	.2189029	0
464.15	0	.5410175	.2401071	.2188754	0
463.15	0	.5409734	.2401785	.2188481	0
462.15	0	.5409295	.2402497	.2188208	0
461.15	0	.5408858	.2403206	.2187936	0
460.15	0	.5408423	.2403913	.2187665	0
459.15	0	.5407989	.2404616	.2187394	0
458.15	0	.5407558	.2405318	.2187125	0
457.15	0	.5407128	.2406017	.2186856	0
456.15	0	.54067	.2406713	.2186588	0
455.15	0	.5406274	.2407406	.218632	0
454.15	0	.5405849	.2408097	.2186053	0
453.15	0	.5405427	.2408786	.2185787	0
452.15	0	.5405006	.2409471	.2185522	0
451.15	0	.5404588	.2410155	.2185258	0
450.15	0	.5404171	.2410835	.2184994	0
449.15	0	.5403756	.2411512	.2184732	0
448.15	0	.5403343	.2412187	.218447	0
447.15	0	.5402932	.2412859	.2184209	0
446.15	0	.5402523	.2413528	.2183949	0
445.15	0	.5402116	.2414194	.218369	0
444.15	0	.540171	.2414858	.2183432	0
443.15	0	.5401307	.2415519	.2183174	0
442.15	0	.5400906	.2416176	.2182918	0
441.15	0	.5400507	.2416831	.2182662	0
440.15	0	.540011	.2417483	.2182408	0
439.15	0	.5399715	.2418131	.2182154	0
438.15	0	.5399322	.2418777	.2181902	0
437.15	0	.5398931	.2419419	.218165	0
436.15	0	.5398542	.2420058	.21814	0
435.15	0	.5398156	.2420694	.218115	0
434.15	0	.5397771	.2421327	.2180902	0
433.15	0	.5397389	.2421956	.2180655	0
432.15	0	.5397009	.2422582	.2180409	0
431.15	0	.5396631	.2423205	.2180163	0
430.15	0	.5396256	.2423825	.2179919	0
429.15	0	.5395882	.2424441	.2179676	0
428.15	0	.5395511	.2425054	.2179435	0
427.15	0	.5395143	.2425663	.2179194	0
426.15	0	.5394776	.242627	.2178955	0
425.15	0	.5394412	.2426872	.2178716	0
424.15	0	.539405	.2427471	.2178479	0
423.15	0	.539369	.2428067	.2178243	0
422.15	0	.5393332	.2428659	.2178008	0
421.15	0	.5392977	.2429248	.2177775	0
420.15	0	.5392624	.2429834	.2177542	0
419.15	0	.5392273	.2430416	.2177311	0
418.15	0	.5391925	.2430994	.2177081	0
417.15	0	.5391579	.2431569	.2176852	0
416.15	0	.5391235	.2432141	.2176625	0
415.15	0	.5390893	.2432708	.2176398	0
414.15	0	.5390554	.2433273	.2176173	0
413.15	0	.5390217	.2433834	.2175949	0
412.15	0	.5389882	.2434391	.2175726	0
411.15	0	.538955	.2434945	.2175505	0
410.15	0	.5389219	.2435496	.2175285	0
409.15	0	.5388891	.2436043	.2175066	0
408.15	0	.5388566	.2436586	.2174848	0
407.15	0	.5388242	.2437126	.2174632	0
406.15	0	.5387921	.2437663	.2174416	0
405.15	0	.5387601	.2438196	.2174202	0
404.15	0	.5387285	.2438726	.217399	0
403.15	0	.538697	.2439252	.2173778	0
402.15	0	.5386657	.2439775	.2173568	0
401.15	0	.5386347	.2440294	.2173359	0
400.15	0	.5386039	.244081	.2173151	0
399.15	0	.5385733	.2441322	.2172945	0
398.15	0	.5385429	.2441831	.217274	0
397.15	0	.5385127	.2442337	.2172536	0
396.15	0	.5384828	.2442839	.2172333	0
395.15	0	.538453	.2443338	.2172132	0
394.15	0	.5384235	.2443834	.2171932	0
393.15	0	.5383941	.2444326	.2171733	0
392.15	0	.538365	.2444815	.2171535	0
391.15	0	.5383361	.2445301	.2171338	0
390.15	0	.5383074	.2445783	.2171143	0
389.15	0	.5382788	.2446262	.2170949	0
388.15	0	.5382505	.2446738	.2170757	0
387.15	0	.5382224	.2447211	.2170565	0
386.15	0	.5381945	.244768	.2170375	0
385.15	0	.5381668	.2448146	.2170186	0
