T	 BPW(LIQUID)	BPW(BCC_A2)	BPW(FCC_A1)	BPW(LAVES_PHASE_C14)	BPW(NI3TI)
1473.15	.6733327	.3010321	0	.02563515	0
1472.15	.6648249	.3067597	0	.02841536	0
1471.15	.6564714	.3123799	0	.03114875	0
1470.15	.648268	.3178954	0	.03383661	0
1469.15	.6402108	.323309	0	.03648016	0
1468.15	.6322961	.3286233	0	.03908058	0
1467.15	.6245201	.3338409	0	.04163903	0
1466.15	.6168792	.3389642	0	.0441566	0
1465.15	.6093701	.3439956	0	.04663437	0
1464.15	.6019893	.3489373	0	.04907336	0
1463.15	.5947338	.3537917	0	.05147458	0
1462.15	.5876003	.3585607	0	.05383899	0
1461.15	.5805858	.3632466	0	.05616753	0
1460.15	.5736875	.3678514	0	.05846109	0
1459.15	.5669025	.3723769	0	.06072056	0
1458.15	.5602281	.3768251	0	.06294677	0
1457.15	.5536616	.3811979	0	.06514055	0
1456.15	.5472004	.3854969	0	.06730268	0
1455.15	.5408421	.389724	0	.06943394	0
1454.15	.5345842	.3938807	0	.07153508	0
1453.15	.5284244	.3979688	0	.0736068	0
1452.15	.5223605	.4019897	0	.07564981	0
1451.15	.5163902	.405945	0	.0776648	0
1450.15	.5105114	.4098362	0	.07965241	0
1449.15	.504722	.4136647	0	.08161328	0
1448.15	.49902	.417432	0	.08354803	0
1447.15	.4934034	.4211393	0	.08545727	0
1446.15	.4878704	.424788	0	.08734156	0
1445.15	.4824191	.4283794	0	.08920149	0
1444.15	.4770477	.4319147	0	.09103759	0
1443.15	.4717545	.4353951	0	.0928504	0
1442.15	.4665378	.4388218	0	.09464044	0
1441.15	.4613959	.4421959	0	.09640821	0
1440.15	.4563272	.4455186	0	.0981542	0
1439.15	.4513302	.4487909	0	.09987888	0
1438.15	.4464034	.4520139	0	.1015827	0
1437.15	.4415453	.4551886	0	.1032662	0
1436.15	.4367544	.458316	0	.1049296	0
1435.15	.4320294	.4613971	0	.1065736	0
1434.15	.4273689	.4644327	0	.1081984	0
1433.15	.4227716	.4674239	0	.1098045	0
1432.15	.4182362	.4703716	0	.1113922	0
1431.15	.4137615	.4732765	0	.112962	0
1430.15	.4093462	.4761396	0	.1145142	0
1429.15	.4049892	.4789616	0	.1160492	0
1428.15	.4006892	.4817434	0	.1175674	0
1427.15	.3964452	.4844858	0	.119069	0
1426.15	.3922561	.4871895	0	.1205544	0
1425.15	.3881208	.4898553	0	.1220239	0
1424.15	.3840382	.4924839	0	.1234779	0
1423.15	.3800074	.4950761	0	.1249166	0
1422.15	.3760273	.4976324	0	.1263403	0
1421.15	.3720969	.5001536	0	.1277494	0
1420.15	.3682154	.5026404	0	.1291442	0
1419.15	.3643818	.5050934	0	.1305248	0
1418.15	.3605953	.5075132	0	.1318916	0
1417.15	.3568548	.5099004	0	.1332448	0
1416.15	.3531596	.5122556	0	.1345848	0
1415.15	.3495089	.5145795	0	.1359117	0
1414.15	.3459017	.5168725	0	.1372257	0
1413.15	.3423374	.5191353	0	.1385272	0
1412.15	.3388152	.5213684	0	.1398164	0
1411.15	.3353342	.5235723	0	.1410935	0
1410.15	.3318938	.5257476	0	.1423586	0
1409.15	.3284932	.5278947	0	.1436121	0
1408.15	.3251317	.5300141	0	.1448542	0
1407.15	.3218086	.5321064	0	.146085	0
1406.15	.3185233	.534172	0	.1473047	0
1405.15	.3152751	.5362113	0	.1485136	0
1404.15	.3120633	.5382249	0	.1497118	0
1403.15	.3088873	.5402132	0	.1508996	0
1402.15	.3057464	.5421765	0	.1520771	0
1401.15	.3026402	.5441154	0	.1532444	0
1400.15	.2995679	.5460302	0	.1544019	0
1399.15	.2965291	.5479214	0	.1555495	0
1398.15	.2935231	.5497893	0	.1566876	0
1397.15	.2905494	.5516343	0	.1578163	0
1396.15	.2876075	.5534569	0	.1589357	0
1395.15	.2846967	.5552573	0	.160046	0
1394.15	.2818167	.557036	0	.1611473	0
1393.15	.2789669	.5587933	0	.1622398	0
1392.15	.2761468	.5605296	0	.1633237	0
1391.15	.2733559	.5622451	0	.164399	0
1390.15	.2705937	.5639403	0	.165466	0
1389.15	.2678598	.5656154	0	.1665247	0
1388.15	.2651538	.5672709	0	.1675754	0
1387.15	.262475	.5689069	0	.1686181	0
1386.15	.2598233	.5705238	0	.1696529	0
1385.15	.257198	.572122	0	.17068	0
1384.15	.2545988	.5737016	0	.1716995	0
1383.15	.2520253	.5752631	0	.1727116	0
1382.15	.2494771	.5768066	0	.1737163	0
1381.15	.2469537	.5783325	0	.1747137	0
1380.15	.2444549	.5798411	0	.1757041	0
1379.15	.2419801	.5813325	0	.1766874	0
1378.15	.2395291	.5828071	0	.1776639	0
1377.15	.2371014	.5842651	0	.1786335	0
1376.15	.2346968	.5857068	0	.1795965	0
1375.15	.2323148	.5871324	0	.1805528	0
1374.15	.2299551	.5885422	0	.1815027	0
1373.15	.2276174	.5899364	0	.1824462	0
1372.15	.2253014	.5913152	0	.1833834	0
1371.15	.2230067	.5926789	0	.1843144	0
1370.15	.220733	.5940277	0	.1852393	0
1369.15	.2184801	.5953618	0	.1861582	0
1368.15	.2162475	.5966814	0	.1870712	0
1367.15	.2140349	.5979868	0	.1879783	0
1366.15	.2118422	.5992781	0	.1888797	0
1365.15	.209669	.6005556	0	.1897754	0
1364.15	.2075151	.6018195	0	.1906655	0
1363.15	.20538	.6030699	0	.1915501	0
1362.15	.2032637	.604307	0	.1924293	0
1361.15	.2011657	.6055311	0	.1933032	0
1360.15	.1990859	.6067424	0	.1941718	0
1359.15	.1970239	.6079409	0	.1950352	0
1358.15	.1949796	.6091269	0	.1958935	0
1357.15	.1929527	.6103006	0	.1967467	0
1356.15	.1909428	.6114622	0	.197595	0
1355.15	.1889499	.6126118	0	.1984383	0
1354.15	.1869737	.6137495	0	.1992768	0
1353.15	.1850138	.6148756	0	.2001105	0
1352.15	.1830702	.6159902	0	.2009396	0
1351.15	.1811425	.6170935	0	.201764	0
1350.15	.1792306	.6181857	0	.2025838	0
1349.15	.1773342	.6192667	0	.2033991	0
1348.15	.1754531	.620337	0	.2042099	0
1347.15	.1735871	.6213965	0	.2050164	0
1346.15	.1717361	.6224455	0	.2058185	0
1345.15	.1698997	.623484	0	.2066163	0
1344.15	.1680779	.6245122	0	.20741	0
1343.15	.1662703	.6255303	0	.2081994	0
1342.15	.1644769	.6265384	0	.2089847	0
1341.15	.1626974	.6275366	0	.209766	0
1340.15	.1609316	.628525	0	.2105433	0
1339.15	.1591794	.6295039	0	.2113167	0
1338.15	.1574406	.6304733	0	.2120861	0
1337.15	.155715	.6314333	0	.2128517	0
1336.15	.1540025	.632384	0	.2136135	0
1335.15	.1523028	.6333257	0	.2143715	0
1334.15	.1506158	.6342584	0	.2151259	0
1333.15	.1489413	.6351822	0	.2158766	0
1332.15	.1472791	.6360972	0	.2166237	0
1331.15	.1456292	.6370036	0	.2173672	0
1330.15	.1439914	.6379014	0	.2181072	0
1329.15	.1423654	.6387909	0	.2188437	0
1328.15	.1407512	.639672	0	.2195768	0
1327.15	.1391486	.6405449	0	.2203065	0
1326.15	.1375574	.6414097	0	.2210329	0
1325.15	.1359775	.6422666	0	.2217559	0
1324.15	.1344088	.6431155	0	.2224757	0
1323.15	.1328511	.6439566	0	.2231923	0
1322.15	.1313043	.6447901	0	.2239057	0
1321.15	.1297682	.6456159	0	.2246159	0
1320.15	.1282427	.6464343	0	.225323	0
1319.15	.1267277	.6472452	0	.2260271	0
1318.15	.125223	.6480488	0	.2267281	0
1317.15	.1237286	.6488453	0	.2274261	0
1316.15	.1222443	.6496345	0	.2281212	0
1315.895	.121868	.6498344	0	.2282977	0
1315.895	.121868	.6498344	0	.2282977	0
1315.895	.121868	.6498344	0	.2282977	0
1315.15	.1165586	.6476877	.006447863	.2293058	0
1314.15	.109448	.644861	.01504474	.2306463	0
1313.15	.1023509	.6420945	.02358139	.2319732	0
1312.15	.0952669	.6393877	.0320587	.2332867	0
1311.15	.08819554	.6367399	.04047753	.2345871	0
1310.15	.08113636	.6341506	.04883875	.2358743	0
1309.15	.07408892	.6316191	.05714319	.2371488	0
1308.15	.06705278	.629145	.06539169	.2384105	0
1307.15	.06002753	.6267276	.07358506	.2396598	0
1306.15	.05301276	.6243664	.08172409	.2408968	0
1305.15	.04600805	.6220608	.08980959	.2421215	0
1304.15	.039013	.6198104	.09784232	.2433343	0
1303.15	.03202724	.6176145	.1058231	.2445352	0
1302.15	.02505037	.6154726	.1137525	.2457245	0
1301.15	.01808203	.6133843	.1216315	.2469022	0
1300.15	.01112184	.611349	.1294607	.2480685	0
1299.15	.004158673	.6093651	.1372515	.2492248	0
1298.551	0	.608203	.1418861	.249911	0
1298.551	0	.608203	.1418861	.249911	0
1298.15	0	.6076994	.142219	.2500817	0
1297.15	0	.6064471	.1430468	.2505061	0
1296.15	0	.6051985	.1438721	.2509294	0
1295.15	0	.6039535	.1446949	.2513516	0
1294.15	0	.6027122	.1455153	.2517725	0
1293.15	0	.6014745	.1463331	.2521923	0
1292.15	0	.6002405	.1471485	.252611	0
1291.15	0	.5990101	.1479615	.2530285	0
1290.15	0	.5977833	.1487719	.2534448	0
1289.15	0	.5965601	.1495799	.25386	0
1288.15	0	.5953405	.1503855	.2542741	0
1287.15	0	.5941244	.1511886	.254687	0
1286.15	0	.592912	.1519892	.2550988	0
1285.15	0	.5917031	.1527874	.2555095	0
1284.15	0	.5904978	.1535832	.2559191	0
1283.15	0	.589296	.1543765	.2563275	0
1282.15	0	.5880978	.1551674	.2567348	0
1281.15	0	.5869031	.1559559	.257141	0
1280.15	0	.5857119	.1567419	.2575462	0
1279.15	0	.5845243	.1575256	.2579502	0
1278.15	0	.5833401	.1583068	.2583531	0
1277.15	0	.5821594	.1590856	.258755	0
1276.15	0	.5809822	.159862	.2591558	0
1275.15	0	.5798085	.160636	.2595554	0
1274.15	0	.5786383	.1614077	.259954	0
1273.15	0	.5774716	.1621769	.2603516	0
1272.15	0	.5763082	.1629437	.2607481	0
1271.15	0	.5751484	.1637082	.2611435	0
1270.15	0	.573992	.1644702	.2615378	0
1269.15	0	.572839	.1652299	.2619311	0
1268.15	0	.5716894	.1659873	.2623234	0
1267.15	0	.5705432	.1667422	.2627146	0
1266.15	0	.5694005	.1674948	.2631047	0
1265.15	0	.5682611	.1682451	.2634939	0
1264.15	0	.5671251	.1689929	.2638819	0
1263.15	0	.5659926	.1697384	.264269	0
1262.15	0	.5648633	.1704816	.2646551	0
1261.15	0	.5637375	.1712224	.2650401	0
1260.15	0	.562615	.1719609	.2654241	0
1259.15	0	.5614959	.172697	.2658071	0
1258.15	0	.5603801	.1734308	.266189	0
1257.15	0	.5592677	.1741623	.26657	0
1256.15	0	.5581586	.1748914	.26695	0
1255.15	0	.5570528	.1756182	.267329	0
1254.15	0	.5559503	.1763427	.267707	0
1253.15	0	.5548512	.1770649	.268084	0
1252.15	0	.5537553	.1777847	.26846	0
1251.15	0	.5526627	.1785023	.268835	0
1250.15	0	.5515735	.1792175	.2692091	0
1249.15	0	.5504875	.1799304	.2695822	0
1248.15	0	.5494047	.180641	.2699543	0
1247.15	0	.5483253	.1813493	.2703254	0
1246.15	0	.5472491	.1820553	.2706956	0
1245.15	0	.5461762	.182759	.2710648	0
1244.15	0	.5451065	.1834604	.2714331	0
1243.15	0	.5440401	.1841595	.2718004	0
1242.15	0	.5429769	.1848564	.2721668	0
1241.15	0	.5419169	.1855509	.2725322	0
1240.15	0	.5408601	.1862432	.2728967	0
1239.15	0	.5398066	.1869332	.2732602	0
1238.15	0	.5387563	.1876209	.2736229	0
1237.15	0	.5377092	.1883063	.2739845	0
1236.15	0	.5366652	.1889895	.2743453	0
1235.15	0	.5356245	.1896703	.2747052	0
1234.15	0	.534587	.190349	.2750641	0
1233.15	0	.5335526	.1910253	.2754221	0
1232.15	0	.5325214	.1916994	.2757792	0
1231.15	0	.5314934	.1923712	.2761354	0
1230.15	0	.5304686	.1930408	.2764906	0
1229.15	0	.5294469	.1937081	.276845	0
1228.15	0	.5284283	.1943732	.2771985	0
1227.15	0	.5274129	.195036	.2775511	0
1226.15	0	.5264007	.1956965	.2779028	0
1225.15	0	.5253916	.1963548	.2782536	0
1224.15	0	.5243856	.1970109	.2786035	0
1223.15	0	.5233827	.1976647	.2789526	0
1222.15	0	.522383	.1983163	.2793007	0
1221.15	0	.5213864	.1989656	.279648	0
1220.15	0	.5203929	.1996127	.2799944	0
1219.15	0	.5194024	.2002576	.28034	0
1218.15	0	.5184151	.2009002	.2806846	0
1217.15	0	.5174309	.2015406	.2810285	0
1216.15	0	.5164498	.2021788	.2813714	0
1215.15	0	.5154717	.2028147	.2817135	0
1214.15	0	.5144968	.2034484	.2820548	0
1213.15	0	.5135249	.2040799	.2823952	0
1212.15	0	.5125561	.2047092	.2827348	0
1211.15	0	.5115903	.2053362	.2830735	0
1210.15	0	.5106276	.205961	.2834113	0
1209.15	0	.509668	.2065836	.2837484	0
1208.15	0	.5087114	.207204	.2840846	0
1207.15	0	.5077579	.2078222	.28442	0
1206.15	0	.5068074	.2084381	.2847545	0
1205.15	0	.5058599	.2090519	.2850882	0
1204.15	0	.5049155	.2096634	.2854211	0
1203.15	0	.5039741	.2102727	.2857532	0
1202.15	0	.5030358	.2108798	.2860845	0
1201.15	0	.5021004	.2114847	.2864149	0
1200.15	0	.5011681	.2120873	.2867446	0
1199.15	0	.5002388	.2126878	.2870734	0
1198.15	0	.4993125	.2132861	.2874014	0
1197.15	0	.4983892	.2138821	.2877286	0
1196.15	0	.4974689	.214476	.2880551	0
1195.15	0	.4965516	.2150677	.2883807	0
1194.15	0	.4956373	.2156571	.2887055	0
1193.15	0	.494726	.2162444	.2890296	0
1192.15	0	.4938177	.2168294	.2893529	0
1191.15	0	.4929124	.2174123	.2896753	0
1190.15	0	.4920101	.2179929	.289997	0
1189.15	0	.4911107	.2185714	.2903179	0
1188.15	0	.4902143	.2191476	.2906381	0
1187.15	0	.4893209	.2197217	.2909575	0
1186.15	0	.4884304	.2202936	.291276	0
1185.15	0	.4875429	.2208632	.2915939	0
1184.15	0	.4866584	.2214307	.2919109	0
1183.15	0	.4857768	.221996	.2922272	0
1182.15	0	.4848982	.2225591	.2925428	0
1181.15	0	.4840225	.2231199	.2928575	0
1180.15	0	.4831498	.2236786	.2931716	0
1179.15	0	.48228	.2242351	.2934848	0
1178.15	0	.4814132	.2247895	.2937974	0
1177.15	0	.4805493	.2253416	.2941091	0
1176.15	0	.4796883	.2258915	.2944202	0
1175.15	0	.4788303	.2264392	.2947304	0
1174.15	0	.4779752	.2269848	.29504	0
1173.15	0	.4771231	.2275281	.2953488	0
1172.15	0	.4762739	.2280693	.2956569	0
1171.15	0	.4754276	.2286082	.2959642	0
1170.15	0	.4745842	.229145	.2962708	0
1169.15	0	.4737437	.2296796	.2965767	0
1168.15	0	.4729062	.230212	.2968819	0
1167.15	0	.4720715	.2307422	.2971863	0
1166.15	0	.4712398	.2312702	.29749	0
1165.15	0	.470411	.231796	.297793	0
1164.15	0	.4695851	.2323196	.2980953	0
1163.15	0	.4687621	.232841	.2983968	0
1162.15	0	.4679421	.2333602	.2986977	0
1161.15	0	.4671249	.2338773	.2989978	0
1160.15	0	.4663106	.2343921	.2992973	0
1159.15	0	.4654992	.2349048	.299596	0
1158.15	0	.4646908	.2354152	.299894	0
1157.15	0	.4638852	.2359235	.3001914	0
1156.15	0	.4630825	.2364295	.300488	0
1155.15	0	.4622827	.2369334	.300784	0
1154.15	0	.4614857	.237435	.3010792	0
1153.15	0	.4606917	.2379345	.3013738	0
1152.15	0	.4599006	.2384318	.3016676	0
1151.15	0	.4591124	.2389268	.3019608	0
1150.15	0	.458327	.2394197	.3022533	0
1149.15	0	.4575445	.2399103	.3025451	0
1148.15	0	.456765	.2403988	.3028363	0
1147.15	0	.4559882	.240885	.3031267	0
1146.15	0	.4552144	.2413691	.3034165	0
1145.15	0	.4544435	.2418509	.3037056	0
1144.15	0	.4536754	.2423306	.303994	0
1143.15	0	.4529102	.242808	.3042818	0
1142.15	0	.4521479	.2432832	.3045689	0
1141.15	0	.4513885	.2437562	.3048553	0
1140.15	0	.4506319	.244227	.3051411	0
1139.15	0	.4498782	.2446956	.3054262	0
1138.15	0	.4491274	.245162	.3057106	0
1137.15	0	.4483795	.2456261	.3059944	0
1136.15	0	.4476344	.246088	.3062775	0
1135.15	0	.4468922	.2465478	.30656	0
1134.15	0	.4461529	.2470053	.3068418	0
1133.15	0	.4454165	.2474605	.307123	0
1132.15	0	.4446829	.2479136	.3074035	0
1131.15	0	.4439522	.2483644	.3076834	0
1130.15	0	.4432244	.248813	.3079626	0
1129.15	0	.4424994	.2492594	.3082412	0
1128.15	0	.4417773	.2497035	.3085192	0
1127.15	0	.4410581	.2501454	.3087965	0
1126.15	0	.4403417	.2505851	.3090732	0
1125.15	0	.4396282	.2510226	.3093492	0
1124.15	0	.4389176	.2514578	.3096246	0
1123.15	0	.4382099	.2518907	.3098994	0
1122.15	0	.437505	.2523215	.3101735	0
1121.15	0	.436803	.25275	.310447	0
1120.15	0	.4361039	.2531762	.3107199	0
1119.15	0	.4354076	.2536002	.3109922	0
1118.15	0	.4347143	.2540219	.3112638	0
1117.15	0	.4340238	.2544414	.3115348	0
1116.15	0	.4333361	.2548587	.3118052	0
1115.15	0	.4326514	.2552736	.312075	0
1114.15	0	.4319695	.2556864	.3123442	0
1113.15	0	.4312905	.2560968	.3126127	0
1112.15	0	.4306143	.256505	.3128806	0
1111.15	0	.4299411	.256911	.3131479	0
1110.15	0	.4292707	.2573146	.3134147	0
1109.15	0	.4286032	.257716	.3136807	0
1108.15	0	.4279386	.2581152	.3139462	0
1107.15	0	.4272769	.258512	.3142111	0
1106.15	0	.426618	.2589066	.3144754	0
1105.15	0	.4259621	.2592989	.3147391	0
1104.15	0	.425309	.2596889	.3150021	0
1103.15	0	.4246588	.2600766	.3152646	0
1102.15	0	.4240115	.260462	.3155265	0
1101.15	0	.4233671	.2608451	.3157878	0
1100.15	0	.4227256	.261226	.3160485	0
1099.15	0	.4220869	.2616045	.3163085	0
1098.15	0	.4214512	.2619808	.316568	0
1097.15	0	.4208184	.2623547	.3168269	0
1096.15	0	.4201884	.2627263	.3170852	0
1095.15	0	.4195614	.2630956	.317343	0
1094.15	0	.4189373	.2634626	.3176001	0
1093.15	0	.418316	.2638273	.3178566	0
1092.15	0	.4176977	.2641897	.3181126	0
1091.15	0	.4170823	.2645497	.318368	0
1090.15	0	.4164698	.2649075	.3186228	0
1089.15	0	.4158602	.2652628	.318877	0
1088.15	0	.4152535	.2656159	.3191306	0
1087.15	0	.4146497	.2659666	.3193837	0
1086.15	0	.4140489	.266315	.3196361	0
1085.15	0	.413451	.266661	.319888	0
1084.15	0	.412856	.2670047	.3201393	0
1083.15	0	.4122639	.267346	.3203901	0
1082.15	0	.4116748	.267685	.3206403	0
1081.15	0	.4110886	.2680216	.3208899	0
1080.15	0	.4105053	.2683558	.3211389	0
1079.15	0	.409925	.2686877	.3213873	0
1078.15	0	.4093476	.2690172	.3216352	0
1077.15	0	.4087731	.2693443	.3218825	0
1076.15	0	.4082016	.2696691	.3221293	0
1075.15	0	.4076331	.2699915	.3223755	0
1074.15	0	.4070675	.2703115	.3226211	0
1073.15	0	.4065048	.2706291	.3228661	0
1072.15	0	.4059451	.2709442	.3231106	0
1071.15	0	.4053884	.271257	.3233545	0
1070.15	0	.4048347	.2715674	.3235979	0
1069.15	0	.4042839	.2718754	.3238407	0
1068.15	0	.4037361	.272181	.3240829	0
1067.15	0	.4031912	.2724842	.3243246	0
1066.15	0	.4026494	.2727849	.3245657	0
1065.15	0	.4021105	.2730832	.3248063	0
1064.15	0	.4015746	.2733791	.3250463	0
1063.15	0	.4010417	.2736726	.3252857	0
1062.15	0	.4005118	.2739636	.3255246	0
1061.15	0	.3999849	.2742522	.3257629	0
1060.15	0	.399461	.2745383	.3260007	0
1059.15	0	.3989401	.2748219	.3262379	0
1058.15	0	.3984222	.2751032	.3264746	0
1057.15	0	.3979074	.2753819	.3267107	0
1056.15	0	.3973955	.2756582	.3269463	0
1055.15	0	.3968867	.275932	.3271813	0
1054.15	0	.3963809	.2762033	.3274158	0
1053.15	0	.3958781	.2764722	.3276497	0
1052.15	0	.3953784	.2767386	.327883	0
1051.15	0	.3948817	.2770024	.3281159	0
1050.15	0	.3943881	.2772638	.3283481	0
1049.15	0	.3938975	.2775227	.3285798	0
1048.15	0	.3934099	.2777791	.328811	0
1047.15	0	.3929254	.278033	.3290416	0
1046.15	0	.392444	.2782843	.3292717	0
1045.15	0	.3919657	.2785331	.3295012	0
1044.15	0	.3914904	.2787794	.3297302	0
1043.15	0	.3910182	.2790232	.3299586	0
1042.15	0	.3905491	.2792644	.3301865	0
1041.15	0	.3900831	.2795031	.3304138	0
1040.15	0	.3896201	.2797393	.3306406	0
1039.15	0	.3891603	.2799729	.3308668	0
1038.15	0	.3887036	.2802039	.3310925	0
1037.15	0	.38825	.2804324	.3313177	0
1036.15	0	.3877995	.2806583	.3315423	0
1035.15	0	.3873521	.2808816	.3317663	0
1034.15	0	.3869078	.2811024	.3319898	0
1033.15	0	.3864667	.2813205	.3322128	0
1032.15	0	.3860287	.2815361	.3324352	0
1031.15	0	.3855938	.2817491	.3326571	0
1030.15	0	.3851621	.2819595	.3328784	0
1029.15	0	.3847336	.2821672	.3330992	0
1028.15	0	.3843082	.2823724	.3333194	0
1027.15	0	.383886	.2825749	.3335391	0
1026.15	0	.3834669	.2827748	.3337583	0
1025.15	0	.383051	.2829721	.3339769	0
1024.15	0	.3826383	.2831668	.3341949	0
1023.15	0	.3822288	.2833588	.3344124	0
1022.15	0	.3818225	.2835482	.3346294	0
1021.15	0	.3814193	.2837349	.3348458	0
1020.15	0	.3810194	.283919	.3350616	0
1019.15	0	.3806227	.2841004	.3352769	0
1018.15	0	.3802292	.2842791	.3354917	0
1017.15	0	.379839	.2844552	.3357059	0
1016.15	0	.3794519	.2846285	.3359196	0
1015.15	0	.3790681	.2847992	.3361327	0
1014.15	0	.3786875	.2849672	.3363452	0
1013.15	0	.3783102	.2851325	.3365572	0
1012.15	0	.3779362	.2852951	.3367687	0
1011.15	0	.3775654	.2854551	.3369796	0
1010.15	0	.3771978	.2856122	.3371899	0
1009.15	0	.3768336	.2857667	.3373997	0
1008.15	0	.3764726	.2859184	.3376089	0
1007.15	0	.3761149	.2860675	.3378176	0
1006.15	0	.3757605	.2862138	.3380257	0
1005.15	0	.3754094	.2863573	.3382333	0
1004.15	0	.3750616	.2864981	.3384403	0
1003.15	0	.3747171	.2866361	.3386468	0
1002.15	0	.3743759	.2867714	.3388526	0
1001.15	0	.3740381	.286904	.339058	0
1000.15	0	.3737036	.2870337	.3392627	0
999.15	0	.3733724	.2871607	.3394669	0
998.15	0	.3730446	.2872849	.3396705	0
997.15	0	.3727201	.2874064	.3398736	0
996.15	0	.3723989	.287525	.3400761	0
995.15	0	.3720812	.2876408	.340278	0
994.15	0	.3717668	.2877539	.3404794	0
993.15	0	.3714557	.2878641	.3406801	0
992.15	0	.3711481	.2879716	.3408803	0
991.15	0	.3708438	.2880762	.34108	0
990.15	0	.370543	.288178	.341279	0
989.15	0	.3702455	.288277	.3414775	0
988.15	0	.3699514	.2883732	.3416754	0
987.15	0	.3696608	.2884665	.3418727	0
986.15	0	.3693736	.288557	.3420694	0
985.15	0	.3690898	.2886447	.3422656	0
984.15	0	.3688094	.2887295	.3424611	0
983.15	0	.3685325	.2888114	.3426561	0
982.15	0	.368259	.2888905	.3428505	0
981.15	0	.3679889	.2889668	.3430443	0
980.15	0	.3677224	.2890402	.3432374	0
979.15	0	.3674593	.2891107	.34343	0
978.15	0	.3671996	.2891784	.343622	0
977.15	0	.3669434	.2892432	.3438134	0
976.15	0	.3666907	.2893051	.3440042	0
975.15	0	.3664415	.2893641	.3441944	0
974.15	0	.3661958	.2894203	.3443839	0
973.15	0	.3659536	.2894736	.3445729	0
972.15	0	.3657148	.2895239	.3447612	0
971.15	0	.3654796	.2895715	.3449489	0
970.15	0	.3652479	.2896161	.3451361	0
969.15	0	.3650197	.2896578	.3453225	0
968.15	0	.364795	.2896966	.3455084	0
967.15	0	.3645739	.2897325	.3456936	0
966.15	0	.3643563	.2897655	.3458782	0
965.15	0	.3641422	.2897957	.3460622	0
964.15	0	.3639316	.2898229	.3462455	0
963.15	0	.3637246	.2898472	.3464282	0
962.15	0	.3635212	.2898686	.3466102	0
961.15	0	.3633213	.2898871	.3467916	0
960.15	0	.3631249	.2899027	.3469724	0
959.15	0	.3629322	.2899154	.3471524	0
958.15	0	.3627429	.2899252	.3473319	0
957.15	0	.3625573	.2899321	.3475106	0
956.15	0	.3623752	.2899361	.3476887	0
955.15	0	.3621967	.2899372	.3478662	0
954.15	0	.3620217	.2899353	.3480429	0
953.15	0	.3618504	.2899306	.348219	0
952.15	0	.3616826	.289923	.3483944	0
951.15	0	.3615184	.2899125	.3485692	0
950.15	0	.3613578	.289899	.3487432	0
949.15	0	.3612007	.2898827	.3489165	0
948.15	0	.3610473	.2898636	.3490892	0
947.15	0	.3608974	.2898415	.3492611	0
946.15	0	.3607512	.2898165	.3494323	0
945.15	0	.3606085	.2897887	.3496028	0
944.15	0	.3604694	.289758	.3497726	0
943.15	0	.3603339	.2897244	.3499417	0
942.15	0	.360202	.289688	.3501101	0
941.15	0	.3600736	.2896487	.3502777	0
940.15	0	.3599489	.2896065	.3504446	0
939.15	0	.3598277	.2895616	.3506107	0
938.15	0	.3597102	.2895138	.3507761	0
937.15	0	.3595962	.2894631	.3509407	0
936.15	0	.3594857	.2894097	.3511046	0
935.15	0	.3593789	.2893534	.3512677	0
934.15	0	.3592756	.2892943	.35143	0
933.15	0	.3591759	.2892325	.3515916	0
932.15	0	.3590798	.2891679	.3517524	0
931.15	0	.3589872	.2891005	.3519124	0
930.15	0	.3588982	.2890303	.3520716	0
929.15	0	.3588127	.2889574	.35223	0
928.15	0	.3587307	.2888818	.3523875	0
927.15	0	.3586523	.2888034	.3525443	0
926.15	0	.3585774	.2887224	.3527002	0
925.15	0	.3585061	.2886386	.3528553	0
924.15	0	.3584382	.2885522	.3530096	0
923.15	0	.3583738	.2884631	.353163	0
922.15	0	.358313	.2883714	.3533156	0
921.15	0	.3582556	.2882771	.3534673	0
920.15	0	.3582017	.2881802	.3536181	0
919.15	0	.3581513	.2880807	.3537681	0
918.15	0	.3581043	.2879786	.3539172	0
917.15	0	.3580607	.287874	.3540653	0
916.15	0	.3580205	.2877669	.3542126	0
915.15	0	.3579838	.2876572	.354359	0
914.15	0	.3579505	.2875451	.3545044	0
913.15	0	.3579205	.2874306	.3546489	0
912.15	0	.3578939	.2873136	.3547925	0
911.15	0	.3578706	.2871943	.3549351	0
910.15	0	.3578507	.2870725	.3550768	0
909.15	0	.3578341	.2869485	.3552174	0
908.15	0	.3578207	.2868221	.3553572	0
907.15	0	.3578106	.2866935	.3554959	0
906.15	0	.3578038	.2865626	.3556336	0
905.15	0	.3578002	.2864295	.3557703	0
904.15	0	.3577998	.2862943	.355906	0
903.15	0	.3578025	.2861569	.3560406	0
902.15	0	.3578084	.2860174	.3561742	0
901.15	0	.3578174	.2858758	.3563068	0
900.15	0	.3578295	.2857323	.3564382	0
899.15	0	.3578447	.2855867	.3565686	0
898.15	0	.3578629	.2854392	.3566979	0
897.15	0	.3578841	.2852899	.3568261	0
896.15	0	.3579083	.2851386	.3569531	0
895.15	0	.3579353	.2849856	.357079	0
894.15	0	.3579654	.2848309	.3572038	0
893.15	0	.3579982	.2846744	.3573274	0
892.15	0	.3580339	.2845163	.3574498	0
891.15	0	.3580724	.2843566	.357571	0
890.15	0	.3581136	.2841954	.357691	0
889.15	0	.3581575	.2840327	.3578098	0
888.15	0	.358204	.2838686	.3579273	0
887.15	0	.3582532	.2837032	.3580436	0
886.15	0	.3583049	.2835365	.3581586	0
885.15	0	.3583592	.2833685	.3582723	0
884.15	0	.3584159	.2831995	.3583846	0
883.15	0	.358475	.2830293	.3584957	0
882.15	0	.3585365	.2828581	.3586053	0
881.15	0	.3586003	.2826861	.3587136	0
880.15	0	.3586663	.2825131	.3588206	0
879.15	0	.3587345	.2823395	.358926	0
878.15	0	.3588048	.2821651	.3590301	0
877.15	0	.3588772	.2819901	.3591327	0
876.15	0	.3589515	.2818147	.3592338	0
875.15	0	.3590278	.2816389	.3593334	0
874.15	0	.3591059	.2814627	.3594314	0
873.15	0	.3591857	.2812864	.3595279	0
872.15	0	.3592673	.2811099	.3596228	0
871.15	0	.3593504	.2809335	.3597161	0
870.15	0	.3594351	.2807572	.3598078	0
869.15	0	.3595212	.2805811	.3598977	0
868.15	0	.3596086	.2804054	.359986	0
867.15	0	.3596973	.2802302	.3600725	0
866.15	0	.3597871	.2800556	.3601573	0
865.15	0	.359878	.2798818	.3602402	0
864.15	0	.3599698	.2797089	.3603213	0
863.15	0	.3600624	.279537	.3604006	0
862.15	0	.3601558	.2793663	.3604779	0
861.15	0	.3602497	.279197	.3605533	0
860.15	0	.3603441	.2790293	.3606266	0
859.15	0	.3604388	.2788632	.3606979	0
858.15	0	.3605338	.2786991	.3607671	0
857.15	0	.3606288	.278537	.3608342	0
856.15	0	.3607237	.2783773	.3608991	0
855.15	0	.3608183	.27822	.3609617	0
854.15	0	.3609125	.2780655	.361022	0
853.15	0	.3610061	.2779139	.36108	0
852.15	0	.361099	.2777655	.3611355	0
851.15	0	.3611909	.2776206	.3611885	0
850.15	0	.3612816	.2774795	.361239	0
849.15	0	.3613709	.2773423	.3612868	0
848.15	0	.3614586	.2772095	.3613319	0
847.15	0	.3615445	.2770814	.3613741	0
846.15	0	.3616282	.2769583	.3614135	0
845.15	0	.3617096	.2768406	.3614499	0
844.15	0	.3617883	.2767286	.3614832	0
843.15	0	.361864	.2766228	.3615132	0
842.15	0	.3619364	.2765237	.3615399	0
841.15	0	.3620051	.2764317	.3615632	0
840.15	0	.3620698	.2763474	.3615828	0
839.15	0	.36213	.2762714	.3615987	0
838.15	0	.3621852	.2762042	.3616106	0
837.15	0	.3622351	.2761464	.3616185	0
836.15	0	.362279	.276099	.361622	0
835.15	0	.3623163	.2760626	.3616211	0
834.15	0	.3623465	.2760382	.3616154	0
833.15	0	.3623687	.2760267	.3616046	0
832.15	0	.3623823	.2760292	.3615886	0
831.15	0	.3620941	.276432	.3614739	0
830.15	0	.3618062	.2768394	.3613544	0
829.15	0	.3615678	.2771867	.3612455	0
828.15	0	.3613727	.2774815	.3611458	0
827.15	0	.3612158	.2777303	.3610539	0
826.15	0	.3610929	.2779382	.3609689	0
825.15	0	.3610006	.2781097	.3608897	0
824.15	0	.3609356	.2782486	.3608158	0
823.15	0	.3608954	.2783581	.3607466	0
822.15	0	.3608776	.278441	.3606814	0
821.15	0	.3608802	.2784998	.36062	0
820.15	0	.3609013	.2785368	.3605619	0
819.15	0	.3609394	.2785539	.3605067	0
818.15	0	.360993	.2785527	.3604543	0
817.15	0	.3610608	.2785349	.3604043	0
816.15	0	.3611416	.2785019	.3603566	0
815.15	0	.3612343	.2784549	.3603108	0
814.15	0	.361338	.2783951	.360267	0
813.15	0	.3614517	.2783235	.3602248	0
812.15	0	.3615747	.2782411	.3601842	0
811.15	0	.3617061	.2781488	.3601451	0
810.15	0	.3618453	.2780474	.3601072	0
809.15	0	.3619917	.2779377	.3600706	0
808.15	0	.3621447	.2778202	.3600351	0
807.15	0	.3623036	.2776957	.3600007	0
806.15	0	.3624681	.2775647	.3599672	0
805.15	0	.3626376	.2774278	.3599346	0
804.15	0	.3628117	.2772855	.3599028	0
803.15	0	.36299	.2771383	.3598718	0
802.15	0	.363172	.2769865	.3598415	0
801.15	0	.3633576	.2768306	.3598118	0
800.15	0	.3635463	.276671	.3597828	0
799.15	0	.3637377	.2765079	.3597543	0
798.15	0	.3639317	.2763419	.3597264	0
797.15	0	.364128	.276173	.359699	0
796.15	0	.3643263	.2760017	.359672	0
795.15	0	.3645263	.2758282	.3596455	0
794.15	0	.3647279	.2756528	.3596193	0
793.15	0	.3649309	.2754756	.3595935	0
792.15	0	.365135	.2752969	.3595681	0
791.15	0	.36534	.275117	.359543	0
790.15	0	.3655459	.2749359	.3595182	0
789.15	0	.3657524	.274754	.3594937	0
788.15	0	.3659594	.2745712	.3594694	0
787.15	0	.3661667	.2743879	.3594454	0
786.15	0	.3663742	.2742041	.3594216	0
785.15	0	.3665819	.2740201	.3593981	0
784.15	0	.3667895	.2738358	.3593747	0
783.15	0	.366997	.2736515	.3593515	0
782.15	0	.3672043	.2734672	.3593285	0
781.15	0	.3674113	.2732832	.3593056	0
780.15	0	.3676178	.2730994	.3592829	0
779.15	0	.3678239	.2729159	.3592603	0
778.15	0	.3680293	.2727329	.3592378	0
777.15	0	.3682342	.2725504	.3592154	0
776.15	0	.3684383	.2723685	.3591932	0
775.15	0	.3686416	.2721873	.3591711	0
774.15	0	.3688441	.2720069	.359149	0
773.15	0	.3690458	.2718272	.359127	0
772.15	0	.3692464	.2716484	.3591051	0
771.15	0	.3694461	.2714706	.3590833	0
770.15	0	.3696448	.2712937	.3590616	0
769.15	0	.3698424	.2711178	.3590399	0
768.15	0	.3700388	.270943	.3590182	0
767.15	0	.3702342	.2707693	.3589966	0
766.15	0	.3704283	.2705967	.358975	0
765.15	0	.3706212	.2704253	.3589535	0
764.15	0	.3708129	.2702551	.358932	0
763.15	0	.3710034	.2700862	.3589105	0
762.15	0	.3711925	.2699185	.358889	0
761.15	0	.3713803	.2697521	.3588676	0
760.15	0	.3715668	.269587	.3588462	0
759.15	0	.371752	.2694232	.3588248	0
758.15	0	.3719358	.2692608	.3588034	0
757.15	0	.3721182	.2690998	.358782	0
756.15	0	.3722992	.2689402	.3587606	0
755.15	0	.3724788	.268782	.3587392	0
754.15	0	.372657	.2686251	.3587178	0
753.15	0	.3728338	.2684698	.3586964	0
752.15	0	.3730092	.2683158	.358675	0
751.15	0	.3731831	.2681633	.3586536	0
750.15	0	.3733556	.2680122	.3586322	0
749.15	0	.3735266	.2678626	.3586107	0
748.15	0	.3736962	.2677145	.3585893	0
747.15	0	.3738643	.2675678	.3585678	0
746.15	0	.374031	.2674227	.3585463	0
745.15	0	.3741987	.2672771	.3585242	0
744.15	0	.3743623	.267135	.3585027	0
743.15	0	.3745244	.2669944	.3584812	0
742.15	0	.3746851	.2668552	.3584597	0
741.15	0	.3748444	.2667176	.3584381	0
740.15	0	.3750022	.2665813	.3584165	0
739.15	0	.3751585	.2664466	.3583949	0
738.15	0	.3753135	.2663133	.3583732	0
737.15	0	.375467	.2661815	.3583515	0
736.15	0	.375619	.2660512	.3583298	0
735.15	0	.3757697	.2659223	.358308	0
734.15	0	.3759189	.2657949	.3582862	0
733.15	0	.3760667	.2656689	.3582644	0
732.15	0	.3762131	.2655444	.3582425	0
731.15	0	.3763581	.2654213	.3582206	0
730.15	0	.3765017	.2652996	.3581987	0
729.15	0	.3766439	.2651794	.3581767	0
728.15	0	.3767848	.2650606	.3581547	0
727.15	0	.3769242	.2649432	.3581326	0
726.15	0	.3770623	.2648272	.3581105	0
725.15	0	.377199	.2647127	.3580884	0
724.15	0	.3773343	.2645995	.3580662	0
723.15	0	.3774684	.2644877	.358044	0
722.15	0	.377601	.2643773	.3580217	0
721.15	0	.3777324	.2642683	.3579994	0
720.15	0	.3778624	.2641606	.3579771	0
719.15	0	.3779911	.2640543	.3579547	0
718.15	0	.3781184	.2639493	.3579323	0
717.15	0	.3782445	.2638457	.3579098	0
716.15	0	.3783693	.2637434	.3578873	0
715.15	0	.3784928	.2636424	.3578647	0
714.15	0	.3786151	.2635428	.3578421	0
713.15	0	.3787361	.2634444	.3578195	0
712.15	0	.3788558	.2633474	.3577968	0
711.15	0	.3789743	.2632516	.3577741	0
710.15	0	.3790915	.2631571	.3577513	0
709.15	0	.3792076	.2630639	.3577285	0
708.15	0	.3793224	.262972	.3577057	0
707.15	0	.379436	.2628812	.3576828	0
706.15	0	.3795484	.2627918	.3576599	0
705.15	0	.3796596	.2627036	.3576369	0
704.15	0	.3797696	.2626165	.3576139	0
703.15	0	.3798785	.2625307	.3575908	0
702.15	0	.3799861	.2624461	.3575677	0
701.15	0	.3800927	.2623628	.3575446	0
700.15	0	.3801981	.2622805	.3575214	0
699.15	0	.3803024	.2621995	.3574982	0
698.15	0	.3804055	.2621196	.3574749	0
697.15	0	.3805075	.2620409	.3574516	0
696.15	0	.3806084	.2619633	.3574282	0
695.15	0	.3807083	.2618869	.3574048	0
694.15	0	.380807	.2618116	.3573814	0
693.15	0	.3809047	.2617374	.357358	0
692.15	0	.3810012	.2616643	.3573344	0
691.15	0	.3810968	.2615924	.3573109	0
690.15	0	.3811913	.2615215	.3572873	0
689.15	0	.3812847	.2614517	.3572637	0
688.15	0	.3813771	.2613829	.35724	0
687.15	0	.3814685	.2613152	.3572163	0
686.15	0	.3815588	.2612486	.3571925	0
685.15	0	.3816482	.2611831	.3571687	0
684.15	0	.3817366	.2611185	.3571449	0
683.15	0	.3818239	.261055	.357121	0
682.15	0	.3819103	.2609925	.3570971	0
681.15	0	.3819958	.260931	.3570732	0
680.15	0	.3820802	.2608705	.3570492	0
679.15	0	.3821637	.260811	.3570252	0
678.15	0	.3822463	.2607525	.3570012	0
677.15	0	.3823279	.260695	.3569771	0
676.15	0	.3824086	.2606384	.356953	0
675.15	0	.3824884	.2605828	.3569288	0
674.15	0	.3825673	.2605281	.3569046	0
673.15	0	.3826453	.2604744	.3568804	0
672.15	0	.3827223	.2604216	.3568561	0
671.15	0	.3827985	.2603697	.3568318	0
670.15	0	.3828738	.2603187	.3568075	0
669.15	0	.3829482	.2602686	.3567831	0
668.15	0	.3830218	.2602195	.3567587	0
667.15	0	.3830945	.2601712	.3567343	0
666.15	0	.3831664	.2601238	.3567098	0
665.15	0	.3832374	.2600772	.3566854	0
664.15	0	.3833076	.2600316	.3566608	0
663.15	0	.383377	.2599868	.3566363	0
662.15	0	.3834456	.2599428	.3566117	0
661.15	0	.3835133	.2598997	.3565871	0
660.15	0	.3835802	.2598574	.3565624	0
659.15	0	.3836464	.2598159	.3565377	0
658.15	0	.3837118	.2597752	.356513	0
657.15	0	.3837763	.2597354	.3564883	0
656.15	0	.3838401	.2596964	.3564635	0
655.15	0	.3839032	.2596581	.3564387	0
654.15	0	.3839655	.2596206	.3564139	0
653.15	0	.384027	.259584	.356389	0
652.15	0	.3840878	.259548	.3563642	0
651.15	0	.3841478	.2595129	.3563393	0
650.15	0	.3842072	.2594785	.3563143	0
649.15	0	.3842658	.2594449	.3562894	0
648.15	0	.3843236	.259412	.3562644	0
647.15	0	.3843808	.2593798	.3562394	0
646.15	0	.3844373	.2593484	.3562144	0
645.15	0	.384493	.2593177	.3561893	0
644.15	0	.3845481	.2592877	.3561642	0
643.15	0	.3846025	.2592584	.3561391	0
642.15	0	.3846562	.2592298	.356114	0
641.15	0	.3847092	.2592019	.3560888	0
640.15	0	.3847616	.2591747	.3560637	0
639.15	0	.3848133	.2591482	.3560385	0
638.15	0	.3848644	.2591224	.3560133	0
637.15	0	.3849148	.2590972	.355988	0
636.15	0	.3849645	.2590727	.3559628	0
635.15	0	.3850137	.2590488	.3559375	0
634.15	0	.3850622	.2590256	.3559122	0
633.15	0	.38511	.2590031	.3558869	0
632.15	0	.3851573	.2589811	.3558616	0
631.15	0	.3852039	.2589599	.3558362	0
630.15	0	.38525	.2589392	.3558109	0
629.15	0	.3852954	.2589191	.3557855	0
628.15	0	.3853402	.2588997	.3557601	0
627.15	0	.3853845	.2588809	.3557347	0
626.15	0	.3854282	.2588626	.3557092	0
625.15	0	.3854712	.258845	.3556838	0
624.15	0	.3855137	.2588279	.3556583	0
623.15	0	.3855557	.2588115	.3556328	0
622.15	0	.385597	.2587956	.3556074	0
621.15	0	.3856379	.2587803	.3555819	0
620.15	0	.3856781	.2587655	.3555563	0
619.15	0	.3857179	.2587513	.3555308	0
618.15	0	.385757	.2587377	.3555053	0
617.15	0	.3857957	.2587246	.3554797	0
616.15	0	.3858338	.2587121	.3554542	0
615.15	0	.3858713	.2587001	.3554286	0
614.15	0	.3859084	.2586886	.355403	0
613.15	0	.3859449	.2586777	.3553774	0
612.15	0	.3859809	.2586673	.3553518	0
611.15	0	.3860164	.2586574	.3553262	0
610.15	0	.3860514	.258648	.3553006	0
609.15	0	.3860859	.2586391	.3552749	0
608.15	0	.3861199	.2586308	.3552493	0
607.15	0	.3861534	.2586229	.3552237	0
606.15	0	.3861865	.2586155	.355198	0
605.15	0	.386219	.2586086	.3551724	0
604.15	0	.3862511	.2586022	.3551467	0
603.15	0	.3862827	.2585963	.355121	0
602.15	0	.3863138	.2585908	.3550954	0
601.15	0	.3863445	.2585859	.3550697	0
600.15	0	.3863747	.2585813	.355044	0
599.15	0	.3864044	.2585773	.3550183	0
598.15	0	.3864337	.2585736	.3549927	0
597.15	0	.3864626	.2585705	.354967	0
596.15	0	.386491	.2585678	.3549413	0
595.15	0	.3865189	.2585655	.3549156	0
594.15	0	.3865464	.2585637	.3548899	0
593.15	0	.3865736	.2585622	.3548642	0
592.15	0	.3866002	.2585613	.3548385	0
591.15	0	.3866265	.2585607	.3548128	0
590.15	0	.3866523	.2585606	.3547872	0
589.15	0	.3866777	.2585608	.3547615	0
588.15	0	.3867027	.2585615	.3547358	0
587.15	0	.3867273	.2585626	.3547101	0
586.15	0	.3867515	.2585641	.3546844	0
585.15	0	.3867753	.258566	.3546588	0
584.15	0	.3867986	.2585683	.3546331	0
583.15	0	.3868216	.2585709	.3546074	0
582.15	0	.3868442	.258574	.3545818	0
581.15	0	.3868665	.2585774	.3545561	0
580.15	0	.3868883	.2585812	.3545305	0
579.15	0	.3869097	.2585854	.3545049	0
578.15	0	.3869308	.25859	.3544792	0
577.15	0	.3869515	.2585949	.3544536	0
576.15	0	.3869719	.2586002	.354428	0
575.15	0	.3869918	.2586058	.3544024	0
574.15	0	.3870114	.2586118	.3543768	0
573.15	0	.3870307	.2586181	.3543512	0
572.15	0	.3870496	.2586248	.3543256	0
571.15	0	.3870681	.2586318	.3543	0
570.15	0	.3870863	.2586392	.3542745	0
569.15	0	.3871041	.2586469	.3542489	0
568.15	0	.3871216	.2586549	.3542234	0
567.15	0	.3871388	.2586633	.3541979	0
566.15	0	.3871556	.258672	.3541724	0
565.15	0	.3871721	.258681	.3541469	0
564.15	0	.3871883	.2586903	.3541214	0
563.15	0	.3872041	.2586999	.354096	0
562.15	0	.3872196	.2587099	.3540705	0
561.15	0	.3872348	.2587201	.3540451	0
560.15	0	.3872497	.2587307	.3540197	0
559.15	0	.3872642	.2587415	.3539943	0
558.15	0	.3872785	.2587527	.3539689	0
557.15	0	.3872924	.2587641	.3539435	0
556.15	0	.387306	.2587758	.3539181	0
555.15	0	.3873193	.2587879	.3538928	0
554.15	0	.3873323	.2588002	.3538675	0
553.15	0	.3873451	.2588127	.3538422	0
552.15	0	.3873575	.2588256	.353817	0
551.15	0	.3873696	.2588387	.3537917	0
550.15	0	.3873814	.2588521	.3537665	0
549.15	0	.387393	.2588658	.3537413	0
548.15	0	.3874042	.2588797	.3537161	0
547.15	0	.3874152	.2588939	.3536909	0
546.15	0	.3874259	.2589083	.3536658	0
545.15	0	.3874363	.258923	.3536407	0
544.15	0	.3874465	.258938	.3536156	0
543.15	0	.3874563	.2589532	.3535905	0
542.15	0	.3874659	.2589686	.3535654	0
541.15	0	.3874753	.2589843	.3535404	0
540.15	0	.3874843	.2590002	.3535154	0
539.15	0	.3874931	.2590164	.3534905	0
538.15	0	.3875017	.2590328	.3534655	0
537.15	0	.38751	.2590494	.3534406	0
536.15	0	.387518	.2590663	.3534157	0
535.15	0	.3875258	.2590833	.3533909	0
534.15	0	.3875333	.2591007	.353366	0
533.15	0	.3875406	.2591182	.3533412	0
532.15	0	.3875476	.2591359	.3533165	0
531.15	0	.3875544	.2591539	.3532917	0
530.15	0	.3875609	.259172	.353267	0
529.15	0	.3875672	.2591904	.3532424	0
528.15	0	.3875733	.259209	.3532177	0
527.15	0	.3875791	.2592278	.3531931	0
526.15	0	.3875847	.2592468	.3531685	0
525.15	0	.3875901	.2592659	.353144	0
524.15	0	.3875953	.2592853	.3531195	0
523.15	0	.3876002	.2593049	.353095	0
522.15	0	.3876048	.2593246	.3530705	0
521.15	0	.3876093	.2593446	.3530461	0
520.15	0	.3876136	.2593647	.3530217	0
519.15	0	.3876176	.259385	.3529974	0
518.15	0	.3876214	.2594055	.3529731	0
517.15	0	.387625	.2594262	.3529488	0
516.15	0	.3876284	.259447	.3529246	0
515.15	0	.3876315	.2594681	.3529004	0
514.15	0	.3876345	.2594892	.3528763	0
513.15	0	.3876373	.2595106	.3528522	0
512.15	0	.3876398	.2595321	.3528281	0
511.15	0	.3876422	.2595538	.352804	0
510.15	0	.3876443	.2595757	.35278	0
509.15	0	.3876463	.2595977	.3527561	0
508.15	0	.387648	.2596198	.3527322	0
507.15	0	.3876496	.2596421	.3527083	0
506.15	0	.3876509	.2596646	.3526845	0
505.15	0	.3876521	.2596872	.3526607	0
504.15	0	.3876531	.25971	.352637	0
503.15	0	.3876539	.2597329	.3526133	0
502.15	0	.3876545	.2597559	.3525896	0
501.15	0	.3876549	.2597791	.352566	0
500.15	0	.3876551	.2598025	.3525424	0
499.15	0	.3876552	.2598259	.3525189	0
498.15	0	.3876551	.2598495	.3524954	0
497.15	0	.3876548	.2598732	.352472	0
496.15	0	.3876543	.2598971	.3524486	0
495.15	0	.3876537	.2599211	.3524253	0
494.15	0	.3876528	.2599452	.352402	0
493.15	0	.387652	.2599694	.3523786	0
492.15	0	.3876508	.2599938	.3523554	0
491.15	0	.3876495	.2600182	.3523323	0
490.15	0	.387648	.2600428	.3523092	0
489.15	0	.3876464	.2600675	.3522861	0
488.15	0	.3876445	.2600924	.3522631	0
487.15	0	.3876425	.2601173	.3522402	0
486.15	0	.3876404	.2601423	.3522173	0
485.15	0	.3876381	.2601675	.3521944	0
484.15	0	.3876356	.2601927	.3521716	0
483.15	0	.387633	.2602181	.3521489	0
482.15	0	.3876303	.2602435	.3521262	0
481.15	0	.3876273	.2602691	.3521036	0
480.15	0	.3876243	.2602947	.352081	0
479.15	0	.387621	.2603205	.3520585	0
478.15	0	.3876177	.2603463	.352036	0
477.15	0	.3876142	.2603723	.3520136	0
476.15	0	.3876105	.2603983	.3519912	0
475.3435	0	.3876074	.2604193	.3519732	0
475.3435	0	.3876074	.2604193	.3519732	0
475.3435	0	.3876074	.2604193	.3519732	0
475.15	0	.3876476	.260331	.3519206	1.008548E-04
474.15	0	.3878544	.2598755	.3516489	6.212179E-04
473.15	0	.3880601	.2594216	.3513779	.00114038
472.15	0	.3882648	.2589694	.3511076	.001658353
471.15	0	.3884683	.2585188	.3508378	.002175146
470.15	0	.3886707	.2580697	.3505687	.002690769
469.15	0	.3888722	.2576223	.3503003	.003205234
468.15	0	.3890725	.2571765	.3500325	.00371855
467.15	0	.3892719	.2567322	.3497652	.004230728
466.15	0	.3894702	.2562894	.3494987	.004741777
465.15	0	.3896675	.2558481	.3492327	.005251707
464.15	0	.3898638	.2554084	.3489673	.005760528
463.15	0	.3900592	.2549701	.3487025	.006268251
462.15	0	.3902536	.2545332	.3484383	.006774884
461.15	0	.390447	.2540978	.3481747	.007280437
460.15	0	.3906395	.2536638	.3479117	.007784919
459.15	0	.3908311	.2532312	.3476493	.008288341
458.15	0	.3910218	.2528	.3473875	.00879071
457.15	0	.3912115	.2523702	.3471262	.009292038
456.15	0	.3914004	.2519418	.3468655	.009792331
455.15	0	.3915884	.2515146	.3466054	.0102916
454.15	0	.3917755	.2510888	.3463458	.01078985
453.15	0	.3919618	.2506643	.3460868	.0112871
452.15	0	.3921472	.2502411	.3458283	.01178335
451.15	0	.3923318	.2498192	.3455704	.01227861
450.15	0	.3925156	.2493985	.3453131	.01277289
449.15	0	.3926986	.248979	.3450562	.01326621
448.15	0	.3928808	.2485607	.3448	.01375857
447.15	0	.3930621	.2481437	.3445442	.01424997
