T	 BPW(LIQUID)	BPW(BCC_A2)	BPW(FCC_A1)	BPW(LAVES_PHASE_C14)	BPW(NI3TI)
1473.15	.007733309	.9656518	0	.02661491	0
1472.15	.002939913	.9686561	0	.02840399	0
1471.527	0	.970495	0	.02950498	0
1471.527	0	.970495	0	.02950498	0
1471.15	0	.9701941	0	.02980589	0
1470.15	0	.969397	0	.03060303	0
1469.15	0	.9686019	0	.0313981	0
1468.15	0	.9678089	0	.03219111	0
1467.15	0	.9670179	0	.03298209	0
1466.15	0	.966229	0	.03377102	0
1465.15	0	.9654421	0	.03455792	0
1464.15	0	.9646572	0	.0353428	0
1463.15	0	.9638743	0	.03612567	0
1462.15	0	.9630935	0	.03690653	0
1461.15	0	.9623146	0	.03768538	0
1460.15	0	.9615378	0	.03846224	0
1459.15	0	.9607629	0	.03923712	0
1458.15	0	.95999	0	.04001001	0
1457.15	0	.9592191	0	.04078094	0
1456.15	0	.9584501	0	.0415499	0
1455.15	0	.9576831	0	.0423169	0
1454.15	0	.9569181	0	.04308195	0
1453.15	0	.9561549	0	.04384506	0
1452.15	0	.9553938	0	.04460623	0
1451.15	0	.9546345	0	.04536547	0
1450.15	0	.9538772	0	.04612279	0
1449.15	0	.9531218	0	.0468782	0
1448.15	0	.9523683	0	.04763169	0
1447.15	0	.9516167	0	.04838329	0
1446.15	0	.950867	0	.04913299	0
1445.15	0	.9501192	0	.0498808	0
1444.15	0	.9493733	0	.05062673	0
1443.15	0	.9486292	0	.05137078	0
1442.15	0	.947887	0	.05211297	0
1441.15	0	.9471467	0	.05285329	0
1440.15	0	.9464082	0	.05359177	0
1439.15	0	.9456716	0	.05432839	0
1438.15	0	.9449368	0	.05506317	0
1437.15	0	.9442039	0	.05579611	0
1436.15	0	.9434728	0	.05652723	0
1435.15	0	.9427435	0	.05725653	0
1434.15	0	.942016	0	.05798401	0
1433.15	0	.9412903	0	.05870968	0
1432.15	0	.9405665	0	.05943354	0
1431.15	0	.9398444	0	.06015562	0
1430.15	0	.9391241	0	.0608759	0
1429.15	0	.9384056	0	.06159439	0
1428.15	0	.9376889	0	.06231111	0
1427.15	0	.9369739	0	.06302606	0
1426.15	0	.9362608	0	.06373924	0
1425.15	0	.9355493	0	.06445067	0
1424.15	0	.9348397	0	.06516033	0
1423.15	0	.9341317	0	.06586826	0
1422.15	0	.9334256	0	.06657444	0
1421.15	0	.9327211	0	.06727889	0
1420.15	0	.9320184	0	.06798161	0
1419.15	0	.9313174	0	.0686826	0
1418.15	0	.9306181	0	.06938188	0
1417.15	0	.9299205	0	.07007945	0
1416.15	0	.9292247	0	.07077531	0
1415.15	0	.9285305	0	.07146947	0
1414.15	0	.9278381	0	.07216194	0
1413.15	0	.9271473	0	.07285273	0
1412.15	0	.9264582	0	.07354183	0
1411.15	0	.9257708	0	.07422925	0
1410.15	0	.925085	0	.074915	0
1409.15	0	.9244009	0	.07559909	0
1408.15	0	.9237185	0	.07628152	0
1407.15	0	.9230377	0	.0769623	0
1406.15	0	.9223586	0	.07764143	0
1405.15	0	.9216811	0	.07831892	0
1404.15	0	.9210052	0	.07899477	0
1403.15	0	.920331	0	.07966899	0
1402.15	0	.9196584	0	.08034158	0
1401.15	0	.9189875	0	.08101255	0
1400.15	0	.9183181	0	.08168191	0
1399.15	0	.9176503	0	.08234966	0
1398.15	0	.9169842	0	.08301581	0
1397.15	0	.9163196	0	.08368036	0
1396.15	0	.9156567	0	.08434331	0
1395.15	0	.9149953	0	.08500468	0
1394.15	0	.9143355	0	.08566446	0
1393.15	0	.9136773	0	.08632267	0
1392.15	0	.9130207	0	.08697931	0
1391.15	0	.9123656	0	.08763437	0
1390.15	0	.9117121	0	.08828788	0
1389.15	0	.9110602	0	.08893983	0
1388.15	0	.9104098	0	.08959023	0
1387.15	0	.9097609	0	.09023909	0
1386.15	0	.9091136	0	.0908864	0
1385.15	0	.9084678	0	.09153218	0
1384.15	0	.9078236	0	.09217642	0
1383.15	0	.9071809	0	.09281914	0
1382.15	0	.9065397	0	.09346034	0
1381.15	0	.9059	0	.09410003	0
1380.15	0	.9052618	0	.0947382	0
1379.15	0	.9046251	0	.09537487	0
1378.15	0	.90399	0	.09601003	0
1377.15	0	.9033563	0	.0966437	0
1376.15	0	.9027241	0	.09727588	0
1375.15	0	.9020934	0	.09790658	0
1374.15	0	.9014642	0	.09853579	0
1373.15	0	.9008365	0	.09916352	0
1372.15	0	.9002102	0	.09978979	0
1371.15	0	.8995854	0	.1004146	0
1370.15	0	.8989621	0	.1010379	0
1369.15	0	.8983402	0	.1016598	0
1368.15	0	.8977198	0	.1022802	0
1367.15	0	.8971008	0	.1028992	0
1366.15	0	.8964833	0	.1035167	0
1365.15	0	.8958672	0	.1041328	0
1364.15	0	.8952525	0	.1047475	0
1363.15	0	.8946393	0	.1053607	0
1362.15	0	.8940275	0	.1059725	0
1361.15	0	.8934171	0	.1065829	0
1360.15	0	.8928082	0	.1071918	0
1359.15	0	.8922006	0	.1077994	0
1358.15	0	.8915945	0	.1084055	0
1357.15	0	.8909897	0	.1090103	0
1356.15	0	.8903864	0	.1096136	0
1355.15	0	.8897844	0	.1102156	0
1354.15	0	.8891839	0	.1108162	0
1353.15	0	.8885847	0	.1114153	0
1352.15	0	.8879869	0	.1120131	0
1351.15	0	.8873905	0	.1126095	0
1350.15	0	.8867954	0	.1132046	0
1349.15	0	.8862017	0	.1137983	0
1348.15	0	.8856094	0	.1143906	0
1347.15	0	.8850185	0	.1149815	0
1346.15	0	.8844289	0	.1155711	0
1345.15	0	.8838406	0	.1161594	0
1344.15	0	.8832537	0	.1167463	0
1343.15	0	.8826681	0	.1173319	0
1342.15	0	.8820839	0	.1179161	0
1341.15	0	.881501	0	.118499	0
1340.15	0	.8809195	0	.1190805	0
1339.15	0	.8803393	0	.1196608	0
1338.15	0	.8797603	0	.1202397	0
1337.15	0	.8791827	0	.1208173	0
1336.15	0	.8786065	0	.1213935	0
1335.15	0	.8780315	0	.1219685	0
1334.15	0	.8774578	0	.1225422	0
1333.15	0	.8768855	0	.1231145	0
1332.15	0	.8763144	0	.1236856	0
1331.15	0	.8757446	0	.1242554	0
1330.15	0	.8751762	0	.1248239	0
1329.15	0	.874609	0	.1253911	0
1328.15	0	.874043	0	.125957	0
1327.15	0	.8734784	0	.1265216	0
1326.15	0	.872915	0	.127085	0
1325.15	0	.872353	0	.1276471	0
1324.15	0	.8717921	0	.1282079	0
1323.15	0	.8712326	0	.1287674	0
1322.15	0	.8706743	0	.1293257	0
1321.15	0	.8701172	0	.1298828	0
1320.15	0	.8695614	0	.1304386	0
1319.15	0	.8690069	0	.1309931	0
1318.15	0	.8684536	0	.1315464	0
1317.15	0	.8679015	0	.1320985	0
1316.15	0	.8673507	0	.1326493	0
1315.15	0	.8668011	0	.1331989	0
1314.15	0	.8662527	0	.1337473	0
1313.15	0	.8657056	0	.1342944	0
1312.15	0	.8651597	0	.1348403	0
1311.15	0	.864615	0	.135385	0
1310.15	0	.8640715	0	.1359285	0
1309.15	0	.8635292	0	.1364708	0
1308.15	0	.8629881	0	.1370119	0
1307.15	0	.8624483	0	.1375517	0
1306.15	0	.8619096	0	.1380904	0
1305.15	0	.8613721	0	.1386279	0
1304.15	0	.8608359	0	.1391641	0
1303.15	0	.8603008	0	.1396992	0
1302.15	0	.8597669	0	.1402331	0
1301.15	0	.8592342	0	.1407658	0
1300.15	0	.8587027	0	.1412974	0
1299.15	0	.8581723	0	.1418277	0
1298.15	0	.8576431	0	.1423569	0
1297.15	0	.8571151	0	.1428849	0
1296.15	0	.8565882	0	.1434118	0
1295.15	0	.8560626	0	.1439374	0
1294.15	0	.855538	0	.144462	0
1293.15	0	.8550147	0	.1449854	0
1292.15	0	.8544924	0	.1455076	0
1291.15	0	.8539714	0	.1460286	0
1290.15	0	.8534514	0	.1465486	0
1289.15	0	.8529327	0	.1470673	0
1288.15	0	.852415	0	.147585	0
1287.15	0	.8518985	0	.1481015	0
1286.15	0	.8513831	0	.1486169	0
1285.15	0	.8508689	0	.1491311	0
1284.15	0	.8503558	0	.1496442	0
1283.15	0	.8498438	0	.1501562	0
1282.15	0	.8493329	0	.1506671	0
1281.15	0	.8488231	0	.1511769	0
1280.15	0	.8483145	0	.1516855	0
1279.15	0	.847807	0	.152193	0
1278.15	0	.8473006	0	.1526994	0
1277.15	0	.8467952	0	.1532048	0
1276.15	0	.846291	0	.153709	0
1275.15	0	.8457879	0	.1542121	0
1274.15	0	.8452859	0	.1547141	0
1273.15	0	.8447849	0	.1552151	0
1272.15	0	.8442851	0	.1557149	0
1271.15	0	.8437863	0	.1562137	0
1270.15	0	.8432887	0	.1567113	0
1269.15	0	.8427921	0	.1572079	0
1268.15	0	.8422966	0	.1577034	0
1267.15	0	.8418021	0	.1581979	0
1266.15	0	.8413087	0	.1586913	0
1265.15	0	.8408164	0	.1591836	0
1264.15	0	.8403252	0	.1596748	0
1263.15	0	.839835	0	.160165	0
1262.15	0	.8393459	0	.1606541	0
1261.15	0	.8388579	0	.1611422	0
1260.15	0	.8383709	0	.1616291	0
1259.15	0	.8378849	0	.1621151	0
1258.15	0	.8374	0	.1626	0
1257.15	0	.8369161	0	.1630839	0
1256.15	0	.8364333	0	.1635667	0
1255.15	0	.8359515	0	.1640485	0
1254.15	0	.8354708	0	.1645292	0
1253.15	0	.8349911	0	.1650089	0
1252.15	0	.8345124	0	.1654876	0
1251.15	0	.8340348	0	.1659653	0
1250.15	0	.8335581	0	.1664419	0
1249.15	0	.8330825	0	.1669175	0
1248.15	0	.832608	0	.1673921	0
1247.15	0	.8321344	0	.1678656	0
1246.15	0	.8316618	0	.1683382	0
1245.15	0	.8311903	0	.1688097	0
1244.15	0	.8307198	0	.1692802	0
1243.15	0	.8302503	0	.1697497	0
1242.15	0	.8297817	0	.1702183	0
1241.15	0	.8293142	0	.1706858	0
1240.15	0	.8288477	0	.1711523	0
1239.15	0	.8283822	0	.1716178	0
1238.15	0	.8279177	0	.1720823	0
1237.15	0	.8274541	0	.1725459	0
1236.15	0	.8269916	0	.1730084	0
1235.15	0	.82653	0	.17347	0
1234.15	0	.8260694	0	.1739306	0
1233.15	0	.8256099	0	.1743901	0
1232.15	0	.8251512	0	.1748488	0
1231.15	0	.8246936	0	.1753064	0
1230.15	0	.8242369	0	.1757631	0
1229.15	0	.8237812	0	.1762188	0
1228.15	0	.8233265	0	.1766735	0
1227.15	0	.8228727	0	.1771273	0
1226.15	0	.8224199	0	.1775801	0
1225.15	0	.8219681	0	.1780319	0
1224.15	0	.8215172	0	.1784828	0
1223.15	0	.8210673	0	.1789327	0
1222.15	0	.8206183	0	.1793817	0
1221.15	0	.8201703	0	.1798297	0
1220.15	0	.8197232	0	.1802768	0
1219.15	0	.8192771	0	.1807229	0
1218.15	0	.8188319	0	.1811681	0
1217.15	0	.8183877	0	.1816124	0
1216.15	0	.8179443	0	.1820557	0
1215.15	0	.817502	0	.182498	0
1214.15	0	.8170606	0	.1829395	0
1213.15	0	.8166201	0	.18338	0
1212.15	0	.8161805	0	.1838195	0
1211.15	0	.8157418	0	.1842582	0
1210.15	0	.8153041	0	.1846959	0
1209.15	0	.8148673	0	.1851327	0
1208.15	0	.8144314	0	.1855686	0
1207.15	0	.8139965	0	.1860035	0
1206.15	0	.8135624	0	.1864376	0
1205.15	0	.8131293	0	.1868707	0
1204.15	0	.8126971	0	.1873029	0
1203.15	0	.8122658	0	.1877342	0
1202.15	0	.8118354	0	.1881646	0
1201.15	0	.8114059	0	.1885941	0
1200.15	0	.8109773	0	.1890227	0
1199.15	0	.8105496	0	.1894504	0
1198.15	0	.8101228	0	.1898772	0
1197.15	0	.8096969	0	.1903031	0
1196.15	0	.8092719	0	.1907281	0
1195.15	0	.8088478	0	.1911522	0
1194.15	0	.8084246	0	.1915754	0
1193.15	0	.8080022	0	.1919978	0
1192.15	0	.8075808	0	.1924192	0
1191.15	0	.8071602	0	.1928398	0
1190.15	0	.8067405	0	.1932595	0
1189.15	0	.8063217	0	.1936783	0
1188.15	0	.8059038	0	.1940962	0
1187.15	0	.8054867	0	.1945133	0
1186.15	0	.8050705	0	.1949295	0
1185.15	0	.8046552	0	.1953448	0
1184.15	0	.8042408	0	.1957592	0
1183.15	0	.8038272	0	.1961728	0
1182.15	0	.8034145	0	.1965855	0
1181.15	0	.8030027	0	.1969974	0
1180.15	0	.8025917	0	.1974083	0
1179.15	0	.8021815	0	.1978185	0
1178.15	0	.8017722	0	.1982278	0
1177.15	0	.8013638	0	.1986362	0
1176.15	0	.8009563	0	.1990437	0
1175.15	0	.8005496	0	.1994505	0
1174.15	0	.8001437	0	.1998563	0
1173.15	0	.7997387	0	.2002614	0
1172.15	0	.7993345	0	.2006655	0
1171.15	0	.7989311	0	.2010689	0
1170.15	0	.7985287	0	.2014714	0
1169.15	0	.798127	0	.201873	0
1168.15	0	.7977262	0	.2022738	0
1167.15	0	.7973262	0	.2026738	0
1166.15	0	.796927	0	.203073	0
1165.15	0	.7965287	0	.2034713	0
1164.15	0	.7961312	0	.2038688	0
1163.15	0	.7957346	0	.2042654	0
1162.15	0	.7953387	0	.2046613	0
1161.15	0	.7949437	0	.2050563	0
1160.15	0	.7945495	0	.2054505	0
1159.15	0	.7941562	0	.2058438	0
1158.15	0	.7937636	0	.2062364	0
1157.15	0	.7933719	0	.2066281	0
1156.15	0	.792981	0	.207019	0
1155.15	0	.7925909	0	.2074091	0
1154.15	0	.7922016	0	.2077984	0
1153.15	0	.7918131	0	.2081869	0
1152.15	0	.7914254	0	.2085746	0
1151.15	0	.7910385	0	.2089615	0
1150.15	0	.7906524	0	.2093476	0
1149.15	0	.7902672	0	.2097328	0
1148.15	0	.7898827	0	.2101173	0
1147.15	0	.7894991	0	.210501	0
1146.15	0	.7891162	0	.2108838	0
1145.15	0	.7887341	0	.2112659	0
1144.15	0	.7883528	0	.2116472	0
1143.15	0	.7879723	0	.2120277	0
1142.15	0	.7875926	0	.2124074	0
1141.15	0	.7872137	0	.2127863	0
1140.15	0	.7868356	0	.2131644	0
1139.15	0	.7864583	0	.2135417	0
1138.15	0	.7860817	0	.2139183	0
1137.15	0	.7857059	0	.2142941	0
1136.15	0	.785331	0	.2146691	0
1135.15	0	.7849567	0	.2150433	0
1134.15	0	.7845833	0	.2154167	0
1133.15	0	.7842106	0	.2157894	0
1132.15	0	.7838388	0	.2161612	0
1131.15	0	.7834676	0	.2165324	0
1130.15	0	.7830973	0	.2169027	0
1129.15	0	.7827277	0	.2172723	0
1128.15	0	.7823589	0	.2176411	0
1127.15	0	.7819909	0	.2180091	0
1126.15	0	.7816236	0	.2183764	0
1125.15	0	.7812571	0	.2187429	0
1124.15	0	.7808913	0	.2191087	0
1123.15	0	.7805263	0	.2194737	0
1122.15	0	.7801621	0	.2198379	0
1121.15	0	.7797986	0	.2202014	0
1120.15	0	.7794359	0	.2205641	0
1119.15	0	.7790739	0	.2209261	0
1118.15	0	.7787127	0	.2212873	0
1117.15	0	.7783522	0	.2216478	0
1116.15	0	.7779925	0	.2220075	0
1115.15	0	.7776335	0	.2223665	0
1114.15	0	.7772752	0	.2227248	0
1113.15	0	.7769178	0	.2230822	0
1112.15	0	.776561	0	.223439	0
1111.15	0	.776205	0	.223795	0
1110.15	0	.7758497	0	.2241503	0
1109.15	0	.7754952	0	.2245048	0
1108.15	0	.7751414	0	.2248586	0
1107.15	0	.7747884	0	.2252116	0
1106.15	0	.774436	0	.225564	0
1105.15	0	.7740845	0	.2259155	0
1104.15	0	.7737336	0	.2262664	0
1103.15	0	.7733835	0	.2266165	0
1102.15	0	.7730341	0	.2269659	0
1101.15	0	.7726854	0	.2273146	0
1100.15	0	.7723374	0	.2276626	0
1099.15	0	.7719902	0	.2280098	0
1098.15	0	.7716437	0	.2283563	0
1097.15	0	.7712979	0	.2287021	0
1096.15	0	.7709529	0	.2290471	0
1095.15	0	.7706085	0	.2293915	0
1094.15	0	.7702649	0	.2297351	0
1093.15	0	.769922	0	.230078	0
1092.15	0	.7695798	0	.2304202	0
1091.15	0	.7692383	0	.2307617	0
1090.15	0	.7688975	0	.2311025	0
1089.15	0	.7685575	0	.2314425	0
1088.15	0	.7682181	0	.2317819	0
1087.15	0	.7678795	0	.2321205	0
1086.15	0	.7675416	0	.2324584	0
1085.15	0	.7672043	0	.2327957	0
1084.15	0	.7668678	0	.2331322	0
1083.15	0	.766532	0	.233468	0
1082.15	0	.7661968	0	.2338032	0
1081.15	0	.7658624	0	.2341376	0
1080.15	0	.7655287	0	.2344713	0
1079.15	0	.7651957	0	.2348044	0
1078.15	0	.7648633	0	.2351367	0
1077.15	0	.7645317	0	.2354683	0
1076.15	0	.7642007	0	.2357993	0
1075.15	0	.7638705	0	.2361295	0
1074.15	0	.7635409	0	.2364591	0
1073.15	0	.763212	0	.236788	0
1072.15	0	.7628839	0	.2371161	0
1071.15	0	.7625564	0	.2374436	0
1070.15	0	.7622296	0	.2377705	0
1069.15	0	.7619034	0	.2380966	0
1068.15	0	.761578	0	.238422	0
1067.15	0	.7612532	0	.2387468	0
1066.15	0	.7609292	0	.2390709	0
1065.15	0	.7606058	0	.2393942	0
1064.15	0	.760283	0	.239717	0
1063.15	0	.759961	0	.240039	0
1062.15	0	.7596396	0	.2403604	0
1061.15	0	.759319	0	.2406811	0
1060.15	0	.7589989	0	.2410011	0
1059.15	0	.7586796	0	.2413204	0
1058.15	0	.7583609	0	.2416391	0
1057.15	0	.7580429	0	.2419571	0
1056.15	0	.7577256	0	.2422744	0
1055.15	0	.757409	0	.2425911	0
1054.15	0	.757093	0	.242907	0
1053.15	0	.7567776	0	.2432224	0
1052.15	0	.756463	0	.243537	0
1051.15	0	.756149	0	.243851	0
1050.15	0	.7558357	0	.2441644	0
1049.15	0	.755523	0	.244477	0
1048.15	0	.755211	0	.244789	0
1047.15	0	.7548996	0	.2451004	0
1046.15	0	.7545889	0	.2454111	0
1045.15	0	.7542789	0	.2457211	0
1044.15	0	.7539695	0	.2460305	0
1043.15	0	.7536608	0	.2463392	0
1042.15	0	.7533528	0	.2466473	0
1041.15	0	.7530453	0	.2469547	0
1040.15	0	.7527386	0	.2472614	0
1039.15	0	.7524325	0	.2475675	0
1038.15	0	.752127	0	.247873	0
1037.15	0	.7518222	0	.2481778	0
1036.15	0	.7515181	0	.2484819	0
1035.15	0	.7512146	0	.2487855	0
1034.15	0	.7509117	0	.2490883	0
1033.15	0	.7506095	0	.2493905	0
1032.15	0	.7503079	0	.2496921	0
1031.15	0	.750007	0	.249993	0
1030.15	0	.7497067	0	.2502933	0
1029.15	0	.749407	0	.250593	0
1028.15	0	.749108	0	.250892	0
1027.15	0	.7488097	0	.2511904	0
1026.15	0	.7485119	0	.2514881	0
1025.15	0	.7482148	0	.2517852	0
1024.15	0	.7479184	0	.2520816	0
1023.15	0	.7476226	0	.2523774	0
1022.15	0	.7473274	0	.2526726	0
1021.15	0	.7470328	0	.2529672	0
1020.15	0	.7467389	0	.2532611	0
1019.15	0	.7464456	0	.2535544	0
1018.15	0	.746153	0	.253847	0
1017.15	0	.7458609	0	.2541391	0
1016.15	0	.7455695	0	.2544305	0
1015.15	0	.7452788	0	.2547212	0
1014.15	0	.7449886	0	.2550114	0
1013.15	0	.7446991	0	.2553009	0
1012.15	0	.7444102	0	.2555898	0
1011.15	0	.744122	0	.255878	0
1010.15	0	.7438343	0	.2561657	0
1009.15	0	.7435473	0	.2564527	0
1008.15	0	.7432609	0	.2567391	0
1007.15	0	.7429751	0	.2570249	0
1006.15	0	.74269	0	.25731	0
1005.15	0	.7424055	0	.2575945	0
1004.15	0	.7421215	0	.2578785	0
1003.15	0	.7418382	0	.2581618	0
1002.15	0	.7415556	0	.2584444	0
1001.15	0	.7412735	0	.2587265	0
1000.15	0	.740992	0	.259008	0
999.15	0	.7407112	0	.2592888	0
998.15	0	.740431	0	.259569	0
997.15	0	.7401514	0	.2598486	0
996.15	0	.7398724	0	.2601276	0
995.15	0	.739594	0	.260406	0
994.15	0	.7393162	0	.2606838	0
993.15	0	.739039	0	.260961	0
992.15	0	.7387625	0	.2612375	0
991.15	0	.7384865	0	.2615135	0
990.15	0	.7382112	0	.2617888	0
989.15	0	.7379364	0	.2620636	0
988.15	0	.7376623	0	.2623377	0
987.15	0	.7373888	0	.2626112	0
986.15	0	.7371159	0	.2628842	0
985.15	0	.7368435	0	.2631565	0
984.15	0	.7365718	0	.2634282	0
983.15	0	.7363007	0	.2636993	0
982.15	0	.7360302	0	.2639698	0
981.15	0	.7357602	0	.2642398	0
980.15	0	.7354909	0	.2645091	0
979.15	0	.7352222	0	.2647778	0
978.15	0	.7349541	0	.2650459	0
977.15	0	.7346866	0	.2653135	0
976.15	0	.7344196	0	.2655804	0
975.15	0	.7341533	0	.2658467	0
974.15	0	.7338875	0	.2661125	0
973.15	0	.7336224	0	.2663776	0
972.15	0	.7333578	0	.2666422	0
971.15	0	.7330939	0	.2669061	0
970.15	0	.7328305	0	.2671695	0
969.15	0	.7325677	0	.2674323	0
968.15	0	.7323055	0	.2676945	0
967.15	0	.7320439	0	.2679561	0
966.15	0	.7317829	0	.2682171	0
965.15	0	.7315225	0	.2684775	0
964.15	0	.7312627	0	.2687373	0
963.15	0	.7310034	0	.2689966	0
962.15	0	.7307448	0	.2692552	0
961.15	0	.7304867	0	.2695133	0
960.15	0	.7302292	0	.2697708	0
959.15	0	.7299723	0	.2700277	0
958.15	0	.729716	0	.270284	0
957.15	0	.7294602	0	.2705398	0
956.15	0	.7292051	0	.2707949	0
955.15	0	.7289505	0	.2710495	0
954.15	0	.7286965	0	.2713035	0
953.15	0	.7284431	0	.2715569	0
952.15	0	.7281902	0	.2718098	0
951.15	0	.727938	0	.272062	0
950.15	0	.7276863	0	.2723137	0
949.15	0	.7274352	0	.2725648	0
948.15	0	.7271847	0	.2728153	0
947.15	0	.7269347	0	.2730653	0
946.15	0	.7266854	0	.2733147	0
945.15	0	.7264366	0	.2735634	0
944.15	0	.7261883	0	.2738117	0
943.15	0	.7259407	0	.2740593	0
942.15	0	.7256936	0	.2743064	0
941.15	0	.7254471	0	.2745529	0
940.15	0	.7252012	0	.2747988	0
939.15	0	.7249558	0	.2750442	0
938.15	0	.724711	0	.275289	0
937.15	0	.7244668	0	.2755332	0
936.15	0	.7242231	0	.2757769	0
935.15	0	.72398	0	.27602	0
934.15	0	.7237375	0	.2762625	0
933.15	0	.7234956	0	.2765044	0
932.15	0	.7232542	0	.2767458	0
931.15	0	.7230134	0	.2769866	0
930.15	0	.7227731	0	.2772269	0
929.15	0	.7225335	0	.2774666	0
928.15	0	.7222943	0	.2777057	0
927.15	0	.7220558	0	.2779442	0
926.15	0	.7218178	0	.2781822	0
925.15	0	.7215804	0	.2784196	0
924.15	0	.7213435	0	.2786565	0
923.15	0	.7211072	0	.2788928	0
922.15	0	.7208714	0	.2791286	0
921.15	0	.7206363	0	.2793637	0
920.15	0	.7204016	0	.2795984	0
919.15	0	.7201676	0	.2798324	0
918.15	0	.7199341	0	.2800659	0
917.15	0	.7197011	0	.2802989	0
916.15	0	.7194687	0	.2805313	0
915.15	0	.7192369	0	.2807631	0
914.15	0	.7190056	0	.2809944	0
913.15	0	.7187749	0	.2812251	0
912.15	0	.7185447	0	.2814553	0
911.15	0	.7183151	0	.2816849	0
910.15	0	.7180861	0	.2819139	0
909.15	0	.7178576	0	.2821424	0
908.15	0	.7176296	0	.2823704	0
907.15	0	.7174022	0	.2825978	0
906.15	0	.7171754	0	.2828246	0
905.15	0	.7169491	0	.2830509	0
904.15	0	.7167234	0	.2832766	0
903.15	0	.7164982	0	.2835018	0
902.15	0	.7162735	0	.2837265	0
901.15	0	.7160495	0	.2839506	0
900.15	0	.7158259	0	.2841741	0
899.15	0	.7156029	0	.2843971	0
898.15	0	.7153805	0	.2846195	0
897.15	0	.7151586	0	.2848414	0
896.15	0	.7149372	0	.2850628	0
895.15	0	.7147164	0	.2852836	0
894.15	0	.7144962	0	.2855038	0
893.15	0	.7142765	0	.2857235	0
892.15	0	.7140573	0	.2859427	0
891.15	0	.7138387	0	.2861613	0
890.15	0	.7136206	0	.2863794	0
889.15	0	.713403	0	.286597	0
888.15	0	.713186	0	.286814	0
887.15	0	.7129696	0	.2870304	0
886.15	0	.7127537	0	.2872463	0
885.15	0	.7125383	0	.2874617	0
884.15	0	.7123235	0	.2876765	0
883.15	0	.7121092	0	.2878908	0
882.15	0	.7118954	0	.2881046	0
881.15	0	.7116822	0	.2883178	0
880.15	0	.7114695	0	.2885305	0
879.15	0	.7112574	0	.2887426	0
878.8364	0	.711191	0	.288809	0
878.8364	0	.711191	0	.288809	0
878.8364	0	.711191	0	.288809	0
878.15	0	.7106288	4.752751E-04	.2888959	0
877.15	0	.7098106	.001167973	.2890214	0
876.15	0	.7089933	.00186105	.2891456	0
875.15	0	.7081769	.00255456	.2892685	0
874.15	0	.7073613	.003248559	.2893902	0
873.15	0	.7065464	.003943105	.2895105	0
872.15	0	.7057322	.004638258	.2896295	0
871.15	0	.7049188	.005334079	.2897472	0
870.15	0	.7041059	.00603063	.2898635	0
869.15	0	.7032936	.006727979	.2899784	0
868.15	0	.7024819	.007426192	.290092	0
867.15	0	.7016706	.008125338	.2902041	0
866.15	0	.7008597	.00882549	.2903148	0
865.15	0	.7000492	.009526722	.2904241	0
864.15	0	.6992389	.01022911	.290532	0
863.15	0	.6984289	.01093273	.2906383	0
862.15	0	.6976191	.01163768	.2907432	0
861.15	0	.6968094	.01234402	.2908466	0
860.15	0	.6959997	.01305185	.2909484	0
859.15	0	.69519	.01376127	.2910487	0
858.15	0	.6943802	.01447236	.2911474	0
857.15	0	.6935702	.01518522	.2912446	0
856.15	0	.69276	.01589995	.2913401	0
855.15	0	.6919494	.01661666	.291434	0
854.15	0	.6911384	.01733545	.2915262	0
853.15	0	.6903268	.01805644	.2916167	0
852.15	0	.6895147	.01877974	.2917056	0
851.15	0	.6887019	.01950547	.2917926	0
850.15	0	.6878883	.02023375	.291878	0
849.15	0	.6870738	.02096473	.2919615	0
848.15	0	.6862583	.02169852	.2920432	0
847.15	0	.6854417	.02243528	.292123	0
846.15	0	.6846238	.02317514	.292201	0
845.15	0	.6838047	.02391826	.2922771	0
844.15	0	.682984	.0246648	.2923512	0
843.15	0	.6821618	.02541492	.2924233	0
842.15	0	.6813379	.02616879	.2924934	0
841.15	0	.680512	.0269266	.2925614	0
840.15	0	.6796842	.02768853	.2926273	0
839.15	0	.6788542	.02845477	.2926911	0
838.15	0	.6780218	.02922553	.2927527	0
837.15	0	.677187	.03000103	.292812	0
836.15	0	.6763495	.03078148	.2928691	0
835.15	0	.6755091	.03156713	.2929238	0
834.15	0	.6746656	.03235822	.2929762	0
833.15	0	.6738189	.03315501	.2930261	0
832.15	0	.6729688	.03395777	.2930735	0
831.15	0	.6721149	.03476679	.2931183	0
830.15	0	.6712571	.03558237	.2931605	0
829.15	0	.6703951	.03640483	.2932001	0
828.15	0	.6695287	.0372345	.2932368	0
827.15	0	.6686575	.03807175	.2932708	0
826.15	0	.6677813	.03891695	.2933018	0
825.15	0	.6668997	.0397705	.2933298	0
824.15	0	.6660125	.04063282	.2933547	0
823.15	0	.6651192	.04150436	.2933764	0
822.15	0	.6642195	.04238561	.2933949	0
821.15	0	.663313	.04327707	.2934099	0
820.15	0	.6623992	.04417929	.2934215	0
819.15	0	.6614778	.04509285	.2934294	0
818.15	0	.6605481	.04601839	.2934335	0
817.15	0	.6596097	.04695657	.2934338	0
816.15	0	.658662	.04790812	.2934299	0
815.15	0	.6577043	.04887382	.2934219	0
814.15	0	.656736	.04985451	.2934095	0
813.15	0	.6557565	.05085111	.2933924	0
812.15	0	.6547648	.05186462	.2933706	0
811.15	0	.6537602	.05289611	.2933437	0
810.15	0	.6527416	.05394677	.2933116	0
809.15	0	.6517081	.0550179	.293274	0
808.15	0	.6506586	.05611093	.2932305	0
807.15	0	.6492466	.05763322	.2931202	0
806.15	0	.6475805	.05945977	.2929597	0
805.15	0	.6459794	.06121569	.2928049	0
804.15	0	.6444392	.06290535	.2926554	0
803.15	0	.6429561	.0645328	.2925111	0
802.15	0	.6415268	.06610173	.2923715	0
801.15	0	.6401479	.06761558	.2922365	0
800.15	0	.6388167	.06907751	.2921058	0
799.15	0	.6375303	.07049045	.2919792	0
798.15	0	.6362864	.07185711	.2918565	0
797.15	0	.6350826	.07317999	.2917375	0
796.15	0	.6339167	.07446142	.2916219	0
795.15	0	.6327868	.07570357	.2915097	0
794.15	0	.631691	.07690844	.2914006	0
793.15	0	.6306276	.07807791	.2912945	0
792.15	0	.6295951	.07921373	.2911912	0
791.15	0	.6285918	.08031751	.2910906	0
790.15	0	.6276166	.0813908	.2909927	0
789.15	0	.6266679	.082435	.2908971	0
788.15	0	.6257446	.08345146	.2908039	0
787.15	0	.6248457	.08444142	.2907129	0
786.15	0	.6239699	.08540607	.2906241	0
785.15	0	.6231163	.0863465	.2905372	0
784.15	0	.6222848	.08726311	.2904521	0
783.15	0	.6214727	.08815823	.290369	0
782.15	0	.6206802	.08903208	.2902878	0
781.15	0	.6199063	.08988551	.2902081	0
780.15	0	.6191505	.09071936	.2901301	0
779.15	0	.6184119	.09153441	.2900537	0
778.15	0	.6176899	.09233137	.2899787	0
777.15	0	.6169839	.09311097	.2899051	0
776.15	0	.6162933	.09387384	.2898329	0
775.15	0	.6156175	.09462062	.2897619	0
774.15	0	.6149559	.09535191	.2896922	0
773.15	0	.614308	.09606826	.2896237	0
772.15	0	.6136734	.09677022	.2895563	0
771.15	0	.6130517	.09745829	.2894901	0
770.15	0	.6124422	.09813296	.2894248	0
769.15	0	.6118447	.09879469	.2893606	0
768.15	0	.6112587	.09944393	.2892974	0
767.15	0	.6106839	.1000811	.289235	0
766.15	0	.6101198	.1007066	.2891736	0
765.15	0	.6095662	.1013208	.289113	0
764.15	0	.6090227	.101924	.2890533	0
763.15	0	.6084889	.1025167	.2889943	0
762.15	0	.6079646	.1030992	.2889362	0
761.15	0	.6074496	.1036717	.2888787	0
760.15	0	.6069434	.1042347	.2888219	0
759.15	0	.6064458	.1047883	.2887659	0
758.15	0	.6059567	.1053329	.2887105	0
757.15	0	.6054756	.1058687	.2886557	0
756.15	0	.6050025	.106396	.2886015	0
755.15	0	.604537	.106915	.288548	0
754.15	0	.604079	.1074261	.2884949	0
753.15	0	.6036282	.1079293	.2884425	0
752.15	0	.6031845	.108425	.2883905	0
751.15	0	.6027476	.1089134	.2883391	0
750.15	0	.6023173	.1093945	.2882881	0
749.15	0	.6018936	.1098688	.2882377	0
748.15	0	.6014761	.1103363	.2881876	0
747.15	0	.6010648	.1107971	.288138	0
746.15	0	.6006595	.1112516	.2880889	0
745.15	0	.60026	.1116999	.2880401	0
744.15	0	.5998662	.1121421	.2879917	0
743.15	0	.5994779	.1125783	.2879438	0
742.15	0	.599095	.1130089	.2878962	0
741.15	0	.5987174	.1134337	.2878489	0
740.15	0	.5983449	.1138532	.287802	0
739.15	0	.5979774	.1142673	.2877554	0
738.15	0	.5976148	.1146761	.2877091	0
737.15	0	.5972569	.1150799	.2876631	0
736.15	0	.5969037	.1154788	.2876175	0
735.15	0	.5965551	.1158728	.2875721	0
734.15	0	.5962109	.1162621	.287527	0
733.15	0	.595871	.1166468	.2874822	0
732.15	0	.5955354	.117027	.2874376	0
731.15	0	.5952039	.1174028	.2873933	0
730.15	0	.5948765	.1177743	.2873492	0
729.15	0	.594553	.1181416	.2873054	0
728.15	0	.5942334	.1185048	.2872618	0
727.15	0	.5939176	.118864	.2872184	0
726.15	0	.5936055	.1192193	.2871752	0
725.15	0	.593297	.1195708	.2871322	0
724.15	0	.5929921	.1199185	.2870894	0
723.15	0	.5926907	.1202625	.2870468	0
722.15	0	.5923926	.120603	.2870044	0
721.15	0	.5920979	.1209399	.2869622	0
720.15	0	.5918064	.1212734	.2869201	0
719.15	0	.5915182	.1216036	.2868783	0
718.15	0	.591233	.1219304	.2868365	0
717.15	0	.590951	.1222541	.286795	0
716.15	0	.5906719	.1225745	.2867536	0
715.15	0	.5903958	.1228919	.2867123	0
714.15	0	.5901226	.1232062	.2866712	0
713.15	0	.5898522	.1235176	.2866302	0
712.15	0	.5895846	.1238261	.2865893	0
711.15	0	.5893198	.1241316	.2865486	0
710.15	0	.5890576	.1244345	.286508	0
709.15	0	.588798	.1247345	.2864675	0
708.15	0	.588541	.1250319	.2864272	0
707.15	0	.5882865	.1253266	.2863869	0
706.15	0	.5880345	.1256187	.2863468	0
705.15	0	.587785	.1259083	.2863067	0
704.15	0	.5875378	.1261954	.2862668	0
703.15	0	.587293	.12648	.286227	0
702.15	0	.5870505	.1267622	.2861872	0
701.15	0	.5868103	.1270421	.2861476	0
700.15	0	.5865723	.1273197	.286108	0
699.15	0	.5863365	.127595	.2860685	0
698.15	0	.5861028	.127868	.2860292	0
697.15	0	.5858713	.1281388	.2859898	0
696.15	0	.5856418	.1284075	.2859506	0
695.15	0	.5854144	.1286741	.2859115	0
694.15	0	.585189	.1289386	.2858724	0
693.15	0	.5849656	.129201	.2858334	0
692.15	0	.5847441	.1294615	.2857944	0
691.15	0	.5845245	.1297199	.2857556	0
690.15	0	.5843068	.1299764	.2857168	0
689.15	0	.584091	.130231	.285678	0
688.15	0	.5838769	.1304837	.2856394	0
687.15	0	.5836647	.1307346	.2856007	0
686.15	0	.5834542	.1309836	.2855622	0
685.15	0	.5832455	.1312309	.2855237	0
684.15	0	.5830385	.1314763	.2854852	0
683.15	0	.5828331	.1317201	.2854468	0
682.15	0	.5826294	.1319621	.2854084	0
681.15	0	.5824274	.1322025	.2853701	0
680.15	0	.5822269	.1324412	.2853319	0
679.15	0	.5820281	.1326783	.2852937	0
678.15	0	.5818308	.1329138	.2852555	0
677.15	0	.581635	.1331476	.2852174	0
676.15	0	.5814408	.13338	.2851793	0
675.15	0	.581248	.1336108	.2851412	0
674.15	0	.5810567	.1338401	.2851032	0
673.15	0	.5808669	.1340679	.2850653	0
672.15	0	.5806785	.1342942	.2850273	0
671.15	0	.5804915	.1345191	.2849894	0
670.15	0	.5803059	.1347426	.2849516	0
669.15	0	.5801216	.1349646	.2849138	0
668.15	0	.5799387	.1351853	.284876	0
667.15	0	.5797572	.1354046	.2848382	0
666.15	0	.5795769	.1356226	.2848005	0
665.15	0	.579398	.1358392	.2847628	0
664.15	0	.5792203	.1360546	.2847251	0
663.15	0	.5790439	.1362686	.2846875	0
662.15	0	.5788687	.1364814	.2846499	0
661.15	0	.5786948	.1366929	.2846123	0
660.15	0	.5785221	.1369032	.2845747	0
659.15	0	.5783506	.1371122	.2845372	0
658.15	0	.5781802	.1373201	.2844997	0
657.15	0	.5780111	.1375267	.2844622	0
656.15	0	.577843	.1377322	.2844248	0
655.15	0	.5776762	.1379365	.2843873	0
654.15	0	.5775104	.1381397	.2843499	0
653.15	0	.5773457	.1383417	.2843125	0
652.15	0	.5771822	.1385426	.2842752	0
651.15	0	.5770197	.1387425	.2842378	0
650.15	0	.5768583	.1389412	.2842005	0
649.15	0	.576698	.1391388	.2841632	0
648.15	0	.5765387	.1393354	.284126	0
647.15	0	.5763804	.1395309	.2840887	0
646.15	0	.5762231	.1397254	.2840515	0
645.15	0	.5760669	.1399189	.2840142	0
644.15	0	.5759116	.1401113	.2839771	0
643.15	0	.5757573	.1403028	.2839399	0
642.15	0	.575604	.1404932	.2839027	0
641.15	0	.5754517	.1406827	.2838656	0
640.15	0	.5753003	.1408712	.2838285	0
639.15	0	.5751499	.1410588	.2837913	0
638.15	0	.5750003	.1412454	.2837543	0
637.15	0	.5748517	.1414311	.2837172	0
636.15	0	.5747041	.1416158	.2836802	0
635.15	0	.5745573	.1417996	.2836431	0
634.15	0	.5744113	.1419825	.2836061	0
633.15	0	.5742663	.1421646	.2835691	0
632.15	0	.5741222	.1423457	.2835322	0
631.15	0	.5739789	.142526	.2834952	0
630.15	0	.5738364	.1427053	.2834582	0
629.15	0	.5736948	.1428839	.2834213	0
628.15	0	.5735541	.1430615	.2833844	0
627.15	0	.5734141	.1432384	.2833475	0
626.15	0	.573275	.1434144	.2833107	0
625.15	0	.5731367	.1435895	.2832738	0
624.15	0	.5729991	.1437639	.283237	0
623.15	0	.5728624	.1439374	.2832002	0
622.15	0	.5727265	.1441102	.2831634	0
621.15	0	.5725913	.1442821	.2831266	0
620.15	0	.5724569	.1444533	.2830898	0
619.15	0	.5723233	.1446237	.2830531	0
618.15	0	.5721904	.1447933	.2830163	0
617.15	0	.5720582	.1449621	.2829796	0
616.15	0	.5719268	.1451302	.2829429	0
615.15	0	.5717962	.1452976	.2829063	0
614.15	0	.5716662	.1454641	.2828696	0
613.15	0	.571537	.14563	.282833	0
612.15	0	.5714085	.1457951	.2827964	0
611.15	0	.5712807	.1459595	.2827598	0
610.15	0	.5711536	.1461232	.2827232	0
609.15	0	.5710272	.1462862	.2826866	0
608.15	0	.5709015	.1464485	.2826501	0
607.15	0	.5707764	.14661	.2826136	0
606.15	0	.570652	.1467709	.2825771	0
605.15	0	.5705284	.1469311	.2825406	0
604.15	0	.5704053	.1470906	.2825041	0
603.15	0	.5702829	.1472494	.2824677	0
602.15	0	.5701612	.1474075	.2824313	0
601.15	0	.5700401	.147565	.2823949	0
600.15	0	.5699197	.1477219	.2823585	0
599.15	0	.5697998	.147878	.2823221	0
598.15	0	.5696807	.1480335	.2822858	0
597.15	0	.5695621	.1481884	.2822495	0
596.15	0	.5694442	.1483426	.2822132	0
595.15	0	.5693268	.1484962	.282177	0
594.15	0	.5692101	.1486492	.2821407	0
593.15	0	.569094	.1488015	.2821045	0
592.15	0	.5689785	.1489532	.2820683	0
591.15	0	.5688636	.1491043	.2820321	0
590.15	0	.5687492	.1492548	.281996	0
589.15	0	.5686355	.1494046	.2819599	0
588.15	0	.5685223	.1495539	.2819238	0
587.15	0	.5684097	.1497026	.2818877	0
586.15	0	.5682977	.1498506	.2818517	0
585.15	0	.5681862	.1499981	.2818156	0
584.15	0	.5680753	.150145	.2817797	0
583.15	0	.567965	.1502913	.2817437	0
582.15	0	.5678552	.150437	.2817078	0
581.15	0	.567746	.1505821	.2816719	0
580.15	0	.5676373	.1507267	.281636	0
579.15	0	.5675292	.1508707	.2816001	0
578.15	0	.5674216	.1510141	.2815643	0
577.15	0	.5673145	.151157	.2815285	0
576.15	0	.567208	.1512993	.2814927	0
575.15	0	.567102	.151441	.281457	0
574.15	0	.5669965	.1515822	.2814213	0
573.15	0	.5668915	.1517229	.2813856	0
572.15	0	.5667871	.151863	.28135	0
571.15	0	.5666831	.1520025	.2813144	0
570.15	0	.5665797	.1521415	.2812788	0
569.15	0	.5664768	.15228	.2812432	0
568.15	0	.5663743	.1524179	.2812077	0
567.15	0	.5662724	.1525553	.2811723	0
566.15	0	.566171	.1526922	.2811368	0
565.15	0	.56607	.1528286	.2811014	0
564.15	0	.5659696	.1529644	.281066	0
563.15	0	.5658696	.1530997	.2810307	0
562.15	0	.5657701	.1532345	.2809953	0
561.15	0	.5656712	.1533688	.2809601	0
560.15	0	.5655726	.1535025	.2809248	0
559.15	0	.5654746	.1536358	.2808896	0
558.15	0	.565377	.1537685	.2808545	0
557.15	0	.5652799	.1539008	.2808193	0
556.15	0	.5651832	.1540325	.2807843	0
555.15	0	.5650871	.1541637	.2807492	0
554.15	0	.5649913	.1542945	.2807142	0
553.15	0	.5648961	.1544247	.2806792	0
552.15	0	.5648013	.1545545	.2806443	0
551.15	0	.5647069	.1546837	.2806094	0
550.15	0	.564613	.1548125	.2805746	0
549.15	0	.5645195	.1549408	.2805397	0
548.15	0	.5644265	.1550686	.280505	0
547.15	0	.5643339	.1551959	.2804702	0
546.15	0	.5642417	.1553227	.2804356	0
545.15	0	.56415	.1554491	.2804009	0
544.15	0	.5640587	.1555749	.2803663	0
543.15	0	.5639679	.1557003	.2803318	0
542.15	0	.5638775	.1558253	.2802972	0
541.15	0	.5637875	.1559497	.2802628	0
540.15	0	.5636979	.1560737	.2802284	0
539.15	0	.5636088	.1561972	.280194	0
538.15	0	.5635201	.1563203	.2801597	0
537.15	0	.5634318	.1564429	.2801254	0
536.15	0	.5633439	.156565	.2800912	0
535.15	0	.5632564	.1566867	.280057	0
534.15	0	.5631693	.1568079	.2800228	0
533.15	0	.5630826	.1569286	.2799887	0
532.15	0	.5629965	.1570489	.2799546	0
531.15	0	.5629106	.1571687	.2799206	0
530.15	0	.5628252	.1572881	.2798867	0
529.15	0	.5627401	.1574071	.2798528	0
528.15	0	.5626555	.1575256	.279819	0
527.15	0	.5625712	.1576436	.2797852	0
526.15	0	.5624874	.1577612	.2797514	0
525.15	0	.5624039	.1578783	.2797178	0
524.15	0	.5623209	.157995	.2796841	0
523.15	0	.5622382	.1581113	.2796505	0
522.15	0	.5621559	.1582271	.279617	0
521.15	0	.562074	.1583425	.2795836	0
520.15	0	.5619924	.1584574	.2795501	0
519.15	0	.5619113	.1585719	.2795168	0
518.15	0	.5618305	.158686	.2794835	0
517.15	0	.5617502	.1587996	.2794502	0
516.15	0	.5616701	.1589128	.2794171	0
515.15	0	.5615905	.1590256	.2793839	0
514.15	0	.5615113	.1591379	.2793508	0
513.15	0	.5614324	.1592498	.2793178	0
512.15	0	.5613539	.1593613	.2792849	0
511.15	0	.5612757	.1594723	.279252	0
510.15	0	.5611979	.1595829	.2792192	0
509.15	0	.5611205	.1596931	.2791864	0
508.15	0	.5610435	.1598029	.2791537	0
507.15	0	.5609668	.1599122	.279121	0
506.15	0	.5608904	.1600211	.2790884	0
505.15	0	.5608145	.1601296	.2790559	0
504.15	0	.5607389	.1602377	.2790234	0
503.15	0	.5606636	.1603454	.278991	0
502.15	0	.5605887	.1604526	.2789587	0
501.15	0	.5605142	.1605594	.2789264	0
500.15	0	.56044	.1606658	.2788942	0
499.15	0	.5603661	.1607718	.2788621	0
498.15	0	.5602926	.1608774	.27883	0
497.15	0	.5602195	.1609825	.278798	0
496.15	0	.5601467	.1610872	.2787661	0
495.15	0	.5600742	.1611916	.2787342	0
494.15	0	.5600021	.1612955	.2787024	0
493.15	0	.5599304	.161399	.2786707	0
492.15	0	.5598589	.1615021	.278639	0
491.15	0	.5597879	.1616048	.2786074	0
490.15	0	.5597171	.161707	.2785759	0
489.15	0	.5596467	.1618089	.2785444	0
488.15	0	.5595766	.1619104	.278513	0
487.15	0	.5595069	.1620114	.2784817	0
486.15	0	.5594375	.1621121	.2784504	0
485.15	0	.5593684	.1622123	.2784193	0
484.15	0	.5592997	.1623121	.2783882	0
483.15	0	.5592313	.1624116	.2783571	0
482.15	0	.5591632	.1625106	.2783262	0
481.15	0	.5590955	.1626092	.2782953	0
480.15	0	.559028	.1627075	.2782645	0
479.15	0	.5589609	.1628053	.2782338	0
478.15	0	.5588942	.1629027	.2782031	0
477.15	0	.5588277	.1629997	.2781726	0
476.15	0	.5587616	.1630964	.278142	0
475.15	0	.5586958	.1631926	.2781116	0
474.15	0	.5586303	.1632884	.2780813	0
473.15	0	.5585651	.1633838	.278051	0
472.15	0	.5585003	.1634789	.2780208	0
471.15	0	.5584358	.1635735	.2779907	0
470.15	0	.5583716	.1636678	.2779607	0
469.15	0	.5583077	.1637616	.2779307	0
468.15	0	.5582441	.1638551	.2779009	0
467.15	0	.5581808	.1639481	.2778711	0
466.15	0	.5581178	.1640408	.2778414	0
465.15	0	.5580552	.1641331	.2778117	0
464.15	0	.5579928	.164225	.2777822	0
463.15	0	.5579308	.1643165	.2777527	0
462.15	0	.5578691	.1644076	.2777234	0
461.15	0	.5578077	.1644983	.2776941	0
460.15	0	.5577466	.1645886	.2776649	0
459.15	0	.5576858	.1646785	.2776357	0
458.15	0	.5576253	.164768	.2776067	0
457.15	0	.5575651	.1648572	.2775777	0
456.15	0	.5575052	.164946	.2775489	0
455.15	0	.5574456	.1650343	.2775201	0
454.15	0	.5573863	.1651223	.2774914	0
453.15	0	.5573273	.1652099	.2774628	0
452.15	0	.5572686	.1652972	.2774342	0
451.15	0	.5572102	.165384	.2774058	0
450.15	0	.5571521	.1654704	.2773775	0
449.15	0	.5570943	.1655565	.2773492	0
448.15	0	.5570369	.1656421	.2773211	0
447.15	0	.5569797	.1657273	.277293	0
446.15	0	.5569228	.1658121	.2772651	0
445.15	0	.5568663	.1658965	.2772372	0
444.15	0	.55681	.1659805	.2772095	0
443.15	0	.5567541	.1660641	.2771818	0
442.15	0	.5566984	.1661473	.2771542	0
441.15	0	.5566431	.1662301	.2771268	0
440.15	0	.5565881	.1663125	.2770994	0
439.15	0	.5565334	.1663944	.2770722	0
438.15	0	.5564791	.1664759	.2770451	0
437.15	0	.556425	.1665569	.277018	0
436.15	0	.5563713	.1666376	.2769911	0
435.15	0	.5563179	.1667178	.2769643	0
434.15	0	.5562648	.1667975	.2769376	0
433.15	0	.5562121	.1668769	.2769111	0
432.15	0	.5561596	.1669557	.2768846	0
431.15	0	.5561075	.1670342	.2768583	0
430.15	0	.5560557	.1671122	.2768321	0
429.15	0	.5560043	.1671897	.276806	0
428.15	0	.5559532	.1672668	.27678	0
427.15	0	.5559024	.1673434	.2767542	0
426.15	0	.5558519	.1674196	.2767285	0
425.15	0	.5558017	.1674954	.2767029	0
424.15	0	.5557519	.1675707	.2766774	0
423.15	0	.5557024	.1676455	.2766521	0
422.15	0	.5556533	.1677199	.2766269	0
421.15	0	.5556044	.1677938	.2766018	0
420.15	0	.5555559	.1678673	.2765768	0
419.15	0	.5555077	.1679403	.276552	0
418.15	0	.5554598	.1680129	.2765273	0
417.15	0	.5554123	.168085	.2765027	0
416.15	0	.5553651	.1681567	.2764782	0
415.15	0	.5553182	.1682279	.2764539	0
414.15	0	.5552716	.1682986	.2764298	0
413.15	0	.5552254	.1683689	.2764057	0
412.15	0	.5551794	.1684388	.2763818	0
411.15	0	.5551338	.1685082	.276358	0
410.15	0	.5550885	.1685771	.2763343	0
409.15	0	.5550436	.1686456	.2763108	0
408.15	0	.5549989	.1687137	.2762874	0
407.15	0	.5549546	.1687813	.2762641	0
406.15	0	.5549105	.1688485	.276241	0
405.15	0	.5548668	.1689152	.276218	0
404.15	0	.5548234	.1689815	.2761952	0
403.15	0	.5547803	.1690473	.2761724	0
402.15	0	.5547375	.1691127	.2761498	0
401.15	0	.554695	.1691777	.2761273	0
400.15	0	.5546528	.1692422	.276105	0
399.15	0	.5546109	.1693063	.2760828	0
398.15	0	.5545694	.1693699	.2760607	0
397.15	0	.5545281	.1694331	.2760388	0
396.15	0	.5544871	.1694959	.276017	0
395.15	0	.5544464	.1695583	.2759953	0
394.15	0	.554406	.1696203	.2759738	0
393.15	0	.5543659	.1696818	.2759523	0
392.15	0	.5543261	.1697429	.275931	0
391.15	0	.5542866	.1698036	.2759099	0
390.15	0	.5542473	.1698638	.2758889	0
389.15	0	.5542084	.1699237	.275868	0
388.15	0	.5541697	.1699831	.2758472	0
387.15	0	.5541313	.1700421	.2758266	0
386.15	0	.5540932	.1701008	.2758061	0
385.15	0	.5540554	.170159	.2757857	0
384.15	0	.5540178	.1702168	.2757654	0
383.15	0	.5539805	.1702742	.2757453	0
382.15	0	.5539435	.1703312	.2757253	0
381.15	0	.5539067	.1703879	.2757054	0
380.15	0	.5538703	.1704441	.2756857	0
379.15	0	.553834	.1704999	.275666	0
378.15	0	.5537981	.1705554	.2756465	0
377.15	0	.5537624	.1706105	.2756272	0
376.15	0	.5537269	.1706652	.2756079	0
375.15	0	.5536917	.1707195	.2755888	0
374.15	0	.5536568	.1707734	.2755698	0
373.15	0	.5536221	.170827	.2755509	0
372.15	0	.5535876	.1708802	.2755322	0
371.15	0	.5535535	.170933	.2755135	0
370.15	0	.5535195	.1709855	.275495	0
369.15	0	.5534858	.1710376	.2754766	0
368.15	0	.5534523	.1710893	.2754583	0
367.15	0	.5534191	.1711407	.2754402	0
366.15	0	.5533861	.1711918	.2754221	0
365.15	0	.5533533	.1712425	.2754042	0
364.15	0	.5533208	.1712928	.2753864	0
363.15	0	.5532885	.1713428	.2753687	0
362.15	0	.5532564	.1713924	.2753512	0
361.15	0	.5532246	.1714418	.2753337	0
360.15	0	.5531929	.1714907	.2753164	0
359.15	0	.5531615	.1715394	.2752991	0
358.15	0	.5531303	.1715877	.275282	0
357.15	0	.5530993	.1716357	.275265	0
356.15	0	.5530685	.1716833	.2752481	0
355.15	0	.553038	.1717307	.2752314	0
354.15	0	.5530076	.1717777	.2752147	0
353.15	0	.5529774	.1718244	.2751981	0
352.15	0	.5529475	.1718708	.2751817	0
351.15	0	.5529177	.1719169	.2751654	0
350.15	0	.5528882	.1719627	.2751492	0
349.15	0	.5528588	.1720081	.275133	0
348.15	0	.5528297	.1720533	.275117	0
347.15	0	.5528007	.1720982	.2751011	0
346.15	0	.5527719	.1721428	.2750853	0
345.15	0	.5527433	.172187	.2750696	0
344.15	0	.5527149	.172231	.2750541	0
343.15	0	.5526867	.1722747	.2750386	0
342.15	0	.5526586	.1723182	.2750232	0
341.15	0	.5526308	.1723613	.2750079	0
340.15	0	.5526031	.1724042	.2749928	0
339.15	0	.5525756	.1724467	.2749777	0
338.15	0	.5525482	.172489	.2749627	0
337.15	0	.5525211	.1725311	.2749479	0
336.15	0	.5524941	.1725728	.2749331	0
335.15	0	.5524672	.1726143	.2749184	0
334.15	0	.5524406	.1726556	.2749039	0
333.15	0	.552414	.1726966	.2748894	0
332.15	0	.5523877	.1727373	.274875	0
331.15	0	.5523615	.1727777	.2748608	0
330.15	0	.5523355	.1728179	.2748466	0
329.15	0	.5523096	.1728579	.2748325	0
