T	 BPW(LIQUID)	BPW(BCC_A2)	BPW(FCC_A1)	BPW(LAVES_PHASE_C14)	BPW(NI3TI)
1473.15	.3227797	.6772204	0	0	0
1472.15	.319512	.680488	0	0	0
1471.15	.3162675	.6837325	0	0	0
1470.15	.3130459	.6869541	0	0	0
1469.15	.3098471	.6901529	0	0	0
1468.15	.306671	.693329	0	0	0
1467.15	.3035174	.6964826	0	0	0
1466.15	.3003861	.6996139	0	0	0
1465.15	.297277	.702723	0	0	0
1464.15	.2941899	.7058101	0	0	0
1463.15	.2911247	.7088753	0	0	0
1462.15	.2880813	.7119187	0	0	0
1461.15	.2850595	.7149405	0	0	0
1460.15	.2820591	.7179409	0	0	0
1459.15	.27908	.72092	0	0	0
1458.15	.2761221	.7238779	0	0	0
1457.15	.2731852	.7268148	0	0	0
1456.15	.2702692	.7297308	0	0	0
1455.15	.2673739	.7326261	0	0	0
1454.15	.2644992	.7355008	0	0	0
1453.15	.2616449	.7383551	0	0	0
1452.15	.2588109	.7411891	0	0	0
1451.15	.2559972	.7440028	0	0	0
1450.15	.2532034	.7467966	0	0	0
1449.15	.2504295	.7495705	0	0	0
1448.15	.2476754	.7523246	0	0	0
1447.15	.2449409	.7550591	0	0	0
1446.15	.2422258	.7577742	0	0	0
1445.481	.2404201	.7595799	0	0	0
1445.481	.2404201	.7595799	0	0	0
1445.481	.2404201	.7595799	0	0	0
1445.15	.2388972	.7605391	0	5.63635E-04	0
1444.15	.2343408	.7634057	0	.002253402	0
1443.15	.2298515	.7662251	0	.003923326	0
1442.15	.2254278	.7689983	0	.005573855	0
1441.15	.2210683	.7717263	0	.007205426	0
1440.15	.2167715	.7744101	0	.008818463	0
1439.15	.2125361	.7770506	0	.01041338	0
1438.15	.2083607	.7796487	0	.01199057	0
1437.15	.2042442	.7822054	0	.01355044	0
1436.15	.2001852	.7847215	0	.01509334	0
1435.15	.1961825	.7871978	0	.01661966	0
1434.15	.192235	.7896353	0	.01812975	0
1433.15	.1883414	.7920347	0	.01962396	0
1432.15	.1845007	.7943967	0	.02110262	0
1431.15	.1807117	.7967222	0	.02256607	0
1430.15	.1769735	.7990119	0	.02401461	0
1429.15	.1732849	.8012665	0	.02544858	0
1428.15	.169645	.8034868	0	.02686826	0
1427.15	.1660527	.8056733	0	.02827395	0
1426.15	.1625072	.8078269	0	.02966594	0
1425.15	.1590075	.809948	0	.0310445	0
1424.15	.1555526	.8120375	0	.03240992	0
1423.15	.1521418	.8140958	0	.03376245	0
1422.15	.148774	.8161236	0	.03510235	0
1421.15	.1454486	.8181216	0	.03642987	0
1420.15	.1421646	.8200901	0	.03774527	0
1419.15	.1389213	.8220299	0	.03904877	0
1418.15	.1357179	.8239415	0	.04034061	0
1417.15	.1325536	.8258254	0	.04162101	0
1416.15	.1294277	.8276821	0	.04289021	0
1415.15	.1263395	.8295121	0	.0441484	0
1414.15	.1232882	.831316	0	.04539581	0
1413.15	.1202732	.8330942	0	.04663264	0
1412.15	.1172937	.8348472	0	.04785908	0
1411.15	.1143492	.8365754	0	.04907534	0
1410.15	.111439	.8382794	0	.0502816	0
1409.15	.1085624	.8399595	0	.05147805	0
1408.15	.1057189	.8416162	0	.05266487	0
1407.15	.1029079	.8432499	0	.05384224	0
1406.15	.1001286	.844861	0	.05501032	0
1405.15	.09738075	.84645	0	.0561693	0
1404.15	.09466357	.8480171	0	.05731933	0
1403.15	.09197659	.8495629	0	.05846057	0
1402.15	.08931926	.8510876	0	.05959318	0
1401.15	.08669106	.8525916	0	.06071732	0
1400.15	.08409148	.8540754	0	.06183313	0
1399.15	.08152004	.8555392	0	.06294076	0
1398.15	.07897622	.8569834	0	.06404036	0
1397.15	.07645958	.8584084	0	.06513205	0
1396.15	.07396962	.8598144	0	.06621599	0
1395.15	.07150591	.8612018	0	.06729231	0
1394.15	.06906799	.8625709	0	.06836112	0
1393.15	.06665542	.863922	0	.06942257	0
1392.15	.06426779	.8652554	0	.07047678	0
1391.15	.06190467	.8665715	0	.07152386	0
1390.15	.05956564	.8678704	0	.07256394	0
1389.15	.05725032	.8691525	0	.07359714	0
1388.15	.05495831	.8704181	0	.07462357	0
1387.15	.05268923	.8716674	0	.07564333	0
1386.15	.0504427	.8729008	0	.07665655	0
1385.15	.04821834	.8741183	0	.07766333	0
1384.15	.04601581	.8753204	0	.07866376	0
1383.15	.04383475	.8765073	0	.07965796	0
1382.15	.04167481	.8776792	0	.08064603	0
1381.15	.03953565	.8788363	0	.08162805	0
1380.15	.03741695	.8799789	0	.08260414	0
1379.15	.03531837	.8811073	0	.08357438	0
1378.15	.0332396	.8822215	0	.08453887	0
1377.15	.03118032	.883322	0	.08549769	0
1376.15	.02914023	.8844088	0	.08645093	0
1375.15	.02711904	.8854823	0	.08739869	0
1374.15	.02511643	.8865425	0	.08834104	0
1373.15	.02313214	.8875898	0	.08927807	0
1372.15	.02116586	.8886243	0	.09020986	0
1371.15	.01921734	.8896462	0	.09113648	0
1370.15	.01728629	.8906557	0	.09205803	0
1369.15	.01537244	.891653	0	.09297457	0
1368.15	.01347554	.8926383	0	.09388618	0
1367.15	.01159533	.8936117	0	.09479293	0
1366.15	.009731559	.8945735	0	.0956949	0
1365.15	.007883977	.8955239	0	.09659215	0
1364.15	.006052344	.8964629	0	.09748476	0
1363.15	.00423642	.8973908	0	.09837279	0
1362.15	.002435973	.8983077	0	.09925631	0
1361.15	6.507741E-04	.8992138	0	.1001354	0
1360.783	0	.8995434	0	.1004566	0
1360.783	0	.8995434	0	.1004566	0
1360.15	0	.899156	0	.100844	0
1359.15	0	.8985454	0	.1014546	0
1358.15	0	.8979362	0	.1020638	0
1357.15	0	.8973284	0	.1026716	0
1356.15	0	.8967219	0	.1032781	0
1355.15	0	.8961169	0	.1038831	0
1354.15	0	.8955132	0	.1044868	0
1353.15	0	.894911	0	.1050891	0
1352.15	0	.89431	0	.10569	0
1351.15	0	.8937105	0	.1062895	0
1350.15	0	.8931123	0	.1068877	0
1349.15	0	.8925154	0	.1074846	0
1348.15	0	.89192	0	.1080801	0
1347.15	0	.8913258	0	.1086742	0
1346.15	0	.890733	0	.109267	0
1345.15	0	.8901416	0	.1098585	0
1344.15	0	.8895514	0	.1104486	0
1343.15	0	.8889626	0	.1110374	0
1342.15	0	.8883752	0	.1116248	0
1341.15	0	.887789	0	.112211	0
1340.15	0	.8872042	0	.1127958	0
1339.15	0	.8866207	0	.1133793	0
1338.15	0	.8860385	0	.1139615	0
1337.15	0	.8854576	0	.1145424	0
1336.15	0	.884878	0	.115122	0
1335.15	0	.8842997	0	.1157003	0
1334.15	0	.8837227	0	.1162773	0
1333.15	0	.883147	0	.116853	0
1332.15	0	.8825725	0	.1174275	0
1331.15	0	.8819994	0	.1180006	0
1330.15	0	.8814275	0	.1185725	0
1329.15	0	.8808569	0	.1191431	0
1328.15	0	.8802876	0	.1197124	0
1327.15	0	.8797196	0	.1202805	0
1326.15	0	.8791528	0	.1208473	0
1325.15	0	.8785872	0	.1214128	0
1324.15	0	.8780229	0	.1219771	0
1323.15	0	.8774599	0	.1225401	0
1322.15	0	.8768981	0	.1231019	0
1321.15	0	.8763376	0	.1236624	0
1320.15	0	.8757783	0	.1242217	0
1319.15	0	.8752202	0	.1247798	0
1318.15	0	.8746634	0	.1253366	0
1317.15	0	.8741078	0	.1258922	0
1316.15	0	.8735534	0	.1264466	0
1315.15	0	.8730003	0	.1269997	0
1314.15	0	.8724483	0	.1275517	0
1313.15	0	.8718976	0	.1281024	0
1312.15	0	.8713481	0	.1286519	0
1311.15	0	.8707998	0	.1292002	0
1310.15	0	.8702527	0	.1297473	0
1309.15	0	.8697068	0	.1302932	0
1308.15	0	.8691621	0	.1308379	0
1307.15	0	.8686186	0	.1313814	0
1306.15	0	.8680763	0	.1319237	0
1305.15	0	.8675351	0	.1324649	0
1304.15	0	.8669952	0	.1330048	0
1303.15	0	.8664564	0	.1335436	0
1302.15	0	.8659188	0	.1340812	0
1301.15	0	.8653824	0	.1346176	0
1300.15	0	.8648471	0	.1351529	0
1299.15	0	.864313	0	.135687	0
1298.15	0	.8637801	0	.1362199	0
1297.15	0	.8632483	0	.1367517	0
1296.15	0	.8627177	0	.1372823	0
1295.15	0	.8621882	0	.1378118	0
1294.15	0	.8616599	0	.1383401	0
1293.15	0	.8611327	0	.1388673	0
1292.15	0	.8606067	0	.1393933	0
1291.15	0	.8600818	0	.1399182	0
1290.15	0	.8595581	0	.140442	0
1289.15	0	.8590354	0	.1409646	0
1288.15	0	.8585139	0	.1414861	0
1287.15	0	.8579935	0	.1420065	0
1286.15	0	.8574743	0	.1425257	0
1285.15	0	.8569562	0	.1430438	0
1284.15	0	.8564391	0	.1435609	0
1283.15	0	.8559233	0	.1440768	0
1282.15	0	.8554085	0	.1445915	0
1281.15	0	.8548948	0	.1451052	0
1280.15	0	.8543822	0	.1456178	0
1279.15	0	.8538707	0	.1461293	0
1278.15	0	.8533603	0	.1466397	0
1277.15	0	.852851	0	.147149	0
1276.15	0	.8523428	0	.1476572	0
1275.15	0	.8518357	0	.1481643	0
1274.15	0	.8513297	0	.1486703	0
1273.15	0	.8508247	0	.1491753	0
1272.15	0	.8503208	0	.1496792	0
1271.15	0	.8498181	0	.150182	0
1270.15	0	.8493163	0	.1506837	0
1269.15	0	.8488157	0	.1511843	0
1268.15	0	.8483161	0	.1516839	0
1267.15	0	.8478176	0	.1521824	0
1266.15	0	.8473201	0	.1526799	0
1265.15	0	.8468237	0	.1531763	0
1264.15	0	.8463283	0	.1536717	0
1263.15	0	.8458341	0	.1541659	0
1262.15	0	.8453408	0	.1546592	0
1261.15	0	.8448486	0	.1551514	0
1260.15	0	.8443574	0	.1556426	0
1259.15	0	.8438673	0	.1561327	0
1258.15	0	.8433782	0	.1566218	0
1257.15	0	.8428902	0	.1571098	0
1256.15	0	.8424032	0	.1575968	0
1255.15	0	.8419172	0	.1580828	0
1254.15	0	.8414322	0	.1585678	0
1253.15	0	.8409483	0	.1590517	0
1252.15	0	.8404654	0	.1595346	0
1251.15	0	.8399835	0	.1600165	0
1250.15	0	.8395026	0	.1604974	0
1249.15	0	.8390228	0	.1609772	0
1248.15	0	.8385439	0	.1614561	0
1247.15	0	.8380661	0	.161934	0
1246.15	0	.8375892	0	.1624108	0
1245.15	0	.8371134	0	.1628866	0
1244.15	0	.8366385	0	.1633615	0
1243.15	0	.8361647	0	.1638353	0
1242.15	0	.8356918	0	.1643082	0
1241.15	0	.83522	0	.16478	0
1240.15	0	.8347491	0	.1652509	0
1239.15	0	.8342792	0	.1657208	0
1238.15	0	.8338103	0	.1661897	0
1237.15	0	.8333424	0	.1666576	0
1236.15	0	.8328754	0	.1671246	0
1235.15	0	.8324095	0	.1675905	0
1234.15	0	.8319445	0	.1680555	0
1233.15	0	.8314804	0	.1685196	0
1232.15	0	.8310174	0	.1689826	0
1231.15	0	.8305553	0	.1694447	0
1230.15	0	.8300942	0	.1699058	0
1229.15	0	.829634	0	.170366	0
1228.15	0	.8291748	0	.1708252	0
1227.15	0	.8287165	0	.1712835	0
1226.15	0	.8282592	0	.1717408	0
1225.15	0	.8278029	0	.1721971	0
1224.15	0	.8273475	0	.1726525	0
1223.15	0	.826893	0	.173107	0
1222.15	0	.8264395	0	.1735605	0
1221.15	0	.825987	0	.1740131	0
1220.15	0	.8255353	0	.1744647	0
1219.15	0	.8250846	0	.1749154	0
1218.15	0	.8246349	0	.1753651	0
1217.15	0	.824186	0	.175814	0
1216.15	0	.8237381	0	.1762619	0
1215.15	0	.8232912	0	.1767089	0
1214.15	0	.8228451	0	.1771549	0
1213.15	0	.8224	0	.1776	0
1212.705	0	.8222021	0	.177798	0
1212.705	0	.8222021	0	.177798	0
1212.705	0	.8222021	0	.177798	0
1212.15	0	.8214827	4.91653E-04	.1780256	0
1211.15	0	.8201886	.001376144	.1784353	0
1210.15	0	.8188979	.002258235	.1788439	0
1209.15	0	.8176106	.003137929	.1792514	0
1208.15	0	.8163269	.004015229	.1796579	0
1207.15	0	.8150465	.004890138	.1800633	0
1206.15	0	.8137697	.005762659	.1804677	0
1205.15	0	.8124962	.006632796	.180871	0
1204.15	0	.8112262	.00750055	.1812733	0
1203.15	0	.8099596	.008365925	.1816745	0
1202.15	0	.8086964	.009228924	.1820747	0
1201.15	0	.8074366	.01008955	.1824738	0
1200.15	0	.8061802	.0109478	.182872	0
1199.15	0	.8049273	.01180369	.183269	0
1198.15	0	.8036777	.01265721	.1836651	0
1197.15	0	.8024315	.01350837	.1840602	0
1196.15	0	.8011886	.01435717	.1844542	0
1195.15	0	.7999492	.01520362	.1848472	0
1194.15	0	.7987131	.0160477	.1852392	0
1193.15	0	.7974804	.01688944	.1856302	0
1192.15	0	.796251	.01772883	.1860202	0
1191.15	0	.795025	.01856587	.1864092	0
1190.15	0	.7938023	.01940056	.1867971	0
1189.15	0	.792583	.02023291	.1871841	0
1188.15	0	.7913669	.02106293	.1875701	0
1187.15	0	.7901543	.0218906	.1879551	0
1186.15	0	.7889449	.02271594	.1883392	0
1185.15	0	.7877389	.02353895	.1887222	0
1184.15	0	.7865361	.02435962	.1891043	0
1183.15	0	.7853367	.02517797	.1894853	0
1182.15	0	.7841406	.02599399	.1898655	0
1181.15	0	.7829477	.02680769	.1902446	0
1180.15	0	.7817582	.02761907	.1906228	0
1179.15	0	.7805719	.02842812	.191	0
1178.15	0	.7793889	.02923486	.1913762	0
1177.15	0	.7782092	.03003928	.1917515	0
1176.15	0	.7770328	.03084138	.1921258	0
1175.15	0	.7758596	.03164118	.1924992	0
1174.15	0	.7746897	.03243866	.1928716	0
1173.15	0	.7735231	.03323384	.1932431	0
1172.15	0	.7723597	.0340267	.1936136	0
1171.15	0	.7711995	.03481727	.1939832	0
1170.15	0	.7700426	.03560553	.1943519	0
1169.15	0	.7688889	.03639149	.1947196	0
1168.15	0	.7677384	.03717515	.1950864	0
1167.15	0	.7665912	.03795651	.1954523	0
1166.15	0	.7654472	.03873557	.1958172	0
1165.15	0	.7643065	.03951234	.1961812	0
1164.15	0	.7631689	.04028682	.1965443	0
1163.15	0	.7620345	.041059	.1969065	0
1162.15	0	.7609034	.0418289	.1972677	0
1161.15	0	.7597755	.0425965	.1976281	0
1160.15	0	.7586507	.04336182	.1979875	0
1159.15	0	.7575291	.04412485	.198346	0
1158.15	0	.7564108	.0448856	.1987036	0
1157.15	0	.7552956	.04564406	.1990603	0
1156.15	0	.7541836	.04640024	.1994161	0
1155.15	0	.7530748	.04715414	.199771	0
1154.15	0	.7519691	.04790579	.2001251	0
1153.15	0	.7508667	.04865514	.2004782	0
1152.15	0	.7497674	.0494022	.2008304	0
1151.15	0	.7486712	.05014699	.2011818	0
1150.15	0	.7475783	.05088951	.2015322	0
1149.15	0	.7464884	.05162975	.2018818	0
1148.15	0	.7454018	.05236771	.2022305	0
1147.15	0	.7443183	.05310341	.2025783	0
1146.15	0	.7432379	.05383684	.2029253	0
1145.15	0	.7421607	.05456799	.2032714	0
1144.15	0	.7410866	.05529688	.2036166	0
1143.15	0	.7400156	.0560235	.2039609	0
1142.15	0	.7389478	.05674785	.2043044	0
1141.15	0	.7378831	.05746994	.204647	0
1140.15	0	.7368215	.05818976	.2049887	0
1139.15	0	.7357631	.05890731	.2053296	0
1138.15	0	.7347078	.0596226	.2056696	0
1137.15	0	.7336556	.06033563	.2060088	0
1136.15	0	.7326065	.0610464	.2063471	0
1135.15	0	.7315605	.0617549	.2066846	0
1134.15	0	.7305176	.06246114	.2070212	0
1133.15	0	.7294779	.06316513	.207357	0
1132.15	0	.7284412	.06386685	.207692	0
1131.15	0	.7274076	.06456631	.2080261	0
1130.15	0	.7263772	.06526351	.2083593	0
1129.15	0	.7253498	.06595845	.2086917	0
1128.15	0	.7243255	.06665114	.2090233	0
1127.15	0	.7233043	.06734156	.2093541	0
1126.15	0	.7222863	.06802973	.209684	0
1125.15	0	.7212712	.06871565	.2100131	0
1124.15	0	.7202593	.0693993	.2103414	0
1123.15	0	.7192505	.0700807	.2106689	0
1122.15	0	.7182447	.07075984	.2109955	0
1121.15	0	.717242	.07143673	.2113213	0
1120.15	0	.7162424	.07211135	.2116463	0
1119.15	0	.7152458	.07278373	.2119705	0
1118.15	0	.7142524	.07345385	.2122938	0
1117.15	0	.7132619	.07412171	.2126164	0
1116.15	0	.7122746	.07478731	.2129381	0
1115.15	0	.7112903	.07545067	.213259	0
1114.15	0	.7103091	.07611176	.2135791	0
1113.15	0	.7093309	.0767706	.2138985	0
1112.15	0	.7083558	.07742718	.214217	0
1111.15	0	.7073838	.07808151	.2145347	0
1110.15	0	.7064148	.07873359	.2148516	0
1109.15	0	.7054489	.0793834	.2151677	0
1108.15	0	.704486	.08003096	.2154831	0
1107.15	0	.7035261	.08067627	.2157976	0
1106.15	0	.7025693	.08131932	.2161113	0
1105.15	0	.7016156	.08196011	.2164243	0
1104.15	0	.7006649	.08259865	.2167365	0
1103.15	0	.6997172	.08323493	.2170478	0
1102.15	0	.6987726	.08386895	.2173584	0
1101.15	0	.6978311	.08450071	.2176682	0
1100.15	0	.6968925	.08513021	.2179773	0
1099.15	0	.695957	.08575746	.2182855	0
1098.15	0	.6950246	.08638245	.218593	0
1097.15	0	.6940952	.08700518	.2188997	0
1096.15	0	.6931688	.08762565	.2192056	0
1095.15	0	.6922454	.08824385	.2195107	0
1094.15	0	.6913251	.0888598	.2198151	0
1093.15	0	.6904078	.08947349	.2201187	0
1092.15	0	.6894936	.09008492	.2204215	0
1091.15	0	.6885824	.09069408	.2207235	0
1090.15	0	.6876742	.09130098	.2210249	0
1089.15	0	.686769	.09190561	.2213254	0
1088.15	0	.6858669	.09250799	.2216251	0
1087.15	0	.6849678	.0931081	.2219241	0
1086.15	0	.6840717	.09370594	.2222224	0
1085.15	0	.6831786	.09430151	.2225199	0
1084.15	0	.6822886	.09489482	.2228166	0
1083.15	0	.6814016	.09548586	.2231126	0
1082.15	0	.6805176	.09607464	.2234078	0
1081.15	0	.6796366	.09666114	.2237022	0
1080.15	0	.6787587	.09724538	.2239959	0
1079.15	0	.6778838	.09782734	.2242889	0
1078.15	0	.6770119	.09840703	.2245811	0
1077.15	0	.676143	.09898445	.2248725	0
1076.15	0	.6752772	.0995596	.2251632	0
1075.15	0	.6744143	.1001325	.2254532	0
1074.15	0	.6735545	.1007031	.2257424	0
1073.15	0	.6726977	.1012714	.2260309	0
1072.15	0	.671844	.1018374	.2263186	0
1071.15	0	.6709932	.1024012	.2266056	0
1070.15	0	.6701455	.1029627	.2268918	0
1069.15	0	.6693008	.1035219	.2271773	0
1068.15	0	.6684591	.1040788	.2274621	0
1067.15	0	.6676204	.1046335	.2277461	0
1066.15	0	.6667848	.1051858	.2280294	0
1065.15	0	.6659522	.1057359	.2283119	0
1064.15	0	.6651225	.1062837	.2285937	0
1063.15	0	.664296	.1068292	.2288748	0
1062.15	0	.6634724	.1073725	.2291552	0
1061.15	0	.6626519	.1079134	.2294348	0
1060.15	0	.6618343	.108452	.2297136	0
1059.15	0	.6610198	.1089884	.2299918	0
1058.15	0	.6602083	.1095225	.2302692	0
1057.15	0	.6593999	.1100542	.2305459	0
1056.15	0	.6585945	.1105837	.2308218	0
1055.15	0	.657792	.1111109	.2310971	0
1054.15	0	.6569926	.1116358	.2313716	0
1053.15	0	.6561963	.1121584	.2316453	0
1052.15	0	.6554029	.1126787	.2319184	0
1051.15	0	.6546126	.1131967	.2321907	0
1050.15	0	.6538253	.1137124	.2324623	0
1049.15	0	.653041	.1142258	.2327332	0
1048.15	0	.6522598	.1147369	.2330033	0
1047.15	0	.6514816	.1152457	.2332728	0
1046.15	0	.6507064	.1157522	.2335415	0
1045.15	0	.6499342	.1162564	.2338094	0
1044.15	0	.6491651	.1167583	.2340767	0
1043.15	0	.6483989	.1172578	.2343432	0
1042.15	0	.6476359	.1177551	.234609	0
1041.15	0	.6468758	.11825	.2348742	0
1040.15	0	.6461188	.1187427	.2351385	0
1039.15	0	.6453648	.119233	.2354022	0
1038.15	0	.6446138	.119721	.2356651	0
1037.15	0	.6438659	.1202068	.2359273	0
1036.15	0	.643121	.1206902	.2361888	0
1035.15	0	.6423792	.1211713	.2364496	0
1034.15	0	.6416403	.12165	.2367097	0
1033.15	0	.6409045	.1221265	.236969	0
1032.15	0	.6401718	.1226006	.2372276	0
1031.15	0	.6394421	.1230724	.2374855	0
1030.15	0	.6387154	.1235419	.2377427	0
1029.15	0	.6379917	.1240091	.2379992	0
1028.15	0	.6372711	.1244739	.2382549	0
1027.15	0	.6365536	.1249365	.23851	0
1026.15	0	.635839	.1253967	.2387643	0
1025.15	0	.6351276	.1258546	.2390179	0
1024.15	0	.6344191	.1263101	.2392708	0
1023.15	0	.6337137	.1267634	.2395229	0
1022.15	0	.6330114	.1272143	.2397743	0
1021.15	0	.6323121	.1276629	.2400251	0
1020.15	0	.6316158	.1281091	.2402751	0
1019.15	0	.6309226	.1285531	.2405244	0
1018.15	0	.6302324	.1289947	.2407729	0
1017.15	0	.6295453	.1294339	.2410208	0
1016.15	0	.6288612	.1298709	.2412679	0
1015.15	0	.6281802	.1303055	.2415143	0
1014.15	0	.6275022	.1307378	.24176	0
1013.15	0	.6268273	.1311678	.2420049	0
1012.15	0	.6261554	.1315954	.2422492	0
1011.15	0	.6254866	.1320207	.2424927	0
1010.15	0	.6248208	.1324437	.2427355	0
1009.15	0	.6241581	.1328644	.2429775	0
1008.15	0	.6234984	.1332827	.2432189	0
1007.15	0	.6228418	.1336987	.2434595	0
1006.15	0	.6221882	.1341124	.2436994	0
1005.15	0	.6215377	.1345237	.2439386	0
1004.15	0	.6208902	.1349327	.244177	0
1003.15	0	.6202458	.1353394	.2444147	0
1002.15	0	.6196045	.1357438	.2446517	0
1001.15	0	.6189662	.1361458	.244888	0
1000.15	0	.618331	.1365455	.2451235	0
999.15	0	.6176988	.1369429	.2453583	0
998.15	0	.6170697	.137338	.2455924	0
997.15	0	.6164436	.1377308	.2458257	0
996.15	0	.6158206	.1381212	.2460583	0
995.15	0	.6152006	.1385093	.2462901	0
994.15	0	.6145837	.1388951	.2465212	0
993.15	0	.6139698	.1392786	.2467516	0
992.15	0	.613359	.1396597	.2469813	0
991.15	0	.6127513	.1400386	.2472102	0
990.15	0	.6121466	.1404151	.2474383	0
989.15	0	.6115449	.1407893	.2476657	0
988.15	0	.6109464	.1411612	.2478924	0
987.15	0	.6103508	.1415309	.2481183	0
986.15	0	.6097583	.1418982	.2483435	0
985.15	0	.6091689	.1422632	.2485679	0
984.15	0	.6085825	.1426259	.2487916	0
983.15	0	.6079992	.1429863	.2490145	0
982.15	0	.6074189	.1433445	.2492367	0
981.15	0	.6068416	.1437003	.2494581	0
980.15	0	.6062674	.1440539	.2496787	0
979.15	0	.6056962	.1444052	.2498986	0
978.15	0	.6051281	.1447542	.2501177	0
977.15	0	.604563	.1451009	.2503361	0
976.15	0	.604001	.1454454	.2505537	0
975.15	0	.6034419	.1457876	.2507705	0
974.15	0	.6028859	.1461275	.2509866	0
973.15	0	.602333	.1464652	.2512019	0
972.15	0	.601783	.1468006	.2514164	0
971.15	0	.6012361	.1471338	.2516301	0
970.15	0	.6006922	.1474647	.2518431	0
969.15	0	.6001514	.1477934	.2520552	0
968.15	0	.5996135	.1481199	.2522666	0
967.15	0	.5990787	.1484441	.2524772	0
966.15	0	.5985468	.1487662	.252687	0
965.15	0	.598018	.149086	.252896	0
964.15	0	.5974922	.1494036	.2531042	0
963.15	0	.5969693	.149719	.2533116	0
962.15	0	.5964495	.1500323	.2535183	0
961.15	0	.5959326	.1503433	.2537241	0
960.15	0	.5954188	.1506522	.2539291	0
959.15	0	.5949079	.1509589	.2541333	0
958.15	0	.5944	.1512634	.2543366	0
957.15	0	.593895	.1515658	.2545392	0
956.15	0	.593393	.1518661	.2547409	0
955.15	0	.592894	.1521642	.2549418	0
954.15	0	.5923979	.1524602	.2551419	0
953.15	0	.5919047	.1527541	.2553412	0
952.15	0	.5914145	.1530459	.2555396	0
951.15	0	.5909272	.1533356	.2557372	0
950.15	0	.5904428	.1536232	.2559339	0
949.15	0	.5899614	.1539088	.2561298	0
948.15	0	.5894828	.1541923	.2563249	0
947.15	0	.5890072	.1544738	.256519	0
946.15	0	.5885344	.1547532	.2567124	0
945.15	0	.5880646	.1550306	.2569048	0
944.15	0	.5875975	.155306	.2570964	0
943.15	0	.5871334	.1555794	.2572872	0
942.15	0	.5866721	.1558509	.257477	0
941.15	0	.5862136	.1561204	.257666	0
940.15	0	.585758	.1563879	.2578541	0
939.15	0	.5853052	.1566535	.2580413	0
938.15	0	.5848552	.1569172	.2582276	0
937.15	0	.584408	.157179	.258413	0
936.15	0	.5839636	.157439	.2585975	0
935.15	0	.5835219	.157697	.2587811	0
934.15	0	.583083	.1579533	.2589637	0
933.15	0	.5826469	.1582077	.2591455	0
932.15	0	.5822135	.1584603	.2593263	0
931.15	0	.5817828	.1587111	.2595062	0
930.15	0	.5813547	.1589601	.2596851	0
929.15	0	.5809294	.1592075	.2598631	0
928.15	0	.5805068	.159453	.2600402	0
927.15	0	.5800868	.159697	.2602163	0
926.15	0	.5796694	.1599392	.2603914	0
925.15	0	.5792546	.1601798	.2605656	0
924.15	0	.5788425	.1604187	.2607388	0
923.15	0	.5784329	.1606561	.260911	0
922.15	0	.5780259	.1608919	.2610822	0
921.15	0	.5776214	.1611261	.2612524	0
920.15	0	.5772195	.1613589	.2614217	0
919.15	0	.57682	.1615901	.2615899	0
918.15	0	.576423	.1618199	.2617571	0
917.15	0	.5760285	.1620483	.2619232	0
916.15	0	.5756364	.1622752	.2620884	0
915.15	0	.5752467	.1625008	.2622525	0
914.15	0	.5748594	.1627251	.2624155	0
913.15	0	.5744745	.162948	.2625775	0
912.15	0	.5740919	.1631697	.2627384	0
911.15	0	.5737115	.1633902	.2628983	0
910.15	0	.5733335	.1636095	.263057	0
909.15	0	.5729577	.1638276	.2632147	0
908.15	0	.5725841	.1640446	.2633713	0
907.15	0	.5722127	.1642606	.2635267	0
906.15	0	.5718435	.1644754	.2636811	0
905.15	0	.5714763	.1646894	.2638343	0
904.15	0	.5711113	.1649023	.2639864	0
903.15	0	.5707483	.1651143	.2641373	0
902.15	0	.5703874	.1653255	.2642871	0
901.15	0	.5700284	.1655359	.2644357	0
900.15	0	.5696714	.1657455	.2645831	0
899.15	0	.5693163	.1659544	.2647293	0
898.15	0	.568963	.1661626	.2648744	0
897.15	0	.5686116	.1663702	.2650182	0
896.15	0	.568262	.1665773	.2651608	0
895.15	0	.5679141	.1667838	.2653021	0
894.15	0	.5675679	.1669899	.2654422	0
893.15	0	.5672234	.1671956	.265581	0
892.15	0	.5668805	.1674009	.2657186	0
891.15	0	.5665391	.167606	.2658549	0
890.15	0	.5661993	.1678109	.2659898	0
889.15	0	.5658609	.1680156	.2661235	0
888.15	0	.565524	.1682203	.2662558	0
887.15	0	.5651883	.1684249	.2663867	0
886.15	0	.564854	.1686296	.2665163	0
885.15	0	.564521	.1688345	.2666446	0
884.15	0	.5641891	.1690395	.2667714	0
883.15	0	.5638583	.1692448	.2668968	0
882.15	0	.5635287	.1694505	.2670208	0
881.15	0	.5632	.1696566	.2671434	0
880.15	0	.5628722	.1698633	.2672645	0
879.15	0	.5625454	.1700706	.2673841	0
878.15	0	.5622193	.1702785	.2675022	0
877.15	0	.5618939	.1704873	.2676188	0
876.15	0	.5615692	.1706969	.2677339	0
875.15	0	.5612451	.1709075	.2678474	0
874.15	0	.5609215	.1711192	.2679593	0
873.15	0	.5605983	.1713321	.2680696	0
872.15	0	.5602754	.1715463	.2681783	0
871.15	0	.5599528	.1717618	.2682854	0
870.15	0	.5596304	.1719789	.2683908	0
869.15	0	.559308	.1721976	.2684945	0
868.15	0	.5589856	.172418	.2685964	0
867.15	0	.5586631	.1726403	.2686967	0
866.15	0	.5583403	.1728646	.2687951	0
865.15	0	.5580172	.173091	.2688918	0
864.15	0	.5576937	.1733197	.2689866	0
863.15	0	.5573697	.1735508	.2690796	0
862.15	0	.5570449	.1737844	.2691706	0
861.15	0	.5567194	.1740208	.2692598	0
860.15	0	.556393	.17426	.269347	0
859.15	0	.5560656	.1745023	.2694322	0
858.15	0	.5557369	.1747478	.2695153	0
857.15	0	.555407	.1749966	.2695964	0
856.15	0	.5550756	.175249	.2696754	0
855.15	0	.5547426	.1755052	.2697522	0
854.15	0	.5544078	.1757653	.2698269	0
853.15	0	.5540711	.1760297	.2698992	0
852.15	0	.5537323	.1762984	.2699693	0
851.15	0	.5533912	.1765717	.2700371	0
850.15	0	.5530477	.1768499	.2701025	0
849.15	0	.5527015	.1771331	.2701654	0
848.15	0	.5523524	.1774218	.2702258	0
847.15	0	.5520002	.1777161	.2702837	0
846.15	0	.5516447	.1780164	.2703389	0
845.15	0	.5512857	.1783229	.2703915	0
844.15	0	.5509228	.178636	.2704412	0
843.15	0	.5505559	.1789559	.2704882	0
842.15	0	.5501847	.1792832	.2705322	0
841.15	0	.5498088	.1796181	.2705732	0
840.15	0	.5494279	.179961	.2706111	0
839.15	0	.5490418	.1803125	.2706458	0
838.15	0	.54865	.1806728	.2706772	0
837.15	0	.5482522	.1810426	.2707052	0
836.15	0	.547848	.1814224	.2707296	0
835.15	0	.5474369	.1818126	.2707505	0
834.15	0	.5470186	.1822139	.2707675	0
833.15	0	.5465924	.182627	.2707807	0
832.15	0	.5461578	.1830525	.2707897	0
831.15	0	.5457144	.1834911	.2707945	0
830.15	0	.5452614	.1839437	.2707949	0
829.15	0	.5447982	.1844112	.2707906	0
828.15	0	.544324	.1848945	.2707815	0
827.15	0	.5438381	.1853946	.2707673	0
826.15	0	.5433395	.1859127	.2707478	0
825.15	0	.5428273	.1864501	.2707226	0
824.15	0	.5419223	.1874686	.270609	0
823.15	0	.5409332	.1885947	.2704721	0
822.15	0	.5400033	.1896538	.270343	0
821.15	0	.5391274	.1906517	.270221	0
820.15	0	.538301	.1915937	.2701054	0
819.15	0	.53752	.1924844	.2699956	0
818.15	0	.536781	.1933277	.2698912	0
817.15	0	.5360808	.1941275	.2697917	0
816.15	0	.5354165	.1948868	.2696967	0
815.15	0	.5347856	.1956086	.2696058	0
814.15	0	.5341858	.1962955	.2695187	0
813.15	0	.533615	.19695	.2694351	0
812.15	0	.5330713	.197574	.2693547	0
811.15	0	.5325529	.1981697	.2692774	0
810.15	0	.5320583	.1987388	.2692029	0
809.15	0	.5315861	.199283	.2691309	0
808.15	0	.5311347	.1998038	.2690615	0
807.15	0	.5307032	.2003025	.2689943	0
806.15	0	.5302902	.2007806	.2689292	0
805.15	0	.5298948	.2012391	.2688661	0
804.15	0	.529516	.2016792	.2688049	0
803.15	0	.5291527	.2021018	.2687454	0
802.15	0	.5288043	.2025081	.2686876	0
801.15	0	.5284699	.2028988	.2686313	0
800.15	0	.5281488	.2032747	.2685765	0
799.15	0	.5278403	.2036367	.268523	0
798.15	0	.5275437	.2039855	.2684708	0
797.15	0	.5272584	.2043217	.2684199	0
796.15	0	.5269839	.204646	.2683701	0
795.15	0	.5267197	.204959	.2683213	0
794.15	0	.5264651	.2052612	.2682736	0
793.15	0	.5262199	.2055533	.2682269	0
792.15	0	.5259834	.2058355	.2681811	0
791.15	0	.5257554	.2061086	.2681361	0
790.15	0	.5255353	.2063727	.268092	0
789.15	0	.5253229	.2066285	.2680486	0
788.15	0	.5251177	.2068763	.2680059	0
787.15	0	.5249195	.2071165	.267964	0
786.15	0	.5247279	.2073493	.2679228	0
785.15	0	.5245427	.2075752	.2678821	0
784.15	0	.5243634	.2077945	.2678421	0
783.15	0	.52419	.2080074	.2678026	0
782.15	0	.5240221	.2082143	.2677636	0
781.15	0	.5238594	.2084154	.2677252	0
780.15	0	.5237018	.208611	.2676872	0
779.15	0	.523549	.2088013	.2676498	0
778.15	0	.5234008	.2089865	.2676127	0
777.15	0	.5232571	.2091669	.2675761	0
776.15	0	.5231175	.2093427	.2675398	0
775.15	0	.522982	.209514	.2675039	0
774.15	0	.5228504	.2096811	.2674684	0
773.15	0	.5227226	.2098442	.2674333	0
772.15	0	.5225983	.2100034	.2673984	0
771.15	0	.5224774	.2101588	.2673639	0
770.15	0	.5223597	.2103107	.2673296	0
769.15	0	.5222452	.2104592	.2672956	0
768.15	0	.5221337	.2106044	.2672619	0
767.15	0	.5220252	.2107464	.2672284	0
766.15	0	.5219193	.2108855	.2671952	0
765.15	0	.5218162	.2110217	.2671622	0
764.15	0	.5217177	.2111534	.2671289	0
763.15	0	.5216194	.2112843	.2670963	0
762.15	0	.5215234	.2114126	.267064	0
761.15	0	.5214297	.2115385	.2670318	0
760.15	0	.5213381	.2116621	.2669998	0
759.15	0	.5212487	.2117834	.266968	0
758.15	0	.5211612	.2119025	.2669363	0
757.15	0	.5210757	.2120196	.2669047	0
756.15	0	.520992	.2121347	.2668733	0
755.15	0	.5209101	.2122479	.266842	0
754.15	0	.5208299	.2123592	.2668109	0
753.15	0	.5207514	.2124688	.2667798	0
752.15	0	.5206744	.2125767	.2667489	0
751.15	0	.5205989	.212683	.2667181	0
750.15	0	.5205249	.2127877	.2666874	0
749.15	0	.5204523	.2128909	.2666568	0
748.15	0	.5203811	.2129927	.2666262	0
747.15	0	.5203111	.2130931	.2665958	0
746.15	0	.5202424	.2131922	.2665654	0
745.15	0	.5201749	.21329	.2665351	0
744.15	0	.5201085	.2133866	.2665049	0
743.15	0	.5200433	.2134821	.2664747	0
742.15	0	.5199791	.2135764	.2664446	0
741.15	0	.5199159	.2136696	.2664145	0
740.15	0	.5198537	.2137618	.2663845	0
739.15	0	.5197925	.213853	.2663545	0
738.15	0	.5197321	.2139433	.2663246	0
737.15	0	.5196727	.2140326	.2662947	0
736.15	0	.5196141	.214121	.2662649	0
735.15	0	.5195563	.2142087	.2662351	0
734.15	0	.5194992	.2142955	.2662053	0
733.15	0	.519443	.2143815	.2661756	0
732.15	0	.5193874	.2144668	.2661458	0
731.15	0	.5193326	.2145513	.2661161	0
730.15	0	.5192784	.2146352	.2660865	0
729.15	0	.5192248	.2147184	.2660568	0
728.15	0	.5191719	.214801	.2660272	0
727.15	0	.5191195	.2148829	.2659975	0
726.15	0	.5190678	.2149643	.2659679	0
725.15	0	.5190166	.2150451	.2659383	0
724.15	0	.5189659	.2151254	.2659087	0
723.15	0	.5189157	.2152052	.2658791	0
722.15	0	.518866	.2152845	.2658496	0
721.15	0	.5188168	.2153633	.26582	0
720.15	0	.518768	.2154416	.2657904	0
719.15	0	.5187197	.2155195	.2657608	0
718.15	0	.5186718	.215597	.2657312	0
717.15	0	.5186243	.2156741	.2657016	0
716.15	0	.5185771	.2157508	.265672	0
715.15	0	.5185304	.2158272	.2656425	0
714.15	0	.518484	.2159032	.2656128	0
713.15	0	.518438	.2159788	.2655832	0
712.15	0	.5183922	.2160541	.2655536	0
711.15	0	.5183469	.2161292	.265524	0
710.15	0	.5183018	.2162039	.2654943	0
709.15	0	.518257	.2162783	.2654647	0
708.15	0	.5182125	.2163525	.265435	0
707.15	0	.5181682	.2164264	.2654053	0
706.15	0	.5181243	.2165001	.2653756	0
705.15	0	.5180806	.2165735	.2653459	0
704.15	0	.5180371	.2166467	.2653162	0
703.15	0	.5179938	.2167197	.2652864	0
702.15	0	.5179508	.2167925	.2652566	0
701.15	0	.517908	.2168651	.2652269	0
700.15	0	.5178654	.2169375	.2651971	0
699.15	0	.517823	.2170097	.2651672	0
698.15	0	.5177808	.2170818	.2651374	0
697.15	0	.5177388	.2171537	.2651075	0
696.15	0	.517697	.2172254	.2650776	0
695.15	0	.5176553	.217297	.2650477	0
694.15	0	.5176138	.2173684	.2650178	0
693.15	0	.5175724	.2174397	.2649879	0
692.15	0	.5175312	.2175109	.2649579	0
691.15	0	.5174901	.217582	.2649279	0
690.15	0	.5174492	.2176529	.2648979	0
689.15	0	.5174084	.2177237	.2648678	0
688.15	0	.5173677	.2177945	.2648378	0
687.15	0	.5173272	.2178651	.2648077	0
686.15	0	.5172868	.2179356	.2647776	0
685.15	0	.5172465	.2180061	.2647474	0
684.15	0	.5172063	.2180765	.2647173	0
683.15	0	.5171662	.2181467	.2646871	0
682.15	0	.5171262	.2182169	.2646569	0
681.15	0	.5170863	.2182871	.2646267	0
680.15	0	.5170464	.2183572	.2645964	0
679.15	0	.5170067	.2184272	.2645661	0
678.15	0	.5169671	.2184971	.2645358	0
677.15	0	.5169275	.218567	.2645055	0
676.15	0	.5168881	.2186368	.2644751	0
675.15	0	.5168486	.2187066	.2644448	0
674.15	0	.5168093	.2187763	.2644144	0
673.15	0	.51677	.218846	.2643839	0
672.15	0	.5167308	.2189157	.2643535	0
671.15	0	.5166917	.2189853	.264323	0
670.15	0	.5166526	.2190549	.2642925	0
669.15	0	.5166136	.2191244	.264262	0
668.15	0	.5165747	.2191939	.2642314	0
667.15	0	.5165357	.2192634	.2642009	0
666.15	0	.5164969	.2193328	.2641703	0
665.15	0	.5164581	.2194023	.2641397	0
664.15	0	.5164193	.2194717	.264109	0
663.15	0	.5163806	.219541	.2640784	0
662.15	0	.5163419	.2196104	.2640477	0
661.15	0	.5163033	.2196797	.264017	0
660.15	0	.5162647	.2197491	.2639862	0
659.15	0	.5162262	.2198183	.2639555	0
658.15	0	.5161876	.2198876	.2639247	0
657.15	0	.5161492	.2199569	.2638939	0
656.15	0	.5161107	.2200262	.2638631	0
655.15	0	.5160723	.2200954	.2638323	0
654.15	0	.5160339	.2201646	.2638014	0
653.15	0	.5159956	.2202339	.2637705	0
652.15	0	.5159573	.2203031	.2637396	0
651.15	0	.515919	.2203723	.2637087	0
650.15	0	.5158807	.2204415	.2636778	0
649.15	0	.5158425	.2205107	.2636468	0
648.15	0	.5158043	.2205799	.2636159	0
647.15	0	.5157661	.2206491	.2635849	0
646.15	0	.5157279	.2207182	.2635539	0
645.15	0	.5156898	.2207874	.2635229	0
644.15	0	.5156517	.2208566	.2634918	0
643.15	0	.5156136	.2209257	.2634607	0
642.15	0	.5155755	.2209949	.2634297	0
641.15	0	.5155374	.221064	.2633986	0
640.15	0	.5154994	.2211332	.2633675	0
639.15	0	.5154614	.2212023	.2633363	0
638.15	0	.5154234	.2212714	.2633052	0
637.15	0	.5153854	.2213406	.2632741	0
636.15	0	.5153474	.2214097	.2632429	0
635.15	0	.5153095	.2214788	.2632117	0
634.15	0	.5152715	.2215479	.2631805	0
633.15	0	.5152336	.2216171	.2631493	0
632.15	0	.5151957	.2216862	.2631181	0
631.15	0	.5151579	.2217553	.2630869	0
630.15	0	.51512	.2218244	.2630556	0
629.15	0	.5150822	.2218935	.2630244	0
628.15	0	.5150443	.2219626	.2629931	0
627.15	0	.5150065	.2220317	.2629618	0
626.15	0	.5149687	.2221007	.2629306	0
625.15	0	.5149309	.2221698	.2628993	0
624.15	0	.5148932	.2222389	.262868	0
623.15	0	.5148554	.222308	.2628367	0
622.15	0	.5148177	.222377	.2628053	0
621.15	0	.5147799	.2224461	.262774	0
620.15	0	.5147422	.2225151	.2627427	0
619.15	0	.5147046	.2225841	.2627113	0
618.15	0	.5146669	.2226531	.26268	0
617.15	0	.5146292	.2227221	.2626486	0
616.15	0	.5145916	.2227911	.2626173	0
615.15	0	.5145539	.2228601	.2625859	0
614.15	0	.5145163	.2229291	.2625546	0
613.15	0	.5144787	.2229981	.2625232	0
612.15	0	.5144411	.223067	.2624919	0
611.15	0	.5144036	.2231359	.2624605	0
610.15	0	.514366	.2232049	.2624291	0
609.15	0	.5143285	.2232738	.2623977	0
608.15	0	.514291	.2233427	.2623664	0
607.15	0	.5142535	.2234115	.262335	0
606.15	0	.514216	.2234804	.2623036	0
605.15	0	.5141785	.2235492	.2622722	0
604.15	0	.5141411	.223618	.2622409	0
603.15	0	.5141037	.2236868	.2622095	0
602.15	0	.5140663	.2237556	.2621781	0
601.15	0	.5140289	.2238244	.2621468	0
600.15	0	.5139915	.2238931	.2621154	0
599.15	0	.5139541	.2239618	.2620841	0
598.15	0	.5139168	.2240305	.2620527	0
597.15	0	.5138795	.2240991	.2620214	0
596.15	0	.5138422	.2241678	.26199	0
595.15	0	.5138049	.2242364	.2619587	0
594.15	0	.5137677	.224305	.2619274	0
593.15	0	.5137305	.2243735	.261896	0
592.15	0	.5136933	.224442	.2618647	0
591.15	0	.5136561	.2245105	.2618334	0
590.15	0	.5136189	.224579	.2618021	0
589.15	0	.5135818	.2246474	.2617708	0
588.15	0	.5135446	.2247158	.2617395	0
587.15	0	.5135076	.2247842	.2617083	0
586.15	0	.5134705	.2248525	.261677	0
585.15	0	.5134334	.2249208	.2616458	0
584.15	0	.5133964	.224989	.2616146	0
583.15	0	.5133594	.2250572	.2615833	0
582.15	0	.5133224	.2251254	.2615521	0
581.15	0	.5132855	.2251936	.2615209	0
580.15	0	.5132486	.2252617	.2614898	0
579.15	0	.5132117	.2253297	.2614586	0
578.15	0	.5131748	.2253977	.2614275	0
577.15	0	.513138	.2254657	.2613963	0
576.15	0	.5131012	.2255336	.2613652	0
575.15	0	.5130644	.2256015	.2613341	0
574.15	0	.5130277	.2256693	.261303	0
573.15	0	.5129909	.2257371	.261272	0
572.15	0	.5129543	.2258048	.261241	0
571.15	0	.5129176	.2258725	.2612099	0
570.15	0	.512881	.2259401	.2611789	0
569.15	0	.5128444	.2260077	.2611479	0
568.15	0	.5128078	.2260752	.261117	0
567.15	0	.5127713	.2261427	.2610861	0
566.15	0	.5127348	.2262101	.2610551	0
565.15	0	.5126983	.2262774	.2610243	0
564.15	0	.5126619	.2263447	.2609934	0
563.15	0	.5126255	.226412	.2609625	0
562.15	0	.5125891	.2264792	.2609317	0
561.15	0	.5125528	.2265463	.2609009	0
560.15	0	.5125165	.2266134	.2608702	0
559.15	0	.5124802	.2266804	.2608394	0
558.15	0	.512444	.2267473	.2608087	0
557.15	0	.5124078	.2268142	.260778	0
556.15	0	.5123717	.226881	.2607474	0
555.15	0	.5123356	.2269477	.2607167	0
554.15	0	.5122995	.2270144	.2606861	0
553.15	0	.5122635	.227081	.2606556	0
552.15	0	.5122275	.2271475	.260625	0
551.15	0	.5121916	.2272139	.2605945	0
550.15	0	.5121556	.2272803	.260564	0
549.15	0	.5121198	.2273466	.2605336	0
548.15	0	.5120839	.2274129	.2605032	0
547.15	0	.5120482	.227479	.2604728	0
546.15	0	.5120124	.2275451	.2604425	0
545.15	0	.5119767	.2276111	.2604122	0
544.15	0	.5119411	.2276771	.2603819	0
543.15	0	.5119055	.2277429	.2603516	0
542.15	0	.5118699	.2278087	.2603214	0
541.15	0	.5118344	.2278744	.2602913	0
540.15	0	.5117989	.22794	.2602611	0
539.15	0	.5117635	.2280055	.2602311	0
538.15	0	.5117281	.2280709	.260201	0
537.15	0	.5116928	.2281363	.260171	0
536.15	0	.5116575	.2282015	.260141	0
535.15	0	.5116222	.2282667	.2601111	0
534.15	0	.511587	.2283318	.2600812	0
533.15	0	.5115519	.2283968	.2600514	0
532.15	0	.5115168	.2284617	.2600215	0
531.15	0	.5114818	.2285265	.2599918	0
530.15	0	.5114468	.2285912	.2599621	0
529.15	0	.5114118	.2286558	.2599324	0
528.15	0	.5113769	.2287203	.2599027	0
527.15	0	.5113421	.2287848	.2598731	0
526.15	0	.5113073	.2288491	.2598436	0
525.15	0	.5112726	.2289133	.2598141	0
524.15	0	.5112379	.2289775	.2597847	0
523.15	0	.5112032	.2290415	.2597552	0
522.15	0	.5111687	.2291054	.2597259	0
521.15	0	.5111342	.2291693	.2596966	0
520.15	0	.5110997	.229233	.2596673	0
519.15	0	.5110653	.2292966	.2596381	0
518.15	0	.5110309	.2293601	.259609	0
517.15	0	.5109966	.2294235	.2595798	0
516.15	0	.5109624	.2294868	.2595508	0
515.15	0	.5109282	.22955	.2595218	0
514.15	0	.5108941	.2296131	.2594928	0
513.15	0	.51086	.2296761	.2594639	0
512.15	0	.510826	.2297389	.2594351	0
511.15	0	.5107921	.2298017	.2594063	0
510.15	0	.5107582	.2298643	.2593775	0
509.15	0	.5107245	.2299268	.2593487	0
508.15	0	.5106907	.2299892	.2593201	0
507.15	0	.510657	.2300515	.2592915	0
506.15	0	.5106234	.2301137	.259263	0
505.15	0	.5105898	.2301757	.2592345	0
504.15	0	.5105562	.2302376	.2592061	0
503.15	0	.5105228	.2302994	.2591778	0
502.15	0	.5104894	.2303611	.2591495	0
501.15	0	.5104561	.2304227	.2591213	0
500.15	0	.5104228	.2304841	.2590931	0
499.15	0	.5103896	.2305454	.259065	0
498.15	0	.5103565	.2306066	.2590369	0
497.15	0	.5103234	.2306677	.2590089	0
496.15	0	.5102904	.2307286	.258981	0
495.15	0	.5102574	.2307894	.2589532	0
494.15	0	.5102246	.2308501	.2589253	0
493.15	0	.5101918	.2309106	.2588976	0
492.15	0	.510159	.2309711	.2588699	0
491.15	0	.5101263	.2310313	.2588423	0
490.15	0	.5100937	.2310915	.2588148	0
489.15	0	.5100612	.2311515	.2587873	0
488.15	0	.5100287	.2312114	.2587599	0
487.15	0	.5099963	.2312711	.2587326	0
486.15	0	.509964	.2313307	.2587053	0
485.15	0	.5099317	.2313902	.2586781	0
484.15	0	.5098995	.2314495	.2586509	0
483.15	0	.5098674	.2315087	.2586238	0
482.15	0	.5098354	.2315678	.2585968	0
481.15	0	.5098034	.2316267	.2585699	0
480.15	0	.5097715	.2316855	.258543	0
479.15	0	.5097397	.2317441	.2585162	0
478.15	0	.5097079	.2318026	.2584895	0
477.15	0	.5096762	.2318609	.2584629	0
476.15	0	.5096446	.2319191	.2584363	0
475.15	0	.5096131	.2319771	.2584098	0
474.15	0	.5095816	.232035	.2583834	0
473.15	0	.5095502	.2320928	.258357	0
472.15	0	.5095189	.2321504	.2583307	0
471.15	0	.5094877	.2322078	.2583045	0
470.15	0	.5094565	.2322651	.2582784	0
469.15	0	.5094254	.2323223	.2582523	0
468.15	0	.5093944	.2323793	.2582263	0
467.15	0	.5093635	.2324361	.2582004	0
466.15	0	.5093326	.2324928	.2581746	0
465.15	0	.5093018	.2325494	.2581488	0
464.15	0	.5092711	.2326057	.2581231	0
463.15	0	.5092405	.232662	.2580975	0
462.15	0	.50921	.232718	.258072	0
461.15	0	.5091795	.2327739	.2580466	0
460.15	0	.5091491	.2328297	.2580212	0
459.15	0	.5091188	.2328853	.2579959	0
458.15	0	.5090885	.2329407	.2579707	0
457.15	0	.5090584	.232996	.2579456	0
456.15	0	.5090283	.2330511	.2579206	0
455.15	0	.5089983	.233106	.2578956	0
454.15	0	.5089684	.2331608	.2578708	0
453.15	0	.5089386	.2332155	.257846	0
452.15	0	.5089088	.2332699	.2578213	0
451.15	0	.5088792	.2333242	.2577967	0
450.15	0	.5088496	.2333783	.2577721	0
449.15	0	.5088201	.2334322	.2577477	0
448.15	0	.5087907	.233486	.2577233	0
447.15	0	.5087614	.2335395	.2576991	0
446.15	0	.5087322	.2335929	.2576749	0
445.15	0	.5087031	.2336461	.2576508	0
444.15	0	.5086741	.2336991	.2576268	0
443.15	0	.5086451	.2337519	.2576029	0
442.15	0	.5086163	.2338045	.2575791	0
441.15	0	.5085876	.233857	.2575554	0
440.15	0	.508559	.2339092	.2575318	0
439.15	0	.5085305	.2339612	.2575083	0
438.15	0	.5085021	.234013	.2574849	0
437.15	0	.5084739	.2340645	.2574616	0
436.15	0	.5084457	.2341159	.2574384	0
435.15	0	.5084177	.234167	.2574153	0
434.15	0	.5083897	.2342179	.2573923	0
433.15	0	.5083619	.2342686	.2573695	0
432.15	0	.5083342	.2343191	.2573467	0
431.15	0	.5083067	.2343693	.257324	0
430.15	0	.5082793	.2344193	.2573015	0
429.15	0	.508252	.234469	.257279	0
428.15	0	.5082248	.2345185	.2572567	0
427.15	0	.5081977	.2345678	.2572345	0
426.15	0	.5081708	.2346168	.2572124	0
425.15	0	.508144	.2346656	.2571904	0
424.15	0	.5081174	.2347141	.2571685	0
423.15	0	.5080908	.2347624	.2571468	0
422.15	0	.5080644	.2348105	.2571251	0
421.15	0	.5080381	.2348583	.2571036	0
420.15	0	.508012	.2349058	.2570822	0
419.15	0	.507986	.2349531	.2570609	0
418.15	0	.5079601	.2350001	.2570397	0
417.15	0	.5079344	.2350469	.2570187	0
416.15	0	.5079088	.2350935	.2569977	0
415.15	0	.5078833	.2351398	.2569769	0
414.15	0	.507858	.2351858	.2569562	0
413.15	0	.5078328	.2352316	.2569356	0
412.15	0	.5078077	.2352771	.2569151	0
411.15	0	.5077828	.2353224	.2568948	0
410.15	0	.507758	.2353674	.2568746	0
409.15	0	.5077333	.2354122	.2568545	0
