T	 BPW(LIQUID)	BPW(BCC_A2)	BPW(FCC_A1)	BPW(LAVES_PHASE_C14)	BPW(NI3TI)
1473.15	.4789545	.5210455	0	0	0
1472.15	.4753011	.5246989	0	0	0
1471.15	.4716711	.5283289	0	0	0
1470.15	.4680646	.5319354	0	0	0
1469.15	.4644814	.5355186	0	0	0
1468.669	.4627663	.5372337	0	0	0
1468.669	.4627663	.5372337	0	0	0
1468.669	.4627663	.5372337	0	0	0
1468.15	.4591285	.5396326	0	.001238897	0
1467.15	.4522135	.5441892	0	.003597296	0
1466.15	.4454189	.5486619	0	.005919234	0
1465.15	.4387414	.5530529	0	.008205666	0
1464.15	.4321782	.5573643	0	.01045752	0
1463.15	.4257264	.5615979	0	.01267568	0
1462.15	.4193832	.5657558	0	.01486101	0
1461.15	.4131459	.5698398	0	.01701436	0
1460.15	.4070118	.5738517	0	.01913652	0
1459.15	.4009785	.5777932	0	.02122828	0
1458.15	.3950436	.581666	0	.02329039	0
1457.15	.3892046	.5854718	0	.02532359	0
1456.15	.3834593	.5892121	0	.02732859	0
1455.15	.3778054	.5928885	0	.02930607	0
1454.15	.3722409	.5965024	0	.03125669	0
1453.15	.3667635	.6000554	0	.03318111	0
1452.15	.3613713	.6035488	0	.03507995	0
1451.15	.3560623	.6069839	0	.03695381	0
1450.15	.3508346	.6103621	0	.03880328	0
1449.15	.3456863	.6136847	0	.04062893	0
1448.15	.3406157	.6169529	0	.04243131	0
1447.15	.3356211	.620168	0	.04421096	0
1446.15	.3307006	.623331	0	.04596841	0
1445.15	.3258527	.6264432	0	.04770414	0
1444.15	.3210758	.6295056	0	.04941866	0
1443.15	.3163683	.6325193	0	.05111244	0
1442.15	.3117287	.6354854	0	.05278594	0
1441.15	.3071555	.6384049	0	.05443962	0
1440.15	.3026474	.6412787	0	.0560739	0
1439.15	.2982029	.6441079	0	.05768922	0
1438.15	.2938207	.6468934	0	.05928598	0
1437.15	.2894994	.649636	0	.06086458	0
1436.15	.2852378	.6523367	0	.06242542	0
1435.15	.2810347	.6549964	0	.06396888	0
1434.15	.2768889	.6576158	0	.06549531	0
1433.15	.272799	.6601959	0	.06700509	0
1432.15	.2687642	.6627373	0	.06849855	0
1431.15	.2647831	.6652409	0	.06997604	0
1430.15	.2608547	.6677074	0	.0714379	0
1429.15	.256978	.6701376	0	.07288443	0
1428.15	.2531519	.6725321	0	.07431595	0
1427.15	.2493754	.6748918	0	.07573277	0
1426.15	.2456476	.6772172	0	.07713519	0
1425.15	.2419675	.679509	0	.07852349	0
1424.15	.2383341	.6817679	0	.07989796	0
1423.15	.2347466	.6839945	0	.08125886	0
1422.15	.231204	.6861895	0	.08260648	0
1421.15	.2277056	.6883534	0	.08394106	0
1420.15	.2242504	.6904868	0	.08526286	0
1419.15	.2208376	.6925902	0	.08657213	0
1418.15	.2174665	.6946644	0	.08786911	0
1417.15	.2141363	.6967097	0	.08915404	0
1416.15	.2108461	.6987267	0	.09042715	0
1415.15	.2075953	.700716	0	.09168865	0
1414.15	.2043832	.7026781	0	.09293878	0
1413.15	.2012089	.7046134	0	.09417773	0
1412.15	.1980719	.7065224	0	.09540573	0
1411.15	.1949714	.7084057	0	.09662297	0
1410.15	.1919068	.7102636	0	.09782965	0
1409.15	.1888774	.7120966	0	.09902596	0
1408.15	.1858827	.7139053	0	.1002121	0
1407.15	.1829219	.7156899	0	.1013883	0
1406.15	.1799945	.7174509	0	.1025546	0
1405.15	.1770999	.7191888	0	.1037113	0
1404.15	.1742376	.7209039	0	.1048585	0
1403.15	.1714069	.7225967	0	.1059965	0
1402.15	.1686073	.7242674	0	.1071253	0
1401.15	.1658383	.7259166	0	.1082451	0
1400.15	.1630994	.7275445	0	.1093561	0
1399.15	.16039	.7291516	0	.1104585	0
1398.15	.1577096	.7307381	0	.1115523	0
1397.15	.1550577	.7323045	0	.1126378	0
1396.15	.1524339	.733851	0	.1137151	0
1395.15	.1498377	.735378	0	.1147842	0
1394.15	.1472687	.7368859	0	.1158455	0
1393.15	.1447263	.7383749	0	.1168989	0
1392.15	.1422101	.7398453	0	.1179446	0
1391.15	.1397197	.7412975	0	.1189828	0
1390.15	.1372547	.7427317	0	.1200136	0
1389.15	.1348147	.7441483	0	.121037	0
1388.15	.1323992	.7455475	0	.1220533	0
1387.15	.1300079	.7469297	0	.1230625	0
1386.15	.1276403	.748295	0	.1240647	0
1385.15	.1252962	.7496437	0	.1250601	0
1384.15	.122975	.7509762	0	.1260488	0
1383.15	.1206765	.7522927	0	.1270308	0
1382.15	.1184003	.7535934	0	.1280063	0
1381.15	.116146	.7548785	0	.1289754	0
1380.15	.1139133	.7561484	0	.1299383	0
1379.15	.1117019	.7574033	0	.1308948	0
1378.15	.1095114	.7586433	0	.1318453	0
1377.15	.1073415	.7598688	0	.1327898	0
1376.15	.1051919	.7610799	0	.1337283	0
1375.15	.1030622	.7622768	0	.134661	0
1374.15	.1009522	.7634599	0	.1355879	0
1373.15	.09886157	.7646293	0	.1365092	0
1372.15	.09679002	.7657851	0	.1374249	0
1371.15	.09473724	.7669277	0	.1383351	0
1370.15	.09270296	.7680572	0	.1392399	0
1369.15	.09068691	.7691737	0	.1401394	0
1368.15	.0886888	.7702776	0	.1410336	0
1367.15	.08670837	.771369	0	.1419227	0
1366.15	.08474537	.772448	0	.1428066	0
1365.15	.08279953	.7735149	0	.1436856	0
1364.15	.0808706	.7745698	0	.1445596	0
1363.15	.07895832	.775613	0	.1454287	0
1362.15	.07706247	.7766445	0	.146293	0
1361.15	.0751828	.7776646	0	.1471526	0
1360.15	.07331908	.7786734	0	.1480076	0
1359.15	.07147107	.779671	0	.1488579	0
1358.15	.06963855	.7806578	0	.1497037	0
1357.15	.06782129	.7816337	0	.150545	0
1356.15	.06601909	.7825989	0	.151382	0
1355.15	.06423172	.7835537	0	.1522146	0
1354.15	.06245898	.7844982	0	.1530429	0
1353.15	.06070066	.7854324	0	.1538669	0
1352.15	.05895655	.7863566	0	.1546868	0
1351.15	.05722646	.7872709	0	.1555026	0
1350.15	.05551019	.7881754	0	.1563144	0
1349.15	.05380755	.7890703	0	.1571221	0
1348.15	.05211835	.7899557	0	.157926	0
1347.15	.0504424	.7908317	0	.1587259	0
1346.15	.04877952	.7916985	0	.159522	0
1345.15	.04712953	.7925562	0	.1603143	0
1344.15	.04549226	.7934049	0	.1611029	0
1343.15	.04386753	.7942447	0	.1618877	0
1342.15	.04225517	.7950758	0	.162669	0
1341.15	.04065501	.7958983	0	.1634467	0
1340.15	.03906689	.7967123	0	.1642208	0
1339.15	.03749064	.7975179	0	.1649914	0
1338.15	.03592611	.7983153	0	.1657586	0
1337.15	.03437314	.7991045	0	.1665224	0
1336.15	.03283158	.7998856	0	.1672828	0
1335.15	.03130127	.8006588	0	.1680399	0
1334.475	.03027403	.8011765	0	.1685494	0
1334.475	.03027403	.8011765	0	.1685494	0
1334.475	.03027403	.8011765	0	.1685494	0
1334.15	.02777727	.7999483	.003209455	.1690649	0
1333.15	.02010025	.7962149	.01304343	.1706414	0
1332.15	.01244415	.7925563	.02279888	.1722007	0
1331.15	.004808311	.7889717	.03247702	.173743	0
1330.519	0	.7867473	.038545	.1747076	0
1330.519	0	.7867473	.038545	.1747076	0
1330.15	0	.7861487	.03895963	.1748917	0
1329.15	0	.7845292	.04008134	.1753894	0
1328.15	0	.7829142	.04120006	.1758857	0
1327.15	0	.7813037	.0423158	.1763805	0
1326.15	0	.7796975	.04342857	.1768739	0
1325.15	0	.7780958	.04453838	.1773658	0
1324.15	0	.7764985	.04564523	.1778563	0
1323.15	0	.7749055	.04674913	.1783454	0
1322.15	0	.7733169	.04785008	.178833	0
1321.15	0	.7717327	.0489481	.1793192	0
1320.15	0	.7701528	.05004319	.179804	0
1319.15	0	.7685773	.05113535	.1802873	0
1318.15	0	.7670061	.05222459	.1807693	0
1317.15	0	.7654392	.05331092	.1812499	0
1316.15	0	.7638766	.05439434	.1817291	0
1315.15	0	.7623183	.05547487	.1822068	0
1314.15	0	.7607643	.0565525	.1826832	0
1313.15	0	.7592145	.05762724	.1831583	0
1312.15	0	.757669	.0586991	.1836319	0
1311.15	0	.7561277	.05976808	.1841042	0
1310.15	0	.7545906	.06083419	.1845752	0
1309.15	0	.7530578	.06189744	.1850448	0
1308.15	0	.7515292	.06295783	.185513	0
1307.15	0	.7500047	.06401537	.1859799	0
1306.15	0	.7484845	.06507006	.1864454	0
1305.15	0	.7469684	.06612191	.1869097	0
1304.15	0	.7454565	.06717092	.1873726	0
1303.15	0	.7439488	.0682171	.1878342	0
1302.15	0	.7424451	.06926045	.1882944	0
1301.15	0	.7409456	.07030099	.1887534	0
1300.15	0	.7394503	.07133871	.189211	0
1299.15	0	.737959	.07237362	.1896674	0
1298.15	0	.7364718	.07340573	.1901225	0
1297.15	0	.7349887	.07443503	.1905762	0
1296.15	0	.7335097	.07546155	.1910287	0
1295.15	0	.7320348	.07648527	.1914799	0
1294.15	0	.7305639	.07750621	.1919299	0
1293.15	0	.7290971	.07852438	.1923786	0
1292.15	0	.7276343	.07953976	.192826	0
1291.15	0	.7261755	.08055238	.1932721	0
1290.15	0	.7247207	.08156224	.193717	0
1289.15	0	.72327	.08256933	.1941607	0
1288.15	0	.7218232	.08357367	.1946031	0
1287.15	0	.7203805	.08457526	.1950443	0
1286.15	0	.7189417	.08557411	.1954842	0
1285.15	0	.7175069	.08657021	.1959229	0
1284.15	0	.716076	.08756358	.1963604	0
1283.15	0	.7146491	.08855422	.1967967	0
1282.15	0	.7132261	.08954212	.1972318	0
1281.15	0	.711807	.09052731	.1976656	0
1280.15	0	.7103919	.09150977	.1980983	0
1279.15	0	.7089807	.09248952	.1985298	0
1278.15	0	.7075734	.09346656	.19896	0
1277.15	0	.70617	.09444089	.1993891	0
1276.15	0	.7047705	.09541252	.199817	0
1275.15	0	.7033748	.09638146	.2002437	0
1274.15	0	.7019831	.09734769	.2006693	0
1273.15	0	.7005951	.09831124	.2010936	0
1272.15	0	.6992111	.0992721	.2015168	0
1271.15	0	.6978308	.1002303	.2019389	0
1270.15	0	.6964545	.1011858	.2023598	0
1269.15	0	.6950819	.1021386	.2027795	0
1268.15	0	.6937132	.1030888	.2031981	0
1267.15	0	.6923482	.1040362	.2036155	0
1266.15	0	.6909871	.1049811	.2040319	0
1265.15	0	.6896298	.1059232	.204447	0
1264.15	0	.6882762	.1068627	.2048611	0
1263.15	0	.6869264	.1077996	.205274	0
1262.15	0	.6855804	.1087338	.2056858	0
1261.15	0	.6842382	.1096653	.2060965	0
1260.15	0	.6828997	.1105942	.2065061	0
1259.15	0	.681565	.1115205	.2069145	0
1258.15	0	.680234	.1124441	.2073219	0
1257.15	0	.6789067	.1133651	.2077281	0
1256.15	0	.6775832	.1142835	.2081333	0
1255.15	0	.6762634	.1151992	.2085374	0
1254.15	0	.6749473	.1161123	.2089404	0
1253.15	0	.6736349	.1170228	.2093423	0
1252.15	0	.6723262	.1179307	.2097431	0
1251.15	0	.6710212	.118836	.2101429	0
1250.15	0	.6697199	.1197386	.2105415	0
1249.15	0	.6684222	.1206386	.2109392	0
1248.15	0	.6671282	.1215361	.2113357	0
1247.15	0	.6658379	.1224309	.2117312	0
1246.15	0	.6645513	.1233231	.2121257	0
1245.15	0	.6632682	.1242127	.2125191	0
1244.15	0	.6619889	.1250997	.2129114	0
1243.15	0	.6607132	.1259841	.2133027	0
1242.15	0	.6594411	.126866	.213693	0
1241.15	0	.6581726	.1277452	.2140822	0
1240.15	0	.6569077	.1286218	.2144704	0
1239.15	0	.6556465	.1294959	.2148576	0
1238.15	0	.6543889	.1303674	.2152438	0
1237.15	0	.6531348	.1312363	.2156289	0
1236.15	0	.6518844	.1321026	.216013	0
1235.15	0	.6506376	.1329663	.2163961	0
1234.15	0	.6493943	.1338275	.2167782	0
1233.15	0	.6481546	.1346861	.2171593	0
1232.15	0	.6469185	.1355421	.2175394	0
1231.15	0	.645686	.1363956	.2179185	0
1230.15	0	.644457	.1372464	.2182966	0
1229.15	0	.6432315	.1380948	.2186737	0
1228.15	0	.6420096	.1389405	.2190498	0
1227.15	0	.6407913	.1397837	.219425	0
1226.15	0	.6395765	.1406243	.2197992	0
1225.15	0	.6383653	.1414624	.2201723	0
1224.15	0	.6371575	.1422979	.2205446	0
1223.15	0	.6359533	.1431309	.2209158	0
1222.15	0	.6347527	.1439613	.2212861	0
1221.15	0	.6335555	.1447891	.2216554	0
1220.15	0	.6323618	.1456144	.2220238	0
1219.15	0	.6311717	.1464371	.2223912	0
1218.15	0	.629985	.1472573	.2227577	0
1217.15	0	.6288018	.148075	.2231232	0
1216.15	0	.6276222	.14889	.2234878	0
1215.15	0	.626446	.1497026	.2238514	0
1214.15	0	.6252733	.1505126	.2242141	0
1213.15	0	.6241041	.1513201	.2245759	0
1212.15	0	.6229384	.152125	.2249367	0
1211.15	0	.6217761	.1529273	.2252966	0
1210.15	0	.6206173	.1537272	.2256556	0
1209.15	0	.6194619	.1545244	.2260136	0
1208.15	0	.6183101	.1553192	.2263708	0
1207.15	0	.6171616	.1561114	.226727	0
1206.15	0	.6160167	.156901	.2270823	0
1205.15	0	.6148751	.1576882	.2274367	0
1204.15	0	.613737	.1584728	.2277902	0
1203.15	0	.6126024	.1592548	.2281428	0
1202.15	0	.6114712	.1600343	.2284945	0
1201.15	0	.6103434	.1608113	.2288453	0
1200.15	0	.6092191	.1615857	.2291952	0
1199.15	0	.6080981	.1623576	.2295443	0
1198.15	0	.6069806	.163127	.2298924	0
1197.15	0	.6058666	.1638938	.2302397	0
1196.15	0	.6047559	.1646581	.230586	0
1195.15	0	.6036487	.1654198	.2309315	0
1194.15	0	.6025448	.166179	.2312761	0
1193.15	0	.6014444	.1669357	.2316199	0
1192.15	0	.6003474	.1676899	.2319628	0
1191.15	0	.5992537	.1684415	.2323048	0
1190.15	0	.5981635	.1691905	.2326459	0
1189.15	0	.5970767	.1699371	.2329863	0
1188.15	0	.5959933	.1706811	.2333257	0
1187.15	0	.5949132	.1714225	.2336643	0
1186.15	0	.5938366	.1721614	.234002	0
1185.15	0	.5927633	.1728978	.2343389	0
1184.15	0	.5916934	.1736316	.2346749	0
1183.15	0	.5906269	.1743629	.2350101	0
1182.15	0	.5895638	.1750917	.2353445	0
1181.15	0	.5885041	.1758179	.235678	0
1180.15	0	.5874477	.1765416	.2360107	0
1179.15	0	.5863947	.1772627	.2363426	0
1178.15	0	.5853451	.1779813	.2366736	0
1177.15	0	.5842989	.1786973	.2370038	0
1176.15	0	.583256	.1794108	.2373331	0
1175.15	0	.5822165	.1801218	.2376617	0
1174.15	0	.5811804	.1808302	.2379894	0
1173.15	0	.5801476	.181536	.2383164	0
1172.15	0	.5791182	.1822393	.2386425	0
1171.15	0	.5780922	.1829401	.2389678	0
1170.15	0	.5770695	.1836383	.2392923	0
1169.15	0	.5760501	.1843339	.239616	0
1168.15	0	.5750342	.185027	.2399388	0
1167.15	0	.5740216	.1857175	.2402609	0
1166.15	0	.5730123	.1864055	.2405822	0
1165.15	0	.5720064	.1870909	.2409027	0
1164.15	0	.5710039	.1877737	.2412224	0
1163.15	0	.5700047	.188454	.2415413	0
1162.15	0	.5690088	.1891318	.2418594	0
1161.15	0	.5680164	.1898069	.2421767	0
1160.15	0	.5670272	.1904795	.2424933	0
1159.15	0	.5660414	.1911495	.2428091	0
1158.15	0	.565059	.1918169	.2431241	0
1157.15	0	.5640799	.1924818	.2434383	0
1156.15	0	.5631042	.1931441	.2437517	0
1155.15	0	.5621318	.1938038	.2440644	0
1154.15	0	.5611628	.1944609	.2443763	0
1153.15	0	.5601971	.1951155	.2446874	0
1152.15	0	.5592348	.1957675	.2449978	0
1151.15	0	.5582758	.1964168	.2453074	0
1150.15	0	.5573202	.1970636	.2456163	0
1149.15	0	.5563679	.1977078	.2459244	0
1148.15	0	.5554189	.1983494	.2462317	0
1147.15	0	.5544734	.1989884	.2465383	0
1146.15	0	.5535311	.1996248	.2468441	0
1145.15	0	.5525923	.2002585	.2471492	0
1144.15	0	.5516568	.2008897	.2474535	0
1143.15	0	.5507246	.2015183	.2477571	0
1142.15	0	.5497958	.2021443	.24806	0
1141.15	0	.5488703	.2027676	.2483621	0
1140.15	0	.5479482	.2033883	.2486634	0
1139.15	0	.5470295	.2040064	.2489641	0
1138.15	0	.5461141	.2046219	.249264	0
1137.15	0	.5452021	.2052348	.2495631	0
1136.15	0	.5442934	.205845	.2498616	0
1135.15	0	.5433881	.2064526	.2501593	0
1134.15	0	.5424862	.2070575	.2504563	0
1133.15	0	.5415876	.2076599	.2507525	0
1132.15	0	.5406924	.2082595	.2510481	0
1131.15	0	.5398006	.2088566	.2513429	0
1130.15	0	.5389121	.2094509	.251637	0
1129.15	0	.538027	.2100426	.2519304	0
1128.15	0	.5371453	.2106317	.252223	0
1127.15	0	.5362669	.2112181	.252515	0
1126.15	0	.5353919	.2118018	.2528062	0
1125.15	0	.5345203	.2123829	.2530968	0
1124.15	0	.5336521	.2129613	.2533866	0
1123.15	0	.5327873	.213537	.2536757	0
1122.15	0	.5319258	.21411	.2539641	0
1121.15	0	.5310678	.2146803	.2542519	0
1120.15	0	.5302131	.215248	.2545389	0
1119.15	0	.5293618	.215813	.2548252	0
1118.15	0	.528514	.2163752	.2551108	0
1117.15	0	.5276695	.2169348	.2553958	0
1116.15	0	.5268284	.2174916	.25568	0
1115.15	0	.5259907	.2180457	.2559635	0
1114.15	0	.5251564	.2185972	.2562464	0
1113.15	0	.5243256	.2191459	.2565286	0
1112.15	0	.5234981	.2196918	.2568101	0
1111.15	0	.5226741	.2202351	.2570909	0
1110.15	0	.5218535	.2207756	.257371	0
1109.15	0	.5210363	.2213133	.2576504	0
1108.15	0	.5202225	.2218483	.2579291	0
1107.15	0	.5194122	.2223806	.2582072	0
1106.15	0	.5186053	.2229101	.2584846	0
1105.15	0	.5178018	.2234368	.2587613	0
1104.15	0	.5170018	.2239608	.2590374	0
1103.15	0	.5162052	.224482	.2593128	0
1102.15	0	.5154121	.2250005	.2595875	0
1101.15	0	.5146224	.2255161	.2598615	0
1100.15	0	.5138362	.226029	.2601349	0
1099.15	0	.5130534	.2265391	.2604075	0
1098.15	0	.5122741	.2270463	.2606796	0
1097.15	0	.5114983	.2275508	.260951	0
1096.15	0	.5107259	.2280524	.2612217	0
1095.15	0	.509957	.2285513	.2614917	0
1094.15	0	.5091916	.2290473	.2617611	0
1093.15	0	.5084297	.2295405	.2620298	0
1092.15	0	.5076713	.2300309	.2622979	0
1091.15	0	.5069164	.2305184	.2625653	0
1090.15	0	.5061649	.231003	.262832	0
1089.15	0	.505417	.2314849	.2630981	0
1088.15	0	.5046726	.2319638	.2633636	0
1087.15	0	.5039317	.2324399	.2636284	0
1086.15	0	.5031944	.2329131	.2638925	0
1085.15	0	.5024605	.2333835	.264156	0
1084.15	0	.5017302	.233851	.2644188	0
1083.15	0	.5010034	.2343155	.264681	0
1082.15	0	.5002802	.2347772	.2649426	0
1081.15	0	.4995605	.235236	.2652035	0
1080.15	0	.4988444	.2356919	.2654637	0
1079.15	0	.4981318	.2361448	.2657234	0
1078.15	0	.4974228	.2365948	.2659823	0
1077.15	0	.4967174	.2370419	.2662407	0
1076.15	0	.4960156	.2374861	.2664984	0
1075.15	0	.4953173	.2379273	.2667554	0
1074.15	0	.4946226	.2383656	.2670118	0
1073.15	0	.4939316	.2388008	.2672676	0
1072.15	0	.4932441	.2392332	.2675227	0
1071.15	0	.4925602	.2396625	.2677772	0
1070.15	0	.49188	.2400889	.2680311	0
1069.15	0	.4912033	.2405123	.2682843	0
1068.15	0	.4905304	.2409327	.2685369	0
1067.15	0	.489861	.2413501	.2687889	0
1066.15	0	.4891953	.2417645	.2690402	0
1065.15	0	.4885332	.2421759	.2692909	0
1064.15	0	.4878748	.2425842	.269541	0
1063.15	0	.4872201	.2429895	.2697904	0
1062.15	0	.486569	.2433918	.2700392	0
1061.15	0	.4859216	.243791	.2702874	0
1060.15	0	.4852779	.2441871	.270535	0
1059.15	0	.4846379	.2445802	.2707819	0
1058.15	0	.4840016	.2449703	.2710282	0
1057.15	0	.483369	.2453572	.2712738	0
1056.15	0	.4827401	.245741	.2715189	0
1055.15	0	.4821149	.2461218	.2717633	0
1054.15	0	.4814935	.2464994	.2720071	0
1053.15	0	.4808758	.246874	.2722502	0
1052.15	0	.4802618	.2472454	.2724928	0
1051.15	0	.4796517	.2476137	.2727347	0
1050.15	0	.4790452	.2479788	.272976	0
1049.15	0	.4784426	.2483408	.2732166	0
1048.15	0	.4778437	.2486996	.2734567	0
1047.15	0	.4772486	.2490553	.2736961	0
1046.15	0	.4766573	.2494078	.2739349	0
1045.15	0	.4760698	.2497571	.274173	0
1044.15	0	.4754862	.2501033	.2744106	0
1043.15	0	.4749063	.2504462	.2746475	0
1042.15	0	.4743303	.2507859	.2748838	0
1041.15	0	.4737581	.2511224	.2751194	0
1040.15	0	.4731898	.2514557	.2753545	0
1039.15	0	.4726253	.2517857	.2755889	0
1038.15	0	.4720647	.2521126	.2758227	0
1037.15	0	.471508	.2524361	.2760559	0
1036.15	0	.4709551	.2527564	.2762885	0
1035.15	0	.4704062	.2530734	.2765204	0
1034.15	0	.4698612	.2533872	.2767517	0
1033.15	0	.46932	.2536976	.2769824	0
1032.15	0	.4687828	.2540048	.2772124	0
1031.15	0	.4682495	.2543086	.2774419	0
1030.15	0	.4677202	.2546092	.2776707	0
1029.15	0	.4671948	.2549064	.2778989	0
1028.15	0	.4666734	.2552002	.2781264	0
1027.15	0	.4661559	.2554908	.2783533	0
1026.15	0	.4656424	.255778	.2785796	0
1025.15	0	.4651329	.2560618	.2788053	0
1024.15	0	.4646274	.2563422	.2790304	0
1023.15	0	.4641259	.2566193	.2792548	0
1022.15	0	.4636285	.256893	.2794786	0
1021.15	0	.463135	.2571633	.2797017	0
1020.15	0	.4626456	.2574301	.2799243	0
1019.15	0	.4621602	.2576936	.2801462	0
1018.15	0	.461679	.2579536	.2803674	0
1017.15	0	.4612017	.2582102	.2805881	0
1016.15	0	.4607286	.2584634	.2808081	0
1015.15	0	.4602595	.2587131	.2810274	0
1014.15	0	.4597945	.2589593	.2812462	0
1013.15	0	.4593337	.2592021	.2814643	0
1012.15	0	.4588769	.2594414	.2816817	0
1011.15	0	.4584243	.2596772	.2818985	0
1010.15	0	.4579758	.2599095	.2821147	0
1009.15	0	.4575315	.2601383	.2823303	0
1008.15	0	.4570913	.2603635	.2825451	0
1007.15	0	.4566553	.2605853	.2827594	0
1006.15	0	.4562235	.2608035	.282973	0
1005.15	0	.4557959	.2610182	.283186	0
1004.15	0	.4553724	.2612293	.2833983	0
1003.15	0	.4549532	.2614368	.2836099	0
1002.15	0	.4545382	.2616408	.283821	0
1001.15	0	.4541275	.2618412	.2840313	0
1000.15	0	.4537209	.262038	.284241	0
999.15	0	.4533187	.2622312	.2844501	0
998.15	0	.4529207	.2624208	.2846585	0
997.15	0	.4525269	.2626069	.2848662	0
996.15	0	.4521374	.2627892	.2850733	0
995.15	0	.4517523	.262968	.2852797	0
994.15	0	.4513714	.2631431	.2854855	0
993.15	0	.4509948	.2633146	.2856906	0
992.15	0	.4506226	.2634824	.285895	0
991.15	0	.4502547	.2636465	.2860988	0
990.15	0	.4498911	.263807	.2863018	0
989.15	0	.4495319	.2639639	.2865042	0
988.15	0	.4491771	.264117	.2867059	0
987.15	0	.4488266	.2642664	.286907	0
986.15	0	.4484805	.2644122	.2871074	0
985.15	0	.4481388	.2645542	.287307	0
984.15	0	.4478015	.2646925	.287506	0
983.15	0	.4474686	.2648271	.2877043	0
982.15	0	.4471401	.264958	.2879019	0
981.15	0	.446816	.2650851	.2880988	0
980.15	0	.4464964	.2652086	.2882951	0
979.15	0	.4461812	.2653282	.2884906	0
978.15	0	.4458705	.2654442	.2886854	0
977.15	0	.4455642	.2655563	.2888795	0
976.15	0	.4452624	.2656647	.2890729	0
975.15	0	.4449651	.2657694	.2892656	0
974.15	0	.4446722	.2658703	.2894575	0
973.15	0	.4443839	.2659674	.2896488	0
972.15	0	.4441	.2660607	.2898393	0
971.15	0	.4438207	.2661503	.2900291	0
970.15	0	.4435459	.266236	.2902181	0
969.15	0	.4432756	.266318	.2904064	0
968.15	0	.4430098	.2663962	.290594	0
967.15	0	.4427486	.2664706	.2907809	0
966.15	0	.4424919	.2665411	.290967	0
965.15	0	.4422397	.2666079	.2911523	0
964.15	0	.4419922	.2666709	.2913369	0
963.15	0	.4417491	.2667301	.2915207	0
962.15	0	.4415107	.2667855	.2917038	0
961.15	0	.4412768	.2668371	.2918861	0
960.15	0	.4410475	.2668849	.2920676	0
959.15	0	.4408228	.2669289	.2922484	0
958.15	0	.4406026	.266969	.2924284	0
957.15	0	.4403871	.2670054	.2926075	0
956.15	0	.4401761	.267038	.2927859	0
955.15	0	.4399697	.2670668	.2929635	0
954.15	0	.4397679	.2670918	.2931403	0
953.15	0	.4395708	.2671129	.2933163	0
952.15	0	.4393782	.2671304	.2934915	0
951.15	0	.4391902	.267144	.2936658	0
950.15	0	.4390069	.2671538	.2938393	0
949.15	0	.4388281	.2671599	.294012	0
948.15	0	.4386539	.2671622	.2941839	0
947.15	0	.4384844	.2671607	.2943549	0
946.15	0	.4383195	.2671555	.2945251	0
945.15	0	.4381591	.2671465	.2946944	0
944.15	0	.4380034	.2671338	.2948628	0
943.15	0	.4378522	.2671174	.2950304	0
942.15	0	.4377057	.2670972	.2951971	0
941.15	0	.4375637	.2670734	.2953629	0
940.15	0	.4374263	.2670458	.2955279	0
939.15	0	.4372935	.2670146	.2956919	0
938.15	0	.4371653	.2669796	.295855	0
937.15	0	.4370417	.2669411	.2960173	0
936.15	0	.4369226	.2668988	.2961786	0
935.15	0	.4368081	.266853	.2963389	0
934.15	0	.4366981	.2668035	.2964984	0
933.15	0	.4365927	.2667505	.2966569	0
932.15	0	.4364918	.2666938	.2968144	0
931.15	0	.4363954	.2666337	.296971	0
930.15	0	.4363035	.2665699	.2971266	0
929.15	0	.4362161	.2665027	.2972812	0
928.15	0	.4361332	.266432	.2974349	0
927.15	0	.4360547	.2663578	.2975875	0
926.15	0	.4359807	.2662801	.2977392	0
925.15	0	.4359111	.2661991	.2978898	0
924.15	0	.435846	.2661146	.2980394	0
923.15	0	.4357852	.2660268	.298188	0
922.15	0	.4357289	.2659357	.2983355	0
921.15	0	.4356768	.2658412	.2984819	0
920.15	0	.4356292	.2657435	.2986273	0
919.15	0	.4355858	.2656426	.2987716	0
918.15	0	.4355467	.2655385	.2989148	0
917.15	0	.4355119	.2654312	.2990569	0
916.15	0	.4354813	.2653207	.2991979	0
915.15	0	.435455	.2652072	.2993378	0
914.15	0	.4354328	.2650907	.2994765	0
913.15	0	.4354148	.2649711	.2996141	0
912.15	0	.4354009	.2648486	.2997505	0
911.15	0	.4353911	.2647233	.2998857	0
910.15	0	.4353853	.264595	.3000197	0
909.15	0	.4353836	.2644639	.3001525	0
908.15	0	.4353858	.2643301	.3002841	0
907.15	0	.4353919	.2641936	.3004145	0
906.15	0	.435402	.2640544	.3005436	0
905.15	0	.4354159	.2639127	.3006714	0
904.15	0	.4354336	.2637685	.3007979	0
903.15	0	.4354551	.2636217	.3009232	0
902.15	0	.4354802	.2634727	.3010471	0
901.15	0	.4355091	.2633212	.3011697	0
900.15	0	.4355415	.2631676	.3012909	0
899.15	0	.4355775	.2630117	.3014108	0
898.15	0	.435617	.2628537	.3015293	0
897.15	0	.4356599	.2626938	.3016463	0
896.15	0	.4357062	.2625318	.301762	0
895.15	0	.4357558	.2623681	.3018761	0
894.15	0	.4358087	.2622025	.3019889	0
893.15	0	.4358647	.2620353	.3021001	0
892.15	0	.4359238	.2618665	.3022098	0
891.15	0	.4359859	.2616962	.3023179	0
890.15	0	.436051	.2615245	.3024245	0
889.15	0	.4361189	.2613516	.3025295	0
888.15	0	.4361896	.2611774	.3026329	0
887.15	0	.436263	.2610023	.3027347	0
886.15	0	.436339	.2608262	.3028348	0
885.15	0	.4364176	.2606492	.3029332	0
884.15	0	.4364985	.2604716	.3030299	0
883.15	0	.4365817	.2602935	.3031248	0
882.15	0	.4366671	.2601149	.303218	0
881.15	0	.4367546	.259936	.3033093	0
880.15	0	.4368442	.259757	.3033988	0
879.15	0	.4369355	.2595781	.3034865	0
878.15	0	.4370286	.2593993	.3035722	0
877.15	0	.4371233	.2592208	.3036559	0
876.15	0	.4372194	.2590429	.3037377	0
875.15	0	.4373169	.2588657	.3038174	0
874.15	0	.4374156	.2586893	.3038951	0
873.15	0	.4375153	.2585141	.3039706	0
872.15	0	.4376159	.2583401	.304044	0
871.15	0	.4377172	.2581677	.3041152	0
870.15	0	.437819	.2579969	.3041841	0
869.15	0	.4379212	.2578281	.3042507	0
868.15	0	.4380235	.2576615	.304315	0
867.15	0	.4381258	.2574974	.3043768	0
866.15	0	.4382279	.257336	.3044361	0
865.15	0	.4383295	.2571776	.3044929	0
864.15	0	.4384304	.2570225	.3045471	0
863.15	0	.4385304	.256871	.3045986	0
862.15	0	.4386292	.2567234	.3046474	0
861.15	0	.4387266	.2565801	.3046933	0
860.15	0	.4388222	.2564415	.3047363	0
859.15	0	.4389158	.2563079	.3047763	0
858.15	0	.439007	.2561798	.3048132	0
857.15	0	.4390955	.2560575	.304847	0
856.15	0	.439181	.2559416	.3048773	0
855.15	0	.4392631	.2558326	.3049043	0
854.15	0	.4393413	.2557309	.3049278	0
853.15	0	.4394152	.2556372	.3049476	0
852.15	0	.4394844	.2555521	.3049635	0
851.15	0	.4395484	.2554762	.3049755	0
850.15	0	.4394777	.2555679	.3049544	0
849.15	0	.4392487	.2558582	.3048932	0
848.15	0	.4390587	.2561057	.3048355	0
847.15	0	.4389046	.2563142	.3047811	0
846.15	0	.4387835	.2564869	.3047296	0
845.15	0	.4386927	.2566267	.3046806	0
844.15	0	.4386299	.2567362	.3046339	0
843.15	0	.438593	.2568178	.3045892	0
842.15	0	.4385801	.2568736	.3045464	0
841.15	0	.4385893	.2569055	.3045052	0
840.15	0	.4386191	.2569154	.3044655	0
839.15	0	.438668	.2569049	.3044271	0
838.15	0	.4387345	.2568755	.3043899	0
837.15	0	.4388175	.2568287	.3043538	0
836.15	0	.4389157	.2567656	.3043187	0
835.15	0	.439028	.2566875	.3042845	0
834.15	0	.4391533	.2565956	.3042511	0
833.15	0	.4392909	.2564907	.3042184	0
832.15	0	.4394396	.256374	.3041864	0
831.15	0	.4395988	.2562463	.304155	0
830.15	0	.4397676	.2561083	.304124	0
829.15	0	.4399454	.255961	.3040936	0
828.15	0	.4401313	.255805	.3040637	0
827.15	0	.4403249	.255641	.3040341	0
826.15	0	.4405254	.2554697	.3040049	0
825.15	0	.4407324	.2552916	.303976	0
824.15	0	.4409453	.2551074	.3039473	0
823.15	0	.4411636	.2549174	.303919	0
822.15	0	.4413868	.2547223	.3038909	0
821.15	0	.4416145	.2545226	.303863	0
820.15	0	.4418463	.2543185	.3038352	0
819.15	0	.4420817	.2541106	.3038077	0
818.15	0	.4423205	.2538993	.3037802	0
817.15	0	.4425622	.2536848	.3037529	0
816.15	0	.4428066	.2534676	.3037258	0
815.15	0	.4430533	.253248	.3036987	0
814.15	0	.4433021	.2530262	.3036717	0
813.15	0	.4435527	.2528026	.3036448	0
812.15	0	.4438047	.2525774	.3036179	0
811.15	0	.4440581	.2523509	.3035911	0
810.15	0	.4443125	.2521233	.3035643	0
809.15	0	.4445677	.2518948	.3035375	0
808.15	0	.4448236	.2516656	.3035108	0
807.15	0	.4450799	.251436	.3034841	0
806.15	0	.4453364	.2512061	.3034574	0
805.15	0	.4455931	.2509762	.3034307	0
804.15	0	.4458497	.2507462	.3034041	0
803.15	0	.4461061	.2505165	.3033774	0
802.15	0	.4463622	.2502872	.3033507	0
801.15	0	.4466178	.2500583	.3033239	0
800.15	0	.4468728	.24983	.3032972	0
799.15	0	.4471271	.2496025	.3032704	0
798.15	0	.4473805	.2493758	.3032436	0
797.15	0	.4476331	.2491501	.3032168	0
796.15	0	.4478846	.2489254	.30319	0
795.15	0	.448135	.2487019	.3031631	0
794.15	0	.4483842	.2484796	.3031362	0
793.15	0	.4486322	.2482585	.3031092	0
792.15	0	.4488789	.2480389	.3030822	0
791.15	0	.4491242	.2478206	.3030552	0
790.15	0	.449368	.2476039	.3030281	0
789.15	0	.4496103	.2473887	.303001	0
788.15	0	.449851	.2471752	.3029739	0
787.15	0	.4500901	.2469633	.3029466	0
786.15	0	.4503276	.2467531	.3029194	0
785.15	0	.4505633	.2465446	.3028921	0
784.15	0	.4507973	.2463379	.3028647	0
783.15	0	.4510296	.2461331	.3028373	0
782.15	0	.45126	.2459301	.3028099	0
781.15	0	.4514887	.245729	.3027824	0
780.15	0	.4517154	.2455298	.3027548	0
779.15	0	.4519403	.2453325	.3027272	0
778.15	0	.4521633	.2451372	.3026996	0
777.15	0	.4523844	.2449438	.3026718	0
776.15	0	.4526035	.2447524	.3026441	0
775.15	0	.4528207	.244563	.3026163	0
774.15	0	.4530359	.2443757	.3025884	0
773.15	0	.4532492	.2441903	.3025605	0
772.15	0	.4534605	.244007	.3025325	0
771.15	0	.4536698	.2438257	.3025045	0
770.15	0	.4538771	.2436465	.3024764	0
769.15	0	.4540824	.2434693	.3024483	0
768.15	0	.4542857	.2432942	.3024201	0
767.15	0	.4544871	.2431211	.3023919	0
766.15	0	.4546864	.24295	.3023636	0
765.15	0	.4548837	.242781	.3023353	0
764.15	0	.455079	.2426141	.3023069	0
763.15	0	.4552724	.2424492	.3022784	0
762.15	0	.4554637	.2422863	.3022499	0
761.15	0	.4556531	.2421255	.3022214	0
760.15	0	.4558405	.2419667	.3021928	0
759.15	0	.4560259	.2418099	.3021641	0
758.15	0	.4562094	.2416552	.3021354	0
757.15	0	.4563909	.2415024	.3021067	0
756.15	0	.4565705	.2413517	.3020779	0
755.15	0	.4567481	.2412029	.302049	0
754.15	0	.4569238	.2410561	.3020201	0
753.15	0	.4570976	.2409113	.3019912	0
752.15	0	.4572695	.2407684	.3019622	0
751.15	0	.4574394	.2406274	.3019331	0
750.15	0	.4576075	.2404885	.301904	0
749.15	0	.4577738	.2403514	.3018749	0
748.15	0	.4579381	.2402162	.3018457	0
747.15	0	.4581006	.2400829	.3018164	0
746.15	0	.4582613	.2399516	.3017871	0
745.15	0	.4584202	.239822	.3017578	0
744.15	0	.4585772	.2396944	.3017284	0
743.15	0	.4587325	.2395685	.301699	0
742.15	0	.458886	.2394445	.3016695	0
741.15	0	.4590377	.2393224	.30164	0
740.15	0	.4591876	.239202	.3016104	0
739.15	0	.4593358	.2390834	.3015808	0
738.15	0	.4594824	.2389665	.3015511	0
737.15	0	.4596271	.2388515	.3015214	0
736.15	0	.4597702	.2387381	.3014916	0
735.15	0	.4599116	.2386265	.3014619	0
734.15	0	.4600514	.2385166	.301432	0
733.15	0	.4601894	.2384084	.3014021	0
732.15	0	.4603259	.2383019	.3013722	0
731.15	0	.4604607	.2381971	.3013422	0
730.15	0	.4605939	.2380939	.3013122	0
729.15	0	.4607256	.2379923	.3012822	0
728.15	0	.4608556	.2378924	.3012521	0
727.15	0	.4609841	.237794	.3012219	0
726.15	0	.461111	.2376972	.3011918	0
725.15	0	.4612387	.2376004	.3011609	0
724.15	0	.4613624	.2375069	.3011307	0
723.15	0	.4614846	.237415	.3011004	0
722.15	0	.4616053	.2373245	.3010701	0
721.15	0	.4617246	.2372356	.3010398	0
720.15	0	.4618424	.2371482	.3010094	0
719.15	0	.4619587	.2370623	.300979	0
718.15	0	.4620737	.2369778	.3009485	0
717.15	0	.4621872	.2368948	.300918	0
716.15	0	.4622993	.2368132	.3008875	0
715.15	0	.4624101	.236733	.3008569	0
714.15	0	.4625195	.2366542	.3008263	0
713.15	0	.4626275	.2365768	.3007957	0
712.15	0	.4627342	.2365009	.300765	0
711.15	0	.4628395	.2364262	.3007343	0
710.15	0	.4629435	.236353	.3007035	0
709.15	0	.4630463	.236281	.3006727	0
708.15	0	.4631477	.2362104	.3006419	0
707.15	0	.4632479	.2361411	.300611	0
706.15	0	.4633468	.2360731	.3005801	0
705.15	0	.4634444	.2360064	.3005492	0
704.15	0	.4635408	.235941	.3005183	0
703.15	0	.463636	.2358768	.3004873	0
702.15	0	.4637299	.2358138	.3004562	0
701.15	0	.4638227	.2357521	.3004252	0
700.15	0	.4639143	.2356916	.3003941	0
699.15	0	.4640047	.2356324	.300363	0
698.15	0	.4640939	.2355743	.3003318	0
697.15	0	.464182	.2355174	.3003007	0
696.15	0	.4642689	.2354616	.3002695	0
695.15	0	.4643547	.2354071	.3002382	0
694.15	0	.4644394	.2353536	.300207	0
693.15	0	.464523	.2353013	.3001757	0
692.15	0	.4646055	.2352502	.3001444	0
691.15	0	.4646869	.2352001	.300113	0
690.15	0	.4647672	.2351511	.3000817	0
689.15	0	.4648465	.2351032	.3000503	0
688.15	0	.4649247	.2350564	.3000189	0
687.15	0	.4650019	.2350107	.2999874	0
686.15	0	.4650781	.234966	.299956	0
685.15	0	.4651532	.2349223	.2999245	0
684.15	0	.4652273	.2348797	.299893	0
683.15	0	.4653005	.2348381	.2998614	0
682.15	0	.4653726	.2347975	.2998299	0
681.15	0	.4654438	.2347579	.2997983	0
680.15	0	.465514	.2347193	.2997667	0
679.15	0	.4655833	.2346816	.2997351	0
678.15	0	.4656516	.2346449	.2997035	0
677.15	0	.465719	.2346092	.2996718	0
676.15	0	.4657854	.2345744	.2996402	0
675.15	0	.465851	.2345406	.2996085	0
674.15	0	.4659156	.2345076	.2995768	0
673.15	0	.4659794	.2344756	.299545	0
672.15	0	.4660422	.2344445	.2995133	0
671.15	0	.4661042	.2344143	.2994816	0
670.15	0	.4661653	.2343849	.2994498	0
669.15	0	.4662256	.2343564	.299418	0
668.15	0	.466285	.2343288	.2993862	0
667.15	0	.4663435	.2343021	.2993544	0
666.15	0	.4664013	.2342762	.2993226	0
665.15	0	.4664582	.2342511	.2992907	0
664.15	0	.4665143	.2342269	.2992589	0
663.15	0	.4665696	.2342034	.299227	0
662.15	0	.4666241	.2341808	.2991951	0
661.15	0	.4666778	.234159	.2991632	0
660.15	0	.4667307	.234138	.2991313	0
659.15	0	.4667829	.2341177	.2990994	0
658.15	0	.4668343	.2340982	.2990675	0
657.15	0	.4668849	.2340795	.2990356	0
656.15	0	.4669348	.2340616	.2990037	0
655.15	0	.4669839	.2340443	.2989717	0
654.15	0	.4670324	.2340279	.2989398	0
653.15	0	.4670801	.2340121	.2989078	0
652.15	0	.467127	.2339971	.2988758	0
651.15	0	.4671733	.2339828	.2988439	0
650.15	0	.4672189	.2339692	.2988119	0
649.15	0	.4672638	.2339563	.2987799	0
648.15	0	.467308	.2339441	.298748	0
647.15	0	.4673515	.2339326	.298716	0
646.15	0	.4673943	.2339217	.298684	0
645.15	0	.4674365	.2339115	.298652	0
644.15	0	.467478	.233902	.29862	0
643.15	0	.4675189	.2338931	.298588	0
642.15	0	.4675591	.2338849	.298556	0
641.15	0	.4675987	.2338773	.298524	0
640.15	0	.4676376	.2338704	.298492	0
639.15	0	.467676	.233864	.29846	0
638.15	0	.4677137	.2338583	.298428	0
637.15	0	.4677508	.2338532	.298396	0
636.15	0	.4677873	.2338487	.298364	0
635.15	0	.4678232	.2338448	.298332	0
634.15	0	.4678585	.2338415	.2983	0
633.15	0	.4678932	.2338387	.2982681	0
632.15	0	.4679274	.2338365	.2982361	0
631.15	0	.467961	.2338349	.2982041	0
630.15	0	.467994	.2338339	.2981721	0
629.15	0	.4680264	.2338334	.2981402	0
628.15	0	.4680583	.2338335	.2981082	0
627.15	0	.4680897	.2338341	.2980762	0
626.15	0	.4681205	.2338352	.2980443	0
625.15	0	.4681507	.2338369	.2980124	0
624.15	0	.4681805	.2338391	.2979804	0
623.15	0	.4682097	.2338418	.2979485	0
622.15	0	.4682384	.233845	.2979166	0
621.15	0	.4682665	.2338488	.2978847	0
620.15	0	.4682942	.233853	.2978528	0
619.15	0	.4683213	.2338577	.2978209	0
618.15	0	.468348	.2338629	.297789	0
617.15	0	.4683742	.2338686	.2977572	0
616.15	0	.4683998	.2338748	.2977253	0
615.15	0	.468425	.2338814	.2976935	0
614.15	0	.4684498	.2338886	.2976617	0
613.15	0	.468474	.2338961	.2976299	0
612.15	0	.4684978	.2339041	.2975981	0
611.15	0	.4685211	.2339126	.2975663	0
610.15	0	.468544	.2339215	.2975346	0
609.15	0	.4685664	.2339309	.2975028	0
608.15	0	.4685883	.2339406	.2974711	0
607.15	0	.4686098	.2339508	.2974394	0
606.15	0	.4686309	.2339615	.2974077	0
605.15	0	.4686515	.2339725	.297376	0
604.15	0	.4686717	.233984	.2973443	0
603.15	0	.4686915	.2339958	.2973127	0
602.15	0	.4687109	.2340081	.2972811	0
601.15	0	.4687298	.2340207	.2972495	0
600.15	0	.4687483	.2340338	.2972179	0
599.15	0	.4687665	.2340472	.2971863	0
598.15	0	.4687842	.234061	.2971548	0
597.15	0	.4688015	.2340752	.2971233	0
596.15	0	.4688184	.2340898	.2970918	0
595.15	0	.468835	.2341047	.2970603	0
594.15	0	.4688511	.23412	.2970289	0
593.15	0	.4688669	.2341357	.2969974	0
592.15	0	.4688823	.2341517	.296966	0
591.15	0	.4688973	.234168	.2969347	0
590.15	0	.468912	.2341847	.2969033	0
589.15	0	.4689262	.2342018	.296872	0
588.15	0	.4689402	.2342191	.2968407	0
587.15	0	.4689537	.2342368	.2968094	0
586.15	0	.4689669	.2342549	.2967782	0
585.15	0	.4689798	.2342732	.296747	0
584.15	0	.4689923	.2342919	.2967158	0
583.15	0	.4690045	.2343109	.2966846	0
582.15	0	.4690163	.2343302	.2966535	0
581.15	0	.4690278	.2343498	.2966224	0
580.15	0	.469039	.2343697	.2965914	0
579.15	0	.4690498	.2343899	.2965603	0
578.15	0	.4690603	.2344104	.2965294	0
577.15	0	.4690705	.2344311	.2964984	0
576.15	0	.4690804	.2344522	.2964675	0
575.15	0	.4690899	.2344735	.2964366	0
574.15	0	.4690991	.2344952	.2964057	0
573.15	0	.4691081	.2345171	.2963749	0
572.15	0	.4691167	.2345392	.2963441	0
571.15	0	.469125	.2345617	.2963133	0
570.15	0	.4691331	.2345843	.2962826	0
569.15	0	.4691408	.2346073	.2962519	0
568.15	0	.4691482	.2346305	.2962213	0
567.15	0	.4691554	.234654	.2961906	0
566.15	0	.4691623	.2346776	.2961601	0
565.15	0	.4691688	.2347016	.2961296	0
564.15	0	.4691752	.2347258	.2960991	0
563.15	0	.4691812	.2347502	.2960686	0
562.15	0	.469187	.2347748	.2960382	0
561.15	0	.4691924	.2347997	.2960078	0
560.15	0	.4691977	.2348248	.2959775	0
559.15	0	.4692026	.2348502	.2959472	0
558.15	0	.4692073	.2348757	.295917	0
557.15	0	.4692118	.2349015	.2958868	0
556.15	0	.4692159	.2349275	.2958566	0
555.15	0	.4692199	.2349537	.2958265	0
554.15	0	.4692236	.23498	.2957964	0
553.15	0	.469227	.2350066	.2957664	0
552.15	0	.4692302	.2350334	.2957364	0
551.15	0	.4692331	.2350604	.2957065	0
550.15	0	.4692358	.2350876	.2956766	0
549.15	0	.4692383	.235115	.2956467	0
548.15	0	.4692406	.2351425	.2956169	0
547.15	0	.4692426	.2351702	.2955872	0
546.15	0	.4692443	.2351982	.2955575	0
545.15	0	.4692459	.2352263	.2955278	0
544.15	0	.4692472	.2352545	.2954983	0
543.15	0	.4692483	.235283	.2954687	0
542.15	0	.4692492	.2353116	.2954392	0
541.15	0	.4692499	.2353403	.2954098	0
540.15	0	.4692504	.2353693	.2953804	0
539.15	0	.4692506	.2353984	.295351	0
538.15	0	.4692507	.2354276	.2953217	0
537.15	0	.4692505	.235457	.2952925	0
536.15	0	.4692501	.2354865	.2952633	0
535.15	0	.4692496	.2355162	.2952342	0
534.15	0	.4692488	.2355461	.2952051	0
533.15	0	.4692479	.2355761	.2951761	0
532.15	0	.4692467	.2356062	.2951471	0
531.15	0	.4692454	.2356364	.2951182	0
530.15	0	.4692438	.2356668	.2950894	0
529.15	0	.4692421	.2356974	.2950606	0
528.15	0	.4692402	.235728	.2950318	0
527.15	0	.4692381	.2357588	.2950032	0
526.15	0	.4692358	.2357897	.2949745	0
525.15	0	.4692333	.2358207	.294946	0
524.8923	0	.4692327	.2358287	.2949386	0
524.8923	0	.4692327	.2358287	.2949386	0
524.8923	0	.4692327	.2358287	.2949386	0
524.15	0	.4694291	.2354108	.2947075	4.525402E-04
523.15	0	.4696922	.2348502	.294397	.00106063
522.15	0	.4699534	.2342922	.2940875	.00166691
521.15	0	.4702128	.2337369	.2937789	.002271396
520.15	0	.4704704	.2331842	.2934713	.002874107
519.15	0	.4707263	.2326341	.2931646	.003475057
518.15	0	.4709804	.2320864	.2928589	.004074264
517.15	0	.4712328	.2315414	.2925541	.004671745
516.15	0	.4714835	.2309987	.2922503	.005267514
515.15	0	.4717326	.2304586	.2919473	.005861588
514.15	0	.47198	.2299208	.2916453	.006453983
513.15	0	.4722258	.2293854	.2913441	.007044715
512.15	0	.4724699	.2288524	.2910439	.007633798
511.15	0	.4727126	.2283217	.2907445	.008221248
510.15	0	.4729536	.2277933	.290446	.00880708
509.15	0	.4731931	.2272672	.2901484	.009391309
508.15	0	.4734311	.2267433	.2898517	.00997395
507.15	0	.4736676	.2262216	.2895558	.01055502
506.15	0	.4739027	.2257021	.2892607	.01113453
505.15	0	.4741363	.2251848	.2889665	.01171249
504.15	0	.4743684	.2246696	.2886731	.01228892
503.15	0	.4745991	.2241565	.2883806	.01286384
502.15	0	.4748285	.2236454	.2880888	.01343725
501.15	0	.4750564	.2231365	.2877979	.01400918
500.15	0	.475283	.2226295	.2875078	.01457962
499.15	0	.4755083	.2221246	.2872185	.01514861
498.15	0	.4757323	.2216216	.28693	.01571615
497.15	0	.4759549	.2211206	.2866423	.01628225
496.15	0	.4761763	.2206215	.2863553	.01684693
495.15	0	.4763964	.2201243	.2860692	.0174102
494.15	0	.4766152	.219629	.2857837	.01797207
493.15	0	.4768328	.2191355	.2854991	.01853256
492.15	0	.4770492	.2186439	.2852152	.01909168
491.15	0	.4772644	.2181541	.2849321	.01964944
490.15	0	.4774785	.217666	.2846496	.02020588
489.15	0	.4776914	.2171798	.2843679	.02076096
488.15	0	.4779031	.2166952	.284087	.02131471
487.15	0	.4781136	.2162124	.2838068	.02186715
486.15	0	.4783231	.2157313	.2835273	.0224183
485.15	0	.4785314	.2152519	.2832485	.02296815
484.15	0	.4787387	.2147741	.2829705	.02351673
483.15	0	.4789448	.214298	.2826932	.02406404
482.15	0	.47915	.2138234	.2824165	.02461011
481.15	0	.479354	.2133505	.2821406	.02515493
480.15	0	.4795571	.2128791	.2818653	.02569851
479.15	0	.4797591	.2124093	.2815907	.02624088
478.15	0	.4799601	.211941	.2813168	.02678204
477.15	0	.4801602	.2114742	.2810436	.027322
476.15	0	.4803592	.211009	.280771	.02786077
475.15	0	.4805573	.2105452	.2804992	.02839837
474.15	0	.4807545	.2100828	.2802279	.0289348
473.15	0	.4809507	.2096219	.2799573	.02947007
472.15	0	.481146	.2091624	.2796874	.0300042
471.15	0	.4813404	.2087043	.2794181	.03053719
470.15	0	.4815339	.2082476	.2791495	.03106906
469.15	0	.4817265	.2077922	.2788815	.03159981
468.15	0	.4819182	.2073382	.2786141	.03212945
467.15	0	.4821091	.2068856	.2783473	.032658
466.15	0	.4822992	.2064342	.2780812	.03318546
465.15	0	.4824884	.2059841	.2778157	.03371185
464.15	0	.4826767	.2055353	.2775508	.03423716
463.15	0	.4828643	.2050878	.2772865	.03476142
462.15	0	.4830511	.2046415	.2770228	.03528464
461.15	0	.4832371	.2041964	.2767597	.03580681
460.15	0	.4834223	.2037526	.2764972	.03632795
459.15	0	.4836067	.2033099	.2762353	.03684808
458.15	0	.4837904	.2028684	.275974	.03736719
457.15	0	.4839734	.2024281	.2757133	.03788529
