T	 BPW(LIQUID)	BPW(BCC_A2)	BPW(FCC_A1)	BPW(LAVES_PHASE_C14)	BPW(NI3TI)
1473.15	.05208409	.751908	0	.1960079	0
1472.15	.04769457	.75472	0	.1975854	0
1471.15	.04338866	.7574732	0	.1991381	0
1470.15	.03916406	.7601693	0	.2006667	0
1469.15	.03501852	.7628097	0	.2021718	0
1468.15	.03094989	.765396	0	.2036541	0
1467.15	.0269561	.7679296	0	.2051143	0
1466.15	.02303514	.7704119	0	.206553	0
1465.15	.01918507	.7728442	0	.2079707	0
1464.15	.01540402	.7752279	0	.2093681	0
1463.15	.01169018	.7775642	0	.2107456	0
1462.15	.008041798	.7798544	0	.2121039	0
1461.15	.004457183	.7820995	0	.2134433	0
1460.15	9.346985E-04	.7843007	0	.2147646	0
1459.882	0	.784884	0	.215116	0
1459.882	0	.784884	0	.215116	0
1459.15	0	.7844461	0	.2155539	0
1458.15	0	.783849	0	.216151	0
1457.15	0	.7832534	0	.2167466	0
1456.15	0	.7826594	0	.2173406	0
1455.15	0	.7820669	0	.2179331	0
1454.15	0	.781476	0	.218524	0
1453.15	0	.7808866	0	.2191134	0
1452.15	0	.7802987	0	.2197013	0
1451.15	0	.7797124	0	.2202876	0
1450.15	0	.7791275	0	.2208725	0
1449.15	0	.7785442	0	.2214558	0
1448.15	0	.7779624	0	.2220376	0
1447.15	0	.7773821	0	.2226179	0
1446.15	0	.7768033	0	.2231967	0
1445.15	0	.776226	0	.223774	0
1444.15	0	.7756502	0	.2243498	0
1443.15	0	.7750759	0	.2249241	0
1442.15	0	.774503	0	.225497	0
1441.15	0	.7739316	0	.2260684	0
1440.15	0	.7733617	0	.2266383	0
1439.15	0	.7727932	0	.2272068	0
1438.15	0	.7722262	0	.2277738	0
1437.15	0	.7716606	0	.2283394	0
1436.15	0	.7710965	0	.2289035	0
1435.15	0	.7705338	0	.2294662	0
1434.15	0	.7699726	0	.2300274	0
1433.15	0	.7694128	0	.2305872	0
1432.15	0	.7688544	0	.2311456	0
1431.15	0	.7682974	0	.2317026	0
1430.15	0	.7677419	0	.2322582	0
1429.15	0	.7671877	0	.2328123	0
1428.15	0	.766635	0	.233365	0
1427.15	0	.7660836	0	.2339164	0
1426.15	0	.7655337	0	.2344663	0
1425.15	0	.7649851	0	.2350149	0
1424.15	0	.764438	0	.2355621	0
1423.15	0	.7638922	0	.2361078	0
1422.15	0	.7633477	0	.2366523	0
1421.15	0	.7628047	0	.2371953	0
1420.15	0	.762263	0	.237737	0
1419.15	0	.7617227	0	.2382773	0
1418.15	0	.7611837	0	.2388163	0
1417.15	0	.7606461	0	.2393539	0
1416.15	0	.7601099	0	.2398901	0
1415.15	0	.759575	0	.2404251	0
1414.15	0	.7590414	0	.2409586	0
1413.15	0	.7585091	0	.2414909	0
1412.15	0	.7579782	0	.2420218	0
1411.15	0	.7574486	0	.2425514	0
1410.15	0	.7569203	0	.2430797	0
1409.15	0	.7563934	0	.2436066	0
1408.15	0	.7558677	0	.2441323	0
1407.15	0	.7553434	0	.2446566	0
1406.15	0	.7548204	0	.2451796	0
1405.15	0	.7542986	0	.2457014	0
1404.15	0	.7537782	0	.2462218	0
1403.15	0	.753259	0	.246741	0
1402.15	0	.7527411	0	.2472589	0
1401.15	0	.7522245	0	.2477755	0
1400.15	0	.7517092	0	.2482908	0
1399.15	0	.7511952	0	.2488048	0
1398.15	0	.7506824	0	.2493176	0
1397.15	0	.7501709	0	.2498291	0
1396.15	0	.7496606	0	.2503394	0
1395.15	0	.7491516	0	.2508484	0
1394.15	0	.7486439	0	.2513562	0
1393.15	0	.7481373	0	.2518627	0
1392.15	0	.7476321	0	.2523679	0
1391.15	0	.7471281	0	.252872	0
1390.15	0	.7466253	0	.2533747	0
1389.15	0	.7461237	0	.2538763	0
1388.15	0	.7456234	0	.2543767	0
1387.15	0	.7451242	0	.2548758	0
1386.15	0	.7446263	0	.2553737	0
1385.15	0	.7441297	0	.2558704	0
1384.15	0	.7436342	0	.2563658	0
1383.15	0	.7431399	0	.2568601	0
1382.15	0	.7426468	0	.2573532	0
1381.15	0	.742155	0	.257845	0
1380.15	0	.7416643	0	.2583357	0
1379.15	0	.7411748	0	.2588252	0
1378.15	0	.7406865	0	.2593135	0
1377.15	0	.7401994	0	.2598006	0
1376.15	0	.7397134	0	.2602866	0
1375.15	0	.7392287	0	.2607713	0
1374.15	0	.7387451	0	.2612549	0
1373.15	0	.7382626	0	.2617374	0
1372.15	0	.7377814	0	.2622186	0
1371.15	0	.7373013	0	.2626988	0
1370.15	0	.7368223	0	.2631777	0
1369.15	0	.7363445	0	.2636555	0
1368.15	0	.7358678	0	.2641322	0
1367.15	0	.7353923	0	.2646077	0
1366.15	0	.734918	0	.265082	0
1365.15	0	.7344447	0	.2655553	0
1364.15	0	.7339726	0	.2660274	0
1363.15	0	.7335017	0	.2664983	0
1362.15	0	.7330318	0	.2669682	0
1361.15	0	.7325631	0	.2674369	0
1360.15	0	.7320955	0	.2679045	0
1359.15	0	.731629	0	.268371	0
1358.15	0	.7311637	0	.2688364	0
1357.15	0	.7306994	0	.2693006	0
1356.15	0	.7302362	0	.2697638	0
1355.15	0	.7297742	0	.2702258	0
1354.15	0	.7293132	0	.2706868	0
1353.15	0	.7288533	0	.2711467	0
1352.15	0	.7283946	0	.2716054	0
1351.15	0	.7279369	0	.2720631	0
1350.15	0	.7274803	0	.2725197	0
1349.15	0	.7270247	0	.2729753	0
1348.15	0	.7265703	0	.2734297	0
1347.15	0	.7261169	0	.2738831	0
1346.15	0	.7256646	0	.2743354	0
1345.15	0	.7252134	0	.2747866	0
1344.15	0	.7247632	0	.2752368	0
1343.15	0	.7243141	0	.2756859	0
1342.15	0	.7238661	0	.2761339	0
1341.15	0	.7234191	0	.2765809	0
1340.15	0	.7229731	0	.2770269	0
1339.15	0	.7225282	0	.2774718	0
1338.15	0	.7220844	0	.2779156	0
1337.15	0	.7216416	0	.2783584	0
1336.15	0	.7211998	0	.2788002	0
1335.15	0	.720759	0	.279241	0
1334.15	0	.7203193	0	.2796807	0
1333.15	0	.7198806	0	.2801194	0
1332.15	0	.719443	0	.280557	0
1331.15	0	.7190064	0	.2809936	0
1330.15	0	.7185707	0	.2814293	0
1329.15	0	.7181361	0	.2818639	0
1328.15	0	.7177026	0	.2822974	0
1327.15	0	.71727	0	.28273	0
1326.15	0	.7168384	0	.2831616	0
1325.15	0	.7164078	0	.2835921	0
1324.15	0	.7159783	0	.2840217	0
1323.15	0	.7155497	0	.2844503	0
1322.15	0	.7151221	0	.2848779	0
1321.15	0	.7146956	0	.2853044	0
1320.15	0	.71427	0	.28573	0
1319.15	0	.7138454	0	.2861546	0
1318.15	0	.7134217	0	.2865783	0
1317.15	0	.7129991	0	.2870009	0
1316.15	0	.7125774	0	.2874226	0
1315.15	0	.7121567	0	.2878433	0
1314.15	0	.711737	0	.288263	0
1313.15	0	.7113183	0	.2886817	0
1312.15	0	.7109005	0	.2890995	0
1311.15	0	.7104837	0	.2895163	0
1310.15	0	.7100678	0	.2899322	0
1309.15	0	.7096529	0	.2903471	0
1308.15	0	.7092389	0	.2907611	0
1307.15	0	.7088259	0	.2911741	0
1306.15	0	.7084139	0	.2915862	0
1305.15	0	.7080027	0	.2919973	0
1304.15	0	.7075926	0	.2924074	0
1303.15	0	.7071834	0	.2928167	0
1302.15	0	.7067751	0	.2932249	0
1301.15	0	.7063677	0	.2936323	0
1300.15	0	.7059613	0	.2940387	0
1299.15	0	.7055558	0	.2944442	0
1298.15	0	.7051512	0	.2948488	0
1297.15	0	.7047476	0	.2952524	0
1296.15	0	.7043449	0	.2956551	0
1295.15	0	.7039431	0	.296057	0
1294.15	0	.7035422	0	.2964578	0
1293.15	0	.7031422	0	.2968578	0
1292.15	0	.7027431	0	.2972569	0
1291.15	0	.702345	0	.297655	0
1290.15	0	.7019477	0	.2980523	0
1289.15	0	.7015514	0	.2984486	0
1288.15	0	.7011559	0	.2988441	0
1287.15	0	.7007614	0	.2992386	0
1286.15	0	.7003677	0	.2996323	0
1285.15	0	.6999749	0	.3000251	0
1284.15	0	.6995831	0	.3004169	0
1283.15	0	.6991921	0	.3008079	0
1282.15	0	.698802	0	.301198	0
1281.15	0	.6984128	0	.3015872	0
1280.15	0	.6980244	0	.3019756	0
1279.15	0	.697637	0	.302363	0
1278.15	0	.6972504	0	.3027496	0
1277.15	0	.6968647	0	.3031353	0
1276.15	0	.6964798	0	.3035202	0
1275.15	0	.6960958	0	.3039042	0
1274.15	0	.6957127	0	.3042873	0
1273.15	0	.6953305	0	.3046695	0
1272.15	0	.6949491	0	.3050509	0
1271.15	0	.6945686	0	.3054314	0
1270.15	0	.6941889	0	.3058111	0
1269.15	0	.6938101	0	.3061899	0
1268.15	0	.6934321	0	.3065679	0
1267.15	0	.693055	0	.306945	0
1266.15	0	.6926787	0	.3073213	0
1265.15	0	.6923033	0	.3076967	0
1264.15	0	.6919287	0	.3080713	0
1263.15	0	.6915549	0	.3084451	0
1262.15	0	.691182	0	.308818	0
1261.15	0	.69081	0	.30919	0
1260.15	0	.6904387	0	.3095613	0
1259.15	0	.6900683	0	.3099317	0
1258.15	0	.6896987	0	.3103013	0
1257.15	0	.6893299	0	.3106701	0
1256.15	0	.688962	0	.311038	0
1255.15	0	.6885949	0	.3114051	0
1254.15	0	.6882286	0	.3117714	0
1253.15	0	.6878631	0	.3121369	0
1252.15	0	.6874984	0	.3125016	0
1251.15	0	.6871346	0	.3128654	0
1250.15	0	.6867716	0	.3132284	0
1249.15	0	.6864093	0	.3135907	0
1248.15	0	.6860479	0	.3139521	0
1247.15	0	.6856873	0	.3143127	0
1246.15	0	.6853274	0	.3146726	0
1245.15	0	.6849684	0	.3150316	0
1244.15	0	.6846102	0	.3153898	0
1243.15	0	.6842528	0	.3157473	0
1242.15	0	.6838961	0	.3161039	0
1241.15	0	.6835403	0	.3164597	0
1240.15	0	.6831852	0	.3168148	0
1239.15	0	.6828309	0	.3171691	0
1238.15	0	.6824775	0	.3175226	0
1237.15	0	.6821248	0	.3178752	0
1236.15	0	.6817728	0	.3182272	0
1235.15	0	.6814217	0	.3185783	0
1234.15	0	.6810713	0	.3189287	0
1233.15	0	.6807217	0	.3192783	0
1232.15	0	.6803729	0	.3196271	0
1231.15	0	.6800249	0	.3199752	0
1230.15	0	.6796776	0	.3203224	0
1229.15	0	.6793311	0	.3206689	0
1228.15	0	.6789853	0	.3210147	0
1227.15	0	.6786403	0	.3213597	0
1226.15	0	.6782961	0	.3217039	0
1225.15	0	.6779526	0	.3220474	0
1224.15	0	.6776099	0	.3223901	0
1223.15	0	.677268	0	.322732	0
1222.15	0	.6769268	0	.3230732	0
1221.15	0	.6765863	0	.3234137	0
1220.15	0	.6762466	0	.3237534	0
1219.15	0	.6759077	0	.3240923	0
1218.15	0	.6755695	0	.3244305	0
1217.15	0	.675232	0	.324768	0
1216.15	0	.6748953	0	.3251047	0
1215.15	0	.6745593	0	.3254407	0
1214.15	0	.674224	0	.325776	0
1213.15	0	.6738895	0	.3261105	0
1212.15	0	.6735558	0	.3264442	0
1211.15	0	.6732227	0	.3267773	0
1210.15	0	.6728904	0	.3271096	0
1209.15	0	.6725588	0	.3274412	0
1208.15	0	.672228	0	.327772	0
1207.15	0	.6718978	0	.3281022	0
1206.15	0	.6715684	0	.3284316	0
1205.15	0	.6712398	0	.3287603	0
1204.15	0	.6709118	0	.3290882	0
1203.15	0	.6705845	0	.3294155	0
1202.15	0	.670258	0	.329742	0
1201.15	0	.6699322	0	.3300678	0
1200.15	0	.6696071	0	.3303929	0
1199.15	0	.6692827	0	.3307173	0
1198.15	0	.668959	0	.331041	0
1197.15	0	.668636	0	.331364	0
1196.15	0	.6683138	0	.3316862	0
1195.15	0	.6679922	0	.3320078	0
1194.15	0	.6676713	0	.3323287	0
1193.15	0	.6673512	0	.3326488	0
1192.15	0	.6670317	0	.3329683	0
1191.15	0	.666713	0	.333287	0
1190.15	0	.6663949	0	.3336051	0
1189.15	0	.6660775	0	.3339225	0
1188.15	0	.6657608	0	.3342392	0
1187.15	0	.6654449	0	.3345552	0
1186.15	0	.6651296	0	.3348705	0
1185.15	0	.6648149	0	.3351851	0
1184.15	0	.664501	0	.335499	0
1183.15	0	.6641878	0	.3358122	0
1182.15	0	.6638752	0	.3361248	0
1181.15	0	.6635633	0	.3364367	0
1180.15	0	.6632521	0	.3367479	0
1179.15	0	.6629416	0	.3370584	0
1178.15	0	.6626318	0	.3373682	0
1177.15	0	.6623226	0	.3376774	0
1176.15	0	.6620141	0	.3379859	0
1175.15	0	.6617063	0	.3382937	0
1174.15	0	.6613991	0	.3386009	0
1173.15	0	.6610926	0	.3389074	0
1172.15	0	.6607868	0	.3392132	0
1171.15	0	.6604817	0	.3395183	0
1170.15	0	.6601772	0	.3398228	0
1169.15	0	.6598734	0	.3401266	0
1168.15	0	.6595702	0	.3404298	0
1167.15	0	.6592677	0	.3407323	0
1166.15	0	.6589658	0	.3410342	0
1165.15	0	.6586646	0	.3413354	0
1164.15	0	.6583641	0	.3416359	0
1163.15	0	.6580642	0	.3419358	0
1162.15	0	.657765	0	.342235	0
1161.15	0	.6574664	0	.3425336	0
1160.15	0	.6571685	0	.3428315	0
1159.15	0	.6568712	0	.3431288	0
1158.15	0	.6565746	0	.3434254	0
1157.15	0	.6562786	0	.3437214	0
1156.15	0	.6559832	0	.3440168	0
1155.15	0	.6556885	0	.3443115	0
1154.15	0	.6553945	0	.3446056	0
1153.15	0	.655101	0	.344899	0
1152.15	0	.6548082	0	.3451918	0
1151.15	0	.6545161	0	.3454839	0
1150.15	0	.6542246	0	.3457754	0
1149.15	0	.6539337	0	.3460663	0
1148.15	0	.6536434	0	.3463566	0
1147.15	0	.6533538	0	.3466462	0
1146.15	0	.6530648	0	.3469352	0
1145.15	0	.6527765	0	.3472235	0
1144.15	0	.6524887	0	.3475113	0
1143.15	0	.6522016	0	.3477984	0
1142.15	0	.6519151	0	.3480849	0
1141.15	0	.6516293	0	.3483707	0
1140.15	0	.651344	0	.348656	0
1139.15	0	.6510594	0	.3489406	0
1138.15	0	.6507754	0	.3492246	0
1137.15	0	.650492	0	.349508	0
1136.15	0	.6502092	0	.3497908	0
1135.15	0	.6499271	0	.3500729	0
1134.15	0	.6496455	0	.3503545	0
1133.15	0	.6493646	0	.3506354	0
1132.15	0	.6490843	0	.3509157	0
1131.15	0	.6488046	0	.3511954	0
1130.15	0	.6485255	0	.3514745	0
1129.15	0	.648247	0	.351753	0
1128.15	0	.6479691	0	.3520309	0
1127.15	0	.6476918	0	.3523082	0
1126.15	0	.6474151	0	.3525849	0
1125.15	0	.6471391	0	.352861	0
1124.15	0	.6468636	0	.3531364	0
1123.15	0	.6465887	0	.3534113	0
1122.15	0	.6463144	0	.3536856	0
1121.15	0	.6460407	0	.3539593	0
1120.15	0	.6457676	0	.3542324	0
1119.15	0	.6454951	0	.3545049	0
1118.15	0	.6452232	0	.3547768	0
1117.15	0	.6449519	0	.3550481	0
1116.15	0	.6446812	0	.3553188	0
1115.15	0	.6444111	0	.3555889	0
1114.15	0	.6441415	0	.3558585	0
1113.15	0	.6438726	0	.3561274	0
1112.15	0	.6436042	0	.3563958	0
1111.15	0	.6433364	0	.3566636	0
1110.15	0	.6430692	0	.3569308	0
1109.15	0	.6428026	0	.3571974	0
1108.15	0	.6425366	0	.3574634	0
1107.15	0	.6422711	0	.3577289	0
1106.15	0	.6420063	0	.3579937	0
1105.15	0	.641742	0	.358258	0
1104.15	0	.6414782	0	.3585218	0
1103.15	0	.6412151	0	.3587849	0
1102.15	0	.6409525	0	.3590475	0
1101.15	0	.6406905	0	.3593095	0
1100.15	0	.6404291	0	.3595709	0
1099.15	0	.6401682	0	.3598318	0
1098.15	0	.639908	0	.360092	0
1097.15	0	.6396483	0	.3603518	0
1096.15	0	.6393891	0	.3606109	0
1095.15	0	.6391305	0	.3608695	0
1094.15	0	.6388725	0	.3611275	0
1093.15	0	.6386151	0	.3613849	0
1092.15	0	.6383582	0	.3616418	0
1091.15	0	.6381019	0	.3618981	0
1090.15	0	.6378461	0	.3621539	0
1089.15	0	.6375909	0	.3624091	0
1088.15	0	.6373363	0	.3626637	0
1087.15	0	.6370822	0	.3629178	0
1086.15	0	.6368286	0	.3631714	0
1085.15	0	.6365757	0	.3634243	0
1084.15	0	.6363233	0	.3636767	0
1083.15	0	.6360714	0	.3639286	0
1082.15	0	.6358201	0	.3641799	0
1081.15	0	.6355694	0	.3644307	0
1080.15	0	.6353192	0	.3646809	0
1079.15	0	.6350695	0	.3649305	0
1078.15	0	.6348204	0	.3651796	0
1077.15	0	.6345718	0	.3654282	0
1076.15	0	.6343238	0	.3656762	0
1075.15	0	.6340764	0	.3659236	0
1074.15	0	.6338294	0	.3661706	0
1073.15	0	.6335831	0	.3664169	0
1072.15	0	.6333372	0	.3666628	0
1071.15	0	.633092	0	.366908	0
1070.15	0	.6328472	0	.3671528	0
1069.15	0	.632603	0	.367397	0
1068.15	0	.6323593	0	.3676407	0
1067.15	0	.6321162	0	.3678838	0
1066.15	0	.6318736	0	.3681264	0
1065.15	0	.6316316	0	.3683685	0
1064.15	0	.63139	0	.36861	0
1063.15	0	.631149	0	.368851	0
1062.15	0	.6309086	0	.3690914	0
1061.15	0	.6306687	0	.3693313	0
1060.15	0	.6304293	0	.3695707	0
1059.15	0	.6301904	0	.3698096	0
1058.15	0	.6299521	0	.3700479	0
1057.15	0	.6297143	0	.3702857	0
1056.15	0	.629477	0	.370523	0
1055.15	0	.6292403	0	.3707597	0
1054.15	0	.6290041	0	.3709959	0
1053.15	0	.6287684	0	.3712316	0
1052.15	0	.6285332	0	.3714668	0
1051.15	0	.6282986	0	.3717014	0
1050.15	0	.6280644	0	.3719356	0
1049.15	0	.6278308	0	.3721692	0
1048.15	0	.6275978	0	.3724023	0
1047.15	0	.6273652	0	.3726348	0
1046.15	0	.6271332	0	.3728669	0
1045.15	0	.6269016	0	.3730984	0
1044.15	0	.6266706	0	.3733294	0
1043.15	0	.6264401	0	.3735599	0
1042.15	0	.6262102	0	.3737898	0
1041.15	0	.6259807	0	.3740193	0
1040.15	0	.6257518	0	.3742482	0
1039.15	0	.6255233	0	.3744767	0
1038.15	0	.6252954	0	.3747046	0
1037.15	0	.625068	0	.374932	0
1036.15	0	.6248411	0	.3751589	0
1035.15	0	.6246147	0	.3753853	0
1034.15	0	.6243888	0	.3756112	0
1033.15	0	.6241635	0	.3758365	0
1032.15	0	.6239386	0	.3760614	0
1031.15	0	.6237143	0	.3762857	0
1030.15	0	.6234904	0	.3765096	0
1029.15	0	.6232671	0	.3767329	0
1028.15	0	.6230442	0	.3769558	0
1027.15	0	.6228219	0	.3771781	0
1026.15	0	.6226001	0	.3773999	0
1025.15	0	.6223787	0	.3776213	0
1024.15	0	.6221579	0	.3778421	0
1023.15	0	.6219376	0	.3780624	0
1022.15	0	.6217177	0	.3782823	0
1021.15	0	.6214984	0	.3785016	0
1020.15	0	.6212796	0	.3787204	0
1019.15	0	.6210612	0	.3789388	0
1018.15	0	.6208434	0	.3791566	0
1017.298	0	.6206582	0	.3793419	0
1017.298	0	.6206582	0	.3793419	0
1017.298	0	.6206582	0	.3793419	0
1017.15	0	.6205379	9.343438E-05	.3793687	0
1016.15	0	.6197262	7.241138E-04	.3795496	0
1015.15	0	.6189172	.001352735	.3797301	0
1014.15	0	.6181108	.001979299	.3799099	0
1013.15	0	.617307	.002603805	.3800892	0
1012.15	0	.6165059	.003226253	.3802679	0
1011.15	0	.6157074	.003846644	.380446	0
1010.15	0	.6149115	.004464978	.3806235	0
1009.15	0	.6141183	.005081255	.3808005	0
1008.15	0	.6133276	.005695476	.3809769	0
1007.15	0	.6125396	.006307641	.3811527	0
1006.15	0	.6117543	.006917751	.381328	0
1005.15	0	.6109715	.007525806	.3815027	0
1004.15	0	.6101914	.008131807	.3816768	0
1003.15	0	.609414	.008735754	.3818503	0
1002.15	0	.6086391	.009337648	.3820232	0
1001.15	0	.6078669	.009937491	.3821956	0
1000.15	0	.6070973	.01053528	.3823674	0
999.15	0	.6063304	.01113102	.3825386	0
998.15	0	.605566	.01172472	.3827093	0
997.15	0	.6048043	.01231636	.3828793	0
996.15	0	.6040453	.01290596	.3830488	0
995.15	0	.6032888	.01349351	.3832177	0
994.15	0	.602535	.01407902	.383386	0
993.15	0	.6017838	.01466249	.3835537	0
992.15	0	.6010353	.01524392	.3837208	0
991.15	0	.6002894	.0158233	.3838874	0
990.15	0	.599546	.01640065	.3840533	0
989.15	0	.5988054	.01697597	.3842187	0
988.15	0	.5980673	.01754925	.3843835	0
987.15	0	.5973319	.0181205	.3845476	0
986.15	0	.5965991	.01868972	.3847112	0
985.15	0	.5958689	.01925691	.3848742	0
984.15	0	.5951413	.01982208	.3850366	0
983.15	0	.5944163	.02038522	.3851984	0
982.15	0	.593694	.02094635	.3853596	0
981.15	0	.5929743	.02150546	.3855203	0
980.15	0	.5922572	.02206256	.3856803	0
979.15	0	.5915427	.02261765	.3858397	0
978.15	0	.5908308	.02317073	.3859984	0
977.15	0	.5901215	.02372181	.3861566	0
976.15	0	.5894149	.02427089	.3863142	0
975.15	0	.5887108	.02481797	.3864712	0
974.15	0	.5880094	.02536306	.3866275	0
973.15	0	.5873106	.02590617	.3867833	0
972.15	0	.5866143	.02644729	.3869384	0
971.15	0	.5859207	.02698642	.3870929	0
970.15	0	.5852296	.02752359	.3872468	0
969.15	0	.5845412	.02805878	.3874001	0
968.15	0	.5838553	.02859201	.3875527	0
967.15	0	.583172	.02912328	.3877047	0
966.15	0	.5824913	.0296526	.3878561	0
965.15	0	.5818132	.03017997	.3880069	0
964.15	0	.5811376	.03070539	.388157	0
963.15	0	.5804647	.03122888	.3883065	0
962.15	0	.5797943	.03175044	.3884553	0
961.15	0	.5791264	.03227007	.3886035	0
960.15	0	.5784612	.03278779	.388751	0
959.15	0	.5777984	.03330359	.388898	0
958.15	0	.5771383	.0338175	.3890442	0
957.15	0	.5764807	.03432951	.3891898	0
956.15	0	.5758256	.03483963	.3893348	0
955.15	0	.5751731	.03534788	.389479	0
954.15	0	.5745231	.03585425	.3896227	0
953.15	0	.5738756	.03635877	.3897656	0
952.15	0	.5732307	.03686143	.3899079	0
951.15	0	.5725882	.03736225	.3900495	0
950.15	0	.5719483	.03786124	.3901905	0
949.15	0	.5713109	.0383584	.3903307	0
948.15	0	.570676	.03885375	.3904703	0
947.15	0	.5700435	.03934731	.3906092	0
946.15	0	.5694136	.03983907	.3907474	0
945.15	0	.5687861	.04032905	.3908849	0
944.15	0	.568161	.04081727	.3910217	0
943.15	0	.5675385	.04130374	.3911578	0
942.15	0	.5669184	.04178846	.3912932	0
941.15	0	.5663007	.04227146	.3914279	0
940.15	0	.5656854	.04275274	.3915618	0
939.15	0	.5650726	.04323233	.3916951	0
938.15	0	.5644622	.04371023	.3918276	0
937.15	0	.5638542	.04418646	.3919594	0
936.15	0	.5632485	.04466104	.3920904	0
935.15	0	.5626453	.04513399	.3922207	0
934.15	0	.5620444	.04560531	.3923503	0
933.15	0	.5614458	.04607503	.3924791	0
932.15	0	.5608496	.04654317	.3926072	0
931.15	0	.5602558	.04700974	.3927345	0
930.15	0	.5596642	.04747477	.392861	0
929.15	0	.5590749	.04793827	.3929868	0
928.15	0	.558488	.04840027	.3931118	0
927.15	0	.5579033	.04886078	.393236	0
926.15	0	.5573208	.04931983	.3933594	0
925.15	0	.5567406	.04977744	.393482	0
924.15	0	.5561626	.05023363	.3936038	0
923.15	0	.5555868	.05068843	.3937248	0
922.15	0	.5550132	.05114186	.393845	0
921.15	0	.5544417	.05159396	.3939644	0
920.15	0	.5538724	.05204473	.3940829	0
919.15	0	.5533052	.05249422	.3942006	0
918.15	0	.5527401	.05294246	.3943174	0
917.15	0	.5521771	.05338946	.3944334	0
916.15	0	.5516162	.05383527	.3945486	0
915.15	0	.5510573	.0542799	.3946628	0
914.15	0	.5505004	.0547234	.3947762	0
913.15	0	.5499455	.0551658	.3948887	0
912.15	0	.5493925	.05560713	.3950003	0
911.15	0	.5488415	.05604743	.3951111	0
910.15	0	.5482924	.05648674	.3952209	0
909.15	0	.5477452	.05692509	.3953297	0
908.15	0	.5471998	.05736252	.3954377	0
907.15	0	.5466562	.05779907	.3955447	0
906.15	0	.5461145	.05823479	.3956508	0
905.15	0	.5455744	.05866971	.3957559	0
904.15	0	.5450361	.05910389	.39586	0
903.15	0	.5444995	.05953736	.3959632	0
902.15	0	.5439645	.05997018	.3960653	0
901.15	0	.5434311	.0604024	.3961665	0
900.15	0	.5428993	.06083406	.3962666	0
899.15	0	.542369	.06126522	.3963658	0
898.15	0	.5418402	.06169593	.3964639	0
897.15	0	.5413129	.06212625	.3965609	0
896.15	0	.5407869	.06255624	.3966569	0
895.15	0	.5402623	.06298596	.3967517	0
894.15	0	.539739	.06341547	.3968455	0
893.15	0	.5392169	.06384483	.3969382	0
892.15	0	.5386961	.06427411	.3970298	0
891.15	0	.5381764	.06470338	.3971203	0
890.15	0	.5376577	.06513271	.3972096	0
889.15	0	.5371401	.06556217	.3972977	0
888.15	0	.5366235	.06599185	.3973846	0
887.15	0	.5361078	.06642181	.3974704	0
886.15	0	.5355929	.06685215	.3975549	0
885.15	0	.5350788	.06728294	.3976382	0
884.15	0	.5345654	.06771427	.3977203	0
883.15	0	.5340527	.06814624	.3978011	0
882.15	0	.5335405	.06857895	.3978806	0
881.15	0	.5330288	.06901248	.3979587	0
880.15	0	.5325175	.06944694	.3980356	0
879.15	0	.5320065	.06988244	.3981111	0
878.15	0	.5314957	.07031908	.3981852	0
877.15	0	.5309851	.07075698	.3982579	0
876.15	0	.5304745	.07119627	.3983292	0
875.15	0	.5299639	.07163706	.3983991	0
874.15	0	.529453	.07207948	.3984675	0
873.15	0	.528942	.07252366	.3985344	0
872.15	0	.5284305	.07296975	.3985997	0
871.15	0	.5279186	.07341789	.3986635	0
870.15	0	.5274061	.07386824	.3987257	0
869.15	0	.5268928	.07432094	.3987863	0
868.15	0	.5263786	.07477618	.3988452	0
867.15	0	.5258634	.07523411	.3989025	0
866.15	0	.5253471	.07569492	.398958	0
865.15	0	.5248294	.0761588	.3990118	0
864.15	0	.5243103	.07662595	.3990638	0
863.15	0	.5237895	.07709658	.3991139	0
862.15	0	.523267	.0775709	.3991621	0
861.15	0	.5227424	.07804914	.3992084	0
860.15	0	.5222157	.07853154	.3992528	0
859.15	0	.5216865	.07901836	.3992951	0
858.15	0	.5211548	.07950987	.3993354	0
857.15	0	.5206202	.08000633	.3993735	0
856.15	0	.5200825	.08050806	.3994094	0
855.15	0	.5195415	.08101537	.3994431	0
854.15	0	.518997	.08152857	.3994745	0
853.15	0	.5184485	.08204804	.3995035	0
852.15	0	.5178959	.08257414	.39953	0
851.15	0	.5173387	.08310727	.399554	0
850.15	0	.5167768	.08364785	.3995754	0
849.15	0	.5162096	.08419633	.3995941	0
848.15	0	.5156369	.08475318	.39961	0
847.15	0	.5150581	.08531893	.399623	0
846.15	0	.5144729	.08589413	.3996329	0
845.15	0	.5138808	.08647936	.3996398	0
844.15	0	.5129618	.08743458	.3996036	0
843.15	0	.5120111	.08842954	.3995594	0
842.15	0	.5110979	.08938624	.3995158	0
841.15	0	.5102203	.09030664	.399473	0
840.15	0	.5093765	.09119258	.3994309	0
839.15	0	.5085648	.09204581	.3993894	0
838.15	0	.5077835	.09286794	.3993486	0
837.15	0	.5070312	.09366052	.3993083	0
836.15	0	.5063064	.09442499	.3992686	0
835.15	0	.5056078	.09516272	.3992295	0
834.15	0	.5049342	.09587499	.3991908	0
833.15	0	.5042843	.096563	.3991527	0
832.15	0	.503657	.09722791	.3991151	0
831.15	0	.5030513	.0978708	.3990779	0
830.15	0	.5024662	.09849268	.3990411	0
829.15	0	.5019007	.09909452	.3990048	0
828.15	0	.5013539	.09967724	.3989688	0
827.15	0	.5008251	.1002417	.3989333	0
826.15	0	.5003133	.1007887	.398898	0
825.15	0	.4998179	.101319	.3988631	0
824.15	0	.499338	.1018334	.3988285	0
823.15	0	.4988732	.1023326	.3987942	0
822.15	0	.4984226	.1028172	.3987602	0
821.15	0	.4979857	.1032878	.3987265	0
820.15	0	.4975619	.1037451	.398693	0
819.15	0	.4971507	.1041896	.3986597	0
818.15	0	.4967514	.1046219	.3986267	0
817.15	0	.4963637	.1050424	.3985939	0
816.15	0	.495987	.1054517	.3985613	0
815.15	0	.4956209	.1058502	.3985288	0
814.15	0	.495265	.1062384	.3984966	0
813.15	0	.4949188	.1066166	.3984645	0
812.15	0	.494582	.1069854	.3984326	0
811.15	0	.4942542	.107345	.3984008	0
810.15	0	.493935	.1076958	.3983692	0
809.15	0	.4936241	.1080383	.3983377	0
808.15	0	.4933211	.1083726	.3983063	0
807.15	0	.4930258	.1086992	.398275	0
806.15	0	.4927378	.1090183	.3982439	0
805.15	0	.4924569	.1093303	.3982128	0
804.15	0	.4921829	.1096353	.3981818	0
803.15	0	.4919153	.1099338	.3981509	0
802.15	0	.4916541	.1102258	.3981201	0
801.15	0	.4913989	.1105117	.3980894	0
800.15	0	.4911496	.1107917	.3980588	0
799.15	0	.4909059	.111066	.3980282	0
798.15	0	.4906676	.1113348	.3979976	0
797.15	0	.4904345	.1115984	.3979671	0
796.15	0	.4902064	.1118569	.3979367	0
795.15	0	.4899832	.1121105	.3979063	0
794.15	0	.4897647	.1123593	.397876	0
793.15	0	.4895506	.1126037	.3978457	0
792.15	0	.4893409	.1128437	.3978154	0
791.15	0	.4891354	.1130794	.3977852	0
790.15	0	.488934	.1133111	.3977549	0
789.15	0	.4887364	.1135388	.3977248	0
788.15	0	.4885427	.1137628	.3976946	0
787.15	0	.4883525	.1139831	.3976644	0
786.15	0	.4881659	.1141998	.3976343	0
785.15	0	.4879827	.1144132	.3976042	0
784.15	0	.4878027	.1146233	.3975741	0
783.15	0	.4876259	.1148301	.397544	0
782.15	0	.4874522	.115034	.3975138	0
781.15	0	.4872814	.1152348	.3974837	0
780.15	0	.4871136	.1154328	.3974536	0
779.15	0	.4869484	.115628	.3974235	0
778.15	0	.486786	.1158206	.3973934	0
777.15	0	.4866261	.1160105	.3973633	0
776.15	0	.4864688	.116198	.3973332	0
775.15	0	.4863139	.116383	.3973031	0
774.15	0	.4861614	.1165657	.3972729	0
773.15	0	.4860111	.1167461	.3972428	0
772.15	0	.485863	.1169243	.3972126	0
771.15	0	.4857171	.1171005	.3971825	0
770.15	0	.4855733	.1172745	.3971523	0
769.15	0	.4854314	.1174465	.3971221	0
768.15	0	.4852915	.1176167	.3970918	0
767.15	0	.4851535	.1177849	.3970616	0
766.15	0	.4850173	.1179514	.3970313	0
765.15	0	.4848829	.118116	.397001	0
764.15	0	.4847503	.118279	.3969707	0
763.15	0	.4846193	.1184403	.3969404	0
762.15	0	.4844899	.1186001	.39691	0
761.15	0	.4843621	.1187583	.3968797	0
760.15	0	.4842358	.1189149	.3968493	0
759.15	0	.4841111	.1190701	.3968188	0
758.15	0	.4839877	.1192239	.3967884	0
757.15	0	.4838658	.1193763	.3967579	0
756.15	0	.4837452	.1195274	.3967274	0
755.15	0	.483626	.1196772	.3966968	0
754.15	0	.483508	.1198257	.3966663	0
753.15	0	.4833913	.119973	.3966357	0
752.15	0	.4832758	.1201191	.3966051	0
751.15	0	.4831615	.120264	.3965744	0
750.15	0	.4830484	.1204079	.3965437	0
749.15	0	.4829364	.1205506	.396513	0
748.15	0	.4828255	.1206923	.3964823	0
747.15	0	.4827156	.1208329	.3964515	0
746.15	0	.4826068	.1209725	.3964207	0
745.15	0	.482499	.1211112	.3963898	0
744.15	0	.4823934	.121248	.3963587	0
743.15	0	.4822874	.1213848	.3963278	0
742.15	0	.4821824	.1215207	.3962969	0
741.15	0	.4820783	.1216558	.3962659	0
740.15	0	.4819751	.12179	.3962349	0
739.15	0	.4818727	.1219233	.3962039	0
738.15	0	.4817713	.1220559	.3961729	0
737.15	0	.4816706	.1221876	.3961418	0
736.15	0	.4815708	.1223186	.3961107	0
735.15	0	.4814717	.1224488	.3960795	0
734.15	0	.4813734	.1225783	.3960483	0
733.15	0	.4812759	.122707	.3960171	0
732.15	0	.4811791	.1228351	.3959859	0
731.15	0	.481083	.1229625	.3959546	0
730.15	0	.4809876	.1230892	.3959233	0
729.15	0	.4808929	.1232152	.3958919	0
728.15	0	.4807989	.1233406	.3958605	0
727.15	0	.4807055	.1234654	.3958291	0
726.15	0	.4806127	.1235896	.3957977	0
725.15	0	.4805206	.1237132	.3957662	0
724.15	0	.4804291	.1238362	.3957347	0
723.15	0	.4803382	.1239587	.3957031	0
722.15	0	.4802479	.1240806	.3956715	0
721.15	0	.4801582	.1242019	.3956399	0
720.15	0	.480069	.1243228	.3956083	0
719.15	0	.4799803	.1244431	.3955766	0
718.15	0	.4798922	.1245629	.3955449	0
717.15	0	.4798046	.1246822	.3955131	0
716.15	0	.4797176	.124801	.3954814	0
715.15	0	.479631	.1249194	.3954496	0
714.15	0	.479545	.1250373	.3954177	0
713.15	0	.4794594	.1251547	.3953859	0
712.15	0	.4793743	.1252717	.395354	0
711.15	0	.4792897	.1253883	.3953221	0
710.15	0	.4792055	.1255044	.3952901	0
709.15	0	.4791218	.1256201	.3952581	0
708.15	0	.4790385	.1257354	.3952261	0
707.15	0	.4789556	.1258503	.3951941	0
706.15	0	.4788732	.1259648	.395162	0
705.15	0	.4787912	.1260789	.3951299	0
704.15	0	.4787096	.1261926	.3950978	0
703.15	0	.4786284	.126306	.3950657	0
702.15	0	.4785475	.126419	.3950335	0
701.15	0	.4784671	.1265316	.3950013	0
700.15	0	.4783871	.1266439	.3949691	0
699.15	0	.4783074	.1267558	.3949368	0
698.15	0	.4782281	.1268674	.3949045	0
697.15	0	.4781492	.1269786	.3948722	0
696.15	0	.4780706	.1270895	.3948399	0
695.15	0	.4779923	.1272001	.3948075	0
694.15	0	.4779144	.1273104	.3947752	0
693.15	0	.4778369	.1274204	.3947428	0
692.15	0	.4777597	.12753	.3947103	0
691.15	0	.4776828	.1276393	.3946779	0
690.15	0	.4776062	.1277484	.3946454	0
689.15	0	.47753	.1278571	.3946129	0
688.15	0	.477454	.1279656	.3945804	0
687.15	0	.4773784	.1280737	.3945479	0
686.15	0	.4773031	.1281816	.3945153	0
685.15	0	.477228	.1282892	.3944828	0
684.15	0	.4771533	.1283965	.3944502	0
683.15	0	.4770789	.1285036	.3944176	0
682.15	0	.4770047	.1286104	.3943849	0
681.15	0	.4769308	.1287169	.3943523	0
680.15	0	.4768573	.1288232	.3943196	0
679.15	0	.4767839	.1289292	.3942869	0
678.15	0	.4767109	.1290349	.3942542	0
677.15	0	.4766381	.1291404	.3942215	0
676.15	0	.4765656	.1292457	.3941887	0
675.15	0	.4764934	.1293507	.394156	0
674.15	0	.4764214	.1294554	.3941232	0
673.15	0	.4763496	.12956	.3940904	0
672.15	0	.4762782	.1296643	.3940576	0
671.15	0	.4762069	.1297683	.3940248	0
670.15	0	.4761359	.1298721	.3939919	0
669.15	0	.4760652	.1299757	.3939591	0
668.15	0	.4759947	.1300791	.3939262	0
667.15	0	.4759244	.1301822	.3938933	0
666.15	0	.4758544	.1302852	.3938604	0
665.15	0	.4757846	.1303879	.3938275	0
664.15	0	.475715	.1304903	.3937946	0
663.15	0	.4756457	.1305926	.3937617	0
662.15	0	.4755766	.1306946	.3937288	0
661.15	0	.4755077	.1307965	.3936958	0
660.15	0	.475439	.1308981	.3936629	0
659.15	0	.4753706	.1309995	.3936299	0
658.15	0	.4753023	.1311008	.3935969	0
657.15	0	.4752343	.1312018	.3935639	0
656.15	0	.4751665	.1313026	.3935309	0
655.15	0	.4750989	.1314032	.3934979	0
654.15	0	.4750315	.1315036	.3934649	0
653.15	0	.4749643	.1316038	.3934319	0
652.15	0	.4748973	.1317038	.3933989	0
651.15	0	.4748306	.1318036	.3933659	0
650.15	0	.474764	.1319032	.3933328	0
649.15	0	.4746976	.1320026	.3932998	0
648.15	0	.4746314	.1321018	.3932668	0
647.15	0	.4745654	.1322009	.3932337	0
646.15	0	.4744996	.1322997	.3932007	0
645.15	0	.474434	.1323983	.3931676	0
644.15	0	.4743686	.1324968	.3931346	0
643.15	0	.4743034	.1325951	.3931015	0
642.15	0	.4742384	.1326932	.3930685	0
641.15	0	.4741735	.1327911	.3930354	0
640.15	0	.4741089	.1328888	.3930023	0
639.15	0	.4740444	.1329864	.3929693	0
638.15	0	.4739801	.1330837	.3929362	0
637.15	0	.473916	.1331809	.3929031	0
636.15	0	.473852	.1332779	.3928701	0
635.15	0	.4737883	.1333747	.392837	0
634.15	0	.4737247	.1334713	.392804	0
633.15	0	.4736613	.1335678	.3927709	0
632.15	0	.4735981	.1336641	.3927379	0
631.15	0	.473535	.1337601	.3927048	0
630.15	0	.4734722	.1338561	.3926718	0
629.15	0	.4734095	.1339518	.3926387	0
628.15	0	.4733469	.1340474	.3926057	0
627.15	0	.4732846	.1341428	.3925727	0
626.15	0	.4732224	.134238	.3925397	0
625.15	0	.4731603	.134333	.3925066	0
624.15	0	.4730985	.1344279	.3924736	0
623.15	0	.4730368	.1345226	.3924406	0
622.15	0	.4729753	.1346171	.3924076	0
621.15	0	.4729139	.1347115	.3923747	0
620.15	0	.4728527	.1348056	.3923417	0
619.15	0	.4727917	.1348997	.3923087	0
618.15	0	.4727308	.1349935	.3922757	0
617.15	0	.4726701	.1350871	.3922428	0
616.15	0	.4726095	.1351806	.3922099	0
615.15	0	.4725491	.135274	.3921769	0
614.15	0	.4724889	.1353671	.392144	0
613.15	0	.4724288	.1354601	.3921111	0
612.15	0	.4723689	.1355529	.3920782	0
611.15	0	.4723091	.1356455	.3920453	0
610.15	0	.4722495	.135738	.3920125	0
609.15	0	.4721901	.1358303	.3919796	0
608.15	0	.4721308	.1359224	.3919468	0
607.15	0	.4720717	.1360144	.391914	0
606.15	0	.4720127	.1361062	.3918812	0
605.15	0	.4719538	.1361978	.3918484	0
604.15	0	.4718952	.1362892	.3918156	0
603.15	0	.4718366	.1363805	.3917829	0
602.15	0	.4717783	.1364716	.3917501	0
601.15	0	.47172	.1365626	.3917174	0
600.15	0	.471662	.1366534	.3916847	0
599.15	0	.471604	.136744	.391652	0
598.15	0	.4715463	.1368344	.3916194	0
597.15	0	.4714886	.1369247	.3915867	0
596.15	0	.4714312	.1370148	.3915541	0
595.15	0	.4713738	.1371047	.3915215	0
594.15	0	.4713167	.1371944	.3914889	0
593.15	0	.4712596	.137284	.3914564	0
592.15	0	.4712027	.1373735	.3914238	0
591.15	0	.471146	.1374627	.3913913	0
590.15	0	.4710894	.1375518	.3913588	0
589.15	0	.471033	.1376407	.3913263	0
588.15	0	.4709766	.1377295	.3912939	0
587.15	0	.4709205	.137818	.3912615	0
586.15	0	.4708645	.1379064	.3912291	0
585.15	0	.4708086	.1379947	.3911967	0
584.15	0	.4707529	.1380827	.3911644	0
583.15	0	.4706973	.1381706	.3911321	0
582.15	0	.4706419	.1382584	.3910998	0
581.15	0	.4705866	.1383459	.3910675	0
580.15	0	.4705314	.1384333	.3910353	0
579.15	0	.4704764	.1385205	.3910031	0
578.15	0	.4704215	.1386075	.3909709	0
577.15	0	.4703668	.1386944	.3909388	0
576.15	0	.4703122	.1387811	.3909067	0
575.15	0	.4702578	.1388676	.3908746	0
574.15	0	.4702035	.138954	.3908425	0
573.15	0	.4701493	.1390402	.3908105	0
572.15	0	.4700953	.1391262	.3907785	0
571.15	0	.4700414	.139212	.3907466	0
570.15	0	.4699877	.1392977	.3907147	0
569.15	0	.4699341	.1393832	.3906828	0
568.15	0	.4698806	.1394685	.3906509	0
567.15	0	.4698273	.1395536	.3906191	0
566.15	0	.4697741	.1396386	.3905873	0
565.15	0	.469721	.1397234	.3905556	0
564.15	0	.4696681	.139808	.3905239	0
563.15	0	.4696154	.1398925	.3904922	0
562.15	0	.4695627	.1399767	.3904606	0
561.15	0	.4695102	.1400608	.3904289	0
560.15	0	.4694579	.1401447	.3903974	0
559.15	0	.4694057	.1402285	.3903659	0
558.15	0	.4693536	.140312	.3903344	0
557.15	0	.4693016	.1403955	.3903029	0
556.15	0	.4692498	.1404787	.3902715	0
555.15	0	.4691981	.1405617	.3902402	0
554.15	0	.4691466	.1406446	.3902088	0
553.15	0	.4690952	.1407272	.3901775	0
552.15	0	.469044	.1408097	.3901463	0
551.15	0	.4689928	.1408921	.3901151	0
550.15	0	.4689418	.1409742	.390084	0
549.15	0	.468891	.1410562	.3900528	0
548.15	0	.4688403	.141138	.3900218	0
547.15	0	.4687897	.1412196	.3899907	0
546.15	0	.4687392	.141301	.3899598	0
545.15	0	.4686889	.1413823	.3899288	0
544.15	0	.4686388	.1414633	.3898979	0
543.15	0	.4685887	.1415442	.3898671	0
542.15	0	.4685388	.1416249	.3898363	0
541.15	0	.468489	.1417054	.3898055	0
540.15	0	.4684394	.1417858	.3897748	0
539.15	0	.4683899	.1418659	.3897442	0
538.15	0	.4683405	.1419459	.3897136	0
537.15	0	.4682913	.1420257	.389683	0
536.15	0	.4682422	.1421053	.3896525	0
535.15	0	.4681933	.1421847	.389622	0
534.15	0	.4681444	.142264	.3895916	0
533.15	0	.4680957	.142343	.3895613	0
532.15	0	.4680472	.1424219	.389531	0
531.15	0	.4679987	.1425006	.3895007	0
530.15	0	.4679505	.1425791	.3894705	0
529.15	0	.4679023	.1426574	.3894404	0
528.15	0	.4678543	.1427355	.3894103	0
527.15	0	.4678064	.1428134	.3893802	0
526.15	0	.4677586	.1428912	.3893502	0
525.15	0	.467711	.1429687	.3893203	0
524.15	0	.4676635	.1430461	.3892904	0
523.15	0	.4676161	.1431233	.3892606	0
522.15	0	.4675689	.1432003	.3892308	0
521.15	0	.4675218	.1432771	.3892011	0
520.15	0	.4674749	.1433537	.3891714	0
519.15	0	.4674281	.1434301	.3891418	0
518.15	0	.4673813	.1435064	.3891123	0
517.15	0	.4673348	.1435824	.3890828	0
516.15	0	.4672884	.1436583	.3890534	0
515.15	0	.4672421	.1437339	.389024	0
514.15	0	.4671959	.1438094	.3889947	0
513.15	0	.4671499	.1438847	.3889654	0
512.15	0	.467104	.1439598	.3889362	0
511.15	0	.4670582	.1440347	.3889071	0
510.15	0	.4670126	.1441093	.3888781	0
509.15	0	.4669671	.1441839	.3888491	0
508.15	0	.4669217	.1442582	.3888201	0
507.15	0	.4668765	.1443323	.3887912	0
506.15	0	.4668314	.1444062	.3887624	0
505.15	0	.4667864	.1444799	.3887337	0
504.15	0	.4667416	.1445535	.3887049	0
503.15	0	.4666969	.1446268	.3886763	0
502.15	0	.4666523	.1446999	.3886478	0
501.15	0	.4666079	.1447729	.3886193	0
500.15	0	.4665636	.1448456	.3885908	0
499.15	0	.4665194	.1449182	.3885625	0
498.15	0	.4664753	.1449905	.3885342	0
497.15	0	.4664315	.1450627	.3885059	0
496.15	0	.4663877	.1451346	.3884777	0
495.15	0	.4663441	.1452064	.3884496	0
494.15	0	.4663005	.1452779	.3884215	0
493.15	0	.4662572	.1453493	.3883936	0
492.15	0	.4662139	.1454204	.3883657	0
491.15	0	.4661708	.1454914	.3883379	0
490.15	0	.4661278	.1455621	.3883101	0
489.15	0	.4660849	.1456327	.3882824	0
488.15	0	.4660422	.145703	.3882548	0
487.15	0	.4659996	.1457732	.3882272	0
486.15	0	.4659571	.1458431	.3881998	0
485.15	0	.4659148	.1459129	.3881724	0
484.15	0	.4658726	.1459824	.388145	0
483.15	0	.4658305	.1460518	.3881177	0
482.15	0	.4657886	.1461209	.3880906	0
481.15	0	.4657467	.1461898	.3880634	0
480.15	0	.4657051	.1462585	.3880364	0
479.15	0	.4656635	.1463271	.3880094	0
478.15	0	.4656221	.1463954	.3879825	0
477.15	0	.4655808	.1464635	.3879557	0
476.15	0	.4655396	.1465314	.387929	0
475.15	0	.4654986	.1465991	.3879023	0
474.15	0	.4654577	.1466666	.3878757	0
473.15	0	.4654169	.1467339	.3878492	0
472.15	0	.4653763	.146801	.3878227	0
471.15	0	.4653358	.1468679	.3877964	0
470.15	0	.4652954	.1469346	.3877701	0
469.15	0	.4652551	.147001	.3877439	0
468.15	0	.465215	.1470673	.3877177	0
467.15	0	.465175	.1471333	.3876917	0
466.15	0	.4651351	.1471992	.3876657	0
465.15	0	.4650954	.1472648	.3876398	0
464.15	0	.4650558	.1473302	.387614	0
463.15	0	.4650163	.1473955	.3875882	0
462.15	0	.464977	.1474605	.3875626	0
461.15	0	.4649378	.1475253	.387537	0
460.5269	0	.4649134	.1475655	.3875211	0
460.5269	0	.4649134	.1475655	.3875211	0
460.5269	0	.4649134	.1475655	.3875211	0
460.15	0	.4649689	.1474217	.3874305	1.789552E-04
459.15	0	.4651157	.1470408	.3871904	6.531946E-04
458.15	0	.465262	.1466607	.3869507	.00112659
457.15	0	.4654077	.1462815	.3867116	.001599148
456.15	0	.4655529	.1459032	.386473	.002070876
455.15	0	.4656975	.1455258	.3862349	.002541783
454.15	0	.4658416	.1451492	.3859973	.003011875
453.15	0	.4659852	.1447735	.3857602	.003481159
452.15	0	.4661283	.1443985	.3855236	.003949643
451.15	0	.4662709	.1440244	.3852874	.004417334
450.15	0	.4664129	.1436511	.3850517	.004884238
449.15	0	.4665546	.1432785	.3848165	.005350374
448.15	0	.4666958	.1429067	.3845818	.00581574
447.15	0	.4668365	.1425356	.3843476	.006280342
446.15	0	.4669767	.1421653	.3841138	.006744188
445.15	0	.4671165	.1417957	.3838805	.007207286
444.15	0	.4672559	.1414268	.3836477	.007669644
443.15	0	.4673948	.1410586	.3834153	.008131268
442.15	0	.4675334	.1406911	.3831834	.008592166
441.15	0	.4676715	.1403242	.3829519	.009052347
440.15	0	.4678092	.139958	.3827209	.009511816
439.15	0	.4679466	.1395925	.3824904	.009970581
438.15	0	.4680835	.1392275	.3822603	.01042865
437.15	0	.4682201	.1388632	.3820307	.01088603
436.15	0	.4683564	.1384994	.3818015	.01134272
435.15	0	.4684923	.1381362	.3815727	.01179874
434.15	0	.4686278	.1377736	.3813444	.01225409
433.15	0	.468763	.1374116	.3811166	.01270878
432.15	0	.4688979	.1370501	.3808892	.0131628
431.15	0	.4690325	.1366891	.3806622	.01361618
430.15	0	.4691668	.1363287	.3804357	.01406892
429.15	0	.4693007	.1359687	.3802095	.01452101
428.15	0	.4694344	.1356093	.3799839	.01497248
427.15	0	.4695677	.1352503	.3797586	.01542332
426.15	0	.4697008	.1348919	.3795338	.01587354
425.15	0	.4698336	.1345338	.3793094	.01632314
424.15	0	.4699661	.1341763	.3790855	.01677214
423.15	0	.4700984	.1338191	.3788619	.01722054
422.15	0	.4702304	.1334625	.3786388	.01766834
421.15	0	.4703622	.1331062	.3784161	.01811555
420.15	0	.4704937	.1327503	.3781938	.01856217
419.15	0	.470625	.1323949	.3779719	.01900821
418.15	0	.470756	.1320399	.3777504	.01945368
417.15	0	.4708869	.1316852	.3775294	.01989859
416.15	0	.4710175	.1313309	.3773087	.02034292
415.15	0	.4711478	.130977	.3770885	.0207867
414.15	0	.471278	.1306234	.3768686	.02122993
413.15	0	.471408	.1302702	.3766492	.0216726
412.15	0	.4715377	.1299174	.3764302	.02211474
411.15	0	.4716673	.1295649	.3762115	.02255634
410.15	0	.4717967	.1292127	.3759933	.0229974
409.15	0	.4719259	.1288608	.3757754	.02343793
408.15	0	.4720548	.1285092	.375558	.02387794
407.15	0	.4721837	.128158	.3753409	.02431743
406.15	0	.4723123	.127807	.3751242	.0247564
405.15	0	.4724408	.1274564	.3749079	.02519487
404.15	0	.4725691	.127106	.374692	.02563283
403.15	0	.4726973	.1267559	.3744765	.02607029
402.15	0	.4728253	.1264061	.3742614	.02650725
401.15	0	.4729532	.1260565	.3740466	.02694372
400.15	0	.4730809	.1257072	.3738322	.0273797
399.15	0	.4732084	.1253582	.3736182	.0278152
398.15	0	.4733358	.1250094	.3734046	.02825022
397.15	0	.4734631	.1246609	.3731913	.02868476
396.15	0	.4735902	.1243125	.3729784	.02911883
395.15	0	.4737172	.1239645	.3727659	.02955243
394.15	0	.4738441	.1236166	.3725537	.02998557
393.15	0	.4739709	.123269	.3723419	.03041825
392.15	0	.4740975	.1229215	.3721305	.03085047
391.15	0	.474224	.1225743	.3719194	.03128225
390.15	0	.4743504	.1222273	.3717087	.03171357
389.15	0	.4744767	.1218805	.3714983	.03214445
388.15	0	.4746029	.1215339	.3712883	.03257489
387.15	0	.474729	.1211875	.3710787	.03300489
386.15	0	.4748549	.1208412	.3708694	.03343446
385.15	0	.4749808	.1204951	.3706605	.03386359
384.15	0	.4751066	.1201493	.3704519	.0342923
383.15	0	.4752322	.1198036	.3702436	.03472059
382.15	0	.4753578	.119458	.3700357	.03514845
381.15	0	.4754833	.1191127	.3698282	.0355759
380.15	0	.4756087	.1187674	.369621	.03600294
379.15	0	.4757339	.1184224	.3694141	.03642957
