T	 BPW(LIQUID)	BPW(BCC_A2)	BPW(FCC_A1)	BPW(LAVES_PHASE_C14)	BPW(NI3TI)
1473.15	.01103884	.9889612	0	0	0
1472.15	.009308951	.9906911	0	0	0
1471.15	.00758993	.9924101	0	0	0
1470.15	.005881682	.9941183	0	0	0
1469.15	.004184115	.9958159	0	0	0
1468.15	.002497137	.9975029	0	0	0
1467.15	8.206582E-04	.9991793	0	0	0
1466.658	0	1	0	0	0
1466.658	0	1	0	0	0
1466.15	0	1	0	0	0
1465.15	0	1	0	0	0
1464.15	0	1	0	0	0
1463.15	0	1	0	0	0
1462.15	0	1	0	0	0
1461.15	0	1	0	0	0
1460.15	0	1	0	0	0
1459.15	0	1	0	0	0
1458.15	0	1	0	0	0
1457.15	0	1	0	0	0
1456.15	0	1	0	0	0
1455.15	0	1	0	0	0
1454.15	0	1	0	0	0
1453.15	0	1	0	0	0
1452.855	0	1	0	0	0
1452.855	0	1	0	0	0
1452.855	0	1	0	0	0
1452.15	0	.9986613	.001338747	0	0
1451.15	0	.9967639	.003236137	0	0
1450.15	0	.9948696	.005130374	0	0
1449.15	0	.9929785	.007021461	0	0
1448.15	0	.9910906	.008909401	0	0
1447.15	0	.9892058	.0107942	0	0
1446.15	0	.9873242	.01267585	0	0
1445.15	0	.9854456	.01455437	0	0
1444.15	0	.9835703	.01642975	0	0
1443.15	0	.981698	.018302	0	0
1442.15	0	.9798289	.02017112	0	0
1441.15	0	.9779629	.02203712	0	0
1440.15	0	.9761	.02389999	0	0
1439.15	0	.9742403	.02575974	0	0
1438.15	0	.9723836	.02761637	0	0
1437.15	0	.9705301	.02946989	0	0
1436.15	0	.9686797	.03132029	0	0
1435.15	0	.9668324	.03316759	0	0
1434.15	0	.9649882	.03501178	0	0
1433.15	0	.9631471	.03685286	0	0
1432.15	0	.9613092	.03869085	0	0
1431.15	0	.9594743	.04052573	0	0
1430.15	0	.9576425	.04235752	0	0
1429.15	0	.9558138	.04418621	0	0
1428.15	0	.9539882	.04601181	0	0
1427.15	0	.9521657	.04783432	0	0
1426.15	0	.9503462	.04965375	0	0
1425.15	0	.9485299	.05147009	0	0
1424.15	0	.9467166	.05328335	0	0
1423.15	0	.9449065	.05509353	0	0
1422.15	0	.9430994	.05690064	0	0
1421.15	0	.9412953	.05870467	0	0
1420.15	0	.9394944	.06050562	0	0
1419.15	0	.9376965	.06230351	0	0
1418.15	0	.9359017	.06409832	0	0
1417.15	0	.9341099	.06589008	0	0
1416.15	0	.9323212	.06767877	0	0
1415.15	0	.9305356	.06946439	0	0
1414.15	0	.928753	.07124696	0	0
1413.15	0	.9269735	.07302647	0	0
1412.15	0	.9251971	.07480292	0	0
1411.15	0	.9234237	.07657632	0	0
1410.15	0	.9216533	.07834666	0	0
1409.15	0	.919886	.08011396	0	0
1408.15	0	.9181218	.08187821	0	0
1407.15	0	.9163606	.08363941	0	0
1406.15	0	.9146024	.08539757	0	0
1405.15	0	.9128473	.08715269	0	0
1404.15	0	.9110952	.08890476	0	0
1403.15	0	.9093462	.0906538	0	0
1402.15	0	.9076002	.0923998	0	0
1401.15	0	.9058572	.09414276	0	0
1400.15	0	.9041173	.09588268	0	0
1399.15	0	.9023804	.09761958	0	0
1398.15	0	.9006466	.09935344	0	0
1397.15	0	.8989157	.1010843	0	0
1396.15	0	.8971879	.1028121	0	0
1395.15	0	.8954631	.1045369	0	0
1394.15	0	.8937414	.1062586	0	0
1393.15	0	.8920227	.1079773	0	0
1392.15	0	.890307	.109693	0	0
1391.15	0	.8885943	.1114057	0	0
1390.15	0	.8868846	.1131154	0	0
1389.15	0	.885178	.114822	0	0
1388.15	0	.8834744	.1165256	0	0
1387.15	0	.8817738	.1182262	0	0
1386.15	0	.8800762	.1199238	0	0
1385.15	0	.8783816	.1216184	0	0
1384.15	0	.87669	.12331	0	0
1383.15	0	.8750015	.1249985	0	0
1382.15	0	.873316	.126684	0	0
1381.15	0	.8716335	.1283666	0	0
1380.15	0	.8699539	.1300461	0	0
1379.15	0	.8682774	.1317226	0	0
1378.15	0	.866604	.133396	0	0
1377.15	0	.8649335	.1350665	0	0
1376.15	0	.863266	.136734	0	0
1375.15	0	.8616015	.1383985	0	0
1374.15	0	.8599401	.1400599	0	0
1373.15	0	.8582816	.1417184	0	0
1372.15	0	.8566262	.1433738	0	0
1371.15	0	.8549737	.1450263	0	0
1370.15	0	.8533243	.1466757	0	0
1369.15	0	.8516779	.1483221	0	0
1368.15	0	.8500345	.1499656	0	0
1367.15	0	.848394	.151606	0	0
1366.15	0	.8467566	.1532434	0	0
1365.15	0	.8451222	.1548778	0	0
1364.15	0	.8434908	.1565092	0	0
1363.15	0	.8418624	.1581376	0	0
1362.15	0	.840237	.159763	0	0
1361.15	0	.8386146	.1613854	0	0
1360.15	0	.8369952	.1630048	0	0
1359.15	0	.8353788	.1646212	0	0
1358.15	0	.8337654	.1662346	0	0
1357.15	0	.832155	.167845	0	0
1356.15	0	.8305477	.1694523	0	0
1355.15	0	.8289433	.1710567	0	0
1354.15	0	.8273419	.1726581	0	0
1353.15	0	.8257436	.1742564	0	0
1352.15	0	.8241482	.1758518	0	0
1351.15	0	.8225559	.1774441	0	0
1350.15	0	.8209665	.1790335	0	0
1349.15	0	.8193802	.1806198	0	0
1348.15	0	.8177969	.1822031	0	0
1347.15	0	.8162165	.1837835	0	0
1346.15	0	.8146392	.1853608	0	0
1345.15	0	.8130649	.1869351	0	0
1344.15	0	.8114937	.1885064	0	0
1343.15	0	.8099254	.1900746	0	0
1342.15	0	.8083601	.1916399	0	0
1341.15	0	.8067979	.1932021	0	0
1340.15	0	.8052386	.1947614	0	0
1339.15	0	.8036824	.1963176	0	0
1338.15	0	.8021292	.1978708	0	0
1337.15	0	.8005791	.1994209	0	0
1336.15	0	.7990319	.2009681	0	0
1335.15	0	.7974878	.2025122	0	0
1334.15	0	.7959466	.2040534	0	0
1333.15	0	.7944086	.2055914	0	0
1332.15	0	.7928735	.2071265	0	0
1331.15	0	.7913415	.2086585	0	0
1330.15	0	.7898124	.2101876	0	0
1329.15	0	.7882865	.2117135	0	0
1328.15	0	.7867635	.2132365	0	0
1327.15	0	.7852436	.2147564	0	0
1326.15	0	.7837267	.2162733	0	0
1325.15	0	.7822129	.2177871	0	0
1324.15	0	.7807021	.2192979	0	0
1323.15	0	.7791943	.2208057	0	0
1322.15	0	.7776896	.2223104	0	0
1321.15	0	.776188	.223812	0	0
1320.15	0	.7746893	.2253107	0	0
1319.15	0	.7731938	.2268062	0	0
1318.15	0	.7717013	.2282987	0	0
1317.15	0	.7702118	.2297882	0	0
1316.15	0	.7687254	.2312746	0	0
1315.15	0	.767242	.232758	0	0
1314.15	0	.7657617	.2342383	0	0
1313.15	0	.7642845	.2357155	0	0
1312.15	0	.7628104	.2371896	0	0
1311.15	0	.7613393	.2386607	0	0
1310.15	0	.7598713	.2401287	0	0
1309.15	0	.7584063	.2415937	0	0
1308.15	0	.7569445	.2430555	0	0
1307.15	0	.7554857	.2445143	0	0
1306.15	0	.75403	.24597	0	0
1305.15	0	.7525774	.2474226	0	0
1304.15	0	.7511279	.2488721	0	0
1303.15	0	.7496815	.2503185	0	0
1302.15	0	.7482382	.2517618	0	0
1301.15	0	.746798	.253202	0	0
1300.15	0	.7453608	.2546392	0	0
1299.15	0	.7439268	.2560732	0	0
1298.15	0	.7424959	.2575041	0	0
1297.15	0	.7410682	.2589318	0	0
1296.15	0	.7396435	.2603565	0	0
1295.15	0	.738222	.261778	0	0
1294.15	0	.7368036	.2631965	0	0
1293.15	0	.7353883	.2646117	0	0
1292.15	0	.7339761	.2660239	0	0
1291.15	0	.7325671	.2674329	0	0
1290.15	0	.7311613	.2688387	0	0
1289.15	0	.7297585	.2702415	0	0
1288.15	0	.728359	.271641	0	0
1287.15	0	.7269626	.2730374	0	0
1286.15	0	.7255693	.2744307	0	0
1285.15	0	.7241792	.2758208	0	0
1284.15	0	.7227923	.2772077	0	0
1283.15	0	.7214086	.2785914	0	0
1282.15	0	.720028	.279972	0	0
1281.15	0	.7186506	.2813494	0	0
1280.15	0	.7172764	.2827236	0	0
1279.15	0	.7159054	.2840946	0	0
1278.15	0	.7145376	.2854624	0	0
1277.15	0	.713173	.286827	0	0
1276.15	0	.7118117	.2881883	0	0
1275.15	0	.7104535	.2895465	0	0
1274.15	0	.7090985	.2909015	0	0
1273.15	0	.7077468	.2922532	0	0
1272.15	0	.7063983	.2936017	0	0
1271.15	0	.7050531	.294947	0	0
1270.15	0	.703711	.296289	0	0
1269.15	0	.7023723	.2976277	0	0
1268.15	0	.7010367	.2989633	0	0
1267.15	0	.6997045	.3002955	0	0
1266.15	0	.6983755	.3016245	0	0
1265.15	0	.6970498	.3029502	0	0
1264.15	0	.6957273	.3042727	0	0
1263.15	0	.6944082	.3055918	0	0
1262.15	0	.6930923	.3069077	0	0
1261.15	0	.6917798	.3082202	0	0
1260.15	0	.6904705	.3095295	0	0
1259.15	0	.6891645	.3108355	0	0
1258.15	0	.6878619	.3121381	0	0
1257.15	0	.6865626	.3134374	0	0
1256.15	0	.6852666	.3147334	0	0
1255.15	0	.683974	.316026	0	0
1254.15	0	.6826847	.3173153	0	0
1253.15	0	.6813988	.3186012	0	0
1252.15	0	.6801162	.3198838	0	0
1251.15	0	.678837	.321163	0	0
1250.15	0	.6775611	.3224389	0	0
1249.15	0	.6762887	.3237113	0	0
1248.15	0	.6750196	.3249804	0	0
1247.15	0	.673754	.326246	0	0
1246.15	0	.6724917	.3275083	0	0
1245.15	0	.6712329	.3287671	0	0
1244.15	0	.6699774	.3300226	0	0
1243.15	0	.6687255	.3312746	0	0
1242.15	0	.6674769	.3325231	0	0
1241.15	0	.6662318	.3337682	0	0
1240.15	0	.6649902	.3350098	0	0
1239.15	0	.663752	.336248	0	0
1238.15	0	.6625173	.3374827	0	0
1237.15	0	.6612861	.338714	0	0
1236.15	0	.6600583	.3399417	0	0
1235.15	0	.6588341	.3411659	0	0
1234.15	0	.6576134	.3423866	0	0
1233.15	0	.6563962	.3436038	0	0
1232.15	0	.6551825	.3448175	0	0
1231.15	0	.6539724	.3460276	0	0
1230.15	0	.6527658	.3472342	0	0
1229.15	0	.6515627	.3484373	0	0
1228.15	0	.6503633	.3496367	0	0
1227.15	0	.6491674	.3508326	0	0
1226.15	0	.6479751	.3520249	0	0
1225.15	0	.6467864	.3532136	0	0
1224.15	0	.6456013	.3543987	0	0
1223.15	0	.6444198	.3555802	0	0
1222.15	0	.643242	.356758	0	0
1221.15	0	.6420678	.3579322	0	0
1220.15	0	.6408972	.3591028	0	0
1219.15	0	.6397303	.3602697	0	0
1218.15	0	.6385671	.3614329	0	0
1217.15	0	.6374076	.3625924	0	0
1216.15	0	.6362517	.3637483	0	0
1215.15	0	.6350996	.3649004	0	0
1214.15	0	.6339512	.3660489	0	0
1213.15	0	.6328065	.3671936	0	0
1212.15	0	.6316655	.3683345	0	0
1211.15	0	.6305283	.3694717	0	0
1210.15	0	.6293949	.3706051	0	0
1209.15	0	.6282652	.3717348	0	0
1208.15	0	.6271393	.3728607	0	0
1207.15	0	.6260173	.3739827	0	0
1206.15	0	.624899	.375101	0	0
1205.15	0	.6237846	.3762154	0	0
1204.15	0	.622674	.377326	0	0
1203.15	0	.6215673	.3784327	0	0
1202.15	0	.6204644	.3795356	0	0
1201.15	0	.6193654	.3806346	0	0
1200.15	0	.6182703	.3817297	0	0
1199.15	0	.6171791	.3828209	0	0
1198.15	0	.6160918	.3839082	0	0
1197.15	0	.6150085	.3849915	0	0
1196.15	0	.6139291	.3860709	0	0
1195.15	0	.6128536	.3871464	0	0
1194.15	0	.6117822	.3882178	0	0
1193.15	0	.6107147	.3892853	0	0
1192.15	0	.6096512	.3903488	0	0
1191.15	0	.6085918	.3914082	0	0
1190.15	0	.6075364	.3924636	0	0
1189.15	0	.606485	.393515	0	0
1188.15	0	.6054377	.3945623	0	0
1187.15	0	.6043945	.3956055	0	0
1186.15	0	.6033553	.3966447	0	0
1185.15	0	.6023203	.3976797	0	0
1184.15	0	.6012894	.3987106	0	0
1183.15	0	.6002626	.3997374	0	0
1182.15	0	.59924	.40076	0	0
1181.15	0	.5982216	.4017784	0	0
1180.15	0	.5972074	.4027927	0	0
1179.15	0	.5961973	.4038027	0	0
1178.15	0	.5951915	.4048085	0	0
1177.15	0	.5941899	.4058101	0	0
1176.15	0	.5931926	.4068074	0	0
1175.15	0	.5921995	.4078005	0	0
1174.15	0	.5912108	.4087892	0	0
1173.15	0	.5902263	.4097737	0	0
1172.15	0	.5892462	.4107538	0	0
1171.15	0	.5882704	.4117296	0	0
1170.15	0	.5872989	.4127011	0	0
1169.15	0	.5863319	.4136681	0	0
1168.15	0	.5853692	.4146308	0	0
1167.15	0	.584411	.415589	0	0
1166.15	0	.5834571	.4165429	0	0
1165.15	0	.5825078	.4174922	0	0
1164.15	0	.5815629	.4184371	0	0
1163.15	0	.5806225	.4193775	0	0
1162.15	0	.5796866	.4203134	0	0
1161.15	0	.5787552	.4212448	0	0
1160.15	0	.5778284	.4221716	0	0
1159.15	0	.5769061	.4230939	0	0
1158.15	0	.5759885	.4240115	0	0
1157.15	0	.5750754	.4249246	0	0
1156.15	0	.574167	.425833	0	0
1155.15	0	.5732632	.4267368	0	0
1154.15	0	.572364	.427636	0	0
1153.15	0	.5714696	.4285304	0	0
1152.15	0	.5705799	.4294201	0	0
1151.15	0	.5696949	.4303051	0	0
1150.15	0	.5688146	.4311854	0	0
1149.15	0	.5679392	.4320608	0	0
1148.15	0	.5670685	.4329315	0	0
1147.15	0	.5662026	.4337974	0	0
1146.15	0	.5653416	.4346584	0	0
1145.15	0	.5644855	.4355146	0	0
1144.15	0	.5636342	.4363658	0	0
1143.15	0	.5627878	.4372122	0	0
1142.15	0	.5619464	.4380537	0	0
1141.15	0	.5611099	.4388901	0	0
1140.15	0	.5602783	.4397217	0	0
1139.15	0	.5594518	.4405482	0	0
1138.15	0	.5586303	.4413697	0	0
1137.15	0	.5578139	.4421861	0	0
1136.15	0	.5570025	.4429975	0	0
1135.15	0	.5561962	.4438038	0	0
1134.15	0	.555395	.444605	0	0
1133.15	0	.554599	.445401	0	0
1132.15	0	.5538081	.4461919	0	0
1131.15	0	.5530224	.4469776	0	0
1130.15	0	.5522419	.4477581	0	0
1129.15	0	.5514667	.4485333	0	0
1128.15	0	.5506968	.4493033	0	0
1127.15	0	.5499321	.4500679	0	0
1126.15	0	.5491727	.4508273	0	0
1125.15	0	.5484187	.4515813	0	0
1124.15	0	.5476701	.4523299	0	0
1123.15	0	.5469269	.4530732	0	0
1122.15	0	.546189	.453811	0	0
1121.15	0	.5454567	.4545433	0	0
1120.15	0	.5447298	.4552702	0	0
1119.15	0	.5440084	.4559916	0	0
1118.15	0	.5432925	.4567075	0	0
1117.15	0	.5425822	.4574178	0	0
1116.15	0	.5418775	.4581225	0	0
1115.15	0	.5411784	.4588216	0	0
1114.15	0	.540485	.4595151	0	0
1113.15	0	.5397972	.4602028	0	0
1112.15	0	.5391151	.4608849	0	0
1111.15	0	.5384387	.4615613	0	0
1110.15	0	.5377681	.4622319	0	0
1109.15	0	.5371033	.4628967	0	0
1108.15	0	.5364443	.4635557	0	0
1107.15	0	.5357911	.4642089	0	0
1106.15	0	.5351439	.4648561	0	0
1105.15	0	.5345025	.4654975	0	0
1104.15	0	.533867	.466133	0	0
1103.15	0	.5332376	.4667624	0	0
1102.15	0	.5326141	.4673859	0	0
1101.15	0	.5319966	.4680034	0	0
1100.15	0	.5313852	.4686148	0	0
1099.15	0	.5307799	.4692201	0	0
1098.15	0	.5301807	.4698193	0	0
1097.15	0	.5295877	.4704123	0	0
1096.15	0	.5290008	.4709992	0	0
1095.15	0	.5284202	.4715798	0	0
1094.15	0	.5278458	.4721542	0	0
1093.15	0	.5272777	.4727223	0	0
1092.15	0	.5267159	.4732841	0	0
1091.15	0	.5261604	.4738396	0	0
1090.15	0	.5256114	.4743887	0	0
1089.15	0	.5250687	.4749313	0	0
1088.15	0	.5245325	.4754676	0	0
1087.15	0	.5240027	.4759973	0	0
1086.15	0	.5234794	.4765206	0	0
1085.15	0	.5229628	.4770372	0	0
1084.15	0	.5224526	.4775474	0	0
1083.15	0	.5219491	.4780509	0	0
1082.15	0	.5214523	.4785477	0	0
1081.15	0	.5209621	.4790379	0	0
1080.15	0	.5204786	.4795214	0	0
1079.15	0	.5200019	.4799981	0	0
1078.15	0	.519532	.480468	0	0
1077.15	0	.5190689	.4809311	0	0
1076.15	0	.5186126	.4813874	0	0
1075.15	0	.5181632	.4818368	0	0
1074.15	0	.5177208	.4822792	0	0
1073.15	0	.5172853	.4827147	0	0
1072.15	0	.5168568	.4831432	0	0
1071.15	0	.5164354	.4835646	0	0
1070.15	0	.516021	.483979	0	0
1069.15	0	.5156137	.4843863	0	0
1068.15	0	.5152136	.4847864	0	0
1067.15	0	.5148207	.4851793	0	0
1066.15	0	.5144349	.4855651	0	0
1065.15	0	.5140564	.4859436	0	0
1064.15	0	.5136853	.4863147	0	0
1063.15	0	.5133214	.4866786	0	0
1062.15	0	.5129649	.4870351	0	0
1061.15	0	.5126158	.4873842	0	0
1060.15	0	.5122741	.4877259	0	0
1059.15	0	.5119399	.4880601	0	0
1058.15	0	.5116133	.4883867	0	0
1057.15	0	.5112941	.4887059	0	0
1056.15	0	.5109826	.4890174	0	0
1055.15	0	.5106787	.4893213	0	0
1054.15	0	.5103825	.4896176	0	0
1053.15	0	.5100939	.4899061	0	0
1052.15	0	.5098131	.4901869	0	0
1051.15	0	.5095401	.4904599	0	0
1050.15	0	.5092749	.4907251	0	0
1049.15	0	.5090175	.4909825	0	0
1048.15	0	.5087681	.4912319	0	0
1047.15	0	.5085265	.4914735	0	0
1046.15	0	.508293	.491707	0	0
1045.15	0	.5080674	.4919326	0	0
1044.15	0	.5078499	.4921501	0	0
1043.15	0	.5076405	.4923595	0	0
1042.15	0	.5074392	.4925608	0	0
1041.15	0	.5072461	.4927539	0	0
1040.15	0	.5070611	.4929389	0	0
1039.15	0	.5068844	.4931156	0	0
1038.15	0	.506716	.493284	0	0
1037.15	0	.5065559	.4934441	0	0
1036.15	0	.5064041	.4935959	0	0
1035.979	0	.506379	.493621	0	0
1035.979	0	.506379	.493621	0	0
1035.979	0	.506379	.493621	0	0
1035.15	0	.5060095	.4937363	2.542274E-04	0
1034.15	0	.5055717	.4938682	5.601158E-04	0
1033.15	0	.5051427	.4939922	8.650763E-04	0
1032.15	0	.5047225	.4941084	.001169108	0
1031.15	0	.5043112	.4942165	.001472209	0
1030.15	0	.5039089	.4943168	.001774379	0
1029.15	0	.5035154	.494409	.002075616	0
1028.15	0	.503131	.4944931	.002375919	0
1027.15	0	.5027555	.4945692	.002675287	0
1026.15	0	.5023891	.4946372	.002973718	0
1025.15	0	.5020318	.494697	.00327121	0
1024.15	0	.5016835	.4947487	.003567763	0
1023.15	0	.5013445	.4947922	.003863374	0
1022.15	0	.5010146	.4948274	.004158042	0
1021.15	0	.5006939	.4948543	.004451765	0
1020.15	0	.5003825	.494873	.004744542	0
1019.15	0	.5000803	.4948833	.005036369	0
1018.15	0	.4997875	.4948853	.005327246	0
1017.15	0	.499504	.4948789	.00561717	0
1016.15	0	.4992299	.494864	.005906139	0
1015.15	0	.4989652	.4948407	.006194151	0
1014.15	0	.4987099	.4948089	.006481203	0
1013.15	0	.4984641	.4947686	.006767294	0
1012.15	0	.4982279	.4947197	.00705242	0
1011.15	0	.4980012	.4946622	.00733658	0
1010.15	0	.4977841	.4945962	.00761977	0
1009.15	0	.4975766	.4945215	.007901988	0
1008.15	0	.4973787	.4944381	.008183232	0
1007.15	0	.4971905	.494346	.008463498	0
1006.15	0	.497012	.4942452	.008742783	0
1005.15	0	.4968433	.4941356	.009021085	0
1004.15	0	.4966843	.4940173	.009298399	0
1003.15	0	.4965351	.4938901	.009574724	0
1002.15	0	.4963958	.4937541	.009850056	0
1001.15	0	.4962663	.4936093	.01012439	0
1000.15	0	.4961468	.4934555	.01039773	0
999.15	0	.4960371	.4932929	.01067006	0
998.15	0	.4959374	.4931212	.01094138	0
997.15	0	.4958477	.4929406	.01121169	0
996.15	0	.495768	.4927511	.01148099	0
995.15	0	.4956983	.4925524	.01174926	0
994.15	0	.4956387	.4923448	.01201652	0
993.15	0	.4955892	.4921281	.01228274	0
992.15	0	.4955498	.4919023	.01254794	0
991.15	0	.4955206	.4916674	.01281209	0
990.15	0	.4955015	.4914233	.01307521	0
989.15	0	.4954926	.4911701	.01333728	0
988.15	0	.495494	.4909077	.0135983	0
987.15	0	.4955056	.4906362	.01385826	0
986.15	0	.4955274	.4903554	.01411717	0
985.15	0	.4955596	.4900654	.014375	0
984.15	0	.4956021	.4897661	.01463177	0
983.15	0	.495655	.4894576	.01488745	0
982.15	0	.4957181	.4891398	.01514206	0
981.15	0	.4957917	.4888127	.01539558	0
980.15	0	.4958757	.4884763	.015648	0
979.15	0	.4959701	.4881306	.01589932	0
978.15	0	.4960749	.4877755	.01614953	0
977.15	0	.4961902	.4874111	.01639864	0
976.15	0	.496316	.4870374	.01664662	0
975.15	0	.4964523	.4866542	.01689347	0
974.15	0	.4965991	.4862617	.01713919	0
973.15	0	.4967564	.4858599	.01738378	0
972.15	0	.4969242	.4854486	.01762721	0
971.15	0	.4971026	.4850279	.01786949	0
970.15	0	.4972915	.4845979	.0181106	0
969.15	0	.497491	.4841584	.01835055	0
968.15	0	.4977011	.4837096	.01858931	0
967.15	0	.4979218	.4832513	.01882689	0
966.15	0	.4981531	.4827836	.01906328	0
965.15	0	.498395	.4823066	.01929845	0
964.15	0	.4986474	.4818201	.01953242	0
963.15	0	.4989105	.4813243	.01976517	0
962.15	0	.4991842	.4808191	.01999668	0
961.15	0	.4994686	.4803045	.02022696	0
960.15	0	.4997635	.4797805	.02045598	0
959.15	0	.5000691	.4792472	.02068375	0
958.15	0	.5003852	.4787045	.02091024	0
957.15	0	.500712	.4781525	.02113546	0
956.15	0	.5010494	.4775912	.02135938	0
955.15	0	.5013974	.4770206	.021582	0
954.15	0	.5017559	.4764408	.02180331	0
953.15	0	.5021251	.4758516	.02202329	0
952.15	0	.5025048	.4752533	.02224193	0
951.15	0	.502895	.4746457	.02245923	0
950.15	0	.5032958	.474029	.02267516	0
949.15	0	.5037072	.4734031	.02288972	0
948.15	0	.504129	.4727681	.0231029	0
947.15	0	.5045613	.472124	.02331467	0
946.15	0	.5050041	.4714709	.02352503	0
945.15	0	.5054573	.4708088	.02373396	0
944.15	0	.5059209	.4701377	.02394144	0
943.15	0	.5063949	.4694577	.02414748	0
942.15	0	.5068792	.4687688	.02435203	0
941.15	0	.5073739	.468071	.0245551	0
940.15	0	.5078788	.4673645	.02475667	0
939.15	0	.508394	.4666493	.02495672	0
938.15	0	.5089194	.4659254	.02515523	0
937.15	0	.509455	.4651929	.02535218	0
936.15	0	.5100006	.4644518	.02554756	0
935.15	0	.5105564	.4637023	.02574136	0
934.15	0	.5111221	.4629443	.02593354	0
933.15	0	.5116979	.4621781	.0261241	0
932.15	0	.5122835	.4614035	.02631301	0
931.15	0	.512879	.4606208	.02650025	0
930.15	0	.5134843	.4598299	.02668581	0
929.15	0	.5140993	.4590311	.02686965	0
928.15	0	.5147239	.4582243	.02705177	0
927.15	0	.5153581	.4574097	.02723213	0
926.15	0	.5160019	.4565874	.02741071	0
925.15	0	.5166551	.4557574	.0275875	0
924.15	0	.5173176	.45492	.02776246	0
923.15	0	.5179894	.4540751	.02793557	0
922.15	0	.5186703	.4532229	.0281068	0
921.15	0	.5193604	.4523635	.02827613	0
920.15	0	.5200593	.4514971	.02844353	0
919.15	0	.5207672	.4506238	.02860897	0
918.15	0	.5214838	.4497437	.02877243	0
917.15	0	.5222091	.448857	.02893387	0
916.15	0	.522943	.4479638	.02909326	0
915.15	0	.5236852	.4470643	.02925057	0
914.15	0	.5244357	.4461585	.02940577	0
913.15	0	.5251944	.4452468	.02955882	0
912.15	0	.5259611	.4443293	.02970968	0
911.15	0	.5267356	.4434061	.02985833	0
910.15	0	.5275179	.4424774	.03000473	0
909.15	0	.5283077	.4415435	.03014883	0
908.15	0	.5291049	.4406045	.0302906	0
907.15	0	.5299094	.4396607	.03042998	0
906.15	0	.5307209	.4387122	.03056696	0
905.15	0	.5315392	.4377593	.03070146	0
904.15	0	.5323642	.4368023	.03083346	0
903.15	0	.5331957	.4358414	.0309629	0
902.15	0	.5340335	.4348768	.03108974	0
901.15	0	.5348773	.4339088	.03121391	0
900.15	0	.5357269	.4329377	.03133538	0
899.15	0	.5365821	.4319638	.03145407	0
898.15	0	.5374427	.4309874	.03156994	0
897.15	0	.5383083	.4300088	.03168293	0
896.15	0	.5391787	.4290284	.03179296	0
895.15	0	.5400536	.4280464	.03189998	0
894.15	0	.5409328	.4270633	.03200391	0
893.15	0	.5415731	.4263406	.03208629	0
892.15	0	.5422356	.4255996	.03216473	0
891.15	0	.5429378	.4248215	.0322407	0
890.15	0	.5436775	.4240083	.03231422	0
889.15	0	.5444526	.4231621	.03238532	0
888.15	0	.5452612	.4222848	.03245401	0
887.15	0	.5461013	.4213784	.03252032	0
886.15	0	.5469711	.4204446	.03258429	0
885.15	0	.5478689	.4194852	.03264592	0
884.15	0	.548793	.4185018	.03270526	0
883.15	0	.5497418	.4174959	.03276231	0
882.15	0	.5507138	.4164691	.03281711	0
881.15	0	.5517075	.4154228	.03286969	0
880.15	0	.5527215	.4143584	.03292006	0
879.15	0	.5537545	.4132773	.03296825	0
878.15	0	.5548051	.4121806	.03301428	0
877.15	0	.5558721	.4110697	.03305819	0
876.15	0	.5569544	.4099456	.0331	0
875.15	0	.5580507	.4088095	.03313973	0
874.15	0	.55916	.4076626	.03317742	0
873.15	0	.5602811	.4065058	.03321307	0
872.15	0	.5614132	.4053401	.03324673	0
871.15	0	.5625551	.4041665	.03327841	0
870.15	0	.5637059	.4029859	.03330815	0
869.15	0	.5648648	.4017992	.03333597	0
868.15	0	.5660308	.4006073	.0333619	0
867.15	0	.5672032	.3994108	.03338596	0
866.15	0	.5683811	.3982108	.03340819	0
865.15	0	.5695637	.3970077	.0334286	0
864.15	0	.5707503	.3958025	.03344722	0
863.15	0	.5719402	.3945957	.03346409	0
862.15	0	.5731327	.3933881	.03347923	0
861.15	0	.5743272	.3921802	.03349266	0
860.15	0	.5755229	.3909727	.03350442	0
859.15	0	.5767194	.3897661	.03351453	0
858.15	0	.5779161	.3885609	.03352301	0
857.15	0	.5791123	.3873578	.0335299	0
856.15	0	.5803076	.3861572	.03353522	0
855.15	0	.5815014	.3849596	.033539	0
854.15	0	.5826934	.3837654	.03354127	0
853.15	0	.5838829	.382575	.03354205	0
852.15	0	.5850697	.381389	.03354137	0
851.15	0	.5862532	.3802076	.03353925	0
850.15	0	.5874331	.3790312	.03353573	0
849.15	0	.588609	.3778602	.03353083	0
848.15	0	.5897805	.3766949	.03352457	0
847.15	0	.5909473	.3755357	.03351698	0
846.15	0	.5921091	.3743828	.03350809	0
845.15	0	.5932656	.3732365	.03349792	0
844.15	0	.5944164	.3720971	.0334865	0
843.15	0	.5955613	.3709648	.03347386	0
842.15	0	.5967002	.3698398	.03346001	0
841.15	0	.5978326	.3687225	.03344498	0
840.15	0	.5989584	.3676128	.0334288	0
839.15	0	.6000773	.3665112	.0334115	0
838.15	0	.6011892	.3654177	.03339308	0
837.15	0	.6022939	.3643325	.03337359	0
836.15	0	.6033912	.3632557	.03335304	0
835.15	0	.604481	.3621876	.03333146	0
834.15	0	.605563	.3611281	.03330886	0
833.15	0	.6066372	.3600776	.03328528	0
832.15	0	.6077034	.3590359	.03326073	0
831.15	0	.6087615	.3580033	.03323524	0
830.15	0	.6098114	.3569798	.03320882	0
829.15	0	.6108529	.3559656	.0331815	0
828.15	0	.6118861	.3549606	.0331533	0
827.15	0	.6129108	.353965	.03312425	0
826.15	0	.6139269	.3529787	.03309435	0
825.15	0	.6149344	.3520019	.03306364	0
824.15	0	.6159333	.3510346	.03303212	0
823.15	0	.6169234	.3500768	.03299983	0
822.15	0	.6179047	.3491285	.03296678	0
821.15	0	.6188772	.3481898	.03293298	0
820.15	0	.6198409	.3472607	.03289847	0
819.15	0	.6207957	.3463411	.03286324	0
818.15	0	.6217416	.3454311	.03282734	0
817.15	0	.6226786	.3445307	.03279076	0
816.15	0	.6236067	.3436398	.03275353	0
815.15	0	.6245259	.3427585	.03271567	0
814.15	0	.6254362	.3418867	.03267719	0
813.15	0	.6263375	.3410244	.03263811	0
812.15	0	.62723	.3401715	.03259844	0
811.15	0	.6281136	.3393282	.0325582	0
810.15	0	.6289884	.3384942	.03251742	0
809.15	0	.6298543	.3376696	.03247609	0
808.15	0	.6307114	.3368544	.03243423	0
807.15	0	.6315597	.3360484	.03239187	0
806.15	0	.6323993	.3352517	.03234902	0
805.15	0	.6332302	.3344642	.03230568	0
804.15	0	.6340523	.3336858	.03226187	0
803.15	0	.6348659	.3329165	.03221761	0
802.15	0	.6356708	.3321563	.03217292	0
801.15	0	.6364672	.331405	.03212779	0
800.15	0	.6372551	.3306626	.03208225	0
799.15	0	.6380345	.3299292	.0320363	0
798.15	0	.6388056	.3292044	.03198996	0
797.15	0	.6395683	.3284885	.03194325	0
796.15	0	.6403227	.3277812	.03189617	0
795.15	0	.6410688	.3270824	.03184873	0
794.15	0	.6418068	.3263922	.03180095	0
793.15	0	.6425367	.3257105	.03175283	0
792.15	0	.6432585	.3250371	.03170439	0
791.15	0	.6439723	.3243721	.03165564	0
790.15	0	.6446781	.3237153	.03160658	0
789.15	0	.6453761	.3230667	.03155723	0
788.15	0	.6460663	.3224262	.03150759	0
787.15	0	.6467487	.3217937	.03145768	0
786.15	0	.6474234	.3211691	.0314075	0
785.15	0	.6480905	.3205524	.03135707	0
784.15	0	.6487501	.3199435	.03130638	0
783.15	0	.6494022	.3193423	.03125546	0
782.15	0	.6500469	.3187488	.03120431	0
781.15	0	.6506842	.3181629	.03115293	0
780.15	0	.6513143	.3175844	.03110134	0
779.15	0	.6519371	.3170134	.03104954	0
778.15	0	.6525528	.3164496	.03099753	0
777.15	0	.6531615	.3158932	.03094534	0
776.15	0	.6537631	.3153439	.03089295	0
775.15	0	.6543578	.3148018	.03084039	0
774.15	0	.6549457	.3142667	.03078765	0
773.15	0	.6555267	.3137385	.03073475	0
772.15	0	.6561011	.3132173	.03068168	0
771.15	0	.6566688	.3127028	.03062846	0
770.15	0	.6572298	.3121951	.03057509	0
769.15	0	.6577844	.311694	.03052158	0
768.15	0	.6583326	.3111995	.03046793	0
767.15	0	.6588743	.3107115	.03041415	0
766.15	0	.6594098	.31023	.03036024	0
765.15	0	.659939	.3097548	.03030621	0
764.15	0	.660462	.3092859	.03025207	0
763.15	0	.660979	.3088232	.03019781	0
762.15	0	.6614899	.3083667	.03014344	0
761.15	0	.6619948	.3079163	.03008897	0
760.15	0	.6624938	.3074718	.0300344	0
759.15	0	.662987	.3070333	.02997974	0
758.15	0	.6634744	.3066006	.02992499	0
757.15	0	.6639561	.3061738	.02987015	0
756.15	0	.6644322	.3057526	.02981523	0
755.15	0	.6649027	.3053371	.02976023	0
754.15	0	.6653676	.3049272	.02970516	0
753.15	0	.6658272	.3045228	.02965001	0
752.15	0	.6662813	.3041239	.0295948	0
751.15	0	.6667302	.3037303	.02953952	0
750.15	0	.6671737	.3033421	.02948418	0
749.15	0	.6676121	.3029591	.02942878	0
748.15	0	.6680453	.3025814	.02937333	0
747.15	0	.6684735	.3022087	.02931783	0
746.15	0	.6688966	.3018411	.02926227	0
745.15	0	.6693148	.3014785	.02920667	0
744.15	0	.6697281	.3011209	.02915103	0
743.15	0	.6701365	.3007681	.02909534	0
742.15	0	.6705402	.3004202	.02903961	0
741.15	0	.6709391	.300077	.02898385	0
740.15	0	.6713334	.2997385	.02892805	0
739.15	0	.6717231	.2994047	.02887222	0
738.15	0	.6721082	.2990755	.02881636	0
737.15	0	.6724888	.2987507	.02876048	0
736.15	0	.672865	.2984305	.02870456	0
735.15	0	.6732367	.2981146	.02864863	0
734.15	0	.6736042	.2978032	.02859267	0
733.15	0	.6739673	.297496	.02853669	0
732.15	0	.6743262	.2971931	.02848069	0
731.15	0	.674681	.2968943	.02842468	0
730.15	0	.6750316	.2965998	.02836865	0
729.15	0	.6753781	.2963093	.02831261	0
728.15	0	.6757206	.2960228	.02825656	0
727.15	0	.6760591	.2957404	.0282005	0
726.15	0	.6763937	.2954619	.02814443	0
725.15	0	.6767244	.2951872	.02808836	0
724.15	0	.6770513	.2949165	.02803227	0
723.15	0	.6773743	.2946495	.02797619	0
722.15	0	.6776937	.2943862	.0279201	0
721.15	0	.6780093	.2941267	.02786401	0
720.15	0	.6783213	.2938708	.02780792	0
719.15	0	.6786296	.2936185	.02775183	0
718.15	0	.6789345	.2933698	.02769575	0
717.15	0	.6792358	.2931246	.02763967	0
716.15	0	.6795336	.2928828	.02758359	0
715.15	0	.6798279	.2926445	.02752752	0
714.15	0	.6801189	.2924096	.02747146	0
713.15	0	.6804066	.292178	.0274154	0
712.15	0	.6806909	.2919497	.02735936	0
711.15	0	.680972	.2917247	.02730332	0
710.15	0	.6812498	.2915029	.0272473	0
709.15	0	.6815244	.2912843	.02719129	0
708.15	0	.6817959	.2910688	.02713529	0
707.15	0	.6820643	.2908564	.0270793	0
706.15	0	.6823296	.2906471	.02702333	0
705.15	0	.6825919	.2904407	.02696738	0
704.15	0	.6828512	.2902374	.02691144	0
703.15	0	.6831075	.290037	.02685553	0
702.15	0	.6833608	.2898395	.02679963	0
701.15	0	.6836113	.2896449	.02674375	0
700.15	0	.683859	.2894532	.02668789	0
699.15	0	.6841038	.2892642	.02663205	0
698.15	0	.6843458	.289078	.02657623	0
697.15	0	.684585	.2888945	.02652044	0
696.15	0	.6848216	.2887137	.02646467	0
695.15	0	.6850554	.2885356	.02640893	0
694.15	0	.6852866	.2883602	.02635321	0
693.15	0	.6855152	.2881873	.02629751	0
692.15	0	.6857412	.288017	.02624185	0
691.15	0	.6859646	.2878492	.02618621	0
690.15	0	.6861855	.2876839	.0261306	0
689.15	0	.6864039	.2875211	.02607502	0
688.15	0	.6866198	.2873607	.02601946	0
687.15	0	.6868333	.2872028	.02596394	0
686.15	0	.6870443	.2870472	.02590845	0
685.15	0	.687253	.286894	.025853	0
684.15	0	.6874593	.2867431	.02579757	0
683.15	0	.6876633	.2865945	.02574218	0
682.15	0	.687865	.2864482	.02568682	0
681.15	0	.6880644	.2863041	.0256315	0
680.15	0	.6882615	.2861623	.02557621	0
679.15	0	.6884565	.2860226	.02552096	0
678.15	0	.6886492	.285885	.02546575	0
677.15	0	.6888398	.2857496	.02541057	0
676.15	0	.6890283	.2856163	.02535543	0
675.15	0	.6892146	.2854851	.02530033	0
674.15	0	.6893988	.2853559	.02524527	0
673.15	0	.6895809	.2852288	.02519025	0
672.15	0	.689761	.2851037	.02513527	0
671.15	0	.6899391	.2849805	.02508034	0
670.15	0	.6901152	.2848593	.02502545	0
669.15	0	.6902893	.2847401	.02497059	0
668.15	0	.6904615	.2846227	.02491579	0
667.15	0	.6906317	.2845073	.02486102	0
666.15	0	.6908	.2843937	.02480631	0
665.15	0	.6909665	.2842819	.02475164	0
664.15	0	.691131	.284172	.02469701	0
663.15	0	.6912962	.2840623	.02464156	0
662.15	0	.6914569	.283956	.0245871	0
661.15	0	.6916158	.2838515	.02453269	0
660.7954	0	.6916717	.2838149	.0245134	0
660.7954	0	.6916717	.2838149	.0245134	0
660.7954	0	.6916717	.2838149	.0245134	0
660.15	0	.6923211	.2827507	.024089	8.392052E-04
659.15	0	.6933157	.2811165	.02343545	.002132319
658.15	0	.6942966	.2794998	.02278671	.003416868
657.15	0	.695264	.2779003	.02214271	.004692958
656.15	0	.6962181	.2763178	.02150339	.005960694
655.15	0	.6971591	.274752	.02086869	.007220181
654.15	0	.6980874	.2732026	.02023853	.008471521
653.15	0	.699003	.2716693	.01961287	.009714815
652.15	0	.6999063	.2701519	.01899162	.01095016
651.15	0	.7007975	.2686501	.01837474	.01217766
650.15	0	.7016767	.2671638	.01776217	.01339741
649.15	0	.7025442	.2656925	.01715385	.0146095
648.15	0	.7034001	.2642361	.01654971	.01581403
647.15	0	.7042448	.2627944	.0159497	.01701108
646.15	0	.7050783	.2613671	.01535378	.01820077
645.15	0	.705901	.259954	.01476187	.01938316
644.15	0	.7067128	.2585549	.01417393	.02055836
643.15	0	.7075142	.2571695	.0135899	.02172644
642.15	0	.7083052	.2557976	.01300973	.02288751
641.15	0	.709086	.254439	.01243338	.02404163
640.15	0	.7098568	.2530935	.01186078	.02518891
639.15	0	.7106177	.251761	.01129189	.02632941
638.15	0	.711369	.2504411	.01072666	.02746322
637.15	0	.7121108	.2491337	.01016504	.02859043
636.15	0	.7128433	.2478386	.009606991	.0297111
635.15	0	.7135666	.2465556	.009052454	.03082533
634.15	0	.7142809	.2452845	.008501389	.03193319
633.15	0	.7149863	.2440252	.007953748	.03303475
632.15	0	.7156831	.2427774	.007409489	.0341301
631.15	0	.7163712	.2415409	.006868567	.03521929
630.15	0	.717051	.2403157	.006330939	.03630242
629.15	0	.7177224	.2391014	.005796562	.03737955
628.15	0	.7183858	.2378981	.005265395	.03845074
627.15	0	.7190412	.2367054	.004737396	.03951608
626.15	0	.7196887	.2355232	.004212525	.04057563
625.15	0	.7203284	.2343514	.003690742	.04162947
624.15	0	.7209606	.2331897	.003172008	.04267764
623.15	0	.7215853	.2320381	.002656284	.04372024
622.15	0	.7222027	.2308964	.002143533	.04475731
621.15	0	.7228129	.2297645	.001633717	.04578893
620.15	0	.723416	.2286421	.001126799	.04681515
619.15	0	.7240121	.2275291	6.227438E-04	.04783605
618.15	0	.7246013	.2264255	1.215149E-04	.04885167
617.9067	0	.7247436	.2261584	0	.04909797
617.9067	0	.7247436	.2261584	0	.04909797
617.15	0	.7248195	.225846	0	.04933451
616.15	0	.7249179	.225437	0	.0496451
615.15	0	.7250145	.2250321	0	.04995343
614.15	0	.7251091	.2246314	0	.05025953
613.15	0	.7252019	.2242347	0	.05056342
612.15	0	.7252928	.2238421	0	.05086511
611.15	0	.7253818	.2234535	0	.05116465
610.15	0	.7254691	.2230689	0	.05146204
609.15	0	.7255545	.2226882	0	.05175731
608.15	0	.7256382	.2223113	0	.05205049
607.15	0	.7257202	.2219382	0	.0523416
606.15	0	.7258004	.2215689	0	.05263066
605.15	0	.725879	.2212034	0	.05291769
604.15	0	.7259558	.2208414	0	.05320272
603.15	0	.7260311	.2204832	0	.05348576
602.15	0	.7261047	.2201285	0	.05376684
601.15	0	.7261767	.2197774	0	.05404598
600.15	0	.7262471	.2194297	0	.05432321
599.15	0	.7263159	.2190856	0	.05459853
598.15	0	.7263832	.2187448	0	.05487198
597.15	0	.726449	.2184074	0	.05514358
596.15	0	.7265133	.2180734	0	.05541334
595.15	0	.7265761	.2177426	0	.05568129
594.15	0	.7266374	.2174151	0	.05594744
593.15	0	.7266973	.2170909	0	.05621182
592.15	0	.7267558	.2167698	0	.05647445
591.15	0	.7268129	.2164518	0	.05673534
590.15	0	.7268685	.216137	0	.05699452
589.15	0	.7269228	.2158252	0	.057252
588.15	0	.7269758	.2155164	0	.05750781
587.15	0	.7270274	.2152106	0	.05776196
586.15	0	.7270777	.2149078	0	.05801448
585.15	0	.7271267	.2146079	0	.05826537
584.15	0	.7271745	.2143109	0	.05851467
583.15	0	.7272209	.2140167	0	.05876238
582.15	0	.7272661	.2137254	0	.05900854
581.15	0	.7273101	.2134368	0	.05925314
580.15	0	.7273529	.2131509	0	.05949622
579.15	0	.7273944	.2128678	0	.05973779
578.15	0	.7274348	.2125873	0	.05997786
577.15	0	.727474	.2123095	0	.06021646
576.15	0	.7275121	.2120343	0	.06045361
575.15	0	.727549	.2117617	0	.06068931
574.15	0	.7275848	.2114917	0	.06092359
573.15	0	.7276194	.2112241	0	.06115646
572.15	0	.727653	.210959	0	.06138795
571.15	0	.7276855	.2106964	0	.06161805
570.15	0	.727717	.2104362	0	.0618468
569.15	0	.7277474	.2101784	0	.06207421
568.15	0	.7277767	.209923	0	.0623003
567.15	0	.727805	.2096699	0	.06252507
566.15	0	.7278323	.2094191	0	.06274855
565.15	0	.7278586	.2091706	0	.06297075
564.15	0	.727884	.2089243	0	.06319169
563.15	0	.7279083	.2086803	0	.06341138
562.15	0	.7279317	.2084384	0	.06362984
561.15	0	.7279542	.2081987	0	.06384708
560.15	0	.7279757	.2079612	0	.06406311
559.15	0	.7279963	.2077258	0	.06427796
558.15	0	.728016	.2074924	0	.06449163
557.15	0	.7280348	.2072611	0	.06470414
556.15	0	.7280527	.2070318	0	.06491551
555.15	0	.7280697	.2068045	0	.06512574
554.15	0	.7280859	.2065793	0	.06533486
553.15	0	.7281012	.2063559	0	.06554287
552.15	0	.7281157	.2061345	0	.06574979
551.15	0	.7281294	.205915	0	.06595563
550.15	0	.7281422	.2056974	0	.0661604
549.15	0	.7281542	.2054816	0	.06636413
548.15	0	.7281655	.2052677	0	.06656682
547.15	0	.7281759	.2050556	0	.06676848
546.15	0	.7281856	.2048452	0	.06696913
545.15	0	.7281945	.2046367	0	.06716878
544.15	0	.7282027	.2044298	0	.06736744
543.15	0	.7282102	.2042247	0	.06756512
542.15	0	.7282169	.2040213	0	.06776184
541.15	0	.7282229	.2038195	0	.06795761
540.15	0	.7282281	.2036194	0	.06815244
539.15	0	.7282327	.2034209	0	.06834635
538.15	0	.7282366	.2032241	0	.06853934
537.15	0	.7282398	.2030288	0	.06873142
536.15	0	.7282424	.2028351	0	.06892261
535.15	0	.7282442	.2026429	0	.06911292
534.15	0	.7282454	.2024522	0	.06930236
533.15	0	.728246	.202263	0	.06949093
532.15	0	.728246	.2020754	0	.06967866
531.15	0	.7282453	.2018892	0	.06986555
530.15	0	.728244	.2017044	0	.07005162
529.15	0	.7282421	.201521	0	.07023687
528.15	0	.7282396	.2013391	0	.07042131
527.15	0	.7282365	.2011585	0	.07060495
526.15	0	.7282329	.2009793	0	.07078781
525.15	0	.7282287	.2008015	0	.07096989
524.15	0	.7282239	.2006249	0	.07115121
523.15	0	.7282185	.2004497	0	.07133177
522.15	0	.7282126	.2002758	0	.07151159
521.15	0	.7282062	.2001031	0	.07169066
520.15	0	.7281992	.1999318	0	.07186901
519.15	0	.7281918	.1997616	0	.07204665
518.15	0	.7281838	.1995927	0	.07222357
517.15	0	.7281753	.1994249	0	.0723998
516.15	0	.7281663	.1992584	0	.07257533
515.15	0	.7281568	.199093	0	.07275018
514.15	0	.7281469	.1989288	0	.07292436
513.15	0	.7281364	.1987657	0	.07309788
512.15	0	.7281256	.1986037	0	.07327074
511.15	0	.7281142	.1984428	0	.07344296
510.15	0	.7281024	.1982831	0	.07361453
509.15	0	.7280902	.1981244	0	.07378548
508.15	0	.7280775	.1979667	0	.07395581
507.15	0	.7280644	.1978101	0	.07412552
506.15	0	.7280509	.1976545	0	.07429463
505.15	0	.7280369	.1975	0	.07446314
504.15	0	.7280226	.1973464	0	.07463106
503.15	0	.7280078	.1971938	0	.07479839
502.15	0	.7279927	.1970421	0	.07496516
501.15	0	.7279772	.1968915	0	.07513136
500.15	0	.7279613	.1967417	0	.07529699
499.15	0	.727945	.1965929	0	.07546208
498.15	0	.7279284	.196445	0	.07562662
497.15	0	.7279114	.196298	0	.07579063
496.15	0	.7278941	.1961518	0	.0759541
495.15	0	.7278764	.1960066	0	.07611706
494.15	0	.7278584	.1958621	0	.07627949
493.15	0	.72784	.1957186	0	.07644142
492.15	0	.7278213	.1955758	0	.07660285
491.15	0	.7278024	.1954339	0	.07676378
490.15	0	.727783	.1952927	0	.07692422
489.15	0	.7277634	.1951524	0	.07708417
488.15	0	.7277435	.1950128	0	.07724366
487.15	0	.7277233	.194874	0	.07740267
486.15	0	.7277028	.1947359	0	.07756122
485.15	0	.7276821	.1945986	0	.07771931
484.15	0	.727661	.194462	0	.07787695
483.15	0	.7276397	.1943261	0	.07803415
482.15	0	.7276181	.194191	0	.07819091
481.15	0	.7275963	.1940565	0	.07834723
480.15	0	.7275742	.1939226	0	.07850313
479.15	0	.7275519	.1937895	0	.07865861
478.15	0	.7275293	.193657	0	.07881367
477.15	0	.7275065	.1935251	0	.07896832
476.15	0	.7274835	.1933939	0	.07912256
475.15	0	.7274603	.1932633	0	.07927641
474.15	0	.7274368	.1931333	0	.07942986
473.15	0	.7274131	.193004	0	.07958293
472.15	0	.7273892	.1928751	0	.07973561
471.15	0	.7273652	.1927469	0	.07988792
470.15	0	.7273409	.1926193	0	.08003985
469.15	0	.7273164	.1924922	0	.08019142
468.15	0	.7272918	.1923656	0	.08034262
467.15	0	.727267	.1922396	0	.08049346
466.15	0	.7272419	.1921141	0	.08064396
465.15	0	.7272168	.1919891	0	.0807941
464.15	0	.7271914	.1918646	0	.0809439
463.15	0	.727166	.1917407	0	.08109337
462.15	0	.7271403	.1916172	0	.08124249
461.15	0	.7271145	.1914942	0	.08139129
460.15	0	.7270886	.1913716	0	.08153977
459.15	0	.7270625	.1912496	0	.08168793
458.15	0	.7270363	.1911279	0	.08183577
457.15	0	.72701	.1910067	0	.0819833
456.15	0	.7269835	.190886	0	.08213052
455.15	0	.726957	.1907656	0	.08227744
454.15	0	.7269303	.1906457	0	.08242406
453.15	0	.7269035	.1905261	0	.08257038
452.15	0	.7268766	.190407	0	.08271642
451.15	0	.7268496	.1902883	0	.08286217
450.15	0	.7268225	.1901699	0	.08300763
449.15	0	.7267954	.1900518	0	.08315285
448.15	0	.7267682	.189934	0	.08329779
447.15	0	.7267409	.1898166	0	.08344247
446.15	0	.7267136	.1896995	0	.08358689
445.15	0	.7266863	.1895827	0	.08373105
444.15	0	.7266589	.1894662	0	.08387496
443.15	0	.7266314	.1893499	0	.08401863
442.15	0	.726604	.1892339	0	.08416207
441.15	0	.7265765	.1891182	0	.08430527
440.15	0	.7265491	.1890027	0	.08444825
439.15	0	.7265217	.1888873	0	.084591
438.15	0	.7264942	.1887722	0	.08473354
437.15	0	.7264668	.1886573	0	.08487586
436.15	0	.7264395	.1885425	0	.08501798
435.15	0	.7264122	.1884279	0	.0851599
434.15	0	.726385	.1883134	0	.08530162
433.15	0	.7263578	.1881991	0	.08544314
432.15	0	.7263306	.1880849	0	.08558448
431.15	0	.7263036	.1879708	0	.08572563
430.15	0	.7262766	.1878568	0	.0858666
429.15	0	.7262498	.1877429	0	.08600739
428.15	0	.726223	.187629	0	.08614801
427.15	0	.7261963	.1875152	0	.08628845
426.15	0	.7261697	.1874015	0	.08642873
425.15	0	.7261433	.1872879	0	.08656885
424.15	0	.726117	.1871742	0	.0867088
423.15	0	.7260907	.1870607	0	.0868486
422.15	0	.7260647	.1869471	0	.08698825
421.15	0	.7260387	.1868335	0	.08712774
420.15	0	.7260129	.18672	0	.08726709
419.15	0	.7259873	.1866064	0	.08740629
418.15	0	.7259618	.1864929	0	.08754535
417.15	0	.7259364	.1863793	0	.08768426
416.15	0	.7259112	.1862657	0	.08782304
415.15	0	.7258862	.1861521	0	.08796169
414.15	0	.7258614	.1860385	0	.0881002
413.15	0	.7258367	.1859248	0	.08823858
412.15	0	.7258121	.185811	0	.08837683
411.15	0	.7257878	.1856972	0	.08851495
410.15	0	.7257637	.1855834	0	.08865295
409.15	0	.7257397	.1854695	0	.08879083
408.15	0	.7257159	.1853555	0	.08892858
407.15	0	.7256923	.1852415	0	.08906622
406.15	0	.7256689	.1851274	0	.08920374
405.15	0	.7256457	.1850132	0	.08934114
404.15	0	.7256227	.1848989	0	.08947843
403.15	0	.7255999	.1847845	0	.08961561
402.15	0	.7255773	.1846701	0	.08975267
401.15	0	.7255548	.1845555	0	.08988962
400.15	0	.7255326	.1844409	0	.09002647
399.15	0	.7255107	.1843262	0	.09016321
398.15	0	.7254889	.1842113	0	.09029984
397.15	0	.7254673	.1840964	0	.09043636
396.15	0	.7254459	.1839813	0	.09057278
395.15	0	.7254248	.1838661	0	.0907091
394.15	0	.7254038	.1837508	0	.09084532
393.15	0	.7253831	.1836354	0	.09098143
392.15	0	.7253626	.1835199	0	.09111745
391.15	0	.7253423	.1834043	0	.09125336
390.15	0	.7253223	.1832885	0	.09138917
389.15	0	.7253024	.1831727	0	.09152489
388.15	0	.7252828	.1830567	0	.09166051
387.15	0	.7252634	.1829406	0	.09179603
386.15	0	.7252442	.1828243	0	.09193146
385.15	0	.7252252	.182708	0	.09206679
384.15	0	.7252065	.1825915	0	.09220202
383.15	0	.725188	.1824749	0	.09233716
