T	 BPW(LIQUID)	BPW(BCC_A2)	BPW(FCC_A1)	BPW(LAVES_PHASE_C14)	BPW(NI3TI)
1473.15	0	1	0	0	0
1472.15	0	1	0	0	0
1471.15	0	1	0	0	0
1470.15	0	1	0	0	0
1469.15	0	1	0	0	0
1468.15	0	1	0	0	0
1467.15	0	1	0	0	0
1466.15	0	1	0	0	0
1465.15	0	1	0	0	0
1464.15	0	1	0	0	0
1463.15	0	1	0	0	0
1462.15	0	1	0	0	0
1461.15	0	1	0	0	0
1460.15	0	1	0	0	0
1459.15	0	1	0	0	0
1458.15	0	1	0	0	0
1457.15	0	1	0	0	0
1456.15	0	1	0	0	0
1455.15	0	1	0	0	0
1454.15	0	1	0	0	0
1453.15	0	1	0	0	0
1452.15	0	1	0	0	0
1451.15	0	1	0	0	0
1450.15	0	1	0	0	0
1449.15	0	1	0	0	0
1448.15	0	1	0	0	0
1447.15	0	1	0	0	0
1446.15	0	1	0	0	0
1445.15	0	1	0	0	0
1444.15	0	1	0	0	0
1443.15	0	1	0	0	0
1442.15	0	1	0	0	0
1441.15	0	1	0	0	0
1440.15	0	1	0	0	0
1439.15	0	1	0	0	0
1438.15	0	1	0	0	0
1437.15	0	1	0	0	0
1436.15	0	1	0	0	0
1435.15	0	1	0	0	0
1434.15	0	1	0	0	0
1433.15	0	1	0	0	0
1432.15	0	1	0	0	0
1431.15	0	1	0	0	0
1430.15	0	1	0	0	0
1429.15	0	1	0	0	0
1428.15	0	1	0	0	0
1427.15	0	1	0	0	0
1426.15	0	1	0	0	0
1425.15	0	1	0	0	0
1424.15	0	1	0	0	0
1423.15	0	1	0	0	0
1422.15	0	1	0	0	0
1421.15	0	1	0	0	0
1420.15	0	1	0	0	0
1419.15	0	1	0	0	0
1418.15	0	1	0	0	0
1417.15	0	1	0	0	0
1416.15	0	1	0	0	0
1415.15	0	1	0	0	0
1414.15	0	1	0	0	0
1413.15	0	1	0	0	0
1412.15	0	1	0	0	0
1411.15	0	1	0	0	0
1410.15	0	1	0	0	0
1409.15	0	1	0	0	0
1408.15	0	1	0	0	0
1407.15	0	1	0	0	0
1406.15	0	1	0	0	0
1405.15	0	1	0	0	0
1404.15	0	1	0	0	0
1403.15	0	1	0	0	0
1402.15	0	1	0	0	0
1401.15	0	1	0	0	0
1400.15	0	1	0	0	0
1399.15	0	1	0	0	0
1398.15	0	1	0	0	0
1397.15	0	1	0	0	0
1396.15	0	1	0	0	0
1395.15	0	1	0	0	0
1394.15	0	1	0	0	0
1393.15	0	1	0	0	0
1392.15	0	1	0	0	0
1391.15	0	1	0	0	0
1390.15	0	1	0	0	0
1389.15	0	1	0	0	0
1388.15	0	1	0	0	0
1387.15	0	1	0	0	0
1386.15	0	1	0	0	0
1385.15	0	1	0	0	0
1384.15	0	1	0	0	0
1383.15	0	1	0	0	0
1382.15	0	1	0	0	0
1381.15	0	1	0	0	0
1380.15	0	1	0	0	0
1379.15	0	1	0	0	0
1378.15	0	1	0	0	0
1377.15	0	1	0	0	0
1376.15	0	1	0	0	0
1375.15	0	1	0	0	0
1374.15	0	1	0	0	0
1373.15	0	1	0	0	0
1372.15	0	1	0	0	0
1371.15	0	1	0	0	0
1370.15	0	1	0	0	0
1369.15	0	1	0	0	0
1368.15	0	1	0	0	0
1367.15	0	1	0	0	0
1366.15	0	1	0	0	0
1365.15	0	1	0	0	0
1364.15	0	1	0	0	0
1363.15	0	1	0	0	0
1362.15	0	1	0	0	0
1361.15	0	1	0	0	0
1360.15	0	1	0	0	0
1359.15	0	1	0	0	0
1358.15	0	1	0	0	0
1357.15	0	1	0	0	0
1356.15	0	1	0	0	0
1355.15	0	1	0	0	0
1354.15	0	1	0	0	0
1353.15	0	1	0	0	0
1352.15	0	1	0	0	0
1351.15	0	1	0	0	0
1350.15	0	1	0	0	0
1349.15	0	1	0	0	0
1348.15	0	1	0	0	0
1347.15	0	1	0	0	0
1346.15	0	1	0	0	0
1345.15	0	1	0	0	0
1344.15	0	1	0	0	0
1343.15	0	1	0	0	0
1342.15	0	1	0	0	0
1341.15	0	1	0	0	0
1340.15	0	1	0	0	0
1339.15	0	1	0	0	0
1338.15	0	1	0	0	0
1337.15	0	1	0	0	0
1336.15	0	1	0	0	0
1335.15	0	1	0	0	0
1334.15	0	1	0	0	0
1333.15	0	1	0	0	0
1332.15	0	1	0	0	0
1331.15	0	1	0	0	0
1330.15	0	1	0	0	0
1329.15	0	1	0	0	0
1328.15	0	1	0	0	0
1327.15	0	1	0	0	0
1326.15	0	1	0	0	0
1325.15	0	1	0	0	0
1324.15	0	1	0	0	0
1323.15	0	1	0	0	0
1322.15	0	1	0	0	0
1321.15	0	1	0	0	0
1320.15	0	1	0	0	0
1319.15	0	1	0	0	0
1318.15	0	1	0	0	0
1317.15	0	1	0	0	0
1316.15	0	1	0	0	0
1315.15	0	1	0	0	0
1314.15	0	1	0	0	0
1313.15	0	1	0	0	0
1312.15	0	1	0	0	0
1311.15	0	1	0	0	0
1310.15	0	1	0	0	0
1309.15	0	1	0	0	0
1308.15	0	1	0	0	0
1307.15	0	1	0	0	0
1306.15	0	1	0	0	0
1305.15	0	1	0	0	0
1304.15	0	1	0	0	0
1303.15	0	1	0	0	0
1302.15	0	1	0	0	0
1301.15	0	1	0	0	0
1300.15	0	1	0	0	0
1299.15	0	1	0	0	0
1298.15	0	1	0	0	0
1297.15	0	1	0	0	0
1296.15	0	1	0	0	0
1295.15	0	1	0	0	0
1294.15	0	1	0	0	0
1293.15	0	1	0	0	0
1292.15	0	1	0	0	0
1291.15	0	1	0	0	0
1290.15	0	1	0	0	0
1289.15	0	1	0	0	0
1288.15	0	1	0	0	0
1287.15	0	1	0	0	0
1286.15	0	1	0	0	0
1285.15	0	1	0	0	0
1284.15	0	1	0	0	0
1283.15	0	1	0	0	0
1282.15	0	1	0	0	0
1281.15	0	1	0	0	0
1280.15	0	1	0	0	0
1279.15	0	1	0	0	0
1278.15	0	1	0	0	0
1277.15	0	1	0	0	0
1276.15	0	1	0	0	0
1275.15	0	1	0	0	0
1274.15	0	1	0	0	0
1273.15	0	1	0	0	0
1272.15	0	1	0	0	0
1271.15	0	1	0	0	0
1270.15	0	1	0	0	0
1269.15	0	1	0	0	0
1268.15	0	1	0	0	0
1267.15	0	1	0	0	0
1266.15	0	1	0	0	0
1265.15	0	1	0	0	0
1264.15	0	1	0	0	0
1263.15	0	1	0	0	0
1262.15	0	1	0	0	0
1261.15	0	1	0	0	0
1260.15	0	1	0	0	0
1259.15	0	1	0	0	0
1258.15	0	1	0	0	0
1257.15	0	1	0	0	0
1256.15	0	1	0	0	0
1255.15	0	1	0	0	0
1254.15	0	1	0	0	0
1253.15	0	1	0	0	0
1252.15	0	1	0	0	0
1251.15	0	1	0	0	0
1250.15	0	1	0	0	0
1249.15	0	1	0	0	0
1248.15	0	1	0	0	0
1247.15	0	1	0	0	0
1246.15	0	1	0	0	0
1245.15	0	1	0	0	0
1244.15	0	1	0	0	0
1243.15	0	1	0	0	0
1242.15	0	1	0	0	0
1241.15	0	1	0	0	0
1240.15	0	1	0	0	0
1239.15	0	1	0	0	0
1238.15	0	1	0	0	0
1237.15	0	1	0	0	0
1236.15	0	1	0	0	0
1235.15	0	1	0	0	0
1234.15	0	1	0	0	0
1233.15	0	1	0	0	0
1232.15	0	1	0	0	0
1231.15	0	1	0	0	0
1230.15	0	1	0	0	0
1229.15	0	1	0	0	0
1228.15	0	1	0	0	0
1227.15	0	1	0	0	0
1226.15	0	1	0	0	0
1225.15	0	1	0	0	0
1224.15	0	1	0	0	0
1223.15	0	1	0	0	0
1222.15	0	1	0	0	0
1221.15	0	1	0	0	0
1220.15	0	1	0	0	0
1219.15	0	1	0	0	0
1218.15	0	1	0	0	0
1217.15	0	1	0	0	0
1216.15	0	1	0	0	0
1215.15	0	1	0	0	0
1214.15	0	1	0	0	0
1213.15	0	1	0	0	0
1212.15	0	1	0	0	0
1211.15	0	1	0	0	0
1210.15	0	1	0	0	0
1209.15	0	1	0	0	0
1208.15	0	1	0	0	0
1207.15	0	1	0	0	0
1206.15	0	1	0	0	0
1205.15	0	1	0	0	0
1204.15	0	1	0	0	0
1203.15	0	1	0	0	0
1202.15	0	1	0	0	0
1201.15	0	1	0	0	0
1200.15	0	1	0	0	0
1199.15	0	1	0	0	0
1198.15	0	1	0	0	0
1197.15	0	1	0	0	0
1196.15	0	1	0	0	0
1195.15	0	1	0	0	0
1194.15	0	1	0	0	0
1193.15	0	1	0	0	0
1192.15	0	1	0	0	0
1191.15	0	1	0	0	0
1190.15	0	1	0	0	0
1189.15	0	1	0	0	0
1188.15	0	1	0	0	0
1187.15	0	1	0	0	0
1186.15	0	1	0	0	0
1185.15	0	1	0	0	0
1184.15	0	1	0	0	0
1183.15	0	1	0	0	0
1182.15	0	1	0	0	0
1181.15	0	1	0	0	0
1180.15	0	1	0	0	0
1179.15	0	1	0	0	0
1178.15	0	1	0	0	0
1177.15	0	1	0	0	0
1176.15	0	1	0	0	0
1175.15	0	1	0	0	0
1174.15	0	1	0	0	0
1173.15	0	1	0	0	0
1172.15	0	1	0	0	0
1171.15	0	1	0	0	0
1170.15	0	1	0	0	0
1169.15	0	1	0	0	0
1168.15	0	1	0	0	0
1167.15	0	1	0	0	0
1166.15	0	1	0	0	0
1165.15	0	1	0	0	0
1164.15	0	1	0	0	0
1163.15	0	1	0	0	0
1162.15	0	1	0	0	0
1161.15	0	1	0	0	0
1160.15	0	1	0	0	0
1159.15	0	1	0	0	0
1158.15	0	1	0	0	0
1157.15	0	1	0	0	0
1156.15	0	1	0	0	0
1155.15	0	1	0	0	0
1154.15	0	1	0	0	0
1153.15	0	1	0	0	0
1152.15	0	1	0	0	0
1151.15	0	1	0	0	0
1150.15	0	1	0	0	0
1149.15	0	1	0	0	0
1148.15	0	1	0	0	0
1147.15	0	1	0	0	0
1146.15	0	1	0	0	0
1145.15	0	1	0	0	0
1144.15	0	1	0	0	0
1143.15	0	1	0	0	0
1142.15	0	1	0	0	0
1141.15	0	1	0	0	0
1140.15	0	1	0	0	0
1139.15	0	1	0	0	0
1138.15	0	1	0	0	0
1137.15	0	1	0	0	0
1136.15	0	1	0	0	0
1135.15	0	1	0	0	0
1134.15	0	1	0	0	0
1133.15	0	1	0	0	0
1132.15	0	1	0	0	0
1131.15	0	1	0	0	0
1130.15	0	1	0	0	0
1129.15	0	1	0	0	0
1128.15	0	1	0	0	0
1127.15	0	1	0	0	0
1126.15	0	1	0	0	0
1125.15	0	1	0	0	0
1124.15	0	1	0	0	0
1123.15	0	1	0	0	0
1122.15	0	1	0	0	0
1121.15	0	1	0	0	0
1120.15	0	1	0	0	0
1119.15	0	1	0	0	0
1118.15	0	1	0	0	0
1117.15	0	1	0	0	0
1116.15	0	1	0	0	0
1115.15	0	1	0	0	0
1114.15	0	1	0	0	0
1113.15	0	1	0	0	0
1112.15	0	1	0	0	0
1111.15	0	1	0	0	0
1110.15	0	1	0	0	0
1109.15	0	1	0	0	0
1108.15	0	1	0	0	0
1107.15	0	1	0	0	0
1106.15	0	1	0	0	0
1105.15	0	1	0	0	0
1104.15	0	1	0	0	0
1103.15	0	1	0	0	0
1102.15	0	1	0	0	0
1101.15	0	1	0	0	0
1100.15	0	1	0	0	0
1099.15	0	1	0	0	0
1098.15	0	1	0	0	0
1097.15	0	1	0	0	0
1096.15	0	1	0	0	0
1095.15	0	1	0	0	0
1094.15	0	1	0	0	0
1093.15	0	1	0	0	0
1092.15	0	1	0	0	0
1091.15	0	1	0	0	0
1090.15	0	1	0	0	0
1089.15	0	1	0	0	0
1088.15	0	1	0	0	0
1087.15	0	1	0	0	0
1086.15	0	1	0	0	0
1085.15	0	1	0	0	0
1084.15	0	1	0	0	0
1083.15	0	1	0	0	0
1082.15	0	1	0	0	0
1081.15	0	1	0	0	0
1080.15	0	1	0	0	0
1079.15	0	1	0	0	0
1078.15	0	1	0	0	0
1077.15	0	1	0	0	0
1076.15	0	1	0	0	0
1075.15	0	1	0	0	0
1074.15	0	1	0	0	0
1073.15	0	1	0	0	0
1072.15	0	1	0	0	0
1071.15	0	1	0	0	0
1070.15	0	1	0	0	0
1069.15	0	1	0	0	0
1068.15	0	1	0	0	0
1067.15	0	1	0	0	0
1066.15	0	1	0	0	0
1065.15	0	1	0	0	0
1064.15	0	1	0	0	0
1063.15	0	1	0	0	0
1062.15	0	1	0	0	0
1061.15	0	1	0	0	0
1060.15	0	1	0	0	0
1059.15	0	1	0	0	0
1058.15	0	1	0	0	0
1057.15	0	1	0	0	0
1056.15	0	1	0	0	0
1055.15	0	1	0	0	0
1054.15	0	1	0	0	0
1053.15	0	1	0	0	0
1052.15	0	1	0	0	0
1051.15	0	1	0	0	0
1050.15	0	1	0	0	0
1049.15	0	1	0	0	0
1048.15	0	1	0	0	0
1047.15	0	1	0	0	0
1046.15	0	1	0	0	0
1045.15	0	1	0	0	0
1044.15	0	1	0	0	0
1043.15	0	1	0	0	0
1042.15	0	1	0	0	0
1041.15	0	1	0	0	0
1040.15	0	1	0	0	0
1039.15	0	1	0	0	0
1038.15	0	1	0	0	0
1037.15	0	1	0	0	0
1036.15	0	1	0	0	0
1035.15	0	1	0	0	0
1034.15	0	1	0	0	0
1033.15	0	1	0	0	0
1032.15	0	1	0	0	0
1031.15	0	1	0	0	0
1030.535	0	1	0	0	0
1030.535	0	1	0	0	0
1030.535	0	1	0	0	0
1030.15	0	.9996009	3.991389E-04	0	0
1029.15	0	.9985653	.001434732	0	0
1028.15	0	.9975325	.002467498	0	0
1027.15	0	.9965026	.003497433	0	0
1026.15	0	.9954755	.00452453	0	0
1025.15	0	.9944512	.005548785	0	0
1024.15	0	.9934298	.006570191	0	0
1023.15	0	.9924113	.007588744	0	0
1022.15	0	.9913956	.008604439	0	0
1021.15	0	.9903827	.00961727	0	0
1020.15	0	.9893728	.01062723	0	0
1019.15	0	.9883657	.01163432	0	0
1018.15	0	.9873615	.01263853	0	0
1017.15	0	.9863601	.01363985	0	0
1016.279	0	.9854907	.01450931	0	0
1016.279	0	.9854907	.01450931	0	0
1016.279	0	.9854907	.01450931	0	0
1016.15	0	.9853446	.01461259	4.282196E-05	0
1015.15	0	.9842169	.01540975	3.733234E-04	0
1014.15	0	.9830927	.01620447	7.028118E-04	0
1013.15	0	.981972	.01699676	.001031287	0
1012.15	0	.9808546	.01778662	.001358748	0
1011.15	0	.9797408	.01857404	.001685196	0
1010.15	0	.9786303	.01935904	.002010629	0
1009.15	0	.9775234	.02014161	.002335047	0
1008.15	0	.9764198	.02092175	.00265845	0
1007.15	0	.9753197	.02169947	.002980836	0
1006.15	0	.974223	.02247478	.003302206	0
1005.15	0	.9731298	.02324767	.003622559	0
1004.15	0	.97204	.02401814	.003941895	0
1003.15	0	.9709536	.0247862	.004260211	0
1002.15	0	.9698706	.02555185	.004577508	0
1001.15	0	.9687911	.0263151	.004893785	0
1000.15	0	.967715	.02707595	.005209041	0
999.15	0	.9666423	.02783439	.005523274	0
998.15	0	.9655731	.02859044	.005836485	0
997.15	0	.9645072	.02934409	.006148672	0
996.15	0	.9634448	.03009535	.006459833	0
995.15	0	.9623858	.03084423	.006769968	0
994.15	0	.9613302	.03159073	.007079076	0
993.15	0	.960278	.03233484	.007387154	0
992.15	0	.9592292	.03307658	.007694203	0
991.15	0	.9581838	.03381595	.00800022	0
990.15	0	.9571418	.03455295	.008305205	0
989.15	0	.9561032	.03528759	.008609155	0
988.15	0	.9550681	.03601987	.008912069	0
987.15	0	.9540363	.0367498	.009213946	0
986.15	0	.9530078	.03747737	.009514783	0
985.15	0	.9519828	.03820261	.00981458	0
984.15	0	.9509612	.0389255	.01011333	0
983.15	0	.9499429	.03964606	.01041104	0
982.15	0	.948928	.04036429	.01070771	0
981.15	0	.9479165	.0410802	.01100332	0
980.15	0	.9469083	.04179379	.01129789	0
979.15	0	.9459035	.04250506	.0115914	0
978.15	0	.9449021	.04321404	.01188385	0
977.15	0	.943904	.04392071	.01217525	0
976.15	0	.9429093	.04462509	.01246559	0
975.15	0	.9419179	.04532719	.01275487	0
974.15	0	.9409299	.046027	.01304309	0
973.15	0	.9399452	.04672455	.01333024	0
972.15	0	.9389639	.04741983	.01361632	0
971.15	0	.9379858	.04811285	.01390132	0
970.15	0	.9370111	.04880363	.01418525	0
969.15	0	.9360397	.04949216	.01446811	0
968.15	0	.9350717	.05017847	.01474988	0
967.15	0	.9341069	.05086255	.01503057	0
966.15	0	.9331454	.05154441	.01531018	0
965.15	0	.9321872	.05222407	.01558869	0
964.15	0	.9312324	.05290154	.01586611	0
963.15	0	.9302808	.05357681	.01614244	0
962.15	0	.9293324	.05424992	.01641766	0
961.15	0	.9283874	.05492086	.01669178	0
960.15	0	.9274456	.05558964	.0169648	0
959.15	0	.926507	.05625628	.0172367	0
958.15	0	.9255717	.05692079	.01750749	0
957.15	0	.9246397	.05758318	.01777716	0
956.15	0	.9237108	.05824346	.01804571	0
955.15	0	.9227852	.05890165	.01831313	0
954.15	0	.9218628	.05955775	.01857942	0
953.15	0	.9209436	.06021179	.01884458	0
952.15	0	.9200276	.06086377	.0191086	0
951.15	0	.9191148	.06151371	.01937147	0
950.15	0	.9182052	.06216163	.01963319	0
949.15	0	.9172987	.06280754	.01989377	0
948.15	0	.9163954	.06345145	.02015318	0
947.15	0	.9154952	.06409338	.02041143	0
946.15	0	.9145981	.06473335	.02066851	0
945.15	0	.9137042	.06537138	.02092442	0
944.15	0	.9128134	.06600747	.02117915	0
943.15	0	.9119256	.06664166	.0214327	0
942.15	0	.911041	.06727396	.02168505	0
941.15	0	.9101594	.06790439	.02193621	0
940.15	0	.9092809	.06853296	.02218617	0
939.15	0	.9084054	.0691597	.02243492	0
938.15	0	.9075329	.06978464	.02268246	0
937.15	0	.9066634	.07040778	.02292878	0
936.15	0	.905797	.07102916	.02317388	0
935.15	0	.9049335	.0716488	.02341774	0
934.15	0	.9040729	.07226671	.02366036	0
933.15	0	.9032153	.07288294	.02390174	0
932.15	0	.9023606	.07349749	.02414186	0
931.15	0	.9015089	.0741104	.02438072	0
930.15	0	.90066	.07472169	.02461832	0
929.15	0	.899814	.07533139	.02485463	0
928.15	0	.8989708	.07593953	.02508967	0
927.15	0	.8981305	.07654614	.02532342	0
926.15	0	.8972929	.07715124	.02555587	0
925.15	0	.8964581	.07775487	.02578701	0
924.15	0	.8956261	.07835707	.02601684	0
923.15	0	.8947968	.07895785	.02624534	0
922.15	0	.8939702	.07955727	.02647251	0
921.15	0	.8931463	.08015534	.02669834	0
920.15	0	.8923251	.08075211	.02692282	0
919.15	0	.8915064	.08134762	.02714594	0
918.15	0	.8906904	.08194189	.02736769	0
917.15	0	.889877	.08253498	.02758806	0
916.15	0	.889066	.08312692	.02780704	0
915.15	0	.8882576	.08371775	.02802462	0
914.15	0	.8874517	.08430751	.0282408	0
913.15	0	.8866482	.08489626	.02845555	0
912.15	0	.8858471	.08548403	.02866887	0
911.15	0	.8850484	.08607086	.02888075	0
910.15	0	.884252	.08665682	.02909117	0
909.15	0	.8834579	.08724194	.02930013	0
908.15	0	.8826661	.08782628	.02950761	0
907.15	0	.8818765	.08840989	.0297136	0
906.15	0	.8810891	.08899282	.02991808	0
905.15	0	.8803038	.08957514	.03012105	0
904.15	0	.8795206	.09015689	.03032249	0
903.15	0	.8787395	.09073813	.03052239	0
902.15	0	.8779603	.09131893	.03072073	0
901.15	0	.8771831	.09189935	.0309175	0
900.15	0	.8764079	.09247945	.03111269	0
899.15	0	.8756344	.0930593	.03130627	0
898.15	0	.8748628	.09363897	.03149824	0
897.15	0	.8740929	.09421852	.03168858	0
896.15	0	.8733247	.09479803	.03187727	0
895.15	0	.8725581	.09537758	.0320643	0
894.15	0	.8717931	.09595724	.03224964	0
893.15	0	.8710296	.09653709	.03243329	0
892.15	0	.8702676	.09711721	.03261522	0
891.15	0	.8695069	.09769769	.03279542	0
890.15	0	.8687475	.09827862	.03297386	0
889.15	0	.8679894	.09886008	.03315054	0
888.15	0	.8672324	.09944216	.03332542	0
887.15	0	.8664766	.100025	.03349848	0
886.15	0	.8657217	.1006086	.03366972	0
885.15	0	.8649678	.1011932	.03383909	0
884.15	0	.8642147	.1017787	.03400659	0
883.15	0	.8634624	.1023654	.0341722	0
882.15	0	.8627107	.1029534	.03433587	0
881.15	0	.8619597	.1035428	.0344976	0
880.15	0	.8612091	.1041336	.03465736	0
879.15	0	.8604589	.104726	.03481511	0
878.15	0	.859709	.1053202	.03497085	0
877.15	0	.8589593	.1059162	.03512452	0
876.15	0	.8582096	.1065143	.03527612	0
875.15	0	.8574599	.1071145	.03542561	0
874.15	0	.8567101	.107717	.03557296	0
873.15	0	.85596	.1083219	.03571814	0
872.15	0	.8552094	.1089295	.03586111	0
871.15	0	.8544583	.1095398	.03600185	0
870.15	0	.8537066	.1101531	.03614032	0
869.15	0	.852954	.1107695	.03627648	0
868.15	0	.8522005	.1113892	.0364103	0
867.15	0	.8514459	.1120124	.03654173	0
866.15	0	.8506899	.1126393	.03667074	0
865.15	0	.8499326	.1132701	.03679729	0
864.15	0	.8491736	.1139051	.03692133	0
863.15	0	.8484129	.1145443	.03704282	0
862.15	0	.8476501	.1151882	.03716172	0
861.15	0	.8468852	.1158368	.03727796	0
860.15	0	.846118	.1164905	.03739151	0
859.15	0	.8453481	.1171496	.03750231	0
858.15	0	.8445754	.1178143	.03761031	0
857.15	0	.8437997	.1184849	.03771544	0
856.15	0	.8430207	.1191616	.03781765	0
855.15	0	.8422382	.119845	.03791688	0
854.15	0	.8414518	.1205351	.03801305	0
853.15	0	.8406614	.1212325	.0381061	0
852.15	0	.8398666	.1219374	.03819596	0
851.15	0	.8390671	.1226504	.03828255	0
850.15	0	.8382626	.1233716	.03836579	0
849.15	0	.8374527	.1241017	.03844559	0
848.15	0	.8366371	.124841	.03852187	0
847.15	0	.8358154	.1255901	.03859452	0
846.15	0	.8349872	.1263494	.03866346	0
845.15	0	.834152	.1271195	.03872857	0
844.15	0	.8333094	.1279009	.03878974	0
843.15	0	.8324589	.1286942	.03884685	0
842.15	0	.8316001	.1295002	.03889978	0
841.15	0	.8307322	.1303194	.03894839	0
840.15	0	.8298549	.1311526	.03899253	0
839.15	0	.8289673	.1320006	.03903205	0
838.15	0	.828069	.1328643	.03906678	0
837.15	0	.827159	.1337444	.03909655	0
836.15	0	.8262367	.1346421	.03912116	0
835.15	0	.8253012	.1355584	.03914041	0
834.15	0	.8242221	.1366419	.03913599	0
833.15	0	.8226486	.1382945	.03905695	0
832.15	0	.8211382	.1398816	.0389802	0
831.15	0	.8196874	.1414069	.03890566	0
830.15	0	.8182929	.1428739	.0388332	0
829.15	0	.8169514	.1442859	.03876272	0
828.15	0	.8156602	.1456456	.03869414	0
827.15	0	.8144166	.1469561	.03862736	0
826.15	0	.813218	.1482198	.03856228	0
825.15	0	.8120621	.1494391	.03849881	0
824.15	0	.8109466	.1506165	.03843689	0
823.15	0	.8098697	.1517539	.03837642	0
822.15	0	.8088293	.1528534	.03831734	0
821.15	0	.8078236	.1539168	.03825956	0
820.15	0	.806851	.1549459	.03820303	0
819.15	0	.8059099	.1559424	.03814767	0
818.15	0	.8049988	.1569078	.03809344	0
817.15	0	.8041162	.1578435	.03804026	0
816.15	0	.803261	.1587509	.03798808	0
815.15	0	.8024318	.1596314	.03793686	0
814.15	0	.8016274	.1604861	.03788653	0
813.15	0	.8008468	.1613161	.03783706	0
812.15	0	.8000889	.1621227	.0377884	0
811.15	0	.7993528	.1629067	.03774051	0
810.15	0	.7986375	.1636692	.03769334	0
809.15	0	.797942	.1644111	.03764686	0
808.15	0	.7972657	.1651333	.03760103	0
807.15	0	.7966077	.1658365	.03755581	0
806.15	0	.7959671	.1665217	.03751118	0
805.15	0	.7953435	.1671894	.03746711	0
804.15	0	.7947359	.1678405	.03742355	0
803.15	0	.7941439	.1684756	.03738049	0
802.15	0	.7935667	.1690954	.0373379	0
801.15	0	.7930039	.1697003	.03729575	0
800.15	0	.7924548	.1702912	.03725403	0
799.15	0	.791919	.1708683	.03721269	0
798.15	0	.7913958	.1714324	.03717173	0
797.15	0	.790885	.1719839	.03713113	0
796.15	0	.7903859	.1725233	.03709085	0
795.15	0	.7898981	.173051	.0370509	0
794.15	0	.7894213	.1735674	.03701123	0
793.15	0	.7889551	.1740731	.03697185	0
792.15	0	.788499	.1745683	.03693273	0
791.15	0	.7880527	.1750535	.03689386	0
790.15	0	.7876158	.175529	.03685522	0
789.15	0	.7871881	.1759951	.0368168	0
788.15	0	.7867692	.1764523	.03677858	0
787.15	0	.7863587	.1769007	.03674056	0
786.15	0	.7859565	.1773408	.03670272	0
785.15	0	.7855622	.1777727	.03666504	0
784.15	0	.7851756	.1781969	.03662753	0
783.15	0	.7847964	.1786134	.03659016	0
782.15	0	.7844244	.1790227	.03655292	0
781.15	0	.7840593	.1794249	.03651582	0
780.15	0	.7837009	.1798203	.03647883	0
779.15	0	.7833489	.1802091	.03644195	0
778.15	0	.7830033	.1805915	.03640517	0
777.15	0	.7826637	.1809678	.03636848	0
776.15	0	.7823301	.1813381	.03633188	0
775.15	0	.7820021	.1817025	.03629536	0
774.15	0	.7816797	.1820614	.03625891	0
773.15	0	.7813626	.1824149	.03622252	0
772.15	0	.7810507	.1827631	.03618618	0
771.15	0	.7807439	.1831062	.0361499	0
770.15	0	.780442	.1834444	.03611367	0
769.15	0	.7801448	.1837778	.03607747	0
768.15	0	.7798521	.1841065	.03604132	0
767.15	0	.779564	.1844308	.03600518	0
766.15	0	.7792802	.1847507	.03596908	0
765.15	0	.7790006	.1850664	.035933	0
764.15	0	.7787252	.1853779	.03589693	0
763.15	0	.7784536	.1856855	.03586087	0
762.15	0	.778186	.1859892	.03582482	0
761.15	0	.7779221	.1862891	.03578877	0
760.15	0	.7776619	.1865854	.03575273	0
759.15	0	.7774052	.1868781	.03571668	0
758.15	0	.7771538	.187166	.03568016	0
757.15	0	.7769038	.187452	.03564413	0
756.15	0	.7766571	.1877348	.03560809	0
755.15	0	.7764136	.1880144	.03557202	0
754.15	0	.7761731	.1882909	.03553594	0
753.15	0	.7759358	.1885644	.03549983	0
752.15	0	.7757013	.188835	.0354637	0
751.15	0	.7754697	.1891027	.03542754	0
750.15	0	.775241	.1893677	.03539136	0
749.15	0	.7750149	.1896299	.03535514	0
748.15	0	.7747916	.1898896	.03531888	0
747.15	0	.7745708	.1901466	.03528259	0
746.15	0	.7743525	.1904012	.03524627	0
745.15	0	.7741368	.1906534	.0352099	0
744.15	0	.7739234	.1909031	.03517349	0
743.15	0	.7737123	.1911506	.03513705	0
742.15	0	.7735036	.1913958	.03510056	0
741.15	0	.7732971	.1916389	.03506402	0
740.15	0	.7730928	.1918798	.03502744	0
739.15	0	.7728906	.1921186	.03499081	0
738.15	0	.7726905	.1923553	.03495413	0
737.15	0	.7724925	.1925901	.03491741	0
736.15	0	.7722964	.192823	.03488063	0
735.15	0	.7721023	.1930539	.0348438	0
734.15	0	.7719101	.193283	.03480693	0
733.15	0	.7717197	.1935103	.03476999	0
732.15	0	.7715312	.1937358	.03473301	0
731.15	0	.7713444	.1939596	.03469597	0
730.15	0	.7711594	.1941818	.03465888	0
729.15	0	.770976	.1944022	.03462173	0
728.15	0	.7707944	.1946211	.03458453	0
727.15	0	.7706144	.1948384	.03454727	0
726.15	0	.7704359	.1950541	.03450995	0
725.15	0	.770259	.1952684	.03447258	0
724.15	0	.7700837	.1954811	.03443515	0
723.15	0	.7699099	.1956925	.03439766	0
722.15	0	.7697375	.1959024	.03436012	0
721.15	0	.7695666	.1961109	.03432251	0
720.15	0	.769397	.1963181	.03428485	0
719.15	0	.7692289	.196524	.03424713	0
718.15	0	.7690621	.1967285	.03420936	0
717.15	0	.7688967	.1969318	.03417152	0
716.15	0	.7687325	.1971338	.03413363	0
715.15	0	.7685697	.1973347	.03409567	0
714.15	0	.768408	.1975343	.03405766	0
713.15	0	.7682477	.1977328	.03401959	0
712.15	0	.7680885	.19793	.03398147	0
711.15	0	.7679305	.1981262	.03394328	0
710.15	0	.7677737	.1983213	.03390504	0
709.15	0	.767618	.1985153	.03386673	0
708.15	0	.7674635	.1987082	.03382838	0
707.15	0	.76731	.1989	.03378996	0
706.15	0	.7671577	.1990909	.03375148	0
705.15	0	.7670064	.1992807	.03371295	0
704.15	0	.7668561	.1994695	.03367437	0
703.15	0	.7667069	.1996574	.03363572	0
702.15	0	.7665587	.1998443	.03359702	0
701.15	0	.7664115	.2000303	.03355827	0
700.15	0	.7662652	.2002153	.03351946	0
699.15	0	.76612	.2003995	.03348059	0
698.15	0	.7659756	.2005827	.03344167	0
697.15	0	.7658322	.2007651	.03340269	0
696.15	0	.7656898	.2009466	.03336366	0
695.15	0	.7655482	.2011272	.03332458	0
694.15	0	.7654075	.201307	.03328544	0
693.15	0	.7652677	.201486	.03324625	0
692.15	0	.7651288	.2016642	.03320701	0
691.15	0	.7649907	.2018416	.03316772	0
690.15	0	.7648534	.2020182	.03312838	0
689.15	0	.764717	.202194	.03308899	0
688.15	0	.7645814	.2023691	.03304954	0
687.15	0	.7644465	.2025434	.03301005	0
686.15	0	.7643125	.202717	.03297051	0
685.15	0	.7641792	.2028899	.03293091	0
684.15	0	.7640467	.203062	.03289128	0
683.15	0	.763915	.2032334	.03285159	0
682.15	0	.763784	.2034041	.03281186	0
681.15	0	.7636537	.2035742	.03277208	0
680.15	0	.7635242	.2037435	.03273226	0
679.15	0	.7633954	.2039122	.03269239	0
678.15	0	.7632673	.2040803	.03265247	0
677.15	0	.7631398	.2042476	.03261252	0
676.15	0	.7630131	.2044144	.03257252	0
675.15	0	.7628871	.2045805	.03253248	0
674.15	0	.7627617	.2047459	.03249239	0
673.15	0	.7626369	.2049108	.03245227	0
672.15	0	.7625129	.205075	.0324121	0
671.15	0	.7623895	.2052386	.0323719	0
670.15	0	.7622667	.2054017	.03233166	0
669.15	0	.7621445	.2055641	.03229138	0
668.15	0	.762023	.205726	.03225106	0
667.15	0	.761902	.2058873	.0322107	0
666.15	0	.7617817	.206048	.03217031	0
665.15	0	.761662	.2062081	.03212988	0
664.15	0	.7615429	.2063677	.03208942	0
663.15	0	.7614243	.2065267	.03204893	0
662.15	0	.7613064	.2066852	.0320084	0
661.15	0	.761189	.2068432	.03196784	0
660.15	0	.7610722	.2070006	.03192724	0
659.15	0	.7609559	.2071574	.03188662	0
658.15	0	.7608402	.2073138	.03184597	0
657.15	0	.7607251	.2074696	.03180529	0
656.15	0	.7606105	.2076249	.03176457	0
655.15	0	.7604964	.2077797	.03172383	0
654.15	0	.7603829	.207934	.03168307	0
653.15	0	.7602699	.2080878	.03164228	0
652.15	0	.7601574	.2082411	.03160146	0
651.15	0	.7600454	.208394	.03156062	0
650.15	0	.759934	.2085463	.03151975	0
649.15	0	.759823	.2086981	.03147886	0
648.15	0	.7597126	.2088495	.03143795	0
647.15	0	.7596026	.2090003	.03139701	0
646.15	0	.7594932	.2091508	.03135606	0
645.15	0	.7593842	.2093007	.03131509	0
644.15	0	.7592758	.2094502	.03127409	0
643.15	0	.7591677	.2095992	.03123308	0
642.15	0	.7590602	.2097477	.03119205	0
641.15	0	.7589532	.2098958	.03115101	0
640.15	0	.7588466	.2100435	.03110994	0
639.15	0	.7587405	.2101907	.03106887	0
638.15	0	.7586348	.2103374	.03102778	0
637.15	0	.7585296	.2104837	.03098667	0
636.15	0	.7584248	.2106296	.03094556	0
635.15	0	.7583205	.2107751	.03090443	0
634.15	0	.7582167	.2109201	.03086329	0
633.15	0	.7581132	.2110646	.03082214	0
632.15	0	.7580102	.2112088	.03078098	0
631.15	0	.7579077	.2113525	.03073982	0
630.15	0	.7578056	.2114958	.03069864	0
629.15	0	.7577039	.2116387	.03065746	0
628.15	0	.7576026	.2117811	.03061627	0
627.15	0	.7575018	.2119232	.03057508	0
626.15	0	.7574013	.2120648	.03053389	0
625.15	0	.7573013	.212206	.03049269	0
624.15	0	.7572017	.2123468	.03045149	0
623.15	0	.7571025	.2124872	.03041028	0
622.15	0	.7570037	.2126272	.03036908	0
621.15	0	.7569054	.2127668	.03032787	0
620.15	0	.7568074	.2129059	.03028667	0
619.15	0	.7567098	.2130447	.03024547	0
618.15	0	.7566126	.2131831	.03020427	0
617.15	0	.7565158	.2133211	.03016308	0
616.15	0	.7564194	.2134587	.03012189	0
615.15	0	.7563234	.2135959	.0300807	0
614.15	0	.7562278	.2137327	.03003952	0
613.15	0	.7561326	.2138691	.02999835	0
612.15	0	.7560377	.2140051	.02995718	0
611.15	0	.7559432	.2141408	.02991603	0
610.15	0	.7558491	.214276	.02987488	0
609.15	0	.7557554	.2144109	.02983374	0
608.15	0	.755662	.2145454	.02979262	0
607.15	0	.755569	.2146795	.02975151	0
606.15	0	.7554764	.2148132	.02971041	0
605.15	0	.7553842	.2149465	.02966932	0
604.15	0	.7552923	.2150795	.02962825	0
603.15	0	.7552008	.2152121	.02958719	0
602.15	0	.7551096	.2153443	.02954615	0
601.15	0	.7550188	.2154761	.02950513	0
600.15	0	.7549284	.2156075	.02946413	0
599.15	0	.7548383	.2157386	.02942314	0
598.15	0	.7547485	.2158693	.02938218	0
597.15	0	.7546591	.2159996	.02934123	0
596.15	0	.7545701	.2161296	.02930031	0
595.15	0	.7544814	.2162592	.02925941	0
594.15	0	.7543931	.2163884	.02921853	0
593.15	0	.7543051	.2165173	.02917768	0
592.15	0	.7542174	.2166457	.02913685	0
591.15	0	.7541301	.2167739	.02909605	0
590.15	0	.7540431	.2169016	.02905527	0
589.15	0	.7539565	.217029	.02901452	0
588.15	0	.7538702	.217156	.0289738	0
587.15	0	.7537843	.2172826	.02893311	0
586.15	0	.7536986	.2174089	.02889245	0
585.15	0	.7536133	.2175348	.02885182	0
584.15	0	.7535284	.2176604	.02881123	0
583.15	0	.7534438	.2177856	.02877066	0
582.15	0	.7533595	.2179104	.02873013	0
581.15	0	.7532755	.2180349	.02868964	0
580.15	0	.7531918	.218159	.02864917	0
579.15	0	.7531085	.2182827	.02860875	0
578.15	0	.7530255	.2184061	.02856836	0
577.15	0	.7529429	.2185291	.02852801	0
576.15	0	.7528605	.2186518	.0284877	0
575.15	0	.7527785	.2187741	.02844743	0
574.15	0	.7526968	.218896	.0284072	0
573.15	0	.7526154	.2190176	.02836701	0
572.15	0	.7525343	.2191388	.02832686	0
571.15	0	.7524536	.2192597	.02828675	0
570.15	0	.7523732	.2193802	.02824669	0
569.15	0	.752293	.2195003	.02820668	0
568.15	0	.7522132	.2196201	.02816671	0
567.15	0	.7521337	.2197395	.02812678	0
566.15	0	.7520545	.2198586	.0280869	0
565.15	0	.7519757	.2199773	.02804708	0
564.15	0	.7518971	.2200956	.0280073	0
563.15	0	.7518189	.2202136	.02796756	0
562.15	0	.7517409	.2203312	.02792788	0
561.15	0	.7516633	.2204485	.02788826	0
560.15	0	.7515859	.2205654	.02784868	0
559.15	0	.7515089	.2206819	.02780916	0
558.15	0	.7514322	.2207981	.02776969	0
557.15	0	.7513558	.220914	.02773027	0
556.15	0	.7512797	.2210294	.02769091	0
555.15	0	.7512038	.2211445	.02765161	0
554.15	0	.7511283	.2212593	.02761237	0
553.15	0	.7510531	.2213737	.02757318	0
552.15	0	.7509782	.2214877	.02753405	0
551.15	0	.7509036	.2216014	.02749498	0
550.15	0	.7508293	.2217147	.02745598	0
549.15	0	.7507553	.2218277	.02741703	0
548.15	0	.7506816	.2219403	.02737815	0
547.15	0	.7506081	.2220526	.02733933	0
546.15	0	.750535	.2221644	.02730057	0
545.15	0	.7504622	.2222759	.02726188	0
544.15	0	.7503896	.2223871	.02722325	0
543.15	0	.7503174	.2224979	.02718469	0
542.15	0	.7502454	.2226084	.0271462	0
541.15	0	.7501738	.2227184	.02710777	0
540.15	0	.7501024	.2228282	.02706941	0
539.15	0	.7500313	.2229375	.02703113	0
538.15	0	.7499606	.2230465	.02699291	0
537.15	0	.7498901	.2231552	.02695476	0
536.15	0	.7498199	.2232634	.02691669	0
535.15	0	.74975	.2233713	.02687869	0
534.15	0	.7496803	.2234789	.02684076	0
533.15	0	.749611	.2235861	.02680291	0
532.15	0	.749542	.2236929	.02676513	0
531.15	0	.7494732	.2237994	.02672743	0
530.15	0	.7494047	.2239055	.02668981	0
529.15	0	.7493365	.2240112	.02665226	0
528.15	0	.7492686	.2241166	.02661479	0
527.15	0	.749201	.2242216	.0265774	0
526.15	0	.7491337	.2243262	.02654009	0
525.15	0	.7490666	.2244305	.02650286	0
524.15	0	.7489999	.2245344	.02646572	0
523.15	0	.7489334	.224638	.02642865	0
522.15	0	.7488672	.2247411	.02639167	0
521.15	0	.7488013	.224844	.02635477	0
520.15	0	.7487356	.2249464	.02631796	0
519.15	0	.7486703	.2250485	.02628123	0
518.15	0	.7486052	.2251502	.02624458	0
517.15	0	.7485404	.2252515	.02620803	0
516.15	0	.7484759	.2253525	.02617156	0
515.15	0	.7484117	.2254531	.02613518	0
514.15	0	.7483478	.2255534	.02609889	0
513.15	0	.7482841	.2256532	.02606269	0
512.15	0	.7482207	.2257527	.02602658	0
511.15	0	.7481576	.2258519	.02599056	0
510.15	0	.7480948	.2259506	.02595464	0
509.15	0	.7480323	.226049	.02591869	0
508.15	0	.7479701	.226147	.02588295	0
507.15	0	.7479081	.2262447	.0258473	0
506.15	0	.7478463	.2263419	.02581175	0
505.15	0	.7477849	.2264388	.02577629	0
504.15	0	.7477237	.2265354	.02574093	0
503.15	0	.7476628	.2266315	.02570567	0
502.15	0	.7476022	.2267273	.0256705	0
501.15	0	.7475419	.2268227	.02563544	0
500.15	0	.7474818	.2269177	.02560047	0
499.15	0	.747422	.2270124	.02556561	0
498.15	0	.7473625	.2271067	.02553084	0
497.15	0	.7473032	.2272006	.02549618	0
496.15	0	.7472443	.2272941	.02546162	0
495.15	0	.7471856	.2273873	.02542716	0
494.15	0	.7471272	.22748	.02539281	0
493.15	0	.747069	.2275724	.02535856	0
492.15	0	.7470111	.2276645	.02532441	0
491.15	0	.7469535	.2277561	.02529038	0
490.15	0	.7468962	.2278474	.02525644	0
489.15	0	.7468391	.2279383	.02522262	0
488.15	0	.7467823	.2280288	.0251889	0
487.15	0	.7467258	.2281189	.02515529	0
486.15	0	.7466696	.2282086	.0251218	0
485.15	0	.7466136	.228298	.02508841	0
484.15	0	.7465579	.228387	.02505513	0
483.15	0	.7465024	.2284756	.02502196	0
482.15	0	.7464473	.2285638	.02498891	0
481.15	0	.7463924	.2286517	.02495597	0
480.15	0	.7463377	.2287391	.02492314	0
479.15	0	.7462834	.2288262	.02489042	0
478.15	0	.7462293	.2289129	.02485782	0
477.15	0	.7461755	.2289992	.02482534	0
476.15	0	.7461219	.2290851	.02479297	0
475.15	0	.7460686	.2291707	.02476072	0
474.15	0	.7460156	.2292558	.02472858	0
473.15	0	.7459629	.2293406	.02469657	0
472.15	0	.7459104	.229425	.02466467	0
471.15	0	.7458582	.229509	.02463289	0
470.15	0	.7458062	.2295926	.02460123	0
469.15	0	.7457545	.2296758	.02456969	0
468.15	0	.7457031	.2297586	.02453827	0
467.15	0	.745652	.2298411	.02450698	0
466.15	0	.7456011	.2299231	.0244758	0
465.15	0	.7455505	.2300048	.02444475	0
464.15	0	.7455001	.2300861	.02441383	0
463.15	0	.74545	.230167	.02438302	0
462.15	0	.7454002	.2302475	.02435234	0
461.15	0	.7453506	.2303276	.02432179	0
460.15	0	.7453013	.2304073	.02429136	0
459.15	0	.7452523	.2304867	.02426106	0
458.15	0	.7452035	.2305656	.02423089	0
457.15	0	.745155	.2306441	.02420084	0
456.15	0	.7451068	.2307223	.02417092	0
455.15	0	.7450588	.2308001	.02414113	0
454.15	0	.7450111	.2308775	.02411147	0
453.15	0	.7449636	.2309544	.02408194	0
452.15	0	.7449164	.231031	.02405254	0
451.15	0	.7448695	.2311072	.02402327	0
450.15	0	.7448228	.231183	.02399413	0
449.15	0	.7447765	.2312584	.02396515	0
448.15	0	.7447304	.2313333	.0239363	0
447.15	0	.7446846	.2314079	.02390759	0
446.15	0	.744639	.231482	.02387902	0
445.15	0	.7445937	.2315557	.02385058	0
444.15	0	.7445487	.231629	.0238223	0
443.15	0	.744504	.2317018	.02379415	0
442.15	0	.7444596	.2317743	.02376616	0
441.15	0	.7444154	.2318462	.02373832	0
440.15	0	.7443716	.2319178	.02371062	0
439.15	0	.744328	.2319889	.02368308	0
438.15	0	.7442848	.2320595	.0236557	0
437.15	0	.7442418	.2321297	.02362847	0
436.15	0	.7441992	.2321994	.02360141	0
435.15	0	.7441568	.2322687	.0235745	0
434.15	0	.7441148	.2323375	.02354775	0
433.15	0	.744073	.2324058	.02352117	0
432.15	0	.7440316	.2324737	.02349476	0
431.15	0	.7439905	.232541	.0234685	0
430.15	0	.7439496	.2326079	.02344242	0
429.15	0	.7439091	.2326744	.02341651	0
428.15	0	.7438689	.2327403	.02339076	0
427.15	0	.7438291	.2328057	.02336519	0
426.15	0	.7437895	.2328707	.02333978	0
425.15	0	.7437503	.2329352	.02331455	0
424.15	0	.7437113	.2329992	.02328949	0
423.15	0	.7436727	.2330627	.02326461	0
422.15	0	.7436344	.2331257	.0232399	0
421.15	0	.7435965	.2331882	.02321537	0
420.15	0	.7435588	.2332502	.02319102	0
419.15	0	.7435214	.2333117	.02316684	0
418.15	0	.7434844	.2333728	.02314284	0
417.15	0	.7434477	.2334333	.02311902	0
416.15	0	.7434113	.2334933	.02309537	0
415.15	0	.7433752	.2335529	.02307191	0
414.15	0	.7433395	.2336119	.02304862	0
413.15	0	.743304	.2336705	.02302552	0
412.15	0	.7432689	.2337285	.02300259	0
411.15	0	.7432341	.2337861	.02297985	0
410.15	0	.7431996	.2338431	.02295728	0
409.15	0	.7431654	.2338997	.0229349	0
408.15	0	.7431315	.2339558	.0229127	0
407.15	0	.7430979	.2340114	.02289068	0
406.15	0	.7430647	.2340665	.02286884	0
405.15	0	.7430317	.2341211	.02284718	0
404.15	0	.7429991	.2341752	.0228257	0
403.15	0	.7429667	.2342289	.0228044	0
402.15	0	.7429347	.234282	.02278328	0
401.15	0	.742903	.2343347	.02276235	0
400.15	0	.7428715	.2343869	.02274159	0
399.8046	0	.7428607	.2344048	.02273446	0
399.8046	0	.7428607	.2344048	.02273446	0
399.8046	0	.7428607	.2344048	.02273446	0
399.15	0	.743016	.234022	.02253616	4.258511E-04
398.15	0	.743253	.2334375	.02223373	.001075754
397.15	0	.7434897	.2328536	.02193192	.001724845
396.15	0	.7437261	.2322701	.02163073	.002373128
395.15	0	.7439623	.231687	.02133015	.003020611
394.15	0	.7441982	.2311044	.02103018	.003667301
393.15	0	.7444338	.2305222	.02073082	.004313205
392.15	0	.7446692	.2299404	.02043207	.004958328
391.15	0	.7449043	.2293591	.02013392	.005602677
390.15	0	.7451392	.2287781	.01983638	.006246259
389.15	0	.7453739	.2281976	.01953943	.00688908
388.15	0	.7456083	.2276174	.01924307	.007531145
387.15	0	.7458426	.2270377	.01894731	.008172462
386.15	0	.7460766	.2264583	.01865213	.008813036
385.15	0	.7463104	.2258792	.01835754	.009452872
384.15	0	.7465439	.2253006	.01806354	.01009198
383.15	0	.7467773	.2247222	.01777011	.01073036
382.15	0	.7470105	.2241442	.01747727	.01136802
381.15	0	.7472435	.2235666	.017185	.01200496
380.15	0	.7474763	.2229893	.0168933	.0126412
379.15	0	.7477089	.2224122	.01660217	.01327673
378.15	0	.7479413	.2218355	.01631161	.01391157
377.15	0	.7481735	.2212591	.01602161	.01454572
376.15	0	.7484056	.2206831	.01573218	.01517917
375.15	0	.7486375	.2201073	.0154433	.01581195
374.15	0	.7488692	.2195317	.01515498	.01644405
373.15	0	.7491008	.2189565	.01486722	.01707547
372.15	0	.7493322	.2183816	.01458001	.01770623
371.15	0	.7495635	.2178069	.01429334	.01833633
370.15	0	.7497946	.2172324	.01400723	.01896577
369.15	0	.7500255	.2166583	.01372165	.01959456
368.15	0	.7502563	.2160844	.01343662	.0202227
367.15	0	.750487	.2155107	.01315213	.0208502
366.15	0	.7507175	.2149373	.01286817	.02147706
365.15	0	.7509479	.2143641	.01258475	.02210329
364.15	0	.7511781	.2137911	.01230187	.02272889
363.15	0	.7514083	.2132184	.01201951	.02335386
362.15	0	.7516383	.2126459	.01173768	.02397822
361.15	0	.7518681	.2120736	.01145637	.02460196
360.15	0	.7520979	.2115015	.01117559	.02522508
359.15	0	.7523275	.2109296	.01089533	.0258476
358.15	0	.752557	.2103579	.01061558	.02646951
357.15	0	.7527864	.2097864	.01033636	.02709083
356.15	0	.7530157	.2092152	.01005764	.02771155
355.15	0	.7532448	.2086441	.00977944	.02833168
354.15	0	.7534739	.2080732	.009501748	.02895122
353.15	0	.7537028	.2075024	.009224563	.02957018
352.15	0	.7539317	.2069319	.008947884	.03018856
351.15	0	.7541604	.2063615	.008671708	.03080636
350.15	0	.754389	.2057913	.008396034	.03142359
349.15	0	.7546176	.2052213	.008120858	.03204025
348.15	0	.754846	.2046514	.00784618	.03265634
347.15	0	.7550744	.2040817	.007571997	.03327188
346.15	0	.7553026	.2035122	.007298308	.03388685
345.15	0	.7555308	.2029428	.00702511	.03450127
344.15	0	.7557589	.2023736	.006752401	.03511514
343.15	0	.7559869	.2018045	.00648018	.03572846
342.15	0	.7562148	.2012355	.006208445	.03634124
341.15	0	.7564426	.2006667	.005937193	.03695347
340.15	0	.7566703	.2000981	.005666423	.03756517
339.15	0	.756898	.1995296	.005396134	.03817633
338.15	0	.7571256	.1989612	.005126323	.03878695
337.15	0	.7573531	.1983929	.004856989	.03939705
336.15	0	.7575805	.1978248	.004588129	.04000662
335.15	0	.7578078	.1972568	.004319743	.04061567
334.15	0	.7580351	.1966889	.004051829	.0412242
333.15	0	.7582623	.1961212	.003784384	.04183221
332.15	0	.7584894	.1955535	.003517408	.0424397
331.15	0	.7587164	.194986	.003250899	.04304668
330.15	0	.7589434	.1944186	.002984854	.04365315
329.15	0	.7591703	.1938513	.002719273	.04425912
328.15	0	.7593971	.1932841	.002454154	.04486458
327.15	0	.7596239	.1927171	.002189496	.04546953
326.15	0	.7598506	.1921501	.001925296	.04607399
325.15	0	.7600772	.1915833	.001661555	.04667795
324.15	0	.7603038	.1910165	.001398269	.04728141
323.15	0	.7605303	.1904499	.001135438	.04788439
322.15	0	.7607567	.1898834	8.730606E-04	.04848687
321.15	0	.7609831	.1893169	6.11135E-04	.04908886
320.15	0	.7612094	.1887506	3.496601E-04	.04969037
319.15	0	.7614357	.1881843	8.863449E-05	.0502914
318.81	0	.7615126	.1879918	0	.05049561
318.81	0	.7615126	.1879918	0	.05049561
318.15	0	.7615234	.1878204	0	.05065616
317.15	0	.76154	.187561	0	.05089901
316.15	0	.7615566	.187302	0	.05114139
315.15	0	.7615733	.1870434	0	.05138331
314.15	0	.7615901	.1867851	0	.05162476
313.15	0	.761607	.1865273	0	.05186575
312.15	0	.761624	.1862698	0	.05210628
311.15	0	.761641	.1860127	0	.05234635
310.15	0	.7616581	.1857559	0	.05258596
309.15	0	.7616753	.1854996	0	.05282512
308.15	0	.7616926	.1852436	0	.05306382
307.15	0	.7617099	.184988	0	.05330207
306.15	0	.7617274	.1847328	0	.05353988
305.15	0	.7617449	.1844779	0	.05377723
304.15	0	.7617624	.1842234	0	.05401414
303.15	0	.7617801	.1839693	0	.0542506
302.15	0	.7617978	.1837156	0	.05448662
301.15	0	.7618156	.1834622	0	.05472219
300.15	0	.7618335	.1832092	0	.05495733
299.15	0	.7618514	.1829566	0	.05519203
298.15	0	.7618694	.1827043	0	.05542629
