T	 BPW(LIQUID)	BPW(BCC_A2)	BPW(FCC_A1)	BPW(LAVES_PHASE_C14)	BPW(NI3TI)
1473.15	.1558527	.5983585	0	.2457888	0
1472.15	.15098	.6015654	0	.2474546	0
1471.15	.1462003	.6047066	0	.2490931	0
1470.15	.1415112	.6077839	0	.2507049	0
1469.15	.1369101	.610799	0	.2522909	0
1468.15	.1323945	.6137537	0	.2538518	0
1467.15	.1279623	.6166494	0	.2553883	0
1466.15	.1236112	.6194877	0	.2569011	0
1465.15	.1193389	.6222703	0	.2583908	0
1464.15	.1151435	.6249984	0	.2598581	0
1463.15	.111023	.6276736	0	.2613035	0
1462.15	.1069752	.6302971	0	.2627277	0
1461.15	.1029985	.6328703	0	.2641312	0
1460.15	.09909101	.6353945	0	.2655145	0
1459.15	.0952509	.6378708	0	.2668783	0
1458.15	.0914765	.6403005	0	.268223	0
1457.15	.08776618	.6426848	0	.2695491	0
1456.15	.08411832	.6450247	0	.270857	0
1455.15	.08053138	.6473213	0	.2721474	0
1454.15	.07700388	.6495756	0	.2734205	0
1453.15	.07353436	.6517888	0	.2746768	0
1452.15	.07012142	.6539617	0	.2759169	0
1451.15	.06676369	.6560954	0	.2771409	0
1450.15	.06345986	.6581907	0	.2783495	0
1449.15	.06020865	.6602485	0	.2795428	0
1448.15	.05700881	.6622698	0	.2807214	0
1447.15	.05385914	.6642553	0	.2818856	0
1446.15	.05075848	.6662059	0	.2830357	0
1445.15	.04770568	.6681223	0	.284172	0
1444.15	.04469966	.6700055	0	.2852949	0
1443.15	.04173935	.671856	0	.2864047	0
1442.15	.0388237	.6736746	0	.2875017	0
1441.15	.0359517	.6754621	0	.2885862	0
1440.15	.03312239	.6772191	0	.2896585	0
1439.15	.03033481	.6789463	0	.2907189	0
1438.15	.02758804	.6806443	0	.2917676	0
1437.15	.02488118	.6823139	0	.292805	0
1436.15	.02221336	.6839555	0	.2938312	0
1435.15	.01958372	.6855698	0	.2948465	0
1434.15	.01699145	.6871573	0	.2958512	0
1433.15	.01443574	.6887187	0	.2968455	0
1432.15	.01191582	.6902545	0	.2978297	0
1431.15	.009430913	.6917652	0	.2988038	0
1430.15	.006980293	.6932514	0	.2997683	0
1429.15	.004563238	.6947135	0	.3007232	0
1428.15	.002179047	.6961521	0	.3016689	0
1427.224	0	.6974636	0	.3025364	0
1427.224	0	.6974636	0	.3025364	0
1427.15	0	.6974251	0	.3025749	0
1426.15	0	.6969051	0	.3030949	0
1425.15	0	.6963864	0	.3036136	0
1424.15	0	.6958689	0	.3041311	0
1423.15	0	.6953528	0	.3046472	0
1422.15	0	.694838	0	.3051621	0
1421.15	0	.6943244	0	.3056756	0
1420.15	0	.6938121	0	.3061879	0
1419.15	0	.693301	0	.306699	0
1418.15	0	.6927913	0	.3072087	0
1417.15	0	.6922828	0	.3077172	0
1416.15	0	.6917755	0	.3082245	0
1415.15	0	.6912695	0	.3087305	0
1414.15	0	.6907647	0	.3092353	0
1413.15	0	.6902612	0	.3097388	0
1412.15	0	.689759	0	.3102411	0
1411.15	0	.6892579	0	.3107421	0
1410.15	0	.6887581	0	.3112419	0
1409.15	0	.6882595	0	.3117405	0
1408.15	0	.6877621	0	.3122379	0
1407.15	0	.687266	0	.312734	0
1406.15	0	.686771	0	.313229	0
1405.15	0	.6862773	0	.3137227	0
1404.15	0	.6857848	0	.3142152	0
1403.15	0	.6852935	0	.3147066	0
1402.15	0	.6848033	0	.3151967	0
1401.15	0	.6843144	0	.3156856	0
1400.15	0	.6838266	0	.3161734	0
1399.15	0	.68334	0	.31666	0
1398.15	0	.6828547	0	.3171454	0
1397.15	0	.6823704	0	.3176296	0
1396.15	0	.6818874	0	.3181126	0
1395.15	0	.6814055	0	.3185945	0
1394.15	0	.6809248	0	.3190752	0
1393.15	0	.6804452	0	.3195548	0
1392.15	0	.6799668	0	.3200332	0
1391.15	0	.6794896	0	.3205104	0
1390.15	0	.6790135	0	.3209865	0
1389.15	0	.6785385	0	.3214615	0
1388.15	0	.6780647	0	.3219353	0
1387.15	0	.677592	0	.322408	0
1386.15	0	.6771205	0	.3228795	0
1385.15	0	.67665	0	.32335	0
1384.15	0	.6761807	0	.3238193	0
1383.15	0	.6757126	0	.3242875	0
1382.15	0	.6752455	0	.3247545	0
1381.15	0	.6747795	0	.3252205	0
1380.15	0	.6743147	0	.3256853	0
1379.15	0	.673851	0	.326149	0
1378.15	0	.6733883	0	.3266117	0
1377.15	0	.6729268	0	.3270732	0
1376.15	0	.6724664	0	.3275337	0
1375.15	0	.672007	0	.327993	0
1374.15	0	.6715487	0	.3284513	0
1373.15	0	.6710916	0	.3289084	0
1372.15	0	.6706355	0	.3293645	0
1371.15	0	.6701804	0	.3298196	0
1370.15	0	.6697265	0	.3302735	0
1369.15	0	.6692736	0	.3307264	0
1368.15	0	.6688218	0	.3311782	0
1367.15	0	.6683711	0	.331629	0
1366.15	0	.6679214	0	.3320787	0
1365.15	0	.6674727	0	.3325273	0
1364.15	0	.6670251	0	.3329749	0
1363.15	0	.6665786	0	.3334214	0
1362.15	0	.6661331	0	.3338669	0
1361.15	0	.6656886	0	.3343114	0
1360.15	0	.6652452	0	.3347548	0
1359.15	0	.6648029	0	.3351971	0
1358.15	0	.6643615	0	.3356385	0
1357.15	0	.6639212	0	.3360788	0
1356.15	0	.6634819	0	.3365181	0
1355.15	0	.6630436	0	.3369564	0
1354.15	0	.6626064	0	.3373936	0
1353.15	0	.6621702	0	.3378298	0
1352.15	0	.6617349	0	.3382651	0
1351.15	0	.6613007	0	.3386993	0
1350.15	0	.6608675	0	.3391325	0
1349.15	0	.6604353	0	.3395647	0
1348.15	0	.6600041	0	.3399959	0
1347.15	0	.6595739	0	.3404261	0
1346.15	0	.6591446	0	.3408554	0
1345.15	0	.6587164	0	.3412836	0
1344.15	0	.6582892	0	.3417108	0
1343.15	0	.6578629	0	.3421371	0
1342.15	0	.6574376	0	.3425624	0
1341.15	0	.6570133	0	.3429867	0
1340.15	0	.65659	0	.34341	0
1339.15	0	.6561676	0	.3438324	0
1338.15	0	.6557462	0	.3442538	0
1337.15	0	.6553258	0	.3446742	0
1336.15	0	.6549063	0	.3450937	0
1335.15	0	.6544878	0	.3455122	0
1334.15	0	.6540702	0	.3459298	0
1333.15	0	.6536536	0	.3463464	0
1332.15	0	.653238	0	.346762	0
1331.15	0	.6528233	0	.3471767	0
1330.15	0	.6524095	0	.3475905	0
1329.15	0	.6519967	0	.3480033	0
1328.15	0	.6515848	0	.3484152	0
1327.15	0	.6511738	0	.3488262	0
1326.15	0	.6507638	0	.3492362	0
1325.15	0	.6503547	0	.3496453	0
1324.15	0	.6499466	0	.3500534	0
1323.15	0	.6495393	0	.3504607	0
1322.15	0	.649133	0	.350867	0
1321.15	0	.6487276	0	.3512724	0
1320.15	0	.6483231	0	.3516769	0
1319.15	0	.6479195	0	.3520805	0
1318.15	0	.6475169	0	.3524832	0
1317.15	0	.6471151	0	.3528849	0
1316.15	0	.6467142	0	.3532858	0
1315.15	0	.6463143	0	.3536857	0
1314.15	0	.6459152	0	.3540848	0
1313.15	0	.645517	0	.354483	0
1312.15	0	.6451198	0	.3548802	0
1311.15	0	.6447234	0	.3552766	0
1310.15	0	.6443279	0	.3556721	0
1309.15	0	.6439333	0	.3560667	0
1308.15	0	.6435395	0	.3564605	0
1307.15	0	.6431467	0	.3568533	0
1306.15	0	.6427547	0	.3572453	0
1305.15	0	.6423636	0	.3576364	0
1304.15	0	.6419734	0	.3580266	0
1303.15	0	.641584	0	.358416	0
1302.15	0	.6411955	0	.3588045	0
1301.15	0	.6408079	0	.3591921	0
1300.15	0	.6404211	0	.3595789	0
1299.15	0	.6400352	0	.3599648	0
1298.15	0	.6396501	0	.3603499	0
1297.15	0	.6392659	0	.3607341	0
1296.15	0	.6388826	0	.3611174	0
1295.15	0	.6385001	0	.3614999	0
1294.15	0	.6381184	0	.3618816	0
1293.15	0	.6377376	0	.3622624	0
1292.15	0	.6373576	0	.3626424	0
1291.15	0	.6369785	0	.3630215	0
1290.15	0	.6366002	0	.3633998	0
1289.15	0	.6362227	0	.3637773	0
1288.15	0	.635846	0	.364154	0
1287.15	0	.6354702	0	.3645298	0
1286.15	0	.6350952	0	.3649048	0
1285.15	0	.6347211	0	.3652789	0
1284.15	0	.6343477	0	.3656523	0
1283.15	0	.6339752	0	.3660248	0
1282.15	0	.6336035	0	.3663965	0
1281.15	0	.6332326	0	.3667674	0
1280.15	0	.6328625	0	.3671375	0
1279.15	0	.6324932	0	.3675068	0
1278.15	0	.6321248	0	.3678752	0
1277.15	0	.6317571	0	.3682429	0
1276.15	0	.6313902	0	.3686098	0
1275.15	0	.6310242	0	.3689758	0
1274.15	0	.6306589	0	.3693411	0
1273.15	0	.6302944	0	.3697056	0
1272.15	0	.6299308	0	.3700692	0
1271.15	0	.6295679	0	.3704321	0
1270.15	0	.6292058	0	.3707942	0
1269.15	0	.6288445	0	.3711555	0
1268.15	0	.6284839	0	.3715161	0
1267.15	0	.6281242	0	.3718758	0
1266.15	0	.6277652	0	.3722348	0
1265.15	0	.627407	0	.372593	0
1264.15	0	.6270496	0	.3729504	0
1263.15	0	.626693	0	.373307	0
1262.15	0	.6263371	0	.3736629	0
1261.15	0	.625982	0	.374018	0
1260.15	0	.6256277	0	.3743723	0
1259.15	0	.6252741	0	.3747259	0
1258.15	0	.6249213	0	.3750787	0
1257.15	0	.6245692	0	.3754308	0
1256.15	0	.6242179	0	.3757821	0
1255.15	0	.6238674	0	.3761326	0
1254.15	0	.6235176	0	.3764824	0
1253.15	0	.6231686	0	.3768314	0
1252.15	0	.6228203	0	.3771797	0
1251.15	0	.6224728	0	.3775272	0
1250.15	0	.622126	0	.377874	0
1249.15	0	.6217799	0	.3782201	0
1248.15	0	.6214346	0	.3785654	0
1247.15	0	.6210901	0	.3789099	0
1246.15	0	.6207462	0	.3792538	0
1245.15	0	.6204031	0	.3795969	0
1244.15	0	.6200608	0	.3799392	0
1243.15	0	.6197191	0	.3802809	0
1242.15	0	.6193783	0	.3806217	0
1241.15	0	.6190381	0	.3809619	0
1240.15	0	.6186986	0	.3813014	0
1239.15	0	.6183599	0	.3816401	0
1238.15	0	.6180219	0	.3819781	0
1237.15	0	.6176846	0	.3823154	0
1236.15	0	.617348	0	.382652	0
1235.15	0	.6170122	0	.3829878	0
1234.15	0	.6166771	0	.3833229	0
1233.15	0	.6163426	0	.3836574	0
1232.15	0	.6160089	0	.3839911	0
1231.15	0	.6156759	0	.3843241	0
1230.15	0	.6153436	0	.3846564	0
1229.15	0	.615012	0	.384988	0
1228.15	0	.6146811	0	.3853189	0
1227.15	0	.6143509	0	.3856491	0
1226.15	0	.6140214	0	.3859786	0
1225.15	0	.6136926	0	.3863074	0
1224.15	0	.6133645	0	.3866355	0
1223.15	0	.6130371	0	.3869629	0
1222.15	0	.6127103	0	.3872897	0
1221.15	0	.6123843	0	.3876157	0
1220.15	0	.612059	0	.3879411	0
1219.15	0	.6117343	0	.3882657	0
1218.15	0	.6114103	0	.3885897	0
1217.15	0	.611087	0	.388913	0
1216.15	0	.6107644	0	.3892356	0
1215.15	0	.6104425	0	.3895576	0
1214.15	0	.6101212	0	.3898788	0
1213.15	0	.6098006	0	.3901994	0
1212.15	0	.6094807	0	.3905193	0
1211.15	0	.6091615	0	.3908386	0
1210.15	0	.6088429	0	.3911571	0
1209.15	0	.608525	0	.391475	0
1208.15	0	.6082077	0	.3917923	0
1207.15	0	.6078912	0	.3921088	0
1206.15	0	.6075753	0	.3924247	0
1205.15	0	.60726	0	.39274	0
1204.15	0	.6069454	0	.3930546	0
1203.15	0	.6066315	0	.3933685	0
1202.15	0	.6063182	0	.3936818	0
1201.15	0	.6060056	0	.3939944	0
1200.15	0	.6056936	0	.3943064	0
1199.15	0	.6053823	0	.3946177	0
1198.15	0	.6050716	0	.3949284	0
1197.15	0	.6047616	0	.3952384	0
1196.15	0	.6044522	0	.3955478	0
1195.15	0	.6041435	0	.3958565	0
1194.15	0	.6038354	0	.3961646	0
1193.15	0	.603528	0	.396472	0
1192.15	0	.6032212	0	.3967788	0
1191.15	0	.602915	0	.397085	0
1190.15	0	.6026095	0	.3973905	0
1189.15	0	.6023046	0	.3976954	0
1188.15	0	.6020003	0	.3979997	0
1187.15	0	.6016967	0	.3983033	0
1186.15	0	.6013937	0	.3986063	0
1185.15	0	.6010914	0	.3989087	0
1184.15	0	.6007896	0	.3992104	0
1183.15	0	.6004885	0	.3995115	0
1182.15	0	.600188	0	.399812	0
1181.15	0	.5998881	0	.4001119	0
1180.15	0	.5995889	0	.4004111	0
1179.15	0	.5992903	0	.4007097	0
1178.15	0	.5989923	0	.4010077	0
1177.15	0	.5986949	0	.4013051	0
1176.15	0	.5983981	0	.4016019	0
1175.15	0	.5981019	0	.4018981	0
1174.15	0	.5978064	0	.4021936	0
1173.15	0	.5975115	0	.4024885	0
1172.15	0	.5972171	0	.4027829	0
1171.15	0	.5969234	0	.4030766	0
1170.15	0	.5966303	0	.4033697	0
1169.15	0	.5963378	0	.4036622	0
1168.15	0	.5960459	0	.4039541	0
1167.15	0	.5957546	0	.4042454	0
1166.15	0	.5954639	0	.4045361	0
1165.15	0	.5951738	0	.4048262	0
1164.15	0	.5948843	0	.4051157	0
1163.15	0	.5945954	0	.4054046	0
1162.15	0	.5943071	0	.4056929	0
1161.15	0	.5940194	0	.4059806	0
1160.15	0	.5937322	0	.4062678	0
1159.15	0	.5934457	0	.4065543	0
1158.15	0	.5931597	0	.4068403	0
1157.15	0	.5928744	0	.4071256	0
1156.15	0	.5925896	0	.4074104	0
1155.15	0	.5923055	0	.4076945	0
1154.15	0	.5920218	0	.4079782	0
1153.15	0	.5917388	0	.4082612	0
1152.15	0	.5914564	0	.4085436	0
1151.15	0	.5911745	0	.4088255	0
1150.15	0	.5908933	0	.4091067	0
1149.15	0	.5906126	0	.4093874	0
1148.15	0	.5903325	0	.4096675	0
1147.15	0	.5900529	0	.4099471	0
1146.15	0	.5897739	0	.4102261	0
1145.15	0	.5894955	0	.4105045	0
1144.15	0	.5892177	0	.4107823	0
1143.15	0	.5889405	0	.4110595	0
1142.15	0	.5886638	0	.4113362	0
1141.15	0	.5883877	0	.4116123	0
1140.15	0	.5881121	0	.4118879	0
1139.15	0	.5878371	0	.4121629	0
1138.15	0	.5875627	0	.4124373	0
1137.15	0	.5872888	0	.4127112	0
1136.15	0	.5870155	0	.4129845	0
1135.15	0	.5867428	0	.4132572	0
1134.15	0	.5864706	0	.4135294	0
1133.15	0	.586199	0	.413801	0
1132.15	0	.5859279	0	.4140721	0
1131.15	0	.5856574	0	.4143426	0
1130.15	0	.5853875	0	.4146125	0
1129.15	0	.5851181	0	.414882	0
1128.15	0	.5848492	0	.4151508	0
1127.15	0	.5845809	0	.4154191	0
1126.15	0	.5843131	0	.4156869	0
1125.15	0	.5840459	0	.4159541	0
1124.15	0	.5837793	0	.4162207	0
1123.15	0	.5835132	0	.4164868	0
1122.15	0	.5832476	0	.4167524	0
1121.15	0	.5829826	0	.4170174	0
1120.15	0	.5827181	0	.4172819	0
1119.15	0	.5824541	0	.4175459	0
1118.15	0	.5821907	0	.4178093	0
1117.15	0	.5819279	0	.4180721	0
1116.15	0	.5816655	0	.4183345	0
1115.15	0	.5814037	0	.4185963	0
1114.15	0	.5811425	0	.4188575	0
1113.15	0	.5808818	0	.4191182	0
1112.15	0	.5806216	0	.4193784	0
1111.15	0	.5803619	0	.4196381	0
1110.15	0	.5801028	0	.4198972	0
1109.15	0	.5798442	0	.4201558	0
1108.15	0	.5795861	0	.4204139	0
1107.15	0	.5793286	0	.4206714	0
1106.15	0	.5790716	0	.4209284	0
1105.15	0	.5788151	0	.4211849	0
1104.15	0	.5785591	0	.4214409	0
1103.15	0	.5783037	0	.4216963	0
1102.15	0	.5780488	0	.4219512	0
1101.15	0	.5777944	0	.4222056	0
1100.15	0	.5775405	0	.4224595	0
1099.15	0	.5772871	0	.4227129	0
1098.15	0	.5770343	0	.4229657	0
1097.15	0	.576782	0	.423218	0
1096.15	0	.5765302	0	.4234698	0
1095.15	0	.5762789	0	.4237211	0
1094.15	0	.5760281	0	.4239719	0
1093.15	0	.5757778	0	.4242222	0
1092.15	0	.5755281	0	.4244719	0
1091.15	0	.5752788	0	.4247212	0
1090.15	0	.5750301	0	.4249699	0
1089.15	0	.5747819	0	.4252181	0
1088.15	0	.5745342	0	.4254658	0
1087.15	0	.574287	0	.425713	0
1086.15	0	.5740403	0	.4259597	0
1085.15	0	.5737941	0	.4262059	0
1084.15	0	.5735484	0	.4264516	0
1083.15	0	.5733032	0	.4266968	0
1082.15	0	.5730585	0	.4269415	0
1081.15	0	.5728143	0	.4271857	0
1080.15	0	.5725706	0	.4274294	0
1079.15	0	.5723274	0	.4276726	0
1078.15	0	.5720847	0	.4279153	0
1077.15	0	.5718426	0	.4281574	0
1076.15	0	.5716009	0	.4283991	0
1075.15	0	.5713597	0	.4286403	0
1074.15	0	.571119	0	.4288811	0
1073.15	0	.5708787	0	.4291213	0
1072.15	0	.570639	0	.429361	0
1071.15	0	.5703998	0	.4296002	0
1070.15	0	.5701611	0	.4298389	0
1069.15	0	.5699228	0	.4300772	0
1068.15	0	.5696851	0	.4303149	0
1067.15	0	.5694478	0	.4305522	0
1066.15	0	.569211	0	.430789	0
1065.15	0	.5689747	0	.4310253	0
1064.15	0	.5687389	0	.4312611	0
1063.15	0	.5685036	0	.4314964	0
1062.15	0	.5682688	0	.4317312	0
1061.15	0	.5680344	0	.4319656	0
1060.15	0	.5678005	0	.4321995	0
1059.15	0	.5675671	0	.4324329	0
1058.15	0	.5673342	0	.4326658	0
1057.15	0	.5671018	0	.4328982	0
1056.15	0	.5668698	0	.4331302	0
1055.15	0	.5666384	0	.4333616	0
1054.15	0	.5664074	0	.4335926	0
1053.15	0	.5661768	0	.4338232	0
1052.15	0	.5659468	0	.4340532	0
1051.15	0	.5657172	0	.4342828	0
1050.15	0	.5654881	0	.4345119	0
1049.15	0	.5652595	0	.4347405	0
1048.15	0	.5650314	0	.4349687	0
1047.15	0	.5648037	0	.4351963	0
1046.15	0	.5645765	0	.4354235	0
1045.15	0	.5643497	0	.4356503	0
1044.15	0	.5641234	0	.4358766	0
1043.15	0	.5638976	0	.4361024	0
1042.15	0	.5636723	0	.4363277	0
1041.15	0	.5634474	0	.4365526	0
1040.15	0	.563223	0	.436777	0
1039.15	0	.5629991	0	.4370009	0
1038.15	0	.5627756	0	.4372244	0
1037.15	0	.5625526	0	.4374474	0
1036.15	0	.5623301	0	.4376699	0
1035.15	0	.562108	0	.437892	0
1034.15	0	.5618863	0	.4381137	0
1033.15	0	.5616652	0	.4383348	0
1032.15	0	.5614445	0	.4385555	0
1031.15	0	.5612242	0	.4387758	0
1030.15	0	.5610045	0	.4389955	0
1029.418	0	.5608438	0	.4391562	0
1029.418	0	.5608438	0	.4391562	0
1029.418	0	.5608438	0	.4391562	0
1029.15	0	.5606476	1.487235E-04	.4392037	0
1028.15	0	.5599155	7.036602E-04	.4393809	0
1027.15	0	.5591855	.001256981	.4395575	0
1026.15	0	.5584577	.001808687	.4397336	0
1025.15	0	.557732	.002358778	.4399092	0
1024.15	0	.5570085	.002907256	.4400843	0
1023.15	0	.5562871	.003454121	.4402588	0
1022.15	0	.5555678	.003999374	.4404329	0
1021.15	0	.5548506	.004543016	.4406064	0
1020.15	0	.5541356	.005085047	.4407794	0
1019.15	0	.5534227	.005625468	.4409519	0
1018.15	0	.5527119	.006164281	.4411238	0
1017.15	0	.5520033	.006701486	.4412953	0
1016.15	0	.5512967	.007237084	.4414662	0
1015.15	0	.5505923	.007771076	.4416366	0
1014.15	0	.5498901	.008303463	.4418065	0
1013.15	0	.5491899	.008834246	.4419758	0
1012.15	0	.5484919	.009363426	.4421447	0
1011.15	0	.547796	.009891005	.442313	0
1010.15	0	.5471022	.01041698	.4424808	0
1009.15	0	.5464106	.01094136	.4426481	0
1008.15	0	.545721	.01146414	.4428148	0
1007.15	0	.5450336	.01198532	.4429811	0
1006.15	0	.5443483	.01250491	.4431468	0
1005.15	0	.5436651	.01302291	.443312	0
1004.15	0	.542984	.0135393	.4434767	0
1003.15	0	.5423051	.01405411	.4436408	0
1002.15	0	.5416282	.01456733	.4438045	0
1001.15	0	.5409535	.01507896	.4439676	0
1000.15	0	.5402808	.01558901	.4441302	0
999.15	0	.5396103	.01609746	.4442922	0
998.15	0	.5389419	.01660434	.4444538	0
997.15	0	.5382756	.01710963	.4446148	0
996.15	0	.5376114	.01761334	.4447752	0
995.15	0	.5369493	.01811548	.4449352	0
994.15	0	.5362893	.01861604	.4450946	0
993.15	0	.5356315	.01911502	.4452535	0
992.15	0	.5349757	.01961243	.4454119	0
991.15	0	.534322	.02010827	.4455697	0
990.15	0	.5336704	.02060255	.4457271	0
989.15	0	.5330209	.02109526	.4458838	0
988.15	0	.5323735	.0215864	.4460401	0
987.15	0	.5317282	.02207599	.4461958	0
986.15	0	.531085	.02256401	.446351	0
985.15	0	.5304439	.02305048	.4465056	0
984.15	0	.5298049	.0235354	.4466597	0
983.15	0	.5291679	.02401877	.4468133	0
982.15	0	.5285331	.02450059	.4469664	0
981.15	0	.5279003	.02498087	.4471188	0
980.15	0	.5272696	.0254596	.4472708	0
979.15	0	.526641	.0259368	.4474222	0
978.15	0	.5260145	.02641247	.4475731	0
977.15	0	.52539	.0268866	.4477234	0
976.15	0	.5247676	.0273592	.4478732	0
975.15	0	.5241473	.02783028	.4480224	0
974.15	0	.523529	.02829984	.4481711	0
973.15	0	.5229128	.02876788	.4483193	0
972.15	0	.5222987	.02923441	.4484669	0
971.15	0	.5216867	.02969943	.4486139	0
970.15	0	.5210767	.03016295	.4487604	0
969.15	0	.5204687	.03062497	.4489063	0
968.15	0	.5198628	.03108549	.4490517	0
967.15	0	.519259	.03154452	.4491965	0
966.15	0	.5186572	.03200206	.4493408	0
965.15	0	.5180574	.03245812	.4494845	0
964.15	0	.5174597	.03291271	.4496276	0
963.15	0	.516864	.03336582	.4497701	0
962.15	0	.5162704	.03381747	.4499122	0
961.15	0	.5156788	.03426765	.4500536	0
960.15	0	.5150892	.03471639	.4501944	0
959.15	0	.5145016	.03516367	.4503347	0
958.15	0	.513916	.03560951	.4504744	0
957.15	0	.5133325	.03605392	.4506136	0
956.15	0	.512751	.03649689	.4507521	0
955.15	0	.5121715	.03693844	.4508901	0
954.15	0	.5115939	.03737858	.4510275	0
953.15	0	.5110184	.0378173	.4511643	0
952.15	0	.5104449	.03825462	.4513005	0
951.15	0	.5098733	.03869055	.4514362	0
950.15	0	.5093037	.03912508	.4515712	0
949.15	0	.5087361	.03955824	.4517056	0
948.15	0	.5081705	.03999003	.4518395	0
947.15	0	.5076068	.04042045	.4519727	0
946.15	0	.5070451	.04084952	.4521054	0
945.15	0	.5064854	.04127724	.4522374	0
944.15	0	.5059276	.04170363	.4523688	0
943.15	0	.5053717	.04212868	.4524996	0
942.15	0	.5048178	.04255242	.4526298	0
941.15	0	.5042657	.04297485	.4527594	0
940.15	0	.5037156	.04339598	.4528884	0
939.15	0	.5031675	.04381583	.4530167	0
938.15	0	.5026212	.04423439	.4531444	0
937.15	0	.5020768	.04465169	.4532715	0
936.15	0	.5015343	.04506774	.453398	0
935.15	0	.5009937	.04548254	.4535238	0
934.15	0	.500455	.0458961	.4536489	0
933.15	0	.4999181	.04630845	.4537735	0
932.15	0	.4993831	.0467196	.4538974	0
931.15	0	.4988499	.04712955	.4540206	0
930.15	0	.4983185	.04753832	.4541431	0
929.15	0	.497789	.04794592	.4542651	0
928.15	0	.4972613	.04835236	.4543863	0
927.15	0	.4967354	.04875767	.4545069	0
926.15	0	.4962113	.04916186	.4546268	0
925.15	0	.495689	.04956494	.4547461	0
924.15	0	.4951684	.04996692	.4548646	0
923.15	0	.4946497	.05036783	.4549825	0
922.15	0	.4941326	.05076767	.4550997	0
921.15	0	.4936173	.05116648	.4552162	0
920.15	0	.4931037	.05156425	.455332	0
919.15	0	.4925918	.05196102	.4554471	0
918.15	0	.4920817	.0523568	.4555615	0
917.15	0	.4915732	.05275161	.4556752	0
916.15	0	.4910663	.05314546	.4557882	0
915.15	0	.4905612	.05353838	.4559005	0
914.15	0	.4900576	.05393039	.456012	0
913.15	0	.4895557	.05432151	.4561228	0
912.15	0	.4890554	.05471176	.4562328	0
911.15	0	.4885567	.05510116	.4563422	0
910.15	0	.4880596	.05548974	.4564507	0
909.15	0	.487564	.05587752	.4565585	0
908.15	0	.4870699	.05626451	.4566656	0
907.15	0	.4865774	.05665076	.4567719	0
906.15	0	.4860863	.05703627	.4568774	0
905.15	0	.4855968	.05742108	.4569821	0
904.15	0	.4851087	.05780522	.4570861	0
903.15	0	.4846221	.05818871	.4571892	0
902.15	0	.4841368	.05857157	.4572916	0
901.15	0	.483653	.05895385	.4573932	0
900.15	0	.4831705	.05933556	.4574939	0
899.15	0	.4826894	.05971673	.4575938	0
898.15	0	.4822097	.06009741	.4576929	0
897.15	0	.4817312	.06047761	.4577912	0
896.15	0	.481254	.06085738	.4578886	0
895.15	0	.4807781	.06123674	.4579852	0
894.15	0	.4803033	.06161573	.4580809	0
893.15	0	.4798298	.06199439	.4581758	0
892.15	0	.4793575	.06237275	.4582698	0
891.15	0	.4788863	.06275085	.4583629	0
890.15	0	.4784162	.06312873	.4584551	0
889.15	0	.4779472	.06350643	.4585464	0
888.15	0	.4774793	.06388398	.4586368	0
887.15	0	.4770123	.06426143	.4587263	0
886.15	0	.4765464	.06463883	.4588148	0
885.15	0	.4760814	.06501621	.4589024	0
884.15	0	.4756173	.06539362	.4589891	0
883.15	0	.4751541	.06577111	.4590748	0
882.15	0	.4746918	.06614872	.4591595	0
881.15	0	.4742302	.06652651	.4592433	0
880.15	0	.4737695	.06690452	.459326	0
879.15	0	.4733094	.06728281	.4594078	0
878.15	0	.47285	.06766144	.4594885	0
877.15	0	.4723913	.06804044	.4595682	0
876.15	0	.4719332	.06841989	.4596469	0
875.15	0	.4714756	.06879984	.4597245	0
874.15	0	.4710185	.06918035	.4598011	0
873.15	0	.4705619	.06956149	.4598766	0
872.15	0	.4701057	.06994331	.459951	0
871.15	0	.4696499	.07032588	.4600242	0
870.15	0	.4691943	.07070927	.4600964	0
869.15	0	.4687391	.07109356	.4601674	0
868.15	0	.468284	.0714788	.4602372	0
867.15	0	.467829	.07186509	.4603059	0
866.15	0	.4673741	.07225249	.4603734	0
865.15	0	.4669192	.07264108	.4604397	0
864.15	0	.4664642	.07303095	.4605048	0
863.15	0	.4660092	.07342219	.4605686	0
862.15	0	.4655539	.07381487	.4606312	0
861.15	0	.4650984	.0742091	.4606925	0
860.15	0	.4646426	.07460495	.4607525	0
859.15	0	.4641863	.07500255	.4608112	0
858.15	0	.4637295	.07540197	.4608685	0
857.15	0	.4632722	.07580334	.4609245	0
856.15	0	.4628142	.07620676	.460979	0
855.15	0	.4623555	.07661234	.4610322	0
854.15	0	.4618959	.0770202	.4610839	0
853.15	0	.4614354	.07743046	.4611341	0
852.15	0	.4609739	.07784325	.4611829	0
851.15	0	.4605112	.0782587	.4612301	0
850.15	0	.4600472	.07867696	.4612758	0
849.15	0	.459582	.07909816	.4613199	0
848.15	0	.4591152	.07952245	.4613624	0
847.15	0	.4586468	.07995	.4614032	0
846.15	0	.4581767	.08038096	.4614423	0
845.15	0	.4577047	.08081551	.4614797	0
844.15	0	.4572308	.08125383	.4615154	0
843.15	0	.4567547	.08169611	.4615492	0
842.15	0	.4562762	.08214254	.4615812	0
841.15	0	.4557953	.08259334	.4616113	0
840.15	0	.4553118	.08304872	.4616395	0
839.15	0	.4548254	.08350891	.4616657	0
838.15	0	.4543361	.08397416	.4616898	0
837.15	0	.4538435	.08444472	.4617118	0
836.15	0	.4533475	.08492087	.4617317	0
835.15	0	.4528478	.08540289	.4617493	0
834.15	0	.4523443	.08589109	.4617646	0
833.15	0	.4518366	.08638579	.4617776	0
832.15	0	.4513245	.08688734	.4617882	0
831.15	0	.4508077	.0873961	.4617962	0
830.15	0	.4502859	.08791246	.4618016	0
829.15	0	.4497588	.08843685	.4618044	0
828.15	0	.449226	.08896971	.4618043	0
827.15	0	.4486871	.08951152	.4618013	0
826.15	0	.4481418	.09006281	.4617954	0
825.15	0	.4475896	.09062412	.4617863	0
824.15	0	.44703	.09119607	.4617739	0
823.15	0	.4464626	.0917793	.4617581	0
822.15	0	.4458867	.09237454	.4617388	0
821.15	0	.4453017	.09298255	.4617157	0
820.15	0	.4447071	.09360418	.4616887	0
819.15	0	.444102	.09424036	.4616576	0
818.15	0	.4434858	.09489211	.4616221	0
817.15	0	.4428574	.09556057	.4615821	0
816.15	0	.4418144	.09672863	.461457	0
815.15	0	.4407662	.09790733	.4613265	0
814.15	0	.4397685	.09902953	.461202	0
813.15	0	.4388173	.1000996	.4610831	0
812.15	0	.4379093	.1011215	.4609691	0
811.15	0	.4370413	.1020988	.4608599	0
810.15	0	.4362104	.1030345	.4607551	0
809.15	0	.4354142	.1039315	.4606543	0
808.15	0	.4346503	.1047924	.4605573	0
807.15	0	.4339166	.1056197	.4604637	0
806.15	0	.4332113	.1064153	.4603735	0
805.15	0	.4325325	.1071812	.4602863	0
804.15	0	.4318788	.1079193	.460202	0
803.15	0	.4312486	.1086311	.4601203	0
802.15	0	.4306406	.1093182	.4600412	0
801.15	0	.4300536	.109982	.4599644	0
800.15	0	.4294864	.1106237	.4598899	0
799.15	0	.428938	.1112445	.4598175	0
798.15	0	.4284074	.1118456	.4597471	0
797.15	0	.4278936	.1124279	.4596785	0
796.15	0	.4273959	.1129925	.4596117	0
795.15	0	.4269133	.1135401	.4595466	0
794.15	0	.4264453	.1140717	.459483	0
793.15	0	.4259911	.1145879	.459421	0
792.15	0	.4255501	.1150896	.4593603	0
791.15	0	.4251215	.1155774	.4593011	0
790.15	0	.424705	.1160519	.4592431	0
789.15	0	.4242999	.1165138	.4591863	0
788.15	0	.4239058	.1169636	.4591307	0
787.15	0	.4235221	.1174017	.4590761	0
786.15	0	.4231485	.1178289	.4590227	0
785.15	0	.4227844	.1182454	.4589702	0
784.15	0	.4224296	.1186518	.4589187	0
783.15	0	.4220835	.1190484	.4588681	0
782.15	0	.421746	.1194357	.4588183	0
781.15	0	.4214166	.119814	.4587694	0
780.15	0	.421095	.1201838	.4587212	0
779.15	0	.4207809	.1205453	.4586739	0
778.15	0	.420474	.1208988	.4586272	0
777.15	0	.4201741	.1212447	.4585812	0
776.15	0	.4198809	.1215832	.4585359	0
775.15	0	.419594	.1219147	.4584913	0
774.15	0	.4193147	.1222384	.4584469	0
773.15	0	.41904	.1225566	.4584034	0
772.15	0	.418771	.1228685	.4583605	0
771.15	0	.4185077	.1231743	.4583181	0
770.15	0	.4182497	.1234742	.4582762	0
769.15	0	.4179968	.1237684	.4582348	0
768.15	0	.417749	.1240571	.4581939	0
767.15	0	.4175061	.1243406	.4581534	0
766.15	0	.4172677	.124619	.4581133	0
765.15	0	.417034	.1248924	.4580737	0
764.15	0	.4168046	.125161	.4580344	0
763.15	0	.4165794	.1254251	.4579955	0
762.15	0	.4163583	.1256847	.457957	0
761.15	0	.4161412	.12594	.4579188	0
760.15	0	.4159279	.1261911	.457881	0
759.15	0	.4157183	.1264382	.4578435	0
758.15	0	.4155123	.1266814	.4578063	0
757.15	0	.4153098	.1269208	.4577694	0
756.15	0	.4151107	.1271565	.4577328	0
755.15	0	.4149148	.1273887	.4576965	0
754.15	0	.4147222	.1276174	.4576604	0
753.15	0	.4145326	.1278428	.4576246	0
752.15	0	.414346	.1280649	.4575891	0
751.15	0	.4141623	.128284	.4575537	0
750.15	0	.4139814	.1284999	.4575186	0
749.15	0	.4138033	.1287129	.4574838	0
748.15	0	.4136279	.1289231	.4574491	0
747.15	0	.413455	.1291304	.4574146	0
746.15	0	.4132846	.1293351	.4573803	0
745.15	0	.4131167	.1295371	.4573463	0
744.15	0	.4129511	.1297365	.4573124	0
743.15	0	.4127879	.1299335	.4572786	0
742.15	0	.4126269	.130128	.4572451	0
741.15	0	.4124681	.1303202	.4572117	0
740.15	0	.4123114	.1305102	.4571784	0
739.15	0	.4121568	.1306979	.4571453	0
738.15	0	.4120042	.1308834	.4571124	0
737.15	0	.4118536	.1310669	.4570795	0
736.15	0	.4117049	.1312483	.4570468	0
735.15	0	.411558	.1314277	.4570143	0
734.15	0	.411413	.1316052	.4569819	0
733.15	0	.4112697	.1317807	.4569495	0
732.15	0	.4111282	.1319545	.4569173	0
731.15	0	.4109884	.1321264	.4568852	0
730.15	0	.4108502	.1322966	.4568532	0
729.15	0	.4107135	.1324651	.4568214	0
728.15	0	.4105785	.1326319	.4567896	0
727.15	0	.410445	.1327971	.4567579	0
726.15	0	.4103129	.1329608	.4567263	0
725.15	0	.4101823	.1331229	.4566948	0
724.15	0	.4100532	.1332835	.4566634	0
723.15	0	.4099254	.1334426	.456632	0
722.15	0	.409799	.1336003	.4566007	0
721.15	0	.4096739	.1337566	.4565695	0
720.15	0	.40955	.1339116	.4565384	0
719.15	0	.4094275	.1340652	.4565074	0
718.15	0	.4093062	.1342175	.4564764	0
717.15	0	.409186	.1343685	.4564454	0
716.15	0	.4090671	.1345183	.4564146	0
715.15	0	.4089493	.1346669	.4563838	0
714.15	0	.4088326	.1348143	.456353	0
713.15	0	.4087171	.1349606	.4563223	0
712.15	0	.4086026	.1351057	.4562917	0
711.15	0	.4084892	.1352497	.4562611	0
710.15	0	.4083768	.1353927	.4562306	0
709.15	0	.4082654	.1355345	.4562001	0
708.15	0	.408155	.1356754	.4561696	0
707.15	0	.4080456	.1358152	.4561392	0
706.15	0	.4079371	.135954	.4561088	0
705.15	0	.4078296	.1360919	.4560785	0
704.15	0	.4077229	.1362288	.4560482	0
703.15	0	.4076172	.1363648	.456018	0
702.15	0	.4075123	.1364999	.4559877	0
701.15	0	.4074083	.1366341	.4559576	0
700.15	0	.4073052	.1367674	.4559274	0
699.15	0	.4072028	.1368999	.4558973	0
698.15	0	.4071013	.1370315	.4558672	0
697.15	0	.4070006	.1371623	.4558371	0
696.15	0	.4069006	.1372923	.4558071	0
695.15	0	.4068014	.1374216	.4557771	0
694.15	0	.4067029	.13755	.4557471	0
693.15	0	.4066052	.1376777	.4557171	0
692.15	0	.4065082	.1378046	.4556872	0
691.15	0	.4064119	.1379309	.4556572	0
690.15	0	.4063163	.1380564	.4556273	0
689.15	0	.4062214	.1381812	.4555975	0
688.15	0	.4061272	.1383053	.4555676	0
687.15	0	.4060336	.1384287	.4555377	0
686.15	0	.4059406	.1385515	.4555079	0
685.15	0	.4058483	.1386736	.4554781	0
684.15	0	.4057566	.1387951	.4554483	0
683.15	0	.4056655	.1389159	.4554185	0
682.15	0	.4055751	.1390362	.4553888	0
681.15	0	.4054852	.1391558	.455359	0
680.15	0	.4053959	.1392749	.4553293	0
679.15	0	.4053071	.1393933	.4552995	0
678.15	0	.405219	.1395112	.4552698	0
677.15	0	.4051314	.1396286	.4552401	0
676.15	0	.4050443	.1397453	.4552104	0
675.15	0	.4049577	.1398615	.4551807	0
674.15	0	.4048717	.1399772	.455151	0
673.15	0	.4047862	.1400924	.4551214	0
672.15	0	.4047013	.140207	.4550917	0
671.15	0	.4046168	.1403212	.4550621	0
670.15	0	.4045328	.1404348	.4550324	0
669.15	0	.4044493	.140548	.4550028	0
668.15	0	.4043663	.1406606	.4549732	0
667.15	0	.4042837	.1407728	.4549435	0
666.15	0	.4042016	.1408845	.4549139	0
665.15	0	.40412	.1409957	.4548843	0
664.15	0	.4040388	.1411065	.4548547	0
663.15	0	.403958	.1412169	.4548251	0
662.15	0	.4038778	.1413268	.4547955	0
661.15	0	.4037979	.1414362	.4547659	0
660.15	0	.4037184	.1415453	.4547363	0
659.15	0	.4036394	.1416539	.4547067	0
658.15	0	.4035608	.1417621	.4546772	0
657.15	0	.4034826	.1418698	.4546476	0
656.15	0	.4034048	.1419772	.454618	0
655.15	0	.4033274	.1420842	.4545885	0
654.15	0	.4032503	.1421908	.4545589	0
653.15	0	.4031737	.142297	.4545293	0
652.15	0	.4030974	.1424028	.4544998	0
651.15	0	.4030215	.1425082	.4544702	0
650.15	0	.402946	.1426133	.4544407	0
649.15	0	.4028709	.142718	.4544112	0
648.15	0	.4027961	.1428223	.4543816	0
647.15	0	.4027216	.1429263	.4543521	0
646.15	0	.4026476	.1430299	.4543226	0
645.15	0	.4025738	.1431332	.454293	0
644.15	0	.4025004	.1432361	.4542635	0
643.15	0	.4024273	.1433387	.454234	0
642.15	0	.4023546	.1434409	.4542045	0
641.15	0	.4022822	.1435428	.454175	0
640.15	0	.4022101	.1436444	.4541454	0
639.15	0	.4021384	.1437457	.4541159	0
638.15	0	.402067	.1438466	.4540864	0
637.15	0	.4019959	.1439472	.4540569	0
636.15	0	.401925	.1440475	.4540274	0
635.15	0	.4018545	.1441476	.4539979	0
634.15	0	.4017843	.1442473	.4539684	0
633.15	0	.4017144	.1443466	.4539389	0
632.15	0	.4016448	.1444457	.4539095	0
631.15	0	.4015755	.1445445	.45388	0
630.15	0	.4015065	.144643	.4538505	0
629.15	0	.4014378	.1447412	.453821	0
628.15	0	.4013693	.1448392	.4537915	0
627.15	0	.4013011	.1449368	.4537621	0
626.15	0	.4012332	.1450342	.4537326	0
625.15	0	.4011656	.1451312	.4537032	0
624.15	0	.4010982	.145228	.4536737	0
623.15	0	.4010312	.1453246	.4536443	0
622.15	0	.4009644	.1454208	.4536148	0
621.15	0	.4008978	.1455168	.4535854	0
620.15	0	.4008315	.1456125	.4535559	0
619.15	0	.4007655	.145708	.4535265	0
618.15	0	.4006997	.1458032	.4534971	0
617.15	0	.4006342	.1458981	.4534677	0
616.15	0	.4005689	.1459928	.4534383	0
615.15	0	.4005039	.1460873	.4534089	0
614.15	0	.4004391	.1461814	.4533795	0
613.15	0	.4003745	.1462754	.4533501	0
612.15	0	.4003102	.146369	.4533207	0
611.15	0	.4002462	.1464625	.4532913	0
610.15	0	.4001824	.1465557	.453262	0
609.15	0	.4001188	.1466486	.4532326	0
608.15	0	.4000554	.1467413	.4532033	0
607.15	0	.3999923	.1468338	.4531739	0
606.15	0	.3999294	.146926	.4531446	0
605.15	0	.3998667	.147018	.4531153	0
604.15	0	.3998043	.1471098	.4530859	0
603.15	0	.3997421	.1472013	.4530566	0
602.15	0	.3996801	.1472926	.4530273	0
601.15	0	.3996183	.1473837	.452998	0
600.15	0	.3995567	.1474746	.4529687	0
599.15	0	.3994954	.1475652	.4529395	0
598.15	0	.3994342	.1476556	.4529102	0
597.15	0	.3993733	.1477457	.452881	0
596.15	0	.3993126	.1478357	.4528517	0
595.15	0	.3992521	.1479254	.4528225	0
594.15	0	.3991918	.148015	.4527933	0
593.15	0	.3991317	.1481043	.4527641	0
592.15	0	.3990718	.1481933	.4527349	0
591.15	0	.3990121	.1482822	.4527057	0
590.15	0	.3989526	.1483709	.4526765	0
589.15	0	.3988933	.1484593	.4526474	0
588.15	0	.3988342	.1485475	.4526182	0
587.15	0	.3987753	.1486356	.4525891	0
586.15	0	.3987166	.1487234	.45256	0
585.15	0	.3986581	.148811	.4525309	0
584.15	0	.3985998	.1488984	.4525018	0
583.15	0	.3985417	.1489855	.4524728	0
582.15	0	.3984838	.1490725	.4524437	0
581.15	0	.398426	.1491593	.4524146	0
580.15	0	.3983685	.1492459	.4523856	0
579.15	0	.3983111	.1493323	.4523566	0
578.15	0	.3982539	.1494185	.4523276	0
577.15	0	.3981969	.1495044	.4522987	0
576.15	0	.3981401	.1495902	.4522697	0
575.15	0	.3980835	.1496758	.4522408	0
574.15	0	.398027	.1497612	.4522118	0
573.15	0	.3979707	.1498463	.4521829	0
572.15	0	.3979146	.1499313	.4521541	0
571.15	0	.3978587	.1500161	.4521252	0
570.15	0	.397803	.1501007	.4520963	0
569.15	0	.3977474	.1501851	.4520675	0
568.15	0	.397692	.1502693	.4520387	0
567.15	0	.3976368	.1503533	.4520099	0
566.15	0	.3975817	.1504371	.4519811	0
565.15	0	.3975268	.1505208	.4519524	0
564.15	0	.3974721	.1506042	.4519237	0
563.15	0	.3974176	.1506874	.451895	0
562.15	0	.3973632	.1507705	.4518663	0
561.15	0	.397309	.1508534	.4518376	0
560.15	0	.397255	.150936	.451809	0
559.15	0	.3972011	.1510185	.4517804	0
558.15	0	.3971474	.1511008	.4517518	0
557.15	0	.3970939	.1511829	.4517232	0
556.15	0	.3970405	.1512649	.4516947	0
555.15	0	.3969873	.1513466	.4516661	0
554.15	0	.3969342	.1514281	.4516377	0
553.15	0	.3968813	.1515095	.4516092	0
552.15	0	.3968286	.1515907	.4515807	0
551.15	0	.396776	.1516717	.4515523	0
550.15	0	.3967236	.1517525	.4515239	0
549.15	0	.3966713	.1518331	.4514956	0
548.15	0	.3966192	.1519135	.4514672	0
547.15	0	.3965673	.1519938	.4514389	0
546.15	0	.3965155	.1520739	.4514106	0
545.15	0	.3964639	.1521537	.4513824	0
544.15	0	.3964124	.1522334	.4513542	0
543.15	0	.3963611	.152313	.451326	0
542.15	0	.3963099	.1523923	.4512978	0
541.15	0	.3962589	.1524715	.4512697	0
540.15	0	.396208	.1525504	.4512416	0
539.15	0	.3961573	.1526292	.4512135	0
538.15	0	.3961068	.1527078	.4511854	0
537.15	0	.3960563	.1527863	.4511574	0
536.15	0	.3960061	.1528645	.4511294	0
535.15	0	.395956	.1529426	.4511015	0
534.15	0	.395906	.1530204	.4510736	0
533.15	0	.3958562	.1530982	.4510457	0
532.15	0	.3958065	.1531757	.4510178	0
531.15	0	.395757	.153253	.45099	0
530.15	0	.3957076	.1533302	.4509622	0
529.15	0	.3956584	.1534072	.4509345	0
528.15	0	.3956093	.153484	.4509068	0
527.15	0	.3955604	.1535606	.4508791	0
526.15	0	.3955115	.153637	.4508514	0
525.15	0	.3954629	.1537133	.4508238	0
524.15	0	.3954144	.1537894	.4507962	0
523.15	0	.395366	.1538653	.4507687	0
522.15	0	.3953178	.153941	.4507412	0
521.15	0	.3952697	.1540166	.4507137	0
520.15	0	.3952218	.1540919	.4506863	0
519.15	0	.395174	.1541671	.4506589	0
518.15	0	.3951263	.1542421	.4506316	0
517.15	0	.3950789	.1543169	.4506042	0
516.15	0	.3950315	.1543916	.4505769	0
515.15	0	.3949843	.1544661	.4505497	0
514.15	0	.3949372	.1545404	.4505225	0
513.15	0	.3948902	.1546145	.4504953	0
512.15	0	.3948434	.1546884	.4504682	0
511.15	0	.3947967	.1547622	.4504411	0
510.15	0	.3947502	.1548358	.4504141	0
509.15	0	.3947037	.1549091	.4503871	0
508.15	0	.3946575	.1549824	.4503602	0
507.15	0	.3946113	.1550554	.4503333	0
506.15	0	.3945653	.1551283	.4503064	0
505.15	0	.3945194	.155201	.4502796	0
504.15	0	.3944737	.1552735	.4502528	0
503.15	0	.3944281	.1553458	.4502261	0
502.15	0	.3943827	.1554179	.4501994	0
501.15	0	.3943373	.1554899	.4501728	0
500.15	0	.3942921	.1555617	.4501462	0
499.15	0	.3942471	.1556333	.4501196	0
498.15	0	.3942022	.1557047	.4500931	0
497.15	0	.3941574	.155776	.4500667	0
496.15	0	.3941127	.1558471	.4500403	0
495.15	0	.3940682	.155918	.4500139	0
494.15	0	.3940238	.1559887	.4499876	0
493.15	0	.3939795	.1560592	.4499613	0
492.15	0	.3939354	.1561296	.4499351	0
491.15	0	.3938913	.1561997	.4499089	0
490.15	0	.3938475	.1562697	.4498828	0
489.15	0	.3938037	.1563396	.4498567	0
488.15	0	.3937601	.1564092	.4498307	0
487.15	0	.3937166	.1564787	.4498047	0
486.15	0	.3936733	.1565479	.4497788	0
485.15	0	.39363	.156617	.4497529	0
484.15	0	.3935869	.156686	.4497271	0
483.15	0	.393544	.1567547	.4497013	0
482.15	0	.3935011	.1568233	.4496756	0
481.15	0	.3934584	.1568916	.44965	0
480.15	0	.3934158	.1569598	.4496244	0
479.15	0	.3933734	.1570279	.4495988	0
478.15	0	.393331	.1570957	.4495733	0
477.15	0	.3932888	.1571634	.4495478	0
476.15	0	.3932467	.1572308	.4495224	0
475.15	0	.3932048	.1572981	.4494971	0
474.15	0	.393163	.1573652	.4494718	0
473.15	0	.3931213	.1574322	.4494466	0
472.15	0	.3930797	.1574989	.4494214	0
471.15	0	.3930382	.1575655	.4493963	0
470.15	0	.3929969	.1576319	.4493712	0
469.15	0	.3929557	.1576981	.4493462	0
468.15	0	.3929146	.1577641	.4493212	0
467.15	0	.3928737	.15783	.4492964	0
466.15	0	.3928328	.1578957	.4492715	0
465.15	0	.3927921	.1579611	.4492467	0
464.15	0	.3927516	.1580264	.449222	0
463.15	0	.3927111	.1580916	.4491973	0
462.15	0	.3926708	.1581565	.4491727	0
461.15	0	.3926306	.1582213	.4491482	0
460.15	0	.3925905	.1582858	.4491237	0
459.15	0	.3925505	.1583502	.4490993	0
458.15	0	.3925107	.1584144	.4490749	0
457.15	0	.3924709	.1584785	.4490506	0
456.15	0	.3924313	.1585423	.4490264	0
455.15	0	.3923918	.158606	.4490022	0
454.15	0	.3923525	.1586695	.4489781	0
453.15	0	.3923132	.1587328	.448954	0
452.15	0	.3922741	.1587959	.44893	0
451.15	0	.3922351	.1588588	.4489061	0
450.15	0	.3921963	.1589216	.4488822	0
449.15	0	.3921575	.1589841	.4488584	0
448.15	0	.3921189	.1590464	.4488347	0
447.15	0	.3920804	.1591086	.448811	0
446.15	0	.3920421	.1591705	.4487874	0
445.15	0	.3920038	.1592323	.4487639	0
444.15	0	.3919657	.1592939	.4487404	0
443.15	0	.3919278	.1593552	.448717	0
442.15	0	.3918899	.1594164	.4486937	0
441.15	0	.3918522	.1594773	.4486704	0
440.15	0	.3918147	.1595381	.4486473	0
439.15	0	.3917773	.1595986	.4486242	0
438.15	0	.39174	.1596589	.4486012	0
437.15	0	.3917028	.159719	.4485782	0
436.15	0	.3916658	.1597789	.4485553	0
435.15	0	.3916289	.1598385	.4485326	0
434.15	0	.3915922	.1598979	.4485099	0
433.15	0	.3915556	.1599571	.4484872	0
432.15	0	.3915192	.1600161	.4484647	0
431.15	0	.3914829	.1600749	.4484422	0
430.15	0	.3914468	.1601334	.4484198	0
429.15	0	.3914108	.1601917	.4483975	0
428.15	0	.3913749	.1602497	.4483753	0
427.15	0	.3913393	.1603075	.4483532	0
426.15	0	.3913037	.1603651	.4483312	0
425.15	0	.3912683	.1604225	.4483092	0
424.15	0	.3912331	.1604796	.4482874	0
423.15	0	.3911979	.1605365	.4482656	0
422.15	0	.391163	.1605931	.4482439	0
421.15	0	.3911282	.1606495	.4482223	0
420.15	0	.3910935	.1607057	.4482008	0
419.15	0	.391059	.1607616	.4481794	0
418.15	0	.3910247	.1608173	.448158	0
417.15	0	.3909905	.1608728	.4481368	0
416.15	0	.3909564	.160928	.4481156	0
415.15	0	.3909225	.160983	.4480945	0
414.15	0	.3908887	.1610377	.4480736	0
413.15	0	.3908551	.1610922	.4480527	0
412.15	0	.3908217	.1611465	.4480319	0
411.15	0	.3907883	.1612005	.4480112	0
410.15	0	.3907552	.1612543	.4479906	0
409.15	0	.3907221	.1613078	.4479701	0
408.15	0	.3906893	.1613611	.4479496	0
407.15	0	.3906565	.1614142	.4479293	0
406.15	0	.3906239	.161467	.447909	0
405.15	0	.3905915	.1615196	.4478889	0
404.15	0	.3905592	.161572	.4478688	0
403.15	0	.390527	.1616242	.4478489	0
402.15	0	.390495	.1616761	.447829	0
401.15	0	.3904631	.1617277	.4478092	0
400.15	0	.3904314	.1617792	.4477895	0
399.15	0	.3903998	.1618304	.4477699	0
398.15	0	.3903683	.1618814	.4477504	0
397.15	0	.390337	.1619321	.4477309	0
396.15	0	.3903058	.1619826	.4477116	0
395.15	0	.3902747	.1620329	.4476924	0
394.15	0	.3902438	.162083	.4476732	0
393.15	0	.390213	.1621329	.4476541	0
392.15	0	.3901823	.1621825	.4476352	0
391.15	0	.3901518	.1622319	.4476163	0
390.15	0	.3901214	.1622811	.4475975	0
389.15	0	.3900911	.1623301	.4475788	0
388.15	0	.390061	.1623788	.4475602	0
387.15	0	.390031	.1624274	.4475417	0
386.15	0	.3900011	.1624757	.4475232	0
385.15	0	.3899713	.1625238	.4475049	0
384.15	0	.3899417	.1625717	.4474866	0
383.15	0	.3899122	.1626194	.4474685	0
382.15	0	.3898828	.1626668	.4474504	0
381.15	0	.3898535	.1627141	.4474324	0
380.15	0	.3898243	.1627612	.4474145	0
379.15	0	.3897953	.162808	.4473967	0
378.15	0	.3897664	.1628547	.4473789	0
377.15	0	.3897375	.1629011	.4473613	0
376.15	0	.3897088	.1629474	.4473437	0
375.15	0	.3896803	.1629935	.4473263	0
374.15	0	.3896518	.1630393	.4473089	0
373.15	0	.3896234	.163085	.4472916	0
372.15	0	.3895952	.1631305	.4472744	0
371.15	0	.389567	.1631758	.4472573	0
370.15	0	.3895389	.1632209	.4472402	0
369.15	0	.389511	.1632658	.4472232	0
368.15	0	.3894832	.1633105	.4472064	0
367.6613	0	.3894696	.1633323	.4471982	0
