T	 BPW(LIQUID)	BPW(BCC_A2)	BPW(FCC_A1)	BPW(LAVES_PHASE_C14)	BPW(NI3TI)
1473.15	.3655758	.6344242	0	0	0
1472.15	.3622781	.6377219	0	0	0
1471.15	.3590027	.6409973	0	0	0
1470.15	.3557494	.6442507	0	0	0
1469.15	.352518	.647482	0	0	0
1468.15	.3493084	.6506916	0	0	0
1467.15	.3461206	.6538794	0	0	0
1466.15	.3429543	.6570457	0	0	0
1465.15	.3398094	.6601906	0	0	0
1464.15	.3366858	.6633142	0	0	0
1463.15	.3335834	.6664166	0	0	0
1462.15	.330502	.669498	0	0	0
1461.15	.3274416	.6725584	0	0	0
1460.15	.3244019	.6755981	0	0	0
1459.773	.3232619	.6767381	0	0	0
1459.773	.3232619	.6767381	0	0	0
1459.773	.3232619	.6767381	0	0	0
1459.15	.3197395	.6790107	0	.00124973	0
1458.15	.3141622	.6826053	0	.003232559	0
1457.15	.308675	.6861368	0	.005188161	0
1456.15	.303276	.6896068	0	.007117206	0
1455.15	.297963	.6930167	0	.00902034	0
1454.15	.2927339	.6963679	0	.01089819	0
1453.15	.2875868	.6996618	0	.01275137	0
1452.15	.2825199	.7028997	0	.01458047	0
1451.15	.2775311	.7060828	0	.01638605	0
1450.15	.2726188	.7092125	0	.01816867	0
1449.15	.2677812	.7122899	0	.01992887	0
1448.15	.2630166	.7153162	0	.02166718	0
1447.15	.2583233	.7182926	0	.02338409	0
1446.15	.2536998	.7212201	0	.0250801	0
1445.15	.2491446	.7240998	0	.02675568	0
1444.15	.244656	.7269327	0	.02841129	0
1443.15	.2402326	.72972	0	.03004739	0
1442.15	.2358731	.7324625	0	.03166442	0
1441.15	.231576	.7351612	0	.03326279	0
1440.15	.22734	.7378171	0	.03484291	0
1439.15	.2231638	.740431	0	.03640519	0
1438.15	.2190461	.7430039	0	.03795002	0
1437.15	.2149857	.7455366	0	.03947777	0
1436.15	.2109813	.7480299	0	.04098881	0
1435.15	.2070319	.7504846	0	.0424835	0
1434.15	.2031362	.7529016	0	.04396218	0
1433.15	.1992932	.7552816	0	.0454252	0
1432.15	.1955018	.7576254	0	.04687288	0
1431.15	.1917608	.7599336	0	.04830554	0
1430.15	.1880694	.7622071	0	.04972349	0
1429.15	.1844265	.7644464	0	.05112704	0
1428.15	.1808311	.7666524	0	.05251649	0
1427.15	.1772824	.7688255	0	.05389211	0
1426.15	.1737792	.7709666	0	.05525419	0
1425.15	.1703209	.7730761	0	.056603	0
1424.15	.1669065	.7751548	0	.05793881	0
1423.15	.163535	.7772031	0	.05926187	0
1422.15	.1602058	.7792218	0	.06057244	0
1421.15	.156918	.7812113	0	.06187076	0
1420.15	.1536707	.7831722	0	.06315708	0
1419.15	.1504633	.785105	0	.06443162	0
1418.15	.147295	.7870104	0	.06569462	0
1417.15	.144165	.7888887	0	.06694629	0
1416.15	.1410726	.7907405	0	.06818685	0
1415.15	.1380172	.7925663	0	.06941651	0
1414.15	.134998	.7943666	0	.07063549	0
1413.15	.1320143	.7961417	0	.07184397	0
1412.15	.1290656	.7978923	0	.07304216	0
1411.15	.1261511	.7996187	0	.07423025	0
1410.15	.1232702	.8013213	0	.07540842	0
1409.15	.1204225	.8030007	0	.07657686	0
1408.15	.1176071	.8046571	0	.07773574	0
1407.15	.1148237	.8062911	0	.07888524	0
1406.15	.1120715	.807903	0	.08002552	0
1405.15	.1093501	.8094931	0	.08115676	0
1404.15	.1066589	.811062	0	.08227911	0
1403.15	.1039974	.8126099	0	.08339274	0
1402.15	.101365	.8141372	0	.0844978	0
1401.15	.09876129	.8156443	0	.08559443	0
1400.15	.09618573	.8171315	0	.08668279	0
1399.15	.09363785	.8185991	0	.08776302	0
1398.15	.09111717	.8200476	0	.08883526	0
1397.15	.08862323	.8214771	0	.08989965	0
1396.15	.08615557	.8228881	0	.09095633	0
1395.15	.08371375	.8242808	0	.09200542	0
1394.15	.08129733	.8256556	0	.09304705	0
1393.15	.0789059	.8270127	0	.09408136	0
1392.15	.07653904	.8283525	0	.09510845	0
1391.15	.07419633	.8296752	0	.09612846	0
1390.15	.07187738	.8309811	0	.09714151	0
1389.15	.0695818	.8322705	0	.0981477	0
1388.15	.06730922	.8335436	0	.09914715	0
1387.15	.06505924	.8348008	0	.10014	0
1386.15	.06283151	.8360422	0	.1011263	0
1385.15	.06062568	.8372682	0	.1021062	0
1384.15	.05844137	.8384789	0	.1030797	0
1383.15	.05627827	.8396747	0	.1040471	0
1382.15	.05413601	.8408557	0	.1050083	0
1381.15	.05201429	.8420222	0	.1059636	0
1380.15	.04991276	.8431744	0	.1069129	0
1379.15	.04783111	.8443125	0	.1078564	0
1378.15	.04576904	.8454369	0	.1087941	0
1377.15	.04372623	.8465475	0	.1097262	0
1376.15	.0417024	.8476448	0	.1106528	0
1375.15	.03969723	.8487289	0	.1115739	0
1374.15	.03771046	.8498	0	.1124895	0
1373.15	.03574178	.8508583	0	.1133999	0
1372.15	.03379094	.851904	0	.1143051	0
1371.15	.03185765	.8529372	0	.1152051	0
1370.15	.02994165	.8539583	0	.1161001	0
1369.15	.02804268	.8549673	0	.11699	0
1368.15	.02616049	.8559645	0	.1178751	0
1367.15	.02429481	.8569499	0	.1187553	0
1366.15	.02244542	.8579239	0	.1196307	0
1365.15	.02061205	.8588865	0	.1205014	0
1364.15	.01879449	.859838	0	.1213675	0
1363.15	.01699248	.8607785	0	.122229	0
1362.15	.01520581	.8617081	0	.1230861	0
1361.15	.01343425	.8626271	0	.1239386	0
1360.15	.01167758	.8635355	0	.1247869	0
1359.15	.009935586	.8644336	0	.1256308	0
1358.15	.008208049	.8653215	0	.1264705	0
1357.15	.006494764	.8661993	0	.1273059	0
1356.15	.004795526	.8670672	0	.1281373	0
1355.15	.003110133	.8679253	0	.1289646	0
1354.15	.001438388	.8687738	0	.1297879	0
1353.283	0	.8695016	0	.1304984	0
1353.283	0	.8695016	0	.1304984	0
1353.15	0	.8694276	0	.1305724	0
1352.15	0	.8688724	0	.1311276	0
1351.15	0	.8683184	0	.1316816	0
1350.15	0	.8677657	0	.1322343	0
1349.15	0	.8672142	0	.1327858	0
1348.15	0	.8666641	0	.1333359	0
1347.15	0	.8661152	0	.1338848	0
1346.15	0	.8655675	0	.1344325	0
1345.15	0	.8650212	0	.1349788	0
1344.15	0	.864476	0	.135524	0
1343.15	0	.8639322	0	.1360678	0
1342.15	0	.8633895	0	.1366105	0
1341.15	0	.8628482	0	.1371518	0
1340.15	0	.862308	0	.137692	0
1339.15	0	.8617691	0	.1382309	0
1338.15	0	.8612314	0	.1387686	0
1337.15	0	.860695	0	.139305	0
1336.15	0	.8601597	0	.1398403	0
1335.15	0	.8596257	0	.1403743	0
1334.15	0	.8590929	0	.1409071	0
1333.15	0	.8585614	0	.1414386	0
1332.15	0	.858031	0	.141969	0
1331.15	0	.8575018	0	.1424982	0
1330.15	0	.8569739	0	.1430261	0
1329.15	0	.8564471	0	.1435529	0
1328.15	0	.8559215	0	.1440785	0
1327.636	0	.8556516	0	.1443484	0
1327.636	0	.8556516	0	.1443484	0
1327.636	0	.8556516	0	.1443484	0
1327.15	0	.8548058	5.966599E-04	.1445975	0
1326.15	0	.8530676	.001823028	.1451094	0
1325.15	0	.851334	.003046258	.1456198	0
1324.15	0	.849605	.004266359	.1461286	0
1323.15	0	.8478806	.005483335	.146636	0
1322.15	0	.8461609	.006697195	.1471419	0
1321.15	0	.8444457	.007907944	.1476463	0
1320.15	0	.8427352	.009115589	.1481492	0
1319.15	0	.8410292	.01032014	.1486507	0
1318.15	0	.8393278	.01152159	.1491506	0
1317.15	0	.8376309	.01271997	.1496491	0
1316.15	0	.8359385	.01391526	.1501462	0
1315.15	0	.8342507	.01510748	.1506418	0
1314.15	0	.8325674	.01629664	.151136	0
1313.15	0	.8308886	.01748273	.1516287	0
1312.15	0	.8292143	.01866578	.1521199	0
1311.15	0	.8275444	.01984577	.1526098	0
1310.15	0	.825879	.02102273	.1530982	0
1309.15	0	.8242181	.02219665	.1535852	0
1308.15	0	.8225616	.02336754	.1540709	0
1307.15	0	.8209096	.0245354	.1545551	0
1306.15	0	.8192619	.02570025	.1550379	0
1305.15	0	.8176187	.02686208	.1555193	0
1304.15	0	.8159798	.02802091	.1559993	0
1303.15	0	.8143453	.02917674	.1564779	0
1302.15	0	.8127152	.03032957	.1569552	0
1301.15	0	.8110895	.03147941	.1574311	0
1300.15	0	.8094681	.03262626	.1579056	0
1299.15	0	.8078511	.03377013	.1583788	0
1298.15	0	.8062383	.03491103	.1588506	0
1297.15	0	.8046299	.03604897	.1593211	0
1296.15	0	.8030259	.03718393	.1597902	0
1295.15	0	.8014261	.03831594	.160258	0
1294.15	0	.7998305	.039445	.1607245	0
1293.15	0	.7982393	.0405711	.1611896	0
1292.15	0	.7966523	.04169427	.1616534	0
1291.15	0	.7950696	.04281449	.1621159	0
1290.15	0	.7934911	.04393178	.1625771	0
1289.15	0	.7919169	.04504614	.163037	0
1288.15	0	.7903469	.04615757	.1634955	0
1287.15	0	.7887811	.04726609	.1639528	0
1286.15	0	.7872195	.04837168	.1644088	0
1285.15	0	.7856621	.04947437	.1648635	0
1284.15	0	.7841089	.05057415	.165317	0
1283.15	0	.7825599	.05167103	.1657691	0
1282.15	0	.781015	.05276502	.16622	0
1281.15	0	.7794743	.05385611	.1666696	0
1280.15	0	.7779377	.0549443	.167118	0
1279.15	0	.7764053	.05602962	.1675651	0
1278.15	0	.774877	.05711205	.1680109	0
1277.15	0	.7733529	.05819161	.1684555	0
1276.15	0	.7718328	.0592683	.1688989	0
1275.15	0	.7703169	.06034211	.169341	0
1274.15	0	.768805	.06141307	.1697819	0
1273.15	0	.7672972	.06248116	.1702216	0
1272.15	0	.7657936	.0635464	.1706601	0
1271.15	0	.7642939	.06460878	.1710973	0
1270.15	0	.7627984	.06566831	.1715333	0
1269.15	0	.7613069	.066725	.1719681	0
1268.15	0	.7598194	.06777884	.1724018	0
1267.15	0	.758336	.06882985	.1728342	0
1266.15	0	.7568566	.06987802	.1732654	0
1265.15	0	.7553812	.07092336	.1736954	0
1264.15	0	.7539098	.07196587	.1741243	0
1263.15	0	.7524425	.07300556	.174552	0
1262.15	0	.7509791	.07404242	.1749785	0
1261.15	0	.7495197	.07507647	.1754038	0
1260.15	0	.7480643	.0761077	.175828	0
1259.15	0	.7466129	.07713612	.176251	0
1258.15	0	.7451655	.07816173	.1766728	0
1257.15	0	.743722	.07918454	.1770935	0
1256.15	0	.7422824	.08020454	.1775131	0
1255.15	0	.7408468	.08122174	.1779314	0
1254.15	0	.7394151	.08223614	.1783487	0
1253.15	0	.7379874	.08324775	.1787648	0
1252.15	0	.7365636	.08425657	.1791798	0
1251.15	0	.7351437	.0852626	.1795937	0
1250.15	0	.7337277	.08626584	.1800065	0
1249.15	0	.7323156	.0872663	.1804181	0
1248.15	0	.7309074	.08826397	.1808286	0
1247.15	0	.7295031	.08925887	.181238	0
1246.15	0	.7281027	.09025099	.1816463	0
1245.15	0	.7267062	.09124034	.1820535	0
1244.15	0	.7253135	.09222691	.1824596	0
1243.15	0	.7239247	.09321072	.1828646	0
1242.15	0	.7225398	.09419175	.1832685	0
1241.15	0	.7211587	.09517003	.1836713	0
1240.15	0	.7197814	.09614553	.1840731	0
1239.15	0	.718408	.09711828	.1844737	0
1238.15	0	.7170384	.09808827	.1848733	0
1237.15	0	.7156726	.0990555	.1852719	0
1236.15	0	.7143107	.10002	.1856693	0
1235.15	0	.7129526	.1009817	.1860657	0
1234.15	0	.7115983	.1019407	.1864611	0
1233.15	0	.7102478	.1028969	.1868553	0
1232.15	0	.7089011	.1038504	.1872486	0
1231.15	0	.7075582	.1048011	.1876408	0
1230.15	0	.7062191	.105749	.1880319	0
1229.15	0	.7048837	.1066943	.188422	0
1228.15	0	.7035522	.1076368	.1888111	0
1227.15	0	.7022244	.1085765	.1891991	0
1226.15	0	.7009004	.1095135	.1895861	0
1225.15	0	.6995801	.1104478	.1899721	0
1224.15	0	.6982636	.1113793	.1903571	0
1223.15	0	.6969509	.1123081	.190741	0
1222.15	0	.6956419	.1132342	.191124	0
1221.15	0	.6943366	.1141575	.1915059	0
1220.15	0	.6930351	.1150781	.1918868	0
1219.15	0	.6917373	.1159959	.1922667	0
1218.15	0	.6904433	.1169111	.1926457	0
1217.15	0	.689153	.1178235	.1930236	0
1216.15	0	.6878664	.1187331	.1934005	0
1215.15	0	.6865835	.11964	.1937765	0
1214.15	0	.6853043	.1205443	.1941514	0
1213.15	0	.6840289	.1214457	.1945254	0
1212.15	0	.6827571	.1223445	.1948984	0
1211.15	0	.6814891	.1232405	.1952704	0
1210.15	0	.6802248	.1241338	.1956414	0
1209.15	0	.6789641	.1250244	.1960115	0
1208.15	0	.6777072	.1259122	.1963807	0
1207.15	0	.6764539	.1267973	.1967488	0
1206.15	0	.6752043	.1276797	.197116	0
1205.15	0	.6739584	.1285594	.1974823	0
1204.15	0	.6727162	.1294363	.1978475	0
1203.15	0	.6714776	.1303105	.1982119	0
1202.15	0	.6702427	.131182	.1985753	0
1201.15	0	.6690115	.1320507	.1989377	0
1200.15	0	.667784	.1329168	.1992993	0
1199.15	0	.6665601	.1337801	.1996598	0
1198.15	0	.6653399	.1346406	.2000195	0
1197.15	0	.6641233	.1354985	.2003782	0
1196.15	0	.6629104	.1363536	.200736	0
1195.15	0	.6617011	.137206	.2010929	0
1194.15	0	.6604955	.1380557	.2014488	0
1193.15	0	.6592936	.1389026	.2018039	0
1192.15	0	.6580952	.1397468	.202158	0
1191.15	0	.6569006	.1405883	.2025112	0
1190.15	0	.6557095	.141427	.2028635	0
1189.15	0	.6545221	.142263	.2032149	0
1188.15	0	.6533383	.1430963	.2035654	0
1187.15	0	.6521582	.1439268	.203915	0
1186.15	0	.6509817	.1447546	.2042637	0
1185.15	0	.6498088	.1455797	.2046115	0
1184.15	0	.6486396	.146402	.2049584	0
1183.15	0	.647474	.1472216	.2053044	0
1182.15	0	.646312	.1480385	.2056496	0
1181.15	0	.6451536	.1488526	.2059938	0
1180.15	0	.6439989	.1496639	.2063372	0
1179.15	0	.6428477	.1504726	.2066797	0
1178.15	0	.6417002	.1512784	.2070213	0
1177.15	0	.6405563	.1520816	.2073621	0
1176.15	0	.639416	.152882	.207702	0
1175.15	0	.6382794	.1536796	.208041	0
1174.15	0	.6371463	.1544745	.2083792	0
1173.15	0	.6360169	.1552666	.2087165	0
1172.15	0	.6348911	.156056	.209053	0
1171.15	0	.6337689	.1568426	.2093886	0
1170.15	0	.6326503	.1576264	.2097233	0
1169.15	0	.6315353	.1584075	.2100572	0
1168.15	0	.6304239	.1591858	.2103903	0
1167.15	0	.6293161	.1599614	.2107225	0
1166.15	0	.628212	.1607342	.2110538	0
1165.15	0	.6271114	.1615042	.2113844	0
1164.15	0	.6260145	.1622715	.2117141	0
1163.15	0	.6249212	.1630359	.2120429	0
1162.15	0	.6238314	.1637976	.212371	0
1161.15	0	.6227453	.1645565	.2126982	0
1160.15	0	.6216628	.1653127	.2130245	0
1159.15	0	.6205839	.166066	.2133501	0
1158.15	0	.6195086	.1668166	.2136748	0
1157.15	0	.6184369	.1675643	.2139987	0
1156.15	0	.6173689	.1683093	.2143218	0
1155.15	0	.6163044	.1690515	.2146441	0
1154.15	0	.6152436	.1697909	.2149656	0
1153.15	0	.6141863	.1705275	.2152862	0
1152.15	0	.6131327	.1712612	.2156061	0
1151.15	0	.6120827	.1719922	.2159251	0
1150.15	0	.6110363	.1727203	.2162434	0
1149.15	0	.6099935	.1734456	.2165608	0
1148.15	0	.6089544	.1741681	.2168775	0
1147.15	0	.6079188	.1748878	.2171933	0
1146.15	0	.6068869	.1756047	.2175084	0
1145.15	0	.6058586	.1763187	.2178227	0
1144.15	0	.6048339	.1770299	.2181362	0
1143.15	0	.6038129	.1777383	.2184489	0
1142.15	0	.6027955	.1784438	.2187608	0
1141.15	0	.6017817	.1791465	.2190719	0
1140.15	0	.6007715	.1798463	.2193822	0
1139.15	0	.5997649	.1805433	.2196918	0
1138.15	0	.598762	.1812374	.2200006	0
1137.15	0	.5977628	.1819286	.2203086	0
1136.15	0	.5967671	.182617	.2206159	0
1135.15	0	.5957751	.1833025	.2209224	0
1134.15	0	.5947867	.1839852	.2212281	0
1133.15	0	.593802	.184665	.221533	0
1132.15	0	.5928209	.1853418	.2218372	0
1131.15	0	.5918435	.1860158	.2221406	0
1130.15	0	.5908697	.186687	.2224433	0
1129.15	0	.5898996	.1873552	.2227452	0
1128.15	0	.5889332	.1880205	.2230464	0
1127.15	0	.5879703	.1886829	.2233468	0
1126.15	0	.5870112	.1893424	.2236464	0
1125.15	0	.5860557	.189999	.2239453	0
1124.15	0	.5851039	.1906527	.2242435	0
1123.15	0	.5841557	.1913034	.2245409	0
1122.15	0	.5832113	.1919512	.2248375	0
1121.15	0	.5822705	.1925961	.2251334	0
1120.15	0	.5813334	.193238	.2254286	0
1119.15	0	.5803999	.193877	.2257231	0
1118.15	0	.5794702	.194513	.2260168	0
1117.15	0	.5785441	.1951461	.2263097	0
1116.15	0	.5776218	.1957762	.226602	0
1115.15	0	.5767031	.1964034	.2268935	0
1114.15	0	.5757882	.1970276	.2271842	0
1113.15	0	.5748769	.1976488	.2274743	0
1112.15	0	.5739694	.198267	.2277636	0
1111.15	0	.5730656	.1988822	.2280522	0
1110.15	0	.5721655	.1994945	.22834	0
1109.15	0	.5712691	.2001037	.2286272	0
1108.15	0	.5703765	.2007099	.2289136	0
1107.15	0	.5694876	.2013131	.2291993	0
1106.15	0	.5686024	.2019133	.2294843	0
1105.15	0	.567721	.2025105	.2297686	0
1104.15	0	.5668433	.2031046	.2300521	0
1103.15	0	.5659694	.2036957	.230335	0
1102.15	0	.5650992	.2042837	.2306171	0
1101.15	0	.5642328	.2048687	.2308985	0
1100.15	0	.5633701	.2054506	.2311792	0
1099.15	0	.5625113	.2060295	.2314593	0
1098.15	0	.5616562	.2066053	.2317385	0
1097.15	0	.5608049	.207178	.2320172	0
1096.15	0	.5599574	.2077476	.2322951	0
1095.15	0	.5591136	.2083141	.2325722	0
1094.15	0	.5582737	.2088776	.2328487	0
1093.15	0	.5574376	.2094379	.2331245	0
1092.15	0	.5566053	.2099951	.2333996	0
1091.15	0	.5557768	.2105492	.233674	0
1090.15	0	.5549521	.2111001	.2339477	0
1089.15	0	.5541313	.2116479	.2342207	0
1088.15	0	.5533143	.2121926	.234493	0
1087.15	0	.5525012	.2127341	.2347647	0
1086.15	0	.5516919	.2132725	.2350356	0
1085.15	0	.5508864	.2138077	.2353059	0
1084.15	0	.5500849	.2143397	.2355754	0
1083.15	0	.5492871	.2148686	.2358443	0
1082.15	0	.5484933	.2153942	.2361125	0
1081.15	0	.5477034	.2159167	.23638	0
1080.15	0	.5469173	.2164359	.2366468	0
1079.15	0	.5461351	.216952	.2369129	0
1078.15	0	.5453569	.2174648	.2371784	0
1077.15	0	.5445825	.2179744	.2374431	0
1076.15	0	.5438121	.2184807	.2377072	0
1075.15	0	.5430456	.2189838	.2379706	0
1074.15	0	.542283	.2194837	.2382334	0
1073.15	0	.5415243	.2199803	.2384954	0
1072.15	0	.5407697	.2204736	.2387568	0
1071.15	0	.5400189	.2209636	.2390175	0
1070.15	0	.5392722	.2214503	.2392775	0
1069.15	0	.5385294	.2219338	.2395368	0
1068.15	0	.5377905	.2224139	.2397955	0
1067.15	0	.5370557	.2228908	.2400535	0
1066.15	0	.5363249	.2233643	.2403109	0
1065.15	0	.5355981	.2238344	.2405675	0
1064.15	0	.5348752	.2243013	.2408235	0
1063.15	0	.5341564	.2247648	.2410788	0
1062.15	0	.5334417	.2252249	.2413335	0
1061.15	0	.5327309	.2256816	.2415874	0
1060.15	0	.5320242	.226135	.2418407	0
1059.15	0	.5313216	.226585	.2420934	0
1058.15	0	.530623	.2270316	.2423454	0
1057.15	0	.5299285	.2274748	.2425967	0
1056.15	0	.5292381	.2279146	.2428473	0
1055.15	0	.5285518	.2283509	.2430973	0
1054.15	0	.5278696	.2287839	.2433466	0
1053.15	0	.5271914	.2292133	.2435952	0
1052.15	0	.5265174	.2296394	.2438432	0
1051.15	0	.5258476	.2300619	.2440905	0
1050.15	0	.5251818	.230481	.2443371	0
1049.15	0	.5245202	.2308967	.2445831	0
1048.15	0	.5238628	.2313088	.2448284	0
1047.15	0	.5232095	.2317174	.2450731	0
1046.15	0	.5225604	.2321225	.2453171	0
1045.15	0	.5219155	.2325241	.2455604	0
1044.15	0	.5212747	.2329222	.2458031	0
1043.15	0	.5206382	.2333167	.246045	0
1042.15	0	.5200059	.2337077	.2462864	0
1041.15	0	.5193778	.2340952	.246527	0
1040.15	0	.518754	.234479	.2467671	0
1039.15	0	.5181343	.2348593	.2470064	0
1038.15	0	.517519	.235236	.2472451	0
1037.15	0	.5169079	.2356091	.2474831	0
1036.15	0	.516301	.2359785	.2477204	0
1035.15	0	.5156985	.2363444	.2479571	0
1034.15	0	.5151003	.2367066	.2481931	0
1033.15	0	.5145063	.2370652	.2484285	0
1032.15	0	.5139167	.2374202	.2486632	0
1031.15	0	.5133314	.2377715	.2488972	0
1030.15	0	.5127504	.2381191	.2491305	0
1029.15	0	.5121738	.238463	.2493632	0
1028.15	0	.5116015	.2388033	.2495952	0
1027.15	0	.5110336	.2391398	.2498266	0
1026.15	0	.5104701	.2394727	.2500573	0
1025.15	0	.5099109	.2398018	.2502873	0
1024.15	0	.5093562	.2401272	.2505166	0
1023.15	0	.5088059	.2404488	.2507453	0
1022.15	0	.50826	.2407667	.2509733	0
1021.15	0	.5077185	.2410809	.2512007	0
1020.15	0	.5071815	.2413912	.2514273	0
1019.15	0	.5066489	.2416978	.2516533	0
1018.15	0	.5061208	.2420006	.2518786	0
1017.15	0	.5055972	.2422996	.2521033	0
1016.15	0	.505078	.2425948	.2523272	0
1015.15	0	.5045633	.2428862	.2525505	0
1014.15	0	.5040532	.2431737	.2527731	0
1013.15	0	.5035476	.2434574	.252995	0
1012.15	0	.5030465	.2437372	.2532163	0
1011.15	0	.5025499	.2440132	.2534369	0
1010.15	0	.5020579	.2442854	.2536567	0
1009.15	0	.5015705	.2445536	.2538759	0
1008.15	0	.5010876	.2448179	.2540945	0
1007.15	0	.5006093	.2450784	.2543123	0
1006.15	0	.5001356	.2453349	.2545294	0
1005.15	0	.4996665	.2455876	.2547459	0
1004.15	0	.4992021	.2458363	.2549616	0
1003.15	0	.4987422	.2460811	.2551767	0
1002.15	0	.498287	.2463219	.2553911	0
1001.15	0	.4978365	.2465588	.2556047	0
1000.15	0	.4973906	.2467917	.2558177	0
999.15	0	.4969494	.2470206	.25603	0
998.15	0	.4965128	.2472456	.2562416	0
997.15	0	.496081	.2474666	.2564525	0
996.15	0	.4956538	.2476835	.2566626	0
995.15	0	.4952314	.2478965	.2568721	0
994.15	0	.4948137	.2481055	.2570808	0
993.15	0	.4944007	.2483104	.2572889	0
992.15	0	.4939925	.2485113	.2574962	0
991.15	0	.493589	.2487082	.2577028	0
990.15	0	.4931903	.2489011	.2579087	0
989.15	0	.4927963	.2490898	.2581138	0
988.15	0	.4924071	.2492746	.2583183	0
987.15	0	.4920228	.2494552	.258522	0
986.15	0	.4916432	.2496318	.258725	0
985.15	0	.4912684	.2498044	.2589272	0
984.15	0	.4908985	.2499728	.2591288	0
983.15	0	.4905333	.2501371	.2593296	0
982.15	0	.4901731	.2502974	.2595296	0
981.15	0	.4898176	.2504535	.2597289	0
980.15	0	.489467	.2506056	.2599274	0
979.15	0	.4891213	.2507535	.2601252	0
978.15	0	.4887804	.2508973	.2603223	0
977.15	0	.4884445	.251037	.2605186	0
976.15	0	.4881134	.2511725	.2607141	0
975.15	0	.4877872	.251304	.2609089	0
974.15	0	.4874659	.2514313	.2611029	0
973.15	0	.4871495	.2515544	.2612961	0
972.15	0	.486838	.2516735	.2614885	0
971.15	0	.4865314	.2517883	.2616802	0
970.15	0	.4862298	.2518991	.2618711	0
969.15	0	.4859331	.2520057	.2620612	0
968.15	0	.4856414	.2521081	.2622505	0
967.15	0	.4853545	.2522064	.262439	0
966.15	0	.4850727	.2523006	.2626267	0
965.15	0	.4847958	.2523906	.2628137	0
964.15	0	.4845238	.2524764	.2629998	0
963.15	0	.4842568	.2525581	.2631851	0
962.15	0	.4839948	.2526357	.2633695	0
961.15	0	.4837377	.2527091	.2635532	0
960.15	0	.4834856	.2527784	.263736	0
959.15	0	.4832385	.2528435	.263918	0
958.15	0	.4829964	.2529045	.2640991	0
957.15	0	.4827592	.2529614	.2642794	0
956.15	0	.482527	.2530141	.2644589	0
955.15	0	.4822998	.2530627	.2646375	0
954.15	0	.4820776	.2531072	.2648152	0
953.15	0	.4818604	.2531476	.2649921	0
952.15	0	.4816481	.2531838	.2651681	0
951.15	0	.4814408	.253216	.2653432	0
950.15	0	.4812385	.2532441	.2655174	0
949.15	0	.4810412	.2532681	.2656908	0
948.15	0	.4808488	.253288	.2658632	0
947.15	0	.4806614	.2533039	.2660347	0
946.15	0	.4804789	.2533157	.2662054	0
945.15	0	.4803014	.2533235	.2663751	0
944.15	0	.4801289	.2533273	.2665438	0
943.15	0	.4799613	.253327	.2667117	0
942.15	0	.4797986	.2533228	.2668786	0
941.15	0	.4796409	.2533146	.2670445	0
940.15	0	.4794881	.2533024	.2672095	0
939.15	0	.4793402	.2532863	.2673735	0
938.15	0	.4791972	.2532662	.2675366	0
937.15	0	.4790591	.2532423	.2676987	0
936.15	0	.4789258	.2532144	.2678598	0
935.15	0	.4787975	.2531827	.2680198	0
934.15	0	.4786739	.2531471	.2681789	0
933.15	0	.4785552	.2531078	.268337	0
932.15	0	.4784414	.2530646	.268494	0
931.15	0	.4783323	.2530177	.26865	0
930.15	0	.478228	.252967	.2688049	0
929.15	0	.4781285	.2529126	.2689588	0
928.15	0	.4780338	.2528546	.2691117	0
927.15	0	.4779437	.2527929	.2692634	0
926.15	0	.4778584	.2527276	.2694141	0
925.15	0	.4777777	.2526587	.2695636	0
924.15	0	.4777017	.2525862	.2697121	0
923.15	0	.4776303	.2525103	.2698594	0
922.15	0	.4775636	.2524309	.2700056	0
921.15	0	.4775013	.252348	.2701506	0
920.15	0	.4774437	.2522618	.2702945	0
919.15	0	.4773905	.2521723	.2704372	0
918.15	0	.4773418	.2520794	.2705788	0
917.15	0	.4772976	.2519833	.2707191	0
916.15	0	.4772577	.251884	.2708582	0
915.15	0	.4772223	.2517816	.2709961	0
914.15	0	.4771911	.2516761	.2711328	0
913.15	0	.4771643	.2515676	.2712682	0
912.15	0	.4771416	.2514561	.2714023	0
911.15	0	.4771232	.2513416	.2715352	0
910.15	0	.4771089	.2512244	.2716667	0
909.15	0	.4770987	.2511043	.2717969	0
908.15	0	.4770926	.2509816	.2719258	0
907.15	0	.4770905	.2508562	.2720534	0
906.15	0	.4770923	.2507282	.2721796	0
905.15	0	.4770979	.2505977	.2723044	0
904.15	0	.4771074	.2504648	.2724277	0
903.15	0	.4771207	.2503296	.2725497	0
902.15	0	.4771376	.2501921	.2726702	0
901.15	0	.4771582	.2500525	.2727893	0
900.15	0	.4771824	.2499108	.2729068	0
899.15	0	.47721	.2497671	.2730229	0
898.15	0	.477241	.2496216	.2731374	0
897.15	0	.4772753	.2494743	.2732504	0
896.15	0	.4773129	.2493253	.2733618	0
895.15	0	.4773536	.2491747	.2734716	0
894.15	0	.4773975	.2490227	.2735798	0
893.15	0	.4774442	.2488694	.2736864	0
892.15	0	.4774939	.2487149	.2737912	0
891.15	0	.4775464	.2485592	.2738944	0
890.15	0	.4776015	.2484027	.2739958	0
889.15	0	.4776592	.2482453	.2740955	0
888.15	0	.4777194	.2480872	.2741934	0
887.15	0	.4777819	.2479287	.2742895	0
886.15	0	.4778466	.2477697	.2743837	0
885.15	0	.4779134	.2476106	.274476	0
884.15	0	.4779822	.2474514	.2745664	0
883.15	0	.4780528	.2472923	.2746548	0
882.15	0	.4781251	.2471336	.2747413	0
881.15	0	.478199	.2469753	.2748257	0
880.15	0	.4782742	.2468177	.2749081	0
879.15	0	.4783507	.246661	.2749883	0
878.15	0	.4784282	.2465054	.2750663	0
877.15	0	.4785066	.2463512	.2751422	0
876.15	0	.4785857	.2461985	.2752158	0
875.15	0	.4786654	.2460475	.2752871	0
874.15	0	.4787453	.2458986	.275356	0
873.15	0	.4788254	.2457521	.2754225	0
872.15	0	.4789053	.2456081	.2754866	0
871.15	0	.4789849	.245467	.2755481	0
870.15	0	.4790639	.245329	.275607	0
869.15	0	.4791421	.2451946	.2756633	0
868.15	0	.4792192	.245064	.2757168	0
867.15	0	.4792949	.2449375	.2757675	0
866.15	0	.479369	.2448156	.2758154	0
865.15	0	.4794411	.2446987	.2758602	0
864.15	0	.4795108	.2445872	.275902	0
863.15	0	.4795779	.2444814	.2759407	0
862.15	0	.479642	.244382	.275976	0
861.15	0	.4797027	.2442893	.2760081	0
860.15	0	.4797595	.2442039	.2760366	0
859.15	0	.479812	.2441264	.2760615	0
858.15	0	.4795735	.2443946	.2760319	0
857.15	0	.4793567	.2446423	.276001	0
856.15	0	.4791756	.244853	.2759714	0
855.15	0	.4790277	.2450293	.275943	0
854.15	0	.4789106	.2451738	.2759157	0
853.15	0	.4788223	.2452885	.2758892	0
852.15	0	.478761	.2453755	.2758635	0
851.15	0	.4787248	.2454366	.2758386	0
850.15	0	.4787121	.2454737	.2758142	0
849.15	0	.4787213	.2454884	.2757903	0
848.15	0	.4787511	.245482	.2757669	0
847.15	0	.4788	.2454561	.2757439	0
846.15	0	.4788668	.245412	.2757212	0
845.15	0	.4789504	.2453509	.2756987	0
844.15	0	.4790496	.2452739	.2756764	0
843.15	0	.4791635	.2451822	.2756543	0
842.15	0	.479291	.2450767	.2756324	0
841.15	0	.4794312	.2449584	.2756105	0
840.15	0	.4795832	.2448281	.2755887	0
839.15	0	.4797463	.2446868	.2755669	0
838.15	0	.4799197	.2445353	.2755451	0
837.15	0	.4801026	.2443741	.2755233	0
836.15	0	.4802943	.2442042	.2755015	0
835.15	0	.4804943	.2440261	.2754796	0
834.15	0	.4807019	.2438405	.2754576	0
833.15	0	.4809165	.2436479	.2754356	0
832.15	0	.4811376	.2434489	.2754135	0
831.15	0	.4813647	.2432441	.2753912	0
830.15	0	.4815972	.2430339	.2753688	0
829.15	0	.4818348	.2428189	.2753463	0
828.15	0	.4820769	.2425994	.2753237	0
827.15	0	.4823232	.2423759	.2753009	0
826.15	0	.4825733	.2421488	.275278	0
825.15	0	.4828267	.2419184	.2752549	0
824.15	0	.4830832	.2416852	.2752316	0
823.15	0	.4833424	.2414494	.2752082	0
822.15	0	.483604	.2412114	.2751846	0
821.15	0	.4838677	.2409714	.2751609	0
820.15	0	.4841333	.2407298	.275137	0
819.15	0	.4844003	.2404868	.2751129	0
818.15	0	.4846687	.2402427	.2750886	0
817.15	0	.4849381	.2399977	.2750642	0
816.15	0	.4852084	.239752	.2750396	0
815.15	0	.4854793	.2395059	.2750148	0
814.15	0	.4857506	.2392595	.2749899	0
813.15	0	.4860222	.2390131	.2749647	0
812.15	0	.4862938	.2387667	.2749395	0
811.15	0	.4865654	.2385207	.274914	0
810.15	0	.4868366	.238275	.2748884	0
809.15	0	.4871074	.23803	.2748626	0
808.15	0	.4873777	.2377856	.2748366	0
807.15	0	.4876474	.2375422	.2748105	0
806.15	0	.4879161	.2372996	.2747842	0
805.15	0	.488184	.2370582	.2747578	0
804.15	0	.4884508	.236818	.2747312	0
803.15	0	.4887166	.236579	.2747044	0
802.15	0	.488981	.2363414	.2746775	0
801.15	0	.4892442	.2361053	.2746505	0
800.15	0	.489506	.2358708	.2746233	0
799.15	0	.4897662	.2356378	.2745959	0
798.15	0	.490025	.2354066	.2745684	0
797.15	0	.4902821	.2351771	.2745408	0
796.15	0	.4905375	.2349495	.274513	0
795.15	0	.4907912	.2347237	.2744851	0
794.15	0	.4910431	.2344998	.2744571	0
793.15	0	.4912932	.2342779	.2744289	0
792.15	0	.4915414	.234058	.2744006	0
791.15	0	.4917877	.2338402	.2743721	0
790.15	0	.492032	.2336244	.2743436	0
789.15	0	.4922743	.2334108	.2743149	0
788.15	0	.4925146	.2331993	.2742861	0
787.15	0	.4927528	.23299	.2742571	0
786.15	0	.492989	.2327829	.2742281	0
785.15	0	.493223	.232578	.2741989	0
784.15	0	.493455	.2323754	.2741696	0
783.15	0	.4936848	.232175	.2741403	0
782.15	0	.4939124	.2319768	.2741108	0
781.15	0	.4941379	.231781	.2740812	0
780.15	0	.4943612	.2315874	.2740514	0
779.15	0	.4945823	.2313961	.2740216	0
778.15	0	.4948012	.2312071	.2739917	0
777.15	0	.4950179	.2310204	.2739617	0
776.15	0	.4952324	.230836	.2739316	0
775.15	0	.4954447	.2306539	.2739014	0
774.15	0	.4956548	.2304742	.2738711	0
773.15	0	.4958627	.2302967	.2738407	0
772.15	0	.4960684	.2301215	.2738102	0
771.15	0	.4962718	.2299486	.2737796	0
770.15	0	.4964731	.229778	.2737489	0
769.15	0	.4966722	.2296097	.2737181	0
768.15	0	.4968691	.2294436	.2736873	0
767.15	0	.4970638	.2292798	.2736564	0
766.15	0	.4972564	.2291183	.2736254	0
765.15	0	.4974468	.228959	.2735943	0
764.15	0	.497635	.2288019	.2735631	0
763.15	0	.4978211	.2286471	.2735318	0
762.15	0	.4980051	.2284945	.2735005	0
761.15	0	.4981869	.228344	.2734691	0
760.15	0	.4983666	.2281958	.2734376	0
759.15	0	.4985443	.2280497	.273406	0
758.15	0	.4987198	.2279058	.2733744	0
757.15	0	.4988933	.227764	.2733427	0
756.15	0	.4990648	.2276243	.2733109	0
755.15	0	.4992342	.2274868	.2732791	0
754.15	0	.4994015	.2273514	.2732471	0
753.15	0	.4995669	.227218	.2732152	0
752.15	0	.4997302	.2270867	.2731831	0
751.15	0	.4998916	.2269574	.273151	0
750.15	0	.500051	.2268302	.2731188	0
749.15	0	.5002085	.2267049	.2730866	0
748.15	0	.500364	.2265817	.2730542	0
747.15	0	.5005177	.2264605	.2730219	0
746.15	0	.5006694	.2263412	.2729895	0
745.15	0	.5008192	.2262238	.272957	0
744.15	0	.5009672	.2261084	.2729244	0
743.15	0	.5011133	.2259949	.2728918	0
742.15	0	.5012576	.2258833	.2728591	0
741.15	0	.5014001	.2257735	.2728264	0
740.15	0	.5015408	.2256656	.2727936	0
739.15	0	.5016797	.2255595	.2727608	0
738.15	0	.5018168	.2254553	.2727279	0
737.15	0	.5019522	.2253528	.272695	0
736.15	0	.5020858	.2252522	.272662	0
735.15	0	.5022178	.2251533	.272629	0
734.15	0	.502348	.2250561	.2725959	0
733.15	0	.5024766	.2249607	.2725627	0
732.15	0	.5026035	.224867	.2725295	0
731.15	0	.5027287	.224775	.2724963	0
730.15	0	.5028524	.2246846	.272463	0
729.15	0	.5029744	.224596	.2724297	0
728.15	0	.5030948	.2245089	.2723963	0
727.15	0	.5032137	.2244235	.2723629	0
726.15	0	.5033309	.2243397	.2723294	0
725.15	0	.5034467	.2242575	.2722959	0
724.15	0	.5035609	.2241768	.2722623	0
723.15	0	.5036736	.2240978	.2722287	0
722.15	0	.5037848	.2240202	.272195	0
721.15	0	.5038945	.2239442	.2721614	0
720.15	0	.5040027	.2238697	.2721276	0
719.15	0	.5041095	.2237966	.2720939	0
718.15	0	.5042149	.2237251	.27206	0
717.15	0	.5043188	.223655	.2720262	0
716.15	0	.5044213	.2235863	.2719923	0
715.15	0	.5045245	.2235177	.2719578	0
714.15	0	.5046241	.223452	.2719239	0
713.15	0	.5047224	.2233877	.2718899	0
712.15	0	.5048193	.2233247	.2718559	0
711.15	0	.5049149	.2232632	.2718219	0
710.15	0	.5050092	.2232029	.2717878	0
709.15	0	.5051023	.223144	.2717537	0
708.15	0	.505194	.2230864	.2717196	0
707.15	0	.5052845	.2230301	.2716854	0
706.15	0	.5053737	.2229751	.2716512	0
705.15	0	.5054617	.2229213	.271617	0
704.15	0	.5055485	.2228688	.2715827	0
703.15	0	.5056341	.2228176	.2715484	0
702.15	0	.5057184	.2227675	.2715141	0
701.15	0	.5058016	.2227187	.2714797	0
700.15	0	.5058836	.2226711	.2714453	0
699.15	0	.5059645	.2226246	.2714109	0
698.15	0	.5060442	.2225794	.2713764	0
697.15	0	.5061228	.2225353	.2713419	0
696.15	0	.5062002	.2224923	.2713074	0
695.15	0	.5062766	.2224505	.2712729	0
694.15	0	.5063518	.2224098	.2712384	0
693.15	0	.506426	.2223702	.2712038	0
692.15	0	.5064991	.2223317	.2711692	0
691.15	0	.5065711	.2222943	.2711345	0
690.15	0	.5066421	.222258	.2710999	0
689.15	0	.5067121	.2222227	.2710652	0
688.15	0	.506781	.2221885	.2710305	0
687.15	0	.5068489	.2221553	.2709958	0
686.15	0	.5069159	.2221231	.270961	0
685.15	0	.5069818	.2220919	.2709263	0
684.15	0	.5070467	.2220618	.2708915	0
683.15	0	.5071107	.2220326	.2708567	0
682.15	0	.5071737	.2220044	.2708219	0
681.15	0	.5072358	.2219772	.270787	0
680.15	0	.5072969	.2219509	.2707522	0
679.15	0	.5073571	.2219255	.2707173	0
678.15	0	.5074164	.2219011	.2706824	0
677.15	0	.5074748	.2218776	.2706476	0
676.15	0	.5075323	.2218551	.2706127	0
675.15	0	.5075889	.2218334	.2705777	0
674.15	0	.5076446	.2218126	.2705428	0
673.15	0	.5076995	.2217927	.2705078	0
672.15	0	.5077535	.2217736	.2704729	0
671.15	0	.5078066	.2217555	.2704379	0
670.15	0	.5078589	.2217381	.2704029	0
669.15	0	.5079104	.2217216	.2703679	0
668.15	0	.5079611	.221706	.2703329	0
667.15	0	.5080109	.2216911	.2702979	0
666.15	0	.50806	.2216771	.2702629	0
665.15	0	.5081083	.2216638	.2702279	0
664.15	0	.5081558	.2216514	.2701929	0
663.15	0	.5082025	.2216397	.2701578	0
662.15	0	.5082484	.2216288	.2701228	0
661.15	0	.5082936	.2216187	.2700877	0
660.15	0	.508338	.2216093	.2700527	0
659.15	0	.5083817	.2216007	.2700176	0
658.15	0	.5084247	.2215928	.2699826	0
657.15	0	.5084669	.2215856	.2699475	0
656.15	0	.5085084	.2215792	.2699124	0
655.15	0	.5085492	.2215734	.2698774	0
654.15	0	.5085893	.2215684	.2698423	0
653.15	0	.5086288	.221564	.2698072	0
652.15	0	.5086675	.2215603	.2697722	0
651.15	0	.5087055	.2215574	.2697371	0
650.15	0	.5087429	.221555	.269702	0
649.15	0	.5087797	.2215534	.269667	0
648.15	0	.5088157	.2215524	.2696319	0
647.15	0	.5088512	.221552	.2695969	0
646.15	0	.5088859	.2215523	.2695618	0
645.15	0	.5089201	.2215532	.2695268	0
644.15	0	.5089536	.2215547	.2694917	0
643.15	0	.5089865	.2215568	.2694567	0
642.15	0	.5090188	.2215596	.2694216	0
641.15	0	.5090505	.2215629	.2693866	0
640.15	0	.5090816	.2215668	.2693516	0
639.15	0	.5091121	.2215713	.2693166	0
638.15	0	.509142	.2215764	.2692816	0
637.15	0	.5091714	.2215821	.2692466	0
636.15	0	.5092001	.2215883	.2692116	0
635.15	0	.5092283	.2215951	.2691766	0
634.15	0	.509256	.2216024	.2691417	0
633.15	0	.509283	.2216102	.2691067	0
632.15	0	.5093096	.2216186	.2690718	0
631.15	0	.5093356	.2216276	.2690368	0
630.15	0	.509361	.221637	.2690019	0
629.15	0	.509386	.221647	.268967	0
628.15	0	.5094104	.2216575	.2689321	0
627.15	0	.5094343	.2216684	.2688973	0
626.15	0	.5094577	.2216799	.2688624	0
625.15	0	.5094806	.2216918	.2688276	0
624.15	0	.509503	.2217043	.2687927	0
623.15	0	.5095249	.2217172	.2687579	0
622.15	0	.5095463	.2217306	.2687232	0
621.15	0	.5095672	.2217444	.2686884	0
620.15	0	.5095876	.2217588	.2686536	0
619.15	0	.5096076	.2217735	.2686189	0
618.15	0	.5096271	.2217887	.2685842	0
617.15	0	.5096462	.2218044	.2685495	0
616.15	0	.5096647	.2218205	.2685148	0
615.15	0	.5096829	.221837	.2684801	0
614.15	0	.5097006	.2218539	.2684455	0
613.15	0	.5097178	.2218713	.2684109	0
612.15	0	.5097346	.221889	.2683763	0
611.15	0	.509751	.2219072	.2683418	0
610.15	0	.509767	.2219258	.2683072	0
609.15	0	.5097825	.2219448	.2682727	0
608.15	0	.5097976	.2219641	.2682382	0
607.15	0	.5098124	.2219839	.2682038	0
606.15	0	.5098267	.222004	.2681693	0
605.15	0	.5098406	.2220245	.2681349	0
604.15	0	.5098541	.2220454	.2681005	0
603.15	0	.5098672	.2220666	.2680662	0
602.15	0	.5098799	.2220882	.2680319	0
601.15	0	.5098922	.2221102	.2679976	0
600.15	0	.5099042	.2221325	.2679633	0
599.15	0	.5099158	.2221551	.2679291	0
598.15	0	.509927	.2221781	.2678949	0
597.15	0	.5099378	.2222015	.2678607	0
596.15	0	.5099483	.2222251	.2678266	0
595.15	0	.5099584	.2222491	.2677925	0
594.15	0	.5099682	.2222734	.2677584	0
593.15	0	.5099776	.222298	.2677243	0
592.15	0	.5099867	.222323	.2676904	0
591.15	0	.5099954	.2223482	.2676564	0
590.15	0	.5100038	.2223737	.2676224	0
589.15	0	.5100119	.2223996	.2675886	0
588.15	0	.5100196	.2224257	.2675547	0
587.15	0	.510027	.2224521	.2675209	0
586.15	0	.5100341	.2224788	.2674871	0
585.15	0	.5100409	.2225058	.2674533	0
584.15	0	.5100473	.2225331	.2674196	0
583.15	0	.5100534	.2225606	.2673859	0
582.15	0	.5100593	.2225884	.2673523	0
581.15	0	.5100648	.2226165	.2673187	0
580.15	0	.51007	.2226448	.2672852	0
579.15	0	.5100749	.2226734	.2672517	0
578.15	0	.5100796	.2227022	.2672182	0
577.15	0	.5100839	.2227313	.2671848	0
576.15	0	.5100879	.2227607	.2671514	0
575.15	0	.5100917	.2227902	.2671181	0
574.15	0	.5100952	.22282	.2670848	0
573.15	0	.5100984	.2228501	.2670515	0
572.15	0	.5101013	.2228803	.2670183	0
571.15	0	.510104	.2229108	.2669852	0
570.15	0	.5101064	.2229415	.2669521	0
569.15	0	.5101085	.2229724	.266919	0
568.15	0	.5101104	.2230036	.266886	0
567.15	0	.510112	.2230349	.2668531	0
566.15	0	.5101134	.2230665	.2668201	0
565.15	0	.5101145	.2230982	.2667873	0
564.15	0	.5101154	.2231302	.2667545	0
563.15	0	.510116	.2231623	.2667217	0
562.15	0	.5101164	.2231946	.266689	0
561.15	0	.5101165	.2232272	.2666563	0
560.15	0	.5101164	.2232599	.2666237	0
559.15	0	.5101161	.2232928	.2665911	0
558.15	0	.5101155	.2233258	.2665586	0
557.15	0	.5101147	.2233591	.2665262	0
556.15	0	.5101137	.2233925	.2664938	0
555.15	0	.5101125	.2234261	.2664614	0
554.15	0	.510111	.2234598	.2664292	0
553.15	0	.5101094	.2234937	.2663969	0
552.15	0	.5101075	.2235278	.2663647	0
551.15	0	.5101054	.223562	.2663326	0
550.15	0	.5101031	.2235964	.2663006	0
549.15	0	.5101006	.2236309	.2662686	0
548.15	0	.5100979	.2236655	.2662366	0
547.15	0	.5100949	.2237004	.2662047	0
546.4934	0	.5100929	.2237233	.2661838	0
546.4934	0	.5100929	.2237233	.2661838	0
546.4934	0	.5100929	.2237233	.2661838	0
546.15	0	.5101955	.2235089	.266069	2.266528E-04
545.15	0	.5104928	.2228867	.2657353	8.852191E-04
544.15	0	.5107877	.2222679	.2654028	.001541587
543.15	0	.5110804	.2216524	.2650714	.002195778
542.15	0	.5113707	.2210402	.2647412	.002847813
541.15	0	.5116589	.2204312	.2644122	.003497713
540.15	0	.5119448	.2198254	.2640843	.004145499
539.15	0	.5122286	.2192227	.2637576	.004791192
538.15	0	.5125102	.2186231	.2634319	.005434812
537.15	0	.5127897	.2180265	.2631073	.006076378
536.15	0	.5130672	.217433	.2627839	.006715911
535.15	0	.5133426	.2168425	.2624615	.007353431
534.15	0	.513616	.2162549	.2621402	.007988956
533.15	0	.5138873	.2156702	.26182	.008622506
532.15	0	.5141568	.2150884	.2615008	.0092541
531.15	0	.5144242	.2145094	.2611827	.009883756
530.15	0	.5146898	.2139332	.2608656	.01051149
529.15	0	.5149535	.2133597	.2605495	.01113733
528.15	0	.5152153	.212789	.2602344	.01176128
527.15	0	.5154753	.2122209	.2599204	.01238337
526.15	0	.5157335	.2116555	.2596073	.01300362
525.15	0	.51599	.2110928	.2592953	.01362203
524.15	0	.5162446	.2105326	.2589842	.01423863
523.15	0	.5164975	.2099749	.2586741	.01485344
522.15	0	.5167488	.2094198	.2583649	.01546647
521.15	0	.5169983	.2088672	.2580567	.01607773
520.15	0	.5172462	.208317	.2577495	.01668725
519.15	0	.5174925	.2077693	.2574432	.01729505
518.15	0	.5177371	.2072239	.2571378	.01790113
517.15	0	.5179802	.2066809	.2568334	.01850551
516.15	0	.5182217	.2061402	.2565299	.01910822
515.15	0	.5184616	.2056019	.2562272	.01970926
514.15	0	.5187001	.2050658	.2559255	.02030865
513.15	0	.518937	.2045319	.2556247	.02090641
512.15	0	.5191724	.2040003	.2553247	.02150255
511.15	0	.5194064	.2034708	.2550257	.02209708
510.15	0	.519639	.2029435	.2547275	.02269003
509.15	0	.5198701	.2024184	.2544301	.0232814
508.15	0	.5200998	.2018953	.2541337	.02387122
507.15	0	.5203282	.2013743	.253838	.02445948
506.15	0	.5205552	.2008554	.2535432	.02504622
505.15	0	.5207808	.2003385	.2532493	.02563144
504.15	0	.5210051	.1998235	.2529562	.02621516
503.15	0	.5212282	.1993106	.2526639	.02679739
502.15	0	.5214499	.1987996	.2523724	.02737814
501.15	0	.5216704	.1982905	.2520817	.02795743
500.15	0	.5218896	.1977833	.2517918	.02853528
499.15	0	.5221076	.197278	.2515028	.02911169
498.15	0	.5223243	.1967745	.2512145	.02968667
497.15	0	.5225399	.1962728	.250927	.03026025
496.15	0	.5227543	.195773	.2506403	.03083243
495.15	0	.5229676	.1952749	.2503543	.03140323
494.15	0	.5231797	.1947786	.2500691	.03197265
493.15	0	.5233906	.194284	.2497847	.03254072
492.15	0	.5236005	.1937911	.249501	.03310744
491.15	0	.5238092	.1932999	.2492181	.03367283
490.15	0	.524017	.1928103	.2489358	.03423692
489.15	0	.5242236	.1923224	.2486543	.03479968
488.15	0	.5244292	.1918361	.2483736	.03536114
487.15	0	.5246337	.1913514	.2480936	.03592131
486.15	0	.5248372	.1908683	.2478144	.0364802
485.15	0	.5250396	.1903867	.2475358	.03703784
484.15	0	.5252411	.1899067	.247258	.03759422
483.15	0	.5254416	.1894282	.2469808	.03814936
482.15	0	.5256412	.1889512	.2467044	.03870327
481.15	0	.5258398	.1884756	.2464286	.03925596
480.15	0	.5260375	.1880015	.2461536	.03980744
479.15	0	.5262342	.1875289	.2458792	.04035773
478.15	0	.52643	.1870576	.2456055	.04090683
477.15	0	.5266249	.1865878	.2453325	.04145476
476.15	0	.526819	.1861193	.2450601	.04200152
475.15	0	.5270122	.1856522	.2447884	.04254713
474.15	0	.5272045	.1851865	.2445174	.04309159
473.15	0	.527396	.1847221	.2442471	.04363492
472.15	0	.5275866	.1842589	.2439773	.04417712
471.15	0	.5277764	.1837971	.2437083	.04471821
470.15	0	.5279654	.1833365	.2434399	.0452582
469.15	0	.5281537	.1828772	.2431721	.04579709
468.15	0	.5283411	.1824191	.2429049	.0463349
467.15	0	.5285278	.1819622	.2426384	.04687164
466.15	0	.5287137	.1815066	.2423725	.0474073
465.15	0	.5288988	.1810521	.2421072	.04794192
464.15	0	.5290832	.1805988	.2418425	.04847548
463.15	0	.5292669	.1801466	.2415785	.04900801
462.15	0	.5294498	.1796956	.241315	.04953951
461.15	0	.5296321	.1792457	.2410522	.05007
460.15	0	.5298137	.1787969	.2407899	.05059947
459.15	0	.5299945	.1783492	.2405283	.05112794
458.15	0	.5301748	.1779026	.2402673	.05165542
457.15	0	.5303543	.177457	.2400068	.05218192
456.15	0	.5305332	.1770125	.2397469	.05270744
