T	 BPW(LIQUID)	BPW(BCC_A2)	BPW(FCC_A1)	BPW(LAVES_PHASE_C14)	BPW(NI3TI)
1473.15	0	.4433343	.5566657	0	0
1472.15	0	.4410078	.5589923	0	0
1471.15	0	.4386889	.5613111	0	0
1470.15	0	.4363777	.5636223	0	0
1469.15	0	.4340743	.5659257	0	0
1468.15	0	.4317785	.5682215	0	0
1467.15	0	.4294904	.5705096	0	0
1466.15	0	.42721	.57279	0	0
1465.15	0	.4249372	.5750628	0	0
1464.15	0	.4226721	.5773279	0	0
1463.15	0	.4204146	.5795854	0	0
1462.15	0	.4181647	.5818353	0	0
1461.15	0	.4159225	.5840775	0	0
1460.15	0	.4136879	.5863121	0	0
1459.15	0	.4114609	.5885391	0	0
1458.15	0	.4092414	.5907586	0	0
1457.15	0	.4070296	.5929704	0	0
1456.15	0	.4048253	.5951747	0	0
1455.15	0	.4026286	.5973714	0	0
1454.15	0	.4004395	.5995605	0	0
1453.15	0	.3982579	.6017421	0	0
1452.15	0	.3960838	.6039162	0	0
1451.15	0	.3939173	.6060827	0	0
1450.15	0	.3917583	.6082417	0	0
1449.15	0	.3896069	.6103931	0	0
1448.15	0	.3874629	.6125371	0	0
1447.15	0	.3853265	.6146735	0	0
1446.15	0	.3831975	.6168025	0	0
1445.15	0	.3810761	.6189239	0	0
1444.15	0	.3789621	.6210379	0	0
1443.15	0	.3768556	.6231444	0	0
1442.15	0	.3747566	.6252434	0	0
1441.15	0	.3726651	.6273349	0	0
1440.15	0	.370581	.629419	0	0
1439.15	0	.3685043	.6314957	0	0
1438.15	0	.3664352	.6335648	0	0
1437.15	0	.3643734	.6356266	0	0
1436.15	0	.3623191	.6376809	0	0
1435.15	0	.3602722	.6397278	0	0
1434.15	0	.3582328	.6417672	0	0
1433.15	0	.3562008	.6437993	0	0
1432.15	0	.3541761	.6458239	0	0
1431.15	0	.352159	.6478411	0	0
1430.15	0	.3501492	.6498508	0	0
1429.15	0	.3481468	.6518532	0	0
1428.15	0	.3461518	.6538482	0	0
1427.15	0	.3441642	.6558358	0	0
1426.15	0	.342184	.657816	0	0
1425.15	0	.3402112	.6597888	0	0
1424.15	0	.3382458	.6617542	0	0
1423.15	0	.3362877	.6637123	0	0
1422.15	0	.3343371	.6656629	0	0
1421.15	0	.3323938	.6676062	0	0
1420.15	0	.3304579	.6695421	0	0
1419.15	0	.3285293	.6714707	0	0
1418.15	0	.3266081	.6733919	0	0
1417.15	0	.3246943	.6753057	0	0
1416.15	0	.3227878	.6772122	0	0
1415.15	0	.3208887	.6791113	0	0
1414.15	0	.318997	.681003	0	0
1413.15	0	.3171126	.6828874	0	0
1412.15	0	.3152356	.6847644	0	0
1411.15	0	.3133659	.6866341	0	0
1410.15	0	.3115036	.6884964	0	0
1409.15	0	.3096486	.6903514	0	0
1408.15	0	.3078009	.6921991	0	0
1407.15	0	.3059607	.6940393	0	0
1406.15	0	.3041277	.6958723	0	0
1405.15	0	.3023021	.6976979	0	0
1404.15	0	.3004839	.6995161	0	0
1403.15	0	.298673	.701327	0	0
1402.15	0	.2968694	.7031306	0	0
1401.15	0	.2950732	.7049268	0	0
1400.15	0	.2932844	.7067157	0	0
1399.15	0	.2915028	.7084972	0	0
1398.15	0	.2897287	.7102713	0	0
1397.15	0	.2879618	.7120382	0	0
1396.15	0	.2862024	.7137976	0	0
1395.15	0	.2844502	.7155498	0	0
1394.15	0	.2827055	.7172945	0	0
1393.15	0	.280968	.719032	0	0
1392.15	0	.279238	.720762	0	0
1391.15	0	.2775153	.7224847	0	0
1390.15	0	.2757999	.7242001	0	0
1389.15	0	.2740919	.7259081	0	0
1388.15	0	.2723913	.7276087	0	0
1387.15	0	.270698	.729302	0	0
1386.15	0	.2690121	.7309879	0	0
1385.15	0	.2673336	.7326664	0	0
1384.15	0	.2656624	.7343376	0	0
1383.15	0	.2639986	.7360014	0	0
1382.15	0	.2623422	.7376578	0	0
1381.15	0	.2606932	.7393068	0	0
1380.15	0	.2590515	.7409485	0	0
1379.15	0	.2574173	.7425827	0	0
1378.15	0	.2557904	.7442096	0	0
1377.15	0	.254171	.745829	0	0
1376.15	0	.2525589	.7474411	0	0
1375.15	0	.2509542	.7490458	0	0
1374.15	0	.249357	.750643	0	0
1373.15	0	.2477672	.7522328	0	0
1372.15	0	.2461847	.7538153	0	0
1371.15	0	.2446098	.7553903	0	0
1370.15	0	.2430422	.7569578	0	0
1369.15	0	.2414821	.7585179	0	0
1368.15	0	.2399294	.7600706	0	0
1367.15	0	.2383841	.7616159	0	0
1366.15	0	.2368463	.7631537	0	0
1365.15	0	.235316	.764684	0	0
1364.15	0	.2337932	.7662068	0	0
1363.15	0	.2322778	.7677222	0	0
1362.15	0	.2307698	.7692302	0	0
1361.15	0	.2292694	.7707306	0	0
1360.15	0	.2277765	.7722235	0	0
1359.15	0	.226291	.773709	0	0
1358.15	0	.2248131	.7751869	0	0
1357.15	0	.2233427	.7766574	0	0
1356.15	0	.2218798	.7781203	0	0
1355.15	0	.2204244	.7795756	0	0
1354.15	0	.2189765	.7810235	0	0
1353.15	0	.2175362	.7824638	0	0
1352.15	0	.2161035	.7838965	0	0
1351.15	0	.2146783	.7853217	0	0
1350.15	0	.2132607	.7867393	0	0
1349.15	0	.2118506	.7881494	0	0
1348.15	0	.2104482	.7895518	0	0
1347.15	0	.2090533	.7909467	0	0
1346.15	0	.2076661	.7923339	0	0
1345.15	0	.2062864	.7937136	0	0
1344.15	0	.2049144	.7950856	0	0
1343.15	0	.2035501	.7964499	0	0
1342.15	0	.2021933	.7978067	0	0
1341.15	0	.2008443	.7991558	0	0
1340.15	0	.1995028	.8004972	0	0
1339.15	0	.1981691	.8018309	0	0
1338.15	0	.1968431	.8031569	0	0
1337.15	0	.1955247	.8044753	0	0
1336.15	0	.1942141	.8057859	0	0
1335.15	0	.1929111	.8070889	0	0
1334.15	0	.1916159	.8083841	0	0
1333.15	0	.1903285	.8096715	0	0
1332.15	0	.1890488	.8109512	0	0
1331.15	0	.1877769	.8122231	0	0
1330.15	0	.1865127	.8134873	0	0
1329.15	0	.1852564	.8147436	0	0
1328.15	0	.1840078	.8159922	0	0
1327.15	0	.1827671	.8172329	0	0
1326.15	0	.1815342	.8184658	0	0
1325.15	0	.1803091	.8196909	0	0
1324.15	0	.1790919	.8209081	0	0
1323.15	0	.1778825	.8221175	0	0
1322.15	0	.1766811	.8233189	0	0
1321.15	0	.1754875	.8245125	0	0
1320.15	0	.1743019	.8256981	0	0
1319.15	0	.1731241	.8268759	0	0
1318.15	0	.1719544	.8280456	0	0
1317.15	0	.1707925	.8292075	0	0
1316.15	0	.1696387	.8303614	0	0
1315.15	0	.1684928	.8315072	0	0
1314.15	0	.1673549	.8326451	0	0
1313.15	0	.166225	.833775	0	0
1312.15	0	.1651032	.8348968	0	0
1311.15	0	.1639894	.8360106	0	0
1310.15	0	.1628836	.8371164	0	0
1309.15	0	.161786	.838214	0	0
1308.15	0	.1606964	.8393036	0	0
1307.15	0	.1596149	.8403851	0	0
1306.15	0	.1585416	.8414584	0	0
1305.15	0	.1574764	.8425236	0	0
1304.15	0	.1564194	.8435806	0	0
1303.15	0	.1553705	.8446295	0	0
1302.15	0	.1543299	.8456701	0	0
1301.15	0	.1532974	.8467026	0	0
1300.15	0	.1522732	.8477268	0	0
1299.15	0	.1512572	.8487428	0	0
1298.15	0	.1502495	.8497505	0	0
1297.15	0	.1492501	.8507499	0	0
1296.15	0	.1482589	.8517411	0	0
1295.15	0	.1472761	.8527239	0	0
1294.15	0	.1463017	.8536984	0	0
1293.15	0	.1453355	.8546645	0	0
1292.15	0	.1443778	.8556222	0	0
1291.15	0	.1434285	.8565715	0	0
1290.15	0	.1424875	.8575125	0	0
1289.15	0	.141555	.8584449	0	0
1288.15	0	.140631	.859369	0	0
1287.15	0	.1397155	.8602845	0	0
1286.15	0	.1388084	.8611916	0	0
1285.15	0	.1379099	.8620901	0	0
1284.15	0	.1370198	.8629801	0	0
1283.15	0	.1361384	.8638616	0	0
1282.15	0	.1352655	.8647345	0	0
1281.15	0	.1344012	.8655988	0	0
1280.15	0	.1335456	.8664544	0	0
1279.15	0	.1326986	.8673014	0	0
1278.15	0	.1318603	.8681397	0	0
1277.15	0	.1310306	.8689694	0	0
1276.15	0	.1302097	.8697903	0	0
1275.15	0	.1293974	.8706026	0	0
1274.15	0	.128594	.871406	0	0
1273.15	0	.1277993	.8722007	0	0
1272.15	0	.1270134	.8729866	0	0
1271.15	0	.1262364	.8737636	0	0
1270.15	0	.1254682	.8745318	0	0
1269.15	0	.1247088	.8752912	0	0
1268.15	0	.1239584	.8760416	0	0
1267.15	0	.1232168	.8767832	0	0
1266.15	0	.1224842	.8775158	0	0
1265.15	0	.1217606	.8782394	0	0
1264.15	0	.121046	.878954	0	0
1263.15	0	.1203404	.8796596	0	0
1262.15	0	.1196438	.8803562	0	0
1261.15	0	.1189563	.8810437	0	0
1260.15	0	.1182778	.8817222	0	0
1259.15	0	.1176085	.8823915	0	0
1258.15	0	.1169484	.8830516	0	0
1257.15	0	.1162974	.8837026	0	0
1256.15	0	.1156556	.8843445	0	0
1255.15	0	.115023	.884977	0	0
1254.15	0	.1143996	.8856004	0	0
1253.15	0	.1137855	.8862145	0	0
1252.15	0	.1131808	.8868192	0	0
1251.15	0	.1125853	.8874147	0	0
1250.15	0	.1119992	.8880008	0	0
1249.15	0	.1114225	.8885775	0	0
1248.56	0	.1110868	.8889132	0	0
1248.56	0	.1110868	.8889132	0	0
1248.56	0	.1110868	.8889132	0	0
1248.15	0	.1102742	.8895614	1.644707E-04	0
1247.15	0	.1083028	.891133	5.642531E-04	0
1246.15	0	.1063449	.8926927	9.62431E-04	0
1245.15	0	.1044005	.8942404	.001359009	0
1244.15	0	.1024698	.8957762	.00175399	0
1243.15	0	.1005528	.8972998	.002147378	0
1242.15	0	.09864945	.8988114	.002539179	0
1241.15	0	.09675989	.9003107	.002929394	0
1240.15	0	.09488416	.9017978	.003318029	0
1239.15	0	.09302232	.9032726	.003705088	0
1238.15	0	.09117442	.904735	.004090574	0
1237.15	0	.08934053	.906185	.00447449	0
1236.15	0	.08752069	.9076225	.004856842	0
1235.15	0	.08571498	.9090474	.005237632	0
1234.15	0	.08392345	.9104597	.005616865	0
1233.15	0	.08214616	.9118593	.005994544	0
1232.15	0	.08038317	.9132462	.006370673	0
1231.15	0	.07863455	.9146202	.006745256	0
1230.15	0	.07690035	.9159814	.007118297	0
1229.15	0	.07518065	.9173296	.007489798	0
1228.15	0	.0734755	.9186647	.007859764	0
1227.15	0	.07178497	.9199868	.008228199	0
1226.15	0	.07010913	.9212958	.008595106	0
1225.15	0	.06844804	.9225915	.008960489	0
1224.15	0	.06680177	.9238739	.009324351	0
1223.15	0	.06517038	.9251429	.009686696	0
1222.15	0	.06355395	.9263985	.01004753	0
1221.15	0	.06195254	.9276406	.01040685	0
1220.15	0	.06036622	.9288691	.01076466	0
1219.15	0	.05879507	.930084	.01112098	0
1218.15	0	.05723915	.9312851	.01147579	0
1217.15	0	.05569853	.9324724	.01182911	0
1216.15	0	.05417329	.9336458	.01218093	0
1215.15	0	.0526635	.9348052	.01253127	0
1214.15	0	.05116923	.9359507	.01288012	0
1213.15	0	.04969056	.937082	.01322749	0
1212.15	0	.04822755	.9381991	.01357338	0
1211.15	0	.0467803	.9393019	.0139178	0
1210.15	0	.04534886	.9403904	.01426074	0
1209.15	0	.04393333	.9414645	.01460222	0
1208.15	0	.04253377	.942524	.01494223	0
1207.15	0	.04115026	.943569	.01528078	0
1206.15	0	.03978288	.9445992	.01561787	0
1205.15	0	.03843171	.9456148	.01595351	0
1204.15	0	.03709684	.9466155	.0162877	0
1203.15	0	.03577833	.9476012	.01662044	0
1202.15	0	.03447627	.948572	.01695173	0
1201.15	0	.03319074	.9495277	.01728159	0
1200.15	0	.03192182	.9504682	.01761	0
1199.15	0	.0306696	.9513934	.01793699	0
1198.15	0	.02943416	.9523033	.01826254	0
1197.15	0	.02821557	.9531978	.01858666	0
1196.15	0	.02701394	.9540767	.01890936	0
1195.15	0	.02582933	.95494	.01923064	0
1194.15	0	.02466183	.9557877	.0195505	0
1193.15	0	.02351153	.9566195	.01986895	0
1192.15	0	.02237852	.9574355	.02018599	0
1191.15	0	.02126288	.9582355	.02050162	0
1190.15	0	.02016469	.9590195	.02081584	0
1189.15	0	.01908405	.9597873	.02112867	0
1188.15	0	.01802104	.9605389	.02144009	0
1187.15	0	.01697576	.9612741	.02175013	0
1186.15	0	.01594828	.9619929	.02205877	0
1185.15	0	.01493869	.9626953	.02236603	0
1184.15	0	.0139471	.963381	.0226719	0
1183.15	0	.01297358	.96405	.02297639	0
1182.15	0	.01201822	.9647023	.0232795	0
1181.15	0	.01108112	.9653376	.02358125	0
1180.15	0	.01016237	.965956	.02388162	0
1179.15	0	.009262055	.9665573	.02418062	0
1178.15	0	.008380267	.9671415	.02447826	0
1177.15	0	.007517098	.9677084	.02477454	0
1176.15	0	.00667264	.9682579	.02506947	0
1175.15	0	.005846985	.96879	.02536304	0
1174.15	0	.005040224	.9693045	.02565527	0
1173.15	0	.004252449	.9698014	.02594614	0
1172.15	0	.003483754	.9702806	.02623568	0
1171.15	0	.00273423	.9707419	.02652387	0
1170.15	0	.00200397	.9711853	.02681074	0
1169.15	0	.001293067	.9716107	.02709627	0
1168.15	0	6.016126E-04	.9720179	.02738047	0
1167.256	0	0	.9723666	.02763342	0
1167.256	0	0	.9723666	.02763342	0
1167.15	0	0	.9723389	.02766113	0
1166.15	0	0	.9720778	.02792223	0
1165.15	0	0	.9718172	.02818275	0
1164.15	0	0	.9715573	.0284427	0
1163.15	0	0	.9712979	.02870207	0
1162.15	0	0	.9710391	.02896087	0
1161.15	0	0	.9707809	.0292191	0
1160.15	0	0	.9705232	.02947676	0
1159.15	0	0	.9702662	.02973384	0
1158.15	0	0	.9700096	.02999036	0
1157.15	0	0	.9697537	.0302463	0
1156.15	0	0	.9694983	.03050168	0
1155.15	0	0	.9692435	.03075649	0
1154.15	0	0	.9689893	.03101073	0
1153.15	0	0	.9687356	.03126441	0
1152.15	0	0	.9684825	.03151751	0
1151.15	0	0	.96823	.03177005	0
1150.15	0	0	.967978	.03202203	0
1149.15	0	0	.9677266	.03227344	0
1148.15	0	0	.9674757	.03252428	0
1147.15	0	0	.9672254	.03277456	0
1146.15	0	0	.9669757	.03302428	0
1145.15	0	0	.9667266	.03327344	0
1144.15	0	0	.966478	.03352203	0
1143.15	0	0	.9662299	.03377007	0
1142.15	0	0	.9659825	.03401754	0
1141.15	0	0	.9657355	.03426445	0
1140.15	0	0	.9654892	.03451081	0
1139.15	0	0	.9652434	.0347566	0
1138.15	0	0	.9649982	.03500184	0
1137.15	0	0	.9647535	.03524652	0
1136.15	0	0	.9645094	.03549064	0
1135.15	0	0	.9642658	.0357342	0
1134.15	0	0	.9640228	.03597721	0
1133.15	0	0	.9637803	.03621967	0
1132.15	0	0	.9635384	.03646157	0
1131.15	0	0	.9632971	.03670291	0
1130.15	0	0	.9630563	.0369437	0
1129.15	0	0	.9628161	.03718394	0
1128.15	0	0	.9625764	.03742362	0
1127.15	0	0	.9623372	.03766276	0
1126.15	0	0	.9620987	.03790134	0
1125.15	0	0	.9618606	.03813937	0
1124.15	0	0	.9616231	.03837685	0
1123.15	0	0	.9613862	.03861378	0
1122.15	0	0	.9611498	.03885016	0
1121.15	0	0	.960914	.039086	0
1120.15	0	0	.9606787	.03932128	0
1119.15	0	0	.960444	.03955602	0
1118.15	0	0	.9602098	.03979021	0
1117.15	0	0	.9599761	.04002386	0
1116.15	0	0	.959743	.04025696	0
1115.15	0	0	.9595105	.04048951	0
1114.15	0	0	.9592785	.04072152	0
1113.15	0	0	.959047	.04095298	0
1112.15	0	0	.9588161	.0411839	0
1111.15	0	0	.9585857	.04141428	0
1110.15	0	0	.9583559	.04164412	0
1109.15	0	0	.9581266	.04187341	0
1108.15	0	0	.9578978	.04210216	0
1107.15	0	0	.9576696	.04233037	0
1106.15	0	0	.957442	.04255804	0
1105.262	0	0	.9572403	.04275966	0
1105.262	0	0	.9572403	.04275966	0
1105.262	0	0	.9572403	.04275966	0
1105.15	0	8.024581E-05	.9571367	.0427831	0
1104.15	0	8.072635E-04	.9562017	.04299104	0
1103.15	0	.001558432	.9552436	.04319795	0
1102.15	0	.002333776	.9542624	.04340384	0
1101.15	0	.003133316	.953258	.04360871	0
1100.15	0	.003957072	.9522304	.04381257	0
1099.15	0	.004805061	.9511795	.04401542	0
1098.15	0	.005677296	.9501054	.04421727	0
1097.15	0	.00657379	.9490081	.04441813	0
1096.15	0	.00749455	.9478875	.044618	0
1095.15	0	.008439585	.9467435	.04481689	0
1094.15	0	.009408897	.9455763	.04501481	0
1093.15	0	.01040249	.9443858	.04521176	0
1092.15	0	.01142036	.9431719	.04540774	0
1091.15	0	.0124625	.9419347	.04560277	0
1090.15	0	.0135289	.9406743	.04579685	0
1089.15	0	.01461956	.9393905	.04598998	0
1088.15	0	.01573446	.9380834	.04618218	0
1087.15	0	.01687359	.936753	.04637345	0
1086.15	0	.01805946	.935377	.04656358	0
1085.15	0	.01924729	.9339997	.046753	0
1084.15	0	.02045929	.9325992	.04694151	0
1083.15	0	.02169543	.9311755	.04712912	0
1082.15	0	.02295568	.9297285	.04731582	0
1081.15	0	.02424001	.9282584	.04750164	0
1080.15	0	.02554838	.9267651	.04768657	0
1079.15	0	.02688075	.9252486	.04787062	0
1078.15	0	.02823708	.9237091	.04805379	0
1077.15	0	.02961732	.9221466	.0482361	0
1076.15	0	.03102142	.920561	.04841756	0
1075.15	0	.03244933	.9189525	.04859815	0
1074.15	0	.03390099	.9173211	.04877791	0
1073.15	0	.03537635	.9156668	.04895682	0
1072.15	0	.03687535	.9139898	.0491349	0
1071.15	0	.03839791	.9122899	.04931215	0
1070.15	0	.03994397	.9105674	.04948859	0
1069.15	0	.04151346	.9088223	.04966421	0
1068.15	0	.04310631	.9070547	.04983902	0
1067.15	0	.04472243	.9052645	.05001304	0
1066.15	0	.04636174	.903452	.05018626	0
1065.15	0	.04802415	.9016172	.05035869	0
1064.15	0	.04970959	.8997601	.05053035	0
1063.15	0	.05141796	.8978808	.05070123	0
1062.15	0	.05314916	.8959795	.05087134	0
1061.15	0	.0549031	.8940562	.0510407	0
1060.15	0	.05667967	.892111	.0512093	0
1059.15	0	.05847877	.8901441	.05137715	0
1058.15	0	.06030029	.8881555	.05154426	0
1057.15	0	.06214412	.8861452	.05171064	0
1056.15	0	.06401015	.8841136	.05187629	0
1055.15	0	.06589825	.8820605	.05204122	0
1054.15	0	.06780831	.8799862	.05220544	0
1053.15	0	.06974021	.8778909	.05236894	0
1052.15	0	.07169381	.8757744	.05253175	0
1051.15	0	.07366898	.8736372	.05269385	0
1050.15	0	.0756656	.8714791	.05285527	0
1049.15	0	.07768352	.8693005	.053016	0
1048.15	0	.0797226	.8671013	.05317606	0
1047.15	0	.08178271	.8648819	.05333545	0
1046.15	0	.08386368	.8626421	.05349417	0
1045.15	0	.08596538	.8603824	.05365223	0
1044.15	0	.08808766	.8581027	.05380963	0
1043.15	0	.09023035	.8558033	.05396639	0
1042.15	0	.09239329	.8534842	.05412251	0
1041.15	0	.09457633	.8511457	.05427799	0
1040.15	0	.09677931	.8487878	.05443285	0
1039.15	0	.09900205	.8464109	.05458707	0
1038.15	0	.1012444	.8440149	.05474068	0
1037.15	0	.1035061	.8416002	.05489368	0
1036.15	0	.1057871	.8391668	.05504607	0
1035.15	0	.1080872	.836715	.05519785	0
1034.15	0	.1104061	.8342448	.05534904	0
1033.15	0	.1127438	.8317566	.05549963	0
1032.15	0	.1151	.8292504	.05564964	0
1031.15	0	.1174744	.8267265	.05579907	0
1030.15	0	.1198671	.824185	.05594792	0
1029.15	0	.1222776	.8216262	.05609619	0
1028.15	0	.1247059	.8190502	.0562439	0
1027.15	0	.1271518	.8164572	.05639105	0
1026.15	0	.1296149	.8138474	.05653763	0
1025.15	0	.1320952	.8112211	.05668367	0
1024.15	0	.1345925	.8085784	.05682915	0
1023.15	0	.1371065	.8059195	.05697409	0
1022.15	0	.1396369	.8032446	.05711848	0
1021.15	0	.1421837	.800554	.05726234	0
1020.15	0	.1447466	.7978478	.05740566	0
1019.15	0	.1473253	.7951263	.05754846	0
1018.15	0	.1499196	.7923897	.05769072	0
1017.15	0	.1525294	.7896381	.05783247	0
1016.15	0	.1551544	.7868719	.05797369	0
1015.15	0	.1577944	.7840912	.0581144	0
1014.15	0	.1604491	.7812963	.05825459	0
1013.15	0	.1631183	.7784874	.05839427	0
1012.15	0	.1658019	.7756647	.05853345	0
1011.15	0	.1684995	.7728284	.05867212	0
1010.15	0	.1712109	.7699788	.05881028	0
1009.15	0	.1739359	.7671162	.05894795	0
1008.15	0	.1766743	.7642406	.05908511	0
1007.15	0	.1794258	.7613525	.05922178	0
1006.15	0	.1821901	.7584519	.05935796	0
1005.15	0	.1849671	.7555392	.05949364	0
1004.15	0	.1877565	.7526146	.05962883	0
1003.15	0	.1905581	.7496784	.05976353	0
1002.15	0	.1933716	.7467307	.05989774	0
1001.15	0	.1961968	.7437718	.06003146	0
1000.15	0	.1990333	.740802	.0601647	0
999.15	0	.2018811	.7378215	.06029745	0
998.15	0	.2047398	.7348305	.06042971	0
997.15	0	.2076091	.7318294	.06056148	0
996.15	0	.2104889	.7288183	.06069277	0
995.15	0	.2133789	.7257975	.06082357	0
994.15	0	.2162788	.7227673	.06095388	0
993.15	0	.2191884	.7197279	.0610837	0
992.15	0	.2221074	.7166795	.06121304	0
991.15	0	.2250356	.7136225	.06134188	0
990.15	0	.2279727	.710557	.06147023	0
989.15	0	.2309185	.7074834	.06159809	0
988.15	0	.2338728	.7044018	.06172545	0
987.15	0	.2368351	.7013126	.06185232	0
986.15	0	.2398054	.6982159	.06197869	0
985.15	0	.2427833	.6951121	.06210455	0
984.15	0	.2457687	.6920014	.06222991	0
983.15	0	.2487612	.6888841	.06235475	0
982.15	0	.2517606	.6857604	.06247909	0
981.15	0	.2547666	.6826305	.06260291	0
980.15	0	.257779	.6794948	.06272621	0
979.15	0	.2607975	.6763535	.06284899	0
978.15	0	.2638219	.6732069	.06297123	0
977.15	0	.2668519	.6700552	.06309294	0
976.15	0	.2698813	.6669041	.06321464	0
975.15	0	.2728258	.6638299	.06334435	0
974.15	0	.2757971	.6607303	.06347258	0
973.15	0	.2787936	.6576071	.06359937	0
972.15	0	.2818135	.6544618	.06372473	0
971.15	0	.2848553	.651296	.0638487	0
970.15	0	.2879174	.6481113	.06397127	0
969.15	0	.2909985	.644909	.06409249	0
968.15	0	.294097	.6416907	.06421235	0
967.15	0	.2972116	.6384576	.06433087	0
966.15	0	.3003408	.6352111	.06444808	0
965.15	0	.3034836	.6319524	.06456398	0
964.15	0	.3066385	.6286829	.06467858	0
963.15	0	.3098044	.6254037	.0647919	0
962.15	0	.3129801	.6221159	.06490393	0
961.15	0	.3161646	.6188207	.0650147	0
960.15	0	.3193566	.6155192	.06512421	0
959.15	0	.3225552	.6122123	.06523246	0
958.15	0	.3257593	.6089012	.06533946	0
957.15	0	.3289681	.6055867	.06544522	0
956.15	0	.3321804	.6022698	.06554974	0
955.15	0	.3353955	.5989515	.06565302	0
954.15	0	.3386124	.5956325	.06575507	0
953.15	0	.3418303	.5923138	.06585589	0
952.15	0	.3450484	.5889961	.06595549	0
951.15	0	.3482659	.5856803	.06605386	0
950.15	0	.351482	.582367	.066151	0
949.15	0	.354696	.5790571	.06624692	0
948.15	0	.3579072	.5757512	.06634161	0
947.15	0	.361115	.5724499	.06643508	0
946.15	0	.3643186	.5691541	.06652733	0
945.15	0	.3675175	.5658642	.06661835	0
944.15	0	.370711	.5625809	.06670814	0
943.15	0	.3738986	.5593047	.06679671	0
942.15	0	.3770796	.5560363	.06688405	0
941.15	0	.3802536	.5527762	.06697016	0
940.15	0	.3834201	.5495249	.06705503	0
939.15	0	.3865785	.5462828	.06713867	0
938.15	0	.3897284	.5430506	.06722107	0
937.15	0	.3928692	.5398286	.06730223	0
936.15	0	.3960006	.5366172	.06738215	0
935.15	0	.3991222	.533417	.06746082	0
934.15	0	.4022335	.5302283	.06753824	0
933.15	0	.4053341	.5270515	.06761441	0
932.15	0	.4084237	.523887	.06768933	0
931.15	0	.4115019	.5207352	.06776298	0
930.15	0	.4145683	.5175963	.06783537	0
929.15	0	.4176227	.5144708	.0679065	0
928.15	0	.4206646	.511359	.06797635	0
927.15	0	.4236939	.5082612	.06804494	0
926.15	0	.4267102	.5051776	.06811224	0
925.15	0	.4297131	.5021086	.06817827	0
924.15	0	.4327026	.4990544	.068243	0
923.15	0	.4356782	.4960153	.06830646	0
922.15	0	.4386398	.4929915	.06836862	0
921.15	0	.4415872	.4899834	.06842948	0
920.15	0	.44452	.486991	.06848905	0
919.15	0	.447438	.4840146	.06854731	0
918.15	0	.4503412	.4810545	.06860427	0
917.15	0	.4532292	.4781109	.06865992	0
916.15	0	.4561019	.4751838	.06871426	0
915.15	0	.4589591	.4722736	.06876728	0
914.15	0	.4618006	.4693804	.06881898	0
913.15	0	.4646263	.4665043	.06886936	0
912.15	0	.467436	.4636456	.06891842	0
911.15	0	.4702295	.4608044	.06896615	0
910.15	0	.4730067	.4579807	.06901255	0
909.15	0	.4757675	.4551749	.06905761	0
908.15	0	.4785117	.452387	.06910135	0
907.15	0	.4812392	.4496171	.06914374	0
906.15	0	.4839499	.4468653	.0691848	0
905.15	0	.4866436	.4441319	.06922452	0
904.15	0	.4893203	.4414168	.0692629	0
903.15	0	.4919798	.4387202	.06929994	0
902.15	0	.4946221	.4360423	.06933564	0
901.15	0	.497247	.433383	.06936999	0
900.15	0	.4998544	.4307426	.069403	0
899.15	0	.5024443	.428121	.06943466	0
898.15	0	.5050166	.4255185	.06946498	0
897.15	0	.5075711	.422935	.06949396	0
896.15	0	.5101078	.4203706	.06952159	0
895.15	0	.5126267	.4178255	.06954789	0
894.15	0	.5151276	.4152996	.06957284	0
893.15	0	.5176104	.4127931	.06959646	0
892.15	0	.5200752	.410306	.06961874	0
891.15	0	.5225219	.4078385	.06963968	0
890.15	0	.5249503	.4053904	.0696593	0
889.15	0	.5273604	.402962	.06967759	0
888.15	0	.5297522	.4005533	.06969455	0
887.15	0	.5321256	.3981642	.0697102	0
886.15	0	.5344806	.3957949	.06972453	0
885.15	0	.5368171	.3934454	.06973755	0
884.15	0	.539135	.3911157	.06974927	0
883.15	0	.5414343	.388806	.06975969	0
882.15	0	.5437151	.3865161	.06976881	0
881.15	0	.5459771	.3842463	.06977665	0
880.15	0	.5482204	.3819963	.0697832	0
879.15	0	.550445	.3797665	.06978849	0
878.15	0	.5526509	.3775566	.06979251	0
877.15	0	.5548379	.3753668	.06979527	0
876.15	0	.5570061	.3731971	.06979679	0
875.15	0	.5591554	.3710475	.06979706	0
874.15	0	.5612858	.3689181	.06979611	0
873.15	0	.5633974	.3668087	.06979394	0
872.15	0	.56549	.3647195	.06979056	0
871.15	0	.5675636	.3626504	.06978598	0
870.15	0	.5696184	.3606014	.06978022	0
869.15	0	.5716541	.3585726	.06977327	0
868.15	0	.5736709	.3565639	.06976517	0
867.15	0	.5756687	.3545754	.06975591	0
866.15	0	.5776476	.3526069	.06974552	0
865.15	0	.5796075	.3506585	.06973399	0
864.15	0	.5815484	.3487302	.06972136	0
863.15	0	.5834704	.346822	.06970762	0
862.15	0	.5853735	.3449337	.0696928	0
861.15	0	.5872577	.3430654	.06967691	0
860.15	0	.5891229	.3412171	.06965996	0
859.15	0	.5909694	.3393887	.06964197	0
858.15	0	.5927969	.3375801	.06962295	0
857.15	0	.5946057	.3357913	.06960292	0
856.15	0	.5963958	.3340223	.0695819	0
855.15	0	.5981671	.332273	.06955989	0
854.15	0	.5999198	.3305433	.06953691	0
853.15	0	.6016538	.3288332	.06951299	0
852.15	0	.6033693	.3271426	.06948813	0
851.15	0	.6050663	.3254713	.06946235	0
850.15	0	.6067449	.3238194	.06943567	0
849.15	0	.6084051	.3221868	.0694081	0
848.15	0	.6100471	.3205733	.06937966	0
847.15	0	.6116708	.3189788	.06935036	0
846.15	0	.6132764	.3174033	.06932023	0
845.15	0	.614864	.3158467	.06928927	0
844.15	0	.6164337	.3143088	.06925751	0
843.15	0	.6179855	.3127896	.06922495	0
842.15	0	.6195196	.3112888	.06919162	0
841.15	0	.621036	.3098065	.06915752	0
840.15	0	.6225349	.3083424	.06912268	0
839.15	0	.6240165	.3068964	.06908711	0
838.6492	0	.6247519	.306179	.06906903	0
838.6492	0	.6247519	.306179	.06906903	0
838.6492	0	.6247519	.306179	.06906903	0
838.15	0	.6305511	.2992028	.06750134	.002744694
837.15	0	.6418404	.2855897	.06442306	.008146889
836.15	0	.6527085	.2724415	.0614251	.01342489
835.15	0	.6631752	.2597369	.05850422	.01858368
834.15	0	.6732588	.247456	.05565736	.02362792
833.15	0	.6829766	.2355798	.05288164	.02856204
832.15	0	.6923448	.2240907	.05017436	.03339016
831.15	0	.7013788	.212972	.04753296	.0381162
830.15	0	.710093	.2022081	.04495502	.04274385
829.15	0	.718501	.1917842	.04243826	.0472766
828.15	0	.7266155	.1816863	.0399805	.05171774
827.15	0	.7344488	.1719011	.03757972	.05607039
826.15	0	.7420122	.1624163	.03523395	.06033752
825.15	0	.7493167	.15322	.03294135	.06452192
824.15	0	.7563726	.144301	.03070018	.06862626
823.15	0	.7631895	.1356486	.02850877	.07265307
822.15	0	.7697768	.1272529	.02636553	.07660475
821.15	0	.7761432	.1191043	.02426894	.0804836
820.15	0	.7822971	.1111936	.02221757	.08429178
819.15	0	.7882464	.1035122	.02021005	.08803138
818.15	0	.7939986	.09605194	.01824506	.09170437
817.15	0	.799561	.08880495	.01632135	.09531266
816.15	0	.8049405	.08176377	.01443771	.09885804
815.15	0	.8101435	.07492129	.01259301	.1023422
814.15	0	.8151762	.0682707	.01078614	.1057669
813.15	0	.8200448	.06180552	.009016051	.1091337
812.15	0	.8247547	.05551957	.007281728	.112444
811.15	0	.8293116	.0494069	.005582205	.1156993
810.15	0	.8337205	.04346187	.003916549	.1189011
809.15	0	.8379865	.03767903	.002283864	.1220506
808.15	0	.8421144	.0320532	6.832904E-04	.1251491
807.717	0	.84386	.02966468	0	.1264753
807.717	0	.84386	.02966468	0	.1264753
807.15	0	.8439796	.02938147	0	.126639
806.15	0	.8441818	.02889634	0	.1269219
805.15	0	.8443732	.02842911	0	.1271977
804.15	0	.8445542	.02797927	0	.1274665
803.15	0	.8447251	.02754633	0	.1277286
802.15	0	.8448861	.02712981	0	.1279841
801.15	0	.8450377	.02672926	0	.1282331
800.15	0	.84518	.02634421	0	.1284758
799.15	0	.8453135	.02597424	0	.1287123
798.15	0	.8454382	.02561894	0	.1289429
797.15	0	.8455546	.02527787	0	.1291675
796.15	0	.8456628	.02495065	0	.1293865
795.15	0	.8457632	.02463689	0	.1295999
794.15	0	.8458559	.02433622	0	.1298079
793.15	0	.8459412	.02404826	0	.1300106
792.15	0	.8460193	.02377267	0	.1302081
791.15	0	.8460904	.0235091	0	.1304005
790.15	0	.8461547	.02325722	0	.1305881
789.15	0	.8462125	.0230167	0	.1307708
788.15	0	.846264	.02278723	0	.1309488
787.15	0	.8463092	.0225685	0	.1311223
786.15	0	.8463485	.02236022	0	.1312913
785.15	0	.846382	.02216209	0	.1314559
784.15	0	.8464098	.02197383	0	.1316164
783.15	0	.8464322	.02179518	0	.1317726
782.15	0	.8464493	.02162586	0	.1319249
781.15	0	.8464612	.02146563	0	.1320732
780.15	0	.8464681	.02131422	0	.1322177
779.15	0	.8464702	.0211714	0	.1323584
778.15	0	.8464676	.02103693	0	.1324955
777.15	0	.8464604	.02091058	0	.132629
776.15	0	.8464489	.02079214	0	.132759
775.15	0	.846433	.02068137	0	.1328857
774.15	0	.8464129	.02057808	0	.133009
773.15	0	.8463888	.02048205	0	.1331292
772.15	0	.8463608	.02039309	0	.1332462
771.15	0	.8463289	.020311	0	.1333601
770.15	0	.8462934	.0202356	0	.133471
769.15	0	.8462542	.0201667	0	.1335791
768.15	0	.8462116	.02010413	0	.1336843
767.15	0	.8461656	.02004772	0	.1337867
766.15	0	.8461163	.01999728	0	.1338864
765.15	0	.8460638	.01995267	0	.1339835
764.15	0	.8460082	.01991373	0	.134078
763.15	0	.8459496	.01988029	0	.1341701
762.15	0	.8458881	.01985221	0	.1342597
761.15	0	.8458238	.01982934	0	.1343469
760.15	0	.8457567	.01981154	0	.1344318
759.15	0	.8456869	.01979868	0	.1345144
758.15	0	.8456145	.01979061	0	.1345949
757.15	0	.8455396	.01978721	0	.1346731
756.15	0	.8454623	.01978836	0	.1347493
755.15	0	.8453826	.01979391	0	.1348235
754.15	0	.8453006	.01980377	0	.1348957
753.15	0	.8452163	.0198178	0	.1349659
752.15	0	.8451299	.01983589	0	.1350342
751.15	0	.8450413	.01985795	0	.1351007
750.15	0	.8449507	.01988385	0	.1351655
749.15	0	.8448581	.01991349	0	.1352284
748.15	0	.8447636	.01994676	0	.1352897
747.15	0	.8446671	.01998358	0	.1353493
746.15	0	.8445689	.02002384	0	.1354073
745.15	0	.8444689	.02006746	0	.1354637
744.15	0	.8443672	.02011433	0	.1355185
743.15	0	.8442638	.02016436	0	.1355719
742.15	0	.8441587	.02021748	0	.1356238
741.15	0	.8440521	.0202736	0	.1356743
740.15	0	.843944	.02033263	0	.1357234
739.15	0	.8438344	.02039449	0	.1357711
738.15	0	.8437233	.02045911	0	.1358176
737.15	0	.8436109	.02052641	0	.1358627
736.15	0	.843497	.02059632	0	.1359066
735.15	0	.8433819	.02066876	0	.1359494
734.15	0	.8432655	.02074366	0	.1359909
733.15	0	.8431478	.02082097	0	.1360312
732.15	0	.8430289	.0209006	0	.1360705
731.15	0	.8429089	.02098249	0	.1361086
730.15	0	.8427877	.02106659	0	.1361457
729.15	0	.8426655	.02115282	0	.1361817
728.15	0	.8425421	.02124114	0	.1362168
727.15	0	.8424177	.02133147	0	.1362508
726.15	0	.8422923	.02142377	0	.1362839
725.15	0	.842166	.02151798	0	.1363161
724.15	0	.8420386	.02161405	0	.1363473
723.15	0	.8419104	.02171192	0	.1363777
722.15	0	.8417813	.02181154	0	.1364072
721.15	0	.8416513	.02191286	0	.1364359
720.15	0	.8415205	.02201583	0	.1364637
719.15	0	.8413888	.0221204	0	.1364908
718.15	0	.8412564	.02222654	0	.1365171
717.15	0	.8411232	.02233419	0	.1365426
716.15	0	.8409893	.02244331	0	.1365674
715.15	0	.8408546	.02255385	0	.1365915
714.15	0	.8407193	.02266578	0	.1366149
713.15	0	.8405833	.02277905	0	.1366376
712.15	0	.8404467	.02289363	0	.1366597
711.15	0	.8403094	.02300947	0	.1366812
710.15	0	.8401715	.02312654	0	.136702
709.15	0	.840033	.0232448	0	.1367222
708.15	0	.839894	.02336422	0	.1367418
707.15	0	.8397544	.02348475	0	.1367609
706.15	0	.8396142	.02360637	0	.1367794
705.15	0	.8394736	.02372905	0	.1367974
704.15	0	.8393325	.02385274	0	.1368148
703.15	0	.8391909	.02397742	0	.1368317
702.15	0	.8390488	.02410306	0	.1368482
701.15	0	.8389062	.02422962	0	.1368641
700.15	0	.8387633	.02435708	0	.1368796
699.15	0	.8386199	.02448541	0	.1368947
698.15	0	.8384762	.02461458	0	.1369093
697.15	0	.838332	.02474456	0	.1369234
696.15	0	.8381875	.02487532	0	.1369372
695.15	0	.8380426	.02500685	0	.1369505
694.15	0	.8378974	.02513911	0	.1369635
693.15	0	.8377519	.02527208	0	.136976
692.15	0	.837606	.02540574	0	.1369882
691.15	0	.8374599	.02554005	0	.1370001
690.15	0	.8373134	.02567501	0	.1370116
689.15	0	.8371667	.02581058	0	.1370227
688.15	0	.8370197	.02594674	0	.1370335
687.15	0	.8368725	.02608348	0	.1370441
686.15	0	.836725	.02622076	0	.1370542
685.15	0	.8365773	.02635858	0	.1370641
684.15	0	.8364294	.02649691	0	.1370737
683.15	0	.8362812	.02663572	0	.1370831
682.15	0	.8361329	.02677501	0	.1370921
681.15	0	.8359844	.02691475	0	.1371009
680.15	0	.8358356	.02705492	0	.1371094
679.15	0	.8356868	.02719551	0	.1371177
678.15	0	.8355377	.0273365	0	.1371258
677.15	0	.8353886	.02747787	0	.1371336
676.15	0	.8352393	.0276196	0	.1371411
675.15	0	.8350898	.02776169	0	.1371485
674.15	0	.8349403	.0279041	0	.1371556
673.15	0	.8347906	.02804683	0	.1371626
672.15	0	.8346408	.02818987	0	.1371693
671.15	0	.8344909	.02833319	0	.1371759
670.15	0	.834341	.02847678	0	.1371823
669.15	0	.8341909	.02862063	0	.1371884
668.15	0	.8340408	.02876472	0	.1371945
667.15	0	.8338907	.02890904	0	.1372003
666.15	0	.8337404	.02905358	0	.137206
665.15	0	.8335902	.02919833	0	.1372115
664.15	0	.8334399	.02934326	0	.1372169
663.15	0	.8332895	.02948837	0	.1372221
662.15	0	.8331391	.02963365	0	.1372272
661.15	0	.8329888	.02977908	0	.1372322
660.15	0	.8328383	.02992465	0	.137237
659.15	0	.832688	.03007036	0	.1372417
658.15	0	.8325376	.03021618	0	.1372463
657.15	0	.8323872	.03036211	0	.1372507
656.15	0	.8322368	.03050814	0	.1372551
655.15	0	.8320864	.03065425	0	.1372593
654.15	0	.8319361	.03080044	0	.1372635
653.15	0	.8317858	.0309467	0	.1372675
652.15	0	.8316356	.03109302	0	.1372714
651.15	0	.8314854	.03123938	0	.1372753
650.15	0	.8313352	.03138578	0	.137279
649.15	0	.8311851	.0315322	0	.1372827
648.15	0	.8310351	.03167865	0	.1372863
647.15	0	.8308851	.0318251	0	.1372898
646.15	0	.8307352	.03197155	0	.1372932
645.15	0	.8305854	.032118	0	.1372966
644.15	0	.8304357	.03226443	0	.1372999
643.15	0	.8302861	.03241084	0	.1373031
642.15	0	.8301365	.03255721	0	.1373063
641.15	0	.8299871	.03270354	0	.1373094
640.15	0	.8298378	.03284982	0	.1373124
639.15	0	.8296885	.03299605	0	.1373154
638.15	0	.8295394	.03314222	0	.1373184
637.15	0	.8293905	.03328831	0	.1373212
636.15	0	.8292416	.03343432	0	.1373241
635.15	0	.8290929	.03358025	0	.1373269
634.15	0	.8289443	.03372608	0	.1373296
633.15	0	.8287959	.03387181	0	.1373323
632.15	0	.8286476	.03401744	0	.137335
631.15	0	.8284994	.03416296	0	.1373376
630.15	0	.8283514	.03430835	0	.1373402
629.15	0	.8282036	.03445362	0	.1373428
628.15	0	.8280559	.03459876	0	.1373453
627.15	0	.8279084	.03474376	0	.1373479
626.15	0	.8277611	.03488861	0	.1373503
625.15	0	.8276139	.03503331	0	.1373528
624.15	0	.8274669	.03517786	0	.1373552
623.15	0	.8273201	.03532224	0	.1373576
622.15	0	.8271735	.03546646	0	.13736
621.15	0	.8270271	.0356105	0	.1373624
620.15	0	.8268809	.03575436	0	.1373648
619.15	0	.8267349	.03589804	0	.1373671
618.15	0	.8265891	.03604153	0	.1373694
617.15	0	.8264435	.03618482	0	.1373717
616.15	0	.8262981	.03632791	0	.137374
615.15	0	.8261529	.0364708	0	.1373763
614.15	0	.826008	.03661347	0	.1373786
613.15	0	.8258632	.03675593	0	.1373808
612.15	0	.8257188	.03689817	0	.1373831
611.15	0	.8255745	.03704019	0	.1373853
610.15	0	.8254305	.03718197	0	.1373876
609.15	0	.8252867	.03732352	0	.1373898
608.15	0	.8251432	.03746483	0	.137392
607.15	0	.8249999	.0376059	0	.1373943
606.15	0	.8248568	.03774672	0	.1373965
605.15	0	.824714	.03788728	0	.1373987
604.15	0	.8245715	.03802759	0	.1374009
603.15	0	.8244292	.03816764	0	.1374031
602.15	0	.8242872	.03830742	0	.1374054
601.15	0	.8241455	.03844693	0	.1374076
600.15	0	.824004	.03858617	0	.1374098
599.15	0	.8238629	.03872513	0	.137412
598.15	0	.823722	.03886381	0	.1374142
597.15	0	.8235813	.0390022	0	.1374165
596.15	0	.823441	.03914031	0	.1374187
595.15	0	.823301	.03927811	0	.1374209
594.15	0	.8231612	.03941563	0	.1374232
593.15	0	.8230218	.03955283	0	.1374254
592.15	0	.8228826	.03968974	0	.1374276
591.15	0	.8227438	.03982633	0	.1374299
590.15	0	.8226052	.03996262	0	.1374321
589.15	0	.822467	.04009858	0	.1374344
588.15	0	.8223291	.04023423	0	.1374367
587.15	0	.8221915	.04036956	0	.1374389
586.15	0	.8220542	.04050455	0	.1374412
585.15	0	.8219173	.04063922	0	.1374435
584.15	0	.8217807	.04077356	0	.1374458
583.15	0	.8216444	.04090755	0	.1374481
582.15	0	.8215084	.04104121	0	.1374504
581.15	0	.8213728	.04117452	0	.1374527
580.15	0	.8212375	.04130749	0	.137455
579.15	0	.8211026	.0414401	0	.1374573
578.15	0	.820968	.04157236	0	.1374597
577.15	0	.8208337	.04170427	0	.137462
576.15	0	.8206998	.04183581	0	.1374643
575.15	0	.8205663	.04196699	0	.1374667
574.15	0	.8204331	.04209781	0	.1374691
573.15	0	.8203003	.04222826	0	.1374714
572.15	0	.8201679	.04235833	0	.1374738
571.15	0	.8200358	.04248803	0	.1374762
570.15	0	.8199041	.04261736	0	.1374786
569.15	0	.8197728	.04274629	0	.1374809
568.15	0	.8196418	.04287485	0	.1374833
567.15	0	.8195112	.04300302	0	.1374857
566.15	0	.8193811	.0431308	0	.1374882
565.15	0	.8192512	.04325819	0	.1374906
564.15	0	.8191218	.04338518	0	.137493
563.15	0	.8189928	.04351177	0	.1374954
562.15	0	.8188642	.04363796	0	.1374978
561.15	0	.818736	.04376375	0	.1375003
560.15	0	.8186082	.04388913	0	.1375027
559.15	0	.8184807	.0440141	0	.1375052
558.15	0	.8183537	.04413866	0	.1375076
557.15	0	.8182271	.04426281	0	.1375101
556.15	0	.8181009	.04438653	0	.1375125
555.15	0	.8179752	.04450984	0	.137515
554.15	0	.8178498	.04463273	0	.1375175
553.15	0	.8177249	.04475519	0	.1375199
552.15	0	.8176004	.04487722	0	.1375224
551.15	0	.8174763	.04499882	0	.1375249
550.15	0	.8173526	.04511999	0	.1375274
549.15	0	.8172294	.04524072	0	.1375299
548.15	0	.8171066	.04536102	0	.1375323
547.15	0	.8169843	.04548088	0	.1375348
546.15	0	.8168624	.04560029	0	.1375373
545.15	0	.8167409	.04571926	0	.1375398
544.15	0	.8166199	.04583778	0	.1375423
543.15	0	.8164994	.04595585	0	.1375448
542.15	0	.8163793	.04607347	0	.1375473
541.15	0	.8162596	.04619063	0	.1375498
540.15	0	.8161404	.04630734	0	.1375523
539.15	0	.8160217	.04642359	0	.1375548
538.15	0	.8159034	.04653938	0	.1375573
537.15	0	.8157856	.0466547	0	.1375598
536.15	0	.8156682	.04676956	0	.1375622
535.15	0	.8155513	.04688395	0	.1375647
534.15	0	.8154349	.04699787	0	.1375672
533.15	0	.815319	.04711132	0	.1375697
532.15	0	.8152035	.0472243	0	.1375722
531.15	0	.8150885	.0473368	0	.1375747
530.15	0	.814974	.04744882	0	.1375772
529.15	0	.81486	.04756036	0	.1375796
528.15	0	.8147465	.04767142	0	.1375821
527.15	0	.8146334	.04778199	0	.1375846
526.15	0	.8145209	.04789208	0	.1375871
525.15	0	.8144088	.04800168	0	.1375895
524.15	0	.8142972	.04811079	0	.137592
523.15	0	.8141861	.04821941	0	.1375945
522.15	0	.8140755	.04832753	0	.1375969
521.15	0	.8139654	.04843516	0	.1375994
520.15	0	.8138559	.04854229	0	.1376018
519.15	0	.8137468	.04864892	0	.1376043
518.15	0	.8136382	.04875505	0	.1376067
517.15	0	.8135301	.04886068	0	.1376092
516.15	0	.8134226	.0489658	0	.1376116
515.15	0	.8133155	.04907042	0	.1376141
514.15	0	.813209	.04917453	0	.1376165
513.15	0	.8131029	.04927813	0	.1376189
512.15	0	.8129974	.04938122	0	.1376214
511.15	0	.8128924	.04948379	0	.1376238
510.15	0	.8127879	.04958586	0	.1376262
509.15	0	.812684	.04968741	0	.1376286
508.15	0	.8125805	.04978844	0	.1376311
507.15	0	.8124776	.04988895	0	.1376335
506.15	0	.8123752	.04998894	0	.1376359
505.15	0	.8122733	.05008841	0	.1376383
504.15	0	.8121719	.05018736	0	.1376407
503.15	0	.8120711	.05028579	0	.1376431
502.15	0	.8119708	.05038369	0	.1376455
501.15	0	.811871	.05048106	0	.1376479
500.15	0	.8117718	.05057791	0	.1376503
499.15	0	.8116731	.05067422	0	.1376527
498.15	0	.8115749	.05077001	0	.1376551
497.15	0	.8114772	.05086527	0	.1376575
496.15	0	.8113801	.05095999	0	.1376599
495.15	0	.8112835	.05105418	0	.1376623
494.15	0	.8111875	.05114784	0	.1376647
493.15	0	.8110919	.05124096	0	.1376671
492.15	0	.810997	.05133355	0	.1376695
491.15	0	.8109025	.0514256	0	.1376719
490.15	0	.8108086	.05151711	0	.1376743
489.15	0	.8107152	.05160808	0	.1376767
488.15	0	.8106223	.05169851	0	.1376792
487.15	0	.81053	.0517884	0	.1376816
486.15	0	.8104382	.05187775	0	.137684
485.15	0	.810347	.05196656	0	.1376864
484.15	0	.8102563	.05205483	0	.1376889
483.15	0	.8101661	.05214255	0	.1376913
482.15	0	.8100765	.05222973	0	.1376938
481.15	0	.8099874	.05231636	0	.1376963
480.15	0	.8098988	.05240245	0	.1376987
479.15	0	.8098108	.05248799	0	.1377012
478.15	0	.8097233	.05257299	0	.1377037
477.15	0	.8096363	.05265744	0	.1377062
476.15	0	.8095499	.05274134	0	.1377088
475.15	0	.809464	.05282469	0	.1377113
474.15	0	.8093787	.0529075	0	.1377138
473.15	0	.8092938	.05298975	0	.1377164
472.15	0	.8092095	.05307146	0	.137719
471.15	0	.8091258	.05315262	0	.1377216
470.15	0	.8090425	.05323323	0	.1377242
469.15	0	.8089598	.05331329	0	.1377269
468.15	0	.8088777	.05339279	0	.1377295
467.15	0	.808796	.05347175	0	.1377322
466.15	0	.8087149	.05355016	0	.1377349
465.15	0	.8086343	.05362802	0	.1377377
464.15	0	.8085543	.05370532	0	.1377404
463.15	0	.8084747	.05378208	0	.1377432
462.15	0	.8083957	.05385828	0	.137746
461.15	0	.8083172	.05393393	0	.1377488
460.15	0	.8082393	.05400904	0	.1377517
459.15	0	.8081618	.05408358	0	.1377546
458.15	0	.8080849	.05415758	0	.1377575
457.15	0	.8080085	.05423103	0	.1377605
456.15	0	.8079326	.05430392	0	.1377635
455.15	0	.8078572	.05437627	0	.1377665
454.15	0	.8077824	.05444806	0	.1377696
453.15	0	.807708	.0545193	0	.1377727
452.15	0	.8076342	.05458999	0	.1377758
451.15	0	.8075609	.05466012	0	.137779
450.15	0	.8074881	.05472971	0	.1377822
449.15	0	.8074159	.05479866	0	.1377855
448.15	0	.8073442	.05486704	0	.1377888
447.15	0	.807273	.05493485	0	.1377921
446.15	0	.8072024	.05500209	0	.1377955
445.15	0	.8071323	.05506874	0	.137799
444.15	0	.8070627	.05513481	0	.1378025
443.15	0	.8069937	.05520027	0	.137806
442.15	0	.8069253	.05526514	0	.1378096
441.15	0	.8068574	.05532939	0	.1378132
440.15	0	.80679	.05539303	0	.137817
439.15	0	.8067232	.05545605	0	.1378207
438.15	0	.806657	.05551844	0	.1378245
437.15	0	.8065914	.0555802	0	.1378284
436.15	0	.8065263	.05564132	0	.1378323
435.15	0	.8064619	.0557018	0	.1378363
434.15	0	.806398	.05576163	0	.1378404
433.15	0	.8063347	.05582081	0	.1378445
432.15	0	.806272	.05587934	0	.1378487
431.15	0	.8062098	.05593722	0	.1378529
430.15	0	.8061483	.05599443	0	.1378573
429.15	0	.8060874	.05605098	0	.1378616
428.15	0	.806027	.05610686	0	.1378661
427.15	0	.8059673	.05616208	0	.1378706
426.15	0	.8059082	.05621663	0	.1378752
425.15	0	.8058496	.0562705	0	.1378799
424.15	0	.8057917	.05632371	0	.1378846
423.15	0	.8057344	.05637624	0	.1378894
422.15	0	.8056776	.05642809	0	.1378943
421.15	0	.8056215	.05647927	0	.1378993
