T	 BPW(LIQUID)	BPW(BCC_A2)	BPW(FCC_A1)	BPW(LAVES_PHASE_C14)	BPW(NI3TI)
1473.15	.6032528	.3967472	0	0	0
1472.15	.5994482	.4005518	0	0	0
1471.15	.595668	.404332	0	0	0
1470.15	.5919123	.4080877	0	0	0
1469.15	.5881807	.4118193	0	0	0
1468.15	.5844732	.4155268	0	0	0
1467.15	.5807895	.4192105	0	0	0
1466.15	.5771295	.4228705	0	0	0
1465.15	.5734931	.4265069	0	0	0
1464.15	.56988	.43012	0	0	0
1463.15	.5662902	.4337098	0	0	0
1462.15	.5627234	.4372766	0	0	0
1461.15	.5591795	.4408206	0	0	0
1460.15	.5556583	.4443417	0	0	0
1459.15	.5521597	.4478403	0	0	0
1458.15	.5486835	.4513165	0	0	0
1457.15	.5452296	.4547704	0	0	0
1456.15	.5417978	.4582022	0	0	0
1455.15	.538388	.461612	0	0	0
1454.15	.535	.465	0	0	0
1453.15	.5316337	.4683663	0	0	0
1452.15	.5282889	.4717111	0	0	0
1451.15	.5249655	.4750345	0	0	0
1450.15	.5216633	.4783367	0	0	0
1449.15	.5183821	.4816179	0	0	0
1448.15	.515122	.484878	0	0	0
1447.15	.5118826	.4881174	0	0	0
1446.15	.5086639	.4913361	0	0	0
1445.15	.5054656	.4945344	0	0	0
1444.15	.5022878	.4977122	0	0	0
1443.15	.4991302	.5008698	0	0	0
1442.15	.4959927	.5040073	0	0	0
1441.15	.4928752	.5071248	0	0	0
1440.15	.4897775	.5102226	0	0	0
1439.15	.4866994	.5133006	0	0	0
1438.15	.483641	.516359	0	0	0
1437.15	.4806019	.5193981	0	0	0
1436.15	.4775822	.5224178	0	0	0
1435.15	.4745816	.5254184	0	0	0
1434.15	.4716001	.5283999	0	0	0
1433.15	.4686374	.5313626	0	0	0
1432.15	.4656936	.5343064	0	0	0
1431.15	.4627683	.5372317	0	0	0
1430.15	.4598616	.5401384	0	0	0
1429.15	.4569733	.5430267	0	0	0
1428.15	.4541033	.5458967	0	0	0
1427.15	.4512514	.5487486	0	0	0
1426.15	.4484175	.5515825	0	0	0
1425.15	.4456016	.5543984	0	0	0
1424.15	.4428034	.5571966	0	0	0
1423.15	.4400229	.5599771	0	0	0
1422.15	.4372599	.5627401	0	0	0
1421.15	.4345143	.5654857	0	0	0
1420.15	.431786	.568214	0	0	0
1419.15	.429075	.570925	0	0	0
1418.15	.4263809	.5736191	0	0	0
1417.15	.4237039	.5762961	0	0	0
1416.15	.4210437	.5789563	0	0	0
1415.15	.4184002	.5815998	0	0	0
1414.15	.4157733	.5842267	0	0	0
1413.15	.4131629	.5868371	0	0	0
1412.15	.4105689	.5894311	0	0	0
1411.15	.4079911	.5920089	0	0	0
1410.15	.4054296	.5945704	0	0	0
1409.15	.402884	.597116	0	0	0
1408.803	.4020053	.5979947	0	0	0
1408.803	.4020053	.5979947	0	0	0
1408.803	.4020053	.5979947	0	0	0
1408.15	.3994549	.5995917	0	9.533819E-04	0
1407.15	.3955884	.6020098	0	.002401806	0
1406.15	.3917663	.6043964	0	.003837322	0
1405.15	.3879877	.6067522	0	.00526016	0
1404.15	.3842518	.6090776	0	.006670547	0
1403.15	.380558	.6113733	0	.008068704	0
1402.15	.3769055	.6136396	0	.009454847	0
1401.15	.3732936	.6158772	0	.01082919	0
1400.15	.3697215	.6180865	0	.01219193	0
1399.15	.3661887	.620268	0	.01354328	0
1398.15	.3626944	.6224222	0	.01488343	0
1397.15	.3592379	.6245495	0	.01621257	0
1396.15	.3558187	.6266504	0	.0175309	0
1395.15	.3524361	.6287253	0	.01883859	0
1394.15	.3490895	.6307747	0	.02013583	0
1393.15	.3457783	.6327989	0	.0214228	0
1392.15	.3425019	.6347984	0	.02269965	0
1391.15	.3392598	.6367737	0	.02396657	0
1390.15	.3360513	.638725	0	.02522372	0
1389.15	.332876	.6406528	0	.02647125	0
1388.15	.3297332	.6425574	0	.02770933	0
1387.15	.3266225	.6444394	0	.02893811	0
1386.15	.3235434	.6462989	0	.03015774	0
1385.15	.3204953	.6481363	0	.03136837	0
1384.15	.3174778	.6499521	0	.03257014	0
1383.15	.3144903	.6517465	0	.0337632	0
1382.15	.3115324	.65352	0	.03494768	0
1381.15	.3086036	.6552727	0	.03612372	0
1380.15	.3057034	.6570051	0	.03729145	0
1379.15	.3028316	.6587175	0	.038451	0
1378.15	.2999874	.6604101	0	.0396025	0
1377.15	.2971706	.6620833	0	.04074608	0
1376.15	.2943808	.6637374	0	.04188185	0
1375.15	.2916175	.6653726	0	.04300994	0
1374.15	.2888802	.6669893	0	.04413046	0
1373.15	.2861687	.6685877	0	.04524353	0
1372.15	.2834825	.6701682	0	.04634926	0
1371.15	.2808213	.6717309	0	.04744777	0
1370.15	.2781846	.6732762	0	.04853915	0
1369.15	.2755722	.6748043	0	.04962352	0
1368.15	.2729835	.6763155	0	.05070098	0
1367.15	.2704184	.67781	0	.05177162	0
1366.15	.2678764	.679288	0	.05283557	0
1365.15	.2653572	.6807499	0	.0538929	0
1364.15	.2628605	.6821958	0	.05494371	0
1363.15	.2603859	.683626	0	.05598811	0
1362.15	.2579331	.6850407	0	.05702618	0
1361.15	.2555019	.6864401	0	.05805802	0
1360.15	.2530918	.6878245	0	.0590837	0
1359.15	.2507027	.689194	0	.06010333	0
1358.15	.2483341	.6905489	0	.06111698	0
1357.15	.2459858	.6918895	0	.06212474	0
1356.15	.2436575	.6932158	0	.06312669	0
1355.15	.241349	.6945281	0	.06412292	0
1354.15	.2390599	.6958266	0	.0651135	0
1353.15	.23679	.6971115	0	.06609851	0
1352.15	.234539	.698383	0	.06707802	0
1351.15	.2323067	.6996412	0	.06805212	0
1350.15	.2300927	.7008864	0	.06902087	0
1349.15	.2278969	.7021187	0	.06998435	0
1348.15	.225719	.7033384	0	.07094263	0
1347.15	.2235587	.7045455	0	.07189578	0
1346.15	.2214158	.7057403	0	.07284387	0
1345.15	.2192901	.706923	0	.07378696	0
1344.15	.2171813	.7080936	0	.07472512	0
1343.15	.2150892	.7092524	0	.07565842	0
1342.15	.2130136	.7103995	0	.07658692	0
1341.15	.2109543	.711535	0	.07751068	0
1340.15	.208911	.7126592	0	.07842977	0
1339.15	.2068835	.7137722	0	.07934424	0
1338.15	.2048717	.7148742	0	.08025416	0
1337.15	.2028752	.7159652	0	.08115958	0
1336.15	.200894	.7170454	0	.08206055	0
1335.15	.1989278	.7181151	0	.08295715	0
1334.15	.1969764	.7191742	0	.08384942	0
1333.15	.1950396	.720223	0	.08473741	0
1332.15	.1931173	.7212616	0	.08562119	0
1331.15	.1912091	.7222901	0	.0865008	0
1330.15	.1893151	.7233086	0	.0873763	0
1329.15	.1874349	.7243174	0	.08824773	0
1328.15	.1855685	.7253164	0	.08911515	0
1327.15	.1837155	.7263059	0	.0899786	0
1326.15	.1818759	.7272859	0	.09083814	0
1325.15	.1800495	.7282567	0	.09169381	0
1324.15	.1782361	.7292182	0	.09254566	0
1323.15	.1764356	.7301707	0	.09339373	0
1322.15	.1746478	.7311142	0	.09423808	0
1321.15	.1728725	.7320488	0	.09507874	0
1320.15	.1711095	.7329747	0	.09591576	0
1319.15	.1693588	.733892	0	.09674918	0
1318.15	.1676202	.7348008	0	.09757905	0
1317.15	.1658935	.7357011	0	.0984054	0
1316.15	.1641785	.7365932	0	.09922828	0
1315.15	.1624752	.7374771	0	.1000477	0
1314.15	.1607834	.7383528	0	.1008638	0
1313.15	.1591029	.7392206	0	.1016765	0
1312.15	.1574336	.7400805	0	.1024859	0
1311.15	.1557754	.7409326	0	.103292	0
1310.15	.1541281	.741777	0	.1040949	0
1309.15	.1524917	.7426138	0	.1048946	0
1308.15	.1508659	.7434431	0	.1056911	0
1307.15	.1492506	.7442649	0	.1064845	0
1306.15	.1476458	.7450794	0	.1072748	0
1305.15	.1460513	.7458868	0	.108062	0
1304.15	.1444669	.7466869	0	.1088462	0
1303.15	.1428926	.74748	0	.1096274	0
1302.15	.1413282	.7482661	0	.1104057	0
1301.15	.1397736	.7490454	0	.111181	0
1300.15	.1382287	.7498178	0	.1119535	0
1299.15	.1366903	.7505861	0	.1127236	0
1298.15	.1351645	.7513452	0	.1134904	0
1297.15	.133648	.7520977	0	.1142543	0
1296.15	.1321408	.7528437	0	.1150155	0
1295.15	.1306428	.7535833	0	.1157739	0
1294.15	.1291537	.7543166	0	.1165296	0
1293.15	.1276736	.7550437	0	.1172827	0
1292.15	.1262024	.7557645	0	.1180331	0
1291.15	.1247399	.7564793	0	.1187809	0
1290.15	.1232859	.757188	0	.1195261	0
1289.15	.1218406	.7578908	0	.1202687	0
1288.15	.1204036	.7585877	0	.1210087	0
1287.15	.118975	.7592787	0	.1217463	0
1286.15	.1175546	.7599641	0	.1224814	0
1285.15	.1161423	.7606437	0	.123214	0
1284.15	.1147381	.7613177	0	.1239441	0
1283.15	.1133419	.7619862	0	.1246719	0
1282.15	.1119535	.7626492	0	.1253972	0
1281.15	.1105729	.7633068	0	.1261203	0
1280.15	.1092	.763959	0	.1268409	0
1279.15	.1078347	.764606	0	.1275593	0
1278.15	.106477	.7652477	0	.1282753	0
1277.15	.1051266	.7658843	0	.1289891	0
1276.15	.1037836	.7665157	0	.1297007	0
1275.775	.1032825	.7667509	0	.1299666	0
1275.775	.1032825	.7667509	0	.1299666	0
1275.775	.1032825	.7667509	0	.1299666	0
1275.15	.09849264	.7654403	.005338143	.1307289	0
1274.15	.09083732	.7633883	.01383542	.1319389	0
1273.15	.08318504	.7613894	.0222874	.1331381	0
1272.15	.07553554	.7594431	.0306947	.1343267	0
1271.15	.06788855	.7575488	.03905792	.1355047	0
1270.15	.06024382	.7557063	.04737767	.1366723	0
1269.15	.0526011	.7539149	.05565452	.1378295	0
1268.15	.04496014	.7521743	.06388905	.1389765	0
1267.15	.03732071	.750484	.07208184	.1401134	0
1266.15	.02968258	.7488437	.08023345	.1412403	0
1265.15	.02204552	.7472528	.08834444	.1423573	0
1264.15	.01440932	.7457109	.09641534	.1434645	0
1263.15	.006773768	.7442176	.1044467	.1445619	0
1262.263	0	.7429332	.1115393	.1455275	0
1262.263	0	.7429332	.1115393	.1455275	0
1262.15	0	.7427921	.1116245	.1455834	0
1261.15	0	.7415436	.1123779	.1460784	0
1260.15	0	.740299	.1131289	.1465722	0
1259.15	0	.739058	.1138774	.1470646	0
1258.15	0	.7378208	.1146234	.1475558	0
1257.15	0	.7365873	.115367	.1480457	0
1256.15	0	.7353575	.1161082	.1485344	0
1255.15	0	.7341313	.1168469	.1490218	0
1254.15	0	.7329089	.1175831	.1495079	0
1253.15	0	.7316902	.118317	.1499929	0
1252.15	0	.7304751	.1190484	.1504765	0
1251.15	0	.7292636	.1197774	.150959	0
1250.15	0	.7280558	.120504	.1514402	0
1249.15	0	.7268517	.1212282	.1519202	0
1248.15	0	.7256511	.1219499	.152399	0
1247.15	0	.7244542	.1226693	.1528765	0
1246.15	0	.7232609	.1233863	.1533529	0
1245.15	0	.7220712	.1241008	.153828	0
1244.15	0	.7208851	.124813	.1543019	0
1243.15	0	.7197025	.1255229	.1547747	0
1242.15	0	.7185235	.1262303	.1552462	0
1241.15	0	.7173481	.1269354	.1557165	0
1240.15	0	.7161762	.127638	.1561857	0
1239.15	0	.7150079	.1283384	.1566537	0
1238.15	0	.7138431	.1290364	.1571205	0
1237.15	0	.7126819	.129732	.1575862	0
1236.15	0	.7115241	.1304253	.1580506	0
1235.15	0	.7103699	.1311162	.1585139	0
1234.15	0	.7092192	.1318048	.1589761	0
1233.15	0	.7080719	.132491	.1594371	0
1232.15	0	.7069281	.1331749	.1598969	0
1231.15	0	.7057879	.1338566	.1603556	0
1230.15	0	.704651	.1345358	.1608132	0
1229.15	0	.7035177	.1352128	.1612696	0
1228.15	0	.7023877	.1358874	.1617249	0
1227.15	0	.7012612	.1365598	.162179	0
1226.15	0	.7001382	.1372298	.162632	0
1225.15	0	.6990186	.1378975	.1630839	0
1224.15	0	.6979024	.1385629	.1635347	0
1223.15	0	.6967895	.1392261	.1639844	0
1222.15	0	.6956801	.1398869	.1644329	0
1221.15	0	.6945741	.1405455	.1648804	0
1220.15	0	.6934715	.1412018	.1653268	0
1219.15	0	.6923722	.1418558	.165772	0
1218.15	0	.6912763	.1425075	.1662162	0
1217.15	0	.6901838	.143157	.1666592	0
1216.15	0	.6890946	.1438042	.1671012	0
1215.15	0	.6880088	.1444491	.1675421	0
1214.15	0	.6869263	.1450918	.1679819	0
1213.15	0	.6858471	.1457322	.1684207	0
1212.15	0	.6847713	.1463704	.1688583	0
1211.15	0	.6836988	.1470063	.169295	0
1210.15	0	.6826295	.14764	.1697305	0
1209.15	0	.6815636	.1482714	.170165	0
1208.15	0	.680501	.1489006	.1705984	0
1207.15	0	.6794416	.1495276	.1710308	0
1206.15	0	.6783855	.1501524	.1714621	0
1205.15	0	.6773327	.1507749	.1718924	0
1204.15	0	.6762832	.1513952	.1723216	0
1203.15	0	.6752369	.1520133	.1727498	0
1202.15	0	.6741939	.1526292	.1731769	0
1201.15	0	.6731541	.1532429	.1736031	0
1200.15	0	.6721175	.1538543	.1740282	0
1199.15	0	.6710842	.1544636	.1744522	0
1198.15	0	.6700541	.1550707	.1748753	0
1197.15	0	.6690272	.1556755	.1752973	0
1196.15	0	.6680035	.1562782	.1757183	0
1195.15	0	.666983	.1568787	.1761383	0
1194.15	0	.6659657	.157477	.1765573	0
1193.15	0	.6649516	.1580731	.1769753	0
1192.15	0	.6639407	.158667	.1773923	0
1191.15	0	.6629329	.1592588	.1778083	0
1190.15	0	.6619284	.1598483	.1782233	0
1189.15	0	.6609269	.1604357	.1786373	0
1188.15	0	.6599287	.161021	.1790503	0
1187.15	0	.6589335	.1616041	.1794624	0
1186.15	0	.6579416	.162185	.1798734	0
1185.15	0	.6569527	.1627638	.1802835	0
1184.15	0	.655967	.1633404	.1806926	0
1183.15	0	.6549845	.1639148	.1811007	0
1182.15	0	.654005	.1644871	.1815079	0
1181.15	0	.6530286	.1650573	.1819141	0
1180.15	0	.6520554	.1656253	.1823193	0
1179.15	0	.6510852	.1661912	.1827236	0
1178.15	0	.6501182	.1667549	.1831269	0
1177.15	0	.6491542	.1673165	.1835293	0
1176.15	0	.6481933	.167876	.1839307	0
1175.15	0	.6472355	.1684333	.1843312	0
1174.15	0	.6462808	.1689885	.1847307	0
1173.15	0	.6453291	.1695416	.1851293	0
1172.15	0	.6443805	.1700926	.1855269	0
1171.15	0	.6434349	.1706415	.1859236	0
1170.15	0	.6424924	.1711882	.1863194	0
1169.15	0	.6415529	.1717328	.1867143	0
1168.15	0	.6406165	.1722754	.1871082	0
1167.15	0	.639683	.1728158	.1875012	0
1166.15	0	.6387527	.1733541	.1878933	0
1165.15	0	.6378253	.1738903	.1882845	0
1164.15	0	.6369009	.1744244	.1886747	0
1163.15	0	.6359796	.1749564	.189064	0
1162.15	0	.6350612	.1754863	.1894525	0
1161.15	0	.6341459	.1760141	.18984	0
1160.15	0	.6332336	.1765399	.1902266	0
1159.15	0	.6323242	.1770635	.1906123	0
1158.15	0	.6314178	.1775851	.1909971	0
1157.15	0	.6305144	.1781045	.191381	0
1156.15	0	.629614	.1786219	.1917641	0
1155.15	0	.6287165	.1791373	.1921462	0
1154.15	0	.627822	.1796505	.1925275	0
1153.15	0	.6269304	.1801617	.1929078	0
1152.15	0	.6260419	.1806708	.1932873	0
1151.15	0	.6251562	.1811779	.1936659	0
1150.15	0	.6242735	.1816828	.1940437	0
1149.15	0	.6233937	.1821857	.1944205	0
1148.15	0	.6225169	.1826866	.1947965	0
1147.15	0	.621643	.1831854	.1951716	0
1146.15	0	.620772	.1836821	.1955459	0
1145.15	0	.619904	.1841768	.1959192	0
1144.15	0	.6190388	.1846694	.1962918	0
1143.15	0	.6181766	.18516	.1966634	0
1142.15	0	.6173173	.1856485	.1970342	0
1141.15	0	.6164608	.186135	.1974042	0
1140.15	0	.6156073	.1866194	.1977733	0
1139.15	0	.6147567	.1871018	.1981415	0
1138.15	0	.6139089	.1875822	.1985089	0
1137.15	0	.613064	.1880605	.1988755	0
1136.15	0	.612222	.1885368	.1992412	0
1135.15	0	.6113829	.1890111	.1996061	0
1134.15	0	.6105467	.1894833	.1999701	0
1133.15	0	.6097133	.1899535	.2003333	0
1132.15	0	.6088827	.1904216	.2006957	0
1131.15	0	.6080551	.1908878	.2010572	0
1130.15	0	.6072302	.1913519	.2014179	0
1129.15	0	.6064083	.191814	.2017778	0
1128.15	0	.6055891	.192274	.2021368	0
1127.15	0	.6047729	.1927321	.2024951	0
1126.15	0	.6039594	.1931881	.2028525	0
1125.15	0	.6031488	.1936421	.2032091	0
1124.15	0	.602341	.1940941	.2035649	0
1123.15	0	.601536	.1945441	.2039198	0
1122.15	0	.6007339	.1949921	.204274	0
1121.15	0	.5999346	.1954381	.2046273	0
1120.15	0	.599138	.1958821	.2049799	0
1119.15	0	.5983443	.1963241	.2053316	0
1118.15	0	.5975534	.196764	.2056826	0
1117.15	0	.5967653	.197202	.2060327	0
1116.15	0	.59598	.197638	.206382	0
1115.15	0	.5951975	.1980719	.2067305	0
1114.15	0	.5944178	.1985039	.2070783	0
1113.15	0	.5936408	.1989339	.2074253	0
1112.15	0	.5928667	.1993619	.2077714	0
1111.15	0	.5920953	.1997879	.2081168	0
1110.15	0	.5913267	.2002119	.2084614	0
1109.15	0	.5905609	.200634	.2088052	0
1108.15	0	.5897978	.201054	.2091482	0
1107.15	0	.5890375	.2014721	.2094904	0
1106.15	0	.58828	.2018881	.2098319	0
1105.15	0	.5875252	.2023022	.2101725	0
1104.15	0	.5867732	.2027144	.2105124	0
1103.15	0	.5860239	.2031245	.2108516	0
1102.15	0	.5852774	.2035327	.2111899	0
1101.15	0	.5845336	.2039389	.2115275	0
1100.15	0	.5837926	.2043431	.2118643	0
1099.15	0	.5830543	.2047453	.2122004	0
1098.15	0	.5823187	.2051456	.2125357	0
1097.15	0	.5815859	.2055439	.2128702	0
1096.15	0	.5808558	.2059403	.2132039	0
1095.15	0	.5801285	.2063346	.2135369	0
1094.15	0	.5794038	.206727	.2138692	0
1093.15	0	.5786819	.2071175	.2142006	0
1092.15	0	.5779627	.207506	.2145314	0
1091.15	0	.5772462	.2078925	.2148613	0
1090.15	0	.5765324	.2082771	.2151905	0
1089.15	0	.5758213	.2086597	.215519	0
1088.15	0	.5751129	.2090404	.2158467	0
1087.15	0	.5744072	.2094191	.2161737	0
1086.15	0	.5737042	.2097958	.2164999	0
1085.15	0	.5730039	.2101706	.2168254	0
1084.15	0	.5723063	.2105435	.2171502	0
1083.15	0	.5716114	.2109144	.2174742	0
1082.15	0	.5709192	.2112834	.2177974	0
1081.15	0	.5702297	.2116504	.2181199	0
1080.15	0	.5695428	.2120155	.2184417	0
1079.15	0	.5688587	.2123786	.2187628	0
1078.15	0	.5681772	.2127398	.2190831	0
1077.15	0	.5674983	.213099	.2194026	0
1076.15	0	.5668222	.2134564	.2197215	0
1075.15	0	.5661487	.2138117	.2200396	0
1074.15	0	.5654779	.2141652	.220357	0
1073.15	0	.5648097	.2145167	.2206736	0
1072.15	0	.5641442	.2148663	.2209895	0
1071.15	0	.5634813	.2152139	.2213047	0
1070.15	0	.5628211	.2155596	.2216192	0
1069.15	0	.5621636	.2159034	.221933	0
1068.15	0	.5615087	.2162453	.222246	0
1067.15	0	.5608565	.2165852	.2225583	0
1066.15	0	.5602069	.2169233	.2228699	0
1065.15	0	.5595599	.2172593	.2231808	0
1064.15	0	.5589156	.2175935	.2234909	0
1063.15	0	.5582739	.2179258	.2238004	0
1062.15	0	.5576348	.2182561	.2241091	0
1061.15	0	.5569984	.2185845	.2244171	0
1060.15	0	.5563646	.218911	.2247244	0
1059.15	0	.5557334	.2192356	.225031	0
1058.15	0	.5551049	.2195583	.2253368	0
1057.15	0	.554479	.2198791	.225642	0
1056.15	0	.5538556	.220198	.2259464	0
1055.15	0	.553235	.2205149	.2262502	0
1054.15	0	.5526169	.22083	.2265532	0
1053.15	0	.5520014	.2211431	.2268555	0
1052.15	0	.5513885	.2214544	.2271571	0
1051.15	0	.5507783	.2217637	.227458	0
1050.15	0	.5501706	.2220711	.2277582	0
1049.15	0	.5495656	.2223767	.2280577	0
1048.15	0	.5489631	.2226803	.2283565	0
1047.15	0	.5483633	.2229821	.2286546	0
1046.15	0	.547766	.223282	.228952	0
1045.15	0	.5471714	.2235799	.2292487	0
1044.15	0	.5465793	.223876	.2295447	0
1043.15	0	.5459898	.2241702	.22984	0
1042.15	0	.5454029	.2244625	.2301346	0
1041.15	0	.5448186	.224753	.2304285	0
1040.15	0	.5442368	.2250415	.2307217	0
1039.15	0	.5436576	.2253282	.2310142	0
1038.15	0	.543081	.225613	.231306	0
1037.15	0	.542507	.2258959	.2315971	0
1036.15	0	.5419356	.2261769	.2318875	0
1035.15	0	.5413667	.2264561	.2321772	0
1034.15	0	.5408004	.2267334	.2324662	0
1033.15	0	.5402366	.2270088	.2327545	0
1032.15	0	.5396754	.2272824	.2330422	0
1031.15	0	.5391168	.2275541	.2333291	0
1030.15	0	.5385607	.2278239	.2336153	0
1029.15	0	.5380072	.2280919	.2339009	0
1028.15	0	.5374562	.2283581	.2341857	0
1027.15	0	.5369078	.2286223	.2344699	0
1026.15	0	.5363619	.2288847	.2347534	0
1025.15	0	.5358186	.2291453	.2350361	0
1024.15	0	.5352777	.229404	.2353182	0
1023.15	0	.5347395	.2296609	.2355996	0
1022.15	0	.5342038	.2299159	.2358803	0
1021.15	0	.5336706	.2301691	.2361604	0
1020.15	0	.5331399	.2304204	.2364397	0
1019.15	0	.5326118	.2306699	.2367183	0
1018.15	0	.5320862	.2309176	.2369962	0
1017.15	0	.5315631	.2311634	.2372735	0
1016.15	0	.5310425	.2314075	.23755	0
1015.15	0	.5305244	.2316497	.2378259	0
1014.15	0	.5300089	.23189	.2381011	0
1013.15	0	.5294959	.2321286	.2383756	0
1012.15	0	.5289854	.2323653	.2386493	0
1011.15	0	.5284773	.2326002	.2389225	0
1010.15	0	.5279718	.2328333	.2391948	0
1009.15	0	.5274688	.2330646	.2394666	0
1008.15	0	.5269683	.2332941	.2397376	0
1007.15	0	.5264703	.2335218	.2400079	0
1006.15	0	.5259747	.2337477	.2402776	0
1005.15	0	.5254817	.2339718	.2405465	0
1004.15	0	.5249911	.2341941	.2408147	0
1003.15	0	.5245031	.2344147	.2410823	0
1002.15	0	.5240175	.2346334	.2413492	0
1001.15	0	.5235343	.2348503	.2416153	0
1000.15	0	.5230537	.2350655	.2418808	0
999.15	0	.5225755	.2352789	.2421456	0
998.15	0	.5220998	.2354906	.2424096	0
997.15	0	.5216265	.2357005	.242673	0
996.15	0	.5211557	.2359086	.2429357	0
995.15	0	.5206874	.2361149	.2431977	0
994.15	0	.5202215	.2363195	.243459	0
993.15	0	.5197581	.2365224	.2437195	0
992.15	0	.5192971	.2367235	.2439794	0
991.15	0	.5188385	.2369229	.2442386	0
990.15	0	.5183824	.2371205	.2444971	0
989.15	0	.5179287	.2373164	.2447549	0
988.15	0	.5174775	.2375106	.2450119	0
987.15	0	.5170286	.2377031	.2452683	0
986.15	0	.5165822	.2378938	.245524	0
985.15	0	.5161382	.2380829	.2457789	0
984.15	0	.5156966	.2382702	.2460332	0
983.15	0	.5152575	.2384558	.2462867	0
982.15	0	.5148207	.2386398	.2465395	0
981.15	0	.5143863	.238822	.2467916	0
980.15	0	.5139544	.2390026	.2470431	0
979.15	0	.5135248	.2391815	.2472937	0
978.15	0	.5130976	.2393587	.2475437	0
977.15	0	.5126728	.2395343	.247793	0
976.15	0	.5122503	.2397082	.2480415	0
975.15	0	.5118302	.2398804	.2482893	0
974.15	0	.5114125	.240051	.2485364	0
973.15	0	.5109972	.24022	.2487828	0
972.15	0	.5105842	.2403873	.2490285	0
971.15	0	.5101736	.240553	.2492734	0
970.15	0	.5097653	.2407171	.2495176	0
969.15	0	.5093593	.2408796	.2497611	0
968.15	0	.5089557	.2410404	.2500038	0
967.15	0	.5085544	.2411997	.2502458	0
966.15	0	.5081555	.2413574	.2504871	0
965.15	0	.5077588	.2415135	.2507277	0
964.15	0	.5073645	.2416681	.2509675	0
963.15	0	.5069724	.241821	.2512066	0
962.15	0	.5065827	.2419724	.2514449	0
961.15	0	.5061952	.2421223	.2516825	0
960.15	0	.5058101	.2422706	.2519193	0
959.15	0	.5054272	.2424174	.2521554	0
958.15	0	.5050466	.2425627	.2523907	0
957.15	0	.5046682	.2427065	.2526253	0
956.15	0	.5042921	.2428487	.2528592	0
955.15	0	.5039183	.2429895	.2530923	0
954.15	0	.5035466	.2431288	.2533246	0
953.15	0	.5031773	.2432666	.2535562	0
952.15	0	.5028101	.2434029	.253787	0
951.15	0	.5024452	.2435378	.254017	0
950.15	0	.5020825	.2436713	.2542463	0
949.15	0	.501722	.2438033	.2544747	0
948.15	0	.5013636	.2439339	.2547025	0
947.15	0	.5010075	.2440631	.2549294	0
946.15	0	.5006535	.2441909	.2551556	0
945.15	0	.5003017	.2443173	.2553809	0
944.15	0	.4999521	.2444424	.2556055	0
943.15	0	.4996046	.2445661	.2558293	0
942.15	0	.4992592	.2446884	.2560523	0
941.15	0	.498916	.2448094	.2562746	0
940.15	0	.4985749	.2449291	.256496	0
939.15	0	.4982359	.2450475	.2567166	0
938.15	0	.497899	.2451646	.2569364	0
937.15	0	.4975642	.2452804	.2571554	0
936.15	0	.4972315	.2453949	.2573736	0
935.15	0	.4969008	.2455082	.257591	0
934.15	0	.4965722	.2456203	.2578076	0
933.15	0	.4962456	.2457311	.2580233	0
932.15	0	.4959211	.2458407	.2582382	0
931.15	0	.4955985	.2459492	.2584523	0
930.15	0	.495278	.2460564	.2586656	0
929.15	0	.4949595	.2461625	.258878	0
928.15	0	.494643	.2462675	.2590895	0
927.15	0	.4943284	.2463713	.2593003	0
926.15	0	.4940158	.2464741	.2595101	0
925.15	0	.4937051	.2465757	.2597192	0
924.15	0	.4933964	.2466763	.2599273	0
923.15	0	.4930895	.2467759	.2601346	0
922.15	0	.4927846	.2468744	.260341	0
921.15	0	.4924816	.2469718	.2605466	0
920.15	0	.4921804	.2470683	.2607513	0
919.15	0	.4918811	.2471639	.2609551	0
918.15	0	.4915836	.2472584	.261158	0
917.15	0	.4912879	.2473521	.26136	0
916.15	0	.4909941	.2474448	.2615611	0
915.15	0	.490702	.2475366	.2617614	0
914.15	0	.4904118	.2476276	.2619607	0
913.15	0	.4901232	.2477177	.2621591	0
912.15	0	.4898365	.247807	.2623565	0
911.15	0	.4895514	.2478955	.2625531	0
910.15	0	.4892681	.2479832	.2627487	0
909.15	0	.4889864	.2480702	.2629434	0
908.15	0	.4887064	.2481564	.2631372	0
907.15	0	.488428	.248242	.26333	0
906.15	0	.4881513	.2483269	.2635218	0
905.15	0	.4878762	.2484111	.2637127	0
904.15	0	.4876026	.2484947	.2639027	0
903.15	0	.4873307	.2485777	.2640916	0
902.15	0	.4870603	.2486602	.2642796	0
901.15	0	.4867914	.2487421	.2644666	0
900.15	0	.486524	.2488235	.2646526	0
899.15	0	.486258	.2489044	.2648376	0
898.15	0	.4859936	.2489849	.2650216	0
897.15	0	.4857305	.2490649	.2652045	0
896.15	0	.4854689	.2491446	.2653865	0
895.15	0	.4852087	.2492239	.2655674	0
894.15	0	.4849498	.2493029	.2657473	0
893.15	0	.4846923	.2493816	.2659262	0
892.15	0	.484436	.24946	.2661039	0
891.15	0	.4841811	.2495383	.2662807	0
890.15	0	.4839274	.2496163	.2664563	0
889.15	0	.4836749	.2496942	.2666309	0
888.15	0	.4834236	.249772	.2668044	0
887.15	0	.4831735	.2498497	.2669768	0
886.15	0	.4829246	.2499274	.2671481	0
885.15	0	.4826767	.250005	.2673183	0
884.15	0	.4824299	.2500827	.2674873	0
883.15	0	.4821842	.2501605	.2676553	0
882.15	0	.4819395	.2502385	.267822	0
881.15	0	.4816958	.2503165	.2679877	0
880.15	0	.481453	.2503948	.2681521	0
879.15	0	.4812112	.2504734	.2683154	0
878.15	0	.4809703	.2505522	.2684775	0
877.15	0	.4807302	.2506314	.2686384	0
876.15	0	.4804909	.250711	.2687981	0
875.15	0	.4802524	.250791	.2689566	0
874.15	0	.4800146	.2508715	.2691139	0
873.15	0	.4797776	.2509526	.2692699	0
872.15	0	.4795412	.2510342	.2694246	0
871.15	0	.4793054	.2511165	.2695781	0
870.15	0	.4790702	.2511995	.2697303	0
869.15	0	.4788356	.2512832	.2698812	0
868.15	0	.4786014	.2513678	.2700308	0
867.15	0	.4783678	.2514531	.2701791	0
866.15	0	.4781345	.2515395	.270326	0
865.15	0	.4779016	.2516268	.2704716	0
864.15	0	.477669	.2517151	.2706159	0
863.15	0	.4774368	.2518046	.2707587	0
862.15	0	.4772047	.2518952	.2709002	0
861.15	0	.4769728	.251987	.2710402	0
860.15	0	.476741	.2520802	.2711788	0
859.15	0	.4765093	.2521747	.271316	0
858.15	0	.4762777	.2522707	.2714517	0
857.15	0	.476046	.2523682	.2715859	0
856.15	0	.4758142	.2524672	.2717186	0
855.15	0	.4755823	.252568	.2718498	0
854.15	0	.4753501	.2526705	.2719794	0
853.15	0	.4751177	.2527748	.2721075	0
852.15	0	.474885	.252881	.272234	0
851.15	0	.4746519	.2529893	.2723589	0
850.15	0	.4744183	.2530996	.2724822	0
849.15	0	.4741842	.2532121	.2726038	0
848.15	0	.4739495	.2533268	.2727237	0
847.15	0	.4737141	.253444	.272842	0
846.15	0	.473478	.2535636	.2729585	0
845.15	0	.473241	.2536857	.2730732	0
844.15	0	.4730032	.2538106	.2731862	0
843.15	0	.4727644	.2539382	.2732974	0
842.15	0	.4725245	.2540687	.2734067	0
841.15	0	.4722835	.2542023	.2735142	0
840.15	0	.4720413	.254339	.2736198	0
839.15	0	.4717977	.2544789	.2737234	0
838.15	0	.4715527	.2546222	.2738251	0
837.15	0	.4713062	.2547691	.2739247	0
836.15	0	.471058	.2549196	.2740224	0
835.15	0	.4708081	.255074	.2741179	0
834.15	0	.4705564	.2552323	.2742113	0
833.15	0	.4703027	.2553948	.2743026	0
832.15	0	.4700469	.2555615	.2743916	0
831.15	0	.4697889	.2557328	.2744784	0
830.15	0	.4695285	.2559086	.2745629	0
829.15	0	.4692657	.2560893	.274645	0
828.15	0	.4690002	.2562751	.2747247	0
827.15	0	.468732	.256466	.274802	0
826.15	0	.4684608	.2566625	.2748767	0
825.15	0	.4681865	.2568646	.2749489	0
824.15	0	.4679089	.2570727	.2750184	0
823.15	0	.4676279	.2572869	.2750852	0
822.15	0	.4673432	.2575076	.2751492	0
821.15	0	.4670547	.257735	.2752103	0
820.15	0	.4667621	.2579695	.2752684	0
819.15	0	.4664651	.2582113	.2753235	0
818.15	0	.4661636	.2584609	.2753755	0
817.15	0	.4658573	.2587184	.2754243	0
816.15	0	.4655459	.2589844	.2754697	0
815.15	0	.4652291	.2592593	.2755116	0
814.15	0	.4649065	.2595435	.27555	0
813.15	0	.4645779	.2598374	.2755847	0
812.15	0	.4642429	.2601416	.2756155	0
811.15	0	.463901	.2604566	.2756424	0
810.15	0	.4635519	.260783	.275665	0
809.15	0	.4631951	.2611215	.2756834	0
808.15	0	.4628301	.2614727	.2756972	0
807.15	0	.4624562	.2618374	.2757063	0
806.15	0	.462073	.2622165	.2757105	0
805.15	0	.4616798	.2626108	.2757094	0
804.15	0	.4612757	.2630214	.2757029	0
803.15	0	.4608601	.2634494	.2756905	0
802.15	0	.460432	.2638959	.2756721	0
801.15	0	.4599905	.2643624	.2756471	0
800.15	0	.4595343	.2648505	.2756152	0
799.15	0	.4590622	.2653619	.275576	0
798.15	0	.4585728	.2658985	.2755288	0
797.15	0	.4580643	.2664626	.2754731	0
796.15	0	.457535	.2670568	.2754081	0
795.15	0	.4569827	.2676842	.2753331	0
794.15	0	.4564046	.2683483	.2752472	0
793.15	0	.455136	.2699258	.2749382	0
792.15	0	.4538659	.2715116	.2746225	0
791.15	0	.4527312	.272925	.2743438	0
790.15	0	.4517067	.2741984	.2740948	0
789.15	0	.4507764	.2753542	.2738695	0
788.15	0	.4499215	.2764133	.2736652	0
787.15	0	.449134	.2773879	.2734781	0
786.15	0	.4484051	.2782891	.2733059	0
785.15	0	.4477279	.2791256	.2731465	0
784.15	0	.4470967	.2799049	.2729984	0
783.15	0	.4465067	.280633	.2728603	0
782.15	0	.4459538	.2813151	.2727311	0
781.15	0	.4454345	.2819556	.2726098	0
780.15	0	.4449459	.2825583	.2724957	0
779.15	0	.4444853	.2831266	.2723881	0
778.15	0	.4440504	.2836632	.2722864	0
777.15	0	.4436392	.2841709	.27219	0
776.15	0	.4432498	.2846517	.2720985	0
775.15	0	.4428807	.2851077	.2720115	0
774.15	0	.4425305	.2855408	.2719287	0
773.15	0	.4421978	.2859526	.2718496	0
772.15	0	.4418814	.2863445	.2717741	0
771.15	0	.4415803	.2867178	.2717019	0
770.15	0	.4412936	.2870737	.2716327	0
769.15	0	.4410203	.2874135	.2715663	0
768.15	0	.4407595	.287738	.2715025	0
767.15	0	.4405107	.2880481	.2714412	0
766.15	0	.440273	.2883448	.2713822	0
765.15	0	.4400458	.2886288	.2713253	0
764.15	0	.4398287	.2889009	.2712704	0
763.15	0	.4396209	.2891617	.2712175	0
762.15	0	.439422	.2894118	.2711662	0
761.15	0	.4392315	.2896518	.2711167	0
760.15	0	.439049	.2898824	.2710687	0
759.15	0	.438874	.2901038	.2710222	0
758.15	0	.4387063	.2903167	.270977	0
757.15	0	.4385454	.2905214	.2709332	0
756.15	0	.4383909	.2907184	.2708906	0
755.15	0	.4382427	.2909081	.2708492	0
754.15	0	.4381003	.2910908	.2708089	0
753.15	0	.4379635	.2912669	.2707696	0
752.15	0	.437832	.2914367	.2707313	0
751.15	0	.4377056	.2916004	.270694	0
750.15	0	.4375841	.2917584	.2706575	0
749.15	0	.4374672	.291911	.2706218	0
748.15	0	.4373547	.2920583	.270587	0
747.15	0	.4372464	.2922007	.2705529	0
746.15	0	.4371421	.2923384	.2705195	0
745.15	0	.4370417	.2924715	.2704869	0
744.15	0	.4369449	.2926003	.2704548	0
743.15	0	.4368517	.2927249	.2704234	0
742.15	0	.4367618	.2928457	.2703925	0
741.15	0	.4366752	.2929626	.2703622	0
740.15	0	.4365916	.293076	.2703324	0
739.15	0	.436511	.2931859	.2703031	0
738.15	0	.4364332	.2932925	.2702743	0
737.15	0	.4363581	.2933959	.270246	0
736.15	0	.4362857	.2934963	.270218	0
735.15	0	.4362156	.2935939	.2701905	0
734.15	0	.436148	.2936886	.2701633	0
733.15	0	.4360827	.2937807	.2701366	0
732.15	0	.4360195	.2938703	.2701101	0
731.15	0	.4359585	.2939575	.270084	0
730.15	0	.4358995	.2940423	.2700582	0
729.15	0	.4358424	.2941249	.2700328	0
728.15	0	.4357871	.2942053	.2700076	0
727.15	0	.4357336	.2942837	.2699826	0
726.15	0	.4356819	.2943602	.2699579	0
725.15	0	.4356318	.2944348	.2699335	0
724.15	0	.4355832	.2945075	.2699093	0
723.15	0	.4355362	.2945785	.2698853	0
722.15	0	.4354906	.2946479	.2698615	0
721.15	0	.4354463	.2947157	.2698379	0
720.15	0	.4354035	.294782	.2698145	0
719.15	0	.4353619	.2948468	.2697913	0
718.15	0	.4353215	.2949102	.2697682	0
717.15	0	.4352823	.2949723	.2697453	0
716.15	0	.4352443	.2950331	.2697226	0
715.15	0	.4352073	.2950927	.2697	0
714.15	0	.4351714	.2951511	.2696775	0
713.15	0	.4351365	.2952084	.2696551	0
712.15	0	.4351026	.2952646	.2696329	0
711.15	0	.4350695	.2953197	.2696108	0
710.15	0	.4350374	.2953739	.2695887	0
709.15	0	.4350061	.2954271	.2695668	0
708.15	0	.4349756	.2954794	.269545	0
707.15	0	.434946	.2955308	.2695232	0
706.15	0	.434917	.2955814	.2695016	0
705.15	0	.4348888	.2956312	.26948	0
704.15	0	.4348613	.2956803	.2694584	0
703.15	0	.4348344	.2957286	.269437	0
702.15	0	.4348082	.2957762	.2694156	0
701.15	0	.4347826	.2958232	.2693942	0
700.15	0	.4347576	.2958695	.2693729	0
699.15	0	.4347332	.2959152	.2693516	0
698.15	0	.4347092	.2959603	.2693304	0
697.15	0	.4346858	.2960049	.2693093	0
696.15	0	.4346629	.296049	.2692881	0
695.15	0	.4346405	.2960925	.269267	0
694.15	0	.4346185	.2961356	.2692459	0
693.15	0	.434597	.2961782	.2692249	0
692.15	0	.4345758	.2962203	.2692038	0
691.15	0	.4345551	.2962621	.2691828	0
690.15	0	.4345348	.2963035	.2691618	0
689.15	0	.4345148	.2963444	.2691408	0
688.15	0	.4344951	.2963851	.2691198	0
687.15	0	.4344758	.2964254	.2690988	0
686.15	0	.4344568	.2964653	.2690779	0
685.15	0	.4344381	.296505	.2690569	0
684.15	0	.4344197	.2965444	.2690359	0
683.15	0	.4344016	.2965835	.2690149	0
682.15	0	.4343837	.2966223	.268994	0
681.15	0	.4343661	.2966609	.268973	0
680.15	0	.4343487	.2966993	.268952	0
679.15	0	.4343316	.2967375	.268931	0
678.15	0	.4343146	.2967754	.26891	0
677.15	0	.4342979	.2968132	.2688889	0
676.15	0	.4342813	.2968508	.2688679	0
675.15	0	.434265	.2968882	.2688468	0
674.15	0	.4342488	.2969255	.2688257	0
673.15	0	.4342327	.2969626	.2688047	0
672.15	0	.4342169	.2969996	.2687835	0
671.15	0	.4342011	.2970365	.2687624	0
670.15	0	.4341855	.2970732	.2687412	0
669.15	0	.4341701	.2971099	.26872	0
668.15	0	.4341547	.2971464	.2686988	0
667.15	0	.4341395	.2971829	.2686776	0
666.15	0	.4341244	.2972193	.2686563	0
665.15	0	.4341094	.2972556	.268635	0
664.15	0	.4340945	.2972919	.2686137	0
663.15	0	.4340796	.2973281	.2685923	0
662.15	0	.4340649	.2973642	.2685709	0
661.15	0	.4340502	.2974003	.2685495	0
660.15	0	.4340356	.2974364	.268528	0
659.15	0	.434021	.2974724	.2685066	0
658.15	0	.4340065	.2975085	.268485	0
657.15	0	.4339921	.2975445	.2684635	0
656.15	0	.4339777	.2975804	.2684419	0
655.15	0	.4339633	.2976164	.2684203	0
654.15	0	.433949	.2976524	.2683986	0
653.15	0	.4339347	.2976884	.2683769	0
652.15	0	.4339205	.2977244	.2683551	0
651.15	0	.4339062	.2977604	.2683334	0
650.15	0	.433892	.2977964	.2683115	0
649.15	0	.4338778	.2978325	.2682897	0
648.15	0	.4338636	.2978686	.2682678	0
647.15	0	.4338495	.2979047	.2682459	0
646.15	0	.4338353	.2979408	.2682239	0
645.15	0	.4338211	.297977	.2682019	0
644.15	0	.433807	.2980132	.2681798	0
643.15	0	.4337928	.2980494	.2681577	0
642.15	0	.4337787	.2980857	.2681356	0
641.15	0	.4337645	.2981221	.2681134	0
640.15	0	.4337503	.2981585	.2680912	0
639.15	0	.4337361	.298195	.2680689	0
638.15	0	.4337218	.2982315	.2680467	0
637.15	0	.4337076	.2982681	.2680243	0
636.15	0	.4336933	.2983047	.2680019	0
635.15	0	.433679	.2983415	.2679795	0
634.15	0	.4336647	.2983782	.2679571	0
633.15	0	.4336504	.2984151	.2679346	0
632.15	0	.433636	.298452	.267912	0
631.15	0	.4336216	.298489	.2678895	0
630.15	0	.4336071	.2985261	.2678668	0
629.15	0	.4335926	.2985632	.2678442	0
628.15	0	.4335781	.2986004	.2678215	0
627.15	0	.4335636	.2986377	.2677987	0
626.15	0	.4335489	.2986751	.2677759	0
625.15	0	.4335343	.2987126	.2677531	0
624.15	0	.4335196	.2987501	.2677302	0
623.15	0	.4335049	.2987878	.2677073	0
622.15	0	.4334901	.2988255	.2676844	0
621.15	0	.4334753	.2988633	.2676614	0
620.15	0	.4334604	.2989012	.2676384	0
619.15	0	.4334455	.2989392	.2676153	0
618.15	0	.4334305	.2989773	.2675922	0
617.15	0	.4334155	.2990154	.2675691	0
616.15	0	.4334004	.2990537	.2675459	0
615.15	0	.4333853	.299092	.2675227	0
614.15	0	.4333701	.2991304	.2674994	0
613.15	0	.4333549	.299169	.2674761	0
612.15	0	.4333396	.2992076	.2674528	0
611.15	0	.4333243	.2992463	.2674294	0
610.15	0	.4333089	.2992851	.267406	0
609.15	0	.4332934	.299324	.2673826	0
608.15	0	.4332779	.299363	.2673591	0
607.15	0	.4332623	.2994021	.2673356	0
606.15	0	.4332467	.2994413	.267312	0
605.15	0	.433231	.2994806	.2672884	0
604.15	0	.4332153	.2995199	.2672648	0
603.15	0	.4331995	.2995594	.2672411	0
602.15	0	.4331836	.2995989	.2672175	0
601.15	0	.4331677	.2996386	.2671937	0
600.15	0	.4331517	.2996784	.26717	0
599.15	0	.4331356	.2997182	.2671462	0
598.15	0	.4331195	.2997581	.2671224	0
597.15	0	.4331034	.2997981	.2670985	0
596.15	0	.4330871	.2998383	.2670746	0
595.15	0	.4330708	.2998785	.2670507	0
594.15	0	.4330545	.2999188	.2670268	0
593.15	0	.4330381	.2999592	.2670028	0
592.15	0	.4330216	.2999997	.2669788	0
591.15	0	.433005	.3000402	.2669547	0
590.15	0	.4329885	.3000809	.2669306	0
589.15	0	.4329718	.3001217	.2669065	0
588.15	0	.4329551	.3001625	.2668824	0
587.15	0	.4329383	.3002035	.2668583	0
586.15	0	.4329214	.3002445	.2668341	0
585.15	0	.4329045	.3002856	.2668099	0
584.15	0	.4328876	.3003268	.2667856	0
583.15	0	.4328706	.3003681	.2667614	0
582.15	0	.4328535	.3004095	.2667371	0
581.15	0	.4328363	.3004509	.2667128	0
580.15	0	.4328191	.3004925	.2666884	0
579.15	0	.4328019	.3005341	.266664	0
578.15	0	.4327845	.3005758	.2666397	0
577.15	0	.4327672	.3006176	.2666153	0
576.15	0	.4327497	.3006595	.2665908	0
575.15	0	.4327322	.3007014	.2665664	0
574.15	0	.4327147	.3007435	.2665419	0
573.15	0	.432697	.3007856	.2665174	0
572.15	0	.4326794	.3008278	.2664929	0
571.15	0	.4326616	.30087	.2664683	0
570.15	0	.4326439	.3009124	.2664438	0
569.15	0	.432626	.3009548	.2664192	0
568.15	0	.4326081	.3009973	.2663946	0
567.15	0	.4325902	.3010399	.26637	0
566.15	0	.4325721	.3010825	.2663453	0
565.15	0	.4325541	.3011252	.2663207	0
564.15	0	.432536	.301168	.266296	0
563.15	0	.4325178	.3012109	.2662713	0
562.15	0	.4324995	.3012538	.2662466	0
561.15	0	.4324813	.3012968	.2662219	0
560.15	0	.4324629	.3013399	.2661972	0
559.15	0	.4324445	.301383	.2661725	0
558.15	0	.4324261	.3014262	.2661477	0
557.15	0	.4324076	.3014695	.2661229	0
556.15	0	.4323891	.3015128	.2660982	0
555.15	0	.4323705	.3015562	.2660734	0
554.15	0	.4323518	.3015996	.2660486	0
553.15	0	.4323331	.3016431	.2660237	0
552.15	0	.4323144	.3016867	.2659989	0
551.15	0	.4322956	.3017303	.2659741	0
550.15	0	.4322768	.301774	.2659492	0
549.15	0	.4322579	.3018177	.2659244	0
548.15	0	.432239	.3018615	.2658995	0
547.15	0	.43222	.3019053	.2658747	0
546.15	0	.432201	.3019492	.2658498	0
545.15	0	.4321819	.3019932	.2658249	0
544.15	0	.4321628	.3020372	.2658	0
543.15	0	.4321436	.3020812	.2657752	0
542.15	0	.4321244	.3021253	.2657503	0
541.15	0	.4321052	.3021695	.2657254	0
540.15	0	.4320859	.3022136	.2657005	0
539.15	0	.4320666	.3022579	.2656756	0
538.15	0	.4320472	.3023021	.2656507	0
537.15	0	.4320278	.3023465	.2656258	0
536.15	0	.4320084	.3023908	.2656008	0
535.15	0	.4319889	.3024352	.2655759	0
534.15	0	.4319693	.3024796	.265551	0
533.15	0	.4319498	.3025241	.2655261	0
532.15	0	.4319302	.3025686	.2655012	0
531.15	0	.4319105	.3026131	.2654763	0
530.15	0	.4318908	.3026577	.2654514	0
529.15	0	.4318713	.3027023	.2654264	0
528.15	0	.4318516	.302747	.2654015	0
527.15	0	.4318318	.3027916	.2653766	0
526.15	0	.4318119	.3028363	.2653517	0
525.15	0	.4317921	.3028811	.2653268	0
524.15	0	.4317722	.3029258	.265302	0
523.15	0	.4317523	.3029706	.2652771	0
522.15	0	.4317324	.3030154	.2652522	0
521.15	0	.4317124	.3030602	.2652274	0
520.15	0	.4316924	.3031051	.2652026	0
519.15	0	.4316724	.3031499	.2651777	0
518.15	0	.4316523	.3031948	.2651529	0
517.15	0	.4316322	.3032397	.2651281	0
516.15	0	.4316121	.3032847	.2651033	0
515.15	0	.4315919	.3033296	.2650785	0
514.15	0	.4315717	.3033746	.2650537	0
513.15	0	.4315515	.3034195	.2650289	0
512.15	0	.4315313	.3034645	.2650042	0
511.15	0	.4315111	.3035095	.2649795	0
510.15	0	.4314908	.3035545	.2649547	0
509.15	0	.4314705	.3035995	.26493	0
508.15	0	.4314502	.3036445	.2649053	0
507.15	0	.4314298	.3036896	.2648806	0
506.15	0	.4314094	.3037346	.264856	0
505.15	0	.4313891	.3037796	.2648313	0
504.15	0	.4313687	.3038247	.2648067	0
503.15	0	.4313482	.3038697	.2647821	0
502.15	0	.4313278	.3039147	.2647575	0
501.15	0	.4313073	.3039598	.2647329	0
500.15	0	.4312868	.3040048	.2647084	0
499.15	0	.4312663	.3040498	.2646839	0
498.15	0	.4312458	.3040949	.2646594	0
497.15	0	.4312253	.3041399	.2646349	0
496.15	0	.4312047	.3041849	.2646104	0
495.15	0	.4311841	.3042299	.264586	0
494.15	0	.4311636	.3042749	.2645616	0
493.15	0	.431143	.3043199	.2645372	0
492.15	0	.4311224	.3043648	.2645128	0
491.15	0	.4311017	.3044098	.2644885	0
490.15	0	.4310811	.3044547	.2644642	0
489.15	0	.4310605	.3044997	.2644399	0
488.15	0	.4310398	.3045446	.2644156	0
487.15	0	.4310192	.3045895	.2643914	0
486.15	0	.4309985	.3046344	.2643672	0
485.15	0	.4309778	.3046792	.264343	0
484.15	0	.4309571	.3047241	.2643188	0
483.15	0	.4309364	.3047689	.2642947	0
482.15	0	.4309157	.3048137	.2642706	0
481.15	0	.430895	.3048584	.2642466	0
480.15	0	.4308743	.3049032	.2642226	0
479.15	0	.4308535	.3049479	.2641986	0
478.15	0	.4308328	.3049926	.2641746	0
477.15	0	.4308121	.3050372	.2641507	0
476.15	0	.4307914	.3050818	.2641268	0
475.15	0	.4307706	.3051264	.264103	0
474.15	0	.4307499	.305171	.2640791	0
473.15	0	.4307291	.3052155	.2640554	0
472.15	0	.4307084	.30526	.2640316	0
471.15	0	.4306877	.3053044	.2640079	0
470.15	0	.4306669	.3053489	.2639842	0
469.15	0	.4306462	.3053932	.2639606	0
468.15	0	.4306254	.3054376	.263937	0
467.15	0	.4306047	.3054819	.2639134	0
466.15	0	.430584	.3055261	.2638899	0
465.15	0	.4305632	.3055703	.2638665	0
464.15	0	.4305425	.3056145	.263843	0
463.15	0	.4305218	.3056586	.2638196	0
462.15	0	.430501	.3057027	.2637963	0
461.15	0	.4304803	.3057467	.263773	0
460.15	0	.4304596	.3057907	.2637497	0
459.15	0	.4304389	.3058346	.2637265	0
458.15	0	.4304182	.3058785	.2637033	0
457.15	0	.4303975	.3059223	.2636802	0
456.15	0	.4303768	.3059661	.2636571	0
455.15	0	.4303561	.3060098	.2636341	0
454.15	0	.4303355	.3060535	.2636111	0
453.15	0	.4303148	.306097	.2635881	0
452.15	0	.4302942	.3061406	.2635652	0
451.15	0	.4302735	.3061841	.2635424	0
450.15	0	.4302529	.3062275	.2635196	0
449.15	0	.4302323	.3062708	.2634968	0
448.15	0	.4302118	.3063141	.2634741	0
447.15	0	.4301912	.3063573	.2634515	0
446.15	0	.4301707	.3064004	.2634289	0
445.15	0	.4301502	.3064434	.2634064	0
444.15	0	.4301297	.3064864	.2633839	0
443.15	0	.4301093	.3065292	.2633615	0
442.15	0	.4300889	.306572	.2633392	0
441.15	0	.4300685	.3066146	.2633169	0
440.15	0	.4300481	.3066572	.2632947	0
439.15	0	.4300278	.3066997	.2632725	0
438.15	0	.4300076	.306742	.2632504	0
437.15	0	.4299874	.3067843	.2632284	0
436.15	0	.4299672	.3068264	.2632064	0
435.15	0	.4299471	.3068684	.2631845	0
434.15	0	.429927	.3069103	.2631627	0
433.15	0	.429907	.306952	.263141	0
432.15	0	.429887	.3069937	.2631193	0
431.15	0	.4298671	.3070352	.2630977	0
430.15	0	.4298473	.3070765	.2630762	0
429.15	0	.4298275	.3071178	.2630548	0
428.15	0	.4298077	.3071588	.2630334	0
