T	 BPW(LIQUID)	BPW(BCC_A2)	BPW(FCC_A1)	BPW(LAVES_PHASE_C14)	BPW(NI3TI)
1473.15	.2052759	.7947241	0	0	0
1472.15	.2031338	.7968662	0	0	0
1471.15	.201005	.798995	0	0	0
1470.15	.1988895	.8011105	0	0	0
1469.15	.1967871	.8032129	0	0	0
1468.15	.1946976	.8053024	0	0	0
1467.15	.1926211	.8073789	0	0	0
1466.15	.1905573	.8094427	0	0	0
1465.15	.1885061	.8114939	0	0	0
1464.15	.1864675	.8135325	0	0	0
1463.15	.1844414	.8155586	0	0	0
1462.15	.1824276	.8175724	0	0	0
1461.15	.180426	.819574	0	0	0
1460.15	.1784366	.8215634	0	0	0
1459.92	.1779808	.8220192	0	0	0
1459.92	.1779808	.8220192	0	0	0
1459.92	.1779808	.8220192	0	0	0
1459.15	.1742407	.8201203	.005639034	0	0
1458.15	.1693845	.81767	.0129455	0	0
1457.15	.1645289	.8152374	.0202337	0	0
1456.15	.1596736	.8128224	.02750394	0	0
1455.15	.1548185	.8104251	.03475649	0	0
1454.15	.1499631	.8080453	.04199163	0	0
1453.15	.1451073	.8056831	.04920963	0	0
1452.15	.1402509	.8033384	.05641077	0	0
1451.15	.1353935	.8010112	.06359533	0	0
1450.15	.130535	.7987015	.07076356	0	0
1449.15	.125675	.7964092	.07791572	0	0
1448.15	.1208135	.7941344	.08505209	0	0
1447.15	.11595	.791877	.09217291	0	0
1446.15	.1110845	.7896371	.09927845	0	0
1445.15	.1062166	.7874144	.106369	0	0
1444.15	.1013462	.7852092	.1134447	0	0
1443.15	.0964729	.7830213	.1205058	0	0
1442.15	.09159661	.7808507	.1275527	0	0
1441.15	.08671707	.7786974	.1345855	0	0
1440.15	.08183406	.7765614	.1416045	0	0
1439.15	.07694734	.7744427	.14861	0	0
1438.15	.07205672	.7723412	.155602	0	0
1437.15	.06716195	.7702571	.162581	0	0
1436.15	.06226284	.7681901	.1695471	0	0
1435.15	.05735916	.7661404	.1765005	0	0
1434.15	.05245071	.7641078	.1834415	0	0
1433.15	.04753727	.7620925	.1903702	0	0
1432.15	.04261864	.7600944	.197287	0	0
1431.15	.0376946	.7581135	.2041919	0	0
1430.15	.03276495	.7561497	.2110853	0	0
1429.15	.0278295	.7542031	.2179674	0	0
1428.15	.02288803	.7522737	.2248383	0	0
1427.15	.01794034	.7503614	.2316982	0	0
1426.15	.01298625	.7484663	.2385475	0	0
1425.15	.008025543	.7465883	.2453862	0	0
1424.15	.003058031	.7447274	.2522146	0	0
1423.535	0	.7435916	.2564084	0	0
1423.535	0	.7435916	.2564084	0	0
1423.15	0	.7429829	.2570171	0	0
1422.15	0	.741404	.258596	0	0
1421.15	0	.7398278	.2601723	0	0
1420.15	0	.7382541	.2617459	0	0
1419.15	0	.7366831	.2633169	0	0
1418.15	0	.7351147	.2648853	0	0
1417.15	0	.733549	.266451	0	0
1416.15	0	.7319859	.2680141	0	0
1415.15	0	.7304254	.2695746	0	0
1414.15	0	.7288675	.2711325	0	0
1413.15	0	.7273122	.2726878	0	0
1412.15	0	.7257596	.2742404	0	0
1411.15	0	.7242096	.2757904	0	0
1410.15	0	.7226622	.2773378	0	0
1409.15	0	.7211174	.2788826	0	0
1408.15	0	.7195753	.2804248	0	0
1407.15	0	.7180357	.2819643	0	0
1406.15	0	.7164988	.2835012	0	0
1405.15	0	.7149645	.2850356	0	0
1404.15	0	.7134328	.2865672	0	0
1403.15	0	.7119036	.2880964	0	0
1402.15	0	.7103772	.2896228	0	0
1401.15	0	.7088533	.2911467	0	0
1400.15	0	.707332	.292668	0	0
1399.15	0	.7058134	.2941867	0	0
1398.15	0	.7042973	.2957027	0	0
1397.15	0	.7027838	.2972162	0	0
1396.15	0	.701273	.298727	0	0
1395.15	0	.6997648	.3002352	0	0
1394.15	0	.6982591	.3017409	0	0
1393.15	0	.6967561	.3032439	0	0
1392.15	0	.6952557	.3047443	0	0
1391.15	0	.6937578	.3062422	0	0
1390.15	0	.6922626	.3077374	0	0
1389.15	0	.69077	.30923	0	0
1388.15	0	.68928	.31072	0	0
1387.15	0	.6877925	.3122075	0	0
1386.15	0	.6863077	.3136923	0	0
1385.15	0	.6848255	.3151745	0	0
1384.15	0	.6833459	.3166541	0	0
1383.15	0	.6818688	.3181312	0	0
1382.15	0	.6803944	.3196056	0	0
1381.15	0	.6789226	.3210774	0	0
1380.15	0	.6774534	.3225467	0	0
1379.15	0	.6759867	.3240133	0	0
1378.15	0	.6745227	.3254773	0	0
1377.15	0	.6730613	.3269387	0	0
1376.15	0	.6716024	.3283976	0	0
1375.15	0	.6701462	.3298538	0	0
1374.15	0	.6686926	.3313074	0	0
1373.15	0	.6672415	.3327585	0	0
1372.15	0	.6657931	.3342069	0	0
1371.15	0	.6643473	.3356527	0	0
1370.15	0	.662904	.337096	0	0
1369.15	0	.6614634	.3385366	0	0
1368.15	0	.6600253	.3399747	0	0
1367.15	0	.6585899	.3414101	0	0
1366.15	0	.6571571	.3428429	0	0
1365.15	0	.6557268	.3442732	0	0
1364.15	0	.6542992	.3457008	0	0
1363.15	0	.6528742	.3471258	0	0
1362.15	0	.6514518	.3485482	0	0
1361.15	0	.6500319	.3499681	0	0
1360.15	0	.6486147	.3513853	0	0
1359.15	0	.6472001	.3527999	0	0
1358.15	0	.6457881	.3542119	0	0
1357.15	0	.6443787	.3556213	0	0
1356.15	0	.6429719	.3570281	0	0
1355.15	0	.6415678	.3584322	0	0
1354.15	0	.6401662	.3598338	0	0
1353.15	0	.6387673	.3612328	0	0
1352.15	0	.6373709	.3626291	0	0
1351.15	0	.6359772	.3640228	0	0
1350.15	0	.6345861	.3654139	0	0
1349.15	0	.6331976	.3668024	0	0
1348.15	0	.6318117	.3681883	0	0
1347.15	0	.6304285	.3695716	0	0
1346.15	0	.6290478	.3709522	0	0
1345.15	0	.6276698	.3723302	0	0
1344.15	0	.6262944	.3737056	0	0
1343.15	0	.6249216	.3750784	0	0
1342.15	0	.6235515	.3764485	0	0
1341.15	0	.622184	.377816	0	0
1340.15	0	.6208191	.3791809	0	0
1339.15	0	.6194569	.3805431	0	0
1338.15	0	.6180972	.3819028	0	0
1337.15	0	.6167402	.3832598	0	0
1336.15	0	.6153859	.3846141	0	0
1335.15	0	.6140342	.3859658	0	0
1334.15	0	.6126851	.3873149	0	0
1333.15	0	.6113387	.3886613	0	0
1332.15	0	.6099949	.3900051	0	0
1331.15	0	.6086538	.3913462	0	0
1330.15	0	.6073153	.3926847	0	0
1329.15	0	.6059795	.3940205	0	0
1328.15	0	.6046463	.3953537	0	0
1327.15	0	.6033158	.3966842	0	0
1326.15	0	.6019879	.3980121	0	0
1325.15	0	.6006627	.3993373	0	0
1324.15	0	.5993402	.4006598	0	0
1323.15	0	.5980203	.4019797	0	0
1322.15	0	.5967031	.4032969	0	0
1321.15	0	.5953886	.4046114	0	0
1320.15	0	.5940768	.4059232	0	0
1319.15	0	.5927676	.4072324	0	0
1318.15	0	.5914611	.4085389	0	0
1317.15	0	.5901573	.4098427	0	0
1316.15	0	.5888562	.4111438	0	0
1315.15	0	.5875577	.4124423	0	0
1314.15	0	.586262	.413738	0	0
1313.15	0	.584969	.4150311	0	0
1312.15	0	.5836786	.4163214	0	0
1311.15	0	.582391	.417609	0	0
1310.15	0	.581106	.418894	0	0
1309.15	0	.5798238	.4201762	0	0
1308.15	0	.5785443	.4214557	0	0
1307.15	0	.5772675	.4227325	0	0
1306.15	0	.5759934	.4240066	0	0
1305.15	0	.5747221	.4252779	0	0
1304.15	0	.5734535	.4265466	0	0
1303.15	0	.5721876	.4278124	0	0
1302.15	0	.5709244	.4290756	0	0
1301.15	0	.569664	.430336	0	0
1300.15	0	.5684063	.4315937	0	0
1299.15	0	.5671514	.4328486	0	0
1298.15	0	.5658992	.4341008	0	0
1297.15	0	.5646498	.4353502	0	0
1296.15	0	.5634032	.4365968	0	0
1295.15	0	.5621593	.4378407	0	0
1294.15	0	.5609182	.4390818	0	0
1293.15	0	.5596798	.4403202	0	0
1292.15	0	.5584443	.4415557	0	0
1291.15	0	.5572115	.4427885	0	0
1290.15	0	.5559815	.4440185	0	0
1289.15	0	.5547543	.4452457	0	0
1288.15	0	.5535299	.4464701	0	0
1287.15	0	.5523083	.4476917	0	0
1286.15	0	.5510895	.4489105	0	0
1285.15	0	.5498736	.4501264	0	0
1284.15	0	.5486604	.4513396	0	0
1283.15	0	.5474501	.4525499	0	0
1282.15	0	.5462426	.4537574	0	0
1281.15	0	.5450379	.4549621	0	0
1280.15	0	.5438361	.4561639	0	0
1279.15	0	.5426371	.4573629	0	0
1278.15	0	.541441	.458559	0	0
1277.15	0	.5402478	.4597523	0	0
1276.15	0	.5390574	.4609426	0	0
1275.15	0	.5378698	.4621302	0	0
1274.15	0	.5366852	.4633148	0	0
1273.15	0	.5355034	.4644966	0	0
1272.15	0	.5343245	.4656755	0	0
1271.15	0	.5331486	.4668515	0	0
1270.15	0	.5319755	.4680245	0	0
1269.15	0	.5308053	.4691947	0	0
1268.15	0	.529638	.470362	0	0
1267.15	0	.5284737	.4715263	0	0
1266.15	0	.5273123	.4726877	0	0
1265.15	0	.5261538	.4738462	0	0
1264.15	0	.5249983	.4750017	0	0
1263.15	0	.5238457	.4761543	0	0
1262.15	0	.522696	.477304	0	0
1261.15	0	.5215494	.4784506	0	0
1260.15	0	.5204057	.4795943	0	0
1259.15	0	.519265	.480735	0	0
1258.15	0	.5181272	.4818728	0	0
1257.15	0	.5169925	.4830075	0	0
1256.15	0	.5158608	.4841392	0	0
1255.15	0	.514732	.485268	0	0
1254.15	0	.5136063	.4863937	0	0
1253.15	0	.5124836	.4875164	0	0
1252.15	0	.511364	.488636	0	0
1251.15	0	.5102474	.4897526	0	0
1250.15	0	.5091338	.4908662	0	0
1249.15	0	.5080233	.4919767	0	0
1248.15	0	.5069159	.4930841	0	0
1247.15	0	.5058115	.4941885	0	0
1246.15	0	.5047102	.4952898	0	0
1245.15	0	.503612	.496388	0	0
1244.15	0	.502517	.497483	0	0
1243.15	0	.501425	.498575	0	0
1242.15	0	.5003361	.4996639	0	0
1241.15	0	.4992504	.5007496	0	0
1240.15	0	.4981678	.5018322	0	0
1239.15	0	.4970884	.5029116	0	0
1238.15	0	.4960121	.5039879	0	0
1237.15	0	.494939	.505061	0	0
1236.15	0	.4938691	.506131	0	0
1235.15	0	.4928023	.5071977	0	0
1234.15	0	.4917388	.5082612	0	0
1233.15	0	.4906784	.5093216	0	0
1232.15	0	.4896213	.5103787	0	0
1231.15	0	.4885674	.5114326	0	0
1230.15	0	.4875167	.5124833	0	0
1229.15	0	.4864693	.5135307	0	0
1228.15	0	.4854252	.5145748	0	0
1227.15	0	.4843843	.5156157	0	0
1226.15	0	.4833467	.5166533	0	0
1225.15	0	.4823124	.5176876	0	0
1224.15	0	.4812814	.5187186	0	0
1223.15	0	.4802537	.5197463	0	0
1222.15	0	.4792294	.5207706	0	0
1221.15	0	.4782084	.5217916	0	0
1220.15	0	.4771907	.5228093	0	0
1219.15	0	.4761764	.5238236	0	0
1218.15	0	.4751655	.5248345	0	0
1217.15	0	.474158	.525842	0	0
1216.15	0	.4731538	.5268462	0	0
1215.15	0	.4721531	.5278469	0	0
1214.15	0	.4711558	.5288442	0	0
1213.15	0	.4701619	.5298381	0	0
1212.15	0	.4691715	.5308285	0	0
1211.15	0	.4681846	.5318154	0	0
1210.15	0	.4672011	.5327989	0	0
1209.15	0	.4662212	.5337788	0	0
1208.15	0	.4652447	.5347553	0	0
1207.15	0	.4642717	.5357283	0	0
1206.15	0	.4633023	.5366977	0	0
1205.15	0	.4623365	.5376635	0	0
1204.15	0	.4613741	.5386259	0	0
1203.15	0	.4604154	.5395846	0	0
1202.15	0	.4594603	.5405398	0	0
1201.15	0	.4585087	.5414913	0	0
1200.15	0	.4575608	.5424392	0	0
1199.15	0	.4566165	.5433835	0	0
1198.15	0	.4556758	.5443242	0	0
1197.15	0	.4547388	.5452612	0	0
1196.15	0	.4538055	.5461945	0	0
1195.15	0	.4528759	.5471241	0	0
1194.15	0	.45195	.54805	0	0
1193.15	0	.4510278	.5489722	0	0
1192.15	0	.4501094	.5498906	0	0
1191.15	0	.4491947	.5508053	0	0
1190.15	0	.4482838	.5517162	0	0
1189.15	0	.4473767	.5526233	0	0
1188.15	0	.4464734	.5535266	0	0
1187.15	0	.4455739	.5544261	0	0
1186.15	0	.4446782	.5553218	0	0
1185.15	0	.4437864	.5562136	0	0
1184.15	0	.4428985	.5571015	0	0
1183.15	0	.4420145	.5579855	0	0
1182.15	0	.4411344	.5588656	0	0
1181.15	0	.4402582	.5597418	0	0
1180.15	0	.439386	.560614	0	0
1179.15	0	.4385177	.5614823	0	0
1178.15	0	.4376534	.5623466	0	0
1177.15	0	.4367931	.5632069	0	0
1176.15	0	.4359369	.5640631	0	0
1175.15	0	.4350846	.5649154	0	0
1174.15	0	.4342365	.5657635	0	0
1173.15	0	.4333924	.5666076	0	0
1172.15	0	.4325524	.5674476	0	0
1171.15	0	.4317165	.5682835	0	0
1170.15	0	.4308848	.5691152	0	0
1169.15	0	.4300572	.5699428	0	0
1168.15	0	.4292338	.5707662	0	0
1167.15	0	.4284146	.5715854	0	0
1166.15	0	.4275996	.5724004	0	0
1165.15	0	.4267889	.5732111	0	0
1164.15	0	.4259824	.5740176	0	0
1163.15	0	.4251803	.5748197	0	0
1162.15	0	.4243824	.5756176	0	0
1161.15	0	.4235888	.5764112	0	0
1160.15	0	.4227996	.5772004	0	0
1159.15	0	.4220148	.5779852	0	0
1158.15	0	.4212343	.5787657	0	0
1157.15	0	.4204583	.5795417	0	0
1156.15	0	.4196867	.5803133	0	0
1155.15	0	.4189196	.5810804	0	0
1154.15	0	.4181569	.5818431	0	0
1153.15	0	.4173988	.5826012	0	0
1152.15	0	.4166452	.5833548	0	0
1151.15	0	.4158961	.5841039	0	0
1150.15	0	.4151517	.5848483	0	0
1149.15	0	.4144118	.5855882	0	0
1148.15	0	.4136766	.5863234	0	0
1147.15	0	.4129461	.5870539	0	0
1146.15	0	.4122202	.5877798	0	0
1145.15	0	.411499	.588501	0	0
1144.15	0	.4107825	.5892175	0	0
1143.15	0	.4100709	.5899291	0	0
1142.15	0	.409364	.590636	0	0
1141.15	0	.4086619	.5913381	0	0
1140.15	0	.4079646	.5920354	0	0
1139.15	0	.4072722	.5927278	0	0
1138.15	0	.4065847	.5934153	0	0
1137.15	0	.4059022	.5940979	0	0
1136.15	0	.4052245	.5947755	0	0
1135.15	0	.4045519	.5954482	0	0
1134.15	0	.4038842	.5961158	0	0
1133.15	0	.4032216	.5967784	0	0
1132.15	0	.402564	.597436	0	0
1131.15	0	.4019115	.5980885	0	0
1130.15	0	.4012642	.5987358	0	0
1129.15	0	.4006219	.5993781	0	0
1128.15	0	.3999849	.6000151	0	0
1127.15	0	.3993531	.6006469	0	0
1126.15	0	.3987265	.6012735	0	0
1125.15	0	.3981051	.6018949	0	0
1124.15	0	.3974891	.6025109	0	0
1123.15	0	.3968784	.6031216	0	0
1122.15	0	.3962731	.6037269	0	0
1121.15	0	.3956731	.6043269	0	0
1120.15	0	.3950786	.6049214	0	0
1119.15	0	.3944895	.6055105	0	0
1118.15	0	.3939059	.6060941	0	0
1117.15	0	.3933279	.6066721	0	0
1116.15	0	.3927554	.6072446	0	0
1115.15	0	.3921884	.6078116	0	0
1114.15	0	.3916271	.6083729	0	0
1113.15	0	.3910715	.6089285	0	0
1112.15	0	.3905215	.6094785	0	0
1111.15	0	.3899773	.6100227	0	0
1110.15	0	.3894388	.6105612	0	0
1109.15	0	.3889062	.6110938	0	0
1108.15	0	.3883793	.6116207	0	0
1107.15	0	.3878583	.6121417	0	0
1106.15	0	.3873432	.6126568	0	0
1105.152	0	.3868352	.6131648	0	0
1105.152	0	.3868352	.6131648	0	0
1105.152	0	.3868352	.6131648	0	0
1105.15	0	.3868333	.6131659	8.138708E-07	0
1104.15	0	.3859941	.6136402	3.657667E-04	0
1103.15	0	.3851613	.6141089	7.298599E-04	0
1102.15	0	.3843349	.614572	.001093095	0
1101.15	0	.3835151	.6150295	.001455473	0
1100.15	0	.3827017	.6154813	.001816997	0
1099.15	0	.3818949	.6159274	.002177666	0
1098.15	0	.3810947	.6163678	.002537483	0
1097.15	0	.3803011	.6168025	.002896449	0
1096.15	0	.3795141	.6172314	.003254565	0
1095.15	0	.3787337	.6176544	.003611833	0
1094.15	0	.3779601	.6180717	.003968254	0
1093.15	0	.3771931	.6184831	.00432383	0
1092.15	0	.3764329	.6188886	.00467856	0
1091.15	0	.3756794	.6192881	.005032448	0
1090.15	0	.3749328	.6196817	.005385493	0
1089.15	0	.374193	.6200693	.005737697	0
1088.15	0	.37346	.6204509	.006089061	0
1087.15	0	.3727339	.6208265	.006439586	0
1086.15	0	.3720148	.6211959	.006789274	0
1085.15	0	.3713026	.6215593	.007138124	0
1084.15	0	.3705974	.6219165	.007486139	0
1083.15	0	.3698992	.6222675	.007833319	0
1082.15	0	.3692081	.6226122	.008179665	0
1081.15	0	.368524	.6229508	.008525177	0
1080.15	0	.3678471	.623283	.008869858	0
1079.15	0	.3671773	.623609	.009213706	0
1078.15	0	.3665147	.6239286	.009556724	0
1077.15	0	.3658593	.6242418	.009898912	0
1076.15	0	.3652112	.6245485	.01024027	0
1075.15	0	.3645704	.6248488	.0105808	0
1074.15	0	.3639369	.6251426	.0109205	0
1073.15	0	.3633107	.6254299	.01125938	0
1072.15	0	.362692	.6257106	.01159743	0
1071.15	0	.3620806	.6259847	.01193465	0
1070.15	0	.3614768	.6262522	.01227104	0
1069.15	0	.3608805	.6265129	.01260661	0
1068.15	0	.3602917	.626767	.01294136	0
1067.15	0	.3597104	.6270143	.01327528	0
1066.15	0	.3591368	.6272548	.01360837	0
1065.15	0	.3585709	.6274885	.01394064	0
1064.15	0	.3580127	.6277153	.01427209	0
1063.15	0	.3574621	.6279351	.01460272	0
1062.15	0	.3569194	.6281481	.01493252	0
1061.15	0	.3563845	.628354	.01526149	0
1060.15	0	.3558575	.6285529	.01558965	0
1059.15	0	.3553383	.6287447	.01591697	0
1058.15	0	.3548271	.6289294	.01624348	0
1057.15	0	.3543239	.629107	.01656916	0
1056.15	0	.3538286	.6292773	.01689402	0
1055.15	0	.3533415	.6294405	.01721806	0
1054.15	0	.3528625	.6295963	.01754127	0
1053.15	0	.3523916	.6297448	.01786366	0
1052.15	0	.3519289	.6298859	.01818522	0
1051.15	0	.3514744	.6300196	.01850595	0
1050.15	0	.3510282	.6301459	.01882587	0
1049.15	0	.3505904	.6302647	.01914495	0
1048.15	0	.3501609	.6303759	.01946321	0
1047.15	0	.3497399	.6304795	.01978064	0
1046.15	0	.3493272	.6305755	.02009725	0
1045.15	0	.3489232	.6306638	.02041302	0
1044.15	0	.3485276	.6307444	.02072797	0
1043.15	0	.3481407	.6308172	.02104209	0
1042.15	0	.3477624	.6308822	.02135537	0
1041.15	0	.3473928	.6309394	.02166783	0
1040.15	0	.3470319	.6309886	.02197945	0
1039.15	0	.3466798	.6310299	.02229024	0
1038.15	0	.3463366	.6310632	.0226002	0
1037.15	0	.3460023	.6310884	.02290931	0
1036.15	0	.3456768	.6311056	.0232176	0
1035.15	0	.3453604	.6311146	.02352504	0
1034.15	0	.345053	.6311154	.02383164	0
1033.15	0	.3447547	.6311079	.02413741	0
1032.15	0	.3444655	.6310922	.02444233	0
1031.15	0	.3441855	.6310681	.0247464	0
1030.15	0	.3439147	.6310357	.02504963	0
1029.15	0	.3436532	.6309948	.02535201	0
1028.15	0	.3434011	.6309454	.02565355	0
1027.15	0	.3431583	.6308874	.02595423	0
1026.15	0	.342925	.6308209	.02625406	0
1025.15	0	.3427012	.6307458	.02655304	0
1024.15	0	.3424869	.630662	.02685116	0
1023.15	0	.3422822	.6305694	.02714842	0
1022.15	0	.3420872	.630468	.02744482	0
1021.15	0	.3419018	.6303578	.02774035	0
1020.15	0	.3417263	.6302387	.02803502	0
1019.15	0	.3415605	.6301107	.02832883	0
1018.15	0	.3414046	.6299737	.02862176	0
1017.15	0	.3412586	.6298276	.02891382	0
1016.15	0	.3411226	.6296724	.029205	0
1015.15	0	.3409966	.6295081	.0294953	0
1014.15	0	.3408807	.6293346	.02978473	0
1013.15	0	.3407749	.6291518	.03007326	0
1012.15	0	.3406793	.6289598	.03036091	0
1011.15	0	.340594	.6287583	.03064767	0
1010.15	0	.340519	.6285475	.03093354	0
1009.15	0	.3404543	.6283272	.03121851	0
1008.15	0	.3404001	.6280974	.03150258	0
1007.15	0	.3403563	.627858	.03178574	0
1006.15	0	.340323	.627609	.032068	0
1005.15	0	.3403003	.6273503	.03234934	0
1004.15	0	.3402883	.6270819	.03262977	0
1003.15	0	.3402869	.6268038	.03290928	0
1002.15	0	.3402963	.6265158	.03318787	0
1001.15	0	.3403166	.6262179	.03346553	0
1000.15	0	.3403476	.6259101	.03374225	0
999.15	0	.3403896	.6255924	.03401804	0
998.15	0	.3404426	.6252645	.03429289	0
997.15	0	.3405066	.6249266	.0345668	0
996.15	0	.3405817	.6245786	.03483975	0
995.15	0	.3406679	.6242204	.03511175	0
994.15	0	.3407653	.6238519	.03538279	0
993.15	0	.340874	.6234731	.03565286	0
992.15	0	.340994	.623084	.03592196	0
991.15	0	.3411254	.6226846	.03619009	0
990.15	0	.3412681	.6222746	.03645723	0
989.15	0	.3414224	.6218542	.03672339	0
988.15	0	.3415882	.6214232	.03698855	0
987.15	0	.3417656	.6209817	.03725272	0
986.15	0	.3419546	.6205295	.03751588	0
985.15	0	.3421554	.6200666	.03777803	0
984.15	0	.3423678	.619593	.03803915	0
983.15	0	.3425921	.6191086	.03829926	0
982.15	0	.3428283	.6186134	.03855833	0
981.15	0	.3430763	.6181073	.03881637	0
980.15	0	.3433364	.6175903	.03907336	0
979.15	0	.3436084	.6170623	.03932929	0
978.15	0	.3438925	.6165233	.03958417	0
977.15	0	.3441888	.6159733	.03983797	0
976.15	0	.3444972	.6154121	.0400907	0
975.15	0	.3448178	.6148399	.04034235	0
974.15	0	.3451507	.6142564	.04059291	0
973.15	0	.3454959	.6136617	.04084236	0
972.15	0	.3458535	.6130558	.04109071	0
971.15	0	.3462235	.6124385	.04133794	0
970.15	0	.346606	.61181	.04158404	0
969.15	0	.347001	.61117	.041829	0
968.15	0	.3474085	.6105187	.04207282	0
967.15	0	.3478287	.6098559	.04231548	0
966.15	0	.3482615	.6091816	.04255698	0
965.15	0	.3487069	.6084958	.0427973	0
964.15	0	.3491652	.6077984	.04303644	0
963.15	0	.3496361	.6070895	.04327438	0
962.15	0	.3501199	.606369	.04351111	0
961.15	0	.3506166	.6056368	.04374663	0
960.15	0	.3511261	.604893	.04398091	0
959.15	0	.3516485	.6041375	.04421395	0
958.15	0	.352184	.6033703	.04444574	0
957.15	0	.3527324	.6025914	.04467627	0
956.15	0	.3532938	.6018007	.04490551	0
955.15	0	.3538683	.6009982	.04513347	0
954.15	0	.3544559	.600184	.04536012	0
953.15	0	.3550566	.599358	.04558545	0
952.15	0	.3556704	.5985201	.04580945	0
951.15	0	.3562974	.5976705	.04603211	0
950.15	0	.3569376	.596809	.04625341	0
949.15	0	.3575911	.5959356	.04647333	0
948.15	0	.3582577	.5950504	.04669186	0
947.15	0	.3589376	.5941534	.04690899	0
946.15	0	.3596308	.5932445	.0471247	0
945.15	0	.3603373	.5923238	.04733897	0
944.15	0	.361057	.5913912	.04755179	0
943.15	0	.3617901	.5904468	.04776314	0
942.15	0	.3625365	.5894905	.047973	0
941.15	0	.3632962	.5885225	.04818135	0
940.15	0	.3640692	.5875426	.04838818	0
939.15	0	.3648556	.5865509	.04859347	0
938.15	0	.3656553	.5855475	.04879719	0
937.15	0	.3664683	.5845324	.04899934	0
936.15	0	.3672946	.5835055	.04919988	0
935.15	0	.3681343	.5824669	.0493988	0
934.15	0	.3689872	.5814167	.04959608	0
933.15	0	.3698534	.5803549	.04979169	0
932.15	0	.3707329	.5792815	.04998562	0
931.15	0	.3716256	.5781966	.05017784	0
930.15	0	.3725315	.5771002	.05036832	0
929.15	0	.3734507	.5759923	.05055704	0
928.15	0	.3743829	.5748731	.05074398	0
927.15	0	.3753284	.5737425	.05092912	0
926.15	0	.3762868	.5726007	.05111242	0
925.15	0	.3772584	.5714478	.05129387	0
924.15	0	.3782429	.5702837	.05147342	0
923.15	0	.3792404	.5691085	.05165106	0
922.15	0	.3802508	.5679224	.05182676	0
921.15	0	.381274	.5667255	.05200048	0
920.15	0	.3823101	.5655178	.05217219	0
919.15	0	.3833588	.5642994	.05234188	0
918.15	0	.3844201	.5630704	.05250949	0
917.15	0	.385494	.561831	.052675	0
916.15	0	.3865804	.5605812	.05283837	0
915.15	0	.3876792	.5593212	.05299958	0
914.15	0	.3887903	.5580511	.05315857	0
913.15	0	.3899136	.5567711	.05331532	0
912.15	0	.391049	.5554812	.05346979	0
911.15	0	.3921964	.5541816	.05362194	0
910.15	0	.3933557	.5528726	.05377172	0
909.15	0	.3945267	.5515542	.05391909	0
908.15	0	.3957094	.5502266	.05406402	0
907.15	0	.3969036	.54889	.05420644	0
906.15	0	.3981091	.5475446	.05434633	0
905.15	0	.3993258	.5461906	.05448362	0
904.15	0	.4005536	.5448281	.05461828	0
903.15	0	.4017922	.5434575	.05475024	0
902.15	0	.4030416	.5420789	.05487945	0
901.15	0	.4043015	.5406926	.05500586	0
900.15	0	.4055718	.5392989	.05512941	0
899.15	0	.4068521	.5378978	.05525004	0
898.15	0	.4081424	.5364899	.05536768	0
897.15	0	.4094425	.5350753	.05548227	0
896.15	0	.410752	.5336542	.05559375	0
895.15	0	.4120708	.5322272	.05570204	0
894.15	0	.4133985	.5307944	.05580707	0
893.15	0	.414735	.5293563	.05590877	0
892.15	0	.4160799	.5279131	.05600704	0
891.15	0	.4173729	.5265337	.05609342	0
890.15	0	.4185668	.5252741	.05615902	0
889.15	0	.4198022	.5239753	.05622255	0
888.15	0	.4210762	.5226398	.05628399	0
887.15	0	.4223864	.5212703	.05634329	0
886.15	0	.4237304	.5198691	.05640044	0
885.15	0	.4251059	.5184387	.05645542	0
884.15	0	.4265108	.516981	.05650823	0
883.15	0	.4279429	.5154983	.05655885	0
882.15	0	.4294003	.5139924	.05660728	0
881.15	0	.4308812	.5124652	.05665354	0
880.15	0	.4323838	.5109186	.05669761	0
879.15	0	.4339064	.5093541	.05673952	0
878.15	0	.4354474	.5077734	.05677926	0
877.15	0	.4370052	.506178	.05681685	0
876.15	0	.4385783	.5045694	.05685232	0
875.15	0	.4401654	.502949	.05688566	0
874.15	0	.441765	.5013181	.0569169	0
873.15	0	.443376	.499678	.05694606	0
872.15	0	.444997	.4980299	.05697316	0
871.15	0	.4466268	.496375	.05699821	0
870.15	0	.4482644	.4947143	.05702125	0
869.15	0	.4499087	.4930491	.05704229	0
868.15	0	.4515585	.4913802	.05706137	0
867.15	0	.4532129	.4897086	.05707849	0
866.15	0	.454871	.4880353	.0570937	0
865.15	0	.4565318	.4863612	.05710701	0
864.15	0	.4581944	.4846871	.05711845	0
863.15	0	.4598581	.4830139	.05712806	0
862.15	0	.461522	.4813422	.05713585	0
861.15	0	.4631854	.4796728	.05714185	0
860.15	0	.4648474	.4780065	.0571461	0
859.15	0	.4665076	.4763438	.05714862	0
858.15	0	.4681651	.4746855	.05714944	0
857.15	0	.4698193	.4730321	.05714859	0
856.15	0	.4714697	.4713842	.05714609	0
855.15	0	.4731156	.4697424	.05714199	0
854.15	0	.4747566	.4681071	.0571363	0
853.15	0	.476392	.4664789	.05712905	0
852.15	0	.4780215	.4648582	.05712029	0
851.15	0	.4796445	.4632455	.05711002	0
850.15	0	.4812606	.4616411	.05709829	0
849.15	0	.4828693	.4600455	.05708513	0
848.15	0	.4844704	.4584591	.05707055	0
847.15	0	.4860633	.4568821	.0570546	0
846.15	0	.4876478	.4553149	.05703729	0
845.15	0	.4892236	.4537578	.05701866	0
844.15	0	.4907902	.4522111	.05699874	0
843.15	0	.4923474	.450675	.05697756	0
842.15	0	.493895	.4491499	.05695513	0
841.15	0	.4954327	.4476358	.0569315	0
840.15	0	.4969602	.4461332	.05690668	0
839.15	0	.4984773	.444642	.05688071	0
838.15	0	.4999838	.4431626	.05685361	0
837.15	0	.5014796	.441695	.05682541	0
836.15	0	.5029644	.4402394	.05679613	0
835.15	0	.5044381	.4387961	.0567658	0
834.15	0	.5059006	.437365	.05673445	0
833.15	0	.5073516	.4359463	.0567021	0
832.15	0	.5087911	.4345401	.05666878	0
831.15	0	.510219	.4331465	.0566345	0
830.15	0	.5116352	.4317655	.0565993	0
829.15	0	.5130395	.4303973	.0565632	0
828.15	0	.5144319	.4290419	.05652622	0
827.15	0	.5158124	.4276992	.05648839	0
826.15	0	.5171808	.4263695	.05644972	0
825.15	0	.5185372	.4250526	.05641024	0
824.15	0	.5198814	.4237486	.05636998	0
823.15	0	.5212136	.4224575	.05632895	0
822.15	0	.5225335	.4211793	.05628718	0
821.15	0	.5238413	.4199141	.05624468	0
820.15	0	.5251368	.4186617	.05620148	0
819.15	0	.5264202	.4174222	.0561576	0
818.15	0	.5276914	.4161956	.05611305	0
817.15	0	.5289504	.4149817	.05606786	0
816.15	0	.5301972	.4137807	.05602204	0
815.15	0	.531432	.4125924	.05597562	0
814.15	0	.5326546	.4114168	.05592861	0
813.15	0	.5338651	.4102539	.05588104	0
812.15	0	.5350636	.4091035	.0558329	0
811.15	0	.5362501	.4079657	.05578424	0
810.15	0	.5374246	.4068403	.05573505	0
809.15	0	.5385872	.4057274	.05568537	0
808.15	0	.539738	.4046268	.0556352	0
807.15	0	.540877	.4035384	.05558456	0
806.15	0	.5420043	.4024622	.05553347	0
805.15	0	.5431199	.4013981	.05548194	0
804.15	0	.5442239	.4003461	.05542998	0
803.15	0	.5453164	.399306	.05537761	0
802.15	0	.5463975	.3982777	.05532485	0
801.15	0	.5474671	.3972612	.05527171	0
800.15	0	.5485254	.3962564	.0552182	0
799.15	0	.5495726	.3952631	.05516434	0
798.15	0	.5506085	.3942813	.05511013	0
797.15	0	.5516334	.393311	.0550556	0
796.15	0	.5526473	.3923519	.05500075	0
795.15	0	.5536504	.391404	.05494559	0
794.15	0	.5546426	.3904673	.05489015	0
793.15	0	.5556241	.3895415	.05483442	0
792.15	0	.5565949	.3886267	.05477842	0
791.15	0	.5575552	.3877226	.05472216	0
790.15	0	.5585051	.3868292	.05466565	0
789.15	0	.5594446	.3859465	.0546089	0
788.15	0	.5603739	.3850742	.05455193	0
787.15	0	.5612929	.3842123	.05449473	0
786.15	0	.5622019	.3833608	.05443733	0
785.15	0	.5631009	.3825194	.05437972	0
784.15	0	.56399	.3816881	.05432193	0
783.15	0	.5648693	.3808668	.05426395	0
782.15	0	.5657389	.3800553	.0542058	0
781.15	0	.5665988	.3792537	.05414749	0
780.15	0	.5674493	.3784617	.05408902	0
779.15	0	.5682904	.3776793	.0540304	0
778.15	0	.5691221	.3769063	.05397163	0
777.15	0	.5699446	.3761427	.05391273	0
776.15	0	.5707579	.3753884	.05385371	0
775.15	0	.5715622	.3746432	.05379456	0
774.15	0	.5723576	.3739071	.05373531	0
773.15	0	.5731441	.37318	.05367594	0
772.15	0	.5739218	.3724617	.05361647	0
771.15	0	.5746909	.3717522	.05355691	0
770.15	0	.5754514	.3710513	.05349726	0
769.15	0	.5762035	.370359	.05343753	0
768.15	0	.5769471	.3696752	.05337772	0
767.15	0	.5776825	.3689997	.05331784	0
766.15	0	.5784096	.3683325	.05325789	0
765.15	0	.5791286	.3676735	.05319789	0
764.15	0	.5798396	.3670225	.05313782	0
763.15	0	.5805427	.3663796	.05307771	0
762.15	0	.581238	.3657445	.05301754	0
761.15	0	.5819254	.3651172	.05295734	0
760.15	0	.5826053	.3644977	.05289709	0
759.15	0	.5832775	.3638857	.05283681	0
758.15	0	.5839422	.3632813	.0527765	0
757.15	0	.5845996	.3626843	.05271617	0
756.15	0	.5852496	.3620946	.05265581	0
755.15	0	.5858924	.3615122	.05259543	0
754.15	0	.586528	.360937	.05253504	0
753.15	0	.5871566	.3603688	.05247464	0
752.15	0	.5877781	.3598076	.05241422	0
751.15	0	.5883928	.3592534	.0523538	0
750.15	0	.5890007	.3587059	.05229338	0
749.15	0	.5896018	.3581653	.05223296	0
748.15	0	.5901962	.3576312	.05217254	0
747.15	0	.5907841	.3571038	.05211212	0
746.15	0	.5913655	.3565828	.05205172	0
745.15	0	.5919404	.3560683	.05199132	0
744.15	0	.592509	.3555601	.05193094	0
743.15	0	.5930713	.3550581	.05187057	0
742.15	0	.5936274	.3545624	.05181022	0
741.15	0	.5941774	.3540727	.05174989	0
740.15	0	.5947213	.3535891	.05168958	0
739.15	0	.5952593	.3531114	.0516293	0
738.15	0	.5957913	.3526397	.05156904	0
737.15	0	.5963175	.3521737	.0515088	0
736.15	0	.596838	.3517135	.0514486	0
735.15	0	.5973527	.3512589	.05138843	0
734.15	0	.5978618	.3508099	.05132829	0
733.15	0	.5983654	.3503665	.05126818	0
732.15	0	.5988634	.3499285	.05120811	0
731.15	0	.599356	.3494959	.05114807	0
730.15	0	.5998433	.3490686	.05108807	0
729.15	0	.6003253	.3486466	.05102812	0
728.15	0	.600802	.3482298	.0509682	0
727.15	0	.6012736	.3478181	.05090832	0
726.15	0	.6017401	.3474115	.05084849	0
725.15	0	.6022015	.3470098	.0507887	0
724.15	0	.6026579	.3466131	.05072896	0
723.15	0	.6031094	.3462213	.05066926	0
722.15	0	.6035561	.3458343	.05060961	0
721.15	0	.6039979	.3454521	.05055001	0
720.15	0	.604435	.3450746	.05049046	0
719.15	0	.6048674	.3447017	.05043095	0
718.15	0	.6052952	.3443333	.0503715	0
717.15	0	.6057184	.3439695	.0503121	0
716.15	0	.606137	.3436102	.05025275	0
715.15	0	.6065512	.3432553	.05019345	0
714.15	0	.606961	.3429048	.05013421	0
713.15	0	.6073665	.3425585	.05007503	0
712.15	0	.6077676	.3422165	.05001589	0
711.15	0	.6081644	.3418788	.04995682	0
710.15	0	.6085571	.3415451	.0498978	0
709.15	0	.6089456	.3412156	.04983883	0
708.15	0	.60933	.3408901	.04977993	0
707.15	0	.6097103	.3405686	.04972108	0
706.15	0	.6100866	.3402511	.04966229	0
705.15	0	.610459	.3399375	.04960356	0
704.15	0	.6108275	.3396277	.04954489	0
703.15	0	.611192	.3393217	.04948628	0
702.15	0	.6115528	.3390195	.04942773	0
701.15	0	.6119098	.338721	.04936924	0
700.15	0	.612263	.3384261	.04931081	0
699.15	0	.6126126	.3381349	.04925245	0
698.15	0	.6129585	.3378473	.04919415	0
697.15	0	.6133009	.3375632	.04913591	0
696.15	0	.6136396	.3372826	.04907773	0
695.15	0	.6139749	.3370055	.04901962	0
694.15	0	.6143067	.3367318	.04896157	0
693.15	0	.614635	.3364614	.04890358	0
692.15	0	.61496	.3361944	.04884566	0
691.15	0	.6152816	.3359306	.04878781	0
690.15	0	.6155998	.3356702	.04873002	0
689.15	0	.6159148	.3354129	.0486723	0
688.15	0	.6162266	.3351588	.04861464	0
687.15	0	.6165351	.3349078	.04855705	0
686.15	0	.6168405	.3346599	.04849953	0
685.15	0	.6171428	.3344151	.04844207	0
684.15	0	.617442	.3341734	.04838469	0
683.15	0	.6177381	.3339345	.04832737	0
682.15	0	.6180312	.3336987	.04827011	0
681.15	0	.6183213	.3334658	.04821293	0
680.15	0	.6186084	.3332358	.04815582	0
679.15	0	.6188927	.3330086	.04809877	0
678.15	0	.619174	.3327842	.0480418	0
677.15	0	.6194525	.3325626	.0479849	0
676.15	0	.6197282	.3323438	.04792806	0
675.15	0	.6200011	.3321276	.0478713	0
674.15	0	.6202712	.3319142	.04781461	0
673.15	0	.6205386	.3317034	.04775799	0
672.15	0	.6208033	.3314953	.04770144	0
671.15	0	.6210653	.3312897	.04764496	0
670.15	0	.6213247	.3310867	.04758856	0
669.15	0	.6215815	.3308863	.04753223	0
668.2643	0	.6218068	.3307108	.0474824	0
668.2643	0	.6218068	.3307108	.0474824	0
668.2643	0	.6218068	.3307108	.0474824	0
668.15	0	.621943	.3304986	.04740175	1.567003E-04
667.15	0	.6231251	.3286534	.04669932	.001522208
666.15	0	.6242903	.3268291	.04600244	.002878104
665.15	0	.6254392	.3250252	.04531105	.004224512
664.15	0	.6265719	.3232415	.04462506	.005561551
663.15	0	.6276887	.3214776	.0439444	.00688934
662.15	0	.6287936	.3197296	.0432673	.008209552
661.15	0	.629879	.3180048	.04259727	.009518983
660.15	0	.6309494	.3162987	.04193233	.01081953
659.15	0	.6320052	.3146112	.04127239	.01211131
658.15	0	.6330464	.3129418	.04061739	.01339442
657.15	0	.6340735	.3112903	.03996726	.01466897
656.15	0	.6350865	.3096565	.03932194	.01593507
655.15	0	.6360859	.3080399	.03868135	.01719282
654.15	0	.6370718	.3064405	.03804543	.01844232
653.15	0	.6380444	.3048578	.03741412	.01968368
652.15	0	.6390041	.3032916	.03678736	.02091699
651.15	0	.6399509	.3017417	.03616508	.02214235
650.15	0	.6408852	.3002077	.03554723	.02335987
649.15	0	.6418071	.2986895	.03493373	.02456963
648.15	0	.6427169	.2971868	.03432454	.02577172
647.15	0	.6436148	.2956994	.0337196	.02696626
646.15	0	.6445009	.2942269	.03311885	.02815331
645.15	0	.6453756	.2927692	.03252223	.02933299
644.15	0	.6462389	.2913261	.03192968	.03050536
643.15	0	.647091	.2898973	.03134116	.03167053
642.15	0	.6479323	.2884826	.0307566	.03282859
641.15	0	.6487628	.2870817	.03017597	.0339796
640.15	0	.6495827	.2856945	.02959919	.03512367
639.15	0	.6503922	.2843207	.02902623	.03626088
638.15	0	.6511915	.2829602	.02845703	.03739129
637.15	0	.6519808	.2816126	.02789154	.03851501
636.15	0	.6527602	.2802779	.02732972	.03963211
635.15	0	.65353	.2789559	.02677151	.04074267
634.15	0	.6542901	.2776462	.02621687	.04184676
633.15	0	.655041	.2763488	.02566575	.04294446
632.15	0	.6557825	.2750635	.02511811	.04403585
631.15	0	.6565151	.27379	.0245739	.04512101
630.15	0	.6572387	.2725282	.02403307	.0462
629.15	0	.6579536	.2712779	.02349559	.04727291
628.15	0	.6586598	.270039	.02296141	.04833979
627.15	0	.6593576	.2688112	.02243049	.04940073
626.15	0	.660047	.2675944	.02190278	.05045579
625.15	0	.6607283	.2663884	.02137824	.05150505
624.15	0	.6614015	.2651931	.02085685	.05254856
623.15	0	.6620668	.2640083	.02033854	.0535864
622.15	0	.6627243	.2628338	.01982329	.05461863
621.15	0	.6633741	.2616695	.01931106	.05564533
620.15	0	.6640164	.2605152	.01880181	.05666654
619.15	0	.6646513	.2593708	.0182955	.05768234
618.15	0	.6652789	.2582362	.0177921	.05869279
617.15	0	.6658994	.2571111	.01729156	.05969796
616.15	0	.6665127	.2559955	.01679386	.06069789
615.15	0	.6671192	.2548892	.01629896	.06169265
614.15	0	.6677188	.2537921	.01580683	.06268231
613.15	0	.6683117	.2527039	.01531742	.06366692
612.15	0	.6688981	.2516247	.01483071	.06464653
611.15	0	.6694779	.2505542	.01434667	.06562121
610.15	0	.6700513	.2494924	.01386526	.06659101
609.15	0	.6706185	.2484391	.01338645	.06755598
608.15	0	.6711794	.2473942	.0129102	.06851619
607.15	0	.6717343	.2463575	.0124365	.06947168
606.15	0	.6722832	.245329	.0119653	.07042251
605.15	0	.6728262	.2443085	.01149659	.07136873
604.15	0	.6733634	.2432959	.01103032	.07231039
603.15	0	.6738949	.242291	.01056647	.07324754
602.15	0	.6744208	.2412939	.01010502	.07418024
601.15	0	.6749412	.2403043	.009645923	.07510853
600.15	0	.6754562	.2393222	.009189165	.07603247
599.15	0	.6759658	.2383474	.008734717	.07695209
598.15	0	.6764701	.2373799	.00828255	.07786746
597.15	0	.6769693	.2364195	.007832639	.07877861
596.15	0	.6774634	.2354661	.007384957	.07968559
595.15	0	.6779524	.2345197	.00693948	.08058844
594.15	0	.6784365	.2335801	.006496182	.08148723
593.15	0	.6789158	.2326472	.006055038	.08238198
592.15	0	.6793903	.231721	.005616024	.08327274
591.15	0	.6798601	.2308013	.005179115	.08415956
590.15	0	.6803252	.229888	.00474429	.08504248
589.15	0	.6807858	.2289812	.004311523	.08592154
588.15	0	.6812419	.2280806	.003880792	.08679678
587.15	0	.6816935	.2271861	.003452075	.08766824
586.15	0	.6821409	.2262978	.003025349	.08853597
585.15	0	.6825839	.2254155	.002600592	.08940001
584.15	0	.6830228	.2245391	.002177784	.09026039
583.15	0	.6834575	.2236685	.001756902	.09111715
582.15	0	.6838881	.2228037	.001337926	.09197034
581.15	0	.6843146	.2219446	9.208353E-04	.09281998
580.15	0	.6847373	.221091	5.056096E-04	.09366613
579.15	0	.685156	.220243	9.222882E-05	.09450881
578.9263	0	.6852491	.220054	0	.09469685
578.9263	0	.6852491	.220054	0	.09469685
578.15	0	.6852893	.2197978	0	.09491299
577.15	0	.6853399	.2194702	0	.09518993
576.15	0	.6853894	.2191454	0	.09546521
575.15	0	.6854376	.2188235	0	.09573885
574.15	0	.6854848	.2185044	0	.09601087
573.15	0	.6855308	.2181879	0	.09628127
572.15	0	.6855757	.2178742	0	.09655009
571.15	0	.6856195	.2175632	0	.09681733
570.15	0	.6856621	.2172548	0	.09708301
569.15	0	.6857038	.2169491	0	.09734715
568.15	0	.6857443	.2166459	0	.09760976
567.15	0	.6857838	.2163453	0	.09787086
566.15	0	.6858223	.2160473	0	.09813046
565.15	0	.6858597	.2157517	0	.09838858
564.15	0	.6858962	.2154586	0	.09864523
563.15	0	.6859316	.215168	0	.09890043
562.15	0	.685966	.2148798	0	.0991542
561.15	0	.6859995	.2145939	0	.09940655
560.15	0	.6860321	.2143105	0	.09965749
559.15	0	.6860636	.2140293	0	.09990704
558.15	0	.6860943	.2137505	0	.1001552
557.15	0	.686124	.213474	0	.100402
556.15	0	.6861528	.2131997	0	.1006475
555.15	0	.6861807	.2129277	0	.1008916
554.15	0	.6862078	.2126578	0	.1011344
553.15	0	.6862339	.2123902	0	.1013759
552.15	0	.6862592	.2121246	0	.1016162
551.15	0	.6862836	.2118613	0	.1018551
550.15	0	.6863072	.2116	0	.1020928
549.15	0	.68633	.2113408	0	.1023292
548.15	0	.686352	.2110837	0	.1025644
547.15	0	.6863731	.2108286	0	.1027984
546.15	0	.6863934	.2105755	0	.1030311
545.15	0	.686413	.2103243	0	.1032627
544.15	0	.6864318	.2100752	0	.1034931
543.15	0	.6864498	.209828	0	.1037223
542.15	0	.686467	.2095827	0	.1039503
541.15	0	.6864835	.2093393	0	.1041772
540.15	0	.6864993	.2090977	0	.104403
539.15	0	.6865144	.208858	0	.1046276
538.15	0	.6865287	.2086201	0	.1048512
537.15	0	.6865423	.2083841	0	.1050736
536.15	0	.6865552	.2081498	0	.105295
535.15	0	.6865675	.2079173	0	.1055153
534.15	0	.686579	.2076865	0	.1057345
533.15	0	.6865899	.2074574	0	.1059527
532.15	0	.6866001	.20723	0	.1061699
531.15	0	.6866097	.2070043	0	.106386
530.15	0	.6866186	.2067803	0	.1066011
529.15	0	.6866269	.2065579	0	.1068152
528.15	0	.6866346	.2063371	0	.1070283
527.15	0	.6866416	.2061179	0	.1072405
526.15	0	.6866481	.2059003	0	.1074517
525.15	0	.6866539	.2056842	0	.1076619
524.15	0	.6866592	.2054697	0	.1078712
523.15	0	.6866638	.2052567	0	.1080795
522.15	0	.686668	.2050451	0	.1082869
521.15	0	.6866715	.2048351	0	.1084934
520.15	0	.6866745	.2046265	0	.108699
519.15	0	.6866769	.2044194	0	.1089037
518.15	0	.6866788	.2042137	0	.1091076
517.15	0	.6866801	.2040094	0	.1093105
516.15	0	.6866809	.2038065	0	.1095126
515.15	0	.6866812	.2036049	0	.1097138
514.15	0	.686681	.2034047	0	.1099142
513.15	0	.6866803	.2032059	0	.1101138
512.15	0	.6866791	.2030084	0	.1103125
511.15	0	.6866774	.2028121	0	.1105105
510.15	0	.6866752	.2026172	0	.1107076
509.15	0	.6866726	.2024235	0	.1109039
508.15	0	.6866695	.2022311	0	.1110995
507.15	0	.6866659	.2020399	0	.1112942
506.15	0	.6866619	.2018499	0	.1114882
505.15	0	.6866574	.2016611	0	.1116815
504.15	0	.6866525	.2014736	0	.111874
503.15	0	.6866471	.2012871	0	.1120657
502.15	0	.6866414	.2011019	0	.1122568
501.15	0	.6866352	.2009178	0	.1124471
500.15	0	.6866286	.2007348	0	.1126367
499.15	0	.6866216	.2005529	0	.1128255
498.15	0	.6866142	.2003721	0	.1130137
497.15	0	.6866064	.2001924	0	.1132012
496.15	0	.6865982	.2000137	0	.113388
495.15	0	.6865897	.1998361	0	.1135742
494.15	0	.6865808	.1996596	0	.1137597
493.15	0	.6865715	.199484	0	.1139445
492.15	0	.6865618	.1993095	0	.1141287
491.15	0	.6865518	.199136	0	.1143122
490.15	0	.6865415	.1989634	0	.1144951
489.15	0	.6865308	.1987918	0	.1146774
488.15	0	.6865198	.1986211	0	.1148591
487.15	0	.6865085	.1984514	0	.1150401
486.15	0	.6864968	.1982826	0	.1152206
485.15	0	.6864848	.1981148	0	.1154004
484.15	0	.6864725	.1979478	0	.1155797
483.15	0	.6864599	.1977817	0	.1157584
482.15	0	.686447	.1976165	0	.1159365
481.15	0	.6864338	.1974521	0	.116114
480.15	0	.6864204	.1972886	0	.116291
479.15	0	.6864066	.1971259	0	.1164675
478.15	0	.6863926	.1969641	0	.1166434
477.15	0	.6863783	.196803	0	.1168187
476.15	0	.6863637	.1966427	0	.1169935
475.15	0	.6863489	.1964833	0	.1171678
474.15	0	.6863338	.1963246	0	.1173416
473.15	0	.6863185	.1961666	0	.1175149
472.15	0	.686303	.1960094	0	.1176876
471.15	0	.6862872	.195853	0	.1178599
470.15	0	.6862711	.1956973	0	.1180316
469.15	0	.6862549	.1955423	0	.1182029
468.15	0	.6862384	.195388	0	.1183736
467.15	0	.6862217	.1952343	0	.118544
466.15	0	.6862048	.1950814	0	.1187138
465.15	0	.6861877	.1949291	0	.1188832
464.15	0	.6861704	.1947775	0	.1190521
463.15	0	.6861529	.1946266	0	.1192205
462.15	0	.6861352	.1944763	0	.1193885
461.15	0	.6861173	.1943266	0	.1195561
460.15	0	.6860992	.1941775	0	.1197233
459.15	0	.686081	.194029	0	.11989
458.15	0	.6860626	.1938812	0	.1200562
457.15	0	.686044	.1937339	0	.1202221
456.15	0	.6860253	.1935872	0	.1203875
455.15	0	.6860064	.1934411	0	.1205526
454.15	0	.6859873	.1932955	0	.1207172
453.15	0	.6859682	.1931504	0	.1208814
452.15	0	.6859488	.1930059	0	.1210452
451.15	0	.6859294	.192862	0	.1212087
450.15	0	.6859097	.1927185	0	.1213717
449.15	0	.6858901	.1925755	0	.1215344
448.15	0	.6858703	.1924329	0	.1216968
447.15	0	.6858504	.1922909	0	.1218587
446.15	0	.6858304	.1921492	0	.1220203
445.15	0	.6858103	.1920081	0	.1221816
444.15	0	.6857902	.1918673	0	.1223425
443.15	0	.68577	.191727	0	.1225031
442.15	0	.6857497	.191587	0	.1226633
441.15	0	.6857293	.1914474	0	.1228232
440.15	0	.685709	.1913082	0	.1229828
439.15	0	.6856886	.1911693	0	.1231421
438.15	0	.6856681	.1910308	0	.1233011
437.15	0	.6856477	.1908926	0	.1234598
436.15	0	.6856272	.1907547	0	.1236181
435.15	0	.6856068	.190617	0	.1237762
434.15	0	.6855863	.1904797	0	.123934
433.15	0	.6855659	.1903426	0	.1240915
432.15	0	.6855455	.1902058	0	.1242488
431.15	0	.6855251	.1900692	0	.1244058
430.15	0	.6855047	.1899328	0	.1245625
429.15	0	.6854844	.1897966	0	.1247189
428.15	0	.6854642	.1896607	0	.1248751
427.15	0	.685444	.189525	0	.1250311
426.15	0	.6854238	.1893894	0	.1251868
425.15	0	.6854038	.189254	0	.1253422
424.15	0	.6853838	.1891188	0	.1254974
423.15	0	.6853638	.1889837	0	.1256524
422.15	0	.685344	.1888488	0	.1258072
421.15	0	.6853242	.1887141	0	.1259617
420.15	0	.6853046	.1885794	0	.126116
419.15	0	.685285	.1884449	0	.1262701
418.15	0	.6852656	.1883105	0	.126424
417.15	0	.6852462	.1881762	0	.1265776
416.15	0	.685227	.188042	0	.1267311
415.15	0	.6852078	.1879079	0	.1268843
