T	 BPW(LIQUID)	BPW(BCC_A2)	BPW(FCC_A1)	BPW(LAVES_PHASE_C14)	BPW(NI3TI)
1473.15	.1036829	.8185983	0	.0777188	0
1472.15	.09858962	.8218526	0	.07955776	0
1471.15	.09359262	.8250394	0	.08136798	0
1470.15	.08868924	.8281605	0	.08315029	0
1469.15	.08387693	.8312176	0	.08490546	0
1468.15	.07915321	.8342126	0	.08663425	0
1467.15	.07451569	.8371469	0	.08833739	0
1466.15	.06996209	.8400223	0	.0900156	0
1465.15	.06549016	.8428403	0	.09166955	0
1464.15	.06109776	.8456023	0	.0932999	0
1463.15	.05678282	.8483099	0	.09490728	0
1462.15	.05254332	.8509644	0	.09649232	0
1461.15	.04837732	.8535671	0	.09805559	0
1460.15	.04428294	.8561194	0	.09959768	0
1459.15	.04025838	.8586225	0	.1011191	0
1458.15	.03630186	.8610776	0	.1026205	0
1457.15	.03241168	.863486	0	.1041023	0
1456.15	.0285862	.8658488	0	.105565	0
1455.15	.02482383	.868167	0	.1070091	0
1454.15	.02112301	.8704419	0	.1084351	0
1453.15	.01748224	.8726743	0	.1098434	0
1452.15	.01390008	.8748654	0	.1112345	0
1451.15	.01037512	.877016	0	.1126088	0
1450.15	.006905999	.8791273	0	.1139667	0
1449.15	.003491387	.8812	0	.1153087	0
1448.15	1.300035E-04	.883235	0	.116635	0
1448.111	0	.8833136	0	.1166864	0
1448.111	0	.8833136	0	.1166864	0
1447.15	0	.8826669	0	.1173331	0
1446.15	0	.8819955	0	.1180045	0
1445.15	0	.8813259	0	.1186741	0
1444.15	0	.880658	0	.119342	0
1443.15	0	.8799917	0	.1200083	0
1442.15	0	.8793272	0	.1206728	0
1441.15	0	.8786643	0	.1213357	0
1440.15	0	.8780032	0	.1219968	0
1439.15	0	.8773437	0	.1226563	0
1438.15	0	.8766858	0	.1233142	0
1437.15	0	.8760296	0	.1239704	0
1436.15	0	.8753751	0	.1246249	0
1435.15	0	.8747222	0	.1252778	0
1434.15	0	.8740709	0	.1259291	0
1433.15	0	.8734213	0	.1265787	0
1432.15	0	.8727733	0	.1272267	0
1431.15	0	.872127	0	.127873	0
1430.15	0	.8714822	0	.1285178	0
1429.15	0	.8708391	0	.1291609	0
1428.15	0	.8701976	0	.1298024	0
1427.15	0	.8695576	0	.1304424	0
1426.15	0	.8689193	0	.1310807	0
1425.15	0	.8682826	0	.1317174	0
1424.15	0	.8676474	0	.1323526	0
1423.15	0	.8670139	0	.1329861	0
1422.15	0	.8663819	0	.1336181	0
1421.15	0	.8657514	0	.1342486	0
1420.15	0	.8651226	0	.1348774	0
1419.15	0	.8644953	0	.1355047	0
1418.15	0	.8638695	0	.1361305	0
1417.15	0	.8632453	0	.1367547	0
1416.15	0	.8626226	0	.1373774	0
1415.15	0	.8620015	0	.1379985	0
1414.15	0	.8613819	0	.1386181	0
1413.15	0	.8607638	0	.1392362	0
1412.15	0	.8601473	0	.1398527	0
1411.15	0	.8595322	0	.1404678	0
1410.15	0	.8589187	0	.1410813	0
1409.15	0	.8583067	0	.1416933	0
1408.15	0	.8576961	0	.1423039	0
1407.15	0	.8570871	0	.1429129	0
1406.15	0	.8564796	0	.1435204	0
1405.15	0	.8558735	0	.1441265	0
1404.15	0	.8552689	0	.1447311	0
1403.15	0	.8546658	0	.1453342	0
1402.15	0	.8540642	0	.1459358	0
1401.15	0	.853464	0	.146536	0
1400.15	0	.8528653	0	.1471347	0
1399.15	0	.8522681	0	.1477319	0
1398.15	0	.8516723	0	.1483277	0
1397.15	0	.8510779	0	.1489221	0
1396.15	0	.850485	0	.149515	0
1395.15	0	.8498935	0	.1501065	0
1394.15	0	.8493035	0	.1506965	0
1393.15	0	.8487149	0	.1512851	0
1392.15	0	.8481277	0	.1518723	0
1391.15	0	.8475419	0	.1524581	0
1390.15	0	.8469575	0	.1530425	0
1389.15	0	.8463745	0	.1536255	0
1388.15	0	.845793	0	.154207	0
1387.15	0	.8452128	0	.1547872	0
1386.15	0	.8446341	0	.155366	0
1385.15	0	.8440567	0	.1559433	0
1384.15	0	.8434807	0	.1565193	0
1383.15	0	.8429061	0	.1570939	0
1382.15	0	.8423328	0	.1576672	0
1381.15	0	.841761	0	.158239	0
1380.15	0	.8411905	0	.1588095	0
1379.15	0	.8406213	0	.1593787	0
1378.15	0	.8400535	0	.1599465	0
1377.15	0	.8394871	0	.1605129	0
1376.15	0	.838922	0	.161078	0
1375.15	0	.8383583	0	.1616417	0
1374.15	0	.8377959	0	.1622041	0
1373.15	0	.8372348	0	.1627652	0
1372.15	0	.8366751	0	.1633249	0
1371.15	0	.8361167	0	.1638833	0
1370.15	0	.8355596	0	.1644404	0
1369.15	0	.8350039	0	.1649961	0
1368.15	0	.8344494	0	.1655506	0
1367.15	0	.8338963	0	.1661037	0
1366.15	0	.8333445	0	.1666555	0
1365.15	0	.832794	0	.167206	0
1364.15	0	.8322447	0	.1677553	0
1363.15	0	.8316968	0	.1683032	0
1362.15	0	.8311501	0	.1688499	0
1361.15	0	.8306048	0	.1693952	0
1360.15	0	.8300607	0	.1699393	0
1359.15	0	.8295179	0	.1704821	0
1358.15	0	.8289764	0	.1710236	0
1357.15	0	.8284361	0	.1715639	0
1356.15	0	.8278971	0	.1721029	0
1355.15	0	.8273594	0	.1726406	0
1354.15	0	.8268229	0	.1731771	0
1353.15	0	.8262877	0	.1737123	0
1352.15	0	.8257537	0	.1742463	0
1351.15	0	.825221	0	.174779	0
1350.15	0	.8246895	0	.1753105	0
1349.15	0	.8241593	0	.1758407	0
1348.15	0	.8236303	0	.1763697	0
1347.15	0	.8231025	0	.1768975	0
1346.15	0	.8225759	0	.1774241	0
1345.15	0	.8220506	0	.1779494	0
1344.15	0	.8215265	0	.1784735	0
1343.15	0	.8210036	0	.1789964	0
1342.15	0	.8204819	0	.1795181	0
1341.15	0	.8199614	0	.1800386	0
1340.15	0	.8194422	0	.1805578	0
1339.15	0	.8189241	0	.1810759	0
1338.15	0	.8184072	0	.1815928	0
1337.15	0	.8178915	0	.1821085	0
1336.15	0	.817377	0	.182623	0
1335.15	0	.8168637	0	.1831363	0
1334.15	0	.8163516	0	.1836484	0
1333.15	0	.8158406	0	.1841594	0
1332.15	0	.8153309	0	.1846691	0
1331.15	0	.8148222	0	.1851778	0
1330.15	0	.8143148	0	.1856852	0
1329.15	0	.8138085	0	.1861915	0
1328.15	0	.8133034	0	.1866966	0
1327.15	0	.8127995	0	.1872005	0
1326.15	0	.8122967	0	.1877033	0
1325.15	0	.811795	0	.188205	0
1324.15	0	.8112945	0	.1887055	0
1323.15	0	.8107952	0	.1892048	0
1322.15	0	.8102969	0	.1897031	0
1321.15	0	.8097998	0	.1902002	0
1320.15	0	.8093039	0	.1906961	0
1319.15	0	.8088091	0	.1911909	0
1318.15	0	.8083154	0	.1916846	0
1317.15	0	.8078228	0	.1921772	0
1316.15	0	.8073314	0	.1926686	0
1315.15	0	.806841	0	.193159	0
1314.15	0	.8063518	0	.1936482	0
1313.15	0	.8058637	0	.1941363	0
1312.15	0	.8053767	0	.1946233	0
1311.15	0	.8048908	0	.1951092	0
1310.15	0	.804406	0	.195594	0
1309.15	0	.8039222	0	.1960777	0
1308.15	0	.8034396	0	.1965604	0
1307.15	0	.8029581	0	.1970419	0
1306.15	0	.8024777	0	.1975223	0
1305.15	0	.8019983	0	.1980017	0
1304.15	0	.8015201	0	.19848	0
1303.15	0	.8010428	0	.1989572	0
1302.15	0	.8005667	0	.1994333	0
1301.15	0	.8000917	0	.1999083	0
1300.15	0	.7996177	0	.2003823	0
1299.15	0	.7991448	0	.2008552	0
1298.15	0	.7986729	0	.2013271	0
1297.15	0	.7982021	0	.2017979	0
1296.15	0	.7977324	0	.2022676	0
1295.15	0	.7972637	0	.2027363	0
1294.15	0	.7967961	0	.2032039	0
1293.15	0	.7963295	0	.2036705	0
1292.15	0	.795864	0	.2041361	0
1291.15	0	.7953995	0	.2046006	0
1290.15	0	.794936	0	.205064	0
1289.15	0	.7944736	0	.2055264	0
1288.15	0	.7940122	0	.2059878	0
1287.15	0	.7935518	0	.2064482	0
1286.15	0	.7930925	0	.2069075	0
1285.15	0	.7926341	0	.2073659	0
1284.15	0	.7921768	0	.2078232	0
1283.15	0	.7917206	0	.2082794	0
1282.15	0	.7912653	0	.2087347	0
1281.15	0	.790811	0	.209189	0
1280.15	0	.7903578	0	.2096422	0
1279.15	0	.7899056	0	.2100944	0
1278.15	0	.7894543	0	.2105457	0
1277.15	0	.7890041	0	.2109959	0
1276.15	0	.7885549	0	.2114451	0
1275.15	0	.7881066	0	.2118934	0
1274.15	0	.7876594	0	.2123406	0
1273.15	0	.7872131	0	.2127869	0
1272.15	0	.7867679	0	.2132322	0
1271.15	0	.7863236	0	.2136764	0
1270.15	0	.7858803	0	.2141197	0
1269.15	0	.7854379	0	.2145621	0
1268.15	0	.7849966	0	.2150034	0
1267.15	0	.7845562	0	.2154438	0
1266.15	0	.7841168	0	.2158832	0
1265.15	0	.7836784	0	.2163216	0
1264.15	0	.7832409	0	.2167591	0
1263.15	0	.7828044	0	.2171956	0
1262.15	0	.7823689	0	.2176312	0
1261.15	0	.7819343	0	.2180657	0
1260.15	0	.7815006	0	.2184994	0
1259.15	0	.7810679	0	.2189321	0
1258.15	0	.7806362	0	.2193638	0
1257.15	0	.7802054	0	.2197946	0
1256.15	0	.7797756	0	.2202244	0
1255.15	0	.7793467	0	.2206533	0
1254.15	0	.7789187	0	.2210813	0
1253.15	0	.7784917	0	.2215083	0
1252.15	0	.7780656	0	.2219344	0
1251.15	0	.7776405	0	.2223595	0
1250.15	0	.7772163	0	.2227838	0
1249.15	0	.776793	0	.223207	0
1248.15	0	.7763706	0	.2236294	0
1247.15	0	.7759491	0	.2240509	0
1246.15	0	.7755286	0	.2244714	0
1245.15	0	.775109	0	.224891	0
1244.15	0	.7746903	0	.2253097	0
1243.15	0	.7742725	0	.2257275	0
1242.15	0	.7738557	0	.2261443	0
1241.15	0	.7734397	0	.2265603	0
1240.15	0	.7730246	0	.2269754	0
1239.15	0	.7726105	0	.2273895	0
1238.15	0	.7721972	0	.2278028	0
1237.15	0	.7717849	0	.2282151	0
1236.15	0	.7713734	0	.2286266	0
1235.15	0	.7709629	0	.2290372	0
1234.15	0	.7705532	0	.2294468	0
1233.15	0	.7701444	0	.2298556	0
1232.15	0	.7697365	0	.2302635	0
1231.15	0	.7693295	0	.2306705	0
1230.15	0	.7689234	0	.2310767	0
1229.15	0	.7685181	0	.2314819	0
1228.15	0	.7681137	0	.2318863	0
1227.15	0	.7677102	0	.2322898	0
1226.15	0	.7673076	0	.2326924	0
1225.15	0	.7669059	0	.2330941	0
1224.15	0	.766505	0	.233495	0
1223.15	0	.766105	0	.233895	0
1222.15	0	.7657058	0	.2342942	0
1221.15	0	.7653075	0	.2346925	0
1220.15	0	.7649101	0	.2350899	0
1219.15	0	.7645135	0	.2354865	0
1218.15	0	.7641178	0	.2358822	0
1217.15	0	.763723	0	.236277	0
1216.15	0	.763329	0	.236671	0
1215.15	0	.7629358	0	.2370642	0
1214.15	0	.7625435	0	.2374565	0
1213.15	0	.762152	0	.237848	0
1212.15	0	.7617614	0	.2382386	0
1211.15	0	.7613716	0	.2386284	0
1210.15	0	.7609827	0	.2390173	0
1209.15	0	.7605946	0	.2394054	0
1208.15	0	.7602073	0	.2397927	0
1207.15	0	.7598209	0	.2401791	0
1206.15	0	.7594353	0	.2405647	0
1205.15	0	.7590505	0	.2409495	0
1204.15	0	.7586666	0	.2413334	0
1203.15	0	.7582835	0	.2417165	0
1202.15	0	.7579012	0	.2420988	0
1201.15	0	.7575197	0	.2424803	0
1200.15	0	.757139	0	.242861	0
1199.15	0	.7567592	0	.2432408	0
1198.15	0	.7563802	0	.2436198	0
1197.15	0	.756002	0	.243998	0
1196.15	0	.7556246	0	.2443754	0
1195.15	0	.755248	0	.244752	0
1194.15	0	.7548722	0	.2451278	0
1193.15	0	.7544972	0	.2455028	0
1192.15	0	.754123	0	.245877	0
1191.15	0	.7537496	0	.2462504	0
1190.15	0	.7533771	0	.2466229	0
1189.15	0	.7530053	0	.2469947	0
1188.15	0	.7526343	0	.2473657	0
1187.15	0	.7522641	0	.2477359	0
1186.15	0	.7518947	0	.2481053	0
1185.15	0	.7515261	0	.2484739	0
1184.15	0	.7511583	0	.2488417	0
1183.15	0	.7507913	0	.2492087	0
1182.15	0	.750425	0	.249575	0
1181.15	0	.7500596	0	.2499404	0
1180.15	0	.7496949	0	.2503051	0
1179.15	0	.749331	0	.250669	0
1178.15	0	.7489679	0	.2510321	0
1177.15	0	.7486055	0	.2513945	0
1176.15	0	.7482439	0	.2517561	0
1175.15	0	.7478831	0	.2521169	0
1174.15	0	.7475231	0	.2524769	0
1173.15	0	.7471638	0	.2528362	0
1172.15	0	.7468054	0	.2531947	0
1171.15	0	.7464476	0	.2535524	0
1170.15	0	.7460907	0	.2539093	0
1169.15	0	.7457345	0	.2542656	0
1168.15	0	.745379	0	.254621	0
1167.15	0	.7450243	0	.2549757	0
1166.15	0	.7446704	0	.2553296	0
1165.15	0	.7443172	0	.2556828	0
1164.15	0	.7439648	0	.2560352	0
1163.15	0	.7436131	0	.2563869	0
1162.15	0	.7432622	0	.2567378	0
1161.15	0	.742912	0	.257088	0
1160.15	0	.7425626	0	.2574374	0
1159.15	0	.7422139	0	.2577861	0
1158.15	0	.741866	0	.258134	0
1157.15	0	.7415188	0	.2584812	0
1156.15	0	.7411723	0	.2588277	0
1155.15	0	.7408266	0	.2591734	0
1154.15	0	.7404816	0	.2595184	0
1153.15	0	.7401374	0	.2598626	0
1152.15	0	.7397939	0	.2602061	0
1151.15	0	.7394511	0	.2605489	0
1150.15	0	.739109	0	.260891	0
1149.15	0	.7387677	0	.2612323	0
1148.15	0	.7384271	0	.2615729	0
1147.15	0	.7380873	0	.2619127	0
1146.15	0	.7377481	0	.2622519	0
1145.15	0	.7374097	0	.2625903	0
1144.15	0	.737072	0	.262928	0
1143.15	0	.736735	0	.263265	0
1142.15	0	.7363988	0	.2636012	0
1141.15	0	.7360632	0	.2639368	0
1140.15	0	.7357284	0	.2642716	0
1139.15	0	.7353943	0	.2646057	0
1138.15	0	.7350609	0	.2649391	0
1137.15	0	.7347282	0	.2652718	0
1136.15	0	.7343962	0	.2656038	0
1135.15	0	.7340649	0	.2659351	0
1134.15	0	.7337343	0	.2662657	0
1133.15	0	.7334045	0	.2665955	0
1132.15	0	.7330753	0	.2669247	0
1131.15	0	.7327468	0	.2672532	0
1130.15	0	.7324191	0	.2675809	0
1129.15	0	.732092	0	.267908	0
1128.15	0	.7317656	0	.2682344	0
1127.15	0	.73144	0	.26856	0
1126.15	0	.731115	0	.268885	0
1125.15	0	.7307907	0	.2692093	0
1124.15	0	.7304671	0	.2695329	0
1123.15	0	.7301442	0	.2698558	0
1122.15	0	.729822	0	.270178	0
1121.15	0	.7295005	0	.2704995	0
1120.15	0	.7291796	0	.2708204	0
1119.15	0	.7288594	0	.2711406	0
1118.15	0	.72854	0	.27146	0
1117.15	0	.7282212	0	.2717788	0
1116.15	0	.7279031	0	.2720969	0
1115.15	0	.7275856	0	.2724144	0
1114.15	0	.7272689	0	.2727311	0
1113.15	0	.7269528	0	.2730472	0
1112.15	0	.7266374	0	.2733626	0
1111.15	0	.7263227	0	.2736773	0
1110.15	0	.7260086	0	.2739914	0
1109.15	0	.7256952	0	.2743048	0
1108.15	0	.7253825	0	.2746175	0
1107.15	0	.7250704	0	.2749296	0
1106.15	0	.7247591	0	.2752409	0
1105.15	0	.7244483	0	.2755517	0
1104.15	0	.7241383	0	.2758617	0
1103.15	0	.7238289	0	.2761711	0
1102.15	0	.7235202	0	.2764798	0
1101.15	0	.7232121	0	.2767879	0
1100.15	0	.7229047	0	.2770953	0
1099.15	0	.7225979	0	.2774021	0
1098.15	0	.7222918	0	.2777081	0
1097.15	0	.7219864	0	.2780136	0
1096.15	0	.7216816	0	.2783184	0
1095.15	0	.7213775	0	.2786225	0
1094.15	0	.721074	0	.278926	0
1093.15	0	.7207712	0	.2792288	0
1092.15	0	.720469	0	.279531	0
1091.15	0	.7201675	0	.2798325	0
1090.15	0	.7198666	0	.2801334	0
1089.15	0	.7195664	0	.2804336	0
1088.15	0	.7192668	0	.2807332	0
1087.15	0	.7189678	0	.2810322	0
1086.15	0	.7186695	0	.2813305	0
1085.15	0	.7183719	0	.2816281	0
1084.15	0	.7180748	0	.2819252	0
1083.15	0	.7177784	0	.2822215	0
1082.15	0	.7174827	0	.2825173	0
1081.15	0	.7171876	0	.2828124	0
1080.15	0	.7168931	0	.2831069	0
1079.15	0	.7165993	0	.2834007	0
1078.15	0	.7163061	0	.2836939	0
1077.15	0	.7160135	0	.2839865	0
1076.15	0	.7157215	0	.2842785	0
1075.15	0	.7154302	0	.2845698	0
1074.15	0	.7151395	0	.2848605	0
1073.15	0	.7148495	0	.2851505	0
1072.15	0	.71456	0	.28544	0
1071.15	0	.7142712	0	.2857288	0
1070.15	0	.713983	0	.286017	0
1069.15	0	.7136955	0	.2863045	0
1068.15	0	.7134085	0	.2865915	0
1067.15	0	.7131222	0	.2868778	0
1066.15	0	.7128365	0	.2871635	0
1065.15	0	.7125514	0	.2874486	0
1064.15	0	.712267	0	.287733	0
1063.15	0	.7119831	0	.2880169	0
1062.15	0	.7116999	0	.2883001	0
1061.15	0	.7114173	0	.2885827	0
1060.15	0	.7111353	0	.2888647	0
1059.15	0	.7108539	0	.2891461	0
1058.15	0	.7105731	0	.2894269	0
1057.15	0	.7102929	0	.2897071	0
1056.15	0	.7100134	0	.2899866	0
1055.15	0	.7097344	0	.2902656	0
1054.15	0	.7094561	0	.2905439	0
1053.15	0	.7091783	0	.2908217	0
1052.15	0	.7089012	0	.2910988	0
1051.15	0	.7086247	0	.2913753	0
1050.15	0	.7083487	0	.2916513	0
1049.15	0	.7080734	0	.2919266	0
1048.15	0	.7077987	0	.2922013	0
1047.15	0	.7075246	0	.2924754	0
1046.15	0	.707251	0	.292749	0
1045.15	0	.7069781	0	.2930219	0
1044.15	0	.7067058	0	.2932942	0
1043.15	0	.7064341	0	.2935659	0
1042.15	0	.7061629	0	.2938371	0
1041.15	0	.7058924	0	.2941076	0
1040.15	0	.7056224	0	.2943776	0
1039.15	0	.7053531	0	.2946469	0
1038.15	0	.7050843	0	.2949157	0
1037.15	0	.7048161	0	.2951839	0
1036.15	0	.7045486	0	.2954514	0
1035.15	0	.7042816	0	.2957184	0
1034.15	0	.7040152	0	.2959848	0
1033.15	0	.7037493	0	.2962507	0
1032.15	0	.7034841	0	.2965159	0
1031.15	0	.7032195	0	.2967805	0
1030.15	0	.7029554	0	.2970446	0
1029.15	0	.7026919	0	.2973081	0
1028.15	0	.702429	0	.297571	0
1027.15	0	.7021667	0	.2978333	0
1026.15	0	.701905	0	.298095	0
1025.15	0	.7016438	0	.2983562	0
1024.838	0	.7015625	0	.2984375	0
1024.838	0	.7015625	0	.2984375	0
1024.838	0	.7015625	0	.2984375	0
1024.15	0	.7009526	4.578662E-04	.2985896	0
1023.15	0	.7000683	.001121691	.29881	0
1022.15	0	.6991868	.001783477	.2990297	0
1021.15	0	.698308	.002443224	.2992488	0
1020.15	0	.6974318	.003100934	.2994672	0
1019.15	0	.6965584	.003756606	.299685	0
1018.15	0	.6956877	.00441024	.299902	0
1017.15	0	.6948197	.005061838	.3001185	0
1016.15	0	.6939544	.0057114	.3003342	0
1015.15	0	.6930918	.006358927	.3005493	0
1014.15	0	.6922319	.007004419	.3007637	0
1013.15	0	.6913747	.007647877	.3009774	0
1012.15	0	.6905202	.008289301	.3011905	0
1011.15	0	.6896684	.008928693	.3014029	0
1010.15	0	.6888193	.009566053	.3016146	0
1009.15	0	.6879729	.01020138	.3018257	0
1008.15	0	.6871292	.01083468	.3020361	0
1007.15	0	.6862882	.01146595	.3022458	0
1006.15	0	.6854499	.01209519	.3024549	0
1005.15	0	.6846143	.01272241	.3026632	0
1004.15	0	.6837815	.0133476	.302871	0
1003.15	0	.6829513	.01397077	.303078	0
1002.15	0	.6821237	.01459191	.3032843	0
1001.15	0	.6812989	.01521103	.30349	0
1000.15	0	.6804768	.01582813	.303695	0
999.15	0	.6796574	.01644321	.3038994	0
998.15	0	.6788407	.01705628	.304103	0
997.15	0	.6780267	.01766733	.304306	0
996.15	0	.6772153	.01827637	.3045083	0
995.15	0	.6764067	.01888339	.3047099	0
994.15	0	.6756007	.01948841	.3049109	0
993.15	0	.6747975	.02009141	.3051111	0
992.15	0	.6739969	.02069241	.3053107	0
991.15	0	.673199	.02129141	.3055096	0
990.15	0	.6724038	.02188841	.3057078	0
989.15	0	.6716113	.02248341	.3059054	0
988.15	0	.6708214	.02307641	.3061022	0
987.15	0	.6700343	.02366742	.3062983	0
986.15	0	.6692498	.02425643	.3064938	0
985.15	0	.668468	.02484347	.3066886	0
984.15	0	.6676889	.02542851	.3068826	0
983.15	0	.6669124	.02601157	.307076	0
982.15	0	.6661386	.02659266	.3072687	0
981.15	0	.6653675	.02717177	.3074607	0
980.15	0	.6645991	.0277489	.307652	0
979.15	0	.6638333	.02832407	.3078426	0
978.15	0	.6630703	.02889728	.3080325	0
977.15	0	.6623098	.02946852	.3082217	0
976.15	0	.6615521	.03003781	.3084101	0
975.15	0	.6607969	.03060515	.3085979	0
974.15	0	.6600445	.03117054	.308785	0
973.15	0	.6592947	.03173399	.3089713	0
972.15	0	.6585475	.0322955	.309157	0
971.15	0	.657803	.03285507	.3093419	0
970.15	0	.6570612	.03341272	.3095261	0
969.15	0	.656322	.03396845	.3097096	0
968.15	0	.6555854	.03452226	.3098924	0
967.15	0	.6548514	.03507415	.3100744	0
966.15	0	.6541201	.03562415	.3102557	0
965.15	0	.6533914	.03617224	.3104363	0
964.15	0	.6526654	.03671844	.3106162	0
963.15	0	.6519419	.03726275	.3107953	0
962.15	0	.6512211	.03780519	.3109737	0
961.15	0	.6505029	.03834575	.3111513	0
960.15	0	.6497873	.03888445	.3113282	0
959.15	0	.6490743	.03942129	.3115044	0
958.15	0	.6483639	.03995628	.3116798	0
957.15	0	.6476561	.04048943	.3118545	0
956.15	0	.6469509	.04102074	.3120284	0
955.15	0	.6462482	.04155024	.3122015	0
954.15	0	.6455482	.04207791	.3123739	0
953.15	0	.6448507	.04260378	.3125455	0
952.15	0	.6441557	.04312786	.3127164	0
951.15	0	.6434634	.04365015	.3128865	0
950.15	0	.6427735	.04417066	.3130558	0
949.15	0	.6420863	.0446894	.3132244	0
948.15	0	.6414015	.04520639	.3133921	0
947.15	0	.6407193	.04572164	.3135591	0
946.15	0	.6400396	.04623516	.3137253	0
945.15	0	.6393624	.04674696	.3138907	0
944.15	0	.6386877	.04725705	.3140553	0
943.15	0	.6380155	.04776544	.314219	0
942.15	0	.6373458	.04827216	.314382	0
941.15	0	.6366786	.0487772	.3145442	0
940.15	0	.6360138	.0492806	.3147056	0
939.15	0	.6353515	.04978235	.3148661	0
938.15	0	.6346917	.05028248	.3150258	0
937.15	0	.6340343	.05078101	.3151847	0
936.15	0	.6333793	.05127794	.3153428	0
935.15	0	.6327267	.05177329	.3155	0
934.15	0	.6320765	.05226709	.3156564	0
933.15	0	.6314287	.05275935	.3158119	0
932.15	0	.6307833	.05325008	.3159666	0
931.15	0	.6301402	.05373931	.3161204	0
930.15	0	.6294995	.05422706	.3162734	0
929.15	0	.6288612	.05471334	.3164255	0
928.15	0	.6282251	.05519817	.3165767	0
927.15	0	.6275914	.05568158	.316727	0
926.15	0	.6269599	.0561636	.3168765	0
925.15	0	.6263307	.05664423	.317025	0
924.15	0	.6257038	.05712351	.3171727	0
923.15	0	.6250791	.05760145	.3173194	0
922.15	0	.6244567	.05807809	.3174653	0
921.15	0	.6238364	.05855344	.3176102	0
920.15	0	.6232183	.05902754	.3177541	0
919.15	0	.6226024	.05950042	.3178972	0
918.15	0	.6219886	.05997209	.3180393	0
917.15	0	.621377	.06044258	.3181804	0
916.15	0	.6207674	.06091194	.3183206	0
915.15	0	.6201599	.06138018	.3184599	0
914.15	0	.6195545	.06184734	.3185981	0
913.15	0	.6189511	.06231345	.3187354	0
912.15	0	.6183497	.06277855	.3188717	0
911.15	0	.6177503	.06324267	.319007	0
910.15	0	.6171529	.06370584	.3191413	0
909.15	0	.6165573	.0641681	.3192746	0
908.15	0	.6159637	.06462948	.3194068	0
907.15	0	.6153719	.06509004	.3195381	0
906.15	0	.614782	.0655498	.3196682	0
905.15	0	.6141938	.06600881	.3197974	0
904.15	0	.6136075	.06646711	.3199254	0
903.15	0	.6130229	.06692474	.3200524	0
902.15	0	.6124399	.06738175	.3201783	0
901.15	0	.6118587	.06783819	.3203031	0
900.15	0	.6112791	.0682941	.3204268	0
899.15	0	.6107011	.06874953	.3205494	0
898.15	0	.6101246	.06920454	.3206709	0
897.15	0	.6095496	.06965917	.3207912	0
896.15	0	.6089762	.07011348	.3209104	0
895.15	0	.6084041	.07056753	.3210284	0
894.15	0	.6078334	.07102137	.3211452	0
893.15	0	.6072641	.07147506	.3212608	0
892.15	0	.6066961	.07192867	.3213753	0
891.15	0	.6061293	.07238225	.3214885	0
890.15	0	.6055637	.07283588	.3216004	0
889.15	0	.6049992	.07328962	.3217112	0
888.15	0	.6044358	.07374353	.3218206	0
887.15	0	.6038735	.0741977	.3219288	0
886.15	0	.6033121	.0746522	.3220357	0
885.15	0	.6027516	.07510709	.3221413	0
884.15	0	.602192	.07556247	.3222456	0
883.15	0	.6016331	.07601842	.3223485	0
882.15	0	.601075	.07647501	.32245	0
881.15	0	.6005175	.07693234	.3225502	0
880.15	0	.5999606	.07739049	.3226489	0
879.15	0	.5994042	.07784957	.3227463	0
878.15	0	.5988482	.07830966	.3228422	0
877.15	0	.5982925	.07877088	.3229366	0
876.15	0	.5977371	.07923331	.3230296	0
875.15	0	.5971819	.07969708	.323121	0
874.15	0	.5966268	.08016229	.3232109	0
873.15	0	.5960716	.08062905	.3232993	0
872.15	0	.5955164	.0810975	.3233861	0
871.15	0	.5949609	.08156775	.3234713	0
870.15	0	.5944052	.08203994	.3235549	0
869.15	0	.593849	.08251419	.3236368	0
868.15	0	.5932924	.08299065	.323717	0
867.15	0	.592735	.08346947	.3237955	0
866.15	0	.592177	.0839508	.3238723	0
865.15	0	.591618	.08443479	.3239472	0
864.15	0	.591058	.08492161	.3240204	0
863.15	0	.5904969	.08541142	.3240917	0
862.15	0	.5899344	.08590442	.3241612	0
861.15	0	.5893705	.08640079	.3242287	0
860.15	0	.5888051	.08690072	.3242942	0
859.15	0	.5882378	.08740441	.3243578	0
858.15	0	.5876686	.08791209	.3244193	0
857.15	0	.5870973	.08842397	.3244787	0
856.15	0	.5865237	.08894029	.324536	0
855.15	0	.5859476	.08946129	.3245911	0
854.15	0	.5853688	.08998723	.324644	0
853.15	0	.584787	.0905184	.3246946	0
852.15	0	.5842021	.09105506	.3247428	0
851.15	0	.5836138	.09159752	.3247886	0
850.15	0	.5830219	.09214611	.324832	0
849.15	0	.5824261	.09270115	.3248728	0
848.15	0	.581826	.09326301	.324911	0
847.15	0	.5812215	.09383205	.3249465	0
846.15	0	.5806121	.09440868	.3249792	0
845.15	0	.5799975	.09499332	.3250091	0
844.15	0	.5793775	.09558642	.3250361	0
843.15	0	.5787515	.09618846	.32506	0
842.15	0	.5781192	.09679995	.3250808	0
841.15	0	.5774802	.09742144	.3250983	0
840.15	0	.576834	.09805352	.3251125	0
839.15	0	.57618	.09869681	.3251232	0
838.15	0	.5755178	.09935199	.3251302	0
837.15	0	.5748467	.1000198	.3251335	0
836.15	0	.5741661	.100701	.3251329	0
835.15	0	.5732799	.1016205	.3250997	0
834.15	0	.5721484	.1028251	.3250265	0
833.15	0	.5710635	.1039811	.3249554	0
832.15	0	.5700223	.1050915	.3248863	0
831.15	0	.5690224	.1061586	.324819	0
830.15	0	.5680615	.107185	.3247535	0
829.15	0	.5671374	.1081728	.3246898	0
828.15	0	.5662482	.1091242	.3246276	0
827.15	0	.5653919	.1100412	.3245669	0
826.15	0	.5645669	.1109254	.3245077	0
825.15	0	.5637714	.1117787	.3244499	0
824.15	0	.563004	.1126026	.3243933	0
823.15	0	.5622634	.1133986	.324338	0
822.15	0	.561548	.1141681	.3242839	0
821.15	0	.5608568	.1149123	.3242309	0
820.15	0	.5601885	.1156326	.3241789	0
819.15	0	.559542	.11633	.3241279	0
818.15	0	.5589164	.1170057	.3240779	0
817.15	0	.5583106	.1176607	.3240288	0
816.15	0	.5577237	.1182958	.3239805	0
815.15	0	.5571548	.1189121	.3239331	0
814.15	0	.5566032	.1195104	.3238864	0
813.15	0	.5560681	.1200914	.3238405	0
812.15	0	.5555488	.120656	.3237952	0
811.15	0	.5550445	.1212049	.3237507	0
810.15	0	.5545546	.1217387	.3237067	0
809.15	0	.5540786	.1222581	.3236634	0
808.15	0	.5536158	.1227637	.3236206	0
807.15	0	.5531656	.1232561	.3235783	0
806.15	0	.5527276	.1237358	.3235366	0
805.15	0	.5523012	.1242034	.3234954	0
804.15	0	.5518861	.1246593	.3234546	0
803.15	0	.5514816	.1251041	.3234143	0
802.15	0	.5510875	.1255381	.3233744	0
801.15	0	.5507033	.1259619	.3233349	0
800.15	0	.5503285	.1263757	.3232958	0
799.15	0	.5499629	.12678	.323257	0
798.15	0	.5496061	.1271753	.3232186	0
797.15	0	.5492578	.1275617	.3231805	0
796.15	0	.5489176	.1279396	.3231428	0
795.15	0	.5485853	.1283095	.3231053	0
794.15	0	.5482605	.1286714	.3230681	0
793.15	0	.5479429	.1290259	.3230312	0
792.15	0	.5476324	.1293731	.3229945	0
791.15	0	.5473286	.1297133	.3229581	0
790.15	0	.5470313	.1300468	.3229219	0
789.15	0	.5467403	.1303738	.3228859	0
788.15	0	.5464554	.1306945	.3228502	0
787.15	0	.5461763	.1310091	.3228146	0
786.15	0	.5459028	.131318	.3227792	0
785.15	0	.5456348	.1316212	.322744	0
784.15	0	.545372	.131919	.322709	0
783.15	0	.5451144	.1322115	.3226741	0
782.15	0	.5448616	.132499	.3226394	0
781.15	0	.5446136	.1327816	.3226048	0
780.15	0	.5443702	.1330595	.3225704	0
779.15	0	.5441312	.1333327	.3225361	0
778.15	0	.5438965	.1336016	.3225019	0
777.15	0	.543666	.1338662	.3224678	0
776.15	0	.5434395	.1341267	.3224338	0
775.15	0	.5432169	.1343832	.3224	0
774.15	0	.542998	.1346358	.3223662	0
773.15	0	.5427828	.1348846	.3223325	0
772.15	0	.5425712	.1351299	.322299	0
771.15	0	.5423629	.1353716	.3222655	0
770.15	0	.542158	.13561	.322232	0
769.15	0	.5419563	.135845	.3221987	0
768.15	0	.5417578	.1360768	.3221654	0
767.15	0	.5415623	.1363056	.3221322	0
766.15	0	.5413697	.1365313	.322099	0
765.15	0	.5411799	.1367542	.3220659	0
764.15	0	.540993	.1369742	.3220328	0
763.15	0	.5408087	.1371915	.3219998	0
762.15	0	.540627	.1374061	.3219669	0
761.15	0	.5404479	.1376182	.3219339	0
760.15	0	.5402712	.1378277	.321901	0
759.15	0	.540097	.1380349	.3218682	0
758.15	0	.539925	.1382396	.3218354	0
757.15	0	.5397553	.1384421	.3218026	0
756.15	0	.5395878	.1386424	.3217698	0
755.15	0	.5394239	.1388394	.3217367	0
754.15	0	.5392605	.1390355	.321704	0
753.15	0	.5390991	.1392295	.3216713	0
752.15	0	.5389398	.1394216	.3216387	0
751.15	0	.5387823	.1396117	.321606	0
750.15	0	.5386268	.1397999	.3215734	0
749.15	0	.538473	.1399863	.3215408	0
748.15	0	.538321	.1401709	.3215081	0
747.15	0	.5381708	.1403537	.3214755	0
746.15	0	.5380222	.1405349	.3214429	0
745.15	0	.5378753	.1407144	.3214103	0
744.15	0	.53773	.1408923	.3213777	0
743.15	0	.5375863	.1410687	.321345	0
742.15	0	.5374441	.1412435	.3213124	0
741.15	0	.5373033	.1414169	.3212798	0
740.15	0	.537164	.1415888	.3212472	0
739.15	0	.5370261	.1417594	.3212145	0
738.15	0	.5368896	.1419285	.3211819	0
737.15	0	.5367545	.1420963	.3211492	0
736.15	0	.5366206	.1422628	.3211166	0
735.15	0	.536488	.142428	.3210839	0
734.15	0	.5363567	.142592	.3210512	0
733.15	0	.5362266	.1427548	.3210186	0
732.15	0	.5360977	.1429164	.3209858	0
731.15	0	.53597	.1430769	.3209531	0
730.15	0	.5358434	.1432362	.3209204	0
729.15	0	.5357179	.1433944	.3208876	0
728.15	0	.5355936	.1435515	.3208549	0
727.15	0	.5354703	.1437076	.3208221	0
726.15	0	.535348	.1438627	.3207893	0
725.15	0	.5352267	.1440168	.3207565	0
724.15	0	.5351065	.1441699	.3207237	0
723.15	0	.5349872	.144322	.3206908	0
722.15	0	.5348688	.1444732	.3206579	0
721.15	0	.5347515	.1446235	.320625	0
720.15	0	.534635	.1447729	.3205921	0
719.15	0	.5345194	.1449214	.3205592	0
718.15	0	.5344047	.1450691	.3205263	0
717.15	0	.5342909	.1452159	.3204933	0
716.15	0	.5341779	.1453618	.3204603	0
715.15	0	.5340657	.145507	.3204273	0
714.15	0	.5339543	.1456514	.3203942	0
713.15	0	.5338438	.1457951	.3203612	0
712.15	0	.533734	.1459379	.3203281	0
711.15	0	.533625	.14608	.320295	0
710.15	0	.5335167	.1462215	.3202619	0
709.15	0	.5334091	.1463621	.3202287	0
708.15	0	.5333023	.1465021	.3201955	0
707.15	0	.5331962	.1466414	.3201624	0
706.15	0	.5330908	.1467801	.3201291	0
705.15	0	.532986	.1469181	.3200959	0
704.15	0	.532882	.1470554	.3200626	0
703.15	0	.5327786	.1471921	.3200293	0
702.15	0	.5326758	.1473282	.319996	0
701.15	0	.5325737	.1474636	.3199627	0
700.15	0	.5324722	.1475985	.3199293	0
699.15	0	.5323713	.1477328	.319896	0
698.15	0	.532271	.1478665	.3198626	0
697.15	0	.5321713	.1479996	.3198291	0
696.15	0	.5320722	.1481321	.3197957	0
695.15	0	.5319736	.1482642	.3197622	0
694.15	0	.5318756	.1483957	.3197287	0
693.15	0	.5317782	.1485266	.3196952	0
692.15	0	.5316813	.148657	.3196617	0
691.15	0	.5315849	.1487869	.3196281	0
690.15	0	.5314891	.1489164	.3195945	0
689.15	0	.5313938	.1490453	.3195609	0
688.15	0	.531299	.1491737	.3195273	0
687.15	0	.5312047	.1493016	.3194937	0
686.15	0	.5311109	.1494291	.31946	0
685.15	0	.5310176	.1495561	.3194263	0
684.15	0	.5309248	.1496826	.3193926	0
683.15	0	.5308324	.1498087	.3193589	0
682.15	0	.5307405	.1499344	.3193251	0
681.15	0	.5306491	.1500596	.3192914	0
680.15	0	.5305581	.1501843	.3192576	0
679.15	0	.5304676	.1503087	.3192238	0
678.15	0	.5303775	.1504326	.31919	0
677.15	0	.5302878	.1505561	.3191561	0
676.15	0	.5301986	.1506792	.3191222	0
675.15	0	.5301098	.1508019	.3190884	0
674.15	0	.5300214	.1509242	.3190545	0
673.15	0	.5299334	.1510461	.3190205	0
672.15	0	.5298458	.1511676	.3189866	0
671.15	0	.5297586	.1512887	.3189527	0
670.15	0	.5296719	.1514095	.3189187	0
669.15	0	.5295855	.1515298	.3188847	0
668.15	0	.5294995	.1516498	.3188507	0
667.15	0	.5294138	.1517695	.3188167	0
666.15	0	.5293286	.1518888	.3187827	0
665.15	0	.5292437	.1520077	.3187486	0
664.15	0	.5291592	.1521263	.3187146	0
663.15	0	.5290751	.1522445	.3186805	0
662.15	0	.5289913	.1523624	.3186464	0
661.15	0	.5289078	.1524799	.3186123	0
660.15	0	.5288247	.1525971	.3185782	0
659.15	0	.528742	.152714	.318544	0
658.15	0	.5286596	.1528305	.3185099	0
657.15	0	.5285775	.1529467	.3184758	0
656.15	0	.5284958	.1530626	.3184416	0
655.15	0	.5284144	.1531782	.3184074	0
654.15	0	.5283334	.1532934	.3183732	0
653.15	0	.5282526	.1534083	.318339	0
652.15	0	.5281722	.153523	.3183048	0
651.15	0	.5280921	.1536373	.3182706	0
650.15	0	.5280123	.1537513	.3182364	0
649.15	0	.5279328	.153865	.3182022	0
648.15	0	.5278537	.1539784	.3181679	0
647.15	0	.5277748	.1540915	.3181337	0
646.15	0	.5276962	.1542044	.3180994	0
645.15	0	.527618	.1543169	.3180652	0
644.15	0	.52754	.1544291	.3180309	0
643.15	0	.5274623	.1545411	.3179966	0
642.15	0	.5273849	.1546527	.3179624	0
641.15	0	.5273078	.1547641	.3179281	0
640.15	0	.527231	.1548752	.3178938	0
639.15	0	.5271545	.154986	.3178595	0
638.15	0	.5270782	.1550966	.3178252	0
637.15	0	.5270023	.1552068	.3177909	0
636.15	0	.5269266	.1553168	.3177566	0
635.15	0	.5268511	.1554266	.3177223	0
634.15	0	.526776	.155536	.317688	0
633.15	0	.5267011	.1556452	.3176537	0
632.15	0	.5266265	.1557541	.3176194	0
631.15	0	.5265521	.1558628	.3175851	0
630.15	0	.526478	.1559712	.3175508	0
629.15	0	.5264042	.1560793	.3175165	0
628.15	0	.5263306	.1561872	.3174822	0
627.15	0	.5262573	.1562948	.3174479	0
626.15	0	.5261842	.1564022	.3174136	0
625.15	0	.5261114	.1565093	.3173793	0
624.15	0	.5260389	.1566161	.317345	0
623.15	0	.5259666	.1567227	.3173107	0
622.15	0	.5258945	.156829	.3172765	0
621.15	0	.5258227	.1569351	.3172422	0
620.15	0	.5257511	.157041	.3172079	0
619.15	0	.5256798	.1571466	.3171737	0
618.15	0	.5256087	.1572519	.3171394	0
617.15	0	.5255378	.157357	.3171052	0
616.15	0	.5254672	.1574619	.3170709	0
615.15	0	.5253968	.1575665	.3170367	0
614.15	0	.5253267	.1576709	.3170024	0
613.15	0	.5252567	.157775	.3169682	0
612.15	0	.5251871	.1578789	.316934	0
611.15	0	.5251176	.1579826	.3168998	0
610.15	0	.5250484	.158086	.3168656	0
609.15	0	.5249794	.1581892	.3168315	0
608.15	0	.5249106	.1582921	.3167973	0
607.15	0	.5248421	.1583948	.3167632	0
606.15	0	.5247737	.1584972	.316729	0
605.15	0	.5247056	.1585995	.3166949	0
604.15	0	.5246378	.1587015	.3166608	0
603.15	0	.5245701	.1588032	.3166267	0
602.15	0	.5245026	.1589048	.3165926	0
601.15	0	.5244354	.159006	.3165585	0
600.15	0	.5243684	.1591071	.3165245	0
599.15	0	.5243016	.1592079	.3164905	0
598.15	0	.524235	.1593085	.3164565	0
597.15	0	.5241687	.1594089	.3164225	0
596.15	0	.5241025	.159509	.3163885	0
595.15	0	.5240366	.159609	.3163545	0
594.15	0	.5239708	.1597086	.3163206	0
593.15	0	.5239053	.1598081	.3162866	0
592.15	0	.52384	.1599073	.3162527	0
591.15	0	.5237749	.1600063	.3162189	0
590.15	0	.5237099	.1601051	.316185	0
589.15	0	.5236452	.1602036	.3161512	0
588.15	0	.5235807	.1603019	.3161174	0
587.15	0	.5235164	.1604	.3160836	0
586.15	0	.5234524	.1604979	.3160498	0
585.15	0	.5233885	.1605955	.316016	0
584.15	0	.5233248	.1606929	.3159823	0
583.15	0	.5232613	.1607901	.3159486	0
582.15	0	.523198	.1608871	.315915	0
581.15	0	.5231349	.1609838	.3158813	0
580.15	0	.523072	.1610803	.3158477	0
579.15	0	.5230093	.1611766	.3158141	0
578.15	0	.5229468	.1612726	.3157805	0
577.15	0	.5228845	.1613685	.315747	0
576.15	0	.5228224	.1614641	.3157135	0
575.15	0	.5227605	.1615595	.31568	0
574.15	0	.5226988	.1616546	.3156466	0
573.15	0	.5226372	.1617496	.3156132	0
572.15	0	.5225759	.1618443	.3155798	0
571.15	0	.5225148	.1619388	.3155465	0
570.15	0	.5224538	.1620331	.3155131	0
569.15	0	.522393	.1621271	.3154799	0
568.15	0	.5223325	.1622209	.3154466	0
567.15	0	.5222721	.1623145	.3154134	0
566.15	0	.5222119	.1624079	.3153802	0
565.15	0	.5221519	.1625011	.3153471	0
564.15	0	.5220921	.162594	.3153139	0
563.15	0	.5220324	.1626867	.3152809	0
562.15	0	.521973	.1627792	.3152478	0
561.15	0	.5219137	.1628715	.3152148	0
560.15	0	.5218547	.1629635	.3151819	0
559.15	0	.5217958	.1630553	.3151489	0
558.15	0	.5217371	.1631469	.315116	0
557.15	0	.5216785	.1632383	.3150832	0
556.15	0	.5216202	.1633294	.3150504	0
555.15	0	.521562	.1634203	.3150176	0
554.15	0	.5215041	.163511	.3149849	0
553.15	0	.5214463	.1636015	.3149522	0
552.15	0	.5213887	.1636918	.3149196	0
551.15	0	.5213313	.1637818	.314887	0
550.15	0	.521274	.1638716	.3148544	0
549.15	0	.521217	.1639612	.3148219	0
548.15	0	.5211601	.1640505	.3147894	0
547.15	0	.5211034	.1641396	.314757	0
546.15	0	.5210469	.1642285	.3147246	0
545.15	0	.5209905	.1643172	.3146923	0
544.15	0	.5209343	.1644057	.31466	0
543.15	0	.5208784	.1644939	.3146278	0
542.15	0	.5208225	.1645819	.3145956	0
541.15	0	.5207669	.1646697	.3145634	0
540.15	0	.5207115	.1647572	.3145313	0
539.15	0	.5206562	.1648446	.3144993	0
538.15	0	.5206011	.1649317	.3144673	0
537.15	0	.5205462	.1650185	.3144353	0
536.15	0	.5204914	.1651052	.3144034	0
535.15	0	.5204368	.1651916	.3143716	0
534.15	0	.5203824	.1652778	.3143398	0
533.15	0	.5203282	.1653638	.314308	0
532.15	0	.5202742	.1654495	.3142763	0
531.15	0	.5202203	.165535	.3142447	0
530.15	0	.5201666	.1656203	.3142131	0
529.15	0	.5201131	.1657054	.3141816	0
528.15	0	.5200597	.1657902	.3141501	0
527.15	0	.5200065	.1658748	.3141187	0
526.15	0	.5199535	.1659591	.3140873	0
525.15	0	.5199007	.1660433	.314056	0
524.15	0	.519848	.1661272	.3140248	0
523.15	0	.5197955	.1662109	.3139936	0
522.15	0	.5197432	.1662943	.3139625	0
521.15	0	.5196911	.1663775	.3139314	0
520.15	0	.5196391	.1664605	.3139004	0
519.15	0	.5195873	.1665433	.3138694	0
518.15	0	.5195357	.1666258	.3138385	0
517.15	0	.5194842	.1667081	.3138077	0
516.15	0	.5194329	.1667902	.3137769	0
515.15	0	.5193818	.166872	.3137462	0
514.15	0	.5193308	.1669536	.3137155	0
513.15	0	.5192801	.167035	.313685	0
512.15	0	.5192294	.1671161	.3136544	0
511.15	0	.519179	.167197	.313624	0
510.15	0	.5191287	.1672777	.3135936	0
509.15	0	.5190786	.1673581	.3135632	0
508.15	0	.5190287	.1674384	.313533	0
507.15	0	.5189789	.1675183	.3135028	0
506.15	0	.5189293	.1675981	.3134726	0
505.15	0	.51888	.1676776	.3134425	0
504.15	0	.5188307	.1677568	.3134125	0
503.15	0	.5187816	.1678358	.3133825	0
502.15	0	.5187327	.1679146	.3133527	0
501.15	0	.518684	.1679932	.3133229	0
500.15	0	.5186354	.1680715	.3132931	0
499.15	0	.5185869	.1681496	.3132634	0
498.15	0	.5185387	.1682275	.3132339	0
497.15	0	.5184906	.1683051	.3132043	0
496.15	0	.5184427	.1683824	.3131749	0
495.15	0	.5183949	.1684596	.3131455	0
494.15	0	.5183473	.1685365	.3131162	0
493.15	0	.5182999	.1686131	.313087	0
492.15	0	.5182526	.1686896	.3130578	0
491.15	0	.5182055	.1687658	.3130287	0
490.15	0	.5181586	.1688417	.3129997	0
489.15	0	.5181119	.1689174	.3129708	0
488.15	0	.5180653	.1689929	.3129419	0
487.15	0	.5180188	.1690681	.3129131	0
486.15	0	.5179725	.1691431	.3128844	0
485.15	0	.5179265	.1692178	.3128557	0
484.15	0	.5178805	.1692923	.3128272	0
483.15	0	.5178347	.1693666	.3127987	0
482.15	0	.5177891	.1694406	.3127703	0
481.15	0	.5177437	.1695144	.3127419	0
480.15	0	.5176984	.1695879	.3127137	0
479.15	0	.5176533	.1696612	.3126855	0
478.15	0	.5176083	.1697343	.3126574	0
477.15	0	.5175635	.1698071	.3126294	0
476.15	0	.5175189	.1698796	.3126015	0
475.15	0	.5174744	.169952	.3125736	0
474.15	0	.5174301	.170024	.3125458	0
473.15	0	.517386	.1700959	.3125181	0
472.15	0	.517342	.1701675	.3124905	0
471.15	0	.5172982	.1702388	.312463	0
470.15	0	.5172545	.1703099	.3124356	0
469.15	0	.517211	.1703808	.3124082	0
468.15	0	.5171677	.1704514	.3123809	0
467.15	0	.5171245	.1705218	.3123537	0
466.15	0	.5170815	.1705919	.3123266	0
465.15	0	.5170387	.1706617	.3122996	0
464.15	0	.516996	.1707314	.3122726	0
463.15	0	.5169535	.1708008	.3122458	0
462.15	0	.5169111	.1708699	.312219	0
461.15	0	.5168689	.1709388	.3121923	0
460.15	0	.5168269	.1710074	.3121657	0
459.15	0	.516785	.1710758	.3121392	0
458.15	0	.5167433	.171144	.3121128	0
457.15	0	.5167017	.1712118	.3120865	0
456.15	0	.5166603	.1712795	.3120602	0
455.15	0	.5166191	.1713469	.3120341	0
454.15	0	.516578	.171414	.312008	0
453.15	0	.5165371	.1714809	.311982	0
452.15	0	.5164963	.1715476	.3119561	0
451.15	0	.5164557	.171614	.3119303	0
450.15	0	.5164152	.1716802	.3119046	0
449.15	0	.516375	.171746	.311879	0
448.15	0	.5163349	.1718116	.3118535	0
447.15	0	.516295	.171877	.3118281	0
446.15	0	.5162552	.1719421	.3118028	0
445.15	0	.5162156	.1720069	.3117775	0
444.15	0	.5161762	.1720714	.3117524	0
443.15	0	.5161369	.1721357	.3117274	0
442.15	0	.5160978	.1721997	.3117025	0
441.15	0	.516059	.1722634	.3116776	0
440.15	0	.5160202	.1723269	.3116529	0
439.15	0	.5159817	.17239	.3116283	0
438.15	0	.5159433	.1724528	.3116038	0
437.15	0	.5159052	.1725154	.3115794	0
436.15	0	.5158672	.1725777	.3115551	0
435.15	0	.5158294	.1726397	.311531	0
434.15	0	.5157918	.1727013	.3115069	0
433.15	0	.5157544	.1727627	.3114829	0
432.15	0	.5157171	.1728238	.3114591	0
431.15	0	.5156801	.1728845	.3114354	0
430.15	0	.5156433	.172945	.3114118	0
429.15	0	.5156066	.1730051	.3113883	0
428.15	0	.5155702	.173065	.3113649	0
427.15	0	.5155339	.1731245	.3113416	0
426.15	0	.5154978	.1731837	.3113185	0
425.15	0	.515462	.1732426	.3112955	0
424.15	0	.5154263	.1733012	.3112725	0
423.15	0	.5153908	.1733594	.3112498	0
422.15	0	.5153555	.1734174	.3112271	0
421.15	0	.5153205	.173475	.3112045	0
421.0673	0	.5153176	.1734798	.3112027	0
421.0673	0	.5153176	.1734798	.3112027	0
421.0673	0	.5153176	.1734798	.3112027	0
420.15	0	.5154644	.1731018	.3109766	4.572181E-04
419.15	0	.5156242	.1726902	.3107306	9.54973E-04
418.15	0	.5157837	.1722792	.310485	.001452045
417.15	0	.5159428	.1718687	.31024	.00194844
416.15	0	.5161017	.1714587	.3099954	.002444164
415.15	0	.5162603	.1710493	.3097513	.002939223
414.15	0	.5164185	.1706403	.3095076	.003433625
413.15	0	.5165765	.1702317	.3092644	.003927373
412.15	0	.5167342	.1698237	.3090217	.004420475
411.15	0	.5168916	.1694161	.3087794	.004912936
410.15	0	.5170488	.1690089	.3085376	.005404762
409.15	0	.5172057	.1686022	.3082962	.005895959
408.15	0	.5173623	.1681959	.3080553	.006386532
407.15	0	.5175187	.16779	.3078148	.006876486
406.15	0	.5176749	.1673845	.3075748	.007365828
405.15	0	.5178308	.1669794	.3073352	.007854562
404.15	0	.5179864	.1665748	.3070961	.008342695
403.15	0	.5181419	.1661705	.3068574	.00883023
402.15	0	.5182971	.1657666	.3066191	.009317174
401.15	0	.5184521	.165363	.3063813	.009803531
400.15	0	.5186069	.1649599	.3061439	.01028931
399.15	0	.5187615	.164557	.305907	.01077451
398.15	0	.5189159	.1641545	.3056705	.01125913
397.15	0	.51907	.1637524	.3054344	.0117432
396.15	0	.519224	.1633506	.3051987	.0122267
395.15	0	.5193778	.1629491	.3049635	.01270964
394.15	0	.5195314	.162548	.3047286	.01319203
393.15	0	.5196848	.1621471	.3044942	.01367387
392.15	0	.519838	.1617466	.3042602	.01415517
391.15	0	.5199911	.1613463	.3040266	.01463593
390.15	0	.520144	.1609464	.3037935	.01511616
389.15	0	.5202967	.1605468	.3035607	.01559585
388.15	0	.5204492	.1601474	.3033284	.01607503
387.15	0	.5206016	.1597483	.3030964	.01655368
386.15	0	.5207538	.1593495	.3028649	.01703181
385.15	0	.5209059	.1589509	.3026338	.01750943
384.15	0	.5210578	.1585526	.302403	.01798654
383.15	0	.5212096	.1581545	.3021727	.01846315
382.15	0	.5213612	.1577567	.3019428	.01893926
381.15	0	.5215127	.1573592	.3017132	.01941487
380.15	0	.5216641	.1569619	.3014841	.01988999
379.15	0	.5218153	.1565648	.3012553	.02036462
378.15	0	.5219663	.1561679	.301027	.02083876
377.15	0	.5221173	.1557713	.300799	.02131242
376.15	0	.5222681	.1553749	.3005714	.02178561
375.15	0	.5224188	.1549787	.3003442	.02225832
374.15	0	.5225694	.1545828	.3001173	.02273057
373.15	0	.5227198	.154187	.2998909	.02320234
