T	 BPW(LIQUID)	BPW(BCC_A2)	BPW(FCC_A1)	BPW(LAVES_PHASE_C14)	BPW(NI3TI)
1473.15	.5236912	.4492658	0	.02704297	0
1472.15	.515847	.4545236	0	.02962942	0
1471.15	.5081495	.4596783	0	.03217221	0
1470.15	.5005947	.4647327	0	.03467255	0
1469.15	.4931789	.4696895	0	.03713164	0
1468.15	.4858983	.4745512	0	.03955059	0
1467.15	.4787493	.4793202	0	.0419305	0
1466.15	.4717284	.4839992	0	.04427244	0
1465.15	.4648324	.4885902	0	.04657741	0
1464.15	.4580579	.4930956	0	.04884642	0
1463.15	.451402	.4975176	0	.0510804	0
1462.15	.4448614	.5018583	0	.05328028	0
1461.15	.4384334	.5061196	0	.05544695	0
1460.15	.4321151	.5103036	0	.05758126	0
1459.15	.4259038	.5144122	0	.05968406	0
1458.15	.4197967	.5184471	0	.06175613	0
1457.15	.4137915	.5224103	0	.06379827	0
1456.15	.4078855	.5263033	0	.06581122	0
1455.15	.4020763	.530128	0	.06779571	0
1454.15	.3963617	.5338859	0	.06975245	0
1453.15	.3907393	.5375786	0	.07168212	0
1452.15	.385207	.5412076	0	.07358538	0
1451.15	.3797627	.5447744	0	.07546287	0
1450.15	.3744043	.5482805	0	.07731523	0
1449.15	.3691297	.5517272	0	.07914303	0
1448.15	.3639372	.555116	0	.08094688	0
1447.15	.3588247	.558448	0	.08272733	0
1446.15	.3537904	.5617246	0	.08448493	0
1445.15	.3488327	.5649471	0	.08622023	0
1444.15	.3439497	.5681166	0	.08793373	0
1443.15	.3391398	.5712343	0	.08962593	0
1442.15	.3344014	.5743013	0	.09129732	0
1441.15	.3297329	.5773188	0	.09294838	0
1440.15	.3251327	.5802878	0	.09457956	0
1439.15	.3205994	.5832093	0	.09619131	0
1438.15	.3161315	.5860845	0	.09778406	0
1437.15	.3117276	.5889142	0	.09935824	0
1436.15	.3073864	.5916994	0	.1009142	0
1435.15	.3031064	.5944411	0	.1024525	0
1434.15	.2988865	.5971402	0	.1039733	0
1433.15	.2947254	.5997975	0	.1054771	0
1432.15	.2906218	.6024139	0	.1069643	0
1431.15	.2865745	.6049903	0	.1084352	0
1430.15	.2825824	.6075275	0	.1098901	0
1429.15	.2786443	.6100262	0	.1113295	0
1428.15	.2747593	.6124873	0	.1127535	0
1427.15	.270926	.6149114	0	.1141626	0
1426.15	.2671436	.6172994	0	.115557	0
1425.15	.263411	.619652	0	.116937	0
1424.15	.2597272	.6219698	0	.118303	0
1423.15	.2560913	.6242535	0	.1196552	0
1422.15	.2525022	.6265039	0	.1209939	0
1421.15	.2489592	.6287214	0	.1223194	0
1420.15	.2454613	.6309069	0	.1236319	0
1419.15	.2420075	.6330608	0	.1249317	0
1418.15	.2385972	.6351838	0	.126219	0
1417.15	.2352294	.6372765	0	.1274941	0
1416.15	.2319033	.6393395	0	.1287573	0
1415.15	.2286181	.6413732	0	.1300087	0
1414.15	.2253732	.6433783	0	.1312485	0
1413.15	.2221676	.6453553	0	.1324771	0
1412.15	.2190007	.6473047	0	.1336946	0
1411.15	.2158718	.649227	0	.1349012	0
1410.15	.2127802	.6511227	0	.1360972	0
1409.15	.2097251	.6529923	0	.1372826	0
1408.15	.206706	.6548362	0	.1384578	0
1407.15	.2037221	.656655	0	.1396229	0
1406.15	.2007728	.6584491	0	.1407782	0
1405.15	.1978575	.6602188	0	.1419237	0
1404.15	.1949757	.6619647	0	.1430596	0
1403.15	.1921266	.6636872	0	.1441862	0
1402.15	.1893098	.6653867	0	.1453036	0
1401.15	.1865246	.6670635	0	.1464119	0
1400.15	.1837705	.6687182	0	.1475114	0
1399.15	.1810469	.6703509	0	.1486021	0
1398.15	.1783534	.6719623	0	.1496843	0
1397.15	.1756894	.6735525	0	.1507581	0
1396.15	.1730544	.675122	0	.1518236	0
1395.15	.1704479	.6766711	0	.152881	0
1394.15	.1678695	.6782002	0	.1539304	0
1393.15	.1653186	.6797096	0	.1549719	0
1392.15	.1627947	.6811996	0	.1560057	0
1391.15	.1602975	.6826705	0	.157032	0
1390.15	.1578265	.6841228	0	.1580508	0
1389.15	.1553812	.6855566	0	.1590622	0
1388.15	.1529613	.6869723	0	.1600665	0
1387.15	.1505662	.6883701	0	.1610636	0
1386.15	.1481957	.6897505	0	.1620538	0
1385.15	.1458493	.6911136	0	.1630372	0
1384.15	.1435265	.6924597	0	.1640138	0
1383.15	.1412271	.6937892	0	.1649837	0
1382.15	.1389507	.6951022	0	.1659471	0
1381.15	.1366968	.6963991	0	.1669041	0
1380.15	.1344652	.69768	0	.1678548	0
1379.15	.1322554	.6989454	0	.1687993	0
1378.15	.1300671	.7001953	0	.1697376	0
1377.15	.1279001	.70143	0	.1706699	0
1376.15	.1257539	.7026498	0	.1715963	0
1375.15	.1236282	.703855	0	.1725168	0
1374.15	.1215227	.7050456	0	.1734316	0
1373.15	.1194372	.7062221	0	.1743408	0
1372.15	.1173712	.7073845	0	.1752444	0
1371.15	.1153245	.7085331	0	.1761424	0
1370.15	.1132968	.7096681	0	.1770351	0
1369.15	.1112879	.7107897	0	.1779225	0
1368.15	.1092973	.7118981	0	.1788046	0
1367.15	.1073249	.7129936	0	.1796815	0
1366.15	.1053704	.7140762	0	.1805534	0
1365.15	.1034335	.7151463	0	.1814203	0
1364.15	.1015139	.7162039	0	.1822822	0
1363.15	.09961142	.7172494	0	.1831392	0
1362.15	.09772578	.7182827	0	.1839915	0
1361.15	.09585673	.7193042	0	.184839	0
1360.15	.09400402	.7203141	0	.1856819	0
1359.15	.09216742	.7213124	0	.1865202	0
1358.15	.0903467	.7222993	0	.187354	0
1357.15	.08854162	.7232751	0	.1881833	0
1356.15	.08675195	.7242398	0	.1890082	0
1355.15	.08497749	.7251937	0	.1898288	0
1354.15	.083218	.7261369	0	.1906452	0
1353.15	.08147328	.7270695	0	.1914573	0
1352.15	.07974312	.7279917	0	.1922652	0
1351.15	.0780273	.7289036	0	.1930691	0
1350.15	.07632563	.7298055	0	.1938689	0
1349.15	.07463791	.7306974	0	.1946647	0
1348.15	.07296395	.7315794	0	.1954567	0
1347.15	.07130355	.7324518	0	.1962447	0
1346.15	.06965652	.7333146	0	.1970289	0
1345.15	.06802268	.734168	0	.1978093	0
1344.15	.06640185	.7350121	0	.1985861	0
1343.15	.06479384	.7358471	0	.1993591	0
1342.15	.06319849	.736673	0	.2001285	0
1341.15	.06161562	.73749	0	.2008944	0
1340.15	.06004505	.7382982	0	.2016567	0
1339.15	.05848664	.7390978	0	.2024155	0
1338.15	.0569402	.7398888	0	.203171	0
1337.15	.05540558	.7406715	0	.203923	0
1336.15	.05388261	.7414457	0	.2046716	0
1335.15	.05237116	.7422118	0	.205417	0
1334.15	.05087105	.7429698	0	.2061591	0
1333.15	.04938215	.7437199	0	.206898	0
1332.15	.04790429	.744462	0	.2076337	0
1331.15	.04643734	.7451964	0	.2083662	0
1330.15	.04498116	.7459231	0	.2090957	0
1329.15	.0435356	.7466423	0	.2098221	0
1328.15	.04210052	.747354	0	.2105455	0
1327.15	.04067578	.7480584	0	.2112659	0
1326.15	.03926126	.7487554	0	.2119833	0
1325.15	.03785682	.7494454	0	.2126978	0
1324.15	.03646233	.7501282	0	.2134095	0
1323.15	.03507767	.7508041	0	.2141183	0
1322.15	.03370269	.751473	0	.2148243	0
1321.15	.0323373	.7521352	0	.2155275	0
1320.15	.03098135	.7527907	0	.216228	0
1319.15	.02963473	.7534395	0	.2169258	0
1318.15	.02829733	.7540818	0	.2176209	0
1317.15	.02696902	.7547177	0	.2183133	0
1316.15	.0256497	.7553471	0	.2190032	0
1315.15	.02433924	.7559704	0	.2196904	0
1314.15	.02303754	.7565873	0	.2203751	0
1313.15	.02174449	.7571982	0	.2210573	0
1312.15	.02045998	.757803	0	.221737	0
1311.15	.01918391	.7584019	0	.2224142	0
1310.15	.01791617	.7589948	0	.223089	0
1309.15	.01665665	.7595819	0	.2237614	0
1308.15	.01540526	.7601633	0	.2244314	0
1307.15	.0141619	.760739	0	.2250991	0
1306.15	.01292646	.7613091	0	.2257644	0
1305.15	.01169886	.7618737	0	.2264274	0
1304.15	.010479	.7624328	0	.2270882	0
1303.15	.009266774	.7629865	0	.2277467	0
1302.15	.008062101	.7635349	0	.228403	0
1301.15	.006864886	.764078	0	.2290571	0
1300.15	.005675039	.764616	0	.229709	0
1299.15	.004489502	.7651514	0	.2303591	0
1298.15	.003314137	.7656791	0	.2310067	0
1297.15	.002145877	.7662019	0	.2316523	0
1296.15	9.846396E-04	.7667197	0	.2322957	0
1295.297	0	.7671573	0	.2328427	0
1295.297	0	.7671573	0	.2328427	0
1295.15	0	.7670833	0	.2329167	0
1294.15	0	.7665816	0	.2334184	0
1293.15	0	.7660809	0	.2339191	0
1292.15	0	.7655813	0	.2344187	0
1291.15	0	.7650827	0	.2349173	0
1290.15	0	.7645852	0	.2354149	0
1289.15	0	.7640887	0	.2359113	0
1288.15	0	.7635932	0	.2364068	0
1287.15	0	.7630988	0	.2369012	0
1286.15	0	.7626054	0	.2373946	0
1285.15	0	.762113	0	.237887	0
1284.15	0	.7616217	0	.2383783	0
1283.15	0	.7611314	0	.2388686	0
1282.15	0	.7606421	0	.2393579	0
1281.15	0	.7601538	0	.2398462	0
1280.15	0	.7596665	0	.2403335	0
1279.15	0	.7591802	0	.2408198	0
1278.15	0	.758695	0	.241305	0
1277.15	0	.7582107	0	.2417893	0
1276.15	0	.7577275	0	.2422725	0
1275.15	0	.7572452	0	.2427548	0
1274.15	0	.756764	0	.243236	0
1273.15	0	.7562837	0	.2437163	0
1272.15	0	.7558044	0	.2441956	0
1271.15	0	.7553261	0	.2446739	0
1270.15	0	.7548488	0	.2451512	0
1269.15	0	.7543725	0	.2456275	0
1268.15	0	.7538972	0	.2461028	0
1267.15	0	.7534228	0	.2465772	0
1266.15	0	.7529494	0	.2470506	0
1265.15	0	.7524769	0	.2475231	0
1264.15	0	.7520055	0	.2479945	0
1263.15	0	.751535	0	.248465	0
1262.15	0	.7510654	0	.2489346	0
1261.15	0	.7505968	0	.2494032	0
1260.15	0	.7501292	0	.2498708	0
1259.15	0	.7496625	0	.2503375	0
1258.15	0	.7491968	0	.2508032	0
1257.15	0	.748732	0	.251268	0
1256.15	0	.7482682	0	.2517318	0
1255.15	0	.7478053	0	.2521947	0
1254.15	0	.7473433	0	.2526567	0
1253.15	0	.7468823	0	.2531177	0
1252.15	0	.7464222	0	.2535778	0
1251.15	0	.7459631	0	.2540369	0
1250.15	0	.7455048	0	.2544952	0
1249.15	0	.7450475	0	.2549525	0
1248.15	0	.7445912	0	.2554088	0
1247.15	0	.7441357	0	.2558643	0
1246.15	0	.7436812	0	.2563188	0
1245.15	0	.7432275	0	.2567725	0
1244.15	0	.7427748	0	.2572252	0
1243.15	0	.742323	0	.257677	0
1242.15	0	.7418721	0	.2581279	0
1241.15	0	.7414221	0	.2585779	0
1240.15	0	.740973	0	.259027	0
1239.15	0	.7405249	0	.2594752	0
1238.15	0	.7400776	0	.2599224	0
1237.15	0	.7396312	0	.2603688	0
1236.15	0	.7391857	0	.2608143	0
1235.15	0	.7387411	0	.2612589	0
1234.15	0	.7382973	0	.2617027	0
1233.15	0	.7378545	0	.2621455	0
1232.15	0	.7374125	0	.2625875	0
1231.15	0	.7369715	0	.2630285	0
1230.15	0	.7365313	0	.2634687	0
1229.15	0	.736092	0	.2639081	0
1228.15	0	.7356535	0	.2643465	0
1227.15	0	.7352159	0	.2647841	0
1226.15	0	.7347792	0	.2652208	0
1225.15	0	.7343434	0	.2656566	0
1224.15	0	.7339084	0	.2660916	0
1223.15	0	.7334743	0	.2665257	0
1222.15	0	.733041	0	.266959	0
1221.15	0	.7326086	0	.2673914	0
1220.15	0	.7321771	0	.2678229	0
1219.15	0	.7317464	0	.2682536	0
1218.15	0	.7313165	0	.2686835	0
1217.15	0	.7308875	0	.2691125	0
1216.15	0	.7304594	0	.2695406	0
1215.15	0	.7300321	0	.2699679	0
1214.15	0	.7296056	0	.2703944	0
1213.15	0	.72918	0	.27082	0
1212.15	0	.7287552	0	.2712448	0
1211.97	0	.728679	0	.271321	0
1211.97	0	.728679	0	.271321	0
1211.97	0	.728679	0	.271321	0
1211.15	0	.727773	5.893338E-04	.2716377	0
1210.15	0	.7266714	.001305809	.2720228	0
1209.15	0	.7255728	.002020274	.272407	0
1208.15	0	.7244772	.002732733	.2727901	0
1207.15	0	.7233845	.003443189	.2731723	0
1206.15	0	.7222948	.004151647	.2735535	0
1205.15	0	.7212081	.00485811	.2739338	0
1204.15	0	.7201243	.005562581	.2743131	0
1203.15	0	.7190435	.006265065	.2746914	0
1202.15	0	.7179656	.006965566	.2750688	0
1201.15	0	.7168907	.007664086	.2754453	0
1200.15	0	.7158186	.00836063	.2758208	0
1199.15	0	.7147495	.009055201	.2761953	0
1198.15	0	.7136833	.009747803	.2765689	0
1197.15	0	.71262	.01043844	.2769416	0
1196.15	0	.7115596	.01112711	.2773133	0
1195.15	0	.710502	.01181383	.2776841	0
1194.15	0	.7094474	.01249859	.278054	0
1193.15	0	.7083956	.0131814	.278423	0
1192.15	0	.7073467	.01386226	.278791	0
1191.15	0	.7063007	.01454117	.2791581	0
1190.15	0	.7052575	.01521815	.2795243	0
1189.15	0	.7042172	.01589319	.2798896	0
1188.15	0	.7031797	.01656629	.280254	0
1187.15	0	.7021451	.01723746	.2806175	0
1186.15	0	.7011133	.0179067	.28098	0
1185.15	0	.7000843	.01857402	.2813417	0
1184.15	0	.6990581	.01923942	.2817025	0
1183.15	0	.6980348	.0199029	.2820624	0
1182.15	0	.6970142	.02056447	.2824213	0
1181.15	0	.6959964	.02122412	.2827794	0
1180.15	0	.6949815	.02188187	.2831366	0
1179.15	0	.6939693	.02253771	.283493	0
1178.15	0	.69296	.02319165	.2838484	0
1177.15	0	.6919534	.02384369	.284203	0
1176.15	0	.6909495	.02449383	.2845567	0
1175.15	0	.6899485	.02514208	.2849095	0
1174.15	0	.6889501	.02578845	.2852614	0
1173.15	0	.6879546	.02643292	.2856125	0
1172.15	0	.6869618	.02707552	.2859627	0
1171.15	0	.6859717	.02771623	.2863121	0
1170.15	0	.6849844	.02835507	.2866606	0
1169.15	0	.6839998	.02899203	.2870082	0
1168.15	0	.6830179	.02962712	.287355	0
1167.15	0	.6820388	.03026035	.2877009	0
1166.15	0	.6810623	.0308917	.288046	0
1165.15	0	.6800886	.0315212	.2883902	0
1164.15	0	.6791175	.03214884	.2887336	0
1163.15	0	.6781492	.03277462	.2890762	0
1162.15	0	.6771836	.03339854	.2894179	0
1161.15	0	.6762206	.03402062	.2897588	0
1160.15	0	.6752603	.03464085	.2900988	0
1159.15	0	.6743028	.03525923	.290438	0
1158.15	0	.6733478	.03587577	.2907764	0
1157.15	0	.6723956	.03649047	.291114	0
1156.15	0	.671446	.03710334	.2914507	0
1155.15	0	.670499	.03771437	.2917866	0
1154.15	0	.6695547	.03832359	.2921217	0
1153.15	0	.668613	.03893096	.292456	0
1152.15	0	.667674	.03953651	.2927895	0
1151.15	0	.6667376	.04014023	.2931221	0
1150.15	0	.6658039	.04074214	.293454	0
1149.15	0	.6648727	.04134222	.293785	0
1148.15	0	.6639442	.0419405	.2941153	0
1147.15	0	.6630183	.04253695	.2944447	0
1146.15	0	.6620951	.0431316	.2947733	0
1145.15	0	.6611744	.04372445	.2951012	0
1144.15	0	.6602563	.04431548	.2954282	0
1143.15	0	.6593408	.04490472	.2957545	0
1142.15	0	.6584279	.04549216	.2960799	0
1141.15	0	.6575176	.0460778	.2964046	0
1140.15	0	.6566099	.04666165	.2967285	0
1139.15	0	.6557047	.0472437	.2970516	0
1138.15	0	.6548021	.04782397	.2973739	0
1137.15	0	.6539021	.04840245	.2976954	0
1136.15	0	.6530047	.04897915	.2980162	0
1135.15	0	.6521098	.04955406	.2983362	0
1134.15	0	.6512174	.0501272	.2986554	0
1133.15	0	.6503276	.05069856	.2989738	0
1132.15	0	.6494403	.05126815	.2992915	0
1131.15	0	.6485556	.05183596	.2996084	0
1130.15	0	.6476734	.05240201	.2999246	0
1129.15	0	.6467938	.05296628	.3002399	0
1128.15	0	.6459167	.0535288	.3005546	0
1127.15	0	.645042	.05408955	.3008684	0
1126.15	0	.64417	.05464854	.3011815	0
1125.15	0	.6433004	.05520578	.3014939	0
1124.15	0	.6424333	.05576126	.3018054	0
1123.15	0	.6415687	.05631499	.3021163	0
1122.15	0	.6407067	.05686696	.3024264	0
1121.15	0	.6398471	.05741719	.3027357	0
1120.15	0	.63899	.05796568	.3030443	0
1119.15	0	.6381354	.05851242	.3033522	0
1118.15	0	.6372833	.05905742	.3036593	0
1117.15	0	.6364337	.05960068	.3039657	0
1116.15	0	.6355865	.06014221	.3042713	0
1115.15	0	.6347418	.060682	.3045762	0
1114.15	0	.6338996	.06122005	.3048804	0
1113.15	0	.6330598	.06175638	.3051838	0
1112.15	0	.6322225	.06229098	.3054865	0
1111.15	0	.6313876	.06282386	.3057885	0
1110.15	0	.6305552	.06335501	.3060897	0
1109.15	0	.6297253	.06388445	.3063903	0
1108.15	0	.6288978	.06441216	.3066901	0
1107.15	0	.6280727	.06493816	.3069891	0
1106.15	0	.6272501	.06546244	.3072875	0
1105.15	0	.6264298	.06598501	.3075852	0
1104.15	0	.625612	.06650587	.3078821	0
1103.15	0	.6247967	.06702503	.3081783	0
1102.15	0	.6239837	.06754248	.3084738	0
1101.15	0	.6231732	.06805822	.3087686	0
1100.15	0	.6223651	.06857226	.3090626	0
1099.15	0	.6215594	.06908461	.309356	0
1098.15	0	.6207561	.06959526	.3096487	0
1097.15	0	.6199552	.07010421	.3099406	0
1096.15	0	.6191567	.07061147	.3102319	0
1095.15	0	.6183606	.07111704	.3105224	0
1094.15	0	.6175668	.07162092	.3108123	0
1093.15	0	.6167755	.07212312	.3111014	0
1092.15	0	.6159865	.07262363	.3113898	0
1091.15	0	.6152	.07312246	.3116776	0
1090.15	0	.6144157	.07361961	.3119647	0
1089.15	0	.6136339	.07411508	.312251	0
1088.15	0	.6128544	.07460888	.3125367	0
1087.15	0	.6120773	.075101	.3128217	0
1086.15	0	.6113026	.07559145	.313106	0
1085.15	0	.6105302	.07608023	.3133896	0
1084.15	0	.6097602	.07656735	.3136725	0
1083.15	0	.6089925	.0770528	.3139547	0
1082.15	0	.6082272	.07753659	.3142362	0
1081.15	0	.6074642	.07801871	.3145171	0
1080.15	0	.6067035	.07849918	.3147973	0
1079.15	0	.6059452	.07897799	.3150768	0
1078.15	0	.6051893	.07945515	.3153556	0
1077.15	0	.6044356	.07993065	.3156337	0
1076.15	0	.6036843	.08040451	.3159112	0
1075.15	0	.6029353	.08087671	.316188	0
1074.15	0	.6021886	.08134727	.3164641	0
1073.15	0	.6014442	.08181619	.3167396	0
1072.15	0	.6007022	.08228346	.3170144	0
1071.15	0	.5999625	.0827491	.3172884	0
1070.15	0	.599225	.0832131	.3175619	0
1069.15	0	.5984899	.08367546	.3178346	0
1068.15	0	.5977571	.08413619	.3181068	0
1067.15	0	.5970265	.08459529	.3183782	0
1066.15	0	.5962983	.08505276	.318649	0
1065.15	0	.5955723	.0855086	.3189191	0
1064.15	0	.5948487	.08596282	.3191885	0
1063.15	0	.5941273	.08641542	.3194573	0
1062.15	0	.5934082	.08686639	.3197254	0
1061.15	0	.5926914	.08731575	.3199928	0
1060.15	0	.5919768	.0877635	.3202597	0
1059.15	0	.5912646	.08820963	.3205258	0
1058.15	0	.5905546	.08865415	.3207913	0
1057.15	0	.5898468	.08909706	.3210561	0
1056.15	0	.5891414	.08953836	.3213203	0
1055.15	0	.5884381	.08997806	.3215838	0
1054.15	0	.5877372	.09041616	.3218467	0
1053.15	0	.5870385	.09085266	.3221089	0
1052.15	0	.586342	.09128757	.3223704	0
1051.15	0	.5856478	.09172087	.3226313	0
1050.15	0	.5849558	.09215259	.3228916	0
1049.15	0	.5842661	.09258271	.3231512	0
1048.15	0	.5835786	.09301125	.3234102	0
1047.15	0	.5828933	.0934382	.3236685	0
1046.15	0	.5822103	.09386358	.3239261	0
1045.15	0	.5815295	.09428736	.3241832	0
1044.15	0	.5808509	.09470958	.3244395	0
1043.15	0	.5801745	.09513021	.3246952	0
1042.15	0	.5795004	.09554928	.3249503	0
1041.15	0	.5788285	.09596677	.3252048	0
1040.15	0	.5781587	.09638269	.3254586	0
1039.15	0	.5774912	.09679705	.3257117	0
1038.15	0	.5768259	.09720985	.3259642	0
1037.15	0	.5761628	.09762109	.3262161	0
1036.15	0	.5755019	.09803077	.3264673	0
1035.15	0	.5748432	.0984389	.3267179	0
1034.15	0	.5741867	.09884547	.3269679	0
1033.15	0	.5735324	.0992505	.3272172	0
1032.15	0	.5728802	.09965398	.3274658	0
1031.15	0	.5722302	.1000559	.3277139	0
1030.15	0	.5715825	.1004563	.3279612	0
1029.15	0	.5709369	.1008552	.328208	0
1028.15	0	.5702934	.1012525	.3284541	0
1027.15	0	.5696522	.1016483	.3286996	0
1026.15	0	.5690131	.1020425	.3289444	0
1025.15	0	.5683761	.1024353	.3291886	0
1024.15	0	.5677413	.1028265	.3294322	0
1023.15	0	.5671087	.1032162	.3296751	0
1022.15	0	.5664783	.1036044	.3299174	0
1021.15	0	.5658499	.103991	.3301591	0
1020.15	0	.5652238	.1043762	.3304001	0
1019.15	0	.5645997	.1047598	.3306405	0
1018.15	0	.5639778	.105142	.3308802	0
1017.15	0	.5633581	.1055226	.3311193	0
1016.15	0	.5627405	.1059017	.3313578	0
1015.15	0	.562125	.1062794	.3315957	0
1014.15	0	.5615116	.1066556	.3318329	0
1013.15	0	.5609003	.1070302	.3320694	0
1012.15	0	.5602912	.1074034	.3323054	0
1011.15	0	.5596842	.1077751	.3325407	0
1010.15	0	.5590793	.1081454	.3327754	0
1009.15	0	.5584765	.1085141	.3330094	0
1008.15	0	.5578758	.1088814	.3332428	0
1007.15	0	.5572772	.1092472	.3334756	0
1006.15	0	.5566807	.1096116	.3337077	0
1005.15	0	.5560863	.1099745	.3339392	0
1004.15	0	.555494	.110336	.33417	0
1003.15	0	.5549038	.110696	.3344003	0
1002.15	0	.5543156	.1110546	.3346299	0
1001.15	0	.5537295	.1114117	.3348588	0
1000.15	0	.5531455	.1117674	.3350871	0
999.15	0	.5525636	.1121216	.3353148	0
998.15	0	.5519837	.1124744	.3355418	0
997.15	0	.5514059	.1128258	.3357682	0
996.15	0	.5508302	.1131758	.335994	0
995.15	0	.5502565	.1135244	.3362191	0
994.15	0	.5496848	.1138716	.3364436	0
993.15	0	.5491152	.1142173	.3366675	0
992.15	0	.5485476	.1145617	.3368907	0
991.15	0	.5479821	.1149046	.3371133	0
990.15	0	.5474186	.1152462	.3373352	0
989.15	0	.5468571	.1155864	.3375565	0
988.15	0	.5462977	.1159252	.3377771	0
987.15	0	.5457403	.1162626	.3379971	0
986.15	0	.5451848	.1165987	.3382165	0
985.15	0	.5446314	.1169334	.3384352	0
984.15	0	.54408	.1172668	.3386533	0
983.15	0	.5435306	.1175987	.3388707	0
982.15	0	.5429832	.1179294	.3390875	0
981.15	0	.5424377	.1182587	.3393036	0
980.15	0	.5418943	.1185866	.3395191	0
979.15	0	.5413528	.1189133	.3397339	0
978.15	0	.5408133	.1192386	.3399481	0
977.15	0	.5402758	.1195626	.3401616	0
976.15	0	.5397402	.1198853	.3403745	0
975.15	0	.5392066	.1202066	.3405867	0
974.15	0	.538675	.1205267	.3407983	0
973.15	0	.5381453	.1208455	.3410092	0
972.15	0	.5376175	.121163	.3412195	0
971.15	0	.5370917	.1214792	.3414291	0
970.15	0	.5365678	.1217942	.3416381	0
969.15	0	.5360458	.1221079	.3418464	0
968.15	0	.5355257	.1224203	.342054	0
967.15	0	.5350076	.1227315	.342261	0
966.15	0	.5344913	.1230414	.3424673	0
965.15	0	.533977	.1233501	.3426729	0
964.15	0	.5334645	.1236576	.3428779	0
963.15	0	.532954	.1239639	.3430822	0
962.15	0	.5324453	.1242689	.3432858	0
961.15	0	.5319385	.1245728	.3434888	0
960.15	0	.5314335	.1248754	.3436911	0
959.15	0	.5309304	.1251769	.3438927	0
958.15	0	.5304292	.1254771	.3440937	0
957.15	0	.5299298	.1257763	.3442939	0
956.15	0	.5294323	.1260742	.3444935	0
955.15	0	.5289365	.126371	.3446925	0
954.15	0	.5284427	.1266667	.3448907	0
953.15	0	.5279506	.1269612	.3450882	0
952.15	0	.5274603	.1272546	.3452851	0
951.15	0	.5269719	.1275469	.3454813	0
950.15	0	.5264852	.1278381	.3456767	0
949.15	0	.5260003	.1281282	.3458715	0
948.15	0	.5255172	.1284172	.3460656	0
947.15	0	.5250358	.1287051	.3462591	0
946.15	0	.5245563	.128992	.3464518	0
945.15	0	.5240785	.1292778	.3466438	0
944.15	0	.5236024	.1295626	.3468351	0
943.15	0	.523128	.1298463	.3470257	0
942.15	0	.5226554	.130129	.3472156	0
941.15	0	.5221845	.1304107	.3474048	0
940.15	0	.5217153	.1306915	.3475932	0
939.15	0	.5212478	.1309712	.347781	0
938.15	0	.520782	.13125	.347968	0
937.15	0	.5203179	.1315278	.3481544	0
936.15	0	.5198554	.1318046	.34834	0
935.15	0	.5193946	.1320806	.3485248	0
934.15	0	.5189355	.1323556	.348709	0
933.15	0	.518478	.1326297	.3488924	0
932.15	0	.5180221	.1329028	.3490751	0
931.15	0	.5175678	.1331752	.349257	0
930.15	0	.5171151	.1334466	.3494383	0
929.15	0	.5166641	.1337172	.3496187	0
928.15	0	.5162146	.133987	.3497984	0
927.15	0	.5157667	.1342559	.3499774	0
926.15	0	.5153203	.134524	.3501557	0
925.15	0	.5148755	.1347913	.3503331	0
924.15	0	.5144323	.1350579	.3505099	0
923.15	0	.5139905	.1353237	.3506858	0
922.15	0	.5135503	.1355887	.350861	0
921.15	0	.5131116	.135853	.3510354	0
920.15	0	.5126744	.1361166	.3512091	0
919.15	0	.5122386	.1363795	.3513819	0
918.15	0	.5118043	.1366417	.351554	0
917.15	0	.5113714	.1369032	.3517253	0
916.15	0	.51094	.1371641	.3518959	0
915.15	0	.51051	.1374244	.3520656	0
914.15	0	.5100814	.1376841	.3522346	0
913.15	0	.5096542	.1379431	.3524027	0
912.15	0	.5092283	.1382016	.35257	0
911.15	0	.5088038	.1384596	.3527366	0
910.15	0	.5083807	.138717	.3529023	0
909.15	0	.5079589	.1389739	.3530672	0
908.15	0	.5075384	.1392303	.3532313	0
907.15	0	.5071192	.1394862	.3533945	0
906.15	0	.5067013	.1397417	.353557	0
905.15	0	.5062847	.1399968	.3537186	0
904.15	0	.5058693	.1402514	.3538793	0
903.15	0	.5054551	.1405057	.3540393	0
902.15	0	.5050421	.1407596	.3541983	0
901.15	0	.5046304	.1410131	.3543565	0
900.15	0	.5042198	.1412664	.3545139	0
899.15	0	.5038104	.1415193	.3546704	0
898.15	0	.5034021	.141772	.354826	0
897.15	0	.5029949	.1420244	.3549807	0
896.15	0	.5025888	.1422766	.3551346	0
895.15	0	.5021838	.1425286	.3552875	0
894.15	0	.5017799	.1427805	.3554396	0
893.15	0	.501377	.1430322	.3555908	0
892.15	0	.5009752	.1432838	.3557411	0
891.15	0	.5005743	.1435353	.3558904	0
890.15	0	.5001744	.1437867	.3560389	0
889.15	0	.4997755	.1440381	.3561864	0
888.15	0	.4993775	.1442895	.356333	0
887.15	0	.4989804	.144541	.3564786	0
886.15	0	.4985842	.1447925	.3566233	0
885.15	0	.4981889	.1450441	.3567671	0
884.15	0	.4977943	.1452958	.3569099	0
883.15	0	.4974007	.1455476	.3570517	0
882.15	0	.4970078	.1457997	.3571926	0
881.15	0	.4966156	.1460519	.3573325	0
880.15	0	.4962242	.1463044	.3574714	0
879.15	0	.4958336	.1465572	.3576092	0
878.15	0	.4954436	.1468103	.3577461	0
877.15	0	.4950542	.1470638	.357882	0
876.15	0	.4946655	.1473176	.3580169	0
875.15	0	.4942774	.1475719	.3581507	0
874.15	0	.4938899	.1478267	.3582835	0
873.15	0	.4935029	.1480819	.3584152	0
872.15	0	.4931164	.1483377	.3585459	0
871.15	0	.4927305	.1485941	.3586755	0
870.15	0	.4923449	.1488511	.358804	0
869.15	0	.4919598	.1491087	.3589315	0
868.15	0	.4915751	.1493671	.3590578	0
867.15	0	.4911907	.1496262	.3591831	0
866.15	0	.4908067	.1498862	.3593072	0
865.15	0	.4904229	.1501469	.3594302	0
864.15	0	.4900394	.1504086	.359552	0
863.15	0	.4896561	.1506712	.3596727	0
862.15	0	.489273	.1509348	.3597923	0
861.15	0	.48889	.1511994	.3599106	0
860.15	0	.4885071	.1514651	.3600278	0
859.15	0	.4881243	.1517319	.3601438	0
858.15	0	.4877415	.1519999	.3602586	0
857.15	0	.4873587	.1522692	.3603721	0
856.15	0	.4869758	.1525398	.3604844	0
855.15	0	.4865928	.1528117	.3605955	0
854.15	0	.4862097	.153085	.3607053	0
853.15	0	.4858264	.1533598	.3608138	0
852.15	0	.4854428	.1536362	.360921	0
851.15	0	.485059	.1539141	.3610269	0
850.15	0	.4846748	.1541938	.3611314	0
849.15	0	.4842902	.1544751	.3612346	0
848.15	0	.4839052	.1547583	.3613365	0
847.15	0	.4835197	.1550433	.3614369	0
846.15	0	.4831337	.1553303	.361536	0
845.15	0	.482747	.1556193	.3616337	0
844.15	0	.4823597	.1559104	.3617299	0
843.15	0	.4819717	.1562037	.3618246	0
842.15	0	.4815829	.1564992	.3619179	0
841.15	0	.4811933	.156797	.3620097	0
840.15	0	.4808027	.1570973	.3620999	0
839.15	0	.4804112	.1574001	.3621886	0
838.15	0	.4800187	.1577056	.3622758	0
837.15	0	.479625	.1580137	.3623613	0
836.15	0	.4792302	.1583246	.3624452	0
835.15	0	.478834	.1586384	.3625275	0
834.15	0	.4784366	.1589553	.3626081	0
833.15	0	.4780377	.1592753	.362687	0
832.15	0	.4776373	.1595985	.3627642	0
831.15	0	.4772354	.159925	.3628396	0
830.15	0	.4768317	.160255	.3629133	0
829.15	0	.4764263	.1605887	.3629851	0
828.15	0	.4760189	.1609261	.363055	0
827.15	0	.4756096	.1612673	.3631231	0
826.15	0	.4751983	.1616126	.3631892	0
825.15	0	.4747847	.161962	.3632533	0
824.15	0	.4743688	.1623158	.3633154	0
823.15	0	.4739505	.1626741	.3633755	0
822.15	0	.4735296	.163037	.3634334	0
821.15	0	.473106	.1634047	.3634892	0
820.15	0	.4726796	.1637776	.3635428	0
819.15	0	.4722502	.1641556	.3635942	0
818.15	0	.4718177	.1645391	.3636432	0
817.15	0	.4713819	.1649282	.3636899	0
816.15	0	.4709426	.1653232	.3637341	0
815.15	0	.4704997	.1657244	.3637759	0
814.15	0	.470053	.166132	.3638151	0
813.15	0	.4696022	.1665462	.3638516	0
812.15	0	.4691471	.1669674	.3638855	0
811.15	0	.4686876	.1673959	.3639166	0
810.15	0	.4682234	.1678319	.3639447	0
809.15	0	.4677542	.1682759	.3639699	0
808.15	0	.4672797	.1687282	.3639921	0
807.15	0	.4667997	.1691892	.3640111	0
806.15	0	.4663138	.1696594	.3640268	0
805.15	0	.4658218	.1701391	.364039	0
804.15	0	.4653232	.170629	.3640478	0
803.15	0	.4648177	.1711294	.3640529	0
802.15	0	.4643048	.1716411	.3640541	0
801.15	0	.4637841	.1721645	.3640514	0
800.15	0	.463255	.1727005	.3640445	0
799.15	0	.4627171	.1732496	.3640332	0
798.15	0	.4621698	.1738128	.3640174	0
797.15	0	.4616123	.1743909	.3639968	0
796.15	0	.461044	.1749848	.3639711	0
795.15	0	.4604641	.1755957	.3639401	0
794.15	0	.4598717	.1762248	.3639035	0
793.15	0	.4592676	.1768719	.3638605	0
792.15	0	.458647	.1775414	.3638116	0
791.15	0	.4580106	.1782335	.3637559	0
790.15	0	.4573571	.17895	.3636929	0
789.15	0	.4566847	.1796932	.3636221	0
788.15	0	.4559918	.1804654	.3635428	0
787.15	0	.4552761	.1812695	.3634543	0
786.15	0	.4545353	.1821088	.3633559	0
785.15	0	.4533412	.183537	.3631218	0
784.15	0	.4518416	.1853658	.3627926	0
783.15	0	.4504755	.1870279	.3624967	0
782.15	0	.4492203	.1885516	.3622281	0
781.15	0	.4480594	.1899582	.3619825	0
780.15	0	.4469794	.1912642	.3617564	0
779.15	0	.4459701	.1924828	.3615471	0
778.15	0	.4450231	.1936245	.3613524	0
777.15	0	.4441314	.194698	.3611707	0
776.15	0	.4432892	.1957105	.3610003	0
775.15	0	.4424916	.1966683	.3608401	0
774.15	0	.4417345	.1975764	.3606891	0
773.15	0	.4410143	.1984394	.3605463	0
772.15	0	.4403279	.1992612	.3604109	0
771.15	0	.4396725	.2000451	.3602824	0
770.15	0	.4390457	.2007942	.3601601	0
769.15	0	.4384455	.2015111	.3600435	0
768.15	0	.4378698	.2021981	.3599321	0
767.15	0	.437317	.2028574	.3598255	0
766.15	0	.4367856	.2034909	.3597235	0
765.15	0	.4362742	.2041003	.3596255	0
764.15	0	.4357815	.204687	.3595314	0
763.15	0	.4353065	.2052526	.359441	0
762.15	0	.4348479	.2057983	.3593538	0
761.15	0	.434405	.2063252	.3592698	0
760.15	0	.4339769	.2068345	.3591887	0
759.15	0	.4335626	.2073271	.3591103	0
758.15	0	.4331615	.2078039	.3590346	0
757.15	0	.432773	.2082658	.3589612	0
756.15	0	.4323963	.2087136	.3588901	0
755.15	0	.4320309	.2091479	.3588212	0
754.15	0	.4316762	.2095695	.3587543	0
753.15	0	.4313317	.209979	.3586893	0
752.15	0	.4309969	.2103769	.3586262	0
751.15	0	.4306715	.2107638	.3585647	0
750.15	0	.4303549	.2111403	.3585048	0
749.15	0	.4300468	.2115067	.3584465	0
748.15	0	.4297468	.2118636	.3583897	0
747.15	0	.4294545	.2122113	.3583342	0
746.15	0	.4291697	.2125502	.3582801	0
745.15	0	.428892	.2128808	.3582272	0
744.15	0	.4286211	.2132034	.3581755	0
743.15	0	.4283568	.2135183	.3581249	0
742.15	0	.4280988	.2138258	.3580754	0
741.15	0	.4278469	.2141262	.3580269	0
740.15	0	.4276007	.2144198	.3579794	0
739.15	0	.4273602	.2147069	.3579329	0
738.15	0	.4271251	.2149877	.3578872	0
737.15	0	.4268951	.2152625	.3578424	0
736.15	0	.4266701	.2155315	.3577984	0
735.15	0	.42645	.2157948	.3577552	0
734.15	0	.4262345	.2160528	.3577127	0
733.15	0	.4260235	.2163056	.3576709	0
732.15	0	.4258168	.2165534	.3576298	0
731.15	0	.4256143	.2167963	.3575894	0
730.15	0	.4254158	.2170346	.3575496	0
729.15	0	.4252212	.2172685	.3575103	0
728.15	0	.4250304	.2174979	.3574717	0
727.15	0	.4248433	.2177232	.3574336	0
726.15	0	.4246596	.2179444	.357396	0
725.15	0	.4244794	.2181617	.3573589	0
724.15	0	.4243024	.2183753	.3573223	0
723.15	0	.4241287	.2185852	.3572861	0
722.15	0	.4239581	.2187915	.3572504	0
721.15	0	.4237905	.2189944	.3572152	0
720.15	0	.4236257	.219194	.3571803	0
719.15	0	.4234638	.2193904	.3571458	0
718.15	0	.4233047	.2195837	.3571117	0
717.15	0	.4231481	.2197739	.3570779	0
716.15	0	.4229942	.2199613	.3570445	0
715.15	0	.4228427	.2201458	.3570115	0
714.15	0	.4226937	.2203276	.3569787	0
713.15	0	.4225471	.2205067	.3569463	0
712.15	0	.4224027	.2206832	.3569141	0
711.15	0	.4222605	.2208573	.3568822	0
710.15	0	.4221205	.2210289	.3568506	0
709.15	0	.4219826	.2211981	.3568192	0
708.15	0	.4218467	.2213651	.3567881	0
707.15	0	.4217129	.2215299	.3567573	0
706.15	0	.4215809	.2216925	.3567266	0
705.15	0	.4214509	.2218529	.3566962	0
704.15	0	.4213226	.2220114	.356666	0
703.15	0	.4211961	.2221679	.356636	0
702.15	0	.4210714	.2223224	.3566062	0
701.15	0	.4209484	.2224751	.3565766	0
700.15	0	.4208269	.2226259	.3565471	0
699.15	0	.4207071	.222775	.3565178	0
698.15	0	.4205889	.2229224	.3564887	0
697.15	0	.4204721	.2230681	.3564598	0
696.15	0	.4203569	.2232121	.356431	0
695.15	0	.4202431	.2233546	.3564023	0
694.15	0	.4201306	.2234956	.3563738	0
693.15	0	.4200196	.223635	.3563454	0
692.15	0	.4199099	.2237729	.3563172	0
691.15	0	.4198015	.2239095	.356289	0
690.15	0	.4196944	.2240446	.356261	0
689.15	0	.4195885	.2241784	.3562331	0
688.15	0	.4194838	.2243109	.3562053	0
687.15	0	.4193803	.2244421	.3561776	0
686.15	0	.419278	.224572	.35615	0
685.15	0	.4191767	.2247008	.3561225	0
684.15	0	.4190766	.2248283	.3560951	0
683.15	0	.4189776	.2249547	.3560678	0
682.15	0	.4188796	.2250799	.3560405	0
681.15	0	.4187826	.225204	.3560134	0
680.15	0	.4186867	.2253271	.3559863	0
679.15	0	.4185917	.2254491	.3559592	0
678.15	0	.4184977	.22557	.3559323	0
677.15	0	.4184046	.22569	.3559054	0
676.15	0	.4183124	.225809	.3558786	0
675.15	0	.4182212	.225927	.3558518	0
674.15	0	.4181307	.2260441	.3558251	0
673.15	0	.4180412	.2261604	.3557984	0
672.15	0	.4179525	.2262757	.3557718	0
671.15	0	.4178646	.2263901	.3557453	0
670.15	0	.4177775	.2265037	.3557188	0
669.15	0	.4176913	.2266165	.3556923	0
668.15	0	.4176057	.2267284	.3556659	0
667.15	0	.417521	.2268396	.3556395	0
666.15	0	.4174369	.22695	.3556131	0
665.15	0	.4173536	.2270596	.3555868	0
664.15	0	.417271	.2271685	.3555605	0
663.15	0	.4171891	.2272767	.3555342	0
662.15	0	.4171079	.2273842	.355508	0
661.15	0	.4170273	.2274909	.3554818	0
660.15	0	.4169474	.227597	.3554556	0
659.15	0	.4168681	.2277025	.3554294	0
658.15	0	.4167894	.2278073	.3554033	0
657.15	0	.4167114	.2279114	.3553772	0
656.15	0	.416634	.228015	.3553511	0
655.15	0	.4165571	.2281179	.355325	0
654.15	0	.4164808	.2282202	.3552989	0
653.15	0	.4164051	.228322	.3552729	0
652.15	0	.41633	.2284232	.3552468	0
651.15	0	.4162554	.2285238	.3552208	0
650.15	0	.4161813	.2286239	.3551948	0
649.15	0	.4161078	.2287234	.3551688	0
648.15	0	.4160348	.2288224	.3551428	0
647.15	0	.4159623	.228921	.3551168	0
646.15	0	.4158902	.229019	.3550908	0
645.15	0	.4158187	.2291165	.3550648	0
644.15	0	.4157476	.2292135	.3550389	0
643.15	0	.4156771	.2293101	.3550129	0
642.15	0	.415607	.2294061	.3549869	0
641.15	0	.4155373	.2295018	.3549609	0
640.15	0	.4154681	.229597	.354935	0
639.15	0	.4153993	.2296917	.354909	0
638.15	0	.4153309	.229786	.354883	0
637.15	0	.415263	.2298799	.3548571	0
636.15	0	.4151955	.2299734	.3548311	0
635.15	0	.4151284	.2300665	.3548051	0
634.15	0	.4150617	.2301591	.3547791	0
633.15	0	.4149954	.2302514	.3547532	0
632.15	0	.4149295	.2303433	.3547272	0
631.15	0	.414864	.2304348	.3547012	0
630.15	0	.4147988	.230526	.3546752	0
629.15	0	.4147341	.2306168	.3546492	0
628.15	0	.4146696	.2307072	.3546232	0
627.15	0	.4146056	.2307973	.3545972	0
626.15	0	.4145419	.230887	.3545712	0
625.15	0	.4144785	.2309764	.3545451	0
624.15	0	.4144155	.2310654	.3545191	0
623.15	0	.4143528	.2311542	.3544931	0
622.15	0	.4142905	.2312425	.354467	0
621.15	0	.4142284	.2313306	.3544409	0
620.15	0	.4141667	.2314184	.3544149	0
619.15	0	.4141053	.2315059	.3543888	0
618.15	0	.4140443	.231593	.3543627	0
617.15	0	.4139835	.2316799	.3543366	0
616.15	0	.413923	.2317665	.3543105	0
615.15	0	.4138628	.2318528	.3542844	0
614.15	0	.413803	.2319388	.3542583	0
613.15	0	.4137434	.2320245	.3542321	0
612.15	0	.4136841	.2321099	.354206	0
611.15	0	.4136251	.2321951	.3541799	0
610.15	0	.4135663	.23228	.3541537	0
609.15	0	.4135078	.2323647	.3541275	0
608.15	0	.4134496	.2324491	.3541013	0
607.15	0	.4133917	.2325332	.3540751	0
606.15	0	.413334	.2326171	.3540489	0
605.15	0	.4132766	.2327007	.3540227	0
604.15	0	.4132194	.2327841	.3539965	0
603.15	0	.4131626	.2328672	.3539702	0
602.15	0	.4131059	.2329501	.353944	0
601.15	0	.4130495	.2330328	.3539177	0
600.15	0	.4129933	.2331152	.3538915	0
599.15	0	.4129374	.2331975	.3538652	0
598.15	0	.4128817	.2332794	.3538389	0
597.15	0	.4128262	.2333612	.3538126	0
596.15	0	.412771	.2334427	.3537863	0
595.15	0	.412716	.2335241	.35376	0
594.15	0	.4126612	.2336052	.3537336	0
593.15	0	.4126066	.2336861	.3537073	0
592.15	0	.4125523	.2337668	.3536809	0
591.15	0	.4124982	.2338472	.3536546	0
590.15	0	.4124443	.2339275	.3536282	0
589.15	0	.4123906	.2340076	.3536018	0
588.15	0	.4123371	.2340875	.3535754	0
587.15	0	.4122838	.2341671	.3535491	0
586.15	0	.4122307	.2342466	.3535226	0
585.15	0	.4121779	.2343259	.3534962	0
584.15	0	.4121252	.234405	.3534698	0
583.15	0	.4120727	.2344839	.3534434	0
582.15	0	.4120204	.2345626	.3534169	0
581.15	0	.4119684	.2346411	.3533905	0
580.15	0	.4119165	.2347195	.353364	0
579.15	0	.4118648	.2347977	.3533376	0
578.15	0	.4118133	.2348756	.3533111	0
577.15	0	.4117619	.2349534	.3532846	0
576.15	0	.4117108	.2350311	.3532582	0
575.15	0	.4116598	.2351085	.3532317	0
574.15	0	.411609	.2351858	.3532052	0
573.15	0	.4115584	.2352629	.3531787	0
572.15	0	.411508	.2353398	.3531522	0
571.15	0	.4114578	.2354166	.3531257	0
570.15	0	.4114077	.2354932	.3530992	0
569.15	0	.4113578	.2355696	.3530727	0
568.15	0	.411308	.2356458	.3530461	0
567.15	0	.4112585	.2357219	.3530196	0
566.15	0	.4112091	.2357979	.3529931	0
565.15	0	.4111598	.2358736	.3529666	0
564.15	0	.4111108	.2359492	.35294	0
563.15	0	.4110619	.2360247	.3529135	0
562.15	0	.4110131	.2361	.3528869	0
561.15	0	.4109645	.2361751	.3528604	0
560.15	0	.4109161	.23625	.3528339	0
559.15	0	.4108678	.2363249	.3528073	0
558.15	0	.4108197	.2363995	.3527808	0
557.15	0	.4107718	.236474	.3527542	0
556.15	0	.410724	.2365484	.3527277	0
555.15	0	.4106763	.2366226	.3527011	0
554.15	0	.4106288	.2366966	.3526746	0
553.15	0	.4105815	.2367705	.352648	0
552.15	0	.4105343	.2368442	.3526215	0
551.15	0	.4104872	.2369178	.352595	0
550.15	0	.4104403	.2369913	.3525684	0
549.15	0	.4103936	.2370646	.3525419	0
548.15	0	.410347	.2371377	.3525153	0
547.15	0	.4103005	.2372107	.3524888	0
546.15	0	.4102542	.2372836	.3524623	0
545.15	0	.410208	.2373563	.3524358	0
544.15	0	.4101619	.2374288	.3524092	0
543.15	0	.4101161	.2375012	.3523827	0
542.15	0	.4100703	.2375735	.3523562	0
541.15	0	.4100247	.2376456	.3523297	0
540.15	0	.4099792	.2377176	.3523032	0
539.15	0	.409934	.2377894	.3522766	0
538.15	0	.4098888	.2378611	.3522501	0
537.15	0	.4098437	.2379327	.3522237	0
536.15	0	.4097987	.2380041	.3521972	0
535.15	0	.4097539	.2380753	.3521707	0
534.15	0	.4097093	.2381465	.3521443	0
533.15	0	.4096647	.2382174	.3521178	0
532.15	0	.4096203	.2382883	.3520914	0
531.15	0	.409576	.238359	.352065	0
530.15	0	.4095319	.2384295	.3520386	0
529.15	0	.4094879	.2385	.3520122	0
528.15	0	.409444	.2385703	.3519858	0
527.15	0	.4094002	.2386404	.3519594	0
526.15	0	.4093566	.2387104	.351933	0
525.15	0	.4093131	.2387803	.3519067	0
524.15	0	.4092697	.23885	.3518803	0
523.15	0	.4092265	.2389196	.351854	0
522.15	0	.4091833	.238989	.3518277	0
521.15	0	.4091403	.2390583	.3518014	0
520.15	0	.4090974	.2391275	.3517751	0
519.15	0	.4090547	.2391965	.3517488	0
518.15	0	.409012	.2392654	.3517225	0
517.15	0	.4089695	.2393342	.3516963	0
516.15	0	.4089271	.2394028	.3516701	0
515.15	0	.4088849	.2394713	.3516439	0
514.15	0	.4088427	.2395396	.3516177	0
513.15	0	.4088007	.2396078	.3515915	0
512.15	0	.4087588	.2396759	.3515653	0
511.15	0	.408717	.2397438	.3515392	0
510.15	0	.4086753	.2398116	.3515131	0
509.15	0	.4086338	.2398792	.351487	0
508.15	0	.4085923	.2399467	.3514609	0
507.15	0	.408551	.2400141	.3514349	0
506.15	0	.4085098	.2400813	.3514088	0
505.15	0	.4084688	.2401484	.3513828	0
504.15	0	.4084278	.2402154	.3513568	0
503.15	0	.408387	.2402822	.3513309	0
502.15	0	.4083462	.2403489	.3513049	0
501.15	0	.4083056	.2404154	.351279	0
500.15	0	.4082651	.2404818	.3512531	0
499.15	0	.4082247	.2405481	.3512272	0
498.15	0	.4081845	.2406142	.3512014	0
497.15	0	.4081443	.2406801	.3511756	0
496.15	0	.4081043	.240746	.3511498	0
495.15	0	.4080644	.2408117	.351124	0
494.15	0	.4080245	.2408772	.3510982	0
493.15	0	.4079848	.2409427	.3510725	0
492.15	0	.4079453	.2410079	.3510468	0
491.15	0	.4079058	.2410731	.3510212	0
490.15	0	.4078664	.241138	.3509955	0
489.15	0	.4078272	.2412029	.3509699	0
488.15	0	.407788	.2412676	.3509444	0
487.15	0	.407749	.2413322	.3509188	0
486.15	0	.4077101	.2413966	.3508933	0
485.15	0	.4076713	.2414609	.3508678	0
484.15	0	.4076326	.241525	.3508424	0
483.15	0	.407594	.241589	.3508169	0
482.15	0	.4075555	.2416529	.3507916	0
481.15	0	.4075172	.2417166	.3507662	0
480.15	0	.4074789	.2417802	.3507409	0
479.15	0	.4074408	.2418436	.3507156	0
478.15	0	.4074028	.2419069	.3506903	0
477.15	0	.4073648	.24197	.3506651	0
476.15	0	.407327	.242033	.3506399	0
475.15	0	.4072893	.2420959	.3506148	0
474.15	0	.4072517	.2421586	.3505897	0
473.15	0	.4072142	.2422211	.3505646	0
472.15	0	.4071769	.2422836	.3505396	0
471.15	0	.4071396	.2423458	.3505146	0
470.15	0	.4071024	.242408	.3504896	0
469.15	0	.4070654	.2424699	.3504647	0
468.15	0	.4070284	.2425318	.3504398	0
467.15	0	.4069916	.2425934	.350415	0
466.15	0	.4069549	.242655	.3503902	0
465.15	0	.4069183	.2427164	.3503654	0
464.15	0	.4068817	.2427776	.3503407	0
463.15	0	.4068453	.2428387	.350316	0
462.15	0	.406809	.2428996	.3502914	0
461.15	0	.4067728	.2429604	.3502668	0
460.15	0	.4067367	.2430211	.3502422	0
459.15	0	.4067008	.2430816	.3502177	0
458.15	0	.4066649	.2431419	.3501932	0
457.15	0	.4066291	.2432021	.3501688	0
456.15	0	.4065935	.2432621	.3501444	0
455.15	0	.4065579	.243322	.3501201	0
454.15	0	.4065225	.2433818	.3500958	0
453.15	0	.4064871	.2434413	.3500716	0
452.15	0	.4064519	.2435008	.3500474	0
451.15	0	.4064167	.2435601	.3500232	0
450.15	0	.4063817	.2436192	.3499991	0
449.15	0	.4063468	.2436781	.3499751	0
448.15	0	.4063121	.2437369	.3499511	0
447.15	0	.4062774	.2437955	.3499271	0
446.15	0	.4062428	.2438539	.3499032	0
445.15	0	.4062084	.2439122	.3498794	0
444.15	0	.4061741	.2439703	.3498556	0
443.15	0	.4061399	.2440282	.3498319	0
442.15	0	.4061058	.244086	.3498082	0
441.15	0	.4060718	.2441435	.3497847	0
440.15	0	.406038	.2442009	.3497611	0
439.15	0	.4060043	.2442581	.3497377	0
438.15	0	.4059707	.2443151	.3497142	0
437.15	0	.4059373	.2443719	.3496909	0
436.15	0	.405904	.2444284	.3496676	0
435.15	0	.4058708	.2444848	.3496444	0
434.15	0	.4058377	.244541	.3496213	0
433.15	0	.4058048	.244597	.3495982	0
432.15	0	.4057721	.2446527	.3495752	0
431.15	0	.4057394	.2447083	.3495523	0
430.15	0	.4057069	.2447636	.3495294	0
429.15	0	.4056746	.2448188	.3495067	0
428.15	0	.4056424	.2448736	.349484	0
427.15	0	.4056103	.2449283	.3494614	0
426.15	0	.4055784	.2449828	.3494388	0
425.15	0	.4055466	.2450371	.3494163	0
424.15	0	.405515	.2450911	.349394	0
