T	 BPW(LIQUID)	BPW(BCC_A2)	BPW(FCC_A1)	BPW(LAVES_PHASE_C14)	BPW(NI3TI)
1473.15	.3751382	.4638333	0	.1610285	0
1472.15	.3688009	.4680518	0	.1631474	0
1471.15	.3625801	.4721888	0	.1652311	0
1470.15	.3564728	.4762466	0	.1672807	0
1469.15	.3504759	.4802271	0	.169297	0
1468.15	.3445864	.4841325	0	.1712811	0
1467.15	.3388017	.4879646	0	.1732337	0
1466.15	.333119	.4917253	0	.1751557	0
1465.15	.3275356	.4954166	0	.1770479	0
1464.15	.322049	.49904	0	.1789111	0
1463.15	.3166567	.5025973	0	.180746	0
1462.15	.3113565	.5060901	0	.1825534	0
1461.15	.3061458	.5095201	0	.184334	0
1460.15	.3010227	.5128888	0	.1860885	0
1459.15	.2959848	.5161977	0	.1878175	0
1458.15	.2910301	.5194482	0	.1895218	0
1457.15	.2861565	.5226417	0	.1912018	0
1456.15	.2813622	.5257796	0	.1928582	0
1455.15	.2766453	.5288632	0	.1944916	0
1454.15	.2720038	.5318937	0	.1961025	0
1453.15	.267436	.5348725	0	.1976915	0
1452.15	.2629401	.5378007	0	.1992592	0
1451.15	.2585146	.5406794	0	.200806	0
1450.15	.2541577	.5435099	0	.2023324	0
1449.15	.249868	.5462931	0	.203839	0
1448.15	.2456437	.5490302	0	.2053261	0
1447.15	.2414836	.5517222	0	.2067942	0
1446.15	.2373861	.5543701	0	.2082439	0
1445.15	.2333498	.5569748	0	.2096754	0
1444.15	.2293734	.5595374	0	.2110892	0
1443.15	.2254555	.5620587	0	.2124858	0
1442.15	.2215948	.5645397	0	.2138655	0
1441.15	.2177902	.5669811	0	.2152286	0
1440.15	.2140404	.569384	0	.2165757	0
1439.15	.2103442	.5717489	0	.2179069	0
1438.15	.2067005	.5740769	0	.2192227	0
1437.15	.2031081	.5763686	0	.2205234	0
1436.15	.1995659	.5786248	0	.2218093	0
1435.15	.196073	.5808462	0	.2230807	0
1434.15	.1926283	.5830337	0	.2243381	0
1433.15	.1892307	.5851877	0	.2255815	0
1432.15	.1858794	.5873092	0	.2268115	0
1431.15	.1825733	.5893986	0	.2280282	0
1430.15	.1793115	.5914566	0	.2292318	0
1429.15	.1760932	.593484	0	.2304228	0
1428.15	.1729175	.5954812	0	.2316014	0
1427.15	.1697834	.5974489	0	.2327677	0
1426.15	.1666902	.5993877	0	.2339221	0
1425.15	.1636371	.6012981	0	.2350648	0
1424.15	.1606233	.6031807	0	.236196	0
1423.15	.157648	.605036	0	.237316	0
1422.15	.1547104	.6068646	0	.238425	0
1421.15	.1518099	.608667	0	.2395232	0
1420.15	.1489456	.6104436	0	.2406108	0
1419.15	.146117	.6121949	0	.2416881	0
1418.15	.1433233	.6139215	0	.2427552	0
1417.15	.1405639	.6156238	0	.2438123	0
1416.15	.1378382	.6173022	0	.2448596	0
1415.15	.1351454	.6189572	0	.2458974	0
1414.15	.132485	.6205893	0	.2469257	0
1413.15	.1298564	.6221987	0	.2479449	0
1412.15	.127259	.6237861	0	.248955	0
1411.15	.1246922	.6253517	0	.2499562	0
1410.15	.1221554	.6268959	0	.2509487	0
1409.15	.1196482	.6284192	0	.2519326	0
1408.15	.11717	.6299219	0	.2529082	0
1407.15	.1147202	.6314043	0	.2538755	0
1406.15	.1122984	.6328669	0	.2548347	0
1405.15	.109904	.63431	0	.255786	0
1404.15	.1075366	.635734	0	.2567294	0
1403.15	.1051957	.6371391	0	.2576653	0
1402.15	.1028808	.6385257	0	.2585936	0
1401.15	.1005915	.6398941	0	.2595145	0
1400.15	.09832729	.6412446	0	.2604281	0
1399.15	.09608779	.6425776	0	.2613347	0
1398.15	.09387256	.6438933	0	.2622342	0
1397.15	.09168118	.645192	0	.2631268	0
1396.15	.08951324	.646474	0	.2640127	0
1395.15	.08736835	.6477397	0	.264892	0
1394.15	.08524612	.6489892	0	.2657647	0
1393.15	.08314617	.6502228	0	.266631	0
1392.15	.08106812	.6514409	0	.267491	0
1391.15	.07901161	.6526436	0	.2683448	0
1390.15	.07697628	.6538313	0	.2691925	0
1389.15	.07496178	.6550041	0	.2700342	0
1388.15	.07296778	.6561623	0	.2708699	0
1387.15	.07099392	.6573061	0	.2717	0
1386.15	.0690399	.6584359	0	.2725243	0
1385.15	.06710538	.6595517	0	.2733429	0
1384.15	.06519005	.6606538	0	.2741561	0
1383.15	.0632936	.6617425	0	.2749639	0
1382.15	.06141573	.662818	0	.2757663	0
1381.15	.05955615	.6638804	0	.2765634	0
1380.15	.05771456	.66493	0	.2773554	0
1379.15	.05589068	.665967	0	.2781423	0
1378.15	.05408423	.6669916	0	.2789242	0
1377.15	.05229494	.6680039	0	.2797012	0
1376.15	.05052254	.6690042	0	.2804733	0
1375.15	.04876676	.6699926	0	.2812406	0
1374.15	.04702736	.6709694	0	.2820033	0
1373.15	.04530407	.6719347	0	.2827613	0
1372.15	.04359666	.6728886	0	.2835147	0
1371.15	.04190487	.6738314	0	.2842637	0
1370.15	.04022848	.6747633	0	.2850083	0
1369.15	.03856724	.6756843	0	.2857485	0
1368.15	.03692093	.6765947	0	.2864844	0
1367.15	.03528932	.6774946	0	.2872161	0
1366.15	.0336722	.6783841	0	.2879437	0
1365.15	.03206935	.6792635	0	.2886671	0
1364.15	.03048055	.6801329	0	.2893865	0
1363.15	.0289056	.6809924	0	.290102	0
1362.15	.02734429	.6818422	0	.2908135	0
1361.15	.02579643	.6826824	0	.2915212	0
1360.15	.02426181	.6835131	0	.2922251	0
1359.15	.02274024	.6843346	0	.2929252	0
1358.15	.02123153	.6851468	0	.2936216	0
1357.15	.01973551	.6859501	0	.2943144	0
1356.15	.01825197	.6867444	0	.2950036	0
1355.15	.01678075	.68753	0	.2956893	0
1354.15	.01532167	.6883069	0	.2963715	0
1353.15	.01387455	.6890752	0	.2970502	0
1352.15	.01243923	.6898352	0	.2977256	0
1351.15	.01101553	.6905869	0	.2983976	0
1350.15	.0096033	.6913304	0	.2990663	0
1349.15	.008202369	.6920658	0	.2997318	0
1348.15	.006812581	.6927933	0	.3003941	0
1347.15	.005433781	.693513	0	.3010532	0
1346.15	.004065815	.694225	0	.3017092	0
1345.15	.002708533	.6949293	0	.3023621	0
1344.15	.001361787	.6956262	0	.303012	0
1343.15	2.543265E-05	.6963157	0	.3036589	0
1343.131	0	.6963288	0	.3036713	0
1343.131	0	.6963288	0	.3036713	0
1342.15	0	.6958962	0	.3041038	0
1341.15	0	.6954562	0	.3045438	0
1340.15	0	.6950172	0	.3049828	0
1339.15	0	.6945792	0	.3054208	0
1338.15	0	.6941422	0	.3058578	0
1337.15	0	.6937062	0	.3062938	0
1336.15	0	.6932712	0	.3067288	0
1335.15	0	.6928372	0	.3071628	0
1334.15	0	.6924042	0	.3075958	0
1333.15	0	.6919722	0	.3080278	0
1332.15	0	.6915412	0	.3084588	0
1331.15	0	.6911111	0	.3088889	0
1330.15	0	.690682	0	.309318	0
1329.15	0	.690254	0	.309746	0
1328.15	0	.6898268	0	.3101732	0
1327.15	0	.6894007	0	.3105993	0
1326.15	0	.6889755	0	.3110245	0
1325.15	0	.6885513	0	.3114487	0
1324.15	0	.688128	0	.311872	0
1323.15	0	.6877057	0	.3122943	0
1322.15	0	.6872843	0	.3127157	0
1321.15	0	.6868639	0	.3131361	0
1320.15	0	.6864445	0	.3135555	0
1319.15	0	.686026	0	.313974	0
1318.15	0	.6856084	0	.3143916	0
1317.15	0	.6851918	0	.3148082	0
1316.15	0	.6847761	0	.3152239	0
1315.15	0	.6843614	0	.3156386	0
1314.15	0	.6839476	0	.3160524	0
1313.15	0	.6835347	0	.3164653	0
1312.15	0	.6831227	0	.3168773	0
1311.15	0	.6827117	0	.3172883	0
1310.15	0	.6823016	0	.3176985	0
1309.15	0	.6818924	0	.3181077	0
1308.15	0	.6814841	0	.3185159	0
1307.15	0	.6810767	0	.3189233	0
1306.15	0	.6806702	0	.3193298	0
1305.15	0	.6802647	0	.3197353	0
1304.15	0	.67986	0	.32014	0
1303.15	0	.6794563	0	.3205437	0
1302.15	0	.6790534	0	.3209466	0
1301.15	0	.6786515	0	.3213485	0
1300.15	0	.6782504	0	.3217496	0
1299.15	0	.6778503	0	.3221498	0
1298.15	0	.677451	0	.322549	0
1297.15	0	.6770526	0	.3229474	0
1296.15	0	.6766551	0	.3233449	0
1295.15	0	.6762584	0	.3237416	0
1294.15	0	.6758627	0	.3241373	0
1294.096	0	.6758412	0	.3241588	0
1294.096	0	.6758412	0	.3241588	0
1294.096	0	.6758412	0	.3241588	0
1293.15	0	.6745923	8.989271E-04	.3245088	0
1292.15	0	.6732751	.00184715	.3248778	0
1291.15	0	.6719613	.002792968	.3252457	0
1290.15	0	.670651	.003736387	.3256126	0
1289.15	0	.6693442	.00467741	.3259784	0
1288.15	0	.6680408	.005616042	.3263432	0
1287.15	0	.6667408	.006552286	.3267069	0
1286.15	0	.6654443	.007486147	.3270696	0
1285.15	0	.6641512	.00841763	.3274312	0
1284.15	0	.6628614	.009346737	.3277918	0
1283.15	0	.6615751	.01027347	.3281514	0
1282.15	0	.6602922	.01119784	.3285099	0
1281.15	0	.6590127	.01211985	.3288674	0
1280.15	0	.6577366	.01303949	.3292239	0
1279.15	0	.6564638	.01395679	.3295794	0
1278.15	0	.6551944	.01487173	.3299339	0
1277.15	0	.6539284	.01578432	.3302873	0
1276.15	0	.6526656	.01669456	.3306398	0
1275.15	0	.6514063	.01760247	.3309912	0
1274.15	0	.6501503	.01850804	.3313417	0
1273.15	0	.6488976	.01941128	.3316912	0
1272.15	0	.6476482	.02031219	.3320397	0
1271.15	0	.6464021	.02121077	.3323871	0
1270.15	0	.6451593	.02210702	.3327337	0
1269.15	0	.6439198	.02300096	.3330792	0
1268.15	0	.6426836	.02389259	.3334238	0
1267.15	0	.6414507	.0247819	.3337674	0
1266.15	0	.6402211	.0256689	.33411	0
1265.15	0	.6389947	.02655359	.3344517	0
1264.15	0	.6377716	.02743599	.3347924	0
1263.15	0	.6365517	.02831608	.3351322	0
1262.15	0	.6353351	.02919388	.335471	0
1261.15	0	.6341218	.03006938	.3358089	0
1260.15	0	.6329116	.03094259	.3361458	0
1259.15	0	.6317047	.03181352	.3364818	0
1258.15	0	.630501	.03268216	.3368169	0
1257.15	0	.6293005	.03354852	.337151	0
1256.15	0	.6281032	.0344126	.3374842	0
1255.15	0	.6269091	.03527441	.3378165	0
1254.15	0	.6257182	.03613394	.3381478	0
1253.15	0	.6245305	.0369912	.3384783	0
1252.15	0	.623346	.0378462	.3388078	0
1251.15	0	.6221646	.03869893	.3391365	0
1250.15	0	.6209864	.0395494	.3394642	0
1249.15	0	.6198114	.04039761	.339791	0
1248.15	0	.6186395	.04124357	.3401169	0
1247.15	0	.6174708	.04208727	.3404419	0
1246.15	0	.6163052	.04292872	.3407661	0
1245.15	0	.6151428	.04376792	.3410893	0
1244.15	0	.6139834	.04460488	.3414117	0
1243.15	0	.6128273	.04543959	.3417332	0
1242.15	0	.6116742	.04627205	.3420538	0
1241.15	0	.6105242	.04710228	.3423735	0
1240.15	0	.6093774	.04793028	.3426924	0
1239.15	0	.6082336	.04875603	.3430104	0
1238.15	0	.607093	.04957956	.3433275	0
1237.15	0	.6059554	.05040085	.3436438	0
1236.15	0	.6048209	.05121992	.3439592	0
1235.15	0	.6036895	.05203676	.3442737	0
1234.15	0	.6025612	.05285138	.3445874	0
1233.15	0	.601436	.05366377	.3449003	0
1232.15	0	.6003138	.05447394	.3452123	0
1231.15	0	.5991946	.0552819	.3455235	0
1230.15	0	.5980786	.05608764	.3458338	0
1229.15	0	.5969656	.05689116	.3461433	0
1228.15	0	.5958556	.05769248	.346452	0
1227.15	0	.5947486	.05849158	.3467598	0
1226.15	0	.5936447	.05928847	.3470668	0
1225.15	0	.5925439	.06008316	.347373	0
1224.15	0	.591446	.06087563	.3476784	0
1223.15	0	.5903512	.06166591	.3479829	0
1222.15	0	.5892594	.06245398	.3482867	0
1221.15	0	.5881706	.06323985	.3485896	0
1220.15	0	.5870848	.06402353	.3488917	0
1219.15	0	.586002	.064805	.349193	0
1218.15	0	.5849222	.06558428	.3494935	0
1217.15	0	.5838454	.06636136	.3497932	0
1216.15	0	.5827716	.06713625	.3500922	0
1215.15	0	.5817008	.06790895	.3503903	0
1214.15	0	.5806329	.06867945	.3506876	0
1213.15	0	.5795681	.06944777	.3509842	0
1212.15	0	.5785062	.0702139	.3512799	0
1211.15	0	.5774472	.07097784	.3515749	0
1210.15	0	.5763913	.07173959	.3518691	0
1209.15	0	.5753383	.07249916	.3521626	0
1208.15	0	.5742882	.07325654	.3524552	0
1207.15	0	.5732412	.07401174	.3527471	0
1206.15	0	.572197	.07476476	.3530382	0
1205.15	0	.5711558	.07551559	.3533286	0
1204.15	0	.5701176	.07626425	.3536182	0
1203.15	0	.5690823	.07701073	.353907	0
1202.15	0	.5680499	.07775502	.3541951	0
1201.15	0	.5670205	.07849714	.3544824	0
1200.15	0	.5659939	.07923709	.354769	0
1199.15	0	.5649703	.07997485	.3550548	0
1198.15	0	.5639497	.08071044	.3553399	0
1197.15	0	.5629319	.08144386	.3556242	0
1196.15	0	.5619171	.08217509	.3559078	0
1195.15	0	.5609052	.08290416	.3561907	0
1194.15	0	.5598962	.08363105	.3564728	0
1193.15	0	.55889	.08435577	.3567542	0
1192.15	0	.5578868	.08507831	.3570349	0
1191.15	0	.5568865	.08579869	.3573148	0
1190.15	0	.5558891	.08651689	.357594	0
1189.15	0	.5548946	.08723292	.3578725	0
1188.15	0	.553903	.08794677	.3581503	0
1187.15	0	.5529143	.08865846	.3584273	0
1186.15	0	.5519284	.08936797	.3587036	0
1185.15	0	.5509454	.09007532	.3589793	0
1184.15	0	.5499654	.09078049	.3592542	0
1183.15	0	.5489882	.09148349	.3595284	0
1182.15	0	.5480138	.09218432	.3598019	0
1181.15	0	.5470424	.09288298	.3600747	0
1180.15	0	.5460738	.09357947	.3603467	0
1179.15	0	.5451081	.09427378	.3606181	0
1178.15	0	.5441452	.09496593	.3608888	0
1177.15	0	.5431853	.09565591	.3611588	0
1176.15	0	.5422281	.09634371	.3614282	0
1175.15	0	.5412739	.09702934	.3616968	0
1174.15	0	.5403225	.0977128	.3619647	0
1173.15	0	.5393739	.09839408	.362232	0
1172.15	0	.5384283	.0990732	.3624985	0
1171.15	0	.5374854	.09975014	.3627644	0
1170.15	0	.5365455	.1004249	.3630297	0
1169.15	0	.5356083	.1010975	.3632942	0
1168.15	0	.534674	.1017679	.3635581	0
1167.15	0	.5337426	.1024362	.3638212	0
1166.15	0	.532814	.1031022	.3640838	0
1165.15	0	.5318883	.1037661	.3643456	0
1164.15	0	.5309654	.1044278	.3646068	0
1163.15	0	.5300453	.1050874	.3648674	0
1162.15	0	.5291281	.1057447	.3651272	0
1161.15	0	.5282137	.1063999	.3653864	0
1160.15	0	.5273021	.1070529	.365645	0
1159.15	0	.5263934	.1077037	.3659029	0
1158.15	0	.5254875	.1083523	.3661602	0
1157.15	0	.5245845	.1089988	.3664168	0
1156.15	0	.5236843	.109643	.3666727	0
1155.15	0	.5227869	.1102851	.366928	0
1154.15	0	.5218923	.110925	.3671827	0
1153.15	0	.5210006	.1115627	.3674367	0
1152.15	0	.5201117	.1121982	.3676901	0
1151.15	0	.5192256	.1128316	.3679428	0
1150.15	0	.5183424	.1134627	.368195	0
1149.15	0	.517462	.1140916	.3684464	0
1148.15	0	.5165844	.1147183	.3686973	0
1147.15	0	.5157096	.1153429	.3689475	0
1146.15	0	.5148377	.1159653	.3691971	0
1145.15	0	.5139686	.1165854	.369446	0
1144.15	0	.5131023	.1172033	.3696944	0
1143.15	0	.5122388	.1178191	.3699421	0
1142.15	0	.5113782	.1184327	.3701892	0
1141.15	0	.5105204	.119044	.3704356	0
1140.15	0	.5096654	.1196531	.3706815	0
1139.15	0	.5088132	.1202601	.3709267	0
1138.15	0	.5079639	.1208648	.3711714	0
1137.15	0	.5071174	.1214673	.3714154	0
1136.15	0	.5062737	.1220676	.3716588	0
1135.15	0	.5054328	.1226656	.3719016	0
1134.15	0	.5045948	.1232615	.3721437	0
1133.15	0	.5037596	.1238551	.3723853	0
1132.15	0	.5029271	.1244465	.3726263	0
1131.15	0	.5020976	.1250357	.3728667	0
1130.15	0	.5012708	.1256227	.3731065	0
1129.15	0	.5004469	.1262074	.3733457	0
1128.15	0	.4996258	.1267899	.3735842	0
1127.15	0	.4988076	.1273702	.3738222	0
1126.15	0	.4979921	.1279483	.3740596	0
1125.15	0	.4971795	.1285241	.3742964	0
1124.15	0	.4963697	.1290976	.3745326	0
1123.15	0	.4955628	.1296689	.3747683	0
1122.15	0	.4947587	.130238	.3750033	0
1121.15	0	.4939574	.1308048	.3752378	0
1120.15	0	.493159	.1313694	.3754716	0
1119.15	0	.4923633	.1319317	.3757049	0
1118.15	0	.4915705	.1324918	.3759376	0
1117.15	0	.4907806	.1330496	.3761698	0
1116.15	0	.4899935	.1336052	.3764013	0
1115.15	0	.4892092	.1341585	.3766323	0
1114.15	0	.4884278	.1347095	.3768627	0
1113.15	0	.4876492	.1352582	.3770925	0
1112.15	0	.4868735	.1358047	.3773218	0
1111.15	0	.4861006	.1363489	.3775505	0
1110.15	0	.4853306	.1368909	.3777786	0
1109.15	0	.4845634	.1374305	.3780061	0
1108.15	0	.483799	.1379679	.3782331	0
1107.15	0	.4830375	.138503	.3784595	0
1106.15	0	.4822789	.1390358	.3786854	0
1105.15	0	.4815231	.1395663	.3789107	0
1104.15	0	.4807701	.1400945	.3791354	0
1103.15	0	.4800201	.1406204	.3793595	0
1102.15	0	.4792729	.141144	.3795832	0
1101.15	0	.4785285	.1416653	.3798062	0
1100.15	0	.477787	.1421842	.3800287	0
1099.15	0	.4770484	.1427009	.3802507	0
1098.15	0	.4763127	.1432153	.380472	0
1097.15	0	.4755798	.1437273	.3806929	0
1096.15	0	.4748498	.144237	.3809132	0
1095.15	0	.4741227	.1447444	.3811329	0
1094.15	0	.4733985	.1452495	.3813521	0
1093.15	0	.4726771	.1457522	.3815707	0
1092.15	0	.4719587	.1462525	.3817888	0
1091.15	0	.4712431	.1467506	.3820063	0
1090.15	0	.4705304	.1472463	.3822234	0
1089.15	0	.4698206	.1477396	.3824398	0
1088.15	0	.4691137	.1482306	.3826557	0
1087.15	0	.4684097	.1487192	.3828711	0
1086.15	0	.4677086	.1492055	.3830859	0
1085.15	0	.4670104	.1496894	.3833002	0
1084.15	0	.4663152	.1501709	.383514	0
1083.15	0	.4656228	.15065	.3837272	0
1082.15	0	.4649333	.1511268	.3839399	0
1081.15	0	.4642468	.1516012	.384152	0
1080.15	0	.4635632	.1520732	.3843636	0
1079.15	0	.4628825	.1525428	.3845747	0
1078.15	0	.4622047	.15301	.3847852	0
1077.15	0	.4615299	.1534748	.3849952	0
1076.15	0	.460858	.1539373	.3852047	0
1075.15	0	.4601891	.1543973	.3854137	0
1074.15	0	.4595231	.1548548	.3856221	0
1073.15	0	.45886	.15531	.38583	0
1072.15	0	.4581999	.1557628	.3860373	0
1071.15	0	.4575428	.1562131	.3862442	0
1070.15	0	.4568886	.156661	.3864505	0
1069.15	0	.4562373	.1571064	.3866563	0
1068.15	0	.4555891	.1575494	.3868615	0
1067.15	0	.4549438	.15799	.3870663	0
1066.15	0	.4543014	.1584281	.3872705	0
1065.15	0	.4536621	.1588637	.3874742	0
1064.15	0	.4530258	.1592969	.3876773	0
1063.15	0	.4523924	.1597277	.38788	0
1062.15	0	.451762	.1601559	.3880821	0
1061.15	0	.4511346	.1605817	.3882837	0
1060.15	0	.4505102	.161005	.3884847	0
1059.15	0	.4498889	.1614258	.3886853	0
1058.15	0	.4492705	.1618442	.3888853	0
1057.15	0	.4486551	.16226	.3890849	0
1056.15	0	.4480428	.1626733	.3892839	0
1055.15	0	.4474335	.1630842	.3894823	0
1054.15	0	.4468272	.1634925	.3896803	0
1053.15	0	.446224	.1638983	.3898778	0
1052.15	0	.4456238	.1643016	.3900747	0
1051.15	0	.4450266	.1647023	.3902711	0
1050.15	0	.4444325	.1651005	.390467	0
1049.15	0	.4438414	.1654962	.3906624	0
1048.15	0	.4432534	.1658894	.3908573	0
1047.15	0	.4426685	.1662799	.3910516	0
1046.15	0	.4420866	.166668	.3912454	0
1045.15	0	.4415078	.1670535	.3914388	0
1044.15	0	.4409321	.1674364	.3916316	0
1043.15	0	.4403594	.1678167	.3918239	0
1042.15	0	.4397899	.1681945	.3920157	0
1041.15	0	.4392234	.1685697	.3922069	0
1040.15	0	.4386601	.1689423	.3923977	0
1039.15	0	.4380998	.1693123	.3925879	0
1038.15	0	.4375427	.1696797	.3927776	0
1037.15	0	.4369886	.1700445	.3929668	0
1036.15	0	.4364378	.1704067	.3931555	0
1035.15	0	.43589	.1707663	.3933437	0
1034.15	0	.4353453	.1711233	.3935314	0
1033.15	0	.4348039	.1714776	.3937185	0
1032.15	0	.4342655	.1718293	.3939052	0
1031.15	0	.4337303	.1721784	.3940913	0
1030.15	0	.4331983	.1725248	.3942769	0
1029.15	0	.4326694	.1728686	.394462	0
1028.15	0	.4321437	.1732098	.3946466	0
1027.15	0	.4316211	.1735482	.3948307	0
1026.15	0	.4311018	.173884	.3950142	0
1025.15	0	.4305856	.1742172	.3951972	0
1024.15	0	.4300726	.1745476	.3953798	0
1023.15	0	.4295628	.1748754	.3955618	0
1022.15	0	.4290563	.1752005	.3957432	0
1021.15	0	.4285529	.1755229	.3959242	0
1020.15	0	.4280527	.1758426	.3961047	0
1019.15	0	.4275558	.1761596	.3962846	0
1018.15	0	.4270621	.1764739	.396464	0
1017.15	0	.4265716	.1767855	.3966429	0
1016.15	0	.4260844	.1770943	.3968213	0
1015.15	0	.4256004	.1774005	.3969991	0
1014.15	0	.4251197	.1777038	.3971764	0
1013.15	0	.4246422	.1780045	.3973533	0
1012.15	0	.424168	.1783024	.3975295	0
1011.15	0	.4236971	.1785976	.3977053	0
1010.15	0	.4232295	.17889	.3978805	0
1009.15	0	.4227651	.1791797	.3980553	0
1008.15	0	.422304	.1794666	.3982294	0
1007.15	0	.4218462	.1797507	.3984031	0
1006.15	0	.4213917	.180032	.3985762	0
1005.15	0	.4209406	.1803106	.3987488	0
1004.15	0	.4204927	.1805864	.3989209	0
1003.15	0	.4200482	.1808594	.3990924	0
1002.15	0	.419607	.1811296	.3992635	0
1001.15	0	.4191691	.181397	.3994339	0
1000.15	0	.4187345	.1816616	.3996039	0
999.15	0	.4183033	.1819234	.3997733	0
998.15	0	.4178755	.1821824	.3999421	0
997.15	0	.417451	.1824385	.4001105	0
996.15	0	.4170299	.1826919	.4002783	0
995.15	0	.4166121	.1829424	.4004455	0
994.15	0	.4161977	.1831901	.4006122	0
993.15	0	.4157867	.1834349	.4007784	0
992.15	0	.4153791	.1836769	.400944	0
991.15	0	.4149749	.183916	.4011091	0
990.15	0	.4145741	.1841524	.4012736	0
989.15	0	.4141766	.1843858	.4014376	0
988.15	0	.4137826	.1846164	.401601	0
987.15	0	.413392	.1848441	.4017638	0
986.15	0	.4130048	.185069	.4019261	0
985.15	0	.4126211	.185291	.4020879	0
984.15	0	.4122407	.1855102	.4022491	0
983.15	0	.4118638	.1857264	.4024097	0
982.15	0	.4114904	.1859398	.4025698	0
981.15	0	.4111204	.1861504	.4027293	0
980.15	0	.4107538	.186358	.4028882	0
979.15	0	.4103907	.1865627	.4030466	0
978.15	0	.410031	.1867646	.4032044	0
977.15	0	.4096748	.1869636	.4033616	0
976.15	0	.4093221	.1871596	.4035182	0
975.15	0	.4089729	.1873528	.4036743	0
974.15	0	.4086271	.1875431	.4038298	0
973.15	0	.4082848	.1877305	.4039847	0
972.15	0	.407946	.187915	.404139	0
971.15	0	.4076107	.1880966	.4042927	0
970.15	0	.4072788	.1882753	.4044458	0
969.15	0	.4069505	.1884511	.4045983	0
968.15	0	.4066257	.1886241	.4047503	0
967.15	0	.4063043	.1887941	.4049016	0
966.15	0	.4059865	.1889612	.4050523	0
965.15	0	.4056722	.1891254	.4052024	0
964.15	0	.4053614	.1892867	.4053519	0
963.15	0	.4050541	.1894451	.4055008	0
962.15	0	.4047503	.1896006	.4056491	0
961.15	0	.40445	.1897533	.4057968	0
960.15	0	.4041532	.189903	.4059438	0
959.15	0	.40386	.1900498	.4060902	0
958.15	0	.4035702	.1901938	.406236	0
957.15	0	.403284	.1903349	.4063811	0
956.15	0	.4030013	.1904731	.4065256	0
955.15	0	.4027222	.1906084	.4066694	0
954.15	0	.4024465	.1907408	.4068126	0
953.15	0	.4021744	.1908704	.4069552	0
952.15	0	.4019058	.1909971	.4070971	0
951.15	0	.4016407	.191121	.4072383	0
950.15	0	.4013791	.191242	.4073789	0
949.15	0	.401121	.1913601	.4075188	0
948.15	0	.4008665	.1914755	.4076581	0
947.15	0	.4006155	.1915879	.4077966	0
946.15	0	.4003679	.1916976	.4079345	0
945.15	0	.4001239	.1918044	.4080717	0
944.15	0	.3998834	.1919085	.4082082	0
943.15	0	.3996463	.1920097	.408344	0
942.15	0	.3994128	.1921081	.4084791	0
941.15	0	.3991828	.1922038	.4086135	0
940.15	0	.3989562	.1922967	.4087471	0
939.15	0	.3987331	.1923868	.4088801	0
938.15	0	.3985135	.1924742	.4090123	0
937.15	0	.3982973	.1925588	.4091438	0
936.15	0	.3980847	.1926408	.4092746	0
935.15	0	.3978754	.19272	.4094046	0
934.15	0	.3976696	.1927965	.4095339	0
933.15	0	.3974672	.1928704	.4096624	0
932.15	0	.3972683	.1929416	.4097902	0
931.15	0	.3970727	.1930101	.4099172	0
930.15	0	.3968806	.193076	.4100434	0
929.15	0	.3966918	.1931393	.4101689	0
928.15	0	.3965065	.1932	.4102935	0
927.15	0	.3963245	.1932582	.4104174	0
926.15	0	.3961458	.1933138	.4105404	0
925.15	0	.3959705	.1933668	.4106627	0
924.15	0	.3957985	.1934174	.4107841	0
923.15	0	.3956298	.1934655	.4109047	0
922.15	0	.3954644	.1935111	.4110245	0
921.15	0	.3953023	.1935543	.4111434	0
920.15	0	.3951434	.1935951	.4112615	0
919.15	0	.3949878	.1936335	.4113787	0
918.15	0	.3948354	.1936695	.4114951	0
917.15	0	.3946862	.1937032	.4116106	0
916.15	0	.3945402	.1937347	.4117252	0
915.15	0	.3943973	.1937638	.4118389	0
914.15	0	.3942575	.1937908	.4119517	0
913.15	0	.3941209	.1938155	.4120636	0
912.15	0	.3939873	.1938381	.4121746	0
911.15	0	.3938568	.1938586	.4122846	0
910.15	0	.3937293	.193877	.4123937	0
909.15	0	.3936048	.1938934	.4125018	0
908.15	0	.3934833	.1939077	.412609	0
907.15	0	.3933647	.1939201	.4127152	0
906.15	0	.393249	.1939306	.4128204	0
905.15	0	.3931362	.1939392	.4129246	0
904.15	0	.3930262	.193946	.4130278	0
903.15	0	.392919	.193951	.41313	0
902.15	0	.3928146	.1939543	.4132311	0
901.15	0	.3927129	.1939559	.4133312	0
900.15	0	.3926139	.1939559	.4134302	0
899.15	0	.3925175	.1939543	.4135282	0
898.15	0	.3924237	.1939512	.4136251	0
897.15	0	.3923325	.1939467	.4137208	0
896.15	0	.3922438	.1939408	.4138155	0
895.15	0	.3921575	.1939336	.413909	0
894.15	0	.3920736	.1939251	.4140013	0
893.15	0	.3919921	.1939154	.4140925	0
892.15	0	.3919129	.1939046	.4141825	0
891.15	0	.3918359	.1938928	.4142713	0
890.15	0	.391761	.19388	.4143589	0
889.15	0	.3916884	.1938663	.4144453	0
888.15	0	.3916177	.1938519	.4145304	0
887.15	0	.3915491	.1938367	.4146142	0
886.15	0	.3914824	.1938208	.4146968	0
885.15	0	.3914175	.1938044	.414778	0
884.15	0	.3913545	.1937876	.4148579	0
883.15	0	.3912931	.1937704	.4149365	0
882.15	0	.3912334	.193753	.4150137	0
881.15	0	.3911752	.1937354	.4150894	0
880.15	0	.3911185	.1937177	.4151638	0
879.15	0	.3910632	.1937001	.4152367	0
878.15	0	.3910091	.1936828	.4153081	0
877.15	0	.3909563	.1936657	.415378	0
876.15	0	.3909045	.193649	.4154465	0
875.15	0	.3908538	.1936329	.4155133	0
874.15	0	.3908039	.1936175	.4155786	0
873.15	0	.3907548	.1936029	.4156422	0
872.15	0	.3907064	.1935893	.4157043	0
871.15	0	.3906586	.1935768	.4157646	0
870.15	0	.3906112	.1935656	.4158232	0
869.15	0	.390564	.1935559	.4158801	0
868.15	0	.390517	.1935478	.4159351	0
867.15	0	.3904701	.1935415	.4159884	0
866.15	0	.390423	.1935372	.4160398	0
865.15	0	.3903757	.1935351	.4160893	0
864.15	0	.3903279	.1935354	.4161368	0
863.15	0	.3902795	.1935383	.4161823	0
862.15	0	.3902303	.193544	.4162257	0
861.15	0	.3901802	.1935528	.4162671	0
860.15	0	.3901288	.1935649	.4163062	0
859.15	0	.3900762	.1935806	.4163432	0
858.15	0	.3900219	.1936002	.4163779	0
857.15	0	.3899658	.193624	.4164102	0
856.15	0	.3899077	.1936522	.4164401	0
855.15	0	.3898473	.1936852	.4164675	0
854.15	0	.3897843	.1937234	.4164924	0
853.15	0	.3897184	.193767	.4165145	0
852.15	0	.3896494	.1938166	.416534	0
851.15	0	.3895769	.1938725	.4165506	0
850.15	0	.3895005	.1939352	.4165642	0
849.15	0	.3894199	.1940052	.4165749	0
848.15	0	.3893347	.194083	.4165823	0
847.15	0	.3892445	.1941691	.4165864	0
846.15	0	.3891488	.1942641	.4165872	0
845.15	0	.389047	.1943687	.4165843	0
844.15	0	.3888459	.1945968	.4165573	0
843.15	0	.3884452	.1950719	.4164828	0
842.15	0	.3880827	.1955049	.4164125	0
841.15	0	.387755	.1958991	.4163458	0
840.15	0	.3874595	.196258	.4162825	0
839.15	0	.3871935	.1965843	.4162222	0
838.15	0	.3869549	.1968806	.4161645	0
837.15	0	.3867414	.1971493	.4161093	0
836.15	0	.3865513	.1973923	.4160564	0
835.15	0	.3863829	.1976116	.4160055	0
834.15	0	.3862347	.1978089	.4159564	0
833.15	0	.3861052	.1979858	.415909	0
832.15	0	.3859931	.1981437	.4158632	0
831.15	0	.3858972	.1982839	.4158188	0
830.15	0	.3858165	.1984077	.4157758	0
829.15	0	.3857499	.1985162	.4157339	0
828.15	0	.3856965	.1986104	.4156932	0
827.15	0	.3856553	.1986912	.4156534	0
826.15	0	.3856257	.1987596	.4156147	0
825.15	0	.3856067	.1988165	.4155768	0
824.15	0	.3855978	.1988625	.4155397	0
823.15	0	.3855982	.1988984	.4155034	0
822.15	0	.3856073	.1989249	.4154678	0
821.15	0	.3856246	.1989425	.4154328	0
820.15	0	.3856495	.198952	.4153985	0
819.15	0	.3856815	.1989538	.4153647	0
818.15	0	.3857201	.1989485	.4153314	0
817.15	0	.3857649	.1989365	.4152986	0
816.15	0	.3858155	.1989183	.4152663	0
815.15	0	.3858714	.1988943	.4152343	0
814.15	0	.3859322	.1988649	.4152028	0
813.15	0	.3859978	.1988306	.4151717	0
812.15	0	.3860676	.1987916	.4151408	0
811.15	0	.3861414	.1987483	.4151103	0
810.15	0	.3862189	.198701	.4150801	0
809.15	0	.3862998	.19865	.4150502	0
808.15	0	.3863839	.1985955	.4150205	0
807.15	0	.386471	.198538	.4149911	0
806.15	0	.3865607	.1984775	.4149619	0
805.15	0	.3866528	.1984143	.4149329	0
804.15	0	.3867472	.1983487	.4149041	0
803.15	0	.3868437	.1982808	.4148755	0
802.15	0	.3869421	.1982109	.414847	0
801.15	0	.3870422	.1981391	.4148187	0
800.15	0	.3871438	.1980657	.4147906	0
799.15	0	.3872468	.1979907	.4147625	0
798.15	0	.3873511	.1979143	.4147347	0
797.15	0	.3874564	.1978367	.4147069	0
796.15	0	.3875627	.197758	.4146792	0
795.15	0	.3876699	.1976784	.4146517	0
794.15	0	.3877778	.1975979	.4146242	0
793.15	0	.3878864	.1975168	.4145969	0
792.15	0	.3879954	.197435	.4145696	0
791.15	0	.3881049	.1973527	.4145424	0
790.15	0	.3882147	.19727	.4145152	0
789.15	0	.3883248	.197187	.4144882	0
788.15	0	.388435	.1971038	.4144612	0
787.15	0	.3885453	.1970205	.4144342	0
786.15	0	.3886557	.196937	.4144073	0
785.15	0	.388766	.1968536	.4143804	0
784.15	0	.3888761	.1967703	.4143536	0
783.15	0	.3889861	.1966871	.4143268	0
782.15	0	.3890959	.1966041	.4143001	0
781.15	0	.3892053	.1965213	.4142734	0
780.15	0	.3893145	.1964388	.4142467	0
779.15	0	.3894232	.1963567	.41422	0
778.15	0	.3895316	.1962751	.4141934	0
777.15	0	.3896394	.1961938	.4141668	0
776.15	0	.3897468	.1961131	.4141402	0
775.15	0	.3898536	.1960329	.4141136	0
774.15	0	.3899598	.1959532	.414087	0
773.15	0	.3900654	.1958742	.4140604	0
772.15	0	.3901704	.1957957	.4140339	0
771.15	0	.3902747	.195718	.4140073	0
770.15	0	.3903784	.1956409	.4139808	0
769.15	0	.3904813	.1955645	.4139542	0
768.15	0	.3905835	.1954889	.4139277	0
767.15	0	.3906849	.195414	.4139011	0
766.15	0	.3907855	.1953399	.4138746	0
765.15	0	.3908854	.1952666	.413848	0
764.15	0	.3909845	.1951941	.4138214	0
763.15	0	.3910827	.1951225	.4137949	0
762.15	0	.3911801	.1950516	.4137683	0
761.15	0	.3912766	.1949817	.4137417	0
760.15	0	.3913723	.1949126	.4137151	0
759.15	0	.3914671	.1948444	.4136885	0
758.15	0	.3915611	.194777	.4136619	0
757.15	0	.3916541	.1947106	.4136353	0
756.15	0	.3917463	.1946451	.4136086	0
755.15	0	.3918376	.1945805	.4135819	0
754.15	0	.3919279	.1945168	.4135553	0
753.15	0	.3920174	.1944541	.4135286	0
752.15	0	.3921059	.1943922	.4135019	0
751.15	0	.3921935	.1943313	.4134751	0
750.15	0	.3922802	.1942714	.4134484	0
749.15	0	.392366	.1942124	.4134216	0
748.15	0	.3924509	.1941543	.4133948	0
747.15	0	.3925348	.1940972	.413368	0
746.15	0	.3926178	.194041	.4133412	0
745.15	0	.3926999	.1939858	.4133144	0
744.15	0	.392781	.1939315	.4132875	0
743.15	0	.3928613	.1938781	.4132606	0
742.15	0	.3929406	.1938257	.4132337	0
741.15	0	.393019	.1937743	.4132068	0
740.15	0	.3930964	.1937238	.4131798	0
739.15	0	.393173	.1936742	.4131528	0
738.15	0	.3932486	.1936256	.4131258	0
737.15	0	.3933234	.1935779	.4130988	0
736.15	0	.3933972	.1935311	.4130717	0
735.15	0	.3934701	.1934852	.4130447	0
734.15	0	.393544	.1934389	.4130171	0
733.15	0	.393615	.193395	.41299	0
732.15	0	.3936851	.1933521	.4129629	0
731.15	0	.3937543	.19331	.4129358	0
730.15	0	.3938226	.1932688	.4129086	0
729.15	0	.3938901	.1932285	.4128814	0
728.15	0	.3939567	.1931892	.4128542	0
727.15	0	.3940224	.1931507	.4128269	0
726.15	0	.3940873	.193113	.4127997	0
725.15	0	.3941514	.1930763	.4127724	0
724.15	0	.3942145	.1930404	.412745	0
723.15	0	.3942769	.1930055	.4127177	0
722.15	0	.3943384	.1929713	.4126903	0
721.15	0	.3943991	.192938	.4126629	0
720.15	0	.3944589	.1929056	.4126355	0
719.15	0	.394518	.192874	.412608	0
718.15	0	.3945762	.1928433	.4125805	0
717.15	0	.3946336	.1928134	.412553	0
716.15	0	.3946902	.1927843	.4125255	0
715.15	0	.394746	.1927561	.4124979	0
714.15	0	.394801	.1927287	.4124703	0
713.15	0	.3948553	.192702	.4124427	0
712.15	0	.3949087	.1926762	.4124151	0
711.15	0	.3949614	.1926512	.4123874	0
710.15	0	.3950133	.192627	.4123597	0
709.15	0	.3950645	.1926035	.412332	0
708.15	0	.3951149	.1925809	.4123043	0
707.15	0	.3951645	.192559	.4122765	0
706.15	0	.3952134	.1925378	.4122488	0
705.15	0	.3952616	.1925175	.4122209	0
704.15	0	.395309	.1924979	.4121931	0
703.15	0	.3953557	.192479	.4121653	0
702.15	0	.3954017	.1924609	.4121374	0
701.15	0	.395447	.1924435	.4121095	0
700.15	0	.3954916	.1924268	.4120816	0
699.15	0	.3955355	.1924109	.4120536	0
698.15	0	.3955787	.1923957	.4120257	0
697.15	0	.3956212	.1923812	.4119977	0
696.15	0	.395663	.1923674	.4119697	0
695.15	0	.3957041	.1923543	.4119416	0
694.15	0	.3957446	.1923418	.4119136	0
693.15	0	.3957844	.1923301	.4118855	0
692.15	0	.3958236	.192319	.4118574	0
691.15	0	.3958621	.1923087	.4118293	0
690.15	0	.3958999	.1922989	.4118011	0
689.15	0	.3959371	.1922899	.411773	0
688.15	0	.3959737	.1922815	.4117448	0
687.15	0	.3960097	.1922737	.4117166	0
686.15	0	.396045	.1922666	.4116884	0
685.15	0	.3960797	.1922601	.4116602	0
684.15	0	.3961139	.1922542	.4116319	0
683.15	0	.3961474	.192249	.4116036	0
682.15	0	.3961803	.1922444	.4115754	0
681.15	0	.3962126	.1922404	.4115471	0
680.15	0	.3962443	.192237	.4115187	0
679.15	0	.3962755	.1922341	.4114904	0
678.15	0	.396306	.1922319	.411462	0
677.15	0	.396336	.1922303	.4114337	0
676.15	0	.3963655	.1922293	.4114053	0
675.15	0	.3963944	.1922288	.4113769	0
674.15	0	.3964227	.1922289	.4113485	0
673.15	0	.3964505	.1922295	.41132	0
672.15	0	.3964777	.1922308	.4112916	0
671.15	0	.3965044	.1922325	.4112631	0
670.15	0	.3965305	.1922348	.4112346	0
669.15	0	.3965562	.1922377	.4112061	0
668.15	0	.3965813	.1922411	.4111776	0
667.15	0	.3966059	.192245	.4111491	0
666.15	0	.39663	.1922494	.4111206	0
665.15	0	.3966536	.1922544	.411092	0
664.15	0	.3966767	.1922599	.4110635	0
663.15	0	.3966992	.1922658	.4110349	0
662.15	0	.3967213	.1922723	.4110064	0
661.15	0	.3967429	.1922793	.4109778	0
660.15	0	.3967641	.1922868	.4109492	0
659.15	0	.3967847	.1922947	.4109206	0
658.15	0	.3968049	.1923032	.4108919	0
657.15	0	.3968246	.1923121	.4108633	0
656.15	0	.3968438	.1923215	.4108347	0
655.15	0	.3968626	.1923313	.410806	0
654.15	0	.396881	.1923417	.4107774	0
653.15	0	.3968989	.1923524	.4107487	0
652.15	0	.3969163	.1923636	.41072	0
651.15	0	.3969333	.1923753	.4106914	0
650.15	0	.3969499	.1923874	.4106627	0
649.15	0	.396966	.1924	.410634	0
648.15	0	.3969818	.192413	.4106053	0
647.15	0	.396997	.1924264	.4105766	0
646.15	0	.3970119	.1924402	.4105479	0
645.15	0	.3970264	.1924545	.4105192	0
644.15	0	.3970404	.1924691	.4104905	0
643.15	0	.3970541	.1924842	.4104617	0
642.15	0	.3970673	.1924997	.410433	0
641.15	0	.3970802	.1925155	.4104043	0
640.15	0	.3970927	.1925318	.4103755	0
639.15	0	.3971047	.1925485	.4103468	0
638.15	0	.3971164	.1925655	.4103181	0
637.15	0	.3971277	.192583	.4102893	0
636.15	0	.3971387	.1926008	.4102606	0
635.15	0	.3971492	.1926189	.4102318	0
634.15	0	.3971594	.1926375	.4102031	0
633.15	0	.3971693	.1926564	.4101743	0
632.15	0	.3971787	.1926757	.4101456	0
631.15	0	.3971878	.1926953	.4101169	0
630.15	0	.3971966	.1927153	.4100881	0
629.15	0	.397205	.1927356	.4100594	0
628.15	0	.3972131	.1927563	.4100306	0
627.15	0	.3972208	.1927773	.4100019	0
626.15	0	.3972282	.1927987	.4099731	0
625.15	0	.3972352	.1928204	.4099444	0
624.15	0	.3972419	.1928424	.4099157	0
623.15	0	.3972483	.1928648	.4098869	0
622.15	0	.3972544	.1928874	.4098582	0
621.15	0	.3972601	.1929104	.4098295	0
620.15	0	.3972655	.1929337	.4098008	0
619.15	0	.3972706	.1929573	.4097721	0
618.15	0	.3972754	.1929812	.4097434	0
617.15	0	.3972799	.1930054	.4097147	0
616.15	0	.3972841	.1930299	.409686	0
615.15	0	.397288	.1930547	.4096573	0
614.15	0	.3972916	.1930798	.4096286	0
613.15	0	.3972949	.1931052	.4095999	0
612.15	0	.3972979	.1931309	.4095713	0
611.15	0	.3973006	.1931568	.4095426	0
610.15	0	.397303	.193183	.409514	0
609.15	0	.3973051	.1932095	.4094853	0
608.15	0	.397307	.1932363	.4094567	0
607.15	0	.3973086	.1932633	.4094281	0
606.15	0	.3973099	.1932906	.4093995	0
605.15	0	.3973109	.1933182	.4093709	0
604.15	0	.3973117	.193346	.4093423	0
603.15	0	.3973122	.1933741	.4093137	0
602.15	0	.3973125	.1934024	.4092852	0
601.15	0	.3973125	.1934309	.4092566	0
600.15	0	.3973122	.1934598	.4092281	0
599.15	0	.3973117	.1934888	.4091995	0
598.15	0	.3973109	.1935181	.409171	0
597.15	0	.3973099	.1935476	.4091425	0
596.15	0	.3973086	.1935774	.4091141	0
595.15	0	.3973071	.1936073	.4090856	0
594.15	0	.3973053	.1936375	.4090571	0
593.15	0	.3973033	.193668	.4090287	0
592.15	0	.3973011	.1936986	.4090003	0
591.15	0	.3972987	.1937295	.4089719	0
590.15	0	.397296	.1937605	.4089435	0
589.15	0	.3972931	.1937918	.4089151	0
588.15	0	.3972899	.1938233	.4088868	0
587.15	0	.3972866	.193855	.4088584	0
586.15	0	.397283	.1938869	.4088301	0
585.15	0	.3972792	.193919	.4088018	0
584.15	0	.3972752	.1939513	.4087736	0
583.15	0	.3972709	.1939838	.4087453	0
582.15	0	.3972665	.1940164	.4087171	0
581.15	0	.3972619	.1940493	.4086889	0
580.15	0	.397257	.1940823	.4086607	0
579.15	0	.397252	.1941155	.4086325	0
578.15	0	.3972467	.1941489	.4086044	0
577.15	0	.3972412	.1941825	.4085762	0
576.15	0	.3972356	.1942163	.4085481	0
575.15	0	.3972298	.1942502	.4085201	0
574.15	0	.3972237	.1942843	.408492	0
573.15	0	.3972175	.1943186	.408464	0
572.15	0	.3972111	.194353	.4084359	0
571.15	0	.3972045	.1943875	.408408	0
570.15	0	.3971977	.1944223	.40838	0
569.15	0	.3971907	.1944572	.4083521	0
568.15	0	.3971836	.1944922	.4083242	0
567.15	0	.3971763	.1945274	.4082963	0
566.15	0	.3971688	.1945628	.4082685	0
565.15	0	.3971611	.1945983	.4082406	0
564.15	0	.3971533	.1946339	.4082128	0
563.15	0	.3971452	.1946697	.4081851	0
562.15	0	.3971371	.1947056	.4081574	0
561.15	0	.3971287	.1947416	.4081297	0
560.15	0	.3971202	.1947778	.408102	0
559.15	0	.3971115	.1948141	.4080743	0
558.15	0	.3971027	.1948506	.4080467	0
557.15	0	.3970937	.1948872	.4080191	0
556.15	0	.3970846	.1949239	.4079916	0
555.15	0	.3970753	.1949607	.4079641	0
554.15	0	.3970658	.1949976	.4079366	0
553.15	0	.3970562	.1950347	.4079091	0
552.15	0	.3970465	.1950718	.4078817	0
551.15	0	.3970366	.1951091	.4078543	0
550.15	0	.3970265	.1951465	.407827	0
549.15	0	.3970164	.195184	.4077996	0
548.15	0	.397006	.1952216	.4077724	0
547.15	0	.3969956	.1952593	.4077451	0
546.15	0	.396985	.1952972	.4077179	0
545.15	0	.3969742	.1953351	.4076907	0
544.15	0	.3969633	.1953731	.4076636	0
543.15	0	.3969523	.1954112	.4076365	0
542.15	0	.3969412	.1954494	.4076094	0
541.15	0	.3969299	.1954877	.4075824	0
540.15	0	.3969185	.1955261	.4075554	0
539.15	0	.396907	.1955646	.4075284	0
538.15	0	.3968953	.1956032	.4075015	0
537.15	0	.3968836	.1956418	.4074747	0
536.15	0	.3968717	.1956805	.4074478	0
535.15	0	.3968596	.1957193	.407421	0
534.15	0	.3968475	.1957582	.4073943	0
533.15	0	.3968352	.1957972	.4073676	0
532.15	0	.3968229	.1958362	.4073409	0
531.15	0	.3968104	.1958754	.4073143	0
530.15	0	.3967978	.1959145	.4072877	0
529.15	0	.3967851	.1959538	.4072612	0
528.15	0	.3967722	.1959931	.4072347	0
527.15	0	.3967593	.1960325	.4072082	0
526.15	0	.3967463	.1960719	.4071818	0
525.15	0	.3967331	.1961114	.4071555	0
524.15	0	.3967198	.196151	.4071291	0
523.15	0	.3967065	.1961906	.4071029	0
522.15	0	.396693	.1962303	.4070766	0
521.15	0	.3966795	.1962701	.4070505	0
520.15	0	.3966658	.1963099	.4070243	0
519.15	0	.3966521	.1963497	.4069982	0
518.15	0	.3966382	.1963896	.4069722	0
517.15	0	.3966243	.1964295	.4069462	0
516.15	0	.3966102	.1964695	.4069203	0
515.15	0	.3965961	.1965095	.4068944	0
514.15	0	.3965819	.1965496	.4068685	0
513.15	0	.3965676	.1965897	.4068427	0
512.15	0	.3965531	.1966299	.406817	0
511.15	0	.3965387	.1966701	.4067913	0
510.15	0	.3965241	.1967103	.4067656	0
509.15	0	.3965094	.1967506	.4067401	0
508.15	0	.3964947	.1967908	.4067145	0
507.15	0	.3964798	.1968312	.406689	0
506.15	0	.3964649	.1968715	.4066636	0
505.15	0	.3964499	.1969119	.4066382	0
504.15	0	.3964348	.1969523	.4066129	0
503.15	0	.3964197	.1969927	.4065876	0
502.15	0	.3964044	.1970332	.4065624	0
501.3047	0	.3963915	.1970674	.4065411	0
501.3047	0	.3963915	.1970674	.4065411	0
501.3047	0	.3963915	.1970674	.4065411	0
501.15	0	.396421	.1970005	.4065006	7.786581E-05
500.15	0	.3966111	.1965692	.4062393	5.804255E-04
499.15	0	.3968	.1961396	.4059787	.001081726
498.15	0	.3969878	.1957117	.4057188	.00158178
497.15	0	.3971744	.1952855	.4054595	.002080597
496.15	0	.3973599	.194861	.4052009	.002578189
495.15	0	.3975443	.1944382	.404943	.003074568
494.15	0	.3977276	.194017	.4046857	.003569743
493.15	0	.3979098	.1935974	.4044291	.004063727
492.15	0	.398091	.1931794	.4041731	.00455653
491.15	0	.3982711	.192763	.4039178	.005048162
490.15	0	.3984502	.1923482	.4036629	.005538668
489.15	0	.3986283	.1919349	.4034089	.006027991
488.15	0	.3988053	.1915231	.4031554	.006516175
487.15	0	.3989813	.1911128	.4029026	.00700323
486.15	0	.3991564	.1907041	.4026504	.007489166
485.15	0	.3993305	.1902967	.4023988	.007973994
484.15	0	.3995036	.1898909	.4021478	.008457724
483.15	0	.3996758	.1894864	.4018974	.008940364
482.15	0	.399847	.1890834	.4016476	.009421926
481.15	0	.4000173	.1886818	.4013985	.009902417
480.15	0	.4001868	.1882815	.4011499	.01038185
479.15	0	.4003553	.1878826	.4009018	.01086023
478.15	0	.400523	.1874851	.4006544	.01133757
477.15	0	.4006898	.1870888	.4004075	.01181388
476.15	0	.4008557	.1866939	.4001612	.01228917
475.15	0	.4010208	.1863003	.3999155	.01276344
474.15	0	.401185	.1859079	.3996703	.01323671
473.15	0	.4013485	.1855168	.3994257	.01370898
472.15	0	.4015111	.185127	.3991817	.01418027
471.15	0	.4016729	.1847383	.3989381	.01465058
470.15	0	.401834	.1843509	.3986952	.01511992
469.15	0	.4019942	.1839647	.3984528	.0155883
468.15	0	.4021537	.1835797	.3982109	.01605572
467.15	0	.4023125	.1831958	.3979695	.01652221
466.15	0	.4024705	.1828131	.3977287	.01698776
465.15	0	.4026277	.1824315	.3974884	.01745238
464.15	0	.4027842	.182051	.3972487	.01791608
463.15	0	.4029401	.1816717	.3970094	.01837887
462.15	0	.4030952	.1812934	.3967707	.01884076
461.15	0	.4032496	.1809162	.3965324	.01930176
460.15	0	.4034033	.1805401	.3962947	.01976187
459.15	0	.4035564	.180165	.3960575	.0202211
458.15	0	.4037088	.179791	.3958208	.02067946
457.15	0	.4038605	.179418	.3955846	.02113695
456.15	0	.4040116	.179046	.3953488	.02159359
455.15	0	.4041621	.178675	.3951136	.02204938
454.15	0	.4043119	.178305	.3948788	.02250433
453.15	0	.4044611	.1779359	.3946446	.02295845
452.15	0	.4046097	.1775678	.3944108	.02341174
451.15	0	.4047577	.1772007	.3941775	.02386421
450.15	0	.4049051	.1768344	.3939446	.02431587
449.15	0	.4050519	.1764691	.3937123	.02476674
448.15	0	.4051982	.1761047	.3934804	.02521681
447.15	0	.4053439	.1757411	.3932489	.02566609
446.15	0	.405489	.1753784	.393018	.02611459
445.15	0	.4056336	.1750166	.3927875	.02656232
444.15	0	.4057777	.1746556	.3925574	.02700929
