T	 BPW(LIQUID)	BPW(BCC_A2)	BPW(FCC_A1)	BPW(LAVES_PHASE_C14)	BPW(NI3TI)
1473.15	.2653203	.7346797	0	0	0
1472.15	.2623568	.7376432	0	0	0
1471.15	.2594144	.7405856	0	0	0
1470.15	.2564928	.7435072	0	0	0
1469.15	.253592	.746408	0	0	0
1468.15	.2507117	.7492883	0	0	0
1467.15	.2478519	.7521481	0	0	0
1466.15	.2450124	.7549876	0	0	0
1465.15	.2421931	.7578069	0	0	0
1464.15	.2393937	.7606063	0	0	0
1463.15	.2366142	.7633858	0	0	0
1462.15	.2338544	.7661456	0	0	0
1461.15	.2311142	.7688858	0	0	0
1460.15	.2283934	.7716066	0	0	0
1459.15	.2256919	.7743081	0	0	0
1458.15	.2230096	.7769904	0	0	0
1457.15	.2203463	.7796537	0	0	0
1456.15	.2177018	.7822982	0	0	0
1455.15	.2150761	.7849239	0	0	0
1454.15	.2124691	.7875309	0	0	0
1453.15	.2098805	.7901195	0	0	0
1452.15	.2073102	.7926898	0	0	0
1451.15	.2047581	.7952419	0	0	0
1450.15	.2022242	.7977758	0	0	0
1449.15	.1997081	.8002919	0	0	0
1448.15	.1972099	.8027901	0	0	0
1447.15	.1947294	.8052706	0	0	0
1446.15	.1922664	.8077336	0	0	0
1445.15	.1898209	.8101791	0	0	0
1444.15	.1873927	.8126073	0	0	0
1443.15	.1849816	.8150184	0	0	0
1442.15	.1825877	.8174124	0	0	0
1441.15	.1802106	.8197894	0	0	0
1440.15	.1778504	.8221497	0	0	0
1439.15	.1755068	.8244932	0	0	0
1438.15	.1731798	.8268202	0	0	0
1437.15	.1708693	.8291307	0	0	0
1436.15	.1685751	.831425	0	0	0
1435.15	.166297	.833703	0	0	0
1434.15	.1640351	.8359649	0	0	0
1433.15	.1617892	.8382108	0	0	0
1432.15	.1595591	.8404409	0	0	0
1431.15	.1573447	.8426553	0	0	0
1430.15	.155146	.844854	0	0	0
1429.15	.1529628	.8470372	0	0	0
1428.15	.150795	.849205	0	0	0
1427.15	.1486425	.8513575	0	0	0
1426.15	.1465051	.8534949	0	0	0
1425.15	.1443829	.8556172	0	0	0
1424.15	.1422755	.8577245	0	0	0
1423.15	.1401831	.859817	0	0	0
1422.891	.1396432	.8603568	0	0	0
1422.891	.1396432	.8603568	0	0	0
1422.891	.1396432	.8603568	0	0	0
1422.15	.1371364	.8618537	0	.00100997	0
1421.15	.1337895	.8638481	0	.002362403	0
1420.15	.130484	.8658134	0	.003702628	0
1419.15	.1272193	.8677498	0	.005030887	0
1418.15	.1239944	.8696582	0	.00634741	0
1417.15	.1208088	.8715388	0	.007652427	0
1416.15	.1176615	.8733924	0	.008946158	0
1415.15	.1145519	.8752193	0	.01022882	0
1414.15	.1114793	.8770201	0	.01150062	0
1413.15	.108443	.8787953	0	.01276177	0
1412.15	.1054423	.8805453	0	.01401247	0
1411.15	.1024765	.8822705	0	.0152529	0
1410.15	.09954513	.8839716	0	.01648328	0
1409.15	.09664742	.8856488	0	.01770377	0
1408.15	.09378279	.8873026	0	.01891456	0
1407.15	.09095065	.8889335	0	.02011584	0
1406.15	.08815042	.8905418	0	.02130776	0
1405.15	.08538151	.892128	0	.02249051	0
1404.15	.08264338	.8936924	0	.02366425	0
1403.15	.07993548	.8952354	0	.02482913	0
1402.15	.07725728	.8967574	0	.02598532	0
1401.15	.07460826	.8982588	0	.02713297	0
1400.15	.0719879	.8997399	0	.02827223	0
1399.15	.06939572	.901201	0	.02940325	0
1398.15	.06683121	.9026426	0	.03052617	0
1397.15	.06429392	.904065	0	.03164113	0
1396.15	.06178337	.9054684	0	.03274827	0
1395.15	.0592991	.9068532	0	.03384772	0
1394.15	.05684067	.9082197	0	.03493962	0
1393.15	.05440764	.9095683	0	.03602409	0
1392.15	.0519996	.9108992	0	.03710125	0
1391.15	.04961611	.9122127	0	.03817124	0
1390.15	.04725677	.9135091	0	.03923417	0
1389.15	.04492118	.9147887	0	.04029016	0
1388.15	.04260895	.9160517	0	.04133932	0
1387.15	.04031969	.9172985	0	.04238177	0
1386.15	.03805303	.9185294	0	.04341761	0
1385.15	.0358086	.9197445	0	.04444695	0
1384.15	.03358603	.9209441	0	.0454699	0
1383.15	.03138499	.9221284	0	.04648656	0
1382.15	.02920512	.9232978	0	.04749704	0
1381.15	.02704607	.9244525	0	.04850142	0
1380.15	.02490753	.9255927	0	.04949981	0
1379.15	.02278916	.9267185	0	.05049231	0
1378.15	.02069064	.9278304	0	.051479	0
1377.15	.01861167	.9289284	0	.05245997	0
1376.15	.01655193	.9300128	0	.05343532	0
1375.15	.01451113	.9310837	0	.05440513	0
1374.15	.01248897	.9321416	0	.05536948	0
1373.15	.01048516	.9331864	0	.05632847	0
1372.15	.008499423	.9342184	0	.05728217	0
1371.15	.006531477	.9352379	0	.05823066	0
1370.15	.004581049	.9362449	0	.05917403	0
1369.15	.002647875	.9372398	0	.06011234	0
1368.15	7.316904E-04	.9382226	0	.06104568	0
1367.766	0	.9385971	0	.06140294	0
1367.766	0	.9385971	0	.06140294	0
1367.15	0	.9382058	0	.06179425	0
1366.15	0	.9375715	0	.0624285	0
1365.15	0	.9369387	0	.06306128	0
1364.15	0	.9363074	0	.0636926	0
1363.15	0	.9356775	0	.06432247	0
1362.15	0	.9350491	0	.06495088	0
1361.15	0	.9344222	0	.06557785	0
1360.15	0	.9337966	0	.06620338	0
1359.15	0	.9331725	0	.06682747	0
1358.15	0	.9325499	0	.06745013	0
1357.15	0	.9319286	0	.06807136	0
1356.15	0	.9313088	0	.06869116	0
1355.15	0	.9306905	0	.06930955	0
1354.15	0	.9300735	0	.06992652	0
1353.15	0	.9294579	0	.07054208	0
1352.15	0	.9288438	0	.07115624	0
1351.15	0	.928231	0	.07176899	0
1350.15	0	.9276197	0	.07238035	0
1349.15	0	.9270097	0	.07299032	0
1348.15	0	.9264011	0	.07359889	0
1347.15	0	.9257939	0	.07420608	0
1346.15	0	.9251881	0	.0748119	0
1345.15	0	.9245837	0	.07541633	0
1344.15	0	.9239806	0	.0760194	0
1343.15	0	.9233789	0	.07662109	0
1342.15	0	.9227786	0	.07722143	0
1341.15	0	.9221796	0	.0778204	0
1340.15	0	.921582	0	.07841803	0
1339.15	0	.9209857	0	.0790143	0
1338.15	0	.9203908	0	.07960922	0
1337.15	0	.9197972	0	.0802028	0
1336.15	0	.919205	0	.08079505	0
1335.15	0	.918614	0	.08138596	0
1334.15	0	.9180245	0	.08197554	0
1333.15	0	.9174362	0	.08256379	0
1332.15	0	.9168493	0	.08315072	0
1331.15	0	.9162637	0	.08373634	0
1330.15	0	.9156794	0	.08432064	0
1329.15	0	.9150964	0	.08490363	0
1328.15	0	.9145147	0	.08548531	0
1327.15	0	.9139343	0	.0860657	0
1326.15	0	.9133552	0	.08664478	0
1325.15	0	.9127774	0	.08722257	0
1324.15	0	.9122009	0	.08779907	0
1323.15	0	.9116257	0	.08837429	0
1322.15	0	.9110518	0	.08894822	0
1321.15	0	.9104791	0	.08952087	0
1320.15	0	.9099078	0	.09009224	0
1319.15	0	.9093376	0	.09066235	0
1318.15	0	.9087688	0	.09123119	0
1317.15	0	.9082012	0	.09179876	0
1316.15	0	.9076349	0	.09236508	0
1315.15	0	.9070699	0	.09293013	0
1314.15	0	.9065061	0	.09349394	0
1313.15	0	.9059435	0	.09405649	0
1312.15	0	.9053822	0	.09461781	0
1311.15	0	.9048221	0	.09517788	0
1310.15	0	.9042633	0	.09573671	0
1309.15	0	.9037057	0	.0962943	0
1308.15	0	.9031493	0	.09685067	0
1307.15	0	.9025942	0	.09740581	0
1306.15	0	.9020403	0	.09795973	0
1305.15	0	.9014876	0	.09851242	0
1304.15	0	.9009361	0	.0990639	0
1303.15	0	.9003858	0	.09961417	0
1302.15	0	.8998368	0	.1001632	0
1301.15	0	.8992889	0	.1007111	0
1300.15	0	.8987423	0	.1012577	0
1299.15	0	.8981968	0	.1018032	0
1298.15	0	.8976526	0	.1023474	0
1297.15	0	.8971095	0	.1028905	0
1296.15	0	.8965676	0	.1034324	0
1295.15	0	.8960269	0	.1039731	0
1294.15	0	.8954874	0	.1045126	0
1293.15	0	.8949491	0	.1050509	0
1292.15	0	.8944119	0	.1055881	0
1291.15	0	.893876	0	.106124	0
1290.15	0	.8933412	0	.1066588	0
1289.15	0	.8928075	0	.1071925	0
1288.15	0	.892275	0	.107725	0
1287.15	0	.8917437	0	.1082563	0
1286.15	0	.8912135	0	.1087865	0
1285.15	0	.8906845	0	.1093155	0
1284.15	0	.8901566	0	.1098434	0
1283.15	0	.8896299	0	.1103701	0
1282.15	0	.8891043	0	.1108957	0
1281.15	0	.8885799	0	.1114201	0
1280.15	0	.8880566	0	.1119434	0
1279.15	0	.8875344	0	.1124656	0
1278.15	0	.8870134	0	.1129866	0
1277.15	0	.8864934	0	.1135066	0
1276.15	0	.8859746	0	.1140254	0
1275.15	0	.885457	0	.114543	0
1274.15	0	.8849404	0	.1150596	0
1273.15	0	.884425	0	.115575	0
1272.15	0	.8839106	0	.1160894	0
1271.15	0	.8833974	0	.1166026	0
1270.15	0	.8828853	0	.1171147	0
1269.15	0	.8823743	0	.1176257	0
1268.15	0	.8818643	0	.1181357	0
1267.15	0	.8813555	0	.1186445	0
1266.15	0	.8808478	0	.1191522	0
1265.15	0	.8803411	0	.1196589	0
1264.15	0	.8798356	0	.1201644	0
1263.15	0	.8793311	0	.1206689	0
1262.15	0	.8788277	0	.1211723	0
1261.15	0	.8783254	0	.1216746	0
1260.15	0	.8778242	0	.1221758	0
1259.15	0	.877324	0	.122676	0
1258.15	0	.8768249	0	.1231751	0
1257.15	0	.8763269	0	.1236731	0
1256.15	0	.8758299	0	.1241701	0
1255.15	0	.875334	0	.124666	0
1254.15	0	.8748392	0	.1251608	0
1253.15	0	.8743454	0	.1256546	0
1252.15	0	.8738527	0	.1261474	0
1251.15	0	.873361	0	.126639	0
1250.15	0	.8728703	0	.1271297	0
1249.15	0	.8723807	0	.1276193	0
1248.15	0	.8718922	0	.1281078	0
1247.15	0	.8714047	0	.1285953	0
1246.15	0	.8709182	0	.1290818	0
1245.15	0	.8704327	0	.1295673	0
1244.15	0	.8699483	0	.1300517	0
1243.15	0	.8694649	0	.1305351	0
1242.15	0	.8689825	0	.1310175	0
1241.15	0	.8685012	0	.1314988	0
1240.15	0	.8680209	0	.1319791	0
1239.15	0	.8675416	0	.1324584	0
1238.15	0	.8670633	0	.1329367	0
1237.15	0	.866586	0	.133414	0
1236.73	0	.8663858	0	.1336142	0
1236.73	0	.8663858	0	.1336142	0
1236.73	0	.8663858	0	.1336142	0
1236.15	0	.8655497	5.765739E-04	.1338738	0
1235.15	0	.8641109	.001568697	.1343204	0
1234.15	0	.862676	.002558169	.1347659	0
1233.15	0	.8612449	.003544994	.1352101	0
1232.15	0	.8598176	.004529176	.1356532	0
1231.15	0	.8583941	.005510717	.1360952	0
1230.15	0	.8569745	.006489621	.1365359	0
1229.15	0	.8555587	.007465893	.1369754	0
1228.15	0	.8541466	.008439534	.1374139	0
1227.15	0	.8527383	.009410549	.1378511	0
1226.15	0	.8513339	.01037894	.1382872	0
1225.15	0	.8499332	.01134471	.1387221	0
1224.15	0	.8485362	.01230787	.1391559	0
1223.15	0	.847143	.01326841	.1395886	0
1222.15	0	.8457536	.01422634	.1400201	0
1221.15	0	.8443679	.01518167	.1404504	0
1220.15	0	.842986	.01613439	.1408796	0
1219.15	0	.8416077	.0170845	.1413078	0
1218.15	0	.8402332	.01803202	.1417347	0
1217.15	0	.8388625	.01897695	.1421606	0
1216.15	0	.8374954	.01991928	.1425853	0
1215.15	0	.836132	.02085902	.1430089	0
1214.15	0	.8347724	.02179618	.1434315	0
1213.15	0	.8334164	.02273075	.1438529	0
1212.15	0	.8320641	.02366274	.1442732	0
1211.15	0	.8307155	.02459216	.1446924	0
1210.15	0	.8293705	.02551899	.1451105	0
1209.15	0	.8280292	.02644326	.1455275	0
1208.15	0	.8266916	.02736495	.1459435	0
1207.15	0	.8253576	.02828407	.1463583	0
1206.15	0	.8240273	.02920063	.1467721	0
1205.15	0	.8227006	.03011462	.1471848	0
1204.15	0	.8213776	.03102606	.1475964	0
1203.15	0	.8200581	.03193493	.1480069	0
1202.15	0	.8187423	.03284125	.1484164	0
1201.15	0	.8174302	.03374501	.1488248	0
1200.15	0	.8161216	.03464622	.1492322	0
1199.15	0	.8148166	.03554488	.1496385	0
1198.15	0	.8135153	.03644099	.1500438	0
1197.15	0	.8122175	.03733456	.150448	0
1196.15	0	.8109233	.03822558	.1508511	0
1195.15	0	.8096327	.03911406	.1512532	0
1194.15	0	.8083457	.04	.1516543	0
1193.15	0	.8070622	.04088341	.1520544	0
1192.15	0	.8057823	.04176427	.1524534	0
1191.15	0	.804506	.04264261	.1528514	0
1190.15	0	.8032333	.04351841	.1532483	0
1189.15	0	.8019641	.04439167	.1536443	0
1188.15	0	.8006984	.04526242	.1540392	0
1187.15	0	.7994363	.04613063	.1544331	0
1186.15	0	.7981777	.04699631	.1548259	0
1185.15	0	.7969227	.04785948	.1552178	0
1184.15	0	.7956712	.04872012	.1556087	0
1183.15	0	.7944232	.04957823	.1559986	0
1182.15	0	.7931787	.05043383	.1563874	0
1181.15	0	.7919378	.05128691	.1567753	0
1180.15	0	.7907003	.05213747	.1571622	0
1179.15	0	.7894664	.05298552	.1575481	0
1178.15	0	.788236	.05383105	.157933	0
1177.15	0	.787009	.05467407	.1583169	0
1176.15	0	.7857856	.05551457	.1586998	0
1175.15	0	.7845656	.05635257	.1590818	0
1174.15	0	.7833492	.05718805	.1594628	0
1173.15	0	.7821362	.05802103	.1598428	0
1172.15	0	.7809267	.0588515	.1602218	0
1171.15	0	.7797206	.05967946	.1605999	0
1170.15	0	.7785181	.06050491	.160977	0
1169.15	0	.777319	.06132787	.1613532	0
1168.15	0	.7761233	.06214831	.1617284	0
1167.15	0	.7749312	.06296625	.1621026	0
1166.15	0	.7737424	.06378169	.1624759	0
1165.15	0	.7725572	.06459463	.1628482	0
1164.15	0	.7713753	.06540507	.1632196	0
1163.15	0	.7701969	.066213	.1635901	0
1162.15	0	.769022	.06701844	.1639596	0
1161.15	0	.7678505	.06782138	.1643281	0
1160.15	0	.7666824	.06862181	.1646958	0
1159.15	0	.7655178	.06941975	.1650625	0
1158.15	0	.7643566	.07021519	.1654282	0
1157.15	0	.7631988	.07100814	.1657931	0
1156.15	0	.7620444	.07179858	.166157	0
1155.15	0	.7608935	.07258653	.16652	0
1154.15	0	.7597459	.07337201	.1668821	0
1153.15	0	.7586018	.07415497	.1672432	0
1152.15	0	.7574611	.07493543	.1676035	0
1151.15	0	.7563238	.07571339	.1679628	0
1150.15	0	.7551899	.07648886	.1683212	0
1149.15	0	.7540594	.07726184	.1686787	0
1148.15	0	.7529323	.07803231	.1690354	0
1147.15	0	.7518087	.07880029	.1693911	0
1146.15	0	.7506884	.07956578	.1697459	0
1145.15	0	.7495715	.08032877	.1700998	0
1144.15	0	.7484579	.08108926	.1704528	0
1143.15	0	.7473478	.08184726	.1708049	0
1142.15	0	.7462411	.08260276	.1711562	0
1141.15	0	.7451377	.08335577	.1715065	0
1140.15	0	.7440377	.08410628	.171856	0
1139.15	0	.7429411	.08485429	.1722046	0
1138.15	0	.7418479	.0855998	.1725523	0
1137.15	0	.7407581	.08634282	.1728991	0
1136.15	0	.7396716	.08708334	.1732451	0
1135.15	0	.7385885	.08782136	.1735901	0
1134.15	0	.7375088	.08855688	.1739344	0
1133.15	0	.7364324	.0892899	.1742777	0
1132.15	0	.7353594	.09002042	.1746202	0
1131.15	0	.7342898	.09074844	.1749618	0
1130.15	0	.7332235	.09147395	.1753025	0
1129.15	0	.7321606	.09219697	.1756424	0
1128.15	0	.7311011	.09291748	.1759814	0
1127.15	0	.7300449	.09363549	.1763196	0
1126.15	0	.7289921	.09435099	.1766569	0
1125.15	0	.7279426	.09506399	.1769934	0
1124.15	0	.7268965	.09577447	.177329	0
1123.15	0	.7258537	.09648246	.1776638	0
1122.15	0	.7248143	.09718793	.1779978	0
1121.15	0	.7237783	.0978909	.1783308	0
1120.15	0	.7227456	.09859135	.1786631	0
1119.15	0	.7217162	.09928929	.1789945	0
1118.15	0	.7206902	.09998472	.1793251	0
1117.15	0	.7196676	.1006776	.1796548	0
1116.15	0	.7186483	.101368	.1799837	0
1115.15	0	.7176323	.1020559	.1803118	0
1114.15	0	.7166197	.1027413	.180639	0
1113.15	0	.7156104	.1034241	.1809654	0
1112.15	0	.7146045	.1041045	.181291	0
1111.15	0	.713602	.1047823	.1816158	0
1110.15	0	.7126027	.1054575	.1819398	0
1109.15	0	.7116068	.1061303	.1822629	0
1108.15	0	.7106143	.1068005	.1825852	0
1107.15	0	.7096251	.1074682	.1829067	0
1106.15	0	.7086393	.1081334	.1832274	0
1105.15	0	.7076568	.108796	.1835472	0
1104.15	0	.7066776	.1094561	.1838663	0
1103.15	0	.7057018	.1101137	.1841845	0
1102.15	0	.7047293	.1107687	.184502	0
1101.15	0	.7037602	.1114212	.1848186	0
1100.15	0	.7027944	.1120712	.1851344	0
1099.15	0	.701832	.1127186	.1854494	0
1098.15	0	.7008729	.1133635	.1857637	0
1097.15	0	.6999171	.1140058	.1860771	0
1096.15	0	.6989647	.1146456	.1863897	0
1095.15	0	.6980157	.1152828	.1867015	0
1094.15	0	.69707	.1159175	.1870126	0
1093.15	0	.6961276	.1165496	.1873228	0
1092.15	0	.6951886	.1171792	.1876323	0
1091.15	0	.6942529	.1178062	.1879409	0
1090.15	0	.6933206	.1184306	.1882488	0
1089.15	0	.6923916	.1190525	.1885559	0
1088.15	0	.691466	.1196718	.1888622	0
1087.15	0	.6905437	.1202886	.1891677	0
1086.15	0	.6896248	.1209028	.1894724	0
1085.15	0	.6887093	.1215144	.1897764	0
1084.15	0	.6877971	.1221234	.1900795	0
1083.15	0	.6868882	.1227299	.1903819	0
1082.15	0	.6859827	.1233338	.1906835	0
1081.15	0	.6850806	.1239351	.1909843	0
1080.15	0	.6841818	.1245338	.1912844	0
1079.15	0	.6832864	.12513	.1915837	0
1078.15	0	.6823943	.1257235	.1918822	0
1077.15	0	.6815056	.1263145	.1921799	0
1076.15	0	.6806203	.1269028	.1924769	0
1075.15	0	.6797383	.1274886	.1927731	0
1074.15	0	.6788597	.1280718	.1930685	0
1073.15	0	.6779845	.1286523	.1933632	0
1072.15	0	.6771127	.1292303	.193657	0
1071.15	0	.6762442	.1298057	.1939502	0
1070.15	0	.6753791	.1303784	.1942425	0
1069.15	0	.6745173	.1309485	.1945341	0
1068.15	0	.673659	.1315161	.194825	0
1067.15	0	.672804	.132081	.195115	0
1066.15	0	.6719524	.1326433	.1954044	0
1065.15	0	.6711042	.1332029	.1956929	0
1064.15	0	.6702593	.13376	.1959807	0
1063.15	0	.6694179	.1343144	.1962677	0
1062.15	0	.6685798	.1348661	.196554	0
1061.15	0	.6677452	.1354153	.1968395	0
1060.15	0	.6669139	.1359618	.1971243	0
1059.15	0	.666086	.1365057	.1974083	0
1058.15	0	.6652615	.1370469	.1976916	0
1057.15	0	.6644405	.1375854	.1979741	0
1056.15	0	.6636228	.1381214	.1982558	0
1055.15	0	.6628085	.1386546	.1985368	0
1054.15	0	.6619976	.1391853	.1988171	0
1053.15	0	.6611902	.1397132	.1990966	0
1052.15	0	.6603862	.1402385	.1993753	0
1051.15	0	.6595855	.1407612	.1996533	0
1050.15	0	.6587883	.1412811	.1999306	0
1049.15	0	.6579945	.1417984	.2002071	0
1048.15	0	.6572041	.142313	.2004828	0
1047.15	0	.6564172	.142825	.2007579	0
1046.15	0	.6556336	.1433342	.2010321	0
1045.15	0	.6548535	.1438408	.2013056	0
1044.15	0	.6540769	.1443447	.2015784	0
1043.15	0	.6533037	.1448459	.2018504	0
1042.15	0	.6525339	.1453445	.2021217	0
1041.15	0	.6517675	.1458403	.2023922	0
1040.15	0	.6510046	.1463334	.202662	0
1039.15	0	.6502451	.1468238	.202931	0
1038.15	0	.6494891	.1473116	.2031993	0
1037.15	0	.6487366	.1477966	.2034669	0
1036.15	0	.6479874	.1482789	.2037337	0
1035.15	0	.6472418	.1487585	.2039998	0
1034.15	0	.6464996	.1492354	.2042651	0
1033.15	0	.6457609	.1497095	.2045296	0
1032.15	0	.6450256	.1501809	.2047935	0
1031.15	0	.6442938	.1506496	.2050566	0
1030.15	0	.6435655	.1511156	.2053189	0
1029.15	0	.6428406	.1515789	.2055805	0
1028.15	0	.6421193	.1520394	.2058413	0
1027.15	0	.6414014	.1524972	.2061015	0
1026.15	0	.640687	.1529523	.2063608	0
1025.15	0	.639976	.1534046	.2066194	0
1024.15	0	.6392686	.1538541	.2068773	0
1023.15	0	.6385647	.1543009	.2071344	0
1022.15	0	.6378642	.154745	.2073908	0
1021.15	0	.6371673	.1551863	.2076464	0
1020.15	0	.6364738	.1556249	.2079013	0
1019.15	0	.6357839	.1560607	.2081555	0
1018.15	0	.6350975	.1564937	.2084089	0
1017.15	0	.6344145	.156924	.2086615	0
1016.15	0	.6337351	.1573515	.2089134	0
1015.15	0	.6330592	.1577762	.2091646	0
1014.15	0	.6323869	.1581982	.2094149	0
1013.15	0	.631718	.1586174	.2096646	0
1012.15	0	.6310527	.1590338	.2099135	0
1011.15	0	.6303909	.1594475	.2101616	0
1010.15	0	.6297326	.1598584	.210409	0
1009.15	0	.6290779	.1602664	.2106557	0
1008.15	0	.6284267	.1606718	.2109015	0
1007.15	0	.627779	.1610743	.2111467	0
1006.15	0	.6271349	.161474	.2113911	0
1005.15	0	.6264944	.161871	.2116347	0
1004.15	0	.6258573	.1622651	.2118775	0
1003.15	0	.6252239	.1626565	.2121196	0
1002.15	0	.6245939	.1630451	.212361	0
1001.15	0	.6239676	.1634309	.2126016	0
1000.15	0	.6233447	.1638139	.2128414	0
999.15	0	.6227255	.1641941	.2130804	0
998.15	0	.6221098	.1645715	.2133187	0
997.15	0	.6214977	.1649461	.2135562	0
996.15	0	.6208891	.1653179	.213793	0
995.15	0	.6202841	.1656869	.214029	0
994.15	0	.6196827	.1660531	.2142642	0
993.15	0	.6190849	.1664165	.2144986	0
992.15	0	.6184906	.1667772	.2147323	0
991.15	0	.6178999	.167135	.2149652	0
990.15	0	.6173127	.16749	.2151973	0
989.15	0	.6167292	.1678422	.2154286	0
988.15	0	.6161492	.1681916	.2156591	0
987.15	0	.6155729	.1685382	.2158889	0
986.15	0	.6150001	.1688821	.2161179	0
985.15	0	.6144308	.1692231	.2163461	0
984.15	0	.6138652	.1695613	.2165735	0
983.15	0	.6133032	.1698967	.2168001	0
982.15	0	.6127447	.1702294	.2170259	0
981.15	0	.6121898	.1705592	.217251	0
980.15	0	.6116386	.1708863	.2174752	0
979.15	0	.6110909	.1712105	.2176986	0
978.15	0	.6105468	.171532	.2179212	0
977.15	0	.6100062	.1718507	.2181431	0
976.15	0	.6094693	.1721666	.2183641	0
975.15	0	.608936	.1724797	.2185843	0
974.15	0	.6084062	.1727901	.2188037	0
973.15	0	.6078801	.1730977	.2190223	0
972.15	0	.6073575	.1734025	.21924	0
971.15	0	.6068385	.1737046	.2194569	0
970.15	0	.6063231	.1740039	.2196731	0
969.15	0	.6058113	.1743004	.2198883	0
968.15	0	.605303	.1745942	.2201028	0
967.15	0	.6047984	.1748852	.2203164	0
966.15	0	.6042973	.1751735	.2205292	0
965.15	0	.6037998	.1754591	.2207411	0
964.15	0	.6033058	.1757419	.2209522	0
963.15	0	.6028155	.1760221	.2211625	0
962.15	0	.6023287	.1762995	.2213719	0
961.15	0	.6018454	.1765741	.2215805	0
960.15	0	.6013657	.1768461	.2217881	0
959.15	0	.6008896	.1771154	.221995	0
958.15	0	.600417	.177382	.2222009	0
957.15	0	.599948	.177646	.222406	0
956.15	0	.5994825	.1779072	.2226103	0
955.15	0	.5990206	.1781658	.2228136	0
954.15	0	.5985622	.1784218	.2230161	0
953.15	0	.5981073	.1786751	.2232176	0
952.15	0	.5976559	.1789258	.2234183	0
951.15	0	.5972081	.1791738	.2236181	0
950.15	0	.5967637	.1794193	.223817	0
949.15	0	.5963229	.1796622	.2240149	0
948.15	0	.5958855	.1799025	.224212	0
947.15	0	.5954517	.1801402	.2244082	0
946.15	0	.5950213	.1803753	.2246034	0
945.15	0	.5945943	.1806079	.2247977	0
944.15	0	.5941709	.180838	.2249911	0
943.15	0	.5937508	.1810656	.2251835	0
942.15	0	.5933343	.1812907	.225375	0
941.15	0	.5929211	.1815133	.2255656	0
940.15	0	.5925113	.1817334	.2257552	0
939.15	0	.592105	.1819512	.2259438	0
938.15	0	.591702	.1821664	.2261315	0
937.15	0	.5913025	.1823793	.2263182	0
936.15	0	.5909063	.1825898	.226504	0
935.15	0	.5905134	.1827979	.2266887	0
934.15	0	.5901239	.1830037	.2268725	0
933.15	0	.5897377	.1832071	.2270552	0
932.15	0	.5893548	.1834083	.227237	0
931.15	0	.5889752	.1836071	.2274177	0
930.15	0	.5885988	.1838037	.2275974	0
929.15	0	.5882257	.1839981	.2277761	0
928.15	0	.5878559	.1841903	.2279538	0
927.15	0	.5874893	.1843803	.2281304	0
926.15	0	.5871258	.1845682	.228306	0
925.15	0	.5867656	.1847539	.2284805	0
924.15	0	.5864085	.1849376	.228654	0
923.15	0	.5860545	.1851191	.2288264	0
922.15	0	.5857036	.1852987	.2289977	0
921.15	0	.5853558	.1854763	.2291679	0
920.15	0	.5850111	.1856519	.229337	0
919.15	0	.5846694	.1858256	.229505	0
918.15	0	.5843308	.1859973	.2296719	0
917.15	0	.5839951	.1861673	.2298377	0
916.15	0	.5836623	.1863354	.2300023	0
915.15	0	.5833325	.1865017	.2301658	0
914.15	0	.5830056	.1866663	.2303281	0
913.15	0	.5826815	.1868292	.2304893	0
912.15	0	.5823603	.1869905	.2306493	0
911.15	0	.5820418	.1871501	.2308081	0
910.15	0	.5817261	.1873082	.2309657	0
909.15	0	.5814132	.1874647	.2311221	0
908.15	0	.5811029	.1876198	.2312773	0
907.15	0	.5807953	.1877735	.2314312	0
906.15	0	.5804903	.1879258	.2315839	0
905.15	0	.5801879	.1880768	.2317354	0
904.15	0	.5798879	.1882265	.2318855	0
903.15	0	.5795905	.1883751	.2320344	0
902.15	0	.5792955	.1885225	.232182	0
901.15	0	.5790029	.1886688	.2323283	0
900.15	0	.5787127	.1888141	.2324733	0
899.15	0	.5784247	.1889584	.2326169	0
898.15	0	.578139	.1891018	.2327592	0
897.15	0	.5778555	.1892444	.2329001	0
896.15	0	.5775741	.1893863	.2330396	0
895.15	0	.5772948	.1895274	.2331778	0
894.15	0	.5770175	.189668	.2333145	0
893.15	0	.5767422	.189808	.2334498	0
892.15	0	.5764688	.1899475	.2335837	0
891.15	0	.5761972	.1900867	.233716	0
890.15	0	.5759275	.1902256	.2338469	0
889.15	0	.5756594	.1903643	.2339764	0
888.15	0	.5753929	.1905028	.2341043	0
887.15	0	.575128	.1906414	.2342306	0
886.15	0	.5748646	.19078	.2343554	0
885.15	0	.5746027	.1909187	.2344786	0
884.15	0	.574342	.1910577	.2346003	0
883.15	0	.5740826	.1911971	.2347203	0
882.15	0	.5738244	.191337	.2348386	0
881.15	0	.5735673	.1914774	.2349553	0
880.15	0	.5733111	.1916186	.2350703	0
879.15	0	.5730559	.1917605	.2351836	0
878.15	0	.5728014	.1919034	.2352952	0
877.15	0	.5725477	.1920474	.235405	0
876.15	0	.5722945	.1921925	.2355129	0
875.15	0	.5720419	.192339	.2356191	0
874.15	0	.5717896	.1924869	.2357235	0
873.15	0	.5715376	.1926365	.2358259	0
872.15	0	.5712857	.1927878	.2359265	0
871.15	0	.5710339	.192941	.236025	0
870.15	0	.570782	.1930963	.2361217	0
869.15	0	.5705298	.1932539	.2362163	0
868.15	0	.5702773	.1934139	.2363089	0
867.15	0	.5700242	.1935764	.2363994	0
866.15	0	.5697705	.1937418	.2364877	0
865.15	0	.569516	.1939101	.2365739	0
864.15	0	.5692605	.1940816	.2366579	0
863.15	0	.5690038	.1942565	.2367397	0
862.15	0	.5687459	.194435	.2368191	0
861.15	0	.5684864	.1946174	.2368963	0
860.15	0	.5682252	.1948038	.236971	0
859.15	0	.5679622	.1949946	.2370433	0
858.15	0	.5676971	.1951899	.237113	0
857.15	0	.5674296	.1953902	.2371802	0
856.15	0	.5671596	.1955956	.2372448	0
855.15	0	.5668868	.1958064	.2373068	0
854.15	0	.566611	.1960231	.2373659	0
853.15	0	.5663319	.1962458	.2374222	0
852.15	0	.5660492	.1964751	.2374757	0
851.15	0	.5657627	.1967112	.2375261	0
850.15	0	.565472	.1969545	.2375735	0
849.15	0	.5651768	.1972055	.2376178	0
848.15	0	.5648767	.1974645	.2376588	0
847.15	0	.5645714	.1977322	.2376964	0
846.15	0	.5642605	.1980089	.2377306	0
845.15	0	.5639435	.1982953	.2377613	0
844.15	0	.5636201	.1985918	.2377882	0
843.15	0	.5632897	.198899	.2378113	0
842.15	0	.5629518	.1992178	.2378304	0
841.15	0	.562606	.1995487	.2378454	0
840.15	0	.5622515	.1998924	.2378561	0
839.15	0	.5618877	.2002499	.2378623	0
838.15	0	.561514	.200622	.2378639	0
837.15	0	.5611297	.2010097	.2378606	0
836.15	0	.5604135	.2017973	.2377892	0
835.15	0	.5596051	.2027005	.2376944	0
834.15	0	.5588468	.2035487	.2376045	0
833.15	0	.5581349	.2043462	.2375189	0
832.15	0	.5574658	.2050969	.2374373	0
831.15	0	.5568365	.2058041	.2373594	0
830.15	0	.5562442	.2064711	.2372847	0
829.15	0	.5556863	.2071005	.2372132	0
828.15	0	.5551605	.2076951	.2371445	0
827.15	0	.5546646	.208257	.2370784	0
826.15	0	.5541968	.2087885	.2370147	0
825.15	0	.5537552	.2092916	.2369533	0
824.15	0	.5533382	.2097679	.2368939	0
823.15	0	.5529443	.2102193	.2368364	0
822.15	0	.552572	.2106472	.2367808	0
821.15	0	.5522202	.211053	.2367268	0
820.15	0	.5518875	.2114381	.2366743	0
819.15	0	.5515729	.2118038	.2366233	0
818.15	0	.5512753	.212151	.2365737	0
817.15	0	.5509938	.2124809	.2365253	0
816.15	0	.5507274	.2127945	.236478	0
815.15	0	.5504753	.2130928	.2364319	0
814.15	0	.5502367	.2133764	.2363868	0
813.15	0	.5500109	.2136464	.2363427	0
812.15	0	.5497971	.2139034	.2362995	0
811.15	0	.5495947	.2141481	.2362572	0
810.15	0	.5494032	.2143813	.2362156	0
809.15	0	.5492218	.2146034	.2361748	0
808.15	0	.5490501	.2148152	.2361347	0
807.15	0	.5488876	.2150172	.2360952	0
806.15	0	.5487337	.2152099	.2360564	0
805.15	0	.548588	.2153938	.2360181	0
804.15	0	.5484502	.2155694	.2359804	0
803.15	0	.5483197	.2157371	.2359433	0
802.15	0	.5481962	.2158973	.2359066	0
801.15	0	.5480793	.2160504	.2358703	0
800.15	0	.5479687	.2161967	.2358345	0
799.15	0	.5478641	.2163368	.2357991	0
798.15	0	.5477651	.2164708	.2357641	0
797.15	0	.5476715	.216599	.2357295	0
796.15	0	.547583	.2167219	.2356952	0
795.15	0	.5474993	.2168396	.2356612	0
794.15	0	.5474201	.2169524	.2356275	0
793.15	0	.5473453	.2170606	.235594	0
792.15	0	.5472746	.2171645	.2355609	0
791.15	0	.5472078	.2172642	.235528	0
790.15	0	.5471447	.21736	.2354953	0
789.15	0	.5470851	.217452	.2354629	0
788.15	0	.5470288	.2175405	.2354306	0
787.15	0	.5469757	.2176257	.2353986	0
786.15	0	.5469255	.2177077	.2353667	0
785.15	0	.5468782	.2177867	.235335	0
784.15	0	.5468336	.2178629	.2353035	0
783.15	0	.5467915	.2179364	.2352721	0
782.15	0	.5467518	.2180074	.2352409	0
781.15	0	.5467143	.2180759	.2352098	0
780.15	0	.5466791	.2181422	.2351788	0
779.15	0	.5466458	.2182063	.2351479	0
778.15	0	.5466145	.2182684	.2351171	0
777.15	0	.546585	.2183286	.2350865	0
776.15	0	.5465572	.218387	.2350559	0
775.15	0	.546531	.2184436	.2350254	0
774.15	0	.5465064	.2184987	.234995	0
773.15	0	.5464832	.2185522	.2349646	0
772.15	0	.5464614	.2186043	.2349343	0
771.15	0	.5464408	.2186551	.2349041	0
770.15	0	.5464215	.2187045	.2348739	0
769.15	0	.5464033	.2187528	.2348438	0
768.15	0	.5463862	.2188	.2348138	0
767.15	0	.5463701	.2188462	.2347837	0
766.15	0	.5463549	.2188914	.2347538	0
765.15	0	.5463406	.2189356	.2347238	0
764.15	0	.5463271	.218979	.2346939	0
763.15	0	.5463145	.2190216	.234664	0
762.15	0	.5463025	.2190634	.2346341	0
761.15	0	.5462912	.2191046	.2346042	0
760.15	0	.5462806	.2191451	.2345744	0
759.15	0	.5462705	.219185	.2345445	0
758.15	0	.546261	.2192243	.2345147	0
757.15	0	.546252	.2192632	.2344849	0
756.15	0	.5462434	.2193015	.2344551	0
755.15	0	.5462353	.2193395	.2344253	0
754.15	0	.5462275	.219377	.2343954	0
753.15	0	.5462202	.2194142	.2343656	0
752.15	0	.5462131	.2194511	.2343358	0
751.15	0	.5462064	.2194877	.2343059	0
750.15	0	.5461999	.219524	.2342761	0
749.15	0	.5461959	.2195584	.2342457	0
748.15	0	.5461898	.2195944	.2342158	0
747.15	0	.5461838	.2196302	.234186	0
746.15	0	.546178	.2196659	.2341561	0
745.15	0	.5461724	.2197014	.2341262	0
744.15	0	.5461669	.2197368	.2340963	0
743.15	0	.5461615	.2197721	.2340664	0
742.15	0	.5461563	.2198073	.2340364	0
741.15	0	.5461511	.2198425	.2340064	0
740.15	0	.5461459	.2198777	.2339764	0
739.15	0	.5461408	.2199128	.2339463	0
738.15	0	.5461358	.219948	.2339163	0
737.15	0	.5461307	.2199831	.2338862	0
736.15	0	.5461257	.2200183	.233856	0
735.15	0	.5461206	.2200535	.2338259	0
734.15	0	.5461155	.2200888	.2337956	0
733.15	0	.5461104	.2201242	.2337654	0
732.15	0	.5461052	.2201596	.2337352	0
731.15	0	.5461	.2201952	.2337048	0
730.15	0	.5460947	.2202308	.2336745	0
729.15	0	.5460892	.2202666	.2336441	0
728.15	0	.5460838	.2203025	.2336137	0
727.15	0	.5460782	.2203386	.2335833	0
726.15	0	.5460724	.2203748	.2335528	0
725.15	0	.5460666	.2204111	.2335223	0
724.15	0	.5460607	.2204476	.2334917	0
723.15	0	.5460546	.2204843	.2334611	0
722.15	0	.5460483	.2205212	.2334305	0
721.15	0	.546042	.2205582	.2333998	0
720.15	0	.5460354	.2205955	.2333691	0
719.15	0	.5460287	.2206329	.2333383	0
718.15	0	.5460219	.2206706	.2333075	0
717.15	0	.5460149	.2207084	.2332767	0
716.15	0	.5460077	.2207465	.2332458	0
715.15	0	.5460003	.2207847	.2332149	0
714.15	0	.5459928	.2208232	.233184	0
713.15	0	.5459851	.2208619	.233153	0
712.15	0	.5459772	.2209009	.233122	0
711.15	0	.5459691	.2209401	.2330909	0
710.15	0	.5459608	.2209795	.2330598	0
709.15	0	.5459523	.2210191	.2330286	0
708.15	0	.5459436	.221059	.2329974	0
707.15	0	.5459347	.2210991	.2329662	0
706.15	0	.5459256	.2211395	.2329349	0
705.15	0	.5459163	.2211801	.2329036	0
704.15	0	.5459068	.221221	.2328723	0
703.15	0	.5458971	.221262	.2328409	0
702.15	0	.5458871	.2213034	.2328095	0
701.15	0	.545877	.221345	.232778	0
700.15	0	.5458666	.2213869	.2327465	0
699.15	0	.5458561	.221429	.232715	0
698.15	0	.5458453	.2214713	.2326834	0
697.15	0	.5458343	.2215139	.2326518	0
696.15	0	.5458231	.2215568	.2326201	0
695.15	0	.5458117	.2215999	.2325884	0
694.15	0	.5458001	.2216432	.2325567	0
693.15	0	.5457882	.2216869	.2325249	0
692.15	0	.5457762	.2217307	.2324931	0
691.15	0	.5457639	.2217748	.2324613	0
690.15	0	.5457514	.2218192	.2324294	0
689.15	0	.5457387	.2218638	.2323975	0
688.15	0	.5457258	.2219087	.2323656	0
687.15	0	.5457126	.2219538	.2323336	0
686.15	0	.5456993	.2219992	.2323015	0
685.15	0	.5456857	.2220448	.2322695	0
684.15	0	.5456719	.2220907	.2322374	0
683.15	0	.5456579	.2221368	.2322053	0
682.15	0	.5456437	.2221831	.2321731	0
681.15	0	.5456293	.2222297	.232141	0
680.15	0	.5456147	.2222765	.2321087	0
679.15	0	.5455999	.2223236	.2320765	0
678.15	0	.5455849	.2223709	.2320442	0
677.15	0	.5455696	.2224185	.2320119	0
676.15	0	.5455542	.2224663	.2319796	0
675.15	0	.5455385	.2225143	.2319472	0
674.15	0	.5455227	.2225625	.2319148	0
673.15	0	.5455066	.222611	.2318823	0
672.15	0	.5454904	.2226597	.2318499	0
671.15	0	.5454739	.2227087	.2318174	0
670.15	0	.5454573	.2227578	.2317849	0
669.15	0	.5454405	.2228072	.2317523	0
668.15	0	.5454234	.2228568	.2317197	0
667.15	0	.5454062	.2229067	.2316871	0
666.15	0	.5453888	.2229567	.2316545	0
665.15	0	.5453712	.223007	.2316219	0
664.15	0	.5453534	.2230575	.2315892	0
663.15	0	.5453354	.2231082	.2315565	0
662.15	0	.5453172	.223159	.2315237	0
661.15	0	.5452989	.2232102	.231491	0
660.15	0	.5452803	.2232615	.2314582	0
659.15	0	.5452616	.223313	.2314254	0
658.15	0	.5452427	.2233647	.2313926	0
657.15	0	.5452236	.2234166	.2313597	0
656.15	0	.5452044	.2234688	.2313269	0
655.15	0	.545185	.2235211	.231294	0
654.15	0	.5451654	.2235736	.2312611	0
653.15	0	.5451456	.2236263	.2312282	0
652.15	0	.5451257	.2236791	.2311952	0
651.15	0	.5451056	.2237322	.2311622	0
650.15	0	.5450853	.2237855	.2311293	0
649.15	0	.5450648	.2238389	.2310963	0
648.15	0	.5450442	.2238925	.2310632	0
647.15	0	.5450235	.2239463	.2310302	0
646.15	0	.5450026	.2240003	.2309972	0
645.15	0	.5449815	.2240544	.2309641	0
644.15	0	.5449603	.2241087	.230931	0
643.15	0	.5449389	.2241632	.2308979	0
642.15	0	.5449173	.2242179	.2308648	0
641.15	0	.5448956	.2242727	.2308317	0
640.15	0	.5448738	.2243276	.2307985	0
639.15	0	.5448518	.2243828	.2307654	0
638.15	0	.5448297	.2244381	.2307322	0
637.15	0	.5448074	.2244935	.2306991	0
636.15	0	.544785	.2245491	.2306659	0
635.15	0	.5447625	.2246048	.2306327	0
634.15	0	.5447398	.2246607	.2305995	0
633.15	0	.544717	.2247168	.2305663	0
632.15	0	.544694	.2247729	.2305331	0
631.15	0	.5446709	.2248292	.2304999	0
630.15	0	.5446477	.2248857	.2304666	0
629.15	0	.5446243	.2249423	.2304334	0
628.15	0	.5446008	.224999	.2304001	0
627.15	0	.5445772	.2250559	.2303669	0
626.15	0	.5445535	.2251129	.2303336	0
625.15	0	.5445296	.22517	.2303004	0
624.15	0	.5445057	.2252272	.2302671	0
623.15	0	.5444816	.2252846	.2302339	0
622.15	0	.5444574	.225342	.2302006	0
621.15	0	.544433	.2253996	.2301673	0
620.15	0	.5444086	.2254573	.2301341	0
619.15	0	.544384	.2255152	.2301008	0
618.15	0	.5443594	.2255731	.2300675	0
617.15	0	.5443346	.2256311	.2300343	0
616.15	0	.5443097	.2256893	.230001	0
615.15	0	.5442847	.2257475	.2299678	0
614.15	0	.5442596	.2258059	.2299345	0
613.15	0	.5442344	.2258643	.2299012	0
612.15	0	.5442091	.2259229	.229868	0
611.15	0	.5441837	.2259815	.2298347	0
610.15	0	.5441582	.2260403	.2298015	0
609.15	0	.5441326	.2260991	.2297683	0
608.15	0	.544107	.226158	.229735	0
607.15	0	.5440812	.226217	.2297018	0
606.15	0	.5440553	.2262761	.2296686	0
605.15	0	.5440294	.2263352	.2296354	0
604.15	0	.5440033	.2263945	.2296022	0
603.15	0	.5439772	.2264538	.229569	0
602.15	0	.543951	.2265132	.2295358	0
601.15	0	.5439247	.2265727	.2295027	0
600.15	0	.5438983	.2266322	.2294695	0
599.15	0	.5438718	.2266918	.2294364	0
598.15	0	.5438453	.2267515	.2294032	0
597.15	0	.5438186	.2268113	.2293701	0
596.15	0	.5437919	.2268711	.229337	0
595.15	0	.5437652	.2269309	.2293039	0
594.15	0	.5437383	.2269909	.2292708	0
593.15	0	.5437114	.2270508	.2292378	0
592.15	0	.5436844	.2271109	.2292047	0
591.15	0	.5436573	.227171	.2291717	0
590.15	0	.5436302	.2272311	.2291387	0
589.15	0	.543603	.2272913	.2291057	0
588.15	0	.5435758	.2273515	.2290728	0
587.15	0	.5435484	.2274118	.2290398	0
586.15	0	.5435211	.2274721	.2290069	0
585.15	0	.5434936	.2275324	.228974	0
584.15	0	.5434661	.2275928	.2289411	0
583.15	0	.5434386	.2276533	.2289082	0
582.15	0	.5434109	.2277137	.2288754	0
581.15	0	.5433833	.2277742	.2288425	0
580.15	0	.5433555	.2278347	.2288097	0
579.15	0	.5433278	.2278953	.228777	0
578.15	0	.5432999	.2279558	.2287442	0
577.15	0	.5432721	.2280165	.2287115	0
576.15	0	.5432441	.2280771	.2286788	0
575.15	0	.5432162	.2281377	.2286461	0
574.15	0	.5431882	.2281984	.2286135	0
573.15	0	.5431601	.2282591	.2285809	0
572.15	0	.543132	.2283197	.2285483	0
571.15	0	.5431038	.2283804	.2285157	0
570.15	0	.5430757	.2284411	.2284832	0
569.15	0	.5430474	.2285019	.2284507	0
568.15	0	.5430192	.2285626	.2284182	0
567.15	0	.5429909	.2286233	.2283858	0
566.15	0	.5429626	.228684	.2283534	0
565.15	0	.5429342	.2287448	.228321	0
564.15	0	.5429058	.2288055	.2282887	0
563.15	0	.5428774	.2288663	.2282564	0
562.15	0	.5428489	.228927	.2282241	0
561.15	0	.5428204	.2289877	.2281919	0
560.15	0	.5427919	.2290484	.2281597	0
559.15	0	.5427633	.2291091	.2281276	0
558.15	0	.5427348	.2291698	.2280954	0
557.15	0	.5427062	.2292305	.2280633	0
556.15	0	.5426776	.2292911	.2280313	0
555.15	0	.5426489	.2293518	.2279993	0
554.15	0	.5426203	.2294124	.2279674	0
553.15	0	.5425916	.229473	.2279354	0
552.15	0	.5425629	.2295336	.2279036	0
551.15	0	.5425342	.2295941	.2278717	0
550.15	0	.5425054	.2296547	.2278399	0
549.15	0	.5424767	.2297152	.2278082	0
548.15	0	.5424479	.2297756	.2277765	0
547.15	0	.5424191	.2298361	.2277448	0
546.15	0	.5423904	.2298965	.2277132	0
545.15	0	.5423616	.2299569	.2276816	0
544.15	0	.5423328	.2300172	.2276501	0
543.15	0	.5423039	.2300775	.2276186	0
542.15	0	.5422751	.2301378	.2275871	0
541.15	0	.5422463	.230198	.2275558	0
540.15	0	.5422174	.2302582	.2275244	0
539.15	0	.5421886	.2303183	.2274931	0
538.15	0	.5421597	.2303784	.2274619	0
537.15	0	.5421309	.2304384	.2274307	0
536.15	0	.542102	.2304984	.2273996	0
535.15	0	.5420732	.2305583	.2273685	0
534.15	0	.5420443	.2306182	.2273374	0
533.15	0	.5420155	.2306781	.2273064	0
532.15	0	.5419867	.2307378	.2272755	0
531.15	0	.5419578	.2307976	.2272446	0
530.15	0	.541929	.2308572	.2272138	0
529.15	0	.5419001	.2309168	.2271831	0
528.15	0	.5418713	.2309763	.2271523	0
527.15	0	.5418425	.2310358	.2271217	0
526.15	0	.5418137	.2310952	.2270911	0
525.15	0	.5417849	.2311546	.2270605	0
524.15	0	.5417561	.2312139	.2270301	0
523.15	0	.5417273	.2312731	.2269996	0
522.15	0	.5416985	.2313322	.2269693	0
521.15	0	.5416698	.2313912	.226939	0
520.15	0	.541641	.2314502	.2269087	0
519.15	0	.5416123	.2315091	.2268786	0
518.15	0	.5415836	.231568	.2268484	0
517.15	0	.5415549	.2316267	.2268184	0
516.15	0	.5415262	.2316854	.2267884	0
515.15	0	.5414975	.231744	.2267584	0
514.15	0	.5414689	.2318025	.2267286	0
513.15	0	.5414403	.231861	.2266988	0
512.15	0	.5414117	.2319193	.226669	0
511.15	0	.5413831	.2319776	.2266393	0
510.15	0	.5413545	.2320357	.2266097	0
509.15	0	.541326	.2320938	.2265802	0
508.15	0	.5412975	.2321518	.2265507	0
507.15	0	.541269	.2322097	.2265213	0
506.15	0	.5412406	.2322675	.226492	0
505.15	0	.5412121	.2323252	.2264627	0
504.15	0	.5411837	.2323828	.2264335	0
503.15	0	.5411553	.2324403	.2264044	0
502.15	0	.541127	.2324977	.2263753	0
501.15	0	.5410987	.232555	.2263463	0
500.15	0	.5410704	.2326123	.2263174	0
499.15	0	.5410422	.2326694	.2262884	0
498.15	0	.541014	.2327263	.2262596	0
497.15	0	.5409858	.2327832	.2262309	0
496.15	0	.5409577	.23284	.2262023	0
495.15	0	.5409295	.2328967	.2261738	0
494.15	0	.5409014	.2329533	.2261453	0
493.15	0	.5408734	.2330098	.2261169	0
492.15	0	.5408454	.2330661	.2260885	0
491.15	0	.5408174	.2331223	.2260603	0
490.15	0	.5407894	.2331785	.2260321	0
489.15	0	.5407615	.2332345	.226004	0
488.15	0	.5407336	.2332904	.225976	0
487.15	0	.5407058	.2333461	.2259481	0
486.15	0	.540678	.2334018	.2259202	0
485.15	0	.5406503	.2334573	.2258924	0
484.15	0	.5406226	.2335127	.2258647	0
483.15	0	.5405949	.233568	.2258371	0
482.15	0	.5405673	.2336232	.2258095	0
481.15	0	.5405397	.2336782	.2257821	0
480.15	0	.5405122	.2337331	.2257547	0
479.15	0	.5404847	.2337879	.2257274	0
478.15	0	.5404573	.2338425	.2257002	0
477.15	0	.5404299	.2338971	.2256731	0
476.15	0	.5404025	.2339515	.225646	0
475.15	0	.5403752	.2340057	.2256191	0
474.15	0	.540348	.2340598	.2255922	0
473.15	0	.5403208	.2341138	.2255654	0
472.15	0	.5402936	.2341677	.2255387	0
471.15	0	.5402665	.2342214	.2255121	0
470.15	0	.5402395	.234275	.2254856	0
469.15	0	.5402125	.2343284	.2254591	0
468.15	0	.5401855	.2343818	.2254328	0
467.15	0	.5401586	.2344349	.2254065	0
466.15	0	.5401318	.2344879	.2253803	0
465.15	0	.540105	.2345408	.2253542	0
464.15	0	.5400782	.2345936	.2253282	0
463.15	0	.5400515	.2346462	.2253023	0
462.15	0	.5400249	.2346986	.2252765	0
461.15	0	.5399983	.2347509	.2252508	0
460.15	0	.5399718	.2348031	.2252251	0
459.15	0	.5399453	.2348551	.2251996	0
458.15	0	.5399189	.2349069	.2251742	0
457.15	0	.5398926	.2349586	.2251488	0
456.15	0	.5398663	.2350102	.2251235	0
455.15	0	.5398401	.2350616	.2250984	0
454.15	0	.5398139	.2351128	.2250733	0
453.15	0	.5397878	.2351639	.2250483	0
452.15	0	.5397617	.2352148	.2250234	0
451.15	0	.5397357	.2352656	.2249986	0
450.15	0	.5397098	.2353162	.224974	0
449.15	0	.539684	.2353667	.2249494	0
448.8304	0	.5396757	.2353828	.2249415	0
448.8304	0	.5396757	.2353828	.2249415	0
448.8304	0	.5396757	.2353828	.2249415	0
448.15	0	.5398163	.235048	.2247484	3.872376E-04
447.15	0	.5400224	.234557	.2244652	9.554907E-04
446.15	0	.5402277	.2340671	.2241825	.0015227
445.15	0	.5404323	.2335784	.2239005	.002088877
444.15	0	.5406361	.2330908	.2236191	.002654031
443.15	0	.5408393	.2326043	.2233383	.003218172
442.15	0	.5410418	.2321188	.2230581	.003781311
441.15	0	.5412436	.2316345	.2227785	.004343457
440.15	0	.5414448	.2311511	.2224995	.00490462
439.15	0	.5416453	.2306688	.2222211	.005464809
438.15	0	.5418452	.2301874	.2219433	.006024034
437.15	0	.5420445	.2297071	.2216661	.006582304
436.15	0	.5422432	.2292277	.2213895	.007139629
435.15	0	.5424413	.2287493	.2211134	.007696018
434.15	0	.5426388	.2282717	.220838	.008251479
433.15	0	.5428357	.2277951	.2205631	.008806022
432.15	0	.5430321	.2273194	.2202888	.009359655
431.15	0	.5432279	.2268446	.2200151	.009912388
430.15	0	.5434232	.2263706	.219742	.01046423
429.15	0	.543618	.2258975	.2194694	.01101518
428.15	0	.5438122	.2254252	.2191973	.01156526
427.15	0	.544006	.2249537	.2189259	.01211448
426.15	0	.5441992	.224483	.218655	.01266283
425.15	0	.544392	.2240131	.2183846	.01321033
424.15	0	.5445842	.2235439	.2181148	.01375699
423.15	0	.544776	.2230755	.2178456	.01430281
422.15	0	.5449674	.2226079	.2175769	.01484781
421.15	0	.5451583	.222141	.2173088	.01539199
420.15	0	.5453487	.2216748	.2170412	.01593535
