T	 BPW(LIQUID)	BPW(BCC_A2)	BPW(FCC_A1)	BPW(LAVES_PHASE_C14)	BPW(NI3TI)
1473.15	0	.7184449	.2815551	0	0
1472.15	0	.716483	.283517	0	0
1471.15	0	.7145245	.2854755	0	0
1470.15	0	.7125696	.2874304	0	0
1469.15	0	.7106181	.2893819	0	0
1468.15	0	.70867	.29133	0	0
1467.15	0	.7067255	.2932745	0	0
1466.15	0	.7047844	.2952156	0	0
1465.15	0	.7028467	.2971533	0	0
1464.15	0	.7009125	.2990875	0	0
1463.15	0	.6989818	.3010183	0	0
1462.15	0	.6970544	.3029456	0	0
1461.15	0	.6951306	.3048694	0	0
1460.15	0	.6932101	.3067899	0	0
1459.15	0	.6912931	.3087069	0	0
1458.15	0	.6893795	.3106205	0	0
1457.15	0	.6874694	.3125306	0	0
1456.15	0	.6855626	.3144374	0	0
1455.15	0	.6836593	.3163407	0	0
1454.15	0	.6817594	.3182406	0	0
1453.15	0	.6798629	.3201371	0	0
1452.15	0	.6779698	.3220303	0	0
1451.15	0	.67608	.32392	0	0
1450.15	0	.6741937	.3258063	0	0
1449.15	0	.6723108	.3276892	0	0
1448.15	0	.6704313	.3295687	0	0
1447.15	0	.6685551	.3314449	0	0
1446.15	0	.6666824	.3333176	0	0
1445.15	0	.664813	.335187	0	0
1444.15	0	.662947	.337053	0	0
1443.15	0	.6610844	.3389156	0	0
1442.15	0	.6592251	.3407749	0	0
1441.15	0	.6573692	.3426308	0	0
1440.15	0	.6555167	.3444833	0	0
1439.15	0	.6536675	.3463325	0	0
1438.15	0	.6518217	.3481783	0	0
1437.15	0	.6499793	.3500208	0	0
1436.15	0	.6481402	.3518599	0	0
1435.15	0	.6463044	.3536956	0	0
1434.15	0	.644472	.355528	0	0
1433.15	0	.6426429	.3573571	0	0
1432.15	0	.6408172	.3591828	0	0
1431.15	0	.6389948	.3610052	0	0
1430.15	0	.6371757	.3628243	0	0
1429.15	0	.63536	.36464	0	0
1428.15	0	.6335476	.3664524	0	0
1427.15	0	.6317385	.3682615	0	0
1426.15	0	.6299328	.3700672	0	0
1425.15	0	.6281304	.3718696	0	0
1424.15	0	.6263313	.3736687	0	0
1423.15	0	.6245355	.3754645	0	0
1422.15	0	.622743	.377257	0	0
1421.15	0	.6209539	.3790461	0	0
1420.15	0	.619168	.380832	0	0
1419.15	0	.6173855	.3826145	0	0
1418.15	0	.6156063	.3843937	0	0
1417.15	0	.6138304	.3861697	0	0
1416.15	0	.6120577	.3879423	0	0
1415.15	0	.6102884	.3897116	0	0
1414.15	0	.6085224	.3914776	0	0
1413.15	0	.6067597	.3932403	0	0
1412.15	0	.6050003	.3949998	0	0
1411.15	0	.6032441	.3967559	0	0
1410.15	0	.6014913	.3985087	0	0
1409.15	0	.5997418	.4002583	0	0
1408.15	0	.5979955	.4020045	0	0
1407.15	0	.5962525	.4037475	0	0
1406.15	0	.5945128	.4054872	0	0
1405.15	0	.5927765	.4072235	0	0
1404.15	0	.5910433	.4089567	0	0
1403.15	0	.5893135	.4106865	0	0
1402.15	0	.587587	.412413	0	0
1401.15	0	.5858637	.4141363	0	0
1400.15	0	.5841437	.4158563	0	0
1399.15	0	.582427	.417573	0	0
1398.15	0	.5807136	.4192864	0	0
1397.15	0	.5790035	.4209965	0	0
1396.15	0	.5772966	.4227034	0	0
1395.15	0	.575593	.424407	0	0
1394.15	0	.5738927	.4261073	0	0
1393.15	0	.5721956	.4278044	0	0
1392.15	0	.5705019	.4294981	0	0
1391.15	0	.5688114	.4311886	0	0
1390.15	0	.5671242	.4328759	0	0
1389.15	0	.5654402	.4345598	0	0
1388.15	0	.5637595	.4362405	0	0
1387.15	0	.5620821	.4379179	0	0
1386.15	0	.560408	.439592	0	0
1385.15	0	.5587371	.4412629	0	0
1384.15	0	.5570695	.4429305	0	0
1383.15	0	.5554052	.4445948	0	0
1382.15	0	.5537442	.4462558	0	0
1381.15	0	.5520864	.4479136	0	0
1380.15	0	.5504319	.4495681	0	0
1379.15	0	.5487807	.4512193	0	0
1378.15	0	.5471327	.4528673	0	0
1377.15	0	.545488	.454512	0	0
1376.15	0	.5438466	.4561534	0	0
1375.15	0	.5422085	.4577915	0	0
1374.15	0	.5405736	.4594264	0	0
1373.15	0	.5389421	.4610579	0	0
1372.15	0	.5373138	.4626862	0	0
1371.15	0	.5356887	.4643113	0	0
1370.15	0	.534067	.465933	0	0
1369.15	0	.5324485	.4675515	0	0
1368.15	0	.5308333	.4691667	0	0
1367.15	0	.5292214	.4707786	0	0
1366.15	0	.5276128	.4723872	0	0
1365.15	0	.5260075	.4739925	0	0
1364.15	0	.5244054	.4755946	0	0
1363.15	0	.5228066	.4771934	0	0
1362.15	0	.5212112	.4787888	0	0
1361.15	0	.519619	.480381	0	0
1360.15	0	.5180301	.4819699	0	0
1359.15	0	.5164445	.4835555	0	0
1358.15	0	.5148622	.4851378	0	0
1357.15	0	.5132832	.4867168	0	0
1356.15	0	.5117075	.4882925	0	0
1355.15	0	.5101351	.4898649	0	0
1354.15	0	.508566	.4914341	0	0
1353.15	0	.5070002	.4929998	0	0
1352.15	0	.5054377	.4945623	0	0
1351.15	0	.5038785	.4961215	0	0
1350.15	0	.5023226	.4976774	0	0
1349.15	0	.5007701	.4992299	0	0
1348.15	0	.4992208	.5007792	0	0
1347.15	0	.4976749	.5023251	0	0
1346.15	0	.4961323	.5038677	0	0
1345.15	0	.4945931	.5054069	0	0
1344.15	0	.4930571	.5069429	0	0
1343.15	0	.4915245	.5084755	0	0
1342.15	0	.4899953	.5100048	0	0
1341.15	0	.4884693	.5115307	0	0
1340.15	0	.4869467	.5130533	0	0
1339.15	0	.4854275	.5145725	0	0
1338.15	0	.4839116	.5160884	0	0
1337.15	0	.4823991	.5176009	0	0
1336.15	0	.4808899	.5191101	0	0
1335.15	0	.4793841	.520616	0	0
1334.15	0	.4778816	.5221184	0	0
1333.15	0	.4763825	.5236175	0	0
1332.15	0	.4748868	.5251132	0	0
1331.15	0	.4733944	.5266056	0	0
1330.15	0	.4719055	.5280945	0	0
1329.15	0	.4704199	.5295801	0	0
1328.15	0	.4689377	.5310623	0	0
1327.15	0	.4674589	.5325411	0	0
1326.15	0	.4659834	.5340166	0	0
1325.15	0	.4645115	.5354886	0	0
1324.15	0	.4630429	.5369571	0	0
1323.15	0	.4615777	.5384223	0	0
1322.15	0	.4601159	.5398841	0	0
1321.15	0	.4586576	.5413425	0	0
1320.15	0	.4572026	.5427974	0	0
1319.15	0	.4557511	.5442489	0	0
1318.15	0	.4543031	.5456969	0	0
1317.15	0	.4528585	.5471415	0	0
1316.15	0	.4514173	.5485827	0	0
1315.15	0	.4499796	.5500204	0	0
1314.15	0	.4485454	.5514546	0	0
1313.15	0	.4471146	.5528854	0	0
1312.15	0	.4456873	.5543127	0	0
1311.15	0	.4442635	.5557365	0	0
1310.15	0	.4428431	.5571569	0	0
1309.15	0	.4414263	.5585737	0	0
1308.15	0	.4400129	.5599871	0	0
1307.15	0	.4386031	.5613969	0	0
1306.15	0	.4371967	.5628033	0	0
1305.15	0	.4357939	.5642061	0	0
1304.15	0	.4343946	.5656054	0	0
1303.15	0	.4329988	.5670012	0	0
1302.15	0	.4316066	.5683934	0	0
1301.15	0	.430218	.5697821	0	0
1300.15	0	.4288328	.5711672	0	0
1299.15	0	.4274513	.5725487	0	0
1298.15	0	.4260733	.5739267	0	0
1297.15	0	.4246988	.5753012	0	0
1296.15	0	.423328	.576672	0	0
1295.15	0	.4219608	.5780392	0	0
1294.15	0	.4205971	.5794029	0	0
1293.15	0	.4192371	.5807629	0	0
1292.15	0	.4178807	.5821193	0	0
1291.15	0	.4165279	.5834721	0	0
1290.15	0	.4151787	.5848213	0	0
1289.15	0	.4138332	.5861668	0	0
1288.15	0	.4124913	.5875087	0	0
1287.15	0	.4111531	.5888469	0	0
1286.15	0	.4098186	.5901814	0	0
1285.15	0	.4084877	.5915123	0	0
1284.15	0	.4071606	.5928394	0	0
1283.15	0	.4058371	.5941629	0	0
1282.15	0	.4045173	.5954827	0	0
1281.15	0	.4032013	.5967987	0	0
1280.15	0	.401889	.598111	0	0
1279.15	0	.4005804	.5994196	0	0
1278.15	0	.3992756	.6007244	0	0
1277.15	0	.3979745	.6020255	0	0
1276.15	0	.3966772	.6033228	0	0
1275.15	0	.3953837	.6046163	0	0
1274.15	0	.3940939	.6059061	0	0
1273.15	0	.392808	.607192	0	0
1272.15	0	.3915259	.6084741	0	0
1271.15	0	.3902476	.6097524	0	0
1270.15	0	.3889731	.6110269	0	0
1269.15	0	.3877025	.6122975	0	0
1268.15	0	.3864358	.6135642	0	0
1267.15	0	.3851729	.6148271	0	0
1266.15	0	.3839139	.6160861	0	0
1265.15	0	.3826588	.6173412	0	0
1264.15	0	.3814076	.6185924	0	0
1263.15	0	.3801603	.6198397	0	0
1262.15	0	.3789169	.6210831	0	0
1261.15	0	.3776775	.6223225	0	0
1260.15	0	.3764421	.6235579	0	0
1259.15	0	.3752106	.6247894	0	0
1258.15	0	.3739831	.6260169	0	0
1257.15	0	.3727596	.6272404	0	0
1256.15	0	.3715402	.6284598	0	0
1255.15	0	.3703247	.6296753	0	0
1254.15	0	.3691133	.6308867	0	0
1253.15	0	.3679059	.6320941	0	0
1252.15	0	.3667027	.6332973	0	0
1251.15	0	.3655035	.6344966	0	0
1250.15	0	.3643083	.6356917	0	0
1249.15	0	.3631173	.6368827	0	0
1248.15	0	.3619305	.6380695	0	0
1247.15	0	.3607478	.6392523	0	0
1246.15	0	.3595692	.6404308	0	0
1245.15	0	.3583948	.6416052	0	0
1244.15	0	.3572246	.6427754	0	0
1243.15	0	.3560586	.6439414	0	0
1242.15	0	.3548968	.6451032	0	0
1241.15	0	.3537393	.6462607	0	0
1240.15	0	.352586	.647414	0	0
1239.15	0	.351437	.648563	0	0
1238.15	0	.3502923	.6497077	0	0
1237.15	0	.3491518	.6508482	0	0
1236.15	0	.3480158	.6519843	0	0
1235.15	0	.346884	.653116	0	0
1234.15	0	.3457566	.6542434	0	0
1233.15	0	.3446336	.6553664	0	0
1232.15	0	.343515	.656485	0	0
1231.15	0	.3424008	.6575992	0	0
1230.15	0	.341291	.658709	0	0
1229.15	0	.3401857	.6598143	0	0
1228.15	0	.3390848	.6609152	0	0
1227.15	0	.3379885	.6620116	0	0
1226.15	0	.3368966	.6631034	0	0
1225.15	0	.3358093	.6641907	0	0
1224.15	0	.3347265	.6652735	0	0
1223.15	0	.3336483	.6663517	0	0
1222.15	0	.3325747	.6674253	0	0
1221.15	0	.3315056	.6684944	0	0
1220.15	0	.3304413	.6695587	0	0
1219.15	0	.3293815	.6706185	0	0
1218.15	0	.3283265	.6716735	0	0
1217.15	0	.3272761	.6727239	0	0
1216.15	0	.3262305	.6737695	0	0
1215.15	0	.3251895	.6748105	0	0
1214.15	0	.3241534	.6758466	0	0
1213.15	0	.323122	.676878	0	0
1212.15	0	.3220955	.6779045	0	0
1211.15	0	.3210737	.6789263	0	0
1210.15	0	.3200568	.6799432	0	0
1209.15	0	.3190448	.6809552	0	0
1208.15	0	.3180377	.6819623	0	0
1207.15	0	.3170355	.6829645	0	0
1206.15	0	.3160383	.6839617	0	0
1205.15	0	.315046	.684954	0	0
1204.15	0	.3140588	.6859413	0	0
1203.15	0	.3130765	.6869235	0	0
1202.15	0	.3120993	.6879007	0	0
1201.15	0	.3111271	.6888729	0	0
1200.15	0	.3101601	.6898399	0	0
1199.15	0	.3091982	.6908018	0	0
1198.15	0	.3082414	.6917586	0	0
1197.15	0	.3072898	.6927102	0	0
1196.15	0	.3063434	.6936566	0	0
1195.15	0	.3054023	.6945977	0	0
1194.15	0	.3044664	.6955336	0	0
1193.15	0	.3035358	.6964642	0	0
1192.15	0	.3026105	.6973895	0	0
1191.15	0	.3016905	.6983095	0	0
1190.15	0	.3007759	.6992241	0	0
1189.15	0	.2998667	.7001333	0	0
1188.15	0	.298963	.7010371	0	0
1187.15	0	.2980646	.7019354	0	0
1186.15	0	.2971718	.7028282	0	0
1185.15	0	.2962845	.7037155	0	0
1184.15	0	.2954028	.7045972	0	0
1183.15	0	.2945266	.7054734	0	0
1182.15	0	.293656	.706344	0	0
1181.15	0	.2927911	.7072089	0	0
1180.15	0	.2919318	.7080682	0	0
1179.15	0	.2910783	.7089217	0	0
1178.15	0	.2902305	.7097696	0	0
1177.15	0	.2893884	.7106116	0	0
1176.15	0	.2885521	.7114479	0	0
1175.15	0	.2877217	.7122783	0	0
1174.15	0	.2868972	.7131028	0	0
1173.15	0	.2860785	.7139215	0	0
1172.15	0	.2852658	.7147342	0	0
1171.15	0	.2844591	.7155409	0	0
1170.15	0	.2836583	.7163417	0	0
1169.15	0	.2828636	.7171364	0	0
1168.15	0	.282075	.717925	0	0
1167.15	0	.2812925	.7187075	0	0
1166.15	0	.2805161	.7194839	0	0
1165.15	0	.2797459	.7202541	0	0
1164.15	0	.2789819	.7210181	0	0
1163.15	0	.2782242	.7217758	0	0
1162.15	0	.2774728	.7225272	0	0
1161.15	0	.2767277	.7232723	0	0
1160.15	0	.275989	.724011	0	0
1159.15	0	.2752567	.7247433	0	0
1158.15	0	.2745308	.7254692	0	0
1157.15	0	.2738115	.7261886	0	0
1156.15	0	.2730986	.7269014	0	0
1155.15	0	.2723923	.7276077	0	0
1154.15	0	.2716926	.7283074	0	0
1153.15	0	.2709995	.7290005	0	0
1152.15	0	.2703132	.7296868	0	0
1151.15	0	.2696336	.7303664	0	0
1150.15	0	.2689607	.7310393	0	0
1149.15	0	.2682947	.7317053	0	0
1148.15	0	.2676355	.7323645	0	0
1147.15	0	.2669832	.7330168	0	0
1146.15	0	.2663378	.7336622	0	0
1145.15	0	.2656995	.7343006	0	0
1144.15	0	.2650681	.7349319	0	0
1143.15	0	.2644438	.7355562	0	0
1142.15	0	.2638267	.7361733	0	0
1141.15	0	.2632167	.7367833	0	0
1140.15	0	.2626139	.7373861	0	0
1139.15	0	.2620184	.7379816	0	0
1138.15	0	.2614301	.7385699	0	0
1137.15	0	.2608492	.7391508	0	0
1136.15	0	.2602757	.7397243	0	0
1135.15	0	.2597097	.7402903	0	0
1134.15	0	.2591511	.7408489	0	0
1133.15	0	.2586	.7414	0	0
1132.15	0	.2580566	.7419434	0	0
1131.15	0	.2575207	.7424793	0	0
1130.15	0	.2569926	.7430074	0	0
1129.15	0	.2564722	.7435278	0	0
1128.15	0	.2559595	.7440405	0	0
1127.15	0	.2554547	.7445453	0	0
1126.15	0	.2549578	.7450422	0	0
1125.15	0	.2544688	.7455312	0	0
1124.15	0	.2539878	.7460122	0	0
1123.15	0	.2535148	.7464852	0	0
1122.15	0	.2530499	.7469501	0	0
1121.15	0	.2525932	.7474068	0	0
1120.15	0	.2521446	.7478554	0	0
1119.15	0	.2517043	.7482957	0	0
1118.15	0	.2512723	.7487277	0	0
1117.15	0	.2508486	.7491514	0	0
1116.15	0	.2504334	.7495666	0	0
1115.15	0	.2500266	.7499734	0	0
1114.15	0	.2496284	.7503716	0	0
1113.15	0	.2492387	.7507613	0	0
1112.15	0	.2488577	.7511424	0	0
1111.15	0	.2484853	.7515147	0	0
1110.15	0	.2481217	.7518783	0	0
1109.15	0	.2477669	.7522331	0	0
1108.15	0	.2474209	.7525791	0	0
1107.15	0	.2470839	.7529161	0	0
1106.15	0	.2467559	.7532441	0	0
1105.15	0	.2464369	.7535631	0	0
1104.15	0	.2461269	.7538731	0	0
1103.15	0	.2458262	.7541738	0	0
1102.15	0	.2455346	.7544654	0	0
1101.15	0	.2452524	.7547476	0	0
1100.15	0	.2449794	.7550206	0	0
1099.15	0	.2447159	.7552841	0	0
1098.15	0	.2444618	.7555382	0	0
1097.15	0	.2442173	.7557827	0	0
1096.15	0	.2439823	.7560177	0	0
1095.15	0	.243757	.756243	0	0
1094.15	0	.2435414	.7564586	0	0
1093.15	0	.2433355	.7566645	0	0
1092.15	0	.2431395	.7568605	0	0
1091.15	0	.2429534	.7570466	0	0
1090.15	0	.2427773	.7572227	0	0
1089.15	0	.2426112	.7573889	0	0
1088.15	0	.2424551	.7575449	0	0
1087.15	0	.2423093	.7576908	0	0
1086.15	0	.2421736	.7578264	0	0
1085.15	0	.2420482	.7579518	0	0
1084.15	0	.2419332	.7580668	0	0
1083.15	0	.2418286	.7581714	0	0
1082.15	0	.2417345	.7582655	0	0
1081.15	0	.241651	.758349	0	0
1080.15	0	.2415781	.7584219	0	0
1079.15	0	.2415158	.7584842	0	0
1078.15	0	.2414643	.7585357	0	0
1077.15	0	.2414237	.7585763	0	0
1076.15	0	.2413939	.7586061	0	0
1075.15	0	.2413751	.7586249	0	0
1074.15	0	.2413673	.7586327	0	0
1073.15	0	.2413706	.7586294	0	0
1072.15	0	.2413851	.7586149	0	0
1071.15	0	.2414108	.7585892	0	0
1070.15	0	.2414479	.7585522	0	0
1069.15	0	.2414962	.7585038	0	0
1068.722	0	.2415205	.7584795	0	0
1068.722	0	.2415205	.7584795	0	0
1068.722	0	.2415205	.7584795	0	0
1068.15	0	.2413019	.7585189	1.792066E-04	0
1067.15	0	.2409289	.7585791	4.920014E-04	0
1066.15	0	.2405678	.7586283	8.038967E-04	0
1065.15	0	.2402188	.7586663	.001114892	0
1064.15	0	.2398819	.7586931	.001424987	0
1063.15	0	.2395572	.7587086	.001734182	0
1062.15	0	.2392447	.7587128	.002042475	0
1061.15	0	.2389446	.7587055	.002349867	0
1060.15	0	.2386569	.7586868	.002656357	0
1059.15	0	.2383817	.7586564	.002961945	0
1058.15	0	.238119	.7586144	.00326663	0
1057.15	0	.2378689	.7585607	.003570411	0
1056.15	0	.2376316	.7584952	.003873288	0
1055.15	0	.237407	.7584178	.00417526	0
1054.15	0	.2371953	.7583284	.004476326	0
1053.15	0	.2369965	.7582271	.004776485	0
1052.15	0	.2368107	.7581136	.005075737	0
1051.15	0	.2366379	.757988	.005374081	0
1050.15	0	.2364784	.7578501	.005671515	0
1049.15	0	.2363321	.7576999	.005968039	0
1048.15	0	.236199	.7575373	.006263651	0
1047.15	0	.2360794	.7573622	.006558351	0
1046.15	0	.2359732	.7571746	.006852137	0
1045.15	0	.2358806	.7569744	.007145008	0
1044.15	0	.2358016	.7567615	.007436963	0
1043.15	0	.2357362	.7565358	.007728	0
1042.15	0	.2356847	.7562972	.008018118	0
1041.15	0	.235647	.7560457	.008307315	0
1040.15	0	.2356232	.7557812	.008595591	0
1039.15	0	.2356134	.7555037	.008882943	0
1038.15	0	.2356177	.755213	.009169369	0
1037.15	0	.2356361	.754909	.009454869	0
1036.15	0	.2356688	.7545918	.00973944	0
1035.15	0	.2357158	.7542611	.01002308	0
1034.15	0	.2357772	.7539171	.01030579	0
1033.15	0	.235853	.7535595	.01058756	0
1032.15	0	.2359434	.7531882	.0108684	0
1031.15	0	.2360484	.7528034	.0111483	0
1030.15	0	.236168	.7524047	.01142726	0
1029.15	0	.2363025	.7519923	.01170527	0
1028.15	0	.2364518	.7515659	.01198234	0
1027.15	0	.236616	.7511256	.01225846	0
1026.15	0	.2367952	.7506712	.01253363	0
1025.15	0	.2369895	.7502027	.01280785	0
1024.15	0	.2371989	.74972	.01308112	0
1023.15	0	.2374235	.7492231	.01335342	0
1022.15	0	.2376634	.7487118	.01362477	0
1021.15	0	.2379187	.7481861	.01389515	0
1020.15	0	.2381895	.747646	.01416457	0
1019.15	0	.2384757	.7470913	.01443302	0
1018.15	0	.2387775	.746522	.01470049	0
1017.15	0	.239095	.745938	.01496699	0
1016.15	0	.2394282	.7453393	.01523251	0
1015.15	0	.2397772	.7447258	.01549705	0
1014.15	0	.240142	.7440974	.0157606	0
1013.15	0	.2405228	.743454	.01602317	0
1012.15	0	.2409196	.7427957	.01628474	0
1011.15	0	.2413324	.7421222	.01654532	0
1010.15	0	.2417614	.7414337	.01680489	0
1009.15	0	.2422066	.74073	.01706346	0
1008.15	0	.242668	.740011	.01732103	0
1007.15	0	.2431458	.7392767	.01757758	0
1006.15	0	.2436399	.738527	.01783311	0
1005.15	0	.2441505	.7377619	.01808763	0
1004.15	0	.2446776	.7369813	.01834112	0
1003.15	0	.2452212	.7361852	.01859358	0
1002.15	0	.2457815	.7353735	.01884501	0
1001.15	0	.2463585	.7345461	.01909539	0
1000.15	0	.2469522	.7337031	.01934474	0
999.15	0	.2475627	.7328443	.01959303	0
998.15	0	.2481901	.7319697	.01984028	0
997.15	0	.2488343	.7310793	.02008646	0
996.15	0	.2494955	.7301729	.02033158	0
995.15	0	.2501737	.7292507	.02057563	0
994.15	0	.2508689	.7283125	.0208186	0
993.15	0	.2515812	.7273583	.02106049	0
992.15	0	.2523107	.726388	.0213013	0
991.15	0	.2530573	.7254017	.02154101	0
990.15	0	.2538211	.7243992	.02177962	0
989.15	0	.2546023	.7233806	.02201713	0
988.15	0	.2554007	.7223458	.02225352	0
987.15	0	.2562164	.7212948	.0224888	0
986.15	0	.2570495	.7202276	.02272295	0
985.15	0	.2579	.719144	.02295597	0
984.15	0	.2587679	.7180442	.02318785	0
983.15	0	.2596533	.7169281	.02341858	0
982.15	0	.2605562	.7157957	.02364816	0
981.15	0	.2614766	.7146469	.02387658	0
980.15	0	.2624145	.7134817	.02410382	0
979.15	0	.26337	.7123002	.02432989	0
978.15	0	.264343	.7111023	.02455477	0
977.15	0	.2653336	.709888	.02477846	0
976.15	0	.2663418	.7086573	.02500094	0
975.15	0	.2673676	.7074102	.02522221	0
974.15	0	.2684111	.7061467	.02544226	0
973.15	0	.2694721	.7048668	.02566108	0
972.15	0	.2705508	.7035705	.02587866	0
971.15	0	.2716472	.7022579	.02609498	0
970.15	0	.2727611	.7009288	.02631005	0
969.15	0	.2738927	.6995834	.02652385	0
968.15	0	.2750419	.6982217	.02673637	0
967.15	0	.2762087	.6968437	.02694759	0
966.15	0	.2773931	.6954494	.02715752	0
965.15	0	.2785951	.6940388	.02736613	0
964.15	0	.2798146	.692612	.02757341	0
963.15	0	.2810517	.6911689	.02777935	0
962.15	0	.2823063	.6897097	.02798395	0
961.15	0	.2835785	.6882344	.02818718	0
960.15	0	.284868	.6867429	.02838904	0
959.15	0	.286175	.6852354	.02858951	0
958.15	0	.2874995	.683712	.02878858	0
957.15	0	.2888412	.6821726	.02898623	0
956.15	0	.2902003	.6806173	.02918245	0
955.15	0	.2915767	.6790461	.02937722	0
954.15	0	.2929702	.6774592	.02957054	0
953.15	0	.294381	.6758566	.02976238	0
952.15	0	.2958088	.6742384	.02995273	0
951.15	0	.2972538	.6726047	.03014157	0
950.15	0	.2987157	.6709554	.03032888	0
949.15	0	.3001945	.6692908	.03051466	0
948.15	0	.3016902	.6676109	.03069887	0
947.15	0	.3032027	.6659158	.03088151	0
946.15	0	.3047319	.6642056	.03106255	0
945.15	0	.3062777	.6624803	.03124197	0
944.15	0	.3078401	.6607402	.03141976	0
943.15	0	.3094189	.6589853	.03159589	0
942.15	0	.311014	.6572156	.03177034	0
941.15	0	.3126254	.6554315	.0319431	0
940.15	0	.314253	.6536329	.03211413	0
939.15	0	.3158967	.6518199	.03228342	0
938.15	0	.3175562	.6499928	.03245095	0
937.15	0	.3192316	.6481517	.03261668	0
936.15	0	.3209228	.6462967	.0327806	0
935.15	0	.3226295	.6444279	.03294267	0
934.15	0	.3243516	.6425455	.03310287	0
933.15	0	.3260891	.6406497	.03326118	0
932.15	0	.3278418	.6387407	.03341756	0
931.15	0	.3296095	.6368185	.033572	0
930.15	0	.3313921	.6348835	.03372444	0
929.15	0	.3331894	.6329357	.03387487	0
928.15	0	.3350013	.6309754	.03402326	0
927.15	0	.3368277	.6290028	.03416956	0
926.15	0	.3386682	.627018	.03431375	0
925.15	0	.3405229	.6250213	.0344558	0
924.15	0	.3423914	.6230129	.03459565	0
923.15	0	.3442737	.6209931	.03473328	0
922.15	0	.3461694	.618962	.03486865	0
921.15	0	.3480784	.6169199	.03500172	0
920.15	0	.3500005	.614867	.03513244	0
919.15	0	.3519096	.6128301	.03526034	0
918.15	0	.3537128	.6109042	.03538306	0
917.15	0	.3555593	.6089382	.03550255	0
916.15	0	.3574467	.6069345	.03561887	0
915.15	0	.3593727	.6048953	.03573206	0
914.15	0	.3613351	.6028228	.03584217	0
913.15	0	.3633318	.600719	.03594924	0
912.15	0	.3653607	.598586	.0360533	0
911.15	0	.36742	.5964256	.03615439	0
910.15	0	.3695077	.5942398	.03625256	0
909.15	0	.371622	.5920302	.03634783	0
908.15	0	.3737613	.5897985	.03644024	0
907.15	0	.3759238	.5875464	.03652982	0
906.15	0	.3781079	.5852755	.03661659	0
905.15	0	.3803121	.5829873	.03670059	0
904.15	0	.3825349	.5806832	.03678185	0
903.15	0	.3847749	.5783647	.0368604	0
902.15	0	.3870307	.5760331	.03693625	0
901.15	0	.3893009	.5736897	.03700945	0
900.15	0	.3915842	.5713358	.03708001	0
899.15	0	.3938794	.5689726	.03714796	0
898.15	0	.3961853	.5666014	.03721332	0
897.15	0	.3985008	.5642231	.03727612	0
896.15	0	.4008246	.5618391	.03733639	0
895.15	0	.4031556	.5594502	.03739415	0
894.15	0	.405493	.5570576	.03744942	0
893.15	0	.4078356	.5546622	.03750223	0
892.15	0	.4101824	.552265	.0375526	0
891.15	0	.4125324	.549867	.03760056	0
890.15	0	.4148849	.547469	.03764613	0
889.15	0	.4172388	.5450719	.03768933	0
888.15	0	.4195933	.5426765	.03773019	0
887.15	0	.4219476	.5402837	.03776873	0
886.15	0	.4243008	.5378942	.03780498	0
885.15	0	.4266522	.5355088	.03783896	0
884.15	0	.429001	.5331283	.0378707	0
883.15	0	.4313466	.5307532	.03790022	0
882.15	0	.4336881	.5283844	.03792754	0
881.15	0	.436025	.5260224	.03795269	0
880.15	0	.4383565	.5236678	.0379757	0
879.15	0	.440682	.5213214	.0379966	0
878.15	0	.4430009	.5189837	.03801539	0
877.15	0	.4453127	.5166552	.03803212	0
876.15	0	.4476168	.5143364	.03804681	0
875.15	0	.4499125	.512028	.03805949	0
874.15	0	.4521995	.5097304	.03807017	0
873.15	0	.4544771	.507444	.0380789	0
872.15	0	.456745	.5051694	.03808568	0
871.15	0	.4590026	.5029069	.03809056	0
870.15	0	.4612494	.500657	.03809355	0
869.15	0	.4634852	.4984201	.03809469	0
868.15	0	.4657094	.4961966	.03809401	0
867.15	0	.4679217	.4939868	.03809151	0
866.15	0	.4701217	.491791	.03808725	0
865.15	0	.4723091	.4896097	.03808124	0
864.15	0	.4744835	.487443	.03807351	0
863.15	0	.4766445	.4852914	.03806409	0
862.15	0	.478792	.483155	.038053	0
861.15	0	.4809256	.4810341	.03804028	0
860.15	0	.483045	.478929	.03802595	0
859.15	0	.4851501	.4768399	.03801004	0
858.15	0	.4872404	.474767	.03799257	0
857.15	0	.4893159	.4727105	.03797358	0
856.15	0	.4913764	.4706706	.03795308	0
855.15	0	.4934215	.4686474	.03793111	0
854.15	0	.4954512	.4666411	.0379077	0
853.15	0	.4974653	.4646518	.03788287	0
852.15	0	.4994637	.4626797	.03785664	0
851.15	0	.5014461	.4607248	.03782905	0
850.15	0	.5034126	.4587873	.03780012	0
849.15	0	.5053629	.4568673	.03776987	0
848.15	0	.5072969	.4549648	.03773834	0
847.15	0	.5092146	.4530798	.03770554	0
846.15	0	.511116	.4512125	.03767151	0
845.15	0	.5130008	.4493629	.03763627	0
844.15	0	.5148692	.447531	.03759984	0
843.15	0	.516721	.4457168	.03756225	0
842.15	0	.5185562	.4439203	.03752352	0
841.15	0	.5203748	.4421415	.03748368	0
840.15	0	.5221768	.4403805	.03744274	0
839.15	0	.5239621	.4386372	.03740075	0
838.15	0	.5257308	.4369115	.0373577	0
837.15	0	.5274829	.4352035	.03731364	0
836.15	0	.5292183	.4335131	.03726858	0
835.15	0	.5309373	.4318402	.03722254	0
834.15	0	.5326396	.4301848	.03717555	0
833.15	0	.5343255	.4285468	.03712763	0
832.15	0	.535995	.4269262	.03707879	0
831.15	0	.5376481	.4253229	.03702906	0
830.15	0	.5392848	.4237367	.03697847	0
829.15	0	.5409053	.4221677	.03692702	0
828.15	0	.5425096	.4206156	.03687474	0
827.15	0	.5440979	.4190805	.03682165	0
826.15	0	.5456701	.4175622	.03676777	0
825.15	0	.5472263	.4160605	.03671311	0
824.15	0	.5487668	.4145755	.0366577	0
823.15	0	.5502915	.413107	.03660155	0
822.15	0	.5518005	.4116548	.03654469	0
821.15	0	.5532941	.4102188	.03648712	0
820.15	0	.5547722	.408799	.03642886	0
819.15	0	.5562349	.4073951	.03636994	0
818.15	0	.5576825	.4060072	.03631037	0
817.15	0	.559115	.4046349	.03625015	0
816.15	0	.5605325	.4032782	.03618933	0
815.15	0	.5619351	.401937	.03612789	0
814.15	0	.563323	.4006111	.03606587	0
813.15	0	.5646963	.3993004	.03600328	0
812.15	0	.5660551	.3980048	.03594012	0
811.15	0	.5673996	.396724	.03587642	0
810.15	0	.5687298	.395458	.03581219	0
809.15	0	.5700459	.3942067	.03574745	0
808.15	0	.571348	.3929698	.0356822	0
807.15	0	.5726363	.3917472	.03561646	0
806.15	0	.5739109	.3905388	.03555025	0
805.15	0	.5751719	.3893445	.03548357	0
804.15	0	.5764194	.3881641	.03541645	0
803.15	0	.5776537	.3869975	.03534888	0
802.15	0	.5788747	.3858444	.03528089	0
801.15	0	.5800826	.3847049	.03521249	0
800.15	0	.5812777	.3835786	.03514368	0
799.15	0	.5824599	.3824656	.03507449	0
798.15	0	.5836295	.3813656	.03500491	0
797.15	0	.5847865	.3802785	.03493497	0
796.15	0	.5859312	.3792042	.03486467	0
795.15	0	.5870635	.3781425	.03479403	0
794.15	0	.5881837	.3770932	.03472305	0
793.15	0	.5892919	.3760564	.03465174	0
792.15	0	.5903882	.3750317	.03458013	0
791.15	0	.5914727	.3740191	.03450821	0
790.15	0	.5925456	.3730184	.03443599	0
789.15	0	.593607	.3720295	.03436349	0
788.15	0	.594657	.3710523	.03429071	0
787.15	0	.5956957	.3700867	.03421767	0
786.15	0	.5967233	.3691324	.03414437	0
785.15	0	.5977398	.3681894	.03407083	0
784.15	0	.5987455	.3672575	.03399705	0
783.15	0	.5997403	.3663367	.03392304	0
782.15	0	.6007245	.3654267	.0338488	0
781.15	0	.6016982	.3645275	.03377436	0
780.15	0	.6026614	.3636389	.03369971	0
779.15	0	.6036143	.3627608	.03362487	0
778.15	0	.604557	.3618932	.03354984	0
777.15	0	.6054896	.3610358	.03347463	0
776.15	0	.6064123	.3601885	.03339925	0
775.15	0	.607325	.3593513	.0333237	0
774.15	0	.6082281	.3585239	.033248	0
773.15	0	.6091214	.3577064	.03317215	0
772.15	0	.6100053	.3568986	.03309615	0
771.15	0	.6108797	.3561003	.03302003	0
770.15	0	.6117447	.3553115	.03294377	0
769.15	0	.6126006	.354532	.03286739	0
768.15	0	.6134473	.3537618	.0327909	0
767.15	0	.614285	.3530007	.0327143	0
766.15	0	.6151138	.3522486	.0326376	0
765.15	0	.6159338	.3515054	.03256081	0
764.15	0	.6167451	.350771	.03248393	0
763.15	0	.6175477	.3500453	.03240696	0
762.15	0	.6183418	.3493283	.03232992	0
761.15	0	.6191275	.3486197	.03225281	0
760.15	0	.6199049	.3479195	.03217563	0
759.15	0	.620674	.3472276	.03209839	0
758.15	0	.6214349	.346544	.0320211	0
757.15	0	.6221878	.3458684	.03194376	0
756.15	0	.6229328	.3452009	.03186638	0
755.15	0	.6236698	.3445412	.03178896	0
754.15	0	.6243991	.3438894	.03171151	0
753.15	0	.6251207	.3432453	.03163402	0
752.15	0	.6258346	.3426088	.03155652	0
751.15	0	.6265411	.3419799	.03147899	0
750.15	0	.6272401	.3413585	.03140146	0
749.15	0	.6279317	.3407444	.03132391	0
748.15	0	.6286161	.3401376	.03124635	0
747.15	0	.6292932	.339538	.0311688	0
746.15	0	.6299633	.3389455	.03109125	0
745.15	0	.6306263	.33836	.0310137	0
744.15	0	.6312823	.3377815	.03093617	0
743.15	0	.6319315	.3372098	.03085865	0
742.15	0	.6325739	.3366449	.03078115	0
741.15	0	.6332096	.3360867	.03070367	0
740.15	0	.6338386	.3355352	.03062622	0
739.15	0	.6344611	.3349901	.03054879	0
738.15	0	.635077	.3344516	.0304714	0
737.15	0	.6356866	.3339194	.03039405	0
736.15	0	.6362897	.3333935	.03031673	0
735.15	0	.6368867	.3328739	.03023945	0
734.15	0	.6374774	.3323604	.03016222	0
733.68	0	.6377529	.3321212	.03012594	0
733.68	0	.6377529	.3321212	.03012594	0
733.68	0	.6377529	.3321212	.03012594	0
733.15	0	.6390895	.3302741	.02953884	.00109759
732.15	0	.6415755	.3268308	.02844091	.003152834
731.15	0	.6440156	.323441	.02735558	.005187885
730.15	0	.6464106	.3201038	.02628264	.007203039
729.15	0	.6487615	.3168181	.02522189	.009198583
728.15	0	.6510692	.3135829	.02417313	.0111748
727.15	0	.6533346	.3103972	.02313616	.01313198
726.15	0	.6555586	.3072602	.02211078	.01507039
725.15	0	.6577421	.3041708	.02109681	.0169903
724.15	0	.6598859	.3011281	.02009405	.01889199
723.15	0	.6619907	.2981312	.01910233	.02077571
722.15	0	.6640575	.2951793	.01812145	.02264172
721.15	0	.666087	.2922714	.01715125	.02449029
720.15	0	.66808	.2894068	.01619154	.02632166
719.15	0	.6700372	.2865845	.01524215	.02813608
718.15	0	.6719594	.2838039	.01430291	.0299338
717.15	0	.6738473	.281064	.01337365	.03171505
716.15	0	.6757017	.2783641	.01245421	.03348007
715.15	0	.6775231	.2757034	.01154443	.03522909
714.15	0	.6793123	.2730812	.01064415	.03696235
713.15	0	.6810699	.2704968	.0097532	.03868007
712.15	0	.6827967	.2679494	.008871443	.04038247
711.15	0	.6844932	.2654383	.007998721	.04206977
710.15	0	.68616	.2629629	.007134887	.04374219
709.15	0	.6877979	.2605224	.006279795	.04539993
708.15	0	.6894073	.2581162	.005433301	.04704321
707.15	0	.6909888	.2557437	.004595264	.04867224
706.15	0	.692543	.2534042	.003765546	.05028721
705.15	0	.6940706	.2510971	.002944012	.05188832
704.15	0	.6955719	.2488218	.002130527	.05347578
703.15	0	.6970477	.2465776	.001324961	.05504976
702.15	0	.6984982	.2443641	5.271852E-04	.05661047
701.4838	0	.6994509	.2429062	0	.05764288
701.4838	0	.6994509	.2429062	0	.05764288
701.15	0	.6995713	.2426509	0	.05777788
700.15	0	.699928	.2418925	0	.0581795
699.15	0	.7002791	.2411439	0	.05857699
698.15	0	.7006246	.240405	0	.05897041
697.15	0	.7009646	.2396756	0	.05935981
696.15	0	.7012991	.2389556	0	.05974523
695.15	0	.7016283	.2382449	0	.06012674
694.15	0	.7019523	.2375433	0	.06050437
693.15	0	.7022711	.2368507	0	.06087818
692.15	0	.7025848	.236167	0	.06124822
691.15	0	.7028936	.2354919	0	.06161453
690.15	0	.7031974	.2348255	0	.06197716
689.15	0	.7034963	.2341675	0	.06233615
688.15	0	.7037905	.2335179	0	.06269156
687.15	0	.70408	.2328766	0	.06304343
686.15	0	.7043649	.2322433	0	.06339181
685.15	0	.7046452	.2316181	0	.06373674
684.15	0	.7049211	.2310007	0	.06407825
683.15	0	.7051925	.2303911	0	.06441641
682.15	0	.7054596	.2297891	0	.06475124
681.15	0	.7057224	.2291948	0	.0650828
680.15	0	.7059811	.2286078	0	.06541113
679.15	0	.7062355	.2280282	0	.06573626
678.15	0	.7064859	.2274558	0	.06605824
677.15	0	.7067323	.2268906	0	.06637711
676.15	0	.7069747	.2263324	0	.06669291
675.15	0	.7072133	.2257811	0	.06700567
674.15	0	.7074479	.2252366	0	.06731545
673.15	0	.7076788	.2246989	0	.06762227
672.15	0	.707906	.2241678	0	.06792618
671.15	0	.7081295	.2236433	0	.06822721
670.15	0	.7083494	.2231252	0	.0685254
669.15	0	.7085658	.2226134	0	.06882079
668.15	0	.7087786	.222108	0	.06911342
667.15	0	.708988	.2216087	0	.06940331
666.15	0	.709194	.2211155	0	.06969051
665.15	0	.7093966	.2206284	0	.06997506
664.15	0	.7095959	.2201471	0	.07025698
663.15	0	.709792	.2196717	0	.07053632
662.15	0	.7099848	.2192021	0	.0708131
661.15	0	.7101745	.2187381	0	.07108736
660.15	0	.7103611	.2182798	0	.07135913
659.15	0	.7105446	.217827	0	.07162844
658.15	0	.7107251	.2173796	0	.07189534
657.15	0	.7109026	.2169376	0	.07215985
656.15	0	.7110771	.2165009	0	.072422
655.15	0	.7112488	.2160694	0	.07268182
654.15	0	.7114176	.2156431	0	.07293934
653.15	0	.7115835	.2152219	0	.0731946
652.15	0	.7117467	.2148056	0	.07344763
651.15	0	.7119072	.2143943	0	.07369845
650.15	0	.712065	.2139879	0	.0739471
649.15	0	.7122201	.2135863	0	.0741936
648.15	0	.7123726	.2131894	0	.07443798
647.15	0	.7125225	.2127972	0	.07468027
646.15	0	.7126698	.2124097	0	.0749205
645.15	0	.7128147	.2120266	0	.0751587
644.15	0	.712957	.2116481	0	.07539489
643.15	0	.7130969	.211274	0	.07562911
642.15	0	.7132344	.2109042	0	.07586137
641.15	0	.7133696	.2105387	0	.0760917
640.15	0	.7135023	.2101775	0	.07632014
639.15	0	.7136328	.2098205	0	.0765467
638.15	0	.713761	.2094676	0	.07677141
637.15	0	.7138869	.2091188	0	.0769943
636.15	0	.7140106	.208774	0	.07721539
635.15	0	.7141321	.2084332	0	.0774347
634.15	0	.7142515	.2080962	0	.07765227
633.15	0	.7143687	.2077632	0	.0778681
632.15	0	.7144839	.2074339	0	.07808224
631.15	0	.7145969	.2071084	0	.07829469
630.15	0	.714708	.2067866	0	.07850549
629.15	0	.714817	.2064684	0	.07871466
628.15	0	.714924	.2061538	0	.07892221
627.15	0	.715029	.2058428	0	.07912817
626.15	0	.7151321	.2055353	0	.07933256
625.15	0	.7152333	.2052313	0	.07953541
624.15	0	.7153326	.2049307	0	.07973673
623.15	0	.7154301	.2046334	0	.07993655
622.15	0	.7155257	.2043395	0	.08013488
621.15	0	.7156195	.2040488	0	.08033175
620.15	0	.7157115	.2037614	0	.08052718
619.15	0	.7158017	.2034771	0	.08072118
618.15	0	.7158902	.203196	0	.08091378
617.15	0	.715977	.202918	0	.081105
616.15	0	.7160621	.2026431	0	.08129485
615.15	0	.7161455	.2023712	0	.08148335
614.15	0	.7162273	.2021022	0	.08167053
613.15	0	.7163074	.2018362	0	.0818564
612.15	0	.7163859	.2015731	0	.08204097
611.15	0	.7164628	.2013129	0	.08222428
610.15	0	.7165382	.2010555	0	.08240632
609.15	0	.716612	.2008008	0	.08258713
608.15	0	.7166843	.200549	0	.08276672
607.15	0	.7167551	.2002998	0	.08294511
606.15	0	.7168244	.2000533	0	.08312231
605.15	0	.7168922	.1998094	0	.08329833
604.15	0	.7169586	.1995682	0	.08347321
603.15	0	.7170236	.1993295	0	.08364694
602.15	0	.7170871	.1990934	0	.08381955
601.15	0	.7171492	.1988597	0	.08399106
600.15	0	.71721	.1986285	0	.08416147
599.15	0	.7172694	.1983998	0	.08433081
598.15	0	.7173275	.1981734	0	.08449909
597.15	0	.7173842	.1979495	0	.08466633
596.15	0	.7174396	.1977278	0	.08483253
595.15	0	.7174938	.1975085	0	.08499771
594.15	0	.7175467	.1972915	0	.0851619
593.15	0	.7175983	.1970766	0	.08532509
592.15	0	.7176486	.1968641	0	.08548731
591.15	0	.7176978	.1966536	0	.08564857
590.15	0	.7177457	.1964454	0	.08580889
589.15	0	.7177925	.1962393	0	.08596827
588.15	0	.717838	.1960352	0	.08612672
587.15	0	.7178824	.1958333	0	.08628428
586.15	0	.7179257	.1956334	0	.08644093
585.15	0	.7179678	.1954355	0	.08659671
584.15	0	.7180088	.1952396	0	.08675161
583.15	0	.7180487	.1950456	0	.08690566
582.15	0	.7180875	.1948536	0	.08705887
581.15	0	.7181252	.1946635	0	.08721124
580.15	0	.7181619	.1944753	0	.08736279
579.15	0	.7181975	.194289	0	.08751353
578.15	0	.7182321	.1941044	0	.08766347
577.15	0	.7182657	.1939217	0	.08781263
576.15	0	.7182982	.1937408	0	.08796101
575.15	0	.7183298	.1935616	0	.08810863
574.15	0	.7183603	.1933842	0	.08825549
573.15	0	.7183899	.1932085	0	.08840161
572.15	0	.7184186	.1930344	0	.088547
571.15	0	.7184463	.1928621	0	.08869167
570.15	0	.718473	.1926914	0	.08883563
569.15	0	.7184989	.1925223	0	.08897888
568.15	0	.7185238	.1923548	0	.08912145
567.15	0	.7185478	.1921888	0	.08926333
566.15	0	.718571	.1920245	0	.08940455
565.15	0	.7185933	.1918616	0	.0895451
564.15	0	.7186147	.1917003	0	.089685
563.15	0	.7186352	.1915405	0	.08982426
562.15	0	.7186556	.1913822	0	.08996225
561.15	0	.7186744	.1912253	0	.09010028
560.15	0	.7186925	.1910698	0	.09023769
559.15	0	.7187097	.1909158	0	.09037449
558.15	0	.7187262	.1907631	0	.09051069
557.15	0	.7187418	.1906119	0	.09064631
556.15	0	.7187567	.1904619	0	.09078134
555.15	0	.7187708	.1903134	0	.09091581
554.15	0	.7187842	.1901661	0	.09104971
553.15	0	.7187968	.1900201	0	.09118305
552.15	0	.7188087	.1898754	0	.09131585
551.15	0	.7188199	.189732	0	.09144811
550.15	0	.7188303	.1895898	0	.09157983
549.15	0	.7188401	.1894489	0	.09171104
548.15	0	.7188491	.1893091	0	.09184172
547.15	0	.7188575	.1891706	0	.0919719
546.15	0	.7188652	.1890332	0	.09210158
545.15	0	.7188722	.188897	0	.09223077
544.15	0	.7188786	.1887619	0	.09235947
543.15	0	.7188843	.188628	0	.09248769
542.15	0	.7188894	.1884952	0	.09261544
541.15	0	.7188938	.1883634	0	.09274272
540.15	0	.7188977	.1882328	0	.09286954
539.15	0	.7189009	.1881032	0	.09299592
538.15	0	.7189035	.1879747	0	.09312185
537.15	0	.7189055	.1878471	0	.09324734
536.15	0	.718907	.1877207	0	.09337241
535.15	0	.7189078	.1875952	0	.09349704
534.15	0	.7189081	.1874707	0	.09362126
533.15	0	.7189078	.1873471	0	.09374507
532.15	0	.718907	.1872246	0	.09386847
531.15	0	.7189056	.1871029	0	.09399147
530.15	0	.7189037	.1869822	0	.09411408
529.15	0	.7189012	.1868625	0	.0942363
528.15	0	.7188983	.1867436	0	.09435814
527.15	0	.7188948	.1866256	0	.0944796
526.15	0	.7188908	.1865085	0	.0946007
525.15	0	.7188863	.1863922	0	.09472142
524.15	0	.7188814	.1862768	0	.09484179
523.15	0	.7188759	.1861623	0	.09496181
522.15	0	.71887	.1860485	0	.09508147
521.15	0	.7188636	.1859356	0	.0952008
520.15	0	.7188568	.1858235	0	.09531978
519.15	0	.7188494	.1857121	0	.09543844
518.15	0	.7188417	.1856015	0	.09555677
517.15	0	.7188335	.1854917	0	.09567477
516.15	0	.7188249	.1853827	0	.09579246
515.15	0	.7188158	.1852743	0	.09590983
514.15	0	.7188064	.1851667	0	.0960269
513.15	0	.7187965	.1850598	0	.09614367
512.15	0	.7187862	.1849537	0	.09626013
511.15	0	.7187755	.1848482	0	.09637631
510.15	0	.7187645	.1847433	0	.09649219
509.15	0	.718753	.1846392	0	.09660779
508.15	0	.7187412	.1845357	0	.09672311
507.15	0	.718729	.1844328	0	.09683816
506.15	0	.7187165	.1843306	0	.09695294
505.15	0	.7187036	.184229	0	.09706745
504.15	0	.7186903	.184128	0	.09718169
503.15	0	.7186767	.1840276	0	.09729568
502.15	0	.7186627	.1839279	0	.09740942
501.15	0	.7186485	.1838286	0	.0975229
500.15	0	.7186339	.18373	0	.09763614
499.15	0	.7186189	.1836319	0	.09774914
498.15	0	.7186037	.1835344	0	.0978619
497.15	0	.7185882	.1834374	0	.09797442
496.15	0	.7185723	.183341	0	.09808671
495.15	0	.7185562	.183245	0	.09819878
494.15	0	.7185398	.1831496	0	.09831062
493.15	0	.7185231	.1830547	0	.09842225
492.15	0	.7185061	.1829603	0	.09853366
491.15	0	.7184888	.1828663	0	.09864486
490.15	0	.7184713	.1827728	0	.09875585
489.15	0	.7184535	.1826798	0	.09886663
488.15	0	.7184355	.1825873	0	.09897721
487.15	0	.7184172	.1824952	0	.09908759
486.15	0	.7183987	.1824035	0	.09919778
485.15	0	.7183799	.1823123	0	.09930778
484.15	0	.7183609	.1822215	0	.09941759
483.15	0	.7183417	.1821311	0	.09952721
482.15	0	.7183223	.1820411	0	.09963665
481.15	0	.7183026	.1819515	0	.09974591
480.15	0	.7182827	.1818623	0	.09985499
479.15	0	.7182627	.1817734	0	.0999639
478.15	0	.7182424	.181685	0	.1000726
477.15	0	.7182219	.1815969	0	.1001812
476.15	0	.7182013	.1815091	0	.1002896
475.15	0	.7181804	.1814217	0	.1003979
474.15	0	.7181594	.1813346	0	.100506
473.15	0	.7181382	.1812479	0	.1006139
472.15	0	.7181168	.1811615	0	.1007217
471.15	0	.7180953	.1810754	0	.1008293
470.15	0	.7180736	.1809896	0	.1009368
469.15	0	.7180518	.1809041	0	.1010441
468.15	0	.7180298	.1808189	0	.1011513
467.15	0	.7180077	.180734	0	.1012584
466.15	0	.7179854	.1806494	0	.1013653
465.15	0	.7179629	.180565	0	.101472
464.15	0	.7179404	.1804809	0	.1015787
463.15	0	.7179177	.1803971	0	.1016852
462.15	0	.7178949	.1803135	0	.1017916
461.15	0	.717872	.1802301	0	.1018979
460.15	0	.717849	.180147	0	.102004
459.15	0	.7178259	.1800641	0	.10211
458.15	0	.7178026	.1799814	0	.1022159
457.15	0	.7177793	.179899	0	.1023217
456.15	0	.7177559	.1798168	0	.1024274
455.15	0	.7177324	.1797347	0	.1025329
454.15	0	.7177088	.1796529	0	.1026383
453.15	0	.7176851	.1795712	0	.1027437
452.15	0	.7176613	.1794898	0	.1028489
451.15	0	.7176375	.1794085	0	.102954
450.15	0	.7176136	.1793274	0	.1030591
449.15	0	.7175897	.1792463	0	.103164
448.15	0	.7175657	.1791654	0	.1032688
447.15	0	.7175417	.1790847	0	.1033736
446.15	0	.7175177	.179004	0	.1034782
445.15	0	.7174937	.1789235	0	.1035828
444.15	0	.7174696	.1788431	0	.1036873
443.15	0	.7174455	.1787627	0	.1037917
442.15	0	.7174215	.1786825	0	.1038961
441.15	0	.7173975	.1786022	0	.1040003
440.15	0	.7173734	.1785221	0	.1041045
439.15	0	.7173495	.1784419	0	.1042086
438.15	0	.7173255	.1783618	0	.1043127
437.15	0	.7173016	.1782817	0	.1044166
436.15	0	.7172778	.1782016	0	.1045206
435.15	0	.7172541	.1781215	0	.1046244
434.15	0	.7172304	.1780414	0	.1047282
433.15	0	.7172068	.1779612	0	.104832
432.15	0	.7171833	.177881	0	.1049357
431.15	0	.7171598	.1778008	0	.1050394
430.15	0	.7171365	.1777205	0	.105143
429.15	0	.7171133	.1776402	0	.1052465
428.15	0	.7170902	.1775597	0	.1053501
427.15	0	.7170672	.1774792	0	.1054535
426.15	0	.7170444	.1773987	0	.105557
425.15	0	.7170217	.177318	0	.1056604
424.15	0	.7169991	.1772372	0	.1057637
423.15	0	.7169766	.1771563	0	.1058671
422.15	0	.7169543	.1770753	0	.1059703
421.15	0	.7169322	.1769942	0	.1060736
420.15	0	.7169102	.176913	0	.1061768
419.15	0	.7168884	.1768316	0	.10628
418.15	0	.7168667	.1767501	0	.1063832
417.15	0	.7168452	.1766685	0	.1064863
416.15	0	.7168239	.1765867	0	.1065894
415.15	0	.7168027	.1765048	0	.1066925
414.15	0	.7167817	.1764227	0	.1067956
413.15	0	.7167609	.1763405	0	.1068986
412.15	0	.7167403	.1762581	0	.1070016
411.15	0	.7167199	.1761756	0	.1071046
410.15	0	.7166996	.1760928	0	.1072075
409.15	0	.7166796	.1760099	0	.1073105
408.15	0	.7166597	.1759269	0	.1074134
407.15	0	.7166401	.1758436	0	.1075163
406.15	0	.7166206	.1757602	0	.1076192
405.15	0	.7166014	.1756766	0	.107722
404.15	0	.7165823	.1755928	0	.1078249
403.15	0	.7165634	.1755089	0	.1079277
402.15	0	.7165448	.1754247	0	.1080305
401.15	0	.7165263	.1753404	0	.1081333
400.15	0	.7165081	.1752558	0	.1082361
399.15	0	.7164901	.1751711	0	.1083388
398.15	0	.7164723	.1750862	0	.1084416
397.15	0	.7164547	.175001	0	.1085443
396.15	0	.7164373	.1749157	0	.108647
395.15	0	.7164201	.1748302	0	.1087497
394.15	0	.7164031	.1747445	0	.1088524
393.15	0	.7163864	.1746586	0	.108955
392.15	0	.7163698	.1745725	0	.1090577
391.15	0	.7163535	.1744862	0	.1091603
390.15	0	.7163374	.1743997	0	.1092629
389.15	0	.7163215	.174313	0	.1093655
388.15	0	.7163058	.1742261	0	.1094681
387.15	0	.7162903	.174139	0	.1095707
386.15	0	.7162751	.1740517	0	.1096732
385.15	0	.71626	.1739642	0	.1097758
384.15	0	.7162452	.1738765	0	.1098783
