T	 BPW(LIQUID)	BPW(BCC_A2)	BPW(FCC_A1)	BPW(LAVES_PHASE_C14)	BPW(NI3TI)
1473.15	0	.6018877	.3981123	0	0
1472.15	0	.5998268	.4001732	0	0
1471.15	0	.5977722	.4022278	0	0
1470.15	0	.5957239	.4042761	0	0
1469.15	0	.593682	.406318	0	0
1468.15	0	.5916464	.4083536	0	0
1467.15	0	.5896172	.4103828	0	0
1466.15	0	.5875942	.4124058	0	0
1465.15	0	.5855776	.4144224	0	0
1464.15	0	.5835672	.4164328	0	0
1463.15	0	.5815631	.4184369	0	0
1462.15	0	.5795653	.4204347	0	0
1461.15	0	.5775738	.4224262	0	0
1460.15	0	.5755885	.4244115	0	0
1459.15	0	.5736095	.4263905	0	0
1458.15	0	.5716367	.4283633	0	0
1457.15	0	.5696702	.4303298	0	0
1456.15	0	.5677099	.4322901	0	0
1455.15	0	.5657558	.4342442	0	0
1454.15	0	.563808	.436192	0	0
1453.15	0	.5618663	.4381337	0	0
1452.15	0	.5599309	.4400691	0	0
1451.15	0	.5580017	.4419983	0	0
1450.15	0	.5560786	.4439214	0	0
1449.15	0	.5541618	.4458382	0	0
1448.15	0	.5522511	.4477489	0	0
1447.15	0	.5503466	.4496534	0	0
1446.15	0	.5484482	.4515518	0	0
1445.15	0	.5465561	.4534439	0	0
1444.15	0	.54467	.45533	0	0
1443.15	0	.5427901	.4572099	0	0
1442.15	0	.5409164	.4590836	0	0
1441.15	0	.5390488	.4609512	0	0
1440.15	0	.5371873	.4628127	0	0
1439.15	0	.535332	.464668	0	0
1438.15	0	.5334827	.4665173	0	0
1437.15	0	.5316396	.4683604	0	0
1436.15	0	.5298026	.4701974	0	0
1435.15	0	.5279717	.4720283	0	0
1434.15	0	.5261469	.4738531	0	0
1433.15	0	.5243281	.4756719	0	0
1432.15	0	.5225155	.4774845	0	0
1431.15	0	.5207089	.4792911	0	0
1430.15	0	.5189085	.4810915	0	0
1429.15	0	.517114	.482886	0	0
1428.15	0	.5153257	.4846743	0	0
1427.15	0	.5135434	.4864566	0	0
1426.15	0	.5117672	.4882328	0	0
1425.15	0	.509997	.490003	0	0
1424.15	0	.5082329	.4917671	0	0
1423.15	0	.5064748	.4935252	0	0
1422.15	0	.5047228	.4952772	0	0
1421.15	0	.5029768	.4970232	0	0
1420.15	0	.5012368	.4987632	0	0
1419.15	0	.4995029	.5004971	0	0
1418.15	0	.497775	.502225	0	0
1417.15	0	.4960531	.5039469	0	0
1416.15	0	.4943372	.5056628	0	0
1415.15	0	.4926273	.5073727	0	0
1414.15	0	.4909235	.5090765	0	0
1413.15	0	.4892256	.5107744	0	0
1412.15	0	.4875338	.5124662	0	0
1411.15	0	.4858479	.5141521	0	0
1410.15	0	.4841681	.5158319	0	0
1409.15	0	.4824942	.5175058	0	0
1408.15	0	.4808264	.5191736	0	0
1407.15	0	.4791645	.5208355	0	0
1406.15	0	.4775086	.5224914	0	0
1405.15	0	.4758587	.5241413	0	0
1404.15	0	.4742148	.5257852	0	0
1403.15	0	.4725768	.5274232	0	0
1402.15	0	.4709449	.5290551	0	0
1401.15	0	.4693189	.5306811	0	0
1400.15	0	.4676989	.5323012	0	0
1399.15	0	.4660848	.5339152	0	0
1398.15	0	.4644767	.5355233	0	0
1397.15	0	.4628746	.5371254	0	0
1396.15	0	.4612784	.5387216	0	0
1395.15	0	.4596882	.5403118	0	0
1394.15	0	.458104	.541896	0	0
1393.15	0	.4565257	.5434742	0	0
1392.15	0	.4549534	.5450466	0	0
1391.659	0	.4541837	.5458163	0	0
1391.659	0	.4541837	.5458163	0	0
1391.659	0	.4541837	.5458163	0	0
1391.15	0	.452521	.5471603	3.186683E-04	0
1390.15	0	.4492621	.5497949	9.429828E-04	0
1389.15	0	.4460129	.5524221	.001565023	0
1388.15	0	.4427733	.5550419	.002184799	0
1387.15	0	.4395435	.5576542	.002802321	0
1386.15	0	.4363233	.5602591	.003417597	0
1385.15	0	.4331127	.5628567	.004030638	0
1384.15	0	.4299118	.5654468	.004641452	0
1383.15	0	.4267205	.5680295	.00525005	0
1382.15	0	.4235388	.5706048	.00585644	0
1381.15	0	.4203667	.5731727	.006460631	0
1380.15	0	.4172041	.5757333	.007062633	0
1379.15	0	.4140511	.5782864	.007662456	0
1378.15	0	.4109077	.5808322	.008260107	0
1377.15	0	.4077738	.5833706	.008855596	0
1376.15	0	.4046494	.5859016	.009448932	0
1375.15	0	.4015346	.5884253	.01004012	0
1374.15	0	.3984292	.5909416	.01062918	0
1373.15	0	.3953333	.5934506	.01121611	0
1372.15	0	.3922469	.5959522	.01180092	0
1371.15	0	.38917	.5984464	.01238362	0
1370.15	0	.3861025	.6009333	.01296423	0
1369.15	0	.3830444	.6034129	.01354274	0
1368.15	0	.3799958	.6058851	.01411916	0
1367.15	0	.3769566	.6083499	.01469351	0
1366.15	0	.3739268	.6108074	.0152658	0
1365.15	0	.3709064	.6132576	.01583602	0
1364.15	0	.3678954	.6157004	.0164042	0
1363.15	0	.3648938	.6181359	.01697033	0
1362.15	0	.3619015	.620564	.01753443	0
1361.15	0	.3589187	.6229848	.0180965	0
1360.15	0	.3559451	.6253983	.01865656	0
1359.15	0	.352981	.6278044	.01921461	0
1358.15	0	.3500262	.6302032	.01977065	0
1357.15	0	.3470807	.6325946	.0203247	0
1356.15	0	.3441445	.6349787	.02087677	0
1355.15	0	.3412177	.6373555	.02142685	0
1354.15	0	.3383001	.6397249	.02197497	0
1353.15	0	.3353919	.642087	.02252112	0
1352.15	0	.332493	.6444417	.02306532	0
1351.15	0	.3296034	.6467891	.02360757	0
1350.15	0	.326723	.6491291	.02414788	0
1349.15	0	.323852	.6514618	.02468625	0
1348.15	0	.3209903	.6537871	.0252227	0
1347.15	0	.3181378	.656105	.02575724	0
1346.15	0	.3152946	.6584156	.02628986	0
1345.15	0	.3124607	.6607188	.02682058	0
1344.15	0	.309636	.6630146	.02734941	0
1343.15	0	.3068206	.6653031	.02787634	0
1342.15	0	.3040145	.6675841	.0284014	0
1341.15	0	.3012176	.6698578	.02892458	0
1340.15	0	.29843	.6721241	.02944589	0
1339.15	0	.2956517	.674383	.02996534	0
1338.15	0	.2928826	.6766345	.03048294	0
1337.15	0	.2901228	.6788786	.03099869	0
1336.15	0	.2873722	.6811152	.0315126	0
1335.15	0	.2846309	.6833444	.03202468	0
1334.15	0	.2818988	.6855663	.03253493	0
1333.15	0	.279176	.6877806	.03304337	0
1332.15	0	.2764625	.6899875	.03354999	0
1331.15	0	.2737582	.692187	.0340548	0
1330.15	0	.2710632	.694379	.03455782	0
1329.15	0	.2683774	.6965635	.03505904	0
1328.15	0	.2657009	.6987406	.03555847	0
1327.15	0	.2630337	.7009102	.03605613	0
1326.15	0	.2603758	.7030722	.03655201	0
1325.15	0	.2577271	.7052268	.03704612	0
1324.15	0	.2550877	.7073739	.03753848	0
1323.15	0	.2524576	.7095134	.03802908	0
1322.15	0	.2498367	.7116453	.03851793	0
1321.15	0	.2472252	.7137698	.03900503	0
1320.15	0	.244623	.7158866	.0394904	0
1319.15	0	.24203	.7179959	.03997405	0
1318.15	0	.2394464	.7200976	.04045596	0
1317.15	0	.2368721	.7221917	.04093616	0
1316.15	0	.2343071	.7242782	.04141465	0
1315.15	0	.2317515	.7263571	.04189143	0
1314.15	0	.2292052	.7284283	.04236651	0
1313.15	0	.2266682	.7304919	.0428399	0
1312.15	0	.2241406	.7325478	.0433116	0
1311.15	0	.2216223	.734596	.04378161	0
1310.15	0	.2191135	.7366366	.04424995	0
1309.15	0	.216614	.7386694	.04471662	0
1308.15	0	.2141239	.7406945	.04518162	0
1307.15	0	.2116432	.7427118	.04564496	0
1306.15	0	.2091719	.7447214	.04610665	0
1305.15	0	.2067101	.7467232	.04656669	0
1304.15	0	.2042577	.7487173	.04702508	0
1303.15	0	.2018147	.7507035	.04748184	0
1302.15	0	.1993812	.7526818	.04793696	0
1301.15	0	.1969572	.7546524	.04839046	0
1300.15	0	.1945427	.756615	.04884233	0
1299.15	0	.1921376	.7585698	.04929259	0
1298.15	0	.1897421	.7605167	.04974124	0
1297.15	0	.1873561	.7624556	.05018828	0
1296.15	0	.1849797	.7643866	.05063372	0
1295.15	0	.1826128	.7663096	.05107756	0
1294.15	0	.1802556	.7682246	.05151982	0
1293.15	0	.1779079	.7701317	.05196048	0
1292.15	0	.1755698	.7720306	.05239957	0
1291.15	0	.1732413	.7739216	.05283708	0
1290.15	0	.1709226	.7758044	.05327302	0
1289.15	0	.1686134	.7776792	.0537074	0
1288.15	0	.166314	.7795458	.05414021	0
1287.15	0	.1640243	.7814043	.05457147	0
1286.15	0	.1617443	.7832546	.05500117	0
1285.15	0	.159474	.7850967	.05542934	0
1284.15	0	.1572135	.7869305	.05585595	0
1283.15	0	.1549628	.7887561	.05628104	0
1282.15	0	.1527219	.7905735	.05670458	0
1281.15	0	.1504909	.7923825	.05712661	0
1280.15	0	.1482697	.7941832	.05754711	0
1279.15	0	.1460584	.7959755	.05796609	0
1278.15	0	.143857	.7977595	.05838355	0
1277.15	0	.1416655	.799535	.05879951	0
1276.15	0	.139484	.8013021	.05921396	0
1275.15	0	.1373124	.8030606	.05962691	0
1274.15	0	.1351509	.8048107	.06003837	0
1273.15	0	.1329994	.8065523	.06044833	0
1272.15	0	.130858	.8082852	.06085681	0
1271.15	0	.1287266	.8100096	.0612638	0
1270.15	0	.1266054	.8117253	.06166931	0
1269.15	0	.1244943	.8134324	.06207335	0
1268.15	0	.1223934	.8151307	.06247592	0
1267.15	0	.1203026	.8168203	.06287703	0
1266.15	0	.1182222	.8185012	.06327667	0
1265.15	0	.1161519	.8201732	.06367485	0
1264.15	0	.114092	.8218364	.06407158	0
1263.15	0	.1120424	.8234907	.06446685	0
1262.15	0	.1100032	.8251361	.06486069	0
1261.15	0	.1079744	.8267726	.06525308	0
1260.15	0	.105956	.8284	.06564403	0
1259.15	0	.103948	.8300184	.06603355	0
1258.15	0	.1019506	.8316278	.06642164	0
1257.15	0	.09996366	.833228	.0668083	0
1256.15	0	.09798732	.8348191	.06719354	0
1255.15	0	.09602159	.836401	.06757736	0
1254.15	0	.0940665	.8379737	.06795977	0
1253.15	0	.09212209	.8395371	.06834076	0
1252.15	0	.0901884	.8410913	.06872035	0
1251.15	0	.08826548	.842636	.06909853	0
1250.15	0	.08635335	.8441713	.06947532	0
1249.15	0	.08445206	.8456972	.0698507	0
1248.15	0	.08256166	.8472137	.0702247	0
1247.15	0	.08068217	.8487205	.0705973	0
1246.15	0	.07881366	.8502178	.07096852	0
1245.15	0	.07695615	.8517055	.07133836	0
1244.15	0	.07510969	.8531835	.07170682	0
1243.15	0	.07327433	.8546518	.0720739	0
1242.15	0	.07145011	.8561103	.07243961	0
1241.15	0	.06963707	.857559	.07280395	0
1240.15	0	.06783527	.8589978	.07316693	0
1239.15	0	.06604475	.8604267	.07352854	0
1238.15	0	.06426556	.8618456	.0738888	0
1237.15	0	.06249774	.8632546	.0742477	0
1236.15	0	.06074134	.8646534	.07460525	0
1235.15	0	.05899642	.8660421	.07496145	0
1234.15	0	.05726302	.8674207	.07531631	0
1233.15	0	.05554119	.868789	.07566982	0
1232.15	0	.05383099	.870147	.076022	0
1231.15	0	.05213247	.8714947	.07637283	0
1230.15	0	.05044568	.872832	.07672234	0
1229.15	0	.04877068	.8741588	.07707052	0
1228.15	0	.04710751	.8754751	.07741737	0
1227.15	0	.04545623	.8767809	.07776289	0
1226.15	0	.04381691	.878076	.0781071	0
1225.15	0	.04218959	.8793604	.07844999	0
1224.15	0	.04057433	.8806341	.07879156	0
1223.15	0	.03897119	.881897	.07913182	0
1222.15	0	.03738024	.883149	.07947077	0
1221.15	0	.03580151	.8843901	.07980842	0
1220.15	0	.03423509	.8856201	.08014477	0
1219.15	0	.03268102	.8868392	.08047981	0
1218.15	0	.03113937	.8880471	.08081356	0
1217.15	0	.0296102	.8892438	.08114602	0
1216.15	0	.02809358	.8904292	.08147718	0
1215.15	0	.02658956	.8916034	.08180705	0
1214.15	0	.02509821	.8927661	.08213564	0
1213.15	0	.0236196	.8939175	.08246295	0
1212.15	0	.02215379	.8950572	.08278897	0
1211.15	0	.02070084	.8961854	.08311372	0
1210.15	0	.01926083	.897302	.08343719	0
1209.15	0	.01783382	.8984068	.0837594	0
1208.15	0	.01641988	.8994998	.08408033	0
1207.15	0	.01501908	.9005809	.08439999	0
1206.15	0	.01363149	.9016501	.08471839	0
1205.15	0	.01225718	.9027073	.08503553	0
1204.15	0	.01089621	.9037524	.08535141	0
1203.15	0	.009548671	.9047853	.08566603	0
1202.15	0	.008214624	.905806	.0859794	0
1201.15	0	.006894144	.9068143	.08629152	0
1200.15	0	.005587306	.9078103	.08660239	0
1199.15	0	.004294184	.9087938	.08691202	0
1198.15	0	.003014854	.9097648	.0872204	0
1197.15	0	.001749392	.9107231	.08752754	0
1196.15	0	4.978745E-04	.9116687	.08783344	0
1195.749	0	0	.9120443	.08795575	0
1195.749	0	0	.9120443	.08795575	0
1195.15	0	0	.9118867	.08811331	0
1194.15	0	0	.9116241	.0883759	0
1193.15	0	0	.911362	.08863796	0
1192.15	0	0	.9111005	.08889949	0
1191.15	0	0	.9108395	.08916049	0
1190.15	0	0	.910579	.08942096	0
1189.15	0	0	.9103191	.08968089	0
1188.15	0	0	.9100597	.0899403	0
1187.15	0	0	.9098003	.09019967	0
1186.15	0	0	.909542	.09045802	0
1185.15	0	0	.9092842	.09071584	0
1184.15	0	0	.9090269	.09097313	0
1183.15	0	0	.9087701	.0912299	0
1182.15	0	0	.9085139	.09148614	0
1181.15	0	0	.9082581	.09174186	0
1180.15	0	0	.908003	.09199705	0
1179.15	0	0	.9077483	.09225171	0
1178.15	0	0	.9074941	.09250586	0
1177.15	0	0	.9072405	.09275948	0
1176.15	0	0	.9069874	.09301257	0
1175.15	0	0	.9067348	.09326515	0
1174.15	0	0	.9064828	.0935172	0
1173.15	0	0	.9062313	.09376874	0
1172.15	0	0	.9059803	.09401975	0
1171.15	0	0	.9057298	.09427025	0
1170.15	0	0	.9054798	.09452022	0
1169.15	0	0	.9052303	.09476968	0
1168.15	0	0	.9049814	.09501862	0
1167.15	0	0	.904733	.09526704	0
1166.15	0	0	.9044851	.09551495	0
1165.15	0	0	.9042377	.09576234	0
1164.15	0	0	.9039908	.09600922	0
1163.15	0	0	.9037444	.09625558	0
1162.15	0	0	.9034986	.09650143	0
1161.15	0	0	.9032532	.09674676	0
1160.15	0	0	.9030084	.09699158	0
1159.15	0	0	.9027641	.09723589	0
1158.15	0	0	.9025203	.09747969	0
1157.15	0	0	.902277	.09772298	0
1156.15	0	0	.9020342	.09796576	0
1155.15	0	0	.901792	.09820802	0
1154.15	0	0	.9015502	.09844978	0
1153.15	0	0	.901309	.09869103	0
1152.15	0	0	.9010682	.09893177	0
1151.15	0	0	.900828	.099172	0
1150.15	0	0	.9005883	.09941173	0
1149.15	0	0	.900349	.09965095	0
1148.15	0	0	.9001103	.09988966	0
1147.15	0	0	.8998721	.1001279	0
1146.15	0	0	.8996344	.1003656	0
1145.15	0	0	.8993972	.1006028	0
1144.15	0	0	.8991605	.1008395	0
1143.15	0	0	.8989244	.1010757	0
1142.15	0	0	.8986887	.1013113	0
1141.15	0	0	.8984535	.1015465	0
1140.15	0	0	.8982188	.1017812	0
1139.15	0	0	.8979846	.1020154	0
1138.15	0	0	.8977509	.1022491	0
1137.15	0	0	.8975177	.1024823	0
1136.15	0	0	.8972851	.1027149	0
1135.15	0	0	.8970529	.1029471	0
1134.15	0	0	.8968212	.1031788	0
1133.15	0	0	.89659	.10341	0
1132.15	0	0	.8963593	.1036407	0
1131.15	0	0	.8961291	.1038709	0
1130.15	0	0	.8958994	.1041006	0
1129.15	0	0	.8956702	.1043298	0
1128.15	0	0	.8954415	.1045585	0
1127.15	0	0	.8952133	.1047867	0
1126.15	0	0	.8949856	.1050144	0
1125.15	0	0	.8947584	.1052416	0
1124.15	0	0	.8945316	.1054684	0
1123.15	0	0	.8943054	.1056946	0
1122.15	0	0	.8940797	.1059203	0
1121.15	0	0	.8938544	.1061456	0
1120.15	0	0	.8936296	.1063704	0
1119.15	0	0	.8934054	.1065946	0
1118.15	0	0	.8931816	.1068184	0
1117.15	0	0	.8929583	.1070417	0
1116.15	0	0	.8927355	.1072645	0
1115.15	0	0	.8925132	.1074868	0
1114.15	0	0	.8922914	.1077086	0
1113.15	0	0	.89207	.10793	0
1112.15	0	0	.8918492	.1081508	0
1111.15	0	0	.8916288	.1083712	0
1110.15	0	0	.891409	.108591	0
1109.15	0	0	.8911896	.1088104	0
1108.15	0	0	.8909707	.1090293	0
1107.15	0	0	.8907523	.1092477	0
1106.15	0	0	.8905343	.1094657	0
1105.15	0	0	.8903169	.1096831	0
1104.15	0	0	.8900999	.1099001	0
1103.15	0	0	.8898834	.1101166	0
1102.15	0	0	.8896675	.1103326	0
1101.15	0	0	.8894519	.1105481	0
1100.15	0	0	.8892369	.1107631	0
1099.15	0	0	.8890223	.1109776	0
1098.15	0	0	.8888083	.1111917	0
1097.15	0	0	.8885947	.1114053	0
1096.15	0	0	.8883816	.1116184	0
1095.15	0	0	.888169	.111831	0
1094.15	0	0	.8879568	.1120432	0
1093.15	0	0	.8877451	.1122549	0
1092.15	0	0	.887534	.1124661	0
1091.15	0	0	.8873232	.1126768	0
1090.15	0	0	.887113	.112887	0
1089.15	0	0	.8869033	.1130967	0
1088.15	0	0	.886694	.113306	0
1087.15	0	0	.8864852	.1135148	0
1086.15	0	0	.8862768	.1137232	0
1085.15	0	0	.886069	.113931	0
1084.15	0	0	.8858616	.1141384	0
1083.15	0	0	.8856547	.1143453	0
1082.15	0	0	.8854483	.1145517	0
1081.15	0	0	.8852423	.1147577	0
1080.15	0	0	.8850368	.1149632	0
1079.15	0	0	.8848318	.1151682	0
1078.15	0	0	.8846273	.1153727	0
1077.15	0	0	.8844232	.1155768	0
1076.15	0	0	.8842196	.1157804	0
1075.15	0	0	.8840165	.1159835	0
1074.15	0	0	.8838139	.1161861	0
1073.15	0	0	.8836117	.1163883	0
1072.15	0	0	.88341	.11659	0
1071.15	0	0	.8832087	.1167913	0
1070.15	0	0	.883008	.116992	0
1069.15	0	0	.8828077	.1171923	0
1068.15	0	0	.8826078	.1173922	0
1067.15	0	0	.8824085	.1175915	0
1066.15	0	0	.8822096	.1177904	0
1065.15	0	0	.8820111	.1179889	0
1064.15	0	0	.8818132	.1181868	0
1063.15	0	0	.8816157	.1183843	0
1062.15	0	0	.8814187	.1185814	0
1061.15	0	0	.8812221	.1187779	0
1060.15	0	0	.881026	.118974	0
1059.15	0	0	.8808304	.1191696	0
1059.03	0	0	.8808069	.1191931	0
1059.03	0	0	.8808069	.1191931	0
1059.03	0	0	.8808069	.1191931	0
1058.15	0	.001309528	.8793548	.1193356	0
1057.15	0	.00281973	.8776834	.1194969	0
1056.15	0	.004352895	.8759897	.1196574	0
1055.15	0	.005908963	.8742739	.1198171	0
1054.15	0	.00748787	.872536	.1199761	0
1053.15	0	.00908955	.8707761	.1201343	0
1052.15	0	.01071393	.8689942	.1202918	0
1051.15	0	.01236094	.8671905	.1204486	0
1050.15	0	.01403051	.8653649	.1206046	0
1049.15	0	.01572254	.8635176	.1207599	0
1048.15	0	.01743696	.8616486	.1209144	0
1047.15	0	.01917367	.8597581	.1210683	0
1046.15	0	.0209326	.857846	.1212214	0
1045.15	0	.02271363	.8559126	.1213738	0
1044.15	0	.02451668	.8539578	.1215255	0
1043.15	0	.02634165	.8519818	.1216765	0
1042.15	0	.02818842	.8499847	.1218269	0
1041.15	0	.03005689	.8479666	.1219765	0
1040.15	0	.03194695	.8459276	.1221254	0
1039.15	0	.03385847	.8438678	.1222737	0
1038.15	0	.03579136	.8417873	.1224213	0
1037.15	0	.03774547	.8396863	.1225682	0
1036.15	0	.03972069	.8375648	.1227145	0
1035.15	0	.04171688	.835423	.1228601	0
1034.15	0	.04373392	.833261	.123005	0
1033.15	0	.04577166	.831079	.1231493	0
1032.15	0	.04782998	.8288771	.123293	0
1031.15	0	.04990872	.8266553	.123436	0
1030.15	0	.05200774	.8244139	.1235783	0
1029.15	0	.0541269	.8221531	.12372	0
1028.15	0	.05626604	.8198728	.1238611	0
1027.15	0	.05842501	.8175734	.1240016	0
1026.15	0	.06060364	.8152549	.1241415	0
1025.15	0	.06280178	.8129175	.1242807	0
1024.15	0	.06501926	.8105614	.1244193	0
1023.15	0	.06725593	.8081868	.1245573	0
1022.15	0	.06951159	.8057937	.1246947	0
1021.15	0	.07178609	.8033824	.1248315	0
1020.15	0	.07407925	.800953	.1249677	0
1019.15	0	.07639089	.7985058	.1251033	0
1018.15	0	.07872082	.7960409	.1252383	0
1017.15	0	.08106887	.7935584	.1253727	0
1016.15	0	.08343484	.7910586	.1255066	0
1015.15	0	.08581855	.7885416	.1256398	0
1014.15	0	.08821981	.7860077	.1257725	0
1013.15	0	.09063841	.783457	.1259046	0
1012.15	0	.09307416	.7808897	.1260361	0
1011.15	0	.09552687	.7783061	.126167	0
1010.15	0	.09799633	.7757063	.1262974	0
1009.15	0	.1004823	.7730905	.1264272	0
1008.15	0	.1029847	.7704589	.1265565	0
1007.15	0	.1055032	.7678117	.1266851	0
1006.15	0	.1080376	.7651492	.1268132	0
1005.15	0	.1105877	.7624715	.1269408	0
1004.15	0	.1131533	.759779	.1270678	0
1003.15	0	.1157341	.7570716	.1271942	0
1002.15	0	.1183301	.7543499	.1273201	0
1001.15	0	.1209408	.7516138	.1274454	0
1000.15	0	.1235662	.7488636	.1275702	0
999.15	0	.1262059	.7460997	.1276944	0
998.15	0	.1288598	.7433221	.1278181	0
997.15	0	.1315277	.7405311	.1279412	0
996.15	0	.1342093	.737727	.1280637	0
995.15	0	.1369043	.73491	.1281857	0
994.15	0	.1396125	.7320803	.1283072	0
993.15	0	.1423338	.7292381	.1284281	0
992.15	0	.1450678	.7263838	.1285484	0
991.15	0	.1478144	.7235174	.1286682	0
990.15	0	.1505732	.7206393	.1287874	0
989.15	0	.1533441	.7177497	.1289061	0
988.15	0	.1561269	.7148489	.1290242	0
987.15	0	.1589212	.7119371	.1291418	0
986.15	0	.1617268	.7090144	.1292588	0
985.15	0	.1645435	.7060813	.1293752	0
984.15	0	.1673711	.7031379	.129491	0
983.15	0	.1702092	.7001845	.1296063	0
982.15	0	.1730577	.6972213	.129721	0
981.15	0	.1759163	.6942485	.1298352	0
980.15	0	.1787848	.6912665	.1299487	0
979.15	0	.1816628	.6882755	.1300617	0
978.15	0	.1845503	.6852757	.1301741	0
977.15	0	.1874468	.6822674	.1302858	0
976.15	0	.1903522	.6792508	.130397	0
975.15	0	.1932662	.6762262	.1305076	0
974.15	0	.1961886	.6731939	.1306176	0
973.15	0	.1991191	.670154	.1307269	0
972.15	0	.2020574	.667107	.1308356	0
971.15	0	.2050033	.6640529	.1309437	0
970.15	0	.2078923	.6610508	.1310569	0
969.15	0	.2107968	.6580336	.1311696	0
968.15	0	.2137276	.6549915	.1312809	0
967.15	0	.2166831	.651926	.1313909	0
966.15	0	.2196617	.6488388	.1314994	0
965.15	0	.2226618	.6457315	.1316067	0
964.15	0	.2256818	.6426056	.1317126	0
963.15	0	.2287204	.6394624	.1318172	0
962.15	0	.231776	.6363035	.1319205	0
961.15	0	.2348473	.6331302	.1320225	0
960.15	0	.237933	.6299438	.1321232	0
959.15	0	.2410318	.6267455	.1322227	0
958.15	0	.2441426	.6235366	.1323209	0
957.15	0	.247264	.6203182	.1324178	0
956.15	0	.2503949	.6170916	.1325135	0
955.15	0	.2535343	.6138577	.1326079	0
954.15	0	.2566811	.6106177	.1327012	0
953.15	0	.2598343	.6073726	.1327931	0
952.15	0	.2629927	.6041234	.1328838	0
951.15	0	.2661556	.600871	.1329734	0
950.15	0	.269322	.5976164	.1330616	0
949.15	0	.2724909	.5943604	.1331487	0
948.15	0	.2756615	.591104	.1332345	0
947.15	0	.2788331	.5878478	.1333191	0
946.15	0	.2820047	.5845928	.1334025	0
945.15	0	.2851757	.5813397	.1334847	0
944.15	0	.2883452	.5780892	.1335656	0
943.15	0	.2915126	.5748421	.1336453	0
942.15	0	.2946772	.571599	.1337238	0
941.15	0	.2978383	.5683607	.133801	0
940.15	0	.3009952	.5651277	.1338771	0
939.15	0	.3041474	.5619007	.1339519	0
938.15	0	.3072943	.5586803	.1340254	0
937.15	0	.3104353	.555467	.1340977	0
936.15	0	.3135698	.5522614	.1341688	0
935.15	0	.3166973	.549064	.1342387	0
934.15	0	.3198173	.5458754	.1343073	0
933.15	0	.3229294	.542696	.1343747	0
932.15	0	.326033	.5395263	.1344407	0
931.15	0	.3291277	.5363667	.1345056	0
930.15	0	.332213	.5332178	.1345692	0
929.15	0	.3352886	.5300799	.1346315	0
928.15	0	.338354	.5269534	.1346926	0
927.15	0	.3414089	.5238387	.1347524	0
926.15	0	.3444528	.5207363	.1348109	0
925.15	0	.3474854	.5176464	.1348682	0
924.15	0	.3505065	.5145694	.1349242	0
923.15	0	.3535155	.5115056	.1349789	0
922.15	0	.3565123	.5084555	.1350323	0
921.15	0	.3594965	.5054191	.1350844	0
920.15	0	.3624678	.502397	.1351352	0
919.15	0	.3654259	.4993893	.1351848	0
918.15	0	.3683706	.4963964	.135233	0
917.15	0	.3713017	.4934184	.1352799	0
916.15	0	.3742187	.4904557	.1353255	0
915.15	0	.3771216	.4875085	.1353699	0
914.15	0	.3800101	.4845771	.1354129	0
913.15	0	.3828839	.4816616	.1354546	0
912.15	0	.3857428	.4787622	.1354949	0
911.15	0	.3885867	.4758793	.135534	0
910.15	0	.3914154	.4730129	.1355717	0
909.15	0	.3942286	.4701633	.1356082	0
908.15	0	.3970261	.4673306	.1356432	0
907.15	0	.3998079	.4645151	.135677	0
906.15	0	.4025737	.4617169	.1357094	0
905.15	0	.4053233	.4589362	.1357405	0
904.15	0	.4080566	.4561731	.1357703	0
903.15	0	.4107735	.4534278	.1357987	0
902.15	0	.4134738	.4507004	.1358258	0
901.15	0	.4161573	.4479911	.1358516	0
900.15	0	.418824	.4453	.1358761	0
899.15	0	.4214737	.4426272	.1358992	0
898.15	0	.4241062	.4399729	.135921	0
897.15	0	.4267215	.4373371	.1359414	0
896.15	0	.4293195	.43472	.1359605	0
895.15	0	.4318999	.4321218	.1359783	0
894.15	0	.4344628	.4295424	.1359948	0
893.15	0	.437008	.426982	.1360099	0
892.15	0	.4395355	.4244408	.1360237	0
891.15	0	.442045	.4219187	.1360363	0
890.15	0	.4445366	.4194159	.1360475	0
889.15	0	.4470101	.4169325	.1360574	0
888.15	0	.4494655	.4144686	.1360659	0
887.15	0	.4519027	.4120241	.1360732	0
886.15	0	.4543215	.4095993	.1360792	0
885.15	0	.456722	.4071941	.1360839	0
884.15	0	.459104	.4048087	.1360873	0
883.15	0	.4614675	.402443	.1360895	0
882.15	0	.4638124	.4000972	.1360903	0
881.15	0	.4661387	.3977714	.1360899	0
880.15	0	.4684463	.3954654	.1360883	0
879.15	0	.4707351	.3931795	.1360854	0
878.15	0	.4730051	.3909137	.1360812	0
877.15	0	.4752562	.3886679	.1360759	0
876.15	0	.4774885	.3864422	.1360693	0
875.15	0	.4797018	.3842367	.1360615	0
874.15	0	.4818961	.3820514	.1360525	0
873.15	0	.4840714	.3798863	.1360423	0
872.15	0	.4862276	.3777415	.1360309	0
871.15	0	.4883648	.3756168	.1360184	0
870.15	0	.4904828	.3735125	.1360047	0
869.15	0	.4925818	.3714284	.1359899	0
868.15	0	.4946615	.3693645	.1359739	0
867.15	0	.4967222	.367321	.1359568	0
866.15	0	.4987637	.3652977	.1359386	0
865.15	0	.500786	.3632947	.1359194	0
864.15	0	.5027892	.3613119	.135899	0
863.15	0	.5047732	.3593493	.1358776	0
862.15	0	.506738	.3574069	.1358551	0
861.15	0	.5086837	.3554847	.1358316	0
860.15	0	.5106103	.3535826	.1358071	0
859.15	0	.5125178	.3517006	.1357816	0
858.15	0	.5144063	.3498387	.135755	0
857.15	0	.5162757	.3479968	.1357275	0
856.15	0	.5181261	.3461749	.1356991	0
855.15	0	.5199575	.3443728	.1356697	0
854.15	0	.52177	.3425906	.1356394	0
853.15	0	.5235637	.3408282	.1356081	0
852.15	0	.5253386	.3390855	.135576	0
851.15	0	.5270947	.3373624	.135543	0
850.15	0	.5288321	.3356588	.1355091	0
849.15	0	.5305509	.3339747	.1354744	0
848.15	0	.5322512	.33231	.1354388	0
847.15	0	.5339331	.3306645	.1354025	0
846.15	0	.5355965	.3290382	.1353653	0
845.15	0	.5372417	.3274309	.1353273	0
844.15	0	.5388687	.3258427	.1352886	0
843.15	0	.5404777	.3242732	.1352491	0
842.15	0	.5420686	.3227225	.1352089	0
841.15	0	.5436416	.3211904	.135168	0
840.15	0	.5451969	.3196767	.1351264	0
839.15	0	.5467346	.3181814	.135084	0
838.15	0	.5482547	.3167043	.135041	0
837.15	0	.5497574	.3152453	.1349974	0
836.15	0	.5512428	.3138042	.134953	0
835.15	0	.5527111	.3123808	.1349081	0
834.15	0	.5541624	.3109751	.1348625	0
833.15	0	.5555967	.3095869	.1348164	0
832.15	0	.5570144	.308216	.1347696	0
831.15	0	.5584155	.3068623	.1347222	0
831.0573	0	.5585446	.3067376	.1347178	0
831.0573	0	.5585446	.3067376	.1347178	0
831.0573	0	.5585446	.3067376	.1347178	0
830.15	0	.5669956	.2964966	.1323407	.004167136
829.15	0	.5760107	.2855402	.129779	.008670093
828.15	0	.5847243	.2749175	.1272764	.01308183
827.15	0	.5931488	.2646148	.1248309	.01740551
826.15	0	.601296	.2546196	.1224404	.0216441
825.15	0	.6091768	.2449196	.1201031	.02580045
824.15	0	.6168019	.2355036	.1178173	.02987723
823.15	0	.6241812	.2263606	.1155812	.033877
822.15	0	.6313241	.2174804	.1133933	.03780218
821.15	0	.6382396	.2088533	.111252	.04165508
820.15	0	.6449363	.2004699	.109156	.0454379
819.15	0	.6514221	.1923215	.1071037	.04915272
818.15	0	.657705	.1843996	.1050939	.05280155
817.15	0	.6637921	.1766963	.1031253	.05638628
816.15	0	.6696906	.169204	.1011967	.05990874
815.15	0	.675407	.1619153	.09930699	.06337066
814.15	0	.6809478	.1548234	.09745503	.0667737
813.15	0	.6863191	.1479217	.09563977	.07011946
812.15	0	.6915266	.1412038	.0938602	.07340945
811.15	0	.6965758	.1346637	.09211534	.07664513
810.15	0	.7014722	.1282956	.09040425	.0798279
809.15	0	.7062208	.122094	.08872605	.08295911
808.15	0	.7108265	.1160536	.08707987	.08604004
807.15	0	.7152939	.1101693	.08546487	.08907193
806.15	0	.7196276	.1044362	.08388026	.09205597
805.15	0	.7238317	.09884973	.08232528	.09499331
804.15	0	.7279104	.09340536	.08079918	.09788505
803.15	0	.7318677	.08809879	.07930124	.1007322
802.15	0	.7357074	.08292589	.07783079	.1035359
801.15	0	.7394331	.07788269	.07638714	.1062971
800.15	0	.7430483	.07296537	.07496967	.1090167
799.15	0	.7465564	.06817025	.07357775	.1116956
798.15	0	.7499607	.06349379	.07221077	.1143347
797.15	0	.7532643	.05893258	.07086816	.1169349
796.15	0	.7564702	.05448334	.06954935	.1194971
795.15	0	.7595814	.0501429	.0682538	.1220219
794.15	0	.7626005	.04590821	.06698099	.1245103
793.15	0	.7655304	.04177631	.06573038	.1269629
792.15	0	.7683736	.03774436	.0645015	.1293805
791.15	0	.7711328	.03380961	.06329385	.1317638
790.15	0	.7738102	.0299694	.06210697	.1341134
789.15	0	.7764083	.02622116	.0609404	.1364302
788.15	0	.7789293	.02256242	.0597937	.1387145
787.15	0	.7813756	.01899075	.05866643	.1409673
786.15	0	.7837491	.01550384	.05755818	.1431889
785.15	0	.7860519	.01209944	.05646853	.1453801
784.15	0	.7882862	.008775351	.05539709	.1475414
783.15	0	.7904537	.005529468	.05434348	.1496734
782.15	0	.7925564	.002359736	.0533073	.1517766
781.3899	0	.7941125	0	.05253109	.1533564
781.3899	0	.7941125	0	.05253109	.1533564
781.15	0	.7940774	0	.05247908	.1534435
780.15	0	.7939316	0	.05226263	.1538058
779.15	0	.7937865	0	.05204685	.1541666
778.15	0	.7936422	0	.05183174	.154526
777.15	0	.7934987	0	.05161731	.154884
776.15	0	.793356	0	.05140354	.1552405
775.15	0	.793214	0	.05119045	.1555955
774.15	0	.7930728	0	.05097804	.1559492
773.15	0	.7929323	0	.05076629	.1563014
772.15	0	.7927926	0	.05055521	.1566522
771.15	0	.7926536	0	.05034481	.1570016
770.15	0	.7925154	0	.05013508	.1573496
769.15	0	.7923778	0	.04992601	.1576962
768.15	0	.7922411	0	.04971762	.1580413
767.15	0	.792105	0	.0495099	.1583851
766.15	0	.7919696	0	.04930284	.1587275
765.15	0	.791835	0	.04909646	.1590686
764.15	0	.791701	0	.04889074	.1594082
763.15	0	.7915678	0	.0486857	.1597465
762.15	0	.7914353	0	.04848132	.1600834
761.15	0	.7913034	0	.04827761	.160419
760.15	0	.7911723	0	.04807457	.1607531
759.15	0	.7910418	0	.0478722	.161086
758.15	0	.790912	0	.0476705	.1614175
757.15	0	.7907829	0	.04746946	.1617476
756.15	0	.7906545	0	.04726909	.1620764
755.15	0	.7905267	0	.04706939	.1624039
754.15	0	.7903996	0	.04687035	.16273
753.15	0	.7902732	0	.04667198	.1630548
752.15	0	.7901474	0	.04647428	.1633783
751.15	0	.7900223	0	.04627725	.1637004
750.15	0	.7898978	0	.04608088	.1640213
749.15	0	.789774	0	.04588517	.1643408
748.15	0	.7896508	0	.04569014	.1646591
747.15	0	.7895283	0	.04549577	.164976
746.15	0	.7894064	0	.04530206	.1652916
745.15	0	.7892851	0	.04510902	.1656059
744.15	0	.7891644	0	.04491664	.165919
743.15	0	.7890444	0	.04472493	.1662307
742.15	0	.788925	0	.04453389	.1665411
741.15	0	.7888062	0	.0443435	.1668503
740.15	0	.788688	0	.04415379	.1671582
739.15	0	.7885704	0	.04396473	.1674648
738.15	0	.7884535	0	.04377634	.1677702
737.15	0	.7883371	0	.04358862	.1680743
736.15	0	.7882214	0	.04340156	.1683771
735.15	0	.7881062	0	.04321516	.1686786
734.15	0	.7879917	0	.04302942	.1689789
733.15	0	.7878777	0	.04284435	.169278
732.15	0	.7877643	0	.04265994	.1695757
731.15	0	.7876515	0	.0424762	.1698723
730.15	0	.7875393	0	.04229312	.1701676
729.15	0	.7874277	0	.04211069	.1704616
728.15	0	.7873166	0	.04192894	.1707544
727.15	0	.7872062	0	.04174784	.171046
726.15	0	.7870963	0	.04156741	.1713363
725.15	0	.7869869	0	.04138764	.1716255
724.15	0	.7868782	0	.04120853	.1719133
723.15	0	.7867699	0	.04103008	.1722
722.15	0	.7866623	0	.04085229	.1724854
721.15	0	.7865552	0	.04067516	.1727696
720.15	0	.7864487	0	.0404987	.1730526
719.15	0	.7863427	0	.0403229	.1733344
718.15	0	.7862373	0	.04014775	.173615
717.15	0	.7861324	0	.03997327	.1738944
716.15	0	.786028	0	.03979945	.1741725
715.15	0	.7859242	0	.03962629	.1744495
714.15	0	.785821	0	.03945378	.1747252
713.15	0	.7857183	0	.03928194	.1749998
712.15	0	.7856161	0	.03911076	.1752732
711.15	0	.7855144	0	.03894024	.1755453
710.15	0	.7854133	0	.03877038	.1758163
709.15	0	.7853127	0	.03860117	.1760861
708.15	0	.7852126	0	.03843263	.1763547
707.15	0	.7851131	0	.03826474	.1766222
706.15	0	.7850141	0	.03809751	.1768884
705.15	0	.7849156	0	.03793095	.1771535
704.15	0	.7848176	0	.03776504	.1774174
703.15	0	.7847201	0	.03759978	.1776801
702.15	0	.7846231	0	.03743519	.1779417
701.15	0	.7845267	0	.03727125	.1782021
700.15	0	.7844307	0	.03710797	.1784613
699.15	0	.7843353	0	.03694535	.1787194
698.15	0	.7842403	0	.03678339	.1789763
697.15	0	.7841459	0	.03662208	.179232
696.15	0	.784052	0	.03646143	.1794866
695.15	0	.7839585	0	.03630144	.17974
694.15	0	.7838656	0	.0361421	.1799923
693.15	0	.7837731	0	.03598342	.1802434
692.15	0	.7836812	0	.03582539	.1804934
691.15	0	.7835897	0	.03566802	.1807423
690.15	0	.7834987	0	.03551131	.18099
689.15	0	.7834082	0	.03535525	.1812365
688.15	0	.7833182	0	.03519985	.181482
687.15	0	.7832287	0	.0350451	.1817262
686.15	0	.7831396	0	.034891	.1819694
685.15	0	.783051	0	.03473756	.1822114
684.15	0	.7829629	0	.03458477	.1824523
683.15	0	.7828753	0	.03443264	.182692
682.15	0	.7827882	0	.03428116	.1829307
681.15	0	.7827015	0	.03413034	.1831682
680.15	0	.7826153	0	.03398016	.1834046
679.15	0	.7825295	0	.03383064	.1836399
678.15	0	.7824442	0	.03368178	.183874
677.15	0	.7823594	0	.03353356	.1841071
676.15	0	.782275	0	.033386	.184339
675.15	0	.7821911	0	.03323909	.1845698
674.15	0	.7821077	0	.03309283	.1847995
673.15	0	.7820247	0	.03294722	.1850281
672.15	0	.7819422	0	.03280226	.1852556
671.15	0	.7818601	0	.03265795	.185482
670.15	0	.7817785	0	.03251429	.1857072
669.15	0	.7816973	0	.03237128	.1859314
668.15	0	.7816166	0	.03222892	.1861545
667.15	0	.7815363	0	.03208721	.1863765
666.15	0	.7814565	0	.03194615	.1865974
665.15	0	.7813771	0	.03180574	.1868172
664.15	0	.7812981	0	.03166597	.1870359
663.15	0	.7812196	0	.03152685	.1872536
662.15	0	.7811415	0	.03138838	.1874701
661.15	0	.7810639	0	.03125056	.1876856
660.15	0	.7809867	0	.03111338	.1878999
659.15	0	.7809099	0	.03097685	.1881132
658.15	0	.7808336	0	.03084097	.1883255
657.15	0	.7807577	0	.03070573	.1885366
656.15	0	.7806822	0	.03057113	.1887467
655.15	0	.7806072	0	.03043718	.1889557
654.15	0	.7805325	0	.03030387	.1891636
653.15	0	.7804583	0	.03017121	.1893705
652.15	0	.7803846	0	.03003919	.1895762
651.15	0	.7803112	0	.02990781	.189781
650.15	0	.7802383	0	.02977708	.1899846
649.15	0	.7801658	0	.02964699	.1901872
648.15	0	.7800937	0	.02951753	.1903888
647.15	0	.780022	0	.02938872	.1905893
646.15	0	.7799508	0	.02926055	.1907887
645.15	0	.7798799	0	.02913302	.1909871
644.15	0	.7798095	0	.02900613	.1911844
643.15	0	.7797394	0	.02887987	.1913807
642.15	0	.7796698	0	.02875426	.1915759
641.15	0	.7796006	0	.02862928	.1917701
640.15	0	.7795318	0	.02850494	.1919633
639.15	0	.7794634	0	.02838124	.1921554
638.15	0	.7793954	0	.02825817	.1923464
637.15	0	.7793278	0	.02813574	.1925364
636.15	0	.7792606	0	.02801394	.1927254
635.15	0	.7791938	0	.02789277	.1929134
634.15	0	.7791275	0	.02777225	.1931003
633.15	0	.7790615	0	.02765235	.1932862
632.15	0	.7789959	0	.02753308	.1934711
631.15	0	.7789307	0	.02741445	.1936549
630.15	0	.7788658	0	.02729645	.1938377
629.15	0	.7788014	0	.02717908	.1940195
628.15	0	.7787374	0	.02706234	.1942003
627.15	0	.7786738	0	.02694623	.19438
626.15	0	.7786105	0	.02683074	.1945588
625.15	0	.7785476	0	.02671588	.1947365
624.15	0	.7784852	0	.02660166	.1949132
623.15	0	.7784231	0	.02648805	.1950889
622.15	0	.7783613	0	.02637508	.1952636
621.15	0	.7783	0	.02626272	.1954373
620.15	0	.7782391	0	.026151	.19561
619.15	0	.7781785	0	.02603989	.1957816
618.15	0	.7781183	0	.02592941	.1959523
617.15	0	.7780585	0	.02581955	.196122
616.15	0	.777999	0	.02571031	.1962907
615.15	0	.7779399	0	.02560169	.1964584
614.15	0	.7778812	0	.02549369	.1966251
613.15	0	.7778229	0	.02538631	.1967908
612.15	0	.777765	0	.02527955	.1969555
611.15	0	.7777074	0	.0251734	.1971192
610.15	0	.7776502	0	.02506787	.197282
609.15	0	.7775933	0	.02496295	.1974438
608.15	0	.7775368	0	.02485865	.1976045
607.15	0	.7774807	0	.02475496	.1977644
606.15	0	.7774249	0	.02465189	.1979232
605.15	0	.7773695	0	.02454942	.1980811
604.15	0	.7773145	0	.02444757	.1982379
603.15	0	.7772598	0	.02434633	.1983939
602.15	0	.7772055	0	.02424569	.1985488
601.15	0	.7771515	0	.02414567	.1987028
600.15	0	.7770979	0	.02404625	.1988559
599.15	0	.7770446	0	.02394743	.1990079
598.15	0	.7769917	0	.02384922	.1991591
597.15	0	.7769392	0	.02375161	.1993092
596.15	0	.776887	0	.02365461	.1994584
595.15	0	.7768351	0	.02355821	.1996067
594.15	0	.7767836	0	.02346241	.199754
593.15	0	.7767325	0	.02336721	.1999003
592.15	0	.7766817	0	.0232726	.2000458
591.15	0	.7766312	0	.0231786	.2001902
590.15	0	.7765811	0	.02308519	.2003338
589.15	0	.7765313	0	.02299237	.2004764
588.15	0	.7764818	0	.02290016	.200618
587.15	0	.7764327	0	.02280853	.2007587
586.15	0	.776384	0	.02271749	.2008985
585.15	0	.7763356	0	.02262705	.2010374
584.15	0	.7762875	0	.02253719	.2011753
583.15	0	.7762397	0	.02244793	.2013124
582.15	0	.7761923	0	.02235925	.2014485
581.15	0	.7761452	0	.02227115	.2015836
580.15	0	.7760985	0	.02218364	.2017179
579.15	0	.776052	0	.02209672	.2018513
578.15	0	.7760059	0	.02201037	.2019837
577.15	0	.7759602	0	.02192461	.2021152
576.15	0	.7759147	0	.02183943	.2022458
575.15	0	.7758696	0	.02175482	.2023756
574.15	0	.7758248	0	.02167079	.2025044
573.15	0	.7757804	0	.02158734	.2026323
572.15	0	.7757362	0	.02150446	.2027593
571.15	0	.7756924	0	.02142215	.2028855
570.15	0	.7756489	0	.02134042	.2030107
569.15	0	.7756057	0	.02125925	.203135
568.15	0	.7755628	0	.02117866	.2032585
567.15	0	.7755203	0	.02109863	.2033811
566.15	0	.7754781	0	.02101917	.2035028
565.15	0	.7754361	0	.02094027	.2036236
564.15	0	.7753945	0	.02086194	.2037435
563.15	0	.7753532	0	.02078416	.2038626
562.15	0	.7753122	0	.02070695	.2039808
561.15	0	.7752716	0	.0206303	.2040982
560.15	0	.7752312	0	.0205542	.2042146
559.15	0	.7751911	0	.02047866	.2043302
558.15	0	.7751514	0	.02040367	.204445
557.15	0	.7751119	0	.02032924	.2045589
556.15	0	.7750727	0	.02025536	.2046719
555.15	0	.7750339	0	.02018202	.2047841
554.15	0	.7749953	0	.02010924	.2048954
553.15	0	.7749571	0	.020037	.2050059
552.15	0	.7749191	0	.0199653	.2051156
551.15	0	.7748815	0	.01989415	.2052244
550.15	0	.7748441	0	.01982354	.2053323
549.15	0	.7748071	0	.01975347	.2054395
548.15	0	.7747703	0	.01968394	.2055458
547.15	0	.7747338	0	.01961495	.2056512
546.15	0	.7746976	0	.01954649	.2057559
545.15	0	.7746617	0	.01947856	.2058597
544.15	0	.7746261	0	.01941117	.2059627
543.15	0	.7745908	0	.0193443	.2060649
542.15	0	.7745558	0	.01927797	.2061663
541.15	0	.774521	0	.01921216	.2062668
540.15	0	.7744865	0	.01914687	.2063666
539.15	0	.7744524	0	.01908211	.2064655
538.15	0	.7744185	0	.01901786	.2065637
537.15	0	.7743848	0	.01895414	.206661
536.15	0	.7743515	0	.01889094	.2067576
535.15	0	.7743184	0	.01882825	.2068533
534.15	0	.7742856	0	.01876607	.2069483
533.15	0	.7742531	0	.01870441	.2070425
532.15	0	.7742209	0	.01864325	.2071359
531.15	0	.7741889	0	.01858261	.2072285
530.15	0	.7741572	0	.01852247	.2073203
529.15	0	.7741258	0	.01846284	.2074114
528.15	0	.7740946	0	.0184037	.2075016
527.15	0	.7740638	0	.01834507	.2075912
526.15	0	.7740331	0	.01828694	.2076799
525.15	0	.7740028	0	.01822931	.2077679
524.15	0	.7739727	0	.01817217	.2078551
523.15	0	.7739429	0	.01811552	.2079416
522.15	0	.7739133	0	.01805936	.2080273
521.15	0	.773884	0	.01800369	.2081123
520.15	0	.773855	0	.01794851	.2081965
519.15	0	.7738262	0	.01789382	.20828
518.15	0	.7737976	0	.01783961	.2083628
517.15	0	.7737694	0	.01778587	.2084448
516.15	0	.7737413	0	.01773262	.208526
515.15	0	.7737136	0	.01767985	.2086066
514.15	0	.7736861	0	.01762755	.2086864
513.15	0	.7736588	0	.01757572	.2087655
512.15	0	.7736318	0	.01752436	.2088439
511.15	0	.773605	0	.01747347	.2089215
510.15	0	.7735785	0	.01742305	.2089985
509.15	0	.7735522	0	.01737309	.2090747
508.15	0	.7735262	0	.0173236	.2091502
507.15	0	.7735004	0	.01727456	.209225
506.15	0	.7734749	0	.01722599	.2092992
505.15	0	.7734496	0	.01717787	.2093726
504.15	0	.7734245	0	.0171302	.2094453
503.15	0	.7733997	0	.01708298	.2095174
502.15	0	.7733751	0	.01703622	.2095887
501.15	0	.7733507	0	.0169899	.2096594
500.15	0	.7733266	0	.01694402	.2097294
499.15	0	.7733027	0	.01689859	.2097987
498.15	0	.7732791	0	.0168536	.2098673
497.15	0	.7732556	0	.01680905	.2099353
496.15	0	.7732324	0	.01676493	.2100026
495.15	0	.7732095	0	.01672124	.2100693
494.15	0	.7731867	0	.01667799	.2101353
493.15	0	.7731642	0	.01663517	.2102006
492.15	0	.7731419	0	.01659278	.2102653
491.15	0	.7731199	0	.01655081	.2103293
490.15	0	.773098	0	.01650926	.2103927
489.15	0	.7730764	0	.01646813	.2104555
488.15	0	.773055	0	.01642742	.2105176
487.15	0	.7730338	0	.01638713	.2105791
486.15	0	.7730128	0	.01634725	.2106399
485.15	0	.7729921	0	.01630778	.2107002
484.15	0	.7729715	0	.01626872	.2107598
483.15	0	.7729512	0	.01623006	.2108187
482.15	0	.7729311	0	.01619181	.2108771
481.15	0	.7729112	0	.01615396	.2109349
480.15	0	.7728915	0	.01611651	.210992
479.15	0	.772872	0	.01607946	.2110486
478.15	0	.7728527	0	.0160428	.2111045
477.15	0	.7728336	0	.01600654	.2111599
476.15	0	.7728147	0	.01597066	.2112146
475.15	0	.7727961	0	.01593517	.2112688
474.15	0	.7727776	0	.01590007	.2113224
473.15	0	.7727593	0	.01586534	.2113753
472.15	0	.7727412	0	.015831	.2114278
471.15	0	.7727234	0	.01579704	.2114796
470.15	0	.7727057	0	.01576345	.2115309
469.15	0	.7726882	0	.01573024	.2115816
468.15	0	.7726709	0	.01569739	.2116317
467.15	0	.7726538	0	.01566492	.2116813
466.15	0	.7726369	0	.01563281	.2117303
465.15	0	.7726202	0	.01560106	.2117788
464.15	0	.7726036	0	.01556967	.2118267
463.15	0	.7725873	0	.01553864	.2118741
462.15	0	.7725711	0	.01550797	.2119209
461.15	0	.7725552	0	.01547765	.2119672
460.15	0	.7725394	0	.01544769	.212013
459.15	0	.7725238	0	.01541806	.2120582
458.15	0	.7725083	0	.01538879	.2121029
457.15	0	.7724931	0	.01535986	.2121471
456.15	0	.772478	0	.01533127	.2121907
455.15	0	.7724631	0	.01530302	.2122339
454.15	0	.7724484	0	.01527511	.2122765
453.15	0	.7724338	0	.01524753	.2123186
452.15	0	.7724195	0	.01522028	.2123603
451.15	0	.7724053	0	.01519336	.2124014
450.15	0	.7723912	0	.01516677	.212442
449.15	0	.7723774	0	.01514051	.2124821
448.15	0	.7723637	0	.01511457	.2125218
447.15	0	.7723502	0	.01508895	.2125609
446.15	0	.7723368	0	.01506366	.2125996
445.15	0	.7723236	0	.01503867	.2126377
444.15	0	.7723106	0	.01501401	.2126754
443.15	0	.7722977	0	.01498965	.2127127
442.15	0	.772285	0	.01496561	.2127494
441.15	0	.7722724	0	.01494187	.2127857
440.15	0	.7722601	0	.01491845	.2128215
439.15	0	.7722478	0	.01489532	.2128568
438.15	0	.7722358	0	.01487251	.2128917
437.15	0	.7722239	0	.01484999	.2129262
436.15	0	.7722121	0	.01482777	.2129601
435.15	0	.7722005	0	.01480584	.2129937
434.15	0	.7721891	0	.01478421	.2130267
433.15	0	.7721777	0	.01476287	.2130594
432.15	0	.7721666	0	.01474183	.2130916
431.15	0	.7721556	0	.01472107	.2131233
430.15	0	.7721448	0	.01470059	.2131547
