T	 BPW(LIQUID)	BPW(BCC_A2)	BPW(FCC_A1)	BPW(LAVES_PHASE_C14)	BPW(NI3TI)
1473.15	.3082809	.6917191	0	0	0
1472.15	.3054809	.6945191	0	0	0
1471.15	.3026998	.6973002	0	0	0
1470.15	.2999374	.7000626	0	0	0
1469.15	.2971935	.7028065	0	0	0
1468.15	.294468	.705532	0	0	0
1467.15	.2917607	.7082393	0	0	0
1466.15	.2890716	.7109284	0	0	0
1465.15	.2864004	.7135996	0	0	0
1464.15	.2837471	.7162529	0	0	0
1463.15	.2811115	.7188885	0	0	0
1462.15	.2784935	.7215065	0	0	0
1461.15	.275893	.724107	0	0	0
1460.15	.2733098	.7266902	0	0	0
1459.15	.2707437	.7292563	0	0	0
1458.15	.2681947	.7318053	0	0	0
1457.15	.2656627	.7343373	0	0	0
1456.15	.2631475	.7368526	0	0	0
1455.15	.2606489	.7393511	0	0	0
1454.15	.2581669	.7418331	0	0	0
1453.15	.2557014	.7442986	0	0	0
1452.15	.2532522	.7467478	0	0	0
1451.15	.2508192	.7491809	0	0	0
1450.15	.2484022	.7515978	0	0	0
1449.15	.2460012	.7539988	0	0	0
1448.15	.2436161	.7563839	0	0	0
1447.15	.2412467	.7587533	0	0	0
1446.15	.2388929	.7611071	0	0	0
1445.15	.2365546	.7634454	0	0	0
1444.15	.2342317	.7657683	0	0	0
1443.15	.2319241	.7680759	0	0	0
1442.15	.2296316	.7703684	0	0	0
1441.15	.2273542	.7726458	0	0	0
1440.15	.2250917	.7749083	0	0	0
1439.15	.2228441	.7771559	0	0	0
1438.15	.2206112	.7793888	0	0	0
1437.15	.2183929	.7816071	0	0	0
1436.15	.2161891	.7838109	0	0	0
1435.15	.2139997	.7860003	0	0	0
1434.15	.2118247	.7881753	0	0	0
1433.15	.2096638	.7903362	0	0	0
1432.15	.207517	.792483	0	0	0
1431.15	.2053843	.7946157	0	0	0
1430.15	.2032654	.7967346	0	0	0
1429.15	.2011603	.7988397	0	0	0
1428.15	.199069	.800931	0	0	0
1427.15	.1969912	.8030088	0	0	0
1426.15	.194927	.8050731	0	0	0
1425.15	.1928761	.8071239	0	0	0
1424.15	.1908386	.8091615	0	0	0
1423.15	.1888142	.8111858	0	0	0
1422.15	.186803	.813197	0	0	0
1421.15	.1848048	.8151952	0	0	0
1420.15	.1828196	.8171804	0	0	0
1419.15	.1808472	.8191528	0	0	0
1418.15	.1788876	.8211124	0	0	0
1417.15	.1769406	.8230594	0	0	0
1416.15	.1750062	.8249938	0	0	0
1415.15	.1730843	.8269157	0	0	0
1414.15	.1711748	.8288253	0	0	0
1413.15	.1692775	.8307225	0	0	0
1412.15	.1673926	.8326074	0	0	0
1411.15	.1655197	.8344803	0	0	0
1410.15	.1636589	.8363411	0	0	0
1409.15	.1618101	.8381899	0	0	0
1408.15	.1599732	.8400268	0	0	0
1407.15	.158148	.841852	0	0	0
1406.15	.1563346	.8436654	0	0	0
1405.15	.1545328	.8454672	0	0	0
1404.15	.1527426	.8472574	0	0	0
1403.15	.1509638	.8490362	0	0	0
1402.15	.1491965	.8508035	0	0	0
1401.15	.1474404	.8525596	0	0	0
1400.15	.1456956	.8543044	0	0	0
1399.15	.143962	.856038	0	0	0
1398.15	.1422395	.8577605	0	0	0
1397.15	.1405279	.8594721	0	0	0
1396.15	.1388273	.8611727	0	0	0
1395.15	.1371376	.8628624	0	0	0
1394.15	.1354586	.8645414	0	0	0
1393.15	.1337903	.8662097	0	0	0
1392.15	.1321327	.8678673	0	0	0
1391.15	.1304857	.8695143	0	0	0
1390.15	.1288491	.8711509	0	0	0
1389.15	.127223	.8727771	0	0	0
1388.15	.1256072	.8743928	0	0	0
1387.15	.1240016	.8759984	0	0	0
1386.15	.1224063	.8775937	0	0	0
1385.15	.1208212	.8791788	0	0	0
1384.15	.1192461	.8807539	0	0	0
1383.15	.117681	.882319	0	0	0
1382.15	.1161259	.8838742	0	0	0
1381.15	.1145806	.8854194	0	0	0
1380.15	.1130451	.8869549	0	0	0
1379.15	.1115194	.8884806	0	0	0
1378.15	.1100033	.8899967	0	0	0
1377.15	.1084969	.8915031	0	0	0
1376.15	.107	.893	0	0	0
1375.15	.1055125	.8944874	0	0	0
1374.15	.1040346	.8959654	0	0	0
1373.505	.103086	.896914	0	0	0
1373.505	.103086	.896914	0	0	0
1373.505	.103086	.896914	0	0	0
1373.15	.1022668	.8973612	0	3.720054E-04	0
1372.15	.09997252	.8986113	0	.001416174	0
1371.15	.0976988	.8998469	0	.002454259	0
1370.15	.09544539	.9010683	0	.003486352	0
1369.15	.09321197	.9022755	0	.004512542	0
1368.15	.09099824	.9034688	0	.005532916	0
1367.15	.08880391	.9046485	0	.006547559	0
1366.15	.0866287	.9058148	0	.007556556	0
1365.15	.08447231	.9069677	0	.008559989	0
1364.15	.08233449	.9081076	0	.009557939	0
1363.15	.08021494	.9092346	0	.01055049	0
1362.15	.07811342	.9103489	0	.01153771	0
1361.15	.07602964	.9114507	0	.01251968	0
1360.15	.07396337	.9125402	0	.01349647	0
1359.15	.07191434	.9136175	0	.01446816	0
1358.15	.06988231	.9146829	0	.01543483	0
1357.15	.06786704	.9157364	0	.01639653	0
1356.15	.06586828	.9167784	0	.01735335	0
1355.15	.0638858	.9178089	0	.01830534	0
1354.15	.06191938	.918828	0	.01925258	0
1353.15	.05996877	.9198361	0	.02019514	0
1352.15	.05803377	.9208332	0	.02113306	0
1351.15	.05611415	.9218194	0	.02206643	0
1350.15	.05420971	.922795	0	.0229953	0
1349.15	.05232021	.9237601	0	.02391973	0
1348.15	.05044547	.9247148	0	.02483978	0
1347.15	.04858527	.9256592	0	.02575551	0
1346.15	.04673942	.9265936	0	.02666699	0
1345.15	.04490772	.927518	0	.02757425	0
1344.15	.04308997	.9284327	0	.02847737	0
1343.15	.04128599	.9293376	0	.0293764	0
1342.15	.03949558	.930233	0	.03027139	0
1341.15	.03771857	.931119	0	.03116239	0
1340.15	.03595477	.9319958	0	.03204945	0
1339.15	.03420401	.9328634	0	.03293263	0
1338.839	.03366267	.9331311	0	.03320626	0
1338.839	.03366267	.9331311	0	.03320626	0
1338.839	.03366267	.9331311	0	.03320626	0
1338.15	.027507	.9300127	.007953131	.03452719	0
1337.15	.01859969	.9255649	.01940986	.03642557	0
1336.15	.009718931	.9212064	.03077172	.03830299	0
1335.15	8.639361E-04	.9169361	.04204022	.04015978	0
1335.052	0	.9165235	.0431364	.04034013	0
1335.052	0	.9165235	.0431364	.04034013	0
1334.15	0	.9148475	.04427424	.04087831	0
1333.15	0	.9129948	.04553205	.04147313	0
1332.15	0	.9111473	.04678645	.04206621	0
1331.15	0	.909305	.04803745	.04265756	0
1330.15	0	.9074678	.04928505	.04324719	0
1329.15	0	.9056356	.05052927	.04383511	0
1328.15	0	.9038086	.05177011	.04442132	0
1327.15	0	.9019866	.05300757	.04500583	0
1326.15	0	.9001697	.05424168	.04558865	0
1325.15	0	.8983578	.05547243	.04616979	0
1324.15	0	.8965509	.05669983	.04674924	0
1323.15	0	.8947491	.05792389	.04732703	0
1322.15	0	.8929522	.05914462	.04790314	0
1321.15	0	.8911604	.06036203	.04847761	0
1320.15	0	.8893735	.06157612	.04905042	0
1319.15	0	.8875915	.0627869	.04962158	0
1318.15	0	.8858145	.06399437	.05019111	0
1317.15	0	.8840424	.06519855	.05075901	0
1316.15	0	.8822753	.06639945	.05132528	0
1315.15	0	.880513	.06759706	.05188994	0
1314.15	0	.8787556	.0687914	.05245298	0
1313.15	0	.8770031	.06998247	.05301442	0
1312.15	0	.8752555	.07117028	.05357427	0
1311.15	0	.8735127	.07235483	.05413252	0
1310.15	0	.8717747	.07353614	.05468919	0
1309.15	0	.8700415	.07471421	.05524428	0
1308.15	0	.8683132	.07588905	.05579779	0
1307.15	0	.8665896	.07706066	.05634974	0
1306.15	0	.8648708	.07822905	.05690014	0
1305.15	0	.8631568	.07939423	.05744898	0
1304.15	0	.8614475	.0805562	.05799627	0
1303.15	0	.859743	.08171497	.05854202	0
1302.15	0	.8580432	.08287055	.05908624	0
1301.15	0	.8563481	.08402294	.05962892	0
1300.15	0	.8546578	.08517215	.06017009	0
1299.15	0	.8529721	.08631818	.06070974	0
1298.15	0	.8512911	.08746104	.06124788	0
1297.15	0	.8496147	.08860074	.06178452	0
1296.15	0	.8479431	.08973728	.06231966	0
1295.15	0	.846276	.09087067	.0628533	0
1294.15	0	.8446136	.09200091	.06338547	0
1293.15	0	.8429558	.09312801	.06391615	0
1292.15	0	.8413027	.09425198	.06444535	0
1291.15	0	.8396541	.09537282	.06497309	0
1290.15	0	.8380101	.09649053	.06549936	0
1289.15	0	.8363707	.09760513	.06602418	0
1288.15	0	.8347358	.09871662	.06654754	0
1287.15	0	.8331055	.09982499	.06706946	0
1286.15	0	.8314798	.1009303	.06758994	0
1285.15	0	.8298586	.1020325	.06810899	0
1284.15	0	.8282419	.1031315	.0686266	0
1283.15	0	.8266297	.1042276	.06914279	0
1282.15	0	.825022	.1053205	.06965757	0
1281.15	0	.8234188	.1064103	.07017093	0
1280.15	0	.82182	.1074971	.07068289	0
1279.15	0	.8202258	.1085808	.07119344	0
1278.15	0	.8186359	.1096615	.0717026	0
1277.15	0	.8170506	.1107391	.07221037	0
1276.15	0	.8154697	.1118136	.07271675	0
1275.15	0	.8138932	.1128851	.07322175	0
1274.15	0	.8123211	.1139535	.07372538	0
1273.15	0	.8107534	.115019	.07422764	0
1272.15	0	.8091901	.1160813	.07472854	0
1271.15	0	.8076312	.1171407	.07522808	0
1270.15	0	.8060767	.118197	.07572626	0
1269.15	0	.8045266	.1192503	.07622309	0
1268.15	0	.8029808	.1203006	.07671858	0
1267.15	0	.8014394	.1213479	.07721274	0
1266.15	0	.7999023	.1223922	.07770556	0
1265.15	0	.7983695	.1234335	.07819705	0
1264.15	0	.796841	.1244717	.07868722	0
1263.15	0	.7953169	.125507	.07917607	0
1262.15	0	.7937971	.1265393	.0796636	0
1261.15	0	.7922816	.1275686	.08014983	0
1260.15	0	.7907703	.1285949	.08063476	0
1259.15	0	.7892633	.1296183	.08111838	0
1258.15	0	.7877606	.1306386	.08160072	0
1257.15	0	.7862622	.131656	.08208176	0
1256.15	0	.784768	.1326705	.08256152	0
1255.15	0	.7832781	.1336819	.08304	0
1254.15	0	.7817924	.1346904	.08351721	0
1253.15	0	.7803109	.1356959	.08399315	0
1252.15	0	.7788336	.1366985	.08446782	0
1251.15	0	.7773606	.1376982	.08494123	0
1250.15	0	.7758918	.1386949	.08541339	0
1249.15	0	.7744271	.1396886	.0858843	0
1248.15	0	.7729667	.1406794	.08635395	0
1247.15	0	.7715104	.1416672	.08682237	0
1246.15	0	.7700583	.1426522	.08728955	0
1245.15	0	.7686103	.1436342	.0877555	0
1244.15	0	.7671666	.1446132	.08822022	0
1243.15	0	.7657269	.1455894	.08868371	0
1242.15	0	.7642914	.1465626	.08914599	0
1241.15	0	.7628601	.1475329	.08960705	0
1240.15	0	.7614329	.1485002	.0900669	0
1239.15	0	.7600098	.1494647	.09052555	0
1238.15	0	.7585908	.1504262	.09098299	0
1237.15	0	.7571759	.1513848	.09143923	0
1236.15	0	.7557652	.1523406	.09189429	0
1235.15	0	.7543585	.1532934	.09234815	0
1234.15	0	.7529559	.1542433	.09280083	0
1233.15	0	.7515574	.1551903	.09325233	0
1232.15	0	.750163	.1561344	.09370265	0
1231.15	0	.7487726	.1570756	.0941518	0
1230.15	0	.7473863	.1580139	.09459978	0
1229.15	0	.7460041	.1589493	.0950466	0
1228.15	0	.7446259	.1598819	.09549226	0
1227.15	0	.7432517	.1608115	.09593677	0
1226.15	0	.7418816	.1617383	.09638012	0
1225.15	0	.7405156	.1626621	.09682232	0
1224.15	0	.7391535	.1635831	.09726339	0
1223.15	0	.7377955	.1645012	.09770331	0
1222.15	0	.7364415	.1654164	.0981421	0
1221.15	0	.7350915	.1663288	.09857975	0
1220.15	0	.7337455	.1672382	.09901628	0
1219.15	0	.7324035	.1681448	.09945169	0
1218.15	0	.7310655	.1690485	.09988597	0
1217.15	0	.7297315	.1699494	.1003191	0
1216.15	0	.7284015	.1708473	.1007512	0
1215.15	0	.7270754	.1717424	.1011821	0
1214.15	0	.7257533	.1726347	.101612	0
1213.15	0	.7244352	.173524	.1020407	0
1212.15	0	.7231211	.1744105	.1024684	0
1211.15	0	.7218109	.1752941	.1028949	0
1210.15	0	.7205047	.1761749	.1033204	0
1209.15	0	.7192024	.1770528	.1037448	0
1208.15	0	.7179041	.1779278	.1041681	0
1207.15	0	.7166097	.1788	.1045903	0
1206.15	0	.7153193	.1796693	.1050115	0
1205.15	0	.7140327	.1805357	.1054315	0
1204.15	0	.7127502	.1813993	.1058506	0
1203.15	0	.7114715	.18226	.1062685	0
1202.15	0	.7101967	.1831179	.1066854	0
1201.15	0	.7089259	.1839729	.1071012	0
1200.15	0	.707659	.184825	.107516	0
1199.15	0	.706396	.1856743	.1079297	0
1198.15	0	.7051369	.1865207	.1083424	0
1197.15	0	.7038817	.1873643	.108754	0
1196.15	0	.7026304	.188205	.1091646	0
1195.15	0	.701383	.1890428	.1095742	0
1194.15	0	.7001395	.1898778	.1099827	0
1193.15	0	.6988998	.1907099	.1103902	0
1192.15	0	.6976641	.1915392	.1107967	0
1191.15	0	.6964322	.1923656	.1112022	0
1190.15	0	.6952043	.1931891	.1116066	0
1189.15	0	.6939802	.1940098	.11201	0
1188.15	0	.6927599	.1948277	.1124124	0
1187.15	0	.6915436	.1956426	.1128138	0
1186.15	0	.6903311	.1964547	.1132142	0
1185.15	0	.6891224	.197264	.1136136	0
1184.15	0	.6879177	.1980703	.114012	0
1183.15	0	.6867167	.1988739	.1144094	0
1182.15	0	.6855197	.1996745	.1148058	0
1181.15	0	.6843265	.2004723	.1152012	0
1180.15	0	.6831372	.2012672	.1155956	0
1179.15	0	.6819517	.2020593	.1159891	0
1178.15	0	.68077	.2028484	.1163815	0
1177.15	0	.6795922	.2036348	.116773	0
1176.15	0	.6784183	.2044182	.1171635	0
1175.15	0	.6772482	.2051988	.1175531	0
1174.15	0	.6760819	.2059765	.1179416	0
1173.15	0	.6749195	.2067513	.1183292	0
1172.15	0	.6737609	.2075233	.1187159	0
1171.15	0	.6726061	.2082923	.1191016	0
1170.15	0	.6714552	.2090585	.1194863	0
1169.15	0	.6703081	.2098219	.11987	0
1168.15	0	.6691649	.2105823	.1202529	0
1167.15	0	.6680254	.2113399	.1206347	0
1166.15	0	.6668898	.2120945	.1210157	0
1165.15	0	.6657581	.2128463	.1213956	0
1164.15	0	.6646301	.2135952	.1217747	0
1163.15	0	.663506	.2143412	.1221528	0
1162.15	0	.6623857	.2150843	.1225299	0
1161.15	0	.6612693	.2158245	.1229062	0
1160.15	0	.6601567	.2165618	.1232815	0
1159.15	0	.6590478	.2172963	.1236559	0
1158.15	0	.6579429	.2180278	.1240293	0
1157.15	0	.6568417	.2187564	.1244019	0
1156.15	0	.6557444	.2194821	.1247735	0
1155.15	0	.6546509	.2202049	.1251442	0
1154.15	0	.6535611	.2209248	.125514	0
1153.15	0	.6524753	.2216418	.1258829	0
1152.15	0	.6513933	.2223559	.1262509	0
1151.15	0	.650315	.223067	.126618	0
1150.15	0	.6492407	.2237752	.1269842	0
1149.15	0	.6481701	.2244805	.1273494	0
1148.15	0	.6471033	.2251829	.1277138	0
1147.15	0	.6460404	.2258823	.1280773	0
1146.15	0	.6449813	.2265788	.1284399	0
1145.15	0	.6439261	.2272723	.1288016	0
1144.15	0	.6428746	.227963	.1291624	0
1143.15	0	.641827	.2286506	.1295223	0
1142.15	0	.6407833	.2293354	.1298814	0
1141.15	0	.6397433	.2300172	.1302395	0
1140.15	0	.6387072	.230696	.1305968	0
1139.15	0	.6376749	.2313719	.1309532	0
1138.15	0	.6366465	.2320448	.1313088	0
1137.15	0	.6356219	.2327147	.1316634	0
1136.15	0	.6346011	.2333817	.1320172	0
1135.15	0	.6335841	.2340457	.1323702	0
1134.15	0	.632571	.2347067	.1327223	0
1133.15	0	.6315618	.2353648	.1330735	0
1132.15	0	.6305564	.2360198	.1334238	0
1131.15	0	.6295548	.2366719	.1337733	0
1130.15	0	.6285571	.237321	.1341219	0
1129.15	0	.6275632	.2379671	.1344697	0
1128.15	0	.6265732	.2386102	.1348167	0
1127.15	0	.625587	.2392502	.1351627	0
1126.15	0	.6246047	.2398873	.135508	0
1125.15	0	.6236263	.2405214	.1358524	0
1124.15	0	.6226517	.2411524	.1361959	0
1123.15	0	.6216809	.2417804	.1365387	0
1122.15	0	.6207141	.2424054	.1368805	0
1121.15	0	.6197511	.2430274	.1372216	0
1120.15	0	.6187919	.2436463	.1375618	0
1119.15	0	.6178367	.2442622	.1379012	0
1118.15	0	.6168853	.244875	.1382397	0
1117.15	0	.6159378	.2454848	.1385774	0
1116.15	0	.6149942	.2460915	.1389143	0
1115.15	0	.6140545	.2466951	.1392504	0
1114.15	0	.6131187	.2472957	.1395856	0
1113.15	0	.6121868	.2478932	.13992	0
1112.15	0	.6112587	.2484877	.1402536	0
1111.15	0	.6103346	.249079	.1405864	0
1110.15	0	.6094144	.2496673	.1409184	0
1109.15	0	.608498	.2502524	.1412495	0
1108.15	0	.6075856	.2508345	.1415799	0
1107.15	0	.6066771	.2514134	.1419094	0
1106.15	0	.6057726	.2519893	.1422381	0
1105.15	0	.604872	.252562	.1425661	0
1104.15	0	.6039752	.2531316	.1428932	0
1103.15	0	.6030825	.2536981	.1432195	0
1102.15	0	.6021936	.2542614	.143545	0
1101.15	0	.6013087	.2548216	.1438697	0
1100.15	0	.6004278	.2553786	.1441936	0
1099.15	0	.5995508	.2559325	.1445167	0
1098.15	0	.5986778	.2564832	.144839	0
1097.15	0	.5978087	.2570307	.1451606	0
1096.15	0	.5969436	.2575751	.1454813	0
1095.15	0	.5960825	.2581163	.1458012	0
1094.15	0	.5952253	.2586543	.1461204	0
1093.15	0	.5943721	.2591891	.1464388	0
1092.15	0	.593523	.2597207	.1467563	0
1091.15	0	.5926778	.2602491	.1470731	0
1090.15	0	.5918366	.2607743	.1473891	0
1089.15	0	.5909994	.2612962	.1477044	0
1088.15	0	.5901663	.2618149	.1480188	0
1087.15	0	.5893371	.2623304	.1483325	0
1086.15	0	.588512	.2628426	.1486454	0
1085.15	0	.5876909	.2633516	.1489575	0
1084.15	0	.5868739	.2638573	.1492688	0
1083.15	0	.5860609	.2643598	.1495793	0
1082.15	0	.5852519	.264859	.1498891	0
1081.15	0	.584447	.2653549	.1501982	0
1080.15	0	.5836461	.2658475	.1505064	0
1079.15	0	.5828494	.2663368	.1508139	0
1078.15	0	.5820567	.2668228	.1511206	0
1077.15	0	.581268	.2673055	.1514265	0
1076.15	0	.5804835	.2677848	.1517316	0
1075.15	0	.5797031	.2682609	.1520361	0
1074.15	0	.5789267	.2687336	.1523397	0
1073.15	0	.5781545	.2692029	.1526426	0
1072.15	0	.5773864	.2696689	.1529447	0
1071.15	0	.5766224	.2701316	.153246	0
1070.15	0	.5758626	.2705908	.1535466	0
1069.15	0	.5751069	.2710467	.1538464	0
1068.15	0	.5743553	.2714992	.1541455	0
1067.15	0	.5736079	.2719483	.1544438	0
1066.15	0	.5728647	.272394	.1547413	0
1065.15	0	.5721256	.2728363	.1550381	0
1064.15	0	.5713907	.2732752	.1553341	0
1063.15	0	.57066	.2737106	.1556294	0
1062.15	0	.5699335	.2741426	.1559239	0
1061.15	0	.5692112	.2745711	.1562177	0
1060.15	0	.5684931	.2749962	.1565107	0
1059.15	0	.5677793	.2754178	.1568029	0
1058.15	0	.5670696	.2758359	.1570944	0
1057.15	0	.5663642	.2762506	.1573852	0
1056.15	0	.5656631	.2766617	.1576752	0
1055.15	0	.5649662	.2770694	.1579644	0
1054.15	0	.5642735	.2774735	.1582529	0
1053.15	0	.5635852	.2778741	.1585407	0
1052.15	0	.5629011	.2782712	.1588277	0
1051.15	0	.5622213	.2786648	.1591139	0
1050.15	0	.5615458	.2790548	.1593994	0
1049.15	0	.5608746	.2794412	.1596842	0
1048.15	0	.5602078	.2798241	.1599682	0
1047.15	0	.5595452	.2802034	.1602514	0
1046.15	0	.558887	.2805791	.1605339	0
1045.15	0	.5582332	.2809512	.1608157	0
1044.15	0	.5575837	.2813196	.1610967	0
1043.15	0	.5569386	.2816845	.1613769	0
1042.15	0	.5562978	.2820457	.1616564	0
1041.15	0	.5556615	.2824033	.1619352	0
1040.15	0	.5550295	.2827573	.1622132	0
1039.15	0	.5544019	.2831076	.1624905	0
1038.15	0	.5537788	.2834542	.162767	0
1037.15	0	.5531601	.2837972	.1630427	0
1036.15	0	.5525458	.2841364	.1633178	0
1035.15	0	.551936	.284472	.163592	0
1034.15	0	.5513306	.2848039	.1638655	0
1033.15	0	.5507297	.285132	.1641383	0
1032.15	0	.5501333	.2854564	.1644103	0
1031.15	0	.5495414	.2857771	.1646816	0
1030.15	0	.5489539	.286094	.1649521	0
1029.15	0	.548371	.2864071	.1652219	0
1028.15	0	.5477926	.2867165	.1654909	0
1027.15	0	.5472187	.2870221	.1657592	0
1026.15	0	.5466494	.2873239	.1660267	0
1025.15	0	.5460846	.287622	.1662934	0
1024.15	0	.5455244	.2879162	.1665594	0
1023.15	0	.5449688	.2882066	.1668247	0
1022.15	0	.5444177	.2884931	.1670892	0
1021.15	0	.5438713	.2887758	.1673529	0
1020.15	0	.5433294	.2890547	.1676159	0
1019.15	0	.5427922	.2893297	.1678781	0
1018.15	0	.5422596	.2896008	.1681396	0
1017.15	0	.5417317	.2898681	.1684003	0
1016.15	0	.5412084	.2901314	.1686602	0
1015.15	0	.5406897	.2903909	.1689194	0
1014.15	0	.5401758	.2906464	.1691778	0
1013.15	0	.5396665	.290898	.1694355	0
1012.15	0	.5391619	.2911457	.1696924	0
1011.15	0	.538662	.2913894	.1699485	0
1010.15	0	.5381669	.2916292	.1702039	0
1009.15	0	.5376765	.2918651	.1704585	0
1008.15	0	.5371908	.2920969	.1707123	0
1007.15	0	.5367099	.2923248	.1709653	0
1006.15	0	.5362337	.2925487	.1712176	0
1005.15	0	.5357623	.2927685	.1714691	0
1004.15	0	.5352957	.2929844	.1717198	0
1003.15	0	.534834	.2931963	.1719698	0
1002.15	0	.534377	.2934041	.172219	0
1001.15	0	.5339248	.2936079	.1724673	0
1000.15	0	.5334775	.2938076	.1727149	0
999.15	0	.533035	.2940033	.1729617	0
998.15	0	.5325974	.2941949	.1732078	0
997.15	0	.5321646	.2943824	.173453	0
996.15	0	.5317367	.2945658	.1736975	0
995.15	0	.5313137	.2947452	.1739411	0
994.15	0	.5308956	.2949204	.174184	0
993.15	0	.5304824	.2950916	.174426	0
992.15	0	.5300741	.2952586	.1746672	0
991.15	0	.5296708	.2954215	.1749077	0
990.15	0	.5292724	.2955803	.1751473	0
989.15	0	.5288789	.2957349	.1753862	0
988.15	0	.5284904	.2958854	.1756242	0
987.15	0	.5281069	.2960317	.1758614	0
986.15	0	.5277284	.2961738	.1760978	0
985.15	0	.5273548	.2963118	.1763334	0
984.15	0	.5269863	.2964456	.1765681	0
983.15	0	.5266228	.2965752	.1768021	0
982.15	0	.5262642	.2967006	.1770351	0
981.15	0	.5259107	.2968218	.1772674	0
980.15	0	.5255623	.2969389	.1774988	0
979.15	0	.5252189	.2970517	.1777294	0
978.15	0	.5248806	.2971603	.1779592	0
977.15	0	.5245473	.2972646	.1781881	0
976.15	0	.5242191	.2973648	.1784161	0
975.15	0	.523896	.2974607	.1786433	0
974.15	0	.523578	.2975524	.1788696	0
973.15	0	.523265	.2976399	.1790951	0
972.15	0	.5229572	.2977231	.1793197	0
971.15	0	.5226545	.297802	.1795435	0
970.15	0	.5223569	.2978767	.1797663	0
969.15	0	.5220645	.2979472	.1799883	0
968.15	0	.5217772	.2980134	.1802094	0
967.15	0	.521495	.2980754	.1804296	0
966.15	0	.521218	.2981331	.180649	0
965.15	0	.5209461	.2981865	.1808674	0
964.15	0	.5206794	.2982357	.1810849	0
963.15	0	.5204178	.2982806	.1813016	0
962.15	0	.5201615	.2983213	.1815173	0
961.15	0	.5199102	.2983577	.1817321	0
960.15	0	.5196642	.2983898	.181946	0
959.15	0	.5194234	.2984177	.1821589	0
958.15	0	.5191877	.2984414	.1823709	0
957.15	0	.5189572	.2984608	.182582	0
956.15	0	.5187319	.2984759	.1827921	0
955.15	0	.5185118	.2984869	.1830013	0
954.15	0	.5182969	.2984935	.1832095	0
953.15	0	.5180872	.298496	.1834168	0
952.15	0	.5178827	.2984942	.1836231	0
951.15	0	.5176834	.2984882	.1838284	0
950.15	0	.5174893	.298478	.1840328	0
949.15	0	.5173003	.2984636	.1842361	0
948.15	0	.5171166	.298445	.1844385	0
947.15	0	.516938	.2984221	.1846398	0
946.15	0	.5167647	.2983952	.1848402	0
945.15	0	.5165965	.298364	.1850395	0
944.15	0	.5164334	.2983287	.1852378	0
943.15	0	.5162756	.2982893	.1854351	0
942.15	0	.516123	.2982458	.1856313	0
941.15	0	.5159754	.2981981	.1858265	0
940.15	0	.5158331	.2981463	.1860206	0
939.15	0	.5156959	.2980905	.1862137	0
938.15	0	.5155638	.2980306	.1864056	0
937.15	0	.5154369	.2979666	.1865965	0
936.15	0	.515315	.2978986	.1867863	0
935.15	0	.5151983	.2978266	.1869751	0
934.15	0	.5150867	.2977506	.1871627	0
933.15	0	.5149802	.2976707	.1873491	0
932.15	0	.5148787	.2975868	.1875345	0
931.15	0	.5147823	.297499	.1877187	0
930.15	0	.5146909	.2974073	.1879018	0
929.15	0	.5146045	.2973118	.1880837	0
928.15	0	.5145232	.2972124	.1882644	0
927.15	0	.5144468	.2971092	.188444	0
926.15	0	.5143754	.2970023	.1886223	0
925.15	0	.5143089	.2968916	.1887995	0
924.15	0	.5142474	.2967772	.1889754	0
923.15	0	.5141907	.2966592	.1891501	0
922.15	0	.5141389	.2965375	.1893236	0
921.15	0	.514092	.2964122	.1894958	0
920.15	0	.5140498	.2962834	.1896668	0
919.15	0	.5140125	.2961511	.1898364	0
918.15	0	.5139799	.2960153	.1900048	0
917.15	0	.513952	.2958761	.1901719	0
916.15	0	.5139288	.2957335	.1903377	0
915.15	0	.5139103	.2955876	.1905021	0
914.15	0	.5138964	.2954384	.1906652	0
913.15	0	.5138871	.295286	.1908269	0
912.15	0	.5138823	.2951305	.1909872	0
911.15	0	.513882	.2949718	.1911462	0
910.15	0	.5138861	.2948101	.1913037	0
909.15	0	.5138947	.2946455	.1914598	0
908.15	0	.5139076	.2944779	.1916145	0
907.15	0	.5139248	.2943075	.1917677	0
906.15	0	.5139463	.2941343	.1919194	0
905.15	0	.513972	.2939584	.1920697	0
904.15	0	.5140018	.2937798	.1922184	0
903.15	0	.5140357	.2935988	.1923655	0
902.15	0	.5140736	.2934152	.1925112	0
901.15	0	.5141155	.2932292	.1926552	0
900.15	0	.5141613	.293041	.1927977	0
899.15	0	.514211	.2928505	.1929385	0
898.15	0	.5142643	.292658	.1930777	0
897.15	0	.5143214	.2924634	.1932153	0
896.15	0	.5143821	.2922668	.1933511	0
895.15	0	.5144462	.2920685	.1934853	0
894.15	0	.5145139	.2918684	.1936177	0
893.15	0	.5145849	.2916668	.1937483	0
892.15	0	.5146592	.2914636	.1938772	0
891.15	0	.5147366	.2912591	.1940043	0
890.15	0	.5148171	.2910534	.1941295	0
889.15	0	.5149006	.2908465	.1942529	0
888.15	0	.514987	.2906386	.1943744	0
887.15	0	.5150762	.2904299	.1944939	0
886.15	0	.515168	.2902206	.1946115	0
885.15	0	.5152623	.2900106	.1947271	0
884.15	0	.5153591	.2898003	.1948406	0
883.15	0	.5154582	.2895897	.1949521	0
882.15	0	.5155594	.289379	.1950616	0
881.15	0	.5156627	.2891684	.1951689	0
880.15	0	.5157679	.2889581	.195274	0
879.15	0	.5158748	.2887483	.1953769	0
878.15	0	.5159833	.2885391	.1954775	0
877.15	0	.5160933	.2883308	.1955759	0
876.15	0	.5162045	.2881236	.1956719	0
875.15	0	.5163169	.2879176	.1957655	0
874.15	0	.5164301	.2877132	.1958567	0
873.15	0	.5165441	.2875105	.1959454	0
872.15	0	.5166587	.2873098	.1960316	0
871.15	0	.5167735	.2871113	.1961152	0
870.15	0	.5168886	.2869154	.1961961	0
869.15	0	.5170035	.2867223	.1962742	0
868.15	0	.517118	.2865323	.1963496	0
867.15	0	.517232	.2863458	.1964222	0
866.15	0	.5173452	.2861629	.1964918	0
865.15	0	.5174573	.2859842	.1965584	0
864.15	0	.517568	.28581	.196622	0
863.15	0	.5176771	.2856405	.1966824	0
862.15	0	.5177841	.2854763	.1967395	0
861.15	0	.5178888	.2853178	.1967933	0
860.15	0	.5179909	.2851654	.1968437	0
859.15	0	.5180899	.2850196	.1968905	0
858.15	0	.5181855	.2848809	.1969336	0
857.15	0	.5182772	.2847499	.196973	0
856.15	0	.5183646	.284627	.1970084	0
855.15	0	.5184472	.284513	.1970398	0
854.15	0	.5185245	.2844085	.197067	0
853.15	0	.5185961	.2843141	.1970898	0
852.15	0	.5184796	.2844501	.1970703	0
851.15	0	.5182265	.2847566	.1970169	0
850.15	0	.5180154	.2850179	.1969667	0
849.15	0	.5178433	.2852376	.1969191	0
848.15	0	.5177071	.2854189	.196874	0
847.15	0	.5176042	.2855648	.196831	0
846.15	0	.517532	.285678	.19679	0
845.15	0	.5174884	.2857609	.1967506	0
844.15	0	.5174714	.2858158	.1967128	0
843.15	0	.5174789	.2858447	.1966764	0
842.15	0	.5175093	.2858495	.1966412	0
841.15	0	.517561	.2858319	.1966071	0
840.15	0	.5176325	.2857935	.196574	0
839.15	0	.5177224	.2857359	.1965417	0
838.15	0	.5178293	.2856605	.1965102	0
837.15	0	.5179522	.2855684	.1964794	0
836.15	0	.5180898	.2854609	.1964493	0
835.15	0	.5182411	.2853392	.1964197	0
834.15	0	.5184052	.2852043	.1963906	0
833.15	0	.518581	.285057	.1963619	0
832.15	0	.5187679	.2848985	.1963336	0
831.15	0	.5189649	.2847295	.1963056	0
830.15	0	.5191712	.2845508	.196278	0
829.15	0	.5193862	.2843632	.1962506	0
828.15	0	.5196092	.2841674	.1962234	0
827.15	0	.5198396	.283964	.1961964	0
826.15	0	.5200767	.2837537	.1961696	0
825.15	0	.52032	.283537	.196143	0
824.15	0	.520569	.2833146	.1961164	0
823.15	0	.5208232	.2830869	.1960899	0
822.15	0	.5210821	.2828544	.1960636	0
821.15	0	.5213452	.2826176	.1960372	0
820.15	0	.5216122	.2823769	.1960109	0
819.15	0	.5218826	.2821327	.1959847	0
818.15	0	.5221561	.2818855	.1959584	0
817.15	0	.5224324	.2816355	.1959322	0
816.15	0	.522711	.2813831	.1959059	0
815.15	0	.5229917	.2811286	.1958797	0
814.15	0	.5232742	.2808724	.1958534	0
813.15	0	.5235582	.2806147	.195827	0
812.15	0	.5238435	.2803558	.1958007	0
811.15	0	.5241298	.280096	.1957742	0
810.15	0	.5244169	.2798354	.1957478	0
809.15	0	.5247045	.2795743	.1957212	0
808.15	0	.5249925	.2793129	.1956946	0
807.15	0	.5252806	.2790514	.195668	0
806.15	0	.5255688	.27879	.1956412	0
805.15	0	.5258567	.2785289	.1956144	0
804.15	0	.5261443	.2782682	.1955875	0
803.15	0	.5264314	.2780081	.1955605	0
802.15	0	.5267178	.2777487	.1955335	0
801.15	0	.5270035	.2774902	.1955063	0
800.15	0	.5272882	.2772327	.1954791	0
799.15	0	.527572	.2769762	.1954518	0
798.15	0	.5278546	.276721	.1954244	0
797.15	0	.528136	.2764671	.1953969	0
796.15	0	.5284161	.2762146	.1953693	0
795.15	0	.5286948	.2759636	.1953416	0
794.15	0	.528972	.2757141	.1953139	0
793.15	0	.5292476	.2754664	.195286	0
792.15	0	.5295216	.2752204	.195258	0
791.15	0	.5297939	.2749761	.19523	0
790.15	0	.5300644	.2747337	.1952018	0
789.15	0	.5303331	.2744933	.1951736	0
788.15	0	.5306	.2742548	.1951453	0
787.15	0	.5308649	.2740183	.1951169	0
786.15	0	.5311278	.2737838	.1950883	0
785.15	0	.5313888	.2735515	.1950597	0
784.15	0	.5316477	.2733213	.195031	0
783.15	0	.5319045	.2730933	.1950022	0
782.15	0	.5321592	.2728674	.1949733	0
781.15	0	.5324118	.2726438	.1949444	0
780.15	0	.5326623	.2724224	.1949153	0
779.15	0	.5329106	.2722033	.1948861	0
778.15	0	.5331567	.2719865	.1948569	0
777.15	0	.5334005	.2717719	.1948276	0
776.15	0	.5336422	.2715597	.1947981	0
775.15	0	.5338816	.2713498	.1947686	0
774.15	0	.5341187	.2711422	.194739	0
773.15	0	.5343537	.270937	.1947094	0
772.15	0	.5345863	.2707341	.1946796	0
771.15	0	.5348167	.2705336	.1946497	0
770.15	0	.5350448	.2703354	.1946198	0
769.15	0	.5352707	.2701396	.1945898	0
768.15	0	.5354942	.2699461	.1945597	0
767.15	0	.5357155	.269755	.1945295	0
766.15	0	.5359346	.2695662	.1944992	0
765.15	0	.5361514	.2693798	.1944689	0
764.15	0	.5363659	.2691957	.1944384	0
763.15	0	.5365781	.2690139	.1944079	0
762.15	0	.5367882	.2688345	.1943773	0
761.15	0	.5369959	.2686574	.1943467	0
760.15	0	.5372015	.2684826	.1943159	0
759.15	0	.5374048	.2683101	.1942851	0
758.15	0	.5376059	.2681398	.1942542	0
757.15	0	.5378049	.2679719	.1942232	0
756.15	0	.5380016	.2678062	.1941922	0
755.15	0	.5381961	.2676428	.1941611	0
754.15	0	.5383885	.2674816	.1941299	0
753.15	0	.5385788	.2673226	.1940986	0
752.15	0	.5387669	.2671658	.1940673	0
751.15	0	.5389529	.2670113	.1940359	0
750.15	0	.5391367	.2668589	.1940044	0
749.15	0	.5393185	.2667087	.1939728	0
748.15	0	.5394982	.2665606	.1939412	0
747.15	0	.5396758	.2664147	.1939095	0
746.15	0	.5398513	.2662709	.1938778	0
745.15	0	.5400249	.2661292	.193846	0
744.15	0	.5401964	.2659896	.1938141	0
743.15	0	.5403659	.265852	.1937821	0
742.15	0	.5405334	.2657165	.1937501	0
741.15	0	.5406989	.265583	.193718	0
740.15	0	.5408625	.2654516	.1936859	0
739.15	0	.5410242	.2653222	.1936537	0
738.15	0	.5411839	.2651947	.1936214	0
737.15	0	.5413417	.2650692	.193589	0
736.15	0	.5414977	.2649457	.1935566	0
735.15	0	.5416518	.2648241	.1935242	0
734.15	0	.541804	.2647044	.1934917	0
733.15	0	.5419544	.2645866	.1934591	0
732.15	0	.5421029	.2644706	.1934264	0
731.15	0	.5422497	.2643566	.1933937	0
730.15	0	.5423946	.2642444	.193361	0
729.15	0	.5425378	.264134	.1933282	0
728.15	0	.5426793	.2640254	.1932953	0
727.15	0	.542819	.2639186	.1932624	0
726.15	0	.542957	.2638136	.1932294	0
725.15	0	.5430933	.2637103	.1931964	0
724.15	0	.5432279	.2636088	.1931633	0
723.15	0	.5433633	.2635073	.1931295	0
722.15	0	.5434944	.2634093	.1930963	0
721.15	0	.5436239	.263313	.1930631	0
720.15	0	.5437518	.2632184	.1930299	0
719.15	0	.5438781	.2631254	.1929966	0
718.15	0	.5440028	.2630341	.1929632	0
717.15	0	.5441259	.2629443	.1929298	0
716.15	0	.5442475	.2628562	.1928963	0
715.15	0	.5443676	.2627696	.1928628	0
714.15	0	.5444862	.2626846	.1928293	0
713.15	0	.5446033	.2626011	.1927956	0
712.15	0	.5447188	.2625192	.192762	0
711.15	0	.544833	.2624388	.1927283	0
710.15	0	.5449456	.2623599	.1926945	0
709.15	0	.5450569	.2622824	.1926607	0
708.15	0	.5451667	.2622064	.1926269	0
707.15	0	.5452751	.2621319	.192593	0
706.15	0	.5453821	.2620588	.192559	0
705.15	0	.5454878	.2619872	.1925251	0
704.15	0	.545592	.2619169	.192491	0
703.15	0	.545695	.2618481	.192457	0
702.15	0	.5457966	.2617806	.1924229	0
701.15	0	.5458968	.2617144	.1923887	0
700.15	0	.5459958	.2616497	.1923545	0
699.15	0	.5460935	.2615862	.1923203	0
698.15	0	.5461899	.2615241	.1922861	0
697.15	0	.546285	.2614633	.1922518	0
696.15	0	.5463789	.2614037	.1922174	0
695.15	0	.5464715	.2613455	.192183	0
694.15	0	.5465629	.2612885	.1921486	0
693.15	0	.5466531	.2612327	.1921142	0
692.15	0	.5467421	.2611782	.1920797	0
691.15	0	.5468299	.2611249	.1920452	0
690.15	0	.5469165	.2610728	.1920106	0
689.15	0	.547002	.2610219	.1919761	0
688.15	0	.5470863	.2609722	.1919415	0
687.15	0	.5471695	.2609237	.1919068	0
686.15	0	.5472516	.2608763	.1918721	0
685.15	0	.5473325	.26083	.1918374	0
684.15	0	.5474124	.2607849	.1918027	0
683.15	0	.5474911	.2607409	.1917679	0
682.15	0	.5475688	.260698	.1917332	0
681.15	0	.5476454	.2606562	.1916984	0
680.15	0	.547721	.2606155	.1916635	0
679.15	0	.5477955	.2605759	.1916286	0
678.15	0	.547869	.2605373	.1915938	0
677.15	0	.5479414	.2604997	.1915588	0
676.15	0	.5480129	.2604632	.1915239	0
675.15	0	.5480834	.2604277	.1914889	0
674.15	0	.5481528	.2603932	.191454	0
673.15	0	.5482213	.2603597	.191419	0
672.15	0	.5482888	.2603272	.1913839	0
671.15	0	.5483554	.2602957	.1913489	0
670.15	0	.548421	.2602651	.1913138	0
669.15	0	.5484858	.2602355	.1912787	0
668.15	0	.5485495	.2602069	.1912436	0
667.15	0	.5486124	.2601791	.1912085	0
666.15	0	.5486743	.2601523	.1911734	0
665.15	0	.5487354	.2601264	.1911382	0
664.15	0	.5487955	.2601014	.1911031	0
663.15	0	.5488548	.2600773	.1910679	0
662.15	0	.5489133	.2600541	.1910327	0
661.15	0	.5489708	.2600317	.1909975	0
660.15	0	.5490276	.2600102	.1909623	0
659.15	0	.5490834	.2599895	.190927	0
658.15	0	.5491385	.2599697	.1908918	0
657.15	0	.5491927	.2599508	.1908565	0
656.15	0	.5492461	.2599326	.1908212	0
655.15	0	.5492988	.2599152	.190786	0
654.15	0	.5493506	.2598987	.1907507	0
653.15	0	.5494016	.259883	.1907154	0
652.15	0	.5494519	.259868	.1906801	0
651.15	0	.5495014	.2598538	.1906448	0
650.15	0	.5495502	.2598404	.1906095	0
649.15	0	.5495982	.2598277	.1905741	0
648.15	0	.5496454	.2598158	.1905388	0
647.15	0	.5496919	.2598046	.1905035	0
646.15	0	.5497377	.2597942	.1904681	0
645.15	0	.5497828	.2597844	.1904328	0
644.15	0	.5498271	.2597754	.1903975	0
643.15	0	.5498708	.2597671	.1903621	0
642.15	0	.5499137	.2597595	.1903268	0
641.15	0	.549956	.2597526	.1902914	0
640.15	0	.5499976	.2597463	.1902561	0
639.15	0	.5500385	.2597407	.1902208	0
638.15	0	.5500788	.2597358	.1901854	0
637.15	0	.5501184	.2597316	.1901501	0
636.15	0	.5501573	.259728	.1901147	0
635.15	0	.5501956	.259725	.1900794	0
634.15	0	.5502333	.2597227	.1900441	0
633.15	0	.5502703	.259721	.1900087	0
632.15	0	.5503067	.2597199	.1899734	0
631.15	0	.5503425	.2597194	.1899381	0
630.15	0	.5503777	.2597195	.1899028	0
629.15	0	.5504123	.2597202	.1898675	0
628.15	0	.5504463	.2597215	.1898322	0
627.15	0	.5504797	.2597234	.1897969	0
626.15	0	.5505125	.2597259	.1897617	0
625.15	0	.5505447	.2597289	.1897264	0
624.15	0	.5505764	.2597325	.1896911	0
623.15	0	.5506075	.2597367	.1896559	0
622.15	0	.550638	.2597413	.1896207	0
621.15	0	.550668	.2597466	.1895855	0
620.15	0	.5506974	.2597523	.1895502	0
619.15	0	.5507263	.2597586	.1895151	0
618.15	0	.5507547	.2597654	.1894799	0
617.15	0	.5507825	.2597727	.1894447	0
616.15	0	.5508099	.2597806	.1894096	0
615.15	0	.5508367	.2597889	.1893744	0
614.15	0	.5508629	.2597977	.1893393	0
613.15	0	.5508887	.259807	.1893042	0
612.15	0	.550914	.2598168	.1892692	0
611.15	0	.5509388	.2598271	.1892341	0
610.15	0	.5509631	.2598378	.1891991	0
609.15	0	.5509869	.259849	.1891641	0
608.15	0	.5510103	.2598607	.1891291	0
607.15	0	.5510332	.2598728	.1890941	0
606.15	0	.5510555	.2598853	.1890591	0
605.15	0	.5510775	.2598983	.1890242	0
604.15	0	.551099	.2599117	.1889893	0
603.15	0	.55112	.2599256	.1889544	0
602.15	0	.5511406	.2599399	.1889195	0
601.15	0	.5511607	.2599546	.1888847	0
600.15	0	.5511804	.2599697	.1888499	0
599.15	0	.5511997	.2599852	.1888151	0
598.15	0	.5512185	.2600011	.1887804	0
597.15	0	.551237	.2600174	.1887456	0
596.15	0	.551255	.2600341	.188711	0
595.15	0	.5512726	.2600512	.1886763	0
594.15	0	.5512897	.2600686	.1886417	0
593.15	0	.5513065	.2600865	.188607	0
592.15	0	.5513229	.2601046	.1885725	0
591.15	0	.5513389	.2601232	.1885379	0
590.15	0	.5513545	.2601421	.1885034	0
589.15	0	.5513697	.2601614	.1884689	0
588.15	0	.5513845	.260181	.1884345	0
587.15	0	.5513989	.260201	.1884001	0
586.15	0	.551413	.2602213	.1883657	0
585.15	0	.5514267	.2602419	.1883314	0
584.15	0	.55144	.2602629	.1882971	0
583.15	0	.551453	.2602842	.1882628	0
582.15	0	.5514656	.2603058	.1882286	0
581.15	0	.5514779	.2603278	.1881944	0
580.15	0	.5514898	.26035	.1881602	0
579.15	0	.5515014	.2603725	.1881261	0
578.15	0	.5515126	.2603954	.188092	0
577.15	0	.5515235	.2604185	.188058	0
576.15	0	.551534	.260442	.188024	0
575.15	0	.5515443	.2604657	.1879901	0
574.15	0	.5515542	.2604897	.1879562	0
573.15	0	.5515638	.2605139	.1879223	0
572.15	0	.551573	.2605385	.1878885	0
571.15	0	.551582	.2605633	.1878547	0
570.15	0	.5515906	.2605884	.187821	0
569.15	0	.5515989	.2606138	.1877873	0
568.15	0	.551607	.2606394	.1877537	0
567.15	0	.5516147	.2606653	.1877201	0
566.15	0	.5516221	.2606914	.1876865	0
565.15	0	.5516292	.2607177	.187653	0
564.15	0	.5516361	.2607443	.1876196	0
563.15	0	.5516427	.2607712	.1875862	0
562.15	0	.5516489	.2607982	.1875528	0
561.15	0	.5516549	.2608255	.1875196	0
560.15	0	.5516606	.2608531	.1874863	0
559.15	0	.5516661	.2608808	.1874531	0
558.15	0	.5516713	.2609088	.18742	0
557.15	0	.5516762	.2609369	.1873869	0
556.15	0	.5516808	.2609653	.1873539	0
555.15	0	.5516852	.2609939	.1873209	0
554.15	0	.5516893	.2610227	.187288	0
553.15	0	.5516932	.2610517	.1872551	0
552.15	0	.5516968	.2610809	.1872223	0
551.15	0	.5517002	.2611103	.1871895	0
550.15	0	.5517033	.2611398	.1871568	0
549.15	0	.5517062	.2611696	.1871242	0
548.15	0	.5517089	.2611995	.1870916	0
547.15	0	.5517113	.2612296	.1870591	0
546.15	0	.5517135	.2612599	.1870266	0
545.15	0	.5517154	.2612904	.1869942	0
544.15	0	.5517171	.261321	.1869619	0
543.15	0	.5517186	.2613518	.1869296	0
542.15	0	.5517199	.2613827	.1868974	0
541.15	0	.5517209	.2614138	.1868652	0
540.15	0	.5517218	.2614451	.1868331	0
539.15	0	.5517224	.2614765	.1868011	0
538.15	0	.5517228	.261508	.1867692	0
537.15	0	.551723	.2615397	.1867373	0
536.15	0	.551723	.2615716	.1867054	0
535.15	0	.5517228	.2616035	.1866737	0
534.15	0	.5517224	.2616357	.186642	0
533.15	0	.5517218	.2616679	.1866104	0
532.15	0	.551721	.2617003	.1865788	0
531.15	0	.55172	.2617327	.1865473	0
530.15	0	.5517188	.2617654	.1865159	0
529.15	0	.5517174	.2617981	.1864845	0
528.15	0	.5517158	.2618309	.1864533	0
527.15	0	.5517141	.2618639	.186422	0
526.15	0	.5517121	.261897	.1863909	0
526.103	0	.5517121	.2618985	.1863894	0
526.103	0	.5517121	.2618985	.1863894	0
526.103	0	.5517121	.2618985	.1863894	0
525.15	0	.5520043	.2612804	.1860602	6.550742E-04
524.15	0	.552309	.2606348	.1857158	.001340397
523.15	0	.5526115	.2599923	.1853726	.002023642
522.15	0	.552912	.2593527	.1850305	.002704829
521.15	0	.5532105	.2587162	.1846894	.003383978
520.15	0	.5535069	.2580825	.1843495	.004061107
519.15	0	.5538014	.2574517	.1840106	.004736235
518.15	0	.554094	.2568238	.1836728	.005409382
517.15	0	.5543846	.2561987	.1833361	.006080565
516.15	0	.5546734	.2555764	.1830004	.006749802
515.15	0	.5549603	.2549568	.1826658	.007417113
514.15	0	.5552453	.25434	.1823322	.008082515
513.15	0	.5555285	.2537258	.1819997	.008746025
512.15	0	.55581	.2531143	.1816681	.009407661
511.15	0	.5560897	.2525053	.1813376	.01006744
510.15	0	.5563676	.251899	.1810081	.01072538
509.15	0	.5566438	.2512952	.1806795	.0113815
508.15	0	.5569184	.2506939	.180352	.01203581
507.15	0	.5571912	.2500951	.1800254	.01268833
506.15	0	.5574625	.2494987	.1796998	.01333908
505.15	0	.5577321	.2489047	.1793751	.01398808
504.15	0	.5580001	.2483132	.1790514	.01463533
503.15	0	.5582665	.247724	.1787287	.01528086
502.15	0	.5585313	.2471371	.1784069	.01592468
501.15	0	.5587947	.2465525	.178086	.01656681
500.15	0	.5590565	.2459702	.177766	.01720726
499.15	0	.5593168	.2453902	.177447	.01784605
498.15	0	.5595757	.2448123	.1771288	.01848319
497.15	0	.5598331	.2442366	.1768116	.0191187
496.15	0	.560089	.2436631	.1764953	.01975259
495.15	0	.5603436	.2430918	.1761798	.02038488
494.15	0	.5605967	.2425225	.1758652	.02101558
493.15	0	.5608485	.2419553	.1755515	.02164471
492.15	0	.5610989	.2413901	.1752387	.02227227
491.15	0	.561348	.240827	.1749267	.0228983
490.15	0	.5615959	.2402658	.1746154	.02352282
489.15	0	.5618424	.2397067	.1743051	.0241458
488.15	0	.5620876	.2391495	.1739957	.02476727
487.15	0	.5623315	.2385942	.173687	.02538724
486.15	0	.5625742	.2380408	.1733792	.02600575
485.15	0	.5628157	.2374893	.1730723	.02662278
484.15	0	.5630559	.2369396	.1727661	.02723837
483.15	0	.563295	.2363918	.1724607	.02785252
482.15	0	.5635328	.2358457	.1721562	.02846524
481.15	0	.5637696	.2353015	.1718524	.02907655
480.15	0	.5640051	.2347589	.1715495	.02968647
479.15	0	.5642396	.2342182	.1712473	.03029499
478.15	0	.5644729	.2336791	.1709459	.03090215
477.15	0	.5647051	.2331417	.1706452	.03150793
476.15	0	.5649363	.232606	.1703454	.03211237
475.15	0	.5651663	.2320719	.1700463	.03271547
474.15	0	.5653954	.2315395	.1697479	.03331725
473.15	0	.5656233	.2310087	.1694503	.03391771
472.15	0	.5658503	.2304794	.1691535	.03451686
471.15	0	.5660763	.2299517	.1688573	.03511473
470.15	0	.5663012	.2294255	.168562	.03571131
469.15	0	.5665252	.2289009	.1682673	.03630663
468.15	0	.5667482	.2283777	.1679734	.03690069
467.15	0	.5669703	.227856	.1676802	.03749351
466.15	0	.5671914	.2273358	.1673876	.03808508
465.15	0	.5674116	.2268171	.1670959	.03867544
464.15	0	.5676309	.2262997	.1668048	.03926458
463.15	0	.5678493	.2257837	.1665144	.03985252
462.15	0	.5680669	.2252692	.1662247	.04043927
461.15	0	.5682835	.224756	.1659357	.04102483
460.15	0	.5684993	.2242441	.1656474	.04160923
459.15	0	.5687142	.2237336	.1653597	.04219246
458.15	0	.5689283	.2232243	.1650728	.04277455
457.15	0	.5691416	.2227164	.1647865	.04335549
456.15	0	.5693541	.2222097	.1645009	.0439353
455.15	0	.5695658	.2217043	.1642159	.044514
454.15	0	.5697767	.2212002	.1639316	.04509158
453.15	0	.5699868	.2206972	.1636479	.04566806
452.15	0	.5701962	.2201955	.1633649	.04624345
451.15	0	.5704048	.2196949	.1630826	.04681776
450.15	0	.5706126	.2191955	.1628008	.047391
449.15	0	.5708198	.2186972	.1625198	.04796318
448.15	0	.5710263	.2182001	.1622393	.04853432
447.15	0	.571232	.217704	.1619595	.04910442
446.15	0	.5714371	.2172091	.1616804	.04967349
445.15	0	.5716415	.2167152	.1614018	.05024153
