T	 BPW(LIQUID)	BPW(BCC_A2)	BPW(FCC_A1)	BPW(LAVES_PHASE_C14)	BPW(NI3TI)
1473.15	.4260234	.5739766	0	0	0
1472.15	.4226575	.5773425	0	0	0
1471.15	.419314	.580686	0	0	0
1470.15	.4159929	.5840071	0	0	0
1469.15	.412694	.587306	0	0	0
1468.15	.4094171	.5905829	0	0	0
1467.15	.406162	.593838	0	0	0
1466.15	.4029288	.5970712	0	0	0
1465.15	.3997171	.6002829	0	0	0
1464.15	.3965268	.6034732	0	0	0
1463.15	.3933579	.6066421	0	0	0
1462.15	.3902101	.6097899	0	0	0
1461.15	.3870833	.6129167	0	0	0
1460.15	.3839774	.6160226	0	0	0
1459.15	.3808923	.6191077	0	0	0
1458.15	.3778277	.6221723	0	0	0
1457.15	.3747836	.6252164	0	0	0
1456.15	.3717598	.6282402	0	0	0
1455.15	.3687562	.6312438	0	0	0
1454.15	.3657726	.6342274	0	0	0
1453.15	.3628089	.6371911	0	0	0
1452.15	.359865	.640135	0	0	0
1451.15	.3569408	.6430593	0	0	0
1450.15	.354036	.645964	0	0	0
1449.15	.3511506	.6488494	0	0	0
1448.15	.3482845	.6517155	0	0	0
1447.15	.3454375	.6545625	0	0	0
1446.15	.3426095	.6573905	0	0	0
1445.15	.3398003	.6601997	0	0	0
1444.15	.3370099	.6629901	0	0	0
1443.15	.3342381	.6657619	0	0	0
1442.15	.3314848	.6685152	0	0	0
1441.15	.3287498	.6712502	0	0	0
1440.15	.326033	.673967	0	0	0
1439.15	.3233344	.6766656	0	0	0
1438.15	.3206538	.6793462	0	0	0
1437.15	.317991	.682009	0	0	0
1436.15	.3153459	.6846541	0	0	0
1435.15	.3127185	.6872815	0	0	0
1434.15	.3101086	.6898914	0	0	0
1433.15	.3075161	.6924839	0	0	0
1432.15	.3049409	.6950591	0	0	0
1431.15	.3023828	.6976172	0	0	0
1430.15	.2998417	.7001583	0	0	0
1429.15	.2973176	.7026824	0	0	0
1428.673	.2961205	.7038795	0	0	0
1428.673	.2961205	.7038795	0	0	0
1428.673	.2961205	.7038795	0	0	0
1428.15	.2939491	.7052369	0	8.140056E-04	0
1427.15	.2898417	.7078012	0	.002357054	0
1426.15	.2857873	.7103282	0	.003884429	0
1425.15	.2817849	.7128186	0	.005396446	0
1424.15	.2778335	.715273	0	.006893413	0
1423.15	.2739321	.7176922	0	.008375628	0
1422.15	.2700798	.7200768	0	.009843383	0
1421.15	.2662755	.7224275	0	.01129696	0
1420.15	.2625184	.724745	0	.01273664	0
1419.15	.2588075	.7270298	0	.0141627	0
1418.15	.2551421	.7292826	0	.01557538	0
1417.15	.2515211	.7315039	0	.01697496	0
1416.15	.2479439	.7336944	0	.01836168	0
1415.15	.2444095	.7358547	0	.01973578	0
1414.15	.2409173	.7379852	0	.0210975	0
1413.15	.2374663	.7400866	0	.02244708	0
1412.15	.2340559	.7421593	0	.02378475	0
1411.15	.2306854	.7442039	0	.02511072	0
1410.15	.2273539	.7462209	0	.0264252	0
1409.15	.2240608	.7482108	0	.02772842	0
1408.15	.2208054	.750174	0	.02902057	0
1407.15	.217587	.7521111	0	.03030185	0
1406.15	.214405	.7540225	0	.03157247	0
1405.15	.2112588	.7559086	0	.03283262	0
1404.15	.2081476	.75777	0	.03408247	0
1403.15	.2050708	.7596069	0	.03532222	0
1402.15	.202028	.7614199	0	.03655204	0
1401.15	.1990185	.7632094	0	.03777211	0
1400.15	.1960417	.7649758	0	.03898259	0
1399.15	.193097	.7667194	0	.04018365	0
1398.15	.1901839	.7684406	0	.04137547	0
1397.15	.1873019	.7701399	0	.04255819	0
1396.15	.1844505	.7718176	0	.04373196	0
1395.15	.1816291	.773474	0	.04489696	0
1394.15	.1788372	.7751095	0	.04605331	0
1393.15	.1760743	.7767246	0	.04720117	0
1392.15	.17334	.7783194	0	.04834068	0
1391.15	.1706337	.7798943	0	.04947198	0
1390.15	.1679551	.7814497	0	.0505952	0
1389.15	.1653036	.7829859	0	.05171049	0
1388.15	.1626789	.7845032	0	.05281796	0
1387.15	.1600804	.7860019	0	.05391774	0
1386.15	.1575078	.7874823	0	.05500997	0
1385.15	.1549606	.7889446	0	.05609476	0
1384.15	.1524385	.7903893	0	.05717223	0
1383.15	.149941	.7918165	0	.0582425	0
1382.15	.1474678	.7932265	0	.05930568	0
1381.15	.1450184	.7946197	0	.06036189	0
1380.15	.1425925	.7959963	0	.06141124	0
1379.15	.1401897	.7973564	0	.06245383	0
1378.15	.1378097	.7987005	0	.06348977	0
1377.15	.1354521	.8000287	0	.06451917	0
1376.15	.1331166	.8013413	0	.06554211	0
1375.15	.1308027	.8026386	0	.06655871	0
1374.15	.1285103	.8039207	0	.06756906	0
1373.15	.1262389	.8051879	0	.06857326	0
1372.15	.1239883	.8064404	0	.06957139	0
1371.15	.121758	.8076784	0	.07056355	0
1370.15	.1195479	.8089023	0	.07154983	0
1369.15	.1173576	.8101121	0	.07253032	0
1368.15	.1151868	.8113081	0	.07350511	0
1367.15	.1130353	.8124904	0	.07447426	0
1366.15	.1109027	.8136594	0	.07543788	0
1365.15	.1087887	.8148152	0	.07639605	0
1364.15	.1066931	.815958	0	.07734883	0
1363.15	.1046157	.817088	0	.07829631	0
1362.15	.1025561	.8182054	0	.07923857	0
1361.15	.1005141	.8193103	0	.08017568	0
1360.15	.09848937	.8204029	0	.08110771	0
1359.15	.09648177	.8214835	0	.08203474	0
1358.15	.09449101	.8225521	0	.08295684	0
1357.15	.09251685	.8236091	0	.08387407	0
1356.15	.09055904	.8246545	0	.08478652	0
1355.15	.08861735	.8256884	0	.08569423	0
1354.15	.08669157	.8267112	0	.08659728	0
1353.15	.08478146	.8277228	0	.08749574	0
1352.15	.0828868	.8287235	0	.08838966	0
1351.15	.08100737	.8297135	0	.08927911	0
1350.15	.07914296	.8306929	0	.09016415	0
1349.15	.07729337	.8316618	0	.09104484	0
1348.15	.07545838	.8326204	0	.09192124	0
1347.15	.07363779	.8335688	0	.09279341	0
1346.15	.07183141	.8345072	0	.0936614	0
1345.15	.07003904	.8354357	0	.09452527	0
1344.15	.06826049	.8363544	0	.09538507	0
1343.15	.06649557	.8372636	0	.09624087	0
1342.15	.06474409	.8381632	0	.0970927	0
1341.15	.06300587	.8390535	0	.09794063	0
1340.15	.06128073	.8399346	0	.09878469	0
1339.15	.0595685	.8408065	0	.09962496	0
1338.15	.057869	.8416695	0	.1004615	0
1337.15	.05618206	.8425237	0	.1012943	0
1336.15	.05450751	.8433691	0	.1021234	0
1335.15	.0528452	.8442059	0	.1029489	0
1334.15	.05119495	.8450342	0	.1037709	0
1333.15	.04955661	.8458541	0	.1045893	0
1332.15	.04793001	.8466657	0	.1054043	0
1331.15	.04631502	.8474692	0	.1062158	0
1330.15	.04471146	.8482646	0	.107024	0
1329.15	.04311921	.8490521	0	.1078288	0
1328.15	.04153809	.8498317	0	.1086302	0
1327.15	.03996798	.8506036	0	.1094285	0
1326.15	.03840873	.8513678	0	.1102234	0
1325.15	.0368602	.8521246	0	.1110152	0
1324.15	.03532225	.8528738	0	.1118039	0
1323.15	.03379475	.8536158	0	.1125895	0
1322.15	.03227755	.8543505	0	.1133719	0
1321.15	.03077054	.8550781	0	.1141514	0
1320.15	.02927358	.8557986	0	.1149278	0
1319.15	.02778654	.8565122	0	.1157013	0
1318.15	.0263093	.8572188	0	.1164719	0
1317.15	.02484173	.8579188	0	.1172395	0
1316.15	.02338371	.858612	0	.1180043	0
1315.15	.02193512	.8592986	0	.1187663	0
1314.15	.02049585	.8599786	0	.1195255	0
1313.55	.01963699	.8603835	0	.1199796	0
1313.55	.01963699	.8603835	0	.1199796	0
1313.55	.01963699	.8603835	0	.1199796	0
1313.15	.01649735	.8590827	.003846729	.1205732	0
1312.15	.008661427	.8558803	.01341193	.1220463	0
1311.15	8.383087E-04	.8527459	.02291106	.1235048	0
1311.043	0	.8524137	.02392599	.1236603	0
1311.043	0	.8524137	.02392599	.1236603	0
1310.15	0	.8509973	.02486922	.1241335	0
1309.15	0	.8494149	.02592299	.1246621	0
1308.15	0	.847837	.02697385	.1251892	0
1307.15	0	.8462634	.0280218	.1257148	0
1306.15	0	.8446942	.02906684	.1262389	0
1305.15	0	.8431294	.03010899	.1267616	0
1304.15	0	.841569	.03114824	.1272828	0
1303.15	0	.8400129	.0321846	.1278025	0
1302.15	0	.8384612	.03321809	.1283207	0
1301.15	0	.8369137	.0342487	.1288375	0
1300.15	0	.8353706	.03527645	.1293529	0
1299.15	0	.8338318	.03630134	.1298668	0
1298.15	0	.8322973	.03732337	.1303793	0
1297.15	0	.8307671	.03834256	.1308904	0
1296.15	0	.8292411	.0393589	.1314	0
1295.15	0	.8277194	.04037241	.1319082	0
1294.15	0	.8262019	.04138309	.132415	0
1293.15	0	.8246887	.04239095	.1329204	0
1292.15	0	.8231796	.04339599	.1334244	0
1291.15	0	.8216748	.04439822	.133927	0
1290.15	0	.8201742	.04539764	.1344282	0
1289.15	0	.8186777	.04639426	.134928	0
1288.15	0	.8171855	.04738809	.1354264	0
1287.15	0	.8156974	.04837913	.1359235	0
1286.15	0	.8142134	.04936739	.1364192	0
1285.15	0	.8127336	.05035288	.1369135	0
1284.15	0	.8112579	.05133559	.1374065	0
1283.15	0	.8097864	.05231553	.1378981	0
1282.15	0	.8083189	.05329272	.1383884	0
1281.15	0	.8068555	.05426715	.1388773	0
1280.15	0	.8053963	.05523883	.1393649	0
1279.15	0	.8039411	.05620777	.1398512	0
1278.15	0	.8024899	.05717397	.1403361	0
1277.15	0	.8010428	.05813744	.1408197	0
1276.15	0	.7995998	.05909817	.141302	0
1275.15	0	.7981608	.06005619	.141783	0
1274.15	0	.7967258	.06101149	.1422627	0
1273.15	0	.7952949	.06196407	.1427411	0
1272.15	0	.7938679	.06291395	.1432181	0
1271.15	0	.792445	.06386112	.1436939	0
1270.15	0	.791026	.0648056	.1441684	0
1269.15	0	.789611	.06574738	.1446417	0
1268.15	0	.7881999	.06668648	.1451136	0
1267.15	0	.7867928	.06762289	.1455843	0
1266.15	0	.7853897	.06855663	.1460537	0
1265.15	0	.7839905	.06948769	.1465218	0
1264.15	0	.7825952	.07041608	.1469887	0
1263.15	0	.7812038	.0713418	.1474544	0
1262.15	0	.7798164	.07226487	.1479188	0
1261.15	0	.7784328	.07318528	.1483819	0
1260.15	0	.7770531	.07410304	.1488438	0
1259.15	0	.7756774	.07501816	.1493045	0
1258.15	0	.7743054	.07593063	.1497639	0
1257.15	0	.7729374	.07684046	.1502222	0
1256.15	0	.7715732	.07774766	.1506792	0
1255.15	0	.7702128	.07865223	.151135	0
1254.15	0	.7688563	.07955418	.1515895	0
1253.15	0	.7675036	.08045351	.1520429	0
1252.15	0	.7661547	.08135022	.1524951	0
1251.15	0	.7648097	.08224431	.152946	0
1250.15	0	.7634684	.0831358	.1533958	0
1249.15	0	.7621309	.08402468	.1538444	0
1248.15	0	.7607972	.08491097	.1542918	0
1247.15	0	.7594673	.08579465	.1547381	0
1246.15	0	.7581412	.08667575	.1551831	0
1245.15	0	.7568188	.08755425	.155627	0
1244.15	0	.7555001	.08843017	.1560697	0
1243.15	0	.7541852	.08930351	.1565113	0
1242.15	0	.7528741	.09017427	.1569516	0
1241.15	0	.7515667	.09104245	.1573909	0
1240.15	0	.750263	.09190807	.157829	0
1239.15	0	.748963	.09277112	.1582659	0
1238.15	0	.7476667	.0936316	.1587017	0
1237.15	0	.7463741	.09448953	.1591364	0
1236.15	0	.7450852	.09534489	.1595699	0
1235.15	0	.7438	.09619771	.1600023	0
1234.15	0	.7425184	.09704798	.1604336	0
1233.15	0	.7412405	.0978957	.1608638	0
1232.15	0	.7399663	.09874087	.1612928	0
1231.15	0	.7386957	.09958351	.1617208	0
1230.15	0	.7374288	.1004236	.1621476	0
1229.15	0	.7361655	.1012612	.1625733	0
1228.15	0	.7349059	.1020962	.1629979	0
1227.15	0	.7336499	.1029287	.1634214	0
1226.15	0	.7323975	.1037587	.1638439	0
1225.15	0	.7311487	.1045862	.1642652	0
1224.15	0	.7299035	.1054111	.1646855	0
1223.15	0	.7286619	.1062335	.1651046	0
1222.15	0	.7274239	.1070534	.1655227	0
1221.15	0	.7261894	.1078708	.1659397	0
1220.15	0	.7249586	.1086857	.1663557	0
1219.15	0	.7237313	.1094981	.1667706	0
1218.15	0	.7225076	.110308	.1671844	0
1217.15	0	.7212875	.1111154	.1675971	0
1216.15	0	.7200709	.1119203	.1680089	0
1215.15	0	.7188578	.1127227	.1684195	0
1214.15	0	.7176483	.1135226	.1688291	0
1213.15	0	.7164423	.11432	.1692377	0
1212.15	0	.7152399	.115115	.1696452	0
1211.15	0	.7140409	.1159074	.1700517	0
1210.15	0	.7128455	.1166974	.1704571	0
1209.15	0	.7116536	.1174849	.1708615	0
1208.15	0	.7104652	.1182699	.1712649	0
1207.15	0	.7092803	.1190524	.1716673	0
1206.15	0	.7080989	.1198325	.1720687	0
1205.15	0	.706921	.12061	.172469	0
1204.15	0	.7057465	.1213852	.1728683	0
1203.15	0	.7045756	.1221578	.1732666	0
1202.15	0	.7034081	.122928	.1736639	0
1201.15	0	.702244	.1236957	.1740602	0
1200.15	0	.7010835	.124461	.1744555	0
1199.15	0	.6999264	.1252238	.1748499	0
1198.15	0	.6987727	.1259841	.1752432	0
1197.15	0	.6976225	.126742	.1756355	0
1196.15	0	.6964757	.1274975	.1760268	0
1195.15	0	.6953324	.1282504	.1764172	0
1194.15	0	.6941924	.129001	.1768066	0
1193.15	0	.693056	.1297491	.177195	0
1192.15	0	.6919229	.1304947	.1775824	0
1191.15	0	.6907932	.1312379	.1779689	0
1190.15	0	.689667	.1319787	.1783544	0
1189.15	0	.6885441	.132717	.1787389	0
1188.15	0	.6874247	.1334528	.1791225	0
1187.15	0	.6863087	.1341863	.1795051	0
1186.15	0	.685196	.1349172	.1798867	0
1185.15	0	.6840868	.1356458	.1802674	0
1184.15	0	.6829809	.1363719	.1806472	0
1183.15	0	.6818784	.1370956	.181026	0
1182.15	0	.6807793	.1378169	.1814039	0
1181.15	0	.6796835	.1385357	.1817808	0
1180.15	0	.6785911	.1392521	.1821568	0
1179.15	0	.6775021	.139966	.1825319	0
1178.15	0	.6764164	.1406775	.182906	0
1177.15	0	.6753341	.1413866	.1832793	0
1176.15	0	.6742552	.1420933	.1836515	0
1175.15	0	.6731796	.1427976	.1840229	0
1174.15	0	.6721073	.1434994	.1843933	0
1173.15	0	.6710384	.1441988	.1847629	0
1172.15	0	.6699728	.1448957	.1851315	0
1171.15	0	.6689105	.1455903	.1854992	0
1170.15	0	.6678516	.1462824	.185866	0
1169.15	0	.666796	.1469721	.1862319	0
1168.15	0	.6657437	.1476594	.1865969	0
1167.15	0	.6646948	.1483443	.186961	0
1166.15	0	.6636491	.1490267	.1873242	0
1165.15	0	.6626068	.1497067	.1876865	0
1164.15	0	.6615678	.1503843	.1880479	0
1163.15	0	.660532	.1510595	.1884085	0
1162.15	0	.6594996	.1517323	.1887681	0
1161.15	0	.6584705	.1524026	.1891269	0
1160.15	0	.6574447	.1530706	.1894847	0
1159.15	0	.6564222	.1537361	.1898418	0
1158.15	0	.655403	.1543992	.1901979	0
1157.15	0	.654387	.1550598	.1905531	0
1156.15	0	.6533743	.1557181	.1909075	0
1155.15	0	.652365	.156374	.1912611	0
1154.15	0	.6513589	.1570274	.1916137	0
1153.15	0	.650356	.1576784	.1919655	0
1152.15	0	.6493565	.158327	.1923164	0
1151.15	0	.6483603	.1589732	.1926665	0
1150.15	0	.6473673	.159617	.1930158	0
1149.15	0	.6463775	.1602583	.1933641	0
1148.15	0	.6453911	.1608973	.1937117	0
1147.15	0	.6444079	.1615338	.1940583	0
1146.15	0	.643428	.1621679	.1944042	0
1145.15	0	.6424513	.1627996	.1947492	0
1144.15	0	.6414779	.1634288	.1950933	0
1143.15	0	.6405077	.1640556	.1954366	0
1142.15	0	.6395408	.1646801	.1957791	0
1141.15	0	.6385772	.1653021	.1961207	0
1140.15	0	.6376168	.1659217	.1964615	0
1139.15	0	.6366597	.1665388	.1968015	0
1138.15	0	.6357058	.1671536	.1971407	0
1137.15	0	.6347551	.1677659	.197479	0
1136.15	0	.6338077	.1683758	.1978165	0
1135.15	0	.6328635	.1689833	.1981532	0
1134.15	0	.6319226	.1695883	.1984891	0
1133.15	0	.6309849	.1701909	.1988242	0
1132.15	0	.6300505	.1707911	.1991584	0
1131.15	0	.6291193	.1713889	.1994918	0
1130.15	0	.6281913	.1719842	.1998245	0
1129.15	0	.6272666	.1725772	.2001563	0
1128.15	0	.6263451	.1731677	.2004873	0
1127.15	0	.6254268	.1737557	.2008175	0
1126.15	0	.6245117	.1743413	.2011469	0
1125.15	0	.6235999	.1749245	.2014755	0
1124.15	0	.6226914	.1755053	.2018034	0
1123.15	0	.621786	.1760836	.2021304	0
1122.15	0	.6208839	.1766595	.2024566	0
1121.15	0	.619985	.177233	.202782	0
1120.15	0	.6190893	.177804	.2031067	0
1119.15	0	.6181969	.1783726	.2034306	0
1118.15	0	.6173077	.1789387	.2037537	0
1117.15	0	.6164217	.1795024	.204076	0
1116.15	0	.6155389	.1800636	.2043975	0
1115.15	0	.6146594	.1806224	.2047182	0
1114.15	0	.6137831	.1811788	.2050382	0
1113.15	0	.61291	.1817327	.2053573	0
1112.15	0	.6120401	.1822841	.2056757	0
1111.15	0	.6111735	.1828331	.2059934	0
1110.15	0	.6103101	.1833797	.2063103	0
1109.15	0	.6094499	.1839238	.2066264	0
1108.15	0	.6085929	.1844654	.2069417	0
1107.15	0	.6077391	.1850046	.2072563	0
1106.15	0	.6068886	.1855413	.2075701	0
1105.15	0	.6060413	.1860756	.2078831	0
1104.15	0	.6051973	.1866074	.2081954	0
1103.15	0	.6043564	.1871367	.2085069	0
1102.15	0	.6035188	.1876635	.2088177	0
1101.15	0	.6026844	.1881879	.2091277	0
1100.15	0	.6018532	.1887098	.209437	0
1099.15	0	.6010253	.1892292	.2097455	0
1098.15	0	.6002006	.1897462	.2100532	0
1097.15	0	.5993791	.1902607	.2103602	0
1096.15	0	.5985608	.1907727	.2106665	0
1095.15	0	.5977458	.1912822	.210972	0
1094.15	0	.596934	.1917892	.2112768	0
1093.15	0	.5961254	.1922937	.2115808	0
1092.15	0	.5953201	.1927958	.2118841	0
1091.15	0	.594518	.1932953	.2121867	0
1090.15	0	.5937191	.1937924	.2124885	0
1089.15	0	.5929235	.1942869	.2127895	0
1088.15	0	.5921311	.194779	.2130899	0
1087.15	0	.591342	.1952685	.2133895	0
1086.15	0	.5905561	.1957556	.2136883	0
1085.15	0	.5897734	.1962401	.2139865	0
1084.15	0	.588994	.1967222	.2142839	0
1083.15	0	.5882178	.1972017	.2145805	0
1082.15	0	.5874448	.1976787	.2148765	0
1081.15	0	.5866752	.1981531	.2151717	0
1080.15	0	.5859087	.1986251	.2154662	0
1079.15	0	.5851455	.1990945	.21576	0
1078.15	0	.5843856	.1995614	.216053	0
1077.15	0	.5836289	.2000258	.2163453	0
1076.15	0	.5828754	.2004876	.2166369	0
1075.15	0	.5821253	.2009469	.2169278	0
1074.15	0	.5813783	.2014037	.217218	0
1073.15	0	.5806347	.2018579	.2175074	0
1072.15	0	.5798943	.2023096	.2177961	0
1071.15	0	.5791572	.2027587	.2180842	0
1070.15	0	.5784233	.2032053	.2183714	0
1069.15	0	.5776927	.2036493	.218658	0
1068.15	0	.5769654	.2040907	.2189439	0
1067.15	0	.5762413	.2045296	.2192291	0
1066.15	0	.5755205	.204966	.2195135	0
1065.15	0	.5748031	.2053997	.2197972	0
1064.15	0	.5740888	.2058309	.2200803	0
1063.15	0	.5733779	.2062595	.2203626	0
1062.15	0	.5726703	.2066856	.2206442	0
1061.15	0	.5719659	.207109	.2209251	0
1060.15	0	.5712648	.2075299	.2212053	0
1059.15	0	.5705671	.2079482	.2214847	0
1058.15	0	.5698726	.2083639	.2217635	0
1057.15	0	.5691814	.208777	.2220416	0
1056.15	0	.5684935	.2091875	.222319	0
1055.15	0	.567809	.2095954	.2225956	0
1054.15	0	.5671277	.2100007	.2228716	0
1053.15	0	.5664497	.2104034	.2231469	0
1052.15	0	.5657751	.2108035	.2234214	0
1051.15	0	.5651038	.2112009	.2236953	0
1050.15	0	.5644358	.2115958	.2239684	0
1049.15	0	.5637711	.211988	.2242409	0
1048.15	0	.5631098	.2123776	.2245127	0
1047.15	0	.5624517	.2127645	.2247837	0
1046.15	0	.561797	.2131489	.2250541	0
1045.15	0	.5611457	.2135306	.2253237	0
1044.15	0	.5604977	.2139096	.2255927	0
1043.15	0	.559853	.214286	.225861	0
1042.15	0	.5592117	.2146598	.2261285	0
1041.15	0	.5585737	.2150309	.2263954	0
1040.15	0	.557939	.2153994	.2266616	0
1039.15	0	.5573078	.2157652	.2269271	0
1038.15	0	.5566798	.2161283	.2271919	0
1037.15	0	.5560553	.2164888	.2274559	0
1036.15	0	.5554341	.2168466	.2277193	0
1035.15	0	.5548163	.2172017	.227982	0
1034.15	0	.5542018	.2175542	.228244	0
1033.15	0	.5535908	.2179039	.2285053	0
1032.15	0	.5529831	.218251	.2287659	0
1031.15	0	.5523788	.2185954	.2290258	0
1030.15	0	.5517778	.2189371	.229285	0
1029.15	0	.5511803	.2192762	.2295435	0
1028.15	0	.5505862	.2196125	.2298014	0
1027.15	0	.5499954	.2199461	.2300585	0
1026.15	0	.5494081	.220277	.2303149	0
1025.15	0	.5488242	.2206052	.2305706	0
1024.15	0	.5482437	.2209307	.2308257	0
1023.15	0	.5476666	.2212535	.23108	0
1022.15	0	.5470929	.2215735	.2313336	0
1021.15	0	.5465226	.2218909	.2315865	0
1020.15	0	.5459558	.2222055	.2318388	0
1019.15	0	.5453924	.2225173	.2320903	0
1018.15	0	.5448324	.2228265	.2323412	0
1017.15	0	.5442758	.2231329	.2325913	0
1016.15	0	.5437227	.2234366	.2328407	0
1015.15	0	.5431731	.2237375	.2330895	0
1014.15	0	.5426269	.2240357	.2333375	0
1013.15	0	.5420841	.2243311	.2335848	0
1012.15	0	.5415448	.2246238	.2338314	0
1011.15	0	.541009	.2249137	.2340774	0
1010.15	0	.5404766	.2252009	.2343226	0
1009.15	0	.5399477	.2254853	.2345671	0
1008.15	0	.5394222	.2257669	.2348109	0
1007.15	0	.5389003	.2260458	.235054	0
1006.15	0	.5383818	.2263219	.2352964	0
1005.15	0	.5378667	.2265952	.235538	0
1004.15	0	.5373552	.2268658	.235779	0
1003.15	0	.5368472	.2271336	.2360193	0
1002.15	0	.5363427	.2273986	.2362588	0
1001.15	0	.5358416	.2276608	.2364976	0
1000.15	0	.535344	.2279202	.2367357	0
999.15	0	.53485	.2281769	.2369731	0
998.15	0	.5343595	.2284307	.2372098	0
997.15	0	.5338724	.2286818	.2374458	0
996.15	0	.5333889	.2289301	.237681	0
995.15	0	.5329089	.2291756	.2379155	0
994.15	0	.5324325	.2294182	.2381493	0
993.15	0	.5319595	.2296581	.2383824	0
992.15	0	.5314901	.2298952	.2386147	0
991.15	0	.5310242	.2301295	.2388463	0
990.15	0	.5305618	.230361	.2390772	0
989.15	0	.530103	.2305897	.2393074	0
988.15	0	.5296477	.2308155	.2395368	0
987.15	0	.5291959	.2310386	.2397655	0
986.15	0	.5287477	.2312589	.2399934	0
985.15	0	.5283031	.2314763	.2402206	0
984.15	0	.527862	.231691	.2404471	0
983.15	0	.5274244	.2319028	.2406728	0
982.15	0	.5269904	.2321119	.2408978	0
981.15	0	.5265599	.2323181	.241122	0
980.15	0	.526133	.2325215	.2413455	0
979.15	0	.5257097	.2327221	.2415682	0
978.15	0	.5252899	.2329199	.2417902	0
977.15	0	.5248737	.2331149	.2420114	0
976.15	0	.524461	.2333071	.2422319	0
975.15	0	.5240519	.2334965	.2424516	0
974.15	0	.5236464	.2336831	.2426705	0
973.15	0	.5232444	.2338669	.2428887	0
972.15	0	.522846	.2340479	.243106	0
971.15	0	.5224512	.2342261	.2433227	0
970.15	0	.52206	.2344015	.2435385	0
969.15	0	.5216723	.2345741	.2437536	0
968.15	0	.5212882	.234744	.2439679	0
967.15	0	.5209077	.234911	.2441814	0
966.15	0	.5205307	.2350753	.2443941	0
965.15	0	.5201573	.2352367	.244606	0
964.15	0	.5197875	.2353954	.2448171	0
963.15	0	.5194212	.2355514	.2450274	0
962.15	0	.5190585	.2357045	.245237	0
961.15	0	.5186994	.2358549	.2454457	0
960.15	0	.5183438	.2360026	.2456536	0
959.15	0	.5179918	.2361475	.2458607	0
958.15	0	.5176434	.2362897	.246067	0
957.15	0	.5172985	.2364291	.2462725	0
956.15	0	.5169572	.2365658	.2464771	0
955.15	0	.5166194	.2366997	.2466809	0
954.15	0	.5162852	.236831	.2468839	0
953.15	0	.5159545	.2369595	.247086	0
952.15	0	.5156274	.2370853	.2472873	0
951.15	0	.5153038	.2372085	.2474878	0
950.15	0	.5149837	.2373289	.2476874	0
949.15	0	.5146672	.2374467	.2478861	0
948.15	0	.5143542	.2375618	.248084	0
947.15	0	.5140447	.2376742	.2482811	0
946.15	0	.5137387	.2377841	.2484772	0
945.15	0	.5134362	.2378912	.2486725	0
944.15	0	.5131373	.2379958	.2488669	0
943.15	0	.5128418	.2380977	.2490604	0
942.15	0	.5125498	.2381971	.2492531	0
941.15	0	.5122613	.2382939	.2494448	0
940.15	0	.5119763	.2383881	.2496357	0
939.15	0	.5116947	.2384797	.2498256	0
938.15	0	.5114166	.2385688	.2500146	0
937.15	0	.5111419	.2386554	.2502027	0
936.15	0	.5108707	.2387394	.2503899	0
935.15	0	.5106028	.238821	.2505762	0
934.15	0	.5103384	.2389001	.2507615	0
933.15	0	.5100774	.2389768	.2509458	0
932.15	0	.5098198	.239051	.2511293	0
931.15	0	.5095655	.2391227	.2513117	0
930.15	0	.5093146	.2391922	.2514932	0
929.15	0	.5090671	.2392592	.2516737	0
928.15	0	.5088229	.2393238	.2518533	0
927.15	0	.508582	.2393862	.2520319	0
926.15	0	.5083444	.2394462	.2522094	0
925.15	0	.5081101	.2395039	.252386	0
924.15	0	.507879	.2395594	.2525616	0
923.15	0	.5076512	.2396126	.2527361	0
922.15	0	.5074267	.2396637	.2529097	0
921.15	0	.5072053	.2397125	.2530822	0
920.15	0	.5069871	.2397592	.2532536	0
919.15	0	.5067721	.2398038	.2534241	0
918.15	0	.5065603	.2398463	.2535934	0
917.15	0	.5063516	.2398867	.2537617	0
916.15	0	.5061459	.2399251	.2539289	0
915.15	0	.5059434	.2399615	.2540951	0
914.15	0	.5057439	.239996	.2542601	0
913.15	0	.5055475	.2400285	.254424	0
912.15	0	.505354	.2400591	.2545869	0
911.15	0	.5051635	.2400879	.2547486	0
910.15	0	.504976	.2401149	.2549091	0
909.15	0	.5047913	.2401401	.2550686	0
908.15	0	.5046096	.2401636	.2552268	0
907.15	0	.5044307	.2401854	.2553839	0
906.15	0	.5042546	.2402056	.2555399	0
905.15	0	.5040813	.2402241	.2556946	0
904.15	0	.5039107	.2402411	.2558481	0
903.15	0	.5037429	.2402566	.2560004	0
902.15	0	.5035777	.2402707	.2561516	0
901.15	0	.5034152	.2402834	.2563014	0
900.15	0	.5032553	.2402947	.25645	0
899.15	0	.5030979	.2403047	.2565974	0
898.15	0	.502943	.2403135	.2567435	0
897.15	0	.5027906	.2403211	.2568882	0
896.15	0	.5026407	.2403276	.2570317	0
895.15	0	.502493	.2403331	.2571739	0
894.15	0	.5023478	.2403375	.2573147	0
893.15	0	.5022048	.240341	.2574542	0
892.15	0	.502064	.2403437	.2575923	0
891.15	0	.5019254	.2403456	.2577291	0
890.15	0	.5017889	.2403467	.2578644	0
889.15	0	.5016545	.2403472	.2579983	0
888.15	0	.501522	.2403472	.2581308	0
887.15	0	.5013915	.2403466	.2582619	0
886.15	0	.5012629	.2403456	.2583915	0
885.15	0	.5011361	.2403443	.2585195	0
884.15	0	.5010111	.2403428	.2586461	0
883.15	0	.5008877	.2403411	.2587712	0
882.15	0	.5007659	.2403394	.2588947	0
881.15	0	.5006457	.2403376	.2590167	0
880.15	0	.5005269	.240336	.2591371	0
879.15	0	.5004095	.2403346	.2592558	0
878.15	0	.5002935	.2403336	.259373	0
877.15	0	.5001786	.2403329	.2594885	0
876.15	0	.5000649	.2403329	.2596023	0
875.15	0	.4999522	.2403335	.2597144	0
874.15	0	.4998405	.2403348	.2598247	0
873.15	0	.4997296	.240337	.2599333	0
872.15	0	.4996195	.2403403	.2600402	0
871.15	0	.4995101	.2403447	.2601452	0
870.15	0	.4994012	.2403504	.2602484	0
869.15	0	.4992928	.2403575	.2603497	0
868.15	0	.4991847	.2403662	.2604491	0
867.15	0	.4990769	.2403766	.2605465	0
866.15	0	.4989691	.2403889	.260642	0
865.15	0	.4988613	.2404032	.2607355	0
864.15	0	.4987534	.2404196	.260827	0
863.15	0	.4986452	.2404385	.2609163	0
862.15	0	.4985366	.2404599	.2610036	0
861.15	0	.4984274	.240484	.2610886	0
860.15	0	.4983175	.240511	.2611715	0
859.15	0	.4982067	.2405412	.2612521	0
858.15	0	.4980949	.2405747	.2613304	0
857.15	0	.4979818	.2406118	.2614064	0
856.15	0	.4978674	.2406526	.26148	0
855.15	0	.4977514	.2406975	.2615511	0
854.15	0	.4976336	.2407467	.2616197	0
853.15	0	.4975139	.2408004	.2616857	0
852.15	0	.4973919	.240859	.2617491	0
851.15	0	.4972676	.2409226	.2618098	0
850.15	0	.4971406	.2409917	.2618677	0
849.15	0	.4970107	.2410665	.2619228	0
848.15	0	.4968776	.2411475	.2619749	0
847.15	0	.4967411	.2412348	.2620241	0
846.15	0	.4966009	.241329	.2620701	0
845.15	0	.4964566	.2414305	.2621129	0
844.15	0	.496308	.2415396	.2621525	0
843.15	0	.4961546	.2416568	.2621886	0
842.15	0	.4959962	.2417826	.2622212	0
841.15	0	.4958322	.2419176	.2622502	0
840.15	0	.4956623	.2420623	.2622754	0
839.15	0	.4954861	.2422172	.2622967	0
838.15	0	.495303	.2423831	.2623139	0
837.15	0	.4951124	.2425607	.2623269	0
836.15	0	.4949139	.2427506	.2623355	0
835.15	0	.4947068	.2429537	.2623394	0
834.15	0	.4944904	.243171	.2623386	0
833.15	0	.494264	.2434033	.2623327	0
832.15	0	.4940268	.2436517	.2623214	0
831.15	0	.4937779	.2439175	.2623046	0
830.15	0	.4931502	.2446591	.2621907	0
829.15	0	.4924974	.2454373	.2620653	0
828.15	0	.4918992	.2461523	.2619485	0
827.15	0	.4913503	.2468105	.2618392	0
826.15	0	.4908461	.2474172	.2617367	0
825.15	0	.4903825	.2479773	.2616402	0
824.15	0	.489956	.2484949	.2615491	0
823.15	0	.4895636	.2489736	.2614628	0
822.15	0	.4892024	.2494165	.2613811	0
821.15	0	.4888701	.2498267	.2613033	0
820.15	0	.4885643	.2502065	.2612292	0
819.15	0	.4882832	.2505584	.2611584	0
818.15	0	.488025	.2508843	.2610907	0
817.15	0	.4877879	.2511863	.2610258	0
816.15	0	.4875706	.2514659	.2609635	0
815.15	0	.4873716	.2517248	.2609036	0
814.15	0	.4871897	.2519643	.260846	0
813.15	0	.4870238	.2521859	.2607903	0
812.15	0	.4868728	.2523906	.2607366	0
811.15	0	.4867358	.2525796	.2606846	0
810.15	0	.4866118	.252754	.2606343	0
809.15	0	.4865	.2529146	.2605854	0
808.15	0	.4863996	.2530624	.2605381	0
807.15	0	.4863099	.2531981	.260492	0
806.15	0	.4862304	.2533225	.2604471	0
805.15	0	.4861602	.2534364	.2604034	0
804.15	0	.4860988	.2535403	.2603608	0
803.15	0	.4860458	.253635	.2603192	0
802.15	0	.4860005	.2537209	.2602786	0
801.15	0	.4859625	.2537986	.2602388	0
800.15	0	.4859314	.2538687	.2601999	0
799.15	0	.4859068	.2539315	.2601617	0
798.15	0	.4858882	.2539875	.2601243	0
797.15	0	.4858752	.2540372	.2600876	0
796.15	0	.4858676	.2540809	.2600515	0
795.15	0	.485865	.254119	.260016	0
794.15	0	.485867	.2541519	.2599811	0
793.15	0	.4858735	.2541797	.2599468	0
792.15	0	.485884	.254203	.2599129	0
791.15	0	.4858985	.254222	.2598796	0
790.15	0	.4859165	.2542368	.2598466	0
789.15	0	.485938	.2542479	.2598141	0
788.15	0	.4859626	.2542554	.259782	0
787.15	0	.4859902	.2542595	.2597503	0
786.15	0	.4860205	.2542605	.2597189	0
785.15	0	.4860535	.2542586	.2596879	0
784.15	0	.4860888	.254254	.2596572	0
783.15	0	.4861264	.2542468	.2596267	0
782.15	0	.4861661	.2542373	.2595966	0
781.15	0	.4862078	.2542255	.2595667	0
780.15	0	.4862512	.2542117	.259537	0
779.15	0	.4862964	.254196	.2595076	0
778.15	0	.486343	.2541785	.2594784	0
777.15	0	.4863912	.2541594	.2594494	0
776.15	0	.4864406	.2541388	.2594206	0
775.15	0	.4864912	.2541168	.259392	0
774.15	0	.486543	.2540935	.2593635	0
773.15	0	.4865958	.254069	.2593353	0
772.15	0	.4866495	.2540434	.2593071	0
771.15	0	.486704	.2540169	.2592791	0
770.15	0	.4867593	.2539894	.2592512	0
769.15	0	.4868153	.2539612	.2592235	0
768.15	0	.4868719	.2539322	.2591959	0
767.15	0	.4869291	.2539026	.2591683	0
766.15	0	.4869867	.2538724	.2591409	0
765.15	0	.4870448	.2538417	.2591136	0
764.15	0	.4871032	.2538106	.2590863	0
763.15	0	.4871619	.253779	.2590591	0
762.15	0	.4872208	.2537472	.259032	0
761.15	0	.48728	.253715	.259005	0
760.15	0	.4873393	.2536827	.258978	0
759.15	0	.4873987	.2536502	.2589511	0
758.15	0	.4874582	.2536176	.2589242	0
757.15	0	.4875177	.2535849	.2588974	0
756.15	0	.4875772	.2535522	.2588706	0
755.15	0	.4876366	.2535195	.2588439	0
754.15	0	.487696	.2534868	.2588172	0
753.15	0	.4877578	.2534523	.2587899	0
752.15	0	.4878167	.25342	.2587633	0
751.15	0	.4878755	.2533879	.2587367	0
750.15	0	.487934	.2533559	.2587101	0
749.15	0	.4879924	.2533241	.2586835	0
748.15	0	.4880505	.2532925	.258657	0
747.15	0	.4881083	.2532612	.2586305	0
746.15	0	.4881659	.2532302	.2586039	0
745.15	0	.4882232	.2531994	.2585774	0
744.15	0	.4882801	.253169	.2585509	0
743.15	0	.4883367	.2531389	.2585244	0
742.15	0	.488393	.2531092	.2584978	0
741.15	0	.4884488	.2530799	.2584713	0
740.15	0	.4885043	.253051	.2584447	0
739.15	0	.4885594	.2530225	.2584182	0
738.15	0	.4886141	.2529944	.2583916	0
737.15	0	.4886683	.2529667	.258365	0
736.15	0	.4887221	.2529395	.2583384	0
735.15	0	.4887754	.2529128	.2583118	0
734.15	0	.4888283	.2528865	.2582852	0
733.15	0	.4888807	.2528608	.2582585	0
732.15	0	.4889327	.2528355	.2582318	0
731.15	0	.4889841	.2528108	.2582051	0
730.15	0	.4890351	.2527865	.2581784	0
729.15	0	.4890855	.2527628	.2581517	0
728.15	0	.4891355	.2527397	.2581249	0
727.15	0	.4891849	.252717	.2580981	0
726.15	0	.4892338	.2526949	.2580712	0
725.15	0	.4892822	.2526734	.2580444	0
724.15	0	.4893301	.2526524	.2580175	0
723.15	0	.4893774	.252632	.2579906	0
722.15	0	.4894242	.2526122	.2579636	0
721.15	0	.4894704	.2525929	.2579367	0
720.15	0	.4895162	.2525742	.2579097	0
719.15	0	.4895613	.2525561	.2578826	0
718.15	0	.489606	.2525385	.2578555	0
717.15	0	.48965	.2525215	.2578284	0
716.15	0	.4896936	.2525052	.2578013	0
715.15	0	.4897366	.2524894	.2577741	0
714.15	0	.489779	.2524741	.2577469	0
713.15	0	.4898209	.2524595	.2577196	0
712.15	0	.4898622	.2524455	.2576923	0
711.15	0	.489903	.252432	.257665	0
710.15	0	.4899432	.2524191	.2576376	0
709.15	0	.4899829	.2524069	.2576103	0
708.15	0	.490022	.2523952	.2575828	0
707.15	0	.4900606	.2523841	.2575554	0
706.15	0	.4900986	.2523735	.2575278	0
705.15	0	.4901361	.2523636	.2575003	0
704.15	0	.4901731	.2523543	.2574727	0
703.15	0	.4902094	.2523455	.2574451	0
702.15	0	.4902453	.2523373	.2574174	0
701.15	0	.4902806	.2523297	.2573897	0
700.15	0	.4903154	.2523227	.257362	0
699.15	0	.4903496	.2523162	.2573342	0
698.15	0	.4903833	.2523104	.2573064	0
697.15	0	.4904164	.252305	.2572785	0
696.15	0	.4904491	.2523003	.2572506	0
695.15	0	.4904812	.2522961	.2572227	0
694.15	0	.4905127	.2522925	.2571947	0
693.15	0	.4905438	.2522895	.2571667	0
692.15	0	.4905743	.252287	.2571387	0
691.15	0	.4906043	.2522851	.2571106	0
690.15	0	.4906338	.2522837	.2570825	0
689.15	0	.4906628	.2522829	.2570543	0
688.15	0	.4906913	.2522826	.2570261	0
687.15	0	.4907192	.2522829	.2569979	0
686.15	0	.4907467	.2522837	.2569696	0
685.15	0	.4907736	.2522851	.2569413	0
684.15	0	.4908001	.252287	.2569129	0
683.15	0	.4908261	.2522894	.2568846	0
682.15	0	.4908515	.2522923	.2568561	0
681.15	0	.4908765	.2522958	.2568277	0
680.15	0	.490901	.2522998	.2567992	0
679.15	0	.490925	.2523043	.2567707	0
678.15	0	.4909486	.2523093	.2567421	0
677.15	0	.4909716	.2523149	.2567135	0
676.15	0	.4909942	.2523209	.2566849	0
675.15	0	.4910163	.2523275	.2566562	0
674.15	0	.491038	.2523345	.2566275	0
673.15	0	.4910592	.252342	.2565988	0
672.15	0	.4910799	.2523501	.25657	0
671.15	0	.4911002	.2523586	.2565412	0
670.15	0	.49112	.2523676	.2565124	0
669.15	0	.4911394	.2523771	.2564835	0
668.15	0	.4911584	.252387	.2564546	0
667.15	0	.4911769	.2523975	.2564257	0
666.15	0	.4911949	.2524084	.2563967	0
665.15	0	.4912126	.2524197	.2563677	0
664.15	0	.4912298	.2524316	.2563387	0
663.15	0	.4912465	.2524438	.2563096	0
662.15	0	.4912629	.2524566	.2562805	0
661.15	0	.4912788	.2524698	.2562514	0
660.15	0	.4912943	.2524834	.2562223	0
659.15	0	.4913094	.2524975	.2561931	0
658.15	0	.4913241	.252512	.2561639	0
657.15	0	.4913384	.2525269	.2561347	0
656.15	0	.4913523	.2525423	.2561054	0
655.15	0	.4913658	.2525581	.2560762	0
654.15	0	.4913789	.2525743	.2560468	0
653.15	0	.4913916	.2525909	.2560175	0
652.15	0	.4914039	.252608	.2559882	0
651.15	0	.4914158	.2526254	.2559588	0
650.15	0	.4914274	.2526433	.2559293	0
649.15	0	.4914385	.2526615	.2558999	0
648.15	0	.4914493	.2526802	.2558705	0
647.15	0	.4914598	.2526993	.255841	0
646.15	0	.4914698	.2527187	.2558115	0
645.15	0	.4914795	.2527385	.2557819	0
644.15	0	.4914888	.2527588	.2557524	0
643.15	0	.4914978	.2527794	.2557228	0
642.15	0	.4915064	.2528003	.2556932	0
641.15	0	.4915147	.2528217	.2556636	0
640.15	0	.4915226	.2528434	.255634	0
639.15	0	.4915302	.2528654	.2556043	0
638.15	0	.4915374	.2528879	.2555747	0
637.15	0	.4915443	.2529107	.255545	0
636.15	0	.4915509	.2529338	.2555153	0
635.15	0	.4915571	.2529573	.2554856	0
634.15	0	.491563	.2529811	.2554558	0
633.15	0	.4915686	.2530053	.2554261	0
632.15	0	.4915739	.2530298	.2553963	0
631.15	0	.4915788	.2530547	.2553665	0
630.15	0	.4915834	.2530799	.2553367	0
629.15	0	.4915877	.2531054	.2553069	0
628.15	0	.4915917	.2531312	.2552771	0
627.15	0	.4915954	.2531574	.2552472	0
626.15	0	.4915988	.2531838	.2552174	0
625.15	0	.4916019	.2532106	.2551875	0
624.15	0	.4916047	.2532377	.2551576	0
623.15	0	.4916072	.2532651	.2551277	0
622.15	0	.4916094	.2532928	.2550978	0
621.15	0	.4916113	.2533208	.2550679	0
620.15	0	.491613	.253349	.255038	0
619.15	0	.4916143	.2533776	.255008	0
618.15	0	.4916154	.2534065	.2549781	0
617.15	0	.4916162	.2534356	.2549482	0
616.15	0	.4916167	.2534651	.2549182	0
615.15	0	.491617	.2534948	.2548883	0
614.15	0	.4916169	.2535248	.2548583	0
613.15	0	.4916167	.253555	.2548283	0
612.15	0	.4916161	.2535856	.2547984	0
611.15	0	.4916153	.2536163	.2547684	0
610.15	0	.4916142	.2536474	.2547384	0
609.15	0	.4916129	.2536787	.2547084	0
608.15	0	.4916113	.2537103	.2546784	0
607.15	0	.4916095	.2537421	.2546484	0
606.15	0	.4916074	.2537741	.2546184	0
605.15	0	.4916051	.2538064	.2545884	0
604.15	0	.4916026	.253839	.2545584	0
603.15	0	.4915998	.2538718	.2545284	0
602.15	0	.4915968	.2539048	.2544984	0
601.15	0	.4915935	.2539381	.2544685	0
600.15	0	.49159	.2539715	.2544385	0
599.15	0	.4915863	.2540053	.2544085	0
598.15	0	.4915823	.2540392	.2543785	0
597.15	0	.4915781	.2540733	.2543485	0
596.15	0	.4915737	.2541077	.2543185	0
595.15	0	.4915691	.2541423	.2542886	0
594.15	0	.4915643	.2541771	.2542586	0
593.15	0	.4915593	.2542121	.2542286	0
592.15	0	.491554	.2542473	.2541987	0
591.15	0	.4915485	.2542827	.2541687	0
590.15	0	.4915429	.2543183	.2541388	0
589.15	0	.491537	.2543541	.2541089	0
588.15	0	.4915309	.2543901	.2540789	0
587.15	0	.4915246	.2544263	.254049	0
586.15	0	.4915182	.2544627	.2540191	0
585.15	0	.4915115	.2544993	.2539892	0
584.15	0	.4915046	.254536	.2539594	0
583.15	0	.4914976	.254573	.2539295	0
582.15	0	.4914903	.2546101	.2538996	0
581.15	0	.4914829	.2546473	.2538698	0
580.15	0	.4914753	.2546848	.25384	0
579.15	0	.4914675	.2547224	.2538101	0
578.15	0	.4914595	.2547602	.2537803	0
577.15	0	.4914514	.2547981	.2537506	0
576.15	0	.491443	.2548362	.2537208	0
575.15	0	.4914345	.2548745	.253691	0
574.15	0	.4914258	.2549129	.2536613	0
573.15	0	.491417	.2549514	.2536316	0
572.15	0	.491408	.2549901	.2536019	0
571.15	0	.4913988	.255029	.2535722	0
570.15	0	.4913895	.255068	.2535425	0
569.15	0	.49138	.2551072	.2535129	0
568.15	0	.4913703	.2551464	.2534833	0
567.15	0	.4913605	.2551858	.2534537	0
566.15	0	.4913505	.2552254	.2534241	0
565.15	0	.4913404	.2552651	.2533945	0
564.15	0	.4913301	.2553049	.253365	0
563.15	0	.4913197	.2553448	.2533355	0
562.15	0	.4913091	.2553849	.253306	0
561.15	0	.4912984	.2554251	.2532765	0
560.15	0	.4912875	.2554654	.2532471	0
559.15	0	.4912765	.2555058	.2532177	0
558.15	0	.4912654	.2555463	.2531883	0
557.15	0	.4912541	.255587	.2531589	0
556.15	0	.4912426	.2556277	.2531296	0
555.15	0	.4912311	.2556686	.2531003	0
554.15	0	.4912194	.2557096	.2530711	0
553.15	0	.4912076	.2557506	.2530418	0
552.15	0	.4911956	.2557918	.2530126	0
551.15	0	.4911835	.255833	.2529834	0
550.15	0	.4911713	.2558744	.2529543	0
549.15	0	.491159	.2559159	.2529251	0
548.15	0	.4911466	.2559574	.2528961	0
547.15	0	.491134	.255999	.252867	0
546.15	0	.4911213	.2560407	.252838	0
545.15	0	.4911085	.2560825	.252809	0
544.15	0	.4910955	.2561244	.2527801	0
543.15	0	.4910825	.2561664	.2527512	0
542.15	0	.4910693	.2562084	.2527223	0
541.15	0	.4910561	.2562505	.2526934	0
540.15	0	.4910427	.2562927	.2526646	0
539.15	0	.4910292	.2563349	.2526358	0
538.15	0	.4910156	.2563772	.2526071	0
537.15	0	.4910019	.2564196	.2525784	0
536.15	0	.4909881	.2564621	.2525498	0
535.15	0	.4909742	.2565046	.2525212	0
534.15	0	.4909603	.2565472	.2524926	0
533.15	0	.4909462	.2565898	.2524641	0
532.15	0	.490932	.2566325	.2524356	0
531.15	0	.4909177	.2566752	.2524071	0
530.15	0	.4909033	.256718	.2523787	0
529.15	0	.4908888	.2567608	.2523504	0
528.15	0	.4908742	.2568037	.2523221	0
527.15	0	.4908596	.2568466	.2522938	0
526.15	0	.4908448	.2568896	.2522656	0
525.15	0	.49083	.2569326	.2522374	0
524.15	0	.4908151	.2569757	.2522092	0
523.15	0	.4908001	.2570188	.2521812	0
522.15	0	.490785	.2570619	.2521531	0
521.15	0	.4907698	.257105	.2521251	0
520.15	0	.4907546	.2571482	.2520972	0
519.15	0	.4907393	.2571915	.2520693	0
518.15	0	.4907239	.2572347	.2520415	0
517.15	0	.4907084	.257278	.2520137	0
516.15	0	.4906928	.2573213	.2519859	0
515.15	0	.4906772	.2573646	.2519582	0
514.15	0	.4906615	.2574079	.2519306	0
513.15	0	.4906457	.2574513	.251903	0
512.15	0	.4906299	.2574947	.2518755	0
511.15	0	.490614	.257538	.251848	0
510.15	0	.490598	.2575814	.2518206	0
509.15	0	.490582	.2576249	.2517932	0
508.15	0	.4905659	.2576683	.2517659	0
507.15	0	.4905497	.2577117	.2517386	0
506.15	0	.4905335	.2577551	.2517114	0
505.15	0	.4905172	.2577986	.2516842	0
504.15	0	.4905009	.257842	.2516571	0
503.15	0	.4904845	.2578854	.2516301	0
502.15	0	.490468	.2579289	.2516031	0
501.15	0	.4904515	.2579723	.2515762	0
500.15	0	.490435	.2580157	.2515492	0
499.15	0	.4904184	.2580592	.2515224	0
498.15	0	.4904017	.2581026	.2514957	0
497.15	0	.490385	.258146	.251469	0
496.15	0	.4903682	.2581894	.2514424	0
495.15	0	.4903514	.2582328	.2514158	0
494.15	0	.4903345	.2582761	.2513894	0
493.15	0	.4903176	.2583195	.2513629	0
492.15	0	.4903006	.2583628	.2513366	0
491.15	0	.4902836	.2584061	.2513103	0
490.15	0	.4902666	.2584494	.251284	0
489.15	0	.4902495	.2584927	.2512579	0
488.15	0	.4902323	.2585359	.2512318	0
487.15	0	.4902152	.2585791	.2512057	0
486.15	0	.4901979	.2586223	.2511797	0
485.15	0	.4901807	.2586655	.2511538	0
484.15	0	.4901634	.2587086	.251128	0
483.15	0	.490146	.2587517	.2511022	0
482.15	0	.4901287	.2587948	.2510765	0
481.15	0	.4901113	.2588378	.2510509	0
480.15	0	.4900938	.2588808	.2510254	0
479.15	0	.4900764	.2589238	.2509999	0
478.15	0	.4900589	.2589667	.2509744	0
477.15	0	.4900414	.2590095	.2509491	0
476.15	0	.4900238	.2590524	.2509238	0
475.15	0	.4900062	.2590952	.2508986	0
474.15	0	.4899886	.2591379	.2508735	0
473.15	0	.489971	.2591806	.2508484	0
472.15	0	.4899533	.2592233	.2508234	0
471.15	0	.4899356	.2592658	.2507985	0
470.15	0	.4899179	.2593084	.2507737	0
469.15	0	.4899002	.2593509	.2507489	0
468.15	0	.4898824	.2593933	.2507243	0
467.15	0	.4898646	.2594357	.2506996	0
466.15	0	.4898468	.2594781	.2506751	0
465.15	0	.489829	.2595203	.2506507	0
464.15	0	.4898112	.2595625	.2506263	0
463.15	0	.4897933	.2596047	.250602	0
462.15	0	.4897755	.2596468	.2505778	0
461.15	0	.4897576	.2596888	.2505536	0
460.15	0	.4897397	.2597308	.2505296	0
459.15	0	.4897218	.2597727	.2505056	0
458.15	0	.4897038	.2598145	.2504817	0
457.15	0	.4896859	.2598563	.2504579	0
456.15	0	.4896679	.259898	.2504341	0
455.15	0	.48965	.2599396	.2504105	0
454.15	0	.489632	.2599811	.2503869	0
453.15	0	.489614	.2600226	.2503634	0
452.15	0	.489596	.260064	.25034	0
451.15	0	.489578	.2601054	.2503167	0
450.15	0	.48956	.2601466	.2502934	0
449.15	0	.489542	.2601877	.2502703	0
448.15	0	.489524	.2602288	.2502472	0
447.15	0	.489506	.2602698	.2502242	0
446.15	0	.489488	.2603106	.2502013	0
445.15	0	.4894701	.2603514	.2501786	0
444.15	0	.4894521	.2603921	.2501559	0
443.2384	0	.4894357	.260429	.2501352	0
443.2384	0	.4894357	.260429	.2501352	0
443.2384	0	.4894357	.260429	.2501352	0
443.15	0	.4894539	.2603867	.2501105	4.884669E-05
442.15	0	.4896594	.2599085	.249831	6.010551E-04
441.15	0	.4898642	.2594315	.2495521	.00115225
440.15	0	.4900682	.2589556	.2492737	.001702442
439.15	0	.4902715	.2584808	.248996	.00225164
438.15	0	.4904741	.2580072	.2487189	.002799854
