T	 BPW(LIQUID)	BPW(BCC_A2)	BPW(FCC_A1)	BPW(LAVES_PHASE_C14)	BPW(NI3TI)
1473.15	0	1	0	0	0
1472.15	0	1	0	0	0
1471.15	0	1	0	0	0
1470.15	0	1	0	0	0
1469.15	0	1	0	0	0
1468.15	0	1	0	0	0
1467.15	0	1	0	0	0
1466.15	0	1	0	0	0
1465.15	0	1	0	0	0
1464.15	0	1	0	0	0
1463.15	0	1	0	0	0
1462.15	0	1	0	0	0
1461.15	0	1	0	0	0
1460.15	0	1	0	0	0
1459.15	0	1	0	0	0
1458.15	0	1	0	0	0
1457.15	0	1	0	0	0
1456.15	0	1	0	0	0
1455.15	0	1	0	0	0
1454.15	0	1	0	0	0
1453.15	0	1	0	0	0
1452.15	0	1	0	0	0
1451.15	0	1	0	0	0
1450.15	0	1	0	0	0
1449.15	0	1	0	0	0
1448.15	0	1	0	0	0
1447.15	0	1	0	0	0
1446.15	0	1	0	0	0
1445.15	0	1	0	0	0
1444.15	0	1	0	0	0
1443.15	0	1	0	0	0
1442.15	0	1	0	0	0
1441.15	0	1	0	0	0
1440.15	0	1	0	0	0
1439.15	0	1	0	0	0
1438.15	0	1	0	0	0
1437.15	0	1	0	0	0
1436.15	0	1	0	0	0
1435.15	0	1	0	0	0
1434.15	0	1	0	0	0
1433.15	0	1	0	0	0
1432.15	0	1	0	0	0
1431.15	0	1	0	0	0
1430.15	0	1	0	0	0
1429.15	0	1	0	0	0
1428.15	0	1	0	0	0
1427.15	0	1	0	0	0
1426.15	0	1	0	0	0
1425.15	0	1	0	0	0
1424.15	0	1	0	0	0
1423.15	0	1	0	0	0
1422.15	0	1	0	0	0
1421.15	0	1	0	0	0
1420.15	0	1	0	0	0
1419.15	0	1	0	0	0
1418.15	0	1	0	0	0
1417.15	0	1	0	0	0
1416.15	0	1	0	0	0
1415.15	0	1	0	0	0
1414.15	0	1	0	0	0
1413.15	0	1	0	0	0
1412.15	0	1	0	0	0
1411.15	0	1	0	0	0
1410.15	0	1	0	0	0
1409.15	0	1	0	0	0
1408.15	0	1	0	0	0
1407.15	0	1	0	0	0
1406.15	0	1	0	0	0
1405.15	0	1	0	0	0
1404.15	0	1	0	0	0
1403.15	0	1	0	0	0
1402.15	0	1	0	0	0
1401.15	0	1	0	0	0
1400.15	0	1	0	0	0
1399.15	0	1	0	0	0
1398.15	0	1	0	0	0
1397.15	0	1	0	0	0
1396.15	0	1	0	0	0
1395.15	0	1	0	0	0
1394.15	0	1	0	0	0
1393.15	0	1	0	0	0
1392.15	0	1	0	0	0
1391.15	0	1	0	0	0
1390.15	0	1	0	0	0
1389.15	0	1	0	0	0
1388.15	0	1	0	0	0
1387.15	0	1	0	0	0
1386.15	0	1	0	0	0
1385.15	0	1	0	0	0
1384.15	0	1	0	0	0
1383.15	0	1	0	0	0
1382.15	0	1	0	0	0
1381.15	0	1	0	0	0
1380.15	0	1	0	0	0
1379.15	0	1	0	0	0
1378.15	0	1	0	0	0
1377.15	0	1	0	0	0
1376.15	0	1	0	0	0
1375.15	0	1	0	0	0
1374.15	0	1	0	0	0
1373.15	0	1	0	0	0
1372.15	0	1	0	0	0
1371.15	0	1	0	0	0
1370.15	0	1	0	0	0
1369.15	0	1	0	0	0
1368.15	0	1	0	0	0
1367.15	0	1	0	0	0
1366.15	0	1	0	0	0
1365.15	0	1	0	0	0
1364.15	0	1	0	0	0
1363.15	0	1	0	0	0
1362.15	0	1	0	0	0
1361.15	0	1	0	0	0
1360.15	0	1	0	0	0
1359.417	0	1	0	0	0
1359.417	0	1	0	0	0
1359.417	0	1	0	0	0
1359.15	0	.9995388	4.61248E-04	0	0
1358.15	0	.9978132	.002186784	0	0
1357.15	0	.9960909	.003909151	0	0
1356.15	0	.9943717	.005628347	0	0
1355.15	0	.9926556	.007344374	0	0
1354.15	0	.9909428	.009057232	0	0
1353.15	0	.9892331	.01076692	0	0
1352.15	0	.9875266	.01247344	0	0
1351.15	0	.9858232	.01417679	0	0
1350.15	0	.984123	.01587698	0	0
1349.15	0	.982426	.01757399	0	0
1348.15	0	.9807322	.01926783	0	0
1347.15	0	.9790415	.02095851	0	0
1346.15	0	.977354	.02264601	0	0
1345.15	0	.9756697	.02433035	0	0
1344.15	0	.9739885	.02601152	0	0
1343.15	0	.9723105	.02768952	0	0
1342.15	0	.9706357	.02936435	0	0
1341.15	0	.968964	.03103601	0	0
1340.15	0	.9672955	.03270449	0	0
1339.15	0	.9656302	.03436981	0	0
1338.15	0	.9639681	.03603195	0	0
1337.15	0	.9623091	.03769093	0	0
1336.15	0	.9606533	.03934672	0	0
1335.15	0	.9590007	.04099935	0	0
1334.15	0	.9573512	.0426488	0	0
1333.15	0	.9557049	.04429508	0	0
1332.15	0	.9540618	.04593818	0	0
1331.15	0	.9524219	.0475781	0	0
1330.15	0	.9507851	.04921485	0	0
1329.15	0	.9491516	.05084842	0	0
1328.15	0	.9475212	.05247881	0	0
1327.15	0	.945894	.05410602	0	0
1326.15	0	.94427	.05573005	0	0
1325.15	0	.9426491	.05735089	0	0
1324.15	0	.9410314	.05896855	0	0
1323.15	0	.939417	.06058303	0	0
1322.15	0	.9378057	.06219432	0	0
1321.15	0	.9361976	.06380243	0	0
1320.15	0	.9345927	.06540734	0	0
1319.15	0	.9329909	.06700906	0	0
1318.15	0	.9313924	.0686076	0	0
1317.15	0	.9297971	.07020293	0	0
1316.15	0	.9282049	.07179508	0	0
1315.15	0	.926616	.07338402	0	0
1314.15	0	.9250302	.07496977	0	0
1313.15	0	.9234477	.07655232	0	0
1312.15	0	.9218683	.07813167	0	0
1311.15	0	.9202922	.07970781	0	0
1310.15	0	.9187193	.08128075	0	0
1309.15	0	.9171495	.08285048	0	0
1308.15	0	.915583	.084417	0	0
1307.15	0	.9140197	.08598031	0	0
1306.15	0	.9124596	.0875404	0	0
1305.15	0	.9109027	.08909728	0	0
1304.15	0	.9093491	.09065094	0	0
1303.15	0	.9077986	.09220138	0	0
1302.15	0	.9062514	.09374859	0	0
1301.15	0	.9047074	.09529258	0	0
1300.15	0	.9031667	.09683335	0	0
1299.15	0	.9016291	.09837088	0	0
1298.15	0	.9000948	.09990517	0	0
1297.15	0	.8985638	.1014362	0	0
1296.15	0	.8970359	.1029641	0	0
1295.15	0	.8955114	.1044887	0	0
1294.15	0	.89399	.10601	0	0
1293.15	0	.8924719	.1075281	0	0
1292.15	0	.8909571	.1090429	0	0
1291.15	0	.8894455	.1105545	0	0
1290.15	0	.8879372	.1120628	0	0
1289.15	0	.8864321	.1135679	0	0
1288.15	0	.8849303	.1150697	0	0
1287.15	0	.8834317	.1165683	0	0
1286.15	0	.8819365	.1180635	0	0
1285.15	0	.8804445	.1195556	0	0
1284.15	0	.8789557	.1210443	0	0
1283.15	0	.8774703	.1225297	0	0
1282.15	0	.8759881	.1240119	0	0
1281.15	0	.8745092	.1254908	0	0
1280.15	0	.8730336	.1269664	0	0
1279.15	0	.8715614	.1284386	0	0
1278.15	0	.8700924	.1299076	0	0
1277.15	0	.8686267	.1313733	0	0
1276.15	0	.8671643	.1328357	0	0
1275.15	0	.8657052	.1342948	0	0
1274.15	0	.8642495	.1357505	0	0
1273.15	0	.862797	.137203	0	0
1272.15	0	.8613479	.1386521	0	0
1271.15	0	.8599021	.1400979	0	0
1270.15	0	.8584597	.1415404	0	0
1269.15	0	.8570205	.1429795	0	0
1268.15	0	.8555847	.1444153	0	0
1267.15	0	.8541523	.1458477	0	0
1266.15	0	.8527232	.1472768	0	0
1265.15	0	.8512975	.1487025	0	0
1264.15	0	.8498751	.1501249	0	0
1263.15	0	.8484561	.1515439	0	0
1262.15	0	.8470405	.1529595	0	0
1261.15	0	.8456282	.1543718	0	0
1260.15	0	.8442193	.1557807	0	0
1259.15	0	.8428138	.1571862	0	0
1258.15	0	.8414117	.1585883	0	0
1257.15	0	.840013	.159987	0	0
1256.15	0	.8386177	.1613823	0	0
1255.15	0	.8372258	.1627742	0	0
1254.15	0	.8358373	.1641627	0	0
1253.15	0	.8344522	.1655478	0	0
1252.15	0	.8330706	.1669294	0	0
1251.15	0	.8316923	.1683077	0	0
1250.15	0	.8303176	.1696824	0	0
1249.15	0	.8289462	.1710538	0	0
1248.15	0	.8275783	.1724217	0	0
1247.15	0	.8262139	.1737861	0	0
1246.15	0	.8248529	.1751471	0	0
1245.15	0	.8234954	.1765046	0	0
1244.15	0	.8221413	.1778587	0	0
1243.15	0	.8207908	.1792092	0	0
1242.15	0	.8194437	.1805563	0	0
1241.15	0	.8181001	.1818999	0	0
1240.15	0	.81676	.18324	0	0
1239.15	0	.8154234	.1845766	0	0
1238.15	0	.8140904	.1859096	0	0
1237.15	0	.8127608	.1872392	0	0
1236.15	0	.8114348	.1885652	0	0
1235.15	0	.8101123	.1898877	0	0
1234.15	0	.8087933	.1912067	0	0
1233.15	0	.8074779	.1925221	0	0
1232.15	0	.8061661	.1938339	0	0
1231.15	0	.8048578	.1951422	0	0
1230.15	0	.8035531	.1964469	0	0
1229.15	0	.802252	.197748	0	0
1228.15	0	.8009544	.1990456	0	0
1227.15	0	.7996605	.2003395	0	0
1226.15	0	.7983701	.2016299	0	0
1225.15	0	.7970834	.2029166	0	0
1224.15	0	.7958003	.2041997	0	0
1223.15	0	.7945208	.2054792	0	0
1222.15	0	.7932449	.2067551	0	0
1221.15	0	.7919727	.2080273	0	0
1220.15	0	.7907041	.2092959	0	0
1219.15	0	.7894392	.2105608	0	0
1218.15	0	.788178	.211822	0	0
1217.15	0	.7869204	.2130796	0	0
1216.15	0	.7856666	.2143335	0	0
1215.15	0	.7844164	.2155836	0	0
1214.15	0	.7831699	.2168301	0	0
1213.15	0	.7819271	.2180729	0	0
1212.15	0	.7806881	.2193119	0	0
1211.15	0	.7794528	.2205472	0	0
1210.15	0	.7782212	.2217788	0	0
1209.15	0	.7769934	.2230066	0	0
1208.15	0	.7757694	.2242306	0	0
1207.15	0	.7745491	.2254509	0	0
1206.15	0	.7733326	.2266674	0	0
1205.15	0	.7721199	.2278801	0	0
1204.15	0	.770911	.229089	0	0
1203.15	0	.7697059	.2302941	0	0
1202.15	0	.7685046	.2314954	0	0
1201.15	0	.7673072	.2326929	0	0
1200.15	0	.7661135	.2338865	0	0
1199.15	0	.7649238	.2350762	0	0
1198.15	0	.7637379	.2362621	0	0
1197.15	0	.7625559	.2374441	0	0
1196.15	0	.7613778	.2386223	0	0
1195.15	0	.7602035	.2397965	0	0
1194.15	0	.7590332	.2409668	0	0
1193.15	0	.7578668	.2421332	0	0
1192.15	0	.7567043	.2432957	0	0
1191.15	0	.7555457	.2444543	0	0
1190.15	0	.7543912	.2456088	0	0
1189.15	0	.7532405	.2467595	0	0
1188.15	0	.7520939	.2479061	0	0
1187.15	0	.7509512	.2490488	0	0
1186.15	0	.7498125	.2501875	0	0
1185.15	0	.7486779	.2513221	0	0
1184.15	0	.7475472	.2524528	0	0
1183.15	0	.7464207	.2535794	0	0
1182.15	0	.7452981	.2547019	0	0
1181.15	0	.7441796	.2558204	0	0
1180.15	0	.7430652	.2569348	0	0
1179.15	0	.7419549	.2580451	0	0
1178.15	0	.7408486	.2591514	0	0
1177.15	0	.7397465	.2602535	0	0
1176.15	0	.7386485	.2613515	0	0
1175.15	0	.7375547	.2624454	0	0
1174.15	0	.7364649	.2635351	0	0
1173.15	0	.7353794	.2646206	0	0
1172.15	0	.734298	.265702	0	0
1171.15	0	.7332209	.2667791	0	0
1170.15	0	.7321479	.2678521	0	0
1169.15	0	.7310791	.2689209	0	0
1168.15	0	.7300146	.2699854	0	0
1167.15	0	.7289543	.2710457	0	0
1166.15	0	.7278983	.2721017	0	0
1165.15	0	.7268466	.2731534	0	0
1164.15	0	.7257992	.2742008	0	0
1163.15	0	.724756	.275244	0	0
1162.15	0	.7237172	.2762828	0	0
1161.15	0	.7226827	.2773173	0	0
1160.15	0	.7216526	.2783474	0	0
1159.15	0	.7206268	.2793732	0	0
1158.15	0	.7196054	.2803946	0	0
1157.15	0	.7185884	.2814116	0	0
1156.15	0	.7175759	.2824241	0	0
1155.15	0	.7165677	.2834323	0	0
1154.15	0	.715564	.284436	0	0
1153.15	0	.7145647	.2854353	0	0
1152.15	0	.7135699	.2864301	0	0
1151.15	0	.7125796	.2874204	0	0
1150.15	0	.7115938	.2884062	0	0
1149.15	0	.7106125	.2893875	0	0
1148.15	0	.7096358	.2903642	0	0
1147.15	0	.7086636	.2913364	0	0
1146.15	0	.707696	.292304	0	0
1145.15	0	.706733	.293267	0	0
1144.15	0	.7057746	.2942254	0	0
1143.15	0	.7048208	.2951792	0	0
1142.15	0	.7038716	.2961284	0	0
1141.15	0	.7029271	.2970729	0	0
1140.15	0	.7019873	.2980127	0	0
1139.15	0	.7010522	.2989478	0	0
1138.15	0	.7001218	.2998783	0	0
1137.15	0	.699196	.300804	0	0
1136.15	0	.6982751	.3017249	0	0
1135.15	0	.6973589	.3026411	0	0
1134.15	0	.6964475	.3035525	0	0
1133.15	0	.6955409	.3044591	0	0
1132.15	0	.6946391	.3053609	0	0
1131.15	0	.6937421	.3062579	0	0
1130.15	0	.69285	.30715	0	0
1129.15	0	.6919628	.3080373	0	0
1128.15	0	.6910804	.3089196	0	0
1127.15	0	.690203	.309797	0	0
1126.15	0	.6893305	.3106695	0	0
1125.15	0	.6884629	.3115371	0	0
1124.15	0	.6876003	.3123997	0	0
1123.15	0	.6867427	.3132573	0	0
1122.15	0	.6858901	.3141099	0	0
1121.15	0	.6850426	.3149575	0	0
1120.15	0	.6842	.3158	0	0
1119.15	0	.6833626	.3166374	0	0
1118.15	0	.6825302	.3174698	0	0
1117.15	0	.6817029	.3182971	0	0
1116.15	0	.6808808	.3191192	0	0
1115.15	0	.6800638	.3199362	0	0
1114.15	0	.679252	.320748	0	0
1113.15	0	.6784454	.3215546	0	0
1112.15	0	.677644	.322356	0	0
1111.15	0	.6768478	.3231522	0	0
1110.15	0	.6760568	.3239432	0	0
1109.15	0	.6752712	.3247288	0	0
1108.15	0	.6744908	.3255092	0	0
1107.15	0	.6737158	.3262843	0	0
1106.15	0	.672946	.327054	0	0
1105.15	0	.6721817	.3278183	0	0
1104.15	0	.6714227	.3285773	0	0
1103.15	0	.6706691	.3293309	0	0
1102.15	0	.669921	.330079	0	0
1101.15	0	.6691783	.3308217	0	0
1100.15	0	.668441	.331559	0	0
1099.15	0	.6677093	.3322907	0	0
1098.15	0	.6669831	.333017	0	0
1097.15	0	.6662624	.3337376	0	0
1096.15	0	.6655472	.3344528	0	0
1095.15	0	.6648377	.3351624	0	0
1094.15	0	.6641337	.3358663	0	0
1093.15	0	.6634354	.3365646	0	0
1092.15	0	.6627427	.3372573	0	0
1091.15	0	.6620557	.3379443	0	0
1090.15	0	.6613744	.3386256	0	0
1089.15	0	.6606988	.3393012	0	0
1088.15	0	.6600289	.3399711	0	0
1087.15	0	.6593648	.3406352	0	0
1086.15	0	.6587065	.3412935	0	0
1085.15	0	.6580541	.3419459	0	0
1084.15	0	.6574074	.3425926	0	0
1083.15	0	.6567666	.3432334	0	0
1082.15	0	.6561317	.3438683	0	0
1081.15	0	.6555027	.3444973	0	0
1080.15	0	.6548796	.3451204	0	0
1079.15	0	.6542625	.3457375	0	0
1078.15	0	.6536514	.3463486	0	0
1077.15	0	.6530463	.3469537	0	0
1076.15	0	.6524472	.3475528	0	0
1075.15	0	.6518541	.3481459	0	0
1074.15	0	.6512672	.3487328	0	0
1073.15	0	.6506863	.3493137	0	0
1072.15	0	.6501116	.3498884	0	0
1071.15	0	.649543	.350457	0	0
1070.15	0	.6489806	.3510194	0	0
1069.15	0	.6484244	.3515756	0	0
1068.15	0	.6478744	.3521256	0	0
1067.15	0	.6473306	.3526694	0	0
1066.15	0	.6467932	.3532068	0	0
1065.15	0	.646262	.353738	0	0
1064.15	0	.6457372	.3542628	0	0
1063.15	0	.6452187	.3547813	0	0
1062.15	0	.6447066	.3552934	0	0
1061.15	0	.6442009	.3557992	0	0
1060.15	0	.6437016	.3562984	0	0
1059.15	0	.6432087	.3567913	0	0
1058.15	0	.6427223	.3572777	0	0
1057.15	0	.6422425	.3577575	0	0
1056.15	0	.6417691	.3582309	0	0
1055.15	0	.6413023	.3586977	0	0
1054.933	0	.6412017	.3587983	0	0
1054.933	0	.6412017	.3587983	0	0
1054.933	0	.6412017	.3587983	0	0
1054.15	0	.6406143	.3591335	2.521911E-04	0
1053.15	0	.6398703	.3595561	5.736237E-04	0
1052.15	0	.6391335	.3599724	8.941155E-04	0
1051.15	0	.638404	.3603823	.001213667	0
1050.15	0	.6376818	.3607859	.001532277	0
1049.15	0	.6369669	.3611831	.001849947	0
1048.15	0	.6362594	.3615739	.002166677	0
1047.15	0	.6355593	.3619582	.002482467	0
1046.15	0	.6348666	.3623361	.002797316	0
1045.15	0	.6341812	.3627075	.003111226	0
1044.15	0	.6335034	.3630724	.003424194	0
1043.15	0	.6328329	.3634309	.003736222	0
1042.15	0	.63217	.3637827	.00404731	0
1041.15	0	.6315145	.364128	.004357456	0
1040.15	0	.6308666	.3644668	.004666661	0
1039.15	0	.6302262	.3647989	.004974925	0
1038.15	0	.6295934	.3651244	.005282247	0
1037.15	0	.6289681	.3654433	.005588626	0
1036.15	0	.6283504	.3657555	.005894063	0
1035.15	0	.6277404	.366061	.006198556	0
1034.15	0	.627138	.3663599	.006502106	0
1033.15	0	.6265433	.366652	.006804711	0
1032.15	0	.6259562	.3669374	.007106371	0
1031.15	0	.6253769	.367216	.007407086	0
1030.15	0	.6248053	.3674879	.007706854	0
1029.15	0	.6242414	.367753	.008005674	0
1028.15	0	.6236853	.3680112	.008303547	0
1027.15	0	.6231369	.3682626	.00860047	0
1026.15	0	.6225964	.3685072	.008896443	0
1025.15	0	.6220637	.3687449	.009191465	0
1024.15	0	.6215388	.3689757	.009485535	0
1023.15	0	.6210218	.3691995	.009778652	0
1022.15	0	.6205127	.3694165	.01007081	0
1021.15	0	.6200115	.3696265	.01036202	0
1020.15	0	.6195182	.3698296	.01065227	0
1019.15	0	.6190328	.3700257	.01094156	0
1018.15	0	.6185554	.3702147	.01122989	0
1017.15	0	.6180859	.3703968	.01151726	0
1016.15	0	.6176245	.3705718	.01180367	0
1015.15	0	.6171711	.3707398	.01208911	0
1014.15	0	.6167257	.3709008	.01237359	0
1013.15	0	.6162883	.3710546	.01265709	0
1012.15	0	.615859	.3712014	.01293963	0
1011.15	0	.6154378	.371341	.0132212	0
1010.15	0	.6150247	.3714735	.01350179	0
1009.15	0	.6146197	.3715989	.01378141	0
1008.15	0	.6142228	.3717171	.01406005	0
1007.15	0	.6138341	.3718282	.01433771	0
1006.15	0	.6134536	.371932	.01461438	0
1005.15	0	.6130812	.3720287	.01489007	0
1004.15	0	.6127171	.3721182	.01516478	0
1003.15	0	.6123611	.3722004	.01543849	0
1002.15	0	.6120134	.3722754	.01571121	0
1001.15	0	.6116739	.3723432	.01598294	0
1000.15	0	.6113427	.3724037	.01625367	0
999.15	0	.6110197	.3724569	.0165234	0
998.15	0	.610705	.3725029	.01679212	0
997.15	0	.6103986	.3725415	.01705984	0
996.15	0	.6101005	.3725729	.01732655	0
995.15	0	.6098108	.372597	.01759224	0
994.15	0	.6095294	.3726137	.01785692	0
993.15	0	.6092563	.3726231	.01812058	0
992.15	0	.6089916	.3726252	.01838322	0
991.15	0	.6087352	.37262	.01864483	0
990.15	0	.6084872	.3726074	.01890541	0
989.15	0	.6082476	.3725874	.01916495	0
988.15	0	.6080164	.3725601	.01942346	0
987.15	0	.6077936	.3725254	.01968093	0
986.15	0	.6075793	.3724834	.01993734	0
985.15	0	.6073733	.372434	.02019271	0
984.15	0	.6071758	.3723772	.02044702	0
983.15	0	.6069867	.3723131	.02070027	0
982.15	0	.606806	.3722416	.02095246	0
981.15	0	.6066338	.3721627	.02120358	0
980.15	0	.60647	.3720764	.02145362	0
979.15	0	.6063147	.3719827	.02170259	0
978.15	0	.6061678	.3718817	.02195047	0
977.15	0	.6060294	.3717733	.02219726	0
976.15	0	.6058995	.3716576	.02244296	0
975.15	0	.605778	.3715345	.02268755	0
974.15	0	.6056649	.371404	.02293104	0
973.15	0	.6055604	.3712662	.02317342	0
972.15	0	.6054643	.371121	.02341468	0
971.15	0	.6053767	.3709685	.02365482	0
970.15	0	.6052975	.3708087	.02389382	0
969.15	0	.6052267	.3706416	.02413169	0
968.15	0	.6051645	.3704671	.02436841	0
967.15	0	.6051106	.3702854	.02460399	0
966.15	0	.6050652	.3700964	.0248384	0
965.15	0	.6050282	.3699001	.02507166	0
964.15	0	.6049997	.3696966	.02530373	0
963.15	0	.6049795	.3694859	.02553463	0
962.15	0	.6049678	.3692679	.02576435	0
961.15	0	.6049644	.3690427	.02599286	0
960.15	0	.6049695	.3688104	.02622017	0
959.15	0	.6049828	.3685709	.02644627	0
958.15	0	.6050046	.3683243	.02667115	0
957.15	0	.6050347	.3680705	.0268948	0
956.15	0	.605073	.3678097	.02711722	0
955.15	0	.6051197	.3675419	.02733838	0
954.15	0	.6051747	.367267	.02755829	0
953.15	0	.6052379	.3669852	.02777693	0
952.15	0	.6053094	.3666963	.02799429	0
951.15	0	.6053891	.3664006	.02821037	0
950.15	0	.6054769	.3660979	.02842515	0
949.15	0	.6055729	.3657884	.02863862	0
948.15	0	.6056771	.3654721	.02885077	0
947.15	0	.6057894	.3651491	.02906159	0
946.15	0	.6059097	.3648193	.02927107	0
945.15	0	.606038	.3644828	.02947919	0
944.15	0	.6061744	.3641396	.02968595	0
943.15	0	.6063188	.3637899	.02989133	0
942.15	0	.606471	.3634337	.03009531	0
941.15	0	.6066312	.3630709	.03029789	0
940.15	0	.6067992	.3627018	.03049906	0
939.15	0	.606975	.3623262	.03069878	0
938.15	0	.6071586	.3619444	.03089707	0
937.15	0	.6073499	.3615563	.03109389	0
936.15	0	.6075488	.361162	.03128923	0
935.15	0	.6077554	.3607616	.03148308	0
934.15	0	.6079695	.3603551	.03167543	0
933.15	0	.6081911	.3599427	.03186625	0
932.15	0	.6084201	.3595244	.03205553	0
931.15	0	.6086565	.3591003	.03224325	0
930.15	0	.6089002	.3586704	.03242939	0
929.15	0	.6091512	.3582349	.03261394	0
928.15	0	.6094093	.3577938	.03279688	0
927.15	0	.6096746	.3573472	.03297818	0
926.15	0	.6099469	.3568953	.03315784	0
925.15	0	.6102261	.3564381	.03333582	0
924.15	0	.6105122	.3559758	.0335121	0
923.15	0	.610805	.3555083	.03368667	0
922.15	0	.6111046	.3550359	.03385951	0
921.15	0	.6114107	.3545587	.03403059	0
920.15	0	.6117234	.3540768	.03419988	0
919.15	0	.6120424	.3535902	.03436736	0
918.15	0	.6123678	.3530992	.03453302	0
917.15	0	.6126993	.3526039	.03469681	0
916.15	0	.613037	.3521043	.03485872	0
915.15	0	.6133806	.3516007	.03501872	0
914.15	0	.61373	.3510932	.03517678	0
913.15	0	.6140852	.350582	.03533286	0
912.15	0	.6144459	.3500671	.03548695	0
911.15	0	.6148121	.3495489	.03563901	0
910.15	0	.6151836	.3490274	.03578901	0
909.15	0	.6155603	.3485028	.03593691	0
908.15	0	.615942	.3479753	.03608268	0
907.15	0	.6163286	.3474451	.03622628	0
906.15	0	.6167198	.3469125	.03636768	0
905.15	0	.6171156	.3463775	.03650684	0
904.15	0	.6175157	.3458405	.03664373	0
903.15	0	.61792	.3453017	.03677829	0
902.15	0	.6183283	.3447612	.03691048	0
901.15	0	.6187403	.3442194	.03704028	0
900.15	0	.6191559	.3436765	.03716761	0
899.15	0	.6195749	.3431327	.03729245	0
898.15	0	.6199969	.3425883	.03741474	0
897.15	0	.6204219	.3420437	.03753442	0
896.15	0	.6208495	.3414991	.03765146	0
895.15	0	.6212794	.3409548	.03776578	0
894.15	0	.6217115	.3404112	.03787732	0
893.15	0	.6221454	.3398685	.03798605	0
892.15	0	.6225809	.3393272	.03809187	0
891.15	0	.6230018	.3388043	.03819386	0
890.15	0	.6231223	.3386027	.03827502	0
889.15	0	.6232844	.3383619	.03835364	0
888.15	0	.6234863	.338084	.03842975	0
887.15	0	.6237257	.3377709	.03850341	0
886.15	0	.6240009	.3374244	.03857465	0
885.15	0	.6243101	.3370464	.03864352	0
884.15	0	.6246514	.3366385	.03871006	0
883.15	0	.6250234	.3362023	.0387743	0
882.15	0	.6254242	.3357395	.03883627	0
881.15	0	.6258525	.3352515	.03889602	0
880.15	0	.6263068	.3347396	.03895358	0
879.15	0	.6267856	.3342054	.03900897	0
878.15	0	.6272877	.3336501	.03906223	0
877.15	0	.6278117	.3330749	.0391134	0
876.15	0	.6283564	.3324811	.03916249	0
875.15	0	.6289205	.3318699	.03920955	0
874.15	0	.629503	.3312424	.0392546	0
873.15	0	.6301028	.3305996	.03929768	0
872.15	0	.6307187	.3299425	.0393388	0
871.15	0	.6313497	.3292723	.039378	0
870.15	0	.631995	.3285897	.03941531	0
869.15	0	.6326534	.3278958	.03945075	0
868.15	0	.6333242	.3271915	.03948435	0
867.15	0	.6340064	.3264775	.03951615	0
866.15	0	.6346992	.3257547	.03954616	0
865.15	0	.6354018	.3250238	.03957442	0
864.15	0	.6361134	.3242857	.03960094	0
863.15	0	.6368333	.323541	.03962577	0
862.15	0	.6375607	.3227904	.03964892	0
861.15	0	.638295	.3220346	.03967042	0
860.15	0	.6390355	.3212742	.03969029	0
859.15	0	.6397816	.3205099	.03970857	0
858.15	0	.6405326	.3197421	.03972528	0
857.15	0	.641288	.3189716	.03974045	0
856.15	0	.6420471	.3181988	.03975409	0
855.15	0	.6428096	.3174242	.03976624	0
854.15	0	.6435748	.3166483	.03977693	0
853.15	0	.6443422	.3158716	.03978617	0
852.15	0	.6451114	.3150946	.03979399	0
851.15	0	.645882	.3143176	.03980042	0
850.15	0	.6466534	.3135411	.03980549	0
849.15	0	.6474253	.3127655	.03980921	0
848.15	0	.6481973	.3119911	.03981161	0
847.15	0	.648969	.3112183	.03981271	0
846.15	0	.64974	.3104474	.03981255	0
845.15	0	.65051	.3096788	.03981114	0
844.15	0	.6512787	.3089128	.0398085	0
843.15	0	.6520458	.3081496	.03980467	0
842.15	0	.6528109	.3073895	.03979966	0
841.15	0	.6535737	.3066328	.03979349	0
840.15	0	.6543341	.3058797	.0397862	0
839.15	0	.6550917	.3051305	.03977779	0
838.15	0	.6558464	.3043853	.0397683	0
837.15	0	.6565978	.3036444	.03975775	0
836.15	0	.6573458	.3029081	.03974615	0
835.15	0	.6580902	.3021763	.03973353	0
834.15	0	.6588307	.3014494	.03971991	0
833.15	0	.6595672	.3007275	.03970531	0
832.15	0	.6602995	.3000107	.03968976	0
831.15	0	.6610275	.2992993	.03967326	0
830.15	0	.661751	.2985932	.03965585	0
829.15	0	.6624698	.2978927	.03963754	0
828.15	0	.6631839	.2971978	.03961836	0
827.15	0	.663893	.2965086	.03959831	0
826.15	0	.6645972	.2958254	.03957742	0
825.15	0	.6652963	.295148	.03955571	0
824.15	0	.6659901	.2944767	.03953321	0
823.15	0	.6666787	.2938114	.03950991	0
822.15	0	.6673618	.2931523	.03948585	0
821.15	0	.6680395	.2924995	.03946104	0
820.15	0	.6687117	.2918528	.0394355	0
819.15	0	.6693782	.2912126	.03940924	0
818.15	0	.6700391	.2905786	.03938228	0
817.15	0	.6706943	.2899511	.03935465	0
816.15	0	.6713437	.28933	.03932635	0
815.15	0	.6719873	.2887153	.0392974	0
814.15	0	.6726251	.2881071	.03926781	0
813.15	0	.673257	.2875054	.03923761	0
812.15	0	.673883	.2869102	.0392068	0
811.15	0	.6745031	.2863215	.0391754	0
810.15	0	.6751172	.2857393	.03914344	0
809.15	0	.6757255	.2851637	.03911091	0
808.15	0	.6763277	.2845945	.03907783	0
807.15	0	.676924	.2840318	.03904422	0
806.15	0	.6775143	.2834756	.0390101	0
805.15	0	.6780986	.2829259	.03897547	0
804.15	0	.678677	.2823827	.03894034	0
803.15	0	.6792494	.2818459	.03890473	0
802.15	0	.6798158	.2813156	.03886866	0
801.15	0	.6803763	.2807916	.03883213	0
800.15	0	.6809309	.280274	.03879516	0
799.15	0	.6814795	.2797627	.03875775	0
798.15	0	.6820223	.2792578	.03871992	0
797.15	0	.6825592	.2787592	.03868169	0
796.15	0	.6830902	.2782668	.03864305	0
795.15	0	.6836154	.2777806	.03860403	0
794.15	0	.6841348	.2773005	.03856462	0
793.15	0	.6846485	.2768267	.03852485	0
792.15	0	.6851564	.2763589	.03848472	0
791.15	0	.6856586	.2758972	.03844424	0
790.15	0	.6861551	.2754415	.03840342	0
789.15	0	.686646	.2749917	.03836227	0
788.15	0	.6871313	.2745479	.0383208	0
787.15	0	.687611	.2741099	.03827902	0
786.15	0	.6880852	.2736778	.03823693	0
785.15	0	.6885539	.2732515	.03819455	0
784.15	0	.6890172	.2728309	.03815188	0
783.15	0	.689475	.272416	.03810893	0
782.15	0	.6899275	.2720068	.03806571	0
781.15	0	.6903747	.2716031	.03802223	0
780.15	0	.6908165	.271205	.03797849	0
779.15	0	.6912532	.2708123	.03793449	0
778.15	0	.6916846	.2704251	.03789026	0
777.15	0	.6921109	.2700433	.03784579	0
776.15	0	.6925321	.2696668	.03780109	0
775.15	0	.6929482	.2692956	.03775617	0
774.15	0	.6933594	.2689296	.03771103	0
773.15	0	.6937655	.2685688	.03766568	0
772.15	0	.6941668	.2682131	.03762012	0
771.15	0	.6945631	.2678625	.03757437	0
770.15	0	.6949547	.2675169	.03752843	0
769.15	0	.6953414	.2671763	.03748229	0
768.15	0	.6957235	.2668406	.03743598	0
767.15	0	.6961008	.2665097	.03738948	0
766.15	0	.6964736	.2661836	.03734282	0
765.15	0	.6968417	.2658623	.03729598	0
764.15	0	.6972053	.2655457	.03724899	0
763.15	0	.6975644	.2652338	.03720183	0
762.15	0	.6979191	.2649264	.03715453	0
761.15	0	.6982693	.2646236	.03710707	0
760.15	0	.6986152	.2643253	.03705947	0
759.15	0	.6989569	.2640314	.03701173	0
758.15	0	.6992942	.2637419	.03696385	0
757.15	0	.6996274	.2634568	.03691584	0
756.15	0	.6999564	.2631759	.0368677	0
755.15	0	.7002813	.2628993	.03681944	0
754.15	0	.7006021	.2626269	.03677105	0
753.15	0	.7009188	.2623586	.03672255	0
752.15	0	.7012317	.2620944	.03667393	0
751.15	0	.7015405	.2618343	.0366252	0
750.15	0	.7018455	.2615781	.03657636	0
749.15	0	.7021467	.2613259	.03652742	0
748.15	0	.702444	.2610776	.03647837	0
747.15	0	.7027377	.2608331	.03642923	0
746.15	0	.7030276	.2605924	.03637999	0
745.15	0	.7033138	.2603555	.03633066	0
744.15	0	.7035964	.2601223	.03628123	0
743.15	0	.7038755	.2598928	.03623172	0
742.15	0	.704151	.2596669	.03618213	0
741.15	0	.704423	.2594446	.03613245	0
740.15	0	.7046916	.2592258	.03608269	0
739.15	0	.7049567	.2590105	.03603285	0
738.15	0	.7052185	.2587986	.03598294	0
737.15	0	.7054769	.2585901	.03593295	0
736.15	0	.7057321	.258385	.03588289	0
735.15	0	.7059841	.2581832	.03583277	0
734.15	0	.7062328	.2579846	.03578257	0
733.15	0	.7064783	.2577894	.03573232	0
732.15	0	.7067208	.2575972	.035682	0
731.15	0	.7069601	.2574083	.03563162	0
730.15	0	.7071964	.2572225	.03558118	0
729.15	0	.7074296	.2570397	.03553068	0
728.15	0	.7076599	.25686	.03548013	0
727.15	0	.7078873	.2566832	.03542953	0
726.15	0	.7081117	.2565094	.03537887	0
725.15	0	.7083333	.2563386	.03532816	0
724.15	0	.708552	.2561706	.03527741	0
723.15	0	.708768	.2560054	.03522661	0
722.15	0	.7089811	.2558431	.03517576	0
721.15	0	.7091916	.2556836	.03512487	0
720.15	0	.7093993	.2555267	.03507394	0
719.15	0	.7096044	.2553726	.03502297	0
718.15	0	.7098069	.2552212	.03497196	0
717.15	0	.7100067	.2550724	.03492091	0
716.15	0	.710204	.2549261	.03486983	0
715.15	0	.7103988	.2547825	.03481871	0
714.15	0	.7105911	.2546414	.03476756	0
713.15	0	.7107809	.2545028	.03471638	0
712.15	0	.7109682	.2543666	.03466517	0
711.15	0	.7111532	.2542329	.03461393	0
710.15	0	.7113357	.2541016	.03456266	0
709.15	0	.711516	.2539727	.03451136	0
708.15	0	.7116939	.2538461	.03446004	0
707.15	0	.7118695	.2537218	.03440869	0
706.15	0	.7120428	.2535999	.03435733	0
705.15	0	.7122139	.2534802	.03430594	0
704.15	0	.7123828	.2533627	.03425453	0
703.15	0	.7125496	.2532474	.0342031	0
702.15	0	.7127141	.2531342	.03415165	0
701.15	0	.7128766	.2530232	.03410018	0
700.15	0	.7130369	.2529144	.0340487	0
699.15	0	.7131952	.2528076	.03399721	0
698.15	0	.7133514	.2527029	.0339457	0
697.15	0	.7135056	.2526002	.03389418	0
696.15	0	.7136578	.2524995	.03384265	0
695.15	0	.7138081	.2524008	.03379111	0
694.15	0	.7139563	.2523041	.03373956	0
693.15	0	.7141027	.2522093	.033688	0
692.15	0	.7142472	.2521164	.03363643	0
691.15	0	.7143897	.2520254	.03358486	0
690.15	0	.7145305	.2519363	.03353328	0
689.15	0	.7146693	.251849	.0334817	0
688.15	0	.7148064	.2517635	.03343011	0
687.15	0	.7149417	.2516798	.03337853	0
686.15	0	.7150753	.2515978	.03332694	0
685.15	0	.715207	.2515176	.03327535	0
684.15	0	.7153371	.2514391	.03322377	0
683.15	0	.7154655	.2513624	.03317218	0
682.15	0	.7155921	.2512873	.0331206	0
681.15	0	.7157172	.2512138	.03306902	0
680.15	0	.7158405	.251142	.03301745	0
679.15	0	.7159623	.2510718	.03296589	0
678.15	0	.7160825	.2510032	.03291433	0
677.15	0	.716201	.2509362	.03286278	0
676.15	0	.716318	.2508707	.03281123	0
675.15	0	.7164335	.2508068	.0327597	0
674.15	0	.7165475	.2507444	.03270818	0
673.15	0	.7166599	.2506834	.03265667	0
672.15	0	.7167729	.2506227	.03260445	0
671.15	0	.7168822	.2505648	.03255302	0
670.15	0	.7169901	.2505083	.03250161	0
669.15	0	.7170965	.2504533	.0324502	0
668.15	0	.7172015	.2503997	.03239881	0
667.15	0	.7173052	.2503474	.03234744	0
666.15	0	.7174074	.2502965	.03229608	0
665.15	0	.7175083	.2502469	.03224473	0
664.15	0	.7176079	.2501987	.0321934	0
663.15	0	.7177061	.2501518	.03214209	0
662.15	0	.717803	.2501062	.0320908	0
661.15	0	.7178987	.2500618	.03203953	0
660.15	0	.717993	.2500187	.03198828	0
659.15	0	.7180861	.2499769	.03193706	0
658.15	0	.7181779	.2499363	.03188586	0
657.15	0	.7182685	.2498969	.03183468	0
656.15	0	.7183578	.2498587	.03178353	0
655.15	0	.718446	.2498216	.0317324	0
654.15	0	.7185329	.2497858	.0316813	0
653.15	0	.7186187	.2497511	.03163023	0
652.15	0	.7187033	.2497175	.03157919	0
651.15	0	.7187867	.2496851	.03152819	0
650.15	0	.718869	.2496538	.03147721	0
649.15	0	.7189502	.2496235	.03142626	0
648.15	0	.7190303	.2495944	.03137535	0
647.15	0	.7191092	.2495663	.03132448	0
646.15	0	.7191871	.2495393	.03127363	0
645.15	0	.7192639	.2495133	.03122283	0
644.15	0	.7193396	.2494883	.03117206	0
643.15	0	.7194143	.2494644	.03112133	0
642.15	0	.7194879	.2494415	.03107064	0
641.8331	0	.719511	.2494344	.03105459	0
641.8331	0	.719511	.2494344	.03105459	0
641.8331	0	.719511	.2494344	.03105459	0
641.15	0	.7200367	.2485133	.03066056	7.89516E-04
640.15	0	.7207978	.2471758	.0300869	.001939535
639.15	0	.7215492	.2458511	.02951693	.0030828
638.15	0	.722291	.244539	.0289506	.004219392
637.15	0	.7230235	.2432393	.02838786	.005349393
636.15	0	.7237467	.2419518	.02782868	.006472881
635.15	0	.7244608	.2406763	.02727299	.007589937
634.15	0	.725166	.2394126	.02672076	.008700637
633.15	0	.7258625	.2381606	.02617194	.009805058
632.15	0	.7265503	.23692	.02562649	.01090327
631.15	0	.7272296	.2356907	.02508435	.01199536
630.15	0	.7279007	.2344724	.0245455	.01308139
629.15	0	.7285635	.2332652	.02400988	.01416144
628.15	0	.7292183	.2320686	.02347745	.01523557
627.15	0	.7298652	.2308827	.02294818	.01630386
626.15	0	.7305044	.2297072	.02242203	.01736638
625.15	0	.7311359	.228542	.02189895	.01842319
624.15	0	.7317598	.2273869	.0213789	.01947437
623.15	0	.7323764	.2262417	.02086185	.02051997
622.15	0	.7329858	.2251064	.02034776	.02156007
621.15	0	.733588	.2239807	.01983659	.02259473
620.15	0	.7341832	.2228645	.0193283	.02362401
619.15	0	.7347715	.2217577	.01882286	.02464798
618.15	0	.735353	.2206601	.01832024	.02566669
617.15	0	.7359278	.2195716	.0178204	.02668021
616.15	0	.7364961	.218492	.0173233	.0276886
615.15	0	.737058	.2174212	.01682891	.02869193
614.15	0	.7376135	.2163591	.01633719	.02969023
613.15	0	.7381627	.2153055	.01584813	.03068359
612.15	0	.7387059	.2142604	.01536167	.03167204
611.15	0	.739243	.2132236	.0148778	.03265565
610.15	0	.7397742	.2121949	.01439648	.03363448
609.15	0	.7402995	.2111742	.01391767	.03460858
608.15	0	.7408191	.2101615	.01344136	.035578
607.15	0	.7413331	.2091566	.0129675	.03654279
606.15	0	.7418416	.2081593	.01249608	.03750302
605.15	0	.7423445	.2071697	.01202706	.03845872
604.15	0	.7428421	.2061875	.01156041	.03940995
603.15	0	.7433345	.2052126	.0110961	.04035677
602.15	0	.7438216	.204245	.01063411	.04129922
601.15	0	.7443037	.2032846	.01017442	.04223735
600.15	0	.7447807	.2023311	.00971699	.0431712
599.15	0	.7452527	.2013846	.009261798	.04410084
598.15	0	.74572	.2004449	.008808819	.0450263
597.15	0	.7461824	.199512	.008358028	.04594763
596.15	0	.7466401	.1985856	.007909399	.04686487
595.15	0	.7470932	.1976658	.007462908	.04777808
594.15	0	.7475418	.1967524	.007018532	.04868729
593.15	0	.7479858	.1958454	.006576245	.04959255
592.15	0	.7484255	.1949446	.006136025	.05049391
591.15	0	.7488608	.19405	.00569785	.0513914
590.15	0	.7492919	.1931614	.005261695	.05228507
589.15	0	.7497187	.1922788	.004827539	.05317496
588.15	0	.7501414	.1914021	.00439536	.05406111
587.15	0	.7505601	.1905312	.003965137	.05494356
586.15	0	.7509748	.189666	.003536847	.05582236
585.15	0	.7513855	.1888065	.003110471	.05669754
584.15	0	.7517923	.1879525	.002685986	.05756914
583.15	0	.7521954	.187104	.002263374	.05843719
582.15	0	.7525947	.186261	.001842614	.05930175
581.15	0	.7529903	.1854232	.001423686	.06016284
580.15	0	.7533823	.1845907	.001006571	.0610205
579.15	0	.7537707	.1837633	5.912503E-04	.06187478
578.15	0	.7541556	.1829411	1.777042E-04	.06272569
577.719	0	.7543204	.1825882	0	.06309143
577.719	0	.7543204	.1825882	0	.06309143
577.15	0	.7543296	.1824373	0	.06323305
576.15	0	.7543452	.1821742	0	.0634806
575.15	0	.7543597	.1819138	0	.06372644
574.15	0	.7543734	.1816561	0	.06397058
573.15	0	.754386	.1814009	0	.06421304
572.15	0	.7543978	.1811484	0	.06445384
571.15	0	.7544087	.1808983	0	.064693
570.15	0	.7544186	.1806508	0	.06493053
569.15	0	.7544277	.1804058	0	.06516646
568.15	0	.7544359	.1801632	0	.0654008
567.15	0	.7544433	.1799231	0	.06563357
566.15	0	.7544498	.1796854	0	.06586478
565.15	0	.7544555	.17945	0	.06609446
564.15	0	.7544604	.179217	0	.06632262
563.15	0	.7544644	.1789863	0	.06654928
562.15	0	.7544677	.1787579	0	.06677446
561.15	0	.7544701	.1785317	0	.06699816
560.15	0	.7544718	.1783078	0	.06722042
559.15	0	.7544727	.178086	0	.06744124
558.15	0	.7544728	.1778665	0	.06766065
557.15	0	.7544723	.1776491	0	.06787865
556.15	0	.7544709	.1774338	0	.06809527
555.15	0	.7544689	.1772206	0	.06831053
554.15	0	.7544661	.1770095	0	.06852442
553.15	0	.7544626	.1768004	0	.06873699
552.15	0	.7544585	.1765933	0	.06894823
551.15	0	.7544536	.1763882	0	.06915817
550.15	0	.7544481	.1761851	0	.06936681
549.15	0	.7544419	.175984	0	.06957419
548.15	0	.754435	.1757847	0	.0697803
547.15	0	.7544275	.1755873	0	.06998517
546.15	0	.7544194	.1753918	0	.07018881
545.15	0	.7544106	.1751982	0	.07039124
544.15	0	.7544012	.1750063	0	.07059247
543.15	0	.7543912	.1748163	0	.07079252
542.15	0	.7543806	.174628	0	.07099139
541.15	0	.7543694	.1744415	0	.07118911
540.15	0	.7543576	.1742567	0	.07138569
539.15	0	.7543452	.1740736	0	.07158114
538.15	0	.7543323	.1738922	0	.07177548
537.15	0	.7543188	.1737125	0	.07196872
536.15	0	.7543048	.1735344	0	.07216088
535.15	0	.7542902	.1733578	0	.07235196
534.15	0	.7542751	.1731829	0	.07254199
533.15	0	.7542594	.1730096	0	.07273097
532.15	0	.7542433	.1728378	0	.07291892
531.15	0	.7542266	.1726675	0	.07310585
530.15	0	.7542095	.1724988	0	.07329177
529.15	0	.7541918	.1723315	0	.07347671
528.15	0	.7541736	.1721657	0	.07366066
527.15	0	.754155	.1720013	0	.07384364
526.15	0	.7541359	.1718384	0	.07402568
525.15	0	.7541164	.1716769	0	.07420677
524.15	0	.7540963	.1715167	0	.07438693
523.15	0	.7540759	.171358	0	.07456617
522.15	0	.754055	.1712005	0	.0747445
521.15	0	.7540336	.1710444	0	.07492195
520.15	0	.7540119	.1708896	0	.07509851
519.15	0	.7539897	.1707361	0	.0752742
518.15	0	.7539671	.1705839	0	.07544903
517.15	0	.7539441	.1704329	0	.07562301
516.15	0	.7539207	.1702832	0	.07579616
515.15	0	.7538969	.1701346	0	.07596848
514.15	0	.7538727	.1699873	0	.07613999
513.15	0	.7538482	.1698411	0	.07631069
512.15	0	.7538233	.1696961	0	.07648061
511.15	0	.753798	.1695523	0	.07664974
510.15	0	.7537723	.1694096	0	.0768181
509.15	0	.7537463	.169268	0	.0769857
508.15	0	.75372	.1691275	0	.07715255
507.15	0	.7536933	.168988	0	.07731866
506.15	0	.7536663	.1688497	0	.07748404
505.15	0	.753639	.1687123	0	.0776487
504.15	0	.7536113	.168576	0	.07781265
503.15	0	.7535833	.1684407	0	.07797591
502.15	0	.7535551	.1683064	0	.07813847
501.15	0	.7535265	.1681731	0	.07830035
500.15	0	.7534977	.1680408	0	.07846156
499.15	0	.7534685	.1679094	0	.0786221
498.15	0	.7534391	.1677789	0	.078782
497.15	0	.7534094	.1676494	0	.07894125
496.15	0	.7533794	.1675208	0	.07909986
495.15	0	.7533491	.167393	0	.07925785
494.15	0	.7533186	.1672661	0	.07941522
493.15	0	.7532879	.1671401	0	.07957199
492.15	0	.7532569	.1670149	0	.07972815
491.15	0	.7532257	.1668906	0	.07988373
490.15	0	.7531942	.1667671	0	.08003872
489.15	0	.7531625	.1666444	0	.08019313
488.15	0	.7531306	.1665224	0	.08034698
487.15	0	.7530984	.1664013	0	.08050028
486.15	0	.7530661	.1662809	0	.08065302
485.15	0	.7530335	.1661613	0	.08080522
484.15	0	.7530007	.1660424	0	.08095688
483.15	0	.7529678	.1659242	0	.08110802
482.15	0	.7529346	.1658067	0	.08125864
481.15	0	.7529013	.16569	0	.08140875
480.15	0	.7528678	.1655739	0	.08155835
479.15	0	.7528341	.1654584	0	.08170746
478.15	0	.7528002	.1653437	0	.08185608
477.15	0	.7527662	.1652296	0	.08200421
476.15	0	.752732	.1651161	0	.08215188
475.15	0	.7526977	.1650032	0	.08229907
474.15	0	.7526632	.164891	0	.0824458
473.15	0	.7526286	.1647794	0	.08259207
472.15	0	.7525938	.1646683	0	.0827379
471.15	0	.7525589	.1645578	0	.08288328
470.15	0	.7525239	.1644479	0	.08302823
469.15	0	.7524887	.1643385	0	.08317276
468.15	0	.7524534	.1642297	0	.08331686
467.15	0	.752418	.1641214	0	.08346054
466.15	0	.7523825	.1640137	0	.08360381
465.15	0	.7523469	.1639064	0	.08374668
464.15	0	.7523112	.1637996	0	.08388916
463.15	0	.7522754	.1636934	0	.08403124
462.15	0	.7522395	.1635876	0	.08417293
461.15	0	.7522035	.1634822	0	.08431425
460.15	0	.7521675	.1633773	0	.08445519
459.15	0	.7521313	.1632729	0	.08459576
458.15	0	.7520951	.1631689	0	.08473597
457.15	0	.7520588	.1630653	0	.08487583
456.15	0	.7520225	.1629622	0	.08501533
455.15	0	.7519861	.1628594	0	.08515448
454.15	0	.7519496	.1627571	0	.08529329
453.15	0	.7519131	.1626551	0	.08543176
452.15	0	.7518766	.1625535	0	.08556991
451.15	0	.75184	.1624523	0	.08570773
450.15	0	.7518033	.1623515	0	.08584522
449.15	0	.7517667	.1622509	0	.08598243
448.15	0	.7517301	.1621506	0	.08611933
447.15	0	.7516935	.1620506	0	.08625594
446.15	0	.7516568	.1619509	0	.08639224
445.15	0	.7516202	.1618515	0	.08652827
444.15	0	.7515836	.1617524	0	.08666401
443.15	0	.751547	.1616535	0	.08679948
442.15	0	.7515105	.1615549	0	.08693468
441.15	0	.751474	.1614564	0	.08706962
440.15	0	.7514375	.1613582	0	.08720431
439.15	0	.7514012	.1612601	0	.08733875
438.15	0	.7513649	.1611622	0	.08747295
437.15	0	.7513286	.1610644	0	.08760692
436.15	0	.7512925	.1609668	0	.08774066
435.15	0	.7512565	.1608694	0	.08787417
434.15	0	.7512206	.160772	0	.08800747
433.15	0	.7511847	.1606747	0	.08814055
432.15	0	.751149	.1605775	0	.08827342
431.15	0	.7511135	.1604804	0	.08840609
430.15	0	.7510781	.1603834	0	.08853857
429.15	0	.7510428	.1602864	0	.08867085
428.15	0	.7510076	.1601894	0	.08880294
427.15	0	.7509726	.1600925	0	.08893485
426.15	0	.7509378	.1599956	0	.08906657
425.15	0	.7509031	.1598987	0	.08919812
424.15	0	.7508686	.1598019	0	.0893295
423.15	0	.7508343	.159705	0	.08946071
422.15	0	.7508002	.1596081	0	.08959175
421.15	0	.7507662	.1595111	0	.08972264
420.15	0	.7507325	.1594142	0	.08985336
419.15	0	.7506989	.1593171	0	.08998394
418.15	0	.7506656	.1592201	0	.09011436
417.15	0	.7506324	.159123	0	.09024463
416.15	0	.7505995	.1590258	0	.09037476
415.15	0	.7505667	.1589285	0	.09050475
414.15	0	.7505342	.1588312	0	.09063459
413.15	0	.7505019	.1587338	0	.09076431
412.15	0	.7504698	.1586363	0	.09089388
411.15	0	.750438	.1585387	0	.09102333
410.15	0	.7504063	.158441	0	.09115265
409.15	0	.7503749	.1583432	0	.09128184
408.15	0	.7503438	.1582453	0	.09141091
407.15	0	.7503129	.1581473	0	.09153985
406.15	0	.7502822	.1580491	0	.09166868
405.15	0	.7502518	.1579508	0	.09179739
404.15	0	.7502216	.1578524	0	.09192598
403.15	0	.7501917	.1577539	0	.09205446
402.15	0	.750162	.1576552	0	.09218282
401.15	0	.7501325	.1575564	0	.09231108
400.15	0	.7501033	.1574574	0	.09243922
399.15	0	.7500744	.1573583	0	.09256726
398.15	0	.7500457	.1572591	0	.09269519
397.15	0	.7500173	.1571597	0	.09282301
396.15	0	.7499892	.1570601	0	.09295074
395.15	0	.7499613	.1569604	0	.09307836
394.15	0	.7499336	.1568605	0	.09320588
393.15	0	.7499063	.1567604	0	.09333329
392.15	0	.7498792	.1566602	0	.09346061
391.15	0	.7498523	.1565599	0	.09358783
390.15	0	.7498257	.1564593	0	.09371496
389.15	0	.7497994	.1563586	0	.09384199
388.15	0	.7497734	.1562577	0	.09396892
387.15	0	.7497476	.1561567	0	.09409576
386.15	0	.7497221	.1560554	0	.0942225
385.15	0	.7496968	.1559541	0	.09434915
384.15	0	.7496718	.1558525	0	.09447571
383.15	0	.7496471	.1557507	0	.09460218
382.15	0	.7496227	.1556488	0	.09472855
381.15	0	.7495985	.1555467	0	.09485484
380.15	0	.7495746	.1554444	0	.09498103
379.15	0	.7495509	.155342	0	.09510713
378.15	0	.7495275	.1552393	0	.09523314
377.15	0	.7495044	.1551365	0	.09535907
376.15	0	.7494815	.1550336	0	.0954849
375.15	0	.749459	.1549304	0	.09561065
374.15	0	.7494366	.1548271	0	.0957363
373.15	0	.7494146	.1547236	0	.09586187
372.15	0	.7493928	.1546199	0	.09598735
371.15	0	.7493712	.154516	0	.09611274
370.15	0	.74935	.154412	0	.09623804
369.15	0	.749329	.1543078	0	.09636326
368.15	0	.7493082	.1542034	0	.09648838
367.15	0	.7492877	.1540989	0	.09661342
366.15	0	.7492675	.1539941	0	.09673837
365.15	0	.7492475	.1538893	0	.09686324
364.15	0	.7492278	.1537842	0	.09698801
363.15	0	.7492083	.153679	0	.0971127
362.15	0	.7491891	.1535736	0	.0972373
361.15	0	.7491701	.153468	0	.0973618
360.15	0	.7491515	.1533623	0	.09748622
359.15	0	.749133	.1532564	0	.09761056
358.15	0	.7491148	.1531504	0	.0977348
357.15	0	.7490968	.1530442	0	.09785895
356.15	0	.7490791	.1529379	0	.09798302
355.15	0	.7490616	.1528314	0	.09810699
354.15	0	.7490444	.1527247	0	.09823088
