T	 BPW(LIQUID)	BPW(BCC_A2)	BPW(FCC_A1)	BPW(LAVES_PHASE_C14)	BPW(NI3TI)
1473.15	0	1	0	0	0
1472.15	0	1	0	0	0
1471.15	0	1	0	0	0
1470.15	0	1	0	0	0
1469.15	0	1	0	0	0
1468.15	0	1	0	0	0
1467.15	0	1	0	0	0
1466.15	0	1	0	0	0
1465.15	0	1	0	0	0
1464.15	0	1	0	0	0
1463.15	0	1	0	0	0
1462.15	0	1	0	0	0
1461.15	0	1	0	0	0
1460.15	0	1	0	0	0
1459.15	0	1	0	0	0
1458.15	0	1	0	0	0
1457.15	0	1	0	0	0
1456.15	0	1	0	0	0
1455.15	0	1	0	0	0
1454.15	0	1	0	0	0
1453.15	0	1	0	0	0
1452.15	0	1	0	0	0
1451.15	0	1	0	0	0
1450.15	0	1	0	0	0
1449.15	0	1	0	0	0
1448.15	0	1	0	0	0
1447.15	0	1	0	0	0
1446.15	0	1	0	0	0
1445.15	0	1	0	0	0
1444.15	0	1	0	0	0
1443.15	0	1	0	0	0
1442.15	0	1	0	0	0
1441.15	0	1	0	0	0
1440.15	0	1	0	0	0
1439.15	0	1	0	0	0
1438.15	0	1	0	0	0
1437.15	0	1	0	0	0
1436.15	0	1	0	0	0
1435.15	0	1	0	0	0
1434.15	0	1	0	0	0
1433.15	0	1	0	0	0
1432.15	0	1	0	0	0
1431.15	0	1	0	0	0
1430.15	0	1	0	0	0
1429.15	0	1	0	0	0
1428.15	0	1	0	0	0
1427.15	0	1	0	0	0
1426.15	0	1	0	0	0
1425.15	0	1	0	0	0
1424.15	0	1	0	0	0
1423.15	0	1	0	0	0
1422.15	0	1	0	0	0
1421.15	0	1	0	0	0
1420.15	0	1	0	0	0
1419.15	0	1	0	0	0
1418.15	0	1	0	0	0
1417.15	0	1	0	0	0
1416.15	0	1	0	0	0
1415.15	0	1	0	0	0
1414.15	0	1	0	0	0
1413.15	0	1	0	0	0
1412.15	0	1	0	0	0
1411.15	0	1	0	0	0
1410.15	0	1	0	0	0
1409.15	0	1	0	0	0
1408.15	0	1	0	0	0
1407.15	0	1	0	0	0
1406.15	0	1	0	0	0
1405.15	0	1	0	0	0
1404.15	0	1	0	0	0
1403.15	0	1	0	0	0
1402.15	0	1	0	0	0
1401.15	0	1	0	0	0
1400.15	0	1	0	0	0
1399.15	0	1	0	0	0
1398.15	0	1	0	0	0
1397.15	0	1	0	0	0
1396.15	0	1	0	0	0
1395.15	0	1	0	0	0
1394.15	0	1	0	0	0
1393.15	0	1	0	0	0
1392.15	0	1	0	0	0
1391.15	0	1	0	0	0
1390.15	0	1	0	0	0
1389.15	0	1	0	0	0
1388.15	0	1	0	0	0
1387.15	0	1	0	0	0
1386.15	0	1	0	0	0
1385.15	0	1	0	0	0
1384.15	0	1	0	0	0
1383.15	0	1	0	0	0
1382.15	0	1	0	0	0
1381.15	0	1	0	0	0
1380.15	0	1	0	0	0
1379.15	0	1	0	0	0
1378.15	0	1	0	0	0
1377.15	0	1	0	0	0
1376.15	0	1	0	0	0
1375.15	0	1	0	0	0
1374.15	0	1	0	0	0
1373.15	0	1	0	0	0
1372.15	0	1	0	0	0
1371.15	0	1	0	0	0
1370.15	0	1	0	0	0
1369.15	0	1	0	0	0
1368.15	0	1	0	0	0
1367.15	0	1	0	0	0
1366.15	0	1	0	0	0
1365.15	0	1	0	0	0
1364.15	0	1	0	0	0
1363.15	0	1	0	0	0
1362.15	0	1	0	0	0
1361.15	0	1	0	0	0
1360.15	0	1	0	0	0
1359.15	0	1	0	0	0
1358.15	0	1	0	0	0
1357.15	0	1	0	0	0
1356.15	0	1	0	0	0
1355.15	0	1	0	0	0
1354.15	0	1	0	0	0
1353.15	0	1	0	0	0
1352.15	0	1	0	0	0
1351.15	0	1	0	0	0
1350.15	0	1	0	0	0
1349.15	0	1	0	0	0
1348.15	0	1	0	0	0
1347.15	0	1	0	0	0
1346.15	0	1	0	0	0
1345.15	0	1	0	0	0
1344.15	0	1	0	0	0
1343.15	0	1	0	0	0
1342.15	0	1	0	0	0
1341.15	0	1	0	0	0
1340.15	0	1	0	0	0
1339.15	0	1	0	0	0
1338.15	0	1	0	0	0
1337.15	0	1	0	0	0
1336.15	0	1	0	0	0
1335.15	0	1	0	0	0
1334.15	0	1	0	0	0
1333.15	0	1	0	0	0
1332.15	0	1	0	0	0
1331.15	0	1	0	0	0
1330.15	0	1	0	0	0
1329.15	0	1	0	0	0
1328.15	0	1	0	0	0
1327.15	0	1	0	0	0
1326.15	0	1	0	0	0
1325.15	0	1	0	0	0
1324.15	0	1	0	0	0
1323.15	0	1	0	0	0
1322.15	0	1	0	0	0
1321.15	0	1	0	0	0
1320.15	0	1	0	0	0
1319.15	0	1	0	0	0
1318.15	0	1	0	0	0
1317.15	0	1	0	0	0
1316.15	0	1	0	0	0
1315.15	0	1	0	0	0
1314.15	0	1	0	0	0
1313.15	0	1	0	0	0
1312.15	0	1	0	0	0
1311.15	0	1	0	0	0
1310.15	0	1	0	0	0
1309.15	0	1	0	0	0
1308.15	0	1	0	0	0
1307.15	0	1	0	0	0
1306.15	0	1	0	0	0
1305.15	0	1	0	0	0
1304.15	0	1	0	0	0
1303.15	0	1	0	0	0
1302.15	0	1	0	0	0
1301.15	0	1	0	0	0
1300.15	0	1	0	0	0
1299.15	0	1	0	0	0
1298.15	0	1	0	0	0
1297.15	0	1	0	0	0
1296.15	0	1	0	0	0
1295.15	0	1	0	0	0
1294.15	0	1	0	0	0
1293.15	0	1	0	0	0
1292.15	0	1	0	0	0
1291.15	0	1	0	0	0
1290.15	0	1	0	0	0
1289.15	0	1	0	0	0
1288.15	0	1	0	0	0
1287.15	0	1	0	0	0
1286.15	0	1	0	0	0
1285.15	0	1	0	0	0
1284.15	0	1	0	0	0
1283.15	0	1	0	0	0
1282.15	0	1	0	0	0
1281.15	0	1	0	0	0
1280.15	0	1	0	0	0
1279.15	0	1	0	0	0
1278.15	0	1	0	0	0
1277.15	0	1	0	0	0
1276.15	0	1	0	0	0
1275.15	0	1	0	0	0
1274.15	0	1	0	0	0
1273.15	0	1	0	0	0
1272.15	0	1	0	0	0
1271.15	0	1	0	0	0
1270.15	0	1	0	0	0
1269.15	0	1	0	0	0
1268.15	0	1	0	0	0
1267.15	0	1	0	0	0
1266.15	0	1	0	0	0
1265.15	0	1	0	0	0
1264.15	0	1	0	0	0
1263.15	0	1	0	0	0
1262.15	0	1	0	0	0
1261.15	0	1	0	0	0
1260.15	0	1	0	0	0
1259.15	0	1	0	0	0
1258.15	0	1	0	0	0
1257.15	0	1	0	0	0
1256.15	0	1	0	0	0
1255.15	0	1	0	0	0
1254.15	0	1	0	0	0
1253.15	0	1	0	0	0
1252.15	0	1	0	0	0
1251.15	0	1	0	0	0
1250.15	0	1	0	0	0
1249.15	0	1	0	0	0
1248.15	0	1	0	0	0
1247.15	0	1	0	0	0
1246.15	0	1	0	0	0
1245.15	0	1	0	0	0
1244.15	0	1	0	0	0
1243.15	0	1	0	0	0
1242.15	0	1	0	0	0
1241.15	0	1	0	0	0
1240.15	0	1	0	0	0
1239.15	0	1	0	0	0
1238.15	0	1	0	0	0
1237.15	0	1	0	0	0
1236.15	0	1	0	0	0
1235.15	0	1	0	0	0
1234.15	0	1	0	0	0
1233.15	0	1	0	0	0
1232.15	0	1	0	0	0
1231.15	0	1	0	0	0
1230.15	0	1	0	0	0
1229.15	0	1	0	0	0
1228.15	0	1	0	0	0
1227.15	0	1	0	0	0
1226.15	0	1	0	0	0
1225.15	0	1	0	0	0
1224.15	0	1	0	0	0
1223.15	0	1	0	0	0
1222.15	0	1	0	0	0
1221.15	0	1	0	0	0
1220.15	0	1	0	0	0
1219.15	0	1	0	0	0
1218.15	0	1	0	0	0
1217.15	0	1	0	0	0
1216.15	0	1	0	0	0
1215.15	0	1	0	0	0
1214.15	0	1	0	0	0
1213.15	0	1	0	0	0
1212.15	0	1	0	0	0
1211.15	0	1	0	0	0
1210.15	0	1	0	0	0
1209.15	0	1	0	0	0
1208.15	0	1	0	0	0
1207.15	0	1	0	0	0
1206.15	0	1	0	0	0
1205.15	0	1	0	0	0
1204.15	0	1	0	0	0
1203.15	0	1	0	0	0
1202.15	0	1	0	0	0
1201.15	0	1	0	0	0
1200.15	0	1	0	0	0
1199.15	0	1	0	0	0
1198.15	0	1	0	0	0
1197.15	0	1	0	0	0
1196.15	0	1	0	0	0
1195.15	0	1	0	0	0
1194.15	0	1	0	0	0
1193.15	0	1	0	0	0
1192.15	0	1	0	0	0
1191.15	0	1	0	0	0
1190.15	0	1	0	0	0
1189.15	0	1	0	0	0
1188.15	0	1	0	0	0
1187.15	0	1	0	0	0
1186.15	0	1	0	0	0
1185.15	0	1	0	0	0
1184.15	0	1	0	0	0
1183.15	0	1	0	0	0
1182.15	0	1	0	0	0
1181.15	0	1	0	0	0
1180.15	0	1	0	0	0
1179.15	0	1	0	0	0
1178.15	0	1	0	0	0
1177.15	0	1	0	0	0
1176.15	0	1	0	0	0
1175.15	0	1	0	0	0
1174.15	0	1	0	0	0
1173.15	0	1	0	0	0
1172.15	0	1	0	0	0
1171.15	0	1	0	0	0
1170.15	0	1	0	0	0
1169.15	0	1	0	0	0
1168.15	0	1	0	0	0
1167.15	0	1	0	0	0
1166.15	0	1	0	0	0
1165.15	0	1	0	0	0
1164.15	0	1	0	0	0
1163.15	0	1	0	0	0
1162.15	0	1	0	0	0
1161.15	0	1	0	0	0
1160.15	0	1	0	0	0
1159.15	0	1	0	0	0
1158.15	0	1	0	0	0
1157.15	0	1	0	0	0
1156.15	0	1	0	0	0
1155.15	0	1	0	0	0
1154.15	0	1	0	0	0
1153.15	0	1	0	0	0
1152.15	0	1	0	0	0
1151.15	0	1	0	0	0
1150.15	0	1	0	0	0
1149.15	0	1	0	0	0
1148.15	0	1	0	0	0
1147.15	0	1	0	0	0
1146.15	0	1	0	0	0
1145.15	0	1	0	0	0
1144.15	0	1	0	0	0
1143.15	0	1	0	0	0
1142.15	0	1	0	0	0
1141.15	0	1	0	0	0
1140.15	0	1	0	0	0
1139.15	0	1	0	0	0
1138.15	0	1	0	0	0
1137.15	0	1	0	0	0
1136.31	0	1	0	0	0
1136.31	0	1	0	0	0
1136.31	0	1	0	0	0
1136.15	0	.999805	1.949482E-04	0	0
1135.15	0	.9985863	.00141367	0	0
1134.15	0	.9973707	.002629251	0	0
1133.15	0	.9961583	.003841686	0	0
1132.15	0	.994949	.005050968	0	0
1131.15	0	.9937429	.00625709	0	0
1130.15	0	.9925399	.007460046	0	0
1129.15	0	.9913402	.00865983	0	0
1128.15	0	.9901436	.009856434	0	0
1127.15	0	.9889501	.01104985	0	0
1126.15	0	.9877599	.01224008	0	0
1125.15	0	.9865729	.0134271	0	0
1124.15	0	.9853891	.01461092	0	0
1123.15	0	.9842085	.01579153	0	0
1122.15	0	.9830311	.01696891	0	0
1121.15	0	.9818569	.01814307	0	0
1120.15	0	.980686	.01931399	0	0
1119.15	0	.9795183	.02048167	0	0
1118.15	0	.9783539	.0216461	0	0
1117.15	0	.9771927	.02280728	0	0
1116.15	0	.9760348	.02396519	0	0
1115.15	0	.9748802	.02511983	0	0
1114.15	0	.9737288	.0262712	0	0
1113.15	0	.9725807	.02741927	0	0
1112.15	0	.9714359	.02856406	0	0
1111.15	0	.9702945	.02970554	0	0
1110.15	0	.9691563	.03084372	0	0
1109.15	0	.9680214	.03197858	0	0
1108.15	0	.9668899	.03311012	0	0
1107.15	0	.9657617	.03423832	0	0
1106.15	0	.9646368	.03536319	0	0
1105.15	0	.9635153	.03648471	0	0
1104.15	0	.9623971	.03760288	0	0
1103.15	0	.9612823	.03871768	0	0
1102.15	0	.9601709	.03982912	0	0
1101.15	0	.9590628	.04093717	0	0
1100.15	0	.9579582	.04204184	0	0
1099.15	0	.9568569	.04314311	0	0
1098.15	0	.955759	.04424098	0	0
1097.15	0	.9546646	.04533544	0	0
1096.15	0	.9535735	.04642649	0	0
1095.15	0	.9524859	.0475141	0	0
1094.15	0	.9514017	.04859828	0	0
1093.15	0	.950321	.04967901	0	0
1092.15	0	.9492437	.05075629	0	0
1091.15	0	.9481699	.05183011	0	0
1090.15	0	.9470995	.05290047	0	0
1089.15	0	.9460327	.05396734	0	0
1088.15	0	.9449693	.05503073	0	0
1087.15	0	.9439094	.05609062	0	0
1086.15	0	.942853	.05714701	0	0
1085.15	0	.9418001	.05819988	0	0
1084.15	0	.9407508	.05924924	0	0
1083.15	0	.9397049	.06029506	0	0
1082.15	0	.9386627	.06133735	0	0
1081.15	0	.9376239	.06237609	0	0
1080.15	0	.9365887	.06341127	0	0
1079.15	0	.9355571	.06444289	0	0
1078.15	0	.9345291	.06547093	0	0
1077.15	0	.9335046	.06649539	0	0
1076.15	0	.9324837	.06751625	0	0
1075.15	0	.9314665	.06853352	0	0
1074.15	0	.9304528	.06954717	0	0
1073.15	0	.9294428	.07055721	0	0
1072.15	0	.9284364	.07156362	0	0
1071.15	0	.9274336	.07256638	0	0
1070.15	0	.9264345	.07356551	0	0
1069.15	0	.925439	.07456097	0	0
1068.15	0	.9244472	.07555277	0	0
1067.15	0	.9234591	.0765409	0	0
1066.15	0	.9224747	.07752534	0	0
1065.15	0	.9214939	.07850609	0	0
1064.15	0	.9205169	.07948313	0	0
1063.15	0	.9195435	.08045647	0	0
1062.15	0	.9185739	.08142608	0	0
1061.15	0	.917608	.08239196	0	0
1060.15	0	.9166459	.0833541	0	0
1059.15	0	.9156875	.0843125	0	0
1058.15	0	.9147329	.08526713	0	0
1057.15	0	.913782	.08621799	0	0
1056.15	0	.9128349	.08716508	0	0
1055.15	0	.9118916	.08810838	0	0
1054.15	0	.9109521	.08904788	0	0
1053.15	0	.9100164	.08998358	0	0
1052.15	0	.9090845	.09091546	0	0
1051.15	0	.9081565	.09184352	0	0
1050.15	0	.9072323	.09276774	0	0
1049.15	0	.9063119	.09368812	0	0
1048.15	0	.9053954	.09460464	0	0
1047.15	0	.9044827	.09551731	0	0
1046.15	0	.9035739	.0964261	0	0
1045.15	0	.902669	.09733101	0	0
1044.15	0	.901768	.09823202	0	0
1043.15	0	.9008709	.09912914	0	0
1043.021	0	.9007557	.09924428	0	0
1043.021	0	.9007557	.09924428	0	0
1043.021	0	.9007557	.09924428	0	0
1042.15	0	.8998184	.09989067	2.909391E-04	0
1041.15	0	.8987469	.1006292	6.239197E-04	0
1040.15	0	.89768	.1013641	9.559189E-04	0
1039.15	0	.8966177	.1020954	.001286937	0
1038.15	0	.8955599	.1028231	.001616974	0
1037.15	0	.8945067	.1035472	.001946031	0
1036.15	0	.8934581	.1042678	.002274107	0
1035.15	0	.8924141	.1049847	.002601204	0
1034.15	0	.8913747	.105698	.00292732	0
1033.15	0	.8903398	.1064078	.003252457	0
1032.15	0	.8893095	.1071139	.003576614	0
1031.15	0	.8882839	.1078164	.003899791	0
1030.15	0	.8872628	.1085152	.004221988	0
1029.15	0	.8862463	.1092105	.004543206	0
1028.15	0	.8852344	.1099022	.004863444	0
1027.15	0	.8842271	.1105902	.005182702	0
1026.15	0	.8832245	.1112746	.00550098	0
1025.15	0	.8822264	.1119553	.005818278	0
1024.15	0	.881233	.1126324	.006134595	0
1023.15	0	.8802441	.1133059	.006449932	0
1022.15	0	.8792599	.1139758	.006764287	0
1021.15	0	.8782803	.114642	.007077661	0
1020.15	0	.8773054	.1153046	.007390053	0
1019.15	0	.876335	.1159635	.007701462	0
1018.15	0	.8753693	.1166188	.008011888	0
1017.15	0	.8744082	.1172705	.008321331	0
1016.15	0	.8734518	.1179184	.00862979	0
1015.15	0	.8725	.1185628	.008937264	0
1014.15	0	.8715528	.1192035	.009243752	0
1013.15	0	.8706102	.1198405	.009549254	0
1012.15	0	.8696724	.1204739	.009853769	0
1011.15	0	.8687391	.1211036	.0101573	0
1010.15	0	.8678105	.1217297	.01045983	0
1009.15	0	.8668865	.1223521	.01076138	0
1008.15	0	.8659672	.1229708	.01106194	0
1007.15	0	.8650526	.1235859	.0113615	0
1006.15	0	.8641426	.1241974	.01166008	0
1005.15	0	.8632372	.1248051	.01195765	0
1004.15	0	.8623365	.1254092	.01225424	0
1003.15	0	.8614405	.1260097	.01254982	0
1002.15	0	.8605491	.1266065	.01284441	0
1001.15	0	.8596624	.1271996	.01313799	0
1000.15	0	.8587803	.1277891	.01343058	0
999.15	0	.857903	.1283749	.01372216	0
998.15	0	.8570302	.128957	.01401274	0
997.15	0	.8561621	.1295355	.01430232	0
996.15	0	.8552987	.1301104	.01459088	0
995.15	0	.85444	.1306816	.01487843	0
994.15	0	.8535859	.1312491	.01516498	0
993.15	0	.8527365	.131813	.01545051	0
992.15	0	.8518917	.1323732	.01573502	0
991.15	0	.8510517	.1329298	.01601852	0
990.15	0	.8502162	.1334828	.016301	0
989.15	0	.8493854	.1340321	.01658245	0
988.15	0	.8485594	.1345778	.01686288	0
987.15	0	.8477379	.1351198	.01714229	0
986.15	0	.8469211	.1356582	.01742066	0
985.15	0	.846109	.136193	.01769801	0
984.15	0	.8453015	.1367242	.01797431	0
983.15	0	.8444987	.1372517	.01824959	0
982.15	0	.8437005	.1377757	.01852382	0
981.15	0	.842907	.138296	.01879701	0
980.15	0	.8421181	.1388127	.01906915	0
979.15	0	.8413339	.1393259	.01934025	0
978.15	0	.8405543	.1398354	.01961029	0
977.15	0	.8397793	.1403414	.01987928	0
976.15	0	.839009	.1408438	.0201472	0
975.15	0	.8382433	.1413426	.02041407	0
974.15	0	.8374823	.1418379	.02067987	0
973.15	0	.8367258	.1423296	.02094461	0
972.15	0	.835974	.1428177	.02120827	0
971.15	0	.8352268	.1433024	.02147085	0
970.15	0	.8344842	.1437835	.02173235	0
969.15	0	.8337462	.1442611	.02199277	0
968.15	0	.8330127	.1447352	.0222521	0
967.15	0	.8322839	.1452058	.02251034	0
966.15	0	.8315596	.1456729	.02276748	0
965.15	0	.83084	.1461365	.02302352	0
964.15	0	.8301249	.1465967	.02327845	0
963.15	0	.8294143	.1470534	.02353227	0
962.15	0	.8287083	.1475067	.02378498	0
961.15	0	.8280068	.1479566	.02403656	0
960.15	0	.8273099	.1484031	.02428702	0
959.15	0	.8266175	.1488462	.02453635	0
958.15	0	.8259296	.1492859	.02478454	0
957.15	0	.8252461	.1497223	.02503159	0
956.15	0	.8245672	.1501553	.02527749	0
955.15	0	.8238928	.150585	.02552224	0
954.15	0	.8232228	.1510114	.02576583	0
953.15	0	.8225573	.1514345	.02600826	0
952.15	0	.8218962	.1518543	.02624951	0
951.15	0	.8212395	.152271	.02648959	0
950.15	0	.8205872	.1526843	.02672848	0
949.15	0	.8199393	.1530945	.02696618	0
948.15	0	.8192958	.1535015	.02720268	0
947.15	0	.8186567	.1539054	.02743798	0
946.15	0	.8180219	.1543061	.02767207	0
945.15	0	.8173914	.1547037	.02790494	0
944.15	0	.8167652	.1550982	.02813658	0
943.15	0	.8161433	.1554897	.02836698	0
942.15	0	.8155257	.1558782	.02859615	0
941.15	0	.8149123	.1562637	.02882406	0
940.15	0	.8143031	.1566462	.02905072	0
939.15	0	.8136981	.1570258	.02927611	0
938.15	0	.8130973	.1574025	.02950022	0
937.15	0	.8125007	.1577763	.02972305	0
936.15	0	.8119081	.1581473	.02994458	0
935.15	0	.8113197	.1585155	.03016482	0
934.15	0	.8107353	.158881	.03038374	0
933.15	0	.810155	.1592437	.03060133	0
932.15	0	.8095786	.1596038	.0308176	0
931.15	0	.8090063	.1599612	.03103252	0
930.15	0	.8084379	.1603161	.03124608	0
929.15	0	.8078734	.1606684	.03145829	0
928.15	0	.8073127	.1610181	.03166912	0
927.15	0	.8067559	.1613655	.03187856	0
926.15	0	.806203	.1617104	.0320866	0
925.15	0	.8056537	.162053	.03229324	0
924.15	0	.8051082	.1623933	.03249845	0
923.15	0	.8045664	.1627314	.03270222	0
922.15	0	.8040282	.1630672	.03290455	0
921.15	0	.8034937	.1634009	.03310542	0
920.15	0	.8029626	.1637326	.03330481	0
919.15	0	.8024351	.1640622	.03350271	0
918.15	0	.801911	.1643899	.03369912	0
917.15	0	.8013903	.1647157	.033894	0
916.15	0	.8008729	.1650397	.03408735	0
915.15	0	.8003589	.165362	.03427916	0
914.15	0	.7998481	.1656825	.0344694	0
913.15	0	.7993404	.1660015	.03465806	0
912.15	0	.7988359	.166319	.03484513	0
911.15	0	.7983344	.1666351	.03503058	0
910.15	0	.7978359	.1669497	.0352144	0
909.15	0	.7973403	.1672632	.03539657	0
908.15	0	.7968475	.1675754	.03557708	0
907.15	0	.7963575	.1678866	.0357559	0
906.15	0	.7958702	.1681968	.03593301	0
905.15	0	.7953856	.168506	.0361084	0
904.15	0	.7949034	.1688145	.03628204	0
903.15	0	.7944237	.1691223	.03645391	0
902.15	0	.7939464	.1694296	.036624	0
901.15	0	.7934714	.1697364	.03679226	0
900.15	0	.7929985	.1700428	.0369587	0
899.15	0	.7925277	.170349	.03712327	0
898.15	0	.7920589	.1706551	.03728596	0
897.15	0	.791592	.1709613	.03744674	0
896.15	0	.7911269	.1712676	.03760558	0
895.15	0	.7906634	.1715742	.03776245	0
894.15	0	.7902014	.1718812	.03791734	0
893.15	0	.7897409	.1721889	.0380702	0
892.15	0	.7892817	.1724973	.03822101	0
891.15	0	.7888236	.1728067	.03836975	0
890.15	0	.7883666	.1731171	.03851636	0
889.15	0	.7879104	.1734288	.03866083	0
888.15	0	.787455	.1737419	.03880312	0
887.15	0	.7870002	.1740566	.03894319	0
886.15	0	.7865458	.1743732	.03908101	0
885.15	0	.7860917	.1746917	.03921654	0
884.15	0	.7856378	.1750125	.03934973	0
883.15	0	.7851837	.1753358	.03948055	0
882.15	0	.7847293	.1756617	.03960895	0
881.15	0	.7842746	.1759905	.0397349	0
880.15	0	.7838191	.1763225	.03985834	0
879.15	0	.7833628	.176658	.03997922	0
878.15	0	.7829054	.1769971	.04009749	0
877.15	0	.7824467	.1773402	.04021312	0
876.15	0	.7819865	.1776875	.04032602	0
875.15	0	.7815244	.1780394	.04043616	0
874.15	0	.7810603	.1783962	.04054346	0
873.15	0	.7805939	.1787583	.04064788	0
872.15	0	.7801248	.1791259	.04074933	0
871.15	0	.7796528	.1794995	.04084776	0
870.15	0	.7791775	.1798794	.04094309	0
869.15	0	.7786987	.1802661	.04103524	0
868.15	0	.778216	.1806599	.04112413	0
867.15	0	.7777289	.1810614	.04120968	0
866.15	0	.7772372	.181471	.04129181	0
865.15	0	.7767404	.1818892	.04137041	0
864.15	0	.776238	.1823166	.04144538	0
863.15	0	.7757297	.1827537	.04151662	0
862.15	0	.7752148	.1832012	.04158403	0
861.15	0	.7744652	.1839086	.04162624	0
860.15	0	.7734838	.1848744	.04164174	0
859.15	0	.7725505	.1857933	.04165614	0
858.15	0	.7716629	.1866676	.04166949	0
857.15	0	.7708187	.1874995	.04168182	0
856.15	0	.7700158	.1882911	.04169316	0
855.15	0	.7692521	.1890443	.04170352	0
854.15	0	.7685259	.1897612	.04171295	0
853.15	0	.7678352	.1904433	.04172145	0
852.15	0	.7671785	.1910925	.04172905	0
851.15	0	.7665539	.1917103	.04173577	0
850.15	0	.7659601	.1922983	.04174163	0
849.15	0	.7653956	.1928578	.04174663	0
848.15	0	.7648589	.1933903	.04175081	0
847.15	0	.7643488	.1938971	.04175416	0
846.15	0	.7638639	.1943794	.04175671	0
845.15	0	.7634031	.1948384	.04175848	0
844.15	0	.7629653	.1952752	.04175946	0
843.15	0	.7625494	.1956909	.04175968	0
842.15	0	.7621543	.1960865	.04175916	0
841.15	0	.7617791	.196463	.04175789	0
840.15	0	.7614228	.1968213	.04175589	0
839.15	0	.7610845	.1971623	.04175319	0
838.15	0	.7607634	.1974868	.04174977	0
837.15	0	.7604587	.1977956	.04174567	0
836.15	0	.7601695	.1980896	.04174088	0
835.15	0	.7598952	.1983693	.04173542	0
834.15	0	.759635	.1986356	.04172931	0
833.15	0	.7593883	.1988891	.04172254	0
832.15	0	.7591545	.1991304	.04171514	0
831.15	0	.7589328	.1993601	.04170711	0
830.15	0	.7587227	.1995788	.04169846	0
829.15	0	.7585237	.1997871	.04168921	0
828.15	0	.7583352	.1999854	.04167935	0
827.15	0	.7581567	.2001744	.04166892	0
826.15	0	.7579878	.2003543	.0416579	0
825.15	0	.7578278	.2005258	.04164631	0
824.15	0	.7576765	.2006893	.04163417	0
823.15	0	.7575334	.2008451	.04162148	0
822.15	0	.7573981	.2009937	.04160826	0
821.15	0	.7572701	.2011354	.0415945	0
820.15	0	.7571491	.2012707	.04158022	0
819.15	0	.7570348	.2013998	.04156543	0
818.15	0	.7569268	.201523	.04155014	0
817.15	0	.7568248	.2016408	.04153436	0
816.15	0	.7567285	.2017534	.04151809	0
815.15	0	.7566376	.2018611	.04150134	0
814.15	0	.7565518	.2019641	.04148413	0
813.15	0	.7564708	.2020628	.04146645	0
812.15	0	.7563944	.2021573	.04144833	0
811.15	0	.7563223	.202248	.04142976	0
810.15	0	.7562543	.2023349	.04141076	0
809.15	0	.7561902	.2024185	.04139132	0
808.15	0	.7561298	.2024988	.04137147	0
807.15	0	.7560728	.202576	.0413512	0
806.15	0	.7560191	.2026504	.04133053	0
805.15	0	.7559684	.2027221	.04130946	0
804.15	0	.7559207	.2027913	.041288	0
803.15	0	.7558757	.2028582	.04126615	0
802.15	0	.7558332	.2029228	.04124393	0
801.15	0	.7557932	.2029855	.04122133	0
800.15	0	.7557555	.2030462	.04119837	0
799.15	0	.7557199	.2031051	.04117505	0
798.15	0	.7556862	.2031624	.04115138	0
797.15	0	.7556545	.2032182	.04112736	0
796.15	0	.7556245	.2032725	.041103	0
795.15	0	.7555961	.2033256	.04107831	0
794.15	0	.7555693	.2033774	.04105328	0
793.15	0	.7555439	.2034282	.04102794	0
792.15	0	.7555198	.2034779	.04100228	0
791.15	0	.755497	.2035267	.04097631	0
790.15	0	.7554753	.2035747	.04095002	0
789.15	0	.7554546	.203622	.04092344	0
788.15	0	.7554349	.2036685	.04089656	0
787.15	0	.7554162	.2037145	.04086939	0
786.15	0	.7553982	.2037599	.04084193	0
785.15	0	.755381	.2038048	.04081419	0
784.15	0	.7553645	.2038494	.04078617	0
783.15	0	.7553486	.2038935	.04075788	0
782.15	0	.7553333	.2039374	.04072932	0
781.15	0	.7553185	.2039811	.04070049	0
780.15	0	.7553041	.2040245	.04067141	0
779.15	0	.7552901	.2040678	.04064206	0
778.15	0	.7552766	.204111	.04061247	0
777.15	0	.7552633	.2041541	.04058263	0
776.15	0	.7552503	.2041972	.04055254	0
775.15	0	.7552375	.2042403	.04052221	0
774.15	0	.7552249	.2042835	.04049165	0
773.15	0	.7552124	.2043267	.04046085	0
772.15	0	.7552001	.2043701	.04042983	0
771.15	0	.7551878	.2044136	.04039857	0
770.15	0	.7551756	.2044573	.0403671	0
769.15	0	.7551635	.2045011	.0403354	0
768.15	0	.7551513	.2045452	.04030349	0
767.15	0	.7551391	.2045895	.04027136	0
766.15	0	.7551268	.2046341	.04023903	0
765.15	0	.7551145	.204679	.04020649	0
764.15	0	.7551021	.2047242	.04017374	0
763.15	0	.7550895	.2047697	.0401408	0
762.15	0	.7550768	.2048155	.04010766	0
761.15	0	.755064	.2048617	.04007432	0
760.15	0	.755051	.2049083	.04004079	0
759.15	0	.7550377	.2049552	.04000707	0
758.15	0	.7550243	.2050025	.03997316	0
757.15	0	.7550107	.2050502	.03993907	0
756.15	0	.7549968	.2050984	.0399048	0
755.15	0	.7549827	.2051469	.03987035	0
754.15	0	.7549684	.2051959	.03983572	0
753.15	0	.7549537	.2052453	.03980092	0
752.15	0	.7549388	.2052952	.03976595	0
751.15	0	.7549237	.2053455	.03973081	0
750.15	0	.7549082	.2053963	.0396955	0
749.15	0	.7548924	.2054476	.03966003	0
748.15	0	.7548763	.2054993	.03962439	0
747.15	0	.75486	.2055514	.0395886	0
746.15	0	.7548433	.2056041	.03955265	0
745.15	0	.7548262	.2056572	.03951654	0
744.15	0	.7548089	.2057108	.03948028	0
743.15	0	.7547912	.2057649	.03944387	0
742.15	0	.7547732	.2058195	.03940731	0
741.15	0	.7547548	.2058746	.03937061	0
740.15	0	.7547361	.2059301	.03933375	0
739.15	0	.7547171	.2059861	.03929676	0
738.15	0	.7546977	.2060427	.03925962	0
737.15	0	.754678	.2060997	.03922235	0
736.15	0	.7546579	.2061572	.03918494	0
735.15	0	.7546374	.2062152	.0391474	0
734.15	0	.7546166	.2062736	.03910972	0
733.15	0	.7545955	.2063326	.03907191	0
732.15	0	.754574	.206392	.03903397	0
731.15	0	.7545522	.2064519	.0389959	0
730.15	0	.75453	.2065123	.03895771	0
729.15	0	.7545074	.2065732	.03891939	0
728.15	0	.7544845	.2066345	.03888095	0
727.15	0	.7544613	.2066964	.03884239	0
726.15	0	.7544377	.2067586	.03880371	0
725.15	0	.7544137	.2068214	.03876492	0
724.15	0	.7543894	.2068846	.03872601	0
723.15	0	.7543647	.2069483	.03868698	0
722.15	0	.7543417	.207011	.03864729	0
721.15	0	.7543162	.2070757	.03860808	0
720.15	0	.7542903	.2071409	.03856877	0
719.15	0	.7542642	.2072065	.03852934	0
718.15	0	.7542377	.2072725	.03848981	0
717.15	0	.7542109	.2073389	.03845017	0
716.15	0	.7541838	.2074058	.03841043	0
715.15	0	.7541563	.2074731	.03837059	0
714.15	0	.7541285	.2075408	.03833064	0
713.15	0	.7541005	.207609	.03829059	0
712.15	0	.754072	.2076775	.03825045	0
711.15	0	.7540433	.2077465	.03821021	0
710.15	0	.7540143	.2078158	.03816987	0
709.15	0	.7539849	.2078856	.03812945	0
708.15	0	.7539553	.2079558	.03808893	0
707.15	0	.7539254	.2080263	.03804832	0
706.15	0	.7538951	.2080973	.03800762	0
705.15	0	.7538646	.2081686	.03796683	0
704.15	0	.7538337	.2082403	.03792596	0
703.15	0	.7538026	.2083124	.03788501	0
702.15	0	.7537711	.2083849	.03784398	0
701.15	0	.7537394	.2084577	.03780286	0
700.15	0	.7537074	.2085309	.03776166	0
699.15	0	.7536752	.2086044	.03772039	0
698.15	0	.7536426	.2086784	.03767903	0
697.15	0	.7536098	.2087526	.03763761	0
696.15	0	.7535767	.2088272	.03759611	0
695.15	0	.7535433	.2089022	.03755454	0
694.15	0	.7535097	.2089774	.03751289	0
693.15	0	.7534758	.209053	.03747118	0
692.15	0	.7534416	.209129	.0374294	0
691.15	0	.7534072	.2092052	.03738756	0
690.15	0	.7533726	.2092818	.03734564	0
689.15	0	.7533377	.2093587	.03730367	0
688.15	0	.7533025	.2094359	.03726163	0
687.15	0	.7532671	.2095134	.03721953	0
686.15	0	.7532315	.2095912	.03717737	0
685.15	0	.7531956	.2096692	.03713515	0
684.15	0	.7531595	.2097476	.03709287	0
683.15	0	.7531232	.2098263	.03705054	0
682.15	0	.7530866	.2099052	.03700816	0
681.15	0	.7530498	.2099844	.03696572	0
680.15	0	.7530128	.2100639	.03692322	0
679.15	0	.7529756	.2101437	.03688068	0
678.15	0	.7529382	.2102237	.03683809	0
677.15	0	.7529006	.210304	.03679545	0
676.15	0	.7528627	.2103845	.03675276	0
675.15	0	.7528247	.2104653	.03671003	0
674.15	0	.7527864	.2105463	.03666726	0
673.15	0	.752748	.2106276	.03662444	0
672.15	0	.7527093	.2107091	.03658157	0
671.15	0	.7526705	.2107908	.03653867	0
670.15	0	.7526315	.2108728	.03649573	0
669.15	0	.7525923	.210955	.03645275	0
668.15	0	.7525529	.2110374	.03640973	0
667.15	0	.7525134	.21112	.03636667	0
666.15	0	.7524736	.2112028	.03632359	0
665.15	0	.7524337	.2112858	.03628046	0
664.15	0	.7523937	.211369	.03623731	0
663.15	0	.7523534	.2114525	.03619412	0
662.15	0	.752313	.2115361	.03615091	0
661.15	0	.7522724	.2116199	.03610767	0
660.15	0	.7522317	.2117039	.03606439	0
659.15	0	.7521909	.211788	.0360211	0
658.15	0	.7521499	.2118724	.03597777	0
657.15	0	.7521087	.2119569	.03593442	0
656.15	0	.7520674	.2120416	.03589105	0
655.15	0	.7520259	.2121264	.03584766	0
654.15	0	.7519843	.2122114	.03580425	0
653.15	0	.7519426	.2122966	.03576081	0
652.15	0	.7519008	.2123819	.03571736	0
651.15	0	.7518588	.2124673	.0356739	0
650.15	0	.7518167	.2125529	.03563041	0
649.15	0	.7517744	.2126387	.03558691	0
648.15	0	.7517321	.2127245	.0355434	0
647.15	0	.7516896	.2128105	.03549987	0
646.15	0	.751647	.2128967	.03545633	0
645.15	0	.7516043	.2129829	.03541278	0
644.15	0	.7515615	.2130693	.03536922	0
643.15	0	.7515186	.2131558	.03532566	0
642.15	0	.7514755	.2132424	.03528208	0
641.15	0	.7514324	.2133291	.0352385	0
640.15	0	.7513892	.2134159	.03519491	0
639.15	0	.7513459	.2135028	.03515132	0
638.15	0	.7513025	.2135898	.03510773	0
637.15	0	.751259	.2136769	.03506413	0
636.15	0	.7512154	.2137641	.03502054	0
635.15	0	.7511717	.2138514	.03497694	0
634.15	0	.7511279	.2139387	.03493335	0
633.15	0	.7510841	.2140262	.03488976	0
632.15	0	.7510401	.2141137	.03484616	0
631.15	0	.7509961	.2142013	.03480258	0
630.15	0	.7509521	.2142889	.034759	0
629.15	0	.7509079	.2143767	.03471543	0
628.15	0	.7508637	.2144644	.03467186	0
627.15	0	.7508194	.2145523	.0346283	0
626.15	0	.7507751	.2146402	.03458476	0
625.15	0	.7507307	.2147281	.03454122	0
624.15	0	.7506862	.2148161	.03449769	0
623.15	0	.7506417	.2149041	.03445418	0
622.15	0	.7505971	.2149922	.03441068	0
621.15	0	.7505525	.2150803	.0343672	0
620.15	0	.7505078	.2151685	.03432373	0
619.15	0	.7504631	.2152567	.03428027	0
618.15	0	.7504183	.2153449	.03423684	0
617.15	0	.7503735	.2154331	.03419342	0
616.15	0	.7503286	.2155214	.03415003	0
615.15	0	.7502837	.2156096	.03410665	0
614.15	0	.7502388	.2156979	.0340633	0
613.15	0	.7501938	.2157862	.03401997	0
612.15	0	.7501488	.2158745	.03397666	0
611.15	0	.7501038	.2159629	.03393338	0
610.15	0	.7500587	.2160512	.03389012	0
609.15	0	.7500136	.2161395	.03384689	0
608.15	0	.7499685	.2162278	.03380369	0
607.15	0	.7499234	.2163161	.03376051	0
606.15	0	.7498782	.2164044	.03371737	0
605.15	0	.7498331	.2164927	.03367425	0
604.15	0	.7497879	.216581	.03363117	0
603.15	0	.7497427	.2166692	.03358812	0
602.15	0	.7496975	.2167575	.0335451	0
601.15	0	.7496522	.2168457	.03350212	0
600.15	0	.749607	.2169338	.03345918	0
599.15	0	.7495618	.217022	.03341626	0
598.15	0	.7495165	.2171101	.03337339	0
597.15	0	.7494713	.2171982	.03333056	0
596.15	0	.749426	.2172862	.03328776	0
595.15	0	.7493808	.2173742	.03324501	0
594.15	0	.7493355	.2174622	.03320229	0
593.15	0	.7492903	.2175501	.03315962	0
592.15	0	.7492451	.217638	.03311699	0
591.15	0	.7491998	.2177258	.0330744	0
590.15	0	.7491546	.2178135	.03303186	0
589.15	0	.7491094	.2179012	.03298937	0
588.15	0	.7490642	.2179889	.03294692	0
587.15	0	.749019	.2180764	.03290452	0
586.15	0	.7489739	.218164	.03286217	0
585.15	0	.7489288	.2182514	.03281987	0
584.15	0	.7488836	.2183388	.03277761	0
583.15	0	.7488385	.2184261	.03273541	0
582.15	0	.7487935	.2185133	.03269326	0
581.15	0	.7487484	.2186004	.03265117	0
580.15	0	.7487034	.2186875	.03260913	0
579.15	0	.7486584	.2187745	.03256714	0
578.15	0	.7486134	.2188613	.03252521	0
577.15	0	.7485685	.2189482	.03248334	0
576.15	0	.7485236	.2190349	.03244152	0
575.15	0	.7484788	.2191215	.03239977	0
574.15	0	.7484339	.219208	.03235807	0
573.15	0	.7483891	.2192944	.03231643	0
572.15	0	.7483444	.2193808	.03227486	0
571.15	0	.7482997	.219467	.03223334	0
570.15	0	.748255	.2195531	.03219189	0
569.15	0	.7482104	.2196391	.0321505	0
568.15	0	.7481658	.219725	.03210918	0
567.15	0	.7481213	.2198108	.03206793	0
566.15	0	.7480768	.2198964	.03202674	0
565.15	0	.7480324	.219982	.03198561	0
564.15	0	.747988	.2200674	.03194456	0
563.15	0	.7479437	.2201527	.03190358	0
562.15	0	.7478994	.2202379	.03186266	0
561.15	0	.7478552	.220323	.03182182	0
560.15	0	.7478111	.2204079	.03178105	0
559.15	0	.747767	.2204927	.03174034	0
558.15	0	.7477229	.2205774	.03169972	0
557.15	0	.7476789	.2206619	.03165917	0
556.15	0	.747635	.2207463	.03161869	0
555.15	0	.7475912	.2208305	.03157829	0
554.15	0	.7475474	.2209147	.03153797	0
553.15	0	.7475037	.2209986	.03149772	0
552.15	0	.74746	.2210825	.03145755	0
551.15	0	.7474164	.2211661	.03141747	0
550.15	0	.7473729	.2212496	.03137746	0
549.15	0	.7473295	.221333	.03133753	0
548.15	0	.7472861	.2214162	.03129769	0
547.15	0	.7472428	.2214993	.03125793	0
546.15	0	.7471996	.2215822	.03121825	0
545.15	0	.7471564	.2216649	.03117865	0
544.15	0	.7471133	.2217475	.03113915	0
543.15	0	.7470703	.2218299	.03109972	0
542.15	0	.7470274	.2219122	.03106039	0
541.15	0	.7469846	.2219943	.03102114	0
540.15	0	.7469419	.2220762	.03098198	0
539.15	0	.7468992	.2221579	.03094291	0
538.15	0	.7468566	.2222395	.03090393	0
537.15	0	.7468141	.2223209	.03086504	0
536.15	0	.7467717	.2224021	.03082624	0
535.15	0	.7467294	.2224831	.03078753	0
534.15	0	.7466871	.2225639	.03074892	0
533.15	0	.746645	.2226446	.0307104	0
532.15	0	.746603	.2227251	.03067198	0
531.15	0	.746561	.2228054	.03063365	0
530.15	0	.7465191	.2228855	.03059542	0
529.15	0	.7464774	.2229654	.03055729	0
528.15	0	.7464357	.2230451	.03051925	0
527.15	0	.7463941	.2231246	.03048131	0
526.15	0	.7463526	.2232039	.03044347	0
525.15	0	.7463112	.223283	.03040573	0
524.15	0	.7462699	.223362	.0303681	0
523.15	0	.7462288	.2234407	.03033056	0
522.15	0	.7461877	.2235192	.03029313	0
521.15	0	.7461467	.2235975	.0302558	0
520.15	0	.7461058	.2236756	.03021857	0
519.15	0	.746065	.2237535	.03018145	0
518.373	0	.7460334	.2238139	.03015268	0
518.373	0	.7460334	.2238139	.03015268	0
518.373	0	.7460334	.2238139	.03015268	0
518.15	0	.7461018	.2236575	.03006976	1.7088E-04
517.15	0	.7464074	.2229581	.02969869	9.357516E-04
516.15	0	.7467113	.2222614	.02932879	.001698515
515.15	0	.7470133	.2215675	.02896005	.00245919
514.15	0	.7473136	.2208762	.02859244	.003217797
513.15	0	.7476121	.2201875	.02822598	.003974353
512.15	0	.747909	.2195015	.02786064	.00472888
511.15	0	.7482042	.218818	.02749642	.005481395
510.15	0	.7484977	.2181371	.02713331	.006231917
509.15	0	.7487896	.2174586	.0267713	.006980465
508.15	0	.7490799	.2167826	.02641038	.007727057
507.15	0	.7493687	.2161091	.02605055	.008471711
506.15	0	.7496558	.2154379	.02569179	.009214445
505.15	0	.7499415	.2147691	.0253341	.009955276
504.15	0	.7502256	.2141027	.02497747	.01069422
503.15	0	.7505083	.2134385	.02462188	.0114313
502.15	0	.7507895	.2127766	.02426735	.01216653
501.15	0	.7510693	.212117	.02391384	.01289993
500.15	0	.7513476	.2114595	.02356137	.01363151
499.15	0	.7516245	.2108043	.02320991	.01436129
498.15	0	.7519001	.2101512	.02285946	.01508929
497.15	0	.7521743	.2095002	.02251002	.01581552
496.15	0	.7524472	.2088513	.02216158	.01654
495.15	0	.7527187	.2082044	.02181413	.01726274
494.15	0	.752989	.2075596	.02146766	.01798377
493.15	0	.753258	.2069168	.02112216	.01870309
492.15	0	.7535257	.2062759	.02077763	.01942073
491.15	0	.7537922	.2056371	.02043407	.02013669
490.15	0	.7540576	.2050001	.02009134	.02085102
489.15	0	.7543216	.204365	.01974968	.02156368
488.15	0	.7545845	.2037318	.01940895	.02227472
487.15	0	.7548463	.2031004	.01906916	.02298414
486.15	0	.7551068	.2024709	.0187303	.02369197
485.15	0	.7553663	.2018431	.01839236	.02439821
484.15	0	.7556246	.2012172	.01805534	.02510288
483.15	0	.7558819	.2005929	.01771923	.025806
482.15	0	.756138	.1999704	.01738401	.02650758
481.15	0	.7563932	.1993495	.0170497	.02720763
480.15	0	.7566472	.1987304	.01671627	.02790616
479.15	0	.7569003	.1981128	.01638373	.0286032
478.15	0	.7571523	.1974969	.01605207	.02929875
477.15	0	.7574033	.1968826	.01572128	.02999283
476.15	0	.7576534	.1962698	.01539136	.03068544
475.15	0	.7579025	.1956586	.0150623	.03137661
474.15	0	.7581506	.1950489	.01473409	.03206635
473.15	0	.7583978	.1944408	.01440674	.03275467
472.15	0	.7586441	.1938341	.01408022	.03344158
471.15	0	.7588895	.1932289	.01375455	.03412709
470.15	0	.759134	.1926251	.01342971	.03481122
469.15	0	.7593776	.1920227	.0131057	.03549398
468.15	0	.7596204	.1914217	.01278251	.03617538
467.15	0	.7598623	.1908221	.01246014	.03685543
466.15	0	.7601034	.1902238	.01213859	.03753415
465.15	0	.7603437	.1896269	.01181784	.03821155
464.15	0	.7605831	.1890313	.01149789	.03888764
463.15	0	.7608218	.188437	.01117874	.03956243
462.15	0	.7610597	.187844	.01086038	.04023593
461.15	0	.7612969	.1872522	.01054281	.04090815
460.15	0	.7615332	.1866616	.01022603	.04157911
459.15	0	.7617689	.1860723	.009910017	.04224882
458.15	0	.7620038	.1854842	.009594782	.04291728
457.15	0	.762238	.1848972	.009280316	.04358451
456.15	0	.7624715	.1843114	.008966614	.04425052
455.15	0	.7627043	.1837268	.008653672	.04491533
454.15	0	.7629364	.1831432	.008341485	.04557893
453.15	0	.7631678	.1825608	.008030049	.04624135
452.15	0	.7633986	.1819794	.00771936	.04690258
451.15	0	.7636288	.1813992	.007409412	.04756265
450.15	0	.7638583	.1808199	.007100203	.04822157
449.15	0	.7640873	.1802417	.006791739	.04887935
448.15	0	.7643156	.1796644	.006484006	.049536
447.15	0	.7645434	.1790881	.006177002	.05019153
446.15	0	.7647705	.1785128	.005870722	.05084595
445.15	0	.7649972	.1779384	.005565163	.05149926
444.15	0	.7652233	.1773649	.005260323	.05215149
443.15	0	.7654488	.1767924	.004956198	.05280264
442.15	0	.7656738	.1762207	.004652787	.05345272
441.15	0	.7658984	.1756498	.004350085	.05410175
440.15	0	.7661224	.1750798	.00404809	.05474973
439.15	0	.766346	.1745106	.0037468	.05539667
438.15	0	.7665691	.1739421	.00344621	.05604259
437.15	0	.7667917	.1733744	.003146319	.0566875
436.15	0	.767014	.1728075	.002847124	.0573314
435.15	0	.7672358	.1722413	.002548621	.05797431
434.15	0	.7674572	.1716758	.002250808	.05861624
433.15	0	.7676781	.171111	.001953682	.05925719
432.15	0	.7678987	.1705469	.00165724	.05989717
431.15	0	.768119	.1699834	.00136148	.0605362
430.15	0	.7683388	.1694205	.001066398	.06117429
429.15	0	.7685583	.1688583	7.71992E-04	.06181144
428.15	0	.7687774	.1682966	4.782591E-04	.06244766
427.15	0	.7689963	.1677356	1.851963E-04	.06308296
426.5169	0	.7691346	.1673807	0	.0634847
426.5169	0	.7691346	.1673807	0	.0634847
426.15	0	.7691289	.167309	0	.0635621
425.15	0	.7691133	.1671141	0	.06377258
424.15	0	.7690978	.1669198	0	.06398239
423.15	0	.7690824	.1667261	0	.06419153
422.15	0	.769067	.166533	0	.06440001
421.15	0	.7690517	.1663404	0	.06460784
420.15	0	.7690366	.1661484	0	.06481502
419.15	0	.7690215	.1659569	0	.06502157
418.15	0	.7690065	.165766	0	.06522749
417.15	0	.7689916	.1655756	0	.0654328
416.15	0	.7689769	.1653856	0	.06563749
415.15	0	.7689622	.1651962	0	.06584158
414.15	0	.7689477	.1650072	0	.06604508
413.15	0	.7689333	.1648188	0	.06624799
412.15	0	.768919	.1646307	0	.06645032
411.15	0	.7689048	.1644431	0	.06665208
410.15	0	.7688907	.164256	0	.06685327
409.15	0	.7688768	.1640693	0	.0670539
408.15	0	.7688631	.163883	0	.06725399
407.15	0	.7688494	.1636971	0	.06745352
406.15	0	.7688359	.1635116	0	.06765252
405.15	0	.7688225	.1633265	0	.06785099
404.15	0	.7688093	.1631418	0	.06804893
403.15	0	.7687962	.1629574	0	.06824636
402.15	0	.7687833	.1627734	0	.06844327
401.15	0	.7687705	.1625898	0	.06863967
400.15	0	.7687579	.1624066	0	.06883558
399.15	0	.7687454	.1622236	0	.06903099
398.15	0	.7687331	.162041	0	.0692259
397.15	0	.7687209	.1618587	0	.06942034
396.15	0	.7687089	.1616768	0	.0696143
395.15	0	.7686971	.1614952	0	.06980778
394.15	0	.7686854	.1613138	0	.0700008
393.15	0	.7686738	.1611328	0	.07019336
392.15	0	.7686625	.1609521	0	.07038546
391.15	0	.7686513	.1607716	0	.0705771
390.15	0	.7686403	.1605914	0	.0707683
389.15	0	.7686294	.1604116	0	.07095906
388.15	0	.7686187	.1602319	0	.07114937
387.15	0	.7686082	.1600526	0	.07133926
386.15	0	.7685978	.1598735	0	.07152871
385.15	0	.7685876	.1596946	0	.07171774
384.15	0	.7685776	.159516	0	.07190636
383.15	0	.7685678	.1593377	0	.07209455
382.15	0	.7685581	.1591596	0	.07228233
381.15	0	.7685486	.1589817	0	.0724697
380.15	0	.7685393	.158804	0	.07265667
379.15	0	.7685301	.1586266	0	.07284324
378.15	0	.7685212	.1584494	0	.07302941
377.15	0	.7685123	.1582725	0	.07321519
376.15	0	.7685037	.1580957	0	.07340058
375.15	0	.7684953	.1579191	0	.07358559
374.15	0	.768487	.1577428	0	.07377021
373.15	0	.7684789	.1575667	0	.07395445
372.15	0	.768471	.1573907	0	.07413831
371.15	0	.7684632	.157215	0	.0743218
370.15	0	.7684556	.1570394	0	.07450493
369.15	0	.7684482	.1568641	0	.07468768
368.15	0	.768441	.1566889	0	.07487007
367.15	0	.7684339	.156514	0	.0750521
366.15	0	.768427	.1563392	0	.07523377
365.15	0	.7684203	.1561646	0	.07541509
364.15	0	.7684138	.1559902	0	.07559605
363.15	0	.7684074	.1558159	0	.07577667
362.15	0	.7684012	.1556418	0	.07595693
361.15	0	.7683952	.1554679	0	.07613685
360.15	0	.7683894	.1552942	0	.07631643
359.15	0	.7683837	.1551206	0	.07649566
358.15	0	.7683782	.1549473	0	.07667456
357.15	0	.7683728	.154774	0	.07685312
356.15	0	.7683677	.154601	0	.07703135
355.15	0	.7683627	.1544281	0	.07720924
354.15	0	.7683579	.1542553	0	.07738681
353.15	0	.7683532	.1540828	0	.07756405
352.15	0	.7683487	.1539103	0	.07774096
351.15	0	.7683444	.1537381	0	.07791754
350.15	0	.7683402	.153566	0	.07809381
349.15	0	.7683362	.153394	0	.07826975
348.15	0	.7683324	.1532222	0	.07844538
347.15	0	.7683287	.1530506	0	.07862069
346.15	0	.7683252	.1528791	0	.07879568
345.15	0	.7683218	.1527078	0	.07897036
344.15	0	.7683187	.1525366	0	.07914472
343.15	0	.7683156	.1523656	0	.07931878
342.15	0	.7683128	.1521947	0	.07949253
341.15	0	.7683101	.152024	0	.07966596
340.15	0	.7683075	.1518534	0	.07983909
339.15	0	.7683051	.151683	0	.08001192
338.15	0	.7683028	.1515127	0	.08018444
337.15	0	.7683008	.1513426	0	.08035666
336.15	0	.7682988	.1511726	0	.08052858
335.15	0	.768297	.1510028	0	.0807002
334.15	0	.7682954	.1508331	0	.08087151
333.15	0	.7682939	.1506636	0	.08104253
332.15	0	.7682926	.1504942	0	.08121325
331.15	0	.7682914	.1503249	0	.08138368
330.15	0	.7682904	.1501558	0	.08155381
329.15	0	.7682895	.1499869	0	.08172365
328.15	0	.7682887	.1498181	0	.08189319
327.15	0	.7682881	.1496495	0	.08206244
326.15	0	.7682876	.149481	0	.0822314
325.15	0	.7682873	.1493126	0	.08240007
324.15	0	.7682871	.1491444	0	.08256844
323.15	0	.7682871	.1489764	0	.08273653
322.15	0	.7682872	.1488085	0	.08290433
321.15	0	.7682874	.1486407	0	.08307185
320.15	0	.7682878	.1484731	0	.08323907
319.15	0	.7682883	.1483057	0	.08340601
318.15	0	.7682889	.1481384	0	.08357267
317.15	0	.7682897	.1479713	0	.08373904
316.15	0	.7682906	.1478043	0	.08390512
315.15	0	.7682916	.1476374	0	.08407092
314.15	0	.7682928	.1474708	0	.08423644
313.15	0	.7682941	.1473042	0	.08440168
312.15	0	.7682955	.1471379	0	.08456663
311.15	0	.768297	.1469717	0	.0847313
310.15	0	.7682987	.1468056	0	.08489569
309.15	0	.7683005	.1466397	0	.0850598
308.15	0	.7683024	.146474	0	.08522363
307.15	0	.7683045	.1463084	0	.08538718
306.15	0	.7683066	.1461429	0	.08555045
305.15	0	.7683089	.1459777	0	.08571344
304.15	0	.7683113	.1458126	0	.08587615
303.15	0	.7683138	.1456476	0	.08603859
302.15	0	.7683164	.1454829	0	.08620074
301.15	0	.7683191	.1453182	0	.08636262
300.15	0	.768322	.1451538	0	.08652422
299.15	0	.768325	.1449895	0	.08668555
298.15	0	.768328	.1448254	0	.0868466
