T	 BPW(LIQUID)	BPW(BCC_A2)	BPW(FCC_A1)	BPW(LAVES_PHASE_C14)	BPW(NI3TI)
1473.15	.3946214	.6053786	0	0	0
1472.15	.3910078	.6089922	0	0	0
1471.15	.3874199	.6125801	0	0	0
1470.15	.3838578	.6161422	0	0	0
1469.15	.3803211	.619679	0	0	0
1468.15	.3768096	.6231904	0	0	0
1467.15	.3733233	.6266767	0	0	0
1466.15	.369862	.630138	0	0	0
1465.15	.3664254	.6335746	0	0	0
1464.15	.3630135	.6369865	0	0	0
1463.15	.3596259	.6403741	0	0	0
1462.15	.3562627	.6437373	0	0	0
1461.15	.3529235	.6470765	0	0	0
1460.15	.3496082	.6503918	0	0	0
1459.15	.3463167	.6536833	0	0	0
1458.15	.3430488	.6569512	0	0	0
1457.15	.3398043	.6601957	0	0	0
1456.15	.336583	.663417	0	0	0
1455.15	.3333849	.6666151	0	0	0
1454.15	.3302097	.6697903	0	0	0
1453.15	.3270572	.6729428	0	0	0
1452.15	.3239274	.6760727	0	0	0
1451.15	.3208199	.6791801	0	0	0
1450.15	.3177348	.6822652	0	0	0
1449.15	.3146718	.6853282	0	0	0
1448.15	.3116308	.6883692	0	0	0
1447.15	.3086116	.6913884	0	0	0
1446.15	.305614	.694386	0	0	0
1445.15	.3026379	.6973621	0	0	0
1444.15	.2996832	.7003168	0	0	0
1443.15	.2967496	.7032504	0	0	0
1442.15	.2938371	.7061629	0	0	0
1441.15	.2909455	.7090545	0	0	0
1440.15	.2880746	.7119254	0	0	0
1439.15	.2852243	.7147757	0	0	0
1438.354	.2829711	.7170289	0	0	0
1438.354	.2829711	.7170289	0	0	0
1438.354	.2829711	.7170289	0	0	0
1438.15	.282039	.7176181	0	3.428818E-04	0
1437.15	.277518	.7204731	0	.002008985	0
1436.15	.2730614	.7232822	0	.003656382	0
1435.15	.2686679	.7260466	0	.005285484	0
1434.15	.2643363	.728767	0	.006896688	0
1433.15	.2600651	.7314446	0	.008490383	0
1432.15	.255853	.73408	0	.01006695	0
1431.15	.251699	.7366743	0	.01162674	0
1430.15	.2476017	.7392282	0	.01317013	0
1429.15	.2435599	.7417426	0	.01469745	0
1428.15	.2395726	.7442183	0	.01620905	0
1427.15	.2356387	.7466561	0	.01770526	0
1426.15	.231757	.7490566	0	.01918638	0
1425.15	.2279265	.7514208	0	.02065274	0
1424.15	.2241461	.7537493	0	.02210463	0
1423.15	.220415	.7560427	0	.02354235	0
1422.15	.216732	.7583018	0	.02496619	0
1421.15	.2130962	.7605273	0	.02637643	0
1420.15	.2095068	.7627199	0	.02777334	0
1419.15	.2059628	.76488	0	.02915717	0
1418.15	.2024634	.7670085	0	.0305282	0
1417.15	.1990076	.7691058	0	.03188668	0
1416.15	.1955946	.7711726	0	.03323284	0
1415.15	.1922237	.7732094	0	.03456693	0
1414.15	.188894	.7752168	0	.03588918	0
1413.15	.1856047	.7771954	0	.03719982	0
1412.15	.1823552	.7791458	0	.03849907	0
1411.15	.1791446	.7810683	0	.03978715	0
1410.15	.1759722	.7829636	0	.04106426	0
1409.15	.1728373	.7848321	0	.04233062	0
1408.15	.1697393	.7866743	0	.04358641	0
1407.15	.1666774	.7884907	0	.04483185	0
1406.15	.163651	.7902818	0	.04606712	0
1405.15	.1606595	.7920481	0	.0472924	0
1404.15	.1577023	.7937899	0	.04850788	0
1403.15	.1547786	.7955077	0	.04971374	0
1402.15	.1518879	.7972019	0	.05091015	0
1401.15	.1490297	.798873	0	.05209728	0
1400.15	.1462034	.8005213	0	.05327529	0
1399.15	.1434083	.8021473	0	.05444434	0
1398.15	.1406441	.8037513	0	.05560461	0
1397.15	.13791	.8053338	0	.05675623	0
1396.15	.1352056	.806895	0	.05789936	0
1395.15	.1325305	.8084354	0	.05903414	0
1394.15	.129884	.8099553	0	.06016072	0
1393.15	.1272657	.811455	0	.06127925	0
1392.15	.1246752	.812935	0	.06238986	0
1391.15	.1221118	.8143955	0	.06349267	0
1390.15	.1195753	.8158368	0	.06458783	0
1389.15	.1170652	.8172594	0	.06567547	0
1388.15	.1145809	.8186634	0	.0667557	0
1387.15	.1121222	.8200492	0	.06782865	0
1386.15	.1096885	.8214171	0	.06889444	0
1385.15	.1072794	.8227674	0	.0699532	0
1384.15	.1048946	.8241004	0	.07100502	0
1383.15	.1025336	.8254163	0	.07205004	0
1382.15	.1001961	.8267155	0	.07308835	0
1381.15	.09788173	.8279982	0	.07412006	0
1380.15	.09559005	.8292647	0	.07514529	0
1379.15	.09332072	.8305152	0	.07616412	0
1378.15	.09107339	.8317499	0	.07717668	0
1377.15	.0888477	.8329693	0	.07818304	0
1376.15	.08664333	.8341734	0	.07918332	0
1375.15	.08445993	.8353625	0	.0801776	0
1374.15	.08229718	.8365368	0	.08116598	0
1373.15	.08015476	.8376967	0	.08214855	0
1372.15	.07803234	.8388423	0	.0831254	0
1371.15	.07592963	.8399738	0	.08409661	0
1370.15	.07384632	.8410914	0	.08506227	0
1369.15	.0717821	.8421954	0	.08602247	0
1368.15	.0697367	.843286	0	.08697729	0
1367.15	.06770983	.8443634	0	.0879268	0
1366.15	.0657012	.8454277	0	.0888711	0
1365.15	.06371054	.8464792	0	.08981024	0
1364.15	.06173759	.8475181	0	.09074431	0
1363.15	.05978207	.8485445	0	.09167339	0
1362.15	.05784373	.8495587	0	.09259755	0
1361.15	.05592231	.8505608	0	.09351685	0
1360.15	.05401757	.8515511	0	.09443137	0
1359.15	.05212925	.8525296	0	.09534118	0
1358.15	.05025712	.8534965	0	.09624634	0
1357.15	.04840095	.8544521	0	.09714693	0
1356.15	.0465605	.8553965	0	.09804299	0
1355.15	.04473554	.8563299	0	.09893461	0
1354.15	.04292585	.8572523	0	.09982184	0
1353.15	.04113121	.8581641	0	.1007047	0
1352.15	.03935141	.8590652	0	.1015834	0
1351.15	.03758623	.859956	0	.1024578	0
1350.15	.03583546	.8608365	0	.1033281	0
1349.15	.03409891	.8617068	0	.1041942	0
1348.15	.03237637	.8625672	0	.1050564	0
1347.15	.03066765	.8634178	0	.1059145	0
1346.15	.02897255	.8642587	0	.1067688	0
1345.15	.02729088	.86509	0	.1076191	0
1344.15	.02562246	.8659119	0	.1084656	0
1343.15	.0239671	.8667245	0	.1093084	0
1342.15	.02232462	.867528	0	.1101474	0
1341.15	.02069485	.8683224	0	.1109827	0
1340.15	.01907761	.869108	0	.1118144	0
1339.15	.01747273	.8698847	0	.1126426	0
1338.15	.01588004	.8706528	0	.1134672	0
1337.15	.01429937	.8714123	0	.1142883	0
1336.15	.01273057	.8721635	0	.115106	0
1335.15	.01117348	.8729063	0	.1159202	0
1334.15	.00962793	.873641	0	.1167311	0
1333.15	.008093775	.8743675	0	.1175387	0
1332.15	.006570861	.8750861	0	.118343	0
1331.15	.005059039	.8757969	0	.1191441	0
1330.15	.003558161	.8764998	0	.119942	0
1329.15	.002068083	.8771952	0	.1207368	0
1328.15	5.886634E-04	.877883	0	.1215284	0
1327.75	0	.8781559	0	.1218441	0
1327.75	0	.8781559	0	.1218441	0
1327.15	0	.8777916	0	.1222084	0
1326.15	0	.8771857	0	.1228143	0
1325.15	0	.876581	0	.123419	0
1324.15	0	.8759777	0	.1240223	0
1323.15	0	.8753756	0	.1246244	0
1322.15	0	.8747749	0	.1252251	0
1321.15	0	.8741754	0	.1258246	0
1320.15	0	.8735772	0	.1264228	0
1319.15	0	.8729803	0	.1270197	0
1318.15	0	.8723847	0	.1276153	0
1317.15	0	.8717904	0	.1282096	0
1316.15	0	.8711973	0	.1288027	0
1315.15	0	.8706055	0	.1293945	0
1314.15	0	.870015	0	.129985	0
1313.15	0	.8694257	0	.1305743	0
1312.15	0	.8688377	0	.1311623	0
1311.15	0	.868251	0	.131749	0
1310.15	0	.8676655	0	.1323345	0
1309.15	0	.8670812	0	.1329188	0
1308.15	0	.8664982	0	.1335018	0
1307.15	0	.8659164	0	.1340836	0
1306.15	0	.8653359	0	.1346642	0
1305.15	0	.8647565	0	.1352435	0
1304.15	0	.8641784	0	.1358216	0
1303.15	0	.8636016	0	.1363984	0
1302.15	0	.8630259	0	.1369741	0
1301.15	0	.8624515	0	.1375485	0
1300.15	0	.8618783	0	.1381218	0
1299.15	0	.8613062	0	.1386938	0
1298.15	0	.8607354	0	.1392646	0
1297.15	0	.8601658	0	.1398342	0
1296.15	0	.8595974	0	.1404026	0
1295.15	0	.8590302	0	.1409698	0
1294.15	0	.8584642	0	.1415358	0
1293.15	0	.8578993	0	.1421007	0
1292.15	0	.8573357	0	.1426643	0
1291.15	0	.8567732	0	.1432268	0
1290.15	0	.8562119	0	.1437881	0
1289.15	0	.8556517	0	.1443483	0
1288.15	0	.8550928	0	.1449072	0
1287.15	0	.854535	0	.145465	0
1286.15	0	.8539783	0	.1460217	0
1285.15	0	.8534228	0	.1465772	0
1284.15	0	.8528685	0	.1471315	0
1283.15	0	.8523154	0	.1476846	0
1282.15	0	.8517633	0	.1482367	0
1281.15	0	.8512125	0	.1487875	0
1280.15	0	.8506627	0	.1493373	0
1279.15	0	.8501141	0	.1498859	0
1278.15	0	.8495667	0	.1504333	0
1277.15	0	.8490203	0	.1509797	0
1276.15	0	.8484751	0	.1515249	0
1275.15	0	.8479311	0	.1520689	0
1274.15	0	.8473881	0	.1526119	0
1273.15	0	.8468463	0	.1531537	0
1272.15	0	.8463055	0	.1536945	0
1271.15	0	.845766	0	.1542341	0
1270.15	0	.8452274	0	.1547726	0
1269.15	0	.8446901	0	.15531	0
1268.15	0	.8441538	0	.1558462	0
1267.15	0	.8436186	0	.1563814	0
1266.15	0	.8430845	0	.1569155	0
1265.15	0	.8425515	0	.1574485	0
1264.15	0	.8420196	0	.1579804	0
1263.15	0	.8414887	0	.1585113	0
1262.15	0	.840959	0	.159041	0
1261.15	0	.8404303	0	.1595697	0
1260.15	0	.8399028	0	.1600972	0
1259.15	0	.8393763	0	.1606237	0
1258.15	0	.8388508	0	.1611492	0
1257.15	0	.8383264	0	.1616735	0
1256.15	0	.8378032	0	.1621969	0
1255.15	0	.8372809	0	.1627191	0
1254.15	0	.8367597	0	.1632403	0
1253.15	0	.8362396	0	.1637604	0
1252.15	0	.8357205	0	.1642795	0
1251.15	0	.8352025	0	.1647975	0
1250.15	0	.8346856	0	.1653145	0
1249.15	0	.8341696	0	.1658304	0
1248.15	0	.8336547	0	.1663453	0
1247.15	0	.8331409	0	.1668591	0
1246.15	0	.8326281	0	.1673719	0
1245.15	0	.8321163	0	.1678837	0
1244.15	0	.8316056	0	.1683944	0
1243.15	0	.8310959	0	.1689042	0
1242.15	0	.8305872	0	.1694128	0
1241.15	0	.8300795	0	.1699205	0
1240.15	0	.8295728	0	.1704272	0
1239.15	0	.8290672	0	.1709328	0
1238.15	0	.8285626	0	.1714374	0
1237.15	0	.828059	0	.171941	0
1236.15	0	.8275564	0	.1724436	0
1235.15	0	.8270548	0	.1729452	0
1234.15	0	.8265542	0	.1734458	0
1233.15	0	.8260546	0	.1739454	0
1232.15	0	.825556	0	.174444	0
1231.15	0	.8250584	0	.1749416	0
1230.15	0	.8245617	0	.1754383	0
1229.15	0	.8240661	0	.1759339	0
1228.15	0	.8235715	0	.1764285	0
1227.15	0	.8230778	0	.1769222	0
1226.15	0	.8225851	0	.1774149	0
1225.15	0	.8220935	0	.1779065	0
1224.15	0	.8216027	0	.1783973	0
1223.15	0	.821113	0	.178887	0
1222.15	0	.8206242	0	.1793758	0
1221.15	0	.8201364	0	.1798636	0
1220.15	0	.8196495	0	.1803504	0
1219.15	0	.8191637	0	.1808363	0
1218.15	0	.8186787	0	.1813213	0
1217.15	0	.8181948	0	.1818052	0
1216.15	0	.8177118	0	.1822882	0
1215.15	0	.8172297	0	.1827703	0
1214.15	0	.8167486	0	.1832514	0
1213.15	0	.8162684	0	.1837316	0
1212.15	0	.8157892	0	.1842108	0
1211.15	0	.815311	0	.184689	0
1210.15	0	.8148336	0	.1851664	0
1209.15	0	.8143572	0	.1856428	0
1208.15	0	.8138818	0	.1861182	0
1207.15	0	.8134073	0	.1865928	0
1206.15	0	.8129337	0	.1870664	0
1205.15	0	.812461	0	.187539	0
1204.15	0	.8119892	0	.1880108	0
1203.15	0	.8115184	0	.1884816	0
1202.15	0	.8110485	0	.1889515	0
1201.15	0	.8105795	0	.1894205	0
1200.15	0	.8101115	0	.1898885	0
1199.15	0	.8096443	0	.1903557	0
1198.15	0	.8091781	0	.1908219	0
1197.15	0	.8087128	0	.1912872	0
1196.15	0	.8082483	0	.1917517	0
1195.15	0	.8077848	0	.1922152	0
1194.15	0	.8073222	0	.1926778	0
1193.15	0	.8068605	0	.1931395	0
1192.15	0	.8063997	0	.1936003	0
1191.15	0	.8059397	0	.1940603	0
1190.15	0	.8054807	0	.1945193	0
1189.15	0	.8050226	0	.1949774	0
1188.15	0	.8045653	0	.1954347	0
1187.15	0	.8041089	0	.1958911	0
1186.15	0	.8036535	0	.1963466	0
1185.15	0	.8031989	0	.1968012	0
1184.15	0	.8027451	0	.1972549	0
1183.15	0	.8022923	0	.1977077	0
1182.15	0	.8018403	0	.1981597	0
1181.15	0	.8013892	0	.1986108	0
1180.15	0	.800939	0	.199061	0
1179.15	0	.8004896	0	.1995104	0
1178.15	0	.8000412	0	.1999589	0
1177.15	0	.7995935	0	.2004065	0
1176.15	0	.7991468	0	.2008532	0
1175.15	0	.7987009	0	.2012991	0
1174.15	0	.7982558	0	.2017442	0
1173.15	0	.7978116	0	.2021884	0
1172.15	0	.7973683	0	.2026317	0
1171.15	0	.7969258	0	.2030742	0
1170.15	0	.7964842	0	.2035158	0
1169.15	0	.7960434	0	.2039566	0
1168.15	0	.7956035	0	.2043966	0
1167.15	0	.7951644	0	.2048357	0
1166.15	0	.7947261	0	.2052739	0
1165.15	0	.7942887	0	.2057113	0
1164.15	0	.7938521	0	.2061479	0
1163.15	0	.7934164	0	.2065836	0
1162.15	0	.7929815	0	.2070186	0
1161.15	0	.7925474	0	.2074526	0
1160.15	0	.7921141	0	.2078859	0
1159.15	0	.7916817	0	.2083183	0
1158.15	0	.7912501	0	.2087499	0
1157.15	0	.7908193	0	.2091807	0
1156.15	0	.7903894	0	.2096106	0
1155.15	0	.7899603	0	.2100397	0
1154.15	0	.7895319	0	.2104681	0
1153.15	0	.7891044	0	.2108956	0
1152.15	0	.7886778	0	.2113222	0
1151.15	0	.7882519	0	.2117481	0
1150.15	0	.7878268	0	.2121732	0
1149.15	0	.7874026	0	.2125974	0
1148.15	0	.7869791	0	.2130209	0
1147.15	0	.7865565	0	.2134435	0
1146.15	0	.7861347	0	.2138653	0
1145.15	0	.7857136	0	.2142864	0
1144.15	0	.7852934	0	.2147066	0
1143.15	0	.784874	0	.215126	0
1142.15	0	.7844553	0	.2155447	0
1141.15	0	.7840375	0	.2159626	0
1140.9	0	.7839332	0	.2160669	0
1140.9	0	.7839332	0	.2160669	0
1140.9	0	.7839332	0	.2160669	0
1140.15	0	.7831521	5.0172E-04	.2163461	0
1139.15	0	.7821134	.001168957	.2167177	0
1138.15	0	.7810773	.001834334	.2170883	0
1137.15	0	.7800441	.002497853	.2174581	0
1136.15	0	.7790136	.003159517	.2178269	0
1135.15	0	.7779858	.003819331	.2181949	0
1134.15	0	.7769608	.004477297	.2185619	0
1133.15	0	.7759385	.005133418	.2189281	0
1132.15	0	.7749189	.005787698	.2192934	0
1131.15	0	.7739021	.006440139	.2196578	0
1130.15	0	.772888	.007090746	.2200213	0
1129.15	0	.7718766	.00773952	.2203839	0
1128.15	0	.7708679	.008386466	.2207456	0
1127.15	0	.7698619	.009031586	.2211065	0
1126.15	0	.7688586	.009674884	.2214665	0
1125.15	0	.767858	.01031636	.2218256	0
1124.15	0	.7668601	.01095602	.2221839	0
1123.15	0	.7658649	.01159387	.2225412	0
1122.15	0	.7648723	.01222991	.2228978	0
1121.15	0	.7638825	.01286414	.2232534	0
1120.15	0	.7628952	.01349657	.2236082	0
1119.15	0	.7619107	.01412719	.2239621	0
1118.15	0	.7609288	.01475602	.2243152	0
1117.15	0	.7599495	.01538305	.2246674	0
1116.15	0	.7589729	.0160083	.2250188	0
1115.15	0	.757999	.01663175	.2253693	0
1114.15	0	.7570277	.01725341	.2257189	0
1113.15	0	.756059	.0178733	.2260678	0
1112.15	0	.7550929	.0184914	.2264157	0
1111.15	0	.7541294	.01910773	.2267628	0
1110.15	0	.7531686	.01972228	.2271091	0
1109.15	0	.7522104	.02033506	.2274546	0
1108.15	0	.7512547	.02094607	.2277992	0
1107.15	0	.7503017	.02155532	.228143	0
1106.15	0	.7493513	.02216281	.2284859	0
1105.15	0	.7484035	.02276853	.228828	0
1104.15	0	.7474582	.0233725	.2291693	0
1103.15	0	.7465156	.02397472	.2295097	0
1102.15	0	.7455755	.02457519	.2298494	0
1101.15	0	.7446379	.0251739	.2301882	0
1100.15	0	.743703	.02577088	.2305261	0
1099.15	0	.7427706	.02636611	.2308633	0
1098.15	0	.7418408	.0269596	.2311996	0
1097.15	0	.7409135	.02755136	.2315351	0
1096.15	0	.7399888	.02814138	.2318699	0
1095.15	0	.7390666	.02872968	.2322037	0
1094.15	0	.7381469	.02931624	.2325368	0
1093.15	0	.7372298	.02990109	.2328691	0
1092.15	0	.7363152	.03048421	.2332006	0
1091.15	0	.7354032	.03106561	.2335312	0
1090.15	0	.7344936	.0316453	.2338611	0
1089.15	0	.7335866	.03222327	.2341901	0
1088.15	0	.7326821	.03279953	.2345184	0
1087.15	0	.7317801	.03337409	.2348458	0
1086.15	0	.7308806	.03394694	.2351724	0
1085.15	0	.7299836	.03451809	.2354983	0
1084.15	0	.7290891	.03508755	.2358233	0
1083.15	0	.7281971	.0356553	.2361476	0
1082.15	0	.7273076	.03622137	.2364711	0
1081.15	0	.7264205	.03678574	.2367938	0
1080.15	0	.7255359	.03734843	.2371156	0
1079.15	0	.7246538	.03790943	.2374367	0
1078.15	0	.7237742	.03846875	.2377571	0
1077.15	0	.722897	.0390264	.2380766	0
1076.15	0	.7220223	.03958236	.2383953	0
1075.15	0	.7211501	.04013666	.2387133	0
1074.15	0	.7202803	.04068929	.2390305	0
1073.15	0	.7194129	.04124025	.2393469	0
1072.15	0	.718548	.04178954	.2396625	0
1071.15	0	.7176855	.04233718	.2399773	0
1070.15	0	.7168254	.04288316	.2402914	0
1069.15	0	.7159678	.04342748	.2406047	0
1068.15	0	.7151126	.04397015	.2409172	0
1067.15	0	.7142599	.04451117	.241229	0
1066.15	0	.7134095	.04505055	.2415399	0
1065.15	0	.7125616	.04558828	.2418502	0
1064.15	0	.711716	.04612437	.2421596	0
1063.15	0	.7108729	.04665883	.2424683	0
1062.15	0	.7100322	.04719165	.2427762	0
1061.15	0	.7091938	.04772284	.2430833	0
1060.15	0	.7083579	.0482524	.2433897	0
1059.15	0	.7075243	.04878034	.2436953	0
1058.15	0	.7066932	.04930665	.2440002	0
1057.15	0	.7058644	.04983135	.2443043	0
1056.15	0	.705038	.05035443	.2446076	0
1055.15	0	.7042139	.0508759	.2449102	0
1054.15	0	.7033922	.05139576	.245212	0
1053.15	0	.7025729	.05191401	.2455131	0
1052.15	0	.7017559	.05243066	.2458134	0
1051.15	0	.7009413	.05294571	.246113	0
1050.15	0	.7001291	.05345916	.2464118	0
1049.15	0	.6993192	.05397102	.2467098	0
1048.15	0	.6985116	.05448129	.2470071	0
1047.15	0	.6977064	.05498997	.2473037	0
1046.15	0	.6969035	.05549706	.2475995	0
1045.15	0	.6961029	.05600258	.2478945	0
1044.15	0	.6953047	.05650652	.2481888	0
1043.15	0	.6945088	.05700888	.2484824	0
1042.15	0	.6937152	.05750967	.2487752	0
1041.15	0	.6929239	.0580089	.2490672	0
1040.15	0	.6921349	.05850656	.2493586	0
1039.15	0	.6913482	.05900266	.2496491	0
1038.15	0	.6905638	.0594972	.2499389	0
1037.15	0	.6897818	.05999019	.250228	0
1036.15	0	.689002	.06048163	.2505164	0
1035.15	0	.6882245	.06097152	.250804	0
1034.15	0	.6874493	.06145987	.2510909	0
1033.15	0	.6866764	.06194668	.251377	0
1032.15	0	.6859057	.06243196	.2516624	0
1031.15	0	.6851373	.0629157	.251947	0
1030.15	0	.6843712	.06339791	.2522309	0
1029.15	0	.6836073	.0638786	.2525141	0
1028.15	0	.6828458	.06435776	.2527965	0
1027.15	0	.6820864	.06483541	.2530782	0
1026.15	0	.6813293	.06531154	.2533591	0
1025.15	0	.6805745	.06578617	.2536393	0
1024.15	0	.6798219	.06625929	.2539188	0
1023.15	0	.6790715	.06673091	.2541976	0
1022.15	0	.6783234	.06720102	.2544756	0
1021.15	0	.6775775	.06766965	.2547529	0
1020.15	0	.6768338	.06813678	.2550294	0
1019.15	0	.6760924	.06860243	.2553052	0
1018.15	0	.6753531	.0690666	.2555803	0
1017.15	0	.6746161	.06952929	.2558546	0
1016.15	0	.6738813	.0699905	.2561282	0
1015.15	0	.6731487	.07045025	.2564011	0
1014.15	0	.6724182	.07090853	.2566732	0
1013.15	0	.67169	.07136535	.2569446	0
1012.15	0	.670964	.07182072	.2572153	0
1011.15	0	.6702401	.07227463	.2574852	0
1010.15	0	.6695185	.0727271	.2577545	0
1009.15	0	.668799	.07317812	.2580229	0
1008.15	0	.6680816	.0736277	.2582907	0
1007.15	0	.6673665	.07407585	.2585577	0
1006.15	0	.6666535	.07452258	.2588239	0
1005.15	0	.6659426	.07496788	.2590895	0
1004.15	0	.665234	.07541176	.2593543	0
1003.15	0	.6645274	.07585423	.2596184	0
1002.15	0	.663823	.07629528	.2598817	0
1001.15	0	.6631207	.07673494	.2601443	0
1000.15	0	.6624206	.07717319	.2604062	0
999.15	0	.6617226	.07761005	.2606673	0
998.15	0	.6610267	.07804553	.2609278	0
997.15	0	.660333	.07847962	.2611874	0
996.15	0	.6596413	.07891233	.2614464	0
995.15	0	.6589518	.07934367	.2617046	0
994.15	0	.6582643	.07977364	.261962	0
993.15	0	.657579	.08020225	.2622188	0
992.15	0	.6568957	.08062951	.2624748	0
991.15	0	.6562146	.08105541	.26273	0
990.15	0	.6555355	.08147998	.2629846	0
989.15	0	.6548585	.0819032	.2632383	0
988.15	0	.6541835	.08232509	.2634914	0
987.15	0	.6535106	.08274566	.2637437	0
986.15	0	.6528398	.08316491	.2639953	0
985.15	0	.6521711	.08358284	.2642461	0
984.15	0	.6515043	.08399946	.2644962	0
983.15	0	.6508396	.08441479	.2647456	0
982.15	0	.650177	.08482882	.2649942	0
981.15	0	.6495164	.08524156	.265242	0
980.15	0	.6488578	.08565302	.2654892	0
979.15	0	.6482013	.08606321	.2657355	0
978.15	0	.6475467	.08647213	.2659812	0
977.15	0	.6468941	.08687979	.2662261	0
976.15	0	.6462436	.08728619	.2664702	0
975.15	0	.645595	.08769136	.2667136	0
974.15	0	.6449485	.08809528	.2669563	0
973.15	0	.6443039	.08849797	.2671982	0
972.15	0	.6436613	.08889943	.2674393	0
971.15	0	.6430206	.08929968	.2676797	0
970.15	0	.6423819	.08969873	.2679194	0
969.15	0	.6417452	.09009657	.2681583	0
968.15	0	.6411104	.09049322	.2683964	0
967.15	0	.6404776	.09088868	.2686338	0
966.15	0	.6398466	.09128297	.2688704	0
965.15	0	.6392176	.09167609	.2691063	0
964.15	0	.6385906	.09206806	.2693414	0
963.15	0	.6379654	.09245887	.2695757	0
962.15	0	.6373422	.09284854	.2698093	0
961.15	0	.6367208	.09323708	.2700421	0
960.15	0	.6361014	.09362449	.2702742	0
959.15	0	.6354838	.09401079	.2705055	0
958.15	0	.6348681	.09439598	.270736	0
957.15	0	.6342542	.09478008	.2709657	0
956.15	0	.6336422	.09516309	.2711947	0
955.15	0	.6330321	.09554503	.2714229	0
954.15	0	.6324238	.0959259	.2716503	0
953.15	0	.6318173	.09630571	.271877	0
952.15	0	.6312127	.09668447	.2721028	0
951.15	0	.6306099	.0970622	.2723279	0
950.15	0	.6300089	.09743891	.2725522	0
949.15	0	.6294097	.0978146	.2727758	0
948.15	0	.6288122	.09818928	.2729985	0
947.15	0	.6282166	.09856297	.2732204	0
946.15	0	.6276227	.09893569	.2734416	0
945.15	0	.6270306	.09930743	.273662	0
944.15	0	.6264403	.09967821	.2738815	0
943.15	0	.6258516	.1000481	.2741003	0
942.15	0	.6252648	.100417	.2743183	0
941.15	0	.6246796	.1007849	.2745355	0
940.15	0	.6240962	.101152	.2747518	0
939.15	0	.6235145	.1015182	.2749674	0
938.15	0	.6229344	.1018835	.2751821	0
937.15	0	.6223561	.1022479	.2753961	0
936.15	0	.6217794	.1026114	.2756092	0
935.15	0	.6212044	.1029741	.2758215	0
934.15	0	.620631	.103336	.276033	0
933.15	0	.6200593	.1036971	.2762437	0
932.15	0	.6194892	.1040573	.2764535	0
931.15	0	.6189207	.1044168	.2766626	0
930.15	0	.6183538	.1047754	.2768707	0
929.15	0	.6177885	.1051334	.2770781	0
928.15	0	.6172248	.1054906	.2772846	0
927.15	0	.6166627	.105847	.2774903	0
926.15	0	.6161021	.1062027	.2776951	0
925.15	0	.6155431	.1065578	.2778991	0
924.15	0	.6149856	.1069121	.2781023	0
923.15	0	.6144297	.1072658	.2783046	0
922.15	0	.6138752	.1076188	.278506	0
921.15	0	.6133222	.1079712	.2787066	0
920.15	0	.6127707	.108323	.2789063	0
919.15	0	.6122207	.1086741	.2791052	0
918.15	0	.6116721	.1090247	.2793031	0
917.15	0	.611125	.1093747	.2795002	0
916.15	0	.6105793	.1097242	.2796965	0
915.15	0	.610035	.1100732	.2798918	0
914.15	0	.6094922	.1104216	.2800863	0
913.15	0	.6089507	.1107695	.2802798	0
912.15	0	.6084105	.111117	.2804725	0
911.15	0	.6078717	.111464	.2806643	0
910.15	0	.6073343	.1118106	.2808552	0
909.15	0	.6067981	.1121567	.2810452	0
908.15	0	.6062633	.1125025	.2812342	0
907.15	0	.6057297	.1128479	.2814224	0
906.15	0	.6051975	.1131929	.2816096	0
905.15	0	.6046665	.1135377	.2817959	0
904.15	0	.6041367	.1138821	.2819813	0
903.15	0	.6036081	.1142262	.2821657	0
902.15	0	.6030808	.11457	.2823492	0
901.15	0	.6025546	.1149136	.2825318	0
900.15	0	.6020296	.115257	.2827134	0
899.15	0	.6015057	.1156002	.2828941	0
898.15	0	.600983	.1159433	.2830738	0
897.15	0	.6004613	.1162862	.2832525	0
896.15	0	.5999408	.1166289	.2834303	0
895.15	0	.5994213	.1169716	.283607	0
894.15	0	.5989029	.1173142	.2837829	0
893.15	0	.5983856	.1176568	.2839577	0
892.15	0	.5978692	.1179993	.2841315	0
891.15	0	.5973538	.1183419	.2843043	0
890.15	0	.5968394	.1186845	.2844762	0
889.15	0	.5963259	.1190271	.284647	0
888.15	0	.5958134	.1193699	.2848168	0
887.15	0	.5953017	.1197128	.2849855	0
886.15	0	.594791	.1200558	.2851533	0
885.15	0	.594281	.120399	.28532	0
884.15	0	.593772	.1207424	.2854856	0
883.15	0	.5932637	.1210861	.2856502	0
882.15	0	.5927562	.1214301	.2858137	0
881.15	0	.5922495	.1217743	.2859762	0
880.15	0	.5917435	.1221189	.2861376	0
879.15	0	.5912382	.1224639	.2862979	0
878.15	0	.5907336	.1228093	.2864571	0
877.15	0	.5902296	.1231551	.2866153	0
876.15	0	.5897263	.1235014	.2867723	0
875.15	0	.5892236	.1238482	.2869282	0
874.15	0	.5887215	.1241956	.287083	0
873.15	0	.5882199	.1245435	.2872366	0
872.15	0	.5877188	.1248921	.2873891	0
871.15	0	.5872182	.1252413	.2875405	0
870.15	0	.586718	.1255913	.2876907	0
869.15	0	.5862183	.125942	.2878397	0
868.15	0	.585719	.1262934	.2879876	0
867.15	0	.58522	.1266457	.2881342	0
866.15	0	.5847214	.1269989	.2882797	0
865.15	0	.5842231	.127353	.288424	0
864.15	0	.583725	.127708	.288567	0
863.15	0	.5832272	.1280641	.2887088	0
862.15	0	.5827295	.1284211	.2888494	0
861.15	0	.582232	.1287793	.2889887	0
860.15	0	.5817346	.1291386	.2891267	0
859.15	0	.5812374	.1294992	.2892635	0
858.15	0	.5807401	.1298609	.2893989	0
857.15	0	.5802429	.130224	.2895331	0
856.15	0	.5797456	.1305884	.289666	0
855.15	0	.5792483	.1309542	.2897975	0
854.15	0	.5787508	.1313215	.2899277	0
853.15	0	.5782532	.1316902	.2900565	0
852.15	0	.5777554	.1320606	.290184	0
851.15	0	.5772574	.1324326	.2903101	0
850.15	0	.576759	.1328062	.2904348	0
849.15	0	.5762603	.1331817	.290558	0
848.15	0	.5757613	.1335589	.2906799	0
847.15	0	.5752618	.133938	.2908002	0
846.15	0	.5747618	.1343191	.2909192	0
845.15	0	.5742612	.1347022	.2910366	0
844.15	0	.5737601	.1350873	.2911525	0
843.15	0	.5732584	.1354747	.2912669	0
842.15	0	.5727559	.1358643	.2913798	0
841.15	0	.5722527	.1362561	.2914912	0
840.15	0	.5717487	.1366504	.2916009	0
839.15	0	.5712438	.1370472	.2917091	0
838.15	0	.5707379	.1374465	.2918156	0
837.15	0	.5702311	.1378485	.2919205	0
836.15	0	.5697231	.1382532	.2920237	0
835.15	0	.5692141	.1386607	.2921252	0
834.15	0	.5687038	.1390711	.2922251	0
833.15	0	.5681923	.1394846	.2923231	0
832.15	0	.5676794	.1399012	.2924195	0
831.15	0	.567165	.140321	.292514	0
830.15	0	.5666492	.1407441	.2926067	0
829.15	0	.5661317	.1411707	.2926976	0
828.15	0	.5656126	.1416008	.2927865	0
827.15	0	.5650917	.1420347	.2928736	0
826.15	0	.5645689	.1424723	.2929587	0
825.15	0	.5640442	.1429139	.2930419	0
824.15	0	.5635174	.1433595	.293123	0
823.15	0	.5629885	.1438094	.2932021	0
822.15	0	.5624573	.1442636	.2932791	0
821.15	0	.5619236	.1447224	.293354	0
820.15	0	.5613875	.1451858	.2934267	0
819.15	0	.5608488	.145654	.2934972	0
818.15	0	.5603073	.1461273	.2935654	0
817.15	0	.5597629	.1466057	.2936314	0
816.15	0	.5592155	.1470895	.2936949	0
815.15	0	.558665	.1475789	.2937561	0
814.15	0	.5581111	.1480741	.2938148	0
813.15	0	.5575537	.1485753	.293871	0
812.15	0	.5569927	.1490828	.2939246	0
811.15	0	.5564278	.1495967	.2939755	0
810.15	0	.5558589	.1501174	.2940237	0
809.15	0	.5552858	.150645	.2940692	0
808.15	0	.5547082	.15118	.2941118	0
807.15	0	.554126	.1517225	.2941515	0
806.15	0	.5535389	.152273	.2941881	0
805.15	0	.5529467	.1528316	.2942216	0
804.15	0	.5523491	.1533989	.2942519	0
803.15	0	.5517458	.1539752	.294279	0
802.15	0	.5511366	.1545609	.2943026	0
801.15	0	.550521	.1551564	.2943226	0
800.15	0	.5499004	.1557609	.2943388	0
799.15	0	.549271	.1563775	.2943514	0
798.15	0	.5486343	.1570055	.2943602	0
797.15	0	.5479897	.1576455	.2943649	0
796.15	0	.5473368	.1582979	.2943653	0
795.15	0	.5466751	.1589635	.2943613	0
794.15	0	.5460041	.1596431	.2943528	0
793.15	0	.5453232	.1603374	.2943394	0
792.15	0	.5446318	.1610472	.294321	0
791.15	0	.543929	.1617736	.2942974	0
790.15	0	.5432142	.1625176	.2942681	0
789.15	0	.5424866	.1632803	.2942331	0
788.15	0	.5417452	.164063	.2941919	0
787.15	0	.5409888	.164867	.2941442	0
786.15	0	.5402165	.165694	.2940895	0
785.15	0	.5394269	.1665456	.2940275	0
784.15	0	.5386185	.1674239	.2939576	0
783.15	0	.5377896	.1683311	.2938793	0
782.15	0	.5369385	.1692697	.2937919	0
781.15	0	.5360628	.1702426	.2936946	0
780.15	0	.5351601	.1712531	.2935867	0
779.15	0	.5342275	.1723053	.2934672	0
778.15	0	.5327445	.1740699	.2931856	0
777.15	0	.5309262	.1762729	.2928008	0
776.15	0	.5292571	.1782905	.2924524	0
775.15	0	.5277135	.1801522	.2921343	0
774.15	0	.5262774	.1818807	.2918419	0
773.15	0	.5249346	.1834939	.2915715	0
772.15	0	.5236735	.1850061	.2913204	0
771.15	0	.5224849	.1864291	.291086	0
770.15	0	.5213609	.1877725	.2908666	0
769.15	0	.5202951	.1890446	.2906604	0
768.15	0	.5192818	.1902522	.290466	0
767.15	0	.5183164	.1914013	.2902824	0
766.15	0	.5173946	.192497	.2901084	0
765.15	0	.516513	.1935438	.2899433	0
764.15	0	.5156682	.1945455	.2897862	0
763.15	0	.5148577	.1955058	.2896365	0
762.15	0	.5140789	.1964275	.2894936	0
761.15	0	.5133295	.1973136	.289357	0
760.15	0	.5126076	.1981663	.2892261	0
759.15	0	.5119115	.198988	.2891006	0
758.15	0	.5112394	.1997805	.28898	0
757.15	0	.51059	.2005458	.2888642	0
756.15	0	.5099619	.2012855	.2887526	0
755.15	0	.5093538	.202001	.2886451	0
754.15	0	.5087647	.2026938	.2885414	0
753.15	0	.5081936	.2033652	.2884413	0
752.15	0	.5076394	.2040162	.2883445	0
751.15	0	.5071013	.2046479	.2882508	0
750.15	0	.5065785	.2052614	.2881601	0
749.15	0	.5060703	.2058576	.2880721	0
748.15	0	.5055759	.2064372	.2879868	0
747.15	0	.5050948	.2070012	.287904	0
746.15	0	.5046262	.2075502	.2878236	0
745.15	0	.5041696	.208085	.2877454	0
744.15	0	.5037245	.2086062	.2876692	0
743.15	0	.5032905	.2091144	.2875952	0
742.15	0	.5028669	.2096101	.2875229	0
741.15	0	.5024535	.210094	.2874526	0
740.15	0	.5020497	.2105664	.2873839	0
739.15	0	.5016552	.2110279	.2873169	0
738.15	0	.5012697	.2114789	.2872514	0
737.15	0	.5008927	.2119199	.2871874	0
736.15	0	.500524	.2123512	.2871248	0
735.15	0	.5001632	.2127732	.2870636	0
734.15	0	.49981	.2131863	.2870037	0
733.15	0	.4994642	.2135908	.286945	0
732.15	0	.4991255	.213987	.2868875	0
731.15	0	.4987937	.2143752	.2868311	0
730.15	0	.4984685	.2147557	.2867758	0
729.15	0	.4981496	.2151289	.2867215	0
728.15	0	.4978369	.2154949	.2866682	0
727.15	0	.4975302	.2158539	.2866159	0
726.15	0	.4972292	.2162063	.2865644	0
725.15	0	.4969338	.2165523	.2865139	0
724.15	0	.4966438	.2168921	.2864641	0
723.15	0	.4963591	.2172258	.2864152	0
722.15	0	.4960793	.2175537	.286367	0
721.15	0	.4958045	.217876	.2863195	0
720.15	0	.4955344	.2181928	.2862728	0
719.15	0	.495269	.2185043	.2862267	0
718.15	0	.4950079	.2188107	.2861813	0
717.15	0	.4947513	.2191122	.2861365	0
716.15	0	.4944988	.2194089	.2860924	0
715.15	0	.4942504	.2197009	.2860487	0
714.15	0	.494006	.2199883	.2860057	0
713.15	0	.4937654	.2202714	.2859632	0
712.15	0	.4935286	.2205503	.2859212	0
711.15	0	.4932954	.2208249	.2858796	0
710.15	0	.4930658	.2210956	.2858386	0
709.15	0	.4928396	.2213624	.285798	0
708.15	0	.4926168	.2216254	.2857579	0
707.15	0	.4923972	.2218847	.2857181	0
706.15	0	.4921808	.2221404	.2856788	0
705.15	0	.4919674	.2223927	.2856399	0
704.15	0	.4917571	.2226415	.2856014	0
703.15	0	.4915498	.2228871	.2855632	0
702.15	0	.4913453	.2231294	.2855253	0
701.15	0	.4911435	.2233686	.2854878	0
700.15	0	.4909445	.2236048	.2854507	0
699.15	0	.4907481	.2238381	.2854138	0
698.15	0	.4905544	.2240684	.2853772	0
697.15	0	.4903631	.2242959	.285341	0
696.15	0	.4901743	.2245207	.285305	0
695.15	0	.4899879	.2247428	.2852693	0
694.15	0	.4898039	.2249623	.2852338	0
693.15	0	.4896221	.2251793	.2851986	0
692.15	0	.4894426	.2253938	.2851637	0
691.15	0	.4892652	.2256059	.2851289	0
690.15	0	.48909	.2258156	.2850944	0
689.15	0	.4889169	.226023	.2850601	0
688.15	0	.4887458	.2262282	.285026	0
687.15	0	.4885767	.2264312	.2849921	0
686.15	0	.4884095	.226632	.2849584	0
685.15	0	.4882443	.2268308	.2849249	0
684.15	0	.4880809	.2270275	.2848916	0
683.15	0	.4879193	.2272222	.2848584	0
682.15	0	.4877596	.227415	.2848254	0
681.15	0	.4876015	.2276059	.2847926	0
680.15	0	.4874452	.2277949	.2847599	0
679.15	0	.4872905	.2279821	.2847274	0
678.15	0	.4871375	.2281675	.284695	0
677.15	0	.4869861	.2283511	.2846628	0
676.15	0	.4868363	.2285331	.2846306	0
675.15	0	.4866879	.2287134	.2845987	0
674.15	0	.4865411	.2288921	.2845668	0
673.15	0	.4863958	.2290691	.2845351	0
672.15	0	.4862519	.2292447	.2845034	0
671.15	0	.4861095	.2294186	.2844719	0
670.15	0	.4859684	.2295911	.2844405	0
669.15	0	.4858287	.2297622	.2844091	0
668.15	0	.4856903	.2299317	.2843779	0
667.15	0	.4855533	.2300999	.2843468	0
666.15	0	.4854175	.2302667	.2843158	0
665.15	0	.485283	.2304322	.2842848	0
664.15	0	.4851497	.2305963	.2842539	0
663.15	0	.4850177	.2307592	.2842231	0
662.15	0	.4848868	.2309208	.2841924	0
661.15	0	.4847571	.2310811	.2841618	0
660.15	0	.4846286	.2312402	.2841312	0
659.15	0	.4845012	.2313981	.2841007	0
658.15	0	.4843749	.2315549	.2840703	0
657.15	0	.4842496	.2317105	.2840399	0
656.15	0	.4841255	.2318649	.2840096	0
655.15	0	.4840024	.2320183	.2839793	0
654.15	0	.4838803	.2321706	.2839491	0
653.15	0	.4837593	.2323218	.283919	0
652.15	0	.4836392	.2324719	.2838889	0
651.15	0	.4835201	.2326211	.2838588	0
650.15	0	.483402	.2327692	.2838288	0
649.15	0	.4832848	.2329163	.2837989	0
648.15	0	.4831686	.2330625	.2837689	0
647.15	0	.4830533	.2332077	.2837391	0
646.15	0	.4829389	.2333519	.2837092	0
645.15	0	.4828253	.2334953	.2836794	0
644.15	0	.4827126	.2336377	.2836497	0
643.15	0	.4826008	.2337792	.2836199	0
642.15	0	.4824899	.2339199	.2835902	0
641.15	0	.4823797	.2340597	.2835605	0
640.15	0	.4822704	.2341987	.2835309	0
639.15	0	.4821619	.2343368	.2835013	0
638.15	0	.4820542	.2344742	.2834717	0
637.15	0	.4819472	.2346107	.2834421	0
636.15	0	.481841	.2347464	.2834126	0
635.15	0	.4817356	.2348813	.2833831	0
634.15	0	.4816309	.2350155	.2833536	0
633.15	0	.481527	.235149	.2833241	0
632.15	0	.4814237	.2352817	.2832946	0
631.15	0	.4813212	.2354136	.2832652	0
630.15	0	.4812194	.2355449	.2832358	0
629.15	0	.4811183	.2356754	.2832063	0
628.15	0	.4810178	.2358052	.2831769	0
627.15	0	.480918	.2359344	.2831476	0
626.15	0	.4808189	.2360629	.2831182	0
625.15	0	.4807204	.2361907	.2830888	0
624.15	0	.4806226	.2363179	.2830595	0
623.15	0	.4805254	.2364444	.2830302	0
622.15	0	.4804289	.2365703	.2830008	0
621.15	0	.4803329	.2366956	.2829715	0
620.15	0	.4802376	.2368202	.2829422	0
619.15	0	.4801428	.2369443	.2829129	0
618.15	0	.4800487	.2370677	.2828836	0
617.15	0	.4799551	.2371905	.2828543	0
616.15	0	.4798621	.2373128	.2828251	0
615.15	0	.4797697	.2374345	.2827958	0
614.15	0	.4796778	.2375557	.2827665	0
613.15	0	.4795865	.2376762	.2827373	0
612.15	0	.4794957	.2377962	.282708	0
611.15	0	.4794055	.2379157	.2826788	0
610.15	0	.4793158	.2380347	.2826495	0
609.15	0	.4792266	.2381531	.2826203	0
608.15	0	.479138	.238271	.282591	0
607.15	0	.4790498	.2383883	.2825618	0
606.15	0	.4789622	.2385052	.2825326	0
605.15	0	.4788751	.2386216	.2825033	0
604.15	0	.4787884	.2387374	.2824741	0
603.15	0	.4787023	.2388528	.2824449	0
602.15	0	.4786166	.2389677	.2824157	0
601.15	0	.4785315	.2390821	.2823864	0
600.15	0	.4784467	.2391961	.2823572	0
599.15	0	.4783625	.2393095	.282328	0
598.15	0	.4782787	.2394226	.2822988	0
597.15	0	.4781953	.2395351	.2822695	0
596.15	0	.4781125	.2396472	.2822403	0
595.15	0	.47803	.2397589	.2822111	0
594.15	0	.477948	.2398701	.2821819	0
593.15	0	.4778664	.2399809	.2821527	0
592.15	0	.4777853	.2400913	.2821234	0
591.15	0	.4777046	.2402012	.2820942	0
590.15	0	.4776243	.2403107	.282065	0
589.15	0	.4775444	.2404198	.2820358	0
588.15	0	.4774649	.2405285	.2820066	0
587.15	0	.4773859	.2406368	.2819773	0
586.15	0	.4773072	.2407446	.2819481	0
585.15	0	.477229	.2408521	.2819189	0
584.15	0	.4771511	.2409592	.2818897	0
583.15	0	.4770737	.2410659	.2818605	0
582.15	0	.4769966	.2411722	.2818313	0
581.15	0	.4769199	.2412781	.281802	0
580.15	0	.4768436	.2413836	.2817728	0
579.15	0	.4767676	.2414888	.2817436	0
578.15	0	.4766921	.2415935	.2817144	0
577.15	0	.4766169	.241698	.2816852	0
576.15	0	.476542	.241802	.281656	0
575.15	0	.4764676	.2419057	.2816268	0
574.15	0	.4763934	.242009	.2815976	0
573.15	0	.4763197	.242112	.2815684	0
572.15	0	.4762463	.2422146	.2815392	0
571.15	0	.4761732	.2423169	.28151	0
570.15	0	.4761005	.2424188	.2814808	0
569.15	0	.4760281	.2425203	.2814516	0
568.15	0	.4759561	.2426216	.2814224	0
567.15	0	.4758844	.2427225	.2813932	0
566.15	0	.475813	.242823	.281364	0
565.15	0	.475742	.2429232	.2813348	0
564.15	0	.4756713	.2430231	.2813056	0
563.15	0	.4756009	.2431227	.2812765	0
562.15	0	.4755308	.2432219	.2812473	0
561.15	0	.4754611	.2433208	.2812181	0
560.15	0	.4753916	.2434194	.2811889	0
559.15	0	.4753225	.2435177	.2811598	0
558.15	0	.4752537	.2436156	.2811306	0
557.15	0	.4751853	.2437133	.2811015	0
556.15	0	.4751171	.2438106	.2810724	0
555.15	0	.4750492	.2439076	.2810432	0
554.15	0	.4749816	.2440043	.2810141	0
553.15	0	.4749143	.2441007	.280985	0
552.15	0	.4748474	.2441968	.2809559	0
551.15	0	.4747807	.2442926	.2809267	0
550.15	0	.4747143	.2443881	.2808976	0
549.15	0	.4746482	.2444833	.2808686	0
548.15	0	.4745824	.2445782	.2808395	0
547.15	0	.474517	.2446728	.2808103	0
546.15	0	.4744517	.2447671	.2807812	0
545.15	0	.4743868	.2448611	.2807522	0
544.15	0	.4743221	.2449548	.2807231	0
543.15	0	.4742577	.2450482	.2806941	0
542.15	0	.4741936	.2451414	.2806651	0
541.15	0	.4741297	.2452342	.2806361	0
540.15	0	.4740661	.2453268	.280607	0
539.15	0	.4740028	.2454191	.2805781	0
538.15	0	.4739398	.2455111	.2805491	0
537.15	0	.473877	.2456029	.2805201	0
536.15	0	.4738145	.2456943	.2804912	0
535.15	0	.4737523	.2457855	.2804622	0
534.15	0	.4736903	.2458764	.2804333	0
533.15	0	.4736286	.245967	.2804044	0
532.15	0	.4735671	.2460574	.2803755	0
531.15	0	.4735059	.2461475	.2803466	0
530.15	0	.473445	.2462373	.2803177	0
529.15	0	.4733843	.2463268	.2802889	0
528.15	0	.4733239	.2464161	.2802601	0
527.15	0	.4732637	.2465051	.2802313	0
526.15	0	.4732038	.2465938	.2802024	0
525.15	0	.4731441	.2466823	.2801737	0
524.15	0	.4730846	.2467705	.2801449	0
523.15	0	.4730255	.2468584	.2801162	0
522.15	0	.4729665	.2469461	.2800874	0
521.15	0	.4729078	.2470335	.2800587	0
520.15	0	.4728493	.2471206	.2800301	0
519.15	0	.4727911	.2472075	.2800014	0
518.15	0	.4727331	.2472941	.2799727	0
517.15	0	.4726754	.2473805	.2799441	0
516.15	0	.4726179	.2474666	.2799155	0
515.15	0	.4725606	.2475524	.2798869	0
514.15	0	.4725036	.247638	.2798584	0
513.15	0	.4724468	.2477234	.2798298	0
512.15	0	.4723902	.2478084	.2798013	0
511.15	0	.4723339	.2478933	.2797729	0
510.15	0	.4722778	.2479778	.2797444	0
509.15	0	.4722219	.2480621	.279716	0
508.15	0	.4721663	.2481462	.2796876	0
507.15	0	.4721108	.24823	.2796592	0
506.15	0	.4720556	.2483136	.2796308	0
505.15	0	.4720007	.2483969	.2796025	0
504.15	0	.4719459	.2484799	.2795742	0
503.15	0	.4718914	.2485627	.2795459	0
502.15	0	.4718371	.2486453	.2795177	0
501.15	0	.471783	.2487276	.2794894	0
500.15	0	.4717291	.2488096	.2794613	0
499.15	0	.4716755	.2488914	.2794331	0
498.15	0	.4716221	.248973	.279405	0
497.15	0	.4715688	.2490543	.2793769	0
496.15	0	.4715159	.2491353	.2793488	0
495.15	0	.4714631	.2492161	.2793208	0
494.15	0	.4714105	.2492967	.2792928	0
493.15	0	.4713582	.249377	.2792648	0
492.15	0	.471306	.2494571	.2792369	0
491.15	0	.4712541	.2495369	.279209	0
490.15	0	.4712024	.2496165	.2791811	0
489.15	0	.4711509	.2496958	.2791533	0
488.15	0	.4710996	.2497749	.2791255	0
487.15	0	.4710485	.2498538	.2790977	0
486.15	0	.4709976	.2499324	.27907	0
485.15	0	.470947	.2500107	.2790423	0
484.15	0	.4708965	.2500888	.2790147	0
483.15	0	.4708463	.2501667	.2789871	0
482.15	0	.4707962	.2502443	.2789595	0
481.15	0	.4707464	.2503217	.2789319	0
480.15	0	.4706967	.2503988	.2789045	0
479.15	0	.4706473	.2504757	.278877	0
478.15	0	.4705981	.2505523	.2788496	0
477.15	0	.470549	.2506288	.2788222	0
476.15	0	.4705002	.2507049	.2787949	0
475.15	0	.4704516	.2507808	.2787676	0
474.15	0	.4704031	.2508565	.2787404	0
473.15	0	.4703549	.2509319	.2787132	0
472.15	0	.4703069	.2510071	.278686	0
471.15	0	.4702591	.2510821	.2786589	0
470.15	0	.4702114	.2511568	.2786318	0
469.15	0	.470164	.2512313	.2786048	0
468.15	0	.4701167	.2513055	.2785778	0
467.15	0	.4700697	.2513795	.2785509	0
466.15	0	.4700228	.2514532	.278524	0
465.15	0	.4699762	.2515267	.2784971	0
464.15	0	.4699297	.2515999	.2784703	0
463.15	0	.4698835	.2516729	.2784436	0
462.15	0	.4698374	.2517457	.2784169	0
461.15	0	.4697915	.2518182	.2783902	0
460.15	0	.4697459	.2518905	.2783636	0
459.15	0	.4697004	.2519626	.2783371	0
458.15	0	.4696551	.2520344	.2783106	0
457.15	0	.4696099	.2521059	.2782841	0
456.15	0	.469565	.2521772	.2782578	0
455.15	0	.4695203	.2522483	.2782314	0
454.15	0	.4694757	.2523191	.2782051	0
453.15	0	.4694314	.2523897	.2781789	0
452.15	0	.4693872	.2524601	.2781527	0
451.15	0	.4693433	.2525302	.2781266	0
450.15	0	.4692995	.2526	.2781005	0
449.15	0	.4692559	.2526696	.2780745	0
448.15	0	.4692125	.2527389	.2780485	0
447.15	0	.4691694	.252808	.2780226	0
446.15	0	.4691264	.2528768	.2779968	0
445.15	0	.4690836	.2529453	.2779711	0
444.15	0	.469041	.2530136	.2779454	0
443.15	0	.4689986	.2530816	.2779197	0
442.15	0	.4689564	.2531494	.2778942	0
441.15	0	.4689145	.2532168	.2778687	0
440.15	0	.4688727	.253284	.2778433	0
439.15	0	.4688312	.2533509	.2778179	0
438.15	0	.4687898	.2534175	.2777927	0
437.15	0	.4687487	.2534839	.2777675	0
436.15	0	.4687078	.2535499	.2777424	0
435.15	0	.4686671	.2536156	.2777173	0
434.15	0	.4686266	.253681	.2776924	0
433.15	0	.4685864	.2537462	.2776675	0
432.15	0	.4685463	.253811	.2776427	0
431.15	0	.4685065	.2538755	.277618	0
430.15	0	.4684669	.2539397	.2775934	0
429.15	0	.4684275	.2540036	.2775689	0
428.15	0	.4683884	.2540672	.2775444	0
427.15	0	.4683495	.2541304	.2775201	0
426.15	0	.4683108	.2541934	.2774958	0
425.15	0	.4682723	.254256	.2774717	0
424.15	0	.4682341	.2543183	.2774476	0
423.15	0	.4681961	.2543803	.2774236	0
422.15	0	.4681583	.254442	.2773997	0
421.15	0	.4681207	.2545034	.2773759	0
420.15	0	.4680834	.2545644	.2773522	0
419.15	0	.4680463	.2546251	.2773286	0
418.15	0	.4680094	.2546855	.2773051	0
417.15	0	.4679727	.2547455	.2772817	0
416.15	0	.4679363	.2548053	.2772584	0
415.15	0	.4679001	.2548647	.2772352	0
414.15	0	.4678641	.2549238	.2772121	0
413.15	0	.4678284	.2549825	.2771891	0
412.15	0	.4677928	.255041	.2771662	0
411.15	0	.4677575	.2550991	.2771434	0
410.15	0	.4677225	.2551569	.2771207	0
409.15	0	.4676876	.2552143	.2770981	0
408.15	0	.467653	.2552715	.2770756	0
407.15	0	.4676186	.2553283	.2770532	0
406.15	0	.4675844	.2553848	.2770308	0
405.15	0	.4675504	.255441	.2770087	0
404.15	0	.4675166	.2554968	.2769866	0
