T	 BPW(LIQUID)	BPW(BCC_A2)	BPW(FCC_A1)	BPW(LAVES_PHASE_C14)	BPW(NI3TI)
1473.15	.09619473	.4827794	.4210258	0	0
1472.15	.09231519	.4814352	.4262496	0	0
1471.15	.08844162	.4801006	.4314578	0	0
1470.15	.08457388	.4787757	.4366504	0	0
1469.15	.08071182	.4774604	.4418278	0	0
1468.15	.07685532	.4761547	.44699	0	0
1467.15	.07300424	.4748586	.4521372	0	0
1466.15	.06915844	.473572	.4572696	0	0
1465.15	.06531782	.4722949	.4623873	0	0
1464.15	.06148223	.4710273	.4674905	0	0
1463.15	.05765155	.4697692	.4725793	0	0
1462.15	.05382567	.4685205	.4776538	0	0
1461.15	.05000445	.4672812	.4827143	0	0
1460.15	.0461878	.4660513	.4877609	0	0
1459.15	.04237558	.4648307	.4927937	0	0
1458.15	.03856768	.4636195	.4978128	0	0
1457.15	.034764	.4624176	.5028184	0	0
1456.15	.03096442	.4612249	.5078107	0	0
1455.15	.02716884	.4600415	.5127897	0	0
1454.15	.02337715	.4588673	.5177555	0	0
1453.15	.01958924	.4577024	.5227084	0	0
1452.15	.01580502	.4565466	.5276484	0	0
1451.15	.01202438	.4553999	.5325757	0	0
1450.15	.008247219	.4542624	.5374904	0	0
1449.15	.004473447	.453134	.5423926	0	0
1449.02	.003981469	.4529875	.5430311	0	0
1449.02	.003981469	.4529875	.5430311	0	0
1449.02	.003981469	.4529875	.5430311	0	0
1448.789	0	.4500808	.5486748	.001244401	0
1448.789	0	.4500808	.5486748	.001244401	0
1448.15	0	.4478456	.5504539	.001700475	0
1447.15	0	.4443583	.5532302	.002411507	0
1446.15	0	.4408808	.5559994	.003119871	0
1445.15	0	.4374131	.5587613	.003825578	0
1444.15	0	.4339553	.5615161	.004528644	0
1443.15	0	.4305072	.5642637	.005229081	0
1442.15	0	.4270689	.5670042	.005926902	0
1441.15	0	.4236402	.5697377	.006622119	0
1440.15	0	.4202213	.572464	.007314745	0
1439.15	0	.416812	.5751832	.008004794	0
1438.15	0	.4134123	.5778954	.008692277	0
1437.15	0	.4100222	.5806006	.009377208	0
1436.15	0	.4066417	.5832987	.0100596	0
1435.15	0	.4032706	.5859899	.01073946	0
1434.15	0	.3999091	.5886741	.01141681	0
1433.15	0	.3965571	.5913513	.01209165	0
1432.15	0	.3932145	.5940215	.012764	0
1431.15	0	.3898813	.5966849	.01343387	0
1430.15	0	.3865575	.5993413	.01410127	0
1429.15	0	.383243	.6019908	.01476622	0
1428.15	0	.3799379	.6046334	.01542873	0
1427.15	0	.376642	.6072692	.0160888	0
1426.15	0	.3733555	.6098981	.01674645	0
1425.15	0	.3700781	.6125202	.01740169	0
1424.15	0	.36681	.6151354	.01805454	0
1423.15	0	.3635511	.6177439	.018705	0
1422.15	0	.3603014	.6203456	.01935309	0
1421.15	0	.3570607	.6229405	.01999881	0
1420.15	0	.3538292	.6255286	.02064217	0
1419.15	0	.3506068	.62811	.0212832	0
1418.15	0	.3473934	.6306847	.0219219	0
1417.15	0	.3441891	.6332527	.02255828	0
1416.15	0	.3409937	.6358139	.02319235	0
1415.15	0	.3378074	.6383685	.02382412	0
1414.15	0	.33463	.6409164	.02445361	0
1413.15	0	.3314615	.6434576	.02508082	0
1412.15	0	.328302	.6459923	.02570576	0
1411.15	0	.3251513	.6485202	.02632845	0
1410.15	0	.3220095	.6510416	.0269489	0
1409.15	0	.3188766	.6535563	.02756711	0
1408.15	0	.3157524	.6560645	.0281831	0
1407.15	0	.312637	.6585661	.02879687	0
1406.15	0	.3095304	.6610611	.02940844	0
1405.15	0	.3064326	.6635496	.03001782	0
1404.15	0	.3033435	.6660315	.03062502	0
1403.15	0	.300263	.6685069	.03123004	0
1402.15	0	.2971913	.6709758	.0318329	0
1401.15	0	.2941282	.6734382	.03243361	0
1400.15	0	.2910738	.6758941	.03303217	0
1399.15	0	.2880279	.6783435	.0336286	0
1398.15	0	.2849907	.6807864	.03422291	0
1397.15	0	.281962	.6832229	.0348151	0
1396.15	0	.2789419	.6856529	.03540519	0
1395.15	0	.2759303	.6880765	.03599318	0
1394.15	0	.2729273	.6904937	.03657909	0
1393.15	0	.2699327	.6929044	.03716292	0
1392.15	0	.2669466	.6953087	.03774468	0
1391.15	0	.263969	.6977067	.03832439	0
1390.15	0	.2609998	.7000982	.03890205	0
1389.15	0	.258039	.7024834	.03947766	0
1388.15	0	.2550866	.7048622	.04005125	0
1387.15	0	.2521426	.7072346	.04062282	0
1386.15	0	.2492069	.7096007	.04119237	0
1385.15	0	.2462796	.7119605	.04175992	0
1384.15	0	.2433607	.7143139	.04232548	0
1383.15	0	.24045	.7166609	.04288905	0
1382.15	0	.2375476	.7190017	.04345064	0
1381.15	0	.2346536	.7213362	.04401026	0
1380.15	0	.2317677	.7236643	.04456792	0
1379.15	0	.2288902	.7259862	.04512364	0
1378.15	0	.2260208	.7283018	.04567741	0
1377.15	0	.2231597	.7306111	.04622924	0
1376.15	0	.2203068	.7329141	.04677915	0
1375.15	0	.217462	.7352108	.04732714	0
1374.15	0	.2146254	.7375013	.04787322	0
1373.15	0	.211797	.7397856	.0484174	0
1372.15	0	.2089767	.7420636	.04895969	0
1371.15	0	.2061646	.7443353	.04950009	0
1370.15	0	.2033605	.7466009	.05003862	0
1369.15	0	.2005646	.7488601	.05057527	0
1368.15	0	.1977767	.7511132	.05111007	0
1367.15	0	.194997	.75336	.05164301	0
1366.15	0	.1922252	.7556007	.0521741	0
1365.15	0	.1894616	.7578351	.05270336	0
1364.15	0	.1867059	.7600633	.05323079	0
1363.15	0	.1839583	.7622853	.0537564	0
1362.15	0	.1812187	.7645011	.05428019	0
1361.15	0	.1784871	.7667107	.05480218	0
1360.15	0	.1757635	.7689141	.05532236	0
1359.15	0	.1730479	.7711114	.05584076	0
1358.15	0	.1703402	.7733024	.05635737	0
1357.15	0	.1676405	.7754873	.0568722	0
1356.15	0	.1649488	.777666	.05738526	0
1355.15	0	.162265	.7798385	.05789656	0
1354.15	0	.1595891	.7820048	.05840611	0
1353.15	0	.1569211	.784165	.0589139	0
1352.15	0	.1542611	.786319	.05941996	0
1351.15	0	.1516089	.7884668	.05992428	0
1350.15	0	.1489647	.7906084	.06042688	0
1349.15	0	.1463283	.7927439	.06092775	0
1348.15	0	.1436999	.7948732	.06142691	0
1347.15	0	.1410793	.7969964	.06192437	0
1346.15	0	.1384665	.7991133	.06242013	0
1345.15	0	.1358617	.8012242	.06291419	0
1344.15	0	.1332646	.8033288	.06340657	0
1343.15	0	.1306755	.8054273	.06389727	0
1342.15	0	.1280941	.8075196	.0643863	0
1341.15	0	.1255206	.8096057	.06487366	0
1340.15	0	.122955	.8116856	.06535937	0
1339.15	0	.1203972	.8137594	.06584342	0
1338.15	0	.1178472	.815827	.06632582	0
1337.15	0	.115305	.8178884	.06680659	0
1336.15	0	.1127706	.8199437	.06728572	0
1335.15	0	.110244	.8219928	.06776323	0
1334.15	0	.1077253	.8240356	.06823911	0
1333.15	0	.1052143	.8260723	.06871338	0
1332.15	0	.1027112	.8281028	.06918604	0
1331.15	0	.1002158	.8301271	.0696571	0
1330.15	0	.09772827	.8321452	.07012657	0
1329.15	0	.09524852	.834157	.07059444	0
1328.15	0	.09277656	.8361627	.07106073	0
1327.15	0	.0903124	.8381622	.07152545	0
1326.15	0	.08785603	.8401554	.07198859	0
1325.15	0	.08540746	.8421424	.07245017	0
1324.15	0	.08296668	.8441231	.07291018	0
1323.15	0	.0805337	.8460977	.07336864	0
1322.15	0	.07810851	.8480659	.07382556	0
1321.15	0	.07569111	.850028	.07428093	0
1320.15	0	.07328152	.8519837	.07473476	0
1319.15	0	.07087973	.8539332	.07518706	0
1318.15	0	.06848573	.8558764	.07563784	0
1317.15	0	.06609955	.8578134	.0760871	0
1316.15	0	.06372117	.859744	.07653484	0
1315.15	0	.0613506	.8616683	.07698107	0
1314.15	0	.05898785	.8635863	.0774258	0
1313.15	0	.05663292	.8654981	.07786904	0
1312.15	0	.05428581	.8674034	.07831077	0
1311.15	0	.05194653	.8693024	.07875103	0
1310.15	0	.04961509	.8711951	.0791898	0
1309.15	0	.04729148	.8730814	.07962709	0
1308.15	0	.04497572	.8749614	.08006291	0
1307.15	0	.04266781	.8768349	.08049726	0
1306.15	0	.04036776	.8787021	.08093016	0
1305.15	0	.03807558	.8805628	.0813616	0
1304.15	0	.03579127	.8824172	.08179158	0
1303.15	0	.03351484	.884265	.08222012	0
1302.15	0	.0312463	.8861065	.08264722	0
1301.15	0	.02898567	.8879415	.08307288	0
1300.15	0	.02673293	.88977	.08349712	0
1299.15	0	.02448812	.891592	.08391992	0
1298.15	0	.02225124	.8934075	.08434131	0
1297.15	0	.02002229	.8952164	.08476127	0
1296.15	0	.0178013	.8970189	.08517983	0
1295.15	0	.01558826	.8988148	.08559698	0
1294.15	0	.0133832	.9006041	.08601272	0
1293.15	0	.01118612	.9023868	.08642707	0
1292.15	0	.00899704	.9041629	.08684002	0
1291.15	0	.00681597	.9059324	.08725159	0
1290.15	0	.004642925	.9076953	.08766177	0
1289.15	0	.002477919	.9094515	.08807057	0
1288.15	0	3.209655E-04	.911201	.088478	0
1288.001	0	0	.9114614	.08853864	0
1288.001	0	0	.9114614	.08853864	0
1287.15	0	0	.9111941	.08880586	0
1286.15	0	0	.9108806	.08911939	0
1285.15	0	0	.9105676	.08943236	0
1284.15	0	0	.9102553	.08974475	0
1283.15	0	0	.9099434	.09005658	0
1282.15	0	0	.9096322	.09036784	0
1281.15	0	0	.9093215	.09067854	0
1280.15	0	0	.9090113	.09098867	0
1279.15	0	0	.9087018	.09129824	0
1278.15	0	0	.9083927	.09160725	0
1277.15	0	0	.9080843	.09191569	0
1276.15	0	0	.9077764	.09222358	0
1275.15	0	0	.9074691	.09253091	0
1274.15	0	0	.9071623	.09283767	0
1273.15	0	0	.9068561	.09314389	0
1272.15	0	0	.9065505	.09344954	0
1271.15	0	0	.9062454	.09375464	0
1270.15	0	0	.9059408	.09405919	0
1269.15	0	0	.9056368	.09436318	0
1268.15	0	0	.9053334	.09466662	0
1267.15	0	0	.9050305	.0949695	0
1266.15	0	0	.9047282	.09527184	0
1265.15	0	0	.9044264	.09557362	0
1264.15	0	0	.9041251	.09587486	0
1263.15	0	0	.9038245	.09617554	0
1262.15	0	0	.9035243	.09647568	0
1261.15	0	0	.9032247	.09677528	0
1260.15	0	0	.9029257	.09707432	0
1259.15	0	0	.9026272	.09737282	0
1258.15	0	0	.9023292	.09767078	0
1257.15	0	0	.9020318	.09796819	0
1256.15	0	0	.9017349	.09826507	0
1255.15	0	0	.9014386	.0985614	0
1254.15	0	0	.9011428	.09885719	0
1253.15	0	0	.9008476	.09915244	0
1252.15	0	0	.9005529	.09944715	0
1251.15	0	0	.9002587	.09974132	0
1250.15	0	0	.8999651	.100035	0
1249.15	0	0	.8996719	.1003281	0
1248.15	0	0	.8993794	.1006206	0
1247.15	0	0	.8990874	.1009126	0
1246.15	0	0	.8987959	.1012041	0
1245.15	0	0	.8985049	.1014951	0
1244.15	0	0	.8982145	.1017855	0
1243.15	0	0	.8979246	.1020754	0
1242.15	0	0	.8976352	.1023648	0
1241.15	0	0	.8973464	.1026536	0
1240.15	0	0	.8970581	.1029419	0
1239.15	0	0	.8967703	.1032297	0
1238.15	0	0	.896483	.103517	0
1237.15	0	0	.8961963	.1038037	0
1236.15	0	0	.8959101	.1040899	0
1235.15	0	0	.8956245	.1043756	0
1234.15	0	0	.8953393	.1046607	0
1233.15	0	0	.8950547	.1049453	0
1232.15	0	0	.8947706	.1052294	0
1231.15	0	0	.894487	.105513	0
1230.15	0	0	.8942039	.1057961	0
1229.15	0	0	.8939214	.1060786	0
1228.15	0	0	.8936394	.1063606	0
1227.15	0	0	.8933579	.1066421	0
1226.15	0	0	.8930769	.1069231	0
1225.15	0	0	.8927964	.1072036	0
1224.15	0	0	.8925165	.1074835	0
1223.15	0	0	.8922371	.1077629	0
1222.15	0	0	.8919582	.1080418	0
1221.15	0	0	.8916797	.1083203	0
1220.15	0	0	.8914019	.1085981	0
1219.15	0	0	.8911245	.1088755	0
1218.15	0	0	.8908476	.1091524	0
1217.15	0	0	.8905713	.1094287	0
1216.15	0	0	.8902954	.1097046	0
1215.15	0	0	.8900201	.1099799	0
1214.15	0	0	.8897453	.1102547	0
1213.15	0	0	.889471	.110529	0
1212.15	0	0	.8891972	.1108028	0
1211.15	0	0	.8889239	.1110761	0
1210.15	0	0	.8886511	.1113489	0
1209.15	0	0	.8883788	.1116212	0
1208.15	0	0	.8881071	.1118929	0
1207.15	0	0	.8878358	.1121642	0
1206.15	0	0	.887565	.112435	0
1205.15	0	0	.8872948	.1127053	0
1204.15	0	0	.887025	.112975	0
1203.15	0	0	.8867557	.1132443	0
1202.15	0	0	.886487	.113513	0
1201.15	0	0	.8862187	.1137813	0
1200.15	0	0	.885951	.1140491	0
1199.15	0	0	.8856837	.1143163	0
1198.15	0	0	.8854169	.1145831	0
1197.15	0	0	.8851507	.1148493	0
1196.15	0	0	.8848849	.1151151	0
1195.15	0	0	.8846196	.1153804	0
1194.15	0	0	.8843549	.1156451	0
1193.15	0	0	.8840906	.1159094	0
1192.15	0	0	.8838268	.1161732	0
1191.15	0	0	.8835635	.1164365	0
1190.15	0	0	.8833007	.1166993	0
1189.15	0	0	.8830384	.1169616	0
1188.15	0	0	.8827766	.1172234	0
1187.15	0	0	.8825153	.1174847	0
1186.15	0	0	.8822544	.1177456	0
1185.15	0	0	.8819941	.1180059	0
1184.15	0	0	.8817342	.1182658	0
1183.15	0	0	.8814749	.1185251	0
1182.15	0	0	.881216	.118784	0
1181.15	0	0	.8809576	.1190424	0
1180.15	0	0	.8806997	.1193003	0
1179.15	0	0	.8804423	.1195577	0
1178.15	0	0	.8801854	.1198147	0
1177.15	0	0	.8799289	.1200711	0
1176.15	0	0	.8796729	.1203271	0
1175.15	0	0	.8794175	.1205825	0
1174.15	0	0	.8791625	.1208375	0
1173.15	0	0	.878908	.121092	0
1172.15	0	0	.8786539	.1213461	0
1171.15	0	0	.8784004	.1215996	0
1170.15	0	0	.8781473	.1218527	0
1169.15	0	0	.8778947	.1221053	0
1168.15	0	0	.8776426	.1223574	0
1167.15	0	0	.877391	.122609	0
1166.15	0	0	.8771398	.1228602	0
1165.15	0	0	.8768892	.1231108	0
1164.15	0	0	.876639	.123361	0
1163.15	0	0	.8763892	.1236108	0
1162.15	0	0	.87614	.12386	0
1161.15	0	0	.8758912	.1241088	0
1160.15	0	0	.8756429	.1243571	0
1159.15	0	0	.8753951	.1246049	0
1158.15	0	0	.8751478	.1248522	0
1157.15	0	0	.8749009	.1250991	0
1156.15	0	0	.8746545	.1253455	0
1155.15	0	0	.8744086	.1255914	0
1154.15	0	0	.8741631	.1258369	0
1153.15	0	0	.8739181	.1260819	0
1152.15	0	0	.8736736	.1263264	0
1151.15	0	0	.8734296	.1265704	0
1150.15	0	0	.873186	.126814	0
1149.15	0	0	.8729429	.1270571	0
1148.15	0	0	.8727003	.1272997	0
1147.15	0	0	.8724581	.1275419	0
1146.15	0	0	.8722164	.1277836	0
1145.15	0	0	.8719752	.1280248	0
1144.15	0	0	.8717344	.1282656	0
1143.15	0	0	.8714941	.1285059	0
1142.15	0	0	.8712543	.1287457	0
1141.15	0	0	.8710149	.1289851	0
1140.15	0	0	.870776	.129224	0
1139.15	0	0	.8705375	.1294625	0
1138.15	0	0	.8702996	.1297004	0
1137.15	0	0	.870062	.129938	0
1136.15	0	0	.869825	.130175	0
1135.15	0	0	.8695884	.1304116	0
1134.15	0	0	.8693523	.1306477	0
1133.15	0	0	.8691166	.1308834	0
1132.15	0	0	.8688814	.1311186	0
1131.15	0	0	.8686466	.1313534	0
1130.15	0	0	.8684123	.1315877	0
1129.15	0	0	.8681785	.1318215	0
1128.15	0	0	.8679451	.1320549	0
1127.15	0	0	.8677122	.1322878	0
1126.15	0	0	.8674797	.1325203	0
1125.15	0	0	.8672477	.1327523	0
1124.15	0	0	.8670162	.1329838	0
1123.15	0	0	.8667851	.1332149	0
1122.15	0	0	.8665545	.1334455	0
1121.15	0	0	.8663243	.1336757	0
1120.15	0	0	.8660946	.1339055	0
1119.15	0	0	.8658653	.1341347	0
1118.15	0	0	.8656365	.1343635	0
1117.15	0	0	.8654081	.1345919	0
1116.15	0	0	.8651802	.1348198	0
1115.15	0	0	.8649527	.1350473	0
1114.15	0	0	.8647257	.1352743	0
1113.15	0	0	.8644991	.1355009	0
1112.15	0	0	.8642731	.135727	0
1111.15	0	0	.8640474	.1359526	0
1110.15	0	0	.8638222	.1361778	0
1109.15	0	0	.8635974	.1364026	0
1108.15	0	0	.8633731	.1366269	0
1107.15	0	0	.8631493	.1368507	0
1106.15	0	0	.8629259	.1370742	0
1105.15	0	0	.8627029	.1372971	0
1104.15	0	0	.8624804	.1375196	0
1103.15	0	0	.8622583	.1377417	0
1102.15	0	0	.8620367	.1379633	0
1101.15	0	0	.8618155	.1381845	0
1100.15	0	0	.8615948	.1384052	0
1099.15	0	0	.8613745	.1386255	0
1098.15	0	0	.8611547	.1388454	0
1097.15	0	0	.8609353	.1390648	0
1096.15	0	0	.8607163	.1392837	0
1095.15	0	0	.8604978	.1395022	0
1094.15	0	0	.8602797	.1397203	0
1093.15	0	0	.8600621	.1399379	0
1092.15	0	0	.8598449	.1401551	0
1091.15	0	0	.8596282	.1403718	0
1090.15	0	0	.8594119	.1405881	0
1089.15	0	0	.859196	.140804	0
1088.15	0	0	.8589806	.1410194	0
1087.15	0	0	.8587657	.1412343	0
1086.15	0	0	.8585511	.1414489	0
1085.15	0	0	.858337	.141663	0
1084.15	0	0	.8581234	.1418766	0
1083.15	0	0	.8579102	.1420898	0
1082.15	0	0	.8576974	.1423026	0
1081.15	0	0	.8574851	.142515	0
1080.15	0	0	.8572732	.1427269	0
1079.15	0	0	.8570617	.1429383	0
1078.15	0	0	.8568507	.1431493	0
1077.15	0	0	.8566401	.1433599	0
1076.15	0	0	.8564299	.1435701	0
1075.15	0	0	.8562202	.1437798	0
1074.15	0	0	.8560109	.1439891	0
1073.15	0	0	.8558021	.1441979	0
1072.15	0	0	.8555937	.1444063	0
1071.15	0	0	.8553857	.1446143	0
1070.15	0	0	.8551782	.1448218	0
1069.15	0	0	.8549711	.1450289	0
1068.15	0	0	.8547644	.1452356	0
1067.15	0	0	.8545581	.1454419	0
1066.15	0	0	.8543523	.1456477	0
1065.15	0	0	.854147	.145853	0
1064.15	0	0	.853942	.146058	0
1063.15	0	0	.8537375	.1462625	0
1062.15	0	0	.8535334	.1464666	0
1061.15	0	0	.8533298	.1466702	0
1060.15	0	0	.8531266	.1468734	0
1059.15	0	0	.8529238	.1470762	0
1058.15	0	0	.8527214	.1472786	0
1057.15	0	0	.8525195	.1474805	0
1056.15	0	0	.852318	.147682	0
1055.15	0	0	.8521169	.1478831	0
1054.15	0	0	.8519163	.1480837	0
1053.15	0	0	.8517161	.1482839	0
1052.15	0	0	.8515163	.1484837	0
1051.15	0	0	.851317	.148683	0
1050.15	0	0	.851118	.148882	0
1049.15	0	0	.8509195	.1490805	0
1048.15	0	0	.8507215	.1492785	0
1047.15	0	0	.8505238	.1494762	0
1046.15	0	0	.8503266	.1496734	0
1045.15	0	0	.8501298	.1498702	0
1044.15	0	0	.8499334	.1500666	0
1043.15	0	0	.8497375	.1502625	0
1042.15	0	0	.849542	.150458	0
1041.15	0	0	.8493469	.1506531	0
1040.15	0	0	.8491522	.1508478	0
1039.15	0	0	.848958	.151042	0
1038.15	0	0	.8487642	.1512358	0
1037.15	0	0	.8485708	.1514292	0
1036.15	0	0	.8483778	.1516222	0
1035.15	0	0	.8481853	.1518147	0
1034.15	0	0	.8479932	.1520068	0
1033.15	0	0	.8478015	.1521985	0
1032.15	0	0	.8476102	.1523898	0
1031.15	0	0	.8474193	.1525807	0
1030.15	0	0	.8472289	.1527711	0
1029.15	0	0	.8470389	.1529611	0
1028.15	0	0	.8468493	.1531507	0
1027.15	0	0	.8466601	.1533399	0
1026.15	0	0	.8464714	.1535286	0
1025.15	0	0	.8462831	.1537169	0
1024.15	0	0	.8460952	.1539049	0
1023.15	0	0	.8459077	.1540923	0
1022.15	0	0	.8457206	.1542794	0
1021.15	0	0	.845534	.1544661	0
1020.15	0	0	.8453477	.1546523	0
1019.15	0	0	.8451619	.1548381	0
1018.15	0	0	.8449765	.1550235	0
1017.15	0	0	.8447916	.1552084	0
1016.15	0	0	.844607	.155393	0
1015.15	0	0	.8444229	.1555771	0
1014.15	0	0	.8442391	.1557609	0
1013.15	0	0	.8440558	.1559442	0
1012.15	0	0	.843873	.156127	0
1011.15	0	0	.8436905	.1563095	0
1010.15	0	0	.8435085	.1564916	0
1009.15	0	0	.8433268	.1566732	0
1008.15	0	0	.8431456	.1568544	0
1007.15	0	0	.8429648	.1570352	0
1006.15	0	0	.8427844	.1572156	0
1005.15	0	0	.8426045	.1573955	0
1004.15	0	0	.8424249	.1575751	0
1003.15	0	0	.8422458	.1577542	0
1002.15	0	0	.842067	.157933	0
1001.15	0	0	.8418887	.1581113	0
1000.15	0	0	.8417108	.1582892	0
999.15	0	0	.8415333	.1584667	0
998.15	0	0	.8413563	.1586437	0
997.15	0	0	.8411796	.1588204	0
996.15	0	0	.8410034	.1589966	0
995.15	0	0	.8408276	.1591724	0
994.15	0	0	.8406522	.1593478	0
993.15	0	0	.8404772	.1595228	0
992.15	0	0	.8403026	.1596974	0
991.15	0	0	.8401284	.1598716	0
990.15	0	0	.8399547	.1600454	0
989.15	0	0	.8397813	.1602187	0
988.15	0	0	.8396084	.1603916	0
987.15	0	0	.8394358	.1605642	0
987.1395	0	0	.839434	.160566	0
987.1395	0	0	.839434	.160566	0
987.1395	0	0	.839434	.160566	0
986.15	0	.003177446	.8361522	.1606703	0
985.15	0	.00640551	.8328193	.1607752	0
984.15	0	.009650351	.8294703	.1608794	0
983.15	0	.0129117	.8261054	.1609829	0
982.15	0	.01618927	.8227249	.1610858	0
981.15	0	.0194828	.8193291	.1611881	0
980.15	0	.02279201	.8159183	.1612897	0
979.15	0	.0261166	.8124928	.1613906	0
978.15	0	.02945632	.8090528	.1614909	0
977.15	0	.03281087	.8055986	.1615905	0
976.15	0	.03617996	.8021306	.1616895	0
975.15	0	.03956332	.7986489	.1617877	0
974.15	0	.04296066	.795154	.1618853	0
973.15	0	.04637168	.7916461	.1619822	0
972.15	0	.04979611	.7881255	.1620784	0
971.15	0	.05323364	.7845924	.1621739	0
970.15	0	.056684	.7810473	.1622687	0
969.15	0	.06014689	.7774903	.1623628	0
968.15	0	.06361165	.7739312	.1624572	0
967.15	0	.06709545	.7703532	.1625514	0
966.15	0	.07060949	.7667461	.1626444	0
965.15	0	.07415174	.763112	.1627363	0
964.15	0	.07772025	.7594528	.162827	0
963.15	0	.08131313	.7557703	.1629166	0
962.15	0	.08492858	.7520663	.1630051	0
961.15	0	.08856484	.7483427	.1630924	0
960.15	0	.09222023	.7446011	.1631787	0
959.15	0	.09589313	.740843	.1632639	0
958.15	0	.09958199	.7370701	.1633479	0
957.15	0	.1032853	.7332839	.1634308	0
956.15	0	.1070016	.7294858	.1635126	0
955.15	0	.1107295	.7256772	.1635933	0
954.15	0	.1144677	.7218594	.1636729	0
953.15	0	.1182148	.7180338	.1637514	0
952.15	0	.1219697	.7142015	.1638288	0
951.15	0	.125731	.7103639	.1639051	0
950.15	0	.1294977	.7065221	.1639802	0
949.15	0	.1332687	.7026771	.1640542	0
948.15	0	.1370428	.6988301	.1641271	0
947.15	0	.1408191	.6949821	.1641989	0
946.15	0	.1445965	.691134	.1642695	0
945.15	0	.148374	.687287	.164339	0
944.15	0	.1521508	.6834418	.1644073	0
943.15	0	.155926	.6795995	.1644745	0
942.15	0	.1596987	.6757608	.1645406	0
941.15	0	.1634681	.6719265	.1646054	0
940.15	0	.1672333	.6680976	.1646691	0
939.15	0	.1709937	.6642747	.1647317	0
938.15	0	.1747484	.6604586	.164793	0
937.15	0	.1784969	.65665	.1648532	0
936.15	0	.1822383	.6528496	.1649121	0
935.15	0	.1859721	.649058	.1649699	0
934.15	0	.1896977	.6452759	.1650264	0
933.15	0	.1934143	.641504	.1650818	0
932.15	0	.1971215	.6377427	.1651359	0
931.15	0	.2008186	.6339927	.1651887	0
930.15	0	.2045051	.6302545	.1652404	0
929.15	0	.2081806	.6265286	.1652908	0
928.15	0	.2118445	.6228155	.16534	0
927.15	0	.2154963	.6191158	.1653879	0
926.15	0	.2191356	.6154299	.1654345	0
925.15	0	.222762	.6117582	.1654799	0
924.15	0	.2263749	.6081011	.1655239	0
923.15	0	.2299741	.6044592	.1655667	0
922.15	0	.233559	.6008327	.1656083	0
921.15	0	.2371294	.5972221	.1656485	0
920.15	0	.2406848	.5936278	.1656874	0
919.15	0	.244225	.59005	.165725	0
918.15	0	.2477495	.5864892	.1657613	0
917.15	0	.2512581	.5829456	.1657963	0
916.15	0	.2547505	.5794196	.1658299	0
915.15	0	.2582263	.5759115	.1658622	0
914.15	0	.2616852	.5724216	.1658932	0
913.15	0	.2651271	.5689501	.1659229	0
912.15	0	.2685515	.5654973	.1659512	0
911.15	0	.2719584	.5620635	.1659781	0
910.15	0	.2753474	.558649	.1660037	0
909.15	0	.2787182	.5552539	.1660279	0
908.15	0	.2820707	.5518785	.1660508	0
907.15	0	.2854047	.548523	.1660723	0
906.15	0	.2887199	.5451877	.1660924	0
905.15	0	.2920161	.5418727	.1661112	0
904.15	0	.2952932	.5385782	.1661286	0
903.15	0	.2985509	.5353045	.1661446	0
902.15	0	.3017891	.5320517	.1661592	0
901.15	0	.3050076	.5288199	.1661725	0
900.15	0	.3082062	.5256094	.1661843	0
899.15	0	.3113848	.5224203	.1661948	0
898.15	0	.3145432	.5192528	.1662039	0
897.15	0	.3176813	.516107	.1662117	0
896.15	0	.3207989	.5129831	.166218	0
895.15	0	.3238959	.5098811	.166223	0
894.15	0	.3269721	.5068013	.1662266	0
893.15	0	.3300275	.5037437	.1662288	0
892.15	0	.3330619	.5007085	.1662296	0
891.15	0	.3360751	.4976958	.1662291	0
890.15	0	.3390671	.4947057	.1662272	0
889.15	0	.3420378	.4917383	.1662239	0
888.15	0	.344987	.4887938	.1662193	0
887.15	0	.3479147	.4858721	.1662133	0
886.15	0	.3508207	.4829734	.1662059	0
885.15	0	.353705	.4800978	.1661972	0
884.15	0	.3565674	.4772454	.1661872	0
883.15	0	.3594079	.4744162	.1661759	0
882.15	0	.3622265	.4716104	.1661632	0
881.15	0	.3650229	.4688279	.1661492	0
880.15	0	.3677972	.4660689	.1661339	0
879.15	0	.3705494	.4633334	.1661173	0
878.15	0	.3732792	.4606215	.1660994	0
877.15	0	.3759867	.4579332	.1660802	0
876.15	0	.3786717	.4552686	.1660597	0
875.15	0	.3813344	.4526276	.166038	0
874.15	0	.3839745	.4500105	.166015	0
873.15	0	.3865921	.4474171	.1659908	0
872.15	0	.3891871	.4448475	.1659654	0
871.15	0	.3917595	.4423017	.1659388	0
870.15	0	.3943093	.4397798	.1659109	0
869.15	0	.3968363	.4372818	.1658819	0
868.15	0	.3993407	.4348076	.1658517	0
867.15	0	.4018224	.4323573	.1658203	0
866.15	0	.4042813	.4299309	.1657878	0
865.15	0	.4067175	.4275283	.1657542	0
864.15	0	.409131	.4251495	.1657195	0
863.15	0	.4115218	.4227946	.1656836	0
862.15	0	.4138898	.4204635	.1656467	0
861.15	0	.4162351	.4181562	.1656087	0
860.15	0	.4185578	.4158725	.1655697	0
859.15	0	.4208577	.4136126	.1655296	0
858.15	0	.4231351	.4113763	.1654886	0
857.15	0	.4253899	.4091636	.1654465	0
856.15	0	.4276221	.4069745	.1654035	0
855.15	0	.4298318	.4048088	.1653595	0
854.15	0	.432019	.4026665	.1653145	0
853.15	0	.4341839	.4005475	.1652686	0
852.15	0	.4363264	.3984518	.1652219	0
851.15	0	.4384466	.3963792	.1651742	0
850.15	0	.4405447	.3943296	.1651257	0
849.15	0	.4426207	.392303	.1650763	0
848.15	0	.4446747	.3902993	.165026	0
847.15	0	.4467067	.3883183	.164975	0
846.15	0	.4487169	.3863599	.1649232	0
845.15	0	.4507054	.384424	.1648706	0
844.15	0	.4526723	.3825105	.1648172	0
843.15	0	.4546177	.3806192	.1647631	0
842.15	0	.4565417	.37875	.1647082	0
841.15	0	.4584445	.3769028	.1646527	0
840.15	0	.4603262	.3750774	.1645964	0
839.15	0	.4621869	.3732736	.1645395	0
838.15	0	.4640267	.3714914	.1644819	0
837.15	0	.4658459	.3697304	.1644237	0
836.15	0	.4676445	.3679907	.1643648	0
835.15	0	.4694227	.3662719	.1643054	0
834.15	0	.4711807	.364574	.1642453	0
833.15	0	.4729186	.3628967	.1641847	0
832.15	0	.4746366	.3612399	.1641235	0
831.15	0	.4763348	.3596034	.1640618	0
830.7585	0	.4769944	.3589682	.1640375	0
830.7585	0	.4769944	.3589682	.1640375	0
830.7585	0	.4769944	.3589682	.1640375	0
830.15	0	.482851	.3519404	.1624356	.00277298
829.15	0	.4922204	.3406727	.1598521	.007254695
828.15	0	.5012837	.329743	.1573278	.01164545
827.15	0	.5100534	.3191377	.1548605	.01594841
826.15	0	.5185414	.3088439	.1524482	.02016657
825.15	0	.5267588	.2988493	.1500891	.02430279
824.15	0	.5347163	.2891425	.1477814	.02835977
823.15	0	.542424	.2797125	.1455234	.03234006
822.15	0	.5498915	.2705488	.1433136	.03624611
821.15	0	.5571278	.2616417	.1411503	.04008022
820.15	0	.5641416	.2529816	.1390322	.04384462
819.15	0	.5709411	.2445598	.1369577	.04754138
818.15	0	.577534	.2363677	.1349257	.05117254
817.15	0	.5839279	.2283973	.1329349	.05473998
816.15	0	.5901298	.2206408	.130984	.05824554
815.15	0	.5961464	.2130908	.1290718	.06169095
814.15	0	.6019843	.2057405	.1271973	.06507789
813.15	0	.6076495	.1985831	.1253595	.06840795
812.15	0	.613148	.1916121	.1235572	.07168266
811.15	0	.6184854	.1848216	.1217896	.07490346
810.15	0	.623667	.1782056	.1200556	.07807178
809.15	0	.628698	.1717586	.1183544	.08118895
808.15	0	.6335833	.1654752	.1166852	.08425626
807.15	0	.6383276	.1593503	.1150471	.08727495
806.15	0	.6429355	.153379	.1134393	.09024621
805.15	0	.6474113	.1475565	.111861	.09317119
804.15	0	.6517592	.1418784	.1103115	.09605099
803.15	0	.6559831	.1363402	.10879	.09888667
802.15	0	.6600869	.1309378	.107296	.1016792
801.15	0	.6640743	.1256673	.1058287	.1044297
800.15	0	.6679488	.1205246	.1043875	.107139
799.15	0	.6717139	.1155062	.1029718	.1098081
798.15	0	.6753728	.1106085	.101581	.1124378
797.15	0	.6789287	.1058279	.1002144	.115029
796.15	0	.6823846	.1011613	.09887157	.1175825
795.15	0	.6857435	.09660535	.09755194	.1200992
794.15	0	.6890083	.09215703	.09625498	.1225797
793.15	0	.6921816	.08781335	.09498017	.1250249
792.15	0	.6952661	.08357145	.09372704	.1274355
791.15	0	.6982643	.07942855	.09249508	.1298121
790.15	0	.7011787	.07538198	.09128385	.1321555
789.15	0	.7040116	.07142914	.09009289	.1344663
788.15	0	.7067655	.06756753	.08892176	.1367452
787.15	0	.7094424	.06379474	.08777003	.1389928
786.15	0	.7120446	.06010842	.08663729	.1412097
785.15	0	.7145741	.05650629	.08552313	.1433964
784.15	0	.717033	.05298617	.08442716	.1455537
783.15	0	.7194232	.04954593	.083349	.1476819
782.15	0	.7217465	.04618349	.08228827	.1497817
781.15	0	.7240049	.04289687	.08124461	.1518537
780.15	0	.7262	.03968411	.08021767	.1538982
779.15	0	.7283337	.03654334	.07920709	.1559158
778.15	0	.7304077	.03347273	.07821254	.1579071
777.15	0	.7324234	.0304705	.07723368	.1598724
776.15	0	.7343826	.02753493	.07627021	.1618123
775.15	0	.7362866	.02466434	.07532179	.1637272
774.15	0	.7381372	.02185711	.07438812	.1656176
773.15	0	.7399356	.01911165	.0734689	.1674839
772.15	0	.7416833	.01642643	.07256384	.1693265
771.15	0	.7433816	.01379994	.07167264	.1711458
770.15	0	.7450319	.01123073	.07079502	.1729423
769.15	0	.7466355	.008717382	.06993072	.1747164
768.15	0	.7481937	.006258516	.06907944	.1764684
767.15	0	.7497075	.003852789	.06824094	.1781987
766.15	0	.7511784	.001498891	.06741495	.1799078
765.5017	0	.7521095	0	.06688605	.1810045
765.5017	0	.7521095	0	.06688605	.1810045
765.15	0	.7520623	0	.06681368	.181124
764.15	0	.7519289	0	.06660837	.1814628
763.15	0	.7517961	0	.0664037	.1818002
762.15	0	.751664	0	.06619966	.1821364
761.15	0	.7515325	0	.06599626	.1824712
760.15	0	.7514018	0	.06579349	.1828047
759.15	0	.7512717	0	.06559136	.1831369
758.15	0	.7511423	0	.06538986	.1834678
757.15	0	.7510136	0	.06518899	.1837974
756.15	0	.7508855	0	.06498877	.1841258
755.15	0	.750758	0	.06478917	.1844528
754.15	0	.7506313	0	.06459021	.1847785
753.15	0	.7505051	0	.06439188	.185103
752.15	0	.7503797	0	.06419419	.1854262
751.15	0	.7502548	0	.06399713	.1857481
750.15	0	.7501306	0	.0638007	.1860687
749.15	0	.750007	0	.06360491	.1863881
748.15	0	.7498841	0	.06340975	.1867062
747.15	0	.7497617	0	.06321522	.1870231
746.15	0	.74964	0	.06302132	.1873387
745.15	0	.7495189	0	.06282806	.187653
744.15	0	.7493984	0	.06263543	.1879661
743.15	0	.7492786	0	.06244343	.188278
742.15	0	.7491593	0	.06225206	.1885886
741.15	0	.7490406	0	.06206133	.188898
740.15	0	.7489226	0	.06187122	.1892062
739.15	0	.7488051	0	.06168175	.1895131
738.15	0	.7486883	0	.06149291	.1898188
737.15	0	.748572	0	.0613047	.1901233
736.15	0	.7484563	0	.06111712	.1904266
735.15	0	.7483412	0	.06093017	.1907286
734.15	0	.7482267	0	.06074386	.1910295
733.15	0	.7481127	0	.06055817	.1913291
732.15	0	.7479993	0	.06037312	.1916276
731.15	0	.7478865	0	.06018869	.1919248
730.15	0	.7477743	0	.0600049	.1922208
729.15	0	.7476626	0	.05982173	.1925156
728.15	0	.7475515	0	.0596392	.1928093
727.15	0	.747441	0	.0594573	.1931017
726.15	0	.747331	0	.05927602	.193393
725.15	0	.7472216	0	.05909538	.1936831
724.15	0	.7471127	0	.05891536	.193972
723.15	0	.7470043	0	.05873598	.1942597
722.15	0	.7468965	0	.05855722	.1945462
721.15	0	.7467893	0	.0583791	.1948316
720.15	0	.7466826	0	.0582016	.1951158
719.15	0	.7465764	0	.05802473	.1953989
718.15	0	.7464708	0	.05784849	.1956807
717.15	0	.7463657	0	.05767288	.1959614
716.15	0	.7462611	0	.0574979	.196241
715.15	0	.7461571	0	.05732355	.1965194
714.15	0	.7460536	0	.05714983	.1967966
713.15	0	.7459506	0	.05697673	.1970727
712.15	0	.7458481	0	.05680427	.1973476
711.15	0	.7457462	0	.05663243	.1976214
710.15	0	.7456447	0	.05646122	.1978941
709.15	0	.7455438	0	.05629064	.1981656
708.15	0	.7454434	0	.05612069	.1984359
707.15	0	.7453435	0	.05595136	.1987051
706.15	0	.7452441	0	.05578267	.1989732
705.15	0	.7451452	0	.0556146	.1992402
704.15	0	.7450468	0	.05544715	.199506
703.15	0	.744949	0	.05528034	.1997707
702.15	0	.7448516	0	.05511416	.2000343
701.15	0	.7447547	0	.0549486	.2002967
700.15	0	.7446583	0	.05478367	.2005581
699.15	0	.7445624	0	.05461936	.2008183
698.15	0	.744467	0	.05445569	.2010774
697.15	0	.744372	0	.05429264	.2013353
696.15	0	.7442776	0	.05413022	.2015922
695.15	0	.7441836	0	.05396842	.201848
694.15	0	.7440902	0	.05380725	.2021026
693.15	0	.7439972	0	.05364671	.2023561
692.15	0	.7439046	0	.0534868	.2026086
691.15	0	.7438126	0	.05332751	.2028599
690.15	0	.743721	0	.05316884	.2031101
689.15	0	.7436299	0	.05301081	.2033593
688.15	0	.7435393	0	.0528534	.2036073
687.15	0	.7434492	0	.05269661	.2038542
686.15	0	.7433595	0	.05254045	.2041001
685.15	0	.7432702	0	.05238492	.2043448
684.15	0	.7431815	0	.05223001	.2045885
683.15	0	.7430932	0	.05207573	.2048311
682.15	0	.7430053	0	.05192208	.2050726
681.15	0	.742918	0	.05176905	.205313
680.15	0	.742831	0	.05161664	.2055523
679.15	0	.7427446	0	.05146486	.2057906
678.15	0	.7426585	0	.0513137	.2060278
677.15	0	.742573	0	.05116317	.2062639
676.15	0	.7424878	0	.05101327	.2064989
675.15	0	.7424032	0	.05086398	.2067328
674.15	0	.7423189	0	.05071532	.2069657
673.15	0	.7422351	0	.05056729	.2071976
672.15	0	.7421518	0	.05041988	.2074283
671.15	0	.7420689	0	.05027309	.207658
670.15	0	.7419865	0	.05012693	.2078866
669.15	0	.7419044	0	.04998139	.2081142
668.15	0	.7418229	0	.04983647	.2083407
667.15	0	.7417417	0	.04969218	.2085661
666.15	0	.741661	0	.0495485	.2087905
665.15	0	.7415807	0	.04940546	.2090139
664.15	0	.7415008	0	.04926303	.2092361
663.15	0	.7414214	0	.04912122	.2094574
662.15	0	.7413424	0	.04898004	.2096776
661.15	0	.7412638	0	.04883948	.2098967
660.15	0	.7411857	0	.04869954	.2101148
659.15	0	.741108	0	.04856022	.2103318
658.15	0	.7410307	0	.04842152	.2105478
657.15	0	.7409538	0	.04828345	.2107628
656.15	0	.7408773	0	.04814599	.2109767
655.15	0	.7408013	0	.04800915	.2111896
654.15	0	.7407256	0	.04787294	.2114015
653.15	0	.7406504	0	.04773734	.2116123
652.15	0	.7405756	0	.04760236	.2118221
651.15	0	.7405012	0	.047468	.2120308
650.15	0	.7404272	0	.04733426	.2122385
649.15	0	.7403536	0	.04720114	.2124452
648.15	0	.7402805	0	.04706864	.2126509
647.15	0	.7402077	0	.04693675	.2128556
646.15	0	.7401353	0	.04680549	.2130592
645.15	0	.7400634	0	.04667483	.2132618
644.15	0	.7399918	0	.0465448	.2134634
643.15	0	.7399207	0	.04641538	.2136639
642.15	0	.7398499	0	.04628658	.2138635
641.15	0	.7397796	0	.0461584	.214062
640.15	0	.7397096	0	.04603083	.2142596
639.15	0	.73964	0	.04590387	.2144561
638.15	0	.7395709	0	.04577753	.2146516
637.15	0	.7395021	0	.04565181	.2148461
636.15	0	.7394337	0	.0455267	.2150396
635.15	0	.7393657	0	.0454022	.2152321
634.15	0	.7392981	0	.04527831	.2154236
633.15	0	.7392309	0	.04515504	.2156141
632.15	0	.7391641	0	.04503238	.2158036
631.15	0	.7390976	0	.04491033	.215992
630.15	0	.7390316	0	.0447889	.2161795
629.15	0	.7389659	0	.04466807	.216366
628.15	0	.7389006	0	.04454785	.2165516
627.15	0	.7388357	0	.04442825	.2167361
626.15	0	.7387712	0	.04430925	.2169196
625.15	0	.738707	0	.04419087	.2171021
624.15	0	.7386432	0	.04407309	.2172837
623.15	0	.7385798	0	.04395592	.2174643
622.15	0	.7385168	0	.04383935	.2176439
621.15	0	.7384541	0	.0437234	.2178225
620.15	0	.7383919	0	.04360805	.2180001
619.15	0	.7383299	0	.04349331	.2181768
618.15	0	.7382684	0	.04337917	.2183524
617.15	0	.7382072	0	.04326563	.2185271
616.15	0	.7381464	0	.0431527	.2187009
615.15	0	.738086	0	.04304038	.2188736
614.15	0	.7380259	0	.04292865	.2190454
613.15	0	.7379662	0	.04281753	.2192163
612.15	0	.7379069	0	.04270701	.2193861
611.15	0	.7378479	0	.0425971	.219555
610.15	0	.7377893	0	.04248778	.219723
609.15	0	.737731	0	.04237906	.2198899
608.15	0	.7376731	0	.04227094	.220056
607.15	0	.7376156	0	.04216342	.220221
606.15	0	.7375584	0	.0420565	.2203852
605.15	0	.7375015	0	.04195017	.2205483
604.15	0	.737445	0	.04184444	.2207105
603.15	0	.7373889	0	.04173931	.2208718
602.15	0	.7373331	0	.04163477	.2210321
601.15	0	.7372777	0	.04153083	.2211915
600.15	0	.7372226	0	.04142747	.2213499
599.15	0	.7371679	0	.04132472	.2215074
598.15	0	.7371135	0	.04122255	.2216639
597.15	0	.7370595	0	.04112097	.2218195
596.15	0	.7370058	0	.04101999	.2219742
595.15	0	.7369525	0	.04091959	.222128
594.15	0	.7368995	0	.04081978	.2222808
593.15	0	.7368468	0	.04072056	.2224326
592.15	0	.7367945	0	.04062193	.2225836
591.15	0	.7367425	0	.04052388	.2227336
590.15	0	.7366909	0	.04042642	.2228827
589.15	0	.7366396	0	.04032954	.2230309
588.15	0	.7365886	0	.04023325	.2231782
587.15	0	.736538	0	.04013753	.2233245
586.15	0	.7364877	0	.0400424	.2234699
585.15	0	.7364377	0	.03994785	.2236144
584.15	0	.7363881	0	.03985388	.223758
583.15	0	.7363388	0	.03976049	.2239007
582.15	0	.7362898	0	.03966768	.2240425
581.15	0	.7362412	0	.03957544	.2241834
580.15	0	.7361928	0	.03948378	.2243234
579.15	0	.7361449	0	.03939269	.2244625
578.15	0	.7360972	0	.03930218	.2246006
577.15	0	.7360499	0	.03921223	.2247379
576.15	0	.7360028	0	.03912287	.2248743
575.15	0	.7359562	0	.03903407	.2250098
574.15	0	.7359098	0	.03894584	.2251444
573.15	0	.7358637	0	.03885818	.2252781
572.15	0	.735818	0	.03877108	.2254109
571.15	0	.7357726	0	.03868455	.2255429
570.15	0	.7357275	0	.03859859	.2256739
569.15	0	.7356827	0	.03851319	.2258041
568.15	0	.7356382	0	.03842835	.2259334
567.15	0	.7355941	0	.03834408	.2260618
566.15	0	.7355502	0	.03826036	.2261894
565.15	0	.7355067	0	.03817721	.2263161
564.15	0	.7354635	0	.03809461	.2264419
563.15	0	.7354206	0	.03801257	.2265669
562.15	0	.735378	0	.03793108	.2266909
561.15	0	.7353357	0	.03785015	.2268142
560.15	0	.7352937	0	.03776977	.2269365
559.15	0	.735252	0	.03768994	.2270581
558.15	0	.7352106	0	.03761067	.2271787
557.15	0	.7351695	0	.03753194	.2272985
556.15	0	.7351288	0	.03745376	.2274175
555.15	0	.7350883	0	.03737612	.2275356
554.15	0	.7350481	0	.03729903	.2276529
553.15	0	.7350082	0	.03722249	.2277693
552.15	0	.7349687	0	.03714648	.2278849
551.15	0	.7349294	0	.03707102	.2279996
550.15	0	.7348904	0	.0369961	.2281135
549.15	0	.7348517	0	.03692171	.2282266
548.15	0	.7348133	0	.03684786	.2283389
547.15	0	.7347752	0	.03677455	.2284503
546.15	0	.7347373	0	.03670177	.2285609
545.15	0	.7346998	0	.03662952	.2286707
544.15	0	.7346626	0	.0365578	.2287796
543.15	0	.7346256	0	.03648662	.2288878
542.15	0	.7345889	0	.03641596	.2289951
541.15	0	.7345525	0	.03634582	.2291016
540.15	0	.7345164	0	.03627621	.2292074
539.15	0	.7344806	0	.03620713	.2293123
538.15	0	.7344451	0	.03613856	.2294164
537.15	0	.7344098	0	.03607052	.2295197
536.15	0	.7343748	0	.03600299	.2296222
535.15	0	.7343401	0	.03593598	.2297239
534.15	0	.7343057	0	.03586949	.2298248
533.15	0	.7342716	0	.03580351	.2299249
532.15	0	.7342377	0	.03573804	.2300243
531.15	0	.7342041	0	.03567308	.2301228
530.15	0	.7341708	0	.03560863	.2302206
529.15	0	.7341377	0	.03554469	.2303176
528.15	0	.7341049	0	.03548125	.2304138
527.15	0	.7340724	0	.03541831	.2305093
526.15	0	.7340401	0	.03535588	.230604
525.15	0	.7340082	0	.03529395	.2306979
524.15	0	.7339764	0	.03523251	.2307911
523.15	0	.733945	0	.03517157	.2308834
522.15	0	.7339138	0	.03511113	.2309751
521.15	0	.7338829	0	.03505118	.2310659
520.15	0	.7338522	0	.03499172	.2311561
519.15	0	.7338218	0	.03493275	.2312455
518.15	0	.7337917	0	.03487427	.2313341
517.15	0	.7337618	0	.03481627	.231422
516.15	0	.7337321	0	.03475876	.2315091
515.15	0	.7337027	0	.03470172	.2315955
514.15	0	.7336736	0	.03464517	.2316812
513.15	0	.7336447	0	.0345891	.2317662
512.15	0	.7336161	0	.0345335	.2318504
511.15	0	.7335877	0	.03447838	.2319339
510.15	0	.7335596	0	.03442373	.2320166
509.15	0	.7335318	0	.03436955	.2320987
508.15	0	.7335041	0	.03431584	.23218
507.15	0	.7334767	0	.03426259	.2322607
506.15	0	.7334496	0	.03420981	.2323406
505.15	0	.7334227	0	.0341575	.2324198
504.15	0	.7333961	0	.03410564	.2324983
503.15	0	.7333697	0	.03405424	.2325761
502.15	0	.7333435	0	.0340033	.2326532
501.15	0	.7333176	0	.03395281	.2327296
500.15	0	.7332919	0	.03390278	.2328054
499.15	0	.7332664	0	.03385319	.2328804
498.15	0	.7332412	0	.03380406	.2329548
497.15	0	.7332162	0	.03375537	.2330284
496.15	0	.7331914	0	.03370712	.2331015
495.15	0	.7331669	0	.03365932	.2331738
494.15	0	.7331426	0	.03361196	.2332454
493.15	0	.7331185	0	.03356503	.2333164
492.15	0	.7330947	0	.03351854	.2333868
491.15	0	.7330711	0	.03347249	.2334564
490.15	0	.7330477	0	.03342686	.2335254
489.15	0	.7330245	0	.03338167	.2335938
488.15	0	.7330016	0	.0333369	.2336615
487.15	0	.7329789	0	.03329256	.2337286
486.15	0	.7329564	0	.03324864	.233795
485.15	0	.7329341	0	.03320514	.2338608
484.15	0	.732912	0	.03316206	.2339259
483.15	0	.7328902	0	.0331194	.2339904
482.15	0	.7328686	0	.03307715	.2340543
481.15	0	.7328472	0	.03303532	.2341175
480.15	0	.7328259	0	.03299389	.2341802
479.15	0	.732805	0	.03295287	.2342422
478.15	0	.7327842	0	.03291225	.2343036
477.15	0	.7327636	0	.03287204	.2343644
476.15	0	.7327432	0	.03283223	.2344245
475.15	0	.7327231	0	.03279282	.2344841
474.15	0	.7327031	0	.0327538	.2345431
473.15	0	.7326834	0	.03271518	.2346014
472.15	0	.7326639	0	.03267695	.2346592
471.15	0	.7326445	0	.0326391	.2347164
470.15	0	.7326254	0	.03260165	.234773
469.15	0	.7326064	0	.03256458	.234829
468.15	0	.7325877	0	.03252789	.2348844
467.15	0	.7325691	0	.03249158	.2349393
466.15	0	.7325508	0	.03245565	.2349936
465.15	0	.7325326	0	.03242009	.2350473
464.15	0	.7325147	0	.03238491	.2351004
463.15	0	.7324969	0	.0323501	.235153
462.15	0	.7324793	0	.03231565	.235205
461.15	0	.7324619	0	.03228158	.2352565
460.15	0	.7324447	0	.03224786	.2353074
459.15	0	.7324277	0	.03221451	.2353578
458.15	0	.7324109	0	.03218151	.2354076
457.15	0	.7323942	0	.03214887	.2354569
456.15	0	.7323778	0	.03211659	.2355057
455.15	0	.7323615	0	.03208465	.2355539
454.15	0	.7323454	0	.03205307	.2356015
453.15	0	.7323295	0	.03202183	.2356487
452.15	0	.7323137	0	.03199094	.2356953
451.15	0	.7322982	0	.03196039	.2357415
450.15	0	.7322828	0	.03193018	.2357871
449.15	0	.7322675	0	.03190031	.2358321
448.15	0	.7322525	0	.03187078	.2358767
447.15	0	.7322376	0	.03184158	.2359208
446.15	0	.732223	0	.03181272	.2359643
445.15	0	.7322084	0	.03178419	.2360074
444.15	0	.7321941	0	.03175598	.23605
443.15	0	.7321799	0	.03172811	.236092
442.15	0	.7321659	0	.03170055	.2361336
441.15	0	.732152	0	.03167332	.2361747
440.15	0	.7321383	0	.03164642	.2362153
439.15	0	.7321248	0	.03161983	.2362554
438.15	0	.7321114	0	.03159356	.236295
437.15	0	.7320982	0	.0315676	.2363342
436.15	0	.7320852	0	.03154196	.2363728
435.15	0	.7320723	0	.03151662	.236411
434.15	0	.7320596	0	.0314916	.2364488
433.15	0	.7320471	0	.03146688	.2364861
432.15	0	.7320347	0	.03144247	.2365229
431.15	0	.7320224	0	.03141835	.2365592
430.15	0	.7320103	0	.03139454	.2365952
429.15	0	.7319984	0	.03137103	.2366306
428.15	0	.7319866	0	.03134781	.2366656
427.15	0	.7319749	0	.03132488	.2367002
426.15	0	.7319634	0	.03130224	.2367343
425.15	0	.7319521	0	.03127989	.236768
424.15	0	.7319409	0	.03125782	.2368013
423.15	0	.7319299	0	.03123604	.2368341
422.15	0	.7319189	0	.03121453	.2368665
421.15	0	.7319082	0	.0311933	.2368985
420.15	0	.7318976	0	.03117235	.2369301
419.15	0	.7318871	0	.03115167	.2369613
