T	 BPW(LIQUID)	BPW(BCC_A2)	BPW(FCC_A1)	BPW(LAVES_PHASE_C14)	BPW(NI3TI)
1473.15	.1938179	.7477519	0	.05843019	0
1472.15	.1879778	.7515558	0	.0604664	0
1471.15	.1822503	.7552801	0	.06246959	0
1470.15	.1766322	.7589271	0	.06444069	0
1469.15	.1711205	.7624989	0	.06638062	0
1468.15	.1657123	.7659974	0	.06829028	0
1467.15	.1604048	.7694247	0	.0701705	0
1466.15	.1551952	.7727827	0	.07202212	0
1465.15	.1500809	.7760731	0	.07384592	0
1464.15	.1450595	.7792979	0	.07564268	0
1463.15	.1401283	.7824586	0	.07741312	0
1462.15	.135285	.785557	0	.07915796	0
1461.15	.1305275	.7885946	0	.08087789	0
1460.15	.1258533	.7915731	0	.08257358	0
1459.15	.1212605	.7944939	0	.08424567	0
1458.15	.1167469	.7973584	0	.08589478	0
1457.15	.1123104	.8001681	0	.0875215	0
1456.15	.1079493	.8029243	0	.08912643	0
1455.15	.1036615	.8056284	0	.09071011	0
1454.15	.09944535	.8082816	0	.0922731	0
1453.15	.09529897	.8108851	0	.09381592	0
1452.15	.09122069	.8134402	0	.09533908	0
1451.15	.08720886	.8159481	0	.09684307	0
1450.15	.08326187	.8184098	0	.09832837	0
1449.15	.07937817	.8208264	0	.09979544	0
1448.15	.07555625	.823199	0	.1012447	0
1447.15	.07179465	.8255287	0	.1026767	0
1446.15	.06809196	.8278164	0	.1040917	0
1445.15	.06444679	.8300631	0	.1054902	0
1444.15	.06085781	.8322697	0	.1068725	0
1443.15	.05732373	.8344371	0	.1082391	0
1442.15	.05384329	.8365663	0	.1095904	0
1441.15	.05041528	.8386581	0	.1109266	0
1440.15	.0470385	.8407133	0	.1122482	0
1439.15	.0437118	.8427328	0	.1135554	0
1438.15	.04043407	.8447173	0	.1148486	0
1437.15	.03720421	.8466676	0	.1161282	0
1436.15	.03402118	.8485844	0	.1173944	0
1435.15	.03088395	.8504685	0	.1186476	0
1434.15	.02779151	.8523206	0	.1198879	0
1433.15	.02474291	.8541413	0	.1211158	0
1432.15	.02173719	.8559314	0	.1223315	0
1431.15	.01877343	.8576914	0	.1235352	0
1430.15	.01585075	.8594221	0	.1247272	0
1429.15	.01296827	.8611239	0	.1259078	0
1428.15	.01012516	.8627976	0	.1270772	0
1427.15	.007320579	.8644437	0	.1282357	0
1426.15	.004553736	.8660628	0	.1293835	0
1425.15	.00182385	.8676554	0	.1305208	0
1424.474	0	.8687167	0	.1312833	0
1424.474	0	.8687167	0	.1312833	0
1424.15	0	.8684964	0	.1315036	0
1423.15	0	.8678185	0	.1321815	0
1422.15	0	.8671423	0	.1328577	0
1421.15	0	.8664677	0	.1335323	0
1420.15	0	.8657947	0	.1342053	0
1419.15	0	.8651234	0	.1348766	0
1418.15	0	.8644536	0	.1355464	0
1417.15	0	.8637855	0	.1362145	0
1416.15	0	.863119	0	.136881	0
1415.15	0	.8624541	0	.1375459	0
1414.15	0	.8617908	0	.1382092	0
1413.15	0	.8611291	0	.1388709	0
1412.15	0	.860469	0	.139531	0
1411.15	0	.8598105	0	.1401895	0
1410.15	0	.8591535	0	.1408465	0
1409.15	0	.8584982	0	.1415018	0
1408.15	0	.8578443	0	.1421557	0
1407.15	0	.8571921	0	.1428079	0
1406.15	0	.8565414	0	.1434586	0
1405.15	0	.8558922	0	.1441078	0
1404.15	0	.8552446	0	.1447554	0
1403.15	0	.8545985	0	.1454015	0
1402.15	0	.853954	0	.146046	0
1401.15	0	.853311	0	.146689	0
1400.15	0	.8526695	0	.1473305	0
1399.15	0	.8520296	0	.1479705	0
1398.15	0	.8513911	0	.1486089	0
1397.15	0	.8507542	0	.1492459	0
1396.15	0	.8501187	0	.1498813	0
1395.15	0	.8494848	0	.1505152	0
1394.15	0	.8488523	0	.1511477	0
1393.15	0	.8482213	0	.1517787	0
1392.15	0	.8475919	0	.1524081	0
1391.15	0	.8469639	0	.1530362	0
1390.15	0	.8463373	0	.1536627	0
1389.15	0	.8457122	0	.1542878	0
1388.15	0	.8450886	0	.1549114	0
1387.15	0	.8444665	0	.1555335	0
1386.15	0	.8438458	0	.1561542	0
1385.15	0	.8432266	0	.1567735	0
1384.15	0	.8426087	0	.1573913	0
1383.15	0	.8419924	0	.1580076	0
1382.15	0	.8413774	0	.1586226	0
1381.15	0	.8407639	0	.1592361	0
1380.15	0	.8401519	0	.1598482	0
1379.15	0	.8395412	0	.1604588	0
1378.15	0	.8389319	0	.1610681	0
1377.15	0	.8383241	0	.1616759	0
1376.15	0	.8377177	0	.1622823	0
1375.15	0	.8371126	0	.1628874	0
1374.15	0	.836509	0	.163491	0
1373.15	0	.8359067	0	.1640933	0
1372.15	0	.8353059	0	.1646941	0
1371.15	0	.8347064	0	.1652936	0
1370.15	0	.8341083	0	.1658917	0
1369.15	0	.8335116	0	.1664885	0
1368.15	0	.8329162	0	.1670838	0
1367.15	0	.8323222	0	.1676778	0
1366.15	0	.8317296	0	.1682705	0
1365.15	0	.8311383	0	.1688617	0
1364.15	0	.8305483	0	.1694517	0
1363.15	0	.8299597	0	.1700403	0
1362.15	0	.8293725	0	.1706275	0
1361.15	0	.8287866	0	.1712134	0
1360.15	0	.828202	0	.171798	0
1359.15	0	.8276187	0	.1723813	0
1358.15	0	.8270368	0	.1729632	0
1357.15	0	.8264562	0	.1735438	0
1356.15	0	.8258769	0	.1741231	0
1355.15	0	.8252989	0	.1747011	0
1354.15	0	.8247223	0	.1752777	0
1353.15	0	.8241469	0	.1758531	0
1352.15	0	.8235728	0	.1764272	0
1351.15	0	.823	0	.177	0
1350.15	0	.8224286	0	.1775714	0
1349.15	0	.8218583	0	.1781417	0
1348.15	0	.8212894	0	.1787106	0
1347.15	0	.8207218	0	.1792782	0
1346.15	0	.8201554	0	.1798446	0
1345.15	0	.8195903	0	.1804097	0
1344.15	0	.8190265	0	.1809735	0
1343.15	0	.8184639	0	.1815361	0
1342.15	0	.8179026	0	.1820974	0
1341.15	0	.8173426	0	.1826574	0
1340.15	0	.8167838	0	.1832162	0
1339.15	0	.8162262	0	.1837738	0
1338.15	0	.8156699	0	.1843301	0
1337.15	0	.8151148	0	.1848852	0
1336.15	0	.814561	0	.1854391	0
1335.15	0	.8140083	0	.1859917	0
1334.15	0	.8134569	0	.1865431	0
1333.15	0	.8129068	0	.1870932	0
1332.15	0	.8123578	0	.1876422	0
1331.15	0	.8118101	0	.1881899	0
1330.15	0	.8112636	0	.1887364	0
1329.15	0	.8107183	0	.1892817	0
1328.15	0	.8101742	0	.1898258	0
1327.15	0	.8096313	0	.1903688	0
1326.15	0	.8090895	0	.1909105	0
1325.15	0	.808549	0	.191451	0
1324.15	0	.8080097	0	.1919903	0
1323.15	0	.8074715	0	.1925285	0
1322.15	0	.8069346	0	.1930654	0
1321.15	0	.8063988	0	.1936012	0
1320.15	0	.8058642	0	.1941358	0
1319.15	0	.8053307	0	.1946693	0
1318.15	0	.8047985	0	.1952015	0
1317.15	0	.8042674	0	.1957326	0
1316.15	0	.8037374	0	.1962626	0
1315.15	0	.8032086	0	.1967914	0
1314.15	0	.802681	0	.197319	0
1313.15	0	.8021545	0	.1978455	0
1312.15	0	.8016291	0	.1983709	0
1311.15	0	.8011049	0	.1988951	0
1310.15	0	.8005819	0	.1994181	0
1309.15	0	.80006	0	.1999401	0
1308.15	0	.7995392	0	.2004608	0
1307.15	0	.7990195	0	.2009805	0
1306.15	0	.798501	0	.2014991	0
1305.15	0	.7979835	0	.2020165	0
1304.15	0	.7974672	0	.2025328	0
1303.15	0	.796952	0	.203048	0
1302.15	0	.796438	0	.203562	0
1301.15	0	.795925	0	.204075	0
1300.15	0	.7954132	0	.2045869	0
1299.15	0	.7949024	0	.2050976	0
1298.15	0	.7943927	0	.2056073	0
1297.15	0	.7938842	0	.2061158	0
1296.15	0	.7933767	0	.2066233	0
1295.15	0	.7928703	0	.2071297	0
1294.15	0	.792365	0	.207635	0
1293.15	0	.7918608	0	.2081392	0
1292.15	0	.7913577	0	.2086423	0
1291.15	0	.7908556	0	.2091444	0
1290.15	0	.7903547	0	.2096454	0
1289.15	0	.7898547	0	.2101453	0
1288.15	0	.7893559	0	.2106441	0
1287.15	0	.7888581	0	.2111419	0
1286.15	0	.7883614	0	.2116386	0
1285.15	0	.7878657	0	.2121343	0
1284.15	0	.7873711	0	.2126289	0
1283.15	0	.7868776	0	.2131224	0
1282.15	0	.7863851	0	.213615	0
1281.15	0	.7858936	0	.2141064	0
1280.15	0	.7854032	0	.2145968	0
1279.15	0	.7849138	0	.2150862	0
1278.15	0	.7844254	0	.2155746	0
1277.15	0	.7839381	0	.2160619	0
1276.15	0	.7834519	0	.2165481	0
1275.15	0	.7829666	0	.2170334	0
1274.15	0	.7824824	0	.2175176	0
1273.15	0	.7819992	0	.2180009	0
1272.15	0	.781517	0	.218483	0
1271.15	0	.7810358	0	.2189642	0
1270.15	0	.7805556	0	.2194444	0
1269.15	0	.7800765	0	.2199235	0
1268.15	0	.7795983	0	.2204017	0
1267.15	0	.7791212	0	.2208788	0
1266.15	0	.7786451	0	.221355	0
1265.15	0	.7781699	0	.2218301	0
1264.15	0	.7776958	0	.2223042	0
1263.15	0	.7772226	0	.2227774	0
1262.15	0	.7767505	0	.2232496	0
1261.15	0	.7762793	0	.2237207	0
1260.15	0	.7758091	0	.2241909	0
1259.15	0	.7753399	0	.2246601	0
1258.15	0	.7748717	0	.2251284	0
1257.15	0	.7744044	0	.2255956	0
1256.15	0	.7739381	0	.2260619	0
1255.15	0	.7734728	0	.2265272	0
1254.15	0	.7730085	0	.2269915	0
1253.15	0	.7725451	0	.2274549	0
1252.15	0	.7720827	0	.2279173	0
1251.15	0	.7716212	0	.2283788	0
1250.15	0	.7711607	0	.2288393	0
1249.15	0	.7707012	0	.2292988	0
1248.15	0	.7702426	0	.2297574	0
1247.15	0	.769785	0	.230215	0
1246.15	0	.7693283	0	.2306717	0
1245.15	0	.7688726	0	.2311275	0
1244.15	0	.7684178	0	.2315822	0
1243.15	0	.7679639	0	.2320361	0
1242.15	0	.767511	0	.232489	0
1241.15	0	.767059	0	.232941	0
1240.15	0	.7666079	0	.2333921	0
1239.15	0	.7661578	0	.2338422	0
1238.15	0	.7657086	0	.2342914	0
1237.15	0	.7652603	0	.2347397	0
1236.15	0	.7648129	0	.2351871	0
1235.15	0	.7643665	0	.2356335	0
1234.15	0	.763921	0	.236079	0
1233.15	0	.7634764	0	.2365236	0
1232.15	0	.7630327	0	.2369673	0
1231.15	0	.7625899	0	.2374101	0
1230.15	0	.762148	0	.237852	0
1229.15	0	.761707	0	.238293	0
1228.15	0	.761267	0	.238733	0
1227.15	0	.7608278	0	.2391722	0
1226.15	0	.7603895	0	.2396105	0
1225.15	0	.7599521	0	.2400479	0
1224.15	0	.7595156	0	.2404844	0
1223.15	0	.7590801	0	.2409199	0
1222.15	0	.7586454	0	.2413547	0
1221.15	0	.7582115	0	.2417885	0
1220.15	0	.7577786	0	.2422214	0
1219.15	0	.7573465	0	.2426535	0
1218.15	0	.7569153	0	.2430847	0
1217.15	0	.7564851	0	.243515	0
1216.15	0	.7560556	0	.2439444	0
1215.15	0	.7556271	0	.2443729	0
1214.15	0	.7551994	0	.2448006	0
1213.15	0	.7547726	0	.2452274	0
1212.15	0	.7543466	0	.2456534	0
1211.15	0	.7539215	0	.2460785	0
1210.15	0	.7534973	0	.2465027	0
1209.15	0	.7530739	0	.2469261	0
1208.15	0	.7526514	0	.2473486	0
1207.15	0	.7522297	0	.2477703	0
1206.15	0	.7518089	0	.2481911	0
1205.15	0	.751389	0	.248611	0
1204.15	0	.7509699	0	.2490301	0
1203.15	0	.7505516	0	.2494484	0
1202.15	0	.7501342	0	.2498658	0
1201.15	0	.7497176	0	.2502824	0
1200.15	0	.7493019	0	.2506982	0
1199.15	0	.748887	0	.2511131	0
1198.15	0	.7484729	0	.2515271	0
1197.15	0	.7480596	0	.2519404	0
1196.15	0	.7476472	0	.2523528	0
1195.15	0	.7472357	0	.2527643	0
1194.15	0	.7468249	0	.2531751	0
1193.15	0	.746415	0	.253585	0
1192.15	0	.7460059	0	.2539941	0
1191.15	0	.7455976	0	.2544024	0
1190.15	0	.7451901	0	.2548099	0
1189.15	0	.7447835	0	.2552165	0
1188.15	0	.7443777	0	.2556223	0
1187.15	0	.7439726	0	.2560274	0
1186.15	0	.7435684	0	.2564316	0
1185.15	0	.743165	0	.256835	0
1184.15	0	.7427624	0	.2572376	0
1183.15	0	.7423606	0	.2576394	0
1182.15	0	.7419597	0	.2580404	0
1181.15	0	.7415595	0	.2584405	0
1180.15	0	.7411601	0	.2588399	0
1179.15	0	.7407615	0	.2592385	0
1178.15	0	.7403637	0	.2596363	0
1177.15	0	.7399667	0	.2600333	0
1176.15	0	.7395705	0	.2604295	0
1175.15	0	.7391751	0	.2608249	0
1174.15	0	.7387804	0	.2612196	0
1173.15	0	.7383866	0	.2616134	0
1172.15	0	.7379935	0	.2620065	0
1171.15	0	.7376012	0	.2623988	0
1170.15	0	.7372097	0	.2627903	0
1169.15	0	.736819	0	.263181	0
1168.15	0	.736429	0	.263571	0
1167.15	0	.7360399	0	.2639601	0
1166.15	0	.7356515	0	.2643485	0
1165.15	0	.7352638	0	.2647362	0
1164.15	0	.734877	0	.265123	0
1163.15	0	.7344909	0	.2655091	0
1162.15	0	.7341055	0	.2658945	0
1161.15	0	.733721	0	.266279	0
1160.15	0	.7333372	0	.2666628	0
1159.15	0	.7329541	0	.2670459	0
1158.15	0	.7325718	0	.2674282	0
1157.15	0	.7321903	0	.2678097	0
1156.15	0	.7318095	0	.2681905	0
1155.15	0	.7314295	0	.2685705	0
1154.15	0	.7310502	0	.2689498	0
1153.15	0	.7306717	0	.2693283	0
1152.15	0	.7302939	0	.2697061	0
1151.15	0	.7299169	0	.2700831	0
1150.15	0	.7295406	0	.2704594	0
1149.15	0	.7291651	0	.2708349	0
1148.15	0	.7287903	0	.2712097	0
1147.15	0	.7284162	0	.2715838	0
1146.15	0	.7280429	0	.2719571	0
1145.15	0	.7276703	0	.2723297	0
1144.15	0	.7272985	0	.2727016	0
1143.15	0	.7269273	0	.2730727	0
1142.15	0	.7265569	0	.2734431	0
1141.15	0	.7261873	0	.2738127	0
1140.15	0	.7258184	0	.2741816	0
1139.15	0	.7254502	0	.2745498	0
1138.15	0	.7250827	0	.2749173	0
1137.15	0	.7247159	0	.2752841	0
1136.15	0	.7243499	0	.2756501	0
1135.15	0	.7239846	0	.2760154	0
1134.15	0	.72362	0	.27638	0
1133.15	0	.7232561	0	.2767439	0
1132.15	0	.7228929	0	.2771071	0
1131.15	0	.7225305	0	.2774695	0
1130.15	0	.7221688	0	.2778313	0
1129.15	0	.7218077	0	.2781923	0
1128.15	0	.7214474	0	.2785526	0
1127.15	0	.7210878	0	.2789122	0
1126.15	0	.7207289	0	.2792711	0
1125.15	0	.7203707	0	.2796293	0
1124.15	0	.7200132	0	.2799868	0
1123.15	0	.7196564	0	.2803436	0
1122.15	0	.7193003	0	.2806997	0
1121.15	0	.7189449	0	.2810551	0
1120.15	0	.7185902	0	.2814098	0
1119.15	0	.7182362	0	.2817638	0
1118.15	0	.7178829	0	.2821171	0
1117.15	0	.7175303	0	.2824697	0
1116.15	0	.7171783	0	.2828217	0
1115.15	0	.7168271	0	.2831729	0
1114.15	0	.7164765	0	.2835235	0
1113.15	0	.7161267	0	.2838733	0
1112.15	0	.7157775	0	.2842225	0
1111.15	0	.715429	0	.284571	0
1110.15	0	.7150812	0	.2849188	0
1109.15	0	.7147341	0	.2852659	0
1108.15	0	.7143876	0	.2856124	0
1107.15	0	.7140418	0	.2859582	0
1106.15	0	.7136967	0	.2863033	0
1105.15	0	.7133523	0	.2866477	0
1104.15	0	.7130086	0	.2869914	0
1103.15	0	.7126655	0	.2873345	0
1102.15	0	.7123231	0	.2876769	0
1101.15	0	.7119814	0	.2880186	0
1100.15	0	.7116403	0	.2883597	0
1099.15	0	.7112999	0	.2887001	0
1098.15	0	.7109602	0	.2890398	0
1097.15	0	.7106211	0	.2893789	0
1096.15	0	.7102827	0	.2897173	0
1095.15	0	.709945	0	.290055	0
1094.15	0	.7096079	0	.2903921	0
1093.15	0	.7092715	0	.2907285	0
1092.15	0	.7089357	0	.2910643	0
1091.15	0	.7086006	0	.2913994	0
1090.15	0	.7082662	0	.2917338	0
1089.15	0	.7079324	0	.2920676	0
1088.15	0	.7075993	0	.2924007	0
1087.15	0	.7072668	0	.2927332	0
1086.15	0	.7069349	0	.2930651	0
1085.15	0	.7066037	0	.2933963	0
1084.15	0	.7062732	0	.2937268	0
1083.15	0	.7059433	0	.2940567	0
1082.15	0	.7056141	0	.2943859	0
1081.15	0	.7052855	0	.2947145	0
1080.15	0	.7049575	0	.2950425	0
1079.15	0	.7046302	0	.2953698	0
1078.15	0	.7043035	0	.2956965	0
1077.15	0	.7039775	0	.2960225	0
1076.15	0	.7036521	0	.2963479	0
1075.15	0	.7033273	0	.2966727	0
1074.15	0	.7030032	0	.2969968	0
1073.15	0	.7026797	0	.2973203	0
1072.15	0	.7023568	0	.2976432	0
1071.15	0	.7020346	0	.2979654	0
1070.15	0	.701713	0	.298287	0
1069.15	0	.7013921	0	.2986079	0
1068.15	0	.7010717	0	.2989283	0
1067.15	0	.700752	0	.299248	0
1066.15	0	.7004329	0	.2995671	0
1065.15	0	.7001145	0	.2998855	0
1064.15	0	.6997967	0	.3002033	0
1063.15	0	.6994795	0	.3005206	0
1062.15	0	.6991629	0	.3008371	0
1061.15	0	.6988469	0	.3011531	0
1060.15	0	.6985316	0	.3014684	0
1059.15	0	.6982168	0	.3017832	0
1058.15	0	.6979027	0	.3020973	0
1057.15	0	.6975892	0	.3024108	0
1056.15	0	.6972764	0	.3027236	0
1055.15	0	.6969641	0	.3030359	0
1054.15	0	.6966525	0	.3033475	0
1053.15	0	.6963414	0	.3036586	0
1052.15	0	.696031	0	.303969	0
1051.15	0	.6957212	0	.3042788	0
1050.15	0	.695412	0	.304588	0
1049.15	0	.6951034	0	.3048966	0
1048.15	0	.6947954	0	.3052046	0
1047.15	0	.6944881	0	.305512	0
1046.15	0	.6941813	0	.3058187	0
1045.15	0	.6938751	0	.3061249	0
1044.15	0	.6935695	0	.3064305	0
1043.15	0	.6932646	0	.3067354	0
1042.15	0	.6929602	0	.3070398	0
1041.15	0	.6926564	0	.3073436	0
1040.15	0	.6923533	0	.3076467	0
1039.15	0	.6920507	0	.3079493	0
1038.15	0	.6917488	0	.3082513	0
1037.15	0	.6914474	0	.3085526	0
1036.15	0	.6911466	0	.3088534	0
1035.15	0	.6908464	0	.3091536	0
1034.15	0	.6905468	0	.3094532	0
1033.15	0	.6902478	0	.3097522	0
1032.15	0	.6899494	0	.3100506	0
1031.15	0	.6896516	0	.3103484	0
1030.15	0	.6893544	0	.3106456	0
1029.15	0	.6890578	0	.3109422	0
1028.15	0	.6887617	0	.3112383	0
1027.15	0	.6884663	0	.3115337	0
1026.15	0	.6881714	0	.3118286	0
1025.15	0	.6878771	0	.3121229	0
1024.15	0	.6875834	0	.3124166	0
1023.15	0	.6872903	0	.3127097	0
1022.15	0	.6869977	0	.3130023	0
1021.15	0	.6867058	0	.3132942	0
1020.15	0	.6864144	0	.3135856	0
1019.15	0	.6861236	0	.3138764	0
1018.15	0	.6858334	0	.3141666	0
1017.15	0	.6855437	0	.3144563	0
1016.15	0	.6852547	0	.3147453	0
1015.15	0	.6849662	0	.3150338	0
1014.15	0	.6846783	0	.3153217	0
1013.15	0	.6843909	0	.3156091	0
1012.15	0	.6841042	0	.3158958	0
1011.15	0	.683818	0	.316182	0
1010.15	0	.6835324	0	.3164676	0
1009.15	0	.6832473	0	.3167527	0
1008.15	0	.6829628	0	.3170372	0
1007.15	0	.6826789	0	.3173211	0
1006.15	0	.6823956	0	.3176044	0
1005.15	0	.6821128	0	.3178872	0
1004.15	0	.6818306	0	.3181694	0
1003.15	0	.681549	0	.318451	0
1002.15	0	.6812679	0	.3187321	0
1001.15	0	.6809874	0	.3190126	0
1000.15	0	.6807075	0	.3192925	0
999.15	0	.6804281	0	.3195719	0
998.15	0	.6801493	0	.3198507	0
997.15	0	.679871	0	.320129	0
996.15	0	.6795933	0	.3204067	0
995.15	0	.6793162	0	.3206838	0
994.15	0	.6790396	0	.3209604	0
993.15	0	.6787636	0	.3212364	0
992.15	0	.6784881	0	.3215119	0
991.15	0	.6782132	0	.3217868	0
990.15	0	.6779389	0	.3220611	0
989.15	0	.6776651	0	.3223349	0
988.15	0	.6773919	0	.3226081	0
987.15	0	.6771192	0	.3228808	0
986.15	0	.6768471	0	.3231529	0
985.15	0	.6765755	0	.3234245	0
984.15	0	.6763045	0	.3236955	0
983.15	0	.676034	0	.323966	0
982.15	0	.6757641	0	.3242359	0
981.15	0	.6754947	0	.3245053	0
980.15	0	.6752259	0	.3247741	0
979.15	0	.6749576	0	.3250424	0
978.15	0	.6746899	0	.3253101	0
977.15	0	.6744228	0	.3255773	0
976.15	0	.6741561	0	.3258439	0
975.15	0	.67389	0	.32611	0
974.15	0	.6736245	0	.3263755	0
973.15	0	.6733595	0	.3266405	0
972.15	0	.6730951	0	.3269049	0
971.15	0	.6728312	0	.3271688	0
970.15	0	.6725678	0	.3274322	0
969.15	0	.672305	0	.327695	0
968.15	0	.6720427	0	.3279573	0
967.15	0	.671781	0	.328219	0
966.15	0	.6715198	0	.3284802	0
965.15	0	.6712591	0	.3287409	0
964.15	0	.670999	0	.329001	0
963.15	0	.6707395	0	.3292606	0
962.15	0	.6704804	0	.3295196	0
961.15	0	.6702219	0	.3297781	0
960.15	0	.6699639	0	.3300361	0
959.15	0	.6697065	0	.3302935	0
958.15	0	.6694496	0	.3305504	0
957.15	0	.6691933	0	.3308067	0
956.15	0	.6689374	0	.3310626	0
955.15	0	.6686822	0	.3313178	0
954.15	0	.6684274	0	.3315726	0
953.15	0	.6681732	0	.3318268	0
952.15	0	.6679195	0	.3320805	0
951.15	0	.6676663	0	.3323337	0
950.15	0	.6674137	0	.3325863	0
949.15	0	.6671616	0	.3328384	0
948.15	0	.66691	0	.33309	0
947.15	0	.666659	0	.333341	0
946.15	0	.6664085	0	.3335915	0
945.15	0	.6661585	0	.3338415	0
945.0688	0	.6661382	0	.3338618	0
945.0688	0	.6661382	0	.3338618	0
945.0688	0	.6661382	0	.3338618	0
944.15	0	.6654622	5.029885E-04	.3340348	0
943.15	0	.6647281	.001049461	.3342224	0
942.15	0	.6639957	.001594958	.3344093	0
941.15	0	.6632651	.002139487	.3345954	0
940.15	0	.6625362	.002683058	.3347808	0
939.15	0	.6618089	.003225681	.3349654	0
938.15	0	.6610834	.003767366	.3351492	0
937.15	0	.6603596	.004308122	.3353323	0
936.15	0	.6596374	.004847962	.3355147	0
935.15	0	.6589169	.005386894	.3356962	0
934.15	0	.6581981	.00592493	.335877	0
933.15	0	.6574809	.00646208	.336057	0
932.15	0	.6567654	.006998356	.3362363	0
931.15	0	.6560515	.00753377	.3364147	0
930.15	0	.6553392	.008068332	.3365924	0
929.15	0	.6546286	.008602054	.3367693	0
928.15	0	.6539196	.00913495	.3369454	0
927.15	0	.6532122	.00966703	.3371208	0
926.15	0	.6525064	.01019831	.3372953	0
925.15	0	.6518021	.01072879	.3374691	0
924.15	0	.6510995	.01125851	.337642	0
923.15	0	.6503984	.01178746	.3378142	0
922.15	0	.6496988	.01231565	.3379855	0
921.15	0	.6490008	.01284312	.3381561	0
920.15	0	.6483044	.01336985	.3383258	0
919.15	0	.6476094	.01389589	.3384947	0
918.15	0	.646916	.01442123	.3386628	0
917.15	0	.6462241	.01494589	.3388301	0
916.15	0	.6455336	.01546989	.3389965	0
915.15	0	.6448446	.01599324	.3391621	0
914.15	0	.6441571	.01651596	.3393269	0
913.15	0	.6434711	.01703807	.3394909	0
912.15	0	.6427865	.01755958	.339654	0
911.15	0	.6421033	.0180805	.3398162	0
910.15	0	.6414215	.01860087	.3399777	0
909.15	0	.6407411	.01912068	.3401382	0
908.15	0	.6400621	.01963996	.3402979	0
907.15	0	.6393845	.02015874	.3404568	0
906.15	0	.6387082	.02067702	.3406147	0
905.15	0	.6380333	.02119483	.3407718	0
904.15	0	.6373597	.02171219	.3409281	0
903.15	0	.6366875	.02222911	.3410834	0
902.15	0	.6360165	.02274562	.3412379	0
901.15	0	.6353468	.02326173	.3413915	0
900.15	0	.6346784	.02377747	.3415441	0
899.15	0	.6340112	.02429286	.3416959	0
898.15	0	.6333453	.02480792	.3418468	0
897.15	0	.6326806	.02532267	.3419968	0
896.15	0	.6320171	.02583714	.3421458	0
895.15	0	.6313547	.02635135	.3422939	0
894.15	0	.6306936	.02686532	.3424411	0
893.15	0	.6300336	.02737907	.3425874	0
892.15	0	.6293747	.02789264	.3427327	0
891.15	0	.6287169	.02840605	.3428771	0
890.15	0	.6280602	.02891931	.3430205	0
889.15	0	.6274046	.02943247	.343163	0
888.15	0	.62675	.02994554	.3433045	0
887.15	0	.6260965	.03045855	.343445	0
886.15	0	.6254439	.03097153	.3435846	0
885.15	0	.6247924	.03148452	.3437231	0
884.15	0	.6241418	.03199752	.3438607	0
883.15	0	.6234921	.03251059	.3439973	0
882.15	0	.6228434	.03302375	.3441329	0
881.15	0	.6221956	.03353702	.3442674	0
880.15	0	.6215486	.03405044	.344401	0
879.15	0	.6209025	.03456405	.3445335	0
878.15	0	.6202572	.03507788	.344665	0
877.15	0	.6196127	.03559195	.3447954	0
876.15	0	.6189689	.0361063	.3449248	0
875.15	0	.6183259	.03662098	.3450531	0
874.15	0	.6176836	.03713601	.3451804	0
873.15	0	.617042	.03765144	.3453065	0
872.15	0	.6164011	.03816729	.3454316	0
871.15	0	.6157608	.03868362	.3455556	0
870.15	0	.6151211	.03920045	.3456785	0
869.15	0	.6144819	.03971783	.3458003	0
868.15	0	.6138433	.0402358	.3459209	0
867.15	0	.6132052	.0407544	.3460404	0
866.15	0	.6125676	.04127368	.3461588	0
865.15	0	.6119304	.04179367	.346276	0
864.15	0	.6112936	.04231444	.346392	0
863.15	0	.6106571	.04283601	.3465069	0
862.15	0	.610021	.04335844	.3466206	0
861.15	0	.6093852	.04388178	.346733	0
860.15	0	.6087496	.04440608	.3468443	0
859.15	0	.6081143	.04493139	.3469543	0
858.15	0	.6074791	.04545775	.3470631	0
857.15	0	.6068441	.04598524	.3471707	0
856.15	0	.6062092	.04651389	.347277	0
855.15	0	.6055743	.04704378	.3473819	0
854.15	0	.6049394	.04757495	.3474857	0
853.15	0	.6043045	.04810746	.3475881	0
852.15	0	.6036695	.04864139	.3476892	0
851.15	0	.6030343	.04917678	.3477889	0
850.15	0	.602399	.04971371	.3478873	0
849.15	0	.6017634	.05025224	.3479843	0
848.15	0	.6011276	.05079244	.34808	0
847.15	0	.6004914	.05133439	.3481743	0
846.15	0	.5998548	.05187815	.3482671	0
845.15	0	.5992177	.0524238	.3483585	0
844.15	0	.5985802	.05297142	.3484484	0
843.15	0	.597942	.05352108	.3485369	0
842.15	0	.5973033	.05407287	.3486239	0
841.15	0	.5966638	.05462688	.3487093	0
840.15	0	.5960236	.05518319	.3487932	0
839.15	0	.5953825	.05574189	.3488756	0
838.15	0	.5947405	.05630308	.3489564	0
837.15	0	.5940976	.05686685	.3490356	0
836.15	0	.5934535	.0574333	.3491131	0
835.15	0	.5928084	.05800254	.3491891	0
834.15	0	.592162	.05857467	.3492633	0
833.15	0	.5915144	.05914981	.3493358	0
832.15	0	.5908653	.05972806	.3494066	0
831.15	0	.5902148	.06030956	.3494756	0
830.15	0	.5895627	.06089441	.3495429	0
829.15	0	.588909	.06148276	.3496083	0
828.15	0	.5882534	.06207473	.3496718	0
827.15	0	.587596	.06267047	.3497335	0
826.15	0	.5869366	.06327012	.3497933	0
825.15	0	.5862751	.06387383	.349851	0
824.15	0	.5856114	.06448176	.3499068	0
823.15	0	.5849454	.06509408	.3499606	0
822.15	0	.5842768	.06571095	.3500122	0
821.15	0	.5836057	.06633256	.3500618	0
820.15	0	.5829318	.0669591	.3501092	0
819.15	0	.5822549	.06759075	.3501543	0
818.15	0	.5815751	.06822774	.3501972	0
817.15	0	.580892	.06887027	.3502378	0
816.15	0	.5802055	.06951857	.350276	0
815.15	0	.5795154	.07017289	.3503117	0
814.15	0	.5788215	.07083348	.350345	0
813.15	0	.5781237	.0715006	.3503757	0
812.15	0	.5774217	.07217454	.3504038	0
811.15	0	.5767153	.07285558	.3504291	0
810.15	0	.5760042	.07354406	.3504518	0
809.15	0	.5752882	.07424029	.3504715	0
808.15	0	.5745671	.07494464	.3504883	0
807.15	0	.5738404	.07565747	.3505021	0
806.15	0	.5731081	.07637919	.3505127	0
805.15	0	.5723696	.07711024	.3505202	0
804.15	0	.5716247	.07785105	.3505242	0
803.15	0	.570873	.07860212	.3505249	0
802.15	0	.5701141	.07936398	.3505219	0
801.15	0	.5693476	.08013718	.3505152	0
800.15	0	.568573	.08092232	.3505047	0
799.15	0	.5677898	.08172007	.3504902	0
798.15	0	.5669975	.08253112	.3504714	0
797.15	0	.5661955	.08335624	.3504483	0
796.15	0	.5653831	.08419626	.3504206	0
795.15	0	.5645597	.08505208	.3503882	0
794.15	0	.5637246	.0859247	.3503507	0
793.15	0	.5628777	.08681449	.3503078	0
792.15	0	.5620164	.08772412	.3502595	0
791.15	0	.5611405	.08865413	.3502054	0
790.15	0	.560249	.08960598	.350145	0
789.15	0	.5593406	.0905813	.3500781	0
788.15	0	.558414	.0915819	.3500041	0
787.15	0	.5574675	.09260984	.3499227	0
786.15	0	.5564994	.09366742	.3498332	0
785.15	0	.5555077	.09475727	.349735	0
784.15	0	.5539647	.09653621	.3494991	0
783.15	0	.552255	.0985285	.3492165	0
782.15	0	.5506414	.1004072	.3489514	0
781.15	0	.549114	.102184	.348702	0
780.15	0	.5476643	.103869	.3484667	0
779.15	0	.5462849	.1054709	.3482442	0
778.15	0	.5449698	.106997	.3480332	0
777.15	0	.5437133	.108454	.3478327	0
776.15	0	.5425108	.1098475	.3476418	0
775.15	0	.5413579	.1111824	.3474597	0
774.15	0	.540251	.1124633	.3472858	0
773.15	0	.5391866	.113694	.3471193	0
772.15	0	.538162	.1148782	.3469598	0
771.15	0	.5371743	.116019	.3468067	0
770.15	0	.5362211	.1171193	.3466596	0
769.15	0	.5353004	.1181816	.346518	0
768.15	0	.53441	.1192084	.3463816	0
767.15	0	.5335483	.1202017	.3462501	0
766.15	0	.5327134	.1211635	.3461231	0
765.15	0	.531904	.1220956	.3460004	0
764.15	0	.5311187	.1229997	.3458817	0
763.15	0	.5303561	.1238772	.3457667	0
762.15	0	.5296152	.1247295	.3456553	0
761.15	0	.5288947	.125558	.3455473	0
760.15	0	.5281937	.1263639	.3454424	0
759.15	0	.5275113	.1271482	.3453405	0
758.15	0	.5268465	.127912	.3452415	0
757.15	0	.5261986	.1286562	.3451451	0
756.15	0	.5255669	.1293818	.3450513	0
755.15	0	.5249505	.1300896	.3449599	0
754.15	0	.5243488	.1307804	.3448708	0
753.15	0	.5237613	.1314548	.3447839	0
752.15	0	.5231872	.1321137	.3446991	0
751.15	0	.5226262	.1327576	.3446162	0
750.15	0	.5220776	.1333872	.3445352	0
749.15	0	.5215409	.134003	.3444561	0
748.15	0	.5210157	.1346056	.3443786	0
747.15	0	.5205016	.1351955	.3443028	0
746.15	0	.5199982	.1357732	.3442286	0
745.15	0	.519505	.1363391	.3441559	0
744.15	0	.5190217	.1368937	.3440846	0
743.15	0	.5185479	.1374374	.3440147	0
742.15	0	.5180834	.1379706	.3439461	0
741.15	0	.5176277	.1384936	.3438787	0
740.15	0	.5171806	.1390068	.3438126	0
739.15	0	.5167418	.1395106	.3437476	0
738.15	0	.516311	.1400052	.3436838	0
737.15	0	.515888	.1404911	.343621	0
736.15	0	.5154725	.1409683	.3435592	0
735.15	0	.5150642	.1414373	.3434984	0
734.15	0	.5146631	.1418984	.3434386	0
733.15	0	.5142687	.1423516	.3433797	0
732.15	0	.513881	.1427974	.3433216	0
731.15	0	.5134997	.1432359	.3432644	0
730.15	0	.5131246	.1436673	.3432081	0
729.15	0	.5127556	.144092	.3431525	0
728.15	0	.5123924	.1445099	.3430976	0
727.15	0	.512035	.1449215	.3430435	0
726.15	0	.5116831	.1453268	.3429901	0
725.15	0	.5113366	.1457261	.3429373	0
724.15	0	.5109954	.1461194	.3428852	0
723.15	0	.5106593	.146507	.3428337	0
722.15	0	.5103281	.1468891	.3427828	0
721.15	0	.5100018	.1472657	.3427325	0
720.15	0	.5096801	.1476371	.3426828	0
719.15	0	.5093631	.1480033	.3426336	0
718.15	0	.5090505	.1483646	.342585	0
717.15	0	.5087422	.148721	.3425368	0
716.15	0	.5084383	.1490726	.3424891	0
715.15	0	.5081384	.1494197	.3424419	0
714.15	0	.5078426	.1497623	.3423952	0
713.15	0	.5075507	.1501005	.3423489	0
712.15	0	.5072626	.1504344	.342303	0
711.15	0	.5069783	.1507642	.3422576	0
710.15	0	.5066976	.1510899	.3422125	0
709.15	0	.5064206	.1514116	.3421678	0
708.15	0	.506147	.1517295	.3421235	0
707.15	0	.5058768	.1520437	.3420796	0
706.15	0	.5056099	.1523541	.342036	0
705.15	0	.5053463	.152661	.3419927	0
704.15	0	.5050859	.1529643	.3419498	0
703.15	0	.5048286	.1532643	.3419072	0
702.15	0	.5045743	.1535608	.3418648	0
701.15	0	.504323	.1538541	.3418228	0
700.15	0	.5040747	.1541442	.3417811	0
699.15	0	.5038291	.1544312	.3417397	0
698.15	0	.5035864	.1547152	.3416985	0
697.15	0	.5033464	.1549961	.3416576	0
696.15	0	.503109	.1552741	.3416169	0
695.15	0	.5028743	.1555492	.3415765	0
694.15	0	.5026422	.1558216	.3415363	0
693.15	0	.5024125	.1560912	.3414963	0
692.15	0	.5021853	.1563581	.3414566	0
691.15	0	.5019606	.1566224	.341417	0
690.15	0	.5017381	.1568841	.3413777	0
689.15	0	.501518	.1571433	.3413386	0
688.15	0	.5013002	.1574001	.3412997	0
687.15	0	.5010846	.1576544	.341261	0
686.15	0	.5008712	.1579063	.3412224	0
685.15	0	.50066	.158156	.3411841	0
684.15	0	.5004508	.1584033	.3411459	0
683.15	0	.5002437	.1586484	.3411079	0
682.15	0	.5000386	.1588913	.34107	0
681.15	0	.4998356	.1591321	.3410323	0
680.15	0	.4996344	.1593708	.3409948	0
679.15	0	.4994352	.1596074	.3409574	0
678.15	0	.4992379	.159842	.3409201	0
677.15	0	.4990424	.1600746	.340883	0
676.15	0	.4988487	.1603053	.340846	0
675.15	0	.4986568	.160534	.3408092	0
674.15	0	.4984667	.1607608	.3407725	0
673.15	0	.4982783	.1609858	.3407359	0
672.15	0	.4980916	.161209	.3406994	0
671.15	0	.4979065	.1614304	.340663	0
670.15	0	.4977231	.1616501	.3406268	0
669.15	0	.4975413	.1618681	.3405906	0
668.15	0	.4973611	.1620843	.3405546	0
667.15	0	.4971824	.1622989	.3405187	0
666.15	0	.4970053	.1625119	.3404829	0
665.15	0	.4968296	.1627232	.3404471	0
664.15	0	.4966555	.162933	.3404115	0
663.15	0	.4964828	.1631413	.340376	0
662.15	0	.4963115	.163348	.3403405	0
661.15	0	.4961417	.1635532	.3403051	0
660.15	0	.4959732	.163757	.3402699	0
659.15	0	.4958061	.1639593	.3402347	0
658.15	0	.4956403	.1641602	.3401995	0
657.15	0	.4954759	.1643596	.3401645	0
656.15	0	.4953128	.1645577	.3401295	0
655.15	0	.4951509	.1647545	.3400946	0
654.15	0	.4949903	.1649499	.3400598	0
653.15	0	.494831	.165144	.340025	0
652.15	0	.4946729	.1653367	.3399904	0
651.15	0	.494516	.1655283	.3399557	0
650.15	0	.4943603	.1657185	.3399212	0
649.15	0	.4942058	.1659075	.3398867	0
648.15	0	.4940524	.1660954	.3398522	0
647.15	0	.4939002	.166282	.3398179	0
646.15	0	.4937491	.1664674	.3397835	0
645.15	0	.4935991	.1666516	.3397493	0
644.15	0	.4934502	.1668348	.339715	0
643.15	0	.4933024	.1670167	.3396809	0
642.15	0	.4931556	.1671976	.3396468	0
641.15	0	.4930099	.1673774	.3396127	0
640.15	0	.4928653	.1675561	.3395787	0
639.15	0	.4927216	.1677337	.3395447	0
638.15	0	.492579	.1679103	.3395108	0
637.15	0	.4924373	.1680858	.3394769	0
636.15	0	.4922967	.1682603	.3394431	0
635.15	0	.492157	.1684338	.3394093	0
634.15	0	.4920182	.1686063	.3393755	0
633.15	0	.4918804	.1687778	.3393418	0
632.15	0	.4917435	.1689483	.3393081	0
631.15	0	.4916076	.1691179	.3392745	0
630.15	0	.4914725	.1692866	.3392409	0
629.15	0	.4913384	.1694543	.3392073	0
628.15	0	.4912051	.1696211	.3391738	0
627.15	0	.4910727	.169787	.3391403	0
626.15	0	.4909412	.169952	.3391069	0
625.15	0	.4908105	.1701161	.3390734	0
624.15	0	.4906807	.1702793	.33904	0
623.15	0	.4905517	.1704417	.3390067	0
622.15	0	.4904235	.1706032	.3389733	0
621.15	0	.4902961	.1707638	.33894	0
620.15	0	.4901696	.1709237	.3389068	0
619.15	0	.4900438	.1710827	.3388735	0
618.15	0	.4899188	.1712409	.3388403	0
617.15	0	.4897946	.1713983	.3388071	0
616.15	0	.4896711	.1715549	.338774	0
615.15	0	.4895484	.1717107	.3387408	0
614.15	0	.4894265	.1718658	.3387077	0
613.15	0	.4893053	.1720201	.3386747	0
612.15	0	.4891848	.1721736	.3386416	0
611.15	0	.4890651	.1723264	.3386086	0
610.15	0	.488946	.1724784	.3385756	0
609.15	0	.4888277	.1726297	.3385426	0
608.15	0	.4887101	.1727803	.3385096	0
607.15	0	.4885931	.1729302	.3384767	0
606.15	0	.4884769	.1730793	.3384438	0
605.15	0	.4883613	.1732278	.3384109	0
604.15	0	.4882464	.1733755	.3383781	0
603.15	0	.4881322	.1735226	.3383452	0
602.15	0	.4880186	.173669	.3383124	0
601.15	0	.4879056	.1738147	.3382796	0
600.15	0	.4877934	.1739598	.3382469	0
599.15	0	.4876817	.1741042	.3382141	0
598.15	0	.4875707	.1742479	.3381814	0
597.15	0	.4874603	.174391	.3381487	0
596.15	0	.4873505	.1745335	.338116	0
595.15	0	.4872413	.1746753	.3380834	0
594.15	0	.4871328	.1748165	.3380507	0
593.15	0	.4870248	.1749571	.3380181	0
592.15	0	.4869174	.1750971	.3379855	0
591.15	0	.4868107	.1752364	.3379529	0
590.15	0	.4867045	.1753752	.3379204	0
589.15	0	.4865988	.1755133	.3378878	0
588.15	0	.4864938	.1756509	.3378553	0
587.15	0	.4863893	.1757879	.3378228	0
586.15	0	.4862854	.1759243	.3377904	0
585.15	0	.486182	.1760601	.3377579	0
584.15	0	.4860792	.1761953	.3377255	0
583.15	0	.4859769	.17633	.3376931	0
582.15	0	.4858752	.1764641	.3376607	0
581.15	0	.485774	.1765977	.3376283	0
580.15	0	.4856733	.1767307	.337596	0
579.15	0	.4855732	.1768632	.3375636	0
578.15	0	.4854736	.1769951	.3375313	0
577.15	0	.4853745	.1771265	.3374991	0
576.15	0	.4852759	.1772573	.3374668	0
575.15	0	.4851778	.1773876	.3374345	0
574.15	0	.4850802	.1775174	.3374023	0
573.15	0	.4849832	.1776467	.3373701	0
572.15	0	.4848866	.1777755	.3373379	0
571.15	0	.4847905	.1779037	.3373058	0
570.15	0	.4846949	.1780314	.3372737	0
569.15	0	.4845998	.1781586	.3372416	0
568.15	0	.4845052	.1782854	.3372095	0
567.15	0	.484411	.1784116	.3371774	0
566.15	0	.4843173	.1785373	.3371454	0
565.15	0	.4842241	.1786626	.3371133	0
564.15	0	.4841314	.1787873	.3370813	0
563.15	0	.4840391	.1789116	.3370494	0
562.15	0	.4839472	.1790354	.3370174	0
561.15	0	.4838559	.1791587	.3369855	0
560.15	0	.4837649	.1792815	.3369536	0
559.15	0	.4836745	.1794039	.3369217	0
558.15	0	.4835844	.1795258	.3368898	0
557.15	0	.4834948	.1796472	.336858	0
556.15	0	.4834057	.1797681	.3368262	0
555.15	0	.4833169	.1798887	.3367944	0
554.15	0	.4832287	.1800087	.3367627	0
553.15	0	.4831408	.1801283	.3367309	0
552.15	0	.4830533	.1802475	.3366992	0
551.15	0	.4829663	.1803662	.3366675	0
550.15	0	.4828797	.1804844	.3366359	0
549.15	0	.4827935	.1806022	.3366042	0
548.15	0	.4827078	.1807196	.3365726	0
547.15	0	.4826224	.1808365	.3365411	0
546.15	0	.4825375	.180953	.3365094	0
545.15	0	.482453	.1810691	.3364779	0
544.15	0	.4823688	.1811847	.3364464	0
543.15	0	.4822851	.1813	.3364149	0
542.15	0	.4822017	.1814148	.3363835	0
541.15	0	.4821188	.1815291	.3363521	0
540.15	0	.4820362	.1816431	.3363207	0
539.15	0	.481954	.1817566	.3362894	0
538.15	0	.4818723	.1818697	.3362581	0
537.15	0	.4817908	.1819824	.3362268	0
536.15	0	.4817098	.1820947	.3361955	0
535.15	0	.4816292	.1822066	.3361643	0
534.15	0	.4815489	.182318	.3361331	0
533.15	0	.481469	.1824291	.3361019	0
532.15	0	.4813895	.1825398	.3360708	0
531.15	0	.4813103	.18265	.3360397	0
530.15	0	.4812315	.1827599	.3360086	0
529.15	0	.4811531	.1828693	.3359776	0
528.15	0	.4810751	.1829784	.3359465	0
527.15	0	.4809974	.1830871	.3359156	0
526.15	0	.48092	.1831954	.3358846	0
525.15	0	.480843	.1833032	.3358537	0
524.15	0	.4807664	.1834107	.3358229	0
523.15	0	.4806901	.1835178	.335792	0
522.15	0	.4806142	.1836246	.3357612	0
521.15	0	.4805387	.1837309	.3357305	0
520.15	0	.4804634	.1838369	.3356997	0
519.15	0	.4803885	.1839424	.335669	0
518.15	0	.480314	.1840476	.3356384	0
517.15	0	.4802398	.1841524	.3356078	0
516.15	0	.4801659	.1842569	.3355772	0
515.15	0	.4800924	.1843609	.3355466	0
514.15	0	.4800192	.1844646	.3355161	0
513.15	0	.4799464	.1845679	.3354857	0
512.15	0	.4798739	.1846709	.3354553	0
511.15	0	.4798017	.1847735	.3354249	0
510.15	0	.4797298	.1848757	.3353945	0
509.15	0	.4796583	.1849775	.3353642	0
508.15	0	.4795871	.185079	.3353339	0
507.15	0	.4795162	.1851801	.3353037	0
506.15	0	.4794457	.1852808	.3352735	0
505.15	0	.4793754	.1853812	.3352434	0
504.15	0	.4793055	.1854812	.3352133	0
503.15	0	.4792359	.1855809	.3351832	0
502.15	0	.4791666	.1856802	.3351532	0
501.15	0	.4790977	.1857791	.3351233	0
500.15	0	.479029	.1858777	.3350933	0
499.15	0	.4789607	.1859759	.3350634	0
498.15	0	.4788926	.1860738	.3350336	0
497.15	0	.4788249	.1861713	.3350038	0
496.15	0	.4787575	.1862684	.3349741	0
495.15	0	.4786904	.1863653	.3349444	0
494.15	0	.4786236	.1864617	.3349147	0
493.15	0	.4785571	.1865578	.3348851	0
492.15	0	.4784909	.1866536	.3348556	0
491.15	0	.478425	.186749	.334826	0
490.15	0	.4783594	.1868441	.3347966	0
489.15	0	.4782941	.1869388	.3347672	0
488.15	0	.4782291	.1870331	.3347378	0
487.15	0	.4781644	.1871272	.3347085	0
486.15	0	.4781	.1872209	.3346792	0
485.15	0	.4780358	.1873142	.33465	0
484.15	0	.477972	.1874072	.3346208	0
483.15	0	.4779085	.1874998	.3345917	0
482.15	0	.4778452	.1875922	.3345626	0
481.15	0	.4777823	.1876841	.3345336	0
480.15	0	.4777196	.1877758	.3345047	0
479.15	0	.4776572	.1878671	.3344758	0
478.15	0	.4775951	.187958	.3344469	0
477.15	0	.4775333	.1880486	.3344181	0
476.15	0	.4774717	.1881389	.3343894	0
475.15	0	.4774105	.1882289	.3343607	0
474.15	0	.4773495	.1883185	.334332	0
473.15	0	.4772888	.1884077	.3343035	0
472.15	0	.4772284	.1884967	.3342749	0
471.15	0	.4771682	.1885853	.3342465	0
470.15	0	.4771084	.1886736	.3342181	0
469.15	0	.4770488	.1887615	.3341897	0
468.15	0	.4769895	.1888491	.3341614	0
467.15	0	.4769304	.1889364	.3341332	0
466.15	0	.4768717	.1890234	.334105	0
465.15	0	.4768132	.18911	.3340769	0
464.15	0	.4767549	.1891963	.3340488	0
463.15	0	.476697	.1892822	.3340208	0
462.15	0	.4766393	.1893679	.3339929	0
461.15	0	.4765819	.1894532	.333965	0
460.15	0	.4765247	.1895381	.3339371	0
459.15	0	.4764678	.1896228	.3339094	0
458.15	0	.4764112	.1897071	.3338817	0
457.15	0	.4763548	.1897911	.333854	0
456.15	0	.4762987	.1898748	.3338265	0
455.15	0	.4762429	.1899582	.333799	0
454.15	0	.4761873	.1900412	.3337715	0
453.15	0	.476132	.1901239	.3337441	0
452.15	0	.4760769	.1902063	.3337168	0
451.15	0	.4760221	.1902883	.3336896	0
450.15	0	.4759676	.1903701	.3336624	0
449.15	0	.4759133	.1904514	.3336352	0
448.15	0	.4758594	.1905324	.3336082	0
447.15	0	.4758056	.1906131	.3335812	0
446.15	0	.4757522	.1906935	.3335543	0
445.15	0	.475699	.1907735	.3335275	0
444.15	0	.475646	.1908532	.3335008	0
443.15	0	.4755934	.1909325	.3334741	0
442.15	0	.475541	.1910115	.3334475	0
441.15	0	.4754889	.1910902	.333421	0
440.15	0	.475437	.1911684	.3333946	0
439.15	0	.4753854	.1912464	.3333682	0
438.15	0	.4753341	.1913239	.3333419	0
437.15	0	.4752831	.1914011	.3333158	0
436.15	0	.4752324	.1914779	.3332897	0
435.15	0	.4751819	.1915544	.3332637	0
434.15	0	.4751318	.1916304	.3332378	0
433.15	0	.4750819	.1917061	.333212	0
432.15	0	.4750323	.1917815	.3331863	0
431.15	0	.474983	.1918564	.3331606	0
430.15	0	.4749339	.191931	.3331351	0
429.15	0	.4748852	.1920052	.3331097	0
428.15	0	.4748367	.192079	.3330843	0
427.15	0	.4747885	.1921524	.3330591	0
426.15	0	.4747406	.1922254	.333034	0
425.15	0	.474693	.1922981	.3330089	0
424.15	0	.4746457	.1923703	.332984	0
423.15	0	.4745987	.1924422	.3329591	0
422.15	0	.4745519	.1925137	.3329344	0
421.15	0	.4745054	.1925848	.3329098	0
420.15	0	.4744592	.1926555	.3328853	0
419.15	0	.4744134	.1927258	.3328608	0
418.15	0	.4743677	.1927957	.3328365	0
417.15	0	.4743224	.1928653	.3328123	0
416.15	0	.4742774	.1929344	.3327882	0
415.15	0	.4742326	.1930032	.3327642	0
414.15	0	.4741881	.1930716	.3327403	0
413.15	0	.4741439	.1931396	.3327165	0
412.15	0	.4741	.1932072	.3326929	0
411.15	0	.4740564	.1932744	.3326693	0
410.15	0	.474013	.1933412	.3326458	0
409.15	0	.4739699	.1934076	.3326225	0
408.15	0	.4739271	.1934737	.3325992	0
407.15	0	.4738846	.1935393	.3325761	0
406.15	0	.4738423	.1936046	.3325531	0
405.15	0	.4738003	.1936695	.3325302	0
404.15	0	.4737586	.1937341	.3325074	0
403.15	0	.4737171	.1937982	.3324847	0
402.15	0	.473676	.193862	.3324621	0
401.15	0	.473635	.1939253	.3324396	0
400.15	0	.4735944	.1939884	.3324172	0
399.15	0	.473554	.194051	.332395	0
398.15	0	.4735139	.1941133	.3323728	0
397.15	0	.4734741	.1941752	.3323508	0
396.15	0	.4734345	.1942367	.3323289	0
395.15	0	.4733951	.1942979	.332307	0
394.15	0	.473356	.1943586	.3322853	0
393.15	0	.4733172	.1944191	.3322637	0
392.15	0	.4732786	.1944791	.3322422	0
391.15	0	.4732403	.1945388	.3322208	0
390.15	0	.4732023	.1945982	.3321996	0
389.15	0	.4731644	.1946572	.3321784	0
388.15	0	.4731269	.1947158	.3321573	0
387.15	0	.4730896	.1947741	.3321364	0
386.15	0	.4730525	.194832	.3321155	0
385.15	0	.4730156	.1948896	.3320948	0
384.15	0	.472979	.1949468	.3320742	0
383.15	0	.4729427	.1950037	.3320536	0
382.15	0	.4729065	.1950603	.3320332	0
381.15	0	.4728706	.1951165	.3320129	0
380.15	0	.472835	.1951723	.3319927	0
379.15	0	.4727996	.1952279	.3319726	0
378.15	0	.4727643	.1952831	.3319526	0
377.15	0	.4727294	.195338	.3319327	0
376.15	0	.4726946	.1953925	.3319129	0
375.15	0	.4726601	.1954467	.3318932	0
374.15	0	.4726258	.1955006	.3318736	0
373.15	0	.4725917	.1955542	.3318541	0
372.15	0	.4725578	.1956074	.3318348	0
371.15	0	.4725242	.1956604	.3318155	0
370.15	0	.4724907	.195713	.3317963	0
369.15	0	.4724575	.1957653	.3317772	0
368.15	0	.4724245	.1958173	.3317583	0
367.15	0	.4723916	.195869	.3317394	0
366.15	0	.472359	.1959204	.3317206	0
365.15	0	.4723266	.1959715	.3317019	0
364.15	0	.4722944	.1960223	.3316834	0
363.15	0	.4722624	.1960727	.3316649	0
362.15	0	.4722306	.1961229	.3316465	0
361.15	0	.472199	.1961728	.3316282	0
360.15	0	.4721675	.1962225	.33161	0
359.15	0	.4721363	.1962718	.3315919	0
358.15	0	.4721053	.1963208	.3315739	0
357.15	0	.4720744	.1963696	.331556	0
356.15	0	.4720437	.1964181	.3315382	0
355.15	0	.4720132	.1964663	.3315205	0
354.15	0	.4719829	.1965142	.3315029	0
353.15	0	.4719528	.1965618	.3314854	0
352.15	0	.4719228	.1966092	.331468	0
351.15	0	.471893	.1966563	.3314506	0
350.15	0	.4718634	.1967032	.3314334	0
