T	 BPW(LIQUID)	BPW(BCC_A2)	BPW(FCC_A1)	BPW(LAVES_PHASE_C14)	BPW(NI3TI)
1473.15	.2454154	.7545846	0	0	0
1472.15	.2422229	.7577771	0	0	0
1471.15	.239055	.760945	0	0	0
1470.15	.2359116	.7640885	0	0	0
1469.15	.2327922	.7672078	0	0	0
1468.15	.2296969	.7703031	0	0	0
1467.15	.2266254	.7733746	0	0	0
1466.15	.2235774	.7764226	0	0	0
1465.15	.2205528	.7794472	0	0	0
1464.15	.2175515	.7824485	0	0	0
1463.15	.2145731	.7854269	0	0	0
1462.15	.2116176	.7883824	0	0	0
1461.15	.2086846	.7913154	0	0	0
1460.15	.2057741	.7942259	0	0	0
1459.15	.2028859	.7971141	0	0	0
1458.15	.2000197	.7999803	0	0	0
1457.15	.1971754	.8028246	0	0	0
1456.15	.1943528	.8056472	0	0	0
1455.15	.1915517	.8084483	0	0	0
1454.15	.1887719	.8112281	0	0	0
1453.15	.1860133	.8139867	0	0	0
1452.15	.1832756	.8167244	0	0	0
1451.15	.1805588	.8194412	0	0	0
1450.15	.1778625	.8221375	0	0	0
1449.15	.1751868	.8248133	0	0	0
1448.15	.1725312	.8274688	0	0	0
1447.15	.1698958	.8301042	0	0	0
1446.15	.1672804	.8327197	0	0	0
1445.15	.1646846	.8353154	0	0	0
1444.15	.1621085	.8378915	0	0	0
1443.15	.1595518	.8404481	0	0	0
1442.15	.1570144	.8429856	0	0	0
1441.15	.1544961	.8455039	0	0	0
1440.15	.1519967	.8480033	0	0	0
1439.15	.1495161	.8504839	0	0	0
1438.15	.1470542	.8529458	0	0	0
1437.15	.1446107	.8553894	0	0	0
1436.15	.1421854	.8578146	0	0	0
1435.15	.1397784	.8602216	0	0	0
1434.15	.1373893	.8626107	0	0	0
1433.15	.1350181	.8649819	0	0	0
1432.15	.1326645	.8673355	0	0	0
1431.15	.1303285	.8696715	0	0	0
1430.15	.1280099	.8719901	0	0	0
1429.15	.1257085	.8742915	0	0	0
1428.15	.1234242	.8765758	0	0	0
1427.15	.1211568	.8788432	0	0	0
1426.15	.1189063	.8810937	0	0	0
1425.15	.1166724	.8833276	0	0	0
1424.15	.114455	.885545	0	0	0
1423.15	.112254	.887746	0	0	0
1422.15	.1100692	.8899308	0	0	0
1421.15	.1079006	.8920994	0	0	0
1420.15	.1057479	.8942522	0	0	0
1419.15	.103611	.8963891	0	0	0
1418.15	.1014897	.8985103	0	0	0
1417.15	.09938408	.9006159	0	0	0
1416.15	.09729384	.9027062	0	0	0
1415.15	.09521889	.9047811	0	0	0
1414.15	.09315909	.9068409	0	0	0
1413.15	.09111433	.9088857	0	0	0
1412.15	.08908447	.9109155	0	0	0
1411.15	.08706938	.9129306	0	0	0
1410.15	.08506893	.9149311	0	0	0
1409.15	.08308302	.916917	0	0	0
1408.15	.0811115	.9188885	0	0	0
1407.15	.07915426	.9208457	0	0	0
1406.15	.07721118	.9227888	0	0	0
1405.15	.07528213	.9247179	0	0	0
1404.15	.073367	.926633	0	0	0
1403.15	.07146567	.9285343	0	0	0
1402.15	.06957802	.930422	0	0	0
1401.15	.06770395	.9322961	0	0	0
1400.15	.06584332	.9341567	0	0	0
1399.15	.06399603	.936004	0	0	0
1398.538	.06287242	.9371276	0	0	0
1398.538	.06287242	.9371276	0	0	0
1398.538	.06287242	.9371276	0	0	0
1398.15	.06184819	.9376965	0	4.553124E-04	0
1397.15	.05923018	.9391474	0	.001622408	0
1396.15	.05664097	.9405777	0	.002781359	0
1395.15	.05408003	.9419877	0	.003932309	0
1394.15	.05154689	.9433777	0	.005075397	0
1393.15	.04904107	.9447482	0	.006210759	0
1392.15	.04656208	.9460994	0	.007338529	0
1391.15	.04410948	.9474317	0	.008458836	0
1390.15	.0416828	.9487454	0	.009571809	0
1389.15	.03928162	.9500408	0	.01067757	0
1388.15	.03690549	.9513183	0	.01177625	0
1387.15	.03455399	.9525781	0	.01286795	0
1386.15	.03222672	.9538205	0	.0139528	0
1385.15	.02992327	.9550458	0	.01503091	0
1384.15	.02764325	.9562544	0	.01610239	0
1383.15	.02538625	.9574464	0	.01716735	0
1382.15	.02315192	.9586222	0	.0182259	0
1381.15	.02093987	.959782	0	.01927814	0
1380.15	.01874974	.9609261	0	.02032417	0
1379.15	.01658118	.9620547	0	.02136409	0
1378.15	.01443383	.9631682	0	.022398	0
1377.15	.01230737	.9642666	0	.023426	0
1376.15	.01020144	.9653504	0	.02444817	0
1375.15	.00811573	.9664197	0	.02546461	0
1374.15	.006049913	.9674747	0	.02647541	0
1373.15	.004003675	.9685157	0	.02748066	0
1372.15	.001976708	.9695429	0	.02848044	0
1371.166	0	.9705407	0	.02945931	0
1371.166	0	.9705407	0	.02945931	0
1371.15	0	.9705292	0	.02947077	0
1370.15	0	.9697977	0	.03020226	0
1369.15	0	.9690679	0	.03093211	0
1368.15	0	.9683397	0	.03166033	0
1367.15	0	.9676131	0	.03238691	0
1366.15	0	.9668881	0	.03311187	0
1365.15	0	.9661648	0	.03383521	0
1364.15	0	.9654431	0	.03455694	0
1363.15	0	.964723	0	.03527705	0
1362.15	0	.9640044	0	.03599557	0
1361.15	0	.9632875	0	.03671248	0
1360.15	0	.9625722	0	.0374278	0
1359.15	0	.9618585	0	.03814154	0
1358.15	0	.9611463	0	.03885369	0
1357.15	0	.9604357	0	.03956426	0
1356.15	0	.9597267	0	.04027326	0
1355.15	0	.9590193	0	.0409807	0
1354.15	0	.9583134	0	.04168657	0
1353.15	0	.9576091	0	.04239088	0
1352.15	0	.9569064	0	.04309364	0
1351.15	0	.9562051	0	.04379486	0
1350.15	0	.9555055	0	.04449453	0
1349.15	0	.9548073	0	.04519267	0
1348.15	0	.9541107	0	.04588928	0
1347.15	0	.9534157	0	.04658435	0
1346.15	0	.9527221	0	.04727791	0
1345.15	0	.9520301	0	.04796994	0
1344.15	0	.9513395	0	.04866047	0
1343.15	0	.9506505	0	.04934949	0
1342.15	0	.949963	0	.050037	0
1341.15	0	.949277	0	.05072302	0
1340.15	0	.9485925	0	.05140754	0
1339.15	0	.9479094	0	.05209058	0
1338.15	0	.9472279	0	.05277213	0
1337.15	0	.9465478	0	.0534522	0
1336.15	0	.9458692	0	.0541308	0
1335.15	0	.9451921	0	.05480792	0
1334.15	0	.9445164	0	.05548359	0
1333.15	0	.9438422	0	.05615779	0
1332.15	0	.9431695	0	.05683054	0
1331.15	0	.9424982	0	.05750183	0
1330.15	0	.9418283	0	.05817168	0
1329.15	0	.9411599	0	.05884009	0
1328.15	0	.9404929	0	.05950706	0
1327.15	0	.9398274	0	.06017259	0
1326.15	0	.9391633	0	.0608367	0
1325.15	0	.9385006	0	.06149939	0
1324.15	0	.9378393	0	.06216065	0
1323.15	0	.9371795	0	.0628205	0
1322.15	0	.9365211	0	.06347894	0
1321.15	0	.935864	0	.06413597	0
1320.15	0	.9352084	0	.0647916	0
1319.15	0	.9345542	0	.06544583	0
1318.15	0	.9339013	0	.06609867	0
1317.15	0	.9332499	0	.06675012	0
1316.15	0	.9325998	0	.06740018	0
1315.15	0	.9319511	0	.06804887	0
1314.15	0	.9313038	0	.06869618	0
1313.15	0	.9306579	0	.06934211	0
1312.15	0	.9300133	0	.06998668	0
1311.15	0	.9293701	0	.07062989	0
1310.15	0	.9287283	0	.07127173	0
1309.15	0	.9280878	0	.07191222	0
1308.15	0	.9274486	0	.07255136	0
1307.15	0	.9268109	0	.07318915	0
1306.15	0	.9261744	0	.0738256	0
1305.15	0	.9255393	0	.07446071	0
1304.15	0	.9249055	0	.07509449	0
1303.15	0	.9242731	0	.07572693	0
1302.15	0	.923642	0	.07635805	0
1301.15	0	.9230121	0	.07698785	0
1300.15	0	.9223837	0	.07761632	0
1299.15	0	.9217565	0	.07824349	0
1298.15	0	.9211307	0	.07886934	0
1297.15	0	.9205061	0	.07949388	0
1296.15	0	.9198829	0	.08011712	0
1295.15	0	.9192609	0	.08073907	0
1294.15	0	.9186403	0	.08135972	0
1293.15	0	.9180209	0	.08197907	0
1292.15	0	.9174029	0	.08259714	0
1291.15	0	.9167861	0	.08321393	0
1290.15	0	.9161706	0	.08382944	0
1289.15	0	.9155563	0	.08444367	0
1288.15	0	.9149434	0	.08505663	0
1287.15	0	.9143317	0	.08566832	0
1286.15	0	.9137213	0	.08627874	0
1285.15	0	.9131121	0	.08688791	0
1284.15	0	.9125042	0	.08749582	0
1283.15	0	.9118975	0	.08810247	0
1282.15	0	.9112921	0	.08870788	0
1281.15	0	.910688	0	.08931204	0
1280.15	0	.9100851	0	.08991495	0
1279.15	0	.9094834	0	.09051663	0
1278.15	0	.9088829	0	.09111707	0
1277.15	0	.9082837	0	.09171629	0
1276.15	0	.9076857	0	.09231427	0
1275.15	0	.907089	0	.09291103	0
1274.15	0	.9064934	0	.09350657	0
1273.15	0	.9058991	0	.09410089	0
1272.15	0	.905306	0	.094694	0
1271.15	0	.9047141	0	.0952859	0
1270.15	0	.9041234	0	.09587659	0
1269.15	0	.9035339	0	.09646608	0
1268.15	0	.9029456	0	.09705437	0
1267.15	0	.9023585	0	.09764146	0
1266.15	0	.9017726	0	.09822736	0
1265.15	0	.9011879	0	.09881207	0
1264.15	0	.9006044	0	.09939559	0
1263.15	0	.9000221	0	.09997794	0
1262.15	0	.8994409	0	.1005591	0
1261.15	0	.8988609	0	.1011391	0
1260.15	0	.8982821	0	.1017179	0
1259.15	0	.8977044	0	.1022955	0
1258.15	0	.897128	0	.102872	0
1257.15	0	.8965527	0	.1034473	0
1256.15	0	.8959785	0	.1040215	0
1255.15	0	.8954055	0	.1045945	0
1254.15	0	.8948336	0	.1051664	0
1253.15	0	.8942629	0	.1057371	0
1252.15	0	.8936934	0	.1063066	0
1251.15	0	.893125	0	.106875	0
1250.15	0	.8925577	0	.1074423	0
1249.15	0	.8919916	0	.1080084	0
1248.15	0	.8914266	0	.1085734	0
1247.15	0	.8908627	0	.1091373	0
1246.15	0	.8903	0	.1097001	0
1245.15	0	.8897383	0	.1102617	0
1244.15	0	.8891778	0	.1108222	0
1243.15	0	.8886184	0	.1113816	0
1242.15	0	.8880602	0	.1119398	0
1241.15	0	.887503	0	.112497	0
1240.15	0	.886947	0	.113053	0
1239.15	0	.886392	0	.113608	0
1238.15	0	.8858382	0	.1141618	0
1237.15	0	.8852854	0	.1147146	0
1236.15	0	.8847338	0	.1152662	0
1235.15	0	.8841832	0	.1158168	0
1234.15	0	.8836338	0	.1163662	0
1233.15	0	.8830854	0	.1169146	0
1232.15	0	.8825381	0	.1174619	0
1231.15	0	.8819919	0	.1180081	0
1230.15	0	.8814468	0	.1185532	0
1229.15	0	.8809027	0	.1190973	0
1228.15	0	.8803597	0	.1196403	0
1227.15	0	.8798178	0	.1201822	0
1226.15	0	.879277	0	.120723	0
1225.15	0	.8787372	0	.1212628	0
1224.15	0	.8781985	0	.1218015	0
1223.15	0	.8776608	0	.1223392	0
1222.15	0	.8771242	0	.1228758	0
1221.15	0	.8765886	0	.1234114	0
1220.15	0	.8760541	0	.1239459	0
1219.15	0	.8755207	0	.1244793	0
1218.15	0	.8749883	0	.1250117	0
1217.15	0	.8744569	0	.1255431	0
1216.15	0	.8739266	0	.1260735	0
1215.15	0	.8733972	0	.1266028	0
1214.15	0	.872869	0	.127131	0
1213.15	0	.8723417	0	.1276583	0
1212.15	0	.8718155	0	.1281845	0
1211.15	0	.8712903	0	.1287097	0
1210.15	0	.8707662	0	.1292338	0
1209.15	0	.870243	0	.129757	0
1208.15	0	.8697209	0	.1302791	0
1207.15	0	.8691998	0	.1308002	0
1206.15	0	.8686797	0	.1313203	0
1205.15	0	.8681606	0	.1318394	0
1204.15	0	.8676425	0	.1323575	0
1203.15	0	.8671254	0	.1328746	0
1202.15	0	.8666094	0	.1333906	0
1201.15	0	.8660943	0	.1339057	0
1200.15	0	.8655802	0	.1344198	0
1199.15	0	.8650671	0	.1349329	0
1198.15	0	.864555	0	.135445	0
1197.15	0	.8640439	0	.1359561	0
1196.15	0	.8635338	0	.1364663	0
1195.15	0	.8630246	0	.1369754	0
1194.15	0	.8625164	0	.1374836	0
1193.15	0	.8620093	0	.1379908	0
1192.15	0	.861503	0	.138497	0
1191.15	0	.8609978	0	.1390022	0
1190.15	0	.8604935	0	.1395065	0
1189.15	0	.8599902	0	.1400098	0
1188.15	0	.8594879	0	.1405121	0
1187.15	0	.8589865	0	.1410135	0
1186.15	0	.8584861	0	.1415139	0
1185.15	0	.8579867	0	.1420133	0
1184.15	0	.8574882	0	.1425118	0
1183.15	0	.8569906	0	.1430094	0
1182.15	0	.856494	0	.143506	0
1181.15	0	.8559984	0	.1440016	0
1180.15	0	.8555037	0	.1444963	0
1179.15	0	.8550099	0	.1449901	0
1178.15	0	.8545171	0	.1454829	0
1177.15	0	.8540253	0	.1459747	0
1176.15	0	.8535343	0	.1464657	0
1175.15	0	.8530443	0	.1469557	0
1174.15	0	.8525553	0	.1474447	0
1173.15	0	.8520671	0	.1479329	0
1172.15	0	.8515799	0	.1484201	0
1171.15	0	.8510936	0	.1489064	0
1170.15	0	.8506083	0	.1493917	0
1169.15	0	.8501238	0	.1498762	0
1168.15	0	.8496403	0	.1503597	0
1167.15	0	.8491577	0	.1508423	0
1166.15	0	.848676	0	.151324	0
1165.15	0	.8481953	0	.1518047	0
1164.15	0	.8477154	0	.1522846	0
1163.15	0	.8472364	0	.1527636	0
1162.15	0	.8467584	0	.1532416	0
1161.15	0	.8462812	0	.1537188	0
1160.15	0	.845805	0	.154195	0
1159.15	0	.8453297	0	.1546704	0
1158.15	0	.8448552	0	.1551448	0
1157.15	0	.8443816	0	.1556184	0
1156.15	0	.843909	0	.156091	0
1155.15	0	.8434372	0	.1565628	0
1154.15	0	.8429663	0	.1570337	0
1153.15	0	.8424963	0	.1575037	0
1152.15	0	.8420272	0	.1579728	0
1151.15	0	.841559	0	.158441	0
1150.15	0	.8410916	0	.1589084	0
1149.15	0	.8406252	0	.1593749	0
1148.15	0	.8401595	0	.1598405	0
1147.15	0	.8396948	0	.1603052	0
1146.15	0	.839231	0	.160769	0
1145.15	0	.838768	0	.161232	0
1144.15	0	.8383059	0	.1616941	0
1143.15	0	.8378446	0	.1621554	0
1142.15	0	.8373843	0	.1626157	0
1141.15	0	.8369247	0	.1630753	0
1140.15	0	.8364661	0	.1635339	0
1139.15	0	.8360083	0	.1639917	0
1138.15	0	.8355513	0	.1644487	0
1137.15	0	.8350952	0	.1649048	0
1136.15	0	.83464	0	.16536	0
1135.15	0	.8341856	0	.1658144	0
1134.15	0	.8337321	0	.1662679	0
1133.15	0	.8332794	0	.1667206	0
1132.15	0	.8328275	0	.1671725	0
1131.15	0	.8323765	0	.1676235	0
1130.15	0	.8319263	0	.1680737	0
1129.15	0	.831477	0	.168523	0
1128.15	0	.8310285	0	.1689715	0
1127.15	0	.8305808	0	.1694192	0
1126.15	0	.830134	0	.169866	0
1125.15	0	.829688	0	.170312	0
1124.15	0	.8292428	0	.1707572	0
1123.15	0	.8287985	0	.1712015	0
1122.15	0	.828355	0	.171645	0
1121.15	0	.8279123	0	.1720877	0
1120.15	0	.8274704	0	.1725296	0
1119.15	0	.8270294	0	.1729706	0
1118.15	0	.8265892	0	.1734109	0
1117.15	0	.8261497	0	.1738503	0
1116.15	0	.8257111	0	.1742889	0
1115.15	0	.8252733	0	.1747267	0
1114.15	0	.8248364	0	.1751636	0
1113.15	0	.8244002	0	.1755998	0
1112.15	0	.8239648	0	.1760352	0
1111.15	0	.8235303	0	.1764697	0
1110.15	0	.8230965	0	.1769035	0
1109.15	0	.8226636	0	.1773364	0
1108.15	0	.8222314	0	.1777686	0
1107.15	0	.8218001	0	.1781999	0
1106.15	0	.8213695	0	.1786305	0
1105.15	0	.8209398	0	.1790602	0
1104.15	0	.8205108	0	.1794892	0
1103.15	0	.8200827	0	.1799174	0
1102.15	0	.8196553	0	.1803447	0
1101.15	0	.8192287	0	.1807713	0
1100.15	0	.8188029	0	.1811971	0
1099.15	0	.8183779	0	.1816222	0
1098.15	0	.8179536	0	.1820464	0
1097.15	0	.8175302	0	.1824698	0
1096.15	0	.8171075	0	.1828925	0
1095.15	0	.8166856	0	.1833144	0
1094.15	0	.8162645	0	.1837355	0
1093.15	0	.8158441	0	.1841559	0
1092.15	0	.8154246	0	.1845754	0
1091.15	0	.8150058	0	.1849942	0
1090.15	0	.8145877	0	.1854123	0
1089.15	0	.8141705	0	.1858295	0
1088.15	0	.813754	0	.186246	0
1087.15	0	.8133383	0	.1866617	0
1086.15	0	.8129233	0	.1870767	0
1085.15	0	.8125091	0	.1874909	0
1084.15	0	.8120957	0	.1879043	0
1083.15	0	.811683	0	.188317	0
1082.15	0	.8112711	0	.1887289	0
1081.15	0	.81086	0	.1891401	0
1080.15	0	.8104496	0	.1895505	0
1079.15	0	.8100399	0	.1899601	0
1078.15	0	.809631	0	.190369	0
1077.15	0	.8092229	0	.1907771	0
1076.15	0	.8088155	0	.1911845	0
1075.15	0	.8084088	0	.1915912	0
1074.15	0	.8080029	0	.1919971	0
1073.15	0	.8075978	0	.1924022	0
1072.15	0	.8071934	0	.1928066	0
1071.15	0	.8067897	0	.1932103	0
1070.15	0	.8063868	0	.1936133	0
1069.15	0	.8059846	0	.1940154	0
1068.15	0	.8055831	0	.1944169	0
1067.15	0	.8051824	0	.1948176	0
1066.15	0	.8047824	0	.1952176	0
1065.15	0	.8043832	0	.1956168	0
1064.15	0	.8039846	0	.1960154	0
1063.15	0	.8035869	0	.1964131	0
1062.15	0	.8031898	0	.1968102	0
1061.15	0	.8027935	0	.1972065	0
1060.15	0	.8023979	0	.1976021	0
1059.15	0	.802003	0	.197997	0
1058.15	0	.8016088	0	.1983912	0
1057.15	0	.8012154	0	.1987846	0
1056.15	0	.8008227	0	.1991773	0
1055.15	0	.8004307	0	.1995693	0
1054.15	0	.8000395	0	.1999606	0
1053.15	0	.7996489	0	.2003511	0
1052.15	0	.7992591	0	.2007409	0
1051.15	0	.7988699	0	.2011301	0
1050.15	0	.7984815	0	.2015185	0
1049.15	0	.7980938	0	.2019062	0
1048.15	0	.7977068	0	.2022932	0
1047.15	0	.7973206	0	.2026794	0
1046.15	0	.796935	0	.203065	0
1045.15	0	.7965501	0	.2034499	0
1044.15	0	.796166	0	.203834	0
1043.15	0	.7957825	0	.2042175	0
1042.15	0	.7953998	0	.2046002	0
1041.15	0	.7950177	0	.2049823	0
1040.15	0	.7946364	0	.2053636	0
1039.15	0	.7942557	0	.2057443	0
1038.15	0	.7938758	0	.2061242	0
1037.15	0	.7934965	0	.2065035	0
1036.15	0	.793118	0	.206882	0
1035.15	0	.7927401	0	.2072599	0
1034.15	0	.792363	0	.207637	0
1033.15	0	.7919865	0	.2080135	0
1032.15	0	.7916107	0	.2083893	0
1031.15	0	.7912356	0	.2087644	0
1030.15	0	.7908612	0	.2091388	0
1029.15	0	.7904875	0	.2095125	0
1028.15	0	.7901145	0	.2098855	0
1027.15	0	.7897421	0	.2102579	0
1026.15	0	.7893705	0	.2106295	0
1025.15	0	.7889995	0	.2110005	0
1024.15	0	.7886292	0	.2113708	0
1023.15	0	.7882596	0	.2117405	0
1022.15	0	.7878906	0	.2121094	0
1021.15	0	.7875224	0	.2124776	0
1020.15	0	.7871548	0	.2128452	0
1019.15	0	.7867879	0	.2132121	0
1018.15	0	.7864216	0	.2135784	0
1017.15	0	.7860561	0	.2139439	0
1016.15	0	.7856912	0	.2143088	0
1015.15	0	.785327	0	.214673	0
1014.15	0	.7849635	0	.2150365	0
1013.15	0	.7846006	0	.2153994	0
1012.15	0	.7842384	0	.2157616	0
1011.15	0	.7838769	0	.2161232	0
1010.15	0	.783516	0	.216484	0
1009.15	0	.7831558	0	.2168442	0
1008.15	0	.7827963	0	.2172038	0
1007.15	0	.7824374	0	.2175626	0
1006.15	0	.7820792	0	.2179208	0
1005.15	0	.7817216	0	.2182784	0
1004.15	0	.7813647	0	.2186353	0
1003.15	0	.7810085	0	.2189915	0
1002.15	0	.7806529	0	.2193471	0
1001.15	0	.780298	0	.219702	0
1000.15	0	.7799438	0	.2200562	0
999.15	0	.7795902	0	.2204098	0
998.15	0	.7792372	0	.2207628	0
997.15	0	.7788849	0	.2211151	0
996.15	0	.7785333	0	.2214667	0
995.15	0	.7781823	0	.2218177	0
994.15	0	.777832	0	.2221681	0
993.15	0	.7774823	0	.2225177	0
992.15	0	.7771332	0	.2228668	0
991.15	0	.7767848	0	.2232152	0
990.15	0	.7764371	0	.2235629	0
989.15	0	.77609	0	.22391	0
988.15	0	.7757436	0	.2242564	0
987.15	0	.7753977	0	.2246023	0
986.3616	0	.7751256	0	.2248744	0
986.3616	0	.7751256	0	.2248744	0
986.3616	0	.7751256	0	.2248744	0
986.15	0	.7749486	1.170501E-04	.2249344	0
985.15	0	.7741132	6.695863E-04	.2252172	0
984.15	0	.7732797	.001221004	.2254993	0
983.15	0	.7724482	.001771309	.2257805	0
982.15	0	.7716186	.002320508	.2260609	0
981.15	0	.7707908	.002868608	.2263406	0
980.15	0	.769965	.003415614	.2266194	0
979.15	0	.7691411	.003961534	.2268974	0
978.15	0	.768319	.004506374	.2271746	0
977.15	0	.7674989	.005050141	.227451	0
976.15	0	.7666806	.005592841	.2277266	0
975.15	0	.7658642	.006134482	.2280014	0
974.15	0	.7650496	.00667507	.2282753	0
973.15	0	.7642369	.007214612	.2285485	0
972.15	0	.763426	.007753116	.2288208	0
971.15	0	.762617	.008290588	.2290924	0
970.15	0	.7618099	.008827036	.2293631	0
969.15	0	.7610045	.009362466	.229633	0
968.15	0	.760201	.009896887	.2299021	0
967.15	0	.7593993	.01043031	.2301704	0
966.15	0	.7585994	.01096273	.2304379	0
965.15	0	.7578012	.01149417	.2307046	0
964.15	0	.7570049	.01202462	.2309704	0
963.15	0	.7562104	.01255411	.2312355	0
962.15	0	.7554177	.01308263	.2314997	0
961.15	0	.7546267	.0136102	.2317631	0
960.15	0	.7538375	.01413682	.2320257	0
959.15	0	.7530501	.01466249	.2322875	0
958.15	0	.7522644	.01518724	.2325484	0
957.15	0	.7514804	.01571106	.2328085	0
956.15	0	.7506982	.01623397	.2330678	0
955.15	0	.7499177	.01675598	.2333263	0
954.15	0	.749139	.01727708	.233584	0
953.15	0	.7483619	.0177973	.2338408	0
952.15	0	.7475866	.01831663	.2340968	0
951.15	0	.746813	.0188351	.234352	0
950.15	0	.746041	.0193527	.2346063	0
949.15	0	.7452707	.01986945	.2348598	0
948.15	0	.7445022	.02038536	.2351125	0
947.15	0	.7437352	.02090043	.2353643	0
946.15	0	.74297	.02141467	.2356154	0
945.15	0	.7422064	.0219281	.2358655	0
944.15	0	.7414444	.02244073	.2361149	0
943.15	0	.7406841	.02295256	.2363634	0
942.15	0	.7399254	.0234636	.236611	0
941.15	0	.7391683	.02397386	.2368579	0
940.15	0	.7384128	.02448336	.2371038	0
939.15	0	.7376589	.02499211	.237349	0
938.15	0	.7369066	.02550011	.2375933	0
937.15	0	.7361559	.02600737	.2378367	0
936.15	0	.7354068	.02651391	.2380793	0
935.15	0	.7346592	.02701974	.238321	0
934.15	0	.7339132	.02752486	.2385619	0
933.15	0	.7331688	.0280293	.2388019	0
932.15	0	.7324259	.02853305	.2390411	0
931.15	0	.7316845	.02903614	.2392794	0
930.15	0	.7309446	.02953856	.2395168	0
929.15	0	.7302062	.03004035	.2397534	0
928.15	0	.7294694	.03054149	.2399891	0
927.15	0	.728734	.03104202	.240224	0
926.15	0	.7280001	.03154194	.240458	0
925.15	0	.7272677	.03204125	.2406911	0
924.15	0	.7265367	.03253999	.2409233	0
923.15	0	.7258072	.03303815	.2411546	0
922.15	0	.7250791	.03353575	.2413851	0
921.15	0	.7243525	.0340328	.2416147	0
920.15	0	.7236273	.03452932	.2418434	0
919.15	0	.7229035	.03502532	.2420712	0
918.15	0	.722181	.03552081	.2422982	0
917.15	0	.72146	.0360158	.2425242	0
916.15	0	.7207403	.03651032	.2427493	0
915.15	0	.7200221	.03700437	.2429736	0
914.15	0	.7193051	.03749797	.2431969	0
913.15	0	.7185895	.03799113	.2434194	0
912.15	0	.7178752	.03848386	.2436409	0
911.15	0	.7171623	.03897619	.2438615	0
910.15	0	.7164507	.03946812	.2440812	0
909.15	0	.7157403	.03995967	.2443	0
908.15	0	.7150312	.04045086	.2445179	0
907.15	0	.7143234	.0409417	.2447349	0
906.15	0	.7136169	.0414322	.2449509	0
905.15	0	.7129116	.04192239	.245166	0
904.15	0	.7122076	.04241228	.2453802	0
903.15	0	.7115047	.04290188	.2455934	0
902.15	0	.7108031	.04339122	.2458057	0
901.15	0	.7101027	.0438803	.246017	0
900.15	0	.7094034	.04436915	.2462275	0
899.15	0	.7087053	.04485778	.2464369	0
898.15	0	.7080084	.04534621	.2466454	0
897.15	0	.7073126	.04583446	.2468529	0
896.15	0	.7066179	.04632254	.2470595	0
895.15	0	.7059244	.04681048	.2472652	0
894.15	0	.7052319	.04729829	.2474698	0
893.15	0	.7045405	.04778599	.2476735	0
892.15	0	.7038502	.0482736	.2478762	0
891.15	0	.703161	.04876114	.2480779	0
890.15	0	.7024728	.04924863	.2482786	0
889.15	0	.7017856	.04973608	.2484783	0
888.15	0	.7010994	.05022353	.2486771	0
887.15	0	.7004142	.05071098	.2488748	0
886.15	0	.69973	.05119846	.2490715	0
885.15	0	.6990468	.05168599	.2492673	0
884.15	0	.6983644	.0521736	.249462	0
883.15	0	.6976831	.05266129	.2496557	0
882.15	0	.6970026	.0531491	.2498483	0
881.15	0	.696323	.05363705	.2500399	0
880.15	0	.6956443	.05412516	.2502305	0
879.15	0	.6949665	.05461345	.2504201	0
878.15	0	.6942895	.05510194	.2506086	0
877.15	0	.6936133	.05559067	.250796	0
876.15	0	.6929379	.05607964	.2509824	0
875.15	0	.6922634	.0565689	.2511677	0
874.15	0	.6915895	.05705846	.251352	0
873.15	0	.6909165	.05754834	.2515352	0
872.15	0	.6902442	.05803858	.2517173	0
871.15	0	.6895725	.05852919	.2518983	0
870.15	0	.6889016	.05902021	.2520782	0
869.15	0	.6882313	.05951167	.252257	0
868.15	0	.6875617	.06000358	.2524347	0
867.15	0	.6868927	.06049597	.2526113	0
866.15	0	.6862244	.06098889	.2527867	0
865.15	0	.6855566	.06148234	.2529611	0
864.15	0	.6848894	.06197637	.2531343	0
863.15	0	.6842227	.062471	.2533063	0
862.15	0	.6835565	.06296626	.2534772	0
861.15	0	.6828909	.06346219	.2536469	0
860.15	0	.6822257	.0639588	.2538155	0
859.15	0	.6815609	.06445615	.2539829	0
858.15	0	.6808966	.06495425	.2541491	0
857.15	0	.6802327	.06545314	.2543141	0
856.15	0	.6795692	.06595286	.254478	0
855.15	0	.678906	.06645343	.2546406	0
854.15	0	.6782432	.0669549	.2548019	0
853.15	0	.6775806	.06745729	.2549621	0
852.15	0	.6769183	.06796065	.255121	0
851.15	0	.6762563	.06846501	.2552787	0
850.15	0	.6755945	.06897041	.2554351	0
849.15	0	.6749329	.06947689	.2555903	0
848.15	0	.6742714	.06998448	.2557441	0
847.15	0	.6736101	.07049322	.2558967	0
846.15	0	.6729488	.07100316	.256048	0
845.15	0	.6722877	.07151434	.256198	0
844.15	0	.6716266	.0720268	.2563466	0
843.15	0	.6709655	.07254059	.256494	0
842.15	0	.6703043	.07305574	.25664	0
841.15	0	.6696441	.07357147	.2567845	0
840.15	0	.6689827	.07408953	.2569277	0
839.15	0	.6683213	.07460908	.2570696	0
838.15	0	.6676597	.07513019	.2572101	0
837.15	0	.6669979	.0756529	.2573492	0
836.15	0	.6663359	.07617726	.2574868	0
835.15	0	.6656736	.07670333	.2576231	0
834.15	0	.665011	.07723116	.2577578	0
833.15	0	.6643481	.07776079	.2578912	0
832.15	0	.6636847	.0782923	.258023	0
831.15	0	.663021	.07882573	.2581533	0
830.15	0	.6623567	.07936114	.2582822	0
829.15	0	.661692	.07989859	.2584094	0
828.15	0	.6610266	.08043815	.2585352	0
827.15	0	.6603607	.08097988	.2586594	0
826.15	0	.6596941	.08152383	.258782	0
825.15	0	.6590269	.08207009	.2589031	0
824.15	0	.6583588	.08261871	.2590225	0
823.15	0	.65769	.08316976	.2591403	0
822.15	0	.6570203	.08372333	.2592564	0
821.15	0	.6563497	.08427948	.2593708	0
820.15	0	.6556781	.08483829	.2594836	0
819.15	0	.6550056	.08539984	.2595946	0
818.15	0	.6543319	.08596421	.2597039	0
817.15	0	.6536571	.08653149	.2598114	0
816.15	0	.6529811	.08710175	.2599172	0
815.15	0	.6523038	.0876751	.2600211	0
814.15	0	.6516252	.08825161	.2601232	0
813.15	0	.6509452	.0888314	.2602234	0
812.15	0	.6502637	.08941455	.2603217	0
811.15	0	.6495807	.09000117	.2604182	0
810.15	0	.648896	.09059136	.2605126	0
809.15	0	.6482097	.09118523	.2606051	0
808.15	0	.6475215	.0917829	.2606956	0
807.15	0	.6468315	.09238449	.260784	0
806.15	0	.6461396	.0929901	.2608703	0
805.15	0	.6454456	.09359988	.2609546	0
804.15	0	.6447494	.09421395	.2610367	0
803.15	0	.644051	.09483244	.2611166	0
802.15	0	.6433503	.09545551	.2611942	0
801.15	0	.6426471	.0960833	.2612696	0
800.15	0	.6419413	.09671595	.2613427	0
799.15	0	.6412329	.09735364	.2614134	0
798.15	0	.6405217	.09799653	.2614818	0
797.15	0	.6398076	.09864479	.2615476	0
796.15	0	.6390904	.09929861	.261611	0
795.15	0	.63837	.09995818	.2616718	0
794.15	0	.6376463	.1006237	.26173	0
793.15	0	.6369191	.1012954	.2617856	0
792.15	0	.6361882	.1019734	.2618384	0
791.15	0	.6354535	.1026581	.2618884	0
790.15	0	.6347149	.1033496	.2619355	0
789.15	0	.633972	.1040483	.2619797	0
788.15	0	.6332248	.1047543	.2620209	0
787.15	0	.632473	.105468	.262059	0
786.15	0	.6317164	.1061896	.262094	0
785.15	0	.6309548	.1069196	.2621256	0
784.15	0	.6301879	.1076581	.262154	0
783.15	0	.6294155	.1084056	.2621788	0
782.15	0	.6286373	.1091625	.2622001	0
781.15	0	.627853	.1099292	.2622178	0
780.15	0	.6270623	.110706	.2622316	0
779.15	0	.6262649	.1114935	.2622416	0
778.15	0	.6254603	.1122922	.2622475	0
777.15	0	.6246483	.1131025	.2622492	0
776.15	0	.6238284	.113925	.2622466	0
775.15	0	.6230002	.1147604	.2622394	0
774.15	0	.6221632	.1156093	.2622276	0
773.15	0	.6213168	.1164723	.2622108	0
772.15	0	.6204606	.1173504	.2621891	0
771.15	0	.6195939	.1182441	.2621619	0
770.15	0	.6187161	.1191546	.2621293	0
769.15	0	.6178265	.1200828	.2620908	0
768.15	0	.6169242	.1210296	.2620462	0
767.15	0	.6160084	.1219964	.2619952	0
766.15	0	.6150782	.1229844	.2619374	0
765.15	0	.6141325	.1239951	.2618724	0
764.15	0	.6131702	.12503	.2617998	0
763.15	0	.6121899	.1260909	.2617192	0
762.15	0	.6111902	.1271798	.26163	0
761.15	0	.6101695	.1282989	.2615316	0
760.15	0	.6091258	.1294509	.2614233	0
759.15	0	.6080571	.1306385	.2613045	0
758.15	0	.6069609	.1318651	.261174	0
757.15	0	.6058343	.1331346	.2610311	0
756.15	0	.6046742	.1344513	.2608745	0
755.15	0	.6034765	.1358207	.2607028	0
754.15	0	.6022367	.1372489	.2605143	0
753.15	0	.6004031	.1394606	.2601363	0
752.15	0	.5979361	.1425117	.2595522	0
751.15	0	.5956875	.1452845	.2590281	0
750.15	0	.5936184	.1478288	.2585528	0
749.15	0	.5917	.1501816	.2581184	0
748.15	0	.5899104	.1523711	.2577185	0
747.15	0	.5882323	.1544194	.2573484	0
746.15	0	.5866517	.1563443	.257004	0
745.15	0	.5851574	.1581603	.2566823	0
744.15	0	.5837401	.1598793	.2563806	0
743.15	0	.5823919	.1615113	.2560968	0
742.15	0	.5811063	.1630648	.255829	0
741.15	0	.5798773	.1645471	.2555756	0
740.15	0	.5787003	.1659643	.2553354	0
739.15	0	.5775709	.167322	.255107	0
738.15	0	.5764854	.168625	.2548896	0
737.15	0	.5754405	.1698773	.2546822	0
736.15	0	.5744332	.1710828	.254484	0
735.15	0	.573461	.1722446	.2542943	0
734.15	0	.5725215	.173366	.2541125	0
733.15	0	.5716126	.1744493	.253938	0
732.15	0	.5707325	.1754972	.2537703	0
731.15	0	.5698793	.1765117	.253609	0
730.15	0	.5690515	.1774949	.2534536	0
729.15	0	.5682478	.1784485	.2533037	0
728.15	0	.5674667	.1793742	.2531591	0
727.15	0	.5667071	.1802736	.2530194	0
726.15	0	.5659679	.1811479	.2528842	0
725.15	0	.565248	.1819986	.2527534	0
724.15	0	.5645465	.1828268	.2526267	0
723.15	0	.5638626	.1836336	.2525039	0
722.15	0	.5631953	.1844199	.2523847	0
721.15	0	.5625441	.1851869	.252269	0
720.15	0	.5619081	.1859354	.2521566	0
719.15	0	.5612866	.1866661	.2520473	0
718.15	0	.5606792	.1873799	.2519409	0
717.15	0	.5600851	.1880774	.2518374	0
716.15	0	.5595039	.1887595	.2517366	0
715.15	0	.5589351	.1894266	.2516383	0
714.15	0	.5583781	.1900795	.2515425	0
713.15	0	.5578325	.1907186	.2514489	0
712.15	0	.5572978	.1913446	.2513576	0
711.15	0	.5567738	.1919578	.2512684	0
710.15	0	.5562599	.1925589	.2511812	0
709.15	0	.5557559	.1931481	.251096	0
708.15	0	.5552613	.1937261	.2510126	0
707.15	0	.5547759	.1942931	.250931	0
706.15	0	.5542994	.1948495	.2508511	0
705.15	0	.5538314	.1953958	.2507728	0
704.15	0	.5533717	.1959322	.2506961	0
703.15	0	.55292	.1964591	.2506209	0
702.15	0	.5524761	.1969768	.2505471	0
701.15	0	.5520397	.1974856	.2504747	0
700.15	0	.5516105	.1979858	.2504036	0
699.15	0	.5511884	.1984777	.2503339	0
698.15	0	.5507732	.1989615	.2502653	0
697.15	0	.5503647	.1994374	.2501979	0
696.15	0	.5499625	.1999058	.2501317	0
695.15	0	.5495667	.2003668	.2500666	0
694.15	0	.5491769	.2008206	.2500025	0
693.15	0	.5487931	.2012675	.2499394	0
692.15	0	.5484151	.2017076	.2498773	0
691.15	0	.5480426	.2021412	.2498162	0
690.15	0	.5476756	.2025685	.249756	0
689.15	0	.5473139	.2029895	.2496966	0
688.15	0	.5469574	.2034045	.2496381	0
687.15	0	.5466059	.2038137	.2495804	0
686.15	0	.5462593	.2042172	.2495235	0
685.15	0	.5459175	.2046151	.2494674	0
684.15	0	.5455804	.2050076	.249412	0
683.15	0	.5452478	.2053949	.2493573	0
682.15	0	.5449196	.2057771	.2493033	0
681.15	0	.5445958	.2061542	.24925	0
680.15	0	.5442762	.2065265	.2491973	0
679.15	0	.5439607	.206894	.2491452	0
678.15	0	.5436493	.2072569	.2490938	0
677.15	0	.5433418	.2076153	.2490429	0
676.15	0	.5430381	.2079693	.2489926	0
675.15	0	.5427382	.208319	.2489428	0
674.15	0	.542442	.2086645	.2488936	0
673.15	0	.5421494	.2090058	.2488448	0
672.15	0	.5418602	.2093432	.2487966	0
671.15	0	.5415745	.2096767	.2487488	0
670.15	0	.5412922	.2100063	.2487015	0
669.15	0	.5410132	.2103322	.2486547	0
668.15	0	.5407374	.2106544	.2486082	0
667.15	0	.5404647	.2109731	.2485622	0
666.15	0	.5401951	.2112882	.2485166	0
665.15	0	.5399286	.2116	.2484715	0
664.15	0	.539665	.2119084	.2484266	0
663.15	0	.5394043	.2122135	.2483822	0
662.15	0	.5391465	.2125154	.2483381	0
661.15	0	.5388914	.2128142	.2482944	0
660.15	0	.5386391	.2131099	.248251	0
659.15	0	.5383895	.2134026	.2482079	0
658.15	0	.5381425	.2136924	.2481652	0
657.15	0	.537898	.2139792	.2481227	0
656.15	0	.5376561	.2142633	.2480806	0
655.15	0	.5374167	.2145445	.2480388	0
654.15	0	.5371797	.2148231	.2479972	0
653.15	0	.5369451	.215099	.2479559	0
652.15	0	.5367129	.2153723	.2479149	0
651.15	0	.536483	.215643	.2478741	0
650.15	0	.5362553	.2159112	.2478336	0
649.15	0	.5360298	.2161769	.2477933	0
648.15	0	.5358065	.2164402	.2477533	0
647.15	0	.5355854	.2167012	.2477135	0
646.15	0	.5353663	.2169598	.2476739	0
645.15	0	.5351494	.2172161	.2476345	0
644.15	0	.5349345	.2174702	.2475953	0
643.15	0	.5347215	.2177221	.2475563	0
642.15	0	.5345106	.2179718	.2475176	0
641.15	0	.5343015	.2182195	.247479	0
640.15	0	.5340944	.218465	.2474406	0
639.15	0	.5338891	.2187084	.2474024	0
638.15	0	.5336857	.2189499	.2473644	0
637.15	0	.5334841	.2191894	.2473265	0
636.15	0	.5332843	.2194269	.2472888	0
635.15	0	.5330862	.2196625	.2472513	0
634.15	0	.5328898	.2198963	.2472139	0
633.15	0	.5326951	.2201282	.2471767	0
632.15	0	.5325021	.2203582	.2471396	0
631.15	0	.5323108	.2205865	.2471027	0
630.15	0	.532121	.2208131	.2470659	0
629.15	0	.5319329	.2210379	.2470293	0
628.15	0	.5317463	.221261	.2469927	0
627.15	0	.5315613	.2214824	.2469563	0
626.15	0	.5313778	.2217022	.2469201	0
625.15	0	.5311958	.2219203	.2468839	0
624.15	0	.5310152	.2221369	.2468479	0
623.15	0	.5308361	.2223519	.246812	0
622.15	0	.5306585	.2225654	.2467761	0
621.15	0	.5304823	.2227773	.2467405	0
620.15	0	.5303074	.2229877	.2467048	0
619.15	0	.530134	.2231967	.2466694	0
618.15	0	.5299619	.2234042	.246634	0
617.15	0	.5297911	.2236103	.2465987	0
616.15	0	.5296216	.2238149	.2465635	0
615.15	0	.5294535	.2240182	.2465284	0
614.15	0	.5292866	.2242201	.2464933	0
613.15	0	.529121	.2244206	.2464584	0
612.15	0	.5289566	.2246198	.2464236	0
611.15	0	.5287935	.2248178	.2463888	0
610.15	0	.5286315	.2250144	.2463541	0
609.15	0	.5284708	.2252097	.2463195	0
608.15	0	.5283113	.2254038	.246285	0
607.15	0	.5281529	.2255966	.2462505	0
606.15	0	.5279957	.2257883	.2462161	0
605.15	0	.5278396	.2259787	.2461818	0
604.15	0	.5276846	.2261679	.2461475	0
603.15	0	.5275307	.2263559	.2461133	0
602.15	0	.5273779	.2265428	.2460792	0
601.15	0	.5272263	.2267286	.2460452	0
600.15	0	.5270756	.2269132	.2460112	0
599.15	0	.5269261	.2270967	.2459772	0
598.15	0	.5267775	.2272791	.2459434	0
597.15	0	.52663	.2274605	.2459095	0
596.15	0	.5264835	.2276407	.2458758	0
595.15	0	.5263381	.2278199	.2458421	0
594.15	0	.5261936	.2279981	.2458084	0
593.15	0	.52605	.2281752	.2457748	0
592.15	0	.5259075	.2283513	.2457412	0
591.15	0	.5257659	.2285264	.2457077	0
590.15	0	.5256253	.2287005	.2456742	0
589.15	0	.5254855	.2288736	.2456408	0
588.15	0	.5253468	.2290458	.2456075	0
587.15	0	.5252089	.229217	.2455741	0
586.15	0	.5250719	.2293872	.2455409	0
585.15	0	.5249358	.2295565	.2455076	0
584.15	0	.5248006	.2297249	.2454744	0
583.15	0	.5246663	.2298924	.2454413	0
582.15	0	.5245329	.230059	.2454082	0
581.15	0	.5244003	.2302246	.2453751	0
580.15	0	.5242685	.2303894	.245342	0
579.15	0	.5241376	.2305533	.245309	0
578.15	0	.5240075	.2307164	.2452761	0
577.15	0	.5238783	.2308786	.2452431	0
576.15	0	.5237498	.2310399	.2452103	0
575.15	0	.5236222	.2312005	.2451774	0
574.15	0	.5234953	.2313601	.2451446	0
573.15	0	.5233692	.231519	.2451118	0
572.15	0	.5232439	.2316771	.245079	0
571.15	0	.5231194	.2318343	.2450463	0
570.15	0	.5229957	.2319907	.2450135	0
569.15	0	.5228727	.2321464	.2449809	0
568.15	0	.5227505	.2323013	.2449482	0
567.15	0	.5226289	.2324554	.2449156	0
566.15	0	.5225082	.2326088	.2448831	0
565.15	0	.5223881	.2327614	.2448505	0
564.15	0	.5222688	.2329133	.244818	0
563.15	0	.5221501	.2330644	.2447855	0
562.15	0	.5220322	.2332148	.2447531	0
561.15	0	.521915	.2333644	.2447206	0
560.15	0	.5217984	.2335133	.2446882	0
559.15	0	.5216826	.2336616	.2446559	0
558.15	0	.5215674	.2338091	.2446235	0
557.15	0	.5214529	.2339559	.2445912	0
556.15	0	.5213391	.234102	.2445589	0
555.15	0	.5212259	.2342474	.2445266	0
554.15	0	.5211134	.2343922	.2444944	0
553.15	0	.5210015	.2345363	.2444622	0
552.15	0	.5208903	.2346797	.24443	0
551.15	0	.5207797	.2348224	.2443978	0
550.15	0	.5206698	.2349645	.2443657	0
549.15	0	.5205605	.2351059	.2443336	0
548.15	0	.5204518	.2352467	.2443015	0
547.15	0	.5203437	.2353869	.2442694	0
546.15	0	.5202362	.2355264	.2442374	0
545.15	0	.5201294	.2356652	.2442054	0
544.15	0	.5200231	.2358035	.2441734	0
543.15	0	.5199174	.2359411	.2441415	0
542.15	0	.5198124	.2360781	.2441095	0
541.15	0	.5197079	.2362145	.2440776	0
540.15	0	.519604	.2363503	.2440458	0
539.15	0	.5195006	.2364855	.2440139	0
538.15	0	.5193979	.2366201	.2439821	0
537.15	0	.5192957	.2367541	.2439503	0
536.15	0	.5191941	.2368875	.2439185	0
535.15	0	.519093	.2370203	.2438867	0
534.15	0	.5189925	.2371525	.243855	0
533.15	0	.5188926	.2372842	.2438233	0
532.15	0	.5187932	.2374153	.2437916	0
531.15	0	.5186943	.2375458	.2437599	0
530.15	0	.518596	.2376757	.2437283	0
529.15	0	.5184982	.2378051	.2436967	0
528.15	0	.5184009	.237934	.2436651	0
527.15	0	.5183042	.2380623	.2436336	0
526.15	0	.518208	.23819	.243602	0
525.15	0	.5181123	.2383172	.2435705	0
524.15	0	.5180171	.2384438	.2435391	0
523.15	0	.5179225	.2385699	.2435076	0
522.15	0	.5178283	.2386955	.2434762	0
521.15	0	.5177347	.2388205	.2434448	0
520.15	0	.5176416	.238945	.2434134	0
519.15	0	.5175489	.239069	.2433821	0
518.15	0	.5174568	.2391925	.2433508	0
517.15	0	.5173651	.2393154	.2433195	0
516.15	0	.517274	.2394378	.2432882	0
515.15	0	.5171833	.2395597	.243257	0
514.15	0	.5170931	.2396811	.2432258	0
513.15	0	.5170034	.239802	.2431946	0
512.15	0	.5169141	.2399224	.2431635	0
511.15	0	.5168254	.2400423	.2431324	0
510.15	0	.5167371	.2401616	.2431013	0
509.15	0	.5166493	.2402805	.2430702	0
508.15	0	.5165619	.2403989	.2430392	0
507.15	0	.516475	.2405168	.2430082	0
506.15	0	.5163886	.2406342	.2429773	0
505.15	0	.5163026	.2407511	.2429463	0
504.15	0	.516217	.2408676	.2429154	0
503.15	0	.516132	.2409835	.2428845	0
502.15	0	.5160473	.241099	.2428537	0
501.15	0	.5159631	.241214	.2428229	0
500.15	0	.5158794	.2413285	.2427921	0
499.15	0	.5157961	.2414425	.2427614	0
498.15	0	.5157132	.2415561	.2427307	0
497.15	0	.5156308	.2416692	.2427	0
496.15	0	.5155488	.2417818	.2426694	0
495.15	0	.5154672	.241894	.2426388	0
494.15	0	.5153861	.2420057	.2426082	0
493.15	0	.5153054	.242117	.2425776	0
492.15	0	.5152251	.2422278	.2425471	0
491.15	0	.5151452	.2423381	.2425167	0
490.15	0	.5150658	.242448	.2424862	0
489.15	0	.5149868	.2425574	.2424558	0
488.15	0	.5149081	.2426664	.2424255	0
487.15	0	.5148299	.2427749	.2423952	0
486.15	0	.5147521	.242883	.2423649	0
485.15	0	.5146748	.2429906	.2423346	0
484.15	0	.5145978	.2430978	.2423044	0
483.15	0	.5145212	.2432045	.2422743	0
482.15	0	.514445	.2433108	.2422441	0
481.15	0	.5143693	.2434167	.242214	0
480.15	0	.5142939	.2435221	.242184	0
479.15	0	.5142189	.2436271	.242154	0
478.15	0	.5141443	.2437317	.242124	0
477.15	0	.5140702	.2438358	.2420941	0
476.15	0	.5139964	.2439395	.2420642	0
475.15	0	.5139229	.2440427	.2420343	0
474.15	0	.5138499	.2441456	.2420045	0
473.15	0	.5137773	.244248	.2419748	0
472.15	0	.513705	.2443499	.241945	0
471.15	0	.5136332	.2444515	.2419154	0
470.15	0	.5135617	.2445526	.2418857	0
469.15	0	.5134906	.2446533	.2418561	0
468.15	0	.5134198	.2447536	.2418266	0
467.15	0	.5133495	.2448534	.2417971	0
466.15	0	.5132795	.2449529	.2417676	0
465.15	0	.5132099	.2450519	.2417382	0
464.15	0	.5131406	.2451505	.2417089	0
463.15	0	.5130717	.2452487	.2416796	0
462.15	0	.5130032	.2453465	.2416503	0
461.15	0	.5129351	.2454438	.2416211	0
460.15	0	.5128673	.2455408	.2415919	0
459.15	0	.5127999	.2456373	.2415628	0
458.15	0	.5127328	.2457335	.2415337	0
457.15	0	.5126661	.2458292	.2415047	0
456.15	0	.5125998	.2459245	.2414757	0
455.15	0	.5125338	.2460194	.2414468	0
454.15	0	.5124682	.2461139	.2414179	0
453.15	0	.5124029	.246208	.2413891	0
452.15	0	.512338	.2463017	.2413604	0
451.15	0	.5122734	.246395	.2413316	0
450.15	0	.5122092	.2464878	.241303	0
449.15	0	.5121454	.2465803	.2412744	0
448.15	0	.5120819	.2466723	.2412459	0
447.15	0	.5120188	.2467638	.2412174	0
446.15	0	.511956	.246855	.241189	0
445.15	0	.5118936	.2469458	.2411606	0
444.15	0	.5118316	.2470361	.2411324	0
443.15	0	.5117699	.247126	.2411042	0
442.15	0	.5117085	.2472155	.241076	0
441.15	0	.5116476	.2473045	.2410479	0
440.15	0	.511587	.2473931	.2410199	0
439.15	0	.5115268	.2474812	.240992	0
438.15	0	.5114669	.2475689	.2409642	0
437.15	0	.5114075	.2476561	.2409364	0
436.15	0	.5113484	.2477429	.2409088	0
435.15	0	.5112897	.2478292	.2408812	0
434.15	0	.5112313	.247915	.2408537	0
433.15	0	.5111733	.2480004	.2408262	0
432.15	0	.5111157	.2480853	.2407989	0
431.15	0	.5110585	.2481698	.2407717	0
430.15	0	.5110017	.2482538	.2407445	0
429.15	0	.5109452	.2483373	.2407175	0
428.15	0	.5108892	.2484203	.2406905	0
427.15	0	.5108335	.2485029	.2406637	0
426.15	0	.5107781	.248585	.2406369	0
425.15	0	.5107232	.2486666	.2406102	0
424.15	0	.5106686	.2487477	.2405837	0
423.15	0	.5106145	.2488284	.2405572	0
422.15	0	.5105607	.2489085	.2405308	0
421.15	0	.5105072	.2489882	.2405046	0
420.15	0	.5104542	.2490674	.2404784	0
419.15	0	.5104015	.2491461	.2404523	0
418.15	0	.5103492	.2492244	.2404264	0
417.15	0	.5102973	.2493021	.2404006	0
416.15	0	.5102458	.2493794	.2403748	0
415.15	0	.5101946	.2494562	.2403492	0
414.15	0	.5101438	.2495325	.2403237	0
413.15	0	.5100934	.2496084	.2402983	0
412.15	0	.5100433	.2496837	.2402729	0
411.15	0	.5099937	.2497586	.2402477	0
410.15	0	.5099443	.249833	.2402226	0
409.15	0	.5098954	.2499069	.2401977	0
408.15	0	.5098468	.2499804	.2401728	0
407.15	0	.5097986	.2500534	.240148	0
406.15	0	.5097508	.2501259	.2401234	0
405.15	0	.5097033	.2501979	.2400989	0
404.15	0	.5096561	.2502694	.2400744	0
403.15	0	.5096094	.2503405	.2400501	0
402.15	0	.509563	.2504111	.2400259	0
401.15	0	.5095169	.2504813	.2400018	0
400.15	0	.5094712	.250551	.2399778	0
399.15	0	.5094258	.2506202	.239954	0
398.15	0	.5093808	.2506889	.2399302	0
397.15	0	.5093362	.2507572	.2399066	0
396.15	0	.5092919	.2508251	.239883	0
395.15	0	.5092479	.2508925	.2398596	0
394.15	0	.5092043	.2509594	.2398363	0
393.15	0	.509161	.2510259	.2398131	0
392.15	0	.5091181	.2510919	.23979	0
391.15	0	.5090755	.2511575	.239767	0
390.15	0	.5090332	.2512226	.2397442	0
389.15	0	.5089913	.2512873	.2397214	0
388.15	0	.5089496	.2513516	.2396988	0
387.15	0	.5089084	.2514154	.2396763	0
386.15	0	.5088674	.2514788	.2396538	0
385.15	0	.5088268	.2515417	.2396315	0
384.15	0	.5087865	.2516042	.2396093	0
383.15	0	.5087465	.2516663	.2395872	0
382.15	0	.5087068	.251728	.2395652	0
381.15	0	.5086674	.2517892	.2395434	0
380.15	0	.5086284	.25185	.2395216	0
379.15	0	.5085897	.2519104	.2394999	0
378.15	0	.5085512	.2519704	.2394784	0
377.15	0	.5085131	.25203	.2394569	0
376.15	0	.5084753	.2520891	.2394356	0
375.15	0	.5084378	.2521479	.2394144	0
374.15	0	.5084005	.2522062	.2393932	0
373.15	0	.5083636	.2522642	.2393722	0
372.15	0	.508327	.2523217	.2393513	0
371.15	0	.5082906	.2523789	.2393305	0
370.15	0	.5082546	.2524357	.2393098	0
369.15	0	.5082188	.252492	.2392892	0
368.15	0	.5081833	.252548	.2392686	0
367.15	0	.5081481	.2526036	.2392482	0
366.15	0	.5081132	.2526588	.239228	0
365.15	0	.5080786	.2527137	.2392078	0
364.15	0	.5080442	.2527681	.2391877	0
363.15	0	.5080101	.2528222	.2391677	0
362.15	0	.5079763	.252876	.2391478	0
361.15	0	.5079427	.2529293	.239128	0
360.15	0	.5079094	.2529823	.2391083	0
