T	 BPW(LIQUID)	BPW(BCC_A2)	BPW(FCC_A1)	BPW(LAVES_PHASE_C14)	BPW(NI3TI)
1473.15	.08611029	.9138897	0	0	0
1472.15	.08400274	.9159973	0	0	0
1471.15	.08190873	.9180913	0	0	0
1470.15	.07982813	.9201719	0	0	0
1469.15	.07776083	.9222392	0	0	0
1468.15	.07570671	.9242933	0	0	0
1467.15	.07366564	.9263344	0	0	0
1466.15	.07163751	.9283625	0	0	0
1465.15	.06962222	.9303778	0	0	0
1464.15	.06761963	.9323804	0	0	0
1463.15	.06562965	.9343704	0	0	0
1462.15	.06365217	.9363478	0	0	0
1461.15	.06168706	.9383129	0	0	0
1460.15	.05973423	.9402658	0	0	0
1459.15	.05779357	.9422064	0	0	0
1458.15	.05586498	.944135	0	0	0
1457.15	.05394834	.9460517	0	0	0
1456.15	.05204355	.9479565	0	0	0
1455.15	.05015052	.9498495	0	0	0
1454.15	.04826914	.9517309	0	0	0
1453.15	.04639932	.9536007	0	0	0
1452.15	.04454095	.955459	0	0	0
1451.15	.04269394	.9573061	0	0	0
1450.15	.04085819	.9591418	0	0	0
1449.15	.0390336	.9609664	0	0	0
1448.15	.03722009	.9627799	0	0	0
1447.15	.03541756	.9645824	0	0	0
1446.15	.03362591	.9663741	0	0	0
1445.15	.03184507	.9681549	0	0	0
1444.15	.03007493	.9699251	0	0	0
1443.15	.0283154	.9716846	0	0	0
1442.15	.02656641	.9734336	0	0	0
1441.15	.02482787	.9751721	0	0	0
1440.15	.02309968	.9769003	0	0	0
1439.15	.02138176	.9786182	0	0	0
1438.15	.01967404	.980326	0	0	0
1437.15	.01797642	.9820236	0	0	0
1436.15	.01628882	.9837112	0	0	0
1435.15	.01461117	.9853888	0	0	0
1434.15	.01294339	.9870566	0	0	0
1433.15	.01128538	.9887146	0	0	0
1432.15	.009637086	.9903629	0	0	0
1431.15	.007998419	.9920016	0	0	0
1430.15	.006369303	.9936307	0	0	0
1429.15	.004749664	.9952503	0	0	0
1428.15	.003139426	.9968606	0	0	0
1427.15	.001538515	.9984615	0	0	0
1426.183	0	1	0	0	0
1426.183	0	1	0	0	0
1426.15	0	1	0	0	0
1425.15	0	1	0	0	0
1424.15	0	1	0	0	0
1423.15	0	1	0	0	0
1422.15	0	1	0	0	0
1421.15	0	1	0	0	0
1420.15	0	1	0	0	0
1419.15	0	1	0	0	0
1418.15	0	1	0	0	0
1417.15	0	1	0	0	0
1416.15	0	1	0	0	0
1415.15	0	1	0	0	0
1414.15	0	1	0	0	0
1413.15	0	1	0	0	0
1412.15	0	1	0	0	0
1411.15	0	1	0	0	0
1410.15	0	1	0	0	0
1409.15	0	1	0	0	0
1408.15	0	1	0	0	0
1407.15	0	1	0	0	0
1406.15	0	1	0	0	0
1405.15	0	1	0	0	0
1404.15	0	1	0	0	0
1403.15	0	1	0	0	0
1402.15	0	1	0	0	0
1401.15	0	1	0	0	0
1400.15	0	1	0	0	0
1399.15	0	1	0	0	0
1398.15	0	1	0	0	0
1397.15	0	1	0	0	0
1396.15	0	1	0	0	0
1395.15	0	1	0	0	0
1394.15	0	1	0	0	0
1393.15	0	1	0	0	0
1392.15	0	1	0	0	0
1391.15	0	1	0	0	0
1390.15	0	1	0	0	0
1389.15	0	1	0	0	0
1388.15	0	1	0	0	0
1387.15	0	1	0	0	0
1386.15	0	1	0	0	0
1385.15	0	1	0	0	0
1384.15	0	1	0	0	0
1383.15	0	1	0	0	0
1382.15	0	1	0	0	0
1381.15	0	1	0	0	0
1380.15	0	1	0	0	0
1379.15	0	1	0	0	0
1378.15	0	1	0	0	0
1377.15	0	1	0	0	0
1376.15	0	1	0	0	0
1375.15	0	1	0	0	0
1374.15	0	1	0	0	0
1373.15	0	1	0	0	0
1372.15	0	1	0	0	0
1371.15	0	1	0	0	0
1370.15	0	1	0	0	0
1369.15	0	1	0	0	0
1368.15	0	1	0	0	0
1367.15	0	1	0	0	0
1366.15	0	1	0	0	0
1365.15	0	1	0	0	0
1364.15	0	1	0	0	0
1363.15	0	1	0	0	0
1362.15	0	1	0	0	0
1361.15	0	1	0	0	0
1360.15	0	1	0	0	0
1359.15	0	1	0	0	0
1358.15	0	1	0	0	0
1357.15	0	1	0	0	0
1356.15	0	1	0	0	0
1355.15	0	1	0	0	0
1354.15	0	1	0	0	0
1353.15	0	1	0	0	0
1352.15	0	1	0	0	0
1351.15	0	1	0	0	0
1350.15	0	1	0	0	0
1349.15	0	1	0	0	0
1348.15	0	1	0	0	0
1347.15	0	1	0	0	0
1346.15	0	1	0	0	0
1345.15	0	1	0	0	0
1344.15	0	1	0	0	0
1343.15	0	1	0	0	0
1342.15	0	1	0	0	0
1341.15	0	1	0	0	0
1340.15	0	1	0	0	0
1339.15	0	1	0	0	0
1338.15	0	1	0	0	0
1337.15	0	1	0	0	0
1336.15	0	1	0	0	0
1335.15	0	1	0	0	0
1334.15	0	1	0	0	0
1333.15	0	1	0	0	0
1332.15	0	1	0	0	0
1331.15	0	1	0	0	0
1330.15	0	1	0	0	0
1329.15	0	1	0	0	0
1328.15	0	1	0	0	0
1327.15	0	1	0	0	0
1326.15	0	1	0	0	0
1325.15	0	1	0	0	0
1324.15	0	1	0	0	0
1323.15	0	1	0	0	0
1322.15	0	1	0	0	0
1321.15	0	1	0	0	0
1320.15	0	1	0	0	0
1319.15	0	1	0	0	0
1318.15	0	1	0	0	0
1317.15	0	1	0	0	0
1316.15	0	1	0	0	0
1315.15	0	1	0	0	0
1314.15	0	1	0	0	0
1313.15	0	1	0	0	0
1312.15	0	1	0	0	0
1311.15	0	1	0	0	0
1310.15	0	1	0	0	0
1309.15	0	1	0	0	0
1308.15	0	1	0	0	0
1307.15	0	1	0	0	0
1306.15	0	1	0	0	0
1305.15	0	1	0	0	0
1304.15	0	1	0	0	0
1303.15	0	1	0	0	0
1302.15	0	1	0	0	0
1301.15	0	1	0	0	0
1300.15	0	1	0	0	0
1299.15	0	1	0	0	0
1298.15	0	1	0	0	0
1297.15	0	1	0	0	0
1296.15	0	1	0	0	0
1295.15	0	1	0	0	0
1294.15	0	1	0	0	0
1293.15	0	1	0	0	0
1292.15	0	1	0	0	0
1291.15	0	1	0	0	0
1290.15	0	1	0	0	0
1289.15	0	1	0	0	0
1288.15	0	1	0	0	0
1287.15	0	1	0	0	0
1286.15	0	1	0	0	0
1285.15	0	1	0	0	0
1284.15	0	1	0	0	0
1283.15	0	1	0	0	0
1282.15	0	1	0	0	0
1281.15	0	1	0	0	0
1280.15	0	1	0	0	0
1279.15	0	1	0	0	0
1278.15	0	1	0	0	0
1277.15	0	1	0	0	0
1276.15	0	1	0	0	0
1275.15	0	1	0	0	0
1274.15	0	1	0	0	0
1273.15	0	1	0	0	0
1272.15	0	1	0	0	0
1271.15	0	1	0	0	0
1270.15	0	1	0	0	0
1269.15	0	1	0	0	0
1268.15	0	1	0	0	0
1267.15	0	1	0	0	0
1266.15	0	1	0	0	0
1265.15	0	1	0	0	0
1264.15	0	1	0	0	0
1263.15	0	1	0	0	0
1262.15	0	1	0	0	0
1261.15	0	1	0	0	0
1260.15	0	1	0	0	0
1259.15	0	1	0	0	0
1258.15	0	1	0	0	0
1257.15	0	1	0	0	0
1256.15	0	1	0	0	0
1255.15	0	1	0	0	0
1254.15	0	1	0	0	0
1253.15	0	1	0	0	0
1252.15	0	1	0	0	0
1251.15	0	1	0	0	0
1250.15	0	1	0	0	0
1249.15	0	1	0	0	0
1248.15	0	1	0	0	0
1247.15	0	1	0	0	0
1246.15	0	1	0	0	0
1245.15	0	1	0	0	0
1244.15	0	1	0	0	0
1243.15	0	1	0	0	0
1242.15	0	1	0	0	0
1241.15	0	1	0	0	0
1240.15	0	1	0	0	0
1239.15	0	1	0	0	0
1238.15	0	1	0	0	0
1237.15	0	1	0	0	0
1236.15	0	1	0	0	0
1235.15	0	1	0	0	0
1234.15	0	1	0	0	0
1233.15	0	1	0	0	0
1232.15	0	1	0	0	0
1231.15	0	1	0	0	0
1230.15	0	1	0	0	0
1229.15	0	1	0	0	0
1228.15	0	1	0	0	0
1227.15	0	1	0	0	0
1226.15	0	1	0	0	0
1225.15	0	1	0	0	0
1224.15	0	1	0	0	0
1223.15	0	1	0	0	0
1222.15	0	1	0	0	0
1221.15	0	1	0	0	0
1220.15	0	1	0	0	0
1219.15	0	1	0	0	0
1218.15	0	1	0	0	0
1217.15	0	1	0	0	0
1216.15	0	1	0	0	0
1215.15	0	1	0	0	0
1214.877	0	1	0	0	0
1214.877	0	1	0	0	0
1214.877	0	1	0	0	0
1214.15	0	.9991597	8.403344E-04	0	0
1213.15	0	.9980063	.001993702	0	0
1212.15	0	.996855	.003144998	0	0
1211.15	0	.9957058	.004294221	0	0
1210.15	0	.9945586	.005441367	0	0
1209.15	0	.9934136	.006586435	0	0
1208.15	0	.9922706	.007729421	0	0
1207.15	0	.9911297	.008870325	0	0
1206.15	0	.9899909	.01000914	0	0
1205.15	0	.9888541	.01114587	0	0
1204.15	0	.9877195	.01228051	0	0
1203.15	0	.986587	.01341305	0	0
1202.15	0	.9854565	.0145435	0	0
1201.15	0	.9843282	.01567185	0	0
1200.15	0	.9832019	.01679809	0	0
1199.15	0	.9820778	.01792224	0	0
1198.15	0	.9809557	.01904427	0	0
1197.15	0	.9798358	.0201642	0	0
1196.15	0	.978718	.02128201	0	0
1195.15	0	.9776023	.02239771	0	0
1194.15	0	.9764887	.02351128	0	0
1193.15	0	.9753773	.02462274	0	0
1192.15	0	.9742679	.02573207	0	0
1191.15	0	.9731607	.02683928	0	0
1190.15	0	.9720557	.02794435	0	0
1189.15	0	.9709527	.02904729	0	0
1188.15	0	.9698519	.0301481	0	0
1187.15	0	.9687532	.03124676	0	0
1186.15	0	.9676567	.03234328	0	0
1185.15	0	.9665623	.03343766	0	0
1184.15	0	.9654701	.03452988	0	0
1183.15	0	.96438	.03561996	0	0
1182.15	0	.9632921	.03670787	0	0
1181.15	0	.9622064	.03779363	0	0
1180.15	0	.9611228	.03887723	0	0
1179.15	0	.9600414	.03995865	0	0
1178.15	0	.9589621	.04103791	0	0
1177.15	0	.957885	.042115	0	0
1176.15	0	.9568101	.04318991	0	0
1175.15	0	.9557374	.04426264	0	0
1174.15	0	.9546668	.04533318	0	0
1173.15	0	.9535985	.04640154	0	0
1172.15	0	.9525323	.04746771	0	0
1171.15	0	.9514683	.04853168	0	0
1170.15	0	.9504065	.04959346	0	0
1169.15	0	.949347	.05065303	0	0
1168.15	0	.9482896	.0517104	0	0
1167.15	0	.9472345	.05276555	0	0
1166.15	0	.9461815	.05381849	0	0
1165.15	0	.9451308	.05486922	0	0
1164.15	0	.9440823	.05591772	0	0
1163.15	0	.943036	.056964	0	0
1162.15	0	.941992	.05800805	0	0
1161.15	0	.9409501	.05904986	0	0
1160.15	0	.9399106	.06008943	0	0
1159.15	0	.9388732	.06112677	0	0
1158.15	0	.9378382	.06216185	0	0
1157.15	0	.9368053	.06319469	0	0
1156.15	0	.9357747	.06422527	0	0
1155.15	0	.9347464	.06525359	0	0
1154.15	0	.9337203	.06627969	0	0
1153.15	0	.9326965	.06730348	0	0
1152.15	0	.931675	.068325	0	0
1151.15	0	.9306558	.06934424	0	0
1150.15	0	.9296388	.0703612	0	0
1149.15	0	.9286241	.07137588	0	0
1148.15	0	.9276117	.07238827	0	0
1147.15	0	.9266016	.07339836	0	0
1146.15	0	.9255938	.07440615	0	0
1145.25	0	.9246884	.07531164	0	0
1145.25	0	.9246884	.07531164	0	0
1145.25	0	.9246884	.07531164	0	0
1145.15	0	.9245615	.07539375	4.477682E-05	0
1144.15	0	.923289	.07621712	4.939273E-04	0
1143.15	0	.9220202	.07703784	9.419592E-04	0
1142.15	0	.9207552	.0778559	.001388875	0
1141.15	0	.919494	.07867131	.001834679	0
1140.15	0	.9182366	.07948407	.002279373	0
1139.15	0	.9169829	.08029418	.00272296	0
1138.15	0	.9157329	.08110164	.003165442	0
1137.15	0	.9144867	.08190646	.003606824	0
1136.15	0	.9132443	.08270862	.004047107	0
1135.15	0	.9120056	.08350815	.004486294	0
1134.15	0	.9107706	.08430503	.004924388	0
1133.15	0	.9095393	.08509927	.005361392	0
1132.15	0	.9083118	.08589086	.005797308	0
1131.15	0	.907088	.08667982	.00623214	0
1130.15	0	.905868	.08746613	.006665889	0
1129.15	0	.9046516	.08824981	.007098559	0
1128.15	0	.903439	.08903085	.007530151	0
1127.15	0	.9022301	.08980925	.00796067	0
1126.15	0	.9010249	.09058501	.008390117	0
1125.15	0	.8998234	.09135814	.008818494	0
1124.15	0	.8986256	.09212864	.009245805	0
1123.15	0	.8974315	.0928965	.009672052	0
1122.15	0	.896241	.09366172	.01009724	0
1121.15	0	.8950543	.09442432	.01052136	0
1120.15	0	.8938713	.09518428	.01094443	0
1119.15	0	.892692	.09594161	.01136645	0
1118.15	0	.8915163	.0966963	.01178741	0
1117.15	0	.8903443	.09744837	.01220733	0
1116.15	0	.889176	.09819781	.01262619	0
1115.15	0	.8880114	.09894461	.01304402	0
1114.15	0	.8868504	.09968879	.01346079	0
1113.15	0	.8856931	.1004303	.01387653	0
1112.15	0	.8845395	.1011693	.01429124	0
1111.15	0	.8833896	.1019055	.0147049	0
1110.15	0	.8822433	.1026392	.01511753	0
1109.15	0	.8811006	.1033702	.01552914	0
1108.15	0	.8799616	.1040987	.01593971	0
1107.15	0	.8788263	.1048244	.01634926	0
1106.15	0	.8776946	.1055476	.01675778	0
1105.15	0	.8765666	.1062681	.01716528	0
1104.15	0	.8754423	.106986	.01757176	0
1103.15	0	.8743215	.1077013	.01797722	0
1102.15	0	.8732044	.1084139	.01838166	0
1101.15	0	.872091	.1091239	.01878509	0
1100.15	0	.8709812	.1098313	.01918751	0
1099.15	0	.869875	.1105361	.01958892	0
1098.15	0	.8687725	.1112382	.01998932	0
1097.15	0	.8676736	.1119377	.02038871	0
1096.15	0	.8665783	.1126346	.0207871	0
1095.15	0	.8654867	.1133288	.02118449	0
1094.15	0	.8643987	.1140204	.02158088	0
1093.15	0	.8633143	.1147094	.02197627	0
1092.15	0	.8622336	.1153958	.02237066	0
1091.15	0	.8611564	.1160795	.02276406	0
1090.15	0	.8600829	.1167606	.02315646	0
1089.15	0	.859013	.1174391	.02354787	0
1088.15	0	.8579468	.1181149	.02393829	0
1087.15	0	.8568841	.1187882	.02432773	0
1086.15	0	.8558251	.1194587	.02471618	0
1085.15	0	.8547697	.1201267	.02510364	0
1084.15	0	.8537179	.120792	.02549012	0
1083.15	0	.8526697	.1214547	.02587562	0
1082.15	0	.8516251	.1221147	.02626014	0
1081.15	0	.8505842	.1227722	.02664369	0
1080.15	0	.8495468	.1234269	.02702625	0
1079.15	0	.8485131	.1240791	.02740784	0
1078.15	0	.8474829	.1247286	.02778846	0
1077.15	0	.8464564	.1253755	.02816811	0
1076.15	0	.8454335	.1260198	.02854678	0
1075.15	0	.8444142	.1266614	.02892449	0
1074.15	0	.8433984	.1273003	.02930123	0
1073.15	0	.8423863	.1279367	.029677	0
1072.15	0	.8413778	.1285704	.03005181	0
1071.15	0	.8403729	.1292014	.03042565	0
1070.15	0	.8393716	.1298298	.03079853	0
1069.15	0	.8383739	.1304556	.03117045	0
1068.15	0	.8373798	.1310787	.03154142	0
1067.15	0	.8363893	.1316993	.03191142	0
1066.15	0	.8354024	.1323171	.03228046	0
1065.15	0	.8344191	.1329323	.03264855	0
1064.15	0	.8334395	.1335449	.03301569	0
1063.15	0	.8324634	.1341548	.03338187	0
1062.15	0	.8314909	.1347621	.0337471	0
1061.15	0	.830522	.1353667	.03411137	0
1060.15	0	.8295567	.1359687	.0344747	0
1059.15	0	.8285949	.136568	.03483708	0
1058.15	0	.8276368	.1371647	.0351985	0
1057.15	0	.8266823	.1377587	.03555898	0
1056.15	0	.8257314	.1383501	.03591852	0
1055.15	0	.8247841	.1389388	.0362771	0
1054.15	0	.8238404	.1395249	.03663475	0
1053.15	0	.8229003	.1401083	.03699145	0
1052.15	0	.8219637	.1406891	.0373472	0
1051.15	0	.8210308	.1412672	.03770202	0
1050.15	0	.8201015	.1418426	.03805589	0
1049.15	0	.8191757	.1424154	.03840882	0
1048.15	0	.8182536	.1429856	.03876081	0
1047.15	0	.8173351	.1435531	.03911186	0
1046.15	0	.8164201	.1441179	.03946197	0
1045.15	0	.8155088	.1446801	.03981115	0
1044.15	0	.814601	.1452396	.04015938	0
1043.15	0	.8136969	.1457964	.04050668	0
1042.15	0	.8127964	.1463506	.04085305	0
1041.15	0	.8118994	.1469021	.04119847	0
1040.15	0	.8110061	.147451	.04154296	0
1039.15	0	.8101163	.1479972	.04188652	0
1038.15	0	.8092301	.1485407	.04222914	0
1037.15	0	.8083476	.1490816	.04257083	0
1036.15	0	.8074686	.1496198	.04291158	0
1035.15	0	.8065933	.1501553	.0432514	0
1034.15	0	.8057215	.1506882	.04359028	0
1033.15	0	.8048534	.1512184	.04392824	0
1032.15	0	.8039888	.1517459	.04426526	0
1031.15	0	.8031279	.1522708	.04460134	0
1030.15	0	.8022705	.152793	.04493649	0
1029.15	0	.8014168	.1533125	.04527072	0
1028.15	0	.8005666	.1538294	.045604	0
1027.15	0	.7997201	.1543435	.04593636	0
1026.15	0	.7988772	.1548551	.04626778	0
1025.15	0	.7980378	.1553639	.04659827	0
1024.15	0	.7972021	.1558701	.04692783	0
1023.15	0	.79637	.1563736	.04725645	0
1022.15	0	.7955414	.1568744	.04758414	0
1021.15	0	.7947165	.1573726	.0479109	0
1020.15	0	.7938952	.1578681	.04823672	0
1019.15	0	.7930775	.1583609	.04856161	0
1018.15	0	.7922634	.1588511	.04888557	0
1017.15	0	.7914529	.1593385	.04920859	0
1016.15	0	.790646	.1598234	.04953067	0
1015.15	0	.7898427	.1603055	.04985183	0
1014.15	0	.789043	.160785	.05017204	0
1013.15	0	.7882469	.1612618	.05049132	0
1012.15	0	.7874544	.1617359	.05080966	0
1011.15	0	.7866656	.1622074	.05112706	0
1010.15	0	.7858803	.1626762	.05144353	0
1009.15	0	.7850986	.1631423	.05175906	0
1008.15	0	.7843206	.1636058	.05207364	0
1007.15	0	.7835461	.1640666	.05238729	0
1006.15	0	.7827753	.1645247	.0527	0
1005.15	0	.782008	.1649802	.05301176	0
1004.15	0	.7812444	.165433	.05332258	0
1003.15	0	.7804844	.1658832	.05363245	0
1002.15	0	.7797279	.1663307	.05394139	0
1001.15	0	.7789751	.1667755	.05424937	0
1000.15	0	.7782259	.1672177	.05455641	0
999.15	0	.7774803	.1676572	.0548625	0
998.15	0	.7767382	.1680941	.05516764	0
997.15	0	.7759998	.1685284	.05547183	0
996.15	0	.775265	.1689599	.05577506	0
995.15	0	.7745338	.1693889	.05607734	0
994.15	0	.7738061	.1698152	.05637867	0
993.15	0	.7730821	.1702388	.05667904	0
992.15	0	.7723617	.1706599	.05697846	0
991.15	0	.7716448	.1710783	.05727691	0
990.15	0	.7709316	.171494	.0575744	0
989.15	0	.7702219	.1719071	.05787093	0
988.15	0	.7695159	.1723177	.0581665	0
987.15	0	.7688134	.1727255	.05846109	0
986.15	0	.7681145	.1731308	.05875472	0
985.15	0	.7674192	.1735335	.05904738	0
984.15	0	.7667274	.1739335	.05933907	0
983.15	0	.7660393	.1743309	.05962979	0
982.15	0	.7653547	.1747258	.05991952	0
981.15	0	.7646737	.175118	.06020828	0
980.15	0	.7639963	.1755077	.06049606	0
979.15	0	.7633224	.1758947	.06078285	0
978.15	0	.7626521	.1762792	.06106866	0
977.15	0	.7619854	.1766611	.06135348	0
976.15	0	.7613222	.1770405	.06163731	0
975.15	0	.7606626	.1774172	.06192015	0
974.15	0	.7600066	.1777914	.062202	0
973.15	0	.7593541	.1781631	.06248284	0
972.15	0	.7587051	.1785322	.06276268	0
971.15	0	.7580597	.1788988	.06304153	0
970.15	0	.7574178	.1792629	.06331936	0
969.15	0	.7567794	.1796244	.06359618	0
968.15	0	.7561446	.1799834	.06387199	0
967.15	0	.7555133	.1803399	.06414679	0
966.15	0	.7548855	.1806939	.06442056	0
965.15	0	.7542612	.1810455	.06469332	0
964.15	0	.7536404	.1813945	.06496505	0
963.15	0	.7530232	.1817411	.06523575	0
962.15	0	.7524094	.1820852	.06550541	0
961.15	0	.7517991	.1824269	.06577404	0
960.15	0	.7511923	.1827661	.06604163	0
959.15	0	.7505889	.1831029	.06630818	0
958.15	0	.749989	.1834373	.06657368	0
957.15	0	.7493926	.1837692	.06683812	0
956.15	0	.7487997	.1840988	.06710152	0
955.15	0	.7482101	.184426	.06736385	0
954.15	0	.747624	.1847509	.06762512	0
953.15	0	.7470414	.1850733	.06788532	0
952.15	0	.7464621	.1853934	.06814445	0
951.15	0	.7458863	.1857112	.0684025	0
950.15	0	.7453138	.1860267	.06865947	0
949.15	0	.7447447	.1863399	.06891535	0
948.15	0	.7441791	.1866508	.06917014	0
947.15	0	.7436167	.1869595	.06942383	0
946.15	0	.7430577	.1872658	.06967643	0
945.15	0	.7425021	.18757	.06992792	0
944.15	0	.7419498	.1878719	.07017829	0
943.15	0	.7414008	.1881717	.07042755	0
942.15	0	.7408551	.1884692	.07067569	0
941.15	0	.7403127	.1887646	.0709227	0
940.15	0	.7397736	.1890579	.07116857	0
939.15	0	.7392377	.189349	.07141331	0
938.15	0	.7387051	.189638	.0716569	0
937.15	0	.7381757	.189925	.07189934	0
936.15	0	.7376495	.1902099	.07214062	0
935.15	0	.7371265	.1904927	.07238074	0
934.15	0	.7366067	.1907736	.07261969	0
933.15	0	.7360901	.1910525	.07285746	0
932.15	0	.7355766	.1913294	.07309405	0
931.15	0	.7350662	.1916044	.07332945	0
930.15	0	.7345589	.1918774	.07356365	0
929.15	0	.7340547	.1921486	.07379665	0
928.15	0	.7335536	.1924179	.07402843	0
927.15	0	.7330556	.1926855	.074259	0
926.15	0	.7325605	.1929512	.07448834	0
925.15	0	.7320684	.1932151	.07471645	0
924.15	0	.7315794	.1934773	.07494331	0
923.15	0	.7310932	.1937378	.07516893	0
922.15	0	.73061	.1939967	.07539328	0
921.15	0	.7301297	.1942539	.07561637	0
920.15	0	.7296523	.1945095	.07583819	0
919.15	0	.7291777	.1947635	.07605872	0
918.15	0	.728706	.1950161	.07627795	0
917.15	0	.728237	.1952671	.07649589	0
916.15	0	.7277708	.1955167	.07671252	0
915.15	0	.7273074	.1957648	.07692782	0
914.15	0	.7268466	.1960116	.07714179	0
913.15	0	.7263885	.1962571	.07735443	0
912.15	0	.725933	.1965013	.07756571	0
911.15	0	.7254802	.1967442	.07777564	0
910.15	0	.7250299	.1969859	.07798419	0
909.15	0	.7245821	.1972265	.07819137	0
908.15	0	.7241369	.197466	.07839715	0
907.15	0	.723694	.1977044	.07860152	0
906.15	0	.7232536	.1979419	.07880449	0
905.15	0	.7228156	.1981784	.07900602	0
904.15	0	.7223799	.1984139	.07920612	0
903.15	0	.7219466	.1986487	.07940477	0
902.15	0	.7215154	.1988826	.07960195	0
901.15	0	.7210865	.1991159	.07979766	0
900.15	0	.7206597	.1993484	.07999188	0
899.15	0	.720235	.1995804	.0801846	0
898.15	0	.7198124	.1998118	.0803758	0
897.15	0	.7193918	.2000427	.08056548	0
896.15	0	.7189732	.2002732	.08075361	0
895.15	0	.7185565	.2005033	.08094018	0
894.15	0	.7181416	.2007332	.08112518	0
893.15	0	.7177286	.2009629	.08130859	0
892.15	0	.7173172	.2011924	.08149039	0
891.15	0	.7169076	.2014218	.08167058	0
890.15	0	.7164995	.2016513	.08184913	0
889.15	0	.7160931	.2018809	.08202603	0
888.15	0	.7156881	.2021106	.08220126	0
887.15	0	.7152846	.2023406	.0823748	0
886.15	0	.7148824	.202571	.08254663	0
885.15	0	.7144815	.2028018	.08271674	0
884.15	0	.7140818	.2030331	.08288511	0
883.15	0	.7136833	.203265	.08305172	0
882.15	0	.7132858	.2034976	.08321654	0
881.15	0	.7128894	.2037311	.08337956	0
880.15	0	.7124938	.2039654	.08354075	0
879.15	0	.7120991	.2042008	.0837001	0
878.15	0	.7117051	.2044373	.08385757	0
877.15	0	.7113118	.204675	.08401316	0
876.15	0	.7109191	.2049141	.08416683	0
875.15	0	.7105268	.2051547	.08431856	0
874.15	0	.7101349	.2053968	.08446833	0
873.15	0	.7097433	.2056406	.0846161	0
872.15	0	.7093519	.2058863	.08476186	0
871.15	0	.7089605	.2061339	.08490557	0
870.15	0	.7085691	.2063837	.08504721	0
869.15	0	.7081776	.2066357	.08518674	0
868.15	0	.7077858	.2068901	.08532415	0
867.15	0	.7073936	.207147	.08545938	0
866.15	0	.7070009	.2074066	.08559242	0
865.15	0	.7066076	.2076691	.08572323	0
864.15	0	.7062136	.2079347	.08585177	0
863.15	0	.7058186	.2082034	.08597801	0
862.15	0	.7054226	.2084755	.08610191	0
861.15	0	.7050255	.2087511	.08622343	0
860.15	0	.704627	.2090305	.08634253	0
859.15	0	.704227	.2093138	.08645917	0
858.15	0	.7038254	.2096013	.08657331	0
857.15	0	.7034219	.2098932	.0866849	0
856.15	0	.7030165	.2101897	.08679389	0
855.15	0	.7026088	.2104909	.08690023	0
854.15	0	.7021989	.2107973	.08700387	0
853.15	0	.7017863	.2111089	.08710476	0
852.15	0	.701371	.2114262	.08720284	0
851.15	0	.7009527	.2117493	.08729805	0
850.15	0	.7005312	.2120785	.08739034	0
849.15	0	.7001062	.2124142	.08747963	0
848.15	0	.6996776	.2127566	.08756585	0
847.15	0	.699245	.2131061	.08764894	0
846.15	0	.6988082	.213463	.08772882	0
845.15	0	.6983668	.2138278	.08780541	0
844.15	0	.6979207	.2142007	.08787863	0
843.15	0	.6974695	.2145821	.08794838	0
842.15	0	.6970128	.2149726	.08801458	0
841.15	0	.6965503	.2153726	.08807712	0
840.15	0	.6960816	.2157825	.0881359	0
839.15	0	.6956064	.2162028	.08819081	0
838.15	0	.6951242	.2166341	.08824173	0
837.15	0	.6946345	.2170769	.08828853	0
836.15	0	.694137	.217532	.08833107	0
835.15	0	.693631	.2179998	.08836922	0
834.15	0	.6931161	.2184811	.08840281	0
833.15	0	.6925916	.2189767	.08843167	0
832.15	0	.692057	.2194874	.08845564	0
831.15	0	.6915115	.220014	.08847451	0
830.15	0	.6909545	.2205574	.08848807	0
829.15	0	.6903852	.2211188	.08849609	0
828.15	0	.6898026	.2216991	.08849834	0
827.15	0	.6892059	.2222996	.08849453	0
826.15	0	.688594	.2229216	.08848438	0
825.15	0	.6879658	.2235666	.08846756	0
824.15	0	.687134	.2244617	.08840436	0
823.15	0	.6858805	.225873	.08824656	0
822.15	0	.6847004	.2272016	.08809799	0
821.15	0	.6835874	.2284548	.08795778	0
820.15	0	.682536	.2296388	.08782514	0
819.15	0	.6815412	.2307594	.0876994	0
818.15	0	.6805986	.2318214	.08757996	0
817.15	0	.6797044	.2328293	.08746628	0
816.15	0	.678855	.2337871	.0873579	0
815.15	0	.6780473	.2346984	.0872544	0
814.15	0	.6772784	.2355663	.08715539	0
813.15	0	.6765457	.2363938	.08706053	0
812.15	0	.6758469	.2371836	.08696953	0
811.15	0	.6751799	.237938	.0868821	0
810.15	0	.6745426	.2386594	.08679799	0
809.15	0	.6739333	.2393498	.08671697	0
808.15	0	.6733502	.2400109	.08663883	0
807.15	0	.672792	.2406447	.08656338	0
806.15	0	.672257	.2412526	.08649044	0
805.15	0	.6717441	.2418361	.08641986	0
804.15	0	.671252	.2423966	.08635147	0
803.15	0	.6707795	.2429353	.08628515	0
802.15	0	.6703257	.2434535	.08622077	0
801.15	0	.6698895	.2439523	.08615821	0
800.15	0	.66947	.2444326	.08609736	0
799.15	0	.6690664	.2448955	.08603812	0
798.15	0	.6686778	.2453418	.0859804	0
797.15	0	.6683036	.2457723	.0859241	0
796.15	0	.6679429	.246188	.08586915	0
795.15	0	.6675951	.2465894	.08581548	0
794.15	0	.6672597	.2469773	.085763	0
793.15	0	.666936	.2473524	.08571165	0
792.15	0	.6666234	.2477152	.08566138	0
791.15	0	.6663215	.2480664	.08561212	0
790.15	0	.6660297	.2484065	.08556382	0
789.15	0	.6657476	.248736	.08551642	0
788.15	0	.6654747	.2490554	.08546988	0
787.15	0	.6652107	.2493652	.08542414	0
786.15	0	.6649551	.2496657	.08537918	0
785.15	0	.6647075	.2499575	.08533495	0
784.15	0	.6644677	.2502409	.08529141	0
783.15	0	.6642352	.2505163	.08524851	0
782.15	0	.6640097	.250784	.08520624	0
781.15	0	.663791	.2510444	.08516456	0
780.15	0	.6635788	.2512978	.08512343	0
779.15	0	.6633727	.2515445	.08508283	0
778.15	0	.6631726	.2517847	.08504274	0
777.15	0	.6629781	.2520188	.08500311	0
776.15	0	.6627891	.252247	.08496394	0
775.15	0	.6626052	.2524696	.08492519	0
774.15	0	.6624264	.2526867	.08488685	0
773.15	0	.6622524	.2528987	.08484889	0
772.15	0	.662083	.2531057	.0848113	0
771.15	0	.6619179	.253308	.08477405	0
770.15	0	.6617572	.2535057	.08473713	0
769.15	0	.6616005	.253699	.08470052	0
768.15	0	.6614477	.2538881	.0846642	0
767.15	0	.6612986	.2540732	.08462816	0
766.15	0	.6611532	.2542544	.08459238	0
765.15	0	.6610138	.25443	.08455624	0
764.15	0	.6608749	.2546041	.08452099	0
763.15	0	.6607393	.2547747	.08448596	0
762.15	0	.6606067	.2549421	.08445114	0
761.15	0	.6604772	.2551063	.08441652	0
760.15	0	.6603505	.2552675	.08438208	0
759.15	0	.6602265	.2554257	.08434782	0
758.15	0	.6601052	.2555811	.08431373	0
757.15	0	.6599864	.2557338	.08427978	0
756.15	0	.6598701	.2558839	.08424599	0
755.15	0	.6597561	.2560316	.08421233	0
754.15	0	.6596444	.2561768	.0841788	0
753.15	0	.6595349	.2563197	.08414539	0
752.15	0	.6594275	.2564604	.08411209	0
751.15	0	.6593221	.256599	.08407891	0
750.15	0	.6592187	.2567355	.08404582	0
749.15	0	.6591172	.25687	.08401282	0
748.15	0	.6590175	.2570026	.08397991	0
747.15	0	.6589195	.2571335	.08394708	0
746.15	0	.6588232	.2572625	.08391432	0
745.15	0	.6587285	.2573899	.08388163	0
744.15	0	.6586354	.2575156	.08384901	0
743.15	0	.6585438	.2576398	.08381644	0
742.15	0	.6584536	.2577624	.08378393	0
741.15	0	.6583649	.2578837	.08375146	0
740.15	0	.6582775	.2580035	.08371904	0
739.15	0	.6581914	.2581219	.08368666	0
738.15	0	.6581066	.2582391	.08365432	0
737.15	0	.6580229	.258355	.08362201	0
736.15	0	.6579405	.2584698	.08358973	0
735.15	0	.6578592	.2585833	.08355747	0
734.15	0	.657779	.2586958	.08352523	0
733.15	0	.6576998	.2588072	.08349301	0
732.15	0	.6576216	.2589175	.08346081	0
731.15	0	.6575445	.2590269	.08342862	0
730.15	0	.6574682	.2591353	.08339643	0
729.15	0	.6573929	.2592428	.08336426	0
728.15	0	.6573185	.2593494	.08333209	0
727.15	0	.6572449	.2594551	.08329991	0
726.15	0	.6571722	.2595601	.08326774	0
725.15	0	.6571003	.2596642	.08323557	0
724.15	0	.6570291	.2597676	.08320339	0
723.15	0	.6569586	.2598702	.0831712	0
722.15	0	.6568889	.2599721	.083139	0
721.15	0	.6568199	.2600733	.08310679	0
720.15	0	.6567515	.2601739	.08307457	0
719.15	0	.6566838	.2602738	.08304233	0
718.15	0	.6566168	.2603732	.08301008	0
717.15	0	.6565503	.2604719	.08297781	0
716.15	0	.6564844	.2605701	.08294552	0
715.15	0	.6564191	.2606677	.08291321	0
714.15	0	.6563543	.2607648	.08288087	0
713.15	0	.6562901	.2608614	.08284852	0
712.15	0	.6562264	.2609575	.08281613	0
711.15	0	.6561631	.2610531	.08278373	0
710.15	0	.6561004	.2611483	.08275129	0
709.15	0	.6560381	.2612431	.08271883	0
708.15	0	.6559763	.2613374	.08268634	0
707.15	0	.6559149	.2614313	.08265382	0
706.15	0	.6558539	.2615248	.08262127	0
705.15	0	.6557933	.261618	.08258869	0
704.15	0	.6557332	.2617108	.08255608	0
703.15	0	.6556734	.2618032	.08252343	0
702.15	0	.655614	.2618953	.08249075	0
701.15	0	.6555549	.2619871	.08245804	0
700.15	0	.6554962	.2620785	.08242529	0
699.15	0	.6554378	.2621697	.08239251	0
698.15	0	.6553798	.2622605	.08235969	0
697.15	0	.655322	.2623511	.08232684	0
696.15	0	.6552646	.2624414	.08229395	0
695.15	0	.6552075	.2625315	.08226103	0
694.15	0	.6551507	.2626213	.08222807	0
693.15	0	.6550941	.2627108	.08219506	0
692.15	0	.6550378	.2628002	.08216203	0
691.15	0	.6549818	.2628893	.08212895	0
690.15	0	.654926	.2629781	.08209584	0
689.15	0	.6548705	.2630668	.08206269	0
688.15	0	.6548152	.2631553	.0820295	0
687.15	0	.6547602	.2632435	.08199628	0
686.15	0	.6547054	.2633316	.08196301	0
685.15	0	.6546508	.2634195	.08192971	0
684.15	0	.6545964	.2635073	.08189637	0
683.15	0	.6545422	.2635948	.08186299	0
682.15	0	.6544882	.2636822	.08182957	0
681.15	0	.6544345	.2637694	.08179611	0
680.15	0	.6543809	.2638565	.08176262	0
679.15	0	.6543275	.2639435	.08172909	0
678.15	0	.6542743	.2640302	.08169552	0
677.15	0	.6542212	.2641169	.08166191	0
676.15	0	.6541683	.2642034	.08162826	0
675.15	0	.6541156	.2642898	.08159458	0
674.15	0	.6540631	.2643761	.08156085	0
673.15	0	.6540107	.2644622	.0815271	0
672.15	0	.6539585	.2645482	.0814933	0
671.15	0	.6539064	.2646342	.08145947	0
670.15	0	.6538544	.26472	.0814256	0
669.15	0	.6538027	.2648057	.08139169	0
668.15	0	.653751	.2648912	.08135775	0
667.15	0	.6536995	.2649768	.08132378	0
666.15	0	.6536481	.2650621	.08128976	0
665.15	0	.6535968	.2651475	.08125571	0
664.15	0	.6535457	.2652327	.08122163	0
663.15	0	.6534947	.2653178	.08118752	0
662.15	0	.6534438	.2654028	.08115337	0
661.15	0	.6533931	.2654878	.08111918	0
660.15	0	.6533424	.2655726	.08108497	0
659.15	0	.6532919	.2656574	.08105072	0
658.15	0	.6532414	.2657421	.08101643	0
657.15	0	.6531911	.2658268	.08098212	0
656.15	0	.6531409	.2659113	.08094777	0
655.15	0	.6530908	.2659958	.0809134	0
654.15	0	.6530408	.2660802	.08087899	0
653.15	0	.6529909	.2661646	.08084455	0
652.15	0	.6529411	.2662489	.08081009	0
651.15	0	.6528914	.2663331	.08077559	0
650.15	0	.6528417	.2664172	.08074107	0
649.15	0	.6527922	.2665013	.08070651	0
648.15	0	.6527428	.2665853	.08067193	0
647.15	0	.6526935	.2666692	.08063732	0
646.15	0	.6526442	.2667531	.08060269	0
645.15	0	.652595	.2668369	.08056803	0
644.15	0	.652546	.2669207	.08053334	0
643.15	0	.652497	.2670044	.08049863	0
642.15	0	.6524481	.2670881	.0804639	0
641.15	0	.6523992	.2671716	.08042914	0
640.15	0	.6523505	.2672552	.08039435	0
639.15	0	.6523018	.2673386	.08035955	0
638.15	0	.6522532	.2674221	.08032472	0
637.15	0	.6522047	.2675054	.08028987	0
636.15	0	.6521563	.2675887	.080255	0
635.15	0	.6521079	.2676719	.08022011	0
634.15	0	.6520597	.2677551	.0801852	0
633.15	0	.6520115	.2678383	.08015027	0
632.15	0	.6519633	.2679213	.08011532	0
631.15	0	.6519153	.2680044	.08008036	0
630.15	0	.6518673	.2680873	.08004537	0
629.15	0	.6518194	.2681702	.08001037	0
628.15	0	.6517716	.2682531	.07997535	0
627.15	0	.6517238	.2683359	.07994032	0
626.15	0	.6516761	.2684186	.07990528	0
625.15	0	.6516285	.2685013	.07987022	0
624.15	0	.651581	.2685839	.07983514	0
623.15	0	.6515335	.2686665	.07980006	0
622.15	0	.6514861	.268749	.07976496	0
621.15	0	.6514387	.2688314	.07972985	0
620.15	0	.6513915	.2689138	.07969473	0
619.15	0	.6513443	.2689961	.07965959	0
618.15	0	.6512971	.2690784	.07962445	0
617.15	0	.6512501	.2691606	.0795893	0
616.15	0	.6512031	.2692428	.07955415	0
615.15	0	.6511561	.2693249	.07951898	0
614.15	0	.6511093	.2694069	.07948381	0
613.15	0	.6510625	.2694889	.07944863	0
612.15	0	.6510158	.2695708	.07941345	0
611.15	0	.6509691	.2696526	.07937826	0
610.15	0	.6509225	.2697344	.07934307	0
609.15	0	.650876	.2698161	.07930788	0
608.15	0	.6508295	.2698978	.07927268	0
607.15	0	.6507831	.2699794	.07923748	0
606.15	0	.6507368	.2700609	.07920228	0
605.15	0	.6506906	.2701423	.07916708	0
604.15	0	.6506444	.2702237	.07913188	0
603.15	0	.6505983	.270305	.07909668	0
602.15	0	.6505522	.2703863	.07906148	0
601.15	0	.6505063	.2704675	.07902629	0
600.15	0	.6504603	.2705486	.07899109	0
599.15	0	.6504145	.2706296	.07895591	0
598.15	0	.6503687	.2707106	.07892072	0
597.15	0	.650323	.2707914	.07888555	0
596.15	0	.6502774	.2708722	.07885037	0
595.15	0	.6502318	.270953	.07881521	0
594.15	0	.6501863	.2710336	.07878005	0
593.15	0	.6501409	.2711142	.0787449	0
592.15	0	.6500955	.2711947	.07870976	0
591.15	0	.6500502	.2712751	.07867463	0
590.15	0	.650005	.2713555	.07863951	0
589.15	0	.6499599	.2714357	.0786044	0
588.15	0	.6499148	.2715159	.07856931	0
587.15	0	.6498698	.271596	.07853422	0
586.15	0	.6498248	.271676	.07849915	0
585.15	0	.64978	.2717559	.0784641	0
584.15	0	.6497352	.2718358	.07842905	0
583.15	0	.6496905	.2719155	.07839403	0
582.15	0	.6496458	.2719952	.07835902	0
581.15	0	.6496012	.2720747	.07832403	0
580.15	0	.6495567	.2721542	.07828905	0
579.15	0	.6495123	.2722336	.0782541	0
578.15	0	.6494679	.2723129	.07821916	0
577.15	0	.6494237	.2723921	.07818425	0
576.15	0	.6493795	.2724712	.07814935	0
575.15	0	.6493353	.2725502	.07811448	0
574.15	0	.6492913	.2726291	.07807963	0
573.15	0	.6492473	.2727079	.0780448	0
572.15	0	.6492034	.2727866	.07801	0
571.15	0	.6491596	.2728652	.07797522	0
570.15	0	.6491158	.2729437	.07794046	0
569.15	0	.6490721	.2730221	.07790574	0
568.15	0	.6490285	.2731004	.07787104	0
567.15	0	.648985	.2731786	.07783636	0
566.15	0	.6489416	.2732567	.07780172	0
565.15	0	.6488982	.2733347	.0777671	0
564.15	0	.648855	.2734125	.07773252	0
563.15	0	.6488118	.2734903	.07769796	0
562.15	0	.6487686	.2735679	.07766344	0
561.15	0	.6487256	.2736455	.07762895	0
560.15	0	.6486826	.2737229	.07759449	0
559.15	0	.6486398	.2738002	.07756007	0
558.15	0	.648597	.2738773	.07752568	0
557.15	0	.6485543	.2739544	.07749132	0
556.15	0	.6485116	.2740314	.077457	0
555.15	0	.6484691	.2741082	.07742272	0
554.15	0	.6484266	.2741849	.07738848	0
553.15	0	.6483843	.2742615	.07735427	0
552.15	0	.648342	.2743379	.07732011	0
551.15	0	.6482998	.2744143	.07728598	0
550.15	0	.6482577	.2744905	.07725189	0
549.15	0	.6482156	.2745665	.07721784	0
548.15	0	.6481737	.2746425	.07718384	0
547.15	0	.6481318	.2747183	.07714988	0
546.15	0	.64809	.274794	.07711596	0
545.15	0	.6480484	.2748695	.07708209	0
544.15	0	.6480068	.274945	.07704826	0
543.15	0	.6479653	.2750203	.07701448	0
542.15	0	.6479239	.2750954	.07698074	0
541.15	0	.6478825	.2751704	.07694705	0
540.15	0	.6478413	.2752453	.07691341	0
539.15	0	.6478002	.27532	.07687982	0
538.15	0	.6477591	.2753946	.07684627	0
537.15	0	.6477182	.2754691	.07681278	0
536.15	0	.6476773	.2755434	.07677934	0
535.15	0	.6476365	.2756175	.07674594	0
534.15	0	.6475959	.2756915	.07671261	0
533.15	0	.6475553	.2757654	.07667932	0
532.15	0	.6475148	.2758391	.07664609	0
531.15	0	.6474744	.2759127	.07661291	0
530.15	0	.6474341	.2759861	.07657979	0
529.15	0	.6473939	.2760594	.07654672	0
528.15	0	.6473538	.2761325	.07651371	0
527.15	0	.6473138	.2762054	.07648076	0
526.15	0	.6472739	.2762782	.07644787	0
525.15	0	.6472341	.2763509	.07641504	0
524.15	0	.6471944	.2764234	.07638226	0
523.15	0	.6471548	.2764957	.07634955	0
522.15	0	.6471153	.2765679	.07631689	0
521.15	0	.6470759	.2766399	.0762843	0
520.15	0	.6470365	.2767117	.07625177	0
519.15	0	.6469973	.2767834	.07621931	0
518.15	0	.6469582	.2768549	.07618691	0
517.15	0	.6469192	.2769262	.07615457	0
516.15	0	.6468803	.2769974	.0761223	0
515.15	0	.6468415	.2770684	.07609009	0
514.15	0	.6468028	.2771392	.07605795	0
513.15	0	.6467642	.2772099	.07602588	0
512.15	0	.6467257	.2772804	.07599388	0
511.15	0	.6466875	.2773507	.07596181	0
510.15	0	.6466492	.2774208	.07592994	0
509.15	0	.6466111	.2774908	.07589814	0
508.15	0	.646573	.2775606	.07586642	0
507.15	0	.6465351	.2776302	.07583476	0
506.15	0	.6464972	.2776996	.07580318	0
505.15	0	.6464595	.2777689	.07577167	0
504.15	0	.6464218	.2778379	.07574024	0
503.15	0	.6463843	.2779068	.07570888	0
502.15	0	.6463469	.2779755	.0756776	0
501.15	0	.6463096	.278044	.07564639	0
500.15	0	.6462724	.2781123	.07561526	0
499.15	0	.6462353	.2781805	.0755842	0
498.15	0	.6461984	.2782484	.07555323	0
497.15	0	.6461615	.2783162	.07552233	0
496.15	0	.6461247	.2783837	.07549151	0
495.15	0	.6460881	.2784511	.07546077	0
494.15	0	.6460516	.2785183	.07543011	0
493.15	0	.6460152	.2785853	.07539954	0
492.15	0	.6459789	.2786521	.07536904	0
491.15	0	.6459427	.2787187	.07533863	0
490.15	0	.6459066	.2787851	.0753083	0
489.15	0	.6458707	.2788512	.07527806	0
488.15	0	.6458349	.2789173	.0752479	0
487.15	0	.6457991	.278983	.07521782	0
486.15	0	.6457635	.2790486	.07518783	0
485.15	0	.645728	.279114	.07515793	0
484.15	0	.6456927	.2791792	.07512812	0
483.15	0	.6456574	.2792442	.07509839	0
482.15	0	.6456223	.279309	.07506875	0
481.15	0	.6455873	.2793735	.0750392	0
480.15	0	.6455524	.2794379	.07500975	0
479.15	0	.6455176	.279502	.07498038	0
478.15	0	.645483	.2795659	.0749511	0
477.15	0	.6454484	.2796297	.07492191	0
476.15	0	.645414	.2796932	.07489282	0
475.15	0	.6453797	.2797565	.07486382	0
474.15	0	.6453456	.2798195	.07483492	0
473.15	0	.6453115	.2798824	.0748061	0
472.15	0	.6452776	.279945	.07477739	0
471.15	0	.6452438	.2800075	.07474876	0
470.15	0	.6452101	.2800697	.07472024	0
469.15	0	.6451765	.2801317	.07469181	0
468.15	0	.6451431	.2801934	.07466348	0
467.15	0	.6451098	.280255	.07463525	0
466.15	0	.6450766	.2803163	.07460711	0
465.15	0	.6450435	.2803774	.07457908	0
464.15	0	.6450106	.2804383	.07455114	0
463.15	0	.6449778	.2804989	.07452331	0
462.15	0	.6449451	.2805593	.07449557	0
461.15	0	.6449125	.2806195	.07446794	0
460.15	0	.6448801	.2806795	.07444041	0
459.15	0	.6448478	.2807392	.07441298	0
458.15	0	.6448156	.2807987	.07438566	0
457.15	0	.6447836	.280858	.07435844	0
456.15	0	.6447517	.280917	.07433132	0
455.15	0	.6447198	.2809758	.07430431	0
454.15	0	.6446882	.2810344	.0742774	0
453.15	0	.6446567	.2810928	.0742506	0
452.15	0	.6446252	.2811509	.07422391	0
451.15	0	.644594	.2812087	.07419733	0
450.15	0	.6445628	.2812663	.07417085	0
449.15	0	.6445318	.2813237	.0741445	0
448.15	0	.644501	.2813808	.07411826	0
447.15	0	.6444703	.2814376	.07409213	0
446.15	0	.6444397	.2814942	.07406612	0
445.15	0	.6444093	.2815505	.07404023	0
444.15	0	.644379	.2816065	.07401445	0
443.15	0	.6443489	.2816623	.07398879	0
442.15	0	.644319	.2817178	.07396326	0
441.15	0	.6442892	.281773	.07393785	0
440.15	0	.6442595	.2818279	.07391257	0
439.15	0	.64423	.2818826	.07388741	0
438.15	0	.6442007	.2819369	.07386239	0
437.15	0	.6441716	.2819909	.0738375	0
436.15	0	.6441426	.2820447	.07381274	0
435.15	0	.6441138	.2820981	.07378811	0
434.15	0	.6440852	.2821512	.07376362	0
433.15	0	.6440568	.282204	.07373926	0
432.15	0	.6440285	.2822565	.07371505	0
431.15	0	.6440004	.2823086	.07369097	0
430.15	0	.6439725	.2823605	.07366704	0
429.15	0	.6439448	.282412	.07364324	0
428.15	0	.6439173	.2824631	.07361959	0
427.15	0	.6438899	.282514	.07359608	0
426.15	0	.6438628	.2825645	.07357272	0
425.15	0	.6438358	.2826147	.0735495	0
424.15	0	.6438091	.2826645	.07352643	0
423.15	0	.6437825	.282714	.07350351	0
422.15	0	.6437561	.2827632	.07348074	0
421.15	0	.6437299	.282812	.07345811	0
420.15	0	.6437039	.2828604	.07343563	0
419.15	0	.6436781	.2829086	.0734133	0
418.15	0	.6436525	.2829564	.07339113	0
417.15	0	.6436271	.2830038	.0733691	0
416.15	0	.6436019	.2830509	.07334723	0
415.15	0	.6435769	.2830976	.07332551	0
414.15	0	.6435521	.283144	.07330394	0
413.15	0	.6435274	.2831901	.07328253	0
412.15	0	.643503	.2832358	.07326127	0
411.15	0	.6434787	.2832811	.07324016	0
410.15	0	.6434547	.2833261	.0732192	0
409.15	0	.6434309	.2833707	.0731984	0
408.15	0	.6434072	.283415	.07317776	0
407.15	0	.6433837	.283459	.07315727	0
406.15	0	.6433605	.2835026	.07313693	0
405.15	0	.6433374	.2835459	.07311675	0
404.15	0	.6433145	.2835888	.07309673	0
403.15	0	.6432918	.2836313	.07307685	0
402.15	0	.6432693	.2836735	.07305714	0
401.15	0	.643247	.2837154	.07303758	0
400.15	0	.6432249	.2837569	.07301817	0
399.15	0	.643203	.2837981	.07299892	0
398.15	0	.6431812	.283839	.07297982	0
397.15	0	.6431597	.2838795	.07296088	0
396.15	0	.6431383	.2839196	.0729421	0
395.15	0	.6431171	.2839595	.07292347	0
394.15	0	.6430961	.2839989	.07290499	0
393.15	0	.6430752	.2840381	.07288666	0
392.15	0	.6430546	.2840769	.07286849	0
391.15	0	.6430342	.2841154	.07285048	0
390.15	0	.6430139	.2841535	.07283262	0
389.15	0	.6429938	.2841913	.07281491	0
388.15	0	.6429738	.2842288	.07279735	0
388.0446	0	.6429717	.2842328	.07279551	0
388.0446	0	.6429717	.2842328	.07279551	0
388.0446	0	.6429717	.2842328	.07279551	0
387.15	0	.6431797	.2837371	.07253086	5.523843E-04
386.15	0	.6434118	.2831835	.07223555	.001169142
385.15	0	.6436436	.2826305	.07194079	.001785135
384.15	0	.6438751	.282078	.07164658	.002400369
383.15	0	.6441062	.281526	.07135292	.003014851
382.15	0	.644337	.2809746	.0710598	.003628587
381.15	0	.6445676	.2804236	.07076722	.004241583
380.15	0	.6447978	.2798732	.07047519	.004853843
379.15	0	.6450277	.2793232	.07018369	.005465376
378.15	0	.6452574	.2787737	.06989272	.006076185
377.15	0	.6454867	.2782247	.06960228	.006686277
376.15	0	.6457158	.2776762	.06931237	.007295656
375.15	0	.6459446	.2771281	.06902298	.00790433
374.15	0	.6461731	.2765804	.06873412	.008512303
373.15	0	.6464014	.2760333	.06844578	.00911958
372.15	0	.6466294	.2754865	.06815795	.009726168
371.15	0	.6468571	.2749402	.06787064	.01033207
370.15	0	.6470846	.2743943	.06758384	.01093729
369.15	0	.6473119	.2738488	.06729755	.01154184
368.15	0	.6475388	.2733037	.06701177	.01214572
367.15	0	.6477656	.272759	.06672649	.01274893
366.15	0	.6479921	.2722147	.06644171	.01335149
365.15	0	.6482184	.2716708	.06615743	.01395339
364.15	0	.6484444	.2711273	.06587365	.01455464
363.15	0	.6486703	.2705842	.06559037	.01515524
362.15	0	.6488959	.2700414	.06530757	.01575521
361.15	0	.6491212	.269499	.06502526	.01635453
360.15	0	.6493464	.2689569	.06474345	.01695323
359.15	0	.6495713	.2684152	.06446211	.0175513
358.15	0	.6497961	.2678739	.06418126	.01814875
357.15	0	.6500207	.2673329	.06390089	.01874558
356.15	0	.650245	.2667922	.063621	.01934179
355.15	0	.6504691	.2662519	.06334158	.0199374
354.15	0	.6506931	.2657119	.06306264	.0205324
353.15	0	.6509169	.2651722	.06278417	.0211268
352.15	0	.6511404	.2646328	.06250616	.02172061
351.15	0	.6513638	.2640938	.06222863	.02231382
350.15	0	.651587	.263555	.06195156	.02290644
349.15	0	.65181	.2630165	.06167495	.02349848
348.15	0	.6520329	.2624784	.0613988	.02408993
347.15	0	.6522556	.2619405	.06112311	.02468081
346.15	0	.6524781	.2614029	.06084788	.02527112
345.15	0	.6527004	.2608657	.06057311	.02586085
344.15	0	.6529226	.2603286	.06029878	.02645002
343.15	0	.6531446	.2597919	.06002491	.02703863
342.15	0	.6533664	.2592554	.05975149	.02762668
341.15	0	.6535881	.2587192	.05947851	.02821418
340.15	0	.6538096	.2581833	.05920598	.02880112
339.15	0	.654031	.2576476	.05893389	.02938751
338.15	0	.6542522	.2571122	.05866224	.02997336
337.15	0	.6544733	.256577	.05839104	.03055867
336.15	0	.6546942	.2560421	.05812027	.03114344
