T	 BPW(LIQUID)	BPW(BCC_A2)	BPW(FCC_A1)	BPW(LAVES_PHASE_C14)	BPW(NI3TI)
1473.15	.07905678	.9209432	0	0	0
1472.82	.07829205	.921708	0	0	0
1472.82	.07829205	.921708	0	0	0
1472.82	.07829205	.921708	0	0	0
1472.15	.07485691	.9238543	0	.001288793	0
1471.15	.06981259	.9270009	0	.003186494	0
1470.15	.06486154	.9300832	0	.005055282	0
1469.15	.06000132	.9331027	0	.006895931	0
1468.15	.05522958	.9360612	0	.008709192	0
1467.15	.05054404	.9389602	0	.01049579	0
1466.15	.0459425	.9418011	0	.01225642	0
1465.15	.04142283	.9445854	0	.01399176	0
1464.15	.03698298	.9473145	0	.01570247	0
1463.15	.03262095	.9499899	0	.01738918	0
1462.15	.02833482	.9526127	0	.01905249	0
1461.15	.02412272	.9551843	0	.02069301	0
1460.15	.01998284	.9577059	0	.02231129	0
1459.15	.01591344	.9601787	0	.02390791	0
1458.15	.01191282	.9626038	0	.02548339	0
1457.15	.007979337	.9649824	0	.02703826	0
1457.01	.007434231	.9653116	0	.0272542	0
1457.01	.007434231	.9653116	0	.0272542	0
1457.01	.007434231	.9653116	0	.0272542	0
1456.59	0	.9578045	.01238468	.02981084	0
1456.59	0	.9578045	.01238468	.02981084	0
1456.15	0	.9561662	.01368767	.03014609	0
1455.15	0	.9524499	.01664412	.030906	0
1454.15	0	.9487437	.01959329	.03166301	0
1453.15	0	.9450477	.02253521	.03241713	0
1452.15	0	.9413617	.02546989	.03316838	0
1451.15	0	.9376859	.02839733	.03391676	0
1450.15	0	.9340201	.03131755	.0346623	0
1449.15	0	.9303644	.03423056	.035405	0
1448.15	0	.9267187	.03713638	.03614489	0
1447.15	0	.923083	.040035	.03688196	0
1446.15	0	.9194573	.04292645	.03761624	0
1445.15	0	.9158415	.04581074	.03834774	0
1444.15	0	.9122357	.04868786	.03907647	0
1443.15	0	.9086397	.05155785	.03980245	0
1442.15	0	.9050536	.0544207	.04052568	0
1441.15	0	.9014774	.05727642	.04124618	0
1440.15	0	.897911	.06012504	.04196397	0
1439.15	0	.8943544	.06296655	.04267905	0
1438.15	0	.8908076	.06580097	.04339144	0
1437.15	0	.8872706	.0686283	.04410115	0
1436.15	0	.8837432	.07144856	.0448082	0
1435.15	0	.8802257	.07426176	.04551258	0
1434.15	0	.8767178	.07706791	.04621433	0
1433.15	0	.8732195	.07986701	.04691345	0
1432.15	0	.869731	.08265908	.04760995	0
1431.15	0	.866252	.08544412	.04830384	0
1430.15	0	.8627827	.08822214	.04899514	0
1429.15	0	.859323	.09099316	.04968385	0
1428.15	0	.8558728	.09375718	.05037	0
1427.15	0	.8524322	.09651421	.05105358	0
1426.15	0	.8490011	.09926426	.05173462	0
1425.15	0	.8455795	.1020073	.05241313	0
1424.15	0	.8421674	.1047435	.0530891	0
1423.15	0	.8387648	.1074726	.05376257	0
1422.15	0	.8353716	.1101948	.05443354	0
1421.15	0	.8319879	.1129101	.05510201	0
1420.15	0	.8286136	.1156184	.05576801	0
1419.15	0	.8252486	.1183199	.05643154	0
1418.15	0	.821893	.1210144	.05709261	0
1417.15	0	.8185468	.123702	.05775123	0
1416.15	0	.8152099	.1263826	.05840743	0
1415.15	0	.8118824	.1290564	.05906119	0
1414.15	0	.8085641	.1317233	.05971255	0
1413.15	0	.8052551	.1343834	.0603615	0
1412.15	0	.8019554	.1370366	.06100806	0
1411.15	0	.7986649	.1396828	.06165224	0
1410.15	0	.7953837	.1423223	.06229405	0
1409.15	0	.7921116	.1449549	.0629335	0
1408.15	0	.7888488	.1475806	.0635706	0
1407.15	0	.7855951	.1501995	.06420535	0
1406.15	0	.7823506	.1528116	.06483778	0
1405.15	0	.7791153	.1554168	.0654679	0
1404.15	0	.7758891	.1580152	.0660957	0
1403.15	0	.772672	.1606068	.0667212	0
1402.15	0	.769464	.1631916	.06734442	0
1401.15	0	.766265	.1657696	.06796536	0
1400.15	0	.7630752	.1683408	.06858403	0
1399.15	0	.7598944	.1709052	.06920044	0
1398.15	0	.7567226	.1734628	.0698146	0
1397.15	0	.7535599	.1760136	.07042652	0
1396.15	0	.750406	.1785579	.0710361	0
1395.15	0	.7472612	.1810953	.07164358	0
1394.15	0	.7441253	.1836258	.07224884	0
1393.15	0	.7409985	.1861496	.0728519	0
1392.15	0	.7378806	.1886667	.07345277	0
1391.15	0	.7347716	.1911769	.07405146	0
1390.15	0	.7316716	.1936805	.07464797	0
1389.15	0	.7285804	.1961772	.07524232	0
1388.15	0	.7254982	.1986673	.07583452	0
1387.15	0	.7224249	.2011506	.07642457	0
1386.15	0	.7193604	.2036271	.07701249	0
1385.15	0	.7163048	.2060969	.07759828	0
1384.15	0	.713258	.20856	.07818195	0
1383.15	0	.7102201	.2110164	.07876351	0
1382.15	0	.707191	.213466	.07934297	0
1381.15	0	.7041708	.2159089	.07992033	0
1380.15	0	.7011593	.2183451	.08049562	0
1379.15	0	.6981566	.2207745	.08106883	0
1378.15	0	.6951627	.2231973	.08163998	0
1377.15	0	.6921776	.2256133	.08220906	0
1376.15	0	.6892013	.2280226	.08277611	0
1375.15	0	.6862337	.2304252	.08334111	0
1374.15	0	.6832748	.2328211	.08390408	0
1373.15	0	.6803247	.2352103	.08446502	0
1372.15	0	.6773833	.2375928	.08502395	0
1371.15	0	.6744506	.2399685	.08558088	0
1370.15	0	.6715266	.2423376	.0861358	0
1369.15	0	.6686113	.2446999	.08668874	0
1368.15	0	.6657047	.2470556	.08723969	0
1367.15	0	.6628068	.2494046	.08778867	0
1366.15	0	.6599175	.2517468	.08833569	0
1365.15	0	.6570369	.2540823	.08888075	0
1364.15	0	.654165	.2564112	.08942385	0
1363.15	0	.6513017	.2587333	.08996502	0
1362.15	0	.648447	.2610487	.09050425	0
1361.15	0	.645601	.2633575	.09104155	0
1360.15	0	.6427636	.2656595	.09157694	0
1359.15	0	.6399348	.2679548	.09211042	0
1358.15	0	.6371146	.2702434	.09264199	0
1357.15	0	.6343031	.2725253	.09317166	0
1356.15	0	.6315001	.2748005	.09369945	0
1355.15	0	.6287057	.2770689	.09422536	0
1354.15	0	.6259199	.2793307	.0947494	0
1353.15	0	.6231427	.2815857	.09527156	0
1352.15	0	.6203741	.2838341	.09579187	0
1351.15	0	.617614	.2860757	.09631033	0
1350.15	0	.6148625	.2883105	.09682695	0
1349.15	0	.6121196	.2905387	.09734173	0
1348.15	0	.6093852	.2927601	.09785468	0
1347.15	0	.6066594	.2949748	.09836581	0
1346.15	0	.6039421	.2971828	.09887512	0
1345.15	0	.6012334	.299384	.09938263	0
1344.15	0	.5985332	.3015785	.09988833	0
1343.15	0	.5958416	.3037662	.1003922	0
1342.15	0	.5931584	.3059472	.1008944	0
1341.15	0	.5904839	.3081214	.1013947	0
1340.15	0	.5878178	.3102889	.1018933	0
1339.15	0	.5851603	.3124496	.1023901	0
1338.15	0	.5825113	.3146035	.1028851	0
1337.15	0	.5798709	.3167507	.1033784	0
1336.15	0	.577239	.3188911	.10387	0
1335.15	0	.5746156	.3210247	.1043598	0
1334.15	0	.5720007	.3231515	.1048478	0
1333.15	0	.5693943	.3252715	.1053342	0
1332.15	0	.5667965	.3273847	.1058188	0
1331.15	0	.5642071	.3294911	.1063017	0
1330.15	0	.5616263	.3315907	.1067829	0
1329.15	0	.5590541	.3336835	.1072624	0
1328.15	0	.5564903	.3357694	.1077402	0
1327.15	0	.5539351	.3378486	.1082164	0
1326.15	0	.5513884	.3399208	.1086908	0
1325.15	0	.5488502	.3419862	.1091636	0
1324.15	0	.5463205	.3440448	.1096347	0
1323.15	0	.5437994	.3460965	.1101041	0
1322.15	0	.5412868	.3481413	.1105719	0
1321.15	0	.5387828	.3501793	.111038	0
1320.15	0	.5362872	.3522103	.1115025	0
1319.15	0	.5338002	.3542344	.1119653	0
1318.15	0	.5313218	.3562517	.1124265	0
1317.15	0	.5288519	.358262	.1128861	0
1316.15	0	.5263905	.3602654	.1133441	0
1315.15	0	.5239377	.3622618	.1138004	0
1314.15	0	.5214935	.3642514	.1142551	0
1313.15	0	.5190578	.3662339	.1147083	0
1312.15	0	.5166307	.3682095	.1151598	0
1311.15	0	.5142121	.3701781	.1156098	0
1310.15	0	.5118022	.3721397	.1160581	0
1309.15	0	.5094008	.3740943	.1165049	0
1308.15	0	.507008	.3760419	.1169501	0
1307.15	0	.5046238	.3779825	.1173937	0
1306.15	0	.5022482	.379916	.1178358	0
1305.15	0	.4998812	.3818425	.1182763	0
1304.15	0	.4975228	.383762	.1187153	0
1303.15	0	.495173	.3856743	.1191527	0
1302.15	0	.4928319	.3875796	.1195886	0
1301.15	0	.4904994	.3894778	.1200229	0
1300.15	0	.4881755	.3913688	.1204557	0
1299.15	0	.4858603	.3932528	.120887	0
1298.15	0	.4835538	.3951295	.1213167	0
1297.15	0	.4812559	.3969992	.121745	0
1296.15	0	.4789667	.3988616	.1221717	0
1295.15	0	.4766862	.4007169	.1225969	0
1294.15	0	.4744144	.402565	.1230206	0
1293.15	0	.4721513	.4044059	.1234429	0
1292.15	0	.4698969	.4062395	.1238636	0
1291.15	0	.4676512	.4080659	.1242829	0
1290.15	0	.4654143	.409885	.1247006	0
1289.15	0	.4631862	.4116969	.1251169	0
1288.15	0	.4609668	.4135014	.1255318	0
1287.15	0	.4587562	.4152987	.1259451	0
1286.15	0	.4565544	.4170886	.126357	0
1285.15	0	.4543613	.4188712	.1267675	0
1284.15	0	.4521771	.4206464	.1271765	0
1283.15	0	.4500017	.4224142	.1275841	0
1282.15	0	.4478352	.4241746	.1279902	0
1281.15	0	.4456775	.4259276	.1283949	0
1280.15	0	.4435287	.4276732	.1287981	0
1279.15	0	.4413887	.4294113	.1291999	0
1278.15	0	.4392577	.431142	.1296003	0
1277.15	0	.4371356	.4328651	.1299993	0
1276.15	0	.4350224	.4345807	.1303969	0
1275.15	0	.4329181	.4362888	.1307931	0
1274.15	0	.4308228	.4379893	.1311878	0
1273.15	0	.4287437	.4396751	.1315812	0
1272.15	0	.4266665	.4413604	.1319732	0
1271.15	0	.4245982	.4430381	.1323638	0
1270.15	0	.422539	.4447081	.132753	0
1269.15	0	.4204888	.4463705	.1331408	0
1268.15	0	.4184477	.4480251	.1335272	0
1267.15	0	.4164156	.4496721	.1339123	0
1266.15	0	.4143927	.4513113	.134296	0
1265.15	0	.4123789	.4529428	.1346783	0
1264.15	0	.4103742	.4545665	.1350593	0
1263.15	0	.4083787	.4561824	.1354389	0
1262.15	0	.4063923	.4577905	.1358172	0
1261.15	0	.4044152	.4593907	.1361941	0
1260.15	0	.4024473	.460983	.1365697	0
1259.15	0	.4004886	.4625674	.136944	0
1258.15	0	.3985392	.4641439	.1373169	0
1257.15	0	.3965991	.4657125	.1376885	0
1256.15	0	.3946683	.467273	.1380587	0
1255.15	0	.3927468	.4688256	.1384277	0
1254.15	0	.3908346	.4703701	.1387953	0
1253.15	0	.3889319	.4719065	.1391616	0
1252.15	0	.3870385	.4734349	.1395266	0
1251.15	0	.3851546	.4749551	.1398903	0
1250.15	0	.3832801	.4764672	.1402527	0
1249.15	0	.3814151	.4779712	.1406138	0
1248.15	0	.3795596	.4794669	.1409736	0
1247.15	0	.3777136	.4809544	.1413321	0
1246.15	0	.3758771	.4824336	.1416893	0
1245.15	0	.3740502	.4839045	.1420453	0
1244.15	0	.372233	.4853671	.1423999	0
1243.15	0	.3704253	.4868214	.1427533	0
1242.15	0	.3686273	.4882672	.1431054	0
1241.15	0	.366839	.4897047	.1434563	0
1240.15	0	.3650604	.4911337	.1438059	0
1239.15	0	.3632916	.4925542	.1441542	0
1238.15	0	.3615325	.4939662	.1445013	0
1237.15	0	.3597832	.4953697	.1448471	0
1236.15	0	.3580437	.4967646	.1451917	0
1235.15	0	.3563141	.4981508	.145535	0
1234.15	0	.3545944	.4995285	.1458771	0
1233.15	0	.3528846	.5008974	.146218	0
1232.15	0	.3511848	.5022577	.1465576	0
1231.15	0	.3494949	.5036092	.146896	0
1230.15	0	.347815	.5049519	.1472331	0
1229.15	0	.3461452	.5062858	.1475691	0
1228.15	0	.3444854	.5076108	.1479038	0
1227.15	0	.3428358	.5089269	.1482373	0
1226.15	0	.3411963	.5102342	.1485696	0
1225.15	0	.339567	.5115324	.1489006	0
1224.15	0	.3379478	.5128217	.1492305	0
1223.15	0	.3363389	.5141019	.1495592	0
1222.15	0	.3347403	.515373	.1498866	0
1221.15	0	.333152	.516635	.1502129	0
1220.15	0	.3315741	.5178879	.150538	0
1219.15	0	.3300065	.5191316	.1508619	0
1218.15	0	.3284494	.5203661	.1511846	0
1217.15	0	.3269027	.5215912	.1515061	0
1216.15	0	.3253665	.5228071	.1518264	0
1215.15	0	.3238408	.5240136	.1521456	0
1214.15	0	.3223257	.5252107	.1524636	0
1213.15	0	.3208212	.5263984	.1527804	0
1212.15	0	.3193273	.5275766	.1530961	0
1211.15	0	.3178441	.5287453	.1534105	0
1210.15	0	.3163717	.5299044	.1537239	0
1209.15	0	.31491	.531054	.154036	0
1208.15	0	.3134591	.5321939	.1543471	0
1207.15	0	.312019	.5333241	.1546569	0
1206.15	0	.3105898	.5344446	.1549656	0
1205.15	0	.3091715	.5355553	.1552732	0
1204.15	0	.3077642	.5366562	.1555796	0
1203.15	0	.3063679	.5377472	.1558849	0
1202.15	0	.3049826	.5388283	.1561891	0
1201.15	0	.3036084	.5398995	.1564921	0
1200.15	0	.3022454	.5409606	.156794	0
1199.15	0	.3008935	.5420118	.1570948	0
1198.15	0	.2995528	.5430528	.1573944	0
1197.15	0	.2982234	.5440837	.1576929	0
1196.15	0	.2969052	.5451044	.1579904	0
1195.15	0	.2955985	.5461149	.1582867	0
1194.15	0	.2943031	.5471151	.1585818	0
1193.15	0	.2930191	.548105	.1588759	0
1192.15	0	.2917466	.5490845	.1591689	0
1191.15	0	.2904856	.5500536	.1594608	0
1190.15	0	.2892362	.5510122	.1597515	0
1189.15	0	.2879985	.5519604	.1600412	0
1188.15	0	.2867723	.5528979	.1603298	0
1187.15	0	.2855579	.5538249	.1606172	0
1186.15	0	.2843552	.5547411	.1609036	0
1185.15	0	.2831644	.5556467	.1611889	0
1184.15	0	.2819853	.5565415	.1614732	0
1183.15	0	.2808182	.5574255	.1617563	0
1182.15	0	.279663	.5582986	.1620384	0
1181.15	0	.2785198	.5591608	.1623194	0
1180.15	0	.2773887	.560012	.1625993	0
1179.15	0	.2762696	.5608522	.1628782	0
1178.15	0	.2751626	.5616814	.163156	0
1177.15	0	.2740679	.5624994	.1634327	0
1176.15	0	.2729853	.5633063	.1637084	0
1175.15	0	.2719151	.5641019	.163983	0
1174.15	0	.2708572	.5648862	.1642566	0
1173.15	0	.2698116	.5656593	.1645291	0
1172.15	0	.2687785	.5664209	.1648006	0
1171.15	0	.2677579	.5671711	.165071	0
1170.15	0	.2667498	.5679098	.1653404	0
1169.15	0	.2657543	.568637	.1656087	0
1168.15	0	.2647714	.5693526	.165876	0
1167.15	0	.2638012	.5700565	.1661423	0
1166.15	0	.2628437	.5707488	.1664075	0
1165.15	0	.261899	.5714292	.1666717	0
1164.15	0	.2609672	.5720979	.1669349	0
1163.15	0	.2600482	.5727547	.1671971	0
1162.15	0	.2591422	.5733996	.1674582	0
1161.15	0	.2582492	.5740325	.1677183	0
1160.15	0	.2573692	.5746534	.1679774	0
1159.15	0	.2565022	.5752622	.1682355	0
1158.15	0	.2556485	.5758589	.1684926	0
1157.15	0	.2548079	.5764434	.1687487	0
1156.15	0	.2539806	.5770156	.1690038	0
1155.15	0	.2531665	.5775756	.1692579	0
1154.15	0	.2523658	.5781233	.1695109	0
1153.15	0	.2515785	.5786585	.169763	0
1152.15	0	.2508047	.5791812	.1700141	0
1151.15	0	.2500444	.5796914	.1702642	0
1150.15	0	.2492976	.5801891	.1705133	0
1149.15	0	.2485644	.5806741	.1707615	0
1148.15	0	.2478449	.5811465	.1710086	0
1147.15	0	.2471391	.5816061	.1712548	0
1146.15	0	.2464471	.582053	.1715	0
1145.15	0	.2457688	.582487	.1717442	0
1144.15	0	.2451045	.5829081	.1719874	0
1143.15	0	.244454	.5833163	.1722297	0
1142.15	0	.2438175	.5837114	.172471	0
1141.15	0	.243195	.5840936	.1727114	0
1140.15	0	.2425866	.5844626	.1729508	0
1139.15	0	.2419923	.5848185	.1731892	0
1138.15	0	.2414122	.5851611	.1734267	0
1137.15	0	.2408462	.5854905	.1736633	0
1136.15	0	.2402945	.5858066	.1738989	0
1135.15	0	.2397572	.5861093	.1741335	0
1134.15	0	.2392342	.5863986	.1743672	0
1133.15	0	.2387256	.5866744	.1746	0
1132.15	0	.2382314	.5869368	.1748318	0
1131.15	0	.2377518	.5871855	.1750627	0
1130.15	0	.2372867	.5874206	.1752927	0
1129.15	0	.2368362	.5876421	.1755217	0
1128.15	0	.2364003	.5878498	.1757498	0
1127.15	0	.2359791	.5880438	.175977	0
1126.15	0	.2355727	.588224	.1762033	0
1125.15	0	.235181	.5883903	.1764287	0
1124.15	0	.2348042	.5885427	.1766531	0
1123.15	0	.2344422	.5886811	.1768767	0
1122.15	0	.2340951	.5888056	.1770993	0
1121.15	0	.233763	.588916	.177321	0
1120.15	0	.2334459	.5890123	.1775418	0
1119.15	0	.2331438	.5890944	.1777618	0
1118.15	0	.2328568	.5891624	.1779808	0
1117.15	0	.2325849	.5892162	.1781989	0
1116.15	0	.2323282	.5892556	.1784162	0
1115.15	0	.2320866	.5892808	.1786326	0
1114.15	0	.2318603	.5892917	.1788481	0
1113.15	0	.2316493	.5892881	.1790627	0
1112.15	0	.2314535	.5892701	.1792764	0
1111.15	0	.2312731	.5892376	.1794892	0
1110.15	0	.2311081	.5891907	.1797012	0
1109.15	0	.2309585	.5891292	.1799123	0
1108.15	0	.2308244	.5890531	.1801226	0
1107.15	0	.2307057	.5889623	.180332	0
1106.15	0	.2306025	.588857	.1805405	0
1105.15	0	.2305149	.588737	.1807482	0
1104.15	0	.2304428	.5886022	.180955	0
1103.15	0	.2303863	.5884527	.181161	0
1102.15	0	.2303455	.5882884	.1813661	0
1101.15	0	.2303203	.5881093	.1815704	0
1100.15	0	.2303108	.5879154	.1817739	0
1099.15	0	.230317	.5877066	.1819765	0
1098.15	0	.2303389	.5874829	.1821782	0
1097.15	0	.2303766	.5872443	.1823792	0
1096.15	0	.23043	.5869907	.1825793	0
1095.15	0	.2304992	.5867222	.1827786	0
1094.15	0	.2305842	.5864387	.1829771	0
1093.15	0	.2306851	.5861402	.1831748	0
1092.15	0	.2308018	.5858266	.1833716	0
1091.15	0	.2309343	.585498	.1835677	0
1090.15	0	.2310827	.5851544	.1837629	0
1089.15	0	.231247	.5847957	.1839573	0
1088.15	0	.2314272	.5844219	.184151	0
1087.15	0	.2316233	.5840329	.1843438	0
1086.15	0	.2318353	.5836289	.1845358	0
1085.15	0	.2320632	.5832097	.1847271	0
1084.15	0	.232307	.5827755	.1849175	0
1083.15	0	.2325668	.582326	.1851072	0
1082.15	0	.2328425	.5818614	.1852961	0
1081.15	0	.2331341	.5813817	.1854842	0
1080.15	0	.2334416	.5808868	.1856716	0
1079.15	0	.2337651	.5803768	.1858581	0
1078.15	0	.2341045	.5798516	.1860439	0
1077.15	0	.2344598	.5793112	.186229	0
1076.15	0	.234831	.5787557	.1864133	0
1075.15	0	.2352181	.5781851	.1865968	0
1074.15	0	.2356211	.5775993	.1867796	0
1073.15	0	.23604	.5769984	.1869616	0
1072.15	0	.2364748	.5763824	.1871429	0
1071.15	0	.2369254	.5757513	.1873234	0
1070.15	0	.2373918	.575105	.1875032	0
1069.15	0	.237874	.5744438	.1876822	0
1068.15	0	.2383721	.5737674	.1878606	0
1067.15	0	.2388859	.573076	.1880381	0
1066.15	0	.2394154	.5723696	.188215	0
1065.15	0	.2399607	.5716482	.1883911	0
1064.15	0	.2405216	.5709118	.1885666	0
1063.15	0	.2410982	.5701605	.1887413	0
1062.15	0	.2416905	.5693943	.1889152	0
1061.15	0	.2422983	.5686131	.1890885	0
1060.15	0	.2429218	.5678172	.1892611	0
1059.15	0	.2435607	.5670064	.189433	0
1058.15	0	.2442151	.5661808	.1896041	0
1057.15	0	.244885	.5653404	.1897746	0
1056.15	0	.2455702	.5644854	.1899444	0
1055.15	0	.2462709	.5636157	.1901135	0
1054.15	0	.2469868	.5627314	.1902819	0
1053.15	0	.247718	.5618325	.1904496	0
1052.15	0	.2484644	.560919	.1906166	0
1051.15	0	.2492259	.5599911	.1907829	0
1050.15	0	.2500026	.5590488	.1909486	0
1049.15	0	.2507943	.5580921	.1911136	0
1048.15	0	.251601	.557121	.191278	0
1047.15	0	.2524226	.5561358	.1914416	0
1046.15	0	.2532591	.5551362	.1916047	0
1045.15	0	.2541104	.5541226	.191767	0
1044.15	0	.2549764	.5530949	.1919287	0
1043.15	0	.2558571	.5520532	.1920897	0
1042.15	0	.2567524	.5509975	.1922501	0
1041.15	0	.2576622	.549928	.1924099	0
1040.15	0	.2585864	.5488446	.192569	0
1039.15	0	.259525	.5477475	.1927274	0
1038.15	0	.2604779	.5466368	.1928853	0
1037.15	0	.2614451	.5455125	.1930424	0
1036.15	0	.2624263	.5443747	.193199	0
1035.15	0	.2634216	.5432235	.1933549	0
1034.15	0	.2644309	.542059	.1935102	0
1033.15	0	.265454	.5408812	.1936648	0
1032.15	0	.2664909	.5396902	.1938189	0
1031.15	0	.2675415	.5384862	.1939723	0
1030.15	0	.2686057	.5372692	.1941251	0
1029.15	0	.2696833	.5360393	.1942773	0
1028.15	0	.2707744	.5347967	.1944289	0
1027.15	0	.2718788	.5335413	.1945799	0
1026.15	0	.2729964	.5322734	.1947302	0
1025.15	0	.2741271	.5309929	.19488	0
1024.15	0	.2752708	.5297001	.1950291	0
1023.15	0	.2764273	.528395	.1951777	0
1022.15	0	.2775967	.5270777	.1953256	0
1021.15	0	.2787787	.5257484	.195473	0
1020.15	0	.2799732	.5244071	.1956197	0
1019.15	0	.2811802	.5230539	.1957659	0
1018.15	0	.2823995	.521689	.1959114	0
1017.15	0	.283631	.5203125	.1960564	0
1016.15	0	.2848747	.5189246	.1962008	0
1015.15	0	.2861302	.5175252	.1963446	0
1014.15	0	.2873976	.5161146	.1964878	0
1013.15	0	.2886768	.5146928	.1966304	0
1012.15	0	.2899675	.5132601	.1967725	0
1011.15	0	.2912697	.5118164	.1969139	0
1010.15	0	.2925832	.510362	.1970548	0
1009.15	0	.2939079	.508897	.1971951	0
1008.15	0	.2952437	.5074215	.1973348	0
1007.15	0	.2965905	.5059356	.197474	0
1006.15	0	.297948	.5044395	.1976125	0
1005.15	0	.2993162	.5029333	.1977505	0
1004.15	0	.3006949	.5014171	.1978879	0
1003.15	0	.3020841	.4998912	.1980247	0
1002.15	0	.3034835	.4983555	.198161	0
1001.15	0	.3048929	.4968104	.1982967	0
1000.15	0	.3063124	.4952558	.1984318	0
999.15	0	.3077417	.493692	.1985663	0
998.15	0	.3091806	.4921191	.1987003	0
997.15	0	.3106291	.4905373	.1988337	0
996.15	0	.3120869	.4889466	.1989665	0
995.15	0	.313554	.4873473	.1990987	0
994.15	0	.3150302	.4857395	.1992303	0
993.15	0	.3165153	.4841234	.1993614	0
992.15	0	.3180091	.482499	.1994919	0
991.15	0	.3195116	.4808666	.1996218	0
990.15	0	.3210226	.4792263	.1997511	0
989.15	0	.3225418	.4775784	.1998798	0
988.15	0	.3240692	.4759228	.200008	0
987.15	0	.3256046	.4742598	.2001356	0
986.15	0	.3271479	.4725896	.2002626	0
985.15	0	.3286988	.4709123	.2003889	0
984.15	0	.3302572	.4692281	.2005147	0
983.15	0	.331823	.4675371	.2006399	0
982.15	0	.333396	.4658395	.2007645	0
981.15	0	.334976	.4641355	.2008885	0
980.15	0	.3365628	.4624252	.2010119	0
979.15	0	.3381564	.4607089	.2011347	0
978.15	0	.3397565	.4589866	.2012569	0
977.15	0	.341363	.4572586	.2013785	0
976.15	0	.3429756	.455525	.2014994	0
975.15	0	.3445943	.4537859	.2016197	0
974.15	0	.3462189	.4520417	.2017394	0
973.15	0	.3478492	.4502924	.2018585	0
972.15	0	.3494849	.4485382	.2019769	0
971.15	0	.3511261	.4467792	.2020947	0
970.15	0	.3527724	.4450158	.2022118	0
969.15	0	.3544237	.443248	.2023283	0
968.15	0	.3560799	.441476	.2024442	0
967.15	0	.3577407	.4397	.2025593	0
966.15	0	.359406	.4379202	.2026738	0
965.15	0	.3610756	.4361367	.2027876	0
964.15	0	.3627494	.4343498	.2029008	0
963.15	0	.3644272	.4325596	.2030132	0
962.15	0	.3659682	.430897	.2031348	0
961.15	0	.3675185	.4292258	.2032557	0
960.15	0	.3690933	.427532	.2033747	0
959.15	0	.3706913	.4258167	.203492	0
958.15	0	.3723113	.4240812	.2036074	0
957.15	0	.3739522	.4223266	.2037212	0
956.15	0	.3756127	.4205541	.2038333	0
955.15	0	.3772917	.4187647	.2039436	0
954.15	0	.3789882	.4169595	.2040523	0
953.15	0	.3807011	.4151395	.2041594	0
952.15	0	.3824293	.4133058	.2042649	0
951.15	0	.384172	.4114592	.2043688	0
950.15	0	.3859281	.4096008	.2044712	0
949.15	0	.3876967	.4077313	.204572	0
948.15	0	.389477	.4058518	.2046712	0
947.15	0	.3912681	.4039629	.204769	0
946.15	0	.3930692	.4020656	.2048652	0
945.15	0	.3948795	.4001606	.20496	0
944.15	0	.3966982	.3982486	.2050533	0
943.15	0	.3985245	.3963304	.2051451	0
942.15	0	.4003577	.3944068	.2052355	0
941.15	0	.4021972	.3924784	.2053244	0
940.15	0	.4040423	.3905458	.205412	0
939.15	0	.4058922	.3886097	.2054981	0
938.15	0	.4077465	.3866707	.2055828	0
937.15	0	.4096044	.3847295	.2056661	0
936.15	0	.4114654	.3827866	.205748	0
935.15	0	.4133289	.3808425	.2058286	0
934.15	0	.4151944	.3788978	.2059078	0
933.15	0	.4170614	.3769531	.2059856	0
932.15	0	.4189292	.3750087	.206062	0
931.15	0	.4207975	.3730653	.2061371	0
930.15	0	.4226658	.3711233	.2062109	0
929.15	0	.4245336	.3691832	.2062833	0
928.15	0	.4264004	.3672453	.2063543	0
927.15	0	.4282658	.3653102	.2064241	0
926.15	0	.4301294	.3633781	.2064925	0
925.15	0	.4319908	.3614496	.2065596	0
924.15	0	.4338497	.359525	.2066253	0
923.15	0	.4357055	.3576047	.2066898	0
922.15	0	.4375581	.355689	.2067529	0
921.15	0	.4394069	.3537783	.2068147	0
920.15	0	.4412518	.3518729	.2068753	0
919.15	0	.4430923	.3499732	.2069345	0
918.15	0	.4449282	.3480794	.2069924	0
917.15	0	.4467591	.3461919	.207049	0
916.15	0	.4485847	.344311	.2071043	0
915.15	0	.4504048	.3424368	.2071584	0
914.15	0	.4522191	.3405698	.2072111	0
913.15	0	.4540273	.3387101	.2072626	0
912.15	0	.4558291	.3368581	.2073128	0
911.15	0	.4576244	.335014	.2073617	0
910.15	0	.4594128	.3331779	.2074093	0
909.15	0	.4611941	.3313502	.2074557	0
908.15	0	.4629682	.3295311	.2075008	0
907.15	0	.4647347	.3277207	.2075446	0
906.15	0	.4664936	.3259193	.2075871	0
905.15	0	.4682445	.3241271	.2076284	0
904.15	0	.4699872	.3223443	.2076685	0
903.15	0	.4717217	.3205711	.2077073	0
902.15	0	.4734477	.3188076	.2077448	0
901.15	0	.4751649	.317054	.2077811	0
900.15	0	.4768734	.3153105	.2078161	0
899.15	0	.4785728	.3135773	.2078499	0
898.15	0	.480263	.3118545	.2078825	0
897.15	0	.4819439	.3101423	.2079138	0
896.15	0	.4836153	.3084408	.2079439	0
895.15	0	.4852771	.3067501	.2079728	0
894.15	0	.4869291	.3050705	.2080005	0
893.15	0	.4885712	.3034019	.2080269	0
892.15	0	.4902032	.3017447	.2080522	0
891.15	0	.491825	.3000988	.2080762	0
890.15	0	.4934366	.2984644	.208099	0
889.15	0	.4950376	.2968417	.2081207	0
888.15	0	.4966282	.2952306	.2081412	0
887.15	0	.4982081	.2936314	.2081604	0
886.15	0	.4997773	.2920442	.2081785	0
885.15	0	.5013356	.2904689	.2081955	0
884.15	0	.5028829	.2889058	.2082113	0
883.15	0	.5044192	.2873549	.2082259	0
882.15	0	.5059443	.2858163	.2082394	0
881.15	0	.5074581	.2842901	.2082518	0
880.15	0	.5089607	.2827764	.208263	0
879.15	0	.5104518	.2812751	.2082731	0
878.15	0	.5119314	.2797865	.2082821	0
877.15	0	.5133995	.2783105	.20829	0
876.15	0	.5148559	.2768473	.2082968	0
875.15	0	.5163007	.2753968	.2083025	0
874.15	0	.5177337	.2739592	.2083071	0
873.15	0	.5191548	.2725345	.2083107	0
872.15	0	.5205641	.2711227	.2083132	0
871.15	0	.5219615	.2697238	.2083147	0
870.15	0	.5233469	.268338	.2083151	0
869.15	0	.5247203	.2669652	.2083145	0
868.15	0	.5260816	.2656054	.2083129	0
867.15	0	.5274309	.2642588	.2083103	0
866.15	0	.528768	.2629253	.2083067	0
865.15	0	.530093	.2616049	.2083021	0
864.15	0	.5314058	.2602976	.2082966	0
863.15	0	.5327064	.2590035	.2082901	0
862.15	0	.5339948	.2577225	.2082827	0
861.15	0	.535271	.2564547	.2082743	0
860.15	0	.536535	.2552	.208265	0
859.15	0	.5377867	.2539585	.2082548	0
858.15	0	.5390262	.2527301	.2082437	0
857.15	0	.5402535	.2515148	.2082317	0
856.15	0	.5414686	.2503126	.2082188	0
855.15	0	.5426715	.2491235	.2082051	0
854.15	0	.5438621	.2479473	.2081905	0
853.15	0	.5450407	.2467842	.2081751	0
852.15	0	.546207	.2456341	.2081589	0
851.15	0	.5473613	.2444968	.2081419	0
850.15	0	.5485035	.2433725	.2081241	0
849.15	0	.5496336	.242261	.2081055	0
848.15	0	.5507517	.2411622	.2080861	0
847.15	0	.5518579	.2400762	.2080659	0
846.15	0	.5529522	.2390028	.208045	0
845.15	0	.5540346	.237942	.2080234	0
844.15	0	.5551052	.2368938	.2080011	0
843.15	0	.556164	.235858	.207978	0
842.15	0	.5572112	.2348346	.2079542	0
841.15	0	.5582468	.2338235	.2079298	0
840.15	0	.5592707	.2328246	.2079047	0
839.15	0	.5602832	.2318379	.2078789	0
838.15	0	.5612843	.2308632	.2078524	0
837.15	0	.5622741	.2299006	.2078254	0
836.15	0	.5632526	.2289498	.2077976	0
835.15	0	.5642199	.2280108	.2077693	0
834.15	0	.5651762	.2270834	.2077404	0
833.15	0	.5661215	.2261678	.2077108	0
832.15	0	.5670558	.2252635	.2076807	0
831.15	0	.5679793	.2243707	.20765	0
830.15	0	.5688921	.2234892	.2076187	0
829.15	0	.5697943	.2226189	.2075868	0
828.15	0	.5706859	.2217597	.2075545	0
827.15	0	.5715671	.2209114	.2075215	0
826.15	0	.572438	.220074	.2074881	0
825.15	0	.5732986	.2192473	.2074541	0
824.15	0	.5741491	.2184313	.2074196	0
823.15	0	.5749896	.2176259	.2073846	0
822.15	0	.5758201	.2168308	.2073491	0
821.15	0	.5766409	.216046	.2073131	0
820.15	0	.5774519	.2152715	.2072766	0
819.15	0	.5782533	.214507	.2072397	0
818.15	0	.5790453	.2137524	.2072023	0
817.15	0	.5798279	.2130077	.2071644	0
816.15	0	.5806012	.2122728	.2071261	0
815.15	0	.5813653	.2115474	.2070873	0
814.15	0	.5821204	.2108315	.2070481	0
813.15	0	.5828665	.210125	.2070085	0
812.15	0	.5836038	.2094277	.2069684	0
811.7781	0	.5838758	.2091708	.2069534	0
811.7781	0	.5838758	.2091708	.2069534	0
811.7781	0	.5838758	.2091708	.2069534	0
811.15	0	.5872853	.2048615	.2058332	.002020085
810.15	0	.5925862	.198143	.204077	.005193813
809.15	0	.5977352	.1915947	.2023536	.008316492
808.15	0	.6027373	.185211	.2006623	.01138941
807.15	0	.6075972	.1789869	.1990022	.01441382
806.15	0	.6123193	.1729173	.1973724	.01739091
805.15	0	.6169082	.1669977	.1957723	.02032181
804.15	0	.621368	.1612234	.194201	.02320765
803.15	0	.6257026	.15559	.1926579	.02604947
802.15	0	.629916	.1500934	.1911423	.02884829
801.15	0	.6340119	.1447295	.1896534	.03160512
800.15	0	.6379938	.1394945	.1881908	.03432089
799.15	0	.6418652	.1343846	.1867536	.03699652
798.15	0	.6456293	.1293963	.1853415	.0396329
797.15	0	.6492894	.1245261	.1839536	.04223088
796.15	0	.6528485	.1197706	.1825896	.0447913
795.15	0	.6563096	.1151266	.1812489	.04731494
794.15	0	.6596754	.1105911	.1799309	.04980258
793.15	0	.6629488	.1061611	.1786351	.05225498
792.15	0	.6661324	.1018336	.1773611	.05467285
791.15	0	.6692288	.09760599	.1761083	.05705691
790.15	0	.6722404	.09347545	.1748764	.05940783
789.15	0	.6751696	.08943944	.1736647	.06172627
788.15	0	.6780187	.08549542	.172473	.06401287
787.15	0	.68079	.08164098	.1713007	.06626827
786.15	0	.6834857	.07787376	.1701475	.06849305
785.15	0	.6861077	.07419149	.169013	.07068783
784.15	0	.6886582	.07059196	.1678967	.07285316
783.15	0	.6911391	.06707303	.1667983	.0749896
782.15	0	.6935522	.06363264	.1657174	.0770977
781.15	0	.6958996	.06026878	.1646537	.07917798
780.15	0	.6981828	.0569795	.1636068	.08123096
779.15	0	.7004037	.05376292	.1625762	.08325715
778.15	0	.7025639	.05061719	.1615619	.08525703
777.15	0	.7046651	.04754055	.1605632	.08723107
776.15	0	.7067089	.04453126	.1595801	.08917975
775.15	0	.7086968	.04158764	.1586121	.09110353
774.15	0	.7106302	.03870806	.1576589	.09300284
773.15	0	.7125107	.03589094	.1567202	.09487812
772.15	0	.7143396	.03313472	.1557958	.0967298
771.15	0	.7161184	.03043792	.1548854	.09855829
770.15	0	.7178483	.02779907	.1539886	.100364
769.15	0	.7195307	.02521674	.1531052	.1021473
768.15	0	.7211668	.02268956	.152235	.1039087
767.15	0	.7227579	.02021619	.1513775	.1056484
766.15	0	.7243051	.0177953	.1505328	.1073669
765.15	0	.7258096	.01542562	.1497003	.1090645
764.15	0	.7272725	.01310591	.14888	.1107416
763.15	0	.728695	.01083495	.1480715	.1123986
762.15	0	.7300781	.008611556	.1472746	.1140357
761.15	0	.7314229	.006434586	.1464892	.1156534
760.15	0	.7327303	.004302912	.1457149	.1172519
759.15	0	.7340015	.00221544	.1449515	.1188316
758.15	0	.7352373	1.711008E-04	.1441988	.1203928
758.0654	0	.7353403	0	.1441356	.1205242
758.0654	0	.7353403	0	.1441356	.1205242
757.15	0	.735222	0	.1439436	.1208344
756.15	0	.7350934	0	.1437345	.1211721
755.15	0	.7349654	0	.143526	.1215086
754.15	0	.7348381	0	.1433182	.1218437
753.15	0	.7347113	0	.1431111	.1221776
752.15	0	.7345852	0	.1429046	.1225102
751.15	0	.7344597	0	.1426987	.1228416
750.15	0	.7343349	0	.1424935	.1231717
749.15	0	.7342106	0	.1422889	.1235005
748.15	0	.7340869	0	.142085	.1238281
747.15	0	.7339639	0	.1418817	.1241545
746.15	0	.7338414	0	.1416791	.1244795
745.15	0	.7337195	0	.1414771	.1248034
744.15	0	.7335982	0	.1412757	.125126
743.15	0	.7334775	0	.141075	.1254474
742.15	0	.7333574	0	.140875	.1257676
741.15	0	.7332379	0	.1406755	.1260865
740.15	0	.733119	0	.1404768	.1264043
739.15	0	.7330006	0	.1402786	.1267208
738.15	0	.7328828	0	.1400811	.1270361
737.15	0	.7327655	0	.1398843	.1273502
736.15	0	.7326489	0	.1396881	.127663
735.15	0	.7325328	0	.1394925	.1279747
734.15	0	.7324172	0	.1392976	.1282852
733.15	0	.7323022	0	.1391033	.1285945
732.15	0	.7321878	0	.1389097	.1289025
731.15	0	.7320739	0	.1387166	.1292094
730.15	0	.7319606	0	.1385243	.1295151
729.15	0	.7318478	0	.1383325	.1298197
728.15	0	.7317356	0	.1381414	.130123
727.15	0	.7316238	0	.137951	.1304252
726.15	0	.7315127	0	.1377612	.1307262
725.15	0	.731402	0	.137572	.131026
724.15	0	.7312919	0	.1373835	.1313246
723.15	0	.7311824	0	.1371955	.1316221
722.15	0	.7310733	0	.1370083	.1319184
721.15	0	.7309648	0	.1368216	.1322136
720.15	0	.7308568	0	.1366356	.1325076
719.15	0	.7307493	0	.1364503	.1328004
718.15	0	.7306423	0	.1362656	.1330921
717.15	0	.7305359	0	.1360815	.1333827
716.15	0	.7304299	0	.135898	.1336721
715.15	0	.7303245	0	.1357152	.1339603
714.15	0	.7302196	0	.135533	.1342474
713.15	0	.7301152	0	.1353515	.1345334
712.15	0	.7300112	0	.1351705	.1348182
711.15	0	.7299078	0	.1349902	.1351019
710.15	0	.7298049	0	.1348106	.1353845
709.15	0	.7297025	0	.1346316	.135666
708.15	0	.7296006	0	.1344532	.1359463
707.15	0	.7294991	0	.1342754	.1362255
706.15	0	.7293982	0	.1340983	.1365035
705.15	0	.7292977	0	.1339218	.1367805
704.15	0	.7291977	0	.1337459	.1370563
703.15	0	.7290982	0	.1335707	.1373311
702.15	0	.7289992	0	.1333961	.1376047
701.15	0	.7289007	0	.1332221	.1378772
700.15	0	.7288026	0	.1330488	.1381486
699.15	0	.7287051	0	.1328761	.1384188
698.15	0	.728608	0	.132704	.138688
697.15	0	.7285113	0	.1325326	.1389561
696.15	0	.7284152	0	.1323617	.1392231
695.15	0	.7283195	0	.1321916	.139489
694.15	0	.7282243	0	.132022	.1397537
693.15	0	.7281295	0	.1318531	.1400174
692.15	0	.7280352	0	.1316847	.1402801
691.15	0	.7279414	0	.1315171	.1405416
690.15	0	.727848	0	.13135	.140802
689.15	0	.727755	0	.1311836	.1410614
688.15	0	.7276626	0	.1310178	.1413196
687.15	0	.7275706	0	.1308526	.1415768
686.15	0	.727479	0	.1306881	.1418329
685.15	0	.7273879	0	.1305242	.1420879
684.15	0	.7272972	0	.1303609	.1423419
683.15	0	.727207	0	.1301983	.1425948
682.15	0	.7271172	0	.1300362	.1428466
681.15	0	.7270279	0	.1298748	.1430973
680.15	0	.726939	0	.129714	.143347
679.15	0	.7268505	0	.1295539	.1435956
678.15	0	.7267625	0	.1293943	.1438431
677.15	0	.726675	0	.1292354	.1440896
676.15	0	.7265878	0	.1290771	.144335
675.15	0	.7265011	0	.1289195	.1445794
674.15	0	.7264149	0	.1287624	.1448227
673.15	0	.726329	0	.128606	.145065
672.15	0	.7262436	0	.1284502	.1453062
671.15	0	.7261586	0	.1282951	.1455463
670.15	0	.7260741	0	.1281405	.1457854
669.15	0	.7259899	0	.1279866	.1460235
668.15	0	.7259062	0	.1278333	.1462605
667.15	0	.7258229	0	.1276806	.1464964
666.15	0	.7257401	0	.1275286	.1467314
665.15	0	.7256576	0	.1273771	.1469652
664.15	0	.7255756	0	.1272263	.1471981
663.15	0	.725494	0	.1270761	.1474299
662.15	0	.7254128	0	.1269265	.1476607
661.15	0	.725332	0	.1267776	.1478904
660.15	0	.7252517	0	.1266292	.1481191
659.15	0	.7251717	0	.1264815	.1483468
658.15	0	.7250922	0	.1263344	.1485734
657.15	0	.725013	0	.126188	.148799
656.15	0	.7249343	0	.1260421	.1490236
655.15	0	.724856	0	.1258969	.1492472
654.15	0	.724778	0	.1257522	.1494697
653.15	0	.7247005	0	.1256082	.1496913
652.15	0	.7246234	0	.1254648	.1499118
651.15	0	.7245467	0	.1253221	.1501313
650.15	0	.7244704	0	.1251799	.1503497
649.15	0	.7243945	0	.1250384	.1505672
648.15	0	.7243189	0	.1248974	.1507836
647.15	0	.7242438	0	.1247571	.1509991
646.15	0	.7241691	0	.1246174	.1512135
645.15	0	.7240947	0	.1244784	.1514269
644.15	0	.7240208	0	.1243399	.1516393
643.15	0	.7239472	0	.124202	.1518507
642.15	0	.7238741	0	.1240648	.1520611
641.15	0	.7238013	0	.1239282	.1522706
640.15	0	.7237289	0	.1237921	.152479
639.15	0	.7236569	0	.1236567	.1526864
638.15	0	.7235853	0	.1235219	.1528928
637.15	0	.7235141	0	.1233878	.1530982
636.15	0	.7234432	0	.1232542	.1533026
635.15	0	.7233727	0	.1231212	.153506
634.15	0	.7233026	0	.1229889	.1537085
633.15	0	.7232329	0	.1228572	.1539099
632.15	0	.7231636	0	.122726	.1541104
631.15	0	.7230946	0	.1225955	.1543099
630.15	0	.7230261	0	.1224656	.1545084
629.15	0	.7229578	0	.1223363	.1547059
628.15	0	.72289	0	.1222076	.1549024
627.15	0	.7228226	0	.1220795	.155098
626.15	0	.7227555	0	.121952	.1552925
625.15	0	.7226887	0	.1218251	.1554861
624.15	0	.7226224	0	.1216989	.1556788
623.15	0	.7225564	0	.1215732	.1558704
622.15	0	.7224908	0	.1214481	.1560611
621.15	0	.7224255	0	.1213236	.1562508
620.15	0	.7223607	0	.1211998	.1564396
619.15	0	.7222961	0	.1210765	.1566273
618.15	0	.722232	0	.1209539	.1568142
617.15	0	.7221682	0	.1208318	.157
616.15	0	.7221047	0	.1207104	.1571849
615.15	0	.7220417	0	.1205895	.1573689
614.15	0	.7219789	0	.1204692	.1575518
613.15	0	.7219166	0	.1203496	.1577339
612.15	0	.7218546	0	.1202305	.1579149
611.15	0	.7217929	0	.1201121	.158095
610.15	0	.7217316	0	.1199942	.1582742
609.15	0	.7216707	0	.1198769	.1584524
608.15	0	.7216101	0	.1197602	.1586297
607.15	0	.7215498	0	.1196442	.158806
606.15	0	.72149	0	.1195287	.1589814
605.15	0	.7214304	0	.1194138	.1591558
604.15	0	.7213712	0	.1192995	.1593293
603.15	0	.7213124	0	.1191858	.1595019
602.15	0	.7212539	0	.1190727	.1596735
601.15	0	.7211957	0	.1189601	.1598442
600.15	0	.7211379	0	.1188482	.1600139
599.15	0	.7210804	0	.1187369	.1601827
598.15	0	.7210233	0	.1186261	.1603506
597.15	0	.7209665	0	.1185159	.1605176
596.15	0	.7209101	0	.1184063	.1606836
595.15	0	.7208539	0	.1182973	.1608487
594.15	0	.7207982	0	.1181889	.1610129
593.15	0	.7207427	0	.1180811	.1611762
592.15	0	.7206876	0	.1179739	.1613385
591.15	0	.7206329	0	.1178672	.1615
590.15	0	.7205784	0	.1177611	.1616605
589.15	0	.7205243	0	.1176556	.1618201
588.15	0	.7204706	0	.1175507	.1619788
587.15	0	.7204171	0	.1174463	.1621366
586.15	0	.720364	0	.1173426	.1622934
585.15	0	.7203112	0	.1172394	.1624494
584.15	0	.7202588	0	.1171368	.1626045
583.15	0	.7202066	0	.1170348	.1627586
582.15	0	.7201548	0	.1169333	.1629119
581.15	0	.7201034	0	.1168324	.1630642
580.15	0	.7200522	0	.1167321	.1632157
579.15	0	.7200014	0	.1166324	.1633663
578.15	0	.7199509	0	.1165332	.163516
577.15	0	.7199007	0	.1164346	.1636648
576.15	0	.7198508	0	.1163365	.1638127
575.15	0	.7198013	0	.1162391	.1639597
574.15	0	.719752	0	.1161422	.1641058
573.15	0	.7197031	0	.1160459	.1642511
572.15	0	.7196545	0	.1159501	.1643954
571.15	0	.7196062	0	.1158549	.1645389
570.15	0	.7195582	0	.1157602	.1646815
569.15	0	.7195106	0	.1156662	.1648233
568.15	0	.7194632	0	.1155726	.1649642
567.15	0	.7194162	0	.1154797	.1651042
566.15	0	.7193694	0	.1153873	.1652433
565.15	0	.719323	0	.1152954	.1653816
564.15	0	.7192769	0	.1152041	.165519
563.15	0	.7192311	0	.1151134	.1656555
562.15	0	.7191856	0	.1150232	.1657912
561.15	0	.7191404	0	.1149336	.1659261
560.15	0	.7190955	0	.1148445	.1660601
559.15	0	.7190509	0	.114756	.1661932
558.15	0	.7190066	0	.114668	.1663255
557.15	0	.7189626	0	.1145805	.1664569
556.15	0	.7189189	0	.1144937	.1665875
555.15	0	.7188755	0	.1144073	.1667172
554.15	0	.7188324	0	.1143215	.1668461
553.15	0	.7187895	0	.1142362	.1669742
552.15	0	.718747	0	.1141515	.1671015
551.15	0	.7187048	0	.1140673	.1672279
550.15	0	.7186629	0	.1139837	.1673534
549.15	0	.7186212	0	.1139006	.1674782
548.15	0	.7185799	0	.113818	.1676021
547.15	0	.7185389	0	.113736	.1677252
546.15	0	.7184981	0	.1136545	.1678475
545.15	0	.7184576	0	.1135735	.1679689
544.15	0	.7184174	0	.113493	.1680896
543.15	0	.7183775	0	.1134131	.1682094
542.15	0	.7183379	0	.1133337	.1683284
541.15	0	.7182985	0	.1132549	.1684466
540.15	0	.7182595	0	.1131765	.168564
539.15	0	.7182207	0	.1130987	.1686806
538.15	0	.7181822	0	.1130214	.1687964
537.15	0	.718144	0	.1129446	.1689114
536.15	0	.718106	0	.1128684	.1690256
535.15	0	.7180684	0	.1127926	.169139
534.15	0	.718031	0	.1127174	.1692516
533.15	0	.7179939	0	.1126427	.1693635
532.15	0	.717957	0	.1125685	.1694745
531.15	0	.7179205	0	.1124948	.1695848
530.15	0	.7178842	0	.1124216	.1696943
529.15	0	.7178481	0	.1123489	.169803
528.15	0	.7178124	0	.1122767	.1699109
527.15	0	.7177769	0	.112205	.1700181
526.15	0	.7177417	0	.1121339	.1701245
525.15	0	.7177067	0	.1120632	.1702301
524.15	0	.717672	0	.111993	.170335
523.15	0	.7176376	0	.1119233	.1704391
522.15	0	.7176034	0	.1118542	.1705424
521.15	0	.7175695	0	.1117855	.170645
520.15	0	.7175358	0	.1117173	.1707469
519.15	0	.7175025	0	.1116496	.170848
518.15	0	.7174693	0	.1115823	.1709483
517.15	0	.7174365	0	.1115156	.1710479
516.15	0	.7174039	0	.1114493	.1711468
515.15	0	.7173715	0	.1113836	.1712449
514.15	0	.7173394	0	.1113183	.1713423
513.15	0	.7173075	0	.1112535	.171439
512.15	0	.7172759	0	.1111892	.1715349
511.15	0	.7172446	0	.1111253	.1716301
510.15	0	.7172135	0	.1110619	.1717246
509.15	0	.7171826	0	.110999	.1718184
508.15	0	.717152	0	.1109366	.1719114
507.15	0	.7171216	0	.1108746	.1720038
506.15	0	.7170915	0	.1108131	.1720954
505.15	0	.7170617	0	.110752	.1721863
504.15	0	.717032	0	.1106914	.1722766
503.15	0	.7170026	0	.1106313	.1723661
502.15	0	.7169735	0	.1105716	.1724549
501.15	0	.7169446	0	.1105124	.172543
500.15	0	.7169159	0	.1104537	.1726304
499.15	0	.7168874	0	.1103954	.1727172
498.15	0	.7168592	0	.1103375	.1728032
497.15	0	.7168313	0	.1102801	.1728886
496.15	0	.7168035	0	.1102232	.1729733
495.15	0	.716776	0	.1101666	.1730573
494.15	0	.7167487	0	.1101106	.1731407
493.15	0	.7167217	0	.1100549	.1732234
492.15	0	.7166949	0	.1099997	.1733054
491.15	0	.7166683	0	.109945	.1733867
490.15	0	.7166419	0	.1098906	.1734674
489.15	0	.7166158	0	.1098367	.1735475
488.15	0	.7165899	0	.1097833	.1736268
487.15	0	.7165642	0	.1097302	.1737056
486.15	0	.7165387	0	.1096776	.1737837
485.15	0	.7165134	0	.1096254	.1738611
484.15	0	.7164884	0	.1095737	.1739379
483.15	0	.7164636	0	.1095223	.1740141
482.15	0	.716439	0	.1094714	.1740896
481.15	0	.7164146	0	.1094209	.1741645
480.15	0	.7163904	0	.1093708	.1742388
479.15	0	.7163665	0	.1093211	.1743125
478.15	0	.7163427	0	.1092718	.1743855
477.15	0	.7163192	0	.1092229	.1744579
476.15	0	.7162959	0	.1091744	.1745297
475.15	0	.7162727	0	.1091263	.1746009
474.15	0	.7162498	0	.1090786	.1746715
473.15	0	.7162271	0	.1090313	.1747415
472.15	0	.7162046	0	.1089845	.1748109
471.15	0	.7161823	0	.108938	.1748797
470.15	0	.7161602	0	.1088918	.1749479
469.15	0	.7161383	0	.1088461	.1750156
468.15	0	.7161166	0	.1088008	.1750826
467.15	0	.7160951	0	.1087558	.175149
466.15	0	.7160738	0	.1087113	.1752149
465.15	0	.7160527	0	.1086671	.1752802
464.15	0	.7160318	0	.1086233	.175345
463.15	0	.7160111	0	.1085798	.1754091
462.15	0	.7159905	0	.1085367	.1754727
461.15	0	.7159702	0	.108494	.1755358
460.15	0	.7159501	0	.1084517	.1755983
459.15	0	.7159301	0	.1084097	.1756602
458.15	0	.7159103	0	.1083681	.1757216
457.15	0	.7158907	0	.1083269	.1757824
