T	 BPW(LIQUID)	BPW(BCC_A2)	BPW(FCC_A1)	BPW(LAVES_PHASE_C14)	BPW(NI3TI)
1473.15	0	1	0	0	0
1472.15	0	1	0	0	0
1471.15	0	1	0	0	0
1470.15	0	1	0	0	0
1469.15	0	1	0	0	0
1468.15	0	1	0	0	0
1467.15	0	1	0	0	0
1466.15	0	1	0	0	0
1465.15	0	1	0	0	0
1464.15	0	1	0	0	0
1463.15	0	1	0	0	0
1462.15	0	1	0	0	0
1461.15	0	1	0	0	0
1460.15	0	1	0	0	0
1459.15	0	1	0	0	0
1458.15	0	1	0	0	0
1457.15	0	1	0	0	0
1456.15	0	1	0	0	0
1455.15	0	1	0	0	0
1454.15	0	1	0	0	0
1453.15	0	1	0	0	0
1452.15	0	1	0	0	0
1451.15	0	1	0	0	0
1450.15	0	1	0	0	0
1449.15	0	1	0	0	0
1448.15	0	1	0	0	0
1447.15	0	1	0	0	0
1446.15	0	1	0	0	0
1445.15	0	1	0	0	0
1444.15	0	1	0	0	0
1443.15	0	1	0	0	0
1442.15	0	1	0	0	0
1441.15	0	1	0	0	0
1440.15	0	1	0	0	0
1439.15	0	1	0	0	0
1438.15	0	1	0	0	0
1437.15	0	1	0	0	0
1436.15	0	1	0	0	0
1435.15	0	1	0	0	0
1434.15	0	1	0	0	0
1433.15	0	1	0	0	0
1432.15	0	1	0	0	0
1431.15	0	1	0	0	0
1430.15	0	1	0	0	0
1429.15	0	1	0	0	0
1428.15	0	1	0	0	0
1427.15	0	1	0	0	0
1426.15	0	1	0	0	0
1425.15	0	1	0	0	0
1424.15	0	1	0	0	0
1423.15	0	1	0	0	0
1422.15	0	1	0	0	0
1421.15	0	1	0	0	0
1420.15	0	1	0	0	0
1419.15	0	1	0	0	0
1418.15	0	1	0	0	0
1417.15	0	1	0	0	0
1416.15	0	1	0	0	0
1415.15	0	1	0	0	0
1414.15	0	1	0	0	0
1413.15	0	1	0	0	0
1412.15	0	1	0	0	0
1411.15	0	1	0	0	0
1410.15	0	1	0	0	0
1409.15	0	1	0	0	0
1408.15	0	1	0	0	0
1407.15	0	1	0	0	0
1406.15	0	1	0	0	0
1405.15	0	1	0	0	0
1404.15	0	1	0	0	0
1403.15	0	1	0	0	0
1402.15	0	1	0	0	0
1401.15	0	1	0	0	0
1400.15	0	1	0	0	0
1399.15	0	1	0	0	0
1398.15	0	1	0	0	0
1397.15	0	1	0	0	0
1396.15	0	1	0	0	0
1395.15	0	1	0	0	0
1394.15	0	1	0	0	0
1393.15	0	1	0	0	0
1392.15	0	1	0	0	0
1391.15	0	1	0	0	0
1390.15	0	1	0	0	0
1389.15	0	1	0	0	0
1388.15	0	1	0	0	0
1387.15	0	1	0	0	0
1386.15	0	1	0	0	0
1385.15	0	1	0	0	0
1384.15	0	1	0	0	0
1383.15	0	1	0	0	0
1382.15	0	1	0	0	0
1381.15	0	1	0	0	0
1380.15	0	1	0	0	0
1379.15	0	1	0	0	0
1378.15	0	1	0	0	0
1377.15	0	1	0	0	0
1376.15	0	1	0	0	0
1375.15	0	1	0	0	0
1374.15	0	1	0	0	0
1373.15	0	1	0	0	0
1372.15	0	1	0	0	0
1371.15	0	1	0	0	0
1370.15	0	1	0	0	0
1369.15	0	1	0	0	0
1368.15	0	1	0	0	0
1367.15	0	1	0	0	0
1366.15	0	1	0	0	0
1365.15	0	1	0	0	0
1364.15	0	1	0	0	0
1363.15	0	1	0	0	0
1362.15	0	1	0	0	0
1361.15	0	1	0	0	0
1360.15	0	1	0	0	0
1359.15	0	1	0	0	0
1358.15	0	1	0	0	0
1357.15	0	1	0	0	0
1356.15	0	1	0	0	0
1355.15	0	1	0	0	0
1354.15	0	1	0	0	0
1353.15	0	1	0	0	0
1352.15	0	1	0	0	0
1351.15	0	1	0	0	0
1350.15	0	1	0	0	0
1349.15	0	1	0	0	0
1348.15	0	1	0	0	0
1347.15	0	1	0	0	0
1346.15	0	1	0	0	0
1345.15	0	1	0	0	0
1344.15	0	1	0	0	0
1343.15	0	1	0	0	0
1342.15	0	1	0	0	0
1341.15	0	1	0	0	0
1340.15	0	1	0	0	0
1339.15	0	1	0	0	0
1338.15	0	1	0	0	0
1337.15	0	1	0	0	0
1336.15	0	1	0	0	0
1335.15	0	1	0	0	0
1334.15	0	1	0	0	0
1333.15	0	1	0	0	0
1332.15	0	1	0	0	0
1331.15	0	1	0	0	0
1330.15	0	1	0	0	0
1329.15	0	1	0	0	0
1328.15	0	1	0	0	0
1327.15	0	1	0	0	0
1326.15	0	1	0	0	0
1325.15	0	1	0	0	0
1324.15	0	1	0	0	0
1323.15	0	1	0	0	0
1322.15	0	1	0	0	0
1321.15	0	1	0	0	0
1320.15	0	1	0	0	0
1319.15	0	1	0	0	0
1318.15	0	1	0	0	0
1317.15	0	1	0	0	0
1316.15	0	1	0	0	0
1315.15	0	1	0	0	0
1314.15	0	1	0	0	0
1313.15	0	1	0	0	0
1312.15	0	1	0	0	0
1311.15	0	1	0	0	0
1310.15	0	1	0	0	0
1309.15	0	1	0	0	0
1308.15	0	1	0	0	0
1307.15	0	1	0	0	0
1306.15	0	1	0	0	0
1305.15	0	1	0	0	0
1304.15	0	1	0	0	0
1303.15	0	1	0	0	0
1302.15	0	1	0	0	0
1301.15	0	1	0	0	0
1300.15	0	1	0	0	0
1299.15	0	1	0	0	0
1298.15	0	1	0	0	0
1297.15	0	1	0	0	0
1296.15	0	1	0	0	0
1295.15	0	1	0	0	0
1294.15	0	1	0	0	0
1293.15	0	1	0	0	0
1292.15	0	1	0	0	0
1291.15	0	1	0	0	0
1290.15	0	1	0	0	0
1289.15	0	1	0	0	0
1288.15	0	1	0	0	0
1287.15	0	1	0	0	0
1286.15	0	1	0	0	0
1285.15	0	1	0	0	0
1284.15	0	1	0	0	0
1283.15	0	1	0	0	0
1282.15	0	1	0	0	0
1281.15	0	1	0	0	0
1280.15	0	1	0	0	0
1279.15	0	1	0	0	0
1278.15	0	1	0	0	0
1277.15	0	1	0	0	0
1276.15	0	1	0	0	0
1275.15	0	1	0	0	0
1274.15	0	1	0	0	0
1273.15	0	1	0	0	0
1272.15	0	1	0	0	0
1271.15	0	1	0	0	0
1270.15	0	1	0	0	0
1269.15	0	1	0	0	0
1268.15	0	1	0	0	0
1267.15	0	1	0	0	0
1266.15	0	1	0	0	0
1265.15	0	1	0	0	0
1264.15	0	1	0	0	0
1263.15	0	1	0	0	0
1262.15	0	1	0	0	0
1261.15	0	1	0	0	0
1260.15	0	1	0	0	0
1259.15	0	1	0	0	0
1258.15	0	1	0	0	0
1257.15	0	1	0	0	0
1256.15	0	1	0	0	0
1255.15	0	1	0	0	0
1254.15	0	1	0	0	0
1253.15	0	1	0	0	0
1252.15	0	1	0	0	0
1251.15	0	1	0	0	0
1250.15	0	1	0	0	0
1249.15	0	1	0	0	0
1248.15	0	1	0	0	0
1247.15	0	1	0	0	0
1246.15	0	1	0	0	0
1245.15	0	1	0	0	0
1244.15	0	1	0	0	0
1243.15	0	1	0	0	0
1242.15	0	1	0	0	0
1241.15	0	1	0	0	0
1240.15	0	1	0	0	0
1239.15	0	1	0	0	0
1238.15	0	1	0	0	0
1237.15	0	1	0	0	0
1236.15	0	1	0	0	0
1235.15	0	1	0	0	0
1234.15	0	1	0	0	0
1233.15	0	1	0	0	0
1232.15	0	1	0	0	0
1231.15	0	1	0	0	0
1230.15	0	1	0	0	0
1229.15	0	1	0	0	0
1228.15	0	1	0	0	0
1227.15	0	1	0	0	0
1226.15	0	1	0	0	0
1225.15	0	1	0	0	0
1224.15	0	1	0	0	0
1223.15	0	1	0	0	0
1222.15	0	1	0	0	0
1221.15	0	1	0	0	0
1220.15	0	1	0	0	0
1219.15	0	1	0	0	0
1218.15	0	1	0	0	0
1217.15	0	1	0	0	0
1216.15	0	1	0	0	0
1215.15	0	1	0	0	0
1214.15	0	1	0	0	0
1213.15	0	1	0	0	0
1212.15	0	1	0	0	0
1211.15	0	1	0	0	0
1210.15	0	1	0	0	0
1209.15	0	1	0	0	0
1208.15	0	1	0	0	0
1207.15	0	1	0	0	0
1206.15	0	1	0	0	0
1205.15	0	1	0	0	0
1204.15	0	1	0	0	0
1203.15	0	1	0	0	0
1202.15	0	1	0	0	0
1201.15	0	1	0	0	0
1200.15	0	1	0	0	0
1199.15	0	1	0	0	0
1198.15	0	1	0	0	0
1197.15	0	1	0	0	0
1196.15	0	1	0	0	0
1195.15	0	1	0	0	0
1194.15	0	1	0	0	0
1193.15	0	1	0	0	0
1192.15	0	1	0	0	0
1191.15	0	1	0	0	0
1190.15	0	1	0	0	0
1189.15	0	1	0	0	0
1188.15	0	1	0	0	0
1187.15	0	1	0	0	0
1186.15	0	1	0	0	0
1185.15	0	1	0	0	0
1184.15	0	1	0	0	0
1183.15	0	1	0	0	0
1182.15	0	1	0	0	0
1181.15	0	1	0	0	0
1180.15	0	1	0	0	0
1179.15	0	1	0	0	0
1178.15	0	1	0	0	0
1177.15	0	1	0	0	0
1176.15	0	1	0	0	0
1175.15	0	1	0	0	0
1174.15	0	1	0	0	0
1173.516	0	1	0	0	0
1173.516	0	1	0	0	0
1173.516	0	1	0	0	0
1173.15	0	.9995797	4.203424E-04	0	0
1172.15	0	.9984315	.001568526	0	0
1171.15	0	.9972856	.002714417	0	0
1170.15	0	.996142	.003858011	0	0
1169.15	0	.9950007	.004999304	0	0
1168.15	0	.9938617	.006138293	0	0
1167.15	0	.992725	.007274974	0	0
1166.15	0	.9915907	.008409343	0	0
1165.15	0	.9904586	.009541396	0	0
1164.15	0	.9893289	.01067113	0	0
1163.15	0	.9882015	.01179854	0	0
1162.15	0	.9870764	.01292362	0	0
1161.15	0	.9859536	.01404637	0	0
1160.15	0	.9848332	.01516678	0	0
1159.15	0	.9837151	.01628486	0	0
1158.15	0	.9825994	.01740058	0	0
1157.15	0	.981486	.01851397	0	0
1156.15	0	.980375	.01962499	0	0
1155.15	0	.9792663	.02073366	0	0
1154.15	0	.97816	.02184001	0	0
1153.15	0	.9770561	.02294395	0	0
1152.15	0	.9759545	.02404552	0	0
1151.15	0	.9748553	.02514472	0	0
1150.15	0	.9737585	.02624154	0	0
1149.15	0	.972664	.02733598	0	0
1148.15	0	.971572	.02842802	0	0
1147.15	0	.9704823	.02951768	0	0
1146.15	0	.9693951	.03060494	0	0
1145.15	0	.9683102	.03168979	0	0
1144.15	0	.9672278	.03277224	0	0
1143.15	0	.9661477	.03385228	0	0
1142.15	0	.9650701	.0349299	0	0
1141.15	0	.9639949	.0360051	0	0
1140.15	0	.9629221	.03707787	0	0
1139.15	0	.9618518	.03814821	0	0
1138.15	0	.9607839	.03921612	0	0
1137.15	0	.9597184	.04028158	0	0
1136.15	0	.9586554	.0413446	0	0
1135.15	0	.9575948	.04240517	0	0
1134.15	0	.9565367	.04346328	0	0
1133.15	0	.9554811	.04451892	0	0
1132.15	0	.9544279	.0455721	0	0
1131.15	0	.9533772	.04662281	0	0
1130.15	0	.952329	.04767104	0	0
1129.15	0	.9512832	.04871679	0	0
1128.15	0	.9502399	.04976005	0	0
1127.15	0	.9491992	.05080081	0	0
1126.15	0	.9481609	.05183908	0	0
1125.15	0	.9471252	.05287484	0	0
1124.15	0	.9460919	.05390809	0	0
1123.15	0	.9450612	.05493882	0	0
1122.15	0	.944033	.05596703	0	0
1121.15	0	.9430073	.05699272	0	0
1120.15	0	.9419841	.05801587	0	0
1119.15	0	.9409635	.05903648	0	0
1118.15	0	.9399455	.06005454	0	0
1117.15	0	.9389299	.06107006	0	0
1116.15	0	.937917	.06208302	0	0
1115.15	0	.9369066	.06309341	0	0
1114.15	0	.9358988	.06410124	0	0
1113.15	0	.9348935	.06510649	0	0
1112.15	0	.9338909	.06610915	0	0
1111.15	0	.9328908	.06710924	0	0
1110.15	0	.9318933	.06810672	0	0
1109.15	0	.9308984	.06910161	0	0
1108.15	0	.9299061	.07009389	0	0
1107.15	0	.9289164	.07108356	0	0
1106.15	0	.9279294	.07207061	0	0
1105.15	0	.926945	.07305504	0	0
1104.15	0	.9259632	.07403683	0	0
1103.15	0	.924984	.07501598	0	0
1102.15	0	.9240075	.07599249	0	0
1101.15	0	.9230337	.07696635	0	0
1100.15	0	.9220624	.07793755	0	0
1099.15	0	.9210939	.07890609	0	0
1098.15	0	.920128	.07987195	0	0
1097.15	0	.9191649	.08083514	0	0
1096.15	0	.9182044	.08179564	0	0
1095.15	0	.9172465	.08275345	0	0
1094.15	0	.9162914	.08370856	0	0
1093.15	0	.915339	.08466097	0	0
1092.15	0	.9143893	.08561066	0	0
1091.15	0	.9134424	.08655763	0	0
1090.15	0	.9124981	.08750188	0	0
1089.15	0	.9115566	.08844339	0	0
1088.15	0	.9106178	.08938216	0	0
1087.15	0	.9096818	.09031819	0	0
1086.15	0	.9087485	.09125146	0	0
1085.15	0	.907818	.09218197	0	0
1084.15	0	.9068903	.09310971	0	0
1083.15	0	.9059653	.09403467	0	0
1082.15	0	.9050432	.09495685	0	0
1081.15	0	.9041238	.09587623	0	0
1080.15	0	.9032072	.09679282	0	0
1079.15	0	.9022934	.0977066	0	0
1078.15	0	.9013824	.09861757	0	0
1077.15	0	.9004743	.09952572	0	0
1076.15	0	.899569	.100431	0	0
1075.693	0	.8991558	.1008442	0	0
1075.693	0	.8991558	.1008442	0	0
1075.693	0	.8991558	.1008442	0	0
1075.15	0	.898559	.1012327	2.082582E-04	0
1074.15	0	.8974621	.1019466	5.913263E-04	0
1073.15	0	.8963689	.1026577	9.733914E-04	0
1072.15	0	.8952795	.103366	.001354455	0
1071.15	0	.8941939	.1040715	.001734518	0
1070.15	0	.8931121	.1047743	.002113583	0
1069.15	0	.8920341	.1054743	.00249165	0
1068.15	0	.8909598	.1061715	.002868721	0
1067.15	0	.8898894	.1068658	.003244796	0
1066.15	0	.8888227	.1075575	.003619878	0
1065.15	0	.8877598	.1082463	.003993968	0
1064.15	0	.8867006	.1089323	.004367066	0
1063.15	0	.8856453	.1096155	.004739174	0
1062.15	0	.8845937	.110296	.005110293	0
1061.15	0	.883546	.1109736	.005480424	0
1060.15	0	.8825019	.1116485	.005849568	0
1059.15	0	.8814617	.1123205	.006217726	0
1058.15	0	.8804253	.1129898	.006584899	0
1057.15	0	.8793927	.1136562	.006951088	0
1056.15	0	.8783638	.1143199	.007316294	0
1055.15	0	.8773387	.1149808	.007680519	0
1054.15	0	.8763174	.1156388	.008043762	0
1053.15	0	.8752999	.116294	.008406025	0
1052.15	0	.8742862	.1169465	.008767309	0
1051.15	0	.8732763	.1175961	.009127614	0
1050.15	0	.8722701	.1182429	.009486941	0
1049.15	0	.8712678	.1188869	.009845291	0
1048.15	0	.8702692	.1195281	.01020266	0
1047.15	0	.8692744	.1201665	.01055906	0
1046.15	0	.8682834	.1208021	.01091449	0
1045.15	0	.8672962	.1214349	.01126894	0
1044.15	0	.8663128	.1220648	.01162241	0
1043.15	0	.8653332	.1226919	.01197491	0
1042.15	0	.8643573	.1233162	.01232644	0
1041.15	0	.8633853	.1239377	.012677	0
1040.15	0	.862417	.1245564	.01302658	0
1039.15	0	.8614526	.1251722	.01337519	0
1038.15	0	.8604919	.1257852	.01372284	0
1037.15	0	.8595351	.1263954	.01406951	0
1036.15	0	.858582	.1270028	.01441521	0
1035.15	0	.8576327	.1276073	.01475994	0
1034.15	0	.8566873	.1282091	.0151037	0
1033.15	0	.8557456	.1288079	.0154465	0
1032.15	0	.8548077	.129404	.01578832	0
1031.15	0	.8538736	.1299972	.01612917	0
1030.15	0	.8529433	.1305876	.01646905	0
1029.15	0	.8520169	.1311752	.01680797	0
1028.15	0	.8510942	.1317599	.01714592	0
1027.15	0	.8501753	.1323418	.01748289	0
1026.15	0	.8492603	.1329208	.0178189	0
1025.15	0	.848349	.1334971	.01815394	0
1024.15	0	.8474415	.1340704	.01848801	0
1023.15	0	.8465379	.134641	.01882111	0
1022.15	0	.8456381	.1352087	.01915324	0
1021.15	0	.844742	.1357736	.0194844	0
1020.15	0	.8438498	.1363356	.01981459	0
1019.15	0	.8429614	.1368948	.02014381	0
1018.15	0	.8420768	.1374511	.02047206	0
1017.15	0	.841196	.1380047	.02079934	0
1016.15	0	.840319	.1385553	.02112564	0
1015.15	0	.8394459	.1391032	.02145098	0
1014.15	0	.8385765	.1396481	.02177534	0
1013.15	0	.837711	.1401903	.02209872	0
1012.15	0	.8368493	.1407296	.02242114	0
1011.15	0	.8359914	.1412661	.02274258	0
1010.15	0	.8351373	.1417997	.02306304	0
1009.15	0	.834287	.1423305	.02338252	0
1008.15	0	.8334405	.1428584	.02370103	0
1007.15	0	.8325979	.1433836	.02401857	0
1006.15	0	.8317591	.1439058	.02433512	0
1005.15	0	.830924	.1444253	.02465069	0
1004.15	0	.8300928	.1449419	.02496529	0
1003.15	0	.8292655	.1454556	.0252789	0
1002.15	0	.8284419	.1459666	.02559153	0
1001.15	0	.8276222	.1464747	.02590317	0
1000.15	0	.8268062	.1469799	.02621383	0
999.15	0	.8259941	.1474824	.0265235	0
998.15	0	.8251858	.147982	.02683219	0
997.15	0	.8243814	.1484787	.02713988	0
996.15	0	.8235807	.1489727	.02744659	0
995.15	0	.8227839	.1494638	.0277523	0
994.15	0	.8219908	.1499521	.02805702	0
993.15	0	.8212016	.1504376	.02836074	0
992.15	0	.8204162	.1509203	.02866347	0
991.15	0	.8196347	.1514002	.0289652	0
990.15	0	.8188569	.1518772	.02926593	0
989.15	0	.8180829	.1523514	.02956565	0
988.15	0	.8173128	.1528229	.02986438	0
987.15	0	.8165464	.1532915	.03016209	0
986.15	0	.8157839	.1537573	.0304588	0
985.15	0	.8150252	.1542203	.0307545	0
984.15	0	.8142702	.1546806	.03104918	0
983.15	0	.8135191	.155138	.03134285	0
982.15	0	.8127718	.1555927	.03163551	0
981.15	0	.8120283	.1560446	.03192714	0
980.15	0	.8112885	.1564937	.03221776	0
979.15	0	.8105526	.1569401	.03250735	0
978.15	0	.8098204	.1573837	.03279591	0
977.15	0	.8090921	.1578245	.03308344	0
976.15	0	.8083675	.1582626	.03336995	0
975.15	0	.8076467	.1586979	.03365541	0
974.15	0	.8069297	.1591305	.03393984	0
973.15	0	.8062165	.1595603	.03422323	0
972.15	0	.805507	.1599874	.03450558	0
971.15	0	.8048013	.1604118	.03478688	0
970.15	0	.8040993	.1608335	.03506713	0
969.15	0	.8034012	.1612525	.03534633	0
968.15	0	.8027067	.1616688	.03562447	0
967.15	0	.802016	.1620824	.03590155	0
966.15	0	.8013291	.1624933	.03617757	0
965.15	0	.8006459	.1629016	.03645252	0
964.15	0	.7999664	.1633072	.0367264	0
963.15	0	.7992907	.1637101	.03699921	0
962.15	0	.7986187	.1641104	.03727094	0
961.15	0	.7979504	.164508	.03754159	0
960.15	0	.7972858	.1649031	.03781115	0
959.15	0	.7966249	.1652955	.03807962	0
958.15	0	.7959677	.1656853	.038347	0
957.15	0	.7953141	.1660726	.03861328	0
956.15	0	.7946643	.1664573	.03887846	0
955.15	0	.7940181	.1668394	.03914253	0
954.15	0	.7933756	.1672189	.03940549	0
953.15	0	.7927367	.167596	.03966733	0
952.15	0	.7921015	.1679705	.03992805	0
951.15	0	.7914699	.1683425	.04018765	0
950.15	0	.7908419	.168712	.04044611	0
949.15	0	.7902175	.1690791	.04070344	0
948.15	0	.7895967	.1694436	.04095962	0
947.15	0	.7889795	.1698058	.04121466	0
946.15	0	.7883659	.1701655	.04146854	0
945.15	0	.7877559	.1705229	.04172127	0
944.15	0	.7871494	.1708778	.04197283	0
943.15	0	.7865464	.1712304	.04222323	0
942.15	0	.7859469	.1715806	.04247244	0
941.15	0	.785351	.1719285	.04272048	0
940.15	0	.7847585	.1722741	.04296733	0
939.15	0	.7841696	.1726175	.04321298	0
938.15	0	.783584	.1729585	.04345743	0
937.15	0	.783002	.1732974	.04370068	0
936.15	0	.7824233	.173634	.04394271	0
935.15	0	.7818481	.1739684	.04418351	0
934.15	0	.7812762	.1743007	.0444231	0
933.15	0	.7807077	.1746308	.04466144	0
932.15	0	.7801426	.1749589	.04489854	0
931.15	0	.7795808	.1752848	.04513439	0
930.15	0	.7790223	.1756087	.04536898	0
929.15	0	.7784671	.1759306	.04560231	0
928.15	0	.7779151	.1762505	.04583436	0
927.15	0	.7773664	.1765685	.04606513	0
926.15	0	.7768209	.1768845	.04629461	0
925.15	0	.7762786	.1771986	.04652279	0
924.15	0	.7757395	.1775109	.04674966	0
923.15	0	.7752035	.1778213	.04697522	0
922.15	0	.7746706	.17813	.04719945	0
921.15	0	.7741408	.1784369	.04742234	0
920.15	0	.773614	.1787421	.04764389	0
919.15	0	.7730903	.1790456	.04786409	0
918.15	0	.7725696	.1793475	.04808292	0
917.15	0	.7720518	.1796478	.04830037	0
916.15	0	.771537	.1799466	.04851644	0
915.15	0	.771025	.1802439	.04873112	0
914.15	0	.7705159	.1805397	.04894439	0
913.15	0	.7700096	.1808341	.04915624	0
912.15	0	.7695062	.1811272	.04936666	0
911.15	0	.7690054	.1814189	.04957564	0
910.15	0	.7685074	.1817094	.04978318	0
909.15	0	.7680121	.1819987	.04998924	0
908.15	0	.7675193	.1822869	.05019383	0
907.15	0	.7670292	.1825739	.05039694	0
906.15	0	.7665415	.1828599	.05059854	0
905.15	0	.7660564	.183145	.05079863	0
904.15	0	.7655737	.1834291	.05099718	0
903.15	0	.7650935	.1837124	.0511942	0
902.15	0	.7646155	.1839948	.05138966	0
901.15	0	.7641399	.1842766	.05158355	0
900.15	0	.7636665	.1845577	.05177586	0
899.15	0	.7631952	.1848382	.05196656	0
898.15	0	.7627262	.1851182	.05215565	0
897.15	0	.7622591	.1853978	.05234311	0
896.15	0	.7617941	.185677	.05252892	0
895.15	0	.7613311	.1859559	.05271307	0
894.15	0	.7608699	.1862346	.05289553	0
893.15	0	.7604106	.1865132	.0530763	0
892.15	0	.759953	.1867917	.05325534	0
891.15	0	.7594971	.1870703	.05343266	0
890.15	0	.7590428	.187349	.05360822	0
889.15	0	.75859	.187628	.053782	0
888.15	0	.7581387	.1879073	.053954	0
887.15	0	.7576889	.188187	.05412418	0
886.15	0	.7572403	.1884672	.05429252	0
885.15	0	.7567929	.1887481	.05445901	0
884.15	0	.7563467	.1890297	.05462362	0
883.15	0	.7559015	.1893122	.05478633	0
882.15	0	.7554573	.1895956	.05494712	0
881.15	0	.755014	.1898801	.05510595	0
880.15	0	.7545714	.1901658	.05526282	0
879.15	0	.7541295	.1904528	.05541768	0
878.15	0	.7536882	.1907413	.05557052	0
877.15	0	.7532473	.1910314	.05572131	0
876.15	0	.7528068	.1913232	.05587002	0
875.15	0	.7523665	.1916169	.05601661	0
874.15	0	.7519264	.1919126	.05616107	0
873.15	0	.7514862	.1922104	.05630336	0
872.15	0	.751046	.1925106	.05644345	0
871.15	0	.7506055	.1928132	.0565813	0
870.15	0	.7501646	.1931185	.05671689	0
869.15	0	.7497232	.1934267	.05685017	0
868.15	0	.7492811	.1937378	.0569811	0
867.15	0	.7488382	.1940522	.05710966	0
866.15	0	.7483943	.1943699	.0572358	0
865.15	0	.7479494	.1946912	.05735949	0
864.15	0	.7475031	.1950163	.05748066	0
863.15	0	.7470553	.1953454	.0575993	0
862.15	0	.746606	.1956787	.05771534	0
861.15	0	.7461547	.1960165	.05782874	0
860.15	0	.7457015	.196359	.05793945	0
859.15	0	.745246	.1967065	.05804742	0
858.15	0	.7447882	.1970593	.05815259	0
857.15	0	.7443276	.1974175	.05825491	0
856.15	0	.7438642	.1977815	.05835432	0
855.15	0	.7433976	.1981516	.05845075	0
854.15	0	.7429277	.1985281	.05854413	0
853.15	0	.7424542	.1989114	.05863441	0
852.15	0	.7419767	.1993018	.05872151	0
851.15	0	.7414951	.1996996	.05880535	0
850.15	0	.7410089	.2001053	.05888585	0
849.15	0	.7405179	.2005192	.05896293	0
848.15	0	.7400218	.2009417	.0590365	0
847.15	0	.7395202	.2013734	.05910646	0
846.15	0	.7390126	.2018146	.05917272	0
845.15	0	.7384988	.202266	.05923517	0
844.15	0	.7379783	.202728	.0592937	0
843.15	0	.7374507	.2032011	.05934818	0
842.15	0	.7369154	.2036861	.0593985	0
841.15	0	.736372	.2041835	.05944451	0
840.15	0	.73582	.2046939	.05948607	0
839.15	0	.7352587	.2052182	.05952303	0
838.15	0	.7346876	.2057572	.05955522	0
837.15	0	.734106	.2063116	.05958246	0
836.15	0	.7335131	.2068823	.05960456	0
835.15	0	.7329083	.2074704	.05962131	0
834.15	0	.7322906	.2080769	.05963248	0
833.15	0	.7316592	.2087029	.05963783	0
832.15	0	.7310132	.2093498	.05963709	0
831.15	0	.7299206	.2105291	.05955034	0
830.15	0	.7287134	.2118504	.05943621	0
829.15	0	.7275696	.2131029	.05932757	0
828.15	0	.7264845	.2142915	.05922397	0
827.15	0	.725454	.215421	.05912503	0
826.15	0	.7244743	.2164954	.05903038	0
825.15	0	.7235419	.2175184	.05893969	0
824.15	0	.722654	.2184934	.05885268	0
823.15	0	.7218074	.2194235	.05876908	0
822.15	0	.7209998	.2203116	.05868864	0
821.15	0	.7202286	.2211603	.05861114	0
820.15	0	.7194916	.221972	.05853638	0
819.15	0	.718787	.2227488	.05846418	0
818.15	0	.7181127	.2234929	.05839437	0
817.15	0	.7174671	.2242062	.05832677	0
816.15	0	.7168485	.2248903	.05826127	0
815.15	0	.7162554	.2255469	.05819771	0
814.15	0	.7156865	.2261775	.05813598	0
813.15	0	.7151404	.2267836	.05807596	0
812.15	0	.7146161	.2273664	.05801754	0
811.15	0	.7141122	.2279272	.05796064	0
810.15	0	.7136278	.2284671	.05790515	0
809.15	0	.7131618	.2289872	.05785099	0
808.15	0	.7127134	.2294885	.05779809	0
807.15	0	.7122816	.229972	.05774636	0
806.15	0	.7118657	.2304385	.05769575	0
805.15	0	.7114649	.2308889	.05764618	0
804.15	0	.7110784	.231324	.05759759	0
803.15	0	.7107056	.2317445	.05754994	0
802.15	0	.7103458	.2321511	.05750315	0
801.15	0	.7099983	.2325445	.0574572	0
800.15	0	.7096628	.2329252	.05741202	0
799.15	0	.7093385	.233294	.05736758	0
798.15	0	.7090249	.2336513	.05732384	0
797.15	0	.7087216	.2339976	.05728074	0
796.15	0	.7084282	.2343335	.05723827	0
795.15	0	.7081441	.2346595	.05719638	0
794.15	0	.707869	.234976	.05715504	0
793.15	0	.7076024	.2352833	.05711423	0
792.15	0	.7073441	.235582	.0570739	0
791.15	0	.7070936	.2358724	.05703404	0
790.15	0	.7068505	.2361549	.05699462	0
789.15	0	.7066147	.2364297	.05695561	0
788.15	0	.7063857	.2366973	.05691699	0
787.15	0	.7061633	.236958	.05687875	0
786.15	0	.7059472	.237212	.05684084	0
785.15	0	.7057371	.2374596	.05680327	0
784.15	0	.7055328	.2377012	.05676601	0
783.15	0	.7053341	.2379369	.05672903	0
782.15	0	.7051407	.238167	.05669234	0
781.15	0	.7049523	.2383918	.0566559	0
780.15	0	.7047689	.2386114	.0566197	0
779.15	0	.7045902	.2388261	.05658373	0
778.15	0	.7044159	.2390361	.05654798	0
777.15	0	.704246	.2392415	.05651243	0
776.15	0	.7040803	.2394427	.05647707	0
775.15	0	.7039185	.2396396	.05644189	0
774.15	0	.7037605	.2398326	.05640687	0
773.15	0	.7036063	.2400217	.05637201	0
772.15	0	.7034555	.2402072	.05633729	0
771.15	0	.7033082	.2403891	.05630271	0
770.15	0	.7031641	.2405677	.05626825	0
769.15	0	.7030231	.240743	.05623392	0
768.15	0	.7028852	.2409151	.05619969	0
767.15	0	.7027501	.2410843	.05616556	0
766.15	0	.7026179	.2412506	.05613153	0
765.15	0	.7024883	.2414141	.05609758	0
764.15	0	.7023613	.241575	.05606371	0
763.15	0	.7022368	.2417333	.05602991	0
762.15	0	.7021147	.2418891	.05599618	0
761.15	0	.7019949	.2420426	.05596251	0
760.15	0	.7018773	.2421939	.05592889	0
759.15	0	.7017618	.2423429	.05589532	0
758.15	0	.7016484	.2424899	.05586179	0
757.15	0	.7015392	.242633	.05582772	0
756.15	0	.7014295	.2427762	.05579431	0
755.15	0	.7013216	.2429175	.05576093	0
754.15	0	.7012155	.243057	.05572756	0
753.15	0	.7011111	.2431947	.05569422	0
752.15	0	.7010083	.2433308	.05566089	0
751.15	0	.7009071	.2434653	.05562757	0
750.15	0	.7008075	.2435982	.05559426	0
749.15	0	.7007094	.2437297	.05556095	0
748.15	0	.7006126	.2438598	.05552764	0
747.15	0	.7005173	.2439884	.05549432	0
746.15	0	.7004232	.2441158	.05546101	0
745.15	0	.7003305	.2442419	.05542768	0
744.15	0	.7002389	.2443667	.05539434	0
743.15	0	.7001486	.2444904	.05536099	0
742.15	0	.7000594	.244613	.05532762	0
741.15	0	.6999713	.2447344	.05529424	0
740.15	0	.6998843	.2448549	.05526083	0
739.15	0	.6997983	.2449743	.0552274	0
738.15	0	.6997133	.2450927	.05519395	0
737.15	0	.6996293	.2452103	.05516047	0
736.15	0	.6995462	.2453269	.05512696	0
735.15	0	.699464	.2454426	.05509343	0
734.15	0	.6993826	.2455575	.05505986	0
733.15	0	.6993021	.2456717	.05502626	0
732.15	0	.6992224	.245785	.05499263	0
731.15	0	.6991435	.2458976	.05495896	0
730.15	0	.6990653	.2460095	.05492525	0
729.15	0	.6989878	.2461207	.05489151	0
728.15	0	.6989111	.2462312	.05485772	0
727.15	0	.698835	.2463411	.0548239	0
726.15	0	.6987596	.2464504	.05479004	0
725.15	0	.6986848	.2465591	.05475613	0
724.15	0	.6986106	.2466672	.05472218	0
723.15	0	.6985371	.2467747	.05468819	0
722.15	0	.6984641	.2468818	.05465415	0
721.15	0	.6983916	.2469883	.05462007	0
720.15	0	.6983197	.2470943	.05458595	0
719.15	0	.6982483	.2471999	.05455177	0
718.15	0	.6981774	.247305	.05451755	0
717.15	0	.698107	.2474097	.05448329	0
716.15	0	.6980371	.2475139	.05444897	0
715.15	0	.6979677	.2476177	.05441461	0
714.15	0	.6978986	.2477212	.0543802	0
713.15	0	.69783	.2478242	.05434574	0
712.15	0	.6977618	.2479269	.05431123	0
711.15	0	.697694	.2480293	.05427667	0
710.15	0	.6976267	.2481313	.05424207	0
709.15	0	.6975596	.248233	.05420741	0
708.15	0	.697493	.2483343	.0541727	0
707.15	0	.6974267	.2484354	.05413794	0
706.15	0	.6973607	.2485361	.05410314	0
705.15	0	.6972951	.2486366	.05406828	0
704.15	0	.6972298	.2487368	.05403337	0
703.15	0	.6971648	.2488367	.05399841	0
702.15	0	.6971002	.2489364	.05396341	0
701.15	0	.6970358	.2490359	.05392835	0
700.15	0	.6969717	.2491351	.05389324	0
699.15	0	.6969079	.249234	.05385808	0
698.15	0	.6968443	.2493328	.05382287	0
697.15	0	.6967811	.2494313	.05378762	0
696.15	0	.696718	.2495297	.05375231	0
695.15	0	.6966553	.2496278	.05371695	0
694.15	0	.6965927	.2497257	.05368155	0
693.15	0	.6965304	.2498235	.05364609	0
692.15	0	.6964683	.2499211	.05361059	0
691.15	0	.6964065	.2500185	.05357504	0
690.15	0	.6963449	.2501157	.05353944	0
689.15	0	.6962835	.2502128	.05350379	0
688.15	0	.6962222	.2503097	.05346809	0
687.15	0	.6961612	.2504064	.05343235	0
686.15	0	.6961004	.250503	.05339656	0
685.15	0	.6960398	.2505995	.05336073	0
684.15	0	.6959793	.2506958	.05332484	0
683.15	0	.6959191	.250792	.05328891	0
682.15	0	.695859	.2508881	.05325294	0
681.15	0	.6957991	.250984	.05321692	0
680.15	0	.6957393	.2510798	.05318086	0
679.15	0	.6956798	.2511755	.05314476	0
678.15	0	.6956203	.251271	.05310861	0
677.15	0	.6955611	.2513665	.05307241	0
676.15	0	.695502	.2514618	.05303618	0
675.15	0	.695443	.2515571	.0529999	0
674.15	0	.6953842	.2516522	.05296358	0
673.15	0	.6953256	.2517472	.05292722	0
672.15	0	.695267	.2518421	.05289082	0
671.15	0	.6952087	.251937	.05285438	0
670.15	0	.6951504	.2520317	.0528179	0
669.15	0	.6950923	.2521263	.05278138	0
668.15	0	.6950343	.2522209	.05274482	0
667.15	0	.6949765	.2523153	.05270822	0
666.15	0	.6949187	.2524097	.05267159	0
665.15	0	.6948611	.2525039	.05263492	0
664.15	0	.6948037	.2525981	.05259822	0
663.15	0	.6947463	.2526922	.05256148	0
662.15	0	.6946891	.2527862	.0525247	0
661.15	0	.6946319	.2528802	.05248789	0
660.15	0	.6945749	.2529741	.05245105	0
659.15	0	.694518	.2530678	.05241417	0
658.15	0	.6944612	.2531615	.05237726	0
657.15	0	.6944045	.2532551	.05234032	0
656.15	0	.694348	.2533487	.05230335	0
655.15	0	.6942915	.2534422	.05226634	0
654.15	0	.6942351	.2535356	.05222931	0
653.15	0	.6941789	.2536289	.05219225	0
652.15	0	.6941227	.2537221	.05215516	0
651.15	0	.6940667	.2538153	.05211804	0
650.15	0	.6940107	.2539084	.0520809	0
649.15	0	.6939549	.2540014	.05204373	0
648.15	0	.6938991	.2540944	.05200653	0
647.15	0	.6938434	.2541873	.05196931	0
646.15	0	.6937879	.2542801	.05193207	0
645.15	0	.6937324	.2543728	.0518948	0
644.15	0	.693677	.2544655	.05185751	0
643.15	0	.6936217	.2545581	.05182019	0
642.15	0	.6935666	.2546506	.05178286	0
641.15	0	.6935115	.254743	.0517455	0
640.15	0	.6934565	.2548354	.05170812	0
639.15	0	.6934016	.2549277	.05167073	0
638.15	0	.6933467	.25502	.05163331	0
637.15	0	.693292	.2551121	.05159588	0
636.15	0	.6932374	.2552042	.05155843	0
635.15	0	.6931828	.2552962	.05152097	0
634.15	0	.6931283	.2553882	.05148349	0
633.15	0	.693074	.25548	.05144599	0
632.15	0	.6930197	.2555718	.05140848	0
631.15	0	.6929655	.2556636	.05137096	0
630.15	0	.6929114	.2557552	.05133343	0
629.15	0	.6928574	.2558468	.05129588	0
628.15	0	.6928034	.2559383	.05125832	0
627.15	0	.6927496	.2560297	.05122075	0
626.15	0	.6926958	.256121	.05118317	0
625.15	0	.6926421	.2562123	.05114559	0
624.15	0	.6925885	.2563035	.05110799	0
623.15	0	.692535	.2563946	.05107039	0
622.15	0	.6924816	.2564856	.05103278	0
621.15	0	.6924283	.2565766	.05099517	0
620.15	0	.692375	.2566674	.05095755	0
619.15	0	.6923219	.2567582	.05091993	0
618.15	0	.6922688	.2568489	.0508823	0
617.15	0	.6922158	.2569395	.05084467	0
616.15	0	.6921629	.2570301	.05080704	0
615.15	0	.6921101	.2571205	.05076941	0
614.15	0	.6920574	.2572109	.05073178	0
613.15	0	.6920047	.2573011	.05069415	0
612.15	0	.6919522	.2573913	.05065652	0
611.15	0	.6918997	.2574814	.05061889	0
610.15	0	.6918473	.2575714	.05058127	0
609.15	0	.691795	.2576613	.05054365	0
608.15	0	.6917428	.2577511	.05050603	0
607.15	0	.6916907	.2578409	.05046842	0
606.15	0	.6916387	.2579305	.05043081	0
605.15	0	.6915867	.2580201	.05039322	0
604.15	0	.6915349	.2581095	.05035563	0
603.15	0	.6914831	.2581989	.05031805	0
602.15	0	.6914314	.2582881	.05028047	0
601.15	0	.6913798	.2583773	.05024291	0
600.15	0	.6913283	.2584663	.05020536	0
599.15	0	.6912769	.2585553	.05016782	0
598.15	0	.6912256	.2586441	.0501303	0
597.15	0	.6911743	.2587329	.05009278	0
596.15	0	.6911232	.2588215	.05005528	0
595.15	0	.6910721	.2589101	.0500178	0
594.15	0	.6910212	.2589985	.04998033	0
593.15	0	.6909703	.2590868	.04994288	0
592.15	0	.6909195	.259175	.04990545	0
591.15	0	.6908688	.2592631	.04986803	0
590.15	0	.6908182	.2593511	.04983064	0
589.15	0	.6907677	.259439	.04979326	0
588.15	0	.6907173	.2595268	.0497559	0
587.15	0	.690667	.2596144	.04971857	0
586.15	0	.6906168	.259702	.04968125	0
585.15	0	.6905666	.2597894	.04964397	0
584.15	0	.6905166	.2598767	.0496067	0
583.15	0	.6904667	.2599639	.04956946	0
582.15	0	.6904168	.260051	.04953224	0
581.15	0	.6903671	.2601379	.04949505	0
580.15	0	.6903174	.2602247	.04945789	0
579.15	0	.6902679	.2603114	.04942076	0
578.15	0	.6902184	.260398	.04938365	0
577.15	0	.690169	.2604844	.04934657	0
576.15	0	.6901198	.2605707	.04930953	0
575.15	0	.6900706	.2606569	.04927251	0
574.15	0	.6900215	.2607429	.04923553	0
573.15	0	.6899726	.2608289	.04919858	0
572.15	0	.6899237	.2609147	.04916166	0
571.15	0	.6898749	.2610003	.04912478	0
570.15	0	.6898262	.2610858	.04908793	0
569.15	0	.6897777	.2611712	.04905112	0
568.15	0	.6897292	.2612565	.04901435	0
567.15	0	.6896808	.2613415	.04897761	0
566.15	0	.6896326	.2614265	.04894091	0
565.15	0	.6895844	.2615113	.04890425	0
564.15	0	.6895364	.261596	.04886763	0
563.15	0	.6894884	.2616805	.04883105	0
562.15	0	.6894406	.2617649	.04879451	0
561.15	0	.6893928	.2618492	.04875802	0
560.15	0	.6893452	.2619333	.04872157	0
559.15	0	.6892976	.2620172	.04868516	0
558.15	0	.6892502	.262101	.0486488	0
557.15	0	.6892029	.2621846	.04861248	0
556.15	0	.6891557	.2622681	.04857621	0
555.15	0	.6891086	.2623514	.04853998	0
554.15	0	.6890616	.2624346	.0485038	0
553.15	0	.6890147	.2625176	.04846768	0
552.15	0	.6889679	.2626005	.0484316	0
551.15	0	.6889213	.2626832	.04839557	0
550.15	0	.6888747	.2627657	.04835959	0
549.15	0	.6888282	.2628481	.04832367	0
548.15	0	.6887819	.2629303	.04828779	0
547.15	0	.6887357	.2630123	.04825197	0
546.15	0	.6886896	.2630942	.04821621	0
545.15	0	.6886436	.2631759	.0481805	0
544.15	0	.6885977	.2632575	.04814484	0
543.15	0	.6885519	.2633388	.04810925	0
542.15	0	.6885063	.26342	.0480737	0
541.15	0	.6884607	.2635011	.04803822	0
540.15	0	.6884153	.2635819	.0480028	0
539.15	0	.68837	.2636626	.04796743	0
538.15	0	.6883248	.2637431	.04793213	0
537.15	0	.6882797	.2638234	.04789689	0
536.15	0	.6882347	.2639036	.04786171	0
535.15	0	.6881899	.2639835	.04782659	0
534.15	0	.6881452	.2640633	.04779153	0
533.15	0	.6881006	.2641429	.04775654	0
532.15	0	.6880561	.2642223	.04772162	0
531.15	0	.6880117	.2643015	.04768676	0
530.15	0	.6879675	.2643806	.04765197	0
529.15	0	.6879233	.2644594	.04761724	0
528.15	0	.6878793	.2645381	.04758258	0
527.15	0	.6878354	.2646166	.04754799	0
526.15	0	.6877917	.2646949	.04751347	0
525.15	0	.687748	.2647729	.04747903	0
524.15	0	.6877045	.2648508	.04744465	0
523.15	0	.6876611	.2649285	.04741034	0
522.15	0	.6876179	.265006	.04737611	0
521.15	0	.6875747	.2650833	.04734195	0
520.15	0	.6875317	.2651604	.04730786	0
519.15	0	.6874888	.2652373	.04727385	0
518.15	0	.687446	.2653141	.04723991	0
517.15	0	.6874034	.2653906	.04720605	0
516.15	0	.6873609	.2654669	.04717227	0
515.15	0	.6873185	.2655429	.04713857	0
514.15	0	.6872762	.2656188	.04710494	0
513.15	0	.6872341	.2656945	.04707139	0
512.15	0	.6871921	.26577	.04703793	0
511.15	0	.6871502	.2658452	.04700454	0
510.15	0	.6871085	.2659203	.04697123	0
509.15	0	.6870669	.2659951	.04693801	0
508.15	0	.6870254	.2660697	.04690487	0
507.15	0	.6869841	.2661441	.04687181	0
506.15	0	.686943	.2662183	.0468387	0
505.15	0	.6869019	.2662923	.04680581	0
504.15	0	.686861	.266366	.04677301	0
503.15	0	.6868201	.2664396	.04674029	0
502.15	0	.6867795	.2665129	.04670766	0
501.15	0	.6867389	.266586	.04667512	0
500.15	0	.6866985	.2666589	.04664266	0
499.15	0	.6866582	.2667315	.0466103	0
498.15	0	.6866181	.2668039	.04657802	0
497.15	0	.6865781	.2668761	.04654584	0
496.15	0	.6865382	.2669481	.04651374	0
495.15	0	.6864984	.2670198	.04648174	0
494.15	0	.6864588	.2670913	.04644983	0
493.15	0	.6864194	.2671626	.04641801	0
492.15	0	.6863801	.2672337	.04638629	0
491.15	0	.6863409	.2673045	.04635467	0
490.15	0	.6863018	.2673751	.04632313	0
489.15	0	.6862629	.2674454	.0462917	0
488.15	0	.6862241	.2675155	.04626036	0
487.15	0	.6861855	.2675854	.04622912	0
486.15	0	.686147	.267655	.04619797	0
485.15	0	.6861087	.2677244	.04616693	0
484.15	0	.6860705	.2677936	.04613598	0
483.15	0	.6860324	.2678625	.04610513	0
482.15	0	.6859945	.2679311	.04607439	0
481.15	0	.6859567	.2679996	.04604375	0
480.15	0	.6859191	.2680677	.0460132	0
479.15	0	.6858816	.2681357	.04598277	0
478.15	0	.6858442	.2682034	.04595243	0
477.15	0	.685807	.2682708	.0459222	0
476.15	0	.6857699	.268338	.04589207	0
475.15	0	.685733	.268405	.04586205	0
474.15	0	.6856962	.2684717	.04583213	0
473.15	0	.6856596	.2685381	.04580232	0
472.15	0	.6856231	.2686043	.04577261	0
471.15	0	.6855868	.2686702	.04574302	0
470.15	0	.6855506	.2687359	.04571353	0
469.15	0	.6855145	.2688013	.04568415	0
468.15	0	.6854786	.2688665	.04565488	0
467.15	0	.6854429	.2689314	.04562572	0
466.15	0	.6854073	.2689961	.04559668	0
465.15	0	.6853718	.2690605	.04556774	0
464.15	0	.6853365	.2691246	.04553891	0
463.15	0	.6853013	.2691885	.0455102	0
462.15	0	.6852663	.2692521	.0454816	0
461.15	0	.6852315	.2693154	.04545312	0
460.15	0	.6851967	.2693785	.04542474	0
459.15	0	.6851622	.2694413	.04539649	0
458.15	0	.6851278	.2695039	.04536835	0
457.15	0	.6850935	.2695662	.04534032	0
456.15	0	.6850594	.2696282	.04531241	0
455.15	0	.6850254	.26969	.04528462	0
454.15	0	.6849916	.2697515	.04525694	0
453.15	0	.684958	.2698127	.04522939	0
452.15	0	.6849244	.2698736	.04520195	0
451.15	0	.6848911	.2699343	.04517463	0
450.15	0	.6848579	.2699947	.04514743	0
449.15	0	.6848249	.2700548	.04512037	0
448.15	0	.684792	.2701145	.04509344	0
447.15	0	.6847593	.270174	.04506663	0
446.15	0	.6847268	.2702333	.04503995	0
445.15	0	.6846944	.2702922	.04501339	0
444.15	0	.6846623	.2703508	.04498697	0
443.15	0	.6846302	.2704091	.04496067	0
442.15	0	.6845984	.2704671	.04493452	0
441.15	0	.6845668	.2705248	.0449085	0
440.15	0	.6845353	.2705821	.04488262	0
439.15	0	.684504	.2706391	.04485688	0
438.15	0	.6844729	.2706958	.04483128	0
437.15	0	.684442	.2707522	.04480583	0
436.15	0	.6844113	.2708082	.04478052	0
435.15	0	.6843808	.2708639	.04475535	0
434.15	0	.6843505	.2709192	.04473034	0
433.15	0	.6843204	.2709741	.04470547	0
432.15	0	.6842905	.2710288	.04468076	0
431.15	0	.6842608	.271083	.04465619	0
430.15	0	.6842313	.2711369	.04463178	0
429.15	0	.684202	.2711905	.04460753	0
428.15	0	.6841729	.2712437	.04458343	0
427.15	0	.6841441	.2712965	.04455948	0
426.15	0	.6841154	.2713489	.04453569	0
425.15	0	.684087	.271401	.04451206	0
424.15	0	.6840587	.2714527	.04448859	0
423.15	0	.6840307	.271504	.04446528	0
422.15	0	.6840029	.2715549	.04444213	0
421.15	0	.6839754	.2716055	.04441914	0
420.15	0	.683948	.2716557	.04439631	0
419.15	0	.6839209	.2717055	.04437365	0
418.15	0	.6838939	.2717549	.04435115	0
417.15	0	.6838672	.271804	.04432881	0
416.15	0	.6838407	.2718526	.04430663	0
415.15	0	.6838145	.2719009	.04428462	0
414.15	0	.6837884	.2719488	.04426277	0
413.15	0	.6837625	.2719963	.04424109	0
412.15	0	.6837369	.2720435	.04421958	0
411.4681	0	.6837196	.2720754	.044205	0
411.4681	0	.6837196	.2720754	.044205	0
411.4681	0	.6837196	.2720754	.044205	0
411.15	0	.6837966	.2718909	.04410665	2.057749E-04
410.15	0	.6840386	.2713114	.04379784	8.521519E-04
409.15	0	.6842802	.2707326	.04348968	.001497607
408.15	0	.6845213	.2701544	.04318215	.00214215
407.15	0	.6847619	.269577	.04287527	.002785786
406.15	0	.6850022	.2690003	.04256901	.003428525
405.15	0	.6852421	.2684242	.04226338	.004070375
404.15	0	.6854815	.2678488	.04195838	.004711342
403.15	0	.6857206	.267274	.04165401	.005351435
402.15	0	.6859592	.2666999	.04135025	.005990661
401.15	0	.6861975	.2661263	.04104711	.006629028
400.15	0	.6864355	.2655534	.04074458	.007266543
399.15	0	.686673	.2649811	.04044267	.007903213
398.15	0	.6869102	.2644094	.04014136	.008539045
397.15	0	.6871471	.2638382	.03984065	.009174046
396.15	0	.6873836	.2632677	.03954054	.009808224
395.15	0	.6876198	.2626976	.03924104	.01044158
394.15	0	.6878556	.2621281	.03894213	.01107414
393.15	0	.6880911	.2615592	.03864381	.01170588
392.15	0	.6883263	.2609908	.03834608	.01233684
391.15	0	.6885612	.2604228	.03804893	.012967
390.15	0	.6887958	.2598554	.03775237	.01359638
389.15	0	.6890301	.2592885	.03745639	.01422498
388.15	0	.6892641	.2587221	.03716098	.01485281
387.15	0	.6894978	.2581562	.03686615	.01547987
386.15	0	.6897313	.2575907	.03657189	.01610618
385.15	0	.6899644	.2570257	.0362782	.01673173
384.15	0	.6901973	.2564611	.03598507	.01735654
383.15	0	.6904299	.255897	.03569251	.01798061
382.15	0	.6906623	.2553333	.0354005	.01860394
381.15	0	.6908944	.2547701	.03510906	.01922655
380.15	0	.6911262	.2542072	.03481816	.01984843
379.15	0	.6913578	.2536448	.03452782	.02046959
378.15	0	.6915891	.2530828	.03423803	.02109005
377.15	0	.6918203	.2525212	.03394878	.02170979
376.15	0	.6920512	.2519599	.03366008	.02232884
375.15	0	.6922818	.2513991	.03337192	.02294719
374.15	0	.6925123	.2508386	.0330843	.02356485
373.15	0	.6927425	.2502785	.03279721	.02418182
372.15	0	.6929725	.2497188	.03251065	.02479812
371.15	0	.6932023	.2491594	.03222463	.02541374
370.15	0	.6934318	.2486003	.03193913	.02602869
369.15	0	.6936612	.2480417	.03165416	.02664298
368.15	0	.6938904	.2474833	.03136971	.02725661
367.15	0	.6941194	.2469253	.03108579	.02786958
366.15	0	.6943481	.2463676	.03080238	.0284819
365.15	0	.6945767	.2458102	.03051948	.02909358
364.15	0	.6948051	.2452532	.0302371	.02970461
363.15	0	.6950334	.2446964	.02995523	.03031501
362.15	0	.6952614	.24414	.02967387	.03092478
361.15	0	.6954893	.2435838	.02939301	.03153392
360.15	0	.695717	.2430279	.02911266	.03214244
359.15	0	.6959445	.2424724	.02883281	.03275034
358.15	0	.6961719	.2419171	.02855346	.03335763
357.15	0	.6963991	.241362	.0282746	.0339643
356.15	0	.6966261	.2408073	.02799624	.03457038
355.15	0	.696853	.2402528	.02771837	.03517584
354.15	0	.6970797	.2396986	.02744099	.03578072
353.15	0	.6973062	.2391447	.0271641	.036385
352.15	0	.6975327	.238591	.0268877	.03698869
351.15	0	.6977589	.2380375	.02661178	.03759179
350.15	0	.697985	.2374843	.02633634	.03819431
349.15	0	.698211	.2369313	.02606138	.03879626
348.15	0	.6984369	.2363786	.0257869	.03939763
347.15	0	.6986626	.2358261	.0255129	.03999843
346.15	0	.6988881	.2352738	.02523936	.04059866
345.15	0	.6991136	.2347218	.0249663	.04119833
344.15	0	.6993389	.23417	.02469371	.04179744
343.15	0	.699564	.2336184	.02442159	.04239599
342.15	0	.6997891	.233067	.02414993	.042994
341.15	0	.700014	.2325158	.02387874	.04359145
340.15	0	.7002388	.2319648	.02360801	.04418836
339.15	0	.7004635	.2314141	.02333774	.04478472
338.15	0	.700688	.2308635	.02306793	.04538054
337.15	0	.7009125	.2303131	.02279857	.04597583
336.15	0	.7011368	.229763	.02252967	.04657059
335.15	0	.701361	.229213	.02226123	.04716481
334.15	0	.7015851	.2286632	.02199323	.04775851
333.15	0	.7018091	.2281135	.02172569	.04835168
332.15	0	.702033	.2275641	.02145859	.04894433
331.15	0	.7022567	.2270148	.02119194	.04953647
330.15	0	.7024804	.2264658	.02092574	.05012809
329.15	0	.702704	.2259169	.02065998	.05071919
328.15	0	.7029274	.2253681	.02039466	.05130979
327.15	0	.7031508	.2248196	.02012978	.05189988
326.15	0	.703374	.2242712	.01986534	.05248946
325.15	0	.7035972	.2237229	.01960134	.05307855
324.15	0	.7038202	.2231749	.01933777	.05366713
323.15	0	.7040432	.2226269	.01907464	.05425521
322.15	0	.7042661	.2220792	.01881194	.0548428
321.15	0	.7044889	.2215316	.01854968	.0554299
320.15	0	.7047115	.2209841	.01828784	.05601651
319.15	0	.7049341	.2204368	.01802644	.05660264
318.15	0	.7051566	.2198897	.01776546	.05718827
317.15	0	.705379	.2193426	.01750491	.05777343
316.15	0	.7056013	.2187958	.01724478	.0583581
315.15	0	.7058236	.2182491	.01698508	.0589423
314.15	0	.7060457	.2177025	.0167258	.05952602
313.15	0	.7062678	.217156	.01646694	.06010926
312.15	0	.7064898	.2166097	.01620851	.06069203
311.15	0	.7067116	.2160635	.01595049	.06127433
310.15	0	.7069334	.2155175	.01569289	.06185617
309.15	0	.7071552	.2149716	.01543571	.06243753
308.15	0	.7073768	.2144258	.01517895	.06301844
307.15	0	.7075984	.2138802	.0149226	.06359887
306.15	0	.7078198	.2133347	.01466667	.06417885
305.15	0	.7080412	.2127893	.01441115	.06475837
304.15	0	.7082626	.212244	.01415604	.06533743
303.15	0	.7084838	.2116988	.01390134	.06591603
302.15	0	.7087049	.2111538	.01364705	.06649418
301.15	0	.708926	.2106089	.01339318	.06707188
300.15	0	.709147	.2100641	.01313971	.06764912
