T	 BPW(LIQUID)	BPW(BCC_A2)	BPW(FCC_A1)	BPW(LAVES_PHASE_C14)	BPW(NI3TI)
1473.15	.1302706	.6910512	0	.1786782	0
1472.15	.1253866	.6942142	0	.1803992	0
1471.15	.1205944	.6973129	0	.1820927	0
1470.15	.1158916	.7003489	0	.1837595	0
1469.15	.1112756	.7033239	0	.1854005	0
1468.15	.1067443	.7062396	0	.1870162	0
1467.15	.1022952	.7090974	0	.1886074	0
1466.15	.09792633	.711899	0	.1901747	0
1465.15	.09363545	.7146457	0	.1917189	0
1464.15	.08942055	.717339	0	.1932405	0
1463.15	.08527966	.7199802	0	.1947401	0
1462.15	.08121089	.7225708	0	.1962183	0
1461.15	.07721238	.7251119	0	.1976758	0
1460.15	.07328235	.7276047	0	.1991129	0
1459.15	.06941909	.7300506	0	.2005303	0
1458.15	.06562091	.7324506	0	.2019285	0
1457.15	.06188621	.7348059	0	.2033079	0
1456.15	.05821342	.7371175	0	.2046691	0
1455.15	.05460103	.7393865	0	.2060124	0
1454.15	.05104756	.741614	0	.2073384	0
1453.15	.04755159	.7438009	0	.2086475	0
1452.15	.04411174	.7459482	0	.2099401	0
1451.15	.04072668	.7480568	0	.2112165	0
1450.15	.03739511	.7501276	0	.2124773	0
1449.15	.03411578	.7521615	0	.2137227	0
1448.15	.03088745	.7541593	0	.2149532	0
1447.15	.02770895	.756122	0	.2161691	0
1446.15	.02457913	.7580502	0	.2173707	0
1445.15	.02149687	.7599447	0	.2185584	0
1444.15	.0184611	.7618063	0	.2197326	0
1443.15	.01547075	.7636358	0	.2208934	0
1442.15	.01252482	.7654339	0	.2220413	0
1441.15	.0096223	.7672011	0	.2231766	0
1440.15	.006762235	.7689383	0	.2242994	0
1439.15	.003943687	.7706461	0	.2254102	0
1438.15	.001165745	.7723251	0	.2265091	0
1437.726	0	.7730284	0	.2269716	0
1437.726	0	.7730284	0	.2269716	0
1437.15	0	.772703	0	.2272971	0
1436.15	0	.772139	0	.227861	0
1435.15	0	.7715765	0	.2284235	0
1434.15	0	.7710155	0	.2289845	0
1433.15	0	.7704559	0	.2295442	0
1432.15	0	.7698976	0	.2301024	0
1431.15	0	.7693408	0	.2306592	0
1430.15	0	.7687855	0	.2312146	0
1429.15	0	.7682315	0	.2317685	0
1428.15	0	.7676789	0	.2323211	0
1427.15	0	.7671277	0	.2328723	0
1426.15	0	.7665779	0	.2334221	0
1425.15	0	.7660295	0	.2339705	0
1424.15	0	.7654824	0	.2345176	0
1423.15	0	.7649368	0	.2350632	0
1422.15	0	.7643925	0	.2356075	0
1421.15	0	.7638496	0	.2361504	0
1420.15	0	.763308	0	.236692	0
1419.15	0	.7627678	0	.2372322	0
1418.15	0	.762229	0	.2377711	0
1417.15	0	.7616914	0	.2383086	0
1416.15	0	.7611553	0	.2388447	0
1415.15	0	.7606205	0	.2393795	0
1414.15	0	.760087	0	.239913	0
1413.15	0	.7595548	0	.2404452	0
1412.15	0	.759024	0	.240976	0
1411.15	0	.7584944	0	.2415056	0
1410.15	0	.7579662	0	.2420338	0
1409.15	0	.7574394	0	.2425606	0
1408.15	0	.7569138	0	.2430862	0
1407.15	0	.7563895	0	.2436105	0
1406.15	0	.7558665	0	.2441335	0
1405.15	0	.7553448	0	.2446552	0
1404.15	0	.7548244	0	.2451756	0
1403.15	0	.7543053	0	.2456947	0
1402.15	0	.7537874	0	.2462126	0
1401.15	0	.7532709	0	.2467291	0
1400.15	0	.7527556	0	.2472444	0
1399.15	0	.7522415	0	.2477585	0
1398.15	0	.7517288	0	.2482712	0
1397.15	0	.7512173	0	.2487827	0
1396.15	0	.750707	0	.249293	0
1395.15	0	.750198	0	.249802	0
1394.15	0	.7496903	0	.2503097	0
1393.15	0	.7491838	0	.2508163	0
1392.15	0	.7486785	0	.2513215	0
1391.15	0	.7481744	0	.2518256	0
1390.15	0	.7476716	0	.2523284	0
1389.15	0	.74717	0	.25283	0
1388.15	0	.7466697	0	.2533303	0
1387.15	0	.7461705	0	.2538295	0
1386.15	0	.7456726	0	.2543274	0
1385.15	0	.7451759	0	.2548241	0
1384.15	0	.7446803	0	.2553197	0
1383.15	0	.744186	0	.255814	0
1382.15	0	.7436929	0	.2563071	0
1381.15	0	.743201	0	.256799	0
1380.15	0	.7427102	0	.2572898	0
1379.15	0	.7422207	0	.2577793	0
1378.15	0	.7417323	0	.2582677	0
1377.15	0	.7412451	0	.2587549	0
1376.15	0	.7407591	0	.2592409	0
1375.15	0	.7402743	0	.2597258	0
1374.15	0	.7397906	0	.2602094	0
1373.15	0	.739308	0	.260692	0
1372.15	0	.7388267	0	.2611733	0
1371.15	0	.7383465	0	.2616535	0
1370.15	0	.7378674	0	.2621326	0
1369.15	0	.7373895	0	.2626105	0
1368.15	0	.7369128	0	.2630872	0
1367.15	0	.7364371	0	.2635629	0
1366.15	0	.7359627	0	.2640374	0
1365.15	0	.7354893	0	.2645107	0
1364.15	0	.7350171	0	.2649829	0
1363.15	0	.734546	0	.265454	0
1362.15	0	.734076	0	.265924	0
1361.15	0	.7336072	0	.2663929	0
1360.15	0	.7331394	0	.2668606	0
1359.15	0	.7326728	0	.2673272	0
1358.15	0	.7322073	0	.2677927	0
1357.15	0	.7317429	0	.2682571	0
1356.15	0	.7312795	0	.2687205	0
1355.15	0	.7308173	0	.2691827	0
1354.15	0	.7303562	0	.2696438	0
1353.15	0	.7298962	0	.2701038	0
1352.15	0	.7294372	0	.2705628	0
1351.15	0	.7289794	0	.2710207	0
1350.15	0	.7285226	0	.2714774	0
1349.15	0	.7280669	0	.2719331	0
1348.15	0	.7276122	0	.2723878	0
1347.15	0	.7271587	0	.2728413	0
1346.15	0	.7267062	0	.2732938	0
1345.15	0	.7262548	0	.2737452	0
1344.15	0	.7258044	0	.2741956	0
1343.15	0	.7253551	0	.2746449	0
1342.15	0	.7249068	0	.2750932	0
1341.15	0	.7244596	0	.2755404	0
1340.15	0	.7240134	0	.2759866	0
1339.15	0	.7235683	0	.2764317	0
1338.15	0	.7231242	0	.2768758	0
1337.15	0	.7226812	0	.2773188	0
1336.15	0	.7222392	0	.2777608	0
1335.15	0	.7217982	0	.2782018	0
1334.15	0	.7213583	0	.2786417	0
1333.15	0	.7209194	0	.2790806	0
1332.15	0	.7204815	0	.2795185	0
1331.15	0	.7200446	0	.2799554	0
1330.15	0	.7196087	0	.2803913	0
1329.15	0	.7191739	0	.2808261	0
1328.15	0	.71874	0	.28126	0
1327.15	0	.7183072	0	.2816928	0
1326.15	0	.7178754	0	.2821246	0
1325.15	0	.7174445	0	.2825555	0
1324.15	0	.7170147	0	.2829853	0
1323.15	0	.7165858	0	.2834141	0
1322.15	0	.716158	0	.283842	0
1321.15	0	.7157311	0	.2842689	0
1320.15	0	.7153053	0	.2846947	0
1319.15	0	.7148804	0	.2851196	0
1318.15	0	.7144565	0	.2855436	0
1317.15	0	.7140335	0	.2859665	0
1316.15	0	.7136115	0	.2863885	0
1315.15	0	.7131906	0	.2868094	0
1314.15	0	.7127705	0	.2872295	0
1313.15	0	.7123515	0	.2876485	0
1312.15	0	.7119334	0	.2880666	0
1311.15	0	.7115162	0	.2884838	0
1310.15	0	.7111	0	.2889	0
1309.15	0	.7106848	0	.2893152	0
1308.15	0	.7102705	0	.2897295	0
1307.15	0	.7098572	0	.2901428	0
1306.15	0	.7094448	0	.2905552	0
1305.15	0	.7090334	0	.2909666	0
1304.15	0	.7086229	0	.2913771	0
1303.15	0	.7082133	0	.2917867	0
1302.15	0	.7078047	0	.2921953	0
1301.15	0	.707397	0	.292603	0
1300.15	0	.7069902	0	.2930098	0
1299.15	0	.7065843	0	.2934156	0
1298.15	0	.7061794	0	.2938206	0
1297.15	0	.7057754	0	.2942246	0
1296.15	0	.7053723	0	.2946277	0
1295.15	0	.7049702	0	.2950298	0
1294.15	0	.7045689	0	.2954311	0
1293.15	0	.7041686	0	.2958314	0
1292.15	0	.7037691	0	.2962309	0
1291.15	0	.7033706	0	.2966294	0
1290.15	0	.702973	0	.2970271	0
1289.15	0	.7025762	0	.2974238	0
1288.15	0	.7021804	0	.2978196	0
1287.15	0	.7017854	0	.2982146	0
1286.15	0	.7013914	0	.2986086	0
1285.15	0	.7009982	0	.2990018	0
1284.15	0	.700606	0	.299394	0
1283.15	0	.7002146	0	.2997854	0
1282.15	0	.6998241	0	.3001759	0
1281.15	0	.6994344	0	.3005656	0
1280.15	0	.6990457	0	.3009543	0
1279.15	0	.6986578	0	.3013422	0
1278.15	0	.6982708	0	.3017292	0
1277.15	0	.6978847	0	.3021153	0
1276.15	0	.6974994	0	.3025006	0
1275.15	0	.697115	0	.302885	0
1274.15	0	.6967315	0	.3032685	0
1273.15	0	.6963488	0	.3036512	0
1272.15	0	.695967	0	.304033	0
1271.15	0	.695586	0	.304414	0
1270.15	0	.6952059	0	.3047941	0
1269.15	0	.6948266	0	.3051734	0
1268.15	0	.6944482	0	.3055518	0
1267.15	0	.6940706	0	.3059294	0
1266.15	0	.6936939	0	.3063061	0
1265.15	0	.693318	0	.306682	0
1264.15	0	.692943	0	.307057	0
1263.15	0	.6925688	0	.3074313	0
1262.15	0	.6921954	0	.3078046	0
1261.15	0	.6918228	0	.3081772	0
1260.15	0	.6914511	0	.3085489	0
1259.15	0	.6910802	0	.3089198	0
1258.15	0	.6907102	0	.3092898	0
1257.15	0	.6903409	0	.3096591	0
1256.15	0	.6899725	0	.3100275	0
1255.15	0	.6896049	0	.3103951	0
1254.15	0	.6892381	0	.3107619	0
1253.15	0	.6888722	0	.3111279	0
1252.15	0	.688507	0	.311493	0
1251.15	0	.6881426	0	.3118574	0
1250.15	0	.6877791	0	.3122209	0
1249.15	0	.6874164	0	.3125836	0
1248.15	0	.6870544	0	.3129456	0
1247.15	0	.6866933	0	.3133067	0
1246.15	0	.686333	0	.313667	0
1245.15	0	.6859734	0	.3140266	0
1244.15	0	.6856147	0	.3143853	0
1243.15	0	.6852567	0	.3147433	0
1242.15	0	.6848996	0	.3151004	0
1241.15	0	.6845432	0	.3154568	0
1240.15	0	.6841876	0	.3158124	0
1239.15	0	.6838328	0	.3161672	0
1238.15	0	.6834788	0	.3165212	0
1237.15	0	.6831256	0	.3168744	0
1236.15	0	.6827731	0	.3172269	0
1235.15	0	.6824214	0	.3175786	0
1234.15	0	.6820705	0	.3179295	0
1233.15	0	.6817204	0	.3182796	0
1232.15	0	.681371	0	.318629	0
1231.15	0	.6810224	0	.3189776	0
1230.15	0	.6806746	0	.3193254	0
1229.15	0	.6803275	0	.3196725	0
1228.15	0	.6799812	0	.3200188	0
1227.15	0	.6796357	0	.3203643	0
1226.15	0	.6792909	0	.3207091	0
1225.15	0	.6789468	0	.3210532	0
1224.15	0	.6786036	0	.3213964	0
1223.15	0	.6782611	0	.321739	0
1222.15	0	.6779193	0	.3220807	0
1221.15	0	.6775783	0	.3224218	0
1220.15	0	.677238	0	.322762	0
1219.15	0	.6768984	0	.3231016	0
1218.15	0	.6765597	0	.3234404	0
1217.15	0	.6762216	0	.3237784	0
1216.15	0	.6758843	0	.3241157	0
1215.15	0	.6755477	0	.3244523	0
1214.15	0	.6752119	0	.3247881	0
1213.15	0	.6748768	0	.3251232	0
1212.15	0	.6745424	0	.3254576	0
1211.15	0	.6742088	0	.3257912	0
1210.15	0	.6738759	0	.3261242	0
1209.15	0	.6735437	0	.3264563	0
1208.15	0	.6732122	0	.3267878	0
1207.15	0	.6728815	0	.3271186	0
1206.15	0	.6725514	0	.3274486	0
1205.15	0	.6722221	0	.3277779	0
1204.15	0	.6718936	0	.3281064	0
1203.15	0	.6715657	0	.3284343	0
1202.15	0	.6712385	0	.3287615	0
1201.15	0	.6709121	0	.3290879	0
1200.15	0	.6705864	0	.3294136	0
1199.15	0	.6702613	0	.3297387	0
1198.15	0	.669937	0	.330063	0
1197.15	0	.6696134	0	.3303866	0
1196.15	0	.6692905	0	.3307095	0
1195.15	0	.6689683	0	.3310317	0
1194.15	0	.6686468	0	.3313532	0
1193.15	0	.668326	0	.331674	0
1192.15	0	.6680059	0	.3319941	0
1191.15	0	.6676865	0	.3323135	0
1190.15	0	.6673678	0	.3326323	0
1189.15	0	.6670497	0	.3329503	0
1188.15	0	.6667324	0	.3332676	0
1187.15	0	.6664157	0	.3335843	0
1186.15	0	.6660998	0	.3339002	0
1185.15	0	.6657845	0	.3342155	0
1184.15	0	.6654699	0	.3345301	0
1183.15	0	.665156	0	.334844	0
1182.15	0	.6648428	0	.3351572	0
1181.15	0	.6645302	0	.3354698	0
1180.15	0	.6642183	0	.3357817	0
1179.15	0	.6639071	0	.3360929	0
1178.15	0	.6635966	0	.3364034	0
1177.15	0	.6632868	0	.3367132	0
1176.15	0	.6629776	0	.3370224	0
1175.15	0	.6626691	0	.3373309	0
1174.15	0	.6623612	0	.3376388	0
1173.15	0	.6620541	0	.3379459	0
1172.15	0	.6617475	0	.3382525	0
1171.15	0	.6614417	0	.3385583	0
1170.15	0	.6611365	0	.3388635	0
1169.15	0	.660832	0	.339168	0
1168.15	0	.6605281	0	.3394719	0
1167.15	0	.6602249	0	.3397751	0
1166.15	0	.6599223	0	.3400777	0
1165.15	0	.6596204	0	.3403796	0
1164.15	0	.6593192	0	.3406808	0
1163.15	0	.6590186	0	.3409814	0
1162.15	0	.6587186	0	.3412814	0
1161.15	0	.6584193	0	.3415807	0
1160.15	0	.6581207	0	.3418793	0
1159.15	0	.6578227	0	.3421773	0
1158.15	0	.6575253	0	.3424747	0
1157.15	0	.6572286	0	.3427714	0
1156.15	0	.6569325	0	.3430675	0
1155.15	0	.6566371	0	.3433629	0
1154.15	0	.6563423	0	.3436577	0
1153.15	0	.6560481	0	.3439519	0
1152.15	0	.6557546	0	.3442454	0
1151.15	0	.6554617	0	.3445383	0
1150.15	0	.6551694	0	.3448306	0
1149.15	0	.6548778	0	.3451222	0
1148.15	0	.6545868	0	.3454132	0
1147.15	0	.6542964	0	.3457036	0
1146.15	0	.6540067	0	.3459933	0
1145.15	0	.6537176	0	.3462824	0
1144.15	0	.6534291	0	.3465709	0
1143.15	0	.6531412	0	.3468588	0
1142.15	0	.652854	0	.347146	0
1141.15	0	.6525673	0	.3474327	0
1140.15	0	.6522813	0	.3477187	0
1139.15	0	.6519959	0	.3480041	0
1138.15	0	.6517112	0	.3482888	0
1137.15	0	.651427	0	.348573	0
1136.15	0	.6511435	0	.3488565	0
1135.15	0	.6508605	0	.3491395	0
1134.15	0	.6505782	0	.3494218	0
1133.15	0	.6502965	0	.3497035	0
1132.15	0	.6500154	0	.3499846	0
1131.15	0	.6497349	0	.3502651	0
1130.15	0	.649455	0	.350545	0
1129.15	0	.6491757	0	.3508243	0
1128.15	0	.6488971	0	.3511029	0
1127.15	0	.648619	0	.351381	0
1126.15	0	.6483415	0	.3516585	0
1125.15	0	.6480646	0	.3519354	0
1124.15	0	.6477884	0	.3522117	0
1123.15	0	.6475127	0	.3524873	0
1122.15	0	.6472376	0	.3527624	0
1121.15	0	.6469631	0	.3530369	0
1120.15	0	.6466892	0	.3533108	0
1119.15	0	.6464159	0	.3535841	0
1118.15	0	.6461432	0	.3538568	0
1117.15	0	.6458711	0	.3541289	0
1116.15	0	.6455995	0	.3544005	0
1115.15	0	.6453286	0	.3546714	0
1114.15	0	.6450582	0	.3549418	0
1113.15	0	.6447885	0	.3552116	0
1112.15	0	.6445193	0	.3554807	0
1111.15	0	.6442507	0	.3557494	0
1110.15	0	.6439826	0	.3560174	0
1109.15	0	.6437152	0	.3562848	0
1108.15	0	.6434483	0	.3565517	0
1107.15	0	.643182	0	.356818	0
1106.15	0	.6429163	0	.3570837	0
1105.15	0	.6426512	0	.3573488	0
1104.15	0	.6423866	0	.3576134	0
1103.15	0	.6421226	0	.3578774	0
1102.15	0	.6418592	0	.3581408	0
1101.15	0	.6415964	0	.3584036	0
1100.925	0	.6415373	0	.3584627	0
1100.925	0	.6415373	0	.3584627	0
1100.925	0	.6415373	0	.3584627	0
1100.15	0	.6407968	5.626159E-04	.3586406	0
1099.15	0	.6398438	.001286634	.3588696	0
1098.15	0	.6388936	.002008439	.359098	0
1097.15	0	.6379462	.002728027	.3593258	0
1096.15	0	.6370016	.003445398	.359553	0
1095.15	0	.6360599	.004160549	.3597795	0
1094.15	0	.635121	.00487348	.3600055	0
1093.15	0	.634185	.005584189	.3602308	0
1092.15	0	.6332518	.006292674	.3604556	0
1091.15	0	.6323214	.006998933	.3606797	0
1090.15	0	.6313938	.007702965	.3609032	0
1089.15	0	.6304691	.008404768	.3611262	0
1088.15	0	.6295472	.009104341	.3613485	0
1087.15	0	.6286281	.009801681	.3615702	0
1086.15	0	.6277119	.01049679	.3617913	0
1085.15	0	.6267985	.01118966	.3620119	0
1084.15	0	.6258879	.01188029	.3622318	0
1083.15	0	.6249802	.01256868	.3624511	0
1082.15	0	.6240753	.01325483	.3626699	0
1081.15	0	.6231733	.01393874	.362888	0
1080.15	0	.6222741	.0146204	.3631055	0
1079.15	0	.6213777	.01529981	.3633225	0
1078.15	0	.6204841	.01597698	.3635389	0
1077.15	0	.6195934	.0166519	.3637547	0
1076.15	0	.6187056	.01732456	.3639698	0
1075.15	0	.6178206	.01799497	.3641844	0
1074.15	0	.6169384	.01866312	.3643985	0
1073.15	0	.6160591	.01932901	.3646119	0
1072.15	0	.6151827	.01999264	.3648247	0
1071.15	0	.614309	.020654	.365037	0
1070.15	0	.6134383	.02131311	.3652486	0
1069.15	0	.6125703	.02196994	.3654597	0
1068.15	0	.6117053	.02262451	.3656702	0
1067.15	0	.6108431	.0232768	.3658802	0
1066.15	0	.6099837	.02392683	.3660895	0
1065.15	0	.6091272	.02457457	.3662983	0
1064.15	0	.6082735	.02522004	.3665064	0
1063.15	0	.6074227	.02586323	.366714	0
1062.15	0	.6065748	.02650414	.3669211	0
1061.15	0	.6057297	.02714276	.3671275	0
1060.15	0	.6048875	.0277791	.3673334	0
1059.15	0	.6040482	.02841315	.3675387	0
1058.15	0	.6032117	.02904491	.3677434	0
1057.15	0	.602378	.02967438	.3679476	0
1056.15	0	.6015473	.03030155	.3681511	0
1055.15	0	.6007194	.03092643	.3683542	0
1054.15	0	.5998944	.03154901	.3685566	0
1053.15	0	.5990723	.03216928	.3687584	0
1052.15	0	.598253	.03278726	.3689597	0
1051.15	0	.5974366	.03340292	.3691604	0
1050.15	0	.5966231	.03401629	.3693606	0
1049.15	0	.5958125	.03462734	.3695602	0
1048.15	0	.5950048	.03523607	.3697592	0
1047.15	0	.5941999	.0358425	.3699576	0
1046.15	0	.5933979	.03644661	.3701555	0
1045.15	0	.5925988	.0370484	.3703528	0
1044.15	0	.5918026	.03764787	.3705495	0
1043.15	0	.5910093	.03824502	.3707457	0
1042.15	0	.5902189	.03883984	.3709413	0
1041.15	0	.5894314	.03943233	.3711363	0
1040.15	0	.5886468	.0400225	.3713307	0
1039.15	0	.587865	.04061033	.3715246	0
1038.15	0	.5870862	.04119584	.371718	0
1037.15	0	.5863103	.04177901	.3719107	0
1036.15	0	.5855373	.04235983	.3721029	0
1035.15	0	.5847671	.04293833	.3722946	0
1034.15	0	.5839999	.04351447	.3724856	0
1033.15	0	.5832356	.04408828	.3726761	0
1032.15	0	.5824742	.04465974	.372866	0
1031.15	0	.5817157	.04522886	.3730554	0
1030.15	0	.5809602	.04579562	.3732442	0
1029.15	0	.5802075	.04636003	.3734324	0
1028.15	0	.5794578	.04692209	.3736201	0
1027.15	0	.578711	.0474818	.3738072	0
1026.15	0	.5779671	.04803915	.3739937	0
1025.15	0	.5772261	.04859414	.3741797	0
1024.15	0	.5764881	.04914677	.3743651	0
1023.15	0	.575753	.04969704	.3745499	0
1022.15	0	.5750208	.05024495	.3747342	0
1021.15	0	.5742916	.05079049	.3749179	0
1020.15	0	.5735653	.05133366	.3751011	0
1019.15	0	.5728419	.05187447	.3752836	0
1018.15	0	.5721215	.0524129	.3754656	0
1017.15	0	.571404	.05294897	.375647	0
1016.15	0	.5706894	.05348266	.3758279	0
1015.15	0	.5699778	.05401398	.3760082	0
1014.15	0	.5692692	.05454292	.3761879	0
1013.15	0	.5685634	.05506949	.3763671	0
1012.15	0	.5678607	.05559367	.3765457	0
1011.15	0	.5671608	.05611548	.3767237	0
1010.15	0	.566464	.05663491	.3769011	0
1009.15	0	.5657701	.05715196	.377078	0
1008.15	0	.5650791	.05766663	.3772543	0
1007.15	0	.5643911	.05817891	.37743	0
1006.15	0	.563706	.05868881	.3776052	0
1005.15	0	.563024	.05919632	.3777797	0
1004.15	0	.5623448	.05970145	.3779537	0
1003.15	0	.5616687	.0602042	.3781271	0
1002.15	0	.5609955	.06070456	.3783	0
1001.15	0	.5603252	.06120253	.3784723	0
1000.15	0	.559658	.06169811	.3786439	0
999.15	0	.5589937	.06219131	.378815	0
998.15	0	.5583323	.06268212	.3789856	0
997.15	0	.557674	.06317054	.3791555	0
996.15	0	.5570186	.06365658	.3793249	0
995.15	0	.5563661	.06414022	.3794936	0
994.15	0	.5557167	.06462149	.3796618	0
993.15	0	.5550702	.06510036	.3798294	0
992.15	0	.5544267	.06557685	.3799964	0
991.15	0	.5537862	.06605096	.3801629	0
990.15	0	.5531486	.06652268	.3803287	0
989.15	0	.5525141	.06699201	.3804939	0
988.15	0	.5518825	.06745897	.3806586	0
987.15	0	.5512539	.06792354	.3808226	0
986.15	0	.5506282	.06838573	.3809861	0
985.15	0	.5500055	.06884555	.3811489	0
984.15	0	.5493858	.06930299	.3813112	0
983.15	0	.5487691	.06975805	.3814728	0
982.15	0	.5481554	.07021074	.3816339	0
981.15	0	.5475446	.07066105	.3817943	0
980.15	0	.5469368	.071109	.3819542	0
979.15	0	.546332	.07155459	.3821134	0
978.15	0	.5457302	.0719978	.382272	0
977.15	0	.5451313	.07243866	.38243	0
976.15	0	.5445355	.07287716	.3825874	0
975.15	0	.5439425	.0733133	.3827442	0
974.15	0	.5433526	.0737471	.3829003	0
973.15	0	.5427656	.07417854	.3830558	0
972.15	0	.5421816	.07460764	.3832107	0
971.15	0	.5416006	.0750344	.383365	0
970.15	0	.5410225	.07545883	.3835187	0
969.15	0	.5404474	.07588092	.3836717	0
968.15	0	.5398752	.07630069	.3838241	0
967.15	0	.539306	.07671814	.3839758	0
966.15	0	.5387398	.07713327	.3841269	0
965.15	0	.5381765	.07754609	.3842774	0
964.15	0	.5376162	.0779566	.3844272	0
963.15	0	.5370588	.07836482	.3845764	0
962.15	0	.5365043	.07877074	.3847249	0
961.15	0	.5359528	.07917438	.3848728	0
960.15	0	.5354042	.07957574	.38502	0
959.15	0	.5348586	.07997483	.3851666	0
958.15	0	.5343159	.08037165	.3853125	0
957.15	0	.5337761	.08076622	.3854577	0
956.15	0	.5332392	.08115854	.3856023	0
955.15	0	.5327052	.08154863	.3857462	0
954.15	0	.5321742	.08193648	.3858894	0
953.15	0	.531646	.08232211	.3860319	0
952.15	0	.5311207	.08270554	.3861737	0
951.15	0	.5305983	.08308676	.3863149	0
950.15	0	.5300788	.0834658	.3864554	0
949.15	0	.5295622	.08384265	.3865951	0
948.15	0	.5290485	.08421734	.3867342	0
947.15	0	.5285376	.08458988	.3868726	0
946.15	0	.5280295	.08496027	.3870102	0
945.15	0	.5275243	.08532853	.3871472	0
944.15	0	.5270219	.08569468	.3872834	0
943.15	0	.5265224	.08605872	.3874189	0
942.15	0	.5260256	.08642068	.3875537	0
941.15	0	.5255317	.08678057	.3876877	0
940.15	0	.5250406	.08713839	.387821	0
939.15	0	.5245522	.08749418	.3879536	0
938.15	0	.5240666	.08784794	.3880854	0
937.15	0	.5235838	.08819969	.3882165	0
936.15	0	.5231037	.08854946	.3883468	0
935.15	0	.5226264	.08889725	.3884764	0
934.15	0	.5221518	.08924309	.3886052	0
933.15	0	.5216798	.089587	.3887332	0
932.15	0	.5212106	.089929	.3888604	0
931.15	0	.5207441	.09026911	.3889868	0
930.15	0	.5202802	.09060735	.3891125	0
929.15	0	.5198189	.09094374	.3892373	0
928.15	0	.5193603	.09127831	.3893614	0
927.15	0	.5189043	.09161108	.3894846	0
926.15	0	.5184509	.09194209	.389607	0
925.15	0	.5180001	.09227134	.3897286	0
924.15	0	.5175518	.09259887	.3898494	0
923.15	0	.517106	.09292472	.3899693	0
922.15	0	.5166627	.09324889	.3900884	0
921.15	0	.516222	.09357144	.3902066	0
920.15	0	.5157837	.09389238	.3903239	0
919.15	0	.5153479	.09421175	.3904404	0
918.15	0	.5149144	.09452958	.390556	0
917.15	0	.5144834	.09484591	.3906707	0
916.15	0	.5140547	.09516077	.3907845	0
915.15	0	.5136284	.09547419	.3908975	0
914.15	0	.5132043	.09578621	.3910095	0
913.15	0	.5127826	.09609688	.3911205	0
912.15	0	.5123631	.09640623	.3912307	0
911.15	0	.5119458	.0967143	.3913399	0
910.15	0	.5115307	.09702113	.3914481	0
909.15	0	.5111178	.09732677	.3915554	0
908.15	0	.510707	.09763127	.3916617	0
907.15	0	.5102983	.09793466	.3917671	0
906.15	0	.5098916	.09823701	.3918714	0
905.15	0	.5094869	.09853835	.3919747	0
904.15	0	.5090842	.09883874	.3920771	0
903.15	0	.5086834	.09913824	.3921783	0
902.15	0	.5082845	.09943689	.3922786	0
901.15	0	.5078875	.09973476	.3923778	0
900.15	0	.5074922	.1000319	.3924759	0
899.15	0	.5070987	.1003284	.392573	0
898.15	0	.5067069	.1006242	.3926689	0
897.15	0	.5063167	.1009196	.3927638	0
896.15	0	.5059281	.1012144	.3928575	0
895.15	0	.5055411	.1015089	.3929501	0
894.15	0	.5051555	.101803	.3930415	0
893.15	0	.5047714	.1020969	.3931318	0
892.15	0	.5043886	.1023905	.3932209	0
891.15	0	.5040071	.1026841	.3933088	0
890.15	0	.5036269	.1029777	.3933954	0
889.15	0	.5032478	.1032713	.3934809	0
888.15	0	.5028698	.1035651	.3935651	0
887.15	0	.5024929	.1038591	.393648	0
886.15	0	.5021169	.1041535	.3937296	0
885.15	0	.5017418	.1044483	.3938099	0
884.15	0	.5013675	.1047436	.3938889	0
883.15	0	.5009939	.1050396	.3939666	0
882.15	0	.5006209	.1053363	.3940428	0
881.15	0	.5002484	.1056339	.3941177	0
880.15	0	.4998765	.1059324	.3941911	0
879.15	0	.4995048	.1062321	.3942631	0
878.15	0	.4991334	.106533	.3943337	0
877.15	0	.4987621	.1068352	.3944027	0
876.15	0	.4983908	.107139	.3944702	0
875.15	0	.4980195	.1074444	.3945361	0
874.15	0	.4976479	.1077515	.3946005	0
873.15	0	.4972761	.1080607	.3946633	0
872.15	0	.4969037	.1083719	.3947244	0
871.15	0	.4965308	.1086854	.3947838	0
870.15	0	.4961571	.1090013	.3948416	0
869.15	0	.4957826	.1093198	.3948976	0
868.15	0	.4954071	.1096412	.3949517	0
867.15	0	.4950303	.1099656	.3950041	0
866.15	0	.4946522	.1102932	.3950546	0
865.15	0	.4942725	.1106243	.3951032	0
864.15	0	.4938911	.1109591	.3951498	0
863.15	0	.4935078	.1112977	.3951944	0
862.15	0	.4931224	.1116406	.395237	0
861.15	0	.4927346	.1119879	.3952775	0
860.15	0	.4923443	.1123399	.3953158	0
859.15	0	.4919512	.112697	.3953519	0
858.15	0	.491555	.1130594	.3953856	0
857.15	0	.4911555	.1134274	.3954171	0
856.15	0	.4907524	.1138015	.3954461	0
855.15	0	.4903454	.114182	.3954726	0
854.15	0	.4899342	.1145693	.3954966	0
853.15	0	.4895184	.1149638	.3955179	0
852.15	0	.4890976	.1153659	.3955364	0
851.15	0	.4886716	.1157763	.3955521	0
850.15	0	.4882399	.1161952	.3955649	0
849.15	0	.487802	.1166234	.3955746	0
848.15	0	.4872698	.117161	.3955692	0
847.15	0	.4864743	.118001	.3955247	0
846.15	0	.4857163	.1188025	.3954813	0
845.15	0	.4849936	.1195676	.3954388	0
844.15	0	.4843043	.1202984	.3953973	0
843.15	0	.4836466	.1209968	.3953567	0
842.15	0	.4830186	.1216646	.3953168	0
841.15	0	.4824188	.1223034	.3952778	0
840.15	0	.4818457	.1229148	.3952395	0
839.15	0	.4812979	.1235002	.3952019	0
838.15	0	.480774	.1240611	.3951649	0
837.15	0	.4802727	.1245987	.3951285	0
836.15	0	.4797931	.1251142	.3950927	0
835.15	0	.4793338	.1256088	.3950574	0
834.15	0	.4788939	.1260834	.3950227	0
833.15	0	.4784725	.1265392	.3949883	0
832.15	0	.4780686	.126977	.3949544	0
831.15	0	.4776813	.1273978	.3949209	0
830.15	0	.4773098	.1278024	.3948878	0
829.15	0	.4769534	.1281915	.3948551	0
828.15	0	.4766113	.128566	.3948226	0
827.15	0	.4762829	.1289266	.3947905	0
826.15	0	.4759675	.1292739	.3947587	0
825.15	0	.4756644	.1296085	.3947271	0
824.15	0	.4753731	.1299311	.3946958	0
823.15	0	.4750931	.1302423	.3946647	0
822.15	0	.4748237	.1305425	.3946338	0
821.15	0	.4745646	.1308323	.3946031	0
820.15	0	.4743152	.1311122	.3945727	0
819.15	0	.474075	.1313826	.3945423	0
818.15	0	.4738438	.131644	.3945122	0
817.15	0	.473621	.1318968	.3944822	0
816.15	0	.4734062	.1321414	.3944523	0
815.15	0	.4731992	.1323782	.3944226	0
814.15	0	.4729995	.1326075	.394393	0
813.15	0	.4728068	.1328297	.3943635	0
812.15	0	.4726208	.1330451	.3943341	0
811.15	0	.4724412	.133254	.3943048	0
810.15	0	.4722677	.1334567	.3942755	0
809.15	0	.4721001	.1336535	.3942464	0
808.15	0	.471938	.1338447	.3942173	0
807.15	0	.4717813	.1340304	.3941883	0
806.15	0	.4716297	.1342111	.3941593	0
805.15	0	.4714829	.1343868	.3941304	0
804.15	0	.4713407	.1345578	.3941015	0
803.15	0	.4712031	.1347243	.3940727	0
802.15	0	.4710696	.1348865	.3940439	0
801.15	0	.4709402	.1350447	.3940151	0
800.15	0	.4708147	.1351989	.3939864	0
799.15	0	.4706929	.1353494	.3939577	0
798.15	0	.4705747	.1354964	.393929	0
797.15	0	.4704598	.1356399	.3939003	0
796.15	0	.4703482	.1357801	.3938716	0
795.15	0	.4702397	.1359173	.393843	0
794.15	0	.4701342	.1360515	.3938143	0
793.15	0	.4700315	.1361829	.3937857	0
792.15	0	.4699315	.1363115	.393757	0
791.15	0	.4698341	.1364375	.3937284	0
790.15	0	.4697392	.1365611	.3936998	0
789.15	0	.4696466	.1366823	.3936711	0
788.15	0	.4695563	.1368012	.3936424	0
787.15	0	.4694682	.136918	.3936137	0
786.15	0	.4693822	.1370327	.393585	0
785.15	0	.4692982	.1371455	.3935563	0
784.15	0	.469216	.1372563	.3935276	0
783.15	0	.4691357	.1373654	.3934989	0
782.15	0	.4690572	.1374727	.3934701	0
781.15	0	.4689802	.1375784	.3934414	0
780.15	0	.4689049	.1376825	.3934126	0
779.15	0	.4688311	.1377852	.3933837	0
778.15	0	.4687588	.1378864	.3933549	0
777.15	0	.4686878	.1379862	.393326	0
776.15	0	.4686182	.1380847	.3932971	0
775.15	0	.4685499	.138182	.3932682	0
774.15	0	.4684828	.138278	.3932392	0
773.15	0	.4684168	.138373	.3932102	0
772.15	0	.468352	.1384668	.3931812	0
771.15	0	.4682882	.1385597	.3931522	0
770.15	0	.4682254	.1386515	.3931231	0
769.15	0	.4681637	.1387424	.393094	0
768.15	0	.4681028	.1388324	.3930648	0
767.15	0	.4680429	.1389215	.3930356	0
766.15	0	.4679838	.1390098	.3930064	0
765.15	0	.4679255	.1390974	.3929772	0
764.15	0	.467868	.1391842	.3929479	0
763.15	0	.4678112	.1392702	.3929186	0
762.15	0	.4677552	.1393556	.3928892	0
761.15	0	.4676998	.1394404	.3928598	0
760.15	0	.4676451	.1395245	.3928304	0
759.15	0	.467591	.1396081	.3928009	0
758.15	0	.4675375	.1396911	.3927714	0
757.15	0	.4674846	.1397735	.3927419	0
756.15	0	.4674322	.1398555	.3927123	0
755.15	0	.4673803	.139937	.3926827	0
754.15	0	.467329	.140018	.392653	0
753.15	0	.4672781	.1400986	.3926233	0
752.15	0	.4672276	.1401788	.3925936	0
751.15	0	.4671776	.1402586	.3925638	0
750.15	0	.467128	.140338	.392534	0
749.15	0	.4670788	.1404171	.3925042	0
748.15	0	.4670299	.1404958	.3924743	0
747.15	0	.4669814	.1405742	.3924444	0
746.15	0	.4669333	.1406523	.3924144	0
745.15	0	.4668855	.1407301	.3923844	0
744.15	0	.466838	.1408077	.3923544	0
743.15	0	.4667908	.140885	.3923243	0
742.15	0	.4667438	.140962	.3922942	0
741.15	0	.4666972	.1410389	.392264	0
740.15	0	.4666507	.1411155	.3922338	0
739.15	0	.4666046	.1411919	.3922036	0
738.15	0	.4665586	.1412681	.3921733	0
737.15	0	.4665143	.141343	.3921426	0
736.15	0	.4664687	.141419	.3921123	0
735.15	0	.4664233	.1414948	.392082	0
734.15	0	.4663781	.1415704	.3920516	0
733.15	0	.466333	.1416458	.3920211	0
732.15	0	.4662882	.1417212	.3919906	0
731.15	0	.4662435	.1417963	.3919601	0
730.15	0	.466199	.1418714	.3919296	0
729.15	0	.4661546	.1419464	.391899	0
728.15	0	.4661104	.1420212	.3918684	0
727.15	0	.4660663	.142096	.3918377	0
726.15	0	.4660224	.1421707	.391807	0
725.15	0	.4659785	.1422452	.3917763	0
724.15	0	.4659348	.1423197	.3917455	0
723.15	0	.4658912	.1423941	.3917147	0
722.15	0	.4658477	.1424685	.3916838	0
721.15	0	.4658043	.1425428	.3916529	0
720.15	0	.4657609	.142617	.391622	0
719.15	0	.4657177	.1426912	.3915911	0
718.15	0	.4656746	.1427654	.3915601	0
717.15	0	.4656315	.1428395	.3915291	0
716.15	0	.4655885	.1429135	.391498	0
715.15	0	.4655456	.1429875	.3914669	0
714.15	0	.4655027	.1430615	.3914358	0
713.15	0	.4654599	.1431355	.3914047	0
712.15	0	.4654171	.1432094	.3913735	0
711.15	0	.4653744	.1432833	.3913422	0
710.15	0	.4653318	.1433572	.391311	0
709.15	0	.4652892	.1434311	.3912797	0
708.15	0	.4652466	.143505	.3912484	0
707.15	0	.4652041	.1435789	.3912171	0
706.15	0	.4651616	.1436527	.3911857	0
705.15	0	.4651192	.1437266	.3911543	0
704.15	0	.4650767	.1438004	.3911229	0
703.15	0	.4650344	.1438743	.3910914	0
702.15	0	.464992	.1439481	.3910599	0
701.15	0	.4649497	.144022	.3910284	0
700.15	0	.4649074	.1440958	.3909968	0
699.15	0	.4648651	.1441697	.3909653	0
698.15	0	.4648228	.1442435	.3909337	0
697.15	0	.4647805	.1443174	.390902	0
696.15	0	.4647383	.1443913	.3908704	0
695.15	0	.4646961	.1444652	.3908387	0
694.15	0	.4646539	.1445391	.390807	0
693.15	0	.4646117	.144613	.3907753	0
692.15	0	.4645695	.144687	.3907435	0
691.15	0	.4645273	.1447609	.3907118	0
690.15	0	.4644852	.1448349	.39068	0
689.15	0	.464443	.1449089	.3906481	0
688.15	0	.4644008	.1449829	.3906163	0
687.15	0	.4643587	.1450569	.3905844	0
686.15	0	.4643166	.1451309	.3905525	0
685.15	0	.4642744	.145205	.3905206	0
684.15	0	.4642323	.145279	.3904887	0
683.15	0	.4641901	.1453531	.3904568	0
682.15	0	.464148	.1454272	.3904248	0
681.15	0	.4641059	.1455013	.3903928	0
680.15	0	.4640637	.1455755	.3903608	0
679.15	0	.4640216	.1456496	.3903288	0
678.15	0	.4639795	.1457238	.3902967	0
677.15	0	.4639373	.145798	.3902646	0
676.15	0	.4638952	.1458722	.3902326	0
675.15	0	.4638531	.1459465	.3902005	0
674.15	0	.4638109	.1460207	.3901683	0
673.15	0	.4637688	.146095	.3901362	0
672.15	0	.4637267	.1461693	.3901041	0
671.15	0	.4636845	.1462436	.3900719	0
670.15	0	.4636424	.1463179	.3900397	0
669.15	0	.4636003	.1463922	.3900075	0
668.15	0	.4635581	.1464666	.3899753	0
667.15	0	.463516	.1465409	.3899431	0
666.15	0	.4634738	.1466153	.3899109	0
665.15	0	.4634317	.1466897	.3898786	0
664.15	0	.4633895	.1467641	.3898464	0
663.15	0	.4633474	.1468385	.3898141	0
662.15	0	.4633052	.146913	.3897818	0
661.15	0	.4632631	.1469874	.3897496	0
660.15	0	.4632209	.1470619	.3897173	0
659.15	0	.4631787	.1471363	.3896849	0
658.15	0	.4631366	.1472108	.3896526	0
657.15	0	.4630944	.1472853	.3896203	0
656.15	0	.4630523	.1473598	.389588	0
655.15	0	.4630101	.1474343	.3895556	0
654.15	0	.4629679	.1475088	.3895233	0
653.15	0	.4629258	.1475833	.3894909	0
652.15	0	.4628836	.1476578	.3894586	0
651.15	0	.4628415	.1477323	.3894262	0
650.15	0	.4627993	.1478069	.3893938	0
649.15	0	.4627572	.1478814	.3893614	0
648.15	0	.462715	.1479559	.3893291	0
647.15	0	.4626729	.1480305	.3892967	0
646.15	0	.4626307	.148105	.3892643	0
645.15	0	.4625886	.1481795	.3892319	0
644.15	0	.4625465	.148254	.3891995	0
643.15	0	.4625043	.1483286	.3891671	0
642.15	0	.4624622	.1484031	.3891347	0
641.15	0	.4624201	.1484776	.3891023	0
640.15	0	.462378	.1485521	.3890699	0
639.15	0	.4623359	.1486266	.3890375	0
638.15	0	.4622938	.1487011	.3890051	0
637.15	0	.4622517	.1487756	.3889727	0
636.15	0	.4622096	.1488501	.3889403	0
635.15	0	.4621675	.1489246	.3889079	0
634.15	0	.4621255	.148999	.3888755	0
633.15	0	.4620834	.1490735	.3888431	0
632.15	0	.4620414	.1491479	.3888107	0
631.15	0	.4619993	.1492224	.3887783	0
630.15	0	.4619573	.1492968	.388746	0
629.15	0	.4619153	.1493712	.3887136	0
628.15	0	.4618733	.1494455	.3886812	0
627.15	0	.4618313	.1495199	.3886488	0
626.15	0	.4617893	.1495942	.3886165	0
625.15	0	.4617474	.1496685	.3885841	0
624.15	0	.4617054	.1497428	.3885518	0
623.15	0	.4616635	.1498171	.3885194	0
622.15	0	.4616216	.1498913	.3884871	0
621.15	0	.4615797	.1499656	.3884548	0
620.15	0	.4615378	.1500398	.3884225	0
619.15	0	.4614959	.1501139	.3883902	0
618.15	0	.4614541	.1501881	.3883579	0
617.15	0	.4614122	.1502622	.3883256	0
616.15	0	.4613704	.1503363	.3882933	0
615.15	0	.4613286	.1504103	.3882611	0
614.15	0	.4612869	.1504843	.3882288	0
613.15	0	.4612451	.1505583	.3881966	0
612.15	0	.4612034	.1506323	.3881643	0
611.15	0	.4611617	.1507062	.3881321	0
610.15	0	.46112	.1507801	.3880999	0
609.15	0	.4610783	.1508539	.3880678	0
608.15	0	.4610367	.1509277	.3880356	0
607.15	0	.4609951	.1510015	.3880034	0
606.15	0	.4609535	.1510752	.3879713	0
605.15	0	.4609119	.1511489	.3879392	0
604.15	0	.4608704	.1512225	.3879071	0
603.15	0	.4608289	.1512961	.387875	0
602.15	0	.4607874	.1513697	.3878429	0
601.15	0	.4607459	.1514432	.3878109	0
600.15	0	.4607045	.1515167	.3877788	0
599.15	0	.4606631	.1515901	.3877468	0
598.15	0	.4606217	.1516635	.3877148	0
597.15	0	.4605804	.1517368	.3876829	0
596.15	0	.4605391	.15181	.3876509	0
595.15	0	.4604978	.1518832	.387619	0
594.15	0	.4604565	.1519564	.3875871	0
593.15	0	.4604153	.1520295	.3875552	0
592.15	0	.4603741	.1521026	.3875233	0
591.15	0	.460333	.1521755	.3874915	0
590.15	0	.4602919	.1522485	.3874596	0
589.15	0	.4602508	.1523214	.3874279	0
588.15	0	.4602097	.1523942	.3873961	0
587.15	0	.4601687	.1524669	.3873643	0
586.15	0	.4601278	.1525396	.3873326	0
585.15	0	.4600868	.1526123	.3873009	0
584.15	0	.4600459	.1526848	.3872693	0
583.15	0	.4600051	.1527573	.3872376	0
582.15	0	.4599642	.1528298	.387206	0
581.15	0	.4599234	.1529022	.3871744	0
580.15	0	.4598827	.1529745	.3871429	0
579.15	0	.459842	.1530467	.3871113	0
578.15	0	.4598013	.1531189	.3870798	0
577.15	0	.4597607	.153191	.3870484	0
576.15	0	.4597201	.153263	.3870169	0
575.15	0	.4596795	.1533349	.3869855	0
574.15	0	.4596391	.1534068	.3869541	0
573.15	0	.4595986	.1534786	.3869228	0
572.15	0	.4595582	.1535503	.3868915	0
571.15	0	.4595178	.153622	.3868602	0
570.15	0	.4594775	.1536936	.386829	0
569.15	0	.4594372	.1537651	.3867977	0
568.15	0	.459397	.1538365	.3867666	0
567.15	0	.4593568	.1539078	.3867354	0
566.15	0	.4593166	.1539791	.3867043	0
565.15	0	.4592765	.1540502	.3866733	0
564.15	0	.4592365	.1541213	.3866422	0
563.15	0	.4591965	.1541923	.3866112	0
562.15	0	.4591565	.1542632	.3865803	0
561.15	0	.4591166	.154334	.3865493	0
560.15	0	.4590768	.1544048	.3865184	0
559.15	0	.459037	.1544754	.3864876	0
558.15	0	.4589972	.154546	.3864568	0
557.15	0	.4589575	.1546165	.386426	0
556.15	0	.4589179	.1546868	.3863953	0
555.15	0	.4588783	.1547571	.3863646	0
554.15	0	.4588387	.1548273	.386334	0
553.15	0	.4587992	.1548974	.3863033	0
552.15	0	.4587598	.1549674	.3862728	0
551.15	0	.4587204	.1550373	.3862423	0
550.15	0	.4586811	.1551071	.3862118	0
549.15	0	.4586418	.1551769	.3861813	0
548.15	0	.4586026	.1552465	.3861509	0
547.15	0	.4585634	.155316	.3861206	0
546.15	0	.4585243	.1553854	.3860903	0
545.15	0	.4584853	.1554547	.38606	0
544.15	0	.4584463	.1555239	.3860298	0
543.15	0	.4584073	.155593	.3859997	0
542.15	0	.4583685	.155662	.3859695	0
541.15	0	.4583297	.1557309	.3859395	0
540.15	0	.4582909	.1557997	.3859094	0
539.15	0	.4582522	.1558684	.3858795	0
538.15	0	.4582136	.1559369	.3858495	0
537.15	0	.458175	.1560054	.3858196	0
536.15	0	.4581365	.1560737	.3857898	0
535.15	0	.458098	.156142	.38576	0
534.15	0	.4580596	.1562101	.3857303	0
533.15	0	.4580213	.1562781	.3857006	0
532.15	0	.457983	.156346	.385671	0
531.15	0	.4579448	.1564138	.3856414	0
530.15	0	.4579066	.1564815	.3856119	0
529.15	0	.4578686	.1565491	.3855824	0
528.15	0	.4578305	.1566165	.385553	0
527.15	0	.4577926	.1566838	.3855236	0
526.15	0	.4577547	.156751	.3854943	0
525.15	0	.4577169	.1568181	.385465	0
524.15	0	.4576791	.1568851	.3854358	0
523.15	0	.4576414	.1569519	.3854067	0
522.15	0	.4576038	.1570186	.3853776	0
521.15	0	.4575662	.1570852	.3853486	0
520.15	0	.4575287	.1571517	.3853196	0
519.15	0	.4574913	.157218	.3852906	0
518.15	0	.457454	.1572843	.3852618	0
517.15	0	.4574167	.1573504	.385233	0
516.15	0	.4573794	.1574164	.3852042	0
515.15	0	.4573423	.1574822	.3851755	0
514.15	0	.4573052	.1575479	.3851469	0
513.15	0	.4572682	.1576135	.3851183	0
512.15	0	.4572312	.1576789	.3850898	0
511.15	0	.4571944	.1577443	.3850614	0
510.15	0	.4571576	.1578095	.385033	0
509.15	0	.4571208	.1578745	.3850046	0
508.15	0	.4570842	.1579395	.3849764	0
507.15	0	.4570476	.1580043	.3849482	0
506.15	0	.4570111	.1580689	.38492	0
505.15	0	.4569746	.1581335	.3848919	0
504.15	0	.4569382	.1581978	.3848639	0
503.15	0	.4569019	.1582621	.384836	0
502.15	0	.4568657	.1583262	.3848081	0
501.15	0	.4568296	.1583902	.3847803	0
500.15	0	.4567935	.158454	.3847525	0
499.15	0	.4567575	.1585177	.3847248	0
498.15	0	.4567215	.1585813	.3846972	0
497.15	0	.4566857	.1586447	.3846696	0
496.15	0	.4566499	.158708	.3846421	0
495.15	0	.4566142	.1587711	.3846147	0
494.15	0	.4565786	.1588341	.3845873	0
493.15	0	.456543	.158897	.38456	0
492.15	0	.4565075	.1589597	.3845328	0
491.15	0	.4564722	.1590222	.3845056	0
490.15	0	.4564369	.1590846	.3844785	0
489.15	0	.4564017	.1591469	.3844515	0
488.15	0	.4563665	.159209	.3844245	0
487.15	0	.4563314	.159271	.3843977	0
486.15	0	.4562964	.1593328	.3843709	0
485.15	0	.4562614	.1593945	.3843441	0
484.15	0	.4562266	.159456	.3843175	0
483.8682	0	.4562168	.1594733	.38431	0
483.8682	0	.4562168	.1594733	.38431	0
483.8682	0	.4562168	.1594733	.38431	0
483.15	0	.4563347	.1591813	.3841288	3.552636E-04
482.15	0	.4564981	.1587757	.3838771	8.490015E-04
481.15	0	.4566608	.1583715	.383626	.001341699
480.15	0	.4568227	.1579684	.3833755	.001833365
479.15	0	.4569838	.1575666	.3831256	.002324009
478.15	0	.4571441	.157166	.3828763	.00281364
477.15	0	.4573037	.1567666	.3826275	.003302268
476.15	0	.4574625	.1563683	.3823793	.0037899
475.15	0	.4576206	.1559712	.3821317	.004276547
474.15	0	.457778	.1555752	.3818846	.004762217
473.15	0	.4579346	.1551803	.3816381	.005246919
472.15	0	.4580906	.1547866	.3813922	.005730662
471.15	0	.4582458	.1543939	.3811468	.006213453
470.15	0	.4584004	.1540024	.3809019	.006695302
469.15	0	.4585543	.1536119	.3806576	.007176216
468.15	0	.4587076	.1532224	.3804139	.007656205
467.15	0	.4588601	.1528339	.3801706	.008135277
466.15	0	.4590121	.1524465	.3799279	.008613439
465.15	0	.4591634	.1520601	.3796858	.0090907
464.15	0	.4593141	.1516747	.3794441	.009567068
463.15	0	.4594642	.1512903	.379203	.01004255
462.15	0	.4596137	.1509068	.3789624	.01051716
461.15	0	.4597625	.1505242	.3787224	.01099089
460.15	0	.4599108	.1501426	.3784828	.01146376
459.15	0	.4600585	.149762	.3782437	.01193578
458.15	0	.4602057	.1493822	.3780052	.01240696
457.15	0	.4603523	.1490033	.3777671	.01287729
456.15	0	.4604983	.1486253	.3775296	.01334679
455.15	0	.4606438	.1482482	.3772925	.01381547
454.15	0	.4607888	.147872	.3770559	.01428333
453.15	0	.4609332	.1474966	.3768199	.01475038
452.15	0	.4610771	.147122	.3765843	.01521663
451.15	0	.4612205	.1467482	.3763492	.01568208
450.15	0	.4613634	.1463753	.3761145	.01614675
449.15	0	.4615058	.1460031	.3758804	.01661064
448.15	0	.4616478	.1456317	.3756467	.01707377
447.15	0	.4617893	.145261	.3754135	.01753612
446.15	0	.4619303	.1448911	.3751808	.01799772
445.15	0	.4620709	.144522	.3749486	.01845857
444.15	0	.462211	.1441535	.3747167	.01891867
443.15	0	.4623507	.1437858	.3744854	.01937804
442.15	0	.46249	.1434187	.3742546	.01983668
441.15	0	.4626289	.1430524	.3740241	.02029461
440.15	0	.4627674	.1426866	.3737942	.02075181
439.15	0	.4629054	.1423216	.3735647	.02120832
438.15	0	.4630431	.1419571	.3733356	.02166412
437.15	0	.4631804	.1415933	.373107	.02211923
436.15	0	.4633174	.1412301	.3728789	.02257366
435.15	0	.463454	.1408674	.3726512	.02302741
434.15	0	.4635902	.1405054	.3724239	.02348048
433.15	0	.4637261	.1401439	.3721971	.02393289
432.15	0	.4638617	.139783	.3719707	.02438464
431.15	0	.4639969	.1394226	.3717448	.02483574
430.15	0	.4641318	.1390627	.3715193	.0252862
429.15	0	.4642664	.1387034	.3712942	.02573601
428.15	0	.4644007	.1383446	.3710696	.02618519
427.15	0	.4645347	.1379862	.3708454	.02663374
426.15	0	.4646684	.1376284	.3706216	.02708167
425.15	0	.4648018	.137271	.3703982	.02752899
424.15	0	.464935	.1369141	.3701753	.02797569
423.15	0	.4650678	.1365576	.3699527	.02842179
422.15	0	.4652005	.1362016	.3697306	.0288673
421.15	0	.4653328	.135846	.369509	.02931221
420.15	0	.4654649	.1354909	.3692877	.02975653
419.15	0	.4655968	.1351361	.3690668	.03020027
418.15	0	.4657284	.1347818	.3688464	.03064344
417.15	0	.4658598	.1344279	.3686263	.03108603
416.15	0	.4659909	.1340743	.3684067	.03152806
415.15	0	.4661218	.1337212	.3681875	.03196953
414.15	0	.4662525	.1333683	.3679687	.03241045
413.15	0	.466383	.1330159	.3677503	.03285081
412.15	0	.4665133	.1326638	.3675322	.03329063
411.15	0	.4666434	.1323121	.3673146	.03372991
410.15	0	.4667733	.1319607	.3670974	.03416865
409.15	0	.466903	.1316096	.3668805	.03460686
408.15	0	.4670325	.1312589	.3666641	.03504455
407.15	0	.4671618	.1309084	.366448	.03548172
406.15	0	.467291	.1305583	.3662324	.03591837
405.15	0	.4674199	.1302085	.3660171	.0363545
404.15	0	.4675487	.129859	.3658022	.03679013
403.15	0	.4676774	.1295097	.3655876	.03722526
402.15	0	.4678058	.1291608	.3653735	.03765989
401.15	0	.4679341	.1288121	.3651598	.03809402
400.15	0	.4680623	.1284637	.3649464	.03852767
399.15	0	.4681903	.1281155	.3647334	.03896083
398.15	0	.4683181	.1277677	.3645207	.03939351
