T	 BPW(LIQUID)	BPW(BCC_A2)	BPW(FCC_A1)	BPW(LAVES_PHASE_C14)	BPW(NI3TI)
1473.15	.2256839	.7743161	0	0	0
1472.15	.2229632	.7770368	0	0	0
1471.15	.2202618	.7797382	0	0	0
1470.15	.2175793	.7824207	0	0	0
1469.15	.2149157	.7850843	0	0	0
1468.15	.2122708	.7877292	0	0	0
1467.15	.2096445	.7903555	0	0	0
1466.15	.2070366	.7929634	0	0	0
1465.15	.2044469	.7955531	0	0	0
1464.15	.2018754	.7981246	0	0	0
1463.15	.1993218	.8006782	0	0	0
1462.15	.196786	.803214	0	0	0
1461.15	.194268	.805732	0	0	0
1460.15	.1917674	.8082326	0	0	0
1459.15	.1892843	.8107157	0	0	0
1458.15	.1868184	.8131816	0	0	0
1457.15	.1843697	.8156303	0	0	0
1456.15	.1819379	.8180621	0	0	0
1455.15	.179523	.820477	0	0	0
1454.15	.1771248	.8228752	0	0	0
1453.15	.1747432	.8252568	0	0	0
1452.15	.1723781	.8276219	0	0	0
1451.15	.1700292	.8299708	0	0	0
1450.15	.1676966	.8323034	0	0	0
1449.15	.16538	.83462	0	0	0
1448.15	.1630794	.8369206	0	0	0
1447.15	.1607946	.8392054	0	0	0
1446.15	.1585254	.8414746	0	0	0
1445.15	.1562718	.8437282	0	0	0
1444.15	.1540337	.8459663	0	0	0
1443.15	.1518109	.8481891	0	0	0
1442.15	.1496033	.8503967	0	0	0
1441.15	.1474107	.8525893	0	0	0
1440.15	.1452331	.8547669	0	0	0
1439.15	.1430704	.8569296	0	0	0
1438.15	.1409223	.8590777	0	0	0
1437.15	.1387889	.8612111	0	0	0
1436.15	.13667	.86333	0	0	0
1435.15	.1345655	.8654345	0	0	0
1434.15	.1324752	.8675248	0	0	0
1433.15	.1303991	.8696009	0	0	0
1432.15	.128337	.871663	0	0	0
1431.15	.1262888	.8737112	0	0	0
1430.15	.1242545	.8757455	0	0	0
1429.15	.1222339	.8777661	0	0	0
1428.15	.120227	.879773	0	0	0
1427.15	.1182335	.8817665	0	0	0
1426.15	.1162534	.8837466	0	0	0
1425.15	.1142866	.8857134	0	0	0
1424.15	.1123331	.8876669	0	0	0
1423.15	.1103926	.8896074	0	0	0
1422.15	.1084651	.8915349	0	0	0
1421.15	.1065505	.8934495	0	0	0
1420.15	.1046487	.8953513	0	0	0
1419.15	.1027595	.8972405	0	0	0
1418.15	.100883	.899117	0	0	0
1417.15	.099019	.900981	0	0	0
1416.15	.09716738	.9028326	0	0	0
1415.15	.09532806	.9046719	0	0	0
1414.15	.09350096	.906499	0	0	0
1413.15	.09168598	.908314	0	0	0
1412.15	.08988303	.910117	0	0	0
1411.15	.08809202	.911908	0	0	0
1410.15	.08631285	.9136872	0	0	0
1409.15	.08454544	.9154546	0	0	0
1408.15	.08278969	.9172103	0	0	0
1407.15	.08104552	.9189545	0	0	0
1406.15	.07931284	.9206872	0	0	0
1405.15	.07759156	.9224084	0	0	0
1404.15	.0758816	.9241184	0	0	0
1403.15	.07418287	.9258171	0	0	0
1402.15	.07249529	.9275047	0	0	0
1401.15	.07081878	.9291812	0	0	0
1400.15	.06915324	.9308468	0	0	0
1399.15	.0674986	.9325014	0	0	0
1398.15	.06585478	.9341452	0	0	0
1397.15	.0642217	.9357783	0	0	0
1396.15	.06259927	.9374007	0	0	0
1395.15	.06098742	.9390126	0	0	0
1394.15	.05938606	.9406139	0	0	0
1393.15	.05779513	.9422049	0	0	0
1392.15	.05621455	.9437855	0	0	0
1391.15	.05464423	.9453558	0	0	0
1390.15	.0530841	.9469159	0	0	0
1389.15	.05153409	.9484659	0	0	0
1388.15	.04999412	.9500059	0	0	0
1387.15	.04846412	.9515359	0	0	0
1386.15	.04694402	.953056	0	0	0
1385.15	.04543374	.9545663	0	0	0
1384.15	.04393321	.9560668	0	0	0
1383.15	.04244237	.9575576	0	0	0
1382.15	.04096114	.9590389	0	0	0
1381.15	.03948945	.9605106	0	0	0
1380.15	.03802723	.9619728	0	0	0
1379.15	.03657442	.9634256	0	0	0
1378.15	.03513094	.9648691	0	0	0
1377.15	.03369673	.9663033	0	0	0
1376.15	.03227173	.9677283	0	0	0
1375.15	.03085587	.9691441	0	0	0
1374.15	.02944908	.9705509	0	0	0
1373.15	.0280513	.9719487	0	0	0
1372.15	.02666246	.9733375	0	0	0
1371.15	.0252825	.9747175	0	0	0
1370.15	.02391136	.9760886	0	0	0
1369.15	.02254898	.977451	0	0	0
1368.15	.02119529	.9788047	0	0	0
1367.15	.01985024	.9801498	0	0	0
1366.15	.01851376	.9814862	0	0	0
1365.15	.0171858	.9828142	0	0	0
1364.15	.01586629	.9841337	0	0	0
1363.15	.01455518	.9854448	0	0	0
1362.15	.0132524	.9867476	0	0	0
1361.15	.0119579	.9880421	0	0	0
1360.95	.01170013	.9882999	0	0	0
1360.95	.01170013	.9882999	0	0	0
1360.95	.01170013	.9882999	0	0	0
1360.15	.01014127	.9890797	0	7.790831E-04	0
1359.15	.008207557	.9900439	0	.001748515	0
1358.15	.006289843	.9909969	0	.002713241	0
1357.15	.004387896	.9919388	0	.003673325	0
1356.15	.002501489	.9928697	0	.004628834	0
1355.15	6.303949E-04	.9937898	0	.005579832	0
1354.811	0	.994099	0	.005900969	0
1354.811	0	.994099	0	.005900969	0
1354.15	0	.9936497	0	.006350347	0
1353.15	0	.9929713	0	.007028659	0
1352.15	0	.9922946	0	.007705442	0
1351.15	0	.9916193	0	.008380698	0
1350.15	0	.9909456	0	.009054435	0
1349.15	0	.9902733	0	.009726656	0
1348.15	0	.9896026	0	.01039737	0
1347.15	0	.9889334	0	.01106657	0
1346.15	0	.9882657	0	.01173427	0
1345.15	0	.9875995	0	.01240047	0
1344.15	0	.9869348	0	.01306519	0
1343.15	0	.9862716	0	.01372841	0
1342.15	0	.9856099	0	.01439015	0
1341.15	0	.9849496	0	.01505042	0
1340.15	0	.9842908	0	.01570921	0
1339.15	0	.9836335	0	.01636653	0
1338.15	0	.9829776	0	.01702238	0
1337.15	0	.9823232	0	.01767678	0
1336.15	0	.9816703	0	.01832972	0
1335.15	0	.9810188	0	.01898121	0
1334.15	0	.9803688	0	.01963125	0
1333.15	0	.9797202	0	.02027985	0
1332.15	0	.979073	0	.02092701	0
1331.15	0	.9784273	0	.02157273	0
1330.15	0	.977783	0	.02221703	0
1329.15	0	.9771401	0	.0228599	0
1328.15	0	.9764986	0	.02350135	0
1327.15	0	.9758586	0	.02414139	0
1326.15	0	.97522	0	.02478001	0
1325.15	0	.9745828	0	.02541723	0
1324.15	0	.973947	0	.02605304	0
1323.15	0	.9733126	0	.02668745	0
1322.15	0	.9726795	0	.02732047	0
1321.15	0	.9720479	0	.0279521	0
1320.15	0	.9714177	0	.02858234	0
1319.15	0	.9707888	0	.02921119	0
1318.15	0	.9701613	0	.02983867	0
1317.15	0	.9695352	0	.03046478	0
1316.15	0	.9689105	0	.03108951	0
1315.15	0	.9682871	0	.03171288	0
1314.15	0	.9676651	0	.03233488	0
1313.15	0	.9670445	0	.03295553	0
1312.15	0	.9664252	0	.03357482	0
1311.15	0	.9658072	0	.03419277	0
1310.15	0	.9651906	0	.03480936	0
1309.15	0	.9645754	0	.03542462	0
1308.15	0	.9639615	0	.03603854	0
1307.15	0	.9633489	0	.03665112	0
1306.15	0	.9627376	0	.03726237	0
1305.15	0	.9621277	0	.0378723	0
1304.15	0	.9615191	0	.0384809	0
1303.15	0	.9609118	0	.03908818	0
1302.15	0	.9603059	0	.03969415	0
1301.15	0	.9597012	0	.04029881	0
1300.15	0	.9590978	0	.04090216	0
1299.15	0	.9584958	0	.04150421	0
1298.15	0	.957895	0	.04210496	0
1297.15	0	.9572956	0	.04270441	0
1296.15	0	.9566974	0	.04330258	0
1295.15	0	.9561006	0	.04389945	0
1294.15	0	.955505	0	.04449503	0
1293.15	0	.9549107	0	.04508934	0
1292.15	0	.9543176	0	.04568237	0
1291.15	0	.9537259	0	.04627413	0
1290.15	0	.9531354	0	.04686461	0
1289.15	0	.9525462	0	.04745383	0
1288.15	0	.9519582	0	.04804179	0
1287.15	0	.9513715	0	.04862848	0
1286.15	0	.9507861	0	.04921393	0
1285.15	0	.9502019	0	.04979812	0
1284.15	0	.9496189	0	.05038106	0
1283.15	0	.9490372	0	.05096275	0
1282.15	0	.9484568	0	.05154321	0
1281.15	0	.9478776	0	.05212243	0
1280.15	0	.9472996	0	.05270041	0
1279.15	0	.9467228	0	.05327716	0
1278.15	0	.9461473	0	.05385269	0
1277.15	0	.945573	0	.05442699	0
1276.15	0	.9449999	0	.05500007	0
1275.15	0	.9444281	0	.05557193	0
1274.15	0	.9438574	0	.05614258	0
1273.15	0	.943288	0	.05671202	0
1272.15	0	.9427198	0	.05728025	0
1271.15	0	.9421527	0	.05784728	0
1270.15	0	.9415869	0	.0584131	0
1269.15	0	.9410223	0	.05897773	0
1268.15	0	.9404588	0	.05954117	0
1267.15	0	.9398966	0	.06010342	0
1266.15	0	.9393355	0	.06066447	0
1265.15	0	.9387757	0	.06122435	0
1264.15	0	.938217	0	.06178304	0
1263.15	0	.9376594	0	.06234056	0
1262.15	0	.9371031	0	.0628969	0
1261.15	0	.9365479	0	.06345207	0
1260.15	0	.9359939	0	.06400608	0
1259.15	0	.9354411	0	.06455892	0
1258.15	0	.9348894	0	.0651106	0
1257.15	0	.9343389	0	.06566112	0
1256.15	0	.9337895	0	.06621048	0
1255.15	0	.9332413	0	.06675869	0
1254.15	0	.9326942	0	.06730575	0
1253.15	0	.9321483	0	.06785167	0
1252.15	0	.9316036	0	.06839645	0
1251.15	0	.9310599	0	.06894008	0
1250.15	0	.9305174	0	.06948258	0
1249.15	0	.9299761	0	.07002394	0
1248.15	0	.9294358	0	.07056418	0
1247.15	0	.9288967	0	.07110328	0
1246.15	0	.9283587	0	.07164127	0
1245.15	0	.9278219	0	.07217813	0
1244.15	0	.9272861	0	.07271387	0
1243.15	0	.9267515	0	.07324849	0
1242.15	0	.926218	0	.07378201	0
1241.15	0	.9256856	0	.07431441	0
1240.15	0	.9251543	0	.07484571	0
1239.15	0	.9246241	0	.0753759	0
1238.15	0	.924095	0	.07590499	0
1237.15	0	.923567	0	.07643299	0
1236.15	0	.9230401	0	.07695988	0
1235.15	0	.9225143	0	.07748569	0
1234.15	0	.9219896	0	.07801041	0
1233.15	0	.921466	0	.07853403	0
1232.15	0	.9209434	0	.07905658	0
1231.15	0	.920422	0	.07957804	0
1230.15	0	.9199016	0	.08009843	0
1229.15	0	.9193823	0	.08061774	0
1228.15	0	.918864	0	.08113598	0
1227.15	0	.9183469	0	.08165314	0
1226.15	0	.9178308	0	.08216924	0
1225.15	0	.9173157	0	.08268428	0
1224.15	0	.9168017	0	.08319825	0
1223.15	0	.9162888	0	.08371117	0
1222.15	0	.915777	0	.08422303	0
1221.15	0	.9152662	0	.08473383	0
1220.15	0	.9147564	0	.08524359	0
1219.15	0	.9142477	0	.08575229	0
1218.15	0	.9137401	0	.08625995	0
1217.15	0	.9132334	0	.08676657	0
1216.15	0	.9127279	0	.08727214	0
1215.15	0	.9122233	0	.08777668	0
1214.15	0	.9117198	0	.08828018	0
1213.15	0	.9112174	0	.08878265	0
1212.15	0	.9107159	0	.08928409	0
1211.15	0	.9102155	0	.0897845	0
1210.15	0	.9097161	0	.09028389	0
1209.15	0	.9092177	0	.09078226	0
1208.504	0	.9088965	0	.09110352	0
1208.504	0	.9088965	0	.09110352	0
1208.504	0	.9088965	0	.09110352	0
1208.15	0	.9084082	3.245428E-04	.09126726	0
1207.15	0	.9070325	.001238903	.09172864	0
1206.15	0	.9056604	.00215074	.09218884	0
1205.15	0	.9042921	.003060057	.09264785	0
1204.15	0	.9029275	.003966859	.09310568	0
1203.15	0	.9015665	.004871148	.09356234	0
1202.15	0	.9002092	.005772929	.09401784	0
1201.15	0	.8988556	.006672205	.09447216	0
1200.15	0	.8975057	.007568979	.09492532	0
1199.15	0	.8961594	.008463255	.09537733	0
1198.15	0	.8948168	.009355036	.09582818	0
1197.15	0	.8934778	.01024433	.09627787	0
1196.15	0	.8921425	.01113113	.09672643	0
1195.15	0	.8908107	.01201544	.09717383	0
1194.15	0	.8894826	.01289728	.0976201	0
1193.15	0	.8881581	.01377663	.09806523	0
1192.15	0	.8868373	.01465352	.09850922	0
1191.15	0	.88552	.01552793	.09895209	0
1190.15	0	.8842063	.01639987	.09939383	0
1189.15	0	.8828962	.01726934	.09983445	0
1188.15	0	.8815897	.01813635	.100274	0
1187.15	0	.8802868	.01900091	.1007123	0
1186.15	0	.8789874	.019863	.1011496	0
1185.15	0	.8776916	.02072265	.1015858	0
1184.15	0	.8763993	.02157984	.1020208	0
1183.15	0	.8751106	.02243458	.1024548	0
1182.15	0	.8738255	.02328688	.1028876	0
1181.15	0	.8725439	.02413673	.1033194	0
1180.15	0	.8712658	.02498415	.1037501	0
1179.15	0	.8699912	.02582913	.1041797	0
1178.15	0	.8687202	.02667167	.1046082	0
1177.15	0	.8674526	.02751179	.1050356	0
1176.15	0	.8661886	.02834947	.1054619	0
1175.15	0	.8649281	.02918473	.1058872	0
1174.15	0	.863671	.03001756	.1063114	0
1173.15	0	.8624175	.03084798	.1067345	0
1172.15	0	.8611674	.03167597	.1071566	0
1171.15	0	.8599209	.03250155	.1075776	0
1170.15	0	.8586778	.03332471	.1079975	0
1169.15	0	.8574381	.03414546	.1084164	0
1168.15	0	.8562019	.03496381	.1088342	0
1167.15	0	.8549692	.03577975	.109251	0
1166.15	0	.85374	.03659328	.1096667	0
1165.15	0	.8525142	.03740441	.1100814	0
1164.15	0	.8512918	.03821314	.1104951	0
1163.15	0	.8500728	.03901947	.1109077	0
1162.15	0	.8488573	.03982341	.1113193	0
1161.15	0	.8476452	.04062495	.1117298	0
1160.15	0	.8464365	.0414241	.1121393	0
1159.15	0	.8452313	.04222086	.1125478	0
1158.15	0	.8440295	.04301524	.1129553	0
1157.15	0	.842831	.04380723	.1133618	0
1156.15	0	.841636	.04459684	.1137672	0
1155.15	0	.8404443	.04538406	.1141716	0
1154.15	0	.839256	.04616894	.114575	0
1153.15	0	.8380712	.04695141	.1149774	0
1152.15	0	.8368897	.0477315	.1153788	0
1151.15	0	.8357116	.04850922	.1157792	0
1150.15	0	.8345368	.04928456	.1161786	0
1149.15	0	.8333655	.05005754	.116577	0
1148.15	0	.8321975	.05082815	.1169744	0
1147.15	0	.8310328	.05159639	.1173708	0
1146.15	0	.8298715	.05236227	.1177662	0
1145.15	0	.8287136	.05312578	.1181607	0
1144.15	0	.827559	.05388693	.1185541	0
1143.15	0	.8264077	.05464572	.1189466	0
1142.15	0	.8252598	.05540215	.1193381	0
1141.15	0	.8241152	.05615623	.1197286	0
1140.15	0	.822974	.05690795	.1201181	0
1139.15	0	.821836	.05765731	.1205067	0
1138.15	0	.8207014	.05840432	.1208943	0
1137.15	0	.8195701	.05914898	.1212809	0
1136.15	0	.8184421	.05989129	.1216666	0
1135.15	0	.8173175	.06063126	.1220513	0
1134.15	0	.8161961	.06136887	.122435	0
1133.15	0	.815078	.06210414	.1228178	0
1132.15	0	.8139633	.06283706	.1231997	0
1131.15	0	.8128518	.06356764	.1235806	0
1130.15	0	.8117436	.06429588	.1239605	0
1129.15	0	.8106387	.06502177	.1243395	0
1128.15	0	.8095371	.06574533	.1247176	0
1127.15	0	.8084388	.06646654	.1250947	0
1126.15	0	.8073437	.06718542	.1254708	0
1125.15	0	.806252	.06790196	.1258461	0
1124.15	0	.8051635	.06861617	.1262204	0
1123.15	0	.8040782	.06932804	.1265937	0
1122.15	0	.8029963	.07003757	.1269662	0
1121.15	0	.8019175	.07074478	.1273377	0
1120.15	0	.8008421	.07144965	.1277083	0
1119.15	0	.7997699	.07215218	.1280779	0
1118.15	0	.7987009	.07285239	.1284467	0
1117.15	0	.7976352	.07355027	.1288145	0
1116.15	0	.7965728	.07424582	.1291814	0
1115.15	0	.7955136	.07493905	.1295474	0
1114.15	0	.7944576	.07562994	.1299125	0
1113.15	0	.7934049	.07631851	.1302766	0
1112.15	0	.7923554	.07700475	.1306399	0
1111.15	0	.7913091	.07768867	.1310023	0
1110.15	0	.7902661	.07837026	.1313637	0
1109.15	0	.7892262	.07904953	.1317242	0
1108.15	0	.7881896	.07972648	.1320839	0
1107.15	0	.7871563	.0804011	.1324426	0
1106.15	0	.7861261	.0810734	.1328005	0
1105.15	0	.7850992	.08174338	.1331574	0
1104.15	0	.7840755	.08241104	.1335135	0
1103.15	0	.783055	.08307637	.1338687	0
1102.15	0	.7820377	.08373939	.1342229	0
1101.15	0	.7810236	.08440009	.1345763	0
1100.15	0	.7800127	.08505847	.1349288	0
1099.15	0	.779005	.08571452	.1352805	0
1098.15	0	.7780005	.08636826	.1356312	0
1097.15	0	.7769992	.08701968	.1359811	0
1096.15	0	.7760012	.08766879	.1363301	0
1095.15	0	.7750063	.08831558	.1366782	0
1094.15	0	.7740146	.08896004	.1370254	0
1093.15	0	.7730261	.0896022	.1373717	0
1092.15	0	.7720407	.09024203	.1377172	0
1091.15	0	.7710586	.09087955	.1380619	0
1090.15	0	.7700796	.09151475	.1384056	0
1089.15	0	.7691039	.09214764	.1387485	0
1088.15	0	.7681313	.09277821	.1390905	0
1087.15	0	.7671619	.09340646	.1394317	0
1086.15	0	.7661956	.0940324	.139772	0
1085.15	0	.7652326	.09465602	.1401114	0
1084.15	0	.7642727	.09527733	.14045	0
1083.15	0	.763316	.09589632	.1407877	0
1082.15	0	.7623625	.09651299	.1411245	0
1081.15	0	.7614121	.09712735	.1414605	0
1080.15	0	.7604649	.0977394	.1417957	0
1079.15	0	.7595209	.09834913	.14213	0
1078.15	0	.75858	.09895654	.1424634	0
1077.15	0	.7576423	.09956164	.1427961	0
1076.15	0	.7567078	.1001644	.1431278	0
1075.15	0	.7557764	.1007649	.1434587	0
1074.15	0	.7548482	.1013631	.1437888	0
1073.15	0	.7539231	.1019589	.144118	0
1072.15	0	.7530012	.1025524	.1444464	0
1071.15	0	.7520825	.1031436	.1447739	0
1070.15	0	.7511669	.1037325	.1451006	0
1069.15	0	.7502545	.1043191	.1454264	0
1068.15	0	.7493452	.1049033	.1457515	0
1067.15	0	.7484391	.1054853	.1460756	0
1066.15	0	.7475361	.1060649	.146399	0
1065.15	0	.7466363	.1066422	.1467215	0
1064.15	0	.7457396	.1072172	.1470432	0
1063.15	0	.7448461	.1077899	.147364	0
1062.15	0	.7439557	.1083603	.147684	0
1061.15	0	.7430685	.1089283	.1480032	0
1060.15	0	.7421844	.109494	.1483215	0
1059.15	0	.7413035	.1100574	.1486391	0
1058.15	0	.7404257	.1106185	.1489558	0
1057.15	0	.7395511	.1111773	.1492716	0
1056.15	0	.7386796	.1117338	.1495867	0
1055.15	0	.7378112	.1122879	.1499009	0
1054.15	0	.736946	.1128397	.1502143	0
1053.15	0	.7360839	.1133892	.1505269	0
1052.15	0	.735225	.1139364	.1508386	0
1051.15	0	.7343692	.1144813	.1511495	0
1050.15	0	.7335165	.1150238	.1514597	0
1049.15	0	.732667	.1155641	.1517689	0
1048.15	0	.7318206	.116102	.1520774	0
1047.15	0	.7309774	.1166376	.152385	0
1046.15	0	.7301373	.1171709	.1526919	0
1045.15	0	.7293003	.1177018	.1529979	0
1044.15	0	.7284665	.1182305	.1533031	0
1043.15	0	.7276358	.1187568	.1536075	0
1042.15	0	.7268082	.1192808	.153911	0
1041.15	0	.7259838	.1198025	.1542138	0
1040.15	0	.7251625	.1203218	.1545157	0
1039.15	0	.7243443	.1208389	.1548168	0
1038.15	0	.7235293	.1213536	.1551171	0
1037.15	0	.7227174	.121866	.1554166	0
1036.15	0	.7219086	.1223761	.1557152	0
1035.15	0	.721103	.1228839	.1560131	0
1034.15	0	.7203005	.1233893	.1563102	0
1033.15	0	.7195012	.1238925	.1566064	0
1032.15	0	.7187049	.1243933	.1569018	0
1031.15	0	.7179118	.1248918	.1571964	0
1030.15	0	.7171219	.1253879	.1574902	0
1029.15	0	.716335	.1258818	.1577832	0
1028.15	0	.7155513	.1263734	.1580754	0
1027.15	0	.7147707	.1268626	.1583667	0
1026.15	0	.7139933	.1273495	.1586572	0
1025.15	0	.7132189	.1278341	.158947	0
1024.15	0	.7124477	.1283164	.1592359	0
1023.15	0	.7116797	.1287963	.159524	0
1022.15	0	.7109147	.129274	.1598113	0
1021.15	0	.7101529	.1297493	.1600978	0
1020.15	0	.7093942	.1302223	.1603835	0
1019.15	0	.7086386	.1306931	.1606683	0
1018.15	0	.7078862	.1311614	.1609524	0
1017.15	0	.7071369	.1316275	.1612356	0
1016.15	0	.7063907	.1320913	.161518	0
1015.15	0	.7056476	.1325528	.1617996	0
1014.15	0	.7049076	.1330119	.1620804	0
1013.15	0	.7041708	.1334688	.1623604	0
1012.15	0	.7034371	.1339233	.1626396	0
1011.15	0	.7027065	.1343755	.1629179	0
1010.15	0	.7019791	.1348255	.1631955	0
1009.15	0	.7012547	.1352731	.1634722	0
1008.15	0	.7005335	.1357185	.1637481	0
1007.15	0	.6998154	.1361615	.1640232	0
1006.15	0	.6991004	.1366022	.1642974	0
1005.15	0	.6983885	.1370406	.1645709	0
1004.15	0	.6976797	.1374768	.1648435	0
1003.15	0	.6969741	.1379106	.1651153	0
1002.15	0	.6962716	.1383422	.1653863	0
1001.15	0	.6955721	.1387714	.1656564	0
1000.15	0	.6948758	.1391984	.1659258	0
999.15	0	.6941826	.1396231	.1661943	0
998.15	0	.6934925	.1400455	.166462	0
997.15	0	.6928055	.1404656	.1667288	0
996.15	0	.6921216	.1408835	.1669949	0
995.15	0	.6914409	.1412991	.1672601	0
994.15	0	.6907632	.1417124	.1675245	0
993.15	0	.6900886	.1421234	.167788	0
992.15	0	.6894171	.1425322	.1680507	0
991.15	0	.6887487	.1429387	.1683126	0
990.15	0	.6880834	.1433429	.1685737	0
989.15	0	.6874212	.1437449	.1688339	0
988.15	0	.6867621	.1441446	.1690933	0
987.15	0	.6861061	.1445421	.1693518	0
986.15	0	.6854532	.1449373	.1696095	0
985.15	0	.6848033	.1453303	.1698664	0
984.15	0	.6841566	.145721	.1701224	0
983.15	0	.6835129	.1461096	.1703775	0
982.15	0	.6828723	.1464958	.1706319	0
981.15	0	.6822348	.1468799	.1708854	0
980.15	0	.6816003	.1472617	.171138	0
979.15	0	.6809689	.1476414	.1713898	0
978.15	0	.6803406	.1480188	.1716407	0
977.15	0	.6797153	.148394	.1718907	0
976.15	0	.6790931	.148767	.1721399	0
975.15	0	.6784739	.1491378	.1723883	0
974.15	0	.6778578	.1495064	.1726358	0
973.15	0	.6772448	.1498728	.1728824	0
972.15	0	.6766348	.1502371	.1731281	0
971.15	0	.6760278	.1505992	.173373	0
970.15	0	.6754239	.1509591	.173617	0
969.15	0	.674823	.1513169	.1738601	0
968.15	0	.6742251	.1516725	.1741024	0
967.15	0	.6736302	.152026	.1743438	0
966.15	0	.6730384	.1523774	.1745843	0
965.15	0	.6724495	.1527266	.1748239	0
964.15	0	.6718637	.1530737	.1750626	0
963.15	0	.6712809	.1534187	.1753004	0
962.15	0	.670701	.1537616	.1755374	0
961.15	0	.6701242	.1541024	.1757734	0
960.15	0	.6695503	.1544412	.1760086	0
959.15	0	.6689794	.1547778	.1762428	0
958.15	0	.6684115	.1551124	.1764762	0
957.15	0	.6678465	.1554449	.1767086	0
956.15	0	.6672845	.1557754	.1769401	0
955.15	0	.6667254	.1561039	.1771707	0
954.15	0	.6661693	.1564304	.1774004	0
953.15	0	.6656161	.1567548	.1776291	0
952.15	0	.6650658	.1570773	.177857	0
951.15	0	.6645184	.1573977	.1780839	0
950.15	0	.663974	.1577162	.1783098	0
949.15	0	.6634324	.1580328	.1785349	0
948.15	0	.6628937	.1583473	.1787589	0
947.15	0	.6623579	.15866	.1789821	0
946.15	0	.661825	.1589707	.1792043	0
945.15	0	.6612949	.1592796	.1794255	0
944.15	0	.6607677	.1595865	.1796458	0
943.15	0	.6602433	.1598916	.1798651	0
942.15	0	.6597217	.1601948	.1800835	0
941.15	0	.6592029	.1604962	.1803008	0
940.15	0	.658687	.1607958	.1805172	0
939.15	0	.6581738	.1610936	.1807326	0
938.15	0	.6576634	.1613895	.1809471	0
937.15	0	.6571557	.1616838	.1811605	0
936.15	0	.6566508	.1619762	.1813729	0
935.15	0	.6561487	.1622669	.1815844	0
934.15	0	.6556492	.162556	.1817948	0
933.15	0	.6551525	.1628433	.1820042	0
932.15	0	.6546584	.1631289	.1822126	0
931.15	0	.654167	.163413	.18242	0
930.15	0	.6536783	.1636953	.1826264	0
929.15	0	.6531922	.1639761	.1828317	0
928.15	0	.6527088	.1642553	.1830359	0
927.15	0	.6522279	.164533	.1832392	0
926.15	0	.6517496	.1648091	.1834413	0
925.15	0	.6512739	.1650837	.1836424	0
924.15	0	.6508007	.1653568	.1838425	0
923.15	0	.6503301	.1656285	.1840414	0
922.15	0	.6498619	.1658987	.1842393	0
921.15	0	.6493963	.1661676	.1844361	0
920.15	0	.6489331	.1664351	.1846318	0
919.15	0	.6484724	.1667012	.1848264	0
918.15	0	.648014	.1669661	.1850199	0
917.15	0	.6475581	.1672296	.1852123	0
916.15	0	.6471045	.1674919	.1854035	0
915.15	0	.6466533	.167753	.1855937	0
914.15	0	.6462044	.1680129	.1857827	0
913.15	0	.6457578	.1682717	.1859705	0
912.15	0	.6453135	.1685294	.1861572	0
911.15	0	.6448714	.168786	.1863427	0
910.15	0	.6444315	.1690415	.186527	0
909.15	0	.6439938	.1692961	.1867102	0
908.15	0	.6435582	.1695496	.1868921	0
907.15	0	.6431248	.1698023	.1870729	0
906.15	0	.6426934	.1700541	.1872525	0
905.15	0	.6422641	.1703051	.1874308	0
904.15	0	.6418368	.1705553	.1876079	0
903.15	0	.6414115	.1708047	.1877838	0
902.15	0	.6409882	.1710534	.1879584	0
901.15	0	.6405668	.1713014	.1881318	0
900.15	0	.6401472	.1715489	.1883039	0
899.15	0	.6397296	.1717958	.1884747	0
898.15	0	.6393137	.1720421	.1886442	0
897.15	0	.6388995	.1722881	.1888124	0
896.15	0	.6384871	.1725336	.1889793	0
895.15	0	.6380763	.1727787	.1891449	0
894.15	0	.6376673	.1730236	.1893092	0
893.15	0	.6372597	.1732682	.1894721	0
892.15	0	.6368538	.1735127	.1896336	0
891.15	0	.6364493	.173757	.1897937	0
890.15	0	.6360463	.1740013	.1899525	0
889.15	0	.6356446	.1742455	.1901098	0
888.15	0	.6352444	.1744899	.1902658	0
887.15	0	.6348454	.1747344	.1904203	0
886.15	0	.6344476	.174979	.1905733	0
885.15	0	.6340511	.175224	.1907249	0
884.15	0	.6336557	.1754693	.190875	0
883.15	0	.6332613	.175715	.1910237	0
882.15	0	.632868	.1759612	.1911708	0
881.15	0	.6324756	.176208	.1913164	0
880.15	0	.6320841	.1764555	.1914604	0
879.15	0	.6316935	.1767036	.1916029	0
878.15	0	.6313036	.1769526	.1917438	0
877.15	0	.6309143	.1772025	.1918831	0
876.15	0	.6305257	.1774534	.1920208	0
875.15	0	.6301377	.1777054	.1921569	0
874.15	0	.6297501	.1779586	.1922913	0
873.15	0	.6293629	.178213	.192424	0
872.15	0	.6289761	.1784689	.1925551	0
871.15	0	.6285895	.1787262	.1926844	0
870.15	0	.628203	.1789851	.192812	0
869.15	0	.6278166	.1792456	.1929378	0
868.15	0	.6274302	.179508	.1930618	0
867.15	0	.6270436	.1797724	.193184	0
866.15	0	.6266569	.1800387	.1933044	0
865.15	0	.6262699	.1803073	.1934229	0
864.15	0	.6258824	.1805781	.1935395	0
863.15	0	.6254945	.1808514	.1936542	0
862.15	0	.6251059	.1811272	.1937669	0
861.15	0	.6247166	.1814057	.1938777	0
860.15	0	.6243265	.1816871	.1939864	0
859.15	0	.6239354	.1819715	.1940932	0
858.15	0	.6235432	.182259	.1941978	0
857.15	0	.6231498	.1825499	.1943003	0
856.15	0	.6227551	.1828442	.1944007	0
855.15	0	.622359	.1831422	.1944988	0
854.15	0	.6219612	.183444	.1945948	0
853.15	0	.6215616	.1837499	.1946885	0
852.15	0	.6211602	.18406	.1947798	0
851.15	0	.6207566	.1843745	.1948689	0
850.15	0	.6203508	.1846937	.1949555	0
849.15	0	.6199427	.1850177	.1950396	0
848.15	0	.6195319	.1853468	.1951213	0
847.15	0	.6191183	.1856813	.1952004	0
846.15	0	.6187018	.1860213	.1952769	0
845.15	0	.6182821	.1863672	.1953507	0
844.15	0	.617859	.1867192	.1954218	0
843.15	0	.6174323	.1870776	.1954901	0
842.15	0	.6170017	.1874427	.1955556	0
841.15	0	.6165671	.1878149	.1956181	0
840.15	0	.616128	.1881944	.1956776	0
839.15	0	.6156843	.1885817	.195734	0
838.15	0	.6152357	.1889771	.1957872	0
837.15	0	.6147819	.189381	.1958371	0
836.15	0	.6143225	.1897939	.1958837	0
835.15	0	.6138571	.1902161	.1959268	0
834.15	0	.6133855	.1906481	.1959664	0
833.15	0	.6129072	.1910906	.1960022	0
832.15	0	.6124218	.1915439	.1960343	0
831.15	0	.6119289	.1920087	.1960624	0
830.15	0	.611428	.1924857	.1960864	0
829.15	0	.6109185	.1929753	.1961062	0
828.15	0	.6104	.1934785	.1961215	0
827.15	0	.6098717	.1939959	.1961323	0
826.15	0	.6093332	.1945284	.1961384	0
825.15	0	.6087836	.195077	.1961394	0
824.15	0	.6082223	.1956424	.1961353	0
823.15	0	.6076483	.196226	.1961257	0
822.15	0	.6070609	.1968287	.1961104	0
821.15	0	.6064589	.197452	.196089	0
820.15	0	.6058414	.1980973	.1960614	0
819.15	0	.605207	.198766	.196027	0
818.15	0	.604095	.2000227	.1958824	0
817.15	0	.6029005	.2013859	.1957136	0
816.15	0	.6017767	.2026683	.195555	0
815.15	0	.600717	.2038773	.1954057	0
814.15	0	.599716	.2050194	.1952646	0
813.15	0	.5987685	.2061004	.1951311	0
812.15	0	.5978703	.2071253	.1950044	0
811.15	0	.5970176	.2080984	.194884	0
810.15	0	.5962068	.2090238	.1947693	0
809.15	0	.5954351	.209905	.1946599	0
808.15	0	.5946995	.2107451	.1945553	0
807.15	0	.5939977	.211547	.1944552	0
806.15	0	.5933274	.2123133	.1943593	0
805.15	0	.5926865	.2130464	.1942672	0
804.15	0	.5920731	.2137483	.1941786	0
803.15	0	.5914857	.214421	.1940933	0
802.15	0	.5909225	.2150663	.1940112	0
801.15	0	.5903822	.2156859	.1939319	0
800.15	0	.5898635	.2162812	.1938553	0
799.15	0	.5893651	.2168536	.1937813	0
798.15	0	.5888859	.2174045	.1937096	0
797.15	0	.5884249	.2179351	.1936401	0
796.15	0	.587981	.2184463	.1935727	0
795.15	0	.5875534	.2189394	.1935072	0
794.15	0	.5871413	.2194151	.1934436	0
793.15	0	.5867437	.2198745	.1933818	0
792.15	0	.5863601	.2203184	.1933215	0
791.15	0	.5859897	.2207474	.1932628	0
790.15	0	.5856319	.2211625	.1932056	0
789.15	0	.5852861	.2215642	.1931497	0
788.15	0	.5849516	.2219532	.1930951	0
787.15	0	.584628	.2223302	.1930418	0
786.15	0	.5843148	.2226956	.1929896	0
785.15	0	.5840115	.22305	.1929385	0
784.15	0	.5837176	.2233939	.1928885	0
783.15	0	.5834327	.2237278	.1928395	0
782.15	0	.5831564	.2240522	.1927914	0
781.15	0	.5828884	.2243675	.1927441	0
780.15	0	.5826282	.224674	.1926978	0
779.15	0	.5823756	.2249722	.1926522	0
778.15	0	.5821302	.2252623	.1926074	0
777.15	0	.5818918	.2255449	.1925633	0
776.15	0	.5816599	.2258201	.1925199	0
775.15	0	.5814344	.2260883	.1924772	0
774.15	0	.581215	.2263499	.1924351	0
773.15	0	.5810015	.2266049	.1923936	0
772.15	0	.5807935	.2268538	.1923526	0
771.15	0	.5805933	.227095	.1923117	0
770.15	0	.5803957	.2273325	.1922718	0
769.15	0	.5802031	.2275645	.1922324	0
768.15	0	.5800153	.2277912	.1921935	0
767.15	0	.5798321	.2280129	.192155	0
766.15	0	.5796533	.2282298	.1921169	0
765.15	0	.5794788	.228442	.1920793	0
764.15	0	.5793083	.2286497	.192042	0
763.15	0	.5791418	.2288532	.1920051	0
762.15	0	.578979	.2290525	.1919685	0
761.15	0	.57882	.2292478	.1919322	0
760.15	0	.5786644	.2294394	.1918962	0
759.15	0	.5785122	.2296272	.1918606	0
758.15	0	.5783633	.2298115	.1918252	0
757.15	0	.5782175	.2299924	.1917901	0
756.15	0	.5780748	.23017	.1917553	0
755.15	0	.5779349	.2303444	.1917207	0
754.15	0	.5777979	.2305158	.1916863	0
753.15	0	.5776636	.2306843	.1916521	0
752.15	0	.5775319	.2308499	.1916182	0
751.15	0	.5774027	.2310129	.1915844	0
750.15	0	.577276	.2311731	.1915509	0
749.15	0	.5771516	.2313309	.1915175	0
748.15	0	.5770295	.2314862	.1914843	0
747.15	0	.5769096	.2316392	.1914512	0
746.15	0	.5767918	.2317898	.1914183	0
745.15	0	.5766761	.2319383	.1913856	0
744.15	0	.5765624	.2320847	.191353	0
743.15	0	.5764505	.232229	.1913205	0
742.15	0	.5763405	.2323713	.1912882	0
741.15	0	.5762323	.2325118	.1912559	0
740.15	0	.5761258	.2326504	.1912238	0
739.15	0	.576021	.2327872	.1911918	0
738.15	0	.5759178	.2329223	.1911598	0
737.15	0	.5758162	.2330558	.191128	0
736.15	0	.5757161	.2331876	.1910963	0
735.15	0	.5756175	.2333179	.1910646	0
734.15	0	.5755202	.2334468	.191033	0
733.15	0	.5754244	.2335741	.1910015	0
732.15	0	.5753298	.2337001	.1909701	0
731.15	0	.5752366	.2338247	.1909387	0
730.15	0	.5751446	.233948	.1909074	0
729.15	0	.5750538	.2340701	.1908761	0
728.15	0	.5749642	.2341909	.1908449	0
727.15	0	.5748757	.2343105	.1908138	0
726.15	0	.5747883	.234429	.1907826	0
725.15	0	.574702	.2345464	.1907516	0
724.15	0	.5746167	.2346628	.1907205	0
723.15	0	.5745324	.2347781	.1906895	0
722.15	0	.5744491	.2348924	.1906586	0
721.15	0	.5743667	.2350057	.1906276	0
720.15	0	.5742852	.235118	.1905967	0
719.15	0	.5742047	.2352295	.1905658	0
718.15	0	.5741249	.2353401	.1905349	0
717.15	0	.5740461	.2354499	.1905041	0
716.15	0	.573968	.2355588	.1904733	0
715.15	0	.5738907	.2356669	.1904424	0
714.15	0	.5738142	.2357742	.1904116	0
713.15	0	.5737384	.2358808	.1903808	0
712.15	0	.5736633	.2359867	.19035	0
711.15	0	.5735889	.2360918	.1903192	0
710.15	0	.5735152	.2361963	.1902885	0
709.15	0	.5734422	.2363001	.1902577	0
708.15	0	.5733698	.2364033	.1902269	0
707.15	0	.573298	.2365059	.1901961	0
706.15	0	.5732269	.2366078	.1901654	0
705.15	0	.5731563	.2367092	.1901346	0
704.15	0	.5730863	.23681	.1901038	0
703.15	0	.5730168	.2369102	.190073	0
702.15	0	.5729479	.2370099	.1900422	0
701.15	0	.5728795	.2371091	.1900114	0
700.15	0	.5728117	.2372078	.1899806	0
699.15	0	.5727443	.237306	.1899497	0
698.15	0	.5726774	.2374037	.1899189	0
697.15	0	.572611	.237501	.189888	0
696.15	0	.572545	.2375978	.1898572	0
695.15	0	.5724795	.2376942	.1898263	0
694.15	0	.5724145	.2377902	.1897954	0
693.15	0	.5723498	.2378857	.1897645	0
692.15	0	.5722856	.2379809	.1897335	0
691.15	0	.5722218	.2380757	.1897026	0
690.15	0	.5721583	.2381701	.1896716	0
689.15	0	.5720953	.2382641	.1896406	0
688.15	0	.5720326	.2383578	.1896096	0
687.15	0	.5719703	.2384511	.1895786	0
686.15	0	.5719083	.2385441	.1895475	0
685.15	0	.5718467	.2386368	.1895165	0
684.15	0	.5717854	.2387292	.1894854	0
683.15	0	.5717245	.2388212	.1894543	0
682.15	0	.5716639	.238913	.1894231	0
681.15	0	.5716036	.2390045	.189392	0
680.15	0	.5715436	.2390957	.1893608	0
679.15	0	.5714838	.2391866	.1893296	0
678.15	0	.5714244	.2392772	.1892984	0
677.15	0	.5713653	.2393676	.1892671	0
676.15	0	.5713065	.2394577	.1892358	0
675.15	0	.5712479	.2395476	.1892046	0
674.15	0	.5711896	.2396372	.1891732	0
673.15	0	.5711315	.2397266	.1891419	0
672.15	0	.5710737	.2398158	.1891105	0
671.15	0	.5710162	.2399047	.1890791	0
670.15	0	.5709589	.2399934	.1890477	0
669.15	0	.5709018	.2400819	.1890162	0
668.15	0	.570845	.2401702	.1889848	0
667.15	0	.5707884	.2402583	.1889533	0
666.15	0	.570732	.2403462	.1889218	0
665.15	0	.5706759	.2404339	.1888902	0
664.15	0	.5706199	.2405214	.1888587	0
663.15	0	.5705642	.2406088	.1888271	0
662.15	0	.5705087	.2406959	.1887955	0
661.15	0	.5704533	.2407829	.1887638	0
660.15	0	.5703982	.2408697	.1887321	0
659.15	0	.5703433	.2409563	.1887005	0
658.15	0	.5702885	.2410428	.1886687	0
657.15	0	.5702339	.241129	.188637	0
656.15	0	.5701796	.2412152	.1886052	0
655.15	0	.5701254	.2413012	.1885735	0
654.15	0	.5700714	.241387	.1885417	0
653.15	0	.5700175	.2414727	.1885098	0
652.15	0	.5699639	.2415582	.188478	0
651.15	0	.5699103	.2416436	.1884461	0
650.15	0	.569857	.2417288	.1884142	0
649.15	0	.5698038	.2418139	.1883823	0
648.15	0	.5697508	.2418989	.1883503	0
647.15	0	.5696979	.2419837	.1883184	0
646.15	0	.5696452	.2420684	.1882864	0
645.15	0	.5695927	.242153	.1882544	0
644.15	0	.5695403	.2422374	.1882224	0
643.15	0	.569488	.2423217	.1881903	0
642.15	0	.5694359	.2424059	.1881582	0
641.15	0	.5693839	.2424899	.1881262	0
640.15	0	.5693321	.2425739	.1880941	0
639.15	0	.5692804	.2426577	.1880619	0
638.15	0	.5692288	.2427414	.1880298	0
637.15	0	.5691774	.242825	.1879976	0
636.15	0	.5691261	.2429085	.1879655	0
635.15	0	.5690749	.2429918	.1879333	0
634.15	0	.5690239	.2430751	.1879011	0
633.15	0	.568973	.2431582	.1878688	0
632.15	0	.5689222	.2432412	.1878366	0
631.15	0	.5688715	.2433241	.1878043	0
630.15	0	.568821	.243407	.1877721	0
629.15	0	.5687706	.2434897	.1877398	0
628.15	0	.5687203	.2435722	.1877074	0
627.15	0	.5686701	.2436547	.1876751	0
626.15	0	.5686201	.2437371	.1876428	0
625.15	0	.5685701	.2438194	.1876105	0
624.15	0	.5685203	.2439016	.1875781	0
623.15	0	.5684706	.2439837	.1875457	0
622.15	0	.568421	.2440657	.1875134	0
621.15	0	.5683715	.2441475	.187481	0
620.15	0	.5683221	.2442293	.1874486	0
619.15	0	.5682729	.244311	.1874162	0
618.15	0	.5682237	.2443926	.1873837	0
617.15	0	.5681747	.244474	.1873513	0
616.15	0	.5681257	.2445554	.1873189	0
615.15	0	.5680769	.2446367	.1872864	0
614.15	0	.5680281	.2447179	.187254	0
613.15	0	.5679795	.244799	.1872215	0
612.15	0	.567931	.24488	.187189	0
611.15	0	.5678826	.2449609	.1871566	0
610.15	0	.5678343	.2450417	.1871241	0
609.15	0	.567786	.2451224	.1870916	0
608.15	0	.5677379	.245203	.1870591	0
607.15	0	.5676899	.2452835	.1870266	0
606.15	0	.567642	.2453639	.1869941	0
605.15	0	.5675942	.2454442	.1869616	0
604.15	0	.5675465	.2455244	.1869291	0
603.15	0	.5674988	.2456046	.1868966	0
602.15	0	.5674513	.2456846	.1868641	0
601.15	0	.5674039	.2457645	.1868316	0
600.15	0	.5673565	.2458443	.1867991	0
599.15	0	.5673093	.2459241	.1867666	0
598.15	0	.5672622	.2460037	.1867341	0
597.15	0	.5672151	.2460833	.1867016	0
596.15	0	.5671682	.2461627	.1866691	0
595.15	0	.5671213	.246242	.1866366	0
594.15	0	.5670746	.2463213	.1866042	0
593.15	0	.5670279	.2464004	.1865717	0
592.15	0	.5669813	.2464795	.1865392	0
591.15	0	.5669348	.2465584	.1865067	0
590.15	0	.5668885	.2466373	.1864742	0
589.15	0	.5668422	.2467161	.1864418	0
588.15	0	.566796	.2467947	.1864093	0
587.15	0	.5667499	.2468733	.1863769	0
586.15	0	.5667038	.2469517	.1863444	0
585.15	0	.5666579	.2470301	.186312	0
584.15	0	.5666121	.2471083	.1862796	0
583.15	0	.5665663	.2471865	.1862472	0
582.15	0	.5665207	.2472645	.1862148	0
581.15	0	.5664752	.2473425	.1861824	0
580.15	0	.5664297	.2474203	.18615	0
579.15	0	.5663843	.247498	.1861177	0
578.15	0	.566339	.2475757	.1860853	0
577.15	0	.5662938	.2476532	.186053	0
576.15	0	.5662487	.2477306	.1860207	0
575.15	0	.5662037	.2478079	.1859884	0
574.15	0	.5661588	.2478851	.1859561	0
573.15	0	.566114	.2479622	.1859238	0
572.15	0	.5660692	.2480392	.1858915	0
571.15	0	.5660246	.2481161	.1858593	0
570.15	0	.5659801	.2481929	.1858271	0
569.15	0	.5659356	.2482695	.1857949	0
568.15	0	.5658912	.2483461	.1857627	0
567.15	0	.5658469	.2484225	.1857305	0
566.15	0	.5658028	.2484989	.1856984	0
565.15	0	.5657587	.2485751	.1856663	0
564.15	0	.5657146	.2486512	.1856342	0
563.15	0	.5656707	.2487272	.1856021	0
562.15	0	.5656269	.248803	.1855701	0
561.15	0	.5655832	.2488788	.185538	0
560.15	0	.5655395	.2489544	.185506	0
559.15	0	.565496	.24903	.1854741	0
558.15	0	.5654525	.2491054	.1854421	0
557.15	0	.5654092	.2491807	.1854102	0
556.15	0	.5653659	.2492558	.1853783	0
555.15	0	.5653227	.2493309	.1853464	0
554.15	0	.5652796	.2494058	.1853146	0
553.15	0	.5652366	.2494806	.1852828	0
552.15	0	.5651937	.2495553	.185251	0
551.15	0	.5651509	.2496299	.1852192	0
550.15	0	.5651082	.2497043	.1851875	0
549.15	0	.5650656	.2497786	.1851558	0
548.15	0	.565023	.2498528	.1851242	0
547.15	0	.5649806	.2499269	.1850925	0
546.15	0	.5649383	.2500008	.1850609	0
545.15	0	.564896	.2500746	.1850294	0
544.15	0	.5648538	.2501483	.1849979	0
543.15	0	.5648118	.2502218	.1849664	0
542.15	0	.5647698	.2502953	.1849349	0
541.15	0	.5647279	.2503685	.1849035	0
540.15	0	.5646862	.2504417	.1848721	0
539.15	0	.5646445	.2505147	.1848408	0
538.15	0	.5646029	.2505876	.1848095	0
537.15	0	.5645614	.2506604	.1847782	0
536.15	0	.56452	.250733	.184747	0
535.15	0	.5644787	.2508055	.1847158	0
534.15	0	.5644375	.2508778	.1846847	0
533.15	0	.5643964	.25095	.1846536	0
532.15	0	.5643554	.2510221	.1846226	0
531.15	0	.5643144	.251094	.1845915	0
530.15	0	.5642736	.2511658	.1845606	0
529.15	0	.5642329	.2512375	.1845296	0
528.15	0	.5641923	.251309	.1844988	0
527.15	0	.5641517	.2513803	.1844679	0
526.15	0	.5641113	.2514515	.1844372	0
525.15	0	.564071	.2515226	.1844064	0
524.15	0	.5640307	.2515935	.1843757	0
523.15	0	.5639906	.2516643	.1843451	0
522.15	0	.5639506	.251735	.1843145	0
521.15	0	.5639106	.2518054	.1842839	0
520.15	0	.5638708	.2518758	.1842535	0
519.15	0	.563831	.251946	.184223	0
518.15	0	.5637914	.252016	.1841926	0
517.15	0	.5637519	.2520859	.1841623	0
516.15	0	.5637124	.2521556	.184132	0
515.15	0	.5636732	.2522252	.1841016	0
514.15	0	.563634	.2522946	.1840714	0
513.15	0	.5635948	.2523639	.1840413	0
512.15	0	.5635558	.252433	.1840112	0
511.15	0	.5635169	.2525019	.1839812	0
510.15	0	.563478	.2525707	.1839512	0
509.15	0	.5634393	.2526394	.1839213	0
508.15	0	.5634007	.2527078	.1838915	0
507.15	0	.5633622	.2527762	.1838617	0
506.15	0	.5633237	.2528443	.183832	0
505.15	0	.5632854	.2529123	.1838023	0
504.15	0	.5632472	.2529801	.1837727	0
503.15	0	.5632091	.2530478	.1837431	0
502.15	0	.5631711	.2531153	.1837136	0
501.15	0	.5631332	.2531826	.1836842	0
500.15	0	.5630954	.2532498	.1836548	0
499.15	0	.5630577	.2533168	.1836255	0
498.15	0	.5630201	.2533836	.1835963	0
497.15	0	.5629826	.2534503	.1835671	0
496.15	0	.5629452	.2535168	.183538	0
495.15	0	.562908	.2535831	.183509	0
494.15	0	.5628708	.2536492	.18348	0
493.15	0	.5628337	.2537152	.1834511	0
492.15	0	.5627968	.253781	.1834222	0
491.15	0	.5627599	.2538466	.1833934	0
490.15	0	.5627232	.2539121	.1833647	0
489.15	0	.5626866	.2539774	.1833361	0
488.15	0	.5626501	.2540425	.1833075	0
487.15	0	.5626136	.2541074	.183279	0
486.15	0	.5625773	.2541721	.1832506	0
485.15	0	.5625411	.2542367	.1832222	0
484.15	0	.562505	.2543011	.1831939	0
483.15	0	.5624691	.2543653	.1831657	0
482.15	0	.5624332	.2544293	.1831375	0
481.15	0	.5623974	.2544931	.1831095	0
480.15	0	.5623618	.2545568	.1830815	0
479.15	0	.5623262	.2546202	.1830535	0
478.15	0	.5622908	.2546835	.1830257	0
477.15	0	.5622555	.2547466	.1829979	0
476.15	0	.5622203	.2548095	.1829702	0
475.15	0	.5621852	.2548723	.1829426	0
474.15	0	.5621502	.2549348	.1829151	0
473.15	0	.5621153	.2549971	.1828876	0
472.15	0	.5620805	.2550593	.1828602	0
471.15	0	.5620459	.2551212	.1828329	0
470.15	0	.5620113	.255183	.1828057	0
469.15	0	.5619769	.2552446	.1827785	0
468.15	0	.5619426	.255306	.1827515	0
467.15	0	.5619084	.2553672	.1827245	0
466.15	0	.5618743	.2554282	.1826976	0
465.15	0	.5618403	.2554889	.1826708	0
464.15	0	.5618064	.2555496	.182644	0
463.15	0	.5617727	.25561	.1826174	0
462.15	0	.561739	.2556702	.1825908	0
461.15	0	.5617055	.2557302	.1825643	0
460.15	0	.5616721	.25579	.1825379	0
459.15	0	.5616388	.2558496	.1825116	0
458.15	0	.5616056	.255909	.1824854	0
457.15	0	.5615726	.2559682	.1824592	0
456.15	0	.5615396	.2560272	.1824332	0
455.15	0	.5615068	.256086	.1824072	0
454.15	0	.5614741	.2561446	.1823813	0
453.15	0	.5614415	.256203	.1823555	0
452.15	0	.561409	.2562612	.1823298	0
451.15	0	.5613766	.2563192	.1823042	0
450.15	0	.5613444	.2563769	.1822787	0
449.15	0	.5613123	.2564345	.1822533	0
448.15	0	.5612803	.2564918	.182228	0
447.15	0	.5612484	.2565488	.1822027	0
446.15	0	.5612167	.2566057	.1821776	0
445.15	0	.5611851	.2566623	.1821526	0
444.15	0	.5611536	.2567187	.1821276	0
443.15	0	.5611223	.2567749	.1821028	0
442.15	0	.5610911	.2568308	.1820781	0
441.15	0	.5610601	.2568865	.1820535	0
440.15	0	.5610291	.2569419	.1820289	0
439.15	0	.5609984	.2569971	.1820045	0
438.15	0	.5609678	.257052	.1819802	0
437.15	0	.5609373	.2571066	.1819561	0
436.15	0	.560907	.257161	.181932	0
435.15	0	.5608768	.2572151	.181908	0
434.15	0	.5608469	.257269	.1818842	0
433.15	0	.560817	.2573225	.1818604	0
432.15	0	.5607873	.2573758	.1818368	0
431.15	0	.5607578	.2574288	.1818133	0
430.15	0	.5607285	.2574816	.18179	0
429.15	0	.5606993	.257534	.1817667	0
428.15	0	.5606702	.2575862	.1817436	0
427.15	0	.5606414	.257638	.1817206	0
426.15	0	.5606127	.2576896	.1816977	0
425.15	0	.5605842	.2577409	.1816749	0
424.15	0	.5605558	.2577919	.1816523	0
423.15	0	.5605276	.2578426	.1816298	0
422.15	0	.5604996	.257893	.1816074	0
421.15	0	.5604718	.2579431	.1815851	0
420.15	0	.5604441	.2579929	.181563	0
419.15	0	.5604166	.2580424	.181541	0
418.15	0	.5603893	.2580916	.1815191	0
417.15	0	.5603621	.2581405	.1814974	0
416.15	0	.5603352	.2581891	.1814758	0
415.15	0	.5603083	.2582374	.1814543	0
414.15	0	.5602817	.2582854	.181433	0
413.15	0	.5602552	.258333	.1814117	0
412.15	0	.560229	.2583804	.1813906	0
411.15	0	.5602028	.2584275	.1813697	0
410.15	0	.5601769	.2584743	.1813489	0
409.15	0	.5601511	.2585207	.1813282	0
408.15	0	.5601255	.2585669	.1813076	0
407.15	0	.5601001	.2586128	.1812872	0
406.15	0	.5600748	.2586583	.1812669	0
405.15	0	.5600497	.2587036	.1812467	0
404.15	0	.5600248	.2587485	.1812267	0
403.15	0	.56	.2587932	.1812068	0
402.15	0	.5599754	.2588376	.181187	0
401.15	0	.559951	.2588816	.1811674	0
400.15	0	.5599268	.2589253	.1811479	0
399.15	0	.5599027	.2589688	.1811285	0
398.15	0	.5598788	.259012	.1811093	0
397.15	0	.559855	.2590548	.1810902	0
