T	 BPW(LIQUID)	BPW(BCC_A2)	BPW(FCC_A1)	BPW(LAVES_PHASE_C14)	BPW(NI3TI)
1473.15	.5329641	.371925	0	.0951109	0
1472.15	.5254092	.377005	0	.09758578	0
1471.15	.5179938	.3819873	0	.1000188	0
1470.15	.5107141	.3868746	0	.1024113	0
1469.15	.5035665	.3916694	0	.1047641	0
1468.15	.4965475	.396374	0	.1070785	0
1467.15	.4896538	.4009908	0	.1093555	0
1466.15	.482882	.405522	0	.111596	0
1465.15	.4762291	.4099699	0	.113801	0
1464.15	.469692	.4143365	0	.1159715	0
1463.15	.4632677	.4186239	0	.1181085	0
1462.15	.4569534	.422834	0	.1202126	0
1461.15	.4507463	.4269688	0	.1222849	0
1460.15	.4446439	.4310301	0	.124326	0
1459.15	.4386434	.4350197	0	.1263369	0
1458.15	.4327425	.4389394	0	.1283182	0
1457.15	.4269386	.4427907	0	.1302707	0
1456.15	.4212294	.4465754	0	.1321952	0
1455.15	.4156128	.450295	0	.1340922	0
1454.15	.4100864	.4539511	0	.1359625	0
1453.15	.4046481	.4575451	0	.1378068	0
1452.15	.3992958	.4610785	0	.1396257	0
1451.15	.3940277	.4645526	0	.1414197	0
1450.15	.3888416	.4679689	0	.1431895	0
1449.15	.3837358	.4713286	0	.1449356	0
1448.15	.3787083	.4746331	0	.1466586	0
1447.15	.3737574	.4778835	0	.1483591	0
1446.15	.3688814	.4810811	0	.1500375	0
1445.15	.3640787	.4842269	0	.1516944	0
1444.15	.3593474	.4873223	0	.1533303	0
1443.15	.3546862	.4903682	0	.1549456	0
1442.15	.3500934	.4933658	0	.1565408	0
1441.15	.3455676	.4963161	0	.1581163	0
1440.15	.3411073	.49922	0	.1596727	0
1439.15	.3367111	.5020787	0	.1612103	0
1438.15	.3323776	.504893	0	.1627295	0
1437.15	.3281054	.5076638	0	.1642308	0
1436.15	.3238934	.5103922	0	.1657144	0
1435.15	.3197402	.5130789	0	.1671809	0
1434.15	.3156446	.5157249	0	.1686306	0
1433.15	.3116053	.5183309	0	.1700638	0
1432.15	.3076214	.5208978	0	.1714809	0
1431.15	.3036915	.5234264	0	.1728822	0
1430.15	.2998146	.5259174	0	.1742681	0
1429.15	.2959896	.5283716	0	.1756388	0
1428.15	.2922155	.5307898	0	.1769947	0
1427.15	.2884912	.5331726	0	.1783362	0
1426.15	.2848159	.5355207	0	.1796634	0
1425.15	.2811884	.5378349	0	.1809767	0
1424.15	.2776078	.5401158	0	.1822764	0
1423.15	.2740733	.542364	0	.1835627	0
1422.15	.2705839	.5445802	0	.1848359	0
1421.15	.2671388	.5467649	0	.1860963	0
1420.15	.2637371	.5489189	0	.1873441	0
1419.15	.2603779	.5510425	0	.1885795	0
1418.15	.2570605	.5531366	0	.1898029	0
1417.15	.2537841	.5552015	0	.1910144	0
1416.15	.2505479	.5572378	0	.1922143	0
1415.15	.2473512	.5592461	0	.1934027	0
1414.15	.2441931	.5612269	0	.19458	0
1413.15	.2410731	.5631806	0	.1957463	0
1412.15	.2379903	.5651078	0	.1969019	0
1411.15	.2349441	.5670091	0	.1980468	0
1410.15	.2319339	.5688847	0	.1991814	0
1409.15	.228959	.5707352	0	.2003058	0
1408.15	.2260187	.572561	0	.2014202	0
1407.15	.2231125	.5743627	0	.2025248	0
1406.15	.2202397	.5761405	0	.2036198	0
1405.15	.2173997	.577895	0	.2047054	0
1404.15	.2145919	.5796265	0	.2057816	0
1403.15	.2118158	.5813354	0	.2068487	0
1402.15	.2090709	.5830222	0	.2079069	0
1401.15	.2063565	.5846872	0	.2089563	0
1400.15	.2036722	.5863308	0	.2099971	0
1399.15	.2010174	.5879533	0	.2110293	0
1398.15	.1983916	.5895551	0	.2120532	0
1397.15	.1957944	.5911367	0	.213069	0
1396.15	.1932252	.5926982	0	.2140766	0
1395.15	.1906836	.59424	0	.2150764	0
1394.15	.1881691	.5957626	0	.2160684	0
1393.15	.1856812	.5972661	0	.2170527	0
1392.15	.1832195	.598751	0	.2180295	0
1391.15	.1807836	.6002174	0	.218999	0
1390.15	.1783731	.6016658	0	.2199611	0
1389.15	.1759875	.6030964	0	.2209161	0
1388.15	.1736264	.6045095	0	.2218641	0
1387.15	.1712894	.6059054	0	.2228052	0
1386.15	.1689761	.6072844	0	.2237395	0
1385.15	.1666862	.6086467	0	.2246671	0
1384.15	.1644193	.6099926	0	.2255882	0
1383.15	.1621749	.6113224	0	.2265027	0
1382.15	.1599528	.6126363	0	.2274109	0
1381.15	.1577526	.6139346	0	.2283128	0
1380.15	.1555739	.6152175	0	.2292086	0
1379.15	.1534165	.6164853	0	.2300983	0
1378.15	.1512799	.6177381	0	.230982	0
1377.15	.1491638	.6189763	0	.2318599	0
1376.15	.147068	.6202001	0	.2327319	0
1375.15	.1449921	.6214096	0	.2335983	0
1374.15	.1429358	.6226051	0	.2344591	0
1373.15	.1408988	.6237869	0	.2353143	0
1372.15	.1388809	.624955	0	.2361641	0
1371.15	.1368816	.6261098	0	.2370086	0
1370.15	.1349008	.6272515	0	.2378477	0
1369.15	.1329382	.6283801	0	.2386817	0
1368.15	.1309934	.629496	0	.2395106	0
1367.15	.1290663	.6305993	0	.2403344	0
1366.15	.1271565	.6316902	0	.2411533	0
1365.15	.1252639	.6327689	0	.2419673	0
1364.15	.123388	.6338355	0	.2427764	0
1363.15	.1215289	.6348903	0	.2435809	0
1362.15	.119686	.6359334	0	.2443806	0
1361.15	.1178593	.636965	0	.2451757	0
1360.15	.1160484	.6379853	0	.2459663	0
1359.15	.1142533	.6389943	0	.2467524	0
1358.15	.1124735	.6399924	0	.2475341	0
1357.15	.110709	.6409796	0	.2483115	0
1356.15	.1089594	.6419561	0	.2490845	0
1355.15	.1072247	.642922	0	.2498534	0
1354.15	.1055045	.6438775	0	.250618	0
1353.15	.1037986	.6448228	0	.2513786	0
1352.15	.102107	.645758	0	.2521351	0
1351.15	.1004292	.6466832	0	.2528876	0
1350.15	.09876529	.6475986	0	.2536361	0
1349.15	.09711492	.6485043	0	.2543808	0
1348.15	.09547793	.6494005	0	.2551216	0
1347.15	.09385414	.6502872	0	.2558587	0
1346.15	.09224337	.6511646	0	.256592	0
1345.15	.09064543	.6520329	0	.2573217	0
1344.15	.08906017	.6528922	0	.2580477	0
1343.15	.08748739	.6537425	0	.2587701	0
1342.15	.08592693	.6545841	0	.259489	0
1341.15	.08437863	.655417	0	.2602044	0
1340.15	.08284232	.6562413	0	.2609164	0
1339.15	.08131783	.6570572	0	.2616249	0
1338.15	.07980502	.6578648	0	.2623302	0
1337.15	.07830371	.6586642	0	.2630321	0
1336.15	.07681377	.6594555	0	.2637307	0
1335.15	.07533504	.6602388	0	.2644261	0
1334.15	.07386737	.6610142	0	.2651184	0
1333.15	.07241061	.6617819	0	.2658075	0
1332.15	.07096463	.6625419	0	.2664935	0
1331.15	.06952928	.6632943	0	.2671764	0
1330.15	.06810442	.6640392	0	.2678564	0
1329.15	.06668991	.6647768	0	.2685333	0
1328.15	.06528563	.6655071	0	.2692073	0
1327.15	.06389143	.6662302	0	.2698783	0
1326.15	.06250719	.6669463	0	.2705465	0
1325.15	.06113278	.6676553	0	.2712119	0
1324.15	.05976807	.6683575	0	.2718745	0
1323.15	.05841295	.6690528	0	.2725343	0
1322.15	.05706728	.6697414	0	.2731913	0
1321.15	.05573095	.6704234	0	.2738457	0
1320.15	.05440384	.6710988	0	.2744973	0
1319.15	.05308584	.6717678	0	.2751464	0
1318.15	.05177682	.6724304	0	.2757928	0
1317.15	.05047667	.6730866	0	.2764367	0
1316.15	.04918529	.6737367	0	.277078	0
1315.15	.04790257	.6743806	0	.2777168	0
1314.15	.04662839	.6750185	0	.2783532	0
1313.15	.04536265	.6756503	0	.278987	0
1312.15	.04410525	.6762763	0	.2796185	0
1311.15	.04285608	.6768964	0	.2802475	0
1310.15	.04161504	.6775108	0	.2808742	0
1309.15	.04038204	.6781194	0	.2814986	0
1308.15	.03915697	.6787225	0	.2821206	0
1307.15	.03793973	.67932	0	.2827403	0
1306.15	.03673023	.679912	0	.2833578	0
1305.15	.03552839	.6804986	0	.283973	0
1304.15	.03433409	.6810799	0	.2845861	0
1303.15	.03314726	.6816558	0	.2851969	0
1302.15	.0319678	.6822266	0	.2858056	0
1301.15	.03079562	.6827922	0	.2864121	0
1300.15	.02963064	.6833528	0	.2870166	0
1299.15	.02847004	.6839106	0	.2876193	0
1298.15	.0273192	.6844612	0	.2882196	0
1297.15	.0261753	.6850069	0	.2888178	0
1296.15	.02503826	.6855477	0	.2894141	0
1295.15	.02390799	.6860837	0	.2900083	0
1294.15	.02278442	.6866151	0	.2906005	0
1293.15	.02166747	.6871417	0	.2911908	0
1292.15	.02055706	.6876638	0	.2917792	0
1291.15	.01945311	.6881813	0	.2923656	0
1290.15	.01835554	.6886943	0	.2929502	0
1289.15	.01726429	.6892029	0	.2935329	0
1288.15	.01617927	.689707	0	.2941137	0
1287.386	.01535486	.6900891	0	.294556	0
1287.386	.01535486	.6900891	0	.294556	0
1287.386	.01535486	.6900891	0	.294556	0
1287.15	.01388164	.6896077	.001717197	.2947935	0
1286.15	.007651011	.6875999	.008956738	.2957923	0
1285.15	.001424078	.685639	.01615503	.2967819	0
1284.921	0	.6851969	.01779609	.297007	0
1284.921	0	.6851969	.01779609	.297007	0
1284.15	0	.6842491	.01843103	.2973199	0
1283.15	0	.6830231	.0192523	.2977246	0
1282.15	0	.6818006	.02007127	.2981281	0
1281.15	0	.6805815	.02088797	.2985306	0
1280.15	0	.6793657	.02170239	.2989319	0
1279.15	0	.6781533	.02251453	.2993321	0
1278.15	0	.6769443	.0233244	.2997313	0
1277.15	0	.6757387	.02413201	.3001293	0
1276.15	0	.6745364	.02493737	.3005262	0
1275.15	0	.6733375	.02574047	.3009221	0
1274.15	0	.6721419	.02654132	.3013168	0
1273.15	0	.6709496	.02733992	.3017105	0
1272.15	0	.6697606	.02813629	.3021031	0
1271.15	0	.6685749	.02893042	.3024947	0
1270.15	0	.6673926	.02972231	.3028851	0
1269.15	0	.6662135	.03051199	.3032745	0
1268.15	0	.6650377	.03129944	.3036629	0
1267.15	0	.6638652	.03208467	.3040501	0
1266.15	0	.6626959	.03286768	.3044364	0
1265.15	0	.6615299	.03364849	.3048216	0
1264.15	0	.6603672	.0344271	.3052057	0
1263.15	0	.6592077	.0352035	.3055888	0
1262.15	0	.6580514	.03597771	.3059709	0
1261.15	0	.6568984	.03674972	.3063519	0
1260.15	0	.6557485	.03751955	.306732	0
1259.15	0	.6546019	.03828719	.3071109	0
1258.15	0	.6534584	.03905265	.3074889	0
1257.15	0	.6523182	.03981594	.3078659	0
1256.15	0	.6511811	.04057706	.3082418	0
1255.15	0	.6500472	.04133601	.3086168	0
1254.15	0	.6489165	.04209279	.3089907	0
1253.15	0	.647789	.04284742	.3093636	0
1252.15	0	.6466645	.04359988	.3097356	0
1251.15	0	.6455433	.0443502	.3101065	0
1250.15	0	.6444251	.04509837	.3104765	0
1249.15	0	.6433101	.0458444	.3108455	0
1248.15	0	.6421983	.04658828	.3112135	0
1247.15	0	.6410895	.04733003	.3115805	0
1246.15	0	.6399838	.04806964	.3119465	0
1245.15	0	.6388813	.04880713	.3123116	0
1244.15	0	.6377818	.04954249	.3126757	0
1243.15	0	.6366854	.05027572	.3130389	0
1242.15	0	.6355921	.05100684	.3134011	0
1241.15	0	.6345019	.05173585	.3137623	0
1240.15	0	.6334147	.05246274	.3141226	0
1239.15	0	.6323306	.05318752	.3144819	0
1238.15	0	.6312495	.0539102	.3148403	0
1237.15	0	.6301715	.05463079	.3151978	0
1236.15	0	.6290965	.05534927	.3155543	0
1235.15	0	.6280245	.05606565	.3159098	0
1234.15	0	.6269556	.05677995	.3162645	0
1233.15	0	.6258896	.05749216	.3166182	0
1232.15	0	.6248267	.05820229	.316971	0
1231.15	0	.6237668	.05891033	.3173229	0
1230.15	0	.6227098	.0596163	.3176739	0
1229.15	0	.6216559	.06032019	.3180239	0
1228.15	0	.6206049	.06102201	.3183731	0
1227.15	0	.619557	.06172176	.3187213	0
1226.15	0	.6185119	.06241945	.3190686	0
1225.15	0	.6174699	.06311508	.3194151	0
1224.15	0	.6164308	.06380865	.3197606	0
1223.15	0	.6153946	.06450016	.3201052	0
1222.15	0	.6143614	.06518962	.320449	0
1221.15	0	.6133312	.06587703	.3207918	0
1220.15	0	.6123038	.06656239	.3211338	0
1219.15	0	.6112794	.06724571	.3214749	0
1218.15	0	.6102579	.06792698	.3218151	0
1217.15	0	.6092393	.06860622	.3221545	0
1216.15	0	.6082236	.06928342	.3224929	0
1215.15	0	.6072109	.06995859	.3228305	0
1214.15	0	.606201	.07063173	.3231673	0
1213.15	0	.605194	.07130285	.3235032	0
1212.15	0	.6041899	.07197194	.3238382	0
1211.15	0	.6031886	.072639	.3241723	0
1210.15	0	.6021903	.07330405	.3245057	0
1209.15	0	.6011948	.07396708	.3248381	0
1208.15	0	.6002022	.0746281	.3251697	0
1207.15	0	.5992124	.07528711	.3255005	0
1206.15	0	.5982255	.07594411	.3258304	0
1205.15	0	.5972414	.0765991	.3261595	0
1204.15	0	.5962601	.07725209	.3264878	0
1203.15	0	.5952817	.07790307	.3268152	0
1202.15	0	.5943061	.07855206	.3271418	0
1201.15	0	.5933334	.07919905	.3274676	0
1200.15	0	.5923634	.07984405	.3277925	0
1199.15	0	.5913963	.08048706	.3281167	0
1198.15	0	.590432	.08112808	.32844	0
1197.15	0	.5894704	.08176711	.3287625	0
1196.15	0	.5885117	.08240415	.3290841	0
1195.15	0	.5875558	.08303922	.329405	0
1194.15	0	.5866026	.0836723	.3297251	0
1193.15	0	.5856523	.0843034	.3300443	0
1192.15	0	.5847047	.08493253	.3303628	0
1191.15	0	.5837599	.08555969	.3306805	0
1190.15	0	.5828178	.08618487	.3309973	0
1189.15	0	.5818785	.08680809	.3313134	0
1188.15	0	.580942	.08742934	.3316287	0
1187.15	0	.5800082	.08804862	.3319432	0
1186.15	0	.5790772	.08866594	.3322569	0
1185.15	0	.5781489	.0892813	.3325698	0
1184.15	0	.5772233	.08989469	.332882	0
1183.15	0	.5763005	.09050613	.3331933	0
1182.15	0	.5753804	.09111562	.333504	0
1181.15	0	.5744631	.09172315	.3338138	0
1180.15	0	.5735484	.09232873	.3341228	0
1179.15	0	.5726365	.09293236	.3344311	0
1178.15	0	.5717273	.09353404	.3347386	0
1177.15	0	.5708208	.09413378	.3350454	0
1176.15	0	.569917	.09473157	.3353514	0
1175.15	0	.5690159	.09532742	.3356567	0
1174.15	0	.5681175	.09592133	.3359611	0
1173.15	0	.5672218	.09651329	.3362649	0
1172.15	0	.5663288	.09710332	.3365679	0
1171.15	0	.5654385	.09769142	.3368701	0
1170.15	0	.5645508	.09827758	.3371716	0
1169.15	0	.5636658	.0988618	.3374724	0
1168.15	0	.5627835	.0994441	.3377724	0
1167.15	0	.5619039	.1000245	.3380717	0
1166.15	0	.5610269	.1006029	.3383702	0
1165.15	0	.5601526	.1011794	.338668	0
1164.15	0	.5592809	.101754	.3389651	0
1163.15	0	.5584119	.1023267	.3392615	0
1162.15	0	.5575455	.1028974	.3395571	0
1161.15	0	.5566818	.1034662	.339852	0
1160.15	0	.5558207	.1040331	.3401462	0
1159.15	0	.5549623	.1045981	.3404396	0
1158.15	0	.5541065	.1051611	.3407324	0
1157.15	0	.5532533	.1057223	.3410244	0
1156.15	0	.5524028	.1062815	.3413157	0
1155.15	0	.5515548	.1068388	.3416063	0
1154.15	0	.5507095	.1073943	.3418962	0
1153.15	0	.5498668	.1079478	.3421854	0
1152.15	0	.5490267	.1084994	.3424739	0
1151.15	0	.5481893	.109049	.3427617	0
1150.15	0	.5473544	.1095968	.3430488	0
1149.15	0	.5465222	.1101427	.3433352	0
1148.15	0	.5456925	.1106866	.3436209	0
1147.15	0	.5448654	.1112287	.3439059	0
1146.15	0	.544041	.1117688	.3441902	0
1145.15	0	.5432191	.1123071	.3444738	0
1144.15	0	.5423998	.1128434	.3447567	0
1143.15	0	.5415831	.1133779	.345039	0
1142.15	0	.540769	.1139104	.3453205	0
1141.15	0	.5399575	.1144411	.3456014	0
1140.15	0	.5391485	.1149698	.3458816	0
1139.15	0	.5383422	.1154967	.3461611	0
1138.15	0	.5375383	.1160217	.34644	0
1137.15	0	.5367371	.1165448	.3467182	0
1136.15	0	.5359384	.1170659	.3469957	0
1135.15	0	.5351423	.1175852	.3472725	0
1134.15	0	.5343488	.1181026	.3475487	0
1133.15	0	.5335578	.1186181	.3478242	0
1132.15	0	.5327693	.1191317	.348099	0
1131.15	0	.5319834	.1196434	.3483732	0
1130.15	0	.5312001	.1201533	.3486467	0
1129.15	0	.5304193	.1206612	.3489195	0
1128.15	0	.529641	.1211673	.3491917	0
1127.15	0	.5288653	.1216714	.3494633	0
1126.15	0	.5280921	.1221737	.3497342	0
1125.15	0	.5273215	.1226741	.3500044	0
1124.15	0	.5265534	.1231726	.350274	0
1123.15	0	.5257878	.1236693	.3505429	0
1122.15	0	.5250248	.124164	.3508112	0
1121.15	0	.5242643	.1246568	.3510788	0
1120.15	0	.5235063	.1251478	.3513459	0
1119.15	0	.5227509	.1256369	.3516122	0
1118.15	0	.5219979	.1261241	.3518779	0
1117.15	0	.5212475	.1266094	.352143	0
1116.15	0	.5204996	.1270929	.3524075	0
1115.15	0	.5197542	.1275745	.3526713	0
1114.15	0	.5190114	.1280542	.3529345	0
1113.15	0	.518271	.128532	.353197	0
1112.15	0	.5175332	.1290079	.3534589	0
1111.15	0	.5167979	.1294819	.3537202	0
1110.15	0	.516065	.1299541	.3539809	0
1109.15	0	.5153347	.1304244	.3542409	0
1108.15	0	.5146069	.1308928	.3545004	0
1107.15	0	.5138816	.1313593	.3547591	0
1106.15	0	.5131587	.131824	.3550173	0
1105.15	0	.5124384	.1322867	.3552749	0
1104.15	0	.5117206	.1327476	.3555318	0
1103.15	0	.5110052	.1332066	.3557881	0
1102.15	0	.5102924	.1336638	.3560438	0
1101.15	0	.5095821	.134119	.3562989	0
1100.15	0	.5088742	.1345724	.3565534	0
1099.15	0	.5081688	.1350239	.3568073	0
1098.15	0	.5074659	.1354736	.3570605	0
1097.15	0	.5067655	.1359213	.3573132	0
1096.15	0	.5060676	.1363672	.3575652	0
1095.15	0	.5053722	.1368112	.3578166	0
1094.15	0	.5046792	.1372533	.3580675	0
1093.15	0	.5039887	.1376936	.3583177	0
1092.15	0	.5033008	.1381319	.3585673	0
1091.15	0	.5026152	.1385684	.3588164	0
1090.15	0	.5019322	.139003	.3590648	0
1089.15	0	.5012516	.1394358	.3593126	0
1088.15	0	.5005735	.1398666	.3595598	0
1087.15	0	.4998979	.1402956	.3598065	0
1086.15	0	.4992248	.1407227	.3600525	0
1085.15	0	.4985541	.1411479	.360298	0
1084.15	0	.4978859	.1415713	.3605428	0
1083.15	0	.4972201	.1419928	.3607871	0
1082.15	0	.4965569	.1424123	.3610308	0
1081.15	0	.4958961	.1428301	.3612739	0
1080.15	0	.4952377	.1432459	.3615164	0
1079.15	0	.4945819	.1436599	.3617583	0
1078.15	0	.4939285	.1440719	.3619996	0
1077.15	0	.4932775	.1444821	.3622404	0
1076.15	0	.492629	.1448905	.3624805	0
1075.15	0	.491983	.1452969	.3627201	0
1074.15	0	.4913394	.1457015	.3629591	0
1073.15	0	.4906983	.1461041	.3631975	0
1072.15	0	.4900597	.146505	.3634354	0
1071.15	0	.4894235	.1469039	.3636726	0
1070.15	0	.4887898	.1473009	.3639093	0
1069.15	0	.4881585	.1476961	.3641454	0
1068.15	0	.4875297	.1480894	.364381	0
1067.15	0	.4869033	.1484808	.3646159	0
1066.15	0	.4862794	.1488703	.3648503	0
1065.15	0	.485658	.1492579	.3650841	0
1064.15	0	.485039	.1496437	.3653173	0
1063.15	0	.4844224	.1500276	.36555	0
1062.15	0	.4838083	.1504096	.3657821	0
1061.15	0	.4831967	.1507897	.3660136	0
1060.15	0	.4825875	.1511679	.3662446	0
1059.15	0	.4819808	.1515442	.366475	0
1058.15	0	.4813765	.1519187	.3667048	0
1057.15	0	.4807747	.1522913	.366934	0
1056.15	0	.4801753	.152662	.3671627	0
1055.15	0	.4795784	.1530308	.3673909	0
1054.15	0	.4789839	.1533977	.3676184	0
1053.15	0	.4783919	.1537627	.3678454	0
1052.15	0	.4778023	.1541259	.3680718	0
1051.15	0	.4772152	.1544871	.3682977	0
1050.15	0	.4766305	.1548465	.368523	0
1049.15	0	.4760483	.155204	.3687477	0
1048.15	0	.4754685	.1555596	.3689719	0
1047.15	0	.4748912	.1559133	.3691955	0
1046.15	0	.4743163	.1562651	.3694186	0
1045.15	0	.4737438	.1566151	.3696411	0
1044.15	0	.4731739	.1569631	.369863	0
1043.15	0	.4726063	.1573093	.3700844	0
1042.15	0	.4720412	.1576536	.3703052	0
1041.15	0	.4714786	.1579959	.3705255	0
1040.15	0	.4709184	.1583364	.3707452	0
1039.15	0	.4703606	.1586751	.3709643	0
1038.15	0	.4698053	.1590118	.3711829	0
1037.15	0	.4692525	.1593466	.371401	0
1036.15	0	.468702	.1596795	.3716184	0
1035.15	0	.4681541	.1600106	.3718353	0
1034.15	0	.4676086	.1603397	.3720517	0
1033.15	0	.4670655	.160667	.3722675	0
1032.15	0	.4665249	.1609924	.3724828	0
1031.15	0	.4659867	.1613159	.3726974	0
1030.15	0	.4654509	.1616375	.3729116	0
1029.15	0	.4649177	.1619572	.3731252	0
1028.15	0	.4643868	.162275	.3733382	0
1027.15	0	.4638584	.1625909	.3735507	0
1026.15	0	.4633325	.1629049	.3737626	0
1025.15	0	.462809	.1632171	.373974	0
1024.15	0	.4622879	.1635273	.3741848	0
1023.15	0	.4617693	.1638357	.374395	0
1022.15	0	.4612531	.1641422	.3746047	0
1021.15	0	.4607394	.1644467	.3748139	0
1020.15	0	.4602281	.1647494	.3750225	0
1019.15	0	.4597193	.1650502	.3752305	0
1018.15	0	.4592129	.1653491	.375438	0
1017.15	0	.458709	.1656462	.3756449	0
1016.15	0	.4582075	.1659413	.3758512	0
1015.15	0	.4577084	.1662345	.3760571	0
1014.15	0	.4572118	.1665259	.3762623	0
1013.15	0	.4567176	.1668154	.376467	0
1012.15	0	.4562259	.1671029	.3766711	0
1011.15	0	.4557366	.1673886	.3768747	0
1010.15	0	.4552498	.1676724	.3770777	0
1009.15	0	.4547654	.1679544	.3772802	0
1008.15	0	.4542835	.1682344	.3774821	0
1007.15	0	.453804	.1685126	.3776835	0
1006.15	0	.4533269	.1687888	.3778843	0
1005.15	0	.4528523	.1690632	.3780845	0
1004.15	0	.4523801	.1693357	.3782842	0
1003.15	0	.4519104	.1696063	.3784833	0
1002.15	0	.4514431	.1698751	.3786818	0
1001.15	0	.4509782	.1701419	.3788798	0
1000.15	0	.4505158	.1704069	.3790773	0
999.15	0	.4500558	.17067	.3792741	0
998.15	0	.4495983	.1709313	.3794704	0
997.15	0	.4491432	.1711906	.3796662	0
996.15	0	.4486906	.1714481	.3798613	0
995.15	0	.4482403	.1717038	.3800559	0
994.15	0	.4477925	.1719575	.38025	0
993.15	0	.4473472	.1722094	.3804434	0
992.15	0	.4469043	.1724594	.3806363	0
991.15	0	.4464638	.1727076	.3808286	0
990.15	0	.4460257	.1729539	.3810204	0
989.15	0	.4455901	.1731983	.3812116	0
988.15	0	.4451569	.1734409	.3814022	0
987.15	0	.4447261	.1736816	.3815923	0
986.15	0	.4442978	.1739205	.3817817	0
985.15	0	.4438719	.1741575	.3819706	0
984.15	0	.4434484	.1743926	.3821589	0
983.15	0	.4430274	.174626	.3823467	0
982.15	0	.4426087	.1748574	.3825338	0
981.15	0	.4421925	.1750871	.3827204	0
980.15	0	.4417787	.1753149	.3829064	0
979.15	0	.4413673	.1755408	.3830918	0
978.15	0	.4409584	.175765	.3832766	0
977.15	0	.4405518	.1759873	.3834609	0
976.15	0	.4401477	.1762078	.3836445	0
975.15	0	.439746	.1764264	.3838276	0
974.15	0	.4393467	.1766433	.3840101	0
973.15	0	.4389498	.1768583	.384192	0
972.15	0	.4385552	.1770715	.3843732	0
971.15	0	.4381631	.1772829	.3845539	0
970.15	0	.4377734	.1774926	.384734	0
969.15	0	.4373861	.1777004	.3849135	0
968.15	0	.4370012	.1779064	.3850924	0
967.15	0	.4366187	.1781107	.3852707	0
966.15	0	.4362385	.1783131	.3854484	0
965.15	0	.4358607	.1785138	.3856255	0
964.15	0	.4354854	.1787127	.3858019	0
963.15	0	.4351124	.1789099	.3859778	0
962.15	0	.4347417	.1791053	.386153	0
961.15	0	.4343735	.1792989	.3863277	0
960.15	0	.4340076	.1794908	.3865017	0
959.15	0	.433644	.1796809	.3866751	0
958.15	0	.4332828	.1798693	.3868478	0
957.15	0	.432924	.180056	.38702	0
956.15	0	.4325676	.180241	.3871915	0
955.15	0	.4322134	.1804242	.3873624	0
954.15	0	.4318616	.1806057	.3875326	0
953.15	0	.4315122	.1807856	.3877023	0
952.15	0	.4311651	.1809637	.3878712	0
951.15	0	.4308203	.1811401	.3880396	0
950.15	0	.4304778	.1813149	.3882073	0
949.15	0	.4301376	.181488	.3883744	0
948.15	0	.4297998	.1816595	.3885408	0
947.15	0	.4294642	.1818293	.3887065	0
946.15	0	.429131	.1819974	.3888716	0
945.15	0	.4288	.1821639	.3890361	0
944.15	0	.4284713	.1823288	.3891999	0
943.15	0	.4281449	.1824921	.389363	0
942.15	0	.4278207	.1826538	.3895254	0
941.15	0	.4274989	.1828139	.3896872	0
940.15	0	.4271792	.1829724	.3898483	0
939.15	0	.4268618	.1831294	.3900088	0
938.15	0	.4265467	.1832848	.3901685	0
937.15	0	.4262338	.1834386	.3903276	0
936.15	0	.4259231	.1835909	.390486	0
935.15	0	.4256146	.1837417	.3906437	0
934.15	0	.4253083	.183891	.3908007	0
933.15	0	.4250042	.1840388	.390957	0
932.15	0	.4247023	.1841851	.3911126	0
931.15	0	.4244026	.18433	.3912675	0
930.15	0	.424105	.1844734	.3914216	0
929.15	0	.4238096	.1846153	.3915751	0
928.15	0	.4235163	.1847558	.3917278	0
927.15	0	.4232252	.184895	.3918798	0
926.15	0	.4229362	.1850327	.3920311	0
925.15	0	.4226493	.1851691	.3921817	0
924.15	0	.4223644	.1853041	.3923315	0
923.15	0	.4220817	.1854377	.3924806	0
922.15	0	.421801	.1855701	.3926289	0
921.15	0	.4215224	.1857011	.3927765	0
920.15	0	.4212459	.1858309	.3929233	0
919.15	0	.4209713	.1859594	.3930693	0
918.15	0	.4206988	.1860866	.3932146	0
917.15	0	.4204283	.1862126	.3933591	0
916.15	0	.4201597	.1863374	.3935028	0
915.15	0	.4198931	.1864611	.3936458	0
914.15	0	.4196285	.1865835	.3937879	0
913.15	0	.4193658	.1867049	.3939293	0
912.15	0	.4191051	.1868251	.3940699	0
911.15	0	.4188462	.1869442	.3942096	0
910.15	0	.4185892	.1870622	.3943486	0
909.15	0	.4183341	.1871792	.3944867	0
908.15	0	.4180808	.1872952	.394624	0
907.15	0	.4178294	.1874102	.3947604	0
906.15	0	.4175798	.1875242	.394896	0
905.15	0	.4173319	.1876373	.3950308	0
904.15	0	.4170858	.1877495	.3951647	0
903.15	0	.4168415	.1878608	.3952978	0
902.15	0	.4165989	.1879712	.39543	0
901.15	0	.416358	.1880808	.3955613	0
900.15	0	.4161187	.1881896	.3956917	0
899.15	0	.4158811	.1882976	.3958212	0
898.15	0	.4156452	.188405	.3959499	0
897.15	0	.4154108	.1885116	.3960776	0
896.15	0	.415178	.1886175	.3962044	0
895.15	0	.4149468	.1887229	.3963303	0
894.15	0	.4147171	.1888276	.3964553	0
893.15	0	.4144889	.1889318	.3965793	0
892.15	0	.4142621	.1890354	.3967024	0
891.15	0	.4140369	.1891386	.3968245	0
890.15	0	.413813	.1892413	.3969457	0
889.15	0	.4135904	.1893437	.3970659	0
888.15	0	.4133693	.1894456	.3971851	0
887.15	0	.4131494	.1895473	.3973033	0
886.15	0	.4129309	.1896487	.3974205	0
885.15	0	.4127135	.1897498	.3975366	0
884.15	0	.4124974	.1898508	.3976518	0
883.15	0	.4122825	.1899516	.3977659	0
882.15	0	.4120687	.1900523	.397879	0
881.15	0	.411856	.190153	.397991	0
880.15	0	.4116444	.1902537	.3981019	0
879.15	0	.4114338	.1903545	.3982117	0
878.15	0	.4112242	.1904553	.3983205	0
877.15	0	.4110155	.1905564	.3984281	0
876.15	0	.4108078	.1906576	.3985346	0
875.15	0	.4106009	.1907591	.39864	0
874.15	0	.4103948	.190861	.3987442	0
873.15	0	.4101894	.1909633	.3988473	0
872.15	0	.4099848	.191066	.3989492	0
871.15	0	.4097809	.1911693	.3990499	0
870.15	0	.4095776	.1912731	.3991493	0
869.15	0	.4093748	.1913776	.3992476	0
868.15	0	.4091726	.1914828	.3993446	0
867.15	0	.4089708	.1915888	.3994404	0
866.15	0	.4087694	.1916957	.3995349	0
865.15	0	.4085684	.1918035	.3996281	0
864.15	0	.4083677	.1919124	.39972	0
863.15	0	.4081672	.1920223	.3998105	0
862.15	0	.4079668	.1921334	.3998997	0
861.15	0	.4077666	.1922458	.3999876	0
860.15	0	.4075664	.1923596	.4000741	0
859.15	0	.4073661	.1924748	.4001591	0
858.15	0	.4071658	.1925915	.4002427	0
857.15	0	.4069652	.1927099	.4003249	0
856.15	0	.4067644	.19283	.4004056	0
855.15	0	.4065633	.1929519	.4004848	0
854.15	0	.4063618	.1930758	.4005624	0
853.15	0	.4061597	.1932017	.4006385	0
852.15	0	.4059571	.1933298	.4007131	0
851.15	0	.4057538	.1934602	.400786	0
850.15	0	.4055498	.193593	.4008572	0
849.15	0	.4053448	.1937283	.4009268	0
848.15	0	.4051389	.1938663	.4009947	0
847.15	0	.404932	.1940071	.4010609	0
846.15	0	.4047239	.1941508	.4011253	0
845.15	0	.4045144	.1942977	.4011879	0
844.15	0	.4043036	.1944478	.4012486	0
843.15	0	.4040912	.1946013	.4013075	0
842.15	0	.4038772	.1947584	.4013644	0
841.15	0	.4036614	.1949193	.4014193	0
840.15	0	.4034437	.1950841	.4014723	0
839.15	0	.4032238	.195253	.4015231	0
838.15	0	.4030018	.1954264	.4015719	0
837.15	0	.4027773	.1956042	.4016184	0
836.15	0	.4025503	.1957869	.4016628	0
835.15	0	.4023206	.1959746	.4017048	0
834.15	0	.4020879	.1961676	.4017445	0
833.15	0	.4018521	.1963662	.4017818	0
832.15	0	.4016129	.1965705	.4018166	0
831.15	0	.4013701	.1967811	.4018488	0
830.15	0	.4011236	.196998	.4018784	0
829.15	0	.400873	.1972218	.4019052	0
828.15	0	.4006181	.1974527	.4019292	0
827.15	0	.4003585	.1976912	.4019503	0
826.15	0	.400094	.1979377	.4019683	0
825.15	0	.3998242	.1981925	.4019832	0
824.15	0	.3995489	.1984563	.4019949	0
823.15	0	.3992675	.1987294	.4020031	0
822.15	0	.3989797	.1990126	.4020078	0
821.15	0	.398685	.1993063	.4020088	0
820.15	0	.3983829	.1996112	.4020059	0
819.15	0	.3980729	.1999281	.4019989	0
818.15	0	.3977545	.2002578	.4019877	0
817.15	0	.3974268	.2006011	.4019721	0
816.15	0	.3970893	.200959	.4019516	0
815.15	0	.3967412	.2013326	.4019262	0
814.15	0	.3963815	.201723	.4018955	0
813.15	0	.3960092	.2021316	.4018592	0
812.15	0	.3956233	.2025599	.4018168	0
811.15	0	.3952225	.2030095	.401768	0
810.15	0	.3946141	.2037277	.4016581	0
809.15	0	.3937034	.2048381	.4014585	0
808.15	0	.392873	.20585	.401277	0
807.15	0	.3921117	.2067775	.4011108	0
806.15	0	.3914104	.2076319	.4009577	0
805.15	0	.3907618	.2084223	.400816	0
804.15	0	.39016	.2091559	.4006841	0
803.15	0	.3896	.2098392	.4005609	0
802.15	0	.3890776	.210477	.4004454	0
801.15	0	.3885891	.2110741	.4003368	0
800.15	0	.3881315	.211634	.4002344	0
799.15	0	.3877022	.2121602	.4001376	0
798.15	0	.3872986	.2126555	.4000458	0
797.15	0	.3869188	.2131225	.3999587	0
796.15	0	.3865608	.2135634	.3998758	0
795.15	0	.3862232	.2139802	.3997966	0
794.15	0	.3859042	.2143747	.3997211	0
793.15	0	.3856028	.2147485	.3996487	0
792.15	0	.3853175	.2151031	.3995794	0
791.15	0	.3850474	.2154398	.3995129	0
790.15	0	.3847914	.2157597	.3994489	0
789.15	0	.3845487	.216064	.3993873	0
788.15	0	.3843184	.2163537	.3993279	0
787.15	0	.3840997	.2166296	.3992707	0
786.15	0	.383892	.2168927	.3992153	0
785.15	0	.3836946	.2171437	.3991618	0
784.15	0	.3835069	.2173832	.3991099	0
783.15	0	.3833283	.2176121	.3990596	0
782.15	0	.3831583	.2178308	.3990109	0
781.15	0	.3829965	.21804	.3989635	0
780.15	0	.3828424	.2182402	.3989174	0
779.15	0	.3826956	.2184318	.3988726	0
778.15	0	.3825556	.2186154	.398829	0
777.15	0	.3824245	.2187896	.3987859	0
776.15	0	.3822971	.2189585	.3987444	0
775.15	0	.3821756	.2191205	.3987039	0
774.15	0	.3820596	.219276	.3986643	0
773.15	0	.381949	.2194254	.3986256	0
772.15	0	.3818433	.2195689	.3985877	0
771.15	0	.3817425	.2197069	.3985506	0
770.15	0	.3816462	.2198396	.3985143	0
769.15	0	.3815542	.2199672	.3984786	0
768.15	0	.3814663	.2200901	.3984436	0
767.15	0	.3813823	.2202085	.3984092	0
766.15	0	.381302	.2203225	.3983755	0
765.15	0	.3812253	.2204325	.3983423	0
764.15	0	.381152	.2205385	.3983096	0
763.15	0	.3810818	.2206408	.3982774	0
762.15	0	.3810147	.2207395	.3982458	0
761.15	0	.3809505	.2208349	.3982146	0
760.15	0	.3808891	.2209271	.3981838	0
759.15	0	.3808304	.2210162	.3981534	0
758.15	0	.3807742	.2211024	.3981235	0
757.15	0	.3807204	.2211858	.3980939	0
756.15	0	.3806688	.2212665	.3980647	0
755.15	0	.3806195	.2213447	.3980358	0
754.15	0	.3805723	.2214205	.3980072	0
753.15	0	.380527	.221494	.397979	0
752.15	0	.3804837	.2215653	.397951	0
751.15	0	.3804421	.2216345	.3979234	0
750.15	0	.3804023	.2217017	.397896	0
749.15	0	.3803641	.221767	.3978688	0
748.15	0	.3803276	.2218305	.3978419	0
747.15	0	.3802925	.2218923	.3978152	0
746.15	0	.3802588	.2219524	.3977888	0
745.15	0	.3802265	.222011	.3977625	0
744.15	0	.3801956	.222068	.3977364	0
743.15	0	.3801658	.2221236	.3977106	0
742.15	0	.3801373	.2221779	.3976849	0
741.15	0	.3801098	.2222308	.3976593	0
740.15	0	.3800835	.2222826	.397634	0
739.15	0	.3800581	.2223331	.3976088	0
738.15	0	.3800338	.2223825	.3975837	0
737.15	0	.3800104	.2224309	.3975588	0
736.15	0	.3799879	.2224782	.397534	0
735.15	0	.3799662	.2225245	.3975093	0
734.15	0	.3799453	.22257	.3974847	0
733.15	0	.3799252	.2226145	.3974603	0
732.15	0	.3799058	.2226583	.3974359	0
731.15	0	.3798871	.2227012	.3974117	0
730.15	0	.3798691	.2227434	.3973875	0
729.15	0	.3798517	.2227849	.3973635	0
728.15	0	.3798349	.2228257	.3973395	0
727.15	0	.3798186	.2228658	.3973156	0
726.15	0	.3798029	.2229053	.3972917	0
725.15	0	.3797877	.2229443	.397268	0
724.15	0	.379773	.2229827	.3972443	0
723.15	0	.3797587	.2230206	.3972207	0
722.15	0	.3797449	.223058	.3971971	0
721.15	0	.3797315	.2230949	.3971736	0
720.15	0	.3797185	.2231314	.3971501	0
719.15	0	.3797058	.2231675	.3971267	0
718.15	0	.3796935	.2232032	.3971033	0
717.15	0	.3796815	.2232385	.39708	0
716.15	0	.3796698	.2232735	.3970567	0
715.15	0	.3796584	.2233082	.3970334	0
714.15	0	.3796472	.2233426	.3970102	0
713.15	0	.3796364	.2233766	.396987	0
712.15	0	.3796257	.2234105	.3969638	0
711.15	0	.3796153	.2234441	.3969407	0
710.15	0	.3796051	.2234774	.3969175	0
709.15	0	.3795951	.2235105	.3968944	0
708.15	0	.3795852	.2235435	.3968713	0
707.15	0	.3795755	.2235762	.3968483	0
706.15	0	.379566	.2236088	.3968252	0
705.15	0	.3795566	.2236412	.3968021	0
704.15	0	.3795474	.2236735	.3967791	0
703.15	0	.3795382	.2237057	.3967561	0
702.15	0	.3795292	.2237378	.396733	0
701.15	0	.3795203	.2237697	.39671	0
700.15	0	.3795114	.2238016	.396687	0
699.15	0	.3795027	.2238334	.396664	0
698.15	0	.379494	.2238651	.3966409	0
697.15	0	.3794853	.2238967	.3966179	0
696.15	0	.3794768	.2239283	.3965949	0
695.15	0	.3794682	.2239599	.3965719	0
694.15	0	.3794597	.2239914	.3965488	0
693.15	0	.3794513	.2240229	.3965258	0
692.15	0	.3794428	.2240544	.3965027	0
691.15	0	.3794344	.2240859	.3964797	0
690.15	0	.379426	.2241174	.3964566	0
689.15	0	.3794176	.2241489	.3964335	0
688.15	0	.3794092	.2241804	.3964105	0
687.15	0	.3794007	.2242119	.3963874	0
686.15	0	.3793923	.2242435	.3963642	0
685.15	0	.3793838	.2242751	.3963411	0
684.15	0	.3793754	.2243067	.396318	0
683.15	0	.3793668	.2243383	.3962948	0
682.15	0	.3793583	.22437	.3962717	0
681.15	0	.3793497	.2244018	.3962485	0
680.15	0	.3793411	.2244336	.3962253	0
679.15	0	.3793324	.2244655	.396202	0
678.15	0	.3793237	.2244975	.3961788	0
677.15	0	.379315	.2245295	.3961555	0
676.15	0	.3793061	.2245616	.3961323	0
675.15	0	.3792973	.2245938	.396109	0
674.15	0	.3792883	.2246261	.3960856	0
673.15	0	.3792793	.2246584	.3960623	0
672.15	0	.3792702	.2246908	.3960389	0
671.15	0	.3792611	.2247234	.3960156	0
670.15	0	.3792518	.224756	.3959922	0
669.15	0	.3792425	.2247887	.3959687	0
668.15	0	.3792332	.2248216	.3959453	0
667.15	0	.3792237	.2248545	.3959218	0
666.15	0	.3792142	.2248875	.3958983	0
665.15	0	.3792045	.2249207	.3958748	0
664.15	0	.3791948	.2249539	.3958513	0
663.15	0	.379185	.2249873	.3958277	0
662.15	0	.3791751	.2250208	.3958041	0
661.15	0	.3791652	.2250544	.3957805	0
660.15	0	.3791551	.2250881	.3957569	0
659.15	0	.3791449	.2251219	.3957332	0
658.15	0	.3791346	.2251558	.3957095	0
657.15	0	.3791243	.2251899	.3956858	0
656.15	0	.3791138	.2252241	.3956621	0
655.15	0	.3791033	.2252584	.3956383	0
654.15	0	.3790926	.2252928	.3956146	0
653.15	0	.3790818	.2253274	.3955907	0
652.15	0	.379071	.2253621	.3955669	0
651.15	0	.37906	.2253969	.3955431	0
650.15	0	.3790489	.2254319	.3955192	0
649.15	0	.3790378	.2254669	.3954953	0
648.15	0	.3790265	.2255022	.3954714	0
647.15	0	.3790151	.2255375	.3954474	0
646.15	0	.3790036	.225573	.3954234	0
645.15	0	.378992	.2256086	.3953994	0
644.15	0	.3789803	.2256443	.3953754	0
643.15	0	.3789685	.2256801	.3953514	0
642.15	0	.3789566	.2257161	.3953273	0
641.15	0	.3789445	.2257522	.3953032	0
640.15	0	.3789324	.2257885	.3952791	0
639.15	0	.3789202	.2258249	.395255	0
638.15	0	.3789078	.2258614	.3952308	0
637.15	0	.3788953	.225898	.3952066	0
636.15	0	.3788828	.2259348	.3951824	0
635.15	0	.3788701	.2259717	.3951582	0
634.15	0	.3788573	.2260088	.3951339	0
633.15	0	.3788444	.226046	.3951096	0
632.15	0	.3788314	.2260833	.3950853	0
631.15	0	.3788183	.2261207	.395061	0
630.15	0	.3788051	.2261583	.3950367	0
629.15	0	.3787917	.226196	.3950123	0
628.15	0	.3787783	.2262338	.3949879	0
627.15	0	.3787648	.2262717	.3949635	0
626.15	0	.3787511	.2263098	.3949391	0
625.15	0	.3787374	.226348	.3949146	0
624.15	0	.3787235	.2263863	.3948902	0
623.15	0	.3787095	.2264248	.3948657	0
622.15	0	.3786954	.2264634	.3948412	0
621.15	0	.3786813	.2265021	.3948166	0
620.15	0	.378667	.2265409	.3947921	0
619.15	0	.3786526	.2265799	.3947675	0
618.15	0	.3786381	.226619	.3947429	0
617.15	0	.3786235	.2266582	.3947183	0
616.15	0	.3786088	.2266975	.3946937	0
615.15	0	.378594	.226737	.3946691	0
614.15	0	.378579	.2267766	.3946444	0
613.15	0	.378564	.2268162	.3946197	0
612.15	0	.3785489	.2268561	.394595	0
611.15	0	.3785337	.226896	.3945703	0
610.15	0	.3785184	.226936	.3945456	0
609.15	0	.3785029	.2269762	.3945209	0
608.15	0	.3784874	.2270165	.3944961	0
607.15	0	.3784718	.2270569	.3944713	0
606.15	0	.3784561	.2270974	.3944466	0
605.15	0	.3784403	.227138	.3944218	0
604.15	0	.3784243	.2271787	.3943969	0
603.15	0	.3784083	.2272196	.3943721	0
602.15	0	.3783922	.2272605	.3943473	0
601.15	0	.378376	.2273016	.3943224	0
600.15	0	.3783597	.2273427	.3942975	0
599.15	0	.3783433	.227384	.3942727	0
598.15	0	.3783268	.2274254	.3942478	0
597.15	0	.3783103	.2274669	.3942229	0
596.15	0	.3782936	.2275085	.394198	0
595.15	0	.3782768	.2275502	.394173	0
594.15	0	.37826	.2275919	.3941481	0
593.15	0	.378243	.2276338	.3941231	0
592.15	0	.378226	.2276758	.3940982	0
591.15	0	.3782089	.2277179	.3940732	0
590.15	0	.3781917	.2277601	.3940482	0
589.15	0	.3781744	.2278024	.3940233	0
588.15	0	.378157	.2278448	.3939983	0
587.15	0	.3781395	.2278872	.3939733	0
586.15	0	.3781219	.2279298	.3939483	0
585.15	0	.3781043	.2279724	.3939233	0
584.15	0	.3780866	.2280152	.3938982	0
583.15	0	.3780688	.228058	.3938732	0
582.15	0	.3780509	.228101	.3938482	0
581.15	0	.3780329	.228144	.3938231	0
580.15	0	.3780149	.2281871	.3937981	0
579.15	0	.3779967	.2282302	.393773	0
578.15	0	.3779785	.2282735	.393748	0
577.15	0	.3779602	.2283169	.3937229	0
576.15	0	.3779418	.2283603	.3936979	0
575.15	0	.3779234	.2284038	.3936728	0
574.15	0	.3779049	.2284474	.3936478	0
573.15	0	.3778863	.228491	.3936227	0
572.15	0	.3778676	.2285348	.3935976	0
571.15	0	.3778489	.2285786	.3935726	0
570.15	0	.37783	.2286225	.3935475	0
569.15	0	.3778111	.2286664	.3935224	0
568.15	0	.3777922	.2287105	.3934974	0
567.15	0	.3777731	.2287546	.3934723	0
566.15	0	.377754	.2287988	.3934472	0
565.15	0	.3777348	.228843	.3934222	0
564.15	0	.3777156	.2288873	.3933971	0
563.15	0	.3776963	.2289317	.393372	0
562.15	0	.3776769	.2289761	.393347	0
561.15	0	.3776574	.2290206	.3933219	0
560.15	0	.3776379	.2290652	.3932969	0
559.15	0	.3776183	.2291098	.3932719	0
558.15	0	.3775987	.2291545	.3932468	0
557.15	0	.377579	.2291993	.3932218	0
556.15	0	.3775592	.2292441	.3931967	0
555.15	0	.3775394	.2292889	.3931717	0
554.15	0	.3775195	.2293338	.3931467	0
553.15	0	.3774995	.2293788	.3931217	0
552.15	0	.3774795	.2294238	.3930967	0
551.15	0	.3774594	.2294689	.3930717	0
550.15	0	.3774393	.229514	.3930467	0
549.15	0	.3774191	.2295592	.3930217	0
548.15	0	.3773988	.2296044	.3929968	0
547.15	0	.3773785	.2296497	.3929718	0
546.15	0	.3773582	.229695	.3929469	0
545.15	0	.3773378	.2297403	.3929219	0
544.15	0	.3773173	.2297857	.392897	0
543.15	0	.3772968	.2298312	.3928721	0
542.15	0	.3772762	.2298766	.3928472	0
541.15	0	.3772556	.2299221	.3928223	0
540.15	0	.3772349	.2299677	.3927974	0
539.15	0	.3772141	.2300133	.3927726	0
538.15	0	.3771934	.2300589	.3927477	0
537.15	0	.3771725	.2301046	.3927229	0
536.15	0	.3771517	.2301503	.3926981	0
535.15	0	.3771307	.230196	.3926733	0
534.15	0	.3771098	.2302418	.3926485	0
533.15	0	.3770887	.2302876	.3926237	0
532.15	0	.3770677	.2303334	.3925989	0
531.15	0	.3770466	.2303792	.3925742	0
530.15	0	.3770254	.2304251	.3925495	0
529.15	0	.3770042	.230471	.3925248	0
528.15	0	.376983	.2305169	.3925001	0
527.15	0	.3769617	.2305629	.3924754	0
526.15	0	.3769404	.2306089	.3924508	0
525.15	0	.376919	.2306548	.3924262	0
524.15	0	.3768976	.2307009	.3924015	0
523.15	0	.3768762	.2307469	.392377	0
522.15	0	.3768547	.2307929	.3923524	0
521.15	0	.3768332	.230839	.3923279	0
520.15	0	.3768116	.2308851	.3923033	0
519.15	0	.37679	.2309312	.3922788	0
518.15	0	.3767684	.2309773	.3922544	0
517.15	0	.3767467	.2310234	.3922299	0
516.15	0	.376725	.2310695	.3922055	0
515.15	0	.3767034	.2311156	.392181	0
514.15	0	.3766816	.2311618	.3921566	0
513.15	0	.3766598	.2312079	.3921322	0
512.15	0	.376638	.2312541	.3921079	0
511.15	0	.3766161	.2313003	.3920836	0
510.15	0	.3765942	.2313464	.3920593	0
509.15	0	.3765723	.2313926	.3920351	0
508.15	0	.3765504	.2314388	.3920109	0
507.15	0	.3765284	.2314849	.3919867	0
506.15	0	.3765064	.2315311	.3919625	0
505.15	0	.3764843	.2315773	.3919384	0
504.15	0	.3764623	.2316234	.3919143	0
503.15	0	.3764402	.2316696	.3918902	0
502.15	0	.3764181	.2317158	.3918662	0
501.15	0	.3763959	.2317619	.3918422	0
500.15	0	.3763738	.2318081	.3918182	0
499.15	0	.3763516	.2318542	.3917942	0
498.15	0	.3763294	.2319003	.3917703	0
497.15	0	.3763071	.2319465	.3917464	0
496.15	0	.3762849	.2319926	.3917226	0
495.15	0	.3762626	.2320387	.3916987	0
494.15	0	.3762403	.2320848	.391675	0
493.15	0	.376218	.2321308	.3916512	0
492.15	0	.3761956	.2321769	.3916275	0
491.15	0	.3761733	.2322229	.3916038	0
490.15	0	.3761509	.2322689	.3915802	0
489.15	0	.3761285	.2323149	.3915566	0
488.15	0	.3761061	.2323609	.391533	0
487.15	0	.3760836	.2324069	.3915095	0
486.15	0	.3760612	.2324528	.391486	0
485.15	0	.3760387	.2324987	.3914625	0
484.15	0	.3760163	.2325446	.3914391	0
483.15	0	.3759938	.2325905	.3914157	0
482.15	0	.3759713	.2326363	.3913924	0
481.15	0	.3759488	.2326822	.3913691	0
480.15	0	.3759262	.232728	.3913458	0
479.15	0	.3759037	.2327737	.3913226	0
478.15	0	.3758811	.2328195	.3912994	0
477.15	0	.3758586	.2328652	.3912763	0
476.15	0	.375836	.2329108	.3912532	0
475.15	0	.3758134	.2329565	.3912301	0
474.15	0	.3757908	.2330021	.3912071	0
473.15	0	.3757682	.2330477	.3911842	0
472.15	0	.3757455	.2330932	.3911613	0
471.15	0	.3757229	.2331387	.3911384	0
470.15	0	.3757003	.2331842	.3911155	0
469.15	0	.3756777	.2332296	.3910928	0
468.15	0	.375655	.233275	.39107	0
467.15	0	.3756324	.2333203	.3910473	0
466.15	0	.3756097	.2333656	.3910247	0
465.15	0	.375587	.2334109	.3910021	0
464.15	0	.3755644	.2334561	.3909795	0
463.15	0	.3755417	.2335013	.390957	0
462.15	0	.375519	.2335465	.3909345	0
461.15	0	.3754963	.2335916	.3909121	0
460.15	0	.3754736	.2336366	.3908898	0
459.15	0	.375451	.2336816	.3908674	0
458.15	0	.3754283	.2337265	.3908452	0
457.15	0	.3754056	.2337715	.390823	0
456.15	0	.3753829	.2338163	.3908008	0
455.15	0	.3753602	.2338611	.3907787	0
454.15	0	.3753375	.2339059	.3907566	0
453.15	0	.3753148	.2339506	.3907346	0
452.15	0	.3752922	.2339952	.3907126	0
451.15	0	.3752695	.2340398	.3906907	0
450.15	0	.3752468	.2340843	.3906689	0
449.15	0	.3752241	.2341288	.3906471	0
448.15	0	.3752015	.2341732	.3906254	0
447.15	0	.3751788	.2342175	.3906037	0
446.15	0	.3751562	.2342618	.3905821	0
445.15	0	.3751336	.2343059	.3905605	0
444.15	0	.375111	.2343501	.390539	0
443.15	0	.3750884	.2343941	.3905175	0
442.15	0	.3750658	.234438	.3904962	0
441.15	0	.3750433	.2344819	.3904748	0
440.15	0	.3750207	.2345257	.3904536	0
439.15	0	.3749982	.2345694	.3904324	0
