T	 BPW(LIQUID)	BPW(BCC_A2)	BPW(FCC_A1)	BPW(LAVES_PHASE_C14)	BPW(NI3TI)
1473.15	0	1	0	0	0
1472.15	0	1	0	0	0
1471.15	0	1	0	0	0
1470.15	0	1	0	0	0
1469.15	0	1	0	0	0
1468.15	0	1	0	0	0
1467.15	0	1	0	0	0
1466.15	0	1	0	0	0
1465.15	0	1	0	0	0
1464.15	0	1	0	0	0
1463.15	0	1	0	0	0
1462.15	0	1	0	0	0
1461.15	0	1	0	0	0
1460.15	0	1	0	0	0
1459.15	0	1	0	0	0
1458.15	0	1	0	0	0
1457.15	0	1	0	0	0
1456.15	0	1	0	0	0
1455.15	0	1	0	0	0
1454.15	0	1	0	0	0
1453.15	0	1	0	0	0
1452.15	0	1	0	0	0
1451.15	0	1	0	0	0
1450.15	0	1	0	0	0
1449.15	0	1	0	0	0
1448.15	0	1	0	0	0
1447.15	0	1	0	0	0
1446.15	0	1	0	0	0
1445.15	0	1	0	0	0
1444.15	0	1	0	0	0
1443.15	0	1	0	0	0
1442.15	0	1	0	0	0
1441.15	0	1	0	0	0
1440.15	0	1	0	0	0
1439.15	0	1	0	0	0
1438.15	0	1	0	0	0
1437.15	0	1	0	0	0
1436.15	0	1	0	0	0
1435.15	0	1	0	0	0
1434.15	0	1	0	0	0
1433.15	0	1	0	0	0
1432.15	0	1	0	0	0
1431.15	0	1	0	0	0
1430.15	0	1	0	0	0
1429.15	0	1	0	0	0
1428.15	0	1	0	0	0
1427.15	0	1	0	0	0
1426.15	0	1	0	0	0
1425.15	0	1	0	0	0
1424.15	0	1	0	0	0
1423.15	0	1	0	0	0
1422.15	0	1	0	0	0
1421.15	0	1	0	0	0
1420.15	0	1	0	0	0
1419.15	0	1	0	0	0
1418.15	0	1	0	0	0
1417.15	0	1	0	0	0
1416.15	0	1	0	0	0
1415.15	0	1	0	0	0
1414.15	0	1	0	0	0
1413.15	0	1	0	0	0
1412.15	0	1	0	0	0
1411.15	0	1	0	0	0
1410.15	0	1	0	0	0
1409.15	0	1	0	0	0
1408.15	0	1	0	0	0
1407.15	0	1	0	0	0
1406.15	0	1	0	0	0
1405.15	0	1	0	0	0
1404.15	0	1	0	0	0
1403.15	0	1	0	0	0
1402.15	0	1	0	0	0
1401.15	0	1	0	0	0
1400.15	0	1	0	0	0
1399.15	0	1	0	0	0
1398.15	0	1	0	0	0
1397.15	0	1	0	0	0
1396.15	0	1	0	0	0
1395.15	0	1	0	0	0
1394.15	0	1	0	0	0
1393.15	0	1	0	0	0
1392.15	0	1	0	0	0
1391.15	0	1	0	0	0
1390.15	0	1	0	0	0
1389.15	0	1	0	0	0
1388.15	0	1	0	0	0
1387.15	0	1	0	0	0
1386.15	0	1	0	0	0
1385.15	0	1	0	0	0
1384.15	0	1	0	0	0
1383.15	0	1	0	0	0
1382.15	0	1	0	0	0
1381.15	0	1	0	0	0
1380.15	0	1	0	0	0
1379.15	0	1	0	0	0
1378.15	0	1	0	0	0
1377.15	0	1	0	0	0
1376.15	0	1	0	0	0
1375.15	0	1	0	0	0
1374.15	0	1	0	0	0
1373.15	0	1	0	0	0
1372.15	0	1	0	0	0
1371.15	0	1	0	0	0
1370.15	0	1	0	0	0
1369.15	0	1	0	0	0
1368.15	0	1	0	0	0
1367.15	0	1	0	0	0
1366.15	0	1	0	0	0
1365.15	0	1	0	0	0
1364.15	0	1	0	0	0
1363.15	0	1	0	0	0
1362.15	0	1	0	0	0
1361.15	0	1	0	0	0
1360.15	0	1	0	0	0
1359.15	0	1	0	0	0
1358.15	0	1	0	0	0
1357.15	0	1	0	0	0
1356.15	0	1	0	0	0
1355.15	0	1	0	0	0
1354.15	0	1	0	0	0
1353.15	0	1	0	0	0
1352.15	0	1	0	0	0
1351.15	0	1	0	0	0
1350.15	0	1	0	0	0
1349.15	0	1	0	0	0
1348.15	0	1	0	0	0
1347.15	0	1	0	0	0
1346.15	0	1	0	0	0
1345.15	0	1	0	0	0
1344.15	0	1	0	0	0
1343.15	0	1	0	0	0
1342.15	0	1	0	0	0
1341.15	0	1	0	0	0
1340.15	0	1	0	0	0
1339.15	0	1	0	0	0
1338.15	0	1	0	0	0
1337.15	0	1	0	0	0
1336.15	0	1	0	0	0
1335.15	0	1	0	0	0
1334.15	0	1	0	0	0
1333.15	0	1	0	0	0
1332.15	0	1	0	0	0
1331.15	0	1	0	0	0
1330.15	0	1	0	0	0
1329.15	0	1	0	0	0
1328.15	0	1	0	0	0
1327.15	0	1	0	0	0
1326.15	0	1	0	0	0
1325.15	0	1	0	0	0
1324.15	0	1	0	0	0
1323.15	0	1	0	0	0
1322.15	0	1	0	0	0
1321.15	0	1	0	0	0
1320.15	0	1	0	0	0
1319.15	0	1	0	0	0
1318.15	0	1	0	0	0
1317.15	0	1	0	0	0
1316.15	0	1	0	0	0
1315.15	0	1	0	0	0
1314.15	0	1	0	0	0
1313.15	0	1	0	0	0
1312.15	0	1	0	0	0
1311.15	0	1	0	0	0
1310.15	0	1	0	0	0
1309.15	0	1	0	0	0
1308.15	0	1	0	0	0
1307.15	0	1	0	0	0
1306.15	0	1	0	0	0
1305.15	0	1	0	0	0
1304.15	0	1	0	0	0
1303.15	0	1	0	0	0
1302.15	0	1	0	0	0
1301.15	0	1	0	0	0
1300.15	0	1	0	0	0
1299.15	0	1	0	0	0
1298.15	0	1	0	0	0
1297.15	0	1	0	0	0
1296.15	0	1	0	0	0
1295.15	0	1	0	0	0
1294.15	0	1	0	0	0
1293.15	0	1	0	0	0
1292.15	0	1	0	0	0
1291.15	0	1	0	0	0
1290.15	0	1	0	0	0
1289.15	0	1	0	0	0
1288.15	0	1	0	0	0
1287.15	0	1	0	0	0
1286.15	0	1	0	0	0
1285.15	0	1	0	0	0
1284.15	0	1	0	0	0
1283.15	0	1	0	0	0
1282.15	0	1	0	0	0
1281.15	0	1	0	0	0
1280.15	0	1	0	0	0
1279.15	0	1	0	0	0
1278.15	0	1	0	0	0
1277.15	0	1	0	0	0
1276.15	0	1	0	0	0
1275.15	0	1	0	0	0
1274.15	0	1	0	0	0
1273.15	0	1	0	0	0
1272.15	0	1	0	0	0
1271.15	0	1	0	0	0
1270.15	0	1	0	0	0
1269.15	0	1	0	0	0
1268.15	0	1	0	0	0
1267.15	0	1	0	0	0
1266.15	0	1	0	0	0
1265.15	0	1	0	0	0
1264.15	0	1	0	0	0
1263.15	0	1	0	0	0
1262.15	0	1	0	0	0
1261.15	0	1	0	0	0
1260.15	0	1	0	0	0
1259.15	0	1	0	0	0
1258.15	0	1	0	0	0
1257.15	0	1	0	0	0
1256.15	0	1	0	0	0
1255.15	0	1	0	0	0
1254.15	0	1	0	0	0
1253.15	0	1	0	0	0
1252.15	0	1	0	0	0
1251.15	0	1	0	0	0
1250.15	0	1	0	0	0
1249.15	0	1	0	0	0
1248.15	0	1	0	0	0
1247.15	0	1	0	0	0
1246.15	0	1	0	0	0
1245.15	0	1	0	0	0
1244.15	0	1	0	0	0
1243.15	0	1	0	0	0
1242.15	0	1	0	0	0
1241.15	0	1	0	0	0
1240.15	0	1	0	0	0
1239.15	0	1	0	0	0
1238.15	0	1	0	0	0
1237.15	0	1	0	0	0
1236.15	0	1	0	0	0
1235.15	0	1	0	0	0
1234.15	0	1	0	0	0
1233.15	0	1	0	0	0
1232.15	0	1	0	0	0
1231.15	0	1	0	0	0
1230.15	0	1	0	0	0
1229.15	0	1	0	0	0
1228.15	0	1	0	0	0
1227.15	0	1	0	0	0
1226.15	0	1	0	0	0
1225.15	0	1	0	0	0
1224.15	0	1	0	0	0
1223.15	0	1	0	0	0
1222.15	0	1	0	0	0
1221.15	0	1	0	0	0
1220.15	0	1	0	0	0
1219.15	0	1	0	0	0
1218.15	0	1	0	0	0
1217.15	0	1	0	0	0
1216.15	0	1	0	0	0
1215.15	0	1	0	0	0
1214.15	0	1	0	0	0
1213.15	0	1	0	0	0
1212.15	0	1	0	0	0
1211.15	0	1	0	0	0
1210.15	0	1	0	0	0
1209.15	0	1	0	0	0
1208.15	0	1	0	0	0
1207.15	0	1	0	0	0
1206.15	0	1	0	0	0
1205.15	0	1	0	0	0
1204.15	0	1	0	0	0
1203.15	0	1	0	0	0
1202.15	0	1	0	0	0
1201.15	0	1	0	0	0
1200.15	0	1	0	0	0
1199.15	0	1	0	0	0
1198.15	0	1	0	0	0
1197.15	0	1	0	0	0
1196.15	0	1	0	0	0
1195.15	0	1	0	0	0
1194.15	0	1	0	0	0
1193.15	0	1	0	0	0
1192.15	0	1	0	0	0
1191.15	0	1	0	0	0
1190.15	0	1	0	0	0
1190.085	0	1	0	0	0
1190.085	0	1	0	0	0
1190.085	0	1	0	0	0
1189.15	0	.9987802	.001219826	0	0
1188.15	0	.9974778	.002522162	0	0
1187.15	0	.9961785	.003821545	0	0
1186.15	0	.994882	.005117968	0	0
1185.15	0	.9935886	.006411427	0	0
1184.15	0	.9922981	.007701918	0	0
1183.15	0	.9910106	.008989434	0	0
1182.15	0	.989726	.01027397	0	0
1181.15	0	.9884445	.01155552	0	0
1180.15	0	.9871659	.01283409	0	0
1179.15	0	.9858904	.01410965	0	0
1178.15	0	.9846178	.01538222	0	0
1177.15	0	.9833482	.01665178	0	0
1176.15	0	.9820817	.01791833	0	0
1175.15	0	.9808181	.01918186	0	0
1174.15	0	.9795576	.02044236	0	0
1173.15	0	.9783002	.02169984	0	0
1172.15	0	.9770457	.02295429	0	0
1171.15	0	.9757943	.02420569	0	0
1170.15	0	.974546	.02545405	0	0
1169.15	0	.9733006	.02669936	0	0
1168.15	0	.9720584	.0279416	0	0
1167.15	0	.9708192	.02918079	0	0
1166.15	0	.9695831	.0304169	0	0
1165.15	0	.9683501	.03164994	0	0
1164.15	0	.9671201	.03287989	0	0
1163.15	0	.9658933	.03410676	0	0
1162.15	0	.9646695	.03533052	0	0
1161.15	0	.9634488	.03655119	0	0
1160.15	0	.9622312	.03776875	0	0
1159.15	0	.9610168	.03898319	0	0
1158.15	0	.9598055	.04019452	0	0
1157.15	0	.9585973	.04140271	0	0
1156.15	0	.9573922	.04260777	0	0
1155.15	0	.9561903	.04380969	0	0
1154.15	0	.9549915	.0450085	0	0
1153.15	0	.9537959	.04620411	0	0
1152.15	0	.9526034	.04739656	0	0
1151.15	0	.9514142	.04858585	0	0
1150.15	0	.950228	.04977195	0	0
1149.15	0	.9490451	.05095488	0	0
1148.15	0	.9478654	.05213461	0	0
1147.15	0	.9466889	.05331115	0	0
1146.15	0	.9455155	.05448448	0	0
1145.15	0	.9443454	.0556546	0	0
1144.15	0	.9431785	.0568215	0	0
1143.15	0	.9420148	.05798517	0	0
1142.15	0	.9408544	.05914561	0	0
1141.15	0	.9396972	.06030281	0	0
1140.15	0	.9385433	.06145675	0	0
1139.15	0	.9373926	.06260744	0	0
1138.15	0	.9362451	.06375486	0	0
1137.15	0	.935101	.06489901	0	0
1136.15	0	.9339601	.06603987	0	0
1135.15	0	.9328226	.06717745	0	0
1134.15	0	.9316883	.06831173	0	0
1133.15	0	.9305573	.06944271	0	0
1132.15	0	.9294296	.07057037	0	0
1131.15	0	.9283053	.07169471	0	0
1130.15	0	.9271843	.07281572	0	0
1129.15	0	.9260666	.07393339	0	0
1128.15	0	.9249523	.07504771	0	0
1127.15	0	.9238413	.07615868	0	0
1126.15	0	.9227337	.07726629	0	0
1125.15	0	.9216295	.07837052	0	0
1124.15	0	.9205286	.07947137	0	0
1123.15	0	.9194312	.08056883	0	0
1122.15	0	.9183371	.08166289	0	0
1121.15	0	.9172465	.08275354	0	0
1120.15	0	.9161592	.08384078	0	0
1119.15	0	.9150754	.08492459	0	0
1118.15	0	.913995	.08600497	0	0
1117.15	0	.9129181	.0870819	0	0
1116.15	0	.9118446	.08815538	0	0
1115.15	0	.9107746	.0892254	0	0
1114.15	0	.9097081	.09029195	0	0
1113.15	0	.908645	.09135501	0	0
1112.15	0	.9075854	.09241459	0	0
1111.15	0	.9065293	.09347067	0	0
1110.15	0	.9054768	.09452323	0	0
1109.15	0	.9044277	.09557228	0	0
1108.15	0	.9033822	.0966178	0	0
1107.15	0	.9023402	.09765978	0	0
1106.15	0	.9013018	.09869821	0	0
1105.15	0	.9002669	.09973309	0	0
1104.15	0	.8992356	.1007644	0	0
1103.15	0	.8982079	.1017921	0	0
1102.15	0	.8971837	.1028163	0	0
1101.15	0	.8961632	.1038368	0	0
1100.15	0	.8951463	.1048537	0	0
1099.15	0	.8941329	.1058671	0	0
1098.15	0	.8931232	.1068768	0	0
1097.15	0	.8921172	.1078828	0	0
1096.15	0	.8911148	.1088852	0	0
1095.15	0	.890116	.109884	0	0
1094.15	0	.889121	.110879	0	0
1093.15	0	.8881296	.1118704	0	0
1092.15	0	.8871419	.1128581	0	0
1091.15	0	.8861579	.1138421	0	0
1090.15	0	.8851776	.1148224	0	0
1089.15	0	.884201	.115799	0	0
1088.15	0	.8832282	.1167718	0	0
1087.15	0	.8822591	.1177409	0	0
1086.15	0	.8812938	.1187062	0	0
1085.15	0	.8803322	.1196678	0	0
1084.15	0	.8793744	.1206256	0	0
1083.15	0	.8784204	.1215796	0	0
1082.15	0	.8774702	.1225298	0	0
1081.15	0	.8765238	.1234762	0	0
1080.15	0	.8755813	.1244187	0	0
1079.15	0	.8746426	.1253575	0	0
1078.15	0	.8737077	.1262923	0	0
1077.15	0	.8727766	.1272234	0	0
1076.15	0	.8718495	.1281505	0	0
1075.15	0	.8709262	.1290738	0	0
1074.15	0	.8700068	.1299932	0	0
1073.15	0	.8690913	.1309087	0	0
1072.15	0	.8681797	.1318203	0	0
1071.15	0	.8672721	.1327279	0	0
1070.15	0	.8663683	.1336317	0	0
1069.15	0	.8654686	.1345314	0	0
1068.15	0	.8645728	.1354272	0	0
1067.15	0	.8636809	.1363191	0	0
1066.15	0	.8627931	.1372069	0	0
1065.15	0	.8619092	.1380908	0	0
1064.15	0	.8610293	.1389707	0	0
1063.15	0	.8601535	.1398465	0	0
1062.15	0	.8592817	.1407183	0	0
1061.15	0	.8584139	.1415861	0	0
1060.15	0	.8575502	.1424498	0	0
1059.15	0	.8566906	.1433094	0	0
1058.15	0	.855835	.144165	0	0
1057.15	0	.8549835	.1450165	0	0
1056.15	0	.8541362	.1458638	0	0
1055.15	0	.8532929	.1467071	0	0
1054.15	0	.8524538	.1475462	0	0
1053.15	0	.8516188	.1483812	0	0
1052.15	0	.8507879	.1492121	0	0
1051.15	0	.8499612	.1500388	0	0
1050.15	0	.8491387	.1508613	0	0
1049.15	0	.8483204	.1516796	0	0
1048.15	0	.8475063	.1524937	0	0
1047.15	0	.8466964	.1533037	0	0
1046.15	0	.8458907	.1541093	0	0
1045.15	0	.8450892	.1549108	0	0
1044.15	0	.844292	.155708	0	0
1043.15	0	.843499	.156501	0	0
1042.15	0	.8427103	.1572897	0	0
1041.15	0	.8419259	.1580741	0	0
1040.15	0	.8411458	.1588542	0	0
1039.15	0	.84037	.15963	0	0
1038.15	0	.8395985	.1604015	0	0
1037.15	0	.8388313	.1611687	0	0
1036.15	0	.8380685	.1619315	0	0
1035.15	0	.8373101	.1626899	0	0
1034.15	0	.8365559	.1634441	0	0
1033.15	0	.8358062	.1641938	0	0
1032.611	0	.8354038	.1645962	0	0
1032.611	0	.8354038	.1645962	0	0
1032.611	0	.8354038	.1645962	0	0
1032.15	0	.8349733	.1648775	1.491853E-04	0
1031.15	0	.8340427	.1654851	4.72178E-04	0
1030.15	0	.8331171	.1660887	7.941953E-04	0
1029.15	0	.8321964	.1666883	.001115237	0
1028.15	0	.8312808	.1672839	.001435302	0
1027.15	0	.8303702	.1678755	.001754392	0
1026.15	0	.8294645	.168463	.002072504	0
1025.15	0	.8285639	.1690465	.00238964	0
1024.15	0	.8276683	.1696259	.002705799	0
1023.15	0	.8267777	.1702014	.003020979	0
1022.15	0	.8258921	.1707727	.003335182	0
1021.15	0	.8250115	.1713401	.003648405	0
1020.15	0	.824136	.1719033	.003960649	0
1019.15	0	.8232656	.1724625	.004271912	0
1018.15	0	.8224001	.1730177	.004582195	0
1017.15	0	.8215397	.1735688	.004891496	0
1016.15	0	.8206844	.1741158	.005199814	0
1015.15	0	.8198341	.1746587	.005507149	0
1014.15	0	.8189889	.1751976	.0058135	0
1013.15	0	.8181488	.1757324	.006118865	0
1012.15	0	.8173137	.176263	.006423244	0
1011.15	0	.8164837	.1767896	.006726636	0
1010.15	0	.8156588	.1773121	.007029039	0
1009.15	0	.814839	.1778305	.007330452	0
1008.15	0	.8140243	.1783448	.007630874	0
1007.15	0	.8132147	.178855	.007930304	0
1006.15	0	.8124101	.1793611	.00822874	0
1005.15	0	.8116107	.1798631	.008526182	0
1004.15	0	.8108164	.180361	.008822626	0
1003.15	0	.8100272	.1808548	.009118072	0
1002.15	0	.8092431	.1813444	.009412519	0
1001.15	0	.8084641	.1818299	.009705964	0
1000.15	0	.8076903	.1823113	.009998406	0
999.15	0	.8069215	.1827886	.01028984	0
998.15	0	.806158	.1832618	.01058027	0
997.15	0	.8053995	.1837308	.01086969	0
996.15	0	.8046462	.1841957	.0111581	0
995.15	0	.803898	.1846565	.0114455	0
994.15	0	.8031549	.1851132	.01173188	0
993.15	0	.802417	.1855657	.01201725	0
992.15	0	.8016843	.1860141	.01230159	0
991.15	0	.8009567	.1864584	.01258491	0
990.15	0	.8002342	.1868986	.01286721	0
989.15	0	.7995169	.1873346	.01314848	0
988.15	0	.7988047	.1877666	.01342872	0
987.15	0	.7980977	.1881944	.01370793	0
986.15	0	.7973959	.188618	.0139861	0
985.15	0	.7966992	.1890376	.01426324	0
984.15	0	.7960076	.189453	.01453933	0
983.15	0	.7953212	.1898644	.01481438	0
982.15	0	.79464	.1902716	.01508839	0
981.15	0	.7939639	.1906747	.01536134	0
980.15	0	.793293	.1910738	.01563324	0
979.15	0	.7926273	.1914687	.01590408	0
978.15	0	.7919666	.1918595	.01617386	0
977.15	0	.7913112	.1922462	.01644258	0
976.15	0	.7906609	.1926289	.01671022	0
975.15	0	.7900157	.1930075	.0169768	0
974.15	0	.7893757	.193382	.0172423	0
973.15	0	.7887408	.1937524	.01750672	0
972.15	0	.7881111	.1941189	.01777006	0
971.15	0	.7874865	.1944812	.01803231	0
970.15	0	.786867	.1948395	.01829347	0
969.15	0	.7862527	.1951938	.01855353	0
968.15	0	.7856435	.195544	.01881248	0
967.15	0	.7850394	.1958903	.01907034	0
966.15	0	.7844404	.1962325	.01932708	0
965.15	0	.7838466	.1965707	.0195827	0
964.15	0	.7832578	.196905	.01983721	0
963.15	0	.7826741	.1972353	.02009059	0
962.15	0	.7820955	.1975616	.02034284	0
961.15	0	.781522	.197884	.02059395	0
960.15	0	.7809536	.1982025	.02084392	0
959.15	0	.7803902	.198517	.02109274	0
958.15	0	.7798319	.1988277	.02134041	0
957.15	0	.7792786	.1991345	.02158691	0
956.15	0	.7787304	.1994374	.02183225	0
955.15	0	.7781872	.1997364	.02207642	0
954.15	0	.777649	.2000316	.02231941	0
953.15	0	.7771157	.2003231	.02256122	0
952.15	0	.7765875	.2006107	.02280183	0
951.15	0	.7760642	.2008945	.02304125	0
950.15	0	.7755459	.2011746	.02327946	0
949.15	0	.7750326	.201451	.02351645	0
948.15	0	.7745241	.2017236	.02375223	0
947.15	0	.7740206	.2019926	.02398677	0
946.15	0	.773522	.202258	.02422008	0
945.15	0	.7730282	.2025197	.02445215	0
944.15	0	.7725393	.2027778	.02468296	0
943.15	0	.7720552	.2030323	.02491252	0
942.15	0	.7715759	.2032833	.0251408	0
941.15	0	.7711014	.2035308	.02536781	0
940.15	0	.7706317	.2037748	.02559353	0
939.15	0	.7701668	.2040153	.02581795	0
938.15	0	.7697065	.2042524	.02604107	0
937.15	0	.7692509	.2044862	.02626287	0
936.15	0	.7688001	.2047166	.02648335	0
935.15	0	.7683538	.2049437	.02670249	0
934.15	0	.7679122	.2051676	.02692029	0
933.15	0	.7674751	.2053882	.02713673	0
932.15	0	.7670426	.2056056	.0273518	0
931.15	0	.7666146	.20582	.0275655	0
930.15	0	.766191	.2060312	.0277778	0
929.15	0	.7657719	.2062394	.02798871	0
928.15	0	.7653573	.2064445	.0281982	0
927.15	0	.764947	.2066468	.02840627	0
926.15	0	.764541	.2068461	.0286129	0
925.15	0	.7641393	.2070426	.02881807	0
924.15	0	.7637418	.2072364	.02902179	0
923.15	0	.7633486	.2074274	.02922402	0
922.15	0	.7629595	.2076157	.02942477	0
921.15	0	.7625745	.2078015	.02962401	0
920.15	0	.7621936	.2079847	.02982173	0
919.15	0	.7618167	.2081654	.03001791	0
918.15	0	.7614437	.2083438	.03021254	0
917.15	0	.7610746	.2085198	.03040561	0
916.15	0	.7607094	.2086935	.03059709	0
915.15	0	.7603479	.2088651	.03078698	0
914.15	0	.7599902	.2090346	.03097525	0
913.15	0	.7596361	.209202	.03116189	0
912.15	0	.7592856	.2093675	.03134687	0
911.15	0	.7589386	.2095312	.03153018	0
910.15	0	.7585951	.2096931	.03171181	0
909.15	0	.7582549	.2098533	.03189173	0
908.15	0	.7579181	.210012	.03206992	0
907.15	0	.7575844	.2101692	.03224636	0
906.15	0	.7572539	.210325	.03242103	0
905.15	0	.7569265	.2104796	.03259391	0
904.15	0	.756602	.210633	.03276498	0
903.15	0	.7562804	.2107854	.0329342	0
902.15	0	.7559616	.2109369	.03310157	0
901.15	0	.7556454	.2110875	.03326705	0
900.15	0	.7553318	.2112376	.03343063	0
899.15	0	.7550207	.211387	.03359227	0
898.15	0	.754712	.2115361	.03375194	0
897.15	0	.7544055	.2116849	.03390962	0
896.15	0	.7541011	.2118336	.03406529	0
895.15	0	.7537988	.2119823	.0342189	0
894.15	0	.7534983	.2121313	.03437044	0
893.15	0	.7531996	.2122805	.03451987	0
892.15	0	.7529025	.2124303	.03466716	0
891.15	0	.7526069	.2125809	.03481227	0
890.15	0	.7523126	.2127323	.03495517	0
889.15	0	.7520195	.2128847	.03509582	0
888.15	0	.7517274	.2130384	.03523419	0
887.15	0	.7514361	.2131936	.03537023	0
886.15	0	.7511456	.2133505	.03550392	0
885.15	0	.7508555	.2135093	.0356352	0
884.15	0	.7505658	.2136702	.03576403	0
883.15	0	.7502762	.2138334	.03589037	0
882.15	0	.7499865	.2139993	.03601417	0
881.15	0	.7496965	.2141681	.03613539	0
880.15	0	.7494061	.21434	.03625396	0
879.15	0	.7491149	.2145153	.03636985	0
878.15	0	.7488227	.2146943	.03648298	0
877.15	0	.7485293	.2148774	.03659332	0
876.15	0	.7482344	.2150648	.03670079	0
875.15	0	.7479378	.2152569	.03680533	0
874.15	0	.7476392	.215454	.03690688	0
873.15	0	.7473382	.2156565	.03700537	0
872.15	0	.7470345	.2158648	.03710072	0
871.15	0	.7467279	.2160793	.03719285	0
870.15	0	.7464179	.2163004	.0372817	0
869.15	0	.7461043	.2165285	.03736717	0
868.15	0	.7457866	.2167642	.03744917	0
867.15	0	.7454644	.217008	.03752761	0
866.15	0	.7451373	.2172603	.03760239	0
865.15	0	.7448048	.2175218	.03767341	0
864.15	0	.7444665	.217793	.03774054	0
863.15	0	.7439403	.2182745	.03778523	0
862.15	0	.7431605	.2190405	.03779902	0
861.15	0	.7424278	.2197602	.03781193	0
860.15	0	.7417397	.2204363	.03782398	0
859.15	0	.7410938	.221071	.03783516	0
858.15	0	.740488	.2216665	.03784549	0
857.15	0	.7399202	.2222248	.03785499	0
856.15	0	.7393885	.2227479	.03786365	0
855.15	0	.738891	.2232375	.03787149	0
854.15	0	.7384259	.2236956	.03787852	0
853.15	0	.7379917	.2241236	.03788474	0
852.15	0	.7375867	.2245232	.03789016	0
851.15	0	.7372095	.2248958	.03789478	0
850.15	0	.7368586	.2252428	.03789862	0
849.15	0	.7365327	.2255656	.03790168	0
848.15	0	.7362306	.2258654	.03790396	0
847.15	0	.7359511	.2261435	.03790549	0
846.15	0	.7356929	.2264009	.03790626	0
845.15	0	.735455	.2266387	.03790628	0
844.15	0	.7352364	.226858	.03790556	0
843.15	0	.7350361	.2270598	.03790411	0
842.15	0	.7348531	.227245	.03790193	0
841.15	0	.7346865	.2274144	.03789904	0
840.15	0	.7345356	.227569	.03789544	0
839.15	0	.7343994	.2277095	.03789115	0
838.15	0	.7342772	.2278367	.03788616	0
837.15	0	.7341682	.2279513	.0378805	0
836.15	0	.7340718	.228054	.03787417	0
835.15	0	.7339873	.2281455	.03786717	0
834.15	0	.7339141	.2282264	.03785952	0
833.15	0	.7338514	.2282973	.03785123	0
832.15	0	.7337988	.2283589	.03784231	0
831.15	0	.7337557	.2284115	.03783277	0
830.15	0	.7337216	.2284558	.03782261	0
829.15	0	.7336959	.2284923	.03781184	0
828.15	0	.7336782	.2285214	.03780048	0
827.15	0	.733668	.2285435	.03778854	0
826.15	0	.7336648	.2285592	.03777602	0
825.15	0	.7336683	.2285687	.03776293	0
824.15	0	.7336781	.2285726	.03774929	0
823.15	0	.7336937	.2285712	.0377351	0
822.15	0	.7337149	.2285648	.03772037	0
821.15	0	.7337412	.2285537	.03770511	0
820.15	0	.7337723	.2285383	.03768934	0
819.15	0	.733808	.228519	.03767305	0
818.15	0	.7338479	.2284959	.03765626	0
817.15	0	.7338917	.2284693	.03763898	0
816.15	0	.7339392	.2284396	.03762122	0
815.15	0	.7339901	.228407	.03760298	0
814.15	0	.7340441	.2283716	.03758428	0
813.15	0	.734101	.2283339	.03756512	0
812.15	0	.7341607	.2282938	.03754551	0
811.15	0	.7342228	.2282517	.03752546	0
810.15	0	.7342873	.2282078	.03750498	0
809.15	0	.7343538	.2281622	.03748407	0
808.15	0	.7344222	.2281151	.03746274	0
807.15	0	.7344923	.2280667	.03744101	0
806.15	0	.7345641	.2280171	.03741888	0
805.15	0	.7346372	.2279665	.03739635	0
804.15	0	.7347116	.227915	.03737343	0
803.15	0	.7347871	.2278628	.03735014	0
802.15	0	.7348636	.2278099	.03732647	0
801.15	0	.734941	.2277566	.03730244	0
800.15	0	.7350191	.2277028	.03727805	0
799.15	0	.7350979	.2276488	.03725331	0
798.15	0	.7351771	.2275947	.03722822	0
797.15	0	.7352568	.2275404	.03720279	0
796.15	0	.7353368	.2274862	.03717703	0
795.15	0	.735417	.227432	.03715095	0
794.15	0	.7354974	.2273781	.03712454	0
793.15	0	.7355778	.2273244	.03709782	0
792.15	0	.7356582	.227271	.03707079	0
791.15	0	.7357386	.227218	.03704346	0
790.15	0	.7358187	.2271654	.03701582	0
789.15	0	.7358987	.2271134	.0369879	0
788.15	0	.7359784	.227062	.03695969	0
787.15	0	.7360577	.2270111	.03693119	0
786.15	0	.7361366	.226961	.03690242	0
785.15	0	.7362151	.2269115	.03687338	0
784.15	0	.7362931	.2268628	.03684407	0
783.15	0	.7363706	.2268149	.03681449	0
782.15	0	.7364475	.2267679	.03678466	0
781.15	0	.7365238	.2267217	.03675457	0
780.15	0	.7365994	.2266764	.03672424	0
779.15	0	.7366743	.226632	.03669365	0
778.15	0	.7367486	.2265886	.03666283	0
777.15	0	.7368221	.2265462	.03663177	0
776.15	0	.7368948	.2265047	.03660048	0
775.15	0	.7369667	.2264643	.03656896	0
774.15	0	.7370378	.226425	.03653721	0
773.15	0	.7371081	.2263867	.03650524	0
772.15	0	.7371775	.2263495	.03647305	0
771.15	0	.737246	.2263133	.03644065	0
770.15	0	.7373137	.2262783	.03640803	0
769.15	0	.7373804	.2262444	.03637521	0
768.15	0	.7374462	.2262116	.03634219	0
767.15	0	.7375111	.22618	.03630896	0
766.15	0	.737575	.2261495	.03627553	0
765.15	0	.737638	.2261201	.03624191	0
764.15	0	.7377	.2260919	.0362081	0
763.15	0	.7377611	.2260648	.0361741	0
762.15	0	.7378211	.226039	.03613992	0
761.15	0	.7378802	.2260142	.03610555	0
760.15	0	.7379383	.2259907	.036071	0
759.15	0	.7379955	.2259683	.03603627	0
758.15	0	.7380516	.2259471	.03600137	0
757.15	0	.7381067	.225927	.03596629	0
756.15	0	.7381609	.2259081	.03593105	0
755.15	0	.738214	.2258904	.03589563	0
754.15	0	.7382661	.2258738	.03586006	0
753.15	0	.7383173	.2258584	.03582432	0
752.15	0	.7383674	.2258441	.03578842	0
751.15	0	.7384166	.225831	.03575237	0
750.15	0	.7384648	.2258191	.03571616	0
749.15	0	.738512	.2258083	.03567979	0
748.15	0	.7385582	.2257986	.03564328	0
747.15	0	.7386034	.22579	.03560662	0
746.15	0	.7386476	.2257826	.03556981	0
745.15	0	.7386909	.2257763	.03553286	0
744.15	0	.7387332	.2257711	.03549576	0
743.15	0	.7387745	.225767	.03545853	0
742.15	0	.7388149	.225764	.03542116	0
741.15	0	.7388543	.225762	.03538365	0
740.15	0	.7388928	.2257612	.03534601	0
739.15	0	.7389303	.2257615	.03530824	0
738.15	0	.7389669	.2257628	.03527033	0
737.15	0	.7390026	.2257651	.0352323	0
736.15	0	.7390373	.2257685	.03519414	0
735.15	0	.7390712	.225773	.03515586	0
734.15	0	.7391041	.2257785	.03511746	0
733.15	0	.7391361	.2257849	.03507893	0
732.15	0	.7391672	.2257925	.03504029	0
731.15	0	.7391975	.225801	.03500153	0
730.15	0	.7392269	.2258105	.03496265	0
729.15	0	.7392553	.225821	.03492366	0
728.15	0	.739283	.2258325	.03488456	0
727.15	0	.7393097	.2258449	.03484534	0
726.15	0	.7393357	.2258583	.03480602	0
725.15	0	.7393607	.2258727	.03476659	0
724.15	0	.739385	.225888	.03472706	0
723.15	0	.7394084	.2259042	.03468742	0
722.15	0	.739431	.2259213	.03464768	0
721.15	0	.7394528	.2259394	.03460783	0
720.15	0	.7394738	.2259583	.03456789	0
719.15	0	.739494	.2259781	.03452786	0
718.15	0	.7395134	.2259989	.03448772	0
717.15	0	.7395341	.2260191	.03444689	0
716.15	0	.7395518	.2260416	.03440662	0
715.15	0	.7395687	.226065	.03436625	0
714.15	0	.7395849	.2260893	.03432578	0
713.15	0	.7396004	.2261144	.03428523	0
712.15	0	.7396152	.2261403	.03424458	0
711.15	0	.7396292	.226167	.03420385	0
710.15	0	.7396425	.2261945	.03416303	0
709.15	0	.7396551	.2262228	.03412213	0
708.15	0	.739667	.2262518	.03408114	0
707.15	0	.7396782	.2262817	.03404007	0
706.15	0	.7396888	.2263123	.03399892	0
705.15	0	.7396987	.2263436	.03395769	0
704.15	0	.7397079	.2263757	.03391638	0
703.15	0	.7397164	.2264086	.033875	0
702.15	0	.7397243	.2264422	.03383354	0
701.15	0	.7397316	.2264764	.03379201	0
700.15	0	.7397382	.2265114	.03375041	0
699.15	0	.7397441	.2265471	.03370873	0
698.15	0	.7397495	.2265835	.03366699	0
697.15	0	.7397542	.2266206	.03362518	0
696.15	0	.7397584	.2266583	.0335833	0
695.15	0	.7397619	.2266968	.03354136	0
694.15	0	.7397648	.2267358	.03349935	0
693.15	0	.7397672	.2267755	.03345728	0
692.15	0	.739769	.2268159	.03341515	0
691.15	0	.7397701	.2268569	.03337296	0
690.15	0	.7397708	.2268985	.03333072	0
689.15	0	.7397708	.2269407	.03328841	0
688.15	0	.7397704	.2269836	.03324605	0
687.15	0	.7397693	.227027	.03320364	0
686.15	0	.7397678	.2270711	.03316117	0
685.15	0	.7397657	.2271157	.03311865	0
684.15	0	.739763	.2271609	.03307608	0
683.15	0	.7397599	.2272067	.03303346	0
682.15	0	.7397562	.227253	.03299079	0
681.15	0	.7397521	.2272999	.03294808	0
680.15	0	.7397474	.2273473	.03290532	0
679.15	0	.7397423	.2273952	.03286251	0
678.15	0	.7397366	.2274437	.03281967	0
677.15	0	.7397305	.2274927	.03277678	0
676.15	0	.7397239	.2275423	.03273385	0
675.15	0	.7397168	.2275923	.03269088	0
674.15	0	.7397093	.2276428	.03264787	0
673.15	0	.7397013	.2276939	.03260482	0
672.15	0	.7396929	.2277454	.03256174	0
671.15	0	.739684	.2277974	.03251862	0
670.15	0	.7396747	.2278498	.03247548	0
669.15	0	.739665	.2279027	.03243229	0
668.15	0	.7396548	.2279561	.03238908	0
667.15	0	.7396442	.22801	.03234584	0
666.15	0	.7396332	.2280642	.03230256	0
665.15	0	.7396218	.2281189	.03225926	0
664.15	0	.73961	.2281741	.03221594	0
663.15	0	.7395978	.2282296	.03217258	0
662.15	0	.7395852	.2282856	.03212921	0
661.15	0	.7395722	.228342	.03208581	0
660.15	0	.7395588	.2283988	.03204238	0
659.15	0	.7395451	.228456	.03199894	0
658.15	0	.739531	.2285136	.03195548	0
657.15	0	.7395165	.2285715	.031912	0
656.15	0	.7395016	.2286299	.0318685	0
655.15	0	.7394864	.2286886	.03182498	0
654.15	0	.7394709	.2287476	.03178145	0
653.15	0	.739455	.2288071	.0317379	0
652.15	0	.7394388	.2288669	.03169434	0
651.15	0	.7394222	.228927	.03165077	0
650.15	0	.7394053	.2289875	.03160719	0
649.15	0	.7393881	.2290483	.0315636	0
648.15	0	.7393706	.2291094	.03151999	0
647.15	0	.7393528	.2291709	.03147638	0
646.15	0	.7393346	.2292326	.03143277	0
645.15	0	.7393161	.2292947	.03138915	0
644.15	0	.7392974	.2293571	.03134552	0
643.15	0	.7392783	.2294198	.03130189	0
642.15	0	.739259	.2294828	.03125825	0
641.15	0	.7392393	.2295461	.03121462	0
640.15	0	.7392194	.2296096	.03117098	0
639.15	0	.7391992	.2296734	.03112735	0
638.15	0	.7391788	.2297375	.03108371	0
637.15	0	.739158	.2298019	.03104008	0
636.15	0	.739137	.2298665	.03099645	0
635.15	0	.7391158	.2299314	.03095283	0
634.15	0	.7390942	.2299966	.03090921	0
633.15	0	.7390725	.2300619	.0308656	0
632.15	0	.7390504	.2301276	.030822	0
631.15	0	.7390282	.2301934	.0307784	0
630.15	0	.7390057	.2302595	.03073482	0
629.15	0	.7389829	.2303258	.03069124	0
628.15	0	.73896	.2303924	.03064768	0
627.15	0	.7389368	.2304591	.03060413	0
626.15	0	.7389134	.2305261	.03056059	0
625.15	0	.7388897	.2305932	.03051707	0
624.15	0	.7388659	.2306606	.03047356	0
623.15	0	.7388418	.2307282	.03043007	0
622.15	0	.7388175	.2307959	.0303866	0
621.15	0	.738793	.2308638	.03034315	0
620.15	0	.7387683	.230932	.03029971	0
619.15	0	.7387435	.2310003	.0302563	0
618.15	0	.7387184	.2310687	.03021291	0
617.15	0	.7386931	.2311374	.03016954	0
616.15	0	.7386677	.2312062	.03012619	0
615.15	0	.738642	.2312751	.03008287	0
614.15	0	.7386162	.2313442	.03003958	0
613.15	0	.7385902	.2314135	.02999631	0
612.15	0	.738564	.2314829	.02995307	0
611.15	0	.7385377	.2315525	.02990985	0
610.15	0	.7385112	.2316221	.02986667	0
609.15	0	.7384845	.231692	.02982351	0
608.15	0	.7384577	.2317619	.02978039	0
607.15	0	.7384307	.231832	.0297373	0
606.15	0	.7384036	.2319022	.02969424	0
605.15	0	.7383763	.2319725	.02965122	0
604.15	0	.7383489	.2320429	.02960823	0
603.15	0	.7383213	.2321134	.02956528	0
602.15	0	.7382936	.2321841	.02952236	0
601.15	0	.7382657	.2322548	.02947948	0
600.15	0	.7382377	.2323256	.02943665	0
599.15	0	.7382096	.2323965	.02939385	0
598.15	0	.7381814	.2324676	.02935109	0
597.15	0	.738153	.2325386	.02930837	0
596.15	0	.7381245	.2326098	.02926569	0
595.15	0	.7380959	.2326811	.02922306	0
594.15	0	.7380671	.2327524	.02918048	0
593.15	0	.7380383	.2328238	.02913793	0
592.15	0	.7380093	.2328952	.02909544	0
591.15	0	.7379803	.2329668	.02905299	0
590.15	0	.7379511	.2330383	.02901059	0
589.15	0	.7379218	.23311	.02896823	0
588.15	0	.7378924	.2331817	.02892593	0
587.15	0	.7378629	.2332534	.02888368	0
586.15	0	.7378334	.2333251	.02884148	0
585.15	0	.7378037	.233397	.02879933	0
584.15	0	.737774	.2334688	.02875724	0
583.15	0	.7377441	.2335407	.0287152	0
582.15	0	.7377142	.2336126	.02867321	0
581.15	0	.7376842	.2336845	.02863128	0
580.15	0	.7376541	.2337565	.02858941	0
579.15	0	.7376239	.2338285	.0285476	0
578.15	0	.7375937	.2339005	.02850584	0
577.15	0	.7375634	.2339725	.02846415	0
576.15	0	.737533	.2340445	.02842251	0
575.15	0	.7375025	.2341166	.02838094	0
574.15	0	.737472	.2341886	.02833942	0
573.15	0	.7374414	.2342606	.02829797	0
572.15	0	.7374108	.2343326	.02825659	0
571.15	0	.7373801	.2344047	.02821527	0
570.15	0	.7373493	.2344767	.02817402	0
569.15	0	.7373185	.2345487	.02813283	0
568.15	0	.7372876	.2346207	.02809171	0
567.15	0	.7372567	.2346926	.02805065	0
566.15	0	.7372258	.2347646	.02800967	0
565.15	0	.7371948	.2348365	.02796876	0
564.15	0	.7371637	.2349084	.02792791	0
563.15	0	.7371326	.2349802	.02788715	0
562.15	0	.7371015	.2350521	.02784645	0
561.15	0	.7370703	.2351238	.02780582	0
560.15	0	.7370391	.2351956	.02776527	0
559.15	0	.7370079	.2352673	.0277248	0
558.15	0	.7369767	.235339	.0276844	0
557.15	0	.7369454	.2354106	.02764407	0
556.15	0	.7369141	.2354821	.02760383	0
555.15	0	.7368827	.2355536	.02756366	0
554.15	0	.7368514	.2356251	.02752357	0
553.15	0	.73682	.2356965	.02748356	0
552.15	0	.7367886	.2357678	.02744364	0
551.15	0	.7367572	.2358391	.02740379	0
550.15	0	.7367257	.2359103	.02736403	0
549.15	0	.7366943	.2359814	.02732435	0
548.15	0	.7366628	.2360524	.02728475	0
547.15	0	.7366314	.2361234	.02724524	0
546.15	0	.7365999	.2361943	.02720582	0
545.15	0	.7365684	.2362651	.02716648	0
544.15	0	.7365369	.2363359	.02712723	0
543.15	0	.7365054	.2364065	.02708806	0
542.15	0	.736474	.2364771	.02704899	0
541.15	0	.7364425	.2365475	.02701001	0
540.15	0	.736411	.2366179	.02697111	0
539.15	0	.7363795	.2366882	.02693231	0
538.15	0	.736348	.2367584	.0268936	0
537.15	0	.7363166	.2368284	.02685498	0
536.15	0	.7362851	.2368984	.02681646	0
535.15	0	.7362537	.2369683	.02677803	0
534.15	0	.7362223	.237038	.02673969	0
533.15	0	.7361909	.2371077	.02670145	0
532.9875	0	.7361858	.237119	.02669525	0
532.9875	0	.7361858	.237119	.02669525	0
532.9875	0	.7361858	.237119	.02669525	0
532.15	0	.7364685	.2364944	.02636978	6.673149E-04
531.15	0	.7368041	.2357516	.02598237	.001461889
530.15	0	.7371375	.2350122	.02559627	.002254052
529.15	0	.7374686	.2342761	.02521148	.003043825
528.15	0	.7377976	.2335432	.02482796	.003831232
527.15	0	.7381244	.2328136	.02444573	.004616295
526.15	0	.7384492	.232087	.02406476	.005399037
525.15	0	.7387718	.2313636	.02368505	.006179479
524.15	0	.7390925	.2306433	.02330659	.006957644
523.15	0	.7394111	.229926	.02292936	.007733553
522.15	0	.7397277	.2292117	.02255335	.008507227
521.15	0	.7400423	.2285004	.02217856	.009278688
520.15	0	.7403551	.227792	.02180497	.01004796
519.15	0	.7406659	.2270864	.02143258	.01081505
518.15	0	.7409749	.2263837	.02106137	.01158
517.15	0	.741282	.2256838	.02069133	.01234281
516.15	0	.7415874	.2249867	.02032246	.01310351
515.15	0	.7418909	.2242923	.01995475	.01386212
514.15	0	.7421926	.2236005	.01958818	.01461866
513.15	0	.7424927	.2229114	.01922275	.01537314
512.15	0	.742791	.222225	.01885845	.01612559
511.15	0	.7430876	.2215411	.01849527	.01687603
510.15	0	.7433826	.2208598	.0181332	.01762447
509.15	0	.7436759	.2201809	.01777222	.01837093
508.15	0	.7439676	.2195046	.01741235	.01911544
507.15	0	.7442577	.2188307	.01705355	.019858
506.15	0	.7445463	.2181592	.01669584	.02059864
505.15	0	.7448333	.2174901	.01633919	.02133737
504.15	0	.7451188	.2168234	.0159836	.02207422
503.15	0	.7454028	.2161589	.01562906	.0228092
502.15	0	.7456854	.2154968	.01527556	.02354232
501.15	0	.7459664	.2148369	.0149231	.02427361
500.15	0	.7462461	.2141792	.01457167	.02500307
499.15	0	.7465243	.2135237	.01422126	.02573074
498.15	0	.7468011	.2128704	.01387186	.02645662
497.15	0	.7470766	.2122192	.01352347	.02718072
496.15	0	.7473508	.2115701	.01317607	.02790308
495.15	0	.7476236	.2109231	.01282967	.0286237
494.15	0	.7478951	.2102781	.01248425	.02934259
493.15	0	.7481653	.2096352	.0121398	.03005978
492.15	0	.7484342	.2089942	.01179632	.03077528
491.15	0	.7487019	.2083552	.0114538	.03148911
490.15	0	.7489685	.2077181	.01111212	.03220129
489.15	0	.7492337	.2070829	.01077151	.03291181
488.15	0	.7494978	.2064497	.01043184	.0336207
487.15	0	.7497607	.2058183	.0100931	.03432797
486.15	0	.7500224	.2051887	.009755289	.03503365
485.15	0	.750283	.2045609	.009418401	.03573773
484.15	0	.7505425	.2039349	.009082429	.03644025
483.15	0	.7508008	.2033106	.008747366	.0371412
482.15	0	.7510581	.2026881	.008413205	.03784062
481.15	0	.7513143	.2020673	.008079941	.0385385
480.15	0	.7515695	.2014481	.007747568	.03923487
479.15	0	.7518236	.2008306	.007416079	.03992973
478.15	0	.7520767	.2002147	.007085469	.04062311
477.15	0	.7523288	.1996005	.006755732	.04131501
476.15	0	.7525799	.1989878	.006426862	.04200545
475.15	0	.75283	.1983767	.006098853	.04269444
474.15	0	.7530792	.1977671	.005771699	.04338199
473.15	0	.7533274	.1971591	.005445396	.04406812
472.15	0	.7535747	.1965525	.005119937	.04475284
471.15	0	.7538211	.1959474	.004795316	.04543616
470.15	0	.7540666	.1953438	.004471529	.0461181
469.15	0	.7543112	.1947416	.00414857	.04679866
468.15	0	.7545549	.1941408	.003826435	.04747786
467.15	0	.7547978	.1935414	.003505116	.04815572
466.15	0	.7550398	.1929433	.00318461	.04883223
465.15	0	.7552811	.1923466	.002864912	.04950743
464.15	0	.7555215	.1917512	.002546016	.0501813
463.15	0	.7557611	.1911571	.002227917	.05085388
462.15	0	.7559999	.1905644	.001910611	.05152517
461.15	0	.7562379	.1899728	.001594092	.05219518
460.15	0	.7564752	.1893826	.001278355	.05286392
459.15	0	.7567117	.1887935	9.633968E-04	.05353141
458.15	0	.7569475	.1882057	6.492117E-04	.05419765
457.15	0	.7571826	.187619	3.357951E-04	.05486266
456.15	0	.7574169	.1870335	2.314244E-05	.05552644
456.0759	0	.7574342	.1869902	0	.05557559
456.0759	0	.7574342	.1869902	0	.05557559
455.15	0	.7574206	.1867957	0	.05578375
454.15	0	.7574057	.1865866	0	.05600776
453.15	0	.7573907	.1863784	0	.05623093
452.15	0	.7573755	.1861712	0	.05645328
451.15	0	.7573602	.185965	0	.0566748
450.15	0	.7573448	.1857597	0	.05689551
449.15	0	.7573293	.1855552	0	.05711545
448.15	0	.7573137	.1853517	0	.05733461
447.15	0	.757298	.185149	0	.05755299
446.15	0	.7572823	.1849472	0	.0577706
445.15	0	.7572664	.1847462	0	.05798744
444.15	0	.7572505	.184546	0	.05820355
443.15	0	.7572344	.1843467	0	.05841892
442.15	0	.7572184	.1841481	0	.05863357
441.15	0	.7572022	.1839503	0	.0588475
440.15	0	.7571861	.1837532	0	.05906073
439.15	0	.7571699	.1835569	0	.05927327
438.15	0	.7571536	.1833612	0	.05948513
437.15	0	.7571374	.1831663	0	.05969631
436.15	0	.7571211	.182972	0	.05990684
435.15	0	.7571049	.1827784	0	.06011671
434.15	0	.7570886	.1825855	0	.06032594
433.15	0	.7570724	.1823931	0	.06053453
432.15	0	.7570561	.1822014	0	.06074251
431.15	0	.7570399	.1820102	0	.06094986
430.15	0	.7570237	.1818197	0	.06115661
429.15	0	.7570076	.1816297	0	.06136277
428.15	0	.7569915	.1814402	0	.06156833
427.15	0	.7569754	.1812513	0	.06177332
426.15	0	.7569594	.1810629	0	.06197773
425.15	0	.7569434	.180875	0	.06218158
424.15	0	.7569275	.1806876	0	.06238487
423.15	0	.7569117	.1805007	0	.06258762
422.15	0	.7568959	.1803142	0	.06278982
421.15	0	.7568803	.1801283	0	.06299149
420.15	0	.7568647	.1799427	0	.06319264
419.15	0	.7568492	.1797576	0	.06339327
418.15	0	.7568337	.1795729	0	.06359338
417.15	0	.7568184	.1793886	0	.06379299
416.15	0	.7568032	.1792047	0	.06399211
415.15	0	.7567881	.1790212	0	.06419073
414.15	0	.7567731	.1788381	0	.06438887
413.15	0	.7567582	.1786553	0	.06458654
412.15	0	.7567434	.1784729	0	.06478373
411.15	0	.7567287	.1782908	0	.06498045
410.15	0	.7567142	.1781091	0	.06517672
409.15	0	.7566997	.1779277	0	.06537253
408.15	0	.7566854	.1777467	0	.06556789
407.15	0	.7566713	.1775659	0	.06576282
406.15	0	.7566573	.1773855	0	.0659573
405.15	0	.7566434	.1772053	0	.06615136
404.15	0	.7566296	.1770254	0	.06634499
403.15	0	.756616	.1768458	0	.06653819
402.15	0	.7566025	.1766665	0	.06673099
401.15	0	.7565892	.1764874	0	.06692337
400.15	0	.756576	.1763086	0	.06711535
399.15	0	.756563	.1761301	0	.06730692
398.15	0	.7565501	.1759518	0	.0674981
397.15	0	.7565374	.1757737	0	.06768888
396.15	0	.7565248	.1755959	0	.06787928
395.15	0	.7565124	.1754183	0	.0680693
394.15	0	.7565002	.1752409	0	.06825893
393.15	0	.7564881	.1750637	0	.06844819
392.15	0	.7564762	.1748868	0	.06863708
391.15	0	.7564644	.17471	0	.06882561
390.15	0	.7564528	.1745334	0	.06901377
389.15	0	.7564414	.1743571	0	.06920157
388.15	0	.7564301	.1741809	0	.06938901
387.15	0	.756419	.1740049	0	.0695761
386.15	0	.7564081	.1738291	0	.06976284
385.15	0	.7563973	.1736534	0	.06994924
384.15	0	.7563867	.173478	0	.07013529
383.15	0	.7563763	.1733027	0	.07032101
382.15	0	.7563661	.1731275	0	.07050638
381.15	0	.756356	.1729526	0	.07069143
380.15	0	.7563461	.1727778	0	.07087614
379.15	0	.7563364	.1726031	0	.07106053
378.15	0	.7563268	.1724286	0	.07124459
377.15	0	.7563175	.1722542	0	.07142833
376.15	0	.7563083	.17208	0	.07161176
375.15	0	.7562993	.1719059	0	.07179486
374.15	0	.7562904	.1717319	0	.07197765
373.15	0	.7562817	.1715581	0	.07216013
372.15	0	.7562732	.1713845	0	.0723423
371.15	0	.7562649	.1712109	0	.07252417
370.15	0	.7562568	.1710375	0	.07270573
369.15	0	.7562488	.1708642	0	.07288698
368.15	0	.756241	.170691	0	.07306794
367.15	0	.7562334	.170518	0	.0732486
366.15	0	.756226	.1703451	0	.07342896
365.15	0	.7562187	.1701723	0	.07360902
364.15	0	.7562116	.1699996	0	.0737888
363.15	0	.7562047	.169827	0	.07396828
362.15	0	.756198	.1696546	0	.07414748
361.15	0	.7561914	.1694822	0	.07432638
360.15	0	.756185	.16931	0	.07450501
359.15	0	.7561788	.1691379	0	.07468334
358.15	0	.7561727	.1689659	0	.0748614
357.15	0	.7561668	.168794	0	.07503917
356.15	0	.7561611	.1686222	0	.07521667
355.15	0	.7561556	.1684505	0	.07539389
354.15	0	.7561502	.1682789	0	.07557082
353.15	0	.756145	.1681075	0	.07574749
352.15	0	.75614	.1679361	0	.07592388
351.15	0	.7561352	.1677648	0	.0761
350.15	0	.7561305	.1675937	0	.07627585
349.15	0	.756126	.1674226	0	.07645142
348.15	0	.7561216	.1672517	0	.07662673
347.15	0	.7561174	.1670808	0	.07680177
346.15	0	.7561134	.1669101	0	.07697654
345.15	0	.7561095	.1667395	0	.07715104
344.15	0	.7561058	.1665689	0	.07732528
343.15	0	.7561023	.1663985	0	.07749926
342.15	0	.7560989	.1662281	0	.07767297
341.15	0	.7560957	.1660579	0	.07784642
340.15	0	.7560926	.1658878	0	.07801961
339.15	0	.7560897	.1657177	0	.07819254
338.15	0	.756087	.1655478	0	.07836521
337.15	0	.7560844	.165378	0	.07853762
336.15	0	.756082	.1652083	0	.07870977
335.15	0	.7560797	.1650387	0	.07888166
334.15	0	.7560776	.1648692	0	.07905329
333.15	0	.7560756	.1646997	0	.07922467
332.15	0	.7560738	.1645304	0	.07939579
331.15	0	.7560721	.1643612	0	.07956666
330.15	0	.7560706	.1641922	0	.07973727
329.15	0	.7560692	.1640232	0	.07990763
328.15	0	.756068	.1638543	0	.08007773
327.15	0	.7560669	.1636855	0	.08024759
326.15	0	.756066	.1635168	0	.08041718
325.15	0	.7560652	.1633483	0	.08058653
324.15	0	.7560645	.1631798	0	.08075562
323.15	0	.756064	.1630115	0	.08092447
322.15	0	.7560637	.1628433	0	.08109306
321.15	0	.7560635	.1626752	0	.0812614
320.15	0	.7560634	.1625072	0	.08142949
319.15	0	.7560634	.1623393	0	.08159733
318.15	0	.7560636	.1621715	0	.08176492
317.15	0	.7560639	.1620038	0	.08193227
316.15	0	.7560644	.1618363	0	.08209936
315.15	0	.756065	.1616688	0	.0822662
314.15	0	.7560657	.1615015	0	.0824328
313.15	0	.7560666	.1613343	0	.08259915
312.15	0	.7560675	.1611672	0	.08276525
311.15	0	.7560687	.1610003	0	.0829311
310.15	0	.7560699	.1608334	0	.0830967
309.15	0	.7560713	.1606667	0	.08326206
308.15	0	.7560728	.1605001	0	.08342717
307.15	0	.7560744	.1603336	0	.08359203
306.15	0	.7560761	.1601673	0	.08375664
305.15	0	.756078	.160001	0	.08392101
304.15	0	.7560799	.1598349	0	.08408514
303.15	0	.756082	.159669	0	.08424901
302.15	0	.7560843	.1595031	0	.08441264
301.15	0	.7560866	.1593374	0	.08457603
300.15	0	.7560891	.1591718	0	.08473916
299.15	0	.7560916	.1590063	0	.08490206
298.15	0	.7560943	.158841	0	.0850647
