T	 BPW(LIQUID)	BPW(BCC_A2)	BPW(FCC_A1)	BPW(LAVES_PHASE_C14)	BPW(NI3TI)
1473.15	.02071591	.9208568	0	.05842728	0
1472.15	.01590761	.9238967	0	.06019572	0
1471.15	.01119361	.9268698	0	.06193662	0
1470.15	.006571212	.929778	0	.06365077	0
1469.15	.00203784	.9326232	0	.06533896	0
1468.694	0	.9338998	0	.06610017	0
1468.694	0	.9338998	0	.06610017	0
1468.15	0	.9334774	0	.06652265	0
1467.15	0	.9327024	0	.06729757	0
1466.15	0	.9319295	0	.06807051	0
1465.15	0	.9311586	0	.06884145	0
1464.15	0	.9303896	0	.06961043	0
1463.15	0	.9296226	0	.07037743	0
1462.15	0	.9288575	0	.07114248	0
1461.15	0	.9280944	0	.07190557	0
1460.15	0	.9273333	0	.07266671	0
1459.15	0	.9265741	0	.07342592	0
1458.15	0	.9258168	0	.0741832	0
1457.15	0	.9250615	0	.07493855	0
1456.15	0	.924308	0	.07569198	0
1455.15	0	.9235565	0	.0764435	0
1454.15	0	.9228069	0	.07719312	0
1453.15	0	.9220592	0	.07794084	0
1452.15	0	.9213133	0	.07868667	0
1451.15	0	.9205694	0	.07943062	0
1450.15	0	.9198273	0	.08017269	0
1449.15	0	.9190871	0	.08091289	0
1448.15	0	.9183488	0	.08165123	0
1447.15	0	.9176123	0	.08238772	0
1446.15	0	.9168776	0	.08312235	0
1445.15	0	.9161449	0	.08385514	0
1444.15	0	.9154139	0	.0845861	0
1443.15	0	.9146848	0	.08531523	0
1442.15	0	.9139575	0	.08604254	0
1441.15	0	.913232	0	.08676803	0
1440.15	0	.9125083	0	.08749171	0
1439.15	0	.9117864	0	.08821358	0
1438.15	0	.9110663	0	.08893366	0
1437.15	0	.9103481	0	.08965195	0
1436.15	0	.9096315	0	.09036846	0
1435.15	0	.9089168	0	.09108318	0
1434.15	0	.9082039	0	.09179614	0
1433.15	0	.9074927	0	.09250734	0
1432.15	0	.9067832	0	.09321677	0
1431.15	0	.9060756	0	.09392445	0
1430.15	0	.9053696	0	.09463038	0
1429.15	0	.9046654	0	.09533458	0
1428.15	0	.903963	0	.09603704	0
1427.15	0	.9032622	0	.09673777	0
1426.15	0	.9025632	0	.09743679	0
1425.15	0	.9018659	0	.09813408	0
1424.15	0	.9011703	0	.09882967	0
1423.15	0	.9004765	0	.09952355	0
1422.15	0	.8997843	0	.1002157	0
1421.15	0	.8990938	0	.1009062	0
1420.15	0	.898405	0	.101595	0
1419.15	0	.8977178	0	.1022822	0
1418.15	0	.8970324	0	.1029676	0
1417.15	0	.8963486	0	.1036514	0
1416.15	0	.8956665	0	.1043335	0
1415.15	0	.894986	0	.105014	0
1414.15	0	.8943072	0	.1056928	0
1413.15	0	.89363	0	.10637	0
1412.15	0	.8929545	0	.1070455	0
1411.15	0	.8922806	0	.1077194	0
1410.15	0	.8916083	0	.1083917	0
1409.15	0	.8909377	0	.1090623	0
1408.15	0	.8902687	0	.1097313	0
1407.15	0	.8896012	0	.1103988	0
1406.15	0	.8889354	0	.1110646	0
1405.15	0	.8882712	0	.1117288	0
1404.15	0	.8876086	0	.1123914	0
1403.15	0	.8869476	0	.1130524	0
1402.15	0	.8862882	0	.1137119	0
1401.15	0	.8856303	0	.1143697	0
1400.15	0	.884974	0	.115026	0
1399.15	0	.8843193	0	.1156807	0
1398.15	0	.8836661	0	.1163339	0
1397.15	0	.8830145	0	.1169855	0
1396.15	0	.8823645	0	.1176355	0
1395.15	0	.881716	0	.118284	0
1394.15	0	.881069	0	.118931	0
1393.15	0	.8804236	0	.1195764	0
1392.15	0	.8797797	0	.1202203	0
1391.15	0	.8791374	0	.1208626	0
1390.15	0	.8784965	0	.1215035	0
1389.15	0	.8778572	0	.1221428	0
1388.15	0	.8772194	0	.1227806	0
1387.15	0	.8765831	0	.1234169	0
1386.15	0	.8759483	0	.1240517	0
1385.15	0	.875315	0	.124685	0
1384.15	0	.8746831	0	.1253169	0
1383.15	0	.8740528	0	.1259472	0
1382.15	0	.873424	0	.126576	0
1381.15	0	.8727966	0	.1272034	0
1380.15	0	.8721707	0	.1278293	0
1379.15	0	.8715462	0	.1284538	0
1378.15	0	.8709233	0	.1290767	0
1377.15	0	.8703017	0	.1296982	0
1376.15	0	.8696817	0	.1303183	0
1375.15	0	.8690631	0	.1309369	0
1374.15	0	.8684459	0	.1315541	0
1373.15	0	.8678302	0	.1321698	0
1372.15	0	.8672159	0	.1327841	0
1371.15	0	.866603	0	.133397	0
1370.15	0	.8659915	0	.1340085	0
1369.15	0	.8653815	0	.1346185	0
1368.15	0	.8647729	0	.1352271	0
1367.15	0	.8641657	0	.1358343	0
1366.15	0	.8635599	0	.1364401	0
1365.15	0	.8629555	0	.1370445	0
1364.15	0	.8623525	0	.1376475	0
1363.15	0	.8617509	0	.1382491	0
1362.15	0	.8611506	0	.1388494	0
1361.15	0	.8605518	0	.1394482	0
1360.15	0	.8599543	0	.1400457	0
1359.15	0	.8593583	0	.1406417	0
1358.15	0	.8587635	0	.1412365	0
1357.15	0	.8581702	0	.1418298	0
1356.15	0	.8575782	0	.1424218	0
1355.15	0	.8569876	0	.1430124	0
1354.15	0	.8563983	0	.1436017	0
1353.15	0	.8558103	0	.1441897	0
1352.15	0	.8552238	0	.1447763	0
1351.15	0	.8546385	0	.1453615	0
1350.15	0	.8540546	0	.1459454	0
1349.15	0	.853472	0	.146528	0
1348.15	0	.8528907	0	.1471093	0
1347.15	0	.8523108	0	.1476892	0
1346.15	0	.8517322	0	.1482678	0
1345.15	0	.8511549	0	.1488451	0
1344.15	0	.8505789	0	.1494211	0
1343.15	0	.8500042	0	.1499958	0
1342.15	0	.8494308	0	.1505692	0
1341.15	0	.8488587	0	.1511413	0
1340.15	0	.848288	0	.151712	0
1339.15	0	.8477185	0	.1522816	0
1338.15	0	.8471502	0	.1528498	0
1337.15	0	.8465833	0	.1534167	0
1336.15	0	.8460176	0	.1539824	0
1335.15	0	.8454533	0	.1545467	0
1334.15	0	.8448902	0	.1551099	0
1333.15	0	.8443283	0	.1556717	0
1332.15	0	.8437677	0	.1562323	0
1331.15	0	.8432084	0	.1567916	0
1330.15	0	.8426503	0	.1573497	0
1329.15	0	.8420935	0	.1579065	0
1328.15	0	.8415379	0	.1584621	0
1327.15	0	.8409836	0	.1590164	0
1326.15	0	.8404305	0	.1595695	0
1325.15	0	.8398787	0	.1601213	0
1324.15	0	.839328	0	.160672	0
1323.15	0	.8387786	0	.1612214	0
1322.15	0	.8382305	0	.1617695	0
1321.15	0	.8376835	0	.1623165	0
1320.15	0	.8371378	0	.1628622	0
1319.15	0	.8365932	0	.1634068	0
1318.15	0	.8360499	0	.1639501	0
1317.15	0	.8355078	0	.1644922	0
1316.15	0	.8349669	0	.1650331	0
1315.15	0	.8344272	0	.1655728	0
1314.15	0	.8338887	0	.1661113	0
1313.15	0	.8333514	0	.1666486	0
1312.15	0	.8328153	0	.1671848	0
1311.15	0	.8322803	0	.1677197	0
1310.15	0	.8317465	0	.1682535	0
1309.15	0	.8312139	0	.1687861	0
1308.15	0	.8306825	0	.1693175	0
1307.15	0	.8301523	0	.1698477	0
1306.15	0	.8296232	0	.1703768	0
1305.15	0	.8290953	0	.1709047	0
1304.15	0	.8285685	0	.1714315	0
1303.15	0	.8280429	0	.1719571	0
1302.15	0	.8275185	0	.1724816	0
1301.15	0	.8269952	0	.1730049	0
1300.15	0	.826473	0	.173527	0
1299.15	0	.825952	0	.174048	0
1298.15	0	.8254321	0	.1745679	0
1297.15	0	.8249134	0	.1750866	0
1296.15	0	.8243958	0	.1756042	0
1295.15	0	.8238793	0	.1761207	0
1294.15	0	.8233639	0	.1766361	0
1293.15	0	.8228497	0	.1771503	0
1292.15	0	.8223366	0	.1776634	0
1291.15	0	.8218246	0	.1781754	0
1290.15	0	.8213137	0	.1786863	0
1289.15	0	.820804	0	.179196	0
1288.15	0	.8202953	0	.1797047	0
1287.15	0	.8197878	0	.1802122	0
1286.15	0	.8192813	0	.1807187	0
1285.15	0	.8187759	0	.1812241	0
1284.15	0	.8182717	0	.1817283	0
1283.15	0	.8177685	0	.1822315	0
1282.15	0	.8172664	0	.1827336	0
1281.15	0	.8167654	0	.1832346	0
1280.15	0	.8162655	0	.1837345	0
1279.15	0	.8157666	0	.1842334	0
1278.15	0	.8152689	0	.1847311	0
1277.15	0	.8147722	0	.1852278	0
1276.15	0	.8142765	0	.1857235	0
1275.15	0	.813782	0	.186218	0
1274.15	0	.8132885	0	.1867115	0
1273.15	0	.812796	0	.187204	0
1272.15	0	.8123047	0	.1876953	0
1271.15	0	.8118143	0	.1881857	0
1270.15	0	.8113251	0	.1886749	0
1269.15	0	.8108368	0	.1891632	0
1268.15	0	.8103497	0	.1896504	0
1267.15	0	.8098635	0	.1901365	0
1266.15	0	.8093784	0	.1906216	0
1265.15	0	.8088943	0	.1911057	0
1264.15	0	.8084113	0	.1915887	0
1263.15	0	.8079293	0	.1920707	0
1262.15	0	.8074484	0	.1925516	0
1261.15	0	.8069684	0	.1930316	0
1260.15	0	.8064895	0	.1935105	0
1259.15	0	.8060116	0	.1939884	0
1258.15	0	.8055347	0	.1944653	0
1257.15	0	.8050588	0	.1949412	0
1256.15	0	.804584	0	.195416	0
1255.15	0	.8041101	0	.1958899	0
1254.15	0	.8036373	0	.1963627	0
1253.15	0	.8031654	0	.1968346	0
1252.15	0	.8026946	0	.1973054	0
1251.15	0	.8022248	0	.1977753	0
1250.15	0	.8017559	0	.1982441	0
1249.15	0	.801288	0	.198712	0
1248.15	0	.8008212	0	.1991788	0
1247.15	0	.8003553	0	.1996447	0
1246.15	0	.7998904	0	.2001096	0
1245.15	0	.7994265	0	.2005735	0
1244.15	0	.7989635	0	.2010365	0
1243.15	0	.7985016	0	.2014984	0
1242.15	0	.7980406	0	.2019594	0
1241.15	0	.7975806	0	.2024194	0
1240.15	0	.7971215	0	.2028785	0
1239.15	0	.7966634	0	.2033366	0
1238.15	0	.7962063	0	.2037937	0
1237.15	0	.7957502	0	.2042498	0
1236.15	0	.795295	0	.204705	0
1235.15	0	.7948407	0	.2051593	0
1234.15	0	.7943874	0	.2056126	0
1233.15	0	.7939351	0	.2060649	0
1232.15	0	.7934837	0	.2065163	0
1231.15	0	.7930332	0	.2069668	0
1230.15	0	.7925837	0	.2074163	0
1229.15	0	.7921352	0	.2078648	0
1228.15	0	.7916876	0	.2083124	0
1227.15	0	.7912409	0	.2087591	0
1226.15	0	.7907951	0	.2092049	0
1225.15	0	.7903503	0	.2096497	0
1224.15	0	.7899064	0	.2100936	0
1223.15	0	.7894634	0	.2105366	0
1222.15	0	.7890214	0	.2109786	0
1221.15	0	.7885802	0	.2114198	0
1220.15	0	.78814	0	.21186	0
1219.15	0	.7877007	0	.2122993	0
1218.15	0	.7872624	0	.2127376	0
1217.15	0	.7868249	0	.2131751	0
1216.15	0	.7863884	0	.2136117	0
1215.15	0	.7859527	0	.2140473	0
1214.15	0	.785518	0	.214482	0
1213.15	0	.7850841	0	.2149159	0
1212.15	0	.7846512	0	.2153488	0
1211.15	0	.7842191	0	.2157809	0
1210.15	0	.783788	0	.216212	0
1209.15	0	.7833577	0	.2166423	0
1208.15	0	.7829284	0	.2170716	0
1207.15	0	.7824999	0	.2175001	0
1206.15	0	.7820723	0	.2179277	0
1205.15	0	.7816456	0	.2183544	0
1204.15	0	.7812198	0	.2187802	0
1203.15	0	.7807949	0	.2192051	0
1202.15	0	.7803708	0	.2196292	0
1201.15	0	.7799476	0	.2200524	0
1200.15	0	.7795253	0	.2204747	0
1199.15	0	.7791039	0	.2208961	0
1198.15	0	.7786833	0	.2213167	0
1197.15	0	.7782636	0	.2217364	0
1196.15	0	.7778448	0	.2221552	0
1195.15	0	.7774268	0	.2225732	0
1194.15	0	.7770097	0	.2229903	0
1193.15	0	.7765935	0	.2234065	0
1192.15	0	.7761781	0	.2238219	0
1191.15	0	.7757635	0	.2242365	0
1190.15	0	.7753498	0	.2246502	0
1189.15	0	.774937	0	.225063	0
1188.15	0	.774525	0	.225475	0
1187.15	0	.7741139	0	.2258861	0
1186.15	0	.7737036	0	.2262964	0
1185.15	0	.7732941	0	.2267059	0
1184.15	0	.7728855	0	.2271145	0
1183.15	0	.7724777	0	.2275223	0
1182.15	0	.7720708	0	.2279292	0
1181.15	0	.7716647	0	.2283353	0
1180.15	0	.7712594	0	.2287406	0
1179.15	0	.770855	0	.229145	0
1178.15	0	.7704514	0	.2295487	0
1177.15	0	.7700486	0	.2299514	0
1176.15	0	.7696466	0	.2303534	0
1175.15	0	.7692455	0	.2307545	0
1174.15	0	.7688451	0	.2311549	0
1173.15	0	.7684456	0	.2315544	0
1172.15	0	.768047	0	.231953	0
1171.15	0	.7676491	0	.2323509	0
1170.15	0	.767252	0	.232748	0
1169.15	0	.7668558	0	.2331442	0
1168.15	0	.7664604	0	.2335396	0
1167.15	0	.7660657	0	.2339343	0
1166.15	0	.7656719	0	.2343281	0
1165.15	0	.7652789	0	.2347211	0
1164.15	0	.7648867	0	.2351133	0
1163.15	0	.7644953	0	.2355047	0
1162.15	0	.7641047	0	.2358954	0
1161.15	0	.7637148	0	.2362852	0
1160.15	0	.7633258	0	.2366742	0
1159.15	0	.7629376	0	.2370624	0
1158.15	0	.7625501	0	.2374499	0
1157.15	0	.7621635	0	.2378365	0
1156.15	0	.7617776	0	.2382224	0
1155.15	0	.7613925	0	.2386075	0
1154.15	0	.7610082	0	.2389918	0
1153.15	0	.7606247	0	.2393753	0
1152.15	0	.760242	0	.239758	0
1151.15	0	.75986	0	.24014	0
1150.15	0	.7594789	0	.2405212	0
1149.15	0	.7590984	0	.2409016	0
1148.15	0	.7587188	0	.2412812	0
1147.15	0	.75834	0	.24166	0
1146.15	0	.7579619	0	.2420381	0
1145.15	0	.7575846	0	.2424154	0
1144.15	0	.757208	0	.242792	0
1143.15	0	.7568322	0	.2431678	0
1142.15	0	.7564572	0	.2435428	0
1141.15	0	.7560829	0	.2439171	0
1140.15	0	.7557094	0	.2442906	0
1139.15	0	.7553367	0	.2446633	0
1138.15	0	.7549647	0	.2450353	0
1137.15	0	.7545935	0	.2454065	0
1136.15	0	.754223	0	.245777	0
1135.15	0	.7538533	0	.2461467	0
1134.15	0	.7534843	0	.2465157	0
1133.15	0	.7531161	0	.2468839	0
1132.15	0	.7527486	0	.2472514	0
1131.15	0	.7523819	0	.2476181	0
1130.15	0	.7520159	0	.2479841	0
1129.15	0	.7516506	0	.2483494	0
1128.15	0	.7512861	0	.2487139	0
1127.15	0	.7509224	0	.2490776	0
1126.15	0	.7505593	0	.2494407	0
1125.15	0	.7501971	0	.2498029	0
1124.15	0	.7498355	0	.2501645	0
1123.15	0	.7494747	0	.2505253	0
1122.15	0	.7491146	0	.2508854	0
1121.15	0	.7487552	0	.2512448	0
1120.15	0	.7483966	0	.2516034	0
1119.15	0	.7480387	0	.2519613	0
1118.15	0	.7476815	0	.2523185	0
1117.15	0	.747325	0	.252675	0
1116.15	0	.7469693	0	.2530307	0
1115.15	0	.7466143	0	.2533857	0
1114.15	0	.74626	0	.25374	0
1113.15	0	.7459064	0	.2540936	0
1112.15	0	.7455535	0	.2544465	0
1111.15	0	.7452014	0	.2547986	0
1110.15	0	.74485	0	.25515	0
1109.15	0	.7444992	0	.2555008	0
1108.15	0	.7441492	0	.2558508	0
1107.15	0	.7437999	0	.2562001	0
1106.15	0	.7434513	0	.2565487	0
1105.15	0	.7431034	0	.2568966	0
1104.15	0	.7427563	0	.2572437	0
1103.15	0	.7424098	0	.2575902	0
1102.15	0	.742064	0	.257936	0
1101.15	0	.741719	0	.2582811	0
1100.15	0	.7413746	0	.2586254	0
1099.15	0	.7410309	0	.2589691	0
1098.15	0	.7406879	0	.2593121	0
1097.15	0	.7403456	0	.2596544	0
1096.15	0	.7400041	0	.2599959	0
1095.15	0	.7396632	0	.2603368	0
1094.15	0	.739323	0	.2606771	0
1093.15	0	.7389834	0	.2610166	0
1092.15	0	.7386446	0	.2613554	0
1091.15	0	.7383065	0	.2616935	0
1090.15	0	.737969	0	.262031	0
1089.15	0	.7376323	0	.2623677	0
1088.15	0	.7372962	0	.2627038	0
1087.15	0	.7369608	0	.2630392	0
1086.15	0	.7366261	0	.2633739	0
1085.15	0	.736292	0	.263708	0
1084.15	0	.7359587	0	.2640413	0
1083.15	0	.735626	0	.264374	0
1082.15	0	.735294	0	.264706	0
1081.15	0	.7349626	0	.2650374	0
1080.15	0	.734632	0	.265368	0
1079.15	0	.734302	0	.265698	0
1078.15	0	.7339727	0	.2660273	0
1077.15	0	.733644	0	.266356	0
1076.15	0	.733316	0	.266684	0
1075.15	0	.7329887	0	.2670113	0
1074.15	0	.7326621	0	.2673379	0
1073.15	0	.7323361	0	.2676639	0
1072.15	0	.7320108	0	.2679892	0
1071.15	0	.7316862	0	.2683139	0
1070.15	0	.7313622	0	.2686378	0
1069.15	0	.7310388	0	.2689612	0
1068.15	0	.7307162	0	.2692839	0
1067.15	0	.7303941	0	.2696059	0
1066.15	0	.7300728	0	.2699272	0
1065.15	0	.7297521	0	.2702479	0
1064.15	0	.729432	0	.270568	0
1063.15	0	.7291126	0	.2708874	0
1062.15	0	.7287939	0	.2712061	0
1061.15	0	.7284758	0	.2715242	0
1060.15	0	.7281584	0	.2718416	0
1059.15	0	.7278416	0	.2721584	0
1058.15	0	.7275254	0	.2724746	0
1057.15	0	.7272099	0	.2727901	0
1056.15	0	.7268951	0	.2731049	0
1055.15	0	.7265809	0	.2734191	0
1054.15	0	.7262673	0	.2737327	0
1053.15	0	.7259544	0	.2740456	0
1052.15	0	.7256421	0	.2743579	0
1051.15	0	.7253304	0	.2746696	0
1050.15	0	.7250194	0	.2749806	0
1049.15	0	.7247091	0	.2752909	0
1048.15	0	.7243993	0	.2756007	0
1047.15	0	.7240902	0	.2759098	0
1046.15	0	.7237818	0	.2762182	0
1045.15	0	.723474	0	.2765261	0
1044.15	0	.7231668	0	.2768332	0
1043.15	0	.7228602	0	.2771398	0
1042.15	0	.7225543	0	.2774457	0
1041.15	0	.722249	0	.277751	0
1040.15	0	.7219443	0	.2780557	0
1039.15	0	.7216402	0	.2783598	0
1038.15	0	.7213368	0	.2786632	0
1037.15	0	.721034	0	.278966	0
1036.15	0	.7207319	0	.2792681	0
1035.15	0	.7204303	0	.2795697	0
1034.15	0	.7201294	0	.2798706	0
1033.15	0	.7198291	0	.2801709	0
1032.15	0	.7195294	0	.2804706	0
1031.15	0	.7192303	0	.2807697	0
1030.15	0	.7189319	0	.2810681	0
1029.15	0	.7186341	0	.2813659	0
1028.15	0	.7183369	0	.2816631	0
1027.15	0	.7180403	0	.2819597	0
1026.15	0	.7177443	0	.2822557	0
1025.15	0	.7174489	0	.2825511	0
1024.15	0	.7171542	0	.2828458	0
1023.15	0	.71686	0	.28314	0
1022.15	0	.7165665	0	.2834335	0
1021.15	0	.7162736	0	.2837264	0
1020.15	0	.7159813	0	.2840187	0
1019.15	0	.7156896	0	.2843104	0
1018.15	0	.7153985	0	.2846015	0
1017.15	0	.715108	0	.284892	0
1016.15	0	.7148181	0	.2851819	0
1015.15	0	.7145288	0	.2854712	0
1014.15	0	.7142402	0	.2857598	0
1013.15	0	.7139521	0	.2860479	0
1012.15	0	.7136646	0	.2863354	0
1011.15	0	.7133777	0	.2866223	0
1010.15	0	.7130915	0	.2869085	0
1009.15	0	.7128058	0	.2871942	0
1008.15	0	.7125207	0	.2874793	0
1007.15	0	.7122363	0	.2877637	0
1006.15	0	.7119524	0	.2880476	0
1005.15	0	.7116691	0	.2883309	0
1004.15	0	.7113864	0	.2886136	0
1003.15	0	.7111044	0	.2888957	0
1002.15	0	.7108229	0	.2891771	0
1001.15	0	.710542	0	.2894581	0
1000.15	0	.7102616	0	.2897384	0
999.15	0	.7099819	0	.2900181	0
998.15	0	.7097028	0	.2902972	0
997.15	0	.7094243	0	.2905757	0
996.15	0	.7091463	0	.2908537	0
995.15	0	.708869	0	.2911311	0
994.15	0	.7085922	0	.2914078	0
993.15	0	.708316	0	.291684	0
992.15	0	.7080404	0	.2919596	0
991.15	0	.7077654	0	.2922346	0
990.15	0	.7074909	0	.2925091	0
989.15	0	.7072171	0	.2927829	0
988.15	0	.7069438	0	.2930562	0
987.15	0	.7066712	0	.2933288	0
986.15	0	.706399	0	.293601	0
985.15	0	.7061275	0	.2938725	0
984.15	0	.7058566	0	.2941434	0
983.15	0	.7055862	0	.2944138	0
982.15	0	.7053164	0	.2946836	0
981.15	0	.7050472	0	.2949528	0
980.15	0	.7047786	0	.2952214	0
979.15	0	.7045105	0	.2954895	0
978.15	0	.7042431	0	.2957569	0
977.15	0	.7039762	0	.2960239	0
976.15	0	.7037098	0	.2962902	0
975.15	0	.7034441	0	.2965559	0
974.15	0	.7031789	0	.2968211	0
973.15	0	.7029143	0	.2970857	0
972.15	0	.7026502	0	.2973498	0
971.15	0	.7023868	0	.2976132	0
970.15	0	.7021238	0	.2978762	0
969.15	0	.7018615	0	.2981385	0
968.15	0	.7015998	0	.2984002	0
967.15	0	.7013386	0	.2986614	0
966.15	0	.7010779	0	.2989221	0
965.15	0	.7008179	0	.2991821	0
964.15	0	.7005584	0	.2994416	0
963.15	0	.7002994	0	.2997006	0
962.15	0	.7000411	0	.2999589	0
961.15	0	.6997833	0	.3002167	0
960.15	0	.699526	0	.300474	0
959.15	0	.6992694	0	.3007306	0
958.15	0	.6990132	0	.3009868	0
957.15	0	.6987577	0	.3012423	0
956.15	0	.6985027	0	.3014973	0
955.15	0	.6982483	0	.3017517	0
954.15	0	.6979944	0	.3020056	0
953.15	0	.6977411	0	.3022589	0
952.15	0	.6974883	0	.3025117	0
951.15	0	.6972361	0	.3027639	0
950.15	0	.6969845	0	.3030155	0
949.15	0	.6967334	0	.3032666	0
948.15	0	.6964829	0	.3035171	0
947.15	0	.6962329	0	.3037671	0
946.15	0	.6959835	0	.3040165	0
945.15	0	.6957346	0	.3042654	0
944.15	0	.6954863	0	.3045137	0
943.15	0	.6952386	0	.3047614	0
942.15	0	.6949913	0	.3050087	0
941.15	0	.6947447	0	.3052553	0
940.15	0	.6944986	0	.3055014	0
939.15	0	.694253	0	.305747	0
938.15	0	.694008	0	.305992	0
937.15	0	.6937636	0	.3062364	0
936.15	0	.6935197	0	.3064803	0
935.15	0	.6932763	0	.3067237	0
934.15	0	.6930335	0	.3069665	0
933.15	0	.6927913	0	.3072087	0
932.15	0	.6925496	0	.3074504	0
931.15	0	.6923084	0	.3076916	0
930.15	0	.6920678	0	.3079322	0
929.15	0	.6918277	0	.3081723	0
928.15	0	.6915882	0	.3084118	0
927.15	0	.6913492	0	.3086508	0
926.15	0	.6911107	0	.3088893	0
925.15	0	.6908729	0	.3091272	0
924.15	0	.6906355	0	.3093645	0
923.15	0	.6903987	0	.3096013	0
922.15	0	.6901624	0	.3098376	0
921.15	0	.6899267	0	.3100733	0
920.15	0	.6896915	0	.3103085	0
919.15	0	.6894569	0	.3105431	0
918.15	0	.6892227	0	.3107773	0
917.15	0	.6889892	0	.3110108	0
916.15	0	.6887562	0	.3112439	0
915.15	0	.6885237	0	.3114763	0
914.15	0	.6882917	0	.3117083	0
913.15	0	.6880603	0	.3119397	0
912.15	0	.6878294	0	.3121706	0
911.15	0	.6875991	0	.3124009	0
910.15	0	.6873693	0	.3126307	0
909.15	0	.68714	0	.31286	0
908.15	0	.6869113	0	.3130887	0
907.15	0	.6866831	0	.3133169	0
906.15	0	.6864554	0	.3135446	0
905.15	0	.6862283	0	.3137717	0
904.15	0	.6860017	0	.3139983	0
903.15	0	.6857756	0	.3142244	0
902.15	0	.6855501	0	.3144499	0
901.15	0	.6853251	0	.3146749	0
900.15	0	.6851006	0	.3148994	0
899.15	0	.6848766	0	.3151234	0
898.15	0	.6846532	0	.3153468	0
897.15	0	.6844303	0	.3155697	0
896.15	0	.684208	0	.315792	0
895.15	0	.6839862	0	.3160138	0
894.15	0	.6837649	0	.3162351	0
893.15	0	.6835441	0	.3164559	0
892.15	0	.6833239	0	.3166761	0
891.15	0	.6831042	0	.3168958	0
890.15	0	.682885	0	.317115	0
889.15	0	.6826664	0	.3173337	0
888.15	0	.6824482	0	.3175518	0
887.15	0	.6822306	0	.3177694	0
886.15	0	.6820135	0	.3179865	0
885.15	0	.681797	0	.318203	0
884.15	0	.681581	0	.318419	0
883.15	0	.6813655	0	.3186345	0
882.15	0	.6811505	0	.3188495	0
881.15	0	.680936	0	.319064	0
880.15	0	.6807221	0	.3192779	0
879.15	0	.6805087	0	.3194913	0
878.15	0	.6802958	0	.3197042	0
877.15	0	.6800834	0	.3199166	0
876.15	0	.6798716	0	.3201284	0
875.15	0	.6796603	0	.3203397	0
874.15	0	.6794495	0	.3205505	0
873.15	0	.6792392	0	.3207608	0
872.15	0	.6790294	0	.3209706	0
871.15	0	.6788202	0	.3211798	0
870.15	0	.6786114	0	.3213886	0
869.15	0	.6784032	0	.3215968	0
868.15	0	.6781955	0	.3218045	0
867.15	0	.6779884	0	.3220116	0
866.15	0	.6777817	0	.3222183	0
865.15	0	.6775756	0	.3224244	0
864.15	0	.67737	0	.32263	0
863.15	0	.6771649	0	.3228352	0
862.15	0	.6769603	0	.3230397	0
861.15	0	.6767562	0	.3232438	0
860.15	0	.6765526	0	.3234474	0
859.15	0	.6763496	0	.3236504	0
858.15	0	.6761471	0	.3238529	0
857.15	0	.675945	0	.324055	0
856.7203	0	.6758584	0	.3241416	0
856.7203	0	.6758584	0	.3241416	0
856.7203	0	.6758584	0	.3241416	0
856.15	0	.6754082	3.918322E-04	.3242	0
855.15	0	.6746189	.0010798	.3243013	0
854.15	0	.6738298	.001769044	.3244012	0
853.15	0	.6730407	.002459637	.3244996	0
852.15	0	.6722517	.003151654	.3245966	0
851.15	0	.6714626	.003845172	.3246922	0
850.15	0	.6706735	.004540271	.3247863	0
849.15	0	.6698841	.005237033	.3248789	0
848.15	0	.6690945	.005935544	.3249699	0
847.15	0	.6683046	.00663589	.3250595	0
846.15	0	.6675144	.007338163	.3251475	0
845.15	0	.6667237	.008042456	.3252339	0
844.15	0	.6659325	.008748867	.3253187	0
843.15	0	.6651407	.009457496	.3254018	0
842.15	0	.6643482	.01016845	.3254834	0
841.15	0	.6635549	.01088183	.3255632	0
840.15	0	.6627609	.01159775	.3256414	0
839.15	0	.6619658	.01231633	.3257178	0
838.15	0	.6611698	.01303769	.3257925	0
837.15	0	.6603726	.01376195	.3258654	0
836.15	0	.6595742	.01448924	.3259365	0
835.15	0	.6587745	.01521969	.3260058	0
834.15	0	.6579734	.01595346	.3260732	0
833.15	0	.6571707	.01669067	.3261387	0
832.15	0	.6563663	.01743149	.3262022	0
831.15	0	.6555602	.01817607	.3262638	0
830.15	0	.6547521	.01892457	.3263233	0
829.15	0	.653942	.01967718	.3263808	0
828.15	0	.6531297	.02043405	.3264362	0
827.15	0	.6523151	.0211954	.3264895	0
826.15	0	.651498	.0219614	.3265406	0
825.15	0	.6506782	.02273227	.3265895	0
824.15	0	.6498557	.02350821	.3266361	0
823.15	0	.6490301	.02428947	.3266804	0
822.15	0	.6482014	.02507626	.3267223	0
821.15	0	.6473693	.02586885	.3267618	0
820.15	0	.6465337	.02666748	.3267988	0
819.15	0	.6456943	.02747244	.3268332	0
818.15	0	.6448509	.02828402	.326865	0
817.15	0	.6440033	.02910252	.3268942	0
816.15	0	.6431512	.02992827	.3269205	0
815.15	0	.6422943	.0307616	.3269441	0
814.15	0	.6414324	.03160287	.3269647	0
813.15	0	.6405652	.03245248	.3269823	0
812.15	0	.6396923	.03331083	.3269969	0
811.15	0	.6388135	.03417835	.3270082	0
810.15	0	.6379283	.03505551	.3270162	0
809.15	0	.6370363	.03594279	.3270209	0
808.15	0	.6361373	.03684072	.327022	0
807.15	0	.6352306	.03774987	.3270195	0
806.15	0	.634316	.03867084	.3270132	0
805.15	0	.6333927	.03960427	.327003	0
804.15	0	.6324604	.04055088	.3269887	0
803.15	0	.6315184	.04151142	.3269702	0
802.15	0	.6305661	.04248669	.3269472	0
801.15	0	.6296028	.0434776	.3269196	0
800.15	0	.6286277	.04448509	.3268872	0
799.15	0	.6276401	.04551023	.3268497	0
798.15	0	.6266389	.04655417	.3268069	0
797.15	0	.6256233	.04761816	.3267585	0
796.15	0	.6245922	.0487036	.3267042	0
795.15	0	.6235443	.04981202	.3266437	0
794.15	0	.6224783	.05094513	.3265765	0
793.15	0	.6213928	.05210483	.3265024	0
792.15	0	.620008	.05362844	.3263635	0
791.15	0	.6182244	.05563835	.3261372	0
790.15	0	.6165193	.05755996	.3259208	0
789.15	0	.6148856	.05940062	.3257137	0
788.15	0	.6133189	.06116576	.3255154	0
787.15	0	.6118143	.06286069	.325325	0
786.15	0	.6103675	.0644902	.3251423	0
785.15	0	.6089748	.06605866	.3249665	0
784.15	0	.6076327	.06757001	.3247973	0
783.15	0	.6063378	.06902785	.3246344	0
782.15	0	.6050873	.07043549	.3244772	0
781.15	0	.6038786	.07179592	.3243254	0
780.15	0	.6027093	.07311192	.3241788	0
779.15	0	.601577	.074386	.324037	0
778.15	0	.6004797	.07562051	.3238998	0
777.15	0	.5994156	.0768176	.3237668	0
776.15	0	.5983828	.07797926	.3236379	0
775.15	0	.5973798	.07910733	.3235129	0
774.15	0	.596405	.08020351	.3233915	0
773.15	0	.5954571	.0812694	.3232735	0
772.15	0	.5945348	.08230646	.3231587	0
771.15	0	.5936368	.08331608	.3230471	0
770.15	0	.592762	.08429953	.3229385	0
769.15	0	.5919094	.08525801	.3228326	0
768.15	0	.591078	.08619265	.3227294	0
767.15	0	.5902668	.0871045	.3226287	0
766.15	0	.5894751	.08799454	.3225304	0
765.15	0	.5887019	.0888637	.3224345	0
764.15	0	.5879465	.08971284	.3223407	0
763.15	0	.5872082	.0905428	.322249	0
762.15	0	.5864863	.09135435	.3221593	0
761.15	0	.5857802	.0921482	.3220716	0
760.15	0	.5850893	.09292506	.3219857	0
759.15	0	.5844129	.09368557	.3219015	0
758.15	0	.5837506	.09443036	.321819	0
757.15	0	.5831019	.09516	.3217381	0
756.15	0	.5824662	.09587505	.3216588	0
755.15	0	.581843	.09657604	.3215809	0
754.15	0	.5812321	.09726345	.3215045	0
753.15	0	.5806328	.09793778	.3214294	0
752.15	0	.5800449	.09859947	.3213556	0
751.15	0	.579468	.09924895	.3212831	0
750.15	0	.5789016	.09988663	.3212118	0
749.15	0	.5783455	.1005129	.3211416	0
748.15	0	.5777993	.1011281	.3210725	0
747.15	0	.5772628	.1017327	.3210046	0
746.15	0	.5767355	.1023269	.3209376	0
745.15	0	.5762173	.1029111	.3208717	0
744.15	0	.5757078	.1034855	.3208067	0
743.15	0	.5752068	.1040506	.3207426	0
742.15	0	.5747141	.1046066	.3206794	0
741.15	0	.5742293	.1051536	.320617	0
740.15	0	.5737524	.1056921	.3205555	0
739.15	0	.5732829	.1062223	.3204948	0
738.15	0	.5728208	.1067443	.3204348	0
737.15	0	.5723659	.1072585	.3203756	0
736.15	0	.5719179	.107765	.3203171	0
735.15	0	.5714766	.1082641	.3202593	0
734.15	0	.5710419	.108756	.3202022	0
733.15	0	.5706136	.1092408	.3201457	0
732.15	0	.5701915	.1097188	.3200898	0
731.15	0	.5697754	.1101901	.3200345	0
730.15	0	.5693653	.1106549	.3199798	0
729.15	0	.568961	.1111134	.3199256	0
728.15	0	.5685622	.1115658	.319872	0
727.15	0	.5681689	.1120121	.3198189	0
726.15	0	.567781	.1124526	.3197664	0
725.15	0	.5673983	.1128875	.3197143	0
724.15	0	.5670206	.1133167	.3196627	0
723.15	0	.5666479	.1137405	.3196115	0
722.15	0	.5662801	.1141591	.3195608	0
721.15	0	.565917	.1145725	.3195106	0
720.15	0	.5655585	.1149808	.3194607	0
719.15	0	.5652045	.1153842	.3194112	0
718.15	0	.564855	.1157829	.3193622	0
717.15	0	.5645097	.1161768	.3193135	0
716.15	0	.5641687	.1165661	.3192652	0
715.15	0	.5638318	.116951	.3192172	0
714.15	0	.5634989	.1173315	.3191696	0
713.15	0	.56317	.1177077	.3191223	0
712.15	0	.562845	.1180797	.3190753	0
711.15	0	.5625237	.1184476	.3190287	0
710.15	0	.5622061	.1188115	.3189823	0
709.15	0	.5618922	.1191715	.3189363	0
708.15	0	.5615818	.1195277	.3188905	0
707.15	0	.5612749	.1198801	.318845	0
706.15	0	.5609713	.1202289	.3187998	0
705.15	0	.5606712	.120574	.3187549	0
704.15	0	.5603742	.1209156	.3187102	0
703.15	0	.5600805	.1212538	.3186657	0
702.15	0	.55979	.1215886	.3186215	0
701.15	0	.5595025	.12192	.3185775	0
700.15	0	.559218	.1222483	.3185337	0
699.15	0	.5589365	.1225733	.3184902	0
698.15	0	.5586579	.1228952	.3184468	0
697.15	0	.5583822	.1232141	.3184037	0
696.15	0	.5581093	.12353	.3183608	0
695.15	0	.5578391	.1238429	.318318	0
694.15	0	.5575716	.1241529	.3182755	0
693.15	0	.5573067	.1244601	.3182331	0
692.15	0	.5570445	.1247646	.3181909	0
691.15	0	.5567848	.1250663	.3181489	0
690.15	0	.5565276	.1253653	.3181071	0
689.15	0	.5562729	.1256617	.3180654	0
688.15	0	.5560206	.1259555	.3180239	0
687.15	0	.5557707	.1262468	.3179825	0
686.15	0	.5555231	.1265356	.3179413	0
685.15	0	.5552778	.126822	.3179002	0
684.15	0	.5550348	.127106	.3178593	0
683.15	0	.554794	.1273876	.3178185	0
682.15	0	.5545554	.1276669	.3177778	0
681.15	0	.5543189	.1279439	.3177373	0
680.15	0	.5540845	.1282186	.3176969	0
679.15	0	.5538522	.1284912	.3176566	0
678.15	0	.553622	.1287616	.3176164	0
677.15	0	.5533937	.1290299	.3175764	0
676.15	0	.5531675	.1292961	.3175364	0
675.15	0	.5529432	.1295602	.3174966	0
674.15	0	.5527208	.1298223	.3174569	0
673.15	0	.5525003	.1300825	.3174173	0
672.15	0	.5522816	.1303406	.3173778	0
671.15	0	.5520648	.1305969	.3173384	0
670.15	0	.5518498	.1308512	.3172991	0
669.15	0	.5516365	.1311036	.3172598	0
668.15	0	.551425	.1313543	.3172207	0
667.15	0	.5512152	.1316031	.3171817	0
666.15	0	.5510072	.1318501	.3171427	0
665.15	0	.5508007	.1320954	.3171039	0
664.15	0	.550596	.132339	.3170651	0
663.15	0	.5503928	.1325808	.3170264	0
662.15	0	.5501913	.132821	.3169877	0
661.15	0	.5499913	.1330595	.3169492	0
660.15	0	.5497929	.1332964	.3169107	0
659.15	0	.549596	.1335317	.3168723	0
658.15	0	.5494006	.1337654	.316834	0
657.15	0	.5492067	.1339976	.3167957	0
656.15	0	.5490143	.1342282	.3167575	0
655.15	0	.5488233	.1344573	.3167194	0
654.15	0	.5486337	.1346849	.3166814	0
653.15	0	.5484456	.1349111	.3166434	0
652.15	0	.5482588	.1351358	.3166054	0
651.15	0	.5480734	.135359	.3165675	0
650.15	0	.5478894	.1355809	.3165297	0
649.15	0	.5477067	.1358013	.316492	0
648.15	0	.5475253	.1360204	.3164543	0
647.15	0	.5473453	.1362382	.3164166	0
646.15	0	.5471665	.1364545	.316379	0
645.15	0	.5469889	.1366696	.3163415	0
644.15	0	.5468127	.1368834	.316304	0
643.15	0	.5466376	.1370959	.3162665	0
642.15	0	.5464638	.1373071	.3162291	0
641.15	0	.5462912	.137517	.3161918	0
640.15	0	.5461197	.1377258	.3161545	0
639.15	0	.5459495	.1379333	.3161173	0
638.15	0	.5457804	.1381396	.31608	0
637.15	0	.5456124	.1383447	.3160429	0
636.15	0	.5454456	.1385486	.3160058	0
635.15	0	.5452799	.1387514	.3159687	0
634.15	0	.5451153	.138953	.3159317	0
633.15	0	.5449519	.1391535	.3158947	0
632.15	0	.5447894	.1393528	.3158577	0
631.15	0	.5446281	.1395511	.3158208	0
630.15	0	.5444678	.1397482	.315784	0
629.15	0	.5443085	.1399443	.3157471	0
628.15	0	.5441503	.1401393	.3157103	0
627.15	0	.5439931	.1403333	.3156736	0
626.15	0	.5438369	.1405262	.3156369	0
625.15	0	.5436817	.1407181	.3156002	0
624.15	0	.5435275	.1409089	.3155636	0
623.15	0	.5433743	.1410988	.3155269	0
622.15	0	.543222	.1412876	.3154904	0
621.15	0	.5430707	.1414755	.3154538	0
620.15	0	.5429203	.1416624	.3154173	0
619.15	0	.5427709	.1418483	.3153809	0
618.15	0	.5426224	.1420332	.3153444	0
617.15	0	.5424747	.1422172	.315308	0
616.15	0	.542328	.1424003	.3152717	0
615.15	0	.5421822	.1425825	.3152353	0
614.15	0	.5420373	.1427637	.315199	0
613.15	0	.5418933	.142944	.3151627	0
612.15	0	.5417501	.1431234	.3151265	0
611.15	0	.5416078	.143302	.3150903	0
610.15	0	.5414663	.1434796	.3150541	0
609.15	0	.5413256	.1436564	.315018	0
608.15	0	.5411859	.1438323	.3149818	0
607.15	0	.5410469	.1440074	.3149458	0
606.15	0	.5409087	.1441816	.3149097	0
605.15	0	.5407714	.144355	.3148737	0
604.15	0	.5406348	.1445275	.3148377	0
603.15	0	.5404991	.1446992	.3148017	0
602.15	0	.5403641	.1448702	.3147658	0
601.15	0	.5402299	.1450403	.3147299	0
600.15	0	.5400964	.1452096	.314694	0
599.15	0	.5399638	.1453781	.3146581	0
598.15	0	.5398319	.1455458	.3146223	0
597.15	0	.5397007	.1457127	.3145865	0
596.15	0	.5395703	.1458789	.3145508	0
595.15	0	.5394406	.1460443	.3145151	0
594.15	0	.5393117	.146209	.3144794	0
593.15	0	.5391835	.1463729	.3144437	0
592.15	0	.5390559	.146536	.314408	0
591.15	0	.5389291	.1466984	.3143724	0
590.15	0	.538803	.1468601	.3143369	0
589.15	0	.5386776	.1470211	.3143013	0
588.15	0	.5385529	.1471813	.3142658	0
587.15	0	.5384289	.1473408	.3142303	0
586.15	0	.5383055	.1474997	.3141948	0
585.15	0	.5381828	.1476578	.3141594	0
584.15	0	.5380608	.1478152	.314124	0
583.15	0	.5379395	.1479719	.3140886	0
582.15	0	.5378188	.1481279	.3140533	0
581.15	0	.5376988	.1482833	.314018	0
580.15	0	.5375794	.148438	.3139827	0
579.15	0	.5374606	.148592	.3139474	0
578.15	0	.5373425	.1487453	.3139122	0
577.15	0	.537225	.148898	.313877	0
576.15	0	.5371081	.14905	.3138419	0
575.15	0	.5369919	.1492014	.3138067	0
574.15	0	.5368763	.1493521	.3137716	0
573.15	0	.5367612	.1495022	.3137366	0
572.15	0	.5366468	.1496516	.3137015	0
571.15	0	.536533	.1498005	.3136665	0
570.15	0	.5364198	.1499486	.3136316	0
569.15	0	.5363072	.1500962	.3135966	0
568.15	0	.5361951	.1502431	.3135617	0
567.15	0	.5360837	.1503895	.3135269	0
566.15	0	.5359728	.1505352	.313492	0
565.15	0	.5358625	.1506803	.3134572	0
564.15	0	.5357528	.1508248	.3134224	0
563.15	0	.5356436	.1509687	.3133877	0
562.15	0	.535535	.151112	.313353	0
561.15	0	.535427	.1512547	.3133183	0
560.15	0	.5353195	.1513968	.3132837	0
559.15	0	.5352125	.1515384	.3132491	0
558.15	0	.5351061	.1516793	.3132145	0
557.15	0	.5350003	.1518197	.31318	0
556.15	0	.534895	.1519595	.3131455	0
555.15	0	.5347902	.1520988	.3131111	0
554.15	0	.5346859	.1522374	.3130766	0
553.15	0	.5345822	.1523756	.3130422	0
552.15	0	.534479	.1525131	.3130079	0
551.15	0	.5343763	.1526501	.3129736	0
550.15	0	.5342742	.1527865	.3129393	0
549.15	0	.5341725	.1529224	.3129051	0
548.15	0	.5340714	.1530578	.3128709	0
547.15	0	.5339708	.1531925	.3128367	0
546.15	0	.5338706	.1533268	.3128026	0
545.15	0	.533771	.1534605	.3127685	0
544.15	0	.533672	.1535937	.3127344	0
543.15	0	.5335733	.1537263	.3127004	0
542.15	0	.5334752	.1538584	.3126664	0
541.15	0	.5333775	.15399	.3126325	0
540.15	0	.5332803	.1541211	.3125986	0
539.15	0	.5331837	.1542516	.3125648	0
538.15	0	.5330874	.1543816	.312531	0
537.15	0	.5329917	.1545111	.3124972	0
536.15	0	.5328964	.1546401	.3124635	0
535.15	0	.5328017	.1547685	.3124298	0
534.15	0	.5327073	.1548965	.3123962	0
533.15	0	.5326135	.1550239	.3123626	0
532.15	0	.5325201	.1551509	.312329	0
531.15	0	.5324271	.1552773	.3122955	0
530.15	0	.5323347	.1554032	.3122621	0
529.15	0	.5322426	.1555287	.3122287	0
528.15	0	.532151	.1556536	.3121953	0
527.15	0	.5320599	.1557781	.312162	0
526.15	0	.5319692	.155902	.3121287	0
525.15	0	.531879	.1560255	.3120955	0
524.15	0	.5317892	.1561485	.3120623	0
523.15	0	.5316999	.156271	.3120292	0
522.15	0	.5316109	.156393	.3119961	0
521.15	0	.5315225	.1565145	.3119631	0
520.15	0	.5314344	.1566355	.3119301	0
519.15	0	.5313468	.1567561	.3118971	0
518.15	0	.5312596	.1568762	.3118642	0
517.15	0	.5311728	.1569958	.3118314	0
516.15	0	.5310865	.1571149	.3117986	0
515.15	0	.5310006	.1572336	.3117659	0
514.15	0	.530915	.1573518	.3117332	0
513.15	0	.53083	.1574695	.3117005	0
512.15	0	.5307453	.1575868	.3116679	0
511.15	0	.530661	.1577036	.3116354	0
510.15	0	.5305772	.1578199	.3116029	0
509.15	0	.5304937	.1579358	.3115705	0
508.15	0	.5304107	.1580512	.3115381	0
507.15	0	.530328	.1581662	.3115058	0
506.15	0	.5302458	.1582807	.3114735	0
505.15	0	.530164	.1583947	.3114413	0
504.15	0	.5300826	.1585083	.3114091	0
503.15	0	.5300015	.1586215	.311377	0
502.15	0	.5299209	.1587342	.311345	0
501.15	0	.5298406	.1588464	.311313	0
500.15	0	.5297608	.1589582	.311281	0
499.15	0	.5296813	.1590695	.3112492	0
498.15	0	.5296022	.1591804	.3112173	0
497.15	0	.5295235	.1592909	.3111856	0
496.15	0	.5294452	.1594009	.3111539	0
495.15	0	.5293673	.1595105	.3111222	0
494.15	0	.5292897	.1596196	.3110906	0
493.15	0	.5292126	.1597283	.3110591	0
492.15	0	.5291358	.1598366	.3110276	0
491.15	0	.5290594	.1599444	.3109962	0
490.15	0	.5289833	.1600518	.3109649	0
489.15	0	.5289077	.1601588	.3109336	0
488.15	0	.5288323	.1602653	.3109024	0
487.15	0	.5287574	.1603714	.3108712	0
486.15	0	.5286829	.160477	.3108401	0
485.15	0	.5286087	.1605823	.3108091	0
484.15	0	.5285348	.1606871	.3107781	0
483.15	0	.5284614	.1607914	.3107472	0
482.15	0	.5283883	.1608954	.3107164	0
481.15	0	.5283155	.1609989	.3106856	0
480.15	0	.5282431	.161102	.3106549	0
479.15	0	.5281711	.1612047	.3106242	0
478.15	0	.5280994	.161307	.3105936	0
477.15	0	.5280281	.1614088	.3105631	0
476.15	0	.5279571	.1615102	.3105327	0
475.15	0	.5278865	.1616112	.3105023	0
474.15	0	.5278162	.1617118	.310472	0
473.15	0	.5277463	.1618119	.3104418	0
472.15	0	.5276767	.1619117	.3104116	0
471.15	0	.5276075	.162011	.3103815	0
470.15	0	.5275386	.1621099	.3103514	0
469.15	0	.5274701	.1622084	.3103215	0
468.15	0	.5274019	.1623065	.3102916	0
467.15	0	.527334	.1624042	.3102618	0
466.15	0	.5272665	.1625015	.310232	0
465.15	0	.5271994	.1625983	.3102023	0
464.15	0	.5271325	.1626948	.3101727	0
463.15	0	.527066	.1627908	.3101432	0
462.15	0	.5269998	.1628864	.3101137	0
461.15	0	.526934	.1629817	.3100843	0
460.15	0	.5268685	.1630765	.310055	0
459.15	0	.5268033	.1631709	.3100258	0
458.15	0	.5267385	.1632649	.3099966	0
457.15	0	.526674	.1633585	.3099675	0
456.15	0	.5266098	.1634517	.3099385	0
455.15	0	.5265459	.1635445	.3099096	0
454.15	0	.5264824	.1636369	.3098807	0
453.15	0	.5264192	.1637289	.3098519	0
452.15	0	.5263563	.1638205	.3098232	0
451.15	0	.5262937	.1639117	.3097946	0
450.15	0	.5262315	.1640025	.309766	0
449.15	0	.5261695	.1640929	.3097376	0
448.15	0	.526108	.1641828	.3097092	0
447.15	0	.5260467	.1642724	.3096809	0
446.15	0	.5259858	.1643615	.3096527	0
445.15	0	.5259252	.1644502	.3096246	0
444.15	0	.525865	.1645385	.3095966	0
443.15	0	.525805	.1646263	.3095686	0
442.15	0	.5257454	.1647138	.3095408	0
441.15	0	.5256862	.1648008	.309513	0
440.15	0	.5256273	.1648874	.3094854	0
439.15	0	.5255687	.1649735	.3094578	0
438.15	0	.5255104	.1650592	.3094304	0
437.15	0	.5254525	.1651445	.309403	0
436.15	0	.525395	.1652293	.3093758	0
435.15	0	.5253378	.1653136	.3093486	0
434.15	0	.5252809	.1653976	.3093216	0
433.15	0	.5252244	.165481	.3092946	0
432.15	0	.5251682	.165564	.3092678	0
431.15	0	.5251123	.1656466	.3092411	0
430.15	0	.5250568	.1657287	.3092145	0
429.15	0	.5250017	.1658103	.309188	0
428.15	0	.5249469	.1658915	.3091616	0
427.15	0	.5248924	.1659723	.3091353	0
426.15	0	.5248383	.1660525	.3091092	0
425.15	0	.5247846	.1661323	.3090831	0
424.15	0	.5247312	.1662117	.3090572	0
423.15	0	.5246781	.1662905	.3090314	0
422.15	0	.5246254	.166369	.3090057	0
421.15	0	.524573	.1664469	.3089801	0
420.15	0	.524521	.1665244	.3089547	0
419.15	0	.5244693	.1666014	.3089293	0
418.15	0	.5244179	.166678	.3089041	0
417.15	0	.5243669	.1667541	.308879	0
416.15	0	.5243163	.1668297	.308854	0
415.15	0	.524266	.1669049	.3088292	0
414.15	0	.524216	.1669796	.3088045	0
413.15	0	.5241663	.1670538	.3087799	0
412.15	0	.524117	.1671276	.3087554	0
411.15	0	.5240681	.1672009	.308731	0
410.15	0	.5240194	.1672738	.3087068	0
409.15	0	.5239711	.1673462	.3086827	0
408.15	0	.5239232	.1674182	.3086587	0
407.15	0	.5238755	.1674897	.3086348	0
406.15	0	.5238283	.1675607	.308611	0
405.15	0	.5237813	.1676313	.3085874	0
404.15	0	.5237346	.1677014	.3085639	0
403.15	0	.5236883	.1677711	.3085406	0
402.15	0	.5236423	.1678404	.3085173	0
401.15	0	.5235967	.1679092	.3084942	0
400.15	0	.5235513	.1679775	.3084712	0
399.15	0	.5235063	.1680454	.3084483	0
398.15	0	.5234616	.1681129	.3084255	0
397.15	0	.5234172	.1681799	.3084029	0
396.15	0	.5233731	.1682465	.3083804	0
395.15	0	.5233293	.1683127	.308358	0
394.15	0	.5232859	.1683784	.3083357	0
393.15	0	.5232427	.1684437	.3083136	0
392.15	0	.5231999	.1685086	.3082916	0
391.15	0	.5231573	.168573	.3082697	0
390.15	0	.5231151	.168637	.3082479	0
389.15	0	.5230731	.1687006	.3082263	0
388.15	0	.5230315	.1687638	.3082047	0
387.15	0	.5229902	.1688265	.3081833	0
386.15	0	.5229491	.1688889	.308162	0
385.15	0	.5229084	.1689508	.3081409	0
384.15	0	.5228679	.1690123	.3081198	0
383.15	0	.5228277	.1690734	.3080989	0
382.15	0	.5227878	.1691342	.3080781	0
381.15	0	.5227482	.1691945	.3080574	0
380.15	0	.5227088	.1692544	.3080368	0
379.15	0	.5226698	.1693139	.3080163	0
378.15	0	.522631	.169373	.307996	0
377.15	0	.5225925	.1694317	.3079758	0
376.15	0	.5225543	.1694901	.3079557	0
375.15	0	.5225163	.169548	.3079357	0
374.15	0	.5224786	.1696056	.3079158	0
373.15	0	.5224412	.1696628	.307896	0
372.15	0	.522404	.1697196	.3078764	0
371.15	0	.5223671	.1697761	.3078568	0
370.15	0	.5223304	.1698321	.3078374	0
369.15	0	.522294	.1698879	.3078181	0
368.15	0	.5222579	.1699432	.3077989	0
367.15	0	.522222	.1699982	.3077798	0
366.15	0	.5221864	.1700528	.3077609	0
365.15	0	.522151	.1701071	.307742	0
364.15	0	.5221158	.170161	.3077232	0
363.15	0	.5220809	.1702145	.3077046	0
362.15	0	.5220462	.1702677	.307686	0
361.15	0	.5220118	.1703206	.3076676	0
360.15	0	.5219776	.1703731	.3076493	0
359.15	0	.5219436	.1704253	.3076311	0
358.15	0	.5219099	.1704771	.307613	0
357.15	0	.5218764	.1705287	.307595	0
356.15	0	.5218431	.1705798	.3075771	0
355.15	0	.52181	.1706307	.3075593	0
354.15	0	.5217772	.1706812	.3075416	0
353.15	0	.5217446	.1707314	.307524	0
352.15	0	.5217122	.1707813	.3075065	0
351.15	0	.52168	.1708309	.3074891	0
350.15	0	.521648	.1708802	.3074718	0
349.15	0	.5216162	.1709291	.3074547	0
348.15	0	.5215846	.1709778	.3074376	0
347.15	0	.5215533	.1710261	.3074206	0
346.15	0	.5215221	.1710741	.3074037	0
345.15	0	.5214912	.1711219	.3073869	0
344.15	0	.5214604	.1711693	.3073703	0
343.15	0	.5214298	.1712165	.3073537	0
342.15	0	.5213995	.1712633	.3073372	0
341.15	0	.5213693	.1713099	.3073208	0
340.15	0	.5213393	.1713562	.3073045	0
339.15	0	.5213095	.1714022	.3072883	0
338.15	0	.5212799	.1714479	.3072722	0
337.15	0	.5212504	.1714934	.3072562	0
336.15	0	.5212212	.1715386	.3072403	0
335.15	0	.5211921	.1715835	.3072245	0
334.15	0	.5211632	.1716281	.3072087	0
333.15	0	.5211345	.1716725	.3071931	0
332.15	0	.5211059	.1717166	.3071775	0
331.15	0	.5210775	.1717604	.3071621	0
330.15	0	.5210493	.171804	.3071467	0
329.15	0	.5210212	.1718474	.3071314	0
328.15	0	.5209933	.1718904	.3071162	0
327.15	0	.5209656	.1719333	.3071011	0
326.15	0	.520938	.1719759	.3070861	0
325.15	0	.5209106	.1720182	.3070712	0
324.15	0	.5208833	.1720603	.3070564	0
323.15	0	.5208563	.1721022	.3070416	0
