T	 BPW(LIQUID)	BPW(BCC_A2)	BPW(FCC_A1)	BPW(LAVES_PHASE_C14)	BPW(NI3TI)
1473.15	.3056083	.6943917	0	0	0
1472.15	.3030897	.6969103	0	0	0
1471.15	.3005871	.6994129	0	0	0
1470.15	.2981002	.7018998	0	0	0
1469.15	.2956291	.7043709	0	0	0
1468.15	.2931735	.7068265	0	0	0
1467.15	.2907333	.7092667	0	0	0
1466.15	.2883084	.7116916	0	0	0
1465.15	.2858987	.7141013	0	0	0
1464.15	.283504	.716496	0	0	0
1463.15	.2811242	.7188758	0	0	0
1462.15	.2787592	.7212408	0	0	0
1461.15	.2764088	.7235912	0	0	0
1460.15	.274073	.7259271	0	0	0
1459.15	.2717515	.7282485	0	0	0
1458.15	.2694444	.7305556	0	0	0
1457.15	.2671514	.7328486	0	0	0
1456.15	.2648725	.7351275	0	0	0
1455.15	.2626075	.7373925	0	0	0
1454.15	.2603564	.7396436	0	0	0
1453.15	.258119	.7418811	0	0	0
1452.15	.2558951	.7441049	0	0	0
1451.15	.2536848	.7463152	0	0	0
1450.15	.2514878	.7485122	0	0	0
1449.15	.2493042	.7506958	0	0	0
1448.15	.2471337	.7528664	0	0	0
1447.15	.2449762	.7550238	0	0	0
1446.15	.2428317	.7571683	0	0	0
1445.15	.2407001	.7592999	0	0	0
1444.15	.2385812	.7614188	0	0	0
1443.15	.236475	.763525	0	0	0
1442.15	.2343813	.7656187	0	0	0
1441.15	.2323001	.7676999	0	0	0
1440.15	.2302312	.7697688	0	0	0
1439.15	.2281746	.7718254	0	0	0
1438.15	.2261302	.7738698	0	0	0
1437.15	.2240978	.7759022	0	0	0
1436.15	.2220774	.7779226	0	0	0
1435.15	.2200689	.7799311	0	0	0
1434.15	.2180722	.7819278	0	0	0
1433.15	.2160872	.7839128	0	0	0
1432.15	.2141138	.7858862	0	0	0
1431.15	.2121519	.7878481	0	0	0
1430.15	.2102014	.7897986	0	0	0
1429.15	.2082623	.7917377	0	0	0
1428.15	.2063345	.7936655	0	0	0
1427.15	.2044178	.7955822	0	0	0
1426.15	.2025122	.7974878	0	0	0
1425.15	.2006177	.7993823	0	0	0
1424.15	.198734	.801266	0	0	0
1423.15	.1968612	.8031388	0	0	0
1422.15	.1949992	.8050008	0	0	0
1421.15	.1931479	.8068521	0	0	0
1420.15	.1913071	.8086929	0	0	0
1419.15	.1894769	.8105231	0	0	0
1418.15	.1876571	.8123429	0	0	0
1417.15	.1858477	.8141523	0	0	0
1416.15	.1840487	.8159513	0	0	0
1415.15	.1822598	.8177402	0	0	0
1414.15	.1804811	.8195189	0	0	0
1413.15	.1787124	.8212876	0	0	0
1412.15	.1769538	.8230462	0	0	0
1411.15	.175205	.824795	0	0	0
1410.15	.1734662	.8265338	0	0	0
1409.15	.1717371	.8282629	0	0	0
1408.15	.1700178	.8299822	0	0	0
1407.15	.1683081	.8316919	0	0	0
1406.15	.166608	.8333921	0	0	0
1405.15	.1649173	.8350827	0	0	0
1404.15	.1632362	.8367638	0	0	0
1403.15	.1615644	.8384356	0	0	0
1402.15	.1599019	.8400981	0	0	0
1401.15	.1582487	.8417513	0	0	0
1400.15	.1566047	.8433953	0	0	0
1399.15	.1549698	.8450302	0	0	0
1398.15	.1533439	.8466561	0	0	0
1397.15	.1517271	.8482729	0	0	0
1396.15	.1501191	.8498809	0	0	0
1395.15	.1485201	.8514799	0	0	0
1394.15	.1469299	.8530701	0	0	0
1393.15	.1453484	.8546516	0	0	0
1392.15	.1437756	.8562244	0	0	0
1391.15	.1422114	.8577886	0	0	0
1390.15	.1406558	.8593442	0	0	0
1389.15	.1391088	.8608912	0	0	0
1388.15	.1375702	.8624298	0	0	0
1387.15	.13604	.86396	0	0	0
1386.15	.1345181	.8654819	0	0	0
1385.15	.1330046	.8669954	0	0	0
1384.15	.1314993	.8685007	0	0	0
1383.15	.1300021	.8699979	0	0	0
1382.15	.1285131	.8714869	0	0	0
1381.15	.1270322	.8729678	0	0	0
1380.15	.1255593	.8744407	0	0	0
1379.15	.1240944	.8759056	0	0	0
1378.15	.1226374	.8773626	0	0	0
1377.15	.1211883	.8788117	0	0	0
1376.15	.119747	.880253	0	0	0
1375.15	.1183134	.8816866	0	0	0
1374.15	.1168876	.8831124	0	0	0
1373.15	.1154695	.8845305	0	0	0
1372.15	.1140589	.8859411	0	0	0
1371.15	.112656	.887344	0	0	0
1370.15	.1112606	.8887394	0	0	0
1369.15	.1098726	.8901274	0	0	0
1368.15	.1084921	.8915079	0	0	0
1367.15	.107119	.892881	0	0	0
1366.15	.1057532	.8942468	0	0	0
1365.15	.1043947	.8956053	0	0	0
1364.15	.1030435	.8969565	0	0	0
1364.06	.1029227	.8970773	0	0	0
1364.06	.1029227	.8970773	0	0	0
1364.06	.1029227	.8970773	0	0	0
1363.15	.09811168	.8952466	.006641705	0	0
1362.15	.09281313	.8932555	.01393135	0	0
1361.15	.08749995	.8912852	.02121485	0	0
1360.15	.08217199	.8893356	.02849237	0	0
1359.15	.07682912	.8874069	.03576404	0	0
1358.15	.07147117	.8854988	.04303001	0	0
1357.15	.066098	.8836116	.05029042	0	0
1356.15	.06070945	.8817451	.05754543	0	0
1355.15	.0553054	.8798994	.06479517	0	0
1354.15	.04988567	.8780746	.07203978	0	0
1353.15	.04445014	.8762705	.07927941	0	0
1352.15	.03899866	.8744871	.0865142	0	0
1351.15	.03353107	.8727246	.09374429	0	0
1350.15	.02804724	.8709829	.1009698	0	0
1349.15	.02254703	.8692621	.1081909	0	0
1348.15	.01703028	.867562	.1154077	0	0
1347.15	.01149686	.8658827	.1226204	0	0
1346.15	.005946635	.8642243	.1298291	0	0
1345.15	3.794518E-04	.8625867	.1370339	0	0
1345.082	0	.862476	.137524	0	0
1345.082	0	.862476	.137524	0	0
1344.15	0	.8613038	.1386962	0	0
1343.15	0	.8600481	.1399519	0	0
1342.15	0	.8587944	.1412056	0	0
1341.15	0	.8575429	.1424571	0	0
1340.15	0	.8562935	.1437065	0	0
1339.15	0	.8550462	.1449538	0	0
1338.15	0	.853801	.146199	0	0
1337.15	0	.8525579	.1474421	0	0
1336.15	0	.8513169	.1486831	0	0
1335.15	0	.850078	.149922	0	0
1334.15	0	.8488412	.1511588	0	0
1333.15	0	.8476066	.1523935	0	0
1332.15	0	.846374	.153626	0	0
1331.15	0	.8451436	.1548564	0	0
1330.15	0	.8439152	.1560848	0	0
1329.15	0	.842689	.157311	0	0
1328.15	0	.8414649	.1585351	0	0
1327.15	0	.8402429	.1597571	0	0
1326.15	0	.8390231	.1609769	0	0
1325.15	0	.8378053	.1621947	0	0
1324.15	0	.8365897	.1634103	0	0
1323.15	0	.8353762	.1646238	0	0
1322.15	0	.8341648	.1658352	0	0
1321.15	0	.8329555	.1670445	0	0
1320.15	0	.8317484	.1682516	0	0
1319.15	0	.8305433	.1694567	0	0
1318.15	0	.8293404	.1706596	0	0
1317.15	0	.8281397	.1718603	0	0
1316.15	0	.826941	.173059	0	0
1315.15	0	.8257445	.1742555	0	0
1314.15	0	.8245501	.1754499	0	0
1313.15	0	.8233579	.1766421	0	0
1312.15	0	.8221677	.1778323	0	0
1311.15	0	.8209797	.1790203	0	0
1310.15	0	.8197939	.1802061	0	0
1309.15	0	.8186102	.1813899	0	0
1308.15	0	.8174286	.1825714	0	0
1307.15	0	.8162491	.1837509	0	0
1306.15	0	.8150718	.1849282	0	0
1305.15	0	.8138967	.1861034	0	0
1304.15	0	.8127236	.1872764	0	0
1303.15	0	.8115528	.1884472	0	0
1302.15	0	.810384	.189616	0	0
1301.15	0	.8092175	.1907825	0	0
1300.15	0	.808053	.191947	0	0
1299.15	0	.8068908	.1931092	0	0
1298.15	0	.8057306	.1942694	0	0
1297.15	0	.8045727	.1954273	0	0
1296.15	0	.8034169	.1965831	0	0
1295.15	0	.8022632	.1977368	0	0
1294.15	0	.8011117	.1988883	0	0
1293.15	0	.7999624	.2000376	0	0
1292.15	0	.7988153	.2011847	0	0
1291.15	0	.7976703	.2023297	0	0
1290.15	0	.7965275	.2034726	0	0
1289.15	0	.7953868	.2046132	0	0
1288.15	0	.7942483	.2057517	0	0
1287.15	0	.793112	.206888	0	0
1286.15	0	.7919779	.2080221	0	0
1285.15	0	.790846	.209154	0	0
1284.15	0	.7897162	.2102838	0	0
1283.15	0	.7885886	.2114114	0	0
1282.15	0	.7874633	.2125367	0	0
1281.15	0	.7863401	.2136599	0	0
1280.15	0	.7852191	.2147809	0	0
1279.15	0	.7841003	.2158998	0	0
1278.15	0	.7829836	.2170164	0	0
1277.15	0	.7818692	.2181308	0	0
1276.15	0	.780757	.219243	0	0
1275.15	0	.779647	.220353	0	0
1274.15	0	.7785392	.2214608	0	0
1273.15	0	.7774336	.2225664	0	0
1272.15	0	.7763303	.2236697	0	0
1271.15	0	.7752291	.2247709	0	0
1270.15	0	.7741302	.2258698	0	0
1269.15	0	.7730334	.2269666	0	0
1268.15	0	.771939	.228061	0	0
1267.15	0	.7708467	.2291533	0	0
1266.15	0	.7697566	.2302434	0	0
1265.15	0	.7686688	.2313312	0	0
1264.15	0	.7675833	.2324167	0	0
1263.15	0	.7664999	.2335001	0	0
1262.15	0	.7654189	.2345811	0	0
1261.15	0	.76434	.23566	0	0
1260.15	0	.7632634	.2367366	0	0
1259.15	0	.7621891	.2378109	0	0
1258.15	0	.761117	.238883	0	0
1257.15	0	.7600472	.2399528	0	0
1256.15	0	.7589796	.2410204	0	0
1255.15	0	.7579143	.2420857	0	0
1254.15	0	.7568513	.2431487	0	0
1253.15	0	.7557905	.2442095	0	0
1252.15	0	.7547321	.2452679	0	0
1251.15	0	.7536759	.2463241	0	0
1250.15	0	.7526219	.2473781	0	0
1249.15	0	.7515703	.2484297	0	0
1248.15	0	.750521	.249479	0	0
1247.15	0	.7494739	.2505261	0	0
1246.15	0	.7484292	.2515708	0	0
1245.15	0	.7473868	.2526132	0	0
1244.15	0	.7463466	.2536534	0	0
1243.15	0	.7453088	.2546912	0	0
1242.15	0	.7442733	.2557267	0	0
1241.15	0	.7432401	.2567599	0	0
1240.15	0	.7422092	.2577908	0	0
1239.15	0	.7411807	.2588193	0	0
1238.15	0	.7401545	.2598455	0	0
1237.15	0	.7391306	.2608694	0	0
1236.15	0	.7381091	.2618909	0	0
1235.15	0	.7370899	.2629101	0	0
1234.15	0	.7360731	.2639269	0	0
1233.15	0	.7350586	.2649414	0	0
1232.15	0	.7340465	.2659535	0	0
1231.15	0	.7330367	.2669633	0	0
1230.15	0	.7320293	.2679707	0	0
1229.15	0	.7310243	.2689757	0	0
1228.15	0	.7300216	.2699784	0	0
1227.15	0	.7290214	.2709786	0	0
1226.15	0	.7280235	.2719765	0	0
1225.15	0	.727028	.272972	0	0
1224.15	0	.7260349	.2739651	0	0
1224.133	0	.7260185	.2739815	0	0
1224.133	0	.7260185	.2739815	0	0
1224.133	0	.7260185	.2739815	0	0
1223.15	0	.7246762	.2748379	4.8591E-04	0
1222.15	0	.7233156	.2757056	9.78791E-04	0
1221.15	0	.7219593	.2765702	.001470439	0
1220.15	0	.7206073	.2774318	.001960858	0
1219.15	0	.7192596	.2782904	.002450053	0
1218.15	0	.7179161	.2791458	.002938027	0
1217.15	0	.7165769	.2799983	.003424786	0
1216.15	0	.715242	.2808476	.003910333	0
1215.15	0	.7139114	.281694	.004394672	0
1214.15	0	.712585	.2825372	.004877807	0
1213.15	0	.7112628	.2833775	.005359743	0
1212.15	0	.7099449	.2842146	.005840484	0
1211.15	0	.7086312	.2850488	.006320034	0
1210.15	0	.7073218	.2858798	.006798396	0
1209.15	0	.7060166	.2867079	.007275576	0
1208.15	0	.7047156	.2875329	.007751576	0
1207.15	0	.7034188	.2883548	.008226401	0
1206.15	0	.7021263	.2891737	.008700055	0
1205.15	0	.7008379	.2899895	.009172542	0
1204.15	0	.6995538	.2908024	.009643865	0
1203.15	0	.6982738	.2916121	.01011403	0
1202.15	0	.6969981	.2924189	.01058304	0
1201.15	0	.6957265	.2932226	.0110509	0
1200.15	0	.6944592	.2940232	.01151761	0
1199.15	0	.693196	.2948208	.01198317	0
1198.15	0	.691937	.2956154	.0124476	0
1197.15	0	.6906822	.296407	.01291088	0
1196.15	0	.6894315	.2971954	.01337304	0
1195.15	0	.688185	.2979809	.01383407	0
1194.15	0	.6869427	.2987633	.01429397	0
1193.15	0	.6857046	.2995427	.01475275	0
1192.15	0	.6844706	.300319	.01521041	0
1191.15	0	.6832407	.3010923	.01566696	0
1190.15	0	.682015	.3018626	.01612239	0
1189.15	0	.6807935	.3026298	.01657672	0
1188.15	0	.6795761	.303394	.01702995	0
1187.15	0	.6783628	.3041551	.01748208	0
1186.15	0	.6771537	.3049132	.01793311	0
1185.15	0	.6759487	.3056682	.01838304	0
1184.15	0	.6747479	.3064202	.01883189	0
1183.15	0	.6735512	.3071692	.01927965	0
1182.15	0	.6723586	.3079151	.01972633	0
1181.15	0	.6711701	.308658	.02017193	0
1180.15	0	.6699858	.3093978	.02061645	0
1179.15	0	.6688055	.3101346	.02105991	0
1178.15	0	.6676294	.3108683	.02150229	0
1177.15	0	.6664574	.311599	.02194361	0
1176.15	0	.6652896	.3123266	.02238386	0
1175.15	0	.6641258	.3130511	.02282306	0
1174.15	0	.6629662	.3137726	.02326119	0
1173.15	0	.6618106	.3144911	.02369828	0
1172.15	0	.6606592	.3152065	.02413432	0
1171.15	0	.6595119	.3159188	.02456931	0
1170.15	0	.6583686	.3166281	.02500326	0
1169.15	0	.6572295	.3173343	.02543617	0
1168.15	0	.6560945	.3180375	.02586804	0
1167.15	0	.6549636	.3187375	.02629888	0
1166.15	0	.6538368	.3194345	.02672869	0
1165.15	0	.6527141	.3201285	.02715747	0
1164.15	0	.6515954	.3208194	.02758523	0
1163.15	0	.6504809	.3215071	.02801197	0
1162.15	0	.6493705	.3221919	.02843768	0
1161.15	0	.6482641	.3228735	.02886239	0
1160.15	0	.6471619	.323552	.02928608	0
1159.15	0	.6460638	.3242275	.02970876	0
1158.15	0	.6449697	.3248999	.03013044	0
1157.15	0	.6438797	.3255692	.03055111	0
1156.15	0	.6427939	.3262354	.03097078	0
1155.15	0	.6417121	.3268985	.03138946	0
1154.15	0	.6406344	.3275585	.03180715	0
1153.15	0	.6395608	.3282154	.03222384	0
1152.15	0	.6384913	.3288692	.03263954	0
1151.15	0	.6374259	.3295199	.03305425	0
1150.15	0	.6363646	.3301674	.03346798	0
1149.15	0	.6353074	.3308119	.03388073	0
1148.15	0	.6342543	.3314533	.03429251	0
1147.15	0	.6332052	.3320915	.0347033	0
1146.15	0	.6321603	.3327266	.03511313	0
1145.15	0	.6311195	.3333586	.03552198	0
1144.15	0	.6300827	.3339874	.03592987	0
1143.15	0	.6290501	.3346131	.03633679	0
1142.15	0	.6280216	.3352357	.03674276	0
1141.15	0	.6269971	.3358551	.03714776	0
1140.15	0	.6259768	.3364714	.03755181	0
1139.15	0	.6249606	.3370845	.0379549	0
1138.15	0	.6239485	.3376945	.03835704	0
1137.15	0	.6229405	.3383013	.03875823	0
1136.15	0	.6219365	.338905	.03915848	0
1135.15	0	.6209368	.3395055	.03955778	0
1134.15	0	.6199411	.3401028	.03995614	0
1133.15	0	.6189495	.3406969	.04035356	0
1132.15	0	.617962	.3412879	.04075005	0
1131.15	0	.6169787	.3418757	.0411456	0
1130.15	0	.6159995	.3424603	.04154022	0
1129.15	0	.6150244	.3430417	.04193391	0
1128.15	0	.6140535	.3436199	.04232668	0
1127.15	0	.6130866	.3441949	.04271851	0
1126.15	0	.6121239	.3447667	.04310943	0
1125.15	0	.6111653	.3453352	.04349943	0
1124.15	0	.6102109	.3459006	.04388851	0
1123.15	0	.6092606	.3464627	.04427667	0
1122.15	0	.6083145	.3470216	.04466392	0
1121.15	0	.6073725	.3475773	.04505026	0
1120.15	0	.6064346	.3481297	.04543569	0
1119.15	0	.6055009	.3486789	.04582021	0
1118.15	0	.6045714	.3492248	.04620383	0
1117.15	0	.603646	.3497675	.04658654	0
1116.15	0	.6027248	.3503069	.04696836	0
1115.15	0	.6018077	.350843	.04734927	0
1114.15	0	.6008948	.3513759	.04772929	0
1113.15	0	.5999861	.3519055	.04810842	0
1112.15	0	.5990816	.3524318	.04848665	0
1111.15	0	.5981812	.3529548	.04886399	0
1110.15	0	.5972851	.3534745	.04924045	0
1109.15	0	.5963931	.3539909	.04961601	0
1108.15	0	.5955054	.3545039	.0499907	0
1107.15	0	.5946218	.3550137	.0503645	0
1106.15	0	.5937425	.3555201	.05073742	0
1105.15	0	.5928673	.3560232	.05110946	0
1104.15	0	.5919964	.356523	.05148062	0
1103.15	0	.5911297	.3570194	.05185091	0
1102.15	0	.5902672	.3575125	.05222032	0
1101.15	0	.589409	.3580022	.05258886	0
1100.15	0	.5885549	.3584885	.05295653	0
1099.15	0	.5877052	.3589715	.05332334	0
1098.15	0	.5868597	.3594511	.05368927	0
1097.15	0	.5860184	.3599273	.05405435	0
1096.15	0	.5851814	.3604	.05441855	0
1095.15	0	.5843487	.3608694	.0547819	0
1094.15	0	.5835202	.3613354	.05514439	0
1093.15	0	.582696	.361798	.05550601	0
1092.15	0	.5818761	.3622571	.05586678	0
1091.15	0	.5810605	.3627128	.0562267	0
1090.15	0	.5802492	.363165	.05658576	0
1089.15	0	.5794422	.3636138	.05694397	0
1088.15	0	.5786395	.3640591	.05730132	0
1087.15	0	.5778412	.364501	.05765783	0
1086.15	0	.5770471	.3649394	.05801349	0
1085.15	0	.5762574	.3653743	.0583683	0
1084.15	0	.575472	.3658057	.05872226	0
1083.15	0	.574691	.3662336	.05907538	0
1082.15	0	.5739144	.366658	.05942766	0
1081.15	0	.573142	.3670789	.0597791	0
1080.15	0	.5723741	.3674962	.06012969	0
1079.15	0	.5716105	.36791	.06047945	0
1078.15	0	.5708514	.3683203	.06082837	0
1077.15	0	.5700966	.368727	.06117645	0
1076.15	0	.5693462	.3691301	.06152369	0
1075.15	0	.5686002	.3695297	.0618701	0
1074.15	0	.5678587	.3699257	.06221568	0
1073.15	0	.5671215	.370318	.06256042	0
1072.15	0	.5663888	.3707068	.06290433	0
1071.15	0	.5656606	.371092	.06324741	0
1070.15	0	.5649368	.3714735	.06358966	0
1069.15	0	.5642175	.3718515	.06393108	0
1068.15	0	.5635026	.3722257	.06427168	0
1067.15	0	.5627922	.3725964	.06461145	0
1066.15	0	.5620863	.3729633	.06495039	0
1065.15	0	.5613849	.3733266	.0652885	0
1064.15	0	.560688	.3736862	.06562579	0
1063.15	0	.5599956	.3740421	.06596226	0
1062.15	0	.5593078	.3743943	.0662979	0
1061.15	0	.5586245	.3747428	.06663272	0
1060.15	0	.5579457	.3750876	.06696672	0
1059.15	0	.5572715	.3754286	.0672999	0
1058.15	0	.5566019	.3757659	.06763226	0
1057.15	0	.5559368	.3760994	.06796379	0
1056.15	0	.5552763	.3764292	.06829451	0
1055.15	0	.5546204	.3767552	.06862441	0
1054.15	0	.5539691	.3770774	.06895349	0
1053.15	0	.5533225	.3773958	.06928175	0
1052.15	0	.5526804	.3777104	.0696092	0
1051.15	0	.552043	.3780211	.06993582	0
1050.15	0	.5514103	.3783281	.07026163	0
1049.15	0	.5507822	.3786311	.07058663	0
1048.15	0	.5501588	.3789304	.0709108	0
1047.15	0	.5495401	.3792257	.07123416	0
1046.15	0	.5489261	.3795172	.07155671	0
1045.15	0	.5483168	.3798048	.07187844	0
1044.15	0	.5477122	.3800885	.07219935	0
1043.15	0	.5471123	.3803683	.07251945	0
1042.15	0	.5465172	.3806441	.07283873	0
1041.15	0	.5459268	.380916	.07315719	0
1040.15	0	.5453412	.381184	.07347484	0
1039.15	0	.5447604	.3814479	.07379167	0
1038.15	0	.5441843	.381708	.07410769	0
1037.15	0	.5436131	.381964	.07442289	0
1036.15	0	.5430467	.382216	.07473728	0
1035.15	0	.5424851	.382464	.07505085	0
1034.15	0	.5419284	.382708	.0753636	0
1033.15	0	.5413765	.382948	.07567553	0
1032.15	0	.5408295	.3831839	.07598665	0
1031.15	0	.5402873	.3834157	.07629694	0
1030.15	0	.53975	.3836435	.07660642	0
1029.15	0	.5392177	.3838672	.07691508	0
1028.15	0	.5386903	.3840868	.07722292	0
1027.15	0	.5381678	.3843023	.07752995	0
1026.15	0	.5376502	.3845137	.07783615	0
1025.15	0	.5371376	.3847209	.07814152	0
1024.15	0	.53663	.384924	.07844608	0
1023.15	0	.5361273	.3851229	.07874981	0
1022.15	0	.5356297	.3853176	.07905272	0
1021.15	0	.535137	.3855081	.07935481	0
1020.15	0	.5346494	.3856945	.07965606	0
1019.15	0	.5341669	.3858766	.0799565	0
1018.15	0	.5336894	.3860545	.0802561	0
1017.15	0	.5332169	.3862282	.08055487	0
1016.15	0	.5327495	.3863977	.08085282	0
1015.15	0	.5322873	.3865628	.08114993	0
1014.15	0	.5318301	.3867237	.08144621	0
1013.15	0	.5313781	.3868803	.08174166	0
1012.15	0	.5309312	.3870326	.08203627	0
1011.15	0	.5304894	.3871805	.08233005	0
1010.15	0	.5300528	.3873242	.08262299	0
1009.15	0	.5296214	.3874635	.08291508	0
1008.15	0	.5291952	.3875984	.08320634	0
1007.15	0	.5287742	.387729	.08349675	0
1006.15	0	.5283585	.3878552	.08378632	0
1005.15	0	.5279479	.387977	.08407504	0
1004.15	0	.5275426	.3880945	.08436292	0
1003.15	0	.5271426	.3882075	.08464994	0
1002.15	0	.5267479	.388316	.08493611	0
1001.15	0	.5263584	.3884201	.08522143	0
1000.15	0	.5259743	.3885198	.08550589	0
999.15	0	.5255955	.388615	.08578949	0
998.15	0	.525222	.3887057	.08607223	0
997.15	0	.5248539	.3887919	.08635411	0
996.15	0	.5244912	.3888737	.08663512	0
995.15	0	.5241338	.3889509	.08691527	0
994.15	0	.5237819	.3890236	.08719454	0
993.15	0	.5234353	.3890917	.08747294	0
992.15	0	.5230942	.3891553	.08775046	0
991.15	0	.5227585	.3892144	.08802711	0
990.15	0	.5224283	.3892688	.08830287	0
989.15	0	.5221036	.3893187	.08857775	0
988.15	0	.5217843	.389364	.08885174	0
987.15	0	.5214705	.3894047	.08912484	0
986.15	0	.5211622	.3894407	.08939705	0
985.15	0	.5208595	.3894721	.08966836	0
984.15	0	.5205623	.3894989	.08993877	0
983.15	0	.5202706	.3895211	.09020828	0
982.15	0	.5199846	.3895386	.09047688	0
981.15	0	.5197041	.3895514	.09074456	0
980.15	0	.5194292	.3895595	.09101133	0
979.15	0	.5191598	.389563	.09127719	0
978.15	0	.5188962	.3895617	.09154212	0
977.15	0	.5186381	.3895558	.09180612	0
976.15	0	.5183857	.3895451	.0920692	0
975.15	0	.518139	.3895297	.09233134	0
974.15	0	.5178979	.3895096	.09259254	0
973.15	0	.5176625	.3894847	.09285279	0
972.15	0	.5174328	.3894551	.0931121	0
971.15	0	.5172088	.3894207	.09337046	0
970.15	0	.5169905	.3893816	.09362785	0
969.15	0	.516778	.3893377	.09388429	0
968.15	0	.5165712	.3892891	.09413976	0
967.15	0	.5163701	.3892356	.09439426	0
966.15	0	.5161748	.3891774	.09464777	0
965.15	0	.5159853	.3891144	.09490031	0
964.15	0	.5158016	.3890465	.09515185	0
963.15	0	.5156237	.3889739	.09540241	0
962.15	0	.5154515	.3888965	.09565196	0
961.15	0	.5152852	.3888143	.09590051	0
960.15	0	.5151247	.3887273	.09614805	0
959.15	0	.51497	.3886354	.09639457	0
958.15	0	.5148212	.3885388	.09664006	0
957.15	0	.5146782	.3884373	.09688453	0
956.15	0	.514541	.388331	.09712796	0
955.15	0	.5144097	.3882199	.09737034	0
954.15	0	.5142843	.388104	.09761168	0
953.15	0	.5141647	.3879833	.09785196	0
952.15	0	.5140511	.3878578	.09809117	0
951.15	0	.5139432	.3877274	.09832931	0
950.15	0	.5138413	.3875923	.09856638	0
949.15	0	.5137453	.3874523	.09880236	0
948.15	0	.5136552	.3873076	.09903724	0
947.15	0	.5135709	.3871581	.09927102	0
946.15	0	.5134926	.3870037	.0995037	0
945.15	0	.5134201	.3868446	.09973525	0
944.15	0	.5133536	.3866808	.09996568	0
943.15	0	.5132929	.3865121	.100195	0
942.15	0	.5132382	.3863387	.1004231	0
941.15	0	.5131893	.3861606	.1006501	0
940.15	0	.5131463	.3859777	.100876	0
939.15	0	.5131093	.3857901	.1011006	0
938.15	0	.5130781	.3855979	.1013241	0
937.15	0	.5130528	.3854009	.1015464	0
936.15	0	.5130333	.3851992	.1017675	0
935.15	0	.5130198	.3849929	.1019874	0
934.15	0	.5130121	.3847819	.102206	0
933.15	0	.5130102	.3845663	.1024234	0
932.15	0	.5130143	.3843461	.1026396	0
931.15	0	.5130241	.3841214	.1028545	0
930.15	0	.5130398	.383892	.1030682	0
929.15	0	.5130613	.3836582	.1032806	0
928.15	0	.5130886	.3834198	.1034917	0
927.15	0	.5131216	.3831769	.1037015	0
926.15	0	.5131605	.3829296	.10391	0
925.15	0	.5132051	.3826778	.1041171	0
924.15	0	.5132554	.3824217	.1043229	0
923.15	0	.5133115	.3821611	.1045274	0
922.15	0	.5133732	.3818963	.1047305	0
921.15	0	.5134407	.3816271	.1049322	0
920.15	0	.5135137	.3813537	.1051325	0
919.15	0	.5135924	.3810761	.1053314	0
918.15	0	.5136768	.3807943	.1055289	0
917.15	0	.5137666	.3805084	.105725	0
916.15	0	.5138621	.3802184	.1059196	0
915.15	0	.513963	.3799243	.1061127	0
914.15	0	.5140694	.3796262	.1063044	0
913.15	0	.5141813	.3793242	.1064945	0
912.15	0	.5142985	.3790183	.1066832	0
911.15	0	.5144212	.3787086	.1068703	0
910.15	0	.5145492	.3783951	.1070558	0
909.15	0	.5146824	.3780778	.1072398	0
908.15	0	.5148209	.3777569	.1074221	0
907.15	0	.5149646	.3774325	.1076029	0
906.15	0	.5151135	.3771045	.107782	0
905.15	0	.5152675	.376773	.1079595	0
904.15	0	.5154265	.3764382	.1081354	0
903.15	0	.5155905	.3761	.1083095	0
902.15	0	.5157595	.3757586	.1084819	0
901.15	0	.5159333	.3754141	.1086526	0
900.15	0	.5161119	.3750665	.1088215	0
899.15	0	.5162953	.374716	.1089887	0
898.15	0	.5164834	.3743626	.109154	0
897.15	0	.5166761	.3740063	.1093176	0
896.15	0	.5168733	.3736474	.1094792	0
895.15	0	.517075	.3732859	.109639	0
894.15	0	.5172811	.372922	.1097969	0
893.15	0	.5174915	.3725556	.1099529	0
892.15	0	.5177061	.372187	.1101069	0
891.15	0	.5179249	.3718162	.1102589	0
890.15	0	.5181477	.3714435	.1104089	0
889.15	0	.5183744	.3710688	.1105568	0
888.15	0	.518605	.3706924	.1107026	0
887.15	0	.5188393	.3703144	.1108464	0
886.15	0	.5190772	.3699348	.110988	0
885.15	0	.5193187	.369554	.1111274	0
884.15	0	.5195635	.3691719	.1112646	0
883.15	0	.5198117	.3687889	.1113995	0
882.15	0	.5200629	.3684049	.1115321	0
881.15	0	.5203173	.3680203	.1116624	0
880.15	0	.5205745	.3676352	.1117904	0
879.15	0	.5208344	.3672497	.1119159	0
878.15	0	.521097	.3668641	.1120389	0
877.15	0	.5213619	.3664786	.1121595	0
876.15	0	.5216292	.3660933	.1122774	0
875.15	0	.5218986	.3657086	.1123928	0
874.15	0	.52217	.3653245	.1125055	0
873.15	0	.5224431	.3649414	.1126155	0
872.15	0	.5227178	.3645595	.1127228	0
871.15	0	.5229939	.364179	.1128272	0
870.15	0	.5232711	.3638002	.1129287	0
869.15	0	.5235493	.3634234	.1130272	0
868.15	0	.5238283	.363049	.1131228	0
867.15	0	.5241078	.3626771	.1132152	0
866.15	0	.5243875	.362308	.1133045	0
865.15	0	.5246672	.3619423	.1133905	0
864.15	0	.5249467	.3615801	.1134732	0
863.15	0	.5252256	.361222	.1135525	0
862.15	0	.5255036	.3608681	.1136282	0
861.15	0	.5257805	.3605191	.1137004	0
860.15	0	.5260559	.3601752	.1137688	0
859.15	0	.5263295	.359837	.1138335	0
858.15	0	.5266008	.359505	.1138942	0
857.15	0	.5268695	.3591797	.1139508	0
856.15	0	.5271352	.3588615	.1140033	0
855.15	0	.5273974	.3585512	.1140514	0
854.15	0	.5276556	.3582494	.1140951	0
853.15	0	.5279093	.3579566	.1141341	0
852.15	0	.5281581	.3576737	.1141682	0
851.15	0	.5284012	.3574014	.1141974	0
850.15	0	.5286381	.3571405	.1142213	0
849.15	0	.5287068	.3570946	.1141987	0
848.15	0	.5286093	.3572633	.1141274	0
847.15	0	.5285588	.3573798	.1140614	0
846.15	0	.5285511	.3574489	.114	0
845.15	0	.5285825	.3574748	.1139427	0
844.15	0	.5286497	.3574615	.1138888	0
843.15	0	.5287495	.3574123	.1138382	0
842.15	0	.5288795	.3573303	.1137902	0
841.15	0	.529037	.3572182	.1137448	0
840.15	0	.52922	.3570785	.1137015	0
839.15	0	.5294263	.3569135	.1136602	0
838.15	0	.5296541	.3567253	.1136206	0
837.15	0	.5299018	.3565157	.1135825	0
836.15	0	.5301677	.3562864	.1135459	0
835.15	0	.5304504	.3560392	.1135105	0
834.15	0	.5307485	.3557754	.1134761	0
833.15	0	.5310608	.3554964	.1134428	0
832.15	0	.5313861	.3552035	.1134104	0
831.15	0	.5317234	.3548979	.1133787	0
830.15	0	.5320717	.3545805	.1133477	0
829.15	0	.53243	.3542526	.1133174	0
828.15	0	.5327974	.3539149	.1132877	0
827.15	0	.5331732	.3535685	.1132584	0
826.15	0	.5335565	.353214	.1132296	0
825.15	0	.5339466	.3528523	.1132011	0
824.15	0	.5343429	.3524841	.113173	0
823.15	0	.5347448	.35211	.1131452	0
822.15	0	.5351516	.3517307	.1131177	0
821.15	0	.5355628	.3513468	.1130904	0
820.15	0	.5359778	.3509589	.1130633	0
819.15	0	.5363963	.3505674	.1130364	0
818.15	0	.5368177	.3501728	.1130096	0
817.15	0	.5372415	.3497756	.1129829	0
816.15	0	.5376675	.3493762	.1129563	0
815.15	0	.5380952	.348975	.1129298	0
814.15	0	.5385242	.3485723	.1129034	0
813.15	0	.5389543	.3481687	.112877	0
812.15	0	.5393851	.3477642	.1128507	0
811.15	0	.5398162	.3473594	.1128244	0
810.15	0	.5402476	.3469544	.1127981	0
809.15	0	.5406787	.3465495	.1127718	0
808.15	0	.5411096	.346145	.1127454	0
807.15	0	.5415398	.3457411	.1127191	0
806.15	0	.5419692	.3453381	.1126927	0
805.15	0	.5423976	.3449361	.1126663	0
804.15	0	.5428249	.3445353	.1126398	0
803.15	0	.5432507	.344136	.1126133	0
802.15	0	.543675	.3437383	.1125867	0
801.15	0	.5440977	.3433422	.1125601	0
800.15	0	.5445185	.3429481	.1125334	0
799.15	0	.5449373	.342556	.1125066	0
798.15	0	.5453541	.3421661	.1124798	0
797.15	0	.5457687	.3417784	.1124529	0
796.15	0	.5461809	.3413932	.1124259	0
795.15	0	.5465908	.3410104	.1123989	0
794.15	0	.5469982	.3406301	.1123717	0
793.15	0	.547403	.3402525	.1123445	0
792.15	0	.5478051	.3398777	.1123172	0
791.15	0	.5482045	.3395057	.1122898	0
790.15	0	.5486012	.3391366	.1122623	0
789.15	0	.548995	.3387703	.1122347	0
788.15	0	.5493859	.3384071	.112207	0
787.15	0	.5497738	.3380469	.1121793	0
786.15	0	.5501587	.3376898	.1121514	0
785.15	0	.5505406	.3373359	.1121235	0
784.15	0	.5509195	.3369851	.1120954	0
783.15	0	.5512952	.3366375	.1120673	0
782.15	0	.5516678	.3362931	.1120391	0
781.15	0	.5520373	.335952	.1120108	0
780.15	0	.5524036	.3356141	.1119824	0
779.15	0	.5527666	.3352795	.1119539	0
778.15	0	.5531265	.3349482	.1119253	0
777.15	0	.5534832	.3346203	.1118966	0
776.15	0	.5538366	.3342956	.1118678	0
775.15	0	.5541868	.3339743	.1118389	0
774.15	0	.5545337	.3336564	.11181	0
773.15	0	.5548774	.3333417	.1117809	0
772.15	0	.5552178	.3330304	.1117517	0
771.15	0	.555555	.3327225	.1117225	0
770.15	0	.555889	.3324178	.1116932	0
769.15	0	.5562197	.3321165	.1116638	0
768.15	0	.5565472	.3318186	.1116342	0
767.15	0	.5568715	.3315239	.1116046	0
766.15	0	.5571926	.3312325	.1115749	0
765.15	0	.5575104	.3309444	.1115452	0
764.15	0	.5578251	.3306596	.1115153	0
763.15	0	.5581366	.3303781	.1114853	0
762.15	0	.5584449	.3300998	.1114553	0
761.15	0	.5587501	.3298247	.1114252	0
760.15	0	.5590522	.3295529	.111395	0
759.15	0	.5593511	.3292842	.1113647	0
758.15	0	.5596469	.3290188	.1113343	0
757.15	0	.5599397	.3287565	.1113038	0
756.15	0	.5602294	.3284973	.1112733	0
755.15	0	.5605161	.3282413	.1112427	0
754.15	0	.5607997	.3279883	.111212	0
753.15	0	.5610804	.3277385	.1111812	0
752.15	0	.561358	.3274917	.1111503	0
751.15	0	.5616327	.3272479	.1111193	0
750.15	0	.5619045	.3270072	.1110883	0
749.15	0	.5621734	.3267694	.1110572	0
748.15	0	.5624394	.3265346	.111026	0
747.15	0	.5627025	.3263028	.1109948	0
746.15	0	.5629628	.3260738	.1109634	0
745.15	0	.5632202	.3258478	.110932	0
744.15	0	.5634749	.3256246	.1109005	0
743.15	0	.5637268	.3254043	.1108689	0
742.15	0	.5639759	.3251868	.1108373	0
741.15	0	.5642223	.3249721	.1108056	0
740.15	0	.564466	.3247602	.1107738	0
739.15	0	.5647071	.324551	.1107419	0
738.15	0	.5649455	.3243445	.11071	0
737.15	0	.5651813	.3241407	.110678	0
736.15	0	.5654144	.3239396	.1106459	0
735.15	0	.565645	.3237412	.1106138	0
734.15	0	.5658731	.3235454	.1105816	0
733.15	0	.5660986	.3233521	.1105493	0
732.15	0	.5663216	.3231615	.110517	0
731.15	0	.5665421	.3229733	.1104845	0
730.15	0	.5667602	.3227878	.1104521	0
729.15	0	.5669758	.3226046	.1104195	0
728.15	0	.5671891	.322424	.1103869	0
727.15	0	.5673999	.3222459	.1103542	0
726.15	0	.5676084	.3220701	.1103215	0
725.15	0	.5678146	.3218967	.1102887	0
724.15	0	.5680213	.3217237	.110255	0
723.15	0	.5682226	.3215552	.1102222	0
722.15	0	.5684217	.3213891	.1101892	0
721.15	0	.5686185	.3212252	.1101562	0
720.15	0	.5688132	.3210637	.1101232	0
719.15	0	.5690056	.3209043	.1100901	0
718.15	0	.5691959	.3207472	.1100569	0
717.15	0	.5693841	.3205923	.1100236	0
716.15	0	.5695701	.3204396	.1099903	0
715.15	0	.5697541	.320289	.109957	0
714.15	0	.5699359	.3201405	.1099236	0
713.15	0	.5701157	.3199942	.1098901	0
712.15	0	.5702935	.31985	.1098565	0
711.15	0	.5704693	.3197078	.109823	0
710.15	0	.570643	.3195676	.1097893	0
709.15	0	.5708148	.3194296	.1097556	0
708.15	0	.5709847	.3192934	.1097219	0
707.15	0	.5711526	.3191593	.1096881	0
706.15	0	.5713186	.3190272	.1096542	0
705.15	0	.5714828	.318897	.1096203	0
704.15	0	.571645	.3187687	.1095863	0
703.15	0	.5718054	.3186423	.1095523	0
702.15	0	.571964	.3185178	.1095183	0
701.15	0	.5721207	.3183951	.1094842	0
700.15	0	.5722757	.3182743	.10945	0
699.15	0	.5724289	.3181553	.1094158	0
698.15	0	.5725803	.3180381	.1093816	0
697.15	0	.57273	.3179227	.1093473	0
696.15	0	.572878	.3178091	.1093129	0
695.15	0	.5730243	.3176972	.1092786	0
694.15	0	.5731689	.317587	.1092441	0
693.15	0	.5733118	.3174785	.1092097	0
692.15	0	.5734531	.3173717	.1091752	0
691.15	0	.5735928	.3172666	.1091406	0
690.15	0	.5737308	.3171631	.109106	0
689.15	0	.5738673	.3170613	.1090714	0
688.15	0	.5740022	.3169611	.1090368	0
687.15	0	.5741355	.3168625	.1090021	0
686.15	0	.5742672	.3167655	.1089673	0
685.15	0	.5743975	.31667	.1089325	0
684.15	0	.5745262	.3165761	.1088977	0
683.15	0	.5746535	.3164837	.1088629	0
682.15	0	.5747792	.3163928	.108828	0
681.15	0	.5749035	.3163034	.1087931	0
680.15	0	.5750263	.3162155	.1087581	0
679.15	0	.5751478	.3161291	.1087232	0
678.15	0	.5752677	.3160441	.1086882	0
677.15	0	.5753863	.3159605	.1086531	0
676.15	0	.5755035	.3158784	.1086181	0
675.15	0	.5756194	.3157977	.108583	0
674.15	0	.5757338	.3157183	.1085478	0
673.15	0	.575847	.3156404	.1085127	0
672.15	0	.5759588	.3155637	.1084775	0
671.15	0	.5760692	.3154885	.1084423	0
670.15	0	.5761784	.3154145	.1084071	0
669.15	0	.5762863	.3153419	.1083718	0
668.15	0	.5763929	.3152705	.1083365	0
667.15	0	.5764983	.3152005	.1083012	0
666.15	0	.5766024	.3151317	.1082659	0
665.15	0	.5767053	.3150641	.1082306	0
664.15	0	.576807	.3149979	.1081952	0
663.15	0	.5769074	.3149328	.1081598	0
662.15	0	.5770067	.314869	.1081244	0
661.15	0	.5771047	.3148063	.108089	0
660.15	0	.5772016	.3147448	.1080535	0
659.15	0	.5772974	.3146846	.1080181	0
658.15	0	.577392	.3146254	.1079826	0
657.15	0	.5774855	.3145675	.1079471	0
656.15	0	.5775778	.3145106	.1079116	0
655.15	0	.577669	.3144549	.1078761	0
654.15	0	.5777592	.3144003	.1078405	0
653.15	0	.5778482	.3143468	.107805	0
652.15	0	.5779362	.3142944	.1077694	0
651.15	0	.5780231	.314243	.1077339	0
650.15	0	.578109	.3141927	.1076983	0
649.15	0	.5781938	.3141435	.1076627	0
648.15	0	.5782776	.3140953	.1076271	0
647.15	0	.5783604	.3140482	.1075915	0
646.15	0	.5784422	.314002	.1075558	0
645.15	0	.5785229	.3139569	.1075202	0
644.15	0	.5786027	.3139127	.1074846	0
643.15	0	.5786815	.3138695	.1074489	0
642.15	0	.5787594	.3138273	.1074133	0
641.15	0	.5788363	.3137861	.1073776	0
640.15	0	.5789122	.3137458	.107342	0
639.15	0	.5789872	.3137065	.1073063	0
638.15	0	.5790613	.3136681	.1072707	0
637.15	0	.5791344	.3136306	.107235	0
636.15	0	.5792067	.313594	.1071994	0
635.15	0	.579278	.3135583	.1071637	0
634.15	0	.5793485	.3135235	.107128	0
633.15	0	.5794181	.3134895	.1070924	0
632.15	0	.5794868	.3134565	.1070567	0
631.15	0	.5795547	.3134243	.1070211	0
630.15	0	.5796217	.3133929	.1069854	0
629.15	0	.5796878	.3133624	.1069498	0
628.15	0	.5797532	.3133327	.1069141	0
627.15	0	.5798177	.3133039	.1068785	0
626.15	0	.5798813	.3132758	.1068429	0
625.15	0	.5799442	.3132485	.1068072	0
624.15	0	.5800063	.3132221	.1067716	0
623.15	0	.5800676	.3131964	.106736	0
622.15	0	.5801281	.3131715	.1067004	0
621.15	0	.5801878	.3131473	.1066648	0
620.15	0	.5802468	.313124	.1066293	0
619.15	0	.580305	.3131013	.1065937	0
618.15	0	.5803624	.3130794	.1065581	0
617.15	0	.5804191	.3130583	.1065226	0
616.15	0	.5804751	.3130378	.1064871	0
615.15	0	.5805304	.3130181	.1064516	0
614.15	0	.5805849	.3129991	.1064161	0
613.15	0	.5806387	.3129807	.1063806	0
612.15	0	.5806918	.3129631	.1063451	0
611.15	0	.5807442	.3129461	.1063097	0
610.15	0	.5807959	.3129298	.1062742	0
609.15	0	.580847	.3129142	.1062388	0
608.15	0	.5808973	.3128993	.1062034	0
607.15	0	.580947	.3128849	.1061681	0
606.15	0	.580996	.3128713	.1061327	0
605.15	0	.5810444	.3128582	.1060974	0
604.15	0	.5810921	.3128458	.1060621	0
603.15	0	.5811392	.3128341	.1060268	0
602.15	0	.5811856	.3128229	.1059915	0
601.15	0	.5812314	.3128123	.1059563	0
600.15	0	.5812766	.3128023	.1059211	0
599.15	0	.5813212	.3127929	.1058859	0
598.15	0	.5813651	.3127842	.1058507	0
597.15	0	.5814085	.3127759	.1058156	0
596.15	0	.5814513	.3127683	.1057805	0
595.15	0	.5814934	.3127612	.1057454	0
594.15	0	.581535	.3127547	.1057103	0
593.15	0	.581576	.3127487	.1056753	0
592.15	0	.5816165	.3127432	.1056403	0
591.15	0	.5816563	.3127383	.1056054	0
590.15	0	.5816956	.3127339	.1055704	0
589.15	0	.5817344	.3127301	.1055355	0
588.15	0	.5817726	.3127267	.1055007	0
587.15	0	.5818103	.3127239	.1054658	0
586.15	0	.5818474	.3127216	.105431	0
585.15	0	.581884	.3127198	.1053963	0
584.15	0	.58192	.3127184	.1053616	0
583.15	0	.5819555	.3127176	.1053269	0
582.15	0	.5819906	.3127172	.1052922	0
581.15	0	.5820251	.3127173	.1052576	0
580.15	0	.5820591	.3127179	.1052231	0
579.15	0	.5820926	.3127189	.1051885	0
578.15	0	.5821256	.3127204	.105154	0
577.15	0	.5821581	.3127223	.1051196	0
576.15	0	.5821902	.3127247	.1050852	0
575.15	0	.5822217	.3127275	.1050508	0
574.15	0	.5822528	.3127307	.1050165	0
573.15	0	.5822834	.3127344	.1049822	0
572.15	0	.5823136	.3127385	.104948	0
571.15	0	.5823432	.312743	.1049138	0
570.15	0	.5823725	.3127479	.1048796	0
569.15	0	.5824013	.3127532	.1048455	0
568.15	0	.5824296	.3127589	.1048115	0
567.15	0	.5824575	.312765	.1047775	0
566.15	0	.582485	.3127715	.1047435	0
565.15	0	.582512	.3127784	.1047096	0
564.15	0	.5825386	.3127857	.1046758	0
563.15	0	.5825647	.3127933	.104642	0
562.15	0	.5825905	.3128013	.1046082	0
561.15	0	.5826159	.3128096	.1045745	0
560.15	0	.5826408	.3128184	.1045409	0
559.15	0	.5826653	.3128274	.1045073	0
558.15	0	.5826894	.3128368	.1044737	0
557.15	0	.5827132	.3128466	.1044402	0
556.15	0	.5827365	.3128567	.1044068	0
555.15	0	.5827595	.3128671	.1043734	0
554.15	0	.582782	.3128779	.1043401	0
553.15	0	.5828042	.3128889	.1043069	0
552.15	0	.582826	.3129003	.1042736	0
551.15	0	.5828475	.312912	.1042405	0
550.15	0	.5828685	.3129241	.1042074	0
549.15	0	.5828892	.3129364	.1041744	0
548.15	0	.5829096	.312949	.1041414	0
547.15	0	.5829296	.3129619	.1041085	0
546.15	0	.5829492	.3129751	.1040757	0
545.15	0	.5829685	.3129886	.1040429	0
544.15	0	.5829874	.3130024	.1040102	0
543.15	0	.583006	.3130164	.1039776	0
542.15	0	.5830243	.3130308	.103945	0
541.15	0	.5830422	.3130454	.1039125	0
540.15	0	.5830598	.3130602	.10388	0
539.15	0	.5830771	.3130753	.1038476	0
538.15	0	.583094	.3130907	.1038153	0
537.15	0	.5831106	.3131063	.103783	0
536.15	0	.5831269	.3131222	.1037509	0
535.15	0	.5831429	.3131383	.1037187	0
534.15	0	.5831586	.3131547	.1036867	0
533.15	0	.583174	.3131713	.1036547	0
532.15	0	.5831891	.3131881	.1036228	0
531.15	0	.5832038	.3132052	.103591	0
530.15	0	.5832183	.3132224	.1035592	0
529.15	0	.5832325	.3132399	.1035276	0
528.15	0	.5832464	.3132576	.103496	0
527.15	0	.58326	.3132756	.1034644	0
526.15	0	.5832733	.3132937	.103433	0
525.15	0	.5832864	.3133121	.1034016	0
524.15	0	.5832991	.3133306	.1033703	0
523.9682	0	.5833014	.313334	.1033646	0
523.9682	0	.5833014	.313334	.1033646	0
523.9682	0	.5833014	.313334	.1033646	0
523.15	0	.5835907	.3127385	.1030576	6.13205E-04
522.15	0	.583942	.312014	.1026835	.00136051
521.15	0	.584291	.3112929	.1023106	.002105495
520.15	0	.5846376	.3105752	.101939	.002848183
519.15	0	.5849819	.3098609	.1015686	.003588594
518.15	0	.5853239	.30915	.1011994	.004326751
517.15	0	.5856636	.3084423	.1008315	.005062672
516.15	0	.5860011	.3077378	.1004647	.005796381
515.15	0	.5863365	.3070366	.1000991	.006527896
514.15	0	.5866696	.3063385	.09973466	.00725724
513.15	0	.5870006	.3056436	.09937141	.00798443
512.15	0	.5873295	.3049517	.0990093	.008709488
511.15	0	.5876563	.3042629	.09864834	.009432433
510.15	0	.5879811	.3035771	.09828852	.01015329
509.15	0	.5883039	.3028943	.09792981	.01087206
508.15	0	.5886246	.3022144	.09757222	.01158878
507.15	0	.5889434	.3015374	.09721574	.01230347
506.15	0	.5892602	.3008633	.09686035	.01301614
505.15	0	.5895752	.300192	.09650605	.01372681
504.15	0	.5898882	.2995235	.09615282	.0144355
503.15	0	.5901993	.2988578	.09580067	.01514222
502.15	0	.5905087	.2981948	.09544957	.01584701
501.15	0	.5908162	.2975345	.09509953	.01654986
500.15	0	.5911219	.2968768	.09475052	.0172508
499.15	0	.5914258	.2962218	.09440255	.01794986
498.15	0	.591728	.2955694	.0940556	.01864703
497.15	0	.5920285	.2949195	.09370968	.01934235
496.15	0	.5923273	.2942721	.09336476	.02003583
495.15	0	.5926244	.2936273	.09302084	.02072748
494.15	0	.5929198	.2929849	.09267791	.02141733
493.15	0	.5932137	.292345	.09233597	.02210538
492.15	0	.5935059	.2917075	.091995	.02279166
491.15	0	.5937965	.2910723	.091655	.02347618
490.15	0	.5940858	.2904394	.09131579	.024159
489.15	0	.5943733	.2898089	.09097771	.02484005
488.15	0	.5946593	.2891807	.09064057	.02551938
487.15	0	.5949438	.2885548	.09030437	.02619702
486.15	0	.5952268	.2879311	.0899691	.02687297
485.15	0	.5955084	.2873096	.08963476	.02754726
484.15	0	.5957885	.2866902	.08930133	.02821989
483.15	0	.5960673	.286073	.08896881	.02889089
482.15	0	.5963445	.285458	.0886372	.02956026
481.15	0	.5966205	.284845	.08830648	.03022803
480.15	0	.596895	.2842341	.08797666	.0308942
479.15	0	.5971682	.2836253	.08764771	.03155879
478.15	0	.5974401	.2830184	.08731964	.03222182
477.15	0	.5977107	.2824136	.08699244	.03288329
476.15	0	.59798	.2818107	.08666611	.03354323
475.15	0	.598248	.2812097	.08634063	.03420164
474.15	0	.5985147	.2806107	.086016	.03485854
473.15	0	.5987803	.2800136	.08569222	.03551395
472.15	0	.5990446	.2794183	.08536927	.03616787
471.15	0	.5993077	.2788249	.08504716	.03682032
470.15	0	.5995696	.2782332	.08472587	.03747131
469.15	0	.5998303	.2776434	.0844054	.03812085
468.15	0	.6000899	.2770554	.08408575	.03876897
467.15	0	.6003483	.2764691	.0837669	.03941566
466.15	0	.6006056	.2758845	.08344886	.04006095
465.15	0	.6008619	.2753017	.08313161	.04070484
464.15	0	.601117	.2747205	.08281516	.04134735
463.15	0	.601371	.274141	.08249949	.04198849
462.15	0	.601624	.2735631	.0821846	.04262826
461.15	0	.601876	.2729869	.08187048	.0432667
460.15	0	.6021269	.2724122	.08155714	.0439038
459.15	0	.6023768	.2718391	.08124455	.04453957
458.15	0	.6026257	.2712676	.08093273	.04517404
457.15	0	.6028735	.2706976	.08062166	.04580721
456.15	0	.6031205	.2701291	.08031133	.04643908
455.15	0	.6033665	.2695621	.08000175	.04706968
454.15	0	.6036115	.2689966	.07969291	.04769902
453.15	0	.6038556	.2684325	.07938481	.0483271
452.15	0	.6040987	.2678699	.07907742	.04895393
451.15	0	.604341	.2673087	.07877077	.04957953
450.15	0	.6045824	.2667489	.07846483	.05020391
449.15	0	.6048229	.2661904	.07815961	.0508271
448.15	0	.6050626	.2656332	.0778551	.05144909
447.15	0	.6053014	.2650774	.0775513	.05206988
446.15	0	.6055394	.2645229	.0772482	.05268951
445.15	0	.6057766	.2639697	.0769458	.05330797
444.15	0	.606013	.2634177	.07664409	.05392527
443.15	0	.6062486	.2628669	.07634308	.05454144
442.15	0	.6064834	.2623174	.07604275	.05515647
441.15	0	.6067175	.261769	.07574311	.05577039
440.15	0	.6069508	.2612219	.07544414	.05638319
439.15	0	.6071834	.2606758	.07514585	.0569949
438.15	0	.6074153	.2601309	.07484823	.05760553
437.15	0	.6076465	.2595871	.07455128	.05821507
436.15	0	.6078771	.2590444	.074255	.05882355
435.15	0	.6081069	.2585027	.07395938	.05943098
434.15	0	.6083361	.2579621	.07366441	.06003736
433.15	0	.6085647	.2574225	.0733701	.0606427
432.15	0	.6087926	.256884	.07307645	.06124702
431.15	0	.6090199	.2563464	.07278344	.06185033
430.15	0	.6092466	.2558097	.07249107	.06245262
429.15	0	.6094727	.2552741	.07219935	.06305392
428.15	0	.6096982	.2547393	.07190826	.06365424
427.15	0	.6099231	.2542055	.07161781	.06425357
