T	 BPW(LIQUID)	BPW(BCC_A2)	BPW(FCC_A1)	BPW(LAVES_PHASE_C14)	BPW(NI3TI)
1473.15	.1953104	.7096907	.09499894	0	0
1472.15	.1914308	.7077621	.1008072	0	0
1471.15	.1875581	.7058445	.1065974	0	0
1470.15	.1836923	.7039378	.1123699	0	0
1469.15	.1798309	.7020396	.1181295	0	0
1468.15	.1759782	.7001548	.123867	0	0
1467.15	.1721319	.6982807	.1295874	0	0
1466.15	.1682918	.6964175	.1352907	0	0
1465.15	.1644577	.694565	.1409773	0	0
1464.15	.1606296	.6927231	.1466473	0	0
1463.15	.1568073	.6908919	.1523008	0	0
1462.15	.1529907	.6890713	.157938	0	0
1461.15	.1491795	.6872613	.1635592	0	0
1460.15	.1453738	.6854618	.1691644	0	0
1459.15	.1415733	.6836728	.1747538	0	0
1458.15	.137778	.6818943	.1803277	0	0
1457.15	.1339876	.6801263	.1858861	0	0
1456.15	.1302022	.6783686	.1914293	0	0
1455.15	.1264215	.6766212	.1969573	0	0
1454.642	.1245016	.675737	.1997614	0	0
1454.642	.1245016	.675737	.1997614	0	0
1454.642	.1245016	.675737	.1997614	0	0
1454.15	.1153964	.6679305	.2136413	.003031829	0
1453.15	.09715973	.6524338	.2413365	.009069887	0
1452.15	.07928711	.6374304	.2683405	.01494205	0
1451.15	.06176444	.6229018	.2946792	.0206546	0
1450.15	.04457826	.6088306	.3203776	.02621353	0
1449.15	.02771578	.5952004	.3454592	.03162453	0
1448.15	.01116479	.5819955	.3699467	.03689305	0
1447.465	0	.5731869	.3863904	.04042278	0
1447.465	0	.5731869	.3863904	.04042278	0
1447.15	0	.5721219	.3872374	.04064078	0
1446.15	0	.5687465	.3899223	.04133128	0
1445.15	0	.5653805	.3926003	.04201918	0
1444.15	0	.562024	.3952715	.04270451	0
1443.15	0	.5586768	.3979359	.04338726	0
1442.15	0	.555339	.4005935	.04406747	0
1441.15	0	.5520106	.4032443	.04474512	0
1440.15	0	.5486914	.4058883	.04542025	0
1439.15	0	.5453815	.4085256	.04609286	0
1438.15	0	.5420809	.4111562	.04676297	0
1437.15	0	.5387894	.41378	.04743057	0
1436.15	0	.5355072	.4163971	.0480957	0
1435.15	0	.5322341	.4190075	.04875836	0
1434.15	0	.5289702	.4216113	.04941856	0
1433.15	0	.5257154	.4242083	.05007631	0
1432.15	0	.5224696	.4267988	.05073163	0
1431.15	0	.5192329	.4293826	.05138453	0
1430.15	0	.5160052	.4319598	.05203502	0
1429.15	0	.5127866	.4345303	.05268311	0
1428.15	0	.5095769	.4370943	.0533288	0
1427.15	0	.5063762	.4396517	.05397213	0
1426.15	0	.5031844	.4422026	.05461308	0
1425.15	0	.5000015	.4447469	.05525169	0
1424.15	0	.4968274	.4472846	.05588795	0
1423.15	0	.4936623	.4498159	.05652188	0
1422.15	0	.4905059	.4523406	.05715349	0
1421.15	0	.4873584	.4548588	.05778279	0
1420.15	0	.4842196	.4573706	.05840979	0
1419.15	0	.4810897	.4598758	.0590345	0
1418.15	0	.4779684	.4623747	.05965694	0
1417.15	0	.4748558	.4648671	.06027711	0
1416.15	0	.471752	.467353	.06089502	0
1415.15	0	.4686568	.4698325	.06151069	0
1414.15	0	.4655702	.4723057	.06212413	0
1413.15	0	.4624923	.4747724	.06273534	0
1412.15	0	.4594229	.4772327	.06334433	0
1411.15	0	.4563622	.4796867	.06395112	0
1410.15	0	.45331	.4821343	.06455572	0
1409.15	0	.4502663	.4845756	.06515814	0
1408.15	0	.4472311	.4870105	.06575838	0
1407.15	0	.4442045	.4894391	.06635646	0
1406.15	0	.4411863	.4918614	.06695239	0
1405.15	0	.4381765	.4942773	.06754617	0
1404.15	0	.4351752	.496687	.06813782	0
1403.15	0	.4321823	.4990904	.06872734	0
1402.15	0	.4291977	.5014875	.06931475	0
1401.15	0	.4262216	.5038784	.06990006	0
1400.15	0	.4232538	.506263	.07048327	0
1399.15	0	.4202943	.5086413	.0710644	0
1398.15	0	.4173431	.5110134	.07164345	0
1397.15	0	.4144002	.5133793	.07222044	0
1396.15	0	.4114656	.515739	.07279536	0
1395.15	0	.4085393	.5180925	.07336824	0
1394.15	0	.4056212	.5204397	.07393909	0
1393.15	0	.4027113	.5227808	.0745079	0
1392.15	0	.3998096	.5251157	.07507469	0
1391.15	0	.3969161	.5274445	.07563947	0
1390.15	0	.3940307	.529767	.07620225	0
1389.15	0	.3911535	.5320834	.07676303	0
1388.15	0	.3882845	.5343937	.07732183	0
1387.15	0	.3854235	.5366978	.07787866	0
1386.15	0	.3825707	.5389958	.07843351	0
1385.15	0	.3797259	.5412877	.07898641	0
1384.15	0	.3768892	.5435734	.07953736	0
1383.15	0	.3740606	.545853	.08008637	0
1382.15	0	.37124	.5481265	.08063345	0
1381.15	0	.3684274	.550394	.0811786	0
1380.15	0	.3656229	.5526553	.08172184	0
1379.15	0	.3628263	.5549106	.08226317	0
1378.15	0	.3600377	.5571597	.0828026	0
1377.15	0	.357257	.5594028	.08334014	0
1376.15	0	.3544843	.5616399	.08387579	0
1375.15	0	.3517196	.5638709	.08440958	0
1374.15	0	.3489627	.5660958	.0849415	0
1373.15	0	.3462138	.5683146	.08547155	0
1372.15	0	.3434728	.5705275	.08599976	0
1371.15	0	.3407396	.5727342	.08652613	0
1370.15	0	.3380144	.574935	.08705066	0
1369.15	0	.3352969	.5771297	.08757337	0
1368.15	0	.3325874	.5793184	.08809425	0
1367.15	0	.3298856	.5815011	.08861333	0
1366.15	0	.3271917	.5836777	.0891306	0
1365.15	0	.3245056	.5858483	.08964608	0
1364.15	0	.3218273	.588013	.09015977	0
1363.15	0	.3191567	.5901716	.09067168	0
1362.15	0	.316494	.5923242	.09118181	0
1361.15	0	.313839	.5944708	.09169018	0
1360.15	0	.3111918	.5966114	.0921968	0
1359.15	0	.3085523	.598746	.09270166	0
1358.15	0	.3059206	.6008746	.09320478	0
1357.15	0	.3032966	.6029973	.09370616	0
1356.15	0	.3006803	.6051139	.09420581	0
1355.15	0	.2980717	.6072245	.09470374	0
1354.15	0	.2954708	.6093292	.09519996	0
1353.15	0	.2928777	.6114279	.09569446	0
1352.15	0	.2902922	.6135206	.09618727	0
1351.15	0	.2877143	.6156073	.09667839	0
1350.15	0	.2851442	.617688	.09716781	0
1349.15	0	.2825817	.6197628	.09765556	0
1348.15	0	.2800269	.6218315	.09814163	0
1347.15	0	.2774797	.6238943	.09862604	0
1346.15	0	.2749401	.6259511	.09910879	0
1345.15	0	.2724082	.6280019	.09958989	0
1344.15	0	.2698839	.6300467	.1000693	0
1343.15	0	.2673673	.6320856	.1005471	0
1342.15	0	.2648582	.6341185	.1010233	0
1341.15	0	.2623568	.6361453	.1014979	0
1340.15	0	.259863	.6381662	.1019708	0
1339.15	0	.2573768	.6401811	.1024421	0
1338.15	0	.2548981	.64219	.1029118	0
1337.15	0	.2524271	.6441929	.1033799	0
1336.15	0	.2499637	.6461899	.1038464	0
1335.15	0	.2475078	.6481808	.1043114	0
1334.15	0	.2450596	.6501657	.1047747	0
1333.15	0	.2426189	.6521446	.1052365	0
1332.15	0	.2401858	.6541175	.1056967	0
1331.15	0	.2377603	.6560844	.1061553	0
1330.15	0	.2353423	.6580453	.1066124	0
1329.15	0	.2329319	.6600002	.1070679	0
1328.15	0	.2305291	.661949	.1075219	0
1327.15	0	.2281338	.6638918	.1079743	0
1326.15	0	.2257462	.6658286	.1084253	0
1325.15	0	.2233661	.6677593	.1088746	0
1324.15	0	.2209935	.669684	.1093225	0
1323.15	0	.2186285	.6716026	.1097688	0
1322.15	0	.2162711	.6735152	.1102137	0
1321.15	0	.2139213	.6754217	.110657	0
1320.15	0	.211579	.6773222	.1110988	0
1319.15	0	.2092443	.6792166	.1115392	0
1318.15	0	.2069172	.6811048	.111978	0
1317.15	0	.2045976	.682987	.1124154	0
1316.15	0	.2022856	.6848631	.1128513	0
1315.15	0	.1999812	.6867331	.1132857	0
1314.15	0	.1976844	.688597	.1137186	0
1313.15	0	.1953951	.6904548	.1141501	0
1312.15	0	.1931135	.6923064	.1145801	0
1311.15	0	.1908394	.6941519	.1150087	0
1310.15	0	.1885729	.6959912	.1154359	0
1309.15	0	.186314	.6978244	.1158616	0
1308.15	0	.1840627	.6996514	.1162858	0
1307.15	0	.1818191	.7014723	.1167087	0
1306.15	0	.179583	.7032869	.1171301	0
1305.15	0	.1773546	.7050953	.1175501	0
1304.15	0	.1751338	.7068976	.1179687	0
1303.15	0	.1729206	.7086936	.1183858	0
1302.15	0	.170715	.7104834	.1188016	0
1301.15	0	.1685172	.7122669	.119216	0
1300.15	0	.1663269	.7140441	.119629	0
1299.15	0	.1641443	.7158151	.1200406	0
1298.15	0	.1619694	.7175798	.1204508	0
1297.15	0	.1598022	.7193383	.1208596	0
1296.15	0	.1576426	.7210903	.121267	0
1295.15	0	.1554908	.7228361	.1216731	0
1294.15	0	.1533466	.7245755	.1220778	0
1293.15	0	.1512102	.7263086	.1224812	0
1292.15	0	.1490815	.7280353	.1228832	0
1291.15	0	.1469605	.7297556	.1232838	0
1290.15	0	.1448473	.7314696	.1236831	0
1289.15	0	.1427418	.7331771	.1240811	0
1288.15	0	.1406441	.7348781	.1244777	0
1287.15	0	.1385542	.7365728	.124873	0
1286.15	0	.1364721	.7382609	.125267	0
1285.15	0	.1343978	.7399426	.1256596	0
1284.15	0	.1323313	.7416177	.1260509	0
1283.15	0	.1302727	.7432864	.126441	0
1282.15	0	.1282219	.7449485	.1268297	0
1281.15	0	.1261789	.746604	.1272171	0
1280.15	0	.1241439	.748253	.1276031	0
1279.15	0	.1221167	.7498954	.1279879	0
1278.15	0	.1200975	.7515311	.1283714	0
1277.15	0	.1180862	.7531602	.1287536	0
1276.15	0	.1160828	.7547827	.1291345	0
1275.15	0	.1140874	.7563984	.1295142	0
1274.15	0	.1121	.7580075	.1298925	0
1273.15	0	.1101206	.7596098	.1302696	0
1272.15	0	.1081491	.7612054	.1306454	0
1271.15	0	.1061858	.7627942	.13102	0
1270.15	0	.1042304	.7643763	.1313933	0
1269.15	0	.1022832	.7659515	.1317653	0
1268.15	0	.1003441	.7675199	.1321361	0
1267.15	0	.09841301	.7690814	.1325056	0
1266.15	0	.09649012	.770636	.1328739	0
1265.15	0	.09457538	.7721837	.133241	0
1264.15	0	.09266883	.7737244	.1336068	0
1263.15	0	.09077048	.7752582	.1339713	0
1262.15	0	.08888035	.776785	.1343347	0
1261.15	0	.08699848	.7783048	.1346968	0
1260.15	0	.08512488	.7798175	.1350577	0
1259.15	0	.08325959	.7813231	.1354173	0
1258.15	0	.08140261	.7828216	.1357758	0
1257.15	0	.07955399	.784313	.136133	0
1256.15	0	.07771374	.7857972	.136489	0
1255.15	0	.0758819	.7872743	.1368439	0
1254.15	0	.07405849	.788744	.1371975	0
1253.15	0	.07224353	.7902066	.1375499	0
1252.15	0	.07043706	.7916618	.1379011	0
1251.15	0	.0686391	.7931098	.1382511	0
1250.15	0	.06684969	.7945503	.1386	0
1249.15	0	.06506885	.7959835	.1389476	0
1248.15	0	.06329662	.7974093	.1392941	0
1247.15	0	.06153302	.7988276	.1396394	0
1246.15	0	.05977808	.8002384	.1399835	0
1245.15	0	.05803184	.8016417	.1403265	0
1244.15	0	.05629434	.8030374	.1406682	0
1243.15	0	.05456559	.8044256	.1410089	0
1242.15	0	.05284564	.8058061	.1413483	0
1241.15	0	.05113453	.8071789	.1416866	0
1240.15	0	.04943227	.808544	.1420237	0
1239.15	0	.04773892	.8099014	.1423597	0
1238.15	0	.04605451	.811251	.1426945	0
1237.15	0	.04437906	.8125927	.1430282	0
1236.15	0	.04271263	.8139266	.1433607	0
1235.15	0	.04105525	.8152527	.1436921	0
1234.15	0	.03940695	.8165707	.1440224	0
1233.15	0	.03776777	.8178808	.1443515	0
1232.15	0	.03613776	.8191828	.1446794	0
1231.15	0	.03451695	.8204768	.1450063	0
1230.15	0	.03290539	.8217626	.145332	0
1229.15	0	.03130311	.8230403	.1456566	0
1228.15	0	.02971016	.8243098	.1459801	0
1227.15	0	.02812658	.825571	.1463024	0
1226.15	0	.02655241	.8268239	.1466237	0
1225.15	0	.0249877	.8280685	.1469438	0
1224.15	0	.02343249	.8293047	.1472628	0
1223.15	0	.02188683	.8305325	.1475807	0
1222.15	0	.02035076	.8317518	.1478975	0
1221.15	0	.01882432	.8329625	.1482132	0
1220.15	0	.01730757	.8341647	.1485278	0
1219.15	0	.01580056	.8353582	.1488413	0
1218.15	0	.01430332	.836543	.1491536	0
1217.15	0	.01281592	.8377191	.149465	0
1216.15	0	.01133839	.8388865	.1497752	0
1215.15	0	.009870799	.8400449	.1500843	0
1214.15	0	.008413185	.8411945	.1503923	0
1213.15	0	.006965605	.8423351	.1506993	0
1212.15	0	.005528109	.8434668	.1510051	0
1211.15	0	.004100752	.8445893	.1513099	0
1210.15	0	.002683587	.8457028	.1516136	0
1209.15	0	.001276669	.8468071	.1519163	0
1208.236	0	0	.8478081	.1521919	0
1208.236	0	0	.8478081	.1521919	0
1208.15	0	0	.8477862	.1522138	0
1207.15	0	0	.8475322	.1524678	0
1206.15	0	0	.8472786	.1527214	0
1205.15	0	0	.8470256	.1529744	0
1204.15	0	0	.846773	.153227	0
1203.15	0	0	.8465209	.1534791	0
1202.15	0	0	.8462693	.1537307	0
1201.15	0	0	.8460181	.1539819	0
1200.15	0	0	.8457674	.1542326	0
1199.15	0	0	.8455172	.1544828	0
1198.15	0	0	.8452675	.1547325	0
1197.15	0	0	.8450183	.1549817	0
1196.15	0	0	.8447695	.1552305	0
1195.15	0	0	.8445213	.1554787	0
1194.15	0	0	.8442734	.1557266	0
1193.15	0	0	.8440261	.1559739	0
1192.15	0	0	.8437792	.1562208	0
1191.15	0	0	.8435328	.1564672	0
1190.15	0	0	.8432869	.1567131	0
1189.15	0	0	.8430414	.1569586	0
1188.15	0	0	.8427965	.1572035	0
1187.15	0	0	.842552	.1574481	0
1186.15	0	0	.8423079	.1576921	0
1185.15	0	0	.8420643	.1579357	0
1184.15	0	0	.8418212	.1581788	0
1183.15	0	0	.8415786	.1584214	0
1182.15	0	0	.8413364	.1586636	0
1181.15	0	0	.8410947	.1589053	0
1180.15	0	0	.8408535	.1591465	0
1179.15	0	0	.8406127	.1593873	0
1178.15	0	0	.8403724	.1596276	0
1177.15	0	0	.8401325	.1598675	0
1176.15	0	0	.8398931	.1601069	0
1175.15	0	0	.8396542	.1603458	0
1174.15	0	0	.8394157	.1605843	0
1173.15	0	0	.8391777	.1608223	0
1172.15	0	0	.8389402	.1610598	0
1171.15	0	0	.8387031	.1612969	0
1170.15	0	0	.8384665	.1615335	0
1169.15	0	0	.8382303	.1617697	0
1168.15	0	0	.8379946	.1620054	0
1167.15	0	0	.8377594	.1622406	0
1166.15	0	0	.8375246	.1624754	0
1165.15	0	0	.8372903	.1627097	0
1164.15	0	0	.8370564	.1629436	0
1163.15	0	0	.836823	.163177	0
1162.15	0	0	.83659	.16341	0
1161.15	0	0	.8363575	.1636425	0
1160.15	0	0	.8361254	.1638746	0
1159.15	0	0	.8358938	.1641062	0
1158.15	0	0	.8356627	.1643373	0
1157.15	0	0	.835432	.164568	0
1156.15	0	0	.8352017	.1647983	0
1155.15	0	0	.8349719	.1650281	0
1154.15	0	0	.8347426	.1652574	0
1153.15	0	0	.8345137	.1654863	0
1152.15	0	0	.8342853	.1657147	0
1151.15	0	0	.8340573	.1659427	0
1150.15	0	0	.8338297	.1661703	0
1149.15	0	0	.8336026	.1663974	0
1148.15	0	0	.833376	.166624	0
1147.15	0	0	.8331498	.1668502	0
1146.15	0	0	.832924	.167076	0
1145.15	0	0	.8326987	.1673013	0
1144.15	0	0	.8324738	.1675262	0
1143.15	0	0	.8322494	.1677506	0
1142.15	0	0	.8320254	.1679746	0
1141.15	0	0	.8318019	.1681981	0
1140.15	0	0	.8315788	.1684212	0
1139.15	0	0	.8313562	.1686438	0
1138.15	0	0	.831134	.168866	0
1137.15	0	0	.8309122	.1690878	0
1136.15	0	0	.8306909	.1693091	0
1135.15	0	0	.83047	.16953	0
1134.15	0	0	.8302496	.1697504	0
1133.15	0	0	.8300296	.1699704	0
1132.15	0	0	.82981	.17019	0
1131.15	0	0	.8295909	.1704091	0
1130.15	0	0	.8293722	.1706278	0
1129.15	0	0	.829154	.170846	0
1128.15	0	0	.8289362	.1710638	0
1127.15	0	0	.8287188	.1712812	0
1126.15	0	0	.8285019	.1714981	0
1125.15	0	0	.8282854	.1717146	0
1124.15	0	0	.8280694	.1719307	0
1123.15	0	0	.8278537	.1721463	0
1122.15	0	0	.8276386	.1723615	0
1121.15	0	0	.8274238	.1725762	0
1120.15	0	0	.8272095	.1727905	0
1119.15	0	0	.8269956	.1730044	0
1118.15	0	0	.8267822	.1732179	0
1117.15	0	0	.8265691	.1734309	0
1116.15	0	0	.8263566	.1736435	0
1115.15	0	0	.8261444	.1738556	0
1114.15	0	0	.8259327	.1740673	0
1113.15	0	0	.8257214	.1742786	0
1112.15	0	0	.8255105	.1744895	0
1111.15	0	0	.8253001	.1746999	0
1110.15	0	0	.8250901	.1749099	0
1109.15	0	0	.8248805	.1751195	0
1108.15	0	0	.8246714	.1753286	0
1107.15	0	0	.8244627	.1755373	0
1106.15	0	0	.8242544	.1757456	0
1105.15	0	0	.8240465	.1759535	0
1104.15	0	0	.8238391	.1761609	0
1103.15	0	0	.8236321	.1763679	0
1102.15	0	0	.8234255	.1765745	0
1101.15	0	0	.8232194	.1767806	0
1100.15	0	0	.8230137	.1769864	0
1099.15	0	0	.8228084	.1771917	0
1098.15	0	0	.8226035	.1773965	0
1097.15	0	0	.822399	.177601	0
1096.15	0	0	.822195	.177805	0
1095.15	0	0	.8219914	.1780086	0
1094.15	0	0	.8217882	.1782118	0
1093.15	0	0	.8215855	.1784145	0
1092.15	0	0	.8213831	.1786169	0
1091.15	0	0	.8211812	.1788188	0
1090.15	0	0	.8209797	.1790203	0
1089.15	0	0	.8207786	.1792214	0
1088.15	0	0	.820578	.179422	0
1087.15	0	0	.8203778	.1796222	0
1086.15	0	0	.820178	.179822	0
1085.15	0	0	.8199786	.1800214	0
1084.15	0	0	.8197796	.1802204	0
1083.15	0	0	.8195811	.1804189	0
1082.15	0	0	.8193829	.1806171	0
1081.15	0	0	.8191852	.1808148	0
1080.15	0	0	.8189879	.1810121	0
1079.15	0	0	.818791	.181209	0
1078.15	0	0	.8185946	.1814054	0
1077.15	0	0	.8183985	.1816015	0
1076.15	0	0	.8182029	.1817971	0
1075.15	0	0	.8180077	.1819923	0
1074.15	0	0	.8178129	.1821871	0
1073.15	0	0	.8176185	.1823815	0
1072.15	0	0	.8174246	.1825754	0
1071.15	0	0	.817231	.182769	0
1070.15	0	0	.8170379	.1829621	0
1069.15	0	0	.8168452	.1831548	0
1068.15	0	0	.8166529	.1833472	0
1067.15	0	0	.816461	.183539	0
1066.15	0	0	.8162695	.1837305	0
1065.15	0	0	.8160784	.1839216	0
1064.15	0	0	.8158877	.1841123	0
1063.15	0	0	.8156975	.1843025	0
1062.15	0	0	.8155077	.1844923	0
1061.15	0	0	.8153183	.1846818	0
1060.15	0	0	.8151292	.1848708	0
1059.15	0	0	.8149406	.1850594	0
1058.15	0	0	.8147524	.1852476	0
1057.15	0	0	.8145647	.1854353	0
1056.15	0	0	.8143773	.1856227	0
1055.15	0	0	.8141903	.1858097	0
1054.15	0	0	.8140038	.1859962	0
1053.15	0	0	.8138177	.1861823	0
1052.15	0	0	.8136319	.1863681	0
1051.15	0	0	.8134466	.1865534	0
1050.15	0	0	.8132617	.1867383	0
1049.15	0	0	.8130772	.1869228	0
1048.15	0	0	.8128931	.1871069	0
1047.15	0	0	.8127094	.1872906	0
1046.15	0	0	.8125261	.1874739	0
1045.15	0	0	.8123432	.1876568	0
1044.15	0	0	.8121607	.1878393	0
1043.15	0	0	.8119786	.1880214	0
1042.15	0	0	.811797	.188203	0
1041.15	0	0	.8116157	.1883843	0
1040.15	0	0	.8114349	.1885651	0
1039.15	0	0	.8112544	.1887456	0
1038.15	0	0	.8110744	.1889256	0
1037.15	0	0	.8108947	.1891053	0
1036.15	0	0	.8107155	.1892845	0
1035.15	0	0	.8105367	.1894634	0
1034.15	0	0	.8103582	.1896418	0
1033.15	0	0	.8101802	.1898198	0
1032.15	0	0	.8100026	.1899974	0
1031.15	0	0	.8098253	.1901747	0
1030.15	0	0	.8096485	.1903515	0
1029.15	0	0	.8094721	.1905279	0
1028.15	0	0	.8092961	.1907039	0
1027.15	0	0	.8091205	.1908795	0
1026.382	0	0	.8089858	.1910142	0
1026.382	0	0	.8089858	.1910142	0
1026.382	0	0	.8089858	.1910142	0
1026.15	0	4.233942E-04	.8085307	.1910459	0
1025.15	0	.002264474	.8065534	.1911821	0
1024.15	0	.004126838	.8045555	.1913177	0
1023.15	0	.006010381	.8025371	.1914525	0
1022.15	0	.007914993	.8004982	.1915868	0
1021.15	0	.00984056	.7984391	.1917203	0
1020.15	0	.01178697	.7963599	.1918532	0
1019.15	0	.01375409	.7942605	.1919854	0
1018.15	0	.01574181	.7921413	.1921169	0
1017.15	0	.01774999	.7900022	.1922478	0
1016.15	0	.0197785	.7878435	.192378	0
1015.15	0	.02182722	.7856652	.1925076	0
1014.15	0	.023896	.7834675	.1926365	0
1013.15	0	.0259847	.7812505	.1927648	0
1012.15	0	.02809317	.7790144	.1928924	0
1011.15	0	.03022127	.7767594	.1930194	0
1010.15	0	.03236884	.7744855	.1931457	0
1009.15	0	.03453574	.7721929	.1932714	0
1008.15	0	.03672179	.7698818	.1933964	0
1007.15	0	.03892685	.7675523	.1935208	0
1006.15	0	.04115074	.7652047	.1936446	0
1005.15	0	.0433933	.762839	.1937677	0
1004.15	0	.04565435	.7604555	.1938902	0
1003.15	0	.04793373	.7580543	.194012	0
1002.15	0	.05023126	.7556356	.1941332	0
1001.15	0	.05254675	.7531995	.1942538	0
1000.15	0	.05488003	.7507463	.1943737	0
999.15	0	.05723091	.7482761	.194493	0
998.15	0	.0595992	.7457891	.1946117	0
997.15	0	.0619847	.7432856	.1947297	0
996.15	0	.06438724	.7407656	.1948471	0
995.15	0	.06680661	.7382295	.1949639	0
994.15	0	.06924261	.7356774	.19508	0
993.15	0	.07169504	.7331094	.1951955	0
992.15	0	.0741637	.7305259	.1953104	0
991.15	0	.07664839	.727927	.1954247	0
990.15	0	.07914889	.7253129	.1955383	0
989.15	0	.08166499	.7226838	.1956512	0
988.15	0	.08419649	.72004	.1957635	0
987.15	0	.08674316	.7173816	.1958752	0
986.15	0	.0893048	.714709	.1959862	0
985.15	0	.09188118	.7120222	.1960966	0
984.15	0	.09447208	.7093215	.1962064	0
983.15	0	.09707728	.7066073	.1963155	0
982.15	0	.09969656	.7038795	.1964239	0
981.15	0	.1023297	.7011386	.1965317	0
980.15	0	.1049764	.6983847	.1966388	0
979.15	0	.1076366	.6956181	.1967453	0
978.15	0	.1103099	.692839	.1968511	0
977.15	0	.1129961	.6900477	.1969562	0
976.15	0	.115695	.6872443	.1970607	0
975.15	0	.1184064	.6844292	.1971644	0
974.15	0	.1211301	.6816025	.1972675	0
973.15	0	.1238657	.6787645	.1973699	0
972.15	0	.126613	.6759154	.1974716	0
971.15	0	.1293719	.6730556	.1975726	0
970.15	0	.132142	.6701852	.1976729	0
969.15	0	.1349231	.6673044	.1977724	0
968.15	0	.1377151	.6644137	.1978713	0
967.15	0	.1405175	.6615131	.1979694	0
966.15	0	.1433303	.658603	.1980667	0
965.15	0	.1461531	.6556835	.1981634	0
964.15	0	.1489523	.6527859	.1982618	0
963.15	0	.1517546	.6498847	.1983608	0
962.15	0	.154585	.6469568	.1984583	0
961.15	0	.1574417	.6440039	.1985544	0
960.15	0	.160323	.6410278	.1986492	0
959.15	0	.1632273	.6380301	.1987426	0
958.15	0	.166153	.6350123	.1988347	0
957.15	0	.1690986	.631976	.1989254	0
956.15	0	.1720626	.6289226	.1990149	0
955.15	0	.1750435	.6258535	.199103	0
954.15	0	.1780401	.6227701	.1991898	0
953.15	0	.181051	.6196737	.1992753	0
952.15	0	.1840748	.6165656	.1993596	0
951.15	0	.1871105	.613447	.1994425	0
950.15	0	.1901567	.610319	.1995242	0
949.15	0	.1932125	.6071829	.1996046	0
948.15	0	.1962766	.6040396	.1996838	0
947.15	0	.199348	.6008903	.1997617	0
946.15	0	.2024257	.597736	.1998383	0
945.15	0	.2055087	.5945776	.1999137	0
944.15	0	.2085961	.5914161	.1999878	0
943.15	0	.2116869	.5882524	.2000607	0
942.15	0	.2147803	.5850874	.2001323	0
941.15	0	.2178754	.581922	.2002026	0
940.15	0	.2209714	.5787569	.2002717	0
939.15	0	.2240675	.575593	.2003395	0
938.15	0	.227163	.572431	.2004061	0
937.15	0	.230257	.5692716	.2004714	0
936.15	0	.233349	.5661156	.2005355	0
935.15	0	.2364382	.5629636	.2005983	0
934.15	0	.2395239	.5598163	.2006598	0
933.15	0	.2426056	.5566743	.2007201	0
932.15	0	.2456827	.5535383	.2007791	0
931.15	0	.2487545	.5504088	.2008368	0
930.15	0	.2518204	.5472864	.2008932	0
929.15	0	.25488	.5441716	.2009484	0
928.15	0	.2579327	.541065	.2010023	0
927.15	0	.2609781	.5379671	.2010549	0
926.15	0	.2640155	.5348783	.2011062	0
925.15	0	.2670446	.5317992	.2011562	0
924.15	0	.2700649	.5287302	.201205	0
923.15	0	.2730759	.5256716	.2012524	0
922.15	0	.2760773	.5226241	.2012986	0
921.15	0	.2790687	.5195879	.2013434	0
920.15	0	.2820496	.5165635	.201387	0
919.15	0	.2850197	.5135511	.2014292	0
918.15	0	.2879786	.5105513	.2014701	0
917.15	0	.2909259	.5075643	.2015098	0
916.15	0	.2938615	.5045905	.201548	0
915.15	0	.2967848	.5016302	.201585	0
914.15	0	.2996956	.4986837	.2016207	0
913.15	0	.3025936	.4957513	.2016551	0
912.15	0	.3054786	.4928334	.2016881	0
911.15	0	.3083501	.4899301	.2017198	0
910.15	0	.3112081	.4870418	.2017502	0
909.15	0	.3140521	.4841687	.2017792	0
908.15	0	.316882	.4813111	.2018069	0
907.15	0	.3196975	.4784692	.2018333	0
906.15	0	.3224984	.4756432	.2018584	0
905.15	0	.3252845	.4728335	.2018821	0
904.15	0	.3280554	.4700401	.2019045	0
903.15	0	.3308112	.4672633	.2019255	0
902.15	0	.3335514	.4645033	.2019453	0
901.15	0	.336276	.4617603	.2019637	0
900.15	0	.3389847	.4590345	.2019807	0
899.15	0	.3416774	.4563261	.2019965	0
898.15	0	.3443539	.4536352	.2020109	0
897.15	0	.3470141	.450962	.202024	0
896.15	0	.3496576	.4483067	.2020357	0
895.15	0	.3522845	.4456693	.2020461	0
894.15	0	.3548946	.4430502	.2020553	0
893.15	0	.3574876	.4404494	.2020631	0
892.15	0	.3600635	.437867	.2020695	0
891.15	0	.3626221	.4353032	.2020747	0
890.15	0	.3651633	.4327581	.2020786	0
889.15	0	.367687	.4302318	.2020812	0
888.15	0	.3701931	.4277245	.2020825	0
887.15	0	.3726813	.4252362	.2020824	0
886.15	0	.3751517	.4227671	.2020812	0
885.15	0	.3776041	.4203173	.2020786	0
884.15	0	.3800384	.4178868	.2020748	0
883.15	0	.3824546	.4154758	.2020697	0
882.15	0	.3848524	.4130843	.2020633	0
881.15	0	.3872318	.4107124	.2020557	0
880.15	0	.3895928	.4083603	.2020469	0
879.15	0	.3919353	.4060279	.2020368	0
878.15	0	.3942591	.4037153	.2020256	0
877.15	0	.3965643	.4014227	.2020131	0
876.15	0	.3988507	.39915	.2019994	0
875.15	0	.4011182	.3968973	.2019845	0
874.15	0	.4033669	.3946647	.2019684	0
873.15	0	.4055967	.3924521	.2019512	0
872.15	0	.4078074	.3902598	.2019328	0
871.15	0	.4099991	.3880875	.2019133	0
870.15	0	.4121718	.3859355	.2018927	0
869.15	0	.4143254	.3838037	.2018709	0
868.15	0	.4164598	.3816922	.201848	0
867.15	0	.418575	.3796009	.2018241	0
866.15	0	.4206711	.3775299	.201799	0
865.15	0	.422748	.3754791	.2017729	0
864.15	0	.4248056	.3734486	.2017458	0
863.15	0	.426844	.3714383	.2017176	0
862.15	0	.4288633	.3694483	.2016884	0
861.15	0	.4308633	.3674785	.2016582	0
860.15	0	.4328441	.3655289	.201627	0
859.15	0	.4348057	.3635995	.2015948	0
858.15	0	.4367481	.3616902	.2015617	0
857.15	0	.4386714	.359801	.2015277	0
856.15	0	.4405755	.3579318	.2014927	0
855.15	0	.4424606	.3560826	.2014568	0
854.15	0	.4443267	.3542533	.20142	0
853.15	0	.4461738	.3524439	.2013823	0
852.15	0	.4480019	.3506543	.2013438	0
851.15	0	.4498111	.3488845	.2013044	0
850.15	0	.4516015	.3471342	.2012642	0
849.15	0	.4533732	.3454036	.2012232	0
848.15	0	.4551262	.3436924	.2011814	0
847.15	0	.4568606	.3420006	.2011388	0
846.15	0	.4585765	.3403281	.2010955	0
845.15	0	.4602739	.3386748	.2010513	0
844.15	0	.461953	.3370405	.2010065	0
843.15	0	.4636139	.3354252	.2009609	0
842.15	0	.4652566	.3338287	.2009147	0
841.15	0	.4668813	.332251	.2008678	0
840.15	0	.468488	.3306918	.2008201	0
839.15	0	.470077	.3291511	.2007719	0
838.15	0	.4716483	.3276288	.200723	0
837.15	0	.473202	.3261246	.2006734	0
836.15	0	.4747383	.3246385	.2006233	0
835.15	0	.4762572	.3231703	.2005725	0
834.15	0	.477759	.3217198	.2005212	0
833.15	0	.4792438	.3202869	.2004693	0
832.15	0	.4807117	.3188715	.2004168	0
831.15	0	.4821628	.3174734	.2003638	0
830.15	0	.4835974	.3160924	.2003102	0
829.15	0	.4850155	.3147284	.2002562	0
828.15	0	.4864172	.3133812	.2002016	0
827.15	0	.4878029	.3120506	.2001465	0
826.15	0	.4891726	.3107365	.200091	0
825.15	0	.4905264	.3094387	.2000349	0
824.15	0	.4918646	.308157	.1999784	0
823.15	0	.4931873	.3068912	.1999215	0
822.15	0	.4944946	.3056413	.1998641	0
821.8904	0	.4948316	.3053193	.1998491	0
821.8904	0	.4948316	.3053193	.1998491	0
821.8904	0	.4948316	.3053193	.1998491	0
821.15	0	.500336	.2986023	.1982351	.002826564
820.15	0	.5075754	.2897462	.1960943	.006584016
819.15	0	.5145979	.2811308	.1939973	.01027407
818.15	0	.5214113	.2727473	.1919427	.01389872
817.15	0	.5280232	.2645877	.1899292	.01745991
816.15	0	.5344407	.2566442	.1879557	.02095944
815.15	0	.5406706	.2489094	.186021	.02439907
814.15	0	.5467194	.2413762	.1841239	.02778048
813.15	0	.5525934	.2340379	.1822635	.03110525
812.15	0	.5582984	.2268881	.1804387	.03437491
811.15	0	.5638401	.2199205	.1786485	.03759094
810.15	0	.569224	.2131293	.176892	.04075474
809.15	0	.5744552	.206509	.1751682	.04386764
808.15	0	.5795387	.200054	.1734764	.04693095
807.15	0	.5844792	.1937591	.1718157	.04994589
806.15	0	.5892814	.1876196	.1701853	.05291368
805.15	0	.5939496	.1816305	.1685845	.05583544
804.15	0	.5984879	.1757874	.1670124	.05871229
803.15	0	.6029005	.1700858	.1654684	.06154528
802.15	0	.6071912	.1645216	.1639518	.06433544
801.15	0	.6113637	.1590907	.1624619	.06708374
800.15	0	.6154216	.1537892	.1609981	.06979115
799.15	0	.6193682	.1486134	.1595598	.07245857
798.15	0	.6232071	.1435597	.1581463	.0750869
797.15	0	.6269412	.1386247	.1567571	.07767697
796.15	0	.6305738	.1338049	.1553917	.08022963
795.15	0	.6341076	.1290972	.1540495	.08274567
794.15	0	.6375457	.1244985	.1527299	.08522585
793.15	0	.6408908	.1200057	.1514325	.08767093
792.15	0	.6441454	.1156161	.1501568	.09008164
791.15	0	.6473123	.1113267	.1489023	.09245866
790.15	0	.6503938	.107135	.1476685	.09480269
789.15	0	.6533923	.1030383	.1464551	.09711438
788.15	0	.6563102	.09903404	.1452614	.09939438
787.15	0	.6591497	.09511986	.1440872	.1016433
786.15	0	.6619129	.09129338	.142932	.1038617
785.15	0	.664602	.08755232	.1417954	.1060503
784.15	0	.667219	.08389448	.140677	.1082096
783.15	0	.6697658	.08031771	.1395764	.11034
782.15	0	.6722444	.07681995	.1384933	.1124423
781.15	0	.6746566	.07339918	.1374274	.1145169
780.15	0	.6770041	.07005345	.1363781	.1165643
779.15	0	.6792888	.06678088	.1353453	.118585
778.15	0	.6815123	.06357962	.1343286	.1205795
777.15	0	.6836762	.0604479	.1333276	.1225483
776.15	0	.6857821	.05738399	.132342	.1244919
775.15	0	.6878316	.05438621	.1313716	.1264106
774.15	0	.6898261	.05145291	.130416	.128305
773.15	0	.6917671	.04858252	.1294748	.1301755
772.15	0	.6936561	.04577349	.1285479	.1320225
771.15	0	.6954944	.04302432	.1276349	.1338464
770.15	0	.6972833	.04033354	.1267356	.1356476
769.15	0	.6990241	.03769975	.1258497	.1374265
768.15	0	.7007181	.03512154	.1249769	.1391835
767.15	0	.7023665	.03259757	.1241169	.140919
766.15	0	.7039706	.03012654	.1232696	.1426333
765.15	0	.7055314	.02770716	.1224345	.1443269
764.15	0	.7070502	.02533819	.1216116	.146
763.15	0	.708528	.02301841	.1208005	.1476531
762.15	0	.7099659	.02074665	.1200011	.1492864
761.15	0	.7113649	.01852174	.119213	.1509003
760.15	0	.7127262	.01634257	.1184361	.1524951
759.15	0	.7140505	.01420804	.1176702	.1540712
758.15	0	.7153391	.01211708	.116915	.1556289
757.15	0	.7165927	.01006865	.1161702	.1571685
756.15	0	.7178123	.008061725	.1154358	.1586902
755.15	0	.7189988	.006095324	.1147115	.1601945
754.15	0	.720153	.004168476	.113997	.1616815
753.15	0	.7212759	.002280237	.1132922	.1631516
752.15	0	.7223683	4.296851E-04	.112597	.1646051
751.9149	0	.7226207	0	.1124349	.1649444
751.9149	0	.7226207	0	.1124349	.1649444
751.15	0	.722525	0	.1122808	.1651941
750.15	0	.7224004	0	.11208	.1655195
749.15	0	.7222765	0	.1118799	.1658437
748.15	0	.7221531	0	.1116803	.1661666
747.15	0	.7220303	0	.1114813	.1664883
746.15	0	.7219082	0	.111283	.1668088
745.15	0	.7217866	0	.1110853	.1671281
744.15	0	.7216657	0	.1108882	.1674461
743.15	0	.7215453	0	.1106918	.1677629
742.15	0	.7214255	0	.1104959	.1680786
741.15	0	.7213063	0	.1103007	.168393
740.15	0	.7211877	0	.1101061	.1687062
739.15	0	.7210697	0	.1099121	.1690182
738.15	0	.7209522	0	.1097188	.169329
737.15	0	.7208353	0	.109526	.1696386
736.15	0	.720719	0	.1093339	.1699471
735.15	0	.7206033	0	.1091424	.1702543
734.15	0	.7204881	0	.1089515	.1705604
733.15	0	.7203735	0	.1087612	.1708653
732.15	0	.7202594	0	.1085716	.171169
731.15	0	.7201459	0	.1083825	.1714716
730.15	0	.720033	0	.1081941	.1717729
729.15	0	.7199205	0	.1080063	.1720732
728.15	0	.7198087	0	.1078191	.1723722
727.15	0	.7196974	0	.1076326	.1726701
726.15	0	.7195866	0	.1074466	.1729668
725.15	0	.7194763	0	.1072613	.1732624
724.15	0	.7193666	0	.1070765	.1735568
723.15	0	.7192575	0	.1068924	.1738501
722.15	0	.7191488	0	.1067089	.1741422
721.15	0	.7190407	0	.106526	.1744332
720.15	0	.7189331	0	.1063438	.1747231
719.15	0	.7188261	0	.1061621	.1750118
718.15	0	.7187195	0	.1059811	.1752994
717.15	0	.7186135	0	.1058007	.1755858
716.15	0	.718508	0	.1056209	.1758712
715.15	0	.718403	0	.1054417	.1761554
714.15	0	.7182985	0	.1052631	.1764384
713.15	0	.7181945	0	.1050852	.1767204
712.15	0	.718091	0	.1049078	.1770012
711.15	0	.717988	0	.1047311	.1772809
710.15	0	.7178856	0	.1045549	.1775595
709.15	0	.7177836	0	.1043794	.177837
708.15	0	.7176821	0	.1042046	.1781134
707.15	0	.7175811	0	.1040303	.1783886
706.15	0	.7174806	0	.1038566	.1786628
705.15	0	.7173806	0	.1036836	.1789359
704.15	0	.7172811	0	.1035111	.1792078
703.15	0	.7171821	0	.1033393	.1794787
702.15	0	.7170835	0	.1031681	.1797485
701.15	0	.7169854	0	.1029975	.1800171
700.15	0	.7168878	0	.1028275	.1802847
699.15	0	.7167907	0	.1026581	.1805512
698.15	0	.7166941	0	.1024893	.1808166
697.15	0	.7165979	0	.1023211	.1810809
696.15	0	.7165022	0	.1021536	.1813442
695.15	0	.716407	0	.1019867	.1816063
694.15	0	.7163123	0	.1018204	.1818674
693.15	0	.716218	0	.1016546	.1821274
692.15	0	.7161241	0	.1014895	.1823863
691.15	0	.7160308	0	.1013251	.1826442
690.15	0	.7159379	0	.1011612	.182901
689.15	0	.7158454	0	.1009979	.1831567
688.15	0	.7157534	0	.1008352	.1834113
687.15	0	.7156619	0	.1006732	.1836649
686.15	0	.7155708	0	.1005118	.1839174
685.15	0	.7154802	0	.1003509	.1841689
684.15	0	.71539	0	.1001907	.1844193
683.15	0	.7153003	0	.1000311	.1846686
682.15	0	.715211	0	.09987211	.1849169
681.15	0	.7151222	0	.09971372	.1851641
680.15	0	.7150338	0	.09955595	.1854103
679.15	0	.7149458	0	.09939878	.1856554
678.15	0	.7148583	0	.09924222	.1858995
677.15	0	.7147712	0	.09908627	.1861425
676.15	0	.7146846	0	.09893093	.1863845
675.15	0	.7145984	0	.0987762	.1866255
674.15	0	.7145126	0	.09862207	.1868654
673.15	0	.7144272	0	.09846856	.1871042
672.15	0	.7143423	0	.09831565	.187342
671.15	0	.7142578	0	.09816335	.1875788
670.15	0	.7141738	0	.09801166	.1878146
669.15	0	.7140901	0	.09786058	.1880493
668.15	0	.7140069	0	.0977101	.188283
667.15	0	.7139241	0	.09756024	.1885156
666.15	0	.7138418	0	.09741098	.1887472
665.15	0	.7137598	0	.09726232	.1889778
664.15	0	.7136783	0	.09711428	.1892074
663.15	0	.7135972	0	.09696684	.189436
662.15	0	.7135165	0	.09682001	.1896635
661.15	0	.7134362	0	.09667378	.18989
660.15	0	.7133564	0	.09652816	.1901155
659.15	0	.7132769	0	.09638315	.1903399
658.15	0	.7131979	0	.09623874	.1905634
657.15	0	.7131192	0	.09609494	.1907858
656.15	0	.713041	0	.09595174	.1910073
655.15	0	.7129632	0	.09580915	.1912277
654.15	0	.7128858	0	.09566716	.1914471
653.15	0	.7128088	0	.09552578	.1916655
652.15	0	.7127322	0	.095385	.1918829
651.15	0	.7126559	0	.09524483	.1920992
650.15	0	.7125801	0	.09510526	.1923146
649.15	0	.7125047	0	.0949663	.192529
648.15	0	.7124297	0	.09482794	.1927424
647.15	0	.7123551	0	.09469018	.1929547
646.15	0	.7122808	0	.09455303	.1931661
645.15	0	.712207	0	.09441647	.1933765
644.15	0	.7121336	0	.09428053	.1935859
643.15	0	.7120605	0	.09414518	.1937943
642.15	0	.7119879	0	.09401044	.1940017
641.15	0	.7119156	0	.09387629	.1942081
640.15	0	.7118437	0	.09374275	.1944135
639.15	0	.7117722	0	.09360981	.194618
638.15	0	.7117011	0	.09347747	.1948214
637.15	0	.7116304	0	.09334573	.1950239
636.15	0	.71156	0	.0932146	.1952254
635.15	0	.7114901	0	.09308406	.1954259
634.15	0	.7114205	0	.09295412	.1956254
633.15	0	.7113513	0	.09282478	.1958239
632.15	0	.7112825	0	.09269604	.1960215
631.15	0	.711214	0	.0925679	.1962181
630.15	0	.7111459	0	.09244036	.1964137
629.15	0	.7110782	0	.09231341	.1966084
628.15	0	.7110109	0	.09218706	.1968021
627.15	0	.7109439	0	.09206131	.1969947
626.15	0	.7108774	0	.09193616	.1971865
625.15	0	.7108111	0	.0918116	.1973773
624.15	0	.7107453	0	.09168764	.1975671
623.15	0	.7106798	0	.09156427	.1977559
622.15	0	.7106147	0	.0914415	.1979438
621.15	0	.71055	0	.09131932	.1981307
620.15	0	.7104856	0	.09119774	.1983167
619.15	0	.7104216	0	.09107675	.1985017
618.15	0	.7103579	0	.09095635	.1986857
617.15	0	.7102946	0	.09083655	.1988688
616.15	0	.7102317	0	.09071734	.199051
615.15	0	.7101691	0	.09059872	.1992322
614.15	0	.7101069	0	.09048069	.1994124
613.15	0	.710045	0	.09036326	.1995917
612.15	0	.7099835	0	.09024641	.1997701
611.15	0	.7099224	0	.09013016	.1999475
610.15	0	.7098616	0	.09001449	.2001239
609.15	0	.7098012	0	.08989941	.2002994
608.15	0	.7097411	0	.08978492	.200474
607.15	0	.7096813	0	.08967102	.2006477
606.15	0	.7096219	0	.08955771	.2008204
605.15	0	.7095629	0	.08944498	.2009921
604.15	0	.7095042	0	.08933284	.201163
603.15	0	.7094459	0	.08922128	.2013329
602.15	0	.7093879	0	.08911031	.2015018
601.15	0	.7093302	0	.08899992	.2016699
600.15	0	.7092729	0	.08889012	.201837
599.15	0	.7092159	0	.08878089	.2020032
598.15	0	.7091593	0	.08867226	.2021685
597.15	0	.709103	0	.0885642	.2023328
596.15	0	.7090471	0	.08845672	.2024962
595.15	0	.7089915	0	.08834983	.2026587
594.15	0	.7089362	0	.08824351	.2028203
593.15	0	.7088813	0	.08813777	.202981
592.15	0	.7088267	0	.08803261	.2031407
591.15	0	.7087724	0	.08792803	.2032996
590.15	0	.7087185	0	.08782402	.2034575
589.15	0	.7086649	0	.08772059	.2036145
588.15	0	.7086116	0	.08761774	.2037707
587.15	0	.7085587	0	.08751546	.2039259
586.15	0	.7085061	0	.08741375	.2040802
585.15	0	.7084538	0	.08731262	.2042336
584.15	0	.7084018	0	.08721205	.2043861
583.15	0	.7083502	0	.08711206	.2045377
582.15	0	.7082989	0	.08701264	.2046885
581.15	0	.7082479	0	.08691379	.2048383
580.15	0	.7081973	0	.08681551	.2049872
579.15	0	.708147	0	.08671779	.2051353
578.15	0	.708097	0	.08662064	.2052824
577.15	0	.7080473	0	.08652406	.2054287
576.15	0	.7079979	0	.08642805	.2055741
575.15	0	.7079489	0	.08633259	.2057186
574.15	0	.7079001	0	.0862377	.2058622
573.15	0	.7078517	0	.08614338	.2060049
572.15	0	.7078036	0	.08604961	.2061468
571.15	0	.7077558	0	.0859564	.2062878
570.15	0	.7077084	0	.08586376	.2064279
569.15	0	.7076612	0	.08577167	.2065671
568.15	0	.7076144	0	.08568014	.2067055
567.15	0	.7075678	0	.08558917	.206843
566.15	0	.7075216	0	.08549875	.2069797
565.15	0	.7074757	0	.08540888	.2071154
564.15	0	.7074301	0	.08531957	.2072504
563.15	0	.7073848	0	.08523081	.2073844
562.15	0	.7073398	0	.0851426	.2075176
561.15	0	.7072951	0	.08505494	.20765
560.15	0	.7072507	0	.08496783	.2077815
559.15	0	.7072066	0	.08488127	.2079121
558.15	0	.7071628	0	.08479526	.2080419
557.15	0	.7071193	0	.08470979	.2081709
556.15	0	.7070761	0	.08462486	.208299
555.15	0	.7070333	0	.08454048	.2084263
554.15	0	.7069907	0	.08445664	.2085527
553.15	0	.7069484	0	.08437334	.2086783
552.15	0	.7069064	0	.08429058	.208803
551.15	0	.7068647	0	.08420836	.208927
550.15	0	.7068233	0	.08412667	.2090501
549.15	0	.7067821	0	.08404552	.2091723
548.15	0	.7067413	0	.08396491	.2092938
547.15	0	.7067008	0	.08388483	.2094144
546.15	0	.7066605	0	.08380528	.2095342
545.15	0	.7066206	0	.08372626	.2096532
544.15	0	.7065809	0	.08364777	.2097713
543.15	0	.7065415	0	.0835698	.2098887
542.15	0	.7065024	0	.08349237	.2100052
541.15	0	.7064636	0	.08341546	.210121
540.15	0	.706425	0	.08333907	.2102359
539.15	0	.7063868	0	.08326321	.21035
538.15	0	.7063488	0	.08318786	.2104633
537.15	0	.7063111	0	.08311304	.2105758
536.15	0	.7062737	0	.08303873	.2106876
535.15	0	.7062366	0	.08296494	.2107985
534.15	0	.7061997	0	.08289167	.2109086
533.15	0	.7061631	0	.08281891	.211018
532.15	0	.7061268	0	.08274666	.2111265
531.15	0	.7060908	0	.08267492	.2112343
530.15	0	.706055	0	.08260369	.2113413
529.15	0	.7060195	0	.08253297	.2114475
528.15	0	.7059843	0	.08246276	.2115529
527.15	0	.7059494	0	.08239305	.2116576
526.15	0	.7059147	0	.08232384	.2117615
525.15	0	.7058803	0	.08225513	.2118646
524.15	0	.7058461	0	.08218693	.211967
523.15	0	.7058122	0	.08211922	.2120686
522.15	0	.7057786	0	.08205201	.2121694
521.15	0	.7057452	0	.08198529	.2122695
520.15	0	.7057121	0	.08191907	.2123688
519.15	0	.7056793	0	.08185333	.2124674
518.15	0	.7056467	0	.08178809	.2125652
517.15	0	.7056144	0	.08172334	.2126622
516.15	0	.7055823	0	.08165907	.2127586
515.15	0	.7055505	0	.08159529	.2128542
514.15	0	.705519	0	.08153199	.212949
513.15	0	.7054877	0	.08146917	.2130431
512.15	0	.7054566	0	.08140683	.2131365
511.15	0	.7054259	0	.08134497	.2132292
510.15	0	.7053953	0	.08128358	.2133211
509.15	0	.705365	0	.08122267	.2134123
508.15	0	.705335	0	.08116223	.2135028
507.15	0	.7053052	0	.08110226	.2135926
506.15	0	.7052756	0	.08104276	.2136816
505.15	0	.7052463	0	.08098373	.21377
504.15	0	.7052173	0	.08092516	.2138576
503.15	0	.7051884	0	.08086706	.2139445
502.15	0	.7051599	0	.08080942	.2140307
501.15	0	.7051315	0	.08075223	.2141163
500.15	0	.7051034	0	.0806955	.2142011
499.15	0	.7050756	0	.08063923	.2142852
498.15	0	.7050479	0	.08058341	.2143686
497.15	0	.7050205	0	.08052805	.2144514
496.15	0	.7049934	0	.08047313	.2145335
495.15	0	.7049665	0	.08041866	.2146149
494.15	0	.7049398	0	.08036464	.2146956
493.15	0	.7049133	0	.08031106	.2147756
492.15	0	.7048871	0	.08025792	.214855
491.15	0	.7048611	0	.08020522	.2149337
490.15	0	.7048353	0	.08015296	.2150117
489.15	0	.7048098	0	.08010113	.2150891
488.15	0	.7047845	0	.08004974	.2151658
487.15	0	.7047594	0	.07999878	.2152418
486.15	0	.7047345	0	.07994825	.2153172
485.15	0	.7047099	0	.07989815	.215392
484.15	0	.7046854	0	.07984847	.2154661
483.15	0	.7046612	0	.07979921	.2155396
482.15	0	.7046373	0	.07975038	.2156124
481.15	0	.7046135	0	.07970197	.2156846
480.15	0	.7045899	0	.07965397	.2157561
479.15	0	.7045666	0	.07960638	.215827
478.15	0	.7045435	0	.07955921	.2158973
477.15	0	.7045205	0	.07951245	.215967
476.15	0	.7044978	0	.0794661	.2160361
475.15	0	.7044753	0	.07942015	.2161045
474.15	0	.7044531	0	.07937461	.2161723
473.15	0	.704431	0	.07932947	.2162396
472.15	0	.7044091	0	.07928473	.2163062
471.15	0	.7043874	0	.07924038	.2163722
470.15	0	.704366	0	.07919643	.2164376
469.15	0	.7043447	0	.07915287	.2165024
468.15	0	.7043237	0	.07910971	.2165666
467.15	0	.7043028	0	.07906693	.2166303
466.15	0	.7042821	0	.07902453	.2166933
465.15	0	.7042617	0	.07898252	.2167558
464.15	0	.7042414	0	.0789409	.2168177
463.15	0	.7042214	0	.07889965	.216879
462.15	0	.7042015	0	.07885878	.2169398
461.15	0	.7041818	0	.07881828	.2169999
460.15	0	.7041623	0	.07877816	.2170595
459.15	0	.704143	0	.0787384	.2171186
458.15	0	.7041239	0	.07869901	.2171771
457.15	0	.704105	0	.07865999	.217235
456.15	0	.7040862	0	.07862133	.2172924
455.15	0	.7040677	0	.07858303	.2173493
454.15	0	.7040493	0	.07854509	.2174056
453.15	0	.7040312	0	.07850751	.2174613
452.15	0	.7040132	0	.07847028	.2175166
451.15	0	.7039953	0	.0784334	.2175713
450.15	0	.7039777	0	.07839687	.2176254
449.15	0	.7039602	0	.0783607	.2176791
448.15	0	.703943	0	.07832487	.2177322
447.15	0	.7039259	0	.07828939	.2177847
446.15	0	.7039089	0	.07825424	.2178368
445.15	0	.7038922	0	.07821944	.2178884
444.15	0	.7038756	0	.07818498	.2179394
443.15	0	.7038592	0	.07815085	.2179899
442.15	0	.703843	0	.07811706	.21804
441.15	0	.7038269	0	.0780836	.2180895
440.15	0	.703811	0	.07805047	.2181385
439.15	0	.7037953	0	.07801768	.218187
438.15	0	.7037797	0	.07798521	.2182351
