T	 BPW(LIQUID)	BPW(BCC_A2)	BPW(FCC_A1)	BPW(LAVES_PHASE_C14)	BPW(NI3TI)
1473.15	.6376586	.2624179	0	.09992346	0
1472.15	.6296542	.2677853	0	.1025605	0
1471.15	.6217912	.2730552	0	.1051536	0
1470.15	.614066	.2782299	0	.1077041	0
1469.15	.6064751	.283312	0	.1102129	0
1468.15	.5990152	.2883036	0	.1126812	0
1467.15	.5916828	.2932072	0	.11511	0
1466.15	.5844749	.2980248	0	.1175003	0
1465.15	.5773883	.3027585	0	.1198531	0
1464.15	.5704201	.3074105	0	.1221694	0
1463.15	.5635675	.3119826	0	.12445	0
1462.15	.5568275	.3164768	0	.1266958	0
1461.15	.5501975	.3208949	0	.1289076	0
1460.15	.5436749	.3252387	0	.1310864	0
1459.15	.5372571	.32951	0	.1332329	0
1458.15	.5309418	.3337104	0	.1353478	0
1457.15	.5247264	.3378416	0	.137432	0
1456.15	.5186088	.3419051	0	.1394861	0
1455.15	.5125866	.3459025	0	.1415109	0
1454.15	.5066577	.3498353	0	.143507	0
1453.15	.50082	.3537049	0	.1454751	0
1452.15	.4950714	.3575127	0	.1474159	0
1451.15	.4894099	.3612601	0	.14933	0
1450.15	.4838336	.3649485	0	.1512179	0
1449.15	.4783407	.368579	0	.1530803	0
1448.15	.4729293	.372153	0	.1549177	0
1447.15	.4675977	.3756716	0	.1567307	0
1446.15	.4623441	.3791361	0	.1585198	0
1445.15	.4571668	.3825476	0	.1602856	0
1444.15	.4520643	.3859071	0	.1620286	0
1443.15	.4470349	.3892159	0	.1637492	0
1442.15	.4420772	.3924749	0	.1654479	0
1441.15	.4371896	.3956852	0	.1671253	0
1440.15	.4323706	.3988477	0	.1687817	0
1439.15	.4276189	.4019635	0	.1704176	0
1438.15	.4229331	.4050335	0	.1720334	0
1437.15	.4183119	.4080586	0	.1736296	0
1436.15	.4137539	.4110396	0	.1752065	0
1435.15	.4092579	.4139776	0	.1767645	0
1434.15	.4048226	.4168733	0	.1783041	0
1433.15	.4004468	.4197276	0	.1798256	0
1432.554	.3978669	.4214092	0	.1807239	0
1432.554	.3978669	.4214092	0	.1807239	0
1432.554	.3978669	.4214092	0	.1807239	0
1432.15	.3924711	.4175543	.007577365	.1823973	0
1431.15	.3792549	.40819	.02607906	.1864761	0
1430.15	.3662306	.3990713	.04423074	.1904674	0
1429.15	.3533922	.3901911	.06204279	.194374	0
1428.15	.3407339	.3815427	.07952521	.1981982	0
1427.15	.3282503	.3731195	.09668762	.2019426	0
1426.15	.315936	.3649154	.1135393	.2056094	0
1425.15	.3037857	.3569244	.1300891	.2092008	0
1424.15	.2917947	.3491406	.1463456	.2127191	0
1423.15	.279958	.3415586	.162317	.2161663	0
1422.15	.2682711	.3341731	.1780115	.2195444	0
1421.15	.2567295	.3269788	.1934365	.2228552	0
1420.15	.245329	.3199708	.2085995	.2261008	0
1419.15	.2340653	.3131443	.2235077	.2292828	0
1418.15	.2229344	.3064948	.2381679	.2324029	0
1417.15	.2119325	.3000178	.2525867	.235463	0
1416.15	.2010558	.293709	.2667707	.2384645	0
1415.15	.1903007	.2875644	.2807259	.241409	0
1414.15	.1796637	.2815799	.2944583	.2442981	0
1413.15	.1691413	.2757517	.3079738	.2471331	0
1412.15	.1587304	.2700761	.321278	.2499156	0
1411.15	.1484277	.2645495	.3343761	.2526468	0
1410.15	.1382301	.2591684	.3472735	.2553281	0
1409.15	.1281347	.2539295	.3599751	.2579607	0
1408.15	.1181385	.2488297	.372486	.2605459	0
1407.15	.1082388	.2438657	.3848107	.2630848	0
1406.15	.0984329	.2390345	.396954	.2655787	0
1405.15	.0887181	.2343332	.4089201	.2680285	0
1404.15	.07909187	.2297591	.4207135	.2704355	0
1403.15	.06955174	.2253092	.4323383	.2728007	0
1402.15	.06009531	.2209811	.4437985	.275125	0
1401.15	.05072024	.2167722	.455098	.2774095	0
1400.15	.04142428	.2126799	.4662406	.2796552	0
1399.15	.03220523	.2087019	.47723	.2818628	0
1398.15	.02306095	.2048359	.4880698	.2840334	0
1397.15	.01398938	.2010795	.4987633	.2861678	0
1396.15	.004988503	.1974306	.509314	.2882669	0
1395.592	0	.195442	.5151358	.2894222	0
1395.592	0	.195442	.5151358	.2894222	0
1395.15	0	.1946379	.5157643	.2895978	0
1394.15	0	.192824	.5171824	.2899936	0
1393.15	0	.1910146	.5185972	.2903882	0
1392.15	0	.1892098	.5200087	.2907814	0
1391.15	0	.1874097	.5214169	.2911734	0
1390.15	0	.1856141	.5228218	.2915641	0
1389.15	0	.1838231	.5242235	.2919535	0
1388.15	0	.1820366	.5256218	.2923416	0
1387.15	0	.1802547	.5270169	.2927285	0
1386.15	0	.1784772	.5284087	.2931141	0
1385.15	0	.1767043	.5297973	.2934984	0
1384.15	0	.1749359	.5311826	.2938815	0
1383.15	0	.1731719	.5325647	.2942634	0
1382.15	0	.1714124	.5339436	.294644	0
1381.15	0	.1696573	.5353192	.2950235	0
1380.15	0	.1679067	.5366917	.2954017	0
1379.15	0	.1661605	.5380609	.2957786	0
1378.15	0	.1644187	.5394269	.2961544	0
1377.15	0	.1626813	.5407898	.296529	0
1376.15	0	.1609482	.5421495	.2969023	0
1375.15	0	.1592195	.543506	.2972745	0
1374.15	0	.1574952	.5448593	.2976455	0
1373.15	0	.1557752	.5462095	.2980153	0
1372.15	0	.1540595	.5475565	.298384	0
1371.15	0	.1523482	.5489004	.2987514	0
1370.15	0	.1506411	.5502412	.2991178	0
1369.15	0	.1489383	.5515788	.2994829	0
1368.15	0	.1472398	.5529133	.2998469	0
1367.15	0	.1455455	.5542447	.3002098	0
1366.15	0	.1438555	.5555729	.3005715	0
1365.15	0	.1421698	.5568981	.3009322	0
1364.15	0	.1404882	.5582202	.3012916	0
1363.15	0	.1388109	.5595391	.30165	0
1362.15	0	.1371377	.5608551	.3020072	0
1361.15	0	.1354687	.5621679	.3023634	0
1360.15	0	.133804	.5634776	.3027184	0
1359.15	0	.1321433	.5647843	.3030724	0
1358.15	0	.1304869	.5660879	.3034252	0
1357.15	0	.1288345	.5673885	.303777	0
1356.15	0	.1271863	.568686	.3041277	0
1355.15	0	.1255423	.5699805	.3044773	0
1354.15	0	.1239023	.5712719	.3048258	0
1353.15	0	.1222664	.5725604	.3051733	0
1352.15	0	.1206346	.5738457	.3055197	0
1351.15	0	.1190069	.5751281	.305865	0
1350.15	0	.1173832	.5764074	.3062093	0
1349.15	0	.1157636	.5776838	.3065526	0
1348.15	0	.1141481	.5789571	.3068948	0
1347.15	0	.1125365	.5802275	.307236	0
1346.15	0	.110929	.5814948	.3075762	0
1345.15	0	.1093255	.5827592	.3079153	0
1344.15	0	.1077261	.5840205	.3082534	0
1343.15	0	.1061306	.5852789	.3085905	0
1342.15	0	.104539	.5865343	.3089267	0
1341.15	0	.1029515	.5877868	.3092617	0
1340.15	0	.1013679	.5890362	.3095958	0
1339.15	0	.09978833	.5902827	.3099289	0
1338.15	0	.09821266	.5915263	.3102611	0
1337.15	0	.09664093	.5927669	.3105922	0
1336.15	0	.09507314	.5940045	.3109224	0
1335.15	0	.09350926	.5952392	.3112516	0
1334.15	0	.09194929	.5964709	.3115798	0
1333.15	0	.09039323	.5976997	.311907	0
1332.15	0	.08884106	.5989256	.3122333	0
1331.15	0	.08729278	.6001486	.3125586	0
1330.15	0	.08574838	.6013686	.312883	0
1329.15	0	.08420785	.6025857	.3132065	0
1328.15	0	.08267118	.6037998	.313529	0
1327.15	0	.08113837	.6050111	.3138505	0
1326.15	0	.0796094	.6062194	.3141712	0
1325.15	0	.07808428	.6074248	.3144909	0
1324.15	0	.07656298	.6086274	.3148097	0
1323.15	0	.07504551	.609827	.3151275	0
1322.15	0	.07353186	.6110237	.3154445	0
1321.15	0	.07202202	.6122175	.3157605	0
1320.15	0	.07051598	.6134084	.3160757	0
1319.15	0	.06901374	.6145964	.3163899	0
1318.15	0	.06751529	.6157815	.3167032	0
1317.15	0	.06602063	.6169637	.3170157	0
1316.15	0	.06452974	.618143	.3173273	0
1315.15	0	.06304262	.6193194	.317638	0
1314.15	0	.06155926	.620493	.3179478	0
1313.15	0	.06007967	.6216636	.3182567	0
1312.15	0	.05860382	.6228314	.3185648	0
1311.15	0	.05713172	.6239963	.318872	0
1310.15	0	.05566337	.6251583	.3191783	0
1309.15	0	.05419875	.6263175	.3194838	0
1308.15	0	.05273786	.6274738	.3197884	0
1307.15	0	.05128069	.6286271	.3200922	0
1306.15	0	.04982724	.6297777	.3203951	0
1305.15	0	.04837751	.6309253	.3206972	0
1304.15	0	.04693148	.6320701	.3209985	0
1303.15	0	.04548916	.633212	.3212989	0
1302.15	0	.04405054	.634351	.3215985	0
1301.15	0	.04261562	.6354872	.3218972	0
1300.15	0	.04118438	.6366204	.3221952	0
1299.15	0	.03975683	.6377509	.3224923	0
1298.15	0	.03833296	.6388784	.3227886	0
1297.15	0	.03691278	.6400031	.3230842	0
1296.15	0	.03549626	.6411249	.3233789	0
1295.15	0	.03408341	.6422438	.3236728	0
1294.15	0	.03267424	.6433599	.3239659	0
1293.15	0	.03126872	.6444731	.3242582	0
1292.15	0	.02986687	.6455834	.3245497	0
1291.15	0	.02846867	.6466909	.3248405	0
1290.15	0	.02707412	.6477955	.3251304	0
1289.15	0	.02568323	.6488972	.3254196	0
1288.15	0	.02429598	.649996	.325708	0
1287.15	0	.02291237	.651092	.3259956	0
1286.15	0	.02153241	.6521851	.3262825	0
1285.15	0	.02015609	.6532753	.3265686	0
1284.15	0	.0187834	.6543627	.326854	0
1283.15	0	.01741435	.6554471	.3271385	0
1282.15	0	.01604894	.6565287	.3274224	0
1281.15	0	.01468715	.6576074	.3277055	0
1280.15	0	.01332899	.6586832	.3279878	0
1279.15	0	.01197447	.6597561	.3282694	0
1278.15	0	.01062357	.6608262	.3285503	0
1277.15	0	.00927629	.6618933	.3288304	0
1276.15	0	.007932638	.6629576	.3291098	0
1275.15	0	.006592609	.6640189	.3293885	0
1274.15	0	.005256203	.6650774	.3296664	0
1273.15	0	.003923418	.666133	.3299436	0
1272.15	0	.002594254	.6671856	.3302201	0
1271.15	0	.00126871	.6682354	.3304959	0
1270.19	0	0	.6692401	.3307599	0
1270.19	0	0	.6692401	.3307599	0
1270.15	0	0	.6692307	.3307693	0
1269.15	0	0	.6689981	.3310019	0
1268.15	0	0	.6687659	.3312341	0
1267.15	0	0	.668534	.331466	0
1266.15	0	0	.6683025	.3316975	0
1265.15	0	0	.6680714	.3319286	0
1264.15	0	0	.6678406	.3321594	0
1263.15	0	0	.6676102	.3323898	0
1262.15	0	0	.6673801	.3326199	0
1261.15	0	0	.6671504	.3328496	0
1260.15	0	0	.666921	.333079	0
1259.15	0	0	.666692	.333308	0
1258.15	0	0	.6664634	.3335366	0
1257.15	0	0	.6662351	.3337649	0
1256.15	0	0	.6660071	.3339929	0
1255.15	0	0	.6657795	.3342205	0
1254.15	0	0	.6655523	.3344477	0
1253.15	0	0	.6653254	.3346746	0
1252.15	0	0	.6650989	.3349011	0
1251.15	0	0	.6648727	.3351273	0
1250.15	0	0	.6646468	.3353532	0
1249.15	0	0	.6644213	.3355787	0
1248.15	0	0	.6641961	.3358039	0
1247.15	0	0	.6639713	.3360287	0
1246.15	0	0	.6637468	.3362532	0
1245.15	0	0	.6635227	.3364773	0
1244.15	0	0	.6632989	.3367011	0
1243.15	0	0	.6630755	.3369245	0
1242.15	0	0	.6628524	.3371476	0
1241.15	0	0	.6626296	.3373704	0
1240.15	0	0	.6624072	.3375928	0
1239.15	0	0	.6621851	.3378149	0
1238.15	0	0	.6619634	.3380366	0
1237.15	0	0	.661742	.338258	0
1236.15	0	0	.6615209	.3384791	0
1235.15	0	0	.6613001	.3386999	0
1234.15	0	0	.6610797	.3389203	0
1233.15	0	0	.6608597	.3391403	0
1232.15	0	0	.6606399	.3393601	0
1231.15	0	0	.6604205	.3395795	0
1230.15	0	0	.6602015	.3397985	0
1229.15	0	0	.6599827	.3400173	0
1228.15	0	0	.6597643	.3402357	0
1227.15	0	0	.6595462	.3404538	0
1226.15	0	0	.6593285	.3406715	0
1225.15	0	0	.6591111	.3408889	0
1224.15	0	0	.658894	.341106	0
1223.15	0	0	.6586772	.3413228	0
1222.15	0	0	.6584608	.3415392	0
1221.15	0	0	.6582446	.3417554	0
1220.15	0	0	.6580289	.3419711	0
1219.15	0	0	.6578134	.3421866	0
1218.15	0	0	.6575983	.3424017	0
1217.15	0	0	.6573834	.3426166	0
1216.15	0	0	.6571689	.3428311	0
1215.15	0	0	.6569548	.3430452	0
1214.15	0	0	.6567409	.3432591	0
1213.15	0	0	.6565274	.3434726	0
1212.15	0	0	.6563142	.3436858	0
1211.15	0	0	.6561013	.3438987	0
1210.15	0	0	.6558887	.3441113	0
1209.15	0	0	.6556764	.3443236	0
1208.15	0	0	.6554645	.3445355	0
1207.15	0	0	.6552529	.3447471	0
1206.15	0	0	.6550415	.3449585	0
1205.15	0	0	.6548306	.3451694	0
1204.15	0	0	.6546199	.3453801	0
1203.15	0	0	.6544095	.3455905	0
1202.15	0	0	.6541994	.3458006	0
1201.15	0	0	.6539897	.3460103	0
1200.15	0	0	.6537803	.3462197	0
1199.15	0	0	.6535711	.3464289	0
1198.15	0	0	.6533623	.3466377	0
1197.15	0	0	.6531538	.3468462	0
1196.15	0	0	.6529456	.3470544	0
1195.15	0	0	.6527377	.3472623	0
1194.15	0	0	.6525302	.3474698	0
1193.15	0	0	.6523229	.3476771	0
1192.15	0	0	.6521159	.3478841	0
1191.15	0	0	.6519093	.3480907	0
1190.15	0	0	.6517029	.3482971	0
1189.15	0	0	.6514969	.3485031	0
1188.15	0	0	.6512911	.3487089	0
1187.15	0	0	.6510857	.3489143	0
1186.15	0	0	.6508805	.3491195	0
1185.15	0	0	.6506757	.3493243	0
1184.15	0	0	.6504711	.3495289	0
1183.15	0	0	.6502669	.3497331	0
1182.15	0	0	.650063	.349937	0
1181.15	0	0	.6498593	.3501407	0
1180.15	0	0	.649656	.350344	0
1179.15	0	0	.649453	.350547	0
1178.15	0	0	.6492502	.3507498	0
1177.15	0	0	.6490478	.3509522	0
1176.15	0	0	.6488456	.3511544	0
1175.15	0	0	.6486438	.3513562	0
1174.15	0	0	.6484422	.3515578	0
1173.15	0	0	.6482409	.3517591	0
1172.15	0	0	.64804	.35196	0
1171.15	0	0	.6478393	.3521607	0
1170.15	0	0	.6476389	.3523611	0
1169.15	0	0	.6474388	.3525612	0
1168.15	0	0	.647239	.352761	0
1167.15	0	0	.6470395	.3529605	0
1166.15	0	0	.6468403	.3531597	0
1165.15	0	0	.6466414	.3533586	0
1164.15	0	0	.6464427	.3535573	0
1163.15	0	0	.6462444	.3537556	0
1162.15	0	0	.6460463	.3539537	0
1161.15	0	0	.6458486	.3541515	0
1160.15	0	0	.6456511	.3543489	0
1159.15	0	0	.6454539	.3545461	0
1158.15	0	0	.645257	.3547431	0
1157.15	0	0	.6450603	.3549397	0
1156.15	0	0	.644864	.355136	0
1155.15	0	0	.6446679	.3553321	0
1154.15	0	0	.6444722	.3555279	0
1153.15	0	0	.6442767	.3557233	0
1152.15	0	0	.6440815	.3559186	0
1151.15	0	0	.6438865	.3561135	0
1150.15	0	0	.6436919	.3563081	0
1149.15	0	0	.6434975	.3565025	0
1148.15	0	0	.6433034	.3566966	0
1147.15	0	0	.6431096	.3568904	0
1146.15	0	0	.6429161	.3570839	0
1145.15	0	0	.6427229	.3572771	0
1144.15	0	0	.6425299	.3574701	0
1143.15	0	0	.6423372	.3576628	0
1142.15	0	0	.6421448	.3578552	0
1141.15	0	0	.6419527	.3580473	0
1140.15	0	0	.6417608	.3582392	0
1139.15	0	0	.6415692	.3584308	0
1138.15	0	0	.6413779	.3586221	0
1137.15	0	0	.6411869	.3588131	0
1136.15	0	0	.6409961	.3590039	0
1135.15	0	0	.6408056	.3591944	0
1134.15	0	0	.6406154	.3593846	0
1133.15	0	0	.6404255	.3595745	0
1132.15	0	0	.6402358	.3597642	0
1131.15	0	0	.6400464	.3599536	0
1130.15	0	0	.6398573	.3601427	0
1129.15	0	0	.6396685	.3603315	0
1128.15	0	0	.6394799	.3605201	0
1127.15	0	0	.6392916	.3607084	0
1126.15	0	0	.6391035	.3608965	0
1125.15	0	0	.6389158	.3610842	0
1124.15	0	0	.6387282	.3612718	0
1123.15	0	0	.638541	.361459	0
1122.15	0	0	.638354	.361646	0
1121.15	0	0	.6381673	.3618327	0
1120.15	0	0	.6379809	.3620191	0
1119.15	0	0	.6377947	.3622053	0
1118.15	0	0	.6376088	.3623912	0
1117.15	0	0	.6374232	.3625768	0
1116.15	0	0	.6372378	.3627622	0
1115.15	0	0	.6370527	.3629473	0
1114.15	0	0	.6368678	.3631322	0
1113.15	0	0	.6366833	.3633168	0
1112.15	0	0	.6364989	.3635011	0
1111.15	0	0	.6363149	.3636851	0
1110.15	0	0	.6361311	.3638689	0
1109.15	0	0	.6359475	.3640525	0
1108.15	0	0	.6357643	.3642358	0
1107.15	0	0	.6355812	.3644188	0
1106.15	0	0	.6353985	.3646015	0
1105.15	0	0	.635216	.364784	0
1104.15	0	0	.6350337	.3649663	0
1103.15	0	0	.6348518	.3651482	0
1102.15	0	0	.63467	.36533	0
1101.15	0	0	.6344886	.3655114	0
1100.15	0	0	.6343074	.3656926	0
1099.15	0	0	.6341264	.3658736	0
1098.15	0	0	.6339457	.3660543	0
1097.15	0	0	.6337653	.3662347	0
1096.15	0	0	.6335851	.3664149	0
1095.15	0	0	.6334052	.3665949	0
1094.15	0	0	.6332255	.3667745	0
1093.15	0	0	.6330461	.3669539	0
1092.15	0	0	.6328669	.3671331	0
1091.15	0	0	.632688	.367312	0
1090.15	0	0	.6325093	.3674907	0
1089.15	0	0	.6323309	.3676691	0
1088.15	0	0	.6321528	.3678473	0
1087.15	0	0	.6319749	.3680252	0
1086.15	0	0	.6317972	.3682028	0
1085.15	0	0	.6316198	.3683802	0
1084.15	0	0	.6314426	.3685574	0
1083.15	0	0	.6312657	.3687343	0
1082.15	0	0	.6310891	.3689109	0
1081.15	0	0	.6309127	.3690873	0
1080.15	0	0	.6307365	.3692635	0
1079.15	0	0	.6305606	.3694394	0
1078.15	0	0	.630385	.3696151	0
1077.15	0	0	.6302095	.3697905	0
1076.15	0	0	.6300344	.3699656	0
1075.15	0	0	.6298595	.3701405	0
1074.15	0	0	.6296848	.3703152	0
1073.15	0	0	.6295104	.3704896	0
1072.15	0	0	.6293362	.3706638	0
1071.15	0	0	.6291623	.3708378	0
1070.15	0	0	.6289886	.3710114	0
1069.15	0	0	.6288151	.3711849	0
1068.15	0	0	.6286419	.3713581	0
1067.15	0	0	.628469	.3715311	0
1066.15	0	0	.6282962	.3717038	0
1065.15	0	0	.6281238	.3718762	0
1064.15	0	0	.6279515	.3720485	0
1063.15	0	0	.6277796	.3722205	0
1062.15	0	0	.6276078	.3723922	0
1061.15	0	0	.6274363	.3725637	0
1060.15	0	0	.627265	.372735	0
1059.15	0	0	.627094	.372906	0
1058.15	0	0	.6269232	.3730768	0
1057.15	0	0	.6267527	.3732473	0
1056.15	0	0	.6265824	.3734176	0
1055.15	0	0	.6264123	.3735877	0
1054.15	0	0	.6262425	.3737575	0
1053.15	0	0	.6260729	.3739271	0
1052.15	0	0	.6259036	.3740964	0
1051.15	0	0	.6257345	.3742655	0
1050.15	0	0	.6255656	.3744344	0
1049.15	0	0	.625397	.374603	0
1048.15	0	0	.6252286	.3747714	0
1047.15	0	0	.6250604	.3749396	0
1046.15	0	0	.6248925	.3751075	0
1045.15	0	0	.6247248	.3752752	0
1044.15	0	0	.6245574	.3754426	0
1043.15	0	0	.6243901	.3756099	0
1042.15	0	0	.6242232	.3757768	0
1041.15	0	0	.6240564	.3759436	0
1040.15	0	0	.6238899	.3761101	0
1039.15	0	0	.6237236	.3762764	0
1038.15	0	0	.6235576	.3764424	0
1037.15	0	0	.6233918	.3766082	0
1036.15	0	0	.6232262	.3767738	0
1035.15	0	0	.6230608	.3769392	0
1034.15	0	0	.6228957	.3771043	0
1033.15	0	0	.6227309	.3772691	0
1032.15	0	0	.6225662	.3774338	0
1031.15	0	0	.6224018	.3775982	0
1030.15	0	0	.6222376	.3777624	0
1029.15	0	0	.6220737	.3779264	0
1028.15	0	0	.6219099	.3780901	0
1027.15	0	0	.6217464	.3782536	0
1026.15	0	0	.6215832	.3784168	0
1025.15	0	0	.6214201	.3785799	0
1024.15	0	0	.6212573	.3787427	0
1023.15	0	0	.6210948	.3789052	0
1022.15	0	0	.6209324	.3790676	0
1021.15	0	0	.6207703	.3792297	0
1020.15	0	0	.6206084	.3793916	0
1019.15	0	0	.6204468	.3795533	0
1018.15	0	0	.6202853	.3797147	0
1017.15	0	0	.6201241	.3798759	0
1016.15	0	0	.6199631	.3800369	0
1015.15	0	0	.6198024	.3801976	0
1014.15	0	0	.6196419	.3803582	0
1013.15	0	0	.6194816	.3805185	0
1012.15	0	0	.6193215	.3806785	0
1011.15	0	0	.6191616	.3808384	0
1010.15	0	0	.619002	.380998	0
1009.15	0	0	.6188426	.3811574	0
1008.15	0	0	.6186835	.3813166	0
1007.15	0	0	.6185245	.3814755	0
1006.15	0	0	.6183658	.3816342	0
1005.15	0	0	.6182073	.3817927	0
1004.15	0	0	.618049	.381951	0
1003.15	0	0	.617891	.382109	0
1002.15	0	0	.6177331	.3822669	0
1001.15	0	0	.6175755	.3824245	0
1000.15	0	0	.6174182	.3825818	0
999.15	0	0	.617261	.382739	0
998.15	0	0	.6171041	.3828959	0
997.15	0	0	.6169474	.3830526	0
996.15	0	0	.6167909	.3832091	0
995.15	0	0	.6166346	.3833654	0
994.15	0	0	.6164786	.3835214	0
993.15	0	0	.6163227	.3836773	0
992.15	0	0	.6161671	.3838329	0
991.15	0	0	.6160118	.3839882	0
990.15	0	0	.6158566	.3841434	0
989.15	0	0	.6157017	.3842983	0
988.15	0	0	.6155469	.3844531	0
987.15	0	0	.6153924	.3846076	0
986.15	0	0	.6152382	.3847618	0
985.15	0	0	.6150841	.3849159	0
984.15	0	0	.6149303	.3850697	0
983.15	0	0	.6147767	.3852234	0
982.15	0	0	.6146233	.3853768	0
981.15	0	0	.6144701	.3855299	0
980.15	0	0	.6143171	.3856829	0
979.15	0	0	.6141644	.3858356	0
978.15	0	0	.6140118	.3859882	0
977.15	0	0	.6138595	.3861405	0
976.15	0	0	.6137074	.3862926	0
975.15	0	0	.6135556	.3864444	0
974.15	0	0	.6134039	.3865961	0
973.15	0	0	.6132525	.3867475	0
972.15	0	0	.6131013	.3868988	0
971.15	0	0	.6129503	.3870498	0
970.15	0	0	.6127995	.3872005	0
969.15	0	0	.6126489	.3873511	0
968.15	0	0	.6124985	.3875015	0
967.15	0	0	.6123484	.3876516	0
966.15	0	0	.6121985	.3878015	0
965.15	0	0	.6120488	.3879512	0
964.15	0	0	.6118993	.3881007	0
963.15	0	0	.61175	.38825	0
962.15	0	0	.611601	.388399	0
961.15	0	0	.6114521	.3885479	0
960.15	0	0	.6113035	.3886965	0
959.15	0	0	.6111551	.3888449	0
958.15	0	0	.6110069	.3889931	0
957.15	0	0	.6108589	.3891411	0
956.15	0	0	.6107111	.3892889	0
955.15	0	0	.6105636	.3894364	0
954.15	0	0	.6104163	.3895838	0
953.15	0	0	.6102691	.3897309	0
952.15	0	0	.6101222	.3898778	0
951.15	0	0	.6099755	.3900245	0
950.15	0	0	.609829	.390171	0
949.15	0	0	.6096828	.3903172	0
948.15	0	0	.6095367	.3904633	0
947.15	0	0	.6093909	.3906091	0
946.15	0	0	.6092452	.3907548	0
945.15	0	0	.6090998	.3909002	0
944.15	0	0	.6089546	.3910454	0
943.15	0	0	.6088096	.3911904	0
942.15	0	0	.6086649	.3913352	0
941.15	0	0	.6085203	.3914797	0
940.15	0	0	.6083759	.3916241	0
939.15	0	0	.6082318	.3917682	0
938.15	0	0	.6080879	.3919121	0
937.15	0	0	.6079442	.3920558	0
936.15	0	0	.6078006	.3921994	0
935.15	0	0	.6076574	.3923427	0
934.15	0	0	.6075143	.3924857	0
933.15	0	0	.6073714	.3926286	0
932.15	0	0	.6072287	.3927713	0
931.15	0	0	.6070863	.3929137	0
930.15	0	0	.6069441	.3930559	0
929.15	0	0	.606802	.393198	0
928.15	0	0	.6066602	.3933398	0
927.15	0	0	.6065186	.3934814	0
926.15	0	0	.6063772	.3936228	0
925.15	0	0	.6062361	.3937639	0
924.15	0	0	.6060951	.3939049	0
923.15	0	0	.6059543	.3940457	0
922.8023	0	0	.6059054	.3940946	0
922.8023	0	0	.6059054	.3940946	0
922.8023	0	0	.6059054	.3940946	0
922.15	0	.001908707	.6039671	.3941242	0
921.15	0	.004844453	.6009875	.394168	0
920.15	0	.007790587	.5979994	.39421	0
919.15	0	.01074577	.5950041	.3942502	0
918.15	0	.01370872	.5920028	.3942885	0
917.15	0	.01667822	.5889968	.394325	0
916.15	0	.01965308	.5859872	.3943597	0
915.15	0	.0226322	.5829751	.3943927	0
914.15	0	.02561448	.5799617	.3944238	0
913.15	0	.02859891	.5769479	.3944533	0
912.15	0	.03158448	.5739346	.3944809	0
911.15	0	.03457024	.570923	.3945068	0
910.15	0	.03755529	.5679137	.394531	0
909.15	0	.04053875	.5649078	.3945535	0
908.15	0	.04351977	.561906	.3945742	0
907.15	0	.04649755	.5589092	.3945933	0
906.15	0	.04947129	.5559181	.3946106	0
905.15	0	.05244027	.5529334	.3946263	0
904.15	0	.05540374	.5499559	.3946403	0
903.15	0	.05836103	.5469863	.3946527	0
902.15	0	.06131145	.5440252	.3946634	0
901.15	0	.06425438	.5410732	.3946724	0
900.15	0	.06718918	.538131	.3946799	0
899.15	0	.07011526	.5351991	.3946857	0
898.15	0	.07303205	.5322781	.3946899	0
897.15	0	.07593899	.5293685	.3946925	0
896.15	0	.07883556	.526471	.3946935	0
895.15	0	.08172123	.5235859	.3946929	0
894.15	0	.0845955	.5207137	.3946908	0
893.15	0	.08745791	.517855	.3946871	0
892.15	0	.090308	.5150102	.3946818	0
891.15	0	.09314531	.5121796	.3946751	0
890.15	0	.09596943	.5093638	.3946668	0
889.15	0	.09877995	.5065631	.394657	0
888.15	0	.1015765	.5037778	.3946457	0
887.15	0	.1043586	.5010085	.3946329	0
886.15	0	.107126	.4982553	.3946187	0
885.15	0	.1098783	.4955188	.394603	0
884.15	0	.1126151	.492799	.3945858	0
883.15	0	.1153362	.4900965	.3945673	0
882.15	0	.1180412	.4874115	.3945473	0
881.15	0	.1207299	.4847442	.3945259	0
880.15	0	.1234019	.4820949	.3945032	0
879.15	0	.126057	.479464	.3944791	0
878.15	0	.1286949	.4768515	.3944536	0
877.15	0	.1313153	.4742579	.3944268	0
876.15	0	.1339181	.4716832	.3943987	0
875.15	0	.136503	.4691277	.3943693	0
874.15	0	.1390698	.4665916	.3943385	0
873.15	0	.1416183	.4640751	.3943066	0
872.15	0	.1441483	.4615783	.3942734	0
871.15	0	.1466596	.4591015	.3942389	0
870.15	0	.1491521	.4566447	.3942033	0
869.15	0	.1516255	.4542081	.3941664	0
868.15	0	.1540798	.4517918	.3941284	0
867.15	0	.1565148	.449396	.3940892	0
866.15	0	.1589304	.4470207	.3940489	0
865.15	0	.1613264	.4446661	.3940075	0
864.15	0	.1637028	.4423322	.393965	0
863.15	0	.1660595	.4400191	.3939214	0
862.15	0	.1683964	.4377269	.3938767	0
861.15	0	.1707133	.4354557	.393831	0
860.15	0	.1730103	.4332054	.3937843	0
859.15	0	.1752873	.4309761	.3937366	0
858.15	0	.1775442	.4287679	.3936879	0
857.15	0	.179781	.4265807	.3936383	0
856.15	0	.1819976	.4244147	.3935877	0
855.15	0	.1841941	.4222697	.3935362	0
854.15	0	.1863704	.4201457	.3934838	0
853.15	0	.1885266	.4180428	.3934306	0
852.15	0	.1906626	.415961	.3933764	0
851.15	0	.1927785	.4139001	.3933215	0
850.15	0	.1948742	.4118601	.3932657	0
849.15	0	.1969498	.4098411	.3932091	0
848.15	0	.1990054	.4078429	.3931517	0
847.15	0	.2010409	.4058655	.3930936	0
846.15	0	.2030566	.4039087	.3930347	0
845.15	0	.2050523	.4019726	.3929752	0
844.15	0	.2070281	.400057	.3929149	0
843.15	0	.2089843	.3981619	.3928539	0
842.15	0	.2109207	.3962871	.3927922	0
841.15	0	.2128376	.3944325	.3927299	0
840.15	0	.2147349	.3925981	.392667	0
839.15	0	.2166129	.3907836	.3926035	0
838.15	0	.2184716	.3889891	.3925393	0
837.15	0	.2203111	.3872143	.3924746	0
836.15	0	.2221316	.3854591	.3924093	0
835.15	0	.2239331	.3837235	.3923435	0
834.15	0	.2257158	.3820072	.3922771	0
833.15	0	.2274798	.38031	.3922102	0
832.15	0	.2292252	.378632	.3921428	0
831.15	0	.2309523	.3769728	.3920749	0
830.15	0	.232661	.3753324	.3920066	0
829.15	0	.2343516	.3737106	.3919378	0
828.15	0	.2360243	.3721072	.3918685	0
827.15	0	.2376791	.3705221	.3917988	0
826.15	0	.2393163	.368955	.3917287	0
825.15	0	.2409359	.3674059	.3916582	0
824.15	0	.2425382	.3658745	.3915873	0
823.15	0	.2441232	.3643608	.391516	0
822.15	0	.2456913	.3628644	.3914444	0
821.15	0	.2472424	.3613852	.3913724	0
820.15	0	.2487769	.3599231	.3913	0
819.15	0	.2502948	.3584779	.3912273	0
818.15	0	.2517964	.3570493	.3911543	0
817.15	0	.2532818	.3556373	.391081	0
816.15	0	.2547511	.3542416	.3910074	0
815.15	0	.2562046	.352862	.3909335	0
814.15	0	.2576424	.3514984	.3908593	0
813.15	0	.2590647	.3501505	.3907848	0
812.15	0	.2604716	.3488183	.39071	0
811.15	0	.2618634	.3475015	.390635	0
810.15	0	.2632402	.3461999	.3905598	0
809.15	0	.2646022	.3449134	.3904843	0
808.15	0	.2659496	.3436418	.3904086	0
807.15	0	.2672824	.3423849	.3903327	0
806.15	0	.268601	.3411424	.3902566	0
805.15	0	.2699054	.3399144	.3901802	0
804.15	0	.2711959	.3387004	.3901037	0
803.15	0	.2724725	.3375005	.3900269	0
802.15	0	.2737356	.3363144	.38995	0
801.15	0	.2749852	.3351419	.3898729	0
800.15	0	.2762214	.3339829	.3897957	0
799.15	0	.2774446	.3328372	.3897182	0
798.15	0	.2786548	.3317046	.3896406	0
797.15	0	.2798521	.330585	.3895629	0
796.15	0	.2810369	.3294782	.389485	0
795.15	0	.2822091	.328384	.3894069	0
794.15	0	.283369	.3273023	.3893288	0
793.15	0	.2845167	.3262328	.3892505	0
792.15	0	.2856524	.3251756	.389172	0
791.15	0	.2867762	.3241303	.3890935	0
790.15	0	.2878883	.3230968	.3890148	0
789.15	0	.2889889	.3220751	.3889361	0
788.15	0	.290078	.3210648	.3888572	0
787.15	0	.2911558	.320066	.3887782	0
786.15	0	.2922225	.3190784	.3886991	0
785.15	0	.2932782	.3181018	.38862	0
785.0799	0	.2933518	.3180338	.3886144	0
785.0799	0	.2933518	.3180338	.3886144	0
785.0799	0	.2933518	.3180338	.3886144	0
784.15	0	.2968711	.313686	.3874434	.001999468
783.15	0	.3005779	.3090973	.3862013	.004123524
782.15	0	.3042058	.3045964	.3849768	.006221069
781.15	0	.307757	.300181	.3837694	.008292598
780.15	0	.3112332	.2958493	.382579	.01033859
779.15	0	.3146362	.2915993	.3814051	.01235952
778.15	0	.3179677	.2874291	.3802474	.01435583
777.15	0	.3212296	.2833368	.3791056	.01632798
776.15	0	.3244233	.2793208	.3779796	.01827637
775.15	0	.3275504	.2753793	.3768688	.02020145
774.15	0	.3306127	.2715106	.3757732	.02210361
773.15	0	.3336114	.267713	.3746924	.02398325
772.15	0	.3365481	.2639851	.3736261	.02584075
771.15	0	.3394241	.2603253	.3725741	.0276765
770.15	0	.342241	.256732	.3715361	.02949085
769.15	0	.3449999	.253204	.370512	.03128417
768.15	0	.3477023	.2497396	.3695013	.03305682
767.15	0	.3503493	.2463376	.368504	.03480912
766.15	0	.3529422	.2429966	.3675198	.03654142
765.15	0	.3554822	.2397153	.3665484	.03825404
764.15	0	.3579705	.2364925	.3655897	.0399473
763.15	0	.3604082	.2333269	.3646434	.04162151
762.15	0	.3627964	.2302173	.3637093	.04327698
761.15	0	.3651363	.2271626	.3627872	.04491401
760.15	0	.3674288	.2241615	.3618769	.04653288
759.15	0	.369675	.221213	.3609781	.04813389
758.15	0	.3718759	.218316	.3600908	.04971731
757.15	0	.3740325	.2154693	.3592147	.05128343
756.15	0	.3761458	.2126721	.3583496	.05283251
755.15	0	.3782167	.2099232	.3574954	.05436482
754.15	0	.380246	.2072216	.3566518	.05588061
753.15	0	.3822348	.2045665	.3558186	.05738014
752.15	0	.3841838	.2019567	.3549958	.05886366
751.15	0	.386094	.1993915	.3541831	.06033142
750.15	0	.3879661	.1968699	.3533804	.06178366
749.15	0	.389801	.194391	.3525874	.06322061
748.15	0	.3915995	.191954	.3518041	.0646425
747.15	0	.3933623	.189558	.3510302	.06604957
746.15	0	.3950902	.1872021	.3502656	.06744205
745.15	0	.396784	.1848856	.3495102	.06882014
744.15	0	.3984445	.1826077	.3487638	.07018407
743.15	0	.4000722	.1803675	.3480262	.07153405
742.15	0	.4016679	.1781644	.3472974	.07287029
741.15	0	.4032324	.1759976	.3465771	.074193
740.15	0	.4047662	.1738663	.3458652	.07550238
739.15	0	.40627	.1717699	.3451615	.07679863
738.15	0	.4077444	.1697076	.344466	.07808195
737.15	0	.4091902	.1676788	.3437785	.07935253
736.15	0	.4106078	.1656828	.3430988	.08061056
735.15	0	.411998	.1637189	.3424269	.08185622
734.15	0	.4133613	.1617865	.3417625	.08308971
733.15	0	.4146981	.159885	.3411057	.08431121
732.15	0	.4160093	.1580137	.3404561	.08552088
731.15	0	.4172952	.1561721	.3398138	.08671891
730.15	0	.4185564	.1543596	.3391786	.08790548
729.15	0	.4197935	.1525755	.3385503	.08908074
728.15	0	.4210069	.1508193	.3379289	.09024487
727.15	0	.4221971	.1490905	.3373143	.09139804
726.15	0	.4233648	.1473886	.3367063	.0925404
725.15	0	.4245102	.1457129	.3361048	.09367212
724.15	0	.425634	.144063	.3355097	.09479335
723.15	0	.4267366	.1424384	.3349208	.09590425
722.15	0	.4278183	.1408385	.3343382	.09700497
721.15	0	.4288798	.1392629	.3337617	.09809566
720.15	0	.4299213	.1377111	.3331911	.09917647
719.15	0	.4309434	.1361826	.3326265	.1002475
718.15	0	.4319464	.134677	.3320676	.101309
717.15	0	.4329307	.1331938	.3315144	.102361
716.15	0	.4338968	.1317327	.3309668	.1034038
715.15	0	.434845	.130293	.3304247	.1044373
714.15	0	.4357757	.1288745	.329888	.1054618
713.15	0	.4366893	.1274768	.3293566	.1064774
712.15	0	.4375862	.1260993	.3288304	.1074842
711.15	0	.4384666	.1247418	.3283093	.1084823
710.15	0	.4393309	.1234038	.3277933	.1094719
709.15	0	.4401796	.122085	.3272823	.1104531
708.15	0	.4410129	.120785	.3267761	.1114261
707.15	0	.441831	.1195034	.3262748	.1123908
706.15	0	.4426345	.1182398	.3257781	.1133476
705.15	0	.4434235	.116994	.3252861	.1142964
704.15	0	.4441984	.1157656	.3247987	.1152374
703.15	0	.4449594	.1145542	.3243157	.1161707
702.15	0	.4457069	.1133596	.3238372	.1170964
701.15	0	.4464411	.1121814	.323363	.1180146
700.15	0	.4471623	.1110192	.3228931	.1189255
699.15	0	.4478708	.1098729	.3224273	.119829
698.15	0	.4485668	.108742	.3219657	.1207255
697.15	0	.4492507	.1076263	.3215082	.1216148
696.15	0	.4499226	.1065255	.3210546	.1224972
695.15	0	.4505828	.1054394	.320605	.1233728
694.15	0	.4512316	.1043676	.3201592	.1242416
693.15	0	.4518691	.1033099	.3197173	.1251037
692.15	0	.4524957	.102266	.319279	.1259592
691.15	0	.4531115	.1012357	.3188445	.1268083
690.15	0	.4537167	.1002187	.3184136	.127651
689.15	0	.4543117	.09921476	.3179862	.1284874
688.15	0	.4548965	.09822362	.3175623	.1293175
687.15	0	.4554714	.09724506	.3171419	.1301416
686.15	0	.4560367	.09627885	.3167249	.1309596
685.15	0	.4565924	.09532476	.3163112	.1317716
684.15	0	.4571388	.09438256	.3159008	.1325778
683.15	0	.4576761	.09345204	.3154937	.1333782
682.15	0	.4582044	.09253299	.3150897	.1341729
681.15	0	.458724	.09162519	.3146888	.134962
680.15	0	.459235	.09072843	.3142911	.1357455
679.15	0	.4597376	.08984253	.3138963	.1365235
678.15	0	.460232	.08896727	.3135046	.1372962
677.15	0	.4607183	.08810247	.3131158	.1380635
676.15	0	.4611966	.08724794	.3127299	.1388256
675.15	0	.4616673	.08640349	.3123468	.1395824
674.15	0	.4621303	.08556894	.3119665	.1403342
673.15	0	.4625859	.08474412	.311589	.141081
672.15	0	.4630342	.08392884	.3112143	.1418227
671.15	0	.4634753	.08312295	.3108422	.1425596
670.15	0	.4639094	.08232626	.3104727	.1432916
669.15	0	.4643367	.08153863	.3101058	.1440189
668.15	0	.4647572	.08075987	.3097415	.1447415
667.15	0	.4651711	.07998985	.3093797	.1454594
666.15	0	.4655785	.0792284	.3090204	.1461727
665.15	0	.4659796	.07847538	.3086636	.1468815
664.15	0	.4663744	.07773062	.3083091	.1475859
663.15	0	.4667632	.076994	.307957	.1482858
662.15	0	.4671469	.07626447	.3076068	.1489818
661.15	0	.4675236	.07554381	.3072595	.1496731
660.15	0	.4678947	.07483084	.3069143	.1503602
659.15	0	.4682601	.07412543	.3065714	.1510431
658.15	0	.46862	.07342746	.3062307	.1517218
657.15	0	.4689745	.07273679	.3058922	.1523966
656.15	0	.4693237	.0720533	.3055558	.1530673
655.15	0	.4696676	.07137686	.3052215	.153734
654.15	0	.4700065	.07070736	.3048893	.1543969
653.15	0	.4703403	.07004468	.3045591	.1550559
652.15	0	.4706693	.06938869	.3042309	.1557112
651.15	0	.4709934	.06873929	.3039047	.1563626
650.15	0	.4713128	.06809637	.3035805	.1570104
649.15	0	.4716275	.0674598	.3032582	.1576545
648.15	0	.4719377	.0668295	.3029378	.158295
647.15	0	.4722434	.06620534	.3026193	.158932
646.15	0	.4725447	.06558723	.3023026	.1595654
645.15	0	.4728418	.06497506	.3019878	.1601954
644.15	0	.4731346	.06436873	.3016748	.1608219
643.15	0	.4734233	.06376815	.3013635	.161445
642.15	0	.473708	.06317322	.301054	.1620649
641.15	0	.4739886	.06258384	.3007462	.1626814
640.15	0	.4742653	.06199993	.3004401	.1632946
639.15	0	.4745382	.06142138	.3001357	.1639047
638.15	0	.4748074	.06084811	.299833	.1645115
637.15	0	.4750728	.06028004	.2995319	.1651153
636.15	0	.4753346	.05971707	.2992324	.1657159
635.15	0	.4755929	.05915912	.2989345	.1663135
634.15	0	.4758477	.05860611	.2986381	.1669081
633.15	0	.476099	.05805795	.2983434	.1674997
632.15	0	.476347	.05751457	.2980501	.1680883
631.15	0	.4765917	.05697589	.2977584	.168674
630.15	0	.4768332	.05644183	.2974681	.1692569
629.15	0	.4770714	.05591231	.2971793	.1698369
628.15	0	.4773066	.05538726	.296892	.1704142
627.15	0	.4775387	.05486661	.2966061	.1709886
626.15	0	.4777678	.05435028	.2963216	.1715604
625.15	0	.4779939	.0538382	.2960385	.1721294
624.15	0	.4782171	.0533303	.2957568	.1726958
623.15	0	.4784375	.05282653	.2954765	.1732595
622.15	0	.4786551	.0523268	.2951974	.1738206
621.15	0	.47887	.05183105	.2949198	.1743792
620.15	0	.4790822	.05133922	.2946434	.1749352
619.15	0	.4792917	.05085125	.2943683	.1754887
618.15	0	.4794987	.05036707	.2940945	.1760398
617.15	0	.4797031	.04988661	.2938219	.1765883
616.15	0	.479905	.04940983	.2935506	.1771345
615.15	0	.4801045	.04893667	.2932806	.1776783
614.15	0	.4803015	.04846705	.2930117	.1782197
613.15	0	.4804962	.04800093	.2927441	.1787588
612.15	0	.4806886	.04753826	.2924776	.1792956
611.15	0	.4808787	.04707896	.2922123	.17983
610.15	0	.4810665	.046623	.2919482	.1803623
609.15	0	.4812522	.04617032	.2916852	.1808923
608.15	0	.4814357	.04572086	.2914233	.1814201
607.15	0	.4816171	.04527458	.2911626	.1819458
606.15	0	.4817964	.04483142	.2909029	.1824693
605.15	0	.4819737	.04439133	.2906444	.1829906
604.15	0	.4821489	.04395427	.2903869	.1835099
603.15	0	.4823222	.04352018	.2901305	.1840271
602.15	0	.4824936	.04308903	.2898751	.1845423
601.15	0	.482663	.04266076	.2896208	.1850554
600.15	0	.4828307	.04223533	.2893675	.1855665
599.15	0	.4829964	.04181268	.2891153	.1860756
598.15	0	.4831604	.04139279	.288864	.1865828
597.15	0	.4833226	.04097561	.2886137	.1870881
596.15	0	.4834831	.04056108	.2883645	.1875914
595.15	0	.4836419	.04014918	.2881162	.1880928
594.15	0	.483799	.03973985	.2878688	.1885924
593.15	0	.4839544	.03933307	.2876224	.1890901
592.15	0	.4841083	.03892878	.287377	.189586
591.15	0	.4842606	.03852695	.2871325	.1900801
590.15	0	.4844113	.03812755	.2868889	.1905723
589.15	0	.4845605	.03773052	.2866462	.1910629
588.15	0	.4847082	.03733584	.2864044	.1915516
587.15	0	.4848544	.03694348	.2861635	.1920387
586.15	0	.4849991	.03655338	.2859235	.192524
585.15	0	.4851425	.03616552	.2856844	.1930076
584.15	0	.4852844	.03577986	.2854461	.1934896
583.15	0	.485425	.03539637	.2852087	.1939699
582.15	0	.4855643	.03501501	.2849721	.1944486
581.15	0	.4857022	.03463576	.2847364	.1949257
580.15	0	.4858389	.03425857	.2845015	.1954011
579.15	0	.4859742	.03388341	.2842674	.195875
578.15	0	.4861083	.03351026	.2840341	.1963473
577.15	0	.4862412	.03313908	.2838017	.1968181
576.15	0	.4863729	.03276984	.28357	.1972873
575.15	0	.4865034	.03240251	.2833391	.197755
574.15	0	.4866327	.03203707	.283109	.1982212
573.15	0	.4867609	.03167347	.2828797	.198686
572.15	0	.4868879	.03131169	.2826511	.1991492
571.15	0	.4870139	.03095171	.2824233	.1996111
570.15	0	.4871388	.0305935	.2821963	.2000714
569.15	0	.4872626	.03023702	.28197	.2005304
568.15	0	.4873854	.02988225	.2817444	.2009879
567.15	0	.4875071	.02952917	.2815196	.2014441
566.15	0	.4876279	.02917774	.2812955	.2018989
565.15	0	.4877477	.02882795	.2810721	.2023523
564.15	0	.4878665	.02847976	.2808494	.2028044
563.15	0	.4879843	.02813315	.2806274	.2032551
562.15	0	.4881012	.0277881	.2804061	.2037046
561.15	0	.4882172	.02744458	.2801855	.2041527
560.15	0	.4883323	.02710256	.2799656	.2045995
559.15	0	.4884465	.02676203	.2797464	.2050451
558.15	0	.4885599	.02642296	.2795278	.2054893
557.15	0	.4886724	.02608532	.2793099	.2059324
556.15	0	.4887841	.0257491	.2790927	.2063742
555.15	0	.4888949	.02541427	.2788761	.2068147
554.15	0	.4890049	.0250808	.2786602	.2072541
553.15	0	.4891142	.02474869	.2784449	.2076922
552.15	0	.4892227	.0244179	.2782303	.2081292
551.15	0	.4893304	.02408842	.2780162	.208565
550.15	0	.4894373	.02376022	.2778028	.2089996
549.15	0	.4895436	.02343328	.2775901	.2094331
548.15	0	.4896491	.02310758	.2773779	.2098654
547.15	0	.4897539	.02278311	.2771664	.2102966
546.15	0	.489858	.02245985	.2769555	.2107267
545.15	0	.4899615	.02213776	.2767451	.2111556
544.15	0	.4900643	.02181684	.2765354	.2115835
543.15	0	.4901664	.02149707	.2763262	.2120103
542.15	0	.4902679	.02117842	.2761177	.212436
541.15	0	.4903687	.02086089	.2759097	.2128607
540.15	0	.490469	.02054444	.2757023	.2132843
539.15	0	.4905686	.02022907	.2754955	.2137068
538.15	0	.4906676	.01991475	.2752893	.2141284
537.15	0	.4907661	.01960147	.2750836	.2145489
536.15	0	.490864	.01928921	.2748784	.2149684
535.15	0	.4909613	.01897795	.2746739	.2153869
534.15	0	.4910581	.01866768	.2744699	.2158044
533.15	0	.4911544	.01835838	.2742664	.2162209
532.15	0	.4912501	.01805004	.2740634	.2166364
531.15	0	.4913453	.01774263	.273861	.217051
530.15	0	.49144	.01743615	.2736592	.2174647
529.15	0	.4915342	.01713057	.2734579	.2178773
528.15	0	.4916279	.01682588	.2732571	.2182891
527.15	0	.4917212	.01652208	.2730568	.2186999
526.15	0	.491814	.01621913	.272857	.2191098
525.15	0	.4919063	.01591703	.2726578	.2195189
524.15	0	.4919982	.01561576	.2724591	.219927
523.15	0	.4920896	.01531531	.2722609	.2203342
522.15	0	.4921807	.01501566	.2720632	.2207405
521.15	0	.4922713	.0147168	.271866	.221146
520.15	0	.4923615	.01441872	.2716692	.2215506
519.15	0	.4924512	.01412139	.271473	.2219543
518.15	0	.4925406	.01382482	.2712773	.2223573
517.15	0	.4926296	.01352898	.2710821	.2227593
516.15	0	.4927183	.01323387	.2708873	.2231605
515.15	0	.4928066	.01293946	.270693	.2235609
514.15	0	.4928945	.01264575	.2704993	.2239605
513.15	0	.492982	.01235272	.2703059	.2243593
512.15	0	.4930692	.01206036	.2701131	.2247573
511.15	0	.4931561	.01176866	.2699207	.2251545
510.15	0	.4932427	.01147761	.2697288	.2255509
509.15	0	.4933289	.01118719	.2695374	.2259466
508.15	0	.4934148	.0108974	.2693464	.2263414
507.15	0	.4935004	.01060821	.2691559	.2267355
506.15	0	.4935857	.01031962	.2689658	.2271289
505.15	0	.4936707	.01003163	.2687762	.2275215
504.15	0	.4937555	.009744203	.268587	.2279133
503.15	0	.4938399	.009457346	.2683983	.2283044
502.15	0	.4939241	.009171043	.26821	.2286948
501.15	0	.494008	.008885283	.2680222	.2290845
500.15	0	.4940917	.008600056	.2678347	.2294735
499.15	0	.4941751	.00831535	.2676478	.2298617
498.15	0	.4942583	.008031156	.2674612	.2302493
497.15	0	.4943412	.007747462	.2672751	.2306362
496.15	0	.4944239	.007464259	.2670895	.2310224
495.15	0	.4945064	.007181537	.2669042	.2314079
494.15	0	.4945887	.006899285	.2667194	.2317927
493.15	0	.4946707	.006617494	.266535	.2321768
492.15	0	.4947525	.006336154	.266351	.2325603
491.15	0	.4948341	.006055255	.2661674	.2329432
490.15	0	.4949156	.005774811	.2659843	.2333254
489.15	0	.4949968	.005494766	.2658015	.2337069
488.15	0	.4950779	.005215135	.2656192	.2340878
487.15	0	.4951587	.004935907	.2654372	.2344681
486.15	0	.4952394	.004657074	.2652557	.2348478
485.15	0	.49532	.004378626	.2650746	.2352268
484.15	0	.4954003	.004100556	.2648939	.2356053
483.15	0	.4954805	.003822853	.2647135	.2359831
482.15	0	.4955606	.00354551	.2645336	.2363603
481.15	0	.4956405	.003268517	.2643541	.2367369
480.15	0	.4957203	.002991867	.2641749	.2371129
479.15	0	.4957999	.00271555	.2639962	.2374884
478.15	0	.4958794	.00243956	.2638178	.2378633
477.15	0	.4959587	.002163886	.2636398	.2382376
476.15	0	.496038	.001888522	.2634622	.2386113
475.15	0	.4961171	.00161346	.263285	.2389844
474.15	0	.4961961	.001338691	.2631082	.239357
473.15	0	.496275	.001064207	.2629318	.2397291
472.15	0	.4963537	7.90002E-04	.2627557	.2401006
471.15	0	.4964324	5.160669E-04	.26258	.2404716
470.15	0	.496511	2.423947E-04	.2624046	.240842
469.2635	0	.4965806	0	.2622495	.2411699
469.2635	0	.4965806	0	.2622495	.2411699
469.15	0	.496576	0	.2622393	.2411848
468.15	0	.4965356	0	.2621492	.2413152
467.15	0	.4964954	0	.2620596	.241445
466.15	0	.4964555	0	.2619704	.2415741
465.15	0	.4964158	0	.2618817	.2417025
464.15	0	.4963764	0	.2617934	.2418302
463.15	0	.4963372	0	.2617056	.2419572
462.15	0	.4962982	0	.2616183	.2420836
461.15	0	.4962594	0	.2615313	.2422092
460.15	0	.4962209	0	.2614449	.2423342
459.15	0	.4961827	0	.2613589	.2424585
458.15	0	.4961446	0	.2612733	.2425821
457.15	0	.4961068	0	.2611882	.242705
456.15	0	.4960692	0	.2611035	.2428273
455.15	0	.4960319	0	.2610193	.2429488
