T	 BPW(LIQUID)	BPW(BCC_A2)	BPW(FCC_A1)	BPW(LAVES_PHASE_C14)	BPW(NI3TI)
1473.15	.03259396	.967406	0	0	0
1472.15	.03076095	.9692391	0	0	0
1471.15	.02893902	.971061	0	0	0
1470.15	.02712809	.9728719	0	0	0
1469.15	.02532804	.974672	0	0	0
1468.15	.02353879	.9764612	0	0	0
1467.15	.02176024	.9782398	0	0	0
1466.15	.0199923	.9800077	0	0	0
1465.15	.01823487	.9817651	0	0	0
1464.15	.01648787	.9835121	0	0	0
1463.15	.0147512	.9852488	0	0	0
1462.15	.01302478	.9869752	0	0	0
1461.15	.01130852	.9886915	0	0	0
1460.15	.009602332	.9903977	0	0	0
1459.15	.007906132	.9920939	0	0	0
1458.15	.006219836	.9937802	0	0	0
1457.15	.004543361	.9954566	0	0	0
1456.15	.002876624	.9971234	0	0	0
1455.15	.001219545	.9987804	0	0	0
1454.41	0	1	0	0	0
1454.41	0	1	0	0	0
1454.15	0	1	0	0	0
1453.15	0	1	0	0	0
1452.15	0	1	0	0	0
1451.15	0	1	0	0	0
1450.15	0	1	0	0	0
1449.15	0	1	0	0	0
1448.15	0	1	0	0	0
1447.15	0	1	0	0	0
1446.15	0	1	0	0	0
1445.15	0	1	0	0	0
1444.15	0	1	0	0	0
1443.15	0	1	0	0	0
1442.15	0	1	0	0	0
1441.15	0	1	0	0	0
1440.15	0	1	0	0	0
1439.15	0	1	0	0	0
1438.15	0	1	0	0	0
1437.15	0	1	0	0	0
1436.15	0	1	0	0	0
1435.15	0	1	0	0	0
1434.15	0	1	0	0	0
1433.15	0	1	0	0	0
1432.15	0	1	0	0	0
1431.15	0	1	0	0	0
1430.15	0	1	0	0	0
1429.15	0	1	0	0	0
1428.15	0	1	0	0	0
1427.15	0	1	0	0	0
1426.15	0	1	0	0	0
1425.15	0	1	0	0	0
1424.15	0	1	0	0	0
1423.15	0	1	0	0	0
1422.15	0	1	0	0	0
1421.15	0	1	0	0	0
1420.15	0	1	0	0	0
1419.15	0	1	0	0	0
1418.15	0	1	0	0	0
1417.15	0	1	0	0	0
1416.15	0	1	0	0	0
1415.15	0	1	0	0	0
1414.15	0	1	0	0	0
1413.15	0	1	0	0	0
1412.15	0	1	0	0	0
1411.15	0	1	0	0	0
1410.15	0	1	0	0	0
1409.15	0	1	0	0	0
1408.15	0	1	0	0	0
1407.15	0	1	0	0	0
1406.15	0	1	0	0	0
1405.15	0	1	0	0	0
1404.15	0	1	0	0	0
1403.15	0	1	0	0	0
1402.15	0	1	0	0	0
1401.15	0	1	0	0	0
1400.15	0	1	0	0	0
1399.15	0	1	0	0	0
1398.15	0	1	0	0	0
1397.15	0	1	0	0	0
1396.15	0	1	0	0	0
1395.15	0	1	0	0	0
1394.15	0	1	0	0	0
1393.15	0	1	0	0	0
1392.15	0	1	0	0	0
1391.15	0	1	0	0	0
1390.15	0	1	0	0	0
1389.15	0	1	0	0	0
1388.437	0	1	0	0	0
1388.437	0	1	0	0	0
1388.437	0	1	0	0	0
1388.15	0	.999538	4.62001E-04	0	0
1387.15	0	.997928	.002071981	0	0
1386.15	0	.9963206	.003679372	0	0
1385.15	0	.9947158	.005284178	0	0
1384.15	0	.9931136	.006886398	0	0
1383.15	0	.991514	.008486034	0	0
1382.15	0	.9899169	.01008309	0	0
1381.15	0	.9883224	.01167756	0	0
1380.15	0	.9867306	.01326945	0	0
1379.15	0	.9851412	.01485876	0	0
1378.15	0	.9835545	.01644549	0	0
1377.15	0	.9819704	.01802964	0	0
1376.15	0	.9803888	.01961122	0	0
1375.15	0	.9788098	.02119022	0	0
1374.15	0	.9772334	.02276664	0	0
1373.15	0	.9756595	.02434049	0	0
1372.15	0	.9740882	.02591177	0	0
1371.15	0	.9725195	.02748048	0	0
1370.15	0	.9709534	.02904661	0	0
1369.15	0	.9693898	.03061017	0	0
1368.15	0	.9678288	.03217117	0	0
1367.15	0	.9662704	.03372959	0	0
1366.15	0	.9647146	.03528544	0	0
1365.15	0	.9631613	.03683873	0	0
1364.15	0	.9616106	.03838945	0	0
1363.15	0	.9600624	.0399376	0	0
1362.15	0	.9585168	.04148319	0	0
1361.15	0	.9569738	.04302621	0	0
1360.15	0	.9554333	.04456666	0	0
1359.15	0	.9538954	.04610455	0	0
1358.15	0	.9523601	.04763988	0	0
1357.15	0	.9508274	.04917264	0	0
1356.15	0	.9492972	.05070284	0	0
1355.15	0	.9477695	.05223047	0	0
1354.15	0	.9462445	.05375554	0	0
1353.15	0	.9447219	.05527805	0	0
1352.15	0	.943202	.056798	0	0
1351.15	0	.9416846	.05831539	0	0
1350.15	0	.9401698	.05983021	0	0
1349.15	0	.9386575	.06134247	0	0
1348.15	0	.9371478	.06285217	0	0
1347.15	0	.9356407	.06435931	0	0
1346.15	0	.9341361	.06586389	0	0
1345.15	0	.9326341	.0673659	0	0
1344.15	0	.9311346	.06886536	0	0
1343.15	0	.9296378	.07036225	0	0
1342.15	0	.9281434	.07185658	0	0
1341.15	0	.9266517	.07334835	0	0
1340.15	0	.9251624	.07483756	0	0
1339.15	0	.9236758	.0763242	0	0
1338.15	0	.9221917	.07780829	0	0
1337.15	0	.9207102	.07928981	0	0
1336.15	0	.9192312	.08076877	0	0
1335.15	0	.9177548	.08224516	0	0
1334.15	0	.916281	.083719	0	0
1333.15	0	.9148097	.08519027	0	0
1332.15	0	.913341	.08665897	0	0
1331.15	0	.9118749	.08812511	0	0
1330.15	0	.9104113	.08958869	0	0
1329.15	0	.9089503	.0910497	0	0
1328.15	0	.9074919	.09250814	0	0
1327.15	0	.906036	.09396402	0	0
1326.15	0	.9045827	.09541733	0	0
1325.15	0	.9031319	.09686807	0	0
1324.15	0	.9016838	.09831624	0	0
1323.15	0	.9002382	.09976185	0	0
1322.15	0	.8987951	.1012049	0	0
1321.15	0	.8973547	.1026453	0	0
1320.15	0	.8959168	.1040832	0	0
1319.15	0	.8944815	.1055185	0	0
1318.15	0	.8930487	.1069513	0	0
1317.15	0	.8916185	.1083815	0	0
1316.15	0	.890191	.1098091	0	0
1315.15	0	.8887659	.1112341	0	0
1314.15	0	.8873435	.1126565	0	0
1313.15	0	.8859236	.1140764	0	0
1312.15	0	.8845064	.1154937	0	0
1311.15	0	.8830917	.1169083	0	0
1310.15	0	.8816795	.1183205	0	0
1309.15	0	.88027	.11973	0	0
1308.15	0	.8788631	.1211369	0	0
1307.15	0	.8774587	.1225413	0	0
1306.15	0	.8760569	.1239431	0	0
1305.15	0	.8746578	.1253422	0	0
1304.15	0	.8732612	.1267388	0	0
1303.15	0	.8718672	.1281328	0	0
1302.15	0	.8704758	.1295242	0	0
1301.15	0	.869087	.130913	0	0
1300.15	0	.8677008	.1322992	0	0
1299.15	0	.8663172	.1336828	0	0
1298.15	0	.8649362	.1350639	0	0
1297.15	0	.8635577	.1364423	0	0
1296.15	0	.862182	.137818	0	0
1295.15	0	.8608088	.1391913	0	0
1294.15	0	.8594382	.1405618	0	0
1293.15	0	.8580702	.1419298	0	0
1292.15	0	.8567048	.1432952	0	0
1291.15	0	.8553421	.1446579	0	0
1290.15	0	.853982	.146018	0	0
1289.15	0	.8526245	.1473755	0	0
1288.15	0	.8512696	.1487304	0	0
1287.15	0	.8499173	.1500827	0	0
1286.15	0	.8485677	.1514323	0	0
1285.15	0	.8472207	.1527793	0	0
1284.15	0	.8458763	.1541237	0	0
1283.15	0	.8445346	.1554654	0	0
1282.15	0	.8431955	.1568045	0	0
1281.15	0	.841859	.158141	0	0
1280.15	0	.8405252	.1594748	0	0
1279.15	0	.839194	.160806	0	0
1278.15	0	.8378655	.1621345	0	0
1277.15	0	.8365396	.1634604	0	0
1276.15	0	.8352163	.1647837	0	0
1275.15	0	.8338958	.1661042	0	0
1274.15	0	.8325778	.1674222	0	0
1273.15	0	.8312626	.1687374	0	0
1272.15	0	.82995	.17005	0	0
1271.15	0	.8286401	.1713599	0	0
1270.15	0	.8273328	.1726672	0	0
1269.15	0	.8260282	.1739718	0	0
1268.15	0	.8247263	.1752737	0	0
1267.15	0	.8234271	.1765729	0	0
1266.15	0	.8221306	.1778694	0	0
1265.15	0	.8208367	.1791633	0	0
1264.15	0	.8195456	.1804544	0	0
1263.15	0	.8182571	.1817429	0	0
1262.15	0	.8169713	.1830287	0	0
1261.15	0	.8156883	.1843117	0	0
1260.15	0	.8144079	.1855921	0	0
1259.15	0	.8131303	.1868698	0	0
1258.15	0	.8118553	.1881447	0	0
1257.15	0	.8105831	.1894169	0	0
1256.15	0	.8093136	.1906864	0	0
1255.15	0	.8080468	.1919532	0	0
1254.15	0	.8067828	.1932172	0	0
1253.15	0	.8055215	.1944786	0	0
1252.15	0	.8042629	.1957371	0	0
1251.15	0	.803007	.196993	0	0
1250.15	0	.801754	.1982461	0	0
1249.15	0	.8005036	.1994964	0	0
1248.15	0	.799256	.200744	0	0
1247.15	0	.7980112	.2019888	0	0
1246.15	0	.7967691	.2032309	0	0
1245.15	0	.7955298	.2044702	0	0
1244.15	0	.7942933	.2057067	0	0
1243.15	0	.7930596	.2069404	0	0
1242.15	0	.7918286	.2081714	0	0
1241.15	0	.7906005	.2093995	0	0
1240.15	0	.7893751	.2106249	0	0
1239.15	0	.7881525	.2118475	0	0
1238.15	0	.7869327	.2130673	0	0
1237.15	0	.7857158	.2142842	0	0
1236.15	0	.7845016	.2154984	0	0
1235.15	0	.7832903	.2167097	0	0
1234.15	0	.7820818	.2179183	0	0
1233.15	0	.7808761	.2191239	0	0
1232.15	0	.7796732	.2203268	0	0
1231.15	0	.7784732	.2215268	0	0
1230.15	0	.777276	.222724	0	0
1229.15	0	.7760817	.2239183	0	0
1228.15	0	.7748903	.2251097	0	0
1227.15	0	.7737017	.2262983	0	0
1226.15	0	.772516	.227484	0	0
1225.15	0	.7713331	.2286669	0	0
1224.15	0	.7701532	.2298468	0	0
1223.15	0	.7689761	.2310239	0	0
1222.15	0	.7678019	.2321981	0	0
1221.15	0	.7666306	.2333694	0	0
1220.15	0	.7654622	.2345378	0	0
1219.15	0	.7642968	.2357032	0	0
1218.15	0	.7631342	.2368658	0	0
1217.15	0	.7619746	.2380254	0	0
1216.15	0	.7608179	.2391821	0	0
1215.15	0	.7596642	.2403358	0	0
1214.15	0	.7585134	.2414866	0	0
1213.15	0	.7573656	.2426344	0	0
1212.15	0	.7562207	.2437793	0	0
1211.15	0	.7550788	.2449212	0	0
1210.15	0	.7539398	.2460602	0	0
1209.15	0	.7528039	.2471961	0	0
1208.15	0	.7516709	.2483291	0	0
1207.15	0	.7505409	.2494591	0	0
1206.15	0	.749414	.250586	0	0
1205.15	0	.74829	.25171	0	0
1204.15	0	.7471691	.2528309	0	0
1203.15	0	.7460512	.2539488	0	0
1202.15	0	.7449363	.2550637	0	0
1201.15	0	.7438245	.2561755	0	0
1200.15	0	.7427157	.2572843	0	0
1199.15	0	.74161	.25839	0	0
1198.15	0	.7405073	.2594927	0	0
1197.15	0	.7394077	.2605923	0	0
1196.15	0	.7383113	.2616887	0	0
1195.15	0	.7372179	.2627821	0	0
1194.15	0	.7361276	.2638724	0	0
1193.15	0	.7350404	.2649596	0	0
1192.15	0	.7339563	.2660437	0	0
1191.15	0	.7328754	.2671246	0	0
1190.15	0	.7317976	.2682024	0	0
1189.15	0	.7307229	.2692771	0	0
1188.15	0	.7296514	.2703486	0	0
1187.15	0	.7285831	.2714169	0	0
1186.15	0	.7275179	.2724821	0	0
1185.15	0	.7264559	.2735441	0	0
1184.15	0	.7253971	.2746029	0	0
1183.15	0	.7243415	.2756585	0	0
1182.15	0	.7232892	.2767108	0	0
1181.15	0	.72224	.27776	0	0
1180.15	0	.7211941	.2788059	0	0
1179.15	0	.7201514	.2798486	0	0
1178.15	0	.719112	.280888	0	0
1177.15	0	.7180758	.2819242	0	0
1176.15	0	.7170429	.2829571	0	0
1175.15	0	.7160133	.2839867	0	0
1174.15	0	.714987	.285013	0	0
1173.15	0	.7139639	.2860361	0	0
1172.15	0	.7129442	.2870558	0	0
1171.15	0	.7119279	.2880722	0	0
1170.15	0	.7109148	.2890852	0	0
1169.15	0	.7099051	.2900949	0	0
1168.15	0	.7088988	.2911012	0	0
1167.15	0	.7078958	.2921042	0	0
1166.15	0	.7068962	.2931038	0	0
1165.15	0	.7059	.2941	0	0
1164.15	0	.7049072	.2950928	0	0
1163.15	0	.7039178	.2960822	0	0
1162.15	0	.7029319	.2970681	0	0
1161.15	0	.7019494	.2980506	0	0
1160.15	0	.7009703	.2990297	0	0
1159.15	0	.6999947	.3000053	0	0
1158.15	0	.6990226	.3009774	0	0
1157.15	0	.698054	.3019461	0	0
1156.15	0	.6970888	.3029112	0	0
1155.15	0	.6961272	.3038728	0	0
1154.15	0	.6951691	.3048309	0	0
1153.15	0	.6942145	.3057855	0	0
1152.15	0	.6932635	.3067365	0	0
1151.15	0	.6923161	.3076839	0	0
1150.15	0	.6913722	.3086278	0	0
1149.15	0	.6904319	.3095681	0	0
1148.15	0	.6894953	.3105047	0	0
1147.15	0	.6885622	.3114378	0	0
1146.15	0	.6876328	.3123672	0	0
1145.15	0	.686707	.313293	0	0
1144.15	0	.6857849	.3142151	0	0
1143.15	0	.6848665	.3151336	0	0
1142.15	0	.6839517	.3160483	0	0
1141.15	0	.6830407	.3169594	0	0
1140.15	0	.6821333	.3178667	0	0
1139.15	0	.6812297	.3187703	0	0
1138.15	0	.6803298	.3196702	0	0
1137.15	0	.6794337	.3205663	0	0
1136.15	0	.6785414	.3214586	0	0
1135.15	0	.6776529	.3223471	0	0
1134.15	0	.6767682	.3232318	0	0
1133.15	0	.6758872	.3241128	0	0
1132.15	0	.6750102	.3249898	0	0
1131.15	0	.6741369	.3258631	0	0
1130.15	0	.6732676	.3267324	0	0
1129.15	0	.6724021	.3275979	0	0
1128.15	0	.6715405	.3284595	0	0
1127.15	0	.6706829	.3293171	0	0
1126.15	0	.6698292	.3301708	0	0
1125.15	0	.6689794	.3310206	0	0
1124.15	0	.6681336	.3318664	0	0
1123.15	0	.6672917	.3327083	0	0
1122.15	0	.6664539	.3335461	0	0
1121.15	0	.6656201	.3343799	0	0
1120.15	0	.6647903	.3352097	0	0
1119.15	0	.6639645	.3360355	0	0
1118.15	0	.6631429	.3368571	0	0
1117.15	0	.6623253	.3376747	0	0
1116.15	0	.6615118	.3384882	0	0
1115.15	0	.6607024	.3392976	0	0
1114.15	0	.6598972	.3401028	0	0
1113.15	0	.6590961	.3409039	0	0
1112.15	0	.6582992	.3417008	0	0
1111.15	0	.6575065	.3424935	0	0
1110.15	0	.656718	.343282	0	0
1109.15	0	.6559337	.3440663	0	0
1108.15	0	.6551537	.3448464	0	0
1107.15	0	.6543779	.3456221	0	0
1106.15	0	.6536064	.3463936	0	0
1105.15	0	.6528392	.3471608	0	0
1104.15	0	.6520764	.3479236	0	0
1103.15	0	.6513179	.3486821	0	0
1102.15	0	.6505637	.3494363	0	0
1101.15	0	.6498139	.3501861	0	0
1100.15	0	.6490686	.3509314	0	0
1099.15	0	.6483277	.3516724	0	0
1098.15	0	.6475912	.3524088	0	0
1097.15	0	.6468591	.3531409	0	0
1096.15	0	.6461316	.3538684	0	0
1095.15	0	.6454085	.3545915	0	0
1094.15	0	.64469	.35531	0	0
1093.15	0	.643976	.356024	0	0
1092.15	0	.6432666	.3567334	0	0
1091.15	0	.6425618	.3574382	0	0
1090.15	0	.6418616	.3581384	0	0
1089.15	0	.641166	.358834	0	0
1088.15	0	.6404751	.3595249	0	0
1087.15	0	.6397888	.3602112	0	0
1086.15	0	.6391073	.3608928	0	0
1085.15	0	.6384304	.3615696	0	0
1084.15	0	.6377583	.3622417	0	0
1083.15	0	.637091	.362909	0	0
1082.15	0	.6364284	.3635716	0	0
1081.15	0	.6357707	.3642293	0	0
1080.15	0	.6351178	.3648822	0	0
1079.15	0	.6344697	.3655303	0	0
1078.15	0	.6338265	.3661735	0	0
1077.15	0	.6331882	.3668118	0	0
1076.15	0	.6325549	.3674451	0	0
1075.15	0	.6319265	.3680736	0	0
1074.15	0	.631303	.368697	0	0
1073.15	0	.6306846	.3693154	0	0
1072.15	0	.6300711	.3699289	0	0
1071.15	0	.6294627	.3705373	0	0
1070.15	0	.6288594	.3711406	0	0
1069.15	0	.6282612	.3717388	0	0
1068.15	0	.6276681	.3723319	0	0
1067.15	0	.6270801	.3729199	0	0
1066.15	0	.6264973	.3735027	0	0
1065.15	0	.6259197	.3740803	0	0
1064.15	0	.6253473	.3746528	0	0
1063.15	0	.6247801	.3752199	0	0
1062.15	0	.6242182	.3757818	0	0
1061.15	0	.6236616	.3763384	0	0
1060.15	0	.6231103	.3768897	0	0
1059.15	0	.6225643	.3774357	0	0
1058.15	0	.6220237	.3779763	0	0
1057.15	0	.6214885	.3785115	0	0
1056.15	0	.6209587	.3790413	0	0
1055.15	0	.6204344	.3795656	0	0
1054.15	0	.6199155	.3800845	0	0
1053.15	0	.6194022	.3805978	0	0
1052.15	0	.6188943	.3811057	0	0
1051.15	0	.618392	.381608	0	0
1050.15	0	.6178953	.3821047	0	0
1049.15	0	.6174042	.3825958	0	0
1048.15	0	.6169187	.3830813	0	0
1047.15	0	.6164389	.3835611	0	0
1046.15	0	.6159647	.3840353	0	0
1045.15	0	.6154963	.3845037	0	0
1044.15	0	.6150336	.3849664	0	0
1043.15	0	.6145767	.3854233	0	0
1042.15	0	.6141255	.3858745	0	0
1041.15	0	.6136802	.3863198	0	0
1040.15	0	.6132407	.3867593	0	0
1039.15	0	.6128071	.3871929	0	0
1038.15	0	.6123795	.3876206	0	0
1037.15	0	.6119577	.3880423	0	0
1036.15	0	.6115419	.3884581	0	0
1035.15	0	.6111321	.388868	0	0
1034.15	0	.6107282	.3892718	0	0
1033.15	0	.6103305	.3896695	0	0
1032.15	0	.6099388	.3900612	0	0
1031.15	0	.6095532	.3904468	0	0
1030.15	0	.6091737	.3908263	0	0
1029.15	0	.6088003	.3911997	0	0
1028.15	0	.6084332	.3915668	0	0
1027.15	0	.6080722	.3919278	0	0
1026.15	0	.6077175	.3922825	0	0
1025.15	0	.6073691	.3926309	0	0
1024.15	0	.6070269	.3929731	0	0
1023.15	0	.6066911	.3933089	0	0
1022.15	0	.6063616	.3936384	0	0
1021.15	0	.6060385	.3939615	0	0
1020.15	0	.6057218	.3942782	0	0
1019.15	0	.6054115	.3945885	0	0
1018.15	0	.6051076	.3948924	0	0
1017.15	0	.6048103	.3951897	0	0
1016.15	0	.6045195	.3954805	0	0
1015.15	0	.6042352	.3957648	0	0
1014.15	0	.6039575	.3960425	0	0
1013.15	0	.6036863	.3963137	0	0
1012.15	0	.6034218	.3965782	0	0
1011.15	0	.6031639	.3968361	0	0
1010.15	0	.6029127	.3970873	0	0
1009.15	0	.6026682	.3973318	0	0
1008.15	0	.6024305	.3975695	0	0
1007.15	0	.6021995	.3978005	0	0
1006.15	0	.6019752	.3980248	0	0
1005.15	0	.6017578	.3982422	0	0
1004.15	0	.6015472	.3984528	0	0
1003.15	0	.6013435	.3986566	0	0
1002.15	0	.6011466	.3988534	0	0
1001.15	0	.6009566	.3990434	0	0
1000.15	0	.6007736	.3992264	0	0
999.15	0	.6005975	.3994025	0	0
998.15	0	.6004285	.3995716	0	0
997.15	0	.6002664	.3997336	0	0
996.15	0	.6001113	.3998887	0	0
995.15	0	.5999633	.4000367	0	0
994.15	0	.5998224	.4001776	0	0
993.15	0	.5996885	.4003115	0	0
992.15	0	.5995618	.4004382	0	0
991.15	0	.5994422	.4005578	0	0
990.15	0	.5993298	.4006702	0	0
989.15	0	.5992245	.4007755	0	0
988.15	0	.5991265	.4008735	0	0
987.1955	0	.5990397	.4009603	0	0
987.1955	0	.5990397	.4009603	0	0
987.1955	0	.5990397	.4009603	0	0
987.15	0	.599026	.4009611	1.28648E-05	0
986.15	0	.5987305	.4009747	2.948336E-04	0
985.15	0	.5984423	.400982	5.757537E-04	0
984.15	0	.5981615	.4009829	8.556208E-04	0
983.15	0	.5978881	.4009775	.00113443	0
982.15	0	.5976222	.4009656	.001412178	0
981.15	0	.5973637	.4009474	.001688859	0
980.15	0	.5971127	.4009228	.001964467	0
979.15	0	.5968692	.4008918	.002239	0
978.15	0	.5966332	.4008543	.002512451	0
977.15	0	.5964047	.4008105	.002784815	0
976.15	0	.5961838	.4007601	.003056086	0
975.15	0	.5959703	.4007034	.003326261	0
974.15	0	.5957645	.4006402	.003595331	0
973.15	0	.5955662	.4005705	.003863293	0
972.15	0	.5953755	.4004943	.00413014	0
971.15	0	.5951924	.4004117	.004395867	0
970.15	0	.5950169	.4003226	.004660466	0
969.15	0	.5948491	.400227	.004923932	0
968.15	0	.5946888	.4001249	.005186259	0
967.15	0	.5945363	.4000163	.005447439	0
966.15	0	.5943913	.3999012	.005707465	0
965.15	0	.594254	.3997796	.005966332	0
964.15	0	.5941245	.3996515	.006224032	0
963.15	0	.5940025	.3995169	.006480558	0
962.15	0	.5938883	.3993758	.006735902	0
961.15	0	.5937818	.3992282	.006990056	0
960.15	0	.593683	.399074	.007243013	0
959.15	0	.5935918	.3989134	.007494766	0
958.15	0	.5935084	.3987463	.007745305	0
957.15	0	.5934327	.3985727	.007994622	0
956.15	0	.5933647	.3983926	.00824271	0
955.15	0	.5933045	.398206	.008489559	0
954.15	0	.5932519	.3980129	.00873516	0
953.15	0	.5932071	.3978134	.008979505	0
952.15	0	.59317	.3976074	.009222583	0
951.15	0	.5931407	.397395	.009464386	0
950.15	0	.593119	.3971761	.009704904	0
949.15	0	.5931051	.3969508	.009944126	0
948.15	0	.5930988	.3967191	.01018204	0
947.15	0	.5931003	.396481	.01041864	0
946.15	0	.5931095	.3962366	.01065392	0
945.15	0	.5931264	.3959857	.01088785	0
944.15	0	.593151	.3957286	.01112044	0
943.15	0	.5931832	.3954651	.01135167	0
942.15	0	.5932231	.3951954	.01158152	0
941.15	0	.5932707	.3949193	.01180999	0
940.15	0	.5933259	.3946371	.01203707	0
939.15	0	.5933887	.3943486	.01226274	0
938.15	0	.5934591	.3940539	.01248698	0
937.15	0	.5935371	.3937531	.01270979	0
936.15	0	.5936227	.3934462	.01293115	0
935.15	0	.5937158	.3931332	.01315105	0
934.15	0	.5938164	.3928141	.01336948	0
933.15	0	.5939245	.392489	.01358641	0
932.15	0	.5940402	.392158	.01380184	0
931.15	0	.5941632	.391821	.01401575	0
930.15	0	.5942937	.3914782	.01422812	0
929.15	0	.5944315	.3911295	.01443894	0
928.15	0	.5945767	.3907751	.01464819	0
927.15	0	.5947293	.3904149	.01485586	0
926.15	0	.5948891	.390049	.01506193	0
925.15	0	.5950561	.3896775	.01526638	0
924.15	0	.5952303	.3893005	.01546919	0
923.15	0	.5954117	.388918	.01567034	0
922.15	0	.5956002	.38853	.01586983	0
921.15	0	.5957957	.3881367	.01606762	0
920.15	0	.5959982	.3877381	.01626369	0
919.15	0	.5962077	.3873343	.01645804	0
918.15	0	.5964241	.3869253	.01665063	0
917.15	0	.5966473	.3865113	.01684144	0
916.15	0	.5968772	.3860923	.01703046	0
915.15	0	.5971139	.3856684	.01721766	0
914.15	0	.5973572	.3852398	.01740302	0
913.15	0	.5976071	.3848064	.01758651	0
912.15	0	.5978634	.3843684	.01776811	0
911.15	0	.5981262	.383926	.0179478	0
910.15	0	.5983953	.3834792	.01812554	0
909.15	0	.5986706	.383028	.01830132	0
908.15	0	.5989521	.3825728	.01847511	0
907.15	0	.5992397	.3821134	.01864687	0
906.15	0	.5995332	.3816502	.01881658	0
905.15	0	.5998326	.3811832	.01898422	0
904.15	0	.6001377	.3807125	.01914974	0
903.15	0	.6004485	.3802384	.01931312	0
902.15	0	.6007649	.3797608	.01947432	0
901.15	0	.6010866	.3792801	.01963332	0
900.15	0	.6014136	.3787963	.01979008	0
899.15	0	.6017458	.3783096	.01994456	0
898.15	0	.6020831	.3778202	.02009673	0
897.15	0	.6024252	.3773283	.02024655	0
896.15	0	.602772	.376834	.02039397	0
895.15	0	.6031235	.3763375	.02053897	0
894.15	0	.6034794	.3758391	.02068149	0
893.15	0	.6038396	.3753389	.02082149	0
892.15	0	.6042039	.3748372	.02095894	0
891.15	0	.6045721	.3743342	.02109378	0
890.15	0	.604944	.37383	.02122596	0
889.15	0	.6053195	.3733251	.02135544	0
888.15	0	.6056983	.3728195	.02148216	0
887.15	0	.6060803	.3723136	.02160607	0
886.15	0	.6064652	.3718077	.02172711	0
885.15	0	.6068528	.371302	.02184522	0
884.15	0	.6072428	.3707968	.02196034	0
883.15	0	.6076351	.3702925	.02207241	0
882.15	0	.6080293	.3697894	.02218137	0
881.15	0	.6084251	.3692877	.02228713	0
880.15	0	.6088224	.368788	.02238963	0
879.15	0	.6092207	.3682905	.02248879	0
878.15	0	.6096199	.3677956	.02258454	0
877.15	0	.6100195	.3673038	.02267678	0
876.15	0	.6104192	.3668154	.02276542	0
875.15	0	.6108186	.366331	.02285038	0
874.15	0	.6112175	.365851	.02293156	0
873.15	0	.6116153	.3653759	.02300884	0
872.15	0	.6120117	.3649062	.02308213	0
871.15	0	.6124061	.3644426	.0231513	0
870.15	0	.6126012	.3642118	.02318707	0
869.15	0	.612689	.3641104	.02320069	0
868.15	0	.6128194	.3639666	.02321402	0
867.15	0	.6129897	.3637834	.02322694	0
866.15	0	.6131974	.3635633	.02323939	0
865.15	0	.61344	.3633087	.0232513	0
864.15	0	.6137153	.3630221	.02326259	0
863.15	0	.6140213	.3627054	.02327324	0
862.15	0	.614356	.3623609	.02328318	0
861.15	0	.6147174	.3619902	.02329238	0
860.15	0	.6151039	.3615953	.0233008	0
859.15	0	.6155139	.3611777	.02330842	0
858.15	0	.6159456	.3607391	.02331522	0
857.15	0	.6163978	.360281	.02332117	0
856.15	0	.6168689	.3598048	.02332625	0
855.15	0	.6173577	.3593118	.02333046	0
854.15	0	.617863	.3588033	.02333378	0
853.15	0	.6183834	.3582804	.02333621	0
852.15	0	.618918	.3577443	.02333774	0
851.15	0	.6194655	.3571961	.02333836	0
850.15	0	.6200251	.3566368	.02333808	0
849.15	0	.6205958	.3560674	.02333689	0
848.15	0	.6211765	.3554887	.02333481	0
847.15	0	.6217666	.3549016	.02333182	0
846.15	0	.622365	.354307	.02332794	0
845.15	0	.6229712	.3537057	.02332317	0
844.15	0	.6235842	.3530983	.02331752	0
843.15	0	.6242034	.3524856	.02331099	0
842.15	0	.6248281	.3518683	.0233036	0
841.15	0	.6254577	.3512469	.02329536	0
840.15	0	.6260916	.3506221	.02328627	0
839.15	0	.6267291	.3499945	.02327635	0
838.15	0	.6273698	.3493646	.0232656	0
837.15	0	.6280131	.3487329	.02325404	0
836.15	0	.6286585	.3480998	.02324168	0
835.15	0	.6293055	.3474659	.02322854	0
834.15	0	.6299537	.3468316	.02321462	0
833.15	0	.6306027	.3461973	.02319994	0
832.15	0	.6312521	.3455634	.02318452	0
831.15	0	.6319015	.3449302	.02316835	0
830.15	0	.6325505	.3442981	.02315147	0
829.15	0	.6331987	.3436674	.02313388	0
828.15	0	.633846	.3430384	.0231156	0
827.15	0	.6344919	.3424115	.02309664	0
826.15	0	.6351361	.3417869	.02307701	0
825.15	0	.6357785	.3411648	.02305673	0
824.15	0	.6364187	.3405455	.02303581	0
823.15	0	.6370565	.3399292	.02301426	0
822.15	0	.6376917	.3393162	.02299211	0
821.15	0	.6383241	.3387065	.02296935	0
820.15	0	.6389534	.3381006	.02294601	0
819.15	0	.6395796	.3374983	.0229221	0
818.15	0	.6402023	.3369001	.02289763	0
817.15	0	.6408215	.3363059	.02287262	0
816.15	0	.6414369	.335716	.02284707	0
815.15	0	.6420485	.3351305	.022821	0
814.15	0	.6426561	.3345495	.02279443	0
813.15	0	.6432596	.333973	.02276736	0
812.15	0	.6438589	.3334013	.0227398	0
811.15	0	.6444538	.3328344	.02271178	0
810.15	0	.6450444	.3322724	.02268329	0
809.15	0	.6456304	.3317153	.02265436	0
808.15	0	.6462118	.3311633	.02262499	0
807.15	0	.6467885	.3306163	.02259519	0
806.15	0	.6473605	.3300745	.02256498	0
805.15	0	.6479277	.329538	.02253436	0
804.15	0	.64849	.3290066	.02250335	0
803.15	0	.6490475	.3284806	.02247195	0
802.15	0	.6496	.3279599	.02244018	0
801.15	0	.6501475	.3274445	.02240805	0
800.15	0	.65069	.3269345	.02237556	0
799.15	0	.6512274	.3264299	.02234272	0
798.15	0	.6517598	.3259307	.02230955	0
797.15	0	.6522871	.3254369	.02227605	0
796.15	0	.6528093	.3249485	.02224222	0
795.15	0	.6533263	.3244656	.02220809	0
794.15	0	.6538383	.3239881	.02217366	0
793.15	0	.6543451	.323516	.02213893	0
792.15	0	.6548468	.3230493	.02210391	0
791.15	0	.6553433	.322588	.02206861	0
790.15	0	.6558348	.3221322	.02203304	0
789.15	0	.6563212	.3216817	.02199721	0
788.15	0	.6568024	.3212365	.02196111	0
787.15	0	.6572786	.3207967	.02192477	0
786.15	0	.6577496	.3203622	.02188818	0
785.15	0	.6582157	.319933	.02185135	0
784.15	0	.6586767	.319509	.02181429	0
783.15	0	.6591327	.3190903	.021777	0
782.15	0	.6595837	.3186768	.0217395	0
781.15	0	.6600297	.3182685	.02170178	0
780.15	0	.6604708	.3178653	.02166385	0
779.15	0	.660907	.3174672	.02162572	0
778.15	0	.6613384	.3170742	.02158738	0
777.15	0	.6617649	.3166863	.02154886	0
776.15	0	.6621865	.3163033	.02151015	0
775.15	0	.6626034	.3159253	.02147125	0
774.15	0	.6630156	.3155522	.02143218	0
773.15	0	.663423	.3151841	.02139293	0
772.15	0	.6638258	.3148207	.02135351	0
771.15	0	.6642239	.3144622	.02131393	0
770.15	0	.6646174	.3141084	.02127418	0
769.15	0	.6650064	.3137593	.02123428	0
768.15	0	.6653909	.3134149	.02119422	0
767.15	0	.6657708	.3130752	.02115402	0
766.15	0	.6661463	.31274	.02111367	0
765.15	0	.6665175	.3124094	.02107317	0
764.15	0	.6668842	.3120833	.02103254	0
763.15	0	.6672466	.3117616	.02099177	0
762.15	0	.6676048	.3114443	.02095087	0
761.15	0	.6679587	.3111315	.02090984	0
760.15	0	.6683084	.3108229	.02086868	0
759.15	0	.668654	.3105186	.0208274	0
758.15	0	.6689954	.3102186	.020786	0
757.15	0	.6693328	.3099227	.02074449	0
756.15	0	.6696661	.309631	.02070286	0
755.15	0	.6699954	.3093434	.02066111	0
754.15	0	.6703208	.3090599	.02061926	0
753.15	0	.6706423	.3087804	.0205773	0
752.15	0	.67096	.3085048	.02053524	0
751.15	0	.6712738	.3082332	.02049307	0
750.15	0	.6715838	.3079654	.02045081	0
749.15	0	.67189	.3077015	.02040844	0
748.15	0	.6721926	.3074414	.02036599	0
747.15	0	.6724915	.307185	.02032343	0
746.15	0	.6727868	.3069324	.02028079	0
745.15	0	.6730785	.3066834	.02023806	0
744.15	0	.6733667	.306438	.02019524	0
743.15	0	.6736514	.3061963	.02015234	0
742.15	0	.6739326	.305958	.02010935	0
741.15	0	.6742104	.3057233	.02006629	0
740.15	0	.6744848	.305492	.02002314	0
739.15	0	.6747559	.3052642	.01997992	0
738.15	0	.6750237	.3050397	.01993661	0
737.15	0	.6752882	.3048185	.01989324	0
736.15	0	.6755495	.3046007	.01984979	0
735.15	0	.6758076	.3043861	.01980627	0
734.15	0	.6760626	.3041748	.01976268	0
733.15	0	.6763144	.3039666	.01971903	0
732.15	0	.6765631	.3037616	.0196753	0
731.15	0	.6768088	.3035596	.01963152	0
730.15	0	.6770515	.3033608	.01958767	0
729.15	0	.6772913	.303165	.01954375	0
728.15	0	.6775281	.3029721	.01949978	0
727.15	0	.677762	.3027823	.01945574	0
726.15	0	.677993	.3025954	.01941165	0
725.15	0	.6782212	.3024113	.0193675	0
724.15	0	.6784466	.3022301	.0193233	0
723.15	0	.6786692	.3020517	.01927904	0
722.15	0	.6788891	.3018761	.01923473	0
721.15	0	.6791063	.3017033	.01919036	0
720.15	0	.6793209	.3015332	.01914595	0
719.15	0	.6795328	.3013657	.01910149	0
718.15	0	.6797421	.301201	.01905698	0
717.15	0	.6799488	.3010388	.01901242	0
716.15	0	.680153	.3008792	.01896782	0
715.15	0	.6803546	.3007222	.01892317	0
714.15	0	.6805538	.3005677	.01887848	0
713.15	0	.6807506	.3004157	.01883374	0
712.15	0	.6809449	.3002662	.01878897	0
711.15	0	.6811368	.300119	.01874415	0
710.15	0	.6813263	.2999744	.0186993	0
709.15	0	.6815136	.299832	.01865441	0
708.15	0	.6816985	.299692	.01860948	0
707.15	0	.6818811	.2995544	.01856451	0
706.15	0	.6820615	.299419	.01851951	0
705.15	0	.6822397	.2992859	.01847448	0
704.15	0	.6824156	.299155	.01842941	0
703.15	0	.6825894	.2990263	.01838431	0
702.15	0	.682761	.2988998	.01833918	0
701.15	0	.6829305	.2987754	.01829402	0
700.15	0	.6830979	.2986532	.01824883	0
699.15	0	.6832633	.2985331	.01820362	0
698.15	0	.6834291	.2984133	.01815757	0
697.15	0	.6835902	.2982975	.01811237	0
696.15	0	.6837492	.2981836	.01806713	0
695.15	0	.6839064	.2980718	.01802187	0
694.15	0	.6840616	.2979619	.01797658	0
693.15	0	.6842148	.2978539	.01793126	0
692.15	0	.6843662	.2977479	.01788593	0
691.15	0	.6845157	.2976437	.01784056	0
690.15	0	.6846634	.2975415	.01779518	0
689.15	0	.6848092	.297441	.01774977	0
688.15	0	.6849532	.2973425	.01770435	0
687.15	0	.6850954	.2972457	.0176589	0
686.15	0	.6852359	.2971507	.01761344	0
685.15	0	.6853746	.2970574	.01756796	0
684.15	0	.6855116	.2969659	.01752246	0
683.15	0	.6856469	.2968761	.01747695	0
682.15	0	.6857805	.2967881	.01743143	0
681.15	0	.6859125	.2967017	.01738589	0
680.15	0	.6860428	.2966169	.01734034	0
679.15	0	.6861714	.2965338	.01729478	0
678.15	0	.6862985	.2964523	.01724921	0
677.15	0	.6864239	.2963724	.01720363	0
676.15	0	.6865478	.2962941	.01715805	0
675.15	0	.6866702	.2962174	.01711245	0
674.15	0	.686791	.2961422	.01706685	0
673.15	0	.6869103	.2960685	.01702125	0
672.15	0	.6870281	.2959963	.01697564	0
671.15	0	.6871444	.2959256	.01693003	0
670.15	0	.6872592	.2958564	.01688442	0
669.15	0	.6873726	.2957886	.0168388	0
668.15	0	.6874845	.2957223	.01679319	0
667.15	0	.6875951	.2956574	.01674757	0
666.15	0	.6877042	.2955939	.01670196	0
665.15	0	.6878119	.2955317	.01665635	0
664.15	0	.6879183	.2954709	.01661074	0
663.15	0	.6880233	.2954115	.01656514	0
662.15	0	.688127	.2953534	.01651955	0
661.15	0	.6882294	.2952966	.01647396	0
660.15	0	.6883305	.2952412	.01642838	0
659.15	0	.6884302	.295187	.0163828	0
658.15	0	.6885287	.2951341	.01633724	0
657.15	0	.6886259	.2950824	.01629168	0
656.15	0	.6887219	.295032	.01624614	0
655.15	0	.6888166	.2949828	.0162006	0
654.15	0	.6889102	.2949348	.01615508	0
653.15	0	.6890025	.294888	.01610958	0
652.15	0	.6890936	.2948423	.01606409	0
651.15	0	.6891835	.2947979	.01601861	0
650.15	0	.6892723	.2947546	.01597315	0
649.15	0	.6893599	.2947124	.01592771	0
648.15	0	.6894464	.2946713	.01588228	0
647.15	0	.6895317	.2946314	.01583687	0
646.15	0	.689616	.2945925	.01579149	0
645.15	0	.6896991	.2945548	.01574612	0
644.15	0	.6897812	.2945181	.01570077	0
643.15	0	.6898621	.2944824	.01565545	0
642.15	0	.689942	.2944478	.01561015	0
641.15	0	.6900209	.2944142	.01556488	0
640.15	0	.6900987	.2943817	.01551962	0
639.15	0	.6901755	.2943501	.0154744	0
638.15	0	.6902513	.2943195	.0154292	0
637.15	0	.690326	.29429	.01538403	0
636.15	0	.6903998	.2942614	.01533889	0
635.15	0	.6904725	.2942337	.01529377	0
634.15	0	.6905444	.294207	.01524869	0
633.15	0	.6906152	.2941812	.01520363	0
632.15	0	.6906851	.2941563	.01515861	0
631.15	0	.690754	.2941324	.01511362	0
630.15	0	.690822	.2941093	.01506867	0
629.15	0	.6908892	.2940871	.01502374	0
628.15	0	.6909554	.2940658	.01497886	0
627.15	0	.6910207	.2940454	.01493401	0
626.15	0	.6910851	.2940258	.01488919	0
625.15	0	.6911486	.294007	.01484441	0
624.15	0	.6912112	.2939891	.01479967	0
623.15	0	.691273	.293972	.01475498	0
622.15	0	.691334	.2939557	.01471032	0
621.15	0	.6913941	.2939402	.0146657	0
620.15	0	.6914534	.2939255	.01462112	0
619.15	0	.6915118	.2939116	.01457658	0
618.15	0	.6915695	.2938984	.01453209	0
617.15	0	.6916263	.293886	.01448764	0
616.15	0	.6916824	.2938744	.01444324	0
615.15	0	.6917376	.2938635	.01439888	0
614.15	0	.6917921	.2938533	.01435457	0
613.15	0	.6918459	.2938438	.01431031	0
612.15	0	.6918988	.2938351	.01426609	0
611.15	0	.691951	.293827	.01422192	0
610.15	0	.6920025	.2938197	.01417781	0
609.15	0	.6920533	.293813	.01413374	0
608.15	0	.6921033	.293807	.01408972	0
607.15	0	.6921526	.2938017	.01404576	0
606.15	0	.6922012	.293797	.01400185	0
605.15	0	.692249	.293793	.013958	0
604.15	0	.6922962	.2937896	.01391419	0
603.15	0	.6923427	.2937868	.01387045	0
602.15	0	.6923886	.2937847	.01382675	0
601.15	0	.6924337	.2937832	.01378312	0
600.15	0	.6924782	.2937822	.01373955	0
599.15	0	.6925221	.2937819	.01369603	0
598.15	0	.6925653	.2937822	.01365257	0
597.15	0	.6926078	.293783	.01360917	0
596.15	0	.6926497	.2937844	.01356583	0
595.15	0	.692691	.2937864	.01352256	0
594.15	0	.6927317	.2937889	.01347934	0
593.15	0	.6927718	.293792	.01343619	0
592.15	0	.6928112	.2937957	.01339311	0
591.15	0	.6928501	.2937998	.01335009	0
590.15	0	.6928884	.2938045	.01330713	0
589.15	0	.692926	.2938097	.01326424	0
588.15	0	.6929632	.2938154	.01322142	0
587.15	0	.6929997	.2938217	.01317867	0
586.15	0	.6930357	.2938284	.01313598	0
585.7081	0	.6930514	.2938315	.01311714	0
585.7081	0	.6930514	.2938315	.01311714	0
585.7081	0	.6930514	.2938315	.01311714	0
585.15	0	.6933482	.2932647	.01285123	5.358226E-04
584.15	0	.6938762	.2922547	.01237652	.001492638
583.15	0	.6943991	.2912515	.01190404	.002445304
582.15	0	.6949171	.2902553	.01143376	.003393863
581.15	0	.6954302	.2892658	.01096566	.00433836
580.15	0	.6959384	.288283	.01049972	.005278837
579.15	0	.696442	.2873068	.0100359	.006215337
578.15	0	.6969408	.2863371	.009574196	.007147902
577.15	0	.6974351	.2853737	.009114577	.008076573
576.15	0	.6979249	.2844167	.00865702	.009001392
575.15	0	.6984102	.2834659	.008201505	.009922397
574.15	0	.6988911	.2825213	.007748009	.01083963
573.15	0	.6993677	.2815827	.007296511	.01175313
572.15	0	.69984	.2806501	.006846989	.01266294
571.15	0	.7003081	.2797234	.006399425	.01356908
570.15	0	.7007721	.2788025	.005953795	.01447162
569.15	0	.701232	.2778873	.005510082	.01537057
568.15	0	.7016879	.2769778	.005068264	.01626597
567.15	0	.7021399	.2760739	.004628322	.01715787
566.15	0	.702588	.2751755	.004190237	.0180463
565.15	0	.7030322	.2742825	.00375399	.01893129
564.15	0	.7034727	.2733949	.003319561	.01981288
563.15	0	.7039094	.2725126	.002886934	.0206911
562.15	0	.7043425	.2716355	.002456089	.02156599
561.15	0	.7047719	.2707635	.002027008	.02243759
560.15	0	.7051978	.2698966	.001599673	.02330592
559.15	0	.7056202	.2690347	.001174069	.02417102
558.15	0	.7060391	.2681778	7.501757E-04	.02503291
557.15	0	.7064546	.2673257	3.279781E-04	.02589165
556.3704	0	.7067763	.2666648	0	.02655893
556.3704	0	.7067763	.2666648	0	.02655893
556.15	0	.7067886	.266584	0	.02662739
555.15	0	.7068439	.2662191	0	.02693705
554.15	0	.706898	.2658568	0	.02724516
553.15	0	.7069511	.2654972	0	.02755174
552.15	0	.707003	.2651402	0	.02785679
551.15	0	.707054	.2647857	0	.02816034
550.15	0	.7071038	.2644338	0	.02846239
549.15	0	.7071526	.2640844	0	.02876297
548.15	0	.7072004	.2637375	0	.02906209
547.15	0	.7072471	.2633931	0	.02935976
546.15	0	.7072929	.2630511	0	.02965599
545.15	0	.7073376	.2627116	0	.0299508
544.15	0	.7073814	.2623744	0	.0302442
543.15	0	.7074242	.2620396	0	.03053621
542.15	0	.7074661	.2617071	0	.03082684
541.15	0	.707507	.2613769	0	.0311161
540.15	0	.707547	.261049	0	.031404
539.15	0	.7075861	.2607234	0	.03169057
538.15	0	.7076242	.2604	0	.03197581
537.15	0	.7076615	.2600788	0	.03225973
536.15	0	.7076978	.2597598	0	.03254236
535.15	0	.7077333	.259443	0	.03282369
534.15	0	.707768	.2591283	0	.03310375
533.15	0	.7078017	.2588157	0	.03338254
532.15	0	.7078347	.2585052	0	.03366008
531.15	0	.7078668	.2581968	0	.03393639
530.15	0	.7078981	.2578905	0	.03421147
529.15	0	.7079286	.2575861	0	.03448533
528.15	0	.7079583	.2572838	0	.03475799
527.15	0	.7079871	.2569834	0	.03502946
526.15	0	.7080152	.256685	0	.03529975
525.15	0	.7080426	.2563885	0	.03556888
524.15	0	.7080692	.256094	0	.03583685
523.15	0	.708095	.2558013	0	.03610368
522.15	0	.7081201	.2555105	0	.03636938
521.15	0	.7081445	.2552216	0	.03663395
520.15	0	.7081681	.2549344	0	.03689742
519.15	0	.7081911	.2546491	0	.03715979
518.15	0	.7082133	.2543656	0	.03742108
517.15	0	.7082349	.2540838	0	.03768129
516.15	0	.7082557	.2538038	0	.03794043
515.15	0	.7082759	.2535256	0	.03819852
514.15	0	.7082955	.253249	0	.03845557
513.15	0	.7083143	.2529741	0	.03871158
512.15	0	.7083325	.2527009	0	.03896658
511.15	0	.7083501	.2524293	0	.03922056
510.15	0	.7083671	.2521594	0	.03947354
509.15	0	.7083834	.251891	0	.03972554
508.15	0	.7083991	.2516243	0	.03997655
507.15	0	.7084143	.2513591	0	.04022659
506.15	0	.7084288	.2510955	0	.04047568
505.15	0	.7084427	.2508335	0	.04072381
504.15	0	.7084561	.2505729	0	.040971
503.15	0	.7084689	.2503139	0	.04121727
502.15	0	.7084811	.2500563	0	.04146261
501.15	0	.7084928	.2498002	0	.04170704
500.15	0	.7085039	.2495455	0	.04195057
499.15	0	.7085145	.2492923	0	.04219321
498.15	0	.7085245	.2490405	0	.04243497
497.15	0	.7085341	.2487901	0	.04267585
496.15	0	.7085431	.2485411	0	.04291587
495.15	0	.7085516	.2482934	0	.04315504
494.15	0	.7085596	.2480471	0	.04339336
493.15	0	.7085671	.2478021	0	.04363084
492.15	0	.7085741	.2475584	0	.0438675
491.15	0	.7085806	.247316	0	.04410333
490.15	0	.7085867	.2470749	0	.04433836
489.15	0	.7085923	.2468351	0	.04457258
488.15	0	.7085975	.2465965	0	.04480601
487.15	0	.7086022	.2463592	0	.04503866
486.15	0	.7086064	.2461231	0	.04527053
485.15	0	.7086102	.2458881	0	.04550163
484.15	0	.7086136	.2456544	0	.04573197
483.15	0	.7086166	.2454218	0	.04596156
482.15	0	.7086191	.2451905	0	.04619041
481.15	0	.7086213	.2449602	0	.04641852
480.15	0	.708623	.2447311	0	.0466459
479.15	0	.7086244	.2445031	0	.04687257
478.15	0	.7086253	.2442762	0	.04709852
477.15	0	.7086259	.2440504	0	.04732377
476.15	0	.7086261	.2438256	0	.04754832
475.15	0	.7086259	.2436019	0	.04777218
474.15	0	.7086254	.2433793	0	.04799536
473.15	0	.7086245	.2431577	0	.04821786
472.15	0	.7086232	.2429371	0	.0484397
471.15	0	.7086216	.2427175	0	.04866088
470.15	0	.7086197	.2424989	0	.04888141
469.15	0	.7086174	.2422813	0	.04910129
468.15	0	.7086148	.2420647	0	.04932053
467.15	0	.7086119	.241849	0	.04953915
466.15	0	.7086086	.2416342	0	.04975713
465.15	0	.7086051	.2414204	0	.0499745
464.15	0	.7086012	.2412075	0	.05019126
463.15	0	.7085971	.2409955	0	.05040742
462.15	0	.7085927	.2407844	0	.05062297
461.15	0	.7085879	.2405741	0	.05083794
460.15	0	.7085829	.2403647	0	.05105232
459.15	0	.7085777	.2401562	0	.05126613
458.15	0	.7085721	.2399485	0	.05147936
457.15	0	.7085663	.2397417	0	.05169203
456.15	0	.7085602	.2395356	0	.05190414
455.15	0	.7085539	.2393304	0	.05211569
454.15	0	.7085473	.239126	0	.0523267
453.15	0	.7085405	.2389223	0	.05253717
452.15	0	.7085335	.2387194	0	.0527471
451.15	0	.7085262	.2385173	0	.0529565
450.15	0	.7085187	.2383159	0	.05316538
449.15	0	.708511	.2381152	0	.05337377
448.15	0	.7085032	.2379152	0	.05358166
447.15	0	.7084951	.2377159	0	.05378905
446.15	0	.7084868	.2375172	0	.05399594
445.15	0	.7084784	.2373193	0	.05420235
444.15	0	.7084698	.2371219	0	.05440828
443.15	0	.708461	.2369252	0	.05461374
442.15	0	.7084521	.2367291	0	.05481874
441.15	0	.7084431	.2365336	0	.05502329
440.15	0	.7084339	.2363387	0	.05522739
439.15	0	.7084246	.2361443	0	.05543105
438.15	0	.7084153	.2359505	0	.05563428
437.15	0	.7084058	.2357572	0	.05583709
436.15	0	.7083962	.2355644	0	.05603947
435.15	0	.7083865	.2353721	0	.05624145
434.15	0	.7083768	.2351802	0	.05644301
433.15	0	.708367	.2349889	0	.05664418
432.15	0	.7083571	.234798	0	.05684496
431.15	0	.7083472	.2346075	0	.05704535
430.15	0	.7083372	.2344174	0	.05724535
429.15	0	.7083272	.2342278	0	.05744498
428.15	0	.7083172	.2340386	0	.05764424
427.15	0	.7083071	.2338497	0	.05784314
426.15	0	.7082971	.2336613	0	.05804168
425.15	0	.708287	.2334731	0	.05823986
424.15	0	.7082769	.2332854	0	.05843769
423.15	0	.7082669	.233098	0	.05863518
422.15	0	.7082568	.2329109	0	.05883233
421.15	0	.7082467	.2327241	0	.05902915
420.15	0	.7082367	.2325377	0	.05922563
419.15	0	.7082267	.2323515	0	.05942179
418.15	0	.7082167	.2321656	0	.05961763
417.15	0	.7082068	.2319801	0	.05981315
416.15	0	.7081969	.2317947	0	.06000836
415.15	0	.7081871	.2316097	0	.06020326
414.15	0	.7081772	.2314249	0	.06039785
413.15	0	.7081675	.2312403	0	.06059215
412.15	0	.7081578	.2310561	0	.06078614
411.15	0	.7081482	.230872	0	.06097984
410.15	0	.7081386	.2306881	0	.06117326
409.15	0	.7081291	.2305045	0	.06136638
408.15	0	.7081197	.230321	0	.06155923
407.15	0	.7081104	.2301378	0	.06175179
406.15	0	.7081011	.2299548	0	.06194408
405.15	0	.708092	.2297719	0	.06213609
404.15	0	.7080829	.2295893	0	.06232783
403.15	0	.7080739	.2294068	0	.06251931
402.15	0	.708065	.2292245	0	.06271052
401.15	0	.7080562	.2290423	0	.06290147
400.15	0	.7080475	.2288603	0	.06309215
399.15	0	.7080389	.2286785	0	.06328259
398.15	0	.7080304	.2284968	0	.06347276
397.15	0	.708022	.2283153	0	.06366269
396.15	0	.7080137	.2281339	0	.06385237
395.15	0	.7080056	.2279527	0	.0640418
394.15	0	.7079975	.2277715	0	.06423098
393.15	0	.7079896	.2275905	0	.06441992
392.15	0	.7079817	.2274097	0	.06460863
391.15	0	.707974	.2272289	0	.06479709
390.15	0	.7079664	.2270483	0	.06498532
389.15	0	.707959	.2268677	0	.06517331
388.15	0	.7079516	.2266873	0	.06536107
387.15	0	.7079444	.226507	0	.0655486
386.15	0	.7079373	.2263268	0	.0657359
385.15	0	.7079303	.2261467	0	.06592298
384.15	0	.7079235	.2259667	0	.06610983
383.15	0	.7079168	.2257868	0	.06629645
382.15	0	.7079102	.225607	0	.06648285
381.15	0	.7079037	.2254272	0	.06666904
380.15	0	.7078974	.2252476	0	.066855
379.15	0	.7078912	.225068	0	.06704074
378.15	0	.7078852	.2248887	0	.06722613
377.15	0	.7078792	.2247093	0	.06741144
376.15	0	.7078735	.22453	0	.06759654
375.15	0	.7078678	.2243508	0	.06778142
374.15	0	.7078623	.2241716	0	.0679661
373.15	0	.7078569	.2239925	0	.06815056
372.15	0	.7078517	.2238135	0	.06833481
371.15	0	.7078466	.2236346	0	.06851886
370.15	0	.7078416	.2234557	0	.0687027
369.15	0	.7078368	.2232769	0	.06888633
368.15	0	.7078321	.2230982	0	.06906976
367.15	0	.7078275	.2229195	0	.06925298
366.15	0	.7078231	.2227409	0	.069436
365.15	0	.7078188	.2225624	0	.06961882
364.15	0	.7078146	.2223839	0	.06980143
363.15	0	.7078106	.2222055	0	.06998385
362.15	0	.7078068	.2220272	0	.07016606
361.15	0	.707803	.2218489	0	.07034808
360.15	0	.7077994	.2216707	0	.07052989
359.15	0	.707796	.2214925	0	.07071151
358.15	0	.7077926	.2213144	0	.07089293
357.15	0	.7077894	.2211364	0	.07107415
356.15	0	.7077864	.2209585	0	.07125518
355.15	0	.7077834	.2207806	0	.07143602
354.15	0	.7077806	.2206027	0	.07161665
353.15	0	.707778	.2204249	0	.0717971
352.15	0	.7077755	.2202472	0	.07197734
