T	 BPW(LIQUID)	BPW(BCC_A2)	BPW(FCC_A1)	BPW(LAVES_PHASE_C14)	BPW(NI3TI)
1473.15	.1590805	.8212013	0	.01971821	0
1472.15	.1535482	.8247118	0	.02173999	0
1471.15	.1481178	.8281521	0	.02373015	0
1470.15	.1427866	.8315239	0	.02568953	0
1469.15	.137552	.834829	0	.02761897	0
1468.15	.1324117	.8380691	0	.02951925	0
1467.15	.127363	.8412458	0	.03139114	0
1466.15	.1224038	.8443608	0	.03323537	0
1465.15	.1175318	.8474156	0	.03505267	0
1464.15	.1127447	.8504116	0	.03684373	0
1463.15	.1080405	.8533503	0	.03860922	0
1462.15	.1034172	.8562331	0	.04034978	0
1461.15	.09887267	.8590613	0	.04206604	0
1460.15	.09440511	.8618363	0	.0437586	0
1459.15	.09001264	.8645593	0	.04542806	0
1458.15	.08569346	.8672316	0	.04707498	0
1457.15	.08144582	.8698543	0	.04869992	0
1456.15	.07726805	.8724286	0	.0503034	0
1455.15	.0731585	.8749556	0	.05188594	0
1454.15	.06911558	.8774364	0	.05344805	0
1453.238	.06548639	.8796588	0	.05485485	0
1453.238	.06548639	.8796588	0	.05485485	0
1453.238	.06548639	.8796588	0	.05485485	0
1453.15	.06400299	.8782293	.002410837	.05535686	0
1452.15	.04738715	.8623056	.02935003	.06095723	0
1451.15	.03110272	.8468591	.0556336	.0664046	0
1450.15	.01513686	.8318725	.08128594	.07170475	0
1449.184	0	.8178121	.1054962	.07669165	0
1449.184	0	.8178121	.1054962	.07669165	0
1449.15	0	.8176984	.1055866	.07671499	0
1448.15	0	.8143277	.1082659	.07740641	0
1447.15	0	.8109662	.1109386	.07809521	0
1446.15	0	.8076138	.1136048	.07878142	0
1445.15	0	.8042707	.1162643	.07946504	0
1444.15	0	.8009366	.1189173	.08014607	0
1443.15	0	.7976118	.1215637	.08082455	0
1442.15	0	.7942959	.1242036	.08150047	0
1441.15	0	.7909892	.1268369	.08217385	0
1440.15	0	.7876915	.1294638	.0828447	0
1439.15	0	.7844029	.1320841	.08351304	0
1438.15	0	.7811232	.1346979	.08417887	0
1437.15	0	.7778525	.1373053	.08484222	0
1436.15	0	.7745908	.1399061	.08550308	0
1435.15	0	.771338	.1425005	.08616147	0
1434.15	0	.7680941	.1450885	.08681741	0
1433.15	0	.7648591	.14767	.0874709	0
1432.15	0	.7616329	.1502451	.08812196	0
1431.15	0	.7584156	.1528138	.0887706	0
1430.15	0	.7552071	.1553761	.08941682	0
1429.15	0	.7520074	.157932	.09006065	0
1428.15	0	.7488164	.1604815	.09070209	0
1427.15	0	.7456342	.1630246	.09134115	0
1426.15	0	.7424607	.1655614	.09197785	0
1425.15	0	.739296	.1680918	.09261219	0
1424.15	0	.7361399	.1706159	.0932442	0
1423.15	0	.7329925	.1731337	.09387386	0
1422.15	0	.7298537	.1756451	.09450121	0
1421.15	0	.7267235	.1781502	.09512624	0
1420.15	0	.723602	.180649	.09574898	0
1419.15	0	.720489	.1831416	.09636943	0
1418.15	0	.7173846	.1856278	.09698759	0
1417.15	0	.7142887	.1881078	.09760349	0
1416.15	0	.7112014	.1905815	.09821713	0
1415.15	0	.7081225	.1930489	.09882852	0
1414.15	0	.7050522	.1955102	.09943768	0
1413.15	0	.7019903	.1979651	.1000446	0
1412.15	0	.6989368	.2004139	.1006493	0
1411.15	0	.6958918	.2028564	.1012518	0
1410.15	0	.6928552	.2052927	.1018521	0
1409.15	0	.6898269	.2077228	.1024503	0
1408.15	0	.6868071	.2101467	.1030462	0
1407.15	0	.6837956	.2125645	.10364	0
1406.15	0	.6807924	.214976	.1042316	0
1405.15	0	.6777975	.2173814	.1048211	0
1404.15	0	.674811	.2197806	.1054084	0
1403.15	0	.6718327	.2221737	.1059936	0
1402.15	0	.6688627	.2245606	.1065767	0
1401.15	0	.665901	.2269413	.1071577	0
1400.15	0	.6629474	.229316	.1077366	0
1399.15	0	.6600021	.2316845	.1083134	0
1398.15	0	.657065	.2340469	.1088881	0
1397.15	0	.6541361	.2364031	.1094607	0
1396.15	0	.6512154	.2387533	.1100313	0
1395.15	0	.6483028	.2410974	.1105999	0
1394.15	0	.6453983	.2434354	.1111663	0
1393.15	0	.642502	.2457673	.1117308	0
1392.15	0	.6396137	.2480931	.1122932	0
1391.15	0	.6367336	.2504128	.1128536	0
1390.15	0	.6338615	.2527264	.113412	0
1389.15	0	.6309976	.255034	.1139684	0
1388.15	0	.6281416	.2573356	.1145228	0
1387.15	0	.6252937	.2596311	.1150753	0
1386.15	0	.6224538	.2619205	.1156257	0
1385.15	0	.6196219	.2642039	.1161742	0
1384.15	0	.616798	.2664813	.1167207	0
1383.15	0	.6139821	.2687526	.1172653	0
1382.15	0	.6111742	.2710179	.117808	0
1381.15	0	.6083742	.2732771	.1183487	0
1380.15	0	.6055821	.2755304	.1188875	0
1379.15	0	.602798	.2777776	.1194244	0
1378.15	0	.6000218	.2800188	.1199594	0
1377.15	0	.5972535	.282254	.1204924	0
1376.15	0	.5944931	.2844833	.1210236	0
1375.15	0	.5917406	.2867065	.1215529	0
1374.15	0	.588996	.2889237	.1220804	0
1373.15	0	.5862592	.2911349	.1226059	0
1372.15	0	.5835302	.2933401	.1231297	0
1371.15	0	.5808091	.2955394	.1236515	0
1370.15	0	.5780958	.2977326	.1241715	0
1369.15	0	.5753904	.2999199	.1246897	0
1368.15	0	.5726927	.3021012	.1252061	0
1367.15	0	.5700029	.3042765	.1257206	0
1366.15	0	.5673208	.3064458	.1262334	0
1365.15	0	.5646465	.3086092	.1267443	0
1364.15	0	.56198	.3107666	.1272534	0
1363.15	0	.5593212	.312918	.1277608	0
1362.15	0	.5566701	.3150635	.1282664	0
1361.15	0	.5540269	.317203	.1287702	0
1360.15	0	.5513913	.3193365	.1292722	0
1359.15	0	.5487635	.3214641	.1297725	0
1358.15	0	.5461433	.3235857	.130271	0
1357.15	0	.5435309	.3257013	.1307678	0
1356.15	0	.5409262	.327811	.1312628	0
1355.15	0	.5383292	.3299147	.1317561	0
1354.15	0	.5357398	.3320125	.1322477	0
1353.15	0	.5331582	.3341042	.1327376	0
1352.15	0	.5305842	.3361901	.1332258	0
1351.15	0	.5280178	.3382699	.1337122	0
1350.15	0	.5254592	.3403439	.134197	0
1349.15	0	.5229081	.3424118	.1346801	0
1348.15	0	.5203648	.3444738	.1351615	0
1347.15	0	.517829	.3465298	.1356412	0
1346.15	0	.5153009	.3485799	.1361193	0
1345.15	0	.5127804	.3506239	.1365957	0
1344.15	0	.5102675	.3526621	.1370704	0
1343.15	0	.5077623	.3546942	.1375435	0
1342.15	0	.5052647	.3567204	.138015	0
1341.15	0	.5027746	.3587406	.1384848	0
1340.15	0	.5002922	.3607548	.138953	0
1339.15	0	.4978174	.362763	.1394196	0
1338.15	0	.4953502	.3647653	.1398845	0
1337.15	0	.4928905	.3667616	.1403479	0
1336.15	0	.4904385	.3687519	.1408096	0
1335.15	0	.487994	.3707362	.1412698	0
1334.15	0	.4855572	.3727145	.1417284	0
1333.15	0	.4831279	.3746868	.1421853	0
1332.15	0	.4807062	.3766531	.1426408	0
1331.15	0	.478292	.3786134	.1430946	0
1330.15	0	.4758855	.3805677	.1435469	0
1329.15	0	.4734865	.382516	.1439976	0
1328.15	0	.471095	.3844582	.1444467	0
1327.15	0	.4687112	.3863945	.1448943	0
1326.15	0	.4663349	.3883247	.1453404	0
1325.15	0	.4639662	.3902489	.1457849	0
1324.15	0	.461605	.392167	.146228	0
1323.15	0	.4592515	.3940791	.1466694	0
1322.15	0	.4569055	.3959851	.1471094	0
1321.15	0	.454567	.3978851	.1475479	0
1320.15	0	.4522361	.3997791	.1479848	0
1319.15	0	.4499128	.4016669	.1484203	0
1318.15	0	.4475971	.4035487	.1488542	0
1317.15	0	.4452889	.4054244	.1492867	0
1316.15	0	.4429883	.407294	.1497177	0
1315.15	0	.4406953	.4091575	.1501472	0
1314.15	0	.4384099	.4110149	.1505752	0
1313.15	0	.436132	.4128662	.1510018	0
1312.15	0	.4338617	.4147114	.1514269	0
1311.15	0	.431599	.4165504	.1518506	0
1310.15	0	.4293439	.4183833	.1522728	0
1309.15	0	.4270964	.4202101	.1526935	0
1308.15	0	.4248565	.4220307	.1531128	0
1307.15	0	.4226241	.4238452	.1535307	0
1306.15	0	.4203994	.4256534	.1539472	0
1305.15	0	.4181823	.4274555	.1543622	0
1304.15	0	.4159728	.4292514	.1547758	0
1303.15	0	.4137709	.4310411	.155188	0
1302.15	0	.4115766	.4328246	.1555988	0
1301.15	0	.40939	.4346019	.1560082	0
1300.15	0	.407211	.4363729	.1564162	0
1299.15	0	.4050396	.4381377	.1568227	0
1298.15	0	.4028759	.4398962	.1572279	0
1297.15	0	.4007198	.4416485	.1576318	0
1296.15	0	.3985714	.4433944	.1580342	0
1295.15	0	.3964306	.4451341	.1584353	0
1294.15	0	.3942975	.4468675	.158835	0
1293.15	0	.3921721	.4485946	.1592333	0
1292.15	0	.3900544	.4503153	.1596303	0
1291.15	0	.3879444	.4520297	.1600259	0
1290.15	0	.3858421	.4537377	.1604202	0
1289.15	0	.3837475	.4554394	.1608131	0
1288.15	0	.3816606	.4571347	.1612047	0
1287.15	0	.3795815	.4588236	.1615949	0
1286.15	0	.3775101	.4605061	.1619839	0
1285.15	0	.3754465	.4621821	.1623715	0
1284.15	0	.3733906	.4638517	.1627577	0
1283.15	0	.3713425	.4655149	.1631427	0
1282.15	0	.3693022	.4671715	.1635263	0
1281.15	0	.3672696	.4688217	.1639086	0
1280.15	0	.3652449	.4704654	.1642897	0
1279.15	0	.363228	.4721026	.1646694	0
1278.15	0	.361219	.4737332	.1650478	0
1277.15	0	.3592178	.4753573	.165425	0
1276.15	0	.3572244	.4769748	.1658008	0
1275.15	0	.3552389	.4785857	.1661754	0
1274.15	0	.3532613	.48019	.1665487	0
1273.15	0	.3512916	.4817877	.1669207	0
1272.15	0	.3493298	.4833787	.1672915	0
1271.15	0	.347376	.4849631	.167661	0
1270.15	0	.34543	.4865408	.1680292	0
1269.15	0	.3434921	.4881118	.1683961	0
1268.15	0	.3415621	.4896761	.1687619	0
1267.15	0	.3396401	.4912336	.1691263	0
1266.15	0	.3377261	.4927844	.1694895	0
1265.15	0	.3358201	.4943284	.1698515	0
1264.15	0	.3339222	.4958656	.1702123	0
1263.15	0	.3320323	.4973959	.1705718	0
1262.15	0	.3301505	.4989195	.1709301	0
1261.15	0	.3282768	.5004361	.1712871	0
1260.15	0	.3264111	.5019459	.1716429	0
1259.15	0	.3245537	.5034488	.1719975	0
1258.15	0	.3227043	.5049447	.172351	0
1257.15	0	.3208632	.5064337	.1727031	0
1256.15	0	.3190302	.5079157	.1730541	0
1255.15	0	.3172054	.5093907	.1734039	0
1254.15	0	.3153888	.5108587	.1737525	0
1253.15	0	.3135805	.5123196	.1740999	0
1252.15	0	.3117805	.5137734	.1744461	0
1251.15	0	.3099887	.5152202	.1747911	0
1250.15	0	.3082053	.5166598	.1751349	0
1249.15	0	.3064302	.5180923	.1754776	0
1248.15	0	.3046634	.5195175	.175819	0
1247.15	0	.302905	.5209356	.1761593	0
1246.15	0	.3011551	.5223465	.1764985	0
1245.15	0	.2994135	.5237501	.1768364	0
1244.15	0	.2976804	.5251464	.1771732	0
1243.15	0	.2959558	.5265354	.1775089	0
1242.15	0	.2942396	.527917	.1778434	0
1241.15	0	.292532	.5292913	.1781767	0
1240.15	0	.290833	.5306582	.1785089	0
1239.15	0	.2891425	.5320176	.1788399	0
1238.15	0	.2874606	.5333696	.1791698	0
1237.15	0	.2857873	.5347141	.1794986	0
1236.15	0	.2841227	.5360511	.1798262	0
1235.15	0	.2824668	.5373805	.1801527	0
1234.15	0	.2808196	.5387024	.180478	0
1233.15	0	.2791811	.5400166	.1808023	0
1232.15	0	.2775514	.5413232	.1811254	0
1231.15	0	.2759305	.5426221	.1814474	0
1230.15	0	.2743184	.5439133	.1817683	0
1229.15	0	.2727152	.5451968	.182088	0
1228.15	0	.2711209	.5464725	.1824067	0
1227.15	0	.2695354	.5477404	.1827242	0
1226.15	0	.2679589	.5490004	.1830407	0
1225.15	0	.2663914	.5502526	.183356	0
1224.15	0	.264833	.5514968	.1836703	0
1223.15	0	.2632835	.5527331	.1839834	0
1222.15	0	.2617431	.5539614	.1842955	0
1221.15	0	.2602119	.5551817	.1846065	0
1220.15	0	.2586897	.5563939	.1849163	0
1219.15	0	.2571768	.5575981	.1852251	0
1218.15	0	.2556731	.5587941	.1855329	0
1217.15	0	.2541786	.5599819	.1858395	0
1216.15	0	.2526934	.5611615	.1861451	0
1215.15	0	.2512175	.5623329	.1864496	0
1214.15	0	.249751	.563496	.186753	0
1213.15	0	.2482938	.5646508	.1870554	0
1212.15	0	.2468461	.5657972	.1873567	0
1211.15	0	.2454078	.5669352	.187657	0
1210.15	0	.2439791	.5680648	.1879562	0
1209.15	0	.2425599	.5691858	.1882543	0
1208.15	0	.2411502	.5702984	.1885514	0
1207.15	0	.2397502	.5714024	.1888474	0
1206.15	0	.2383598	.5724978	.1891424	0
1205.15	0	.2369791	.5735845	.1894364	0
1204.15	0	.2356082	.5746625	.1897293	0
1203.15	0	.2342471	.5757318	.1900212	0
1202.15	0	.2328957	.5767923	.190312	0
1201.15	0	.2315542	.577844	.1906018	0
1200.15	0	.2302227	.5788868	.1908906	0
1199.15	0	.228901	.5799206	.1911783	0
1198.15	0	.2275894	.5809456	.1914651	0
1197.15	0	.2262877	.5819615	.1917508	0
1196.15	0	.2249962	.5829683	.1920355	0
1195.15	0	.2237148	.5839661	.1923191	0
1194.15	0	.2224435	.5849547	.1926018	0
1193.15	0	.2211824	.5859341	.1928834	0
1192.15	0	.2199316	.5869043	.1931641	0
1191.15	0	.2186911	.5878652	.1934437	0
1190.15	0	.217461	.5888167	.1937223	0
1189.15	0	.2162412	.5897589	.1939999	0
1188.15	0	.2150319	.5906916	.1942766	0
1187.15	0	.213833	.5916148	.1945522	0
1186.15	0	.2126447	.5925285	.1948268	0
1185.15	0	.2114669	.5934326	.1951005	0
1184.15	0	.2102998	.5943271	.1953731	0
1183.15	0	.2091434	.5952118	.1956448	0
1182.15	0	.2079977	.5960869	.1959154	0
1181.15	0	.2068628	.5969521	.1961851	0
1180.15	0	.2057387	.5978075	.1964539	0
1179.15	0	.2046255	.5986529	.1967216	0
1178.15	0	.2035232	.5994885	.1969883	0
1177.15	0	.2024319	.600314	.1972541	0
1176.15	0	.2013516	.6011295	.1975189	0
1175.15	0	.2002824	.6019348	.1977828	0
1174.15	0	.1992244	.60273	.1980457	0
1173.15	0	.1981775	.6035149	.1983076	0
1172.15	0	.1971419	.6042896	.1985686	0
1171.15	0	.1961176	.6050539	.1988285	0
1170.15	0	.1951046	.6058078	.1990876	0
1169.15	0	.194103	.6065513	.1993457	0
1168.15	0	.1931129	.6072843	.1996028	0
1167.15	0	.1921343	.6080067	.199859	0
1166.15	0	.1911673	.6087185	.2001142	0
1165.15	0	.1902119	.6094196	.2003685	0
1164.15	0	.1892682	.61011	.2006219	0
1163.15	0	.1883362	.6107896	.2008743	0
1162.15	0	.187416	.6114583	.2011257	0
1161.15	0	.1865076	.6121161	.2013762	0
1160.15	0	.1856112	.612763	.2016258	0
1159.15	0	.1847267	.6133988	.2018745	0
1158.15	0	.1838543	.6140235	.2021222	0
1157.15	0	.1829939	.6146371	.202369	0
1156.15	0	.1821457	.6152394	.2026149	0
1155.15	0	.1813097	.6158305	.2028598	0
1154.15	0	.1804858	.6164103	.2031039	0
1153.15	0	.1796743	.6169787	.2033469	0
1152.15	0	.1788753	.6175356	.2035891	0
1151.15	0	.1780886	.618081	.2038304	0
1150.15	0	.1773144	.6186148	.2040708	0
1149.15	0	.1765528	.619137	.2043102	0
1148.15	0	.1758038	.6196475	.2045487	0
1147.15	0	.1750675	.6201462	.2047864	0
1146.15	0	.1743438	.6206331	.2050231	0
1145.15	0	.173633	.6211081	.2052589	0
1144.15	0	.1729351	.6215711	.2054938	0
1143.15	0	.17225	.6220221	.2057278	0
1142.15	0	.1715779	.6224611	.205961	0
1141.15	0	.1709189	.6228879	.2061932	0
1140.15	0	.1702729	.6233025	.2064245	0
1139.15	0	.1696401	.6237049	.206655	0
1138.15	0	.1690206	.6240949	.2068845	0
1137.15	0	.1684143	.6244726	.2071132	0
1136.15	0	.1678213	.6248377	.207341	0
1135.15	0	.1672417	.6251904	.2075679	0
1134.15	0	.1666756	.6255305	.2077939	0
1133.15	0	.166123	.6258579	.2080191	0
1132.15	0	.165584	.6261727	.2082433	0
1131.15	0	.1650587	.6264746	.2084667	0
1130.15	0	.164547	.6267638	.2086892	0
1129.15	0	.1640491	.62704	.2089109	0
1128.15	0	.163565	.6273033	.2091317	0
1127.15	0	.1630948	.6275536	.2093516	0
1126.15	0	.1626386	.6277908	.2095706	0
1125.15	0	.1621964	.6280148	.2097888	0
1124.15	0	.1617682	.6282256	.2100062	0
1123.15	0	.1613541	.6284232	.2102227	0
1122.15	0	.1609543	.6286074	.2104383	0
1121.15	0	.1605687	.6287783	.2106531	0
1120.15	0	.1601973	.6289357	.210867	0
1119.15	0	.1598404	.6290795	.2110801	0
1118.15	0	.1594978	.6292098	.2112923	0
1117.15	0	.1591698	.6293265	.2115037	0
1116.15	0	.1588563	.6294295	.2117142	0
1115.15	0	.1585574	.6295187	.2119239	0
1114.15	0	.1582731	.6295941	.2121328	0
1113.15	0	.1580035	.6296556	.2123408	0
1112.15	0	.1577487	.6297032	.212548	0
1111.15	0	.1575087	.6297369	.2127544	0
1110.15	0	.1572836	.6297564	.21296	0
1109.15	0	.1570734	.6297619	.2131647	0
1108.15	0	.1568782	.6297532	.2133686	0
1107.15	0	.1566981	.6297303	.2135716	0
1106.15	0	.156533	.6296931	.2137739	0
1105.15	0	.1563831	.6296416	.2139753	0
1104.15	0	.1562484	.6295757	.2141759	0
1103.15	0	.1561289	.6294954	.2143758	0
1102.15	0	.1560247	.6294006	.2145747	0
1101.15	0	.1559358	.6292913	.2147729	0
1100.15	0	.1558624	.6291673	.2149703	0
1099.15	0	.1558043	.6290288	.2151669	0
1098.15	0	.1557618	.6288755	.2153627	0
1097.15	0	.1557348	.6287075	.2155577	0
1096.15	0	.1557234	.6285247	.2157518	0
1095.15	0	.1557276	.6283271	.2159452	0
1094.15	0	.1557475	.6281147	.2161378	0
1093.15	0	.1557831	.6278872	.2163296	0
1092.15	0	.1558345	.6276449	.2165207	0
1091.15	0	.1559017	.6273875	.2167109	0
1090.15	0	.1559846	.627115	.2169003	0
1089.15	0	.1560835	.6268275	.217089	0
1088.15	0	.1561983	.6265248	.2172769	0
1087.15	0	.156329	.626207	.217464	0
1086.15	0	.1564757	.6258739	.2176504	0
1085.15	0	.1566384	.6255256	.217836	0
1084.15	0	.1568172	.625162	.2180208	0
1083.15	0	.1570121	.6247831	.2182048	0
1082.15	0	.1572231	.6243888	.2183881	0
1081.15	0	.1574502	.6239792	.2185706	0
1080.15	0	.1576935	.6235541	.2187524	0
1079.15	0	.157953	.6231136	.2189334	0
1078.15	0	.1582287	.6226576	.2191137	0
1077.15	0	.1585207	.6221862	.2192932	0
1076.15	0	.1588289	.6216992	.2194719	0
1075.15	0	.1591534	.6211966	.2196499	0
1074.15	0	.1594943	.6206785	.2198272	0
1073.15	0	.1598514	.6201448	.2200038	0
1072.15	0	.160225	.6195955	.2201796	0
1071.15	0	.1606148	.6190306	.2203546	0
1070.15	0	.1610211	.61845	.2205289	0
1069.15	0	.1614437	.6178538	.2207025	0
1068.15	0	.1618827	.6172419	.2208754	0
1067.15	0	.1623381	.6166143	.2210475	0
1066.15	0	.16281	.6159711	.221219	0
1065.15	0	.1632982	.6153121	.2213897	0
1064.15	0	.1638029	.6146375	.2215597	0
1063.15	0	.1643239	.6139471	.2217289	0
1062.15	0	.1648614	.6132411	.2218975	0
1061.15	0	.1654154	.6125193	.2220654	0
1060.15	0	.1659857	.6117818	.2222325	0
1059.15	0	.1665724	.6110287	.2223989	0
1058.15	0	.1671755	.6102598	.2225647	0
1057.15	0	.167795	.6094753	.2227297	0
1056.15	0	.1684309	.608675	.2228941	0
1055.15	0	.1690831	.6078592	.2230577	0
1054.15	0	.1697517	.6070276	.2232207	0
1053.15	0	.1704366	.6061805	.2233829	0
1052.15	0	.1711378	.6053177	.2235445	0
1051.15	0	.1718553	.6044393	.2237054	0
1050.15	0	.1725891	.6035453	.2238656	0
1049.15	0	.173339	.6026358	.2240252	0
1048.15	0	.1741052	.6017107	.224184	0
1047.15	0	.1748876	.6007702	.2243422	0
1046.15	0	.1756861	.5998142	.2244997	0
1045.15	0	.1765007	.5988427	.2246566	0
1044.15	0	.1773313	.5978559	.2248128	0
1043.15	0	.1781781	.5968537	.2249683	0
1042.15	0	.1790407	.5958361	.2251231	0
1041.15	0	.1799194	.5948033	.2252773	0
1040.15	0	.1808139	.5937552	.2254309	0
1039.15	0	.1817243	.592692	.2255838	0
1038.15	0	.1826505	.5916135	.225736	0
1037.15	0	.1835924	.59052	.2258876	0
1036.15	0	.18455	.5894115	.2260385	0
1035.15	0	.1855233	.5882879	.2261888	0
1034.15	0	.1865121	.5871495	.2263384	0
1033.15	0	.1875164	.5859961	.2264875	0
1032.15	0	.1885362	.584828	.2266358	0
1031.15	0	.1895714	.583645	.2267836	0
1030.15	0	.1906219	.5824474	.2269306	0
1029.15	0	.1916876	.5812353	.2270771	0
1028.15	0	.1927686	.5800085	.2272229	0
1027.15	0	.1938646	.5787673	.2273681	0
1026.15	0	.1949756	.5775117	.2275127	0
1025.15	0	.1961016	.5762418	.2276567	0
1024.15	0	.1972424	.5749576	.2278	0
1023.15	0	.198398	.5736593	.2279427	0
1022.15	0	.1995683	.5723469	.2280848	0
1021.15	0	.2007532	.5710205	.2282262	0
1020.15	0	.2019526	.5696803	.2283671	0
1019.15	0	.2031665	.5683262	.2285073	0
1018.15	0	.2043946	.5669585	.2286469	0
1017.15	0	.205637	.5655771	.2287859	0
1016.15	0	.2068935	.5641822	.2289243	0
1015.15	0	.208164	.5627739	.2290621	0
1014.15	0	.2094485	.5613523	.2291992	0
1013.15	0	.2107467	.5599175	.2293358	0
1012.15	0	.2120587	.5584696	.2294718	0
1011.15	0	.2133842	.5570087	.2296071	0
1010.15	0	.2147233	.5555349	.2297419	0
1009.15	0	.2160757	.5540483	.229876	0
1008.15	0	.2174414	.5525491	.2300095	0
1007.15	0	.2188202	.5510374	.2301425	0
1006.15	0	.220212	.5495132	.2302748	0
1005.15	0	.2216167	.5479768	.2304065	0
1004.15	0	.2230342	.5464282	.2305377	0
1003.15	0	.2244643	.5448675	.2306682	0
1002.15	0	.225907	.5432949	.2307981	0
1001.15	0	.227362	.5417106	.2309274	0
1000.15	0	.2288293	.5401145	.2310562	0
999.15	0	.2303087	.538507	.2311843	0
998.15	0	.2318001	.5368881	.2313118	0
997.15	0	.2333034	.5352579	.2314387	0
996.15	0	.2348183	.5336166	.231565	0
995.15	0	.2363449	.5319644	.2316907	0
994.15	0	.2378828	.5303013	.2318158	0
993.15	0	.2394321	.5286276	.2319403	0
992.15	0	.2409925	.5269433	.2320642	0
991.15	0	.2425639	.5252486	.2321875	0
990.15	0	.2441461	.5235437	.2323102	0
989.15	0	.2457391	.5218287	.2324322	0
988.15	0	.2473425	.5201038	.2325537	0
987.15	0	.2489564	.5183691	.2326745	0
986.15	0	.2505805	.5166247	.2327947	0
985.15	0	.2522147	.5148709	.2329143	0
984.15	0	.2538589	.5131078	.2330333	0
983.15	0	.2555127	.5113356	.2331517	0
982.15	0	.2571762	.5095544	.2332694	0
981.15	0	.2588492	.5077643	.2333865	0
980.15	0	.2605314	.5059656	.233503	0
979.15	0	.2622228	.5041584	.2336188	0
978.15	0	.2639231	.5023429	.233734	0
977.15	0	.2656322	.5005193	.2338485	0
976.15	0	.2673499	.4986877	.2339624	0
975.15	0	.2690761	.4968482	.2340757	0
974.15	0	.2708106	.4950012	.2341883	0
973.15	0	.2725532	.4931467	.2343002	0
972.15	0	.2743037	.4912849	.2344114	0
971.15	0	.276062	.489416	.234522	0
970.15	0	.2778279	.4875401	.234632	0
969.15	0	.2796012	.4856576	.2347412	0
968.15	0	.2813818	.4837685	.2348497	0
967.15	0	.2831695	.481873	.2349576	0
966.15	0	.284964	.4799713	.2350647	0
965.15	0	.2867653	.4780636	.2351712	0
964.15	0	.2885731	.47615	.2352769	0
963.15	0	.2903872	.4742309	.2353819	0
962.15	0	.2922076	.4723063	.2354862	0
961.15	0	.2940339	.4703764	.2355897	0
960.15	0	.2958661	.4684415	.2356925	0
959.15	0	.2976579	.4665446	.2357974	0
958.15	0	.2993834	.4647101	.2359066	0
957.15	0	.3011347	.4628514	.236014	0
956.15	0	.3029105	.4609699	.2361196	0
955.15	0	.3047095	.4590669	.2362236	0
954.15	0	.3065303	.4571438	.2363259	0
953.15	0	.3083717	.4552017	.2364266	0
952.15	0	.3102325	.4532418	.2365257	0
951.15	0	.3121116	.4512653	.2366232	0
950.15	0	.3140077	.4492733	.2367191	0
949.15	0	.3159198	.4472668	.2368135	0
948.15	0	.3178468	.4452469	.2369063	0
947.15	0	.3197878	.4432146	.2369976	0
946.15	0	.3217417	.4411708	.2370875	0
945.15	0	.3237076	.4391165	.2371758	0
944.15	0	.3256846	.4370527	.2372627	0
943.15	0	.3276718	.4349801	.2373481	0
942.15	0	.3296683	.4328996	.2374321	0
941.15	0	.3316733	.4308121	.2375147	0
940.15	0	.333686	.4287182	.2375958	0
939.15	0	.3357056	.4266189	.2376755	0
938.15	0	.3377314	.4245147	.2377539	0
937.15	0	.3397627	.4224065	.2378308	0
936.15	0	.3417988	.4202949	.2379063	0
935.15	0	.3438389	.4181806	.2379805	0
934.15	0	.3458825	.4160643	.2380533	0
933.15	0	.3479289	.4139464	.2381247	0
932.15	0	.3499775	.4118277	.2381947	0
931.15	0	.3520278	.4097088	.2382635	0
930.15	0	.3540791	.4075901	.2383308	0
929.15	0	.3561309	.4054723	.2383968	0
928.15	0	.3581827	.4033558	.2384615	0
927.15	0	.360234	.4012411	.2385248	0
926.15	0	.3622843	.3991288	.2385868	0
925.15	0	.3643331	.3970194	.2386475	0
924.15	0	.36638	.3949132	.2387069	0
923.15	0	.3684244	.3928107	.2387649	0
922.15	0	.3704661	.3907123	.2388216	0
921.15	0	.3725045	.3886185	.238877	0
920.15	0	.3745392	.3865297	.2389311	0
919.15	0	.3765699	.3844462	.2389839	0
918.15	0	.3785963	.3823684	.2390353	0
917.15	0	.3806178	.3802967	.2390855	0
916.15	0	.3826343	.3782314	.2391344	0
915.15	0	.3846453	.3761728	.2391819	0
914.15	0	.3866505	.3741213	.2392282	0
913.15	0	.3886496	.3720772	.2392731	0
912.15	0	.3906424	.3700408	.2393168	0
911.15	0	.3926284	.3680124	.2393592	0
910.15	0	.3946074	.3659923	.2394003	0
909.15	0	.3965792	.3639807	.2394401	0
908.15	0	.3985435	.3619779	.2394786	0
907.15	0	.4005	.3599842	.2395159	0
906.15	0	.4024484	.3579998	.2395519	0
905.15	0	.4043885	.3560249	.2395866	0
904.15	0	.4063202	.3540598	.23962	0
903.15	0	.4082431	.3521048	.2396521	0
902.15	0	.410157	.35016	.239683	0
901.15	0	.4120618	.3482256	.2397127	0
900.15	0	.4139571	.3463018	.239741	0
899.15	0	.4158429	.3443889	.2397682	0
898.15	0	.4177189	.3424871	.239794	0
897.15	0	.419585	.3405964	.2398187	0
896.15	0	.4214409	.3387171	.239842	0
895.15	0	.4232864	.3368494	.2398642	0
894.15	0	.4251215	.3349934	.2398851	0
893.15	0	.426946	.3331493	.2399048	0
892.15	0	.4287596	.3313172	.2399232	0
891.15	0	.4305623	.3294973	.2399405	0
890.15	0	.4323538	.3276897	.2399565	0
889.15	0	.4341341	.3258946	.2399713	0
888.15	0	.435903	.3241121	.239985	0
887.15	0	.4376603	.3223422	.2399974	0
886.15	0	.439406	.3205853	.2400087	0
885.15	0	.44114	.3188413	.2400187	0
884.15	0	.442862	.3171104	.2400277	0
883.15	0	.444572	.3153926	.2400354	0
882.15	0	.4462698	.3136882	.240042	0
881.15	0	.4479555	.3119971	.2400474	0
880.15	0	.4496288	.3103195	.2400517	0
879.15	0	.4512896	.3086555	.2400549	0
878.15	0	.452938	.3070051	.2400569	0
877.15	0	.4545737	.3053684	.2400579	0
876.15	0	.4561967	.3037456	.2400577	0
875.15	0	.457807	.3021366	.2400565	0
874.15	0	.4594044	.3005415	.2400541	0
873.15	0	.4609889	.2989604	.2400507	0
872.15	0	.4625604	.2973934	.2400463	0
871.15	0	.4641188	.2958404	.2400408	0
870.15	0	.4656642	.2943016	.2400342	0
869.15	0	.4671964	.292777	.2400266	0
868.15	0	.4687154	.2912666	.240018	0
867.15	0	.4702211	.2897705	.2400084	0
866.15	0	.4717136	.2882886	.2399978	0
865.15	0	.4731927	.286821	.2399863	0
864.15	0	.4746585	.2853678	.2399737	0
863.15	0	.4761109	.2839289	.2399602	0
862.15	0	.47755	.2825043	.2399458	0
861.15	0	.4789756	.281094	.2399304	0
860.15	0	.4803878	.2796981	.2399141	0
859.15	0	.4817865	.2783165	.239897	0
858.15	0	.4831719	.2769492	.2398789	0
857.15	0	.4845438	.2755963	.2398599	0
856.15	0	.4859023	.2742576	.2398401	0
855.15	0	.4872474	.2729332	.2398194	0
854.15	0	.4885791	.271623	.2397979	0
853.15	0	.4898974	.270327	.2397756	0
852.15	0	.4912024	.2690451	.2397525	0
851.15	0	.4924941	.2677774	.2397285	0
850.15	0	.4937725	.2665237	.2397038	0
849.15	0	.4950377	.265284	.2396783	0
848.15	0	.4962896	.2640583	.2396521	0
847.15	0	.4975284	.2628465	.2396251	0
846.15	0	.4987542	.2616485	.2395973	0
845.15	0	.4999668	.2604643	.2395689	0
844.15	0	.5011665	.2592938	.2395397	0
843.15	0	.5023533	.2581369	.2395099	0
842.15	0	.5035272	.2569935	.2394793	0
841.15	0	.5046883	.2558636	.2394481	0
840.15	0	.5058367	.254747	.2394163	0
839.15	0	.5069725	.2536438	.2393838	0
838.15	0	.5080957	.2525537	.2393506	0
837.15	0	.5092065	.2514767	.2393168	0
836.15	0	.5103048	.2504127	.2392825	0
835.15	0	.5113909	.2493616	.2392475	0
834.15	0	.5124647	.2483233	.239212	0
833.15	0	.5135265	.2472977	.2391758	0
832.15	0	.5145762	.2462847	.2391391	0
831.15	0	.515614	.2452841	.2391019	0
830.15	0	.51664	.2442959	.2390641	0
829.15	0	.5176543	.2433199	.2390258	0
828.15	0	.518657	.2423561	.2389869	0
827.15	0	.5196482	.2414042	.2389475	0
826.15	0	.5206281	.2404643	.2389077	0
825.15	0	.5215966	.2395361	.2388673	0
824.15	0	.522554	.2386196	.2388264	0
823.15	0	.5235003	.2377146	.2387851	0
822.15	0	.5244357	.236821	.2387433	0
821.15	0	.5253603	.2359387	.238701	0
820.15	0	.5262741	.2350676	.2386583	0
819.15	0	.5271774	.2342074	.2386152	0
818.15	0	.5280702	.2333582	.2385716	0
817.15	0	.5289527	.2325198	.2385275	0
816.15	0	.5298249	.231692	.2384831	0
815.15	0	.530687	.2308747	.2384382	0
814.15	0	.5315392	.2300679	.238393	0
813.15	0	.5323814	.2292713	.2383473	0
812.15	0	.5332139	.2284848	.2383012	0
811.15	0	.5340368	.2277084	.2382548	0
810.15	0	.5348502	.2269419	.238208	0
809.15	0	.5356541	.2261851	.2381608	0
808.15	0	.5364488	.225438	.2381132	0
807.4079	0	.5370326	.2248897	.2380776	0
807.4079	0	.5370326	.2248897	.2380776	0
807.4079	0	.5370326	.2248897	.2380776	0
807.15	0	.5383368	.2232438	.2376465	7.728161E-04
806.15	0	.5433066	.2169594	.2359938	.00374022
805.15	0	.5481407	.2108269	.2343706	.006661816
804.15	0	.5528434	.2048417	.2327762	.009538705
803.15	0	.5574187	.1989995	.2312099	.01237195
802.15	0	.5618705	.193296	.229671	.01516257
801.15	0	.5662025	.1877271	.2281589	.01791155
800.15	0	.5704184	.1822889	.2266729	.02061985
799.15	0	.5745216	.1769777	.2252123	.02328837
798.15	0	.5785155	.1717899	.2237767	.02591799
797.15	0	.5824032	.1667219	.2223654	.02850958
796.15	0	.5861878	.1617704	.2209778	.03106396
795.15	0	.5898724	.1569322	.2196135	.03358192
794.15	0	.5934597	.1522041	.2182719	.03606424
793.15	0	.5969526	.1475832	.2169525	.03851165
792.15	0	.6003538	.1430666	.2156547	.04092488
791.15	0	.6036658	.1386513	.2143782	.04330464
790.15	0	.6068911	.1343349	.2131225	.04565159
789.15	0	.610032	.1301145	.2118871	.0479664
788.15	0	.6130911	.1259877	.2106716	.0502497
787.15	0	.6160704	.121952	.2094755	.05250212
786.15	0	.6189721	.1180051	.2082985	.05472425
785.15	0	.6217985	.1141447	.2071401	.05691667
784.15	0	.6245514	.1103686	.206	.05907996
783.15	0	.6272329	.1066746	.2048778	.06121467
782.15	0	.6298449	.1030606	.2037731	.06332134
781.15	0	.6323893	.09952469	.2026856	.06540048
780.15	0	.6348678	.0960648	.2016148	.06745261
779.15	0	.6372821	.09267909	.2005605	.06947822
778.15	0	.6396341	.0893657	.1995224	.0714778
777.15	0	.6419253	.08612286	.1985001	.07345182
776.15	0	.6441572	.08294881	.1974932	.07540074
775.15	0	.6463316	.07984188	.1965016	.07732501
774.15	0	.6484497	.07680043	.1955248	.07922507
773.15	0	.6505132	.07382286	.1945626	.08110134
772.15	0	.6525235	.07090763	.1936146	.08295425
771.15	0	.6544818	.06805323	.1926807	.08478421
770.15	0	.6563896	.0652582	.1917606	.08659161
769.15	0	.6582482	.06252111	.1908539	.08837685
768.15	0	.6600588	.05984057	.1899604	.09014031
767.15	0	.6618226	.05721523	.1890798	.09188237
766.15	0	.6635409	.05464378	.1882119	.09360339
765.15	0	.6652149	.05212493	.1873564	.09530374
764.15	0	.6668456	.04965744	.1865132	.09698376
763.15	0	.6684343	.04724008	.1856819	.09864381
762.15	0	.6699818	.04487168	.1848623	.1002842
761.15	0	.6714894	.04255107	.1840542	.1019053
760.15	0	.6729581	.04027714	.1832573	.1035074
759.15	0	.6743888	.03804877	.1824715	.1050909
758.15	0	.6757825	.03586491	.1816966	.106656
757.15	0	.6771402	.0337245	.1809322	.1082031
756.15	0	.6784628	.03162652	.1801783	.1097325
755.15	0	.6797511	.02956998	.1794345	.1112443
754.15	0	.6810062	.02755391	.1787008	.1127391
753.15	0	.6822288	.02557736	.1779768	.114217
752.15	0	.6834198	.02363941	.1772625	.1156783
751.15	0	.6845799	.02173915	.1765576	.1171234
750.15	0	.68571	.01987571	.1758619	.1185524
749.15	0	.6868109	.01804821	.1751753	.1199656
748.15	0	.6878833	.01625583	.1744976	.1213633
747.15	0	.6889279	.01449775	.1738285	.1227458
746.15	0	.6899455	.01277316	.1731681	.1241133
745.15	0	.6909368	.01108128	.1725159	.125466
744.15	0	.6919024	.009421358	.171872	.1268043
743.15	0	.692843	.007792642	.1712361	.1281283
742.15	0	.6937593	.006194407	.170608	.1294383
741.15	0	.6946519	.004625944	.1699877	.1307345
740.15	0	.6955214	.00308656	.169375	.1320171
739.15	0	.6963684	.001575579	.1687696	.1332864
738.15	0	.6971935	9.234197E-05	.1681716	.1345426
738.0871	0	.6972447	0	.1681342	.1346211
738.0871	0	.6972447	0	.1681342	.1346211
737.15	0	.6971343	0	.1679482	.1349175
736.15	0	.697017	0	.1677503	.1352327
735.15	0	.6969003	0	.167553	.1355467
734.15	0	.6967842	0	.1673563	.1358595
733.15	0	.6966686	0	.1671602	.1361712
732.15	0	.6965535	0	.1669647	.1364818
731.15	0	.696439	0	.1667699	.1367912
730.15	0	.696325	0	.1665757	.1370994
729.15	0	.6962115	0	.166382	.1374065
728.15	0	.6960985	0	.166189	.1377125
727.15	0	.6959861	0	.1659966	.1380173
726.15	0	.6958742	0	.1658047	.138321
725.15	0	.6957629	0	.1656135	.1386236
724.15	0	.695652	0	.1654229	.138925
723.15	0	.6955417	0	.1652329	.1392254
722.15	0	.6954319	0	.1650435	.1395246
721.15	0	.6953226	0	.1648548	.1398227
720.15	0	.6952138	0	.1646666	.1401197
719.15	0	.6951055	0	.164479	.1404155
718.15	0	.6949977	0	.164292	.1407103
717.15	0	.6948904	0	.1641057	.1410039
716.15	0	.6947836	0	.1639199	.1412965
715.15	0	.6946773	0	.1637348	.1415879
714.15	0	.6945715	0	.1635502	.1418783
713.15	0	.6944662	0	.1633663	.1421675
712.15	0	.6943614	0	.1631829	.1424557
711.15	0	.6942571	0	.1630002	.1427427
710.15	0	.6941532	0	.1628181	.1430287
709.15	0	.6940499	0	.1626365	.1433136
708.15	0	.693947	0	.1624556	.1435974
707.15	0	.6938446	0	.1622753	.1438801
706.15	0	.6937427	0	.1620955	.1441618
705.15	0	.6936412	0	.1619164	.1444423
704.15	0	.6935403	0	.1617379	.1447218
703.15	0	.6934398	0	.16156	.1450003
702.15	0	.6933397	0	.1613827	.1452776
701.15	0	.6932402	0	.1612059	.1455539
700.15	0	.6931411	0	.1610298	.1458291
699.15	0	.6930424	0	.1608543	.1461033
698.15	0	.6929442	0	.1606794	.1463764
697.15	0	.6928465	0	.1605051	.1466484
696.15	0	.6927493	0	.1603313	.1469194
695.15	0	.6926525	0	.1601582	.1471893
694.15	0	.6925561	0	.1599857	.1474582
693.15	0	.6924602	0	.1598138	.147726
692.15	0	.6923647	0	.1596425	.1479928
691.15	0	.6922697	0	.1594718	.1482585
690.15	0	.6921752	0	.1593016	.1485232
689.15	0	.6920811	0	.1591321	.1487868
688.15	0	.6919874	0	.1589632	.1490494
687.15	0	.6918942	0	.1587949	.149311
686.15	0	.6918014	0	.1586271	.1495715
685.15	0	.691709	0	.15846	.149831
684.15	0	.6916171	0	.1582935	.1500894
683.15	0	.6915256	0	.1581275	.1503469
682.15	0	.6914346	0	.1579622	.1506032
681.15	0	.691344	0	.1577974	.1508586
680.15	0	.6912538	0	.1576333	.1511129
679.15	0	.691164	0	.1574698	.1513662
678.15	0	.6910747	0	.1573068	.1516185
677.15	0	.6909858	0	.1571444	.1518698
676.15	0	.6908973	0	.1569827	.15212
675.15	0	.6908092	0	.1568215	.1523692
674.15	0	.6907216	0	.156661	.1526175
673.15	0	.6906344	0	.156501	.1528646
672.15	0	.6905476	0	.1563416	.1531108
671.15	0	.6904612	0	.1561828	.153356
670.15	0	.6903752	0	.1560246	.1536001
669.15	0	.6902897	0	.1558671	.1538433
668.15	0	.6902045	0	.1557101	.1540854
667.15	0	.6901198	0	.1555537	.1543266
666.15	0	.6900355	0	.1553979	.1545667
665.15	0	.6899515	0	.1552427	.1548058
664.15	0	.689868	0	.155088	.1550439
663.15	0	.6897849	0	.154934	.1552811
662.15	0	.6897022	0	.1547806	.1555172
661.15	0	.6896199	0	.1546277	.1557523
660.15	0	.6895381	0	.1544755	.1559864
659.15	0	.6894566	0	.1543239	.1562196
658.15	0	.6893755	0	.1541728	.1564517
657.15	0	.6892948	0	.1540223	.1566829
656.15	0	.6892145	0	.1538725	.1569131
655.15	0	.6891346	0	.1537232	.1571423
654.15	0	.6890551	0	.1535745	.1573704
653.15	0	.6889759	0	.1534264	.1575977
652.15	0	.6888972	0	.1532789	.1578239
651.15	0	.6888189	0	.153132	.1580491
650.15	0	.6887409	0	.1529857	.1582734
649.15	0	.6886634	0	.1528399	.1584967
648.15	0	.6885862	0	.1526948	.158719
647.15	0	.6885094	0	.1525503	.1589403
646.15	0	.688433	0	.1524063	.1591607
645.15	0	.688357	0	.1522629	.1593801
644.15	0	.6882814	0	.1521202	.1595985
643.15	0	.6882061	0	.151978	.1598159
642.15	0	.6881312	0	.1518364	.1600324
641.15	0	.6880567	0	.1516954	.1602479
640.15	0	.6879826	0	.151555	.1604624
639.15	0	.6879089	0	.1514151	.160676
638.15	0	.6878355	0	.1512759	.1608886
637.15	0	.6877625	0	.1511372	.1611003
636.15	0	.6876899	0	.1509992	.1613109
635.15	0	.6876176	0	.1508617	.1615207
634.15	0	.6875458	0	.1507248	.1617294
633.15	0	.6874743	0	.1505885	.1619372
632.15	0	.6874031	0	.1504528	.1621441
631.15	0	.6873324	0	.1503176	.16235
630.15	0	.687262	0	.1501831	.1625549
629.15	0	.6871919	0	.1500491	.1627589
628.15	0	.6871223	0	.1499158	.162962
627.15	0	.687053	0	.149783	.163164
626.15	0	.686984	0	.1496508	.1633652
625.15	0	.6869154	0	.1495192	.1635654
624.15	0	.6868472	0	.1493882	.1637646
623.15	0	.6867794	0	.1492577	.1639629
622.15	0	.6867119	0	.1491278	.1641603
621.15	0	.6866447	0	.1489986	.1643567
620.15	0	.6865779	0	.1488698	.1645522
619.15	0	.6865115	0	.1487417	.1647468
618.15	0	.6864454	0	.1486142	.1649404
617.15	0	.6863797	0	.1484873	.1651331
616.15	0	.6863143	0	.1483609	.1653248
615.15	0	.6862493	0	.1482351	.1655156
614.15	0	.6861847	0	.1481099	.1657055
613.15	0	.6861203	0	.1479853	.1658944
612.15	0	.6860564	0	.1478612	.1660824
611.15	0	.6859928	0	.1477377	.1662695
610.15	0	.6859295	0	.1476148	.1664557
609.15	0	.6858666	0	.1474925	.1666409
608.15	0	.685804	0	.1473708	.1668252
607.15	0	.6857417	0	.1472496	.1670086
606.15	0	.6856799	0	.1471291	.1671911
605.15	0	.6856183	0	.1470091	.1673727
604.15	0	.6855571	0	.1468896	.1675533
603.15	0	.6854962	0	.1467708	.167733
602.15	0	.6854357	0	.1466525	.1679118
601.15	0	.6853755	0	.1465348	.1680897
600.15	0	.6853157	0	.1464177	.1682667
599.15	0	.6852561	0	.1463011	.1684428
598.15	0	.685197	0	.1461851	.1686179
597.15	0	.6851381	0	.1460697	.1687922
596.15	0	.6850796	0	.1459549	.1689655
595.15	0	.6850214	0	.1458406	.169138
594.15	0	.6849636	0	.1457269	.1693095
593.15	0	.6849061	0	.1456138	.1694802
592.15	0	.6848489	0	.1455012	.1696499
591.15	0	.684792	0	.1453892	.1698187
590.15	0	.6847355	0	.1452778	.1699867
589.15	0	.6846793	0	.145167	.1701537
588.15	0	.6846234	0	.1450567	.1703199
587.15	0	.6845679	0	.144947	.1704852
586.15	0	.6845127	0	.1448378	.1706495
585.15	0	.6844577	0	.1447292	.170813
584.15	0	.6844032	0	.1446212	.1709756
583.15	0	.6843489	0	.1445137	.1711374
582.15	0	.684295	0	.1444068	.1712982
581.15	0	.6842414	0	.1443005	.1714581
580.15	0	.6841881	0	.1441947	.1716172
579.15	0	.6841351	0	.1440895	.1717754
578.15	0	.6840825	0	.1439849	.1719327
577.15	0	.6840301	0	.1438808	.1720891
576.15	0	.6839781	0	.1437772	.1722447
575.15	0	.6839264	0	.1436742	.1723994
574.15	0	.683875	0	.1435718	.1725532
573.15	0	.6838239	0	.1434699	.1727062
572.15	0	.6837731	0	.1433686	.1728582
571.15	0	.6837227	0	.1432679	.1730095
570.15	0	.6836725	0	.1431677	.1731598
569.15	0	.6836227	0	.143068	.1733093
568.15	0	.6835731	0	.1429689	.1734579
567.15	0	.6835239	0	.1428704	.1736057
566.15	0	.683475	0	.1427724	.1737526
565.15	0	.6834264	0	.1426749	.1738987
564.15	0	.6833781	0	.142578	.1740439
563.15	0	.6833301	0	.1424817	.1741883
562.15	0	.6832824	0	.1423859	.1743318
561.15	0	.683235	0	.1422906	.1744745
560.15	0	.6831879	0	.1421959	.1746163
559.15	0	.6831411	0	.1421017	.1747573
558.15	0	.6830946	0	.1420081	.1748974
557.15	0	.6830484	0	.141915	.1750367
556.15	0	.6830025	0	.1418224	.1751751
555.15	0	.6829569	0	.1417304	.1753128
554.15	0	.6829115	0	.1416389	.1754496
553.15	0	.6828665	0	.141548	.1755855
552.15	0	.6828218	0	.1414576	.1757206
551.15	0	.6827774	0	.1413677	.1758549
550.15	0	.6827332	0	.1412784	.1759884
549.15	0	.6826893	0	.1411896	.1761211
548.15	0	.6826458	0	.1411013	.1762529
547.15	0	.6826025	0	.1410136	.1763839
546.15	0	.6825595	0	.1409264	.1765141
545.15	0	.6825168	0	.1408397	.1766435
544.15	0	.6824744	0	.1407535	.1767721
543.15	0	.6824323	0	.1406679	.1768998
542.15	0	.6823904	0	.1405828	.1770268
541.15	0	.6823489	0	.1404982	.1771529
540.15	0	.6823076	0	.1404141	.1772783
539.15	0	.6822666	0	.1403306	.1774028
538.15	0	.6822259	0	.1402476	.1775265
537.15	0	.6821854	0	.1401651	.1776495
536.15	0	.6821453	0	.1400831	.1777716
535.15	0	.6821054	0	.1400016	.177893
534.15	0	.6820658	0	.1399207	.1780136
533.15	0	.6820265	0	.1398402	.1781333
532.15	0	.6819874	0	.1397603	.1782523
531.15	0	.6819486	0	.1396809	.1783705
530.15	0	.6819101	0	.139602	.178488
529.15	0	.6818718	0	.1395236	.1786046
528.15	0	.6818339	0	.1394457	.1787205
527.15	0	.6817962	0	.1393683	.1788356
526.15	0	.6817587	0	.1392914	.1789499
525.15	0	.6817216	0	.139215	.1790635
524.15	0	.6816847	0	.1391391	.1791763
523.15	0	.681648	0	.1390637	.1792883
522.15	0	.6816116	0	.1389888	.1793995
521.15	0	.6815755	0	.1389144	.1795101
520.15	0	.6815397	0	.1388405	.1796198
519.15	0	.6815041	0	.1387671	.1797288
518.15	0	.6814688	0	.1386942	.179837
517.15	0	.6814337	0	.1386218	.1799446
516.15	0	.6813989	0	.1385498	.1800513
515.15	0	.6813643	0	.1384784	.1801573
514.15	0	.68133	0	.1384074	.1802626
513.15	0	.681296	0	.1383369	.1803671
512.15	0	.6812622	0	.1382669	.1804709
511.15	0	.6812286	0	.1381974	.180574
510.15	0	.6811954	0	.1381283	.1806763
509.15	0	.6811623	0	.1380598	.1807779
508.15	0	.6811295	0	.1379917	.1808788
507.15	0	.681097	0	.1379241	.1809789
506.15	0	.6810647	0	.1378569	.1810784
505.15	0	.6810327	0	.1377902	.1811771
504.15	0	.6810009	0	.137724	.1812751
503.15	0	.6809693	0	.1376583	.1813724
502.15	0	.680938	0	.137593	.181469
501.15	0	.6809069	0	.1375282	.1815649
500.15	0	.6808761	0	.1374638	.1816601
499.15	0	.6808455	0	.1373999	.1817546
498.15	0	.6808152	0	.1373365	.1818484
497.15	0	.6807851	0	.1372735	.1819414
496.15	0	.6807552	0	.137211	.1820339
495.15	0	.6807255	0	.1371489	.1821256
494.15	0	.6806961	0	.1370873	.1822166
493.15	0	.680667	0	.1370261	.1823069
492.15	0	.680638	0	.1369654	.1823966
491.15	0	.6806093	0	.1369051	.1824856
490.15	0	.6805808	0	.1368452	.182574
489.15	0	.6805526	0	.1367858	.1826616
488.15	0	.6805246	0	.1367269	.1827486
487.15	0	.6804968	0	.1366683	.1828349
486.15	0	.6804692	0	.1366102	.1829206
485.15	0	.6804418	0	.1365526	.1830056
484.15	0	.6804147	0	.1364953	.18309
483.15	0	.6803878	0	.1364385	.1831736
482.15	0	.6803611	0	.1363822	.1832567
481.15	0	.6803347	0	.1363262	.1833391
480.15	0	.6803084	0	.1362707	.1834209
479.15	0	.6802824	0	.1362156	.183502
478.15	0	.6802566	0	.1361609	.1835825
477.15	0	.680231	0	.1361066	.1836624
476.15	0	.6802056	0	.1360528	.1837416
475.15	0	.6801805	0	.1359993	.1838202
474.15	0	.6801555	0	.1359463	.1838982
473.15	0	.6801308	0	.1358937	.1839756
472.15	0	.6801062	0	.1358414	.1840523
471.15	0	.6800819	0	.1357896	.1841285
470.15	0	.6800578	0	.1357382	.184204
469.15	0	.6800339	0	.1356872	.1842789
468.15	0	.6800102	0	.1356366	.1843533
467.15	0	.6799867	0	.1355863	.184427
466.15	0	.6799634	0	.1355365	.1845001
465.15	0	.6799403	0	.1354871	.1845727
464.15	0	.6799174	0	.135438	.1846446
463.15	0	.6798947	0	.1353894	.184716
462.15	0	.6798722	0	.1353411	.1847868
461.15	0	.6798498	0	.1352932	.184857
460.15	0	.6798277	0	.1352457	.1849266
459.15	0	.6798058	0	.1351986	.1849957
458.15	0	.6797841	0	.1351518	.1850641
457.15	0	.6797625	0	.1351054	.1851321
456.15	0	.6797412	0	.1350594	.1851994
