T	 BPW(LIQUID)	BPW(BCC_A2)	BPW(FCC_A1)	BPW(LAVES_PHASE_C14)	BPW(NI3TI)
1473.15	0	1	0	0	0
1472.15	0	1	0	0	0
1471.15	0	1	0	0	0
1470.15	0	1	0	0	0
1469.15	0	1	0	0	0
1468.15	0	1	0	0	0
1467.15	0	1	0	0	0
1466.15	0	1	0	0	0
1465.15	0	1	0	0	0
1464.15	0	1	0	0	0
1463.15	0	1	0	0	0
1462.15	0	1	0	0	0
1461.15	0	1	0	0	0
1460.15	0	1	0	0	0
1459.15	0	1	0	0	0
1458.15	0	1	0	0	0
1457.15	0	1	0	0	0
1456.15	0	1	0	0	0
1455.15	0	1	0	0	0
1454.15	0	1	0	0	0
1453.15	0	1	0	0	0
1452.15	0	1	0	0	0
1451.15	0	1	0	0	0
1450.15	0	1	0	0	0
1449.15	0	1	0	0	0
1448.15	0	1	0	0	0
1447.15	0	1	0	0	0
1446.15	0	1	0	0	0
1445.15	0	1	0	0	0
1444.15	0	1	0	0	0
1443.15	0	1	0	0	0
1442.15	0	1	0	0	0
1441.15	0	1	0	0	0
1440.15	0	1	0	0	0
1439.15	0	1	0	0	0
1438.15	0	1	0	0	0
1437.15	0	1	0	0	0
1436.15	0	1	0	0	0
1435.15	0	1	0	0	0
1434.15	0	1	0	0	0
1433.15	0	1	0	0	0
1432.15	0	1	0	0	0
1431.15	0	1	0	0	0
1430.15	0	1	0	0	0
1429.15	0	1	0	0	0
1428.15	0	1	0	0	0
1427.15	0	1	0	0	0
1426.15	0	1	0	0	0
1425.15	0	1	0	0	0
1424.15	0	1	0	0	0
1423.15	0	1	0	0	0
1422.15	0	1	0	0	0
1421.15	0	1	0	0	0
1420.15	0	1	0	0	0
1419.15	0	1	0	0	0
1418.15	0	1	0	0	0
1417.15	0	1	0	0	0
1416.15	0	1	0	0	0
1415.15	0	1	0	0	0
1414.15	0	1	0	0	0
1413.15	0	1	0	0	0
1412.15	0	1	0	0	0
1411.15	0	1	0	0	0
1410.15	0	1	0	0	0
1409.15	0	1	0	0	0
1408.15	0	1	0	0	0
1407.15	0	1	0	0	0
1406.15	0	1	0	0	0
1405.15	0	1	0	0	0
1404.15	0	1	0	0	0
1403.15	0	1	0	0	0
1402.15	0	1	0	0	0
1401.15	0	1	0	0	0
1400.15	0	1	0	0	0
1399.15	0	1	0	0	0
1398.15	0	1	0	0	0
1397.15	0	1	0	0	0
1396.15	0	1	0	0	0
1395.15	0	1	0	0	0
1394.15	0	1	0	0	0
1393.15	0	1	0	0	0
1392.15	0	1	0	0	0
1391.15	0	1	0	0	0
1390.15	0	1	0	0	0
1389.15	0	1	0	0	0
1388.15	0	1	0	0	0
1387.15	0	1	0	0	0
1386.15	0	1	0	0	0
1385.15	0	1	0	0	0
1384.15	0	1	0	0	0
1383.15	0	1	0	0	0
1382.15	0	1	0	0	0
1381.15	0	1	0	0	0
1380.15	0	1	0	0	0
1379.15	0	1	0	0	0
1378.15	0	1	0	0	0
1377.15	0	1	0	0	0
1376.15	0	1	0	0	0
1375.15	0	1	0	0	0
1374.15	0	1	0	0	0
1373.15	0	1	0	0	0
1372.15	0	1	0	0	0
1371.15	0	1	0	0	0
1370.15	0	1	0	0	0
1369.15	0	1	0	0	0
1368.15	0	1	0	0	0
1367.15	0	1	0	0	0
1366.15	0	1	0	0	0
1365.15	0	1	0	0	0
1364.15	0	1	0	0	0
1363.15	0	1	0	0	0
1362.15	0	1	0	0	0
1361.15	0	1	0	0	0
1360.15	0	1	0	0	0
1359.15	0	1	0	0	0
1358.15	0	1	0	0	0
1357.15	0	1	0	0	0
1356.15	0	1	0	0	0
1355.15	0	1	0	0	0
1354.15	0	1	0	0	0
1353.15	0	1	0	0	0
1352.15	0	1	0	0	0
1351.15	0	1	0	0	0
1350.15	0	1	0	0	0
1349.15	0	1	0	0	0
1348.15	0	1	0	0	0
1347.15	0	1	0	0	0
1346.15	0	1	0	0	0
1345.15	0	1	0	0	0
1344.15	0	1	0	0	0
1343.15	0	1	0	0	0
1342.15	0	1	0	0	0
1341.15	0	1	0	0	0
1340.15	0	1	0	0	0
1339.15	0	1	0	0	0
1338.15	0	1	0	0	0
1337.15	0	1	0	0	0
1336.15	0	1	0	0	0
1335.15	0	1	0	0	0
1334.15	0	1	0	0	0
1333.15	0	1	0	0	0
1332.15	0	1	0	0	0
1331.15	0	1	0	0	0
1330.15	0	1	0	0	0
1329.15	0	1	0	0	0
1328.15	0	1	0	0	0
1327.15	0	1	0	0	0
1326.15	0	1	0	0	0
1325.15	0	1	0	0	0
1324.15	0	1	0	0	0
1323.15	0	1	0	0	0
1322.15	0	1	0	0	0
1321.15	0	1	0	0	0
1320.15	0	1	0	0	0
1319.15	0	1	0	0	0
1318.15	0	1	0	0	0
1317.15	0	1	0	0	0
1316.15	0	1	0	0	0
1315.15	0	1	0	0	0
1314.15	0	1	0	0	0
1313.15	0	1	0	0	0
1312.15	0	1	0	0	0
1311.15	0	1	0	0	0
1310.15	0	1	0	0	0
1309.15	0	1	0	0	0
1308.15	0	1	0	0	0
1307.15	0	1	0	0	0
1306.15	0	1	0	0	0
1305.15	0	1	0	0	0
1304.15	0	1	0	0	0
1303.15	0	1	0	0	0
1302.15	0	1	0	0	0
1301.15	0	1	0	0	0
1300.15	0	1	0	0	0
1299.15	0	1	0	0	0
1298.15	0	1	0	0	0
1297.15	0	1	0	0	0
1296.15	0	1	0	0	0
1295.15	0	1	0	0	0
1294.15	0	1	0	0	0
1293.15	0	1	0	0	0
1292.15	0	1	0	0	0
1291.15	0	1	0	0	0
1290.15	0	1	0	0	0
1289.15	0	1	0	0	0
1288.15	0	1	0	0	0
1287.15	0	1	0	0	0
1286.15	0	1	0	0	0
1285.15	0	1	0	0	0
1284.15	0	1	0	0	0
1283.15	0	1	0	0	0
1282.15	0	1	0	0	0
1281.15	0	1	0	0	0
1280.15	0	1	0	0	0
1279.15	0	1	0	0	0
1278.15	0	1	0	0	0
1277.15	0	1	0	0	0
1276.15	0	1	0	0	0
1275.15	0	1	0	0	0
1274.15	0	1	0	0	0
1273.15	0	1	0	0	0
1272.15	0	1	0	0	0
1271.15	0	1	0	0	0
1270.15	0	1	0	0	0
1269.15	0	1	0	0	0
1268.15	0	1	0	0	0
1267.15	0	1	0	0	0
1266.15	0	1	0	0	0
1265.15	0	1	0	0	0
1264.15	0	1	0	0	0
1263.15	0	1	0	0	0
1262.15	0	1	0	0	0
1261.15	0	1	0	0	0
1260.15	0	1	0	0	0
1259.15	0	1	0	0	0
1258.15	0	1	0	0	0
1257.15	0	1	0	0	0
1256.15	0	1	0	0	0
1255.15	0	1	0	0	0
1254.15	0	1	0	0	0
1253.15	0	1	0	0	0
1252.15	0	1	0	0	0
1251.15	0	1	0	0	0
1250.15	0	1	0	0	0
1249.15	0	1	0	0	0
1248.15	0	1	0	0	0
1247.15	0	1	0	0	0
1246.15	0	1	0	0	0
1245.15	0	1	0	0	0
1244.15	0	1	0	0	0
1243.15	0	1	0	0	0
1242.15	0	1	0	0	0
1241.15	0	1	0	0	0
1240.15	0	1	0	0	0
1239.15	0	1	0	0	0
1238.15	0	1	0	0	0
1237.15	0	1	0	0	0
1236.15	0	1	0	0	0
1235.15	0	1	0	0	0
1234.15	0	1	0	0	0
1233.15	0	1	0	0	0
1232.15	0	1	0	0	0
1231.15	0	1	0	0	0
1230.15	0	1	0	0	0
1229.15	0	1	0	0	0
1228.15	0	1	0	0	0
1227.15	0	1	0	0	0
1226.15	0	1	0	0	0
1225.15	0	1	0	0	0
1224.15	0	1	0	0	0
1223.15	0	1	0	0	0
1222.15	0	1	0	0	0
1221.15	0	1	0	0	0
1220.15	0	1	0	0	0
1219.15	0	1	0	0	0
1218.15	0	1	0	0	0
1217.15	0	1	0	0	0
1216.15	0	1	0	0	0
1215.15	0	1	0	0	0
1214.15	0	1	0	0	0
1213.15	0	1	0	0	0
1212.15	0	1	0	0	0
1211.15	0	1	0	0	0
1210.15	0	1	0	0	0
1209.15	0	1	0	0	0
1208.15	0	1	0	0	0
1207.15	0	1	0	0	0
1206.15	0	1	0	0	0
1205.15	0	1	0	0	0
1204.15	0	1	0	0	0
1203.15	0	1	0	0	0
1202.15	0	1	0	0	0
1201.15	0	1	0	0	0
1200.15	0	1	0	0	0
1199.15	0	1	0	0	0
1198.15	0	1	0	0	0
1197.15	0	1	0	0	0
1196.15	0	1	0	0	0
1195.15	0	1	0	0	0
1194.15	0	1	0	0	0
1193.15	0	1	0	0	0
1192.15	0	1	0	0	0
1191.15	0	1	0	0	0
1190.15	0	1	0	0	0
1189.15	0	1	0	0	0
1188.15	0	1	0	0	0
1187.15	0	1	0	0	0
1186.15	0	1	0	0	0
1185.15	0	1	0	0	0
1184.15	0	1	0	0	0
1183.15	0	1	0	0	0
1182.15	0	1	0	0	0
1181.15	0	1	0	0	0
1180.15	0	1	0	0	0
1179.15	0	1	0	0	0
1178.15	0	1	0	0	0
1177.15	0	1	0	0	0
1176.15	0	1	0	0	0
1175.15	0	1	0	0	0
1174.15	0	1	0	0	0
1173.15	0	1	0	0	0
1172.15	0	1	0	0	0
1171.15	0	1	0	0	0
1170.15	0	1	0	0	0
1169.15	0	1	0	0	0
1168.15	0	1	0	0	0
1167.15	0	1	0	0	0
1166.15	0	1	0	0	0
1165.15	0	1	0	0	0
1164.15	0	1	0	0	0
1163.15	0	1	0	0	0
1162.15	0	1	0	0	0
1161.15	0	1	0	0	0
1160.15	0	1	0	0	0
1159.15	0	1	0	0	0
1158.995	0	1	0	0	0
1158.995	0	1	0	0	0
1158.995	0	1	0	0	0
1158.15	0	.9995749	0	4.251187E-04	0
1157.15	0	.9990729	0	9.271392E-04	0
1156.15	0	.9985719	0	.001428131	0
1155.15	0	.9980719	0	.001928095	0
1154.15	0	.9975729	0	.002427058	0
1153.15	0	.997075	0	.002924976	0
1152.15	0	.9965781	0	.003421873	0
1151.15	0	.9960823	0	.003917753	0
1150.15	0	.9955874	0	.004412616	0
1149.15	0	.9950935	0	.004906466	0
1148.15	0	.9946007	0	.005399305	0
1147.15	0	.9941089	0	.005891134	0
1146.15	0	.993618	0	.006381956	0
1145.15	0	.9931282	0	.006871773	0
1144.15	0	.9926394	0	.007360587	0
1143.15	0	.9921516	0	.007848401	0
1142.15	0	.9916648	0	.008335215	0
1141.15	0	.991179	0	.008821034	0
1140.15	0	.9906941	0	.009305857	0
1139.15	0	.9902103	0	.009789689	0
1138.15	0	.9897275	0	.01027253	0
1137.15	0	.9892456	0	.01075438	0
1136.15	0	.9887648	0	.01123525	0
1135.15	0	.9882849	0	.01171513	0
1134.15	0	.987806	0	.01219403	0
1133.15	0	.9873281	0	.01267195	0
1132.15	0	.9868511	0	.01314889	0
1131.15	0	.9863751	0	.01362486	0
1130.15	0	.9859001	0	.01409985	0
1129.15	0	.9854261	0	.01457387	0
1128.15	0	.9849531	0	.01504692	0
1127.15	0	.984481	0	.015519	0
1126.15	0	.9840099	0	.01599011	0
1125.15	0	.9835397	0	.01646026	0
1124.15	0	.9830706	0	.01692945	0
1123.15	0	.9826023	0	.01739768	0
1122.15	0	.9821351	0	.01786495	0
1121.15	0	.9816687	0	.01833126	0
1120.15	0	.9812034	0	.01879662	0
1119.15	0	.980739	0	.01926102	0
1118.15	0	.9802755	0	.01972448	0
1117.15	0	.979813	0	.02018698	0
1116.15	0	.9793515	0	.02064854	0
1115.15	0	.9788908	0	.02110915	0
1114.15	0	.9784312	0	.02156882	0
1113.15	0	.9779725	0	.02202755	0
1112.15	0	.9775147	0	.02248533	0
1111.15	0	.9770578	0	.02294218	0
1110.15	0	.9766019	0	.0233981	0
1109.15	0	.9761469	0	.02385307	0
1108.15	0	.9756929	0	.02430712	0
1107.15	0	.9752398	0	.02476024	0
1106.292	0	.9748518	0	.02514816	0
1106.292	0	.9748518	0	.02514816	0
1106.292	0	.9748518	0	.02514816	0
1106.15	0	.9746741	1.196184E-04	.02520632	0
1105.15	0	.9734262	9.591811E-04	.02561461	0
1104.15	0	.9721818	.001796359	.02602185	0
1103.15	0	.9709408	.002631154	.02642805	0
1102.15	0	.9697032	.003463568	.02683321	0
1101.15	0	.9684691	.004293602	.02723733	0
1100.15	0	.9672383	.005121257	.02764042	0
1099.15	0	.966011	.005946536	.02804247	0
1098.15	0	.9647871	.00676944	.02844349	0
1097.15	0	.9635666	.007589969	.02884348	0
1096.15	0	.9623494	.008408127	.02924244	0
1095.15	0	.9611357	.009223913	.02964037	0
1094.15	0	.9599254	.01003733	.03003728	0
1093.15	0	.9587184	.01084838	.03043317	0
1092.15	0	.9575149	.01165706	.03082804	0
1091.15	0	.9563147	.01246338	.03122189	0
1090.15	0	.9551179	.01326733	.03161473	0
1089.15	0	.9539245	.01406892	.03200655	0
1088.15	0	.9527345	.01486815	.03239735	0
1087.15	0	.9515478	.01566502	.03278715	0
1086.15	0	.9503645	.01645953	.03317594	0
1085.15	0	.9491846	.01725168	.03356372	0
1084.15	0	.948008	.01804148	.03395049	0
1083.15	0	.9468348	.01882892	.03433626	0
1082.15	0	.945665	.01961401	.03472103	0
1081.15	0	.9444985	.02039675	.0351048	0
1080.15	0	.9433353	.02117713	.03548757	0
1079.15	0	.9421755	.02195516	.03586935	0
1078.15	0	.941019	.02273085	.03625013	0
1077.15	0	.9398659	.02350419	.03662991	0
1076.15	0	.9387161	.02427518	.0370087	0
1075.15	0	.9375697	.02504382	.0373865	0
1074.15	0	.9364266	.02581012	.03776331	0
1073.15	0	.9352868	.02657408	.03813914	0
1072.15	0	.9341503	.02733569	.03851398	0
1071.15	0	.9330172	.02809497	.03888783	0
1070.15	0	.9318874	.0288519	.0392607	0
1069.15	0	.9307609	.0296065	.03963259	0
1068.15	0	.9296377	.03035876	.0400035	0
1067.15	0	.9285179	.03110868	.04037343	0
1066.15	0	.9274014	.03185626	.04074238	0
1065.15	0	.9262881	.03260151	.04111036	0
1064.15	0	.9251782	.03334443	.04147735	0
1063.15	0	.9240716	.03408501	.04184338	0
1062.15	0	.9229683	.03482326	.04220844	0
1061.15	0	.9218683	.03555919	.04257252	0
1060.15	0	.9207716	.03629278	.04293563	0
1059.15	0	.9196782	.03702404	.04329777	0
1058.15	0	.9185881	.03775298	.04365894	0
1057.15	0	.9175013	.03847959	.04401915	0
1056.15	0	.9164177	.03920388	.04437839	0
1055.15	0	.9153375	.03992584	.04473667	0
1054.15	0	.9142605	.04064548	.04509398	0
1053.15	0	.9131869	.04136279	.04545034	0
1052.15	0	.9121165	.04207779	.04580572	0
1051.15	0	.9110494	.04279046	.04616015	0
1050.15	0	.9099856	.04350082	.04651362	0
1049.15	0	.908925	.04420886	.04686613	0
1048.15	0	.9078677	.04491458	.04721768	0
1047.15	0	.9068137	.04561799	.04756827	0
1046.15	0	.905763	.04631908	.04791791	0
1045.15	0	.9047156	.04701786	.04826659	0
1044.15	0	.9036713	.04771433	.04861432	0
1043.15	0	.9026304	.04840848	.04896109	0
1042.15	0	.9015928	.04910033	.04930691	0
1041.15	0	.9005584	.04978987	.04965178	0
1040.15	0	.8995272	.0504771	.04999569	0
1039.15	0	.8984993	.05116202	.05033865	0
1038.15	0	.8974747	.05184464	.05068066	0
1037.15	0	.8964533	.05252496	.05102172	0
1036.15	0	.8954352	.05320297	.05136183	0
1035.15	0	.8944203	.05387868	.05170099	0
1034.15	0	.8934087	.0545521	.0520392	0
1033.15	0	.8924003	.05522321	.05237647	0
1032.15	0	.8913952	.05589203	.05271278	0
1031.15	0	.8903933	.05655855	.05304815	0
1030.15	0	.8893947	.05722278	.05338256	0
1029.15	0	.8883992	.05788472	.05371604	0
1028.15	0	.8874071	.05854436	.05404856	0
1027.15	0	.8864181	.05920172	.05438014	0
1026.15	0	.8854324	.05985679	.05471077	0
1025.15	0	.88445	.06050957	.05504045	0
1024.15	0	.8834707	.06116007	.05536919	0
1023.15	0	.8824947	.06180828	.05569698	0
1022.15	0	.8815219	.06245422	.05602383	0
1021.15	0	.8805524	.06309787	.05634973	0
1020.15	0	.8795861	.06373925	.05667468	0
1019.15	0	.878623	.06437835	.05699869	0
1018.15	0	.8776631	.06501519	.05732175	0
1017.15	0	.8767064	.06564974	.05764386	0
1016.15	0	.8757529	.06628203	.05796503	0
1015.15	0	.8748027	.06691205	.05828525	0
1014.15	0	.8738557	.06753981	.05860452	0
1013.15	0	.8729118	.06816531	.05892285	0
1012.15	0	.8719712	.06878854	.05924023	0
1011.15	0	.8710338	.06940952	.05955666	0
1010.15	0	.8700996	.07002824	.05987214	0
1009.15	0	.8691686	.07064471	.06018667	0
1008.15	0	.8682408	.07125893	.06050026	0
1007.15	0	.8673162	.0718709	.06081289	0
1006.15	0	.8663948	.07248063	.06112457	0
1005.15	0	.8654766	.07308812	.06143531	0
1004.15	0	.8645616	.07369336	.06174509	0
1003.15	0	.8636497	.07429637	.06205392	0
1002.15	0	.8627411	.07489715	.06236179	0
1001.15	0	.8618356	.0754957	.06266871	0
1000.15	0	.8609333	.07609203	.06297468	0
999.15	0	.8600342	.07668613	.06327969	0
998.15	0	.8591382	.07727801	.06358375	0
997.15	0	.8582455	.07786767	.06388684	0
996.15	0	.8573559	.07845513	.06418898	0
995.15	0	.8564695	.07904038	.06449016	0
994.15	0	.8555862	.07962342	.06479038	0
993.15	0	.8547061	.08020426	.06508964	0
992.15	0	.8538292	.08078291	.06538794	0
991.15	0	.8529554	.08135937	.06568527	0
990.15	0	.8520847	.08193364	.06598163	0
989.15	0	.8512172	.08250573	.06627703	0
988.15	0	.8503529	.08307564	.06657146	0
987.15	0	.8494917	.08364337	.06686493	0
986.15	0	.8486336	.08420894	.06715742	0
985.15	0	.8477787	.08477235	.06744894	0
984.15	0	.8469269	.08533361	.06773948	0
983.15	0	.8460783	.0858927	.06802905	0
982.15	0	.8452327	.08644966	.06831764	0
981.15	0	.8443903	.08700447	.06860525	0
980.15	0	.843551	.08755716	.06889188	0
979.15	0	.8427148	.08810771	.06917753	0
978.15	0	.8418817	.08865614	.0694622	0
977.15	0	.8410517	.08920246	.06974587	0
976.15	0	.8402248	.08974667	.07002856	0
975.15	0	.839401	.09028878	.07031026	0
974.15	0	.8385802	.0908288	.07059096	0
973.15	0	.8377626	.09136673	.07087067	0
972.15	0	.836948	.09190258	.07114938	0
971.15	0	.8361365	.09243636	.07142709	0
970.15	0	.8353281	.09296807	.0717038	0
969.15	0	.8345228	.09349773	.0719795	0
968.15	0	.8337205	.09402535	.0722542	0
967.15	0	.8329212	.09455093	.07252788	0
966.15	0	.832125	.09507448	.07280056	0
965.15	0	.8313318	.09559601	.07307221	0
964.15	0	.8305416	.09611553	.07334285	0
963.15	0	.8297545	.09663306	.07361247	0
962.15	0	.8289704	.09714859	.07388106	0
961.15	0	.8281892	.09766214	.07414862	0
960.15	0	.8274111	.09817373	.07441516	0
959.15	0	.826636	.09868335	.07468066	0
958.15	0	.8258638	.09919103	.07494512	0
957.15	0	.8250947	.09969678	.07520855	0
956.15	0	.8243285	.1002006	.07547093	0
955.15	0	.8235652	.1007025	.07573226	0
954.15	0	.8228049	.1012025	.07599254	0
953.15	0	.8220476	.1017007	.07625176	0
952.15	0	.8212932	.1021969	.07650993	0
951.15	0	.8205417	.1026913	.07676704	0
950.15	0	.8197931	.1031839	.07702308	0
949.15	0	.8190474	.1036746	.07727805	0
948.15	0	.8183046	.1041635	.07753194	0
947.15	0	.8175646	.1046506	.07778475	0
946.15	0	.8168276	.1051359	.07803649	0
945.15	0	.8160934	.1056195	.07828713	0
944.15	0	.815362	.1061013	.07853669	0
943.15	0	.8146335	.1065814	.07878514	0
942.15	0	.8139078	.1070597	.0790325	0
941.15	0	.8131849	.1075364	.07927875	0
940.15	0	.8124648	.1080114	.07952389	0
939.15	0	.8117474	.1084847	.07976791	0
938.15	0	.8110329	.1089563	.08001081	0
937.15	0	.810321	.1094264	.08025258	0
936.15	0	.809612	.1098948	.08049323	0
935.15	0	.8089056	.1103617	.08073273	0
934.15	0	.8082019	.110827	.0809711	0
933.15	0	.807501	.1112907	.08120831	0
932.15	0	.8068027	.111753	.08144437	0
931.15	0	.806107	.1122137	.08167927	0
930.15	0	.805414	.112673	.08191301	0
929.15	0	.8047236	.1131309	.08214557	0
928.15	0	.8040358	.1135873	.08237695	0
927.15	0	.8033506	.1140423	.08260715	0
926.15	0	.8026679	.114496	.08283615	0
925.15	0	.8019878	.1149483	.08306396	0
924.15	0	.8013102	.1153993	.08329056	0
923.15	0	.8006351	.115849	.08351595	0
922.15	0	.7999624	.1162975	.08374012	0
921.15	0	.7992922	.1167447	.08396307	0
920.15	0	.7986245	.1171908	.08418478	0
919.15	0	.7979591	.1176356	.08440525	0
918.15	0	.7972962	.1180794	.08462447	0
917.15	0	.7966355	.118522	.08484243	0
916.15	0	.7959772	.1189636	.08505912	0
915.15	0	.7953213	.1194042	.08527454	0
914.15	0	.7946676	.1198438	.08548868	0
913.15	0	.7940161	.1202824	.08570153	0
912.15	0	.7933668	.1207201	.08591308	0
911.15	0	.7927198	.1211569	.08612333	0
910.15	0	.7920749	.1215929	.08633225	0
909.15	0	.7914321	.122028	.08653985	0
908.15	0	.7907914	.1224625	.08674611	0
907.15	0	.7901528	.1228962	.08695102	0
906.15	0	.7895162	.1233292	.08715458	0
905.15	0	.7888816	.1237616	.08735677	0
904.15	0	.788249	.1241934	.08755759	0
903.15	0	.7876183	.1246247	.08775701	0
902.15	0	.7869895	.1250555	.08795504	0
901.15	0	.7863625	.1254859	.08815166	0
900.15	0	.7857373	.1259159	.08834686	0
899.15	0	.7851139	.1263455	.08854063	0
898.15	0	.7844922	.1267749	.08873295	0
897.15	0	.7838722	.127204	.08892382	0
896.15	0	.7832538	.127633	.08911322	0
895.15	0	.782637	.1280619	.08930114	0
894.15	0	.7820218	.1284907	.08948756	0
893.15	0	.781408	.1289195	.08967248	0
892.15	0	.7807957	.1293484	.08985587	0
891.15	0	.7801848	.1297775	.09003773	0
890.15	0	.7795753	.1302067	.09021804	0
889.15	0	.778967	.1306362	.09039679	0
888.15	0	.77836	.1310661	.09057396	0
887.15	0	.7777541	.1314963	.09074954	0
886.15	0	.7771494	.1319271	.0909235	0
885.15	0	.7765458	.1323584	.09109584	0
884.15	0	.7759431	.1327903	.09126654	0
883.15	0	.7753414	.133223	.09143558	0
882.15	0	.7747406	.1336565	.09160294	0
881.15	0	.7741406	.1340908	.09176861	0
880.15	0	.7735413	.1345261	.09193257	0
879.15	0	.7729427	.1349625	.09209479	0
878.15	0	.7723448	.1354	.09225527	0
877.15	0	.7717473	.1358387	.09241397	0
876.15	0	.7711503	.1362788	.09257089	0
875.15	0	.7705537	.1367203	.09272599	0
874.15	0	.7699573	.1371634	.09287926	0
873.15	0	.7693612	.1376081	.09303068	0
872.15	0	.7687652	.1380546	.09318022	0
871.15	0	.7681693	.1385029	.09332786	0
870.15	0	.7675733	.1389532	.09347357	0
869.15	0	.7669771	.1394056	.09361733	0
868.15	0	.7663807	.1398602	.09375912	0
867.15	0	.765784	.1403171	.0938989	0
866.15	0	.7651868	.1407766	.09403666	0
865.15	0	.7645891	.1412386	.09417235	0
864.15	0	.7639907	.1417034	.09430596	0
863.15	0	.7633915	.142171	.09443745	0
862.15	0	.7627915	.1426418	.0945668	0
861.15	0	.7621904	.1431157	.09469396	0
860.15	0	.7615882	.1435929	.09481891	0
859.15	0	.7609847	.1440737	.0949416	0
858.15	0	.7603798	.1445582	.09506202	0
857.15	0	.7597734	.1450465	.09518011	0
856.15	0	.7591653	.1455388	.09529583	0
855.15	0	.7585554	.1460355	.09540916	0
854.15	0	.7579434	.1465365	.09552005	0
853.15	0	.7573294	.1470422	.09562844	0
852.15	0	.756713	.1475527	.0957343	0
851.15	0	.7560941	.1480684	.09583759	0
850.15	0	.7554725	.1485893	.09593824	0
849.15	0	.754848	.1491158	.09603621	0
848.15	0	.7542205	.1496481	.09613145	0
847.15	0	.7535897	.1501864	.09622389	0
846.15	0	.7529554	.1507311	.09631348	0
845.15	0	.7523174	.1512825	.09640016	0
844.15	0	.7516754	.1518408	.09648387	0
843.15	0	.7510292	.1524063	.09656452	0
842.15	0	.7503785	.1529794	.09664206	0
841.15	0	.7497231	.1535605	.09671641	0
840.15	0	.7490626	.1541499	.09678748	0
839.15	0	.7483968	.154748	.0968552	0
838.15	0	.7477254	.1553552	.09691947	0
837.15	0	.7470479	.1559719	.0969802	0
836.15	0	.7463641	.1565987	.09703729	0
835.15	0	.7456735	.1572359	.09709064	0
834.15	0	.7449757	.1578841	.09714013	0
833.15	0	.7442704	.1585439	.09718565	0
832.15	0	.7435571	.1592159	.09722706	0
831.15	0	.7428352	.1599006	.09726424	0
830.15	0	.7421042	.1605988	.09729703	0
829.15	0	.7413637	.1613111	.09732529	0
828.15	0	.7406129	.1620383	.09734884	0
827.15	0	.7398512	.1627813	.09736751	0
826.15	0	.7390781	.1635408	.09738111	0
825.15	0	.7382926	.164318	.09738942	0
824.15	0	.7374939	.1651138	.09739221	0
823.15	0	.7366813	.1659294	.09738925	0
822.15	0	.7358537	.166766	.09738027	0
821.15	0	.7350101	.1676249	.09736497	0
820.15	0	.7341493	.1685077	.09734303	0
819.15	0	.7332611	.1694265	.09731238	0
818.15	0	.7316911	.1711639	.09714498	0
817.15	0	.7301989	.1728151	.096986	0
816.15	0	.7287784	.1743869	.09683475	0
815.15	0	.7274241	.1758853	.09669062	0
814.15	0	.7261313	.1773156	.09655306	0
813.15	0	.7248956	.1786828	.09642156	0
812.15	0	.7237131	.1799912	.09629569	0
811.15	0	.7225801	.1812448	.09617504	0
810.15	0	.7214936	.1824472	.09605924	0
809.15	0	.7204504	.1836016	.09594796	0
808.15	0	.719448	.1847111	.09584089	0
807.15	0	.7184839	.1857784	.09573775	0
806.15	0	.7175558	.1868059	.09563829	0
805.15	0	.7166617	.187796	.09554227	0
804.15	0	.7157996	.1887509	.09544948	0
803.15	0	.7149678	.1896725	.09535972	0
802.15	0	.7141646	.1905626	.0952728	0
801.15	0	.7133886	.1914229	.09518856	0
800.15	0	.7126383	.1922549	.09510684	0
799.15	0	.7119123	.1930602	.09502749	0
798.15	0	.7112096	.1938401	.09495038	0
797.15	0	.7105289	.1945958	.09487539	0
796.15	0	.7098691	.1953285	.09480239	0
795.15	0	.7092293	.1960394	.09473127	0
794.15	0	.7086086	.1967295	.09466194	0
793.15	0	.708006	.1973997	.0945943	0
792.15	0	.7074208	.1980509	.09452825	0
791.15	0	.7068521	.1986841	.09446373	0
790.15	0	.7062993	.1993001	.09440063	0
789.15	0	.7057616	.1998995	.0943389	0
788.15	0	.7052384	.2004831	.09427847	0
787.15	0	.7047291	.2010517	.09421926	0
786.15	0	.7042331	.2016057	.09416122	0
785.15	0	.7037498	.2021459	.09410429	0
784.15	0	.7032787	.2026729	.09404841	0
783.15	0	.7028194	.203187	.09399353	0
782.15	0	.7023714	.203689	.09393961	0
781.15	0	.7019342	.2041792	.0938866	0
780.15	0	.7015074	.2046581	.09383445	0
779.15	0	.7010907	.2051262	.09378312	0
778.15	0	.7006835	.2055839	.09373258	0
777.15	0	.7002856	.2060316	.09368279	0
776.15	0	.6998967	.2064696	.0936337	0
775.15	0	.6995164	.2068984	.0935853	0
774.15	0	.6991443	.2073182	.09353754	0
773.15	0	.6987824	.2077278	.09348989	0
772.15	0	.6984258	.2081308	.09344338	0
771.15	0	.6980767	.2085259	.09339743	0
770.15	0	.6977348	.2089132	.093352	0
769.15	0	.6973998	.2092931	.09330709	0
768.15	0	.6970715	.2096659	.09326266	0
767.15	0	.6967497	.2100317	.0932187	0
766.15	0	.6964341	.2103908	.09317517	0
765.15	0	.6961246	.2107434	.09313207	0
764.15	0	.6958209	.2110898	.09308937	0
763.15	0	.6955228	.2114301	.09304705	0
762.15	0	.6952303	.2117646	.0930051	0
761.15	0	.694943	.2120935	.09296349	0
760.15	0	.6946608	.2124169	.09292222	0
759.15	0	.6943837	.2127351	.09288127	0
758.15	0	.6941113	.2130481	.09284062	0
757.15	0	.6938436	.2133562	.09280026	0
756.15	0	.6935804	.2136594	.09276018	0
755.15	0	.6933216	.2139581	.09272036	0
754.15	0	.693067	.2142522	.09268079	0
753.15	0	.6928165	.214542	.09264146	0
752.15	0	.69257	.2148276	.09260236	0
751.15	0	.6923275	.2151091	.09256347	0
750.15	0	.6920886	.2153866	.09252479	0
749.15	0	.6918535	.2156602	.09248631	0
748.15	0	.6916218	.2159302	.09244801	0
747.15	0	.6913937	.2161964	.09240989	0
746.15	0	.6911688	.2164592	.09237194	0
745.15	0	.6909473	.2167186	.09233415	0
744.15	0	.6907289	.2169746	.09229652	0
743.15	0	.6905135	.2172274	.09225903	0
742.15	0	.6903012	.2174771	.09222168	0
741.15	0	.6900918	.2177238	.09218446	0
740.15	0	.6898852	.2179675	.09214736	0
739.15	0	.6896814	.2182083	.09211039	0
738.15	0	.6894802	.2184463	.09207352	0
737.15	0	.6892817	.2186816	.09203676	0
736.15	0	.6890857	.2189142	.0920001	0
735.15	0	.6888922	.2191443	.09196353	0
734.15	0	.6887011	.2193719	.09192705	0
733.15	0	.6885123	.219597	.09189066	0
732.15	0	.6883259	.2198198	.09185434	0
731.15	0	.6881417	.2200402	.0918181	0
730.15	0	.6879596	.2202584	.09178193	0
729.15	0	.6877797	.2204744	.09174582	0
728.15	0	.6876019	.2206883	.09170977	0
727.15	0	.6874261	.2209001	.09167379	0
726.15	0	.6872523	.2211099	.09163785	0
725.15	0	.6870803	.2213177	.09160197	0
724.15	0	.6869103	.2215236	.09156613	0
723.15	0	.6867421	.2217275	.09153033	0
722.15	0	.6865757	.2219297	.09149458	0
721.15	0	.6864111	.2221301	.09145886	0
720.15	0	.6862482	.2223287	.09142317	0
719.15	0	.6860869	.2225256	.09138752	0
718.15	0	.6859273	.2227209	.09135189	0
717.15	0	.6857692	.2229145	.09131628	0
716.15	0	.6856128	.2231065	.09128071	0
715.15	0	.6854578	.223297	.09124515	0
714.15	0	.6853044	.223486	.09120961	0
713.15	0	.6851524	.2236735	.09117408	0
712.15	0	.6850018	.2238596	.09113857	0
711.15	0	.6848527	.2240443	.09110307	0
710.15	0	.6847049	.2242275	.09106758	0
709.15	0	.6845584	.2244095	.0910321	0
708.15	0	.6844133	.2245901	.09099662	0
707.15	0	.6842694	.2247694	.09096115	0
706.15	0	.6841268	.2249475	.09092568	0
705.15	0	.6839855	.2251243	.09089021	0
704.15	0	.6838453	.2252999	.09085474	0
703.15	0	.6837063	.2254744	.09081927	0
702.15	0	.6835685	.2256477	.0907838	0
701.15	0	.6834319	.2258198	.09074832	0
700.15	0	.6832963	.2259909	.09071283	0
699.15	0	.6831618	.2261608	.09067734	0
698.15	0	.6830284	.2263297	.09064185	0
697.15	0	.6828961	.2264976	.09060634	0
696.15	0	.6827647	.2266644	.09057082	0
695.15	0	.6826344	.2268303	.09053529	0
694.15	0	.6825051	.2269951	.09049975	0
693.15	0	.6823768	.227159	.0904642	0
692.15	0	.6822494	.227322	.09042864	0
691.15	0	.6821229	.227484	.09039306	0
690.15	0	.6819974	.2276451	.09035746	0
689.15	0	.6818728	.2278054	.09032185	0
688.15	0	.6817491	.2279647	.09028622	0
687.15	0	.6816262	.2281232	.09025058	0
686.15	0	.6815042	.2282809	.09021492	0
685.15	0	.681383	.2284377	.09017924	0
684.15	0	.6812627	.2285937	.09014355	0
683.15	0	.6811432	.228749	.09010783	0
682.15	0	.6810245	.2289034	.0900721	0
681.15	0	.6809066	.2290571	.09003634	0
680.15	0	.6807894	.22921	.09000057	0
679.15	0	.680673	.2293622	.08996477	0
678.15	0	.6805574	.2295137	.08992896	0
677.15	0	.6804425	.2296644	.08989313	0
676.15	0	.6803283	.2298144	.08985727	0
675.15	0	.6802148	.2299638	.08982139	0
674.15	0	.6801021	.2301124	.0897855	0
673.15	0	.67999	.2302604	.08974958	0
672.15	0	.6798786	.2304077	.08971364	0
671.15	0	.6797679	.2305544	.08967767	0
670.15	0	.6796579	.2307004	.08964169	0
669.15	0	.6795485	.2308458	.08960569	0
668.15	0	.6794397	.2309906	.08956966	0
667.15	0	.6793316	.2311348	.08953361	0
666.15	0	.6792241	.2312784	.08949754	0
665.15	0	.6791172	.2314214	.08946145	0
664.15	0	.6790109	.2315638	.08942533	0
663.15	0	.6789052	.2317056	.0893892	0
662.15	0	.6788001	.2318468	.08935304	0
661.15	0	.6786956	.2319875	.08931687	0
660.15	0	.6785916	.2321277	.08928067	0
659.15	0	.6784883	.2322673	.08924445	0
658.15	0	.6783855	.2324063	.08920821	0
657.15	0	.6782832	.2325449	.08917195	0
656.15	0	.6781814	.2326829	.08913567	0
655.15	0	.6780802	.2328204	.08909937	0
654.15	0	.6779796	.2329574	.08906305	0
653.15	0	.6778794	.2330939	.08902671	0
652.15	0	.6777798	.2332299	.08899035	0
651.15	0	.6776807	.2333654	.08895397	0
650.15	0	.677582	.2335004	.08891758	0
649.15	0	.6774839	.2336349	.08888116	0
648.15	0	.6773863	.233769	.08884473	0
647.15	0	.6772891	.2339026	.08880828	0
646.15	0	.6771925	.2340357	.08877181	0
645.15	0	.6770963	.2341684	.08873532	0
644.15	0	.6770005	.2343006	.08869882	0
643.15	0	.6769053	.2344324	.0886623	0
642.15	0	.6768105	.2345638	.08862577	0
641.15	0	.6767161	.2346947	.08858922	0
640.15	0	.6766222	.2348252	.08855265	0
639.15	0	.6765287	.2349552	.08851607	0
638.15	0	.6764357	.2350849	.08847948	0
637.15	0	.6763431	.2352141	.08844287	0
636.15	0	.6762509	.2353429	.08840625	0
635.15	0	.6761591	.2354712	.08836961	0
634.15	0	.6760678	.2355992	.08833297	0
633.15	0	.6759769	.2357268	.08829631	0
632.15	0	.6758864	.235854	.08825964	0
631.15	0	.6757963	.2359808	.08822296	0
630.15	0	.6757066	.2361072	.08818627	0
629.15	0	.6756173	.2362332	.08814956	0
628.15	0	.6755284	.2363588	.08811285	0
627.15	0	.6754399	.236484	.08807613	0
626.15	0	.6753518	.2366089	.08803941	0
625.15	0	.675264	.2367333	.08800267	0
624.15	0	.6751766	.2368574	.08796592	0
623.15	0	.6750896	.2369812	.08792917	0
622.15	0	.675003	.2371045	.08789242	0
621.15	0	.6749168	.2372275	.08785565	0
620.15	0	.6748309	.2373502	.08781889	0
619.15	0	.6747454	.2374725	.08778211	0
618.15	0	.6746603	.2375944	.08774534	0
617.15	0	.6745755	.237716	.08770856	0
616.15	0	.674491	.2378372	.08767177	0
615.15	0	.6744069	.2379581	.08763499	0
614.15	0	.6743232	.2380786	.0875982	0
613.15	0	.6742398	.2381988	.08756141	0
612.15	0	.6741568	.2383186	.08752463	0
611.15	0	.674074	.2384381	.08748784	0
610.15	0	.6739917	.2385573	.08745105	0
609.15	0	.6739096	.2386761	.08741426	0
608.15	0	.6738279	.2387946	.08737748	0
607.15	0	.6737466	.2389127	.0873407	0
606.15	0	.6736655	.2390306	.08730392	0
605.15	0	.6735848	.2391481	.08726715	0
604.15	0	.6735044	.2392652	.08723037	0
603.15	0	.6734243	.2393821	.08719361	0
602.15	0	.6733446	.2394986	.08715685	0
601.15	0	.6732651	.2396148	.0871201	0
600.15	0	.673186	.2397307	.08708335	0
599.15	0	.6731072	.2398462	.08704662	0
598.15	0	.6730287	.2399614	.08700989	0
597.15	0	.6729505	.2400763	.08697317	0
596.15	0	.6728726	.2401909	.08693646	0
595.15	0	.672795	.2403052	.08689976	0
594.15	0	.6727177	.2404192	.08686307	0
593.15	0	.6726408	.2405329	.08682639	0
592.15	0	.6725641	.2406462	.08678973	0
591.15	0	.6724877	.2407592	.08675307	0
590.15	0	.6724116	.240872	.08671644	0
589.15	0	.6723358	.2409844	.08667981	0
588.15	0	.6722603	.2410965	.0866432	0
587.15	0	.6721851	.2412083	.08660661	0
586.15	0	.6721102	.2413198	.08657003	0
585.15	0	.6720356	.241431	.08653348	0
584.15	0	.6719612	.2415419	.08649693	0
583.15	0	.6718871	.2416525	.08646041	0
582.15	0	.6718134	.2417627	.08642391	0
581.15	0	.6717399	.2418727	.08638743	0
580.15	0	.6716667	.2419824	.08635096	0
579.15	0	.6715937	.2420918	.08631452	0
578.15	0	.671521	.2422009	.0862781	0
577.15	0	.6714487	.2423096	.08624171	0
576.15	0	.6713766	.2424181	.08620533	0
575.15	0	.6713047	.2425263	.08616899	0
574.15	0	.6712331	.2426342	.08613266	0
573.15	0	.6711619	.2427418	.08609636	0
572.15	0	.6710908	.2428491	.08606009	0
571.15	0	.6710201	.2429561	.08602385	0
570.15	0	.6709496	.2430628	.08598763	0
569.15	0	.6708794	.2431692	.08595144	0
568.15	0	.6708094	.2432753	.08591528	0
567.15	0	.6707397	.2433811	.08587915	0
566.15	0	.6706703	.2434867	.08584305	0
565.15	0	.6706011	.2435919	.08580698	0
564.15	0	.6705322	.2436968	.08577095	0
563.15	0	.6704636	.2438015	.08573495	0
562.15	0	.6703952	.2439058	.08569897	0
561.15	0	.6703271	.2440099	.08566304	0
560.15	0	.6702592	.2441137	.08562714	0
559.15	0	.6701916	.2442171	.08559127	0
558.15	0	.6701242	.2443203	.08555545	0
557.15	0	.6700571	.2444232	.08551965	0
556.15	0	.6699903	.2445258	.0854839	0
555.15	0	.6699237	.2446281	.08544818	0
554.15	0	.6698573	.2447302	.08541251	0
553.15	0	.6697913	.2448319	.08537687	0
552.15	0	.6697254	.2449333	.08534128	0
551.15	0	.6696598	.2450345	.08530572	0
550.15	0	.6695945	.2451353	.08527021	0
549.15	0	.6695294	.2452359	.08523474	0
548.15	0	.6694645	.2453361	.08519932	0
547.15	0	.6693999	.2454361	.08516393	0
546.15	0	.6693356	.2455358	.0851286	0
545.15	0	.6692715	.2456352	.08509331	0
544.15	0	.6692076	.2457343	.08505806	0
543.15	0	.669144	.2458331	.08502287	0
542.15	0	.6690806	.2459317	.08498772	0
541.15	0	.6690175	.2460299	.08495262	0
540.15	0	.6689546	.2461278	.08491757	0
539.15	0	.668892	.2462255	.08488257	0
538.15	0	.6688296	.2463228	.08484762	0
537.15	0	.6687674	.2464199	.08481272	0
536.15	0	.6687055	.2465167	.08477787	0
535.15	0	.6686438	.2466131	.08474308	0
534.15	0	.6685823	.2467093	.08470834	0
533.15	0	.6685211	.2468052	.08467365	0
532.15	0	.6684602	.2469008	.08463902	0
531.15	0	.6683994	.2469961	.08460445	0
530.15	0	.6683389	.2470911	.08456993	0
529.15	0	.6682787	.2471859	.08453547	0
528.15	0	.6682187	.2472803	.08450106	0
527.15	0	.6681589	.2473744	.08446672	0
526.15	0	.6680993	.2474682	.08443243	0
525.15	0	.66804	.2475618	.08439821	0
524.15	0	.6679809	.247655	.08436404	0
523.15	0	.6679221	.247748	.08432994	0
522.15	0	.6678635	.2478406	.0842959	0
521.15	0	.6678051	.247933	.08426192	0
520.15	0	.6677469	.2480251	.08422801	0
519.15	0	.6676892	.2481168	.08419404	0
518.15	0	.6676315	.2482083	.08416025	0
517.15	0	.667574	.2482995	.08412653	0
516.15	0	.6675168	.2483903	.08409287	0
515.15	0	.6674598	.2484809	.08405929	0
514.15	0	.667403	.2485712	.08402577	0
513.15	0	.6673465	.2486612	.08399232	0
512.15	0	.6672902	.2487509	.08395893	0
511.15	0	.6672341	.2488402	.08392562	0
510.15	0	.6671783	.2489293	.08389238	0
509.15	0	.6671227	.2490181	.08385921	0
508.15	0	.6670673	.2491066	.08382611	0
507.15	0	.6670121	.2491948	.08379309	0
506.15	0	.6669572	.2492827	.08376014	0
505.15	0	.6669025	.2493702	.08372726	0
504.15	0	.666848	.2494575	.08369446	0
503.15	0	.6667938	.2495445	.08366173	0
502.15	0	.6667398	.2496312	.08362908	0
501.15	0	.666686	.2497175	.0835965	0
500.15	0	.6666324	.2498036	.083564	0
499.15	0	.6665791	.2498894	.08353159	0
498.15	0	.6665259	.2499748	.08349925	0
497.15	0	.6664731	.25006	.08346699	0
496.15	0	.6664204	.2501448	.08343481	0
495.15	0	.6663679	.2502294	.08340271	0
494.15	0	.6663157	.2503136	.08337069	0
493.15	0	.6662637	.2503975	.08333875	0
492.15	0	.666212	.2504811	.0833069	0
491.15	0	.6661604	.2505645	.08327513	0
490.15	0	.6661091	.2506475	.08324344	0
489.15	0	.666058	.2507302	.08321184	0
488.15	0	.6660071	.2508126	.08318033	0
487.15	0	.6659565	.2508946	.0831489	0
486.15	0	.665906	.2509764	.08311756	0
485.15	0	.6658558	.2510579	.0830863	0
484.15	0	.6658058	.251139	.08305514	0
483.15	0	.6657561	.2512199	.08302406	0
482.15	0	.6657065	.2513004	.08299307	0
481.15	0	.6656572	.2513806	.08296217	0
480.15	0	.6656081	.2514605	.08293137	0
479.15	0	.6655592	.2515401	.08290065	0
478.15	0	.6655106	.2516194	.08287003	0
477.15	0	.6654622	.2516984	.0828395	0
476.15	0	.6654139	.251777	.08280906	0
475.15	0	.6653659	.2518553	.08277871	0
474.15	0	.6653182	.2519334	.08274846	0
473.15	0	.6652706	.2520111	.08271831	0
472.15	0	.6652233	.2520885	.08268825	0
471.15	0	.6651762	.2521655	.08265829	0
470.15	0	.6651293	.2522423	.08262842	0
469.15	0	.6650826	.2523187	.08259866	0
468.15	0	.6650362	.2523949	.08256899	0
467.15	0	.6649899	.2524707	.08253942	0
466.15	0	.6649439	.2525462	.08250994	0
465.15	0	.6648981	.2526213	.08248057	0
464.15	0	.6648525	.2526962	.0824513	0
463.15	0	.6648072	.2527707	.08242213	0
462.15	0	.664762	.2528449	.08239306	0
461.15	0	.6647171	.2529188	.0823641	0
460.15	0	.6646724	.2529924	.08233524	0
459.15	0	.6646279	.2530656	.08230648	0
458.15	0	.6645836	.2531385	.08227782	0
457.15	0	.6645396	.2532111	.08224927	0
456.15	0	.6644958	.2532834	.08222083	0
455.15	0	.6644521	.2533554	.08219249	0
454.15	0	.6644087	.253427	.08216426	0
453.15	0	.6643656	.2534983	.08213613	0
452.15	0	.6643226	.2535693	.08210812	0
451.15	0	.6642798	.25364	.08208021	0
450.15	0	.6642373	.2537103	.08205241	0
449.15	0	.664195	.2537802	.08202473	0
448.15	0	.664153	.2538499	.08199717	0
447.15	0	.6641111	.2539191	.08196973	0
446.15	0	.6640695	.2539881	.0819424	0
445.15	0	.6640282	.2540566	.08191519	0
444.15	0	.663987	.2541249	.0818881	0
443.15	0	.6639461	.2541927	.08186113	0
442.15	0	.6639055	.2542603	.08183429	0
441.15	0	.663865	.2543274	.08180757	0
440.15	0	.6638249	.2543941	.08178098	0
439.15	0	.6637849	.2544605	.08175452	0
438.15	0	.6637453	.2545265	.0817282	0
437.15	0	.6637058	.2545922	.08170201	0
436.15	0	.6636667	.2546574	.08167595	0
435.15	0	.6636278	.2547222	.08165003	0
434.15	0	.6635891	.2547867	.08162425	0
433.15	0	.6635507	.2548507	.08159861	0
432.15	0	.6635126	.2549143	.0815731	0
431.15	0	.6634747	.2549775	.08154775	0
430.15	0	.6634371	.2550404	.08152253	0
429.15	0	.6633997	.2551028	.08149746	0
428.15	0	.6633627	.2551648	.08147254	0
427.15	0	.6633259	.2552264	.08144776	0
426.15	0	.6632893	.2552875	.08142313	0
425.15	0	.6632531	.2553483	.08139866	0
424.15	0	.6632171	.2554086	.08137433	0
423.15	0	.6631813	.2554685	.08135015	0
422.15	0	.6631459	.255528	.08132612	0
421.15	0	.6631107	.2555871	.08130225	0
420.15	0	.6630758	.2556457	.08127853	0
419.15	0	.6630411	.2557039	.08125496	0
418.15	0	.6630068	.2557617	.08123155	0
417.15	0	.6629727	.255819	.08120829	0
416.15	0	.6629388	.255876	.08118519	0
415.15	0	.6629053	.2559325	.08116224	0
414.15	0	.662872	.2559886	.08113945	0
413.15	0	.662839	.2560442	.08111682	0
412.15	0	.6628062	.2560994	.08109434	0
411.15	0	.6627738	.2561542	.08107203	0
410.15	0	.6627416	.2562086	.08104987	0
409.15	0	.6627096	.2562625	.08102787	0
408.15	0	.6626779	.256316	.08100602	0
407.15	0	.6626465	.2563691	.08098434	0
406.15	0	.6626154	.2564218	.08096281	0
405.15	0	.6625845	.256474	.08094144	0
404.15	0	.6625539	.2565258	.08092023	0
403.15	0	.6625236	.2565773	.08089918	0
402.15	0	.6624935	.2566282	.08087829	0
401.15	0	.6624637	.2566788	.08085756	0
400.15	0	.6624341	.2567289	.08083699	0
399.15	0	.6624048	.2567786	.08081657	0
398.15	0	.6623757	.2568279	.08079631	0
397.15	0	.6623469	.2568768	.08077622	0
396.15	0	.6623184	.2569253	.08075628	0
395.15	0	.6622901	.2569734	.0807365	0
394.15	0	.6622621	.257021	.08071687	0
393.15	0	.6622343	.2570683	.08069741	0
392.15	0	.6622068	.2571151	.0806781	0
391.15	0	.6621795	.2571616	.08065895	0
390.15	0	.6621524	.2572076	.08063995	0
389.15	0	.6621256	.2572533	.08062112	0
388.15	0	.6620991	.2572985	.08060243	0
387.15	0	.6620727	.2573434	.08058391	0
386.15	0	.6620467	.2573878	.08056554	0
385.15	0	.6620208	.2574319	.08054732	0
384.15	0	.6619952	.2574755	.08052927	0
383.15	0	.6619698	.2575188	.08051136	0
382.15	0	.6619447	.2575617	.08049361	0
381.15	0	.6619197	.2576042	.08047601	0
380.15	0	.6618951	.2576464	.08045857	0
379.15	0	.6618706	.2576881	.08044127	0
378.15	0	.6618463	.2577295	.08042413	0
377.15	0	.6618223	.2577705	.08040715	0
376.15	0	.6617985	.2578112	.08039031	0
375.15	0	.6617749	.2578514	.08037362	0
374.15	0	.6617516	.2578914	.08035709	0
373.15	0	.6617284	.2579309	.0803407	0
372.15	0	.6617055	.2579701	.08032446	0
371.15	0	.6616827	.2580089	.08030837	0
370.15	0	.6616602	.2580474	.08029243	0
369.15	0	.6616379	.2580855	.08027663	0
368.15	0	.6616158	.2581233	.08026099	0
367.15	0	.6615938	.2581607	.08024549	0
366.15	0	.6615721	.2581978	.08023013	0
365.15	0	.6615506	.2582345	.08021492	0
364.15	0	.6615293	.2582709	.08019985	0
363.15	0	.6615081	.2583069	.08018493	0
362.15	0	.6614872	.2583427	.08017015	0
361.15	0	.6614664	.2583781	.08015551	0
360.15	0	.6614459	.2584131	.08014102	0
359.15	0	.6614255	.2584478	.08012666	0
358.15	0	.6614053	.2584823	.08011245	0
357.15	0	.6613853	.2585163	.08009838	0
356.15	0	.6613654	.2585501	.08008444	0
355.15	0	.6613458	.2585836	.08007065	0
354.15	0	.6613263	.2586167	.08005699	0
353.15	0	.661307	.2586495	.08004348	0
352.15	0	.6612878	.2586821	.08003009	0
351.5689	0	.6612768	.2587008	.08002238	0
351.5689	0	.6612768	.2587008	.08002238	0
351.5689	0	.6612768	.2587008	.08002238	0
351.15	0	.6613702	.258474	.0799054	2.504118E-04
350.15	0	.661593	.2579327	.07962647	8.478407E-04
349.15	0	.6618156	.2573917	.07934799	.001444687
348.15	0	.6620381	.256851	.07906998	.002040954
347.15	0	.6622604	.2563106	.07879244	.002636646
346.15	0	.6624825	.2557704	.07851535	.003231766
345.15	0	.6627045	.2552305	.07823872	.003826319
344.15	0	.6629263	.2546909	.07796254	.004420308
343.15	0	.6631479	.2541515	.07768682	.005013736
342.15	0	.6633694	.2536124	.07741155	.005606608
341.15	0	.6635908	.2530736	.07713673	.006198926
340.15	0	.663812	.252535	.07686236	.006790694
339.15	0	.664033	.2519966	.07658843	.007381916
338.15	0	.6642539	.2514585	.07631495	.007972594
337.15	0	.6644747	.2509207	.07604191	.008562733
336.15	0	.6646953	.250383	.07576932	.009152335
335.15	0	.6649158	.2498457	.07549716	.009741403
334.15	0	.6651361	.2493085	.07522544	.01032994
333.15	0	.6653563	.2487716	.07495415	.01091795
332.15	0	.6655764	.2482348	.0746833	.01150544
331.15	0	.6657964	.2476984	.07441288	.01209241
330.15	0	.6660162	.2471621	.07414289	.01267885
329.15	0	.6662359	.246626	.07387333	.01326479
328.15	0	.6664554	.2460902	.0736042	.01385021
327.15	0	.6666749	.2455545	.07333549	.01443512
326.15	0	.6668942	.2450191	.07306721	.01501952
325.15	0	.6671134	.2444838	.07279935	.01560342
324.15	0	.6673325	.2439488	.07253191	.01618682
323.15	0	.6675514	.243414	.0722649	.01676972
322.15	0	.6677703	.2428793	.0719983	.01735212
321.15	0	.667989	.2423448	.07173212	.01793403
320.15	0	.6682076	.2418106	.07146635	.01851545
319.15	0	.6684261	.2412765	.071201	.01909638
318.15	0	.6686445	.2407426	.07093607	.01967682
317.15	0	.6688628	.2402089	.07067154	.02025678
316.15	0	.669081	.2396753	.07040743	.02083626
315.15	0	.6692991	.239142	.07014372	.02141526
314.15	0	.669517	.2386088	.06988043	.02199378
313.15	0	.6697349	.2380758	.06961754	.02257183
312.15	0	.6699526	.2375429	.06935505	.0231494
311.15	0	.6701703	.2370102	.06909298	.0237265
310.15	0	.6703878	.2364777	.0688313	.02430314
309.15	0	.6706053	.2359454	.06857003	.0248793
308.15	0	.6708226	.2354132	.06830916	.02545501
307.15	0	.6710399	.2348812	.06804869	.02603025
306.15	0	.6712571	.2343493	.06778863	.02660502
305.15	0	.6714741	.2338176	.06752896	.02717934
304.15	0	.6716911	.233286	.06726968	.0277532
303.15	0	.671908	.2327546	.06701081	.02832661
302.15	0	.6721247	.2322234	.06675233	.02889956
301.15	0	.6723414	.2316923	.06649424	.02947206
300.15	0	.672558	.2311614	.06623655	.03004411
299.15	0	.6727745	.2306306	.06597926	.03061571
298.15	0	.6729909	.2300999	.06572235	.03118686
