T	 BPW(LIQUID)	BPW(BCC_A2)	BPW(FCC_A1)	BPW(LAVES_PHASE_C14)	BPW(NI3TI)
1473.15	0	1	0	0	0
1472.15	0	1	0	0	0
1471.15	0	1	0	0	0
1470.15	0	1	0	0	0
1469.15	0	1	0	0	0
1468.15	0	1	0	0	0
1467.15	0	1	0	0	0
1466.15	0	1	0	0	0
1465.15	0	1	0	0	0
1464.15	0	1	0	0	0
1463.15	0	1	0	0	0
1462.15	0	1	0	0	0
1461.15	0	1	0	0	0
1460.15	0	1	0	0	0
1459.15	0	1	0	0	0
1458.15	0	1	0	0	0
1457.15	0	1	0	0	0
1456.15	0	1	0	0	0
1455.15	0	1	0	0	0
1454.15	0	1	0	0	0
1453.15	0	1	0	0	0
1452.15	0	1	0	0	0
1451.15	0	1	0	0	0
1450.15	0	1	0	0	0
1449.15	0	1	0	0	0
1448.15	0	1	0	0	0
1447.15	0	1	0	0	0
1446.15	0	1	0	0	0
1445.15	0	1	0	0	0
1444.15	0	1	0	0	0
1443.15	0	1	0	0	0
1442.15	0	1	0	0	0
1441.15	0	1	0	0	0
1440.15	0	1	0	0	0
1439.15	0	1	0	0	0
1438.15	0	1	0	0	0
1437.15	0	1	0	0	0
1436.15	0	1	0	0	0
1435.15	0	1	0	0	0
1434.15	0	1	0	0	0
1433.15	0	1	0	0	0
1432.15	0	1	0	0	0
1431.15	0	1	0	0	0
1430.15	0	1	0	0	0
1429.15	0	1	0	0	0
1428.15	0	1	0	0	0
1427.15	0	1	0	0	0
1426.15	0	1	0	0	0
1425.15	0	1	0	0	0
1424.15	0	1	0	0	0
1423.15	0	1	0	0	0
1422.15	0	1	0	0	0
1421.15	0	1	0	0	0
1420.15	0	1	0	0	0
1419.15	0	1	0	0	0
1418.15	0	1	0	0	0
1417.15	0	1	0	0	0
1416.15	0	1	0	0	0
1415.15	0	1	0	0	0
1414.15	0	1	0	0	0
1413.15	0	1	0	0	0
1412.15	0	1	0	0	0
1411.15	0	1	0	0	0
1410.15	0	1	0	0	0
1409.15	0	1	0	0	0
1408.15	0	1	0	0	0
1407.15	0	1	0	0	0
1406.15	0	1	0	0	0
1405.15	0	1	0	0	0
1404.15	0	1	0	0	0
1403.15	0	1	0	0	0
1402.15	0	1	0	0	0
1401.15	0	1	0	0	0
1400.15	0	1	0	0	0
1399.15	0	1	0	0	0
1398.15	0	1	0	0	0
1397.15	0	1	0	0	0
1396.15	0	1	0	0	0
1395.15	0	1	0	0	0
1394.15	0	1	0	0	0
1393.15	0	1	0	0	0
1392.15	0	1	0	0	0
1391.15	0	1	0	0	0
1390.15	0	1	0	0	0
1389.15	0	1	0	0	0
1388.15	0	1	0	0	0
1387.15	0	1	0	0	0
1386.15	0	1	0	0	0
1385.15	0	1	0	0	0
1384.15	0	1	0	0	0
1383.15	0	1	0	0	0
1382.15	0	1	0	0	0
1381.15	0	1	0	0	0
1380.15	0	1	0	0	0
1379.15	0	1	0	0	0
1378.15	0	1	0	0	0
1377.15	0	1	0	0	0
1376.15	0	1	0	0	0
1375.15	0	1	0	0	0
1374.15	0	1	0	0	0
1373.15	0	1	0	0	0
1372.15	0	1	0	0	0
1371.15	0	1	0	0	0
1370.15	0	1	0	0	0
1369.15	0	1	0	0	0
1368.15	0	1	0	0	0
1367.15	0	1	0	0	0
1366.15	0	1	0	0	0
1365.15	0	1	0	0	0
1364.15	0	1	0	0	0
1363.15	0	1	0	0	0
1362.15	0	1	0	0	0
1361.15	0	1	0	0	0
1360.15	0	1	0	0	0
1359.15	0	1	0	0	0
1358.15	0	1	0	0	0
1357.15	0	1	0	0	0
1356.15	0	1	0	0	0
1355.15	0	1	0	0	0
1354.15	0	1	0	0	0
1353.15	0	1	0	0	0
1352.15	0	1	0	0	0
1351.15	0	1	0	0	0
1350.15	0	1	0	0	0
1349.15	0	1	0	0	0
1348.15	0	1	0	0	0
1347.15	0	1	0	0	0
1346.15	0	1	0	0	0
1345.15	0	1	0	0	0
1344.15	0	1	0	0	0
1343.15	0	1	0	0	0
1342.15	0	1	0	0	0
1341.15	0	1	0	0	0
1340.15	0	1	0	0	0
1339.15	0	1	0	0	0
1338.15	0	1	0	0	0
1337.15	0	1	0	0	0
1336.15	0	1	0	0	0
1335.15	0	1	0	0	0
1334.15	0	1	0	0	0
1333.15	0	1	0	0	0
1332.15	0	1	0	0	0
1331.15	0	1	0	0	0
1330.15	0	1	0	0	0
1329.15	0	1	0	0	0
1328.15	0	1	0	0	0
1327.15	0	1	0	0	0
1326.15	0	1	0	0	0
1325.15	0	1	0	0	0
1324.15	0	1	0	0	0
1323.15	0	1	0	0	0
1322.15	0	1	0	0	0
1321.15	0	1	0	0	0
1320.15	0	1	0	0	0
1319.15	0	1	0	0	0
1318.15	0	1	0	0	0
1317.15	0	1	0	0	0
1316.15	0	1	0	0	0
1315.15	0	1	0	0	0
1314.15	0	1	0	0	0
1313.15	0	1	0	0	0
1312.15	0	1	0	0	0
1311.15	0	1	0	0	0
1310.15	0	1	0	0	0
1309.15	0	1	0	0	0
1308.15	0	1	0	0	0
1307.15	0	1	0	0	0
1306.15	0	1	0	0	0
1305.15	0	1	0	0	0
1304.15	0	1	0	0	0
1303.15	0	1	0	0	0
1302.15	0	1	0	0	0
1301.15	0	1	0	0	0
1300.15	0	1	0	0	0
1299.15	0	1	0	0	0
1298.15	0	1	0	0	0
1297.15	0	1	0	0	0
1296.15	0	1	0	0	0
1295.15	0	1	0	0	0
1294.15	0	1	0	0	0
1293.15	0	1	0	0	0
1292.15	0	1	0	0	0
1291.15	0	1	0	0	0
1290.15	0	1	0	0	0
1289.15	0	1	0	0	0
1288.15	0	1	0	0	0
1287.15	0	1	0	0	0
1286.15	0	1	0	0	0
1285.15	0	1	0	0	0
1284.15	0	1	0	0	0
1283.15	0	1	0	0	0
1282.15	0	1	0	0	0
1281.15	0	1	0	0	0
1280.15	0	1	0	0	0
1279.15	0	1	0	0	0
1278.15	0	1	0	0	0
1277.15	0	1	0	0	0
1276.15	0	1	0	0	0
1275.15	0	1	0	0	0
1274.15	0	1	0	0	0
1273.15	0	1	0	0	0
1272.15	0	1	0	0	0
1271.15	0	1	0	0	0
1270.15	0	1	0	0	0
1269.15	0	1	0	0	0
1268.15	0	1	0	0	0
1267.15	0	1	0	0	0
1266.15	0	1	0	0	0
1265.15	0	1	0	0	0
1264.15	0	1	0	0	0
1263.15	0	1	0	0	0
1262.15	0	1	0	0	0
1261.15	0	1	0	0	0
1260.15	0	1	0	0	0
1259.15	0	1	0	0	0
1258.15	0	1	0	0	0
1257.15	0	1	0	0	0
1256.15	0	1	0	0	0
1255.15	0	1	0	0	0
1254.15	0	1	0	0	0
1253.15	0	1	0	0	0
1252.15	0	1	0	0	0
1251.15	0	1	0	0	0
1250.15	0	1	0	0	0
1249.15	0	1	0	0	0
1248.15	0	1	0	0	0
1247.15	0	1	0	0	0
1246.15	0	1	0	0	0
1245.15	0	1	0	0	0
1244.15	0	1	0	0	0
1243.15	0	1	0	0	0
1242.15	0	1	0	0	0
1241.15	0	1	0	0	0
1240.15	0	1	0	0	0
1239.15	0	1	0	0	0
1238.15	0	1	0	0	0
1237.15	0	1	0	0	0
1236.15	0	1	0	0	0
1235.15	0	1	0	0	0
1234.15	0	1	0	0	0
1233.15	0	1	0	0	0
1232.15	0	1	0	0	0
1231.15	0	1	0	0	0
1230.15	0	1	0	0	0
1229.15	0	1	0	0	0
1228.15	0	1	0	0	0
1227.15	0	1	0	0	0
1226.15	0	1	0	0	0
1225.15	0	1	0	0	0
1224.15	0	1	0	0	0
1223.15	0	1	0	0	0
1222.15	0	1	0	0	0
1221.15	0	1	0	0	0
1220.15	0	1	0	0	0
1219.15	0	1	0	0	0
1218.15	0	1	0	0	0
1217.15	0	1	0	0	0
1216.15	0	1	0	0	0
1215.15	0	1	0	0	0
1214.15	0	1	0	0	0
1213.15	0	1	0	0	0
1212.15	0	1	0	0	0
1211.15	0	1	0	0	0
1210.15	0	1	0	0	0
1209.15	0	1	0	0	0
1208.15	0	1	0	0	0
1207.15	0	1	0	0	0
1206.15	0	1	0	0	0
1205.15	0	1	0	0	0
1204.15	0	1	0	0	0
1203.15	0	1	0	0	0
1202.15	0	1	0	0	0
1201.15	0	1	0	0	0
1200.15	0	1	0	0	0
1199.15	0	1	0	0	0
1198.15	0	1	0	0	0
1197.15	0	1	0	0	0
1196.15	0	1	0	0	0
1195.15	0	1	0	0	0
1194.15	0	1	0	0	0
1193.15	0	1	0	0	0
1192.15	0	1	0	0	0
1191.15	0	1	0	0	0
1190.15	0	1	0	0	0
1189.15	0	1	0	0	0
1188.15	0	1	0	0	0
1187.15	0	1	0	0	0
1186.15	0	1	0	0	0
1185.15	0	1	0	0	0
1184.15	0	1	0	0	0
1183.15	0	1	0	0	0
1182.15	0	1	0	0	0
1181.15	0	1	0	0	0
1180.15	0	1	0	0	0
1179.15	0	1	0	0	0
1178.15	0	1	0	0	0
1177.15	0	1	0	0	0
1176.15	0	1	0	0	0
1175.15	0	1	0	0	0
1174.15	0	1	0	0	0
1173.15	0	1	0	0	0
1172.15	0	1	0	0	0
1171.15	0	1	0	0	0
1170.15	0	1	0	0	0
1169.15	0	1	0	0	0
1168.15	0	1	0	0	0
1167.15	0	1	0	0	0
1166.15	0	1	0	0	0
1165.15	0	1	0	0	0
1164.15	0	1	0	0	0
1163.15	0	1	0	0	0
1162.15	0	1	0	0	0
1161.15	0	1	0	0	0
1160.15	0	1	0	0	0
1159.15	0	1	0	0	0
1158.15	0	1	0	0	0
1157.15	0	1	0	0	0
1156.15	0	1	0	0	0
1155.15	0	1	0	0	0
1154.15	0	1	0	0	0
1153.15	0	1	0	0	0
1152.15	0	1	0	0	0
1151.15	0	1	0	0	0
1150.15	0	1	0	0	0
1149.15	0	1	0	0	0
1148.15	0	1	0	0	0
1147.15	0	1	0	0	0
1146.15	0	1	0	0	0
1145.15	0	1	0	0	0
1144.15	0	1	0	0	0
1143.15	0	1	0	0	0
1142.15	0	1	0	0	0
1141.15	0	1	0	0	0
1140.15	0	1	0	0	0
1139.15	0	1	0	0	0
1138.15	0	1	0	0	0
1137.15	0	1	0	0	0
1136.15	0	1	0	0	0
1135.15	0	1	0	0	0
1134.15	0	1	0	0	0
1133.15	0	1	0	0	0
1132.15	0	1	0	0	0
1131.15	0	1	0	0	0
1130.15	0	1	0	0	0
1129.15	0	1	0	0	0
1128.15	0	1	0	0	0
1127.15	0	1	0	0	0
1126.15	0	1	0	0	0
1125.15	0	1	0	0	0
1124.15	0	1	0	0	0
1123.15	0	1	0	0	0
1122.15	0	1	0	0	0
1121.15	0	1	0	0	0
1120.15	0	1	0	0	0
1119.15	0	1	0	0	0
1118.15	0	1	0	0	0
1117.15	0	1	0	0	0
1116.15	0	1	0	0	0
1115.15	0	1	0	0	0
1114.15	0	1	0	0	0
1113.15	0	1	0	0	0
1112.15	0	1	0	0	0
1111.15	0	1	0	0	0
1110.15	0	1	0	0	0
1109.15	0	1	0	0	0
1108.15	0	1	0	0	0
1107.15	0	1	0	0	0
1106.15	0	1	0	0	0
1105.15	0	1	0	0	0
1104.15	0	1	0	0	0
1103.15	0	1	0	0	0
1102.15	0	1	0	0	0
1101.15	0	1	0	0	0
1100.15	0	1	0	0	0
1099.15	0	1	0	0	0
1098.15	0	1	0	0	0
1097.15	0	1	0	0	0
1096.588	0	1	0	0	0
1096.588	0	1	0	0	0
1096.588	0	1	0	0	0
1096.15	0	.9998052	0	1.947634E-04	0
1095.15	0	.9993613	0	6.386982E-04	0
1094.15	0	.9989183	0	.001081695	0
1093.15	0	.9984763	0	.001523754	0
1092.15	0	.9980351	0	.001964879	0
1091.15	0	.9975949	0	.002405071	0
1090.15	0	.9971557	0	.002844331	0
1089.15	0	.9967173	0	.00328266	0
1088.15	0	.9962799	0	.003720062	0
1087.15	0	.9958435	0	.004156537	0
1086.15	0	.9954079	0	.004592087	0
1085.15	0	.9949733	0	.005026714	0
1084.15	0	.9945396	0	.005460419	0
1083.15	0	.9941068	0	.005893204	0
1082.15	0	.9936749	0	.006325071	0
1081.15	0	.993244	0	.006756021	0
1080.15	0	.992814	0	.007186055	0
1079.15	0	.9923848	0	.007615176	0
1078.15	0	.9919566	0	.008043384	0
1077.15	0	.9915293	0	.008470682	0
1076.15	0	.9911029	0	.008897072	0
1075.15	0	.9906775	0	.009322553	0
1074.15	0	.9902529	0	.009747129	0
1073.15	0	.9898292	0	.0101708	0
1072.15	0	.9894064	0	.01059357	0
1071.15	0	.9889846	0	.01101544	0
1070.15	0	.9885636	0	.01143641	0
1069.15	0	.9881435	0	.01185648	0
1068.15	0	.9877244	0	.01227565	0
1067.15	0	.9873061	0	.01269393	0
1066.15	0	.9868887	0	.01311131	0
1065.15	0	.9864722	0	.0135278	0
1064.15	0	.9860566	0	.0139434	0
1063.15	0	.9856419	0	.01435812	0
1062.15	0	.9852281	0	.01477194	0
1061.15	0	.9848151	0	.01518488	0
1060.15	0	.9844031	0	.01559693	0
1059.15	0	.9839919	0	.0160081	0
1058.15	0	.9835816	0	.01641839	0
1057.15	0	.9831722	0	.0168278	0
1056.15	0	.9827637	0	.01723632	0
1055.15	0	.982356	0	.01764397	0
1054.15	0	.9819492	0	.01805075	0
1053.15	0	.9815433	0	.01845665	0
1052.15	0	.9811383	0	.01886167	0
1051.15	0	.9807342	0	.01926583	0
1050.15	0	.9803309	0	.01966911	0
1049.15	0	.9799285	0	.02007152	0
1048.15	0	.9795269	0	.02047306	0
1047.15	0	.9791263	0	.02087374	0
1046.15	0	.9787264	0	.02127356	0
1045.15	0	.9783275	0	.0216725	0
1044.15	0	.9779294	0	.02207059	0
1043.15	0	.9775322	0	.02246781	0
1042.15	0	.9771358	0	.02286418	0
1041.15	0	.9767403	0	.02325969	0
1040.15	0	.9763457	0	.02365433	0
1039.15	0	.9759519	0	.02404813	0
1038.15	0	.9755589	0	.02444107	0
1037.15	0	.9751668	0	.02483315	0
1036.15	0	.9747756	0	.02522438	0
1035.15	0	.9743852	0	.02561476	0
1034.15	0	.9739957	0	.02600429	0
1033.15	0	.973607	0	.02639298	0
1032.15	0	.9732192	0	.02678081	0
1031.15	0	.9728322	0	.0271678	0
1030.15	0	.972446	0	.02755395	0
1029.15	0	.9720608	0	.02793925	0
1028.15	0	.9716763	0	.02832371	0
1027.15	0	.9712927	0	.02870733	0
1026.15	0	.9709099	0	.02909011	0
1025.15	0	.970528	0	.02947205	0
1024.15	0	.9701469	0	.02985315	0
1023.15	0	.9697666	0	.03023342	0
1022.15	0	.9693872	0	.03061285	0
1021.15	0	.9690086	0	.03099145	0
1020.15	0	.9686308	0	.03136921	0
1019.15	0	.9682538	0	.03174615	0
1018.15	0	.9678778	0	.03212225	0
1017.15	0	.9675025	0	.03249752	0
1016.15	0	.967128	0	.03287197	0
1015.15	0	.9667544	0	.03324559	0
1014.15	0	.9663816	0	.03361839	0
1013.15	0	.9660097	0	.03399035	0
1012.15	0	.9656385	0	.0343615	0
1011.15	0	.9652682	0	.03473183	0
1010.15	0	.9648987	0	.03510133	0
1009.15	0	.96453	0	.03547001	0
1008.15	0	.9641621	0	.03583788	0
1007.15	0	.9637951	0	.03620492	0
1006.898	0	.9637028	0	.03629715	0
1006.898	0	.9637028	0	.03629715	0
1006.898	0	.9637028	0	.03629715	0
1006.15	0	.9628848	5.813752E-04	.03653379	0
1005.15	0	.9617945	.00135638	.03684913	0
1004.15	0	.9607072	.002129272	.03716349	0
1003.15	0	.9596231	.002900055	.03747685	0
1002.15	0	.958542	.003668732	.03778924	0
1001.15	0	.9574641	.004435306	.03810063	0
1000.15	0	.9563892	.00519978	.03841104	0
999.15	0	.9553174	.005962159	.03872045	0
998.15	0	.9542487	.006722445	.03902888	0
997.15	0	.9531831	.007480642	.03933631	0
996.15	0	.9521205	.008236754	.03964276	0
995.15	0	.951061	.008990784	.03994821	0
994.15	0	.9500046	.009742737	.04025266	0
993.15	0	.9489513	.01049262	.04055613	0
992.15	0	.947901	.01124043	.0408586	0
991.15	0	.9468538	.01198617	.04116007	0
990.15	0	.9458096	.01272986	.04146054	0
989.15	0	.9447685	.01347148	.04176001	0
988.15	0	.9437305	.01421106	.04205848	0
987.15	0	.9426955	.01494859	.04235596	0
986.15	0	.9416635	.01568408	.04265242	0
985.15	0	.9406346	.01641752	.04294789	0
984.15	0	.9396087	.01714894	.04324234	0
983.15	0	.9385859	.01787833	.04353579	0
982.15	0	.9375661	.0186057	.04382823	0
981.15	0	.9365493	.01933105	.04411966	0
980.15	0	.9355355	.02005439	.04441007	0
979.15	0	.9345248	.02077573	.04469948	0
978.15	0	.9335171	.02149507	.04498786	0
977.15	0	.9325124	.02221241	.04527523	0
976.15	0	.9315107	.02292777	.04556157	0
975.15	0	.930512	.02364115	.0458469	0
974.15	0	.9295163	.02435256	.04613119	0
973.15	0	.9285235	.02506199	.04641447	0
972.15	0	.9275338	.02576947	.04669671	0
971.15	0	.9265471	.026475	.04697792	0
970.15	0	.9255633	.02717858	.0472581	0
969.15	0	.9245825	.02788023	.04753724	0
968.15	0	.9236047	.02857995	.04781535	0
967.15	0	.9226299	.02927774	.04809241	0
966.15	0	.921658	.02997362	.04836843	0
965.15	0	.920689	.0306676	.0486434	0
964.15	0	.919723	.03135969	.04891732	0
963.15	0	.9187599	.03204988	.04919019	0
962.15	0	.9177998	.0327382	.04946201	0
961.15	0	.9168426	.03342465	.04973276	0
960.15	0	.9158883	.03410925	.05000246	0
959.15	0	.9149369	.03479199	.05027109	0
958.15	0	.9139884	.0354729	.05053866	0
957.15	0	.9130429	.03615198	.05080515	0
956.15	0	.9121002	.03682925	.05107057	0
955.15	0	.9111604	.03750471	.05133491	0
954.15	0	.9102235	.03817838	.05159816	0
953.15	0	.9092894	.03885027	.05186034	0
952.15	0	.9083582	.03952039	.05212142	0
951.15	0	.9074298	.04018876	.05238141	0
950.15	0	.9065043	.04085538	.0526403	0
949.15	0	.9055816	.04152027	.05289809	0
948.15	0	.9046618	.04218344	.05315478	0
947.15	0	.9037447	.04284492	.05341035	0
946.15	0	.9028305	.04350471	.05366481	0
945.15	0	.901919	.04416282	.05391816	0
944.15	0	.9010103	.04481928	.05417038	0
943.15	0	.9001044	.04547409	.05442147	0
942.15	0	.8992013	.04612728	.05467143	0
941.15	0	.8983009	.04677887	.05492025	0
940.15	0	.8974032	.04742886	.05516793	0
939.15	0	.8965083	.04807727	.05541446	0
938.15	0	.895616	.04872414	.05565984	0
937.15	0	.8947265	.04936946	.05590406	0
936.15	0	.8938396	.05001327	.05614712	0
935.15	0	.8929554	.05065558	.05638901	0
934.15	0	.8920739	.05129641	.05662972	0
933.15	0	.891195	.05193578	.05686925	0
932.15	0	.8903187	.05257372	.0571076	0
931.15	0	.889445	.05321024	.05734475	0
930.15	0	.8885739	.05384538	.0575807	0
929.15	0	.8877054	.05447914	.05781544	0
928.15	0	.8868395	.05511156	.05804898	0
927.15	0	.8859761	.05574266	.05828129	0
926.15	0	.8851152	.05637247	.05851238	0
925.15	0	.8842568	.05700101	.05874224	0
924.15	0	.8834009	.0576283	.05897085	0
923.15	0	.8825474	.05825438	.05919822	0
922.15	0	.8816964	.05887928	.05942433	0
921.15	0	.8808478	.05950302	.05964918	0
920.15	0	.8800016	.06012563	.05987277	0
919.15	0	.8791578	.06074714	.06009507	0
918.15	0	.8783163	.06136759	.06031609	0
917.15	0	.8774772	.061987	.06053581	0
916.15	0	.8766404	.06260541	.06075423	0
915.15	0	.8758058	.06322286	.06097134	0
914.15	0	.8749735	.06383937	.06118712	0
913.15	0	.8741434	.06445499	.06140158	0
912.15	0	.8733156	.06506975	.0616147	0
911.15	0	.8724898	.06568369	.06182647	0
910.15	0	.8716663	.06629685	.06203689	0
909.15	0	.8708448	.06690927	.06224593	0
908.15	0	.8700254	.06752099	.0624536	0
907.15	0	.8692081	.06813206	.06265988	0
906.15	0	.8683927	.06874251	.06286476	0
905.15	0	.8675794	.06935239	.06306823	0
904.15	0	.866768	.06996175	.06327028	0
903.15	0	.8659585	.07057063	.0634709	0
902.15	0	.8651508	.07117909	.06367007	0
901.15	0	.864345	.07178717	.06386779	0
900.15	0	.863541	.07239493	.06406404	0
899.15	0	.8627388	.07300242	.06425881	0
898.15	0	.8619382	.07360969	.0644521	0
897.15	0	.8611393	.0742168	.06464387	0
896.15	0	.8603421	.07482381	.06483412	0
895.15	0	.8595464	.07543078	.06502285	0
894.15	0	.8587522	.07603777	.06521002	0
893.15	0	.8579595	.07664484	.06539564	0
892.15	0	.8571683	.07725205	.06557968	0
891.15	0	.8563784	.07785948	.06576213	0
890.15	0	.8555898	.07846718	.06594297	0
889.15	0	.8548026	.07907525	.0661222	0
888.15	0	.8540165	.07968373	.06629978	0
887.15	0	.8532316	.08029272	.06647571	0
886.15	0	.8524478	.08090228	.06664997	0
885.15	0	.851665	.0815125	.06682254	0
884.15	0	.8508831	.08212345	.06699341	0
883.15	0	.8501022	.08273523	.06716255	0
882.15	0	.8493221	.08334792	.06732994	0
881.15	0	.8485428	.08396161	.06749558	0
880.15	0	.8477642	.08457639	.06765943	0
879.15	0	.8469862	.08519236	.06782148	0
878.15	0	.8462087	.08580961	.0679817	0
877.15	0	.8454317	.08642825	.06814007	0
876.15	0	.8446551	.08704837	.06829658	0
875.15	0	.8438787	.0876701	.0684512	0
874.15	0	.8431026	.08829354	.06860389	0
873.15	0	.8423265	.0889188	.06875466	0
872.15	0	.8415505	.08954601	.06890345	0
871.15	0	.8407745	.09017529	.06905026	0
870.15	0	.8399982	.09080676	.06919505	0
869.15	0	.8392217	.09144055	.06933779	0
868.15	0	.8384447	.09207681	.06947846	0
867.15	0	.8376673	.09271568	.06961702	0
866.15	0	.8368893	.09335729	.06975346	0
865.15	0	.8361105	.0940018	.06988772	0
864.15	0	.8353308	.09464937	.0700198	0
863.15	0	.8345502	.09530017	.07014964	0
862.15	0	.8337684	.09595435	.07027721	0
861.15	0	.8329854	.09661209	.07040248	0
860.15	0	.832201	.09727358	.07052541	0
859.15	0	.831415	.097939	.07064597	0
858.15	0	.8306273	.09860855	.0707641	0
857.15	0	.8298378	.09928244	.07087977	0
856.15	0	.8290462	.09996088	.07099294	0
855.15	0	.8282524	.1006441	.07110355	0
854.15	0	.8274561	.1013323	.07121157	0
853.15	0	.8266573	.1020257	.07131694	0
852.15	0	.8258557	.1027247	.07141961	0
851.15	0	.8250511	.1034294	.07151952	0
850.15	0	.8242433	.1041401	.07161663	0
849.15	0	.823432	.1048572	.07171086	0
848.15	0	.822617	.1055808	.07180217	0
847.15	0	.8217981	.1063114	.07189048	0
846.15	0	.820975	.1070493	.07197573	0
845.15	0	.8201474	.1077948	.07205784	0
844.15	0	.819315	.1085483	.07213673	0
843.15	0	.8184775	.1093101	.07221235	0
842.15	0	.8176347	.1100807	.07228458	0
841.15	0	.8167861	.1108606	.07235336	0
840.15	0	.8159314	.1116501	.07241858	0
839.15	0	.8150701	.1124497	.07248016	0
838.15	0	.814202	.11326	.07253797	0
837.15	0	.8133266	.1140815	.07259192	0
836.15	0	.8124434	.1149147	.07264188	0
835.15	0	.8115519	.1157603	.07268774	0
834.15	0	.8106517	.116619	.07272935	0
833.15	0	.8097421	.1174913	.07276658	0
832.15	0	.8088226	.1183782	.07279927	0
831.15	0	.8078925	.1192803	.07282726	0
830.15	0	.8069511	.1201985	.07285038	0
829.15	0	.8059978	.1211338	.07286843	0
828.15	0	.8050317	.1220871	.07288122	0
827.15	0	.804052	.1230595	.07288852	0
826.15	0	.8030577	.1240522	.07289009	0
825.15	0	.8020479	.1250665	.07288569	0
824.15	0	.8008802	.1262673	.07285252	0
823.15	0	.7991873	.1280828	.07272995	0
822.15	0	.7975638	.1298244	.07261179	0
821.15	0	.7960053	.1314969	.0724978	0
820.15	0	.794508	.1331042	.07238774	0
819.15	0	.7930682	.1346504	.0722814	0
818.15	0	.7916824	.136139	.07217857	0
817.15	0	.7903477	.1375733	.07207905	0
816.15	0	.7890611	.1389563	.07198266	0
815.15	0	.7878199	.1402909	.07188923	0
814.15	0	.7866218	.1415796	.0717986	0
813.15	0	.7854643	.142825	.07171062	0
812.15	0	.7843455	.1440294	.07162514	0
811.15	0	.7832632	.1451947	.07154203	0
810.15	0	.7822158	.1463231	.07146117	0
809.15	0	.7812013	.1474163	.07138244	0
808.15	0	.7802183	.148476	.07130572	0
807.15	0	.7792651	.149504	.07123091	0
806.15	0	.7783405	.1505016	.07115792	0
805.15	0	.777443	.1514703	.07108665	0
804.15	0	.7765715	.1524115	.07101701	0
803.15	0	.7757247	.1533264	.07094893	0
802.15	0	.7749016	.1542161	.07088231	0
801.15	0	.7741011	.1550819	.0708171	0
800.15	0	.7733222	.1559246	.07075322	0
799.15	0	.772564	.1567454	.0706906	0
798.15	0	.7718257	.1575451	.07062919	0
797.15	0	.7711064	.1583246	.07056893	0
796.15	0	.7704054	.1590848	.07050975	0
795.15	0	.7697219	.1598265	.07045161	0
794.15	0	.7690551	.1605504	.07039447	0
793.15	0	.7684046	.1612572	.07033826	0
792.15	0	.7677695	.1619476	.07028295	0
791.15	0	.7671494	.1626222	.07022849	0
790.15	0	.7665436	.1632816	.07017484	0
789.15	0	.7659516	.1639264	.07012198	0
788.15	0	.7653729	.1645572	.07006985	0
787.15	0	.7648071	.1651745	.07001843	0
786.15	0	.7642535	.1657788	.06996767	0
785.15	0	.7637119	.1663705	.06991757	0
784.15	0	.7631818	.1669501	.06986807	0
783.15	0	.7626628	.1675181	.06981915	0
782.15	0	.7621544	.1680748	.06977079	0
781.15	0	.7616564	.1686207	.06972296	0
780.15	0	.7611683	.169156	.06967564	0
779.15	0	.7606899	.1696813	.06962879	0
778.15	0	.7602208	.1701968	.06958241	0
777.15	0	.7597607	.1707028	.06953647	0
776.15	0	.7593093	.1711997	.06949095	0
775.15	0	.7588664	.1716878	.06944583	0
774.15	0	.7584316	.1721673	.06940108	0
773.15	0	.7580047	.1726386	.0693567	0
772.15	0	.7575855	.1731018	.06931267	0
771.15	0	.7571737	.1735573	.06926897	0
770.15	0	.7567691	.1740054	.06922558	0
769.15	0	.7563732	.1744448	.06918207	0
768.15	0	.7559821	.1748786	.0691393	0
767.15	0	.7555977	.1753056	.0690968	0
766.15	0	.7552196	.1757259	.06905456	0
765.15	0	.7548476	.1761398	.06901256	0
764.15	0	.7544817	.1765475	.06897079	0
763.15	0	.7541216	.1769491	.06892925	0
762.15	0	.7537672	.1773449	.06888792	0
761.15	0	.7534183	.177735	.06884678	0
760.15	0	.7530747	.1781195	.06880584	0
759.15	0	.7527363	.1784986	.06876508	0
758.15	0	.752403	.1788726	.06872449	0
757.15	0	.7520745	.1792414	.06868407	0
756.15	0	.7517509	.1796053	.0686438	0
755.15	0	.7514319	.1799644	.06860368	0
754.15	0	.7511174	.1803189	.06856369	0
753.15	0	.7508074	.1806688	.06852384	0
752.15	0	.7505016	.1810143	.06848412	0
751.15	0	.7502	.1813555	.06844451	0
750.15	0	.7499025	.1816925	.06840501	0
749.15	0	.749609	.1820254	.06836562	0
748.15	0	.7493193	.1823544	.06832632	0
747.15	0	.7490334	.1826795	.06828712	0
746.15	0	.7487511	.1830009	.06824801	0
745.15	0	.7484725	.1833186	.06820898	0
744.15	0	.7481973	.1836327	.06817003	0
743.15	0	.7479255	.1839433	.06813115	0
742.15	0	.7476571	.1842506	.06809234	0
741.15	0	.7473919	.1845545	.06805359	0
740.15	0	.7471299	.1848552	.0680149	0
739.15	0	.746871	.1851527	.06797626	0
738.15	0	.7466152	.1854472	.06793768	0
737.15	0	.7463622	.1857386	.06789914	0
736.15	0	.7461122	.1860272	.06786065	0
735.15	0	.745865	.1863128	.06782219	0
734.15	0	.7456205	.1865957	.06778378	0
733.15	0	.7453787	.1868759	.06774539	0
732.15	0	.7451396	.1871534	.06770704	0
731.15	0	.7449031	.1874282	.06766871	0
730.15	0	.744669	.1877006	.06763041	0
729.15	0	.7444375	.1879704	.06759213	0
728.15	0	.7442083	.1882378	.06755387	0
727.15	0	.7439815	.1885029	.06751562	0
726.15	0	.743757	.1887656	.06747739	0
725.15	0	.7435348	.189026	.06743917	0
724.15	0	.7433148	.1892842	.06740097	0
723.15	0	.743097	.1895402	.06736276	0
722.15	0	.7428813	.1897941	.06732457	0
721.15	0	.7426677	.1900459	.06728638	0
720.15	0	.7424561	.1902957	.06724819	0
719.15	0	.7422465	.1905435	.06721	0
718.15	0	.7420389	.1907893	.0671718	0
717.15	0	.7418332	.1910331	.06713361	0
716.15	0	.7416294	.1912752	.06709541	0
715.15	0	.7414275	.1915153	.0670572	0
714.15	0	.7412274	.1917537	.06701899	0
713.15	0	.741029	.1919902	.06698077	0
712.15	0	.7408324	.1922251	.06694254	0
711.15	0	.7406375	.1924582	.0669043	0
710.15	0	.7404443	.1926897	.06686604	0
709.15	0	.7402527	.1929196	.06682777	0
708.15	0	.7400627	.1931478	.06678949	0
707.15	0	.7398744	.1933744	.06675119	0
706.15	0	.7396876	.1935996	.06671288	0
705.15	0	.7395023	.1938231	.06667454	0
704.15	0	.7393186	.1940452	.0666362	0
703.15	0	.7391363	.1942659	.06659783	0
702.15	0	.7389555	.1944851	.06655944	0
701.15	0	.7387761	.1947029	.06652103	0
700.15	0	.7385981	.1949193	.06648261	0
699.15	0	.7384215	.1951343	.06644416	0
698.15	0	.7382463	.195348	.06640568	0
697.15	0	.7380724	.1955604	.06636719	0
696.15	0	.7378998	.1957715	.06632868	0
695.15	0	.7377285	.1959813	.06629014	0
694.15	0	.7375585	.1961899	.06625158	0
693.15	0	.7373898	.1963973	.06621299	0
692.15	0	.7372222	.1966034	.06617438	0
691.15	0	.7370559	.1968084	.06613575	0
690.15	0	.7368908	.1970121	.06609709	0
689.15	0	.7367268	.1972148	.06605841	0
688.15	0	.736564	.1974163	.0660197	0
687.15	0	.7364024	.1976167	.06598097	0
686.15	0	.7362419	.1978159	.06594221	0
685.15	0	.7360824	.1980141	.06590342	0
684.15	0	.7359241	.1982113	.06586461	0
683.15	0	.7357668	.1984074	.06582578	0
682.15	0	.7356106	.1986025	.06578692	0
681.15	0	.7354555	.1987965	.06574803	0
680.15	0	.7353013	.1989896	.06570912	0
679.15	0	.7351482	.1991816	.06567018	0
678.15	0	.7349961	.1993727	.06563122	0
677.15	0	.7348449	.1995628	.06559223	0
676.15	0	.7346948	.199752	.06555322	0
675.15	0	.7345455	.1999403	.06551418	0
674.15	0	.7343973	.2001276	.06547512	0
673.15	0	.7342499	.200314	.06543603	0
672.15	0	.7341035	.2004996	.06539691	0
671.15	0	.733958	.2006842	.06535778	0
670.15	0	.7338134	.200868	.06531862	0
669.15	0	.7336696	.2010509	.06527943	0
668.15	0	.7335268	.201233	.06524022	0
667.15	0	.7333848	.2014143	.06520099	0
666.15	0	.7332436	.2015947	.06516173	0
665.15	0	.7331033	.2017743	.06512245	0
664.15	0	.7329638	.201953	.06508315	0
663.15	0	.7328251	.202131	.06504383	0
662.15	0	.7326873	.2023083	.06500448	0
661.15	0	.7325502	.2024847	.06496512	0
660.15	0	.7324139	.2026603	.06492573	0
659.15	0	.7322784	.2028353	.06488632	0
658.15	0	.7321437	.2030094	.06484689	0
657.15	0	.7320097	.2031828	.06480744	0
656.15	0	.7318765	.2033555	.06476797	0
655.15	0	.7317441	.2035275	.06472848	0
654.15	0	.7316123	.2036987	.06468897	0
653.15	0	.7314813	.2038692	.06464945	0
652.15	0	.731351	.2040391	.0646099	0
651.15	0	.7312214	.2042082	.06457034	0
650.15	0	.7310926	.2043767	.06453076	0
649.15	0	.7309644	.2045444	.06449117	0
648.15	0	.7308369	.2047115	.06445156	0
647.15	0	.7307101	.204878	.06441193	0
646.15	0	.7305839	.2050438	.06437229	0
645.15	0	.7304585	.2052089	.06433263	0
644.15	0	.7303336	.2053734	.06429296	0
643.15	0	.7302095	.2055372	.06425328	0
642.15	0	.730086	.2057005	.06421359	0
641.15	0	.7299631	.205863	.06417388	0
640.15	0	.7298408	.206025	.06413416	0
639.15	0	.7297192	.2061864	.06409443	0
638.15	0	.7295982	.2063471	.06405469	0
637.15	0	.7294778	.2065072	.06401493	0
636.15	0	.7293581	.2066668	.06397517	0
635.15	0	.7292389	.2068257	.0639354	0
634.15	0	.7291203	.2069841	.06389562	0
633.15	0	.7290023	.2071419	.06385584	0
632.15	0	.7288849	.207299	.06381604	0
631.15	0	.7287681	.2074557	.06377624	0
630.15	0	.7286518	.2076117	.06373644	0
629.15	0	.7285362	.2077672	.06369663	0
628.15	0	.7284211	.2079221	.06365681	0
627.15	0	.7283065	.2080765	.06361699	0
626.15	0	.7281925	.2082303	.06357717	0
625.15	0	.7280791	.2083836	.06353735	0
624.15	0	.7279662	.2085363	.06349752	0
623.15	0	.7278538	.2086885	.06345769	0
622.15	0	.727742	.2088402	.06341786	0
621.15	0	.7276307	.2089913	.06337803	0
620.15	0	.7275199	.2091419	.0633382	0
619.15	0	.7274097	.2092919	.06329838	0
618.15	0	.7273	.2094415	.06325855	0
617.15	0	.7271908	.2095905	.06321873	0
616.15	0	.7270821	.209739	.06317891	0
615.15	0	.7269739	.209887	.06313909	0
614.15	0	.7268662	.2100345	.06309928	0
613.15	0	.726759	.2101815	.06305948	0
612.15	0	.7266523	.210328	.06301968	0
611.15	0	.7265461	.210474	.06297988	0
610.15	0	.7264404	.2106195	.0629401	0
609.15	0	.7263352	.2107645	.06290032	0
608.15	0	.7262305	.210909	.06286056	0
607.15	0	.7261262	.211053	.0628208	0
606.15	0	.7260224	.2111965	.06278105	0
605.15	0	.7259191	.2113396	.06274131	0
604.15	0	.7258162	.2114822	.06270159	0
603.15	0	.7257138	.2116243	.06266188	0
602.15	0	.7256119	.2117659	.06262218	0
601.15	0	.7255104	.2119071	.06258249	0
600.15	0	.7254094	.2120477	.06254282	0
599.15	0	.7253089	.212188	.06250316	0
598.15	0	.7252088	.2123277	.06246352	0
597.15	0	.7251091	.212467	.0624239	0
596.15	0	.7250099	.2126058	.0623843	0
595.15	0	.7249111	.2127442	.06234471	0
594.15	0	.7248127	.2128821	.06230514	0
593.15	0	.7247148	.2130196	.06226559	0
592.15	0	.7246173	.2131566	.06222607	0
591.15	0	.7245203	.2132932	.06218656	0
590.15	0	.7244237	.2134293	.06214708	0
589.15	0	.7243275	.2135649	.06210762	0
588.15	0	.7242317	.2137001	.06206818	0
587.15	0	.7241363	.2138349	.06202876	0
586.15	0	.7240414	.2139692	.06198938	0
585.15	0	.7239469	.2141031	.06195001	0
584.15	0	.7238528	.2142365	.06191068	0
583.15	0	.7237591	.2143696	.06187137	0
582.15	0	.7236658	.2145021	.06183209	0
581.15	0	.7235729	.2146343	.06179283	0
580.15	0	.7234804	.214766	.06175361	0
579.15	0	.7233883	.2148972	.06171442	0
578.15	0	.7232967	.2150281	.06167526	0
577.15	0	.7232054	.2151585	.06163613	0
576.15	0	.7231145	.2152885	.06159703	0
575.15	0	.723024	.215418	.06155797	0
574.15	0	.7229339	.2155472	.06151894	0
573.15	0	.7228442	.2156759	.06147994	0
572.15	0	.7227549	.2158042	.06144099	0
571.15	0	.7226659	.215932	.06140206	0
570.15	0	.7225774	.2160595	.06136318	0
569.15	0	.7224892	.2161865	.06132433	0
568.15	0	.7224014	.2163131	.06128552	0
567.15	0	.722314	.2164392	.06124675	0
566.15	0	.722227	.216565	.06120802	0
565.15	0	.7221403	.2166904	.06116933	0
564.15	0	.722054	.2168153	.06113068	0
563.15	0	.7219681	.2169398	.06109208	0
562.15	0	.7218826	.2170639	.06105352	0
561.15	0	.7217974	.2171876	.061015	0
560.15	0	.7217126	.2173109	.06097653	0
559.15	0	.7216281	.2174338	.0609381	0
558.15	0	.7215441	.2175562	.06089972	0
557.15	0	.7214604	.2176783	.06086139	0
556.15	0	.721377	.2177999	.0608231	0
555.15	0	.721294	.2179211	.06078487	0
554.15	0	.7212114	.218042	.06074668	0
553.15	0	.7211291	.2181624	.06070854	0
552.15	0	.7210472	.2182824	.06067045	0
551.15	0	.7209656	.218402	.06063242	0
550.15	0	.7208844	.2185212	.06059444	0
549.15	0	.7208035	.21864	.06055651	0
548.15	0	.720723	.2187584	.06051863	0
547.15	0	.7206429	.2188763	.06048081	0
546.15	0	.720563	.2189939	.06044305	0
545.15	0	.7204836	.2191111	.06040534	0
544.15	0	.7204045	.2192279	.06036768	0
543.15	0	.7203257	.2193442	.06033009	0
542.15	0	.7202473	.2194602	.06029255	0
541.15	0	.7201692	.2195758	.06025507	0
540.15	0	.7200914	.2196909	.06021766	0
539.15	0	.720014	.2198057	.0601803	0
538.15	0	.7199369	.2199201	.06014301	0
537.15	0	.7198602	.220034	.06010578	0
536.15	0	.7197838	.2201476	.06006861	0
535.15	0	.7197077	.2202608	.0600315	0
534.15	0	.719632	.2203735	.05999446	0
533.15	0	.7195566	.2204859	.05995748	0
532.15	0	.7194816	.2205979	.05992057	0
531.15	0	.7194068	.2207095	.05988373	0
530.15	0	.7193324	.2208206	.05984695	0
529.15	0	.7192584	.2209314	.05981025	0
528.15	0	.7191846	.2210418	.05977361	0
527.15	0	.7191112	.2211518	.05973704	0
526.15	0	.7190381	.2212614	.05970054	0
525.15	0	.7189653	.2213706	.05966411	0
524.15	0	.7188929	.2214793	.05962776	0
523.15	0	.7188208	.2215877	.05959148	0
522.15	0	.718749	.2216957	.05955527	0
521.15	0	.7186775	.2218033	.05951913	0
520.15	0	.7186064	.2219105	.05948307	0
519.15	0	.7185356	.2220174	.05944709	0
518.15	0	.7184651	.2221238	.05941118	0
517.15	0	.718395	.2222298	.05937523	0
516.15	0	.7183251	.2223354	.05933948	0
515.15	0	.7182556	.2224406	.0593038	0
514.15	0	.7181864	.2225455	.0592682	0
513.15	0	.7181174	.2226499	.05923269	0
512.15	0	.7180488	.2227539	.05919725	0
511.15	0	.7179806	.2228576	.05916189	0
510.15	0	.7179126	.2229608	.05912662	0
509.15	0	.7178449	.2230637	.05909143	0
508.15	0	.7177776	.2231661	.05905632	0
507.15	0	.7177105	.2232682	.0590213	0
506.15	0	.7176438	.2233698	.05898636	0
505.15	0	.7175774	.2234711	.05895151	0
504.15	0	.7175113	.223572	.05891674	0
503.15	0	.7174455	.2236725	.05888206	0
502.15	0	.71738	.2237725	.05884747	0
501.15	0	.7173148	.2238722	.05881297	0
500.15	0	.71725	.2239715	.05877856	0
499.15	0	.7171854	.2240704	.05874423	0
498.15	0	.7171211	.2241689	.05871	0
497.15	0	.7170572	.224267	.05867586	0
496.15	0	.7169935	.2243647	.05864181	0
495.15	0	.7169302	.224462	.05860785	0
494.15	0	.7168671	.2245589	.05857399	0
493.15	0	.7168044	.2246554	.05854022	0
492.15	0	.7167419	.2247515	.05850654	0
491.15	0	.7166798	.2248473	.05847296	0
490.15	0	.716618	.2249426	.05843948	0
489.15	0	.7165564	.2250375	.05840609	0
488.15	0	.7164952	.225132	.0583728	0
487.15	0	.7164342	.2252262	.05833961	0
486.15	0	.7163736	.2253199	.05830652	0
485.15	0	.7163133	.2254132	.05827352	0
484.15	0	.7162532	.2255062	.05824063	0
483.15	0	.7161935	.2255987	.05820784	0
482.15	0	.716134	.2256909	.05817515	0
481.15	0	.7160748	.2257826	.05814256	0
480.15	0	.716016	.2258739	.05811007	0
479.15	0	.7159574	.2259649	.05807769	0
478.15	0	.7158991	.2260555	.05804541	0
477.15	0	.7158412	.2261456	.05801323	0
476.15	0	.7157835	.2262354	.05798116	0
475.15	0	.7157261	.2263247	.0579492	0
474.15	0	.715669	.2264137	.05791734	0
473.15	0	.7156122	.2265022	.05788559	0
472.15	0	.7155557	.2265904	.05785395	0
471.15	0	.7154994	.2266782	.05782241	0
470.15	0	.7154435	.2267655	.05779099	0
469.15	0	.7153879	.2268525	.05775968	0
468.15	0	.7153325	.226939	.05772847	0
467.15	0	.7152774	.2270252	.05769738	0
466.15	0	.7152227	.227111	.05766639	0
465.15	0	.7151682	.2271963	.05763552	0
464.15	0	.715114	.2272813	.05760476	0
463.15	0	.71506	.2273658	.05757412	0
462.15	0	.7150064	.22745	.05754359	0
461.15	0	.7149531	.2275338	.05751317	0
460.15	0	.7149	.2276171	.05748287	0
459.15	0	.7148472	.2277001	.05745269	0
458.15	0	.7147947	.2277826	.05742262	0
457.15	0	.7147425	.2278648	.05739266	0
456.15	0	.7146906	.2279466	.05736283	0
455.15	0	.714639	.2280279	.05733311	0
454.15	0	.7145876	.2281089	.05730351	0
453.15	0	.7145366	.2281894	.05727403	0
452.15	0	.7144858	.2282696	.05724467	0
451.15	0	.7144353	.2283493	.05721543	0
450.15	0	.714385	.2284287	.05718631	0
449.15	0	.7143351	.2285075	.05715734	0
448.15	0	.7142855	.228586	.05712848	0
447.15	0	.7142362	.2286641	.05709976	0
446.15	0	.7141872	.2287417	.05707116	0
445.15	0	.7141384	.2288189	.0570427	0
444.15	0	.71409	.2288957	.05701436	0
443.15	0	.7140418	.228972	.05698617	0
442.15	0	.713994	.2290479	.05695811	0
441.15	0	.7139465	.2291233	.05693019	0
440.15	0	.7138992	.2291984	.05690241	0
439.15	0	.7138523	.2292729	.05687477	0
438.15	0	.7138057	.229347	.05684728	0
437.15	0	.7137595	.2294206	.05681994	0
436.15	0	.7137135	.2294938	.05679274	0
435.15	0	.7136679	.2295664	.0567657	0
434.15	0	.7136225	.2296387	.0567388	0
433.15	0	.7135776	.2297104	.05671206	0
432.15	0	.7135329	.2297817	.05668548	0
431.15	0	.7134885	.2298524	.05665905	0
430.15	0	.7134445	.2299227	.05663277	0
429.15	0	.7134008	.2299925	.05660666	0
428.15	0	.7133575	.2300618	.05658071	0
427.15	0	.7133144	.2301307	.05655492	0
426.15	0	.7132717	.230199	.05652928	0
425.15	0	.7132294	.2302668	.05650382	0
424.15	0	.7131873	.2303342	.05647851	0
423.15	0	.7131456	.230401	.05645337	0
422.15	0	.7131042	.2304674	.0564284	0
421.15	0	.7130632	.2305332	.05640359	0
420.15	0	.7130225	.2305986	.05637895	0
419.15	0	.7129821	.2306634	.05635448	0
418.15	0	.7129421	.2307278	.05633017	0
417.15	0	.7129024	.2307916	.05630604	0
416.15	0	.712863	.230855	.05628207	0
415.15	0	.7128239	.2309178	.05625827	0
414.15	0	.7127852	.2309802	.05623464	0
413.15	0	.7127468	.231042	.05621119	0
412.15	0	.7127088	.2311034	.0561879	0
411.15	0	.712671	.2311642	.05616479	0
410.15	0	.7126336	.2312246	.05614184	0
409.15	0	.7125965	.2312844	.05611907	0
408.15	0	.7125598	.2313438	.05609647	0
407.15	0	.7125233	.2314026	.05607404	0
406.15	0	.7124872	.231461	.05605179	0
405.15	0	.7124514	.2315189	.0560297	0
404.15	0	.712416	.2315762	.05600779	0
403.15	0	.7123808	.2316331	.05598605	0
402.15	0	.712346	.2316895	.05596448	0
401.15	0	.7123115	.2317454	.05594309	0
400.15	0	.7122773	.2318008	.05592186	0
399.15	0	.7122434	.2318558	.05590081	0
398.15	0	.7122098	.2319102	.05587993	0
397.15	0	.7121766	.2319642	.05585922	0
396.15	0	.7121436	.2320177	.05583868	0
395.15	0	.712111	.2320707	.05581831	0
394.15	0	.7120786	.2321233	.05579812	0
393.15	0	.7120466	.2321753	.05577809	0
392.15	0	.7120149	.2322269	.05575823	0
391.15	0	.7119834	.232278	.05573855	0
390.15	0	.7119523	.2323287	.05571903	0
389.15	0	.7119214	.2323789	.05569968	0
388.15	0	.7118909	.2324286	.0556805	0
387.15	0	.7118606	.2324779	.05566149	0
386.15	0	.7118307	.2325267	.05564265	0
385.15	0	.711801	.2325751	.05562397	0
384.15	0	.7117716	.232623	.05560546	0
383.15	0	.7117425	.2326704	.05558711	0
382.15	0	.7117136	.2327174	.05556893	0
381.15	0	.7116851	.232764	.05555092	0
380.15	0	.7116568	.2328101	.05553307	0
379.15	0	.7116288	.2328558	.05551539	0
378.15	0	.711601	.2329011	.05549787	0
377.15	0	.7115736	.2329459	.05548051	0
376.15	0	.7115464	.2329903	.05546331	0
375.15	0	.7115194	.2330343	.05544628	0
374.15	0	.7114928	.2330778	.05542941	0
373.15	0	.7114664	.233121	.05541269	0
372.15	0	.7114402	.2331637	.05539614	0
371.15	0	.7114143	.233206	.05537975	0
370.15	0	.7113887	.2332478	.05536351	0
369.15	0	.7113633	.2332893	.05534743	0
368.15	0	.7113381	.2333304	.05533151	0
367.15	0	.7113132	.233371	.05531575	0
366.15	0	.7112886	.2334113	.05530014	0
365.15	0	.7112641	.2334512	.05528469	0
364.15	0	.71124	.2334906	.05526939	0
363.15	0	.711216	.2335297	.05525424	0
362.15	0	.7111923	.2335684	.05523925	0
361.15	0	.7111689	.2336067	.05522441	0
360.15	0	.7111456	.2336447	.05520972	0
359.15	0	.7111226	.2336822	.05519519	0
358.4953	0	.7111077	.2337066	.05518575	0
358.4953	0	.7111077	.2337066	.05518575	0
358.4953	0	.7111077	.2337066	.05518575	0
358.15	0	.7111859	.2335136	.05508835	2.12137E-04
357.15	0	.7114124	.2329549	.05480667	8.260018E-04
356.15	0	.7116388	.2323965	.05452548	.001439264
355.15	0	.711865	.2318383	.05424479	.002051928
354.15	0	.7120911	.2312803	.05396459	.002663999
353.15	0	.712317	.2307226	.05368489	.003275479
352.15	0	.7125428	.2301652	.05340567	.003886372
351.15	0	.7127685	.2296079	.05312694	.004496683
350.15	0	.712994	.2290509	.0528487	.005106416
349.15	0	.7132194	.2284941	.05257095	.005715573
348.15	0	.7134446	.2279375	.05229367	.00632416
347.15	0	.7136698	.2273812	.05201688	.006932179
346.15	0	.7138948	.226825	.05174056	.007539634
345.15	0	.7141197	.2262691	.05146472	.008146529
344.15	0	.7143444	.2257134	.05118935	.008752867
343.15	0	.7145691	.2251578	.05091445	.009358651
342.15	0	.7147936	.2246025	.05064003	.009963886
341.15	0	.715018	.2240473	.05036607	.01056857
340.15	0	.7152423	.2234924	.05009258	.01117272
339.15	0	.7154665	.2229376	.04981956	.01177632
338.15	0	.7156906	.222383	.04954699	.01237939
337.15	0	.7159146	.2218286	.04927489	.01298192
336.15	0	.7161384	.2212744	.04900325	.01358392
335.15	0	.7163622	.2207204	.04873206	.0141854
334.15	0	.7165858	.2201665	.04846133	.01478635
333.15	0	.7168094	.2196128	.04819106	.01538678
332.15	0	.7170329	.2190592	.04792123	.01598669
331.15	0	.7172562	.2185058	.04765186	.01658608
330.15	0	.7174795	.2179526	.04738294	.01718496
329.15	0	.7177026	.2173996	.04711446	.01778333
328.15	0	.7179257	.2168467	.04684643	.01838119
327.15	0	.7181487	.2162939	.04657885	.01897855
326.15	0	.7183716	.2157413	.04631171	.0195754
325.15	0	.7185944	.2151889	.04604501	.02017175
324.15	0	.7188171	.2146366	.04577875	.02076761
323.15	0	.7190397	.2140844	.04551293	.02136297
322.15	0	.7192622	.2135324	.04524755	.02195784
321.15	0	.7194847	.2129805	.0449826	.02255222
320.15	0	.719707	.2124288	.04471809	.02314611
319.15	0	.7199293	.2118772	.04445401	.02373951
318.15	0	.7201515	.2113257	.04419036	.02433244
317.15	0	.7203736	.2107744	.04392715	.02492488
316.15	0	.7205956	.2102232	.04366436	.02551684
315.15	0	.7208175	.2096721	.043402	.02610832
314.15	0	.7210394	.2091212	.04314007	.02669933
313.15	0	.7212612	.2085704	.04287857	.02728987
312.15	0	.7214829	.2080197	.04261749	.02787993
311.15	0	.7217045	.2074691	.04235683	.02846953
310.15	0	.721926	.2069187	.0420966	.02905866
309.15	0	.7221475	.2063684	.04183678	.02964732
308.15	0	.7223689	.2058182	.04157739	.03023552
307.15	0	.7225902	.2052681	.04131842	.03082326
306.15	0	.7228115	.2047181	.04105987	.03141054
305.15	0	.7230326	.2041683	.04080173	.03199736
304.15	0	.7232537	.2036186	.04054401	.03258372
303.15	0	.7234747	.2030689	.04028671	.03316963
302.15	0	.7236957	.2025194	.04002982	.03375509
301.15	0	.7239166	.20197	.03977334	.03434009
300.15	0	.7241374	.2014207	.03951728	.03492464
299.15	0	.7243581	.2008716	.03926163	.03550874
298.15	0	.7245787	.2003225	.03900639	.0360924
