T	 BPW(LIQUID)	BPW(BCC_A2)	BPW(FCC_A1)	BPW(LAVES_PHASE_C14)	BPW(NI3TI)
1473.15	0	1	0	0	0
1472.15	0	1	0	0	0
1471.15	0	1	0	0	0
1470.15	0	1	0	0	0
1469.15	0	1	0	0	0
1468.15	0	1	0	0	0
1467.15	0	1	0	0	0
1466.15	0	1	0	0	0
1465.15	0	1	0	0	0
1464.15	0	1	0	0	0
1463.15	0	1	0	0	0
1462.15	0	1	0	0	0
1461.15	0	1	0	0	0
1460.15	0	1	0	0	0
1459.15	0	1	0	0	0
1458.15	0	1	0	0	0
1457.15	0	1	0	0	0
1456.15	0	1	0	0	0
1455.15	0	1	0	0	0
1454.15	0	1	0	0	0
1453.15	0	1	0	0	0
1452.15	0	1	0	0	0
1451.15	0	1	0	0	0
1450.15	0	1	0	0	0
1449.15	0	1	0	0	0
1448.15	0	1	0	0	0
1447.15	0	1	0	0	0
1446.15	0	1	0	0	0
1445.15	0	1	0	0	0
1444.15	0	1	0	0	0
1443.15	0	1	0	0	0
1442.15	0	1	0	0	0
1441.15	0	1	0	0	0
1440.15	0	1	0	0	0
1439.15	0	1	0	0	0
1438.15	0	1	0	0	0
1437.15	0	1	0	0	0
1436.15	0	1	0	0	0
1435.15	0	1	0	0	0
1434.15	0	1	0	0	0
1433.15	0	1	0	0	0
1432.15	0	1	0	0	0
1431.15	0	1	0	0	0
1430.15	0	1	0	0	0
1429.15	0	1	0	0	0
1428.15	0	1	0	0	0
1427.15	0	1	0	0	0
1426.15	0	1	0	0	0
1425.15	0	1	0	0	0
1424.15	0	1	0	0	0
1423.15	0	1	0	0	0
1422.15	0	1	0	0	0
1421.15	0	1	0	0	0
1420.15	0	1	0	0	0
1419.15	0	1	0	0	0
1418.15	0	1	0	0	0
1417.15	0	1	0	0	0
1416.15	0	1	0	0	0
1415.15	0	1	0	0	0
1414.15	0	1	0	0	0
1413.15	0	1	0	0	0
1412.15	0	1	0	0	0
1411.15	0	1	0	0	0
1410.15	0	1	0	0	0
1409.15	0	1	0	0	0
1408.15	0	1	0	0	0
1407.15	0	1	0	0	0
1406.15	0	1	0	0	0
1405.15	0	1	0	0	0
1404.15	0	1	0	0	0
1403.15	0	1	0	0	0
1402.15	0	1	0	0	0
1401.15	0	1	0	0	0
1400.15	0	1	0	0	0
1399.15	0	1	0	0	0
1398.15	0	1	0	0	0
1397.15	0	1	0	0	0
1396.15	0	1	0	0	0
1395.15	0	1	0	0	0
1394.15	0	1	0	0	0
1393.15	0	1	0	0	0
1392.15	0	1	0	0	0
1391.15	0	1	0	0	0
1390.15	0	1	0	0	0
1389.15	0	1	0	0	0
1388.15	0	1	0	0	0
1387.15	0	1	0	0	0
1386.15	0	1	0	0	0
1385.15	0	1	0	0	0
1384.15	0	1	0	0	0
1383.15	0	1	0	0	0
1382.15	0	1	0	0	0
1381.15	0	1	0	0	0
1380.15	0	1	0	0	0
1379.15	0	1	0	0	0
1378.15	0	1	0	0	0
1377.15	0	1	0	0	0
1376.15	0	1	0	0	0
1375.15	0	1	0	0	0
1374.15	0	1	0	0	0
1373.15	0	1	0	0	0
1372.15	0	1	0	0	0
1371.15	0	1	0	0	0
1370.15	0	1	0	0	0
1369.15	0	1	0	0	0
1368.15	0	1	0	0	0
1367.15	0	1	0	0	0
1366.15	0	1	0	0	0
1365.15	0	1	0	0	0
1364.15	0	1	0	0	0
1363.15	0	1	0	0	0
1362.15	0	1	0	0	0
1361.15	0	1	0	0	0
1360.15	0	1	0	0	0
1359.15	0	1	0	0	0
1358.15	0	1	0	0	0
1357.15	0	1	0	0	0
1356.15	0	1	0	0	0
1355.15	0	1	0	0	0
1354.15	0	1	0	0	0
1353.15	0	1	0	0	0
1352.15	0	1	0	0	0
1351.15	0	1	0	0	0
1350.15	0	1	0	0	0
1349.15	0	1	0	0	0
1348.15	0	1	0	0	0
1347.15	0	1	0	0	0
1346.15	0	1	0	0	0
1345.15	0	1	0	0	0
1344.15	0	1	0	0	0
1343.15	0	1	0	0	0
1342.15	0	1	0	0	0
1341.15	0	1	0	0	0
1340.15	0	1	0	0	0
1339.15	0	1	0	0	0
1338.15	0	1	0	0	0
1337.15	0	1	0	0	0
1336.15	0	1	0	0	0
1335.15	0	1	0	0	0
1334.15	0	1	0	0	0
1333.15	0	1	0	0	0
1332.15	0	1	0	0	0
1331.15	0	1	0	0	0
1330.15	0	1	0	0	0
1329.15	0	1	0	0	0
1328.15	0	1	0	0	0
1327.15	0	1	0	0	0
1326.15	0	1	0	0	0
1325.15	0	1	0	0	0
1324.15	0	1	0	0	0
1323.15	0	1	0	0	0
1322.15	0	1	0	0	0
1321.15	0	1	0	0	0
1320.15	0	1	0	0	0
1319.15	0	1	0	0	0
1318.15	0	1	0	0	0
1317.15	0	1	0	0	0
1316.15	0	1	0	0	0
1315.15	0	1	0	0	0
1314.15	0	1	0	0	0
1313.15	0	1	0	0	0
1312.15	0	1	0	0	0
1311.15	0	1	0	0	0
1310.15	0	1	0	0	0
1309.15	0	1	0	0	0
1308.15	0	1	0	0	0
1307.15	0	1	0	0	0
1306.15	0	1	0	0	0
1305.15	0	1	0	0	0
1304.15	0	1	0	0	0
1303.15	0	1	0	0	0
1302.15	0	1	0	0	0
1301.15	0	1	0	0	0
1300.15	0	1	0	0	0
1299.15	0	1	0	0	0
1298.15	0	1	0	0	0
1297.15	0	1	0	0	0
1296.15	0	1	0	0	0
1295.15	0	1	0	0	0
1294.15	0	1	0	0	0
1293.15	0	1	0	0	0
1292.15	0	1	0	0	0
1291.15	0	1	0	0	0
1290.15	0	1	0	0	0
1289.15	0	1	0	0	0
1288.15	0	1	0	0	0
1287.15	0	1	0	0	0
1286.15	0	1	0	0	0
1285.15	0	1	0	0	0
1284.15	0	1	0	0	0
1283.15	0	1	0	0	0
1282.15	0	1	0	0	0
1281.15	0	1	0	0	0
1280.15	0	1	0	0	0
1279.15	0	1	0	0	0
1278.15	0	1	0	0	0
1277.15	0	1	0	0	0
1276.15	0	1	0	0	0
1275.15	0	1	0	0	0
1274.15	0	1	0	0	0
1273.15	0	1	0	0	0
1272.15	0	1	0	0	0
1271.15	0	1	0	0	0
1270.15	0	1	0	0	0
1269.15	0	1	0	0	0
1268.15	0	1	0	0	0
1267.15	0	1	0	0	0
1266.15	0	1	0	0	0
1265.15	0	1	0	0	0
1264.15	0	1	0	0	0
1263.15	0	1	0	0	0
1262.15	0	1	0	0	0
1261.15	0	1	0	0	0
1260.15	0	1	0	0	0
1259.15	0	1	0	0	0
1258.15	0	1	0	0	0
1257.15	0	1	0	0	0
1256.15	0	1	0	0	0
1255.15	0	1	0	0	0
1254.15	0	1	0	0	0
1253.15	0	1	0	0	0
1252.15	0	1	0	0	0
1251.15	0	1	0	0	0
1250.15	0	1	0	0	0
1249.15	0	1	0	0	0
1248.15	0	1	0	0	0
1247.15	0	1	0	0	0
1246.15	0	1	0	0	0
1245.15	0	1	0	0	0
1244.15	0	1	0	0	0
1243.15	0	1	0	0	0
1242.15	0	1	0	0	0
1241.15	0	1	0	0	0
1240.15	0	1	0	0	0
1239.15	0	1	0	0	0
1238.15	0	1	0	0	0
1237.15	0	1	0	0	0
1236.15	0	1	0	0	0
1235.15	0	1	0	0	0
1234.15	0	1	0	0	0
1233.15	0	1	0	0	0
1232.15	0	1	0	0	0
1231.15	0	1	0	0	0
1230.15	0	1	0	0	0
1229.15	0	1	0	0	0
1228.15	0	1	0	0	0
1227.15	0	1	0	0	0
1226.15	0	1	0	0	0
1225.15	0	1	0	0	0
1224.15	0	1	0	0	0
1223.15	0	1	0	0	0
1222.15	0	1	0	0	0
1221.15	0	1	0	0	0
1220.15	0	1	0	0	0
1219.15	0	1	0	0	0
1218.15	0	1	0	0	0
1217.15	0	1	0	0	0
1216.15	0	1	0	0	0
1215.15	0	1	0	0	0
1214.15	0	1	0	0	0
1213.15	0	1	0	0	0
1212.15	0	1	0	0	0
1211.15	0	1	0	0	0
1210.15	0	1	0	0	0
1209.15	0	1	0	0	0
1208.15	0	1	0	0	0
1207.15	0	1	0	0	0
1206.15	0	1	0	0	0
1205.15	0	1	0	0	0
1204.15	0	1	0	0	0
1203.15	0	1	0	0	0
1202.15	0	1	0	0	0
1201.15	0	1	0	0	0
1200.15	0	1	0	0	0
1199.15	0	1	0	0	0
1198.15	0	1	0	0	0
1197.15	0	1	0	0	0
1196.15	0	1	0	0	0
1195.15	0	1	0	0	0
1194.15	0	1	0	0	0
1193.15	0	1	0	0	0
1192.15	0	1	0	0	0
1191.15	0	1	0	0	0
1190.15	0	1	0	0	0
1189.15	0	1	0	0	0
1188.15	0	1	0	0	0
1187.15	0	1	0	0	0
1186.15	0	1	0	0	0
1185.15	0	1	0	0	0
1184.15	0	1	0	0	0
1183.15	0	1	0	0	0
1182.15	0	1	0	0	0
1181.15	0	1	0	0	0
1180.15	0	1	0	0	0
1179.15	0	1	0	0	0
1178.15	0	1	0	0	0
1177.15	0	1	0	0	0
1176.15	0	1	0	0	0
1175.15	0	1	0	0	0
1174.15	0	1	0	0	0
1173.15	0	1	0	0	0
1172.15	0	1	0	0	0
1171.15	0	1	0	0	0
1170.15	0	1	0	0	0
1169.15	0	1	0	0	0
1168.15	0	1	0	0	0
1168.027	0	1	0	0	0
1168.027	0	1	0	0	0
1168.027	0	1	0	0	0
1167.15	0	.9995535	0	4.465444E-04	0
1166.15	0	.9990453	0	9.546853E-04	0
1165.15	0	.9985382	0	.001461763	0
1164.15	0	.9980322	0	.001967781	0
1163.15	0	.9975273	0	.00247274	0
1162.15	0	.9970234	0	.002976643	0
1161.15	0	.9965205	0	.003479493	0
1160.15	0	.9960187	0	.003981291	0
1159.15	0	.995518	0	.00448204	0
1158.15	0	.9950183	0	.004981743	0
1157.15	0	.9945196	0	.005480401	0
1156.15	0	.994022	0	.005978017	0
1155.15	0	.9935254	0	.006474593	0
1154.15	0	.9930298	0	.006970154	0
1153.15	0	.9925353	0	.007464657	0
1152.15	0	.9920419	0	.007958126	0
1151.15	0	.9915494	0	.008450565	0
1150.15	0	.991058	0	.008941975	0
1149.15	0	.9905676	0	.009432358	0
1148.15	0	.9900783	0	.009921717	0
1147.15	0	.98959	0	.01041005	0
1146.15	0	.9891026	0	.01089737	0
1145.15	0	.9886163	0	.01138367	0
1144.15	0	.9881311	0	.01186895	0
1143.15	0	.9876468	0	.01235322	0
1142.15	0	.9871635	0	.01283648	0
1141.15	0	.9866813	0	.01331873	0
1140.15	0	.9862	0	.01379998	0
1139.15	0	.9857198	0	.01428021	0
1138.15	0	.9852405	0	.01475945	0
1137.15	0	.9847623	0	.01523768	0
1136.15	0	.9842851	0	.01571491	0
1135.15	0	.9838088	0	.01619115	0
1134.15	0	.9833336	0	.0166664	0
1133.15	0	.9828594	0	.01714065	0
1132.15	0	.9823861	0	.01761391	0
1131.15	0	.9819138	0	.01808618	0
1130.15	0	.9814425	0	.01855747	0
1129.15	0	.9809722	0	.01902777	0
1128.15	0	.9805029	0	.01949709	0
1127.15	0	.9800346	0	.01996542	0
1126.15	0	.9795672	0	.02043279	0
1125.15	0	.9791008	0	.02089917	0
1124.15	0	.9786354	0	.02136458	0
1123.15	0	.978171	0	.02182901	0
1122.15	0	.9777075	0	.02229248	0
1121.15	0	.977245	0	.02275498	0
1120.15	0	.9767835	0	.02321651	0
1119.15	0	.9763229	0	.02367707	0
1118.15	0	.9758633	0	.02413668	0
1117.15	0	.9754047	0	.02459532	0
1116.15	0	.974947	0	.025053	0
1115.15	0	.9744903	0	.02550973	0
1114.15	0	.9740345	0	.0259655	0
1113.15	0	.9735797	0	.02642032	0
1112.15	0	.9731258	0	.02687418	0
1111.15	0	.9726729	0	.0273271	0
1110.15	0	.9722209	0	.02777906	0
1109.15	0	.9717699	0	.02823009	0
1108.15	0	.9713198	0	.02868017	0
1107.15	0	.9708707	0	.0291293	0
1106.15	0	.9704225	0	.0295775	0
1105.15	0	.9699753	0	.03002475	0
1104.15	0	.9695289	0	.03047107	0
1103.15	0	.9690835	0	.03091646	0
1102.15	0	.9686391	0	.03136091	0
1101.15	0	.9681956	0	.03180443	0
1100.15	0	.967753	0	.03224702	0
1099.15	0	.9673113	0	.03268868	0
1098.15	0	.9668706	0	.03312941	0
1097.15	0	.9664308	0	.03356922	0
1096.15	0	.9659919	0	.03400811	0
1095.15	0	.9655539	0	.03444608	0
1094.15	0	.9651169	0	.03488312	0
1093.15	0	.9646807	0	.03531925	0
1092.15	0	.9642455	0	.03575447	0
1091.15	0	.9638112	0	.03618876	0
1090.15	0	.9633779	0	.03662215	0
1089.15	0	.9629454	0	.03705463	0
1088.15	0	.9625138	0	.03748619	0
1087.15	0	.9620831	0	.03791685	0
1086.15	0	.9616534	0	.0383466	0
1085.15	0	.9612246	0	.03877545	0
1084.15	0	.9607966	0	.0392034	0
1083.15	0	.9603696	0	.03963044	0
1082.15	0	.9599434	0	.04005658	0
1081.15	0	.9595182	0	.04048183	0
1080.15	0	.9590938	0	.04090618	0
1079.15	0	.9586704	0	.04132964	0
1078.15	0	.9582478	0	.0417522	0
1077.15	0	.9578261	0	.04217387	0
1076.15	0	.9574054	0	.04259465	0
1075.15	0	.9569855	0	.04301455	0
1074.15	0	.9565665	0	.04343355	0
1073.15	0	.9561483	0	.04385167	0
1072.15	0	.9557311	0	.04426891	0
1071.15	0	.9553147	0	.04468526	0
1070.15	0	.9548993	0	.04510074	0
1069.15	0	.9544847	0	.04551533	0
1068.15	0	.954071	0	.04592905	0
1067.15	0	.9536581	0	.04634189	0
1066.15	0	.9532461	0	.04675386	0
1065.15	0	.9528351	0	.04716495	0
1064.15	0	.9524248	0	.04757517	0
1063.15	0	.9520155	0	.04798453	0
1062.15	0	.951607	0	.04839301	0
1061.15	0	.9511994	0	.04880063	0
1060.15	0	.9507926	0	.04920738	0
1059.15	0	.9503867	0	.04961326	0
1058.15	0	.9499817	0	.05001829	0
1057.15	0	.9495776	0	.05042245	0
1056.15	0	.9491743	0	.05082575	0
1055.15	0	.9487718	0	.05122819	0
1054.15	0	.9483702	0	.05162978	0
1053.15	0	.9479695	0	.05203051	0
1052.15	0	.9475696	0	.05243038	0
1051.15	0	.9471706	0	.0528294	0
1050.15	0	.9467724	0	.05322757	0
1049.15	0	.9463751	0	.0536249	0
1048.15	0	.9459786	0	.05402137	0
1047.15	0	.945583	0	.05441699	0
1046.15	0	.9451882	0	.05481177	0
1045.15	0	.9447943	0	.0552057	0
1044.15	0	.9444012	0	.05559879	0
1043.15	0	.944009	0	.05599104	0
1042.15	0	.9436175	0	.05638245	0
1041.15	0	.943227	0	.05677302	0
1040.15	0	.9428373	0	.05716275	0
1039.15	0	.9424484	0	.05755164	0
1038.15	0	.9420603	0	.0579397	0
1037.15	0	.9416731	0	.05832692	0
1036.15	0	.9412867	0	.05871331	0
1035.15	0	.9409011	0	.05909887	0
1034.15	0	.9405164	0	.0594836	0
1033.15	0	.9401325	0	.05986749	0
1032.15	0	.9397494	0	.06025056	0
1031.15	0	.9393672	0	.06063281	0
1030.15	0	.9389858	0	.06101423	0
1029.15	0	.9386052	0	.06139482	0
1028.15	0	.9382254	0	.0617746	0
1027.15	0	.9378464	0	.06215355	0
1026.15	0	.9374683	0	.06253168	0
1025.15	0	.937091	0	.06290899	0
1024.15	0	.9367145	0	.06328548	0
1023.15	0	.9363388	0	.06366116	0
1022.15	0	.935964	0	.06403602	0
1021.15	0	.9355899	0	.06441007	0
1020.15	0	.9352167	0	.0647833	0
1019.15	0	.9348443	0	.06515572	0
1018.15	0	.9344727	0	.06552733	0
1017.15	0	.9341019	0	.06589813	0
1016.15	0	.9337319	0	.06626813	0
1015.15	0	.9333627	0	.06663731	0
1014.15	0	.9329943	0	.06700569	0
1013.15	0	.9326267	0	.06737327	0
1012.15	0	.93226	0	.06774004	0
1011.15	0	.931894	0	.06810601	0
1010.15	0	.9315288	0	.06847117	0
1009.15	0	.9311645	0	.06883554	0
1008.15	0	.9308009	0	.06919911	0
1007.15	0	.9304381	0	.06956188	0
1006.15	0	.9300762	0	.06992385	0
1005.15	0	.929715	0	.07028503	0
1004.15	0	.9293546	0	.07064541	0
1003.15	0	.928995	0	.07100499	0
1002.15	0	.9286362	0	.07136379	0
1001.15	0	.9282782	0	.07172179	0
1000.15	0	.927921	0	.072079	0
999.15	0	.9275646	0	.07243543	0
998.15	0	.9272089	0	.07279106	0
997.15	0	.9268541	0	.07314591	0
996.15	0	.9265	0	.07349997	0
995.15	0	.9261468	0	.07385325	0
994.15	0	.9257943	0	.07420574	0
993.15	0	.9254426	0	.07455745	0
992.15	0	.9250916	0	.07490837	0
991.15	0	.9247415	0	.07525852	0
990.15	0	.9243921	0	.07560788	0
989.15	0	.9240435	0	.07595647	0
988.15	0	.9236957	0	.07630428	0
987.15	0	.9233487	0	.07665131	0
986.15	0	.9230024	0	.07699757	0
985.15	0	.922657	0	.07734304	0
984.15	0	.9223123	0	.07768775	0
983.15	0	.9219683	0	.07803168	0
982.15	0	.9216252	0	.07837485	0
981.15	0	.9212828	0	.07871723	0
980.15	0	.9209411	0	.07905885	0
979.15	0	.9206003	0	.07939971	0
978.15	0	.9202602	0	.07973979	0
977.15	0	.9199209	0	.0800791	0
976.15	0	.9195823	0	.08041765	0
975.15	0	.9192446	0	.08075544	0
974.15	0	.9189075	0	.08109246	0
973.15	0	.9185713	0	.08142871	0
972.15	0	.9182358	0	.08176421	0
971.15	0	.9179011	0	.08209894	0
970.15	0	.9175671	0	.08243291	0
969.15	0	.9172339	0	.08276612	0
968.15	0	.9169014	0	.08309857	0
967.15	0	.9165697	0	.08343027	0
966.15	0	.9162388	0	.08376121	0
965.15	0	.9159086	0	.08409139	0
964.15	0	.9155792	0	.08442081	0
963.15	0	.9152505	0	.08474949	0
962.15	0	.9149226	0	.08507741	0
961.15	0	.9145954	0	.08540457	0
960.15	0	.914269	0	.08573099	0
959.15	0	.9139433	0	.08605665	0
958.15	0	.9136184	0	.08638157	0
957.15	0	.9132943	0	.08670573	0
956.15	0	.9129709	0	.08702915	0
955.15	0	.9126482	0	.08735182	0
954.15	0	.9123263	0	.08767374	0
953.15	0	.9120051	0	.08799492	0
952.15	0	.9116846	0	.08831535	0
951.15	0	.911365	0	.08863504	0
950.15	0	.911046	0	.08895399	0
949.15	0	.9107278	0	.08927219	0
948.15	0	.9104103	0	.08958966	0
947.15	0	.9100936	0	.08990638	0
946.15	0	.9097776	0	.09022236	0
945.15	0	.9094624	0	.0905376	0
944.15	0	.9091479	0	.09085211	0
943.15	0	.9088341	0	.09116588	0
942.15	0	.9085211	0	.09147891	0
941.15	0	.9082088	0	.09179121	0
940.15	0	.9078972	0	.09210277	0
939.15	0	.9075864	0	.0924136	0
938.15	0	.9072763	0	.09272369	0
937.15	0	.9069669	0	.09303306	0
936.15	0	.9066583	0	.09334169	0
935.15	0	.9063504	0	.09364959	0
934.15	0	.9060432	0	.09395676	0
933.15	0	.9057368	0	.0942632	0
932.15	0	.9054311	0	.09456891	0
931.15	0	.9051261	0	.0948739	0
930.15	0	.9048218	0	.09517816	0
929.15	0	.9045183	0	.09548169	0
928.15	0	.9042155	0	.0957845	0
927.15	0	.9039134	0	.09608658	0
926.15	0	.9036121	0	.09638794	0
925.15	0	.9033114	0	.09668858	0
924.15	0	.9030115	0	.09698849	0
923.15	0	.9027123	0	.09728769	0
922.15	0	.9024138	0	.09758616	0
921.15	0	.9021161	0	.09788391	0
920.15	0	.901819	0	.09818095	0
919.15	0	.9015227	0	.09847726	0
918.15	0	.9012271	0	.09877286	0
917.15	0	.9009323	0	.09906774	0
916.15	0	.9006381	0	.09936191	0
915.15	0	.9003446	0	.09965536	0
914.15	0	.9000519	0	.09994809	0
913.15	0	.8997599	0	.1002401	0
912.15	0	.8994686	0	.1005314	0
911.15	0	.899178	0	.100822	0
910.15	0	.8988881	0	.1011119	0
909.15	0	.8985989	0	.1014011	0
908.15	0	.8983105	0	.1016895	0
907.15	0	.8980227	0	.1019773	0
906.15	0	.8977356	0	.1022644	0
905.15	0	.8974493	0	.1025507	0
904.15	0	.8971637	0	.1028363	0
903.15	0	.8968788	0	.1031212	0
902.15	0	.8965945	0	.1034055	0
901.15	0	.896311	0	.103689	0
900.15	0	.8960282	0	.1039718	0
899.15	0	.8957461	0	.1042539	0
898.15	0	.8954647	0	.1045353	0
897.15	0	.895184	0	.104816	0
896.15	0	.894904	0	.105096	0
895.15	0	.8946247	0	.1053753	0
894.15	0	.8943461	0	.1056539	0
893.15	0	.8940682	0	.1059318	0
892.15	0	.893791	0	.106209	0
891.15	0	.8935145	0	.1064855	0
890.15	0	.8932387	0	.1067614	0
889.15	0	.8929635	0	.1070365	0
888.15	0	.8926891	0	.1073109	0
887.15	0	.8924154	0	.1075846	0
886.15	0	.8921423	0	.1078577	0
885.15	0	.89187	0	.10813	0
884.15	0	.8915984	0	.1084016	0
883.15	0	.8913274	0	.1086726	0
882.15	0	.8910571	0	.1089429	0
881.15	0	.8907875	0	.1092125	0
880.15	0	.8905187	0	.1094813	0
879.15	0	.8902505	0	.1097495	0
878.15	0	.8899829	0	.1100171	0
877.15	0	.8897161	0	.1102839	0
876.15	0	.88945	0	.11055	0
875.15	0	.8891845	0	.1108155	0
874.15	0	.8889197	0	.1110803	0
873.15	0	.8886557	0	.1113444	0
872.15	0	.8883922	0	.1116078	0
871.15	0	.8881295	0	.1118705	0
870.15	0	.8878675	0	.1121325	0
869.15	0	.8876061	0	.1123939	0
868.15	0	.8873454	0	.1126546	0
867.15	0	.8870854	0	.1129146	0
866.15	0	.8868261	0	.1131739	0
865.15	0	.8865674	0	.1134326	0
864.15	0	.8863094	0	.1136906	0
863.15	0	.8860521	0	.1139479	0
862.15	0	.8857955	0	.1142045	0
861.15	0	.8855395	0	.1144605	0
860.15	0	.8852842	0	.1147158	0
859.15	0	.8850296	0	.1149704	0
858.15	0	.8847757	0	.1152243	0
857.15	0	.8845224	0	.1154776	0
856.15	0	.8842698	0	.1157302	0
855.15	0	.8840179	0	.1159821	0
854.15	0	.8837666	0	.1162334	0
853.15	0	.883516	0	.116484	0
852.15	0	.8832661	0	.116734	0
851.15	0	.8830168	0	.1169832	0
850.15	0	.8827682	0	.1172319	0
849.15	0	.8825202	0	.1174798	0
848.15	0	.8822729	0	.1177271	0
847.15	0	.8820263	0	.1179737	0
846.15	0	.8817803	0	.1182197	0
845.15	0	.881535	0	.118465	0
844.15	0	.8812903	0	.1187097	0
843.15	0	.8810463	0	.1189537	0
842.6656	0	.8809284	0	.1190717	0
842.6656	0	.8809284	0	.1190717	0
842.6656	0	.8809284	0	.1190717	0
842.15	0	.8803728	5.021534E-04	.1191251	0
841.15	0	.8792939	.001479215	.1192268	0
840.15	0	.8782132	.002460678	.1193262	0
839.15	0	.8771303	.00344675	.1194229	0
838.15	0	.8760452	.004437652	.1195172	0
837.15	0	.8749576	.005433611	.1196088	0
836.15	0	.8738674	.006434866	.1196978	0
835.15	0	.8727743	.007441667	.119784	0
834.15	0	.8716782	.008454276	.1198675	0
833.15	0	.8705789	.009472965	.1199481	0
832.15	0	.8694761	.01049802	.1200259	0
831.15	0	.8683695	.01152975	.1201007	0
830.15	0	.867259	.01256846	.1201725	0
829.15	0	.8661443	.01361449	.1202412	0
828.15	0	.865025	.01466819	.1203068	0
827.15	0	.863901	.01572992	.1203691	0
826.15	0	.8627718	.01680008	.1204281	0
825.15	0	.8616372	.01787908	.1204837	0
824.15	0	.8604969	.01896734	.1205358	0
823.15	0	.8593504	.02006533	.1205843	0
822.15	0	.8581973	.02117352	.1206292	0
821.15	0	.8570374	.02229245	.1206702	0
820.15	0	.8558701	.02342265	.1207073	0
819.15	0	.8546949	.02456471	.1207404	0
818.15	0	.8535115	.02571924	.1207693	0
817.15	0	.8523192	.02688691	.1207939	0
816.15	0	.8511175	.02806843	.1208141	0
815.15	0	.8499058	.02926454	.1208297	0
814.15	0	.8486835	.03047608	.1208405	0
813.15	0	.8474498	.0317039	.1208463	0
812.15	0	.846204	.03294895	.1208471	0
811.15	0	.8449453	.03421224	.1208424	0
810.15	0	.8436729	.03549487	.1208322	0
809.15	0	.8423858	.03679804	.1208162	0
808.15	0	.8410829	.03812304	.1207941	0
807.15	0	.8397631	.03947128	.1207656	0
806.15	0	.8384253	.0408443	.1207304	0
805.15	0	.837068	.04224382	.1206882	0
804.15	0	.8353097	.04411559	.1205747	0
803.15	0	.8331871	.04641948	.1203934	0
802.15	0	.8311416	.04864046	.1202179	0
801.15	0	.8291688	.05078323	.1200479	0
800.15	0	.8272646	.05285215	.1198832	0
799.15	0	.8254251	.0548513	.1197236	0
798.15	0	.8236468	.05678446	.1195687	0
797.15	0	.8219263	.05865516	.1194185	0
796.15	0	.8202606	.06046668	.1192727	0
795.15	0	.8186468	.06222209	.1191311	0
794.15	0	.8170822	.06392424	.1189935	0
793.15	0	.8155644	.0655758	.1188598	0
792.15	0	.8140911	.06717926	.1187296	0
791.15	0	.81266	.06873695	.118603	0
790.15	0	.8112692	.07025104	.1184797	0
789.15	0	.8099168	.07172358	.1183596	0
788.15	0	.808601	.07315649	.1182425	0
787.15	0	.8073209	.07455093	.1181282	0
786.15	0	.8060733	.0759099	.1180168	0
785.15	0	.8048577	.07723429	.117908	0
784.15	0	.8036726	.07852559	.1178018	0
783.15	0	.8025167	.07978522	.117698	0
782.15	0	.8013889	.0810145	.1175966	0
781.15	0	.800288	.08221467	.1174973	0
780.15	0	.7992129	.08338691	.1174002	0
779.15	0	.7981625	.08453235	.1173051	0
778.15	0	.797136	.08565203	.117212	0
777.15	0	.7961324	.08674695	.1171207	0
776.15	0	.7951507	.08781806	.1170312	0
775.15	0	.7941903	.08886625	.1169435	0
774.15	0	.7932503	.08989238	.1168573	0
773.15	0	.7923299	.09089726	.1167728	0
772.15	0	.7914286	.09188164	.1166898	0
771.15	0	.7905455	.09284626	.1166082	0
770.15	0	.7896801	.09379182	.1165281	0
769.15	0	.7888318	.09471897	.1164492	0
768.15	0	.7879999	.09562835	.1163717	0
767.15	0	.787184	.09652055	.1162954	0
766.15	0	.7863835	.09739615	.1162203	0
765.15	0	.7855979	.09825569	.1161464	0
764.15	0	.7848268	.0990997	.1160735	0
763.15	0	.7840696	.09992867	.1160018	0
762.15	0	.7833259	.1007431	.115931	0
761.15	0	.7825954	.1015434	.1158612	0
760.15	0	.7818776	.1023301	.1157924	0
759.15	0	.7811721	.1031035	.1157245	0
758.15	0	.7804786	.103864	.1156574	0
757.15	0	.7797967	.1046121	.1155912	0
756.15	0	.779126	.1053481	.1155258	0
755.15	0	.7784664	.1060724	.1154613	0
754.15	0	.7778173	.1067852	.1153974	0
753.15	0	.7771787	.107487	.1153343	0
752.15	0	.77655	.1081781	.1152719	0
751.15	0	.7759312	.1088586	.1152102	0
750.15	0	.7753219	.1095291	.1151491	0
749.15	0	.7747218	.1101896	.1150887	0
748.15	0	.7741307	.1108405	.1150288	0
747.15	0	.7735484	.111482	.1149696	0
746.15	0	.7729747	.1121144	.1149109	0
745.15	0	.7724093	.1127379	.1148528	0
744.15	0	.771852	.1133528	.1147952	0
743.15	0	.7713026	.1139593	.1147381	0
742.15	0	.7707609	.1145576	.1146815	0
741.15	0	.7702268	.1151478	.1146254	0
740.15	0	.7697	.1157303	.1145697	0
739.15	0	.7691803	.1163052	.1145145	0
738.15	0	.7686676	.1168726	.1144597	0
737.15	0	.7681618	.1174328	.1144054	0
736.15	0	.7676626	.117986	.1143514	0
735.15	0	.7671699	.1185322	.1142978	0
734.15	0	.7666836	.1190718	.1142446	0
733.15	0	.7662035	.1196047	.1141917	0
732.15	0	.7657295	.1201312	.1141393	0
731.15	0	.7652614	.1206515	.1140871	0
730.15	0	.7647991	.1211656	.1140353	0
729.15	0	.7643425	.1216738	.1139837	0
728.15	0	.7638915	.122176	.1139325	0
727.15	0	.7634458	.1226726	.1138816	0
726.15	0	.7630055	.1231635	.113831	0
725.15	0	.7625704	.123649	.1137806	0
724.15	0	.7621404	.1241291	.1137305	0
723.15	0	.7617154	.124604	.1136807	0
722.15	0	.7612952	.1250737	.1136311	0
721.15	0	.7608798	.1255384	.1135818	0
720.15	0	.7604692	.1259982	.1135327	0
719.15	0	.7600631	.1264531	.1134838	0
718.15	0	.7596615	.1269034	.1134351	0
717.15	0	.7592643	.127349	.1133867	0
716.15	0	.7588715	.1277901	.1133384	0
715.15	0	.7584829	.1282268	.1132904	0
714.15	0	.7580984	.1286591	.1132425	0
713.15	0	.757718	.1290871	.1131948	0
712.15	0	.7573417	.129511	.1131474	0
711.15	0	.7569692	.1299308	.1131	0
710.15	0	.7566006	.1303465	.1130529	0
709.15	0	.7562358	.1307583	.1130059	0
708.15	0	.7558747	.1311662	.1129591	0
707.15	0	.7555173	.1315704	.1129124	0
706.15	0	.7551634	.1319708	.1128659	0
705.15	0	.754813	.1323675	.1128195	0
704.15	0	.7544661	.1327607	.1127732	0
703.15	0	.7541226	.1331503	.1127271	0
702.15	0	.7537824	.1335365	.1126811	0
701.15	0	.7534455	.1339193	.1126353	0
700.15	0	.7531118	.1342987	.1125895	0
699.15	0	.7527812	.1346749	.1125439	0
698.15	0	.7524538	.1350478	.1124984	0
697.15	0	.7521294	.1354176	.112453	0
696.15	0	.7518081	.1357842	.1124077	0
695.15	0	.7514897	.1361479	.1123625	0
694.15	0	.7511741	.1365085	.1123174	0
693.15	0	.7508615	.1368661	.1122724	0
692.15	0	.7505516	.1372208	.1122275	0
691.15	0	.7502446	.1375727	.1121827	0
690.15	0	.7499402	.1379218	.112138	0
689.15	0	.7496386	.1382681	.1120934	0
688.15	0	.7493395	.1386117	.1120488	0
687.15	0	.7490431	.1389526	.1120043	0
686.15	0	.7487492	.1392909	.11196	0
685.15	0	.7484578	.1396265	.1119156	0
684.15	0	.7481689	.1399597	.1118714	0
683.15	0	.7478825	.1402903	.1118272	0
682.15	0	.7475984	.1406185	.1117831	0
681.15	0	.7473168	.1409442	.1117391	0
680.15	0	.7470374	.1412675	.1116951	0
679.15	0	.7467604	.1415885	.1116512	0
678.15	0	.7464856	.1419071	.1116073	0
677.15	0	.746213	.1422235	.1115635	0
676.15	0	.7459427	.1425375	.1115198	0
675.15	0	.7456745	.1428494	.1114761	0
674.15	0	.7454085	.1431591	.1114325	0
673.15	0	.7451445	.1434666	.1113889	0
672.15	0	.7448827	.143772	.1113454	0
671.15	0	.7446228	.1440753	.1113019	0
670.15	0	.744365	.1443765	.1112585	0
669.15	0	.7441092	.1446757	.1112151	0
668.15	0	.7438554	.1449729	.1111717	0
667.15	0	.7436035	.1452681	.1111284	0
666.15	0	.7433535	.1455613	.1110852	0
665.15	0	.7431054	.1458526	.111042	0
664.15	0	.7428592	.146142	.1109988	0
663.15	0	.7426148	.1464295	.1109557	0
662.15	0	.7423722	.1467152	.1109126	0
661.15	0	.7421314	.146999	.1108695	0
660.15	0	.7418924	.1472811	.1108265	0
659.15	0	.7416551	.1475614	.1107835	0
658.15	0	.7414196	.1478398	.1107406	0
657.15	0	.7411857	.1481166	.1106977	0
656.15	0	.7409535	.1483917	.1106548	0
655.15	0	.740723	.148665	.110612	0
654.15	0	.7404941	.1489367	.1105691	0
653.15	0	.7402669	.1492068	.1105264	0
652.15	0	.7400412	.1494752	.1104836	0
651.15	0	.7398171	.149742	.1104409	0
650.15	0	.7395946	.1500072	.1103982	0
649.15	0	.7393736	.1502709	.1103555	0
648.15	0	.7391541	.150533	.1103129	0
647.15	0	.7389362	.1507935	.1102703	0
646.15	0	.7387197	.1510526	.1102277	0
645.15	0	.7385047	.1513101	.1101852	0
644.15	0	.7382912	.1515662	.1101426	0
643.15	0	.7380791	.1518208	.1101001	0
642.15	0	.7378684	.152074	.1100577	0
641.15	0	.7376591	.1523257	.1100152	0
640.15	0	.7374512	.152576	.1099728	0
639.15	0	.7372447	.1528249	.1099304	0
638.15	0	.7370395	.1530724	.109888	0
637.15	0	.7368357	.1533186	.1098457	0
636.15	0	.7366333	.1535634	.1098033	0
635.15	0	.7364321	.1538069	.109761	0
634.15	0	.7362322	.154049	.1097188	0
633.15	0	.7360336	.1542899	.1096765	0
632.15	0	.7358363	.1545294	.1096343	0
631.15	0	.7356402	.1547677	.1095921	0
630.15	0	.7354454	.1550047	.1095499	0
629.15	0	.7352519	.1552404	.1095077	0
628.15	0	.7350595	.1554749	.1094656	0
627.15	0	.7348684	.1557081	.1094235	0
626.15	0	.7346784	.1559402	.1093814	0
625.15	0	.7344896	.156171	.1093393	0
624.15	0	.7343021	.1564006	.1092973	0
623.15	0	.7341156	.1566291	.1092553	0
622.15	0	.7339303	.1568564	.1092133	0
621.15	0	.7337462	.1570825	.1091713	0
620.15	0	.7335632	.1573075	.1091294	0
619.15	0	.7333813	.1575313	.1090875	0
618.15	0	.7332005	.157754	.1090456	0
617.15	0	.7330208	.1579756	.1090037	0
616.15	0	.7328421	.158196	.1089618	0
615.15	0	.7326646	.1584154	.10892	0
614.15	0	.7324881	.1586337	.1088782	0
613.15	0	.7323127	.1588509	.1088364	0
612.15	0	.7321383	.1590671	.1087947	0
611.15	0	.7319649	.1592822	.108753	0
610.15	0	.7317926	.1594962	.1087112	0
609.15	0	.7316213	.1597092	.1086696	0
608.15	0	.7314509	.1599211	.1086279	0
607.15	0	.7312816	.1601321	.1085863	0
606.15	0	.7311133	.160342	.1085447	0
605.15	0	.730946	.1605509	.1085031	0
604.15	0	.7307796	.1607588	.1084616	0
603.15	0	.7306142	.1609658	.1084201	0
602.15	0	.7304497	.1611717	.1083786	0
601.15	0	.7302862	.1613767	.1083371	0
600.15	0	.7301236	.1615807	.1082957	0
599.15	0	.729962	.1617837	.1082543	0
598.15	0	.7298013	.1619858	.1082129	0
597.15	0	.7296415	.162187	.1081716	0
596.15	0	.7294826	.1623872	.1081302	0
595.15	0	.7293246	.1625865	.1080889	0
594.15	0	.7291675	.1627848	.1080477	0
593.15	0	.7290113	.1629823	.1080065	0
592.15	0	.7288559	.1631788	.1079653	0
591.15	0	.7287015	.1633745	.1079241	0
590.15	0	.7285479	.1635692	.107883	0
589.15	0	.7283951	.163763	.1078419	0
588.15	0	.7282432	.163956	.1078008	0
587.15	0	.7280922	.1641481	.1077597	0
586.15	0	.727942	.1643393	.1077187	0
585.15	0	.7277926	.1645297	.1076778	0
584.15	0	.727644	.1647191	.1076368	0
583.15	0	.7274963	.1649078	.1075959	0
582.15	0	.7273494	.1650956	.1075551	0
581.15	0	.7272033	.1652825	.1075142	0
580.15	0	.7270579	.1654686	.1074734	0
579.15	0	.7269134	.1656539	.1074327	0
578.15	0	.7267697	.1658384	.1073919	0
577.15	0	.7266267	.166022	.1073513	0
576.15	0	.7264846	.1662048	.1073106	0
575.15	0	.7263432	.1663868	.10727	0
574.15	0	.7262026	.166568	.1072294	0
573.15	0	.7260627	.1667484	.1071889	0
572.15	0	.7259236	.166928	.1071484	0
571.15	0	.7257852	.1671068	.107108	0
570.15	0	.7256476	.1672849	.1070675	0
569.15	0	.7255107	.1674621	.1070272	0
568.15	0	.7253746	.1676386	.1069868	0
567.15	0	.7252392	.1678142	.1069466	0
566.15	0	.7251045	.1679892	.1069063	0
565.15	0	.7249706	.1681633	.1068661	0
564.15	0	.7248373	.1683367	.106826	0
563.15	0	.7247048	.1685094	.1067858	0
562.15	0	.724573	.1686813	.1067458	0
561.15	0	.7244419	.1688524	.1067058	0
560.15	0	.7243114	.1690228	.1066658	0
559.15	0	.7241817	.1691924	.1066259	0
558.15	0	.7240527	.1693614	.106586	0
557.15	0	.7239243	.1695295	.1065461	0
556.15	0	.7237967	.169697	.1065063	0
555.15	0	.7236697	.1698637	.1064666	0
554.15	0	.7235434	.1700297	.1064269	0
553.15	0	.7234177	.170195	.1063873	0
552.15	0	.7232927	.1703596	.1063477	0
551.15	0	.7231684	.1705234	.1063082	0
550.15	0	.7230447	.1706866	.1062687	0
549.15	0	.7229217	.170849	.1062293	0
548.15	0	.7227994	.1710108	.1061899	0
547.15	0	.7226776	.1711718	.1061505	0
546.15	0	.7225566	.1713322	.1061113	0
545.15	0	.7224361	.1714918	.1060721	0
544.15	0	.7223163	.1716508	.1060329	0
543.15	0	.7221972	.1718091	.1059938	0
542.15	0	.7220786	.1719667	.1059547	0
541.15	0	.7219607	.1721236	.1059157	0
540.15	0	.7218434	.1722798	.1058768	0
539.15	0	.7217267	.1724354	.1058379	0
538.15	0	.7216106	.1725903	.1057991	0
537.15	0	.7214953	.1727445	.1057603	0
536.15	0	.7213804	.172898	.1057216	0
535.15	0	.7212662	.1730509	.1056829	0
534.15	0	.7211525	.1732031	.1056444	0
533.15	0	.7210395	.1733547	.1056058	0
532.15	0	.720927	.1735056	.1055674	0
531.15	0	.7208152	.1736558	.105529	0
530.15	0	.7207039	.1738054	.1054907	0
529.15	0	.7205932	.1739544	.1054524	0
528.15	0	.7204831	.1741027	.1054142	0
527.15	0	.7203736	.1742503	.1053761	0
526.15	0	.7202647	.1743973	.105338	0
525.15	0	.7201563	.1745437	.1053	0
524.15	0	.7200485	.1746894	.1052621	0
523.15	0	.7199413	.1748345	.1052242	0
522.15	0	.7198346	.174979	.1051864	0
521.15	0	.7197285	.1751228	.1051487	0
520.15	0	.719623	.175266	.105111	0
519.15	0	.719518	.1754086	.1050734	0
518.15	0	.7194136	.1755505	.1050359	0
517.15	0	.7193097	.1756918	.1049985	0
516.15	0	.7192064	.1758325	.1049611	0
515.15	0	.7191036	.1759726	.1049238	0
514.15	0	.7190014	.1761121	.1048866	0
513.15	0	.7188997	.1762509	.1048494	0
512.15	0	.7187985	.1763891	.1048123	0
511.15	0	.7186979	.1765267	.1047754	0
510.15	0	.7185979	.1766637	.1047384	0
509.15	0	.7184983	.1768001	.1047016	0
508.15	0	.7183993	.1769359	.1046648	0
507.15	0	.7183008	.1770711	.1046281	0
506.15	0	.7182029	.1772056	.1045915	0
505.15	0	.7181055	.1773396	.104555	0
504.15	0	.7180086	.1774729	.1045185	0
503.15	0	.7179122	.1776057	.1044821	0
502.15	0	.7178163	.1777379	.1044458	0
501.15	0	.717721	.1778694	.1044096	0
500.15	0	.7176261	.1780004	.1043735	0
499.15	0	.7175318	.1781308	.1043375	0
498.15	0	.717438	.1782605	.1043015	0
497.15	0	.7173447	.1783897	.1042656	0
496.15	0	.7172519	.1785183	.1042298	0
495.15	0	.7171596	.1786463	.1041941	0
494.15	0	.7170678	.1787737	.1041585	0
493.15	0	.7169765	.1789006	.1041229	0
492.15	0	.7168857	.1790268	.1040875	0
491.15	0	.7167954	.1791525	.1040521	0
490.15	0	.7167056	.1792776	.1040169	0
489.15	0	.7166163	.1794021	.1039817	0
488.15	0	.7165274	.179526	.1039466	0
487.15	0	.7164391	.1796494	.1039116	0
486.15	0	.7163512	.1797721	.1038767	0
485.15	0	.7162639	.1798943	.1038418	0
484.15	0	.716177	.1800159	.1038071	0
483.15	0	.7160906	.180137	.1037725	0
482.15	0	.7160046	.1802574	.1037379	0
481.15	0	.7159192	.1803773	.1037035	0
480.15	0	.7158342	.1804967	.1036691	0
479.15	0	.7157497	.1806154	.1036349	0
478.15	0	.7156657	.1807336	.1036007	0
477.15	0	.7155822	.1808512	.1035666	0
476.15	0	.7154991	.1809683	.1035327	0
475.15	0	.7154164	.1810848	.1034988	0
474.15	0	.7153343	.1812007	.103465	0
473.15	0	.7152526	.1813161	.1034313	0
472.15	0	.7151714	.1814309	.1033978	0
471.15	0	.7150906	.1815451	.1033643	0
470.15	0	.7150103	.1816588	.1033309	0
469.15	0	.7149305	.1817719	.1032976	0
468.15	0	.7148511	.1818845	.1032644	0
467.15	0	.7147721	.1819965	.1032314	0
466.15	0	.7146937	.1821079	.1031984	0
465.15	0	.7146156	.1822188	.1031655	0
464.15	0	.7145381	.1823292	.1031328	0
463.15	0	.7144609	.182439	.1031001	0
462.15	0	.7143842	.1825482	.1030676	0
461.15	0	.714308	.1826569	.1030351	0
460.15	0	.7142322	.182765	.1030028	0
459.15	0	.7141569	.1828726	.1029705	0
458.15	0	.714082	.1829796	.1029384	0
457.15	0	.7140075	.1830861	.1029064	0
456.15	0	.7139335	.183192	.1028745	0
455.15	0	.7138599	.1832974	.1028427	0
454.15	0	.7137867	.1834023	.102811	0
453.15	0	.713714	.1835066	.1027794	0
452.15	0	.7136417	.1836103	.102748	0
451.15	0	.7135699	.1837135	.1027166	0
450.15	0	.7134985	.1838162	.1026854	0
449.15	0	.7134275	.1839183	.1026543	0
448.15	0	.713357	.1840197	.1026233	0
447.15	0	.7132869	.1841207	.1025924	0
446.15	0	.7132173	.1842211	.1025616	0
445.15	0	.7131481	.1843209	.102531	0
444.15	0	.7130794	.1844202	.1025005	0
443.15	0	.7130111	.1845188	.1024701	0
442.15	0	.7129432	.1846169	.1024399	0
441.15	0	.7128758	.1847144	.1024098	0
440.15	0	.7128089	.1848114	.1023798	0
439.15	0	.7127424	.1849077	.1023499	0
438.15	0	.7126763	.1850034	.1023202	0
437.15	0	.7126108	.1850986	.1022907	0
436.15	0	.7125457	.1851931	.1022613	0
435.15	0	.712481	.185287	.102232	0
434.15	0	.7124168	.1853803	.1022029	0
433.15	0	.7123531	.185473	.1021739	0
432.15	0	.7122898	.1855651	.1021451	0
431.15	0	.712227	.1856566	.1021164	0
430.15	0	.7121647	.1857474	.1020879	0
429.15	0	.7121029	.1858376	.1020595	0
428.15	0	.7120415	.1859272	.1020313	0
427.15	0	.7119805	.1860162	.1020033	0
426.15	0	.7119201	.1861046	.1019754	0
425.15	0	.7118601	.1861923	.1019476	0
424.15	0	.7118005	.1862794	.1019201	0
423.15	0	.7117415	.1863659	.1018927	0
422.15	0	.7116829	.1864517	.1018654	0
421.15	0	.7116248	.1865369	.1018383	0
420.15	0	.7115671	.1866215	.1018114	0
419.15	0	.7115099	.1867055	.1017846	0
418.15	0	.7114532	.1867888	.1017581	0
417.15	0	.7113969	.1868715	.1017316	0
416.15	0	.7113411	.1869535	.1017054	0
415.15	0	.7112857	.187035	.1016793	0
414.15	0	.7112309	.1871158	.1016534	0
413.15	0	.7111764	.187196	.1016276	0
412.15	0	.7111224	.1872755	.101602	0
411.15	0	.7110689	.1873545	.1015766	0
410.15	0	.7110159	.1874328	.1015514	0
409.15	0	.7109633	.1875104	.1015263	0
408.15	0	.7109111	.1875875	.1015014	0
407.15	0	.7108594	.187664	.1014767	0
406.15	0	.7108081	.1877398	.1014521	0
405.15	0	.7107573	.187815	.1014277	0
404.15	0	.7107069	.1878896	.1014035	0
403.15	0	.710657	.1879636	.1013794	0
402.15	0	.7106075	.188037	.1013555	0
401.15	0	.7105585	.1881098	.1013318	0
400.15	0	.7105098	.1881819	.1013083	0
399.15	0	.7104616	.1882535	.1012849	0
398.15	0	.7104139	.1883245	.1012617	0
397.15	0	.7103666	.1883948	.1012386	0
396.15	0	.7103197	.1884646	.1012158	0
395.15	0	.7102732	.1885338	.1011931	0
394.15	0	.7102271	.1886023	.1011705	0
393.15	0	.7101815	.1886703	.1011482	0
392.15	0	.7101363	.1887378	.101126	0
391.15	0	.7100915	.1888046	.101104	0
390.15	0	.7100471	.1888709	.1010821	0
389.15	0	.7100031	.1889365	.1010604	0
388.15	0	.7099595	.1890016	.1010389	0
387.15	0	.7099163	.1890662	.1010175	0
386.15	0	.7098735	.1891301	.1009963	0
385.15	0	.7098312	.1891936	.1009753	0
384.15	0	.7097892	.1892564	.1009544	0
383.15	0	.7097476	.1893187	.1009337	0
382.15	0	.7097064	.1893805	.1009132	0
381.15	0	.7096655	.1894416	.1008928	0
380.15	0	.7096251	.1895023	.1008726	0
379.15	0	.7095851	.1895624	.1008525	0
378.15	0	.7095454	.189622	.1008326	0
377.15	0	.7095061	.189681	.1008129	0
376.15	0	.7094672	.1897395	.1007934	0
375.15	0	.7094286	.1897975	.1007739	0
374.15	0	.7093904	.1898549	.1007547	0
373.15	0	.7093526	.1899119	.1007356	0
372.15	0	.7093151	.1899683	.1007166	0
371.15	0	.709278	.1900242	.1006979	0
370.15	0	.7092412	.1900796	.1006792	0
369.15	0	.7092048	.1901344	.1006607	0
368.15	0	.7091688	.1901888	.1006424	0
367.15	0	.7091331	.1902427	.1006242	0
366.15	0	.7090977	.1902961	.1006062	0
365.15	0	.7090626	.190349	.1005884	0
364.15	0	.7090279	.1904014	.1005707	0
363.15	0	.7089936	.1904533	.1005531	0
362.15	0	.7089595	.1905048	.1005357	0
361.15	0	.7089258	.1905558	.1005184	0
360.15	0	.7088925	.1906063	.1005013	0
359.15	0	.7088594	.1906563	.1004843	0
358.15	0	.7088267	.1907059	.1004675	0
357.15	0	.7087942	.190755	.1004508	0
356.15	0	.7087621	.1908037	.1004343	0
355.15	0	.7087303	.1908519	.1004179	0
354.15	0	.7086988	.1908996	.1004016	0
353.15	0	.7086676	.1909469	.1003855	0
352.15	0	.7086367	.1909938	.1003695	0
351.15	0	.7086061	.1910402	.1003537	0
350.15	0	.7085758	.1910862	.100338	0
349.15	0	.7085457	.1911318	.1003225	0
348.15	0	.708516	.1911769	.1003071	0
347.15	0	.7084866	.1912217	.1002918	0
346.15	0	.7084574	.191266	.1002766	0
345.15	0	.7084285	.1913099	.1002616	0
344.15	0	.7083999	.1913533	.1002468	0
343.15	0	.7083716	.1913964	.100232	0
342.15	0	.7083435	.1914391	.1002174	0
341.15	0	.7083157	.1914814	.1002029	0
340.15	0	.7082882	.1915232	.1001886	0
339.15	0	.7082609	.1915647	.1001744	0
338.15	0	.7082339	.1916058	.1001603	0
337.15	0	.7082071	.1916465	.1001464	0
336.15	0	.7081806	.1916868	.1001326	0
335.15	0	.7081544	.1917268	.1001189	0
334.15	0	.7081283	.1917664	.1001053	0
333.15	0	.7081026	.1918056	.1000919	0
332.15	0	.7080771	.1918444	.1000785	0
331.15	0	.7080518	.1918829	.1000653	0
330.15	0	.7080268	.191921	.1000523	0
329.15	0	.7080019	.1919587	.1000393	0
328.15	0	.7079774	.1919961	.1000265	0
327.15	0	.707953	.1920332	.1000138	0
326.15	0	.7079289	.1920699	.1000012	0
325.15	0	.707905	.1921062	.09998877	0
324.15	0	.7078813	.1921423	.09997644	0
323.15	0	.7078578	.1921779	.09996422	0
322.15	0	.7078346	.1922133	.09995212	0
321.15	0	.7078116	.1922483	.09994013	0
320.15	0	.7077887	.192283	.09992827	0
319.15	0	.7077661	.1923174	.09991652	0
318.15	0	.7077437	.1923514	.09990488	0
317.15	0	.7077215	.1923851	.09989337	0
316.15	0	.7076995	.1924185	.09988196	0
315.15	0	.7076777	.1924516	.09987067	0
314.15	0	.7076561	.1924844	.09985949	0
313.15	0	.7076347	.1925169	.09984843	0
312.15	0	.7076134	.1925491	.09983748	0
311.15	0	.7075924	.192581	.09982664	0
310.15	0	.7075715	.1926126	.09981591	0
309.15	0	.7075509	.1926439	.09980529	0
308.15	0	.7075304	.1926749	.09979478	0
307.15	0	.70751	.1927056	.09978438	0
306.15	0	.7074899	.192736	.09977409	0
305.15	0	.7074699	.1927662	.0997639	0
304.15	0	.7074502	.192796	.09975383	0
303.15	0	.7074305	.1928256	.09974386	0
302.15	0	.7074111	.1928549	.099734	0
301.15	0	.7073918	.192884	.09972424	0
300.15	0	.7073727	.1929127	.0997146	0
299.15	0	.7073537	.1929413	.09970505	0
298.15	0	.7073349	.1929695	.09969561	0
