T	 BPW(LIQUID)	BPW(BCC_A2)	BPW(FCC_A1)	BPW(LAVES_PHASE_C14)	BPW(NI3TI)
1473.15	.1560907	.8439093	0	0	0
1472.15	.1539136	.8460864	0	0	0
1471.15	.1517504	.8482496	0	0	0
1470.15	.1496009	.8503991	0	0	0
1469.15	.147465	.852535	0	0	0
1468.15	.1453427	.8546573	0	0	0
1467.15	.1432337	.8567663	0	0	0
1466.15	.141138	.858862	0	0	0
1465.15	.1390555	.8609445	0	0	0
1464.15	.136986	.863014	0	0	0
1463.15	.1349295	.8650706	0	0	0
1462.15	.1328857	.8671143	0	0	0
1461.15	.1308548	.8691452	0	0	0
1460.15	.1288364	.8711636	0	0	0
1459.15	.1268305	.8731695	0	0	0
1458.15	.1248371	.8751629	0	0	0
1457.15	.1228559	.8771441	0	0	0
1456.15	.120887	.879113	0	0	0
1455.15	.1189301	.8810699	0	0	0
1454.15	.1169852	.8830148	0	0	0
1453.15	.1150523	.8849477	0	0	0
1452.15	.1131311	.8868689	0	0	0
1451.15	.1112217	.8887783	0	0	0
1450.15	.1093238	.8906762	0	0	0
1449.15	.1074375	.8925625	0	0	0
1448.15	.1055626	.8944374	0	0	0
1447.15	.1036991	.896301	0	0	0
1446.15	.1018467	.8981533	0	0	0
1445.15	.1000055	.8999945	0	0	0
1444.15	.09817543	.9018246	0	0	0
1443.15	.09635628	.9036437	0	0	0
1442.15	.09454802	.905452	0	0	0
1441.15	.09275056	.9072494	0	0	0
1440.15	.09096382	.9090362	0	0	0
1439.15	.08918771	.9108123	0	0	0
1438.15	.08742214	.9125779	0	0	0
1437.15	.08566703	.914333	0	0	0
1436.15	.08392231	.9160777	0	0	0
1435.15	.0821879	.9178121	0	0	0
1434.15	.0804637	.9195363	0	0	0
1433.15	.07874965	.9212504	0	0	0
1432.15	.07704567	.9229543	0	0	0
1431.15	.07535167	.9246483	0	0	0
1430.15	.07366759	.9263324	0	0	0
1429.15	.07199335	.9280067	0	0	0
1428.15	.07032887	.9296711	0	0	0
1427.15	.06867408	.9313259	0	0	0
1426.15	.0670289	.9329711	0	0	0
1425.15	.06539327	.9346067	0	0	0
1424.15	.06376711	.9362329	0	0	0
1423.15	.06215035	.9378497	0	0	0
1422.15	.06054293	.9394571	0	0	0
1421.15	.05894477	.9410552	0	0	0
1420.15	.0573558	.9426442	0	0	0
1419.15	.05577596	.944224	0	0	0
1418.15	.05420519	.9457948	0	0	0
1417.15	.0526434	.9473566	0	0	0
1416.15	.05109055	.9489095	0	0	0
1415.15	.04954656	.9504534	0	0	0
1414.15	.04801137	.9519886	0	0	0
1413.15	.04648491	.9535151	0	0	0
1412.15	.04496713	.9550329	0	0	0
1411.15	.04345796	.956542	0	0	0
1410.15	.04195734	.9580427	0	0	0
1409.15	.04046521	.9595348	0	0	0
1408.15	.03898152	.9610185	0	0	0
1407.15	.03750619	.9624938	0	0	0
1406.15	.03603917	.9639608	0	0	0
1405.15	.03458041	.9654196	0	0	0
1404.15	.03312984	.9668702	0	0	0
1403.15	.03168741	.9683126	0	0	0
1402.15	.03025307	.9697469	0	0	0
1401.15	.02882675	.9711733	0	0	0
1400.15	.0274084	.9725916	0	0	0
1399.15	.02599797	.974002	0	0	0
1398.15	.0245954	.9754046	0	0	0
1397.15	.02320064	.9767994	0	0	0
1396.15	.02181364	.9781864	0	0	0
1395.15	.02043434	.9795657	0	0	0
1394.15	.01906269	.9809373	0	0	0
1393.15	.01769865	.9823014	0	0	0
1392.15	.01634215	.9836579	0	0	0
1391.15	.01499316	.9850068	0	0	0
1390.15	.01365161	.9863484	0	0	0
1389.15	.01231747	.9876825	0	0	0
1388.15	.01099068	.9890093	0	0	0
1387.15	.009671193	.9903288	0	0	0
1386.15	.008358964	.991641	0	0	0
1385.15	.007053945	.9929461	0	0	0
1384.15	.005756089	.9942439	0	0	0
1383.15	.00446535	.9955346	0	0	0
1382.15	.003181683	.9968183	0	0	0
1381.15	.001905041	.998095	0	0	0
1380.15	6.35381E-04	.9993646	0	0	0
1379.648	0	1	0	0	0
1379.648	0	1	0	0	0
1379.15	0	1	0	0	0
1378.15	0	1	0	0	0
1377.15	0	1	0	0	0
1376.15	0	1	0	0	0
1375.15	0	1	0	0	0
1374.15	0	1	0	0	0
1373.15	0	1	0	0	0
1372.15	0	1	0	0	0
1371.15	0	1	0	0	0
1370.15	0	1	0	0	0
1369.15	0	1	0	0	0
1368.15	0	1	0	0	0
1367.15	0	1	0	0	0
1366.15	0	1	0	0	0
1365.15	0	1	0	0	0
1364.302	0	1	0	0	0
1364.302	0	1	0	0	0
1364.302	0	1	0	0	0
1364.15	0	.9997825	2.175482E-04	0	0
1363.15	0	.9983504	.001649593	0	0
1362.15	0	.9969206	.003079375	0	0
1361.15	0	.9954931	.004506895	0	0
1360.15	0	.9940679	.005932154	0	0
1359.15	0	.9926449	.00735515	0	0
1358.15	0	.9912241	.008775885	0	0
1357.15	0	.9898056	.01019436	0	0
1356.15	0	.9883894	.01161057	0	0
1355.15	0	.9869755	.01302452	0	0
1354.15	0	.9855638	.01443621	0	0
1353.15	0	.9841544	.01584564	0	0
1352.15	0	.9827472	.01725281	0	0
1351.15	0	.9813423	.01865772	0	0
1350.15	0	.9799396	.02006037	0	0
1349.15	0	.9785392	.02146076	0	0
1348.15	0	.9771411	.02285888	0	0
1347.15	0	.9757453	.02425475	0	0
1346.15	0	.9743517	.02564836	0	0
1345.15	0	.9729603	.0270397	0	0
1344.15	0	.9715712	.02842878	0	0
1343.15	0	.9701844	.02981561	0	0
1342.15	0	.9687998	.03120017	0	0
1341.15	0	.9674175	.03258246	0	0
1340.15	0	.9660375	.0339625	0	0
1339.15	0	.9646597	.03534028	0	0
1338.15	0	.9632842	.03671579	0	0
1337.15	0	.961911	.03808904	0	0
1336.15	0	.96054	.03946003	0	0
1335.15	0	.9591713	.04082875	0	0
1334.15	0	.9578048	.04219522	0	0
1333.15	0	.9564406	.04355941	0	0
1332.15	0	.9550787	.04492134	0	0
1331.15	0	.953719	.04628101	0	0
1330.15	0	.9523616	.04763841	0	0
1329.15	0	.9510065	.04899355	0	0
1328.15	0	.9496536	.05034642	0	0
1327.15	0	.948303	.05169702	0	0
1326.15	0	.9469547	.05304535	0	0
1325.15	0	.9456086	.05439142	0	0
1324.15	0	.9442648	.05573521	0	0
1323.15	0	.9429233	.05707674	0	0
1322.15	0	.941584	.05841599	0	0
1321.15	0	.940247	.05975298	0	0
1320.15	0	.9389123	.06108769	0	0
1319.15	0	.9375799	.06242013	0	0
1318.15	0	.9362497	.0637503	0	0
1317.15	0	.9349218	.06507819	0	0
1316.15	0	.9335962	.0664038	0	0
1315.15	0	.9322729	.06772714	0	0
1314.15	0	.9309518	.0690482	0	0
1313.15	0	.929633	.07036699	0	0
1312.15	0	.9283165	.07168349	0	0
1311.15	0	.9270023	.07299771	0	0
1310.15	0	.9256903	.07430965	0	0
1309.15	0	.9243807	.07561931	0	0
1308.15	0	.9230733	.07692668	0	0
1307.15	0	.9217682	.07823178	0	0
1306.15	0	.9204654	.07953458	0	0
1305.15	0	.9191649	.08083509	0	0
1304.15	0	.9178667	.08213332	0	0
1303.15	0	.9165707	.08342926	0	0
1302.15	0	.9152771	.0847229	0	0
1301.15	0	.9139858	.08601425	0	0
1300.15	0	.9126967	.08730331	0	0
1299.15	0	.9114099	.08859007	0	0
1298.15	0	.9101255	.08987454	0	0
1297.15	0	.9088433	.0911567	0	0
1296.15	0	.9075634	.09243657	0	0
1295.15	0	.9062859	.09371413	0	0
1294.15	0	.9050106	.09498939	0	0
1293.15	0	.9037377	.09626235	0	0
1292.15	0	.902467	.097533	0	0
1291.15	0	.9011987	.09880134	0	0
1290.15	0	.8999326	.1000674	0	0
1289.15	0	.8986689	.1013311	0	0
1288.15	0	.8974075	.1025925	0	0
1287.15	0	.8961484	.1038516	0	0
1286.15	0	.8948917	.1051083	0	0
1285.15	0	.8936372	.1063628	0	0
1284.15	0	.8923851	.1076149	0	0
1283.15	0	.8911353	.1088647	0	0
1282.15	0	.8898878	.1101122	0	0
1281.15	0	.8886427	.1113574	0	0
1280.15	0	.8873998	.1126002	0	0
1279.15	0	.8861593	.1138407	0	0
1278.15	0	.8849212	.1150788	0	0
1277.15	0	.8836854	.1163146	0	0
1276.15	0	.8824519	.1175481	0	0
1275.15	0	.8812207	.1187793	0	0
1274.15	0	.879992	.120008	0	0
1273.15	0	.8787655	.1212345	0	0
1272.15	0	.8775414	.1224586	0	0
1271.15	0	.8763197	.1236803	0	0
1270.15	0	.8751003	.1248997	0	0
1269.15	0	.8738832	.1261168	0	0
1268.15	0	.8726686	.1273315	0	0
1267.15	0	.8714562	.1285438	0	0
1266.15	0	.8702463	.1297537	0	0
1265.15	0	.8690387	.1309613	0	0
1264.15	0	.8678335	.1321665	0	0
1263.15	0	.8666306	.1333694	0	0
1262.15	0	.8654301	.1345699	0	0
1261.15	0	.8642321	.1357679	0	0
1260.15	0	.8630363	.1369637	0	0
1259.15	0	.861843	.138157	0	0
1258.15	0	.8606521	.1393479	0	0
1257.15	0	.8594635	.1405365	0	0
1256.15	0	.8582774	.1417227	0	0
1255.15	0	.8570936	.1429064	0	0
1254.15	0	.8559122	.1440878	0	0
1253.15	0	.8547333	.1452667	0	0
1252.15	0	.8535567	.1464433	0	0
1251.15	0	.8523826	.1476174	0	0
1250.15	0	.8512108	.1487892	0	0
1249.15	0	.8500415	.1499585	0	0
1248.15	0	.8488746	.1511254	0	0
1247.15	0	.8477101	.1522899	0	0
1246.15	0	.8465481	.1534519	0	0
1245.15	0	.8453885	.1546115	0	0
1244.15	0	.8442313	.1557687	0	0
1243.15	0	.8430765	.1569235	0	0
1242.15	0	.8419242	.1580758	0	0
1241.15	0	.8407744	.1592256	0	0
1240.15	0	.839627	.160373	0	0
1239.15	0	.838482	.161518	0	0
1238.15	0	.8373395	.1626605	0	0
1237.15	0	.8361995	.1638005	0	0
1236.15	0	.8350619	.1649381	0	0
1235.15	0	.8339268	.1660732	0	0
1234.15	0	.8327941	.1672059	0	0
1233.15	0	.831664	.168336	0	0
1232.15	0	.8305363	.1694637	0	0
1231.15	0	.8294111	.1705889	0	0
1230.15	0	.8282884	.1717116	0	0
1229.15	0	.8271682	.1728318	0	0
1228.15	0	.8260505	.1739495	0	0
1227.15	0	.8249353	.1750647	0	0
1226.15	0	.8238226	.1761774	0	0
1225.15	0	.8227124	.1772876	0	0
1224.15	0	.8216048	.1783952	0	0
1223.15	0	.8204996	.1795004	0	0
1222.15	0	.819397	.180603	0	0
1221.15	0	.818297	.1817031	0	0
1220.15	0	.8171994	.1828006	0	0
1219.15	0	.8161044	.1838956	0	0
1218.15	0	.815012	.1849881	0	0
1217.15	0	.813922	.186078	0	0
1216.15	0	.8128347	.1871653	0	0
1215.15	0	.8117499	.1882501	0	0
1214.15	0	.8106677	.1893323	0	0
1213.15	0	.8095881	.1904119	0	0
1212.15	0	.808511	.191489	0	0
1211.15	0	.8074365	.1925635	0	0
1210.15	0	.8063646	.1936354	0	0
1209.15	0	.8052953	.1947047	0	0
1208.15	0	.8042286	.1957714	0	0
1207.15	0	.8031645	.1968355	0	0
1206.15	0	.802103	.197897	0	0
1205.15	0	.8010442	.1989558	0	0
1204.15	0	.7999879	.2000121	0	0
1203.15	0	.7989343	.2010657	0	0
1202.15	0	.7978833	.2021167	0	0
1201.15	0	.796835	.203165	0	0
1200.15	0	.7957893	.2042107	0	0
1199.15	0	.7947463	.2052538	0	0
1198.15	0	.7937059	.2062941	0	0
1197.15	0	.7926682	.2073318	0	0
1196.15	0	.7916331	.2083669	0	0
1195.15	0	.7906008	.2093993	0	0
1194.15	0	.7895711	.2104289	0	0
1193.15	0	.7885441	.2114559	0	0
1192.15	0	.7875198	.2124802	0	0
1191.15	0	.7864982	.2135018	0	0
1190.15	0	.7854793	.2145207	0	0
1189.15	0	.7844632	.2155368	0	0
1188.15	0	.7834497	.2165503	0	0
1187.15	0	.782439	.217561	0	0
1186.15	0	.7814311	.2185689	0	0
1185.15	0	.7804258	.2195742	0	0
1184.15	0	.7794234	.2205766	0	0
1183.15	0	.7784237	.2215763	0	0
1182.15	0	.7774267	.2225733	0	0
1181.15	0	.7764326	.2235674	0	0
1180.15	0	.7754412	.2245588	0	0
1179.15	0	.7744526	.2255474	0	0
1178.15	0	.7734668	.2265332	0	0
1177.15	0	.7724838	.2275162	0	0
1176.15	0	.7715036	.2284964	0	0
1175.15	0	.7705263	.2294738	0	0
1174.15	0	.7695517	.2304483	0	0
1173.15	0	.76858	.23142	0	0
1172.15	0	.7676112	.2323888	0	0
1171.15	0	.7666452	.2333548	0	0
1170.15	0	.765682	.234318	0	0
1169.184	0	.7647541	.235246	0	0
1169.184	0	.7647541	.235246	0	0
1169.184	0	.7647541	.235246	0	0
1169.15	0	.7647112	.2352739	1.494746E-05	0
1168.15	0	.7634412	.2361009	4.579687E-04	0
1167.15	0	.7621754	.2369247	8.998927E-04	0
1166.15	0	.760914	.2377453	.001340723	0
1165.15	0	.7596569	.2385627	.001780462	0
1164.15	0	.7584041	.2393768	.002219114	0
1163.15	0	.7571555	.2401878	.002656681	0
1162.15	0	.7559113	.2409955	.003093167	0
1161.15	0	.7546714	.2418	.003528574	0
1160.15	0	.7534358	.2426013	.003962907	0
1159.15	0	.7522045	.2433994	.004396167	0
1158.15	0	.7509774	.2441942	.004828357	0
1157.15	0	.7497547	.2449858	.005259482	0
1156.15	0	.7485363	.2457742	.005689544	0
1155.15	0	.7473221	.2465593	.006118545	0
1154.15	0	.7461122	.2473413	.006546506	0
1153.15	0	.7449067	.2481199	.006973396	0
1152.15	0	.7437054	.2488954	.007399235	0
1151.15	0	.7425085	.2496675	.007824025	0
1150.15	0	.7413158	.2504364	.008247769	0
1149.15	0	.7401274	.2512021	.00867047	0
1148.15	0	.7389434	.2519645	.009092132	0
1147.15	0	.7377636	.2527236	.009512756	0
1146.15	0	.7365882	.2534795	.009932346	0
1145.15	0	.735417	.2542321	.0103509	0
1144.15	0	.7342501	.2549814	.01076843	0
1143.15	0	.7330876	.2557275	.01118494	0
1142.15	0	.7319293	.2564703	.01160042	0
1141.15	0	.7307753	.2572098	.01201488	0
1140.15	0	.7296257	.257946	.01242832	0
1139.15	0	.7284803	.2586789	.01284074	0
1138.15	0	.7273393	.2594086	.01325216	0
1137.15	0	.7262026	.2601349	.01366256	0
1136.15	0	.7250701	.2608579	.01407195	0
1135.15	0	.723942	.2615776	.01448034	0
1134.15	0	.7228182	.262294	.01488773	0
1133.15	0	.7216988	.2630071	.01529412	0
1132.15	0	.7205836	.2637169	.01569951	0
1131.15	0	.7194728	.2644233	.0161039	0
1130.15	0	.7183663	.2651264	.0165073	0
1129.15	0	.7172641	.2658262	.01690971	0
1128.15	0	.7161662	.2665227	.01731114	0
1127.15	0	.7150727	.2672157	.01771158	0
1126.15	0	.7139835	.2679055	.01811103	0
1125.15	0	.7128986	.2685919	.01850951	0
1124.15	0	.7118181	.2692749	.018907	0
1123.15	0	.7107419	.2699546	.01930352	0
1122.15	0	.7096701	.2706308	.01969907	0
1121.15	0	.7086026	.2713038	.02009364	0
1120.15	0	.7075395	.2719733	.02048724	0
1119.15	0	.7064807	.2726394	.02087988	0
1118.15	0	.7054263	.2733022	.02127155	0
1117.15	0	.7043762	.2739615	.02166226	0
1116.15	0	.7033305	.2746175	.02205201	0
1115.15	0	.7022892	.27527	.0224408	0
1114.15	0	.7012522	.2759191	.02282863	0
1113.15	0	.7002197	.2765648	.02321551	0
1112.15	0	.6991915	.2772071	.02360144	0
1111.15	0	.6981676	.277846	.02398641	0
1110.15	0	.6971482	.2784814	.02437044	0
1109.15	0	.6961332	.2791133	.02475352	0
1108.15	0	.6951226	.2797418	.02513566	0
1107.15	0	.6941163	.2803668	.02551685	0
1106.15	0	.6931145	.2809884	.02589711	0
1105.15	0	.6921171	.2816065	.02627642	0
1104.15	0	.6911241	.2822211	.0266548	0
1103.15	0	.6901355	.2828322	.02703224	0
1102.15	0	.6891514	.2834399	.02740875	0
1101.15	0	.6881717	.284044	.02778433	0
1100.15	0	.6871964	.2846446	.02815898	0
1099.15	0	.6862256	.2852417	.0285327	0
1098.15	0	.6852592	.2858353	.02890549	0
1097.15	0	.6842973	.2864254	.02927736	0
1096.15	0	.6833398	.2870119	.02964831	0
1095.15	0	.6823868	.2875949	.03001833	0
1094.15	0	.6814383	.2881743	.03038744	0
1093.15	0	.6804942	.2887501	.03075563	0
1092.15	0	.6795547	.2893224	.0311229	0
1091.15	0	.6786196	.2898912	.03148926	0
1090.15	0	.677689	.2904563	.0318547	0
1089.15	0	.6767629	.2910178	.03221924	0
1088.15	0	.6758414	.2915758	.03258286	0
1087.15	0	.6749243	.2921301	.03294557	0
1086.15	0	.6740118	.2926809	.03330738	0
1085.15	0	.6731038	.293228	.03366828	0
1084.15	0	.6722003	.2937714	.03402827	0
1083.15	0	.6713014	.2943113	.03438736	0
1082.15	0	.670407	.2948474	.03474555	0
1081.15	0	.6695172	.29538	.03510284	0
1080.15	0	.6686319	.2959088	.03545923	0
1079.15	0	.6677513	.296434	.03581472	0
1078.15	0	.6668752	.2969555	.03616932	0
1077.15	0	.6660037	.2974733	.03652302	0
1076.15	0	.6651368	.2979874	.03687582	0
1075.15	0	.6642744	.2984978	.03722773	0
1074.15	0	.6634167	.2990045	.03757875	0
1073.15	0	.6625637	.2995075	.03792888	0
1072.15	0	.6617152	.3000067	.03827812	0
1071.15	0	.6608714	.3005021	.03862646	0
1070.15	0	.6600322	.3009939	.03897392	0
1069.15	0	.6591977	.3014818	.03932049	0
1068.15	0	.6583679	.301966	.03966618	0
1067.15	0	.6575427	.3024464	.04001098	0
1066.15	0	.6567222	.302923	.04035489	0
1065.15	0	.6559063	.3033957	.04069792	0
1064.15	0	.6550952	.3038647	.04104007	0
1063.15	0	.6542888	.3043299	.04138134	0
1062.15	0	.6534871	.3047912	.04172172	0
1061.15	0	.6526901	.3052487	.04206123	0
1060.15	0	.6518979	.3057023	.04239985	0
1059.15	0	.6511104	.3061521	.04273759	0
1058.15	0	.6503276	.3065979	.04307446	0
1057.15	0	.6495496	.3070399	.04341044	0
1056.15	0	.6487764	.3074781	.04374555	0
1055.15	0	.648008	.3079123	.04407979	0
1054.15	0	.6472443	.3083426	.04441314	0
1053.15	0	.6464855	.3087689	.04474562	0
1052.15	0	.6457314	.3091914	.04507722	0
1051.15	0	.6449822	.3096098	.04540795	0
1050.15	0	.6442378	.3100244	.0457378	0
1049.15	0	.6434983	.3104349	.04606678	0
1048.15	0	.6427636	.3108415	.04639488	0
1047.15	0	.6420338	.3112441	.04672211	0
1046.15	0	.6413088	.3116427	.04704846	0
1045.15	0	.6405887	.3120373	.04737394	0
1044.15	0	.6398736	.3124279	.04769855	0
1043.15	0	.6391633	.3128145	.04802228	0
1042.15	0	.6384579	.313197	.04834514	0
1041.15	0	.6377575	.3135754	.04866712	0
1040.15	0	.637062	.3139498	.04898823	0
1039.15	0	.6363714	.3143201	.04930847	0
1038.15	0	.6356859	.3146863	.04962783	0
1037.15	0	.6350052	.3150484	.04994632	0
1036.15	0	.6343296	.3154065	.05026394	0
1035.15	0	.633659	.3157604	.05058067	0
1034.15	0	.6329933	.3161101	.05089654	0
1033.15	0	.6323327	.3164558	.05121153	0
1032.15	0	.6316771	.3167972	.05152564	0
1031.15	0	.6310266	.3171345	.05183888	0
1030.15	0	.6303811	.3174677	.05215124	0
1029.15	0	.6297407	.3177966	.05246272	0
1028.15	0	.6291053	.3181214	.05277333	0
1027.15	0	.628475	.3184419	.05308306	0
1026.15	0	.6278498	.3187583	.05339191	0
1025.15	0	.6272298	.3190704	.05369988	0
1024.15	0	.6266148	.3193782	.05400697	0
1023.15	0	.626005	.3196818	.05431318	0
1022.15	0	.6254004	.3199811	.0546185	0
1021.15	0	.6248009	.3202762	.05492295	0
1020.15	0	.6242065	.320567	.05522651	0
1019.15	0	.6236174	.3208534	.05552919	0
1018.15	0	.6230334	.3211356	.05583098	0
1017.15	0	.6224547	.3214135	.05613188	0
1016.15	0	.6218811	.321687	.0564319	0
1015.15	0	.6213128	.3219562	.05673102	0
1014.15	0	.6207498	.322221	.05702926	0
1013.15	0	.620192	.3224814	.0573266	0
1012.15	0	.6196394	.3227375	.05762305	0
1011.15	0	.6190922	.3229892	.05791861	0
1010.15	0	.6185502	.3232365	.05821327	0
1009.15	0	.6180136	.3234794	.05850703	0
1008.15	0	.6174822	.3237179	.05879989	0
1007.15	0	.6169562	.323952	.05909186	0
1006.15	0	.6164355	.3241816	.05938292	0
1005.15	0	.6159202	.3244067	.05967307	0
1004.15	0	.6154102	.3246274	.05996232	0
1003.15	0	.6149057	.3248437	.06025066	0
1002.15	0	.6144065	.3250554	.06053809	0
1001.15	0	.6139127	.3252627	.06082461	0
1000.15	0	.6134243	.3254655	.06111022	0
999.15	0	.6129414	.3256637	.0613949	0
998.15	0	.6124638	.3258575	.06167867	0
997.15	0	.6119918	.3260467	.06196152	0
996.15	0	.6115252	.3262314	.06224344	0
995.15	0	.611064	.3264115	.06252444	0
994.15	0	.6106084	.3265871	.06280451	0
993.15	0	.6101582	.3267581	.06308365	0
992.15	0	.6097136	.3269246	.06336185	0
991.15	0	.6092744	.3270865	.06363912	0
990.15	0	.6088408	.3272437	.06391545	0
989.15	0	.6084127	.3273964	.06419083	0
988.15	0	.6079902	.3275445	.06446527	0
987.15	0	.6075733	.327688	.06473876	0
986.15	0	.6071619	.3278268	.0650113	0
985.15	0	.6067561	.3279611	.06528288	0
984.15	0	.6063559	.3280907	.0655535	0
983.15	0	.6059612	.3282156	.06582317	0
982.15	0	.6055722	.3283359	.06609186	0
981.15	0	.6051889	.3284516	.06635959	0
980.15	0	.6048111	.3285626	.06662634	0
979.15	0	.604439	.3286689	.06689212	0
978.15	0	.6040725	.3287705	.06715692	0
977.15	0	.6037117	.3288675	.06742073	0
976.15	0	.6033566	.3289598	.06768355	0
975.15	0	.6030071	.3290475	.06794538	0
974.15	0	.6026634	.3291304	.06820621	0
973.15	0	.6023253	.3292087	.06846604	0
972.15	0	.6019929	.3292822	.06872486	0
971.15	0	.6016662	.3293511	.06898267	0
970.15	0	.6013453	.3294153	.06923947	0
969.15	0	.60103	.3294748	.06949524	0
968.15	0	.6007205	.3295295	.06974999	0
967.15	0	.6004167	.3295796	.07000371	0
966.15	0	.6001187	.329625	.07025639	0
965.15	0	.5998264	.3296656	.07050803	0
964.15	0	.5995398	.3297016	.07075862	0
963.15	0	.599259	.3297329	.07100816	0
962.15	0	.5989839	.3297594	.07125665	0
961.15	0	.5987147	.3297813	.07150406	0
960.15	0	.5984511	.3297985	.07175041	0
959.15	0	.5981934	.3298109	.07199568	0
958.15	0	.5979414	.3298188	.07223987	0
957.15	0	.5976952	.3298219	.07248297	0
956.15	0	.5974547	.3298203	.07272497	0
955.15	0	.5972201	.3298141	.07296587	0
954.15	0	.5969912	.3298032	.07320566	0
953.15	0	.596768	.3297877	.07344433	0
952.15	0	.5965507	.3297675	.07368188	0
951.15	0	.5963391	.3297426	.0739183	0
950.15	0	.5961333	.3297132	.07415359	0
949.15	0	.5959332	.3296791	.07438772	0
948.15	0	.5957389	.3296404	.0746207	0
947.15	0	.5955504	.3295971	.07485252	0
946.15	0	.5953676	.3295493	.07508317	0
945.15	0	.5951905	.3294968	.07531264	0
944.15	0	.5950192	.3294398	.07554093	0
943.15	0	.5948537	.3293783	.07576802	0
942.15	0	.5946938	.3293123	.0759939	0
941.15	0	.5945397	.3292417	.07621857	0
940.15	0	.5943913	.3291667	.07644202	0
939.15	0	.5942485	.3290872	.07666424	0
938.15	0	.5941115	.3290033	.07688521	0
937.15	0	.5939801	.328915	.07710493	0
936.15	0	.5938544	.3288222	.07732339	0
935.15	0	.5937343	.3287251	.07754058	0
934.15	0	.5936198	.3286237	.07775648	0
933.15	0	.593511	.3285179	.07797109	0
932.15	0	.5934077	.3284079	.0781844	0
931.15	0	.59331	.3282936	.07839639	0
930.15	0	.5932179	.3281751	.07860705	0
929.15	0	.5931313	.3280523	.07881637	0
928.15	0	.5930502	.3279255	.07902434	0
927.15	0	.5929746	.3277945	.07923094	0
926.15	0	.5929044	.3276594	.07943617	0
925.15	0	.5928397	.3275203	.07964001	0
924.15	0	.5927804	.3273772	.07984244	0
923.15	0	.5927265	.3272301	.08004346	0
922.15	0	.5926779	.3270791	.08024305	0
921.15	0	.5926346	.3269243	.08044119	0
920.15	0	.5925965	.3267656	.08063787	0
919.15	0	.5925638	.3266031	.08083309	0
918.15	0	.5925362	.326437	.08102681	0
917.15	0	.5925138	.3262672	.08121903	0
916.15	0	.5924965	.3260938	.08140973	0
915.15	0	.5924843	.3259168	.08159889	0
914.15	0	.5924771	.3257364	.0817865	0
913.15	0	.5924749	.3255525	.08197253	0
912.15	0	.5924777	.3253653	.08215699	0
911.15	0	.5924853	.3251749	.08233983	0
910.15	0	.5924978	.3249812	.08252106	0
909.15	0	.592515	.3247843	.08270064	0
908.15	0	.592537	.3245844	.08287855	0
907.15	0	.5925636	.3243816	.08305479	0
906.15	0	.5925949	.3241758	.08322933	0
905.15	0	.5926307	.3239672	.08340215	0
904.15	0	.5926709	.3237559	.08357322	0
903.15	0	.5927155	.3235419	.08374252	0
902.15	0	.5927645	.3233255	.08391004	0
901.15	0	.5928177	.3231065	.08407575	0
900.15	0	.5928751	.3228853	.08423963	0
899.15	0	.5929366	.3226618	.08440165	0
898.15	0	.5930021	.3224362	.08456178	0
897.15	0	.5930714	.3222086	.08472001	0
896.15	0	.5931447	.321979	.0848763	0
895.15	0	.5932216	.3217478	.08503062	0
894.15	0	.5933022	.3215148	.08518296	0
893.15	0	.5933863	.3212804	.08533328	0
892.15	0	.5934739	.3210446	.08548155	0
891.15	0	.5935647	.3208075	.08562774	0
890.15	0	.5936588	.3205694	.08577181	0
889.15	0	.593756	.3203303	.08591375	0
888.15	0	.5938561	.3200904	.08605351	0
887.15	0	.593959	.3198499	.08619105	0
886.15	0	.5940647	.319609	.08632635	0
885.15	0	.5941729	.3193677	.08645936	0
884.15	0	.5942836	.3191264	.08659005	0
883.15	0	.5943965	.3188851	.08671837	0
882.15	0	.5945115	.3186442	.08684429	0
881.15	0	.5946286	.3184037	.08696777	0
880.15	0	.5947474	.3181639	.08708875	0
879.15	0	.5948678	.317925	.08720719	0
878.15	0	.5949897	.3176873	.08732304	0
877.15	0	.5951128	.3174509	.08743626	0
876.15	0	.595237	.3172162	.08754679	0
875.15	0	.5953621	.3169834	.08765457	0
874.15	0	.5954878	.3167527	.08775955	0
873.15	0	.5956139	.3165244	.08786168	0
872.15	0	.5957403	.3162989	.08796088	0
871.15	0	.5958666	.3160763	.0880571	0
870.15	0	.5959926	.3158572	.08815026	0
869.15	0	.596118	.3156417	.0882403	0
868.15	0	.5962426	.3154302	.08832714	0
867.15	0	.5963661	.3152232	.0884107	0
866.15	0	.5964882	.3150209	.08849089	0
865.15	0	.5966085	.3148239	.08856764	0
864.15	0	.5967267	.3146325	.08864084	0
863.15	0	.5968425	.3144471	.08871041	0
862.15	0	.5969555	.3142683	.08877623	0
861.15	0	.5970652	.3140966	.08883819	0
860.15	0	.5971713	.3139325	.08889619	0
859.15	0	.5972734	.3137765	.08895009	0
858.15	0	.5973709	.3136293	.08899977	0
857.15	0	.5974634	.3134915	.08904507	0
856.15	0	.5975503	.3133639	.08908586	0
855.15	0	.597631	.313247	.08912197	0
854.15	0	.5976422	.3132168	.08914105	0
853.15	0	.5973412	.3135646	.08909425	0
852.15	0	.5970873	.3138625	.08905023	0
851.15	0	.596877	.3141143	.08900865	0
850.15	0	.5967072	.3143236	.08896923	0
849.15	0	.5965749	.3144934	.08893174	0
848.15	0	.5964774	.3146267	.08889593	0
847.15	0	.5964122	.3147261	.08886164	0
846.15	0	.5963772	.3147941	.08882867	0
845.15	0	.5963702	.314833	.08879688	0
844.15	0	.5963892	.3148447	.08876613	0
843.15	0	.5964325	.3148312	.0887363	0
842.15	0	.5964985	.3147943	.08870729	0
841.15	0	.5965855	.3147356	.08867898	0
840.15	0	.5966921	.3146566	.0886513	0
839.15	0	.596817	.3145588	.08862416	0
838.15	0	.5969589	.3144436	.0885975	0
837.15	0	.5971167	.3143121	.08857124	0
836.15	0	.5972891	.3141656	.08854534	0
835.15	0	.5974752	.314005	.08851974	0
834.15	0	.5976741	.3138316	.08849438	0
833.15	0	.5978847	.3136461	.08846924	0
832.15	0	.5981062	.3134496	.08844426	0
831.15	0	.5983378	.3132428	.08841942	0
830.15	0	.5985788	.3130266	.08839469	0
829.15	0	.5988283	.3128016	.08837003	0
828.15	0	.5990858	.3125688	.08834541	0
827.15	0	.5993506	.3123285	.08832083	0
826.15	0	.5996221	.3120816	.08829624	0
825.15	0	.5998997	.3118286	.08827165	0
824.15	0	.6001829	.3115701	.08824702	0
823.15	0	.6004711	.3113065	.08822235	0
822.15	0	.600764	.3110384	.08819762	0
821.15	0	.6010609	.3107663	.08817282	0
820.15	0	.6013616	.3104905	.08814793	0
819.15	0	.6016656	.3102115	.08812295	0
818.15	0	.6019725	.3099297	.08809788	0
817.15	0	.6022819	.3096454	.08807269	0
816.15	0	.6025936	.309359	.08804738	0
815.15	0	.6029072	.3090709	.08802196	0
814.15	0	.6032224	.3087812	.08799641	0
813.15	0	.6035389	.3084904	.08797072	0
812.15	0	.6038564	.3081987	.08794491	0
811.15	0	.6041748	.3079063	.08791895	0
810.15	0	.6044937	.3076135	.08789285	0
809.15	0	.6048129	.3073205	.0878666	0
808.15	0	.6051322	.3070276	.08784021	0
807.15	0	.6054515	.3067348	.08781367	0
806.15	0	.6057705	.3064425	.08778699	0
805.15	0	.6060891	.3061508	.08776015	0
804.15	0	.606407	.3058598	.08773316	0
803.15	0	.6067242	.3055698	.08770602	0
802.15	0	.6070405	.3052808	.08767873	0
801.15	0	.6073557	.304993	.08765129	0
800.15	0	.6076698	.3047065	.08762369	0
799.15	0	.6079826	.3044215	.08759595	0
798.15	0	.608294	.304138	.08756805	0
797.15	0	.6086038	.3038562	.08754	0
796.15	0	.6089121	.3035761	.08751181	0
795.15	0	.6092187	.3032978	.08748346	0
794.15	0	.6095235	.3030215	.08745497	0
793.15	0	.6098265	.3027472	.08742634	0
792.15	0	.6101275	.302475	.08739755	0
791.15	0	.6104265	.3022049	.08736862	0
790.15	0	.6107235	.301937	.08733955	0
789.15	0	.6110184	.3016713	.08731034	0
788.15	0	.6113111	.301408	.08728099	0
787.15	0	.6116016	.301147	.08725149	0
786.15	0	.6118898	.3008884	.08722186	0
785.15	0	.6121757	.3006322	.08719209	0
784.15	0	.6124593	.3003785	.08716219	0
783.15	0	.6127406	.3001273	.08713215	0
782.15	0	.6130195	.2998786	.08710198	0
781.15	0	.6132959	.2996324	.08707168	0
780.15	0	.6135699	.2993888	.08704125	0
779.15	0	.6138415	.2991479	.08701069	0
778.15	0	.6141105	.2989095	.08698001	0
777.15	0	.6143771	.2986737	.08694919	0
776.15	0	.6146412	.2984406	.08691826	0
775.15	0	.6149027	.2982101	.0868872	0
774.15	0	.6151617	.2979823	.08685602	0
773.15	0	.6154182	.2977571	.08682472	0
772.15	0	.6156722	.2975345	.0867933	0
771.15	0	.6159236	.2973147	.08676176	0
770.15	0	.6161725	.2970974	.08673011	0
769.15	0	.6164188	.2968829	.08669834	0
768.15	0	.6166626	.2966709	.08666646	0
767.15	0	.6169039	.2964617	.08663447	0
766.15	0	.6171426	.296255	.08660236	0
765.15	0	.6173788	.296051	.08657015	0
764.15	0	.6176125	.2958497	.08653782	0
763.15	0	.6178437	.2956509	.08650539	0
762.15	0	.6180724	.2954547	.08647286	0
761.15	0	.6182986	.2952612	.08644022	0
760.15	0	.6185223	.2950702	.08640747	0
759.15	0	.6187436	.2948818	.08637462	0
758.15	0	.6189624	.294696	.08634167	0
757.15	0	.6191787	.2945126	.08630862	0
756.15	0	.6193926	.2943319	.08627548	0
755.15	0	.6196042	.2941536	.08624223	0
754.15	0	.6198133	.2939778	.08620888	0
753.15	0	.62002	.2938045	.08617544	0
752.15	0	.6202244	.2936337	.08614191	0
751.15	0	.6204264	.2934653	.08610828	0
750.15	0	.6206261	.2932994	.08607456	0
749.15	0	.6208234	.2931358	.08604075	0
748.15	0	.6210185	.2929747	.08600684	0
747.15	0	.6212113	.2928159	.08597285	0
746.15	0	.6214018	.2926595	.08593877	0
745.15	0	.62159	.2925054	.0859046	0
744.15	0	.6217761	.2923536	.08587034	0
743.15	0	.6219599	.2922041	.085836	0
742.15	0	.6221415	.2920569	.08580157	0
741.15	0	.622321	.291912	.08576706	0
740.15	0	.6224983	.2917693	.08573247	0
739.15	0	.6226735	.2916288	.08569779	0
738.15	0	.6228465	.2914905	.08566304	0
737.15	0	.6230175	.2913543	.0856282	0
736.15	0	.6231863	.2912204	.08559329	0
735.15	0	.6233532	.2910885	.08555829	0
734.15	0	.623518	.2909588	.08552322	0
733.15	0	.6236807	.2908312	.08548807	0
732.15	0	.6238415	.2907057	.08545285	0
731.15	0	.6240003	.2905822	.08541755	0
730.15	0	.6241571	.2904607	.08538218	0
729.15	0	.624312	.2903413	.08534674	0
728.15	0	.6244649	.2902239	.08531122	0
727.15	0	.624616	.2901084	.08527563	0
726.15	0	.6247651	.2899949	.08523998	0
725.15	0	.6249125	.2898833	.08520425	0
724.15	0	.6250579	.2897736	.08516845	0
723.15	0	.6252015	.2896659	.08513259	0
722.15	0	.625346	.2895581	.08509589	0
721.15	0	.6254859	.2894542	.08505995	0
720.15	0	.6256239	.2893521	.08502394	0
719.15	0	.6257602	.2892519	.08498787	0
718.15	0	.6258948	.2891535	.08495173	0
717.15	0	.6260277	.2890568	.08491553	0
716.15	0	.6261589	.2889619	.08487926	0
715.15	0	.6262884	.2888687	.08484292	0
714.15	0	.6264163	.2887772	.08480653	0
713.15	0	.6265425	.2886874	.08477007	0
712.15	0	.6266672	.2885993	.08473355	0
711.15	0	.6267902	.2885128	.08469697	0
710.15	0	.6269116	.288428	.08466033	0
709.15	0	.6270315	.2883449	.08462364	0
708.15	0	.6271498	.2882633	.08458688	0
707.15	0	.6272666	.2881834	.08455008	0
706.15	0	.6273818	.288105	.08451321	0
705.15	0	.6274956	.2880281	.08447629	0
704.15	0	.6276079	.2879528	.08443932	0
703.15	0	.6277187	.287879	.0844023	0
702.15	0	.627828	.2878068	.08436523	0
701.15	0	.6279359	.287736	.0843281	0
700.15	0	.6280424	.2876667	.08429093	0
699.15	0	.6281475	.2875989	.0842537	0
698.15	0	.6282511	.2875324	.08421643	0
697.15	0	.6283534	.2874675	.08417911	0
696.15	0	.6284544	.2874039	.08414175	0
695.15	0	.6285539	.2873417	.08410434	0
694.15	0	.6286522	.2872809	.08406688	0
693.15	0	.6287491	.2872215	.08402939	0
692.15	0	.6288447	.2871634	.08399185	0
691.15	0	.6289391	.2871067	.08395426	0
690.15	0	.6290321	.2870512	.08391664	0
689.15	0	.6291239	.2869971	.08387898	0
688.15	0	.6292145	.2869443	.08384128	0
687.15	0	.6293038	.2868927	.08380354	0
686.15	0	.6293919	.2868424	.08376576	0
685.15	0	.6294787	.2867933	.08372795	0
684.15	0	.6295644	.2867455	.0836901	0
683.15	0	.6296489	.2866989	.08365221	0
682.15	0	.6297322	.2866535	.0836143	0
681.15	0	.6298144	.2866092	.08357634	0
680.15	0	.6298955	.2865662	.08353836	0
679.15	0	.6299754	.2865243	.08350035	0
678.15	0	.6300541	.2864836	.0834623	0
677.15	0	.6301318	.286444	.08342423	0
676.15	0	.6302084	.2864055	.08338612	0
675.15	0	.6302839	.2863681	.08334799	0
674.15	0	.6303583	.2863318	.08330983	0
673.15	0	.6304317	.2862967	.08327164	0
672.15	0	.630504	.2862625	.08323343	0
671.15	0	.6305753	.2862295	.0831952	0
670.15	0	.6306456	.2861975	.08315694	0
669.15	0	.6307149	.2861665	.08311865	0
668.15	0	.6307831	.2861365	.08308035	0
667.15	0	.6308504	.2861076	.08304202	0
666.15	0	.6309167	.2860797	.08300367	0
665.15	0	.630982	.2860527	.08296531	0
664.15	0	.6310464	.2860267	.08292692	0
663.15	0	.6311098	.2860017	.08288852	0
662.15	0	.6311723	.2859777	.08285009	0
661.15	0	.6312338	.2859545	.08281166	0
660.15	0	.6312945	.2859323	.0827732	0
659.15	0	.6313542	.2859111	.08273473	0
658.15	0	.6314131	.2858907	.08269625	0
657.15	0	.631471	.2858712	.08265775	0
656.15	0	.6315281	.2858526	.08261924	0
655.15	0	.6315843	.285835	.08258072	0
654.15	0	.6316397	.2858181	.08254219	0
653.15	0	.6316942	.2858021	.08250365	0
652.15	0	.6317479	.285787	.0824651	0
651.15	0	.6318008	.2857727	.08242654	0
650.15	0	.6318528	.2857592	.08238797	0
649.15	0	.631904	.2857466	.0823494	0
648.15	0	.6319545	.2857347	.08231082	0
647.15	0	.6320041	.2857236	.08227223	0
646.15	0	.632053	.2857134	.08223364	0
645.15	0	.6321011	.2857039	.08219505	0
644.15	0	.6321484	.2856952	.08215645	0
643.15	0	.632195	.2856872	.08211786	0
642.15	0	.6322408	.28568	.08207926	0
641.15	0	.6322859	.2856735	.08204066	0
640.15	0	.6323302	.2856677	.08200205	0
639.15	0	.6323739	.2856627	.08196346	0
638.15	0	.6324168	.2856584	.08192486	0
637.15	0	.632459	.2856548	.08188626	0
636.15	0	.6325005	.2856518	.08184767	0
635.15	0	.6325413	.2856496	.08180908	0
634.15	0	.6325814	.285648	.0817705	0
633.15	0	.6326209	.2856472	.08173193	0
632.15	0	.6326597	.2856469	.08169336	0
631.15	0	.6326978	.2856474	.0816548	0
630.15	0	.6327353	.2856484	.08161624	0
629.15	0	.6327722	.2856501	.0815777	0
628.15	0	.6328084	.2856525	.08153916	0
627.15	0	.6328439	.2856554	.08150064	0
626.15	0	.6328789	.285659	.08146212	0
625.15	0	.6329132	.2856632	.08142362	0
624.15	0	.6329469	.2856679	.08138513	0
623.15	0	.63298	.2856733	.08134666	0
622.15	0	.6330126	.2856792	.0813082	0
621.15	0	.6330445	.2856858	.08126975	0
620.15	0	.6330758	.2856928	.08123132	0
619.15	0	.6331066	.2857005	.08119291	0
618.15	0	.6331368	.2857087	.08115451	0
617.15	0	.6331665	.2857174	.08111614	0
616.15	0	.6331956	.2857267	.08107778	0
615.15	0	.6332241	.2857365	.08103944	0
614.15	0	.6332521	.2857468	.08100112	0
613.15	0	.6332795	.2857577	.08096282	0
612.15	0	.6333065	.285769	.08092455	0
611.15	0	.6333329	.2857809	.0808863	0
610.15	0	.6333587	.2857932	.08084807	0
609.15	0	.6333841	.285806	.08080987	0
608.15	0	.6334089	.2858194	.08077169	0
607.15	0	.6334333	.2858332	.08073354	0
606.15	0	.6334572	.2858474	.08069541	0
605.15	0	.6334805	.2858622	.08065732	0
604.15	0	.6335034	.2858773	.08061925	0
603.15	0	.6335258	.285893	.08058121	0
602.15	0	.6335477	.2859091	.0805432	0
601.15	0	.6335692	.2859256	.08050522	0
600.15	0	.6335902	.2859425	.08046727	0
599.15	0	.6336107	.2859599	.08042935	0
598.15	0	.6336308	.2859777	.08039147	0
597.15	0	.6336505	.2859959	.08035362	0
596.15	0	.6336697	.2860145	.0803158	0
595.15	0	.6336884	.2860336	.08027802	0
594.15	0	.6337067	.286053	.08024028	0
593.15	0	.6337247	.2860728	.08020257	0
592.15	0	.6337421	.286093	.0801649	0
591.15	0	.6337592	.2861135	.08012727	0
590.15	0	.6337759	.2861345	.08008967	0
589.15	0	.6337921	.2861558	.08005212	0
588.15	0	.6338079	.2861774	.08001461	0
587.15	0	.6338234	.2861995	.07997714	0
586.15	0	.6338385	.2862218	.07993971	0
585.15	0	.6338531	.2862446	.07990232	0
584.15	0	.6338674	.2862676	.07986498	0
583.15	0	.6338813	.286291	.07982768	0
582.15	0	.6338948	.2863148	.07979042	0
581.15	0	.633908	.2863388	.07975321	0
580.15	0	.6339208	.2863632	.07971605	0
579.15	0	.6339332	.2863879	.07967893	0
578.15	0	.6339453	.2864128	.07964187	0
577.15	0	.633957	.2864382	.07960485	0
576.15	0	.6339684	.2864637	.07956788	0
575.15	0	.6339794	.2864896	.07953096	0
574.15	0	.6339901	.2865158	.07949409	0
573.15	0	.6340004	.2865423	.07945728	0
572.15	0	.6340105	.286569	.07942051	0
571.15	0	.6340202	.286596	.0793838	0
570.15	0	.6340295	.2866233	.07934715	0
569.15	0	.6340386	.2866509	.07931054	0
568.15	0	.6340473	.2866787	.079274	0
567.15	0	.6340557	.2867068	.07923751	0
566.15	0	.6340638	.2867351	.07920107	0
565.15	0	.6340716	.2867637	.07916469	0
564.15	0	.6340792	.2867925	.07912838	0
563.15	0	.6340864	.2868215	.07909212	0
562.15	0	.6340933	.2868508	.07905592	0
561.15	0	.6340999	.2868803	.07901978	0
560.15	0	.6341062	.2869101	.0789837	0
559.15	0	.6341123	.28694	.07894769	0
558.15	0	.6341181	.2869702	.07891173	0
557.15	0	.6341236	.2870006	.07887584	0
556.15	0	.6341288	.2870312	.07884001	0
555.15	0	.6341338	.287062	.07880425	0
554.15	0	.6341385	.287093	.07876856	0
553.15	0	.6341429	.2871242	.07873293	0
552.15	0	.6341471	.2871556	.07869737	0
551.15	0	.634151	.2871871	.07866187	0
550.15	0	.6341547	.2872189	.07862644	0
549.15	0	.6341581	.2872508	.07859109	0
548.15	0	.6341613	.2872829	.0785558	0
547.15	0	.6341642	.2873152	.07852058	0
546.15	0	.6341669	.2873477	.07848543	0
545.15	0	.6341693	.2873803	.07845036	0
544.15	0	.6341716	.2874131	.07841536	0
543.15	0	.6341736	.287446	.07838043	0
542.15	0	.6341753	.2874791	.07834558	0
541.15	0	.6341769	.2875123	.0783108	0
540.15	0	.6341782	.2875457	.07827609	0
539.15	0	.6341793	.2875792	.07824146	0
538.15	0	.6341802	.2876129	.07820691	0
537.15	0	.6341809	.2876467	.07817244	0
536.15	0	.6341814	.2876806	.07813804	0
535.15	0	.6341816	.2877147	.07810372	0
534.15	0	.6341817	.2877488	.07806948	0
533.15	0	.6341816	.2877831	.07803533	0
532.15	0	.6341812	.2878175	.07800125	0
531.15	0	.6341807	.2878521	.07796725	0
530.15	0	.63418	.2878867	.07793334	0
529.15	0	.6341791	.2879214	.07789951	0
528.15	0	.634178	.2879563	.07786577	0
527.15	0	.6341767	.2879912	.0778321	0
527.0704	0	.6341766	.287994	.07782943	0
527.0704	0	.6341766	.287994	.07782943	0
527.0704	0	.6341766	.287994	.07782943	0
526.15	0	.6344977	.2873179	.07747991	7.04447E-04
525.15	0	.6348444	.2865867	.07710139	.001467525
524.15	0	.6351888	.2858588	.07672415	.002228254
523.15	0	.6355308	.2851344	.07634816	.002986654
522.15	0	.6358706	.2844133	.07597342	.003742749
521.15	0	.6362081	.2836954	.07559992	.00449656
520.15	0	.6365434	.2829808	.07522765	.005248107
519.15	0	.6368766	.2822694	.07485659	.005997414
518.15	0	.6372076	.2815612	.07448674	.006744499
517.15	0	.6375364	.2808561	.07411808	.007489385
516.15	0	.6378632	.2801541	.07375061	.008232091
515.15	0	.6381879	.2794551	.07338431	.008972638
514.15	0	.6385106	.2787592	.07301917	.009711046
513.15	0	.6388313	.2780662	.07265519	.01044733
512.15	0	.63915	.2773761	.07229235	.01118152
511.15	0	.6394668	.2766889	.07193065	.01191363
510.15	0	.6397816	.2760046	.07157007	.01264368
509.15	0	.6400946	.2753232	.07121062	.01337169
508.15	0	.6404056	.2746444	.07085226	.01409767
507.15	0	.6407149	.2739685	.07049501	.01482165
506.15	0	.6410223	.2732953	.07013885	.01554364
505.15	0	.6413279	.2726247	.06978376	.01626366
504.15	0	.6416317	.2719568	.06942975	.01698174
503.15	0	.6419338	.2712915	.0690768	.01769788
502.15	0	.6422342	.2706288	.0687249	.01841211
501.15	0	.6425329	.2699686	.06837405	.01912444
500.15	0	.6428299	.2693109	.06802424	.01983489
499.15	0	.6431253	.2686558	.06767545	.02054348
498.15	0	.6434191	.268003	.06732769	.02125023
497.15	0	.6437112	.2673527	.06698094	.02195514
496.15	0	.6440018	.2667048	.06663519	.02265825
495.15	0	.6442908	.2660592	.06629045	.02335956
494.15	0	.6445782	.265416	.06594669	.02405908
493.15	0	.6448642	.264775	.06560391	.02475685
492.15	0	.6451487	.2641364	.06526211	.02545287
491.15	0	.6454316	.2634999	.06492127	.02614715
490.15	0	.6457134	.2628657	.06458124	.02683976
489.15	0	.6459935	.2622336	.06424231	.02753063
488.15	0	.6462721	.2616037	.06390432	.02821982
487.15	0	.6465494	.260976	.06356728	.02890734
486.15	0	.6468254	.2603503	.06323116	.02959319
485.15	0	.6470999	.2597267	.06289597	.03027741
484.15	0	.6473732	.2591051	.0625617	.03096001
483.15	0	.6476451	.2584856	.06222833	.03164099
482.15	0	.6479157	.257868	.06189587	.03232038
481.15	0	.6481851	.2572524	.0615643	.03299819
480.15	0	.6484532	.2566388	.06123363	.03367442
479.15	0	.64872	.256027	.06090383	.03434911
478.15	0	.6489856	.2554172	.06057492	.03502225
477.15	0	.6492501	.2548092	.06024687	.03569387
476.15	0	.6495133	.2542031	.05991969	.03636397
475.15	0	.6497753	.2535987	.05959337	.03703257
474.15	0	.6500362	.2529962	.0592679	.03769969
473.15	0	.650296	.2523954	.05894328	.03836534
472.15	0	.6505546	.2517964	.05861949	.03902953
471.15	0	.6508121	.2511991	.05829655	.03969227
470.15	0	.6510686	.2506034	.05797442	.04035357
469.15	0	.6513239	.2500095	.05765313	.04101346
468.15	0	.6515782	.2494172	.05733265	.04167193
467.15	0	.6518315	.2488265	.05701298	.04232901
466.15	0	.6520837	.2482375	.05669411	.04298471
465.15	0	.6523349	.24765	.05637605	.04363903
464.15	0	.6525851	.2470641	.05605878	.044292
463.15	0	.6528344	.2464797	.0557423	.04494362
462.15	0	.6530826	.2458969	.0554266	.0455939
461.15	0	.6533299	.2453155	.05511169	.04624286
460.15	0	.6535763	.2447357	.05479754	.04689051
459.15	0	.6538217	.2441572	.05448417	.04753685
458.15	0	.6540663	.2435803	.05417156	.04818191
457.15	0	.6543099	.2430047	.0538597	.04882569
456.15	0	.6545526	.2424306	.0535486	.0494682
455.15	0	.6547945	.2418578	.05323825	.05010946
454.15	0	.6550355	.2412864	.05292865	.05074947
453.15	0	.6552757	.2407163	.05261978	.05138825
452.15	0	.655515	.2401476	.05231164	.05202581
451.15	0	.6557535	.2395801	.05200424	.05266216
450.15	0	.6559912	.239014	.05169756	.0532973
449.15	0	.6562281	.238449	.05139161	.05393127
448.15	0	.6564643	.2378853	.05108637	.05456407
447.15	0	.6566997	.2373228	.05078185	.05519569
446.15	0	.6569343	.2367615	.05047804	.05582617
445.15	0	.6571682	.2362013	.05017494	.05645549
444.15	0	.6574015	.2356423	.04987253	.05708369
443.15	0	.657634	.2350845	.04957083	.05771076
442.15	0	.6578658	.2345277	.04926982	.05833673
441.15	0	.6580969	.233972	.0489695	.05896159
440.15	0	.6583274	.2334174	.04866987	.05958537
439.15	0	.6585572	.2328638	.04837093	.06020807
438.15	0	.6587864	.2323112	.04807267	.06082971
437.15	0	.659015	.2317596	.04777509	.06145028
436.15	0	.659243	.231209	.04747818	.06206982
435.15	0	.6594704	.2306593	.04718194	.06268831
434.15	0	.6596972	.2301106	.04688637	.06330578
433.15	0	.6599235	.2295628	.04659147	.06392224
432.15	0	.6601492	.2290159	.04629723	.06453769
431.15	0	.6603744	.2284699	.04600365	.06515214
430.15	0	.660599	.2279247	.04571072	.0657656
429.15	0	.6608231	.2273804	.04541845	.06637809
428.15	0	.6610467	.2268368	.04512683	.06698961
427.15	0	.6612698	.2262942	.04483585	.06760017
426.15	0	.6614925	.2257522	.04454551	.06820978
425.15	0	.6617146	.2252111	.04425581	.06881846
424.15	0	.6619363	.2246707	.04396675	.06942619
423.15	0	.6621575	.2241311	.04367833	.07003301
422.15	0	.6623783	.2235922	.04339053	.07063891
