T	 BPW(LIQUID)	BPW(BCC_A2)	BPW(FCC_A1)	BPW(LAVES_PHASE_C14)	BPW(NI3TI)
1473.15	.03654895	.8354397	0	.1280113	0
1472.15	.03196105	.8383586	0	.1296804	0
1471.15	.02746172	.841215	0	.1313233	0
1470.15	.0230485	.8440106	0	.1329409	0
1469.15	.01871897	.8467471	0	.1345339	0
1468.15	.01447084	.8494261	0	.1361031	0
1467.15	.01030188	.8520492	0	.1376489	0
1466.15	.006209923	.8546178	0	.1391722	0
1465.15	.002192905	.8571335	0	.1406736	0
1464.596	0	.8585043	0	.1414958	0
1464.596	0	.8585043	0	.1414958	0
1464.15	0	.8581978	0	.1418022	0
1463.15	0	.8575124	0	.1424876	0
1462.15	0	.8568288	0	.1431712	0
1461.15	0	.8561469	0	.1438531	0
1460.15	0	.8554668	0	.1445332	0
1459.15	0	.8547884	0	.1452116	0
1458.15	0	.8541118	0	.1458882	0
1457.15	0	.8534369	0	.1465631	0
1456.15	0	.8527638	0	.1472362	0
1455.15	0	.8520924	0	.1479076	0
1454.15	0	.8514227	0	.1485773	0
1453.15	0	.8507547	0	.1492453	0
1452.15	0	.8500884	0	.1499116	0
1451.15	0	.8494238	0	.1505762	0
1450.15	0	.848761	0	.151239	0
1449.15	0	.8480998	0	.1519002	0
1448.15	0	.8474403	0	.1525597	0
1447.15	0	.8467825	0	.1532176	0
1446.15	0	.8461263	0	.1538737	0
1445.15	0	.8454718	0	.1545282	0
1444.15	0	.844819	0	.155181	0
1443.15	0	.8441678	0	.1558322	0
1442.15	0	.8435183	0	.1564817	0
1441.15	0	.8428704	0	.1571296	0
1440.15	0	.8422242	0	.1577758	0
1439.15	0	.8415795	0	.1584205	0
1438.15	0	.8409365	0	.1590635	0
1437.15	0	.8402952	0	.1597048	0
1436.15	0	.8396554	0	.1603446	0
1435.15	0	.8390172	0	.1609828	0
1434.15	0	.8383807	0	.1616193	0
1433.15	0	.8377457	0	.1622543	0
1432.15	0	.8371124	0	.1628876	0
1431.15	0	.8364806	0	.1635194	0
1430.15	0	.8358504	0	.1641496	0
1429.15	0	.8352217	0	.1647783	0
1428.15	0	.8345947	0	.1654053	0
1427.15	0	.8339692	0	.1660308	0
1426.15	0	.8333452	0	.1666548	0
1425.15	0	.8327228	0	.1672772	0
1424.15	0	.832102	0	.167898	0
1423.15	0	.8314827	0	.1685173	0
1422.15	0	.8308649	0	.1691351	0
1421.15	0	.8302487	0	.1697513	0
1420.15	0	.8296339	0	.1703661	0
1419.15	0	.8290207	0	.1709793	0
1418.15	0	.828409	0	.171591	0
1417.15	0	.8277989	0	.1722011	0
1416.15	0	.8271902	0	.1728098	0
1415.15	0	.826583	0	.173417	0
1414.15	0	.8259773	0	.1740227	0
1413.15	0	.8253731	0	.1746269	0
1412.15	0	.8247704	0	.1752296	0
1411.15	0	.8241692	0	.1758308	0
1410.15	0	.8235694	0	.1764306	0
1409.15	0	.8229711	0	.1770289	0
1408.15	0	.8223743	0	.1776257	0
1407.15	0	.8217789	0	.1782211	0
1406.15	0	.821185	0	.178815	0
1405.15	0	.8205925	0	.1794075	0
1404.15	0	.8200015	0	.1799985	0
1403.15	0	.8194119	0	.1805881	0
1402.15	0	.8188237	0	.1811763	0
1401.15	0	.818237	0	.181763	0
1400.15	0	.8176517	0	.1823483	0
1399.15	0	.8170678	0	.1829322	0
1398.15	0	.8164853	0	.1835147	0
1397.15	0	.8159043	0	.1840957	0
1396.15	0	.8153246	0	.1846754	0
1395.15	0	.8147463	0	.1852537	0
1394.15	0	.8141695	0	.1858305	0
1393.15	0	.813594	0	.186406	0
1392.15	0	.8130199	0	.1869801	0
1391.15	0	.8124472	0	.1875528	0
1390.15	0	.8118758	0	.1881242	0
1389.15	0	.8113059	0	.1886941	0
1388.15	0	.8107373	0	.1892627	0
1387.15	0	.81017	0	.18983	0
1386.15	0	.8096042	0	.1903958	0
1385.15	0	.8090396	0	.1909604	0
1384.15	0	.8084765	0	.1915235	0
1383.15	0	.8079146	0	.1920854	0
1382.15	0	.8073541	0	.1926459	0
1381.15	0	.806795	0	.193205	0
1380.15	0	.8062372	0	.1937628	0
1379.15	0	.8056807	0	.1943193	0
1378.15	0	.8051255	0	.1948745	0
1377.15	0	.8045716	0	.1954284	0
1376.15	0	.8040191	0	.1959809	0
1375.15	0	.8034679	0	.1965322	0
1374.15	0	.8029179	0	.1970821	0
1373.15	0	.8023693	0	.1976307	0
1372.15	0	.801822	0	.198178	0
1371.15	0	.8012759	0	.1987241	0
1370.15	0	.8007312	0	.1992688	0
1369.15	0	.8001877	0	.1998123	0
1368.15	0	.7996455	0	.2003545	0
1367.15	0	.7991046	0	.2008954	0
1366.15	0	.798565	0	.201435	0
1365.15	0	.7980266	0	.2019734	0
1364.15	0	.7974895	0	.2025105	0
1363.15	0	.7969537	0	.2030463	0
1362.15	0	.7964191	0	.2035809	0
1361.15	0	.7958857	0	.2041143	0
1360.15	0	.7953537	0	.2046464	0
1359.15	0	.7948228	0	.2051772	0
1358.15	0	.7942932	0	.2057068	0
1357.15	0	.7937648	0	.2062352	0
1356.15	0	.7932377	0	.2067623	0
1355.15	0	.7927118	0	.2072882	0
1354.15	0	.7921871	0	.2078129	0
1353.15	0	.7916636	0	.2083364	0
1352.15	0	.7911414	0	.2088586	0
1351.15	0	.7906203	0	.2093797	0
1350.15	0	.7901005	0	.2098995	0
1349.15	0	.7895819	0	.2104181	0
1348.15	0	.7890645	0	.2109355	0
1347.15	0	.7885482	0	.2114518	0
1346.15	0	.7880332	0	.2119668	0
1345.15	0	.7875193	0	.2124807	0
1344.15	0	.7870067	0	.2129933	0
1343.15	0	.7864952	0	.2135048	0
1342.15	0	.7859849	0	.2140151	0
1341.15	0	.7854758	0	.2145242	0
1340.15	0	.7849678	0	.2150322	0
1339.15	0	.784461	0	.215539	0
1338.15	0	.7839554	0	.2160446	0
1337.15	0	.783451	0	.216549	0
1336.15	0	.7829477	0	.2170523	0
1335.15	0	.7824455	0	.2175545	0
1334.15	0	.7819445	0	.2180555	0
1333.15	0	.7814447	0	.2185553	0
1332.15	0	.7809459	0	.2190541	0
1331.15	0	.7804484	0	.2195516	0
1330.15	0	.7799519	0	.2200481	0
1329.15	0	.7794566	0	.2205434	0
1328.15	0	.7789625	0	.2210375	0
1327.15	0	.7784694	0	.2215306	0
1326.15	0	.7779775	0	.2220225	0
1325.15	0	.7774867	0	.2225133	0
1324.15	0	.776997	0	.223003	0
1323.15	0	.7765084	0	.2234916	0
1322.15	0	.7760209	0	.2239791	0
1321.15	0	.7755346	0	.2244655	0
1320.15	0	.7750493	0	.2249507	0
1319.15	0	.7745651	0	.2254349	0
1318.15	0	.774082	0	.225918	0
1317.15	0	.7736001	0	.2264	0
1316.15	0	.7731192	0	.2268808	0
1315.15	0	.7726394	0	.2273607	0
1314.15	0	.7721606	0	.2278394	0
1313.15	0	.771683	0	.228317	0
1312.15	0	.7712064	0	.2287936	0
1311.15	0	.7707309	0	.2292691	0
1310.15	0	.7702565	0	.2297435	0
1309.15	0	.7697831	0	.2302169	0
1308.15	0	.7693108	0	.2306892	0
1307.15	0	.7688396	0	.2311604	0
1306.15	0	.7683694	0	.2316306	0
1305.15	0	.7679002	0	.2320998	0
1304.15	0	.7674321	0	.2325679	0
1303.15	0	.7669651	0	.2330349	0
1302.15	0	.7664991	0	.2335009	0
1301.15	0	.7660342	0	.2339658	0
1300.15	0	.7655703	0	.2344297	0
1299.15	0	.7651074	0	.2348926	0
1298.15	0	.7646455	0	.2353545	0
1297.15	0	.7641847	0	.2358153	0
1296.15	0	.7637249	0	.2362751	0
1295.15	0	.7632662	0	.2367338	0
1294.15	0	.7628084	0	.2371916	0
1293.15	0	.7623517	0	.2376483	0
1292.15	0	.761896	0	.238104	0
1291.15	0	.7614413	0	.2385587	0
1290.15	0	.7609876	0	.2390124	0
1289.15	0	.7605349	0	.2394651	0
1288.15	0	.7600832	0	.2399168	0
1287.15	0	.7596325	0	.2403675	0
1286.15	0	.7591828	0	.2408172	0
1285.15	0	.7587341	0	.2412659	0
1284.15	0	.7582864	0	.2417136	0
1283.15	0	.7578397	0	.2421603	0
1282.15	0	.7573939	0	.2426061	0
1281.15	0	.7569492	0	.2430508	0
1280.15	0	.7565054	0	.2434946	0
1279.15	0	.7560626	0	.2439374	0
1278.15	0	.7556208	0	.2443792	0
1277.15	0	.75518	0	.24482	0
1276.15	0	.7547401	0	.2452599	0
1275.15	0	.7543012	0	.2456988	0
1274.15	0	.7538632	0	.2461368	0
1273.15	0	.7534262	0	.2465738	0
1272.15	0	.7529902	0	.2470098	0
1271.15	0	.7525551	0	.2474449	0
1270.15	0	.752121	0	.247879	0
1269.15	0	.7516878	0	.2483122	0
1268.15	0	.7512556	0	.2487444	0
1267.15	0	.7508243	0	.2491757	0
1266.15	0	.750394	0	.249606	0
1265.15	0	.7499646	0	.2500354	0
1264.15	0	.7495361	0	.2504639	0
1263.15	0	.7491086	0	.2508914	0
1262.15	0	.748682	0	.251318	0
1261.15	0	.7482563	0	.2517437	0
1260.15	0	.7478316	0	.2521684	0
1259.15	0	.7474078	0	.2525922	0
1258.15	0	.7469849	0	.2530151	0
1257.15	0	.7465629	0	.2534371	0
1256.15	0	.7461418	0	.2538582	0
1255.15	0	.7457217	0	.2542783	0
1254.15	0	.7453025	0	.2546975	0
1253.15	0	.7448842	0	.2551158	0
1252.15	0	.7444667	0	.2555333	0
1251.15	0	.7440502	0	.2559498	0
1250.15	0	.7436346	0	.2563654	0
1249.15	0	.7432199	0	.2567801	0
1248.15	0	.7428061	0	.2571939	0
1247.15	0	.7423932	0	.2576068	0
1246.15	0	.7419811	0	.2580189	0
1245.15	0	.74157	0	.25843	0
1244.15	0	.7411598	0	.2588402	0
1243.15	0	.7407504	0	.2592496	0
1242.15	0	.7403419	0	.2596581	0
1241.15	0	.7399343	0	.2600657	0
1240.15	0	.7395276	0	.2604724	0
1239.15	0	.7391218	0	.2608783	0
1238.15	0	.7387168	0	.2612832	0
1237.15	0	.7383127	0	.2616873	0
1236.15	0	.7379094	0	.2620906	0
1235.15	0	.7375071	0	.2624929	0
1234.15	0	.7371056	0	.2628944	0
1233.15	0	.7367049	0	.2632951	0
1232.15	0	.7363052	0	.2636948	0
1231.15	0	.7359062	0	.2640938	0
1230.15	0	.7355082	0	.2644918	0
1229.15	0	.735111	0	.2648891	0
1228.15	0	.7347146	0	.2652854	0
1227.15	0	.7343191	0	.2656809	0
1226.15	0	.7339244	0	.2660756	0
1225.15	0	.7335306	0	.2664694	0
1224.15	0	.7331376	0	.2668624	0
1223.15	0	.7327455	0	.2672545	0
1222.15	0	.7323542	0	.2676458	0
1221.15	0	.7319637	0	.2680363	0
1220.15	0	.7315741	0	.2684259	0
1219.15	0	.7311853	0	.2688147	0
1218.15	0	.7307973	0	.2692027	0
1217.15	0	.7304101	0	.2695899	0
1216.15	0	.7300238	0	.2699762	0
1215.15	0	.7296383	0	.2703617	0
1214.15	0	.7292536	0	.2707464	0
1213.15	0	.7288698	0	.2711302	0
1212.15	0	.7284868	0	.2715133	0
1211.15	0	.7281045	0	.2718955	0
1210.15	0	.7277231	0	.2722769	0
1209.15	0	.7273425	0	.2726575	0
1208.15	0	.7269627	0	.2730373	0
1207.15	0	.7265837	0	.2734163	0
1206.15	0	.7262055	0	.2737945	0
1205.15	0	.7258282	0	.2741718	0
1204.15	0	.7254516	0	.2745484	0
1203.15	0	.7250758	0	.2749242	0
1202.15	0	.7247008	0	.2752992	0
1201.15	0	.7243266	0	.2756734	0
1200.15	0	.7239533	0	.2760468	0
1199.15	0	.7235806	0	.2764194	0
1198.15	0	.7232088	0	.2767912	0
1197.15	0	.7228378	0	.2771622	0
1196.15	0	.7224676	0	.2775324	0
1195.15	0	.7220981	0	.2779019	0
1194.15	0	.7217294	0	.2782706	0
1193.15	0	.7213615	0	.2786385	0
1192.15	0	.7209944	0	.2790056	0
1191.15	0	.7206281	0	.2793719	0
1190.15	0	.7202625	0	.2797375	0
1189.15	0	.7198977	0	.2801023	0
1188.15	0	.7195337	0	.2804663	0
1187.15	0	.7191704	0	.2808296	0
1186.15	0	.7188079	0	.2811921	0
1185.15	0	.7184462	0	.2815538	0
1184.15	0	.7180852	0	.2819148	0
1183.15	0	.717725	0	.282275	0
1182.15	0	.7173656	0	.2826344	0
1181.15	0	.7170069	0	.2829931	0
1180.15	0	.716649	0	.283351	0
1179.15	0	.7162918	0	.2837082	0
1178.15	0	.7159354	0	.2840647	0
1177.15	0	.7155797	0	.2844203	0
1176.15	0	.7152247	0	.2847752	0
1175.15	0	.7148706	0	.2851294	0
1174.15	0	.7145171	0	.2854829	0
1173.15	0	.7141645	0	.2858355	0
1172.15	0	.7138125	0	.2861875	0
1171.15	0	.7134613	0	.2865387	0
1170.15	0	.7131108	0	.2868892	0
1169.15	0	.7127611	0	.2872389	0
1168.15	0	.7124121	0	.2875879	0
1167.15	0	.7120638	0	.2879362	0
1166.15	0	.7117163	0	.2882837	0
1165.15	0	.7113695	0	.2886305	0
1164.15	0	.7110234	0	.2889766	0
1163.15	0	.7106781	0	.2893219	0
1162.15	0	.7103335	0	.2896666	0
1161.15	0	.7099895	0	.2900104	0
1160.15	0	.7096464	0	.2903536	0
1159.15	0	.7093039	0	.2906961	0
1158.15	0	.7089622	0	.2910378	0
1157.15	0	.7086212	0	.2913789	0
1156.15	0	.7082808	0	.2917192	0
1155.15	0	.7079413	0	.2920587	0
1154.15	0	.7076024	0	.2923977	0
1153.15	0	.7072642	0	.2927358	0
1152.15	0	.7069267	0	.2930733	0
1151.15	0	.70659	0	.29341	0
1150.15	0	.7062539	0	.2937461	0
1149.15	0	.7059186	0	.2940814	0
1148.15	0	.7055839	0	.2944161	0
1147.15	0	.70525	0	.29475	0
1146.15	0	.7049168	0	.2950832	0
1145.15	0	.7045842	0	.2954158	0
1144.15	0	.7042524	0	.2957476	0
1143.15	0	.7039212	0	.2960788	0
1142.15	0	.7035908	0	.2964092	0
1141.15	0	.703261	0	.296739	0
1140.15	0	.7029319	0	.2970681	0
1139.15	0	.7026036	0	.2973965	0
1138.15	0	.7022759	0	.2977242	0
1137.15	0	.7019488	0	.2980512	0
1136.15	0	.7016225	0	.2983775	0
1135.15	0	.7012969	0	.2987031	0
1134.15	0	.7009719	0	.2990281	0
1133.15	0	.7006476	0	.2993524	0
1132.15	0	.700324	0	.299676	0
1131.15	0	.7000011	0	.2999989	0
1130.15	0	.6996789	0	.3003211	0
1129.15	0	.6993573	0	.3006427	0
1128.15	0	.6990364	0	.3009636	0
1127.15	0	.6987162	0	.3012838	0
1126.15	0	.6983966	0	.3016034	0
1125.15	0	.6980777	0	.3019223	0
1124.15	0	.6977595	0	.3022405	0
1123.15	0	.6974419	0	.3025581	0
1122.15	0	.697125	0	.302875	0
1121.15	0	.6968088	0	.3031912	0
1120.15	0	.6964933	0	.3035067	0
1119.15	0	.6961784	0	.3038216	0
1118.15	0	.6958641	0	.3041359	0
1117.15	0	.6955505	0	.3044495	0
1116.15	0	.6952376	0	.3047624	0
1115.15	0	.6949253	0	.3050747	0
1114.15	0	.6946137	0	.3053863	0
1113.15	0	.6943027	0	.3056973	0
1112.15	0	.6939924	0	.3060076	0
1111.15	0	.6936828	0	.3063172	0
1110.15	0	.6933737	0	.3066263	0
1109.15	0	.6930654	0	.3069346	0
1108.15	0	.6927577	0	.3072424	0
1107.15	0	.6924506	0	.3075494	0
1106.15	0	.6921441	0	.3078559	0
1105.15	0	.6918384	0	.3081617	0
1104.15	0	.6915332	0	.3084668	0
1103.15	0	.6912287	0	.3087713	0
1102.15	0	.6909248	0	.3090752	0
1101.15	0	.6906216	0	.3093784	0
1100.15	0	.690319	0	.309681	0
1099.15	0	.690017	0	.309983	0
1098.15	0	.6897157	0	.3102843	0
1097.15	0	.689415	0	.310585	0
1096.15	0	.6891149	0	.3108851	0
1095.15	0	.6888155	0	.3111845	0
1094.15	0	.6885167	0	.3114833	0
1093.15	0	.6882185	0	.3117815	0
1092.15	0	.687921	0	.312079	0
1091.15	0	.687624	0	.312376	0
1090.15	0	.6873277	0	.3126723	0
1089.15	0	.6870321	0	.3129679	0
1088.15	0	.686737	0	.313263	0
1087.15	0	.6864426	0	.3135574	0
1086.15	0	.6861487	0	.3138513	0
1085.15	0	.6858555	0	.3141445	0
1084.15	0	.685563	0	.314437	0
1083.15	0	.685271	0	.314729	0
1082.15	0	.6849797	0	.3150204	0
1081.15	0	.6846889	0	.3153111	0
1080.15	0	.6843988	0	.3156012	0
1079.15	0	.6841093	0	.3158907	0
1078.15	0	.6838204	0	.3161796	0
1077.15	0	.6835321	0	.3164679	0
1076.15	0	.6832444	0	.3167556	0
1075.15	0	.6829573	0	.3170427	0
1074.15	0	.6826708	0	.3173292	0
1073.15	0	.682385	0	.317615	0
1072.15	0	.6820997	0	.3179003	0
1071.15	0	.681815	0	.318185	0
1070.15	0	.681531	0	.318469	0
1069.15	0	.6812475	0	.3187525	0
1068.15	0	.6809647	0	.3190353	0
1067.15	0	.6806824	0	.3193176	0
1066.15	0	.6804007	0	.3195993	0
1065.15	0	.6801197	0	.3198803	0
1064.15	0	.6798392	0	.3201608	0
1063.15	0	.6795593	0	.3204407	0
1062.15	0	.6792801	0	.32072	0
1061.15	0	.6790014	0	.3209986	0
1060.15	0	.6787233	0	.3212767	0
1059.15	0	.6784458	0	.3215543	0
1058.15	0	.6781688	0	.3218312	0
1057.15	0	.6778925	0	.3221075	0
1056.15	0	.6776167	0	.3223833	0
1055.15	0	.6773416	0	.3226584	0
1054.15	0	.677067	0	.322933	0
1053.15	0	.676793	0	.323207	0
1052.15	0	.6765196	0	.3234804	0
1051.15	0	.6762468	0	.3237532	0
1050.15	0	.6759746	0	.3240254	0
1049.15	0	.6757029	0	.3242971	0
1048.15	0	.6754318	0	.3245682	0
1047.15	0	.6751613	0	.3248387	0
1046.15	0	.6748914	0	.3251086	0
1045.15	0	.674622	0	.325378	0
1044.15	0	.6743533	0	.3256467	0
1043.15	0	.674085	0	.325915	0
1042.15	0	.6738174	0	.3261826	0
1041.15	0	.6735504	0	.3264496	0
1040.15	0	.6732839	0	.3267161	0
1039.15	0	.673018	0	.326982	0
1038.15	0	.6727526	0	.3272474	0
1037.15	0	.6724879	0	.3275121	0
1036.15	0	.6722237	0	.3277763	0
1035.15	0	.67196	0	.32804	0
1034.15	0	.671697	0	.328303	0
1033.15	0	.6714345	0	.3285655	0
1032.15	0	.6711725	0	.3288275	0
1031.15	0	.6709111	0	.3290889	0
1030.15	0	.6706503	0	.3293497	0
1029.15	0	.6703901	0	.3296099	0
1028.15	0	.6701304	0	.3298696	0
1027.15	0	.6698713	0	.3301288	0
1026.15	0	.6696127	0	.3303873	0
1025.15	0	.6693547	0	.3306453	0
1024.15	0	.6690972	0	.3309028	0
1023.15	0	.6688403	0	.3311597	0
1022.15	0	.668584	0	.331416	0
1021.15	0	.6683282	0	.3316718	0
1020.15	0	.668073	0	.331927	0
1019.15	0	.6678183	0	.3321817	0
1018.15	0	.6675642	0	.3324358	0
1017.15	0	.6673106	0	.3326894	0
1016.15	0	.6670576	0	.3329424	0
1015.15	0	.6668051	0	.3331949	0
1014.15	0	.6665532	0	.3334468	0
1013.15	0	.6663018	0	.3336982	0
1012.15	0	.666051	0	.333949	0
1011.15	0	.6658007	0	.3341993	0
1010.15	0	.665551	0	.334449	0
1009.15	0	.6653018	0	.3346982	0
1008.15	0	.6650531	0	.3349469	0
1007.15	0	.664805	0	.335195	0
1006.15	0	.6645575	0	.3354425	0
1005.15	0	.6643105	0	.3356895	0
1004.15	0	.664064	0	.335936	0
1003.15	0	.6638181	0	.3361819	0
1002.15	0	.6635727	0	.3364273	0
1001.15	0	.6633278	0	.3366722	0
1000.15	0	.6630835	0	.3369165	0
999.15	0	.6628397	0	.3371603	0
998.15	0	.6625965	0	.3374035	0
997.15	0	.6623538	0	.3376462	0
996.15	0	.6621116	0	.3378884	0
995.15	0	.66187	0	.33813	0
994.15	0	.6616289	0	.3383711	0
993.15	0	.6613884	0	.3386117	0
992.15	0	.6611483	0	.3388517	0
991.15	0	.6609088	0	.3390912	0
990.15	0	.6606699	0	.3393301	0
989.15	0	.6604314	0	.3395686	0
988.15	0	.6601935	0	.3398065	0
987.15	0	.6599561	0	.3400439	0
986.15	0	.6597193	0	.3402807	0
985.15	0	.659483	0	.340517	0
984.15	0	.6592472	0	.3407528	0
983.15	0	.6590119	0	.3409881	0
982.15	0	.6587772	0	.3412228	0
981.15	0	.658543	0	.341457	0
980.15	0	.6583093	0	.3416907	0
979.15	0	.6580761	0	.3419239	0
978.15	0	.6578435	0	.3421565	0
977.15	0	.6576113	0	.3423887	0
976.15	0	.6573797	0	.3426203	0
975.15	0	.6571487	0	.3428513	0
974.15	0	.6569181	0	.3430819	0
973.15	0	.6566881	0	.3433119	0
972.15	0	.6564585	0	.3435415	0
971.15	0	.6562296	0	.3437705	0
970.15	0	.6560011	0	.3439989	0
969.15	0	.6557731	0	.3442269	0
968.15	0	.6555457	0	.3444544	0
967.15	0	.6553187	0	.3446813	0
966.15	0	.6550923	0	.3449077	0
965.15	0	.6548664	0	.3451336	0
964.15	0	.654641	0	.345359	0
963.15	0	.6544161	0	.3455839	0
962.15	0	.6541918	0	.3458082	0
961.15	0	.6539679	0	.3460321	0
960.15	0	.6537446	0	.3462554	0
959.15	0	.6535218	0	.3464782	0
958.15	0	.6532994	0	.3467006	0
957.15	0	.6530776	0	.3469224	0
956.15	0	.6528563	0	.3471437	0
955.15	0	.6526355	0	.3473645	0
954.15	0	.6524153	0	.3475847	0
953.15	0	.6521955	0	.3478045	0
952.15	0	.6519762	0	.3480238	0
951.15	0	.6517575	0	.3482425	0
950.15	0	.6515392	0	.3484608	0
949.15	0	.6513215	0	.3486785	0
948.15	0	.6511042	0	.3488958	0
947.15	0	.6508875	0	.3491125	0
946.15	0	.6506712	0	.3493288	0
945.15	0	.6504555	0	.3495445	0
944.15	0	.6502403	0	.3497597	0
943.15	0	.6500255	0	.3499745	0
942.15	0	.6498113	0	.3501887	0
941.15	0	.6495976	0	.3504024	0
940.15	0	.6493843	0	.3506157	0
939.15	0	.6491716	0	.3508284	0
938.15	0	.6489594	0	.3510406	0
937.15	0	.6487477	0	.3512523	0
936.15	0	.6485364	0	.3514636	0
935.15	0	.6483257	0	.3516743	0
934.15	0	.6481154	0	.3518846	0
933.15	0	.6479057	0	.3520943	0
932.15	0	.6476964	0	.3523036	0
931.15	0	.6474877	0	.3525123	0
930.15	0	.6472794	0	.3527206	0
929.15	0	.6470716	0	.3529284	0
928.15	0	.6468644	0	.3531356	0
927.15	0	.6466576	0	.3533424	0
926.15	0	.6464513	0	.3535487	0
925.15	0	.6462455	0	.3537545	0
924.15	0	.6460402	0	.3539598	0
923.15	0	.6458354	0	.3541646	0
922.15	0	.6456311	0	.3543689	0
921.4051	0	.6454792	0	.3545208	0
921.4051	0	.6454792	0	.3545208	0
921.4051	0	.6454792	0	.3545208	0
921.15	0	.6452886	1.537023E-04	.3545577	0
920.15	0	.6445426	7.557005E-04	.3547017	0
919.15	0	.6437984	.001356735	.3548449	0
918.15	0	.643056	.001956823	.3549872	0
917.15	0	.6423153	.002555983	.3551287	0
916.15	0	.6415764	.003154233	.3552694	0
915.15	0	.6408393	.003751594	.3554092	0
914.15	0	.6401038	.004348085	.3555481	0
913.15	0	.6393701	.004943727	.3556861	0
912.15	0	.6386382	.005538539	.3558233	0
911.15	0	.6379078	.006132546	.3559596	0
910.15	0	.6371792	.006725767	.356095	0
909.15	0	.6364522	.007318228	.3562295	0
908.15	0	.6357269	.00790995	.3563632	0
907.15	0	.6350032	.008500959	.3564959	0
906.15	0	.6342811	.00909128	.3566277	0
905.15	0	.6335605	.009680939	.3567586	0
904.15	0	.6328415	.01026996	.3568885	0
903.15	0	.6321241	.01085838	.3570175	0
902.15	0	.6314082	.01144621	.3571456	0
901.15	0	.6306938	.01203349	.3572727	0
900.15	0	.6299809	.01262025	.3573989	0
899.15	0	.6292694	.01320652	.3575241	0
898.15	0	.6285594	.01379234	.3576483	0
897.15	0	.6278508	.01437772	.3577715	0
896.15	0	.6271435	.01496271	.3578938	0
895.15	0	.6264376	.01554735	.358015	0
894.15	0	.6257331	.01613166	.3581352	0
893.15	0	.6250298	.01671569	.3582545	0
892.15	0	.6243279	.01729947	.3583727	0
891.15	0	.6236272	.01788304	.3584898	0
890.15	0	.6229277	.01846644	.3586059	0
889.15	0	.6222293	.01904972	.3587209	0
888.15	0	.6215322	.01963291	.3588349	0
887.15	0	.6208361	.02021605	.3589478	0
886.15	0	.6201412	.02079921	.3590596	0
885.15	0	.6194473	.02138241	.3591703	0
884.15	0	.6187544	.02196571	.3592799	0
883.15	0	.6180625	.02254917	.3593884	0
882.15	0	.6173715	.02313282	.3594957	0
881.15	0	.6166814	.02371672	.3596019	0
880.15	0	.6159922	.02430093	.3597069	0
879.15	0	.6153037	.0248855	.3598108	0
878.15	0	.6146161	.0254705	.3599134	0
877.15	0	.6139292	.02605597	.3600149	0
876.15	0	.6132429	.02664198	.3601151	0
875.15	0	.6125573	.02722861	.3602141	0
874.15	0	.6118722	.0278159	.3603119	0
873.15	0	.6111877	.02840393	.3604084	0
872.15	0	.6105036	.02899277	.3605036	0
871.15	0	.6098199	.02958249	.3605976	0
870.15	0	.6091366	.03017317	.3606902	0
869.15	0	.6084536	.03076488	.3607815	0
868.15	0	.6077709	.0313577	.3608715	0
867.15	0	.6070882	.03195172	.36096	0
866.15	0	.6064057	.03254703	.3610473	0
865.15	0	.6057232	.0331437	.3611331	0
864.15	0	.6050407	.03374183	.3612175	0
863.15	0	.6043581	.03434153	.3613004	0
862.15	0	.6036752	.03494287	.3613819	0
861.15	0	.6029921	.03554598	.3614619	0
860.15	0	.6023087	.03615095	.3615404	0
859.15	0	.6016247	.0367579	.3616174	0
858.15	0	.6009403	.03736693	.3616928	0
857.15	0	.6002552	.03797817	.3617666	0
856.15	0	.5995694	.03859174	.3618388	0
855.15	0	.5988828	.03920777	.3619094	0
854.15	0	.5981953	.03982638	.3619783	0
853.15	0	.5975067	.04044773	.3620456	0
852.15	0	.596817	.04107195	.362111	0
851.15	0	.596126	.0416992	.3621748	0
850.15	0	.5954336	.04232963	.3622368	0
849.15	0	.5947397	.0429634	.3622969	0
848.15	0	.5940441	.04360069	.3623552	0
847.15	0	.5933468	.04424168	.3624116	0
846.15	0	.5926475	.04488654	.362466	0
845.15	0	.5919461	.04553549	.3625185	0
844.15	0	.5912424	.04618871	.3625689	0
843.15	0	.5905363	.04684644	.3626173	0
842.15	0	.5898276	.04750888	.3626636	0
841.15	0	.5891161	.04817629	.3627077	0
840.15	0	.5884016	.0488489	.3627496	0
839.15	0	.5876838	.04952698	.3627892	0
838.15	0	.5869627	.05021081	.3628265	0
837.15	0	.5862379	.05090068	.3628614	0
836.15	0	.5855093	.05159689	.3628939	0
835.15	0	.5847764	.05229977	.3629238	0
834.15	0	.5840392	.05300967	.3629512	0
833.15	0	.5832972	.05372694	.3629758	0
832.15	0	.5825502	.05445198	.3629978	0
831.15	0	.5817979	.0551852	.3630169	0
830.15	0	.5810399	.05592703	.3630331	0
829.15	0	.5802758	.05667796	.3630463	0
828.15	0	.5795052	.05743846	.3630563	0
827.15	0	.5787278	.05820908	.3630631	0
826.15	0	.577943	.05899039	.3630666	0
825.15	0	.5771504	.05978301	.3630666	0
824.15	0	.5763494	.06058761	.363063	0
823.15	0	.5755395	.06140489	.3630556	0
822.15	0	.5747201	.06223563	.3630443	0
821.15	0	.5738904	.06308067	.3630289	0
820.15	0	.5730499	.06394092	.3630092	0
819.15	0	.5721976	.06481738	.3629851	0
818.15	0	.5713327	.06571114	.3629562	0
817.15	0	.5701932	.06692766	.3628791	0
816.15	0	.5688103	.06843272	.3627569	0
815.15	0	.5674817	.06987946	.3626388	0
814.15	0	.566204	.0712714	.3625246	0
813.15	0	.5649743	.07261181	.3624139	0
812.15	0	.5637895	.07390369	.3623068	0
811.15	0	.5626473	.07514983	.3622029	0
810.15	0	.5615451	.07635281	.3621021	0
809.15	0	.5604808	.077515	.3620042	0
808.15	0	.5594522	.07863863	.3619092	0
807.15	0	.5584575	.07972575	.3618168	0
806.15	0	.5574948	.08077828	.3617269	0
805.15	0	.5565626	.08179799	.3616394	0
804.15	0	.5556593	.08278655	.3615542	0
803.15	0	.5547833	.0837455	.3614712	0
802.15	0	.5539335	.08467629	.3613902	0
801.15	0	.5531086	.08558028	.3613112	0
800.15	0	.5523073	.08645872	.361234	0
799.15	0	.5515286	.08731282	.3611586	0
798.15	0	.5507714	.08814367	.361085	0
797.15	0	.5500348	.08895233	.3610129	0
796.15	0	.5493179	.08973978	.3609423	0
795.15	0	.5486198	.09050696	.3608733	0
794.15	0	.5479397	.09125471	.3608056	0
793.15	0	.5472768	.09198389	.3607393	0
792.15	0	.5466305	.09269525	.3606742	0
791.15	0	.5460001	.09338953	.3606104	0
790.15	0	.5453849	.09406742	.3605477	0
789.15	0	.5447842	.09472959	.3604862	0
788.15	0	.5441977	.09537665	.3604257	0
787.15	0	.5436246	.09600919	.3603662	0
786.15	0	.5430645	.09662776	.3603077	0
785.15	0	.5425169	.09723291	.3602502	0
784.15	0	.5419813	.09782513	.3601935	0
783.15	0	.5414574	.09840489	.3601377	0
782.15	0	.5409446	.09897267	.3600828	0
781.15	0	.5404425	.09952888	.3600286	0
780.15	0	.5399509	.1000739	.3599752	0
779.15	0	.5394693	.1006082	.3599225	0
778.15	0	.5389974	.1011322	.3598705	0
777.15	0	.5385348	.1016461	.3598191	0
776.15	0	.5380824	.1021495	.3597682	0
775.15	0	.5376375	.1026444	.3597181	0
774.15	0	.5372011	.1031303	.3596687	0
773.15	0	.5367729	.1036074	.3596197	0
772.15	0	.5363526	.1040761	.3595714	0
771.15	0	.5359399	.1045365	.3595235	0
770.15	0	.5355347	.1049891	.3594762	0
769.15	0	.5351367	.1054339	.3594294	0
768.15	0	.5347457	.1058713	.359383	0
767.15	0	.5343614	.1063015	.359337	0
766.15	0	.5339837	.1067247	.3592915	0
765.15	0	.5336124	.1071412	.3592464	0
764.15	0	.5332472	.107551	.3592017	0
763.15	0	.5328881	.1079545	.3591574	0
762.15	0	.5325348	.1083518	.3591135	0
761.15	0	.5321871	.108743	.3590699	0
760.15	0	.5318449	.1091285	.3590266	0
759.15	0	.5315081	.1095082	.3589837	0
758.15	0	.5311764	.1098825	.3589411	0
757.15	0	.5308498	.1102514	.3588988	0
756.15	0	.5305281	.1106151	.3588568	0
755.15	0	.5302113	.1109737	.3588151	0
754.15	0	.529899	.1113274	.3587736	0
753.15	0	.5295913	.1116763	.3587324	0
752.15	0	.529288	.1120205	.3586915	0
751.15	0	.528989	.1123602	.3586508	0
750.15	0	.5286942	.1126955	.3586103	0
749.15	0	.5284034	.1130265	.3585701	0
748.15	0	.5281166	.1133533	.3585301	0
747.15	0	.5278337	.113676	.3584903	0
746.15	0	.5275546	.1139947	.3584507	0
745.15	0	.5272792	.1143095	.3584113	0
744.15	0	.5270074	.1146206	.3583721	0
743.15	0	.526739	.114928	.358333	0
742.15	0	.5264741	.1152317	.3582942	0
741.15	0	.5262126	.115532	.3582555	0
740.15	0	.5259543	.1158288	.3582169	0
739.15	0	.5256992	.1161223	.3581785	0
738.15	0	.5254472	.1164125	.3581403	0
737.15	0	.5251982	.1166996	.3581022	0
736.15	0	.5249523	.1169835	.3580643	0
735.15	0	.5247092	.1172644	.3580265	0
734.15	0	.524469	.1175423	.3579888	0
733.15	0	.5242315	.1178173	.3579512	0
732.15	0	.5239968	.1180894	.3579138	0
731.15	0	.5237647	.1183589	.3578765	0
730.15	0	.5235352	.1186255	.3578392	0
729.15	0	.5233083	.1188896	.3578021	0
728.15	0	.5230838	.119151	.3577651	0
727.15	0	.5228618	.1194099	.3577282	0
726.15	0	.5226422	.1196664	.3576914	0
725.15	0	.5224249	.1199204	.3576547	0
724.15	0	.5222099	.120172	.3576181	0
723.15	0	.5219972	.1204213	.3575816	0
722.15	0	.5217866	.1206683	.3575451	0
721.15	0	.5215782	.1209131	.3575088	0
720.15	0	.5213719	.1211557	.3574725	0
719.15	0	.5211676	.1213961	.3574362	0
718.15	0	.5209654	.1216345	.3574001	0
717.15	0	.5207652	.1218708	.357364	0
716.15	0	.5205669	.1221051	.357328	0
715.15	0	.5203705	.1223374	.357292	0
714.15	0	.520176	.1225678	.3572561	0
713.15	0	.5199834	.1227963	.3572203	0
712.15	0	.5197925	.123023	.3571845	0
711.15	0	.5196034	.1232478	.3571488	0
710.15	0	.5194161	.1234708	.3571131	0
709.15	0	.5192304	.123692	.3570775	0
708.15	0	.5190465	.1239116	.3570419	0
707.15	0	.5188642	.1241294	.3570064	0
706.15	0	.5186834	.1243456	.3569709	0
705.15	0	.5185043	.1245602	.3569355	0
704.15	0	.5183268	.1247731	.3569001	0
703.15	0	.5181507	.1249845	.3568648	0
702.15	0	.5179762	.1251944	.3568294	0
701.15	0	.5178031	.1254027	.3567942	0
700.15	0	.5176315	.1256096	.3567589	0
699.15	0	.5174614	.125815	.3567237	0
698.15	0	.5172926	.1260189	.3566885	0
697.15	0	.5171252	.1262214	.3566534	0
696.15	0	.5169592	.1264226	.3566182	0
695.15	0	.5167945	.1266224	.3565832	0
694.15	0	.5166311	.1268208	.3565481	0
693.15	0	.516469	.1270179	.356513	0
692.15	0	.5163082	.1272138	.356478	0
691.15	0	.5161486	.1274083	.356443	0
690.15	0	.5159903	.1276016	.3564081	0
689.15	0	.5158332	.1277937	.3563732	0
688.15	0	.5156772	.1279845	.3563382	0
687.15	0	.5155225	.1281742	.3563033	0
686.15	0	.5153689	.1283627	.3562685	0
685.15	0	.5152164	.12855	.3562336	0
684.15	0	.5150651	.1287362	.3561988	0
683.15	0	.5149149	.1289212	.3561639	0
682.15	0	.5147657	.1291052	.3561291	0
681.15	0	.5146176	.129288	.3560943	0
680.15	0	.5144706	.1294698	.3560596	0
679.15	0	.5143246	.1296506	.3560248	0
678.15	0	.5141797	.1298303	.3559901	0
677.15	0	.5140357	.1300089	.3559553	0
676.15	0	.5138928	.1301866	.3559206	0
675.15	0	.5137508	.1303633	.3558859	0
674.15	0	.5136098	.130539	.3558512	0
673.15	0	.5134698	.1307137	.3558165	0
672.15	0	.5133307	.1308874	.3557819	0
671.15	0	.5131925	.1310603	.3557472	0
670.15	0	.5130553	.1312322	.3557126	0
669.15	0	.5129189	.1314032	.3556779	0
668.15	0	.5127835	.1315732	.3556433	0
667.15	0	.5126489	.1317424	.3556087	0
666.15	0	.5125152	.1319108	.3555741	0
665.15	0	.5123823	.1320782	.3555395	0
664.15	0	.5122503	.1322448	.3555049	0
663.15	0	.5121191	.1324106	.3554703	0
662.15	0	.5119888	.1325755	.3554357	0
661.15	0	.5118592	.1327396	.3554012	0
660.15	0	.5117305	.1329029	.3553666	0
659.15	0	.5116026	.1330654	.3553321	0
658.15	0	.5114754	.1332271	.3552975	0
657.15	0	.511349	.133388	.355263	0
656.15	0	.5112234	.1335481	.3552285	0
655.15	0	.5110985	.1337075	.355194	0
654.15	0	.5109744	.1338662	.3551595	0
653.15	0	.510851	.1340241	.355125	0
652.15	0	.5107283	.1341812	.3550905	0
651.15	0	.5106064	.1343376	.355056	0
650.15	0	.5104852	.1344933	.3550215	0
649.15	0	.5103646	.1346483	.354987	0
648.15	0	.5102448	.1348026	.3549526	0
647.15	0	.5101256	.1349563	.3549181	0
646.15	0	.5100072	.1351092	.3548837	0
645.15	0	.5098894	.1352614	.3548492	0
644.15	0	.5097722	.135413	.3548148	0
643.15	0	.5096557	.1355639	.3547803	0
642.15	0	.5095399	.1357142	.3547459	0
641.15	0	.5094247	.1358638	.3547115	0
640.15	0	.5093102	.1360128	.3546771	0
639.15	0	.5091962	.1361611	.3546427	0
638.15	0	.5090829	.1363088	.3546083	0
637.15	0	.5089702	.1364559	.3545739	0
636.15	0	.5088581	.1366024	.3545395	0
635.15	0	.5087466	.1367482	.3545052	0
634.15	0	.5086357	.1368935	.3544708	0
633.15	0	.5085254	.1370381	.3544365	0
632.15	0	.5084157	.1371822	.3544021	0
631.15	0	.5083065	.1373257	.3543678	0
630.15	0	.508198	.1374686	.3543335	0
629.15	0	.5080899	.1376109	.3542991	0
628.15	0	.5079825	.1377527	.3542648	0
627.15	0	.5078756	.1378939	.3542305	0
626.15	0	.5077692	.1380345	.3541962	0
625.15	0	.5076634	.1381746	.354162	0
624.15	0	.5075582	.1383141	.3541277	0
623.15	0	.5074534	.1384531	.3540934	0
622.15	0	.5073492	.1385916	.3540592	0
621.15	0	.5072455	.1387295	.3540249	0
620.15	0	.5071424	.1388669	.3539907	0
619.15	0	.5070397	.1390038	.3539565	0
618.15	0	.5069376	.1391401	.3539223	0
617.15	0	.5068359	.139276	.3538881	0
616.15	0	.5067348	.1394113	.3538539	0
615.15	0	.5066341	.1395461	.3538197	0
614.15	0	.506534	.1396804	.3537856	0
613.15	0	.5064343	.1398143	.3537515	0
612.15	0	.5063351	.1399476	.3537173	0
611.15	0	.5062364	.1400804	.3536832	0
610.15	0	.5061382	.1402128	.3536491	0
609.15	0	.5060404	.1403446	.353615	0
608.15	0	.5059431	.140476	.3535809	0
607.15	0	.5058462	.1406069	.3535469	0
606.15	0	.5057498	.1407373	.3535128	0
605.15	0	.5056539	.1408673	.3534788	0
604.15	0	.5055584	.1409968	.3534448	0
603.15	0	.5054634	.1411258	.3534108	0
602.15	0	.5053688	.1412544	.3533768	0
601.15	0	.5052746	.1413825	.3533428	0
600.15	0	.5051809	.1415102	.3533089	0
599.15	0	.5050876	.1416374	.353275	0
598.15	0	.5049948	.1417642	.353241	0
597.15	0	.5049023	.1418905	.3532072	0
596.15	0	.5048103	.1420164	.3531733	0
595.15	0	.5047187	.1421418	.3531394	0
594.15	0	.5046276	.1422669	.3531056	0
593.15	0	.5045368	.1423914	.3530718	0
592.15	0	.5044465	.1425156	.353038	0
591.15	0	.5043565	.1426393	.3530042	0
590.15	0	.504267	.1427626	.3529704	0
589.15	0	.5041779	.1428855	.3529367	0
588.15	0	.5040891	.1430079	.352903	0
587.15	0	.5040008	.14313	.3528693	0
586.15	0	.5039128	.1432516	.3528356	0
585.15	0	.5038252	.1433728	.3528019	0
584.15	0	.5037381	.1434936	.3527683	0
583.15	0	.5036513	.143614	.3527347	0
582.15	0	.5035648	.143734	.3527011	0
581.15	0	.5034788	.1438536	.3526676	0
580.15	0	.5033932	.1439728	.352634	0
579.15	0	.5033079	.1440916	.3526005	0
578.15	0	.503223	.14421	.352567	0
577.15	0	.5031384	.144328	.3525336	0
576.15	0	.5030543	.1444456	.3525002	0
575.15	0	.5029704	.1445628	.3524667	0
574.15	0	.502887	.1446796	.3524334	0
573.15	0	.5028039	.1447961	.3524	0
572.15	0	.5027212	.1449121	.3523667	0
571.15	0	.5026388	.1450278	.3523334	0
570.15	0	.5025568	.1451431	.3523001	0
569.15	0	.5024751	.145258	.3522669	0
568.15	0	.5023938	.1453726	.3522337	0
567.15	0	.5023128	.1454867	.3522005	0
566.15	0	.5022321	.1456005	.3521674	0
565.15	0	.5021519	.1457139	.3521343	0
564.15	0	.5020719	.1458269	.3521012	0
563.15	0	.5019923	.1459396	.3520681	0
562.15	0	.501913	.1460519	.3520351	0
561.15	0	.5018341	.1461638	.3520021	0
560.15	0	.5017554	.1462754	.3519692	0
559.15	0	.5016772	.1463866	.3519363	0
558.15	0	.5015992	.1464974	.3519034	0
557.15	0	.5015216	.1466079	.3518705	0
556.15	0	.5014443	.146718	.3518377	0
555.15	0	.5013673	.1468278	.3518049	0
554.15	0	.5012907	.1469372	.3517722	0
553.15	0	.5012143	.1470462	.3517395	0
552.15	0	.5011383	.1471549	.3517068	0
551.15	0	.5010626	.1472632	.3516741	0
550.15	0	.5009872	.1473712	.3516416	0
549.15	0	.5009122	.1474789	.351609	0
548.15	0	.5008374	.1475861	.3515765	0
547.15	0	.500763	.1476931	.351544	0
546.15	0	.5006888	.1477997	.3515115	0
545.15	0	.500615	.1479059	.3514791	0
544.15	0	.5005414	.1480118	.3514468	0
543.15	0	.5004682	.1481173	.3514145	0
542.15	0	.5003953	.1482225	.3513822	0
541.15	0	.5003227	.1483274	.3513499	0
540.15	0	.5002504	.1484319	.3513177	0
539.15	0	.5001783	.1485361	.3512856	0
538.15	0	.5001066	.1486399	.3512535	0
537.15	0	.5000352	.1487434	.3512214	0
536.15	0	.499964	.1488466	.3511894	0
535.15	0	.4998932	.1489494	.3511574	0
534.15	0	.4998227	.1490519	.3511255	0
533.15	0	.4997524	.1491541	.3510936	0
532.15	0	.4996824	.1492559	.3510617	0
531.15	0	.4996127	.1493574	.3510299	0
530.15	0	.4995433	.1494585	.3509982	0
529.15	0	.4994742	.1495593	.3509665	0
528.15	0	.4994054	.1496598	.3509348	0
527.15	0	.4993368	.14976	.3509032	0
526.15	0	.4992686	.1498598	.3508716	0
525.15	0	.4992006	.1499593	.3508401	0
524.15	0	.4991329	.1500585	.3508087	0
523.15	0	.4990655	.1501573	.3507773	0
522.15	0	.4989984	.1502558	.3507458	0
521.15	0	.4989315	.150354	.3507145	0
520.15	0	.4988649	.1504519	.3506833	0
519.15	0	.4987986	.1505494	.3506521	0
518.15	0	.4987325	.1506466	.3506209	0
517.15	0	.4986667	.1507435	.3505898	0
516.15	0	.4986012	.15084	.3505587	0
515.15	0	.498536	.1509363	.3505278	0
514.15	0	.498471	.1510322	.3504968	0
513.15	0	.4984063	.1511278	.3504659	0
512.15	0	.4983418	.1512231	.3504351	0
511.15	0	.4982777	.151318	.3504043	0
510.15	0	.4982138	.1514127	.3503736	0
509.15	0	.4981501	.151507	.3503429	0
508.15	0	.4980867	.151601	.3503123	0
507.15	0	.4980236	.1516947	.3502818	0
506.15	0	.4979607	.151788	.3502513	0
505.15	0	.4978981	.151881	.3502209	0
504.15	0	.4978358	.1519738	.3501905	0
503.15	0	.4977737	.1520662	.3501602	0
502.15	0	.4977118	.1521583	.3501299	0
501.15	0	.4976503	.1522501	.3500997	0
500.15	0	.4975889	.1523415	.3500696	0
499.15	0	.4975279	.1524327	.3500395	0
498.15	0	.497467	.1525235	.3500095	0
497.15	0	.4974065	.152614	.3499795	0
496.15	0	.4973462	.1527042	.3499496	0
495.15	0	.4972861	.1527941	.3499198	0
494.15	0	.4972263	.1528837	.3498901	0
493.15	0	.4971667	.1529729	.3498603	0
492.15	0	.4971074	.1530619	.3498307	0
491.15	0	.4970483	.1531505	.3498012	0
490.15	0	.4969895	.1532389	.3497716	0
489.15	0	.4969309	.1533269	.3497422	0
488.15	0	.4968726	.1534146	.3497128	0
487.15	0	.4968145	.153502	.3496835	0
486.15	0	.4967567	.1535891	.3496543	0
485.15	0	.4966991	.1536758	.3496251	0
484.15	0	.4966417	.1537623	.349596	0
483.15	0	.4965846	.1538485	.349567	0
482.15	0	.4965277	.1539343	.349538	0
481.15	0	.4964711	.1540198	.3495091	0
480.15	0	.4964147	.1541051	.3494803	0
479.15	0	.4963585	.15419	.3494515	0
478.15	0	.4963026	.1542746	.3494228	0
477.15	0	.4962469	.1543589	.3493942	0
476.15	0	.4961915	.1544429	.3493656	0
475.15	0	.4961362	.1545266	.3493371	0
474.15	0	.4960813	.15461	.3493087	0
473.15	0	.4960265	.1546931	.3492804	0
472.15	0	.495972	.1547759	.3492521	0
471.15	0	.4959177	.1548583	.349224	0
470.15	0	.4958637	.1549405	.3491958	0
469.15	0	.4958099	.1550223	.3491678	0
468.15	0	.4957563	.1551039	.3491398	0
467.15	0	.4957029	.1551851	.3491119	0
466.15	0	.4956498	.1552661	.3490841	0
465.15	0	.4955969	.1553467	.3490564	0
464.15	0	.4955442	.1554271	.3490287	0
463.15	0	.4954918	.1555071	.3490011	0
462.15	0	.4954396	.1555868	.3489736	0
461.15	0	.4953876	.1556662	.3489462	0
460.15	0	.4953358	.1557454	.3489188	0
459.15	0	.4952843	.1558242	.3488915	0
458.15	0	.495233	.1559027	.3488643	0
457.15	0	.4951819	.1559809	.3488372	0
456.15	0	.495131	.1560588	.3488102	0
455.15	0	.4950804	.1561364	.3487832	0
454.15	0	.49503	.1562137	.3487563	0
453.15	0	.4949798	.1562907	.3487295	0
452.15	0	.4949298	.1563674	.3487028	0
451.15	0	.49488	.1564438	.3486762	0
450.15	0	.4948305	.1565199	.3486496	0
449.15	0	.4947812	.1565957	.3486231	0
448.15	0	.4947321	.1566711	.3485967	0
447.15	0	.4946833	.1567463	.3485704	0
446.15	0	.4946347	.1568211	.3485442	0
445.15	0	.4945863	.1568956	.3485181	0
444.15	0	.4945382	.1569698	.3484921	0
443.15	0	.4944902	.1570436	.3484662	0
442.15	0	.4944425	.1571172	.3484403	0
441.15	0	.4943951	.1571904	.3484146	0
440.15	0	.4943479	.1572632	.3483889	0
439.15	0	.4943009	.1573358	.3483634	0
438.15	0	.4942542	.157408	.3483379	0
437.15	0	.4942076	.1574798	.3483125	0
436.15	0	.4941614	.1575513	.3482873	0
435.15	0	.4941154	.1576225	.3482621	0
434.15	0	.4940696	.1576933	.3482371	0
433.15	0	.4940241	.1577638	.3482121	0
432.15	0	.4939788	.1578339	.3481873	0
431.15	0	.4939338	.1579037	.3481626	0
430.15	0	.493889	.1579731	.3481379	0
429.15	0	.4938445	.1580421	.3481134	0
428.15	0	.4938002	.1581108	.348089	0
427.15	0	.4937562	.1581792	.3480647	0
426.15	0	.4937124	.1582471	.3480405	0
425.15	0	.4936688	.1583147	.3480164	0
424.15	0	.4936255	.158382	.3479925	0
423.15	0	.4935825	.1584489	.3479686	0
422.15	0	.4935397	.1585154	.3479449	0
421.15	0	.4934972	.1585816	.3479212	0
420.15	0	.4934549	.1586474	.3478977	0
419.15	0	.4934129	.1587128	.3478743	0
418.15	0	.4933711	.1587779	.347851	0
417.15	0	.4933295	.1588426	.3478279	0
416.15	0	.4932882	.158907	.3478048	0
415.15	0	.4932472	.158971	.3477819	0
414.15	0	.4932064	.1590346	.3477591	0
413.15	0	.4931658	.1590979	.3477364	0
412.15	0	.4931255	.1591608	.3477138	0
411.15	0	.4930854	.1592233	.3476913	0
410.15	0	.4930456	.1592855	.3476689	0
409.15	0	.493006	.1593473	.3476467	0
408.15	0	.4929666	.1594088	.3476246	0
407.15	0	.4929275	.1594699	.3476026	0
406.15	0	.4928887	.1595306	.3475807	0
405.15	0	.49285	.159591	.3475589	0
404.15	0	.4928116	.1596511	.3475373	0
403.15	0	.4927735	.1597108	.3475157	0
402.15	0	.4927356	.1597701	.3474943	0
401.15	0	.4926979	.1598291	.347473	0
400.15	0	.4926604	.1598877	.3474519	0
399.15	0	.4926232	.159946	.3474308	0
398.15	0	.4925862	.160004	.3474098	0
397.15	0	.4925495	.1600615	.347389	0
396.15	0	.4925129	.1601188	.3473683	0
395.15	0	.4924766	.1601757	.3473477	0
394.15	0	.4924405	.1602323	.3473272	0
393.15	0	.4924047	.1602885	.3473068	0
392.15	0	.492369	.1603444	.3472866	0
391.15	0	.4923336	.1604	.3472665	0
390.15	0	.4922984	.1604552	.3472464	0
389.15	0	.4922634	.1605101	.3472265	0
388.15	0	.4922286	.1605647	.3472068	0
387.15	0	.492194	.1606189	.3471871	0
386.15	0	.4921597	.1606728	.3471675	0
385.15	0	.4921256	.1607264	.3471481	0
384.15	0	.4920916	.1607797	.3471287	0
383.15	0	.4920579	.1608326	.3471095	0
382.15	0	.4920244	.1608853	.3470904	0
381.15	0	.491991	.1609376	.3470714	0
380.15	0	.4919579	.1609896	.3470525	0
379.15	0	.491925	.1610413	.3470337	0
378.15	0	.4918923	.1610927	.3470151	0
377.15	0	.4918597	.1611437	.3469965	0
376.15	0	.4918274	.1611945	.3469781	0
375.15	0	.4917953	.161245	.3469597	0
374.15	0	.4917633	.1612952	.3469415	0
373.15	0	.4917316	.161345	.3469234	0
372.15	0	.4917	.1613946	.3469054	0
371.15	0	.4916686	.1614439	.3468875	0
370.15	0	.4916374	.1614929	.3468697	0
369.15	0	.4916064	.1615416	.346852	0
368.15	0	.4915755	.1615901	.3468344	0
367.15	0	.4915448	.1616382	.346817	0
366.15	0	.4915144	.1616861	.3467996	0
365.15	0	.491484	.1617337	.3467823	0
364.15	0	.4914539	.161781	.3467652	0
363.15	0	.4914239	.161828	.3467481	0
362.15	0	.4913941	.1618748	.3467312	0
361.15	0	.4913644	.1619213	.3467143	0
360.15	0	.491335	.1619675	.3466976	0
359.15	0	.4913056	.1620135	.3466809	0
358.15	0	.4912765	.1620592	.3466644	0
357.15	0	.4912475	.1621046	.3466479	0
356.15	0	.4912186	.1621498	.3466316	0
355.15	0	.49119	.1621947	.3466153	0
354.15	0	.4911614	.1622394	.3465992	0
353.15	0	.4911331	.1622838	.3465831	0
352.15	0	.4911048	.162328	.3465672	0
351.15	0	.4910767	.162372	.3465513	0
350.15	0	.4910488	.1624157	.3465355	0
349.15	0	.491021	.1624591	.3465199	0
348.15	0	.4909934	.1625023	.3465043	0
347.15	0	.4909658	.1625453	.3464888	0
346.15	0	.4909385	.1625881	.3464735	0
345.15	0	.4909112	.1626306	.3464582	0
344.15	0	.4908841	.1626729	.346443	0
343.15	0	.4908572	.1627149	.3464279	0
342.6487	0	.4908437	.1627359	.3464204	0
342.6487	0	.4908437	.1627359	.3464204	0
342.6487	0	.4908437	.1627359	.3464204	0
342.15	0	.4909156	.1625471	.3463111	2.262165E-04
341.15	0	.4910596	.1621685	.3460923	6.795694E-04
