T	 BPW(LIQUID)	BPW(BCC_A2)	BPW(FCC_A1)	BPW(LAVES_PHASE_C14)	BPW(NI3TI)
1473.15	.05239783	.9476022	0	0	0
1472.15	.04991668	.9500833	0	0	0
1471.15	.04745521	.9525448	0	0	0
1470.15	.04501326	.9549867	0	0	0
1469.15	.04259067	.9574093	0	0	0
1468.15	.04018728	.9598127	0	0	0
1467.15	.03780295	.9621971	0	0	0
1466.15	.03543752	.9645625	0	0	0
1465.15	.03309084	.9669092	0	0	0
1464.15	.03076276	.9692372	0	0	0
1463.15	.02845314	.9715469	0	0	0
1462.15	.02616182	.9738382	0	0	0
1461.15	.02388867	.9761113	0	0	0
1460.15	.02163353	.9783665	0	0	0
1459.15	.01939626	.9806038	0	0	0
1458.15	.01717671	.9828233	0	0	0
1457.15	.01497474	.9850253	0	0	0
1456.15	.01279022	.9872098	0	0	0
1455.15	.010623	.989377	0	0	0
1454.15	.008472935	.9915271	0	0	0
1453.15	.006339895	.9936601	0	0	0
1452.15	.004223738	.9957763	0	0	0
1451.15	.002124329	.9978757	0	0	0
1450.15	4.153102E-05	.9999585	0	0	0
1450.13	0	1	0	0	0
1450.13	0	1	0	0	0
1449.15	0	1	0	0	0
1448.15	0	1	0	0	0
1447.15	0	1	0	0	0
1446.15	0	1	0	0	0
1445.15	0	1	0	0	0
1444.15	0	1	0	0	0
1443.15	0	1	0	0	0
1442.15	0	1	0	0	0
1441.15	0	1	0	0	0
1440.15	0	1	0	0	0
1439.15	0	1	0	0	0
1438.15	0	1	0	0	0
1437.15	0	1	0	0	0
1436.15	0	1	0	0	0
1435.15	0	1	0	0	0
1434.15	0	1	0	0	0
1433.15	0	1	0	0	0
1432.15	0	1	0	0	0
1431.15	0	1	0	0	0
1430.15	0	1	0	0	0
1429.15	0	1	0	0	0
1428.15	0	1	0	0	0
1427.15	0	1	0	0	0
1426.15	0	1	0	0	0
1425.15	0	1	0	0	0
1424.15	0	1	0	0	0
1423.15	0	1	0	0	0
1422.15	0	1	0	0	0
1421.15	0	1	0	0	0
1420.15	0	1	0	0	0
1419.15	0	1	0	0	0
1418.15	0	1	0	0	0
1417.15	0	1	0	0	0
1416.15	0	1	0	0	0
1415.15	0	1	0	0	0
1415.142	0	1	0	0	0
1415.142	0	1	0	0	0
1415.142	0	1	0	0	0
1414.15	0	.9992845	0	7.154779E-04	0
1413.15	0	.9985648	0	.001435213	0
1412.15	0	.9978468	0	.00215319	0
1411.15	0	.9971306	0	.002869416	0
1410.15	0	.9964161	0	.003583896	0
1409.15	0	.9957034	0	.004296636	0
1408.15	0	.9949924	0	.005007643	0
1407.15	0	.9942831	0	.005716921	0
1406.15	0	.9935755	0	.006424477	0
1405.15	0	.9928697	0	.007130316	0
1404.15	0	.9921656	0	.007834445	0
1403.15	0	.9914631	0	.008536868	0
1402.15	0	.9907624	0	.009237592	0
1401.15	0	.9900634	0	.009936621	0
1400.15	0	.989366	0	.01063396	0
1399.15	0	.9886704	0	.01132962	0
1398.15	0	.9879764	0	.0120236	0
1397.15	0	.9872841	0	.01271591	0
1396.15	0	.9865934	0	.01340656	0
1395.15	0	.9859045	0	.01409554	0
1394.15	0	.9852171	0	.01478287	0
1393.15	0	.9845315	0	.01546855	0
1392.15	0	.9838474	0	.01615258	0
1391.15	0	.983165	0	.01683498	0
1390.15	0	.9824843	0	.01751574	0
1389.15	0	.9818051	0	.01819487	0
1388.15	0	.9811276	0	.01887238	0
1387.15	0	.9804517	0	.01954828	0
1386.15	0	.9797774	0	.02022256	0
1385.15	0	.9791048	0	.02089523	0
1384.15	0	.9784337	0	.0215663	0
1383.15	0	.9777642	0	.02223578	0
1382.15	0	.9770963	0	.02290366	0
1381.15	0	.97643	0	.02356996	0
1380.15	0	.9757653	0	.02423467	0
1379.15	0	.9751022	0	.02489781	0
1378.15	0	.9744406	0	.02555938	0
1377.15	0	.9737806	0	.02621938	0
1376.15	0	.9731222	0	.02687782	0
1375.15	0	.9724653	0	.0275347	0
1374.15	0	.97181	0	.02819003	0
1373.15	0	.9711562	0	.02884382	0
1372.15	0	.9705039	0	.02949606	0
1371.15	0	.9698532	0	.03014677	0
1370.15	0	.969204	0	.03079595	0
1369.15	0	.9685564	0	.0314436	0
1368.15	0	.9679103	0	.03208973	0
1367.15	0	.9672657	0	.03273434	0
1366.15	0	.9666226	0	.03337744	0
1365.15	0	.965981	0	.03401903	0
1364.15	0	.9653409	0	.03465911	0
1363.15	0	.9647023	0	.0352977	0
1362.15	0	.9640652	0	.0359348	0
1361.15	0	.9634296	0	.03657041	0
1360.15	0	.9627955	0	.03720453	0
1359.15	0	.9621628	0	.03783717	0
1358.15	0	.9615317	0	.03846834	0
1357.15	0	.960902	0	.03909804	0
1356.15	0	.9602737	0	.03972627	0
1355.15	0	.9596469	0	.04035305	0
1354.15	0	.9590216	0	.04097836	0
1353.15	0	.9583978	0	.04160222	0
1352.15	0	.9577754	0	.04222464	0
1351.15	0	.9571544	0	.04284561	0
1350.15	0	.9565349	0	.04346514	0
1349.15	0	.9559168	0	.04408324	0
1348.15	0	.9553001	0	.04469991	0
1347.15	0	.9546848	0	.04531516	0
1346.15	0	.954071	0	.04592898	0
1345.15	0	.9534586	0	.04654138	0
1344.15	0	.9528476	0	.04715238	0
1343.15	0	.952238	0	.04776196	0
1342.15	0	.9516299	0	.04837014	0
1341.15	0	.9510231	0	.04897692	0
1340.15	0	.9504177	0	.04958231	0
1339.15	0	.9498137	0	.0501863	0
1338.15	0	.9492111	0	.05078891	0
1337.15	0	.9486099	0	.05139014	0
1336.15	0	.94801	0	.05198998	0
1335.15	0	.9474115	0	.05258845	0
1334.15	0	.9468144	0	.05318556	0
1333.15	0	.9462187	0	.05378129	0
1332.15	0	.9456243	0	.05437566	0
1331.15	0	.9450313	0	.05496868	0
1330.15	0	.9444397	0	.05556034	0
1329.15	0	.9438494	0	.05615065	0
1328.15	0	.9432604	0	.05673961	0
1327.15	0	.9426728	0	.05732724	0
1326.15	0	.9420865	0	.05791352	0
1325.15	0	.9415015	0	.05849847	0
1324.15	0	.9409179	0	.05908209	0
1323.15	0	.9403356	0	.05966439	0
1322.15	0	.9397546	0	.06024536	0
1321.15	0	.939175	0	.06082501	0
1320.15	0	.9385967	0	.06140335	0
1319.15	0	.9380196	0	.06198038	0
1318.15	0	.9374439	0	.06255611	0
1317.15	0	.9368695	0	.06313052	0
1316.15	0	.9362964	0	.06370364	0
1315.15	0	.9357245	0	.06427547	0
1314.15	0	.935154	0	.064846	0
1313.15	0	.9345847	0	.06541525	0
1312.15	0	.9340168	0	.06598321	0
1311.15	0	.9334501	0	.06654989	0
1310.15	0	.9328847	0	.06711529	0
1309.15	0	.9323206	0	.06767943	0
1308.15	0	.9317577	0	.06824229	0
1307.15	0	.9311961	0	.06880388	0
1306.15	0	.9306358	0	.06936422	0
1305.15	0	.9300767	0	.06992329	0
1304.15	0	.9295189	0	.07048111	0
1303.15	0	.9289623	0	.07103769	0
1302.15	0	.928407	0	.07159301	0
1301.15	0	.9278529	0	.07214708	0
1300.15	0	.9273001	0	.07269992	0
1299.15	0	.9267485	0	.07325152	0
1298.15	0	.9261981	0	.07380189	0
1297.15	0	.925649	0	.07435103	0
1296.15	0	.9251011	0	.07489894	0
1295.15	0	.9245544	0	.07544563	0
1294.15	0	.9240089	0	.07599109	0
1293.15	0	.9234647	0	.07653535	0
1292.15	0	.9229216	0	.07707839	0
1291.15	0	.9223798	0	.07762022	0
1290.15	0	.9218392	0	.07816084	0
1289.15	0	.9212997	0	.07870026	0
1288.15	0	.9207615	0	.07923848	0
1287.15	0	.9202245	0	.07977551	0
1286.15	0	.9196887	0	.08031134	0
1285.15	0	.919154	0	.08084599	0
1284.15	0	.9186205	0	.08137945	0
1283.15	0	.9180883	0	.08191172	0
1282.15	0	.9175572	0	.08244282	0
1281.15	0	.9170273	0	.08297274	0
1280.15	0	.9164985	0	.08350149	0
1279.15	0	.9159709	0	.08402907	0
1278.15	0	.9154445	0	.08455548	0
1277.15	0	.9149193	0	.08508072	0
1276.15	0	.9143952	0	.08560481	0
1275.15	0	.9138723	0	.08612774	0
1274.15	0	.9133505	0	.08664952	0
1273.15	0	.9128299	0	.08717015	0
1272.15	0	.9123104	0	.08768963	0
1271.15	0	.911792	0	.08820796	0
1270.15	0	.9112749	0	.08872515	0
1269.15	0	.9107588	0	.08924121	0
1268.15	0	.9102439	0	.08975613	0
1267.15	0	.9097301	0	.09026992	0
1266.15	0	.9092174	0	.09078257	0
1265.15	0	.9087059	0	.09129411	0
1264.15	0	.9081955	0	.09180452	0
1263.15	0	.9076862	0	.09231381	0
1262.15	0	.907178	0	.09282198	0
1261.15	0	.906671	0	.09332904	0
1260.15	0	.906165	0	.09383499	0
1259.15	0	.9056602	0	.09433983	0
1258.15	0	.9051564	0	.09484356	0
1257.15	0	.9046538	0	.09534619	0
1256.15	0	.9041523	0	.09584772	0
1255.15	0	.9036518	0	.09634816	0
1254.15	0	.9031525	0	.0968475	0
1253.15	0	.9026542	0	.09734576	0
1252.15	0	.9021571	0	.09784292	0
1251.15	0	.901661	0	.098339	0
1250.15	0	.901166	0	.09883399	0
1249.15	0	.9006721	0	.09932791	0
1248.15	0	.9001793	0	.09982075	0
1247.15	0	.8996875	0	.1003125	0
1246.15	0	.8991968	0	.1008032	0
1245.15	0	.8987072	0	.1012928	0
1244.15	0	.8982186	0	.1017814	0
1243.15	0	.8977311	0	.1022689	0
1242.15	0	.8972447	0	.1027554	0
1241.15	0	.8967593	0	.1032407	0
1240.15	0	.8962749	0	.1037251	0
1239.15	0	.8957917	0	.1042083	0
1238.15	0	.8953094	0	.1046906	0
1237.15	0	.8948283	0	.1051717	0
1236.15	0	.8943481	0	.1056519	0
1235.15	0	.893869	0	.106131	0
1234.15	0	.893391	0	.106609	0
1233.15	0	.892914	0	.1070861	0
1232.15	0	.892438	0	.107562	0
1231.15	0	.891963	0	.108037	0
1230.15	0	.8914891	0	.1085109	0
1229.15	0	.8910162	0	.1089838	0
1228.15	0	.8905443	0	.1094557	0
1227.15	0	.8900734	0	.1099266	0
1226.15	0	.8896036	0	.1103964	0
1225.15	0	.8891348	0	.1108653	0
1224.15	0	.8886669	0	.1113331	0
1223.15	0	.8882001	0	.1117999	0
1222.15	0	.8877343	0	.1122657	0
1221.15	0	.8872695	0	.1127305	0
1220.15	0	.8868058	0	.1131942	0
1219.15	0	.886343	0	.113657	0
1218.15	0	.8858812	0	.1141188	0
1217.15	0	.8854204	0	.1145796	0
1216.15	0	.8849606	0	.1150394	0
1215.15	0	.8845018	0	.1154982	0
1214.15	0	.8840439	0	.1159561	0
1213.15	0	.8835871	0	.1164129	0
1212.15	0	.8831312	0	.1168687	0
1211.15	0	.8826764	0	.1173236	0
1210.15	0	.8822225	0	.1177775	0
1209.15	0	.8817696	0	.1182304	0
1208.15	0	.8813176	0	.1186824	0
1207.15	0	.8808666	0	.1191334	0
1206.15	0	.8804166	0	.1195834	0
1205.15	0	.8799676	0	.1200324	0
1204.15	0	.8795195	0	.1204805	0
1203.15	0	.8790724	0	.1209276	0
1202.15	0	.8786263	0	.1213737	0
1201.15	0	.8781811	0	.1218189	0
1200.15	0	.8777368	0	.1222632	0
1199.15	0	.8772935	0	.1227065	0
1198.15	0	.8768512	0	.1231488	0
1197.15	0	.8764098	0	.1235902	0
1196.15	0	.8759694	0	.1240306	0
1195.15	0	.8755299	0	.1244701	0
1194.15	0	.8750913	0	.1249087	0
1193.15	0	.8746537	0	.1253463	0
1192.15	0	.8742171	0	.1257829	0
1191.15	0	.8737813	0	.1262187	0
1190.15	0	.8733465	0	.1266535	0
1189.15	0	.8729126	0	.1270874	0
1188.15	0	.8724797	0	.1275203	0
1187.15	0	.8720477	0	.1279523	0
1186.15	0	.8716166	0	.1283834	0
1185.15	0	.8711864	0	.1288136	0
1184.15	0	.8707572	0	.1292428	0
1183.15	0	.8703288	0	.1296712	0
1182.15	0	.8699014	0	.1300986	0
1181.15	0	.8694749	0	.1305251	0
1180.15	0	.8690493	0	.1309507	0
1179.15	0	.8686246	0	.1313754	0
1178.15	0	.8682009	0	.1317991	0
1177.15	0	.867778	0	.132222	0
1176.15	0	.867356	0	.132644	0
1175.15	0	.866935	0	.133065	0
1174.15	0	.8665148	0	.1334852	0
1173.15	0	.8660956	0	.1339045	0
1172.15	0	.8656772	0	.1343228	0
1171.15	0	.8652597	0	.1347403	0
1170.15	0	.8648431	0	.1351569	0
1169.15	0	.8644274	0	.1355726	0
1168.15	0	.8640126	0	.1359874	0
1167.15	0	.8635987	0	.1364013	0
1166.15	0	.8631857	0	.1368143	0
1165.15	0	.8627735	0	.1372265	0
1164.15	0	.8623623	0	.1376377	0
1163.15	0	.8619519	0	.1380481	0
1162.15	0	.8615424	0	.1384577	0
1161.15	0	.8611337	0	.1388663	0
1160.15	0	.8607259	0	.1392741	0
1159.15	0	.8603191	0	.1396809	0
1158.15	0	.859913	0	.140087	0
1157.15	0	.8595078	0	.1404922	0
1156.15	0	.8591036	0	.1408964	0
1155.15	0	.8587001	0	.1412999	0
1154.15	0	.8582975	0	.1417025	0
1153.15	0	.8578958	0	.1421042	0
1152.15	0	.857495	0	.142505	0
1151.15	0	.857095	0	.142905	0
1150.15	0	.8566958	0	.1433042	0
1149.15	0	.8562975	0	.1437025	0
1148.15	0	.8559001	0	.1440999	0
1147.15	0	.8555035	0	.1444965	0
1146.15	0	.8551077	0	.1448923	0
1145.15	0	.8547128	0	.1452872	0
1144.15	0	.8543188	0	.1456812	0
1143.15	0	.8539256	0	.1460744	0
1142.15	0	.8535332	0	.1464668	0
1141.15	0	.8531417	0	.1468583	0
1140.15	0	.8527509	0	.1472491	0
1139.15	0	.8523611	0	.1476389	0
1138.15	0	.851972	0	.148028	0
1137.15	0	.8515838	0	.1484162	0
1136.15	0	.8511965	0	.1488035	0
1135.15	0	.8508099	0	.1491901	0
1134.15	0	.8504242	0	.1495758	0
1133.15	0	.8500393	0	.1499607	0
1132.15	0	.8496552	0	.1503448	0
1131.15	0	.849272	0	.150728	0
1130.15	0	.8488895	0	.1511105	0
1129.15	0	.8485079	0	.1514921	0
1128.15	0	.8481271	0	.1518729	0
1127.15	0	.8477471	0	.1522529	0
1126.15	0	.8473679	0	.1526321	0
1125.15	0	.8469896	0	.1530104	0
1124.15	0	.846612	0	.153388	0
1123.15	0	.8462353	0	.1537647	0
1122.15	0	.8458594	0	.1541406	0
1121.15	0	.8454842	0	.1545158	0
1120.15	0	.8451099	0	.1548901	0
1119.15	0	.8447364	0	.1552636	0
1118.15	0	.8443636	0	.1556364	0
1117.15	0	.8439917	0	.1560083	0
1116.15	0	.8436206	0	.1563794	0
1115.15	0	.8432502	0	.1567498	0
1114.15	0	.8428807	0	.1571193	0
1113.15	0	.8425119	0	.1574881	0
1112.15	0	.842144	0	.157856	0
1111.15	0	.8417768	0	.1582232	0
1110.15	0	.8414104	0	.1585896	0
1109.15	0	.8410448	0	.1589552	0
1108.15	0	.84068	0	.15932	0
1107.15	0	.8403159	0	.159684	0
1106.15	0	.8399527	0	.1600473	0
1105.15	0	.8395902	0	.1604098	0
1104.15	0	.8392285	0	.1607715	0
1103.15	0	.8388676	0	.1611324	0
1102.15	0	.8385075	0	.1614925	0
1101.15	0	.8381481	0	.1618519	0
1100.15	0	.8377895	0	.1622105	0
1099.15	0	.8374317	0	.1625683	0
1098.15	0	.8370747	0	.1629253	0
1097.15	0	.8367184	0	.1632816	0
1096.15	0	.8363629	0	.1636371	0
1095.15	0	.8360081	0	.1639919	0
1094.15	0	.8356541	0	.1643459	0
1093.15	0	.8353009	0	.1646991	0
1092.15	0	.8349484	0	.1650516	0
1091.15	0	.8345967	0	.1654033	0
1090.15	0	.8342458	0	.1657542	0
1089.15	0	.8338956	0	.1661044	0
1088.15	0	.8335462	0	.1664538	0
1087.15	0	.8331975	0	.1668025	0
1086.15	0	.8328496	0	.1671504	0
1085.15	0	.8325024	0	.1674976	0
1084.15	0	.832156	0	.167844	0
1083.15	0	.8318103	0	.1681897	0
1082.15	0	.8314654	0	.1685346	0
1081.15	0	.8311213	0	.1688788	0
1080.15	0	.8307778	0	.1692222	0
1079.15	0	.8304351	0	.1695649	0
1078.15	0	.8300932	0	.1699068	0
1077.15	0	.829752	0	.170248	0
1076.15	0	.8294115	0	.1705885	0
1075.15	0	.8290718	0	.1709282	0
1074.15	0	.8287328	0	.1712672	0
1073.15	0	.8283946	0	.1716054	0
1072.15	0	.8280571	0	.1719429	0
1071.15	0	.8277203	0	.1722797	0
1070.15	0	.8273842	0	.1726158	0
1069.15	0	.8270489	0	.1729511	0
1068.15	0	.8267143	0	.1732857	0
1067.15	0	.8263805	0	.1736195	0
1066.15	0	.8260474	0	.1739527	0
1065.15	0	.825715	0	.174285	0
1064.15	0	.8253833	0	.1746167	0
1063.15	0	.8250523	0	.1749477	0
1062.593	0	.8248684	0	.1751316	0
1062.593	0	.8248684	0	.1751316	0
1062.593	0	.8248684	0	.1751316	0
1062.15	0	.8243946	3.441793E-04	.1752613	0
1061.15	0	.8233281	.001118769	.1755532	0
1060.15	0	.8222648	.001890989	.1758442	0
1059.15	0	.8212046	.002660839	.1761345	0
1058.15	0	.8201477	.003428318	.176424	0
1057.15	0	.8190939	.004193426	.1767126	0
1056.15	0	.8180433	.004956161	.1770005	0
1055.15	0	.8169959	.005716525	.1772876	0
1054.15	0	.8159517	.006474515	.1775738	0
1053.15	0	.8149106	.007230132	.1778592	0
1052.15	0	.8138727	.007983376	.1781439	0
1051.15	0	.812838	.008734245	.1784277	0
1050.15	0	.8118065	.00948274	.1787108	0
1049.15	0	.8107781	.01022886	.178993	0
1048.15	0	.8097529	.0109726	.1792745	0
1047.15	0	.8087309	.01171397	.1795551	0
1046.15	0	.8077121	.01245296	.179835	0
1045.15	0	.8066964	.01318958	.180114	0
1044.15	0	.8056839	.01392381	.1803923	0
1043.15	0	.8046746	.01465567	.1806697	0
1042.15	0	.8036685	.01538515	.1809464	0
1041.15	0	.8026655	.01611225	.1812223	0
1040.15	0	.8016657	.01683698	.1814973	0
1039.15	0	.8006691	.01755932	.1817716	0
1038.15	0	.7996756	.01827929	.1820451	0
1037.15	0	.7986854	.01899687	.1823178	0
1036.15	0	.7976982	.01971207	.1825897	0
1035.15	0	.7967143	.02042489	.1828608	0
1034.15	0	.7957336	.02113534	.1831311	0
1033.15	0	.794756	.0218434	.1834006	0
1032.15	0	.7937816	.02254908	.1836694	0
1031.15	0	.7928103	.02325237	.1839373	0
1030.15	0	.7918422	.02395329	.1842045	0
1029.15	0	.7908774	.02465182	.1844708	0
1028.15	0	.7899156	.02534797	.1847364	0
1027.15	0	.7889571	.02604174	.1850012	0
1026.15	0	.7880017	.02673313	.1852652	0
1025.15	0	.7870495	.02742214	.1855284	0
1024.15	0	.7861005	.02810876	.1857908	0
1023.15	0	.7851546	.028793	.1860524	0
1022.15	0	.7842119	.02947486	.1863132	0
1021.15	0	.7832724	.03015434	.1865732	0
1020.15	0	.7823361	.03083143	.1868325	0
1019.15	0	.7814029	.03150614	.1870909	0
1018.15	0	.7804729	.03217848	.1873486	0
1017.15	0	.7795461	.03284843	.1876055	0
1016.15	0	.7786225	.033516	.1878615	0
1015.15	0	.777702	.03418119	.1881168	0
1014.15	0	.7767847	.034844	.1883713	0
1013.15	0	.7758705	.03550444	.188625	0
1012.15	0	.7749596	.03616249	.1888779	0
1011.15	0	.7740518	.03681817	.18913	0
1010.15	0	.7731472	.03747147	.1893814	0
1009.15	0	.7722457	.03812239	.1896319	0
1008.15	0	.7713475	.03877094	.1898816	0
1007.15	0	.7704524	.03941711	.1901305	0
1006.15	0	.7695604	.04006091	.1903787	0
1005.15	0	.7686717	.04070234	.190626	0
1004.15	0	.767786	.0413414	.1908726	0
1003.15	0	.7669036	.04197808	.1911183	0
1002.15	0	.7660244	.0426124	.1913632	0
1001.15	0	.7651483	.04324435	.1916074	0
1000.15	0	.7642753	.04387394	.1918507	0
999.15	0	.7634056	.04450117	.1920933	0
998.15	0	.762539	.04512603	.192335	0
997.15	0	.7616756	.04574853	.1925759	0
996.15	0	.7608153	.04636867	.192816	0
995.15	0	.7599582	.04698646	.1930554	0
994.15	0	.7591043	.04760189	.1932939	0
993.15	0	.7582535	.04821497	.1935315	0
992.15	0	.7574059	.0488257	.1937684	0
991.15	0	.7565614	.04943409	.1940045	0
990.15	0	.7557201	.05004013	.1942398	0
989.15	0	.7548819	.05064383	.1944742	0
988.15	0	.754047	.05124519	.1947079	0
987.15	0	.7532151	.05184422	.1949407	0
986.15	0	.7523864	.05244091	.1951727	0
985.15	0	.7515609	.05303528	.1954039	0
984.15	0	.7507385	.05362732	.1956342	0
983.15	0	.7499192	.05421704	.1958637	0
982.15	0	.7491031	.05480444	.1960924	0
981.15	0	.7482902	.05538953	.1963203	0
980.15	0	.7474803	.05597231	.1965473	0
979.15	0	.7466737	.05655279	.1967735	0
978.15	0	.7458701	.05713096	.1969989	0
977.15	0	.7450697	.05770684	.1972235	0
976.15	0	.7442724	.05828043	.1974472	0
975.15	0	.7434782	.05885174	.19767	0
974.15	0	.7426872	.05942076	.1978921	0
973.15	0	.7418993	.05998751	.1981132	0
972.15	0	.7411144	.06055199	.1983336	0
971.15	0	.7403328	.06111421	.198553	0
970.15	0	.7395542	.06167418	.1987716	0
969.15	0	.7387787	.06223189	.1989894	0
968.15	0	.7380063	.06278736	.1992063	0
967.15	0	.737237	.0633406	.1994224	0
966.15	0	.7364708	.06389161	.1996376	0
965.15	0	.7357077	.06444039	.1998519	0
964.15	0	.7349477	.06498697	.2000653	0
963.15	0	.7341908	.06553134	.2002779	0
962.15	0	.7334369	.06607351	.2004896	0
961.15	0	.7326861	.06661349	.2007004	0
960.15	0	.7319383	.0671513	.2009104	0
959.15	0	.7311937	.06768694	.2011194	0
958.15	0	.730452	.06822042	.2013276	0
957.15	0	.7297134	.06875175	.2015348	0
956.15	0	.7289779	.06928095	.2017412	0
955.15	0	.7282453	.06980801	.2019467	0
954.15	0	.7275158	.07033296	.2021512	0
953.15	0	.7267893	.0708558	.2023549	0
952.15	0	.7260658	.07137656	.2025576	0
951.15	0	.7253453	.07189523	.2027595	0
950.15	0	.7246278	.07241183	.2029604	0
949.15	0	.7239133	.07292638	.2031604	0
948.15	0	.7232017	.07343889	.2033594	0
947.15	0	.7224931	.07394937	.2035575	0
946.15	0	.7217875	.07445784	.2037547	0
945.15	0	.7210848	.07496431	.2039509	0
944.15	0	.720385	.0754688	.2041462	0
943.15	0	.7196881	.07597133	.2043406	0
942.15	0	.7189942	.07647191	.2045339	0
941.15	0	.7183031	.07697056	.2047263	0
940.15	0	.7176149	.07746729	.2049178	0
939.15	0	.7169296	.07796213	.2051082	0
938.15	0	.7162472	.07845509	.2052977	0
937.15	0	.7155676	.0789462	.2054862	0
936.15	0	.7148908	.07943547	.2056737	0
935.15	0	.7142169	.07992292	.2058602	0
934.15	0	.7135457	.08040858	.2060457	0
933.15	0	.7128773	.08089247	.2062302	0
932.15	0	.7122117	.08137461	.2064137	0
931.15	0	.7115488	.08185502	.2065962	0
930.15	0	.7108887	.08233374	.2067776	0
929.15	0	.7102313	.08281077	.206958	0
928.15	0	.7095765	.08328616	.2071373	0
927.15	0	.7089245	.08375992	.2073156	0
926.15	0	.7082751	.08423208	.2074928	0
925.15	0	.7076283	.08470268	.207669	0
924.15	0	.7069842	.08517174	.2078441	0
923.15	0	.7063426	.08563929	.2080181	0
922.15	0	.7057036	.08610537	.208191	0
921.15	0	.7050672	.08656999	.2083629	0
920.15	0	.7044332	.08703321	.2085336	0
919.15	0	.7038018	.08749505	.2087032	0
918.15	0	.7031728	.08795554	.2088716	0
917.15	0	.7025463	.08841473	.209039	0
916.15	0	.7019222	.08887264	.2092052	0
915.15	0	.7013004	.08932933	.2093703	0
914.15	0	.700681	.08978482	.2095342	0
913.15	0	.700064	.09023917	.2096969	0
912.15	0	.6994492	.0906924	.2098584	0
911.15	0	.6988367	.09114457	.2100188	0
910.15	0	.6982264	.09159572	.2101779	0
909.15	0	.6976183	.0920459	.2103359	0
908.15	0	.6970123	.09249514	.2104926	0
907.15	0	.6964085	.09294351	.210648	0
906.15	0	.6958067	.09339106	.2108023	0
905.15	0	.6952069	.09383782	.2109552	0
904.15	0	.6946092	.09428387	.2111069	0
903.15	0	.6940134	.09472925	.2112574	0
902.15	0	.6934195	.09517402	.2114065	0
901.15	0	.6928275	.09561823	.2115543	0
900.15	0	.6922373	.09606196	.2117008	0
899.15	0	.6916488	.09650527	.2118459	0
898.15	0	.6910621	.09694821	.2119897	0
897.15	0	.690477	.09739085	.2121322	0
896.15	0	.6898935	.09783327	.2122732	0
895.15	0	.6893116	.09827553	.2124129	0
894.15	0	.6887312	.09871771	.2125511	0
893.15	0	.6881522	.09915988	.2126879	0
892.15	0	.6875746	.09960212	.2128233	0
891.15	0	.6869982	.1000445	.2129572	0
890.15	0	.6864232	.1004871	.2130897	0
889.15	0	.6858493	.1009301	.2132206	0
888.15	0	.6852765	.1013735	.21335	0
887.15	0	.6847048	.1018173	.2134779	0
886.15	0	.684134	.1022618	.2136042	0
885.15	0	.6835641	.1027069	.213729	0
884.15	0	.682995	.1031529	.2138522	0
883.15	0	.6824266	.1035997	.2139737	0
882.15	0	.6818589	.1040475	.2140936	0
881.15	0	.6812917	.1044965	.2142118	0
880.15	0	.6807249	.1049467	.2143284	0
879.15	0	.6801585	.1053983	.2144432	0
878.15	0	.6795924	.1058513	.2145563	0
877.15	0	.6790264	.106306	.2146676	0
876.15	0	.6784604	.1067624	.2147772	0
875.15	0	.6778944	.1072207	.2148849	0
874.15	0	.6773282	.107681	.2149908	0
873.15	0	.6767617	.1081435	.2150948	0
872.15	0	.6761948	.1086083	.2151969	0
871.15	0	.6756274	.1090756	.215297	0
870.15	0	.6750592	.1095456	.2153952	0
869.15	0	.6744902	.1100184	.2154913	0
868.15	0	.6739203	.1104943	.2155855	0
867.15	0	.6733492	.1109733	.2156775	0
866.15	0	.6727768	.1114558	.2157674	0
865.15	0	.672203	.1119418	.2158552	0
864.15	0	.6716276	.1124317	.2159407	0
863.15	0	.6710504	.1129257	.216024	0
862.15	0	.6704711	.1134239	.216105	0
861.15	0	.6698897	.1139267	.2161836	0
860.15	0	.6693059	.1144342	.2162599	0
859.15	0	.6687195	.1149468	.2163337	0
858.15	0	.6681303	.1154648	.216405	0
857.15	0	.667538	.1159883	.2164737	0
856.15	0	.6669423	.1165179	.2165398	0
855.15	0	.6663431	.1170537	.2166032	0
854.15	0	.66574	.1175961	.2166639	0
853.15	0	.6651328	.1181455	.2167217	0
852.15	0	.6645211	.1187023	.2167766	0
851.15	0	.6639046	.1192669	.2168285	0
850.15	0	.663283	.1198396	.2168774	0
849.15	0	.6626559	.1204211	.2169231	0
848.15	0	.6620228	.1210116	.2169655	0
847.15	0	.6613835	.1216119	.2170046	0
846.15	0	.6607375	.1222223	.2170402	0
845.15	0	.6600842	.1228435	.2170723	0
844.15	0	.6594232	.1234762	.2171006	0
843.15	0	.658754	.1241209	.2171251	0
842.15	0	.658076	.1247785	.2171456	0
841.15	0	.6573885	.1254496	.2171619	0
840.15	0	.6566909	.1261351	.217174	0
839.15	0	.6556122	.1272578	.21713	0
838.15	0	.6544487	.1284823	.217069	0
837.15	0	.6533339	.1296564	.2170097	0
836.15	0	.6522651	.130783	.2169519	0
835.15	0	.6512397	.1318647	.2168956	0
834.15	0	.6502553	.132904	.2168407	0
833.15	0	.6493097	.1339032	.2167871	0
832.15	0	.6484009	.1348644	.2167348	0
831.15	0	.6475269	.1357896	.2166836	0
830.15	0	.6466858	.1366807	.2166335	0
829.15	0	.6458761	.1375394	.2165846	0
828.15	0	.645096	.1383674	.2165366	0
827.15	0	.6443442	.1391663	.2164895	0
826.15	0	.6436192	.1399375	.2164434	0
825.15	0	.6429197	.1406823	.2163981	0
824.15	0	.6422444	.141402	.2163536	0
823.15	0	.6415923	.1420979	.2163098	0
822.15	0	.6409622	.142771	.2162668	0
821.15	0	.6403531	.1434225	.2162244	0
820.15	0	.639764	.1440533	.2161827	0
819.15	0	.6391941	.1446644	.2161416	0
818.15	0	.6386423	.1452567	.216101	0
817.15	0	.638108	.1458311	.216061	0
816.15	0	.6375903	.1463883	.2160214	0
815.15	0	.6370885	.1469291	.2159824	0
814.15	0	.6366019	.1474543	.2159438	0
813.15	0	.6361299	.1479645	.2159056	0
812.15	0	.6356718	.1484603	.2158679	0
811.15	0	.6352271	.1489425	.2158305	0
810.15	0	.6347951	.1494115	.2157934	0
809.15	0	.6343753	.149868	.2157567	0
808.15	0	.6339673	.1503124	.2157203	0
807.15	0	.6335705	.1507453	.2156842	0
806.15	0	.6331845	.1511671	.2156484	0
805.15	0	.6328088	.1515783	.2156129	0
804.15	0	.6324431	.1519794	.2155776	0
803.15	0	.6320868	.1523707	.2155425	0
802.15	0	.6317398	.1527526	.2155076	0
801.15	0	.6314015	.1531255	.215473	0
800.15	0	.6310717	.1534898	.2154385	0
799.15	0	.63075	.1538457	.2154043	0
798.15	0	.6304361	.1541937	.2153702	0
797.15	0	.6301297	.1545341	.2153362	0
796.15	0	.6298305	.1548671	.2153024	0
795.15	0	.6295383	.1551929	.2152687	0
794.15	0	.6292528	.155512	.2152352	0
793.15	0	.6289737	.1558245	.2152018	0
792.15	0	.6287008	.1561307	.2151685	0
791.15	0	.6284339	.1564309	.2151353	0
790.15	0	.6281727	.1567252	.2151021	0
789.15	0	.6279171	.1570138	.2150691	0
788.15	0	.6276668	.1572971	.2150361	0
787.15	0	.6274216	.1575751	.2150033	0
786.15	0	.6271815	.1578481	.2149705	0
785.15	0	.6269461	.1581162	.2149377	0
784.15	0	.6267153	.1583797	.214905	0
783.15	0	.626489	.1586386	.2148724	0
782.15	0	.6262671	.1588932	.2148398	0
781.15	0	.6260493	.1591436	.2148072	0
780.15	0	.6258355	.1593899	.2147746	0
779.15	0	.6256255	.1596323	.2147421	0
778.15	0	.6254194	.159871	.2147097	0
777.15	0	.6252168	.160106	.2146772	0
776.15	0	.6250178	.1603375	.2146447	0
775.15	0	.6248221	.1605655	.2146123	0
774.15	0	.6246298	.1607903	.2145799	0
773.15	0	.6244406	.161012	.2145475	0
772.15	0	.6242544	.1612305	.2145151	0
771.15	0	.6240712	.1614461	.2144827	0
770.15	0	.6238909	.1616588	.2144503	0
769.15	0	.6237134	.1618688	.2144178	0
768.15	0	.6235386	.162076	.2143854	0
767.15	0	.6233663	.1622807	.214353	0
766.15	0	.6231967	.1624829	.2143205	0
765.15	0	.6230294	.1626826	.214288	0
764.15	0	.6228645	.1628799	.2142555	0
763.15	0	.622702	.163075	.214223	0
762.15	0	.6225416	.1632679	.2141905	0
761.15	0	.6223834	.1634586	.2141579	0
760.15	0	.6222273	.1636473	.2141254	0
759.15	0	.6220733	.163834	.2140928	0
758.15	0	.6219212	.1640187	.2140601	0
757.15	0	.621771	.1642015	.2140274	0
756.15	0	.6216228	.1643825	.2139947	0
755.15	0	.6214763	.1645617	.213962	0
754.15	0	.6213315	.1647392	.2139292	0
753.15	0	.6211885	.1649151	.2138964	0
752.15	0	.6210471	.1650893	.2138636	0
751.15	0	.6209074	.1652619	.2138307	0
750.15	0	.6207708	.1654318	.2137974	0
749.15	0	.620634	.1656015	.2137645	0
748.15	0	.6204987	.1657698	.2137315	0
747.15	0	.6203648	.1659367	.2136985	0
746.15	0	.6202324	.1661022	.2136654	0
745.15	0	.6201013	.1662664	.2136323	0
744.15	0	.6199715	.1664293	.2135992	0
743.15	0	.6198431	.166591	.213566	0
742.15	0	.6197159	.1667514	.2135327	0
741.15	0	.6195899	.1669106	.2134995	0
740.15	0	.6194652	.1670687	.2134661	0
739.15	0	.6193416	.1672257	.2134327	0
738.15	0	.6192191	.1673816	.2133993	0
737.15	0	.6190978	.1675364	.2133658	0
736.15	0	.6189775	.1676902	.2133323	0
735.15	0	.6188583	.167843	.2132987	0
734.15	0	.6187401	.1679948	.2132651	0
733.15	0	.6186229	.1681457	.2132314	0
732.15	0	.6185067	.1682956	.2131977	0
731.15	0	.6183914	.1684446	.2131639	0
730.15	0	.6182771	.1685928	.2131301	0
729.15	0	.6181637	.1687401	.2130962	0
728.15	0	.6180512	.1688865	.2130623	0
727.15	0	.6179395	.1690321	.2130283	0
726.15	0	.6178287	.169177	.2129943	0
725.15	0	.6177187	.169321	.2129602	0
724.15	0	.6176095	.1694643	.2129261	0
723.15	0	.6175012	.1696069	.212892	0
722.15	0	.6173935	.1697487	.2128577	0
721.15	0	.6172867	.1698899	.2128235	0
720.15	0	.6171806	.1700303	.2127891	0
719.15	0	.6170751	.1701701	.2127548	0
718.15	0	.6169705	.1703092	.2127204	0
717.15	0	.6168664	.1704477	.2126859	0
716.15	0	.6167631	.1705855	.2126514	0
715.15	0	.6166605	.1707227	.2126168	0
714.15	0	.6165584	.1708594	.2125822	0
713.15	0	.6164571	.1709954	.2125475	0
712.15	0	.6163563	.1711309	.2125128	0
711.15	0	.6162561	.1712658	.2124781	0
710.15	0	.6161566	.1714001	.2124433	0
709.15	0	.6160576	.171534	.2124084	0
708.15	0	.6159592	.1716673	.2123735	0
707.15	0	.6158614	.1718	.2123386	0
706.15	0	.6157641	.1719323	.2123036	0
705.15	0	.6156674	.1720641	.2122686	0
704.15	0	.6155712	.1721953	.2122335	0
703.15	0	.6154755	.1723261	.2121984	0
702.15	0	.6153803	.1724565	.2121632	0
701.15	0	.6152857	.1725863	.212128	0
700.15	0	.6151915	.1727158	.2120927	0
699.15	0	.6150978	.1728448	.2120574	0
698.15	0	.6150046	.1729733	.2120221	0
697.15	0	.6149118	.1731014	.2119867	0
696.15	0	.6148196	.1732292	.2119513	0
695.15	0	.6147277	.1733564	.2119158	0
694.15	0	.6146363	.1734833	.2118803	0
693.15	0	.6145454	.1736098	.2118448	0
692.15	0	.6144549	.1737359	.2118092	0
691.15	0	.6143648	.1738617	.2117736	0
690.15	0	.6142751	.173987	.2117379	0
689.15	0	.6141858	.174112	.2117022	0
688.15	0	.614097	.1742366	.2116665	0
687.15	0	.6140085	.1743608	.2116307	0
686.15	0	.6139204	.1744847	.2115949	0
685.15	0	.6138327	.1746082	.211559	0
684.15	0	.6137454	.1747314	.2115231	0
683.15	0	.6136585	.1748543	.2114872	0
682.15	0	.6135719	.1749768	.2114513	0
681.15	0	.6134857	.175099	.2114153	0
680.15	0	.6133999	.1752209	.2113793	0
679.15	0	.6133144	.1753424	.2113432	0
678.15	0	.6132293	.1754637	.2113071	0
677.15	0	.6131445	.1755846	.211271	0
676.15	0	.61306	.1757052	.2112348	0
675.15	0	.6129759	.1758255	.2111987	0
674.15	0	.6128921	.1759455	.2111624	0
673.15	0	.6128086	.1760652	.2111262	0
672.15	0	.6127255	.1761846	.2110899	0
671.15	0	.6126426	.1763037	.2110536	0
670.15	0	.6125601	.1764226	.2110173	0
669.15	0	.6124779	.1765411	.2109809	0
668.15	0	.612396	.1766594	.2109446	0
667.15	0	.6123145	.1767774	.2109081	0
666.15	0	.6122332	.1768951	.2108717	0
665.15	0	.6121522	.1770126	.2108353	0
664.15	0	.6120715	.1771298	.2107988	0
663.15	0	.611991	.1772467	.2107623	0
662.15	0	.6119109	.1773633	.2107257	0
661.15	0	.6118311	.1774797	.2106892	0
660.15	0	.6117515	.1775959	.2106526	0
659.15	0	.6116723	.1777117	.210616	0
658.15	0	.6115932	.1778274	.2105794	0
657.15	0	.6115145	.1779427	.2105428	0
656.15	0	.6114361	.1780578	.2105061	0
655.15	0	.6113579	.1781727	.2104694	0
654.15	0	.6112799	.1782873	.2104327	0
653.15	0	.6112023	.1784017	.210396	0
652.15	0	.6111249	.1785158	.2103593	0
651.15	0	.6110477	.1786297	.2103226	0
650.15	0	.6109708	.1787434	.2102858	0
649.15	0	.6108942	.1788568	.210249	0
648.15	0	.6108178	.17897	.2102123	0
647.15	0	.6107416	.1790829	.2101755	0
646.15	0	.6106657	.1791956	.2101386	0
645.15	0	.6105901	.1793081	.2101018	0
644.15	0	.6105147	.1794204	.210065	0
643.15	0	.6104395	.1795324	.2100281	0
642.15	0	.6103646	.1796442	.2099913	0
641.15	0	.6102899	.1797557	.2099544	0
640.15	0	.6102154	.1798671	.2099175	0
639.15	0	.6101412	.1799782	.2098807	0
638.15	0	.6100672	.1800891	.2098438	0
637.15	0	.6099934	.1801997	.2098069	0
636.15	0	.6099199	.1803102	.20977	0
635.15	0	.6098466	.1804204	.2097331	0
634.15	0	.6097735	.1805304	.2096961	0
633.15	0	.6097007	.1806401	.2096592	0
632.15	0	.609628	.1807497	.2096223	0
631.15	0	.6095556	.180859	.2095854	0
630.15	0	.6094834	.1809682	.2095484	0
629.15	0	.6094114	.1810771	.2095115	0
628.15	0	.6093397	.1811858	.2094746	0
627.15	0	.6092681	.1812942	.2094376	0
626.15	0	.6091968	.1814025	.2094007	0
625.15	0	.6091257	.1815105	.2093638	0
624.15	0	.6090548	.1816184	.2093269	0
623.15	0	.6089841	.181726	.2092899	0
622.15	0	.6089136	.1818334	.209253	0
621.15	0	.6088433	.1819406	.2092161	0
620.15	0	.6087733	.1820475	.2091792	0
619.15	0	.6087034	.1821543	.2091423	0
618.15	0	.6086338	.1822609	.2091054	0
617.15	0	.6085643	.1823672	.2090685	0
616.15	0	.6084951	.1824733	.2090316	0
615.15	0	.6084261	.1825792	.2089947	0
614.15	0	.6083572	.182685	.2089578	0
613.15	0	.6082886	.1827905	.208921	0
612.15	0	.6082202	.1828957	.2088841	0
611.15	0	.6081519	.1830008	.2088473	0
610.15	0	.6080839	.1831057	.2088105	0
609.15	0	.608016	.1832103	.2087736	0
608.15	0	.6079484	.1833148	.2087368	0
607.15	0	.607881	.183419	.2087	0
606.15	0	.6078137	.183523	.2086632	0
605.15	0	.6077467	.1836269	.2086265	0
604.15	0	.6076798	.1837305	.2085897	0
603.15	0	.6076131	.1838339	.208553	0
602.15	0	.6075467	.183937	.2085163	0
601.15	0	.6074804	.18404	.2084796	0
600.15	0	.6074143	.1841428	.2084429	0
599.15	0	.6073484	.1842453	.2084063	0
598.15	0	.6072827	.1843477	.2083696	0
597.15	0	.6072172	.1844498	.208333	0
596.15	0	.6071519	.1845518	.2082964	0
595.15	0	.6070867	.1846535	.2082598	0
594.15	0	.6070218	.184755	.2082232	0
593.15	0	.606957	.1848563	.2081867	0
592.15	0	.6068924	.1849574	.2081502	0
591.15	0	.6068281	.1850582	.2081137	0
590.15	0	.6067639	.1851589	.2080773	0
589.15	0	.6066999	.1852593	.2080408	0
588.15	0	.606636	.1853596	.2080044	0
587.15	0	.6065724	.1854596	.207968	0
586.15	0	.6065089	.1855594	.2079317	0
585.15	0	.6064457	.185659	.2078954	0
584.15	0	.6063826	.1857584	.2078591	0
583.15	0	.6063197	.1858576	.2078228	0
582.15	0	.6062569	.1859565	.2077866	0
581.15	0	.6061944	.1860553	.2077504	0
580.15	0	.606132	.1861538	.2077142	0
579.15	0	.6060699	.1862521	.207678	0
578.15	0	.6060079	.1863502	.2076419	0
577.15	0	.6059461	.1864481	.2076058	0
576.15	0	.6058844	.1865458	.2075698	0
575.15	0	.605823	.1866432	.2075338	0
574.15	0	.6057617	.1867404	.2074978	0
573.15	0	.6057006	.1868375	.2074619	0
572.15	0	.6056397	.1869343	.207426	0
571.15	0	.605579	.1870309	.2073901	0
570.15	0	.6055185	.1871272	.2073543	0
569.15	0	.6054581	.1872234	.2073185	0
568.15	0	.6053979	.1873193	.2072828	0
567.15	0	.6053379	.187415	.2072471	0
566.15	0	.6052781	.1875105	.2072114	0
565.15	0	.6052184	.1876058	.2071758	0
564.15	0	.6051589	.1877008	.2071403	0
563.15	0	.6050996	.1877957	.2071047	0
562.15	0	.6050405	.1878903	.2070692	0
561.15	0	.6049816	.1879846	.2070338	0
560.15	0	.6049228	.1880788	.2069984	0
559.15	0	.6048642	.1881727	.206963	0
558.15	0	.6048058	.1882665	.2069277	0
557.15	0	.6047476	.1883599	.2068925	0
556.15	0	.6046895	.1884532	.2068573	0
555.15	0	.6046317	.1885463	.2068221	0
554.15	0	.604574	.1886391	.206787	0
553.15	0	.6045164	.1887317	.2067519	0
552.15	0	.6044591	.188824	.2067169	0
551.15	0	.6044019	.1889162	.2066819	0
550.15	0	.6043449	.1890081	.206647	0
549.15	0	.6042881	.1890997	.2066122	0
548.15	0	.6042315	.1891912	.2065774	0
547.15	0	.604175	.1892824	.2065426	0
546.15	0	.6041187	.1893734	.2065079	0
545.15	0	.6040626	.1894642	.2064733	0
544.15	0	.6040066	.1895547	.2064387	0
543.15	0	.6039509	.189645	.2064042	0
542.15	0	.6038953	.1897351	.2063697	0
541.15	0	.6038398	.1898249	.2063353	0
540.15	0	.6037846	.1899145	.2063009	0
539.15	0	.6037295	.1900039	.2062666	0
538.15	0	.6036746	.190093	.2062324	0
537.15	0	.6036199	.1901819	.2061982	0
536.15	0	.6035654	.1902705	.2061641	0
535.15	0	.603511	.190359	.20613	0
534.15	0	.6034568	.1904472	.206096	0
533.15	0	.6034028	.1905351	.2060621	0
532.15	0	.603349	.1906228	.2060282	0
531.15	0	.6032953	.1907103	.2059944	0
530.15	0	.6032418	.1907975	.2059607	0
529.15	0	.6031885	.1908845	.205927	0
528.15	0	.6031353	.1909713	.2058934	0
527.15	0	.6030824	.1910578	.2058598	0
526.15	0	.6030296	.1911441	.2058264	0
525.15	0	.6029769	.1912301	.205793	0
524.15	0	.6029245	.1913159	.2057596	0
523.15	0	.6028722	.1914015	.2057263	0
522.15	0	.6028201	.1914868	.2056931	0
521.15	0	.6027682	.1915718	.20566	0
520.15	0	.6027164	.1916566	.2056269	0
519.15	0	.6026649	.1917412	.205594	0
518.15	0	.6026135	.1918255	.205561	0
517.15	0	.6025622	.1919096	.2055282	0
516.15	0	.6025112	.1919934	.2054954	0
515.15	0	.6024603	.192077	.2054627	0
514.15	0	.6024096	.1921603	.2054301	0
513.15	0	.6023591	.1922434	.2053975	0
512.15	0	.6023087	.1923263	.2053651	0
511.15	0	.6022585	.1924088	.2053327	0
510.15	0	.6022085	.1924912	.2053003	0
509.15	0	.6021587	.1925733	.2052681	0
508.15	0	.602109	.1926551	.2052359	0
507.15	0	.6020595	.1927367	.2052038	0
506.15	0	.6020102	.192818	.2051718	0
505.15	0	.601961	.1928991	.2051399	0
504.15	0	.6019121	.1929799	.205108	0
503.15	0	.6018633	.1930604	.2050763	0
502.15	0	.6018148	.1931407	.2050445	0
501.15	0	.6017663	.1932208	.2050129	0
500.15	0	.601718	.1933006	.2049814	0
499.15	0	.60167	.1933801	.2049499	0
498.15	0	.601622	.1934594	.2049186	0
497.15	0	.6015743	.1935384	.2048873	0
496.15	0	.6015267	.1936172	.2048561	0
495.15	0	.6014793	.1936957	.204825	0
494.15	0	.6014321	.193774	.204794	0
493.15	0	.601385	.1938519	.2047631	0
492.15	0	.6013381	.1939297	.2047322	0
491.15	0	.6012914	.1940071	.2047015	0
490.15	0	.6012449	.1940843	.2046708	0
489.15	0	.6011985	.1941613	.2046402	0
488.15	0	.6011524	.1942379	.2046097	0
487.15	0	.6011063	.1943144	.2045793	0
486.15	0	.6010605	.1943905	.204549	0
485.15	0	.6010148	.1944664	.2045188	0
484.15	0	.6009694	.194542	.2044887	0
483.15	0	.600924	.1946174	.2044586	0
482.15	0	.6008789	.1946924	.2044287	0
481.15	0	.6008339	.1947673	.2043988	0
480.15	0	.6007891	.1948418	.204369	0
479.15	0	.6007445	.1949161	.2043394	0
478.15	0	.6007001	.1949901	.2043098	0
477.15	0	.6006558	.1950639	.2042803	0
476.15	0	.6006117	.1951373	.204251	0
475.15	0	.6005678	.1952106	.2042217	0
474.15	0	.600524	.1952835	.2041925	0
473.15	0	.6004804	.1953562	.2041634	0
472.15	0	.600437	.1954286	.2041344	0
471.15	0	.6003938	.1955007	.2041055	0
470.15	0	.6003507	.1955725	.2040767	0
469.15	0	.6003079	.1956441	.204048	0
468.15	0	.6002652	.1957154	.2040194	0
467.15	0	.6002226	.1957865	.2039909	0
466.15	0	.6001803	.1958572	.2039625	0
465.15	0	.6001381	.1959277	.2039342	0
464.15	0	.600096	.1959979	.203906	0
463.15	0	.6000542	.1960679	.2038779	0
462.15	0	.6000125	.1961375	.2038499	0
461.15	0	.599971	.1962069	.2038221	0
460.15	0	.5999297	.196276	.2037943	0
459.15	0	.5998886	.1963449	.2037666	0
458.15	0	.5998476	.1964134	.203739	0
457.15	0	.5998068	.1964817	.2037115	0
456.15	0	.5997661	.1965497	.2036842	0
455.15	0	.5997257	.1966174	.2036569	0
454.15	0	.5996854	.1966849	.2036297	0
453.15	0	.5996453	.196752	.2036027	0
452.15	0	.5996054	.1968189	.2035757	0
451.15	0	.5995656	.1968855	.2035489	0
450.15	0	.599526	.1969518	.2035222	0
449.15	0	.5994866	.1970178	.2034956	0
448.15	0	.5994474	.1970835	.2034691	0
447.15	0	.5994084	.1971489	.2034427	0
446.15	0	.5993695	.1972141	.2034164	0
445.15	0	.5993309	.1972789	.2033903	0
444.15	0	.5992924	.1973434	.2033642	0
443.15	0	.5992541	.1974076	.2033383	0
442.15	0	.599216	.1974715	.2033125	0
441.15	0	.5991781	.1975351	.2032868	0
440.15	0	.5991404	.1975983	.2032613	0
439.15	0	.5991029	.1976612	.2032359	0
438.15	0	.5990656	.1977239	.2032106	0
437.15	0	.5990285	.1977861	.2031854	0
436.15	0	.5989916	.1978481	.2031603	0
435.15	0	.5989549	.1979097	.2031354	0
434.6662	0	.5989372	.1979393	.2031234	0
434.6662	0	.5989372	.1979393	.2031234	0
434.6662	0	.5989372	.1979393	.2031234	0
434.15	0	.5990376	.1976885	.2029805	2.935108E-04
433.15	0	.5992315	.1972031	.2027039	8.61439E-04
432.15	0	.599425	.1967185	.202428	.001428479
431.15	0	.599618	.1962346	.2021527	.00199464
430.15	0	.5998106	.1957515	.201878	.00255993
429.15	0	.6000027	.1952691	.2016038	.003124357
428.15	0	.6001944	.1947874	.2013302	.00368793
427.15	0	.6003857	.1943065	.2010572	.004250656
426.15	0	.6005766	.1938261	.2007848	.004812544
425.15	0	.600767	.1933465	.2005129	.005373602
424.15	0	.6009571	.1928675	.2002416	.005933837
423.15	0	.6011468	.1923892	.1999708	.006493257
422.15	0	.6013361	.1919115	.1997006	.007051871
421.15	0	.601525	.1914343	.199431	.007609684
420.15	0	.6017135	.1909578	.1991619	.008166706
419.15	0	.6019018	.1904819	.1988934	.008722942
418.15	0	.6020896	.1900065	.1986254	.009278401
417.15	0	.6022772	.1895318	.198358	.009833089
416.15	0	.6024644	.1890575	.1980911	.01038701
415.15	0	.6026513	.1885838	.1978248	.01094018
414.15	0	.6028378	.1881106	.197559	.0114926
413.15	0	.6030241	.187638	.1972937	.01204428
412.15	0	.60321	.1871658	.197029	.01259522
411.15	0	.6033957	.1866941	.1967648	.01314543
410.15	0	.6035811	.1862229	.1965011	.01369492
409.15	0	.6037662	.1857522	.1962379	.01424368
408.15	0	.603951	.185282	.1959753	.01479175
407.15	0	.6041356	.1848121	.1957132	.0153391
406.15	0	.6043199	.1843428	.1954516	.01588576
405.15	0	.6045039	.1838738	.1951905	.01643173
404.15	0	.6046877	.1834053	.19493	.01697701
403.15	0	.6048713	.1829372	.1946699	.01752161
402.15	0	.6050546	.1824695	.1944104	.01806554
401.15	0	.6052377	.1820022	.1941513	.0186088
400.15	0	.6054205	.1815353	.1938928	.0191514
399.15	0	.6056031	.1810688	.1936348	.01969334
398.15	0	.6057856	.1806026	.1933772	.02023463
397.15	0	.6059678	.1801368	.1931202	.02077528
396.15	0	.6061498	.1796713	.1928636	.02131528
395.15	0	.6063315	.1792062	.1926076	.02185465
394.15	0	.6065131	.1787415	.192352	.02239339
393.15	0	.6066945	.178277	.1920969	.02293151
392.15	0	.6068757	.1778129	.1918423	.02346901
391.15	0	.6070568	.1773491	.1915882	.0240059
390.15	0	.6072376	.1768856	.1913346	.02454217
389.15	0	.6074183	.1764224	.1910814	.02507785
388.15	0	.6075988	.1759596	.1908288	.02561292
387.15	0	.6077791	.175497	.1905765	.0261474
386.15	0	.6079593	.1750346	.1903248	.02668129
385.15	0	.6081393	.1745726	.1900735	.0272146
384.15	0	.6083191	.1741108	.1898227	.02774732
383.15	0	.6084988	.1736493	.1895724	.02827948
382.15	0	.6086784	.1731881	.1893225	.02881106
381.15	0	.6088578	.1727271	.1890731	.02934207
380.15	0	.609037	.1722664	.1888241	.02987252
379.15	0	.6092161	.1718059	.1885756	.03040242
378.15	0	.6093951	.1713456	.1883275	.03093176
377.15	0	.609574	.1708856	.1880799	.03146056
376.15	0	.6097527	.1704258	.1878328	.03198881
375.15	0	.6099313	.1699662	.187586	.03251652
374.15	0	.6101097	.1695068	.1873398	.03304369
373.15	0	.6102881	.1690477	.1870939	.03357033
372.15	0	.6104663	.1685887	.1868485	.03409645
