T	 BPW(LIQUID)	BPW(BCC_A2)	BPW(FCC_A1)	BPW(LAVES_PHASE_C14)	BPW(NI3TI)
1473.15	.3255647	.6744353	0	0	0
1472.15	.3227165	.6772835	0	0	0
1471.15	.3198874	.6801126	0	0	0
1470.15	.3170772	.6829228	0	0	0
1469.15	.3142859	.6857141	0	0	0
1468.15	.3115132	.6884868	0	0	0
1467.15	.308759	.691241	0	0	0
1466.15	.3060232	.6939768	0	0	0
1465.15	.3033055	.6966945	0	0	0
1464.15	.300606	.699394	0	0	0
1463.15	.2979243	.7020757	0	0	0
1462.15	.2952605	.7047395	0	0	0
1461.15	.2926143	.7073857	0	0	0
1460.15	.2899856	.7100144	0	0	0
1459.15	.2873742	.7126258	0	0	0
1458.15	.2847801	.7152199	0	0	0
1457.15	.2822031	.7177969	0	0	0
1456.15	.2796431	.7203569	0	0	0
1455.15	.2770999	.7229002	0	0	0
1454.15	.2745733	.7254267	0	0	0
1453.15	.2720634	.7279366	0	0	0
1452.15	.2695698	.7304302	0	0	0
1451.15	.2670926	.7329074	0	0	0
1450.15	.2646316	.7353684	0	0	0
1449.15	.2621866	.7378134	0	0	0
1448.15	.2597576	.7402424	0	0	0
1447.15	.2573444	.7426556	0	0	0
1446.15	.2549468	.7450532	0	0	0
1445.15	.2525649	.7474351	0	0	0
1444.15	.2501984	.7498016	0	0	0
1443.15	.2478472	.7521528	0	0	0
1442.15	.2455112	.7544888	0	0	0
1441.15	.2431903	.7568097	0	0	0
1440.15	.2408844	.7591156	0	0	0
1439.15	.2385934	.7614066	0	0	0
1438.15	.2363171	.7636829	0	0	0
1437.15	.2340555	.7659445	0	0	0
1436.15	.2318084	.7681916	0	0	0
1435.15	.2295757	.7704243	0	0	0
1434.15	.2273573	.7726427	0	0	0
1433.15	.2251531	.7748469	0	0	0
1432.15	.222963	.777037	0	0	0
1431.15	.2207869	.7792131	0	0	0
1430.15	.2186247	.7813753	0	0	0
1429.15	.2164763	.7835237	0	0	0
1428.15	.2143415	.7856585	0	0	0
1427.15	.2122203	.7877797	0	0	0
1426.15	.2101126	.7898874	0	0	0
1425.15	.2080182	.7919818	0	0	0
1424.15	.2059372	.7940628	0	0	0
1423.15	.2038693	.7961308	0	0	0
1422.15	.2018144	.7981856	0	0	0
1421.15	.1997725	.8002275	0	0	0
1420.15	.1977435	.8022565	0	0	0
1419.15	.1957273	.8042727	0	0	0
1418.15	.1937238	.8062762	0	0	0
1417.15	.1917329	.8082671	0	0	0
1416.15	.1897545	.8102455	0	0	0
1415.15	.1877885	.8122115	0	0	0
1414.15	.1858348	.8141652	0	0	0
1413.15	.1838933	.8161067	0	0	0
1412.15	.181964	.818036	0	0	0
1411.15	.1800467	.8199533	0	0	0
1410.15	.1781414	.8218586	0	0	0
1409.15	.176248	.823752	0	0	0
1408.15	.1743663	.8256337	0	0	0
1407.15	.1724964	.8275036	0	0	0
1406.15	.170638	.829362	0	0	0
1405.15	.1687912	.8312088	0	0	0
1404.15	.1669559	.8330441	0	0	0
1403.15	.1651319	.8348681	0	0	0
1402.15	.1633192	.8366808	0	0	0
1401.15	.1615177	.8384823	0	0	0
1400.15	.1597273	.8402727	0	0	0
1399.15	.157948	.8420521	0	0	0
1398.15	.1561796	.8438204	0	0	0
1397.15	.1544221	.8455779	0	0	0
1396.15	.1526754	.8473246	0	0	0
1395.15	.1509395	.8490605	0	0	0
1394.15	.1492142	.8507858	0	0	0
1393.15	.1474995	.8525005	0	0	0
1392.15	.1457953	.8542048	0	0	0
1391.15	.1441015	.8558985	0	0	0
1390.15	.1424181	.857582	0	0	0
1389.15	.1407449	.8592551	0	0	0
1388.15	.139082	.860918	0	0	0
1387.15	.1374292	.8625708	0	0	0
1386.15	.1357865	.8642135	0	0	0
1385.15	.1341537	.8658463	0	0	0
1384.15	.1325309	.8674691	0	0	0
1383.15	.130918	.869082	0	0	0
1382.15	.1293149	.8706851	0	0	0
1381.15	.1277214	.8722786	0	0	0
1380.15	.1261377	.8738623	0	0	0
1379.15	.1245635	.8754365	0	0	0
1378.15	.1229988	.8770012	0	0	0
1377.15	.1214437	.8785564	0	0	0
1376.15	.1198979	.8801022	0	0	0
1375.15	.1183614	.8816386	0	0	0
1374.15	.1168342	.8831658	0	0	0
1373.15	.1153162	.8846838	0	0	0
1372.15	.1138073	.8861927	0	0	0
1371.15	.1123075	.8876925	0	0	0
1370.15	.1108168	.8891832	0	0	0
1369.15	.1093349	.8906651	0	0	0
1368.15	.107862	.892138	0	0	0
1367.15	.1063979	.8936021	0	0	0
1366.15	.1049426	.8950574	0	0	0
1365.15	.1034961	.896504	0	0	0
1364.15	.1020581	.8979419	0	0	0
1363.15	.1006288	.8993712	0	0	0
1362.15	.09920803	.900792	0	0	0
1361.15	.09779574	.9022043	0	0	0
1360.15	.09639189	.9036081	0	0	0
1359.15	.09499641	.9050036	0	0	0
1358.15	.09360926	.9063907	0	0	0
1357.15	.09223037	.9077696	0	0	0
1356.15	.0908597	.9091403	0	0	0
1355.15	.08949719	.9105028	0	0	0
1354.15	.08814279	.9118572	0	0	0
1353.15	.08679644	.9132036	0	0	0
1352.15	.0854581	.9145419	0	0	0
1351.15	.08412771	.9158723	0	0	0
1350.15	.08280522	.9171948	0	0	0
1349.15	.08149058	.9185094	0	0	0
1348.15	.08018375	.9198163	0	0	0
1347.15	.07888466	.9211153	0	0	0
1346.15	.07759327	.9224067	0	0	0
1345.15	.07630954	.9236905	0	0	0
1344.15	.07503341	.9249666	0	0	0
1343.15	.07376483	.9262352	0	0	0
1342.15	.07250377	.9274962	0	0	0
1341.15	.07125017	.9287498	0	0	0
1340.713	.07070525	.9292947	0	0	0
1340.713	.07070525	.9292947	0	0	0
1340.713	.07070525	.9292947	0	0	0
1340.15	.06964767	.9298259	0	5.264769E-04	0
1339.15	.06778165	.9307608	0	.001457589	0
1338.15	.06592942	.931686	0	.002384597	0
1337.15	.06409082	.9326016	0	.003307554	0
1336.15	.06226566	.9335078	0	.00422651	0
1335.15	.06045375	.9344047	0	.005141518	0
1334.15	.05865492	.9352925	0	.006052626	0
1333.15	.05686899	.9361711	0	.006959885	0
1332.15	.05509581	.9370409	0	.007863343	0
1331.15	.0533352	.9379018	0	.008763046	0
1330.15	.05158699	.938754	0	.009659042	0
1329.15	.04985102	.9395976	0	.01055138	0
1328.15	.04812714	.9404328	0	.0114401	0
1327.15	.04641518	.9412596	0	.01232524	0
1326.15	.04471499	.9420781	0	.01320686	0
1325.15	.04302643	.9428886	0	.014085	0
1324.15	.04134933	.943691	0	.01495969	0
1323.15	.03968356	.9444855	0	.01583098	0
1322.15	.03802897	.9452721	0	.01669891	0
1321.15	.0363854	.9460511	0	.01756352	0
1320.15	.03475274	.9468224	0	.01842486	0
1319.15	.03313083	.9475862	0	.01928295	0
1318.15	.03151953	.9483426	0	.02013784	0
1317.15	.02991873	.9490917	0	.02098956	0
1316.15	.02832827	.9498336	0	.02183816	0
1315.15	.02674804	.9505683	0	.02268366	0
1314.15	.0251779	.951296	0	.02352611	0
1313.15	.02361773	.9520167	0	.02436554	0
1312.15	.02206741	.9527306	0	.02520199	0
1311.15	.0205268	.9534377	0	.02603549	0
1310.15	.0189958	.9541381	0	.02686607	0
1309.15	.01747428	.954832	0	.02769377	0
1308.15	.01596212	.9555193	0	.02851861	0
1307.975	.01569804	.9556391	0	.02866289	0
1307.975	.01569804	.9556391	0	.02866289	0
1307.975	.01569804	.9556391	0	.02866289	0
1307.15	.008646317	.9528781	.00849879	.02997677	0
1306.15	1.071268E-04	.9495964	.01874069	.03155574	0
1306.137	0	.9495557	.01886883	.03157547	0
1306.137	0	.9495557	.01886883	.03157547	0
1305.15	0	.9478849	.01995349	.03216162	0
1304.15	0	.9461976	.02104885	.03275359	0
1303.15	0	.944515	.02214111	.03334391	0
1302.15	0	.9428371	.02323028	.03393259	0
1301.15	0	.941164	.02431637	.03451964	0
1300.15	0	.9394956	.02539938	.03510507	0
1299.15	0	.9378318	.02647931	.03568887	0
1298.15	0	.9361728	.02755618	.03627107	0
1297.15	0	.9345183	.02863	.03685165	0
1296.15	0	.9328686	.02970077	.03743064	0
1295.15	0	.9312235	.03076849	.03800803	0
1294.15	0	.929583	.03183318	.03858384	0
1293.15	0	.9279471	.03289484	.03915806	0
1292.15	0	.9263158	.03395348	.03973071	0
1291.15	0	.9246891	.03500911	.04030179	0
1290.15	0	.923067	.03606172	.0408713	0
1289.15	0	.9214494	.03711134	.04143926	0
1288.15	0	.9198364	.03815796	.04200567	0
1287.15	0	.9182279	.03920159	.04257053	0
1286.15	0	.9166239	.04024225	.04313386	0
1285.15	0	.9150244	.04127992	.04369565	0
1284.15	0	.9134294	.04231463	.04425591	0
1283.15	0	.911839	.04334638	.04481466	0
1282.15	0	.9102529	.04437517	.04537188	0
1281.15	0	.9086714	.04540101	.0459276	0
1280.15	0	.9070943	.04642391	.04648182	0
1279.15	0	.9055216	.04744387	.04703453	0
1278.15	0	.9039533	.0484609	.04758576	0
1277.15	0	.9023895	.04947501	.04813549	0
1276.15	0	.9008301	.0504862	.04868375	0
1275.15	0	.899275	.05149447	.04923053	0
1274.15	0	.8977243	.05249984	.04977584	0
1273.15	0	.896178	.05350231	.05031969	0
1272.15	0	.894636	.05450188	.05086208	0
1271.15	0	.8930984	.05549856	.05140302	0
1270.15	0	.8915651	.05649236	.0519425	0
1269.15	0	.8900362	.05748329	.05248055	0
1268.15	0	.8885115	.05847134	.05301716	0
1267.15	0	.8869911	.05945652	.05355234	0
1266.15	0	.8854751	.06043885	.05408609	0
1265.15	0	.8839633	.06141831	.05461842	0
1264.15	0	.8824557	.06239493	.05514934	0
1263.15	0	.8809525	.06336871	.05567884	0
1262.15	0	.8794534	.06433964	.05620695	0
1261.15	0	.8779586	.06530774	.05673365	0
1260.15	0	.876468	.06627302	.05725896	0
1259.15	0	.8749817	.06723547	.05778287	0
1258.15	0	.8734995	.0681951	.05830541	0
1257.15	0	.8720215	.06915192	.05882656	0
1256.15	0	.8705477	.07010593	.05934634	0
1255.15	0	.8690781	.07105714	.05986475	0
1254.15	0	.8676127	.07200555	.0603818	0
1253.15	0	.8661513	.07295117	.06089749	0
1252.15	0	.8646942	.073894	.06141183	0
1251.15	0	.8632411	.07483404	.06192481	0
1250.15	0	.8617922	.07577131	.06243646	0
1249.15	0	.8603474	.07670581	.06294676	0
1248.15	0	.8589067	.07763754	.06345573	0
1247.15	0	.8574701	.0785665	.06396337	0
1246.15	0	.8560376	.0794927	.06446968	0
1245.15	0	.8546092	.08041615	.06497467	0
1244.15	0	.8531848	.08133685	.06547835	0
1243.15	0	.8517645	.08225481	.06598072	0
1242.15	0	.8503482	.08317002	.06648179	0
1241.15	0	.848936	.08408249	.06698155	0
1240.15	0	.8475278	.08499223	.06748001	0
1239.15	0	.8461236	.08589925	.06797719	0
1238.15	0	.8447234	.08680354	.06847307	0
1237.15	0	.8433272	.08770511	.06896768	0
1236.15	0	.841935	.08860397	.069461	0
1235.15	0	.8405468	.08950011	.06995306	0
1234.15	0	.8391626	.09039355	.07044384	0
1233.15	0	.8377824	.09128428	.07093336	0
1232.15	0	.8364061	.09217232	.07142162	0
1231.15	0	.8350337	.09305766	.07190862	0
1230.15	0	.8336653	.09394031	.07239437	0
1229.15	0	.8323009	.09482027	.07287888	0
1228.15	0	.8309403	.09569754	.07336214	0
1227.15	0	.8295837	.09657214	.07384417	0
1226.15	0	.828231	.09744406	.07432495	0
1225.15	0	.8268822	.09831331	.07480452	0
1224.15	0	.8255373	.09917989	.07528285	0
1223.15	0	.8241962	.1000438	.07575997	0
1222.15	0	.8228591	.1009051	.07623586	0
1221.15	0	.8215258	.1017637	.07671055	0
1220.15	0	.8201964	.1026196	.07718402	0
1219.15	0	.8188708	.1034729	.0776563	0
1218.15	0	.8175491	.1043235	.07812737	0
1217.15	0	.8162312	.1051715	.07859724	0
1216.15	0	.8149172	.1060169	.07906593	0
1215.15	0	.813607	.1068596	.07953342	0
1214.15	0	.8123006	.1076997	.07999973	0
1213.15	0	.810998	.1085372	.08046486	0
1212.15	0	.8096992	.109372	.08092882	0
1211.15	0	.8084042	.1102042	.0813916	0
1210.15	0	.807113	.1110338	.08185322	0
1209.15	0	.8058256	.1118607	.08231367	0
1208.15	0	.804542	.1126851	.08277296	0
1207.15	0	.8032621	.1135068	.08323109	0
1206.15	0	.801986	.1143259	.08368807	0
1205.15	0	.8007136	.1151425	.0841439	0
1204.15	0	.799445	.1159564	.08459859	0
1203.15	0	.7981802	.1167677	.08505214	0
1202.15	0	.7969191	.1175764	.08550455	0
1201.15	0	.7956617	.1183825	.08595582	0
1200.15	0	.794408	.119186	.08640597	0
1199.15	0	.7931581	.119987	.08685498	0
1198.15	0	.7919118	.1207853	.08730288	0
1197.15	0	.7906693	.1215811	.08774966	0
1196.15	0	.7894304	.1223743	.08819532	0
1195.15	0	.7881953	.1231648	.08863987	0
1194.15	0	.7869638	.1239529	.08908331	0
1193.15	0	.7857361	.1247383	.08952565	0
1192.15	0	.784512	.1255212	.08996689	0
1191.15	0	.7832915	.1263015	.09040703	0
1190.15	0	.7820747	.1270792	.09084607	0
1189.15	0	.7808616	.1278544	.09128403	0
1188.15	0	.7796522	.1286269	.09172089	0
1187.15	0	.7784464	.129397	.09215668	0
1186.15	0	.7772442	.1301644	.09259138	0
1185.15	0	.7760456	.1309294	.09302501	0
1184.15	0	.7748507	.1316917	.09345756	0
1183.15	0	.7736594	.1324515	.09388905	0
1182.15	0	.7724718	.1332088	.09431946	0
1181.15	0	.7712877	.1339635	.09474882	0
1180.15	0	.7701073	.1347156	.09517711	0
1179.15	0	.7689304	.1354652	.09560435	0
1178.15	0	.7677572	.1362123	.09603054	0
1177.15	0	.7665876	.1369568	.09645567	0
1176.15	0	.7654215	.1376988	.09687976	0
1175.15	0	.764259	.1384382	.0973028	0
1174.15	0	.7631001	.1391751	.0977248	0
1173.15	0	.7619448	.1399094	.09814577	0
1172.15	0	.7607931	.1406413	.0985657	0
1171.15	0	.7596449	.1413705	.0989846	0
1170.15	0	.7585002	.1420973	.09940247	0
1169.15	0	.7573592	.1428215	.09981932	0
1168.15	0	.7562217	.1435432	.1002351	0
1167.15	0	.7550877	.1442624	.10065	0
1166.15	0	.7539573	.144979	.1010637	0
1165.15	0	.7528304	.1456931	.1014765	0
1164.15	0	.751707	.1464047	.1018883	0
1163.15	0	.7505872	.1471138	.102299	0
1162.15	0	.7494709	.1478203	.1027088	0
1161.15	0	.7483581	.1485243	.1031176	0
1160.15	0	.7472489	.1492258	.1035253	0
1159.15	0	.7461431	.1499248	.1039321	0
1158.15	0	.7450409	.1506212	.1043379	0
1157.15	0	.7439422	.1513152	.1047426	0
1156.15	0	.742847	.1520066	.1051464	0
1155.15	0	.7417553	.1526955	.1055492	0
1154.15	0	.740667	.1533819	.1059511	0
1153.15	0	.7395823	.1540658	.1063519	0
1152.15	0	.738501	.1547471	.1067518	0
1151.15	0	.7374233	.155426	.1071507	0
1150.15	0	.736349	.1561023	.1075487	0
1149.15	0	.7352782	.1567762	.1079456	0
1148.15	0	.7342109	.1574475	.1083416	0
1147.15	0	.7331471	.1581163	.1087367	0
1146.15	0	.7320867	.1587826	.1091307	0
1145.15	0	.7310298	.1594464	.1095239	0
1144.15	0	.7299763	.1601077	.109916	0
1143.15	0	.7289263	.1607664	.1103072	0
1142.15	0	.7278798	.1614227	.1106975	0
1141.15	0	.7268367	.1620764	.1110868	0
1140.15	0	.7257971	.1627277	.1114752	0
1139.15	0	.7247609	.1633764	.1118627	0
1138.15	0	.7237282	.1640227	.1122492	0
1137.15	0	.7226989	.1646664	.1126347	0
1136.15	0	.7216731	.1653076	.1130194	0
1135.15	0	.7206506	.1659463	.1134031	0
1134.15	0	.7196317	.1665825	.1137858	0
1133.15	0	.7186161	.1672162	.1141677	0
1132.15	0	.717604	.1678474	.1145486	0
1131.15	0	.7165953	.1684761	.1149286	0
1130.15	0	.7155901	.1691023	.1153077	0
1129.15	0	.7145882	.1697259	.1156858	0
1128.15	0	.7135898	.1703471	.1160631	0
1127.15	0	.7125948	.1709658	.1164394	0
1126.15	0	.7116033	.1715819	.1168148	0
1125.15	0	.7106151	.1721955	.1171893	0
1124.15	0	.7096304	.1728067	.117563	0
1123.15	0	.708649	.1734153	.1179357	0
1122.15	0	.7076711	.1740214	.1183075	0
1121.15	0	.7066966	.174625	.1186784	0
1120.15	0	.7057255	.1752261	.1190484	0
1119.15	0	.7047578	.1758247	.1194175	0
1118.15	0	.7037935	.1764208	.1197857	0
1117.15	0	.7028326	.1770144	.1201531	0
1116.15	0	.7018751	.1776054	.1205195	0
1115.15	0	.700921	.178194	.1208851	0
1114.15	0	.6999703	.17878	.1212497	0
1113.15	0	.699023	.1793635	.1216135	0
1112.15	0	.6980791	.1799445	.1219765	0
1111.15	0	.6971385	.180523	.1223385	0
1110.15	0	.6962014	.181099	.1226996	0
1109.15	0	.6952677	.1816724	.1230599	0
1108.15	0	.6943373	.1822433	.1234193	0
1107.15	0	.6934104	.1828117	.1237779	0
1106.15	0	.6924868	.1833777	.1241355	0
1105.15	0	.6915666	.183941	.1244923	0
1104.15	0	.6906499	.1845019	.1248483	0
1103.15	0	.6897364	.1850602	.1252034	0
1102.15	0	.6888264	.185616	.1255576	0
1101.15	0	.6879198	.1861693	.1259109	0
1100.15	0	.6870165	.1867201	.1262634	0
1099.15	0	.6861167	.1872683	.1266151	0
1098.15	0	.6852202	.187814	.1269658	0
1097.15	0	.6843271	.1883572	.1273158	0
1096.15	0	.6834374	.1888978	.1276649	0
1095.15	0	.682551	.1894359	.1280131	0
1094.15	0	.6816681	.1899715	.1283605	0
1093.15	0	.6807885	.1905045	.128707	0
1092.15	0	.6799123	.191035	.1290527	0
1091.15	0	.6790395	.191563	.1293976	0
1090.15	0	.67817	.1920884	.1297416	0
1089.15	0	.677304	.1926113	.1300847	0
1088.15	0	.6764413	.1931316	.1304271	0
1087.15	0	.675582	.1936494	.1307686	0
1086.15	0	.6747261	.1941647	.1311092	0
1085.15	0	.6738736	.1946774	.131449	0
1084.15	0	.6730244	.1951876	.131788	0
1083.15	0	.6721786	.1956952	.1321262	0
1082.15	0	.6713362	.1962002	.1324635	0
1081.15	0	.6704972	.1967027	.1328	0
1080.15	0	.6696616	.1972027	.1331357	0
1079.15	0	.6688294	.1977001	.1334706	0
1078.15	0	.6680005	.1981949	.1338046	0
1077.15	0	.667175	.1986872	.1341378	0
1076.15	0	.6663529	.1991769	.1344702	0
1075.15	0	.6655342	.199664	.1348018	0
1074.15	0	.6647189	.2001486	.1351325	0
1073.15	0	.6639069	.2006306	.1354624	0
1072.15	0	.6630984	.2011101	.1357915	0
1071.15	0	.6622932	.201587	.1361198	0
1070.15	0	.6614915	.2020612	.1364473	0
1069.15	0	.6606931	.202533	.136774	0
1068.15	0	.6598981	.2030021	.1370998	0
1067.15	0	.6591065	.2034687	.1374248	0
1066.15	0	.6583183	.2039327	.1377491	0
1065.15	0	.6575335	.2043941	.1380725	0
1064.15	0	.656752	.2048529	.1383951	0
1063.15	0	.655974	.2053091	.1387169	0
1062.15	0	.6551994	.2057627	.1390379	0
1061.15	0	.6544281	.2062138	.1393581	0
1060.15	0	.6536603	.2066622	.1396775	0
1059.15	0	.6528959	.2071081	.1399961	0
1058.15	0	.6521348	.2075513	.1403138	0
1057.15	0	.6513772	.207992	.1406308	0
1056.15	0	.650623	.20843	.140947	0
1055.15	0	.6498722	.2088655	.1412624	0
1054.15	0	.6491248	.2092983	.1415769	0
1053.15	0	.6483808	.2097285	.1418907	0
1052.15	0	.6476402	.2101562	.1422037	0
1051.15	0	.646903	.2105812	.1425159	0
1050.15	0	.6461692	.2110036	.1428272	0
1049.15	0	.6454389	.2114233	.1431378	0
1048.15	0	.6447119	.2118405	.1434476	0
1047.15	0	.6439884	.212255	.1437566	0
1046.15	0	.6432683	.2126669	.1440648	0
1045.15	0	.6425517	.2130762	.1443722	0
1044.15	0	.6418384	.2134828	.1446788	0
1043.15	0	.6411286	.2138868	.1449846	0
1042.15	0	.6404222	.2142882	.1452896	0
1041.15	0	.6397192	.2146869	.1455938	0
1040.15	0	.6390197	.2150831	.1458973	0
1039.15	0	.6383236	.2154765	.1461999	0
1038.15	0	.6376309	.2158673	.1465017	0
1037.15	0	.6369417	.2162555	.1468028	0
1036.15	0	.6362559	.216641	.147103	0
1035.15	0	.6355736	.2170239	.1474025	0
1034.15	0	.6348947	.2174042	.1477012	0
1033.15	0	.6342192	.2177817	.1479991	0
1032.15	0	.6335472	.2181566	.1482962	0
1031.15	0	.6328786	.2185289	.1485925	0
1030.15	0	.6322135	.2188985	.148888	0
1029.15	0	.6315519	.2192655	.1491827	0
1028.15	0	.6308937	.2196297	.1494766	0
1027.15	0	.6302389	.2199913	.1497698	0
1026.15	0	.6295876	.2203503	.1500621	0
1025.15	0	.6289398	.2207066	.1503536	0
1024.15	0	.6282954	.2210602	.1506444	0
1023.15	0	.6276546	.2214111	.1509344	0
1022.15	0	.6270171	.2217593	.1512235	0
1021.15	0	.6263832	.2221049	.1515119	0
1020.15	0	.6257527	.2224478	.1517995	0
1019.15	0	.6251257	.222788	.1520863	0
1018.15	0	.6245021	.2231256	.1523723	0
1017.15	0	.6238821	.2234604	.1526575	0
1016.15	0	.6232655	.2237926	.1529419	0
1015.15	0	.6226524	.2241221	.1532255	0
1014.15	0	.6220428	.2244489	.1535083	0
1013.15	0	.6214367	.224773	.1537904	0
1012.15	0	.6208341	.2250944	.1540716	0
1011.15	0	.6202349	.2254131	.154352	0
1010.15	0	.6196393	.2257291	.1546316	0
1009.15	0	.6190471	.2260424	.1549105	0
1008.15	0	.6184584	.2263531	.1551885	0
1007.15	0	.6178733	.226661	.1554657	0
1006.15	0	.6172916	.2269663	.1557421	0
1005.15	0	.6167135	.2272688	.1560177	0
1004.15	0	.6161388	.2275686	.1562926	0
1003.15	0	.6155677	.2278658	.1565666	0
1002.15	0	.615	.2281602	.1568398	0
1001.15	0	.6144359	.228452	.1571122	0
1000.15	0	.6138752	.228741	.1573838	0
999.15	0	.6133181	.2290274	.1576545	0
998.15	0	.6127645	.229311	.1579245	0
997.15	0	.6122144	.2295919	.1581936	0
996.15	0	.6116679	.2298701	.158462	0
995.15	0	.6111248	.2301457	.1587295	0
994.15	0	.6105853	.2304185	.1589962	0
993.15	0	.6100492	.2306886	.1592621	0
992.15	0	.6095167	.2309561	.1595272	0
991.15	0	.6089878	.2312208	.1597915	0
990.15	0	.6084623	.2314828	.1600549	0
989.15	0	.6079404	.2317422	.1603175	0
988.15	0	.6074219	.2319988	.1605793	0
987.15	0	.6069071	.2322527	.1608402	0
986.15	0	.6063957	.232504	.1611003	0
985.15	0	.6058879	.2327525	.1613596	0
984.15	0	.6053835	.2329984	.1616181	0
983.15	0	.6048828	.2332415	.1618757	0
982.15	0	.6043855	.233482	.1621325	0
981.15	0	.6038918	.2337198	.1623884	0
980.15	0	.6034016	.2339549	.1626435	0
979.15	0	.6029149	.2341874	.1628978	0
978.15	0	.6024317	.2344171	.1631512	0
977.15	0	.6019521	.2346442	.1634038	0
976.15	0	.6014759	.2348686	.1636555	0
975.15	0	.6010034	.2350903	.1639063	0
974.15	0	.6005343	.2353094	.1641563	0
973.15	0	.6000687	.2355258	.1644055	0
972.15	0	.5996067	.2357396	.1646537	0
971.15	0	.5991482	.2359507	.1649011	0
970.15	0	.5986932	.2361591	.1651477	0
969.15	0	.5982417	.236365	.1653934	0
968.15	0	.5977937	.2365681	.1656382	0
967.15	0	.5973492	.2367687	.1658821	0
966.15	0	.5969083	.2369666	.1661251	0
965.15	0	.5964708	.2371619	.1663673	0
964.15	0	.5960368	.2373546	.1666086	0
963.15	0	.5956064	.2375447	.1668489	0
962.15	0	.5951794	.2377322	.1670884	0
961.15	0	.5947559	.237917	.167327	0
960.15	0	.5943359	.2380993	.1675647	0
959.15	0	.5939194	.2382791	.1678015	0
958.15	0	.5935064	.2384562	.1680374	0
957.15	0	.5930969	.2386308	.1682724	0
956.15	0	.5926908	.2388028	.1685064	0
955.15	0	.5922881	.2389723	.1687396	0
954.15	0	.591889	.2391393	.1689718	0
953.15	0	.5914932	.2393037	.1692031	0
952.15	0	.591101	.2394656	.1694334	0
951.15	0	.5907121	.239625	.1696628	0
950.15	0	.5903267	.239782	.1698913	0
949.15	0	.5899448	.2399364	.1701188	0
948.15	0	.5895662	.2400884	.1703454	0
947.15	0	.5891911	.2402379	.170571	0
946.15	0	.5888193	.240385	.1707957	0
945.15	0	.588451	.2405297	.1710194	0
944.15	0	.588086	.2406719	.1712421	0
943.15	0	.5877244	.2408117	.1714639	0
942.15	0	.5873662	.2409492	.1716846	0
941.15	0	.5870113	.2410843	.1719044	0
940.15	0	.5866598	.241217	.1721232	0
939.15	0	.5863116	.2413474	.172341	0
938.15	0	.5859667	.2414755	.1725578	0
937.15	0	.5856251	.2416012	.1727736	0
936.15	0	.5852869	.2417248	.1729884	0
935.15	0	.5849519	.241846	.1732022	0
934.15	0	.5846202	.241965	.1734149	0
933.15	0	.5842917	.2420817	.1736266	0
932.15	0	.5839665	.2421963	.1738372	0
931.15	0	.5836445	.2423087	.1740468	0
930.15	0	.5833257	.2424189	.1742554	0
929.15	0	.5830101	.242527	.1744629	0
928.15	0	.5826977	.2426329	.1746693	0
927.15	0	.5823885	.2427368	.1748747	0
926.15	0	.5820824	.2428387	.175079	0
925.15	0	.5817794	.2429384	.1752822	0
924.15	0	.5814795	.2430362	.1754843	0
923.15	0	.5811827	.243132	.1756853	0
922.15	0	.580889	.2432259	.1758851	0
921.15	0	.5805983	.2433178	.1760839	0
920.15	0	.5803107	.2434078	.1762815	0
919.15	0	.580026	.243496	.176478	0
918.15	0	.5797443	.2435823	.1766734	0
917.15	0	.5794656	.2436669	.1768676	0
916.15	0	.5791898	.2437496	.1770606	0
915.15	0	.5789169	.2438307	.1772525	0
914.15	0	.5786468	.24391	.1774432	0
913.15	0	.5783796	.2439877	.1776327	0
912.15	0	.5781152	.2440638	.177821	0
911.15	0	.5778536	.2441383	.1780081	0
910.15	0	.5775948	.2442113	.1781939	0
909.15	0	.5773387	.2442827	.1783786	0
908.15	0	.5770853	.2443528	.178562	0
907.15	0	.5768345	.2444214	.1787441	0
906.15	0	.5765864	.2444886	.178925	0
905.15	0	.5763409	.2445545	.1791046	0
904.15	0	.5760979	.2446192	.1792829	0
903.15	0	.5758574	.2446826	.17946	0
902.15	0	.5756195	.2447448	.1796357	0
901.15	0	.5753839	.244806	.1798101	0
900.15	0	.5751508	.244866	.1799832	0
899.15	0	.57492	.2449251	.1801549	0
898.15	0	.5746915	.2449832	.1803253	0
897.15	0	.5744653	.2450404	.1804943	0
896.15	0	.5742414	.2450967	.1806619	0
895.15	0	.5740196	.2451523	.1808281	0
894.15	0	.5737999	.2452071	.180993	0
893.15	0	.5735823	.2452614	.1811563	0
892.15	0	.5733668	.245315	.1813183	0
891.15	0	.5731532	.2453681	.1814788	0
890.15	0	.5729415	.2454207	.1816378	0
889.15	0	.5727317	.245473	.1817953	0
888.15	0	.5725238	.2455249	.1819513	0
887.15	0	.5723175	.2455767	.1821058	0
886.15	0	.572113	.2456283	.1822588	0
885.15	0	.5719101	.2456798	.1824102	0
884.15	0	.5717087	.2457313	.18256	0
883.15	0	.5715089	.245783	.1827082	0
882.15	0	.5713104	.2458348	.1828548	0
881.15	0	.5711133	.2458868	.1829998	0
880.15	0	.5709176	.2459393	.1831431	0
879.15	0	.570723	.2459922	.1832848	0
878.15	0	.5705296	.2460457	.1834248	0
877.15	0	.5703372	.2460998	.183563	0
876.15	0	.5701458	.2461547	.1836995	0
875.15	0	.5699553	.2462105	.1838343	0
874.15	0	.5697656	.2462672	.1839672	0
873.15	0	.5695766	.2463251	.1840984	0
872.15	0	.5693882	.2463841	.1842277	0
871.15	0	.5692004	.2464445	.1843551	0
870.15	0	.569013	.2465063	.1844807	0
869.15	0	.568826	.2465697	.1846043	0
868.15	0	.5686391	.2466349	.184726	0
867.15	0	.5684524	.2467019	.1848457	0
866.15	0	.5682657	.2467709	.1849634	0
865.15	0	.5680789	.246842	.1850791	0
864.15	0	.5678919	.2469154	.1851927	0
863.15	0	.5677046	.2469913	.1853042	0
862.15	0	.5675167	.2470698	.1854135	0
861.15	0	.5673283	.247151	.1855207	0
860.15	0	.5671391	.2472353	.1856256	0
859.15	0	.5669491	.2473226	.1857283	0
858.15	0	.566758	.2474133	.1858286	0
857.15	0	.5665658	.2475076	.1859267	0
856.15	0	.5663722	.2476055	.1860223	0
855.15	0	.5661771	.2477074	.1861155	0
854.15	0	.5659804	.2478134	.1862062	0
853.15	0	.5657818	.2479239	.1862944	0
852.15	0	.5655811	.248039	.1863799	0
851.15	0	.5653782	.2481589	.1864629	0
850.15	0	.5651729	.248284	.1865431	0
849.15	0	.564965	.2484146	.1866205	0
848.15	0	.5647541	.2485508	.1866951	0
847.15	0	.5645402	.2486931	.1867667	0
846.15	0	.5643229	.2488417	.1868354	0
845.15	0	.564102	.248997	.186901	0
844.15	0	.5638772	.2491593	.1869635	0
843.15	0	.5636482	.249329	.1870227	0
842.15	0	.5634148	.2495066	.1870786	0
841.15	0	.5631766	.2496923	.1871311	0
840.15	0	.5629332	.2498867	.1871801	0
839.15	0	.5626844	.2500903	.1872254	0
838.15	0	.5624296	.2503034	.187267	0
837.15	0	.5621686	.2505268	.1873046	0
836.15	0	.5619008	.2507609	.1873383	0
835.15	0	.5616258	.2510064	.1873678	0
834.15	0	.5613431	.2512639	.1873929	0
833.15	0	.5610522	.2515342	.1874136	0
832.15	0	.5607524	.251818	.1874296	0
831.15	0	.5604432	.2521161	.1874407	0
830.15	0	.5601238	.2524295	.1874467	0
829.15	0	.5597935	.2527592	.1874474	0
828.15	0	.5594514	.2531061	.1874425	0
827.15	0	.5590968	.2534716	.1874317	0
826.15	0	.5587285	.2538568	.1874147	0
825.15	0	.5583455	.2542633	.1873912	0
824.15	0	.5576539	.2550582	.187288	0
823.15	0	.5567555	.2561166	.1871279	0
822.15	0	.5559256	.257095	.1869794	0
821.15	0	.5551571	.258002	.1868409	0
820.15	0	.554444	.2588446	.1867115	0
819.15	0	.553781	.259629	.18659	0
818.15	0	.5531637	.2603606	.1864756	0
817.15	0	.5525882	.261044	.1863678	0
816.15	0	.552051	.2616833	.1862658	0
815.15	0	.5515489	.262282	.186169	0
814.15	0	.5510794	.2628435	.1860772	0
813.15	0	.5506398	.2633705	.1859897	0
812.15	0	.5502281	.2638656	.1859063	0
811.15	0	.5498423	.2643312	.1858266	0
810.15	0	.5494805	.2647693	.1857503	0
809.15	0	.5491411	.2651818	.1856772	0
808.15	0	.5488226	.2655705	.185607	0
807.15	0	.5485236	.265937	.1855395	0
806.15	0	.5482429	.2662826	.1854745	0
805.15	0	.5479793	.2666089	.1854118	0
804.15	0	.5477318	.2669169	.1853514	0
803.15	0	.5474993	.2672078	.1852929	0
802.15	0	.547281	.2674826	.1852363	0
801.15	0	.547076	.2677425	.1851815	0
800.15	0	.5468836	.2679881	.1851284	0
799.15	0	.5467029	.2682203	.1850767	0
798.15	0	.5465334	.2684401	.1850266	0
797.15	0	.5463743	.268648	.1849777	0
796.15	0	.5462251	.2688447	.1849302	0
795.15	0	.5460852	.269031	.1848839	0
794.15	0	.5459541	.2692073	.1848386	0
793.15	0	.5458314	.2693742	.1847945	0
792.15	0	.5457165	.2695323	.1847513	0
791.15	0	.545609	.269682	.184709	0
790.15	0	.5455085	.2698238	.1846677	0
789.15	0	.5454147	.2699582	.1846271	0
788.15	0	.5453272	.2700854	.1845874	0
787.15	0	.5452456	.2702061	.1845484	0
786.15	0	.5451696	.2703203	.1845101	0
785.15	0	.5450989	.2704287	.1844724	0
784.15	0	.5450333	.2705313	.1844354	0
783.15	0	.5449724	.2706286	.184399	0
782.15	0	.5449161	.2707209	.1843631	0
781.15	0	.544864	.2708083	.1843277	0
780.15	0	.544816	.2708912	.1842929	0
779.15	0	.5447717	.2709698	.1842585	0
778.15	0	.5447311	.2710444	.1842245	0
777.15	0	.544694	.2711151	.1841909	0
776.15	0	.5446601	.2711821	.1841578	0
775.15	0	.5446292	.2712457	.184125	0
774.15	0	.5446013	.2713061	.1840926	0
773.15	0	.5445761	.2713634	.1840605	0
772.15	0	.5445535	.2714177	.1840288	0
771.15	0	.5445334	.2714693	.1839973	0
770.15	0	.5445156	.2715184	.1839661	0
769.15	0	.5444999	.2715649	.1839352	0
768.15	0	.5444864	.2716091	.1839045	0
767.15	0	.5444748	.2716511	.183874	0
766.15	0	.5444651	.2716911	.1838438	0
765.15	0	.5444571	.2717291	.1838138	0
764.15	0	.5444508	.2717652	.183784	0
763.15	0	.544446	.2717997	.1837544	0
762.15	0	.5444454	.2718303	.1837243	0
761.15	0	.5444433	.2718617	.183695	0
760.15	0	.5444424	.2718917	.1836659	0
759.15	0	.5444428	.2719202	.183637	0
758.15	0	.5444443	.2719475	.1836082	0
757.15	0	.5444469	.2719736	.1835795	0
756.15	0	.5444505	.2719986	.1835509	0
755.15	0	.544455	.2720225	.1835225	0
754.15	0	.5444605	.2720454	.1834941	0
753.15	0	.5444667	.2720674	.1834659	0
752.15	0	.5444738	.2720885	.1834377	0
751.15	0	.5444816	.2721088	.1834096	0
750.15	0	.54449	.2721284	.1833816	0
749.15	0	.5444991	.2721473	.1833536	0
748.15	0	.5445087	.2721656	.1833257	0
747.15	0	.5445189	.2721832	.1832979	0
746.15	0	.5445295	.2722003	.1832702	0
745.15	0	.5445406	.272217	.1832424	0
744.15	0	.5445521	.2722331	.1832148	0
743.15	0	.544564	.2722489	.1831871	0
742.15	0	.5445762	.2722643	.1831595	0
741.15	0	.5445888	.2722793	.183132	0
740.15	0	.5446016	.272294	.1831044	0
739.15	0	.5446146	.2723085	.1830769	0
738.15	0	.5446279	.2723227	.1830494	0
737.15	0	.5446413	.2723367	.1830219	0
736.15	0	.5446549	.2723506	.1829945	0
735.15	0	.5446687	.2723643	.182967	0
734.15	0	.5446826	.2723779	.1829396	0
733.15	0	.5446965	.2723913	.1829121	0
732.15	0	.5447106	.2724047	.1828847	0
731.15	0	.5447247	.2724181	.1828573	0
730.15	0	.5447388	.2724314	.1828298	0
729.15	0	.5447529	.2724447	.1828024	0
728.15	0	.544767	.2724581	.1827749	0
727.15	0	.5447811	.2724714	.1827475	0
726.15	0	.5447952	.2724848	.18272	0
725.15	0	.5448092	.2724983	.1826925	0
724.15	0	.5448231	.2725118	.182665	0
723.15	0	.544837	.2725255	.1826375	0
722.15	0	.5448508	.2725392	.18261	0
721.15	0	.5448645	.2725531	.1825825	0
720.15	0	.544878	.2725671	.1825549	0
719.15	0	.5448914	.2725813	.1825273	0
718.15	0	.5449047	.2725956	.1824997	0
717.15	0	.5449179	.2726101	.182472	0
716.15	0	.5449308	.2726248	.1824444	0
715.15	0	.5449436	.2726397	.1824167	0
714.15	0	.5449563	.2726547	.182389	0
713.15	0	.5449687	.27267	.1823612	0
712.15	0	.544981	.2726855	.1823335	0
711.15	0	.5449931	.2727013	.1823056	0
710.15	0	.545005	.2727172	.1822778	0
709.15	0	.5450166	.2727335	.1822499	0
708.15	0	.545028	.2727499	.182222	0
707.15	0	.5450393	.2727666	.1821941	0
706.15	0	.5450503	.2727836	.1821661	0
705.15	0	.545061	.2728009	.1821381	0
704.15	0	.5450716	.2728184	.1821101	0
703.15	0	.5450819	.2728362	.182082	0
702.15	0	.5450919	.2728542	.1820539	0
701.15	0	.5451017	.2728726	.1820257	0
700.15	0	.5451113	.2728912	.1819975	0
699.15	0	.5451206	.2729102	.1819693	0
698.15	0	.5451296	.2729294	.181941	0
697.15	0	.5451384	.2729489	.1819127	0
696.15	0	.5451469	.2729688	.1818844	0
695.15	0	.5451551	.2729889	.181856	0
694.15	0	.5451631	.2730093	.1818275	0
693.15	0	.5451708	.2730301	.1817991	0
692.15	0	.5451783	.2730512	.1817706	0
691.15	0	.5451855	.2730725	.181742	0
690.15	0	.5451924	.2730942	.1817134	0
689.15	0	.545199	.2731162	.1816848	0
688.15	0	.5452054	.2731385	.1816561	0
687.15	0	.5452115	.2731611	.1816274	0
686.15	0	.5452173	.2731841	.1815987	0
685.15	0	.5452228	.2732073	.1815699	0
684.15	0	.545228	.2732309	.181541	0
683.15	0	.545233	.2732548	.1815122	0
682.15	0	.5452377	.273279	.1814832	0
681.15	0	.5452421	.2733036	.1814543	0
680.15	0	.5452463	.2733284	.1814253	0
679.15	0	.5452502	.2733536	.1813963	0
678.15	0	.5452537	.2733791	.1813672	0
677.15	0	.5452571	.2734049	.1813381	0
676.15	0	.5452601	.273431	.1813089	0
675.15	0	.5452629	.2734574	.1812797	0
674.15	0	.5452654	.2734842	.1812505	0
673.15	0	.5452676	.2735112	.1812212	0
672.15	0	.5452695	.2735386	.1811919	0
671.15	0	.5452712	.2735663	.1811626	0
670.15	0	.5452725	.2735943	.1811332	0
669.15	0	.5452737	.2736226	.1811037	0
668.15	0	.5452745	.2736512	.1810743	0
667.15	0	.5452751	.2736801	.1810448	0
666.15	0	.5452754	.2737094	.1810152	0
665.15	0	.5452754	.2737389	.1809856	0
664.15	0	.5452752	.2737688	.180956	0
663.15	0	.5452747	.2737989	.1809264	0
662.15	0	.545274	.2738293	.1808967	0
661.15	0	.545273	.2738601	.180867	0
660.15	0	.5452717	.2738911	.1808372	0
659.15	0	.5452702	.2739224	.1808074	0
658.15	0	.5452684	.2739541	.1807776	0
657.15	0	.5452663	.273986	.1807477	0
656.15	0	.545264	.2740182	.1807178	0
655.15	0	.5452614	.2740507	.1806879	0
654.15	0	.5452586	.2740834	.180658	0
653.15	0	.5452556	.2741165	.180628	0
652.15	0	.5452523	.2741498	.1805979	0
651.15	0	.5452487	.2741834	.1805679	0
650.15	0	.5452449	.2742173	.1805378	0
649.15	0	.5452409	.2742515	.1805077	0
648.15	0	.5452366	.2742859	.1804775	0
647.15	0	.545232	.2743206	.1804473	0
646.15	0	.5452273	.2743556	.1804171	0
645.15	0	.5452223	.2743909	.1803869	0
644.15	0	.545217	.2744264	.1803566	0
643.15	0	.5452116	.2744621	.1803263	0
642.15	0	.5452059	.2744981	.180296	0
641.15	0	.5451999	.2745344	.1802656	0
640.15	0	.5451938	.274571	.1802353	0
639.15	0	.5451874	.2746078	.1802048	0
638.15	0	.5451808	.2746448	.1801744	0
637.15	0	.545174	.2746821	.180144	0
636.15	0	.5451669	.2747196	.1801135	0
635.15	0	.5451596	.2747574	.180083	0
634.15	0	.5451522	.2747954	.1800525	0
633.15	0	.5451445	.2748336	.1800219	0
632.15	0	.5451365	.2748721	.1799913	0
631.15	0	.5451284	.2749108	.1799607	0
630.15	0	.5451201	.2749498	.1799301	0
629.15	0	.5451116	.274989	.1798995	0
628.15	0	.5451028	.2750284	.1798688	0
627.15	0	.5450939	.275068	.1798382	0
626.15	0	.5450847	.2751078	.1798075	0
625.15	0	.5450754	.2751479	.1797768	0
624.15	0	.5450658	.2751882	.179746	0
623.15	0	.5450561	.2752287	.1797153	0
622.15	0	.5450461	.2752693	.1796845	0
621.15	0	.545036	.2753102	.1796537	0
620.15	0	.5450257	.2753514	.179623	0
619.15	0	.5450152	.2753927	.1795921	0
618.15	0	.5450045	.2754342	.1795613	0
617.15	0	.5449936	.2754759	.1795305	0
616.15	0	.5449826	.2755178	.1794996	0
615.15	0	.5449713	.2755599	.1794688	0
614.15	0	.5449599	.2756022	.1794379	0
613.15	0	.5449483	.2756447	.179407	0
612.15	0	.5449366	.2756873	.1793761	0
611.15	0	.5449246	.2757302	.1793452	0
610.15	0	.5449125	.2757732	.1793143	0
609.15	0	.5449002	.2758164	.1792834	0
608.15	0	.5448878	.2758598	.1792524	0
607.15	0	.5448752	.2759033	.1792215	0
606.15	0	.5448624	.2759471	.1791905	0
605.15	0	.5448494	.275991	.1791596	0
604.15	0	.5448364	.276035	.1791286	0
603.15	0	.5448231	.2760792	.1790977	0
602.15	0	.5448097	.2761236	.1790667	0
601.15	0	.5447961	.2761682	.1790357	0
600.15	0	.5447824	.2762129	.1790048	0
599.15	0	.5447685	.2762577	.1789738	0
598.15	0	.5447545	.2763027	.1789428	0
597.15	0	.5447403	.2763478	.1789118	0
596.15	0	.544726	.2763931	.1788808	0
595.15	0	.5447116	.2764386	.1788499	0
594.15	0	.544697	.2764842	.1788189	0
593.15	0	.5446823	.2765299	.1787879	0
592.15	0	.5446674	.2765757	.1787569	0
591.15	0	.5446524	.2766217	.1787259	0
590.15	0	.5446372	.2766678	.178695	0
589.15	0	.5446219	.2767141	.178664	0
588.15	0	.5446065	.2767604	.178633	0
587.15	0	.544591	.2768069	.1786021	0
586.15	0	.5445753	.2768536	.1785711	0
585.15	0	.5445595	.2769003	.1785402	0
584.15	0	.5445436	.2769472	.1785093	0
583.15	0	.5445275	.2769941	.1784783	0
582.15	0	.5445114	.2770412	.1784474	0
581.15	0	.5444951	.2770884	.1784165	0
580.15	0	.5444787	.2771357	.1783856	0
579.15	0	.5444622	.2771831	.1783547	0
578.15	0	.5444455	.2772307	.1783238	0
577.15	0	.5444288	.2772783	.178293	0
576.15	0	.5444119	.277326	.1782621	0
575.15	0	.544395	.2773738	.1782313	0
574.15	0	.5443779	.2774217	.1782004	0
573.15	0	.5443607	.2774697	.1781696	0
572.15	0	.5443434	.2775178	.1781388	0
571.15	0	.544326	.277566	.178108	0
570.15	0	.5443085	.2776142	.1780772	0
569.15	0	.5442909	.2776626	.1780465	0
568.15	0	.5442732	.277711	.1780158	0
567.15	0	.5442554	.2777595	.1779851	0
566.15	0	.5442375	.2778081	.1779544	0
565.15	0	.5442196	.2778568	.1779237	0
564.15	0	.5442015	.2779055	.177893	0
563.15	0	.5441833	.2779543	.1778624	0
562.15	0	.5441651	.2780032	.1778318	0
561.15	0	.5441467	.2780521	.1778012	0
560.15	0	.5441283	.2781011	.1777706	0
559.15	0	.5441097	.2781502	.1777401	0
558.15	0	.5440912	.2781993	.1777096	0
557.15	0	.5440725	.2782485	.1776791	0
556.15	0	.5440537	.2782977	.1776486	0
555.15	0	.5440348	.278347	.1776182	0
554.15	0	.5440159	.2783963	.1775878	0
553.15	0	.5439969	.2784457	.1775574	0
552.15	0	.5439778	.2784951	.177527	0
551.15	0	.5439587	.2785446	.1774967	0
550.15	0	.5439395	.2785941	.1774664	0
549.15	0	.5439202	.2786437	.1774361	0
548.15	0	.5439008	.2786933	.1774059	0
547.15	0	.5438814	.2787429	.1773757	0
546.15	0	.5438619	.2787926	.1773455	0
545.15	0	.5438423	.2788423	.1773153	0
544.15	0	.5438227	.2788921	.1772852	0
543.15	0	.543803	.2789418	.1772552	0
542.15	0	.5437833	.2789916	.1772251	0
541.15	0	.5437634	.2790414	.1771951	0
540.15	0	.5437436	.2790913	.1771651	0
539.15	0	.5437236	.2791411	.1771352	0
538.15	0	.5437036	.279191	.1771053	0
537.15	0	.5436836	.2792409	.1770755	0
536.15	0	.5436635	.2792908	.1770457	0
535.15	0	.5436434	.2793408	.1770159	0
534.15	0	.5436232	.2793907	.1769862	0
533.15	0	.5436029	.2794407	.1769565	0
532.15	0	.5435826	.2794906	.1769268	0
531.15	0	.5435623	.2795406	.1768972	0
530.15	0	.5435419	.2795905	.1768676	0
529.15	0	.5435214	.2796405	.1768381	0
528.15	0	.5435009	.2796905	.1768086	0
527.15	0	.5434804	.2797404	.1767792	0
526.15	0	.5434598	.2797904	.1767498	0
525.15	0	.5434392	.2798403	.1767204	0
524.15	0	.5434186	.2798903	.1766911	0
523.15	0	.5433979	.2799402	.1766619	0
522.15	0	.5433772	.2799901	.1766327	0
521.15	0	.5433564	.2800401	.1766035	0
520.15	0	.5433356	.28009	.1765744	0
519.15	0	.5433148	.2801398	.1765454	0
518.15	0	.5432939	.2801897	.1765163	0
517.15	0	.5432731	.2802396	.1764874	0
516.15	0	.5432521	.2802894	.1764585	0
515.15	0	.5432312	.2803392	.1764296	0
514.15	0	.5432102	.280389	.1764008	0
513.15	0	.5431892	.2804387	.1763721	0
512.15	0	.5431682	.2804884	.1763434	0
511.15	0	.5431471	.2805381	.1763148	0
510.15	0	.543126	.2805878	.1762862	0
509.15	0	.5431049	.2806374	.1762577	0
508.15	0	.5430838	.280687	.1762292	0
507.15	0	.5430628	.2807365	.1762006	0
506.15	0	.5430417	.280786	.1761723	0
505.15	0	.5430205	.2808355	.176144	0
504.15	0	.5429993	.2808849	.1761158	0
503.15	0	.5429781	.2809343	.1760876	0
502.15	0	.5429569	.2809837	.1760595	0
501.15	0	.5429356	.281033	.1760314	0
500.15	0	.5429144	.2810822	.1760034	0
499.15	0	.5428931	.2811314	.1759755	0
498.15	0	.5428718	.2811806	.1759476	0
497.15	0	.5428506	.2812296	.1759198	0
496.15	0	.5428293	.2812787	.175892	0
495.15	0	.542808	.2813277	.1758644	0
494.15	0	.5427867	.2813766	.1758367	0
493.15	0	.5427653	.2814255	.1758092	0
492.15	0	.542744	.2814743	.1757817	0
491.15	0	.5427227	.281523	.1757543	0
490.15	0	.5427014	.2815717	.175727	0
489.15	0	.54268	.2816203	.1756997	0
488.15	0	.5426587	.2816688	.1756725	0
487.15	0	.5426374	.2817173	.1756453	0
486.15	0	.542616	.2817657	.1756183	0
485.15	0	.5425947	.2818141	.1755913	0
484.15	0	.5425733	.2818623	.1755643	0
483.15	0	.542552	.2819105	.1755375	0
482.15	0	.5425307	.2819586	.1755107	0
481.15	0	.5425094	.2820066	.175484	0
480.15	0	.5424881	.2820546	.1754573	0
479.15	0	.5424668	.2821025	.1754308	0
478.15	0	.5424455	.2821503	.1754043	0
477.15	0	.5424242	.282198	.1753779	0
476.15	0	.5424029	.2822456	.1753515	0
475.15	0	.5423816	.2822931	.1753253	0
474.15	0	.5423604	.2823406	.1752991	0
473.15	0	.5423391	.2823879	.175273	0
472.15	0	.5423178	.2824352	.1752469	0
471.15	0	.5422966	.2824824	.175221	0
470.15	0	.5422754	.2825295	.1751951	0
469.15	0	.5422542	.2825765	.1751693	0
468.15	0	.542233	.2826234	.1751436	0
467.15	0	.5422119	.2826702	.175118	0
466.15	0	.5421907	.2827169	.1750924	0
465.15	0	.5421696	.2827635	.1750669	0
464.15	0	.5421485	.28281	.1750415	0
463.15	0	.5421274	.2828564	.1750162	0
462.15	0	.5421063	.2829027	.174991	0
461.15	0	.5420852	.2829489	.1749659	0
460.15	0	.5420642	.282995	.1749408	0
459.15	0	.5420432	.283041	.1749158	0
458.15	0	.5420222	.2830868	.1748909	0
457.15	0	.5420013	.2831326	.1748661	0
456.15	0	.5419803	.2831783	.1748414	0
455.15	0	.5419594	.2832238	.1748168	0
454.15	0	.5419385	.2832692	.1747923	0
453.15	0	.5419177	.2833145	.1747678	0
452.15	0	.5418968	.2833597	.1747435	0
451.15	0	.541876	.2834048	.1747192	0
450.15	0	.5418552	.2834498	.174695	0
449.15	0	.5418345	.2834946	.1746709	0
448.15	0	.5418138	.2835393	.1746469	0
447.15	0	.5417932	.2835838	.174623	0
446.15	0	.5417726	.2836282	.1745992	0
445.15	0	.541752	.2836725	.1745755	0
444.15	0	.5417315	.2837166	.1745519	0
443.15	0	.541711	.2837606	.1745284	0
442.15	0	.5416906	.2838044	.174505	0
441.15	0	.5416703	.283848	.1744817	0
440.15	0	.54165	.2838915	.1744585	0
439.15	0	.5416297	.2839349	.1744354	0
438.15	0	.5416096	.283978	.1744124	0
437.15	0	.5415895	.284021	.1743896	0
436.15	0	.5415694	.2840638	.1743668	0
435.15	0	.5415495	.2841064	.1743441	0
434.15	0	.5415296	.2841488	.1743216	0
433.15	0	.5415098	.2841911	.1742992	0
432.15	0	.54149	.2842331	.1742769	0
431.15	0	.5414703	.284275	.1742547	0
430.15	0	.5414508	.2843166	.1742326	0
429.15	0	.5414313	.2843581	.1742106	0
428.15	0	.5414119	.2843993	.1741888	0
427.15	0	.5413925	.2844404	.1741671	0
426.15	0	.5413733	.2844812	.1741455	0
425.15	0	.5413541	.2845219	.174124	0
424.15	0	.5413351	.2845623	.1741026	0
423.15	0	.5413161	.2846025	.1740814	0
422.15	0	.5412972	.2846425	.1740603	0
421.15	0	.5412784	.2846823	.1740393	0
420.15	0	.5412597	.2847218	.1740184	0
419.15	0	.5412411	.2847612	.1739977	0
