T	 BPW(LIQUID)	BPW(BCC_A2)	BPW(FCC_A1)	BPW(LAVES_PHASE_C14)	BPW(NI3TI)
1473.15	.1659401	.8340599	0	0	0
1472.15	.1637745	.8362255	0	0	0
1471.15	.1616219	.8383781	0	0	0
1470.15	.1594821	.8405179	0	0	0
1469.15	.1573551	.8426449	0	0	0
1468.15	.1552408	.8447592	0	0	0
1467.15	.153139	.846861	0	0	0
1466.15	.1510496	.8489504	0	0	0
1465.15	.1489725	.8510275	0	0	0
1464.15	.1469076	.8530924	0	0	0
1463.15	.1448549	.8551451	0	0	0
1462.15	.1428141	.8571859	0	0	0
1461.15	.1407852	.8592148	0	0	0
1460.15	.138768	.861232	0	0	0
1459.15	.1367626	.8632374	0	0	0
1458.15	.1347687	.8652313	0	0	0
1457.15	.1327862	.8672138	0	0	0
1456.15	.1308152	.8691848	0	0	0
1455.15	.1288554	.8711446	0	0	0
1454.15	.1269068	.8730932	0	0	0
1453.15	.1249693	.8750307	0	0	0
1452.15	.1230428	.8769572	0	0	0
1451.15	.1211272	.8788728	0	0	0
1450.15	.1192223	.8807777	0	0	0
1449.15	.1173282	.8826718	0	0	0
1448.15	.1154447	.8845553	0	0	0
1447.15	.1135717	.8864283	0	0	0
1446.15	.1117092	.8882908	0	0	0
1445.15	.1098571	.8901429	0	0	0
1444.15	.1080152	.8919848	0	0	0
1443.15	.1061835	.8938165	0	0	0
1442.15	.1043619	.8956381	0	0	0
1441.15	.1025503	.8974497	0	0	0
1440.15	.1007486	.8992514	0	0	0
1439.15	.09895687	.9010431	0	0	0
1438.15	.09717487	.9028251	0	0	0
1437.15	.09540257	.9045974	0	0	0
1436.15	.0936399	.9063601	0	0	0
1435.15	.09188676	.9081132	0	0	0
1434.15	.09014311	.9098569	0	0	0
1433.15	.08840884	.9115912	0	0	0
1432.15	.0866839	.9133161	0	0	0
1431.15	.0849682	.9150318	0	0	0
1430.15	.08326168	.9167383	0	0	0
1429.15	.08156426	.9184357	0	0	0
1428.15	.07987587	.9201241	0	0	0
1427.15	.07819645	.9218035	0	0	0
1426.15	.07652591	.9234741	0	0	0
1425.15	.07486421	.9251358	0	0	0
1424.15	.07321126	.9267887	0	0	0
1423.15	.071567	.928433	0	0	0
1422.15	.06993137	.9300686	0	0	0
1421.15	.06830429	.9316957	0	0	0
1420.15	.06668571	.9333143	0	0	0
1419.15	.06507556	.9349244	0	0	0
1418.15	.06347378	.9365262	0	0	0
1417.15	.0618803	.9381197	0	0	0
1416.15	.06029507	.9397049	0	0	0
1415.15	.05871802	.941282	0	0	0
1414.15	.05714909	.9428509	0	0	0
1413.15	.05558822	.9444118	0	0	0
1412.15	.05403536	.9459646	0	0	0
1411.15	.05249045	.9475096	0	0	0
1410.15	.05095342	.9490466	0	0	0
1409.15	.04942423	.9505758	0	0	0
1408.15	.04790281	.9520972	0	0	0
1407.15	.04638911	.9536109	0	0	0
1406.15	.04488307	.9551169	0	0	0
1405.15	.04338465	.9566154	0	0	0
1404.15	.04189378	.9581062	0	0	0
1403.15	.04041042	.9595896	0	0	0
1402.15	.03893451	.9610655	0	0	0
1401.15	.03746599	.962534	0	0	0
1400.15	.03600482	.9639952	0	0	0
1399.15	.03455095	.9654491	0	0	0
1398.15	.03310433	.9668957	0	0	0
1397.15	.0316649	.9683351	0	0	0
1396.15	.03023262	.9697674	0	0	0
1395.15	.02880744	.9711926	0	0	0
1394.15	.02738931	.9726107	0	0	0
1393.15	.02597819	.9740218	0	0	0
1392.15	.02457402	.975426	0	0	0
1391.15	.02317676	.9768232	0	0	0
1390.15	.02178637	.9782136	0	0	0
1389.15	.02040279	.9795972	0	0	0
1388.15	.01902598	.980974	0	0	0
1387.15	.01765591	.9823441	0	0	0
1386.15	.01629252	.9837075	0	0	0
1385.15	.01493577	.9850642	0	0	0
1384.15	.01358563	.9864144	0	0	0
1383.15	.01224203	.987758	0	0	0
1382.15	.01090495	.9890951	0	0	0
1381.15	.009574347	.9904257	0	0	0
1380.15	.008250172	.9917498	0	0	0
1379.15	.006932387	.9930676	0	0	0
1378.15	.005620953	.9943791	0	0	0
1377.15	.004315829	.9956842	0	0	0
1376.15	.003016975	.996983	0	0	0
1375.15	.001724354	.9982757	0	0	0
1374.15	4.379265E-04	.9995621	0	0	0
1373.808	0	1	0	0	0
1373.808	0	1	0	0	0
1373.15	0	1	0	0	0
1372.15	0	1	0	0	0
1371.15	0	1	0	0	0
1370.15	0	1	0	0	0
1369.15	0	1	0	0	0
1368.15	0	1	0	0	0
1367.15	0	1	0	0	0
1366.984	0	1	0	0	0
1366.984	0	1	0	0	0
1366.984	0	1	0	0	0
1366.15	0	.9988624	.001137602	0	0
1365.15	0	.9974998	.00250022	0	0
1364.15	0	.9961392	.003860757	0	0
1363.15	0	.9947808	.005219212	0	0
1362.15	0	.9934244	.006575588	0	0
1361.15	0	.9920701	.007929884	0	0
1360.15	0	.9907179	.009282101	0	0
1359.15	0	.9893678	.01063224	0	0
1358.15	0	.9880197	.0119803	0	0
1357.15	0	.9866737	.01332628	0	0
1356.15	0	.9853298	.01467019	0	0
1355.15	0	.983988	.01601201	0	0
1354.15	0	.9826482	.01735176	0	0
1353.15	0	.9813106	.01868944	0	0
1352.15	0	.979975	.02002504	0	0
1351.15	0	.9786414	.02135856	0	0
1350.15	0	.97731	.02269001	0	0
1349.15	0	.9759806	.02401938	0	0
1348.15	0	.9746533	.02534668	0	0
1347.15	0	.9733281	.02667191	0	0
1346.15	0	.9720049	.02799506	0	0
1345.15	0	.9706839	.02931613	0	0
1344.15	0	.9693649	.03063514	0	0
1343.15	0	.9680479	.03195207	0	0
1342.15	0	.9667331	.03326692	0	0
1341.15	0	.9654203	.0345797	0	0
1340.15	0	.9641096	.03589041	0	0
1339.15	0	.9628009	.03719905	0	0
1338.15	0	.9614944	.03850561	0	0
1337.15	0	.9601899	.0398101	0	0
1336.15	0	.9588875	.04111252	0	0
1335.15	0	.9575871	.04241286	0	0
1334.15	0	.9562889	.04371113	0	0
1333.15	0	.9549927	.04500733	0	0
1332.15	0	.9536985	.04630146	0	0
1331.15	0	.9524065	.04759351	0	0
1330.15	0	.9511165	.04888349	0	0
1329.15	0	.9498286	.05017139	0	0
1328.15	0	.9485428	.05145722	0	0
1327.15	0	.947259	.05274098	0	0
1326.15	0	.9459773	.05402266	0	0
1325.15	0	.9446977	.05530227	0	0
1324.15	0	.9434202	.0565798	0	0
1323.15	0	.9421447	.05785526	0	0
1322.15	0	.9408714	.05912864	0	0
1321.15	0	.9396001	.06039994	0	0
1320.15	0	.9383308	.06166918	0	0
1319.15	0	.9370637	.06293633	0	0
1318.15	0	.9357986	.06420141	0	0
1317.15	0	.9345356	.06546441	0	0
1316.15	0	.9332747	.06672533	0	0
1315.15	0	.9320158	.06798417	0	0
1314.15	0	.9307591	.06924094	0	0
1313.15	0	.9295044	.07049562	0	0
1312.15	0	.9282518	.07174823	0	0
1311.15	0	.9270012	.07299875	0	0
1310.15	0	.9257528	.0742472	0	0
1309.15	0	.9245064	.07549356	0	0
1308.15	0	.9232622	.07673784	0	0
1307.15	0	.92202	.07798004	0	0
1306.15	0	.9207798	.07922015	0	0
1305.15	0	.9195418	.08045818	0	0
1304.15	0	.9183059	.08169412	0	0
1303.15	0	.917072	.08292798	0	0
1302.15	0	.9158403	.08415975	0	0
1301.15	0	.9146106	.08538943	0	0
1300.15	0	.913383	.08661702	0	0
1299.15	0	.9121575	.08784253	0	0
1298.15	0	.9109341	.08906594	0	0
1297.15	0	.9097127	.09028726	0	0
1296.15	0	.9084935	.09150649	0	0
1295.15	0	.9072764	.09272362	0	0
1294.15	0	.9060613	.09393866	0	0
1293.15	0	.9048484	.0951516	0	0
1292.15	0	.9036376	.09636245	0	0
1291.15	0	.9024288	.0975712	0	0
1290.15	0	.9012222	.09877785	0	0
1289.15	0	.9000176	.0999824	0	0
1288.15	0	.8988152	.1011848	0	0
1287.15	0	.8976148	.1023852	0	0
1286.15	0	.8964166	.1035834	0	0
1285.15	0	.8952204	.1047796	0	0
1284.15	0	.8940264	.1059736	0	0
1283.15	0	.8928345	.1071655	0	0
1282.15	0	.8916447	.1083553	0	0
1281.15	0	.890457	.109543	0	0
1280.15	0	.8892714	.1107286	0	0
1279.15	0	.8880879	.1119121	0	0
1278.15	0	.8869066	.1130934	0	0
1277.15	0	.8857274	.1142727	0	0
1276.15	0	.8845502	.1154498	0	0
1275.15	0	.8833752	.1166248	0	0
1274.15	0	.8822024	.1177976	0	0
1273.15	0	.8810316	.1189684	0	0
1272.15	0	.879863	.120137	0	0
1271.15	0	.8786965	.1213035	0	0
1270.15	0	.8775321	.1224679	0	0
1269.15	0	.8763699	.1236301	0	0
1268.15	0	.8752098	.1247902	0	0
1267.15	0	.8740518	.1259482	0	0
1266.15	0	.872896	.127104	0	0
1265.15	0	.8717423	.1282577	0	0
1264.15	0	.8705908	.1294093	0	0
1263.15	0	.8694413	.1305587	0	0
1262.15	0	.8682941	.1317059	0	0
1261.15	0	.867149	.132851	0	0
1260.15	0	.866006	.133994	0	0
1259.15	0	.8648652	.1351348	0	0
1258.15	0	.8637265	.1362735	0	0
1257.15	0	.86259	.13741	0	0
1256.15	0	.8614557	.1385443	0	0
1255.15	0	.8603235	.1396765	0	0
1254.15	0	.8591935	.1408065	0	0
1253.15	0	.8580656	.1419344	0	0
1252.15	0	.8569399	.1430601	0	0
1251.15	0	.8558164	.1441836	0	0
1250.15	0	.8546951	.1453049	0	0
1249.15	0	.8535759	.1464241	0	0
1248.15	0	.8524589	.1475411	0	0
1247.15	0	.8513441	.1486559	0	0
1246.15	0	.8502315	.1497685	0	0
1245.15	0	.8491211	.1508789	0	0
1244.15	0	.8480128	.1519872	0	0
1243.15	0	.8469068	.1530932	0	0
1242.15	0	.8458029	.1541971	0	0
1241.15	0	.8447012	.1552988	0	0
1240.15	0	.8436018	.1563982	0	0
1239.15	0	.8425045	.1574955	0	0
1238.15	0	.8414095	.1585905	0	0
1237.15	0	.8403166	.1596834	0	0
1236.15	0	.839226	.160774	0	0
1235.15	0	.8381376	.1618624	0	0
1234.15	0	.8370514	.1629486	0	0
1233.15	0	.8359674	.1640326	0	0
1232.15	0	.8348857	.1651143	0	0
1231.15	0	.8338062	.1661939	0	0
1230.15	0	.8327289	.1672711	0	0
1229.15	0	.8316538	.1683462	0	0
1228.15	0	.830581	.169419	0	0
1227.15	0	.8295104	.1704896	0	0
1226.15	0	.8284421	.1715579	0	0
1225.15	0	.827376	.172624	0	0
1224.15	0	.8263122	.1736878	0	0
1223.15	0	.8252507	.1747493	0	0
1222.15	0	.8241914	.1758086	0	0
1221.15	0	.8231343	.1768657	0	0
1220.15	0	.8220795	.1779205	0	0
1219.15	0	.8210271	.1789729	0	0
1218.15	0	.8199768	.1800232	0	0
1217.15	0	.8189289	.1810711	0	0
1216.15	0	.8178832	.1821168	0	0
1215.15	0	.8168399	.1831601	0	0
1214.15	0	.8157988	.1842012	0	0
1213.15	0	.81476	.18524	0	0
1212.15	0	.8137235	.1862765	0	0
1211.15	0	.8126894	.1873106	0	0
1210.15	0	.8116575	.1883425	0	0
1209.15	0	.8106279	.1893721	0	0
1208.15	0	.8096007	.1903993	0	0
1207.15	0	.8085758	.1914242	0	0
1206.15	0	.8075532	.1924468	0	0
1205.15	0	.806533	.1934671	0	0
1204.15	0	.805515	.194485	0	0
1203.15	0	.8044995	.1955005	0	0
1202.15	0	.8034862	.1965138	0	0
1201.15	0	.8024753	.1975247	0	0
1200.15	0	.8014668	.1985332	0	0
1199.15	0	.8004606	.1995394	0	0
1198.15	0	.7994568	.2005432	0	0
1197.15	0	.7984554	.2015446	0	0
1196.15	0	.7974563	.2025437	0	0
1195.15	0	.7964597	.2035404	0	0
1194.15	0	.7954654	.2045347	0	0
1193.15	0	.7944734	.2055266	0	0
1192.15	0	.7934839	.2065161	0	0
1191.15	0	.7924968	.2075032	0	0
1190.15	0	.7915121	.2084879	0	0
1189.15	0	.7905298	.2094702	0	0
1188.15	0	.7895499	.2104501	0	0
1187.15	0	.7885725	.2114275	0	0
1186.15	0	.7875974	.2124026	0	0
1185.15	0	.7866249	.2133751	0	0
1184.15	0	.7856547	.2143453	0	0
1183.15	0	.784687	.215313	0	0
1182.15	0	.7837217	.2162783	0	0
1181.15	0	.7827589	.2172411	0	0
1180.15	0	.7817986	.2182014	0	0
1179.15	0	.7808407	.2191593	0	0
1178.15	0	.7798853	.2201147	0	0
1177.15	0	.7789324	.2210676	0	0
1176.15	0	.7779819	.2220181	0	0
1175.15	0	.777034	.222966	0	0
1174.15	0	.7760885	.2239115	0	0
1173.15	0	.7751456	.2248544	0	0
1172.15	0	.7742052	.2257948	0	0
1171.15	0	.7732673	.2267327	0	0
1170.15	0	.7723319	.2276681	0	0
1169.15	0	.771399	.228601	0	0
1168.15	0	.7704687	.2295313	0	0
1167.15	0	.769541	.230459	0	0
1166.15	0	.7686157	.2313843	0	0
1165.15	0	.7676931	.2323069	0	0
1164.15	0	.766773	.233227	0	0
1163.15	0	.7658555	.2341445	0	0
1162.15	0	.7649405	.2350595	0	0
1161.15	0	.7640282	.2359718	0	0
1160.15	0	.7631184	.2368816	0	0
1159.15	0	.7622113	.2377887	0	0
1158.15	0	.7613067	.2386933	0	0
1157.15	0	.7604048	.2395952	0	0
1156.15	0	.7595055	.2404945	0	0
1155.15	0	.7586088	.2413912	0	0
1154.15	0	.7577147	.2422853	0	0
1153.15	0	.7568234	.2431767	0	0
1152.15	0	.7559346	.2440654	0	0
1151.15	0	.7550485	.2449515	0	0
1150.15	0	.7541651	.2458349	0	0
1149.15	0	.7532844	.2467156	0	0
1148.15	0	.7524064	.2475936	0	0
1147.15	0	.751531	.248469	0	0
1146.15	0	.7506584	.2493416	0	0
1145.15	0	.7497884	.2502116	0	0
1144.15	0	.7489212	.2510788	0	0
1143.15	0	.7480567	.2519433	0	0
1142.15	0	.747195	.252805	0	0
1141.15	0	.746336	.253664	0	0
1140.15	0	.7454797	.2545203	0	0
1139.15	0	.7446262	.2553738	0	0
1138.15	0	.7437755	.2562245	0	0
1137.15	0	.7429276	.2570725	0	0
1136.15	0	.7420824	.2579176	0	0
1135.15	0	.74124	.25876	0	0
1134.15	0	.7404005	.2595995	0	0
1133.15	0	.7395637	.2604363	0	0
1132.15	0	.7387298	.2612702	0	0
1131.15	0	.7378987	.2621013	0	0
1130.15	0	.7370705	.2629295	0	0
1129.15	0	.7362451	.2637549	0	0
1128.15	0	.7354226	.2645774	0	0
1127.15	0	.7346029	.2653971	0	0
1126.15	0	.7337862	.2662138	0	0
1125.15	0	.7329723	.2670277	0	0
1124.15	0	.7321613	.2678387	0	0
1123.15	0	.7313532	.2686468	0	0
1122.15	0	.7305481	.2694519	0	0
1121.15	0	.7297459	.2702541	0	0
1120.15	0	.7289466	.2710534	0	0
1119.15	0	.7281503	.2718497	0	0
1118.15	0	.7273569	.2726431	0	0
1117.15	0	.7265665	.2734335	0	0
1116.15	0	.7257791	.2742209	0	0
1115.15	0	.7249947	.2750053	0	0
1114.15	0	.7242133	.2757867	0	0
1113.15	0	.7234349	.2765651	0	0
1112.15	0	.7226596	.2773404	0	0
1111.15	0	.7218872	.2781128	0	0
1110.15	0	.721118	.278882	0	0
1109.15	0	.7203517	.2796483	0	0
1108.15	0	.7195886	.2804114	0	0
1107.15	0	.7188285	.2811715	0	0
1106.15	0	.7180715	.2819285	0	0
1105.15	0	.7173177	.2826824	0	0
1104.15	0	.7165669	.2834331	0	0
1103.15	0	.7158193	.2841807	0	0
1102.15	0	.7150748	.2849252	0	0
1101.15	0	.7143334	.2856666	0	0
1100.15	0	.7135953	.2864047	0	0
1099.15	0	.7128603	.2871398	0	0
1098.15	0	.7121284	.2878716	0	0
1097.15	0	.7113998	.2886002	0	0
1096.15	0	.7106744	.2893256	0	0
1095.15	0	.7099522	.2900478	0	0
1094.15	0	.7092333	.2907667	0	0
1093.15	0	.7085176	.2914824	0	0
1092.15	0	.7078051	.2921949	0	0
1091.15	0	.707096	.292904	0	0
1090.15	0	.7063901	.2936099	0	0
1089.15	0	.7056875	.2943125	0	0
1088.15	0	.7049882	.2950118	0	0
1087.15	0	.7042923	.2957077	0	0
1086.15	0	.7035997	.2964003	0	0
1085.15	0	.7029105	.2970896	0	0
1084.15	0	.7022246	.2977754	0	0
1083.15	0	.701542	.298458	0	0
1082.15	0	.7008629	.2991371	0	0
1081.15	0	.7001872	.2998128	0	0
1080.15	0	.6995149	.3004851	0	0
1079.15	0	.698846	.301154	0	0
1078.15	0	.6981806	.3018194	0	0
1077.15	0	.6975187	.3024813	0	0
1076.15	0	.6968602	.3031398	0	0
1075.15	0	.6962052	.3037948	0	0
1074.15	0	.6955537	.3044463	0	0
1073.15	0	.6949057	.3050943	0	0
1072.15	0	.6942612	.3057388	0	0
1071.15	0	.6936203	.3063797	0	0
1070.15	0	.692983	.307017	0	0
1069.15	0	.6923492	.3076508	0	0
1068.15	0	.691719	.308281	0	0
1067.15	0	.6910924	.3089076	0	0
1066.15	0	.6904694	.3095306	0	0
1065.15	0	.6898501	.3101499	0	0
1064.15	0	.6892344	.3107656	0	0
1063.15	0	.6886223	.3113777	0	0
1062.15	0	.688014	.311986	0	0
1061.15	0	.6874093	.3125907	0	0
1060.15	0	.6868083	.3131917	0	0
1059.15	0	.6862111	.3137889	0	0
1058.15	0	.6856176	.3143824	0	0
1057.15	0	.6850278	.3149722	0	0
1056.15	0	.6844419	.3155581	0	0
1055.15	0	.6838597	.3161404	0	0
1054.15	0	.6832813	.3167187	0	0
1053.15	0	.6827067	.3172933	0	0
1052.15	0	.6821359	.3178641	0	0
1051.15	0	.681569	.318431	0	0
1050.15	0	.6810059	.3189941	0	0
1049.15	0	.6804467	.3195533	0	0
1048.15	0	.6798915	.3201085	0	0
1047.15	0	.6793401	.3206599	0	0
1046.15	0	.6787926	.3212074	0	0
1045.15	0	.6782491	.3217509	0	0
1044.15	0	.6777095	.3222905	0	0
1043.15	0	.677174	.322826	0	0
1042.15	0	.6766424	.3233576	0	0
1041.15	0	.6761148	.3238852	0	0
1040.15	0	.6755912	.3244088	0	0
1039.15	0	.6750717	.3249283	0	0
1038.15	0	.6745562	.3254438	0	0
1037.15	0	.6740448	.3259552	0	0
1036.15	0	.6735374	.3264626	0	0
1035.15	0	.6730342	.3269658	0	0
1034.15	0	.6725351	.3274649	0	0
1033.15	0	.6720402	.3279598	0	0
1032.15	0	.6715493	.3284507	0	0
1031.15	0	.6710627	.3289373	0	0
1030.675	0	.6708331	.3291669	0	0
1030.675	0	.6708331	.3291669	0	0
1030.675	0	.6708331	.3291669	0	0
1030.15	0	.6704855	.3293341	1.803094E-04	0
1029.15	0	.6698274	.3296498	5.228865E-04	0
1028.15	0	.6691739	.3299616	8.645337E-04	0
1027.15	0	.668525	.3302697	.001205251	0
1026.15	0	.6678809	.3305741	.001545037	0
1025.15	0	.6672414	.3308747	.001883892	0
1024.15	0	.6666067	.3311715	.002221815	0
1023.15	0	.6659767	.3314645	.002558806	0
1022.15	0	.6653513	.3317538	.002894863	0
1021.15	0	.6647307	.3320393	.003229987	0
1020.15	0	.6641149	.332321	.003564176	0
1019.15	0	.6635038	.3325988	.00389743	0
1018.15	0	.6628974	.3328729	.004229747	0
1017.15	0	.6622958	.3331431	.004561127	0
1016.15	0	.661699	.3334095	.00489157	0
1015.15	0	.6611069	.333672	.005221073	0
1014.15	0	.6605196	.3339307	.005549636	0
1013.15	0	.6599371	.3341856	.005877257	0
1012.15	0	.6593595	.3344366	.006203936	0
1011.15	0	.6587866	.3346838	.006529672	0
1010.15	0	.6582185	.334927	.006854462	0
1009.15	0	.6576553	.3351664	.007178306	0
1008.15	0	.6570969	.3354019	.007501203	0
1007.15	0	.6565434	.3356335	.00782315	0
1006.15	0	.6559947	.3358612	.008144147	0
1005.15	0	.6554508	.336085	.008464191	0
1004.15	0	.6549118	.3363049	.008783281	0
1003.15	0	.6543778	.3365208	.009101416	0
1002.15	0	.6538485	.3367329	.009418593	0
1001.15	0	.6533242	.336941	.009734812	0
1000.15	0	.6528048	.3371451	.01005007	0
999.15	0	.6522903	.3373453	.01036436	0
998.15	0	.6517807	.3375416	.01067769	0
997.15	0	.651276	.3377339	.01099005	0
996.15	0	.6507763	.3379222	.01130145	0
995.15	0	.6502815	.3381066	.01161187	0
994.15	0	.6497917	.338287	.01192132	0
993.15	0	.6493068	.3384634	.01222979	0
992.15	0	.6488269	.3386359	.01253728	0
991.15	0	.6483519	.3388043	.01284379	0
990.15	0	.647882	.3389687	.01314932	0
989.15	0	.647417	.3391292	.01345386	0
988.15	0	.646957	.3392856	.01375742	0
987.15	0	.646502	.3394381	.01405998	0
986.15	0	.646052	.3395865	.01436154	0
985.15	0	.645607	.3397309	.01466211	0
984.15	0	.6451671	.3398713	.01496168	0
983.15	0	.6447321	.3400076	.01526025	0
982.15	0	.6443022	.3401399	.01555781	0
981.15	0	.6438774	.3402683	.01585435	0
980.15	0	.6434576	.3403925	.01614989	0
979.15	0	.6430428	.3405128	.0164444	0
978.15	0	.6426331	.340629	.0167379	0
977.15	0	.6422285	.3407411	.01703037	0
976.15	0	.641829	.3408492	.01732182	0
975.15	0	.6414345	.3409533	.01761223	0
974.15	0	.6410451	.3410533	.0179016	0
973.15	0	.6406607	.3411493	.01818994	0
972.15	0	.6402815	.3412413	.01847723	0
971.15	0	.6399074	.3413292	.01876348	0
970.15	0	.6395383	.341413	.01904867	0
969.15	0	.6391744	.3414928	.0193328	0
968.15	0	.6388155	.3415686	.01961588	0
967.15	0	.6384618	.3416403	.01989788	0
966.15	0	.6381131	.341708	.02017882	0
965.15	0	.6377696	.3417717	.02045868	0
964.15	0	.6374312	.3418313	.02073746	0
963.15	0	.6370979	.3418869	.02101516	0
962.15	0	.6367698	.3419385	.02129176	0
961.15	0	.6364467	.341986	.02156727	0
960.15	0	.6361288	.3420295	.02184168	0
959.15	0	.635816	.342069	.02211498	0
958.15	0	.6355083	.3421045	.02238717	0
957.15	0	.6352057	.342136	.02265824	0
956.15	0	.6349083	.3421635	.02292819	0
955.15	0	.634616	.342187	.023197	0
954.15	0	.6343288	.3422066	.02346468	0
953.15	0	.6340467	.3422221	.02373122	0
952.15	0	.6337697	.3422337	.0239966	0
951.15	0	.6334978	.3422414	.02426083	0
950.15	0	.633231	.3422451	.0245239	0
949.15	0	.6329694	.3422448	.0247858	0
948.15	0	.6327128	.3422407	.02504652	0
947.15	0	.6324613	.3422326	.02530607	0
946.15	0	.6322149	.3422207	.02556441	0
945.15	0	.6319736	.3422048	.02582156	0
944.15	0	.6317374	.3421851	.02607751	0
943.15	0	.6315062	.3421615	.02633224	0
942.15	0	.6312801	.3421342	.02658575	0
941.15	0	.631059	.3421029	.02683803	0
940.15	0	.630843	.3420679	.02708907	0
939.15	0	.630632	.3420291	.02733887	0
938.15	0	.630426	.3419866	.02758741	0
937.15	0	.630225	.3419403	.02783469	0
936.15	0	.6300291	.3418903	.02808069	0
935.15	0	.6298381	.3418365	.02832541	0
934.15	0	.629652	.3417792	.02856884	0
933.15	0	.6294709	.3417181	.02881098	0
932.15	0	.6292948	.3416535	.02905179	0
931.15	0	.6291235	.3415852	.02929129	0
930.15	0	.6289572	.3415134	.02952946	0
929.15	0	.6287957	.341438	.02976629	0
928.15	0	.6286391	.3413591	.03000176	0
927.15	0	.6284873	.3412768	.03023588	0
926.15	0	.6283404	.341191	.03046862	0
925.15	0	.6281982	.3411018	.03069997	0
924.15	0	.6280609	.3410092	.03092993	0
923.15	0	.6279282	.3409133	.03115848	0
922.15	0	.6278003	.3408141	.03138561	0
921.15	0	.6276771	.3407116	.0316113	0
920.15	0	.6275585	.340606	.03183556	0
919.15	0	.6274446	.3404971	.03205835	0
918.15	0	.6273352	.3403851	.03227967	0
917.15	0	.6272305	.34027	.03249951	0
916.15	0	.6271302	.3401519	.03271785	0
915.15	0	.6270345	.3400308	.03293468	0
914.15	0	.6269432	.3399068	.03314998	0
913.15	0	.6268564	.3397798	.03336375	0
912.15	0	.6267739	.3396501	.03357595	0
911.15	0	.6266958	.3395176	.03378659	0
910.15	0	.626622	.3393823	.03399564	0
909.15	0	.6265525	.3392445	.03420308	0
908.15	0	.6264871	.339104	.03440891	0
907.15	0	.6264259	.338961	.0346131	0
906.15	0	.6263688	.3388155	.03481564	0
905.15	0	.6263158	.3386677	.03501651	0
904.15	0	.6262668	.3385175	.0352157	0
903.15	0	.6262217	.3383651	.03541317	0
902.15	0	.6261805	.3382105	.03560892	0
901.15	0	.6261432	.3380539	.03580293	0
900.15	0	.6261096	.3378952	.03599518	0
899.15	0	.6260798	.3377346	.03618564	0
898.15	0	.6260535	.3375722	.0363743	0
897.15	0	.6260309	.337408	.03656113	0
896.15	0	.6260117	.3372422	.03674611	0
895.15	0	.625996	.3370748	.03692923	0
894.15	0	.6259836	.336906	.03711045	0
893.15	0	.6259745	.3367358	.03728976	0
892.15	0	.6259685	.3365643	.03746713	0
891.15	0	.6259657	.3363917	.03764253	0
890.15	0	.6259659	.3362181	.03781595	0
889.15	0	.6259691	.3360436	.03798735	0
888.15	0	.625975	.3358683	.0381567	0
887.15	0	.6259837	.3356923	.03832399	0
886.15	0	.6259951	.3355158	.03848918	0
885.15	0	.6260089	.3353388	.03865223	0
884.15	0	.6260253	.3351616	.03881313	0
883.15	0	.6260439	.3349843	.03897185	0
882.15	0	.6260647	.3348069	.03912834	0
881.15	0	.6260876	.3346298	.03928257	0
880.15	0	.6261125	.334453	.03943452	0
879.15	0	.6261392	.3342766	.03958415	0
878.15	0	.6261677	.3341009	.03973141	0
877.15	0	.6261977	.3339261	.03987628	0
876.15	0	.6262291	.3337522	.04001871	0
875.15	0	.6262618	.3335795	.04015866	0
874.15	0	.6262957	.3334083	.04029609	0
873.15	0	.6263305	.3332386	.04043096	0
872.15	0	.6263661	.3330707	.04056322	0
871.15	0	.6264024	.3329048	.04069282	0
870.15	0	.6264392	.3327411	.04081972	0
869.15	0	.6264762	.3325799	.04094387	0
868.15	0	.6265134	.3324215	.04106521	0
867.15	0	.6265504	.3322659	.04118368	0
866.15	0	.6265871	.3321136	.04129924	0
865.15	0	.6266233	.3319649	.04141182	0
864.15	0	.6266588	.3318198	.04152135	0
863.15	0	.6266933	.3316789	.04162777	0
862.15	0	.6267266	.3315424	.04173101	0
861.15	0	.6267584	.3314106	.04183101	0
860.15	0	.6267885	.3312838	.04192768	0
859.15	0	.6268165	.3311625	.04202094	0
858.15	0	.6268423	.331047	.04211071	0
857.15	0	.6268654	.3309377	.0421969	0
856.15	0	.6268856	.330835	.04227942	0
855.15	0	.6269025	.3307394	.04235816	0
854.15	0	.6269157	.3306512	.04243303	0
853.15	0	.626925	.3305711	.04250391	0
852.15	0	.6269298	.3304995	.04257068	0
851.15	0	.6269298	.330437	.04263322	0
850.15	0	.6269245	.3303841	.04269139	0
849.15	0	.6269134	.3303416	.04274504	0
848.15	0	.626896	.33031	.04279404	0
847.15	0	.6268718	.33029	.0428382	0
846.15	0	.6268401	.3302825	.04287736	0
845.15	0	.6268004	.3302883	.04291132	0
844.15	0	.626752	.3303082	.04293987	0
843.15	0	.6266941	.3303431	.0429628	0
842.15	0	.6266259	.3303942	.04297985	0
841.15	0	.6265467	.3304626	.04299077	0
840.15	0	.626085	.3310076	.04290737	0
839.15	0	.6255774	.3316161	.04280653	0
838.15	0	.6251257	.3321619	.04271246	0
837.15	0	.6247248	.3326508	.0426244	0
836.15	0	.6243706	.3330877	.04254172	0
835.15	0	.624059	.3334772	.04246383	0
834.15	0	.6237866	.3338231	.04239027	0
833.15	0	.6235505	.334129	.0423206	0
832.15	0	.6233476	.3343979	.04225444	0
831.15	0	.6231756	.3346329	.04219147	0
830.15	0	.6230322	.3348365	.0421314	0
829.15	0	.6229151	.3350109	.04207396	0
828.15	0	.6228226	.3351585	.04201893	0
827.15	0	.6227528	.3352811	.04196608	0
826.15	0	.6227042	.3353806	.04191525	0
825.15	0	.6226752	.3354586	.04186625	0
824.15	0	.6226644	.3355166	.04181894	0
823.15	0	.6226707	.3355561	.04177318	0
822.15	0	.6226927	.3355785	.04172884	0
821.15	0	.6227294	.3355847	.04168581	0
820.15	0	.6227799	.3355762	.04164399	0
819.15	0	.622843	.3355538	.04160327	0
818.15	0	.6229179	.3355185	.04156358	0
817.15	0	.6230039	.3354713	.04152484	0
816.15	0	.6231	.335413	.04148696	0
815.15	0	.6232057	.3353444	.0414499	0
814.15	0	.6233201	.3352663	.04141357	0
813.15	0	.6234428	.3351793	.04137793	0
812.15	0	.623573	.3350841	.04134293	0
811.15	0	.6237102	.3349813	.04130851	0
810.15	0	.6238539	.3348715	.04127464	0
809.15	0	.6240035	.3347552	.04124126	0
808.15	0	.6241587	.3346329	.04120834	0
807.15	0	.624319	.3345051	.04117585	0
806.15	0	.624484	.3343723	.04114376	0
805.15	0	.6246532	.3342347	.04111203	0
804.15	0	.6248264	.334093	.04108063	0
803.15	0	.6250031	.3339473	.04104954	0
802.15	0	.6251831	.3337981	.04101873	0
801.15	0	.6253661	.3336457	.04098818	0
800.15	0	.6255517	.3334904	.04095788	0
799.15	0	.6257397	.3333325	.04092778	0
798.15	0	.6259298	.3331723	.0408979	0
797.15	0	.6261218	.33301	.04086819	0
796.15	0	.6263155	.3328458	.04083865	0
795.15	0	.6265107	.3326801	.04080926	0
794.15	0	.6267071	.3325129	.04078001	0
793.15	0	.6269046	.3323445	.04075088	0
792.15	0	.627103	.3321752	.04072186	0
791.15	0	.6273021	.332005	.04069294	0
790.15	0	.6275017	.3318341	.04066411	0
789.15	0	.6277018	.3316628	.04063536	0
788.15	0	.6279022	.3314911	.04060668	0
787.15	0	.6281027	.3313192	.04057805	0
786.15	0	.6283032	.3311473	.04054948	0
785.15	0	.6285037	.3309754	.04052095	0
784.15	0	.6287039	.3308036	.04049246	0
783.15	0	.6289039	.3306321	.04046399	0
782.15	0	.6291034	.330461	.04043555	0
781.15	0	.6293025	.3302904	.04040711	0
780.15	0	.629501	.3301204	.0403787	0
779.15	0	.6296988	.329951	.04035028	0
778.15	0	.6298959	.3297823	.04032186	0
777.15	0	.6300922	.3296144	.04029344	0
776.15	0	.6302876	.3294474	.040265	0
775.15	0	.6304821	.3292813	.04023655	0
774.15	0	.6306757	.3291163	.04020808	0
773.15	0	.6308682	.3289522	.04017959	0
772.15	0	.6310596	.3287893	.04015107	0
771.15	0	.6312499	.3286276	.04012252	0
770.15	0	.631439	.328467	.04009394	0
769.15	0	.6316269	.3283078	.04006532	0
768.15	0	.6318136	.3281497	.04003666	0
767.15	0	.631999	.327993	.04000796	0
766.15	0	.6321831	.3278377	.03997921	0
765.15	0	.6323658	.3276837	.03995042	0
764.15	0	.6325472	.3275312	.03992158	0
763.15	0	.6327272	.3273801	.03989269	0
762.15	0	.6329058	.3272305	.03986374	0
761.15	0	.633083	.3270823	.03983474	0
760.15	0	.6332587	.3269357	.03980569	0
759.15	0	.6334329	.3267905	.03977657	0
758.15	0	.6336057	.3266469	.0397474	0
757.15	0	.6337769	.3265049	.03971816	0
756.15	0	.6339467	.3263644	.03968886	0
755.15	0	.634115	.3262255	.0396595	0
754.15	0	.6342817	.3260882	.03963007	0
753.15	0	.6344469	.3259525	.03960058	0
752.15	0	.6346106	.3258184	.03957102	0
751.15	0	.6347727	.3256859	.03954139	0
750.15	0	.6349333	.3255551	.0395117	0
749.15	0	.6350923	.3254258	.03948193	0
748.15	0	.6352498	.3252981	.0394521	0
747.15	0	.6354057	.3251721	.03942219	0
746.15	0	.6355601	.3250477	.03939221	0
745.15	0	.6357129	.3249249	.03936216	0
744.15	0	.6358642	.3248038	.03933204	0
743.15	0	.6360139	.3246843	.03930185	0
742.15	0	.6361621	.3245664	.03927158	0
741.15	0	.6363087	.3244501	.03924124	0
740.15	0	.636457	.324333	.03920997	0
739.15	0	.6366003	.3242202	.03917955	0
738.15	0	.6367421	.3241089	.03914905	0
737.15	0	.6368824	.3239992	.03911846	0
736.15	0	.6370212	.323891	.0390878	0
735.15	0	.6371584	.3237845	.03905707	0
734.15	0	.6372942	.3236795	.03902625	0
733.15	0	.6374285	.3235761	.03899536	0
732.15	0	.6375614	.3234743	.03896439	0
731.15	0	.6376927	.323374	.03893334	0
730.15	0	.6378226	.3232752	.03890222	0
729.15	0	.637951	.323178	.03887102	0
728.15	0	.638078	.3230823	.03883974	0
727.15	0	.6382035	.3229881	.03880838	0
726.15	0	.6383277	.3228954	.03877695	0
725.15	0	.6384503	.3228042	.03874545	0
724.15	0	.6385716	.3227145	.03871387	0
723.15	0	.6386915	.3226263	.03868221	0
722.15	0	.6388099	.3225396	.03865048	0
721.15	0	.638927	.3224544	.03861867	0
720.15	0	.6390427	.3223705	.03858679	0
719.15	0	.639157	.3222882	.03855484	0
718.15	0	.63927	.3222072	.03852281	0
717.15	0	.6393816	.3221277	.03849071	0
716.15	0	.6394919	.3220496	.03845854	0
715.15	0	.6396008	.3219729	.0384263	0
714.15	0	.6397084	.3218976	.03839398	0
713.15	0	.6398148	.3218237	.0383616	0
712.15	0	.6399198	.3217511	.03832914	0
711.15	0	.6400235	.3216799	.03829662	0
710.15	0	.640126	.32161	.03826402	0
709.15	0	.6402272	.3215415	.03823136	0
708.15	0	.6403271	.3214743	.03819862	0
707.15	0	.6404258	.3214084	.03816583	0
706.15	0	.6405232	.3213438	.03813296	0
705.15	0	.6406195	.3212805	.03810003	0
704.15	0	.6407145	.3212185	.03806703	0
703.15	0	.6408083	.3211577	.03803397	0
702.15	0	.6409009	.3210983	.03800084	0
701.15	0	.6409923	.32104	.03796765	0
700.15	0	.6410826	.320983	.03793439	0
699.15	0	.6411717	.3209272	.03790107	0
698.15	0	.6412597	.3208727	.03786769	0
697.15	0	.6413465	.3208193	.03783425	0
696.15	0	.6414321	.3207671	.03780075	0
695.15	0	.6415167	.3207161	.03776718	0
694.15	0	.6416002	.3206663	.03773356	0
693.15	0	.6416825	.3206176	.03769988	0
692.15	0	.6417638	.3205701	.03766614	0
691.15	0	.641844	.3205237	.03763234	0
690.15	0	.6419231	.3204784	.03759849	0
689.15	0	.6420011	.3204343	.03756458	0
688.15	0	.6420782	.3203912	.03753062	0
687.15	0	.6421541	.3203493	.0374966	0
686.15	0	.6422291	.3203084	.03746252	0
685.15	0	.642303	.3202686	.03742839	0
684.15	0	.6423759	.3202299	.03739421	0
683.15	0	.6424478	.3201922	.03735998	0
682.15	0	.6425188	.3201555	.0373257	0
681.15	0	.6425887	.3201199	.03729137	0
680.15	0	.6426577	.3200853	.03725698	0
679.15	0	.6427257	.3200517	.03722255	0
678.15	0	.6427928	.3200191	.03718807	0
677.15	0	.6428589	.3199875	.03715355	0
676.15	0	.6429241	.3199569	.03711897	0
675.15	0	.6429884	.3199272	.03708435	0
674.15	0	.6430518	.3198985	.03704969	0
673.15	0	.6431142	.3198708	.03701498	0
672.15	0	.6431758	.319844	.03698022	0
671.15	0	.6432365	.3198181	.03694543	0
670.15	0	.6432963	.3197931	.03691059	0
669.15	0	.6433553	.319769	.03687571	0
668.15	0	.6434133	.3197459	.03684079	0
667.15	0	.6434706	.3197236	.03680583	0
666.15	0	.643527	.3197022	.03677083	0
665.15	0	.6435825	.3196817	.03673579	0
664.15	0	.6436372	.3196621	.03670071	0
663.15	0	.6436912	.3196432	.0366656	0
662.15	0	.6437443	.3196253	.03663045	0
661.15	0	.6437966	.3196082	.03659527	0
660.15	0	.6438481	.3195919	.03656005	0
659.15	0	.6438988	.3195764	.0365248	0
658.15	0	.6439488	.3195617	.03648951	0
657.15	0	.643998	.3195478	.0364542	0
656.15	0	.6440464	.3195347	.03641885	0
655.15	0	.6440941	.3195224	.03638347	0
654.15	0	.6441411	.3195109	.03634806	0
653.15	0	.6441873	.3195001	.03631262	0
652.15	0	.6442328	.3194901	.03627716	0
651.15	0	.6442775	.3194808	.03624166	0
650.15	0	.6443216	.3194723	.03620615	0
649.15	0	.6443649	.3194645	.0361706	0
648.15	0	.6444076	.3194574	.03613503	0
647.15	0	.6444495	.319451	.03609944	0
646.15	0	.6444908	.3194454	.03606382	0
645.15	0	.6445314	.3194404	.03602818	0
644.15	0	.6445713	.3194362	.03599252	0
643.15	0	.6446106	.3194326	.03595683	0
642.15	0	.6446492	.3194297	.03592113	0
641.15	0	.6446872	.3194274	.03588541	0
640.15	0	.6447245	.3194258	.03584967	0
639.15	0	.6447612	.3194249	.03581391	0
638.15	0	.6447973	.3194246	.03577814	0
637.15	0	.6448327	.3194249	.03574235	0
636.15	0	.6448676	.3194259	.03570654	0
635.15	0	.6449018	.3194275	.03567072	0
634.15	0	.6449354	.3194297	.03563488	0
633.15	0	.6449684	.3194325	.03559904	0
632.15	0	.6450009	.319436	.03556318	0
631.15	0	.6450327	.31944	.03552731	0
630.15	0	.645064	.3194446	.03549143	0
629.15	0	.6450948	.3194497	.03545553	0
628.15	0	.6451249	.3194555	.03541963	0
627.15	0	.6451545	.3194618	.03538373	0
626.15	0	.6451836	.3194686	.03534781	0
625.15	0	.6452121	.3194761	.03531189	0
624.15	0	.64524	.319484	.03527597	0
623.15	0	.6452674	.3194925	.03524004	0
622.15	0	.6452944	.3195015	.0352041	0
621.15	0	.6453207	.3195111	.03516817	0
620.15	0	.6453466	.3195212	.03513223	0
619.15	0	.645372	.3195318	.03509628	0
618.15	0	.6453968	.3195428	.03506034	0
617.15	0	.6454212	.3195544	.0350244	0
616.15	0	.645445	.3195665	.03498846	0
615.15	0	.6454684	.3195791	.03495252	0
614.15	0	.6454913	.3195921	.03491659	0
613.15	0	.6455137	.3196056	.03488065	0
612.15	0	.6455356	.3196196	.03484473	0
611.15	0	.6455571	.3196341	.0348088	0
610.15	0	.6455781	.319649	.03477289	0
609.15	0	.6455987	.3196643	.03473698	0
608.15	0	.6456188	.3196801	.03470108	0
607.15	0	.6456384	.3196964	.03466518	0
606.15	0	.6456577	.319713	.0346293	0
605.15	0	.6456764	.3197301	.03459342	0
604.15	0	.6456948	.3197477	.03455756	0
603.15	0	.6457127	.3197656	.03452171	0
602.15	0	.6457302	.3197839	.03448587	0
601.15	0	.6457473	.3198027	.03445004	0
600.15	0	.645764	.3198218	.03441423	0
599.15	0	.6457802	.3198414	.03437844	0
598.15	0	.6457961	.3198613	.03434266	0
597.15	0	.6458115	.3198816	.03430689	0
596.15	0	.6458266	.3199023	.03427115	0
595.15	0	.6458413	.3199233	.03423542	0
594.15	0	.6458556	.3199447	.03419971	0
593.15	0	.6458695	.3199665	.03416402	0
592.15	0	.645883	.3199887	.03412835	0
591.15	0	.6458962	.3200112	.0340927	0
590.15	0	.6459089	.320034	.03405708	0
589.15	0	.6459214	.3200572	.03402148	0
588.15	0	.6459334	.3200807	.0339859	0
587.15	0	.6459452	.3201045	.03395035	0
586.15	0	.6459565	.3201287	.03391482	0
585.15	0	.6459675	.3201532	.03387932	0
584.15	0	.6459782	.320178	.03384384	0
583.15	0	.6459885	.3202031	.0338084	0
582.15	0	.6459985	.3202285	.03377298	0
581.15	0	.6460082	.3202542	.03373759	0
580.15	0	.6460175	.3202802	.03370224	0
579.15	0	.6460265	.3203066	.03366691	0
578.15	0	.6460352	.3203331	.03363162	0
577.15	0	.6460436	.32036	.03359636	0
576.15	0	.6460517	.3203872	.03356113	0
575.15	0	.6460595	.3204146	.03352594	0
574.15	0	.6460669	.3204423	.03349078	0
573.15	0	.6460741	.3204703	.03345566	0
572.15	0	.6460809	.3204985	.03342058	0
571.15	0	.6460875	.320527	.03338553	0
570.15	0	.6460938	.3205557	.03335052	0
569.15	0	.6460997	.3205847	.03331555	0
568.15	0	.6461054	.3206139	.03328062	0
567.15	0	.6461109	.3206434	.03324574	0
566.15	0	.646116	.3206731	.03321089	0
565.15	0	.6461209	.320703	.03317609	0
564.15	0	.6461255	.3207332	.03314133	0
563.15	0	.6461298	.3207636	.03310661	0
562.15	0	.6461339	.3207942	.03307194	0
561.15	0	.6461377	.320825	.03303731	0
560.15	0	.6461413	.320856	.03300273	0
559.15	0	.6461446	.3208872	.0329682	0
558.15	0	.6461477	.3209186	.03293372	0
557.15	0	.6461505	.3209503	.03289928	0
556.15	0	.646153	.3209821	.03286489	0
555.15	0	.6461554	.3210141	.03283056	0
554.15	0	.6461575	.3210463	.03279627	0
553.15	0	.6461593	.3210786	.03276204	0
552.15	0	.646161	.3211112	.03272786	0
551.15	0	.6461623	.3211439	.03269374	0
550.15	0	.6461635	.3211768	.03265966	0
549.15	0	.6461645	.3212099	.03262565	0
548.15	0	.6461652	.3212431	.03259168	0
547.15	0	.6461657	.3212765	.03255778	0
546.15	0	.646166	.3213101	.03252393	0
545.15	0	.6461661	.3213438	.03249014	0
544.15	0	.646166	.3213776	.03245641	0
543.15	0	.6461657	.3214116	.03242274	0
542.15	0	.6461652	.3214457	.03238913	0
541.15	0	.6461644	.32148	.03235558	0
540.15	0	.6461635	.3215144	.03232209	0
539.15	0	.6461624	.3215489	.03228867	0
538.15	0	.6461611	.3215836	.03225531	0
537.15	0	.6461596	.3216184	.03222201	0
536.15	0	.6461579	.3216533	.03218878	0
535.15	0	.6461561	.3216883	.03215561	0
534.15	0	.646154	.3217235	.03212251	0
533.15	0	.6461518	.3217587	.03208948	0
532.15	0	.6461494	.3217941	.03205652	0
531.15	0	.6461468	.3218296	.03202362	0
530.15	0	.6461441	.3218651	.03199079	0
529.15	0	.6461412	.3219008	.03195804	0
528.15	0	.6461381	.3219366	.03192535	0
527.15	0	.6461348	.3219724	.03189274	0
526.15	0	.6461314	.3220084	.0318602	0
525.15	0	.6461279	.3220444	.03182773	0
524.15	0	.6461242	.3220805	.03179534	0
523.15	0	.6461203	.3221167	.03176302	0
522.15	0	.6461163	.3221529	.03173077	0
521.15	0	.6461121	.3221893	.0316986	0
520.15	0	.6461078	.3222257	.03166651	0
519.15	0	.6461033	.3222622	.0316345	0
518.15	0	.6460987	.3222987	.03160256	0
517.15	0	.646094	.3223353	.03157071	0
516.15	0	.6460891	.322372	.03153893	0
515.15	0	.6460841	.3224087	.03150723	0
514.15	0	.6460789	.3224454	.03147562	0
513.15	0	.6460737	.3224823	.03144409	0
512.15	0	.6460683	.3225191	.03141264	0
511.15	0	.6460627	.322556	.03138127	0
510.15	0	.6460571	.322593	.03134998	0
509.15	0	.6460513	.32263	.03131879	0
508.15	0	.6460454	.322667	.03128767	0
507.15	0	.6460393	.322704	.03125664	0
506.15	0	.6460332	.3227411	.03122571	0
505.15	0	.6460269	.3227782	.03119485	0
504.15	0	.6460206	.3228154	.03116409	0
503.15	0	.6460141	.3228525	.03113341	0
502.15	0	.6460075	.3228897	.03110282	0
501.15	0	.6460008	.3229269	.03107233	0
500.15	0	.645994	.3229641	.03104192	0
499.15	0	.6459871	.3230013	.03101161	0
498.15	0	.6459801	.3230385	.03098139	0
497.15	0	.645973	.3230758	.03095126	0
496.15	0	.6459658	.323113	.03092122	0
495.15	0	.6459585	.3231502	.03089128	0
494.15	0	.6459511	.3231875	.03086144	0
493.15	0	.6459438	.3232247	.03083152	0
492.15	0	.6459363	.3232619	.03080186	0
491.15	0	.6459286	.3232991	.0307723	0
490.15	0	.6459208	.3233363	.03074284	0
489.15	0	.645913	.3233735	.03071347	0
488.15	0	.6459051	.3234107	.03068421	0
487.15	0	.6458971	.3234478	.03065504	0
486.15	0	.6458891	.323485	.03062597	0
485.15	0	.6458809	.3235221	.03059701	0
484.15	0	.6458727	.3235592	.03056815	0
483.15	0	.6458644	.3235962	.03053938	0
482.15	0	.645856	.3236333	.03051072	0
481.15	0	.6458476	.3236703	.03048217	0
480.15	0	.6458391	.3237072	.03045371	0
479.15	0	.6458305	.3237442	.03042537	0
478.15	0	.6458218	.323781	.03039713	0
477.5539	0	.6458166	.323803	.03038034	0
477.5539	0	.6458166	.323803	.03038034	0
477.5539	0	.6458166	.323803	.03038034	0
477.15	0	.64594	.3235316	.03023629	2.920977E-04
476.15	0	.6462443	.3228613	.02988033	.00101407
475.15	0	.6465471	.3221932	.02952533	.001734339
474.15	0	.6468485	.3215273	.02917127	.00245292
473.15	0	.6471485	.3208635	.02881814	.003169829
472.15	0	.6474471	.3202019	.02846595	.003885079
471.15	0	.6477443	.3195423	.02811469	.004598685
470.15	0	.6480402	.3188848	.02776434	.005310663
469.15	0	.6483348	.3182293	.0274149	.006021026
468.15	0	.648628	.3175758	.02706637	.006729788
467.15	0	.6489199	.3169244	.02671874	.007436964
466.15	0	.6492106	.3162749	.02637199	.008142568
465.15	0	.6495	.3156273	.02602614	.008846613
464.15	0	.6497881	.3149816	.02568116	.009549114
463.15	0	.650075	.3143378	.02533705	.01025008
462.15	0	.6503608	.3136959	.02499381	.01094953
461.15	0	.6506453	.3130558	.02465143	.01164748
460.15	0	.6509286	.3124175	.02430991	.01234394
459.15	0	.6512108	.3117811	.02396923	.01303891
458.15	0	.6514918	.3111464	.0236294	.01373243
457.15	0	.6517717	.3105134	.0232904	.01442449
456.15	0	.6520505	.3098822	.02295223	.01511511
455.15	0	.6523282	.3092526	.02261489	.0158043
454.15	0	.6526048	.3086247	.02227836	.01649208
453.15	0	.6528804	.3079985	.02194265	.01717846
452.15	0	.6531549	.3073739	.02160775	.01786345
451.15	0	.6534283	.306751	.02127365	.01854705
450.15	0	.6537008	.3061296	.02094035	.0192293
449.15	0	.6539722	.3055097	.02060785	.0199102
448.15	0	.6542427	.3048914	.02027614	.02058977
447.15	0	.6545123	.3042745	.01994521	.02126801
446.15	0	.6547808	.3036592	.01961506	.02194493
445.15	0	.6550485	.3030453	.01928569	.02262056
444.15	0	.6553152	.3024329	.01895708	.02329489
443.15	0	.655581	.3018218	.01862924	.02396795
442.15	0	.6558459	.3012122	.01830216	.02463975
441.15	0	.65611	.3006039	.01797584	.02531029
440.15	0	.6563732	.2999969	.01765027	.0259796
439.15	0	.6566356	.2993912	.01732546	.02664768
438.15	0	.6568972	.2987869	.01700138	.02731454
437.15	0	.657158	.2981838	.01667805	.0279802
436.15	0	.657418	.2975819	.01635546	.02864467
435.15	0	.6576772	.2969813	.0160336	.02930796
434.15	0	.6579357	.2963818	.01571246	.02997008
433.15	0	.6581934	.2957835	.01539206	.03063104
432.15	0	.6584504	.2951864	.01507237	.03129085
431.15	0	.6587066	.2945904	.0147534	.03194953
430.15	0	.6589622	.2939956	.01443515	.03260708
429.15	0	.6592171	.2934018	.01411761	.03326352
428.15	0	.6594713	.2928091	.01380077	.03391885
427.15	0	.6597248	.2922174	.01348463	.03457309
426.15	0	.6599777	.2916268	.0131692	.03522624
425.15	0	.66023	.2910372	.01285445	.03587833
424.15	0	.6604816	.2904486	.0125404	.03652934
423.15	0	.6607327	.289861	.01222704	.03717931
422.15	0	.6609831	.2892743	.01191436	.03782823
421.15	0	.6612329	.2886886	.01160236	.03847611
420.15	0	.6614822	.2881038	.01129104	.03912297
419.15	0	.6617309	.28752	.01098038	.03976881
418.15	0	.661979	.286937	.0106704	.04041365
417.15	0	.6622266	.2863549	.01036109	.04105749
416.15	0	.6624736	.2857736	.01005243	.04170034
415.15	0	.6627201	.2851932	.009744438	.04234221
414.15	0	.6629661	.2846137	.009437098	.04298311
413.15	0	.6632116	.2840349	.00913041	.04362304
412.15	0	.6634566	.283457	.00882437	.04426203
411.15	0	.6637011	.2828798	.008518975	.04490006
410.15	0	.6639452	.2823034	.008214222	.04553717
409.15	0	.6641887	.2817278	.007910106	.04617334
408.15	0	.6644319	.2811529	.007606625	.04680859
407.15	0	.6646745	.2805788	.007303776	.04744293
406.15	0	.6649167	.2800054	.007001554	.04807636
405.15	0	.6651585	.2794327	.006699957	.0487089
404.15	0	.6653998	.2788606	.006398982	.04934055
403.15	0	.6656408	.2782893	.006098625	.04997132
402.15	0	.6658813	.2777186	.005798883	.05060121
401.15	0	.6661214	.2771486	.005499752	.05123024
400.15	0	.6663611	.2765792	.00520123	.05185841
399.15	0	.6666005	.2760105	.004903314	.05248573
398.15	0	.6668394	.2754424	.004606	.0531122
397.15	0	.667078	.2748749	.004309284	.05373784
396.15	0	.6673162	.274308	.004013165	.05436265
395.15	0	.6675541	.2737417	.003717639	.05498663
394.15	0	.6677915	.273176	.003422702	.0556098
393.15	0	.6680287	.2726108	.003128352	.05623215
392.15	0	.6682655	.2720462	.002834586	.05685371
