T	 BPW(LIQUID)	BPW(BCC_A2)	BPW(FCC_A1)	BPW(LAVES_PHASE_C14)	BPW(NI3TI)
1473.15	.1452095	.6531253	.1136608	.08800437	0
1472.15	.1231391	.6322083	.1487802	.09587238	0
1471.15	.1016949	.6121164	.1827301	.1034586	0
1470.15	.08084622	.5928094	.2155677	.1107767	0
1469.15	.06056447	.5742494	.2473466	.1178396	0
1468.15	.04082269	.556401	.2781169	.1246594	0
1467.15	.02159555	.539231	.3079259	.1312476	0
1466.15	.002859223	.5227083	.3368178	.1376147	0
1465.995	0	.5202054	.341213	.1385816	0
1465.995	0	.5202054	.341213	.1385816	0
1465.15	0	.5171158	.3437495	.1391347	0
1464.15	0	.5134697	.3467436	.1397867	0
1463.15	0	.5098342	.3497299	.140436	0
1462.15	0	.506209	.3527084	.1410826	0
1461.15	0	.5025944	.3556791	.1417266	0
1460.15	0	.4989901	.3586421	.1423679	0
1459.15	0	.4953962	.3615973	.1430066	0
1458.15	0	.4918126	.3645448	.1436426	0
1457.15	0	.4882394	.3674846	.1442761	0
1456.15	0	.4846764	.3704167	.1449069	0
1455.15	0	.4811237	.3733411	.1455352	0
1454.15	0	.4775813	.3762578	.1461609	0
1453.15	0	.474049	.3791669	.146784	0
1452.15	0	.470527	.3820684	.1474046	0
1451.15	0	.4670151	.3849622	.1480227	0
1450.15	0	.4635133	.3878484	.1486383	0
1449.15	0	.4600217	.390727	.1492513	0
1448.15	0	.4565401	.393598	.1498619	0
1447.15	0	.4530686	.3964615	.1504699	0
1446.15	0	.4496071	.3993174	.1510755	0
1445.15	0	.4461556	.4021658	.1516787	0
1444.15	0	.4427141	.4050066	.1522794	0
1443.15	0	.4392825	.4078399	.1528776	0
1442.15	0	.4358608	.4106657	.1534734	0
1441.15	0	.4324491	.413484	.1540669	0
1440.15	0	.4290472	.4162949	.1546579	0
1439.15	0	.4256552	.4190982	.1552465	0
1438.15	0	.4222731	.4218942	.1558328	0
1437.15	0	.4189007	.4246826	.1564167	0
1436.15	0	.4155381	.4274637	.1569982	0
1435.15	0	.4121853	.4302373	.1575774	0
1434.15	0	.4088422	.4330035	.1581542	0
1433.15	0	.4055088	.4357624	.1587288	0
1432.15	0	.4021852	.4385138	.159301	0
1431.15	0	.3988711	.4412579	.1598709	0
1430.15	0	.3955668	.4439946	.1604386	0
1429.15	0	.392272	.446724	.161004	0
1428.15	0	.3889869	.4494461	.1615671	0
1427.15	0	.3857113	.4521608	.1621279	0
1426.15	0	.3824453	.4548682	.1626865	0
1425.15	0	.3791888	.4575683	.1632429	0
1424.15	0	.3759419	.4602612	.163797	0
1423.15	0	.3727044	.4629467	.1643489	0
1422.15	0	.3694764	.465625	.1648986	0
1421.15	0	.3662579	.468296	.1654462	0
1420.15	0	.3630488	.4709597	.1659915	0
1419.15	0	.3598491	.4736163	.1665347	0
1418.15	0	.3566588	.4762655	.1670757	0
1417.15	0	.3534778	.4789076	.1676146	0
1416.15	0	.3503063	.4815425	.1681513	0
1415.15	0	.347144	.4841701	.1686859	0
1414.15	0	.3439911	.4867906	.1692183	0
1413.15	0	.3408475	.4894039	.1697487	0
1412.15	0	.3377131	.49201	.1702769	0
1411.15	0	.334588	.494609	.1708031	0
1410.15	0	.3314722	.4972007	.1713271	0
1409.15	0	.3283655	.4997854	.1718491	0
1408.15	0	.3252681	.5023629	.172369	0
1407.15	0	.3221799	.5049333	.1728869	0
1406.15	0	.3191008	.5074965	.1734027	0
1405.15	0	.3160309	.5100526	.1739165	0
1404.15	0	.3129701	.5126017	.1744283	0
1403.15	0	.3099184	.5151436	.174938	0
1402.15	0	.3068759	.5176784	.1754457	0
1401.15	0	.3038424	.5202062	.1759514	0
1400.15	0	.300818	.5227269	.1764552	0
1399.15	0	.2978026	.5252405	.1769569	0
1398.15	0	.2947963	.527747	.1774567	0
1397.15	0	.291799	.5302465	.1779545	0
1396.15	0	.2888108	.5327389	.1784504	0
1395.15	0	.2858315	.5352243	.1789443	0
1394.15	0	.2828612	.5377026	.1794362	0
1393.15	0	.2798998	.5401739	.1799263	0
1392.15	0	.2769475	.5426382	.1804144	0
1391.15	0	.274004	.5450954	.1809006	0
1390.15	0	.2710695	.5475457	.1813849	0
1389.15	0	.2681439	.5499889	.1818673	0
1388.15	0	.2652272	.5524251	.1823478	0
1387.15	0	.2623193	.5548543	.1828264	0
1386.15	0	.2594204	.5572765	.1833031	0
1385.15	0	.2565303	.5596917	.183778	0
1384.15	0	.253649	.5620999	.184251	0
1383.15	0	.2507766	.5645012	.1847222	0
1382.15	0	.247913	.5668954	.1851916	0
1381.15	0	.2450583	.5692827	.1856591	0
1380.15	0	.2422123	.571663	.1861248	0
1379.15	0	.2393751	.5740363	.1865886	0
1378.15	0	.2365467	.5764026	.1870507	0
1377.15	0	.2337271	.578762	.187511	0
1376.15	0	.2309162	.5811144	.1879694	0
1375.15	0	.2281141	.5834598	.1884261	0
1374.15	0	.2253207	.5857983	.188881	0
1373.15	0	.2225361	.5881298	.1893341	0
1372.15	0	.2197602	.5904544	.1897855	0
1371.15	0	.2169929	.592772	.1902351	0
1370.15	0	.2142345	.5950826	.1906829	0
1369.15	0	.2114847	.5973863	.1911291	0
1368.15	0	.2087435	.599683	.1915734	0
1367.15	0	.2060111	.6019728	.1920161	0
1366.15	0	.2032874	.6042556	.192457	0
1365.15	0	.2005723	.6065315	.1928962	0
1364.15	0	.1978659	.6088004	.1933338	0
1363.15	0	.1951681	.6110623	.1937696	0
1362.15	0	.192479	.6133173	.1942037	0
1361.15	0	.1897985	.6155653	.1946362	0
1360.15	0	.1871267	.6178064	.1950669	0
1359.15	0	.1844635	.6200405	.195496	0
1358.15	0	.1818089	.6222677	.1959234	0
1357.15	0	.179163	.6244878	.1963492	0
1356.15	0	.1765256	.626701	.1967733	0
1355.15	0	.1738969	.6289073	.1971958	0
1354.15	0	.1712768	.6311066	.1976166	0
1353.15	0	.1686654	.6332988	.1980358	0
1352.15	0	.1660625	.6354841	.1984534	0
1351.15	0	.1634682	.6376625	.1988694	0
1350.15	0	.1608825	.6398338	.1992837	0
1349.15	0	.1583054	.6419981	.1996964	0
1348.15	0	.1557369	.6441555	.2001076	0
1347.15	0	.1531771	.6463058	.2005171	0
1346.15	0	.1506258	.6484492	.2009251	0
1345.15	0	.1480831	.6505855	.2013315	0
1344.15	0	.145549	.6527148	.2017363	0
1343.15	0	.1430235	.654837	.2021395	0
1342.15	0	.1405065	.6569523	.2025412	0
1341.15	0	.1379982	.6590605	.2029413	0
1340.15	0	.1354985	.6611617	.2033399	0
1339.15	0	.1330073	.6632558	.2037369	0
1338.15	0	.1305248	.6653428	.2041324	0
1337.15	0	.1280509	.6674228	.2045263	0
1336.15	0	.1255855	.6694957	.2049188	0
1335.15	0	.1231288	.6715615	.2053097	0
1334.15	0	.1206807	.6736203	.205699	0
1333.15	0	.1182412	.6756719	.2060869	0
1332.15	0	.1158103	.6777164	.2064733	0
1331.15	0	.113388	.6797538	.2068582	0
1330.15	0	.1109744	.6817841	.2072415	0
1329.15	0	.1085693	.6838072	.2076234	0
1328.15	0	.106173	.6858232	.2080038	0
1327.15	0	.1037852	.687832	.2083828	0
1326.15	0	.1014061	.6898337	.2087602	0
1325.15	0	.09903566	.6918281	.2091362	0
1324.15	0	.09667387	.6938154	.2095108	0
1323.15	0	.09432075	.6957954	.2098838	0
1322.15	0	.0919763	.6977682	.2102555	0
1321.15	0	.08964053	.6997338	.2106257	0
1320.15	0	.08731346	.7016921	.2109944	0
1319.15	0	.08499508	.7036432	.2113617	0
1318.15	0	.08268541	.705587	.2117276	0
1317.15	0	.08038446	.7075235	.2120921	0
1316.15	0	.07809224	.7094527	.2124551	0
1315.15	0	.07580876	.7113745	.2128167	0
1314.15	0	.07353403	.7132891	.2131769	0
1313.15	0	.07126806	.7151962	.2135357	0
1312.15	0	.06901086	.717096	.2138931	0
1311.15	0	.06676245	.7189884	.2142491	0
1310.15	0	.06452283	.7208734	.2146037	0
1309.15	0	.06229203	.722751	.214957	0
1308.15	0	.06007005	.7246211	.2153088	0
1307.15	0	.05785691	.7264838	.2156593	0
1306.15	0	.05565262	.728339	.2160084	0
1305.15	0	.0534572	.7301867	.2163562	0
1304.15	0	.05127066	.7320268	.2167025	0
1303.15	0	.04909302	.7338594	.2170476	0
1302.15	0	.04692429	.7356845	.2173912	0
1301.15	0	.0447645	.737502	.2177335	0
1300.15	0	.04261366	.7393118	.2180745	0
1299.15	0	.04047178	.7411141	.2184141	0
1298.15	0	.03833889	.7429087	.2187524	0
1297.15	0	.036215	.7446956	.2190894	0
1296.15	0	.03410013	.7464749	.219425	0
1295.15	0	.03199431	.7482464	.2197593	0
1294.15	0	.02989755	.7500102	.2200923	0
1293.15	0	.02780987	.7517662	.220424	0
1292.15	0	.0257313	.7535144	.2207543	0
1291.15	0	.02366185	.7552548	.2210834	0
1290.15	0	.02160155	.7569873	.2214112	0
1289.15	0	.01955042	.758712	.2217376	0
1288.15	0	.01750849	.7604287	.2220628	0
1287.15	0	.01547577	.7621376	.2223867	0
1286.15	0	.0134523	.7638385	.2227092	0
1285.15	0	.01143809	.7655314	.2230305	0
1284.15	0	.009433176	.7672163	.2233506	0
1283.15	0	.007437578	.7688931	.2236693	0
1282.15	0	.005451326	.7705619	.2239868	0
1281.15	0	.003474445	.7722226	.224303	0
1280.15	0	.001506962	.7738751	.224618	0
1279.381	0	0	.7751407	.2248593	0
1279.381	0	0	.7751407	.2248593	0
1279.15	0	0	.7750862	.2249138	0
1278.15	0	0	.7748506	.2251494	0
1277.15	0	0	.7746155	.2253845	0
1276.15	0	0	.7743809	.2256191	0
1275.15	0	0	.7741467	.2258533	0
1274.15	0	0	.773913	.226087	0
1273.15	0	0	.7736799	.2263202	0
1272.15	0	0	.7734471	.2265529	0
1271.15	0	0	.7732149	.2267851	0
1270.15	0	0	.7729831	.2270169	0
1269.15	0	0	.7727518	.2272482	0
1268.15	0	0	.7725209	.2274791	0
1267.15	0	0	.7722906	.2277094	0
1266.15	0	0	.7720607	.2279393	0
1265.15	0	0	.7718312	.2281688	0
1264.15	0	0	.7716023	.2283977	0
1263.15	0	0	.7713738	.2286262	0
1262.15	0	0	.7711458	.2288542	0
1261.15	0	0	.7709182	.2290818	0
1260.15	0	0	.7706911	.2293089	0
1259.15	0	0	.7704645	.2295355	0
1258.15	0	0	.7702383	.2297617	0
1257.15	0	0	.7700126	.2299874	0
1256.15	0	0	.7697874	.2302126	0
1255.15	0	0	.7695626	.2304374	0
1254.15	0	0	.7693383	.2306617	0
1253.15	0	0	.7691145	.2308855	0
1252.15	0	0	.7688911	.2311089	0
1251.15	0	0	.7686681	.2313319	0
1250.15	0	0	.7684457	.2315543	0
1249.15	0	0	.7682236	.2317764	0
1248.15	0	0	.7680021	.2319979	0
1247.15	0	0	.767781	.232219	0
1246.15	0	0	.7675603	.2324397	0
1245.15	0	0	.7673401	.2326599	0
1244.15	0	0	.7671204	.2328796	0
1243.15	0	0	.7669011	.2330989	0
1242.15	0	0	.7666823	.2333177	0
1241.15	0	0	.7664639	.2335361	0
1240.15	0	0	.7662459	.2337541	0
1239.15	0	0	.7660285	.2339716	0
1238.15	0	0	.7658114	.2341886	0
1237.15	0	0	.7655948	.2344052	0
1236.15	0	0	.7653787	.2346213	0
1235.15	0	0	.765163	.234837	0
1234.15	0	0	.7649478	.2350522	0
1233.15	0	0	.764733	.235267	0
1232.15	0	0	.7645186	.2354814	0
1231.15	0	0	.7643047	.2356953	0
1230.15	0	0	.7640913	.2359087	0
1229.15	0	0	.7638782	.2361218	0
1228.15	0	0	.7636657	.2363343	0
1227.15	0	0	.7634535	.2365465	0
1226.15	0	0	.7632419	.2367581	0
1225.15	0	0	.7630306	.2369694	0
1224.15	0	0	.7628198	.2371802	0
1223.15	0	0	.7626094	.2373906	0
1222.15	0	0	.7623995	.2376005	0
1221.15	0	0	.76219	.23781	0
1220.15	0	0	.761981	.238019	0
1219.15	0	0	.7617723	.2382277	0
1218.15	0	0	.7615642	.2384358	0
1217.15	0	0	.7613564	.2386436	0
1216.15	0	0	.7611491	.2388509	0
1215.15	0	0	.7609422	.2390578	0
1214.15	0	0	.7607358	.2392642	0
1213.15	0	0	.7605298	.2394702	0
1212.15	0	0	.7603242	.2396758	0
1211.15	0	0	.7601191	.2398809	0
1210.15	0	0	.7599144	.2400856	0
1209.15	0	0	.7597101	.2402899	0
1208.15	0	0	.7595062	.2404938	0
1207.15	0	0	.7593028	.2406972	0
1206.15	0	0	.7590998	.2409002	0
1205.15	0	0	.7588973	.2411027	0
1204.15	0	0	.7586951	.2413049	0
1203.15	0	0	.7584934	.2415066	0
1202.15	0	0	.7582922	.2417079	0
1201.15	0	0	.7580913	.2419087	0
1200.15	0	0	.7578909	.2421091	0
1199.15	0	0	.7576909	.2423091	0
1198.15	0	0	.7574913	.2425087	0
1197.15	0	0	.7572921	.2427079	0
1196.15	0	0	.7570934	.2429066	0
1195.15	0	0	.7568951	.2431049	0
1194.15	0	0	.7566972	.2433028	0
1193.15	0	0	.7564997	.2435003	0
1192.15	0	0	.7563027	.2436973	0
1191.15	0	0	.7561061	.243894	0
1190.15	0	0	.7559098	.2440902	0
1189.15	0	0	.7557141	.244286	0
1188.15	0	0	.7555183	.2444817	0
1187.15	0	0	.7553234	.2446766	0
1186.15	0	0	.7551288	.2448712	0
1185.15	0	0	.7549347	.2450653	0
1184.15	0	0	.754741	.245259	0
1183.15	0	0	.7545477	.2454523	0
1182.15	0	0	.7543548	.2456452	0
1181.15	0	0	.7541624	.2458376	0
1180.15	0	0	.7539703	.2460297	0
1179.15	0	0	.7537787	.2462213	0
1178.15	0	0	.7535875	.2464125	0
1177.15	0	0	.7533967	.2466033	0
1176.15	0	0	.7532063	.2467937	0
1175.15	0	0	.7530163	.2469837	0
1174.15	0	0	.7528267	.2471733	0
1173.15	0	0	.7526376	.2473624	0
1172.15	0	0	.7524488	.2475512	0
1171.15	0	0	.7522605	.2477395	0
1170.15	0	0	.7520725	.2479275	0
1169.15	0	0	.751885	.248115	0
1168.15	0	0	.7516979	.2483021	0
1167.15	0	0	.7515112	.2484888	0
1166.15	0	0	.7513249	.2486751	0
1165.15	0	0	.751139	.248861	0
1164.15	0	0	.7509535	.2490465	0
1163.15	0	0	.7507684	.2492316	0
1162.15	0	0	.7505837	.2494163	0
1161.15	0	0	.7503994	.2496006	0
1160.15	0	0	.7502155	.2497845	0
1159.15	0	0	.7500321	.2499679	0
1158.15	0	0	.749849	.250151	0
1157.15	0	0	.7496663	.2503337	0
1156.15	0	0	.749484	.250516	0
1155.15	0	0	.7493022	.2506978	0
1154.15	0	0	.7491207	.2508793	0
1153.15	0	0	.7489396	.2510604	0
1152.15	0	0	.748759	.251241	0
1151.15	0	0	.7485787	.2514213	0
1150.15	0	0	.7483988	.2516012	0
1149.15	0	0	.7482193	.2517807	0
1148.15	0	0	.7480403	.2519597	0
1147.15	0	0	.7478616	.2521384	0
1146.15	0	0	.7476833	.2523167	0
1145.15	0	0	.7475054	.2524946	0
1144.15	0	0	.7473279	.2526721	0
1143.15	0	0	.7471508	.2528492	0
1142.15	0	0	.7469741	.2530259	0
1141.15	0	0	.7467978	.2532022	0
1140.15	0	0	.7466219	.2533781	0
1139.15	0	0	.7464464	.2535536	0
1138.15	0	0	.7462712	.2537288	0
1137.15	0	0	.7460965	.2539035	0
1136.15	0	0	.7459222	.2540778	0
1135.15	0	0	.7457482	.2542518	0
1134.15	0	0	.7455746	.2544254	0
1133.15	0	0	.7454015	.2545985	0
1132.15	0	0	.7452287	.2547713	0
1131.15	0	0	.7450563	.2549437	0
1130.15	0	0	.7448843	.2551157	0
1129.15	0	0	.7447127	.2552873	0
1128.15	0	0	.7445414	.2554586	0
1127.15	0	0	.7443706	.2556294	0
1126.15	0	0	.7442002	.2557998	0
1125.15	0	0	.7440301	.2559699	0
1124.15	0	0	.7438604	.2561396	0
1123.15	0	0	.7436911	.2563089	0
1122.15	0	0	.7435222	.2564778	0
1121.15	0	0	.7433537	.2566463	0
1120.15	0	0	.7431855	.2568145	0
1119.15	0	0	.7430178	.2569822	0
1118.15	0	0	.7428504	.2571496	0
1117.15	0	0	.7426834	.2573166	0
1116.15	0	0	.7425168	.2574832	0
1115.15	0	0	.7423506	.2576494	0
1114.15	0	0	.7421848	.2578152	0
1113.15	0	0	.7420193	.2579807	0
1112.15	0	0	.7418542	.2581458	0
1111.15	0	0	.7416895	.2583105	0
1110.15	0	0	.7415252	.2584748	0
1109.15	0	0	.7413613	.2586387	0
1108.15	0	0	.7411977	.2588023	0
1107.15	0	0	.7410345	.2589655	0
1106.15	0	0	.7408717	.2591283	0
1105.15	0	0	.7407093	.2592907	0
1104.15	0	0	.7405473	.2594527	0
1103.15	0	0	.7403856	.2596144	0
1102.15	0	0	.7402243	.2597757	0
1101.15	0	0	.7400634	.2599366	0
1100.15	0	0	.7399029	.2600971	0
1099.15	0	0	.7397427	.2602573	0
1098.15	0	0	.7395829	.2604171	0
1097.15	0	0	.7394235	.2605765	0
1096.15	0	0	.7392645	.2607355	0
1095.15	0	0	.7391058	.2608942	0
1094.15	0	0	.7389475	.2610525	0
1093.15	0	0	.7387896	.2612104	0
1092.15	0	0	.7386321	.261368	0
1091.15	0	0	.7384749	.2615251	0
1090.15	0	0	.7383181	.2616819	0
1089.15	0	0	.7381617	.2618383	0
1088.15	0	0	.7380056	.2619944	0
1087.15	0	0	.7378499	.2621501	0
1086.15	0	0	.7376946	.2623054	0
1085.15	0	0	.7375397	.2624603	0
1084.15	0	0	.7373851	.2626149	0
1083.15	0	0	.7372309	.2627691	0
1082.15	0	0	.7370771	.2629229	0
1081.15	0	0	.7369236	.2630764	0
1080.15	0	0	.7367705	.2632295	0
1079.15	0	0	.7366178	.2633822	0
1078.15	0	0	.7364654	.2635346	0
1077.15	0	0	.7363134	.2636866	0
1076.15	0	0	.7361618	.2638382	0
1075.15	0	0	.7360105	.2639895	0
1074.15	0	0	.7358597	.2641404	0
1073.15	0	0	.7357091	.2642909	0
1072.15	0	0	.735559	.264441	0
1071.15	0	0	.7354092	.2645908	0
1070.15	0	0	.7352597	.2647403	0
1069.15	0	0	.7351107	.2648893	0
1068.15	0	0	.734962	.265038	0
1067.15	0	0	.7348136	.2651864	0
1066.15	0	0	.7346657	.2653343	0
1065.15	0	0	.7345181	.265482	0
1064.15	0	0	.7343708	.2656292	0
1063.15	0	0	.7342239	.2657761	0
1062.15	0	0	.7340774	.2659226	0
1061.15	0	0	.7339312	.2660688	0
1060.15	0	0	.7337854	.2662146	0
1059.15	0	0	.73364	.26636	0
1058.15	0	0	.7334949	.2665051	0
1057.15	0	0	.7333502	.2666498	0
1056.15	0	0	.7332058	.2667942	0
1055.15	0	0	.7330618	.2669382	0
1054.15	0	0	.7329182	.2670818	0
1053.15	0	0	.7327749	.2672251	0
1052.15	0	0	.732632	.267368	0
1051.15	0	0	.7324894	.2675106	0
1050.15	0	0	.7323472	.2676528	0
1049.15	0	0	.7322054	.2677947	0
1048.15	0	0	.7320639	.2679361	0
1047.15	0	0	.7319227	.2680773	0
1046.15	0	0	.7317819	.2682181	0
1045.15	0	0	.7316415	.2683585	0
1044.15	0	0	.7315015	.2684986	0
1043.15	0	0	.7313617	.2686383	0
1042.15	0	0	.7312224	.2687776	0
1041.15	0	0	.7310834	.2689166	0
1040.15	0	0	.7309447	.2690553	0
1039.15	0	0	.7308064	.2691936	0
1038.15	0	0	.7306685	.2693315	0
1037.15	0	0	.7305309	.2694691	0
1036.15	0	0	.7303937	.2696063	0
1035.15	0	0	.7302568	.2697432	0
1034.15	0	0	.7301203	.2698797	0
1033.15	0	0	.7299841	.2700159	0
1032.15	0	0	.7298483	.2701517	0
1031.15	0	0	.7297128	.2702872	0
1030.15	0	0	.7295777	.2704223	0
1029.15	0	0	.7294429	.2705571	0
1028.15	0	0	.7293085	.2706915	0
1027.15	0	0	.7291745	.2708256	0
1026.15	0	0	.7290407	.2709593	0
1025.15	0	0	.7289074	.2710926	0
1024.15	0	0	.7287744	.2712257	0
1023.15	0	0	.7286417	.2713583	0
1022.15	0	0	.7285094	.2714906	0
1021.15	0	0	.7283774	.2716226	0
1020.15	0	0	.7282458	.2717542	0
1019.15	0	0	.7281145	.2718855	0
1018.15	0	0	.7279836	.2720164	0
1017.861	0	0	.7279458	.2720542	0
1017.861	0	0	.7279458	.2720542	0
1017.861	0	0	.7279458	.2720542	0
1017.15	0	.001820265	.7260649	.2721148	0
1016.15	0	.004392648	.7234075	.2721998	0
1015.15	0	.006980208	.7207353	.2722845	0
1014.15	0	.009582721	.7180484	.2723689	0
1013.15	0	.01219996	.7153472	.2724529	0
1012.15	0	.0148317	.7126317	.2725366	0
1011.15	0	.01747771	.7099023	.27262	0
1010.15	0	.02013775	.7071592	.272703	0
1009.15	0	.0228116	.7044027	.2727857	0
1008.15	0	.02549902	.7016328	.2728682	0
1007.15	0	.02819978	.69885	.2729503	0
1006.15	0	.03091362	.6960543	.2730321	0
1005.15	0	.03364033	.6932461	.2731135	0
1004.15	0	.03637964	.6904257	.2731947	0
1003.15	0	.03913133	.6875931	.2732756	0
1002.15	0	.04189516	.6847487	.2733561	0
1001.15	0	.04467086	.6818928	.2734364	0
1000.15	0	.04745821	.6790255	.2735163	0
999.15	0	.05025695	.6761471	.2735959	0
998.15	0	.05306683	.6732579	.2736753	0
997.15	0	.05588762	.6703581	.2737543	0
996.15	0	.05871905	.6674479	.273833	0
995.15	0	.06156088	.6645277	.2739115	0
994.15	0	.06441286	.6615976	.2739896	0
993.15	0	.06727473	.6586579	.2740674	0
992.15	0	.07014624	.6557089	.2741449	0
991.15	0	.07302715	.6527508	.2742221	0
990.15	0	.0759172	.6497838	.274299	0
989.15	0	.07881613	.6468083	.2743756	0
988.15	0	.08172369	.6438245	.2744518	0
987.15	0	.08463963	.6408326	.2745278	0
986.15	0	.08756369	.6378329	.2746034	0
985.15	0	.09049562	.6348256	.2746788	0
984.15	0	.09343517	.6318111	.2747538	0
983.15	0	.09638207	.6287895	.2748285	0
982.15	0	.09933607	.6257611	.2749028	0
981.15	0	.1022969	.6227263	.2749768	0
980.15	0	.1052644	.6196851	.2750505	0
979.15	0	.1082382	.616638	.2751239	0
978.15	0	.1112049	.613597	.2751981	0
977.15	0	.1141625	.6105633	.2752742	0
976.15	0	.1171419	.6075086	.2753495	0
975.15	0	.1201417	.6044342	.2754242	0
974.15	0	.1231603	.6013417	.275498	0
973.15	0	.1261962	.5982326	.2755711	0
972.15	0	.1292482	.5951083	.2756435	0
971.15	0	.1323147	.5919701	.2757152	0
970.15	0	.1353945	.5888193	.2757861	0
969.15	0	.1384864	.5856573	.2758564	0
968.15	0	.141589	.5824851	.2759259	0
967.15	0	.1447013	.5793041	.2759946	0
966.15	0	.147822	.5761153	.2760627	0
965.15	0	.1509501	.5729199	.27613	0
964.15	0	.1540845	.5697189	.2761966	0
963.15	0	.1572241	.5665134	.2762625	0
962.15	0	.1603681	.5633043	.2763276	0
961.15	0	.1635154	.5600926	.276392	0
960.15	0	.1666651	.5568792	.2764557	0
959.15	0	.1698164	.553665	.2765187	0
958.15	0	.1729683	.5504508	.2765809	0
957.15	0	.1761201	.5472376	.2766423	0
956.15	0	.179271	.544026	.276703	0
955.15	0	.1824202	.5408169	.276763	0
954.15	0	.1855669	.5376109	.2768222	0
953.15	0	.1887105	.5344089	.2768806	0
952.15	0	.1918503	.5312114	.2769382	0
951.15	0	.1949857	.5280192	.2769951	0
950.15	0	.1981159	.5248329	.2770512	0
949.15	0	.2012405	.521653	.2771065	0
948.15	0	.2043588	.5184802	.277161	0
947.15	0	.2074702	.515315	.2772148	0
946.15	0	.2105743	.512158	.2772677	0
945.15	0	.2136705	.5090097	.2773198	0
944.15	0	.2167583	.5058706	.2773711	0
943.15	0	.2198373	.5027412	.2774215	0
942.15	0	.222907	.4996219	.2774711	0
941.15	0	.2259669	.4965132	.2775199	0
940.15	0	.2290167	.4934155	.2775679	0
939.15	0	.2320559	.4903291	.277615	0
938.15	0	.2350842	.4872546	.2776612	0
937.15	0	.2381012	.4841922	.2777066	0
936.15	0	.2411065	.4811424	.2777511	0
935.15	0	.2440998	.4781054	.2777947	0
934.15	0	.2470809	.4750816	.2778375	0
933.15	0	.2500493	.4720714	.2778794	0
932.15	0	.2530048	.4690749	.2779203	0
931.15	0	.2559471	.4660925	.2779604	0
930.15	0	.258876	.4631245	.2779996	0
929.15	0	.2617911	.4601711	.2780378	0
928.15	0	.2646923	.4572325	.2780751	0
927.15	0	.2675794	.4543091	.2781115	0
926.15	0	.270452	.451401	.278147	0
925.15	0	.27331	.4485085	.2781815	0
924.15	0	.2761532	.4456317	.2782151	0
923.15	0	.2789814	.4427709	.2782477	0
922.15	0	.2817944	.4399262	.2782794	0
921.15	0	.2845921	.4370978	.2783101	0
920.15	0	.2873742	.4342859	.2783398	0
919.15	0	.2901407	.4314907	.2783686	0
918.15	0	.2928914	.4287122	.2783964	0
917.15	0	.2956261	.4259507	.2784232	0
916.15	0	.2983447	.4232063	.278449	0
915.15	0	.3010472	.4204791	.2784738	0
914.15	0	.3037332	.4177692	.2784976	0
913.15	0	.3064029	.4150767	.2785204	0
912.15	0	.309056	.4124018	.2785422	0
911.15	0	.3116924	.4097446	.278563	0
910.15	0	.3143121	.4071052	.2785828	0
909.15	0	.316915	.4044835	.2786015	0
908.15	0	.3195009	.4018799	.2786192	0
907.15	0	.3220699	.3992942	.2786359	0
906.15	0	.3246217	.3967267	.2786516	0
905.15	0	.3271565	.3941773	.2786662	0
904.15	0	.329674	.3916462	.2786798	0
903.15	0	.3321743	.3891334	.2786923	0
902.15	0	.3346572	.386639	.2787039	0
901.15	0	.3371227	.384163	.2787143	0
900.15	0	.3395708	.3817055	.2787237	0
899.15	0	.3420014	.3792665	.2787321	0
898.15	0	.3444145	.3768461	.2787394	0
897.15	0	.34681	.3744444	.2787457	0
896.15	0	.3491878	.3720613	.2787509	0
895.15	0	.3515481	.3696969	.2787551	0
894.15	0	.3538906	.3673513	.2787582	0
893.15	0	.3562153	.3650244	.2787602	0
892.15	0	.3585224	.3627164	.2787612	0
891.15	0	.3608116	.3604272	.2787612	0
890.15	0	.363083	.3581569	.2787601	0
889.15	0	.3653366	.3559055	.278758	0
888.15	0	.3675723	.353673	.2787548	0
887.15	0	.3697901	.3514594	.2787505	0
886.15	0	.3719899	.3492648	.2787453	0
885.15	0	.3741719	.3470891	.278739	0
884.15	0	.3763359	.3449325	.2787316	0
883.15	0	.378482	.3427948	.2787233	0
882.15	0	.38061	.3406761	.2787139	0
881.15	0	.3827201	.3385765	.2787035	0
880.15	0	.3848122	.3364958	.278692	0
879.15	0	.3868862	.3344342	.2786796	0
878.15	0	.3889423	.3323916	.2786661	0
877.15	0	.3909803	.330368	.2786517	0
876.15	0	.3930003	.3283634	.2786363	0
875.15	0	.3950023	.3263779	.2786198	0
874.15	0	.3969862	.3244114	.2786024	0
873.15	0	.3989521	.3224638	.2785841	0
872.15	0	.4009	.3205353	.2785648	0
871.15	0	.4028299	.3186257	.2785445	0
870.15	0	.4047417	.316735	.2785233	0
869.15	0	.4066356	.3148633	.2785011	0
868.15	0	.4085114	.3130105	.278478	0
867.15	0	.4103693	.3111767	.278454	0
866.15	0	.4122092	.3093616	.2784291	0
865.15	0	.4140312	.3075654	.2784033	0
864.15	0	.4158353	.305788	.2783767	0
863.15	0	.4176215	.3040294	.2783491	0
862.15	0	.4193898	.3022895	.2783207	0
861.15	0	.4211403	.3005682	.2782915	0
860.15	0	.422873	.2988656	.2782614	0
859.15	0	.4245879	.2971816	.2782305	0
858.15	0	.4262851	.2955161	.2781988	0
857.15	0	.4279646	.2938691	.2781663	0
856.15	0	.4296265	.2922404	.2781331	0
855.15	0	.4312708	.2906302	.278099	0
854.15	0	.4328976	.2890382	.2780642	0
853.15	0	.434507	.2874644	.2780286	0
852.15	0	.4360989	.2859088	.2779924	0
851.15	0	.4376735	.2843712	.2779554	0
850.15	0	.4392308	.2828516	.2779177	0
849.15	0	.4407709	.2813498	.2778793	0
848.15	0	.4422938	.2798659	.2778403	0
847.15	0	.4437998	.2783996	.2778006	0
846.15	0	.4452888	.276951	.2777602	0
845.15	0	.4467609	.2755199	.2777193	0
844.6855	0	.4474389	.2748611	.2777	0
844.6855	0	.4474389	.2748611	.2777	0
844.6855	0	.4474389	.2748611	.2777	0
844.15	0	.4532886	.2679331	.2761788	.00259949
843.15	0	.4638698	.2553723	.2734015	.007356357
842.15	0	.4740254	.2432797	.2707034	.01199152
841.15	0	.4837771	.2316314	.2680809	.01651052
840.15	0	.4931456	.2204053	.2655305	.02091852
839.15	0	.5021499	.2095805	.2630493	.02522034
838.15	0	.5108078	.1991376	.2606341	.02942051
837.15	0	.519136	.1890585	.2582822	.03352324
836.15	0	.52715	.1793263	.2559912	.03753251
835.15	0	.5348646	.1699249	.2537584	.04145204
834.15	0	.5422934	.1608396	.2515817	.04528532
833.15	0	.5494493	.1520562	.2494589	.04903565
832.15	0	.5563445	.1435615	.2473878	.05270614
831.15	0	.5629904	.1353432	.2453667	.0562997
830.15	0	.5693977	.1273895	.2433937	.05981911
829.15	0	.5755765	.1196894	.2414671	.06326696
828.15	0	.5815365	.1122325	.2395853	.06664573
827.15	0	.5872867	.1050089	.2377466	.06995776
826.15	0	.5928357	.09800926	.2359498	.07320526
825.15	0	.5981916	.09122485	.2341933	.07639032
824.15	0	.603362	.08464729	.2324758	.07951495
823.15	0	.6083542	.07826864	.2307962	.08258103
822.15	0	.6131751	.0720814	.2291531	.08559038
821.15	0	.6178313	.06607843	.2275455	.0885447
820.15	0	.6223291	.06025295	.2259723	.09144563
819.15	0	.6266743	.0545985	.2244325	.09429473
818.15	0	.6308725	.04910897	.222925	.09709347
817.15	0	.6349293	.04377848	.2214489	.09984329
816.15	0	.6388496	.03860149	.2200034	.1025455
815.15	0	.6426384	.03357266	.2185875	.1052015
814.15	0	.6463003	.02868694	.2172003	.1078124
813.15	0	.6498398	.02393948	.2158412	.1103795
812.15	0	.6532611	.01932565	.2145094	.1129038
811.15	0	.6565683	.01484104	.2132041	.1153866
810.15	0	.6597653	.0104814	.2119246	.1178287
809.15	0	.6628558	.006242689	.2106703	.1202313
808.15	0	.6658433	.002121026	.2094404	.1225953
807.6243	0	.6673737	0	.2088035	.1238228
807.6243	0	.6673737	0	.2088035	.1238228
807.15	0	.6673135	0	.2087041	.1239824
806.15	0	.6671871	0	.2084951	.1243179
805.15	0	.6670613	0	.2082867	.124652
804.15	0	.6669361	0	.2080791	.1249848
803.15	0	.6668117	0	.2078721	.1253162
802.15	0	.6666878	0	.2076658	.1256464
801.15	0	.6665646	0	.2074602	.1259752
800.15	0	.6664421	0	.2072553	.1263026
799.15	0	.6663202	0	.207051	.1266288
798.15	0	.6661989	0	.2068475	.1269537
797.15	0	.6660782	0	.2066446	.1272772
796.15	0	.6659582	0	.2064424	.1275995
795.15	0	.6658387	0	.2062408	.1279205
794.15	0	.6657199	0	.20604	.1282402
793.15	0	.6656017	0	.2058398	.1285586
792.15	0	.665484	0	.2056403	.1288757
791.15	0	.665367	0	.2054414	.1291916
790.15	0	.6652505	0	.2052433	.1295062
789.15	0	.6651347	0	.2050457	.1298196
788.15	0	.6650194	0	.2048489	.1301317
787.15	0	.6649047	0	.2046527	.1304426
786.15	0	.6647906	0	.2044573	.1307522
785.15	0	.664677	0	.2042624	.1310606
784.15	0	.664564	0	.2040682	.1313677
783.15	0	.6644516	0	.2038747	.1316737
782.15	0	.6643397	0	.2036819	.1319784
781.15	0	.6642284	0	.2034897	.1322819
780.15	0	.6641176	0	.2032982	.1325842
779.15	0	.6640074	0	.2031073	.1328853
778.15	0	.6638977	0	.2029171	.1331851
777.15	0	.6637886	0	.2027276	.1334838
776.15	0	.66368	0	.2025387	.1337813
775.15	0	.6635719	0	.2023505	.1340776
774.15	0	.6634644	0	.2021629	.1343727
773.15	0	.6633574	0	.201976	.1346667
772.15	0	.6632509	0	.2017897	.1349594
771.15	0	.6631449	0	.2016041	.135251
770.15	0	.6630394	0	.2014191	.1355414
769.15	0	.6629345	0	.2012348	.1358307
768.15	0	.6628301	0	.2010511	.1361188
767.15	0	.6627262	0	.2008681	.1364057
766.15	0	.6626227	0	.2006857	.1366915
765.15	0	.6625198	0	.200504	.1369762
764.15	0	.6624174	0	.2003229	.1372597
763.15	0	.6623155	0	.2001425	.137542
762.15	0	.662214	0	.1999627	.1378233
761.15	0	.6621131	0	.1997836	.1381034
760.15	0	.6620126	0	.199605	.1383824
759.15	0	.6619126	0	.1994272	.1386602
758.15	0	.6618131	0	.19925	.1389369
757.15	0	.6617141	0	.1990734	.1392125
756.15	0	.6616156	0	.1988974	.139487
755.15	0	.6615175	0	.1987221	.1397604
754.15	0	.6614199	0	.1985474	.1400327
753.15	0	.6613228	0	.1983734	.1403039
752.15	0	.6612261	0	.1982	.1405739
751.15	0	.6611299	0	.1980272	.1408429
750.15	0	.6610342	0	.197855	.1411108
749.15	0	.6609389	0	.1976835	.1413776
748.15	0	.6608441	0	.1975126	.1416433
747.15	0	.6607497	0	.1973424	.1419079
746.15	0	.6606558	0	.1971728	.1421715
745.15	0	.6605623	0	.1970038	.142434
744.15	0	.6604693	0	.1968354	.1426954
743.15	0	.6603767	0	.1966677	.1429557
742.15	0	.6602845	0	.1965005	.1432149
741.15	0	.6601928	0	.196334	.1434731
740.15	0	.6601016	0	.1961682	.1437303
739.15	0	.6600107	0	.1960029	.1439864
738.15	0	.6599203	0	.1958383	.1442414
737.15	0	.6598304	0	.1956743	.1444953
736.15	0	.6597409	0	.1955109	.1447482
735.15	0	.6596518	0	.1953481	.1450001
734.15	0	.6595631	0	.195186	.145251
733.15	0	.6594748	0	.1950244	.1455007
732.15	0	.659387	0	.1948635	.1457495
731.15	0	.6592996	0	.1947032	.1459972
730.15	0	.6592126	0	.1945435	.1462439
729.15	0	.659126	0	.1943845	.1464895
728.15	0	.6590398	0	.194226	.1467342
727.15	0	.6589541	0	.1940681	.1469778
726.15	0	.6588687	0	.1939109	.1472203
725.15	0	.6587838	0	.1937543	.1474619
724.15	0	.6586993	0	.1935983	.1477024
723.15	0	.6586152	0	.1934429	.147942
722.15	0	.6585315	0	.1932881	.1481805
721.15	0	.6584481	0	.1931339	.148418
720.15	0	.6583652	0	.1929803	.1486545
719.15	0	.6582827	0	.1928273	.14889
718.15	0	.6582006	0	.1926749	.1491245
717.15	0	.6581189	0	.1925231	.149358
716.15	0	.6580375	0	.1923719	.1495905
715.15	0	.6579566	0	.1922214	.149822
714.15	0	.6578761	0	.1920714	.1500526
713.15	0	.6577959	0	.191922	.1502821
712.15	0	.6577161	0	.1917732	.1505106
711.15	0	.6576367	0	.191625	.1507382
710.15	0	.6575577	0	.1914775	.1509648
709.15	0	.6574791	0	.1913305	.1511904
708.15	0	.6574009	0	.1911841	.151415
707.15	0	.657323	0	.1910383	.1516387
706.15	0	.6572456	0	.1908931	.1518614
705.15	0	.6571685	0	.1907485	.1520831
704.15	0	.6570917	0	.1906045	.1523038
703.15	0	.6570154	0	.190461	.1525236
702.15	0	.6569394	0	.1903182	.1527424
701.15	0	.6568638	0	.1901759	.1529603
700.15	0	.6567886	0	.1900343	.1531772
699.15	0	.6567137	0	.1898932	.1533931
698.15	0	.6566392	0	.1897527	.1536081
697.15	0	.656565	0	.1896128	.1538222
696.15	0	.6564913	0	.1894735	.1540353
695.15	0	.6564179	0	.1893347	.1542474
694.15	0	.6563448	0	.1891966	.1544586
693.15	0	.6562721	0	.189059	.1546689
692.15	0	.6561998	0	.188922	.1548782
691.15	0	.6561278	0	.1887856	.1550866
690.15	0	.6560562	0	.1886498	.155294
689.15	0	.655985	0	.1885145	.1555005
688.15	0	.6559141	0	.1883799	.1557061
687.15	0	.6558435	0	.1882458	.1559107
686.15	0	.6557733	0	.1881122	.1561145
685.15	0	.6557035	0	.1879793	.1563172
684.15	0	.655634	0	.1878469	.1565191
683.15	0	.6555648	0	.1877151	.1567201
682.15	0	.655496	0	.1875839	.1569201
681.15	0	.6554276	0	.1874532	.1571192
680.15	0	.6553594	0	.1873231	.1573174
679.15	0	.6552917	0	.1871936	.1575147
678.15	0	.6552243	0	.1870647	.1577111
677.15	0	.6551572	0	.1869363	.1579066
676.15	0	.6550904	0	.1868085	.1581011
675.15	0	.655024	0	.1866812	.1582948
674.15	0	.6549579	0	.1865545	.1584875
673.15	0	.6548922	0	.1864284	.1586794
672.15	0	.6548268	0	.1863028	.1588704
671.15	0	.6547617	0	.1861778	.1590604
670.15	0	.654697	0	.1860534	.1592496
669.15	0	.6546326	0	.1859295	.1594379
668.15	0	.6545686	0	.1858062	.1596252
667.15	0	.6545048	0	.1856834	.1598118
666.15	0	.6544414	0	.1855612	.1599974
665.15	0	.6543783	0	.1854396	.1601821
664.15	0	.6543156	0	.1853185	.1603659
663.15	0	.6542531	0	.185198	.1605489
662.15	0	.654191	0	.185078	.160731
661.15	0	.6541293	0	.1849585	.1609122
660.15	0	.6540678	0	.1848397	.1610925
659.15	0	.6540067	0	.1847213	.161272
658.15	0	.6539459	0	.1846036	.1614506
657.15	0	.6538854	0	.1844863	.1616283
656.15	0	.6538252	0	.1843696	.1618052
655.15	0	.6537653	0	.1842535	.1619812
654.15	0	.6537058	0	.1841379	.1621563
653.15	0	.6536466	0	.1840228	.1623306
652.15	0	.6535876	0	.1839083	.162504
651.15	0	.653529	0	.1837944	.1626766
650.15	0	.6534707	0	.1836809	.1628483
649.15	0	.6534128	0	.1835681	.1630192
648.15	0	.6533551	0	.1834557	.1631892
647.15	0	.6532978	0	.1833439	.1633583
646.15	0	.6532407	0	.1832326	.1635266
645.15	0	.653184	0	.1831219	.1636941
644.15	0	.6531275	0	.1830117	.1638607
643.15	0	.6530714	0	.1829021	.1640265
642.15	0	.6530156	0	.1827929	.1641915
641.15	0	.6529601	0	.1826843	.1643556
640.15	0	.6529049	0	.1825762	.1645189
639.15	0	.6528499	0	.1824687	.1646814
638.15	0	.6527953	0	.1823617	.164843
637.15	0	.652741	0	.1822552	.1650038
636.15	0	.652687	0	.1821493	.1651638
635.15	0	.6526333	0	.1820438	.1653229
634.15	0	.6525798	0	.1819389	.1654812
633.15	0	.6525267	0	.1818346	.1656387
632.15	0	.6524739	0	.1817307	.1657954
631.15	0	.6524214	0	.1816274	.1659513
630.15	0	.6523691	0	.1815245	.1661064
629.15	0	.6523172	0	.1814222	.1662606
628.15	0	.6522655	0	.1813205	.1664141
627.15	0	.6522141	0	.1812192	.1665667
626.15	0	.652163	0	.1811184	.1667185
625.15	0	.6521123	0	.1810182	.1668695
624.15	0	.6520618	0	.1809185	.1670198
623.15	0	.6520115	0	.1808193	.1671692
622.15	0	.6519616	0	.1807206	.1673178
621.15	0	.651912	0	.1806224	.1674657
620.15	0	.6518626	0	.1805247	.1676127
619.15	0	.6518135	0	.1804275	.167759
618.15	0	.6517647	0	.1803309	.1679044
617.15	0	.6517162	0	.1802347	.1680491
616.15	0	.651668	0	.180139	.168193
615.15	0	.65162	0	.1800439	.1683361
614.15	0	.6515723	0	.1799492	.1684785
613.15	0	.6515249	0	.1798551	.16862
612.15	0	.6514778	0	.1797614	.1687608
611.15	0	.6514309	0	.1796683	.1689008
610.15	0	.6513844	0	.1795756	.16904
609.15	0	.6513381	0	.1794834	.1691785
608.15	0	.651292	0	.1793918	.1693162
607.15	0	.6512463	0	.1793006	.1694532
606.15	0	.6512008	0	.1792099	.1695893
605.15	0	.6511556	0	.1791197	.1697248
604.15	0	.6511106	0	.17903	.1698594
603.15	0	.6510659	0	.1789408	.1699933
602.15	0	.6510215	0	.178852	.1701265
601.15	0	.6509774	0	.1787638	.1702589
600.15	0	.6509335	0	.178676	.1703905
599.15	0	.6508899	0	.1785887	.1705214
598.15	0	.6508465	0	.1785019	.1706516
597.15	0	.6508034	0	.1784156	.170781
596.15	0	.6507606	0	.1783297	.1709097
595.15	0	.650718	0	.1782444	.1710376
594.15	0	.6506757	0	.1781595	.1711648
593.15	0	.6506337	0	.1780751	.1712913
592.15	0	.6505919	0	.1779911	.171417
591.15	0	.6505504	0	.1779076	.171542
590.15	0	.6505091	0	.1778246	.1716663
589.15	0	.6504681	0	.1777421	.1717899
588.15	0	.6504273	0	.17766	.1719127
587.15	0	.6503868	0	.1775784	.1720348
586.15	0	.6503465	0	.1774973	.1721562
585.15	0	.6503065	0	.1774166	.1722769
584.15	0	.6502667	0	.1773364	.1723969
583.15	0	.6502272	0	.1772567	.1725161
582.15	0	.650188	0	.1771774	.1726347
581.15	0	.650149	0	.1770985	.1727525
580.15	0	.6501102	0	.1770202	.1728697
579.15	0	.6500717	0	.1769422	.1729861
578.15	0	.6500334	0	.1768648	.1731018
577.15	0	.6499954	0	.1767878	.1732169
576.15	0	.6499576	0	.1767112	.1733313
575.15	0	.64992	0	.1766351	.1734449
574.15	0	.6498827	0	.1765594	.1735579
573.15	0	.6498457	0	.1764842	.1736702
572.15	0	.6498088	0	.1764094	.1737818
571.15	0	.6497723	0	.1763351	.1738927
570.15	0	.6497359	0	.1762612	.1740029
569.15	0	.6496998	0	.1761877	.1741125
568.15	0	.6496639	0	.1761147	.1742214
567.15	0	.6496283	0	.1760421	.1743296
566.15	0	.6495929	0	.17597	.1744372
565.15	0	.6495577	0	.1758983	.1745441
564.15	0	.6495228	0	.175827	.1746503
563.15	0	.649488	0	.1757561	.1747558
562.15	0	.6494536	0	.1756857	.1748607
561.15	0	.6494193	0	.1756157	.174965
560.15	0	.6493853	0	.1755461	.1750686
559.15	0	.6493515	0	.175477	.1751715
558.15	0	.6493179	0	.1754083	.1752738
557.15	0	.6492846	0	.17534	.1753754
556.15	0	.6492515	0	.1752721	.1754764
555.15	0	.6492186	0	.1752046	.1755768
554.15	0	.6491859	0	.1751376	.1756765
553.15	0	.6491534	0	.175071	.1757756
552.15	0	.6491212	0	.1750048	.175874
551.15	0	.6490892	0	.174939	.1759719
550.15	0	.6490574	0	.1748736	.176069
549.15	0	.6490258	0	.1748086	.1761656
548.15	0	.6489945	0	.174744	.1762615
547.15	0	.6489633	0	.1746798	.1763569
546.15	0	.6489324	0	.174616	.1764516
545.15	0	.6489017	0	.1745527	.1765456
544.15	0	.6488712	0	.1744897	.1766391
543.15	0	.6488409	0	.1744271	.176732
542.15	0	.6488108	0	.1743649	.1768242
541.15	0	.648781	0	.1743032	.1769159
540.15	0	.6487513	0	.1742418	.1770069
539.15	0	.6487219	0	.1741808	.1770974
538.15	0	.6486926	0	.1741202	.1771872
537.15	0	.6486636	0	.1740599	.1772765
536.15	0	.6486347	0	.1740001	.1773652
535.15	0	.6486061	0	.1739407	.1774532
534.15	0	.6485777	0	.1738816	.1775407
533.15	0	.6485495	0	.1738229	.1776276
532.15	0	.6485214	0	.1737646	.177714
531.15	0	.6484936	0	.1737067	.1777997
530.15	0	.648466	0	.1736491	.1778849
529.15	0	.6484386	0	.1735919	.1779695
528.15	0	.6484114	0	.1735351	.1780535
527.15	0	.6483843	0	.1734787	.178137
526.15	0	.6483575	0	.1734226	.1782199
525.15	0	.6483309	0	.1733669	.1783022
524.15	0	.6483044	0	.1733116	.178384
523.15	0	.6482781	0	.1732566	.1784653
522.15	0	.6482521	0	.173202	.178546
521.15	0	.6482262	0	.1731477	.1786261
520.15	0	.6482005	0	.1730938	.1787057
519.15	0	.648175	0	.1730403	.1787847
518.15	0	.6481497	0	.1729871	.1788632
517.15	0	.6481246	0	.1729342	.1789411
516.15	0	.6480997	0	.1728818	.1790186
515.15	0	.6480749	0	.1728296	.1790955
514.15	0	.6480504	0	.1727778	.1791718
513.15	0	.648026	0	.1727264	.1792477
512.15	0	.6480018	0	.1726753	.179323
511.15	0	.6479778	0	.1726245	.1793978
510.15	0	.6479539	0	.1725741	.179472
509.15	0	.6479302	0	.172524	.1795458
508.15	0	.6479068	0	.1724742	.179619
507.15	0	.6478834	0	.1724248	.1796918
506.15	0	.6478603	0	.1723757	.179764
505.15	0	.6478374	0	.172327	.1798357
504.15	0	.6478146	0	.1722785	.1799069
503.15	0	.6477919	0	.1722304	.1799776
502.15	0	.6477695	0	.1721826	.1800479
501.15	0	.6477472	0	.1721352	.1801176
500.15	0	.6477251	0	.172088	.1801869
499.15	0	.6477032	0	.1720412	.1802556
498.15	0	.6476814	0	.1719947	.1803239
497.15	0	.6476598	0	.1719485	.1803917
496.15	0	.6476384	0	.1719026	.180459
495.15	0	.6476171	0	.1718571	.1805258
494.15	0	.647596	0	.1718118	.1805922
493.15	0	.6475751	0	.1717668	.1806581
492.15	0	.6475543	0	.1717222	.1807236
491.15	0	.6475336	0	.1716778	.1807885
490.15	0	.6475132	0	.1716338	.180853
489.15	0	.6474929	0	.17159	.1809171
488.15	0	.6474727	0	.1715466	.1809807
487.15	0	.6474527	0	.1715034	.1810439
486.15	0	.6474329	0	.1714606	.1811066
485.15	0	.6474132	0	.171418	.1811688
484.15	0	.6473937	0	.1713757	.1812306
483.15	0	.6473743	0	.1713337	.181292
482.15	0	.6473551	0	.171292	.1813529
481.15	0	.647336	0	.1712506	.1814135
480.15	0	.6473171	0	.1712094	.1814735
479.15	0	.6472983	0	.1711686	.1815332
478.15	0	.6472796	0	.171128	.1815924
477.15	0	.6472612	0	.1710876	.1816512
476.15	0	.6472428	0	.1710476	.1817096
475.15	0	.6472246	0	.1710078	.1817676
474.15	0	.6472066	0	.1709683	.1818251
473.15	0	.6471887	0	.1709291	.1818823
472.15	0	.6471709	0	.1708901	.181939
471.15	0	.6471533	0	.1708514	.1819953
470.15	0	.6471358	0	.170813	.1820513
469.15	0	.6471184	0	.1707748	.1821068
468.15	0	.6471012	0	.1707369	.182162
467.15	0	.6470841	0	.1706992	.1822167
466.15	0	.6470672	0	.1706618	.1822711
465.15	0	.6470503	0	.1706246	.1823251
464.15	0	.6470337	0	.1705877	.1823787
463.15	0	.6470171	0	.170551	.1824319
462.15	0	.6470007	0	.1705146	.1824847
461.15	0	.6469844	0	.1704784	.1825372
460.15	0	.6469683	0	.1704425	.1825893
459.15	0	.6469522	0	.1704068	.182641
458.15	0	.6469363	0	.1703713	.1826924
457.15	0	.6469206	0	.1703361	.1827434
456.15	0	.6469049	0	.1703011	.182794
455.15	0	.6468894	0	.1702663	.1828443
454.15	0	.646874	0	.1702318	.1828942
453.15	0	.6468587	0	.1701975	.1829438
452.15	0	.6468435	0	.1701634	.1829931
451.15	0	.6468285	0	.1701296	.1830419
450.15	0	.6468136	0	.1700959	.1830905
449.15	0	.6467988	0	.1700626	.1831387
448.15	0	.6467841	0	.1700294	.1831866
447.15	0	.6467695	0	.1699964	.1832341
446.15	0	.6467551	0	.1699636	.1832813
445.15	0	.6467407	0	.1699311	.1833282
444.15	0	.6467265	0	.1698988	.1833747
443.15	0	.6467124	0	.1698667	.1834209
442.15	0	.6466984	0	.1698348	.1834668
441.15	0	.6466845	0	.1698031	.1835124
440.15	0	.6466707	0	.1697716	.1835577
439.15	0	.6466571	0	.1697403	.1836026
438.15	0	.6466435	0	.1697092	.1836473
437.15	0	.6466301	0	.1696783	.1836916
436.15	0	.6466167	0	.1696477	.1837356
435.15	0	.6466035	0	.1696172	.1837793
434.15	0	.6465904	0	.1695869	.1838228
433.15	0	.6465773	0	.1695568	.1838659
432.15	0	.6465644	0	.1695269	.1839087
431.15	0	.6465516	0	.1694972	.1839512
430.15	0	.6465389	0	.1694677	.1839935
429.15	0	.6465263	0	.1694383	.1840354
428.15	0	.6465137	0	.1694092	.1840771
427.15	0	.6465013	0	.1693802	.1841185
426.15	0	.646489	0	.1693514	.1841596
425.15	0	.6464768	0	.1693228	.1842004
424.15	0	.6464646	0	.1692944	.184241
423.15	0	.6464526	0	.1692661	.1842813
422.15	0	.6464407	0	.1692381	.1843213
421.15	0	.6464288	0	.1692101	.184361
420.15	0	.6464171	0	.1691824	.1844005
419.15	0	.6464054	0	.1691548	.1844398
418.15	0	.6463939	0	.1691274	.1844787
417.15	0	.6463824	0	.1691002	.1845175
416.15	0	.646371	0	.1690731	.1845559
415.15	0	.6463597	0	.1690462	.1845942
414.15	0	.6463485	0	.1690194	.1846321
413.15	0	.6463373	0	.1689928	.1846699
412.15	0	.6463263	0	.1689664	.1847074
411.15	0	.6463153	0	.16894	.1847447
410.15	0	.6463044	0	.1689139	.1847817
409.15	0	.6462936	0	.1688879	.1848185
408.15	0	.6462829	0	.168862	.1848551
407.15	0	.6462722	0	.1688363	.1848915
406.15	0	.6462617	0	.1688107	.1849276
405.15	0	.6462512	0	.1687853	.1849635
404.15	0	.6462408	0	.16876	.1849992
403.15	0	.6462304	0	.1687349	.1850347
