T	 BPW(LIQUID)	BPW(BCC_A2)	BPW(FCC_A1)	BPW(LAVES_PHASE_C14)	BPW(NI3TI)
1473.15	0	.5758447	.4241553	0	0
1472.15	0	.5734173	.4265827	0	0
1471.15	0	.5709981	.4290019	0	0
1470.15	0	.5685872	.4314128	0	0
1469.15	0	.5661846	.4338154	0	0
1468.15	0	.5637901	.4362099	0	0
1467.15	0	.5614039	.4385961	0	0
1466.15	0	.5590259	.4409742	0	0
1465.15	0	.556656	.443344	0	0
1464.15	0	.5542944	.4457057	0	0
1463.15	0	.5519409	.4480592	0	0
1462.15	0	.5495955	.4504045	0	0
1461.15	0	.5472583	.4527417	0	0
1460.15	0	.5449293	.4550707	0	0
1459.15	0	.5426083	.4573917	0	0
1458.15	0	.5402955	.4597045	0	0
1457.15	0	.5379907	.4620093	0	0
1456.15	0	.5356941	.4643059	0	0
1455.15	0	.5334055	.4665945	0	0
1454.15	0	.531125	.468875	0	0
1453.15	0	.5288526	.4711474	0	0
1452.15	0	.5265882	.4734118	0	0
1451.15	0	.5243319	.4756681	0	0
1450.15	0	.5220835	.4779165	0	0
1449.15	0	.5198432	.4801568	0	0
1448.15	0	.517611	.482389	0	0
1447.15	0	.5153867	.4846133	0	0
1446.15	0	.5131704	.4868296	0	0
1445.15	0	.5109621	.4890379	0	0
1444.15	0	.5087618	.4912382	0	0
1443.15	0	.5065694	.4934306	0	0
1442.15	0	.504385	.495615	0	0
1441.15	0	.5022085	.4977915	0	0
1440.15	0	.50004	.49996	0	0
1439.15	0	.4978794	.5021206	0	0
1438.15	0	.4957268	.5042732	0	0
1437.15	0	.4935821	.5064179	0	0
1436.15	0	.4914452	.5085548	0	0
1435.15	0	.4893163	.5106837	0	0
1434.15	0	.4871953	.5128047	0	0
1433.15	0	.4850822	.5149178	0	0
1432.15	0	.4829769	.5170231	0	0
1431.15	0	.4808796	.5191204	0	0
1430.15	0	.4787901	.5212099	0	0
1429.15	0	.4767084	.5232916	0	0
1428.15	0	.4746346	.5253654	0	0
1427.15	0	.4725687	.5274313	0	0
1426.15	0	.4705106	.5294894	0	0
1425.15	0	.4684604	.5315396	0	0
1424.15	0	.466418	.533582	0	0
1423.15	0	.4643834	.5356166	0	0
1422.15	0	.4623567	.5376434	0	0
1421.15	0	.4603377	.5396623	0	0
1420.15	0	.4583266	.5416734	0	0
1419.15	0	.4563233	.5436767	0	0
1418.15	0	.4543278	.5456722	0	0
1417.15	0	.4523401	.54766	0	0
1416.15	0	.4503601	.5496399	0	0
1415.15	0	.448388	.551612	0	0
1414.15	0	.4464237	.5535764	0	0
1413.15	0	.4444671	.5555329	0	0
1412.15	0	.4425183	.5574817	0	0
1411.15	0	.4405773	.5594227	0	0
1410.15	0	.4386441	.5613559	0	0
1409.15	0	.4367186	.5632814	0	0
1408.15	0	.4348009	.5651991	0	0
1407.15	0	.4328909	.5671091	0	0
1406.15	0	.4309888	.5690112	0	0
1405.15	0	.4290943	.5709057	0	0
1404.15	0	.4272076	.5727924	0	0
1403.15	0	.4253287	.5746713	0	0
1402.15	0	.4234576	.5765425	0	0
1401.15	0	.4215941	.5784059	0	0
1400.15	0	.4197384	.5802616	0	0
1399.15	0	.4178905	.5821095	0	0
1398.15	0	.4160503	.5839497	0	0
1397.15	0	.4142178	.5857822	0	0
1396.15	0	.4123931	.5876069	0	0
1395.15	0	.4105761	.5894239	0	0
1394.15	0	.4087669	.5912331	0	0
1393.15	0	.4069654	.5930346	0	0
1392.15	0	.4051716	.5948284	0	0
1391.15	0	.4033856	.5966144	0	0
1390.15	0	.4016073	.5983927	0	0
1389.15	0	.3998367	.6001633	0	0
1388.15	0	.3980739	.6019261	0	0
1387.15	0	.3963188	.6036813	0	0
1386.15	0	.3945714	.6054286	0	0
1385.15	0	.3928318	.6071682	0	0
1384.15	0	.3910999	.6089002	0	0
1383.15	0	.3893757	.6106243	0	0
1382.15	0	.3876593	.6123407	0	0
1381.15	0	.3859506	.6140494	0	0
1380.15	0	.3842496	.6157504	0	0
1379.15	0	.3825564	.6174436	0	0
1378.15	0	.380871	.6191291	0	0
1377.15	0	.3791932	.6208068	0	0
1376.15	0	.3775233	.6224768	0	0
1375.15	0	.375861	.624139	0	0
1374.15	0	.3742065	.6257935	0	0
1373.15	0	.3725598	.6274402	0	0
1372.15	0	.3709208	.6290792	0	0
1371.15	0	.3692896	.6307104	0	0
1370.15	0	.3676662	.6323338	0	0
1369.15	0	.3660505	.6339495	0	0
1368.15	0	.3644425	.6355575	0	0
1367.15	0	.3628424	.6371576	0	0
1366.15	0	.36125	.63875	0	0
1365.15	0	.3596654	.6403346	0	0
1364.15	0	.3580886	.6419114	0	0
1363.15	0	.3565195	.6434805	0	0
1362.15	0	.3549583	.6450417	0	0
1361.15	0	.3534048	.6465952	0	0
1360.15	0	.3518591	.6481409	0	0
1359.15	0	.3503213	.6496787	0	0
1358.15	0	.3487912	.6512088	0	0
1357.15	0	.347269	.652731	0	0
1356.15	0	.3457545	.6542455	0	0
1355.15	0	.3442479	.6557521	0	0
1354.15	0	.3427491	.6572509	0	0
1353.15	0	.3412582	.6587418	0	0
1352.15	0	.3397751	.6602249	0	0
1351.15	0	.3382998	.6617002	0	0
1350.15	0	.3368324	.6631676	0	0
1349.15	0	.3353728	.6646272	0	0
1348.15	0	.3339211	.6660789	0	0
1347.15	0	.3324773	.6675227	0	0
1346.15	0	.3310413	.6689587	0	0
1345.15	0	.3296132	.6703868	0	0
1344.15	0	.328193	.671807	0	0
1343.15	0	.3267807	.6732193	0	0
1342.15	0	.3253763	.6746237	0	0
1341.15	0	.3239799	.6760201	0	0
1340.15	0	.3225913	.6774087	0	0
1339.15	0	.3212107	.6787893	0	0
1338.15	0	.319838	.680162	0	0
1337.15	0	.3184732	.6815268	0	0
1336.15	0	.3171164	.6828836	0	0
1335.15	0	.3157676	.6842325	0	0
1334.15	0	.3144267	.6855733	0	0
1333.15	0	.3130938	.6869062	0	0
1332.15	0	.3117688	.6882312	0	0
1331.15	0	.3104519	.6895481	0	0
1330.15	0	.309143	.690857	0	0
1329.15	0	.3078421	.6921579	0	0
1328.15	0	.3065492	.6934508	0	0
1327.15	0	.3052644	.6947357	0	0
1326.15	0	.3039875	.6960125	0	0
1325.15	0	.3027188	.6972812	0	0
1324.15	0	.3014581	.6985419	0	0
1323.15	0	.3002054	.6997946	0	0
1322.15	0	.2989609	.7010391	0	0
1321.15	0	.2977245	.7022755	0	0
1320.15	0	.2964961	.7035039	0	0
1319.15	0	.2952759	.7047241	0	0
1318.15	0	.2940638	.7059362	0	0
1317.15	0	.2928598	.7071402	0	0
1316.15	0	.291664	.708336	0	0
1315.15	0	.2904764	.7095236	0	0
1314.15	0	.2892969	.7107031	0	0
1313.15	0	.2881256	.7118744	0	0
1312.15	0	.2869625	.7130375	0	0
1311.15	0	.2858076	.7141924	0	0
1310.15	0	.284661	.7153391	0	0
1309.15	0	.2835225	.7164775	0	0
1308.15	0	.2823923	.7176077	0	0
1307.15	0	.2812704	.7187296	0	0
1306.15	0	.2801568	.7198432	0	0
1305.15	0	.2790514	.7209486	0	0
1304.15	0	.2779544	.7220456	0	0
1303.15	0	.2768656	.7231344	0	0
1302.15	0	.2757852	.7242148	0	0
1301.15	0	.2747131	.7252869	0	0
1300.15	0	.2736494	.7263506	0	0
1299.15	0	.2725941	.7274059	0	0
1298.15	0	.2715471	.7284529	0	0
1297.15	0	.2705086	.7294914	0	0
1296.15	0	.2694784	.7305216	0	0
1295.15	0	.2684567	.7315433	0	0
1294.15	0	.2674434	.7325566	0	0
1293.15	0	.2664386	.7335614	0	0
1292.15	0	.2654423	.7345577	0	0
1291.15	0	.2644544	.7355456	0	0
1290.15	0	.2634751	.7365249	0	0
1289.15	0	.2625043	.7374957	0	0
1288.15	0	.261542	.738458	0	0
1287.15	0	.2605883	.7394117	0	0
1286.15	0	.2596431	.7403569	0	0
1285.15	0	.2587066	.7412935	0	0
1284.15	0	.2577786	.7422214	0	0
1283.15	0	.2568592	.7431408	0	0
1282.15	0	.2559485	.7440515	0	0
1281.15	0	.2550465	.7449535	0	0
1280.15	0	.2541531	.7458469	0	0
1279.15	0	.2532684	.7467316	0	0
1278.15	0	.2523924	.7476076	0	0
1277.15	0	.2515252	.7484748	0	0
1276.15	0	.2506667	.7493333	0	0
1275.15	0	.2498169	.7501831	0	0
1274.15	0	.2489759	.7510241	0	0
1273.15	0	.2481438	.7518562	0	0
1272.15	0	.2473204	.7526796	0	0
1271.15	0	.2465059	.7534941	0	0
1270.15	0	.2457002	.7542998	0	0
1269.15	0	.2449034	.7550966	0	0
1268.15	0	.2441155	.7558845	0	0
1267.15	0	.2433365	.7566635	0	0
1266.15	0	.2425664	.7574336	0	0
1265.15	0	.2418053	.7581947	0	0
1264.15	0	.2410532	.7589468	0	0
1263.15	0	.24031	.75969	0	0
1262.15	0	.2395759	.7604241	0	0
1261.15	0	.2388507	.7611493	0	0
1260.15	0	.2381347	.7618653	0	0
1259.15	0	.2374277	.7625723	0	0
1258.15	0	.2367298	.7632702	0	0
1257.15	0	.236041	.763959	0	0
1256.15	0	.2353613	.7646387	0	0
1255.15	0	.2346908	.7653092	0	0
1254.15	0	.2340295	.7659705	0	0
1253.15	0	.2333773	.7666227	0	0
1252.15	0	.2327344	.7672656	0	0
1251.15	0	.2321007	.7678993	0	0
1250.15	0	.2314763	.7685237	0	0
1249.15	0	.2308612	.7691388	0	0
1248.15	0	.2302553	.7697447	0	0
1247.476	0	.2298525	.7701476	0	0
1247.476	0	.2298525	.7701476	0	0
1247.476	0	.2298525	.7701476	0	0
1247.15	0	.229203	.7706647	1.323296E-04	0
1246.15	0	.2272219	.7722414	5.367912E-04	0
1245.15	0	.2252546	.7738058	9.396181E-04	0
1244.15	0	.2233012	.775358	.001340815	0
1243.15	0	.2213617	.7768979	.001740385	0
1242.15	0	.2194363	.7784254	.002138334	0
1241.15	0	.2175249	.7799404	.002534665	0
1240.15	0	.2156276	.781443	.002929383	0
1239.15	0	.2137445	.782933	.003322493	0
1238.15	0	.2118756	.7844104	.003713998	0
1237.15	0	.210021	.7858751	.004103903	0
1236.15	0	.2081807	.7873271	.004492213	0
1235.15	0	.2063547	.7887664	.00487893	0
1234.15	0	.2045432	.7901928	.00526406	0
1233.15	0	.2027461	.7916063	.005647607	0
1232.15	0	.2009636	.7930069	.006029574	0
1231.15	0	.1991956	.7943944	.006409967	0
1230.15	0	.1974423	.7957689	.006788789	0
1229.15	0	.1957037	.7971302	.007166045	0
1228.15	0	.1939799	.7984784	.007541738	0
1227.15	0	.1922708	.7998133	.007915872	0
1226.15	0	.1905767	.8011349	.008288452	0
1225.15	0	.1888974	.8024431	.008659482	0
1224.15	0	.1872332	.8037378	.009028966	0
1223.15	0	.185584	.8050191	.009396907	0
1222.15	0	.1839499	.8062868	.009763311	0
1221.15	0	.182331	.8075408	.01012818	0
1220.15	0	.1807273	.8087812	.01049152	0
1219.15	0	.1791389	.8100078	.01085333	0
1218.15	0	.1775659	.8112205	.01121362	0
1217.15	0	.1760083	.8124194	.0115724	0
1216.15	0	.1744661	.8136042	.01192966	0
1215.15	0	.1729395	.8147751	.01228541	0
1214.15	0	.1714285	.8159318	.01263965	0
1213.15	0	.1699332	.8170744	.01299239	0
1212.15	0	.1684536	.8182028	.01334363	0
1211.15	0	.1669898	.8193168	.01369338	0
1210.15	0	.1655419	.8204165	.01404164	0
1209.15	0	.1641099	.8215017	.01438841	0
1208.15	0	.1626939	.8225724	.0147337	0
1207.15	0	.161294	.8236285	.01507751	0
1206.15	0	.1599102	.8246699	.01541984	0
1205.15	0	.1585426	.8256967	.01576071	0
1204.15	0	.1571913	.8267086	.0161001	0
1203.15	0	.1558564	.8277056	.01643804	0
1202.15	0	.1545378	.8286877	.01677452	0
1201.15	0	.1532357	.8296548	.01710954	0
1200.15	0	.1519502	.8306067	.0174431	0
1199.15	0	.1506812	.8315435	.01777522	0
1198.15	0	.149429	.8324651	.0181059	0
1197.15	0	.1481935	.8333714	.01843514	0
1196.15	0	.1469749	.8342622	.01876294	0
1195.15	0	.1457731	.8351376	.01908931	0
1194.15	0	.1445883	.8359974	.01941426	0
1193.15	0	.1434206	.8368417	.01973777	0
1192.15	0	.14227	.8376702	.02005987	0
1191.15	0	.1411365	.8384829	.02038056	0
1190.15	0	.1400203	.8392799	.02069983	0
1189.15	0	.1389215	.8400608	.02101769	0
1188.15	0	.13784	.8408258	.02133414	0
1187.15	0	.1367761	.8415747	.0216492	0
1186.15	0	.1357297	.8423075	.02196286	0
1185.15	0	.1347009	.843024	.02227513	0
1184.15	0	.1336898	.8437242	.022586	0
1183.15	0	.1326965	.844408	.0228955	0
1182.15	0	.131721	.8450754	.02320361	0
1181.15	0	.1307635	.8457262	.02351034	0
1180.15	0	.1298239	.8463603	.02381571	0
1179.15	0	.1289025	.8469778	.0241197	0
1178.15	0	.1279991	.8475785	.02442233	0
1177.15	0	.127114	.8481624	.0247236	0
1176.15	0	.1262472	.8487293	.02502351	0
1175.15	0	.1253987	.8492792	.02532207	0
1174.15	0	.1245687	.849812	.02561928	0
1173.15	0	.1237572	.8503276	.02591514	0
1172.15	0	.1229643	.850826	.02620967	0
1171.15	0	.1221901	.8513071	.02650286	0
1170.15	0	.1214346	.8517707	.02679471	0
1169.15	0	.1206979	.8522169	.02708524	0
1168.15	0	.1199801	.8526455	.02737444	0
1167.15	0	.1192812	.8530564	.02766233	0
1166.15	0	.1186014	.8534497	.02794889	0
1165.15	0	.1179407	.8538251	.02823415	0
1164.15	0	.1172992	.8541827	.0285181	0
1163.15	0	.1166769	.8545224	.02880075	0
1162.15	0	.116074	.854844	.02908209	0
1161.15	0	.1154904	.8551475	.02936215	0
1160.15	0	.1149263	.8554328	.02964091	0
1159.15	0	.1143818	.8556999	.02991838	0
1158.15	0	.1138568	.8559486	.03019458	0
1157.15	0	.1133516	.8561789	.0304695	0
1156.15	0	.1128661	.8563908	.03074314	0
1155.15	0	.1124004	.8565841	.03101552	0
1154.15	0	.1119545	.8567589	.03128664	0
1153.15	0	.1115287	.8569148	.03155649	0
1152.15	0	.1111229	.857052	.03182509	0
1151.15	0	.1107372	.8571704	.03209244	0
1150.15	0	.1103716	.8572698	.03235854	0
1149.15	0	.1100263	.8573503	.0326234	0
1148.15	0	.1097013	.8574117	.03288702	0
1147.15	0	.1093966	.857454	.03314941	0
1146.15	0	.1091124	.857477	.03341058	0
1145.15	0	.1088486	.8574808	.03367052	0
1144.15	0	.1086054	.8574653	.03392924	0
1143.15	0	.1083829	.8574304	.03418675	0
1142.15	0	.1081809	.857376	.03444305	0
1141.15	0	.1079998	.8573021	.03469815	0
1140.15	0	.1078394	.8572086	.03495205	0
1139.15	0	.1076998	.8570954	.03520475	0
1138.15	0	.1075812	.8569625	.03545627	0
1137.15	0	.1074835	.8568099	.0357066	0
1136.15	0	.1074069	.8566374	.03595575	0
1135.15	0	.1073513	.856445	.03620373	0
1134.15	0	.1073169	.8562326	.03645054	0
1133.15	0	.1073036	.8560002	.03669618	0
1132.15	0	.1073116	.8557477	.03694066	0
1131.15	0	.1073408	.8554752	.03718399	0
1130.15	0	.1073914	.8551824	.03742617	0
1129.15	0	.1074634	.8548694	.03766721	0
1128.15	0	.1075568	.8545361	.03790711	0
1127.15	0	.1076716	.8541825	.03814588	0
1126.15	0	.107808	.8538085	.03838351	0
1125.15	0	.1079659	.8534141	.03862003	0
1124.15	0	.1081454	.8529992	.03885542	0
1123.15	0	.1083465	.8525638	.03908971	0
1122.15	0	.1085693	.8521078	.03932288	0
1121.15	0	.1088138	.8516312	.03955496	0
1120.15	0	.10908	.851134	.03978594	0
1119.15	0	.1093681	.8506161	.04001583	0
1118.15	0	.1096779	.8500775	.04024463	0
1117.15	0	.1100095	.8495181	.04047236	0
1116.15	0	.110363	.848938	.04069901	0
1115.15	0	.1107384	.848337	.0409246	0
1114.15	0	.1111357	.8477152	.04114912	0
1113.15	0	.111555	.8470725	.04137258	0
1112.15	0	.1119961	.8464089	.04159499	0
1111.15	0	.1124593	.8457244	.04181636	0
1110.15	0	.1129444	.8450189	.04203669	0
1109.15	0	.1134516	.8442924	.04225598	0
1108.15	0	.1139807	.843545	.04247425	0
1107.15	0	.1145319	.8427766	.04269149	0
1106.15	0	.1151051	.8419872	.04290772	0
1105.15	0	.1157004	.8411767	.04312294	0
1104.15	0	.1163177	.8403452	.04333715	0
1103.15	0	.116957	.8394926	.04355037	0
1102.15	0	.1176184	.838619	.04376259	0
1101.15	0	.1183018	.8377244	.04397383	0
1100.15	0	.1190073	.8368087	.04418408	0
1099.15	0	.1197348	.8358719	.04439336	0
1098.15	0	.1204843	.834914	.04460168	0
1097.15	0	.1212558	.8339351	.04480903	0
1096.15	0	.1220494	.8329352	.04501542	0
1095.15	0	.1228649	.8319143	.04522087	0
1094.15	0	.1237023	.8308723	.04542537	0
1093.15	0	.1245618	.8298093	.04562893	0
1092.15	0	.1254431	.8287253	.04583156	0
1091.15	0	.1263463	.8276204	.04603327	0
1090.15	0	.1272714	.8264945	.04623406	0
1089.15	0	.1282184	.8253477	.04643393	0
1088.15	0	.1291871	.82418	.0466329	0
1087.15	0	.1301776	.8229914	.04683097	0
1086.15	0	.1311898	.821782	.04702815	0
1085.15	0	.1322237	.8205518	.04722444	0
1084.15	0	.1332793	.8193009	.04741984	0
1083.15	0	.1343565	.8180292	.04761437	0
1082.15	0	.1354551	.8167368	.04780804	0
1081.15	0	.1365953	.8154041	.04800064	0
1080.15	0	.1377372	.8140702	.04819259	0
1079.15	0	.1389006	.8127158	.04838368	0
1078.15	0	.1400852	.8113408	.04857393	0
1077.15	0	.1412912	.8099455	.04876335	0
1076.15	0	.1425183	.8085298	.04895193	0
1075.15	0	.1437666	.8070937	.04913969	0
1074.15	0	.1450359	.8056374	.04932664	0
1073.15	0	.1463263	.804161	.04951277	0
1072.15	0	.1476375	.8026644	.04969809	0
1071.15	0	.1489696	.8011478	.04988262	0
1070.15	0	.1503225	.7996112	.05006635	0
1069.15	0	.151696	.7980547	.0502493	0
1068.15	0	.1530901	.7964784	.05043147	0
1067.15	0	.1545047	.7948824	.05061287	0
1066.15	0	.1559397	.7932668	.05079349	0
1065.15	0	.1573951	.7916316	.05097336	0
1064.15	0	.1588706	.7899769	.05115247	0
1063.15	0	.1603662	.7883029	.05133083	0
1062.15	0	.1618819	.7866097	.05150845	0
1061.15	0	.1634174	.7848972	.05168534	0
1060.15	0	.1649728	.7831657	.05186149	0
1059.15	0	.1665478	.7814153	.05203692	0
1058.15	0	.1681424	.779646	.05221163	0
1057.15	0	.1697564	.7778579	.05238563	0
1056.15	0	.1713898	.7760513	.05255892	0
1055.15	0	.1730424	.7742261	.05273151	0
1054.15	0	.174714	.7723826	.05290341	0
1053.15	0	.1764046	.7705208	.05307462	0
1052.15	0	.178114	.7686408	.05324515	0
1051.15	0	.1798422	.7667428	.053415	0
1050.15	0	.1815888	.764827	.05358418	0
1049.15	0	.1833539	.7628934	.05375269	0
1048.15	0	.1851373	.7609422	.05392055	0
1047.15	0	.1869387	.7589735	.05408775	0
1046.15	0	.1887582	.7569875	.0542543	0
1045.15	0	.1905955	.7549843	.0544202	0
1044.15	0	.1924505	.752964	.05458548	0
1043.15	0	.194323	.7509269	.05475011	0
1042.15	0	.1962129	.748873	.05491413	0
1041.15	0	.19812	.7468025	.05507751	0
1040.15	0	.2000442	.7447155	.05524029	0
1039.15	0	.2019853	.7426123	.05540245	0
1038.15	0	.2039431	.740493	.055564	0
1037.15	0	.2059174	.7383576	.05572495	0
1036.15	0	.2079082	.7362065	.05588531	0
1035.15	0	.2099151	.7340398	.05604507	0
1034.15	0	.2119381	.7318576	.05620425	0
1033.15	0	.213977	.7296602	.05636284	0
1032.15	0	.2160316	.7274476	.05652086	0
1031.15	0	.2181017	.7252201	.0566783	0
1030.15	0	.2201871	.7229778	.05683517	0
1029.15	0	.2222876	.7207209	.05699148	0
1028.15	0	.2244031	.7184497	.05714723	0
1027.15	0	.2265334	.7161642	.05730242	0
1026.15	0	.2286783	.7138647	.05745705	0
1025.15	0	.2308375	.7115514	.05761114	0
1024.15	0	.2330109	.7092244	.05776469	0
1023.15	0	.2351984	.7068839	.05791769	0
1022.15	0	.2373996	.7045302	.05807015	0
1021.15	0	.2396145	.7021634	.05822208	0
1020.15	0	.2418427	.6997838	.05837348	0
1019.15	0	.2440842	.6973915	.05852435	0
1018.15	0	.2463386	.6949867	.0586747	0
1017.15	0	.2486058	.6925696	.05882452	0
1016.15	0	.2508857	.6901405	.05897383	0
1015.15	0	.2531779	.6876995	.05912261	0
1014.15	0	.2554822	.6852469	.05927089	0
1013.15	0	.2577986	.6827828	.05941865	0
1012.15	0	.2601266	.6803075	.05956591	0
1011.15	0	.2624662	.6778211	.05971266	0
1010.15	0	.2648172	.675324	.0598589	0
1009.15	0	.2671792	.6728162	.06000464	0
1008.15	0	.2695521	.670298	.06014988	0
1007.15	0	.2719357	.6677697	.06029463	0
1006.15	0	.2743297	.6652314	.06043887	0
1005.15	0	.276734	.6626834	.06058262	0
1004.15	0	.2791483	.6601258	.06072587	0
1003.15	0	.2815724	.657559	.06086863	0
1002.15	0	.284006	.6549831	.06101089	0
1001.15	0	.286449	.6523983	.06115266	0
1000.15	0	.2889012	.6498049	.06129394	0
999.15	0	.2913622	.6472031	.06143473	0
998.15	0	.2938319	.6445931	.06157503	0
997.15	0	.29631	.6419751	.06171483	0
996.15	0	.2987964	.6393494	.06185414	0
995.15	0	.3012908	.6367162	.06199296	0
994.15	0	.303793	.6340758	.06213129	0
993.15	0	.3063027	.6314282	.06226912	0
992.15	0	.3088197	.6287738	.06240646	0
991.15	0	.3113438	.6261129	.0625433	0
990.15	0	.3138748	.6234456	.06267964	0
989.15	0	.3164124	.6207721	.06281549	0
988.15	0	.3189564	.6180928	.06295083	0
987.15	0	.3215066	.6154078	.06308567	0
986.15	0	.3240627	.6127173	.06322	0
985.15	0	.3266246	.6100216	.06335383	0
984.15	0	.3291919	.6073209	.06348714	0
983.15	0	.3317645	.6046155	.06361994	0
982.15	0	.3343422	.6019056	.06375223	0
981.15	0	.3369246	.5991914	.06388399	0
980.15	0	.3395116	.5964732	.06401523	0
979.15	0	.342103	.5937511	.06414594	0
978.15	0	.3446985	.5910254	.06427611	0
977.15	0	.3472978	.5882964	.06440575	0
976.15	0	.3499008	.5855643	.06453484	0
975.15	0	.3524031	.5829242	.06467264	0
974.15	0	.3548977	.5802907	.06481166	0
973.15	0	.357417	.577634	.06494903	0
972.15	0	.3599596	.5749556	.06508477	0
971.15	0	.3625241	.572257	.06521891	0
970.15	0	.3651089	.5695396	.06535147	0
969.15	0	.3677128	.5668048	.06548248	0
968.15	0	.3703343	.5640537	.06561196	0
967.15	0	.3729723	.5612877	.06573993	0
966.15	0	.3756255	.5585081	.06586642	0
965.15	0	.3782927	.5557159	.06599143	0
964.15	0	.3809727	.5529123	.066115	0
963.15	0	.3836644	.5500985	.06623712	0
962.15	0	.3863668	.5472754	.06635783	0
961.15	0	.3890787	.5444442	.06647712	0
960.15	0	.3917992	.5416057	.06659502	0
959.15	0	.3945274	.5387611	.06671154	0
958.15	0	.3972622	.5359112	.06682668	0
957.15	0	.4000027	.5330568	.06694045	0
956.15	0	.4027481	.530199	.06705287	0
955.15	0	.4054976	.5273385	.06716395	0
954.15	0	.4082503	.5244761	.06727368	0
953.15	0	.4110054	.5216126	.06738209	0
952.15	0	.4137621	.5187487	.06748917	0
951.15	0	.4165198	.5158853	.06759493	0
950.15	0	.4192777	.513023	.06769937	0
949.15	0	.4220351	.5101624	.0678025	0
948.15	0	.4247914	.5073042	.06790433	0
947.15	0	.427546	.5044492	.06800485	0
946.15	0	.4302982	.5015977	.06810408	0
945.15	0	.4330474	.4987506	.06820201	0
944.15	0	.4357931	.4959082	.06829864	0
943.15	0	.4385348	.4930712	.06839399	0
942.15	0	.4412718	.4902401	.06848804	0
941.15	0	.4440038	.4874154	.0685808	0
940.15	0	.4467301	.4845976	.06867228	0
939.15	0	.4494505	.4817871	.06876247	0
938.15	0	.4521643	.4789844	.06885138	0
937.15	0	.4548711	.4761899	.068939	0
936.15	0	.4575706	.4734041	.06902533	0
935.15	0	.4602624	.4706273	.06911038	0
934.15	0	.462946	.4678599	.06919414	0
933.15	0	.465621	.4651023	.06927661	0
932.15	0	.4682873	.462355	.0693578	0
931.15	0	.4709443	.459618	.0694377	0
930.15	0	.4735917	.456892	.06951631	0
929.15	0	.4762293	.454177	.06959363	0
928.15	0	.4788568	.4514735	.06966966	0
927.15	0	.4814738	.4487818	.0697444	0
926.15	0	.4840801	.4461021	.06981785	0
925.15	0	.4866754	.4434346	.06989	0
924.15	0	.4892594	.4407797	.06996085	0
923.15	0	.491832	.4381376	.07003041	0
922.15	0	.4943929	.4355085	.07009867	0
921.15	0	.4969417	.4328926	.07016563	0
920.15	0	.4994784	.4302903	.07023128	0
919.15	0	.5020028	.4277016	.07029564	0
918.15	0	.5045145	.4251268	.07035868	0
917.15	0	.5070135	.4225661	.07042042	0
916.15	0	.5094996	.4200196	.07048086	0
915.15	0	.5119725	.4174875	.07053998	0
914.15	0	.5144321	.4149701	.0705978	0
913.15	0	.5168783	.4124674	.0706543	0
912.15	0	.5193109	.4099796	.07070949	0
911.15	0	.5217297	.4075069	.07076337	0
910.15	0	.5241346	.4050495	.07081593	0
909.15	0	.5265255	.4026073	.07086718	0
908.15	0	.5289022	.4001807	.07091711	0
907.15	0	.5312647	.3977696	.07096573	0
906.15	0	.5336127	.3953743	.07101302	0
905.15	0	.5359463	.3929947	.071059	0
904.15	0	.5382651	.3906312	.07110367	0
903.15	0	.5405693	.3882837	.07114701	0
902.15	0	.5428586	.3859523	.07118904	0
901.15	0	.545133	.3836372	.07122976	0
900.15	0	.5473924	.3813384	.07126916	0
899.15	0	.5496366	.3790561	.07130724	0
898.15	0	.5518657	.3767903	.07134401	0
897.15	0	.5540795	.3745411	.07137947	0
896.15	0	.5562779	.3723085	.07141361	0
895.15	0	.5584609	.3700927	.07144646	0
894.15	0	.5606283	.3678937	.07147799	0
893.15	0	.5627802	.3657116	.07150822	0
892.15	0	.5649164	.3635464	.07153715	0
891.15	0	.5670369	.3613983	.07156478	0
890.15	0	.5691417	.3592672	.07159112	0
889.15	0	.5712306	.3571532	.07161617	0
888.15	0	.5733036	.3550565	.07163993	0
887.15	0	.5753607	.3529769	.07166241	0
886.15	0	.5774018	.3509146	.07168362	0
885.15	0	.5794268	.3488697	.07170355	0
884.15	0	.5814357	.3468421	.07172221	0
883.15	0	.5834285	.3448319	.07173962	0
882.15	0	.5854051	.3428391	.07175577	0
881.15	0	.5873655	.3408638	.07177067	0
880.15	0	.5893096	.3389061	.07178434	0
879.15	0	.5912374	.3369658	.07179676	0
878.15	0	.5931489	.3350431	.07180797	0
877.15	0	.5950441	.333138	.07181795	0
876.15	0	.5969228	.3312505	.07182673	0
875.15	0	.5987851	.3293806	.0718343	0
874.15	0	.600631	.3275284	.07184068	0
873.15	0	.6024604	.3256938	.07184588	0
872.15	0	.6042733	.3238768	.07184991	0
871.15	0	.6060697	.3220775	.07185278	0
870.15	0	.6078496	.3202959	.07185449	0
869.15	0	.609613	.318532	.07185506	0
868.15	0	.6113598	.3167857	.0718545	0
867.15	0	.6130902	.315057	.07185283	0
866.15	0	.6148039	.313346	.07185004	0
865.15	0	.6165012	.3116527	.07184617	0
864.15	0	.6181819	.3099769	.07184121	0
863.15	0	.6198461	.3083187	.07183518	0
862.15	0	.6214938	.3066781	.07182809	0
861.15	0	.623125	.3050551	.07181996	0
860.15	0	.6247397	.3034495	.07181079	0
859.15	0	.626338	.3018614	.07180061	0
858.15	0	.6279198	.3002908	.07178943	0
857.15	0	.6294852	.2987375	.07177726	0
856.15	0	.6310343	.2972016	.07176411	0
855.15	0	.6325671	.2956829	.07175	0
854.15	0	.6340835	.2941815	.07173494	0
853.15	0	.6355838	.2926973	.07171895	0
852.15	0	.6370678	.2912302	.07170204	0
851.15	0	.6385357	.2897801	.07168423	0
850.15	0	.6399875	.2883469	.07166553	0
849.15	0	.6414234	.2869307	.07164595	0
848.15	0	.6428432	.2855313	.07162551	0
847.15	0	.6442472	.2841485	.07160423	0
846.15	0	.6456354	.2827825	.07158211	0
845.15	0	.6470079	.281433	.07155918	0
844.15	0	.6483647	.2800999	.07153544	0
843.15	0	.6497059	.2787832	.07151091	0
842.15	0	.6510317	.2774827	.07148562	0
841.15	0	.6523421	.2761983	.07145956	0
840.15	0	.6536372	.27493	.07143275	0
839.15	0	.6549172	.2736776	.07140521	0
838.15	0	.656182	.272441	.07137695	0
837.15	0	.6574319	.2712201	.07134799	0
836.4305	0	.6583221	.2703512	.07132672	0
836.4305	0	.6583221	.2703512	.07132672	0
836.4305	0	.6583221	.2703512	.07132672	0
836.15	0	.6613185	.2667185	.07049364	.001469307
835.15	0	.6717485	.2540469	.06757216	.006632521
834.15	0	.6817959	.2417982	.06472472	.01168117
833.15	0	.691478	.2299539	.06194845	.01661966
832.15	0	.7008111	.2184962	.05924064	.02145212
831.15	0	.7098103	.2074085	.05659873	.02618246
830.15	0	.7184902	.1966751	.05402031	.03081438
829.15	0	.7268643	.1862812	.05150309	.03535136
828.15	0	.7349454	.176213	.0490449	.03979669
827.15	0	.7427457	.1664571	.04664371	.0441535
826.15	0	.7502765	.1570012	.04429757	.04842473
825.15	0	.7575488	.1478334	.04200463	.0526132
824.15	0	.7645728	.1389425	.03976314	.05672156
823.15	0	.7713582	.130318	.03757144	.06075234
822.15	0	.7779143	.1219498	.03542794	.06470794
821.15	0	.7842499	.1138283	.03333112	.06859066
820.15	0	.7903733	.1059445	.03127956	.07240267
819.15	0	.7962924	.09828974	.02927187	.07614605
818.15	0	.8020147	.09085576	.02730674	.07982277
817.15	0	.8075476	.08363478	.02538292	.08343474
816.15	0	.8128977	.07661933	.02349921	.08698374
815.15	0	.8180717	.0698023	.02165446	.09047152
814.15	0	.8230758	.06317692	.01984757	.09389972
813.15	0	.8279159	.05673669	.0180775	.09726993
812.15	0	.8325977	.05047544	.01634322	.1005837
811.15	0	.8371266	.04438724	.01464377	.1038424
810.15	0	.8415079	.03846643	.01297821	.1070474
809.15	0	.8457465	.0327076	.01134566	.1102002
808.15	0	.8498473	.02710555	.009745244	.113302
807.15	0	.8538146	.0216553	.008176141	.1163539
806.15	0	.857653	.0163521	.006637549	.1193574
805.15	0	.8613666	.01119135	.0051287	.1223133
804.15	0	.8649596	.00616867	.00364885	.1252229
803.15	0	.8684356	.001279835	.002197285	.1280873
802.8837	0	.869342	0	.001815417	.1288426
802.8837	0	.869342	0	.001815417	.1288426
802.15	0	.8692191	0	.001646502	.1291344
801.15	0	.8690524	0	.001416902	.1295307
800.15	0	.8688867	0	.001188021	.1299253
799.15	0	.8687219	0	9.598586E-04	.1303182
798.15	0	.8685581	0	7.324146E-04	.1307095
797.15	0	.8683952	0	5.056886E-04	.1310991
796.15	0	.8682332	0	2.796806E-04	.1314871
795.15	0	.8680721	0	5.439015E-05	.1318735
794.9081	0	.8680333	0	0	.1319667
794.9081	0	.8680333	0	0	.1319667
794.15	0	.8679145	0	0	.1320855
793.15	0	.8677596	0	0	.1322405
792.15	0	.8676067	0	0	.1323933
791.15	0	.8674559	0	0	.1325441
790.15	0	.8673072	0	0	.1326928
789.15	0	.8671605	0	0	.1328395
788.15	0	.8670158	0	0	.1329842
787.15	0	.8668731	0	0	.1331268
786.15	0	.8667325	0	0	.1332675
785.15	0	.8665938	0	0	.1334062
784.15	0	.8664572	0	0	.1335428
783.15	0	.8663225	0	0	.1336776
782.15	0	.8661897	0	0	.1338103
781.15	0	.8660589	0	0	.1339411
780.15	0	.86593	0	0	.13407
779.15	0	.865803	0	0	.134197
778.15	0	.865678	0	0	.134322
777.15	0	.8655548	0	0	.1344452
776.15	0	.8654335	0	0	.1345665
775.15	0	.8653141	0	0	.1346859
774.15	0	.8651965	0	0	.1348035
773.15	0	.8650808	0	0	.1349192
772.15	0	.8649669	0	0	.1350332
771.15	0	.8648548	0	0	.1351452
770.15	0	.8647444	0	0	.1352556
769.15	0	.8646359	0	0	.1353641
768.15	0	.8645292	0	0	.1354708
767.15	0	.8644242	0	0	.1355758
766.15	0	.8643209	0	0	.1356791
765.15	0	.8642193	0	0	.1357807
764.15	0	.8641195	0	0	.1358805
763.15	0	.8640214	0	0	.1359786
762.15	0	.8639249	0	0	.1360751
761.15	0	.8638301	0	0	.1361699
760.15	0	.863737	0	0	.136263
759.15	0	.8636454	0	0	.1363546
758.15	0	.8635556	0	0	.1364445
757.15	0	.8634673	0	0	.1365328
756.15	0	.8633805	0	0	.1366195
755.15	0	.8632954	0	0	.1367046
754.15	0	.8632118	0	0	.1367882
753.15	0	.8631297	0	0	.1368703
752.15	0	.8630492	0	0	.1369509
751.15	0	.8629701	0	0	.1370299
750.15	0	.8628925	0	0	.1371075
749.15	0	.8628164	0	0	.1371836
748.15	0	.8627418	0	0	.1372582
747.15	0	.8626686	0	0	.1373314
746.15	0	.8625968	0	0	.1374032
745.15	0	.8625264	0	0	.1374736
744.15	0	.8624574	0	0	.1375426
743.15	0	.8623897	0	0	.1376103
742.15	0	.8623234	0	0	.1376766
741.15	0	.8622584	0	0	.1377416
740.15	0	.8621948	0	0	.1378052
739.15	0	.8621324	0	0	.1378676
738.15	0	.8620713	0	0	.1379287
737.15	0	.8620115	0	0	.1379885
736.15	0	.8619529	0	0	.1380471
735.15	0	.8618955	0	0	.1381045
734.15	0	.8618394	0	0	.1381606
733.15	0	.8617844	0	0	.1382156
732.15	0	.8617306	0	0	.1382694
731.15	0	.861678	0	0	.1383221
730.15	0	.8616264	0	0	.1383736
729.15	0	.8615761	0	0	.138424
728.15	0	.8615268	0	0	.1384732
727.15	0	.8614786	0	0	.1385214
726.15	0	.8614314	0	0	.1385686
725.15	0	.8613853	0	0	.1386147
724.15	0	.8613403	0	0	.1386597
723.15	0	.8612962	0	0	.1387038
722.15	0	.8612532	0	0	.1387468
721.15	0	.8612111	0	0	.1387889
720.15	0	.8611701	0	0	.13883
719.15	0	.8611299	0	0	.1388701
718.15	0	.8610907	0	0	.1389093
717.15	0	.8610524	0	0	.1389476
716.15	0	.861015	0	0	.138985
715.15	0	.8609785	0	0	.1390215
714.15	0	.8609428	0	0	.1390572
713.15	0	.860908	0	0	.139092
712.15	0	.8608741	0	0	.1391259
711.15	0	.8608409	0	0	.1391591
710.15	0	.8608086	0	0	.1391914
709.15	0	.860777	0	0	.139223
708.15	0	.8607462	0	0	.1392538
707.15	0	.8607162	0	0	.1392838
706.15	0	.8606869	0	0	.1393131
705.15	0	.8606584	0	0	.1393417
704.8668	0	.8606504	0	0	.1393496
704.8668	0	.8606504	0	0	.1393496
704.8668	0	.8606504	0	0	.1393496
704.15	0	.8605129	1.375276E-04	0	.1393495
703.15	0	.8603211	3.298569E-04	0	.1393491
702.15	0	.8601291	5.227075E-04	0	.1393482
701.15	0	.859937	7.160529E-04	0	.139347
700.15	0	.8597448	9.098669E-04	0	.1393453
699.15	0	.8595526	.001104124	0	.1393433
698.15	0	.8593602	.0012988	0	.1393409
697.15	0	.8591679	.00149387	0	.1393382
696.15	0	.8589755	.001689312	0	.1393352
695.15	0	.8587831	.001885102	0	.1393318
694.15	0	.8585906	.002081219	0	.1393282
693.15	0	.8583982	.00227764	0	.1393242
692.15	0	.8582057	.002474345	0	.1393199
691.15	0	.8580133	.002671313	0	.1393154
690.15	0	.8578209	.002868525	0	.1393106
689.15	0	.8576285	.00306596	0	.1393056
688.15	0	.8574361	.003263601	0	.1393003
687.15	0	.8572438	.003461428	0	.1392948
686.15	0	.8570516	.003659424	0	.139289
685.15	0	.8568594	.003857571	0	.1392831
684.15	0	.8566672	.004055853	0	.1392769
683.15	0	.8564752	.004254252	0	.1392705
682.15	0	.8562833	.004452753	0	.139264
681.15	0	.8560914	.00465134	0	.1392572
680.15	0	.8558997	.004849997	0	.1392504
679.15	0	.855708	.00504871	0	.1392433
678.15	0	.8555165	.005247465	0	.1392361
677.15	0	.8553251	.005446246	0	.1392287
676.15	0	.8551338	.00564504	0	.1392212
675.15	0	.8549426	.005843835	0	.1392135
674.15	0	.8547516	.006042616	0	.1392058
673.15	0	.8545608	.006241371	0	.1391979
672.15	0	.85437	.006440087	0	.1391899
671.15	0	.8541795	.006638753	0	.1391817
670.15	0	.8539891	.006837356	0	.1391735
669.15	0	.8537989	.007035885	0	.1391652
668.15	0	.8536089	.007234329	0	.1391568
667.15	0	.853419	.007432677	0	.1391483
666.15	0	.8532293	.007630918	0	.1391397
665.15	0	.8530399	.007829042	0	.1391311
664.15	0	.8528506	.008027039	0	.1391224
663.15	0	.8526615	.008224898	0	.1391136
662.15	0	.8524726	.00842261	0	.1391047
661.15	0	.852284	.008620166	0	.1390958
660.15	0	.8520955	.008817556	0	.1390869
659.15	0	.8519073	.009014772	0	.1390779
658.15	0	.8517193	.009211804	0	.1390689
657.15	0	.8515316	.009408645	0	.1390598
656.15	0	.851344	.009605285	0	.1390507
655.15	0	.8511567	.009801717	0	.1390416
654.15	0	.8509697	.009997934	0	.1390324
653.15	0	.8507829	.01019393	0	.1390232
652.15	0	.8505963	.01038969	0	.139014
651.15	0	.85041	.01058521	0	.1390048
650.15	0	.850224	.01078048	0	.1389956
649.15	0	.8500382	.01097551	0	.1389863
648.15	0	.8498526	.01117027	0	.1389771
647.15	0	.8496674	.01136477	0	.1389678
646.15	0	.8494824	.01155899	0	.1389586
645.15	0	.8492977	.01175293	0	.1389493
644.15	0	.8491133	.01194659	0	.1389401
643.15	0	.8489292	.01213996	0	.1389309
642.15	0	.8487453	.01233303	0	.1389217
641.15	0	.8485618	.01252579	0	.1389125
640.15	0	.8483785	.01271825	0	.1389033
639.15	0	.8481955	.01291039	0	.1388941
638.15	0	.8480128	.01310221	0	.138885
637.15	0	.8478305	.0132937	0	.1388758
636.15	0	.8476484	.01348486	0	.1388667
635.15	0	.8474667	.01367569	0	.1388576
634.15	0	.8472852	.01386618	0	.1388486
633.15	0	.8471041	.01405632	0	.1388396
632.15	0	.8469233	.01424611	0	.1388306
631.15	0	.8467428	.01443554	0	.1388216
630.15	0	.8465627	.01462462	0	.1388127
629.15	0	.8463829	.01481333	0	.1388038
628.15	0	.8462034	.01500167	0	.138795
627.15	0	.8460242	.01518964	0	.1387862
626.15	0	.8458453	.01537723	0	.1387774
625.15	0	.8456669	.01556444	0	.1387687
624.15	0	.8454887	.01575127	0	.13876
623.15	0	.8453109	.0159377	0	.1387514
622.15	0	.8451335	.01612374	0	.1387428
621.15	0	.8449564	.01630939	0	.1387343
620.15	0	.8447796	.01649463	0	.1387258
619.15	0	.8446032	.01667947	0	.1387173
618.15	0	.8444272	.01686391	0	.1387089
617.15	0	.8442515	.01704793	0	.1387006
616.15	0	.8440762	.01723154	0	.1386923
615.15	0	.8439012	.01741472	0	.1386841
614.15	0	.8437266	.01759749	0	.1386759
613.15	0	.8435524	.01777984	0	.1386678
612.15	0	.8433786	.01796175	0	.1386597
611.15	0	.8432051	.01814323	0	.1386517
610.15	0	.843032	.01832428	0	.1386437
609.15	0	.8428593	.01850489	0	.1386358
608.15	0	.842687	.01868507	0	.138628
607.15	0	.842515	.0188648	0	.1386202
606.15	0	.8423435	.01904408	0	.1386125
605.15	0	.8421723	.01922291	0	.1386048
604.15	0	.8420015	.01940129	0	.1385972
603.15	0	.8418311	.01957922	0	.1385896
602.15	0	.8416612	.01975669	0	.1385821
601.15	0	.8414916	.0199337	0	.1385747
600.15	0	.8413224	.02011025	0	.1385673
599.15	0	.8411536	.02028634	0	.13856
598.15	0	.8409853	.02046196	0	.1385528
597.15	0	.8408173	.0206371	0	.1385456
596.15	0	.8406498	.02081178	0	.1385385
595.15	0	.8404826	.02098598	0	.1385314
594.15	0	.8403159	.0211597	0	.1385244
593.15	0	.8401496	.02133294	0	.1385174
592.15	0	.8399837	.0215057	0	.1385106
591.15	0	.8398183	.02167798	0	.1385037
590.15	0	.8396532	.02184977	0	.138497
589.15	0	.8394886	.02202108	0	.1384903
588.15	0	.8393245	.02219189	0	.1384837
587.15	0	.8391607	.02236221	0	.1384771
586.15	0	.8389974	.02253203	0	.1384706
585.15	0	.8388345	.02270136	0	.1384641
584.15	0	.8386721	.02287018	0	.1384577
583.15	0	.8385101	.02303851	0	.1384514
582.15	0	.8383485	.02320633	0	.1384451
581.15	0	.8381874	.02337365	0	.1384389
580.15	0	.8380268	.02354046	0	.1384328
579.15	0	.8378665	.02370676	0	.1384267
578.15	0	.8377068	.02387255	0	.1384207
577.15	0	.8375475	.02403783	0	.1384147
576.15	0	.8373886	.02420259	0	.1384088
575.15	0	.8372302	.02436683	0	.138403
574.15	0	.8370723	.02453056	0	.1383972
573.15	0	.8369148	.02469377	0	.1383915
572.15	0	.8367578	.02485645	0	.1383858
571.15	0	.8366012	.02501861	0	.1383802
570.15	0	.8364451	.02518024	0	.1383746
569.15	0	.8362895	.02534134	0	.1383692
568.15	0	.8361344	.02550192	0	.1383637
567.15	0	.8359797	.02566196	0	.1383583
566.15	0	.8358255	.02582147	0	.138353
565.15	0	.8356718	.02598045	0	.1383478
564.15	0	.8355185	.02613889	0	.1383426
563.15	0	.8353658	.02629679	0	.1383374
562.15	0	.8352135	.02645416	0	.1383323
561.15	0	.8350617	.02661098	0	.1383273
560.15	0	.8349104	.02676726	0	.1383223
559.15	0	.8347596	.02692299	0	.1383174
558.15	0	.8346093	.02707818	0	.1383125
557.15	0	.8344595	.02723282	0	.1383077
556.15	0	.8343101	.02738691	0	.1383029
555.15	0	.8341613	.02754046	0	.1382982
554.15	0	.834013	.02769345	0	.1382936
553.15	0	.8338651	.02784588	0	.138289
552.15	0	.8337178	.02799776	0	.1382844
551.15	0	.833571	.02814909	0	.1382799
550.15	0	.8334247	.02829986	0	.1382755
549.15	0	.8332788	.02845006	0	.1382711
548.15	0	.8331335	.02859971	0	.1382667
547.15	0	.8329887	.02874879	0	.1382625
546.15	0	.8328445	.02889731	0	.1382582
545.15	0	.8327007	.02904527	0	.138254
544.15	0	.8325574	.02919266	0	.1382499
543.15	0	.8324147	.02933948	0	.1382458
542.15	0	.8322725	.02948574	0	.1382418
541.15	0	.8321308	.02963142	0	.1382378
540.15	0	.8319896	.02977653	0	.1382338
539.15	0	.831849	.02992107	0	.13823
538.15	0	.8317089	.03006503	0	.1382261
537.15	0	.8315693	.03020842	0	.1382223
536.15	0	.8314302	.03035123	0	.1382186
535.15	0	.8312917	.03049347	0	.1382149
534.15	0	.8311537	.03063512	0	.1382112
533.15	0	.8310162	.0307762	0	.1382076
532.15	0	.8308793	.03091669	0	.138204
531.15	0	.8307429	.0310566	0	.1382005
530.15	0	.830607	.03119593	0	.1381971
529.15	0	.8304717	.03133467	0	.1381937
528.15	0	.8303369	.03147282	0	.1381903
527.15	0	.8302027	.03161039	0	.138187
526.15	0	.830069	.03174737	0	.1381837
525.15	0	.8299358	.03188376	0	.1381804
524.15	0	.8298032	.03201956	0	.1381772
523.15	0	.8296711	.03215477	0	.1381741
522.15	0	.8295396	.03228939	0	.138171
521.15	0	.8294087	.03242341	0	.138168
520.15	0	.8292782	.03255684	0	.1381649
519.15	0	.8291484	.03268967	0	.138162
518.15	0	.829019	.0328219	0	.1381591
517.15	0	.8288903	.03295354	0	.1381562
516.15	0	.8287621	.03308458	0	.1381534
515.15	0	.8286344	.03321502	0	.1381506
514.15	0	.8285073	.03334486	0	.1381478
513.15	0	.8283808	.0334741	0	.1381451
512.15	0	.8282548	.03360274	0	.1381425
511.15	0	.8281293	.03373077	0	.1381399
510.15	0	.8280045	.0338582	0	.1381373
509.15	0	.8278802	.03398502	0	.1381348
508.15	0	.8277564	.03411124	0	.1381323
507.15	0	.8276332	.03423686	0	.1381299
506.15	0	.8275106	.03436186	0	.1381276
505.15	0	.8273885	.03448626	0	.1381252
504.15	0	.827267	.03461005	0	.1381229
503.15	0	.8271461	.03473323	0	.1381207
502.15	0	.8270257	.0348558	0	.1381185
501.15	0	.8269059	.03497776	0	.1381164
500.15	0	.8267866	.03509911	0	.1381143
499.15	0	.8266679	.03521984	0	.1381122
498.15	0	.8265498	.03533997	0	.1381102
497.15	0	.8264323	.03545947	0	.1381083
496.15	0	.8263153	.03557837	0	.1381064
495.15	0	.8261988	.03569665	0	.1381045
494.15	0	.826083	.03581431	0	.1381027
493.15	0	.8259677	.03593136	0	.138101
492.15	0	.825853	.0360478	0	.1380992
491.15	0	.8257388	.03616361	0	.1380976
490.15	0	.8256252	.03627881	0	.138096
489.15	0	.8255122	.03639339	0	.1380944
488.15	0	.8253998	.03650735	0	.1380929
487.15	0	.8252879	.03662069	0	.1380914
486.15	0	.8251766	.03673342	0	.13809
485.15	0	.8250658	.03684552	0	.1380887
484.15	0	.8249556	.036957	0	.1380874
483.15	0	.824846	.03706786	0	.1380861
482.15	0	.824737	.0371781	0	.1380849
481.15	0	.8246285	.03728772	0	.1380838
480.15	0	.8245206	.03739671	0	.1380827
479.15	0	.8244132	.03750509	0	.1380817
478.15	0	.8243064	.03761284	0	.1380807
477.15	0	.8242002	.03771996	0	.1380798
476.15	0	.8240946	.03782646	0	.1380789
475.15	0	.8239895	.03793234	0	.1380781
474.15	0	.823885	.0380376	0	.1380774
473.15	0	.8237811	.03814223	0	.1380767
472.15	0	.8236777	.03824623	0	.1380761
471.15	0	.8235749	.03834961	0	.1380755
470.15	0	.8234726	.03845236	0	.138075
469.15	0	.823371	.03855449	0	.1380746
468.15	0	.8232698	.03865599	0	.1380742
467.15	0	.8231693	.03875687	0	.1380739
466.15	0	.8230693	.03885712	0	.1380736
465.15	0	.8229699	.03895674	0	.1380734
464.15	0	.822871	.03905574	0	.1380733
463.15	0	.8227727	.0391541	0	.1380732
462.15	0	.822675	.03925184	0	.1380732
461.15	0	.8225778	.03934896	0	.1380733
460.15	0	.8224812	.03944544	0	.1380734
459.15	0	.8223851	.0395413	0	.1380736
458.15	0	.8222896	.03963653	0	.1380738
457.15	0	.8221947	.03973113	0	.1380742
456.15	0	.8221003	.03982511	0	.1380746
455.15	0	.8220065	.03991845	0	.138075
454.15	0	.8219133	.04001117	0	.1380756
453.15	0	.8218205	.04010326	0	.1380762
452.15	0	.8217284	.04019472	0	.1380769
451.15	0	.8216368	.04028555	0	.1380776
450.15	0	.8215458	.04037576	0	.1380785
449.15	0	.8214554	.04046524	0	.1380794
448.15	0	.8213656	.04055408	0	.1380803
447.15	0	.8212763	.04064227	0	.1380814
446.15	0	.8211877	.04072981	0	.1380825
445.15	0	.8210996	.04081669	0	.1380837
444.15	0	.8210121	.0409029	0	.138085
443.15	0	.8209252	.04098844	0	.1380863
442.15	0	.8208389	.04107329	0	.1380878
441.15	0	.8207532	.04115745	0	.1380893
440.15	0	.8206682	.04124092	0	.1380909
439.15	0	.8205837	.04132368	0	.1380926
438.15	0	.8204999	.04140574	0	.1380944
437.15	0	.8204167	.04148708	0	.1380962
436.15	0	.8203342	.0415677	0	.1380982
435.15	0	.8202522	.0416476	0	.1381002
434.15	0	.820171	.04172677	0	.1381023
433.15	0	.8200903	.04180521	0	.1381045
432.15	0	.8200103	.04188292	0	.1381068
431.15	0	.819931	.04195989	0	.1381091
430.15	0	.8198523	.04203611	0	.1381116
429.15	0	.8197743	.04211158	0	.1381141
428.15	0	.8196969	.04218632	0	.1381167
427.15	0	.8196203	.04226029	0	.1381195
426.15	0	.8195442	.04233352	0	.1381223
425.15	0	.8194688	.04240599	0	.1381252
424.15	0	.8193941	.0424777	0	.1381282
423.15	0	.8193201	.04254866	0	.1381313
422.15	0	.8192467	.04261886	0	.1381344
421.15	0	.819174	.04268829	0	.1381377
420.15	0	.819102	.04275697	0	.138141
419.15	0	.8190306	.04282489	0	.1381445
418.15	0	.8189599	.04289204	0	.138148
417.15	0	.8188899	.04295843	0	.1381517
416.15	0	.8188205	.04302406	0	.1381554
415.15	0	.8187519	.04308893	0	.1381592
414.15	0	.8186838	.04315303	0	.1381631
413.15	0	.8186165	.04321638	0	.1381671
412.15	0	.8185498	.04327897	0	.1381712
