T	 BPW(LIQUID)	BPW(BCC_A2)	BPW(FCC_A1)	BPW(LAVES_PHASE_C14)	BPW(NI3TI)
1473.15	0	1	0	0	0
1472.15	0	1	0	0	0
1471.15	0	1	0	0	0
1470.15	0	1	0	0	0
1469.15	0	1	0	0	0
1468.15	0	1	0	0	0
1467.15	0	1	0	0	0
1466.15	0	1	0	0	0
1465.15	0	1	0	0	0
1464.15	0	1	0	0	0
1463.15	0	1	0	0	0
1462.15	0	1	0	0	0
1461.15	0	1	0	0	0
1460.15	0	1	0	0	0
1459.15	0	1	0	0	0
1458.15	0	1	0	0	0
1457.15	0	1	0	0	0
1456.15	0	1	0	0	0
1455.15	0	1	0	0	0
1454.15	0	1	0	0	0
1453.15	0	1	0	0	0
1452.15	0	1	0	0	0
1451.15	0	1	0	0	0
1450.15	0	1	0	0	0
1449.15	0	1	0	0	0
1448.15	0	1	0	0	0
1447.15	0	1	0	0	0
1446.15	0	1	0	0	0
1445.15	0	1	0	0	0
1444.15	0	1	0	0	0
1443.15	0	1	0	0	0
1442.15	0	1	0	0	0
1441.15	0	1	0	0	0
1440.15	0	1	0	0	0
1439.15	0	1	0	0	0
1438.15	0	1	0	0	0
1437.15	0	1	0	0	0
1436.15	0	1	0	0	0
1435.15	0	1	0	0	0
1434.15	0	1	0	0	0
1433.15	0	1	0	0	0
1432.15	0	1	0	0	0
1431.15	0	1	0	0	0
1430.15	0	1	0	0	0
1429.15	0	1	0	0	0
1428.15	0	1	0	0	0
1427.15	0	1	0	0	0
1426.15	0	1	0	0	0
1425.15	0	1	0	0	0
1424.15	0	1	0	0	0
1423.15	0	1	0	0	0
1422.15	0	1	0	0	0
1421.15	0	1	0	0	0
1420.15	0	1	0	0	0
1419.15	0	1	0	0	0
1418.15	0	1	0	0	0
1417.15	0	1	0	0	0
1416.15	0	1	0	0	0
1415.15	0	1	0	0	0
1414.15	0	1	0	0	0
1413.15	0	1	0	0	0
1412.15	0	1	0	0	0
1411.15	0	1	0	0	0
1410.15	0	1	0	0	0
1409.15	0	1	0	0	0
1408.15	0	1	0	0	0
1407.15	0	1	0	0	0
1406.15	0	1	0	0	0
1405.15	0	1	0	0	0
1404.15	0	1	0	0	0
1403.15	0	1	0	0	0
1402.15	0	1	0	0	0
1401.15	0	1	0	0	0
1400.15	0	1	0	0	0
1399.15	0	1	0	0	0
1398.15	0	1	0	0	0
1397.15	0	1	0	0	0
1396.15	0	1	0	0	0
1395.15	0	1	0	0	0
1394.15	0	1	0	0	0
1393.15	0	1	0	0	0
1392.15	0	1	0	0	0
1391.15	0	1	0	0	0
1390.15	0	1	0	0	0
1389.15	0	1	0	0	0
1388.15	0	1	0	0	0
1387.15	0	1	0	0	0
1386.15	0	1	0	0	0
1385.15	0	1	0	0	0
1384.15	0	1	0	0	0
1383.15	0	1	0	0	0
1382.15	0	1	0	0	0
1381.15	0	1	0	0	0
1380.15	0	1	0	0	0
1379.15	0	1	0	0	0
1378.15	0	1	0	0	0
1377.15	0	1	0	0	0
1376.15	0	1	0	0	0
1375.15	0	1	0	0	0
1374.15	0	1	0	0	0
1373.15	0	1	0	0	0
1372.15	0	1	0	0	0
1371.15	0	1	0	0	0
1370.15	0	1	0	0	0
1369.15	0	1	0	0	0
1368.15	0	1	0	0	0
1367.15	0	1	0	0	0
1366.15	0	1	0	0	0
1365.15	0	1	0	0	0
1364.15	0	1	0	0	0
1363.15	0	1	0	0	0
1362.15	0	1	0	0	0
1361.15	0	1	0	0	0
1360.15	0	1	0	0	0
1359.15	0	1	0	0	0
1358.15	0	1	0	0	0
1357.15	0	1	0	0	0
1356.15	0	1	0	0	0
1355.15	0	1	0	0	0
1354.15	0	1	0	0	0
1353.15	0	1	0	0	0
1352.15	0	1	0	0	0
1351.15	0	1	0	0	0
1350.15	0	1	0	0	0
1349.15	0	1	0	0	0
1348.15	0	1	0	0	0
1347.15	0	1	0	0	0
1346.15	0	1	0	0	0
1345.15	0	1	0	0	0
1344.15	0	1	0	0	0
1343.15	0	1	0	0	0
1342.15	0	1	0	0	0
1341.15	0	1	0	0	0
1340.15	0	1	0	0	0
1339.15	0	1	0	0	0
1338.15	0	1	0	0	0
1337.15	0	1	0	0	0
1336.15	0	1	0	0	0
1335.15	0	1	0	0	0
1334.15	0	1	0	0	0
1333.15	0	1	0	0	0
1332.15	0	1	0	0	0
1331.15	0	1	0	0	0
1330.15	0	1	0	0	0
1329.15	0	1	0	0	0
1328.15	0	1	0	0	0
1327.15	0	1	0	0	0
1326.15	0	1	0	0	0
1325.15	0	1	0	0	0
1324.15	0	1	0	0	0
1323.15	0	1	0	0	0
1322.15	0	1	0	0	0
1321.15	0	1	0	0	0
1320.15	0	1	0	0	0
1319.15	0	1	0	0	0
1318.15	0	1	0	0	0
1317.15	0	1	0	0	0
1316.15	0	1	0	0	0
1315.15	0	1	0	0	0
1314.15	0	1	0	0	0
1313.15	0	1	0	0	0
1312.15	0	1	0	0	0
1311.15	0	1	0	0	0
1310.15	0	1	0	0	0
1309.15	0	1	0	0	0
1308.15	0	1	0	0	0
1307.15	0	1	0	0	0
1306.15	0	1	0	0	0
1305.15	0	1	0	0	0
1304.15	0	1	0	0	0
1303.15	0	1	0	0	0
1302.15	0	1	0	0	0
1301.15	0	1	0	0	0
1300.15	0	1	0	0	0
1299.15	0	1	0	0	0
1298.15	0	1	0	0	0
1297.15	0	1	0	0	0
1296.15	0	1	0	0	0
1295.15	0	1	0	0	0
1294.15	0	1	0	0	0
1293.15	0	1	0	0	0
1292.15	0	1	0	0	0
1291.15	0	1	0	0	0
1290.15	0	1	0	0	0
1289.15	0	1	0	0	0
1288.15	0	1	0	0	0
1287.15	0	1	0	0	0
1286.15	0	1	0	0	0
1285.15	0	1	0	0	0
1284.15	0	1	0	0	0
1283.15	0	1	0	0	0
1282.15	0	1	0	0	0
1281.15	0	1	0	0	0
1280.15	0	1	0	0	0
1279.15	0	1	0	0	0
1278.15	0	1	0	0	0
1277.15	0	1	0	0	0
1276.15	0	1	0	0	0
1275.15	0	1	0	0	0
1274.15	0	1	0	0	0
1273.15	0	1	0	0	0
1272.15	0	1	0	0	0
1271.15	0	1	0	0	0
1270.15	0	1	0	0	0
1269.15	0	1	0	0	0
1268.15	0	1	0	0	0
1267.15	0	1	0	0	0
1266.15	0	1	0	0	0
1265.15	0	1	0	0	0
1264.15	0	1	0	0	0
1263.15	0	1	0	0	0
1262.15	0	1	0	0	0
1261.15	0	1	0	0	0
1260.15	0	1	0	0	0
1259.15	0	1	0	0	0
1258.15	0	1	0	0	0
1257.15	0	1	0	0	0
1256.15	0	1	0	0	0
1255.15	0	1	0	0	0
1254.15	0	1	0	0	0
1253.15	0	1	0	0	0
1252.15	0	1	0	0	0
1251.15	0	1	0	0	0
1250.15	0	1	0	0	0
1249.15	0	1	0	0	0
1248.15	0	1	0	0	0
1247.15	0	1	0	0	0
1246.15	0	1	0	0	0
1245.15	0	1	0	0	0
1244.15	0	1	0	0	0
1243.15	0	1	0	0	0
1242.15	0	1	0	0	0
1241.15	0	1	0	0	0
1240.15	0	1	0	0	0
1239.15	0	1	0	0	0
1238.15	0	1	0	0	0
1237.15	0	1	0	0	0
1236.15	0	1	0	0	0
1235.15	0	1	0	0	0
1234.15	0	1	0	0	0
1233.15	0	1	0	0	0
1232.15	0	1	0	0	0
1231.15	0	1	0	0	0
1230.15	0	1	0	0	0
1229.15	0	1	0	0	0
1228.15	0	1	0	0	0
1227.15	0	1	0	0	0
1226.15	0	1	0	0	0
1225.15	0	1	0	0	0
1224.15	0	1	0	0	0
1223.15	0	1	0	0	0
1222.15	0	1	0	0	0
1221.15	0	1	0	0	0
1220.15	0	1	0	0	0
1219.15	0	1	0	0	0
1218.15	0	1	0	0	0
1217.15	0	1	0	0	0
1216.15	0	1	0	0	0
1215.15	0	1	0	0	0
1214.15	0	1	0	0	0
1213.15	0	1	0	0	0
1212.15	0	1	0	0	0
1211.15	0	1	0	0	0
1210.15	0	1	0	0	0
1209.15	0	1	0	0	0
1208.15	0	1	0	0	0
1207.15	0	1	0	0	0
1206.15	0	1	0	0	0
1205.15	0	1	0	0	0
1204.15	0	1	0	0	0
1203.15	0	1	0	0	0
1202.15	0	1	0	0	0
1201.15	0	1	0	0	0
1200.15	0	1	0	0	0
1199.15	0	1	0	0	0
1198.15	0	1	0	0	0
1197.15	0	1	0	0	0
1196.15	0	1	0	0	0
1195.15	0	1	0	0	0
1194.15	0	1	0	0	0
1193.15	0	1	0	0	0
1192.15	0	1	0	0	0
1191.15	0	1	0	0	0
1190.15	0	1	0	0	0
1189.15	0	1	0	0	0
1188.15	0	1	0	0	0
1187.15	0	1	0	0	0
1186.15	0	1	0	0	0
1185.15	0	1	0	0	0
1184.15	0	1	0	0	0
1183.15	0	1	0	0	0
1182.15	0	1	0	0	0
1181.15	0	1	0	0	0
1180.15	0	1	0	0	0
1179.15	0	1	0	0	0
1178.15	0	1	0	0	0
1177.15	0	1	0	0	0
1176.15	0	1	0	0	0
1175.15	0	1	0	0	0
1174.15	0	1	0	0	0
1173.15	0	1	0	0	0
1172.15	0	1	0	0	0
1171.15	0	1	0	0	0
1170.15	0	1	0	0	0
1169.15	0	1	0	0	0
1168.15	0	1	0	0	0
1167.15	0	1	0	0	0
1166.15	0	1	0	0	0
1165.15	0	1	0	0	0
1164.15	0	1	0	0	0
1163.15	0	1	0	0	0
1162.15	0	1	0	0	0
1161.15	0	1	0	0	0
1160.15	0	1	0	0	0
1159.15	0	1	0	0	0
1158.15	0	1	0	0	0
1157.15	0	1	0	0	0
1156.15	0	1	0	0	0
1155.15	0	1	0	0	0
1154.15	0	1	0	0	0
1153.15	0	1	0	0	0
1152.15	0	1	0	0	0
1151.15	0	1	0	0	0
1150.15	0	1	0	0	0
1149.15	0	1	0	0	0
1148.15	0	1	0	0	0
1147.15	0	1	0	0	0
1146.15	0	1	0	0	0
1145.15	0	1	0	0	0
1144.15	0	1	0	0	0
1143.15	0	1	0	0	0
1142.15	0	1	0	0	0
1141.15	0	1	0	0	0
1140.15	0	1	0	0	0
1139.15	0	1	0	0	0
1138.15	0	1	0	0	0
1137.15	0	1	0	0	0
1136.15	0	1	0	0	0
1135.15	0	1	0	0	0
1134.15	0	1	0	0	0
1133.15	0	1	0	0	0
1132.15	0	1	0	0	0
1131.15	0	1	0	0	0
1130.15	0	1	0	0	0
1129.15	0	1	0	0	0
1128.15	0	1	0	0	0
1127.15	0	1	0	0	0
1126.15	0	1	0	0	0
1125.15	0	1	0	0	0
1124.15	0	1	0	0	0
1123.15	0	1	0	0	0
1122.15	0	1	0	0	0
1121.15	0	1	0	0	0
1120.15	0	1	0	0	0
1119.15	0	1	0	0	0
1118.15	0	1	0	0	0
1117.15	0	1	0	0	0
1116.15	0	1	0	0	0
1115.15	0	1	0	0	0
1114.15	0	1	0	0	0
1113.15	0	1	0	0	0
1112.15	0	1	0	0	0
1111.15	0	1	0	0	0
1110.15	0	1	0	0	0
1109.15	0	1	0	0	0
1108.15	0	1	0	0	0
1107.15	0	1	0	0	0
1106.15	0	1	0	0	0
1105.15	0	1	0	0	0
1104.15	0	1	0	0	0
1103.15	0	1	0	0	0
1102.15	0	1	0	0	0
1101.15	0	1	0	0	0
1100.15	0	1	0	0	0
1099.15	0	1	0	0	0
1098.15	0	1	0	0	0
1097.15	0	1	0	0	0
1096.15	0	1	0	0	0
1095.15	0	1	0	0	0
1094.15	0	1	0	0	0
1093.15	0	1	0	0	0
1092.15	0	1	0	0	0
1091.15	0	1	0	0	0
1090.15	0	1	0	0	0
1089.15	0	1	0	0	0
1088.15	0	1	0	0	0
1087.15	0	1	0	0	0
1086.15	0	1	0	0	0
1085.15	0	1	0	0	0
1084.15	0	1	0	0	0
1083.15	0	1	0	0	0
1082.15	0	1	0	0	0
1081.15	0	1	0	0	0
1080.15	0	1	0	0	0
1079.15	0	1	0	0	0
1078.15	0	1	0	0	0
1077.15	0	1	0	0	0
1076.15	0	1	0	0	0
1075.15	0	1	0	0	0
1074.15	0	1	0	0	0
1073.15	0	1	0	0	0
1072.15	0	1	0	0	0
1071.15	0	1	0	0	0
1070.15	0	1	0	0	0
1069.15	0	1	0	0	0
1068.15	0	1	0	0	0
1067.15	0	1	0	0	0
1066.15	0	1	0	0	0
1065.15	0	1	0	0	0
1064.15	0	1	0	0	0
1063.15	0	1	0	0	0
1062.15	0	1	0	0	0
1061.15	0	1	0	0	0
1060.15	0	1	0	0	0
1059.15	0	1	0	0	0
1058.15	0	1	0	0	0
1057.15	0	1	0	0	0
1056.15	0	1	0	0	0
1055.15	0	1	0	0	0
1054.15	0	1	0	0	0
1053.15	0	1	0	0	0
1052.15	0	1	0	0	0
1051.15	0	1	0	0	0
1050.15	0	1	0	0	0
1049.15	0	1	0	0	0
1048.15	0	1	0	0	0
1047.15	0	1	0	0	0
1046.15	0	1	0	0	0
1045.15	0	1	0	0	0
1044.15	0	1	0	0	0
1043.15	0	1	0	0	0
1042.15	0	1	0	0	0
1041.15	0	1	0	0	0
1040.15	0	1	0	0	0
1039.15	0	1	0	0	0
1038.15	0	1	0	0	0
1037.15	0	1	0	0	0
1036.15	0	1	0	0	0
1035.15	0	1	0	0	0
1034.15	0	1	0	0	0
1033.15	0	1	0	0	0
1032.15	0	1	0	0	0
1031.15	0	1	0	0	0
1030.15	0	1	0	0	0
1029.15	0	1	0	0	0
1028.15	0	1	0	0	0
1027.15	0	1	0	0	0
1026.15	0	1	0	0	0
1025.15	0	1	0	0	0
1025.127	0	1	0	0	0
1025.127	0	1	0	0	0
1025.127	0	1	0	0	0
1024.15	0	.9996269	0	3.731222E-04	0
1023.15	0	.9992457	0	7.543408E-04	0
1022.15	0	.9988653	0	.001134694	0
1021.15	0	.9984858	0	.001514183	0
1020.15	0	.9981072	0	.00189281	0
1019.15	0	.9977294	0	.002270575	0
1018.15	0	.9973525	0	.002647479	0
1017.15	0	.9969765	0	.003023525	0
1016.15	0	.9966013	0	.003398713	0
1015.15	0	.996227	0	.003773044	0
1014.15	0	.9958535	0	.00414652	0
1013.15	0	.9954809	0	.004519141	0
1012.15	0	.9951091	0	.00489091	0
1011.15	0	.9947382	0	.005261827	0
1010.15	0	.9943681	0	.005631894	0
1009.15	0	.9939989	0	.006001111	0
1008.15	0	.9936305	0	.00636948	0
1007.15	0	.993263	0	.006737002	0
1006.15	0	.9928963	0	.007103679	0
1005.15	0	.9925305	0	.007469511	0
1004.15	0	.9921655	0	.007834499	0
1003.15	0	.9918014	0	.008198645	0
1002.15	0	.9914381	0	.008561951	0
1001.15	0	.9910756	0	.008924416	0
1000.15	0	.990714	0	.009286042	0
999.15	0	.9903532	0	.009646831	0
998.15	0	.9899932	0	.01000678	0
997.15	0	.9896341	0	.0103659	0
996.15	0	.9892758	0	.01072418	0
995.15	0	.9889184	0	.01108163	0
994.15	0	.9885618	0	.01143825	0
993.15	0	.988206	0	.01179404	0
992.15	0	.987851	0	.012149	0
991.15	0	.9874969	0	.01250313	0
990.15	0	.9871436	0	.01285643	0
989.15	0	.9867911	0	.0132089	0
988.15	0	.9864394	0	.01356055	0
987.15	0	.9860886	0	.01391138	0
986.15	0	.9857386	0	.01426138	0
985.15	0	.9853894	0	.01461056	0
984.15	0	.9850411	0	.01495892	0
983.15	0	.9846935	0	.01530646	0
982.15	0	.9843468	0	.01565318	0
981.15	0	.9840009	0	.01599908	0
980.15	0	.9836558	0	.01634417	0
979.15	0	.9833116	0	.01668844	0
978.15	0	.9829681	0	.0170319	0
977.15	0	.9826255	0	.01737454	0
976.15	0	.9822836	0	.01771637	0
975.15	0	.9819426	0	.01805739	0
974.15	0	.9816024	0	.0183976	0
973.15	0	.981263	0	.018737	0
972.15	0	.9809244	0	.01907559	0
971.15	0	.9805866	0	.01941337	0
970.15	0	.9802497	0	.01975035	0
969.15	0	.9799135	0	.02008652	0
968.15	0	.9795781	0	.02042189	0
967.15	0	.9792435	0	.02075646	0
966.15	0	.9789098	0	.02109022	0
965.15	0	.9785768	0	.02142318	0
964.15	0	.9782447	0	.02175534	0
963.15	0	.9779133	0	.02208671	0
962.15	0	.9775827	0	.02241727	0
961.15	0	.977253	0	.02274704	0
960.15	0	.976924	0	.02307601	0
959.15	0	.9765958	0	.02340419	0
958.15	0	.9762684	0	.02373157	0
957.15	0	.9759418	0	.02405816	0
956.15	0	.975616	0	.02438396	0
955.15	0	.975291	0	.02470897	0
954.15	0	.9749668	0	.02503318	0
953.15	0	.9746434	0	.02535661	0
952.15	0	.9743208	0	.02567925	0
951.15	0	.9739989	0	.0260011	0
950.15	0	.9736778	0	.02632217	0
949.15	0	.9733576	0	.02664245	0
948.15	0	.9730381	0	.02696194	0
947.15	0	.9727193	0	.02728066	0
946.15	0	.9724014	0	.02759859	0
945.15	0	.9720843	0	.02791574	0
944.15	0	.9717679	0	.02823211	0
943.15	0	.9714523	0	.0285477	0
942.15	0	.9711375	0	.02886251	0
941.15	0	.9708235	0	.02917654	0
940.15	0	.9705102	0	.0294898	0
939.15	0	.9701977	0	.02980228	0
938.15	0	.969886	0	.03011399	0
937.15	0	.9695751	0	.03042492	0
936.15	0	.9692649	0	.03073509	0
935.15	0	.9689555	0	.03104448	0
934.15	0	.9686469	0	.0313531	0
933.15	0	.968339	0	.03166095	0
932.15	0	.968032	0	.03196803	0
931.15	0	.9677257	0	.03227434	0
930.15	0	.9674201	0	.03257989	0
929.15	0	.9671153	0	.03288467	0
928.15	0	.9668113	0	.03318868	0
927.15	0	.9665081	0	.03349193	0
926.15	0	.9662056	0	.03379442	0
925.15	0	.9659039	0	.03409615	0
924.15	0	.9656029	0	.03439711	0
923.15	0	.9653027	0	.03469732	0
922.15	0	.9650032	0	.03499677	0
921.15	0	.9647046	0	.03529545	0
920.15	0	.9644066	0	.03559339	0
919.15	0	.9641094	0	.03589056	0
918.15	0	.963813	0	.03618698	0
917.15	0	.9635174	0	.03648265	0
916.15	0	.9632224	0	.03677756	0
915.15	0	.9629283	0	.03707172	0
914.15	0	.9626349	0	.03736513	0
913.15	0	.9623422	0	.03765779	0
912.15	0	.9620503	0	.0379497	0
911.15	0	.9617591	0	.03824086	0
910.15	0	.9614687	0	.03853127	0
909.15	0	.9611791	0	.03882094	0
908.15	0	.9608901	0	.03910986	0
907.15	0	.960602	0	.03939804	0
906.15	0	.9603145	0	.03968548	0
905.15	0	.9600278	0	.03997217	0
904.15	0	.9597419	0	.04025812	0
903.15	0	.9594567	0	.04054333	0
902.15	0	.9591722	0	.04082781	0
901.15	0	.9588885	0	.04111154	0
900.15	0	.9586055	0	.04139454	0
899.15	0	.9583232	0	.0416768	0
898.15	0	.9580417	0	.04195833	0
897.15	0	.9577609	0	.04223912	0
896.15	0	.9574808	0	.04251918	0
895.15	0	.9572015	0	.04279851	0
894.15	0	.9569229	0	.0430771	0
893.15	0	.956645	0	.04335497	0
892.15	0	.9563679	0	.04363211	0
891.15	0	.9560915	0	.04390853	0
890.15	0	.9558158	0	.04418421	0
889.15	0	.9555408	0	.04445917	0
888.15	0	.9552666	0	.04473341	0
887.15	0	.9549931	0	.04500693	0
886.15	0	.9547203	0	.04527972	0
885.15	0	.9544482	0	.04555179	0
884.15	0	.9541769	0	.04582315	0
883.15	0	.9539062	0	.04609378	0
882.15	0	.9536363	0	.0463637	0
881.15	0	.9533671	0	.0466329	0
880.15	0	.9530986	0	.04690139	0
879.15	0	.9528308	0	.04716916	0
878.3325	0	.9526125	0	.04738754	0
878.3325	0	.9526125	0	.04738754	0
878.3325	0	.9526125	0	.04738754	0
878.15	0	.9524101	1.719512E-04	.04741794	0
877.15	0	.9513019	.001114764	.04758338	0
876.15	0	.9501943	.002058773	.04774695	0
875.15	0	.9490873	.003004083	.04790862	0
874.15	0	.9479808	.003950799	.04806837	0
873.15	0	.9468748	.004899033	.04822617	0
872.15	0	.9457691	.0058489	.048382	0
871.15	0	.9446637	.00680052	.04853582	0
870.15	0	.9435584	.007754016	.04868761	0
869.15	0	.9424531	.008709519	.04883735	0
868.15	0	.9413478	.009667161	.048985	0
867.15	0	.9402424	.01062708	.04913054	0
866.15	0	.9391366	.01158943	.04927393	0
865.15	0	.9380305	.01255435	.04941514	0
864.15	0	.9369239	.013522	.04955414	0
863.15	0	.9358166	.01449255	.04969088	0
862.15	0	.9347085	.01546617	.04982535	0
861.15	0	.9335995	.01644303	.04995749	0
860.15	0	.9324894	.01742331	.05008728	0
859.15	0	.9313781	.01840722	.05021467	0
858.15	0	.9302654	.01939495	.05033962	0
857.15	0	.9291512	.0203867	.05046208	0
856.15	0	.9280353	.02138271	.05058202	0
855.15	0	.9269174	.0223832	.05069938	0
854.15	0	.9257975	.02338841	.05081411	0
853.15	0	.9246752	.02439858	.05092618	0
852.15	0	.9235505	.02541399	.05103552	0
851.15	0	.922423	.0264349	.05114208	0
850.15	0	.9212926	.02746161	.0512458	0
849.15	0	.920159	.02849441	.05134662	0
848.15	0	.9190219	.02953362	.05144448	0
847.15	0	.9178811	.03057958	.05153931	0
846.15	0	.9167363	.03163263	.05163104	0
845.15	0	.9155872	.03269315	.05171961	0
844.15	0	.9144335	.03376152	.05180493	0
843.15	0	.9132749	.03483815	.05188694	0
842.15	0	.912111	.03592348	.05196553	0
841.15	0	.9109414	.03701795	.05204062	0
840.15	0	.9097658	.03812206	.05211212	0
839.15	0	.9085838	.03923631	.05217994	0
838.15	0	.9073948	.04036125	.05224396	0
837.15	0	.9061985	.04149745	.05230407	0
836.15	0	.9049943	.04264553	.05236016	0
835.15	0	.9037818	.04380613	.0524121	0
834.15	0	.9025603	.04497995	.05245976	0
833.15	0	.9013293	.04616774	.052503	0
832.15	0	.900088	.04737029	.05254167	0
831.15	0	.898836	.04858844	.05257559	0
830.15	0	.8975723	.04982312	.0526046	0
829.15	0	.8962962	.0510753	.05262852	0
828.15	0	.8950068	.05234605	.05264713	0
827.15	0	.8937033	.05363651	.05266023	0
826.15	0	.8918649	.05553163	.05260344	0
825.15	0	.8899024	.05757297	.05252461	0
824.15	0	.8880039	.05954911	.05244695	0
823.15	0	.8861665	.06146306	.05237049	0
822.15	0	.8843871	.06331771	.05229523	0
821.15	0	.8826631	.06511575	.05222115	0
820.15	0	.880992	.06685975	.05214827	0
819.15	0	.8793713	.06855216	.05207656	0
818.15	0	.8777987	.07019526	.052006	0
817.15	0	.8762722	.07179125	.05193658	0
816.15	0	.8747896	.07334217	.05186826	0
815.15	0	.873349	.07484999	.05180103	0
814.15	0	.8719486	.07631655	.05173485	0
813.15	0	.8705867	.07774361	.0516697	0
812.15	0	.8692616	.07913283	.05160555	0
811.15	0	.8679719	.08048576	.05154235	0
810.15	0	.866716	.08180392	.0514801	0
809.15	0	.8654926	.0830887	.05141874	0
808.15	0	.8643003	.08434146	.05135827	0
807.15	0	.8631379	.08556346	.05129863	0
806.15	0	.8620043	.08675592	.05123981	0
805.15	0	.8608982	.08791998	.05118177	0
804.15	0	.8598188	.08905674	.05112449	0
803.15	0	.8587648	.09016723	.05106794	0
802.15	0	.8577355	.09125245	.05101209	0
801.15	0	.8567298	.09231334	.05095691	0
800.15	0	.8557468	.09335079	.05090238	0
799.15	0	.8547859	.09436565	.05084847	0
798.15	0	.8538461	.09535875	.05079517	0
797.15	0	.8529267	.09633085	.05074243	0
796.15	0	.8520271	.09728271	.05069025	0
795.15	0	.8511464	.09821501	.0506386	0
794.15	0	.8502841	.09912845	.05058745	0
793.15	0	.8494395	.1000237	.0505368	0
792.15	0	.8486121	.1009013	.05048661	0
791.15	0	.8478013	.1017619	.05043686	0
790.15	0	.8470064	.102606	.05038755	0
789.15	0	.8462271	.1034343	.05033865	0
788.15	0	.8454628	.1042471	.05029014	0
787.15	0	.8447129	.1050451	.05024201	0
786.15	0	.8439772	.1058286	.05019424	0
785.15	0	.8432551	.1065981	.05014681	0
784.15	0	.8425461	.1073542	.05009971	0
783.15	0	.84185	.1080971	.05005293	0
782.15	0	.8411663	.1088273	.05000645	0
781.15	0	.8404946	.1095452	.04996026	0
780.15	0	.8398345	.1102511	.04991435	0
779.15	0	.8391858	.1109455	.04986869	0
778.15	0	.8385481	.1116286	.04982329	0
777.15	0	.8379212	.1123007	.04977812	0
776.15	0	.8373045	.1129623	.04973319	0
775.15	0	.836698	.1136136	.04968847	0
774.15	0	.8361012	.1142548	.04964396	0
773.15	0	.835514	.1148863	.04959965	0
772.15	0	.8349361	.1155084	.04955552	0
771.15	0	.8343671	.1161213	.04951157	0
770.15	0	.833807	.1167252	.04946779	0
769.15	0	.8332565	.1173196	.0494239	0
768.15	0	.8327131	.1179064	.04938046	0
767.15	0	.8321778	.1184851	.04933716	0
766.15	0	.8316503	.1190557	.04929399	0
765.15	0	.8311306	.1196185	.04925096	0
764.15	0	.8306183	.1201736	.04920804	0
763.15	0	.8301134	.1207214	.04916525	0
762.15	0	.8296155	.121262	.04912256	0
761.15	0	.8291246	.1217955	.04907997	0
760.15	0	.8286404	.1223221	.04903748	0
759.15	0	.8281628	.1228421	.04899508	0
758.15	0	.8276917	.1233555	.04895277	0
757.15	0	.8272268	.1238626	.04891053	0
756.15	0	.8267681	.1243635	.04886837	0
755.15	0	.8263154	.1248583	.04882628	0
754.15	0	.8258685	.1253472	.04878426	0
753.15	0	.8254274	.1258304	.0487423	0
752.15	0	.8249918	.1263078	.04870039	0
751.15	0	.8245616	.1267798	.04865853	0
750.15	0	.8241368	.1272465	.04861673	0
749.15	0	.8237172	.1277078	.04857496	0
748.15	0	.8233027	.1281641	.04853324	0
747.15	0	.8228932	.1286153	.04849156	0
746.15	0	.8224885	.1290616	.0484499	0
745.15	0	.8220886	.1295031	.04840828	0
744.15	0	.8216934	.1299399	.04836669	0
743.15	0	.8213027	.1303721	.04832512	0
742.15	0	.8209165	.1307999	.04828357	0
741.15	0	.8205347	.1312233	.04824204	0
740.15	0	.8201572	.1316423	.04820053	0
739.15	0	.8197838	.1320572	.04815902	0
738.15	0	.8194145	.1324679	.04811753	0
737.15	0	.8190493	.1328746	.04807605	0
736.15	0	.818688	.1332774	.04803458	0
735.15	0	.8183306	.1336763	.0479931	0
734.15	0	.817977	.1340714	.04795163	0
733.15	0	.8176271	.1344628	.04791016	0
732.15	0	.8172808	.1348505	.04786869	0
731.15	0	.8169381	.1352347	.04782722	0
730.15	0	.8165989	.1356154	.04778574	0
729.15	0	.8162631	.1359927	.04774425	0
728.15	0	.8159307	.1363666	.04770275	0
727.15	0	.8156016	.1367372	.04766125	0
726.15	0	.8152757	.1371046	.04761973	0
725.15	0	.814953	.1374688	.0475782	0
724.15	0	.8146335	.1378299	.04753665	0
723.15	0	.814317	.1381879	.04749509	0
722.15	0	.8140035	.1385429	.04745352	0
721.15	0	.813693	.138895	.04741192	0
720.15	0	.8133854	.1392443	.04737031	0
719.15	0	.8130807	.1395906	.04732868	0
718.15	0	.8127788	.1399342	.04728703	0
717.15	0	.8124796	.1402751	.04724535	0
716.15	0	.8121831	.1406132	.04720366	0
715.15	0	.8118893	.1409488	.04716194	0
714.15	0	.8115981	.1412817	.0471202	0
713.15	0	.8113095	.1416121	.04707843	0
712.15	0	.8110234	.14194	.04703664	0
711.15	0	.8107398	.1422654	.04699482	0
710.15	0	.8104587	.1425884	.04695298	0
709.15	0	.8101799	.142909	.0469111	0
708.15	0	.8099036	.1432272	.04686921	0
707.15	0	.8096296	.1435432	.04682728	0
706.15	0	.8093578	.1438569	.04678533	0
705.15	0	.8090883	.1441683	.04674335	0
704.15	0	.8088211	.1444776	.04670134	0
703.15	0	.808556	.1447847	.0466593	0
702.15	0	.8082931	.1450897	.04661723	0
701.15	0	.8080323	.1453926	.04657514	0
700.15	0	.8077736	.1456934	.04653301	0
699.15	0	.807517	.1459922	.04649086	0
698.15	0	.8072624	.146289	.04644867	0
697.15	0	.8070097	.1465838	.04640645	0
696.15	0	.8067591	.1468767	.04636421	0
695.15	0	.8065104	.1471677	.04632193	0
694.15	0	.8062636	.1474568	.04627963	0
693.15	0	.8060187	.147744	.04623729	0
692.15	0	.8057756	.1480295	.04619493	0
691.15	0	.8055344	.1483131	.04615253	0
690.15	0	.8052949	.148595	.04611011	0
689.15	0	.8050573	.1488751	.04606765	0
688.15	0	.8048214	.1491534	.04602517	0
687.15	0	.8045872	.1494301	.04598266	0
686.15	0	.8043548	.1497051	.04594011	0
685.15	0	.804124	.1499785	.04589754	0
684.15	0	.8038949	.1502502	.04585494	0
683.15	0	.8036674	.1505203	.04581231	0
682.15	0	.8034415	.1507888	.04576965	0
681.15	0	.8032173	.1510558	.04572696	0
680.15	0	.8029946	.1513212	.04568425	0
679.15	0	.8027734	.151585	.04564151	0
678.15	0	.8025538	.1518474	.04559874	0
677.15	0	.8023358	.1521083	.04555594	0
676.15	0	.8021192	.1523677	.04551312	0
675.15	0	.801904	.1526257	.04547027	0
674.15	0	.8016904	.1528822	.04542739	0
673.15	0	.8014782	.1531374	.04538449	0
672.15	0	.8012674	.1533911	.04534156	0
671.15	0	.801058	.1536434	.04529861	0
670.15	0	.8008499	.1538944	.04525563	0
669.15	0	.8006433	.1541441	.04521263	0
668.15	0	.800438	.1543924	.04516961	0
667.15	0	.8002341	.1546394	.04512656	0
666.15	0	.8000315	.154885	.04508349	0
665.15	0	.7998301	.1551295	.0450404	0
664.15	0	.7996301	.1553726	.04499728	0
663.15	0	.7994314	.1556145	.04495415	0
662.15	0	.7992339	.1558551	.04491099	0
661.15	0	.7990376	.1560945	.04486782	0
660.15	0	.7988426	.1563327	.04482462	0
659.15	0	.7986489	.1565697	.04478141	0
658.15	0	.7984563	.1568056	.04473817	0
657.15	0	.7982649	.1570402	.04469492	0
656.15	0	.7980747	.1572737	.04465165	0
655.15	0	.7978857	.157506	.04460837	0
654.15	0	.7976978	.1577372	.04456507	0
653.15	0	.797511	.1579672	.04452175	0
652.15	0	.7973254	.1581962	.04447841	0
651.15	0	.7971409	.158424	.04443507	0
650.15	0	.7969576	.1586507	.0443917	0
649.15	0	.7967753	.1588764	.04434833	0
648.15	0	.7965941	.159101	.04430494	0
647.15	0	.7964139	.1593245	.04426154	0
646.15	0	.7962349	.159547	.04421813	0
645.15	0	.7960569	.1597684	.04417471	0
644.15	0	.7958799	.1599888	.04413127	0
643.15	0	.7957039	.1602082	.04408783	0
642.15	0	.795529	.1604266	.04404438	0
641.15	0	.7953551	.160644	.04400092	0
640.15	0	.7951822	.1608604	.04395745	0
639.15	0	.7950103	.1610758	.04391398	0
638.15	0	.7948393	.1612902	.0438705	0
637.15	0	.7946694	.1615036	.04382701	0
636.15	0	.7945004	.1617161	.04378352	0
635.15	0	.7943323	.1619277	.04374003	0
634.15	0	.7941652	.1621383	.04369653	0
633.15	0	.7939991	.1623479	.04365303	0
632.15	0	.7938338	.1625567	.04360952	0
631.15	0	.7936695	.1627645	.04356602	0
630.15	0	.7935061	.1629714	.04352252	0
629.15	0	.7933436	.1631774	.04347901	0
628.15	0	.793182	.1633825	.04343551	0
627.15	0	.7930213	.1635867	.043392	0
626.15	0	.7928614	.1637901	.0433485	0
625.15	0	.7927025	.1639925	.04330501	0
624.15	0	.7925444	.1641941	.04326151	0
623.15	0	.7923871	.1643949	.04321802	0
622.15	0	.7922307	.1645947	.04317454	0
621.15	0	.7920752	.1647938	.04313106	0
620.15	0	.7919205	.1649919	.04308759	0
619.15	0	.7917666	.1651893	.04304412	0
618.15	0	.7916135	.1653858	.04300067	0
617.15	0	.7914613	.1655815	.04295722	0
616.15	0	.7913098	.1657764	.04291378	0
615.15	0	.7911592	.1659704	.04287035	0
614.15	0	.7910094	.1661637	.04282694	0
613.15	0	.7908603	.1663562	.04278353	0
612.15	0	.7907121	.1665478	.04274014	0
611.15	0	.7905646	.1667387	.04269676	0
610.15	0	.7904179	.1669287	.0426534	0
609.15	0	.7902719	.167118	.04261005	0
608.15	0	.7901267	.1673065	.04256672	0
607.15	0	.7899823	.1674943	.0425234	0
606.15	0	.7898386	.1676813	.0424801	0
605.15	0	.7896957	.1678675	.04243682	0
604.15	0	.7895535	.1680529	.04239356	0
603.15	0	.789412	.1682377	.04235032	0
602.15	0	.7892713	.1684216	.0423071	0
601.15	0	.7891313	.1686048	.04226389	0
600.15	0	.788992	.1687873	.04222072	0
599.15	0	.7888534	.168969	.04217756	0
598.15	0	.7887155	.16915	.04213443	0
597.15	0	.7885783	.1693303	.04209132	0
596.15	0	.7884419	.1695099	.04204824	0
595.15	0	.7883061	.1696887	.04200518	0
594.15	0	.788171	.1698669	.04196216	0
593.15	0	.7880366	.1700443	.04191915	0
592.15	0	.7879029	.170221	.04187618	0
591.15	0	.7877698	.170397	.04183324	0
590.15	0	.7876374	.1705723	.04179032	0
589.15	0	.7875057	.1707469	.04174744	0
588.15	0	.7873746	.1709208	.04170459	0
587.15	0	.7872442	.171094	.04166177	0
586.15	0	.7871145	.1712665	.04161898	0
585.15	0	.7869854	.1714384	.04157623	0
584.15	0	.7868569	.1716096	.04153351	0
583.15	0	.7867291	.1717801	.04149083	0
582.15	0	.7866019	.1719499	.04144819	0
581.15	0	.7864754	.172119	.04140558	0
580.15	0	.7863495	.1722875	.04136301	0
579.15	0	.7862242	.1724553	.04132048	0
578.15	0	.7860995	.1726225	.04127799	0
577.15	0	.7859755	.172789	.04123553	0
576.15	0	.7858521	.1729548	.04119313	0
575.15	0	.7857292	.17312	.04115076	0
574.15	0	.785607	.1732845	.04110843	0
573.15	0	.7854854	.1734484	.04106615	0
572.15	0	.7853644	.1736117	.04102392	0
571.15	0	.785244	.1737743	.04098172	0
570.15	0	.7851242	.1739362	.04093958	0
569.15	0	.785005	.1740976	.04089748	0
568.15	0	.7848863	.1742582	.04085543	0
567.15	0	.7847683	.1744183	.04081343	0
566.15	0	.7846508	.1745777	.04077147	0
565.15	0	.7845339	.1747365	.04072957	0
564.15	0	.7844176	.1748947	.04068772	0
563.15	0	.7843019	.1750522	.04064592	0
562.15	0	.7841867	.1752091	.04060417	0
561.15	0	.7840721	.1753654	.04056248	0
560.15	0	.7839581	.1755211	.04052084	0
559.15	0	.7838446	.1756762	.04047925	0
558.15	0	.7837317	.1758306	.04043773	0
557.15	0	.7836193	.1759844	.04039625	0
556.15	0	.7835075	.1761377	.04035484	0
555.15	0	.7833963	.1762903	.04031348	0
554.15	0	.7832855	.1764423	.04027218	0
553.15	0	.7831754	.1765937	.04023094	0
552.15	0	.7830657	.1767445	.04018977	0
551.15	0	.7829567	.1768947	.04014865	0
550.15	0	.7828481	.1770443	.04010759	0
549.15	0	.7827401	.1771933	.0400666	0
548.15	0	.7826326	.1773417	.04002567	0
547.15	0	.7825257	.1774895	.03998481	0
546.15	0	.7824192	.1776368	.03994401	0
545.15	0	.7823133	.1777834	.03990328	0
544.15	0	.782208	.1779294	.03986262	0
543.15	0	.7821031	.1780749	.03982202	0
542.15	0	.7819988	.1782197	.03978149	0
541.15	0	.781895	.178364	.03974103	0
540.15	0	.7817916	.1785077	.03970064	0
539.15	0	.7816889	.1786508	.03966032	0
538.15	0	.7815866	.1787934	.03962008	0
537.15	0	.7814848	.1789353	.0395799	0
536.15	0	.7813835	.1790767	.0395398	0
535.15	0	.7812827	.1792175	.03949977	0
534.15	0	.7811825	.1793577	.03945982	0
533.15	0	.7810827	.1794973	.03941994	0
532.15	0	.7809834	.1796364	.03938014	0
531.15	0	.7808847	.1797749	.03934042	0
530.15	0	.7807864	.1799129	.03930078	0
529.15	0	.7806886	.1800502	.03926121	0
528.15	0	.7805913	.180187	.03922172	0
527.15	0	.7804945	.1803232	.03918231	0
526.15	0	.7803981	.1804589	.03914299	0
525.15	0	.7803023	.180594	.03910374	0
524.15	0	.7802069	.1807285	.03906458	0
523.15	0	.7801121	.1808625	.0390255	0
522.15	0	.7800177	.1809959	.03898651	0
521.15	0	.7799237	.1811287	.0389476	0
520.15	0	.7798303	.181261	.03890877	0
519.15	0	.7797374	.1813927	.03886994	0
518.15	0	.7796449	.1815238	.03883129	0
517.15	0	.7795528	.1816544	.03879272	0
516.15	0	.7794613	.1817845	.03875425	0
515.15	0	.7793702	.181914	.03871586	0
514.15	0	.7792796	.1820429	.03867756	0
513.15	0	.7791894	.1821713	.03863936	0
512.15	0	.7790997	.1822991	.03860124	0
511.15	0	.7790104	.1824264	.03856322	0
510.15	0	.7789216	.1825531	.03852529	0
509.15	0	.7788333	.1826793	.03848745	0
508.15	0	.7787454	.1828049	.03844971	0
507.15	0	.778658	.1829299	.03841207	0
506.15	0	.778571	.1830545	.03837452	0
505.15	0	.7784845	.1831784	.03833706	0
504.15	0	.7783984	.1833019	.03829971	0
503.15	0	.7783128	.1834247	.03826245	0
502.15	0	.7782277	.1835471	.03822529	0
501.15	0	.7781429	.1836688	.03818823	0
500.15	0	.7780586	.1837901	.03815127	0
499.15	0	.7779748	.1839108	.03811441	0
498.15	0	.7778914	.1840309	.03807766	0
497.15	0	.7778085	.1841505	.038041	0
496.15	0	.7777259	.1842696	.03800445	0
495.15	0	.7776439	.1843881	.03796801	0
494.15	0	.7775622	.1845061	.03793166	0
493.15	0	.777481	.1846236	.03789543	0
492.15	0	.7774002	.1847405	.0378593	0
491.15	0	.7773199	.1848568	.03782327	0
490.15	0	.77724	.1849727	.03778735	0
489.15	0	.7771605	.185088	.03775155	0
488.15	0	.7770814	.1852027	.03771584	0
487.15	0	.7770028	.1853169	.03768025	0
486.15	0	.7769246	.1854306	.03764477	0
485.15	0	.7768469	.1855438	.0376094	0
484.15	0	.7767695	.1856564	.03757414	0
483.15	0	.7766926	.1857684	.037539	0
482.15	0	.7766161	.18588	.03750396	0
481.15	0	.77654	.185991	.03746904	0
480.15	0	.7764643	.1861014	.03743424	0
479.15	0	.7763891	.1862114	.03739955	0
478.15	0	.7763142	.1863208	.03736497	0
477.15	0	.7762398	.1864297	.03733051	0
476.15	0	.7761658	.186538	.03729617	0
475.15	0	.7760923	.1866458	.03726194	0
474.15	0	.7760191	.1867531	.03722784	0
473.15	0	.7759463	.1868598	.03719385	0
472.15	0	.775874	.1869661	.03715998	0
471.15	0	.775802	.1870718	.03712623	0
470.15	0	.7757305	.1871769	.0370926	0
469.15	0	.7756594	.1872815	.03705909	0
468.15	0	.7755886	.1873857	.03702571	0
467.15	0	.7755183	.1874892	.03699244	0
466.15	0	.7754484	.1875923	.0369593	0
465.15	0	.7753789	.1876948	.03692628	0
464.15	0	.7753098	.1877968	.03689339	0
463.15	0	.7752411	.1878983	.03686063	0
462.15	0	.7751728	.1879992	.03682798	0
461.15	0	.7751049	.1880996	.03679547	0
460.15	0	.7750374	.1881995	.03676308	0
459.15	0	.7749703	.1882989	.03673082	0
458.15	0	.7749036	.1883977	.03669868	0
457.15	0	.7748373	.1884961	.03666668	0
456.15	0	.7747713	.1885939	.0366348	0
455.15	0	.7747058	.1886911	.03660306	0
454.15	0	.7746407	.1887879	.03657144	0
453.15	0	.7745759	.1888841	.03653995	0
452.15	0	.7745116	.1889798	.0365086	0
451.15	0	.7744476	.189075	.03647738	0
450.15	0	.774384	.1891697	.03644629	0
449.15	0	.7743209	.1892638	.03641535	0
448.15	0	.7742581	.1893573	.03638456	0
447.15	0	.7741958	.1894503	.0363539	0
446.15	0	.7741338	.1895428	.03632338	0
445.15	0	.7740723	.1896347	.03629301	0
444.15	0	.7740111	.1897261	.03626278	0
443.15	0	.7739504	.1898169	.0362327	0
442.15	0	.77389	.1899072	.03620278	0
441.15	0	.7738301	.1899969	.036173	0
440.15	0	.7737706	.190086	.03614338	0
439.15	0	.7737115	.1901746	.03611391	0
438.15	0	.7736528	.1902626	.03608461	0
437.15	0	.7735946	.19035	.03605546	0
436.15	0	.7735367	.1904368	.03602648	0
435.15	0	.7734793	.190523	.03599766	0
434.15	0	.7734223	.1906087	.03596901	0
433.15	0	.7733658	.1906937	.03594052	0
432.15	0	.7733097	.1907781	.03591221	0
431.15	0	.7732539	.190862	.03588406	0
430.15	0	.7731987	.1909452	.03585609	0
429.15	0	.7731438	.1910279	.03582829	0
428.15	0	.7730894	.1911099	.03580067	0
427.15	0	.7730355	.1911913	.03577322	0
426.15	0	.7729819	.1912722	.03574594	0
425.15	0	.7729288	.1913524	.03571885	0
424.15	0	.7728761	.191432	.03569193	0
423.15	0	.7728239	.1915109	.03566519	0
422.15	0	.7727721	.1915893	.03563864	0
421.15	0	.7727207	.1916671	.03561226	0
420.15	0	.7726697	.1917442	.03558607	0
419.15	0	.7726192	.1918208	.03556006	0
418.15	0	.7725691	.1918967	.03553423	0
417.15	0	.7725194	.191972	.03550858	0
416.15	0	.7724702	.1920467	.03548312	0
415.15	0	.7724214	.1921208	.03545785	0
414.15	0	.772373	.1921943	.03543276	0
413.15	0	.772325	.1922671	.03540785	0
412.15	0	.7722775	.1923394	.03538314	0
411.15	0	.7722304	.192411	.0353586	0
410.15	0	.7721837	.192482	.03533426	0
409.15	0	.7721374	.1925525	.0353101	0
408.15	0	.7720916	.1926223	.03528613	0
407.15	0	.7720462	.1926915	.03526234	0
406.15	0	.7720012	.1927601	.03523874	0
405.15	0	.7719566	.1928281	.03521533	0
404.15	0	.7719124	.1928955	.0351921	0
403.15	0	.7718686	.1929623	.03516906	0
402.15	0	.7718252	.1930286	.03514621	0
401.15	0	.7717823	.1930942	.03512354	0
400.15	0	.7717397	.1931592	.03510106	0
399.15	0	.7716976	.1932237	.03507877	0
398.15	0	.7716558	.1932875	.03505666	0
397.15	0	.7716145	.1933508	.03503474	0
396.15	0	.7715735	.1934135	.035013	0
395.15	0	.7715329	.1934756	.03499145	0
394.15	0	.7714928	.1935371	.03497008	0
393.15	0	.771453	.1935981	.0349489	0
392.15	0	.7714136	.1936585	.0349279	0
391.15	0	.7713746	.1937183	.03490708	0
390.15	0	.771336	.1937776	.03488645	0
389.15	0	.7712977	.1938363	.034866	0
388.15	0	.7712599	.1938944	.03484573	0
387.15	0	.7712224	.193952	.03482564	0
386.15	0	.7711852	.194009	.03480574	0
385.15	0	.7711485	.1940655	.03478601	0
384.15	0	.7711121	.1941214	.03476647	0
383.15	0	.7710761	.1941768	.0347471	0
382.15	0	.7710404	.1942317	.03472791	0
381.15	0	.7710051	.194286	.0347089	0
380.15	0	.7709702	.1943398	.03469006	0
379.15	0	.7709356	.194393	.03467141	0
378.15	0	.7709014	.1944457	.03465293	0
377.15	0	.7708675	.1944979	.03463462	0
376.15	0	.7708339	.1945496	.03461649	0
375.15	0	.7708007	.1946008	.03459853	0
374.15	0	.7707678	.1946514	.03458075	0
373.15	0	.7707353	.1947016	.03456313	0
372.15	0	.7707031	.1947512	.03454569	0
371.15	0	.7706713	.1948003	.03452842	0
370.15	0	.7706397	.194849	.03451132	0
369.15	0	.7706085	.1948971	.03449439	0
368.15	0	.7705776	.1949448	.03447762	0
367.15	0	.770547	.1949919	.03446103	0
366.15	0	.7705168	.1950386	.0344446	0
365.15	0	.7704869	.1950848	.03442833	0
364.15	0	.7704572	.1951305	.03441224	0
363.15	0	.7704279	.1951758	.0343963	0
362.15	0	.7703989	.1952206	.03438053	0
361.15	0	.7703702	.1952649	.03436492	0
360.15	0	.7703418	.1953088	.03434947	0
359.15	0	.7703136	.1953522	.03433419	0
358.15	0	.7702858	.1953951	.03431906	0
357.15	0	.7702583	.1954377	.0343041	0
356.15	0	.770231	.1954797	.03428929	0
355.15	0	.770204	.1955213	.03427464	0
354.15	0	.7701773	.1955625	.03426014	0
353.15	0	.770151	.1956033	.0342458	0
352.15	0	.7701248	.1956436	.03423162	0
351.15	0	.770099	.1956835	.03421759	0
350.15	0	.7700734	.1957229	.03420371	0
349.15	0	.7700481	.195762	.03418999	0
348.15	0	.770023	.1958006	.03417641	0
347.4803	0	.7700064	.1958262	.03416741	0
347.4803	0	.7700064	.1958262	.03416741	0
347.4803	0	.7700064	.1958262	.03416741	0
347.15	0	.7700816	.1956368	.03407598	2.056296E-04
346.15	0	.7703093	.1950634	.0337995	8.278266E-04
345.15	0	.7705369	.1944901	.03352352	.001449471
344.15	0	.7707645	.193917	.03324804	.002070568
343.15	0	.7709919	.1933439	.03297304	.002691118
342.15	0	.7712193	.192771	.03269854	.003311126
341.15	0	.7714466	.1921983	.03242453	.003930596
340.15	0	.7716738	.1916256	.032151	.004549529
339.15	0	.771901	.1910531	.03187795	.005167929
338.15	0	.7721281	.1904807	.03160539	.005785799
337.15	0	.7723551	.1899084	.0313333	.006403142
336.15	0	.7725821	.1893362	.0310617	.007019961
335.15	0	.772809	.1887642	.03079058	.007636258
334.15	0	.7730358	.1881922	.03051993	.008252038
333.15	0	.7732626	.1876204	.03024975	.008867301
332.15	0	.7734893	.1870486	.02998005	.009482052
331.15	0	.7737159	.186477	.02971082	.01009629
330.15	0	.7739425	.1859055	.02944205	.01071002
329.15	0	.774169	.185334	.02917376	.01132325
328.15	0	.7743954	.1847627	.02890593	.01193598
327.15	0	.7746218	.1841914	.02863857	.0125482
326.15	0	.7748481	.1836203	.02837167	.01315993
325.15	0	.7750744	.1830492	.02810523	.01377116
324.15	0	.7753006	.1824782	.02783925	.0143819
323.15	0	.7755268	.1819074	.02757373	.01499215
322.15	0	.7757529	.1813366	.02730866	.01560191
321.15	0	.7759789	.1807659	.02704406	.01621118
320.15	0	.7762049	.1801952	.02677991	.01681997
319.15	0	.7764308	.1796247	.02651621	.01742828
318.15	0	.7766567	.1790542	.02625296	.0180361
317.15	0	.7768825	.1784839	.02599017	.01864345
316.15	0	.7771083	.1779136	.02572782	.01925033
315.15	0	.777334	.1773434	.02546592	.01985672
314.15	0	.7775597	.1767732	.02520447	.02046265
313.15	0	.7777853	.1762032	.02494347	.02106811
312.15	0	.7780108	.1756332	.02468291	.0216731
311.15	0	.7782363	.1750633	.0244228	.02227762
310.15	0	.7784618	.1744934	.02416312	.02288168
309.15	0	.7786872	.1739237	.02390389	.02348527
308.15	0	.7789125	.173354	.0236451	.0240884
307.15	0	.7791378	.1727843	.02338675	.02469107
306.15	0	.7793631	.1722148	.02312884	.02529329
305.15	0	.7795883	.1716453	.02287137	.02589504
304.15	0	.7798134	.1710759	.02261433	.02649634
303.15	0	.7800385	.1705066	.02235773	.02709719
302.15	0	.7802636	.1699373	.02210156	.02769758
301.15	0	.7804885	.1693681	.02184583	.02829752
300.15	0	.7807135	.168799	.02159053	.02889701
299.15	0	.7809384	.1682299	.02133566	.02949606
298.15	0	.7811632	.1676609	.02108122	.03009465
