T	 BPW(LIQUID)	BPW(BCC_A2)	BPW(FCC_A1)	BPW(LAVES_PHASE_C14)	BPW(NI3TI)
1473.15	.1822111	.7573632	0	.06042571	0
1472.15	.1766224	.7609698	0	.06240777	0
1471.15	.1711382	.7645033	0	.06435848	0
1470.15	.1657557	.7679656	0	.06627872	0
1469.15	.1604721	.7713586	0	.06816934	0
1468.15	.1552848	.7746841	0	.07003116	0
1467.15	.1501911	.7779439	0	.07186497	0
1466.15	.1451887	.7811398	0	.07367153	0
1465.15	.1402751	.7842733	0	.07545159	0
1464.15	.135448	.7873461	0	.07720584	0
1463.15	.1307052	.7903598	0	.07893498	0
1462.15	.1260445	.7933158	0	.08063967	0
1461.15	.1214638	.7962156	0	.08232056	0
1460.15	.1169611	.7990606	0	.08397826	0
1459.15	.1125344	.8018522	0	.08561336	0
1458.15	.1081819	.8045917	0	.08722647	0
1457.15	.1039016	.8072803	0	.08881812	0
1456.15	.0996919	.8099192	0	.09038887	0
1455.15	.09555096	.8125098	0	.09193925	0
1454.15	.09147715	.8150531	0	.09346975	0
1453.15	.08746885	.8175503	0	.09498088	0
1452.15	.08352449	.8200024	0	.0964731	0
1451.15	.07964256	.8224106	0	.09794689	0
1450.15	.07582158	.8247757	0	.09940269	0
1449.15	.07206012	.827099	0	.1008409	0
1448.15	.06835679	.8293812	0	.102262	0
1447.15	.06471026	.8316233	0	.1036664	0
1446.15	.06111921	.8338263	0	.1050545	0
1445.15	.05758237	.8359911	0	.1064266	0
1444.15	.05409853	.8381184	0	.1077831	0
1443.15	.05066647	.8402091	0	.1091244	0
1442.15	.04728505	.8422641	0	.1104508	0
1441.15	.04395313	.8442841	0	.1117627	0
1440.15	.04066962	.8462699	0	.1130605	0
1439.15	.03743346	.8482222	0	.1143443	0
1438.15	.0342436	.8501418	0	.1156146	0
1437.15	.03109905	.8520293	0	.1168716	0
1436.15	.02799882	.8538855	0	.1181157	0
1435.15	.02494197	.855711	0	.1193471	0
1434.15	.02192756	.8575064	0	.120566	0
1433.15	.01895471	.8592724	0	.1217729	0
1432.15	.01602252	.8610096	0	.1229679	0
1431.15	.01313015	.8627186	0	.1241512	0
1430.15	.01027677	.8644	0	.1253232	0
1429.15	.007461576	.8660543	0	.1264841	0
1428.15	.004683774	.8676821	0	.1276341	0
1427.15	.0019426	.869284	0	.1287734	0
1426.433	0	.8704164	0	.1295836	0
1426.433	0	.8704164	0	.1295836	0
1426.15	0	.8702357	0	.1297643	0
1425.15	0	.8695986	0	.1304014	0
1424.15	0	.8689632	0	.1310368	0
1423.15	0	.8683293	0	.1316707	0
1422.15	0	.867697	0	.132303	0
1421.15	0	.8670662	0	.1329338	0
1420.15	0	.866437	0	.133563	0
1419.15	0	.8658094	0	.1341906	0
1418.15	0	.8651833	0	.1348167	0
1417.15	0	.8645587	0	.1354413	0
1416.15	0	.8639357	0	.1360643	0
1415.15	0	.8633142	0	.1366858	0
1414.15	0	.8626943	0	.1373057	0
1413.15	0	.8620759	0	.1379241	0
1412.15	0	.8614589	0	.1385411	0
1411.15	0	.8608435	0	.1391565	0
1410.15	0	.8602296	0	.1397704	0
1409.15	0	.8596172	0	.1403828	0
1408.15	0	.8590064	0	.1409936	0
1407.15	0	.8583969	0	.1416031	0
1406.15	0	.857789	0	.142211	0
1405.15	0	.8571826	0	.1428174	0
1404.15	0	.8565776	0	.1434224	0
1403.15	0	.8559741	0	.1440259	0
1402.15	0	.8553721	0	.1446279	0
1401.15	0	.8547715	0	.1452285	0
1400.15	0	.8541724	0	.1458276	0
1399.15	0	.8535748	0	.1464252	0
1398.15	0	.8529786	0	.1470214	0
1397.15	0	.8523838	0	.1476162	0
1396.15	0	.8517905	0	.1482095	0
1395.15	0	.8511986	0	.1488014	0
1394.15	0	.8506081	0	.1493919	0
1393.15	0	.8500191	0	.149981	0
1392.15	0	.8494314	0	.1505686	0
1391.15	0	.8488452	0	.1511548	0
1390.15	0	.8482604	0	.1517396	0
1389.15	0	.847677	0	.152323	0
1388.15	0	.847095	0	.152905	0
1387.15	0	.8465144	0	.1534856	0
1386.15	0	.8459352	0	.1540648	0
1385.15	0	.8453573	0	.1546427	0
1384.15	0	.8447809	0	.1552191	0
1383.15	0	.8442058	0	.1557942	0
1382.15	0	.8436321	0	.1563679	0
1381.15	0	.8430597	0	.1569403	0
1380.15	0	.8424888	0	.1575112	0
1379.15	0	.8419192	0	.1580808	0
1378.15	0	.8413509	0	.1586491	0
1377.15	0	.840784	0	.159216	0
1376.15	0	.8402184	0	.1597816	0
1375.15	0	.8396542	0	.1603458	0
1374.15	0	.8390913	0	.1609087	0
1373.15	0	.8385298	0	.1614702	0
1372.15	0	.8379695	0	.1620305	0
1371.15	0	.8374106	0	.1625894	0
1370.15	0	.8368531	0	.1631469	0
1369.15	0	.8362968	0	.1637032	0
1368.15	0	.8357418	0	.1642582	0
1367.15	0	.8351882	0	.1648118	0
1366.15	0	.8346359	0	.1653642	0
1365.15	0	.8340848	0	.1659152	0
1364.15	0	.8335351	0	.166465	0
1363.15	0	.8329866	0	.1670134	0
1362.15	0	.8324394	0	.1675606	0
1361.15	0	.8318935	0	.1681065	0
1360.15	0	.8313489	0	.1686511	0
1359.15	0	.8308056	0	.1691944	0
1358.15	0	.8302635	0	.1697365	0
1357.15	0	.8297227	0	.1702773	0
1356.15	0	.8291832	0	.1708169	0
1355.15	0	.8286449	0	.1713551	0
1354.15	0	.8281078	0	.1718922	0
1353.15	0	.8275721	0	.1724279	0
1352.15	0	.8270375	0	.1729625	0
1351.15	0	.8265042	0	.1734958	0
1350.15	0	.8259722	0	.1740278	0
1349.15	0	.8254414	0	.1745586	0
1348.15	0	.8249118	0	.1750882	0
1347.15	0	.8243834	0	.1756166	0
1346.15	0	.8238563	0	.1761437	0
1345.15	0	.8233304	0	.1766696	0
1344.15	0	.8228057	0	.1771943	0
1343.15	0	.8222822	0	.1777178	0
1342.15	0	.8217599	0	.1782401	0
1341.15	0	.8212388	0	.1787612	0
1340.15	0	.820719	0	.179281	0
1339.15	0	.8202003	0	.1797997	0
1338.15	0	.8196828	0	.1803172	0
1337.15	0	.8191665	0	.1808335	0
1336.15	0	.8186514	0	.1813486	0
1335.15	0	.8181375	0	.1818625	0
1334.15	0	.8176247	0	.1823753	0
1333.15	0	.8171132	0	.1828868	0
1332.15	0	.8166028	0	.1833972	0
1331.15	0	.8160935	0	.1839065	0
1330.15	0	.8155855	0	.1844145	0
1329.15	0	.8150786	0	.1849214	0
1328.15	0	.8145728	0	.1854272	0
1327.15	0	.8140682	0	.1859318	0
1326.15	0	.8135648	0	.1864352	0
1325.15	0	.8130625	0	.1869375	0
1324.15	0	.8125613	0	.1874387	0
1323.15	0	.8120613	0	.1879387	0
1322.15	0	.8115625	0	.1884375	0
1321.15	0	.8110647	0	.1889353	0
1320.15	0	.8105681	0	.1894319	0
1319.15	0	.8100726	0	.1899274	0
1318.15	0	.8095783	0	.1904217	0
1317.15	0	.809085	0	.190915	0
1316.15	0	.8085929	0	.1914071	0
1315.15	0	.8081019	0	.1918981	0
1314.15	0	.807612	0	.192388	0
1313.15	0	.8071232	0	.1928768	0
1312.15	0	.8066355	0	.1933645	0
1311.15	0	.8061489	0	.1938511	0
1310.15	0	.8056634	0	.1943366	0
1309.15	0	.805179	0	.194821	0
1308.15	0	.8046957	0	.1953043	0
1307.15	0	.8042135	0	.1957865	0
1306.15	0	.8037324	0	.1962676	0
1305.15	0	.8032523	0	.1967477	0
1304.15	0	.8027734	0	.1972266	0
1303.15	0	.8022955	0	.1977045	0
1302.15	0	.8018186	0	.1981814	0
1301.15	0	.8013429	0	.1986571	0
1300.15	0	.8008682	0	.1991318	0
1299.15	0	.8003946	0	.1996055	0
1298.15	0	.799922	0	.200078	0
1297.15	0	.7994505	0	.2005495	0
1296.15	0	.79898	0	.20102	0
1295.15	0	.7985106	0	.2014894	0
1294.15	0	.7980422	0	.2019578	0
1293.15	0	.7975749	0	.2024251	0
1292.15	0	.7971086	0	.2028914	0
1291.15	0	.7966434	0	.2033566	0
1290.15	0	.7961792	0	.2038208	0
1289.15	0	.795716	0	.204284	0
1288.15	0	.7952539	0	.2047461	0
1287.15	0	.7947928	0	.2052072	0
1286.15	0	.7943327	0	.2056673	0
1285.15	0	.7938736	0	.2061264	0
1284.15	0	.7934156	0	.2065845	0
1283.15	0	.7929585	0	.2070415	0
1282.15	0	.7925025	0	.2074975	0
1281.15	0	.7920475	0	.2079525	0
1280.15	0	.7915935	0	.2084065	0
1279.15	0	.7911404	0	.2088596	0
1278.15	0	.7906885	0	.2093116	0
1277.15	0	.7902375	0	.2097625	0
1276.15	0	.7897874	0	.2102126	0
1275.15	0	.7893384	0	.2106616	0
1274.15	0	.7888904	0	.2111096	0
1273.15	0	.7884434	0	.2115567	0
1272.15	0	.7879973	0	.2120027	0
1271.15	0	.7875522	0	.2124478	0
1270.15	0	.7871081	0	.2128919	0
1269.15	0	.786665	0	.213335	0
1268.15	0	.7862229	0	.2137771	0
1267.15	0	.7857817	0	.2142183	0
1266.15	0	.7853415	0	.2146585	0
1265.15	0	.7849022	0	.2150978	0
1264.15	0	.784464	0	.215536	0
1263.15	0	.7840267	0	.2159734	0
1262.15	0	.7835903	0	.2164097	0
1261.15	0	.7831549	0	.2168451	0
1260.15	0	.7827204	0	.2172796	0
1259.15	0	.7822869	0	.2177131	0
1258.15	0	.7818544	0	.2181456	0
1257.15	0	.7814228	0	.2185772	0
1256.15	0	.7809921	0	.2190079	0
1255.15	0	.7805624	0	.2194376	0
1254.15	0	.7801336	0	.2198664	0
1253.15	0	.7797058	0	.2202942	0
1252.15	0	.7792788	0	.2207212	0
1251.15	0	.7788528	0	.2211472	0
1250.15	0	.7784278	0	.2215722	0
1249.15	0	.7780036	0	.2219964	0
1248.15	0	.7775804	0	.2224196	0
1247.15	0	.7771581	0	.2228419	0
1246.15	0	.7767367	0	.2232632	0
1245.15	0	.7763163	0	.2236837	0
1244.15	0	.7758967	0	.2241033	0
1243.15	0	.7754781	0	.2245219	0
1242.15	0	.7750604	0	.2249396	0
1241.15	0	.7746435	0	.2253565	0
1240.15	0	.7742276	0	.2257724	0
1239.15	0	.7738126	0	.2261874	0
1238.15	0	.7733985	0	.2266015	0
1237.15	0	.7729853	0	.2270148	0
1236.15	0	.7725729	0	.2274271	0
1235.15	0	.7721615	0	.2278385	0
1234.15	0	.7717509	0	.2282491	0
1233.15	0	.7713413	0	.2286587	0
1232.15	0	.7709325	0	.2290675	0
1231.15	0	.7705246	0	.2294754	0
1230.15	0	.7701176	0	.2298824	0
1229.15	0	.7697114	0	.2302886	0
1228.15	0	.7693062	0	.2306938	0
1227.15	0	.7689018	0	.2310982	0
1226.15	0	.7684983	0	.2315018	0
1225.15	0	.7680956	0	.2319044	0
1224.15	0	.7676938	0	.2323062	0
1223.15	0	.7672929	0	.2327071	0
1222.15	0	.7668929	0	.2331072	0
1221.15	0	.7664937	0	.2335064	0
1220.15	0	.7660953	0	.2339047	0
1219.15	0	.7656978	0	.2343022	0
1218.15	0	.7653012	0	.2346988	0
1217.15	0	.7649054	0	.2350946	0
1216.15	0	.7645105	0	.2354895	0
1215.15	0	.7641164	0	.2358836	0
1214.15	0	.7637232	0	.2362768	0
1213.15	0	.7633308	0	.2366692	0
1212.15	0	.7629393	0	.2370607	0
1211.15	0	.7625485	0	.2374515	0
1210.15	0	.7621587	0	.2378413	0
1209.15	0	.7617696	0	.2382304	0
1208.15	0	.7613814	0	.2386186	0
1207.15	0	.7609941	0	.2390059	0
1206.15	0	.7606075	0	.2393925	0
1205.15	0	.7602218	0	.2397782	0
1204.15	0	.7598369	0	.2401631	0
1203.15	0	.7594528	0	.2405472	0
1202.15	0	.7590696	0	.2409304	0
1201.15	0	.7586872	0	.2413128	0
1200.15	0	.7583055	0	.2416945	0
1199.15	0	.7579247	0	.2420753	0
1198.15	0	.7575448	0	.2424552	0
1197.15	0	.7571656	0	.2428344	0
1196.15	0	.7567872	0	.2432128	0
1195.15	0	.7564097	0	.2435903	0
1194.15	0	.7560329	0	.2439671	0
1193.15	0	.755657	0	.2443431	0
1192.15	0	.7552818	0	.2447182	0
1191.15	0	.7549075	0	.2450925	0
1190.15	0	.7545339	0	.2454661	0
1189.15	0	.7541611	0	.2458389	0
1188.15	0	.7537892	0	.2462108	0
1187.15	0	.753418	0	.246582	0
1186.15	0	.7530476	0	.2469524	0
1185.15	0	.752678	0	.247322	0
1184.15	0	.7523092	0	.2476908	0
1183.15	0	.7519412	0	.2480588	0
1182.15	0	.751574	0	.248426	0
1181.15	0	.7512075	0	.2487925	0
1180.15	0	.7508418	0	.2491582	0
1179.15	0	.7504769	0	.2495231	0
1178.15	0	.7501128	0	.2498872	0
1177.15	0	.7497495	0	.2502506	0
1176.15	0	.7493869	0	.2506131	0
1175.15	0	.7490251	0	.2509749	0
1174.15	0	.748664	0	.251336	0
1173.15	0	.7483037	0	.2516963	0
1172.15	0	.7479442	0	.2520558	0
1171.15	0	.7475855	0	.2524145	0
1170.15	0	.7472275	0	.2527725	0
1169.15	0	.7468703	0	.2531297	0
1168.15	0	.7465138	0	.2534862	0
1167.15	0	.7461581	0	.2538419	0
1166.15	0	.7458031	0	.2541969	0
1165.15	0	.7454489	0	.2545511	0
1164.15	0	.7450955	0	.2549045	0
1163.15	0	.7447428	0	.2552572	0
1162.15	0	.7443908	0	.2556092	0
1161.15	0	.7440396	0	.2559604	0
1160.15	0	.7436891	0	.2563109	0
1159.15	0	.7433394	0	.2566606	0
1158.15	0	.7429904	0	.2570096	0
1157.15	0	.7426422	0	.2573578	0
1156.15	0	.7422947	0	.2577053	0
1155.15	0	.7419479	0	.2580521	0
1154.15	0	.7416019	0	.2583981	0
1153.15	0	.7412566	0	.2587434	0
1152.15	0	.740912	0	.259088	0
1151.15	0	.7405682	0	.2594318	0
1150.15	0	.7402251	0	.259775	0
1149.15	0	.7398827	0	.2601173	0
1148.15	0	.739541	0	.260459	0
1147.15	0	.7392001	0	.2607999	0
1146.15	0	.7388599	0	.2611401	0
1145.15	0	.7385204	0	.2614796	0
1144.15	0	.7381816	0	.2618184	0
1143.15	0	.7378436	0	.2621564	0
1142.15	0	.7375062	0	.2624938	0
1141.15	0	.7371696	0	.2628304	0
1140.15	0	.7368337	0	.2631663	0
1139.15	0	.7364985	0	.2635015	0
1138.15	0	.736164	0	.263836	0
1137.15	0	.7358302	0	.2641698	0
1136.15	0	.7354971	0	.2645029	0
1135.15	0	.7351648	0	.2648353	0
1134.15	0	.7348331	0	.2651669	0
1133.15	0	.7345021	0	.2654979	0
1132.15	0	.7341719	0	.2658281	0
1131.15	0	.7338423	0	.2661577	0
1130.15	0	.7335134	0	.2664866	0
1129.15	0	.7331853	0	.2668147	0
1128.15	0	.7328578	0	.2671422	0
1127.15	0	.732531	0	.267469	0
1126.15	0	.7322049	0	.2677951	0
1125.15	0	.7318795	0	.2681205	0
1124.15	0	.7315548	0	.2684452	0
1123.15	0	.7312308	0	.2687692	0
1122.15	0	.7309075	0	.2690925	0
1121.15	0	.7305848	0	.2694152	0
1120.15	0	.7302629	0	.2697371	0
1119.15	0	.7299416	0	.2700584	0
1118.15	0	.729621	0	.270379	0
1117.15	0	.7293011	0	.2706989	0
1116.15	0	.7289818	0	.2710182	0
1115.15	0	.7286632	0	.2713368	0
1114.15	0	.7283454	0	.2716546	0
1113.15	0	.7280282	0	.2719719	0
1112.15	0	.7277116	0	.2722884	0
1111.15	0	.7273957	0	.2726043	0
1110.15	0	.7270805	0	.2729195	0
1109.15	0	.726766	0	.273234	0
1108.15	0	.7264522	0	.2735479	0
1107.15	0	.726139	0	.273861	0
1106.15	0	.7258264	0	.2741736	0
1105.15	0	.7255146	0	.2744854	0
1104.15	0	.7252034	0	.2747966	0
1103.15	0	.7248928	0	.2751072	0
1102.15	0	.7245829	0	.2754171	0
1101.929	0	.7245145	0	.2754855	0
1101.929	0	.7245145	0	.2754855	0
1101.929	0	.7245145	0	.2754855	0
1101.15	0	.7237161	5.853091E-04	.2756986	0
1100.15	0	.7226936	.001334888	.2759715	0
1099.15	0	.7216741	.002082248	.2762437	0
1098.15	0	.7206575	.002827387	.2765152	0
1097.15	0	.7196438	.003570307	.2767859	0
1096.15	0	.718633	.004311005	.2770559	0
1095.15	0	.7176253	.005049482	.2773253	0
1094.15	0	.7166204	.005785736	.2775939	0
1093.15	0	.7156185	.006519768	.2778618	0
1092.15	0	.7146195	.007251575	.278129	0
1091.15	0	.7136234	.007981157	.2783954	0
1090.15	0	.7126303	.008708514	.2786612	0
1089.15	0	.7116401	.009433645	.2789262	0
1088.15	0	.7106529	.01015655	.2791906	0
1087.15	0	.7096685	.01087722	.2794542	0
1086.15	0	.7086872	.01159567	.2797172	0
1085.15	0	.7077087	.01231189	.2799794	0
1084.15	0	.7067332	.01302588	.2802409	0
1083.15	0	.7057606	.01373763	.2805018	0
1082.15	0	.7047909	.01444715	.2807619	0
1081.15	0	.7038242	.01515444	.2810214	0
1080.15	0	.7028604	.0158595	.2812801	0
1079.15	0	.7018995	.01656232	.2815382	0
1078.15	0	.7009416	.0172629	.2817955	0
1077.15	0	.6999866	.01796125	.2820522	0
1076.15	0	.6990345	.01865735	.2823081	0
1075.15	0	.6980854	.01935122	.2825634	0
1074.15	0	.6971391	.02004285	.282818	0
1073.15	0	.6961958	.02073223	.2830719	0
1072.15	0	.6952555	.02141938	.2833251	0
1071.15	0	.6943181	.02210427	.2835777	0
1070.15	0	.6933836	.02278693	.2838295	0
1069.15	0	.692452	.02346733	.2840807	0
1068.15	0	.6915234	.02414549	.2843312	0
1067.15	0	.6905976	.0248214	.2845809	0
1066.15	0	.6896749	.02549507	.2848301	0
1065.15	0	.688755	.02616648	.2850785	0
1064.15	0	.6878381	.02683563	.2853262	0
1063.15	0	.6869242	.02750254	.2855733	0
1062.15	0	.6860131	.02816719	.2858197	0
1061.15	0	.685105	.02882958	.2860654	0
1060.15	0	.6841998	.02948972	.2863105	0
1059.15	0	.6832976	.0301476	.2865548	0
1058.15	0	.6823983	.03080322	.2867985	0
1057.15	0	.6815019	.03145658	.2870415	0
1056.15	0	.6806084	.03210768	.2872839	0
1055.15	0	.6797179	.03275651	.2875255	0
1054.15	0	.6788304	.03340308	.2877666	0
1053.15	0	.6779457	.03404739	.2880069	0
1052.15	0	.6770641	.03468942	.2882465	0
1051.15	0	.6761853	.03532919	.2884855	0
1050.15	0	.6753095	.03596669	.2887238	0
1049.15	0	.6744366	.03660192	.2889615	0
1048.15	0	.6735667	.03723488	.2891985	0
1047.15	0	.6726997	.03786556	.2894348	0
1046.15	0	.6718356	.03849397	.2896704	0
1045.15	0	.6709745	.0391201	.2899054	0
1044.15	0	.6701164	.03974396	.2901397	0
1043.15	0	.6692611	.04036553	.2903733	0
1042.15	0	.6684089	.04098483	.2906063	0
1041.15	0	.6675595	.04160185	.2908386	0
1040.15	0	.6667131	.04221659	.2910703	0
1039.15	0	.6658697	.04282904	.2913013	0
1038.15	0	.6650292	.04343921	.2915316	0
1037.15	0	.6641917	.04404709	.2917612	0
1036.15	0	.6633571	.04465269	.2919902	0
1035.15	0	.6625255	.045256	.2922186	0
1034.15	0	.6616968	.04585702	.2924462	0
1033.15	0	.660871	.04645575	.2926732	0
1032.15	0	.6600483	.04705219	.2928996	0
1031.15	0	.6592285	.04764633	.2931252	0
1030.15	0	.6584116	.04823819	.2933502	0
1029.15	0	.6575977	.04882775	.2935746	0
1028.15	0	.6567867	.04941502	.2937983	0
1027.15	0	.6559787	.04999999	.2940213	0
1026.15	0	.6551737	.05058266	.2942436	0
1025.15	0	.6543716	.05116303	.2944653	0
1024.15	0	.6535725	.05174111	.2946864	0
1023.15	0	.6527764	.05231689	.2949067	0
1022.15	0	.6519832	.05289037	.2951264	0
1021.15	0	.651193	.05346154	.2953455	0
1020.15	0	.6504057	.05403042	.2955639	0
1019.15	0	.6496214	.05459699	.2957816	0
1018.15	0	.6488401	.05516126	.2959986	0
1017.15	0	.6480618	.05572323	.296215	0
1016.15	0	.6472864	.05628289	.2964307	0
1015.15	0	.646514	.05684024	.2966458	0
1014.15	0	.6457445	.0573953	.2968602	0
1013.15	0	.6449781	.05794804	.2970739	0
1012.15	0	.6442146	.05849849	.297287	0
1011.15	0	.643454	.05904662	.2974993	0
1010.15	0	.6426965	.05959245	.2977111	0
1009.15	0	.6419419	.06013598	.2979221	0
1008.15	0	.6411903	.0606772	.2981325	0
1007.15	0	.6404417	.06121611	.2983422	0
1006.15	0	.639696	.06175271	.2985513	0
1005.15	0	.6389533	.06228701	.2987596	0
1004.15	0	.6382136	.062819	.2989674	0
1003.15	0	.6374769	.06334869	.2991744	0
1002.15	0	.6367432	.06387607	.2993807	0
1001.15	0	.6360124	.06440115	.2995864	0
1000.15	0	.6352846	.06492393	.2997914	0
999.15	0	.6345598	.0654444	.2999958	0
998.15	0	.633838	.06596256	.3001994	0
997.15	0	.6331192	.06647843	.3004024	0
996.15	0	.6324033	.06699199	.3006047	0
995.15	0	.6316904	.06750326	.3008063	0
994.15	0	.6309805	.06801222	.3010073	0
993.15	0	.6302736	.06851889	.3012075	0
992.15	0	.6295697	.06902326	.3014071	0
991.15	0	.6288687	.06952534	.301606	0
990.15	0	.6281707	.07002512	.3018042	0
989.15	0	.6274757	.07052261	.3020017	0
988.15	0	.6267837	.07101782	.3021985	0
987.15	0	.6260946	.07151073	.3023946	0
986.15	0	.6254086	.07200136	.3025901	0
985.15	0	.6247255	.07248971	.3027848	0
984.15	0	.6240454	.07297577	.3029789	0
983.15	0	.6233682	.07345956	.3031722	0
982.15	0	.622694	.07394107	.3033649	0
981.15	0	.6220229	.07442031	.3035568	0
980.15	0	.6213546	.07489728	.3037481	0
979.15	0	.6206894	.07537198	.3039386	0
978.15	0	.6200271	.07584442	.3041285	0
977.15	0	.6193678	.0763146	.3043176	0
976.15	0	.6187115	.07678252	.304506	0
975.15	0	.6180581	.0772482	.3046937	0
974.15	0	.6174077	.07771162	.3048807	0
973.15	0	.6167602	.0781728	.305067	0
972.15	0	.6161157	.07863175	.3052526	0
971.15	0	.6154741	.07908846	.3054374	0
970.15	0	.6148355	.07954294	.3056215	0
969.15	0	.6141999	.0799952	.3058049	0
968.15	0	.6135672	.08044524	.3059876	0
967.15	0	.6129374	.08089306	.3061695	0
966.15	0	.6123106	.08133868	.3063507	0
965.15	0	.6116868	.0817821	.3065312	0
964.15	0	.6110658	.08222333	.3067109	0
963.15	0	.6104478	.08266237	.3068898	0
962.15	0	.6098327	.08309923	.3070681	0
961.15	0	.6092205	.08353392	.3072456	0
960.15	0	.6086113	.08396644	.3074223	0
959.15	0	.6080049	.0843968	.3075983	0
958.15	0	.6074015	.08482502	.3077735	0
957.15	0	.606801	.0852511	.3079479	0
956.15	0	.6062033	.08567504	.3081216	0
955.15	0	.6056086	.08609687	.3082945	0
954.15	0	.6050167	.08651658	.3084667	0
953.15	0	.6044278	.08693418	.3086381	0
952.15	0	.6038416	.0873497	.3088087	0
951.15	0	.6032584	.08776314	.3089785	0
950.15	0	.602678	.0881745	.3091475	0
949.15	0	.6021005	.08858381	.3093157	0
948.15	0	.6015258	.08899106	.3094832	0
947.15	0	.6009539	.08939629	.3096498	0
946.15	0	.6003849	.08979949	.3098156	0
945.15	0	.5998186	.09020068	.3099807	0
944.15	0	.5992552	.09059988	.3101449	0
943.15	0	.5986946	.0909971	.3103083	0
942.15	0	.5981368	.09139235	.3104709	0
941.15	0	.5975817	.09178565	.3106326	0
940.15	0	.5970294	.09217702	.3107935	0
939.15	0	.5964799	.09256647	.3109536	0
938.15	0	.5959331	.09295401	.3111129	0
937.15	0	.5953891	.09333967	.3112713	0
936.15	0	.5948477	.09372346	.3114288	0
935.15	0	.5943091	.0941054	.3115855	0
934.15	0	.5937731	.09448552	.3117413	0
933.15	0	.5932399	.09486382	.3118963	0
932.15	0	.5927093	.09524033	.3120504	0
931.15	0	.5921814	.09561508	.3122036	0
930.15	0	.591656	.09598808	.3123559	0
929.15	0	.5911333	.09635935	.3125073	0
928.15	0	.5906132	.09672892	.3126578	0
927.15	0	.5900957	.09709682	.3128075	0
926.15	0	.5895808	.09746306	.3129562	0
925.15	0	.5890684	.09782767	.313104	0
924.15	0	.5885585	.09819069	.3132508	0
923.15	0	.5880511	.09855212	.3133968	0
922.15	0	.5875463	.09891201	.3135417	0
921.15	0	.5870438	.09927039	.3136858	0
920.15	0	.5865439	.09962727	.3138289	0
919.15	0	.5860463	.0999827	.313971	0
918.15	0	.5855512	.1003367	.3141121	0
917.15	0	.5850584	.1006893	.3142523	0
916.15	0	.584568	.1010406	.3143915	0
915.15	0	.5840798	.1013905	.3145297	0
914.15	0	.583594	.1017391	.3146669	0
913.15	0	.5831105	.1020865	.3148031	0
912.15	0	.5826292	.1024326	.3149382	0
911.15	0	.5821501	.1027776	.3150723	0
910.15	0	.5816731	.1031215	.3152054	0
909.15	0	.5811984	.1034642	.3153374	0
908.15	0	.5807257	.1038059	.3154684	0
907.15	0	.5802551	.1041466	.3155983	0
906.15	0	.5797866	.1044863	.3157271	0
905.15	0	.5793201	.1048251	.3158548	0
904.15	0	.5788555	.105163	.3159815	0
903.15	0	.5783929	.1055002	.316107	0
902.15	0	.5779322	.1058365	.3162313	0
901.15	0	.5774733	.1061721	.3163546	0
900.15	0	.5770162	.1065071	.3164767	0
899.15	0	.576561	.1068415	.3165976	0
898.15	0	.5761074	.1071753	.3167174	0
897.15	0	.5756555	.1075086	.3168359	0
896.15	0	.5752052	.1078415	.3169533	0
895.15	0	.5747566	.108174	.3170694	0
894.15	0	.5743094	.1085062	.3171844	0
893.15	0	.5738637	.1088382	.317298	0
892.15	0	.5734195	.1091701	.3174105	0
891.15	0	.5729766	.1095018	.3175216	0
890.15	0	.572535	.1098336	.3176315	0
889.15	0	.5720946	.1101654	.31774	0
888.15	0	.5716555	.1104973	.3178472	0
887.15	0	.5712174	.1108294	.3179531	0
886.15	0	.5707804	.1111619	.3180577	0
885.15	0	.5703444	.1114948	.3181608	0
884.15	0	.5699093	.1118281	.3182626	0
883.15	0	.5694751	.112162	.3183629	0
882.15	0	.5690416	.1124966	.3184619	0
881.15	0	.5686088	.1128319	.3185593	0
880.15	0	.5681766	.1131681	.3186553	0
879.15	0	.5677449	.1135053	.3187498	0
878.15	0	.5673137	.1138436	.3188428	0
877.15	0	.5668827	.1141831	.3189342	0
876.15	0	.5664521	.1145239	.3190241	0
875.15	0	.5660216	.1148661	.3191123	0
874.15	0	.5655911	.1152099	.319199	0
873.15	0	.5651606	.1155554	.319284	0
872.15	0	.5647299	.1159028	.3193674	0
871.15	0	.5642989	.1162521	.319449	0
870.15	0	.5638675	.1166035	.3195289	0
869.15	0	.5634357	.1169573	.3196071	0
868.15	0	.5630031	.1173134	.3196834	0
867.15	0	.5625698	.1176722	.319758	0
866.15	0	.5621356	.1180338	.3198306	0
865.15	0	.5617003	.1183983	.3199014	0
864.15	0	.5612638	.1187659	.3199702	0
863.15	0	.560826	.1191369	.3200371	0
862.15	0	.5603866	.1195115	.3201019	0
861.15	0	.5599455	.1198898	.3201647	0
860.15	0	.5595025	.1202721	.3202254	0
859.15	0	.5590575	.1206586	.3202839	0
858.15	0	.5586102	.1210496	.3203403	0
857.15	0	.5581604	.1214452	.3203943	0
856.15	0	.557708	.1218459	.3204461	0
855.15	0	.5572526	.1222519	.3204955	0
854.15	0	.5567941	.1226634	.3205425	0
853.15	0	.5563322	.1230809	.3205869	0
852.15	0	.5558666	.1235046	.3206289	0
851.15	0	.5553971	.1239348	.3206682	0
850.15	0	.5549233	.124372	.3207047	0
849.15	0	.5544449	.1248166	.3207385	0
848.15	0	.5539616	.1252689	.3207695	0
847.15	0	.5534731	.1257294	.3207974	0
846.15	0	.552979	.1261987	.3208223	0
845.15	0	.5524788	.1266771	.3208441	0
844.15	0	.5519721	.1271653	.3208625	0
843.15	0	.5514585	.1276638	.3208776	0
842.15	0	.5509375	.1281733	.3208892	0
841.15	0	.5504086	.1286944	.3208971	0
840.15	0	.5498711	.1292278	.3209012	0
839.15	0	.5493244	.1297743	.3209013	0
838.15	0	.5484825	.130665	.3208525	0
837.15	0	.5475255	.1316934	.3207812	0
836.15	0	.546613	.1326748	.3207122	0
835.15	0	.5457422	.1336122	.3206455	0
834.15	0	.5449106	.1345084	.320581	0
833.15	0	.5441159	.1353657	.3205184	0
832.15	0	.5433558	.1361866	.3204576	0
831.15	0	.5426284	.136973	.3203987	0
830.15	0	.5419317	.137727	.3203413	0
829.15	0	.5412641	.1384504	.3202855	0
828.15	0	.540624	.1391449	.3202311	0
827.15	0	.5400098	.1398121	.320178	0
826.15	0	.5394202	.1404535	.3201263	0
825.15	0	.5388538	.1410704	.3200757	0
824.15	0	.5383096	.1416641	.3200263	0
823.15	0	.5377862	.1422359	.319978	0
822.15	0	.5372826	.1427868	.3199306	0
821.15	0	.5367979	.1433179	.3198842	0
820.15	0	.5363311	.1438302	.3198387	0
819.15	0	.5358814	.1443247	.319794	0
818.15	0	.5354478	.1448021	.3197501	0
817.15	0	.5350296	.1452634	.3197069	0
816.15	0	.5346262	.1457094	.3196645	0
815.15	0	.5342367	.1461406	.3196227	0
814.15	0	.5338605	.1465579	.3195816	0
813.15	0	.533497	.146962	.319541	0
812.15	0	.5331457	.1473533	.319501	0
811.15	0	.5328059	.1477325	.3194616	0
810.15	0	.5324772	.1481002	.3194226	0
809.15	0	.5321591	.1484568	.3193841	0
808.15	0	.531851	.1488029	.3193461	0
807.15	0	.5315525	.149139	.3193085	0
806.15	0	.5312633	.1494654	.3192713	0
805.15	0	.5309829	.1497827	.3192345	0
804.15	0	.5307109	.1500912	.319198	0
803.15	0	.5304469	.1503912	.3191619	0
802.15	0	.5301907	.1506832	.319126	0
801.15	0	.5299419	.1509675	.3190905	0
800.15	0	.5297002	.1512445	.3190553	0
799.15	0	.5294652	.1515144	.3190204	0
798.15	0	.5292368	.1517775	.3189857	0
797.15	0	.5290146	.1520341	.3189513	0
796.15	0	.5287984	.1522846	.318917	0
795.15	0	.5285879	.1525291	.318883	0
794.15	0	.5283829	.1527678	.3188492	0
793.15	0	.5281832	.1530011	.3188156	0
792.15	0	.5279886	.1532292	.3187822	0
791.15	0	.5277988	.1534522	.318749	0
790.15	0	.5276137	.1536704	.3187159	0
789.15	0	.5274331	.1538839	.318683	0
788.15	0	.5272568	.154093	.3186502	0
787.15	0	.5270847	.1542978	.3186175	0
786.15	0	.5269165	.1544985	.318585	0
785.15	0	.5267521	.1546953	.3185526	0
784.15	0	.5265915	.1548882	.3185203	0
783.15	0	.5264343	.1550776	.3184881	0
782.15	0	.5262806	.1552634	.318456	0
781.15	0	.5261301	.1554458	.3184241	0
780.15	0	.5259828	.155625	.3183921	0
779.15	0	.5258386	.1558011	.3183603	0
778.15	0	.5256972	.1559742	.3183286	0
777.15	0	.5255587	.1561444	.3182969	0
776.15	0	.5254228	.1563119	.3182653	0
775.15	0	.5252896	.1564767	.3182337	0
774.15	0	.5251589	.1566389	.3182022	0
773.15	0	.5250306	.1567986	.3181708	0
772.15	0	.5249046	.156956	.3181394	0
771.15	0	.5247809	.157111	.318108	0
770.15	0	.5246594	.1572639	.3180767	0
769.15	0	.5245399	.1574146	.3180454	0
768.15	0	.5244225	.1575633	.3180142	0
767.15	0	.524307	.1577101	.317983	0
766.15	0	.5241934	.1578549	.3179518	0
765.15	0	.5240815	.1579978	.3179206	0
764.15	0	.5239715	.1581391	.3178895	0
763.15	0	.5238631	.1582786	.3178583	0
762.15	0	.5237563	.1584165	.3178272	0
761.15	0	.5236511	.1585527	.3177961	0
760.15	0	.5235475	.1586875	.317765	0
759.15	0	.5234453	.1588208	.3177339	0
758.15	0	.5233445	.1589527	.3177029	0
757.15	0	.5232451	.1590832	.3176718	0
756.15	0	.523147	.1592123	.3176407	0
755.15	0	.5230502	.1593402	.3176096	0
754.15	0	.5229546	.1594669	.3175785	0
753.15	0	.5228602	.1595924	.3175475	0
752.15	0	.5227669	.1597167	.3175164	0
751.15	0	.5226748	.1598399	.3174853	0
750.15	0	.5225854	.1599608	.3174538	0
749.15	0	.5224953	.160082	.3174227	0
748.15	0	.5224062	.1602022	.3173916	0
747.15	0	.5223181	.1603215	.3173605	0
746.15	0	.5222309	.1604398	.3173293	0
745.15	0	.5221447	.1605571	.3172982	0
744.15	0	.5220593	.1606736	.317267	0
743.15	0	.5219748	.1607893	.3172359	0
742.15	0	.5218912	.1609041	.3172047	0
741.15	0	.5218084	.1610182	.3171735	0
740.15	0	.5217263	.1611315	.3171422	0
739.15	0	.521645	.161244	.317111	0
738.15	0	.5215645	.1613558	.3170797	0
737.15	0	.5214847	.1614669	.3170484	0
736.15	0	.5214056	.1615774	.317017	0
735.15	0	.5213271	.1616872	.3169857	0
734.15	0	.5212493	.1617964	.3169543	0
733.15	0	.5211722	.161905	.3169229	0
732.15	0	.5210956	.162013	.3168915	0
731.15	0	.5210196	.1621204	.31686	0
730.15	0	.5209443	.1622272	.3168285	0
729.15	0	.5208695	.1623336	.316797	0
728.15	0	.5207952	.1624394	.3167655	0
727.15	0	.5207215	.1625447	.3167339	0
726.15	0	.5206482	.1626495	.3167023	0
725.15	0	.5205755	.1627538	.3166707	0
724.15	0	.5205033	.1628577	.316639	0
723.15	0	.5204315	.1629612	.3166073	0
722.15	0	.5203602	.1630642	.3165756	0
721.15	0	.5202893	.1631668	.3165439	0
720.15	0	.5202189	.163269	.3165121	0
719.15	0	.5201489	.1633708	.3164803	0
718.15	0	.5200793	.1634722	.3164485	0
717.15	0	.5200101	.1635733	.3164166	0
716.15	0	.5199413	.163674	.3163847	0
715.15	0	.5198729	.1637743	.3163528	0
714.15	0	.5198048	.1638743	.3163208	0
713.15	0	.5197371	.163974	.3162889	0
712.15	0	.5196698	.1640734	.3162568	0
711.15	0	.5196028	.1641725	.3162248	0
710.15	0	.5195361	.1642712	.3161927	0
709.15	0	.5194697	.1643697	.3161606	0
708.15	0	.5194037	.1644678	.3161285	0
707.15	0	.5193379	.1645657	.3160963	0
706.15	0	.5192725	.1646634	.3160641	0
705.15	0	.5192074	.1647607	.3160319	0
704.15	0	.5191425	.1648578	.3159997	0
703.15	0	.5190779	.1649547	.3159674	0
702.15	0	.5190136	.1650513	.3159351	0
701.15	0	.5189496	.1651477	.3159027	0
700.15	0	.5188858	.1652439	.3158704	0
699.15	0	.5188223	.1653398	.315838	0
698.15	0	.518759	.1654355	.3158056	0
697.15	0	.5186959	.165531	.3157731	0
696.15	0	.5186331	.1656263	.3157406	0
695.15	0	.5185705	.1657214	.3157081	0
694.15	0	.5185082	.1658162	.3156756	0
693.15	0	.5184461	.1659109	.315643	0
692.15	0	.5183842	.1660054	.3156104	0
691.15	0	.5183225	.1660997	.3155778	0
690.15	0	.518261	.1661939	.3155451	0
689.15	0	.5181997	.1662878	.3155125	0
688.15	0	.5181386	.1663816	.3154798	0
687.15	0	.5180777	.1664752	.3154471	0
686.15	0	.518017	.1665687	.3154143	0
685.15	0	.5179565	.166662	.3153815	0
684.15	0	.5178962	.1667551	.3153487	0
683.15	0	.517836	.166848	.3153159	0
682.15	0	.5177761	.1669409	.3152831	0
681.15	0	.5177163	.1670335	.3152502	0
680.15	0	.5176567	.167126	.3152173	0
679.15	0	.5175972	.1672184	.3151844	0
678.15	0	.5175379	.1673106	.3151515	0
677.15	0	.5174788	.1674027	.3151185	0
676.15	0	.5174198	.1674946	.3150855	0
675.15	0	.517361	.1675865	.3150525	0
674.15	0	.5173024	.1676781	.3150195	0
673.15	0	.5172439	.1677697	.3149864	0
672.15	0	.5171855	.1678611	.3149534	0
671.15	0	.5171273	.1679524	.3149203	0
670.15	0	.5170693	.1680435	.3148872	0
669.15	0	.5170114	.1681346	.3148541	0
668.15	0	.5169536	.1682255	.3148209	0
667.15	0	.516896	.1683163	.3147878	0
666.15	0	.5168385	.168407	.3147546	0
665.15	0	.5167811	.1684975	.3147214	0
664.15	0	.5167239	.1685879	.3146882	0
663.15	0	.5166668	.1686783	.3146549	0
662.15	0	.5166099	.1687685	.3146217	0
661.15	0	.516553	.1688586	.3145884	0
660.15	0	.5164963	.1689486	.3145551	0
659.15	0	.5164397	.1690384	.3145218	0
658.15	0	.5163833	.1691282	.3144885	0
657.15	0	.516327	.1692178	.3144552	0
656.15	0	.5162708	.1693074	.3144219	0
655.15	0	.5162147	.1693968	.3143885	0
654.15	0	.5161587	.1694861	.3143552	0
653.15	0	.5161028	.1695754	.3143218	0
652.15	0	.5160471	.1696645	.3142884	0
651.15	0	.5159915	.1697535	.314255	0
650.15	0	.515936	.1698424	.3142216	0
649.15	0	.5158806	.1699312	.3141882	0
648.15	0	.5158253	.1700199	.3141548	0
647.15	0	.5157702	.1701085	.3141213	0
646.15	0	.5157151	.170197	.3140879	0
645.15	0	.5156602	.1702854	.3140544	0
644.15	0	.5156053	.1703737	.314021	0
643.15	0	.5155506	.1704619	.3139875	0
642.15	0	.515496	.17055	.313954	0
641.15	0	.5154415	.170638	.3139206	0
640.15	0	.5153871	.1707259	.3138871	0
639.15	0	.5153328	.1708137	.3138536	0
638.15	0	.5152786	.1709014	.3138201	0
637.15	0	.5152245	.170989	.3137866	0
636.15	0	.5151705	.1710765	.3137531	0
635.15	0	.5151166	.1711638	.3137196	0
634.15	0	.5150628	.1712511	.3136861	0
633.15	0	.5150091	.1713383	.3136525	0
632.15	0	.5149556	.1714254	.313619	0
631.15	0	.5149021	.1715124	.3135855	0
630.15	0	.5148487	.1715993	.313552	0
629.15	0	.5147954	.1716861	.3135185	0
628.15	0	.5147422	.1717728	.313485	0
627.15	0	.5146892	.1718594	.3134514	0
626.15	0	.5146362	.1719459	.3134179	0
625.15	0	.5145833	.1720323	.3133844	0
624.15	0	.5145305	.1721186	.3133509	0
623.15	0	.5144778	.1722048	.3133174	0
622.15	0	.5144252	.1722909	.3132839	0
621.15	0	.5143727	.1723769	.3132504	0
620.15	0	.5143203	.1724628	.3132169	0
619.15	0	.514268	.1725486	.3131834	0
618.15	0	.5142158	.1726342	.3131499	0
617.15	0	.5141637	.1727198	.3131164	0
616.15	0	.5141117	.1728053	.313083	0
615.15	0	.5140598	.1728907	.3130495	0
614.15	0	.514008	.172976	.313016	0
613.15	0	.5139563	.1730611	.3129826	0
612.15	0	.5139046	.1731462	.3129492	0
611.15	0	.5138531	.1732312	.3129157	0
610.15	0	.5138016	.173316	.3128823	0
609.15	0	.5137503	.1734008	.3128489	0
608.15	0	.513699	.1734855	.3128155	0
607.15	0	.5136479	.17357	.3127821	0
606.15	0	.5135968	.1736544	.3127487	0
605.15	0	.5135459	.1737388	.3127154	0
604.15	0	.513495	.173823	.312682	0
603.15	0	.5134442	.1739071	.3126487	0
602.15	0	.5133935	.1739911	.3126154	0
601.15	0	.5133429	.174075	.3125821	0
600.15	0	.5132925	.1741588	.3125488	0
599.15	0	.5132421	.1742425	.3125155	0
598.15	0	.5131917	.174326	.3124822	0
597.15	0	.5131415	.1744095	.312449	0
596.15	0	.5130914	.1744928	.3124157	0
595.15	0	.5130414	.1745761	.3123825	0
594.15	0	.5129915	.1746592	.3123494	0
593.15	0	.5129416	.1747422	.3123162	0
592.15	0	.5128919	.1748251	.312283	0
591.15	0	.5128422	.1749079	.3122499	0
590.15	0	.5127927	.1749905	.3122168	0
589.15	0	.5127432	.1750731	.3121837	0
588.15	0	.5126939	.1751555	.3121506	0
587.15	0	.5126446	.1752378	.3121176	0
586.15	0	.5125954	.17532	.3120846	0
585.15	0	.5125463	.1754021	.3120516	0
584.15	0	.5124974	.1754841	.3120186	0
583.15	0	.5124485	.1755659	.3119857	0
582.15	0	.5123997	.1756476	.3119527	0
581.15	0	.512351	.1757292	.3119198	0
580.15	0	.5123024	.1758107	.311887	0
579.15	0	.5122539	.175892	.3118541	0
578.15	0	.5122054	.1759733	.3118213	0
577.15	0	.5121571	.1760544	.3117885	0
576.15	0	.5121089	.1761354	.3117558	0
575.15	0	.5120608	.1762162	.311723	0
574.15	0	.5120127	.1762969	.3116903	0
573.15	0	.5119648	.1763775	.3116577	0
572.15	0	.511917	.176458	.311625	0
571.15	0	.5118692	.1765384	.3115924	0
570.15	0	.5118216	.1766186	.3115598	0
569.15	0	.511774	.1766987	.3115273	0
568.15	0	.5117266	.1767787	.3114948	0
567.15	0	.5116792	.1768585	.3114623	0
566.15	0	.511632	.1769382	.3114298	0
565.15	0	.5115848	.1770178	.3113974	0
564.15	0	.5115377	.1770972	.3113651	0
563.15	0	.5114908	.1771765	.3113327	0
562.15	0	.5114439	.1772557	.3113004	0
561.15	0	.5113971	.1773347	.3112682	0
560.15	0	.5113505	.1774136	.3112359	0
559.15	0	.5113039	.1774924	.3112037	0
558.15	0	.5112574	.177571	.3111716	0
557.15	0	.511211	.1776495	.3111395	0
556.15	0	.5111648	.1777279	.3111074	0
555.15	0	.5111186	.1778061	.3110754	0
554.15	0	.5110725	.1778842	.3110434	0
553.15	0	.5110265	.1779621	.3110114	0
552.15	0	.5109806	.1780399	.3109795	0
551.15	0	.5109349	.1781175	.3109476	0
550.15	0	.5108892	.178195	.3109158	0
549.15	0	.5108436	.1782724	.310884	0
548.15	0	.5107981	.1783496	.3108523	0
547.15	0	.5107527	.1784267	.3108206	0
546.15	0	.5107075	.1785036	.3107889	0
545.15	0	.5106623	.1785804	.3107573	0
544.15	0	.5106172	.178657	.3107258	0
543.15	0	.5105722	.1787335	.3106943	0
542.15	0	.5105274	.1788099	.3106628	0
541.15	0	.5104826	.1788861	.3106314	0
540.15	0	.5104379	.1789621	.3106	0
539.15	0	.5103933	.179038	.3105687	0
538.15	0	.5103489	.1791137	.3105374	0
537.15	0	.5103045	.1791893	.3105062	0
536.15	0	.5102602	.1792647	.310475	0
535.15	0	.5102161	.17934	.3104439	0
534.15	0	.510172	.1794151	.3104128	0
533.15	0	.5101281	.1794901	.3103818	0
532.15	0	.5100842	.1795649	.3103509	0
531.15	0	.5100405	.1796396	.3103199	0
530.15	0	.5099969	.1797141	.3102891	0
529.15	0	.5099533	.1797884	.3102583	0
528.15	0	.5099099	.1798626	.3102275	0
527.15	0	.5098666	.1799366	.3101968	0
526.15	0	.5098233	.1800105	.3101662	0
525.15	0	.5097802	.1800842	.3101356	0
524.15	0	.5097372	.1801577	.3101051	0
523.15	0	.5096943	.1802311	.3100746	0
522.15	0	.5096515	.1803043	.3100442	0
521.15	0	.5096088	.1803774	.3100138	0
520.15	0	.5095662	.1804503	.3099836	0
519.15	0	.5095237	.180523	.3099533	0
518.15	0	.5094813	.1805955	.3099231	0
517.15	0	.5094391	.1806679	.309893	0
516.15	0	.5093969	.1807401	.309863	0
515.15	0	.5093548	.1808122	.309833	0
514.15	0	.5093129	.1808841	.309803	0
513.15	0	.509271	.1809558	.3097732	0
512.15	0	.5092293	.1810273	.3097434	0
511.15	0	.5091877	.1810987	.3097136	0
510.15	0	.5091462	.1811699	.3096839	0
509.15	0	.5091047	.1812409	.3096543	0
508.15	0	.5090634	.1813118	.3096248	0
507.15	0	.5090222	.1813825	.3095953	0
506.15	0	.5089811	.181453	.3095659	0
505.15	0	.5089402	.1815233	.3095365	0
504.15	0	.5088993	.1815935	.3095072	0
503.15	0	.5088585	.1816635	.309478	0
502.15	0	.5088179	.1817333	.3094488	0
501.15	0	.5087773	.1818029	.3094198	0
500.15	0	.508737	.1818724	.3093907	0
499.15	0	.5086967	.1819416	.3093617	0
498.15	0	.5086565	.1820107	.3093328	0
497.15	0	.5086164	.1820796	.309304	0
496.15	0	.5085764	.1821484	.3092753	0
495.15	0	.5085365	.1822169	.3092466	0
494.15	0	.5084967	.1822853	.309218	0
493.15	0	.5084571	.1823535	.3091895	0
492.15	0	.5084175	.1824215	.309161	0
491.15	0	.5083781	.1824893	.3091327	0
490.15	0	.5083387	.1825569	.3091044	0
489.15	0	.5082995	.1826243	.3090761	0
488.15	0	.5082604	.1826916	.309048	0
487.15	0	.5082214	.1827587	.3090199	0
486.15	0	.5081826	.1828256	.3089919	0
485.15	0	.5081438	.1828923	.3089639	0
484.15	0	.5081051	.1829588	.3089361	0
483.15	0	.5080666	.1830251	.3089083	0
482.15	0	.5080282	.1830913	.3088806	0
481.15	0	.5079898	.1831572	.308853	0
480.15	0	.5079516	.1832229	.3088254	0
479.15	0	.5079135	.1832885	.308798	0
478.15	0	.5078756	.1833539	.3087706	0
477.15	0	.5078377	.1834191	.3087433	0
476.15	0	.5077999	.183484	.308716	0
475.15	0	.5077623	.1835488	.3086889	0
474.15	0	.5077248	.1836134	.3086618	0
473.15	0	.5076874	.1836778	.3086348	0
472.15	0	.5076501	.183742	.3086079	0
471.15	0	.5076129	.183806	.3085811	0
470.15	0	.5075758	.1838699	.3085543	0
469.15	0	.5075388	.1839335	.3085277	0
468.15	0	.507502	.1839969	.3085011	0
467.15	0	.5074653	.1840601	.3084746	0
466.15	0	.5074287	.1841232	.3084482	0
465.15	0	.5073922	.184186	.3084219	0
464.15	0	.5073558	.1842486	.3083956	0
463.15	0	.5073195	.184311	.3083695	0
462.15	0	.5072834	.1843733	.3083434	0
461.15	0	.5072473	.1844353	.3083174	0
460.15	0	.5072114	.1844971	.3082915	0
459.15	0	.5071756	.1845587	.3082657	0
458.15	0	.5071399	.1846202	.30824	0
457.15	0	.5071043	.1846814	.3082143	0
456.15	0	.5070688	.1847424	.3081888	0
455.15	0	.5070335	.1848032	.3081633	0
454.15	0	.5069982	.1848638	.308138	0
453.15	0	.5069631	.1849242	.3081127	0
452.15	0	.5069281	.1849844	.3080875	0
451.15	0	.5068932	.1850444	.3080624	0
450.15	0	.5068585	.1851042	.3080373	0
449.15	0	.5068238	.1851637	.3080124	0
448.15	0	.5067894	.185223	.3079876	0
447.15	0	.506755	.1852822	.3079629	0
446.15	0	.5067207	.185341	.3079383	0
445.15	0	.5066866	.1853997	.3079137	0
444.15	0	.5066526	.1854581	.3078893	0
443.2499	0	.5066221	.1855106	.3078674	0
443.2499	0	.5066221	.1855106	.3078674	0
443.2499	0	.5066221	.1855106	.3078674	0
443.15	0	.5066391	.1854678	.3078417	5.133273E-05
442.15	0	.5068092	.1850411	.3075851	5.644797E-04
441.15	0	.5069788	.1846153	.3073291	.001076772
440.15	0	.5071479	.1841903	.3070736	.001588218
439.15	0	.5073165	.1837661	.3068186	.002098827
438.15	0	.5074846	.1833427	.3065641	.002608606
437.15	0	.5076522	.1829201	.3063102	.003117564
436.15	0	.5078193	.1824982	.3060568	.003625708
435.15	0	.5079859	.1820772	.3058039	.004133047
434.15	0	.5081521	.1816568	.3055515	.004639588
433.15	0	.5083179	.1812372	.3052996	.00514534
432.15	0	.5084831	.1808183	.3050482	.005650309
431.15	0	.508648	.1804001	.3047974	.006154504
430.15	0	.5088125	.1799826	.304547	.006657932
429.15	0	.5089765	.1795658	.3042971	.007160599
428.15	0	.5091401	.1791496	.3040478	.007662515
427.15	0	.5093034	.1787341	.3037989	.008163684
426.15	0	.5094662	.1783192	.3035505	.008664115
425.15	0	.5096287	.1779049	.3033026	.009163815
424.15	0	.5097908	.1774912	.3030552	.00966279
423.15	0	.5099525	.1770781	.3028083	.01016105
422.15	0	.5101139	.1766656	.3025619	.01065859
421.15	0	.5102749	.1762537	.302316	.01115544
420.15	0	.5104356	.1758423	.3020705	.01165158
419.15	0	.510596	.1754315	.3018255	.01214703
418.15	0	.510756	.1750212	.301581	.0126418
417.15	0	.5109158	.1746114	.301337	.01313589
416.15	0	.5110752	.1742022	.3010934	.0136293
415.15	0	.5112343	.1737934	.3008503	.01412205
414.15	0	.5113931	.1733852	.3006076	.01461414
413.15	0	.5115516	.1729774	.3003655	.01510558
412.15	0	.5117098	.1725701	.3001237	.01559636
411.15	0	.5118678	.1721633	.2998825	.01608651
410.15	0	.5120254	.1717569	.2996417	.01657602
409.15	0	.5121828	.171351	.2994013	.01706489
408.15	0	.51234	.1709455	.2991614	.01755314
407.15	0	.5124969	.1705404	.2989219	.01804077
406.15	0	.5126535	.1701358	.2986829	.01852779
405.15	0	.5128099	.1697316	.2984444	.01901419
404.15	0	.512966	.1693277	.2982062	.0195
403.15	0	.513122	.1689243	.2979685	.0199852
402.15	0	.5132776	.1685213	.2977313	.02046981
401.15	0	.5134331	.1681186	.2974945	.02095384
400.15	0	.5135883	.1677163	.2972581	.02143727
399.15	0	.5137434	.1673144	.2970222	.02192014
398.15	0	.5138982	.1669128	.2967866	.02240242
397.15	0	.5140528	.1665116	.2965515	.02288414
396.15	0	.5142072	.1661107	.2963169	.0233653
395.15	0	.5143614	.1657101	.2960826	.0238459
394.15	0	.5145154	.1653099	.2958488	.02432594
