T	 BPW(LIQUID)	BPW(BCC_A2)	BPW(FCC_A1)	BPW(LAVES_PHASE_C14)	BPW(NI3TI)
1473.15	0	1	0	0	0
1472.15	0	1	0	0	0
1471.15	0	1	0	0	0
1470.15	0	1	0	0	0
1469.15	0	1	0	0	0
1468.15	0	1	0	0	0
1467.15	0	1	0	0	0
1466.15	0	1	0	0	0
1465.15	0	1	0	0	0
1464.15	0	1	0	0	0
1463.15	0	1	0	0	0
1462.15	0	1	0	0	0
1461.15	0	1	0	0	0
1460.15	0	1	0	0	0
1459.15	0	1	0	0	0
1458.15	0	1	0	0	0
1457.15	0	1	0	0	0
1456.15	0	1	0	0	0
1455.15	0	1	0	0	0
1454.15	0	1	0	0	0
1453.15	0	1	0	0	0
1452.15	0	1	0	0	0
1451.15	0	1	0	0	0
1450.15	0	1	0	0	0
1449.15	0	1	0	0	0
1448.15	0	1	0	0	0
1447.15	0	1	0	0	0
1446.15	0	1	0	0	0
1445.15	0	1	0	0	0
1444.15	0	1	0	0	0
1443.15	0	1	0	0	0
1442.15	0	1	0	0	0
1441.15	0	1	0	0	0
1440.15	0	1	0	0	0
1439.15	0	1	0	0	0
1438.15	0	1	0	0	0
1437.15	0	1	0	0	0
1436.15	0	1	0	0	0
1435.15	0	1	0	0	0
1434.15	0	1	0	0	0
1433.15	0	1	0	0	0
1432.15	0	1	0	0	0
1431.15	0	1	0	0	0
1430.15	0	1	0	0	0
1429.15	0	1	0	0	0
1428.15	0	1	0	0	0
1427.15	0	1	0	0	0
1426.15	0	1	0	0	0
1425.15	0	1	0	0	0
1424.15	0	1	0	0	0
1423.15	0	1	0	0	0
1422.15	0	1	0	0	0
1421.15	0	1	0	0	0
1420.15	0	1	0	0	0
1419.15	0	1	0	0	0
1418.15	0	1	0	0	0
1417.15	0	1	0	0	0
1416.15	0	1	0	0	0
1415.15	0	1	0	0	0
1414.15	0	1	0	0	0
1413.15	0	1	0	0	0
1412.15	0	1	0	0	0
1411.15	0	1	0	0	0
1410.15	0	1	0	0	0
1409.15	0	1	0	0	0
1408.15	0	1	0	0	0
1407.15	0	1	0	0	0
1406.15	0	1	0	0	0
1405.15	0	1	0	0	0
1404.15	0	1	0	0	0
1403.15	0	1	0	0	0
1402.15	0	1	0	0	0
1401.15	0	1	0	0	0
1400.15	0	1	0	0	0
1399.15	0	1	0	0	0
1398.15	0	1	0	0	0
1397.15	0	1	0	0	0
1396.15	0	1	0	0	0
1395.15	0	1	0	0	0
1394.15	0	1	0	0	0
1393.15	0	1	0	0	0
1392.15	0	1	0	0	0
1391.15	0	1	0	0	0
1390.15	0	1	0	0	0
1389.15	0	1	0	0	0
1388.15	0	1	0	0	0
1387.15	0	1	0	0	0
1386.15	0	1	0	0	0
1385.15	0	1	0	0	0
1384.15	0	1	0	0	0
1383.15	0	1	0	0	0
1382.15	0	1	0	0	0
1381.15	0	1	0	0	0
1380.15	0	1	0	0	0
1379.15	0	1	0	0	0
1378.15	0	1	0	0	0
1377.15	0	1	0	0	0
1376.15	0	1	0	0	0
1375.15	0	1	0	0	0
1374.15	0	1	0	0	0
1373.15	0	1	0	0	0
1372.15	0	1	0	0	0
1371.15	0	1	0	0	0
1370.15	0	1	0	0	0
1369.15	0	1	0	0	0
1368.15	0	1	0	0	0
1367.15	0	1	0	0	0
1366.15	0	1	0	0	0
1365.15	0	1	0	0	0
1364.15	0	1	0	0	0
1363.15	0	1	0	0	0
1362.15	0	1	0	0	0
1361.15	0	1	0	0	0
1360.15	0	1	0	0	0
1359.15	0	1	0	0	0
1358.15	0	1	0	0	0
1357.15	0	1	0	0	0
1356.15	0	1	0	0	0
1355.15	0	1	0	0	0
1354.15	0	1	0	0	0
1353.15	0	1	0	0	0
1352.15	0	1	0	0	0
1351.15	0	1	0	0	0
1350.15	0	1	0	0	0
1349.15	0	1	0	0	0
1348.15	0	1	0	0	0
1347.15	0	1	0	0	0
1346.15	0	1	0	0	0
1345.15	0	1	0	0	0
1344.15	0	1	0	0	0
1343.15	0	1	0	0	0
1342.15	0	1	0	0	0
1341.15	0	1	0	0	0
1340.15	0	1	0	0	0
1339.15	0	1	0	0	0
1338.15	0	1	0	0	0
1337.15	0	1	0	0	0
1336.15	0	1	0	0	0
1335.15	0	1	0	0	0
1334.15	0	1	0	0	0
1333.15	0	1	0	0	0
1332.15	0	1	0	0	0
1331.15	0	1	0	0	0
1330.15	0	1	0	0	0
1329.15	0	1	0	0	0
1328.15	0	1	0	0	0
1327.15	0	1	0	0	0
1326.15	0	1	0	0	0
1325.15	0	1	0	0	0
1324.15	0	1	0	0	0
1323.15	0	1	0	0	0
1322.15	0	1	0	0	0
1321.15	0	1	0	0	0
1320.15	0	1	0	0	0
1319.15	0	1	0	0	0
1318.15	0	1	0	0	0
1317.15	0	1	0	0	0
1316.15	0	1	0	0	0
1315.15	0	1	0	0	0
1314.15	0	1	0	0	0
1313.15	0	1	0	0	0
1312.15	0	1	0	0	0
1311.15	0	1	0	0	0
1310.15	0	1	0	0	0
1309.15	0	1	0	0	0
1308.15	0	1	0	0	0
1307.15	0	1	0	0	0
1306.15	0	1	0	0	0
1305.15	0	1	0	0	0
1304.15	0	1	0	0	0
1303.15	0	1	0	0	0
1302.15	0	1	0	0	0
1301.15	0	1	0	0	0
1300.15	0	1	0	0	0
1299.15	0	1	0	0	0
1298.15	0	1	0	0	0
1297.15	0	1	0	0	0
1296.15	0	1	0	0	0
1295.15	0	1	0	0	0
1294.15	0	1	0	0	0
1293.15	0	1	0	0	0
1292.15	0	1	0	0	0
1291.15	0	1	0	0	0
1290.15	0	1	0	0	0
1289.15	0	1	0	0	0
1288.15	0	1	0	0	0
1287.15	0	1	0	0	0
1286.15	0	1	0	0	0
1285.15	0	1	0	0	0
1284.15	0	1	0	0	0
1283.15	0	1	0	0	0
1282.15	0	1	0	0	0
1281.15	0	1	0	0	0
1280.15	0	1	0	0	0
1279.15	0	1	0	0	0
1278.15	0	1	0	0	0
1277.15	0	1	0	0	0
1276.15	0	1	0	0	0
1275.15	0	1	0	0	0
1274.15	0	1	0	0	0
1273.15	0	1	0	0	0
1272.15	0	1	0	0	0
1271.15	0	1	0	0	0
1270.15	0	1	0	0	0
1269.15	0	1	0	0	0
1268.15	0	1	0	0	0
1267.15	0	1	0	0	0
1266.15	0	1	0	0	0
1265.15	0	1	0	0	0
1264.15	0	1	0	0	0
1263.15	0	1	0	0	0
1262.15	0	1	0	0	0
1261.15	0	1	0	0	0
1260.15	0	1	0	0	0
1259.15	0	1	0	0	0
1258.15	0	1	0	0	0
1257.15	0	1	0	0	0
1256.15	0	1	0	0	0
1255.15	0	1	0	0	0
1254.15	0	1	0	0	0
1253.15	0	1	0	0	0
1252.15	0	1	0	0	0
1251.15	0	1	0	0	0
1250.15	0	1	0	0	0
1249.15	0	1	0	0	0
1248.15	0	1	0	0	0
1247.15	0	1	0	0	0
1246.15	0	1	0	0	0
1245.15	0	1	0	0	0
1244.15	0	1	0	0	0
1243.15	0	1	0	0	0
1242.15	0	1	0	0	0
1241.15	0	1	0	0	0
1240.15	0	1	0	0	0
1239.15	0	1	0	0	0
1238.15	0	1	0	0	0
1237.15	0	1	0	0	0
1236.15	0	1	0	0	0
1235.15	0	1	0	0	0
1234.15	0	1	0	0	0
1233.15	0	1	0	0	0
1232.15	0	1	0	0	0
1231.15	0	1	0	0	0
1230.15	0	1	0	0	0
1229.15	0	1	0	0	0
1228.15	0	1	0	0	0
1227.15	0	1	0	0	0
1226.15	0	1	0	0	0
1225.15	0	1	0	0	0
1224.15	0	1	0	0	0
1223.15	0	1	0	0	0
1222.15	0	1	0	0	0
1221.15	0	1	0	0	0
1220.15	0	1	0	0	0
1219.15	0	1	0	0	0
1218.15	0	1	0	0	0
1217.15	0	1	0	0	0
1216.15	0	1	0	0	0
1215.15	0	1	0	0	0
1214.15	0	1	0	0	0
1213.15	0	1	0	0	0
1212.15	0	1	0	0	0
1211.15	0	1	0	0	0
1210.15	0	1	0	0	0
1209.15	0	1	0	0	0
1208.15	0	1	0	0	0
1207.15	0	1	0	0	0
1206.15	0	1	0	0	0
1205.15	0	1	0	0	0
1204.15	0	1	0	0	0
1203.15	0	1	0	0	0
1202.15	0	1	0	0	0
1201.15	0	1	0	0	0
1200.15	0	1	0	0	0
1199.15	0	1	0	0	0
1198.15	0	1	0	0	0
1197.15	0	1	0	0	0
1196.15	0	1	0	0	0
1195.15	0	1	0	0	0
1194.15	0	1	0	0	0
1193.15	0	1	0	0	0
1192.15	0	1	0	0	0
1191.15	0	1	0	0	0
1190.15	0	1	0	0	0
1189.15	0	1	0	0	0
1188.15	0	1	0	0	0
1187.15	0	1	0	0	0
1186.15	0	1	0	0	0
1185.15	0	1	0	0	0
1184.15	0	1	0	0	0
1183.15	0	1	0	0	0
1182.15	0	1	0	0	0
1181.15	0	1	0	0	0
1180.15	0	1	0	0	0
1179.15	0	1	0	0	0
1178.15	0	1	0	0	0
1177.15	0	1	0	0	0
1176.15	0	1	0	0	0
1175.15	0	1	0	0	0
1174.15	0	1	0	0	0
1173.15	0	1	0	0	0
1172.15	0	1	0	0	0
1171.15	0	1	0	0	0
1170.15	0	1	0	0	0
1169.15	0	1	0	0	0
1168.15	0	1	0	0	0
1167.15	0	1	0	0	0
1166.15	0	1	0	0	0
1165.15	0	1	0	0	0
1164.15	0	1	0	0	0
1163.15	0	1	0	0	0
1162.15	0	1	0	0	0
1161.15	0	1	0	0	0
1160.15	0	1	0	0	0
1159.15	0	1	0	0	0
1158.15	0	1	0	0	0
1157.15	0	1	0	0	0
1156.15	0	1	0	0	0
1155.15	0	1	0	0	0
1154.15	0	1	0	0	0
1153.15	0	1	0	0	0
1152.15	0	1	0	0	0
1151.15	0	1	0	0	0
1150.15	0	1	0	0	0
1149.15	0	1	0	0	0
1148.15	0	1	0	0	0
1147.15	0	1	0	0	0
1146.15	0	1	0	0	0
1145.15	0	1	0	0	0
1144.15	0	1	0	0	0
1143.15	0	1	0	0	0
1142.15	0	1	0	0	0
1141.15	0	1	0	0	0
1140.15	0	1	0	0	0
1139.15	0	1	0	0	0
1138.15	0	1	0	0	0
1137.15	0	1	0	0	0
1136.15	0	1	0	0	0
1135.15	0	1	0	0	0
1134.15	0	1	0	0	0
1133.15	0	1	0	0	0
1132.15	0	1	0	0	0
1131.15	0	1	0	0	0
1130.15	0	1	0	0	0
1129.15	0	1	0	0	0
1128.15	0	1	0	0	0
1127.15	0	1	0	0	0
1126.15	0	1	0	0	0
1125.15	0	1	0	0	0
1124.15	0	1	0	0	0
1123.15	0	1	0	0	0
1122.15	0	1	0	0	0
1121.15	0	1	0	0	0
1120.15	0	1	0	0	0
1119.15	0	1	0	0	0
1118.15	0	1	0	0	0
1117.15	0	1	0	0	0
1116.15	0	1	0	0	0
1115.15	0	1	0	0	0
1114.15	0	1	0	0	0
1113.15	0	1	0	0	0
1112.15	0	1	0	0	0
1111.15	0	1	0	0	0
1110.15	0	1	0	0	0
1109.15	0	1	0	0	0
1108.15	0	1	0	0	0
1107.15	0	1	0	0	0
1106.15	0	1	0	0	0
1105.15	0	1	0	0	0
1104.15	0	1	0	0	0
1103.15	0	1	0	0	0
1102.15	0	1	0	0	0
1101.15	0	1	0	0	0
1100.15	0	1	0	0	0
1099.15	0	1	0	0	0
1098.15	0	1	0	0	0
1097.15	0	1	0	0	0
1096.15	0	1	0	0	0
1095.15	0	1	0	0	0
1094.15	0	1	0	0	0
1093.15	0	1	0	0	0
1092.15	0	1	0	0	0
1091.15	0	1	0	0	0
1090.15	0	1	0	0	0
1089.15	0	1	0	0	0
1088.15	0	1	0	0	0
1087.15	0	1	0	0	0
1086.15	0	1	0	0	0
1085.15	0	1	0	0	0
1084.15	0	1	0	0	0
1083.15	0	1	0	0	0
1082.15	0	1	0	0	0
1081.15	0	1	0	0	0
1080.15	0	1	0	0	0
1079.15	0	1	0	0	0
1078.15	0	1	0	0	0
1077.15	0	1	0	0	0
1076.15	0	1	0	0	0
1075.15	0	1	0	0	0
1074.15	0	1	0	0	0
1073.15	0	1	0	0	0
1072.15	0	1	0	0	0
1071.15	0	1	0	0	0
1070.15	0	1	0	0	0
1069.15	0	1	0	0	0
1068.15	0	1	0	0	0
1067.15	0	1	0	0	0
1066.15	0	1	0	0	0
1065.15	0	1	0	0	0
1064.15	0	1	0	0	0
1063.15	0	1	0	0	0
1062.15	0	1	0	0	0
1061.15	0	1	0	0	0
1060.15	0	1	0	0	0
1059.15	0	1	0	0	0
1058.15	0	1	0	0	0
1057.15	0	1	0	0	0
1056.15	0	1	0	0	0
1055.15	0	1	0	0	0
1054.15	0	1	0	0	0
1053.15	0	1	0	0	0
1052.15	0	1	0	0	0
1051.15	0	1	0	0	0
1050.15	0	1	0	0	0
1049.15	0	1	0	0	0
1048.15	0	1	0	0	0
1047.15	0	1	0	0	0
1046.15	0	1	0	0	0
1045.15	0	1	0	0	0
1044.15	0	1	0	0	0
1043.15	0	1	0	0	0
1042.15	0	1	0	0	0
1041.15	0	1	0	0	0
1040.15	0	1	0	0	0
1039.15	0	1	0	0	0
1038.15	0	1	0	0	0
1037.15	0	1	0	0	0
1036.15	0	1	0	0	0
1035.15	0	1	0	0	0
1034.15	0	1	0	0	0
1033.15	0	1	0	0	0
1032.15	0	1	0	0	0
1031.15	0	1	0	0	0
1030.15	0	1	0	0	0
1029.15	0	1	0	0	0
1028.15	0	1	0	0	0
1027.15	0	1	0	0	0
1026.15	0	1	0	0	0
1025.15	0	1	0	0	0
1024.15	0	1	0	0	0
1023.15	0	1	0	0	0
1022.15	0	1	0	0	0
1021.15	0	1	0	0	0
1020.15	0	1	0	0	0
1019.15	0	1	0	0	0
1018.15	0	1	0	0	0
1017.15	0	1	0	0	0
1016.15	0	1	0	0	0
1015.15	0	1	0	0	0
1014.15	0	1	0	0	0
1013.15	0	1	0	0	0
1012.15	0	1	0	0	0
1011.15	0	1	0	0	0
1010.15	0	1	0	0	0
1009.15	0	1	0	0	0
1008.15	0	1	0	0	0
1007.15	0	1	0	0	0
1006.15	0	1	0	0	0
1005.15	0	1	0	0	0
1004.15	0	1	0	0	0
1003.15	0	1	0	0	0
1002.15	0	1	0	0	0
1001.15	0	1	0	0	0
1000.15	0	1	0	0	0
999.15	0	1	0	0	0
998.15	0	1	0	0	0
997.15	0	1	0	0	0
996.15	0	1	0	0	0
995.15	0	1	0	0	0
994.15	0	1	0	0	0
993.15	0	1	0	0	0
992.15	0	1	0	0	0
991.15	0	1	0	0	0
990.15	0	1	0	0	0
989.15	0	1	0	0	0
988.15	0	1	0	0	0
987.15	0	1	0	0	0
986.15	0	1	0	0	0
985.15	0	1	0	0	0
984.15	0	1	0	0	0
983.4238	0	1	0	0	0
983.4238	0	1	0	0	0
983.4238	0	1	0	0	0
983.15	0	.9997073	2.927067E-04	0	0
982.15	0	.9986406	.001359446	0	0
981.15	0	.9975772	.002422754	0	0
980.15	0	.9965174	.00348263	0	0
979.15	0	.9954609	.004539075	0	0
978.15	0	.9944079	.005592088	0	0
977.15	0	.9933583	.006641669	0	0
976.15	0	.9923122	.00768782	0	0
975.15	0	.9912695	.008730541	0	0
974.15	0	.9902302	.009769833	0	0
973.15	0	.9891943	.0108057	0	0
972.15	0	.9881619	.01183814	0	0
971.15	0	.9871329	.01286715	0	0
970.15	0	.9861073	.01389275	0	0
969.15	0	.9850851	.01491492	0	0
968.15	0	.9840663	.01593368	0	0
967.15	0	.983051	.01694903	0	0
966.15	0	.982039	.01796097	0	0
965.15	0	.9810305	.01896951	0	0
964.15	0	.9800254	.01997464	0	0
964.1336	0	.9800089	.01999107	0	0
964.1336	0	.9800089	.01999107	0	0
964.1336	0	.9800089	.01999107	0	0
963.15	0	.9789349	.02080675	2.583158E-04	0
962.15	0	.9778466	.02163358	5.198279E-04	0
961.15	0	.9767618	.02245797	7.802247E-04	0
960.15	0	.9756806	.02327993	.001039502	0
959.15	0	.9746029	.02409949	.001297655	0
958.15	0	.9735287	.02491665	.00155468	0
957.15	0	.972458	.02573144	.001810572	0
956.15	0	.9713908	.02654386	.002065327	0
955.15	0	.9703271	.02735394	.002318939	0
954.15	0	.9692669	.0281617	.002571404	0
953.15	0	.9682101	.02896714	.002822716	0
952.15	0	.9671568	.02977031	.003072871	0
951.15	0	.9661069	.0305712	.003321863	0
950.15	0	.9650605	.03136985	.003569686	0
949.15	0	.9640174	.03216626	.003816335	0
948.15	0	.9629777	.03296048	.004061804	0
947.15	0	.9619414	.03375251	.004306087	0
946.15	0	.9609084	.03454238	.004549178	0
945.15	0	.9598788	.03533012	.00479107	0
944.15	0	.9588525	.03611574	.005031757	0
943.15	0	.9578295	.03689928	.005271232	0
942.15	0	.9568098	.03768076	.005509488	0
941.15	0	.9557933	.0384602	.005746519	0
940.15	0	.95478	.03923764	.005982317	0
939.15	0	.95377	.0400131	.006216875	0
938.15	0	.9527632	.04078661	.006450184	0
937.15	0	.9517596	.04155821	.006682238	0
936.15	0	.9507591	.04232791	.006913028	0
935.15	0	.9497617	.04309577	.007142545	0
934.15	0	.9487674	.0438618	.007370782	0
933.15	0	.9477762	.04462605	.007597729	0
932.15	0	.9467881	.04538855	.007823378	0
931.15	0	.9458029	.04614934	.008047719	0
930.15	0	.9448208	.04690846	.008270743	0
929.15	0	.9438416	.04766593	.00849244	0
928.15	0	.9428654	.04842182	.0087128	0
927.15	0	.941892	.04917615	.008931813	0
926.15	0	.9409216	.04992898	.009149469	0
925.15	0	.9399539	.05068034	.009365756	0
924.15	0	.9389891	.05143028	.009580663	0
923.15	0	.938027	.05217886	.009794179	0
922.15	0	.9370676	.05292611	.01000629	0
921.15	0	.9361109	.0536721	.01021699	0
920.15	0	.9351569	.05441688	.01042626	0
919.15	0	.9342054	.0551605	.01063409	0
918.15	0	.9332565	.05590301	.01084047	0
917.15	0	.9323101	.05664448	.01104538	0
916.15	0	.9313662	.05738497	.01124881	0
915.15	0	.9304247	.05812454	.01145075	0
914.15	0	.9294856	.05886326	.01165117	0
913.15	0	.9285487	.05960119	.01185007	0
912.15	0	.9276142	.06033841	.01204744	0
911.15	0	.9266818	.06107498	.01224324	0
910.15	0	.9257515	.06181098	.01243747	0
909.15	0	.9248234	.0625465	.01263012	0
908.15	0	.9238972	.0632816	.01282115	0
907.15	0	.9229731	.06401638	.01301057	0
906.15	0	.9220507	.06475093	.01319833	0
905.15	0	.9211302	.06548532	.01338444	0
904.15	0	.9202115	.06621966	.01356886	0
903.15	0	.9192944	.06695403	.01375158	0
902.15	0	.9183789	.06768855	.01393258	0
901.15	0	.9174648	.06842332	.01411183	0
900.15	0	.9165522	.06915844	.01428932	0
899.15	0	.915641	.06989402	.01446502	0
898.15	0	.9147309	.0706302	.0146389	0
897.15	0	.913822	.07136707	.01481095	0
896.15	0	.9129141	.07210477	.01498113	0
895.15	0	.9120071	.07284344	.01514942	0
894.15	0	.911101	.0735832	.0153158	0
893.15	0	.9101956	.0743242	.01548023	0
892.15	0	.9092907	.07506658	.01564269	0
891.15	0	.9083864	.0758105	.01580314	0
890.15	0	.9074823	.07655612	.01596157	0
889.15	0	.9065785	.0773036	.01611792	0
888.15	0	.9056747	.07805312	.01627218	0
887.15	0	.9047708	.07880485	.01642431	0
886.15	0	.9038668	.07955899	.01657426	0
885.15	0	.9029623	.08031573	.01672201	0
884.15	0	.9020572	.08107527	.01686751	0
883.15	0	.9011514	.08183783	.01701073	0
882.15	0	.9002448	.08260362	.01715163	0
881.15	0	.899337	.08337289	.01729015	0
880.15	0	.8984279	.08414588	.01742626	0
879.15	0	.8975173	.08492284	.01755991	0
878.15	0	.8966049	.08570403	.01769104	0
877.15	0	.8956906	.08648974	.01781962	0
876.15	0	.8947742	.08728026	.01794558	0
875.15	0	.8938552	.08807589	.01806887	0
874.15	0	.8929336	.08887697	.01818943	0
873.15	0	.892009	.08968381	.0183072	0
872.15	0	.8910811	.09049679	.01842211	0
871.15	0	.8901496	.09131628	.0185341	0
870.15	0	.8892142	.09214266	.01864311	0
869.15	0	.8882746	.09297636	.01874904	0
868.15	0	.8873304	.09381781	.01885184	0
867.15	0	.8863811	.09466747	.0189514	0
866.15	0	.8854265	.09552583	.01904766	0
865.15	0	.8844661	.09639342	.01914051	0
864.15	0	.8834108	.09736409	.01922506	0
863.15	0	.8819017	.09881772	.01928052	0
862.15	0	.8804437	.1002228	.01933348	0
861.15	0	.8790347	.1015812	.01938403	0
860.15	0	.877673	.1028948	.01943227	0
859.15	0	.8763565	.1041652	.0194783	0
858.15	0	.8750836	.1053942	.01952219	0
857.15	0	.8738526	.1065834	.01956402	0
856.15	0	.8726618	.1077343	.01960387	0
855.15	0	.8715098	.1088485	.0196418	0
854.15	0	.8703949	.1099272	.01967789	0
853.15	0	.8693159	.1109719	.01971219	0
852.15	0	.8682712	.111984	.01974477	0
851.15	0	.8672597	.1129646	.01977566	0
850.15	0	.86628	.1139151	.01980494	0
849.15	0	.8653309	.1148365	.01983264	0
848.15	0	.8644112	.11573	.01985881	0
847.15	0	.8635199	.1165966	.0198835	0
846.15	0	.8626559	.1174374	.01990674	0
845.15	0	.861818	.1182534	.01992859	0
844.15	0	.8610054	.1190455	.01994907	0
843.15	0	.8602171	.1198147	.01996822	0
842.15	0	.8594521	.1205618	.01998608	0
841.15	0	.8587097	.1212876	.02000268	0
840.15	0	.8579889	.1219931	.02001805	0
839.15	0	.8572889	.1226789	.02003222	0
838.15	0	.856609	.1233458	.02004523	0
837.15	0	.8559484	.1239945	.0200571	0
836.15	0	.8553064	.1246258	.02006785	0
835.15	0	.8546823	.1252402	.02007752	0
834.15	0	.8540754	.1258385	.02008612	0
833.15	0	.8534852	.1264211	.0200937	0
832.15	0	.8529109	.1269889	.02010025	0
831.15	0	.852352	.1275422	.02010582	0
830.15	0	.851808	.1280816	.02011042	0
829.15	0	.8512782	.1286077	.02011407	0
828.15	0	.8507622	.129121	.0201168	0
827.15	0	.8502594	.1296219	.02011862	0
826.15	0	.8497695	.130111	.02011956	0
825.15	0	.8492918	.1305886	.02011963	0
824.15	0	.848826	.1310552	.02011885	0
823.15	0	.8483716	.1315112	.02011724	0
822.15	0	.8479282	.131957	.02011482	0
821.15	0	.8474955	.1323929	.0201116	0
820.15	0	.8470729	.1328195	.0201076	0
819.15	0	.8466603	.1332369	.02010284	0
818.15	0	.8462571	.1336456	.02009733	0
817.15	0	.8458631	.1340458	.02009108	0
816.15	0	.845478	.1344379	.02008412	0
815.15	0	.8451013	.1348222	.02007645	0
814.15	0	.8447329	.135199	.02006809	0
813.15	0	.8443724	.1355685	.02005906	0
812.15	0	.8440196	.1359311	.02004937	0
811.15	0	.8436741	.1362869	.02003902	0
810.15	0	.8433358	.1366362	.02002804	0
809.15	0	.8430043	.1369793	.02001643	0
808.15	0	.8426794	.1373164	.02000421	0
807.15	0	.8423609	.1376477	.01999139	0
806.15	0	.8420487	.1379734	.01997798	0
805.15	0	.8417423	.1382937	.01996399	0
804.15	0	.8414418	.1386088	.01994943	0
803.15	0	.8411468	.1389189	.01993431	0
802.15	0	.8408571	.1392243	.01991865	0
801.15	0	.8405726	.1395249	.01990246	0
800.15	0	.8402932	.1398211	.01988573	0
799.15	0	.8400185	.140113	.01986849	0
798.15	0	.8397486	.1404007	.01985074	0
797.15	0	.8394832	.1406843	.0198325	0
796.15	0	.8392221	.1409642	.01981376	0
795.15	0	.8389652	.1412402	.01979454	0
794.15	0	.8387125	.1415127	.01977486	0
793.15	0	.8384637	.1417816	.0197547	0
792.15	0	.8382187	.1420472	.0197341	0
791.15	0	.8379774	.1423096	.01971304	0
790.15	0	.8377396	.1425688	.01969155	0
789.15	0	.8375054	.142825	.01966962	0
788.15	0	.8372744	.1430783	.01964727	0
787.15	0	.8370467	.1433288	.0196245	0
786.15	0	.8368222	.1435765	.01960132	0
785.15	0	.8366007	.1438216	.01957774	0
784.15	0	.8363821	.1440641	.01955376	0
783.15	0	.8361664	.1443042	.01952939	0
782.15	0	.8359535	.1445419	.01950464	0
781.15	0	.8357432	.1447773	.01947951	0
780.15	0	.8355355	.1450105	.01945402	0
779.15	0	.8353303	.1452415	.01942815	0
778.15	0	.8351276	.1454704	.01940193	0
777.15	0	.8349273	.1456974	.01937535	0
776.15	0	.8347293	.1459223	.01934843	0
775.15	0	.8345334	.1461454	.01932117	0
774.15	0	.8343398	.1463666	.01929357	0
773.15	0	.8341483	.1465861	.01926564	0
772.15	0	.8339588	.1468039	.01923738	0
771.15	0	.8337712	.14702	.0192088	0
770.15	0	.8335857	.1472344	.01917991	0
769.15	0	.8334019	.1474474	.01915071	0
768.15	0	.83322	.1476588	.0191212	0
767.15	0	.8330399	.1478687	.01909139	0
766.15	0	.8328615	.1480772	.01906129	0
765.15	0	.8326848	.1482843	.01903089	0
764.15	0	.8325097	.1484901	.01900021	0
763.15	0	.8323362	.1486946	.01896924	0
762.15	0	.8321642	.1488978	.01893799	0
761.15	0	.8319938	.1490998	.01890647	0
760.15	0	.8318248	.1493006	.01887468	0
759.15	0	.8316572	.1495002	.01884263	0
758.15	0	.831491	.1496987	.01881031	0
757.15	0	.8313262	.1498961	.01877773	0
756.15	0	.8311627	.1500924	.0187449	0
755.15	0	.8310005	.1502877	.01871182	0
754.15	0	.8308395	.150482	.01867849	0
753.15	0	.8306798	.1506753	.01864492	0
752.15	0	.8305213	.1508676	.01861111	0
751.15	0	.8303639	.151059	.01857706	0
750.15	0	.8302077	.1512495	.01854278	0
749.15	0	.8300526	.1514391	.01850827	0
748.15	0	.8298986	.1516279	.01847354	0
747.15	0	.8297457	.1518158	.01843858	0
746.15	0	.8295937	.1520029	.0184034	0
745.15	0	.8294429	.1521891	.01836801	0
744.15	0	.829293	.1523746	.0183324	0
743.15	0	.829144	.1525594	.01829659	0
742.15	0	.8289961	.1527434	.01826057	0
741.15	0	.828849	.1529266	.01822434	0
740.15	0	.8287029	.1531092	.01818792	0
739.15	0	.8285577	.153291	.01815129	0
738.15	0	.8284133	.1534722	.01811447	0
737.15	0	.8282698	.1536527	.01807746	0
736.15	0	.8281272	.1538326	.01804026	0
735.15	0	.8279853	.1540118	.01800287	0
734.15	0	.8278443	.1541904	.0179653	0
733.15	0	.8277041	.1543684	.01792755	0
732.15	0	.8275646	.1545458	.01788962	0
731.15	0	.8274259	.1547226	.01785152	0
730.15	0	.827288	.1548988	.01781324	0
729.15	0	.8271508	.1550744	.01777479	0
728.15	0	.8270143	.1552495	.01773617	0
727.15	0	.8268785	.1554241	.01769739	0
726.15	0	.8267434	.1555981	.01765844	0
725.15	0	.826609	.1557716	.01761933	0
724.15	0	.8264767	.1559436	.01757965	0
723.15	0	.8263436	.1561162	.01754027	0
722.15	0	.8262111	.1562882	.01750072	0
721.15	0	.8260792	.1564598	.01746103	0
720.15	0	.8259479	.1566309	.01742118	0
719.15	0	.8258173	.1568015	.01738119	0
718.15	0	.8256873	.1569716	.01734104	0
717.15	0	.8255579	.1571413	.01730076	0
716.15	0	.8254292	.1573105	.01726033	0
715.15	0	.825301	.1574793	.01721977	0
714.15	0	.8251733	.1576476	.01717907	0
713.15	0	.8250463	.1578155	.01713823	0
712.15	0	.8249198	.1579829	.01709726	0
711.15	0	.8247939	.15815	.01705616	0
710.15	0	.8246685	.1583166	.01701494	0
709.15	0	.8245436	.1584828	.01697358	0
708.15	0	.8244193	.1586486	.0169321	0
707.15	0	.8242955	.158814	.01689051	0
706.15	0	.8241722	.158979	.01684879	0
705.15	0	.8240495	.1591436	.01680695	0
704.15	0	.8239272	.1593078	.016765	0
703.15	0	.8238054	.1594717	.01672293	0
702.15	0	.8236841	.1596351	.01668076	0
701.15	0	.8235633	.1597982	.01663847	0
700.15	0	.823443	.1599609	.01659608	0
699.15	0	.8233232	.1601232	.01655358	0
698.15	0	.8232038	.1602852	.01651097	0
697.15	0	.8230849	.1604468	.01646827	0
696.15	0	.8229664	.1606081	.01642546	0
695.15	0	.8228484	.160769	.01638256	0
694.15	0	.8227309	.1609296	.01633955	0
693.15	0	.8226138	.1610898	.01629646	0
692.15	0	.8224971	.1612497	.01625327	0
691.15	0	.8223808	.1614092	.01620999	0
690.15	0	.822265	.1615684	.01616662	0
689.15	0	.8221496	.1617272	.01612317	0
688.15	0	.8220346	.1618857	.01607963	0
687.15	0	.8219201	.1620439	.016036	0
686.15	0	.8218059	.1622018	.01599229	0
685.15	0	.8216922	.1623593	.0159485	0
684.15	0	.8215788	.1625165	.01590464	0
683.15	0	.8214659	.1626734	.01586069	0
682.15	0	.8213534	.16283	.01581667	0
681.15	0	.8212412	.1629862	.01577258	0
680.15	0	.8211294	.1631421	.01572841	0
679.15	0	.8210181	.1632978	.01568418	0
678.15	0	.8209071	.163453	.01563987	0
677.15	0	.8207965	.163608	.0155955	0
676.15	0	.8206863	.1637627	.01555106	0
675.15	0	.8205764	.163917	.01550656	0
674.15	0	.8204669	.1640711	.015462	0
673.15	0	.8203578	.1642248	.01541737	0
672.15	0	.8202491	.1643783	.01537269	0
671.15	0	.8201407	.1645314	.01532794	0
670.15	0	.8200326	.1646842	.01528314	0
669.15	0	.819925	.1648367	.01523829	0
668.15	0	.8198177	.1649889	.01519338	0
667.15	0	.8197107	.1651409	.01514843	0
666.15	0	.8196041	.1652925	.01510342	0
665.15	0	.8194979	.1654438	.01505836	0
664.15	0	.819392	.1655948	.01501326	0
663.15	0	.8192864	.1657455	.01496811	0
662.15	0	.8191812	.1658959	.01492291	0
661.15	0	.8190763	.166046	.01487767	0
660.15	0	.8189718	.1661958	.01483239	0
659.15	0	.8188676	.1663454	.01478708	0
658.15	0	.8187637	.1664946	.01474172	0
657.15	0	.8186602	.1666435	.01469632	0
656.15	0	.818557	.1667921	.01465089	0
655.15	0	.8184541	.1669405	.01460543	0
654.15	0	.8183516	.1670885	.01455993	0
653.15	0	.8182493	.1672363	.0145144	0
652.15	0	.8181475	.1673837	.01446884	0
651.15	0	.8180459	.1675309	.01442325	0
650.15	0	.8179446	.1676777	.01437764	0
649.15	0	.8178437	.1678243	.014332	0
648.15	0	.8177431	.1679706	.01428633	0
647.15	0	.8176428	.1681165	.01424064	0
646.15	0	.8175428	.1682622	.01419493	0
645.15	0	.8174432	.1684076	.0141492	0
644.15	0	.8173438	.1685527	.01410345	0
643.15	0	.8172448	.1686975	.01405768	0
642.15	0	.8171461	.168842	.01401189	0
641.15	0	.8170477	.1689862	.01396609	0
640.15	0	.8169496	.1691301	.01392028	0
639.15	0	.8168518	.1692738	.01387445	0
638.15	0	.8167543	.1694171	.01382861	0
637.15	0	.8166571	.1695601	.01378276	0
636.15	0	.8165602	.1697029	.0137369	0
635.15	0	.8164637	.1698453	.01369103	0
634.15	0	.8163674	.1699874	.01364516	0
633.15	0	.8162714	.1701293	.01359928	0
632.15	0	.8161758	.1702708	.0135534	0
631.15	0	.8160804	.1704121	.01350751	0
630.15	0	.8159853	.1705531	.01346163	0
629.15	0	.8158905	.1706937	.01341574	0
628.15	0	.8157961	.1708341	.01336986	0
627.15	0	.8157019	.1709741	.01332397	0
626.15	0	.815608	.1711139	.01327809	0
625.15	0	.8155144	.1712534	.01323222	0
624.15	0	.8154211	.1713925	.01318635	0
623.15	0	.8153281	.1715314	.01314049	0
622.15	0	.8152354	.17167	.01309464	0
621.15	0	.815143	.1718082	.01304879	0
620.15	0	.8150509	.1719462	.01300296	0
619.15	0	.814959	.1720838	.01295714	0
618.15	0	.8148675	.1722212	.01291133	0
617.15	0	.8147762	.1723582	.01286554	0
616.15	0	.8146853	.172495	.01281976	0
615.15	0	.8145946	.1726314	.01277399	0
614.15	0	.8145042	.1727676	.01272825	0
613.15	0	.8144141	.1729034	.01268253	0
612.15	0	.8143242	.1730389	.01263682	0
611.15	0	.8142347	.1731742	.01259114	0
610.15	0	.8141455	.1733091	.01254547	0
609.15	0	.8140565	.1734437	.01249984	0
608.15	0	.8139678	.173578	.01245422	0
607.15	0	.8138794	.173712	.01240864	0
606.15	0	.8137913	.1738456	.01236307	0
605.15	0	.8137035	.173979	.01231754	0
604.15	0	.8136159	.174112	.01227204	0
603.15	0	.8135286	.1742448	.01222656	0
602.15	0	.8134417	.1743772	.01218112	0
601.15	0	.813355	.1745093	.01213571	0
600.15	0	.8132685	.1746411	.01209034	0
599.15	0	.8131824	.1747726	.012045	0
598.15	0	.8130965	.1749038	.01199969	0
597.15	0	.8130109	.1750347	.01195442	0
596.15	0	.8129256	.1751652	.01190919	0
595.15	0	.8128406	.1752954	.011864	0
594.15	0	.8127558	.1754253	.01181885	0
593.15	0	.8126714	.1755549	.01177374	0
592.15	0	.8125872	.1756842	.01172867	0
591.15	0	.8125033	.1758131	.01168364	0
590.15	0	.8124196	.1759417	.01163866	0
589.15	0	.8123363	.17607	.01159372	0
588.15	0	.8122532	.176198	.01154884	0
587.15	0	.8121704	.1763257	.011504	0
586.15	0	.8120878	.176453	.0114592	0
585.15	0	.8120056	.17658	.01141446	0
584.15	0	.8119236	.1767066	.01136977	0
583.15	0	.8118419	.176833	.01132513	0
582.15	0	.8117604	.176959	.01128054	0
581.15	0	.8116793	.1770847	.011236	0
580.15	0	.8115984	.1772101	.01119152	0
579.15	0	.8115178	.1773351	.0111471	0
578.15	0	.8114375	.1774598	.01110273	0
577.15	0	.8113574	.1775842	.01105843	0
576.15	0	.8112776	.1777082	.01101417	0
575.15	0	.8111981	.1778319	.01096998	0
574.15	0	.8111189	.1779553	.01092585	0
573.15	0	.8110399	.1780783	.01088179	0
572.15	0	.8109612	.178201	.01083778	0
571.15	0	.8108828	.1783234	.01079384	0
570.15	0	.8108047	.1784454	.01074997	0
569.15	0	.8107268	.1785671	.01070616	0
568.15	0	.8106492	.1786884	.01066241	0
567.15	0	.8105719	.1788094	.01061874	0
566.15	0	.8104948	.1789301	.01057513	0
565.15	0	.810418	.1790504	.01053159	0
564.15	0	.8103415	.1791704	.01048813	0
563.15	0	.8102653	.17929	.01044473	0
562.15	0	.8101893	.1794093	.01040141	0
561.15	0	.8101136	.1795282	.01035816	0
560.15	0	.8100382	.1796468	.01031499	0
559.15	0	.809963	.1797651	.01027189	0
558.15	0	.8098882	.179883	.01022887	0
557.15	0	.8098135	.1800005	.01018592	0
556.15	0	.8097392	.1801177	.01014306	0
555.15	0	.8096652	.1802346	.01010027	0
554.15	0	.8095914	.1803511	.01005756	0
553.15	0	.8095178	.1804672	.01001494	0
552.15	0	.8094446	.180583	.009972392	0
551.15	0	.8093716	.1806985	.009929931	0
550.15	0	.8092989	.1808135	.009887554	0
549.15	0	.8092265	.1809283	.009845262	0
548.15	0	.8091543	.1810426	.009803056	0
547.15	0	.8090824	.1811567	.009760936	0
546.15	0	.8090108	.1812703	.009718904	0
545.15	0	.8089394	.1813836	.00967696	0
544.15	0	.8088684	.1814966	.009635106	0
543.15	0	.8087975	.1816091	.009593342	0
542.15	0	.808727	.1817213	.009551669	0
541.15	0	.8086567	.1818332	.009510087	0
540.15	0	.8085867	.1819447	.009468599	0
539.15	0	.808517	.1820558	.009427205	0
538.15	0	.8084475	.1821666	.009385905	0
537.15	0	.8083783	.182277	.009344701	0
536.15	0	.8083094	.182387	.009303593	0
535.15	0	.8082408	.1824966	.009262582	0
534.15	0	.8081724	.1826059	.009221669	0
533.15	0	.8081043	.1827148	.009180856	0
532.15	0	.8080365	.1828234	.009140142	0
531.15	0	.8079689	.1829316	.009099529	0
530.15	0	.8079016	.1830394	.009059017	0
529.15	0	.8078346	.1831468	.009018608	0
528.15	0	.8077678	.1832539	.008978302	0
527.15	0	.8077013	.1833606	.0089381	0
526.15	0	.8076351	.1834669	.008898002	0
525.15	0	.8075692	.1835728	.008858011	0
524.15	0	.8075035	.1836784	.008818126	0
523.15	0	.8074381	.1837836	.008778348	0
522.15	0	.807373	.1838884	.008738678	0
521.15	0	.8073081	.1839928	.008699118	0
520.15	0	.8072435	.1840968	.008659667	0
519.15	0	.8071792	.1842005	.008620327	0
518.15	0	.8071151	.1843038	.008581098	0
517.15	0	.8070514	.1844067	.008541981	0
516.15	0	.8069878	.1845092	.008502977	0
515.15	0	.8069246	.1846113	.008464087	0
514.15	0	.8068616	.1847131	.008425311	0
513.15	0	.8067989	.1848144	.008386651	0
512.15	0	.8067365	.1849154	.008348107	0
511.15	0	.8066743	.185016	.008309679	0
510.15	0	.8066124	.1851162	.00827137	0
509.15	0	.8065508	.185216	.008233178	0
508.15	0	.8064894	.1853154	.008195106	0
507.15	0	.8064284	.1854145	.008157154	0
506.6247	0	.8063964	.1854663	.008137265	0
506.6247	0	.8063964	.1854663	.008137265	0
506.6247	0	.8063964	.1854663	.008137265	0
506.15	0	.8065274	.1851486	.007966238	3.577495E-04
505.15	0	.8068024	.1844809	.007606723	.001110034
504.15	0	.807076	.1838153	.007248259	.001860467
503.15	0	.8073483	.1831518	.006890841	.002609068
502.15	0	.8076192	.1824905	.006534459	.003355851
501.15	0	.8078888	.1818312	.006179106	.004100835
500.15	0	.8081572	.181174	.005824775	.004844036
499.15	0	.8084243	.1805188	.005471459	.00558547
498.15	0	.8086901	.1798656	.00511915	.006325153
497.15	0	.8089547	.1792144	.004767842	.007063102
496.15	0	.8092181	.1785651	.004417526	.007799333
495.15	0	.8094803	.1779177	.004068196	.00853386
494.15	0	.8097413	.1772721	.003719846	.0092667
493.15	0	.8100012	.1766285	.003372467	.009997869
492.15	0	.81026	.1759866	.003026054	.01072738
491.15	0	.8105176	.1753466	.0026806	.01145525
490.15	0	.8107742	.1747083	.002336001	.01218151
489.15	0	.8110297	.1740717	.001992443	.01290614
488.15	0	.8112841	.1734369	.001649825	.01362917
487.15	0	.8115374	.1728038	.001308139	.01435063
486.15	0	.8117898	.1721723	9.673807E-04	.01507051
485.15	0	.8120411	.1715425	6.275426E-04	.01578884
484.15	0	.8122914	.1709143	2.88619E-04	.01650563
483.2963	0	.8125044	.1703793	0	.01711635
483.2963	0	.8125044	.1703793	0	.01711635
483.15	0	.8125008	.1703511	0	.01714815
482.15	0	.8124759	.1701592	0	.01736491
481.15	0	.8124509	.1699685	0	.01758062
480.15	0	.8124256	.1697791	0	.01779529
479.15	0	.8124002	.1695909	0	.01800892
478.15	0	.8123745	.1694039	0	.01822153
477.15	0	.8123487	.1692182	0	.01843314
476.15	0	.8123227	.1690336	0	.01864374
475.15	0	.8122965	.1688502	0	.01885337
474.15	0	.8122701	.1686679	0	.01906201
473.15	0	.8122435	.1684868	0	.01926969
472.15	0	.8122168	.1683068	0	.01947642
471.15	0	.8121899	.1681279	0	.01968221
470.15	0	.8121628	.1679501	0	.01988707
469.15	0	.8121356	.1677734	0	.02009101
468.15	0	.8121082	.1675977	0	.02029404
467.15	0	.8120807	.1674231	0	.02049617
466.15	0	.812053	.1672495	0	.02069742
465.15	0	.8120252	.167077	0	.02089779
464.15	0	.8119973	.1669054	0	.02109729
463.15	0	.8119692	.1667349	0	.02129594
462.15	0	.811941	.1665653	0	.02149374
461.15	0	.8119127	.1663966	0	.02169071
460.15	0	.8118842	.1662289	0	.02188685
459.15	0	.8118556	.1660622	0	.02208218
458.15	0	.811827	.1658963	0	.0222767
457.15	0	.8117982	.1657314	0	.02247043
456.15	0	.8117693	.1655673	0	.02266338
455.15	0	.8117403	.1654042	0	.02285555
454.15	0	.8117112	.1652419	0	.02304695
453.15	0	.811682	.1650804	0	.0232376
452.15	0	.8116527	.1649198	0	.02342751
451.15	0	.8116234	.1647599	0	.02361668
450.15	0	.811594	.1646009	0	.02380512
449.15	0	.8115645	.1644426	0	.02399288
448.15	0	.811535	.1642851	0	.02417994
447.15	0	.8115054	.1641283	0	.0243663
446.15	0	.8114758	.1639722	0	.02455199
445.15	0	.8114462	.1638168	0	.02473701
444.15	0	.8114165	.1636621	0	.02492137
443.15	0	.8113868	.1635081	0	.02510509
442.15	0	.8113571	.1633547	0	.02528817
441.15	0	.8113274	.1632019	0	.02547064
440.15	0	.8112977	.1630498	0	.02565249
439.15	0	.8112681	.1628982	0	.02583375
438.15	0	.8112384	.1627472	0	.02601442
437.15	0	.8112088	.1625967	0	.02619451
436.15	0	.8111793	.1624467	0	.02637403
435.15	0	.8111498	.1622973	0	.026553
434.15	0	.8111203	.1621483	0	.02673142
433.15	0	.8110909	.1619998	0	.0269093
432.15	0	.8110616	.1618518	0	.02708665
431.15	0	.8110324	.1617042	0	.02726349
430.15	0	.8110032	.161557	0	.02743982
429.15	0	.8109742	.1614102	0	.02761564
428.15	0	.8109452	.1612638	0	.02779098
427.15	0	.8109164	.1611178	0	.02796583
426.15	0	.8108876	.1609722	0	.02814021
425.15	0	.810859	.1608269	0	.02831412
424.15	0	.8108305	.1606819	0	.02848758
423.15	0	.8108021	.1605373	0	.02866058
422.15	0	.8107739	.1603929	0	.02883314
421.15	0	.8107458	.1602489	0	.02900527
420.15	0	.8107179	.1601051	0	.02917696
419.15	0	.8106901	.1599617	0	.02934824
418.15	0	.8106625	.1598184	0	.02951911
417.15	0	.810635	.1596755	0	.02968956
416.15	0	.8106077	.1595327	0	.02985962
415.15	0	.8105805	.1593902	0	.03002928
414.15	0	.8105535	.1592479	0	.03019856
413.15	0	.8105267	.1591058	0	.03036745
412.15	0	.8105001	.1589639	0	.03053597
411.15	0	.8104737	.1588222	0	.03070413
410.15	0	.8104474	.1586807	0	.03087191
409.15	0	.8104213	.1585393	0	.03103934
408.15	0	.8103955	.1583981	0	.03120642
407.15	0	.8103698	.1582571	0	.03137315
406.15	0	.8103443	.1581162	0	.03153954
405.15	0	.810319	.1579754	0	.03170559
404.15	0	.810294	.1578347	0	.0318713
403.15	0	.8102691	.1576942	0	.0320367
402.15	0	.8102444	.1575538	0	.03220176
401.15	0	.81022	.1574135	0	.03236651
400.15	0	.8101958	.1572733	0	.03253095
399.15	0	.8101717	.1571332	0	.03269508
398.15	0	.810148	.1569932	0	.0328589
397.15	0	.8101244	.1568532	0	.03302242
396.15	0	.810101	.1567133	0	.03318564
395.15	0	.8100779	.1565736	0	.03334857
394.15	0	.810055	.1564338	0	.03351121
393.15	0	.8100323	.1562942	0	.03367357
392.15	0	.8100098	.1561545	0	.03383564
391.15	0	.8099876	.156015	0	.03399743
390.15	0	.8099656	.1558755	0	.03415894
389.15	0	.8099438	.155736	0	.03432018
388.15	0	.8099223	.1555966	0	.03448116
387.15	0	.809901	.1554572	0	.03464186
386.15	0	.8098799	.1553178	0	.0348023
385.15	0	.8098591	.1551784	0	.03496248
384.15	0	.8098385	.1550391	0	.0351224
383.15	0	.8098181	.1548998	0	.03528207
382.15	0	.809798	.1547605	0	.03544148
381.15	0	.8097781	.1546213	0	.03560064
380.15	0	.8097584	.154482	0	.03575955
379.15	0	.809739	.1543428	0	.03591822
378.15	0	.8097198	.1542035	0	.03607664
377.15	0	.8097009	.1540643	0	.03623482
376.15	0	.8096822	.1539251	0	.03639275
375.15	0	.8096637	.1537859	0	.03655046
374.15	0	.8096455	.1536466	0	.03670792
373.15	0	.8096275	.1535074	0	.03686515
372.15	0	.8096097	.1533682	0	.03702215
371.15	0	.8095922	.1532289	0	.03717892
370.15	0	.8095749	.1530897	0	.03733546
369.15	0	.8095578	.1529504	0	.03749177
368.15	0	.809541	.1528112	0	.03764785
367.15	0	.8095244	.1526719	0	.03780371
366.15	0	.8095081	.1525326	0	.03795935
365.15	0	.8094919	.1523933	0	.03811477
364.15	0	.8094761	.152254	0	.03826996
363.15	0	.8094604	.1521147	0	.03842494
362.15	0	.809445	.1519753	0	.03857969
361.15	0	.8094298	.151836	0	.03873423
360.15	0	.8094148	.1516966	0	.03888856
359.15	0	.8094001	.1515572	0	.03904267
358.15	0	.8093856	.1514178	0	.03919657
357.15	0	.8093713	.1512784	0	.03935025
356.15	0	.8093573	.151139	0	.03950372
355.15	0	.8093435	.1509995	0	.03965698
354.15	0	.8093299	.1508601	0	.03981003
353.15	0	.8093165	.1507206	0	.03996287
352.15	0	.8093034	.1505811	0	.0401155
351.15	0	.8092904	.1504416	0	.04026793
350.15	0	.8092777	.1503021	0	.04042014
349.15	0	.8092653	.1501626	0	.04057215
348.15	0	.809253	.1500231	0	.04072395
347.15	0	.809241	.1498835	0	.04087555
346.15	0	.8092291	.1497439	0	.04102694
345.15	0	.8092175	.1496044	0	.04117813
344.15	0	.8092061	.1494648	0	.04132911
343.15	0	.8091949	.1493252	0	.04147989
342.15	0	.8091839	.1491856	0	.04163047
341.15	0	.8091732	.149046	0	.04178084
340.15	0	.8091626	.1489064	0	.04193102
339.15	0	.8091523	.1487668	0	.04208098
338.15	0	.8091421	.1486271	0	.04223075
337.15	0	.8091322	.1484875	0	.04238031
336.15	0	.8091224	.1483479	0	.04252968
335.15	0	.8091129	.1482083	0	.04267884
334.15	0	.8091036	.1480686	0	.0428278
333.15	0	.8090944	.147929	0	.04297656
332.15	0	.8090855	.1477894	0	.04312512
331.15	0	.8090767	.1476498	0	.04327348
330.15	0	.8090682	.1475102	0	.04342164
329.15	0	.8090598	.1473706	0	.04356959
328.15	0	.8090517	.147231	0	.04371735
327.15	0	.8090437	.1470914	0	.04386491
326.15	0	.8090359	.1469518	0	.04401227
325.15	0	.8090283	.1468123	0	.04415942
324.15	0	.8090209	.1466727	0	.04430638
323.15	0	.8090137	.1465332	0	.04445314
322.15	0	.8090066	.1463937	0	.04459969
321.15	0	.8089998	.1462542	0	.04474605
320.15	0	.8089931	.1461147	0	.04489221
319.15	0	.8089866	.1459753	0	.04503817
318.15	0	.8089803	.1458358	0	.04518392
317.15	0	.8089741	.1456964	0	.04532948
316.15	0	.8089681	.145557	0	.04547484
315.15	0	.8089623	.1454177	0	.04561999
314.15	0	.8089567	.1452784	0	.04576495
313.15	0	.8089512	.1451391	0	.0459097
312.15	0	.808946	.1449998	0	.04605426
311.15	0	.8089408	.1448606	0	.04619861
310.15	0	.8089359	.1447214	0	.04634276
309.15	0	.8089311	.1445822	0	.04648672
308.15	0	.8089264	.1444431	0	.04663047
307.15	0	.8089219	.144304	0	.04677402
306.15	0	.8089176	.144165	0	.04691737
305.15	0	.8089135	.144026	0	.04706051
304.15	0	.8089095	.1438871	0	.04720346
303.15	0	.8089056	.1437482	0	.0473462
302.15	0	.8089019	.1436093	0	.04748874
301.15	0	.8088984	.1434705	0	.04763108
300.15	0	.808895	.1433318	0	.04777322
299.15	0	.8088917	.1431931	0	.04791516
298.15	0	.8088886	.1430545	0	.04805689
