T	 BPW(LIQUID)	BPW(BCC_A2)	BPW(FCC_A1)	BPW(LAVES_PHASE_C14)	BPW(NI3TI)
1473.15	0	1	0	0	0
1472.15	0	1	0	0	0
1471.15	0	1	0	0	0
1470.15	0	1	0	0	0
1469.15	0	1	0	0	0
1468.15	0	1	0	0	0
1467.15	0	1	0	0	0
1466.15	0	1	0	0	0
1465.15	0	1	0	0	0
1464.15	0	1	0	0	0
1463.15	0	1	0	0	0
1462.15	0	1	0	0	0
1461.15	0	1	0	0	0
1460.15	0	1	0	0	0
1459.15	0	1	0	0	0
1458.15	0	1	0	0	0
1457.15	0	1	0	0	0
1456.15	0	1	0	0	0
1455.15	0	1	0	0	0
1454.15	0	1	0	0	0
1453.15	0	1	0	0	0
1452.15	0	1	0	0	0
1451.15	0	1	0	0	0
1450.15	0	1	0	0	0
1449.15	0	1	0	0	0
1448.15	0	1	0	0	0
1447.15	0	1	0	0	0
1446.15	0	1	0	0	0
1445.15	0	1	0	0	0
1444.15	0	1	0	0	0
1443.15	0	1	0	0	0
1442.15	0	1	0	0	0
1441.15	0	1	0	0	0
1440.15	0	1	0	0	0
1439.15	0	1	0	0	0
1438.15	0	1	0	0	0
1437.15	0	1	0	0	0
1436.15	0	1	0	0	0
1435.15	0	1	0	0	0
1434.15	0	1	0	0	0
1433.15	0	1	0	0	0
1432.15	0	1	0	0	0
1431.15	0	1	0	0	0
1430.15	0	1	0	0	0
1429.15	0	1	0	0	0
1428.15	0	1	0	0	0
1427.15	0	1	0	0	0
1426.15	0	1	0	0	0
1425.15	0	1	0	0	0
1424.15	0	1	0	0	0
1423.15	0	1	0	0	0
1422.15	0	1	0	0	0
1421.15	0	1	0	0	0
1420.15	0	1	0	0	0
1419.15	0	1	0	0	0
1418.15	0	1	0	0	0
1417.15	0	1	0	0	0
1416.15	0	1	0	0	0
1415.15	0	1	0	0	0
1414.15	0	1	0	0	0
1413.15	0	1	0	0	0
1412.15	0	1	0	0	0
1411.15	0	1	0	0	0
1410.15	0	1	0	0	0
1409.15	0	1	0	0	0
1408.15	0	1	0	0	0
1407.15	0	1	0	0	0
1406.15	0	1	0	0	0
1405.15	0	1	0	0	0
1404.15	0	1	0	0	0
1403.15	0	1	0	0	0
1402.15	0	1	0	0	0
1401.15	0	1	0	0	0
1400.15	0	1	0	0	0
1399.15	0	1	0	0	0
1398.15	0	1	0	0	0
1397.15	0	1	0	0	0
1396.15	0	1	0	0	0
1395.15	0	1	0	0	0
1394.15	0	1	0	0	0
1393.15	0	1	0	0	0
1392.15	0	1	0	0	0
1391.15	0	1	0	0	0
1390.15	0	1	0	0	0
1389.15	0	1	0	0	0
1388.15	0	1	0	0	0
1387.15	0	1	0	0	0
1386.15	0	1	0	0	0
1385.15	0	1	0	0	0
1384.15	0	1	0	0	0
1383.15	0	1	0	0	0
1382.15	0	1	0	0	0
1381.15	0	1	0	0	0
1380.15	0	1	0	0	0
1379.15	0	1	0	0	0
1378.15	0	1	0	0	0
1377.15	0	1	0	0	0
1376.15	0	1	0	0	0
1375.15	0	1	0	0	0
1374.15	0	1	0	0	0
1373.15	0	1	0	0	0
1372.15	0	1	0	0	0
1371.15	0	1	0	0	0
1370.15	0	1	0	0	0
1369.15	0	1	0	0	0
1368.15	0	1	0	0	0
1367.15	0	1	0	0	0
1366.91	0	1	0	0	0
1366.91	0	1	0	0	0
1366.91	0	1	0	0	0
1366.15	0	.9995002	0	4.99809E-04	0
1365.15	0	.9988442	0	.00115575	0
1364.15	0	.9981899	0	.001810136	0
1363.15	0	.997537	0	.002462972	0
1362.15	0	.9968857	0	.003114263	0
1361.15	0	.996236	0	.003764014	0
1360.15	0	.9955878	0	.00441223	0
1359.15	0	.9949411	0	.005058915	0
1358.15	0	.9942959	0	.005704073	0
1357.15	0	.9936523	0	.006347711	0
1356.15	0	.9930102	0	.006989832	0
1355.15	0	.9923696	0	.007630441	0
1354.15	0	.9917305	0	.008269543	0
1353.15	0	.9910929	0	.008907142	0
1352.15	0	.9904568	0	.009543243	0
1351.15	0	.9898222	0	.01017785	0
1350.15	0	.989189	0	.01081097	0
1349.15	0	.9885574	0	.0114426	0
1348.15	0	.9879272	0	.01207276	0
1347.15	0	.9872986	0	.01270144	0
1346.15	0	.9866713	0	.01332865	0
1345.15	0	.9860456	0	.01395439	0
1344.15	0	.9854213	0	.01457867	0
1343.15	0	.9847985	0	.01520149	0
1342.15	0	.9841771	0	.01582286	0
1341.15	0	.9835572	0	.01644278	0
1340.15	0	.9829387	0	.01706126	0
1339.15	0	.9823217	0	.01767829	0
1338.15	0	.9817061	0	.01829389	0
1337.15	0	.9810919	0	.01890806	0
1336.15	0	.9804792	0	.0195208	0
1335.15	0	.9798679	0	.02013212	0
1334.15	0	.979258	0	.02074202	0
1333.15	0	.9786495	0	.02135051	0
1332.15	0	.9780424	0	.02195758	0
1331.15	0	.9774368	0	.02256325	0
1330.15	0	.9768325	0	.02316752	0
1329.15	0	.9762296	0	.02377038	0
1328.15	0	.9756281	0	.02437186	0
1327.15	0	.9750281	0	.02497195	0
1326.15	0	.9744293	0	.02557065	0
1325.15	0	.973832	0	.02616797	0
1324.15	0	.9732361	0	.02676391	0
1323.15	0	.9726415	0	.02735848	0
1322.15	0	.9720483	0	.02795168	0
1321.15	0	.9714565	0	.02854351	0
1320.15	0	.970866	0	.02913398	0
1319.15	0	.9702769	0	.0297231	0
1318.15	0	.9696891	0	.03031086	0
1317.15	0	.9691027	0	.03089727	0
1316.15	0	.9685177	0	.03148234	0
1315.15	0	.9679339	0	.03206606	0
1314.15	0	.9673516	0	.03264845	0
1313.15	0	.9667705	0	.0332295	0
1312.15	0	.9661908	0	.03380923	0
1311.15	0	.9656124	0	.03438762	0
1310.15	0	.9650353	0	.0349647	0
1309.15	0	.9644595	0	.03554045	0
1308.15	0	.9638851	0	.03611489	0
1307.15	0	.963312	0	.03668802	0
1306.15	0	.9627402	0	.03725984	0
1305.15	0	.9621696	0	.03783036	0
1304.15	0	.9616004	0	.03839958	0
1303.15	0	.9610325	0	.0389675	0
1302.15	0	.9604659	0	.03953413	0
1301.15	0	.9599005	0	.04009947	0
1300.15	0	.9593365	0	.04066352	0
1299.15	0	.9587737	0	.0412263	0
1298.15	0	.9582122	0	.04178779	0
1297.15	0	.957652	0	.04234801	0
1296.15	0	.957093	0	.04290696	0
1295.15	0	.9565354	0	.04346464	0
1294.15	0	.9559789	0	.04402106	0
1293.15	0	.9554238	0	.04457622	0
1292.15	0	.9548699	0	.04513012	0
1291.15	0	.9543172	0	.04568276	0
1290.15	0	.9537658	0	.04623416	0
1289.15	0	.9532157	0	.04678431	0
1288.15	0	.9526668	0	.04733322	0
1287.15	0	.9521191	0	.04788088	0
1286.15	0	.9515727	0	.04842732	0
1285.15	0	.9510275	0	.04897251	0
1284.15	0	.9504835	0	.04951648	0
1283.15	0	.9499408	0	.05005923	0
1282.15	0	.9493992	0	.05060075	0
1281.15	0	.9488589	0	.05114105	0
1280.15	0	.9483199	0	.05168013	0
1279.15	0	.947782	0	.05221801	0
1278.15	0	.9472453	0	.05275467	0
1277.15	0	.9467099	0	.05329013	0
1276.15	0	.9461756	0	.05382438	0
1275.15	0	.9456426	0	.05435744	0
1274.15	0	.9451107	0	.05488929	0
1273.15	0	.94458	0	.05541996	0
1272.15	0	.9440506	0	.05594943	0
1271.15	0	.9435223	0	.05647772	0
1270.15	0	.9429952	0	.05700483	0
1269.15	0	.9424693	0	.05753075	0
1268.15	0	.9419445	0	.0580555	0
1267.15	0	.9414209	0	.05857907	0
1266.15	0	.9408985	0	.05910147	0
1265.15	0	.9403773	0	.05962271	0
1264.15	0	.9398572	0	.06014278	0
1263.15	0	.9393383	0	.06066169	0
1262.15	0	.9388206	0	.06117944	0
1261.15	0	.938304	0	.06169603	0
1260.15	0	.9377885	0	.06221147	0
1259.15	0	.9372742	0	.06272576	0
1258.15	0	.9367611	0	.06323891	0
1257.15	0	.9362491	0	.06375091	0
1256.15	0	.9357382	0	.06426177	0
1255.15	0	.9352285	0	.06477149	0
1254.15	0	.9347199	0	.06528008	0
1253.15	0	.9342125	0	.06578754	0
1252.15	0	.9337061	0	.06629387	0
1251.15	0	.9332009	0	.06679907	0
1250.15	0	.9326969	0	.06730315	0
1249.15	0	.9321939	0	.06780611	0
1248.15	0	.931692	0	.06830796	0
1247.15	0	.9311913	0	.06880869	0
1246.15	0	.9306917	0	.0693083	0
1245.15	0	.9301932	0	.06980681	0
1244.15	0	.9296958	0	.07030422	0
1243.15	0	.9291995	0	.07080052	0
1242.15	0	.9287043	0	.07129572	0
1241.15	0	.9282102	0	.07178982	0
1240.15	0	.9277172	0	.07228283	0
1239.15	0	.9272253	0	.07277475	0
1238.15	0	.9267344	0	.07326558	0
1237.15	0	.9262447	0	.07375532	0
1236.15	0	.925756	0	.07424398	0
1235.15	0	.9252684	0	.07473156	0
1234.15	0	.9247819	0	.07521806	0
1233.15	0	.9242965	0	.07570348	0
1232.15	0	.9238122	0	.07618784	0
1231.15	0	.9233289	0	.07667112	0
1230.15	0	.9228467	0	.07715333	0
1229.15	0	.9223655	0	.07763449	0
1228.15	0	.9218854	0	.07811457	0
1227.15	0	.9214064	0	.0785936	0
1226.15	0	.9209284	0	.07907158	0
1225.15	0	.9204515	0	.07954849	0
1224.15	0	.9199756	0	.08002436	0
1223.15	0	.9195008	0	.08049918	0
1222.15	0	.9190271	0	.08097295	0
1221.15	0	.9185543	0	.08144568	0
1220.15	0	.9180826	0	.08191737	0
1219.15	0	.917612	0	.08238801	0
1218.15	0	.9171424	0	.08285763	0
1217.15	0	.9166738	0	.08332621	0
1216.15	0	.9162062	0	.08379375	0
1215.15	0	.9157397	0	.08426027	0
1214.15	0	.9152742	0	.08472576	0
1213.15	0	.9148098	0	.08519023	0
1212.15	0	.9143463	0	.08565368	0
1211.15	0	.9138839	0	.08611611	0
1210.15	0	.9134225	0	.08657752	0
1209.15	0	.9129621	0	.08703792	0
1208.15	0	.9125027	0	.0874973	0
1207.15	0	.9120443	0	.08795568	0
1206.15	0	.911587	0	.08841305	0
1205.15	0	.9111306	0	.08886942	0
1204.15	0	.9106752	0	.08932478	0
1203.15	0	.9102209	0	.08977914	0
1202.15	0	.9097675	0	.09023251	0
1201.15	0	.9093151	0	.09068488	0
1200.15	0	.9088637	0	.09113626	0
1199.15	0	.9084134	0	.09158665	0
1198.15	0	.907964	0	.09203605	0
1197.15	0	.9075155	0	.09248447	0
1196.15	0	.9070681	0	.0929319	0
1195.15	0	.9066216	0	.09337835	0
1194.15	0	.9061762	0	.09382382	0
1193.15	0	.9057317	0	.09426832	0
1192.15	0	.9052882	0	.09471184	0
1191.15	0	.9048456	0	.09515439	0
1190.15	0	.904404	0	.09559597	0
1189.15	0	.9039634	0	.09603658	0
1188.15	0	.9035238	0	.09647623	0
1187.15	0	.9030851	0	.09691491	0
1186.15	0	.9026474	0	.09735263	0
1185.15	0	.9022106	0	.09778939	0
1184.15	0	.9017748	0	.0982252	0
1183.15	0	.90134	0	.09866005	0
1182.15	0	.9009061	0	.09909395	0
1181.15	0	.9004731	0	.0995269	0
1180.15	0	.9000411	0	.0999589	0
1179.15	0	.8996101	0	.10039	0
1178.15	0	.8991799	0	.1008201	0
1177.15	0	.8987508	0	.1012492	0
1176.15	0	.8983225	0	.1016775	0
1175.15	0	.8978952	0	.1021048	0
1174.15	0	.8974689	0	.1025311	0
1173.15	0	.8970435	0	.1029565	0
1172.15	0	.896619	0	.103381	0
1171.15	0	.8961954	0	.1038046	0
1170.15	0	.8957728	0	.1042272	0
1169.15	0	.8953511	0	.1046489	0
1168.15	0	.8949303	0	.1050697	0
1167.15	0	.8945104	0	.1054896	0
1166.15	0	.8940915	0	.1059085	0
1165.15	0	.8936734	0	.1063266	0
1164.15	0	.8932563	0	.1067437	0
1163.15	0	.8928401	0	.1071599	0
1162.15	0	.8924248	0	.1075752	0
1161.15	0	.8920105	0	.1079895	0
1160.15	0	.891597	0	.108403	0
1159.15	0	.8911844	0	.1088156	0
1158.15	0	.8907728	0	.1092272	0
1157.15	0	.890362	0	.109638	0
1156.15	0	.8899521	0	.1100479	0
1155.15	0	.8895432	0	.1104568	0
1154.15	0	.8891351	0	.1108649	0
1153.15	0	.8887279	0	.1112721	0
1152.15	0	.8883216	0	.1116784	0
1151.15	0	.8879162	0	.1120838	0
1150.15	0	.8875117	0	.1124883	0
1149.15	0	.8871081	0	.1128919	0
1148.15	0	.8867054	0	.1132946	0
1147.15	0	.8863035	0	.1136965	0
1146.15	0	.8859026	0	.1140974	0
1145.15	0	.8855025	0	.1144975	0
1144.15	0	.8851033	0	.1148967	0
1143.15	0	.8847049	0	.1152951	0
1142.15	0	.8843075	0	.1156925	0
1141.15	0	.8839109	0	.1160891	0
1140.15	0	.8835152	0	.1164849	0
1139.15	0	.8831203	0	.1168797	0
1138.15	0	.8827263	0	.1172737	0
1137.15	0	.8823332	0	.1176668	0
1136.15	0	.8819409	0	.1180591	0
1135.15	0	.8815495	0	.1184505	0
1134.15	0	.881159	0	.118841	0
1133.15	0	.8807693	0	.1192307	0
1132.15	0	.8803805	0	.1196195	0
1131.15	0	.8799925	0	.1200075	0
1130.15	0	.8796054	0	.1203946	0
1129.15	0	.8792191	0	.1207809	0
1128.15	0	.8788337	0	.1211663	0
1127.15	0	.8784492	0	.1215508	0
1126.15	0	.8780654	0	.1219346	0
1125.15	0	.8776825	0	.1223175	0
1124.15	0	.8773005	0	.1226995	0
1123.15	0	.8769193	0	.1230807	0
1122.15	0	.876539	0	.1234611	0
1121.15	0	.8761594	0	.1238406	0
1120.15	0	.8757807	0	.1242193	0
1119.15	0	.8754029	0	.1245971	0
1118.15	0	.8750259	0	.1249741	0
1117.15	0	.8746497	0	.1253503	0
1116.15	0	.8742743	0	.1257257	0
1115.15	0	.8738998	0	.1261002	0
1114.15	0	.8735261	0	.1264739	0
1113.15	0	.8731532	0	.1268468	0
1112.15	0	.8727812	0	.1272188	0
1111.15	0	.8724099	0	.1275901	0
1110.15	0	.8720395	0	.1279605	0
1109.15	0	.8716699	0	.1283301	0
1108.15	0	.8713011	0	.1286989	0
1107.15	0	.8709332	0	.1290668	0
1106.15	0	.870566	0	.129434	0
1105.15	0	.8701997	0	.1298003	0
1104.15	0	.8698341	0	.1301659	0
1103.15	0	.8694694	0	.1305306	0
1102.15	0	.8691055	0	.1308945	0
1101.15	0	.8687424	0	.1312576	0
1100.15	0	.8683801	0	.1316199	0
1099.15	0	.8680186	0	.1319814	0
1098.15	0	.8676579	0	.1323421	0
1097.15	0	.867298	0	.132702	0
1096.15	0	.8669389	0	.1330611	0
1095.15	0	.8665806	0	.1334194	0
1094.15	0	.8662231	0	.1337769	0
1093.15	0	.8658664	0	.1341336	0
1092.15	0	.8655105	0	.1344895	0
1091.15	0	.8651553	0	.1348447	0
1090.15	0	.864801	0	.135199	0
1089.15	0	.8644474	0	.1355526	0
1088.15	0	.8640947	0	.1359053	0
1087.15	0	.8637427	0	.1362573	0
1086.15	0	.8633915	0	.1366085	0
1085.15	0	.8630411	0	.1369589	0
1084.15	0	.8626915	0	.1373085	0
1083.15	0	.8623426	0	.1376574	0
1082.15	0	.8619946	0	.1380055	0
1081.15	0	.8616473	0	.1383527	0
1080.15	0	.8613007	0	.1386993	0
1079.15	0	.860955	0	.139045	0
1078.15	0	.86061	0	.13939	0
1077.15	0	.8602658	0	.1397342	0
1076.15	0	.8599224	0	.1400776	0
1075.15	0	.8595797	0	.1404202	0
1074.15	0	.8592379	0	.1407621	0
1073.15	0	.8588967	0	.1411033	0
1072.15	0	.8585564	0	.1414436	0
1071.15	0	.8582168	0	.1417832	0
1070.15	0	.857878	0	.142122	0
1069.15	0	.8575399	0	.1424601	0
1068.15	0	.8572026	0	.1427974	0
1067.15	0	.856866	0	.143134	0
1066.15	0	.8565302	0	.1434698	0
1065.15	0	.8561952	0	.1438048	0
1064.15	0	.8558609	0	.1441391	0
1063.15	0	.8555274	0	.1444726	0
1062.15	0	.8551946	0	.1448054	0
1061.15	0	.8548626	0	.1451374	0
1060.15	0	.8545313	0	.1454687	0
1059.15	0	.8542008	0	.1457992	0
1058.15	0	.853871	0	.146129	0
1057.15	0	.8535419	0	.1464581	0
1056.15	0	.8532137	0	.1467863	0
1055.15	0	.8528861	0	.1471139	0
1054.15	0	.8525593	0	.1474407	0
1053.15	0	.8522332	0	.1477668	0
1052.15	0	.8519079	0	.1480921	0
1051.15	0	.8515833	0	.1484167	0
1050.15	0	.8512595	0	.1487405	0
1049.15	0	.8509364	0	.1490636	0
1048.15	0	.850614	0	.149386	0
1047.15	0	.8502924	0	.1497076	0
1046.15	0	.8499715	0	.1500285	0
1045.15	0	.8496513	0	.1503487	0
1044.15	0	.8493319	0	.1506682	0
1043.15	0	.8490131	0	.1509869	0
1042.15	0	.8486952	0	.1513049	0
1041.15	0	.8483779	0	.1516221	0
1040.15	0	.8480614	0	.1519387	0
1039.15	0	.8477455	0	.1522545	0
1038.15	0	.8474305	0	.1525695	0
1037.15	0	.8471161	0	.1528839	0
1036.15	0	.8468025	0	.1531976	0
1035.15	0	.8464895	0	.1535105	0
1034.15	0	.8461773	0	.1538227	0
1033.15	0	.8458659	0	.1541342	0
1032.15	0	.8455551	0	.1544449	0
1031.15	0	.845245	0	.154755	0
1030.15	0	.8449357	0	.1550643	0
1029.15	0	.8446271	0	.1553729	0
1028.15	0	.8443192	0	.1556808	0
1027.15	0	.844012	0	.155988	0
1026.15	0	.8437055	0	.1562945	0
1025.15	0	.8433997	0	.1566003	0
1024.15	0	.8430946	0	.1569054	0
1023.15	0	.8427903	0	.1572097	0
1022.15	0	.8424866	0	.1575134	0
1021.15	0	.8421837	0	.1578163	0
1020.15	0	.8418814	0	.1581186	0
1019.15	0	.8415799	0	.1584201	0
1018.15	0	.841279	0	.158721	0
1017.15	0	.8409789	0	.1590211	0
1016.15	0	.8406794	0	.1593206	0
1015.15	0	.8403807	0	.1596193	0
1014.15	0	.8400827	0	.1599173	0
1013.15	0	.8397853	0	.1602147	0
1012.15	0	.8394887	0	.1605113	0
1011.15	0	.8391927	0	.1608073	0
1010.15	0	.8388974	0	.1611026	0
1009.15	0	.8386029	0	.1613971	0
1008.15	0	.838309	0	.161691	0
1007.15	0	.8380158	0	.1619842	0
1006.15	0	.8377233	0	.1622767	0
1005.15	0	.8374315	0	.1625685	0
1004.15	0	.8371404	0	.1628596	0
1003.15	0	.8368499	0	.1631501	0
1002.15	0	.8365602	0	.1634398	0
1001.15	0	.8362711	0	.1637289	0
1000.15	0	.8359827	0	.1640173	0
999.15	0	.8356951	0	.1643049	0
998.15	0	.835408	0	.164592	0
997.15	0	.8351217	0	.1648783	0
996.15	0	.8348361	0	.1651639	0
995.15	0	.8345511	0	.1654489	0
994.15	0	.8342668	0	.1657332	0
993.15	0	.8339832	0	.1660168	0
992.15	0	.8337002	0	.1662998	0
991.15	0	.833418	0	.166582	0
990.15	0	.8331364	0	.1668636	0
989.15	0	.8328554	0	.1671446	0
988.15	0	.8325752	0	.1674248	0
987.15	0	.8322956	0	.1677044	0
986.15	0	.8320167	0	.1679833	0
985.15	0	.8317385	0	.1682615	0
984.15	0	.8314609	0	.1685391	0
983.15	0	.831184	0	.168816	0
982.15	0	.8309078	0	.1690922	0
981.15	0	.8306322	0	.1693678	0
980.15	0	.8303573	0	.1696427	0
979.15	0	.8300831	0	.1699169	0
978.15	0	.8298095	0	.1701905	0
977.15	0	.8295366	0	.1704634	0
976.15	0	.8292644	0	.1707356	0
975.15	0	.8289928	0	.1710072	0
974.15	0	.8287219	0	.1712781	0
973.15	0	.8284516	0	.1715484	0
972.15	0	.828182	0	.171818	0
971.15	0	.8279131	0	.172087	0
970.15	0	.8276448	0	.1723553	0
969.15	0	.8273771	0	.1726229	0
968.15	0	.8271101	0	.1728899	0
967.15	0	.8268438	0	.1731562	0
966.15	0	.8265781	0	.1734219	0
965.15	0	.8263131	0	.1736869	0
964.15	0	.8260487	0	.1739513	0
963.15	0	.825785	0	.174215	0
962.15	0	.8255219	0	.1744781	0
961.15	0	.8252595	0	.1747405	0
960.15	0	.8249977	0	.1750023	0
959.15	0	.8247366	0	.1752634	0
958.15	0	.8244761	0	.1755239	0
957.15	0	.8242162	0	.1757838	0
956.15	0	.823957	0	.176043	0
955.6174	0	.8238192	0	.1761808	0
955.6174	0	.8238192	0	.1761808	0
955.6174	0	.8238192	0	.1761808	0
955.15	0	.8233731	3.474799E-04	.1762794	0
954.15	0	.8224206	.001089564	.1764899	0
953.15	0	.8214708	.001829818	.1766994	0
952.15	0	.8205238	.002568252	.176908	0
951.15	0	.8195795	.003304878	.1771156	0
950.15	0	.8186379	.004039709	.1773223	0
949.15	0	.8176991	.004772755	.1775281	0
948.15	0	.816763	.00550403	.1777329	0
947.15	0	.8158297	.006233546	.1779368	0
946.15	0	.814899	.006961318	.1781397	0
945.15	0	.813971	.007687358	.1783417	0
944.15	0	.8130456	.008411682	.1785427	0
943.15	0	.812123	.009134303	.1787427	0
942.15	0	.811203	.009855238	.1789418	0
941.15	0	.8102857	.0105745	.1791398	0
940.15	0	.809371	.01129211	.1793369	0
939.15	0	.8084589	.01200808	.179533	0
938.15	0	.8075495	.01272243	.1797281	0
937.15	0	.8066426	.01343518	.1799222	0
936.15	0	.8057384	.01414634	.1801153	0
935.15	0	.8048367	.01485594	.1803073	0
934.15	0	.8039376	.015564	.1804984	0
933.15	0	.8030411	.01627053	.1806884	0
932.15	0	.802147	.01697555	.1808774	0
931.15	0	.8012555	.01767909	.1810654	0
930.15	0	.8003665	.01838118	.1812523	0
929.15	0	.79948	.01908183	.1814381	0
928.15	0	.798596	.01978106	.1816229	0
927.15	0	.7977144	.02047891	.1818067	0
926.15	0	.7968353	.02117539	.1819893	0
925.15	0	.7959586	.02187054	.1821709	0
924.15	0	.7950842	.02256439	.1823514	0
923.15	0	.7942123	.02325695	.1825308	0
922.15	0	.7933427	.02394826	.1827091	0
921.15	0	.7924754	.02463836	.1828862	0
920.15	0	.7916105	.02532726	.1830623	0
919.15	0	.7907478	.02601501	.1832372	0
918.15	0	.7898874	.02670163	.1834109	0
917.15	0	.7890293	.02738717	.1835836	0
916.15	0	.7881733	.02807165	.183755	0
915.15	0	.7873196	.02875511	.1839253	0
914.15	0	.786468	.0294376	.1840944	0
913.15	0	.7856185	.03011914	.1842623	0
912.15	0	.7847712	.03079979	.1844291	0
911.15	0	.7839259	.03147958	.1845946	0
910.15	0	.7830826	.03215856	.1847589	0
909.15	0	.7822413	.03283677	.1849219	0
908.15	0	.781402	.03351426	.1850837	0
907.15	0	.7805647	.03419107	.1852443	0
906.15	0	.7797292	.03486726	.1854036	0
905.15	0	.7788956	.03554288	.1855616	0
904.15	0	.7780638	.03621798	.1857183	0
903.15	0	.7772337	.03689261	.1858737	0
902.15	0	.7764054	.03756683	.1860278	0
901.15	0	.7755788	.03824071	.1861805	0
900.15	0	.7747538	.0389143	.1863319	0
899.15	0	.7739304	.03958766	.1864819	0
898.15	0	.7731086	.04026087	.1866306	0
897.15	0	.7722882	.04093398	.1867778	0
896.15	0	.7714693	.04160707	.1869237	0
895.15	0	.7706517	.04228022	.1870681	0
894.15	0	.7698354	.04295349	.1872111	0
893.15	0	.7690205	.04362696	.1873526	0
892.15	0	.7682067	.04430072	.1874926	0
891.15	0	.767394	.04497484	.1876311	0
890.15	0	.7665824	.04564943	.1877681	0
889.15	0	.7657718	.04632455	.1879036	0
888.15	0	.7649621	.04700032	.1880375	0
887.15	0	.7641533	.04767682	.1881699	0
886.15	0	.7633452	.04835415	.1883006	0
885.15	0	.7625378	.04903243	.1884298	0
884.15	0	.761731	.04971175	.1885572	0
883.15	0	.7609247	.05039223	.188683	0
882.15	0	.7601189	.05107399	.1888072	0
881.15	0	.7593133	.05175715	.1889295	0
880.15	0	.758508	.05244183	.1890502	0
879.15	0	.7577027	.05312817	.1891691	0
878.15	0	.7568975	.05381629	.1892862	0
877.15	0	.7560922	.05450635	.1894014	0
876.15	0	.7552867	.05519849	.1895148	0
875.15	0	.7544808	.05589287	.1896263	0
874.15	0	.7536744	.05658964	.1897359	0
873.15	0	.7528675	.05728897	.1898436	0
872.15	0	.7520597	.05799104	.1899492	0
871.15	0	.7512511	.05869602	.1900529	0
870.15	0	.7504415	.05940411	.1901544	0
869.15	0	.7496306	.06011551	.1902539	0
868.15	0	.7488184	.06083042	.1903512	0
867.15	0	.7480046	.06154906	.1904463	0
866.15	0	.7471891	.06227165	.1905393	0
865.15	0	.7463717	.06299844	.1906299	0
864.15	0	.7455521	.06372967	.1907182	0
863.15	0	.7447303	.06446561	.1908041	0
862.15	0	.7439058	.06520652	.1908877	0
861.15	0	.7430786	.0659527	.1909687	0
860.15	0	.7422483	.06670445	.1910472	0
859.15	0	.7414148	.06746208	.1911231	0
858.15	0	.7405777	.06822593	.1911964	0
857.15	0	.7397368	.06899636	.1912669	0
856.15	0	.7388917	.06977374	.1913346	0
855.15	0	.7380421	.07055846	.1913994	0
854.15	0	.7371877	.07135093	.1914613	0
853.15	0	.7363282	.07215161	.1915202	0
852.15	0	.7354631	.07296095	.1915759	0
851.15	0	.7345921	.07377946	.1916285	0
850.15	0	.7337147	.07460766	.1916777	0
849.15	0	.7328304	.07544612	.1917235	0
848.15	0	.7319388	.07629542	.1917658	0
847.15	0	.7310394	.07715622	.1918044	0
846.15	0	.7301316	.0780292	.1918392	0
845.15	0	.728928	.07923031	.1918417	0
844.15	0	.7275231	.08065746	.1918194	0
843.15	0	.7261665	.08203688	.1917967	0
842.15	0	.7248557	.08337069	.1917736	0
841.15	0	.7235889	.08466091	.1917502	0
840.15	0	.722364	.08590949	.1917266	0
839.15	0	.7211791	.08711823	.1917027	0
838.15	0	.7200325	.0882889	.1916786	0
837.15	0	.7189226	.08942313	.1916542	0
836.15	0	.7178477	.09052252	.1916298	0
835.15	0	.7168063	.09158854	.1916051	0
834.15	0	.715797	.09262263	.1915803	0
833.15	0	.7148185	.09362613	.1915554	0
832.15	0	.7138693	.09460034	.1915304	0
831.15	0	.7129483	.09554648	.1915052	0
830.15	0	.7120544	.0964657	.1914799	0
829.15	0	.7111863	.09735913	.1914545	0
828.15	0	.7103431	.09822781	.1914291	0
827.15	0	.7095238	.09907276	.1914035	0
826.15	0	.7087273	.09989492	.1913778	0
825.15	0	.7079528	.1006952	.191352	0
824.15	0	.7071993	.1014745	.1913262	0
823.15	0	.7064661	.1022337	.1913002	0
822.15	0	.7057524	.1029734	.1912742	0
821.15	0	.7050574	.1036945	.1912481	0
820.15	0	.7043804	.1043978	.1912218	0
819.15	0	.7037207	.1050838	.1911955	0
818.15	0	.7030776	.1057532	.1911691	0
817.15	0	.7024506	.1064068	.1911426	0
816.15	0	.701839	.107045	.191116	0
815.15	0	.7012422	.1076684	.1910893	0
814.15	0	.7006598	.1082777	.1910626	0
813.15	0	.7000911	.1088732	.1910357	0
812.15	0	.6995357	.1094556	.1910087	0
811.15	0	.6989931	.1100252	.1909817	0
810.15	0	.6984629	.1105826	.1909545	0
809.15	0	.6979445	.1111282	.1909272	0
808.15	0	.6974377	.1116625	.1908999	0
807.15	0	.6969419	.1121857	.1908724	0
806.15	0	.6964568	.1126984	.1908449	0
805.15	0	.695982	.1132008	.1908172	0
804.15	0	.6955172	.1136933	.1907894	0
803.15	0	.6950621	.1141763	.1907615	0
802.15	0	.6946163	.1146502	.1907336	0
801.15	0	.6941794	.1151151	.1907055	0
800.15	0	.6937513	.1155714	.1906773	0
799.15	0	.6933316	.1160195	.190649	0
798.15	0	.69292	.1164595	.1906206	0
797.15	0	.6925162	.1168917	.1905921	0
796.15	0	.6921201	.1173164	.1905634	0
795.15	0	.6917314	.1177339	.1905347	0
794.15	0	.6913498	.1181444	.1905059	0
793.15	0	.6909751	.118548	.1904769	0
792.15	0	.6906071	.1189451	.1904478	0
791.15	0	.6902456	.1193358	.1904187	0
790.15	0	.6898903	.1197203	.1903894	0
789.15	0	.6895412	.1200989	.19036	0
788.15	0	.6891979	.1204716	.1903305	0
787.15	0	.6888604	.1208387	.1903008	0
786.15	0	.6885285	.1212005	.1902711	0
785.15	0	.6882019	.1215569	.1902412	0
784.15	0	.6878805	.1219082	.1902113	0
783.15	0	.6875643	.1222545	.1901812	0
782.15	0	.6872529	.1225961	.190151	0
781.15	0	.6869463	.1229329	.1901207	0
780.15	0	.6866444	.1232653	.1900903	0
779.15	0	.686347	.1235932	.1900598	0
778.15	0	.686054	.1239168	.1900292	0
777.15	0	.6857653	.1242363	.1899984	0
776.15	0	.6854806	.1245518	.1899676	0
775.15	0	.6852001	.1248633	.1899366	0
774.15	0	.6849234	.1251711	.1899055	0
773.15	0	.6846505	.1254751	.1898743	0
772.15	0	.6843814	.1257756	.189843	0
771.15	0	.6841159	.1260725	.1898116	0
770.15	0	.6838538	.1263661	.1897801	0
769.15	0	.6835952	.1266563	.1897485	0
768.15	0	.68334	.1269433	.1897167	0
767.15	0	.683088	.1272272	.1896849	0
766.15	0	.6828391	.127508	.1896529	0
765.15	0	.6825933	.1277858	.1896209	0
764.15	0	.6823505	.1280608	.1895887	0
763.15	0	.6821107	.1283329	.1895564	0
762.15	0	.6818737	.1286023	.189524	0
761.15	0	.6816395	.128869	.1894916	0
760.15	0	.681408	.1291331	.189459	0
759.15	0	.6811791	.1293946	.1894263	0
758.15	0	.6809529	.1296537	.1893935	0
757.15	0	.6807291	.1299103	.1893606	0
756.15	0	.6805078	.1301646	.1893276	0
755.15	0	.680289	.1304166	.1892944	0
754.15	0	.6800724	.1306663	.1892612	0
753.15	0	.6798582	.1309139	.1892279	0
752.15	0	.6796462	.1311593	.1891945	0
751.15	0	.6794364	.1314026	.189161	0
750.15	0	.6792287	.1316439	.1891274	0
749.15	0	.6790232	.1318832	.1890937	0
748.15	0	.6788196	.1321205	.1890599	0
747.15	0	.6786195	.1323549	.1890256	0
746.15	0	.6784198	.1325886	.1889916	0
745.15	0	.678222	.1328204	.1889575	0
744.15	0	.6780262	.1330505	.1889234	0
743.15	0	.6778321	.1332788	.1888891	0
742.15	0	.6776399	.1335054	.1888547	0
741.15	0	.6774494	.1337303	.1888203	0
740.15	0	.6772607	.1339536	.1887857	0
739.15	0	.6770736	.1341753	.1887511	0
738.15	0	.6768882	.1343954	.1887163	0
737.15	0	.6767045	.134614	.1886815	0
736.15	0	.6765223	.1348311	.1886466	0
735.15	0	.6763417	.1350468	.1886116	0
734.15	0	.6761626	.135261	.1885765	0
733.15	0	.6759849	.1354738	.1885413	0
732.15	0	.6758088	.1356852	.188506	0
731.15	0	.6756341	.1358952	.1884707	0
730.15	0	.6754608	.136104	.1884352	0
729.15	0	.6752889	.1363114	.1883997	0
728.15	0	.6751184	.1365175	.1883641	0
727.15	0	.6749492	.1367225	.1883284	0
726.15	0	.6747813	.1369261	.1882926	0
725.15	0	.6746146	.1371286	.1882568	0
724.15	0	.6744493	.1373299	.1882208	0
723.15	0	.6742852	.13753	.1881848	0
722.15	0	.6741223	.137729	.1881487	0
721.15	0	.6739605	.1379269	.1881125	0
720.15	0	.6738	.1381237	.1880763	0
719.15	0	.6736406	.1383194	.1880399	0
718.15	0	.6734824	.1385141	.1880035	0
717.15	0	.6733253	.1387077	.1879671	0
716.15	0	.6731692	.1389003	.1879305	0
715.15	0	.6730143	.1390919	.1878939	0
714.15	0	.6728604	.1392825	.1878572	0
713.15	0	.6727075	.1394721	.1878204	0
712.15	0	.6725557	.1396608	.1877836	0
711.15	0	.6724049	.1398485	.1877467	0
710.15	0	.672255	.1400353	.1877097	0
709.15	0	.6721062	.1402212	.1876726	0
708.15	0	.6719583	.1404062	.1876355	0
707.15	0	.6718113	.1405903	.1875984	0
706.15	0	.6716653	.1407736	.1875611	0
705.15	0	.6715202	.140956	.1875238	0
704.15	0	.671376	.1411375	.1874864	0
703.15	0	.6712327	.1413183	.187449	0
702.15	0	.6710903	.1414982	.1874115	0
701.15	0	.6709487	.1416773	.187374	0
700.15	0	.670808	.1418556	.1873363	0
699.15	0	.6706682	.1420332	.1872987	0
698.15	0	.6705291	.1422099	.1872609	0
697.15	0	.6703909	.142386	.1872231	0
696.15	0	.6702535	.1425612	.1871853	0
695.15	0	.6701169	.1427358	.1871474	0
694.15	0	.669981	.1429096	.1871094	0
693.15	0	.6698459	.1430826	.1870714	0
692.15	0	.6697116	.143255	.1870334	0
691.15	0	.6695781	.1434267	.1869953	0
690.15	0	.6694452	.1435977	.1869571	0
689.15	0	.6693132	.143768	.1869189	0
688.15	0	.6691818	.1439376	.1868806	0
687.15	0	.6690512	.1441066	.1868423	0
686.15	0	.6689212	.1442749	.1868039	0
685.15	0	.668792	.1444425	.1867655	0
684.15	0	.6686634	.1446096	.1867271	0
683.15	0	.6685355	.1447759	.1866886	0
682.15	0	.6684083	.1449417	.18665	0
681.15	0	.6682817	.1451068	.1866114	0
680.15	0	.6681558	.1452714	.1865728	0
679.15	0	.6680306	.1454353	.1865341	0
678.15	0	.667906	.1455986	.1864954	0
677.15	0	.667782	.1457614	.1864567	0
676.15	0	.6676586	.1459235	.1864178	0
675.15	0	.6675359	.1460851	.186379	0
674.15	0	.6674138	.1462461	.1863402	0
673.15	0	.6672922	.1464065	.1863012	0
672.15	0	.6671713	.1465664	.1862623	0
671.15	0	.667051	.1467257	.1862233	0
670.15	0	.6669312	.1468845	.1861843	0
669.15	0	.666812	.1470427	.1861453	0
668.15	0	.6666934	.1472004	.1861062	0
667.15	0	.6665754	.1473576	.1860671	0
666.15	0	.6664579	.1475142	.1860279	0
665.15	0	.666341	.1476703	.1859888	0
664.15	0	.6662246	.1478259	.1859496	0
663.15	0	.6661087	.1479809	.1859103	0
662.15	0	.6659934	.1481355	.1858711	0
661.15	0	.6658787	.1482895	.1858318	0
660.15	0	.6657644	.1484431	.1857925	0
659.15	0	.6656507	.1485961	.1857532	0
658.15	0	.6655375	.1487487	.1857138	0
657.15	0	.6654248	.1489008	.1856744	0
656.15	0	.6653127	.1490523	.185635	0
655.15	0	.665201	.1492034	.1855956	0
654.15	0	.6650898	.1493541	.1855561	0
653.15	0	.6649791	.1495042	.1855167	0
652.15	0	.6648689	.1496539	.1854772	0
651.15	0	.6647592	.1498031	.1854377	0
650.15	0	.66465	.1499519	.1853982	0
649.15	0	.6645412	.1501002	.1853586	0
648.15	0	.6644329	.150248	.1853191	0
647.15	0	.6643251	.1503954	.1852795	0
646.15	0	.6642178	.1505423	.1852399	0
645.15	0	.6641109	.1506888	.1852003	0
644.15	0	.6640045	.1508348	.1851607	0
643.15	0	.6638985	.1509804	.1851211	0
642.15	0	.663793	.1511256	.1850815	0
641.15	0	.6636879	.1512703	.1850418	0
640.15	0	.6635832	.1514146	.1850022	0
639.15	0	.663479	.1515584	.1849625	0
638.15	0	.6633753	.1517019	.1849229	0
637.15	0	.663272	.1518449	.1848832	0
636.15	0	.6631691	.1519874	.1848435	0
635.15	0	.6630666	.1521296	.1848038	0
634.15	0	.6629645	.1522713	.1847641	0
633.15	0	.6628629	.1524127	.1847245	0
632.15	0	.6627617	.1525536	.1846848	0
631.15	0	.6626609	.1526941	.1846451	0
630.15	0	.6625605	.1528341	.1846054	0
629.15	0	.6624605	.1529738	.1845657	0
628.15	0	.662361	.1531131	.184526	0
627.15	0	.6622618	.1532519	.1844863	0
626.15	0	.662163	.1533904	.1844466	0
625.15	0	.6620647	.1535285	.1844069	0
624.15	0	.6619667	.1536661	.1843672	0
623.15	0	.6618691	.1538034	.1843275	0
622.15	0	.6617719	.1539403	.1842878	0
621.15	0	.6616751	.1540767	.1842482	0
620.15	0	.6615787	.1542128	.1842085	0
619.15	0	.6614826	.1543485	.1841688	0
618.15	0	.661387	.1544838	.1841292	0
617.15	0	.6612917	.1546188	.1840896	0
616.15	0	.6611968	.1547533	.1840499	0
615.15	0	.6611023	.1548874	.1840103	0
614.15	0	.6610081	.1550212	.1839707	0
613.15	0	.6609143	.1551546	.1839311	0
612.15	0	.6608209	.1552876	.1838915	0
611.15	0	.6607278	.1554202	.183852	0
610.15	0	.6606352	.1555524	.1838124	0
609.15	0	.6605428	.1556843	.1837729	0
608.15	0	.6604509	.1558158	.1837334	0
607.15	0	.6603592	.1559469	.1836939	0
606.15	0	.660268	.1560777	.1836544	0
605.15	0	.6601771	.156208	.1836149	0
604.15	0	.6600865	.156338	.1835755	0
603.15	0	.6599963	.1564677	.183536	0
602.15	0	.6599065	.1565969	.1834966	0
601.15	0	.6598169	.1567258	.1834572	0
600.15	0	.6597278	.1568544	.1834179	0
599.15	0	.659639	.1569825	.1833785	0
598.15	0	.6595505	.1571103	.1833392	0
597.15	0	.6594623	.1572377	.1832999	0
596.15	0	.6593745	.1573648	.1832607	0
595.15	0	.6592871	.1574915	.1832214	0
594.15	0	.6591999	.1576178	.1831822	0
593.15	0	.6591131	.1577438	.183143	0
592.15	0	.6590267	.1578694	.1831039	0
591.15	0	.6589405	.1579947	.1830648	0
590.15	0	.6588547	.1581196	.1830257	0
589.15	0	.6587693	.1582441	.1829866	0
588.15	0	.6586841	.1583683	.1829476	0
587.15	0	.6585993	.1584921	.1829086	0
586.15	0	.6585148	.1586156	.1828696	0
585.15	0	.6584306	.1587387	.1828307	0
584.15	0	.6583468	.1588615	.1827918	0
583.15	0	.6582632	.1589839	.1827529	0
582.15	0	.65818	.1591059	.1827141	0
581.15	0	.6580971	.1592276	.1826753	0
580.15	0	.6580145	.1593489	.1826366	0
579.15	0	.6579322	.1594699	.1825979	0
578.15	0	.6578503	.1595905	.1825592	0
577.15	0	.6577686	.1597108	.1825206	0
576.15	0	.6576873	.1598307	.182482	0
575.15	0	.6576063	.1599503	.1824434	0
574.15	0	.6575256	.1600695	.1824049	0
573.15	0	.6574452	.1601884	.1823665	0
572.15	0	.6573651	.1603069	.1823281	0
571.15	0	.6572853	.1604251	.1822897	0
570.15	0	.6572058	.1605429	.1822514	0
569.15	0	.6571266	.1606604	.1822131	0
568.15	0	.6570477	.1607775	.1821748	0
567.15	0	.6569691	.1608942	.1821366	0
566.15	0	.6568908	.1610107	.1820985	0
565.15	0	.6568129	.1611267	.1820604	0
564.15	0	.6567352	.1612425	.1820224	0
563.15	0	.6566578	.1613578	.1819844	0
562.15	0	.6565807	.1614729	.1819464	0
561.15	0	.6565039	.1615875	.1819086	0
560.15	0	.6564274	.1617019	.1818707	0
559.15	0	.6563512	.1618158	.1818329	0
558.15	0	.6562753	.1619295	.1817952	0
557.15	0	.6561997	.1620428	.1817575	0
556.15	0	.6561244	.1621557	.1817199	0
555.15	0	.6560494	.1622683	.1816824	0
554.15	0	.6559746	.1623805	.1816448	0
553.15	0	.6559002	.1624924	.1816074	0
552.15	0	.655826	.162604	.18157	0
551.15	0	.6557521	.1627152	.1815327	0
550.15	0	.6556785	.162826	.1814954	0
549.15	0	.6556052	.1629366	.1814582	0
548.15	0	.6555322	.1630467	.1814211	0
547.15	0	.6554595	.1631565	.181384	0
546.15	0	.6553871	.163266	.181347	0
545.15	0	.6553149	.1633751	.18131	0
544.15	0	.655243	.1634839	.1812731	0
543.15	0	.6551714	.1635923	.1812363	0
542.15	0	.6551001	.1637004	.1811995	0
541.15	0	.6550291	.1638082	.1811628	0
540.15	0	.6549583	.1639155	.1811262	0
539.15	0	.6548878	.1640226	.1810896	0
538.15	0	.6548176	.1641293	.1810531	0
537.15	0	.6547477	.1642356	.1810167	0
536.15	0	.6546781	.1643416	.1809803	0
535.15	0	.6546087	.1644473	.180944	0
534.15	0	.6545396	.1645526	.1809078	0
533.15	0	.6544708	.1646576	.1808716	0
532.15	0	.6544023	.1647622	.1808356	0
531.15	0	.654334	.1648664	.1807996	0
530.15	0	.654266	.1649704	.1807636	0
529.15	0	.6541983	.1650739	.1807278	0
528.15	0	.6541309	.1651772	.180692	0
527.15	0	.6540637	.16528	.1806563	0
526.15	0	.6539968	.1653826	.1806207	0
525.15	0	.6539301	.1654848	.1805851	0
524.15	0	.6538638	.1655866	.1805496	0
523.15	0	.6537977	.1656881	.1805142	0
522.15	0	.6537319	.1657892	.1804789	0
521.15	0	.6536663	.16589	.1804437	0
520.15	0	.6536011	.1659904	.1804085	0
519.15	0	.653536	.1660905	.1803734	0
518.15	0	.6534713	.1661903	.1803384	0
517.15	0	.6534068	.1662897	.1803035	0
516.15	0	.6533426	.1663887	.1802687	0
515.15	0	.6532787	.1664874	.180234	0
514.15	0	.653215	.1665858	.1801993	0
513.15	0	.6531516	.1666838	.1801647	0
512.15	0	.6530884	.1667814	.1801302	0
511.15	0	.6530255	.1668787	.1800958	0
510.15	0	.6529629	.1669756	.1800615	0
509.15	0	.6529005	.1670722	.1800272	0
508.15	0	.6528384	.1671685	.1799931	0
507.15	0	.6527766	.1672644	.179959	0
506.15	0	.652715	.1673599	.1799251	0
505.15	0	.6526537	.1674551	.1798912	0
504.15	0	.6525927	.16755	.1798574	0
503.15	0	.6525319	.1676445	.1798237	0
502.15	0	.6524713	.1677386	.1797901	0
501.15	0	.6524112	.1678324	.1797565	0
500.15	0	.6523511	.1679258	.179723	0
499.15	0	.6522914	.1680189	.1796897	0
498.15	0	.6522319	.1681117	.1796565	0
497.15	0	.6521727	.168204	.1796233	0
496.15	0	.6521137	.1682961	.1795903	0
495.15	0	.652055	.1683877	.1795573	0
494.15	0	.6519965	.1684791	.1795244	0
493.15	0	.6519383	.16857	.1794917	0
492.15	0	.6518803	.1686606	.179459	0
491.15	0	.6518227	.1687509	.1794264	0
490.15	0	.6517652	.1688408	.179394	0
489.15	0	.651708	.1689304	.1793616	0
488.15	0	.6516511	.1690196	.1793293	0
487.15	0	.6515944	.1691084	.1792971	0
486.15	0	.651538	.1691969	.1792651	0
485.15	0	.6514818	.1692851	.1792331	0
484.15	0	.6514259	.1693729	.1792012	0
483.15	0	.6513703	.1694603	.1791695	0
482.15	0	.6513149	.1695474	.1791378	0
481.15	0	.6512597	.1696341	.1791062	0
480.15	0	.6512048	.1697204	.1790748	0
479.15	0	.6511501	.1698065	.1790434	0
478.15	0	.6510957	.1698921	.1790122	0
477.15	0	.6510416	.1699774	.178981	0
476.15	0	.6509877	.1700624	.17895	0
475.15	0	.650934	.1701469	.1789191	0
474.15	0	.6508806	.1702312	.1788882	0
473.15	0	.6508274	.170315	.1788575	0
472.15	0	.6507746	.1703986	.1788269	0
471.15	0	.6507219	.1704817	.1787964	0
470.15	0	.6506695	.1705645	.178766	0
469.15	0	.6506173	.170647	.1787357	0
468.15	0	.6505654	.1707291	.1787056	0
467.15	0	.6505137	.1708108	.1786755	0
466.15	0	.6504623	.1708922	.1786455	0
465.15	0	.6504111	.1709732	.1786157	0
464.15	0	.6503602	.1710538	.178586	0
463.15	0	.6503095	.1711341	.1785564	0
462.15	0	.6502591	.1712141	.1785269	0
461.15	0	.6502089	.1712937	.1784975	0
460.15	0	.6501589	.1713729	.1784682	0
459.15	0	.6501092	.1714518	.178439	0
458.15	0	.6500598	.1715303	.17841	0
457.15	0	.6500105	.1716084	.1783811	0
456.15	0	.6499616	.1716862	.1783522	0
455.15	0	.6499128	.1717637	.1783235	0
454.15	0	.6498643	.1718407	.178295	0
453.15	0	.6498161	.1719174	.1782665	0
452.15	0	.6497681	.1719938	.1782381	0
451.15	0	.6497203	.1720698	.1782099	0
450.15	0	.6496728	.1721454	.1781818	0
449.15	0	.6496255	.1722207	.1781538	0
448.15	0	.6495785	.1722955	.178126	0
447.15	0	.6495318	.17237	.1780982	0
446.15	0	.6494853	.1724441	.1780706	0
445.15	0	.649439	.1725179	.1780431	0
444.15	0	.649393	.1725912	.1780158	0
443.15	0	.6493473	.1726642	.1779886	0
442.15	0	.6493018	.1727368	.1779615	0
441.15	0	.6492566	.1728089	.1779345	0
440.2679	0	.6492169	.1728723	.1779108	0
440.2679	0	.6492169	.1728723	.1779108	0
440.2679	0	.6492169	.1728723	.1779108	0
440.15	0	.6492398	.1728135	.1778777	6.897526E-05
439.15	0	.6494341	.1723156	.177597	6.534092E-04
438.15	0	.6496279	.1718184	.1773168	.001236921
437.15	0	.6498212	.1713219	.1770373	.001819521
436.15	0	.6500141	.1708262	.1767584	.002401217
435.15	0	.6502066	.1703312	.1764801	.002982018
434.15	0	.6503987	.169837	.1762024	.003561934
433.15	0	.6505904	.1693433	.1759253	.004140973
432.15	0	.6507816	.1688504	.1756488	.004719143
431.15	0	.6509725	.1683581	.1753729	.005296453
430.15	0	.651163	.1678664	.1750976	.005872912
429.15	0	.6513532	.1673754	.1748229	.006448527
428.15	0	.651543	.166885	.1745488	.007023307
427.15	0	.6517324	.1663951	.1742752	.00759726
426.15	0	.6519215	.1659058	.1740023	.008170394
425.15	0	.6521103	.1654171	.1737299	.008742716
424.15	0	.6522987	.1649289	.1734581	.009314235
423.15	0	.6524869	.1644413	.1731869	.009884957
422.15	0	.6526747	.1639542	.1729162	.01045489
421.15	0	.6528623	.1634676	.1726461	.01102404
420.15	0	.6530495	.1629814	.1723766	.01159242
419.15	0	.6532365	.1624958	.1721077	.01216003
418.15	0	.6534232	.1620106	.1718393	.01272689
417.15	0	.6536097	.1615259	.1715714	.01329299
416.15	0	.6537959	.1610416	.1713042	.01385834
415.15	0	.6539818	.1605578	.1710375	.01442296
414.15	0	.6541675	.1600744	.1707713	.01498685
413.15	0	.654353	.1595914	.1705057	.01555
412.15	0	.6545382	.1591088	.1702406	.01611244
411.15	0	.6547232	.1586266	.1699761	.01667417
410.15	0	.654908	.1581447	.1697121	.0172352
409.15	0	.6550926	.1576633	.1694487	.01779552
408.15	0	.6552769	.1571822	.1691858	.01835515
407.15	0	.6554611	.1567014	.1689234	.01891409
406.15	0	.6556451	.156221	.1686616	.01947235
405.15	0	.6558289	.1557409	.1684003	.02002994
404.15	0	.6560125	.1552612	.1681395	.02058686
403.15	0	.6561959	.1547817	.1678792	.02114311
402.15	0	.6563792	.1543026	.1676195	.02169871
401.15	0	.6565623	.1538238	.1673603	.02225365
400.15	0	.6567452	.1533452	.1671016	.02280795
399.15	0	.656928	.152867	.1668434	.02336161
398.15	0	.6571106	.152389	.1665858	.02391463
397.15	0	.6572931	.1519113	.1663286	.02446702
396.15	0	.6574754	.1514338	.166072	.02501879
395.15	0	.6576576	.1509566	.1658158	.02556994
394.15	0	.6578397	.1504796	.1655602	.02612047
393.15	0	.6580216	.1500029	.1653051	.0266704
392.15	0	.6582034	.1495264	.1650505	.02721972
391.15	0	.6583851	.1490502	.1647963	.02776844
390.15	0	.6585666	.1485741	.1645427	.02831657
389.15	0	.658748	.1480983	.1642896	.02886411
388.15	0	.6589294	.1476227	.1640369	.02941106
387.15	0	.6591106	.1471472	.1637848	.02995744
386.15	0	.6592917	.146672	.1635331	.03050324
385.15	0	.6594727	.146197	.1632819	.03104847
384.15	0	.6596536	.1457221	.1630312	.03159313
383.15	0	.6598344	.1452474	.162781	.03213723
382.15	0	.6600151	.1447729	.1625312	.03268077
381.15	0	.6601957	.1442986	.162282	.03322376
380.15	0	.6603763	.1438244	.1620332	.0337662
379.15	0	.6605567	.1433504	.1617848	.0343081
378.15	0	.6607371	.1428765	.161537	.03484946
377.15	0	.6609174	.1424028	.1612896	.03539028
376.15	0	.6610976	.1419292	.1610427	.03593057
375.15	0	.6612777	.1414558	.1607962	.03647033
374.15	0	.6614578	.1409825	.1605502	.03700956
373.15	0	.6616378	.1405093	.1603047	.03754828
372.15	0	.6618177	.1400363	.1600596	.03808648
371.15	0	.6619976	.1395633	.1598149	.03862416
370.15	0	.6621774	.1390905	.1595708	.03916134
369.15	0	.6623571	.1386178	.159327	.03969801
368.15	0	.6625368	.1381453	.1590838	.04023418
367.15	0	.6627164	.1376728	.1588409	.04076986
366.15	0	.662896	.1372004	.1585986	.04130503
365.15	0	.6630755	.1367282	.1583566	.04183972
364.15	0	.6632549	.136256	.1581151	.04237392
363.15	0	.6634343	.135784	.1578741	.04290763
362.15	0	.6636137	.135312	.1576335	.04344087
361.15	0	.663793	.1348401	.1573933	.04397363
360.15	0	.6639723	.1343683	.1571535	.04450591
359.15	0	.6641515	.1338966	.1569142	.04503772
358.15	0	.6643307	.133425	.1566753	.04556906
357.15	0	.6645098	.1329534	.1564369	.04609993
356.15	0	.6646889	.1324819	.1561989	.04663035
355.15	0	.6648679	.1320105	.1559613	.0471603
354.15	0	.6650469	.1315392	.1557241	.0476898
353.15	0	.6652259	.1310679	.1554873	.04821885
352.15	0	.6654049	.1305967	.155251	.04874744
351.15	0	.6655838	.1301256	.1550151	.04927559
350.15	0	.6657626	.1296545	.1547796	.04980329
349.15	0	.6659415	.1291835	.1545445	.05033056
348.15	0	.6661203	.1287125	.1543098	.05085738
347.15	0	.6662991	.1282416	.1540756	.05138376
346.15	0	.6664778	.1277708	.1538417	.05190971
345.15	0	.6666565	.1273	.1536083	.05243523
344.15	0	.6668352	.1268292	.1533753	.05296032
343.15	0	.6670139	.1263585	.1531426	.05348498
342.15	0	.6671925	.1258879	.1529104	.05400922
341.15	0	.6673711	.1254173	.1526786	.05453304
340.15	0	.6675497	.1249467	.1524472	.05505644
339.15	0	.6677282	.1244762	.1522162	.05557942
338.15	0	.6679068	.1240057	.1519856	.05610199
337.15	0	.6680853	.1235353	.1517554	.05662414
336.15	0	.6682637	.1230649	.1515255	.05714588
335.15	0	.6684422	.1225945	.1512961	.05766722
334.15	0	.6686206	.1221242	.1510671	.05818814
333.15	0	.668799	.1216539	.1508384	.05870867
