T	 BPW(LIQUID)	BPW(BCC_A2)	BPW(FCC_A1)	BPW(LAVES_PHASE_C14)	BPW(NI3TI)
1473.15	0	1	0	0	0
1472.15	0	1	0	0	0
1471.15	0	1	0	0	0
1470.15	0	1	0	0	0
1469.15	0	1	0	0	0
1468.15	0	1	0	0	0
1467.15	0	1	0	0	0
1466.15	0	1	0	0	0
1465.15	0	1	0	0	0
1464.15	0	1	0	0	0
1463.15	0	1	0	0	0
1462.15	0	1	0	0	0
1461.15	0	1	0	0	0
1460.15	0	1	0	0	0
1459.15	0	1	0	0	0
1458.15	0	1	0	0	0
1457.15	0	1	0	0	0
1456.15	0	1	0	0	0
1455.15	0	1	0	0	0
1454.15	0	1	0	0	0
1453.15	0	1	0	0	0
1452.15	0	1	0	0	0
1451.15	0	1	0	0	0
1450.15	0	1	0	0	0
1449.15	0	1	0	0	0
1448.15	0	1	0	0	0
1447.15	0	1	0	0	0
1446.15	0	1	0	0	0
1445.15	0	1	0	0	0
1444.15	0	1	0	0	0
1443.15	0	1	0	0	0
1442.15	0	1	0	0	0
1441.15	0	1	0	0	0
1440.15	0	1	0	0	0
1439.15	0	1	0	0	0
1438.15	0	1	0	0	0
1437.15	0	1	0	0	0
1436.15	0	1	0	0	0
1435.15	0	1	0	0	0
1434.15	0	1	0	0	0
1433.15	0	1	0	0	0
1432.15	0	1	0	0	0
1431.15	0	1	0	0	0
1430.15	0	1	0	0	0
1429.15	0	1	0	0	0
1428.15	0	1	0	0	0
1427.15	0	1	0	0	0
1426.15	0	1	0	0	0
1425.15	0	1	0	0	0
1424.15	0	1	0	0	0
1423.15	0	1	0	0	0
1422.15	0	1	0	0	0
1421.15	0	1	0	0	0
1420.15	0	1	0	0	0
1419.15	0	1	0	0	0
1418.15	0	1	0	0	0
1417.15	0	1	0	0	0
1416.15	0	1	0	0	0
1415.15	0	1	0	0	0
1414.15	0	1	0	0	0
1413.15	0	1	0	0	0
1412.15	0	1	0	0	0
1411.15	0	1	0	0	0
1410.15	0	1	0	0	0
1409.15	0	1	0	0	0
1408.15	0	1	0	0	0
1407.15	0	1	0	0	0
1406.15	0	1	0	0	0
1405.15	0	1	0	0	0
1404.15	0	1	0	0	0
1403.15	0	1	0	0	0
1402.15	0	1	0	0	0
1401.15	0	1	0	0	0
1400.15	0	1	0	0	0
1399.15	0	1	0	0	0
1398.15	0	1	0	0	0
1397.15	0	1	0	0	0
1396.15	0	1	0	0	0
1395.15	0	1	0	0	0
1394.15	0	1	0	0	0
1393.15	0	1	0	0	0
1392.15	0	1	0	0	0
1391.15	0	1	0	0	0
1390.15	0	1	0	0	0
1389.15	0	1	0	0	0
1388.15	0	1	0	0	0
1387.15	0	1	0	0	0
1386.15	0	1	0	0	0
1385.15	0	1	0	0	0
1384.15	0	1	0	0	0
1383.15	0	1	0	0	0
1382.15	0	1	0	0	0
1381.15	0	1	0	0	0
1380.15	0	1	0	0	0
1379.15	0	1	0	0	0
1378.15	0	1	0	0	0
1377.15	0	1	0	0	0
1376.15	0	1	0	0	0
1375.15	0	1	0	0	0
1374.15	0	1	0	0	0
1373.15	0	1	0	0	0
1372.15	0	1	0	0	0
1371.15	0	1	0	0	0
1370.15	0	1	0	0	0
1369.15	0	1	0	0	0
1368.15	0	1	0	0	0
1367.15	0	1	0	0	0
1366.15	0	1	0	0	0
1365.15	0	1	0	0	0
1364.15	0	1	0	0	0
1363.15	0	1	0	0	0
1362.15	0	1	0	0	0
1361.15	0	1	0	0	0
1360.15	0	1	0	0	0
1359.15	0	1	0	0	0
1358.15	0	1	0	0	0
1357.15	0	1	0	0	0
1356.15	0	1	0	0	0
1355.15	0	1	0	0	0
1354.15	0	1	0	0	0
1353.15	0	1	0	0	0
1352.15	0	1	0	0	0
1351.15	0	1	0	0	0
1350.15	0	1	0	0	0
1349.15	0	1	0	0	0
1348.15	0	1	0	0	0
1347.15	0	1	0	0	0
1346.15	0	1	0	0	0
1345.15	0	1	0	0	0
1344.15	0	1	0	0	0
1343.15	0	1	0	0	0
1342.15	0	1	0	0	0
1341.15	0	1	0	0	0
1340.15	0	1	0	0	0
1339.15	0	1	0	0	0
1338.15	0	1	0	0	0
1337.15	0	1	0	0	0
1336.15	0	1	0	0	0
1335.15	0	1	0	0	0
1334.15	0	1	0	0	0
1333.15	0	1	0	0	0
1332.15	0	1	0	0	0
1331.15	0	1	0	0	0
1330.15	0	1	0	0	0
1329.15	0	1	0	0	0
1328.15	0	1	0	0	0
1327.15	0	1	0	0	0
1326.15	0	1	0	0	0
1325.15	0	1	0	0	0
1324.15	0	1	0	0	0
1323.15	0	1	0	0	0
1322.15	0	1	0	0	0
1321.15	0	1	0	0	0
1320.15	0	1	0	0	0
1319.15	0	1	0	0	0
1318.15	0	1	0	0	0
1317.15	0	1	0	0	0
1316.15	0	1	0	0	0
1315.15	0	1	0	0	0
1314.15	0	1	0	0	0
1313.15	0	1	0	0	0
1312.15	0	1	0	0	0
1311.15	0	1	0	0	0
1310.15	0	1	0	0	0
1309.15	0	1	0	0	0
1308.15	0	1	0	0	0
1307.15	0	1	0	0	0
1306.15	0	1	0	0	0
1305.15	0	1	0	0	0
1304.15	0	1	0	0	0
1303.15	0	1	0	0	0
1302.15	0	1	0	0	0
1301.15	0	1	0	0	0
1300.15	0	1	0	0	0
1299.15	0	1	0	0	0
1298.15	0	1	0	0	0
1297.15	0	1	0	0	0
1296.15	0	1	0	0	0
1295.15	0	1	0	0	0
1294.15	0	1	0	0	0
1293.15	0	1	0	0	0
1292.15	0	1	0	0	0
1291.15	0	1	0	0	0
1290.15	0	1	0	0	0
1289.15	0	1	0	0	0
1288.15	0	1	0	0	0
1287.15	0	1	0	0	0
1286.15	0	1	0	0	0
1285.15	0	1	0	0	0
1284.15	0	1	0	0	0
1283.15	0	1	0	0	0
1282.15	0	1	0	0	0
1281.15	0	1	0	0	0
1280.15	0	1	0	0	0
1279.208	0	1	0	0	0
1279.208	0	1	0	0	0
1279.208	0	1	0	0	0
1279.15	0	.9999635	0	3.653597E-05	0
1278.15	0	.9993391	0	6.609519E-04	0
1277.15	0	.998716	0	.001284039	0
1276.15	0	.9980942	0	.001905802	0
1275.15	0	.9974738	0	.002526244	0
1274.15	0	.9968546	0	.003145368	0
1273.15	0	.9962368	0	.003763179	0
1272.15	0	.9956203	0	.00437968	0
1271.15	0	.9950051	0	.004994875	0
1270.15	0	.9943912	0	.005608767	0
1269.15	0	.9937786	0	.00622136	0
1268.15	0	.9931673	0	.006832657	0
1267.15	0	.9925573	0	.007442663	0
1266.15	0	.9919486	0	.00805138	0
1265.15	0	.9913412	0	.008658812	0
1264.15	0	.990735	0	.009264964	0
1263.15	0	.9901302	0	.009869837	0
1262.15	0	.9895266	0	.01047344	0
1261.15	0	.9889242	0	.01107576	0
1260.15	0	.9883232	0	.01167683	0
1259.15	0	.9877234	0	.01227662	0
1258.15	0	.9871248	0	.01287516	0
1257.15	0	.9865276	0	.01347244	0
1256.15	0	.9859315	0	.01406847	0
1255.15	0	.9853367	0	.01466325	0
1254.15	0	.9847432	0	.01525678	0
1253.15	0	.9841509	0	.01584906	0
1252.15	0	.9835599	0	.01644011	0
1251.15	0	.9829701	0	.01702992	0
1250.15	0	.9823815	0	.01761849	0
1249.15	0	.9817942	0	.01820584	0
1248.15	0	.981208	0	.01879196	0
1247.15	0	.9806231	0	.01937686	0
1246.15	0	.9800395	0	.01996053	0
1245.15	0	.979457	0	.02054299	0
1244.15	0	.9788758	0	.02112424	0
1243.15	0	.9782957	0	.02170427	0
1242.15	0	.9777169	0	.0222831	0
1241.15	0	.9771393	0	.02286072	0
1240.15	0	.9765629	0	.02343715	0
1239.15	0	.9759876	0	.02401237	0
1238.15	0	.9754136	0	.0245864	0
1237.15	0	.9748408	0	.02515924	0
1236.15	0	.9742691	0	.02573089	0
1235.15	0	.9736986	0	.02630136	0
1234.15	0	.9731294	0	.02687064	0
1233.15	0	.9725613	0	.02743874	0
1232.15	0	.9719943	0	.02800567	0
1231.15	0	.9714286	0	.02857143	0
1230.15	0	.970864	0	.02913601	0
1229.15	0	.9703006	0	.02969943	0
1228.15	0	.9697383	0	.03026168	0
1227.15	0	.9691772	0	.03082278	0
1226.15	0	.9686173	0	.03138271	0
1225.15	0	.9680585	0	.0319415	0
1224.15	0	.9675009	0	.03249913	0
1223.15	0	.9669444	0	.03305561	0
1222.15	0	.9663891	0	.03361094	0
1221.15	0	.9658349	0	.03416513	0
1220.15	0	.9652818	0	.03471818	0
1219.15	0	.9647299	0	.03527009	0
1218.15	0	.9641791	0	.03582087	0
1217.15	0	.9636295	0	.03637052	0
1216.15	0	.963081	0	.03691904	0
1215.15	0	.9625336	0	.03746643	0
1214.15	0	.9619873	0	.0380127	0
1213.15	0	.9614422	0	.03855785	0
1212.15	0	.9608981	0	.03910188	0
1211.15	0	.9603552	0	.0396448	0
1210.15	0	.9598134	0	.04018661	0
1209.15	0	.9592727	0	.0407273	0
1208.15	0	.9587331	0	.04126689	0
1207.15	0	.9581946	0	.04180538	0
1206.15	0	.9576572	0	.04234276	0
1205.15	0	.957121	0	.04287905	0
1204.15	0	.9565858	0	.04341425	0
1203.15	0	.9560517	0	.04394835	0
1202.15	0	.9555186	0	.04448136	0
1201.15	0	.9549867	0	.04501328	0
1200.15	0	.9544559	0	.04554412	0
1199.15	0	.9539261	0	.04607387	0
1198.15	0	.9533974	0	.04660255	0
1197.15	0	.9528699	0	.04713015	0
1196.15	0	.9523433	0	.04765668	0
1195.15	0	.9518179	0	.04818213	0
1194.15	0	.9512935	0	.04870651	0
1193.15	0	.9507702	0	.04922983	0
1192.15	0	.9502479	0	.04975209	0
1191.15	0	.9497267	0	.05027328	0
1190.15	0	.9492066	0	.05079342	0
1189.15	0	.9486875	0	.0513125	0
1188.15	0	.9481695	0	.05183052	0
1187.15	0	.9476525	0	.0523475	0
1186.15	0	.9471366	0	.05286342	0
1185.15	0	.9466217	0	.0533783	0
1184.15	0	.9461079	0	.05389214	0
1183.15	0	.9455951	0	.05440493	0
1182.15	0	.9450833	0	.05491669	0
1181.15	0	.9445726	0	.05542741	0
1180.15	0	.9440629	0	.0559371	0
1179.15	0	.9435543	0	.05644575	0
1178.15	0	.9430466	0	.05695338	0
1177.15	0	.94254	0	.05745997	0
1176.15	0	.9420345	0	.05796555	0
1175.15	0	.9415299	0	.0584701	0
1174.15	0	.9410264	0	.05897364	0
1173.15	0	.9405238	0	.05947615	0
1172.15	0	.9400223	0	.05997765	0
1171.15	0	.9395219	0	.06047815	0
1170.15	0	.9390224	0	.06097762	0
1169.15	0	.9385239	0	.0614761	0
1168.15	0	.9380264	0	.06197356	0
1167.15	0	.93753	0	.06247002	0
1166.15	0	.9370345	0	.06296549	0
1165.15	0	.9365401	0	.06345995	0
1164.15	0	.9360466	0	.06395342	0
1163.15	0	.9355541	0	.06444589	0
1162.15	0	.9350626	0	.06493737	0
1161.15	0	.9345721	0	.06542786	0
1160.15	0	.9340826	0	.06591737	0
1159.15	0	.9335941	0	.06640588	0
1158.15	0	.9331066	0	.06689342	0
1157.15	0	.93262	0	.06737998	0
1156.15	0	.9321345	0	.06786555	0
1155.15	0	.9316499	0	.06835015	0
1154.15	0	.9311662	0	.0688338	0
1153.15	0	.9306835	0	.06931646	0
1152.15	0	.9302019	0	.06979814	0
1151.15	0	.9297211	0	.07027886	0
1150.15	0	.9292414	0	.07075861	0
1149.15	0	.9287626	0	.07123739	0
1148.15	0	.9282848	0	.07171522	0
1147.15	0	.9278079	0	.07219209	0
1146.15	0	.927332	0	.07266799	0
1145.15	0	.926857	0	.07314295	0
1144.15	0	.926383	0	.07361695	0
1143.15	0	.92591	0	.07409	0
1142.15	0	.9254379	0	.0745621	0
1141.15	0	.9249667	0	.07503326	0
1140.15	0	.9244965	0	.07550347	0
1139.15	0	.9240273	0	.07597274	0
1138.15	0	.9235589	0	.07644106	0
1137.15	0	.9230916	0	.07690845	0
1136.15	0	.9226251	0	.0773749	0
1135.15	0	.9221596	0	.07784042	0
1134.15	0	.921695	0	.078305	0
1133.15	0	.9212313	0	.07876866	0
1132.15	0	.9207686	0	.07923138	0
1131.15	0	.9203068	0	.07969318	0
1130.15	0	.919846	0	.08015405	0
1129.15	0	.919386	0	.080614	0
1128.15	0	.918927	0	.08107303	0
1127.15	0	.9184689	0	.08153114	0
1126.15	0	.9180117	0	.08198834	0
1125.15	0	.9175554	0	.08244461	0
1124.15	0	.9171	0	.08289998	0
1123.15	0	.9166456	0	.08335443	0
1122.15	0	.916192	0	.08380798	0
1121.15	0	.9157394	0	.08426061	0
1120.15	0	.9152877	0	.08471234	0
1119.15	0	.9148368	0	.08516317	0
1118.15	0	.9143869	0	.08561309	0
1117.15	0	.9139379	0	.08606212	0
1116.15	0	.9134898	0	.08651024	0
1115.15	0	.9130425	0	.08695747	0
1114.15	0	.9125962	0	.08740381	0
1113.15	0	.9121508	0	.08784925	0
1112.15	0	.9117062	0	.0882938	0
1111.15	0	.9112625	0	.08873746	0
1110.15	0	.9108198	0	.08918024	0
1109.15	0	.9103779	0	.08962212	0
1108.15	0	.9099369	0	.09006313	0
1107.15	0	.9094967	0	.09050325	0
1106.15	0	.9090575	0	.09094249	0
1105.15	0	.9086192	0	.09138085	0
1104.15	0	.9081817	0	.09181834	0
1103.15	0	.907745	0	.09225495	0
1102.15	0	.9073093	0	.09269068	0
1101.15	0	.9068744	0	.09312555	0
1100.15	0	.9064405	0	.09355954	0
1099.15	0	.9060073	0	.09399267	0
1098.15	0	.9055751	0	.09442492	0
1097.15	0	.9051437	0	.09485632	0
1096.15	0	.9047132	0	.09528685	0
1095.15	0	.9042835	0	.09571651	0
1094.15	0	.9038547	0	.09614532	0
1093.15	0	.9034267	0	.09657327	0
1092.15	0	.9029996	0	.09700036	0
1091.15	0	.9025734	0	.0974266	0
1090.15	0	.902148	0	.09785198	0
1089.15	0	.9017235	0	.09827651	0
1088.15	0	.9012998	0	.09870019	0
1087.15	0	.900877	0	.09912302	0
1086.15	0	.900455	0	.09954501	0
1085.15	0	.9000339	0	.09996615	0
1084.15	0	.8996136	0	.1003864	0
1083.15	0	.8991941	0	.1008059	0
1082.15	0	.8987755	0	.1012245	0
1081.15	0	.8983577	0	.1016423	0
1080.15	0	.8979408	0	.1020592	0
1079.15	0	.8975247	0	.1024753	0
1078.15	0	.8971094	0	.1028906	0
1077.15	0	.896695	0	.103305	0
1076.15	0	.8962814	0	.1037186	0
1075.15	0	.8958687	0	.1041314	0
1074.15	0	.8954567	0	.1045433	0
1073.15	0	.8950456	0	.1049544	0
1072.15	0	.8946353	0	.1053647	0
1071.15	0	.8942259	0	.1057741	0
1070.15	0	.8938172	0	.1061828	0
1069.15	0	.8934094	0	.1065906	0
1068.15	0	.8930024	0	.1069976	0
1067.15	0	.8925962	0	.1074038	0
1066.15	0	.8921909	0	.1078091	0
1065.15	0	.8917863	0	.1082137	0
1064.15	0	.8913826	0	.1086174	0
1063.15	0	.8909797	0	.1090203	0
1062.15	0	.8905776	0	.1094224	0
1061.15	0	.8901763	0	.1098237	0
1060.15	0	.8897758	0	.1102242	0
1059.15	0	.8893761	0	.1106239	0
1058.15	0	.8889773	0	.1110227	0
1057.15	0	.8885792	0	.1114208	0
1056.15	0	.8881819	0	.1118181	0
1055.15	0	.8877855	0	.1122145	0
1054.15	0	.8873898	0	.1126102	0
1053.15	0	.886995	0	.113005	0
1052.15	0	.8866009	0	.1133991	0
1051.15	0	.8862076	0	.1137924	0
1050.15	0	.8858151	0	.1141849	0
1049.15	0	.8854235	0	.1145765	0
1048.15	0	.8850326	0	.1149674	0
1047.15	0	.8846425	0	.1153575	0
1046.15	0	.8842532	0	.1157468	0
1045.15	0	.8838647	0	.1161353	0
1044.15	0	.883477	0	.1165231	0
1043.15	0	.88309	0	.11691	0
1042.15	0	.8827039	0	.1172962	0
1041.15	0	.8823185	0	.1176815	0
1040.15	0	.8819339	0	.1180661	0
1039.15	0	.8815501	0	.1184499	0
1038.15	0	.8811671	0	.118833	0
1037.15	0	.8807848	0	.1192152	0
1036.15	0	.8804033	0	.1195967	0
1035.15	0	.8800226	0	.1199774	0
1034.15	0	.8796427	0	.1203573	0
1033.15	0	.8792636	0	.1207364	0
1032.15	0	.8788852	0	.1211148	0
1031.15	0	.8785076	0	.1214924	0
1030.15	0	.8781308	0	.1218692	0
1029.15	0	.8777547	0	.1222453	0
1028.15	0	.8773794	0	.1226206	0
1027.15	0	.8770049	0	.1229952	0
1026.15	0	.8766311	0	.1233689	0
1025.15	0	.8762581	0	.1237419	0
1024.15	0	.8758859	0	.1241141	0
1023.15	0	.8755144	0	.1244856	0
1022.15	0	.8751437	0	.1248563	0
1021.15	0	.8747737	0	.1252263	0
1020.15	0	.8744045	0	.1255955	0
1019.15	0	.8740361	0	.1259639	0
1018.15	0	.8736684	0	.1263316	0
1017.15	0	.8733015	0	.1266985	0
1016.15	0	.8729353	0	.1270647	0
1015.15	0	.8725699	0	.1274301	0
1014.15	0	.8722052	0	.1277948	0
1013.15	0	.8718413	0	.1281587	0
1012.15	0	.8714781	0	.1285219	0
1011.15	0	.8711157	0	.1288843	0
1010.15	0	.8707541	0	.1292459	0
1009.15	0	.8703931	0	.1296069	0
1008.15	0	.870033	0	.129967	0
1007.15	0	.8696735	0	.1303265	0
1006.15	0	.8693148	0	.1306852	0
1005.15	0	.8689569	0	.1310431	0
1004.15	0	.8685997	0	.1314003	0
1003.15	0	.8682432	0	.1317568	0
1002.15	0	.8678875	0	.1321125	0
1001.15	0	.8675325	0	.1324675	0
1000.15	0	.8671783	0	.1328217	0
999.15	0	.8668248	0	.1331752	0
998.15	0	.866472	0	.133528	0
997.15	0	.86612	0	.13388	0
996.15	0	.8657687	0	.1342313	0
995.15	0	.8654181	0	.1345819	0
994.15	0	.8650683	0	.1349317	0
993.15	0	.8647191	0	.1352809	0
992.15	0	.8643708	0	.1356292	0
991.15	0	.8640231	0	.1359769	0
990.15	0	.8636762	0	.1363238	0
989.15	0	.86333	0	.13667	0
988.15	0	.8629845	0	.1370155	0
987.15	0	.8626398	0	.1373602	0
986.15	0	.8622958	0	.1377042	0
985.15	0	.8619525	0	.1380475	0
984.15	0	.8616099	0	.1383901	0
983.15	0	.861268	0	.138732	0
982.15	0	.8609269	0	.1390731	0
981.15	0	.8605865	0	.1394135	0
980.15	0	.8602468	0	.1397532	0
979.15	0	.8599078	0	.1400922	0
978.15	0	.8595696	0	.1404304	0
977.15	0	.859232	0	.140768	0
976.15	0	.8588952	0	.1411048	0
975.15	0	.8585591	0	.1414409	0
974.15	0	.8582237	0	.1417763	0
973.15	0	.857889	0	.142111	0
972.15	0	.857555	0	.142445	0
971.15	0	.8572218	0	.1427782	0
970.15	0	.8568892	0	.1431108	0
969.15	0	.8565574	0	.1434426	0
968.15	0	.8562262	0	.1437738	0
967.15	0	.8558958	0	.1441042	0
966.15	0	.8555661	0	.1444339	0
965.15	0	.8552371	0	.1447629	0
964.15	0	.8549088	0	.1450912	0
963.15	0	.8545812	0	.1454188	0
962.15	0	.8542543	0	.1457457	0
961.15	0	.8539281	0	.1460719	0
960.15	0	.8536026	0	.1463974	0
959.15	0	.8532778	0	.1467222	0
958.15	0	.8529537	0	.1470463	0
957.15	0	.8526303	0	.1473697	0
956.15	0	.8523077	0	.1476924	0
955.15	0	.8519857	0	.1480143	0
954.15	0	.8516644	0	.1483356	0
953.15	0	.8513438	0	.1486562	0
952.15	0	.8510239	0	.1489761	0
951.15	0	.8507047	0	.1492953	0
950.15	0	.8503862	0	.1496138	0
949.15	0	.8500683	0	.1499316	0
948.15	0	.8497512	0	.1502488	0
947.15	0	.8494348	0	.1505652	0
946.15	0	.8491191	0	.1508809	0
945.15	0	.848804	0	.151196	0
944.15	0	.8484897	0	.1515103	0
943.15	0	.848176	0	.151824	0
942.15	0	.847863	0	.152137	0
941.15	0	.8475508	0	.1524492	0
940.15	0	.8472392	0	.1527608	0
939.15	0	.8469283	0	.1530718	0
938.15	0	.846618	0	.153382	0
937.15	0	.8463085	0	.1536915	0
936.15	0	.8459997	0	.1540004	0
935.15	0	.8456915	0	.1543085	0
934.15	0	.845384	0	.154616	0
933.15	0	.8450772	0	.1549228	0
932.15	0	.8447711	0	.1552289	0
931.15	0	.8444657	0	.1555343	0
930.15	0	.8441609	0	.1558391	0
929.15	0	.8438568	0	.1561432	0
928.15	0	.8435534	0	.1564465	0
927.15	0	.8432507	0	.1567493	0
926.15	0	.8429487	0	.1570513	0
925.15	0	.8426474	0	.1573526	0
924.15	0	.8423467	0	.1576533	0
923.15	0	.8420467	0	.1579533	0
922.15	0	.8417474	0	.1582526	0
921.15	0	.8414487	0	.1585513	0
920.15	0	.8411508	0	.1588492	0
919.15	0	.8408535	0	.1591465	0
918.15	0	.8405569	0	.1594431	0
917.15	0	.8402609	0	.1597391	0
916.15	0	.8399657	0	.1600344	0
915.15	0	.8396711	0	.1603289	0
914.15	0	.8393771	0	.1606229	0
913.15	0	.8390839	0	.1609161	0
912.15	0	.8387913	0	.1612087	0
911.15	0	.8384994	0	.1615006	0
910.15	0	.8382082	0	.1617919	0
909.15	0	.8379176	0	.1620824	0
908.15	0	.8376277	0	.1623723	0
907.15	0	.8373385	0	.1626616	0
906.15	0	.8370499	0	.1629501	0
905.15	0	.836762	0	.163238	0
904.15	0	.8364748	0	.1635252	0
903.15	0	.8361882	0	.1638118	0
902.15	0	.8359023	0	.1640977	0
901.15	0	.8356171	0	.1643829	0
900.15	0	.8353325	0	.1646675	0
899.15	0	.8350486	0	.1649514	0
898.15	0	.8347654	0	.1652346	0
897.15	0	.8344828	0	.1655172	0
896.15	0	.8342009	0	.1657991	0
895.15	0	.8339196	0	.1660804	0
894.15	0	.8336391	0	.1663609	0
893.15	0	.8333591	0	.1666409	0
892.15	0	.8330799	0	.1669201	0
891.15	0	.8328013	0	.1671987	0
890.15	0	.8325233	0	.1674767	0
889.15	0	.8322461	0	.167754	0
888.15	0	.8319694	0	.1680306	0
887.15	0	.8316935	0	.1683065	0
886.15	0	.8314182	0	.1685818	0
885.15	0	.8311435	0	.1688565	0
884.15	0	.8308695	0	.1691305	0
883.15	0	.8305962	0	.1694038	0
882.15	0	.8303235	0	.1696765	0
881.15	0	.8300515	0	.1699485	0
880.9812	0	.8300057	0	.1699943	0
880.9812	0	.8300057	0	.1699943	0
880.9812	0	.8300057	0	.1699943	0
880.15	0	.8292712	5.873209E-04	.1701415	0
879.15	0	.8283885	.001294137	.1703173	0
878.15	0	.8275069	.00200122	.1704919	0
877.15	0	.8266263	.00270861	.1706651	0
876.15	0	.8257467	.00341635	.1708369	0
875.15	0	.8248681	.004124482	.1710074	0
874.15	0	.8239904	.004833048	.1711765	0
873.15	0	.8231136	.005542093	.1713443	0
872.15	0	.8222377	.006251662	.1715107	0
871.15	0	.8213626	.006961803	.1716756	0
870.15	0	.8204882	.007672562	.1718392	0
869.15	0	.8196147	.00838399	.1720013	0
868.15	0	.8187418	.009096135	.1721621	0
867.15	0	.8178696	.009809049	.1723213	0
866.15	0	.8169981	.01052279	.1724791	0
865.15	0	.8161271	.0112374	.1726355	0
864.15	0	.8152567	.01195294	.1727903	0
863.15	0	.8143868	.01266948	.1729437	0
862.15	0	.8135174	.01338705	.1730955	0
861.15	0	.8126484	.01410574	.1732459	0
860.15	0	.8117798	.0148256	.1733947	0
859.15	0	.8109115	.01554668	.1735419	0
858.15	0	.8100434	.01626906	.1736875	0
857.15	0	.8091756	.01699281	.1738316	0
856.15	0	.808308	.01771799	.173974	0
855.15	0	.8074404	.01844466	.1741149	0
854.15	0	.806573	.01917292	.1742541	0
853.15	0	.8057055	.01990282	.1743916	0
852.15	0	.804838	.02063444	.1745275	0
851.15	0	.8039704	.02136787	.1746617	0
850.15	0	.8031026	.02210319	.1747942	0
849.15	0	.8022346	.02284047	.1749249	0
848.15	0	.8013663	.02357981	.1750539	0
847.15	0	.8004976	.02432129	.1751811	0
846.15	0	.7996285	.025065	.1753065	0
845.15	0	.7987588	.02581104	.1754302	0
844.15	0	.7978886	.02655951	.1755519	0
843.15	0	.7970177	.0273105	.1756718	0
842.15	0	.796146	.02806412	.1757898	0
841.15	0	.7952736	.02882047	.1759059	0
840.15	0	.7944002	.02957967	.1760201	0
839.15	0	.7935259	.03034183	.1761323	0
838.15	0	.7926504	.03110707	.1762425	0
837.15	0	.7917738	.0318755	.1763507	0
836.15	0	.7908959	.03264726	.1764568	0
835.15	0	.7900166	.03342247	.1765609	0
834.15	0	.7891359	.03420128	.1766628	0
833.15	0	.7882536	.03498381	.1767626	0
832.15	0	.7873695	.03577022	.1768602	0
831.15	0	.7864837	.03656066	.1769556	0
830.15	0	.7855959	.03735528	.1770488	0
829.15	0	.7847061	.03815425	.1771396	0
828.15	0	.7838141	.03895774	.1772282	0
827.15	0	.7829198	.03976593	.1773143	0
826.15	0	.782023	.04057898	.177398	0
825.15	0	.7811236	.04139711	.1774793	0
824.15	0	.7802214	.04222051	.1775581	0
823.15	0	.7793163	.04304939	.1776343	0
822.15	0	.7784082	.04388396	.1777079	0
821.15	0	.7774967	.04472445	.1777788	0
820.15	0	.7765819	.04557111	.177847	0
819.15	0	.7756633	.04642417	.1779125	0
818.15	0	.774741	.04728391	.1779751	0
817.15	0	.7738146	.0481506	.1780348	0
816.15	0	.7728839	.04902452	.1780915	0
815.15	0	.7719488	.04990598	.1781452	0
814.15	0	.7710089	.0507953	.1781958	0
813.15	0	.770064	.05169282	.1782432	0
812.15	0	.7691138	.05259888	.1782874	0
811.15	0	.768158	.05351387	.1783281	0
810.15	0	.7671964	.05443817	.1783654	0
809.15	0	.7662286	.05537222	.1783992	0
808.15	0	.7652543	.05631646	.1784293	0
807.15	0	.764273	.05727135	.1784556	0
806.15	0	.7632845	.0582374	.1784781	0
805.15	0	.7622883	.05921515	.1784965	0
804.15	0	.761284	.06020517	.1785109	0
803.15	0	.760271	.06120806	.1785209	0
802.15	0	.759249	.06222448	.1785265	0
801.15	0	.7582173	.06325514	.1785275	0
800.15	0	.7571754	.06430078	.1785238	0
799.15	0	.7561227	.06536221	.1785151	0
798.15	0	.7550585	.06644032	.1785012	0
797.15	0	.7539819	.06753605	.178482	0
796.15	0	.7528924	.06865042	.1784572	0
795.15	0	.751789	.06978456	.1784265	0
794.15	0	.7506707	.07093968	.1783897	0
793.15	0	.7495365	.07211712	.1783464	0
792.15	0	.7483861	.07331773	.1782962	0
791.15	0	.7472166	.07454439	.178239	0
790.15	0	.7460276	.07579821	.1781742	0
789.15	0	.7448173	.07708118	.1781015	0
788.15	0	.7435843	.07839548	.1780203	0
787.15	0	.7423265	.0797436	.17793	0
786.15	0	.7410417	.08112829	.17783	0
785.15	0	.7390326	.083404	.1775634	0
784.15	0	.7369184	.08581579	.1772658	0
783.15	0	.7349045	.08811207	.1769835	0
782.15	0	.7329823	.09030256	.1767152	0
781.15	0	.7311444	.09239586	.1764598	0
780.15	0	.7293842	.09439958	.1762162	0
779.15	0	.7276958	.0963205	.1759837	0
778.15	0	.7260741	.09816468	.1757613	0
777.15	0	.7245142	.09993755	.1755483	0
776.15	0	.7230119	.101644	.1753441	0
775.15	0	.7215636	.1032885	.175148	0
774.15	0	.7201656	.1048749	.1749595	0
773.15	0	.7188149	.106407	.1747781	0
772.15	0	.7175086	.107888	.1746034	0
771.15	0	.716244	.109321	.174435	0
770.15	0	.7150189	.1107088	.1742723	0
769.15	0	.713831	.1120538	.1741152	0
768.15	0	.7126783	.1133584	.1739633	0
767.15	0	.7115589	.1146249	.1738163	0
766.15	0	.7104711	.1158551	.1736739	0
765.15	0	.7094133	.1170509	.1735358	0
764.15	0	.7083841	.118214	.1734019	0
763.15	0	.7073821	.1193461	.1732719	0
762.15	0	.706406	.1204485	.1731455	0
761.15	0	.7054546	.1215227	.1730227	0
760.15	0	.7045267	.1225701	.1729032	0
759.15	0	.7036215	.1235916	.1727869	0
758.15	0	.7027378	.1245886	.1726736	0
757.15	0	.7018748	.1255621	.1725631	0
756.15	0	.7010316	.126513	.1724554	0
755.15	0	.7002074	.1274423	.1723503	0
754.15	0	.6994015	.1283508	.1722477	0
753.15	0	.6986131	.1292395	.1721475	0
752.15	0	.6978415	.130109	.1720495	0
751.15	0	.6970862	.1309602	.1719536	0
750.15	0	.6963464	.1317937	.1718599	0
749.15	0	.6956218	.1326102	.1717681	0
748.15	0	.6949116	.1334102	.1716782	0
747.15	0	.6942153	.1341945	.1715901	0
746.15	0	.6935326	.1349636	.1715038	0
745.15	0	.6928629	.1357179	.1714191	0
744.15	0	.6922058	.1364581	.1713361	0
743.15	0	.6915609	.1371846	.1712545	0
742.15	0	.6909278	.1378978	.1711745	0
741.15	0	.690306	.1385982	.1710958	0
740.15	0	.6896953	.1392862	.1710185	0
739.15	0	.6890952	.1399623	.1709426	0
738.15	0	.6885055	.1406267	.1708678	0
737.15	0	.6879258	.1412799	.1707943	0
736.15	0	.6873559	.1419222	.170722	0
735.15	0	.6867954	.1425539	.1706507	0
734.15	0	.686244	.1431755	.1705805	0
733.15	0	.6857016	.143787	.1705114	0
732.15	0	.6851677	.144389	.1704433	0
731.15	0	.6846423	.1449815	.1703761	0
730.15	0	.6841251	.1455651	.1703099	0
729.15	0	.6836157	.1461397	.1702446	0
728.15	0	.6831141	.1467058	.1701801	0
727.15	0	.68262	.1472635	.1701164	0
726.15	0	.6821332	.1478132	.1700536	0
725.15	0	.6816536	.1483549	.1699915	0
724.15	0	.6811808	.148889	.1699302	0
723.15	0	.6807148	.1494156	.1698696	0
722.15	0	.6802554	.1499349	.1698097	0
721.15	0	.6798024	.1504471	.1697505	0
720.15	0	.6793557	.1509524	.1696919	0
719.15	0	.6789151	.151451	.169634	0
718.15	0	.6784804	.151943	.1695766	0
717.15	0	.6780515	.1524286	.1695199	0
716.15	0	.6776283	.152908	.1694637	0
715.15	0	.6772106	.1533813	.1694081	0
714.15	0	.6767983	.1538487	.169353	0
713.15	0	.6763914	.1543103	.1692984	0
712.15	0	.6759895	.1547662	.1692443	0
711.15	0	.6755927	.1552166	.1691907	0
710.15	0	.6752009	.1556616	.1691375	0
709.15	0	.6748138	.1561013	.1690848	0
708.15	0	.6744315	.1565359	.1690326	0
707.15	0	.6740538	.1569655	.1689808	0
706.15	0	.6736806	.1573901	.1689293	0
705.15	0	.6733117	.1578099	.1688783	0
704.15	0	.6729472	.1582251	.1688277	0
703.15	0	.672587	.1586356	.1687774	0
702.15	0	.6722309	.1590416	.1687275	0
701.15	0	.6718788	.1594432	.168678	0
700.15	0	.6715307	.1598405	.1686287	0
699.15	0	.6711865	.1602336	.1685799	0
698.15	0	.6708461	.1606226	.1685313	0
697.15	0	.6705095	.1610075	.168483	0
696.15	0	.6701765	.1613885	.1684351	0
695.15	0	.669847	.1617656	.1683874	0
694.15	0	.6695212	.1621388	.16834	0
693.15	0	.6691987	.1625084	.1682929	0
692.15	0	.6688797	.1628743	.168246	0
691.15	0	.668564	.1632366	.1681994	0
690.15	0	.6682515	.1635954	.1681531	0
689.15	0	.6679422	.1639508	.168107	0
688.15	0	.6676361	.1643028	.1680611	0
687.15	0	.6673331	.1646515	.1680155	0
686.15	0	.667033	.1649969	.16797	0
685.15	0	.666736	.1653392	.1679248	0
684.15	0	.6664419	.1656783	.1678798	0
683.15	0	.6661506	.1660144	.167835	0
682.15	0	.6658622	.1663474	.1677904	0
681.15	0	.6655765	.1666775	.167746	0
680.15	0	.6652935	.1670047	.1677018	0
679.15	0	.6650132	.167329	.1676577	0
678.15	0	.6647356	.1676506	.1676139	0
677.15	0	.6644605	.1679694	.1675701	0
676.15	0	.664188	.1682854	.1675266	0
675.15	0	.6639179	.1685989	.1674832	0
674.15	0	.6636503	.1689097	.16744	0
673.15	0	.6633852	.1692179	.1673969	0
672.15	0	.6631224	.1695236	.167354	0
671.15	0	.6628619	.1698269	.1673112	0
670.15	0	.6626038	.1701277	.1672685	0
669.15	0	.6623479	.1704261	.167226	0
668.15	0	.6620942	.1707221	.1671836	0
667.15	0	.6618428	.1710159	.1671414	0
666.15	0	.6615935	.1713073	.1670992	0
665.15	0	.6613463	.1715965	.1670572	0
664.15	0	.6611012	.1718835	.1670153	0
663.15	0	.6608582	.1721683	.1669735	0
662.15	0	.6606172	.172451	.1669319	0
661.15	0	.6603782	.1727315	.1668903	0
660.15	0	.6601412	.17301	.1668488	0
659.15	0	.6599061	.1732865	.1668075	0
658.15	0	.6596729	.1735609	.1667662	0
657.15	0	.6594416	.1738333	.166725	0
656.15	0	.6592122	.1741039	.166684	0
655.15	0	.6589846	.1743724	.166643	0
654.15	0	.6587588	.1746391	.1666021	0
653.15	0	.6585348	.1749039	.1665613	0
652.15	0	.6583125	.1751669	.1665205	0
651.15	0	.658092	.1754281	.1664799	0
650.15	0	.6578732	.1756874	.1664393	0
649.15	0	.6576561	.1759451	.1663989	0
648.15	0	.6574406	.176201	.1663585	0
647.15	0	.6572268	.1764551	.1663181	0
646.15	0	.6570145	.1767076	.1662779	0
645.15	0	.6568039	.1769584	.1662377	0
644.15	0	.6565949	.1772076	.1661975	0
643.15	0	.6563874	.1774552	.1661575	0
642.15	0	.6561814	.1777011	.1661175	0
641.15	0	.6559769	.1779455	.1660776	0
640.15	0	.655774	.1781883	.1660377	0
639.15	0	.6555725	.1784296	.1659979	0
638.15	0	.6553724	.1786694	.1659582	0
637.15	0	.6551739	.1789077	.1659185	0
636.15	0	.6549767	.1791445	.1658788	0
635.15	0	.6547809	.1793799	.1658393	0
634.15	0	.6545865	.1796138	.1657997	0
633.15	0	.6543935	.1798463	.1657603	0
632.15	0	.6542018	.1800774	.1657209	0
631.15	0	.6540115	.1803071	.1656815	0
630.15	0	.6538224	.1805354	.1656422	0
629.15	0	.6536347	.1807624	.1656029	0
628.15	0	.6534483	.1809881	.1655637	0
627.15	0	.6532631	.1812124	.1655245	0
626.15	0	.6530792	.1814354	.1654854	0
625.15	0	.6528965	.1816572	.1654463	0
624.15	0	.6527151	.1818776	.1654073	0
623.15	0	.6525349	.1820969	.1653683	0
622.15	0	.6523559	.1823148	.1653293	0
621.15	0	.652178	.1825316	.1652904	0
620.15	0	.6520014	.1827471	.1652516	0
619.15	0	.6518259	.1829614	.1652127	0
618.15	0	.6516515	.1831746	.1651739	0
617.15	0	.6514783	.1833865	.1651352	0
616.15	0	.6513062	.1835973	.1650965	0
615.15	0	.6511352	.183807	.1650578	0
614.15	0	.6509653	.1840155	.1650192	0
613.15	0	.6507965	.1842229	.1649806	0
612.15	0	.6506288	.1844292	.164942	0
611.15	0	.6504621	.1846344	.1649035	0
610.15	0	.6502965	.1848384	.164865	0
609.15	0	.650132	.1850415	.1648266	0
608.15	0	.6499684	.1852434	.1647882	0
607.15	0	.6498059	.1854443	.1647498	0
606.15	0	.6496444	.1856441	.1647114	0
605.15	0	.6494839	.185843	.1646731	0
604.15	0	.6493244	.1860407	.1646348	0
603.15	0	.6491659	.1862375	.1645966	0
602.15	0	.6490083	.1864333	.1645584	0
601.15	0	.6488517	.1866281	.1645202	0
600.15	0	.6486961	.1868218	.1644821	0
599.15	0	.6485414	.1870147	.164444	0
598.15	0	.6483876	.1872065	.1644059	0
597.15	0	.6482348	.1873974	.1643678	0
596.15	0	.6480829	.1875873	.1643298	0
595.15	0	.6479318	.1877763	.1642918	0
594.15	0	.6477817	.1879644	.1642539	0
593.15	0	.6476325	.1881516	.164216	0
592.15	0	.6474841	.1883378	.1641781	0
591.15	0	.6473367	.1885231	.1641402	0
590.15	0	.6471901	.1887075	.1641024	0
589.15	0	.6470443	.1888911	.1640646	0
588.15	0	.6468994	.1890737	.1640269	0
587.15	0	.6467554	.1892555	.1639891	0
586.15	0	.6466122	.1894364	.1639514	0
585.15	0	.6464698	.1896165	.1639138	0
584.15	0	.6463282	.1897957	.1638761	0
583.15	0	.6461875	.189974	.1638385	0
582.15	0	.6460475	.1901515	.163801	0
581.15	0	.6459084	.1903282	.1637634	0
580.15	0	.6457701	.190504	.1637259	0
579.15	0	.6456325	.1906791	.1636884	0
578.15	0	.6454957	.1908533	.163651	0
577.15	0	.6453597	.1910267	.1636136	0
576.15	0	.6452245	.1911993	.1635762	0
575.15	0	.64509	.1913711	.1635389	0
574.15	0	.6449563	.1915421	.1635016	0
573.15	0	.6448233	.1917124	.1634643	0
572.15	0	.6446911	.1918818	.1634271	0
571.15	0	.6445596	.1920505	.1633898	0
570.15	0	.6444289	.1922184	.1633527	0
569.15	0	.6442989	.1923856	.1633155	0
568.15	0	.6441696	.192552	.1632784	0
567.15	0	.644041	.1927177	.1632413	0
566.15	0	.6439131	.1928826	.1632043	0
565.15	0	.6437859	.1930468	.1631673	0
564.15	0	.6436595	.1932102	.1631303	0
563.15	0	.6435337	.1933729	.1630934	0
562.15	0	.6434086	.1935349	.1630565	0
561.15	0	.6432842	.1936962	.1630196	0
560.15	0	.6431605	.1938567	.1629828	0
559.15	0	.6430374	.1940166	.162946	0
558.15	0	.642915	.1941757	.1629093	0
557.15	0	.6427933	.1943341	.1628726	0
556.15	0	.6426723	.1944919	.1628359	0
555.15	0	.6425518	.1946489	.1627992	0
554.15	0	.6424321	.1948053	.1627626	0
553.15	0	.642313	.194961	.1627261	0
552.15	0	.6421945	.1951159	.1626895	0
551.15	0	.6420767	.1952703	.1626531	0
550.15	0	.6419596	.1954239	.1626165	0
549.15	0	.641843	.1955769	.1625801	0
548.15	0	.6417271	.1957292	.1625437	0
547.15	0	.6416118	.1958808	.1625074	0
546.15	0	.6414971	.1960318	.1624711	0
545.15	0	.641383	.1961821	.1624349	0
544.15	0	.6412695	.1963318	.1623987	0
543.15	0	.6411566	.1964809	.1623625	0
542.15	0	.6410444	.1966293	.1623264	0
541.15	0	.6409327	.196777	.1622903	0
540.15	0	.6408216	.1969241	.1622543	0
539.15	0	.6407111	.1970706	.1622183	0
538.15	0	.6406012	.1972165	.1621823	0
537.15	0	.6404919	.1973617	.1621464	0
536.15	0	.6403831	.1975063	.1621106	0
535.15	0	.640275	.1976503	.1620748	0
534.15	0	.6401674	.1977937	.162039	0
533.15	0	.6400603	.1979364	.1620033	0
532.15	0	.6399539	.1980785	.1619676	0
531.15	0	.639848	.1982201	.161932	0
530.15	0	.6397426	.198361	.1618964	0
529.15	0	.6396378	.1985013	.1618609	0
528.15	0	.6395336	.198641	.1618254	0
527.15	0	.6394299	.1987802	.16179	0
526.15	0	.6393267	.1989187	.1617546	0
525.15	0	.6392241	.1990566	.1617193	0
524.15	0	.6391221	.199194	.161684	0
523.15	0	.6390206	.1993307	.1616487	0
522.15	0	.6389196	.1994669	.1616135	0
521.15	0	.6388191	.1996025	.1615784	0
520.15	0	.6387192	.1997375	.1615433	0
519.15	0	.6386198	.1998719	.1615083	0
518.15	0	.6385209	.2000057	.1614733	0
517.15	0	.6384226	.200139	.1614384	0
516.15	0	.6383247	.2002717	.1614036	0
515.15	0	.6382274	.2004039	.1613688	0
514.15	0	.6381306	.2005354	.161334	0
513.15	0	.6380343	.2006664	.1612993	0
512.15	0	.6379385	.2007969	.1612647	0
511.15	0	.6378432	.2009267	.1612301	0
510.15	0	.6377484	.2010561	.1611956	0
509.15	0	.6376541	.2011848	.1611611	0
508.15	0	.6375603	.201313	.1611267	0
507.15	0	.637467	.2014407	.1610923	0
506.15	0	.6373742	.2015678	.161058	0
505.15	0	.6372819	.2016943	.1610238	0
504.15	0	.6371901	.2018203	.1609896	0
503.15	0	.6370987	.2019458	.1609555	0
502.15	0	.6370079	.2020707	.1609215	0
501.15	0	.6369175	.2021951	.1608875	0
500.15	0	.6368276	.2023189	.1608535	0
499.15	0	.6367382	.2024422	.1608197	0
498.15	0	.6366492	.2025649	.1607859	0
497.15	0	.6365607	.2026871	.1607521	0
496.15	0	.6364727	.2028088	.1607185	0
495.15	0	.6363852	.20293	.1606848	0
494.15	0	.6362981	.2030506	.1606513	0
493.15	0	.6362115	.2031707	.1606178	0
492.15	0	.6361254	.2032902	.1605844	0
491.15	0	.6360397	.2034092	.1605511	0
490.15	0	.6359545	.2035278	.1605178	0
489.15	0	.6358697	.2036457	.1604846	0
488.15	0	.6357854	.2037632	.1604515	0
487.15	0	.6357015	.2038801	.1604184	0
486.15	0	.6356181	.2039965	.1603854	0
485.15	0	.6355351	.2041124	.1603525	0
484.15	0	.6354526	.2042278	.1603196	0
483.15	0	.6353705	.2043427	.1602868	0
482.15	0	.6352889	.204457	.1602541	0
481.15	0	.6352077	.2045708	.1602215	0
480.15	0	.6351269	.2046842	.1601889	0
479.15	0	.6350466	.204797	.1601564	0
478.15	0	.6349667	.2049093	.160124	0
477.15	0	.6348873	.2050211	.1600916	0
476.15	0	.6348083	.2051324	.1600594	0
475.15	0	.6347297	.2052431	.1600272	0
474.15	0	.6346516	.2053534	.1599951	0
473.15	0	.6345738	.2054632	.159963	0
472.15	0	.6344965	.2055724	.159931	0
471.15	0	.6344197	.2056812	.1598991	0
470.15	0	.6343432	.2057894	.1598673	0
469.15	0	.6342672	.2058972	.1598356	0
468.15	0	.6341916	.2060044	.159804	0
467.15	0	.6341164	.2061112	.1597724	0
466.15	0	.6340416	.2062175	.1597409	0
465.15	0	.6339673	.2063232	.1597095	0
464.15	0	.6338933	.2064285	.1596782	0
463.15	0	.6338198	.2065333	.1596469	0
462.15	0	.6337467	.2066375	.1596158	0
461.15	0	.633674	.2067413	.1595847	0
460.15	0	.6336017	.2068446	.1595537	0
459.15	0	.6335298	.2069474	.1595228	0
458.15	0	.6334583	.2070497	.159492	0
457.15	0	.6333872	.2071516	.1594612	0
456.15	0	.6333165	.2072529	.1594306	0
455.15	0	.6332463	.2073537	.1594	0
454.15	0	.6331764	.2074541	.1593695	0
453.15	0	.6331069	.207554	.1593391	0
452.15	0	.6330378	.2076534	.1593088	0
451.15	0	.6329691	.2077523	.1592786	0
450.15	0	.6329008	.2078507	.1592485	0
449.15	0	.632833	.2079486	.1592185	0
448.15	0	.6327655	.2080459	.1591886	0
447.15	0	.6326985	.2081428	.1591587	0
446.15	0	.6326318	.2082392	.159129	0
445.15	0	.6325656	.2083351	.1590994	0
444.15	0	.6324997	.2084304	.1590698	0
443.15	0	.6324343	.2085253	.1590404	0
442.15	0	.6323693	.2086196	.1590111	0
441.15	0	.6323047	.2087134	.1589819	0
440.15	0	.6322405	.2088067	.1589528	0
439.15	0	.6321767	.2088995	.1589239	0
438.15	0	.6321134	.2089917	.158895	0
437.15	0	.6320504	.2090833	.1588662	0
436.15	0	.6319879	.2091745	.1588376	0
435.15	0	.6319258	.2092651	.1588091	0
434.15	0	.6318642	.2093551	.1587808	0
433.15	0	.6318029	.2094446	.1587525	0
432.15	0	.6317421	.2095335	.1587244	0
431.15	0	.6316817	.2096219	.1586964	0
430.15	0	.6316218	.2097097	.1586685	0
429.15	0	.6315622	.209797	.1586408	0
428.15	0	.6315032	.2098837	.1586132	0
427.15	0	.6314445	.2099698	.1585857	0
426.15	0	.6313863	.2100554	.1585584	0
425.15	0	.6313284	.2101404	.1585312	0
424.15	0	.6312711	.2102248	.1585041	0
423.15	0	.6312141	.2103087	.1584772	0
422.15	0	.6311576	.210392	.1584504	0
421.15	0	.6311015	.2104747	.1584238	0
420.15	0	.6310458	.2105569	.1583973	0
419.15	0	.6309906	.2106385	.1583709	0
418.15	0	.6309358	.2107195	.1583447	0
417.15	0	.6308814	.2108	.1583186	0
416.15	0	.6308274	.2108799	.1582927	0
415.15	0	.6307739	.2109592	.1582669	0
414.15	0	.6307208	.211038	.1582413	0
413.15	0	.6306681	.2111162	.1582158	0
412.15	0	.6306158	.2111938	.1581904	0
411.15	0	.6305639	.2112709	.1581652	0
410.15	0	.6305125	.2113474	.1581402	0
409.15	0	.6304614	.2114233	.1581153	0
408.15	0	.6304108	.2114987	.1580905	0
407.15	0	.6303606	.2115735	.1580659	0
406.15	0	.6303108	.2116477	.1580414	0
405.15	0	.6302615	.2117214	.1580171	0
404.15	0	.6302125	.2117946	.1579929	0
403.15	0	.6301639	.2118672	.1579689	0
402.15	0	.6301158	.2119392	.157945	0
401.15	0	.630068	.2120107	.1579213	0
400.15	0	.6300207	.2120816	.1578977	0
399.15	0	.6299737	.212152	.1578743	0
398.15	0	.6299271	.2122219	.157851	0
397.15	0	.629881	.2122912	.1578279	0
396.15	0	.6298352	.2123599	.1578049	0
395.15	0	.6297898	.2124282	.1577821	0
394.15	0	.6297448	.2124959	.1577594	0
393.15	0	.6297002	.212563	.1577368	0
392.15	0	.6296559	.2126297	.1577144	0
391.15	0	.6296121	.2126958	.1576922	0
390.15	0	.6295686	.2127613	.1576701	0
389.15	0	.6295255	.2128264	.1576481	0
388.15	0	.6294828	.2128909	.1576263	0
387.15	0	.6294404	.212955	.1576046	0
386.15	0	.6293985	.2130185	.1575831	0
385.15	0	.6293568	.2130815	.1575617	0
384.15	0	.6293156	.213144	.1575404	0
383.15	0	.6292747	.213206	.1575194	0
382.15	0	.6292341	.2132675	.1574984	0
381.15	0	.629194	.2133285	.1574776	0
380.15	0	.6291541	.213389	.1574569	0
379.15	0	.6291146	.213449	.1574364	0
378.15	0	.6290755	.2135085	.157416	0
377.15	0	.6290367	.2135675	.1573958	0
376.15	0	.6289983	.2136261	.1573756	0
375.15	0	.6289602	.2136841	.1573557	0
374.15	0	.6289224	.2137417	.1573358	0
373.15	0	.628885	.2137989	.1573161	0
372.15	0	.6288479	.2138555	.1572966	0
371.15	0	.6288111	.2139117	.1572772	0
370.15	0	.6287747	.2139674	.1572579	0
369.15	0	.6287385	.2140227	.1572388	0
368.15	0	.6287027	.2140775	.1572197	0
367.15	0	.6286673	.2141319	.1572009	0
366.15	0	.6286321	.2141858	.1571821	0
365.15	0	.6285972	.2142393	.1571635	0
364.15	0	.6285627	.2142923	.157145	0
363.15	0	.6285284	.2143449	.1571267	0
362.15	0	.6284945	.214397	.1571085	0
361.15	0	.6284609	.2144488	.1570904	0
360.15	0	.6284275	.2145001	.1570724	0
359.15	0	.6283945	.2145509	.1570546	0
358.15	0	.6283617	.2146014	.1570369	0
357.15	0	.6283293	.2146514	.1570193	0
356.15	0	.6282971	.214701	.1570019	0
355.15	0	.6282652	.2147502	.1569846	0
354.15	0	.6282336	.2147991	.1569674	0
353.15	0	.6282022	.2148474	.1569503	0
352.15	0	.6281712	.2148954	.1569334	0
351.15	0	.6281404	.214943	.1569166	0
350.15	0	.6281099	.2149903	.1568999	0
349.15	0	.6280797	.2150371	.1568833	0
348.15	0	.6280497	.2150835	.1568668	0
347.15	0	.62802	.2151295	.1568505	0
346.15	0	.6279905	.2151752	.1568343	0
345.15	0	.6279613	.2152205	.1568182	0
344.15	0	.6279324	.2152654	.1568022	0
343.15	0	.6279037	.21531	.1567864	0
342.15	0	.6278752	.2153542	.1567706	0
341.15	0	.627847	.215398	.156755	0
340.15	0	.6278191	.2154414	.1567395	0
339.15	0	.6277914	.2154845	.1567241	0
338.15	0	.6277639	.2155273	.1567088	0
337.15	0	.6277366	.2155697	.1566937	0
336.15	0	.6277096	.2156117	.1566786	0
335.15	0	.6276829	.2156534	.1566637	0
334.15	0	.6276563	.2156948	.1566489	0
333.15	0	.62763	.2157358	.1566342	0
332.15	0	.6276039	.2157765	.1566196	0
331.15	0	.627578	.2158169	.1566051	0
330.15	0	.6275524	.215857	.1565907	0
329.15	0	.6275269	.2158967	.1565764	0
328.15	0	.6275017	.2159361	.1565623	0
327.15	0	.6274767	.2159751	.1565482	0
326.15	0	.6274519	.2160139	.1565343	0
325.15	0	.6274273	.2160523	.1565204	0
324.15	0	.6274028	.2160905	.1565067	0
323.15	0	.6273786	.2161283	.1564931	0
322.15	0	.6273546	.2161658	.1564795	0
321.15	0	.6273308	.2162031	.1564661	0
320.15	0	.6273072	.21624	.1564528	0
319.15	0	.6272838	.2162766	.1564396	0
318.15	0	.6272606	.216313	.1564265	0
317.15	0	.6272375	.216349	.1564135	0
316.15	0	.6272146	.2163848	.1564006	0
315.15	0	.627192	.2164203	.1563878	0
314.15	0	.6271695	.2164555	.1563751	0
313.15	0	.6271471	.2164904	.1563625	0
312.15	0	.627125	.216525	.15635	0
311.15	0	.627103	.2165594	.1563376	0
310.15	0	.6270812	.2165935	.1563253	0
309.15	0	.6270596	.2166273	.1563131	0
308.15	0	.6270381	.2166609	.156301	0
307.15	0	.6270168	.2166942	.156289	0
306.15	0	.6269956	.2167273	.1562771	0
305.15	0	.6269746	.2167601	.1562653	0
304.15	0	.6269538	.2167926	.1562536	0
303.15	0	.6269331	.2168249	.156242	0
302.15	0	.6269126	.2168569	.1562305	0
301.15	0	.6268922	.2168887	.156219	0
300.15	0	.626872	.2169203	.1562077	0
299.15	0	.626852	.2169516	.1561965	0
298.15	0	.626832	.2169826	.1561853	0
