T	 BPW(LIQUID)	BPW(BCC_A2)	BPW(FCC_A1)	BPW(LAVES_PHASE_C14)	BPW(NI3TI)
1473.15	0	1	0	0	0
1472.15	0	1	0	0	0
1471.15	0	1	0	0	0
1470.15	0	1	0	0	0
1469.15	0	1	0	0	0
1468.15	0	1	0	0	0
1467.15	0	1	0	0	0
1466.15	0	1	0	0	0
1465.15	0	1	0	0	0
1464.15	0	1	0	0	0
1463.15	0	1	0	0	0
1462.15	0	1	0	0	0
1461.15	0	1	0	0	0
1460.15	0	1	0	0	0
1459.15	0	1	0	0	0
1458.15	0	1	0	0	0
1457.15	0	1	0	0	0
1456.15	0	1	0	0	0
1455.15	0	1	0	0	0
1454.15	0	1	0	0	0
1453.15	0	1	0	0	0
1452.15	0	1	0	0	0
1451.15	0	1	0	0	0
1450.15	0	1	0	0	0
1449.15	0	1	0	0	0
1448.15	0	1	0	0	0
1447.15	0	1	0	0	0
1446.15	0	1	0	0	0
1445.15	0	1	0	0	0
1444.15	0	1	0	0	0
1443.15	0	1	0	0	0
1442.15	0	1	0	0	0
1441.15	0	1	0	0	0
1440.15	0	1	0	0	0
1439.15	0	1	0	0	0
1438.15	0	1	0	0	0
1437.15	0	1	0	0	0
1436.15	0	1	0	0	0
1435.15	0	1	0	0	0
1434.15	0	1	0	0	0
1433.15	0	1	0	0	0
1432.15	0	1	0	0	0
1431.15	0	1	0	0	0
1430.15	0	1	0	0	0
1429.15	0	1	0	0	0
1428.15	0	1	0	0	0
1427.15	0	1	0	0	0
1426.15	0	1	0	0	0
1425.15	0	1	0	0	0
1424.15	0	1	0	0	0
1423.15	0	1	0	0	0
1422.15	0	1	0	0	0
1421.15	0	1	0	0	0
1420.15	0	1	0	0	0
1419.15	0	1	0	0	0
1418.15	0	1	0	0	0
1417.15	0	1	0	0	0
1416.15	0	1	0	0	0
1415.15	0	1	0	0	0
1414.15	0	1	0	0	0
1413.15	0	1	0	0	0
1412.15	0	1	0	0	0
1411.15	0	1	0	0	0
1410.15	0	1	0	0	0
1409.15	0	1	0	0	0
1408.15	0	1	0	0	0
1407.15	0	1	0	0	0
1406.15	0	1	0	0	0
1405.183	0	1	0	0	0
1405.183	0	1	0	0	0
1405.183	0	1	0	0	0
1405.15	0	.9999331	6.688943E-05	0	0
1404.15	0	.9979036	.002096404	0	0
1403.15	0	.9958795	.00412046	0	0
1402.15	0	.9938609	.006139062	0	0
1401.15	0	.9918478	.008152214	0	0
1400.15	0	.9898401	.01015992	0	0
1399.15	0	.9878378	.01216218	0	0
1398.15	0	.985841	.01415901	0	0
1397.15	0	.9838496	.0161504	0	0
1396.15	0	.9818636	.01813636	0	0
1395.15	0	.9798831	.0201169	0	0
1394.15	0	.977908	.02209201	0	0
1393.15	0	.9759383	.02406171	0	0
1392.15	0	.973974	.02602599	0	0
1391.15	0	.9720151	.02798486	0	0
1390.15	0	.9700617	.02993831	0	0
1389.15	0	.9681136	.03188637	0	0
1388.15	0	.966171	.03382902	0	0
1387.15	0	.9642337	.03576628	0	0
1386.15	0	.9623019	.03769814	0	0
1385.15	0	.9603754	.03962461	0	0
1384.15	0	.9584543	.04154568	0	0
1383.15	0	.9565386	.04346138	0	0
1382.15	0	.9546283	.04537169	0	0
1381.15	0	.9527234	.04727662	0	0
1380.15	0	.9508238	.04917618	0	0
1379.15	0	.9489296	.05107036	0	0
1378.15	0	.9470408	.05295917	0	0
1377.15	0	.9451574	.05484261	0	0
1376.15	0	.9432793	.05672069	0	0
1375.15	0	.9414066	.0585934	0	0
1374.15	0	.9395393	.06046075	0	0
1373.15	0	.9376773	.06232275	0	0
1372.15	0	.9358206	.06417938	0	0
1371.15	0	.9339693	.06603067	0	0
1370.15	0	.9321234	.0678766	0	0
1369.15	0	.9302828	.06971718	0	0
1368.15	0	.9284476	.07155242	0	0
1367.15	0	.9266177	.07338231	0	0
1366.15	0	.9247931	.07520686	0	0
1365.15	0	.9229739	.07702606	0	0
1364.15	0	.9211601	.07883993	0	0
1363.15	0	.9193515	.08064846	0	0
1362.15	0	.9175484	.08245165	0	0
1361.15	0	.9157505	.08424951	0	0
1360.15	0	.913958	.08604204	0	0
1359.15	0	.9121708	.08782923	0	0
1358.15	0	.9103889	.0896111	0	0
1357.15	0	.9086124	.09138764	0	0
1356.15	0	.9068411	.09315885	0	0
1355.15	0	.9050753	.09492473	0	0
1354.15	0	.9033147	.09668529	0	0
1353.15	0	.9015595	.09844053	0	0
1352.15	0	.8998096	.1001904	0	0
1351.15	0	.898065	.101935	0	0
1350.15	0	.8963257	.1036743	0	0
1349.15	0	.8945917	.1054083	0	0
1348.15	0	.8928631	.1071369	0	0
1347.15	0	.8911398	.1088602	0	0
1346.804	0	.8905452	.1094548	0	0
1346.804	0	.8905452	.1094548	0	0
1346.804	0	.8905452	.1094548	0	0
1346.15	0	.8886953	.1109157	3.890412E-04	0
1345.15	0	.8858746	.1131434	9.820339E-04	0
1344.15	0	.883062	.1153649	.001573048	0
1343.15	0	.8802577	.1175802	.002162092	0
1342.15	0	.8774616	.1197893	.002749174	0
1341.15	0	.8746736	.1219921	.0033343	0
1340.15	0	.8718939	.1241887	.003917479	0
1339.15	0	.8691223	.126379	.004498718	0
1338.15	0	.8663588	.1285632	.005078024	0
1337.15	0	.8636035	.1307411	.005655405	0
1336.15	0	.8608564	.1329127	.006230869	0
1335.15	0	.8581174	.1350782	.006804423	0
1334.15	0	.8553866	.1372373	.007376074	0
1333.15	0	.8526639	.1393903	.007945829	0
1332.15	0	.8499493	.141537	.008513697	0
1331.15	0	.8472428	.1436775	.009079683	0
1330.15	0	.8445445	.1458117	.009643795	0
1329.15	0	.8418543	.1479397	.01020604	0
1328.15	0	.8391722	.1500614	.01076642	0
1327.15	0	.8364982	.1521769	.01132496	0
1326.15	0	.8338323	.1542861	.01188165	0
1325.15	0	.8311745	.1563891	.01243649	0
1324.15	0	.8285247	.1584858	.01298951	0
1323.15	0	.8258831	.1605762	.0135407	0
1322.15	0	.8232496	.1626604	.01409008	0
1321.15	0	.8206241	.1647383	.01463764	0
1320.15	0	.8180067	.1668099	.0151834	0
1319.15	0	.8153974	.1688752	.01572735	0
1318.15	0	.8127962	.1709343	.01626952	0
1317.15	0	.8102031	.1729871	.01680991	0
1316.15	0	.807618	.1750335	.01734851	0
1315.15	0	.805041	.1770737	.01788535	0
1314.15	0	.802472	.1791076	.01842042	0
1313.15	0	.7999111	.1811352	.01895373	0
1312.15	0	.7973583	.1831564	.01948529	0
1311.15	0	.7948136	.1851714	.0200151	0
1310.15	0	.7922769	.18718	.02054318	0
1309.15	0	.7897482	.1891823	.02106952	0
1308.15	0	.7872277	.1911782	.02159413	0
1307.15	0	.7847151	.1931678	.02211703	0
1306.15	0	.7822107	.1951511	.02263821	0
1305.15	0	.7797143	.197128	.02315768	0
1304.15	0	.777226	.1990986	.02367545	0
1303.15	0	.7747457	.2010628	.02419153	0
1302.15	0	.7722735	.2030206	.02470592	0
1301.15	0	.7698094	.204972	.02521862	0
1300.15	0	.7673533	.206917	.02572964	0
1299.15	0	.7649053	.2088557	.026239	0
1298.15	0	.7624654	.210788	.02674669	0
1297.15	0	.7600335	.2127138	.02725272	0
1296.15	0	.7576097	.2146332	.02775709	0
1295.15	0	.755194	.2165462	.02825982	0
1294.15	0	.7527864	.2184528	.0287609	0
1293.15	0	.7503868	.2203529	.02926035	0
1292.15	0	.7479953	.2222465	.02975817	0
1291.15	0	.7456119	.2241337	.03025436	0
1290.15	0	.7432366	.2260145	.03074893	0
1289.15	0	.7408694	.2278887	.03124189	0
1288.15	0	.7385103	.2297565	.03173324	0
1287.15	0	.7361593	.2316177	.03222299	0
1286.15	0	.7338164	.2334725	.03271114	0
1285.15	0	.7314816	.2353207	.03319771	0
1284.15	0	.7291549	.2371624	.03368268	0
1283.15	0	.7268364	.2389976	.03416607	0
1282.15	0	.7245259	.2408262	.03464789	0
1281.15	0	.7222236	.2426482	.03512814	0
1280.15	0	.7199295	.2444637	.03560683	0
1279.15	0	.7176435	.2462726	.03608396	0
1278.15	0	.7153656	.2480749	.03655953	0
1277.15	0	.7130959	.2498706	.03703355	0
1276.15	0	.7108343	.2516596	.03750603	0
1275.15	0	.7085809	.2534421	.03797698	0
1274.15	0	.7063357	.2552179	.03844638	0
1273.15	0	.7040987	.256987	.03891427	0
1272.15	0	.7018699	.2587495	.03938063	0
1271.15	0	.6996492	.2605053	.03984547	0
1270.15	0	.6974368	.2622544	.0403088	0
1269.15	0	.6952326	.2639968	.04077062	0
1268.15	0	.6930366	.2657325	.04123094	0
1267.15	0	.6908489	.2674614	.04168976	0
1266.15	0	.6886693	.2691836	.04214709	0
1265.15	0	.6864981	.270899	.04260293	0
1264.15	0	.6843351	.2726077	.04305729	0
1263.15	0	.6821803	.2743095	.04351017	0
1262.15	0	.6800339	.2760046	.04396158	0
1261.15	0	.6778957	.2776928	.04441152	0
1260.15	0	.6757658	.2793742	.04486	0
1259.15	0	.6736443	.2810487	.04530701	0
1258.15	0	.671531	.2827164	.04575258	0
1257.15	0	.6694261	.2843772	.04619669	0
1256.15	0	.6673295	.2860311	.04663936	0
1255.15	0	.6652413	.2876781	.04708059	0
1254.15	0	.6631615	.2893181	.04752039	0
1253.15	0	.66109	.2909512	.04795875	0
1252.15	0	.6590269	.2925774	.04839569	0
1251.15	0	.6569723	.2941965	.0488312	0
1250.15	0	.654926	.2958087	.0492653	0
1249.15	0	.6528882	.2974138	.04969799	0
1248.15	0	.6508588	.2990119	.05012926	0
1247.15	0	.6488379	.300603	.05055914	0
1246.15	0	.6468254	.302187	.05098761	0
1245.15	0	.6448214	.3037639	.05141469	0
1244.15	0	.6428259	.3053337	.05184038	0
1243.15	0	.640839	.3068963	.05226468	0
1242.15	0	.6388605	.3084519	.0526876	0
1241.15	0	.6368906	.3100002	.05310914	0
1240.15	0	.6349293	.3115414	.05352931	0
1239.15	0	.6329765	.3130754	.05394811	0
1238.15	0	.6310323	.3146021	.05436555	0
1237.15	0	.6290968	.3161216	.05478162	0
1236.15	0	.6271698	.3176339	.05519634	0
1235.15	0	.6252515	.3191388	.0556097	0
1234.15	0	.6233418	.3206365	.05602172	0
1233.15	0	.6214408	.3221268	.05643239	0
1232.15	0	.6195485	.3236098	.05684173	0
1231.15	0	.6176649	.3250854	.05724972	0
1230.15	0	.61579	.3265536	.05765639	0
1229.15	0	.6139238	.3280144	.05806172	0
1228.15	0	.6120664	.3294678	.05846574	0
1227.15	0	.6102178	.3309138	.05886843	0
1226.15	0	.608378	.3323522	.05926981	0
1225.15	0	.606547	.3337831	.05966987	0
1224.15	0	.6047248	.3352066	.06006863	0
1223.15	0	.6029115	.3366224	.06046608	0
1222.15	0	.601107	.3380307	.06086223	0
1221.15	0	.5993115	.3394314	.06125709	0
1220.15	0	.5975248	.3408245	.06165065	0
1219.15	0	.5957471	.34221	.06204292	0
1218.15	0	.5939783	.3435878	.06243391	0
1217.15	0	.5922185	.3449578	.06282362	0
1216.15	0	.5904677	.3463202	.06321205	0
1215.15	0	.588726	.3476748	.0635992	0
1214.15	0	.5869932	.3490217	.06398509	0
1213.15	0	.5852695	.3503608	.06436971	0
1212.15	0	.5835549	.351692	.06475306	0
1211.15	0	.5818494	.3530155	.06513516	0
1210.15	0	.580153	.354331	.065516	0
1209.15	0	.5784658	.3556387	.06589559	0
1208.15	0	.5767877	.3569384	.06627393	0
1207.15	0	.5751188	.3582302	.06665103	0
1206.15	0	.5734591	.359514	.06702689	0
1205.15	0	.5718087	.3607898	.06740151	0
1204.15	0	.5701676	.3620576	.06777489	0
1203.15	0	.5685357	.3633173	.06814705	0
1202.15	0	.5669131	.3645689	.06851797	0
1201.15	0	.5652999	.3658124	.06888768	0
1200.15	0	.563696	.3670478	.06925616	0
1199.15	0	.5621016	.368275	.06962343	0
1198.15	0	.5605165	.369494	.06998948	0
1197.15	0	.5589409	.3707048	.07035433	0
1196.15	0	.5573747	.3719074	.07071796	0
1195.15	0	.555818	.3731016	.0710804	0
1194.15	0	.5542708	.3742875	.07144163	0
1193.15	0	.5527332	.3754651	.07180167	0
1192.15	0	.5512051	.3766344	.07216052	0
1191.15	0	.5496867	.3777952	.07251818	0
1190.15	0	.5481778	.3789476	.07287465	0
1189.15	0	.5466786	.3800915	.07322993	0
1188.15	0	.5451891	.3812269	.07358404	0
1187.15	0	.5437092	.3823538	.07393697	0
1186.15	0	.5422391	.3834722	.07428873	0
1185.15	0	.5407788	.3845819	.07463932	0
1184.15	0	.5393282	.3856831	.07498874	0
1183.15	0	.5378875	.3867756	.075337	0
1182.15	0	.5364565	.3878594	.0756841	0
1181.15	0	.5350355	.3889345	.07603004	0
1180.15	0	.5336243	.3900008	.07637483	0
1179.15	0	.5322231	.3910584	.07671846	0
1178.15	0	.5308318	.3921072	.07706095	0
1177.15	0	.5294506	.3931472	.07740229	0
1176.15	0	.5280793	.3941782	.07774249	0
1175.15	0	.5267181	.3952004	.07808156	0
1174.15	0	.5253669	.3962136	.07841949	0
1173.15	0	.5240259	.3972179	.07875628	0
1172.15	0	.5226949	.3982131	.07909195	0
1171.15	0	.5213742	.3991993	.07942649	0
1170.15	0	.5200636	.4001765	.07975991	0
1169.15	0	.5187633	.4011445	.0800922	0
1168.15	0	.5174732	.4021034	.08042338	0
1167.15	0	.5161934	.4030532	.08075345	0
1166.15	0	.5149239	.4039937	.08108241	0
1165.15	0	.5136647	.404925	.08141025	0
1164.15	0	.512416	.405847	.08173699	0
1163.15	0	.5111776	.4067598	.08206263	0
1162.15	0	.5099497	.4076631	.08238718	0
1161.15	0	.5087322	.4085572	.08271062	0
1160.15	0	.5075253	.4094417	.08303297	0
1159.15	0	.5063289	.4103169	.08335423	0
1158.15	0	.505143	.4111826	.0836744	0
1157.15	0	.5039678	.4120388	.08399349	0
1156.15	0	.5028031	.4128854	.0843115	0
1155.15	0	.5016491	.4137224	.08462843	0
1154.15	0	.5005058	.4145499	.08494429	0
1153.15	0	.4993732	.4153677	.08525907	0
1152.15	0	.4982514	.4161758	.08557278	0
1151.15	0	.4971404	.4169742	.08588542	0
1150.15	0	.4960402	.4177628	.08619699	0
1149.15	0	.4949509	.4185416	.08650751	0
1148.15	0	.4938724	.4193107	.08681696	0
1147.15	0	.4928048	.4200698	.08712536	0
1146.15	0	.4917482	.4208191	.08743271	0
1145.15	0	.4907026	.4215584	.087739	0
1144.15	0	.489668	.4222878	.08804425	0
1143.15	0	.4886444	.4230072	.08834845	0
1142.15	0	.4876319	.4237165	.08865161	0
1141.15	0	.4866305	.4244158	.08895373	0
1140.15	0	.4856402	.425105	.08925482	0
1139.15	0	.4846611	.425784	.08955487	0
1138.15	0	.4836932	.4264529	.08985388	0
1137.15	0	.4827366	.4271116	.09015187	0
1136.15	0	.4817912	.42776	.09044884	0
1135.15	0	.480857	.4283982	.09074478	0
1134.15	0	.4799343	.429026	.0910397	0
1133.15	0	.4790228	.4296436	.09133361	0
1132.15	0	.4781228	.4302507	.0916265	0
1131.15	0	.4772342	.4308475	.09191837	0
1130.15	0	.476357	.4314338	.09220924	0
1129.15	0	.4754913	.4320096	.0924991	0
1128.15	0	.4746372	.4325749	.09278795	0
1127.15	0	.4737945	.4331297	.09307581	0
1126.15	0	.4729634	.4336739	.09336267	0
1125.15	0	.472144	.4342075	.09364852	0
1124.15	0	.4713362	.4347304	.09393339	0
1123.15	0	.47054	.4352427	.09421727	0
1122.15	0	.4697555	.4357443	.09450015	0
1121.15	0	.4689828	.4362352	.09478205	0
1120.15	0	.4682218	.4367153	.09506297	0
1119.15	0	.4674725	.4371846	.09534291	0
1118.15	0	.4667351	.437643	.09562187	0
1117.15	0	.4660095	.4380906	.09589985	0
1116.15	0	.4652958	.4385274	.09617687	0
1115.15	0	.4645939	.4389532	.09645291	0
1114.15	0	.463904	.439368	.09672799	0
1113.15	0	.463226	.4397719	.0970021	0
1112.15	0	.46256	.4401647	.09727524	0
1111.15	0	.461906	.4405466	.09754743	0
1110.15	0	.461264	.4409173	.09781867	0
1109.15	0	.4606341	.441277	.09808894	0
1108.15	0	.4600162	.4416255	.09835827	0
1107.15	0	.4594104	.4419629	.09862665	0
1106.15	0	.4588168	.4422891	.09889408	0
1105.15	0	.4582353	.4426042	.09916056	0
1104.15	0	.4576659	.442908	.09942611	0
1103.15	0	.4571088	.4432005	.09969071	0
1102.15	0	.4565639	.4434818	.09995438	0
1101.15	0	.4560312	.4437517	.1002171	0
1100.15	0	.4555107	.4440104	.1004789	0
1099.15	0	.4550026	.4442576	.1007398	0
1098.15	0	.4545067	.4444936	.1009997	0
1097.15	0	.4540232	.4447181	.1012588	0
1096.15	0	.453552	.4449312	.1015169	0
1095.15	0	.4530931	.4451328	.1017741	0
1094.15	0	.4526466	.445323	.1020303	0
1093.15	0	.4522126	.4455017	.1022857	0
1092.15	0	.4517909	.445669	.1025401	0
1091.15	0	.4513817	.4458247	.1027937	0
1090.15	0	.4509849	.4459688	.1030463	0
1089.15	0	.4506005	.4461015	.103298	0
1088.15	0	.4502287	.4462225	.1035488	0
1087.15	0	.4498693	.446332	.1037988	0
1086.15	0	.4495224	.4464298	.1040478	0
1085.15	0	.4491881	.446516	.1042959	0
1084.15	0	.4488662	.4465906	.1045432	0
1083.15	0	.4485569	.4466536	.1047895	0
1082.15	0	.4482601	.4467049	.105035	0
1081.15	0	.4479759	.4467445	.1052796	0
1080.15	0	.4477042	.4467725	.1055233	0
1079.15	0	.4474452	.4467888	.1057661	0
1078.15	0	.4471987	.4467933	.106008	0
1077.15	0	.4469647	.4467862	.1062491	0
1076.15	0	.4467434	.4467673	.1064893	0
1075.15	0	.4465347	.4467367	.1067286	0
1074.15	0	.4463385	.4466944	.1069671	0
1073.15	0	.446155	.4466404	.1072047	0
1072.15	0	.445984	.4465746	.1074414	0
1071.15	0	.4458257	.4464971	.1076773	0
1070.15	0	.4456799	.4464078	.1079123	0
1069.15	0	.4455468	.4463068	.1081464	0
1068.15	0	.4454263	.446194	.1083797	0
1067.15	0	.4453183	.4460695	.1086122	0
1066.15	0	.4452229	.4459333	.1088438	0
1065.15	0	.4451402	.4457853	.1090745	0
1064.15	0	.44507	.4456256	.1093044	0
1063.15	0	.4450124	.4454541	.1095335	0
1062.15	0	.4449673	.4452709	.1097617	0
1061.15	0	.4449348	.445076	.1099891	0
1060.15	0	.4449149	.4448694	.1102157	0
1059.15	0	.4449075	.4446511	.1104414	0
1058.15	0	.4449126	.4444211	.1106663	0
1057.15	0	.4449302	.4441795	.1108904	0
1056.15	0	.4449603	.4439261	.1111136	0
1055.15	0	.4450029	.4436611	.111336	0
1054.15	0	.445058	.4433845	.1115576	0
1053.15	0	.4451255	.4430962	.1117784	0
1052.15	0	.4452054	.4427963	.1119983	0
1051.15	0	.4452977	.4424849	.1122174	0
1050.15	0	.4454024	.4421618	.1124357	0
1049.15	0	.4455195	.4418272	.1126532	0
1048.15	0	.4456489	.4414811	.1128699	0
1047.15	0	.4457907	.4411235	.1130858	0
1046.15	0	.4459447	.4407544	.1133009	0
1045.15	0	.4461109	.4403739	.1135152	0
1044.15	0	.4462894	.4399819	.1137286	0
1043.15	0	.4464801	.4395786	.1139413	0
1042.15	0	.446683	.4391638	.1141532	0
1041.15	0	.446898	.4387378	.1143642	0
1040.15	0	.4471251	.4383004	.1145745	0
1039.15	0	.4473643	.4378517	.114784	0
1038.15	0	.4476155	.4373918	.1149927	0
1037.15	0	.4478787	.4369207	.1152006	0
1036.15	0	.4481539	.4364385	.1154077	0
1035.15	0	.4484409	.4359451	.115614	0
1034.15	0	.4487399	.4354406	.1158195	0
1033.15	0	.4490506	.4349251	.1160243	0
1032.15	0	.4493732	.4343986	.1162282	0
1031.15	0	.4497075	.4338611	.1164314	0
1030.15	0	.4500535	.4333127	.1166338	0
1029.15	0	.4504111	.4327535	.1168354	0
1028.15	0	.4507803	.4321834	.1170363	0
1027.15	0	.4511611	.4316026	.1172363	0
1026.15	0	.4515533	.431011	.1174356	0
1025.15	0	.451957	.4304088	.1176341	0
1024.15	0	.4523721	.429796	.1178319	0
1023.15	0	.4527985	.4291726	.1180289	0
1022.15	0	.4532362	.4285387	.1182251	0
1021.15	0	.4536851	.4278944	.1184205	0
1020.15	0	.4541451	.4272397	.1186152	0
1019.15	0	.4546163	.4265746	.1188091	0
1018.15	0	.4550984	.4258994	.1190022	0
1017.15	0	.4555915	.4252139	.1191946	0
1016.15	0	.4560956	.4245183	.1193862	0
1015.15	0	.4566104	.4238126	.119577	0
1014.15	0	.457136	.4230969	.1197671	0
1013.15	0	.4576723	.4223713	.1199564	0
1012.15	0	.4582192	.4216359	.1201449	0
1011.15	0	.4587767	.4208906	.1203327	0
1010.15	0	.4593446	.4201357	.1205197	0
1009.15	0	.4599229	.4193711	.120706	0
1008.15	0	.4605116	.418597	.1208915	0
1007.15	0	.4611105	.4178133	.1210762	0
1006.15	0	.4617195	.4170203	.1212602	0
1005.15	0	.4623387	.416218	.1214434	0
1004.15	0	.4629678	.4154064	.1216258	0
1003.15	0	.4636069	.4145856	.1218075	0
1002.15	0	.4642558	.4137558	.1219884	0
1001.15	0	.4649145	.412917	.1221686	0
1000.15	0	.4655828	.4120692	.122348	0
999.15	0	.4662607	.4112127	.1225266	0
998.15	0	.4669481	.4103475	.1227045	0
997.15	0	.4676448	.4094736	.1228816	0
996.15	0	.4683509	.4085912	.1230579	0
995.15	0	.4690662	.4077003	.1232334	0
994.15	0	.4697906	.4068011	.1234082	0
993.15	0	.4705241	.4058937	.1235823	0
992.15	0	.4712664	.4049781	.1237555	0
991.15	0	.4720176	.4040544	.123928	0
990.15	0	.4727775	.4031228	.1240997	0
989.15	0	.473546	.4021834	.1242706	0
988.15	0	.4743231	.4012362	.1244408	0
987.15	0	.4751086	.4002813	.1246101	0
986.15	0	.4759023	.3993189	.1247787	0
985.15	0	.4767043	.3983491	.1249465	0
984.15	0	.4775145	.397372	.1251135	0
983.15	0	.4783326	.3963877	.1252797	0
982.15	0	.4791586	.3953963	.1254452	0
981.15	0	.4799923	.3943979	.1256098	0
980.15	0	.4808338	.3933926	.1257737	0
979.15	0	.4816828	.3923805	.1259367	0
978.15	0	.4825392	.3913619	.1260989	0
977.15	0	.483403	.3903367	.1262603	0
976.15	0	.4842739	.3893051	.126421	0
975.15	0	.485152	.3882673	.1265807	0
974.15	0	.486037	.3872233	.1267397	0
973.15	0	.4869289	.3861732	.1268979	0
972.15	0	.4878275	.3851173	.1270552	0
971.15	0	.4887327	.3840556	.1272117	0
970.15	0	.4896445	.3829882	.1273673	0
969.15	0	.4905626	.3819153	.1275221	0
968.15	0	.4914869	.3808371	.1276761	0
967.15	0	.4924173	.3797535	.1278292	0
966.15	0	.4933537	.3786649	.1279814	0
965.15	0	.494296	.3775712	.1281328	0
964.15	0	.495244	.3764727	.1282833	0
963.15	0	.4961976	.3753695	.1284329	0
962.15	0	.4971566	.3742618	.1285816	0
961.15	0	.498121	.3731495	.1287295	0
960.15	0	.4990906	.372033	.1288764	0
959.15	0	.5000652	.3709124	.1290224	0
958.15	0	.5010447	.3697878	.1291675	0
957.15	0	.502029	.3686593	.1293117	0
956.15	0	.503018	.3675271	.1294549	0
955.15	0	.5040114	.3663914	.1295972	0
954.15	0	.5050092	.3652523	.1297386	0
953.15	0	.5060112	.3641099	.1298789	0
952.15	0	.5070172	.3629645	.1300183	0
951.15	0	.5080272	.3618161	.1301567	0
950.15	0	.5090409	.360665	.1302941	0
949.15	0	.5100582	.3595113	.1304306	0
948.15	0	.5110106	.3584197	.1305697	0
947.15	0	.5118039	.3574793	.1307168	0
946.15	0	.5126278	.3565108	.1308613	0
945.15	0	.513481	.3555156	.1310034	0
944.15	0	.5143622	.3544949	.1311429	0
943.15	0	.5152702	.3534497	.1312801	0
942.15	0	.5162038	.3523814	.1314149	0
941.15	0	.5171618	.3512908	.1315474	0
940.15	0	.5181433	.3501792	.1316775	0
939.15	0	.519147	.3490475	.1318055	0
938.15	0	.520172	.3478968	.1319312	0
937.15	0	.5212173	.346728	.1320548	0
936.15	0	.5222818	.345542	.1321762	0
935.15	0	.5233647	.3443398	.1322955	0
934.15	0	.524465	.3431223	.1324127	0
933.15	0	.5255819	.3418902	.1325279	0
932.15	0	.5267144	.3406445	.1326411	0
931.15	0	.5278619	.3393859	.1327522	0
930.15	0	.5290234	.3381152	.1328614	0
929.15	0	.5301982	.3368332	.1329686	0
928.15	0	.5313855	.3355406	.1330739	0
927.15	0	.5325846	.3342381	.1331773	0
926.15	0	.5337948	.3329264	.1332788	0
925.15	0	.5350154	.3316062	.1333784	0
924.15	0	.5362457	.3302781	.1334762	0
923.15	0	.5374851	.3289428	.1335722	0
922.15	0	.538733	.3276007	.1336663	0
921.15	0	.5399887	.3262527	.1337586	0
920.15	0	.5412517	.3248992	.1338491	0
919.15	0	.5425214	.3235408	.1339379	0
918.15	0	.5437971	.3221779	.1340249	0
917.15	0	.5450785	.3208113	.1341102	0
916.15	0	.546365	.3194413	.1341937	0
915.15	0	.547656	.3180685	.1342755	0
914.15	0	.5489511	.3166933	.1343556	0
913.15	0	.5502498	.3153162	.134434	0
912.15	0	.5515516	.3139377	.1345108	0
911.15	0	.552856	.3125581	.1345859	0
910.15	0	.5541627	.311178	.1346593	0
909.15	0	.5554712	.3097977	.134731	0
908.15	0	.5567811	.3084177	.1348012	0
907.15	0	.558092	.3070384	.1348697	0
906.15	0	.5594035	.30566	.1349365	0
905.15	0	.5607151	.304283	.1350018	0
904.15	0	.5620267	.3029078	.1350655	0
903.15	0	.5633377	.3015347	.1351276	0
902.15	0	.5646479	.300164	.1351881	0
901.15	0	.5659568	.2987961	.1352471	0
900.15	0	.5672643	.2974313	.1353044	0
899.15	0	.5685698	.2960699	.1353603	0
898.15	0	.5698732	.2947122	.1354146	0
897.15	0	.5711742	.2933584	.1354674	0
896.15	0	.5724724	.292009	.1355187	0
895.15	0	.5737675	.2906641	.1355684	0
894.15	0	.5750593	.289324	.1356167	0
893.15	0	.5763475	.2879891	.1356634	0
892.15	0	.5776319	.2866594	.1357087	0
891.15	0	.5789121	.2853354	.1357525	0
890.15	0	.580188	.2840172	.1357949	0
889.15	0	.5814592	.282705	.1358358	0
888.15	0	.5827256	.2813991	.1358753	0
887.15	0	.583987	.2800998	.1359133	0
886.15	0	.585243	.2788071	.1359499	0
885.15	0	.5864936	.2775213	.1359851	0
884.15	0	.5877384	.2762427	.1360189	0
883.15	0	.5889773	.2749713	.1360514	0
882.15	0	.5902101	.2737075	.1360824	0
881.15	0	.5914366	.2724513	.1361121	0
880.15	0	.5926566	.2712029	.1361404	0
879.15	0	.59387	.2699625	.1361674	0
878.15	0	.5950766	.2687303	.1361931	0
877.15	0	.5962761	.2675064	.1362175	0
876.15	0	.5974685	.266291	.1362405	0
875.15	0	.5986536	.2650841	.1362623	0
874.15	0	.5998313	.263886	.1362827	0
873.15	0	.6010014	.2626967	.1363019	0
872.15	0	.6021637	.2615164	.1363199	0
871.15	0	.6033182	.2603452	.1363366	0
870.15	0	.6044647	.2591832	.1363521	0
869.15	0	.6056032	.2580305	.1363663	0
868.15	0	.6067334	.2568872	.1363794	0
867.15	0	.6078553	.2557534	.1363912	0
866.15	0	.6089689	.2546292	.1364019	0
865.15	0	.6100739	.2535147	.1364114	0
864.15	0	.6111703	.2524099	.1364198	0
863.15	0	.6122581	.2513149	.136427	0
862.15	0	.6133371	.2502298	.1364332	0
861.15	0	.6144073	.2491546	.1364382	0
860.15	0	.6154686	.2480894	.1364421	0
859.15	0	.6165209	.2470342	.1364449	0
858.15	0	.6175643	.2459891	.1364467	0
857.15	0	.6185986	.2449541	.1364474	0
856.15	0	.6196238	.2439292	.136447	0
855.15	0	.6206398	.2429145	.1364457	0
854.15	0	.6216467	.24191	.1364433	0
853.15	0	.6226443	.2409158	.1364399	0
852.15	0	.6236328	.2399317	.1364356	0
851.15	0	.624612	.2389578	.1364302	0
850.15	0	.6255819	.2379942	.1364239	0
849.15	0	.6265425	.2370408	.1364167	0
848.15	0	.6274939	.2360975	.1364085	0
847.15	0	.628436	.2351645	.1363995	0
846.15	0	.6293688	.2342417	.1363895	0
845.15	0	.6302923	.2333291	.1363786	0
844.15	0	.6312066	.2324265	.1363669	0
843.15	0	.6321117	.2315341	.1363542	0
842.15	0	.6330075	.2306517	.1363408	0
841.15	0	.6338941	.2297794	.1363265	0
840.15	0	.6347715	.2289171	.1363113	0
839.15	0	.6356399	.2280647	.1362954	0
838.15	0	.6364991	.2272223	.1362787	0
837.15	0	.6373492	.2263897	.1362611	0
836.15	0	.6381903	.2255669	.1362428	0
835.15	0	.6390224	.2247538	.1362238	0
834.15	0	.6398456	.2239504	.1362039	0
833.15	0	.64066	.2231567	.1361834	0
832.15	0	.6414654	.2223725	.1361621	0
831.15	0	.6422622	.2215978	.13614	0
830.15	0	.6430501	.2208326	.1361173	0
829.15	0	.6438295	.2200766	.1360939	0
828.15	0	.6446002	.21933	.1360698	0
827.15	0	.6453624	.2185926	.136045	0
826.15	0	.6461162	.2178643	.1360195	0
825.15	0	.6468615	.2171451	.1359934	0
824.15	0	.6475985	.2164348	.1359666	0
823.15	0	.6483273	.2157335	.1359393	0
822.15	0	.6490479	.2150409	.1359112	0
821.15	0	.6497603	.2143571	.1358826	0
820.15	0	.6504648	.2136819	.1358533	0
819.15	0	.6511612	.2130153	.1358235	0
818.15	0	.6518498	.2123572	.135793	0
817.15	0	.6525306	.2117074	.135762	0
816.15	0	.6532036	.211066	.1357304	0
815.15	0	.653869	.2104327	.1356982	0
814.15	0	.6545269	.2098076	.1356655	0
813.15	0	.6551772	.2091905	.1356322	0
812.15	0	.6558202	.2085814	.1355984	0
811.15	0	.6564558	.2079801	.1355641	0
810.15	0	.6570842	.2073866	.1355292	0
809.15	0	.6577054	.2068008	.1354938	0
808.15	0	.6583195	.2062226	.1354579	0
807.15	0	.6589266	.2056519	.1354215	0
806.15	0	.6595268	.2050886	.1353846	0
805.15	0	.6601201	.2045327	.1353472	0
804.15	0	.6607067	.203984	.1353093	0
803.15	0	.6612866	.2034425	.135271	0
802.15	0	.6618598	.202908	.1352322	0
801.15	0	.6624266	.2023805	.1351929	0
800.15	0	.6629869	.2018599	.1351532	0
799.15	0	.6635409	.2013462	.135113	0
798.15	0	.6640885	.2008392	.1350723	0
797.15	0	.66463	.2003388	.1350313	0
796.15	0	.6651653	.199845	.1349898	0
795.15	0	.6656945	.1993577	.1349479	0
794.15	0	.6662178	.1988767	.1349055	0
793.15	0	.6667351	.1984021	.1348628	0
792.15	0	.6672466	.1979338	.1348196	0
791.15	0	.6677523	.1974716	.134776	0
790.15	0	.6682524	.1970156	.1347321	0
789.15	0	.6687468	.1965655	.1346877	0
788.15	0	.6692357	.1961213	.134643	0
787.15	0	.669719	.1956831	.1345979	0
786.15	0	.670197	.1952506	.1345524	0
785.15	0	.6706696	.1948238	.1345065	0
784.15	0	.671137	.1944027	.1344603	0
783.15	0	.6715991	.1939871	.1344138	0
782.15	0	.6720561	.1935771	.1343668	0
781.15	0	.672508	.1931725	.1343196	0
780.15	0	.6729548	.1927732	.134272	0
779.3946	0	.6732891	.1924751	.1342358	0
779.3946	0	.6732891	.1924751	.1342358	0
779.3946	0	.6732891	.1924751	.1342358	0
779.15	0	.6741106	.1913689	.1339105	6.100457E-04
778.15	0	.6774182	.1869044	.1325935	.003083885
777.15	0	.6806468	.1825308	.131296	.00552641
776.15	0	.6837981	.1782459	.1300178	.007938181
775.15	0	.6868742	.1740475	.1287585	.01031975
774.15	0	.6898771	.1699336	.1275177	.01267165
773.15	0	.6928084	.1659023	.1262949	.0149944
772.15	0	.69567	.1619514	.12509	.01728851
771.15	0	.6984637	.1580793	.1239026	.01955448
770.15	0	.7011911	.1542839	.1227322	.0217928
769.15	0	.7038538	.1505637	.1215786	.02400394
768.15	0	.7064535	.1469167	.1204415	.02618837
767.15	0	.7089916	.1433413	.1193205	.02834654
766.15	0	.7114698	.1398358	.1182154	.0304789
765.15	0	.7138895	.1363987	.1171259	.03258588
764.15	0	.7162521	.1330284	.1160516	.03466792
763.15	0	.718559	.1297234	.1149922	.03672542
762.15	0	.7208115	.1264821	.1139476	.0387588
761.15	0	.7230111	.1233032	.1129173	.04076846
760.15	0	.7251589	.1201851	.1119012	.0427548
759.15	0	.7272563	.1171266	.110899	.04471819
758.15	0	.7293044	.1141262	.1099103	.04665902
757.15	0	.7313046	.1111827	.1089351	.04857766
756.15	0	.7332578	.1082949	.1079729	.05047447
755.15	0	.7351653	.1054613	.1070236	.05234982
754.15	0	.7370282	.1026809	.1060869	.05420405
753.15	0	.7388476	.09995236	.1051626	.05603751
752.15	0	.7406244	.09727462	.1042504	.05785053
751.15	0	.7423599	.09464651	.1033502	.05964345
750.15	0	.7440549	.09206693	.1024616	.0614166
749.15	0	.7457104	.08953477	.1015845	.06317029
748.15	0	.7473274	.087049	.1007187	.06490485
747.15	0	.7489069	.08460858	.09986399	.06662058
746.15	0	.7504496	.08221249	.09902008	.06831778
745.15	0	.7519567	.07985976	.09818681	.06999676
744.15	0	.7534288	.07754941	.09736398	.07165781
743.15	0	.7548669	.07528051	.09655139	.07330122
742.15	0	.7562717	.07305214	.09574884	.07492728
741.15	0	.7576442	.0708634	.09495616	.07653625
740.15	0	.758985	.06871341	.09417315	.07812843
739.15	0	.760295	.06660132	.09339963	.07970408
738.15	0	.7615748	.06452628	.09263542	.08126346
737.15	0	.7628253	.06248747	.09188035	.08280684
736.15	0	.7640472	.06048411	.09113424	.08433447
735.15	0	.7652411	.0585154	.09039692	.0858466
734.15	0	.7664077	.05658058	.08966824	.08734349
733.15	0	.7675477	.0546789	.08894802	.08882538
732.15	0	.7686618	.05280963	.0882361	.09029251
731.15	0	.7697505	.05097207	.08753233	.09174512
730.15	0	.7708145	.04916551	.08683656	.09318343
729.15	0	.7718544	.04738928	.08614863	.09460768
728.15	0	.7728708	.04564271	.08546839	.09601809
727.15	0	.7738643	.04392514	.0847957	.09741488
726.15	0	.7748354	.04223595	.08413043	.09879828
725.15	0	.7757846	.04057451	.08347242	.1001685
724.15	0	.7767125	.03894022	.08282154	.1015257
723.15	0	.7776197	.03733248	.08217766	.1028702
722.15	0	.7785066	.03575072	.08154065	.1042021
721.15	0	.7793737	.03419438	.08091037	.1055216
720.15	0	.7802215	.03266289	.0802867	.1068289
719.15	0	.7810505	.03115572	.07966952	.1081243
718.15	0	.7818611	.02967234	.0790587	.1094079
717.15	0	.7826538	.02821224	.07845414	.1106799
716.15	0	.783429	.02677491	.0778557	.1119404
715.15	0	.7841871	.02535987	.07726327	.1131898
714.15	0	.7849286	.02396662	.07667675	.114428
713.15	0	.7856539	.02259471	.07609602	.1156554
712.15	0	.7863633	.02124368	.07552098	.116872
711.15	0	.7870573	.01991307	.07495152	.1180781
710.15	0	.7877362	.01860244	.07438754	.1192739
709.15	0	.7884003	.01731138	.07382894	.1204594
708.15	0	.7890501	.01603947	.07327561	.1216348
707.15	0	.7896859	.01478629	.07272747	.1228003
706.15	0	.790308	.01355144	.07218441	.1239561
705.15	0	.7909168	.01233454	.07164634	.1251023
704.15	0	.7915125	.01113521	.07111318	.1262391
703.15	0	.7920956	.009953074	.07058483	.1273665
702.15	0	.7926662	.008787769	.07006121	.1284848
701.15	0	.7932248	.00763894	.06954223	.129594
700.15	0	.7937715	.006506241	.06902781	.1306944
699.15	0	.7943067	.005389331	.06851786	.1317861
698.15	0	.7948307	.004287881	.0680123	.1328691
697.15	0	.7953437	.003201567	.06751107	.1339437
696.15	0	.795846	.002130071	.06701407	.1350099
695.15	0	.7963378	.001073085	.06652123	.1360679
694.15	0	.7968194	3.030729E-05	.06603249	.1371178
694.1207	0	.7968333	0	.06601825	.1371484
694.1207	0	.7968333	0	.06601825	.1371484
693.15	0	.7967181	0	.06582302	.1374589
692.15	0	.7966	0	.06562255	.1377775
691.15	0	.7964824	0	.06542274	.1380948
690.15	0	.7963654	0	.06522357	.138411
689.15	0	.796249	0	.06502505	.138726
688.15	0	.7961331	0	.06482718	.1390397
687.15	0	.7960177	0	.06462997	.1393523
686.15	0	.7959029	0	.0644334	.1396637
685.15	0	.7957887	0	.06423749	.1399738
684.15	0	.795675	0	.06404223	.1402828
683.15	0	.7955618	0	.06384762	.1405905
682.15	0	.7954492	0	.06365366	.1408971
681.15	0	.7953372	0	.06346035	.1412025
680.15	0	.7952256	0	.0632677	.1415067
679.15	0	.7951146	0	.0630757	.1418097
678.15	0	.7950041	0	.06288436	.1421115
677.15	0	.7948942	0	.06269367	.1424121
676.15	0	.7947848	0	.06250363	.1427116
675.15	0	.7946759	0	.06231425	.1430098
674.15	0	.7945676	0	.06212553	.1433069
673.15	0	.7944597	0	.06193746	.1436028
672.15	0	.7943524	0	.06175004	.1438976
671.15	0	.7942456	0	.06156328	.1441911
670.15	0	.7941393	0	.06137718	.1444835
669.15	0	.7940335	0	.06119174	.1447747
668.15	0	.7939283	0	.06100695	.1450648
667.15	0	.7938235	0	.06082282	.1453536
666.15	0	.7937193	0	.06063935	.1456414
665.15	0	.7936156	0	.06045653	.1459279
664.15	0	.7935123	0	.06027438	.1462133
663.15	0	.7934096	0	.06009288	.1464975
662.15	0	.7933074	0	.05991204	.1467805
661.15	0	.7932057	0	.05973186	.1470624
660.15	0	.7931045	0	.05955234	.1473432
659.15	0	.7930038	0	.05937349	.1476228
658.15	0	.7929035	0	.05919529	.1479012
657.15	0	.7928038	0	.05901775	.1481785
656.15	0	.7927045	0	.05884088	.1484546
655.15	0	.7926058	0	.05866467	.1487296
654.15	0	.7925075	0	.05848911	.1490034
653.15	0	.7924097	0	.05831423	.149276
652.15	0	.7923124	0	.05814	.1495476
651.15	0	.7922156	0	.05796643	.1498179
650.15	0	.7921193	0	.05779353	.1500872
649.15	0	.7920234	0	.0576213	.1503553
648.15	0	.7919281	0	.05744972	.1506222
647.15	0	.7918332	0	.05727881	.150888
646.15	0	.7917388	0	.05710857	.1511527
645.15	0	.7916448	0	.05693899	.1514162
644.15	0	.7915513	0	.05677008	.1516786
643.15	0	.7914583	0	.05660183	.1519398
642.15	0	.7913658	0	.05643424	.1522
641.15	0	.7912737	0	.05626732	.1524589
640.15	0	.7911821	0	.05610107	.1527168
639.15	0	.791091	0	.05593549	.1529735
638.15	0	.7910003	0	.05577057	.1532291
637.15	0	.7909101	0	.05560632	.1534836
636.15	0	.7908204	0	.05544273	.1537369
635.15	0	.7907311	0	.05527982	.1539891
634.15	0	.7906423	0	.05511757	.1542402
633.15	0	.7905539	0	.05495599	.1544901
632.15	0	.790466	0	.05479508	.1547389
631.15	0	.7903785	0	.05463483	.1549866
630.15	0	.7902915	0	.05447526	.1552332
629.15	0	.790205	0	.05431635	.1554787
628.15	0	.7901189	0	.05415812	.155723
627.15	0	.7900332	0	.05400055	.1559662
626.15	0	.789948	0	.05384366	.1562083
625.15	0	.7898632	0	.05368743	.1564493
624.15	0	.7897789	0	.05353187	.1566892
623.15	0	.789695	0	.05337699	.156928
622.15	0	.7896116	0	.05322277	.1571656
621.15	0	.7895286	0	.05306922	.1574022
620.15	0	.7894461	0	.05291635	.1576376
619.15	0	.789364	0	.05276415	.1578719
618.15	0	.7892823	0	.05261262	.1581051
617.15	0	.7892011	0	.05246175	.1583372
616.15	0	.7891203	0	.05231157	.1585682
615.15	0	.7890399	0	.05216205	.1587981
614.15	0	.78896	0	.0520132	.1590268
613.15	0	.7888805	0	.05186503	.1592545
612.15	0	.7888014	0	.05171753	.1594811
611.15	0	.7887228	0	.0515707	.1597065
610.15	0	.7886445	0	.05142454	.1599309
609.15	0	.7885668	0	.05127905	.1601542
608.15	0	.7884894	0	.05113424	.1603764
607.15	0	.7884125	0	.0509901	.1605974
606.15	0	.788336	0	.05084663	.1608174
605.15	0	.7882599	0	.05070383	.1610363
604.15	0	.7881842	0	.05056171	.1612541
603.15	0	.788109	0	.05042026	.1614708
602.15	0	.7880342	0	.05027948	.1616864
601.15	0	.7879598	0	.05013937	.1619009
600.15	0	.7878858	0	.04999994	.1621143
599.15	0	.7878122	0	.04986118	.1623266
598.15	0	.787739	0	.04972309	.1625379
597.15	0	.7876663	0	.04958568	.162748
596.15	0	.787594	0	.04944893	.1629571
595.15	0	.7875221	0	.04931286	.1631651
594.15	0	.7874505	0	.04917746	.163372
593.15	0	.7873794	0	.04904273	.1635778
592.15	0	.7873088	0	.04890868	.1637826
591.15	0	.7872385	0	.0487753	.1639862
590.15	0	.7871686	0	.04864259	.1641888
589.15	0	.7870991	0	.04851055	.1643903
588.15	0	.7870301	0	.04837918	.1645908
587.15	0	.7869614	0	.04824848	.1647901
586.15	0	.7868932	0	.04811846	.1649884
585.15	0	.7868253	0	.0479891	.1651856
584.15	0	.7867578	0	.04786042	.1653817
583.15	0	.7866908	0	.04773241	.1655768
582.15	0	.7866241	0	.04760506	.1657708
581.15	0	.7865579	0	.04747839	.1659637
580.15	0	.786492	0	.04735239	.1661556
579.15	0	.7864265	0	.04722706	.1663464
578.15	0	.7863615	0	.0471024	.1665361
577.15	0	.7862968	0	.0469784	.1667248
576.15	0	.7862325	0	.04685508	.1669124
575.15	0	.7861686	0	.04673242	.167099
574.15	0	.7861051	0	.04661043	.1672845
573.15	0	.786042	0	.04648911	.1674689
572.15	0	.7859792	0	.04636846	.1676523
571.15	0	.7859169	0	.04624847	.1678346
570.15	0	.7858549	0	.04612915	.1680159
569.15	0	.7857934	0	.0460105	.1681961
568.15	0	.7857322	0	.04589251	.1683753
567.15	0	.7856714	0	.04577519	.1685534
566.15	0	.785611	0	.04565853	.1687305
565.15	0	.7855509	0	.04554254	.1689065
564.15	0	.7854913	0	.04542721	.1690815
563.15	0	.785432	0	.04531255	.1692555
562.15	0	.7853731	0	.04519854	.1694284
561.15	0	.7853146	0	.0450852	.1696003
560.15	0	.7852564	0	.04497252	.1697711
559.15	0	.7851986	0	.04486051	.1699409
558.15	0	.7851412	0	.04474915	.1701096
557.15	0	.7850842	0	.04463846	.1702774
556.15	0	.7850275	0	.04452842	.170444
555.15	0	.7849713	0	.04441904	.1706097
554.15	0	.7849153	0	.04431032	.1707743
553.15	0	.7848598	0	.04420226	.1709379
552.15	0	.7848046	0	.04409486	.1711005
551.15	0	.7847498	0	.04398811	.1712621
550.15	0	.7846954	0	.04388201	.1714226
549.15	0	.7846413	0	.04377657	.1715821
548.15	0	.7845876	0	.04367179	.1717406
547.15	0	.7845342	0	.04356766	.1718981
546.15	0	.7844812	0	.04346418	.1720546
545.15	0	.7844286	0	.04336135	.17221
544.15	0	.7843763	0	.04325918	.1723645
543.15	0	.7843244	0	.04315765	.1725179
542.15	0	.7842729	0	.04305677	.1726704
541.15	0	.7842217	0	.04295654	.1728218
540.15	0	.7841709	0	.04285696	.1729722
539.15	0	.7841204	0	.04275802	.1731216
538.15	0	.7840702	0	.04265973	.17327
537.15	0	.7840205	0	.04256208	.1734175
536.15	0	.783971	0	.04246508	.1735639
535.15	0	.783922	0	.04236872	.1737093
534.15	0	.7838732	0	.042273	.1738538
533.15	0	.7838249	0	.04217792	.1739972
532.15	0	.7837768	0	.04208348	.1741397
531.15	0	.7837291	0	.04198968	.1742812
530.15	0	.7836818	0	.04189652	.1744217
529.15	0	.7836348	0	.04180399	.1745612
528.15	0	.7835882	0	.0417121	.1746998
527.15	0	.7835419	0	.04162084	.1748373
526.15	0	.7834959	0	.04153021	.1749739
525.15	0	.7834503	0	.04144022	.1751095
524.15	0	.783405	0	.04135085	.1752442
523.15	0	.78336	0	.04126211	.1753779
522.15	0	.7833154	0	.04117401	.1755106
521.15	0	.7832711	0	.04108652	.1756424
520.15	0	.7832272	0	.04099967	.1757732
519.15	0	.7831836	0	.04091343	.175903
518.15	0	.7831403	0	.04082783	.1760319
517.15	0	.7830974	0	.04074284	.1761598
516.15	0	.7830547	0	.04065847	.1762868
515.15	0	.7830125	0	.04057472	.1764128
514.15	0	.7829705	0	.04049158	.1765379
513.15	0	.7829289	0	.04040907	.1766621
512.15	0	.7828875	0	.04032716	.1767853
511.15	0	.7828466	0	.04024587	.1769076
510.15	0	.7828059	0	.04016519	.1770289
509.15	0	.7827656	0	.04008512	.1771493
508.15	0	.7827256	0	.04000566	.1772688
507.15	0	.7826859	0	.0399268	.1773873
506.15	0	.7826465	0	.03984855	.1775049
505.15	0	.7826074	0	.03977091	.1776217
504.15	0	.7825687	0	.03969386	.1777374
503.15	0	.7825303	0	.03961742	.1778523
502.15	0	.7824922	0	.03954157	.1779663
501.15	0	.7824544	0	.03946632	.1780793
500.15	0	.7824169	0	.03939167	.1781915
499.15	0	.7823797	0	.03931761	.1783027
498.15	0	.7823428	0	.03924414	.178413
497.15	0	.7823063	0	.03917126	.1785225
496.15	0	.78227	0	.03909897	.178631
495.15	0	.7822341	0	.03902727	.1787387
494.15	0	.7821984	0	.03895615	.1788454
493.15	0	.7821631	0	.03888561	.1789513
492.15	0	.7821281	0	.03881566	.1790563
491.15	0	.7820933	0	.03874628	.1791604
490.15	0	.7820589	0	.03867748	.1792636
489.15	0	.7820248	0	.03860926	.179366
488.15	0	.7819909	0	.03854161	.1794675
487.15	0	.7819574	0	.03847453	.1795681
486.15	0	.7819241	0	.03840802	.1796679
485.15	0	.7818912	0	.03834208	.1797668
484.15	0	.7818585	0	.03827671	.1798648
483.15	0	.7818261	0	.0382119	.179962
482.15	0	.7817941	0	.03814765	.1800583
481.15	0	.7817623	0	.03808395	.1801538
480.15	0	.7817308	0	.03802082	.1802484
479.15	0	.7816995	0	.03795824	.1803422
478.15	0	.7816686	0	.03789622	.1804352
477.15	0	.7816379	0	.03783474	.1805273
476.15	0	.7816076	0	.03777382	.1806186
475.15	0	.7815775	0	.03771344	.1807091
474.15	0	.7815477	0	.0376536	.1807987
473.15	0	.7815182	0	.03759431	.1808875
472.15	0	.7814889	0	.03753556	.1809756
471.15	0	.7814599	0	.03747735	.1810627
470.15	0	.7814312	0	.03741967	.1811491
469.15	0	.7814028	0	.03736252	.1812347
468.15	0	.7813746	0	.03730591	.1813195
467.15	0	.7813467	0	.03724982	.1814035
466.15	0	.7813191	0	.03719426	.1814866
465.15	0	.7812918	0	.03713923	.181569
464.15	0	.7812647	0	.03708471	.1816506
463.15	0	.7812379	0	.03703072	.1817314
462.15	0	.7812113	0	.03697724	.1818115
461.15	0	.781185	0	.03692428	.1818907
460.15	0	.781159	0	.03687182	.1819692
459.15	0	.7811332	0	.03681988	.1820469
458.15	0	.7811077	0	.03676845	.1821239
457.15	0	.7810824	0	.03671752	.1822001
456.15	0	.7810574	0	.03666709	.1822755
455.15	0	.7810326	0	.03661716	.1823502
454.15	0	.7810081	0	.03656773	.1824241
453.15	0	.7809839	0	.03651879	.1824973
452.15	0	.7809599	0	.03647035	.1825698
451.15	0	.7809361	0	.03642239	.1826415
450.15	0	.7809126	0	.03637492	.1827124
449.15	0	.7808894	0	.03632795	.1827827
448.15	0	.7808664	0	.03628147	.1828522
447.15	0	.7808436	0	.03623546	.1829209
446.15	0	.7808211	0	.03618994	.182989
445.15	0	.7807988	0	.0361449	.1830563
444.15	0	.7807768	0	.03610033	.1831229
443.15	0	.780755	0	.03605624	.1831888
442.15	0	.7807334	0	.03601262	.183254
441.15	0	.7807121	0	.03596948	.1833184
440.15	0	.780691	0	.03592681	.1833822
439.15	0	.7806702	0	.0358846	.1834452
438.15	0	.7806496	0	.03584287	.1835076
437.15	0	.7806292	0	.0358016	.1835692
436.15	0	.780609	0	.03576079	.1836302
435.15	0	.7805891	0	.03572044	.1836905
434.15	0	.7805694	0	.03568055	.18375
433.15	0	.78055	0	.03564111	.1838089
432.15	0	.7805307	0	.03560213	.1838671
431.15	0	.7805117	0	.0355636	.1839247
430.15	0	.7804929	0	.03552552	.1839815
429.15	0	.7804744	0	.03548789	.1840377
428.15	0	.780456	0	.03545069	.1840933
427.15	0	.7804379	0	.03541394	.1841481
426.15	0	.78042	0	.03537762	.1842024
425.15	0	.7804023	0	.03534174	.1842559
