T	 BPW(LIQUID)	BPW(BCC_A2)	BPW(FCC_A1)	BPW(LAVES_PHASE_C14)	BPW(NI3TI)
1473.15	.2573391	.7321795	0	.01048144	0
1472.15	.2510432	.7362814	0	.01267541	0
1471.15	.2448664	.7402996	0	.014834	0
1470.15	.2388053	.7442365	0	.01695822	0
1469.15	.2328567	.7480942	0	.01904904	0
1468.15	.2270178	.7518749	0	.02110739	0
1467.15	.2212854	.7555805	0	.02313416	0
1466.15	.2156567	.7592131	0	.02513022	0
1465.15	.2101291	.7627745	0	.02709641	0
1464.15	.2046997	.7662667	0	.02903354	0
1463.15	.1993662	.7696914	0	.03094239	0
1462.15	.194126	.7730503	0	.0328237	0
1461.15	.1889767	.7763451	0	.03467821	0
1460.15	.183916	.7795774	0	.03650662	0
1459.15	.1789416	.7827488	0	.03830961	0
1458.15	.1740514	.7858607	0	.04008785	0
1457.15	.1692433	.7889147	0	.04184195	0
1456.15	.1645153	.7919122	0	.04357255	0
1455.15	.1598653	.7948545	0	.04528023	0
1454.15	.1552914	.797743	0	.04696557	0
1453.15	.1507919	.800579	0	.04862913	0
1452.15	.1463649	.8033636	0	.05027144	0
1451.15	.1420087	.8060982	0	.05189304	0
1450.15	.1377216	.8087839	0	.05349443	0
1449.15	.133502	.8114219	0	.05507609	0
1448.15	.1293483	.8140132	0	.05663851	0
1447.15	.1252589	.8165589	0	.05818215	0
1446.15	.1212325	.8190601	0	.05970745	0
1445.15	.1172674	.8215178	0	.06121484	0
1444.15	.1133623	.8239329	0	.06270475	0
1443.15	.1095159	.8263065	0	.06417758	0
1442.15	.1057269	.8286394	0	.06563373	0
1441.15	.1019939	.8309325	0	.06707359	0
1440.15	.09831566	.8331868	0	.06849753	0
1439.15	.09469103	.8354031	0	.0699059	0
1438.15	.09111882	.8375821	0	.07129906	0
1437.15	.08759786	.8397248	0	.07267735	0
1436.15	.08412706	.8418318	0	.07404111	0
1435.15	.08070532	.843904	0	.07539065	0
1434.15	.07733159	.8459421	0	.07672629	0
1433.15	.07400485	.8479468	0	.07804833	0
1432.15	.0707241	.8499188	0	.07935706	0
1431.15	.06748837	.8518589	0	.08065278	0
1430.15	.06429672	.8537675	0	.08193577	0
1429.15	.06114823	.8556455	0	.08320629	0
1428.15	.058042	.8574934	0	.08446461	0
1427.15	.05497717	.8593118	0	.08571099	0
1426.15	.05195289	.8611014	0	.08694567	0
1425.15	.04896832	.8628628	0	.08816891	0
1424.15	.04602267	.8645964	0	.08938094	0
1423.15	.04311516	.8663029	0	.09058198	0
1422.15	.04024501	.8679827	0	.09177227	0
1421.15	.03741149	.8696365	0	.09295202	0
1420.15	.03461387	.8712647	0	.09412144	0
1419.15	.03185144	.8728678	0	.09528075	0
1418.15	.02912352	.8744463	0	.09643014	0
1417.15	.02642942	.8760008	0	.09756982	0
1416.15	.02376851	.8775315	0	.09869996	0
1415.15	.02114012	.8790391	0	.09982077	0
1414.15	.01854366	.8805239	0	.1009324	0
1413.15	.01597849	.8819864	0	.1020351	0
1412.15	.01344404	.883427	0	.1031289	0
1411.15	.01093971	.8848461	0	.1042142	0
1410.15	.008464953	.8862441	0	.1052909	0
1409.15	.006019206	.8876214	0	.1063594	0
1408.15	.003601933	.8889784	0	.1074197	0
1407.15	.001212607	.8903155	0	.1084719	0
1406.638	0	.8909924	0	.1090076	0
1406.638	0	.8909924	0	.1090076	0
1406.15	0	.8906686	0	.1093314	0
1405.15	0	.8900063	0	.1099937	0
1404.15	0	.8893456	0	.1106544	0
1403.15	0	.8886865	0	.1113135	0
1402.15	0	.8880289	0	.1119711	0
1401.15	0	.8873729	0	.1126271	0
1400.15	0	.8867185	0	.1132815	0
1399.15	0	.8860656	0	.1139344	0
1398.15	0	.8854143	0	.1145857	0
1397.15	0	.8847645	0	.1152355	0
1396.15	0	.8841163	0	.1158837	0
1395.15	0	.8834696	0	.1165305	0
1394.15	0	.8828244	0	.1171756	0
1393.15	0	.8821807	0	.1178193	0
1392.15	0	.8815386	0	.1184614	0
1391.15	0	.880898	0	.1191021	0
1390.15	0	.8802588	0	.1197412	0
1389.15	0	.8796212	0	.1203788	0
1388.15	0	.8789851	0	.1210149	0
1387.15	0	.8783505	0	.1216495	0
1386.15	0	.8777173	0	.1222827	0
1385.15	0	.8770857	0	.1229143	0
1384.15	0	.8764555	0	.1235445	0
1383.15	0	.8758268	0	.1241732	0
1382.15	0	.8751996	0	.1248004	0
1381.15	0	.8745738	0	.1254262	0
1380.15	0	.8739495	0	.1260505	0
1379.15	0	.8733266	0	.1266733	0
1378.15	0	.8727052	0	.1272947	0
1377.15	0	.8720853	0	.1279147	0
1376.15	0	.8714668	0	.1285332	0
1375.15	0	.8708497	0	.1291503	0
1374.15	0	.870234	0	.129766	0
1373.15	0	.8696198	0	.1303802	0
1372.15	0	.869007	0	.130993	0
1371.15	0	.8683956	0	.1316044	0
1370.15	0	.8677856	0	.1322144	0
1369.15	0	.867177	0	.132823	0
1368.15	0	.8665698	0	.1334301	0
1367.15	0	.8659641	0	.1340359	0
1366.15	0	.8653597	0	.1346403	0
1365.15	0	.8647567	0	.1352433	0
1364.15	0	.8641551	0	.1358449	0
1363.15	0	.8635549	0	.1364451	0
1362.15	0	.862956	0	.137044	0
1361.15	0	.8623585	0	.1376415	0
1360.15	0	.8617624	0	.1382376	0
1359.15	0	.8611677	0	.1388324	0
1358.15	0	.8605743	0	.1394257	0
1357.15	0	.8599822	0	.1400178	0
1356.15	0	.8593915	0	.1406085	0
1355.15	0	.8588022	0	.1411978	0
1354.15	0	.8582142	0	.1417858	0
1353.15	0	.8576275	0	.1423725	0
1352.15	0	.8570422	0	.1429578	0
1351.15	0	.8564581	0	.1435419	0
1350.15	0	.8558754	0	.1441245	0
1349.15	0	.8552941	0	.1447059	0
1348.15	0	.854714	0	.145286	0
1347.15	0	.8541353	0	.1458647	0
1346.15	0	.8535579	0	.1464422	0
1345.15	0	.8529817	0	.1470183	0
1344.15	0	.8524069	0	.1475931	0
1343.15	0	.8518333	0	.1481667	0
1342.15	0	.8512611	0	.1487389	0
1341.15	0	.8506901	0	.1493099	0
1340.15	0	.8501204	0	.1498796	0
1339.15	0	.849552	0	.150448	0
1338.15	0	.8489849	0	.1510151	0
1337.15	0	.8484191	0	.1515809	0
1336.15	0	.8478545	0	.1521455	0
1335.15	0	.8472911	0	.1527089	0
1334.15	0	.8467291	0	.1532709	0
1333.15	0	.8461683	0	.1538318	0
1332.15	0	.8456087	0	.1543913	0
1331.15	0	.8450504	0	.1549496	0
1330.15	0	.8444933	0	.1555067	0
1329.15	0	.8439375	0	.1560625	0
1328.15	0	.8433829	0	.1566171	0
1327.15	0	.8428295	0	.1571705	0
1326.15	0	.8422774	0	.1577226	0
1325.15	0	.8417265	0	.1582736	0
1324.15	0	.8411768	0	.1588232	0
1323.15	0	.8406283	0	.1593717	0
1322.15	0	.840081	0	.159919	0
1321.15	0	.839535	0	.160465	0
1320.15	0	.8389901	0	.1610099	0
1319.15	0	.8384465	0	.1615535	0
1318.15	0	.837904	0	.162096	0
1317.15	0	.8373628	0	.1626372	0
1316.15	0	.8368227	0	.1631773	0
1315.15	0	.8362838	0	.1637162	0
1314.15	0	.8357461	0	.1642539	0
1313.15	0	.8352096	0	.1647904	0
1312.15	0	.8346743	0	.1653257	0
1311.15	0	.8341401	0	.1658599	0
1310.15	0	.8336071	0	.1663929	0
1309.15	0	.8330753	0	.1669247	0
1308.15	0	.8325447	0	.1674553	0
1307.15	0	.8320152	0	.1679848	0
1306.15	0	.8314868	0	.1685132	0
1305.15	0	.8309596	0	.1690404	0
1304.15	0	.8304336	0	.1695664	0
1303.15	0	.8299087	0	.1700913	0
1302.15	0	.8293849	0	.1706151	0
1301.15	0	.8288623	0	.1711377	0
1300.15	0	.8283409	0	.1716592	0
1299.15	0	.8278205	0	.1721795	0
1298.15	0	.8273013	0	.1726987	0
1297.15	0	.8267832	0	.1732168	0
1296.15	0	.8262662	0	.1737338	0
1295.15	0	.8257504	0	.1742496	0
1294.15	0	.8252356	0	.1747644	0
1293.15	0	.824722	0	.175278	0
1292.15	0	.8242095	0	.1757905	0
1291.15	0	.8236981	0	.1763019	0
1290.15	0	.8231878	0	.1768122	0
1289.15	0	.8226786	0	.1773214	0
1288.15	0	.8221705	0	.1778295	0
1287.15	0	.8216635	0	.1783365	0
1286.15	0	.8211575	0	.1788425	0
1285.15	0	.8206527	0	.1793473	0
1284.15	0	.8201489	0	.1798511	0
1283.15	0	.8196463	0	.1803537	0
1282.15	0	.8191447	0	.1808553	0
1281.15	0	.8186442	0	.1813559	0
1280.15	0	.8181447	0	.1818553	0
1279.15	0	.8176463	0	.1823537	0
1278.15	0	.817149	0	.182851	0
1277.15	0	.8166528	0	.1833472	0
1276.15	0	.8161576	0	.1838424	0
1275.15	0	.8156634	0	.1843366	0
1274.15	0	.8151703	0	.1848297	0
1273.15	0	.8146783	0	.1853217	0
1272.15	0	.8141873	0	.1858127	0
1271.15	0	.8136974	0	.1863026	0
1270.15	0	.8132085	0	.1867915	0
1269.15	0	.8127206	0	.1872794	0
1268.15	0	.8122338	0	.1877662	0
1267.15	0	.811748	0	.188252	0
1266.15	0	.8112633	0	.1887368	0
1265.15	0	.8107795	0	.1892205	0
1264.15	0	.8102968	0	.1897032	0
1263.15	0	.8098151	0	.1901849	0
1262.15	0	.8093344	0	.1906656	0
1261.15	0	.8088548	0	.1911452	0
1260.15	0	.8083761	0	.1916239	0
1259.15	0	.8078985	0	.1921015	0
1258.15	0	.8074219	0	.1925781	0
1257.15	0	.8069463	0	.1930537	0
1256.15	0	.8064717	0	.1935283	0
1255.15	0	.805998	0	.194002	0
1254.15	0	.8055254	0	.1944746	0
1253.15	0	.8050538	0	.1949462	0
1252.15	0	.8045832	0	.1954169	0
1251.15	0	.8041135	0	.1958865	0
1250.15	0	.8036448	0	.1963552	0
1249.15	0	.8031772	0	.1968228	0
1248.15	0	.8027105	0	.1972896	0
1247.15	0	.8022447	0	.1977553	0
1246.15	0	.80178	0	.19822	0
1245.15	0	.8013162	0	.1986838	0
1244.15	0	.8008534	0	.1991466	0
1243.15	0	.8003916	0	.1996084	0
1242.15	0	.7999307	0	.2000693	0
1241.15	0	.7994708	0	.2005292	0
1240.15	0	.7990118	0	.2009882	0
1239.15	0	.7985538	0	.2014462	0
1238.15	0	.7980968	0	.2019032	0
1237.15	0	.7976407	0	.2023593	0
1236.15	0	.7971856	0	.2028144	0
1235.15	0	.7967314	0	.2032687	0
1234.15	0	.7962781	0	.2037219	0
1233.15	0	.7958258	0	.2041742	0
1232.15	0	.7953744	0	.2046256	0
1231.15	0	.794924	0	.205076	0
1230.15	0	.7944745	0	.2055255	0
1229.15	0	.7940259	0	.2059741	0
1228.15	0	.7935783	0	.2064217	0
1227.15	0	.7931316	0	.2068684	0
1226.15	0	.7926858	0	.2073142	0
1225.15	0	.7922409	0	.2077591	0
1224.15	0	.791797	0	.208203	0
1223.15	0	.7913539	0	.2086461	0
1222.15	0	.7909118	0	.2090882	0
1221.15	0	.7904706	0	.2095294	0
1220.15	0	.7900303	0	.2099697	0
1219.15	0	.789591	0	.210409	0
1218.15	0	.7891525	0	.2108475	0
1217.15	0	.7887149	0	.2112851	0
1216.15	0	.7882782	0	.2117218	0
1215.15	0	.7878425	0	.2121575	0
1214.15	0	.7874076	0	.2125924	0
1213.15	0	.7869736	0	.2130264	0
1212.15	0	.7865405	0	.2134595	0
1211.15	0	.7861083	0	.2138917	0
1210.15	0	.785677	0	.214323	0
1209.15	0	.7852466	0	.2147534	0
1208.15	0	.784817	0	.215183	0
1207.15	0	.7843883	0	.2156117	0
1206.15	0	.7839606	0	.2160394	0
1205.15	0	.7835336	0	.2164664	0
1204.15	0	.7831076	0	.2168924	0
1203.15	0	.7826824	0	.2173176	0
1202.15	0	.7822581	0	.2177419	0
1201.15	0	.7818347	0	.2181653	0
1200.15	0	.7814121	0	.2185879	0
1199.15	0	.7809905	0	.2190095	0
1198.15	0	.7805696	0	.2194304	0
1197.15	0	.7801496	0	.2198504	0
1196.15	0	.7797305	0	.2202695	0
1195.15	0	.7793122	0	.2206878	0
1194.15	0	.7788948	0	.2211052	0
1193.15	0	.7784783	0	.2215218	0
1192.15	0	.7780625	0	.2219375	0
1191.15	0	.7776477	0	.2223523	0
1190.15	0	.7772336	0	.2227664	0
1189.15	0	.7768204	0	.2231796	0
1188.15	0	.7764081	0	.2235919	0
1187.15	0	.7759966	0	.2240034	0
1186.15	0	.7755859	0	.2244141	0
1185.15	0	.7751761	0	.2248239	0
1184.15	0	.7747671	0	.2252329	0
1183.15	0	.7743589	0	.2256411	0
1182.15	0	.7739516	0	.2260484	0
1181.15	0	.7735451	0	.226455	0
1180.15	0	.7731394	0	.2268606	0
1179.15	0	.7727345	0	.2272655	0
1178.15	0	.7723304	0	.2276696	0
1177.15	0	.7719272	0	.2280728	0
1176.15	0	.7715248	0	.2284752	0
1175.15	0	.7711232	0	.2288768	0
1174.15	0	.7707224	0	.2292776	0
1173.15	0	.7703224	0	.2296776	0
1172.15	0	.7699232	0	.2300768	0
1171.15	0	.7695249	0	.2304751	0
1170.15	0	.7691273	0	.2308727	0
1169.15	0	.7687306	0	.2312694	0
1168.15	0	.7683346	0	.2316654	0
1167.15	0	.7679395	0	.2320605	0
1166.15	0	.7675451	0	.2324549	0
1165.15	0	.7671515	0	.2328485	0
1164.15	0	.7667588	0	.2332412	0
1163.15	0	.7663668	0	.2336332	0
1162.15	0	.7659756	0	.2340244	0
1161.15	0	.7655852	0	.2344148	0
1160.15	0	.7651956	0	.2348044	0
1159.15	0	.7648068	0	.2351932	0
1158.15	0	.7644188	0	.2355812	0
1157.15	0	.7640315	0	.2359685	0
1156.15	0	.763645	0	.236355	0
1155.15	0	.7632593	0	.2367407	0
1154.15	0	.7628744	0	.2371256	0
1153.15	0	.7624902	0	.2375098	0
1152.15	0	.7621068	0	.2378932	0
1151.15	0	.7617242	0	.2382758	0
1150.15	0	.7613424	0	.2386576	0
1149.15	0	.7609613	0	.2390387	0
1148.15	0	.760581	0	.239419	0
1147.15	0	.7602015	0	.2397985	0
1146.15	0	.7598227	0	.2401773	0
1145.15	0	.7594447	0	.2405553	0
1144.15	0	.7590674	0	.2409326	0
1143.15	0	.7586909	0	.2413091	0
1142.15	0	.7583152	0	.2416848	0
1141.15	0	.7579402	0	.2420598	0
1140.15	0	.7575659	0	.2424341	0
1139.15	0	.7571925	0	.2428075	0
1138.15	0	.7568197	0	.2431803	0
1137.15	0	.7564477	0	.2435523	0
1136.15	0	.7560765	0	.2439235	0
1135.15	0	.755706	0	.244294	0
1134.15	0	.7553362	0	.2446638	0
1133.15	0	.7549672	0	.2450328	0
1132.15	0	.7545989	0	.2454011	0
1131.15	0	.7542314	0	.2457686	0
1130.15	0	.7538646	0	.2461354	0
1129.15	0	.7534985	0	.2465015	0
1128.15	0	.7531332	0	.2468669	0
1127.15	0	.7527686	0	.2472315	0
1126.15	0	.7524047	0	.2475953	0
1125.15	0	.7520415	0	.2479585	0
1124.15	0	.7516791	0	.2483209	0
1123.15	0	.7513174	0	.2486826	0
1122.15	0	.7509564	0	.2490436	0
1121.15	0	.7505962	0	.2494038	0
1120.15	0	.7502367	0	.2497633	0
1119.15	0	.7498779	0	.2501221	0
1118.15	0	.7495198	0	.2504802	0
1117.15	0	.7491624	0	.2508376	0
1116.15	0	.7488057	0	.2511943	0
1115.15	0	.7484498	0	.2515502	0
1114.15	0	.7480946	0	.2519055	0
1113.15	0	.74774	0	.25226	0
1112.15	0	.7473862	0	.2526138	0
1111.15	0	.7470331	0	.2529669	0
1110.15	0	.7466807	0	.2533193	0
1109.15	0	.746329	0	.253671	0
1108.15	0	.745978	0	.254022	0
1107.15	0	.7456277	0	.2543723	0
1106.15	0	.7452782	0	.2547219	0
1105.15	0	.7449293	0	.2550707	0
1104.15	0	.7445811	0	.2554189	0
1103.15	0	.7442336	0	.2557664	0
1102.15	0	.7438868	0	.2561132	0
1101.15	0	.7435407	0	.2564593	0
1100.15	0	.7431953	0	.2568048	0
1099.15	0	.7428505	0	.2571495	0
1098.15	0	.7425065	0	.2574935	0
1097.15	0	.7421632	0	.2578369	0
1096.15	0	.7418205	0	.2581795	0
1095.15	0	.7414785	0	.2585215	0
1094.15	0	.7411372	0	.2588628	0
1093.15	0	.7407966	0	.2592034	0
1092.15	0	.7404567	0	.2595433	0
1091.15	0	.7401175	0	.2598825	0
1090.15	0	.7397789	0	.2602211	0
1089.15	0	.739441	0	.260559	0
1088.15	0	.7391038	0	.2608962	0
1087.15	0	.7387673	0	.2612327	0
1086.15	0	.7384314	0	.2615686	0
1085.15	0	.7380962	0	.2619038	0
1084.15	0	.7377617	0	.2622383	0
1083.15	0	.7374278	0	.2625722	0
1082.15	0	.7370947	0	.2629053	0
1081.15	0	.7367622	0	.2632378	0
1080.15	0	.7364303	0	.2635697	0
1079.15	0	.7360991	0	.2639009	0
1078.15	0	.7357686	0	.2642314	0
1077.15	0	.7354388	0	.2645612	0
1076.15	0	.7351096	0	.2648904	0
1075.15	0	.734781	0	.265219	0
1074.15	0	.7344532	0	.2655468	0
1073.15	0	.734126	0	.2658741	0
1072.15	0	.7337994	0	.2662006	0
1071.15	0	.7334735	0	.2665265	0
1070.15	0	.7331483	0	.2668517	0
1069.15	0	.7328237	0	.2671764	0
1068.15	0	.7324997	0	.2675003	0
1067.15	0	.7321764	0	.2678236	0
1066.15	0	.7318538	0	.2681462	0
1065.15	0	.7315318	0	.2684682	0
1064.15	0	.7312104	0	.2687896	0
1063.15	0	.7308897	0	.2691103	0
1062.15	0	.7305697	0	.2694303	0
1061.15	0	.7302503	0	.2697497	0
1060.15	0	.7299315	0	.2700685	0
1059.15	0	.7296134	0	.2703866	0
1058.15	0	.7292959	0	.2707041	0
1057.15	0	.728979	0	.271021	0
1056.15	0	.7286628	0	.2713372	0
1055.15	0	.7283473	0	.2716527	0
1054.15	0	.7280323	0	.2719677	0
1053.15	0	.727718	0	.272282	0
1052.15	0	.7274044	0	.2725956	0
1051.15	0	.7270913	0	.2729087	0
1050.15	0	.7267789	0	.2732211	0
1049.15	0	.7264672	0	.2735328	0
1048.15	0	.726156	0	.273844	0
1047.15	0	.7258455	0	.2741545	0
1046.15	0	.7255356	0	.2744644	0
1045.15	0	.7252264	0	.2747736	0
1044.15	0	.7249178	0	.2750823	0
1044.066	0	.724892	0	.275108	0
1044.066	0	.724892	0	.275108	0
1044.066	0	.724892	0	.275108	0
1043.15	0	.724081	5.715805E-04	.2753474	0
1042.15	0	.7231983	.00119372	.275608	0
1041.15	0	.722318	.001814142	.2758679	0
1040.15	0	.7214402	.002432849	.276127	0
1039.15	0	.7205648	.003049844	.2763854	0
1038.15	0	.7196918	.003665127	.2766431	0
1037.15	0	.7188212	.0042787	.2769001	0
1036.15	0	.717953	.004890566	.2771564	0
1035.15	0	.7170873	.005500727	.277412	0
1034.15	0	.716224	.006109184	.2776668	0
1033.15	0	.7153631	.006715939	.277921	0
1032.15	0	.7145046	.007320994	.2781744	0
1031.15	0	.7136485	.007924352	.2784271	0
1030.15	0	.7127948	.008526013	.2786792	0
1029.15	0	.7119436	.009125981	.2789305	0
1028.15	0	.7110947	.009724258	.2791811	0
1027.15	0	.7102482	.01032084	.279431	0
1026.15	0	.7094041	.01091574	.2796801	0
1025.15	0	.7085624	.01150896	.2799286	0
1024.15	0	.7077231	.01210049	.2801764	0
1023.15	0	.7068862	.01269034	.2804234	0
1022.15	0	.7060517	.01327851	.2806698	0
1021.15	0	.7052196	.013865	.2809154	0
1020.15	0	.7043898	.01444982	.2811604	0
1019.15	0	.7035624	.01503297	.2814046	0
1018.15	0	.7027374	.01561445	.2816481	0
1017.15	0	.7019148	.01619426	.2818909	0
1016.15	0	.7010946	.01677241	.282133	0
1015.15	0	.7002767	.01734889	.2823744	0
1014.15	0	.6994611	.01792372	.2826151	0
1013.15	0	.698648	.01849689	.2828551	0
1012.15	0	.6978372	.0190684	.2830944	0
1011.15	0	.6970288	.01963826	.283333	0
1010.15	0	.6962227	.02020647	.2835708	0
1009.15	0	.695419	.02077304	.283808	0
1008.15	0	.6946176	.02133796	.2840444	0
1007.15	0	.6938186	.02190124	.2842802	0
1006.15	0	.6930219	.02246288	.2845152	0
1005.15	0	.6922276	.02302289	.2847495	0
1004.15	0	.6914356	.02358127	.2849831	0
1003.15	0	.690646	.02413802	.285216	0
1002.15	0	.6898586	.02469314	.2854482	0
1001.15	0	.6890737	.02524664	.2856797	0
1000.15	0	.688291	.02579852	.2859105	0
999.15	0	.6875107	.02634878	.2861405	0
998.15	0	.6867327	.02689744	.2863699	0
997.15	0	.685957	.02744448	.2865985	0
996.15	0	.6851836	.02798992	.2868265	0
995.15	0	.6844126	.02853375	.2870537	0
994.15	0	.6836438	.02907599	.2872802	0
993.15	0	.6828774	.02961663	.287506	0
992.15	0	.6821133	.03015568	.287731	0
991.15	0	.6813515	.03069315	.2879554	0
990.15	0	.680592	.03122903	.288179	0
989.15	0	.6798347	.03176333	.2884019	0
988.15	0	.6790798	.03229606	.2886241	0
987.15	0	.6783272	.03282722	.2888456	0
986.15	0	.6775768	.03335681	.2890664	0
985.15	0	.6768287	.03388484	.2892864	0
984.15	0	.676083	.03441132	.2895057	0
983.15	0	.6753395	.03493624	.2897243	0
982.15	0	.6745982	.03545962	.2899422	0
981.15	0	.6738592	.03598145	.2901593	0
980.15	0	.6731225	.03650174	.2903757	0
979.15	0	.6723881	.03702051	.2905914	0
978.15	0	.6716559	.03753774	.2908064	0
977.15	0	.6709259	.03805345	.2910206	0
976.15	0	.6701982	.03856765	.2912341	0
975.15	0	.6694728	.03908034	.2914469	0
974.15	0	.6687496	.03959152	.2916589	0
973.15	0	.6680286	.0401012	.2918702	0
972.15	0	.6673098	.04060939	.2920808	0
971.15	0	.6665933	.04111609	.2922906	0
970.15	0	.665879	.04162131	.2924997	0
969.15	0	.6651669	.04212506	.292708	0
968.15	0	.6644571	.04262733	.2929156	0
967.15	0	.6637494	.04312815	.2931225	0
966.15	0	.6630439	.04362751	.2933286	0
965.15	0	.6623406	.04412542	.2935339	0
964.15	0	.6616396	.0446219	.2937385	0
963.15	0	.6609407	.04511694	.2939424	0
962.15	0	.660244	.04561055	.2941455	0
961.15	0	.6595494	.04610275	.2943478	0
960.15	0	.6588571	.04659354	.2945494	0
959.15	0	.6581668	.04708292	.2947502	0
958.15	0	.6574788	.04757091	.2949503	0
957.15	0	.6567929	.04805752	.2951496	0
956.15	0	.6561091	.04854275	.2953481	0
955.15	0	.6554275	.04902661	.2955459	0
954.15	0	.654748	.04950911	.2957429	0
953.15	0	.6540706	.04999026	.2959391	0
952.15	0	.6533954	.05047008	.2961346	0
951.15	0	.6527222	.05094856	.2963292	0
950.15	0	.6520512	.05142572	.2965231	0
949.15	0	.6513822	.05190157	.2967162	0
948.15	0	.6507154	.05237612	.2969085	0
947.15	0	.6500506	.05284938	.2971	0
946.15	0	.6493879	.05332136	.2972908	0
945.15	0	.6487272	.05379208	.2974807	0
944.15	0	.6480686	.05426154	.2976699	0
943.15	0	.6474121	.05472975	.2978582	0
942.15	0	.6467575	.05519673	.2980457	0
941.15	0	.6461051	.05566249	.2982325	0
940.15	0	.6454546	.05612704	.2984184	0
939.15	0	.6448061	.0565904	.2986035	0
938.15	0	.6441597	.05705258	.2987878	0
937.15	0	.6435152	.05751358	.2989713	0
936.15	0	.6428727	.05797343	.2991539	0
935.15	0	.6422322	.05843214	.2993357	0
934.15	0	.6415936	.05888972	.2995167	0
933.15	0	.640957	.05934619	.2996969	0
932.15	0	.6403223	.05980156	.2998762	0
931.15	0	.6396895	.06025585	.3000547	0
930.15	0	.6390586	.06070907	.3002323	0
929.15	0	.6384297	.06116124	.3004091	0
928.15	0	.6378026	.06161238	.300585	0
927.15	0	.6371774	.0620625	.3007601	0
926.15	0	.6365541	.06251162	.3009343	0
925.15	0	.6359326	.06295975	.3011076	0
924.15	0	.635313	.06340693	.3012801	0
923.15	0	.6346952	.06385315	.3014517	0
922.15	0	.6340792	.06429844	.3016224	0
921.15	0	.6334649	.06474283	.3017922	0
920.15	0	.6328525	.06518633	.3019612	0
919.15	0	.6322418	.06562896	.3021292	0
918.15	0	.6316329	.06607074	.3022964	0
917.15	0	.6310257	.06651169	.3024626	0
916.15	0	.6304202	.06695184	.302628	0
915.15	0	.6298164	.0673912	.3027924	0
914.15	0	.6292143	.0678298	.3029559	0
913.15	0	.6286139	.06826766	.3031185	0
912.15	0	.6280151	.06870481	.3032801	0
911.15	0	.6274179	.06914126	.3034408	0
910.15	0	.6268224	.06957705	.3036006	0
909.15	0	.6262284	.07001219	.3037594	0
908.15	0	.625636	.07044673	.3039173	0
907.15	0	.6250452	.07088067	.3040742	0
906.15	0	.6244559	.07131404	.3042301	0
905.15	0	.6238681	.07174689	.3043851	0
904.15	0	.6232817	.07217922	.3045391	0
903.15	0	.6226969	.07261108	.304692	0
902.15	0	.6221135	.07304249	.3048441	0
901.15	0	.6215315	.07347348	.3049951	0
900.15	0	.6209509	.07390408	.3051451	0
899.15	0	.6203717	.07433432	.305294	0
898.15	0	.6197938	.07476425	.305442	0
897.15	0	.6192172	.07519388	.3055889	0
896.15	0	.618642	.07562325	.3057348	0
895.15	0	.618068	.0760524	.3058797	0
894.15	0	.6174952	.07648136	.3060234	0
893.15	0	.6169237	.07691017	.3061662	0
892.15	0	.6163533	.07733887	.3063078	0
891.15	0	.6157841	.07776749	.3064484	0
890.15	0	.615216	.07819608	.3065879	0
889.15	0	.614649	.07862466	.3067263	0
888.15	0	.6140831	.07905329	.3068636	0
887.15	0	.6135182	.079482	.3069998	0
886.15	0	.6129543	.07991084	.3071348	0
885.15	0	.6123914	.08033985	.3072687	0
884.15	0	.6118294	.08076908	.3074015	0
883.15	0	.6112683	.08119857	.3075331	0
882.15	0	.6107081	.08162836	.3076636	0
881.15	0	.6101486	.08205851	.3077929	0
880.15	0	.60959	.08248907	.3079209	0
879.15	0	.6090321	.08292008	.3080478	0
878.15	0	.6084749	.0833516	.3081735	0
877.15	0	.6079184	.08378368	.308298	0
876.15	0	.6073624	.08421638	.3084212	0
875.15	0	.6068071	.08464974	.3085432	0
874.15	0	.6062523	.08508384	.3086639	0
873.15	0	.605698	.08551872	.3087833	0
872.15	0	.6051441	.08595444	.3089015	0
871.15	0	.6045906	.08639108	.3090183	0
870.15	0	.6040374	.08682869	.3091339	0
869.15	0	.6034846	.08726733	.3092481	0
868.15	0	.6029319	.08770708	.309361	0
867.15	0	.6023795	.088148	.3094725	0
866.15	0	.6018272	.08859017	.3095826	0
865.15	0	.601275	.08903365	.3096914	0
864.15	0	.6007228	.08947852	.3097987	0
863.15	0	.6001705	.08992486	.3099046	0
862.15	0	.5996181	.09037275	.3100091	0
861.15	0	.5990656	.09082227	.3101121	0
860.15	0	.5985128	.0912735	.3102137	0
859.15	0	.5979598	.09172653	.3103137	0
858.15	0	.5974063	.09218145	.3104122	0
857.15	0	.5968524	.09263835	.3105092	0
856.15	0	.5962981	.09309732	.3106046	0
855.15	0	.5957431	.09355847	.3106985	0
854.15	0	.5951874	.09402189	.3107907	0
853.15	0	.594631	.09448769	.3108813	0
852.15	0	.5940738	.09495598	.3109702	0
851.15	0	.5935156	.09542686	.3110575	0
850.15	0	.5929565	.09590046	.3111431	0
849.15	0	.5923962	.09637689	.3112269	0
848.15	0	.5918347	.09685628	.311309	0
847.15	0	.5912719	.09733876	.3113893	0
846.15	0	.5907078	.09782445	.3114678	0
845.15	0	.5901421	.09831351	.3115444	0
844.15	0	.5895748	.09880606	.3116191	0
843.15	0	.5890058	.09930227	.3116919	0
842.15	0	.5884349	.09980228	.3117628	0
841.15	0	.587862	.1003063	.3118317	0
840.15	0	.587287	.1008144	.3118986	0
839.15	0	.5867098	.1013268	.3119634	0
838.15	0	.5861302	.1018437	.3120261	0
837.15	0	.5855481	.1023654	.3120866	0
836.15	0	.5849632	.1028919	.3121449	0
835.15	0	.5843755	.1034235	.312201	0
834.15	0	.5837848	.1039604	.3122548	0
833.15	0	.5831909	.1045028	.3123063	0
832.15	0	.5825936	.1050511	.3123553	0
831.15	0	.5819927	.1056054	.3124019	0
830.15	0	.581388	.106166	.312446	0
829.15	0	.5807793	.1067332	.3124874	0
828.15	0	.5801664	.1073074	.3125263	0
827.15	0	.579549	.1078887	.3125624	0
826.15	0	.5789268	.1084775	.3125956	0
825.15	0	.5782997	.1090743	.312626	0
824.15	0	.5776672	.1096793	.3126535	0
823.15	0	.5770292	.110293	.3126778	0
822.15	0	.5763852	.1109157	.312699	0
821.15	0	.575735	.111548	.312717	0
820.15	0	.5750781	.1121904	.3127316	0
819.15	0	.5744141	.1128432	.3127427	0
818.15	0	.5737427	.1135072	.3127501	0
817.15	0	.5730634	.1141828	.3127538	0
816.15	0	.5723756	.1148707	.3127537	0
815.15	0	.5716789	.1155717	.3127494	0
814.15	0	.5709727	.1162864	.312741	0
813.15	0	.5702563	.1170156	.3127281	0
812.15	0	.5695291	.1177603	.3127106	0
811.15	0	.5687903	.1185214	.3126883	0
810.15	0	.5680392	.1192999	.3126609	0
809.15	0	.5672748	.120097	.3126282	0
808.15	0	.5664961	.120914	.3125899	0
807.15	0	.5657021	.1217523	.3125456	0
806.15	0	.5648916	.1226134	.312495	0
805.15	0	.5640632	.123499	.3124378	0
804.15	0	.5630221	.1246471	.3123308	0
803.15	0	.5615473	.1263294	.3121234	0
802.15	0	.5601514	.1279209	.3119277	0
801.15	0	.5588272	.12943	.3117428	0
800.15	0	.5575683	.1308641	.3115676	0
799.15	0	.5563693	.1322295	.3114012	0
798.15	0	.5552253	.1335319	.3112428	0
797.15	0	.5541319	.1347761	.3110919	0
796.15	0	.5530855	.1359667	.3109478	0
795.15	0	.5520824	.1371075	.31081	0
794.15	0	.5511198	.1382021	.3106781	0
793.15	0	.5501949	.1392537	.3105515	0
792.15	0	.5493051	.140265	.3104299	0
791.15	0	.5484483	.1412388	.3103129	0
790.15	0	.5476224	.1421773	.3102003	0
789.15	0	.5468255	.1430828	.3100917	0
788.15	0	.5460559	.1439571	.309987	0
787.15	0	.5453121	.1448021	.3098858	0
786.15	0	.5445927	.1456194	.3097879	0
785.15	0	.5438976	.1464096	.3096928	0
784.15	0	.5432228	.1471761	.3096011	0
783.15	0	.5425687	.1479193	.3095121	0
782.15	0	.5419341	.1486402	.3094257	0
781.15	0	.5413182	.1493401	.3093417	0
780.15	0	.54072	.1500198	.3092601	0
779.15	0	.5401387	.1506805	.3091808	0
778.15	0	.5395735	.1513231	.3091034	0
777.15	0	.5390236	.1519483	.3090281	0
776.15	0	.5384884	.1525569	.3089547	0
775.15	0	.5379672	.1531498	.308883	0
774.15	0	.5374594	.1537276	.308813	0
773.15	0	.5369644	.154291	.3087446	0
772.15	0	.5364817	.1548406	.3086778	0
771.15	0	.5360107	.1553769	.3086124	0
770.15	0	.5355511	.1559006	.3085483	0
769.15	0	.5351023	.1564121	.3084856	0
768.15	0	.5346638	.156912	.3084242	0
767.15	0	.5342354	.1574006	.3083639	0
766.15	0	.5338167	.1578785	.3083049	0
765.15	0	.5334071	.158346	.3082468	0
764.15	0	.5330065	.1588036	.3081899	0
763.15	0	.5326145	.1592516	.3081339	0
762.15	0	.5322307	.1596904	.3080789	0
761.15	0	.5318549	.1601202	.3080248	0
760.15	0	.5314869	.1605416	.3079716	0
759.15	0	.5311262	.1609546	.3079192	0
758.15	0	.5307727	.1613597	.3078676	0
757.15	0	.5304261	.1617571	.3078168	0
756.15	0	.5300862	.1621471	.3077667	0
755.15	0	.5297528	.1625299	.3077173	0
754.15	0	.5294256	.1629058	.3076686	0
753.15	0	.5291045	.163275	.3076205	0
752.15	0	.5287892	.1636377	.3075731	0
751.15	0	.5284796	.1639942	.3075262	0
750.15	0	.5281755	.1643446	.3074799	0
749.15	0	.5278767	.1646891	.3074342	0
748.15	0	.5275831	.1650279	.307389	0
747.15	0	.5272945	.1653612	.3073443	0
746.15	0	.5270107	.1656892	.3073001	0
745.15	0	.5267316	.166012	.3072563	0
744.15	0	.5264571	.1663299	.3072131	0
743.15	0	.526187	.1666428	.3071702	0
742.15	0	.5259212	.166951	.3071277	0
741.15	0	.5256597	.1672547	.3070857	0
740.15	0	.5254021	.1675539	.307044	0
739.15	0	.5251485	.1678488	.3070027	0
738.15	0	.5248988	.1681394	.3069618	0
737.15	0	.5246528	.1684261	.3069212	0
736.15	0	.5244104	.1687087	.3068809	0
735.15	0	.5241715	.1689875	.306841	0
734.15	0	.5239361	.1692626	.3068013	0
733.15	0	.523704	.169534	.306762	0
732.15	0	.5234752	.1698019	.3067229	0
731.15	0	.5232495	.1700664	.3066841	0
730.15	0	.523027	.1703275	.3066456	0
729.15	0	.5228074	.1705853	.3066073	0
728.15	0	.5225908	.17084	.3065692	0
727.15	0	.5223771	.1710916	.3065314	0
726.15	0	.5221661	.1713401	.3064938	0
725.15	0	.5219579	.1715857	.3064564	0
724.15	0	.5217523	.1718285	.3064193	0
723.15	0	.5215493	.1720685	.3063823	0
722.15	0	.5213488	.1723057	.3063455	0
721.15	0	.5211508	.1725403	.3063089	0
720.15	0	.5209552	.1727723	.3062725	0
719.15	0	.5207619	.1730018	.3062362	0
718.15	0	.520571	.1732289	.3062002	0
717.15	0	.5203823	.1734535	.3061643	0
716.15	0	.5201957	.1736758	.3061285	0
715.15	0	.5200113	.1738958	.3060929	0
714.15	0	.5198291	.1741136	.3060574	0
713.15	0	.5196488	.1743291	.3060221	0
712.15	0	.5194706	.1745426	.3059869	0
711.15	0	.5192943	.1747539	.3059518	0
710.15	0	.5191199	.1749633	.3059168	0
709.15	0	.5189474	.1751706	.305882	0
708.15	0	.5187767	.175376	.3058473	0
707.15	0	.5186079	.1755795	.3058126	0
706.15	0	.5184407	.1757811	.3057781	0
705.15	0	.5182753	.175981	.3057437	0
704.15	0	.5181116	.176179	.3057094	0
703.15	0	.5179495	.1763753	.3056752	0
702.15	0	.5177891	.1765699	.305641	0
701.15	0	.5176302	.1767629	.305607	0
700.15	0	.5174729	.1769542	.305573	0
699.15	0	.517317	.1771439	.3055391	0
698.15	0	.5171627	.177332	.3055053	0
697.15	0	.5170098	.1775186	.3054715	0
696.15	0	.5168584	.1777037	.3054379	0
695.15	0	.5167084	.1778874	.3054043	0
694.15	0	.5165597	.1780696	.3053707	0
693.15	0	.5164124	.1782504	.3053373	0
692.15	0	.5162664	.1784298	.3053038	0
691.15	0	.5161217	.1786079	.3052705	0
690.15	0	.5159783	.1787846	.3052372	0
689.15	0	.5158361	.17896	.3052039	0
688.15	0	.5156951	.1791342	.3051707	0
687.15	0	.5155554	.1793071	.3051375	0
686.15	0	.5154168	.1794787	.3051045	0
685.15	0	.5152794	.1796492	.3050714	0
684.15	0	.5151431	.1798185	.3050384	0
683.15	0	.515008	.1799866	.3050054	0
682.15	0	.514874	.1801536	.3049724	0
681.15	0	.514741	.1803195	.3049395	0
680.15	0	.5146091	.1804843	.3049067	0
679.15	0	.5144782	.180648	.3048738	0
678.15	0	.5143484	.1808106	.304841	0
677.15	0	.5142196	.1809722	.3048083	0
676.15	0	.5140917	.1811328	.3047755	0
675.15	0	.5139649	.1812923	.3047428	0
674.15	0	.513839	.1814509	.3047101	0
673.15	0	.513714	.1816085	.3046774	0
672.15	0	.51359	.1817652	.3046448	0
671.15	0	.5134669	.1819209	.3046122	0
670.15	0	.5133447	.1820757	.3045796	0
669.15	0	.5132233	.1822296	.304547	0
668.15	0	.5131029	.1823827	.3045145	0
667.15	0	.5129833	.1825348	.304482	0
666.15	0	.5128645	.1826861	.3044494	0
665.15	0	.5127466	.1828365	.3044169	0
664.15	0	.5126294	.1829861	.3043845	0
663.15	0	.5125131	.1831349	.304352	0
662.15	0	.5123976	.1832829	.3043195	0
661.15	0	.5122828	.18343	.3042871	0
660.15	0	.5121689	.1835764	.3042547	0
659.15	0	.5120557	.183722	.3042223	0
658.15	0	.5119432	.1838669	.3041899	0
657.15	0	.5118315	.184011	.3041575	0
656.15	0	.5117204	.1841544	.3041251	0
655.15	0	.5116101	.1842971	.3040928	0
654.15	0	.5115005	.184439	.3040604	0
653.15	0	.5113916	.1845803	.3040281	0
652.15	0	.5112834	.1847208	.3039958	0
651.15	0	.5111759	.1848607	.3039634	0
650.15	0	.511069	.1849999	.3039311	0
649.15	0	.5109628	.1851384	.3038988	0
648.15	0	.5108572	.1852763	.3038665	0
647.15	0	.5107523	.1854135	.3038342	0
646.15	0	.510648	.1855501	.3038019	0
645.15	0	.5105443	.1856861	.3037696	0
644.15	0	.5104412	.1858214	.3037373	0
643.15	0	.5103388	.1859562	.3037051	0
642.15	0	.5102369	.1860903	.3036728	0
641.15	0	.5101356	.1862238	.3036405	0
640.15	0	.5100349	.1863568	.3036083	0
639.15	0	.5099348	.1864891	.303576	0
638.15	0	.5098353	.1866209	.3035438	0
637.15	0	.5097363	.1867522	.3035115	0
636.15	0	.5096379	.1868828	.3034793	0
635.15	0	.50954	.187013	.3034471	0
634.15	0	.5094426	.1871425	.3034148	0
633.15	0	.5093458	.1872716	.3033826	0
632.15	0	.5092495	.1874001	.3033504	0
631.15	0	.5091538	.1875281	.3033182	0
630.15	0	.5090585	.1876555	.3032859	0
629.15	0	.5089638	.1877825	.3032537	0
628.15	0	.5088696	.1879089	.3032215	0
627.15	0	.5087758	.1880348	.3031893	0
626.15	0	.5086826	.1881603	.3031571	0
625.15	0	.5085899	.1882852	.3031249	0
624.15	0	.5084976	.1884097	.3030927	0
623.15	0	.5084058	.1885337	.3030605	0
622.15	0	.5083145	.1886572	.3030283	0
621.15	0	.5082236	.1887803	.3029962	0
620.15	0	.5081332	.1889028	.302964	0
619.15	0	.5080432	.189025	.3029318	0
618.15	0	.5079537	.1891466	.3028996	0
617.15	0	.5078647	.1892678	.3028675	0
616.15	0	.5077761	.1893886	.3028353	0
615.15	0	.5076879	.1895089	.3028031	0
614.15	0	.5076002	.1896288	.302771	0
613.15	0	.5075129	.1897483	.3027388	0
612.15	0	.507426	.1898673	.3027067	0
611.15	0	.5073395	.1899859	.3026746	0
610.15	0	.5072535	.1901041	.3026424	0
609.15	0	.5071678	.1902219	.3026103	0
608.15	0	.5070826	.1903392	.3025782	0
607.15	0	.5069978	.1904562	.3025461	0
606.15	0	.5069134	.1905727	.3025139	0
605.15	0	.5068293	.1906888	.3024818	0
604.15	0	.5067457	.1908046	.3024497	0
603.15	0	.5066624	.1909199	.3024176	0
602.15	0	.5065796	.1910349	.3023856	0
601.15	0	.5064971	.1911494	.3023535	0
600.15	0	.506415	.1912636	.3023214	0
599.15	0	.5063332	.1913774	.3022894	0
598.15	0	.5062519	.1914908	.3022573	0
597.15	0	.5061709	.1916039	.3022253	0
596.15	0	.5060903	.1917165	.3021932	0
595.15	0	.50601	.1918288	.3021612	0
594.15	0	.5059301	.1919408	.3021292	0
593.15	0	.5058505	.1920523	.3020972	0
592.15	0	.5057713	.1921635	.3020652	0
591.15	0	.5056925	.1922744	.3020332	0
590.15	0	.5056139	.1923849	.3020012	0
589.15	0	.5055358	.192495	.3019692	0
588.15	0	.505458	.1926048	.3019373	0
587.15	0	.5053805	.1927142	.3019053	0
586.15	0	.5053033	.1928233	.3018734	0
585.15	0	.5052265	.192932	.3018415	0
584.15	0	.50515	.1930404	.3018096	0
583.15	0	.5050739	.1931484	.3017777	0
582.15	0	.5049981	.1932562	.3017458	0
581.15	0	.5049226	.1933635	.3017139	0
580.15	0	.5048474	.1934706	.3016821	0
579.15	0	.5047725	.1935773	.3016502	0
578.15	0	.504698	.1936836	.3016184	0
577.15	0	.5046237	.1937897	.3015866	0
576.15	0	.5045498	.1938954	.3015548	0
575.15	0	.5044762	.1940008	.301523	0
574.15	0	.5044029	.1941059	.3014913	0
573.15	0	.5043298	.1942106	.3014595	0
572.15	0	.5042572	.1943151	.3014278	0
571.15	0	.5041848	.1944192	.3013961	0
570.15	0	.5041126	.194523	.3013644	0
569.15	0	.5040408	.1946265	.3013327	0
568.15	0	.5039693	.1947296	.3013011	0
567.15	0	.5038981	.1948325	.3012694	0
566.15	0	.5038272	.194935	.3012378	0
565.15	0	.5037565	.1950373	.3012062	0
564.15	0	.5036862	.1951392	.3011746	0
563.15	0	.5036161	.1952408	.3011431	0
562.15	0	.5035463	.1953421	.3011115	0
561.15	0	.5034768	.1954431	.30108	0
560.15	0	.5034076	.1955439	.3010485	0
559.15	0	.5033387	.1956443	.3010171	0
558.15	0	.50327	.1957444	.3009856	0
557.15	0	.5032016	.1958442	.3009542	0
556.15	0	.5031335	.1959437	.3009228	0
555.15	0	.5030657	.1960429	.3008914	0
554.15	0	.5029981	.1961418	.3008601	0
553.15	0	.5029308	.1962405	.3008288	0
552.15	0	.5028638	.1963388	.3007975	0
551.15	0	.502797	.1964368	.3007662	0
550.15	0	.5027305	.1965346	.300735	0
549.15	0	.5026642	.196632	.3007037	0
548.15	0	.5025982	.1967292	.3006726	0
547.15	0	.5025325	.1968261	.3006414	0
546.15	0	.5024671	.1969227	.3006103	0
545.15	0	.5024019	.197019	.3005792	0
544.15	0	.5023369	.197115	.3005481	0
543.15	0	.5022722	.1972107	.300517	0
542.15	0	.5022078	.1973062	.300486	0
541.15	0	.5021436	.1974014	.300455	0
540.15	0	.5020797	.1974963	.3004241	0
539.15	0	.502016	.1975909	.3003932	0
538.15	0	.5019525	.1976852	.3003623	0
537.15	0	.5018893	.1977792	.3003314	0
536.15	0	.5018264	.197873	.3003006	0
535.15	0	.5017637	.1979665	.3002698	0
534.15	0	.5017012	.1980597	.3002391	0
533.15	0	.501639	.1981526	.3002084	0
532.15	0	.5015771	.1982453	.3001777	0
531.15	0	.5015154	.1983376	.300147	0
530.15	0	.5014539	.1984297	.3001164	0
529.15	0	.5013927	.1985215	.3000857	0
528.15	0	.5013317	.1986131	.3000552	0
527.15	0	.5012709	.1987044	.3000247	0
526.15	0	.5012104	.1987953	.2999942	0
525.15	0	.5011501	.1988861	.2999638	0
524.15	0	.5010901	.1989765	.2999334	0
523.15	0	.5010302	.1990667	.2999031	0
522.15	0	.5009706	.1991566	.2998728	0
521.15	0	.5009112	.1992462	.2998425	0
520.15	0	.5008521	.1993356	.2998123	0
519.15	0	.5007932	.1994247	.2997821	0
518.15	0	.5007345	.1995135	.299752	0
517.15	0	.5006761	.1996021	.2997219	0
516.15	0	.5006178	.1996903	.2996918	0
515.15	0	.5005598	.1997784	.2996618	0
514.15	0	.5005021	.1998661	.2996319	0
513.15	0	.5004445	.1999536	.2996019	0
512.15	0	.5003872	.2000408	.2995721	0
511.15	0	.5003301	.2001277	.2995422	0
510.15	0	.5002732	.2002144	.2995124	0
509.15	0	.5002165	.2003008	.2994827	0
508.15	0	.5001601	.2003869	.299453	0
507.15	0	.5001039	.2004728	.2994234	0
506.15	0	.5000479	.2005584	.2993938	0
505.15	0	.4999921	.2006437	.2993642	0
504.15	0	.4999365	.2007288	.2993347	0
503.15	0	.4998812	.2008136	.2993053	0
502.15	0	.499826	.2008981	.2992759	0
501.15	0	.4997711	.2009823	.2992465	0
500.15	0	.4997164	.2010663	.2992173	0
499.15	0	.4996619	.2011501	.299188	0
498.15	0	.4996076	.2012335	.2991588	0
497.15	0	.4995536	.2013168	.2991297	0
496.15	0	.4994997	.2013997	.2991006	0
495.15	0	.4994461	.2014824	.2990716	0
494.15	0	.4993927	.2015648	.2990426	0
493.15	0	.4993394	.2016469	.2990137	0
492.15	0	.4992864	.2017288	.2989848	0
491.15	0	.4992336	.2018104	.298956	0
490.15	0	.4991811	.2018918	.2989272	0
489.15	0	.4991287	.2019728	.2988985	0
488.15	0	.4990765	.2020537	.2988699	0
487.15	0	.4990245	.2021342	.2988413	0
486.15	0	.4989728	.2022145	.2988127	0
485.15	0	.4989212	.2022945	.2987843	0
484.15	0	.4988699	.2023743	.2987559	0
483.15	0	.4988187	.2024538	.2987275	0
482.15	0	.4987678	.202533	.2986992	0
481.15	0	.498717	.202612	.298671	0
480.15	0	.4986665	.2026907	.2986428	0
479.15	0	.4986161	.2027692	.2986147	0
478.15	0	.498566	.2028473	.2985867	0
477.15	0	.4985161	.2029253	.2985587	0
476.15	0	.4984664	.2030029	.2985307	0
475.15	0	.4984168	.2030803	.2985029	0
474.15	0	.4983675	.2031574	.2984751	0
473.15	0	.4983184	.2032343	.2984473	0
472.15	0	.4982694	.2033109	.2984197	0
471.15	0	.4982207	.2033872	.2983921	0
470.15	0	.4981722	.2034633	.2983645	0
469.15	0	.4981238	.2035391	.2983371	0
468.15	0	.4980757	.2036147	.2983097	0
467.15	0	.4980277	.2036899	.2982823	0
466.15	0	.49798	.203765	.2982551	0
465.15	0	.4979324	.2038397	.2982279	0
464.15	0	.4978851	.2039142	.2982007	0
463.15	0	.4978379	.2039884	.2981737	0
462.15	0	.497791	.2040624	.2981467	0
461.15	0	.4977442	.2041361	.2981197	0
460.15	0	.4976976	.2042095	.2980929	0
459.15	0	.4976512	.2042827	.2980661	0
458.15	0	.497605	.2043556	.2980394	0
457.15	0	.497559	.2044282	.2980127	0
456.15	0	.4975132	.2045006	.2979862	0
455.15	0	.4974676	.2045727	.2979597	0
454.15	0	.4974222	.2046446	.2979332	0
453.15	0	.4973769	.2047162	.2979069	0
452.15	0	.4973319	.2047875	.2978806	0
451.15	0	.4972871	.2048586	.2978544	0
450.15	0	.4972424	.2049293	.2978283	0
449.15	0	.4971979	.2049998	.2978022	0
448.15	0	.4971537	.20507	.2977763	0
447.15	0	.4971097	.20514	.2977504	0
446.15	0	.4970658	.2052096	.2977246	0
445.15	0	.4970221	.205279	.2976989	0
444.15	0	.4969787	.2053481	.2976732	0
443.15	0	.4969354	.2054169	.2976477	0
442.15	0	.4968924	.2054854	.2976222	0
441.15	0	.4968495	.2055536	.2975969	0
440.15	0	.4968069	.2056215	.2975716	0
439.15	0	.4967645	.2056891	.2975464	0
438.15	0	.4967223	.2057564	.2975213	0
437.15	0	.4966803	.2058234	.2974963	0
436.15	0	.4966385	.2058901	.2974714	0
435.15	0	.496597	.2059565	.2974466	0
434.15	0	.4965556	.2060225	.2974219	0
433.15	0	.4965145	.2060882	.2973973	0
432.15	0	.4964736	.2061536	.2973727	0
431.15	0	.496433	.2062187	.2973483	0
430.15	0	.4963925	.2062835	.297324	0
429.15	0	.4963523	.2063479	.2972998	0
428.15	0	.4963123	.206412	.2972757	0
427.15	0	.4962725	.2064757	.2972518	0
426.15	0	.496233	.2065392	.2972279	0
425.15	0	.4961936	.2066023	.2972041	0
424.15	0	.4961545	.206665	.2971804	0
423.15	0	.4961157	.2067275	.2971569	0
422.15	0	.496077	.2067895	.2971334	0
421.15	0	.4960386	.2068513	.2971101	0
420.15	0	.4960004	.2069127	.2970869	0
419.15	0	.4959625	.2069738	.2970638	0
418.15	0	.4959247	.2070345	.2970408	0
417.15	0	.4958872	.2070949	.2970179	0
416.15	0	.4958499	.207155	.2969951	0
415.15	0	.4958129	.2072147	.2969724	0
414.15	0	.495776	.2072741	.2969499	0
413.15	0	.4957394	.2073331	.2969275	0
412.15	0	.495703	.2073919	.2969051	0
411.15	0	.4956669	.2074502	.2968829	0
410.15	0	.4956309	.2075083	.2968608	0
409.15	0	.4955952	.2075659	.2968389	0
408.15	0	.4955597	.2076233	.296817	0
407.15	0	.4955244	.2076803	.2967952	0
406.15	0	.4954894	.207737	.2967736	0
405.15	0	.4954545	.2077934	.2967521	0
404.15	0	.4954199	.2078494	.2967307	0
403.15	0	.4953855	.2079051	.2967094	0
402.15	0	.4953513	.2079604	.2966883	0
401.15	0	.4953174	.2080154	.2966672	0
400.15	0	.4952836	.2080701	.2966463	0
399.15	0	.4952501	.2081245	.2966254	0
398.15	0	.4952167	.2081785	.2966047	0
397.15	0	.4951836	.2082323	.2965841	0
396.15	0	.4951507	.2082856	.2965637	0
395.15	0	.495118	.2083387	.2965433	0
394.15	0	.4950855	.2083914	.2965231	0
393.15	0	.4950532	.2084439	.2965029	0
392.15	0	.4950211	.208496	.2964829	0
391.15	0	.4949892	.2085478	.296463	0
390.15	0	.4949575	.2085992	.2964433	0
389.15	0	.494926	.2086504	.2964236	0
388.15	0	.4948947	.2087012	.296404	0
387.15	0	.4948637	.2087518	.2963846	0
386.15	0	.4948327	.208802	.2963653	0
385.15	0	.494802	.2088519	.2963461	0
384.15	0	.4947715	.2089015	.296327	0
383.15	0	.4947412	.2089508	.296308	0
382.15	0	.4947111	.2089998	.2962891	0
381.15	0	.4946811	.2090485	.2962703	0
380.15	0	.4946514	.209097	.2962517	0
379.15	0	.4946218	.2091451	.2962331	0
378.15	0	.4945924	.2091929	.2962147	0
377.15	0	.4945632	.2092404	.2961964	0
376.15	0	.4945341	.2092877	.2961782	0
375.15	0	.4945053	.2093346	.2961601	0
374.15	0	.4944766	.2093813	.2961421	0
