T	 BPW(LIQUID)	BPW(BCC_A2)	BPW(FCC_A1)	BPW(LAVES_PHASE_C14)	BPW(NI3TI)
1473.15	0	1	0	0	0
1472.15	0	1	0	0	0
1471.15	0	1	0	0	0
1470.15	0	1	0	0	0
1469.15	0	1	0	0	0
1468.15	0	1	0	0	0
1467.15	0	1	0	0	0
1466.15	0	1	0	0	0
1465.15	0	1	0	0	0
1464.15	0	1	0	0	0
1463.15	0	1	0	0	0
1462.15	0	1	0	0	0
1461.15	0	1	0	0	0
1460.15	0	1	0	0	0
1459.15	0	1	0	0	0
1458.15	0	1	0	0	0
1457.15	0	1	0	0	0
1456.15	0	1	0	0	0
1455.15	0	1	0	0	0
1454.15	0	1	0	0	0
1453.15	0	1	0	0	0
1452.15	0	1	0	0	0
1451.15	0	1	0	0	0
1450.15	0	1	0	0	0
1449.15	0	1	0	0	0
1448.15	0	1	0	0	0
1447.15	0	1	0	0	0
1446.15	0	1	0	0	0
1445.15	0	1	0	0	0
1444.15	0	1	0	0	0
1443.15	0	1	0	0	0
1442.15	0	1	0	0	0
1441.15	0	1	0	0	0
1440.15	0	1	0	0	0
1439.15	0	1	0	0	0
1438.15	0	1	0	0	0
1437.15	0	1	0	0	0
1436.15	0	1	0	0	0
1435.15	0	1	0	0	0
1434.15	0	1	0	0	0
1433.15	0	1	0	0	0
1432.15	0	1	0	0	0
1431.15	0	1	0	0	0
1430.15	0	1	0	0	0
1429.15	0	1	0	0	0
1428.15	0	1	0	0	0
1427.15	0	1	0	0	0
1426.15	0	1	0	0	0
1425.15	0	1	0	0	0
1424.15	0	1	0	0	0
1423.15	0	1	0	0	0
1422.15	0	1	0	0	0
1421.15	0	1	0	0	0
1420.15	0	1	0	0	0
1419.15	0	1	0	0	0
1418.15	0	1	0	0	0
1417.15	0	1	0	0	0
1416.15	0	1	0	0	0
1415.15	0	1	0	0	0
1414.15	0	1	0	0	0
1413.15	0	1	0	0	0
1412.15	0	1	0	0	0
1411.15	0	1	0	0	0
1410.15	0	1	0	0	0
1409.15	0	1	0	0	0
1408.15	0	1	0	0	0
1407.15	0	1	0	0	0
1406.15	0	1	0	0	0
1405.15	0	1	0	0	0
1404.15	0	1	0	0	0
1403.15	0	1	0	0	0
1402.15	0	1	0	0	0
1401.15	0	1	0	0	0
1400.15	0	1	0	0	0
1399.15	0	1	0	0	0
1398.15	0	1	0	0	0
1397.15	0	1	0	0	0
1396.15	0	1	0	0	0
1395.15	0	1	0	0	0
1394.15	0	1	0	0	0
1393.15	0	1	0	0	0
1392.15	0	1	0	0	0
1391.15	0	1	0	0	0
1390.15	0	1	0	0	0
1389.15	0	1	0	0	0
1388.15	0	1	0	0	0
1387.15	0	1	0	0	0
1386.15	0	1	0	0	0
1385.15	0	1	0	0	0
1384.15	0	1	0	0	0
1383.15	0	1	0	0	0
1382.15	0	1	0	0	0
1381.15	0	1	0	0	0
1380.15	0	1	0	0	0
1379.15	0	1	0	0	0
1378.15	0	1	0	0	0
1377.15	0	1	0	0	0
1376.15	0	1	0	0	0
1375.15	0	1	0	0	0
1374.15	0	1	0	0	0
1373.15	0	1	0	0	0
1372.15	0	1	0	0	0
1371.15	0	1	0	0	0
1370.15	0	1	0	0	0
1369.15	0	1	0	0	0
1368.15	0	1	0	0	0
1367.15	0	1	0	0	0
1366.15	0	1	0	0	0
1365.15	0	1	0	0	0
1364.15	0	1	0	0	0
1363.15	0	1	0	0	0
1362.15	0	1	0	0	0
1361.15	0	1	0	0	0
1360.15	0	1	0	0	0
1359.15	0	1	0	0	0
1358.15	0	1	0	0	0
1357.15	0	1	0	0	0
1356.15	0	1	0	0	0
1355.15	0	1	0	0	0
1354.15	0	1	0	0	0
1353.15	0	1	0	0	0
1352.15	0	1	0	0	0
1351.15	0	1	0	0	0
1350.15	0	1	0	0	0
1349.15	0	1	0	0	0
1348.15	0	1	0	0	0
1347.15	0	1	0	0	0
1346.15	0	1	0	0	0
1345.15	0	1	0	0	0
1344.15	0	1	0	0	0
1343.15	0	1	0	0	0
1342.15	0	1	0	0	0
1341.15	0	1	0	0	0
1340.15	0	1	0	0	0
1339.15	0	1	0	0	0
1338.15	0	1	0	0	0
1337.15	0	1	0	0	0
1336.15	0	1	0	0	0
1335.15	0	1	0	0	0
1334.15	0	1	0	0	0
1333.15	0	1	0	0	0
1332.15	0	1	0	0	0
1331.15	0	1	0	0	0
1330.15	0	1	0	0	0
1329.15	0	1	0	0	0
1328.15	0	1	0	0	0
1327.15	0	1	0	0	0
1326.15	0	1	0	0	0
1325.15	0	1	0	0	0
1324.15	0	1	0	0	0
1323.15	0	1	0	0	0
1322.15	0	1	0	0	0
1321.15	0	1	0	0	0
1320.15	0	1	0	0	0
1319.15	0	1	0	0	0
1318.15	0	1	0	0	0
1317.15	0	1	0	0	0
1316.15	0	1	0	0	0
1315.15	0	1	0	0	0
1314.15	0	1	0	0	0
1313.15	0	1	0	0	0
1312.15	0	1	0	0	0
1311.15	0	1	0	0	0
1310.15	0	1	0	0	0
1309.15	0	1	0	0	0
1308.15	0	1	0	0	0
1307.15	0	1	0	0	0
1306.15	0	1	0	0	0
1305.15	0	1	0	0	0
1304.15	0	1	0	0	0
1303.15	0	1	0	0	0
1302.15	0	1	0	0	0
1301.15	0	1	0	0	0
1300.15	0	1	0	0	0
1299.15	0	1	0	0	0
1298.15	0	1	0	0	0
1297.15	0	1	0	0	0
1296.15	0	1	0	0	0
1295.15	0	1	0	0	0
1294.15	0	1	0	0	0
1293.15	0	1	0	0	0
1292.15	0	1	0	0	0
1291.15	0	1	0	0	0
1290.15	0	1	0	0	0
1289.15	0	1	0	0	0
1288.15	0	1	0	0	0
1287.15	0	1	0	0	0
1286.15	0	1	0	0	0
1285.15	0	1	0	0	0
1284.15	0	1	0	0	0
1283.15	0	1	0	0	0
1282.15	0	1	0	0	0
1281.15	0	1	0	0	0
1280.15	0	1	0	0	0
1279.15	0	1	0	0	0
1278.15	0	1	0	0	0
1277.15	0	1	0	0	0
1276.15	0	1	0	0	0
1275.15	0	1	0	0	0
1274.15	0	1	0	0	0
1273.15	0	1	0	0	0
1272.15	0	1	0	0	0
1271.15	0	1	0	0	0
1270.15	0	1	0	0	0
1269.15	0	1	0	0	0
1268.15	0	1	0	0	0
1267.15	0	1	0	0	0
1266.15	0	1	0	0	0
1265.15	0	1	0	0	0
1264.15	0	1	0	0	0
1263.15	0	1	0	0	0
1262.15	0	1	0	0	0
1261.15	0	1	0	0	0
1260.15	0	1	0	0	0
1259.15	0	1	0	0	0
1258.15	0	1	0	0	0
1257.15	0	1	0	0	0
1256.15	0	1	0	0	0
1255.15	0	1	0	0	0
1254.15	0	1	0	0	0
1253.15	0	1	0	0	0
1252.15	0	1	0	0	0
1251.15	0	1	0	0	0
1250.15	0	1	0	0	0
1249.15	0	1	0	0	0
1248.15	0	1	0	0	0
1247.15	0	1	0	0	0
1246.15	0	1	0	0	0
1245.15	0	1	0	0	0
1244.15	0	1	0	0	0
1243.15	0	1	0	0	0
1242.15	0	1	0	0	0
1241.15	0	1	0	0	0
1240.15	0	1	0	0	0
1239.15	0	1	0	0	0
1238.15	0	1	0	0	0
1237.15	0	1	0	0	0
1236.15	0	1	0	0	0
1235.15	0	1	0	0	0
1234.15	0	1	0	0	0
1233.15	0	1	0	0	0
1232.15	0	1	0	0	0
1231.15	0	1	0	0	0
1230.15	0	1	0	0	0
1229.15	0	1	0	0	0
1228.15	0	1	0	0	0
1227.15	0	1	0	0	0
1226.528	0	1	0	0	0
1226.528	0	1	0	0	0
1226.528	0	1	0	0	0
1226.15	0	.9997855	0	2.144944E-04	0
1225.15	0	.9992188	0	7.811877E-04	0
1224.15	0	.9986533	0	.001346695	0
1223.15	0	.998089	0	.001911019	0
1222.15	0	.9975258	0	.002474164	0
1221.15	0	.9969639	0	.003036131	0
1220.15	0	.9964031	0	.003596924	0
1219.15	0	.9958434	0	.004156547	0
1218.15	0	.995285	0	.004715001	0
1217.15	0	.9947277	0	.005272289	0
1216.15	0	.9941716	0	.005828416	0
1215.15	0	.9936166	0	.006383383	0
1214.15	0	.9930628	0	.006937193	0
1213.15	0	.9925102	0	.00748985	0
1212.15	0	.9919586	0	.008041355	0
1211.15	0	.9914083	0	.008591713	0
1210.15	0	.9908591	0	.009140926	0
1209.15	0	.990311	0	.009688996	0
1208.15	0	.9897641	0	.01023593	0
1207.15	0	.9892183	0	.01078172	0
1206.15	0	.9886736	0	.01132638	0
1205.15	0	.9881301	0	.01186991	0
1204.15	0	.9875877	0	.01241231	0
1203.15	0	.9870464	0	.01295358	0
1202.15	0	.9865063	0	.01349373	0
1201.15	0	.9859672	0	.01403277	0
1200.15	0	.9854293	0	.01457068	0
1199.15	0	.9848925	0	.01510748	0
1198.15	0	.9843568	0	.01564317	0
1197.15	0	.9838223	0	.01617774	0
1196.15	0	.9832888	0	.01671121	0
1195.15	0	.9827564	0	.01724358	0
1194.15	0	.9822252	0	.01777484	0
1193.15	0	.981695	0	.01830501	0
1192.15	0	.9811659	0	.01883408	0
1191.15	0	.980638	0	.01936205	0
1190.15	0	.9801111	0	.01988893	0
1189.15	0	.9795853	0	.02041473	0
1188.15	0	.9790606	0	.02093944	0
1187.15	0	.9785369	0	.02146307	0
1186.15	0	.9780144	0	.02198561	0
1185.15	0	.9774929	0	.02250708	0
1184.15	0	.9769725	0	.02302747	0
1183.15	0	.9764532	0	.02354679	0
1182.15	0	.975935	0	.02406503	0
1181.15	0	.9754178	0	.02458221	0
1180.15	0	.9749017	0	.02509832	0
1179.15	0	.9743866	0	.02561337	0
1178.15	0	.9738726	0	.02612736	0
1177.15	0	.9733597	0	.02664029	0
1176.15	0	.9728478	0	.02715216	0
1175.15	0	.972337	0	.02766298	0
1174.15	0	.9718273	0	.02817274	0
1173.15	0	.9713185	0	.02868146	0
1172.15	0	.9708109	0	.02918914	0
1171.15	0	.9703042	0	.02969576	0
1170.15	0	.9697987	0	.03020135	0
1169.15	0	.9692941	0	.0307059	0
1168.15	0	.9687906	0	.03120941	0
1167.15	0	.9682881	0	.03171188	0
1166.15	0	.9677867	0	.03221332	0
1165.15	0	.9672863	0	.03271374	0
1164.15	0	.9667869	0	.03321312	0
1163.15	0	.9662885	0	.03371148	0
1162.15	0	.9657912	0	.03420882	0
1161.15	0	.9652949	0	.03470513	0
1160.15	0	.9647996	0	.03520043	0
1159.15	0	.9643053	0	.03569471	0
1158.15	0	.963812	0	.03618797	0
1157.15	0	.9633198	0	.03668023	0
1156.15	0	.9628285	0	.03717147	0
1155.15	0	.9623383	0	.0376617	0
1154.15	0	.961849	0	.03815096	0
1153.15	0	.9613608	0	.03863918	0
1152.15	0	.9608736	0	.03912641	0
1151.15	0	.9603874	0	.03961264	0
1150.15	0	.9599021	0	.04009787	0
1149.15	0	.9594179	0	.04058211	0
1148.15	0	.9589346	0	.04106535	0
1147.15	0	.9584524	0	.04154761	0
1146.15	0	.9579711	0	.04202887	0
1145.15	0	.9574909	0	.04250915	0
1144.15	0	.9570116	0	.04298845	0
1143.15	0	.9565332	0	.04346676	0
1142.15	0	.9560559	0	.0439441	0
1141.15	0	.9555795	0	.04442046	0
1140.15	0	.9551042	0	.04489584	0
1139.15	0	.9546298	0	.04537025	0
1138.15	0	.9541563	0	.04584369	0
1137.15	0	.9536838	0	.04631615	0
1136.15	0	.9532123	0	.04678766	0
1135.15	0	.9527418	0	.04725819	0
1134.15	0	.9522722	0	.04772777	0
1133.15	0	.9518036	0	.04819638	0
1132.15	0	.951336	0	.04866403	0
1131.15	0	.9508693	0	.04913073	0
1130.15	0	.9504035	0	.04959647	0
1129.15	0	.9499387	0	.05006126	0
1128.15	0	.9494749	0	.05052509	0
1127.15	0	.949012	0	.05098798	0
1126.15	0	.9485501	0	.05144992	0
1125.15	0	.9480891	0	.05191092	0
1124.15	0	.947629	0	.05237097	0
1123.15	0	.9471699	0	.05283008	0
1122.15	0	.9467118	0	.05328825	0
1121.15	0	.9462545	0	.05374548	0
1120.15	0	.9457982	0	.05420178	0
1119.15	0	.9453429	0	.05465714	0
1118.15	0	.9448884	0	.05511157	0
1117.15	0	.9444349	0	.05556507	0
1116.15	0	.9439823	0	.05601764	0
1115.15	0	.9435307	0	.05646929	0
1114.15	0	.94308	0	.05692001	0
1113.15	0	.9426302	0	.05736981	0
1112.15	0	.9421813	0	.05781869	0
1111.15	0	.9417334	0	.05826665	0
1110.15	0	.9412863	0	.05871369	0
1109.15	0	.9408402	0	.05915982	0
1108.15	0	.940395	0	.05960503	0
1107.15	0	.9399507	0	.06004933	0
1106.15	0	.9395073	0	.06049272	0
1105.15	0	.9390648	0	.0609352	0
1104.15	0	.9386232	0	.06137678	0
1103.15	0	.9381826	0	.06181745	0
1102.15	0	.9377428	0	.06225721	0
1101.15	0	.9373039	0	.06269608	0
1100.15	0	.936866	0	.06313405	0
1099.15	0	.9364289	0	.06357112	0
1098.15	0	.9359927	0	.06400729	0
1097.15	0	.9355574	0	.06444257	0
1096.15	0	.9351231	0	.06487695	0
1095.15	0	.9346896	0	.06531044	0
1094.15	0	.9342569	0	.06574305	0
1093.15	0	.9338252	0	.06617477	0
1092.15	0	.9333944	0	.0666056	0
1091.15	0	.9329645	0	.06703554	0
1090.15	0	.9325354	0	.0674646	0
1089.15	0	.9321072	0	.06789278	0
1088.15	0	.9316799	0	.06832009	0
1087.15	0	.9312535	0	.06874651	0
1086.15	0	.9308279	0	.06917206	0
1085.15	0	.9304033	0	.06959673	0
1084.15	0	.9299795	0	.07002053	0
1083.15	0	.9295565	0	.07044346	0
1082.15	0	.9291345	0	.07086552	0
1081.15	0	.9287133	0	.07128671	0
1080.15	0	.928293	0	.07170703	0
1079.15	0	.9278735	0	.07212649	0
1078.15	0	.9274549	0	.07254508	0
1077.15	0	.9270372	0	.07296282	0
1076.15	0	.9266203	0	.07337969	0
1075.15	0	.9262043	0	.0737957	0
1074.15	0	.9257891	0	.07421085	0
1073.15	0	.9253749	0	.07462515	0
1072.15	0	.9249614	0	.0750386	0
1071.15	0	.9245488	0	.07545119	0
1070.15	0	.9241371	0	.07586293	0
1069.15	0	.9237262	0	.07627382	0
1068.15	0	.9233161	0	.07668386	0
1067.15	0	.922907	0	.07709305	0
1066.15	0	.9224986	0	.0775014	0
1065.15	0	.9220911	0	.0779089	0
1064.15	0	.9216844	0	.07831556	0
1063.15	0	.9212786	0	.07872138	0
1062.15	0	.9208736	0	.07912636	0
1061.15	0	.9204695	0	.0795305	0
1060.15	0	.9200662	0	.0799338	0
1059.15	0	.9196637	0	.08033627	0
1058.15	0	.9192621	0	.08073791	0
1057.15	0	.9188613	0	.08113871	0
1056.15	0	.9184613	0	.08153868	0
1055.15	0	.9180622	0	.08193782	0
1054.15	0	.9176639	0	.08233613	0
1053.15	0	.9172664	0	.08273361	0
1052.15	0	.9168697	0	.08313027	0
1051.15	0	.9164739	0	.0835261	0
1050.15	0	.9160789	0	.08392111	0
1049.15	0	.9156847	0	.0843153	0
1048.15	0	.9152913	0	.08470867	0
1047.15	0	.9148988	0	.08510122	0
1046.15	0	.914507	0	.08549295	0
1045.15	0	.9141161	0	.08588386	0
1044.15	0	.913726	0	.08627396	0
1043.15	0	.9133368	0	.08666324	0
1042.15	0	.9129483	0	.08705171	0
1041.15	0	.9125606	0	.08743937	0
1040.15	0	.9121738	0	.08782622	0
1039.15	0	.9117877	0	.08821226	0
1038.15	0	.9114025	0	.0885975	0
1037.15	0	.9110181	0	.08898193	0
1036.15	0	.9106345	0	.08936555	0
1035.15	0	.9102516	0	.08974837	0
1034.15	0	.9098696	0	.09013038	0
1033.15	0	.9094884	0	.0905116	0
1032.15	0	.909108	0	.09089201	0
1031.15	0	.9087284	0	.09127162	0
1030.15	0	.9083496	0	.09165044	0
1029.15	0	.9079715	0	.09202846	0
1028.15	0	.9075943	0	.09240569	0
1027.15	0	.9072179	0	.09278212	0
1026.15	0	.9068422	0	.09315776	0
1025.15	0	.9064674	0	.0935326	0
1024.15	0	.9060933	0	.09390666	0
1023.15	0	.9057201	0	.09427993	0
1022.15	0	.9053476	0	.0946524	0
1021.15	0	.9049759	0	.0950241	0
1020.15	0	.904605	0	.095395	0
1019.15	0	.9042349	0	.09576512	0
1018.15	0	.9038655	0	.09613446	0
1017.15	0	.903497	0	.09650301	0
1016.15	0	.9031292	0	.09687079	0
1015.15	0	.9027622	0	.09723778	0
1014.15	0	.902396	0	.09760399	0
1013.15	0	.9020306	0	.09796943	0
1012.15	0	.9016659	0	.09833409	0
1011.15	0	.901302	0	.09869797	0
1010.15	0	.9009389	0	.09906108	0
1009.15	0	.9005766	0	.09942341	0
1008.15	0	.900215	0	.09978497	0
1007.15	0	.8998542	0	.1001458	0
1006.15	0	.8994942	0	.1005058	0
1005.15	0	.899135	0	.100865	0
1004.15	0	.8987765	0	.1012235	0
1003.15	0	.8984188	0	.1015812	0
1002.15	0	.8980618	0	.1019382	0
1001.15	0	.8977056	0	.1022944	0
1000.15	0	.8973502	0	.1026498	0
999.15	0	.8969956	0	.1030044	0
998.15	0	.8966417	0	.1033583	0
997.15	0	.8962885	0	.1037115	0
996.15	0	.8959362	0	.1040638	0
995.15	0	.8955846	0	.1044155	0
994.15	0	.8952337	0	.1047663	0
993.15	0	.8948836	0	.1051164	0
992.15	0	.8945343	0	.1054657	0
991.15	0	.8941857	0	.1058143	0
990.15	0	.8938378	0	.1061622	0
989.15	0	.8934908	0	.1065092	0
988.15	0	.8931444	0	.1068556	0
987.15	0	.8927989	0	.1072011	0
986.15	0	.892454	0	.107546	0
985.15	0	.89211	0	.1078901	0
984.15	0	.8917666	0	.1082334	0
983.15	0	.8914241	0	.108576	0
982.15	0	.8910822	0	.1089178	0
981.15	0	.8907411	0	.1092589	0
980.15	0	.8904008	0	.1095992	0
979.15	0	.8900612	0	.1099388	0
978.15	0	.8897223	0	.1102777	0
977.15	0	.8893842	0	.1106158	0
976.15	0	.8890468	0	.1109532	0
975.15	0	.8887102	0	.1112898	0
974.15	0	.8883743	0	.1116257	0
973.15	0	.8880392	0	.1119608	0
972.15	0	.8877048	0	.1122953	0
971.15	0	.8873711	0	.1126289	0
970.15	0	.8870381	0	.1129619	0
969.15	0	.8867059	0	.1132941	0
968.15	0	.8863744	0	.1136256	0
967.15	0	.8860437	0	.1139563	0
966.15	0	.8857137	0	.1142863	0
965.15	0	.8853844	0	.1146156	0
964.15	0	.8850559	0	.1149441	0
963.15	0	.8847281	0	.1152719	0
962.15	0	.884401	0	.115599	0
961.15	0	.8840746	0	.1159254	0
960.15	0	.883749	0	.116251	0
959.15	0	.8834241	0	.1165759	0
958.15	0	.8830999	0	.1169001	0
957.15	0	.8827764	0	.1172236	0
956.15	0	.8824537	0	.1175463	0
955.15	0	.8821317	0	.1178683	0
954.15	0	.8818104	0	.1181896	0
953.15	0	.8814899	0	.1185102	0
952.15	0	.88117	0	.11883	0
951.15	0	.8808509	0	.1191491	0
950.15	0	.8805325	0	.1194675	0
949.15	0	.8802148	0	.1197852	0
948.15	0	.8798978	0	.1201022	0
947.15	0	.8795816	0	.1204184	0
946.15	0	.8792661	0	.1207339	0
945.15	0	.8789513	0	.1210487	0
944.15	0	.8786371	0	.1213629	0
943.15	0	.8783238	0	.1216762	0
942.15	0	.8780111	0	.1219889	0
941.15	0	.8776991	0	.1223009	0
940.15	0	.8773879	0	.1226121	0
939.15	0	.8770774	0	.1229226	0
938.15	0	.8767675	0	.1232325	0
937.15	0	.8764584	0	.1235416	0
936.15	0	.87615	0	.12385	0
935.15	0	.8758423	0	.1241577	0
934.15	0	.8755353	0	.1244647	0
933.15	0	.8752291	0	.124771	0
932.15	0	.8749235	0	.1250765	0
931.15	0	.8746186	0	.1253814	0
930.15	0	.8743144	0	.1256856	0
929.15	0	.874011	0	.125989	0
928.15	0	.8737082	0	.1262918	0
927.15	0	.8734062	0	.1265938	0
926.15	0	.8731048	0	.1268952	0
925.15	0	.8728042	0	.1271958	0
924.15	0	.8725042	0	.1274958	0
923.15	0	.872205	0	.127795	0
922.15	0	.8719064	0	.1280936	0
921.15	0	.8716086	0	.1283914	0
920.15	0	.8713114	0	.1286886	0
919.15	0	.871015	0	.128985	0
918.15	0	.8707192	0	.1292808	0
917.15	0	.8704242	0	.1295758	0
916.15	0	.8701298	0	.1298702	0
915.15	0	.8698361	0	.1301639	0
914.15	0	.8695432	0	.1304568	0
913.15	0	.8692509	0	.1307491	0
912.15	0	.8689593	0	.1310407	0
911.15	0	.8686684	0	.1313316	0
910.15	0	.8683782	0	.1316218	0
909.15	0	.8680887	0	.1319113	0
908.15	0	.8677999	0	.1322001	0
907.15	0	.8675118	0	.1324883	0
906.15	0	.8672243	0	.1327757	0
905.15	0	.8669376	0	.1330624	0
904.15	0	.8666515	0	.1333485	0
903.15	0	.8663661	0	.1336339	0
902.15	0	.8660815	0	.1339185	0
901.15	0	.8657975	0	.1342026	0
900.15	0	.8655141	0	.1344859	0
899.15	0	.8652315	0	.1347685	0
898.15	0	.8649496	0	.1350504	0
897.15	0	.8646683	0	.1353317	0
896.15	0	.8643877	0	.1356123	0
895.15	0	.8641078	0	.1358922	0
894.15	0	.8638286	0	.1361714	0
893.15	0	.8635501	0	.1364499	0
892.15	0	.8632723	0	.1367277	0
891.15	0	.8629951	0	.1370049	0
890.15	0	.8627186	0	.1372814	0
889.15	0	.8624428	0	.1375572	0
888.15	0	.8621677	0	.1378323	0
887.15	0	.8618932	0	.1381068	0
886.15	0	.8616195	0	.1383805	0
885.15	0	.8613464	0	.1386536	0
884.15	0	.861074	0	.138926	0
883.15	0	.8608022	0	.1391978	0
882.15	0	.8605312	0	.1394688	0
881.15	0	.8602608	0	.1397392	0
880.15	0	.8599911	0	.1400089	0
879.15	0	.859722	0	.140278	0
878.15	0	.8594537	0	.1405463	0
877.15	0	.859186	0	.140814	0
876.15	0	.858919	0	.1410811	0
875.15	0	.8586526	0	.1413474	0
874.15	0	.8583869	0	.1416131	0
873.15	0	.8581219	0	.1418781	0
872.15	0	.8578576	0	.1421424	0
871.15	0	.8575939	0	.1424061	0
870.15	0	.8573309	0	.1426691	0
869.15	0	.8570686	0	.1429314	0
868.15	0	.8568069	0	.1431931	0
867.15	0	.856546	0	.143454	0
866.15	0	.8562856	0	.1437144	0
865.15	0	.856026	0	.143974	0
864.15	0	.855767	0	.144233	0
863.15	0	.8555086	0	.1444914	0
862.15	0	.855251	0	.144749	0
861.15	0	.854994	0	.145006	0
860.15	0	.8547377	0	.1452624	0
859.15	0	.854482	0	.145518	0
859.0359	0	.8544529	0	.1455472	0
859.0359	0	.8544529	0	.1455472	0
859.0359	0	.8544529	0	.1455472	0
858.15	0	.8536026	7.252095E-04	.1456722	0
857.15	0	.852643	.001545309	.1458117	0
856.15	0	.8516834	.002367086	.1459495	0
855.15	0	.8507239	.003190629	.1460854	0
854.15	0	.8497644	.004016032	.1462196	0
853.15	0	.8488047	.004843388	.1463519	0
852.15	0	.8478448	.005672796	.1464824	0
851.15	0	.8468846	.006504358	.146611	0
850.15	0	.8459241	.007338179	.1467378	0
849.15	0	.8449631	.008174366	.1468626	0
848.15	0	.8440015	.009013032	.1469854	0
847.15	0	.8430394	.009854292	.1471063	0
846.15	0	.8420766	.01069827	.1472252	0
845.15	0	.8411129	.01154508	.147342	0
844.15	0	.8401483	.01239486	.1474568	0
843.15	0	.8391827	.01324774	.1475695	0
842.15	0	.838216	.01410386	.1476801	0
841.15	0	.8372481	.01496336	.1477885	0
840.15	0	.8362788	.01582639	.1478948	0
839.15	0	.8353081	.0166931	.1479988	0
838.15	0	.8343358	.01756366	.1481006	0
837.15	0	.8333617	.01843822	.1482001	0
836.15	0	.8323858	.01931698	.1482972	0
835.15	0	.8314079	.02020009	.148392	0
834.15	0	.8304279	.02108775	.1484844	0
833.15	0	.8294455	.02198016	.1485743	0
832.15	0	.8284608	.02287752	.1486617	0
831.15	0	.8274734	.02378005	.1487466	0
830.15	0	.8264832	.02468796	.1488288	0
829.15	0	.8254901	.02560148	.1489084	0
828.15	0	.8244938	.02652086	.1489853	0
827.15	0	.8234942	.02744636	.1490595	0
826.15	0	.822491	.02837823	.1491308	0
825.15	0	.821484	.02931676	.1491993	0
824.15	0	.820473	.03026223	.1492648	0
823.15	0	.8194578	.03121497	.1493272	0
822.15	0	.8184381	.03217528	.1493867	0
821.15	0	.8174136	.03314351	.1494429	0
820.15	0	.8163841	.03412003	.1494959	0
819.15	0	.8153492	.03510519	.1495456	0
818.15	0	.8143087	.03609941	.1495918	0
817.15	0	.8132623	.03710311	.1496346	0
816.15	0	.8122095	.03811673	.1496738	0
815.15	0	.81115	.03914075	.1497092	0
814.15	0	.8100834	.04017567	.1497409	0
813.15	0	.8090094	.04122203	.1497686	0
812.15	0	.8079274	.04228039	.1497923	0
811.15	0	.8068369	.04335136	.1498117	0
810.15	0	.8057375	.0444356	.1498269	0
809.15	0	.8046287	.04553379	.1498375	0
808.15	0	.8035098	.04664668	.1498435	0
807.15	0	.8023803	.04777507	.1498447	0
806.15	0	.8012393	.04891983	.1498408	0
805.15	0	.8000863	.05008188	.1498318	0
804.15	0	.7989204	.05126222	.1498174	0
803.15	0	.7977408	.05246195	.1497972	0
802.15	0	.7965466	.05368226	.1497712	0
801.15	0	.7953367	.05492443	.1497389	0
800.15	0	.79411	.05618987	.1497001	0
799.15	0	.7928653	.05748014	.1496545	0
798.15	0	.7916014	.05879692	.1496017	0
797.15	0	.7903166	.06014212	.1495413	0
796.15	0	.7890094	.06151781	.1494728	0
795.15	0	.7873599	.0633065	.1493336	0
794.15	0	.7852311	.06567465	.1490942	0
793.15	0	.7831906	.0679446	.1488647	0
792.15	0	.7812322	.07012314	.1486446	0
791.15	0	.7793504	.07221641	.1484332	0
790.15	0	.7775399	.07423003	.1482301	0
789.15	0	.7757969	.07616862	.1480344	0
788.15	0	.7741159	.07803791	.1478462	0
787.15	0	.7724935	.07984162	.1476649	0
786.15	0	.7709265	.08158366	.1474899	0
785.15	0	.7694114	.08326766	.1473209	0
784.15	0	.7679454	.08489691	.1471577	0
783.15	0	.7665257	.08647448	.1469998	0
782.15	0	.7651498	.08800319	.146847	0
781.15	0	.7638153	.08948565	.146699	0
780.15	0	.7625202	.09092427	.1465556	0
779.15	0	.7612623	.0923213	.1464164	0
778.15	0	.7600398	.09367881	.1462814	0
777.15	0	.7588511	.09499875	.1461502	0
776.15	0	.7576944	.09628292	.1460227	0
775.15	0	.7565684	.09753302	.1458986	0
774.15	0	.7554715	.0987506	.1457779	0
773.15	0	.7544025	.09993715	.1456603	0
772.15	0	.7533602	.1010941	.1455458	0
771.15	0	.7523433	.1022226	.1454341	0
770.15	0	.7513508	.103324	.1453251	0
769.15	0	.7503818	.1043994	.1452188	0
768.15	0	.7494351	.10545	.1451149	0
767.15	0	.74851	.1064766	.1450134	0
766.15	0	.7476056	.1074802	.1449142	0
765.15	0	.7467211	.1084618	.1448171	0
764.15	0	.7458556	.1094223	.1447221	0
763.15	0	.7450086	.1103623	.1446291	0
762.15	0	.7441793	.1112828	.144538	0
761.15	0	.743367	.1121844	.1444487	0
760.15	0	.7425712	.1130677	.1443611	0
759.15	0	.7417912	.1139336	.1442752	0
758.15	0	.7410266	.1147825	.1441909	0
757.15	0	.7402768	.1156151	.1441082	0
756.15	0	.7395412	.1164319	.1440269	0
755.15	0	.7388195	.1172335	.143947	0
754.15	0	.7381111	.1180203	.1438685	0
753.15	0	.7374157	.118793	.1437914	0
752.15	0	.7367328	.1195518	.1437154	0
751.15	0	.736062	.1202973	.1436407	0
750.15	0	.7354029	.12103	.1435671	0
749.15	0	.7347553	.1217501	.1434947	0
748.15	0	.7341186	.1224581	.1434233	0
747.15	0	.7334927	.1231543	.143353	0
746.15	0	.7328772	.1238392	.1432836	0
745.15	0	.7322718	.124513	.1432152	0
744.15	0	.7316761	.1251761	.1431478	0
743.15	0	.73109	.1258288	.1430812	0
742.15	0	.7305131	.1264714	.1430155	0
741.15	0	.7299452	.1271042	.1429506	0
740.15	0	.7293861	.1277274	.1428865	0
739.15	0	.7288355	.1283413	.1428232	0
738.15	0	.7282931	.1289462	.1427607	0
737.15	0	.7277588	.1295424	.1426988	0
736.15	0	.7272324	.13013	.1426376	0
735.15	0	.7267136	.1307092	.1425772	0
734.15	0	.7262022	.1312804	.1425173	0
733.15	0	.7256982	.1318438	.1424581	0
732.15	0	.7252011	.1323994	.1423995	0
731.15	0	.724711	.1329476	.1423414	0
730.15	0	.7242276	.1334884	.142284	0
729.15	0	.7237508	.1340222	.142227	0
728.15	0	.7232804	.134549	.1421706	0
727.15	0	.7228162	.1350691	.1421147	0
726.15	0	.7223581	.1355826	.1420593	0
725.15	0	.721906	.1360896	.1420044	0
724.15	0	.7214598	.1365903	.1419499	0
723.15	0	.7210192	.137085	.1418959	0
722.15	0	.7205842	.1375736	.1418423	0
721.15	0	.7201546	.1380564	.1417891	0
720.15	0	.7197303	.1385334	.1417363	0
719.15	0	.7193112	.1390049	.1416839	0
718.15	0	.7188972	.1394709	.1416319	0
717.15	0	.7184882	.1399316	.1415802	0
716.15	0	.718084	.1403871	.1415289	0
715.15	0	.7176847	.1408374	.1414779	0
714.15	0	.7172899	.1412828	.1414273	0
713.15	0	.7168998	.1417233	.141377	0
712.15	0	.7165141	.142159	.141327	0
711.15	0	.7161327	.14259	.1412773	0
710.15	0	.7157557	.1430164	.1412279	0
709.15	0	.7153829	.1434384	.1411787	0
708.15	0	.7150142	.143856	.1411299	0
707.15	0	.7146495	.1442692	.1410813	0
706.15	0	.7142888	.1446783	.1410329	0
705.15	0	.713932	.1450832	.1409848	0
704.15	0	.7135789	.1454841	.140937	0
703.15	0	.7132296	.145881	.1408894	0
702.15	0	.712884	.146274	.140842	0
701.15	0	.712542	.1466632	.1407948	0
700.15	0	.7122034	.1470487	.1407478	0
699.15	0	.7118684	.1474305	.1407011	0
698.15	0	.7115367	.1478088	.1406545	0
697.15	0	.7112084	.1481834	.1406082	0
696.15	0	.7108833	.1485547	.140562	0
695.15	0	.7105615	.1489225	.140516	0
694.15	0	.7102428	.149287	.1404702	0
693.15	0	.7099273	.1496482	.1404245	0
692.15	0	.7096147	.1500062	.1403791	0
691.15	0	.7093052	.1503611	.1403337	0
690.15	0	.7089986	.1507128	.1402886	0
689.15	0	.7086949	.1510615	.1402436	0
688.15	0	.708394	.1514073	.1401987	0
687.15	0	.708096	.15175	.140154	0
686.15	0	.7078007	.1520899	.1401094	0
685.15	0	.7075081	.152427	.140065	0
684.15	0	.7072181	.1527612	.1400206	0
683.15	0	.7069308	.1530928	.1399765	0
682.15	0	.706646	.1534216	.1399324	0
681.15	0	.7063638	.1537478	.1398884	0
680.15	0	.7060841	.1540713	.1398446	0
679.15	0	.7058068	.1543923	.1398009	0
678.15	0	.7055319	.1547108	.1397573	0
677.15	0	.7052594	.1550268	.1397138	0
676.15	0	.7049893	.1553404	.1396704	0
675.15	0	.7047214	.1556515	.1396271	0
674.15	0	.7044558	.1559603	.1395839	0
673.15	0	.7041925	.1562668	.1395408	0
672.15	0	.7039314	.1565709	.1394977	0
671.15	0	.7036724	.1568728	.1394548	0
670.15	0	.7034155	.1571725	.139412	0
669.15	0	.7031608	.15747	.1393692	0
668.15	0	.7029081	.1577654	.1393265	0
667.15	0	.7026575	.1580586	.1392839	0
666.15	0	.7024089	.1583497	.1392414	0
665.15	0	.7021623	.1586388	.139199	0
664.15	0	.7019176	.1589258	.1391566	0
663.15	0	.7016748	.1592109	.1391143	0
662.15	0	.701434	.1594939	.1390721	0
661.15	0	.701195	.1597751	.1390299	0
660.15	0	.7009579	.1600543	.1389878	0
659.15	0	.7007226	.1603316	.1389458	0
658.15	0	.7004891	.160607	.1389038	0
657.15	0	.7002574	.1608807	.1388619	0
656.15	0	.7000275	.1611525	.1388201	0
655.15	0	.6997992	.1614225	.1387783	0
654.15	0	.6995727	.1616907	.1387366	0
653.15	0	.6993479	.1619573	.1386949	0
652.15	0	.6991247	.1622221	.1386533	0
651.15	0	.6989031	.1624852	.1386117	0
650.15	0	.6986832	.1627466	.1385702	0
649.15	0	.6984649	.1630064	.1385287	0
648.15	0	.6982481	.1632646	.1384873	0
647.15	0	.6980329	.1635212	.1384459	0
646.15	0	.6978193	.1637762	.1384046	0
645.15	0	.6976071	.1640296	.1383633	0
644.15	0	.6973965	.1642814	.1383221	0
643.15	0	.6971874	.1645318	.1382809	0
642.15	0	.6969797	.1647806	.1382397	0
641.15	0	.6967734	.165028	.1381986	0
640.15	0	.6965686	.1652738	.1381576	0
639.15	0	.6963652	.1655182	.1381165	0
638.15	0	.6961632	.1657612	.1380756	0
637.15	0	.6959626	.1660028	.1380346	0
636.15	0	.6957634	.166243	.1379937	0
635.15	0	.6955654	.1664817	.1379528	0
634.15	0	.6953689	.1667192	.137912	0
633.15	0	.6951736	.1669552	.1378712	0
632.15	0	.6949796	.1671899	.1378304	0
631.15	0	.694787	.1674233	.1377897	0
630.15	0	.6945956	.1676554	.137749	0
629.15	0	.6944054	.1678862	.1377084	0
628.15	0	.6942165	.1681157	.1376678	0
627.15	0	.6940289	.168344	.1376272	0
626.15	0	.6938424	.168571	.1375866	0
625.15	0	.6936572	.1687967	.1375461	0
624.15	0	.6934731	.1690213	.1375056	0
623.15	0	.6932903	.1692446	.1374651	0
622.15	0	.6931086	.1694667	.1374247	0
621.15	0	.692928	.1696877	.1373843	0
620.15	0	.6927486	.1699074	.137344	0
619.15	0	.6925703	.170126	.1373036	0
618.15	0	.6923932	.1703435	.1372633	0
617.15	0	.6922171	.1705598	.1372231	0
616.15	0	.6920422	.170775	.1371828	0
615.15	0	.6918683	.1709891	.1371426	0
614.15	0	.6916955	.171202	.1371024	0
613.15	0	.6915238	.1714139	.1370623	0
612.15	0	.6913531	.1716247	.1370222	0
611.15	0	.6911835	.1718344	.1369821	0
610.15	0	.6910149	.1720431	.136942	0
609.15	0	.6908473	.1722507	.136902	0
608.15	0	.6906808	.1724573	.136862	0
607.15	0	.6905152	.1726628	.136822	0
606.15	0	.6903507	.1728673	.1367821	0
605.15	0	.6901871	.1730708	.1367421	0
604.15	0	.6900245	.1732733	.1367022	0
603.15	0	.6898628	.1734748	.1366624	0
602.15	0	.6897022	.1736753	.1366226	0
601.15	0	.6895424	.1738748	.1365828	0
600.15	0	.6893837	.1740734	.136543	0
599.15	0	.6892258	.1742709	.1365033	0
598.15	0	.6890689	.1744676	.1364636	0
597.15	0	.6889129	.1746633	.1364239	0
596.15	0	.6887577	.174858	.1363842	0
595.15	0	.6886035	.1750519	.1363446	0
594.15	0	.6884502	.1752448	.136305	0
593.15	0	.6882978	.1754368	.1362655	0
592.15	0	.6881462	.1756278	.136226	0
591.15	0	.6879955	.175818	.1361865	0
590.15	0	.6878457	.1760073	.136147	0
589.15	0	.6876967	.1761957	.1361076	0
588.15	0	.6875486	.1763832	.1360682	0
587.15	0	.6874013	.1765699	.1360288	0
586.15	0	.6872549	.1767557	.1359895	0
585.15	0	.6871093	.1769406	.1359501	0
584.15	0	.6869645	.1771247	.1359109	0
583.15	0	.6868205	.1773079	.1358716	0
582.15	0	.6866773	.1774903	.1358324	0
581.15	0	.6865349	.1776718	.1357933	0
580.15	0	.6863933	.1778526	.1357541	0
579.15	0	.6862525	.1780325	.135715	0
578.15	0	.6861125	.1782116	.1356759	0
577.15	0	.6859732	.1783898	.1356369	0
576.15	0	.6858348	.1785673	.1355979	0
575.15	0	.6856971	.178744	.1355589	0
574.15	0	.6855601	.1789199	.13552	0
573.15	0	.6854239	.179095	.1354811	0
572.15	0	.6852885	.1792693	.1354423	0
571.15	0	.6851538	.1794428	.1354034	0
570.15	0	.6850198	.1796156	.1353646	0
569.15	0	.6848866	.1797875	.1353259	0
568.15	0	.6847541	.1799588	.1352872	0
567.15	0	.6846223	.1801292	.1352485	0
566.15	0	.6844912	.1802989	.1352099	0
565.15	0	.6843608	.1804679	.1351713	0
564.15	0	.6842312	.1806361	.1351327	0
563.15	0	.6841022	.1808036	.1350942	0
562.15	0	.6839739	.1809703	.1350557	0
561.15	0	.6838464	.1811364	.1350173	0
560.15	0	.6837195	.1813016	.1349789	0
559.15	0	.6835933	.1814662	.1349406	0
558.15	0	.6834677	.18163	.1349022	0
557.15	0	.6833429	.1817932	.134864	0
556.15	0	.6832187	.1819556	.1348257	0
555.15	0	.6830952	.1821173	.1347876	0
554.15	0	.6829723	.1822783	.1347494	0
553.15	0	.6828501	.1824386	.1347113	0
552.15	0	.6827285	.1825982	.1346733	0
551.15	0	.6826076	.1827571	.1346353	0
550.15	0	.6824874	.1829153	.1345973	0
549.15	0	.6823677	.1830729	.1345594	0
548.15	0	.6822487	.1832297	.1345215	0
547.15	0	.6821304	.1833859	.1344837	0
546.15	0	.6820126	.1835414	.1344459	0
545.15	0	.6818955	.1836963	.1344082	0
544.15	0	.6817791	.1838504	.1343705	0
543.15	0	.6816633	.1840039	.1343328	0
542.15	0	.681548	.1841568	.1342952	0
541.15	0	.6814334	.184309	.1342577	0
540.15	0	.6813193	.1844605	.1342202	0
539.15	0	.6812059	.1846114	.1341828	0
538.15	0	.681093	.1847616	.1341454	0
537.15	0	.6809808	.1849112	.1341081	0
536.15	0	.6808691	.1850601	.1340708	0
535.15	0	.680758	.1852084	.1340336	0
534.15	0	.6806476	.1853561	.1339964	0
533.15	0	.6805376	.1855031	.1339593	0
532.15	0	.6804283	.1856495	.1339222	0
531.15	0	.6803196	.1857952	.1338852	0
530.15	0	.6802114	.1859404	.1338483	0
529.15	0	.6801038	.1860849	.1338114	0
528.15	0	.6799967	.1862287	.1337745	0
527.15	0	.6798903	.186372	.1337377	0
526.15	0	.6797843	.1865147	.133701	0
525.15	0	.679679	.1866567	.1336644	0
524.15	0	.6795742	.1867981	.1336278	0
523.15	0	.6794699	.1869389	.1335912	0
522.15	0	.6793662	.1870791	.1335547	0
521.15	0	.679263	.1872187	.1335183	0
520.15	0	.6791604	.1873577	.1334819	0
519.15	0	.6790583	.187496	.1334456	0
518.15	0	.6789568	.1876338	.1334094	0
517.15	0	.6788558	.187771	.1333732	0
516.15	0	.6787553	.1879076	.1333371	0
515.15	0	.6786554	.1880436	.133301	0
514.15	0	.678556	.188179	.133265	0
513.15	0	.6784571	.1883138	.1332291	0
512.15	0	.6783587	.188448	.1331933	0
511.15	0	.6782609	.1885816	.1331575	0
510.15	0	.6781635	.1887147	.1331218	0
509.15	0	.6780667	.1888472	.1330861	0
508.15	0	.6779704	.1889791	.1330505	0
507.15	0	.6778746	.1891104	.133015	0
506.15	0	.6777794	.1892411	.1329796	0
505.15	0	.6776846	.1893712	.1329442	0
504.15	0	.6775903	.1895008	.1329089	0
503.15	0	.6774965	.1896298	.1328736	0
502.15	0	.6774033	.1897583	.1328384	0
501.15	0	.6773105	.1898862	.1328034	0
500.15	0	.6772182	.1900135	.1327683	0
499.15	0	.6771264	.1901402	.1327334	0
498.15	0	.6770352	.1902664	.1326985	0
497.15	0	.6769443	.190392	.1326637	0
496.15	0	.676854	.190517	.132629	0
495.15	0	.6767642	.1906415	.1325943	0
494.15	0	.6766748	.1907654	.1325597	0
493.15	0	.676586	.1908888	.1325252	0
492.15	0	.6764976	.1910116	.1324908	0
491.15	0	.6764097	.1911339	.1324565	0
490.15	0	.6763222	.1912556	.1324222	0
489.15	0	.6762353	.1913768	.132388	0
488.15	0	.6761488	.1914974	.1323539	0
487.15	0	.6760627	.1916174	.1323198	0
486.15	0	.6759772	.1917369	.1322859	0
485.15	0	.6758921	.1918559	.132252	0
484.15	0	.6758075	.1919743	.1322182	0
483.15	0	.6757233	.1920922	.1321845	0
482.15	0	.6756396	.1922095	.1321509	0
481.15	0	.6755564	.1923263	.1321174	0
480.15	0	.6754736	.1924425	.1320839	0
479.15	0	.6753912	.1925582	.1320505	0
478.15	0	.6753093	.1926734	.1320173	0
477.15	0	.6752279	.192788	.131984	0
476.15	0	.6751469	.1929021	.1319509	0
475.15	0	.6750664	.1930157	.1319179	0
474.15	0	.6749863	.1931287	.131885	0
473.15	0	.6749067	.1932412	.1318521	0
472.15	0	.6748275	.1933532	.1318194	0
471.15	0	.6747487	.1934646	.1317867	0
470.15	0	.6746704	.1935755	.1317541	0
469.15	0	.6745926	.1936859	.1317216	0
468.15	0	.6745151	.1937957	.1316892	0
467.15	0	.6744381	.193905	.1316569	0
466.15	0	.6743615	.1940138	.1316247	0
465.15	0	.6742854	.1941221	.1315925	0
464.15	0	.6742097	.1942298	.1315605	0
463.15	0	.6741344	.194337	.1315285	0
462.15	0	.6740596	.1944437	.1314967	0
461.15	0	.6739852	.1945499	.1314649	0
460.15	0	.6739112	.1946555	.1314333	0
459.15	0	.6738376	.1947606	.1314017	0
458.15	0	.6737645	.1948652	.1313703	0
457.15	0	.6736918	.1949693	.1313389	0
456.15	0	.6736195	.1950729	.1313076	0
455.15	0	.6735476	.195176	.1312765	0
454.15	0	.6734761	.1952785	.1312454	0
453.15	0	.6734051	.1953805	.1312144	0
452.15	0	.6733345	.195482	.1311835	0
451.15	0	.6732642	.195583	.1311528	0
450.15	0	.6731944	.1956835	.1311221	0
449.15	0	.6731251	.1957834	.1310915	0
448.15	0	.6730561	.1958828	.1310611	0
447.15	0	.6729876	.1959816	.1310307	0
446.15	0	.6729195	.19608	.1310005	0
445.15	0	.6728519	.1961778	.1309704	0
444.15	0	.6727846	.196275	.1309404	0
443.15	0	.6727178	.1963717	.1309105	0
442.15	0	.6726514	.1964679	.1308807	0
441.15	0	.6725854	.1965635	.1308511	0
440.15	0	.6725199	.1966585	.1308216	0
439.15	0	.6724548	.196753	.1307922	0
438.15	0	.6723902	.1968469	.1307629	0
437.15	0	.672326	.1969403	.1307338	0
436.15	0	.6722622	.1970331	.1307048	0
435.15	0	.6721989	.1971253	.1306759	0
434.15	0	.672136	.1972169	.1306472	0
433.15	0	.6720735	.1973079	.1306186	0
432.15	0	.6720115	.1973984	.1305901	0
431.15	0	.67195	.1974882	.1305618	0
430.15	0	.6718889	.1975775	.1305336	0
429.15	0	.6718282	.1976662	.1305056	0
428.15	0	.671768	.1977543	.1304777	0
427.15	0	.6717083	.1978418	.1304499	0
426.15	0	.671649	.1979287	.1304223	0
425.15	0	.6715901	.198015	.1303949	0
424.15	0	.6715317	.1981008	.1303676	0
423.15	0	.6714737	.1981859	.1303404	0
422.15	0	.6714162	.1982704	.1303134	0
421.15	0	.6713591	.1983543	.1302866	0
420.15	0	.6713025	.1984377	.1302599	0
419.15	0	.6712463	.1985204	.1302333	0
418.15	0	.6711905	.1986025	.130207	0
417.15	0	.6711352	.198684	.1301807	0
416.15	0	.6710804	.198765	.1301547	0
415.15	0	.671026	.1988453	.1301287	0
414.15	0	.670972	.1989251	.130103	0
413.15	0	.6709185	.1990042	.1300774	0
412.15	0	.6708654	.1990827	.1300519	0
411.15	0	.6708127	.1991607	.1300266	0
410.15	0	.6707605	.199238	.1300015	0
409.15	0	.6707087	.1993148	.1299765	0
408.15	0	.6706573	.199391	.1299517	0
407.15	0	.6706064	.1994666	.1299271	0
406.15	0	.6705559	.1995416	.1299026	0
405.15	0	.6705058	.199616	.1298782	0
404.15	0	.6704562	.1996898	.129854	0
403.15	0	.6704069	.1997631	.12983	0
402.15	0	.6703581	.1998357	.1298062	0
401.15	0	.6703098	.1999078	.1297824	0
400.15	0	.6702618	.1999793	.1297589	0
399.15	0	.6702142	.2000502	.1297355	0
398.15	0	.6701671	.2001206	.1297123	0
397.15	0	.6701204	.2001904	.1296892	0
396.15	0	.6700741	.2002596	.1296663	0
395.15	0	.6700281	.2003283	.1296436	0
394.15	0	.6699826	.2003964	.129621	0
393.15	0	.6699375	.2004639	.1295986	0
392.15	0	.6698928	.2005309	.1295763	0
391.15	0	.6698485	.2005973	.1295542	0
390.15	0	.6698046	.2006632	.1295322	0
389.15	0	.6697611	.2007285	.1295104	0
388.15	0	.6697179	.2007933	.1294887	0
387.15	0	.6696752	.2008576	.1294673	0
386.15	0	.6696328	.2009213	.1294459	0
385.15	0	.6695908	.2009844	.1294247	0
384.15	0	.6695492	.2010471	.1294037	0
383.15	0	.669508	.2011092	.1293828	0
382.15	0	.6694672	.2011708	.1293621	0
381.15	0	.6694267	.2012318	.1293415	0
380.15	0	.6693866	.2012923	.1293211	0
379.15	0	.6693468	.2013524	.1293008	0
378.15	0	.6693074	.2014119	.1292807	0
377.15	0	.6692684	.2014709	.1292608	0
376.15	0	.6692297	.2015293	.1292409	0
375.15	0	.6691914	.2015873	.1292213	0
374.15	0	.6691534	.2016448	.1292018	0
373.15	0	.6691158	.2017018	.1291824	0
372.15	0	.6690785	.2017583	.1291632	0
371.15	0	.6690416	.2018143	.1291441	0
370.15	0	.669005	.2018698	.1291252	0
369.15	0	.6689687	.2019249	.1291064	0
368.15	0	.6689328	.2019794	.1290878	0
367.15	0	.6688972	.2020335	.1290692	0
366.15	0	.668862	.2020871	.1290509	0
365.15	0	.668827	.2021403	.1290327	0
364.15	0	.6687924	.202193	.1290146	0
363.15	0	.6687581	.2022452	.1289967	0
362.15	0	.6687241	.202297	.1289789	0
361.15	0	.6686905	.2023483	.1289613	0
360.15	0	.6686571	.2023991	.1289437	0
359.15	0	.6686241	.2024496	.1289264	0
358.15	0	.6685913	.2024995	.1289091	0
357.15	0	.6685589	.2025491	.1288921	0
356.15	0	.6685268	.2025982	.1288751	0
355.15	0	.6684949	.2026468	.1288583	0
354.15	0	.6684634	.2026951	.1288416	0
353.15	0	.6684321	.2027429	.128825	0
352.15	0	.6684011	.2027903	.1288086	0
351.15	0	.6683704	.2028373	.1287923	0
350.15	0	.66834	.2028839	.1287761	0
349.15	0	.6683099	.20293	.1287601	0
348.15	0	.6682801	.2029758	.1287442	0
347.15	0	.6682505	.2030211	.1287284	0
346.15	0	.6682212	.2030661	.1287128	0
345.15	0	.6681921	.2031106	.1286973	0
344.15	0	.6681633	.2031548	.1286819	0
343.15	0	.6681348	.2031986	.1286666	0
342.15	0	.6681066	.203242	.1286515	0
341.15	0	.6680786	.203285	.1286365	0
340.15	0	.6680508	.2033276	.1286216	0
339.15	0	.6680233	.2033698	.1286068	0
338.15	0	.6679961	.2034117	.1285922	0
337.15	0	.6679691	.2034533	.1285776	0
336.15	0	.6679423	.2034944	.1285632	0
335.15	0	.6679158	.2035352	.128549	0
334.15	0	.6678896	.2035757	.1285348	0
333.15	0	.6678635	.2036157	.1285208	0
332.15	0	.6678377	.2036555	.1285068	0
331.15	0	.6678121	.2036948	.128493	0
330.15	0	.6677868	.2037339	.1284793	0
329.15	0	.6677616	.2037726	.1284658	0
328.15	0	.6677367	.203811	.1284523	0
327.15	0	.667712	.203849	.128439	0
326.15	0	.6676876	.2038867	.1284258	0
325.15	0	.6676633	.2039241	.1284126	0
324.15	0	.6676393	.2039611	.1283996	0
323.15	0	.6676154	.2039978	.1283868	0
322.15	0	.6675918	.2040342	.128374	0
321.15	0	.6675684	.2040703	.1283613	0
320.15	0	.6675451	.2041061	.1283488	0
319.15	0	.6675221	.2041416	.1283363	0
318.15	0	.6674993	.2041767	.128324	0
317.15	0	.6674766	.2042116	.1283118	0
316.15	0	.6674542	.2042461	.1282997	0
315.15	0	.6674319	.2042804	.1282877	0
314.15	0	.6674099	.2043144	.1282758	0
313.15	0	.667388	.204348	.128264	0
312.15	0	.6673663	.2043814	.1282523	0
311.15	0	.6673448	.2044145	.1282407	0
310.15	0	.6673234	.2044473	.1282292	0
309.15	0	.6673023	.2044799	.1282179	0
308.15	0	.6672813	.2045121	.1282066	0
307.15	0	.6672605	.2045441	.1281954	0
306.15	0	.6672398	.2045758	.1281844	0
305.15	0	.6672193	.2046073	.1281734	0
304.15	0	.667199	.2046384	.1281626	0
303.15	0	.6671788	.2046693	.1281518	0
302.15	0	.6671588	.2047	.1281412	0
301.15	0	.667139	.2047304	.1281306	0
300.15	0	.6671193	.2047605	.1281202	0
299.15	0	.6670998	.2047904	.1281098	0
298.15	0	.6670804	.20482	.1280996	0
