T	 BPW(LIQUID)	BPW(BCC_A2)	BPW(FCC_A1)	BPW(LAVES_PHASE_C14)	BPW(NI3TI)
1473.15	.427844	.5290973	0	.04305871	0
1472.15	.4207943	.5337661	0	.04543962	0
1471.15	.4138739	.5383446	0	.04778145	0
1470.15	.4070796	.5428351	0	.05008528	0
1469.15	.4004079	.54724	0	.05235215	0
1468.15	.3938555	.5515614	0	.05458307	0
1467.15	.3874195	.5558015	0	.05677899	0
1466.15	.3810967	.5599625	0	.05894086	0
1465.15	.3748842	.5640463	0	.06106957	0
1464.15	.3687792	.5680548	0	.06316601	0
1463.15	.3627789	.5719901	0	.065231	0
1462.15	.3568808	.5758538	0	.06726538	0
1461.15	.3510823	.5796478	0	.06926991	0
1460.15	.3453809	.5833738	0	.07124537	0
1459.15	.3397741	.5870334	0	.07319249	0
1458.15	.3342598	.5906282	0	.07511199	0
1457.15	.3288356	.5941599	0	.07700455	0
1456.15	.3234993	.5976298	0	.07887084	0
1455.15	.318249	.6010395	0	.08071151	0
1454.15	.3130824	.6043904	0	.08252719	0
1453.15	.3079977	.6076839	0	.08431848	0
1452.15	.3029929	.6109212	0	.08608597	0
1451.15	.2980661	.6141037	0	.08783023	0
1450.15	.2932156	.6172326	0	.08955182	0
1449.15	.2884396	.6203092	0	.09125126	0
1448.15	.2837364	.6233346	0	.09292908	0
1447.15	.2791043	.6263099	0	.09458578	0
1446.15	.2745417	.6292364	0	.09622185	0
1445.15	.2700472	.632115	0	.09783776	0
1444.15	.2656191	.6349469	0	.09943398	0
1443.15	.261256	.637733	0	.101011	0
1442.15	.2569565	.6404744	0	.1025691	0
1441.15	.2527192	.6431719	0	.1041089	0
1440.15	.2485427	.6458266	0	.1056307	0
1439.15	.2444258	.6484394	0	.1071349	0
1438.15	.2403671	.6510111	0	.1086218	0
1437.15	.2363654	.6535426	0	.110092	0
1436.15	.2324196	.6560347	0	.1115457	0
1435.15	.2285284	.6584883	0	.1129833	0
1434.15	.2246906	.6609042	0	.1144052	0
1433.15	.2209053	.6632831	0	.1158116	0
1432.15	.2171712	.6656258	0	.1172029	0
1431.15	.2134875	.6679331	0	.1185795	0
1430.15	.2098529	.6702055	0	.1199416	0
1429.15	.2062666	.672444	0	.1212895	0
1428.15	.2027275	.674649	0	.1226235	0
1427.15	.1992347	.6768213	0	.123944	0
1426.15	.1957873	.6789616	0	.1252511	0
1425.15	.1923845	.6810704	0	.1265452	0
1424.15	.1890252	.6831484	0	.1278265	0
1423.15	.1857087	.6851961	0	.1290952	0
1422.15	.182434	.6872142	0	.1303517	0
1421.15	.1792006	.6892033	0	.1315962	0
1420.15	.1760074	.6911637	0	.1328289	0
1419.15	.1728538	.6930963	0	.13405	0
1418.15	.1697389	.6950013	0	.1352597	0
1417.15	.1666622	.6968794	0	.1364584	0
1416.15	.1636227	.6987311	0	.1376461	0
1415.15	.1606199	.7005569	0	.1388232	0
1414.15	.1576531	.7023572	0	.1399898	0
1413.15	.1547215	.7041324	0	.141146	0
1412.15	.1518246	.7058832	0	.1422922	0
1411.15	.1489617	.7076098	0	.1434284	0
1410.15	.1461322	.7093128	0	.144555	0
1409.15	.1433354	.7109926	0	.1456719	0
1408.15	.1405709	.7126496	0	.1467796	0
1407.15	.1378379	.7142841	0	.147878	0
1406.15	.135136	.7158967	0	.1489674	0
1405.15	.1324645	.7174876	0	.1500479	0
1404.15	.129823	.7190573	0	.1511197	0
1403.15	.1272109	.7206061	0	.1521829	0
1402.15	.1246277	.7221344	0	.1532378	0
1401.15	.122073	.7236426	0	.1542844	0
1400.15	.1195461	.725131	0	.1553229	0
1399.15	.1170466	.7265999	0	.1563534	0
1398.15	.1145741	.7280497	0	.1573762	0
1397.15	.1121281	.7294807	0	.1583912	0
1396.15	.1097081	.7308933	0	.1593987	0
1395.15	.1073137	.7322876	0	.1603987	0
1394.15	.1049444	.7336641	0	.1613915	0
1393.15	.1025999	.735023	0	.162377	0
1392.15	.1002798	.7363647	0	.1633556	0
1391.15	.09798353	.7376893	0	.1643272	0
1390.15	.09571081	.7389973	0	.1652919	0
1389.15	.09346122	.7402888	0	.16625	0
1388.15	.09123438	.7415641	0	.1672015	0
1387.15	.08902994	.7428236	0	.1681465	0
1386.15	.08684751	.7440674	0	.1690851	0
1385.15	.08468674	.7452959	0	.1700174	0
1384.15	.08254729	.7465092	0	.1709436	0
1383.15	.08042881	.7477075	0	.1718637	0
1382.15	.07833096	.7488913	0	.1727778	0
1381.15	.07625342	.7500606	0	.173686	0
1380.15	.07419587	.7512157	0	.1745885	0
1379.15	.07215799	.7523568	0	.1754852	0
1378.15	.07013947	.7534842	0	.1763764	0
1377.15	.06814	.754598	0	.177262	0
1376.15	.0661593	.7556985	0	.1781422	0
1375.15	.06419706	.7567858	0	.1790171	0
1374.15	.06225301	.7578603	0	.1798867	0
1373.15	.06032687	.758922	0	.1807511	0
1372.15	.05841835	.7599712	0	.1816104	0
1371.15	.05652719	.7610081	0	.1824647	0
1370.15	.05465313	.7620328	0	.183314	0
1369.15	.05279591	.7630456	0	.1841585	0
1368.15	.05095526	.7640466	0	.1849982	0
1367.15	.04913096	.765036	0	.1858331	0
1366.15	.04732274	.7660139	0	.1866634	0
1365.15	.04553037	.7669806	0	.187489	0
1364.15	.04375362	.7679362	0	.1883102	0
1363.15	.04199224	.7688809	0	.1891269	0
1362.15	.04024603	.7698148	0	.1899392	0
1361.15	.03851475	.7707381	0	.1907472	0
1360.15	.03679818	.7716509	0	.1915509	0
1359.15	.03509611	.7725535	0	.1923504	0
1358.15	.03340834	.7734458	0	.1931458	0
1357.15	.03173465	.7743283	0	.1939371	0
1356.15	.03007483	.7752008	0	.1947244	0
1355.15	.0284287	.7760636	0	.1955077	0
1354.15	.02679606	.7769169	0	.196287	0
1353.15	.02517671	.7777607	0	.1970626	0
1352.15	.02357046	.7785953	0	.1978343	0
1351.15	.02197713	.7794206	0	.1986022	0
1350.15	.02039653	.780237	0	.1993665	0
1349.15	.0188285	.7810444	0	.2001271	0
1348.15	.01727284	.781843	0	.2008841	0
1347.15	.0157294	.782633	0	.2016376	0
1346.15	.01419799	.7834144	0	.2023876	0
1345.15	.01267845	.7841875	0	.2031341	0
1344.15	.01117062	.7849522	0	.2038772	0
1343.15	.009674337	.7857087	0	.2046169	0
1342.15	.00818944	.7864572	0	.2053533	0
1341.15	.006715776	.7871977	0	.2060865	0
1340.15	.00525319	.7879304	0	.2068164	0
1339.15	.003801531	.7886553	0	.2075431	0
1338.15	.002360652	.7893726	0	.2082667	0
1337.15	9.304068E-04	.7900824	0	.2089872	0
1336.496	0	.7905429	0	.2094571	0
1336.496	0	.7905429	0	.2094571	0
1336.15	0	.7903673	0	.2096327	0
1335.15	0	.7898596	0	.2101404	0
1334.15	0	.7893531	0	.2106469	0
1333.15	0	.7888477	0	.2111523	0
1332.15	0	.7883435	0	.2116565	0
1331.15	0	.7878404	0	.2121596	0
1330.15	0	.7873384	0	.2126616	0
1329.15	0	.7868376	0	.2131624	0
1328.15	0	.7863379	0	.2136621	0
1327.15	0	.7858393	0	.2141607	0
1326.15	0	.7853418	0	.2146582	0
1325.15	0	.7848454	0	.2151546	0
1324.15	0	.7843501	0	.2156499	0
1323.15	0	.783856	0	.216144	0
1322.15	0	.7833629	0	.2166371	0
1321.15	0	.7828709	0	.2171291	0
1320.15	0	.7823801	0	.2176199	0
1319.15	0	.7818903	0	.2181097	0
1318.15	0	.7814016	0	.2185984	0
1317.15	0	.780914	0	.219086	0
1316.15	0	.7804275	0	.2195725	0
1315.15	0	.7799421	0	.220058	0
1314.15	0	.7794577	0	.2205423	0
1313.15	0	.7789744	0	.2210256	0
1312.15	0	.7784922	0	.2215078	0
1311.15	0	.778011	0	.221989	0
1310.15	0	.7775309	0	.2224691	0
1309.15	0	.7770519	0	.2229481	0
1308.15	0	.7765739	0	.2234261	0
1307.15	0	.776097	0	.223903	0
1306.15	0	.7756211	0	.2243789	0
1305.15	0	.7751463	0	.2248537	0
1304.15	0	.7746725	0	.2253275	0
1303.15	0	.7741997	0	.2258003	0
1302.15	0	.773728	0	.226272	0
1301.15	0	.7732573	0	.2267427	0
1300.15	0	.7727877	0	.2272123	0
1299.15	0	.7723191	0	.2276809	0
1298.15	0	.7718515	0	.2281485	0
1297.15	0	.7713849	0	.2286151	0
1296.15	0	.7709194	0	.2290806	0
1295.15	0	.7704549	0	.2295452	0
1294.15	0	.7699913	0	.2300087	0
1293.15	0	.7695288	0	.2304712	0
1292.15	0	.7690673	0	.2309327	0
1291.15	0	.7686068	0	.2313932	0
1290.15	0	.7681474	0	.2318526	0
1289.15	0	.7676889	0	.2323111	0
1288.15	0	.7672314	0	.2327686	0
1287.15	0	.7667749	0	.2332251	0
1286.15	0	.7663194	0	.2336806	0
1285.15	0	.7658648	0	.2341352	0
1284.15	0	.7654113	0	.2345887	0
1283.95	0	.7653209	0	.2346791	0
1283.95	0	.7653209	0	.2346791	0
1283.95	0	.7653209	0	.2346791	0
1283.15	0	.7642003	7.788615E-04	.2350209	0
1282.15	0	.7628036	.001749586	.2354468	0
1281.15	0	.7614107	.002717761	.2358715	0
1280.15	0	.7600216	.003683392	.236295	0
1279.15	0	.7586362	.004646482	.2367174	0
1278.15	0	.7572544	.005607038	.2371385	0
1277.15	0	.7558764	.006565062	.2375585	0
1276.15	0	.7545021	.007520561	.2379773	0
1275.15	0	.7531315	.008473539	.238395	0
1274.15	0	.7517645	.009424	.2388115	0
1273.15	0	.7504013	.01037195	.2392268	0
1272.15	0	.7490416	.01131739	.239641	0
1271.15	0	.7476857	.01226033	.240054	0
1270.15	0	.7463333	.01320076	.2404659	0
1269.15	0	.7449846	.01413871	.2408767	0
1268.15	0	.7436396	.01507416	.2412863	0
1267.15	0	.7422981	.01600713	.2416948	0
1266.15	0	.7409603	.01693761	.2421021	0
1265.15	0	.739626	.01786562	.2425084	0
1264.15	0	.7382953	.01879115	.2429135	0
1263.15	0	.7369683	.01971421	.2433175	0
1262.15	0	.7356448	.02063481	.2437204	0
1261.15	0	.7343248	.02155294	.2441222	0
1260.15	0	.7330084	.02246862	.2445229	0
1259.15	0	.7316956	.02338185	.2449225	0
1258.15	0	.7303863	.02429262	.2453211	0
1257.15	0	.7290806	.02520095	.2457185	0
1256.15	0	.7277783	.02610683	.2461148	0
1255.15	0	.7264796	.02701028	.2465101	0
1254.15	0	.7251844	.02791129	.2469043	0
1253.15	0	.7238927	.02880987	.2472974	0
1252.15	0	.7226045	.02970602	.2476895	0
1251.15	0	.7213198	.03059975	.2480805	0
1250.15	0	.7200385	.03149106	.2484704	0
1249.15	0	.7187608	.03237995	.2488593	0
1248.15	0	.7174864	.03326643	.2492471	0
1247.15	0	.7162156	.0341505	.2496339	0
1246.15	0	.7149482	.03503216	.2500197	0
1245.15	0	.7136842	.03591141	.2504044	0
1244.15	0	.7124237	.03678827	.250788	0
1243.15	0	.7111666	.03766273	.2511707	0
1242.15	0	.7099129	.0385348	.2515523	0
1241.15	0	.7086627	.03940447	.2519329	0
1240.15	0	.7074158	.04027176	.2523124	0
1239.15	0	.7061724	.04113667	.252691	0
1238.15	0	.7049323	.04199919	.2530685	0
1237.15	0	.7036956	.04285933	.2534451	0
1236.15	0	.7024623	.0437171	.2538206	0
1235.15	0	.7012324	.0445725	.2541951	0
1234.15	0	.7000058	.04542553	.2545686	0
1233.15	0	.6987826	.04627619	.2549412	0
1232.15	0	.6975628	.04712449	.2553127	0
1231.15	0	.6963463	.04797043	.2556833	0
1230.15	0	.6951332	.04881401	.2560529	0
1229.15	0	.6939233	.04965523	.2564214	0
1228.15	0	.6927168	.05049411	.2567891	0
1227.15	0	.6915137	.05133063	.2571557	0
1226.15	0	.6903138	.0521648	.2575214	0
1225.15	0	.6891173	.05299663	.2578861	0
1224.15	0	.687924	.05382612	.2582499	0
1223.15	0	.6867341	.05465326	.2586126	0
1222.15	0	.6855474	.05547807	.2589745	0
1221.15	0	.6843641	.05630055	.2593354	0
1220.15	0	.683184	.05712069	.2596953	0
1219.15	0	.6820072	.0579385	.2600543	0
1218.15	0	.6808337	.05875398	.2604124	0
1217.15	0	.6796634	.05956714	.2607695	0
1216.15	0	.6784964	.06037797	.2611257	0
1215.15	0	.6773326	.06118648	.2614809	0
1214.15	0	.6761721	.06199267	.2618352	0
1213.15	0	.6750148	.06279655	.2621886	0
1212.15	0	.6738608	.06359811	.2625411	0
1211.15	0	.67271	.06439736	.2628927	0
1210.15	0	.6715624	.06519429	.2632433	0
1209.15	0	.6704181	.06598891	.263593	0
1208.15	0	.6692769	.06678123	.2639418	0
1207.15	0	.668139	.06757125	.2642898	0
1206.15	0	.6670043	.06835895	.2646368	0
1205.15	0	.6658728	.06914436	.2649829	0
1204.15	0	.6647444	.06992747	.2653281	0
1203.15	0	.6636193	.07070827	.2656724	0
1202.15	0	.6624974	.07148678	.2660158	0
1201.15	0	.6613786	.072263	.2663584	0
1200.15	0	.660263	.07303692	.2667001	0
1199.15	0	.6591506	.07380855	.2670408	0
1198.15	0	.6580414	.07457789	.2673807	0
1197.15	0	.6569353	.07534494	.2677198	0
1196.15	0	.6558324	.0761097	.2680579	0
1195.15	0	.6547326	.07687217	.2683952	0
1194.15	0	.653636	.07763236	.2687316	0
1193.15	0	.6525426	.07839027	.2690672	0
1192.15	0	.6514522	.07914589	.2694019	0
1191.15	0	.6503651	.07989923	.2697357	0
1190.15	0	.649281	.0806503	.2700687	0
1189.15	0	.6482001	.08139908	.2704008	0
1188.15	0	.6471223	.08214559	.2707321	0
1187.15	0	.6460476	.08288982	.2710626	0
1186.15	0	.6449761	.08363177	.2713921	0
1185.15	0	.6439077	.08437145	.2717209	0
1184.15	0	.6428423	.08510886	.2720488	0
1183.15	0	.6417801	.08584399	.2723759	0
1182.15	0	.640721	.08657685	.2727021	0
1181.15	0	.639665	.08730744	.2730276	0
1180.15	0	.6386121	.08803576	.2733521	0
1179.15	0	.6375623	.08876181	.2736759	0
1178.15	0	.6365156	.08948559	.2739989	0
1177.15	0	.6354719	.0902071	.274321	0
1176.15	0	.6344314	.09092635	.2746423	0
1175.15	0	.6333939	.09164333	.2749628	0
1174.15	0	.6323595	.09235805	.2752825	0
1173.15	0	.6313282	.0930705	.2756013	0
1172.15	0	.6302999	.09378068	.2759194	0
1171.15	0	.6292747	.0944886	.2762367	0
1170.15	0	.6282526	.09519425	.2765531	0
1169.15	0	.6272336	.09589764	.2768688	0
1168.15	0	.6262176	.09659877	.2771837	0
1167.15	0	.6252046	.09729764	.2774977	0
1166.15	0	.6241947	.09799424	.277811	0
1165.15	0	.6231879	.09868858	.2781235	0
1164.15	0	.6221841	.09938066	.2784352	0
1163.15	0	.6211834	.1000705	.2787462	0
1162.15	0	.6201857	.100758	.2790563	0
1161.15	0	.619191	.1014433	.2793657	0
1160.15	0	.6181994	.1021264	.2796743	0
1159.15	0	.6172108	.1028071	.2799821	0
1158.15	0	.6162253	.1034856	.2802891	0
1157.15	0	.6152428	.1041619	.2805954	0
1156.15	0	.6142633	.1048359	.2809009	0
1155.15	0	.6132868	.1055076	.2812056	0
1154.15	0	.6123133	.1061771	.2815096	0
1153.15	0	.6113429	.1068443	.2818128	0
1152.15	0	.6103755	.1075092	.2821153	0
1151.15	0	.6094112	.1081719	.282417	0
1150.15	0	.6084498	.1088323	.2827179	0
1149.15	0	.6074915	.1094904	.2830181	0
1148.15	0	.6065361	.1101463	.2833176	0
1147.15	0	.6055838	.1107999	.2836163	0
1146.15	0	.6046345	.1114513	.2839142	0
1145.15	0	.6036882	.1121003	.2842115	0
1144.15	0	.6027449	.1127472	.2845079	0
1143.15	0	.6018047	.1133917	.2848037	0
1142.15	0	.6008674	.114034	.2850987	0
1141.15	0	.5999331	.114674	.2853929	0
1140.15	0	.5990018	.1153118	.2856864	0
1139.15	0	.5980735	.1159472	.2859792	0
1138.15	0	.5971483	.1165804	.2862713	0
1137.15	0	.596226	.1172114	.2865626	0
1136.15	0	.5953067	.11784	.2868533	0
1135.15	0	.5943904	.1184664	.2871432	0
1134.15	0	.5934771	.1190906	.2874323	0
1133.15	0	.5925668	.1197124	.2877208	0
1132.15	0	.5916595	.120332	.2880085	0
1131.15	0	.5907552	.1209493	.2882956	0
1130.15	0	.5898538	.1215643	.2885819	0
1129.15	0	.5889555	.122177	.2888675	0
1128.15	0	.5880602	.1227875	.2891524	0
1127.15	0	.5871678	.1233957	.2894366	0
1126.15	0	.5862784	.1240015	.28972	0
1125.15	0	.585392	.1246052	.2900028	0
1124.15	0	.5845086	.1252065	.2902849	0
1123.15	0	.5836282	.1258055	.2905663	0
1122.15	0	.5827508	.1264023	.2908469	0
1121.15	0	.5818763	.1269967	.2911269	0
1120.15	0	.5810049	.1275889	.2914062	0
1119.15	0	.5801364	.1281788	.2916848	0
1118.15	0	.5792709	.1287664	.2919627	0
1117.15	0	.5784084	.1293517	.2922399	0
1116.15	0	.5775489	.1299347	.2925165	0
1115.15	0	.5766924	.1305154	.2927923	0
1114.15	0	.5758388	.1310937	.2930675	0
1113.15	0	.5749882	.1316698	.2933419	0
1112.15	0	.5741407	.1322436	.2936157	0
1111.15	0	.5732961	.1328151	.2938888	0
1110.15	0	.5724545	.1333843	.2941613	0
1109.15	0	.5716158	.1339511	.294433	0
1108.15	0	.5707802	.1345157	.2947041	0
1107.15	0	.5699475	.135078	.2949745	0
1106.15	0	.5691179	.1356379	.2952443	0
1105.15	0	.5682912	.1361955	.2955133	0
1104.15	0	.5674675	.1367508	.2957817	0
1103.15	0	.5666468	.1373038	.2960495	0
1102.15	0	.5658291	.1378544	.2963165	0
1101.15	0	.5650144	.1384027	.2965829	0
1100.15	0	.5642026	.1389487	.2968487	0
1099.15	0	.5633939	.1394924	.2971137	0
1098.15	0	.5625881	.1400337	.2973782	0
1097.15	0	.5617854	.1405727	.2976419	0
1096.15	0	.5609856	.1411094	.297905	0
1095.15	0	.5601888	.1416437	.2981675	0
1094.15	0	.5593951	.1421757	.2984292	0
1093.15	0	.5586043	.1427053	.2986904	0
1092.15	0	.5578165	.1432326	.2989509	0
1091.15	0	.5570318	.1437576	.2992107	0
1090.15	0	.55625	.1442802	.2994699	0
1089.15	0	.5554712	.1448004	.2997284	0
1088.15	0	.5546954	.1453183	.2999863	0
1087.15	0	.5539227	.1458338	.3002435	0
1086.15	0	.5531529	.1463469	.3005001	0
1085.15	0	.5523862	.1468577	.3007561	0
1084.15	0	.5516225	.1473662	.3010114	0
1083.15	0	.5508617	.1478722	.3012661	0
1082.15	0	.550104	.1483759	.3015201	0
1081.15	0	.5493493	.1488772	.3017735	0
1080.15	0	.5485977	.1493761	.3020262	0
1079.15	0	.547849	.1498727	.3022783	0
1078.15	0	.5471034	.1503668	.3025298	0
1077.15	0	.5463608	.1508586	.3027806	0
1076.15	0	.5456212	.151348	.3030309	0
1075.15	0	.5448846	.151835	.3032804	0
1074.15	0	.5441511	.1523196	.3035294	0
1073.15	0	.5434206	.1528018	.3037777	0
1072.15	0	.5426931	.1532815	.3040254	0
1071.15	0	.5419687	.1537589	.3042724	0
1070.15	0	.5412473	.1542339	.3045188	0
1069.15	0	.5405289	.1547064	.3047646	0
1068.15	0	.5398136	.1551766	.3050098	0
1067.15	0	.5391014	.1556443	.3052543	0
1066.15	0	.5383921	.1561096	.3054982	0
1065.15	0	.537686	.1565725	.3057415	0
1064.15	0	.5369829	.157033	.3059842	0
1063.15	0	.5362828	.157491	.3062262	0
1062.15	0	.5355858	.1579465	.3064676	0
1061.15	0	.5348919	.1583997	.3067084	0
1060.15	0	.534201	.1588504	.3069486	0
1059.15	0	.5335132	.1592986	.3071882	0
1058.15	0	.5328285	.1597444	.3074271	0
1057.15	0	.5321468	.1601878	.3076654	0
1056.15	0	.5314682	.1606287	.3079031	0
1055.15	0	.5307927	.1610671	.3081402	0
1054.15	0	.5301202	.1615031	.3083767	0
1053.15	0	.5294509	.1619366	.3086125	0
1052.15	0	.5287846	.1623676	.3088477	0
1051.15	0	.5281214	.1627962	.3090824	0
1050.15	0	.5274614	.1632223	.3093163	0
1049.15	0	.5268044	.1636459	.3095497	0
1048.15	0	.5261505	.164067	.3097825	0
1047.15	0	.5254997	.1644856	.3100146	0
1046.15	0	.5248521	.1649018	.3102462	0
1045.15	0	.5242075	.1653154	.3104771	0
1044.15	0	.523566	.1657266	.3107074	0
1043.15	0	.5229277	.1661352	.3109371	0
1042.15	0	.5222925	.1665413	.3111662	0
1041.15	0	.5216604	.166945	.3113947	0
1040.15	0	.5210314	.1673461	.3116225	0
1039.15	0	.5204056	.1677446	.3118498	0
1038.15	0	.5197829	.1681407	.3120764	0
1037.15	0	.5191633	.1685343	.3123024	0
1036.15	0	.5185469	.1689253	.3125278	0
1035.15	0	.5179336	.1693138	.3127526	0
1034.15	0	.5173235	.1696997	.3129768	0
1033.15	0	.5167165	.1700831	.3132004	0
1032.15	0	.5161127	.170464	.3134233	0
1031.15	0	.515512	.1708423	.3136457	0
1030.15	0	.5149145	.1712181	.3138674	0
1029.15	0	.5143202	.1715913	.3140885	0
1028.15	0	.5137291	.1719619	.3143091	0
1027.15	0	.5131411	.17233	.314529	0
1026.15	0	.5125563	.1726955	.3147482	0
1025.15	0	.5119746	.1730585	.3149669	0
1024.15	0	.5113962	.1734189	.315185	0
1023.15	0	.5108209	.1737767	.3154024	0
1022.15	0	.5102489	.1741319	.3156192	0
1021.15	0	.50968	.1744845	.3158355	0
1020.15	0	.5091144	.1748346	.3160511	0
1019.15	0	.5085519	.175182	.316266	0
1018.15	0	.5079927	.1755269	.3164804	0
1017.15	0	.5074367	.1758692	.3166942	0
1016.15	0	.5068839	.1762089	.3169073	0
1015.15	0	.5063343	.1765459	.3171198	0
1014.15	0	.5057879	.1768804	.3173317	0
1013.15	0	.5052448	.1772122	.317543	0
1012.15	0	.5047049	.1775415	.3177537	0
1011.15	0	.5041682	.1778681	.3179637	0
1010.15	0	.5036348	.1781921	.3181731	0
1009.15	0	.5031046	.1785135	.3183819	0
1008.15	0	.5025777	.1788322	.3185901	0
1007.15	0	.502054	.1791483	.3187977	0
1006.15	0	.5015336	.1794618	.3190046	0
1005.15	0	.5010164	.1797727	.3192109	0
1004.15	0	.5005025	.1800809	.3194166	0
1003.15	0	.4999919	.1803865	.3196217	0
1002.15	0	.4994845	.1806894	.3198261	0
1001.15	0	.4989804	.1809897	.3200299	0
1000.15	0	.4984796	.1812874	.3202331	0
999.15	0	.4979821	.1815823	.3204356	0
998.15	0	.4974878	.1818747	.3206375	0
997.15	0	.4969969	.1821644	.3208388	0
996.15	0	.4965092	.1824514	.3210394	0
995.15	0	.4960248	.1827358	.3212394	0
994.15	0	.4955438	.1830175	.3214388	0
993.15	0	.495066	.1832965	.3216375	0
992.15	0	.4945915	.1835729	.3218356	0
991.15	0	.4941204	.1838466	.322033	0
990.15	0	.4936525	.1841176	.3222298	0
989.15	0	.493188	.184386	.322426	0
988.15	0	.4927268	.1846517	.3226215	0
987.15	0	.4922689	.1849148	.3228163	0
986.15	0	.4918143	.1851751	.3230106	0
985.15	0	.4913631	.1854328	.3232041	0
984.15	0	.4909152	.1856878	.323397	0
983.15	0	.4904706	.1859402	.3235892	0
982.15	0	.4900294	.1861898	.3237808	0
981.15	0	.4895914	.1864368	.3239718	0
980.15	0	.4891569	.1866811	.324162	0
979.15	0	.4887256	.1869228	.3243516	0
978.15	0	.4882977	.1871617	.3245406	0
977.15	0	.4878732	.187398	.3247288	0
976.15	0	.487452	.1876316	.3249164	0
975.15	0	.4870341	.1878626	.3251033	0
974.15	0	.4866196	.1880908	.3252896	0
973.15	0	.4862084	.1883164	.3254751	0
972.15	0	.4858006	.1885394	.32566	0
971.15	0	.4853962	.1887596	.3258442	0
970.15	0	.484995	.1889772	.3260277	0
969.15	0	.4845973	.1891922	.3262106	0
968.15	0	.4842029	.1894044	.3263927	0
967.15	0	.4838118	.189614	.3265741	0
966.15	0	.4834241	.189821	.3267549	0
965.15	0	.4830398	.1900253	.3269349	0
964.15	0	.4826588	.190227	.3271142	0
963.15	0	.4822812	.190426	.3272929	0
962.15	0	.4819069	.1906223	.3274708	0
961.15	0	.4815359	.1908161	.327648	0
960.15	0	.4811684	.1910072	.3278245	0
959.15	0	.4808041	.1911956	.3280003	0
958.15	0	.4804432	.1913815	.3281753	0
957.15	0	.4800857	.1915647	.3283496	0
956.15	0	.4797315	.1917453	.3285232	0
955.15	0	.4793806	.1919233	.3286961	0
954.15	0	.4790331	.1920988	.3288682	0
953.15	0	.4786889	.1922716	.3290395	0
952.15	0	.478348	.1924418	.3292101	0
951.15	0	.4780105	.1926095	.32938	0
950.15	0	.4776763	.1927746	.3295491	0
949.15	0	.4773454	.1929371	.3297175	0
948.15	0	.4770178	.1930971	.3298851	0
947.15	0	.4766935	.1932546	.3300519	0
946.15	0	.4763726	.1934095	.3302179	0
945.15	0	.4760549	.1935619	.3303832	0
944.15	0	.4757405	.1937118	.3305477	0
943.15	0	.4754294	.1938592	.3307114	0
942.15	0	.4751216	.1940041	.3308743	0
941.15	0	.4748171	.1941466	.3310364	0
940.15	0	.4745158	.1942865	.3311977	0
939.15	0	.4742178	.1944241	.3313582	0
938.15	0	.473923	.1945592	.3315179	0
937.15	0	.4736314	.1946918	.3316767	0
936.15	0	.4733431	.1948221	.3318348	0
935.15	0	.473058	.19495	.331992	0
934.15	0	.4727761	.1950755	.3321483	0
933.15	0	.4724975	.1951987	.3323039	0
932.15	0	.4722219	.1953195	.3324585	0
931.15	0	.4719496	.195438	.3326124	0
930.15	0	.4716804	.1955543	.3327653	0
929.15	0	.4714144	.1956682	.3329174	0
928.15	0	.4711515	.1957799	.3330686	0
927.15	0	.4708917	.1958893	.333219	0
926.15	0	.470635	.1959966	.3333684	0
925.15	0	.4703814	.1961016	.333517	0
924.15	0	.4701309	.1962045	.3336646	0
923.15	0	.4698834	.1963052	.3338113	0
922.15	0	.469639	.1964039	.3339572	0
921.15	0	.4693976	.1965004	.3341021	0
920.15	0	.4691591	.1965949	.334246	0
919.15	0	.4689237	.1966873	.334389	0
918.15	0	.4686912	.1967777	.3345311	0
917.15	0	.4684616	.1968662	.3346722	0
916.15	0	.468235	.1969527	.3348123	0
915.15	0	.4680112	.1970373	.3349515	0
914.15	0	.4677903	.19712	.3350897	0
913.15	0	.4675722	.1972009	.3352269	0
912.15	0	.467357	.19728	.335363	0
911.15	0	.4671445	.1973573	.3354982	0
910.15	0	.4669348	.1974329	.3356324	0
909.15	0	.4667278	.1975067	.3357655	0
908.15	0	.4665235	.197579	.3358975	0
907.15	0	.4663219	.1976496	.3360285	0
906.15	0	.4661229	.1977186	.3361585	0
905.15	0	.4659265	.1977861	.3362874	0
904.15	0	.4657327	.1978521	.3364152	0
903.15	0	.4655414	.1979167	.3365418	0
902.15	0	.4653526	.19798	.3366674	0
901.15	0	.4651663	.1980418	.3367919	0
900.15	0	.4649824	.1981024	.3369152	0
899.15	0	.4648008	.1981618	.3370374	0
898.15	0	.4646216	.19822	.3371584	0
897.15	0	.4644447	.1982771	.3372782	0
896.15	0	.46427	.1983331	.3373969	0
895.15	0	.4640975	.1983881	.3375144	0
894.15	0	.4639272	.1984422	.3376306	0
893.15	0	.463759	.1984954	.3377456	0
892.15	0	.4635928	.1985478	.3378594	0
891.15	0	.4634286	.1985995	.3379719	0
890.15	0	.4632664	.1986505	.3380831	0
889.15	0	.463106	.1987009	.3381931	0
888.15	0	.4629475	.1987508	.3383017	0
887.15	0	.4627908	.1988003	.338409	0
886.15	0	.4626357	.1988493	.3385149	0
885.15	0	.4624823	.1988981	.3386195	0
884.15	0	.4623305	.1989467	.3387228	0
883.15	0	.4621802	.1989952	.3388246	0
882.15	0	.4620313	.1990437	.338925	0
881.15	0	.4618838	.1990923	.339024	0
880.15	0	.4617376	.199141	.3391215	0
879.15	0	.4615926	.19919	.3392175	0
878.15	0	.4614487	.1992393	.339312	0
877.15	0	.4613059	.1992892	.339405	0
876.15	0	.461164	.1993396	.3394964	0
875.15	0	.461023	.1993908	.3395863	0
874.15	0	.4608828	.1994427	.3396745	0
873.15	0	.4607432	.1994956	.3397612	0
872.15	0	.4606043	.1995496	.3398461	0
871.15	0	.4604658	.1996048	.3399294	0
870.15	0	.4603277	.1996613	.340011	0
869.15	0	.4601899	.1997193	.3400908	0
868.15	0	.4600522	.199779	.3401689	0
867.15	0	.4599145	.1998404	.3402451	0
866.15	0	.4597768	.1999037	.3403195	0
865.15	0	.4596388	.1999692	.340392	0
864.15	0	.4595005	.2000369	.3404627	0
863.15	0	.4593617	.200107	.3405313	0
862.15	0	.4592222	.2001798	.340598	0
861.15	0	.4590819	.2002555	.3406626	0
860.15	0	.4589407	.2003341	.3407251	0
859.15	0	.4587984	.2004161	.3407855	0
858.15	0	.4586548	.2005014	.3408438	0
857.15	0	.4585097	.2005905	.3408998	0
856.15	0	.458363	.2006836	.3409535	0
855.15	0	.4582144	.2007808	.3410049	0
854.15	0	.4580637	.2008824	.3410538	0
853.15	0	.4579108	.2009889	.3411004	0
852.15	0	.4577553	.2011004	.3411443	0
851.15	0	.4575971	.2012172	.3411857	0
850.15	0	.4574358	.2013397	.3412245	0
849.15	0	.4572713	.2014683	.3412604	0
848.15	0	.4571031	.2016033	.3412936	0
847.15	0	.4569311	.2017451	.3413238	0
846.15	0	.4567549	.2018941	.341351	0
845.15	0	.4565742	.2020508	.341375	0
844.15	0	.4563885	.2022157	.3413958	0
843.15	0	.4561974	.2023893	.3414133	0
842.15	0	.4560007	.202572	.3414273	0
841.15	0	.4557977	.2027646	.3414377	0
840.15	0	.455588	.2029676	.3414444	0
839.15	0	.4553711	.2031818	.3414471	0
838.15	0	.4551464	.2034079	.3414457	0
837.15	0	.4549133	.2036467	.3414401	0
836.15	0	.454671	.203899	.3414299	0
835.15	0	.4543293	.2042759	.3413948	0
834.15	0	.4536964	.2050136	.34129	0
833.15	0	.4531122	.2056963	.3411915	0
832.15	0	.4525723	.206329	.3410987	0
831.15	0	.452073	.2069161	.341011	0
830.15	0	.4516107	.2074615	.3409279	0
829.15	0	.4511825	.2079686	.3408489	0
828.15	0	.4507858	.2084404	.3407737	0
827.15	0	.4504182	.2088798	.340702	0
826.15	0	.4500775	.2092891	.3406334	0
825.15	0	.4497617	.2096706	.3405677	0
824.15	0	.449469	.2100263	.3405047	0
823.15	0	.449198	.210358	.340444	0
822.15	0	.4489471	.2106673	.3403856	0
821.15	0	.4487149	.2109559	.3403293	0
820.15	0	.4485002	.2112249	.3402749	0
819.15	0	.4483019	.2114759	.3402222	0
818.15	0	.4481189	.2117099	.3401712	0
817.15	0	.4479503	.211928	.3401217	0
816.15	0	.4477951	.2121313	.3400737	0
815.15	0	.4476525	.2123206	.3400269	0
814.15	0	.4475218	.2124968	.3399814	0
813.15	0	.4474021	.2126608	.3399371	0
812.15	0	.4472929	.2128133	.3398938	0
811.15	0	.4471935	.212955	.3398515	0
810.15	0	.4471033	.2130865	.3398102	0
809.15	0	.4470218	.2132085	.3397697	0
808.15	0	.4469484	.2133215	.3397301	0
807.15	0	.4468827	.2134261	.3396912	0
806.15	0	.4468241	.2135228	.3396531	0
805.15	0	.4467724	.213612	.3396156	0
804.15	0	.446727	.2136942	.3395788	0
803.15	0	.4466876	.2137697	.3395426	0
802.15	0	.4466539	.2138391	.339507	0
801.15	0	.4466255	.2139027	.3394719	0
800.15	0	.446602	.2139607	.3394373	0
799.15	0	.4465833	.2140136	.3394031	0
798.15	0	.4465689	.2140617	.3393694	0
797.15	0	.4465587	.2141051	.3393362	0
796.15	0	.4465524	.2141443	.3393033	0
795.15	0	.4465498	.2141794	.3392708	0
794.15	0	.4465506	.2142108	.3392386	0
793.15	0	.4465546	.2142386	.3392068	0
792.15	0	.4465617	.2142631	.3391753	0
791.15	0	.4465716	.2142844	.339144	0
790.15	0	.4465841	.2143028	.3391131	0
789.15	0	.4465991	.2143185	.3390824	0
788.15	0	.4466165	.2143316	.3390519	0
787.15	0	.446636	.2143422	.3390217	0
786.15	0	.4466576	.2143507	.3389917	0
785.15	0	.446681	.214357	.338962	0
784.15	0	.4467062	.2143614	.3389324	0
783.15	0	.4467331	.214364	.3389029	0
782.15	0	.4467615	.2143648	.3388737	0
781.15	0	.4467913	.2143641	.3388446	0
780.15	0	.4468224	.2143619	.3388157	0
779.15	0	.4468547	.2143584	.3387869	0
778.15	0	.4468882	.2143536	.3387583	0
777.15	0	.4469226	.2143476	.3387297	0
776.15	0	.4469581	.2143406	.3387013	0
775.15	0	.4469943	.2143326	.338673	0
774.15	0	.4470314	.2143238	.3386448	0
773.15	0	.4470692	.2143141	.3386167	0
772.15	0	.4471076	.2143036	.3385887	0
771.15	0	.4471467	.2142925	.3385608	0
770.15	0	.4471862	.2142808	.338533	0
769.15	0	.4472262	.2142686	.3385052	0
768.15	0	.4472666	.2142558	.3384775	0
767.15	0	.4473074	.2142427	.3384499	0
766.15	0	.4473485	.2142292	.3384223	0
765.15	0	.4473899	.2142154	.3383948	0
764.15	0	.4474314	.2142013	.3383673	0
763.15	0	.4474732	.2141869	.3383399	0
762.15	0	.4475151	.2141725	.3383125	0
761.15	0	.447557	.2141578	.3382851	0
760.15	0	.4475991	.2141431	.3382578	0
759.15	0	.4476412	.2141283	.3382305	0
758.15	0	.4476832	.2141135	.3382033	0
757.15	0	.4477252	.2140987	.338176	0
756.15	0	.4477672	.214084	.3381488	0
755.15	0	.4478091	.2140693	.3381216	0
754.15	0	.4478508	.2140547	.3380945	0
753.15	0	.4478924	.2140403	.3380673	0
752.15	0	.4479339	.214026	.3380402	0
751.15	0	.4479752	.2140118	.338013	0
750.15	0	.4480162	.2139979	.3379859	0
749.15	0	.4480571	.2139842	.3379588	0
748.15	0	.4480998	.2139691	.3379311	0
747.15	0	.44814	.213956	.337904	0
746.15	0	.4481799	.2139432	.3378769	0
745.15	0	.4482195	.2139306	.3378498	0
744.15	0	.4482589	.2139184	.3378227	0
743.15	0	.4482979	.2139065	.3377956	0
742.15	0	.4483366	.2138949	.3377685	0
741.15	0	.448375	.2138837	.3377414	0
740.15	0	.448413	.2138728	.3377142	0
739.15	0	.4484507	.2138623	.3376871	0
738.15	0	.448488	.2138521	.3376599	0
737.15	0	.4485249	.2138424	.3376328	0
736.15	0	.4485614	.213833	.3376056	0
735.15	0	.4485976	.2138241	.3375783	0
734.15	0	.4486334	.2138155	.3375511	0
733.15	0	.4486687	.2138074	.3375239	0
732.15	0	.4487037	.2137998	.3374966	0
731.15	0	.4487382	.2137925	.3374693	0
730.15	0	.4487723	.2137857	.337442	0
729.15	0	.448806	.2137794	.3374147	0
728.15	0	.4488392	.2137735	.3373873	0
727.15	0	.448872	.2137681	.3373599	0
726.15	0	.4489044	.2137631	.3373325	0
725.15	0	.4489363	.2137586	.3373051	0
724.15	0	.4489678	.2137546	.3372776	0
723.15	0	.4489988	.213751	.3372501	0
722.15	0	.4490294	.213748	.3372226	0
721.15	0	.4490595	.2137454	.3371951	0
720.15	0	.4490892	.2137433	.3371675	0
719.15	0	.4491184	.2137416	.33714	0
718.15	0	.4491472	.2137405	.3371124	0
717.15	0	.4491755	.2137398	.3370847	0
716.15	0	.4492033	.2137396	.3370571	0
715.15	0	.4492307	.21374	.3370294	0
714.15	0	.4492576	.2137408	.3370016	0
713.15	0	.4492841	.2137421	.3369739	0
712.15	0	.4493101	.2137438	.3369461	0
711.15	0	.4493356	.2137461	.3369183	0
710.15	0	.4493607	.2137488	.3368905	0
709.15	0	.4493853	.2137521	.3368626	0
708.15	0	.4494095	.2137558	.3368347	0
707.15	0	.4494332	.2137601	.3368068	0
706.15	0	.4494565	.2137648	.3367788	0
705.15	0	.4494792	.2137699	.3367508	0
704.15	0	.4495016	.2137756	.3367228	0
703.15	0	.4495235	.2137818	.3366948	0
702.15	0	.4495449	.2137884	.3366667	0
701.15	0	.4495659	.2137955	.3366386	0
700.15	0	.4495865	.2138031	.3366105	0
699.15	0	.4496066	.2138111	.3365823	0
698.15	0	.4496262	.2138197	.3365541	0
697.15	0	.4496455	.2138287	.3365259	0
696.15	0	.4496642	.2138381	.3364976	0
695.15	0	.4496826	.2138481	.3364694	0
694.15	0	.4497005	.2138585	.3364411	0
693.15	0	.449718	.2138693	.3364127	0
692.15	0	.449735	.2138806	.3363844	0
691.15	0	.4497516	.2138924	.336356	0
690.15	0	.4497678	.2139046	.3363276	0
689.15	0	.4497836	.2139173	.3362991	0
688.15	0	.449799	.2139304	.3362706	0
687.15	0	.4498139	.213944	.3362421	0
686.15	0	.4498284	.213958	.3362136	0
685.15	0	.4498425	.2139724	.336185	0
684.15	0	.4498562	.2139873	.3361564	0
683.15	0	.4498695	.2140026	.3361278	0
682.15	0	.4498824	.2140184	.3360992	0
681.15	0	.4498949	.2140346	.3360705	0
680.15	0	.449907	.2140512	.3360418	0
679.15	0	.4499187	.2140682	.3360131	0
678.15	0	.44993	.2140856	.3359844	0
677.15	0	.4499409	.2141035	.3359556	0
676.15	0	.4499515	.2141217	.3359268	0
675.15	0	.4499616	.2141404	.335898	0
674.15	0	.4499714	.2141594	.3358692	0
673.15	0	.4499808	.2141789	.3358403	0
672.15	0	.4499898	.2141988	.3358114	0
671.15	0	.4499985	.214219	.3357825	0
670.15	0	.4500068	.2142397	.3357536	0
669.15	0	.4500147	.2142607	.3357246	0
668.15	0	.4500222	.2142822	.3356956	0
667.15	0	.4500294	.214304	.3356666	0
666.15	0	.4500363	.2143261	.3356376	0
665.15	0	.4500428	.2143487	.3356085	0
664.15	0	.4500489	.2143716	.3355795	0
663.15	0	.4500547	.2143949	.3355504	0
662.15	0	.4500602	.2144186	.3355212	0
661.15	0	.4500653	.2144426	.3354921	0
660.15	0	.45007	.214467	.335463	0
659.15	0	.4500745	.2144917	.3354338	0
658.15	0	.4500786	.2145168	.3354046	0
657.15	0	.4500823	.2145423	.3353754	0
656.15	0	.4500858	.214568	.3353462	0
655.15	0	.4500889	.2145942	.3353169	0
654.15	0	.4500917	.2146206	.3352877	0
653.15	0	.4500942	.2146474	.3352584	0
652.15	0	.4500964	.2146745	.3352291	0
651.15	0	.4500983	.214702	.3351998	0
650.15	0	.4500998	.2147297	.3351705	0
649.15	0	.4501011	.2147578	.3351411	0
648.15	0	.450102	.2147863	.3351117	0
647.15	0	.4501027	.214815	.3350824	0
646.15	0	.450103	.214844	.335053	0
645.15	0	.4501031	.2148734	.3350236	0
644.15	0	.4501028	.214903	.3349942	0
643.15	0	.4501023	.2149329	.3349647	0
642.15	0	.4501015	.2149632	.3349353	0
641.15	0	.4501004	.2149937	.3349058	0
640.15	0	.4500991	.2150246	.3348764	0
639.15	0	.4500974	.2150557	.3348469	0
638.15	0	.4500955	.2150871	.3348174	0
637.15	0	.4500933	.2151188	.3347879	0
636.15	0	.4500908	.2151508	.3347584	0
635.15	0	.4500881	.215183	.3347289	0
634.15	0	.4500851	.2152155	.3346994	0
633.15	0	.4500819	.2152483	.3346698	0
632.15	0	.4500784	.2152813	.3346403	0
631.15	0	.4500746	.2153147	.3346107	0
630.15	0	.4500706	.2153482	.3345812	0
629.15	0	.4500663	.2153821	.3345516	0
628.15	0	.4500618	.2154161	.334522	0
627.15	0	.4500571	.2154505	.3344924	0
626.15	0	.4500521	.2154851	.3344629	0
625.15	0	.4500468	.2155199	.3344333	0
624.15	0	.4500414	.215555	.3344037	0
623.15	0	.4500356	.2155903	.3343741	0
622.15	0	.4500297	.2156258	.3343445	0
621.15	0	.4500235	.2156616	.3343149	0
620.15	0	.4500171	.2156976	.3342853	0
619.15	0	.4500105	.2157338	.3342557	0
618.15	0	.4500037	.2157703	.3342261	0
617.15	0	.4499966	.215807	.3341965	0
616.15	0	.4499893	.2158439	.3341668	0
615.15	0	.4499818	.215881	.3341372	0
614.15	0	.4499741	.2159183	.3341076	0
613.15	0	.4499662	.2159558	.334078	0
612.15	0	.449958	.2159936	.3340484	0
611.15	0	.4499497	.2160315	.3340188	0
610.15	0	.4499411	.2160697	.3339892	0
609.15	0	.4499324	.216108	.3339596	0
608.15	0	.4499234	.2161466	.33393	0
607.15	0	.4499143	.2161853	.3339004	0
606.15	0	.449905	.2162242	.3338708	0
605.15	0	.4498954	.2162634	.3338412	0
604.15	0	.4498857	.2163027	.3338116	0
603.15	0	.4498758	.2163422	.333782	0
602.15	0	.4498657	.2163818	.3337525	0
601.15	0	.4498554	.2164217	.3337229	0
600.15	0	.449845	.2164617	.3336934	0
599.15	0	.4498343	.2165019	.3336638	0
598.15	0	.4498235	.2165422	.3336343	0
597.15	0	.4498125	.2165827	.3336047	0
596.15	0	.4498014	.2166234	.3335752	0
595.15	0	.44979	.2166643	.3335457	0
594.15	0	.4497785	.2167053	.3335162	0
593.15	0	.4497668	.2167465	.3334867	0
592.15	0	.449755	.2167878	.3334572	0
591.15	0	.449743	.2168293	.3334278	0
590.15	0	.4497308	.2168709	.3333983	0
589.15	0	.4497185	.2169126	.3333688	0
588.15	0	.449706	.2169546	.3333394	0
587.15	0	.4496934	.2169966	.33331	0
586.15	0	.4496806	.2170388	.3332806	0
585.15	0	.4496677	.2170811	.3332512	0
584.15	0	.4496546	.2171236	.3332218	0
583.15	0	.4496413	.2171662	.3331925	0
582.15	0	.4496279	.2172089	.3331631	0
581.15	0	.4496144	.2172518	.3331338	0
580.15	0	.4496007	.2172948	.3331045	0
579.15	0	.4495869	.2173379	.3330752	0
578.15	0	.449573	.2173811	.3330459	0
577.15	0	.4495589	.2174244	.3330167	0
576.15	0	.4495447	.2174679	.3329874	0
575.15	0	.4495303	.2175115	.3329582	0
574.15	0	.4495158	.2175552	.332929	0
573.15	0	.4495012	.217599	.3328998	0
572.15	0	.4494864	.2176429	.3328707	0
571.15	0	.4494716	.2176869	.3328416	0
570.15	0	.4494566	.217731	.3328125	0
569.15	0	.4494414	.2177752	.3327834	0
568.15	0	.4494262	.2178195	.3327543	0
567.15	0	.4494108	.2178639	.3327253	0
566.15	0	.4493953	.2179084	.3326963	0
565.15	0	.4493797	.217953	.3326673	0
564.15	0	.449364	.2179977	.3326383	0
563.15	0	.4493482	.2180424	.3326094	0
562.15	0	.4493322	.2180873	.3325805	0
561.15	0	.4493162	.2181322	.3325516	0
560.15	0	.4493	.2181773	.3325227	0
559.15	0	.4492838	.2182224	.3324939	0
558.15	0	.4492674	.2182676	.3324651	0
557.15	0	.4492509	.2183128	.3324363	0
556.15	0	.4492343	.2183581	.3324076	0
555.15	0	.4492176	.2184035	.3323788	0
554.15	0	.4492008	.218449	.3323502	0
553.15	0	.449184	.2184945	.3323215	0
552.15	0	.449167	.2185401	.3322929	0
551.15	0	.4491499	.2185858	.3322643	0
550.15	0	.4491327	.2186315	.3322357	0
549.15	0	.4491155	.2186773	.3322072	0
548.15	0	.4490981	.2187231	.3321787	0
547.15	0	.4490807	.218769	.3321503	0
546.15	0	.4490632	.218815	.3321219	0
545.15	0	.4490455	.218861	.3320935	0
544.15	0	.4490278	.2189071	.3320651	0
543.15	0	.44901	.2189532	.3320368	0
542.15	0	.4489922	.2189993	.3320085	0
541.15	0	.4489742	.2190455	.3319803	0
540.15	0	.4489562	.2190917	.3319521	0
539.15	0	.4489381	.219138	.3319239	0
538.15	0	.4489199	.2191843	.3318958	0
537.15	0	.4489016	.2192307	.3318677	0
536.15	0	.4488833	.2192771	.3318397	0
535.15	0	.4488648	.2193235	.3318117	0
534.15	0	.4488464	.21937	.3317837	0
533.15	0	.4488278	.2194164	.3317558	0
532.15	0	.4488092	.219463	.3317279	0
531.15	0	.4487905	.2195095	.3317	0
530.15	0	.4487717	.2195561	.3316723	0
529.15	0	.4487529	.2196027	.3316445	0
528.15	0	.448734	.2196493	.3316168	0
527.15	0	.448715	.2196959	.3315891	0
526.15	0	.448696	.2197425	.3315615	0
525.15	0	.4486769	.2197892	.3315339	0
524.15	0	.4486577	.2198359	.3315064	0
523.15	0	.4486385	.2198826	.3314789	0
522.15	0	.4486193	.2199293	.3314515	0
521.15	0	.4485999	.219976	.3314241	0
520.15	0	.4485806	.2200227	.3313967	0
519.15	0	.4485611	.2200695	.3313694	0
518.15	0	.4485416	.2201162	.3313422	0
517.15	0	.4485221	.2201629	.331315	0
516.15	0	.4485025	.2202097	.3312878	0
515.15	0	.4484829	.2202564	.3312607	0
514.15	0	.4484632	.2203032	.3312337	0
513.15	0	.4484434	.2203499	.3312067	0
512.15	0	.4484236	.2203966	.3311797	0
511.15	0	.4484038	.2204434	.3311528	0
510.15	0	.4483839	.2204901	.331126	0
509.15	0	.448364	.2205368	.3310992	0
508.15	0	.448344	.2205835	.3310725	0
507.15	0	.448324	.2206302	.3310458	0
506.15	0	.448304	.2206769	.3310191	0
505.15	0	.4482839	.2207235	.3309926	0
504.15	0	.4482638	.2207702	.330966	0
503.15	0	.4482436	.2208168	.3309396	0
502.15	0	.4482234	.2208634	.3309132	0
501.15	0	.4482031	.22091	.3308868	0
500.15	0	.4481829	.2209566	.3308605	0
499.15	0	.4481626	.2210032	.3308343	0
498.15	0	.4481422	.2210497	.3308081	0
497.15	0	.448122	.2210962	.3307819	0
496.15	0	.4481016	.2211426	.3307558	0
495.15	0	.4480811	.2211891	.3307298	0
494.15	0	.4480607	.2212355	.3307039	0
493.15	0	.4480402	.2212819	.330678	0
492.15	0	.4480196	.2213282	.3306522	0
491.15	0	.4479991	.2213745	.3306264	0
490.15	0	.4479785	.2214208	.3306007	0
489.15	0	.4479579	.221467	.3305751	0
488.15	0	.4479373	.2215132	.3305495	0
487.15	0	.4479166	.2215594	.330524	0
486.15	0	.447896	.2216055	.3304985	0
485.15	0	.4478753	.2216516	.3304731	0
484.15	0	.4478545	.2216976	.3304478	0
483.15	0	.4478338	.2217436	.3304226	0
482.15	0	.447813	.2217896	.3303974	0
481.15	0	.4477923	.2218355	.3303723	0
480.15	0	.4477715	.2218813	.3303472	0
479.15	0	.4477507	.2219271	.3303222	0
478.15	0	.4477298	.2219729	.3302973	0
477.15	0	.447709	.2220186	.3302724	0
476.15	0	.4476882	.2220642	.3302476	0
475.15	0	.4476673	.2221098	.3302229	0
474.15	0	.4476464	.2221554	.3301983	0
473.15	0	.4476255	.2222008	.3301737	0
472.15	0	.4476046	.2222463	.3301492	0
471.15	0	.4475837	.2222916	.3301247	0
470.15	0	.4475627	.2223369	.3301003	0
469.15	0	.4475418	.2223822	.330076	0
468.15	0	.4475209	.2224274	.3300518	0
467.15	0	.4474999	.2224725	.3300276	0
466.15	0	.4474789	.2225175	.3300035	0
465.15	0	.447458	.2225625	.3299795	0
464.15	0	.447437	.2226074	.3299556	0
463.15	0	.447416	.2226523	.3299317	0
462.15	0	.447395	.2226971	.3299079	0
461.15	0	.447374	.2227418	.3298842	0
460.15	0	.447353	.2227864	.3298605	0
459.1559	0	.4473322	.2228308	.3298371	0
459.1559	0	.4473322	.2228308	.3298371	0
459.1559	0	.4473322	.2228308	.3298371	0
459.15	0	.4473332	.2228282	.3298356	3.028221E-06
458.15	0	.4475187	.2223913	.3295719	5.182123E-04
457.15	0	.4477033	.2219556	.3293088	.001032378
456.15	0	.4478871	.2215211	.3290462	.001545534
455.15	0	.4480701	.2210879	.3287843	.00205769
454.15	0	.4482524	.2206558	.3285229	.002568855
453.15	0	.4484339	.220225	.3282621	.003079036
452.15	0	.4486146	.2197953	.3280018	.003588243
451.15	0	.4487946	.2193668	.3277421	.004096484
450.15	0	.4489739	.2189394	.327483	.004603767
449.15	0	.4491525	.218513	.3272244	.005110113
448.15	0	.4493304	.2180878	.3269663	.00561552
447.15	0	.4495076	.2176636	.3267088	.006119997
446.15	0	.4496841	.2172406	.3264518	.006623553
445.15	0	.4498599	.2168185	.3261954	.007126196
444.15	0	.4500351	.2163975	.3259395	.007627936
443.15	0	.4502096	.2159775	.3256841	.008128782
442.15	0	.4503835	.2155585	.3254292	.008628742
441.15	0	.4505568	.2151404	.3251749	.009127825
440.15	0	.4507295	.2147234	.3249211	.00962604
439.15	0	.4509016	.2143072	.3246678	.0101234
438.15	0	.4510731	.213892	.324415	.0106199
437.15	0	.451244	.2134777	.3241628	.01111556
436.15	0	.4514143	.2130643	.323911	.01161038
