T	 BPW(LIQUID)	BPW(BCC_A2)	BPW(FCC_A1)	BPW(LAVES_PHASE_C14)	BPW(NI3TI)
1473.15	.05013203	.7898316	0	.1600364	0
1472.15	.04553113	.7927852	0	.1616836	0
1471.15	.04101994	.7956754	0	.1633047	0
1470.15	.03659593	.7985038	0	.1649003	0
1469.15	.03225666	.8012721	0	.1664712	0
1468.15	.02799977	.803982	0	.1680182	0
1467.15	.02382301	.8066351	0	.1695419	0
1466.15	.01972417	.8092329	0	.1710429	0
1465.15	.01570114	.8117769	0	.1725219	0
1464.15	.01175189	.8142685	0	.1739796	0
1463.15	.007874434	.8167091	0	.1754165	0
1462.15	.004066869	.8191	0	.1768331	0
1461.15	3.273547E-04	.8214426	0	.1782301	0
1461.062	0	.8216474	0	.1783526	0
1461.062	0	.8216474	0	.1783526	0
1460.15	0	.8210417	0	.1789583	0
1459.15	0	.820379	0	.179621	0
1458.15	0	.8197179	0	.1802821	0
1457.15	0	.8190586	0	.1809414	0
1456.15	0	.8184009	0	.1815991	0
1455.15	0	.8177449	0	.1822551	0
1454.15	0	.8170906	0	.1829094	0
1453.15	0	.8164379	0	.1835621	0
1452.15	0	.8157869	0	.1842131	0
1451.15	0	.8151376	0	.1848624	0
1450.15	0	.8144899	0	.1855101	0
1449.15	0	.8138438	0	.1861562	0
1448.15	0	.8131994	0	.1868006	0
1447.15	0	.8125567	0	.1874433	0
1446.15	0	.8119155	0	.1880845	0
1445.15	0	.811276	0	.188724	0
1444.15	0	.8106381	0	.189362	0
1443.15	0	.8100017	0	.1899983	0
1442.15	0	.809367	0	.190633	0
1441.15	0	.8087339	0	.1912661	0
1440.15	0	.8081024	0	.1918976	0
1439.15	0	.8074725	0	.1925275	0
1438.15	0	.8068441	0	.1931559	0
1437.15	0	.8062173	0	.1937827	0
1436.15	0	.8055921	0	.1944079	0
1435.15	0	.8049685	0	.1950315	0
1434.15	0	.8043463	0	.1956537	0
1433.15	0	.8037258	0	.1962742	0
1432.15	0	.8031068	0	.1968932	0
1431.15	0	.8024893	0	.1975107	0
1430.15	0	.8018734	0	.1981266	0
1429.15	0	.801259	0	.198741	0
1428.15	0	.8006462	0	.1993539	0
1427.15	0	.8000348	0	.1999652	0
1426.15	0	.799425	0	.2005751	0
1425.15	0	.7988166	0	.2011834	0
1424.15	0	.7982098	0	.2017902	0
1423.15	0	.7976045	0	.2023956	0
1422.15	0	.7970006	0	.2029994	0
1421.15	0	.7963982	0	.2036018	0
1420.15	0	.7957974	0	.2042026	0
1419.15	0	.795198	0	.204802	0
1418.15	0	.7946	0	.2054	0
1417.15	0	.7940036	0	.2059964	0
1416.15	0	.7934086	0	.2065914	0
1415.15	0	.792815	0	.207185	0
1414.15	0	.7922229	0	.2077771	0
1413.15	0	.7916323	0	.2083677	0
1412.15	0	.7910431	0	.2089569	0
1411.15	0	.7904553	0	.2095447	0
1410.15	0	.789869	0	.210131	0
1409.15	0	.789284	0	.210716	0
1408.15	0	.7887005	0	.2112995	0
1407.15	0	.7881185	0	.2118816	0
1406.15	0	.7875378	0	.2124622	0
1405.15	0	.7869585	0	.2130415	0
1404.15	0	.7863807	0	.2136194	0
1403.15	0	.7858042	0	.2141958	0
1402.15	0	.7852291	0	.2147709	0
1401.15	0	.7846554	0	.2153446	0
1400.15	0	.7840831	0	.2159169	0
1399.15	0	.7835122	0	.2164878	0
1398.15	0	.7829426	0	.2170574	0
1397.15	0	.7823744	0	.2176256	0
1396.15	0	.7818076	0	.2181924	0
1395.15	0	.7812421	0	.2187579	0
1394.15	0	.780678	0	.219322	0
1393.15	0	.7801153	0	.2198847	0
1392.15	0	.7795538	0	.2204462	0
1391.15	0	.7789938	0	.2210062	0
1390.15	0	.778435	0	.221565	0
1389.15	0	.7778776	0	.2221224	0
1388.15	0	.7773215	0	.2226785	0
1387.15	0	.7767668	0	.2232332	0
1386.15	0	.7762133	0	.2237867	0
1385.15	0	.7756612	0	.2243388	0
1384.15	0	.7751104	0	.2248896	0
1383.15	0	.7745609	0	.2254392	0
1382.15	0	.7740126	0	.2259874	0
1381.15	0	.7734657	0	.2265343	0
1380.15	0	.7729201	0	.2270799	0
1379.15	0	.7723758	0	.2276242	0
1378.15	0	.7718327	0	.2281673	0
1377.15	0	.7712909	0	.2287091	0
1376.15	0	.7707504	0	.2292496	0
1375.15	0	.7702112	0	.2297888	0
1374.15	0	.7696732	0	.2303268	0
1373.15	0	.7691365	0	.2308635	0
1372.15	0	.7686011	0	.2313989	0
1371.15	0	.7680669	0	.2319331	0
1370.15	0	.767534	0	.232466	0
1369.15	0	.7670023	0	.2329977	0
1368.15	0	.7664718	0	.2335282	0
1367.15	0	.7659426	0	.2340574	0
1366.15	0	.7654146	0	.2345854	0
1365.15	0	.7648879	0	.2351121	0
1364.15	0	.7643624	0	.2356377	0
1363.15	0	.7638381	0	.2361619	0
1362.15	0	.763315	0	.236685	0
1361.15	0	.7627931	0	.2372069	0
1360.15	0	.7622724	0	.2377276	0
1359.15	0	.761753	0	.238247	0
1358.15	0	.7612347	0	.2387653	0
1357.15	0	.7607177	0	.2392823	0
1356.15	0	.7602018	0	.2397982	0
1355.15	0	.7596871	0	.2403129	0
1354.15	0	.7591737	0	.2408263	0
1353.15	0	.7586614	0	.2413386	0
1352.15	0	.7581503	0	.2418498	0
1351.15	0	.7576403	0	.2423597	0
1350.15	0	.7571315	0	.2428685	0
1349.15	0	.7566239	0	.2433761	0
1348.15	0	.7561175	0	.2438825	0
1347.15	0	.7556122	0	.2443878	0
1346.15	0	.7551081	0	.2448919	0
1345.15	0	.7546051	0	.2453949	0
1344.15	0	.7541033	0	.2458967	0
1343.15	0	.7536026	0	.2463974	0
1342.15	0	.7531031	0	.2468969	0
1341.15	0	.7526047	0	.2473953	0
1340.15	0	.7521074	0	.2478926	0
1339.15	0	.7516113	0	.2483887	0
1338.15	0	.7511163	0	.2488837	0
1337.15	0	.7506224	0	.2493776	0
1336.15	0	.7501297	0	.2498703	0
1335.15	0	.7496381	0	.2503619	0
1334.15	0	.7491475	0	.2508525	0
1333.15	0	.7486581	0	.2513419	0
1332.15	0	.7481698	0	.2518302	0
1331.15	0	.7476826	0	.2523174	0
1330.15	0	.7471965	0	.2528035	0
1329.15	0	.7467115	0	.2532885	0
1328.15	0	.7462276	0	.2537724	0
1327.15	0	.7457448	0	.2542552	0
1326.15	0	.7452631	0	.254737	0
1325.15	0	.7447824	0	.2552176	0
1324.15	0	.7443028	0	.2556972	0
1323.15	0	.7438243	0	.2561757	0
1322.15	0	.7433469	0	.2566531	0
1321.15	0	.7428706	0	.2571294	0
1320.15	0	.7423953	0	.2576047	0
1319.15	0	.7419211	0	.2580789	0
1318.15	0	.7414479	0	.2585521	0
1317.15	0	.7409758	0	.2590242	0
1316.15	0	.7405048	0	.2594952	0
1315.15	0	.7400348	0	.2599652	0
1314.15	0	.7395658	0	.2604342	0
1313.15	0	.7390979	0	.2609021	0
1312.15	0	.7386311	0	.2613689	0
1311.15	0	.7381652	0	.2618348	0
1310.15	0	.7377004	0	.2622996	0
1309.15	0	.7372367	0	.2627633	0
1308.15	0	.736774	0	.2632261	0
1307.15	0	.7363123	0	.2636877	0
1306.15	0	.7358516	0	.2641484	0
1305.15	0	.7353919	0	.2646081	0
1304.15	0	.7349333	0	.2650667	0
1303.15	0	.7344756	0	.2655244	0
1302.15	0	.734019	0	.265981	0
1301.15	0	.7335634	0	.2664366	0
1300.15	0	.7331088	0	.2668912	0
1299.15	0	.7326552	0	.2673448	0
1298.15	0	.7322026	0	.2677974	0
1297.15	0	.731751	0	.268249	0
1296.15	0	.7313004	0	.2686997	0
1295.15	0	.7308507	0	.2691493	0
1294.15	0	.7304021	0	.2695979	0
1293.15	0	.7299544	0	.2700456	0
1292.15	0	.7295078	0	.2704922	0
1291.15	0	.7290621	0	.2709379	0
1290.15	0	.7286173	0	.2713827	0
1289.15	0	.7281736	0	.2718264	0
1288.15	0	.7277308	0	.2722692	0
1287.15	0	.727289	0	.272711	0
1286.15	0	.7268481	0	.2731519	0
1285.15	0	.7264082	0	.2735918	0
1284.15	0	.7259693	0	.2740307	0
1283.15	0	.7255314	0	.2744687	0
1282.15	0	.7250943	0	.2749057	0
1281.15	0	.7246583	0	.2753417	0
1280.15	0	.7242231	0	.2757769	0
1279.15	0	.723789	0	.276211	0
1278.15	0	.7233557	0	.2766443	0
1277.15	0	.7229234	0	.2770766	0
1276.15	0	.7224921	0	.2775079	0
1275.15	0	.7220616	0	.2779384	0
1274.15	0	.7216322	0	.2783678	0
1273.15	0	.7212036	0	.2787964	0
1272.15	0	.720776	0	.2792241	0
1271.15	0	.7203492	0	.2796508	0
1270.15	0	.7199234	0	.2800766	0
1269.15	0	.7194986	0	.2805014	0
1268.15	0	.7190746	0	.2809254	0
1267.15	0	.7186516	0	.2813484	0
1266.15	0	.7182294	0	.2817706	0
1265.15	0	.7178082	0	.2821918	0
1264.15	0	.7173879	0	.2826121	0
1263.15	0	.7169685	0	.2830315	0
1262.15	0	.7165499	0	.2834501	0
1261.15	0	.7161323	0	.2838677	0
1260.15	0	.7157156	0	.2842844	0
1259.15	0	.7152998	0	.2847002	0
1258.15	0	.7148848	0	.2851152	0
1257.15	0	.7144708	0	.2855292	0
1256.15	0	.7140576	0	.2859424	0
1255.15	0	.7136453	0	.2863547	0
1254.15	0	.7132339	0	.2867661	0
1253.15	0	.7128234	0	.2871766	0
1252.15	0	.7124138	0	.2875863	0
1251.15	0	.712005	0	.287995	0
1250.15	0	.7115971	0	.2884029	0
1249.15	0	.71119	0	.28881	0
1248.15	0	.7107839	0	.2892161	0
1247.15	0	.7103786	0	.2896214	0
1246.15	0	.7099741	0	.2900259	0
1245.15	0	.7095705	0	.2904295	0
1244.15	0	.7091678	0	.2908322	0
1243.15	0	.7087659	0	.2912341	0
1242.15	0	.7083649	0	.2916351	0
1241.15	0	.7079648	0	.2920353	0
1240.15	0	.7075654	0	.2924346	0
1239.15	0	.7071669	0	.292833	0
1238.15	0	.7067693	0	.2932307	0
1237.15	0	.7063725	0	.2936275	0
1236.15	0	.7059766	0	.2940234	0
1235.15	0	.7055815	0	.2944185	0
1234.15	0	.7051872	0	.2948128	0
1233.15	0	.7047937	0	.2952063	0
1232.15	0	.7044011	0	.2955989	0
1231.15	0	.7040093	0	.2959907	0
1230.15	0	.7036184	0	.2963816	0
1229.15	0	.7032282	0	.2967718	0
1228.15	0	.7028389	0	.2971611	0
1227.15	0	.7024504	0	.2975496	0
1226.15	0	.7020627	0	.2979373	0
1225.15	0	.7016758	0	.2983242	0
1224.15	0	.7012898	0	.2987102	0
1223.15	0	.7009045	0	.2990955	0
1222.15	0	.7005201	0	.2994799	0
1221.15	0	.7001365	0	.2998635	0
1220.15	0	.6997536	0	.3002464	0
1219.15	0	.6993716	0	.3006284	0
1218.15	0	.6989904	0	.3010096	0
1217.15	0	.69861	0	.30139	0
1216.15	0	.6982303	0	.3017697	0
1215.15	0	.6978515	0	.3021485	0
1214.15	0	.6974735	0	.3025266	0
1213.15	0	.6970962	0	.3029038	0
1212.15	0	.6967197	0	.3032803	0
1211.15	0	.696344	0	.303656	0
1210.15	0	.6959692	0	.3040309	0
1209.15	0	.695595	0	.304405	0
1208.15	0	.6952217	0	.3047783	0
1207.15	0	.6948491	0	.3051509	0
1206.15	0	.6944774	0	.3055226	0
1205.15	0	.6941064	0	.3058937	0
1204.15	0	.6937361	0	.3062639	0
1203.15	0	.6933667	0	.3066334	0
1202.15	0	.692998	0	.3070021	0
1201.15	0	.69263	0	.30737	0
1200.15	0	.6922629	0	.3077371	0
1199.15	0	.6918964	0	.3081036	0
1198.15	0	.6915308	0	.3084692	0
1197.15	0	.6911659	0	.3088341	0
1196.15	0	.6908018	0	.3091982	0
1195.15	0	.6904384	0	.3095616	0
1194.15	0	.6900758	0	.3099242	0
1193.15	0	.6897139	0	.3102861	0
1192.15	0	.6893528	0	.3106472	0
1191.15	0	.6889925	0	.3110075	0
1190.15	0	.6886328	0	.3113672	0
1189.15	0	.688274	0	.3117261	0
1188.15	0	.6879158	0	.3120842	0
1187.15	0	.6875584	0	.3124416	0
1186.15	0	.6872018	0	.3127982	0
1185.15	0	.6868458	0	.3131542	0
1184.15	0	.6864907	0	.3135094	0
1183.15	0	.6861362	0	.3138638	0
1182.15	0	.6857825	0	.3142175	0
1181.15	0	.6854295	0	.3145705	0
1180.15	0	.6850772	0	.3149228	0
1179.15	0	.6847257	0	.3152743	0
1178.15	0	.6843749	0	.3156251	0
1177.15	0	.6840248	0	.3159752	0
1176.15	0	.6836754	0	.3163246	0
1175.15	0	.6833267	0	.3166733	0
1174.15	0	.6829788	0	.3170212	0
1173.15	0	.6826316	0	.3173684	0
1172.15	0	.6822851	0	.3177149	0
1171.15	0	.6819393	0	.3180607	0
1170.15	0	.6815942	0	.3184058	0
1169.15	0	.6812499	0	.3187501	0
1168.15	0	.6809062	0	.3190938	0
1167.15	0	.6805632	0	.3194368	0
1166.15	0	.680221	0	.319779	0
1165.15	0	.6798794	0	.3201206	0
1164.15	0	.6795386	0	.3204614	0
1163.15	0	.6791985	0	.3208016	0
1162.15	0	.678859	0	.321141	0
1161.15	0	.6785203	0	.3214798	0
1160.15	0	.6781822	0	.3218178	0
1159.15	0	.6778448	0	.3221552	0
1158.15	0	.6775081	0	.3224919	0
1157.15	0	.6771722	0	.3228278	0
1156.15	0	.6768369	0	.3231631	0
1155.15	0	.6765023	0	.3234977	0
1154.15	0	.6761683	0	.3238317	0
1153.15	0	.6758351	0	.3241649	0
1152.15	0	.6755025	0	.3244975	0
1151.15	0	.6751707	0	.3248294	0
1150.15	0	.6748395	0	.3251605	0
1149.15	0	.6745089	0	.3254911	0
1148.15	0	.6741791	0	.3258209	0
1147.15	0	.6738499	0	.3261501	0
1146.15	0	.6735214	0	.3264786	0
1145.15	0	.6731936	0	.3268064	0
1144.15	0	.6728665	0	.3271336	0
1143.15	0	.67254	0	.32746	0
1142.15	0	.6722142	0	.3277858	0
1141.15	0	.671889	0	.328111	0
1140.15	0	.6715645	0	.3284355	0
1139.15	0	.6712407	0	.3287593	0
1138.15	0	.6709175	0	.3290825	0
1137.15	0	.670595	0	.329405	0
1136.15	0	.6702732	0	.3297268	0
1135.15	0	.669952	0	.330048	0
1134.15	0	.6696315	0	.3303685	0
1133.15	0	.6693116	0	.3306884	0
1132.15	0	.6689924	0	.3310077	0
1131.15	0	.6686738	0	.3313262	0
1130.15	0	.6683559	0	.3316442	0
1129.15	0	.6680386	0	.3319614	0
1128.15	0	.667722	0	.332278	0
1127.15	0	.667406	0	.332594	0
1126.15	0	.6670906	0	.3329094	0
1125.15	0	.6667759	0	.3332241	0
1124.15	0	.6664619	0	.3335381	0
1123.15	0	.6661485	0	.3338515	0
1122.15	0	.6658357	0	.3341643	0
1121.15	0	.6655236	0	.3344764	0
1120.15	0	.6652121	0	.3347879	0
1119.15	0	.6649012	0	.3350988	0
1118.15	0	.664591	0	.335409	0
1117.15	0	.6642814	0	.3357186	0
1116.15	0	.6639724	0	.3360276	0
1115.15	0	.6636641	0	.3363359	0
1114.15	0	.6633564	0	.3366436	0
1113.15	0	.6630493	0	.3369507	0
1112.15	0	.6627428	0	.3372572	0
1111.15	0	.662437	0	.337563	0
1110.15	0	.6621318	0	.3378682	0
1109.15	0	.6618272	0	.3381728	0
1108.15	0	.6615232	0	.3384768	0
1107.15	0	.6612199	0	.3387801	0
1106.15	0	.6609172	0	.3390828	0
1105.15	0	.6606151	0	.3393849	0
1104.15	0	.6603136	0	.3396864	0
1103.15	0	.6600127	0	.3399873	0
1102.15	0	.6597124	0	.3402876	0
1101.15	0	.6594128	0	.3405872	0
1100.15	0	.6591137	0	.3408863	0
1099.15	0	.6588153	0	.3411847	0
1098.15	0	.6585175	0	.3414825	0
1097.15	0	.6582203	0	.3417797	0
1096.15	0	.6579237	0	.3420764	0
1095.15	0	.6576276	0	.3423724	0
1094.15	0	.6573322	0	.3426678	0
1093.15	0	.6570375	0	.3429626	0
1092.15	0	.6567433	0	.3432568	0
1091.15	0	.6564497	0	.3435503	0
1090.15	0	.6561567	0	.3438433	0
1089.15	0	.6558643	0	.3441357	0
1088.15	0	.6555725	0	.3444275	0
1087.15	0	.6552813	0	.3447187	0
1086.15	0	.6549907	0	.3450093	0
1085.15	0	.6547006	0	.3452994	0
1084.15	0	.6544112	0	.3455888	0
1083.15	0	.6541224	0	.3458776	0
1082.15	0	.6538341	0	.3461659	0
1081.15	0	.6535465	0	.3464535	0
1080.15	0	.6532594	0	.3467406	0
1079.15	0	.6529729	0	.3470271	0
1078.15	0	.652687	0	.347313	0
1077.15	0	.6524017	0	.3475983	0
1076.15	0	.652117	0	.347883	0
1075.15	0	.6518329	0	.3481671	0
1074.15	0	.6515493	0	.3484507	0
1073.15	0	.6512663	0	.3487337	0
1072.15	0	.6509839	0	.3490161	0
1071.15	0	.6507021	0	.3492979	0
1070.15	0	.6504209	0	.3495791	0
1069.15	0	.6501402	0	.3498598	0
1068.15	0	.6498601	0	.3501399	0
1067.15	0	.6495806	0	.3504194	0
1066.15	0	.6493016	0	.3506984	0
1065.15	0	.6490233	0	.3509767	0
1064.15	0	.6487455	0	.3512545	0
1063.15	0	.6484682	0	.3515318	0
1062.15	0	.6481916	0	.3518084	0
1061.15	0	.6479155	0	.3520845	0
1060.15	0	.64764	0	.3523601	0
1059.15	0	.647365	0	.352635	0
1058.15	0	.6470906	0	.3529094	0
1057.15	0	.6468168	0	.3531832	0
1056.15	0	.6465435	0	.3534565	0
1055.15	0	.6462708	0	.3537292	0
1054.15	0	.6459986	0	.3540014	0
1053.15	0	.6457271	0	.3542729	0
1052.15	0	.645456	0	.354544	0
1051.15	0	.6451856	0	.3548144	0
1050.15	0	.6449157	0	.3550843	0
1049.15	0	.6446463	0	.3553537	0
1048.15	0	.6443775	0	.3556225	0
1047.15	0	.6441093	0	.3558907	0
1046.15	0	.6438416	0	.3561584	0
1045.15	0	.6435745	0	.3564255	0
1044.15	0	.6433079	0	.3566921	0
1043.15	0	.6430418	0	.3569582	0
1042.15	0	.6427764	0	.3572237	0
1041.15	0	.6425114	0	.3574886	0
1040.15	0	.642247	0	.357753	0
1039.15	0	.6419832	0	.3580168	0
1038.15	0	.6417199	0	.3582801	0
1037.15	0	.6414572	0	.3585428	0
1036.15	0	.641195	0	.358805	0
1035.15	0	.6409333	0	.3590667	0
1034.15	0	.6406722	0	.3593278	0
1033.15	0	.6404116	0	.3595884	0
1032.15	0	.6401516	0	.3598484	0
1031.15	0	.6398921	0	.3601079	0
1030.15	0	.6396332	0	.3603668	0
1029.15	0	.6393748	0	.3606252	0
1028.15	0	.6391169	0	.3608831	0
1027.15	0	.6388596	0	.3611404	0
1026.15	0	.6386028	0	.3613972	0
1025.15	0	.6383465	0	.3616535	0
1024.15	0	.6380908	0	.3619092	0
1023.15	0	.6378356	0	.3621644	0
1022.15	0	.6375809	0	.3624191	0
1021.15	0	.6373268	0	.3626732	0
1020.15	0	.6370732	0	.3629268	0
1019.15	0	.6368201	0	.3631799	0
1018.15	0	.6365676	0	.3634324	0
1017.15	0	.6363156	0	.3636844	0
1016.15	0	.6360641	0	.3639359	0
1015.15	0	.6358132	0	.3641868	0
1014.15	0	.6355628	0	.3644373	0
1013.15	0	.6353129	0	.3646871	0
1012.15	0	.6350635	0	.3649365	0
1011.15	0	.6348146	0	.3651854	0
1010.15	0	.6345663	0	.3654337	0
1009.15	0	.6343185	0	.3656815	0
1008.15	0	.6340712	0	.3659288	0
1007.15	0	.6338245	0	.3661755	0
1006.15	0	.6335783	0	.3664217	0
1005.15	0	.6333325	0	.3666675	0
1004.15	0	.6330873	0	.3669127	0
1003.15	0	.6328427	0	.3671573	0
1002.15	0	.6325985	0	.3674015	0
1001.15	0	.6323549	0	.3676451	0
1000.15	0	.6321117	0	.3678883	0
999.15	0	.6318691	0	.3681309	0
998.15	0	.631627	0	.368373	0
997.15	0	.6313855	0	.3686145	0
996.15	0	.6311444	0	.3688556	0
995.15	0	.6309038	0	.3690962	0
994.15	0	.6306638	0	.3693362	0
993.15	0	.6304243	0	.3695758	0
992.15	0	.6301852	0	.3698148	0
991.15	0	.6299467	0	.3700533	0
990.15	0	.6297087	0	.3702913	0
989.15	0	.6294712	0	.3705288	0
988.15	0	.6292343	0	.3707658	0
987.15	0	.6289978	0	.3710022	0
986.15	0	.6287618	0	.3712382	0
985.15	0	.6285263	0	.3714737	0
984.15	0	.6282914	0	.3717086	0
983.15	0	.6280569	0	.3719431	0
982.15	0	.627823	0	.372177	0
981.15	0	.6275896	0	.3724105	0
980.15	0	.6273566	0	.3726434	0
979.15	0	.6271242	0	.3728758	0
978.15	0	.6268922	0	.3731078	0
977.15	0	.6266608	0	.3733392	0
976.15	0	.6264299	0	.3735701	0
975.15	0	.6261994	0	.3738006	0
974.15	0	.6259695	0	.3740305	0
973.15	0	.6257401	0	.37426	0
972.15	0	.6255111	0	.3744889	0
971.15	0	.6252827	0	.3747173	0
970.15	0	.6250547	0	.3749453	0
969.15	0	.6248273	0	.3751727	0
968.15	0	.6246003	0	.3753997	0
967.15	0	.6243739	0	.3756261	0
966.15	0	.6241479	0	.3758521	0
965.15	0	.6239224	0	.3760776	0
964.15	0	.6236975	0	.3763025	0
963.15	0	.623473	0	.376527	0
962.15	0	.623249	0	.376751	0
961.15	0	.6230255	0	.3769745	0
960.15	0	.6228025	0	.3771975	0
959.15	0	.62258	0	.37742	0
958.15	0	.6223579	0	.3776421	0
957.15	0	.6221364	0	.3778636	0
956.15	0	.6219153	0	.3780847	0
955.15	0	.6216948	0	.3783052	0
954.15	0	.6214747	0	.3785253	0
953.15	0	.6212551	0	.3787449	0
952.15	0	.621036	0	.378964	0
951.15	0	.6208174	0	.3791826	0
950.15	0	.6205993	0	.3794007	0
949.15	0	.6203816	0	.3796184	0
948.15	0	.6201645	0	.3798355	0
947.15	0	.6199478	0	.3800522	0
946.15	0	.6197316	0	.3802684	0
945.15	0	.6195159	0	.3804841	0
944.15	0	.6193007	0	.3806993	0
943.15	0	.619086	0	.3809141	0
942.15	0	.6188717	0	.3811283	0
941.15	0	.6186579	0	.3813421	0
940.15	0	.6184446	0	.3815554	0
939.15	0	.6182318	0	.3817682	0
938.15	0	.6180195	0	.3819806	0
937.15	0	.6178076	0	.3821924	0
936.15	0	.6175962	0	.3824038	0
935.15	0	.6173853	0	.3826147	0
934.15	0	.6171749	0	.3828251	0
933.15	0	.6169649	0	.3830351	0
932.15	0	.6167554	0	.3832446	0
931.15	0	.6165464	0	.3834536	0
930.15	0	.6163379	0	.3836621	0
929.15	0	.6161299	0	.3838701	0
928.15	0	.6159223	0	.3840777	0
927.15	0	.6157152	0	.3842848	0
926.15	0	.6155086	0	.3844914	0
925.15	0	.6153025	0	.3846976	0
924.15	0	.6150968	0	.3849032	0
923.15	0	.6148916	0	.3851084	0
922.15	0	.6146868	0	.3853132	0
921.15	0	.6144826	0	.3855174	0
920.15	0	.6142788	0	.3857212	0
919.15	0	.6140755	0	.3859245	0
918.15	0	.6138726	0	.3861274	0
917.15	0	.6136703	0	.3863298	0
916.15	0	.6134683	0	.3865317	0
915.15	0	.6132669	0	.3867331	0
914.15	0	.6130659	0	.3869341	0
913.15	0	.6128654	0	.3871346	0
912.15	0	.6126654	0	.3873346	0
911.15	0	.6124658	0	.3875342	0
910.15	0	.6122667	0	.3877333	0
909.15	0	.6120681	0	.3879319	0
908.15	0	.6118699	0	.3881301	0
907.15	0	.6116722	0	.3883278	0
906.15	0	.611475	0	.388525	0
905.15	0	.6112782	0	.3887218	0
904.15	0	.6110819	0	.3889181	0
903.15	0	.610886	0	.389114	0
902.15	0	.6106907	0	.3893093	0
901.15	0	.6104958	0	.3895042	0
900.15	0	.6103013	0	.3896987	0
899.15	0	.6101073	0	.3898927	0
898.15	0	.6099138	0	.3900862	0
897.15	0	.6097207	0	.3902793	0
896.15	0	.6095281	0	.3904719	0
895.15	0	.609336	0	.3906641	0
894.433	0	.6091985	0	.3908015	0
894.433	0	.6091985	0	.3908015	0
894.433	0	.6091985	0	.3908015	0
894.15	0	.6089997	1.644939E-04	.3908358	0
893.15	0	.6082981	7.454442E-04	.3909564	0
892.15	0	.6075978	.001326067	.3910761	0
891.15	0	.6068988	.001906389	.3911949	0
890.15	0	.6062009	.002486441	.3913127	0
889.15	0	.6055042	.003066251	.3914296	0
888.15	0	.6048086	.003645849	.3915455	0
887.15	0	.6041142	.004225268	.3916605	0
886.15	0	.6034209	.004804538	.3917745	0
885.15	0	.6027287	.005383692	.3918876	0
884.15	0	.6020376	.005962765	.3919997	0
883.15	0	.6013475	.006541791	.3921107	0
882.15	0	.6006584	.007120805	.3922208	0
881.15	0	.5999702	.007699844	.3923299	0
880.15	0	.5992831	.008278946	.392438	0
879.15	0	.5985968	.008858149	.392545	0
878.15	0	.5979115	.009437493	.3926511	0
877.15	0	.597227	.01001702	.392756	0
876.15	0	.5965433	.01059677	.3928599	0
875.15	0	.5958604	.01117678	.3929628	0
874.15	0	.5951783	.01175711	.3930646	0
873.15	0	.5944969	.01233779	.3931653	0
872.15	0	.5938163	.01291888	.3932649	0
871.15	0	.5931362	.01350042	.3933634	0
870.15	0	.5924568	.01408246	.3934607	0
869.15	0	.591778	.01466505	.393557	0
868.15	0	.5910997	.01524825	.3936521	0
867.15	0	.5904219	.0158321	.393746	0
866.15	0	.5897446	.01641668	.3938388	0
865.15	0	.5890676	.01700202	.3939303	0
864.15	0	.5883911	.0175882	.3940207	0
863.15	0	.5877148	.01817526	.3941099	0
862.15	0	.5870389	.01876329	.3941979	0
861.15	0	.5863631	.01935233	.3942846	0
860.15	0	.5856875	.01994246	.39437	0
859.15	0	.585012	.02053375	.3944542	0
858.15	0	.5843366	.02112626	.3945371	0
857.15	0	.5836612	.02172008	.3946187	0
856.15	0	.5829858	.02231527	.394699	0
855.15	0	.5823102	.02291192	.3947779	0
854.15	0	.5816344	.0235101	.3948555	0
853.15	0	.5809584	.0241099	.3949317	0
852.15	0	.5802821	.02471141	.3950065	0
851.15	0	.5796054	.02531471	.3950799	0
850.15	0	.5789283	.0259199	.3951518	0
849.15	0	.5782506	.02652708	.3952223	0
848.15	0	.5775723	.02713634	.3952913	0
847.15	0	.5768934	.02774779	.3953588	0
846.15	0	.5762137	.02836153	.3954248	0
845.15	0	.5755331	.02897768	.3954892	0
844.15	0	.5748516	.02959635	.395552	0
843.15	0	.5741691	.03021765	.3956133	0
842.15	0	.5734854	.03084173	.3956729	0
841.15	0	.5728005	.0314687	.3957308	0
840.15	0	.5721143	.03209869	.3957871	0
839.15	0	.5714266	.03273186	.3958416	0
838.15	0	.5707373	.03336835	.3958943	0
837.15	0	.5700464	.0340083	.3959453	0
836.15	0	.5693537	.03465188	.3959945	0
835.15	0	.568659	.03529925	.3960417	0
834.15	0	.5679623	.03595059	.3960871	0
833.15	0	.5672634	.03660608	.3961306	0
832.15	0	.5665621	.03726591	.396172	0
831.15	0	.5658583	.03793028	.3962115	0
830.15	0	.5651518	.03859941	.3962488	0
829.15	0	.5644425	.03927349	.396284	0
828.15	0	.5637301	.03995279	.3963171	0
827.15	0	.5630146	.04063752	.3963479	0
826.15	0	.5622956	.04132796	.3963765	0
825.15	0	.561573	.04202437	.3964027	0
824.15	0	.5608465	.04272703	.3964265	0
823.15	0	.560116	.04343626	.3964478	0
822.15	0	.5593811	.04415236	.3964665	0
821.15	0	.5586416	.04487568	.3964827	0
820.15	0	.5578973	.04560658	.3964962	0
819.15	0	.5571477	.04634543	.3965068	0
818.15	0	.5563927	.04709266	.3965146	0
817.15	0	.5556319	.04784868	.3965195	0
816.15	0	.5548648	.04861397	.3965212	0
815.15	0	.5540911	.04938902	.3965198	0
814.15	0	.5533105	.05017437	.3965151	0
813.15	0	.5525224	.05097058	.396507	0
812.15	0	.5517264	.05177827	.3964953	0
811.15	0	.5509219	.05259811	.39648	0
810.15	0	.5501084	.05343082	.3964607	0
809.15	0	.5492853	.05427717	.3964375	0
808.15	0	.548452	.05513802	.39641	0
807.15	0	.5476076	.05601428	.3963782	0
806.15	0	.5467514	.05690697	.3963417	0
805.15	0	.5458825	.0578172	.3963003	0
804.15	0	.545	.05874618	.3962538	0
803.15	0	.5441029	.05969526	.3962019	0
802.15	0	.5431898	.06066595	.3961442	0
801.15	0	.5420448	.06191716	.396038	0
800.15	0	.5405395	.06360443	.3958561	0
799.15	0	.5391002	.06521789	.3956819	0
798.15	0	.5377221	.06676294	.395515	0
797.15	0	.5364007	.06824446	.3953549	0
796.15	0	.5351321	.06966685	.3952011	0
795.15	0	.5339128	.0710341	.3950531	0
794.15	0	.5327394	.07234984	.3949108	0
793.15	0	.5316091	.07361736	.3947736	0
792.15	0	.5305191	.07483968	.3946412	0
791.15	0	.5294671	.07601954	.3945134	0
790.15	0	.5284507	.07715947	.3943899	0
789.15	0	.5274678	.07826178	.3942704	0
788.15	0	.5265167	.0793286	.3941547	0
787.15	0	.5255963	.08036133	.3940424	0
786.15	0	.5247033	.08136297	.3939337	0
785.15	0	.5238373	.08233457	.3938282	0
784.15	0	.5229966	.08327767	.3937257	0
783.15	0	.5221802	.08419373	.3936261	0
782.15	0	.5213868	.08508409	.3935291	0
781.15	0	.5206152	.08594999	.3934348	0
780.15	0	.5198645	.08679261	.3933429	0
779.15	0	.5191337	.08761302	.3932533	0
778.15	0	.5184219	.08841224	.3931659	0
777.15	0	.5177282	.08919124	.3930806	0
776.15	0	.5170518	.0899509	.3929973	0
775.15	0	.5163921	.09069207	.3929159	0
774.15	0	.5157482	.09141552	.3928363	0
773.15	0	.5151196	.09212201	.3927584	0
772.15	0	.5145056	.09281223	.3926822	0
771.15	0	.5139056	.09348685	.3926076	0
770.15	0	.5133191	.09414648	.3925345	0
769.15	0	.5127455	.09479171	.3924628	0
768.15	0	.5121844	.09542311	.3923925	0
767.15	0	.5116353	.0960412	.3923235	0
766.15	0	.5110978	.09664647	.3922557	0
765.15	0	.5105714	.09723941	.3921892	0
764.15	0	.5100557	.09782046	.3921238	0
763.15	0	.5095504	.09839004	.3920596	0
762.15	0	.509055	.09894858	.3919964	0
761.15	0	.5085693	.09949644	.3919343	0
760.15	0	.5080929	.100034	.3918731	0
759.15	0	.5076256	.1005616	.3918128	0
758.15	0	.5071669	.1010796	.3917535	0
757.15	0	.5067166	.1015883	.391695	0
756.15	0	.5062746	.102088	.3916374	0
755.15	0	.5058404	.102579	.3915806	0
754.15	0	.5054138	.1030616	.3915246	0
753.15	0	.5049947	.103536	.3914693	0
752.15	0	.5045828	.1040026	.3914147	0
751.15	0	.5041778	.1044614	.3913608	0
750.15	0	.5037796	.1049129	.3913075	0
749.15	0	.5033879	.1053571	.391255	0
748.15	0	.5030027	.1057943	.391203	0
747.15	0	.5026236	.1062248	.3911516	0
746.15	0	.5022505	.1066487	.3911008	0
745.15	0	.5018832	.1070662	.3910506	0
744.15	0	.5015217	.1074775	.3910009	0
743.15	0	.5011656	.1078827	.3909517	0
742.15	0	.500815	.1082821	.3909029	0
741.15	0	.5004695	.1086758	.3908547	0
740.15	0	.5001292	.1090639	.390807	0
739.15	0	.4997938	.1094466	.3907597	0
738.15	0	.4994632	.1098241	.3907128	0
737.15	0	.4991373	.1101964	.3906663	0
736.15	0	.498816	.1105638	.3906202	0
735.15	0	.4984991	.1109263	.3905746	0
734.15	0	.4981866	.1112841	.3905293	0
733.15	0	.4978784	.1116373	.3904843	0
732.15	0	.4975742	.111986	.3904398	0
731.15	0	.4972742	.1123303	.3903955	0
730.15	0	.496978	.1126704	.3903516	0
729.15	0	.4966857	.1130063	.390308	0
728.15	0	.4963972	.1133381	.3902647	0
727.15	0	.4961123	.113666	.3902217	0
726.15	0	.495831	.11399	.390179	0
725.15	0	.4955532	.1143102	.3901366	0
724.15	0	.4952788	.1146267	.3900944	0
723.15	0	.4950078	.1149397	.3900526	0
722.15	0	.49474	.1152491	.3900109	0
721.15	0	.4944754	.1155551	.3899695	0
720.15	0	.494214	.1158577	.3899284	0
719.15	0	.4939556	.116157	.3898874	0
718.15	0	.4937002	.1164531	.3898467	0
717.15	0	.4934477	.1167461	.3898062	0
716.15	0	.493198	.117036	.3897659	0
715.15	0	.4929512	.1173229	.3897259	0
714.15	0	.4927071	.1176069	.389686	0
713.15	0	.4924657	.117888	.3896463	0
712.15	0	.4922269	.1181663	.3896068	0
711.15	0	.4919908	.1184418	.3895674	0
710.15	0	.4917571	.1187147	.3895282	0
709.15	0	.4915259	.1189848	.3894892	0
708.15	0	.4912972	.1192524	.3894504	0
707.15	0	.4910708	.1195175	.3894117	0
706.15	0	.4908467	.1197801	.3893732	0
705.15	0	.490625	.1200402	.3893348	0
704.15	0	.4904054	.120298	.3892966	0
703.15	0	.4901881	.1205534	.3892585	0
702.15	0	.4899729	.1208065	.3892205	0
701.15	0	.4897599	.1210574	.3891827	0
700.15	0	.4895489	.1213061	.389145	0
699.15	0	.48934	.1215526	.3891074	0
698.15	0	.4891331	.121797	.3890699	0
697.15	0	.4889281	.1220393	.3890326	0
696.15	0	.488725	.1222796	.3889954	0
695.15	0	.4885239	.1225179	.3889582	0
694.15	0	.4883246	.1227542	.3889212	0
693.15	0	.4881272	.1229886	.3888843	0
692.15	0	.4879315	.123221	.3888475	0
691.15	0	.4877376	.1234516	.3888107	0
690.15	0	.4875455	.1236804	.3887741	0
689.15	0	.487355	.1239074	.3887376	0
688.15	0	.4871663	.1241326	.3887011	0
687.15	0	.4869791	.1243561	.3886647	0
686.15	0	.4867936	.1245779	.3886285	0
685.15	0	.4866097	.124798	.3885923	0
684.15	0	.4864274	.1250165	.3885561	0
683.15	0	.4862466	.1252333	.3885201	0
682.15	0	.4860673	.1254486	.3884841	0
681.15	0	.4858895	.1256623	.3884482	0
680.15	0	.4857132	.1258745	.3884124	0
679.15	0	.4855383	.1260851	.3883766	0
678.15	0	.4853648	.1262943	.3883409	0
677.15	0	.4851928	.126502	.3883053	0
676.15	0	.4850221	.1267082	.3882697	0
675.15	0	.4848528	.126913	.3882342	0
674.15	0	.4846848	.1271165	.3881988	0
673.15	0	.4845181	.1273186	.3881634	0
672.15	0	.4843527	.1275193	.388128	0
671.15	0	.4841886	.1277187	.3880927	0
670.15	0	.4840258	.1279168	.3880575	0
669.15	0	.4838641	.1281135	.3880223	0
668.15	0	.4837038	.1283091	.3879872	0
667.15	0	.4835446	.1285033	.3879521	0
666.15	0	.4833866	.1286964	.3879171	0
665.15	0	.4832297	.1288882	.3878821	0
664.15	0	.4830741	.1290788	.3878471	0
663.15	0	.4829195	.1292683	.3878122	0
662.15	0	.4827661	.1294566	.3877774	0
661.15	0	.4826138	.1296437	.3877426	0
660.15	0	.4824625	.1298297	.3877078	0
659.15	0	.4823124	.1300146	.387673	0
658.15	0	.4821632	.1301984	.3876383	0
657.15	0	.4820152	.1303811	.3876037	0
656.15	0	.4818682	.1305628	.3875691	0
655.15	0	.4817221	.1307434	.3875345	0
654.15	0	.4815771	.130923	.3874999	0
653.15	0	.4814331	.1311015	.3874654	0
652.15	0	.4812901	.131279	.3874309	0
651.15	0	.481148	.1314556	.3873965	0
650.15	0	.4810068	.1316311	.387362	0
649.15	0	.4808667	.1318057	.3873277	0
648.15	0	.4807274	.1319793	.3872933	0
647.15	0	.480589	.132152	.387259	0
646.15	0	.4804516	.1323238	.3872247	0
645.15	0	.480315	.1324946	.3871904	0
644.15	0	.4801794	.1326645	.3871562	0
643.15	0	.4800446	.1328335	.3871219	0
642.15	0	.4799106	.1330016	.3870877	0
641.15	0	.4797775	.1331689	.3870536	0
640.15	0	.4796453	.1333353	.3870195	0
639.15	0	.4795138	.1335008	.3869853	0
638.15	0	.4793832	.1336655	.3869513	0
637.15	0	.4792534	.1338294	.3869172	0
636.15	0	.4791244	.1339924	.3868832	0
635.15	0	.4789962	.1341546	.3868492	0
634.15	0	.4788688	.134316	.3868152	0
633.15	0	.4787421	.1344767	.3867812	0
632.15	0	.4786163	.1346365	.3867473	0
631.15	0	.4784911	.1347955	.3867133	0
630.15	0	.4783667	.1349538	.3866795	0
629.15	0	.4782431	.1351113	.3866456	0
628.15	0	.4781202	.1352681	.3866117	0
627.15	0	.477998	.1354241	.3865779	0
626.15	0	.4778765	.1355794	.3865441	0
625.15	0	.4777557	.135734	.3865103	0
624.15	0	.4776356	.1358878	.3864766	0
623.15	0	.4775163	.1360409	.3864428	0
622.15	0	.4773976	.1361934	.3864091	0
621.15	0	.4772795	.1363451	.3863754	0
620.15	0	.4771622	.1364961	.3863417	0
619.15	0	.4770455	.1366465	.3863081	0
618.15	0	.4769294	.1367962	.3862744	0
617.15	0	.4768141	.1369452	.3862408	0
616.15	0	.4766993	.1370935	.3862072	0
615.15	0	.4765852	.1372412	.3861736	0
614.15	0	.4764717	.1373882	.3861401	0
613.15	0	.4763589	.1375346	.3861065	0
612.15	0	.4762466	.1376804	.386073	0
611.15	0	.476135	.1378255	.3860395	0
610.15	0	.476024	.13797	.386006	0
609.15	0	.4759135	.1381139	.3859726	0
608.15	0	.4758037	.1382572	.3859391	0
607.15	0	.4756945	.1383998	.3859057	0
606.15	0	.4755858	.1385419	.3858723	0
605.15	0	.4754777	.1386833	.385839	0
604.15	0	.4753702	.1388242	.3858056	0
603.15	0	.4752633	.1389645	.3857723	0
602.15	0	.4751569	.1391042	.385739	0
601.15	0	.475051	.1392433	.3857057	0
600.15	0	.4749457	.1393819	.3856724	0
599.15	0	.474841	.1395199	.3856391	0
598.15	0	.4747368	.1396573	.3856059	0
597.15	0	.4746331	.1397942	.3855727	0
596.15	0	.47453	.1399305	.3855395	0
595.15	0	.4744274	.1400662	.3855063	0
594.15	0	.4743253	.1402015	.3854732	0
593.15	0	.4742238	.1403362	.3854401	0
592.15	0	.4741227	.1404703	.385407	0
591.15	0	.4740222	.1406039	.3853739	0
590.15	0	.4739221	.140737	.3853408	0
589.15	0	.4738226	.1408696	.3853078	0
588.15	0	.4737235	.1410017	.3852748	0
587.15	0	.473625	.1411332	.3852418	0
586.15	0	.4735269	.1412643	.3852088	0
585.15	0	.4734293	.1413948	.3851759	0
584.15	0	.4733322	.1415248	.385143	0
583.15	0	.4732356	.1416543	.3851101	0
582.15	0	.4731395	.1417834	.3850772	0
581.15	0	.4730438	.1419119	.3850443	0
580.15	0	.4729485	.14204	.3850115	0
579.15	0	.4728538	.1421675	.3849787	0
578.15	0	.4727595	.1422946	.3849459	0
577.15	0	.4726656	.1424212	.3849132	0
576.15	0	.4725722	.1425473	.3848804	0
575.15	0	.4724793	.142673	.3848477	0
574.15	0	.4723868	.1427982	.3848151	0
573.15	0	.4722947	.1429229	.3847824	0
572.15	0	.4722031	.1430472	.3847498	0
571.15	0	.4721119	.143171	.3847172	0
570.15	0	.4720211	.1432943	.3846846	0
569.15	0	.4719307	.1434172	.3846521	0
568.15	0	.4718408	.1435396	.3846195	0
567.15	0	.4717513	.1436616	.384587	0
566.15	0	.4716623	.1437832	.3845546	0
565.15	0	.4715736	.1439043	.3845221	0
564.15	0	.4714853	.1440249	.3844897	0
563.15	0	.4713975	.1441452	.3844573	0
562.15	0	.4713101	.144265	.384425	0
561.15	0	.471223	.1443843	.3843927	0
560.15	0	.4711364	.1445032	.3843604	0
559.15	0	.4710502	.1446217	.3843281	0
558.15	0	.4709643	.1447398	.3842959	0
557.15	0	.4708789	.1448574	.3842637	0
556.15	0	.4707939	.1449747	.3842315	0
555.15	0	.4707092	.1450915	.3841994	0
554.15	0	.4706249	.1452078	.3841672	0
553.15	0	.470541	.1453238	.3841352	0
552.15	0	.4704575	.1454394	.3841031	0
551.15	0	.4703744	.1455545	.3840711	0
550.15	0	.4702916	.1456693	.3840391	0
549.15	0	.4702092	.1457836	.3840072	0
548.15	0	.4701272	.1458975	.3839752	0
547.15	0	.4700456	.1460111	.3839434	0
546.15	0	.4699643	.1461242	.3839115	0
545.15	0	.4698834	.1462369	.3838797	0
544.15	0	.4698028	.1463492	.3838479	0
543.15	0	.4697226	.1464612	.3838162	0
542.15	0	.4696428	.1465727	.3837845	0
541.15	0	.4695633	.1466839	.3837528	0
540.15	0	.4694842	.1467946	.3837212	0
539.15	0	.4694054	.146905	.3836896	0
538.15	0	.469327	.147015	.383658	0
537.15	0	.4692489	.1471246	.3836265	0
536.15	0	.4691712	.1472338	.383595	0
535.15	0	.4690938	.1473426	.3835636	0
534.15	0	.4690169	.1474511	.3835321	0
533.15	0	.4689402	.1475592	.3835007	0
532.15	0	.4688638	.1476668	.3834694	0
531.15	0	.4687878	.1477742	.3834381	0
530.15	0	.4687121	.1478811	.3834068	0
529.15	0	.4686367	.1479877	.3833756	0
528.15	0	.4685617	.1480939	.3833444	0
527.15	0	.468487	.1481997	.3833133	0
526.15	0	.4684126	.1483052	.3832822	0
525.15	0	.4683386	.1484103	.3832512	0
524.15	0	.4682648	.148515	.3832202	0
523.15	0	.4681914	.1486194	.3831892	0
522.15	0	.4681184	.1487234	.3831583	0
521.15	0	.4680456	.148827	.3831274	0
520.15	0	.4679732	.1489303	.3830966	0
519.15	0	.467901	.1490332	.3830658	0
518.15	0	.4678292	.1491357	.383035	0
517.15	0	.4677577	.149238	.3830043	0
516.15	0	.4676865	.1493398	.3829737	0
515.15	0	.4676157	.1494413	.3829431	0
514.15	0	.4675451	.1495424	.3829125	0
513.15	0	.4674748	.1496432	.382882	0
512.15	0	.4674049	.1497436	.3828515	0
511.15	0	.4673352	.1498437	.3828211	0
510.15	0	.4672659	.1499434	.3827907	0
509.15	0	.4671968	.1500428	.3827604	0
508.15	0	.4671281	.1501418	.3827301	0
507.15	0	.4670596	.1502405	.3826999	0
506.15	0	.4669915	.1503388	.3826697	0
505.15	0	.4669236	.1504368	.3826396	0
504.15	0	.466856	.1505344	.3826095	0
503.15	0	.4667888	.1506317	.3825795	0
502.15	0	.4667218	.1507287	.3825495	0
501.15	0	.4666551	.1508253	.3825196	0
500.15	0	.4665887	.1509216	.3824897	0
499.15	0	.4665226	.1510175	.3824599	0
498.15	0	.4664568	.1511131	.3824301	0
497.15	0	.4663912	.1512083	.3824004	0
496.15	0	.466326	.1513032	.3823708	0
495.15	0	.466261	.1513978	.3823412	0
494.15	0	.4661963	.1514921	.3823116	0
493.15	0	.4661319	.151586	.3822821	0
492.15	0	.4660678	.1516795	.3822527	0
491.15	0	.466004	.1517728	.3822233	0
490.15	0	.4659404	.1518657	.3821939	0
489.15	0	.4658771	.1519582	.3821647	0
488.15	0	.4658141	.1520505	.3821355	0
487.15	0	.4657513	.1521424	.3821063	0
486.15	0	.4656889	.1522339	.3820772	0
485.15	0	.4656267	.1523252	.3820481	0
484.15	0	.4655647	.1524161	.3820192	0
483.15	0	.4655031	.1525067	.3819902	0
482.15	0	.4654417	.1525969	.3819614	0
481.15	0	.4653806	.1526869	.3819325	0
480.15	0	.4653197	.1527765	.3819038	0
479.15	0	.4652592	.1528658	.3818751	0
478.15	0	.4651988	.1529547	.3818465	0
477.15	0	.4651388	.1530433	.3818179	0
476.15	0	.465079	.1531316	.3817894	0
475.15	0	.4650195	.1532196	.3817609	0
474.15	0	.4649602	.1533073	.3817326	0
473.15	0	.4649012	.1533946	.3817042	0
472.15	0	.4648424	.1534816	.381676	0
471.15	0	.4647839	.1535683	.3816478	0
470.15	0	.4647257	.1536547	.3816197	0
469.15	0	.4646677	.1537407	.3815916	0
468.15	0	.46461	.1538264	.3815636	0
467.15	0	.4645525	.1539118	.3815356	0
466.15	0	.4644953	.1539969	.3815078	0
465.15	0	.4644383	.1540817	.38148	0
464.15	0	.4643816	.1541661	.3814522	0
463.15	0	.4643252	.1542503	.3814246	0
462.15	0	.464269	.1543341	.3813969	0
461.15	0	.464213	.1544176	.3813694	0
460.15	0	.4641573	.1545008	.3813419	0
459.15	0	.4641019	.1545836	.3813145	0
458.15	0	.4640466	.1546662	.3812872	0
457.15	0	.4639917	.1547484	.3812599	0
456.15	0	.463937	.1548303	.3812327	0
455.15	0	.4638825	.1549119	.3812056	0
454.15	0	.4638282	.1549932	.3811785	0
453.15	0	.4637742	.1550742	.3811516	0
452.15	0	.4637205	.1551549	.3811246	0
451.15	0	.463667	.1552352	.3810978	0
450.15	0	.4636137	.1553153	.381071	0
449.15	0	.4635607	.155395	.3810443	0
448.15	0	.463508	.1554743	.3810177	0
447.15	0	.4634555	.1555534	.3809912	0
446.15	0	.4634032	.1556321	.3809647	0
445.15	0	.4633512	.1557105	.3809383	0
444.15	0	.4632994	.1557886	.380912	0
443.15	0	.4632479	.1558663	.3808858	0
442.15	0	.4631966	.1559437	.3808597	0
441.15	0	.4631456	.1560208	.3808336	0
440.15	0	.4630949	.1560975	.3808076	0
439.15	0	.4630444	.1561738	.3807818	0
438.15	0	.4629942	.1562499	.380756	0
437.15	0	.4629442	.1563255	.3807303	0
436.15	0	.4628945	.1564009	.3807047	0
435.15	0	.462845	.1564758	.3806792	0
434.15	0	.4627958	.1565504	.3806538	0
433.15	0	.4627469	.1566247	.3806284	0
432.15	0	.4626982	.1566986	.3806032	0
431.15	0	.4626498	.1567721	.3805781	0
430.15	0	.4626017	.1568453	.380553	0
429.15	0	.4625538	.1569181	.3805281	0
428.15	0	.4625062	.1569905	.3805033	0
427.15	0	.4624589	.1570626	.3804785	0
426.15	0	.4624118	.1571343	.3804539	0
425.15	0	.462365	.1572056	.3804294	0
424.15	0	.4623185	.1572766	.3804049	0
423.15	0	.4622722	.1573472	.3803806	0
422.15	0	.4622262	.1574174	.3803564	0
421.15	0	.4621805	.1574873	.3803323	0
420.15	0	.462135	.1575568	.3803083	0
419.15	0	.4620898	.1576259	.3802844	0
418.15	0	.4620448	.1576946	.3802606	0
417.15	0	.4620001	.157763	.3802369	0
416.15	0	.4619557	.157831	.3802133	0
415.15	0	.4619116	.1578986	.3801898	0
414.15	0	.4618677	.1579659	.3801664	0
413.15	0	.461824	.1580328	.3801432	0
412.15	0	.4617806	.1580993	.38012	0
411.15	0	.4617375	.1581655	.380097	0
410.15	0	.4616947	.1582313	.380074	0
409.15	0	.4616521	.1582967	.3800512	0
408.15	0	.4616097	.1583618	.3800285	0
407.15	0	.4615676	.1584265	.3800059	0
406.15	0	.4615258	.1584909	.3799834	0
405.15	0	.4614842	.1585548	.379961	0
404.15	0	.4614429	.1586184	.3799387	0
403.15	0	.4614018	.1586817	.3799165	0
402.15	0	.4613609	.1587446	.3798945	0
401.15	0	.4613204	.1588072	.3798725	0
400.15	0	.46128	.1588693	.3798507	0
399.15	0	.4612399	.1589312	.3798289	0
398.15	0	.4612001	.1589927	.3798073	0
397.15	0	.4611605	.1590538	.3797858	0
396.15	0	.4611211	.1591146	.3797643	0
395.15	0	.461082	.159175	.379743	0
394.15	0	.4610431	.1592351	.3797218	0
393.15	0	.4610044	.1592948	.3797007	0
392.15	0	.460966	.1593543	.3796798	0
391.15	0	.4609278	.1594133	.3796589	0
390.15	0	.4608899	.159472	.3796381	0
389.15	0	.4608521	.1595304	.3796175	0
388.15	0	.4608146	.1595885	.3795969	0
387.15	0	.4607773	.1596462	.3795765	0
386.15	0	.4607403	.1597036	.3795561	0
385.15	0	.4607035	.1597607	.3795359	0
384.15	0	.4606669	.1598174	.3795157	0
383.15	0	.4606305	.1598738	.3794957	0
382.15	0	.4605943	.1599299	.3794758	0
381.15	0	.4605584	.1599857	.379456	0
380.15	0	.4605226	.1600411	.3794363	0
379.15	0	.4604871	.1600963	.3794167	0
378.15	0	.4604518	.1601511	.3793972	0
377.15	0	.4604167	.1602056	.3793778	0
376.15	0	.4603818	.1602598	.3793585	0
375.15	0	.4603471	.1603137	.3793393	0
374.15	0	.4603126	.1603673	.3793202	0
373.15	0	.4602783	.1604206	.3793012	0
372.15	0	.4602442	.1604736	.3792823	0
371.15	0	.4602103	.1605263	.3792635	0
370.15	0	.4601766	.1605787	.3792448	0
369.15	0	.4601431	.1606308	.3792262	0
368.15	0	.4601097	.1606826	.3792077	0
367.15	0	.4600766	.1607341	.3791893	0
366.15	0	.4600437	.1607854	.379171	0
365.15	0	.4600109	.1608363	.3791528	0
364.15	0	.4599783	.160887	.3791347	0
363.15	0	.4599459	.1609374	.3791167	0
362.15	0	.4599137	.1609875	.3790987	0
361.15	0	.4598817	.1610374	.3790809	0
360.15	0	.4598498	.161087	.3790632	0
359.15	0	.4598181	.1611363	.3790456	0
358.15	0	.4597866	.1611853	.379028	0
357.15	0	.4597553	.1612341	.3790106	0
356.15	0	.4597241	.1612827	.3789932	0
355.15	0	.4596931	.1613309	.378976	0
354.15	0	.4596623	.1613789	.3789588	0
353.15	0	.4596316	.1614267	.3789417	0
352.15	0	.4596011	.1614742	.3789248	0
351.15	0	.4595707	.1615214	.3789079	0
350.15	0	.4595405	.1615684	.3788911	0
349.15	0	.4595105	.1616152	.3788744	0
348.15	0	.4594805	.1616617	.3788577	0
347.15	0	.4594508	.161708	.3788412	0
346.15	0	.4594212	.1617541	.3788247	0
345.15	0	.4593918	.1617999	.3788084	0
344.15	0	.4593625	.1618454	.3787921	0
343.15	0	.4593333	.1618908	.3787759	0
342.15	0	.4593043	.1619359	.3787598	0
341.15	0	.4592754	.1619808	.3787438	0
340.15	0	.4592467	.1620255	.3787279	0
339.15	0	.4592181	.1620699	.378712	0
338.15	0	.4591896	.1621141	.3786963	0
337.15	0	.4591613	.1621581	.3786806	0
336.15	0	.4591331	.1622019	.378665	0
335.15	0	.459105	.1622455	.3786495	0
334.15	0	.4590771	.1622889	.3786341	0
333.15	0	.4590493	.1623321	.3786187	0
