T	 BPW(LIQUID)	BPW(BCC_A2)	BPW(FCC_A1)	BPW(LAVES_PHASE_C14)	BPW(NI3TI)
1473.15	0	.7148603	.2851398	0	0
1472.15	0	.7124655	.2875345	0	0
1471.15	0	.710077	.289923	0	0
1470.15	0	.7076947	.2923053	0	0
1469.15	0	.7053187	.2946813	0	0
1468.15	0	.7029489	.2970511	0	0
1467.15	0	.7005853	.2994147	0	0
1466.15	0	.6982279	.3017721	0	0
1465.15	0	.6958767	.3041234	0	0
1464.15	0	.6935316	.3064684	0	0
1463.15	0	.6911928	.3088072	0	0
1462.15	0	.6888601	.3111399	0	0
1461.15	0	.6865336	.3134664	0	0
1460.15	0	.6842133	.3157867	0	0
1459.15	0	.6818991	.3181009	0	0
1458.15	0	.679591	.320409	0	0
1457.15	0	.6772891	.3227109	0	0
1456.15	0	.6749933	.3250067	0	0
1455.15	0	.6727037	.3272963	0	0
1454.15	0	.6704201	.3295799	0	0
1453.15	0	.6681427	.3318573	0	0
1452.15	0	.6658714	.3341286	0	0
1451.15	0	.6636062	.3363939	0	0
1450.15	0	.661347	.338653	0	0
1449.15	0	.659094	.340906	0	0
1448.15	0	.656847	.343153	0	0
1447.15	0	.6546061	.3453939	0	0
1446.15	0	.6523713	.3476287	0	0
1445.15	0	.6501425	.3498575	0	0
1444.15	0	.6479198	.3520802	0	0
1443.15	0	.6457031	.3542969	0	0
1442.15	0	.6434925	.3565075	0	0
1441.15	0	.641288	.358712	0	0
1440.15	0	.6390894	.3609106	0	0
1439.15	0	.6368969	.3631031	0	0
1438.15	0	.6347104	.3652896	0	0
1437.15	0	.63253	.36747	0	0
1436.15	0	.6303555	.3696445	0	0
1435.15	0	.6281871	.3718129	0	0
1434.15	0	.6260247	.3739753	0	0
1433.15	0	.6238683	.3761317	0	0
1432.15	0	.6217178	.3782822	0	0
1431.15	0	.6195734	.3804266	0	0
1430.15	0	.617435	.382565	0	0
1429.15	0	.6153025	.3846975	0	0
1428.15	0	.6131761	.386824	0	0
1427.15	0	.6110556	.3889444	0	0
1426.15	0	.608941	.391059	0	0
1425.15	0	.6068325	.3931675	0	0
1424.15	0	.6047299	.3952701	0	0
1423.15	0	.6026333	.3973667	0	0
1422.15	0	.6005427	.3994573	0	0
1421.15	0	.598458	.401542	0	0
1420.15	0	.5963792	.4036208	0	0
1419.15	0	.5943064	.4056936	0	0
1418.15	0	.5922396	.4077604	0	0
1417.15	0	.5901787	.4098213	0	0
1416.15	0	.5881238	.4118762	0	0
1415.15	0	.5860748	.4139252	0	0
1414.15	0	.5840317	.4159683	0	0
1413.15	0	.5819946	.4180054	0	0
1412.15	0	.5799634	.4200366	0	0
1411.15	0	.5779382	.4220618	0	0
1410.15	0	.5759189	.4240811	0	0
1409.15	0	.5739055	.4260945	0	0
1408.15	0	.5718981	.428102	0	0
1407.15	0	.5698965	.4301035	0	0
1406.15	0	.5679009	.4320991	0	0
1405.15	0	.5659113	.4340887	0	0
1404.15	0	.5639275	.4360725	0	0
1403.15	0	.5619497	.4380503	0	0
1402.15	0	.5599778	.4400222	0	0
1401.15	0	.5580118	.4419882	0	0
1400.15	0	.5560518	.4439482	0	0
1399.15	0	.5540976	.4459024	0	0
1398.15	0	.5521494	.4478506	0	0
1397.15	0	.5502072	.4497928	0	0
1396.15	0	.5482708	.4517292	0	0
1395.15	0	.5463404	.4536597	0	0
1394.15	0	.5444158	.4555842	0	0
1393.15	0	.5424972	.4575028	0	0
1392.15	0	.5405846	.4594154	0	0
1391.15	0	.5386778	.4613222	0	0
1390.15	0	.536777	.463223	0	0
1389.15	0	.5348821	.4651179	0	0
1388.15	0	.5329931	.4670069	0	0
1387.15	0	.5311101	.4688899	0	0
1386.15	0	.5292329	.4707671	0	0
1385.15	0	.5273617	.4726383	0	0
1384.15	0	.5254965	.4745035	0	0
1383.15	0	.5236372	.4763628	0	0
1382.15	0	.5217838	.4782162	0	0
1381.15	0	.5199363	.4800637	0	0
1380.15	0	.5180948	.4819052	0	0
1379.15	0	.5162592	.4837408	0	0
1378.15	0	.5144296	.4855704	0	0
1377.15	0	.5126059	.4873941	0	0
1376.15	0	.5107882	.4892118	0	0
1375.15	0	.5089764	.4910236	0	0
1374.15	0	.5071705	.4928295	0	0
1373.15	0	.5053707	.4946293	0	0
1372.15	0	.5035768	.4964232	0	0
1371.15	0	.5017888	.4982112	0	0
1370.15	0	.5000068	.4999932	0	0
1369.15	0	.4982308	.5017692	0	0
1368.15	0	.4964608	.5035392	0	0
1367.15	0	.4946967	.5053033	0	0
1366.15	0	.4929386	.5070614	0	0
1365.15	0	.4911865	.5088135	0	0
1364.15	0	.4894404	.5105596	0	0
1363.15	0	.4877003	.5122997	0	0
1362.15	0	.4859662	.5140338	0	0
1361.15	0	.4842381	.5157619	0	0
1360.15	0	.482516	.517484	0	0
1359.15	0	.4807999	.5192001	0	0
1358.15	0	.4790898	.5209102	0	0
1357.15	0	.4773858	.5226142	0	0
1356.15	0	.4756878	.5243122	0	0
1355.15	0	.4739958	.5260042	0	0
1354.15	0	.4723099	.5276901	0	0
1353.15	0	.47063	.52937	0	0
1352.15	0	.4689561	.5310439	0	0
1351.15	0	.4672884	.5327116	0	0
1350.15	0	.4656266	.5343734	0	0
1349.15	0	.463971	.536029	0	0
1348.15	0	.4623214	.5376786	0	0
1347.15	0	.4606779	.5393221	0	0
1346.15	0	.4590406	.5409595	0	0
1345.15	0	.4574092	.5425908	0	0
1344.15	0	.4557841	.5442159	0	0
1343.15	0	.454165	.545835	0	0
1342.15	0	.452552	.547448	0	0
1341.15	0	.4509452	.5490548	0	0
1340.15	0	.4493445	.5506555	0	0
1339.15	0	.44775	.55225	0	0
1338.15	0	.4461616	.5538384	0	0
1337.15	0	.4445793	.5554207	0	0
1336.15	0	.4430033	.5569967	0	0
1335.15	0	.4414334	.5585666	0	0
1334.15	0	.4398697	.5601303	0	0
1333.15	0	.4383122	.5616879	0	0
1332.15	0	.4367609	.5632392	0	0
1331.15	0	.4352158	.5647843	0	0
1330.15	0	.4336769	.5663231	0	0
1329.15	0	.4321442	.5678558	0	0
1328.15	0	.4306178	.5693822	0	0
1327.15	0	.4290977	.5709023	0	0
1326.15	0	.4275838	.5724162	0	0
1325.15	0	.4260762	.5739238	0	0
1324.15	0	.4245749	.5754251	0	0
1323.15	0	.4230798	.5769202	0	0
1322.15	0	.4215911	.5784089	0	0
1321.15	0	.4201086	.5798914	0	0
1320.15	0	.4186325	.5813675	0	0
1319.15	0	.4171628	.5828372	0	0
1318.15	0	.4156993	.5843007	0	0
1317.15	0	.4142423	.5857577	0	0
1316.15	0	.4127916	.5872084	0	0
1315.15	0	.4113473	.5886527	0	0
1314.15	0	.4099094	.5900906	0	0
1313.15	0	.4084778	.5915222	0	0
1312.15	0	.4070528	.5929473	0	0
1311.15	0	.4056341	.5943659	0	0
1310.15	0	.4042219	.5957781	0	0
1309.15	0	.4028161	.5971839	0	0
1308.15	0	.4014168	.5985832	0	0
1307.15	0	.400024	.599976	0	0
1306.15	0	.3986377	.6013623	0	0
1305.15	0	.3972579	.6027421	0	0
1304.15	0	.3958846	.6041154	0	0
1303.15	0	.3945178	.6054822	0	0
1302.15	0	.3931576	.6068424	0	0
1301.15	0	.391804	.608196	0	0
1300.15	0	.3904569	.6095431	0	0
1299.15	0	.3891165	.6108835	0	0
1298.15	0	.3877826	.6122174	0	0
1297.15	0	.3864554	.6135446	0	0
1296.15	0	.3851348	.6148652	0	0
1295.15	0	.3838208	.6161792	0	0
1294.15	0	.3825136	.6174864	0	0
1293.15	0	.381213	.618787	0	0
1292.15	0	.3799191	.6200809	0	0
1291.15	0	.3786319	.6213681	0	0
1290.15	0	.3773515	.6226485	0	0
1289.15	0	.3760778	.6239222	0	0
1288.15	0	.3748108	.6251892	0	0
1287.15	0	.3735507	.6264493	0	0
1286.15	0	.3722974	.6277027	0	0
1285.15	0	.3710508	.6289492	0	0
1284.15	0	.3698111	.6301889	0	0
1283.15	0	.3685783	.6314217	0	0
1282.15	0	.3673523	.6326477	0	0
1281.15	0	.3661332	.6338668	0	0
1280.15	0	.364921	.635079	0	0
1279.15	0	.3637157	.6362843	0	0
1278.15	0	.3625174	.6374826	0	0
1277.15	0	.361326	.638674	0	0
1276.15	0	.3601416	.6398584	0	0
1275.15	0	.3589642	.6410358	0	0
1274.15	0	.3577938	.6422062	0	0
1273.15	0	.3566304	.6433696	0	0
1272.15	0	.3554741	.6445259	0	0
1271.15	0	.3543249	.6456751	0	0
1270.15	0	.3531828	.6468172	0	0
1269.15	0	.3520478	.6479523	0	0
1268.15	0	.3509199	.6490802	0	0
1267.15	0	.3497991	.6502009	0	0
1266.15	0	.3486856	.6513145	0	0
1265.15	0	.3475792	.6524208	0	0
1264.15	0	.34648	.65352	0	0
1263.15	0	.3453881	.6546119	0	0
1262.15	0	.3443034	.6556966	0	0
1261.15	0	.3432261	.656774	0	0
1260.15	0	.342156	.657844	0	0
1259.15	0	.3410932	.6589068	0	0
1258.15	0	.3400378	.6599622	0	0
1257.15	0	.3389897	.6610103	0	0
1256.15	0	.3379491	.6620509	0	0
1255.15	0	.3369158	.6630842	0	0
1254.15	0	.33589	.66411	0	0
1253.15	0	.3348717	.6651283	0	0
1252.15	0	.3338608	.6661392	0	0
1251.15	0	.3328574	.6671426	0	0
1250.15	0	.3318616	.6681384	0	0
1249.15	0	.3308733	.6691267	0	0
1248.15	0	.3298926	.6701074	0	0
1247.15	0	.3289194	.6710806	0	0
1246.15	0	.3279539	.6720461	0	0
1245.15	0	.3269961	.6730039	0	0
1244.15	0	.3260459	.6739541	0	0
1243.15	0	.3251035	.6748966	0	0
1242.15	0	.3241687	.6758313	0	0
1241.15	0	.3232417	.6767583	0	0
1240.15	0	.3223225	.6776775	0	0
1239.15	0	.321411	.678589	0	0
1238.15	0	.3205074	.6794926	0	0
1237.15	0	.3196117	.6803883	0	0
1236.15	0	.3187238	.6812762	0	0
1235.15	0	.3178438	.6821562	0	0
1234.15	0	.3169717	.6830283	0	0
1233.15	0	.3161077	.6838923	0	0
1232.15	0	.3152515	.6847485	0	0
1231.15	0	.3144035	.6855966	0	0
1230.15	0	.3135634	.6864366	0	0
1229.15	0	.3127314	.6872686	0	0
1228.15	0	.3119075	.6880925	0	0
1227.15	0	.3110917	.6889083	0	0
1226.15	0	.3102841	.6897159	0	0
1225.15	0	.3094846	.6905154	0	0
1224.15	0	.3086934	.6913066	0	0
1223.15	0	.3079103	.6920897	0	0
1222.15	0	.3071356	.6928644	0	0
1221.15	0	.3063691	.6936309	0	0
1220.15	0	.305611	.694389	0	0
1219.15	0	.3048612	.6951388	0	0
1218.15	0	.3041198	.6958802	0	0
1217.15	0	.3033868	.6966132	0	0
1216.15	0	.3026622	.6973378	0	0
1215.15	0	.3019461	.6980539	0	0
1214.15	0	.3012385	.6987615	0	0
1213.15	0	.3005394	.6994606	0	0
1212.15	0	.2998489	.7001511	0	0
1211.15	0	.299167	.700833	0	0
1210.15	0	.2984937	.7015063	0	0
1209.15	0	.297829	.702171	0	0
1208.15	0	.2971731	.7028269	0	0
1207.15	0	.2965258	.7034742	0	0
1206.15	0	.2958873	.7041127	0	0
1205.15	0	.2952576	.7047424	0	0
1204.15	0	.2946366	.7053634	0	0
1203.15	0	.2940245	.7059755	0	0
1202.15	0	.2934213	.7065787	0	0
1201.15	0	.292827	.707173	0	0
1200.15	0	.2922417	.7077583	0	0
1199.15	0	.2916653	.7083348	0	0
1198.15	0	.2910979	.7089022	0	0
1197.15	0	.2905395	.7094605	0	0
1196.15	0	.2899902	.7100098	0	0
1195.15	0	.28945	.71055	0	0
1194.428	0	.2890659	.7109341	0	0
1194.428	0	.2890659	.7109341	0	0
1194.428	0	.2890659	.7109341	0	0
1194.15	0	.2886581	.7112382	1.03718E-04	0
1193.15	0	.2872013	.7123233	4.753632E-04	0
1192.15	0	.2857565	.7133978	8.457127E-04	0
1191.15	0	.2843237	.7144615	.00121477	0
1190.15	0	.282903	.7155145	.001582537	0
1189.15	0	.2814944	.7165566	.001949017	0
1188.15	0	.2800979	.7175879	.002314214	0
1187.15	0	.2787137	.7186081	.002678131	0
1186.15	0	.2773418	.7196174	.00304077	0
1185.15	0	.2759822	.7206156	.003402135	0
1184.15	0	.274635	.7216027	.003762228	0
1183.15	0	.2733003	.7225786	.004121052	0
1182.15	0	.2719781	.7235433	.004478611	0
1181.15	0	.2706684	.7244967	.004834907	0
1180.15	0	.2693713	.7254388	.005189943	0
1179.15	0	.2680869	.7263694	.005543722	0
1178.15	0	.2668152	.7272886	.005896247	0
1177.15	0	.2655563	.7281962	.006247521	0
1176.15	0	.2643102	.7290922	.006597547	0
1175.15	0	.263077	.7299766	.006946327	0
1174.15	0	.2618568	.7308493	.007293865	0
1173.15	0	.2606496	.7317102	.007640163	0
1172.15	0	.2594555	.7325593	.007985224	0
1171.15	0	.2582745	.7333964	.008329051	0
1170.15	0	.2571067	.7342216	.008671647	0
1169.15	0	.2559522	.7350348	.009013014	0
1168.15	0	.2548109	.7358359	.009353155	0
1167.15	0	.2536831	.7366248	.009692073	0
1166.15	0	.2525687	.7374016	.01002977	0
1165.15	0	.2514677	.738166	.01036625	0
1164.15	0	.2503804	.7389181	.01070152	0
1163.15	0	.2493067	.7396578	.01103557	0
1162.15	0	.2482466	.740385	.01136842	0
1161.15	0	.2472003	.7410996	.01170005	0
1160.15	0	.2461678	.7418017	.01203049	0
1159.15	0	.2451492	.7424911	.01235972	0
1158.15	0	.2441445	.7431677	.01268776	0
1157.15	0	.2431539	.7438315	.01301459	0
1156.15	0	.2421773	.7444825	.01334024	0
1155.15	0	.2412148	.7451205	.01366469	0
1154.15	0	.2402665	.7457456	.01398797	0
1153.15	0	.2393325	.7463575	.01431005	0
1152.15	0	.2384128	.7469563	.01463095	0
1151.15	0	.2375075	.7475418	.01495067	0
1150.15	0	.2366167	.7481141	.01526921	0
1149.15	0	.2357404	.748673	.01558658	0
1148.15	0	.2348787	.7492185	.01590278	0
1147.15	0	.2340316	.7497506	.01621781	0
1146.15	0	.2331993	.750269	.01653167	0
1145.15	0	.2323818	.7507738	.01684437	0
1144.15	0	.2315791	.751265	.0171559	0
1143.15	0	.2307914	.7517423	.01746628	0
1142.15	0	.2300187	.7522058	.0177755	0
1141.15	0	.229261	.7526555	.01808357	0
1140.15	0	.2285184	.7530911	.01839049	0
1139.15	0	.2277911	.7535127	.01869626	0
1138.15	0	.227079	.7539202	.01900088	0
1137.15	0	.2263822	.7543134	.01930436	0
1136.15	0	.2257008	.7546925	.0196067	0
1135.15	0	.2250349	.7550572	.01990791	0
1134.15	0	.2243846	.7554075	.02020798	0
1133.15	0	.2237498	.7557433	.02050691	0
1132.15	0	.2231307	.7560646	.02080472	0
1131.15	0	.2225273	.7563713	.0211014	0
1130.15	0	.2219397	.7566633	.02139696	0
1129.15	0	.2213681	.7569406	.02169139	0
1128.15	0	.2208123	.757203	.02198471	0
1127.15	0	.2202725	.7574506	.02227691	0
1126.15	0	.2197488	.7576832	.02256799	0
1125.15	0	.2192413	.7579008	.02285797	0
1124.15	0	.2187499	.7581032	.02314683	0
1123.15	0	.2182748	.7582906	.02343459	0
1122.15	0	.2178161	.7584627	.02372125	0
1121.15	0	.2173737	.7586195	.02400681	0
1120.15	0	.2169478	.7587609	.02429127	0
1119.15	0	.2165385	.7588869	.02457463	0
1118.15	0	.2161457	.7589974	.02485691	0
1117.15	0	.2157696	.7590923	.02513809	0
1116.15	0	.2154102	.7591716	.02541819	0
1115.15	0	.2150676	.7592352	.0256972	0
1114.15	0	.2147419	.759283	.02597513	0
1113.15	0	.214433	.759315	.02625198	0
1112.15	0	.2141411	.7593311	.02652776	0
1111.15	0	.2138663	.7593312	.02680247	0
1110.15	0	.2136086	.7593153	.0270761	0
1109.15	0	.213368	.7592834	.02734866	0
1108.15	0	.2131446	.7592352	.02762017	0
1107.15	0	.2129385	.7591709	.02789061	0
1106.15	0	.2127497	.7590903	.02815999	0
1105.15	0	.2125783	.7589933	.02842831	0
1104.15	0	.2124244	.75888	.02869558	0
1103.15	0	.212288	.7587502	.0289618	0
1102.15	0	.2121691	.7586039	.02922697	0
1101.15	0	.2120679	.758441	.0294911	0
1100.15	0	.2119843	.7582615	.02975418	0
1099.15	0	.2119184	.7580653	.03001623	0
1098.15	0	.2118703	.7578524	.03027723	0
1097.15	0	.2118401	.7576227	.03053721	0
1096.15	0	.2118277	.7573762	.03079615	0
1095.15	0	.2118332	.7571127	.03105407	0
1094.15	0	.2118567	.7568323	.03131096	0
1093.15	0	.2118983	.7565349	.03156683	0
1092.15	0	.2119579	.7562204	.03182168	0
1091.15	0	.2120356	.7558889	.03207552	0
1090.15	0	.2121315	.7555402	.03232834	0
1089.15	0	.2122455	.7551743	.03258015	0
1088.15	0	.2123778	.7547912	.03283095	0
1087.15	0	.2125284	.7543908	.03308075	0
1086.15	0	.2126974	.7539731	.03332955	0
1085.15	0	.2128847	.753538	.03357735	0
1084.15	0	.2130903	.7530855	.03382416	0
1083.15	0	.2133145	.7526156	.03406997	0
1082.15	0	.213557	.7521282	.0343148	0
1081.15	0	.2138181	.7516233	.03455863	0
1080.15	0	.2140977	.7511008	.03480149	0
1079.15	0	.2143959	.7505607	.03504336	0
1078.15	0	.2147127	.7500031	.03528426	0
1077.15	0	.215048	.7494278	.03552419	0
1076.15	0	.2154021	.7488348	.03576314	0
1075.15	0	.2157748	.7482241	.03600113	0
1074.15	0	.2161661	.7475957	.03623815	0
1073.15	0	.2165762	.7469496	.03647421	0
1072.15	0	.217005	.7462857	.03670931	0
1071.15	0	.2174526	.745604	.03694346	0
1070.15	0	.2179189	.7449044	.03717665	0
1069.15	0	.218404	.7441871	.03740889	0
1068.15	0	.2189079	.7434519	.03764019	0
1067.15	0	.2194305	.7426989	.03787055	0
1066.15	0	.219972	.741928	.03809997	0
1065.15	0	.2205323	.7411393	.03832845	0
1064.15	0	.2211114	.7403326	.03855599	0
1063.15	0	.2217093	.7395081	.03878261	0
1062.15	0	.222326	.7386657	.0390083	0
1061.15	0	.2229616	.7378054	.03923306	0
1060.15	0	.2236159	.7369272	.03945691	0
1059.15	0	.2242891	.7360311	.03967984	0
1058.15	0	.2249811	.7351171	.03990185	0
1057.15	0	.2256918	.7341853	.04012295	0
1056.15	0	.2264213	.7332356	.04034314	0
1055.15	0	.2271696	.732268	.04056243	0
1054.15	0	.2279366	.7312826	.04078081	0
1053.15	0	.2287224	.7302793	.0409983	0
1052.15	0	.2295268	.7292583	.04121488	0
1051.15	0	.23035	.7282194	.04143058	0
1050.15	0	.2311918	.7271628	.04164539	0
1049.15	0	.2320522	.7260885	.04185931	0
1048.15	0	.2329312	.7249964	.04207234	0
1047.15	0	.2338288	.7238867	.0422845	0
1046.15	0	.234745	.7227593	.04249577	0
1045.15	0	.2356796	.7216142	.04270617	0
1044.15	0	.2366327	.7204516	.0429157	0
1043.15	0	.2376042	.7192714	.04312436	0
1042.15	0	.2385941	.7180737	.04333216	0
1041.15	0	.2396023	.7168586	.04353909	0
1040.15	0	.2406288	.715626	.04374516	0
1039.15	0	.2416735	.7143761	.04395037	0
1038.15	0	.2427364	.7131089	.04415473	0
1037.15	0	.2438174	.7118243	.04435823	0
1036.15	0	.2449165	.7105226	.04456089	0
1035.15	0	.2460336	.7092037	.0447627	0
1034.15	0	.2471686	.7078678	.04496366	0
1033.15	0	.2483215	.7065148	.04516379	0
1032.15	0	.2494922	.7051448	.04536307	0
1031.15	0	.2506806	.7037579	.04556152	0
1030.15	0	.2518866	.7023542	.04575914	0
1029.15	0	.2531103	.7009338	.04595592	0
1028.15	0	.2543515	.6994967	.04615188	0
1027.15	0	.25561	.698043	.046347	0
1026.15	0	.256886	.6965727	.04654131	0
1025.15	0	.2581792	.6950861	.04673479	0
1024.15	0	.2594895	.693583	.04692745	0
1023.15	0	.2608169	.6920637	.04711929	0
1022.15	0	.2621614	.6905283	.04731032	0
1021.15	0	.2635227	.6889768	.04750054	0
1020.15	0	.2649008	.6874093	.04768994	0
1019.15	0	.2662956	.6858259	.04787853	0
1018.15	0	.267707	.6842267	.04806632	0
1017.15	0	.2691349	.6826119	.0482533	0
1016.15	0	.2705791	.6809814	.04843947	0
1015.15	0	.2720396	.6793355	.04862484	0
1014.15	0	.2735163	.6776743	.04880941	0
1013.15	0	.275009	.6759978	.04899318	0
1012.15	0	.2765177	.6743062	.04917614	0
1011.15	0	.2780421	.6725996	.04935831	0
1010.15	0	.2795822	.6708781	.04953969	0
1009.15	0	.2811379	.6691418	.04972027	0
1008.15	0	.2827091	.6673909	.04990005	0
1007.15	0	.2842955	.6656254	.05007904	0
1006.15	0	.2858971	.6638456	.05025724	0
1005.15	0	.2875138	.6620516	.05043464	0
1004.15	0	.2891454	.6602434	.05061125	0
1003.15	0	.2907917	.6584212	.05078707	0
1002.15	0	.2924527	.6565852	.0509621	0
1001.15	0	.2941282	.6547355	.05113633	0
1000.15	0	.295818	.6528722	.05130978	0
999.15	0	.297522	.6509955	.05148243	0
998.15	0	.2992401	.6491056	.05165429	0
997.15	0	.3009721	.6472025	.05182536	0
996.15	0	.3027179	.6452865	.05199563	0
995.15	0	.3044772	.6433577	.05216511	0
994.15	0	.30625	.6414162	.0523338	0
993.15	0	.3080361	.6394622	.05250169	0
992.15	0	.3098354	.6374959	.05266878	0
991.15	0	.3116476	.6355174	.05283508	0
990.15	0	.3134726	.6335268	.05300057	0
989.15	0	.3153103	.6315245	.05316526	0
988.15	0	.3171604	.6295105	.05332915	0
987.15	0	.3190228	.6274849	.05349224	0
986.15	0	.3208974	.6254481	.05365451	0
985.15	0	.322784	.6234	.05381598	0
984.15	0	.3246824	.621341	.05397663	0
983.15	0	.3265924	.6192712	.05413646	0
982.15	0	.3285138	.6171907	.05429548	0
981.15	0	.3304465	.6150998	.05445367	0
980.15	0	.3323903	.6129986	.05461104	0
979.15	0	.334345	.6108874	.05476758	0
978.15	0	.3363105	.6087662	.05492328	0
977.15	0	.3382865	.6066354	.05507815	0
976.15	0	.3402728	.604495	.05523217	0
975.15	0	.3422694	.6023453	.05538534	0
974.15	0	.3442759	.6001865	.05553766	0
973.15	0	.3462922	.5980187	.05568912	0
972.15	0	.3483181	.5958421	.05583972	0
971.15	0	.3503535	.5936571	.05598944	0
970.15	0	.3523981	.5914637	.05613829	0
969.15	0	.3544517	.5892621	.05628626	0
968.15	0	.3565141	.5870526	.05643333	0
967.15	0	.3585852	.5848353	.05657951	0
966.15	0	.3606647	.5826105	.05672478	0
965.15	0	.3627525	.5803784	.05686914	0
964.15	0	.3648483	.5781392	.05701257	0
963.15	0	.3669519	.575893	.05715507	0
962.15	0	.3690632	.5736402	.05729664	0
961.15	0	.3711819	.5713809	.05743725	0
960.15	0	.3733078	.5691153	.0575769	0
959.15	0	.3754408	.5668436	.05771558	0
958.15	0	.3775806	.5645661	.05785328	0
957.15	0	.379576	.5624237	.05800034	0
956.15	0	.3815942	.5602601	.05814572	0
955.15	0	.3836429	.5580683	.05828882	0
954.15	0	.3857204	.5558499	.05842968	0
953.15	0	.3878254	.5536063	.05856836	0
952.15	0	.3899562	.551339	.05870487	0
951.15	0	.3921113	.5490494	.05883926	0
950.15	0	.3942895	.546739	.05897156	0
949.15	0	.3964893	.5444089	.05910179	0
948.15	0	.3987094	.5420606	.05922999	0
947.15	0	.4009487	.5396951	.05935619	0
946.15	0	.4032058	.5373138	.0594804	0
945.15	0	.4054795	.5349178	.05960265	0
944.15	0	.4077688	.5325082	.05972296	0
943.15	0	.4100726	.5300861	.05984135	0
942.15	0	.4123897	.5276525	.05995784	0
941.15	0	.4147192	.5252084	.06007245	0
940.15	0	.41706	.5227548	.0601852	0
939.15	0	.4194112	.5202927	.06029609	0
938.15	0	.4217719	.517823	.06040515	0
937.15	0	.4241411	.5153465	.06051239	0
936.15	0	.426518	.5128642	.06061782	0
935.15	0	.4289018	.5103768	.06072146	0
934.15	0	.4312916	.5078851	.0608233	0
933.15	0	.4336867	.50539	.06092338	0
932.15	0	.4360862	.5028921	.06102169	0
931.15	0	.4384895	.5003922	.06111825	0
930.15	0	.4408959	.497891	.06121306	0
929.15	0	.4433047	.4953892	.06130613	0
928.15	0	.4457151	.4928874	.06139747	0
927.15	0	.4481266	.4903863	.06148708	0
926.15	0	.4505386	.4878864	.06157499	0
925.15	0	.4529504	.4853885	.06166118	0
924.15	0	.4553614	.4828929	.06174567	0
923.15	0	.4577712	.4804004	.06182846	0
922.15	0	.4601791	.4779114	.06190956	0
921.15	0	.4625846	.4754264	.06198898	0
920.15	0	.4649872	.4729461	.06206671	0
919.15	0	.4673865	.4704707	.06214276	0
918.15	0	.4697819	.4680009	.06221715	0
917.15	0	.472173	.4655371	.06228986	0
916.15	0	.4745594	.4630797	.06236092	0
915.15	0	.4769405	.4606292	.06243031	0
914.15	0	.479316	.4581859	.06249805	0
913.15	0	.4816855	.4557503	.06256414	0
912.15	0	.4840486	.4533228	.06262859	0
911.15	0	.486405	.4509037	.06269139	0
910.15	0	.4887541	.4484934	.06275255	0
909.15	0	.4910957	.4460922	.06281209	0
908.15	0	.4934295	.4437005	.06286999	0
907.15	0	.4957551	.4413187	.06292626	0
906.15	0	.4980721	.438947	.06298092	0
905.15	0	.5003803	.4365858	.06303396	0
904.15	0	.5026793	.4342353	.06308539	0
903.15	0	.5049689	.4318959	.06313521	0
902.15	0	.5072488	.4295678	.06318343	0
901.15	0	.5095186	.4272513	.06323005	0
900.15	0	.5117782	.4249468	.06327508	0
899.15	0	.5140272	.4226543	.06331852	0
898.15	0	.5162654	.4203742	.06336039	0
897.15	0	.5184925	.4181068	.06340067	0
896.15	0	.5207084	.4158522	.06343939	0
895.15	0	.5229128	.4136107	.06347654	0
894.15	0	.5251054	.4113825	.06351214	0
893.15	0	.527286	.4091678	.06354618	0
892.15	0	.5294545	.4069668	.06357869	0
891.15	0	.5316106	.4047798	.06360966	0
890.15	0	.5337541	.4026069	.0636391	0
889.15	0	.5358848	.4004482	.06366702	0
888.15	0	.5380025	.398304	.06369342	0
887.15	0	.5401072	.3961745	.06371833	0
886.15	0	.5421985	.3940598	.06374174	0
885.15	0	.5442763	.3919601	.06376366	0
884.15	0	.5463405	.3898754	.06378412	0
883.15	0	.5483908	.3878061	.0638031	0
882.15	0	.5504273	.3857521	.06382063	0
881.15	0	.5524496	.3837137	.06383671	0
880.15	0	.5544577	.381691	.06385136	0
879.15	0	.5564514	.3796841	.06386458	0
878.15	0	.5584306	.377693	.0638764	0
877.15	0	.5603952	.375718	.06388681	0
876.15	0	.562345	.3737592	.06389584	0
875.15	0	.56428	.3718165	.06390349	0
874.15	0	.5662	.3698902	.06390978	0
873.15	0	.568105	.3679803	.06391471	0
872.15	0	.5699948	.3660869	.06391832	0
871.15	0	.5718693	.3642101	.0639206	0
870.15	0	.5737286	.3623498	.06392157	0
869.15	0	.5755724	.3605063	.06392125	0
868.15	0	.5774008	.3586796	.06391964	0
867.15	0	.5792136	.3568696	.06391678	0
866.15	0	.5810109	.3550765	.06391266	0
865.15	0	.5827924	.3533003	.0639073	0
864.15	0	.5845583	.351541	.06390073	0
863.15	0	.5863084	.3497987	.06389295	0
862.15	0	.5880427	.3480733	.06388398	0
861.15	0	.5897613	.3463649	.06387384	0
860.15	0	.5914639	.3446735	.06386254	0
859.15	0	.5931507	.3429992	.06385011	0
858.15	0	.5948217	.3413418	.06383654	0
857.15	0	.5964768	.3397014	.06382187	0
856.15	0	.5981159	.338078	.0638061	0
855.15	0	.5997392	.3364715	.06378926	0
854.15	0	.6013467	.334882	.06377136	0
853.15	0	.6029383	.3333093	.06375241	0
852.15	0	.604514	.3317535	.06373244	0
851.15	0	.606074	.3302146	.06371146	0
850.15	0	.6076181	.3286924	.06368948	0
849.15	0	.6091466	.3271869	.06366652	0
848.15	0	.6106593	.3256981	.0636426	0
847.15	0	.6121564	.3242258	.06361774	0
846.15	0	.613638	.3227701	.06359194	0
845.15	0	.6151039	.3213308	.06356523	0
844.15	0	.6165544	.3199079	.06353762	0
843.15	0	.6179895	.3185013	.06350913	0
842.15	0	.6194093	.3171109	.06347977	0
841.15	0	.6208139	.3157366	.06344955	0
840.15	0	.6222032	.3143783	.0634185	0
839.15	0	.6235775	.3130359	.06338663	0
838.15	0	.6249368	.3117093	.06335394	0
837.15	0	.6262812	.3103984	.06332047	0
836.15	0	.6276108	.309103	.06328621	0
835.15	0	.6289257	.3078232	.06325119	0
834.15	0	.6302259	.3065586	.06321542	0
833.15	0	.6315118	.3053094	.0631789	0
832.15	0	.6327832	.3040752	.06314167	0
831.15	0	.6340404	.3028559	.06310372	0
830.15	0	.6352834	.3016515	.06306507	0
829.15	0	.6365124	.3004619	.06302573	0
828.15	0	.6377275	.2992868	.06298572	0
827.15	0	.6389289	.2981261	.06294504	0
826.15	0	.6401166	.2969797	.06290372	0
825.15	0	.6412907	.2958475	.06286175	0
824.15	0	.6424515	.2947293	.06281915	0
823.15	0	.6435991	.293625	.06277594	0
822.15	0	.6447335	.2925344	.06273212	0
821.15	0	.6458549	.2914574	.0626877	0
820.15	0	.6469635	.2903938	.0626427	0
819.15	0	.6480594	.2893435	.06259711	0
818.15	0	.6491427	.2883063	.06255096	0
817.15	0	.6502136	.2872821	.06250426	0
816.15	0	.6512722	.2862708	.062457	0
815.15	0	.6523186	.2852722	.0624092	0
814.15	0	.6533531	.2842861	.06236088	0
813.15	0	.6543756	.2833123	.06231203	0
812.15	0	.6553865	.2823508	.06226266	0
811.15	0	.6563858	.2814015	.06221279	0
810.15	0	.6573736	.280464	.06216241	0
809.15	0	.6583501	.2795383	.06211155	0
808.15	0	.6593155	.2786243	.0620602	0
807.15	0	.6602698	.2777218	.06200838	0
806.15	0	.6612132	.2768307	.06195609	0
805.15	0	.662146	.2759507	.06190333	0
804.5017	0	.662745	.2753861	.06186888	0
804.5017	0	.662745	.2753861	.06186888	0
804.5017	0	.662745	.2753861	.06186888	0
804.15	0	.6648212	.2727507	.06118369	.001244384
803.15	0	.6706177	.2653774	.05925873	.004746245
802.15	0	.6762594	.2581777	.05736765	.008195172
801.15	0	.6817512	.2511468	.05550962	.01159239
800.15	0	.6870974	.2442797	.05368386	.01493909
799.15	0	.6923024	.2375717	.05188959	.0182364
798.15	0	.6973703	.2310182	.05012607	.02148544
797.15	0	.7023053	.2246149	.0483926	.02468725
796.15	0	.707111	.2183576	.04668848	.02784287
795.15	0	.7117914	.2122423	.04501303	.0309533
794.15	0	.7163499	.206265	.04336563	.03401948
793.15	0	.72079	.2004221	.04174563	.03704235
792.15	0	.725115	.1947097	.04015243	.04002281
791.15	0	.7293283	.1891246	.03858544	.04296172
790.15	0	.7334328	.1836632	.0370441	.04585993
789.15	0	.7374316	.1783223	.03552785	.04871826
788.15	0	.7413276	.1730987	.03403615	.0515375
787.15	0	.7451236	.1679895	.03256847	.05431842
786.15	0	.7488224	.1629916	.03112432	.05706177
785.15	0	.7524264	.1581021	.0297032	.05976828
784.15	0	.7559384	.1533183	.02830462	.06243864
783.15	0	.7593608	.1486376	.02692813	.06507354
782.15	0	.7626959	.1440572	.02557326	.06767366
781.15	0	.765946	.1395747	.02423958	.07023964
780.15	0	.7691135	.1351877	.02292664	.07277212
779.15	0	.7722005	.1308938	.02163405	.0752717
778.15	0	.775209	.1266906	.02036136	.077739
777.15	0	.7781412	.122576	.01910821	.08017459
776.15	0	.780999	.1185478	.01787418	.08257905
775.15	0	.7837844	.1146038	.0166589	.08495293
774.15	0	.7864992	.110742	.01546199	.08729679
773.15	0	.7891453	.1069605	.0142831	.08961114
772.15	0	.7917243	.1032573	.01312186	.09189651
771.15	0	.7942381	.09963051	.01197794	.09415341
770.15	0	.7966884	.09607831	.01085097	.09638233
769.15	0	.7990767	.09259892	.009740647	.09858376
768.15	0	.8014046	.08919061	.008646627	.1007582
767.15	0	.8036737	.08585169	.007568597	.102906
766.15	0	.8058854	.08258053	.006506244	.1050278
765.15	0	.8080413	.07937552	.005459261	.1071239
764.15	0	.8101428	.07623509	.00442735	.1091948
763.15	0	.8121911	.07315774	.003410215	.1112409
762.15	0	.8141878	.07014199	.00240757	.1132627
761.15	0	.816134	.06718638	.001419133	.1152605
760.15	0	.8180312	.06428952	4.446263E-04	.1172347
759.689	0	.8188895	.06297348	0	.118137
759.689	0	.8188895	.06297348	0	.118137
759.15	0	.8189594	.06276131	0	.1182793
758.15	0	.8190844	.06237636	0	.1185393
757.15	0	.8192037	.06200249	0	.1187938
756.15	0	.8193174	.06163946	0	.1190432
755.15	0	.8194256	.06128703	0	.1192874
754.15	0	.8195285	.06094497	0	.1195266
753.15	0	.8196262	.06061306	0	.1197608
752.15	0	.8197188	.06029108	0	.1199901
751.15	0	.8198065	.0599788	0	.1202147
750.15	0	.8198894	.05967602	0	.1204346
749.15	0	.8199675	.05938252	0	.12065
748.15	0	.8200411	.05909812	0	.1208608
747.15	0	.8201102	.0588226	0	.1210672
746.15	0	.8201749	.05855578	0	.1212693
745.15	0	.8202353	.05829747	0	.1214672
744.15	0	.8202917	.05804747	0	.1216609
743.15	0	.8203439	.05780561	0	.1218505
742.15	0	.8203922	.05757171	0	.1220361
741.15	0	.8204366	.05734559	0	.1222178
740.15	0	.8204772	.05712709	0	.1223957
739.15	0	.8205142	.05691604	0	.1225697
738.15	0	.8205476	.05671227	0	.1227401
737.15	0	.8205775	.05651562	0	.1229069
736.15	0	.8206039	.05632595	0	.1230701
735.15	0	.820627	.05614309	0	.1232299
734.15	0	.8206469	.0559669	0	.1233862
733.15	0	.8206636	.05579722	0	.1235392
732.15	0	.8206772	.05563393	0	.1236889
731.15	0	.8206877	.05547687	0	.1238354
730.15	0	.8206953	.05532591	0	.1239788
729.15	0	.8207	.05518091	0	.1241191
728.15	0	.8207019	.05504175	0	.1242563
727.15	0	.820701	.0549083	0	.1243907
726.15	0	.8206975	.05478043	0	.1245221
725.15	0	.8206914	.05465801	0	.1246507
724.15	0	.8206826	.05454093	0	.1247764
723.15	0	.8206714	.05442907	0	.1248995
722.15	0	.8206577	.05432231	0	.1250199
721.15	0	.8206417	.05422054	0	.1251378
720.15	0	.8206233	.05412365	0	.125253
719.15	0	.8206027	.05403153	0	.1253658
718.15	0	.8205799	.05394409	0	.1254761
717.15	0	.8205548	.0538612	0	.1255839
716.15	0	.8205277	.05378278	0	.1256895
715.15	0	.8204985	.05370872	0	.1257928
714.15	0	.8204673	.05363893	0	.1258937
713.15	0	.8204342	.05357331	0	.1259925
712.15	0	.8203991	.05351176	0	.1260892
711.15	0	.8203621	.05345421	0	.1261837
710.15	0	.8203233	.05340056	0	.1262762
709.15	0	.8202827	.05335071	0	.1263666
708.15	0	.8202404	.0533046	0	.126455
707.15	0	.8201963	.05326213	0	.1265415
706.15	0	.8201506	.05322322	0	.1266261
705.15	0	.8201033	.0531878	0	.1267089
704.15	0	.8200544	.05315578	0	.1267898
703.15	0	.8200039	.0531271	0	.126869
702.15	0	.8199519	.05310166	0	.1269464
701.15	0	.8198985	.05307941	0	.1270221
700.15	0	.8198436	.05306027	0	.1270962
699.15	0	.8197872	.05304417	0	.1271686
698.15	0	.8197295	.05303104	0	.1272394
697.15	0	.8196705	.05302081	0	.1273087
696.15	0	.8196101	.05301343	0	.1273764
695.15	0	.8195485	.05300882	0	.1274427
694.15	0	.8194856	.05300692	0	.1275075
693.15	0	.8194215	.05300767	0	.1275708
692.15	0	.8193562	.05301102	0	.1276328
691.15	0	.8192897	.05301689	0	.1276934
690.15	0	.8192221	.05302524	0	.1277527
689.15	0	.8191533	.05303601	0	.1278106
688.15	0	.8190835	.05304914	0	.1278673
687.15	0	.8190127	.05306458	0	.1279228
686.15	0	.8189407	.05308228	0	.127977
685.15	0	.8188678	.05310218	0	.12803
684.15	0	.8187939	.05312424	0	.1280819
683.15	0	.818719	.05314839	0	.1281326
682.15	0	.8186432	.05317461	0	.1281822
681.15	0	.8185665	.05320283	0	.1282307
680.15	0	.8184889	.05323302	0	.1282781
679.15	0	.8184104	.05326512	0	.1283245
678.15	0	.818331	.05329909	0	.1283699
677.15	0	.8182508	.05333489	0	.1284143
676.15	0	.8181698	.05337247	0	.1284577
675.15	0	.818088	.0534118	0	.1285002
674.15	0	.8180055	.05345283	0	.1285417
673.15	0	.8179221	.05349553	0	.1285824
672.15	0	.8178381	.05353984	0	.1286221
671.15	0	.8177533	.05358574	0	.128661
670.15	0	.8176678	.05363319	0	.128699
669.15	0	.8175816	.05368215	0	.1287362
668.15	0	.8174948	.05373259	0	.1287726
667.15	0	.8174073	.05378446	0	.1288082
666.15	0	.8173192	.05383774	0	.1288431
665.15	0	.8172305	.05389238	0	.1288772
664.15	0	.8171411	.05394837	0	.1289105
663.15	0	.8170512	.05400566	0	.1289432
662.15	0	.8169607	.05406422	0	.1289751
661.15	0	.8168696	.05412402	0	.1290063
660.15	0	.816778	.05418504	0	.1290369
659.15	0	.8166859	.05424723	0	.1290669
658.15	0	.8165933	.05431058	0	.1290962
657.15	0	.8165001	.05437505	0	.1291248
656.15	0	.8164065	.05444062	0	.1291529
655.15	0	.8163124	.05450725	0	.1291804
654.15	0	.8162178	.05457492	0	.1292073
653.15	0	.8161227	.05464361	0	.1292337
652.15	0	.8160273	.05471329	0	.1292594
651.15	0	.8159314	.05478392	0	.1292847
650.15	0	.8158351	.0548555	0	.1293094
649.15	0	.8157384	.05492799	0	.1293337
648.15	0	.8156412	.05500137	0	.1293574
647.15	0	.8155438	.05507561	0	.1293806
646.15	0	.8154459	.0551507	0	.1294034
645.15	0	.8153477	.05522661	0	.1294257
644.15	0	.8152491	.05530331	0	.1294476
643.15	0	.8151502	.05538079	0	.129469
642.15	0	.815051	.05545903	0	.12949
641.15	0	.8149514	.055538	0	.1295106
640.15	0	.8148515	.05561769	0	.1295308
639.15	0	.8147514	.05569807	0	.1295506
638.15	0	.8146509	.05577913	0	.12957
637.15	0	.8145502	.05586084	0	.129589
636.15	0	.8144492	.05594318	0	.1296077
635.15	0	.8143479	.05602615	0	.129626
634.15	0	.8142464	.05610971	0	.1296439
633.15	0	.8141446	.05619386	0	.1296615
632.15	0	.8140426	.05627857	0	.1296788
631.15	0	.8139403	.05636383	0	.1296958
630.15	0	.8138379	.05644961	0	.1297125
629.15	0	.8137352	.05653592	0	.1297289
628.15	0	.8136323	.05662272	0	.129745
627.15	0	.8135292	.05671	0	.1297608
626.15	0	.813426	.05679775	0	.1297763
625.15	0	.8133225	.05688595	0	.1297915
624.15	0	.8132189	.05697458	0	.1298065
623.15	0	.8131151	.05706364	0	.1298213
622.15	0	.8130111	.0571531	0	.1298358
621.15	0	.812907	.05724296	0	.12985
620.15	0	.8128028	.05733319	0	.129864
619.15	0	.8126984	.05742379	0	.1298779
618.15	0	.8125938	.05751474	0	.1298914
617.15	0	.8124892	.05760603	0	.1299048
616.15	0	.8123844	.05769764	0	.129918
615.15	0	.8122795	.05778957	0	.1299309
614.15	0	.8121745	.0578818	0	.1299437
613.15	0	.8120694	.05797431	0	.1299563
612.15	0	.8119642	.0580671	0	.1299687
611.15	0	.8118589	.05816016	0	.129981
610.15	0	.8117535	.05825346	0	.129993
609.15	0	.811648	.05834701	0	.130005
608.15	0	.8115425	.05844079	0	.1300167
607.15	0	.8114369	.05853478	0	.1300283
606.15	0	.8113312	.05862899	0	.1300398
605.15	0	.8112255	.05872339	0	.1300511
604.15	0	.8111198	.05881797	0	.1300623
603.15	0	.811014	.05891274	0	.1300733
602.15	0	.8109081	.05900766	0	.1300842
601.15	0	.8108022	.05910275	0	.130095
600.15	0	.8106963	.05919798	0	.1301057
599.15	0	.8105903	.05929335	0	.1301163
598.15	0	.8104844	.05938884	0	.1301268
597.15	0	.8103784	.05948446	0	.1301372
596.15	0	.8102724	.05958018	0	.1301474
595.15	0	.8101664	.059676	0	.1301576
594.15	0	.8100604	.05977191	0	.1301677
593.15	0	.8099544	.0598679	0	.1301777
592.15	0	.8098484	.05996397	0	.1301876
591.15	0	.8097424	.0600601	0	.1301975
590.15	0	.8096365	.06015629	0	.1302073
589.15	0	.8095305	.06025253	0	.130217
588.15	0	.8094246	.06034881	0	.1302266
587.15	0	.8093187	.06044512	0	.1302362
586.15	0	.8092128	.06054145	0	.1302457
585.15	0	.809107	.0606378	0	.1302552
584.15	0	.8090013	.06073416	0	.1302646
583.15	0	.8088955	.06083052	0	.130274
582.15	0	.8087898	.06092688	0	.1302833
581.15	0	.8086842	.06102323	0	.1302926
580.15	0	.8085786	.06111955	0	.1303018
579.15	0	.8084731	.06121585	0	.130311
578.15	0	.8083677	.06131211	0	.1303202
577.15	0	.8082623	.06140834	0	.1303294
576.15	0	.808157	.06150451	0	.1303385
575.15	0	.8080518	.06160063	0	.1303476
574.15	0	.8079466	.06169669	0	.1303567
573.15	0	.8078416	.06179269	0	.1303657
572.15	0	.8077366	.06188861	0	.1303748
571.15	0	.8076317	.06198445	0	.1303838
570.15	0	.8075269	.06208021	0	.1303929
569.15	0	.8074222	.06217587	0	.1304019
568.15	0	.8073176	.06227144	0	.1304109
567.15	0	.8072131	.0623669	0	.13042
566.15	0	.8071088	.06246226	0	.130429
565.15	0	.8070045	.06255749	0	.130438
564.15	0	.8069003	.06265261	0	.130447
563.15	0	.8067963	.0627476	0	.1304561
562.15	0	.8066924	.06284246	0	.1304652
561.15	0	.8065886	.06293718	0	.1304742
560.15	0	.8064849	.06303176	0	.1304833
559.15	0	.8063814	.06312619	0	.1304924
558.15	0	.806278	.06322047	0	.1305016
557.15	0	.8061747	.06331459	0	.1305107
556.15	0	.8060716	.06340854	0	.1305199
555.15	0	.8059686	.06350233	0	.1305291
554.15	0	.8058658	.06359594	0	.1305383
553.15	0	.8057631	.06368937	0	.1305476
552.15	0	.8056605	.06378262	0	.1305569
551.15	0	.8055581	.06387568	0	.1305662
550.15	0	.8054559	.06396855	0	.1305756
549.15	0	.8053538	.06406122	0	.130585
548.15	0	.8052519	.06415369	0	.1305944
547.15	0	.8051502	.06424595	0	.1306039
546.15	0	.8050486	.064338	0	.1306134
545.15	0	.8049472	.06442984	0	.130623
544.15	0	.8048459	.06452145	0	.1306326
543.15	0	.8047449	.06461284	0	.1306423
542.15	0	.804644	.064704	0	.130652
541.15	0	.8045433	.06479493	0	.1306618
540.15	0	.8044428	.06488562	0	.1306716
539.15	0	.8043425	.06497607	0	.1306815
538.15	0	.8042423	.06506627	0	.1306914
537.15	0	.8041424	.06515622	0	.1307014
536.15	0	.8040426	.06524592	0	.1307115
535.15	0	.8039431	.06533537	0	.1307216
534.15	0	.8038437	.06542455	0	.1307317
533.15	0	.8037446	.06551346	0	.130742
532.15	0	.8036456	.06560211	0	.1307523
531.15	0	.8035469	.06569048	0	.1307627
530.15	0	.8034483	.06577857	0	.1307731
529.15	0	.80335	.06586639	0	.1307836
528.15	0	.8032519	.06595392	0	.1307942
527.15	0	.803154	.06604116	0	.1308048
526.15	0	.8030563	.06612811	0	.1308156
525.15	0	.8029589	.06621477	0	.1308264
524.15	0	.8028616	.06630113	0	.1308372
523.15	0	.8027646	.06638718	0	.1308482
522.15	0	.8026679	.06647293	0	.1308592
521.15	0	.8025713	.06655837	0	.1308703
520.15	0	.802475	.0666435	0	.1308815
519.15	0	.8023789	.06672831	0	.1308928
518.15	0	.8022831	.06681281	0	.1309041
517.15	0	.8021875	.06689698	0	.1309155
516.15	0	.8020921	.06698082	0	.1309271
515.15	0	.801997	.06706434	0	.1309387
514.15	0	.8019021	.06714753	0	.1309503
513.15	0	.8018075	.06723038	0	.1309621
512.15	0	.8017131	.06731289	0	.130974
511.15	0	.801619	.06739506	0	.1309859
510.15	0	.8015251	.06747689	0	.130998
509.15	0	.8014315	.06755837	0	.1310101
508.15	0	.8013382	.0676395	0	.1310223
507.15	0	.8012451	.06772027	0	.1310346
506.15	0	.8011523	.06780069	0	.131047
505.15	0	.8010597	.06788076	0	.1310595
504.15	0	.8009674	.06796046	0	.1310721
503.15	0	.8008754	.06803979	0	.1310848
502.15	0	.8007836	.06811876	0	.1310976
501.15	0	.8006921	.06819736	0	.1311105
500.15	0	.8006009	.06827558	0	.1311235
499.15	0	.80051	.06835343	0	.1311366
498.15	0	.8004193	.0684309	0	.1311498
497.15	0	.800329	.06850799	0	.131163
496.15	0	.8002389	.06858469	0	.1311764
495.15	0	.8001491	.06866101	0	.1311899
494.15	0	.8000596	.06873694	0	.1312035
493.15	0	.7999703	.06881248	0	.1312172
492.15	0	.7998814	.06888763	0	.131231
491.15	0	.7997928	.06896238	0	.1312449
490.15	0	.7997044	.06903672	0	.1312589
489.15	0	.7996163	.06911067	0	.131273
488.15	0	.7995286	.06918422	0	.1312872
487.15	0	.7994411	.06925735	0	.1313015
486.15	0	.799354	.06933008	0	.1313159
485.15	0	.7992671	.0694024	0	.1313305
484.15	0	.7991806	.06947431	0	.1313451
483.15	0	.7990944	.0695458	0	.1313599
482.15	0	.7990084	.06961687	0	.1313747
481.15	0	.7989228	.06968752	0	.1313897
480.15	0	.7988375	.06975775	0	.1314048
479.15	0	.7987525	.06982755	0	.13142
478.15	0	.7986678	.06989693	0	.1314352
477.15	0	.7985835	.06996588	0	.1314507
476.15	0	.7984994	.0700344	0	.1314662
475.15	0	.7984157	.07010249	0	.1314818
474.15	0	.7983323	.07017014	0	.1314976
473.15	0	.7982492	.07023735	0	.1315134
472.15	0	.7981665	.07030412	0	.1315294
471.15	0	.7980841	.07037046	0	.1315455
470.15	0	.798002	.07043635	0	.1315617
469.15	0	.7979202	.07050179	0	.131578
468.15	0	.7978388	.07056679	0	.1315944
467.15	0	.7977577	.07063134	0	.131611
466.15	0	.797677	.07069543	0	.1316276
465.15	0	.7975965	.07075908	0	.1316444
464.15	0	.7975165	.07082227	0	.1316613
463.15	0	.7974367	.070885	0	.1316783
462.15	0	.7973573	.07094728	0	.1316954
461.15	0	.7972783	.0710091	0	.1317126
460.15	0	.7971996	.07107045	0	.13173
459.15	0	.7971212	.07113134	0	.1317474
458.15	0	.7970432	.07119177	0	.131765
457.15	0	.7969655	.07125173	0	.1317827
456.15	0	.7968882	.07131122	0	.1318006
455.15	0	.7968113	.07137024	0	.1318185
454.15	0	.7967346	.07142879	0	.1318366
453.15	0	.7966584	.07148687	0	.1318547
452.15	0	.7965825	.07154447	0	.131873
451.15	0	.796507	.0716016	0	.1318914
450.15	0	.7964318	.07165825	0	.13191
449.15	0	.7963571	.07171433	0	.1319286
448.15	0	.7962827	.07176991	0	.1319474
447.15	0	.7962087	.07182499	0	.1319663
446.15	0	.7961351	.07187956	0	.1319853
445.15	0	.7960619	.07193362	0	.1320044
444.15	0	.7959891	.07198715	0	.1320237
443.15	0	.7959168	.07204014	0	.1320431
442.15	0	.7958448	.0720926	0	.1320626
441.15	0	.7957733	.0721445	0	.1320822
440.15	0	.7957022	.07219584	0	.132102
439.15	0	.7956315	.07224661	0	.1321219
438.15	0	.7955613	.07229681	0	.1321419
437.15	0	.7954915	.07234643	0	.1321621
436.15	0	.7954222	.07239546	0	.1321823
435.15	0	.7953534	.0724439	0	.1322027
434.15	0	.795285	.07249174	0	.1322232
433.15	0	.7952171	.07253898	0	.1322439
432.15	0	.7951497	.07258561	0	.1322647
431.15	0	.7950828	.07263162	0	.1322856
430.15	0	.7950163	.07267701	0	.1323066
429.15	0	.7949504	.07272179	0	.1323278
428.15	0	.7948849	.07276593	0	.1323491
427.15	0	.79482	.07280945	0	.1323706
426.15	0	.7947555	.07285233	0	.1323921
425.15	0	.7946916	.07289457	0	.1324138
424.15	0	.7946282	.07293618	0	.1324356
423.15	0	.7945653	.07297714	0	.1324576
422.15	0	.7945029	.07301746	0	.1324797
421.15	0	.794441	.07305713	0	.1325019
420.15	0	.7943796	.07309615	0	.1325242
419.15	0	.7943188	.07313452	0	.1325467
418.15	0	.7942584	.07317224	0	.1325693
417.15	0	.7941986	.07320931	0	.132592
416.15	0	.7941394	.07324573	0	.1326149
415.15	0	.7940806	.07328149	0	.1326379
414.15	0	.7940224	.0733166	0	.132661
