T	 BPW(LIQUID)	BPW(BCC_A2)	BPW(FCC_A1)	BPW(LAVES_PHASE_C14)	BPW(NI3TI)
1473.15	.06605835	.7432238	0	.1907178	0
1472.15	.06141864	.7462322	0	.1923491	0
1471.15	.0568704	.7491756	0	.193954	0
1470.15	.05241104	.7520557	0	.1955332	0
1469.15	.04803806	.7548744	0	.1970875	0
1468.15	.04374904	.7576333	0	.1986177	0
1467.15	.03954165	.760334	0	.2001243	0
1466.15	.03541364	.7629782	0	.2016081	0
1465.15	.03136286	.7655674	0	.2030698	0
1464.15	.0273872	.7681029	0	.2045099	0
1463.15	.02348465	.7705863	0	.205929	0
1462.15	.01965325	.7730189	0	.2073278	0
1461.15	.01589111	.7754021	0	.2087068	0
1460.15	.01219642	.7777371	0	.2100665	0
1459.15	.008567406	.7800251	0	.2114075	0
1458.15	.005002367	.7822674	0	.2127302	0
1457.15	.001499653	.7844652	0	.2140352	0
1456.716	0	.7854044	0	.2145956	0
1456.716	0	.7854044	0	.2145956	0
1456.15	0	.7850402	0	.2149598	0
1455.15	0	.7843985	0	.2156015	0
1454.15	0	.7837585	0	.2162416	0
1453.15	0	.78312	0	.21688	0
1452.15	0	.7824832	0	.2175168	0
1451.15	0	.781848	0	.218152	0
1450.15	0	.7812143	0	.2187857	0
1449.15	0	.7805823	0	.2194177	0
1448.15	0	.7799519	0	.2200481	0
1447.15	0	.7793231	0	.2206769	0
1446.15	0	.7786958	0	.2213042	0
1445.15	0	.7780701	0	.2219299	0
1444.15	0	.777446	0	.222554	0
1443.15	0	.7768235	0	.2231765	0
1442.15	0	.7762025	0	.2237975	0
1441.15	0	.7755831	0	.2244169	0
1440.15	0	.7749652	0	.2250348	0
1439.15	0	.7743488	0	.2256512	0
1438.15	0	.773734	0	.226266	0
1437.15	0	.7731207	0	.2268793	0
1436.15	0	.772509	0	.227491	0
1435.15	0	.7718988	0	.2281013	0
1434.15	0	.77129	0	.22871	0
1433.15	0	.7706828	0	.2293172	0
1432.15	0	.7700771	0	.2299229	0
1431.15	0	.7694729	0	.2305271	0
1430.15	0	.7688702	0	.2311298	0
1429.15	0	.7682689	0	.2317311	0
1428.15	0	.7676692	0	.2323308	0
1427.15	0	.7670709	0	.2329291	0
1426.15	0	.7664741	0	.2335259	0
1425.15	0	.7658788	0	.2341212	0
1424.15	0	.7652849	0	.2347151	0
1423.15	0	.7646925	0	.2353075	0
1422.15	0	.7641015	0	.2358985	0
1421.15	0	.763512	0	.236488	0
1420.15	0	.7629239	0	.2370761	0
1419.15	0	.7623372	0	.2376628	0
1418.15	0	.761752	0	.238248	0
1417.15	0	.7611682	0	.2388318	0
1416.15	0	.7605858	0	.2394142	0
1415.15	0	.7600049	0	.2399951	0
1414.15	0	.7594253	0	.2405747	0
1413.15	0	.7588472	0	.2411528	0
1412.15	0	.7582704	0	.2417296	0
1411.15	0	.7576951	0	.2423049	0
1410.15	0	.7571211	0	.2428789	0
1409.15	0	.7565485	0	.2434515	0
1408.15	0	.7559773	0	.2440227	0
1407.15	0	.7554075	0	.2445925	0
1406.15	0	.754839	0	.245161	0
1405.15	0	.754272	0	.2457281	0
1404.15	0	.7537062	0	.2462938	0
1403.15	0	.7531419	0	.2468581	0
1402.15	0	.7525788	0	.2474212	0
1401.15	0	.7520172	0	.2479828	0
1400.15	0	.7514569	0	.2485431	0
1399.15	0	.7508979	0	.2491021	0
1398.15	0	.7503402	0	.2496598	0
1397.15	0	.7497839	0	.2502161	0
1396.15	0	.7492289	0	.2507711	0
1395.15	0	.7486752	0	.2513248	0
1394.15	0	.7481228	0	.2518772	0
1393.15	0	.7475718	0	.2524282	0
1392.15	0	.747022	0	.252978	0
1391.15	0	.7464736	0	.2535264	0
1390.15	0	.7459264	0	.2540736	0
1389.15	0	.7453806	0	.2546194	0
1388.15	0	.744836	0	.255164	0
1387.15	0	.7442927	0	.2557073	0
1386.15	0	.7437507	0	.2562493	0
1385.15	0	.74321	0	.25679	0
1384.15	0	.7426705	0	.2573295	0
1383.15	0	.7421323	0	.2578677	0
1382.15	0	.7415954	0	.2584046	0
1381.15	0	.7410597	0	.2589403	0
1380.15	0	.7405253	0	.2594747	0
1379.15	0	.7399922	0	.2600078	0
1378.15	0	.7394602	0	.2605398	0
1377.15	0	.7389296	0	.2610704	0
1376.15	0	.7384001	0	.2615999	0
1375.15	0	.7378719	0	.2621281	0
1374.15	0	.7373449	0	.2626551	0
1373.15	0	.7368192	0	.2631808	0
1372.15	0	.7362947	0	.2637053	0
1371.15	0	.7357713	0	.2642287	0
1370.15	0	.7352492	0	.2647508	0
1369.15	0	.7347284	0	.2652717	0
1368.15	0	.7342087	0	.2657913	0
1367.15	0	.7336902	0	.2663098	0
1366.15	0	.7331729	0	.2668271	0
1365.15	0	.7326568	0	.2673432	0
1364.15	0	.7321419	0	.2678581	0
1363.15	0	.7316282	0	.2683718	0
1362.15	0	.7311156	0	.2688844	0
1361.15	0	.7306043	0	.2693957	0
1360.15	0	.7300941	0	.2699059	0
1359.15	0	.7295851	0	.2704149	0
1358.15	0	.7290772	0	.2709228	0
1357.15	0	.7285705	0	.2714295	0
1356.15	0	.728065	0	.271935	0
1355.15	0	.7275606	0	.2724394	0
1354.15	0	.7270574	0	.2729426	0
1353.15	0	.7265553	0	.2734447	0
1352.15	0	.7260544	0	.2739456	0
1351.15	0	.7255546	0	.2744454	0
1350.15	0	.725056	0	.274944	0
1349.15	0	.7245584	0	.2754416	0
1348.15	0	.724062	0	.275938	0
1347.15	0	.7235668	0	.2764332	0
1346.15	0	.7230726	0	.2769274	0
1345.15	0	.7225796	0	.2774204	0
1344.15	0	.7220877	0	.2779123	0
1343.15	0	.7215969	0	.2784031	0
1342.15	0	.7211072	0	.2788928	0
1341.15	0	.7206186	0	.2793814	0
1340.15	0	.7201311	0	.2798689	0
1339.15	0	.7196447	0	.2803553	0
1338.15	0	.7191594	0	.2808406	0
1337.15	0	.7186752	0	.2813248	0
1336.15	0	.7181921	0	.2818079	0
1335.15	0	.71771	0	.28229	0
1334.15	0	.7172291	0	.282771	0
1333.15	0	.7167492	0	.2832508	0
1332.15	0	.7162704	0	.2837296	0
1331.15	0	.7157926	0	.2842074	0
1330.15	0	.7153159	0	.2846841	0
1329.15	0	.7148403	0	.2851597	0
1328.15	0	.7143658	0	.2856342	0
1327.15	0	.7138923	0	.2861077	0
1326.15	0	.7134198	0	.2865802	0
1325.15	0	.7129484	0	.2870516	0
1324.15	0	.7124781	0	.2875219	0
1323.15	0	.7120088	0	.2879912	0
1322.15	0	.7115405	0	.2884595	0
1321.15	0	.7110733	0	.2889267	0
1320.15	0	.7106071	0	.2893929	0
1319.15	0	.7101419	0	.2898581	0
1318.15	0	.7096778	0	.2903222	0
1317.15	0	.7092147	0	.2907853	0
1316.15	0	.7087526	0	.2912474	0
1315.15	0	.7082915	0	.2917085	0
1314.15	0	.7078315	0	.2921686	0
1313.15	0	.7073724	0	.2926276	0
1312.15	0	.7069144	0	.2930856	0
1311.15	0	.7064573	0	.2935427	0
1310.15	0	.7060013	0	.2939987	0
1309.15	0	.7055463	0	.2944537	0
1308.15	0	.7050922	0	.2949078	0
1307.15	0	.7046392	0	.2953608	0
1306.15	0	.7041871	0	.2958129	0
1305.15	0	.7037361	0	.2962639	0
1304.15	0	.703286	0	.296714	0
1303.15	0	.7028369	0	.2971631	0
1302.15	0	.7023888	0	.2976113	0
1301.15	0	.7019416	0	.2980584	0
1300.15	0	.7014954	0	.2985046	0
1299.15	0	.7010502	0	.2989498	0
1298.15	0	.700606	0	.299394	0
1297.15	0	.7001627	0	.2998373	0
1296.15	0	.6997204	0	.3002796	0
1295.15	0	.699279	0	.300721	0
1294.15	0	.6988386	0	.3011614	0
1293.15	0	.6983992	0	.3016008	0
1292.15	0	.6979607	0	.3020393	0
1291.15	0	.6975231	0	.3024769	0
1290.15	0	.6970865	0	.3029135	0
1289.15	0	.6966509	0	.3033491	0
1288.15	0	.6962161	0	.3037839	0
1287.15	0	.6957823	0	.3042177	0
1286.15	0	.6953495	0	.3046505	0
1285.15	0	.6949175	0	.3050825	0
1284.15	0	.6944865	0	.3055135	0
1283.15	0	.6940565	0	.3059435	0
1282.15	0	.6936273	0	.3063727	0
1281.15	0	.6931991	0	.3068009	0
1280.15	0	.6927717	0	.3072283	0
1279.15	0	.6923453	0	.3076547	0
1278.15	0	.6919198	0	.3080802	0
1277.15	0	.6914953	0	.3085047	0
1276.15	0	.6910716	0	.3089284	0
1275.15	0	.6906488	0	.3093512	0
1274.15	0	.6902269	0	.3097731	0
1273.15	0	.6898059	0	.3101941	0
1272.15	0	.6893859	0	.3106142	0
1271.15	0	.6889667	0	.3110333	0
1270.15	0	.6885484	0	.3114516	0
1269.15	0	.688131	0	.3118691	0
1268.15	0	.6877144	0	.3122856	0
1267.15	0	.6872988	0	.3127012	0
1266.15	0	.686884	0	.313116	0
1265.15	0	.6864701	0	.3135299	0
1264.15	0	.6860571	0	.3139429	0
1263.15	0	.685645	0	.314355	0
1262.15	0	.6852337	0	.3147663	0
1261.15	0	.6848233	0	.3151767	0
1260.15	0	.6844138	0	.3155862	0
1259.15	0	.6840051	0	.3159949	0
1258.15	0	.6835973	0	.3164027	0
1257.15	0	.6831903	0	.3168097	0
1256.15	0	.6827842	0	.3172158	0
1255.15	0	.682379	0	.317621	0
1254.15	0	.6819746	0	.3180254	0
1253.15	0	.6815711	0	.318429	0
1252.15	0	.6811684	0	.3188316	0
1251.15	0	.6807665	0	.3192335	0
1250.15	0	.6803655	0	.3196345	0
1249.15	0	.6799653	0	.3200347	0
1248.15	0	.679566	0	.320434	0
1247.15	0	.6791675	0	.3208325	0
1246.15	0	.6787698	0	.3212302	0
1245.15	0	.678373	0	.321627	0
1244.15	0	.677977	0	.322023	0
1243.15	0	.6775818	0	.3224182	0
1242.15	0	.6771874	0	.3228126	0
1241.15	0	.6767939	0	.3232061	0
1240.15	0	.6764011	0	.3235989	0
1239.15	0	.6760092	0	.3239908	0
1238.15	0	.6756181	0	.3243819	0
1237.15	0	.6752279	0	.3247721	0
1236.15	0	.6748384	0	.3251616	0
1235.15	0	.6744497	0	.3255503	0
1234.15	0	.6740619	0	.3259381	0
1233.15	0	.6736748	0	.3263252	0
1232.15	0	.6732886	0	.3267114	0
1231.15	0	.6729031	0	.3270969	0
1230.15	0	.6725185	0	.3274816	0
1229.15	0	.6721346	0	.3278654	0
1228.15	0	.6717515	0	.3282485	0
1227.15	0	.6713692	0	.3286308	0
1226.15	0	.6709877	0	.3290123	0
1225.15	0	.670607	0	.329393	0
1224.15	0	.6702271	0	.3297729	0
1223.15	0	.669848	0	.330152	0
1222.15	0	.6694696	0	.3305304	0
1221.15	0	.669092	0	.330908	0
1220.15	0	.6687152	0	.3312848	0
1219.15	0	.6683392	0	.3316608	0
1218.15	0	.6679639	0	.3320361	0
1217.15	0	.6675895	0	.3324106	0
1216.15	0	.6672157	0	.3327843	0
1215.15	0	.6668428	0	.3331572	0
1214.15	0	.6664706	0	.3335294	0
1213.15	0	.6660991	0	.3339009	0
1212.15	0	.6657285	0	.3342715	0
1211.15	0	.6653586	0	.3346414	0
1210.15	0	.6649894	0	.3350106	0
1209.15	0	.664621	0	.335379	0
1208.15	0	.6642534	0	.3357466	0
1207.15	0	.6638865	0	.3361135	0
1206.15	0	.6635203	0	.3364797	0
1205.15	0	.6631549	0	.3368451	0
1204.15	0	.6627903	0	.3372098	0
1203.15	0	.6624263	0	.3375737	0
1202.15	0	.6620632	0	.3379369	0
1201.15	0	.6617007	0	.3382993	0
1200.15	0	.661339	0	.338661	0
1199.15	0	.660978	0	.339022	0
1198.15	0	.6606178	0	.3393822	0
1197.15	0	.6602583	0	.3397417	0
1196.15	0	.6598995	0	.3401005	0
1195.15	0	.6595415	0	.3404585	0
1194.15	0	.6591842	0	.3408158	0
1193.15	0	.6588276	0	.3411724	0
1192.15	0	.6584717	0	.3415283	0
1191.15	0	.6581165	0	.3418835	0
1190.15	0	.6577621	0	.3422379	0
1189.15	0	.6574084	0	.3425916	0
1188.15	0	.6570554	0	.3429446	0
1187.15	0	.6567031	0	.3432969	0
1186.15	0	.6563515	0	.3436485	0
1185.15	0	.6560006	0	.3439994	0
1184.15	0	.6556505	0	.3443495	0
1183.15	0	.655301	0	.344699	0
1182.15	0	.6549523	0	.3450477	0
1181.15	0	.6546042	0	.3453958	0
1180.15	0	.6542569	0	.3457431	0
1179.15	0	.6539102	0	.3460898	0
1178.15	0	.6535643	0	.3464357	0
1177.15	0	.653219	0	.346781	0
1176.15	0	.6528745	0	.3471255	0
1175.15	0	.6525306	0	.3474694	0
1174.15	0	.6521874	0	.3478126	0
1173.15	0	.651845	0	.3481551	0
1172.15	0	.6515032	0	.3484969	0
1171.15	0	.651162	0	.348838	0
1170.15	0	.6508216	0	.3491784	0
1169.15	0	.6504819	0	.3495181	0
1168.15	0	.6501428	0	.3498572	0
1167.15	0	.6498044	0	.3501956	0
1166.15	0	.6494667	0	.3505333	0
1165.15	0	.6491297	0	.3508703	0
1164.15	0	.6487933	0	.3512067	0
1163.15	0	.6484577	0	.3515424	0
1162.15	0	.6481226	0	.3518774	0
1161.15	0	.6477883	0	.3522117	0
1160.15	0	.6474546	0	.3525454	0
1159.15	0	.6471216	0	.3528784	0
1158.15	0	.6467893	0	.3532107	0
1157.15	0	.6464576	0	.3535424	0
1156.15	0	.6461266	0	.3538734	0
1155.15	0	.6457963	0	.3542038	0
1154.15	0	.6454665	0	.3545335	0
1153.15	0	.6451375	0	.3548625	0
1152.15	0	.6448091	0	.3551909	0
1151.15	0	.6444814	0	.3555186	0
1150.15	0	.6441543	0	.3558457	0
1149.15	0	.6438279	0	.3561721	0
1148.15	0	.6435021	0	.3564979	0
1147.15	0	.643177	0	.356823	0
1146.15	0	.6428526	0	.3571475	0
1145.15	0	.6425287	0	.3574713	0
1144.15	0	.6422055	0	.3577945	0
1143.15	0	.641883	0	.358117	0
1142.15	0	.6415611	0	.3584389	0
1141.15	0	.6412398	0	.3587602	0
1140.15	0	.6409192	0	.3590808	0
1139.15	0	.6405992	0	.3594008	0
1138.15	0	.6402799	0	.3597201	0
1137.15	0	.6399612	0	.3600388	0
1136.15	0	.6396431	0	.3603569	0
1135.15	0	.6393256	0	.3606744	0
1134.15	0	.6390088	0	.3609912	0
1133.15	0	.6386926	0	.3613074	0
1132.15	0	.6383771	0	.3616229	0
1131.15	0	.6380621	0	.3619379	0
1130.15	0	.6377478	0	.3622522	0
1129.15	0	.6374341	0	.3625659	0
1128.15	0	.6371211	0	.3628789	0
1127.15	0	.6368086	0	.3631914	0
1126.15	0	.6364968	0	.3635032	0
1125.15	0	.6361856	0	.3638144	0
1124.15	0	.635875	0	.364125	0
1123.15	0	.635565	0	.364435	0
1122.15	0	.6352557	0	.3647444	0
1121.15	0	.6349469	0	.3650531	0
1120.15	0	.6346388	0	.3653612	0
1119.15	0	.6343312	0	.3656688	0
1118.15	0	.6340243	0	.3659757	0
1117.15	0	.633718	0	.366282	0
1116.15	0	.6334123	0	.3665877	0
1115.15	0	.6331072	0	.3668928	0
1114.15	0	.6328027	0	.3671973	0
1113.15	0	.6324988	0	.3675012	0
1112.15	0	.6321955	0	.3678045	0
1111.15	0	.6318928	0	.3681072	0
1110.15	0	.6315907	0	.3684093	0
1109.15	0	.6312892	0	.3687108	0
1108.15	0	.6309883	0	.3690117	0
1107.15	0	.630688	0	.369312	0
1106.15	0	.6303883	0	.3696117	0
1105.15	0	.6300891	0	.3699109	0
1104.15	0	.6297906	0	.3702094	0
1103.15	0	.6294927	0	.3705073	0
1102.15	0	.6291953	0	.3708047	0
1101.15	0	.6288986	0	.3711015	0
1100.15	0	.6286024	0	.3713976	0
1099.15	0	.6283068	0	.3716932	0
1098.15	0	.6280118	0	.3719882	0
1097.15	0	.6277173	0	.3722827	0
1096.15	0	.6274235	0	.3725765	0
1095.15	0	.6271302	0	.3728698	0
1094.15	0	.6268375	0	.3731625	0
1093.15	0	.6265454	0	.3734546	0
1092.15	0	.6262539	0	.3737461	0
1091.15	0	.625963	0	.3740371	0
1090.15	0	.6256726	0	.3743274	0
1089.15	0	.6253828	0	.3746172	0
1088.15	0	.6250935	0	.3749065	0
1087.15	0	.6248049	0	.3751951	0
1086.15	0	.6245168	0	.3754832	0
1085.15	0	.6242292	0	.3757708	0
1084.15	0	.6239423	0	.3760577	0
1083.15	0	.6236559	0	.3763441	0
1082.15	0	.6233701	0	.3766299	0
1081.15	0	.6230848	0	.3769152	0
1080.15	0	.6228001	0	.3771999	0
1079.15	0	.622516	0	.377484	0
1078.15	0	.6222324	0	.3777676	0
1077.15	0	.6219494	0	.3780506	0
1076.15	0	.621667	0	.378333	0
1075.15	0	.6213851	0	.3786149	0
1074.15	0	.6211038	0	.3788962	0
1073.15	0	.620823	0	.379177	0
1072.15	0	.6205428	0	.3794572	0
1071.15	0	.6202631	0	.3797369	0
1070.15	0	.619984	0	.380016	0
1069.15	0	.6197054	0	.3802946	0
1068.15	0	.6194274	0	.3805726	0
1067.15	0	.61915	0	.38085	0
1066.15	0	.6188731	0	.3811269	0
1065.15	0	.6185967	0	.3814033	0
1064.15	0	.6183209	0	.3816791	0
1063.15	0	.6180456	0	.3819544	0
1062.15	0	.6177709	0	.3822291	0
1061.15	0	.6174967	0	.3825033	0
1060.15	0	.6172231	0	.3827769	0
1059.15	0	.61695	0	.38305	0
1058.15	0	.6166775	0	.3833225	0
1057.15	0	.6164055	0	.3835945	0
1056.15	0	.616134	0	.383866	0
1055.15	0	.6158631	0	.3841369	0
1054.15	0	.6155927	0	.3844073	0
1053.15	0	.6153228	0	.3846772	0
1052.15	0	.6150535	0	.3849465	0
1051.15	0	.6147847	0	.3852153	0
1050.15	0	.6145165	0	.3854835	0
1049.15	0	.6142488	0	.3857512	0
1048.15	0	.6139816	0	.3860184	0
1047.15	0	.6137149	0	.3862851	0
1046.15	0	.6134488	0	.3865512	0
1045.15	0	.6131832	0	.3868168	0
1044.15	0	.6129181	0	.3870819	0
1043.15	0	.6126536	0	.3873464	0
1042.15	0	.6123896	0	.3876104	0
1041.15	0	.6121261	0	.3878739	0
1040.15	0	.6118632	0	.3881368	0
1039.15	0	.6116007	0	.3883993	0
1038.15	0	.6113388	0	.3886612	0
1037.15	0	.6110774	0	.3889226	0
1036.15	0	.6108166	0	.3891834	0
1035.15	0	.6105562	0	.3894438	0
1034.15	0	.6102964	0	.3897036	0
1033.15	0	.6100371	0	.3899629	0
1032.15	0	.6097783	0	.3902217	0
1031.15	0	.60952	0	.39048	0
1030.15	0	.6092623	0	.3907377	0
1029.15	0	.609005	0	.390995	0
1028.15	0	.6087483	0	.3912517	0
1027.15	0	.6084921	0	.3915079	0
1026.15	0	.6082364	0	.3917636	0
1025.15	0	.6079812	0	.3920188	0
1024.15	0	.6077266	0	.3922734	0
1023.15	0	.6074724	0	.3925276	0
1022.15	0	.6072188	0	.3927813	0
1021.15	0	.6069656	0	.3930344	0
1020.15	0	.606713	0	.393287	0
1019.15	0	.6064609	0	.3935391	0
1018.15	0	.6062093	0	.3937908	0
1017.15	0	.6059581	0	.3940419	0
1016.15	0	.6057075	0	.3942925	0
1015.15	0	.6054574	0	.3945426	0
1014.15	0	.6052079	0	.3947922	0
1013.15	0	.6049588	0	.3950412	0
1012.15	0	.6047102	0	.3952898	0
1011.15	0	.6044621	0	.3955379	0
1010.15	0	.6042145	0	.3957855	0
1009.15	0	.6039674	0	.3960326	0
1008.15	0	.6037208	0	.3962792	0
1007.15	0	.6034748	0	.3965252	0
1006.15	0	.6032292	0	.3967708	0
1005.15	0	.6029841	0	.3970159	0
1004.15	0	.6027395	0	.3972605	0
1003.15	0	.6024954	0	.3975046	0
1002.15	0	.6022518	0	.3977482	0
1001.15	0	.6020087	0	.3979913	0
1000.15	0	.6017661	0	.3982339	0
999.15	0	.601524	0	.398476	0
998.15	0	.6012823	0	.3987177	0
997.15	0	.6010412	0	.3989588	0
996.15	0	.6008006	0	.3991994	0
995.15	0	.6005604	0	.3994396	0
994.15	0	.6003208	0	.3996792	0
993.15	0	.6000816	0	.3999184	0
992.15	0	.5998429	0	.4001571	0
991.15	0	.5996047	0	.4003953	0
990.15	0	.599367	0	.400633	0
989.15	0	.5991298	0	.4008702	0
988.15	0	.5988931	0	.4011069	0
987.15	0	.5986568	0	.4013432	0
986.15	0	.5984211	0	.4015789	0
985.15	0	.5981858	0	.4018142	0
984.15	0	.597951	0	.402049	0
983.15	0	.5977167	0	.4022833	0
982.15	0	.5974829	0	.4025171	0
981.15	0	.5972495	0	.4027505	0
980.15	0	.5970166	0	.4029834	0
979.15	0	.5967843	0	.4032157	0
978.15	0	.5965524	0	.4034476	0
977.15	0	.5963209	0	.4036791	0
976.15	0	.59609	0	.40391	0
975.15	0	.5958595	0	.4041405	0
974.15	0	.5956295	0	.4043705	0
973.15	0	.5954	0	.4046	0
972.15	0	.595171	0	.404829	0
971.15	0	.5949424	0	.4050576	0
970.15	0	.5947144	0	.4052856	0
969.15	0	.5944867	0	.4055133	0
968.15	0	.5942596	0	.4057404	0
967.15	0	.5940329	0	.4059671	0
966.15	0	.5938068	0	.4061932	0
965.15	0	.593581	0	.406419	0
964.15	0	.5933558	0	.4066442	0
963.15	0	.593131	0	.406869	0
962.15	0	.5929067	0	.4070933	0
961.15	0	.5926829	0	.4073171	0
960.15	0	.5924595	0	.4075405	0
959.15	0	.5922367	0	.4077633	0
958.15	0	.5920142	0	.4079858	0
957.15	0	.5917923	0	.4082077	0
956.15	0	.5915708	0	.4084292	0
955.15	0	.5913498	0	.4086502	0
954.15	0	.5911292	0	.4088708	0
953.15	0	.5909092	0	.4090908	0
952.15	0	.5906895	0	.4093105	0
951.15	0	.5904704	0	.4095296	0
950.15	0	.5902517	0	.4097483	0
949.15	0	.5900335	0	.4099665	0
948.15	0	.5898157	0	.4101843	0
947.15	0	.5895984	0	.4104016	0
946.15	0	.5893816	0	.4106184	0
945.15	0	.5891652	0	.4108348	0
944.15	0	.5889493	0	.4110507	0
943.15	0	.5887339	0	.4112661	0
942.15	0	.5885189	0	.4114811	0
941.15	0	.5883044	0	.4116956	0
940.15	0	.5880903	0	.4119097	0
939.15	0	.5878767	0	.4121233	0
938.15	0	.5876636	0	.4123364	0
937.15	0	.5874509	0	.4125491	0
936.15	0	.5872387	0	.4127613	0
935.15	0	.5870269	0	.4129731	0
934.15	0	.5868156	0	.4131844	0
933.15	0	.5866048	0	.4133953	0
932.15	0	.5863944	0	.4136056	0
931.15	0	.5861844	0	.4138156	0
930.15	0	.5859749	0	.4140251	0
929.15	0	.5857659	0	.4142341	0
928.15	0	.5855573	0	.4144427	0
927.15	0	.5853492	0	.4146508	0
926.15	0	.5851416	0	.4148584	0
925.15	0	.5849344	0	.4150656	0
924.15	0	.5847276	0	.4152724	0
923.15	0	.5845213	0	.4154787	0
922.15	0	.5843154	0	.4156846	0
921.15	0	.5841101	0	.4158899	0
920.15	0	.5839051	0	.4160949	0
919.15	0	.5837006	0	.4162994	0
918.15	0	.5834966	0	.4165034	0
917.15	0	.583293	0	.416707	0
916.15	0	.5830899	0	.4169102	0
915.15	0	.5828872	0	.4171128	0
914.15	0	.5826849	0	.4173151	0
913.15	0	.5824831	0	.4175169	0
912.15	0	.5822818	0	.4177182	0
911.15	0	.5820809	0	.4179191	0
910.15	0	.5818805	0	.4181195	0
909.15	0	.5816805	0	.4183195	0
908.15	0	.5814809	0	.4185191	0
907.15	0	.5812818	0	.4187182	0
906.15	0	.5810832	0	.4189168	0
905.15	0	.580885	0	.4191151	0
904.15	0	.5806872	0	.4193128	0
903.15	0	.5804899	0	.4195101	0
902.15	0	.580293	0	.419707	0
901.15	0	.5800966	0	.4199034	0
900.15	0	.5799006	0	.4200994	0
899.15	0	.5797051	0	.4202949	0
898.15	0	.57951	0	.42049	0
897.15	0	.5793153	0	.4206847	0
896.15	0	.5791211	0	.4208789	0
895.15	0	.5789274	0	.4210726	0
894.15	0	.5787341	0	.4212659	0
893.15	0	.5785412	0	.4214588	0
892.15	0	.5783487	0	.4216513	0
891.15	0	.5781568	0	.4218432	0
890.15	0	.5779652	0	.4220348	0
889.15	0	.5777741	0	.4222259	0
888.15	0	.5775834	0	.4224166	0
887.15	0	.5773932	0	.4226068	0
886.15	0	.5772035	0	.4227965	0
885.15	0	.5770141	0	.4229859	0
884.15	0	.5768252	0	.4231748	0
883.15	0	.5766367	0	.4233633	0
882.15	0	.5764487	0	.4235513	0
881.15	0	.5762611	0	.4237389	0
880.15	0	.576074	0	.423926	0
879.15	0	.5758873	0	.4241127	0
878.15	0	.575701	0	.424299	0
877.15	0	.5755152	0	.4244848	0
876.15	0	.5753298	0	.4246702	0
875.15	0	.5751449	0	.4248551	0
874.15	0	.5749604	0	.4250396	0
873.15	0	.5747763	0	.4252237	0
872.15	0	.5745926	0	.4254074	0
871.15	0	.5744094	0	.4255906	0
870.15	0	.5742267	0	.4257733	0
869.7191	0	.5741481	0	.425852	0
869.7191	0	.5741481	0	.425852	0
869.7191	0	.5741481	0	.425852	0
869.15	0	.5737694	3.211845E-04	.4259095	0
868.15	0	.5731045	8.857332E-04	.4260097	0
867.15	0	.5724404	.001450591	.426109	0
866.15	0	.5717769	.002015794	.4262073	0
865.15	0	.5711141	.00258138	.4263046	0
864.15	0	.5704518	.003147389	.4264008	0
863.15	0	.5697901	.003713859	.4264961	0
862.15	0	.5691289	.004280831	.4265903	0
861.15	0	.5684683	.004848347	.4266834	0
860.15	0	.5678081	.005416451	.4267755	0
859.15	0	.5671483	.005985184	.4268665	0
858.15	0	.5664889	.006554594	.4269565	0
857.15	0	.5658299	.007124726	.4270453	0
856.15	0	.5651713	.007695628	.4271331	0
855.15	0	.5645129	.008267349	.4272197	0
854.15	0	.5638548	.008839938	.4273053	0
853.15	0	.5631969	.009413448	.4273897	0
852.15	0	.5625392	.009987931	.4274729	0
851.15	0	.5618816	.01056344	.427555	0
850.15	0	.5612241	.01114004	.4276359	0
849.15	0	.5605667	.01171777	.4277156	0
848.15	0	.5599092	.01229671	.4277941	0
847.15	0	.5592517	.01287692	.4278714	0
846.15	0	.5585941	.01345844	.4279474	0
845.15	0	.5579364	.01404136	.4280222	0
844.15	0	.5572785	.01462574	.4280958	0
843.15	0	.5566203	.01521164	.428168	0
842.15	0	.5559619	.01579914	.428239	0
841.15	0	.5553031	.01638831	.4283086	0
840.15	0	.5546438	.01697923	.4283769	0
839.15	0	.5539841	.01757198	.4284439	0
838.15	0	.5533239	.01816663	.4285095	0
837.15	0	.5526631	.01876327	.4285736	0
836.15	0	.5520016	.01936199	.4286364	0
835.15	0	.5513394	.01996287	.4286978	0
834.15	0	.5506763	.02056602	.4287577	0
833.15	0	.5500124	.02117152	.4288161	0
832.15	0	.5493476	.02177947	.428873	0
831.15	0	.5486817	.02238999	.4289284	0
830.15	0	.5480147	.02300317	.4289822	0
829.15	0	.5473465	.02361913	.4290344	0
828.15	0	.546677	.02423798	.4290851	0
827.15	0	.5460061	.02485984	.4291341	0
826.15	0	.5453338	.02548485	.4291814	0
825.15	0	.5446598	.02611312	.429227	0
824.15	0	.5439842	.0267448	.429271	0
823.15	0	.5433069	.02738002	.4293131	0
822.15	0	.5426276	.02801894	.4293535	0
821.15	0	.5419463	.02866171	.429392	0
820.15	0	.5412629	.02930849	.4294286	0
819.15	0	.5405772	.02995944	.4294634	0
818.15	0	.5398891	.03061476	.4294962	0
817.15	0	.5391984	.03127461	.429527	0
816.15	0	.5385051	.0319392	.4295557	0
815.15	0	.5378089	.03260873	.4295824	0
814.15	0	.5371097	.03328341	.4296069	0
813.15	0	.5364074	.03396347	.4296292	0
812.15	0	.5357016	.03464915	.4296492	0
811.15	0	.5349923	.0353407	.429667	0
810.15	0	.5342793	.03603838	.4296824	0
809.15	0	.5335622	.03674247	.4296953	0
808.15	0	.532841	.03745328	.4297057	0
807.15	0	.5321153	.03817111	.4297136	0
806.15	0	.5313849	.03889629	.4297188	0
805.15	0	.5306496	.03962919	.4297212	0
804.15	0	.529909	.04037018	.4297208	0
803.15	0	.5291628	.04111966	.4297175	0
802.15	0	.5284108	.04187807	.4297111	0
801.15	0	.5276525	.04264586	.4297017	0
800.15	0	.5268875	.04342353	.4296889	0
799.15	0	.5261156	.04421161	.4296728	0
798.15	0	.5253362	.04501066	.4296532	0
797.15	0	.5245488	.04582132	.4296299	0
796.15	0	.5237529	.04664424	.4296028	0
795.15	0	.5229481	.04748015	.4295718	0
794.15	0	.5221342	.04832938	.4295364	0
793.15	0	.5213094	.04919372	.4294969	0
792.15	0	.5204737	.05007363	.4294527	0
791.15	0	.5196261	.05097014	.4294038	0
790.15	0	.5187659	.05188436	.4293497	0
789.15	0	.5178921	.05281755	.4292903	0
788.15	0	.5170036	.0537711	.4292253	0
787.15	0	.5160993	.05474655	.4291542	0
786.15	0	.5151777	.05574561	.4290766	0
785.15	0	.5142375	.05677024	.4289922	0
784.15	0	.5132769	.05782263	.4289004	0
783.15	0	.5119909	.05927887	.4287303	0
782.15	0	.5103572	.06116861	.4284741	0
781.15	0	.5088071	.06296093	.428232	0
780.15	0	.5073328	.06466481	.4280024	0
779.15	0	.5059275	.06628805	.4277844	0
778.15	0	.5045855	.06783752	.427577	0
777.15	0	.5033016	.06931923	.4273792	0
776.15	0	.5020712	.07073852	.4271903	0
775.15	0	.5008903	.07210013	.4270096	0
774.15	0	.4997552	.07340828	.4268365	0
773.15	0	.4986628	.07466677	.4266705	0
772.15	0	.4976101	.07587898	.4265109	0
771.15	0	.4965945	.07704799	.4263575	0
770.15	0	.4956136	.07817659	.4262098	0
769.15	0	.4946654	.07926729	.4260674	0
768.15	0	.4937477	.08032239	.4259299	0
767.15	0	.4928589	.08134399	.4257971	0
766.15	0	.4919973	.08233401	.4256687	0
765.15	0	.4911614	.08329422	.4255444	0
764.15	0	.4903498	.08422623	.4254239	0
763.15	0	.4895613	.08513155	.4253072	0
762.15	0	.4887946	.08601155	.4251938	0
761.15	0	.4880487	.08686752	.4250838	0
760.15	0	.4873225	.08770065	.4249768	0
759.15	0	.4866152	.08851203	.4248728	0
758.15	0	.4859258	.08930269	.4247715	0
757.15	0	.4852535	.0900736	.4246729	0
756.15	0	.4845976	.09082564	.4245767	0
755.15	0	.4839574	.09155966	.424483	0
754.15	0	.4833321	.09227644	.4243915	0
753.15	0	.4827211	.09297672	.4243021	0
752.15	0	.482124	.09366118	.4242149	0
751.15	0	.48154	.09433047	.4241295	0
750.15	0	.4809687	.09498521	.4240461	0
749.15	0	.4804096	.09562598	.4239644	0
748.15	0	.4798622	.09625332	.4238845	0
747.15	0	.4793261	.09686774	.4238062	0
746.15	0	.4788008	.09746973	.4237294	0
745.15	0	.4782861	.09805975	.4236542	0
744.15	0	.4777814	.09863824	.4235804	0
743.15	0	.4772865	.09920561	.4235079	0
742.15	0	.4768009	.09976226	.4234368	0
741.15	0	.4763245	.1003086	.423367	0
740.15	0	.4758568	.1008449	.4232983	0
739.15	0	.4753977	.1013715	.4232309	0
738.15	0	.4749467	.1018888	.4231645	0
737.15	0	.4745037	.1023971	.4230993	0
736.15	0	.4740684	.1028966	.423035	0
735.15	0	.4736405	.1033877	.4229718	0
734.15	0	.4732199	.1038706	.4229095	0
733.15	0	.4728063	.1043455	.4228482	0
732.15	0	.4723995	.1048128	.4227878	0
731.15	0	.4719993	.1052726	.4227282	0
730.15	0	.4716055	.1057252	.4226694	0
729.15	0	.4712179	.1061707	.4226114	0
728.15	0	.4708363	.1066094	.4225542	0
727.15	0	.4704607	.1070416	.4224978	0
726.15	0	.4700907	.1074673	.4224421	0
725.15	0	.4697263	.1078867	.422387	0
724.15	0	.4693673	.1083001	.4223326	0
723.15	0	.4690136	.1087075	.4222789	0
722.15	0	.468665	.1091092	.4222258	0
721.15	0	.4683214	.1095054	.4221733	0
720.15	0	.4679826	.1098961	.4221214	0
719.15	0	.4676486	.1102815	.42207	0
718.15	0	.4673191	.1106617	.4220192	0
717.15	0	.4669942	.1110369	.4219689	0
716.15	0	.4666737	.1114072	.4219191	0
715.15	0	.4663574	.1117728	.4218698	0
714.15	0	.4660453	.1121337	.421821	0
713.15	0	.4657373	.11249	.4217727	0
712.15	0	.4654333	.1128419	.4217248	0
711.15	0	.4651332	.1131895	.4216773	0
710.15	0	.4648368	.1135329	.4216302	0
709.15	0	.4645442	.1138722	.4215836	0
708.15	0	.4642552	.1142075	.4215374	0
707.15	0	.4639697	.1145388	.4214915	0
706.15	0	.4636877	.1148664	.421446	0
705.15	0	.463409	.1151901	.4214009	0
704.15	0	.4631337	.1155102	.421356	0
703.15	0	.4628616	.1158268	.4213116	0
702.15	0	.4625927	.1161398	.4212675	0
701.15	0	.4623269	.1164494	.4212237	0
700.15	0	.4620641	.1167557	.4211802	0
699.15	0	.4618043	.1170587	.421137	0
698.15	0	.4615474	.1173585	.4210941	0
697.15	0	.4612934	.1176552	.4210514	0
696.15	0	.4610421	.1179488	.4210091	0
695.15	0	.4607936	.1182394	.420967	0
694.15	0	.4605478	.1185271	.4209251	0
693.15	0	.4603045	.1188119	.4208835	0
692.15	0	.4600639	.1190939	.4208422	0
691.15	0	.4598258	.1193731	.4208011	0
690.15	0	.4595902	.1196496	.4207602	0
689.15	0	.4593569	.1199235	.4207196	0
688.15	0	.4591261	.1201948	.4206791	0
687.15	0	.4588976	.1204635	.4206389	0
686.15	0	.4586714	.1207297	.4205989	0
685.15	0	.4584475	.1209935	.420559	0
684.15	0	.4582257	.1212549	.4205194	0
683.15	0	.4580062	.1215139	.42048	0
682.15	0	.4577887	.1217706	.4204407	0
681.15	0	.4575734	.122025	.4204016	0
680.15	0	.4573601	.1222772	.4203627	0
679.15	0	.4571488	.1225272	.420324	0
678.15	0	.4569395	.1227751	.4202854	0
677.15	0	.4567322	.1230209	.420247	0
676.15	0	.4565267	.1232646	.4202087	0
675.15	0	.4563232	.1235062	.4201706	0
674.15	0	.4561215	.1237459	.4201326	0
673.15	0	.4559216	.1239836	.4200948	0
672.15	0	.4557235	.1242194	.4200571	0
671.15	0	.4555271	.1244533	.4200196	0
670.15	0	.4553325	.1246854	.4199821	0
669.15	0	.4551396	.1249156	.4199448	0
668.15	0	.4549484	.125144	.4199077	0
667.15	0	.4547587	.1253706	.4198706	0
666.15	0	.4545708	.1255955	.4198337	0
665.15	0	.4543844	.1258187	.4197969	0
664.15	0	.4541996	.1260403	.4197602	0
663.15	0	.4540163	.1262601	.4197236	0
662.15	0	.4538345	.1264784	.4196871	0
661.15	0	.4536543	.126695	.4196507	0
660.15	0	.4534755	.1269101	.4196145	0
659.15	0	.4532981	.1271236	.4195783	0
658.15	0	.4531222	.1273356	.4195422	0
657.15	0	.4529477	.1275461	.4195062	0
656.15	0	.4527746	.1277551	.4194703	0
655.15	0	.4526028	.1279627	.4194345	0
654.15	0	.4524324	.1281688	.4193988	0
653.15	0	.4522633	.1283736	.4193631	0
652.15	0	.4520956	.1285769	.4193276	0
651.15	0	.4519291	.1287789	.4192921	0
650.15	0	.4517638	.1289795	.4192567	0
649.15	0	.4515999	.1291788	.4192214	0
648.15	0	.4514371	.1293767	.4191862	0
647.15	0	.4512756	.1295734	.419151	0
646.15	0	.4511153	.1297689	.4191159	0
645.15	0	.4509561	.129963	.4190809	0
644.15	0	.4507982	.1301559	.4190459	0
643.15	0	.4506413	.1303477	.419011	0
642.15	0	.4504856	.1305382	.4189762	0
641.15	0	.4503311	.1307275	.4189414	0
640.15	0	.4501776	.1309157	.4189067	0
639.15	0	.4500252	.1311027	.4188721	0
638.15	0	.4498739	.1312886	.4188375	0
637.15	0	.4497237	.1314733	.418803	0
636.15	0	.4495745	.131657	.4187685	0
635.15	0	.4494263	.1318395	.4187341	0
634.15	0	.4492792	.132021	.4186998	0
633.15	0	.4491331	.1322015	.4186655	0
632.15	0	.4489879	.1323808	.4186312	0
631.15	0	.4488438	.1325592	.418597	0
630.15	0	.4487006	.1327365	.4185629	0
629.15	0	.4485584	.1329128	.4185288	0
628.15	0	.4484171	.1330881	.4184948	0
627.15	0	.4482768	.1332625	.4184608	0
626.15	0	.4481374	.1334358	.4184268	0
625.15	0	.4479989	.1336082	.4183929	0
624.15	0	.4478612	.1337797	.4183591	0
623.15	0	.4477245	.1339502	.4183252	0
622.15	0	.4475887	.1341198	.4182915	0
621.15	0	.4474538	.1342885	.4182577	0
620.15	0	.4473197	.1344563	.418224	0
619.15	0	.4471864	.1346232	.4181904	0
618.15	0	.447054	.1347892	.4181568	0
617.15	0	.4469224	.1349544	.4181232	0
616.15	0	.4467917	.1351186	.4180897	0
615.15	0	.4466617	.1352821	.4180562	0
614.15	0	.4465326	.1354447	.4180228	0
613.15	0	.4464042	.1356064	.4179894	0
612.15	0	.4462767	.1357674	.417956	0
611.15	0	.4461499	.1359275	.4179226	0
610.15	0	.4460239	.1360868	.4178893	0
609.15	0	.4458986	.1362453	.4178561	0
608.15	0	.4457741	.1364031	.4178228	0
607.15	0	.4456503	.13656	.4177896	0
606.15	0	.4455273	.1367162	.4177565	0
605.15	0	.445405	.1368717	.4177233	0
604.15	0	.4452834	.1370263	.4176902	0
603.15	0	.4451626	.1371803	.4176572	0
602.15	0	.4450424	.1373335	.4176241	0
601.15	0	.4449229	.1374859	.4175911	0
600.15	0	.4448042	.1376377	.4175582	0
599.15	0	.4446861	.1377887	.4175252	0
598.15	0	.4445687	.137939	.4174923	0
597.15	0	.4444519	.1380886	.4174595	0
596.15	0	.4443359	.1382375	.4174266	0
595.15	0	.4442204	.1383858	.4173938	0
594.15	0	.4441057	.1385333	.417361	0
593.15	0	.4439915	.1386802	.4173283	0
592.15	0	.4438781	.1388264	.4172955	0
591.15	0	.4437652	.138972	.4172628	0
590.15	0	.443653	.1391168	.4172302	0
589.15	0	.4435414	.1392611	.4171976	0
588.15	0	.4434304	.1394047	.4171649	0
587.15	0	.44332	.1395476	.4171324	0
586.15	0	.4432102	.13969	.4170998	0
585.15	0	.443101	.1398317	.4170673	0
584.15	0	.4429924	.1399728	.4170348	0
583.15	0	.4428844	.1401132	.4170023	0
582.15	0	.442777	.1402531	.4169699	0
581.15	0	.4426702	.1403923	.4169375	0
580.15	0	.4425639	.140531	.4169051	0
579.15	0	.4424582	.1406691	.4168728	0
578.15	0	.442353	.1408065	.4168405	0
577.15	0	.4422484	.1409434	.4168082	0
576.15	0	.4421444	.1410797	.4167759	0
575.15	0	.4420409	.1412155	.4167437	0
574.15	0	.4419379	.1413506	.4167115	0
573.15	0	.4418355	.1414852	.4166793	0
572.15	0	.4417336	.1416193	.4166471	0
571.15	0	.4416322	.1417527	.416615	0
570.15	0	.4415314	.1418857	.4165829	0
569.15	0	.4414311	.1420181	.4165509	0
568.15	0	.4413313	.1421499	.4165188	0
567.15	0	.441232	.1422812	.4164868	0
566.15	0	.4411332	.142412	.4164548	0
565.15	0	.4410349	.1425422	.4164229	0
564.15	0	.4409371	.1426719	.416391	0
563.15	0	.4408398	.1428011	.4163591	0
562.15	0	.4407431	.1429297	.4163272	0
561.15	0	.4406467	.1430579	.4162954	0
560.15	0	.4405509	.1431855	.4162636	0
559.15	0	.4404556	.1433127	.4162318	0
558.15	0	.4403607	.1434393	.4162	0
557.15	0	.4402663	.1435654	.4161683	0
556.15	0	.4401724	.143691	.4161366	0
555.15	0	.4400789	.1438161	.416105	0
554.15	0	.4399859	.1439408	.4160734	0
553.15	0	.4398933	.1440649	.4160418	0
552.15	0	.4398012	.1441886	.4160102	0
551.15	0	.4397096	.1443118	.4159786	0
550.15	0	.4396184	.1444345	.4159471	0
549.15	0	.4395276	.1445567	.4159157	0
548.15	0	.4394374	.1446784	.4158841	0
547.15	0	.4393475	.1447997	.4158527	0
546.15	0	.4392581	.1449206	.4158213	0
545.15	0	.4391691	.1450409	.41579	0
544.15	0	.4390805	.1451608	.4157587	0
543.15	0	.4389924	.1452802	.4157274	0
542.15	0	.4389047	.1453992	.4156961	0
541.15	0	.4388174	.1455177	.4156649	0
540.15	0	.4387305	.1456358	.4156337	0
539.15	0	.438644	.1457535	.4156025	0
538.15	0	.438558	.1458706	.4155714	0
537.15	0	.4384723	.1459874	.4155403	0
536.15	0	.4383871	.1461037	.4155093	0
535.15	0	.4383022	.1462195	.4154782	0
534.15	0	.4382178	.146335	.4154472	0
533.15	0	.4381338	.14645	.4154163	0
532.15	0	.4380501	.1465645	.4153854	0
531.15	0	.4379669	.1466787	.4153545	0
530.15	0	.437884	.1467924	.4153236	0
529.15	0	.4378016	.1469056	.4152928	0
528.15	0	.4377195	.1470185	.415262	0
527.15	0	.4376378	.147131	.4152313	0
526.15	0	.4375565	.147243	.4152006	0
525.15	0	.4374755	.1473546	.4151699	0
524.15	0	.437395	.1474658	.4151392	0
523.15	0	.4373148	.1475766	.4151086	0
522.15	0	.437235	.147687	.4150781	0
521.15	0	.4371555	.1477969	.4150475	0
520.15	0	.4370765	.1479065	.415017	0
519.15	0	.4369978	.1480156	.4149866	0
518.15	0	.4369194	.1481244	.4149562	0
517.15	0	.4368414	.1482328	.4149258	0
516.15	0	.4367638	.1483407	.4148955	0
515.15	0	.4366866	.1484483	.4148652	0
514.15	0	.4366096	.1485554	.4148349	0
513.15	0	.4365331	.1486622	.4148047	0
512.15	0	.4364569	.1487686	.4147745	0
511.15	0	.436381	.1488746	.4147444	0
510.15	0	.4363055	.1489802	.4147143	0
509.15	0	.4362304	.1490854	.4146842	0
508.15	0	.4361556	.1491902	.4146542	0
507.15	0	.4360811	.1492947	.4146242	0
506.15	0	.436007	.1493987	.4145943	0
505.15	0	.4359332	.1495024	.4145644	0
504.15	0	.4358597	.1496057	.4145346	0
503.15	0	.4357866	.1497086	.4145048	0
502.15	0	.4357138	.1498112	.414475	0
501.15	0	.4356414	.1499134	.4144453	0
500.15	0	.4355692	.1500151	.4144156	0
499.15	0	.4354974	.1501166	.414386	0
498.15	0	.435426	.1502176	.4143564	0
497.15	0	.4353548	.1503183	.4143269	0
496.15	0	.435284	.1504186	.4142974	0
495.15	0	.4352135	.1505186	.4142679	0
494.15	0	.4351433	.1506182	.4142385	0
493.15	0	.4350734	.1507174	.4142092	0
492.15	0	.4350039	.1508162	.4141799	0
491.15	0	.4349347	.1509147	.4141506	0
490.15	0	.4348658	.1510129	.4141214	0
489.15	0	.4347972	.1511106	.4140922	0
488.15	0	.4347289	.151208	.4140631	0
487.15	0	.4346609	.1513051	.414034	0
486.15	0	.4345932	.1514018	.414005	0
485.15	0	.4345258	.1514981	.413976	0
484.15	0	.4344588	.1515941	.4139471	0
483.15	0	.434392	.1516898	.4139182	0
482.15	0	.4343256	.151785	.4138894	0
481.15	0	.4342594	.15188	.4138606	0
480.15	0	.4341936	.1519745	.4138319	0
479.15	0	.434128	.1520688	.4138032	0
478.15	0	.4340627	.1521627	.4137746	0
477.15	0	.4339978	.1522562	.413746	0
476.15	0	.4339331	.1523494	.4137175	0
475.15	0	.4338687	.1524422	.4136891	0
474.15	0	.4338047	.1525347	.4136606	0
473.15	0	.4337409	.1526269	.4136323	0
472.15	0	.4336774	.1527187	.413604	0
471.15	0	.4336141	.1528101	.4135757	0
470.15	0	.4335512	.1529013	.4135475	0
469.15	0	.4334886	.1529921	.4135194	0
468.15	0	.4334262	.1530825	.4134913	0
467.15	0	.4333641	.1531726	.4134633	0
466.15	0	.4333024	.1532624	.4134353	0
465.15	0	.4332408	.1533518	.4134074	0
464.15	0	.4331796	.1534409	.4133795	0
463.15	0	.4331187	.1535297	.4133517	0
462.15	0	.433058	.1536181	.4133239	0
461.15	0	.4329976	.1537062	.4132962	0
460.15	0	.4329375	.1537939	.4132686	0
459.15	0	.4328776	.1538814	.413241	0
458.15	0	.4328181	.1539685	.4132135	0
457.15	0	.4327588	.1540552	.413186	0
456.15	0	.4326997	.1541417	.4131586	0
455.15	0	.432641	.1542277	.4131313	0
454.15	0	.4325825	.1543135	.413104	0
453.15	0	.4325242	.154399	.4130768	0
452.15	0	.4324663	.1544841	.4130496	0
451.15	0	.4324086	.1545689	.4130225	0
450.15	0	.4323512	.1546534	.4129955	0
449.15	0	.432294	.1547374	.4129685	0
448.15	0	.4322372	.1548212	.4129416	0
447.15	0	.4321806	.1549046	.4129148	0
446.15	0	.4321243	.1549877	.412888	0
445.15	0	.4320682	.1550705	.4128613	0
444.15	0	.4320124	.1551529	.4128347	0
443.15	0	.4319569	.1552349	.4128081	0
442.15	0	.4319017	.1553167	.4127817	0
441.15	0	.4318467	.155398	.4127553	0
440.15	0	.4317921	.155479	.4127289	0
439.15	0	.4317377	.1555597	.4127027	0
438.15	0	.4316836	.1556399	.4126765	0
437.15	0	.4316297	.1557199	.4126504	0
436.15	0	.4315762	.1557994	.4126244	0
435.15	0	.4315229	.1558786	.4125985	0
434.15	0	.4314699	.1559575	.4125726	0
433.15	0	.4314172	.1560359	.4125469	0
432.15	0	.4313648	.156114	.4125212	0
431.15	0	.4313127	.1561917	.4124956	0
430.15	0	.4312608	.156269	.4124701	0
429.15	0	.4312093	.156346	.4124447	0
428.15	0	.431158	.1564226	.4124194	0
427.15	0	.431107	.1564988	.4123942	0
426.15	0	.4310563	.1565746	.4123691	0
425.15	0	.4310059	.1566501	.412344	0
424.15	0	.4309558	.1567251	.4123191	0
423.15	0	.430906	.1567998	.4122942	0
422.15	0	.4308564	.1568741	.4122695	0
421.15	0	.4308071	.1569481	.4122448	0
420.15	0	.4307581	.1570216	.4122203	0
419.15	0	.4307094	.1570948	.4121958	0
418.15	0	.430661	.1571676	.4121714	0
417.15	0	.4306129	.15724	.4121471	0
416.15	0	.430565	.157312	.412123	0
415.15	0	.4305174	.1573837	.4120989	0
414.15	0	.4304701	.1574549	.4120749	0
413.15	0	.4304231	.1575258	.412051	0
412.15	0	.4303764	.1575963	.4120273	0
411.15	0	.4303299	.1576665	.4120036	0
410.15	0	.4302837	.1577363	.41198	0
409.15	0	.4302378	.1578057	.4119565	0
408.15	0	.4301922	.1578747	.4119331	0
407.15	0	.4301468	.1579433	.4119099	0
406.15	0	.4301017	.1580116	.4118867	0
405.15	0	.4300569	.1580795	.4118636	0
404.15	0	.4300124	.158147	.4118406	0
403.15	0	.4299681	.1582142	.4118177	0
402.15	0	.4299241	.158281	.411795	0
401.15	0	.4298803	.1583474	.4117723	0
400.15	0	.4298368	.1584135	.4117497	0
399.15	0	.4297936	.1584792	.4117272	0
398.15	0	.4297506	.1585445	.4117049	0
397.15	0	.4297079	.1586095	.4116826	0
396.15	0	.4296655	.1586742	.4116604	0
395.15	0	.4296233	.1587384	.4116383	0
394.15	0	.4295813	.1588024	.4116164	0
393.15	0	.4295396	.1588659	.4115945	0
392.15	0	.4294982	.1589291	.4115727	0
391.15	0	.429457	.158992	.411551	0
390.15	0	.429416	.1590545	.4115294	0
389.15	0	.4293753	.1591167	.411508	0
388.15	0	.4293349	.1591786	.4114866	0
387.15	0	.4292947	.1592401	.4114653	0
386.15	0	.4292547	.1593012	.4114441	0
385.15	0	.429215	.159362	.411423	0
384.15	0	.4291755	.1594225	.411402	0
383.15	0	.4291362	.1594827	.4113811	0
382.15	0	.4290972	.1595425	.4113603	0
381.15	0	.4290584	.159602	.4113396	0
380.15	0	.4290198	.1596612	.411319	0
379.15	0	.4289815	.1597201	.4112985	0
378.15	0	.4289433	.1597786	.4112781	0
377.15	0	.4289054	.1598368	.4112578	0
376.15	0	.4288678	.1598947	.4112375	0
375.15	0	.4288303	.1599523	.4112174	0
374.15	0	.4287931	.1600096	.4111973	0
373.15	0	.428756	.1600666	.4111774	0
372.15	0	.4287192	.1601232	.4111575	0
371.15	0	.4286826	.1601796	.4111378	0
370.15	0	.4286462	.1602357	.4111181	0
369.15	0	.4286101	.1602914	.4110985	0
368.15	0	.4285741	.1603469	.411079	0
367.15	0	.4285383	.160402	.4110596	0
366.15	0	.4285027	.1604569	.4110403	0
365.15	0	.4284674	.1605115	.4110211	0
364.15	0	.4284322	.1605658	.411002	0
363.15	0	.4283972	.1606199	.410983	0
362.15	0	.4283624	.1606736	.410964	0
361.15	0	.4283278	.160727	.4109451	0
360.15	0	.4282934	.1607802	.4109263	0
359.15	0	.4282592	.1608331	.4109077	0
358.15	0	.4282252	.1608858	.4108891	0
357.15	0	.4281913	.1609381	.4108705	0
356.15	0	.4281577	.1609902	.4108521	0
355.15	0	.4281242	.1610421	.4108338	0
354.15	0	.4280909	.1610936	.4108155	0
353.15	0	.4280577	.1611449	.4107973	0
352.15	0	.4280248	.161196	.4107792	0
351.15	0	.427992	.1612468	.4107612	0
350.15	0	.4279594	.1612973	.4107433	0
349.15	0	.4279269	.1613476	.4107254	0
348.15	0	.4278947	.1613977	.4107077	0
347.15	0	.4278625	.1614475	.41069	0
346.15	0	.4278306	.1614971	.4106724	0
345.15	0	.4277988	.1615464	.4106548	0
344.15	0	.4277672	.1615955	.4106374	0
343.15	0	.4277357	.1616443	.41062	0
342.15	0	.4277043	.1616929	.4106027	0
341.15	0	.4276732	.1617413	.4105855	0
340.15	0	.4276421	.1617895	.4105684	0
339.15	0	.4276113	.1618374	.4105513	0
338.15	0	.4275806	.1618851	.4105344	0
337.15	0	.42755	.1619326	.4105175	0
336.15	0	.4275195	.1619798	.4105006	0
335.15	0	.4274892	.1620269	.4104839	0
334.15	0	.4274591	.1620737	.4104672	0
333.15	0	.4274291	.1621203	.4104506	0
332.15	0	.4273992	.1621667	.4104341	0
331.15	0	.4273694	.1622129	.4104177	0
330.15	0	.4273398	.1622589	.4104013	0
329.15	0	.4273103	.1623047	.410385	0
328.15	0	.427281	.1623503	.4103687	0
