T	 BPW(LIQUID)	BPW(BCC_A2)	BPW(FCC_A1)	BPW(LAVES_PHASE_C14)	BPW(NI3TI)
1473.15	.2593582	.7406418	0	0	0
1472.15	.256617	.743383	0	0	0
1471.15	.2538946	.7461054	0	0	0
1470.15	.251191	.748809	0	0	0
1469.15	.248506	.751494	0	0	0
1468.15	.2458394	.7541606	0	0	0
1467.15	.2431912	.7568088	0	0	0
1466.15	.2405611	.7594389	0	0	0
1465.15	.237949	.762051	0	0	0
1464.15	.2353549	.7646451	0	0	0
1463.15	.2327785	.7672215	0	0	0
1462.15	.2302198	.7697802	0	0	0
1461.15	.2276785	.7723215	0	0	0
1460.15	.2251547	.7748453	0	0	0
1459.15	.2226481	.777352	0	0	0
1458.15	.2201586	.7798415	0	0	0
1457.15	.217686	.782314	0	0	0
1456.15	.2152304	.7847696	0	0	0
1455.15	.2127915	.7872085	0	0	0
1454.15	.2103692	.7896308	0	0	0
1453.15	.2079633	.7920367	0	0	0
1452.15	.2055739	.7944261	0	0	0
1451.15	.2032007	.7967993	0	0	0
1450.15	.2008436	.7991564	0	0	0
1449.15	.1985025	.8014975	0	0	0
1448.15	.1961773	.8038227	0	0	0
1447.15	.1938679	.8061321	0	0	0
1446.15	.1915741	.8084259	0	0	0
1445.15	.1892959	.8107041	0	0	0
1444.15	.1870331	.8129669	0	0	0
1443.15	.1847856	.8152144	0	0	0
1442.15	.1825533	.8174467	0	0	0
1441.15	.1803361	.8196639	0	0	0
1440.15	.1781339	.8218661	0	0	0
1439.15	.1759465	.8240535	0	0	0
1438.15	.1737739	.8262261	0	0	0
1437.15	.1716159	.8283841	0	0	0
1436.15	.1694724	.8305276	0	0	0
1435.15	.1673435	.8326565	0	0	0
1434.15	.1652288	.8347712	0	0	0
1433.15	.1631283	.8368717	0	0	0
1432.15	.161042	.838958	0	0	0
1431.15	.1589697	.8410303	0	0	0
1430.15	.1569113	.8430887	0	0	0
1429.15	.1548667	.8451333	0	0	0
1428.15	.1528358	.8471642	0	0	0
1427.15	.1508186	.8491814	0	0	0
1426.15	.1488148	.8511852	0	0	0
1425.15	.1468245	.8531755	0	0	0
1424.15	.1448475	.8551525	0	0	0
1423.15	.1428837	.8571163	0	0	0
1422.15	.1409331	.8590669	0	0	0
1421.15	.1389954	.8610046	0	0	0
1420.15	.1370707	.8629293	0	0	0
1419.15	.1351589	.8648411	0	0	0
1418.15	.1332598	.8667402	0	0	0
1417.15	.1313734	.8686266	0	0	0
1416.15	.1294995	.8705005	0	0	0
1415.15	.1276381	.8723619	0	0	0
1414.15	.1257891	.8742109	0	0	0
1413.15	.1239524	.8760476	0	0	0
1412.15	.1221279	.8778721	0	0	0
1411.15	.1203156	.8796844	0	0	0
1410.15	.1185153	.8814847	0	0	0
1409.15	.1167269	.8832731	0	0	0
1408.15	.1149504	.8850496	0	0	0
1407.15	.1131857	.8868143	0	0	0
1406.15	.1114326	.8885674	0	0	0
1405.15	.1096912	.8903088	0	0	0
1404.15	.1079614	.8920386	0	0	0
1403.15	.1062429	.8937571	0	0	0
1402.15	.1045359	.8954641	0	0	0
1401.15	.1028401	.8971599	0	0	0
1400.15	.1011556	.8988444	0	0	0
1399.15	.09948215	.9005178	0	0	0
1398.15	.09781978	.9021802	0	0	0
1397.15	.09616838	.9038316	0	0	0
1396.15	.09452789	.9054721	0	0	0
1395.15	.09289821	.9071018	0	0	0
1394.15	.09127928	.9087207	0	0	0
1393.15	.08967102	.910329	0	0	0
1392.15	.08807335	.9119267	0	0	0
1391.15	.08648621	.9135138	0	0	0
1390.15	.08490952	.9150905	0	0	0
1389.15	.0833432	.9166568	0	0	0
1388.15	.08178719	.9182128	0	0	0
1387.15	.0802414	.9197586	0	0	0
1386.15	.07870578	.9212942	0	0	0
1385.15	.07718025	.9228198	0	0	0
1384.233	.07579085	.9242092	0	0	0
1384.233	.07579085	.9242092	0	0	0
1384.233	.07579085	.9242092	0	0	0
1384.15	.07559089	.9243188	0	9.033736E-05	0
1383.15	.07320757	.9256234	0	.001169067	0
1382.15	.0708471	.9269118	0	.002241063	0
1381.15	.06850914	.9281844	0	.003306434	0
1380.15	.06619332	.9294414	0	.004365282	0
1379.15	.0638993	.930683	0	.005417711	0
1378.15	.06162673	.9319095	0	.006463821	0
1377.15	.05937528	.933121	0	.007503709	0
1376.15	.05714463	.9343179	0	.008537473	0
1375.15	.05493445	.9355004	0	.009565205	0
1374.15	.05274442	.9366686	0	.010587	0
1373.15	.05057424	.9378228	0	.01160294	0
1372.15	.04842361	.9389633	0	.01261313	0
1371.15	.04629222	.9400901	0	.01361764	0
1370.15	.04417978	.9412036	0	.01461657	0
1369.15	.04208602	.942304	0	.01560999	0
1368.15	.04001064	.9433914	0	.01659798	0
1367.15	.03795338	.944466	0	.01758064	0
1366.15	.03591396	.945528	0	.01855803	0
1365.15	.03389211	.9465777	0	.01953023	0
1364.15	.03188759	.9476151	0	.02049733	0
1363.15	.02990012	.9486405	0	.02145939	0
1362.15	.02792947	.9496541	0	.02241648	0
1361.15	.02597538	.9506559	0	.02336868	0
1360.15	.02403761	.9516463	0	.02431606	0
1359.15	.02211594	.9526254	0	.02525869	0
1358.15	.02021011	.9535933	0	.02619662	0
1357.15	.01831991	.9545502	0	.02712994	0
1356.15	.01644511	.9554962	0	.0280587	0
1355.15	.01458549	.9564315	0	.02898298	0
1354.15	.01274083	.9573564	0	.02990282	0
1353.15	.01091092	.9582708	0	.03081829	0
1352.15	.009095546	.959175	0	.03172946	0
1351.15	.007294511	.9600691	0	.03263638	0
1350.15	.005507611	.9609533	0	.03353911	0
1349.15	.003734644	.9618277	0	.0344377	0
1348.15	.001975419	.9626924	0	.03533222	0
1347.15	2.297414E-04	.9635475	0	.03622272	0
1347.018	0	.9636599	0	.03634013	0
1347.018	0	.9636599	0	.03634013	0
1346.15	0	.9631193	0	.03688066	0
1345.15	0	.9624978	0	.0375022	0
1344.15	0	.9618777	0	.03812232	0
1343.15	0	.961259	0	.03874104	0
1342.15	0	.9606416	0	.03935836	0
1341.15	0	.9600257	0	.03997428	0
1340.15	0	.9594112	0	.04058881	0
1339.15	0	.9587981	0	.04120195	0
1338.15	0	.9581863	0	.0418137	0
1337.15	0	.9575759	0	.04242407	0
1336.15	0	.9569669	0	.04303307	0
1335.15	0	.9563593	0	.04364069	0
1334.15	0	.9557531	0	.04424695	0
1333.15	0	.9551482	0	.04485183	0
1332.15	0	.9545446	0	.04545536	0
1331.15	0	.9539425	0	.04605754	0
1330.15	0	.9533416	0	.04665836	0
1329.15	0	.9527422	0	.04725784	0
1328.15	0	.952144	0	.04785597	0
1327.15	0	.9515472	0	.04845276	0
1326.15	0	.9509518	0	.04904821	0
1325.15	0	.9503577	0	.04964233	0
1324.15	0	.9497649	0	.05023513	0
1323.15	0	.9491734	0	.0508266	0
1322.15	0	.9485833	0	.05141675	0
1321.15	0	.9479944	0	.05200558	0
1320.15	0	.9474069	0	.0525931	0
1319.15	0	.9468207	0	.05317932	0
1318.15	0	.9462358	0	.05376423	0
1317.15	0	.9456522	0	.05434783	0
1316.161	0	.9450761	0	.05492387	0
1316.161	0	.9450761	0	.05492387	0
1316.161	0	.9450761	0	.05492387	0
1316.15	0	.9450566	1.33957E-05	.05493001	0
1315.15	0	.943248	.001253736	.05549827	0
1314.15	0	.9414443	.002490808	.0560649	0
1313.15	0	.9396455	.003724619	.05662991	0
1312.15	0	.9378515	.004955174	.0571933	0
1311.15	0	.9360625	.006182483	.05775507	0
1310.15	0	.9342782	.007406551	.05831523	0
1309.15	0	.9324988	.008627386	.0588738	0
1308.15	0	.9307242	.009844994	.05943077	0
1307.15	0	.9289545	.01105938	.05998615	0
1306.15	0	.9271895	.01227056	.06053995	0
1305.15	0	.9254293	.01347853	.06109218	0
1304.15	0	.9236739	.0146833	.06164284	0
1303.15	0	.9219232	.01588488	.06219193	0
1302.15	0	.9201773	.01708327	.06273947	0
1301.15	0	.9184361	.01827848	.06328546	0
1300.15	0	.9166996	.01947052	.06382991	0
1299.15	0	.9149678	.02065939	.06437282	0
1298.15	0	.9132407	.0218451	.06491419	0
1297.15	0	.9115183	.02302766	.06545404	0
1296.15	0	.9098006	.02420707	.06599237	0
1295.15	0	.9080875	.02538334	.06652919	0
1294.15	0	.906379	.02655647	.0670645	0
1293.15	0	.9046752	.02772647	.06759831	0
1292.15	0	.902976	.02889335	.06813062	0
1291.15	0	.9012814	.03005711	.06866145	0
1290.15	0	.8995915	.03121775	.06919079	0
1289.15	0	.8979061	.03237529	.06971865	0
1288.15	0	.8962252	.03352973	.07024503	0
1287.15	0	.894549	.03468108	.07076995	0
1286.15	0	.8928773	.03582934	.07129341	0
1285.15	0	.8912101	.03697451	.07181542	0
1284.15	0	.8895474	.0381166	.07233597	0
1283.15	0	.8878893	.03925563	.07285509	0
1282.15	0	.8862357	.04039158	.07337276	0
1281.15	0	.8845865	.04152447	.073889	0
1280.15	0	.8829419	.04265431	.07440381	0
1279.15	0	.8813017	.04378109	.0749172	0
1278.15	0	.879666	.04490483	.07542917	0
1277.15	0	.8780347	.04602552	.07593973	0
1276.15	0	.8764079	.04714318	.07644889	0
1275.15	0	.8747855	.04825781	.07695665	0
1274.15	0	.8731676	.04936941	.07746301	0
1273.15	0	.871554	.050478	.07796798	0
1272.15	0	.8699449	.05158356	.07847157	0
1271.15	0	.8683401	.05268611	.07897377	0
1270.15	0	.8667397	.05378566	.07947461	0
1269.15	0	.8651437	.0548822	.07997407	0
1268.15	0	.8635521	.05597575	.08047217	0
1267.15	0	.8619648	.0570663	.08096892	0
1266.15	0	.8603818	.05815386	.08146431	0
1265.15	0	.8588032	.05923844	.08195835	0
1264.15	0	.8572289	.06032004	.08245105	0
1263.15	0	.8556589	.06139867	.08294241	0
1262.15	0	.8540933	.06247432	.08343243	0
1261.15	0	.8525319	.063547	.08392113	0
1260.15	0	.8509748	.06461672	.08440851	0
1259.15	0	.8494219	.06568349	.08489456	0
1258.15	0	.8478734	.06674729	.08537931	0
1257.15	0	.8463291	.06780815	.08586274	0
1256.15	0	.8447891	.06886606	.08634487	0
1255.15	0	.8432533	.06992103	.08682571	0
1254.15	0	.8417217	.07097306	.08730525	0
1253.15	0	.8401944	.07202215	.0877835	0
1252.15	0	.8386712	.07306831	.08826046	0
1251.15	0	.8371523	.07411154	.08873614	0
1250.15	0	.8356376	.07515185	.08921055	0
1249.15	0	.8341271	.07618924	.08968369	0
1248.15	0	.8326207	.07722371	.09015557	0
1247.15	0	.8311186	.07825527	.09062618	0
1246.15	0	.8296206	.07928391	.09109553	0
1245.15	0	.8281267	.08030965	.09156364	0
1244.15	0	.826637	.08133248	.09203049	0
1243.15	0	.8251515	.08235242	.0924961	0
1242.15	0	.8236701	.08336945	.09296048	0
1241.15	0	.8221928	.0843836	.09342362	0
1240.15	0	.8207196	.08539485	.09388553	0
1239.15	0	.8192506	.08640321	.09434621	0
1238.15	0	.8177856	.08740868	.09480567	0
1237.15	0	.8163248	.08841128	.09526392	0
1236.15	0	.814868	.08941099	.09572096	0
1235.15	0	.8134154	.09040783	.09617678	0
1234.15	0	.8119668	.09140179	.09663141	0
1233.15	0	.8105223	.09239289	.09708483	0
1232.15	0	.8090818	.09338111	.09753706	0
1231.15	0	.8076454	.09436647	.0979881	0
1230.15	0	.8062131	.09534896	.09843795	0
1229.15	0	.8047848	.09632859	.09888662	0
1228.15	0	.8033605	.09730536	.09933411	0
1227.15	0	.8019403	.09827928	.09978042	0
1226.15	0	.8005241	.09925034	.1002256	0
1225.15	0	.7991119	.1002186	.1006695	0
1224.15	0	.7977037	.1011839	.1011124	0
1223.15	0	.7962996	.1021464	.101554	0
1222.15	0	.7948994	.1031061	.1019945	0
1221.15	0	.7935032	.1040629	.1024339	0
1220.15	0	.792111	.1050169	.1028721	0
1219.15	0	.7907228	.105968	.1033092	0
1218.15	0	.7893386	.1069163	.1037451	0
1217.15	0	.7879583	.1078618	.1041799	0
1216.15	0	.786582	.1088044	.1046136	0
1215.15	0	.7852097	.1097443	.1050461	0
1214.15	0	.7838413	.1106812	.1054775	0
1213.15	0	.7824768	.1116154	.1059078	0
1212.15	0	.7811163	.1125467	.106337	0
1211.15	0	.7797598	.1134752	.1067651	0
1210.15	0	.7784072	.1144008	.107192	0
1209.15	0	.7770585	.1153237	.1076179	0
1208.15	0	.7757137	.1162437	.1080427	0
1207.15	0	.7743728	.1171609	.1084663	0
1206.15	0	.7730359	.1180752	.1088889	0
1205.15	0	.7717028	.1189868	.1093104	0
1204.15	0	.7703737	.1198955	.1097308	0
1203.15	0	.7690485	.1208015	.1101501	0
1202.15	0	.7677271	.1217046	.1105683	0
1201.15	0	.7664097	.1226049	.1109855	0
1200.15	0	.7650961	.1235023	.1114016	0
1199.15	0	.7637864	.124397	.1118166	0
1198.15	0	.7624806	.1252889	.1122305	0
1197.15	0	.7611787	.1261779	.1126435	0
1196.15	0	.7598806	.1270641	.1130553	0
1195.15	0	.7585864	.1279476	.1134661	0
1194.15	0	.757296	.1288282	.1138758	0
1193.15	0	.7560095	.129706	.1142845	0
1192.15	0	.7547269	.130581	.1146921	0
1191.15	0	.7534481	.1314531	.1150988	0
1190.15	0	.7521731	.1323225	.1155043	0
1189.15	0	.750902	.1331891	.1159089	0
1188.15	0	.7496348	.1340529	.1163124	0
1187.15	0	.7483713	.1349138	.1167148	0
1186.15	0	.7471117	.135772	.1171163	0
1185.15	0	.745856	.1366273	.1175167	0
1184.15	0	.744604	.1374798	.1179162	0
1183.15	0	.7433559	.1383296	.1183146	0
1182.15	0	.7421116	.1391765	.118712	0
1181.15	0	.7408711	.1400206	.1191083	0
1180.15	0	.7396344	.1408619	.1195037	0
1179.15	0	.7384015	.1417004	.1198981	0
1178.15	0	.7371725	.1425361	.1202915	0
1177.15	0	.7359472	.1433689	.1206839	0
1176.15	0	.7347257	.144199	.1210753	0
1175.15	0	.7335081	.1450263	.1214657	0
1174.15	0	.7322942	.1458507	.1218551	0
1173.15	0	.7310841	.1466723	.1222435	0
1172.15	0	.7298779	.1474912	.122631	0
1171.15	0	.7286754	.1483072	.1230175	0
1170.15	0	.7274767	.1491204	.123403	0
1169.15	0	.7262818	.1499308	.1237875	0
1168.15	0	.7250906	.1507383	.1241711	0
1167.15	0	.7239033	.1515431	.1245537	0
1166.15	0	.7227197	.152345	.1249353	0
1165.15	0	.7215399	.1531441	.125316	0
1164.15	0	.7203639	.1539404	.1256957	0
1163.15	0	.7191917	.1547339	.1260745	0
1162.15	0	.7180232	.1555245	.1264523	0
1161.15	0	.7168585	.1563124	.1268291	0
1160.15	0	.7156976	.1570974	.1272051	0
1159.15	0	.7145404	.1578795	.12758	0
1158.15	0	.7133871	.1586589	.1279541	0
1157.15	0	.7122375	.1594354	.1283272	0
1156.15	0	.7110916	.1602091	.1286993	0
1155.15	0	.7099495	.1609799	.1290706	0
1154.15	0	.7088111	.161748	.1294409	0
1153.15	0	.7076766	.1625132	.1298102	0
1152.15	0	.7065458	.1632755	.1301787	0
1151.15	0	.7054188	.164035	.1305462	0
1150.15	0	.7042955	.1647917	.1309128	0
1149.15	0	.703176	.1655455	.1312785	0
1148.15	0	.7020602	.1662965	.1316433	0
1147.15	0	.7009482	.1670446	.1320072	0
1146.15	0	.69984	.1677899	.1323701	0
1145.15	0	.6987355	.1685323	.1327322	0
1144.15	0	.6976348	.1692719	.1330933	0
1143.15	0	.6965379	.1700086	.1334536	0
1142.15	0	.6954446	.1707424	.1338129	0
1141.15	0	.6943552	.1714734	.1341714	0
1140.15	0	.6932695	.1722015	.1345289	0
1139.15	0	.6921876	.1729268	.1348856	0
1138.15	0	.6911095	.1736492	.1352414	0
1137.15	0	.6900351	.1743687	.1355963	0
1136.15	0	.6889644	.1750853	.1359503	0
1135.15	0	.6878975	.1757991	.1363034	0
1134.15	0	.6868344	.17651	.1366556	0
1133.15	0	.6857751	.177218	.137007	0
1132.15	0	.6847195	.1779231	.1373575	0
1131.15	0	.6836676	.1786253	.1377071	0
1130.15	0	.6826196	.1793246	.1380558	0
1129.15	0	.6815753	.180021	.1384037	0
1128.15	0	.6805347	.1807146	.1387507	0
1127.15	0	.679498	.1814052	.1390968	0
1126.15	0	.678465	.1820929	.1394421	0
1125.15	0	.6774358	.1827777	.1397865	0
1124.15	0	.6764103	.1834596	.1401301	0
1123.15	0	.6753886	.1841386	.1404728	0
1122.15	0	.6743707	.1848146	.1408146	0
1121.15	0	.6733566	.1854878	.1411556	0
1120.15	0	.6723463	.186158	.1414958	0
1119.15	0	.6713397	.1868253	.1418351	0
1118.15	0	.6703369	.1874896	.1421735	0
1117.15	0	.6693379	.188151	.1425111	0
1116.15	0	.6683427	.1888094	.1428479	0
1115.15	0	.6673513	.1894649	.1431838	0
1114.15	0	.6663637	.1901175	.1435189	0
1113.15	0	.6653798	.1907671	.1438531	0
1112.15	0	.6643998	.1914137	.1441865	0
1111.15	0	.6634235	.1920574	.1445191	0
1110.15	0	.6624511	.1926981	.1448508	0
1109.15	0	.6614824	.1933358	.1451817	0
1108.15	0	.6605176	.1939706	.1455118	0
1107.15	0	.6595566	.1946024	.1458411	0
1106.15	0	.6585993	.1952312	.1461695	0
1105.15	0	.6576459	.1958569	.1464971	0
1104.15	0	.6566964	.1964797	.1468239	0
1103.15	0	.6557506	.1970995	.1471499	0
1102.15	0	.6548086	.1977163	.147475	0
1101.15	0	.6538705	.1983301	.1477994	0
1100.15	0	.6529362	.1989409	.1481229	0
1099.15	0	.6520058	.1995486	.1484456	0
1098.15	0	.6510792	.2001533	.1487675	0
1097.15	0	.6501564	.200755	.1490886	0
1096.15	0	.6492374	.2013537	.1494089	0
1095.15	0	.6483224	.2019493	.1497284	0
1094.15	0	.6474111	.2025418	.150047	0
1093.15	0	.6465037	.2031314	.1503649	0
1092.15	0	.6456002	.2037178	.150682	0
1091.15	0	.6447006	.2043012	.1509982	0
1090.15	0	.6438048	.2048815	.1513137	0
1089.15	0	.6429129	.2054588	.1516284	0
1088.15	0	.6420248	.206033	.1519422	0
1087.15	0	.6411406	.2066041	.1522553	0
1086.15	0	.6402604	.2071721	.1525676	0
1085.15	0	.639384	.207737	.1528791	0
1084.15	0	.6385115	.2082988	.1531898	0
1083.15	0	.6376429	.2088575	.1534997	0
1082.15	0	.6367782	.209413	.1538088	0
1081.15	0	.6359174	.2099655	.1541171	0
1080.15	0	.6350605	.2105148	.1544247	0
1079.15	0	.6342076	.211061	.1547314	0
1078.15	0	.6333585	.2116041	.1550374	0
1077.15	0	.6325134	.212144	.1553426	0
1076.15	0	.6316722	.2126808	.155647	0
1075.15	0	.630835	.2132144	.1559506	0
1074.15	0	.6300017	.2137448	.1562535	0
1073.15	0	.6291724	.2142721	.1565555	0
1072.15	0	.628347	.2147962	.1568568	0
1071.15	0	.6275255	.2153171	.1571573	0
1070.15	0	.6267081	.2158349	.1574571	0
1069.15	0	.6258946	.2163494	.157756	0
1068.15	0	.6250851	.2168607	.1580542	0
1067.15	0	.6242795	.2173689	.1583516	0
1066.15	0	.623478	.2178738	.1586483	0
1065.15	0	.6226804	.2183755	.1589441	0
1064.15	0	.6218869	.2188739	.1592392	0
1063.15	0	.6210973	.2193691	.1595335	0
1062.15	0	.6203118	.2198611	.1598271	0
1061.15	0	.6195303	.2203498	.1601199	0
1060.15	0	.6187528	.2208353	.1604119	0
1059.15	0	.6179793	.2213175	.1607032	0
1058.15	0	.6172099	.2217965	.1609936	0
1057.15	0	.6164446	.2222721	.1612834	0
1056.15	0	.6156832	.2227445	.1615723	0
1055.15	0	.614926	.2232136	.1618605	0
1054.15	0	.6141728	.2236793	.1621479	0
1053.15	0	.6134236	.2241418	.1624346	0
1052.15	0	.6126786	.224601	.1627205	0
1051.15	0	.6119376	.2250568	.1630056	0
1050.15	0	.6112008	.2255093	.16329	0
1049.15	0	.610468	.2259585	.1635736	0
1048.15	0	.6097393	.2264043	.1638564	0
1047.15	0	.6090148	.2268468	.1641385	0
1046.15	0	.6082943	.2272859	.1644198	0
1045.15	0	.607578	.2277216	.1647003	0
1044.15	0	.6068659	.228154	.1649801	0
1043.15	0	.6061578	.228583	.1652592	0
1042.15	0	.6054539	.2290086	.1655374	0
1041.15	0	.6047542	.2294308	.1658149	0
1040.15	0	.6040587	.2298496	.1660917	0
1039.15	0	.6033673	.230265	.1663677	0
1038.15	0	.6026801	.230677	.1666429	0
1037.15	0	.6019971	.2310856	.1669174	0
1036.15	0	.6013183	.2314907	.1671911	0
1035.15	0	.6006436	.2318924	.167464	0
1034.15	0	.5999732	.2322906	.1677362	0
1033.15	0	.599307	.2326854	.1680076	0
1032.15	0	.5986451	.2330767	.1682783	0
1031.15	0	.5979874	.2334645	.1685482	0
1030.15	0	.5973339	.2338488	.1688173	0
1029.15	0	.5966846	.2342297	.1690857	0
1028.15	0	.5960397	.2346071	.1693533	0
1027.15	0	.5953989	.234981	.1696201	0
1026.15	0	.5947625	.2353513	.1698862	0
1025.15	0	.5941304	.2357181	.1701515	0
1024.15	0	.5935025	.2360815	.1704161	0
1023.15	0	.5928789	.2364412	.1706798	0
1022.15	0	.5922597	.2367975	.1709429	0
1021.15	0	.5916447	.2371502	.1712051	0
1020.15	0	.5910341	.2374993	.1714666	0
1019.15	0	.5904278	.2378449	.1717273	0
1018.15	0	.5898259	.2381869	.1719873	0
1017.15	0	.5892283	.2385253	.1722464	0
1016.15	0	.588635	.2388602	.1725048	0
1015.15	0	.5880461	.2391914	.1727625	0
1014.15	0	.5874616	.2395191	.1730193	0
1013.15	0	.5868815	.2398431	.1732754	0
1012.15	0	.5863057	.2401635	.1735307	0
1011.15	0	.5857344	.2404803	.1737853	0
1010.15	0	.5851675	.2407935	.174039	0
1009.15	0	.5846049	.2411031	.174292	0
1008.15	0	.5840468	.241409	.1745442	0
1007.15	0	.5834931	.2417112	.1747956	0
1006.15	0	.5829439	.2420098	.1750463	0
1005.15	0	.5823991	.2423048	.1752961	0
1004.15	0	.5818587	.2425961	.1755452	0
1003.15	0	.5813229	.2428837	.1757935	0
1002.15	0	.5807914	.2431676	.176041	0
1001.15	0	.5802645	.2434478	.1762877	0
1000.15	0	.579742	.2437244	.1765336	0
999.15	0	.5792241	.2439972	.1767787	0
998.15	0	.5787106	.2442664	.1770231	0
997.15	0	.5782017	.2445318	.1772666	0
996.15	0	.5776972	.2447935	.1775093	0
995.15	0	.5771973	.2450515	.1777512	0
994.15	0	.5767019	.2453057	.1779924	0
993.15	0	.576211	.2455563	.1782327	0
992.15	0	.5757247	.2458031	.1784722	0
991.15	0	.575243	.2460461	.1787109	0
990.15	0	.5747658	.2462854	.1789488	0
989.15	0	.5742931	.246521	.1791859	0
988.15	0	.5738251	.2467528	.1794221	0
987.15	0	.5733616	.2469808	.1796576	0
986.15	0	.5729027	.2472051	.1798922	0
985.15	0	.5724484	.2474256	.180126	0
984.15	0	.5719987	.2476424	.180359	0
983.15	0	.5715536	.2478553	.1805911	0
982.15	0	.5711131	.2480645	.1808224	0
981.15	0	.5706772	.2482699	.1810529	0
980.15	0	.5702459	.2484716	.1812825	0
979.15	0	.5698193	.2486694	.1815113	0
978.15	0	.5693973	.2488634	.1817393	0
977.15	0	.5689799	.2490537	.1819664	0
976.15	0	.5685672	.2492402	.1821926	0
975.15	0	.5681591	.2494229	.182418	0
974.15	0	.5677557	.2496018	.1826426	0
973.15	0	.5673569	.2497769	.1828662	0
972.15	0	.5669628	.2499482	.183089	0
971.15	0	.5665733	.2501157	.183311	0
970.15	0	.5661886	.2502794	.183532	0
969.15	0	.5658085	.2504393	.1837522	0
968.15	0	.565433	.2505955	.1839715	0
967.15	0	.5650622	.2507478	.1841899	0
966.15	0	.5646961	.2508964	.1844075	0
965.15	0	.5643347	.2510412	.1846241	0
964.15	0	.563978	.2511822	.1848398	0
963.15	0	.5636259	.2513194	.1850547	0
962.15	0	.5632786	.2514528	.1852686	0
961.15	0	.5629359	.2515825	.1854816	0
960.15	0	.5625979	.2517084	.1856937	0
959.15	0	.5622646	.2518305	.1859049	0
958.15	0	.561936	.2519489	.1861151	0
957.15	0	.561612	.2520636	.1863244	0
956.15	0	.5612928	.2521744	.1865328	0
955.15	0	.5609782	.2522816	.1867402	0
954.15	0	.5606683	.252385	.1869467	0
953.15	0	.560363	.2524847	.1871523	0
952.15	0	.5600625	.2525807	.1873568	0
951.15	0	.5597666	.252673	.1875604	0
950.15	0	.5594753	.2527616	.187763	0
949.15	0	.5591888	.2528465	.1879647	0
948.15	0	.5589069	.2529278	.1881653	0
947.15	0	.5586296	.2530054	.188365	0
946.15	0	.558357	.2530794	.1885637	0
945.15	0	.558089	.2531497	.1887614	0
944.15	0	.5578256	.2532164	.188958	0
943.15	0	.5575669	.2532795	.1891536	0
942.15	0	.5573128	.253339	.1893482	0
941.15	0	.5570632	.253395	.1895418	0
940.15	0	.5568183	.2534474	.1897343	0
939.15	0	.5565779	.2534963	.1899258	0
938.15	0	.5563421	.2535416	.1901162	0
937.15	0	.5561109	.2535835	.1903056	0
936.15	0	.5558842	.2536219	.1904939	0
935.15	0	.555662	.2536569	.1906811	0
934.15	0	.5554444	.2536884	.1908672	0
933.15	0	.5552312	.2537166	.1910522	0
932.15	0	.5550225	.2537414	.1912361	0
931.15	0	.5548183	.2537628	.1914189	0
930.15	0	.5546186	.2537809	.1916006	0
929.15	0	.5544232	.2537957	.1917811	0
928.15	0	.5542323	.2538073	.1919605	0
927.15	0	.5540457	.2538156	.1921387	0
926.15	0	.5538635	.2538208	.1923157	0
925.15	0	.5536856	.2538228	.1924916	0
924.15	0	.5535121	.2538216	.1926663	0
923.15	0	.5533428	.2538174	.1928398	0
922.15	0	.5531778	.2538101	.1930121	0
921.15	0	.553017	.2537998	.1931831	0
920.15	0	.5528605	.2537866	.193353	0
919.15	0	.5527081	.2537704	.1935215	0
918.15	0	.5525598	.2537514	.1936888	0
917.15	0	.5524156	.2537295	.1938549	0
916.15	0	.5522755	.2537048	.1940197	0
915.15	0	.5521394	.2536774	.1941831	0
914.15	0	.5520074	.2536473	.1943453	0
913.15	0	.5518793	.2536146	.1945061	0
912.15	0	.5517551	.2535793	.1946656	0
911.15	0	.5516347	.2535415	.1948238	0
910.15	0	.5515182	.2535012	.1949806	0
909.15	0	.5514055	.2534586	.195136	0
908.15	0	.5512965	.2534136	.19529	0
907.15	0	.5511912	.2533663	.1954426	0
906.15	0	.5510895	.2533168	.1955937	0
905.15	0	.5509913	.2532652	.1957434	0
904.15	0	.5508968	.2532116	.1958917	0
903.15	0	.5508056	.2531559	.1960385	0
902.15	0	.5507179	.2530984	.1961837	0
901.15	0	.5506335	.253039	.1963275	0
900.15	0	.5505524	.2529779	.1964697	0
899.15	0	.5504745	.2529151	.1966104	0
898.15	0	.5503997	.2528508	.1967495	0
897.15	0	.550328	.252785	.196887	0
896.15	0	.5502593	.2527178	.1970228	0
895.15	0	.5501936	.2526494	.1971571	0
894.15	0	.5501306	.2525797	.1972897	0
893.15	0	.5500704	.252509	.1974206	0
892.15	0	.5500129	.2524374	.1975497	0
891.15	0	.549958	.2523649	.1976772	0
890.15	0	.5499055	.2522916	.1978029	0
889.15	0	.5498554	.2522178	.1979268	0
888.15	0	.5498077	.2521435	.1980489	0
887.15	0	.5497621	.2520688	.1981691	0
886.15	0	.5497186	.2519939	.1982875	0
885.15	0	.5496771	.2519189	.198404	0
884.15	0	.5496374	.251844	.1985186	0
883.15	0	.5495995	.2517693	.1986312	0
882.15	0	.5495632	.251695	.1987418	0
881.15	0	.5495284	.2516212	.1988504	0
880.15	0	.549495	.2515481	.198957	0
879.15	0	.5494627	.2514758	.1990614	0
878.15	0	.5494316	.2514047	.1991637	0
877.15	0	.5494014	.2513347	.1992639	0
876.15	0	.5493719	.2512663	.1993618	0
875.15	0	.5493431	.2511994	.1994575	0
874.15	0	.5493147	.2511344	.1995508	0
873.15	0	.5492866	.2510715	.1996419	0
872.15	0	.5492586	.2510109	.1997305	0
871.15	0	.5492305	.2509528	.1998167	0
870.15	0	.5492021	.2508975	.1999004	0
869.15	0	.5491732	.2508453	.1999815	0
868.15	0	.5491436	.2507964	.2000601	0
867.15	0	.549113	.250751	.2001359	0
866.15	0	.5490813	.2507097	.2002091	0
865.15	0	.5490481	.2506725	.2002794	0
864.15	0	.5490132	.2506399	.2003469	0
863.15	0	.5489764	.2506121	.2004114	0
862.15	0	.5489373	.2505897	.200473	0
861.15	0	.5488957	.2505729	.2005314	0
860.15	0	.5488512	.2505622	.2005866	0
859.15	0	.5488035	.2505579	.2006386	0
858.15	0	.5487523	.2505606	.2006872	0
857.15	0	.548697	.2505707	.2007323	0
856.15	0	.5486375	.2505888	.2007738	0
855.15	0	.5485732	.2506153	.2008116	0
854.15	0	.5485036	.2506509	.2008456	0
853.15	0	.5484283	.2506961	.2008756	0
852.15	0	.5483468	.2507517	.2009015	0
851.15	0	.5482585	.2508184	.2009231	0
850.15	0	.5481105	.2509591	.2009304	0
849.15	0	.547643	.2514841	.2008729	0
848.15	0	.5472205	.2519612	.2008184	0
847.15	0	.5468396	.252394	.2007665	0
846.15	0	.5464973	.2527857	.200717	0
845.15	0	.5461909	.2531393	.2006698	0
844.15	0	.5459179	.2534577	.2006244	0
843.15	0	.5456759	.2537432	.2005809	0
842.15	0	.5454629	.2539982	.2005389	0
841.15	0	.5452769	.2542247	.2004984	0
840.15	0	.5451161	.2544247	.2004593	0
839.15	0	.5449788	.2545999	.2004213	0
838.15	0	.5448636	.2547521	.2003844	0
837.15	0	.5447689	.2548827	.2003484	0
836.15	0	.5446935	.2549931	.2003134	0
835.15	0	.5446361	.2550848	.2002792	0
834.15	0	.5445955	.2551589	.2002457	0
833.15	0	.5445706	.2552165	.2002128	0
832.15	0	.5445605	.2552589	.2001806	0
831.15	0	.5445642	.2552869	.2001489	0
830.15	0	.5445808	.2553015	.2001177	0
829.15	0	.5446095	.2553036	.2000869	0
828.15	0	.5446494	.255294	.2000566	0
827.15	0	.5446998	.2552736	.2000266	0
826.15	0	.5447601	.255243	.199997	0
825.15	0	.5448295	.2552029	.1999676	0
824.15	0	.5449075	.255154	.1999385	0
823.15	0	.5449935	.2550969	.1999096	0
822.15	0	.5450869	.2550322	.199881	0
821.15	0	.5451872	.2549603	.1998525	0
820.15	0	.5452939	.2548819	.1998242	0
819.15	0	.5454066	.2547974	.1997961	0
818.15	0	.5455248	.2547072	.199768	0
817.15	0	.5456481	.2546118	.1997401	0
816.15	0	.5457761	.2545116	.1997123	0
815.15	0	.5459085	.254407	.1996845	0
814.15	0	.5460448	.2542983	.1996568	0
813.15	0	.5461849	.2541859	.1996292	0
812.15	0	.5463283	.25407	.1996016	0
811.15	0	.5464748	.2539511	.1995741	0
810.15	0	.5466241	.2538293	.1995465	0
809.15	0	.546776	.253705	.199519	0
808.15	0	.5469301	.2535784	.1994915	0
807.15	0	.5470862	.2534497	.199464	0
806.15	0	.5472442	.2533192	.1994365	0
805.15	0	.5474039	.2531871	.199409	0
804.15	0	.5475649	.2530536	.1993815	0
803.15	0	.5477272	.2529189	.1993539	0
802.15	0	.5478906	.2527831	.1993263	0
801.15	0	.5480549	.2526465	.1992987	0
800.15	0	.5482199	.2525091	.199271	0
799.15	0	.5483855	.2523712	.1992433	0
798.15	0	.5485516	.2522329	.1992155	0
797.15	0	.548718	.2520943	.1991877	0
796.15	0	.5488846	.2519555	.1991599	0
795.15	0	.5490513	.2518167	.199132	0
794.15	0	.549218	.251678	.199104	0
793.15	0	.5493845	.2515395	.199076	0
792.15	0	.5495508	.2514012	.199048	0
791.15	0	.5497169	.2512633	.1990198	0
790.15	0	.5498825	.2511259	.1989916	0
789.15	0	.5500476	.250989	.1989634	0
788.15	0	.5502122	.2508528	.198935	0
787.15	0	.5503761	.2507172	.1989066	0
786.15	0	.5505394	.2505824	.1988782	0
785.15	0	.5507019	.2504484	.1988496	0
784.15	0	.5508637	.2503153	.198821	0
783.15	0	.5510245	.2501831	.1987924	0
782.15	0	.5511845	.2500519	.1987636	0
781.15	0	.5513434	.2499218	.1987348	0
780.15	0	.5515014	.2497927	.1987059	0
779.15	0	.5516583	.2496647	.198677	0
778.15	0	.5518142	.2495379	.1986479	0
777.15	0	.5519689	.2494123	.1986188	0
776.15	0	.5521225	.2492878	.1985896	0
775.15	0	.5522749	.2491647	.1985604	0
774.15	0	.5524261	.2490428	.1985311	0
773.15	0	.5525761	.2489223	.1985017	0
772.15	0	.5527248	.248803	.1984722	0
771.15	0	.5528723	.2486851	.1984426	0
770.15	0	.5530184	.2485686	.198413	0
769.15	0	.5531633	.2484534	.1983833	0
768.15	0	.5533068	.2483397	.1983535	0
767.15	0	.553449	.2482273	.1983237	0
766.15	0	.5535898	.2481164	.1982938	0
765.15	0	.5537293	.2480069	.1982638	0
764.15	0	.5538674	.2478989	.1982337	0
763.15	0	.5540042	.2477923	.1982035	0
762.15	0	.5541395	.2476872	.1981733	0
761.15	0	.5542734	.2475835	.198143	0
760.15	0	.554406	.2474813	.1981127	0
759.15	0	.5545372	.2473806	.1980822	0
758.15	0	.5546669	.2472814	.1980517	0
757.15	0	.5547953	.2471836	.1980211	0
756.15	0	.5549222	.2470873	.1979905	0
755.15	0	.5550478	.2469925	.1979597	0
754.15	0	.5551719	.2468992	.1979289	0
753.15	0	.5552947	.2468073	.1978981	0
752.15	0	.555416	.2467169	.1978671	0
751.15	0	.5555359	.2466279	.1978361	0
750.15	0	.5556545	.2465405	.1978051	0
749.15	0	.5557716	.2464545	.1977739	0
748.15	0	.5558874	.2463699	.1977427	0
747.15	0	.5560018	.2462868	.1977114	0
746.15	0	.5561148	.2462051	.19768	0
745.15	0	.5562265	.2461249	.1976486	0
744.15	0	.5563368	.2460461	.1976171	0
743.15	0	.5564457	.2459687	.1975856	0
742.15	0	.5565533	.2458928	.1975539	0
741.15	0	.5566595	.2458182	.1975223	0
740.15	0	.5567644	.2457451	.1974905	0
739.15	0	.556868	.2456733	.1974587	0
738.15	0	.5569703	.2456029	.1974268	0
737.15	0	.5570712	.2455339	.1973949	0
736.15	0	.5571709	.2454663	.1973628	0
735.15	0	.5572692	.2454	.1973308	0
734.15	0	.5573663	.2453351	.1972986	0
733.15	0	.5574621	.2452715	.1972664	0
732.15	0	.5575566	.2452092	.1972342	0
731.15	0	.5576499	.2451483	.1972018	0
730.15	0	.5577419	.2450886	.1971694	0
729.15	0	.5578351	.2450286	.1971364	0
728.15	0	.5579245	.2449717	.1971039	0
727.15	0	.5580126	.244916	.1970714	0
726.15	0	.5580996	.2448616	.1970388	0
725.15	0	.5581854	.2448085	.1970062	0
724.15	0	.55827	.2447566	.1969735	0
723.15	0	.5583534	.2447059	.1969407	0
722.15	0	.5584357	.2446564	.1969079	0
721.15	0	.5585168	.2446082	.196875	0
720.15	0	.5585968	.2445611	.1968421	0
719.15	0	.5586757	.2445152	.1968091	0
718.15	0	.5587534	.2444705	.1967761	0
717.15	0	.5588301	.244427	.196743	0
716.15	0	.5589056	.2443846	.1967098	0
715.15	0	.55898	.2443434	.1966766	0
714.15	0	.5590534	.2443033	.1966433	0
713.15	0	.5591257	.2442643	.19661	0
712.15	0	.5591969	.2442264	.1965767	0
711.15	0	.5592671	.2441896	.1965433	0
710.15	0	.5593362	.244154	.1965098	0
709.15	0	.5594043	.2441194	.1964763	0
708.15	0	.5594714	.2440859	.1964427	0
707.15	0	.5595375	.2440534	.1964091	0
706.15	0	.5596026	.244022	.1963754	0
705.15	0	.5596667	.2439916	.1963417	0
704.15	0	.5597298	.2439623	.196308	0
703.15	0	.5597919	.2439339	.1962742	0
702.15	0	.559853	.2439066	.1962403	0
701.15	0	.5599133	.2438803	.1962064	0
700.15	0	.5599725	.243855	.1961725	0
699.15	0	.5600308	.2438306	.1961385	0
698.15	0	.5600883	.2438073	.1961045	0
697.15	0	.5601447	.2437848	.1960704	0
696.15	0	.5602003	.2437634	.1960363	0
695.15	0	.560255	.2437428	.1960022	0
694.15	0	.5603088	.2437232	.195968	0
693.15	0	.5603617	.2437045	.1959338	0
692.15	0	.5604137	.2436867	.1958995	0
691.15	0	.5604649	.2436699	.1958652	0
690.15	0	.5605152	.2436539	.1958309	0
689.15	0	.5605647	.2436388	.1957965	0
688.15	0	.5606134	.2436245	.1957621	0
687.15	0	.5606612	.2436111	.1957277	0
686.15	0	.5607082	.2435986	.1956932	0
685.15	0	.5607544	.2435869	.1956587	0
684.15	0	.5607998	.2435761	.1956241	0
683.15	0	.5608443	.2435661	.1955896	0
682.15	0	.5608882	.2435569	.195555	0
681.15	0	.5609312	.2435485	.1955203	0
680.15	0	.5609735	.2435409	.1954857	0
679.15	0	.561015	.2435341	.195451	0
678.15	0	.5610557	.243528	.1954162	0
677.15	0	.5610958	.2435228	.1953815	0
676.15	0	.5611351	.2435183	.1953467	0
675.15	0	.5611736	.2435145	.1953119	0
674.15	0	.5612114	.2435115	.195277	0
673.15	0	.5612486	.2435093	.1952422	0
672.15	0	.561285	.2435077	.1952073	0
671.15	0	.5613207	.2435069	.1951724	0
670.15	0	.5613557	.2435068	.1951374	0
669.15	0	.5613901	.2435074	.1951025	0
668.15	0	.5614238	.2435087	.1950675	0
667.15	0	.5614568	.2435107	.1950325	0
666.15	0	.5614891	.2435134	.1949975	0
665.15	0	.5615208	.2435167	.1949624	0
664.15	0	.5615519	.2435208	.1949274	0
663.15	0	.5615823	.2435254	.1948923	0
662.15	0	.5616121	.2435307	.1948572	0
661.15	0	.5616413	.2435367	.1948221	0
660.15	0	.5616698	.2435433	.1947869	0
659.15	0	.5616977	.2435505	.1947518	0
658.15	0	.5617251	.2435583	.1947166	0
657.15	0	.5617518	.2435668	.1946814	0
656.15	0	.561778	.2435758	.1946462	0
655.15	0	.5618035	.2435855	.194611	0
654.15	0	.5618285	.2435957	.1945758	0
653.15	0	.5618529	.2436065	.1945406	0
652.15	0	.5618768	.2436179	.1945053	0
651.15	0	.5619001	.2436299	.1944701	0
650.15	0	.5619228	.2436424	.1944348	0
649.15	0	.561945	.2436555	.1943995	0
648.15	0	.5619667	.2436691	.1943642	0
647.15	0	.5619878	.2436833	.1943289	0
646.15	0	.5620084	.243698	.1942936	0
645.15	0	.5620285	.2437132	.1942583	0
644.15	0	.562048	.243729	.194223	0
643.15	0	.5620671	.2437453	.1941877	0
642.15	0	.5620856	.243762	.1941523	0
641.15	0	.5621037	.2437793	.194117	0
640.15	0	.5621212	.2437971	.1940817	0
639.15	0	.5621383	.2438154	.1940463	0
638.15	0	.5621549	.2438341	.194011	0
637.15	0	.562171	.2438534	.1939757	0
636.15	0	.5621866	.2438731	.1939403	0
635.15	0	.5622018	.2438932	.193905	0
634.15	0	.5622165	.2439138	.1938696	0
633.15	0	.5622308	.2439349	.1938343	0
632.15	0	.5622446	.2439564	.1937989	0
631.15	0	.562258	.2439784	.1937636	0
630.15	0	.5622709	.2440008	.1937283	0
629.15	0	.5622834	.2440237	.1936929	0
628.15	0	.5622955	.2440469	.1936576	0
627.15	0	.5623071	.2440706	.1936223	0
626.15	0	.5623183	.2440947	.193587	0
625.15	0	.5623291	.2441192	.1935517	0
624.15	0	.5623395	.2441441	.1935164	0
623.15	0	.5623495	.2441694	.1934811	0
622.15	0	.5623591	.2441951	.1934458	0
621.15	0	.5623683	.2442211	.1934105	0
620.15	0	.5623771	.2442476	.1933752	0
619.15	0	.5623856	.2442744	.19334	0
618.15	0	.5623936	.2443016	.1933048	0
617.15	0	.5624013	.2443292	.1932695	0
616.15	0	.5624086	.2443571	.1932343	0
615.15	0	.5624155	.2443854	.1931991	0
614.15	0	.562422	.2444141	.1931639	0
613.15	0	.5624282	.244443	.1931287	0
612.15	0	.5624341	.2444724	.1930936	0
611.15	0	.5624396	.244502	.1930584	0
610.15	0	.5624447	.244532	.1930233	0
609.15	0	.5624495	.2445623	.1929882	0
608.15	0	.562454	.2445929	.1929531	0
607.15	0	.5624581	.2446239	.192918	0
606.15	0	.5624619	.2446552	.1928829	0
605.15	0	.5624654	.2446867	.1928479	0
604.15	0	.5624686	.2447186	.1928129	0
603.15	0	.5624714	.2447508	.1927779	0
602.15	0	.5624739	.2447832	.1927429	0
601.15	0	.5624761	.244816	.1927079	0
600.15	0	.562478	.244849	.192673	0
599.15	0	.5624796	.2448823	.1926381	0
598.15	0	.5624809	.2449159	.1926032	0
597.15	0	.5624819	.2449498	.1925683	0
596.15	0	.5624826	.2449839	.1925335	0
595.15	0	.562483	.2450183	.1924987	0
594.15	0	.5624831	.2450529	.1924639	0
593.15	0	.562483	.2450878	.1924292	0
592.15	0	.5624826	.245123	.1923945	0
591.15	0	.5624819	.2451584	.1923598	0
590.15	0	.5624809	.245194	.1923251	0
589.15	0	.5624796	.2452299	.1922905	0
588.15	0	.5624781	.245266	.1922559	0
587.15	0	.5624764	.2453024	.1922213	0
586.15	0	.5624743	.2453389	.1921867	0
585.15	0	.5624721	.2453757	.1921522	0
584.15	0	.5624695	.2454127	.1921178	0
583.15	0	.5624667	.2454499	.1920833	0
582.15	0	.5624637	.2454874	.1920489	0
581.15	0	.5624604	.245525	.1920146	0
580.15	0	.5624569	.2455628	.1919802	0
579.15	0	.5624532	.2456009	.1919459	0
578.15	0	.5624492	.2456391	.1919117	0
577.15	0	.562445	.2456775	.1918774	0
576.15	0	.5624406	.2457162	.1918433	0
575.15	0	.5624359	.245755	.1918091	0
574.15	0	.562431	.2457939	.191775	0
573.15	0	.562426	.2458331	.191741	0
572.15	0	.5624206	.2458724	.1917069	0
571.15	0	.5624151	.2459119	.191673	0
570.15	0	.5624094	.2459516	.191639	0
569.15	0	.5624035	.2459914	.1916051	0
568.15	0	.5623973	.2460314	.1915713	0
567.15	0	.562391	.2460716	.1915375	0
566.15	0	.5623844	.2461119	.1915037	0
565.15	0	.5623777	.2461523	.19147	0
564.15	0	.5623708	.2461929	.1914363	0
563.15	0	.5623636	.2462337	.1914027	0
562.15	0	.5623563	.2462745	.1913692	0
561.15	0	.5623488	.2463155	.1913356	0
560.15	0	.5623412	.2463567	.1913022	0
559.15	0	.5623333	.246398	.1912687	0
558.15	0	.5623253	.2464394	.1912354	0
557.15	0	.5623171	.2464809	.191202	0
556.15	0	.5623087	.2465226	.1911687	0
555.15	0	.5623001	.2465643	.1911355	0
554.15	0	.5622914	.2466062	.1911024	0
553.15	0	.5622825	.2466482	.1910693	0
552.15	0	.5622735	.2466903	.1910362	0
551.15	0	.5622643	.2467325	.1910032	0
550.15	0	.5622549	.2467748	.1909702	0
549.15	0	.5622454	.2468172	.1909374	0
548.15	0	.5622358	.2468597	.1909045	0
547.15	0	.5622259	.2469023	.1908717	0
546.15	0	.562216	.246945	.190839	0
545.15	0	.5622058	.2469878	.1908064	0
544.15	0	.5621956	.2470307	.1907737	0
543.15	0	.5621852	.2470736	.1907412	0
542.15	0	.5621746	.2471166	.1907087	0
541.15	0	.5621639	.2471598	.1906763	0
540.15	0	.5621531	.2472029	.1906439	0
539.15	0	.5621422	.2472462	.1906116	0
538.15	0	.5621311	.2472895	.1905794	0
537.15	0	.5621199	.2473329	.1905472	0
536.15	0	.5621086	.2473763	.1905151	0
535.15	0	.5620971	.2474198	.1904831	0
534.15	0	.5620855	.2474634	.1904511	0
533.15	0	.5620738	.247507	.1904192	0
532.15	0	.562062	.2475507	.1903873	0
531.15	0	.56205	.2475944	.1903555	0
530.15	0	.562038	.2476382	.1903238	0
529.15	0	.5620258	.247682	.1902922	0
528.15	0	.5620135	.2477259	.1902606	0
527.15	0	.5620011	.2477698	.1902291	0
526.15	0	.5619886	.2478137	.1901977	0
525.15	0	.561976	.2478577	.1901663	0
524.15	0	.5619633	.2479017	.190135	0
523.15	0	.5619505	.2479457	.1901038	0
522.15	0	.5619376	.2479898	.1900726	0
521.15	0	.5619246	.2480339	.1900416	0
520.15	0	.5619115	.248078	.1900105	0
519.15	0	.5618983	.2481221	.1899796	0
518.15	0	.561885	.2481662	.1899488	0
517.15	0	.5618716	.2482104	.189918	0
516.15	0	.5618582	.2482546	.1898873	0
515.15	0	.5618446	.2482988	.1898566	0
514.15	0	.5618309	.248343	.1898261	0
513.15	0	.5618172	.2483872	.1897956	0
512.15	0	.5618034	.2484314	.1897652	0
511.15	0	.5617895	.2484756	.1897349	0
510.15	0	.5617755	.2485198	.1897047	0
509.15	0	.5617615	.248564	.1896745	0
509.1364	0	.5617613	.2485646	.1896741	0
509.1364	0	.5617613	.2485646	.1896741	0
509.1364	0	.5617613	.2485646	.1896741	0
508.15	0	.5620307	.2479719	.18935	6.474291E-04
507.15	0	.5623022	.2473734	.1890224	.001302043
506.15	0	.562572	.2467774	.1886957	.001954888
505.15	0	.5628402	.2461837	.18837	.00260598
504.15	0	.5631069	.2455925	.1880453	.003255334
503.15	0	.563372	.2450036	.1877215	.003902967
502.15	0	.5636355	.244417	.1873986	.004548895
501.15	0	.5638975	.2438326	.1870767	.005193132
500.15	0	.564158	.2432506	.1867557	.005835695
499.15	0	.564417	.2426707	.1864356	.006476599
498.15	0	.5646746	.2420931	.1861164	.007115859
497.15	0	.5649307	.2415176	.1857982	.00775349
496.15	0	.5651854	.2409443	.1854808	.008389506
495.15	0	.5654387	.2403731	.1851643	.009023922
494.15	0	.5656906	.239804	.1848486	.009656754
493.15	0	.5659412	.2392369	.1845339	.01028801
492.15	0	.5661904	.2386719	.18422	.01091772
491.15	0	.5664383	.2381089	.1839069	.01154588
490.15	0	.566685	.2375478	.1835946	.01217255
489.15	0	.5669303	.2369887	.1832833	.01279767
488.15	0	.5671744	.2364316	.1829728	.01342128
487.15	0	.5674171	.2358764	.1826631	.01404341
486.15	0	.5676587	.235323	.1823542	.01466407
485.15	0	.567899	.2347715	.1820462	.01528326
484.15	0	.5681381	.2342219	.181739	.015901
483.15	0	.568376	.2336741	.1814326	.01651731
482.15	0	.5686128	.233128	.181127	.0171322
481.15	0	.5688484	.2325837	.1808222	.01774568
480.15	0	.5690829	.2320412	.1805182	.01835776
479.15	0	.5693162	.2315004	.1802149	.01896846
478.15	0	.5695485	.2309613	.1799125	.01957778
477.15	0	.5697797	.2304238	.1796108	.02018575
476.15	0	.5700098	.229888	.1793099	.02079237
475.15	0	.5702388	.2293538	.1790097	.02139765
474.15	0	.5704668	.2288213	.1787103	.02200161
473.15	0	.5706938	.2282903	.1784117	.02260425
472.15	0	.5709197	.2277609	.1781137	.0232056
471.15	0	.5711447	.2272331	.1778166	.02380565
470.15	0	.5713687	.2267068	.1775201	.02440443
469.15	0	.5715917	.226182	.1772244	.02500195
468.15	0	.5718137	.2256586	.1769294	.02559821
467.15	0	.5720348	.2251368	.1766352	.02619322
466.15	0	.572255	.2246164	.1763416	.02678701
465.15	0	.5724743	.2240974	.1760488	.02737957
464.15	0	.5726926	.2235798	.1757567	.02797092
463.15	0	.5729101	.2230636	.1754652	.02856107
462.15	0	.5731267	.2225488	.1751745	.02915003
461.15	0	.5733425	.2220353	.1748844	.02973781
460.15	0	.5735574	.2215232	.174595	.03032442
459.15	0	.5737714	.2210124	.1743064	.03090987
458.15	0	.5739846	.2205029	.1740183	.03149418
457.15	0	.574197	.2199946	.173731	.03207735
456.15	0	.5744086	.2194876	.1734443	.03265939
455.15	0	.5746195	.2189819	.1731583	.03324031
454.15	0	.5748295	.2184774	.172873	.03382012
453.15	0	.5750388	.2179741	.1725883	.03439884
452.15	0	.5752473	.217472	.1723042	.03497646
451.15	0	.5754551	.2169711	.1720208	.03555301
450.15	0	.5756622	.2164713	.171738	.03612849
449.15	0	.5758685	.2159726	.1714559	.03670292
448.15	0	.5760742	.2154751	.1711744	.0372763
447.15	0	.5762792	.2149786	.1708936	.03784864
446.15	0	.5764835	.2144832	.1706133	.03841995
445.15	0	.5766871	.2139889	.1703338	.03899025
444.15	0	.5768901	.2134956	.1700548	.03955953
443.15	0	.5770924	.2130033	.1697764	.04012782
442.15	0	.5772942	.2125121	.1694987	.04069512
441.15	0	.5774953	.2120218	.1692215	.04126144
440.15	0	.5776958	.2115324	.168945	.04182679
