T	 BPW(LIQUID)	BPW(BCC_A2)	BPW(FCC_A1)	BPW(LAVES_PHASE_C14)	BPW(NI3TI)
1473.15	.7984799	.06016299	0	.1413571	0
1472.15	.7897046	.06612254	0	.1441728	0
1471.15	.7810834	.07197572	0	.1469409	0
1470.15	.7726124	.07772523	0	.1496624	0
1469.15	.7642877	.08337369	0	.1523386	0
1468.15	.7561057	.08892362	0	.1549707	0
1467.15	.7480627	.09437747	0	.1575598	0
1466.15	.7401553	.09973761	0	.1601071	0
1465.15	.7323802	.1050063	0	.1626135	0
1464.15	.7247341	.1101858	0	.1650801	0
1463.15	.7172139	.1152783	0	.1675078	0
1462.15	.7098166	.1202857	0	.1698977	0
1461.15	.7025391	.1252102	0	.1722507	0
1460.15	.6953788	.1300536	0	.1745676	0
1459.15	.6883328	.134818	0	.1768493	0
1458.15	.6813984	.139505	0	.1790967	0
1457.15	.674573	.1441165	0	.1813105	0
1456.15	.6678542	.1486541	0	.1834916	0
1455.15	.6612396	.1531197	0	.1856408	0
1454.15	.6547266	.1575147	0	.1877587	0
1453.15	.6483131	.1618408	0	.1898461	0
1452.15	.6419969	.1660994	0	.1919037	0
1451.15	.6357757	.1702922	0	.1939322	0
1450.15	.6296474	.1744204	0	.1959322	0
1449.15	.6236101	.1784856	0	.1979043	0
1448.15	.6176617	.182489	0	.1998493	0
1447.15	.6118004	.1864321	0	.2017676	0
1446.15	.6060242	.190316	0	.2036599	0
1445.15	.6003313	.194142	0	.2055267	0
1444.15	.59472	.1979113	0	.2073687	0
1443.15	.5891886	.2016252	0	.2091862	0
1442.15	.5837353	.2052848	0	.2109799	0
1441.15	.5783586	.2088911	0	.2127503	0
1440.15	.5730569	.2124453	0	.2144978	0
1439.15	.5678286	.2159485	0	.216223	0
1438.15	.5626722	.2194016	0	.2179262	0
1437.15	.5575864	.2228056	0	.219608	0
1436.15	.5525696	.2261616	0	.2212688	0
1435.15	.5476205	.2294705	0	.222909	0
1434.15	.5427377	.2327332	0	.2245291	0
1433.15	.5379199	.2359507	0	.2261294	0
1432.15	.5331659	.2391237	0	.2277103	0
1431.15	.5284745	.2422532	0	.2292723	0
1430.15	.5238443	.24534	0	.2308157	0
1429.15	.5192742	.2483849	0	.2323409	0
1428.15	.5147631	.2513888	0	.2338482	0
1427.15	.5103098	.2543523	0	.2353379	0
1426.15	.5059132	.2572762	0	.2368106	0
1425.15	.5015724	.2601613	0	.2382663	0
1424.15	.4972861	.2630083	0	.2397055	0
1423.15	.4930535	.265818	0	.2411286	0
1422.15	.4888735	.2685909	0	.2425357	0
1421.182	.4848767	.2712405	0	.2438828	0
1421.182	.4848767	.2712405	0	.2438828	0
1421.182	.4848767	.2712405	0	.2438828	0
1421.15	.4844986	.2710013	5.050316E-04	.2439951	0
1420.15	.4727868	.2636406	.01611075	.2474618	0
1419.15	.4612225	.2564628	.03145347	.2508612	0
1418.15	.4498014	.2494631	.04654025	.2541952	0
1417.15	.4385193	.2426371	.06137794	.2574656	0
1416.15	.4273725	.2359804	.07597311	.260674	0
1415.15	.416357	.2294889	.09033213	.263822	0
1414.15	.4054692	.2231584	.1044612	.2669113	0
1413.15	.3947055	.2169851	.1183661	.2699434	0
1412.15	.3840624	.2109652	.1320528	.2729197	0
1411.15	.3735367	.205095	.1455267	.2758416	0
1410.15	.3631251	.1993712	.1587932	.2787106	0
1409.15	.3528245	.1937902	.1718574	.2815279	0
1408.15	.3426318	.1883488	.1847246	.2842949	0
1407.15	.332544	.1830438	.1973994	.2870128	0
1406.15	.3225584	.1778721	.2098867	.2896828	0
1405.15	.3126722	.1728308	.2221909	.2923061	0
1404.15	.3028826	.167917	.2343165	.2948839	0
1403.15	.2931872	.163128	.2462677	.2974172	0
1402.15	.2835832	.1584609	.2580488	.299907	0
1401.15	.2740684	.1539134	.2696637	.3023545	0
1400.15	.2646403	.1494827	.2811164	.3047607	0
1399.15	.2552965	.1451665	.2924106	.3071264	0
1398.15	.246035	.1409624	.30355	.3094527	0
1397.15	.2368533	.1368681	.3145381	.3117404	0
1396.15	.2277496	.1328814	.3253784	.3139906	0
1395.15	.2187216	.1290002	.3360743	.3162039	0
1394.15	.2097675	.1252223	.346629	.3183813	0
1393.15	.2008851	.1215457	.3570456	.3205235	0
1392.15	.1920727	.1179685	.3673273	.3226315	0
1391.15	.1833284	.1144887	.3774771	.3247058	0
1390.15	.1746504	.1111045	.3874977	.3267473	0
1389.15	.166037	.1078142	.3973921	.3287568	0
1388.15	.1574864	.1046158	.407163	.3307348	0
1387.15	.148997	.1015079	.416813	.3326822	0
1386.15	.1405673	.09848861	.4263447	.3345995	0
1385.15	.1321955	.09555647	.4357607	.3364873	0
1384.15	.1238803	.0927099	.4450633	.3383465	0
1383.15	.1156201	.08994737	.4542551	.3401775	0
1382.15	.1074134	.08726743	.4633383	.3419809	0
1381.15	.09925893	.08466864	.4723151	.3437574	0
1380.15	.09115522	.08214961	.4811877	.3455074	0
1379.15	.08310094	.079709	.4899584	.3472316	0
1378.15	.0750948	.07734549	.4986292	.3489305	0
1377.15	.06713552	.0750578	.5072021	.3506046	0
1376.15	.05922185	.07284469	.5156791	.3522544	0
1375.15	.05135257	.07070494	.5240621	.3538804	0
1374.15	.04352651	.06863738	.532353	.3554831	0
1373.15	.03574251	.06664085	.5405537	.3570629	0
1372.15	.02799944	.06471424	.5486659	.3586204	0
1371.15	.02029621	.06285646	.5566914	.3601559	0
1370.15	.01263174	.06106644	.5646319	.3616699	0
1369.15	.005004979	.05934315	.572489	.3631629	0
1368.491	0	.0582437	.5776211	.3641352	0
1368.491	0	.0582437	.5776211	.3641352	0
1368.15	0	.0577768	.57798	.3642432	0
1367.15	0	.05641042	.5790303	.3645593	0
1366.15	0	.05504748	.5800782	.3648743	0
1365.15	0	.05368799	.5811236	.3651884	0
1364.15	0	.05233193	.5821665	.3655016	0
1363.15	0	.05097929	.5832069	.3658138	0
1362.15	0	.04963006	.5842449	.3661251	0
1361.15	0	.04828422	.5852804	.3664354	0
1360.15	0	.04694177	.5863134	.3667448	0
1359.15	0	.0456027	.587344	.3670533	0
1358.15	0	.04426699	.5883722	.3673608	0
1357.15	0	.04293463	.5893979	.3676675	0
1356.15	0	.04160562	.5904212	.3679732	0
1355.15	0	.04027995	.591442	.368278	0
1354.15	0	.0389576	.5924605	.3685819	0
1353.15	0	.03763856	.5934765	.368885	0
1352.15	0	.03632282	.5944901	.3691871	0
1351.15	0	.03501038	.5955013	.3694883	0
1350.15	0	.03370123	.5965101	.3697887	0
1349.15	0	.03239534	.5975165	.3700882	0
1348.15	0	.03109272	.5985205	.3703868	0
1347.15	0	.02979336	.5995221	.3706846	0
1346.15	0	.02849724	.6005213	.3709814	0
1345.15	0	.02720436	.6015182	.3712775	0
1344.15	0	.0259147	.6025127	.3715726	0
1343.15	0	.02462826	.6035048	.371867	0
1342.15	0	.02334503	.6044946	.3721604	0
1341.15	0	.022065	.605482	.3724531	0
1340.15	0	.02078815	.606467	.3727449	0
1339.15	0	.01951449	.6074497	.3730358	0
1338.15	0	.018244	.6084301	.373326	0
1337.15	0	.01697668	.6094081	.3736153	0
1336.15	0	.0157125	.6103837	.3739038	0
1335.15	0	.01445148	.6113571	.3741914	0
1334.15	0	.01319359	.6123281	.3744783	0
1333.15	0	.01193883	.6132968	.3747644	0
1332.15	0	.01068719	.6142632	.3750497	0
1331.15	0	.009438664	.6152272	.3753341	0
1330.15	0	.008193242	.616189	.3756178	0
1329.15	0	.006950916	.6171484	.3759007	0
1328.15	0	.005711679	.6181056	.3761828	0
1327.15	0	.004475521	.6190604	.3764641	0
1326.15	0	.003242436	.6200129	.3767446	0
1325.15	0	.002012416	.6209632	.3770244	0
1324.15	0	7.854521E-04	.6219111	.3773034	0
1323.509	0	0	.622518	.377482	0
1323.509	0	0	.622518	.377482	0
1323.15	0	0	.6224334	.3775666	0
1322.15	0	0	.6221977	.3778024	0
1321.15	0	0	.6219623	.3780377	0
1320.15	0	0	.6217273	.3782728	0
1319.15	0	0	.6214926	.3785074	0
1318.15	0	0	.6212583	.3787417	0
1317.15	0	0	.6210244	.3789756	0
1316.15	0	0	.6207909	.3792091	0
1315.15	0	0	.6205577	.3794423	0
1314.15	0	0	.6203248	.3796752	0
1313.15	0	0	.6200924	.3799077	0
1312.15	0	0	.6198602	.3801398	0
1311.15	0	0	.6196285	.3803715	0
1310.15	0	0	.6193971	.3806029	0
1309.15	0	0	.619166	.380834	0
1308.15	0	0	.6189354	.3810646	0
1307.15	0	0	.618705	.381295	0
1306.15	0	0	.6184751	.381525	0
1305.15	0	0	.6182454	.3817546	0
1304.15	0	0	.6180161	.3819839	0
1303.15	0	0	.6177872	.3822128	0
1302.15	0	0	.6175587	.3824413	0
1301.15	0	0	.6173304	.3826696	0
1300.15	0	0	.6171026	.3828974	0
1299.15	0	0	.616875	.383125	0
1298.15	0	0	.6166479	.3833521	0
1297.15	0	0	.616421	.383579	0
1296.15	0	0	.6161945	.3838055	0
1295.15	0	0	.6159684	.3840316	0
1294.15	0	0	.6157426	.3842574	0
1293.15	0	0	.6155171	.3844829	0
1292.15	0	0	.615292	.384708	0
1291.15	0	0	.6150672	.3849328	0
1290.15	0	0	.6148428	.3851572	0
1289.15	0	0	.6146187	.3853813	0
1288.15	0	0	.6143949	.3856051	0
1287.15	0	0	.6141715	.3858285	0
1286.15	0	0	.6139484	.3860516	0
1285.15	0	0	.6137257	.3862744	0
1284.15	0	0	.6135032	.3864968	0
1283.15	0	0	.6132811	.3867189	0
1282.15	0	0	.6130594	.3869406	0
1281.15	0	0	.612838	.387162	0
1280.15	0	0	.6126169	.3873831	0
1279.15	0	0	.6123961	.3876039	0
1278.15	0	0	.6121757	.3878243	0
1277.15	0	0	.6119556	.3880444	0
1276.15	0	0	.6117358	.3882642	0
1275.15	0	0	.6115163	.3884837	0
1274.15	0	0	.6112972	.3887028	0
1273.15	0	0	.6110784	.3889216	0
1272.15	0	0	.6108599	.3891401	0
1271.15	0	0	.6106418	.3893582	0
1270.15	0	0	.610424	.389576	0
1269.15	0	0	.6102065	.3897936	0
1268.15	0	0	.6099893	.3900107	0
1267.15	0	0	.6097724	.3902276	0
1266.15	0	0	.6095559	.3904441	0
1265.15	0	0	.6093396	.3906604	0
1264.15	0	0	.6091237	.3908763	0
1263.15	0	0	.6089081	.3910919	0
1262.15	0	0	.6086928	.3913072	0
1261.15	0	0	.6084779	.3915221	0
1260.15	0	0	.6082632	.3917368	0
1259.15	0	0	.6080489	.3919511	0
1258.15	0	0	.6078349	.3921651	0
1257.15	0	0	.6076212	.3923788	0
1256.15	0	0	.6074078	.3925922	0
1255.15	0	0	.6071947	.3928053	0
1254.15	0	0	.6069819	.3930181	0
1253.15	0	0	.6067694	.3932306	0
1252.15	0	0	.6065573	.3934427	0
1251.15	0	0	.6063454	.3936546	0
1250.15	0	0	.6061339	.3938661	0
1249.15	0	0	.6059226	.3940774	0
1248.15	0	0	.6057117	.3942883	0
1247.15	0	0	.605501	.394499	0
1246.15	0	0	.6052907	.3947093	0
1245.15	0	0	.6050807	.3949193	0
1244.15	0	0	.604871	.395129	0
1243.15	0	0	.6046615	.3953385	0
1242.15	0	0	.6044524	.3955476	0
1241.15	0	0	.6042436	.3957564	0
1240.15	0	0	.6040351	.3959649	0
1239.15	0	0	.6038269	.3961732	0
1238.15	0	0	.6036189	.3963811	0
1237.15	0	0	.6034113	.3965887	0
1236.15	0	0	.603204	.3967961	0
1235.15	0	0	.6029969	.3970031	0
1234.15	0	0	.6027902	.3972098	0
1233.15	0	0	.6025837	.3974163	0
1232.15	0	0	.6023776	.3976225	0
1231.15	0	0	.6021717	.3978283	0
1230.15	0	0	.6019661	.3980339	0
1229.15	0	0	.6017608	.3982392	0
1228.15	0	0	.6015558	.3984442	0
1227.15	0	0	.6013511	.3986489	0
1226.15	0	0	.6011467	.3988533	0
1225.15	0	0	.6009426	.3990574	0
1224.15	0	0	.6007387	.3992613	0
1223.15	0	0	.6005352	.3994648	0
1222.15	0	0	.6003319	.3996681	0
1221.15	0	0	.6001289	.3998711	0
1220.15	0	0	.5999262	.4000738	0
1219.15	0	0	.5997238	.4002762	0
1218.15	0	0	.5995217	.4004783	0
1217.15	0	0	.5993198	.4006802	0
1216.15	0	0	.5991183	.4008817	0
1215.15	0	0	.598917	.401083	0
1214.15	0	0	.598716	.401284	0
1213.15	0	0	.5985153	.4014848	0
1212.15	0	0	.5983148	.4016852	0
1211.15	0	0	.5981146	.4018854	0
1210.15	0	0	.5979147	.4020853	0
1209.15	0	0	.5977151	.4022849	0
1208.15	0	0	.5975158	.4024842	0
1207.15	0	0	.5973167	.4026833	0
1206.15	0	0	.5971179	.4028821	0
1205.15	0	0	.5969194	.4030806	0
1204.15	0	0	.5967212	.4032788	0
1203.15	0	0	.5965232	.4034768	0
1202.15	0	0	.5963255	.4036745	0
1201.15	0	0	.5961281	.4038719	0
1200.15	0	0	.5959309	.4040691	0
1199.15	0	0	.595734	.404266	0
1198.15	0	0	.5955374	.4044626	0
1197.15	0	0	.5953411	.4046589	0
1196.15	0	0	.595145	.404855	0
1195.15	0	0	.5949492	.4050508	0
1194.15	0	0	.5947536	.4052464	0
1193.15	0	0	.5945583	.4054417	0
1192.15	0	0	.5943633	.4056367	0
1191.15	0	0	.5941686	.4058314	0
1190.15	0	0	.5939741	.4060259	0
1189.15	0	0	.5937798	.4062202	0
1188.15	0	0	.5935859	.4064141	0
1187.15	0	0	.5933922	.4066078	0
1186.15	0	0	.5931988	.4068012	0
1185.15	0	0	.5930056	.4069944	0
1184.15	0	0	.5928127	.4071873	0
1183.15	0	0	.59262	.40738	0
1182.15	0	0	.5924276	.4075724	0
1181.15	0	0	.5922355	.4077645	0
1180.15	0	0	.5920436	.4079564	0
1179.15	0	0	.591852	.408148	0
1178.15	0	0	.5916606	.4083394	0
1177.15	0	0	.5914695	.4085305	0
1176.15	0	0	.5912786	.4087214	0
1175.15	0	0	.591088	.408912	0
1174.15	0	0	.5908977	.4091023	0
1173.15	0	0	.5907076	.4092924	0
1172.15	0	0	.5905177	.4094823	0
1171.15	0	0	.5903282	.4096718	0
1170.15	0	0	.5901388	.4098612	0
1169.15	0	0	.5899497	.4100503	0
1168.15	0	0	.5897609	.4102391	0
1167.15	0	0	.5895723	.4104277	0
1166.15	0	0	.589384	.410616	0
1165.15	0	0	.5891959	.4108041	0
1164.15	0	0	.589008	.410992	0
1163.15	0	0	.5888204	.4111796	0
1162.15	0	0	.5886331	.4113669	0
1161.15	0	0	.588446	.411554	0
1160.15	0	0	.5882591	.4117409	0
1159.15	0	0	.5880725	.4119275	0
1158.15	0	0	.5878862	.4121138	0
1157.15	0	0	.5877	.4123	0
1156.15	0	0	.5875142	.4124858	0
1155.15	0	0	.5873285	.4126715	0
1154.15	0	0	.5871431	.4128569	0
1153.15	0	0	.586958	.413042	0
1152.15	0	0	.5867731	.4132269	0
1151.15	0	0	.5865884	.4134116	0
1150.15	0	0	.586404	.413596	0
1149.15	0	0	.5862198	.4137802	0
1148.15	0	0	.5860358	.4139642	0
1147.15	0	0	.5858521	.4141479	0
1146.15	0	0	.5856686	.4143314	0
1145.15	0	0	.5854854	.4145146	0
1144.15	0	0	.5853024	.4146976	0
1143.15	0	0	.5851196	.4148804	0
1142.15	0	0	.5849371	.4150629	0
1141.15	0	0	.5847548	.4152452	0
1140.15	0	0	.5845727	.4154273	0
1139.15	0	0	.5843909	.4156091	0
1138.15	0	0	.5842093	.4157907	0
1137.15	0	0	.5840279	.4159721	0
1136.15	0	0	.5838468	.4161532	0
1135.15	0	0	.5836659	.4163341	0
1134.15	0	0	.5834852	.4165148	0
1133.15	0	0	.5833047	.4166953	0
1132.15	0	0	.5831245	.4168755	0
1131.15	0	0	.5829446	.4170554	0
1130.15	0	0	.5827648	.4172352	0
1129.15	0	0	.5825853	.4174147	0
1128.15	0	0	.582406	.417594	0
1127.15	0	0	.5822269	.4177731	0
1126.15	0	0	.5820481	.4179519	0
1125.15	0	0	.5818694	.4181306	0
1124.15	0	0	.581691	.418309	0
1123.15	0	0	.5815129	.4184871	0
1122.15	0	0	.5813349	.4186651	0
1121.15	0	0	.5811572	.4188428	0
1120.15	0	0	.5809797	.4190203	0
1119.15	0	0	.5808024	.4191976	0
1118.15	0	0	.5806254	.4193746	0
1117.15	0	0	.5804486	.4195514	0
1116.15	0	0	.5802719	.4197281	0
1115.15	0	0	.5800956	.4199045	0
1114.15	0	0	.5799194	.4200806	0
1113.15	0	0	.5797434	.4202566	0
1112.15	0	0	.5795677	.4204323	0
1111.15	0	0	.5793922	.4206078	0
1110.15	0	0	.5792169	.4207831	0
1109.15	0	0	.5790418	.4209582	0
1108.15	0	0	.578867	.421133	0
1107.15	0	0	.5786923	.4213077	0
1106.15	0	0	.5785179	.4214821	0
1105.15	0	0	.5783437	.4216563	0
1104.15	0	0	.5781697	.4218303	0
1103.15	0	0	.5779959	.4220041	0
1102.15	0	0	.5778224	.4221776	0
1101.15	0	0	.577649	.422351	0
1100.15	0	0	.5774759	.4225241	0
1099.15	0	0	.5773029	.4226971	0
1098.15	0	0	.5771302	.4228698	0
1097.15	0	0	.5769577	.4230423	0
1096.15	0	0	.5767855	.4232145	0
1095.15	0	0	.5766134	.4233866	0
1094.15	0	0	.5764415	.4235585	0
1093.15	0	0	.5762698	.4237302	0
1092.15	0	0	.5760984	.4239016	0
1091.15	0	0	.5759272	.4240728	0
1090.15	0	0	.5757561	.4242439	0
1089.15	0	0	.5755853	.4244147	0
1088.15	0	0	.5754147	.4245853	0
1087.15	0	0	.5752443	.4247557	0
1086.15	0	0	.5750741	.4249259	0
1085.15	0	0	.5749041	.4250959	0
1084.15	0	0	.5747343	.4252657	0
1083.15	0	0	.5745647	.4254353	0
1082.15	0	0	.5743953	.4256047	0
1081.15	0	0	.5742262	.4257738	0
1080.15	0	0	.5740572	.4259428	0
1079.15	0	0	.5738884	.4261116	0
1078.15	0	0	.5737199	.4262801	0
1077.15	0	0	.5735515	.4264485	0
1076.15	0	0	.5733834	.4266166	0
1075.15	0	0	.5732154	.4267846	0
1074.15	0	0	.5730476	.4269524	0
1073.15	0	0	.5728801	.4271199	0
1072.15	0	0	.5727127	.4272873	0
1071.15	0	0	.5725456	.4274544	0
1070.15	0	0	.5723786	.4276214	0
1069.15	0	0	.5722119	.4277881	0
1068.15	0	0	.5720453	.4279547	0
1067.15	0	0	.5718789	.4281211	0
1066.15	0	0	.5717128	.4282872	0
1065.15	0	0	.5715468	.4284532	0
1064.15	0	0	.5713811	.4286189	0
1063.15	0	0	.5712155	.4287845	0
1062.15	0	0	.5710501	.4289499	0
1061.15	0	0	.5708849	.4291151	0
1060.15	0	0	.5707199	.4292801	0
1059.15	0	0	.5705551	.4294449	0
1058.15	0	0	.5703906	.4296095	0
1057.15	0	0	.5702261	.4297739	0
1056.15	0	0	.5700619	.4299381	0
1055.15	0	0	.5698979	.4301021	0
1054.15	0	0	.5697341	.4302659	0
1053.15	0	0	.5695705	.4304295	0
1052.15	0	0	.569407	.430593	0
1051.15	0	0	.5692438	.4307562	0
1050.15	0	0	.5690807	.4309193	0
1049.15	0	0	.5689178	.4310822	0
1048.15	0	0	.5687552	.4312448	0
1047.15	0	0	.5685927	.4314073	0
1046.15	0	0	.5684304	.4315696	0
1045.15	0	0	.5682683	.4317317	0
1044.15	0	0	.5681064	.4318936	0
1043.15	0	0	.5679446	.4320554	0
1042.15	0	0	.5677831	.4322169	0
1041.15	0	0	.5676217	.4323783	0
1040.15	0	0	.5674606	.4325394	0
1039.15	0	0	.5672996	.4327004	0
1038.15	0	0	.5671388	.4328612	0
1037.15	0	0	.5669782	.4330218	0
1036.15	0	0	.5668177	.4331823	0
1035.15	0	0	.5666575	.4333425	0
1034.15	0	0	.5664974	.4335026	0
1033.15	0	0	.5663376	.4336624	0
1032.15	0	0	.5661779	.4338221	0
1031.15	0	0	.5660184	.4339816	0
1030.15	0	0	.5658591	.4341409	0
1029.15	0	0	.5656999	.4343001	0
1028.15	0	0	.565541	.434459	0
1027.15	0	0	.5653822	.4346178	0
1026.15	0	0	.5652236	.4347764	0
1025.15	0	0	.5650652	.4349348	0
1024.15	0	0	.564907	.435093	0
1023.15	0	0	.5647489	.4352511	0
1022.15	0	0	.564591	.435409	0
1021.15	0	0	.5644334	.4355666	0
1020.15	0	0	.5642758	.4357242	0
1019.15	0	0	.5641185	.4358815	0
1018.15	0	0	.5639614	.4360386	0
1017.15	0	0	.5638044	.4361956	0
1016.15	0	0	.5636476	.4363524	0
1015.15	0	0	.563491	.436509	0
1014.15	0	0	.5633345	.4366655	0
1013.15	0	0	.5631783	.4368217	0
1012.15	0	0	.5630222	.4369778	0
1011.15	0	0	.5628663	.4371337	0
1010.15	0	0	.5627105	.4372895	0
1009.15	0	0	.562555	.437445	0
1008.15	0	0	.5623996	.4376004	0
1007.15	0	0	.5622444	.4377556	0
1006.15	0	0	.5620893	.4379107	0
1005.15	0	0	.5619345	.4380655	0
1004.15	0	0	.5617798	.4382202	0
1003.15	0	0	.5616253	.4383747	0
1002.15	0	0	.5614709	.4385291	0
1001.15	0	0	.5613168	.4386832	0
1000.15	0	0	.5611628	.4388372	0
999.15	0	0	.5610089	.4389911	0
998.15	0	0	.5608553	.4391447	0
997.15	0	0	.5607018	.4392982	0
996.15	0	0	.5605485	.4394515	0
995.15	0	0	.5603954	.4396046	0
994.15	0	0	.5602424	.4397576	0
993.15	0	0	.5600896	.4399104	0
992.15	0	0	.559937	.440063	0
991.15	0	0	.5597845	.4402155	0
990.15	0	0	.5596322	.4403678	0
989.15	0	0	.5594801	.4405199	0
988.15	0	0	.5593282	.4406719	0
987.15	0	0	.5591764	.4408236	0
986.15	0	0	.5590248	.4409752	0
985.15	0	0	.5588733	.4411267	0
984.15	0	0	.558722	.441278	0
983.15	0	0	.5585709	.4414291	0
982.15	0	0	.55842	.44158	0
981.15	0	0	.5582692	.4417308	0
980.15	0	0	.5581186	.4418814	0
979.15	0	0	.5579681	.4420319	0
978.15	0	0	.5578179	.4421822	0
977.15	0	0	.5576677	.4423323	0
976.15	0	0	.5575178	.4424822	0
975.15	0	0	.557368	.442632	0
974.15	0	0	.5572184	.4427816	0
973.15	0	0	.5570689	.4429311	0
972.15	0	0	.5569196	.4430804	0
971.15	0	0	.5567705	.4432295	0
970.15	0	0	.5566215	.4433785	0
969.15	0	0	.5564727	.4435273	0
968.15	0	0	.5563241	.4436759	0
967.15	0	0	.5561756	.4438244	0
966.15	0	0	.5560273	.4439727	0
965.15	0	0	.5558791	.4441209	0
964.15	0	0	.5557311	.4442689	0
963.15	0	0	.5555833	.4444167	0
962.15	0	0	.5554356	.4445644	0
961.15	0	0	.5552881	.4447119	0
960.15	0	0	.5551408	.4448592	0
959.15	0	0	.5549936	.4450064	0
958.15	0	0	.5548465	.4451535	0
957.15	0	0	.5546997	.4453003	0
956.15	0	0	.554553	.445447	0
955.15	0	0	.5544064	.4455936	0
954.15	0	0	.55426	.44574	0
953.15	0	0	.5541138	.4458862	0
952.15	0	0	.5539677	.4460323	0
951.15	0	0	.5538218	.4461782	0
950.15	0	0	.553676	.446324	0
949.15	0	0	.5535304	.4464696	0
948.15	0	0	.553385	.446615	0
947.15	0	0	.5532397	.4467603	0
946.15	0	0	.5530946	.4469054	0
945.15	0	0	.5529496	.4470504	0
944.15	0	0	.5528048	.4471952	0
943.15	0	0	.5526601	.4473399	0
942.15	0	0	.5525156	.4474844	0
941.15	0	0	.5523713	.4476288	0
940.15	0	0	.5522271	.447773	0
939.15	0	0	.552083	.447917	0
938.15	0	0	.5519391	.4480609	0
937.15	0	0	.5517954	.4482046	0
936.15	0	0	.5516518	.4483482	0
935.15	0	0	.5515084	.4484916	0
934.15	0	0	.5513651	.4486349	0
933.15	0	0	.551222	.448778	0
932.15	0	0	.5510791	.448921	0
931.15	0	0	.5509363	.4490638	0
930.15	0	0	.5507936	.4492064	0
929.15	0	0	.5506511	.4493489	0
928.15	0	0	.5505087	.4494913	0
927.15	0	0	.5503665	.4496335	0
926.15	0	0	.5502245	.4497755	0
925.15	0	0	.5500826	.4499174	0
924.15	0	0	.5499409	.4500591	0
923.15	0	0	.5497993	.4502007	0
922.15	0	0	.5496578	.4503422	0
921.15	0	0	.5495165	.4504835	0
920.15	0	0	.5493754	.4506246	0
919.15	0	0	.5492344	.4507656	0
918.15	0	0	.5490936	.4509064	0
917.15	0	0	.5489529	.4510471	0
916.15	0	0	.5488124	.4511876	0
915.15	0	0	.548672	.451328	0
914.15	0	0	.5485318	.4514682	0
913.15	0	0	.5483917	.4516083	0
912.15	0	0	.5482517	.4517483	0
911.15	0	0	.548112	.451888	0
910.15	0	0	.5479723	.4520277	0
909.15	0	0	.5478328	.4521672	0
908.15	0	0	.5476935	.4523065	0
907.15	0	0	.5475543	.4524457	0
906.15	0	0	.5474152	.4525848	0
905.15	0	0	.5472764	.4527237	0
904.15	0	0	.5471376	.4528624	0
903.15	0	0	.546999	.453001	0
902.15	0	0	.5468605	.4531395	0
901.15	0	0	.5467222	.4532778	0
900.15	0	0	.5465841	.4534159	0
899.15	0	0	.5464461	.4535539	0
898.15	0	0	.5463082	.4536918	0
897.15	0	0	.5461705	.4538295	0
896.15	0	0	.5460329	.4539671	0
895.15	0	0	.5458955	.4541045	0
894.15	0	0	.5457582	.4542418	0
893.15	0	0	.5456211	.4543789	0
892.15	0	0	.5454841	.4545159	0
891.15	0	0	.5453472	.4546528	0
890.15	0	0	.5452105	.4547895	0
889.15	0	0	.545074	.454926	0
888.15	0	0	.5449376	.4550624	0
887.15	0	0	.5448013	.4551987	0
886.15	0	0	.5446652	.4553348	0
885.4743	0	0	.5445733	.4554267	0
885.4743	0	0	.5445733	.4554267	0
885.4743	0	0	.5445733	.4554267	0
885.15	0	9.44103E-04	.5436323	.4554236	0
884.15	0	.003847563	.5407398	.4554127	0
883.15	0	.006738347	.5378616	.4554	0
882.15	0	.009615914	.5349985	.4553856	0
881.15	0	.01247975	.5321508	.4553695	0
880.15	0	.01532935	.529319	.4553516	0
879.15	0	.01816426	.5265036	.4553321	0
878.15	0	.02098401	.523705	.455311	0
877.15	0	.02378819	.5209236	.4552882	0
876.15	0	.02657638	.5181598	.4552638	0
875.15	0	.02934819	.5154139	.4552379	0
874.15	0	.03210326	.5126863	.4552104	0
873.15	0	.03484122	.5099774	.4551814	0
872.15	0	.03756176	.5072873	.4551509	0
871.15	0	.04026455	.5046165	.455119	0
870.15	0	.04294929	.5019651	.4550856	0
869.15	0	.04561571	.4993335	.4550508	0
868.15	0	.04826353	.4967218	.4550146	0
867.15	0	.05089252	.4941304	.4549771	0
866.15	0	.05350244	.4915594	.4549382	0
865.15	0	.05609307	.4890089	.454898	0
864.15	0	.0586642	.4864792	.4548566	0
863.15	0	.06121567	.4839705	.4548139	0
862.15	0	.06374728	.4814828	.4547699	0
861.15	0	.06625889	.4790163	.4547248	0
860.15	0	.06875034	.4765712	.4546785	0
859.15	0	.07122152	.4741475	.454631	0
858.15	0	.07367229	.4717453	.4545824	0
857.15	0	.07610257	.4693647	.4545327	0
856.15	0	.07851225	.4670058	.4544819	0
855.15	0	.08090125	.4646686	.4544301	0
854.15	0	.08326952	.4623532	.4543773	0
853.15	0	.085617	.4600596	.4543234	0
852.15	0	.08794364	.4577877	.4542686	0
851.15	0	.0902494	.4555377	.4542129	0
850.15	0	.09253428	.4533095	.4541562	0
849.15	0	.09479826	.4511031	.4540986	0
848.15	0	.09704134	.4489185	.4540401	0
847.15	0	.09926353	.4467557	.4539808	0
846.15	0	.1014649	.4446145	.4539207	0
845.15	0	.1036453	.442495	.4538597	0
844.15	0	.105805	.4403971	.453798	0
843.15	0	.1079439	.4383207	.4537354	0
842.15	0	.1100621	.4362657	.4536722	0
841.15	0	.1121597	.4342321	.4536082	0
840.15	0	.1142367	.4322198	.4535435	0
839.15	0	.1162933	.4302286	.4534782	0
838.15	0	.1183294	.4282585	.4534122	0
837.15	0	.1203452	.4263093	.4533455	0
836.15	0	.1223408	.4243809	.4532782	0
835.15	0	.1243163	.4224733	.4532104	0
834.15	0	.1262719	.4205862	.4531419	0
833.15	0	.1282075	.4187196	.4530729	0
832.15	0	.1301234	.4168732	.4530033	0
831.15	0	.1320197	.415047	.4529333	0
830.15	0	.1338965	.4132408	.4528627	0
829.15	0	.135754	.4114545	.4527916	0
828.15	0	.1375922	.4096878	.45272	0
827.15	0	.1394114	.4079406	.452648	0
826.15	0	.1412117	.4062128	.4525755	0
825.15	0	.1429932	.4045042	.4525026	0
824.15	0	.1447561	.4028146	.4524293	0
823.15	0	.1465006	.4011438	.4523556	0
822.15	0	.1482267	.3994918	.4522815	0
821.15	0	.1499348	.3978582	.452207	0
820.15	0	.1516249	.3962429	.4521322	0
819.15	0	.1532972	.3946458	.452057	0
818.15	0	.1549519	.3930666	.4519816	0
817.15	0	.1565892	.3915051	.4519057	0
816.15	0	.1582091	.3899613	.4518296	0
815.15	0	.159812	.3884348	.4517532	0
814.15	0	.161398	.3869256	.4516765	0
813.15	0	.1629672	.3854333	.4515995	0
812.15	0	.1645198	.3839579	.4515223	0
811.15	0	.166056	.3824992	.4514448	0
810.15	0	.167576	.3810569	.4513671	0
809.15	0	.1690799	.3796309	.4512892	0
808.15	0	.170568	.378221	.451211	0
807.15	0	.1720404	.376827	.4511326	0
806.15	0	.1734972	.3754488	.451054	0
805.15	0	.1749387	.374086	.4509753	0
804.15	0	.1763651	.3727386	.4508963	0
803.15	0	.1777764	.3714064	.4508172	0
802.15	0	.1791729	.3700892	.4507379	0
801.15	0	.1805548	.3687868	.4506584	0
800.15	0	.1819222	.367499	.4505788	0
799.15	0	.1832752	.3662257	.4504991	0
798.15	0	.1846142	.3649666	.4504192	0
797.15	0	.1859391	.3637216	.4503392	0
796.15	0	.1872503	.3624906	.4502591	0
795.15	0	.1885478	.3612733	.4501789	0
794.15	0	.1898318	.3600696	.4500986	0
793.15	0	.1911025	.3588793	.4500181	0
792.15	0	.1923601	.3577023	.4499376	0
791.15	0	.1936047	.3565383	.449857	0
790.15	0	.1948364	.3553873	.4497763	0
789.15	0	.1960554	.354249	.4496956	0
788.15	0	.1972619	.3531233	.4496147	0
787.15	0	.1984561	.3520101	.4495339	0
786.15	0	.199638	.3509091	.4494529	0
785.15	0	.2008078	.3498203	.4493719	0
784.15	0	.2019657	.3487434	.4492909	0
783.15	0	.2031118	.3476784	.4492098	0
782.15	0	.2042463	.346625	.4491287	0
781.15	0	.2053693	.3455831	.4490476	0
780.15	0	.206481	.3445526	.4489664	0
779.15	0	.2075814	.3435334	.4488852	0
778.15	0	.2086707	.3425252	.448804	0
777.15	0	.2097491	.3415281	.4487228	0
776.15	0	.2108167	.3405417	.4486416	0
775.15	0	.2118736	.339566	.4485604	0
774.15	0	.2129199	.3386008	.4484793	0
773.15	0	.2139559	.3376461	.4483981	0
772.15	0	.2149815	.3367016	.4483169	0
771.2202	0	.215926	.3358326	.4482415	0
771.2202	0	.215926	.3358326	.4482415	0
771.2202	0	.215926	.3358326	.4482415	0
771.15	0	.216151	.3355559	.4481648	1.283319E-04
770.15	0	.2193235	.3316503	.4470801	.001946071
769.15	0	.2224348	.3278127	.4460093	.003743219
768.15	0	.2254862	.3240416	.4449521	.005520112
767.15	0	.2284788	.3203357	.4439085	.007277079
766.15	0	.231414	.3166936	.4428781	.009014442
765.15	0	.2342929	.313114	.4418607	.01073251
764.15	0	.2371167	.3095956	.4408561	.0124316
763.15	0	.2398867	.3061372	.4398641	.014112
762.15	0	.2426039	.3027376	.4388845	.015774
761.15	0	.2452694	.2993955	.4379172	.01741789
760.15	0	.2478843	.2961099	.4369618	.01904396
759.15	0	.2504496	.2928796	.4360183	.02065247
758.15	0	.2529664	.2897036	.4350864	.02224369
757.15	0	.2554356	.2865806	.4341659	.02381789
756.15	0	.2578583	.2835097	.4332567	.02537532
755.15	0	.2602353	.2804899	.4323586	.02691623
754.15	0	.2625676	.2775202	.4314714	.02844087
753.15	0	.2648561	.2745995	.4305949	.02994949
752.15	0	.2671018	.2717269	.429729	.03144231
751.15	0	.2693054	.2689016	.4288735	.03291959
750.15	0	.2714678	.2661224	.4280283	.03438153
749.15	0	.2735899	.2633887	.4271931	.03582838
748.15	0	.2756724	.2606994	.4263678	.03726034
747.15	0	.2777162	.2580538	.4255523	.03867765
746.15	0	.2797221	.255451	.4247465	.0400805
745.15	0	.2816908	.2528901	.4239501	.04146911
744.15	0	.283623	.2503704	.423163	.04284369
743.15	0	.2855195	.247891	.422385	.04420444
742.15	0	.2873811	.2454513	.4216161	.04555156
741.15	0	.2892083	.2430503	.4208561	.04688525
740.15	0	.291002	.2406875	.4201048	.04820569
739.15	0	.2927627	.2383621	.4193621	.04951308
738.15	0	.2944912	.2360732	.4186279	.05080761
737.15	0	.2961881	.2338204	.417902	.05208946
736.15	0	.297854	.2316028	.4171844	.05335881
735.15	0	.2994896	.2294198	.4164748	.05461584
734.15	0	.3010954	.2272708	.4157731	.05586072
733.15	0	.3026721	.225155	.4150792	.05709363
732.15	0	.3042203	.2230719	.4143931	.05831475
731.15	0	.3057404	.2210209	.4137145	.05952423
730.15	0	.3072331	.2190013	.4130434	.06072224
729.15	0	.308699	.2170125	.4123796	.06190894
728.15	0	.3101385	.215054	.411723	.0630845
727.15	0	.3115523	.2131251	.4110735	.06424908
726.15	0	.3129407	.2112254	.410431	.06540282
725.15	0	.3143044	.2093543	.4097954	.06654589
724.15	0	.3156439	.2075112	.4091666	.06767843
723.15	0	.3169595	.2056956	.4085444	.06880059
722.15	0	.3182518	.203907	.4079287	.06991252
721.15	0	.3195213	.2021448	.4073195	.07101436
720.15	0	.3207684	.2004087	.4067167	.07210626
719.15	0	.3219936	.198698	.40612	.07318835
718.15	0	.3231973	.1970124	.4055295	.07426077
717.15	0	.32438	.1953513	.4049451	.07532367
716.15	0	.325542	.1937143	.4043666	.07637716
715.15	0	.3266837	.1921009	.403794	.07742139
714.15	0	.3278057	.1905108	.4032271	.07845649
713.15	0	.3289082	.1889434	.4026658	.07948257
712.15	0	.3299917	.1873983	.4021102	.08049978
711.15	0	.3310566	.1858752	.40156	.08150822
710.15	0	.3321031	.1843736	.4010152	.08250804
709.15	0	.3331318	.1828932	.4004757	.08349933
708.15	0	.3341429	.1814334	.3999415	.08448223
707.15	0	.3351367	.179994	.3994124	.08545685
706.15	0	.3361137	.1785746	.3988883	.0864233
705.15	0	.3370742	.1771748	.3983693	.08738171
704.15	0	.3380185	.1757943	.3978551	.08833217
703.15	0	.3389469	.1744326	.3973457	.0892748
702.15	0	.3398597	.1730895	.3968411	.09020971
701.15	0	.3407573	.1717646	.3963412	.09113701
700.15	0	.3416399	.1704575	.3958458	.09205679
699.15	0	.3425078	.1691681	.395355	.09296917
698.15	0	.3433613	.1678958	.3948686	.09387424
697.15	0	.3442008	.1666405	.3943866	.0947721
696.15	0	.3450264	.1654018	.3939089	.09566286
695.15	0	.3458385	.1641794	.3934355	.09654661
694.15	0	.3466373	.1629731	.3929662	.09742345
693.15	0	.347423	.1617824	.3925011	.09829346
692.15	0	.348196	.1606073	.3920399	.09915675
691.15	0	.3489565	.1594473	.3915828	.1000134
690.15	0	.3497047	.1583022	.3911296	.1008635
689.15	0	.3504409	.1571717	.3906803	.1017072
688.15	0	.3511652	.1560556	.3902347	.1025444
687.15	0	.351878	.1549537	.3897929	.1033754
686.15	0	.3525794	.1538656	.3893548	.1042002
685.15	0	.3532696	.1527912	.3889203	.1050189
684.15	0	.353949	.1517301	.3884894	.1058316
683.15	0	.3546176	.1506822	.388062	.1066383
682.15	0	.3552757	.1496472	.387638	.1074391
681.15	0	.3559235	.1486249	.3872175	.1082341
680.15	0	.3565612	.1476151	.3868003	.1090234
679.15	0	.357189	.1466175	.3863865	.1098071
678.15	0	.357807	.145632	.3859758	.1105852
677.15	0	.3584155	.1446583	.3855684	.1113578
676.15	0	.3590146	.1436963	.3851642	.112125
675.15	0	.3596045	.1427456	.3847631	.1128868
674.15	0	.3601854	.1418063	.384365	.1136434
673.15	0	.3607575	.1408779	.3839699	.1143947
672.15	0	.3613208	.1399604	.3835779	.1151409
671.15	0	.3618757	.1390536	.3831887	.1158821
670.15	0	.3624221	.1381572	.3828025	.1166182
669.15	0	.3629604	.1372712	.382419	.1173494
668.15	0	.3634907	.1363953	.3820384	.1180757
667.15	0	.364013	.1355293	.3816606	.1187972
666.15	0	.3645275	.1346731	.3812854	.1195139
665.15	0	.3650345	.1338266	.380913	.120226
664.15	0	.365534	.1329895	.3805432	.1209334
663.15	0	.3660261	.1321617	.380176	.1216362
662.15	0	.3665126	.1313416	.3798106	.1223352
661.15	0	.3669902	.1305322	.3794486	.123029
660.15	0	.367461	.1297316	.379089	.1237184
659.15	0	.367925	.1289396	.3787319	.1244035
658.15	0	.3683823	.1281562	.3783772	.1250843
657.15	0	.368833	.1273812	.3780249	.1257609
656.15	0	.3692773	.1266144	.377675	.1264333
655.15	0	.3697153	.1258558	.3773273	.1271016
654.15	0	.3701471	.1251052	.3769819	.1277658
653.15	0	.3705728	.1243624	.3766388	.1284261
652.15	0	.3709925	.1236273	.3762979	.1290823
651.15	0	.3714063	.1228999	.3759592	.1297346
650.15	0	.3718144	.1221799	.3756226	.1303831
649.15	0	.3722168	.1214673	.3752882	.1310277
648.15	0	.3726136	.120762	.3749558	.1316686
647.15	0	.373005	.1200637	.3746255	.1323058
646.15	0	.3733909	.1193725	.3742973	.1329393
645.15	0	.3737716	.1186882	.3739711	.1335691
644.15	0	.3741471	.1180106	.3736468	.1341954
643.15	0	.3745176	.1173398	.3733245	.1348181
642.15	0	.374883	.1166755	.3730042	.1354373
641.15	0	.3752435	.1160177	.3726858	.1360531
640.15	0	.3755991	.1153663	.3723692	.1366654
639.15	0	.3759501	.1147211	.3720545	.1372744
638.15	0	.3762963	.1140821	.3717416	.13788
637.15	0	.376638	.1134491	.3714305	.1384824
636.15	0	.3769752	.1128221	.3711212	.1390815
635.15	0	.3773079	.112201	.3708137	.1396774
634.15	0	.3776364	.1115857	.3705079	.1402701
633.15	0	.3779605	.1109761	.3702037	.1408597
632.15	0	.3782804	.1103721	.3699013	.1414462
631.15	0	.3785963	.1097735	.3696006	.1420296
630.15	0	.378908	.1091805	.3693015	.14261
629.15	0	.3792158	.1085927	.369004	.1431874
628.15	0	.3795197	.1080103	.3687082	.1437619
627.15	0	.3798197	.107433	.3684139	.1443335
626.15	0	.3801159	.1068608	.3681211	.1449022
625.15	0	.3804085	.1062936	.3678299	.145468
624.15	0	.3806973	.1057314	.3675403	.146031
623.15	0	.3809826	.105174	.3672521	.1465913
622.15	0	.3812644	.1046214	.3669654	.1471488
621.15	0	.3815427	.1040736	.3666802	.1477036
620.15	0	.3818175	.1035303	.3663964	.1482557
619.15	0	.3820891	.1029917	.3661141	.1488052
618.15	0	.3823573	.1024576	.3658331	.149352
617.15	0	.3826223	.1019279	.3655536	.1498963
616.15	0	.3828841	.1014025	.3652754	.150438
615.15	0	.3831428	.1008815	.3649986	.1509772
614.15	0	.3833984	.1003647	.3647231	.1515139
613.15	0	.383651	.09985208	.3644489	.1520481
612.15	0	.3839006	.09934356	.3641761	.1525798
611.15	0	.3841472	.09883908	.3639045	.1531092
610.15	0	.384391	.09833859	.3636342	.1536362
609.15	0	.384632	.09784202	.3633652	.1541608
608.15	0	.3848702	.09734932	.3630974	.1546831
607.15	0	.3851056	.09686042	.3628309	.1552031
606.15	0	.3853384	.09637528	.3625655	.1557208
605.15	0	.3855685	.09589383	.3623014	.1562363
604.15	0	.3857961	.09541602	.3620384	.1567495
603.15	0	.386021	.09494179	.3617767	.1572605
602.15	0	.3862435	.09447109	.361516	.1577694
601.15	0	.3864635	.09400387	.3612566	.1582761
600.15	0	.386681	.09354008	.3609982	.1587807
599.15	0	.3868962	.09307966	.360741	.1592832
598.15	0	.387109	.09262257	.3604849	.1597836
597.15	0	.3873194	.09216876	.3602298	.160282
596.15	0	.3875276	.09171817	.3599759	.1607783
595.15	0	.3877336	.09127076	.359723	.1612726
594.15	0	.3879374	.09082649	.3594712	.1617649
593.15	0	.388139	.09038531	.3592204	.1622553
592.15	0	.3883385	.08994717	.3589707	.1627437
591.15	0	.3885358	.08951203	.3587219	.1632302
590.15	0	.3887312	.08907984	.3584742	.1637148
589.15	0	.3889244	.08865056	.3582275	.1641975
588.15	0	.3891157	.08822415	.3579817	.1646784
587.15	0	.3893051	.08780056	.357737	.1651574
586.15	0	.3894925	.08737976	.3574932	.1656346
585.15	0	.389678	.08696171	.3572503	.16611
584.15	0	.3898616	.08654636	.3570084	.1665837
583.15	0	.3900434	.08613368	.3567674	.1670555
582.15	0	.3902234	.08572362	.3565274	.1675257
581.15	0	.3904016	.08531615	.3562882	.1679941
580.15	0	.390578	.08491124	.35605	.1684608
579.15	0	.3907527	.08450884	.3558127	.1689258
578.15	0	.3909258	.08410891	.3555762	.1693891
577.15	0	.3910971	.08371143	.3553406	.1698508
576.15	0	.3912669	.08331636	.3551059	.1703109
575.15	0	.391435	.08292366	.354872	.1707693
574.15	0	.3916015	.0825333	.354639	.1712262
573.15	0	.3917664	.08214524	.3544069	.1716815
572.15	0	.3919299	.08175946	.3541755	.1721352
571.15	0	.3920918	.08137591	.353945	.1725873
570.15	0	.3922522	.08099457	.3537153	.1730379
569.15	0	.3924111	.08061541	.3534864	.1734871
568.15	0	.3925686	.0802384	.3532583	.1739347
567.15	0	.3927247	.07986349	.353031	.1743808
566.15	0	.3928794	.07949067	.3528044	.1748255
565.15	0	.3930327	.07911991	.3525787	.1752687
564.15	0	.3931847	.07875117	.3523537	.1757105
563.15	0	.3933353	.07838442	.3521294	.1761508
562.15	0	.3934847	.07801965	.3519059	.1765898
561.15	0	.3936327	.07765681	.3516832	.1770273
560.15	0	.3937795	.07729588	.3514612	.1774635
559.15	0	.393925	.07693684	.3512399	.1778983
558.15	0	.3940693	.07657966	.3510193	.1783318
557.15	0	.3942124	.0762243	.3507995	.1787639
556.15	0	.3943542	.07587076	.3505803	.1791947
555.15	0	.394495	.07551899	.3503619	.1796242
554.15	0	.3946345	.07516897	.3501442	.1800523
553.15	0	.394773	.07482069	.3499271	.1804792
552.15	0	.3949103	.07447411	.3497107	.1809049
551.15	0	.3950465	.07412921	.349495	.1813292
550.15	0	.3951816	.07378597	.34928	.1817524
549.15	0	.3953157	.07344436	.3490657	.1821743
548.15	0	.3954488	.07310436	.348852	.182595
547.15	0	.3955808	.07276595	.3486389	.1830144
546.15	0	.3957117	.0724291	.3484265	.1834327
545.15	0	.3958417	.07209379	.3482147	.1838498
544.15	0	.3959707	.07176001	.3480036	.1842657
543.15	0	.3960988	.07142772	.3477931	.1846804
542.15	0	.3962259	.07109691	.3475832	.1850941
541.15	0	.396352	.07076755	.3473739	.1855065
540.15	0	.3964773	.07043964	.3471652	.1859179
539.15	0	.3966016	.07011313	.3469572	.1863281
538.15	0	.396725	.06978802	.3467497	.1867372
537.15	0	.3968476	.06946429	.3465429	.1871452
536.15	0	.3969693	.06914191	.3463366	.1875522
535.15	0	.3970902	.06882086	.3461309	.187958
534.15	0	.3972102	.06850114	.3459258	.1883629
533.15	0	.3973294	.0681827	.3457213	.1887666
532.15	0	.3974477	.06786556	.3455174	.1891693
531.15	0	.3975653	.06754967	.345314	.189571
530.15	0	.3976821	.06723502	.3451112	.1899717
529.15	0	.3977982	.0669216	.3449089	.1903713
528.15	0	.3979135	.06660938	.3447072	.19077
527.15	0	.398028	.06629835	.344506	.1911677
526.15	0	.3981418	.0659885	.3443054	.1915643
525.15	0	.3982549	.0656798	.3441053	.19196
524.15	0	.3983672	.06537224	.3439058	.1923548
523.15	0	.3984789	.06506581	.3437067	.1927486
522.15	0	.3985899	.06476048	.3435083	.1931414
521.15	0	.3987002	.06445624	.3433103	.1935333
520.15	0	.3988098	.06415307	.3431128	.1939243
519.15	0	.3989188	.06385096	.3429159	.1943144
518.15	0	.3990271	.06354989	.3427195	.1947035
517.15	0	.3991348	.06324985	.3425235	.1950918
516.15	0	.3992419	.06295083	.3423281	.1954791
515.15	0	.3993484	.0626528	.3421332	.1958656
514.15	0	.3994543	.06235575	.3419388	.1962512
513.15	0	.3995596	.06205968	.3417448	.1966359
512.15	0	.3996643	.06176455	.3415514	.1970198
511.15	0	.3997684	.06147037	.3413584	.1974028
510.15	0	.399872	.06117711	.3411659	.197785
509.15	0	.399975	.06088477	.3409739	.1981664
508.15	0	.4000774	.06059332	.3407824	.1985469
507.15	0	.4001793	.06030275	.3405913	.1989266
506.15	0	.4002808	.06001306	.3404007	.1993055
505.15	0	.4003817	.05972423	.3402106	.1996836
504.15	0	.400482	.05943624	.3400209	.2000608
503.15	0	.4005819	.05914909	.3398317	.2004373
502.15	0	.4006813	.05886275	.3396429	.2008131
501.15	0	.4007802	.05857723	.3394546	.201188
500.15	0	.4008786	.05829249	.3392667	.2015622
499.15	0	.4009766	.05800854	.3390793	.2019356
498.15	0	.4010741	.05772536	.3388923	.2023083
497.15	0	.4011712	.05744294	.3387057	.2026802
496.15	0	.4012678	.05716127	.3385196	.2030514
495.15	0	.401364	.05688033	.3383339	.2034218
494.15	0	.4014597	.05660012	.3381486	.2037915
493.15	0	.401555	.05632062	.3379638	.2041605
492.15	0	.40165	.05604182	.3377794	.2045288
491.15	0	.4017445	.05576371	.3375954	.2048964
490.15	0	.4018386	.05548628	.3374118	.2052633
489.15	0	.4019324	.05520952	.3372286	.2056295
488.15	0	.4020257	.05493342	.3370459	.205995
487.15	0	.4021187	.05465796	.3368636	.2063598
486.15	0	.4022113	.05438314	.3366816	.206724
485.15	0	.4023035	.05410895	.3365001	.2070875
484.15	0	.4023954	.05383537	.336319	.2074503
483.15	0	.4024869	.0535624	.3361382	.2078124
482.15	0	.4025781	.05329003	.3359579	.208174
481.15	0	.402669	.05301824	.3357779	.2085348
480.15	0	.4027595	.05274703	.3355984	.2088951
479.15	0	.4028497	.05247639	.3354192	.2092547
478.15	0	.4029396	.0522063	.3352405	.2096137
477.15	0	.4030291	.05193676	.3350621	.209972
476.15	0	.4031184	.05166776	.3348841	.2103298
475.15	0	.4032074	.05139929	.3347064	.2106869
474.15	0	.403296	.05113133	.3345292	.2110435
473.15	0	.4033844	.05086389	.3343523	.2113994
472.15	0	.4034725	.05059696	.3341758	.2117548
471.15	0	.4035603	.05033051	.3339997	.2121095
470.15	0	.4036479	.05006456	.3338239	.2124637
469.15	0	.4037351	.04979907	.3336485	.2128173
468.15	0	.4038222	.04953406	.3334735	.2131703
467.15	0	.4039089	.0492695	.3332988	.2135228
466.15	0	.4039955	.0490054	.3331245	.2138747
465.15	0	.4040817	.04874174	.3329505	.214226
464.15	0	.4041677	.04847851	.3327769	.2145768
463.15	0	.4042535	.04821571	.3326037	.2149271
462.15	0	.4043391	.04795333	.3324308	.2152768
461.15	0	.4044244	.04769136	.3322582	.215626
460.15	0	.4045096	.0474298	.332086	.2159746
459.15	0	.4045945	.04716863	.3319142	.2163227
458.15	0	.4046792	.04690784	.3317427	.2166703
457.15	0	.4047637	.04664744	.3315715	.2170174
456.15	0	.404848	.04638741	.3314007	.217364
455.15	0	.404932	.04612775	.3312302	.21771
454.15	0	.4050159	.04586844	.33106	.2180556
453.15	0	.4050996	.04560949	.3308902	.2184007
452.15	0	.4051832	.04535088	.3307207	.2187452
451.15	0	.4052665	.04509261	.3305516	.2190893
450.15	0	.4053497	.04483466	.3303827	.2194329
449.15	0	.4054327	.044577	.3302143	.219776
448.15	0	.4055156	.04431965	.3300461	.2201187
447.15	0	.4055983	.0440626	.3298783	.2204609
446.15	0	.4056808	.04380584	.3297108	.2208026
445.15	0	.4057633	.04354936	.3295436	.2211438
444.15	0	.4058455	.04329315	.3293767	.2214846
443.15	0	.4059277	.04303721	.3292102	.221825
442.15	0	.4060097	.04278151	.3290439	.2221649
441.15	0	.4060916	.04252606	.328878	.2225043
440.15	0	.4061733	.04227084	.3287125	.2228433
