T	 BPW(LIQUID)	BPW(BCC_A2)	BPW(FCC_A1)	BPW(LAVES_PHASE_C14)	BPW(NI3TI)
1473.15	.2360849	.7639151	0	0	0
1472.15	.2333996	.7666004	0	0	0
1471.611	.2319583	.7680417	0	0	0
1471.611	.2319583	.7680417	0	0	0
1471.611	.2319583	.7680417	0	0	0
1471.15	.2292227	.7697921	0	9.852213E-04	0
1470.15	.2233607	.773539	0	.00310031	0
1469.15	.2176039	.7772133	0	.005182763	0
1468.15	.2119496	.7808169	0	.007233438	0
1467.15	.2063953	.7843515	0	.009253164	0
1466.15	.2009383	.7878189	0	.01124274	0
1465.15	.1955763	.7912207	0	.01320295	0
1464.15	.1903069	.7945585	0	.01513453	0
1463.15	.1851278	.797834	0	.01703822	0
1462.15	.1800368	.8010485	0	.01891471	0
1461.15	.1750318	.8042036	0	.02076467	0
1460.15	.1701106	.8073006	0	.02258878	0
1459.15	.1652713	.810341	0	.02438766	0
1458.15	.1605119	.8133261	0	.02616193	0
1457.15	.1558306	.8162572	0	.02791219	0
1456.15	.1512255	.8191355	0	.02963901	0
1455.15	.1466948	.8219622	0	.03134295	0
1454.811	.1451773	.8229079	0	.03191484	0
1454.811	.1451773	.8229079	0	.03191484	0
1454.811	.1451773	.8229079	0	.03191484	0
1454.15	.1333857	.8119195	.01877178	.03592306	0
1453.15	.1158627	.7957311	.04656278	.04184342	0
1452.15	.09869472	.7800384	.07366587	.04760105	0
1451.15	.0818679	.7648231	.1001069	.05320211	0
1450.15	.06536913	.7500678	.1259106	.05865249	0
1449.15	.04918589	.735756	.1511003	.06395781	0
1448.15	.03330625	.7218719	.1756984	.06912338	0
1447.15	.01771881	.7084006	.1997263	.07415429	0
1446.15	.002412726	.6953278	.223204	.07905541	0
1445.991	0	.6932814	.2268942	.0798244	0
1445.991	0	.6932814	.2268942	.0798244	0
1445.15	0	.6905392	.2290735	.08038732	0
1444.15	0	.6872857	.2316597	.08105457	0
1443.15	0	.6840412	.2342395	.08171931	0
1442.15	0	.6808056	.2368129	.08238157	0
1441.15	0	.6775789	.2393798	.08304134	0
1440.15	0	.6743611	.2419403	.08369865	0
1439.15	0	.6711521	.2444944	.0843535	0
1438.15	0	.667952	.2470421	.0850059	0
1437.15	0	.6647607	.2495834	.08565587	0
1436.15	0	.6615782	.2521184	.08630343	0
1435.15	0	.6584044	.254647	.08694857	0
1434.15	0	.6552394	.2571693	.08759132	0
1433.15	0	.6520831	.2596852	.08823168	0
1432.15	0	.6489355	.2621949	.08886966	0
1431.15	0	.6457965	.2646982	.08950529	0
1430.15	0	.6426662	.2671953	.09013856	0
1429.15	0	.6395444	.2696861	.09076949	0
1428.15	0	.6364313	.2721706	.09139809	0
1427.15	0	.6333267	.2746489	.09202437	0
1426.15	0	.6302307	.2771209	.09264835	0
1425.15	0	.6271432	.2795868	.09327003	0
1424.15	0	.6240642	.2820464	.09388942	0
1423.15	0	.6209937	.2844998	.09450654	0
1422.15	0	.6179316	.286947	.0951214	0
1421.15	0	.614878	.289388	.095734	0
1420.15	0	.6118327	.2918229	.09634436	0
1419.15	0	.6087959	.2942516	.09695249	0
1418.15	0	.6057674	.2966742	.0975584	0
1417.15	0	.6027473	.2990906	.09816209	0
1416.15	0	.5997355	.3015009	.09876359	0
1415.15	0	.596732	.3039051	.09936289	0
1414.15	0	.5937368	.3063032	.09996002	0
1413.15	0	.5907498	.3086952	.100555	0
1412.15	0	.5877711	.3110811	.1011478	0
1411.15	0	.5848006	.313461	.1017384	0
1410.15	0	.5818383	.3158348	.1023269	0
1409.15	0	.5788842	.3182025	.1029133	0
1408.15	0	.5759383	.3205642	.1034975	0
1407.15	0	.5730005	.3229198	.1040797	0
1406.15	0	.5700708	.3252694	.1046597	0
1405.15	0	.5671493	.327613	.1052377	0
1404.15	0	.5642358	.3299506	.1058135	0
1403.15	0	.5613304	.3322822	.1063873	0
1402.15	0	.5584331	.3346079	.1069591	0
1401.15	0	.5555438	.3369275	.1075288	0
1400.15	0	.5526625	.3392411	.1080964	0
1399.15	0	.5497892	.3415488	.108662	0
1398.15	0	.5469238	.3438506	.1092256	0
1397.15	0	.5440665	.3461464	.1097872	0
1396.15	0	.5412171	.3484362	.1103467	0
1395.15	0	.5383756	.3507201	.1109043	0
1394.15	0	.535542	.3529981	.1114598	0
1393.15	0	.5327164	.3552702	.1120134	0
1392.15	0	.5298986	.3575364	.112565	0
1391.15	0	.5270887	.3597967	.1131147	0
1390.15	0	.5242866	.362051	.1136624	0
1389.15	0	.5214924	.3642995	.1142081	0
1388.15	0	.5187059	.3665421	.114752	0
1387.15	0	.5159273	.3687788	.1152939	0
1386.15	0	.5131565	.3710097	.1158338	0
1385.15	0	.5103934	.3732347	.1163719	0
1384.15	0	.5076381	.3754538	.116908	0
1383.15	0	.5048906	.3776671	.1174423	0
1382.15	0	.5021507	.3798746	.1179747	0
1381.15	0	.4994186	.3820762	.1185052	0
1380.15	0	.4966942	.384272	.1190338	0
1379.15	0	.4939775	.3864619	.1195606	0
1378.15	0	.4912684	.388646	.1200855	0
1377.15	0	.4885671	.3908243	.1206086	0
1376.15	0	.4858733	.3929968	.1211299	0
1375.15	0	.4831872	.3951635	.1216493	0
1374.15	0	.4805088	.3973244	.1221669	0
1373.15	0	.4778379	.3994795	.1226826	0
1372.15	0	.4751746	.4016288	.1231966	0
1371.15	0	.4725189	.4037723	.1237088	0
1370.15	0	.4698708	.40591	.1242192	0
1369.15	0	.4672303	.4080419	.1247278	0
1368.15	0	.4645973	.4101681	.1252346	0
1367.15	0	.4619719	.4122884	.1257397	0
1366.15	0	.459354	.4144031	.126243	0
1365.15	0	.4567436	.4165119	.1267446	0
1364.15	0	.4541407	.418615	.1272444	0
1363.15	0	.4515453	.4207123	.1277424	0
1362.15	0	.4489574	.4228038	.1282388	0
1361.15	0	.446377	.4248896	.1287334	0
1360.15	0	.4438041	.4269696	.1292263	0
1359.15	0	.4412386	.4290439	.1297175	0
1358.15	0	.4386806	.4311124	.130207	0
1357.15	0	.43613	.4331752	.1306948	0
1356.15	0	.4335868	.4352322	.131181	0
1355.15	0	.4310511	.4372835	.1316654	0
1354.15	0	.4285228	.439329	.1321482	0
1353.15	0	.4260019	.4413688	.1326293	0
1352.15	0	.4234884	.4434029	.1331087	0
1351.15	0	.4209823	.4454312	.1335865	0
1350.15	0	.4184836	.4474537	.1340627	0
1349.15	0	.4159923	.4494705	.1345372	0
1348.15	0	.4135083	.4514816	.1350101	0
1347.15	0	.4110317	.453487	.1354813	0
1346.15	0	.4085625	.4554865	.135951	0
1345.15	0	.4061006	.4574804	.136419	0
1344.15	0	.4036461	.4594685	.1368854	0
1343.15	0	.4011989	.4614508	.1373502	0
1342.15	0	.3987591	.4634274	.1378135	0
1341.15	0	.3963266	.4653983	.1382751	0
1340.15	0	.3939014	.4673634	.1387352	0
1339.15	0	.3914835	.4693228	.1391937	0
1338.15	0	.389073	.4712764	.1396506	0
1337.15	0	.3866697	.4732243	.140106	0
1336.15	0	.3842738	.4751664	.1405598	0
1335.15	0	.3818852	.4771027	.1410121	0
1334.15	0	.3795039	.4790333	.1414628	0
1333.15	0	.3771299	.4809581	.141912	0
1332.15	0	.3747631	.4828772	.1423597	0
1331.15	0	.3724037	.4847905	.1428058	0
1330.15	0	.3700516	.486698	.1432505	0
1329.15	0	.3677067	.4885997	.1436936	0
1328.15	0	.3653692	.4904957	.1441352	0
1327.15	0	.3630389	.4923858	.1445753	0
1326.15	0	.3607159	.4942702	.1450139	0
1325.15	0	.3584002	.4961488	.145451	0
1324.15	0	.3560917	.4980216	.1458867	0
1323.15	0	.3537906	.4998886	.1463208	0
1322.15	0	.3514967	.5017498	.1467535	0
1321.15	0	.3492101	.5036051	.1471848	0
1320.15	0	.3469308	.5054547	.1476145	0
1319.15	0	.3446587	.5072984	.1480429	0
1318.15	0	.342394	.5091363	.1484697	0
1317.15	0	.3401365	.5109684	.1488952	0
1316.15	0	.3378863	.5127946	.1493191	0
1315.15	0	.3356434	.5146149	.1497417	0
1314.15	0	.3334078	.5164294	.1501628	0
1313.15	0	.3311794	.5182381	.1505826	0
1312.15	0	.3289583	.5200408	.1510008	0
1311.15	0	.3267446	.5218377	.1514177	0
1310.15	0	.3245381	.5236287	.1518332	0
1309.15	0	.3223389	.5254138	.1522473	0
1308.15	0	.320147	.527193	.15266	0
1307.15	0	.3179625	.5289663	.1530713	0
1306.15	0	.3157852	.5307336	.1534812	0
1305.15	0	.3136152	.5324951	.1538897	0
1304.15	0	.3114526	.5342506	.1542969	0
1303.15	0	.3092973	.5360001	.1547027	0
1302.15	0	.3071492	.5377437	.1551071	0
1301.15	0	.3050086	.5394813	.1555101	0
1300.15	0	.3028752	.5412129	.1559118	0
1299.15	0	.3007492	.5429386	.1563122	0
1298.15	0	.2986306	.5446582	.1567112	0
1297.15	0	.2965193	.5463718	.1571089	0
1296.15	0	.2944154	.5480794	.1575052	0
1295.15	0	.2923188	.549781	.1579003	0
1294.15	0	.2902296	.5514765	.1582939	0
1293.15	0	.2881478	.5531659	.1586863	0
1292.15	0	.2860734	.5548493	.1590773	0
1291.15	0	.2840064	.5565266	.1594671	0
1290.15	0	.2819468	.5581977	.1598555	0
1289.15	0	.2798946	.5598628	.1602426	0
1288.15	0	.2778498	.5615218	.1606285	0
1287.15	0	.2758125	.5631746	.161013	0
1286.15	0	.2737826	.5648212	.1613962	0
1285.15	0	.2717601	.5664617	.1617782	0
1284.15	0	.2697452	.568096	.1621589	0
1283.15	0	.2677377	.569724	.1625383	0
1282.15	0	.2657377	.5713459	.1629164	0
1281.15	0	.2637452	.5729615	.1632933	0
1280.15	0	.2617602	.5745709	.1636689	0
1279.15	0	.2597827	.5761741	.1640432	0
1278.15	0	.2578128	.5777709	.1644163	0
1277.15	0	.2558504	.5793615	.1647881	0
1276.15	0	.2538956	.5809457	.1651587	0
1275.15	0	.2519484	.5825236	.1655281	0
1274.15	0	.2500087	.5840951	.1658962	0
1273.15	0	.2480767	.5856603	.1662631	0
1272.15	0	.2461522	.5872191	.1666287	0
1271.15	0	.2442354	.5887714	.1669931	0
1270.15	0	.2423263	.5903174	.1673563	0
1269.15	0	.2404248	.5918569	.1677183	0
1268.15	0	.238531	.5933899	.1680791	0
1267.15	0	.2366449	.5949165	.1684387	0
1266.15	0	.2347665	.5964365	.168797	0
1265.15	0	.2328958	.59795	.1691542	0
1264.15	0	.2310329	.599457	.1695101	0
1263.15	0	.2291778	.6009573	.1698649	0
1262.15	0	.2273304	.6024511	.1702185	0
1261.15	0	.2254909	.6039383	.1705708	0
1260.15	0	.2236591	.6054188	.170922	0
1259.15	0	.2218352	.6068927	.1712721	0
1258.15	0	.2200192	.6083599	.1716209	0
1257.15	0	.2182111	.6098204	.1719686	0
1256.15	0	.2164108	.6112741	.1723151	0
1255.15	0	.2146185	.6127211	.1726604	0
1254.15	0	.2128341	.6141613	.1730046	0
1253.15	0	.2110577	.6155947	.1733476	0
1252.15	0	.2092893	.6170212	.1736895	0
1251.15	0	.2075289	.6184409	.1740302	0
1250.15	0	.2057765	.6198537	.1743698	0
1249.15	0	.2040322	.6212596	.1747082	0
1248.15	0	.202296	.6226585	.1750455	0
1247.15	0	.2005679	.6240505	.1753816	0
1246.15	0	.1988479	.6254354	.1757166	0
1245.15	0	.1971361	.6268134	.1760505	0
1244.15	0	.1954324	.6281843	.1763833	0
1243.15	0	.193737	.6295481	.1767149	0
1242.15	0	.1920498	.6309048	.1770454	0
1241.15	0	.1903709	.6322543	.1773748	0
1240.15	0	.1887002	.6335967	.1777031	0
1239.15	0	.1870379	.6349318	.1780303	0
1238.15	0	.1853839	.6362597	.1783564	0
1237.15	0	.1837383	.6375804	.1786813	0
1236.15	0	.1821011	.6388937	.1790052	0
1235.15	0	.1804723	.6401997	.1793279	0
1234.15	0	.178852	.6414984	.1796496	0
1233.15	0	.1772402	.6427896	.1799702	0
1232.15	0	.1756369	.6440734	.1802896	0
1231.15	0	.1740422	.6453498	.180608	0
1230.15	0	.1724561	.6466186	.1809254	0
1229.15	0	.1708785	.6478799	.1812416	0
1228.15	0	.1693097	.6491336	.1815568	0
1227.15	0	.1677495	.6503797	.1818708	0
1226.15	0	.1661981	.6516181	.1821838	0
1225.15	0	.1646554	.6528489	.1824958	0
1224.15	0	.1631215	.6540719	.1828067	0
1223.15	0	.1615964	.6552872	.1831165	0
1222.15	0	.1600802	.6564946	.1834252	0
1221.15	0	.1585728	.6576943	.1837329	0
1220.15	0	.1570744	.658886	.1840396	0
1219.15	0	.155585	.6600698	.1843452	0
1218.15	0	.1541046	.6612457	.1846497	0
1217.15	0	.1526333	.6624135	.1849532	0
1216.15	0	.151171	.6635734	.1852556	0
1215.15	0	.1497179	.6647251	.1855571	0
1214.15	0	.1482739	.6658687	.1858574	0
1213.15	0	.1468391	.6670041	.1861568	0
1212.15	0	.1454136	.6681314	.1864551	0
1211.15	0	.1439973	.6692503	.1867523	0
1210.15	0	.1425905	.670361	.1870486	0
1209.15	0	.1411929	.6714633	.1873438	0
1208.15	0	.1398048	.6725572	.187638	0
1207.15	0	.1384261	.6736427	.1879312	0
1206.15	0	.137057	.6747197	.1882233	0
1205.15	0	.1356974	.6757881	.1885145	0
1204.15	0	.1343474	.676848	.1888046	0
1203.15	0	.133007	.6778993	.1890937	0
1202.15	0	.1316763	.6789419	.1893818	0
1201.15	0	.1303554	.6799757	.1896689	0
1200.15	0	.1290442	.6810008	.189955	0
1199.15	0	.1277429	.682017	.1902401	0
1198.15	0	.1264514	.6830244	.1905242	0
1197.15	0	.1251698	.6840229	.1908073	0
1196.15	0	.1238983	.6850123	.1910894	0
1195.15	0	.1226367	.6859928	.1913705	0
1194.15	0	.1213852	.6869641	.1916507	0
1193.15	0	.1201439	.6879263	.1919298	0
1192.15	0	.1189127	.6888794	.192208	0
1191.15	0	.1176917	.6898231	.1924851	0
1190.15	0	.1164811	.6907576	.1927613	0
1189.15	0	.1152807	.6916828	.1930365	0
1188.15	0	.1140908	.6925985	.1933108	0
1187.15	0	.1129113	.6935047	.193584	0
1186.15	0	.1117423	.6944014	.1938563	0
1185.15	0	.1105838	.6952886	.1941276	0
1184.15	0	.109436	.6961661	.194398	0
1183.15	0	.1082988	.6970339	.1946673	0
1182.15	0	.1071723	.697892	.1949357	0
1181.15	0	.1060566	.6987402	.1952032	0
1180.15	0	.1049518	.6995786	.1954697	0
1179.15	0	.1038578	.700407	.1957352	0
1178.15	0	.1027748	.7012254	.1959998	0
1177.15	0	.1017028	.7020338	.1962634	0
1176.15	0	.1006419	.702832	.1965261	0
1175.15	0	.09959214	.70362	.1967878	0
1174.15	0	.09855356	.7043978	.1970486	0
1173.15	0	.09752624	.7051653	.1973084	0
1172.15	0	.09651025	.7059224	.1975673	0
1171.15	0	.09550564	.7066691	.1978253	0
1170.15	0	.09451247	.7074053	.1980823	0
1169.15	0	.09353082	.7081309	.1983383	0
1168.15	0	.09256074	.7088458	.1985934	0
1167.15	0	.09160231	.7095501	.1988476	0
1166.15	0	.09065558	.7102435	.1991009	0
1165.15	0	.08972062	.7109262	.1993532	0
1164.15	0	.0887975	.7115979	.1996046	0
1163.15	0	.08788629	.7122586	.1998551	0
1162.15	0	.08698706	.7129083	.2001046	0
1161.15	0	.08609986	.7135469	.2003532	0
1160.15	0	.08522478	.7141743	.2006009	0
1159.15	0	.08436187	.7147904	.2008477	0
1158.15	0	.08351121	.7153952	.2010936	0
1157.15	0	.08267287	.7159886	.2013385	0
1156.15	0	.08184692	.7165705	.2015825	0
1155.15	0	.08103343	.7171409	.2018257	0
1154.15	0	.08023239	.7176998	.2020678	0
1153.15	0	.07944403	.7182468	.2023091	0
1152.15	0	.07866834	.7187821	.2025495	0
1151.15	0	.0779054	.7193056	.202789	0
1150.15	0	.07715528	.7198172	.2030276	0
1149.15	0	.07641805	.7203167	.2032652	0
1148.15	0	.07569379	.7208042	.203502	0
1147.15	0	.07498257	.7212796	.2037379	0
1146.15	0	.07428446	.7217427	.2039728	0
1145.15	0	.07359954	.7221935	.2042069	0
1144.15	0	.07292789	.722632	.2044401	0
1143.15	0	.07226957	.7230581	.2046724	0
1142.15	0	.07162467	.7234716	.2049038	0
1141.15	0	.07099325	.7238725	.2051343	0
1140.15	0	.07037541	.7242607	.2053639	0
1139.15	0	.06977121	.7246362	.2055926	0
1138.15	0	.06918073	.7249988	.2058205	0
1137.15	0	.06860405	.7253485	.2060474	0
1136.15	0	.06804124	.7256852	.2062735	0
1135.15	0	.06749238	.7260089	.2064987	0
1134.15	0	.06695756	.7263194	.2067231	0
1133.15	0	.06643684	.7266167	.2069465	0
1132.15	0	.0659303	.7269006	.2071691	0
1131.15	0	.06543804	.7271712	.2073908	0
1130.15	0	.06496011	.7274283	.2076116	0
1129.15	0	.06449661	.7276718	.2078316	0
1128.15	0	.0640476	.7279017	.2080507	0
1127.15	0	.06361318	.7281179	.2082689	0
1126.15	0	.06319341	.7283204	.2084862	0
1125.15	0	.06278837	.7285089	.2087028	0
1124.15	0	.06239816	.7286835	.2089184	0
1123.15	0	.06202283	.728844	.2091332	0
1122.15	0	.06166248	.7289904	.2093471	0
1121.15	0	.06131718	.7291227	.2095602	0
1120.15	0	.06098701	.7292406	.2097724	0
1119.15	0	.06067204	.7293442	.2099837	0
1118.15	0	.06037237	.7294334	.2101942	0
1117.15	0	.06008806	.7295081	.2104039	0
1116.15	0	.05981919	.7295681	.2106127	0
1115.15	0	.05956584	.7296135	.2108207	0
1114.15	0	.0593281	.7296441	.2110278	0
1113.15	0	.05910602	.7296599	.2112341	0
1112.15	0	.05889971	.7296608	.2114395	0
1111.15	0	.05870922	.7296467	.2116441	0
1110.15	0	.05853464	.7296175	.2118479	0
1109.15	0	.05837605	.7295732	.2120508	0
1108.15	0	.05823352	.7295136	.2122529	0
1107.15	0	.05810712	.7294387	.2124542	0
1106.15	0	.05799692	.7293485	.2126546	0
1105.15	0	.05790302	.7292428	.2128542	0
1104.15	0	.05782548	.7291215	.213053	0
1103.15	0	.05776436	.7289847	.2132509	0
1102.15	0	.05771975	.7288322	.2134481	0
1101.15	0	.05769172	.7286639	.2136444	0
1100.15	0	.05768035	.7284798	.2138399	0
1099.15	0	.05768569	.7282798	.2140346	0
1098.15	0	.05770782	.7280638	.2142284	0
1097.15	0	.05774681	.7278317	.2144215	0
1096.15	0	.05780273	.7275836	.2146137	0
1095.15	0	.05787565	.7273192	.2148051	0
1094.15	0	.05796564	.7270386	.2149958	0
1093.15	0	.05807275	.7267417	.2151856	0
1092.15	0	.05819707	.7264283	.2153746	0
1091.15	0	.05833864	.7260986	.2155628	0
1090.15	0	.05849754	.7257522	.2157502	0
1089.15	0	.05867383	.7253893	.2159368	0
1088.15	0	.05886756	.7250098	.2161227	0
1087.15	0	.05907881	.7246135	.2163077	0
1086.15	0	.05930762	.7242004	.2164919	0
1085.15	0	.05955406	.7237706	.2166754	0
1084.15	0	.05981819	.7233238	.2168581	0
1083.15	0	.06010005	.72286	.2170399	0
1082.15	0	.0603997	.7223793	.217221	0
1081.15	0	.06071721	.7218815	.2174013	0
1080.15	0	.06105261	.7213665	.2175809	0
1079.15	0	.06140596	.7208344	.2177596	0
1078.15	0	.0617773	.7202851	.2179376	0
1077.15	0	.06216669	.7197185	.2181148	0
1076.15	0	.06257417	.7191345	.2182913	0
1075.15	0	.06299979	.7185332	.218467	0
1074.15	0	.06344358	.7179145	.2186419	0
1073.15	0	.06390559	.7172784	.2188161	0
1072.15	0	.06438585	.7166247	.2189894	0
1071.15	0	.06488441	.7159535	.2191621	0
1070.15	0	.06540131	.7152647	.2193339	0
1069.15	0	.06593656	.7145584	.2195051	0
1068.15	0	.06649021	.7138343	.2196754	0
1067.15	0	.06706229	.7130926	.2198451	0
1066.15	0	.06765283	.7123332	.220014	0
1065.15	0	.06826185	.7115561	.2201821	0
1064.15	0	.06888937	.7107612	.2203495	0
1063.15	0	.06953542	.7099484	.2205161	0
1062.15	0	.07020002	.7091179	.2206821	0
1061.15	0	.07088319	.7082696	.2208472	0
1060.15	0	.07158494	.7074034	.2210117	0
1059.15	0	.07230529	.7065193	.2211754	0
1058.15	0	.07304425	.7056174	.2213384	0
1057.15	0	.07380183	.7046975	.2215007	0
1056.15	0	.07457803	.7037598	.2216622	0
1055.15	0	.07537287	.7028041	.221823	0
1054.15	0	.07618634	.7018305	.2219831	0
1053.15	0	.07701844	.700839	.2221425	0
1052.15	0	.07786918	.6998296	.2223012	0
1051.15	0	.07873854	.6988023	.2224592	0
1050.15	0	.07962653	.697757	.2226164	0
1049.15	0	.08053312	.6966939	.222773	0
1048.15	0	.08145832	.6956128	.2229289	0
1047.15	0	.0824021	.6945139	.223084	0
1046.15	0	.08336445	.6933971	.2232385	0
1045.15	0	.08434535	.6922624	.2233922	0
1044.15	0	.08534477	.69111	.2235453	0
1043.15	0	.08636269	.6899397	.2236976	0
1042.15	0	.08739909	.6887516	.2238493	0
1041.15	0	.08845393	.6875457	.2240003	0
1040.15	0	.08952718	.6863222	.2241506	0
1039.15	0	.09061881	.6850809	.2243003	0
1038.15	0	.09172878	.683822	.2244492	0
1037.15	0	.09285704	.6825455	.2245975	0
1036.15	0	.09400355	.6812514	.2247451	0
1035.15	0	.09516827	.6799397	.224892	0
1034.15	0	.09635115	.6786106	.2250383	0
1033.15	0	.09755213	.677264	.2251839	0
1032.15	0	.09877116	.6759001	.2253288	0
1031.15	0	.1000082	.6745188	.225473	0
1030.15	0	.1012631	.6731202	.2256166	0
1029.15	0	.102536	.6717045	.2257596	0
1028.15	0	.1038266	.6702716	.2259019	0
1027.15	0	.105135	.6688216	.2260435	0
1026.15	0	.106461	.6673546	.2261845	0
1025.15	0	.1078046	.6658706	.2263248	0
1024.15	0	.1091657	.6643698	.2264644	0
1023.15	0	.1105443	.6628523	.2266035	0
1022.15	0	.1119402	.661318	.2267418	0
1021.15	0	.1133533	.6597671	.2268796	0
1020.15	0	.1147837	.6581997	.2270167	0
1019.15	0	.1162311	.6566158	.2271531	0
1018.15	0	.1176955	.6550156	.2272889	0
1017.15	0	.1191768	.6533991	.2274241	0
1016.15	0	.1206749	.6517665	.2275586	0
1015.15	0	.1221896	.6501178	.2276925	0
1014.15	0	.123721	.6484532	.2278258	0
1013.15	0	.1252688	.6467727	.2279584	0
1012.15	0	.126833	.6450765	.2280904	0
1011.15	0	.1284135	.6433647	.2282218	0
1010.15	0	.1300101	.6416374	.2283525	0
1009.15	0	.1316227	.6398947	.2284827	0
1008.15	0	.1332512	.6381367	.2286121	0
1007.15	0	.1348955	.6363635	.228741	0
1006.15	0	.1365554	.6345753	.2288692	0
1005.15	0	.1382309	.6327723	.2289968	0
1004.15	0	.1399217	.6309545	.2291238	0
1003.15	0	.1416278	.629122	.2292502	0
1002.15	0	.1433491	.6272751	.2293759	0
1001.15	0	.1450852	.6254137	.229501	0
1000.15	0	.1468363	.6235382	.2296255	0
999.15	0	.148602	.6216486	.2297493	0
998.15	0	.1503823	.6197451	.2298726	0
997.15	0	.152177	.6178278	.2299952	0
996.15	0	.153986	.6158969	.2301172	0
995.15	0	.155809	.6139525	.2302385	0
994.15	0	.157646	.6119947	.2303593	0
993.15	0	.1594968	.6100239	.2304794	0
992.15	0	.1613612	.60804	.2305988	0
991.15	0	.1632391	.6060432	.2307177	0
990.15	0	.1651303	.6040338	.2308359	0
989.15	0	.1670347	.6020119	.2309535	0
988.15	0	.168952	.5999776	.2310704	0
987.15	0	.1708821	.5979312	.2311867	0
986.15	0	.1728249	.5958727	.2313024	0
985.15	0	.1747802	.5938024	.2314174	0
984.15	0	.1767477	.5917205	.2315318	0
983.15	0	.1787274	.5896271	.2316455	0
982.15	0	.180719	.5875225	.2317586	0
981.15	0	.1827223	.5854067	.231871	0
980.15	0	.1847373	.5832799	.2319828	0
979.15	0	.1867636	.5811425	.2320939	0
978.15	0	.1888012	.5789945	.2322043	0
977.15	0	.1908498	.5768361	.2323141	0
976.15	0	.1929092	.5746675	.2324232	0
975.15	0	.1949793	.572489	.2325317	0
974.15	0	.1970599	.5703007	.2326394	0
973.15	0	.1991507	.5681028	.2327465	0
972.15	0	.2012517	.5658955	.2328529	0
971.15	0	.2033625	.563679	.2329585	0
970.15	0	.205483	.5614535	.2330635	0
969.15	0	.207613	.5592192	.2331678	0
968.15	0	.2097523	.5569764	.2332714	0
967.15	0	.2119007	.5547251	.2333742	0
966.15	0	.214058	.5524657	.2334763	0
965.15	0	.2162241	.5501983	.2335777	0
964.15	0	.2183986	.5479231	.2336783	0
963.15	0	.2205814	.5456404	.2337782	0
962.15	0	.2227723	.5433504	.2338773	0
961.15	0	.2249712	.5410532	.2339756	0
960.15	0	.2271761	.5387506	.2340733	0
959.15	0	.2292995	.5365243	.2341762	0
958.15	0	.2314504	.5342721	.2342775	0
957.15	0	.2336271	.5319957	.2343772	0
956.15	0	.2358282	.5296964	.2344753	0
955.15	0	.2380523	.5273758	.2345719	0
954.15	0	.2402979	.5250352	.234667	0
953.15	0	.2425636	.5226759	.2347605	0
952.15	0	.2448482	.5202993	.2348525	0
951.15	0	.2471503	.5179066	.2349431	0
950.15	0	.2494688	.515499	.2350321	0
949.15	0	.2518025	.5130777	.2351198	0
948.15	0	.2541503	.5106438	.235206	0
947.15	0	.256511	.5081983	.2352907	0
946.15	0	.2588836	.5057423	.2353741	0
945.15	0	.261267	.5032769	.2354561	0
944.15	0	.2636604	.500803	.2355366	0
943.15	0	.2660627	.4983215	.2356158	0
942.15	0	.2684729	.4958334	.2356936	0
941.15	0	.2708904	.4933396	.2357701	0
940.15	0	.2733141	.4908408	.2358451	0
939.15	0	.2757433	.4883379	.2359188	0
938.15	0	.2781771	.4858317	.2359912	0
937.15	0	.2806148	.483323	.2360622	0
936.15	0	.2830557	.4808124	.2361319	0
935.15	0	.285499	.4783008	.2362002	0
934.15	0	.2879441	.4757887	.2362672	0
933.15	0	.2903902	.4732769	.2363329	0
932.15	0	.2928368	.470766	.2363972	0
931.15	0	.2952831	.4682566	.2364602	0
930.15	0	.2977287	.4657493	.2365219	0
929.15	0	.300173	.4632447	.2365823	0
928.15	0	.3026153	.4607433	.2366414	0
927.15	0	.3050552	.4582457	.2366991	0
926.15	0	.3074921	.4557524	.2367555	0
925.15	0	.3099255	.4532639	.2368106	0
924.15	0	.312355	.4507807	.2368644	0
923.15	0	.31478	.4483031	.2369168	0
922.15	0	.3172002	.4458318	.236968	0
921.15	0	.3196151	.4433671	.2370178	0
920.15	0	.3220242	.4409095	.2370664	0
919.15	0	.3244271	.4384593	.2371136	0
918.15	0	.3268236	.4360169	.2371595	0
917.15	0	.3292132	.4335828	.2372041	0
916.15	0	.3315954	.4311572	.2372473	0
915.15	0	.3339701	.4287406	.2372893	0
914.15	0	.3363368	.4263332	.23733	0
913.15	0	.3386951	.4239355	.2373694	0
912.15	0	.3410449	.4215477	.2374074	0
911.15	0	.3433858	.4191701	.2374442	0
910.15	0	.3457174	.416803	.2374796	0
909.15	0	.3480395	.4144467	.2375138	0
908.15	0	.3503518	.4121016	.2375466	0
907.15	0	.3526541	.4097677	.2375781	0
906.15	0	.3549461	.4074455	.2376084	0
905.15	0	.3572275	.4051352	.2376373	0
904.15	0	.3594981	.4028369	.237665	0
903.15	0	.3617577	.400551	.2376913	0
902.15	0	.364006	.3982776	.2377164	0
901.15	0	.3662428	.396017	.2377401	0
900.15	0	.3684679	.3937694	.2377626	0
899.15	0	.3706812	.391535	.2377838	0
898.15	0	.3728823	.389314	.2378038	0
897.15	0	.3750711	.3871065	.2378224	0
896.15	0	.3772475	.3849128	.2378398	0
895.15	0	.3794111	.382733	.2378559	0
894.15	0	.381562	.3805673	.2378707	0
893.15	0	.3836999	.3784159	.2378843	0
892.15	0	.3858246	.3762789	.2378966	0
891.15	0	.387936	.3741564	.2379076	0
890.15	0	.3900339	.3720487	.2379175	0
889.15	0	.3921182	.3699558	.237926	0
888.15	0	.3941887	.3678779	.2379334	0
887.15	0	.3962454	.3658151	.2379395	0
886.15	0	.398288	.3637676	.2379444	0
885.15	0	.4003165	.3617355	.2379481	0
884.15	0	.4023307	.3597188	.2379505	0
883.15	0	.4043306	.3577176	.2379518	0
882.15	0	.4063159	.3557322	.2379519	0
881.15	0	.4082867	.3537626	.2379508	0
880.15	0	.4102427	.3518088	.2379485	0
879.15	0	.412184	.349871	.2379451	0
878.15	0	.4141103	.3479492	.2379405	0
877.15	0	.4160217	.3460435	.2379348	0
876.15	0	.417918	.3441541	.2379279	0
875.15	0	.4197992	.3422809	.2379199	0
874.15	0	.4216652	.340424	.2379108	0
873.15	0	.4235159	.3385836	.2379006	0
872.15	0	.4253512	.3367595	.2378893	0
871.15	0	.4271712	.334952	.2378769	0
870.15	0	.4289757	.3331609	.2378634	0
869.15	0	.4307646	.3313865	.2378489	0
868.15	0	.4325381	.3296286	.2378333	0
867.15	0	.4342959	.3278873	.2378168	0
866.15	0	.4360382	.3261627	.2377991	0
865.15	0	.4377647	.3244547	.2377805	0
864.15	0	.4394756	.3227635	.2377609	0
863.15	0	.4411708	.3210888	.2377403	0
862.15	0	.4428503	.3194309	.2377188	0
861.15	0	.444514	.3177897	.2376963	0
860.15	0	.4461621	.3161651	.2376729	0
859.15	0	.4477944	.3145572	.2376485	0
858.15	0	.4494109	.3129658	.2376232	0
857.15	0	.4510118	.3113912	.2375971	0
856.15	0	.452597	.309833	.23757	0
855.15	0	.4541665	.3082915	.2375421	0
854.15	0	.4557203	.3067664	.2375133	0
853.15	0	.4572585	.3052577	.2374837	0
852.15	0	.4587812	.3037655	.2374533	0
851.15	0	.4602883	.3022897	.237422	0
850.15	0	.4617799	.3008301	.23739	0
849.15	0	.463256	.2993868	.2373572	0
848.15	0	.4647168	.2979596	.2373236	0
847.15	0	.4661622	.2965485	.2372893	0
846.15	0	.4675923	.2951535	.2372542	0
845.15	0	.4690073	.2937743	.2372184	0
844.15	0	.4704071	.292411	.2371819	0
843.15	0	.4717918	.2910635	.2371447	0
842.15	0	.4731616	.2897316	.2371069	0
841.15	0	.4745164	.2884153	.2370683	0
840.15	0	.4758565	.2871144	.2370291	0
839.15	0	.4771819	.2858289	.2369893	0
838.15	0	.4784926	.2845586	.2369488	0
837.15	0	.4797888	.2833035	.2369077	0
836.15	0	.4810706	.2820634	.236866	0
835.15	0	.4823381	.2808381	.2368237	0
834.15	0	.4835914	.2796277	.2367809	0
833.15	0	.4848306	.2784319	.2367375	0
832.15	0	.4860559	.2772507	.2366935	0
831.15	0	.4872673	.2760838	.2366489	0
830.15	0	.4884649	.2749312	.2366039	0
829.15	0	.489649	.2737928	.2365583	0
828.15	0	.4908195	.2726683	.2365122	0
827.15	0	.4919767	.2715577	.2364656	0
826.15	0	.4931206	.2704608	.2364185	0
825.15	0	.4942515	.2693776	.236371	0
824.15	0	.4953694	.2683077	.2363229	0
823.15	0	.4964744	.2672512	.2362744	0
822.15	0	.4975667	.2662078	.2362255	0
821.15	0	.4986465	.2651774	.2361761	0
820.15	0	.4997138	.2641599	.2361263	0
819.15	0	.5007688	.2631552	.236076	0
818.15	0	.5018116	.262163	.2360254	0
817.15	0	.5028425	.2611832	.2359743	0
816.15	0	.5038615	.2602157	.2359228	0
815.15	0	.5048687	.2592604	.235871	0
814.15	0	.5058643	.258317	.2358187	0
813.15	0	.5068484	.2573855	.2357661	0
812.15	0	.5078212	.2564657	.2357131	0
811.2374	0	.5086993	.2556363	.2356644	0
811.2374	0	.5086993	.2556363	.2356644	0
811.2374	0	.5086993	.2556363	.2356644	0
811.15	0	.5091948	.2550194	.2355074	2.784222E-04
810.15	0	.5147809	.2480531	.2337283	.003437692
809.15	0	.5202123	.2412593	.231982	.006546331
808.15	0	.5254941	.2346327	.2302677	.009605633
807.15	0	.5306308	.2281679	.2285844	.01261684
806.15	0	.5356273	.2218602	.2269314	.01558114
805.15	0	.5404878	.2157045	.225308	.01849969
804.15	0	.5452167	.2096964	.2237133	.02137359
803.15	0	.549818	.2038314	.2221467	.02420389
802.15	0	.5542955	.1981054	.2206075	.02699162
801.15	0	.5586531	.1925141	.219095	.02973776
800.15	0	.5628943	.1870538	.2176086	.03244327
799.15	0	.5670226	.1817206	.2161477	.03510905
798.15	0	.5710414	.176511	.2147116	.03773599
797.15	0	.5749538	.1714214	.2132999	.04032495
796.15	0	.5787629	.1664485	.2119119	.04287674
795.15	0	.5824717	.1615891	.210547	.04539216
794.15	0	.5860832	.1568399	.2092049	.04787199
793.15	0	.5896	.1521981	.2078849	.05031697
792.15	0	.5930248	.1476607	.2065866	.05272781
791.15	0	.5963603	.1432249	.2053096	.05510522
790.15	0	.5996088	.138888	.2040532	.05744988
789.15	0	.6027729	.1346474	.2028172	.05976244
788.15	0	.6058549	.1305005	.201601	.06204354
787.15	0	.6088569	.126445	.2004043	.0642938
786.15	0	.6117812	.1224783	.1992266	.06651381
785.15	0	.6146299	.1185984	.1980676	.06870416
784.15	0	.617405	.1148028	.1969268	.07086543
783.15	0	.6201085	.1110895	.1958038	.07299815
782.15	0	.6227423	.1074564	.1946984	.07510287
781.15	0	.6253083	.1039015	.1936101	.07718011
780.15	0	.6278082	.1004228	.1925386	.07923038
779.15	0	.6302439	.09701841	.1914836	.08125417
778.15	0	.6326169	.09368651	.1904446	.08325196
777.15	0	.6349289	.09042531	.1894215	.08522424
776.15	0	.6371816	.08723305	.1884139	.08717145
775.15	0	.6393765	.08410807	.1874214	.08909405
774.15	0	.641515	.08104871	.1864438	.09099247
773.15	0	.6435987	.07805339	.1854808	.09286714
772.15	0	.645629	.07512056	.184532	.09471848
771.15	0	.6476071	.0722487	.1835973	.0965469
770.15	0	.6495346	.06943636	.1826763	.0983528
769.15	0	.6514126	.06668211	.1817687	.1001366
768.15	0	.6532425	.06398456	.1808743	.1018986
767.15	0	.6550255	.06134236	.1799929	.1036392
766.15	0	.6567628	.05875419	.1791242	.1053589
765.15	0	.6584555	.05621878	.1782678	.1070579
764.15	0	.6601049	.05373486	.1774237	.1087366
763.15	0	.6617119	.05130124	.1765915	.1103953
762.15	0	.6632778	.04891671	.1757711	.1120344
761.15	0	.6648035	.04658013	.1749621	.1136543
760.15	0	.66629	.04429036	.1741644	.1152552
759.15	0	.6677385	.04204631	.1733778	.1168374
758.15	0	.6691498	.0398469	.172602	.1184014
757.15	0	.6705249	.0376911	.1718367	.1199473
756.15	0	.6718647	.03557787	.171082	.1214755
755.15	0	.6731701	.03350623	.1703374	.1229863
754.15	0	.6744421	.0314752	.1696028	.12448
753.15	0	.6756814	.02948383	.168878	.1259568
752.15	0	.6768889	.0275312	.1681629	.127417
751.15	0	.6780655	.02561642	.1674571	.128861
750.15	0	.6792118	.02373858	.1667606	.130289
749.15	0	.6803288	.02189685	.1660732	.1317012
748.15	0	.681417	.02009037	.1653947	.1330979
747.15	0	.6824774	.01831832	.1647249	.1344794
746.15	0	.6835106	.01657991	.1640636	.1358459
745.15	0	.6845173	.01487436	.1634107	.1371977
744.15	0	.6854981	.01320089	.162766	.138535
743.15	0	.6864538	.01155878	.1621293	.1398581
742.15	0	.6873851	.009947282	.1615006	.1411671
741.15	0	.6882924	.008365697	.1608795	.1424624
740.15	0	.6891765	.006813327	.160266	.1437441
739.15	0	.690038	.005289498	.15966	.1450125
738.15	0	.6908774	.003793548	.1590612	.1462678
737.15	0	.6916954	.002324831	.1584696	.1475102
736.15	0	.6924924	8.827188E-04	.157885	.1487399
735.5288	0	.6929772	0	.1575253	.1494976
735.5288	0	.6929772	0	.1575253	.1494976
735.15	0	.6929331	0	.1574511	.1496158
734.15	0	.692817	0	.1572558	.1499272
733.15	0	.6927015	0	.157061	.1502375
732.15	0	.6925865	0	.1568669	.1505466
731.15	0	.6924721	0	.1566733	.1508546
730.15	0	.6923582	0	.1564804	.1511614
729.15	0	.6922448	0	.1562881	.1514671
728.15	0	.692132	0	.1560963	.1517717
727.15	0	.6920197	0	.1559052	.1520751
726.15	0	.6919079	0	.1557147	.1523775
725.15	0	.6917966	0	.1555247	.1526786
724.15	0	.6916859	0	.1553354	.1529787
723.15	0	.6915757	0	.1551466	.1532777
722.15	0	.691466	0	.1549585	.1535755
721.15	0	.6913568	0	.154771	.1538723
720.15	0	.6912481	0	.154584	.1541679
719.15	0	.6911399	0	.1543977	.1544624
718.15	0	.6910323	0	.1542119	.1547558
717.15	0	.6909251	0	.1540268	.1550481
716.15	0	.6908184	0	.1538422	.1553393
715.15	0	.6907123	0	.1536583	.1556295
714.15	0	.6906066	0	.1534749	.1559185
713.15	0	.6905014	0	.1532922	.1562064
712.15	0	.6903967	0	.15311	.1564933
711.15	0	.6902925	0	.1529284	.1567791
710.15	0	.6901888	0	.1527475	.1570638
709.15	0	.6900855	0	.1525671	.1573474
708.15	0	.6899828	0	.1523873	.1576299
707.15	0	.6898805	0	.1522081	.1579114
706.15	0	.6897787	0	.1520295	.1581917
705.15	0	.6896774	0	.1518516	.158471
704.15	0	.6895766	0	.1516742	.1587493
703.15	0	.6894762	0	.1514974	.1590265
702.15	0	.6893763	0	.1513212	.1593026
701.15	0	.6892769	0	.1511455	.1595776
700.15	0	.6891779	0	.1509705	.1598516
699.15	0	.6890794	0	.1507961	.1601245
698.15	0	.6889813	0	.1506223	.1603964
697.15	0	.6888837	0	.150449	.1606672
696.15	0	.6887866	0	.1502764	.160937
695.15	0	.6886899	0	.1501043	.1612057
694.15	0	.6885937	0	.1499329	.1614734
693.15	0	.6884979	0	.149762	.16174
692.15	0	.6884026	0	.1495918	.1620056
691.15	0	.6883078	0	.1494221	.1622702
690.15	0	.6882133	0	.149253	.1625337
689.15	0	.6881194	0	.1490845	.1627961
688.15	0	.6880258	0	.1489166	.1630575
687.15	0	.6879327	0	.1487493	.163318
686.15	0	.6878401	0	.1485826	.1635773
685.15	0	.6877479	0	.1484165	.1638356
684.15	0	.6876561	0	.148251	.164093
683.15	0	.6875648	0	.148086	.1643492
682.15	0	.6874739	0	.1479217	.1646045
681.15	0	.6873834	0	.1477579	.1648587
680.15	0	.6872933	0	.1475948	.1651119
679.15	0	.6872037	0	.1474322	.1653641
678.15	0	.6871145	0	.1472702	.1656153
677.15	0	.6870258	0	.1471088	.1658654
676.15	0	.6869374	0	.146948	.1661146
675.15	0	.6868495	0	.1467878	.1663627
674.15	0	.686762	0	.1466282	.1666098
673.15	0	.6866749	0	.1464692	.1668559
672.15	0	.6865883	0	.1463107	.167101
671.15	0	.686502	0	.1461529	.1673451
670.15	0	.6864162	0	.1459957	.1675882
669.15	0	.6863308	0	.145839	.1678302
668.15	0	.6862458	0	.1456829	.1680713
667.15	0	.6861612	0	.1455274	.1683114
666.15	0	.686077	0	.1453725	.1685505
665.15	0	.6859932	0	.1452182	.1687885
664.15	0	.6859099	0	.1450645	.1690256
663.15	0	.6858269	0	.1449114	.1692617
662.15	0	.6857444	0	.1447588	.1694968
661.15	0	.6856622	0	.1446069	.1697309
660.15	0	.6855805	0	.1444555	.169964
659.15	0	.6854991	0	.1443048	.1701961
658.15	0	.6854182	0	.1441546	.1704273
657.15	0	.6853376	0	.144005	.1706574
656.15	0	.6852575	0	.143856	.1708866
655.15	0	.6851777	0	.1437075	.1711148
654.15	0	.6850983	0	.1435597	.171342
653.15	0	.6850194	0	.1434125	.1715682
652.15	0	.6849408	0	.1432658	.1717934
651.15	0	.6848626	0	.1431197	.1720177
650.15	0	.6847848	0	.1429742	.172241
649.15	0	.6847074	0	.1428294	.1724633
648.15	0	.6846303	0	.142685	.1726846
647.15	0	.6845537	0	.1425413	.172905
646.15	0	.6844774	0	.1423982	.1731244
645.15	0	.6844016	0	.1422556	.1733428
644.15	0	.6843261	0	.1421137	.1735603
643.15	0	.684251	0	.1419723	.1737768
642.15	0	.6841762	0	.1418315	.1739923
641.15	0	.6841019	0	.1416913	.1742069
640.15	0	.6840279	0	.1415517	.1744205
639.15	0	.6839543	0	.1414126	.1746331
638.15	0	.6838811	0	.1412742	.1748448
637.15	0	.6838082	0	.1411363	.1750555
636.15	0	.6837358	0	.140999	.1752652
635.15	0	.6836637	0	.1408623	.1754741
634.15	0	.6835919	0	.1407262	.1756819
633.15	0	.6835206	0	.1405906	.1758888
632.15	0	.6834496	0	.1404557	.1760947
631.15	0	.683379	0	.1403213	.1762997
630.15	0	.6833087	0	.1401875	.1765038
629.15	0	.6832388	0	.1400543	.1767069
628.15	0	.6831693	0	.1399217	.176909
627.15	0	.6831001	0	.1397897	.1771102
626.15	0	.6830313	0	.1396582	.1773105
625.15	0	.6829629	0	.1395273	.1775098
624.15	0	.6828948	0	.139397	.1777082
623.15	0	.6828271	0	.1392673	.1779056
622.15	0	.6827597	0	.1391382	.1781021
621.15	0	.6826927	0	.1390096	.1782976
620.15	0	.6826261	0	.1388816	.1784923
619.15	0	.6825598	0	.1387542	.1786859
618.15	0	.6824939	0	.1386274	.1788787
617.15	0	.6824283	0	.1385012	.1790705
616.15	0	.6823631	0	.1383755	.1792614
615.15	0	.6822982	0	.1382504	.1794514
614.15	0	.6822337	0	.138126	.1796404
613.15	0	.6821695	0	.138002	.1798285
612.15	0	.6821057	0	.1378787	.1800157
611.15	0	.6820422	0	.1377559	.1802019
610.15	0	.6819791	0	.1376337	.1803872
609.15	0	.6819163	0	.1375121	.1805716
608.15	0	.6818538	0	.137391	.1807551
607.15	0	.6817918	0	.1372706	.1809377
606.15	0	.68173	0	.1371507	.1811194
605.15	0	.6816686	0	.1370313	.1813001
604.15	0	.6816075	0	.1369126	.1814799
603.15	0	.6815468	0	.1367944	.1816588
602.15	0	.6814864	0	.1366768	.1818368
601.15	0	.6814264	0	.1365598	.1820139
600.15	0	.6813667	0	.1364433	.18219
599.15	0	.6813073	0	.1363274	.1823653
598.15	0	.6812482	0	.1362121	.1825397
597.15	0	.6811895	0	.1360974	.1827131
596.15	0	.6811312	0	.1359832	.1828857
595.15	0	.6810731	0	.1358696	.1830573
594.15	0	.6810154	0	.1357565	.1832281
593.15	0	.680958	0	.135644	.1833979
592.15	0	.680901	0	.1355321	.1835669
591.15	0	.6808443	0	.1354208	.1837349
590.15	0	.6807879	0	.13531	.1839021
589.15	0	.6807318	0	.1351998	.1840684
588.15	0	.6806761	0	.1350902	.1842337
587.15	0	.6806207	0	.1349811	.1843982
586.15	0	.6805656	0	.1348726	.1845618
585.15	0	.6805109	0	.1347646	.1847245
584.15	0	.6804564	0	.1346572	.1848864
583.15	0	.6804023	0	.1345504	.1850473
582.15	0	.6803485	0	.1344441	.1852073
581.15	0	.680295	0	.1343384	.1853665
580.15	0	.6802419	0	.1342333	.1855248
579.15	0	.6801891	0	.1341287	.1856823
578.15	0	.6801365	0	.1340247	.1858388
577.15	0	.6800843	0	.1339212	.1859945
576.15	0	.6800325	0	.1338183	.1861493
575.15	0	.6799809	0	.1337159	.1863032
574.15	0	.6799296	0	.1336141	.1864563
573.15	0	.6798787	0	.1335129	.1866085
572.15	0	.6798281	0	.1334122	.1867598
571.15	0	.6797777	0	.133312	.1869102
570.15	0	.6797277	0	.1332124	.1870598
569.15	0	.679678	0	.1331134	.1872086
568.15	0	.6796286	0	.1330149	.1873565
567.15	0	.6795795	0	.132917	.1875035
566.15	0	.6795308	0	.1328196	.1876497
565.15	0	.6794823	0	.1327227	.187795
564.15	0	.6794341	0	.1326265	.1879394
563.15	0	.6793863	0	.1325307	.188083
562.15	0	.6793387	0	.1324355	.1882258
561.15	0	.6792914	0	.1323408	.1883677
560.15	0	.6792445	0	.1322467	.1885088
559.15	0	.6791978	0	.1321532	.188649
558.15	0	.6791515	0	.1320601	.1887884
557.15	0	.6791054	0	.1319676	.188927
556.15	0	.6790596	0	.1318757	.1890647
555.15	0	.6790142	0	.1317843	.1892016
554.15	0	.678969	0	.1316934	.1893376
553.15	0	.6789241	0	.1316031	.1894728
552.15	0	.6788795	0	.1315132	.1896072
551.15	0	.6788352	0	.131424	.1897408
550.15	0	.6787912	0	.1313352	.1898735
549.15	0	.6787475	0	.131247	.1900054
548.15	0	.6787041	0	.1311594	.1901365
547.15	0	.678661	0	.1310722	.1902668
546.15	0	.6786181	0	.1309856	.1903963
545.15	0	.6785756	0	.1308995	.1905249
544.15	0	.6785333	0	.130814	.1906527
543.15	0	.6784913	0	.1307289	.1907797
542.15	0	.6784496	0	.1306444	.1909059
541.15	0	.6784082	0	.1305604	.1910314
540.15	0	.6783671	0	.130477	.1911559
539.15	0	.6783262	0	.130394	.1912797
538.15	0	.6782857	0	.1303116	.1914027
537.15	0	.6782454	0	.1302297	.1915249
536.15	0	.6782053	0	.1301483	.1916463
535.15	0	.6781656	0	.1300674	.191767
534.15	0	.6781261	0	.1299871	.1918868
533.15	0	.678087	0	.1299072	.1920058
532.15	0	.678048	0	.1298279	.1921241
531.15	0	.6780094	0	.1297491	.1922415
530.15	0	.677971	0	.1296708	.1923582
529.15	0	.6779329	0	.129593	.1924741
528.15	0	.6778951	0	.1295157	.1925892
527.15	0	.6778576	0	.1294389	.1927036
526.15	0	.6778203	0	.1293626	.1928172
525.15	0	.6777833	0	.1292868	.19293
524.15	0	.6777465	0	.1292115	.193042
523.15	0	.67771	0	.1291367	.1931533
522.15	0	.6776738	0	.1290624	.1932638
521.15	0	.6776378	0	.1289886	.1933736
520.15	0	.6776021	0	.1289153	.1934826
519.15	0	.6775667	0	.1288425	.1935908
518.15	0	.6775315	0	.1287702	.1936983
517.15	0	.6774966	0	.1286984	.193805
516.15	0	.677462	0	.128627	.193911
515.15	0	.6774276	0	.1285562	.1940163
514.15	0	.6773934	0	.1284858	.1941208
513.15	0	.6773595	0	.1284159	.1942245
512.15	0	.6773259	0	.1283465	.1943276
511.15	0	.6772925	0	.1282776	.1944299
510.15	0	.6772594	0	.1282092	.1945314
509.15	0	.6772265	0	.1281412	.1946323
508.15	0	.6771939	0	.1280737	.1947324
507.15	0	.6771615	0	.1280067	.1948318
506.15	0	.6771294	0	.1279402	.1949304
505.15	0	.6770975	0	.1278741	.1950284
504.15	0	.6770659	0	.1278085	.1951256
503.15	0	.6770345	0	.1277434	.1952221
502.15	0	.6770033	0	.1276787	.195318
501.15	0	.6769724	0	.1276145	.1954131
500.15	0	.6769418	0	.1275508	.1955075
499.15	0	.6769113	0	.1274875	.1956012
498.15	0	.6768811	0	.1274247	.1956942
497.15	0	.6768512	0	.1273623	.1957865
496.15	0	.6768215	0	.1273004	.1958781
495.15	0	.676792	0	.127239	.195969
494.15	0	.6767628	0	.127178	.1960593
493.15	0	.6767338	0	.1271174	.1961488
492.15	0	.676705	0	.1270573	.1962377
491.15	0	.6766765	0	.1269977	.1963259
490.15	0	.6766482	0	.1269385	.1964134
489.15	0	.6766201	0	.1268797	.1965003
488.15	0	.6765922	0	.1268213	.1965864
487.15	0	.6765646	0	.1267634	.196672
486.15	0	.6765372	0	.126706	.1967568
485.15	0	.67651	0	.126649	.196841
484.15	0	.6764831	0	.1265924	.1969245
483.15	0	.6764564	0	.1265362	.1970074
482.15	0	.6764298	0	.1264805	.1970897
481.15	0	.6764036	0	.1264252	.1971713
480.15	0	.6763775	0	.1263703	.1972522
479.15	0	.6763516	0	.1263159	.1973325
478.15	0	.676326	0	.1262618	.1974122
477.15	0	.6763006	0	.1262082	.1974912
476.15	0	.6762754	0	.126155	.1975696
475.15	0	.6762504	0	.1261022	.1976474
474.15	0	.6762257	0	.1260498	.1977245
473.15	0	.6762011	0	.1259978	.1978011
472.15	0	.6761768	0	.1259463	.197877
471.15	0	.6761526	0	.1258951	.1979522
470.15	0	.6761287	0	.1258444	.1980269
469.15	0	.676105	0	.125794	.198101
468.15	0	.6760814	0	.1257441	.1981745
467.15	0	.6760581	0	.1256946	.1982473
466.15	0	.676035	0	.1256454	.1983196
465.15	0	.6760121	0	.1255966	.1983913
464.15	0	.6759894	0	.1255483	.1984624
