T	 BPW(LIQUID)	BPW(BCC_A2)	BPW(FCC_A1)	BPW(LAVES_PHASE_C14)	BPW(NI3TI)
1473.15	.4321883	.5678117	0	0	0
1472.15	.4290166	.5709834	0	0	0
1471.15	.425866	.574134	0	0	0
1470.15	.4227361	.5772639	0	0	0
1469.15	.4196268	.5803732	0	0	0
1468.15	.4165381	.5834619	0	0	0
1467.15	.4134697	.5865303	0	0	0
1466.15	.4104215	.5895785	0	0	0
1465.15	.4073933	.5926067	0	0	0
1464.15	.404385	.595615	0	0	0
1463.15	.4013964	.5986036	0	0	0
1462.15	.3984274	.6015726	0	0	0
1461.15	.3954778	.6045222	0	0	0
1460.15	.3925475	.6074525	0	0	0
1459.15	.3896364	.6103636	0	0	0
1458.15	.3867442	.6132558	0	0	0
1457.15	.3838709	.6161292	0	0	0
1456.15	.3810162	.6189838	0	0	0
1455.15	.3781802	.6218198	0	0	0
1454.15	.3753625	.6246375	0	0	0
1453.15	.3725632	.6274368	0	0	0
1452.15	.369782	.630218	0	0	0
1451.15	.3670188	.6329812	0	0	0
1450.15	.3642734	.6357266	0	0	0
1449.15	.3615459	.6384541	0	0	0
1448.15	.3588359	.6411641	0	0	0
1447.15	.3561434	.6438566	0	0	0
1446.15	.3534683	.6465317	0	0	0
1445.15	.3508104	.6491896	0	0	0
1444.15	.3481696	.6518304	0	0	0
1443.15	.3455458	.6544542	0	0	0
1442.15	.3429388	.6570612	0	0	0
1441.15	.3403485	.6596515	0	0	0
1440.15	.3377748	.6622252	0	0	0
1439.15	.3352176	.6647824	0	0	0
1438.15	.3326767	.6673233	0	0	0
1437.15	.330152	.669848	0	0	0
1436.15	.3276435	.6723565	0	0	0
1435.15	.325151	.674849	0	0	0
1434.15	.3226743	.6773257	0	0	0
1433.15	.3202134	.6797866	0	0	0
1432.15	.3177681	.6822319	0	0	0
1431.15	.3153384	.6846616	0	0	0
1430.15	.312924	.687076	0	0	0
1429.15	.310525	.689475	0	0	0
1428.15	.3081412	.6918588	0	0	0
1427.15	.3057724	.6942276	0	0	0
1426.15	.3034186	.6965814	0	0	0
1425.15	.3010797	.6989203	0	0	0
1424.15	.2987555	.7012445	0	0	0
1423.15	.296446	.7035541	0	0	0
1422.15	.294151	.705849	0	0	0
1421.15	.2918704	.7081296	0	0	0
1420.15	.2896041	.7103959	0	0	0
1419.15	.2873521	.7126479	0	0	0
1418.15	.2851142	.7148858	0	0	0
1417.15	.2828904	.7171096	0	0	0
1416.15	.2806804	.7193196	0	0	0
1415.15	.2784843	.7215157	0	0	0
1414.15	.2763019	.7236981	0	0	0
1413.15	.2741331	.7258669	0	0	0
1412.15	.2719778	.7280222	0	0	0
1411.15	.269836	.730164	0	0	0
1410.15	.2677075	.7322925	0	0	0
1409.15	.2655922	.7344078	0	0	0
1408.15	.2634901	.7365099	0	0	0
1407.15	.261401	.738599	0	0	0
1406.15	.2593249	.7406751	0	0	0
1405.15	.2572616	.7427384	0	0	0
1404.15	.2552111	.7447889	0	0	0
1403.15	.2531733	.7468267	0	0	0
1402.15	.2511481	.7488519	0	0	0
1401.15	.2491353	.7508647	0	0	0
1400.15	.247135	.752865	0	0	0
1399.15	.2451471	.754853	0	0	0
1398.15	.2431713	.7568287	0	0	0
1397.15	.2412077	.7587923	0	0	0
1396.15	.2392562	.7607438	0	0	0
1395.15	.2373166	.7626834	0	0	0
1394.15	.235389	.764611	0	0	0
1393.15	.2334732	.7665268	0	0	0
1392.15	.2315691	.7684309	0	0	0
1391.15	.2296766	.7703234	0	0	0
1390.15	.2277957	.7722043	0	0	0
1389.15	.2259263	.7740737	0	0	0
1388.15	.2240684	.7759316	0	0	0
1387.15	.2222217	.7777783	0	0	0
1386.15	.2203863	.7796137	0	0	0
1385.15	.2185621	.7814379	0	0	0
1384.15	.216749	.783251	0	0	0
1383.15	.2149469	.7850531	0	0	0
1382.15	.2131557	.7868443	0	0	0
1381.15	.2113754	.7886246	0	0	0
1380.15	.2096059	.7903941	0	0	0
1379.15	.2078471	.7921529	0	0	0
1378.15	.206099	.793901	0	0	0
1377.15	.2043614	.7956386	0	0	0
1376.15	.2026343	.7973657	0	0	0
1375.15	.2009177	.7990823	0	0	0
1374.15	.1992114	.8007886	0	0	0
1373.15	.1975154	.8024846	0	0	0
1372.15	.1958296	.8041704	0	0	0
1371.15	.194154	.805846	0	0	0
1370.15	.1924885	.8075115	0	0	0
1369.15	.190833	.809167	0	0	0
1368.15	.1891874	.8108126	0	0	0
1367.15	.1875517	.8124483	0	0	0
1366.15	.1859258	.8140742	0	0	0
1365.15	.1843097	.8156903	0	0	0
1364.15	.1827032	.8172968	0	0	0
1363.941	.1823692	.8176308	0	0	0
1363.941	.1823692	.8176308	0	0	0
1363.941	.1823692	.8176308	0	0	0
1363.15	.1804919	.8186727	0	8.353969E-04	0
1362.15	.178138	.8199763	0	.001885666	0
1361.15	.1758044	.8212656	0	.002930002	0
1360.15	.1734907	.8225409	0	.003968489	0
1359.15	.1711966	.8238022	0	.00500121	0
1358.15	.1689219	.8250499	0	.006028247	0
1357.15	.1666663	.8262841	0	.007049679	0
1356.15	.1644295	.827505	0	.008065585	0
1355.15	.1622112	.8287127	0	.009076041	0
1354.15	.1600113	.8299076	0	.01008112	0
1353.15	.1578294	.8310897	0	.0110809	0
1352.15	.1556652	.8322593	0	.01207546	0
1351.15	.1535186	.8334165	0	.01306486	0
1350.15	.1513893	.8345615	0	.01404917	0
1349.15	.1492771	.8356945	0	.01502846	0
1348.15	.1471816	.8368156	0	.01600281	0
1347.15	.1451028	.837925	0	.01697227	0
1346.15	.1430403	.8390228	0	.01793691	0
1345.15	.1409939	.8401093	0	.0188968	0
1344.15	.1389635	.8411845	0	.019852	0
1343.15	.1369487	.8422487	0	.02080257	0
1342.15	.1349494	.843302	0	.02174857	0
1341.15	.1329654	.8443445	0	.02269006	0
1340.15	.1309965	.8453764	0	.0236271	0
1339.15	.1290424	.8463978	0	.02455975	0
1338.15	.127103	.8474089	0	.02548806	0
1337.15	.1251781	.8484098	0	.02641209	0
1336.15	.1232675	.8494006	0	.02733189	0
1335.15	.121371	.8503815	0	.02824752	0
1334.15	.1194883	.8513526	0	.02915903	0
1333.15	.1176194	.8523141	0	.03006647	0
1332.15	.1157641	.853266	0	.0309699	0
1331.15	.1139221	.8542086	0	.03186936	0
1330.15	.1120933	.8551418	0	.0327649	0
1329.15	.1102775	.8560659	0	.03365658	0
1328.15	.1084746	.856981	0	.03454443	0
1327.15	.1066844	.8578871	0	.03542851	0
1326.15	.1049067	.8587845	0	.03630886	0
1325.15	.1031414	.8596731	0	.03718553	0
1324.15	.1013882	.8605532	0	.03805856	0
1323.15	.09964717	.8614248	0	.03892799	0
1322.15	.09791801	.8622881	0	.03979388	0
1321.15	.0962006	.8631431	0	.04065626	0
1320.15	.09449478	.86399	0	.04151517	0
1319.15	.09280043	.8648289	0	.04237066	0
1318.15	.09111738	.8656599	0	.04322276	0
1317.15	.08944551	.866483	0	.04407152	0
1316.15	.08778467	.8672984	0	.04491697	0
1315.15	.08613472	.8681061	0	.04575915	0
1314.15	.08449553	.8689064	0	.04659811	0
1313.15	.08286696	.8696992	0	.04743388	0
1312.15	.08124888	.8704846	0	.04826649	0
1311.15	.07964118	.8712628	0	.04909598	0
1310.15	.0780437	.8720339	0	.04992239	0
1309.15	.07645634	.8727979	0	.05074576	0
1308.15	.07487897	.8735549	0	.05156611	0
1307.15	.07331146	.8743051	0	.05238348	0
1306.15	.0717537	.8750484	0	.05319791	0
1305.15	.07020557	.875785	0	.05400943	0
1304.15	.06866695	.876515	0	.05481807	0
1303.15	.06713772	.8772384	0	.05562386	0
1302.15	.06561778	.8779554	0	.05642684	0
1301.15	.06410701	.878666	0	.05722703	0
1300.15	.0626053	.8793702	0	.05802447	0
1299.495	.06162276	.8798312	0	.05854608	0
1299.495	.06162276	.8798312	0	.05854608	0
1299.495	.06162276	.8798312	0	.05854608	0
1299.15	.05875874	.8788078	.003372853	.05906057	0
1298.15	.05045634	.8758838	.0131162	.06054368	0
1297.15	.04216333	.8730258	.02279812	.06201278	0
1296.15	.03387926	.8702332	.03241947	.06346804	0
1295.15	.02560373	.8675055	.0419811	.06490965	0
1294.15	.01733633	.864842	.05148387	.06633776	0
1293.15	.009076651	.8622422	.06092861	.06775255	0
1292.15	8.243031E-04	.8597054	.07031612	.06915417	0
1292.05	0	.8594553	.07125114	.06929352	0
1292.05	0	.8594553	.07125114	.06929352	0
1291.15	0	.8580878	.07211731	.06979493	0
1290.15	0	.8565725	.07307691	.07035056	0
1289.15	0	.8550617	.07403363	.07090469	0
1288.15	0	.8535552	.07498749	.07145733	0
1287.15	0	.8520531	.07593848	.07200847	0
1286.15	0	.8505553	.07688661	.07255812	0
1285.15	0	.8490618	.0778319	.07310629	0
1284.15	0	.8475727	.07877434	.07365298	0
1283.15	0	.8460878	.07971395	.07419821	0
1282.15	0	.8446073	.08065072	.07474196	0
1281.15	0	.8431311	.08158467	.07528427	0
1280.15	0	.8416591	.0825158	.07582511	0
1279.15	0	.8401914	.08344412	.07636451	0
1278.15	0	.8387279	.08436963	.07690247	0
1277.15	0	.8372687	.08529234	.07743899	0
1276.15	0	.8358137	.08621226	.07797408	0
1275.15	0	.8343629	.08712939	.07850775	0
1274.15	0	.8329163	.08804373	.07903999	0
1273.15	0	.8314739	.0889553	.07957082	0
1272.15	0	.8300357	.0898641	.08010025	0
1271.15	0	.8286016	.09077013	.08062827	0
1270.15	0	.8271717	.0916734	.08115488	0
1269.15	0	.825746	.09257392	.08168011	0
1268.15	0	.8243244	.09347168	.08220395	0
1267.15	0	.8229069	.09436671	.08272641	0
1266.15	0	.8214935	.09525899	.08324748	0
1265.15	0	.8200843	.09614855	.08376719	0
1264.15	0	.8186791	.09703537	.08428553	0
1263.15	0	.817278	.09791948	.08480251	0
1262.15	0	.815881	.09880087	.08531813	0
1261.15	0	.8144881	.09967955	.0858324	0
1260.15	0	.8130992	.1005555	.08634532	0
1259.15	0	.8117143	.1014288	.0868569	0
1258.15	0	.8103335	.1022994	.08736714	0
1257.15	0	.8089567	.1031673	.08787606	0
1256.15	0	.8075839	.1040325	.08838365	0
1255.15	0	.8062151	.104895	.08888991	0
1254.15	0	.8048503	.1057548	.08939486	0
1253.15	0	.8034895	.106612	.08989849	0
1252.15	0	.8021327	.1074665	.09040082	0
1251.15	0	.8007798	.1083183	.09090185	0
1250.15	0	.7994309	.1091675	.09140158	0
1249.15	0	.7980859	.1100141	.09190001	0
1248.15	0	.7967449	.110858	.09239716	0
1247.15	0	.7954078	.1116992	.09289303	0
1246.15	0	.7940746	.1125378	.09338761	0
1245.15	0	.7927453	.1133738	.09388093	0
1244.15	0	.7914199	.1142072	.09437297	0
1243.15	0	.7900984	.1150379	.09486375	0
1242.15	0	.7887807	.115866	.09535327	0
1241.15	0	.787467	.1166915	.09584153	0
1240.15	0	.7861571	.1175144	.09632854	0
1239.15	0	.784851	.1183347	.09681431	0
1238.15	0	.7835488	.1191523	.09729883	0
1237.15	0	.7822505	.1199674	.09778212	0
1236.15	0	.7809559	.1207799	.09826417	0
1235.15	0	.7796652	.1215898	.098745	0
1234.15	0	.7783783	.1223971	.0992246	0
1233.15	0	.7770952	.1232019	.09970298	0
1232.15	0	.7758159	.124004	.1001801	0
1231.15	0	.7745403	.1248036	.1006561	0
1230.15	0	.7732686	.1256006	.1011308	0
1229.15	0	.7720006	.126395	.1016044	0
1228.15	0	.7707363	.1271869	.1020767	0
1227.15	0	.7694759	.1279763	.1025479	0
1226.15	0	.7682191	.128763	.1030179	0
1225.15	0	.7669661	.1295473	.1034866	0
1224.15	0	.7657169	.1303289	.1039542	0
1223.15	0	.7644713	.1311081	.1044206	0
1222.15	0	.7632295	.1318847	.1048859	0
1221.15	0	.7619913	.1326587	.10535	0
1220.15	0	.7607569	.1334303	.1058129	0
1219.15	0	.7595261	.1341993	.1062746	0
1218.15	0	.7582991	.1349658	.1067352	0
1217.15	0	.7570756	.1357297	.1071946	0
1216.15	0	.7558559	.1364912	.1076529	0
1215.15	0	.7546399	.1372501	.1081101	0
1214.15	0	.7534274	.1380065	.1085661	0
1213.15	0	.7522187	.1387604	.1090209	0
1212.15	0	.7510135	.1395118	.1094747	0
1211.15	0	.749812	.1402607	.1099273	0
1210.15	0	.7486141	.1410071	.1103787	0
1209.15	0	.7474199	.1417511	.1108291	0
1208.15	0	.7462292	.1424925	.1112783	0
1207.15	0	.7450422	.1432314	.1117264	0
1206.15	0	.7438587	.1439679	.1121735	0
1205.15	0	.7426788	.1447018	.1126194	0
1204.15	0	.7415025	.1454333	.1130642	0
1203.15	0	.7403298	.1461623	.1135079	0
1202.15	0	.7391607	.1468889	.1139505	0
1201.15	0	.7379951	.1476129	.114392	0
1200.15	0	.7368331	.1483345	.1148324	0
1199.15	0	.7356746	.1490537	.1152717	0
1198.15	0	.7345197	.1497703	.11571	0
1197.15	0	.7333683	.1504845	.1161472	0
1196.15	0	.7322204	.1511963	.1165833	0
1195.15	0	.7310761	.1519056	.1170183	0
1194.15	0	.7299353	.1526124	.1174523	0
1193.15	0	.728798	.1533168	.1178852	0
1192.15	0	.7276642	.1540188	.118317	0
1191.15	0	.7265339	.1547183	.1187478	0
1190.15	0	.7254071	.1554154	.1191775	0
1189.15	0	.7242838	.15611	.1196062	0
1188.15	0	.7231639	.1568022	.1200339	0
1187.15	0	.7220476	.157492	.1204605	0
1186.15	0	.7209347	.1581793	.120886	0
1185.15	0	.7198253	.1588642	.1213105	0
1184.15	0	.7187193	.1595466	.121734	0
1183.15	0	.7176168	.1602267	.1221565	0
1182.15	0	.7165178	.1609043	.1225779	0
1181.15	0	.7154222	.1615795	.1229983	0
1180.15	0	.71433	.1622523	.1234177	0
1179.15	0	.7132413	.1629227	.1238361	0
1178.15	0	.712156	.1635906	.1242534	0
1177.15	0	.7110741	.1642561	.1246698	0
1176.15	0	.7099957	.1649193	.1250851	0
1175.15	0	.7089206	.16558	.1254994	0
1174.15	0	.707849	.1662383	.1259128	0
1173.15	0	.7067807	.1668942	.1263251	0
1172.15	0	.7057159	.1675477	.1267364	0
1171.15	0	.7046544	.1681988	.1271468	0
1170.15	0	.7035964	.1688475	.1275561	0
1169.15	0	.7025417	.1694938	.1279645	0
1168.15	0	.7014904	.1701377	.1283719	0
1167.15	0	.7004425	.1707792	.1287783	0
1166.15	0	.699398	.1714183	.1291837	0
1165.15	0	.6983568	.172055	.1295882	0
1164.15	0	.697319	.1726894	.1299917	0
1163.15	0	.6962845	.1733213	.1303942	0
1162.15	0	.6952534	.1739509	.1307957	0
1161.15	0	.6942256	.1745781	.1311963	0
1160.15	0	.6932012	.1752029	.1315959	0
1159.15	0	.6921801	.1758253	.1319946	0
1158.15	0	.6911624	.1764453	.1323924	0
1157.15	0	.690148	.1770629	.1327891	0
1156.15	0	.6891369	.1776782	.1331849	0
1155.15	0	.6881291	.1782911	.1335798	0
1154.15	0	.6871246	.1789016	.1339738	0
1153.15	0	.6861235	.1795098	.1343668	0
1152.15	0	.6851257	.1801155	.1347588	0
1151.15	0	.6841312	.1807189	.1351499	0
1150.15	0	.6831399	.18132	.1355401	0
1149.15	0	.682152	.1819186	.1359294	0
1148.15	0	.6811674	.1825149	.1363177	0
1147.15	0	.6801861	.1831088	.1367051	0
1146.15	0	.6792081	.1837003	.1370916	0
1145.15	0	.6782333	.1842895	.1374772	0
1144.15	0	.6772619	.1848763	.1378618	0
1143.15	0	.6762937	.1854608	.1382455	0
1142.15	0	.6753288	.1860429	.1386284	0
1141.15	0	.6743672	.1866226	.1390103	0
1140.15	0	.6734088	.1871999	.1393913	0
1139.15	0	.6724537	.1877749	.1397714	0
1138.15	0	.6715019	.1883476	.1401506	0
1137.15	0	.6705533	.1889178	.1405289	0
1136.15	0	.669608	.1894857	.1409063	0
1135.15	0	.6686659	.1900513	.1412828	0
1134.15	0	.6677271	.1906145	.1416584	0
1133.15	0	.6667915	.1911753	.1420332	0
1132.15	0	.6658592	.1917338	.142407	0
1131.15	0	.6649301	.1922899	.14278	0
1130.15	0	.6640042	.1928437	.1431521	0
1129.15	0	.6630816	.1933951	.1435233	0
1128.15	0	.6621623	.1939442	.1438936	0
1127.15	0	.6612461	.1944909	.144263	0
1126.15	0	.6603332	.1950352	.1446316	0
1125.15	0	.6594235	.1955772	.1449993	0
1124.15	0	.658517	.1961168	.1453661	0
1123.15	0	.6576138	.1966541	.1457321	0
1122.15	0	.6567138	.1971891	.1460972	0
1121.15	0	.6558169	.1977216	.1464614	0
1120.15	0	.6549234	.1982519	.1468248	0
1119.15	0	.654033	.1987797	.1471873	0
1118.15	0	.6531458	.1993052	.147549	0
1117.15	0	.6522618	.1998284	.1479098	0
1116.15	0	.6513811	.2003492	.1482698	0
1115.15	0	.6505035	.2008677	.1486289	0
1114.15	0	.6496291	.2013838	.1489871	0
1113.15	0	.648758	.2018975	.1493445	0
1112.15	0	.64789	.2024089	.1497011	0
1111.15	0	.6470252	.2029179	.1500568	0
1110.15	0	.6461637	.2034246	.1504117	0
1109.15	0	.6453053	.203929	.1507658	0
1108.15	0	.6444501	.2044309	.151119	0
1107.15	0	.6435981	.2049306	.1514713	0
1106.15	0	.6427493	.2054278	.1518229	0
1105.15	0	.6419037	.2059227	.1521736	0
1104.15	0	.6410612	.2064153	.1525235	0
1103.15	0	.640222	.2069055	.1528725	0
1102.15	0	.6393859	.2073934	.1532208	0
1101.15	0	.638553	.2078788	.1535682	0
1100.15	0	.6377233	.208362	.1539148	0
1099.15	0	.6368967	.2088428	.1542605	0
1098.15	0	.6360734	.2093212	.1546055	0
1097.15	0	.6352532	.2097972	.1549496	0
1096.15	0	.6344361	.210271	.1552929	0
1095.15	0	.6336223	.2107423	.1556354	0
1094.15	0	.6328116	.2112113	.1559771	0
1093.15	0	.6320041	.2116779	.156318	0
1092.15	0	.6311998	.2121422	.1566581	0
1091.15	0	.6303986	.2126041	.1569973	0
1090.15	0	.6296006	.2130636	.1573358	0
1089.15	0	.6288058	.2135208	.1576734	0
1088.15	0	.6280141	.2139756	.1580103	0
1087.15	0	.6272256	.2144281	.1583463	0
1086.15	0	.6264403	.2148782	.1586816	0
1085.15	0	.6256581	.2153259	.159016	0
1084.15	0	.6248791	.2157713	.1593497	0
1083.15	0	.6241032	.2162142	.1596826	0
1082.15	0	.6233305	.2166549	.1600146	0
1081.15	0	.622561	.2170931	.1603459	0
1080.15	0	.6217946	.217529	.1606764	0
1079.15	0	.6210314	.2179625	.1610061	0
1078.15	0	.6202714	.2183937	.161335	0
1077.15	0	.6195145	.2188225	.1616631	0
1076.15	0	.6187607	.2192489	.1619904	0
1075.15	0	.6180102	.2196729	.162317	0
1074.15	0	.6172628	.2200945	.1626427	0
1073.15	0	.6165185	.2205138	.1629677	0
1072.15	0	.6157774	.2209307	.1632919	0
1071.15	0	.6150395	.2213452	.1636153	0
1070.15	0	.6143047	.2217574	.163938	0
1069.15	0	.6135731	.2221671	.1642598	0
1068.15	0	.6128446	.2225745	.1645809	0
1067.15	0	.6121193	.2229795	.1649012	0
1066.15	0	.6113971	.2233821	.1652208	0
1065.15	0	.6106781	.2237824	.1655395	0
1064.15	0	.6099623	.2241802	.1658575	0
1063.15	0	.6092496	.2245757	.1661747	0
1062.15	0	.6085401	.2249687	.1664912	0
1061.15	0	.6078337	.2253594	.1668069	0
1060.15	0	.6071305	.2257477	.1671218	0
1059.15	0	.6064305	.2261336	.1674359	0
1058.15	0	.6057336	.2265171	.1677493	0
1057.15	0	.6050399	.2268983	.1680619	0
1056.15	0	.6043493	.227277	.1683737	0
1055.15	0	.6036619	.2276533	.1686848	0
1054.15	0	.6029776	.2280273	.1689951	0
1053.15	0	.6022966	.2283988	.1693047	0
1052.15	0	.6016186	.2287679	.1696134	0
1051.15	0	.6009439	.2291347	.1699215	0
1050.15	0	.6002723	.229499	.1702287	0
1049.15	0	.5996038	.2298609	.1705352	0
1048.15	0	.5989386	.2302205	.170841	0
1047.15	0	.5982764	.2305776	.171146	0
1046.15	0	.5976175	.2309323	.1714502	0
1045.15	0	.5969617	.2312847	.1717536	0
1044.15	0	.5963091	.2316346	.1720563	0
1043.15	0	.5956596	.2319821	.1723583	0
1042.15	0	.5950133	.2323272	.1726595	0
1041.15	0	.5943702	.2326698	.1729599	0
1040.15	0	.5937303	.2330101	.1732596	0
1039.15	0	.5930935	.233348	.1735585	0
1038.15	0	.5924599	.2336834	.1738567	0
1037.15	0	.5918295	.2340164	.1741541	0
1036.15	0	.5912022	.234347	.1744508	0
1035.15	0	.5905781	.2346752	.1747467	0
1034.15	0	.5899572	.235001	.1750418	0
1033.15	0	.5893394	.2353244	.1753362	0
1032.15	0	.5887249	.2356453	.1756299	0
1031.15	0	.5881134	.2359638	.1759228	0
1030.15	0	.5875052	.2362799	.1762149	0
1029.15	0	.5869002	.2365936	.1765063	0
1028.15	0	.5862983	.2369048	.1767969	0
1027.15	0	.5856996	.2372136	.1770868	0
1026.15	0	.5851041	.23752	.1773759	0
1025.15	0	.5845118	.237824	.1776642	0
1024.15	0	.5839226	.2381255	.1779519	0
1023.15	0	.5833366	.2384246	.1782387	0
1022.15	0	.5827539	.2387213	.1785248	0
1021.15	0	.5821743	.2390156	.1788102	0
1020.15	0	.5815978	.2393074	.1790948	0
1019.15	0	.5810246	.2395968	.1793786	0
1018.15	0	.5804546	.2398838	.1796617	0
1017.15	0	.5798877	.2401683	.179944	0
1016.15	0	.579324	.2404504	.1802256	0
1015.15	0	.5787635	.2407301	.1805064	0
1014.15	0	.5782062	.2410073	.1807865	0
1013.15	0	.5776521	.2412821	.1810658	0
1012.15	0	.5771012	.2415545	.1813443	0
1011.15	0	.5765535	.2418244	.1816221	0
1010.15	0	.5760089	.242092	.1818991	0
1009.15	0	.5754676	.242357	.1821754	0
1008.15	0	.5749294	.2426197	.1824509	0
1007.15	0	.5743945	.2428799	.1827256	0
1006.15	0	.5738627	.2431377	.1829996	0
1005.15	0	.5733341	.243393	.1832729	0
1004.15	0	.5728088	.2436459	.1835453	0
1003.15	0	.5722866	.2438964	.183817	0
1002.15	0	.5717676	.2441445	.1840879	0
1001.15	0	.5712518	.2443901	.1843581	0
1000.15	0	.5707392	.2446333	.1846275	0
999.15	0	.5702298	.2448741	.1848961	0
998.15	0	.5697236	.2451124	.185164	0
997.15	0	.5692206	.2453483	.1854311	0
996.15	0	.5687208	.2455818	.1856974	0
995.15	0	.5682242	.2458129	.185963	0
994.15	0	.5677307	.2460415	.1862278	0
993.15	0	.5672405	.2462677	.1864918	0
992.15	0	.5667535	.2464915	.186755	0
991.15	0	.5662697	.2467129	.1870174	0
990.15	0	.565789	.2469319	.1872791	0
989.15	0	.5653116	.2471484	.18754	0
988.15	0	.5648374	.2473625	.1878001	0
987.15	0	.5643663	.2475743	.1880594	0
986.15	0	.5638984	.2477836	.188318	0
985.15	0	.5634338	.2479905	.1885757	0
984.15	0	.5629723	.248195	.1888327	0
983.15	0	.562514	.2483971	.1890889	0
982.15	0	.5620589	.2485968	.1893442	0
981.15	0	.561607	.2487941	.1895988	0
980.15	0	.5611583	.2489891	.1898526	0
979.15	0	.5607128	.2491816	.1901056	0
978.15	0	.5602704	.2493718	.1903578	0
977.15	0	.5598313	.2495595	.1906092	0
976.15	0	.5593953	.2497449	.1908598	0
975.15	0	.5589625	.249928	.1911096	0
974.15	0	.5585328	.2501086	.1913586	0
973.15	0	.5581064	.2502869	.1916067	0
972.15	0	.5576831	.2504628	.1918541	0
971.15	0	.557263	.2506364	.1921006	0
970.15	0	.556846	.2508076	.1923464	0
969.15	0	.5564323	.2509765	.1925913	0
968.15	0	.5560216	.251143	.1928353	0
967.15	0	.5556142	.2513072	.1930786	0
966.15	0	.5552099	.2514691	.193321	0
965.15	0	.5548087	.2516287	.1935626	0
964.15	0	.5544107	.2517859	.1938034	0
963.15	0	.5540159	.2519409	.1940433	0
962.15	0	.5536241	.2520935	.1942824	0
961.15	0	.5532356	.2522438	.1945206	0
960.15	0	.5528501	.2523919	.194758	0
959.15	0	.5524678	.2525377	.1949945	0
958.15	0	.5520886	.2526812	.1952302	0
957.15	0	.5517125	.2528225	.1954651	0
956.15	0	.5513395	.2529615	.195699	0
955.15	0	.5509696	.2530982	.1959322	0
954.15	0	.5506029	.2532327	.1961644	0
953.15	0	.5502392	.253365	.1963958	0
952.15	0	.5498786	.2534951	.1966263	0
951.15	0	.5495211	.253623	.1968559	0
950.15	0	.5491667	.2537487	.1970846	0
949.15	0	.5488153	.2538722	.1973125	0
948.15	0	.548467	.2539935	.1975394	0
947.15	0	.5481218	.2541127	.1977655	0
946.15	0	.5477796	.2542297	.1979907	0
945.15	0	.5474404	.2543446	.198215	0
944.15	0	.5471043	.2544574	.1984383	0
943.15	0	.5467712	.2545681	.1986608	0
942.15	0	.546441	.2546766	.1988823	0
941.15	0	.5461139	.2547831	.1991029	0
940.15	0	.5457898	.2548876	.1993226	0
939.15	0	.5454687	.25499	.1995414	0
938.15	0	.5451505	.2550903	.1997592	0
937.15	0	.5448353	.2551886	.1999761	0
936.15	0	.544523	.255285	.200192	0
935.15	0	.5442137	.2553793	.200407	0
934.15	0	.5439073	.2554717	.200621	0
933.15	0	.5436038	.2555621	.2008341	0
932.15	0	.5433032	.2556506	.2010462	0
931.15	0	.5430055	.2557372	.2012573	0
930.15	0	.5427106	.2558219	.2014675	0
929.15	0	.5424186	.2559048	.2016766	0
928.15	0	.5421295	.2559857	.2018848	0
927.15	0	.5418431	.2560649	.202092	0
926.15	0	.5415596	.2561422	.2022981	0
925.15	0	.5412789	.2562178	.2025033	0
924.15	0	.5410009	.2562916	.2027074	0
923.15	0	.5407257	.2563637	.2029106	0
922.15	0	.5404533	.2564341	.2031126	0
921.15	0	.5401835	.2565028	.2033137	0
920.15	0	.5399165	.2565698	.2035137	0
919.15	0	.5396522	.2566352	.2037127	0
918.15	0	.5393905	.256699	.2039105	0
917.15	0	.5391314	.2567612	.2041074	0
916.15	0	.538875	.2568219	.2043031	0
915.15	0	.5386212	.256881	.2044978	0
914.15	0	.5383699	.2569387	.2046914	0
913.15	0	.5381212	.2569949	.2048839	0
912.15	0	.537875	.2570497	.2050753	0
911.15	0	.5376314	.2571031	.2052655	0
910.15	0	.5373902	.2571551	.2054547	0
909.15	0	.5371514	.2572059	.2056427	0
908.15	0	.5369151	.2572553	.2058296	0
907.15	0	.5366812	.2573035	.2060153	0
906.15	0	.5364496	.2573505	.2061998	0
905.15	0	.5362204	.2573963	.2063832	0
904.15	0	.5359935	.2574411	.2065654	0
903.15	0	.5357689	.2574847	.2067465	0
902.15	0	.5355465	.2575272	.2069263	0
901.15	0	.5353263	.2575688	.2071049	0
900.15	0	.5351084	.2576094	.2072823	0
899.15	0	.5348925	.257649	.2074584	0
898.15	0	.5346788	.2576878	.2076334	0
897.15	0	.5344671	.2577258	.207807	0
896.15	0	.5342575	.257763	.2079794	0
895.15	0	.5340499	.2577995	.2081506	0
894.15	0	.5338442	.2578354	.2083204	0
893.15	0	.5336405	.2578706	.2084889	0
892.15	0	.5334386	.2579052	.2086562	0
891.15	0	.5332386	.2579393	.2088221	0
890.15	0	.5330404	.257973	.2089866	0
889.15	0	.5328439	.2580063	.2091498	0
888.15	0	.5326491	.2580392	.2093117	0
887.15	0	.532456	.2580719	.2094721	0
886.15	0	.5322644	.2581044	.2096312	0
885.15	0	.5320745	.2581367	.2097888	0
884.15	0	.531886	.258169	.2099451	0
883.15	0	.531699	.2582012	.2100998	0
882.15	0	.5315133	.2582335	.2102532	0
881.15	0	.5313291	.2582659	.210405	0
880.15	0	.5311461	.2582986	.2105554	0
879.15	0	.5309643	.2583315	.2107042	0
878.15	0	.5307837	.2583647	.2108516	0
877.15	0	.5306042	.2583984	.2109974	0
876.15	0	.5304258	.2584327	.2111416	0
875.15	0	.5302483	.2584675	.2112843	0
874.15	0	.5300717	.258503	.2114253	0
873.15	0	.529896	.2585393	.2115647	0
872.15	0	.529721	.2585765	.2117025	0
871.15	0	.5295468	.2586146	.2118386	0
870.15	0	.5293731	.2586538	.2119731	0
869.15	0	.5292	.2586942	.2121058	0
868.15	0	.5290274	.2587358	.2122368	0
867.15	0	.5288552	.2587788	.2123661	0
866.15	0	.5286832	.2588232	.2124936	0
865.15	0	.5285115	.2588693	.2126192	0
864.15	0	.5283399	.258917	.2127431	0
863.15	0	.5281683	.2589666	.212865	0
862.15	0	.5279967	.2590182	.2129851	0
861.15	0	.5278249	.2590718	.2131033	0
860.15	0	.5276529	.2591276	.2132195	0
859.15	0	.5274804	.2591858	.2133338	0
858.15	0	.5273076	.2592464	.213446	0
857.15	0	.5271341	.2593097	.2135562	0
856.15	0	.5269599	.2593758	.2136643	0
855.15	0	.5267849	.2594448	.2137703	0
854.15	0	.526609	.2595169	.2138742	0
853.15	0	.5264319	.2595922	.2139758	0
852.15	0	.5262537	.259671	.2140752	0
851.15	0	.5260742	.2597535	.2141724	0
850.15	0	.5258931	.2598397	.2142672	0
849.15	0	.5257104	.25993	.2143596	0
848.15	0	.5255259	.2600244	.2144497	0
847.15	0	.5253395	.2601233	.2145372	0
846.15	0	.5251509	.2602268	.2146223	0
845.15	0	.52496	.2603352	.2147047	0
844.15	0	.5247667	.2604488	.2147845	0
843.15	0	.5245706	.2605677	.2148617	0
842.15	0	.5243717	.2606923	.214936	0
841.15	0	.5241696	.2608228	.2150076	0
840.15	0	.5239643	.2609596	.2150762	0
839.15	0	.5237553	.2611029	.2151418	0
838.15	0	.5235426	.261253	.2152044	0
837.15	0	.5233258	.2614104	.2152638	0
836.15	0	.5231046	.2615754	.21532	0
835.15	0	.5228788	.2617484	.2153728	0
834.15	0	.5226481	.2619297	.2154222	0
833.15	0	.522412	.2621199	.2154681	0
832.15	0	.5221704	.2623194	.2155102	0
831.15	0	.5219226	.2625287	.2155486	0
830.15	0	.5216685	.2627484	.2155831	0
829.15	0	.5214075	.262979	.2156134	0
828.15	0	.5211392	.2632212	.2156396	0
827.15	0	.5208631	.2634756	.2156613	0
826.15	0	.5205786	.2637429	.2156785	0
825.15	0	.5202852	.264024	.2156909	0
824.15	0	.5199821	.2643197	.2156982	0
823.15	0	.5196688	.2646309	.2157004	0
822.15	0	.5193443	.2649586	.215697	0
821.15	0	.519008	.2653041	.2156879	0
820.15	0	.5186589	.2656684	.2156727	0
819.15	0	.5182959	.266053	.2156511	0
818.15	0	.5179179	.2664595	.2156226	0
817.15	0	.5175236	.2668895	.2155869	0
816.15	0	.5171116	.267345	.2155434	0
815.15	0	.5161019	.2685679	.2153302	0
814.15	0	.5151801	.2696843	.2151356	0
813.15	0	.5143361	.2707067	.2149572	0
812.15	0	.5135603	.2716468	.2147929	0
811.15	0	.512845	.2725144	.2146406	0
810.15	0	.5121836	.2733173	.2144991	0
809.15	0	.5115706	.2740624	.214367	0
808.15	0	.5110014	.2747553	.2142433	0
807.15	0	.5104718	.2754011	.2141271	0
806.15	0	.5099784	.2760038	.2140177	0
805.15	0	.5095181	.2765674	.2139144	0
804.15	0	.5090882	.2770951	.2138167	0
803.15	0	.5086863	.2775898	.213724	0
802.15	0	.5083102	.278054	.2136359	0
801.15	0	.507958	.2784901	.213552	0
800.15	0	.5076279	.2789001	.213472	0
799.15	0	.5073184	.279286	.2133955	0
798.15	0	.5070282	.2796494	.2133224	0
797.15	0	.5067558	.2799919	.2132523	0
796.15	0	.5065001	.2803148	.213185	0
795.15	0	.5062601	.2806195	.2131204	0
794.15	0	.5060347	.2809072	.2130582	0
793.15	0	.505823	.2811788	.2129982	0
792.15	0	.5056241	.2814355	.2129404	0
791.15	0	.5054374	.2816781	.2128845	0
790.15	0	.5052621	.2819075	.2128305	0
789.15	0	.5050974	.2821245	.2127782	0
788.15	0	.5049428	.2823297	.2127275	0
787.15	0	.5047977	.282524	.2126783	0
786.15	0	.5046616	.2827079	.2126306	0
785.15	0	.5045339	.282882	.2125841	0
784.15	0	.5044142	.2830468	.212539	0
783.15	0	.504302	.283203	.212495	0
782.15	0	.504197	.2833509	.2124522	0
781.15	0	.5040986	.283491	.2124104	0
780.15	0	.5040067	.2836238	.2123695	0
779.15	0	.5039208	.2837496	.2123296	0
778.15	0	.5038405	.2838688	.2122906	0
777.15	0	.5037657	.2839818	.2122524	0
776.15	0	.503696	.284089	.212215	0
775.15	0	.5036311	.2841905	.2121784	0
774.15	0	.5035708	.2842868	.2121424	0
773.15	0	.5035149	.284378	.2121071	0
772.15	0	.5034631	.2844645	.2120724	0
771.15	0	.503418	.2845443	.2120377	0
770.15	0	.5033736	.2846222	.2120042	0
769.15	0	.5033326	.2846961	.2119712	0
768.15	0	.503295	.2847662	.2119388	0
767.15	0	.5032606	.2848326	.2119068	0
766.15	0	.5032291	.2848956	.2118753	0
765.15	0	.5032005	.2849553	.2118442	0
764.15	0	.5031746	.2850119	.2118135	0
763.15	0	.5031512	.2850657	.2117831	0
762.15	0	.5031303	.2851166	.2117532	0
761.15	0	.5031116	.2851649	.2117235	0
760.15	0	.5030951	.2852107	.2116942	0
759.15	0	.5030806	.2852542	.2116652	0
758.15	0	.5030681	.2852954	.2116365	0
757.15	0	.5030575	.2853346	.211608	0
756.15	0	.5030485	.2853717	.2115798	0
755.15	0	.5030412	.2854069	.2115518	0
754.15	0	.5030355	.2854404	.2115241	0
753.15	0	.5030312	.2854722	.2114966	0
752.15	0	.5030283	.2855024	.2114693	0
751.15	0	.5030268	.2855311	.2114422	0
750.15	0	.5030264	.2855583	.2114153	0
749.15	0	.5030273	.2855843	.2113885	0
748.15	0	.5030292	.2856089	.2113619	0
747.15	0	.5030321	.2856324	.2113354	0
746.15	0	.503036	.2856548	.2113092	0
745.15	0	.5030409	.2856761	.211283	0
744.15	0	.5030466	.2856965	.2112569	0
743.15	0	.5030531	.2857159	.211231	0
742.15	0	.5030603	.2857345	.2112052	0
741.15	0	.5030683	.2857522	.2111795	0
740.15	0	.5030769	.2857693	.2111539	0
739.15	0	.5030861	.2857856	.2111283	0
738.15	0	.5030959	.2858012	.2111029	0
737.15	0	.5031062	.2858163	.2110775	0
736.15	0	.5031171	.2858307	.2110522	0
735.15	0	.5031283	.2858447	.211027	0
734.15	0	.50314	.2858582	.2110018	0
733.15	0	.5031521	.2858712	.2109767	0
732.15	0	.5031646	.2858838	.2109516	0
731.15	0	.5031773	.2858961	.2109266	0
730.15	0	.5031904	.285908	.2109016	0
729.15	0	.5032037	.2859196	.2108767	0
728.15	0	.5032173	.2859309	.2108518	0
727.15	0	.5032311	.285942	.2108269	0
726.15	0	.5032451	.2859529	.2108021	0
725.15	0	.5032592	.2859635	.2107772	0
724.15	0	.5032735	.285974	.2107524	0
723.15	0	.5032879	.2859844	.2107277	0
722.15	0	.5033025	.2859947	.2107029	0
721.15	0	.5033171	.2860048	.2106781	0
720.15	0	.5033318	.2860149	.2106534	0
719.15	0	.5033465	.2860249	.2106286	0
718.15	0	.5033613	.2860349	.2106039	0
717.15	0	.503376	.2860448	.2105791	0
716.15	0	.5033908	.2860548	.2105544	0
715.15	0	.5034056	.2860648	.2105296	0
714.15	0	.5034204	.2860748	.2105049	0
713.15	0	.5034351	.2860849	.2104801	0
712.15	0	.5034497	.286095	.2104553	0
711.15	0	.5034643	.2861052	.2104305	0
710.15	0	.5034789	.2861154	.2104057	0
709.15	0	.5034933	.2861258	.2103809	0
708.15	0	.5035077	.2861363	.210356	0
707.15	0	.5035219	.2861469	.2103312	0
706.15	0	.503536	.2861577	.2103063	0
705.15	0	.50355	.2861686	.2102814	0
704.15	0	.5035639	.2861796	.2102565	0
703.15	0	.5035776	.2861909	.2102315	0
702.15	0	.5035913	.2862022	.2102065	0
701.15	0	.5036047	.2862138	.2101815	0
700.15	0	.503618	.2862255	.2101565	0
699.15	0	.5036311	.2862375	.2101314	0
698.15	0	.503644	.2862497	.2101063	0
697.15	0	.5036568	.286262	.2100812	0
696.15	0	.5036694	.2862746	.2100561	0
695.15	0	.5036817	.2862874	.2100309	0
694.15	0	.5036939	.2863004	.2100057	0
693.15	0	.5037059	.2863137	.2099804	0
692.15	0	.5037177	.2863272	.2099551	0
691.15	0	.5037293	.2863409	.2099298	0
690.15	0	.5037407	.2863549	.2099044	0
689.15	0	.5037519	.2863691	.209879	0
688.15	0	.5037628	.2863836	.2098536	0
687.15	0	.5037735	.2863983	.2098281	0
686.15	0	.503784	.2864134	.2098026	0
685.15	0	.5037943	.2864286	.2097771	0
684.15	0	.5038044	.2864442	.2097515	0
683.15	0	.5038142	.28646	.2097259	0
682.15	0	.5038238	.286476	.2097002	0
681.15	0	.5038331	.2864924	.2096745	0
680.15	0	.5038422	.286509	.2096488	0
679.15	0	.5038511	.2865259	.209623	0
678.15	0	.5038597	.2865431	.2095972	0
677.15	0	.5038681	.2865606	.2095713	0
676.15	0	.5038763	.2865783	.2095454	0
675.15	0	.5038842	.2865964	.2095194	0
674.15	0	.5038919	.2866147	.2094935	0
673.15	0	.5038993	.2866333	.2094674	0
672.15	0	.5039065	.2866522	.2094414	0
671.15	0	.5039134	.2866713	.2094153	0
670.15	0	.5039201	.2866908	.2093891	0
669.15	0	.5039265	.2867106	.2093629	0
668.15	0	.5039327	.2867306	.2093367	0
667.15	0	.5039386	.2867509	.2093104	0
666.15	0	.5039443	.2867716	.2092841	0
665.15	0	.5039498	.2867925	.2092578	0
664.15	0	.503955	.2868136	.2092314	0
663.15	0	.5039599	.2868351	.209205	0
662.15	0	.5039646	.2868569	.2091785	0
661.15	0	.5039691	.286879	.209152	0
660.15	0	.5039733	.2869013	.2091254	0
659.15	0	.5039772	.2869239	.2090988	0
658.15	0	.503981	.2869469	.2090722	0
657.15	0	.5039844	.2869701	.2090455	0
656.15	0	.5039877	.2869935	.2090188	0
655.15	0	.5039906	.2870173	.208992	0
654.15	0	.5039934	.2870414	.2089653	0
653.15	0	.5039959	.2870657	.2089384	0
652.15	0	.5039981	.2870903	.2089116	0
651.15	0	.5040001	.2871152	.2088847	0
650.15	0	.5040019	.2871404	.2088577	0
649.15	0	.5040034	.2871658	.2088308	0
648.15	0	.5040047	.2871915	.2088037	0
647.15	0	.5040058	.2872175	.2087767	0
646.15	0	.5040066	.2872438	.2087496	0
645.15	0	.5040072	.2872703	.2087225	0
644.15	0	.5040076	.2872971	.2086953	0
643.15	0	.5040077	.2873242	.2086681	0
642.15	0	.5040076	.2873516	.2086409	0
641.15	0	.5040072	.2873792	.2086136	0
640.15	0	.5040067	.287407	.2085863	0
639.15	0	.5040059	.2874352	.208559	0
638.15	0	.5040048	.2874635	.2085316	0
637.15	0	.5040036	.2874922	.2085042	0
636.15	0	.5040021	.2875211	.2084768	0
635.15	0	.5040004	.2875503	.2084493	0
634.15	0	.5039985	.2875797	.2084218	0
633.15	0	.5039964	.2876093	.2083943	0
632.15	0	.503994	.2876393	.2083667	0
631.15	0	.5039915	.2876694	.2083392	0
630.15	0	.5039887	.2876998	.2083115	0
629.15	0	.5039857	.2877305	.2082839	0
628.15	0	.5039824	.2877613	.2082562	0
627.15	0	.503979	.2877925	.2082285	0
626.15	0	.5039754	.2878239	.2082008	0
625.15	0	.5039716	.2878555	.208173	0
624.15	0	.5039675	.2878873	.2081452	0
623.15	0	.5039632	.2879194	.2081174	0
622.15	0	.5039588	.2879517	.2080896	0
621.15	0	.5039541	.2879842	.2080617	0
620.15	0	.5039493	.2880169	.2080338	0
619.15	0	.5039442	.2880499	.2080059	0
618.15	0	.503939	.2880831	.2079779	0
617.15	0	.5039335	.2881165	.20795	0
616.15	0	.5039279	.2881502	.207922	0
615.15	0	.503922	.288184	.207894	0
614.15	0	.503916	.2882181	.207866	0
613.15	0	.5039098	.2882523	.2078379	0
612.15	0	.5039034	.2882868	.2078098	0
611.15	0	.5038968	.2883215	.2077817	0
610.15	0	.50389	.2883564	.2077536	0
609.15	0	.503883	.2883915	.2077255	0
608.15	0	.5038759	.2884268	.2076973	0
607.15	0	.5038686	.2884622	.2076692	0
606.15	0	.5038611	.2884979	.207641	0
605.15	0	.5038534	.2885338	.2076128	0
604.15	0	.5038456	.2885699	.2075846	0
603.15	0	.5038375	.2886062	.2075563	0
602.15	0	.5038293	.2886426	.2075281	0
601.15	0	.503821	.2886792	.2074998	0
600.15	0	.5038124	.288716	.2074715	0
599.15	0	.5038037	.288753	.2074432	0
598.15	0	.5037949	.2887902	.2074149	0
597.15	0	.5037858	.2888276	.2073866	0
596.15	0	.5037766	.2888651	.2073583	0
595.15	0	.5037673	.2889028	.2073299	0
594.15	0	.5037578	.2889406	.2073016	0
593.15	0	.5037481	.2889787	.2072732	0
592.15	0	.5037383	.2890169	.2072449	0
591.15	0	.5037283	.2890552	.2072165	0
590.15	0	.5037181	.2890938	.2071881	0
589.15	0	.5037079	.2891324	.2071597	0
588.15	0	.5036974	.2891713	.2071313	0
587.15	0	.5036868	.2892103	.2071029	0
586.15	0	.5036761	.2892494	.2070745	0
585.15	0	.5036652	.2892887	.2070461	0
584.15	0	.5036542	.2893281	.2070176	0
583.15	0	.5036431	.2893677	.2069892	0
582.15	0	.5036318	.2894075	.2069608	0
581.15	0	.5036203	.2894473	.2069323	0
580.15	0	.5036087	.2894874	.2069039	0
579.15	0	.503597	.2895275	.2068755	0
578.15	0	.5035852	.2895678	.206847	0
577.15	0	.5035732	.2896082	.2068186	0
576.15	0	.5035611	.2896487	.2067902	0
575.15	0	.5035488	.2896894	.2067617	0
574.15	0	.5035365	.2897302	.2067333	0
573.15	0	.503524	.2897711	.2067049	0
572.15	0	.5035114	.2898122	.2066764	0
571.15	0	.5034986	.2898534	.206648	0
570.15	0	.5034857	.2898947	.2066196	0
569.15	0	.5034728	.2899361	.2065912	0
568.15	0	.5034597	.2899776	.2065628	0
567.15	0	.5034464	.2900192	.2065344	0
566.15	0	.5034331	.290061	.206506	0
565.15	0	.5034196	.2901028	.2064776	0
564.15	0	.5034061	.2901448	.2064492	0
563.15	0	.5033924	.2901868	.2064208	0
562.15	0	.5033786	.290229	.2063925	0
561.15	0	.5033647	.2902712	.2063641	0
560.15	0	.5033507	.2903136	.2063358	0
559.15	0	.5033365	.290356	.2063074	0
558.15	0	.5033223	.2903986	.2062791	0
557.15	0	.503308	.2904412	.2062508	0
556.15	0	.5032935	.2904839	.2062225	0
555.15	0	.503279	.2905268	.2061942	0
554.15	0	.5032644	.2905697	.206166	0
553.15	0	.5032496	.2906126	.2061377	0
552.15	0	.5032348	.2906557	.2061095	0
551.15	0	.5032199	.2906988	.2060812	0
550.15	0	.5032049	.2907421	.2060531	0
549.15	0	.5031898	.2907854	.2060249	0
548.15	0	.5031746	.2908287	.2059967	0
547.15	0	.5031593	.2908722	.2059686	0
546.15	0	.5031439	.2909157	.2059404	0
545.15	0	.5031284	.2909593	.2059123	0
544.15	0	.5031129	.2910029	.2058842	0
543.15	0	.5030972	.2910466	.2058562	0
542.15	0	.5030815	.2910904	.2058281	0
541.15	0	.5030657	.2911342	.2058001	0
540.15	0	.5030498	.2911781	.2057721	0
539.15	0	.5030339	.291222	.2057441	0
538.15	0	.5030178	.291266	.2057162	0
537.15	0	.5030017	.2913101	.2056882	0
536.15	0	.5029855	.2913542	.2056603	0
535.15	0	.5029692	.2913983	.2056325	0
534.15	0	.5029529	.2914425	.2056046	0
533.15	0	.5029364	.2914868	.2055768	0
532.15	0	.5029199	.2915311	.205549	0
531.15	0	.5029034	.2915754	.2055213	0
530.15	0	.5028867	.2916197	.2054935	0
529.15	0	.50287	.2916641	.2054658	0
528.15	0	.5028533	.2917086	.2054381	0
527.15	0	.5028365	.2917531	.2054105	0
526.15	0	.5028196	.2917976	.2053829	0
525.15	0	.5028026	.2918421	.2053553	0
524.15	0	.5027856	.2918866	.2053278	0
523.15	0	.5027685	.2919312	.2053003	0
522.15	0	.5027514	.2919758	.2052728	0
521.15	0	.5027342	.2920205	.2052454	0
520.15	0	.5027169	.2920651	.205218	0
519.15	0	.5026996	.2921098	.2051906	0
518.15	0	.5026822	.2921545	.2051633	0
517.15	0	.5026648	.2921992	.205136	0
516.15	0	.5026473	.2922439	.2051087	0
515.15	0	.5026298	.2922887	.2050815	0
514.15	0	.5026122	.2923334	.2050543	0
513.15	0	.5025946	.2923782	.2050272	0
512.15	0	.5025771	.2924229	.205	0
511.15	0	.5025594	.2924677	.2049729	0
510.15	0	.5025416	.2925125	.2049459	0
509.15	0	.5025238	.2925573	.2049189	0
508.15	0	.5025059	.292602	.204892	0
507.15	0	.502488	.2926468	.2048651	0
506.15	0	.5024701	.2926916	.2048383	0
505.15	0	.5024521	.2927364	.2048115	0
504.15	0	.5024341	.2927811	.2047848	0
503.15	0	.502416	.2928259	.2047581	0
502.15	0	.502398	.2928706	.2047314	0
501.15	0	.5023798	.2929154	.2047048	0
500.15	0	.5023616	.2929601	.2046783	0
499.15	0	.5023434	.2930048	.2046518	0
498.15	0	.5023252	.2930495	.2046253	0
497.15	0	.5023069	.2930942	.2045989	0
496.15	0	.5022886	.2931388	.2045725	0
495.15	0	.5022703	.2931835	.2045462	0
494.15	0	.5022519	.2932281	.20452	0
493.15	0	.5022336	.2932727	.2044938	0
492.15	0	.5022151	.2933173	.2044676	0
491.15	0	.5021967	.2933618	.2044415	0
490.15	0	.5021782	.2934063	.2044155	0
489.15	0	.5021597	.2934508	.2043895	0
488.15	0	.5021412	.2934953	.2043635	0
487.15	0	.5021227	.2935397	.2043377	0
486.15	0	.5021041	.2935841	.2043118	0
485.15	0	.5020855	.2936284	.2042861	0
484.15	0	.5020669	.2936727	.2042604	0
483.15	0	.5020483	.293717	.2042347	0
482.15	0	.5020296	.2937612	.2042091	0
481.15	0	.502011	.2938054	.2041836	0
480.15	0	.5019923	.2938496	.2041581	0
479.15	0	.5019736	.2938937	.2041327	0
478.15	0	.5019549	.2939377	.2041074	0
477.15	0	.5019362	.2939818	.2040821	0
476.15	0	.5019174	.2940257	.2040569	0
475.15	0	.5018987	.2940696	.2040317	0
474.15	0	.5018799	.2941135	.2040066	0
473.15	0	.5018611	.2941573	.2039816	0
472.15	0	.5018423	.2942011	.2039566	0
471.15	0	.5018236	.2942448	.2039317	0
470.15	0	.5018048	.2942884	.2039069	0
469.15	0	.5017859	.294332	.2038821	0
468.15	0	.5017671	.2943755	.2038574	0
467.15	0	.5017483	.294419	.2038327	0
466.15	0	.5017295	.2944624	.2038082	0
465.15	0	.5017107	.2945057	.2037837	0
464.15	0	.5016918	.294549	.2037592	0
463.15	0	.501673	.2945922	.2037348	0
462.15	0	.5016541	.2946353	.2037106	0
461.15	0	.5016353	.2946784	.2036863	0
460.15	0	.5016165	.2947214	.2036622	0
459.15	0	.5015976	.2947643	.2036381	0
458.15	0	.5015788	.2948071	.2036141	0
457.15	0	.50156	.2948499	.2035901	0
456.15	0	.5015411	.2948926	.2035663	0
455.15	0	.5015223	.2949352	.2035425	0
454.15	0	.5015035	.2949778	.2035188	0
453.15	0	.5014846	.2950203	.2034951	0
452.15	0	.5014658	.2950626	.2034715	0
451.15	0	.501447	.2951049	.203448	0
450.15	0	.5014282	.2951472	.2034246	0
449.15	0	.5014095	.2951892	.2034013	0
448.15	0	.5013907	.2952312	.203378	0
447.15	0	.501372	.2952731	.2033549	0
446.15	0	.5013533	.2953149	.2033318	0
445.15	0	.5013346	.2953566	.2033088	0
444.15	0	.5013159	.2953982	.2032859	0
443.15	0	.5012973	.2954397	.203263	0
442.15	0	.5012787	.295481	.2032403	0
441.15	0	.5012601	.2955223	.2032176	0
440.15	0	.5012415	.2955634	.2031951	0
439.15	0	.501223	.2956044	.2031726	0
438.15	0	.5012046	.2956452	.2031502	0
437.15	0	.5011862	.2956859	.203128	0
436.15	0	.5011678	.2957264	.2031058	0
435.15	0	.5011495	.2957668	.2030837	0
434.15	0	.5011312	.2958071	.2030617	0
433.15	0	.501113	.2958472	.2030398	0
432.15	0	.5010948	.2958871	.203018	0
431.15	0	.5010767	.2959269	.2029963	0
430.15	0	.5010587	.2959665	.2029748	0
429.15	0	.5010407	.296006	.2029533	0
428.15	0	.5010228	.2960453	.2029319	0
427.15	0	.5010049	.2960844	.2029106	0
426.15	0	.5009871	.2961234	.2028895	0
425.15	0	.5009694	.2961622	.2028684	0
424.15	0	.5009518	.2962008	.2028475	0
423.15	0	.5009341	.2962392	.2028266	0
422.15	0	.5009166	.2962774	.2028059	0
