T	 BPW(LIQUID)	BPW(BCC_A2)	BPW(FCC_A1)	BPW(LAVES_PHASE_C14)	BPW(NI3TI)
1473.15	.6535925	.3464075	0	0	0
1472.15	.6495158	.3504843	0	0	0
1471.15	.6454644	.3545357	0	0	0
1470.15	.6414382	.3585619	0	0	0
1469.15	.637437	.362563	0	0	0
1468.15	.6334608	.3665393	0	0	0
1467.15	.6295093	.3704908	0	0	0
1466.15	.6255823	.3744177	0	0	0
1465.15	.6216799	.3783201	0	0	0
1464.15	.6178017	.3821983	0	0	0
1463.15	.6139478	.3860523	0	0	0
1462.15	.6101178	.3898822	0	0	0
1461.15	.6063117	.3936883	0	0	0
1460.15	.6025293	.3974707	0	0	0
1459.15	.5987705	.4012295	0	0	0
1458.15	.5950352	.4049648	0	0	0
1457.15	.5913232	.4086768	0	0	0
1456.15	.5876343	.4123657	0	0	0
1455.15	.5839685	.4160315	0	0	0
1454.15	.5803255	.4196745	0	0	0
1453.15	.5767054	.4232946	0	0	0
1452.15	.5731078	.4268922	0	0	0
1451.225	.5697995	.4302005	0	0	0
1451.225	.5697995	.4302005	0	0	0
1451.225	.5697995	.4302005	0	0	0
1451.15	.5693188	.4305185	0	1.627466E-04	0
1450.15	.5629475	.4347307	0	.002321865	0
1449.15	.5566736	.4388744	0	.004451947	0
1448.15	.550495	.4429513	0	.006553668	0
1447.15	.5444094	.4469629	0	.008627681	0
1446.15	.5384149	.4509105	0	.01067462	0
1445.15	.5325093	.4547956	0	.0126951	0
1444.15	.5266907	.4586195	0	.01468973	0
1443.15	.5209573	.4623836	0	.01665908	0
1442.15	.5153071	.4660892	0	.01860371	0
1441.15	.5097384	.4697374	0	.02052418	0
1440.15	.5042494	.4733296	0	.02242101	0
1439.15	.4988384	.4768669	0	.02429473	0
1438.15	.4935038	.4803504	0	.02614584	0
1437.15	.4882439	.4837813	0	.02797482	0
1436.15	.4830572	.4871606	0	.02978214	0
1435.15	.4779422	.4904895	0	.03156828	0
1434.15	.4728974	.493769	0	.03333368	0
1433.15	.4679213	.497	0	.03507878	0
1432.15	.4630125	.5001835	0	.036804	0
1431.15	.4581697	.5033206	0	.03850976	0
1430.15	.4533915	.506412	0	.04019646	0
1429.15	.4486767	.5094588	0	.04186448	0
1428.15	.4440239	.5124618	0	.04351422	0
1427.15	.439432	.5154219	0	.04514605	0
1426.15	.4348997	.5183399	0	.04676031	0
1425.15	.4304259	.5212167	0	.04835738	0
1424.15	.4260095	.5240529	0	.04993758	0
1423.15	.4216492	.5268495	0	.05150126	0
1422.15	.4173441	.5296071	0	.05304875	0
1421.15	.4130931	.5323266	0	.05458035	0
1420.15	.4088951	.5350085	0	.05609637	0
1419.15	.4047492	.5376537	0	.05759713	0
1418.15	.4006543	.5402628	0	.05908291	0
1417.15	.3966095	.5428365	0	.060554	0
1416.15	.392614	.5453754	0	.06201068	0
1415.15	.3886666	.5478802	0	.06345322	0
1414.15	.3847666	.5503515	0	.06488189	0
1413.15	.3809132	.5527899	0	.06629695	0
1412.15	.3771054	.555196	0	.06769865	0
1411.15	.3733424	.5575704	0	.06908724	0
1410.15	.3696234	.5599136	0	.07046297	0
1409.15	.3659477	.5622263	0	.07182605	0
1408.15	.3623144	.5645089	0	.07317673	0
1407.15	.3587228	.5667619	0	.07451524	0
1406.15	.3551722	.568986	0	.07584178	0
1405.15	.3516618	.5711816	0	.07715658	0
1404.15	.3481909	.5733492	0	.07845984	0
1403.15	.3447589	.5754893	0	.07975177	0
1402.15	.3413651	.5776024	0	.08103256	0
1401.15	.3380088	.5796888	0	.08230242	0
1400.15	.3346893	.5817491	0	.08356153	0
1399.15	.3314061	.5837838	0	.08481008	0
1398.15	.3281585	.5857932	0	.08604825	0
1397.15	.324946	.5877778	0	.08727622	0
1396.15	.3217679	.5897379	0	.08849416	0
1395.15	.3186236	.5916741	0	.08970225	0
1394.15	.3155127	.5935867	0	.09090065	0
1393.15	.3124345	.595476	0	.09208952	0
1392.15	.3093885	.5973425	0	.09326902	0
1391.15	.3063741	.5991866	0	.09443931	0
1390.15	.3033909	.6010085	0	.09560054	0
1389.15	.3004384	.6028087	0	.09675286	0
1388.15	.297516	.6045876	0	.09789642	0
1387.15	.2946233	.6063453	0	.09903135	0
1386.15	.2917598	.6080824	0	.1001578	0
1385.15	.288925	.6097991	0	.1012759	0
1384.15	.2861185	.6114957	0	.1023858	0
1383.15	.2833398	.6131726	0	.1034876	0
1382.15	.2805885	.6148301	0	.1045815	0
1381.15	.2778641	.6164684	0	.1056675	0
1380.15	.2751663	.6180879	0	.1067459	0
1379.15	.2724946	.6196889	0	.1078166	0
1378.15	.2698486	.6212716	0	.1088799	0
1377.15	.2672279	.6228363	0	.1099358	0
1376.15	.2646321	.6243834	0	.1109845	0
1375.15	.2620609	.625913	0	.1120261	0
1374.15	.2595139	.6274255	0	.1130606	0
1373.15	.2569907	.628921	0	.1140883	0
1372.15	.2544909	.6304	0	.1151091	0
1371.15	.2520142	.6318625	0	.1161233	0
1370.15	.2495603	.6333089	0	.1171308	0
1369.15	.2471288	.6347393	0	.1181318	0
1368.15	.2447194	.6361541	0	.1191265	0
1367.15	.2423317	.6375535	0	.1201148	0
1366.15	.2399655	.6389376	0	.1210969	0
1365.15	.2376204	.6403068	0	.1220728	0
1364.15	.2352961	.6416611	0	.1230428	0
1363.15	.2329923	.643001	0	.1240067	0
1362.15	.2307087	.6443264	0	.1249649	0
1361.15	.2284451	.6456378	0	.1259172	0
1360.15	.2262011	.6469352	0	.1268638	0
1359.15	.2239764	.6482188	0	.1278048	0
1358.15	.2217708	.6494889	0	.1287403	0
1357.15	.219584	.6507457	0	.1296703	0
1356.15	.2174158	.6519893	0	.1305949	0
1355.15	.2152658	.65322	0	.1315142	0
1354.15	.2131339	.6544378	0	.1324283	0
1353.15	.2110198	.6556431	0	.1333372	0
1352.15	.2089231	.6568359	0	.134241	0
1351.15	.2068438	.6580164	0	.1351398	0
1350.15	.2047815	.6591849	0	.1360336	0
1349.15	.202736	.6603414	0	.1369226	0
1348.15	.2007071	.6614862	0	.1378067	0
1347.15	.1986945	.6626194	0	.1386861	0
1346.15	.196698	.6637412	0	.1395608	0
1345.15	.1947175	.6648516	0	.1404308	0
1344.15	.1927527	.665951	0	.1412963	0
1343.15	.1908033	.6670394	0	.1421573	0
1342.15	.1888692	.6681169	0	.1430138	0
1341.15	.1869502	.6691838	0	.143866	0
1340.15	.1850461	.6702401	0	.1447138	0
1339.15	.1831566	.671286	0	.1455573	0
1338.15	.1812816	.6723217	0	.1463966	0
1337.15	.1794209	.6733473	0	.1472318	0
1336.15	.1775743	.6743629	0	.1480628	0
1335.15	.1757416	.6753686	0	.1488898	0
1334.15	.1739227	.6763646	0	.1497128	0
1333.15	.1721172	.677351	0	.1505318	0
1332.15	.1703252	.6783279	0	.1513469	0
1331.15	.1685464	.6792955	0	.1521581	0
1330.15	.1667806	.6802539	0	.1529655	0
1329.15	.1650277	.6812031	0	.1537692	0
1328.15	.1632874	.6821434	0	.1545692	0
1327.15	.1615598	.6830748	0	.1553654	0
1326.15	.1598445	.6839975	0	.1561581	0
1325.15	.1581414	.6849115	0	.1569472	0
1324.15	.1564504	.685817	0	.1577327	0
1323.15	.1547713	.686714	0	.1585147	0
1322.15	.1531039	.6876028	0	.1592933	0
1321.15	.1514482	.6884833	0	.1600685	0
1320.15	.149804	.6893558	0	.1608403	0
1319.15	.148171	.6902202	0	.1616088	0
1318.15	.1465493	.6910767	0	.1623739	0
1317.15	.1449387	.6919255	0	.1631359	0
1316.15	.1433389	.6927665	0	.1638946	0
1315.15	.1417499	.6935999	0	.1646501	0
1314.15	.1401716	.6944259	0	.1654026	0
1313.15	.1386038	.6952444	0	.1661519	0
1312.15	.1370464	.6960555	0	.1668981	0
1311.15	.1354992	.6968595	0	.1676413	0
1310.15	.1339622	.6976563	0	.1683815	0
1309.15	.1324352	.698446	0	.1691188	0
1308.15	.1309181	.6992288	0	.1698531	0
1307.15	.1294107	.7000047	0	.1705846	0
1306.15	.1279131	.7007738	0	.1713131	0
1305.15	.1264249	.7015362	0	.1720389	0
1304.15	.1249462	.7022919	0	.1727618	0
1303.15	.1234768	.7030412	0	.173482	0
1302.15	.1220167	.7037839	0	.1741995	0
1301.15	.1205656	.7045202	0	.1749142	0
1300.15	.1191235	.7052502	0	.1756263	0
1299.15	.1176873	.7059765	0	.1763363	0
1298.15	.1162628	.7066941	0	.1770431	0
1297.15	.1148471	.7074056	0	.1777473	0
1296.15	.1134399	.7081111	0	.178449	0
1295.15	.1120412	.7088107	0	.1791482	0
1294.727	.1114514	.7091051	0	.1794434	0
1294.727	.1114514	.7091051	0	.1794434	0
1294.727	.1114514	.7091051	0	.1794434	0
1294.15	.1072142	.7076866	.004920807	.1801784	0
1293.15	.09987129	.7052708	.01341424	.1814437	0
1292.15	.09253584	.702911	.0218561	.1826971	0
1291.15	.08520751	.7006066	.0302471	.1839388	0
1290.15	.07788593	.6983573	.03858796	.1851689	0
1289.15	.07057077	.6961623	.04687936	.1863875	0
1288.15	.0632617	.6940214	.055122	.1875949	0
1287.15	.0559584	.6919339	.06331657	.1887911	0
1286.15	.04866054	.6898994	.07146371	.1899763	0
1285.15	.04136782	.6879175	.0795641	.1911506	0
1284.15	.03407993	.6859876	.08761839	.1923141	0
1283.15	.02679657	.6841093	.0956272	.193467	0
1282.15	.01951745	.682282	.1035912	.1946093	0
1281.15	.01224229	.6805055	.1115109	.1957413	0
1280.15	.004970808	.6787792	.1193871	.1968629	0
1279.466	0	.6776273	.1247486	.1976241	0
1279.466	0	.6776273	.1247486	.1976241	0
1279.15	0	.6772335	.1249968	.1977697	0
1278.15	0	.6759902	.1257804	.1982295	0
1277.15	0	.6747505	.1265614	.1986881	0
1276.15	0	.6735146	.12734	.1991454	0
1275.15	0	.6722824	.1281161	.1996015	0
1274.15	0	.6710538	.1288898	.2000564	0
1273.15	0	.6698289	.129661	.2005101	0
1272.15	0	.6686077	.1304297	.2009626	0
1271.15	0	.6673901	.131196	.2014139	0
1270.15	0	.6661762	.1319598	.201864	0
1269.15	0	.6649659	.1327212	.2023129	0
1268.15	0	.6637592	.1334802	.2027606	0
1267.15	0	.6625561	.1342367	.2032072	0
1266.15	0	.6613566	.1349908	.2036526	0
1265.15	0	.6601607	.1357425	.2040968	0
1264.15	0	.6589684	.1364918	.2045398	0
1263.15	0	.6577796	.1372387	.2049817	0
1262.15	0	.6565944	.1379831	.2054224	0
1261.15	0	.6554128	.1387252	.205862	0
1260.15	0	.6542347	.1394648	.2063004	0
1259.15	0	.6530602	.1402021	.2067377	0
1258.15	0	.6518892	.140937	.2071739	0
1257.15	0	.6507217	.1416694	.2076089	0
1256.15	0	.6495577	.1423995	.2080428	0
1255.15	0	.6483972	.1431273	.2084755	0
1254.15	0	.6472402	.1438526	.2089072	0
1253.15	0	.6460867	.1445756	.2093377	0
1252.15	0	.6449367	.1452962	.2097671	0
1251.15	0	.6437902	.1460144	.2101954	0
1250.15	0	.6426471	.1467303	.2106226	0
1249.15	0	.6415074	.1474439	.2110487	0
1248.15	0	.6403712	.1481551	.2114737	0
1247.15	0	.6392385	.1488639	.2118976	0
1246.15	0	.6381092	.1495704	.2123204	0
1245.15	0	.6369832	.1502746	.2127421	0
1244.15	0	.6358607	.1509765	.2131628	0
1243.15	0	.6347416	.151676	.2135824	0
1242.15	0	.6336259	.1523732	.2140009	0
1241.15	0	.6325136	.153068	.2144183	0
1240.15	0	.6314047	.1537606	.2148347	0
1239.15	0	.6302991	.1544508	.21525	0
1238.15	0	.629197	.1551388	.2156643	0
1237.15	0	.6280981	.1558244	.2160775	0
1236.15	0	.6270026	.1565077	.2164897	0
1235.15	0	.6259105	.1571887	.2169008	0
1234.15	0	.6248217	.1578674	.2173109	0
1233.15	0	.6237362	.1585439	.2177199	0
1232.15	0	.6226541	.159218	.2181279	0
1231.15	0	.6215752	.1598899	.2185349	0
1230.15	0	.6204997	.1605594	.2189409	0
1229.15	0	.6194275	.1612267	.2193458	0
1228.15	0	.6183585	.1618917	.2197497	0
1227.15	0	.6172929	.1625545	.2201527	0
1226.15	0	.6162305	.163215	.2205546	0
1225.15	0	.6151714	.1638732	.2209554	0
1224.15	0	.6141156	.1645291	.2213553	0
1223.15	0	.613063	.1651828	.2217542	0
1222.15	0	.6120137	.1658342	.2221521	0
1221.15	0	.6109676	.1664834	.222549	0
1220.15	0	.6099247	.1671303	.2229449	0
1219.15	0	.6088851	.167775	.2233399	0
1218.15	0	.6078487	.1684175	.2237338	0
1217.15	0	.6068155	.1690577	.2241268	0
1216.15	0	.6057856	.1696956	.2245188	0
1215.15	0	.6047588	.1703313	.2249098	0
1214.15	0	.6037353	.1709648	.2252999	0
1213.15	0	.6027149	.1715961	.225689	0
1212.15	0	.6016978	.1722251	.2260771	0
1211.15	0	.6006838	.1728519	.2264643	0
1210.15	0	.5996729	.1734765	.2268506	0
1209.15	0	.5986653	.1740989	.2272358	0
1208.15	0	.5976608	.174719	.2276202	0
1207.15	0	.5966595	.175337	.2280036	0
1206.15	0	.5956613	.1759527	.228386	0
1205.15	0	.5946663	.1765662	.2287675	0
1204.15	0	.5936744	.1771775	.2291481	0
1203.15	0	.5926856	.1777866	.2295278	0
1202.15	0	.5917	.1783935	.2299065	0
1201.15	0	.5907175	.1789982	.2302843	0
1200.15	0	.5897381	.1796007	.2306612	0
1199.15	0	.5887618	.180201	.2310371	0
1198.15	0	.5877887	.1807992	.2314122	0
1197.15	0	.5868186	.1813951	.2317863	0
1196.15	0	.5858516	.1819889	.2321595	0
1195.15	0	.5848877	.1825804	.2325319	0
1194.15	0	.5839269	.1831698	.2329033	0
1193.15	0	.5829692	.183757	.2332738	0
1192.15	0	.5820145	.184342	.2336435	0
1191.15	0	.581063	.1849249	.2340122	0
1190.15	0	.5801144	.1855055	.23438	0
1189.15	0	.579169	.186084	.234747	0
1188.15	0	.5782266	.1866604	.2351131	0
1187.15	0	.5772872	.1872345	.2354783	0
1186.15	0	.5763509	.1878065	.2358426	0
1185.15	0	.5754176	.1883764	.236206	0
1184.15	0	.5744874	.188944	.2365686	0
1183.15	0	.5735601	.1895095	.2369303	0
1182.15	0	.572636	.1900729	.2372912	0
1181.15	0	.5717148	.1906341	.2376511	0
1180.15	0	.5707966	.1911931	.2380102	0
1179.15	0	.5698815	.19175	.2383685	0
1178.15	0	.5689693	.1923048	.2387259	0
1177.15	0	.5680602	.1928574	.2390825	0
1176.15	0	.567154	.1934078	.2394382	0
1175.15	0	.5662509	.1939561	.239793	0
1174.15	0	.5653507	.1945022	.240147	0
1173.15	0	.5644536	.1950462	.2405002	0
1172.15	0	.5635594	.1955881	.2408525	0
1171.15	0	.5626681	.1961278	.241204	0
1170.15	0	.5617799	.1966654	.2415547	0
1169.15	0	.5608946	.1972009	.2419046	0
1168.15	0	.5600123	.1977342	.2422536	0
1167.15	0	.5591329	.1982654	.2426017	0
1166.15	0	.5582565	.1987944	.2429491	0
1165.15	0	.557383	.1993213	.2432957	0
1164.15	0	.5565125	.1998461	.2436414	0
1163.15	0	.555645	.2003687	.2439863	0
1162.15	0	.5547803	.2008893	.2443304	0
1161.15	0	.5539186	.2014077	.2446737	0
1160.15	0	.5530599	.2019239	.2450162	0
1159.15	0	.5522041	.2024381	.2453578	0
1158.15	0	.5513511	.2029501	.2456987	0
1157.15	0	.5505011	.20346	.2460388	0
1156.15	0	.5496541	.2039678	.2463781	0
1155.15	0	.5488099	.2044735	.2467166	0
1154.15	0	.5479686	.2049771	.2470543	0
1153.15	0	.5471303	.2054785	.2473912	0
1152.15	0	.5462949	.2059778	.2477273	0
1151.15	0	.5454623	.206475	.2480627	0
1150.15	0	.5446327	.2069701	.2483972	0
1149.15	0	.5438059	.2074631	.248731	0
1148.15	0	.5429821	.2079539	.249064	0
1147.15	0	.5421611	.2084427	.2493962	0
1146.15	0	.541343	.2089293	.2497276	0
1145.15	0	.5405279	.2094138	.2500583	0
1144.15	0	.5397155	.2098962	.2503882	0
1143.15	0	.5389061	.2103766	.2507174	0
1142.15	0	.5380995	.2108547	.2510458	0
1141.15	0	.5372958	.2113308	.2513734	0
1140.15	0	.536495	.2118048	.2517002	0
1139.15	0	.535697	.2122767	.2520263	0
1138.15	0	.5349019	.2127465	.2523517	0
1137.15	0	.5341096	.2132141	.2526763	0
1136.15	0	.5333202	.2136797	.2530001	0
1135.15	0	.5325337	.2141432	.2533232	0
1134.15	0	.53175	.2146045	.2536455	0
1133.15	0	.5309691	.2150638	.2539671	0
1132.15	0	.5301911	.2155209	.254288	0
1131.15	0	.5294159	.215976	.2546081	0
1130.15	0	.5286436	.2164289	.2549275	0
1129.15	0	.5278741	.2168798	.2552461	0
1128.15	0	.5271075	.2173285	.255564	0
1127.15	0	.5263437	.2177752	.2558812	0
1126.15	0	.5255827	.2182197	.2561976	0
1125.15	0	.5248245	.2186621	.2565134	0
1124.15	0	.5240692	.2191025	.2568284	0
1123.15	0	.5233167	.2195407	.2571426	0
1122.15	0	.522567	.2199769	.2574562	0
1121.15	0	.5218201	.2204109	.257769	0
1120.15	0	.5210761	.2208429	.2580811	0
1119.15	0	.5203348	.2212727	.2583925	0
1118.15	0	.5195964	.2217005	.2587031	0
1117.15	0	.5188608	.2221261	.2590131	0
1116.15	0	.518128	.2225497	.2593223	0
1115.15	0	.517398	.2229711	.2596309	0
1114.15	0	.5166708	.2233905	.2599387	0
1113.15	0	.5159464	.2238077	.2602458	0
1112.15	0	.5152249	.2242229	.2605523	0
1111.15	0	.5145061	.2246359	.260858	0
1110.15	0	.5137901	.2250469	.261163	0
1109.15	0	.5130769	.2254558	.2614673	0
1108.15	0	.5123666	.2258625	.2617709	0
1107.15	0	.511659	.2262672	.2620738	0
1106.15	0	.5109542	.2266697	.2623761	0
1105.15	0	.5102522	.2270702	.2626776	0
1104.15	0	.509553	.2274686	.2629784	0
1103.15	0	.5088566	.2278648	.2632786	0
1102.15	0	.508163	.228259	.2635781	0
1101.15	0	.5074721	.228651	.2638768	0
1100.15	0	.5067841	.229041	.2641749	0
1099.15	0	.5060988	.2294289	.2644724	0
1098.15	0	.5054163	.2298146	.2647691	0
1097.15	0	.5047366	.2301983	.2650651	0
1096.15	0	.5040597	.2305798	.2653605	0
1095.15	0	.5033855	.2309593	.2656552	0
1094.15	0	.5027142	.2313366	.2659492	0
1093.15	0	.5020456	.2317118	.2662426	0
1092.15	0	.5013798	.232085	.2665353	0
1091.15	0	.5007167	.232456	.2668273	0
1090.15	0	.5000565	.2328249	.2671186	0
1089.15	0	.499399	.2331917	.2674093	0
1088.15	0	.4987443	.2335564	.2676993	0
1087.15	0	.4980924	.233919	.2679886	0
1086.15	0	.4974432	.2342795	.2682773	0
1085.15	0	.4967968	.2346379	.2685653	0
1084.15	0	.4961532	.2349942	.2688526	0
1083.15	0	.4955124	.2353483	.2691393	0
1082.15	0	.4948743	.2357004	.2694253	0
1081.15	0	.494239	.2360503	.2697107	0
1080.15	0	.4936064	.2363982	.2699954	0
1079.15	0	.4929767	.2367439	.2702794	0
1078.15	0	.4923497	.2370875	.2705628	0
1077.15	0	.4917255	.237429	.2708456	0
1076.15	0	.491104	.2377683	.2711277	0
1075.15	0	.4904853	.2381056	.2714091	0
1074.15	0	.4898694	.2384407	.2716899	0
1073.15	0	.4892562	.2387738	.2719701	0
1072.15	0	.4886458	.2391047	.2722495	0
1071.15	0	.4880382	.2394334	.2725284	0
1070.15	0	.4874333	.2397601	.2728066	0
1069.15	0	.4868312	.2400847	.2730842	0
1068.15	0	.4862319	.2404071	.2733611	0
1067.15	0	.4856353	.2407274	.2736373	0
1066.15	0	.4850415	.2410455	.273913	0
1065.15	0	.4844505	.2413616	.274188	0
1064.15	0	.4838622	.2416755	.2744623	0
1063.15	0	.4832767	.2419873	.274736	0
1062.15	0	.482694	.242297	.2750091	0
1061.15	0	.482114	.2426045	.2752815	0
1060.15	0	.4815368	.2429099	.2755533	0
1059.15	0	.4809623	.2432132	.2758245	0
1058.15	0	.4803907	.2435144	.276095	0
1057.15	0	.4798217	.2438134	.2763649	0
1056.15	0	.4792556	.2441103	.2766341	0
1055.15	0	.4786922	.244405	.2769028	0
1054.15	0	.4781316	.2446976	.2771707	0
1053.15	0	.4775738	.2449881	.2774381	0
1052.15	0	.4770187	.2452764	.2777048	0
1051.15	0	.4764664	.2455626	.2779709	0
1050.15	0	.4759169	.2458467	.2782364	0
1049.15	0	.4753701	.2461286	.2785012	0
1048.15	0	.4748261	.2464084	.2787655	0
1047.15	0	.4742849	.246686	.279029	0
1046.15	0	.4737465	.2469615	.279292	0
1045.15	0	.4732108	.2472349	.2795543	0
1044.15	0	.4726779	.2475061	.279816	0
1043.15	0	.4721477	.2477752	.2800771	0
1042.15	0	.4716204	.2480421	.2803376	0
1041.15	0	.4710958	.2483068	.2805974	0
1040.15	0	.470574	.2485694	.2808566	0
1039.15	0	.4700549	.2488299	.2811152	0
1038.15	0	.4695387	.2490882	.2813731	0
1037.15	0	.4690252	.2493444	.2816305	0
1036.15	0	.4685144	.2495984	.2818872	0
1035.15	0	.4680065	.2498502	.2821433	0
1034.15	0	.4675013	.2500999	.2823987	0
1033.15	0	.466999	.2503475	.2826536	0
1032.15	0	.4664994	.2505929	.2829078	0
1031.15	0	.4660025	.2508361	.2831614	0
1030.15	0	.4655085	.2510772	.2834144	0
1029.15	0	.4650172	.2513161	.2836667	0
1028.15	0	.4645288	.2515528	.2839184	0
1027.15	0	.4640431	.2517874	.2841695	0
1026.15	0	.4635601	.2520198	.28442	0
1025.15	0	.46308	.2522501	.2846699	0
1024.15	0	.4626027	.2524782	.2849191	0
1023.15	0	.4621281	.2527042	.2851677	0
1022.15	0	.4616563	.2529279	.2854158	0
1021.15	0	.4611873	.2531495	.2856631	0
1020.15	0	.4607211	.253369	.2859099	0
1019.15	0	.4602577	.2535863	.286156	0
1018.15	0	.4597971	.2538014	.2864015	0
1017.15	0	.4593393	.2540143	.2866464	0
1016.15	0	.4588842	.2542251	.2868907	0
1015.15	0	.458432	.2544337	.2871343	0
1014.15	0	.4579825	.2546401	.2873773	0
1013.15	0	.4575359	.2548444	.2876197	0
1012.15	0	.457092	.2550465	.2878615	0
1011.15	0	.4566509	.2552464	.2881027	0
1010.15	0	.4562126	.2554442	.2883432	0
1009.15	0	.4557772	.2556398	.2885831	0
1008.15	0	.4553445	.2558332	.2888223	0
1007.15	0	.4549146	.2560245	.289061	0
1006.15	0	.4544875	.2562135	.289299	0
1005.15	0	.4540632	.2564004	.2895364	0
1004.15	0	.4536417	.2565852	.2897731	0
1003.15	0	.453223	.2567678	.2900093	0
1002.15	0	.4528071	.2569482	.2902448	0
1001.15	0	.452394	.2571264	.2904796	0
1000.15	0	.4519837	.2573025	.2907139	0
999.15	0	.4515762	.2574764	.2909475	0
998.15	0	.4511715	.2576481	.2911805	0
997.15	0	.4507696	.2578176	.2914128	0
996.15	0	.4503705	.257985	.2916445	0
995.15	0	.4499742	.2581503	.2918756	0
994.15	0	.4495807	.2583133	.292106	0
993.15	0	.44919	.2584742	.2923358	0
992.15	0	.4488021	.2586329	.2925649	0
991.15	0	.448417	.2587895	.2927935	0
990.15	0	.4480347	.2589439	.2930213	0
989.15	0	.4476553	.2590962	.2932486	0
988.15	0	.4472786	.2592463	.2934752	0
987.15	0	.4469047	.2593942	.2937011	0
986.15	0	.4465336	.25954	.2939264	0
985.15	0	.4461654	.2596836	.294151	0
984.15	0	.4457999	.2598251	.294375	0
983.15	0	.4454372	.2599644	.2945984	0
982.15	0	.4450773	.2601016	.2948211	0
981.15	0	.4447202	.2602366	.2950431	0
980.15	0	.444366	.2603695	.2952645	0
979.15	0	.4440145	.2605003	.2954852	0
978.15	0	.4436658	.2606289	.2957053	0
977.15	0	.4433199	.2607553	.2959247	0
976.15	0	.4429768	.2608797	.2961435	0
975.15	0	.4426365	.2610019	.2963616	0
974.15	0	.442299	.261122	.296579	0
973.15	0	.4419643	.2612399	.2967958	0
972.15	0	.4416324	.2613558	.2970119	0
971.15	0	.4413032	.2614695	.2972273	0
970.15	0	.4409769	.2615811	.297442	0
969.15	0	.4406533	.2616906	.2976561	0
968.15	0	.4403325	.261798	.2978695	0
967.15	0	.4400145	.2619033	.2980822	0
966.15	0	.4396993	.2620065	.2982942	0
965.15	0	.4393868	.2621076	.2985055	0
964.15	0	.4390771	.2622067	.2987162	0
963.15	0	.4387702	.2623036	.2989262	0
962.15	0	.4384661	.2623985	.2991354	0
961.15	0	.4381647	.2624913	.299344	0
960.15	0	.4378661	.262582	.2995519	0
959.15	0	.4375703	.2626707	.2997591	0
958.15	0	.4372772	.2627573	.2999656	0
957.15	0	.4369868	.2628418	.3001713	0
956.15	0	.4366992	.2629244	.3003764	0
955.15	0	.4364144	.2630049	.3005808	0
954.15	0	.4361323	.2630833	.3007844	0
953.15	0	.4358529	.2631598	.3009873	0
952.15	0	.4355762	.2632342	.3011895	0
951.15	0	.4353023	.2633067	.301391	0
950.15	0	.4350311	.2633771	.3015917	0
949.15	0	.4347627	.2634456	.3017918	0
948.15	0	.4344969	.2635121	.3019911	0
947.15	0	.4342339	.2635765	.3021896	0
946.15	0	.4339735	.2636391	.3023874	0
945.15	0	.4337158	.2636997	.3025845	0
944.15	0	.4334609	.2637583	.3027808	0
943.15	0	.4332086	.2638151	.3029763	0
942.15	0	.432959	.2638699	.3031712	0
941.15	0	.432712	.2639228	.3033652	0
940.15	0	.4324677	.2639738	.3035585	0
939.15	0	.4322261	.2640229	.303751	0
938.15	0	.4319871	.2640701	.3039427	0
937.15	0	.4317508	.2641155	.3041337	0
936.15	0	.4315171	.264159	.3043239	0
935.15	0	.431286	.2642007	.3045133	0
934.15	0	.4310575	.2642406	.3047019	0
933.15	0	.4308316	.2642787	.3048897	0
932.15	0	.4306083	.2643149	.3050767	0
931.15	0	.4303876	.2643494	.3052629	0
930.15	0	.4301695	.2643821	.3054483	0
929.15	0	.429954	.2644131	.3056329	0
928.15	0	.4297409	.2644424	.3058167	0
927.15	0	.4295305	.2644699	.3059996	0
926.15	0	.4293225	.2644957	.3061818	0
925.15	0	.4291171	.2645199	.306363	0
924.15	0	.4289142	.2645424	.3065435	0
923.15	0	.4287137	.2645632	.3067231	0
922.15	0	.4285158	.2645824	.3069018	0
921.15	0	.4283203	.2646	.3070797	0
920.15	0	.4281273	.264616	.3072567	0
919.15	0	.4279367	.2646305	.3074329	0
918.15	0	.4277485	.2646434	.3076081	0
917.15	0	.4275627	.2646548	.3077825	0
916.15	0	.4273793	.2646647	.307956	0
915.15	0	.4271983	.2646731	.3081286	0
914.15	0	.4270196	.2646801	.3083003	0
913.15	0	.4268433	.2646856	.3084711	0
912.15	0	.4266693	.2646897	.308641	0
911.15	0	.4264976	.2646925	.3088099	0
910.15	0	.4263282	.2646939	.308978	0
909.15	0	.426161	.2646939	.309145	0
908.15	0	.4259961	.2646927	.3093112	0
907.15	0	.4258334	.2646902	.3094764	0
906.15	0	.4256729	.2646865	.3096406	0
905.15	0	.4255146	.2646815	.3098038	0
904.15	0	.4253585	.2646754	.3099661	0
903.15	0	.4252045	.2646682	.3101274	0
902.15	0	.4250525	.2646598	.3102877	0
901.15	0	.4249027	.2646503	.310447	0
900.15	0	.424755	.2646398	.3106053	0
899.15	0	.4246092	.2646283	.3107625	0
898.15	0	.4244655	.2646158	.3109187	0
897.15	0	.4243238	.2646023	.3110739	0
896.15	0	.424184	.264588	.311228	0
895.15	0	.4240461	.2645728	.3113811	0
894.15	0	.4239101	.2645568	.3115331	0
893.15	0	.423776	.2645399	.3116841	0
892.15	0	.4236437	.2645224	.3118339	0
891.15	0	.4235133	.2645041	.3119826	0
890.15	0	.4233845	.2644852	.3121302	0
889.15	0	.4232576	.2644657	.3122767	0
888.15	0	.4231323	.2644456	.3124221	0
887.15	0	.4230087	.264425	.3125663	0
886.15	0	.4228867	.264404	.3127093	0
885.15	0	.4227663	.2643825	.3128512	0
884.15	0	.4226474	.2643606	.3129919	0
883.15	0	.4225301	.2643385	.3131314	0
882.15	0	.4224142	.2643161	.3132697	0
881.15	0	.4222998	.2642934	.3134068	0
880.15	0	.4221867	.2642707	.3135426	0
879.15	0	.422075	.2642478	.3136772	0
878.15	0	.4219646	.2642249	.3138105	0
877.15	0	.4218555	.2642021	.3139425	0
876.15	0	.4217475	.2641793	.3140732	0
875.15	0	.4216407	.2641567	.3142026	0
874.15	0	.421535	.2641344	.3143307	0
873.15	0	.4214303	.2641123	.3144574	0
872.15	0	.4213266	.2640906	.3145828	0
871.15	0	.4212239	.2640693	.3147068	0
870.15	0	.4211221	.2640486	.3148293	0
869.15	0	.4210211	.2640284	.3149505	0
868.15	0	.4209209	.2640089	.3150702	0
867.15	0	.4208213	.2639902	.3151885	0
866.15	0	.4207225	.2639723	.3153053	0
865.15	0	.4206242	.2639553	.3154206	0
864.15	0	.4205264	.2639393	.3155343	0
863.15	0	.420429	.2639244	.3156466	0
862.15	0	.4203321	.2639107	.3157572	0
861.15	0	.4202354	.2638983	.3158663	0
860.15	0	.4201389	.2638873	.3159737	0
859.15	0	.4200426	.2638778	.3160796	0
858.15	0	.4199464	.2638699	.3161837	0
857.15	0	.4198501	.2638637	.3162862	0
856.15	0	.4197538	.2638593	.3163869	0
855.15	0	.4196572	.2638569	.3164859	0
854.15	0	.4195604	.2638566	.316583	0
853.15	0	.4194632	.2638584	.3166784	0
852.15	0	.4193655	.2638626	.3167719	0
851.15	0	.4192672	.2638692	.3168636	0
850.15	0	.4191682	.2638785	.3169533	0
849.15	0	.4190685	.2638905	.3170411	0
848.15	0	.4189678	.2639054	.3171268	0
847.15	0	.4188661	.2639234	.3172106	0
846.15	0	.4187632	.2639446	.3172922	0
845.15	0	.4186591	.2639692	.3173718	0
844.15	0	.4185535	.2639974	.3174491	0
843.15	0	.4184464	.2640294	.3175243	0
842.15	0	.4183375	.2640654	.3175971	0
841.15	0	.4182268	.2641055	.3176677	0
840.15	0	.4181141	.2641501	.3177359	0
839.15	0	.4179992	.2641993	.3178016	0
838.15	0	.4178819	.2642533	.3178648	0
837.15	0	.417762	.2643126	.3179254	0
836.15	0	.4176394	.2643772	.3179835	0
835.15	0	.4175138	.2644474	.3180388	0
834.15	0	.417385	.2645237	.3180912	0
833.15	0	.4172528	.2646063	.3181409	0
832.15	0	.4171169	.2646956	.3181875	0
831.15	0	.4169771	.2647918	.3182311	0
830.15	0	.4168331	.2648954	.3182715	0
829.15	0	.4166845	.2650068	.3183086	0
828.15	0	.4165311	.2651265	.3183424	0
827.15	0	.4163726	.2652549	.3183726	0
826.15	0	.4162084	.2653925	.3183991	0
825.15	0	.4160383	.2655398	.3184219	0
824.15	0	.4158618	.2656975	.3184407	0
823.15	0	.4156784	.2658663	.3184553	0
822.15	0	.4154876	.2660467	.3184656	0
821.15	0	.4152889	.2662397	.3184714	0
820.15	0	.4150816	.2664459	.3184725	0
819.15	0	.4148651	.2666664	.3184685	0
818.15	0	.4146386	.2669022	.3184592	0
817.15	0	.4144013	.2671543	.3184444	0
816.15	0	.4141523	.2674242	.3184236	0
815.15	0	.4138905	.2677131	.3183965	0
814.15	0	.4136147	.2680227	.3183627	0
813.15	0	.4133236	.2683548	.3183216	0
812.15	0	.4130157	.2687114	.3182728	0
811.15	0	.4121538	.2697984	.3180478	0
810.15	0	.4113834	.2707706	.317846	0
809.15	0	.4106946	.2716408	.3176646	0
808.15	0	.4100749	.2724249	.3175002	0
807.15	0	.4095149	.2731349	.3173501	0
806.15	0	.4090069	.2737808	.3172123	0
805.15	0	.4085447	.2743702	.3170852	0
804.15	0	.4081231	.2749097	.3169672	0
803.15	0	.4077379	.2754046	.3168575	0
802.15	0	.4073854	.2758597	.3167549	0
801.15	0	.4070625	.2762786	.3166589	0
800.15	0	.4067665	.276665	.3165686	0
799.15	0	.4064949	.2770216	.3164835	0
798.15	0	.4062458	.2773511	.3164031	0
797.15	0	.4060172	.2776557	.316327	0
796.15	0	.4058076	.2779375	.3162549	0
795.15	0	.4056155	.2781983	.3161862	0
794.15	0	.4054395	.2784396	.3161209	0
793.15	0	.4052785	.2786629	.3160585	0
792.15	0	.4051314	.2788696	.315999	0
791.15	0	.4049972	.2790608	.315942	0
790.15	0	.404875	.2792377	.3158873	0
789.15	0	.4047641	.2794011	.3158348	0
788.15	0	.4046636	.279552	.3157844	0
787.15	0	.4045728	.2796913	.3157359	0
786.15	0	.4044912	.2798197	.3156891	0
785.15	0	.4044181	.279938	.3156439	0
784.15	0	.4043531	.2800466	.3156003	0
783.15	0	.4042955	.2801464	.3155581	0
782.15	0	.404245	.2802377	.3155173	0
781.15	0	.4042011	.2803213	.3154777	0
780.15	0	.4041633	.2803974	.3154393	0
779.15	0	.4041314	.2804666	.3154019	0
778.15	0	.404105	.2805294	.3153656	0
777.15	0	.4040837	.280586	.3153303	0
776.15	0	.4040672	.2806369	.3152959	0
775.15	0	.4040553	.2806824	.3152624	0
774.15	0	.4040476	.2807228	.3152296	0
773.15	0	.4040467	.2807563	.315197	0
772.15	0	.4040466	.2807876	.3151658	0
771.15	0	.40405	.2808147	.3151352	0
770.15	0	.4040568	.2808379	.3151053	0
769.15	0	.4040668	.2808572	.315076	0
768.15	0	.4040797	.2808731	.3150473	0
767.15	0	.4040954	.2808856	.315019	0
766.15	0	.4041137	.280895	.3149913	0
765.15	0	.4041344	.2809015	.314964	0
764.15	0	.4041575	.2809053	.3149372	0
763.15	0	.4041827	.2809065	.3149109	0
762.15	0	.4042099	.2809052	.3148849	0
761.15	0	.404239	.2809017	.3148593	0
760.15	0	.40427	.280896	.314834	0
759.15	0	.4043025	.2808884	.3148091	0
758.15	0	.4043367	.2808788	.3147845	0
757.15	0	.4043723	.2808676	.3147602	0
756.15	0	.4044092	.2808546	.3147362	0
755.15	0	.4044474	.2808402	.3147124	0
754.15	0	.4044868	.2808243	.3146889	0
753.15	0	.4045273	.2808071	.3146656	0
752.15	0	.4045688	.2807887	.3146426	0
751.15	0	.4046112	.2807691	.3146197	0
750.15	0	.4046545	.2807484	.3145971	0
749.15	0	.4046986	.2807268	.3145746	0
748.15	0	.4047434	.2807042	.3145524	0
747.15	0	.404789	.2806808	.3145302	0
746.15	0	.4048351	.2806567	.3145083	0
745.15	0	.4048818	.2806318	.3144865	0
744.15	0	.404929	.2806062	.3144648	0
743.15	0	.4049767	.2805801	.3144432	0
742.15	0	.4050247	.2805535	.3144218	0
741.15	0	.4050732	.2805264	.3144004	0
740.15	0	.405122	.2804988	.3143792	0
739.15	0	.405171	.2804709	.3143581	0
738.15	0	.4052204	.2804426	.3143371	0
737.15	0	.4052699	.280414	.3143161	0
736.15	0	.4053196	.2803852	.3142952	0
735.15	0	.4053694	.2803562	.3142744	0
734.15	0	.4054194	.280327	.3142537	0
733.15	0	.4054694	.2802976	.314233	0
732.15	0	.4055195	.2802681	.3142124	0
731.15	0	.4055696	.2802386	.3141918	0
730.15	0	.4056197	.280209	.3141713	0
729.15	0	.4056698	.2801794	.3141508	0
728.15	0	.4057198	.2801498	.3141303	0
727.15	0	.4057698	.2801203	.3141099	0
726.15	0	.4058197	.2800908	.3140895	0
725.15	0	.4058695	.2800614	.3140691	0
724.15	0	.4059191	.2800321	.3140488	0
723.15	0	.4059686	.280003	.3140285	0
722.15	0	.4060179	.2799739	.3140081	0
721.15	0	.4060671	.2799451	.3139878	0
720.15	0	.406116	.2799164	.3139675	0
719.15	0	.4061648	.279888	.3139473	0
718.15	0	.4062133	.2798598	.313927	0
717.15	0	.4062615	.2798318	.3139067	0
716.15	0	.4063096	.279804	.3138864	0
715.15	0	.4063573	.2797766	.3138661	0
714.15	0	.4064048	.2797494	.3138458	0
713.15	0	.4064521	.2797225	.3138255	0
712.15	0	.406499	.2796959	.3138052	0
711.15	0	.4065456	.2796696	.3137848	0
710.15	0	.4065919	.2796436	.3137645	0
709.15	0	.4066379	.279618	.3137441	0
708.15	0	.4066836	.2795927	.3137238	0
707.15	0	.4067289	.2795678	.3137033	0
706.15	0	.4067739	.2795432	.3136829	0
705.15	0	.4068185	.279519	.3136625	0
704.15	0	.4068628	.2794951	.313642	0
703.15	0	.4069068	.2794717	.3136215	0
702.15	0	.4069503	.2794487	.313601	0
701.15	0	.4069935	.279426	.3135805	0
700.15	0	.4070364	.2794037	.3135599	0
699.15	0	.4070788	.2793819	.3135393	0
698.15	0	.4071209	.2793604	.3135186	0
697.15	0	.4071626	.2793394	.313498	0
696.15	0	.4072039	.2793188	.3134773	0
695.15	0	.4072448	.2792987	.3134565	0
694.15	0	.4072853	.2792789	.3134358	0
693.15	0	.4073255	.2792596	.3134149	0
692.15	0	.4073652	.2792407	.3133941	0
691.15	0	.4074045	.2792223	.3133732	0
690.15	0	.4074435	.2792042	.3133523	0
689.15	0	.407482	.2791867	.3133313	0
688.15	0	.4075201	.2791696	.3133103	0
687.15	0	.4075578	.2791529	.3132893	0
686.15	0	.4075951	.2791367	.3132682	0
685.15	0	.407632	.2791209	.3132471	0
684.15	0	.4076685	.2791056	.313226	0
683.15	0	.4077046	.2790907	.3132048	0
682.15	0	.4077402	.2790762	.3131835	0
681.15	0	.4077755	.2790623	.3131622	0
680.15	0	.4078104	.2790487	.3131409	0
679.15	0	.4078448	.2790357	.3131196	0
678.15	0	.4078788	.279023	.3130981	0
677.15	0	.4079124	.2790109	.3130767	0
676.15	0	.4079456	.2789992	.3130552	0
675.15	0	.4079784	.2789879	.3130337	0
674.15	0	.4080108	.2789771	.3130121	0
673.15	0	.4080428	.2789667	.3129905	0
672.15	0	.4080744	.2789568	.3129688	0
671.15	0	.4081055	.2789474	.3129471	0
670.15	0	.4081363	.2789384	.3129253	0
669.15	0	.4081667	.2789298	.3129035	0
668.15	0	.4081966	.2789217	.3128817	0
667.15	0	.4082262	.278914	.3128598	0
666.15	0	.4082553	.2789068	.3128379	0
665.15	0	.4082841	.2789001	.3128159	0
664.15	0	.4083124	.2788937	.3127939	0
663.15	0	.4083404	.2788878	.3127718	0
662.15	0	.4083679	.2788824	.3127497	0
661.15	0	.4083951	.2788774	.3127275	0
660.15	0	.4084219	.2788728	.3127053	0
659.15	0	.4084483	.2788686	.3126831	0
658.15	0	.4084743	.2788649	.3126608	0
657.15	0	.4084999	.2788616	.3126385	0
656.15	0	.4085251	.2788588	.3126161	0
655.15	0	.4085499	.2788564	.3125937	0
654.15	0	.4085744	.2788544	.3125712	0
653.15	0	.4085985	.2788528	.3125487	0
652.15	0	.4086222	.2788516	.3125262	0
651.15	0	.4086455	.2788509	.3125036	0
650.15	0	.4086684	.2788506	.312481	0
649.15	0	.408691	.2788507	.3124583	0
648.15	0	.4087132	.2788512	.3124356	0
647.15	0	.4087351	.2788521	.3124129	0
646.15	0	.4087565	.2788534	.3123901	0
645.15	0	.4087776	.2788551	.3123673	0
644.15	0	.4087984	.2788572	.3123444	0
643.15	0	.4088188	.2788598	.3123215	0
642.15	0	.4088388	.2788627	.3122985	0
641.15	0	.4088585	.278866	.3122755	0
640.15	0	.4088778	.2788697	.3122525	0
639.15	0	.4088968	.2788738	.3122294	0
638.15	0	.4089154	.2788783	.3122063	0
637.15	0	.4089337	.2788832	.3121832	0
636.15	0	.4089516	.2788885	.31216	0
635.15	0	.4089692	.2788941	.3121368	0
634.15	0	.4089864	.2789001	.3121135	0
633.15	0	.4090033	.2789065	.3120902	0
632.15	0	.4090199	.2789133	.3120669	0
631.15	0	.4090361	.2789204	.3120435	0
630.15	0	.409052	.2789279	.3120201	0
629.15	0	.4090676	.2789358	.3119966	0
628.15	0	.4090828	.278944	.3119732	0
627.15	0	.4090978	.2789526	.3119497	0
626.15	0	.4091124	.2789615	.3119261	0
625.15	0	.4091266	.2789708	.3119025	0
624.15	0	.4091406	.2789805	.3118789	0
623.15	0	.4091543	.2789905	.3118553	0
622.15	0	.4091676	.2790008	.3118316	0
621.15	0	.4091806	.2790115	.3118079	0
620.15	0	.4091933	.2790225	.3117842	0
619.15	0	.4092058	.2790339	.3117604	0
618.15	0	.4092179	.2790456	.3117366	0
617.15	0	.4092297	.2790576	.3117127	0
616.15	0	.4092412	.27907	.3116889	0
615.15	0	.4092524	.2790827	.311665	0
614.15	0	.4092633	.2790957	.3116411	0
613.15	0	.4092739	.279109	.3116171	0
612.15	0	.4092842	.2791227	.3115931	0
611.15	0	.4092943	.2791366	.3115691	0
610.15	0	.409304	.2791509	.3115451	0
609.15	0	.4093135	.2791655	.311521	0
608.15	0	.4093227	.2791804	.3114969	0
607.15	0	.4093316	.2791956	.3114728	0
606.15	0	.4093402	.2792111	.3114487	0
605.15	0	.4093486	.2792269	.3114245	0
604.15	0	.4093566	.279243	.3114003	0
603.15	0	.4093644	.2792595	.3113761	0
602.15	0	.409372	.2792761	.3113519	0
601.15	0	.4093792	.2792931	.3113276	0
600.15	0	.4093863	.2793104	.3113033	0
599.15	0	.409393	.279328	.3112791	0
598.15	0	.4093995	.2793458	.3112547	0
597.15	0	.4094057	.2793639	.3112304	0
596.15	0	.4094117	.2793823	.311206	0
595.15	0	.4094174	.279401	.3111816	0
594.15	0	.4094228	.2794199	.3111572	0
593.15	0	.4094281	.2794391	.3111328	0
592.15	0	.409433	.2794586	.3111084	0
591.15	0	.4094377	.2794783	.3110839	0
590.15	0	.4094422	.2794984	.3110594	0
589.15	0	.4094464	.2795186	.311035	0
588.15	0	.4094504	.2795391	.3110104	0
587.15	0	.4094542	.2795599	.3109859	0
586.15	0	.4094577	.2795809	.3109614	0
585.15	0	.409461	.2796022	.3109368	0
584.15	0	.409464	.2796237	.3109123	0
583.15	0	.4094669	.2796455	.3108877	0
582.15	0	.4094695	.2796675	.3108631	0
581.15	0	.4094718	.2796897	.3108385	0
580.15	0	.409474	.2797122	.3108139	0
579.15	0	.4094759	.2797349	.3107892	0
578.15	0	.4094776	.2797578	.3107646	0
577.15	0	.4094791	.279781	.3107399	0
576.15	0	.4094804	.2798044	.3107153	0
575.15	0	.4094814	.279828	.3106906	0
574.15	0	.4094823	.2798518	.3106659	0
573.15	0	.4094829	.2798759	.3106412	0
572.15	0	.4094833	.2799002	.3106165	0
571.15	0	.4094835	.2799246	.3105918	0
570.15	0	.4094835	.2799493	.3105671	0
569.15	0	.4094833	.2799742	.3105424	0
568.15	0	.4094829	.2799994	.3105177	0
567.15	0	.4094824	.2800247	.310493	0
566.15	0	.4094816	.2800502	.3104682	0
565.15	0	.4094806	.2800759	.3104435	0
564.15	0	.4094794	.2801019	.3104188	0
563.15	0	.409478	.280128	.310394	0
562.15	0	.4094764	.2801543	.3103693	0
561.15	0	.4094747	.2801808	.3103445	0
560.15	0	.4094728	.2802075	.3103198	0
559.15	0	.4094706	.2802343	.3102951	0
558.15	0	.4094683	.2802614	.3102703	0
557.15	0	.4094658	.2802886	.3102456	0
556.15	0	.4094631	.280316	.3102208	0
555.15	0	.4094603	.2803436	.3101961	0
554.15	0	.4094572	.2803714	.3101713	0
553.15	0	.4094541	.2803993	.3101466	0
552.15	0	.4094507	.2804275	.3101219	0
551.15	0	.4094471	.2804557	.3100971	0
550.15	0	.4094434	.2804842	.3100724	0
549.15	0	.4094395	.2805128	.3100477	0
548.15	0	.4094354	.2805416	.310023	0
547.15	0	.4094312	.2805705	.3099983	0
546.15	0	.4094268	.2805996	.3099736	0
545.15	0	.4094223	.2806288	.3099489	0
544.15	0	.4094176	.2806582	.3099242	0
543.15	0	.4094127	.2806878	.3098995	0
542.15	0	.4094077	.2807175	.3098748	0
541.15	0	.4094025	.2807473	.3098502	0
540.15	0	.4093972	.2807773	.3098255	0
539.15	0	.4093917	.2808075	.3098009	0
538.15	0	.409386	.2808377	.3097763	0
537.15	0	.4093802	.2808681	.3097517	0
536.15	0	.4093743	.2808987	.309727	0
535.15	0	.4093682	.2809294	.3097025	0
534.15	0	.409362	.2809602	.3096779	0
533.15	0	.4093556	.2809911	.3096533	0
532.15	0	.4093491	.2810222	.3096288	0
531.15	0	.4093424	.2810534	.3096042	0
530.15	0	.4093356	.2810847	.3095797	0
529.15	0	.4093286	.2811162	.3095552	0
528.15	0	.4093216	.2811477	.3095307	0
527.15	0	.4093144	.2811794	.3095062	0
526.15	0	.409307	.2812112	.3094818	0
525.15	0	.4092995	.2812431	.3094574	0
524.15	0	.4092919	.2812752	.3094329	0
523.15	0	.4092842	.2813073	.3094085	0
522.15	0	.4092763	.2813395	.3093842	0
521.15	0	.4092683	.2813719	.3093598	0
520.15	0	.4092602	.2814043	.3093355	0
519.15	0	.4092519	.2814369	.3093112	0
518.15	0	.4092436	.2814696	.3092869	0
517.15	0	.4092351	.2815023	.3092626	0
516.15	0	.4092265	.2815352	.3092384	0
515.15	0	.4092177	.2815681	.3092141	0
514.15	0	.4092089	.2816012	.3091899	0
513.15	0	.4091999	.2816343	.3091658	0
512.15	0	.409191	.2816675	.3091415	0
511.15	0	.4091818	.2817009	.3091174	0
510.15	0	.4091725	.2817343	.3090933	0
509.15	0	.409163	.2817678	.3090692	0
508.15	0	.4091535	.2818013	.3090452	0
507.15	0	.4091439	.281835	.3090212	0
506.15	0	.4091341	.2818687	.3089972	0
505.15	0	.4091243	.2819025	.3089732	0
504.15	0	.4091143	.2819364	.3089493	0
503.15	0	.4091042	.2819704	.3089254	0
502.15	0	.4090941	.2820044	.3089015	0
501.15	0	.4090838	.2820385	.3088777	0
500.15	0	.4090734	.2820727	.3088539	0
499.15	0	.409063	.2821069	.3088301	0
498.15	0	.4090524	.2821412	.3088064	0
497.15	0	.4090417	.2821756	.3087827	0
496.15	0	.409031	.28221	.308759	0
495.15	0	.4090201	.2822445	.3087354	0
494.15	0	.4090092	.2822791	.3087118	0
493.15	0	.4089981	.2823137	.3086882	0
492.15	0	.408987	.2823483	.3086647	0
491.15	0	.4089758	.2823831	.3086412	0
490.15	0	.4089645	.2824178	.3086177	0
489.15	0	.4089531	.2824526	.3085943	0
488.15	0	.4089416	.2824875	.3085709	0
487.15	0	.40893	.2825224	.3085476	0
486.15	0	.4089183	.2825574	.3085243	0
485.15	0	.4089066	.2825924	.308501	0
484.15	0	.4088947	.2826274	.3084778	0
483.15	0	.4088828	.2826625	.3084546	0
482.15	0	.4088709	.2826976	.3084315	0
481.15	0	.4088588	.2827328	.3084084	0
480.15	0	.4088466	.282768	.3083854	0
479.15	0	.4088344	.2828033	.3083623	0
478.15	0	.4088221	.2828385	.3083394	0
477.15	0	.4088097	.2828738	.3083164	0
476.15	0	.4087973	.2829091	.3082936	0
475.15	0	.4087848	.2829445	.3082707	0
474.15	0	.4087722	.2829799	.3082479	0
473.15	0	.4087595	.2830153	.3082252	0
472.15	0	.4087468	.2830508	.3082025	0
471.15	0	.408734	.2830862	.3081798	0
470.15	0	.4087211	.2831217	.3081572	0
469.15	0	.4087081	.2831572	.3081347	0
468.15	0	.4086951	.2831927	.3081122	0
467.15	0	.408682	.2832283	.3080897	0
466.15	0	.4086689	.2832638	.3080673	0
465.15	0	.4086557	.2832994	.3080449	0
464.15	0	.4086424	.2833349	.3080226	0
463.15	0	.4086291	.2833705	.3080004	0
462.15	0	.4086157	.2834061	.3079782	0
461.15	0	.4086022	.2834417	.307956	0
460.15	0	.4085887	.2834774	.3079339	0
459.15	0	.4085752	.283513	.3079118	0
458.15	0	.4085615	.2835486	.3078899	0
457.15	0	.4085478	.2835842	.3078679	0
456.15	0	.4085341	.2836199	.307846	0
455.15	0	.4085203	.2836555	.3078242	0
454.15	0	.4085065	.2836911	.3078024	0
453.15	0	.4084926	.2837268	.3077807	0
452.15	0	.4084786	.2837624	.307759	0
451.15	0	.4084646	.283798	.3077374	0
450.15	0	.4084505	.2838336	.3077158	0
449.15	0	.4084365	.2838692	.3076943	0
448.15	0	.4084223	.2839047	.3076729	0
447.15	0	.4084082	.2839403	.3076515	0
446.15	0	.408394	.2839758	.3076302	0
445.15	0	.4083797	.2840113	.307609	0
444.15	0	.4083654	.2840468	.3075878	0
443.15	0	.4083511	.2840822	.3075667	0
442.15	0	.4083368	.2841176	.3075457	0
441.15	0	.4083224	.2841529	.3075247	0
440.15	0	.408308	.2841882	.3075038	0
439.15	0	.4082936	.2842235	.3074829	0
438.15	0	.4082792	.2842587	.3074622	0
437.15	0	.4082647	.2842938	.3074415	0
