T	 BPW(LIQUID)	BPW(BCC_A2)	BPW(FCC_A1)	BPW(LAVES_PHASE_C14)	BPW(NI3TI)
1473.15	.1286151	.7272237	0	.1441611	0
1472.15	.1235206	.7305295	0	.14595	0
1471.15	.1185239	.7337661	0	.14771	0
1470.15	.1136224	.7369355	0	.1494421	0
1469.15	.1088135	.7400395	0	.151147	0
1468.15	.1040946	.7430799	0	.1528256	0
1467.15	.0994632	.7460584	0	.1544785	0
1466.15	.09491706	.7489765	0	.1561064	0
1465.15	.09045383	.751836	0	.1577101	0
1464.15	.08607132	.7546384	0	.1592903	0
1463.15	.0817674	.7573851	0	.1608475	0
1462.15	.07753999	.7600776	0	.1623824	0
1461.15	.07338712	.7627173	0	.1638956	0
1460.15	.06930686	.7653055	0	.1653876	0
1459.15	.06529734	.7678435	0	.1668592	0
1458.15	.06135677	.7703326	0	.1683106	0
1457.15	.0574834	.772774	0	.1697426	0
1456.15	.05367554	.7751689	0	.1711555	0
1455.15	.04993157	.7775185	0	.17255	0
1454.15	.04624989	.7798237	0	.1739264	0
1453.15	.04262898	.7820858	0	.1752852	0
1452.15	.03906736	.7843058	0	.1766269	0
1451.15	.03556358	.7864846	0	.1779519	0
1450.15	.03211625	.7886232	0	.1792606	0
1449.15	.02872402	.7907226	0	.1805534	0
1448.15	.02538559	.7927837	0	.1818307	0
1447.15	.02209967	.7948075	0	.1830929	0
1446.15	.01886505	.7967947	0	.1843403	0
1445.15	.01568051	.7987462	0	.1855733	0
1444.15	.01254491	.8006628	0	.1867923	0
1443.15	.009457111	.8025453	0	.1879976	0
1442.15	.006416025	.8043945	0	.1891894	0
1441.15	.00342059	.8062112	0	.1903682	0
1440.15	4.697744E-04	.807996	0	.1915342	0
1439.989	0	.8082797	0	.1917203	0
1439.989	0	.8082797	0	.1917203	0
1439.15	0	.8077522	0	.1922478	0
1438.15	0	.8071251	0	.1928749	0
1437.15	0	.8064997	0	.1935003	0
1436.15	0	.8058758	0	.1941242	0
1435.15	0	.8052534	0	.1947466	0
1434.15	0	.8046326	0	.1953674	0
1433.15	0	.8040134	0	.1959866	0
1432.15	0	.8033957	0	.1966043	0
1431.15	0	.8027795	0	.1972205	0
1430.15	0	.8021649	0	.1978351	0
1429.15	0	.8015518	0	.1984482	0
1428.15	0	.8009401	0	.1990599	0
1427.15	0	.8003301	0	.1996699	0
1426.15	0	.7997215	0	.2002785	0
1425.15	0	.7991144	0	.2008856	0
1424.15	0	.7985088	0	.2014912	0
1423.15	0	.7979047	0	.2020953	0
1422.15	0	.7973021	0	.2026979	0
1421.15	0	.796701	0	.203299	0
1420.15	0	.7961013	0	.2038987	0
1419.15	0	.7955032	0	.2044969	0
1418.15	0	.7949064	0	.2050936	0
1417.15	0	.7943112	0	.2056888	0
1416.15	0	.7937174	0	.2062826	0
1415.15	0	.793125	0	.206875	0
1414.15	0	.7925341	0	.2074659	0
1413.15	0	.7919446	0	.2080554	0
1412.15	0	.7913566	0	.2086434	0
1411.15	0	.79077	0	.20923	0
1410.15	0	.7901848	0	.2098152	0
1409.15	0	.7896011	0	.2103989	0
1408.15	0	.7890187	0	.2109813	0
1407.15	0	.7884378	0	.2115622	0
1406.15	0	.7878583	0	.2121417	0
1405.15	0	.7872801	0	.2127199	0
1404.15	0	.7867034	0	.2132966	0
1403.15	0	.7861281	0	.2138719	0
1402.15	0	.7855541	0	.2144459	0
1401.15	0	.7849815	0	.2150185	0
1400.15	0	.7844103	0	.2155897	0
1399.15	0	.7838405	0	.2161595	0
1398.15	0	.783272	0	.216728	0
1397.15	0	.782705	0	.217295	0
1396.15	0	.7821392	0	.2178608	0
1395.15	0	.7815748	0	.2184252	0
1394.15	0	.7810118	0	.2189882	0
1393.15	0	.7804501	0	.2195499	0
1392.15	0	.7798897	0	.2201103	0
1391.15	0	.7793307	0	.2206693	0
1390.15	0	.778773	0	.221227	0
1389.15	0	.7782167	0	.2217833	0
1388.15	0	.7776616	0	.2223384	0
1387.15	0	.7771079	0	.2228921	0
1386.15	0	.7765555	0	.2234445	0
1385.15	0	.7760044	0	.2239956	0
1384.15	0	.7754546	0	.2245454	0
1383.15	0	.7749061	0	.2250939	0
1382.15	0	.7743589	0	.2256411	0
1381.15	0	.773813	0	.226187	0
1380.15	0	.7732684	0	.2267316	0
1379.15	0	.7727251	0	.2272749	0
1378.15	0	.772183	0	.227817	0
1377.15	0	.7716422	0	.2283578	0
1376.15	0	.7711027	0	.2288973	0
1375.15	0	.7705644	0	.2294356	0
1374.15	0	.7700274	0	.2299726	0
1373.15	0	.7694917	0	.2305083	0
1372.15	0	.7689572	0	.2310428	0
1371.15	0	.768424	0	.231576	0
1370.15	0	.767892	0	.232108	0
1369.15	0	.7673613	0	.2326387	0
1368.15	0	.7668318	0	.2331682	0
1367.15	0	.7663035	0	.2336965	0
1366.15	0	.7657764	0	.2342236	0
1365.15	0	.7652506	0	.2347494	0
1364.15	0	.764726	0	.235274	0
1363.15	0	.7642026	0	.2357974	0
1362.15	0	.7636805	0	.2363195	0
1361.15	0	.7631595	0	.2368405	0
1360.15	0	.7626397	0	.2373603	0
1359.15	0	.7621212	0	.2378788	0
1358.15	0	.7616038	0	.2383962	0
1357.15	0	.7610876	0	.2389124	0
1356.15	0	.7605727	0	.2394273	0
1355.15	0	.7600589	0	.2399411	0
1354.15	0	.7595463	0	.2404537	0
1353.15	0	.7590348	0	.2409652	0
1352.15	0	.7585246	0	.2414754	0
1351.15	0	.7580155	0	.2419845	0
1350.15	0	.7575076	0	.2424924	0
1349.15	0	.7570008	0	.2429992	0
1348.15	0	.7564952	0	.2435048	0
1347.15	0	.7559908	0	.2440092	0
1346.15	0	.7554875	0	.2445125	0
1345.15	0	.7549854	0	.2450146	0
1344.15	0	.7544844	0	.2455156	0
1343.15	0	.7539845	0	.2460155	0
1342.15	0	.7534858	0	.2465142	0
1341.15	0	.7529882	0	.2470118	0
1340.15	0	.7524918	0	.2475082	0
1339.15	0	.7519965	0	.2480035	0
1338.15	0	.7515023	0	.2484977	0
1337.15	0	.7510092	0	.2489908	0
1336.15	0	.7505172	0	.2494828	0
1335.15	0	.7500264	0	.2499736	0
1334.15	0	.7495366	0	.2504634	0
1333.15	0	.749048	0	.250952	0
1332.15	0	.7485605	0	.2514395	0
1331.15	0	.748074	0	.251926	0
1330.15	0	.7475887	0	.2524113	0
1329.15	0	.7471045	0	.2528956	0
1328.15	0	.7466213	0	.2533787	0
1327.15	0	.7461392	0	.2538608	0
1326.15	0	.7456582	0	.2543418	0
1325.15	0	.7451783	0	.2548217	0
1324.15	0	.7446995	0	.2553005	0
1323.15	0	.7442217	0	.2557783	0
1322.15	0	.743745	0	.256255	0
1321.15	0	.7432694	0	.2567306	0
1320.15	0	.7427949	0	.2572051	0
1319.15	0	.7423214	0	.2576787	0
1318.15	0	.7418489	0	.2581511	0
1317.15	0	.7413775	0	.2586225	0
1316.15	0	.7409072	0	.2590928	0
1315.15	0	.7404379	0	.2595621	0
1314.15	0	.7399696	0	.2600304	0
1313.15	0	.7395024	0	.2604976	0
1312.15	0	.7390362	0	.2609638	0
1311.15	0	.7385711	0	.2614289	0
1310.15	0	.738107	0	.261893	0
1309.15	0	.7376439	0	.2623561	0
1308.15	0	.7371818	0	.2628182	0
1307.15	0	.7367208	0	.2632792	0
1306.15	0	.7362608	0	.2637392	0
1305.15	0	.7358018	0	.2641982	0
1304.15	0	.7353438	0	.2646562	0
1303.15	0	.7348868	0	.2651132	0
1302.15	0	.7344308	0	.2655692	0
1301.15	0	.7339758	0	.2660242	0
1300.15	0	.7335219	0	.2664781	0
1299.15	0	.7330689	0	.2669311	0
1298.15	0	.7326169	0	.2673831	0
1297.15	0	.7321659	0	.2678341	0
1296.15	0	.7317159	0	.2682841	0
1295.15	0	.7312669	0	.2687331	0
1294.15	0	.7308189	0	.2691811	0
1293.15	0	.7303718	0	.2696282	0
1292.15	0	.7299258	0	.2700742	0
1291.15	0	.7294807	0	.2705193	0
1290.15	0	.7290365	0	.2709635	0
1289.15	0	.7285934	0	.2714066	0
1288.15	0	.7281512	0	.2718488	0
1287.15	0	.72771	0	.2722901	0
1286.15	0	.7272697	0	.2727303	0
1285.15	0	.7268304	0	.2731696	0
1284.15	0	.726392	0	.273608	0
1283.15	0	.7259546	0	.2740454	0
1282.15	0	.7255182	0	.2744819	0
1281.15	0	.7250826	0	.2749174	0
1280.15	0	.7246481	0	.2753519	0
1279.15	0	.7242145	0	.2757855	0
1278.15	0	.7237818	0	.2762182	0
1277.15	0	.72335	0	.27665	0
1276.15	0	.7229192	0	.2770808	0
1275.15	0	.7224893	0	.2775107	0
1274.15	0	.7220603	0	.2779397	0
1273.15	0	.7216323	0	.2783677	0
1272.15	0	.7212052	0	.2787948	0
1271.15	0	.720779	0	.279221	0
1270.15	0	.7203537	0	.2796463	0
1269.15	0	.7199294	0	.2800706	0
1268.15	0	.7195059	0	.2804941	0
1267.15	0	.7190834	0	.2809166	0
1266.15	0	.7186617	0	.2813383	0
1265.15	0	.718241	0	.281759	0
1264.15	0	.7178212	0	.2821788	0
1263.15	0	.7174023	0	.2825977	0
1262.15	0	.7169842	0	.2830158	0
1261.15	0	.7165671	0	.2834329	0
1260.15	0	.7161509	0	.2838491	0
1259.15	0	.7157355	0	.2842645	0
1258.15	0	.715321	0	.284679	0
1257.15	0	.7149074	0	.2850926	0
1256.15	0	.7144947	0	.2855053	0
1255.15	0	.7140829	0	.2859171	0
1254.15	0	.713672	0	.286328	0
1253.15	0	.7132619	0	.2867381	0
1252.15	0	.7128527	0	.2871473	0
1251.15	0	.7124444	0	.2875556	0
1250.15	0	.7120369	0	.2879631	0
1249.15	0	.7116303	0	.2883697	0
1248.15	0	.7112246	0	.2887754	0
1247.15	0	.7108197	0	.2891803	0
1246.15	0	.7104157	0	.2895843	0
1245.15	0	.7100126	0	.2899875	0
1244.15	0	.7096102	0	.2903898	0
1243.15	0	.7092088	0	.2907912	0
1242.15	0	.7088082	0	.2911918	0
1241.15	0	.7084084	0	.2915916	0
1240.15	0	.7080095	0	.2919905	0
1239.15	0	.7076114	0	.2923886	0
1238.15	0	.7072142	0	.2927858	0
1237.15	0	.7068178	0	.2931822	0
1236.15	0	.7064223	0	.2935777	0
1235.15	0	.7060275	0	.2939725	0
1234.15	0	.7056336	0	.2943664	0
1233.15	0	.7052406	0	.2947594	0
1232.15	0	.7048483	0	.2951517	0
1231.15	0	.7044569	0	.2955431	0
1230.15	0	.7040663	0	.2959337	0
1229.15	0	.7036765	0	.2963234	0
1228.15	0	.7032876	0	.2967124	0
1227.15	0	.7028995	0	.2971005	0
1226.15	0	.7025121	0	.2974879	0
1225.15	0	.7021256	0	.2978744	0
1224.15	0	.7017399	0	.2982601	0
1223.15	0	.701355	0	.298645	0
1222.15	0	.7009709	0	.2990291	0
1221.15	0	.7005876	0	.2994124	0
1220.15	0	.7002052	0	.2997949	0
1219.15	0	.6998235	0	.3001765	0
1218.15	0	.6994426	0	.3005574	0
1217.15	0	.6990625	0	.3009375	0
1216.15	0	.6986832	0	.3013168	0
1215.15	0	.6983046	0	.3016954	0
1214.15	0	.6979269	0	.3020731	0
1213.15	0	.69755	0	.30245	0
1212.15	0	.6971738	0	.3028262	0
1211.15	0	.6967985	0	.3032016	0
1210.15	0	.6964239	0	.3035761	0
1209.15	0	.69605	0	.30395	0
1208.15	0	.695677	0	.304323	0
1207.15	0	.6953048	0	.3046953	0
1206.15	0	.6949333	0	.3050667	0
1205.15	0	.6945625	0	.3054375	0
1204.15	0	.6941926	0	.3058074	0
1203.15	0	.6938234	0	.3061766	0
1202.15	0	.693455	0	.306545	0
1201.15	0	.6930873	0	.3069127	0
1200.15	0	.6927204	0	.3072796	0
1199.15	0	.6923543	0	.3076457	0
1198.15	0	.6919889	0	.3080111	0
1197.15	0	.6916243	0	.3083757	0
1196.15	0	.6912604	0	.3087396	0
1195.15	0	.6908973	0	.3091027	0
1194.15	0	.690535	0	.309465	0
1193.15	0	.6901733	0	.3098267	0
1192.15	0	.6898125	0	.3101875	0
1191.15	0	.6894524	0	.3105477	0
1190.15	0	.689093	0	.310907	0
1189.15	0	.6887343	0	.3112657	0
1188.15	0	.6883764	0	.3116236	0
1187.15	0	.6880192	0	.3119808	0
1186.15	0	.6876628	0	.3123372	0
1185.15	0	.6873071	0	.3126929	0
1184.15	0	.6869522	0	.3130479	0
1183.15	0	.6865979	0	.3134021	0
1182.15	0	.6862444	0	.3137556	0
1181.15	0	.6858916	0	.3141084	0
1180.15	0	.6855396	0	.3144604	0
1179.15	0	.6851882	0	.3148118	0
1178.15	0	.6848376	0	.3151624	0
1177.15	0	.6844877	0	.3155123	0
1176.15	0	.6841386	0	.3158614	0
1175.15	0	.6837901	0	.3162099	0
1174.15	0	.6834424	0	.3165576	0
1173.15	0	.6830953	0	.3169047	0
1172.15	0	.682749	0	.317251	0
1171.15	0	.6824034	0	.3175966	0
1170.15	0	.6820585	0	.3179415	0
1169.15	0	.6817143	0	.3182857	0
1168.15	0	.6813708	0	.3186292	0
1167.15	0	.681028	0	.318972	0
1166.15	0	.6806859	0	.3193141	0
1165.15	0	.6803446	0	.3196554	0
1164.15	0	.6800039	0	.3199961	0
1163.15	0	.6796639	0	.3203361	0
1162.15	0	.6793246	0	.3206754	0
1161.15	0	.678986	0	.321014	0
1160.15	0	.6786481	0	.3213519	0
1159.15	0	.6783109	0	.3216891	0
1158.15	0	.6779743	0	.3220257	0
1157.15	0	.6776385	0	.3223615	0
1156.15	0	.6773033	0	.3226967	0
1155.15	0	.6769689	0	.3230312	0
1154.15	0	.676635	0	.323365	0
1153.15	0	.6763019	0	.3236981	0
1152.15	0	.6759695	0	.3240305	0
1151.15	0	.6756377	0	.3243623	0
1150.15	0	.6753067	0	.3246933	0
1149.15	0	.6749763	0	.3250237	0
1148.15	0	.6746465	0	.3253535	0
1147.15	0	.6743175	0	.3256825	0
1146.15	0	.6739891	0	.3260109	0
1145.15	0	.6736614	0	.3263386	0
1144.15	0	.6733343	0	.3266657	0
1143.15	0	.6730079	0	.3269921	0
1142.15	0	.6726822	0	.3273178	0
1141.15	0	.6723571	0	.3276429	0
1140.15	0	.6720327	0	.3279673	0
1139.15	0	.671709	0	.328291	0
1138.15	0	.6713859	0	.3286141	0
1137.15	0	.6710635	0	.3289365	0
1136.15	0	.6707417	0	.3292583	0
1135.15	0	.6704206	0	.3295794	0
1134.15	0	.6701002	0	.3298999	0
1133.15	0	.6697803	0	.3302197	0
1132.15	0	.6694612	0	.3305388	0
1131.15	0	.6691427	0	.3308573	0
1130.15	0	.6688248	0	.3311752	0
1129.15	0	.6685076	0	.3314924	0
1128.15	0	.668191	0	.331809	0
1127.15	0	.6678751	0	.3321249	0
1126.15	0	.6675598	0	.3324402	0
1125.15	0	.6672451	0	.3327549	0
1124.15	0	.6669311	0	.3330689	0
1123.15	0	.6666178	0	.3333823	0
1122.15	0	.666305	0	.333695	0
1121.15	0	.6659929	0	.3340071	0
1120.15	0	.6656815	0	.3343186	0
1119.15	0	.6653706	0	.3346294	0
1118.15	0	.6650604	0	.3349396	0
1117.15	0	.6647508	0	.3352492	0
1116.15	0	.6644419	0	.3355581	0
1115.15	0	.6641336	0	.3358664	0
1114.15	0	.6638259	0	.3361741	0
1113.15	0	.6635188	0	.3364812	0
1112.15	0	.6632124	0	.3367876	0
1111.15	0	.6629065	0	.3370935	0
1110.15	0	.6626013	0	.3373987	0
1109.15	0	.6622967	0	.3377033	0
1108.15	0	.6619928	0	.3380072	0
1107.15	0	.6616894	0	.3383106	0
1106.15	0	.6613867	0	.3386133	0
1105.15	0	.6610846	0	.3389154	0
1104.15	0	.6607831	0	.3392169	0
1103.15	0	.6604822	0	.3395178	0
1102.15	0	.6601819	0	.3398181	0
1101.15	0	.6598822	0	.3401178	0
1100.15	0	.6595832	0	.3404168	0
1099.15	0	.6592847	0	.3407153	0
1098.15	0	.6589868	0	.3410132	0
1097.15	0	.6586896	0	.3413104	0
1096.15	0	.658393	0	.3416071	0
1095.15	0	.6580969	0	.3419031	0
1094.15	0	.6578015	0	.3421985	0
1093.15	0	.6575066	0	.3424934	0
1092.15	0	.6572124	0	.3427876	0
1091.15	0	.6569187	0	.3430813	0
1090.15	0	.6566257	0	.3433743	0
1089.15	0	.6563332	0	.3436668	0
1088.15	0	.6560414	0	.3439586	0
1087.15	0	.6557501	0	.3442499	0
1086.15	0	.6554595	0	.3445406	0
1085.15	0	.6551694	0	.3448306	0
1084.15	0	.6548799	0	.3451201	0
1083.15	0	.654591	0	.345409	0
1082.15	0	.6543026	0	.3456974	0
1081.15	0	.6540149	0	.3459851	0
1080.15	0	.6537278	0	.3462722	0
1079.15	0	.6534412	0	.3465588	0
1078.15	0	.6531553	0	.3468448	0
1077.15	0	.6528699	0	.3471302	0
1076.15	0	.652585	0	.347415	0
1075.15	0	.6523008	0	.3476992	0
1074.15	0	.6520172	0	.3479829	0
1073.15	0	.6517341	0	.3482659	0
1072.15	0	.6514516	0	.3485484	0
1071.15	0	.6511697	0	.3488304	0
1070.15	0	.6508883	0	.3491117	0
1069.15	0	.6506075	0	.3493925	0
1068.15	0	.6503273	0	.3496727	0
1067.15	0	.6500477	0	.3499523	0
1066.15	0	.6497686	0	.3502314	0
1065.15	0	.6494902	0	.3505099	0
1064.15	0	.6492122	0	.3507878	0
1063.15	0	.6489349	0	.3510651	0
1062.15	0	.6486581	0	.3513419	0
1061.15	0	.6483819	0	.3516181	0
1060.15	0	.6481062	0	.3518938	0
1059.15	0	.6478311	0	.3521689	0
1058.15	0	.6475566	0	.3524434	0
1057.15	0	.6472826	0	.3527174	0
1056.15	0	.6470092	0	.3529908	0
1055.15	0	.6467364	0	.3532636	0
1054.15	0	.6464641	0	.3535359	0
1053.15	0	.6461923	0	.3538077	0
1052.15	0	.6459212	0	.3540788	0
1051.15	0	.6456505	0	.3543495	0
1050.15	0	.6453805	0	.3546195	0
1049.15	0	.645111	0	.354889	0
1048.15	0	.644842	0	.355158	0
1047.15	0	.6445736	0	.3554264	0
1046.15	0	.6443058	0	.3556942	0
1045.15	0	.6440385	0	.3559616	0
1044.15	0	.6437717	0	.3562283	0
1043.15	0	.6435055	0	.3564945	0
1042.15	0	.6432398	0	.3567602	0
1041.15	0	.6429747	0	.3570253	0
1040.15	0	.6427102	0	.3572898	0
1039.15	0	.6424461	0	.3575539	0
1038.15	0	.6421827	0	.3578173	0
1037.15	0	.6419197	0	.3580803	0
1036.15	0	.6416574	0	.3583426	0
1035.15	0	.6413955	0	.3586045	0
1034.15	0	.6411342	0	.3588658	0
1033.15	0	.6408734	0	.3591266	0
1032.15	0	.6406132	0	.3593868	0
1031.15	0	.6403535	0	.3596465	0
1030.15	0	.6400944	0	.3599056	0
1029.15	0	.6398357	0	.3601643	0
1028.15	0	.6395777	0	.3604223	0
1027.15	0	.6393201	0	.3606799	0
1026.15	0	.6390631	0	.3609369	0
1025.15	0	.6388066	0	.3611934	0
1024.15	0	.6385507	0	.3614493	0
1023.15	0	.6382953	0	.3617047	0
1022.15	0	.6380404	0	.3619596	0
1021.15	0	.637786	0	.362214	0
1020.15	0	.6375322	0	.3624678	0
1019.15	0	.6372789	0	.3627211	0
1018.15	0	.6370261	0	.3629739	0
1017.15	0	.6367739	0	.3632261	0
1016.15	0	.6365222	0	.3634778	0
1015.15	0	.636271	0	.363729	0
1014.15	0	.6360203	0	.3639797	0
1013.15	0	.6357702	0	.3642298	0
1012.15	0	.6355206	0	.3644794	0
1011.15	0	.6352715	0	.3647285	0
1010.15	0	.6350229	0	.3649771	0
1009.15	0	.6347748	0	.3652252	0
1008.15	0	.6345273	0	.3654727	0
1007.15	0	.6342803	0	.3657197	0
1006.15	0	.6340338	0	.3659662	0
1005.15	0	.6337878	0	.3662122	0
1004.15	0	.6335424	0	.3664577	0
1003.15	0	.6332974	0	.3667026	0
1002.15	0	.633053	0	.366947	0
1001.15	0	.6328091	0	.3671909	0
1000.15	0	.6325657	0	.3674343	0
999.15	0	.6323228	0	.3676772	0
998.15	0	.6320804	0	.3679196	0
997.15	0	.6318385	0	.3681615	0
996.15	0	.6315972	0	.3684028	0
995.15	0	.6313563	0	.3686437	0
994.15	0	.631116	0	.368884	0
993.15	0	.6308762	0	.3691238	0
992.15	0	.6306369	0	.3693631	0
991.15	0	.6303981	0	.3696019	0
990.15	0	.6301598	0	.3698402	0
989.15	0	.629922	0	.370078	0
988.15	0	.6296847	0	.3703153	0
987.15	0	.6294479	0	.3705521	0
986.15	0	.6292117	0	.3707883	0
985.15	0	.6289759	0	.3710241	0
984.15	0	.6287406	0	.3712594	0
983.15	0	.6285059	0	.3714942	0
982.15	0	.6282716	0	.3717284	0
981.15	0	.6280378	0	.3719622	0
980.15	0	.6278046	0	.3721954	0
979.15	0	.6275718	0	.3724282	0
978.15	0	.6273396	0	.3726605	0
977.15	0	.6271078	0	.3728922	0
976.15	0	.6268765	0	.3731235	0
975.15	0	.6266458	0	.3733542	0
974.15	0	.6264155	0	.3735845	0
973.15	0	.6261857	0	.3738143	0
972.15	0	.6259564	0	.3740436	0
971.15	0	.6257277	0	.3742723	0
970.15	0	.6254994	0	.3745006	0
969.15	0	.6252716	0	.3747284	0
968.15	0	.6250443	0	.3749557	0
967.15	0	.6248175	0	.3751825	0
966.15	0	.6245912	0	.3754088	0
965.15	0	.6243654	0	.3756346	0
964.15	0	.62414	0	.37586	0
963.15	0	.6239152	0	.3760848	0
962.15	0	.6236909	0	.3763091	0
961.15	0	.623467	0	.376533	0
960.6216	0	.6233489	0	.3766511	0
960.6216	0	.6233489	0	.3766511	0
960.6216	0	.6233489	0	.3766511	0
960.15	0	.6230073	2.610658E-04	.3767317	0
959.15	0	.6222842	8.137429E-04	.376902	0
958.15	0	.6215632	.00136514	.3770717	0
957.15	0	.620844	.001915262	.3772407	0
956.15	0	.6201268	.002464118	.3774091	0
955.15	0	.6194115	.003011713	.3775768	0
954.15	0	.6186982	.003558054	.3777438	0
953.15	0	.6179868	.004103148	.3779101	0
952.15	0	.6172772	.004647003	.3780758	0
951.15	0	.6165696	.005189626	.3782407	0
950.15	0	.615864	.005731024	.378405	0
949.15	0	.6151602	.006271206	.3785686	0
948.15	0	.6144583	.006810179	.3787316	0
947.15	0	.6137583	.007347952	.3788938	0
946.15	0	.6130601	.007884533	.3790553	0
945.15	0	.6123639	.00841993	.3792162	0
944.15	0	.6116695	.008954152	.3793763	0
943.15	0	.610977	.009487209	.3795358	0
942.15	0	.6102864	.01001911	.3796945	0
941.15	0	.6095976	.01054986	.3798526	0
940.15	0	.6089106	.01107948	.3800099	0
939.15	0	.6082255	.01160797	.3801665	0
938.15	0	.6075422	.01213534	.3803224	0
937.15	0	.6068607	.01266161	.3804777	0
936.15	0	.6061811	.01318678	.3806321	0
935.15	0	.6055033	.01371086	.3807859	0
934.15	0	.6048272	.01423387	.3809389	0
933.15	0	.604153	.01475583	.3810912	0
932.15	0	.6034805	.01527673	.3812428	0
931.15	0	.6028098	.01579659	.3813936	0
930.15	0	.6021409	.01631543	.3815437	0
929.15	0	.6014737	.01683325	.381693	0
928.15	0	.6008083	.01735007	.3818416	0
927.15	0	.6001446	.01786591	.3819895	0
926.15	0	.5994826	.01838078	.3821366	0
925.15	0	.5988224	.01889469	.3822829	0
924.15	0	.5981639	.01940765	.3824285	0
923.15	0	.597507	.01991969	.3825733	0
922.15	0	.5968518	.02043081	.3827174	0
921.15	0	.5961983	.02094103	.3828606	0
920.15	0	.5955465	.02145038	.3830031	0
919.15	0	.5948963	.02195885	.3831448	0
918.15	0	.5942478	.02246648	.3832857	0
917.15	0	.5936009	.02297327	.3834259	0
916.15	0	.5929556	.02347925	.3835652	0
915.15	0	.5923119	.02398443	.3837037	0
914.15	0	.5916697	.02448884	.3838414	0
913.15	0	.5910292	.02499248	.3839783	0
912.15	0	.5903902	.02549539	.3841144	0
911.15	0	.5897527	.02599757	.3842497	0
910.15	0	.5891168	.02649906	.3843841	0
909.15	0	.5884824	.02699987	.3845177	0
908.15	0	.5878495	.02750002	.3846505	0
907.15	0	.587218	.02799953	.3847824	0
906.15	0	.586588	.02849843	.3849135	0
905.15	0	.5859595	.02899675	.3850438	0
904.15	0	.5853324	.02949449	.3851731	0
903.15	0	.5847067	.0299917	.3853016	0
902.15	0	.5840824	.03048839	.3854293	0
901.15	0	.5834594	.03098458	.385556	0
900.15	0	.5828378	.03148031	.3856819	0
899.15	0	.5822176	.0319756	.3858068	0
898.15	0	.5815986	.03247048	.3859309	0
897.15	0	.580981	.03296498	.3860541	0
896.15	0	.5803646	.03345912	.3861763	0
895.15	0	.5797494	.03395293	.3862977	0
894.15	0	.5791355	.03444646	.3864181	0
893.15	0	.5785228	.03493971	.3865375	0
892.15	0	.5779112	.03543274	.3866561	0
891.15	0	.5773008	.03592557	.3867736	0
890.15	0	.5766915	.03641823	.3868902	0
889.15	0	.5760834	.03691076	.3870059	0
888.15	0	.5754762	.03740319	.3871206	0
887.15	0	.5748702	.03789556	.3872343	0
886.15	0	.5742651	.03838791	.387347	0
885.15	0	.5736611	.03888027	.3874587	0
884.15	0	.573058	.03937269	.3875694	0
883.15	0	.5724558	.03986521	.387679	0
882.15	0	.5718545	.04035785	.3877877	0
881.15	0	.5712541	.04085068	.3878953	0
880.15	0	.5706545	.04134372	.3880018	0
879.15	0	.5700557	.04183703	.3881073	0
878.15	0	.5694576	.04233065	.3882117	0
877.15	0	.5688603	.04282463	.3883151	0
876.15	0	.5682637	.04331902	.3884173	0
875.15	0	.5676677	.04381386	.3885185	0
874.15	0	.5670723	.0443092	.3886185	0
873.15	0	.5664775	.04480511	.3887174	0
872.15	0	.5658832	.04530163	.3888152	0
871.15	0	.5652894	.04579881	.3889118	0
870.15	0	.564696	.04629672	.3890073	0
869.15	0	.5641031	.04679541	.3891015	0
868.15	0	.5635104	.04729495	.3891946	0
867.15	0	.5629181	.04779539	.3892865	0
866.15	0	.5623261	.0482968	.3893772	0
865.15	0	.5617342	.04879925	.3894666	0
864.15	0	.5611425	.0493028	.3895547	0
863.15	0	.5605508	.04980752	.3896417	0
862.15	0	.5599593	.05031348	.3897273	0
861.15	0	.5593676	.05082077	.3898116	0
860.15	0	.558776	.05132945	.3898946	0
859.15	0	.5581841	.0518396	.3899763	0
858.15	0	.5575921	.05235131	.3900566	0
857.15	0	.5569998	.05286466	.3901356	0
856.15	0	.5564071	.05337974	.3902131	0
855.15	0	.5558141	.05389664	.3902893	0
854.15	0	.5552206	.05441544	.390364	0
853.15	0	.5546265	.05493625	.3904373	0
852.15	0	.5540318	.05545917	.3905091	0
851.15	0	.5534363	.0559843	.3905794	0
850.15	0	.5528401	.05651174	.3906481	0
849.15	0	.552243	.05704161	.3907154	0
848.15	0	.551645	.05757403	.390781	0
847.15	0	.5510458	.05810911	.3908451	0
846.15	0	.5504455	.05864697	.3909075	0
845.15	0	.549844	.05918775	.3909683	0
844.15	0	.549241	.05973157	.3910274	0
843.15	0	.5486367	.06027859	.3910848	0
842.15	0	.5480307	.06082894	.3911404	0
841.15	0	.547423	.06138278	.3911942	0
840.15	0	.5468135	.06194026	.3912463	0
839.15	0	.546202	.06250155	.3912964	0
838.15	0	.5455885	.06306683	.3913447	0
837.15	0	.5449727	.06363626	.3913911	0
836.15	0	.5443545	.06421005	.3914355	0
835.15	0	.5437338	.06478839	.3914778	0
834.15	0	.5431104	.06537148	.3915181	0
833.15	0	.5424842	.06595956	.3915563	0
832.15	0	.5418549	.06655283	.3915923	0
831.15	0	.5412224	.06715155	.3916261	0
830.15	0	.5405864	.06775597	.3916576	0
829.15	0	.5399468	.06836636	.3916868	0
828.15	0	.5393034	.068983	.3917136	0
827.15	0	.5386559	.06960618	.3917379	0
826.15	0	.5380041	.07023623	.3917597	0
825.15	0	.5373476	.07087348	.3917789	0
824.15	0	.5366863	.07151829	.3917954	0
823.15	0	.5360199	.07217103	.3918091	0
822.15	0	.5353479	.07283212	.39182	0
821.15	0	.5346701	.07350197	.3918279	0
820.15	0	.5339862	.07418105	.3918328	0
819.15	0	.5332957	.07486985	.3918344	0
818.15	0	.5325983	.0755689	.3918328	0
817.15	0	.5318934	.07627877	.3918278	0
816.15	0	.5311807	.07700007	.3918193	0
815.15	0	.5304595	.07773346	.391807	0
814.15	0	.5297294	.07847966	.3917909	0
813.15	0	.5289898	.07923944	.3917708	0
812.15	0	.5282399	.08001364	.3917465	0
811.15	0	.5274791	.08080319	.3917177	0
810.15	0	.5267065	.0816091	.3916844	0
809.15	0	.5259214	.08243247	.3916461	0
808.15	0	.5251227	.08327452	.3916028	0
807.15	0	.5243094	.08413662	.3915539	0
806.15	0	.5234804	.08502025	.3914994	0
805.15	0	.522235	.0864078	.3913572	0
804.15	0	.5208632	.08795255	.3911842	0
803.15	0	.5195555	.08942515	.3910194	0
802.15	0	.5183067	.09083129	.390862	0
801.15	0	.5171124	.09217601	.3907116	0
800.15	0	.5159686	.09346386	.3905675	0
799.15	0	.5148717	.09469889	.3904294	0
798.15	0	.5138185	.09588477	.3902968	0
797.15	0	.5128059	.09702481	.3901693	0
796.15	0	.5118315	.09812201	.3900465	0
795.15	0	.5108926	.09917909	.3899283	0
794.15	0	.5099873	.1001985	.3898142	0
793.15	0	.5091133	.1011826	.3897041	0
792.15	0	.508269	.1021334	.3895976	0
791.15	0	.5074526	.1030529	.3894945	0
790.15	0	.5066625	.1039427	.3893948	0
789.15	0	.5058974	.1048046	.389298	0
788.15	0	.5051559	.1056399	.3892042	0
787.15	0	.5044368	.1064502	.3891131	0
786.15	0	.5037389	.1072366	.3890245	0
785.15	0	.5030623	.1079996	.3889381	0
784.15	0	.5024038	.1087419	.3888543	0
783.15	0	.5017635	.1094638	.3887727	0
782.15	0	.5011406	.1101662	.3886931	0
781.15	0	.5005345	.11085	.3886155	0
780.15	0	.4999442	.111516	.3885398	0
779.15	0	.4993691	.1121651	.3884658	0
778.15	0	.4988086	.1127979	.3883935	0
777.15	0	.4982619	.1134153	.3883228	0
776.15	0	.4977286	.1140177	.3882537	0
775.15	0	.4972081	.114606	.388186	0
774.15	0	.4966998	.1151806	.3881196	0
773.15	0	.4962033	.1157421	.3880546	0
772.15	0	.4957181	.116291	.3879909	0
771.15	0	.4952438	.1168278	.3879284	0
770.15	0	.4947799	.1173531	.387867	0
769.15	0	.4943261	.1178671	.3878067	0
768.15	0	.493882	.1183705	.3877475	0
767.15	0	.4934473	.1188634	.3876893	0
766.15	0	.4930215	.1193464	.3876321	0
765.15	0	.4926044	.1198199	.3875757	0
764.15	0	.4921957	.120284	.3875203	0
763.15	0	.4917951	.1207392	.3874657	0
762.15	0	.4914023	.1211858	.387412	0
761.15	0	.491017	.121624	.387359	0
760.15	0	.490639	.1220542	.3873068	0
759.15	0	.4902681	.1224766	.3872553	0
758.15	0	.489904	.1228916	.3872044	0
757.15	0	.4895465	.1232992	.3871543	0
756.15	0	.4891954	.1236998	.3871048	0
755.15	0	.4888505	.1240936	.3870559	0
754.15	0	.4885117	.1244807	.3870076	0
753.15	0	.4881786	.1248615	.3869598	0
752.15	0	.4878512	.1252362	.3869127	0
751.15	0	.4875293	.1256048	.386866	0
750.15	0	.4872126	.1259675	.3868198	0
749.15	0	.4869012	.1263247	.3867742	0
748.15	0	.4865947	.1266763	.386729	0
747.15	0	.4862931	.1270227	.3866842	0
746.15	0	.4859962	.1273639	.3866399	0
745.15	0	.485704	.1277001	.386596	0
744.15	0	.4854162	.1280314	.3865525	0
743.15	0	.4851327	.1283579	.3865094	0
742.15	0	.4848534	.1286799	.3864667	0
741.15	0	.4845783	.1289974	.3864243	0
740.15	0	.4843072	.1293106	.3863823	0
739.15	0	.4840399	.1296195	.3863406	0
738.15	0	.4837765	.1299243	.3862992	0
737.15	0	.4835167	.1302251	.3862582	0
736.15	0	.4832606	.130522	.3862174	0
735.15	0	.4830079	.1308151	.386177	0
734.15	0	.4827587	.1311045	.3861368	0
733.15	0	.4825128	.1313903	.3860969	0
732.15	0	.4822701	.1316726	.3860573	0
731.15	0	.4820307	.1319515	.3860179	0
730.15	0	.4817943	.132227	.3859787	0
729.15	0	.4815609	.1324993	.3859398	0
728.15	0	.4813305	.1327684	.3859011	0
727.15	0	.4811029	.1330344	.3858627	0
726.15	0	.4808782	.1332974	.3858244	0
725.15	0	.4806562	.1335574	.3857864	0
724.15	0	.4804369	.1338146	.3857485	0
723.15	0	.4802202	.1340689	.3857109	0
722.15	0	.4800061	.1343205	.3856734	0
721.15	0	.4797944	.1345695	.3856361	0
720.15	0	.4795852	.1348158	.385599	0
719.15	0	.4793784	.1350595	.385562	0
718.15	0	.479174	.1353008	.3855252	0
717.15	0	.4789718	.1355396	.3854886	0
716.15	0	.4787719	.135776	.3854521	0
715.15	0	.4785741	.1360101	.3854158	0
714.15	0	.4783785	.1362419	.3853796	0
713.15	0	.478185	.1364715	.3853435	0
712.15	0	.4779936	.1366989	.3853075	0
711.15	0	.4778041	.1369241	.3852717	0
710.15	0	.4776167	.1371473	.385236	0
709.15	0	.4774311	.1373684	.3852005	0
708.15	0	.4772475	.1375875	.385165	0
707.15	0	.4770657	.1378046	.3851297	0
706.15	0	.4768857	.1380198	.3850944	0
705.15	0	.4767076	.1382332	.3850593	0
704.15	0	.4765311	.1384447	.3850242	0
703.15	0	.4763564	.1386543	.3849893	0
702.15	0	.4761833	.1388622	.3849544	0
701.15	0	.4760119	.1390684	.3849197	0
700.15	0	.4758421	.1392729	.384885	0
699.15	0	.4756739	.1394757	.3848504	0
698.15	0	.4755073	.1396768	.3848159	0
697.15	0	.4753422	.1398764	.3847815	0
696.15	0	.4751785	.1400743	.3847471	0
695.15	0	.4750164	.1402708	.3847128	0
694.15	0	.4748557	.1404657	.3846786	0
693.15	0	.4746964	.1406591	.3846445	0
692.15	0	.4745385	.1408511	.3846104	0
691.15	0	.474382	.1410416	.3845764	0
690.15	0	.4742268	.1412308	.3845424	0
689.15	0	.4740729	.1414185	.3845086	0
688.15	0	.4739204	.1416049	.3844747	0
687.15	0	.4737691	.14179	.3844409	0
686.15	0	.473619	.1419738	.3844072	0
685.15	0	.4734702	.1421563	.3843735	0
684.15	0	.4733226	.1423375	.3843399	0
683.15	0	.4731762	.1425174	.3843063	0
682.15	0	.473031	.1426962	.3842728	0
681.15	0	.4728869	.1428738	.3842393	0
680.15	0	.472744	.1430501	.3842059	0
679.15	0	.4726021	.1432254	.3841725	0
678.15	0	.4724614	.1433995	.3841391	0
677.15	0	.4723217	.1435724	.3841058	0
676.15	0	.4721832	.1437443	.3840726	0
675.15	0	.4720456	.1439151	.3840393	0
674.15	0	.4719091	.1440848	.3840061	0
673.15	0	.4717736	.1442535	.3839729	0
672.15	0	.4716391	.1444211	.3839398	0
671.15	0	.4715056	.1445877	.3839067	0
670.15	0	.471373	.1447534	.3838736	0
669.15	0	.4712414	.144918	.3838406	0
668.15	0	.4711108	.1450817	.3838076	0
667.15	0	.470981	.1452444	.3837746	0
666.15	0	.4708522	.1454062	.3837416	0
665.15	0	.4707243	.145567	.3837087	0
664.15	0	.4705972	.145727	.3836758	0
663.15	0	.4704711	.145886	.3836429	0
662.15	0	.4703457	.1460442	.3836101	0
661.15	0	.4702213	.1462015	.3835773	0
660.15	0	.4700977	.1463579	.3835444	0
659.15	0	.4699749	.1465135	.3835116	0
658.15	0	.4698529	.1466683	.3834789	0
657.15	0	.4697317	.1468222	.3834461	0
656.15	0	.4696113	.1469753	.3834134	0
655.15	0	.4694916	.1471276	.3833807	0
654.15	0	.4693728	.1472792	.383348	0
653.15	0	.4692547	.1474299	.3833154	0
652.15	0	.4691374	.1475799	.3832827	0
651.15	0	.4690207	.1477292	.3832501	0
650.15	0	.4689049	.1478776	.3832175	0
649.15	0	.4687897	.1480254	.3831849	0
648.15	0	.4686753	.1481724	.3831523	0
647.15	0	.4685615	.1483187	.3831197	0
646.15	0	.4684485	.1484643	.3830872	0
645.15	0	.4683361	.1486092	.3830547	0
644.15	0	.4682244	.1487535	.3830221	0
643.15	0	.4681134	.148897	.3829896	0
642.15	0	.468003	.1490399	.3829572	0
641.15	0	.4678933	.149182	.3829247	0
640.15	0	.4677842	.1493236	.3828922	0
639.15	0	.4676758	.1494645	.3828598	0
638.15	0	.467568	.1496047	.3828273	0
637.15	0	.4674608	.1497443	.3827949	0
636.15	0	.4673542	.1498833	.3827625	0
635.15	0	.4672482	.1500217	.3827301	0
634.15	0	.4671428	.1501595	.3826977	0
633.15	0	.467038	.1502966	.3826654	0
632.15	0	.4669338	.1504332	.382633	0
631.15	0	.4668302	.1505692	.3826006	0
630.15	0	.4667271	.1507046	.3825683	0
629.15	0	.4666246	.1508394	.382536	0
628.15	0	.4665227	.1509736	.3825037	0
627.15	0	.4664213	.1511073	.3824714	0
626.15	0	.4663205	.1512404	.3824391	0
625.15	0	.4662202	.151373	.3824068	0
624.15	0	.4661204	.151505	.3823746	0
623.15	0	.4660212	.1516365	.3823423	0
622.15	0	.4659225	.1517675	.3823101	0
621.15	0	.4658243	.1518979	.3822778	0
620.15	0	.4657266	.1520278	.3822456	0
619.15	0	.4656295	.1521571	.3822134	0
618.15	0	.4655328	.152286	.3821812	0
617.15	0	.4654366	.1524144	.382149	0
616.15	0	.4653409	.1525422	.3821169	0
615.15	0	.4652457	.1526696	.3820847	0
614.15	0	.465151	.1527964	.3820526	0
613.15	0	.4650568	.1529228	.3820204	0
612.15	0	.464963	.1530487	.3819883	0
611.15	0	.4648697	.1531741	.3819562	0
610.15	0	.4647769	.153299	.3819241	0
609.15	0	.4646845	.1534235	.381892	0
608.15	0	.4645926	.1535474	.38186	0
607.15	0	.4645011	.153671	.3818279	0
606.15	0	.4644101	.153794	.3817959	0
605.15	0	.4643195	.1539166	.3817638	0
604.15	0	.4642294	.1540388	.3817318	0
603.15	0	.4641397	.1541605	.3816998	0
602.15	0	.4640504	.1542818	.3816678	0
601.15	0	.4639615	.1544026	.3816358	0
600.15	0	.4638731	.154523	.3816039	0
599.15	0	.4637851	.154643	.3815719	0
598.15	0	.4636975	.1547625	.38154	0
597.15	0	.4636103	.1548816	.3815081	0
596.15	0	.4635235	.1550003	.3814762	0
595.15	0	.4634371	.1551186	.3814443	0
594.15	0	.4633512	.1552364	.3814124	0
593.15	0	.4632656	.1553539	.3813805	0
592.15	0	.4631804	.1554709	.3813487	0
591.15	0	.4630956	.1555875	.3813169	0
590.15	0	.4630112	.1557038	.3812851	0
589.15	0	.4629272	.1558196	.3812533	0
588.15	0	.4628435	.155935	.3812215	0
587.15	0	.4627603	.15605	.3811897	0
586.15	0	.4626774	.1561646	.381158	0
585.15	0	.4625949	.1562789	.3811262	0
584.15	0	.4625127	.1563927	.3810946	0
583.15	0	.4624309	.1565062	.3810629	0
582.15	0	.4623495	.1566193	.3810312	0
581.15	0	.4622685	.156732	.3809995	0
580.15	0	.4621878	.1568443	.3809679	0
579.15	0	.4621074	.1569563	.3809363	0
578.15	0	.4620274	.1570679	.3809047	0
577.15	0	.4619478	.1571791	.3808731	0
576.15	0	.4618685	.15729	.3808416	0
575.15	0	.4617895	.1574005	.38081	0
574.15	0	.4617109	.1575106	.3807785	0
573.15	0	.4616326	.1576203	.380747	0
572.15	0	.4615547	.1577297	.3807156	0
571.15	0	.4614771	.1578388	.3806841	0
570.15	0	.4613999	.1579475	.3806527	0
569.15	0	.4613229	.1580558	.3806213	0
568.15	0	.4612463	.1581638	.3805899	0
567.15	0	.46117	.1582714	.3805585	0
566.15	0	.4610941	.1583787	.3805272	0
565.15	0	.4610185	.1584857	.3804959	0
564.15	0	.4609431	.1585923	.3804646	0
563.15	0	.4608682	.1586985	.3804333	0
562.15	0	.4607935	.1588044	.3804021	0
561.15	0	.4607191	.15891	.3803709	0
560.15	0	.460645	.1590153	.3803397	0
559.15	0	.4605713	.1591202	.3803085	0
558.15	0	.4604979	.1592247	.3802774	0
557.15	0	.4604247	.159329	.3802463	0
556.15	0	.4603519	.1594329	.3802152	0
555.15	0	.4602794	.1595365	.3801842	0
554.15	0	.4602071	.1596397	.3801531	0
553.15	0	.4601352	.1597427	.3801221	0
552.15	0	.4600636	.1598453	.3800912	0
551.15	0	.4599922	.1599475	.3800602	0
550.15	0	.4599212	.1600495	.3800293	0
549.15	0	.4598504	.1601511	.3799984	0
548.15	0	.45978	.1602524	.3799676	0
547.15	0	.4597098	.1603534	.3799368	0
546.15	0	.4596399	.1604541	.379906	0
545.15	0	.4595703	.1605545	.3798752	0
544.15	0	.459501	.1606545	.3798445	0
543.15	0	.4594319	.1607543	.3798138	0
542.15	0	.4593632	.1608537	.3797831	0
541.15	0	.4592947	.1609528	.3797525	0
540.15	0	.4592265	.1610516	.3797219	0
539.15	0	.4591585	.1611501	.3796914	0
538.15	0	.4590909	.1612483	.3796608	0
537.15	0	.4590235	.1613462	.3796303	0
536.15	0	.4589564	.1614437	.3795999	0
535.15	0	.4588895	.161541	.3795695	0
534.15	0	.458823	.161638	.3795391	0
533.15	0	.4587567	.1617346	.3795087	0
532.15	0	.4586906	.161831	.3794784	0
531.15	0	.4586249	.161927	.3794481	0
530.15	0	.4585593	.1620228	.3794179	0
529.15	0	.4584942	.1621182	.3793876	0
528.15	0	.4584292	.1622134	.3793574	0
527.15	0	.4583645	.1623082	.3793273	0
526.15	0	.4583	.1624028	.3792972	0
525.15	0	.4582358	.1624971	.3792672	0
524.15	0	.4581718	.162591	.3792372	0
523.15	0	.4581081	.1626847	.3792072	0
522.15	0	.4580446	.1627781	.3791773	0
521.15	0	.4579814	.1628712	.3791474	0
520.15	0	.4579185	.162964	.3791176	0
519.15	0	.4578558	.1630565	.3790878	0
518.15	0	.4577934	.1631487	.379058	0
517.15	0	.4577312	.1632406	.3790283	0
516.15	0	.4576692	.1633322	.3789986	0
515.15	0	.4576075	.1634236	.378969	0
514.15	0	.457546	.1635146	.3789394	0
513.15	0	.4574848	.1636054	.3789098	0
512.15	0	.4574238	.1636959	.3788803	0
511.15	0	.4573631	.163786	.3788509	0
510.15	0	.4573026	.1638759	.3788215	0
509.15	0	.4572423	.1639656	.3787921	0
508.15	0	.4571823	.1640549	.3787628	0
507.15	0	.4571225	.1641439	.3787335	0
506.15	0	.457063	.1642327	.3787043	0
505.15	0	.4570037	.1643212	.3786751	0
504.15	0	.4569446	.1644094	.378646	0
503.15	0	.4568858	.1644973	.378617	0
502.15	0	.4568272	.1645849	.3785879	0
501.15	0	.4567688	.1646723	.3785589	0
500.15	0	.4567106	.1647593	.37853	0
499.15	0	.4566527	.1648461	.3785011	0
498.15	0	.4565951	.1649326	.3784723	0
497.15	0	.4565376	.1650189	.3784435	0
496.15	0	.4564804	.1651048	.3784148	0
495.15	0	.4564234	.1651905	.3783862	0
494.15	0	.4563666	.1652759	.3783575	0
493.15	0	.4563101	.165361	.378329	0
492.15	0	.4562537	.1654458	.3783005	0
491.15	0	.4561976	.1655304	.378272	0
490.15	0	.4561418	.1656146	.3782436	0
489.15	0	.4560861	.1656986	.3782153	0
488.15	0	.4560307	.1657824	.378187	0
487.15	0	.4559755	.1658658	.3781587	0
486.15	0	.4559205	.165949	.3781305	0
485.15	0	.4558657	.1660319	.3781024	0
484.15	0	.4558112	.1661145	.3780743	0
483.15	0	.4557568	.1661969	.3780463	0
482.15	0	.4557027	.1662789	.3780184	0
481.15	0	.4556488	.1663607	.3779905	0
480.15	0	.4555951	.1664423	.3779626	0
479.15	0	.4555417	.1665235	.3779348	0
478.15	0	.4554884	.1666045	.3779071	0
477.15	0	.4554354	.1666852	.3778795	0
476.15	0	.4553825	.1667656	.3778519	0
475.15	0	.4553299	.1668458	.3778243	0
474.15	0	.4552775	.1669257	.3777968	0
473.15	0	.4552253	.1670053	.3777694	0
472.15	0	.4551733	.1670846	.3777421	0
471.15	0	.4551216	.1671637	.3777148	0
470.15	0	.45507	.1672425	.3776875	0
469.15	0	.4550186	.167321	.3776604	0
468.15	0	.4549675	.1673993	.3776332	0
467.15	0	.4549166	.1674773	.3776062	0
466.15	0	.4548658	.167555	.3775792	0
465.15	0	.4548153	.1676324	.3775523	0
464.15	0	.454765	.1677096	.3775255	0
463.15	0	.4547149	.1677865	.3774987	0
462.15	0	.4546649	.1678631	.3774719	0
461.15	0	.4546152	.1679395	.3774453	0
460.15	0	.4545657	.1680156	.3774187	0
459.15	0	.4545164	.1680914	.3773922	0
458.15	0	.4544673	.168167	.3773657	0
457.15	0	.4544184	.1682423	.3773393	0
456.15	0	.4543697	.1683173	.377313	0
455.15	0	.4543212	.168392	.3772868	0
454.15	0	.4542729	.1684665	.3772606	0
453.15	0	.4542248	.1685407	.3772345	0
452.15	0	.4541769	.1686147	.3772084	0
451.15	0	.4541292	.1686884	.3771824	0
450.15	0	.4540817	.1687618	.3771565	0
449.15	0	.4540344	.1688349	.3771307	0
448.15	0	.4539873	.1689077	.377105	0
447.15	0	.4539404	.1689803	.3770793	0
446.15	0	.4538938	.1690526	.3770537	0
445.15	0	.4538473	.1691245	.3770282	0
444.15	0	.453801	.1691962	.3770027	0
443.15	0	.453755	.1692677	.3769774	0
442.15	0	.4537091	.1693388	.3769521	0
441.15	0	.4536635	.1694096	.3769269	0
440.15	0	.4536181	.1694801	.3769018	0
439.15	0	.4535729	.1695504	.3768767	0
438.15	0	.4535279	.1696203	.3768518	0
437.15	0	.4534831	.1696899	.376827	0
436.15	0	.4534386	.1697592	.3768022	0
435.15	0	.4533943	.1698282	.3767775	0
434.15	0	.4533502	.1698969	.3767529	0
433.15	0	.4533063	.1699653	.3767285	0
432.15	0	.4532626	.1700333	.3767041	0
431.15	0	.4532192	.1701011	.3766798	0
430.15	0	.453176	.1701685	.3766556	0
429.15	0	.453133	.1702356	.3766314	0
428.15	0	.4530902	.1703023	.3766074	0
427.15	0	.4530477	.1703688	.3765835	0
426.15	0	.4530054	.1704349	.3765597	0
425.15	0	.4529633	.1705007	.376536	0
424.15	0	.4529215	.1705662	.3765124	0
423.15	0	.4528798	.1706313	.3764889	0
422.15	0	.4528384	.1706961	.3764655	0
421.15	0	.4527972	.1707606	.3764422	0
420.15	0	.4527563	.1708248	.3764189	0
419.15	0	.4527156	.1708886	.3763958	0
418.15	0	.4526751	.1709521	.3763728	0
417.15	0	.4526348	.1710153	.3763499	0
416.15	0	.4525947	.1710781	.3763271	0
415.15	0	.4525549	.1711406	.3763045	0
414.15	0	.4525153	.1712028	.3762819	0
413.15	0	.4524759	.1712647	.3762594	0
412.15	0	.4524368	.1713262	.376237	0
411.15	0	.4523978	.1713874	.3762148	0
410.15	0	.4523591	.1714483	.3761926	0
409.15	0	.4523206	.1715088	.3761705	0
408.15	0	.4522824	.1715691	.3761486	0
407.15	0	.4522443	.171629	.3761267	0
406.15	0	.4522065	.1716885	.376105	0
405.15	0	.4521689	.1717478	.3760834	0
404.15	0	.4521314	.1718067	.3760618	0
403.15	0	.4520943	.1718653	.3760404	0
402.15	0	.4520573	.1719236	.3760191	0
401.15	0	.4520205	.1719816	.3759979	0
400.15	0	.451984	.1720393	.3759768	0
399.15	0	.4519476	.1720966	.3759558	0
398.15	0	.4519115	.1721536	.3759349	0
397.15	0	.4518756	.1722103	.3759141	0
396.15	0	.4518398	.1722667	.3758934	0
395.15	0	.4518043	.1723228	.3758729	0
394.15	0	.451769	.1723786	.3758524	0
393.15	0	.4517339	.1724341	.3758321	0
392.15	0	.451699	.1724892	.3758118	0
391.15	0	.4516643	.1725441	.3757916	0
390.15	0	.4516298	.1725986	.3757716	0
389.15	0	.4515954	.1726529	.3757516	0
388.15	0	.4515613	.1727069	.3757318	0
387.15	0	.4515274	.1727605	.3757121	0
386.15	0	.4514937	.1728139	.3756925	0
385.15	0	.4514601	.172867	.3756729	0
384.15	0	.4514267	.1729197	.3756535	0
383.15	0	.4513936	.1729722	.3756342	0
382.15	0	.4513606	.1730244	.375615	0
381.15	0	.4513278	.1730764	.3755959	0
380.15	0	.4512952	.173128	.3755768	0
379.15	0	.4512627	.1731793	.3755579	0
378.15	0	.4512305	.1732304	.3755391	0
377.15	0	.4511984	.1732812	.3755204	0
376.15	0	.4511665	.1733317	.3755018	0
375.15	0	.4511348	.1733819	.3754833	0
374.15	0	.4511032	.1734319	.3754649	0
373.15	0	.4510718	.1734816	.3754466	0
372.15	0	.4510406	.173531	.3754284	0
371.15	0	.4510096	.1735802	.3754102	0
370.15	0	.4509787	.1736291	.3753922	0
369.15	0	.450948	.1736777	.3753743	0
368.15	0	.4509174	.1737261	.3753565	0
367.15	0	.450887	.1737742	.3753388	0
366.15	0	.4508568	.1738221	.3753211	0
365.15	0	.4508267	.1738697	.3753036	0
364.15	0	.4507968	.1739171	.3752861	0
363.15	0	.450767	.1739642	.3752688	0
362.15	0	.4507374	.1740111	.3752516	0
361.15	0	.4507079	.1740577	.3752344	0
360.15	0	.4506786	.1741041	.3752174	0
359.15	0	.4506494	.1741502	.3752004	0
358.15	0	.4506204	.1741961	.3751835	0
357.15	0	.4505915	.1742418	.3751667	0
356.15	0	.4505628	.1742872	.37515	0
355.15	0	.4505342	.1743324	.3751334	0
354.15	0	.4505057	.1743774	.3751169	0
353.15	0	.4504774	.1744221	.3751005	0
352.15	0	.4504492	.1744667	.3750842	0
351.15	0	.4504211	.1745109	.3750679	0
350.15	0	.4503932	.174555	.3750518	0
