T	 BPW(LIQUID)	BPW(BCC_A2)	BPW(FCC_A1)	BPW(LAVES_PHASE_C14)	BPW(NI3TI)
1473.15	.7187244	.2035913	0	.0776843	0
1472.15	.710183	.2093383	0	.08047877	0
1471.15	.7017918	.2149816	0	.08322661	0
1470.15	.6935469	.220524	0	.08592904	0
1469.15	.6854448	.225968	0	.08858723	0
1468.15	.6774817	.231316	0	.09120234	0
1467.15	.6696541	.2365704	0	.09377546	0
1466.15	.6619588	.2417335	0	.09630765	0
1465.15	.6543925	.2468076	0	.09879995	0
1464.15	.6469519	.2517948	0	.1012534	0
1463.15	.6396341	.2566971	0	.1036688	0
1462.15	.6324361	.2615166	0	.1060473	0
1461.15	.625355	.2662553	0	.1083897	0
1460.15	.6183881	.2709151	0	.1106969	0
1459.15	.6115326	.2754977	0	.1129697	0
1458.15	.604786	.2800051	0	.1152089	0
1457.15	.5981458	.2844388	0	.1174154	0
1456.15	.5916095	.2888006	0	.1195899	0
1455.15	.5851747	.2930922	0	.1217332	0
1454.15	.5788391	.297315	0	.1238459	0
1453.15	.5726005	.3014707	0	.1259289	0
1452.15	.5664567	.3055607	0	.1279827	0
1451.15	.5604056	.3095864	0	.130008	0
1450.15	.5544452	.3135493	0	.1320056	0
1449.15	.5485734	.3174507	0	.1339759	0
1448.15	.5427884	.3212919	0	.1359196	0
1447.15	.5370883	.3250743	0	.1378374	0
1446.15	.5314713	.3287991	0	.1397297	0
1445.15	.5259355	.3324674	0	.1415971	0
1444.15	.5204793	.3360806	0	.1434402	0
1443.15	.5151009	.3396397	0	.1452594	0
1442.15	.5097988	.3431458	0	.1470554	0
1441.15	.5045714	.3466	0	.1488285	0
1440.15	.4994172	.3500035	0	.1505793	0
1439.15	.4943345	.3533572	0	.1523083	0
1438.15	.4893221	.3566621	0	.1540158	0
1437.15	.4843784	.3599192	0	.1557024	0
1436.15	.479502	.3631295	0	.1573685	0
1435.15	.4746917	.3662939	0	.1590144	0
1434.956	.4737676	.3669015	0	.1593309	0
1434.956	.4737676	.3669015	0	.1593309	0
1434.956	.4737676	.3669015	0	.1593309	0
1434.15	.4623005	.3589254	.01585125	.1629229	0
1433.15	.4482746	.3492748	.03516119	.1672894	0
1432.15	.434459	.3398842	.05409587	.1715609	0
1431.15	.4208471	.330746	.07266666	.1757403	0
1430.15	.4074325	.3218528	.09088447	.1798303	0
1429.15	.394209	.3131975	.1087598	.1838336	0
1428.15	.381171	.3047735	.1263028	.1877528	0
1427.15	.3683125	.2965741	.1435231	.1915903	0
1426.15	.3556283	.2885932	.16043	.1953485	0
1425.15	.343113	.2808248	.1770326	.1990296	0
1424.15	.3307616	.2732631	.1933395	.2026358	0
1423.15	.3185691	.2659024	.2093591	.2061693	0
1422.15	.3065308	.2587376	.2250994	.2096321	0
1421.15	.2946422	.2517634	.2405682	.2130262	0
1420.15	.2828989	.2449749	.2557728	.2163533	0
1419.15	.2712966	.2383673	.2707206	.2196155	0
1418.15	.2598311	.231936	.2854185	.2228144	0
1417.15	.2484986	.2256766	.2998731	.2259518	0
1416.15	.2372951	.2195847	.314091	.2290292	0
1415.15	.226217	.2136563	.3280784	.2320484	0
1414.15	.2152606	.2078874	.3418413	.2350107	0
1413.15	.2044225	.2022741	.3553857	.2379178	0
1412.15	.1936993	.1968127	.3687171	.240771	0
1411.15	.1830877	.1914997	.3818409	.2435717	0
1410.15	.1725847	.1863315	.3947626	.2463213	0
1409.15	.162187	.1813049	.407487	.249021	0
1408.15	.1518919	.1764166	.4200193	.2516722	0
1407.15	.1416963	.1716635	.4323642	.2542761	0
1406.15	.1315976	.1670425	.4445262	.2568337	0
1405.15	.1215929	.1625508	.4565099	.2593463	0
1404.15	.1116798	.1581855	.4683197	.261815	0
1403.15	.1018556	.1539439	.4799596	.2642408	0
1402.15	.09211791	.1498234	.4914339	.2666248	0
1401.15	.08246431	.1458214	.5027463	.268968	0
1400.15	.07289248	.1419353	.5139008	.2712714	0
1399.15	.06340018	.1381629	.5249011	.2735358	0
1398.15	.05398521	.1345017	.5357508	.2757623	0
1397.15	.04464544	.1309496	.5464533	.2779517	0
1396.15	.0353788	.1275044	.557012	.2801049	0
1395.15	.0261833	.1241638	.5674303	.2822226	0
1394.15	.01705698	.1209259	.5777113	.2843059	0
1393.15	.007997928	.1177887	.5878581	.2863553	0
1392.261	0	.1150829	.5967677	.2881494	0
1392.261	0	.1150829	.5967677	.2881494	0
1392.15	0	.1148879	.5969197	.2881924	0
1391.15	0	.1131347	.5982866	.2885787	0
1390.15	0	.1113859	.5996503	.2889638	0
1389.15	0	.1096416	.6010108	.2893476	0
1388.15	0	.1079016	.6023682	.2897303	0
1387.15	0	.106166	.6037224	.2901116	0
1386.15	0	.1044347	.6050735	.2904918	0
1385.15	0	.1027078	.6064214	.2908708	0
1384.15	0	.1009852	.6077663	.2912485	0
1383.15	0	.09926699	.609108	.291625	0
1382.15	0	.09755303	.6104466	.2920004	0
1381.15	0	.09584337	.6117821	.2923746	0
1380.15	0	.09413798	.6131145	.2927475	0
1379.15	0	.09243686	.6144438	.2931193	0
1378.15	0	.09073997	.6157701	.2934899	0
1377.15	0	.08904732	.6170933	.2938594	0
1376.15	0	.08735889	.6184134	.2942277	0
1375.15	0	.08567467	.6197305	.2945949	0
1374.15	0	.08399463	.6210445	.2949608	0
1373.15	0	.08231878	.6223555	.2953257	0
1372.15	0	.08064709	.6236635	.2956894	0
1371.15	0	.07897955	.6249684	.296052	0
1370.15	0	.07731615	.6262704	.2964135	0
1369.15	0	.07565687	.6275693	.2967739	0
1368.15	0	.07400171	.6288652	.2971331	0
1367.15	0	.07235065	.6301581	.2974912	0
1366.15	0	.07070367	.6314481	.2978483	0
1365.15	0	.06906077	.632735	.2982042	0
1364.15	0	.06742193	.634019	.298559	0
1363.15	0	.06578714	.6353001	.2989128	0
1362.15	0	.0641564	.6365781	.2992655	0
1361.15	0	.06252967	.6378532	.2996171	0
1360.15	0	.06090696	.6391254	.2999677	0
1359.15	0	.05928826	.6403946	.3003171	0
1358.15	0	.05767354	.6416609	.3006656	0
1357.15	0	.05606281	.6429243	.3010129	0
1356.15	0	.05445604	.6441847	.3013593	0
1355.15	0	.05285323	.6454422	.3017046	0
1354.15	0	.05125436	.6466968	.3020488	0
1353.15	0	.04965943	.6479485	.302392	0
1352.15	0	.04806842	.6491974	.3027342	0
1351.15	0	.04648132	.6504433	.3030754	0
1350.15	0	.04489813	.6516863	.3034156	0
1349.15	0	.04331882	.6529264	.3037547	0
1348.15	0	.0417434	.6541637	.3040929	0
1347.15	0	.04017184	.6553981	.3044301	0
1346.15	0	.03860415	.6566296	.3047662	0
1345.15	0	.03704031	.6578583	.3051014	0
1344.15	0	.0354803	.6590841	.3054356	0
1343.15	0	.03392412	.6603071	.3057688	0
1342.15	0	.03237177	.6615272	.306101	0
1341.15	0	.03082322	.6627445	.3064323	0
1340.15	0	.02927847	.6639589	.3067626	0
1339.15	0	.02773752	.6651706	.3070919	0
1338.15	0	.02620034	.6663793	.3074203	0
1337.15	0	.02466694	.6675853	.3077478	0
1336.15	0	.0231373	.6687884	.3080743	0
1335.15	0	.02161141	.6699888	.3083998	0
1334.15	0	.02008927	.6711863	.3087244	0
1333.15	0	.01857086	.672381	.3090481	0
1332.15	0	.01705618	.6735729	.3093709	0
1331.15	0	.01554522	.674762	.3096927	0
1330.15	0	.01403797	.6759484	.3100137	0
1329.15	0	.01253442	.6771319	.3103337	0
1328.15	0	.01103456	.6783126	.3106528	0
1327.15	0	.009538389	.6794906	.310971	0
1326.15	0	.008045894	.6806658	.3112883	0
1325.15	0	.006557069	.6818382	.3116047	0
1324.15	0	.005071906	.6830078	.3119203	0
1323.15	0	.003590396	.6841747	.3122349	0
1322.15	0	.002112531	.6853388	.3125487	0
1321.15	0	6.383059E-04	.6865001	.3128616	0
1320.716	0	0	.687003	.312997	0
1320.716	0	0	.687003	.312997	0
1320.15	0	0	.6868578	.3131422	0
1319.15	0	0	.6866016	.3133984	0
1318.15	0	0	.6863459	.3136542	0
1317.15	0	0	.6860905	.3139095	0
1316.15	0	0	.6858356	.3141644	0
1315.15	0	0	.685581	.314419	0
1314.15	0	0	.6853269	.3146731	0
1313.15	0	0	.6850732	.3149268	0
1312.15	0	0	.6848198	.3151802	0
1311.15	0	0	.6845669	.3154331	0
1310.15	0	0	.6843144	.3156856	0
1309.15	0	0	.6840623	.3159378	0
1308.15	0	0	.6838105	.3161895	0
1307.15	0	0	.6835592	.3164408	0
1306.15	0	0	.6833082	.3166918	0
1305.15	0	0	.6830577	.3169423	0
1304.15	0	0	.6828076	.3171925	0
1303.15	0	0	.6825578	.3174422	0
1302.15	0	0	.6823084	.3176916	0
1301.15	0	0	.6820595	.3179406	0
1300.15	0	0	.6818109	.3181891	0
1299.15	0	0	.6815627	.3184373	0
1298.15	0	0	.6813149	.3186851	0
1297.15	0	0	.6810675	.3189325	0
1296.15	0	0	.6808204	.3191796	0
1295.15	0	0	.6805738	.3194262	0
1294.15	0	0	.6803275	.3196725	0
1293.15	0	0	.6800816	.3199184	0
1292.15	0	0	.6798362	.3201639	0
1291.15	0	0	.679591	.320409	0
1290.15	0	0	.6793463	.3206537	0
1289.15	0	0	.679102	.320898	0
1288.15	0	0	.678858	.321142	0
1287.15	0	0	.6786144	.3213856	0
1286.15	0	0	.6783712	.3216288	0
1285.15	0	0	.6781284	.3218717	0
1284.15	0	0	.6778859	.3221141	0
1283.15	0	0	.6776438	.3223562	0
1282.15	0	0	.6774021	.3225979	0
1281.15	0	0	.6771608	.3228393	0
1280.15	0	0	.6769198	.3230802	0
1279.15	0	0	.6766792	.3233208	0
1278.15	0	0	.676439	.323561	0
1277.15	0	0	.6761991	.3238009	0
1276.15	0	0	.6759596	.3240404	0
1275.15	0	0	.6757205	.3242795	0
1274.15	0	0	.6754818	.3245182	0
1273.15	0	0	.6752434	.3247566	0
1272.15	0	0	.6750054	.3249946	0
1271.15	0	0	.6747677	.3252323	0
1270.15	0	0	.6745304	.3254696	0
1269.15	0	0	.6742935	.3257065	0
1268.15	0	0	.6740569	.3259431	0
1267.15	0	0	.6738207	.3261793	0
1266.15	0	0	.6735849	.3264151	0
1265.15	0	0	.6733494	.3266506	0
1264.15	0	0	.6731143	.3268857	0
1263.15	0	0	.6728795	.3271205	0
1262.15	0	0	.6726451	.3273549	0
1261.15	0	0	.6724111	.3275889	0
1260.15	0	0	.6721774	.3278227	0
1259.15	0	0	.671944	.328056	0
1258.15	0	0	.671711	.328289	0
1257.15	0	0	.6714784	.3285216	0
1256.15	0	0	.6712461	.3287539	0
1255.15	0	0	.6710142	.3289858	0
1254.15	0	0	.6707826	.3292174	0
1253.15	0	0	.6705514	.3294487	0
1252.15	0	0	.6703205	.3296795	0
1251.15	0	0	.6700899	.3299101	0
1250.15	0	0	.6698598	.3301403	0
1249.15	0	0	.6696299	.3303701	0
1248.15	0	0	.6694004	.3305996	0
1247.15	0	0	.6691713	.3308287	0
1246.15	0	0	.6689425	.3310575	0
1245.15	0	0	.668714	.331286	0
1244.15	0	0	.6684859	.3315141	0
1243.15	0	0	.6682581	.3317419	0
1242.15	0	0	.6680307	.3319693	0
1241.15	0	0	.6678036	.3321964	0
1240.15	0	0	.6675768	.3324232	0
1239.15	0	0	.6673504	.3326496	0
1238.15	0	0	.6671243	.3328757	0
1237.15	0	0	.6668986	.3331014	0
1236.15	0	0	.6666732	.3333268	0
1235.15	0	0	.6664481	.3335519	0
1234.15	0	0	.6662234	.3337766	0
1233.15	0	0	.665999	.334001	0
1232.15	0	0	.6657749	.3342251	0
1231.15	0	0	.6655512	.3344488	0
1230.15	0	0	.6653278	.3346722	0
1229.15	0	0	.6651047	.3348953	0
1228.15	0	0	.664882	.335118	0
1227.15	0	0	.6646596	.3353404	0
1226.15	0	0	.6644375	.3355625	0
1225.15	0	0	.6642157	.3357843	0
1224.15	0	0	.6639943	.3360057	0
1223.15	0	0	.6637732	.3362268	0
1222.15	0	0	.6635524	.3364476	0
1221.15	0	0	.663332	.336668	0
1220.15	0	0	.6631119	.3368881	0
1219.15	0	0	.6628921	.3371079	0
1218.15	0	0	.6626726	.3373274	0
1217.15	0	0	.6624535	.3375465	0
1216.15	0	0	.6622346	.3377654	0
1215.15	0	0	.6620161	.3379839	0
1214.15	0	0	.6617979	.3382021	0
1213.15	0	0	.6615801	.3384199	0
1212.15	0	0	.6613625	.3386375	0
1211.15	0	0	.6611453	.3388547	0
1210.15	0	0	.6609284	.3390716	0
1209.15	0	0	.6607118	.3392882	0
1208.15	0	0	.6604955	.3395045	0
1207.15	0	0	.6602796	.3397205	0
1206.15	0	0	.6600639	.3399361	0
1205.15	0	0	.6598486	.3401514	0
1204.15	0	0	.6596336	.3403665	0
1203.15	0	0	.6594188	.3405812	0
1202.15	0	0	.6592045	.3407956	0
1201.15	0	0	.6589904	.3410096	0
1200.15	0	0	.6587766	.3412234	0
1199.15	0	0	.6585631	.3414369	0
1198.15	0	0	.65835	.34165	0
1197.15	0	0	.6581371	.3418629	0
1196.15	0	0	.6579246	.3420754	0
1195.15	0	0	.6577124	.3422876	0
1194.15	0	0	.6575005	.3424996	0
1193.15	0	0	.6572888	.3427112	0
1192.15	0	0	.6570775	.3429225	0
1191.15	0	0	.6568665	.3431335	0
1190.15	0	0	.6566558	.3433442	0
1189.15	0	0	.6564454	.3435546	0
1188.15	0	0	.6562353	.3437647	0
1187.15	0	0	.6560255	.3439745	0
1186.15	0	0	.655816	.344184	0
1185.15	0	0	.6556069	.3443931	0
1184.15	0	0	.655398	.344602	0
1183.15	0	0	.6551894	.3448106	0
1182.15	0	0	.6549811	.3450189	0
1181.15	0	0	.6547731	.3452269	0
1180.15	0	0	.6545654	.3454346	0
1179.15	0	0	.654358	.345642	0
1178.15	0	0	.6541509	.3458491	0
1177.15	0	0	.6539441	.3460559	0
1176.15	0	0	.6537376	.3462624	0
1175.15	0	0	.6535314	.3464686	0
1174.15	0	0	.6533255	.3466745	0
1173.15	0	0	.6531198	.3468802	0
1172.15	0	0	.6529145	.3470855	0
1171.15	0	0	.6527095	.3472905	0
1170.15	0	0	.6525047	.3474953	0
1169.15	0	0	.6523003	.3476997	0
1168.15	0	0	.6520961	.3479039	0
1167.15	0	0	.6518922	.3481078	0
1166.15	0	0	.6516886	.3483114	0
1165.15	0	0	.6514853	.3485147	0
1164.15	0	0	.6512823	.3487177	0
1163.15	0	0	.6510796	.3489204	0
1162.15	0	0	.6508772	.3491229	0
1161.15	0	0	.650675	.349325	0
1160.15	0	0	.6504731	.3495269	0
1159.15	0	0	.6502716	.3497284	0
1158.15	0	0	.6500703	.3499297	0
1157.15	0	0	.6498693	.3501308	0
1156.15	0	0	.6496685	.3503315	0
1155.15	0	0	.6494681	.3505319	0
1154.15	0	0	.6492679	.3507321	0
1153.15	0	0	.649068	.350932	0
1152.15	0	0	.6488684	.3511316	0
1151.15	0	0	.6486691	.3513309	0
1150.15	0	0	.6484701	.3515299	0
1149.15	0	0	.6482713	.3517287	0
1148.15	0	0	.6480728	.3519272	0
1147.15	0	0	.6478746	.3521254	0
1146.15	0	0	.6476767	.3523233	0
1145.15	0	0	.6474791	.3525209	0
1144.15	0	0	.6472817	.3527183	0
1143.15	0	0	.6470846	.3529154	0
1142.15	0	0	.6468878	.3531122	0
1141.15	0	0	.6466912	.3533088	0
1140.15	0	0	.6464949	.3535051	0
1139.15	0	0	.6462989	.3537011	0
1138.15	0	0	.6461032	.3538968	0
1137.15	0	0	.6459078	.3540922	0
1136.15	0	0	.6457126	.3542874	0
1135.15	0	0	.6455177	.3544823	0
1134.15	0	0	.6453231	.3546769	0
1133.15	0	0	.6451287	.3548713	0
1132.15	0	0	.6449346	.3550654	0
1131.15	0	0	.6447408	.3552592	0
1130.15	0	0	.6445472	.3554528	0
1129.15	0	0	.6443539	.3556461	0
1128.15	0	0	.6441609	.3558391	0
1127.15	0	0	.6439681	.3560319	0
1126.15	0	0	.6437757	.3562243	0
1125.15	0	0	.6435834	.3564166	0
1124.15	0	0	.6433915	.3566085	0
1123.15	0	0	.6431998	.3568002	0
1122.15	0	0	.6430084	.3569916	0
1121.15	0	0	.6428172	.3571828	0
1120.15	0	0	.6426263	.3573737	0
1119.15	0	0	.6424357	.3575643	0
1118.15	0	0	.6422453	.3577547	0
1117.15	0	0	.6420552	.3579448	0
1116.15	0	0	.6418654	.3581346	0
1115.15	0	0	.6416758	.3583242	0
1114.15	0	0	.6414865	.3585135	0
1113.15	0	0	.6412974	.3587026	0
1112.15	0	0	.6411086	.3588914	0
1111.15	0	0	.6409201	.3590799	0
1110.15	0	0	.6407318	.3592682	0
1109.15	0	0	.6405438	.3594562	0
1108.15	0	0	.640356	.359644	0
1107.15	0	0	.6401685	.3598315	0
1106.15	0	0	.6399812	.3600188	0
1105.15	0	0	.6397942	.3602058	0
1104.15	0	0	.6396075	.3603925	0
1103.15	0	0	.639421	.360579	0
1102.15	0	0	.6392348	.3607652	0
1101.15	0	0	.6390488	.3609512	0
1100.15	0	0	.6388631	.3611369	0
1099.15	0	0	.6386776	.3613224	0
1098.15	0	0	.6384924	.3615076	0
1097.15	0	0	.6383075	.3616925	0
1096.15	0	0	.6381228	.3618772	0
1095.15	0	0	.6379383	.3620617	0
1094.15	0	0	.6377541	.3622459	0
1093.15	0	0	.6375702	.3624299	0
1092.15	0	0	.6373864	.3626136	0
1091.15	0	0	.637203	.362797	0
1090.15	0	0	.6370198	.3629802	0
1089.15	0	0	.6368368	.3631632	0
1088.15	0	0	.6366541	.3633459	0
1087.15	0	0	.6364717	.3635283	0
1086.15	0	0	.6362895	.3637105	0
1085.15	0	0	.6361075	.3638925	0
1084.15	0	0	.6359258	.3640742	0
1083.15	0	0	.6357443	.3642557	0
1082.15	0	0	.6355631	.3644369	0
1081.15	0	0	.6353821	.3646179	0
1080.15	0	0	.6352014	.3647986	0
1079.15	0	0	.6350209	.3649791	0
1078.15	0	0	.6348407	.3651593	0
1077.15	0	0	.6346607	.3653393	0
1076.15	0	0	.6344809	.3655191	0
1075.15	0	0	.6343014	.3656986	0
1074.15	0	0	.6341222	.3658778	0
1073.15	0	0	.6339431	.3660569	0
1072.15	0	0	.6337644	.3662356	0
1071.15	0	0	.6335858	.3664142	0
1070.15	0	0	.6334075	.3665925	0
1069.15	0	0	.6332295	.3667705	0
1068.15	0	0	.6330516	.3669484	0
1067.15	0	0	.6328741	.3671259	0
1066.15	0	0	.6326967	.3673033	0
1065.15	0	0	.6325196	.3674804	0
1064.15	0	0	.6323428	.3676572	0
1063.15	0	0	.6321661	.3678339	0
1062.15	0	0	.6319898	.3680102	0
1061.15	0	0	.6318136	.3681864	0
1060.15	0	0	.6316377	.3683623	0
1059.15	0	0	.631462	.368538	0
1058.15	0	0	.6312866	.3687134	0
1057.15	0	0	.6311114	.3688886	0
1056.15	0	0	.6309364	.3690636	0
1055.15	0	0	.6307617	.3692383	0
1054.15	0	0	.6305872	.3694128	0
1053.15	0	0	.6304129	.3695871	0
1052.15	0	0	.6302389	.3697611	0
1051.15	0	0	.6300651	.3699349	0
1050.15	0	0	.6298916	.3701084	0
1049.15	0	0	.6297182	.3702818	0
1048.15	0	0	.6295452	.3704549	0
1047.15	0	0	.6293723	.3706277	0
1046.15	0	0	.6291997	.3708003	0
1045.15	0	0	.6290273	.3709727	0
1044.15	0	0	.6288551	.3711449	0
1043.15	0	0	.6286832	.3713168	0
1042.15	0	0	.6285115	.3714885	0
1041.15	0	0	.62834	.37166	0
1040.15	0	0	.6281687	.3718313	0
1039.15	0	0	.6279977	.3720023	0
1038.15	0	0	.6278269	.3721731	0
1037.15	0	0	.6276564	.3723436	0
1036.15	0	0	.6274861	.372514	0
1035.15	0	0	.627316	.372684	0
1034.15	0	0	.6271461	.3728539	0
1033.15	0	0	.6269764	.3730236	0
1032.15	0	0	.626807	.373193	0
1031.15	0	0	.6266378	.3733622	0
1030.15	0	0	.6264689	.3735311	0
1029.15	0	0	.6263001	.3736999	0
1028.15	0	0	.6261316	.3738684	0
1027.15	0	0	.6259633	.3740367	0
1026.15	0	0	.6257953	.3742047	0
1025.15	0	0	.6256274	.3743726	0
1024.15	0	0	.6254598	.3745402	0
1023.15	0	0	.6252924	.3747076	0
1022.15	0	0	.6251252	.3748748	0
1021.15	0	0	.6249583	.3750417	0
1020.15	0	0	.6247916	.3752084	0
1019.15	0	0	.6246251	.3753749	0
1018.15	0	0	.6244588	.3755412	0
1017.15	0	0	.6242928	.3757072	0
1016.15	0	0	.6241269	.3758731	0
1015.15	0	0	.6239613	.3760387	0
1014.15	0	0	.623796	.376204	0
1013.15	0	0	.6236308	.3763692	0
1012.15	0	0	.6234659	.3765342	0
1011.15	0	0	.6233011	.3766989	0
1010.15	0	0	.6231366	.3768634	0
1009.15	0	0	.6229723	.3770277	0
1008.15	0	0	.6228083	.3771917	0
1007.15	0	0	.6226444	.3773556	0
1006.15	0	0	.6224808	.3775192	0
1005.15	0	0	.6223174	.3776826	0
1004.15	0	0	.6221542	.3778458	0
1003.15	0	0	.6219913	.3780088	0
1002.15	0	0	.6218285	.3781715	0
1001.15	0	0	.621666	.378334	0
1000.15	0	0	.6215037	.3784964	0
999.15	0	0	.6213416	.3786585	0
998.15	0	0	.6211797	.3788203	0
997.15	0	0	.621018	.378982	0
996.15	0	0	.6208566	.3791435	0
995.15	0	0	.6206953	.3793047	0
994.15	0	0	.6205343	.3794657	0
993.15	0	0	.6203735	.3796265	0
992.15	0	0	.6202129	.3797871	0
991.15	0	0	.6200525	.3799475	0
990.15	0	0	.6198924	.3801076	0
989.15	0	0	.6197324	.3802676	0
988.15	0	0	.6195727	.3804273	0
987.15	0	0	.6194132	.3805868	0
986.15	0	0	.6192539	.3807461	0
985.15	0	0	.6190948	.3809052	0
984.15	0	0	.618936	.381064	0
983.15	0	0	.6187773	.3812227	0
982.15	0	0	.6186188	.3813812	0
981.15	0	0	.6184606	.3815394	0
980.15	0	0	.6183026	.3816974	0
979.15	0	0	.6181448	.3818552	0
978.15	0	0	.6179872	.3820128	0
977.15	0	0	.6178298	.3821702	0
976.15	0	0	.6176726	.3823274	0
975.15	0	0	.6175157	.3824843	0
974.15	0	0	.6173589	.3826411	0
973.15	0	0	.6172024	.3827976	0
972.15	0	0	.617046	.382954	0
971.15	0	0	.6168899	.3831101	0
970.15	0	0	.616734	.383266	0
969.15	0	0	.6165783	.3834217	0
968.15	0	0	.6164228	.3835772	0
967.15	0	0	.6162675	.3837325	0
966.15	0	0	.6161125	.3838875	0
965.15	0	0	.6159576	.3840424	0
964.15	0	0	.6158029	.3841971	0
963.15	0	0	.6156485	.3843515	0
962.15	0	0	.6154943	.3845057	0
961.15	0	0	.6153402	.3846598	0
960.15	0	0	.6151864	.3848136	0
959.15	0	0	.6150328	.3849672	0
958.15	0	0	.6148794	.3851206	0
957.15	0	0	.6147262	.3852738	0
956.15	0	0	.6145732	.3854268	0
955.15	0	0	.6144204	.3855796	0
954.15	0	0	.6142679	.3857321	0
953.15	0	0	.6141155	.3858845	0
952.15	0	0	.6139633	.3860367	0
951.15	0	0	.6138114	.3861886	0
950.15	0	0	.6136596	.3863404	0
949.15	0	0	.6135081	.3864919	0
948.15	0	0	.6133568	.3866432	0
947.15	0	0	.6132056	.3867944	0
946.15	0	0	.6130547	.3869453	0
945.15	0	0	.612904	.387096	0
944.15	0	0	.6127535	.3872465	0
943.15	0	0	.6126032	.3873968	0
942.15	0	0	.6124531	.3875469	0
941.15	0	0	.6123032	.3876968	0
940.15	0	0	.6121535	.3878465	0
939.15	0	0	.612004	.387996	0
938.15	0	0	.6118547	.3881453	0
937.15	0	0	.6117056	.3882944	0
936.15	0	0	.6115568	.3884432	0
935.15	0	0	.6114081	.3885919	0
934.15	0	0	.6112596	.3887404	0
933.15	0	0	.6111114	.3888886	0
932.15	0	0	.6109633	.3890367	0
931.15	0	0	.6108154	.3891846	0
930.15	0	0	.6106678	.3893322	0
929.15	0	0	.6105203	.3894797	0
928.15	0	0	.6103731	.3896269	0
927.15	0	0	.6102261	.389774	0
926.15	0	0	.6100792	.3899208	0
925.15	0	0	.6099326	.3900674	0
924.15	0	0	.6097861	.3902139	0
923.15	0	0	.6096399	.3903601	0
922.15	0	0	.6094939	.3905061	0
921.15	0	0	.6093481	.390652	0
920.15	0	0	.6092024	.3907976	0
919.15	0	0	.609057	.390943	0
918.15	0	0	.6089118	.3910882	0
917.15	0	0	.6087668	.3912332	0
916.15	0	0	.608622	.3913781	0
915.15	0	0	.6084773	.3915227	0
914.15	0	0	.6083329	.3916671	0
913.15	0	0	.6081887	.3918113	0
912.15	0	0	.6080447	.3919553	0
911.15	0	0	.6079009	.3920991	0
910.15	0	0	.6077573	.3922427	0
909.15	0	0	.6076139	.3923861	0
908.15	0	0	.6074707	.3925293	0
907.15	0	0	.6073277	.3926723	0
906.8327	0	0	.6072823	.3927177	0
906.8327	0	0	.6072823	.3927177	0
906.8327	0	0	.6072823	.3927177	0
906.15	0	.002255171	.6050175	.3927273	0
905.15	0	.005552978	.6017071	.3927399	0
904.15	0	.00884333	.5984059	.3927508	0
903.15	0	.01212551	.5951146	.3927599	0
902.15	0	.01539882	.5918339	.3927673	0
901.15	0	.01866261	.5885645	.3927729	0
900.15	0	.02191622	.5853069	.3927769	0
899.15	0	.02515905	.5820618	.3927791	0
898.15	0	.0283905	.5788298	.3927797	0
897.15	0	.03161001	.5756114	.3927786	0
896.15	0	.03481703	.5724072	.3927758	0
895.15	0	.03801102	.5692176	.3927714	0
894.15	0	.04119148	.5660432	.3927653	0
893.15	0	.04435792	.5628845	.3927576	0
892.15	0	.04750987	.5597418	.3927483	0
891.15	0	.05064687	.5566157	.3927374	0
890.15	0	.0537685	.5535066	.3927249	0
889.15	0	.05687433	.5504149	.3927108	0
888.15	0	.05996395	.5473409	.3926951	0
887.15	0	.06303699	.5442851	.3926779	0
886.15	0	.06609307	.5412477	.3926592	0
885.15	0	.06913182	.5382292	.3926389	0
884.15	0	.07215292	.5352299	.3926172	0
883.15	0	.07515603	.5322501	.3925939	0
882.15	0	.07814083	.52929	.3925692	0
881.15	0	.08110702	.52635	.392543	0
880.15	0	.08405432	.5234304	.3925153	0
879.15	0	.08698245	.5205313	.3924863	0
878.15	0	.08989115	.5176531	.3924558	0
877.15	0	.09278016	.514796	.3924239	0
876.15	0	.09564926	.5119601	.3923906	0
875.15	0	.0984982	.5091458	.392356	0
874.15	0	.1013268	.5063531	.3923201	0
873.15	0	.1041348	.5035824	.3922828	0
872.15	0	.1069221	.5008337	.3922442	0
871.15	0	.1096884	.4981072	.3922044	0
870.15	0	.1124337	.4954031	.3921633	0
869.15	0	.1151577	.4927214	.3921209	0
868.15	0	.1178602	.4900624	.3920773	0
867.15	0	.1205413	.4874262	.3920325	0
866.15	0	.1232007	.4848128	.3919866	0
865.15	0	.1258383	.4822223	.3919394	0
864.15	0	.128454	.4796548	.3918912	0
863.15	0	.1310478	.4771104	.3918418	0
862.15	0	.1336195	.4745892	.3917913	0
861.15	0	.1361691	.4720912	.3917397	0
860.15	0	.1386966	.4696163	.3916871	0
859.15	0	.1412018	.4671648	.3916334	0
858.15	0	.1436847	.4647366	.3915787	0
857.15	0	.1461453	.4623316	.3915231	0
856.15	0	.1485837	.4599499	.3914664	0
855.15	0	.1509996	.4575915	.3914088	0
854.15	0	.1533933	.4552564	.3913503	0
853.15	0	.1557646	.4529446	.3912909	0
852.15	0	.1581136	.4506559	.3912306	0
851.15	0	.1604402	.4483904	.3911694	0
850.15	0	.1627447	.446148	.3911074	0
849.15	0	.1650269	.4439286	.3910445	0
848.15	0	.1672869	.4417322	.3909809	0
847.15	0	.1695249	.4395587	.3909164	0
846.15	0	.1717408	.437408	.3908512	0
845.15	0	.1739347	.43528	.3907853	0
844.15	0	.1761067	.4331747	.3907186	0
843.15	0	.1782569	.4310918	.3906513	0
842.15	0	.1803855	.4290313	.3905832	0
841.15	0	.1824924	.4269931	.3905145	0
840.15	0	.1845778	.4249771	.3904452	0
839.15	0	.1866418	.422983	.3903752	0
838.15	0	.1886845	.4210109	.3903046	0
837.15	0	.1907062	.4190605	.3902334	0
836.15	0	.1927068	.4171316	.3901616	0
835.15	0	.1946865	.4152242	.3900893	0
834.15	0	.1966455	.4133381	.3900165	0
833.15	0	.1985839	.411473	.3899431	0
832.15	0	.2005019	.4096289	.3898692	0
831.15	0	.2023995	.4078056	.3897949	0
830.15	0	.2042771	.4060029	.38972	0
829.15	0	.2061347	.4042206	.3896447	0
828.15	0	.2079726	.4024585	.389569	0
827.15	0	.2097908	.4007165	.3894928	0
826.15	0	.2115895	.3989943	.3894162	0
825.15	0	.213369	.3972918	.3893392	0
824.15	0	.2151294	.3956089	.3892618	0
823.15	0	.2168708	.3939452	.389184	0
822.15	0	.2185935	.3923006	.3891059	0
821.15	0	.2202977	.3906749	.3890274	0
820.15	0	.2219835	.3890679	.3889486	0
819.15	0	.2236511	.3874794	.3888695	0
818.15	0	.2253008	.3859092	.38879	0
817.15	0	.2269326	.3843572	.3887102	0
816.15	0	.2285468	.382823	.3886302	0
815.15	0	.2301436	.3813065	.3885498	0
814.15	0	.2317232	.3798076	.3884692	0
813.15	0	.2332857	.3783259	.3883883	0
812.15	0	.2348314	.3768614	.3883072	0
811.15	0	.2363605	.3754137	.3882258	0
810.15	0	.2378731	.3739828	.3881442	0
809.15	0	.2393694	.3725683	.3880624	0
808.15	0	.2408496	.3711701	.3879803	0
807.15	0	.2423139	.3697881	.387898	0
806.15	0	.2437626	.3684219	.3878155	0
805.15	0	.2451957	.3670714	.3877329	0
804.15	0	.2466135	.3657365	.38765	0
803.15	0	.2480162	.3644169	.387567	0
802.15	0	.2494039	.3631123	.3874838	0
801.15	0	.2507769	.3618228	.3874004	0
800.15	0	.2521352	.3605479	.3873168	0
799.15	0	.2534792	.3592876	.3872332	0
798.15	0	.254809	.3580417	.3871493	0
797.15	0	.2561247	.3568099	.3870653	0
796.15	0	.2574266	.3555922	.3869812	0
795.15	0	.2587148	.3543882	.386897	0
794.15	0	.2599895	.3531979	.3868126	0
793.15	0	.2612508	.3520211	.3867281	0
792.15	0	.262499	.3508575	.3866435	0
791.15	0	.2637342	.349707	.3865588	0
790.3521	0	.2647105	.3487984	.3864912	0
790.3521	0	.2647105	.3487984	.3864912	0
790.3521	0	.2647105	.3487984	.3864912	0
790.15	0	.2655801	.3477382	.3862147	4.669971E-04
789.15	0	.2698261	.3425555	.3848592	.002759153
788.15	0	.2739804	.3374746	.3835235	.005021534
787.15	0	.2780451	.3324931	.3822071	.007254735
786.15	0	.2820227	.3276084	.3809096	.009459332
785.15	0	.2859152	.3228182	.3796308	.01163588
784.15	0	.2897247	.3181202	.3783701	.01378493
783.15	0	.2934534	.3135122	.3771273	.015907
782.15	0	.2971032	.3089921	.3759021	.01800261
781.15	0	.300676	.3045578	.374694	.02007223
780.15	0	.3041736	.3002073	.3735028	.02211636
779.15	0	.3075979	.2959386	.3723281	.02413547
778.15	0	.3109505	.2917499	.3711696	.02613
777.15	0	.3142332	.2876393	.3700271	.02810039
776.15	0	.3174477	.2836051	.3689002	.03004708
775.15	0	.3205954	.2796455	.3677887	.03197049
774.15	0	.3236779	.2757588	.3666922	.03387101
773.15	0	.3266969	.2719435	.3656105	.03574904
772.15	0	.3296536	.268198	.3645434	.03760498
771.15	0	.3325495	.2645208	.3634906	.03943919
770.15	0	.335386	.2609102	.3624518	.04125204
769.15	0	.3381644	.257365	.3614268	.04304389
768.15	0	.340886	.2538836	.3604153	.04481509
767.15	0	.3435522	.2504647	.3594172	.04656599
766.15	0	.346164	.247107	.3584321	.0482969
765.15	0	.3487228	.2438092	.3574598	.05000817
764.15	0	.3512297	.2405699	.3565002	.0517001
763.15	0	.3536859	.2373881	.3555531	.05337301
762.15	0	.3560924	.2342624	.3546181	.0550272
761.15	0	.3584503	.2311916	.3536951	.05666297
760.15	0	.3607607	.2281747	.352784	.05828062
759.15	0	.3630247	.2252105	.3518844	.05988043
758.15	0	.3652432	.2222979	.3509962	.06146267
757.15	0	.3674172	.2194359	.3501192	.06302763
756.15	0	.3695477	.2166234	.3492533	.06457557
755.15	0	.3716356	.2138594	.3483982	.06610675
754.15	0	.3736819	.2111429	.3475538	.06762145
753.15	0	.3756874	.2084729	.3467198	.06911989
752.15	0	.377653	.2058485	.3458962	.07060235
751.15	0	.3795795	.2032688	.3450826	.07206906
750.15	0	.3814679	.2007328	.3442791	.07352027
749.15	0	.3833188	.1982397	.3434853	.0749562
748.15	0	.3851332	.1957885	.3427012	.07637709
747.15	0	.3869118	.1933785	.3419265	.07778318
746.15	0	.3886553	.1910088	.3411612	.07917467
745.15	0	.3903645	.1886787	.340405	.0805518
744.15	0	.3920402	.1863872	.3396578	.08191478
743.15	0	.393683	.1841337	.3389195	.08326382
742.15	0	.3952937	.1819173	.3381899	.08459914
741.15	0	.3968729	.1797373	.3374689	.08592093
740.15	0	.3984213	.1775931	.3367562	.0872294
739.15	0	.3999396	.1754838	.3360519	.08852475
738.15	0	.4014283	.1734088	.3353557	.08980717
737.15	0	.4028882	.1713674	.3346675	.09107686
736.15	0	.4043199	.169359	.3339871	.09233401
735.15	0	.4057239	.1673828	.3333145	.09357881
734.15	0	.4071008	.1654382	.3326496	.09481143
733.15	0	.4084513	.1635246	.331992	.09603206
732.15	0	.4097758	.1616415	.3313419	.09724088
731.15	0	.4110749	.1597881	.330699	.09843806
730.15	0	.4123493	.1579639	.3300631	.09962377
729.15	0	.4135993	.1561683	.3294343	.1007982
728.15	0	.4148255	.1544007	.3288124	.1019615
727.15	0	.4160284	.1526606	.3281971	.1031138
726.15	0	.4172086	.1509475	.3275886	.1042553
725.15	0	.4183664	.1492608	.3269865	.1053862
724.15	0	.4195024	.1476	.3263909	.1065066
723.15	0	.4206171	.1459646	.3258016	.1076167
722.15	0	.4217108	.1443541	.3252185	.1087166
721.15	0	.4227841	.1427679	.3246415	.1098064
720.15	0	.4238374	.1412057	.3240705	.1108864
719.15	0	.424871	.139667	.3235054	.1119566
718.15	0	.4258854	.1381512	.3229461	.1130173
717.15	0	.4268811	.1366579	.3223925	.1140684
716.15	0	.4278584	.1351868	.3218445	.1151103
715.15	0	.4288176	.1337374	.321302	.116143
714.15	0	.4297593	.1323091	.320765	.1171666
713.15	0	.4306837	.1309018	.3202332	.1181814
712.15	0	.4315912	.1295148	.3197067	.1191873
711.15	0	.4324822	.1281479	.3191853	.1201846
710.15	0	.433357	.1268006	.318669	.1211734
709.15	0	.434216	.1254726	.3181577	.1221537
708.15	0	.4350594	.1241635	.3176513	.1231258
707.15	0	.4358877	.122873	.3171496	.1240897
706.15	0	.4367011	.1216006	.3166528	.1250456
705.15	0	.4375	.120346	.3161605	.1259935
704.15	0	.4382846	.1191089	.3156729	.1269336
703.15	0	.4390553	.117889	.3151897	.127866
702.15	0	.4398123	.1166859	.314711	.1287908
701.15	0	.4405559	.1154993	.3142366	.1297081
700.15	0	.4412864	.114329	.3137665	.1306181
699.15	0	.4420041	.1131744	.3133007	.1315208
698.15	0	.4427093	.1120355	.3128389	.1324163
697.15	0	.4434022	.1109119	.3123813	.1333047
696.15	0	.444083	.1098032	.3119276	.1341862
695.15	0	.444752	.1087093	.3114779	.1350608
694.15	0	.4454094	.1076299	.3110321	.1359287
693.15	0	.4460556	.1065646	.31059	.1367898
692.15	0	.4466907	.1055132	.3101518	.1376444
691.15	0	.4473149	.1044754	.3097172	.1384925
690.15	0	.4479284	.1034511	.3092862	.1393342
689.15	0	.4485316	.1024399	.3088589	.1401696
688.15	0	.4491246	.1014416	.308435	.1409988
687.15	0	.4497075	.100456	.3080146	.1418219
686.15	0	.4502807	.09948276	.3075977	.1426389
685.15	0	.4508443	.09852177	.307184	.1434499
684.15	0	.4513985	.09757275	.3067737	.1442551
683.15	0	.4519434	.09663549	.3063666	.1450545
682.15	0	.4524794	.09570977	.3059627	.1458482
681.15	0	.4530065	.09479539	.305562	.1466362
680.15	0	.4535249	.09389213	.3051643	.1474187
679.15	0	.4540349	.0929998	.3047697	.1481956
678.15	0	.4545365	.09211819	.3043781	.1489672
677.15	0	.45503	.09124712	.3039894	.1497335
676.15	0	.4555155	.09038639	.3036037	.1504945
675.15	0	.4559931	.08953582	.3032208	.1512503
674.15	0	.4564631	.08869522	.3028407	.152001
673.15	0	.4569256	.08786442	.3024634	.1527466
672.15	0	.4573806	.08704324	.3020888	.1534873
671.15	0	.4578285	.08623151	.301717	.154223
670.15	0	.4582693	.08542906	.3013477	.1549539
669.15	0	.4587031	.08463573	.3009811	.1556801
668.15	0	.4591301	.08385135	.3006171	.1564015
667.15	0	.4595505	.08307577	.3002556	.1571182
666.15	0	.4599643	.08230883	.2998965	.1578304
665.15	0	.4603716	.08155038	.2995399	.158538
664.15	0	.4607727	.08080027	.2991858	.1592412
663.15	0	.4611676	.08005835	.298834	.15994
662.15	0	.4615574	.07932356	.2984842	.1606348
661.15	0	.4619402	.07859773	.2981371	.1613249
660.15	0	.4623173	.07787966	.2977923	.1620108
659.15	0	.4626886	.07716921	.2974498	.1626924
658.15	0	.4630543	.07646626	.2971094	.16337
657.15	0	.4634146	.07577067	.2967713	.1640435
656.15	0	.4637695	.07508233	.2964353	.164713
655.15	0	.4641191	.07440109	.2961014	.1653785
654.15	0	.4644635	.07372685	.2957695	.1660401
653.15	0	.4648029	.07305948	.2954398	.1666978
652.15	0	.4651373	.07239887	.295112	.1673518
651.15	0	.4654669	.0717449	.2947863	.168002
650.15	0	.4657916	.07109746	.2944625	.1686484
649.15	0	.4661117	.07045643	.2941407	.1692913
648.15	0	.4664271	.06982172	.2938207	.1699305
647.15	0	.466738	.06919321	.2935027	.1705661
646.15	0	.4670445	.0685708	.2931865	.1711982
645.15	0	.4673466	.06795439	.2928721	.1718268
644.15	0	.4676445	.06734387	.2925596	.172452
643.15	0	.4679382	.06673915	.2922489	.1730738
642.15	0	.4682277	.06614013	.2919399	.1736923
641.15	0	.4685133	.06554671	.2916326	.1743074
640.15	0	.4687948	.06495881	.2913271	.1749193
639.15	0	.4690725	.06437632	.2910232	.175528
638.15	0	.4693464	.06379916	.290721	.1761335
637.15	0	.4696165	.06322724	.2904205	.1767358
636.15	0	.469883	.06266048	.2901215	.177335
635.15	0	.4701458	.06209878	.2898242	.1779312
634.15	0	.4704051	.06154207	.2895285	.1785243
633.15	0	.470661	.06099026	.2892343	.1791145
632.15	0	.4709134	.06044327	.2889416	.1797017
631.15	0	.4711625	.05990103	.2886505	.180286
630.15	0	.4714083	.05936345	.2883608	.1808674
629.15	0	.4716509	.05883045	.2880727	.181446
628.15	0	.4718903	.05830197	.287786	.1820218
627.15	0	.4721266	.05777793	.2875007	.1825947
626.15	0	.4723599	.05725826	.2872169	.183165
625.15	0	.4725902	.05674288	.2869344	.1837325
624.15	0	.4728175	.05623172	.2866534	.1842974
623.15	0	.473042	.05572473	.2863737	.1848596
622.15	0	.4732636	.05522182	.2860953	.1854192
621.15	0	.4734825	.05472294	.2858183	.1859763
620.15	0	.4736986	.05422801	.2855426	.1865308
619.15	0	.473912	.05373698	.2852682	.1870828
618.15	0	.4741228	.05324978	.2849951	.1876323
617.15	0	.4743311	.05276635	.2847233	.1881793
616.15	0	.4745368	.05228663	.2844527	.1887239
615.15	0	.47474	.05181056	.2841833	.1892661
614.15	0	.4749408	.05133808	.2839152	.189806
613.15	0	.4751391	.05086914	.2836483	.1903435
612.15	0	.4753351	.05040367	.2833826	.1908787
611.15	0	.4755288	.04994162	.283118	.1914115
610.15	0	.4757203	.04948294	.2828546	.1919422
609.15	0	.4759095	.04902758	.2825924	.1924706
608.15	0	.4760965	.04857547	.2823313	.1929968
607.15	0	.4762813	.04812658	.2820713	.1935208
606.15	0	.476464	.04768084	.2818124	.1940427
605.15	0	.4766447	.04723821	.2815546	.1945624
604.15	0	.4768234	.04679864	.2812979	.1950801
603.15	0	.477	.04636208	.2810423	.1955956
602.15	0	.4771747	.04592849	.2807877	.1961091
601.15	0	.4773474	.04549781	.2805342	.1966206
600.15	0	.4775182	.04507	.2802817	.19713
599.15	0	.4776872	.04464501	.2800303	.1976375
598.15	0	.4778544	.04422281	.2797798	.198143
597.15	0	.4780197	.04380334	.2795304	.1986466
596.15	0	.4781833	.04338657	.2792819	.1991482
595.15	0	.4783452	.04297244	.2790344	.1996479
594.15	0	.4785054	.04256093	.2787879	.2001458
593.15	0	.4786639	.04215199	.2785424	.2006418
592.15	0	.4788207	.04174557	.2782978	.201136
591.15	0	.4789759	.04134165	.2780541	.2016283
590.15	0	.4791296	.04094017	.2778113	.2021189
589.15	0	.4792817	.04054111	.2775695	.2026077
588.15	0	.4794323	.04014442	.2773286	.2030947
587.15	0	.4795814	.03975007	.2770885	.20358
586.15	0	.479729	.03935802	.2768494	.2040636
585.15	0	.4798752	.03896824	.2766111	.2045455
584.15	0	.4800199	.03858068	.2763737	.2050257
583.15	0	.4801633	.03819532	.2761372	.2055042
582.15	0	.4803053	.03781212	.2759015	.2059811
581.15	0	.4804459	.03743105	.2756667	.2064564
580.15	0	.4805852	.03705207	.2754327	.2069301
579.15	0	.4807232	.03667515	.2751995	.2074022
578.15	0	.48086	.03630027	.2749671	.2078727
577.15	0	.4809954	.03592738	.2747355	.2083416
576.15	0	.4811297	.03555645	.2745048	.2088091
575.15	0	.4812628	.03518747	.2742748	.209275
574.15	0	.4813946	.03482038	.2740456	.2097394
573.15	0	.4815253	.03445518	.2738172	.2102023
572.15	0	.4816549	.03409182	.2735896	.2106637
571.15	0	.4817833	.03373028	.2733627	.2111237
570.15	0	.4819107	.03337053	.2731366	.2115823
569.15	0	.4820369	.03301254	.2729112	.2120394
568.15	0	.4821621	.03265629	.2726866	.2124951
567.15	0	.4822862	.03230174	.2724626	.2129494
566.15	0	.4824094	.03194888	.2722395	.2134023
565.15	0	.4825315	.03159767	.272017	.2138539
564.15	0	.4826526	.03124808	.2717953	.2143041
563.15	0	.4827727	.03090011	.2715742	.214753
562.15	0	.4828919	.03055371	.2713539	.2152005
561.15	0	.4830102	.03020886	.2711342	.2156467
560.15	0	.4831275	.02986554	.2709153	.2160917
559.15	0	.4832439	.02952373	.270697	.2165353
558.15	0	.4833595	.0291834	.2704794	.2169777
557.15	0	.4834741	.02884453	.2702625	.2174189
556.15	0	.483588	.02850709	.2700462	.2178587
555.15	0	.483701	.02817106	.2698306	.2182974
554.15	0	.4838131	.02783643	.2696156	.2187348
553.15	0	.4839244	.02750316	.2694013	.2191711
552.15	0	.484035	.02717124	.2691877	.2196061
551.15	0	.4841448	.02684065	.2689746	.22004
550.15	0	.4842538	.02651136	.2687622	.2204727
549.15	0	.4843621	.02618335	.2685504	.2209042
548.15	0	.4844696	.02585661	.2683392	.2213346
547.15	0	.4845764	.02553111	.2681287	.2217638
546.15	0	.4846825	.02520683	.2679187	.2221919
545.15	0	.4847879	.02488376	.2677094	.222619
544.15	0	.4848926	.02456187	.2675007	.2230449
543.15	0	.4849966	.02424115	.2672925	.2234697
542.15	0	.4851	.02392157	.267085	.2238935
541.15	0	.4852028	.02360312	.266878	.2243161
540.15	0	.4853049	.02328578	.2666716	.2247378
539.15	0	.4854064	.02296953	.2664658	.2251584
538.15	0	.4855072	.02265436	.2662605	.2255779
537.15	0	.4856075	.02234024	.2660558	.2259964
536.15	0	.4857072	.02202716	.2658517	.2264139
535.15	0	.4858063	.0217151	.2656481	.2268304
534.15	0	.4859049	.02140405	.2654451	.2272459
533.15	0	.4860029	.02109399	.2652427	.2276605
532.15	0	.4861004	.0207849	.2650407	.228074
531.15	0	.4861973	.02047676	.2648394	.2284866
530.15	0	.4862937	.02016957	.2646385	.2288982
529.15	0	.4863896	.01986329	.2644382	.2293089
528.15	0	.486485	.01955793	.2642384	.2297186
527.15	0	.4865799	.01925346	.2640392	.2301274
526.15	0	.4866744	.01894988	.2638405	.2305353
525.15	0	.4867683	.01864715	.2636422	.2309423
524.15	0	.4868618	.01834527	.2634445	.2313484
523.15	0	.4869549	.01804423	.2632473	.2317535
522.15	0	.4870475	.017744	.2630506	.2321578
521.15	0	.4871397	.01744458	.2628545	.2325613
520.15	0	.4872314	.01714596	.2626588	.2329638
519.15	0	.4873228	.01684811	.2624636	.2333655
518.15	0	.4874137	.01655103	.2622689	.2337664
517.15	0	.4875042	.01625469	.2620747	.2341664
516.15	0	.4875944	.0159591	.261881	.2345655
515.15	0	.4876841	.01566423	.2616878	.2349639
514.15	0	.4877735	.01537007	.261495	.2353614
513.15	0	.4878626	.01507661	.2613027	.2357581
512.15	0	.4879512	.01478384	.2611109	.236154
511.15	0	.4880395	.01449174	.2609196	.2365491
510.15	0	.4881275	.0142003	.2607287	.2369435
509.15	0	.4882152	.01390951	.2605383	.237337
508.15	0	.4883025	.01361936	.2603484	.2377298
507.15	0	.4883895	.01332984	.2601589	.2381218
506.15	0	.4884762	.01304092	.2599698	.2385131
505.15	0	.4885626	.01275261	.2597813	.2389036
504.15	0	.4886487	.0124649	.2595931	.2392933
503.15	0	.4887345	.01217776	.2594054	.2396823
502.15	0	.48882	.01189119	.2592182	.2400706
501.15	0	.4889052	.01160517	.2590314	.2404582
500.15	0	.4889902	.01131971	.2588451	.2408451
499.15	0	.4890749	.01103478	.2586591	.2412312
498.15	0	.4891593	.01075037	.2584736	.2416166
497.15	0	.4892436	.01046649	.2582886	.2420014
496.15	0	.4893275	.0101831	.258104	.2423854
495.15	0	.4894112	.00990021	.2579198	.2427688
494.15	0	.4894947	.009617804	.257736	.2431515
493.15	0	.489578	.009335872	.2575526	.2435335
492.15	0	.489661	.009054405	.2573697	.2439149
491.15	0	.4897438	.008773392	.2571871	.2442956
490.15	0	.4898265	.008492847	.2570051	.2446756
489.15	0	.4899089	.008212716	.2568234	.245055
488.15	0	.4899911	.007933011	.2566421	.2454338
487.15	0	.4900732	.007653723	.2564612	.245812
486.15	0	.490155	.007374843	.2562807	.2461895
485.15	0	.4902367	.007096361	.2561006	.2465663
484.15	0	.4903182	.006818269	.255921	.2469426
483.15	0	.4903995	.006540559	.2557417	.2473183
482.15	0	.4904806	.00626322	.2555628	.2476933
481.15	0	.4905617	.005986244	.2553843	.2480678
480.15	0	.4906425	.005709624	.2552062	.2484417
479.15	0	.4907232	.005433351	.2550285	.2488149
478.15	0	.4908037	.005157415	.2548512	.2491876
477.15	0	.4908842	.004881809	.2546743	.2495597
476.15	0	.4909644	.004606525	.2544978	.2499313
475.15	0	.4910446	.004331555	.2543216	.2503023
474.15	0	.4911246	.004056891	.2541458	.2506727
473.15	0	.4912045	.003782524	.2539704	.2510425
472.15	0	.4912843	.003508448	.2537954	.2514119
471.15	0	.491364	.003234654	.2536207	.2517806
470.15	0	.4914436	.002961134	.2534465	.2521489
469.15	0	.491523	.002687882	.2532725	.2525165
468.15	0	.4916024	.00241489	.253099	.2528837
467.15	0	.4916817	.00214215	.2529259	.2532503
466.15	0	.4917609	.001869656	.252753	.2536164
465.15	0	.4918399	.0015974	.2525806	.2539821
464.15	0	.491919	.001325374	.2524085	.2543471
463.15	0	.4919979	.001053573	.2522368	.2547117
462.15	0	.4920768	7.819883E-04	.2520655	.2550758
461.15	0	.4921556	5.106141E-04	.2518945	.2554394
460.15	0	.4922343	2.394432E-04	.2517238	.2558025
459.2664	0	.4923038	0	.2515733	.2561229
459.2664	0	.4923038	0	.2515733	.2561229
459.15	0	.4922993	0	.2515634	.2561373
458.15	0	.4922611	0	.2514778	.2562611
457.15	0	.4922232	0	.2513926	.2563842
456.15	0	.4921854	0	.2513079	.2565066
455.15	0	.492148	0	.2512237	.2566284
454.15	0	.4921107	0	.2511399	.2567494
453.15	0	.4920737	0	.2510566	.2568698
452.15	0	.4920369	0	.2509737	.2569895
451.15	0	.4920003	0	.2508912	.2571085
450.15	0	.4919639	0	.2508092	.2572268
449.15	0	.4919278	0	.2507277	.2573445
448.15	0	.491892	0	.2506466	.2574614
447.15	0	.4918564	0	.2505659	.2575777
