T	 BPW(LIQUID)	BPW(BCC_A2)	BPW(FCC_A1)	BPW(LAVES_PHASE_C14)	BPW(NI3TI)
1473.15	.8574023	.08112315	0	.06147453	0
1472.15	.8478976	.08760952	0	.06449284	0
1471.15	.8385653	.09397577	0	.06745895	0
1470.15	.8294007	.100225	0	.07037428	0
1469.15	.8203995	.1063603	0	.0732402	0
1468.15	.8115574	.1123845	0	.07605802	0
1467.15	.8028704	.1183006	0	.07882902	0
1466.15	.7943345	.1241111	0	.08155443	0
1465.15	.7859458	.1298188	0	.08423543	0
1464.15	.7777006	.1354262	0	.08687318	0
1463.15	.7695955	.1409358	0	.08946878	0
1462.15	.7616268	.1463499	0	.09202331	0
1461.15	.7537912	.151671	0	.09453782	0
1460.15	.7460855	.1569012	0	.09701329	0
1459.15	.7385065	.1620428	0	.09945072	0
1458.15	.7310512	.1670978	0	.101851	0
1457.15	.7237166	.1720682	0	.1042152	0
1456.15	.7164999	.1769562	0	.106544	0
1455.15	.7093982	.1817635	0	.1088383	0
1454.15	.702409	.186492	0	.111099	0
1453.15	.6955295	.1911436	0	.1133269	0
1452.15	.6887573	.19572	0	.1155227	0
1451.15	.6820898	.2002229	0	.1176873	0
1450.15	.6755248	.204654	0	.1198212	0
1449.15	.6690598	.2090148	0	.1219254	0
1448.15	.6626927	.2133069	0	.1240003	0
1447.15	.6564213	.2175319	0	.1260468	0
1446.15	.6502434	.2216912	0	.1280654	0
1445.15	.644157	.2257862	0	.1300568	0
1444.15	.6381601	.2298183	0	.1320216	0
1443.15	.6322507	.2337889	0	.1339604	0
1442.15	.626427	.2376993	0	.1358737	0
1441.15	.6206871	.2415507	0	.1377622	0
1440.15	.6150292	.2453444	0	.1396263	0
1439.15	.6094517	.2490816	0	.1414667	0
1438.15	.6039527	.2527635	0	.1432838	0
1437.15	.5985308	.2563912	0	.145078	0
1436.15	.5931841	.2599658	0	.14685	0
1435.15	.5879114	.2634885	0	.1486002	0
1434.15	.5827109	.2669602	0	.1503289	0
1433.15	.5775812	.270382	0	.1520368	0
1432.15	.5725209	.2737549	0	.1537242	0
1431.15	.5675286	.2770799	0	.1553915	0
1430.15	.562603	.2803579	0	.1570392	0
1429.15	.5577426	.2835898	0	.1586676	0
1428.15	.5529463	.2867766	0	.1602772	0
1427.15	.5482127	.2899191	0	.1618683	0
1426.15	.5435406	.2930181	0	.1634412	0
1425.15	.5389289	.2960746	0	.1649965	0
1424.15	.5343763	.2990893	0	.1665344	0
1423.15	.5298818	.3020631	0	.1680552	0
1422.15	.5254441	.3049966	0	.1695593	0
1421.15	.5210624	.3078906	0	.171047	0
1420.15	.5167353	.310746	0	.1725186	0
1419.15	.5124621	.3135634	0	.1739746	0
1418.15	.5082416	.3163435	0	.175415	0
1417.15	.5040728	.3190869	0	.1768403	0
1416.15	.4999549	.3217945	0	.1782507	0
1415.15	.4958868	.3244668	0	.1796465	0
1414.15	.4918677	.3271044	0	.181028	0
1413.15	.4878966	.329708	0	.1823954	0
1412.15	.4839728	.3322782	0	.183749	0
1411.15	.4800953	.3348156	0	.1850891	0
1410.15	.4762633	.3373207	0	.1864159	0
1409.15	.4724761	.3397942	0	.1877297	0
1408.15	.4687328	.3422366	0	.1890306	0
1407.15	.4650326	.3446484	0	.190319	0
1406.15	.4613748	.3470302	0	.191595	0
1405.15	.4577586	.3493825	0	.1928589	0
1404.15	.4541834	.3517058	0	.1941108	0
1403.15	.4506484	.3540005	0	.1953511	0
1402.15	.447153	.3562672	0	.1965798	0
1401.15	.4436964	.3585064	0	.1977972	0
1400.15	.4402779	.3607185	0	.1990036	0
1399.15	.4368971	.362904	0	.200199	0
1398.15	.4335531	.3650632	0	.2013837	0
1397.15	.4302455	.3671967	0	.2025578	0
1396.15	.4269735	.3693049	0	.2037216	0
1395.15	.4237367	.3713882	0	.2048752	0
1394.15	.4205343	.3734469	0	.2060187	0
1393.15	.4173659	.3754816	0	.2071525	0
1392.15	.4142309	.3774926	0	.2082765	0
1391.15	.4111288	.3794802	0	.209391	0
1390.15	.408059	.3814448	0	.2104962	0
1389.15	.405021	.3833869	0	.2115921	0
1388.15	.4020143	.3853068	0	.212679	0
1387.15	.3990384	.3872047	0	.2137569	0
1386.15	.3960927	.3890812	0	.2148261	0
1385.15	.3931769	.3909364	0	.2158866	0
1384.15	.3902905	.3927708	0	.2169387	0
1383.15	.3874329	.3945847	0	.2179824	0
1382.15	.3846038	.3963783	0	.2190179	0
1381.15	.3818027	.398152	0	.2200452	0
1380.15	.3790292	.3999062	0	.2210646	0
1379.15	.3762828	.401641	0	.2220762	0
1378.15	.3735631	.4033568	0	.2230801	0
1377.15	.3708698	.4050539	0	.2240763	0
1376.15	.3682023	.4067326	0	.225065	0
1375.15	.3655604	.4083931	0	.2260464	0
1374.15	.3629437	.4100358	0	.2270206	0
1373.15	.3603517	.4116608	0	.2279875	0
1372.15	.3577841	.4132684	0	.2289475	0
1371.15	.3552405	.414859	0	.2299005	0
1370.15	.3527206	.4164327	0	.2308467	0
1369.15	.3502241	.4179898	0	.2317861	0
1368.15	.3477505	.4195306	0	.2327189	0
1367.15	.3452995	.4210552	0	.2336452	0
1366.15	.3428709	.422564	0	.2345651	0
1365.15	.3404643	.4240571	0	.2354786	0
1364.15	.3380794	.4255348	0	.2363859	0
1363.15	.3357158	.4269972	0	.237287	0
1362.15	.3333733	.4284447	0	.238182	0
1361.15	.3310516	.4298774	0	.2390711	0
1360.15	.3287503	.4312955	0	.2399542	0
1359.15	.3264692	.4326993	0	.2408316	0
1358.15	.324208	.4340889	0	.2417032	0
1357.15	.3219664	.4354645	0	.2425691	0
1356.15	.3197441	.4368264	0	.2434295	0
1355.15	.3175409	.4381747	0	.2442844	0
1354.15	.3153565	.4395096	0	.2451339	0
1353.15	.3131907	.4408313	0	.2459781	0
1352.15	.3110431	.4421399	0	.246817	0
1351.15	.3089136	.4434358	0	.2476506	0
1350.15	.3068019	.4447189	0	.2484792	0
1349.15	.3047077	.4459896	0	.2493027	0
1348.15	.3026308	.447248	0	.2501212	0
1347.15	.3005711	.4484941	0	.2509348	0
1346.15	.2985281	.4497283	0	.2517435	0
1345.15	.2965018	.4509507	0	.2525475	0
1344.15	.2944919	.4521614	0	.2533468	0
1343.15	.2924982	.4533605	0	.2541413	0
1342.15	.2905204	.4545483	0	.2549313	0
1341.15	.2885584	.4557249	0	.2557167	0
1340.15	.286612	.4568904	0	.2564977	0
1339.15	.2846809	.4580449	0	.2572742	0
1338.15	.2827649	.4591887	0	.2580464	0
1337.15	.2808639	.4603219	0	.2588142	0
1336.15	.2789777	.4614445	0	.2595778	0
1335.15	.277106	.4625568	0	.2603373	0
1334.15	.2752486	.4636588	0	.2610925	0
1333.15	.2734055	.4647508	0	.2618437	0
1332.15	.2715764	.4658328	0	.2625908	0
1331.15	.2697611	.4669049	0	.263334	0
1330.15	.2679595	.4679673	0	.2640732	0
1329.15	.2661714	.4690202	0	.2648085	0
1328.15	.2643965	.4700635	0	.26554	0
1327.15	.2626348	.4710975	0	.2662676	0
1326.15	.2608861	.4721223	0	.2669916	0
1325.15	.2591503	.473138	0	.2677118	0
1324.15	.257427	.4741446	0	.2684284	0
1323.15	.2557163	.4751424	0	.2691413	0
1322.15	.2540179	.4761313	0	.2698507	0
1321.15	.2523317	.4771116	0	.2705566	0
1320.15	.2506576	.4780834	0	.271259	0
1319.15	.2489954	.4790467	0	.271958	0
1318.15	.2473449	.4800016	0	.2726535	0
1317.15	.245706	.4809483	0	.2733457	0
1316.15	.2440786	.4818868	0	.2740346	0
1315.15	.2424625	.4828173	0	.2747202	0
1314.15	.2408576	.4837399	0	.2754025	0
1313.15	.2392638	.4846546	0	.2760817	0
1312.15	.2376808	.4855615	0	.2767577	0
1311.15	.2361087	.4864607	0	.2774305	0
1310.15	.2345473	.4873524	0	.2781003	0
1309.15	.2329964	.4882366	0	.278767	0
1308.15	.2314559	.4891134	0	.2794307	0
1307.15	.2299256	.4899829	0	.2800914	0
1306.15	.2284056	.4908452	0	.2807492	0
1305.15	.2268956	.4917004	0	.281404	0
1304.15	.2253956	.4925485	0	.282056	0
1303.15	.2239053	.4933896	0	.2827051	0
1302.15	.2224248	.4942239	0	.2833513	0
1301.15	.2209538	.4950513	0	.2839948	0
1300.15	.2194924	.4958721	0	.2846356	0
1299.15	.2180377	.4966881	0	.2852742	0
1298.15	.2165949	.4974957	0	.2859095	0
1297.15	.2151612	.4982967	0	.2865421	0
1296.15	.2137365	.4990913	0	.2871721	0
1295.15	.2123209	.4998796	0	.2877995	0
1294.835	.2118761	.500127	0	.2879969	0
1294.835	.2118761	.500127	0	.2879969	0
1294.835	.2118761	.500127	0	.2879969	0
1294.15	.2073617	.4986786	.005182883	.2887769	0
1293.15	.2007735	.4966039	.0127155	.2899072	0
1292.15	.1941932	.4945777	.02020231	.2910268	0
1291.15	.1876205	.4925997	.02764395	.2921358	0
1290.15	.1810552	.4906694	.03504103	.2932344	0
1289.15	.1744968	.4887864	.04239419	.2943227	0
1288.15	.167945	.4869502	.04970403	.2954007	0
1287.15	.1613996	.4851605	.05697116	.2964688	0
1286.15	.1548603	.4834168	.06419615	.2975268	0
1285.15	.1483267	.4817186	.0713796	.298575	0
1284.15	.1417987	.4800657	.07852208	.2996136	0
1283.15	.1352759	.4784575	.08562415	.3006425	0
1282.15	.128758	.4768937	.09268638	.3016619	0
1281.15	.1222448	.4753739	.0997093	.302672	0
1280.15	.1157361	.4738977	.1066935	.3036728	0
1279.15	.1092315	.4724646	.1136394	.3046644	0
1278.15	.1027309	.4710744	.1205477	.305647	0
1277.15	.09623402	.4697267	.1274187	.3066206	0
1276.15	.08974058	.468421	.1342531	.3075854	0
1275.15	.08325038	.4671569	.1410513	.3085414	0
1274.15	.07676319	.4659342	.1478138	.3094888	0
1273.15	.0702788	.4647525	.1545412	.3104275	0
1272.15	.063797	.4636113	.1612338	.3113579	0
1271.15	.05731757	.4625103	.1678923	.3122798	0
1270.15	.05084033	.4614493	.1745169	.3131935	0
1269.15	.04436507	.4604277	.1811083	.3140989	0
1268.15	.03789161	.4594453	.1876668	.3149963	0
1267.15	.03141975	.4585018	.1941929	.3158856	0
1266.15	.02494932	.4575966	.2006871	.3167669	0
1265.15	.01848014	.4567297	.2071498	.3176404	0
1264.15	.01201205	.4559005	.2135814	.3185061	0
1263.15	.005544876	.4551087	.2199823	.3193641	0
1262.293	0	.4544594	.2254468	.3200937	0
1262.293	0	.4544594	.2254468	.3200937	0
1262.15	0	.4543259	.2255285	.3201457	0
1261.15	0	.4533904	.2261	.3205096	0
1260.15	0	.452458	.2266694	.3208726	0
1259.15	0	.4515286	.2272368	.3212347	0
1258.15	0	.4506022	.2278021	.3215958	0
1257.15	0	.4496788	.2283652	.321956	0
1256.15	0	.4487584	.2289264	.3223153	0
1255.15	0	.447841	.2294854	.3226737	0
1254.15	0	.4469265	.2300424	.3230311	0
1253.15	0	.4460151	.2305973	.3233876	0
1252.15	0	.4451066	.2311501	.3237433	0
1251.15	0	.4442011	.2317009	.324098	0
1250.15	0	.4432986	.2322496	.3244518	0
1249.15	0	.4423989	.2327963	.3248048	0
1248.15	0	.4415023	.2333409	.3251568	0
1247.15	0	.4406085	.2338835	.325508	0
1246.15	0	.4397177	.234424	.3258582	0
1245.15	0	.4388299	.2349625	.3262076	0
1244.15	0	.4379449	.235499	.3265561	0
1243.15	0	.4370628	.2360334	.3269038	0
1242.15	0	.4361837	.2365658	.3272505	0
1241.15	0	.4353074	.2370962	.3275964	0
1240.15	0	.4344341	.2376245	.3279415	0
1239.15	0	.4335636	.2381508	.3282856	0
1238.15	0	.432696	.2386751	.3286289	0
1237.15	0	.4318312	.2391974	.3289714	0
1236.15	0	.4309693	.2397177	.329313	0
1235.15	0	.4301103	.2402359	.3296538	0
1234.15	0	.4292542	.2407522	.3299937	0
1233.15	0	.4284008	.2412664	.3303328	0
1232.15	0	.4275504	.2417786	.330671	0
1231.15	0	.4267027	.2422889	.3310084	0
1230.15	0	.4258579	.2427971	.331345	0
1229.15	0	.4250159	.2433034	.3316807	0
1228.15	0	.4241767	.2438076	.3320156	0
1227.15	0	.4233403	.2443099	.3323498	0
1226.15	0	.4225068	.2448102	.332683	0
1225.15	0	.421676	.2453085	.3330155	0
1224.15	0	.4208481	.2458048	.3333472	0
1223.15	0	.4200229	.2462991	.333678	0
1222.15	0	.4192005	.2467915	.3340081	0
1221.15	0	.4183808	.2472819	.3343373	0
1220.15	0	.417564	.2477703	.3346657	0
1219.15	0	.4167499	.2482567	.3349934	0
1218.15	0	.4159386	.2487412	.3353202	0
1217.15	0	.41513	.2492237	.3356463	0
1216.15	0	.4143242	.2497043	.3359716	0
1215.15	0	.4135211	.2501828	.3362961	0
1214.15	0	.4127207	.2506595	.3366198	0
1213.15	0	.4119231	.2511341	.3369427	0
1212.15	0	.4111283	.2516069	.3372649	0
1211.15	0	.4103361	.2520776	.3375863	0
1210.15	0	.4095467	.2525464	.3379069	0
1209.15	0	.4087599	.2530133	.3382268	0
1208.15	0	.4079759	.2534782	.3385459	0
1207.15	0	.4071946	.2539412	.3388642	0
1206.15	0	.406416	.2544022	.3391818	0
1205.15	0	.4056401	.2548613	.3394986	0
1204.15	0	.4048669	.2553185	.3398146	0
1203.15	0	.4040963	.2557737	.34013	0
1202.15	0	.4033285	.256227	.3404445	0
1201.15	0	.4025633	.2566784	.3407584	0
1200.15	0	.4018008	.2571278	.3410715	0
1199.15	0	.4010409	.2575753	.3413838	0
1198.15	0	.4002837	.2580209	.3416954	0
1197.15	0	.3995292	.2584645	.3420063	0
1196.15	0	.3987773	.2589063	.3423165	0
1195.15	0	.3980281	.259346	.3426259	0
1194.15	0	.3972815	.2597839	.3429346	0
1193.15	0	.3965375	.2602199	.3432426	0
1192.15	0	.3957962	.260654	.3435498	0
1191.15	0	.3950575	.2610861	.3438564	0
1190.15	0	.3943215	.2615163	.3441622	0
1189.15	0	.393588	.2619446	.3444674	0
1188.15	0	.3928572	.262371	.3447718	0
1187.15	0	.392129	.2627955	.3450755	0
1186.15	0	.3914034	.2632181	.3453785	0
1185.15	0	.3906805	.2636388	.3456808	0
1184.15	0	.3899601	.2640575	.3459824	0
1183.15	0	.3892423	.2644744	.3462833	0
1182.15	0	.3885271	.2648894	.3465836	0
1181.15	0	.3878145	.2653024	.3468831	0
1180.15	0	.3871045	.2657136	.3471819	0
1179.15	0	.3863971	.2661229	.3474801	0
1178.15	0	.3856922	.2665302	.3477776	0
1177.15	0	.3849899	.2669357	.3480744	0
1176.15	0	.3842902	.2673393	.3483705	0
1175.15	0	.3835931	.267741	.3486659	0
1174.15	0	.3828985	.2681408	.3489607	0
1173.15	0	.3822065	.2685387	.3492548	0
1172.15	0	.3815171	.2689347	.3495482	0
1171.15	0	.3808302	.2693289	.349841	0
1170.15	0	.3801458	.2697211	.3501331	0
1169.15	0	.379464	.2701115	.3504245	0
1168.15	0	.3787848	.2704999	.3507153	0
1167.15	0	.3781081	.2708865	.3510054	0
1166.15	0	.3774339	.2712712	.3512949	0
1165.15	0	.3767623	.271654	.3515837	0
1164.15	0	.3760932	.272035	.3518719	0
1163.15	0	.3754266	.272414	.3521594	0
1162.15	0	.3747626	.2727912	.3524463	0
1161.15	0	.374101	.2731665	.3527325	0
1160.15	0	.373442	.2735399	.3530181	0
1159.15	0	.3727855	.2739115	.353303	0
1158.15	0	.3721315	.2742811	.3535873	0
1157.15	0	.3714801	.2746489	.353871	0
1156.15	0	.3708311	.2750148	.3541541	0
1155.15	0	.3701847	.2753789	.3544365	0
1154.15	0	.3695407	.2757411	.3547183	0
1153.15	0	.3688992	.2761014	.3549994	0
1152.15	0	.3682603	.2764598	.35528	0
1151.15	0	.3676238	.2768163	.3555599	0
1150.15	0	.3669898	.277171	.3558392	0
1149.15	0	.3663583	.2775238	.3561179	0
1148.15	0	.3657293	.2778747	.3563959	0
1147.15	0	.3651028	.2782238	.3566734	0
1146.15	0	.3644788	.278571	.3569502	0
1145.15	0	.3638572	.2789163	.3572265	0
1144.15	0	.3632381	.2792598	.3575021	0
1143.15	0	.3626215	.2796014	.3577771	0
1142.15	0	.3620074	.2799411	.3580515	0
1141.15	0	.3613957	.280279	.3583253	0
1140.15	0	.3607865	.2806149	.3585985	0
1139.15	0	.3601798	.2809491	.3588712	0
1138.15	0	.3595755	.2812813	.3591432	0
1137.15	0	.3589737	.2816117	.3594146	0
1136.15	0	.3583744	.2819402	.3596854	0
1135.15	0	.3577774	.2822669	.3599557	0
1134.15	0	.357183	.2825917	.3602253	0
1133.15	0	.356591	.2829146	.3604944	0
1132.15	0	.3560015	.2832357	.3607629	0
1131.15	0	.3554144	.2835548	.3610308	0
1130.15	0	.3548297	.2838722	.3612981	0
1129.15	0	.3542475	.2841876	.3615649	0
1128.15	0	.3536677	.2845012	.361831	0
1127.15	0	.3530904	.284813	.3620966	0
1126.15	0	.3525155	.2851228	.3623616	0
1125.15	0	.3519431	.2854308	.3626261	0
1124.15	0	.3513731	.285737	.36289	0
1123.15	0	.3508055	.2860412	.3631533	0
1122.15	0	.3502403	.2863436	.363416	0
1121.15	0	.3496776	.2866442	.3636782	0
1120.15	0	.3491173	.2869429	.3639398	0
1119.15	0	.3485595	.2872397	.3642009	0
1118.15	0	.3480041	.2875346	.3644613	0
1117.15	0	.347451	.2878277	.3647213	0
1116.15	0	.3469005	.2881189	.3649807	0
1115.15	0	.3463523	.2884082	.3652395	0
1114.15	0	.3458066	.2886957	.3654977	0
1113.15	0	.3452632	.2889813	.3657554	0
1112.15	0	.3447223	.2892651	.3660126	0
1111.15	0	.3441838	.2895469	.3662692	0
1110.15	0	.3436478	.2898269	.3665253	0
1109.15	0	.3431141	.2901051	.3667808	0
1108.15	0	.3425829	.2903814	.3670358	0
1107.15	0	.342054	.2906557	.3672902	0
1106.15	0	.3415276	.2909283	.3675441	0
1105.15	0	.3410036	.2911989	.3677975	0
1104.15	0	.340482	.2914677	.3680503	0
1103.15	0	.3399628	.2917346	.3683026	0
1102.15	0	.339446	.2919997	.3685543	0
1101.15	0	.3389316	.2922628	.3688056	0
1100.15	0	.3384197	.2925241	.3690562	0
1099.15	0	.3379101	.2927835	.3693064	0
1098.15	0	.3374029	.2930411	.369556	0
1097.15	0	.3368982	.2932968	.3698051	0
1096.15	0	.3363958	.2935506	.3700537	0
1095.15	0	.3358958	.2938025	.3703017	0
1094.15	0	.3353983	.2940525	.3705492	0
1093.15	0	.3349031	.2943007	.3707962	0
1092.15	0	.3344104	.2945469	.3710427	0
1091.15	0	.33392	.2947914	.3712886	0
1090.15	0	.3334321	.2950339	.371534	0
1089.15	0	.3329465	.2952745	.3717789	0
1088.15	0	.3324634	.2955133	.3720233	0
1087.15	0	.3319826	.2957502	.3722672	0
1086.15	0	.3315043	.2959851	.3725106	0
1085.15	0	.3310283	.2962183	.3727534	0
1084.15	0	.3305548	.2964495	.3729958	0
1083.15	0	.3300836	.2966788	.3732376	0
1082.15	0	.3296148	.2969063	.3734789	0
1081.15	0	.3291485	.2971318	.3737197	0
1080.15	0	.3286845	.2973555	.37396	0
1079.15	0	.3282229	.2975773	.3741999	0
1078.15	0	.3277637	.2977971	.3744391	0
1077.15	0	.3273069	.2980151	.3746779	0
1076.15	0	.3268526	.2982312	.3749162	0
1075.15	0	.3264006	.2984454	.375154	0
1074.15	0	.325951	.2986577	.3753913	0
1073.15	0	.3255038	.2988681	.3756281	0
1072.15	0	.325059	.2990766	.3758644	0
1071.15	0	.3246166	.2992833	.3761001	0
1070.15	0	.3241766	.299488	.3763354	0
1069.15	0	.323739	.2996908	.3765702	0
1068.15	0	.3233038	.2998917	.3768045	0
1067.15	0	.322871	.3000907	.3770383	0
1066.15	0	.3224406	.3002878	.3772717	0
1065.15	0	.3220126	.300483	.3775045	0
1064.15	0	.321587	.3006763	.3777368	0
1063.15	0	.3211637	.3008676	.3779686	0
1062.15	0	.3207429	.3010571	.3782	0
1061.15	0	.3203245	.3012446	.3784308	0
1060.15	0	.3199085	.3014303	.3786612	0
1059.15	0	.3194949	.301614	.3788911	0
1058.15	0	.3190837	.3017958	.3791205	0
1057.15	0	.3186749	.3019757	.3793494	0
1056.15	0	.3182685	.3021537	.3795778	0
1055.15	0	.3178645	.3023297	.3798058	0
1054.15	0	.3174629	.3025038	.3800332	0
1053.15	0	.3170637	.302676	.3802602	0
1052.15	0	.316667	.3028463	.3804867	0
1051.15	0	.3162726	.3030147	.3807127	0
1050.15	0	.3158806	.3031811	.3809383	0
1049.15	0	.3154911	.3033456	.3811633	0
1048.15	0	.315104	.3035082	.3813879	0
1047.15	0	.3147192	.3036688	.381612	0
1046.15	0	.3143369	.3038275	.3818356	0
1045.15	0	.313957	.3039843	.3820587	0
1044.15	0	.3135795	.3041391	.3822814	0
1043.15	0	.3132044	.304292	.3825035	0
1042.15	0	.3128318	.304443	.3827253	0
1041.15	0	.3124615	.304592	.3829465	0
1040.15	0	.3120937	.3047391	.3831672	0
1039.15	0	.3117283	.3048842	.3833875	0
1038.15	0	.3113653	.3050274	.3836073	0
1037.15	0	.3110047	.3051686	.3838266	0
1036.15	0	.3106466	.3053079	.3840455	0
1035.15	0	.3102909	.3054453	.3842639	0
1034.15	0	.3099376	.3055807	.3844818	0
1033.15	0	.3095867	.3057141	.3846992	0
1032.15	0	.3092383	.3058456	.3849162	0
1031.15	0	.3088923	.3059751	.3851326	0
1030.15	0	.3085487	.3061027	.3853487	0
1029.15	0	.3082075	.3062283	.3855642	0
1028.15	0	.3078688	.3063519	.3857793	0
1027.15	0	.3075325	.3064736	.3859939	0
1026.15	0	.3071987	.3065934	.386208	0
1025.15	0	.3068673	.3067111	.3864216	0
1024.15	0	.3065383	.3068269	.3866348	0
1023.15	0	.3062117	.3069408	.3868475	0
1022.15	0	.3058876	.3070526	.3870598	0
1021.15	0	.305566	.3071625	.3872715	0
1020.15	0	.3052468	.3072704	.3874828	0
1019.15	0	.30493	.3073764	.3876936	0
1018.15	0	.3046157	.3074803	.387904	0
1017.15	0	.3043038	.3075823	.3881139	0
1016.15	0	.3039944	.3076824	.3883233	0
1015.15	0	.3036874	.3077804	.3885322	0
1014.15	0	.3033829	.3078765	.3887407	0
1013.15	0	.3030808	.3079705	.3889487	0
1012.15	0	.3027812	.3080626	.3891562	0
1011.15	0	.3024841	.3081527	.3893632	0
1010.15	0	.3021894	.3082409	.3895698	0
1009.15	0	.3018971	.308327	.3897759	0
1008.15	0	.3016074	.3084112	.3899815	0
1007.15	0	.30132	.3084933	.3901867	0
1006.15	0	.3010352	.3085735	.3903913	0
1005.15	0	.3007528	.3086517	.3905955	0
1004.15	0	.3004729	.3087278	.3907993	0
1003.15	0	.3001955	.308802	.3910025	0
1002.15	0	.2999205	.3088742	.3912053	0
1001.15	0	.299648	.3089444	.3914076	0
1000.15	0	.299378	.3090126	.3916094	0
999.15	0	.2991104	.3090788	.3918108	0
998.15	0	.2988453	.309143	.3920116	0
997.15	0	.2985828	.3092052	.392212	0
996.15	0	.2983226	.3092655	.3924119	0
995.15	0	.298065	.3093237	.3926113	0
994.15	0	.2978099	.3093799	.3928103	0
993.15	0	.2975572	.3094341	.3930087	0
992.15	0	.297307	.3094863	.3932067	0
991.15	0	.2970593	.3095365	.3934042	0
990.15	0	.2968141	.3095846	.3936012	0
989.15	0	.2965714	.3096308	.3937978	0
988.15	0	.2963312	.309675	.3939938	0
987.15	0	.2960935	.3097172	.3941893	0
986.15	0	.2958582	.3097573	.3943844	0
985.15	0	.2956255	.3097955	.394579	0
984.15	0	.2953953	.3098317	.3947731	0
983.15	0	.2951675	.3098658	.3949667	0
982.15	0	.2949423	.3098979	.3951598	0
981.15	0	.2947195	.3099281	.3953524	0
980.15	0	.2944993	.3099562	.3955445	0
979.15	0	.2942816	.3099823	.3957361	0
978.15	0	.2940663	.3100064	.3959272	0
977.15	0	.2938536	.3100285	.3961178	0
976.15	0	.2936434	.3100487	.396308	0
975.15	0	.2934357	.3100667	.3964976	0
974.15	0	.2932305	.3100828	.3966867	0
973.15	0	.2930278	.3100969	.3968753	0
972.15	0	.2928276	.310109	.3970634	0
971.15	0	.2926299	.3101191	.397251	0
970.15	0	.2924347	.3101272	.3974381	0
969.15	0	.2922421	.3101333	.3976247	0
968.15	0	.2920519	.3101374	.3978107	0
967.15	0	.2918643	.3101395	.3979963	0
966.15	0	.2916792	.3101395	.3981813	0
965.15	0	.2914966	.3101376	.3983658	0
964.15	0	.2913165	.3101338	.3985498	0
963.15	0	.2911389	.3101279	.3987332	0
962.15	0	.2909638	.31012	.3989162	0
961.15	0	.2907913	.3101101	.3990986	0
960.15	0	.2906212	.3100983	.3992805	0
959.15	0	.2904537	.3100845	.3994618	0
958.15	0	.2902887	.3100687	.3996426	0
957.15	0	.2901262	.3100509	.3998229	0
956.15	0	.2899662	.3100311	.4000027	0
955.15	0	.2898087	.3100094	.4001819	0
954.15	0	.2896537	.3099857	.4003605	0
953.15	0	.2895013	.3099601	.4005387	0
952.15	0	.2893514	.3099324	.4007162	0
951.15	0	.2892039	.3099029	.4008932	0
950.15	0	.289059	.3098713	.4010697	0
949.15	0	.2889165	.3098379	.4012456	0
948.15	0	.2887766	.3098024	.4014209	0
947.15	0	.2886392	.3097651	.4015957	0
946.15	0	.2885043	.3097258	.40177	0
945.15	0	.2883719	.3096846	.4019436	0
944.15	0	.2882419	.3096414	.4021167	0
943.15	0	.2881145	.3095963	.4022892	0
942.15	0	.2879896	.3095493	.4024611	0
941.15	0	.2878671	.3095004	.4026325	0
940.15	0	.2877472	.3094496	.4028032	0
939.15	0	.2876297	.3093969	.4029734	0
938.15	0	.2875147	.3093423	.403143	0
937.15	0	.2874022	.3092859	.403312	0
936.15	0	.2872922	.3092275	.4034803	0
935.15	0	.2871846	.3091673	.4036481	0
934.15	0	.2870795	.3091052	.4038153	0
933.15	0	.2869769	.3090413	.4039819	0
932.15	0	.2868767	.3089755	.4041479	0
931.15	0	.286779	.3089078	.4043132	0
930.15	0	.2866837	.3088384	.4044779	0
929.15	0	.2865909	.3087671	.404642	0
928.15	0	.2865005	.308694	.4048055	0
927.15	0	.2864126	.3086192	.4049683	0
926.15	0	.2863271	.3085425	.4051304	0
925.15	0	.286244	.308464	.405292	0
924.15	0	.2861633	.3083838	.4054529	0
923.15	0	.2860851	.3083018	.4056131	0
922.15	0	.2860092	.3082181	.4057727	0
921.15	0	.2859358	.3081326	.4059316	0
920.15	0	.2858647	.3080455	.4060898	0
919.15	0	.285796	.3079566	.4062474	0
918.15	0	.2857297	.307866	.4064043	0
917.15	0	.2856658	.3077737	.4065605	0
916.15	0	.2856043	.3076797	.406716	0
915.15	0	.285545	.3075841	.4068708	0
914.15	0	.2854882	.3074869	.4070249	0
913.15	0	.2854336	.307388	.4071784	0
912.15	0	.2853814	.3072876	.407331	0
911.15	0	.2853315	.3071855	.407483	0
910.15	0	.2852839	.3070818	.4076343	0
909.15	0	.2852386	.3069766	.4077848	0
908.15	0	.2851956	.3068699	.4079345	0
907.15	0	.2851548	.3067616	.4080836	0
906.15	0	.2851163	.3066519	.4082318	0
905.15	0	.2850801	.3065406	.4083793	0
904.15	0	.285046	.3064279	.4085261	0
903.15	0	.2850142	.3063137	.4086721	0
902.15	0	.2849846	.3061981	.4088173	0
901.15	0	.2849572	.3060811	.4089617	0
900.15	0	.284932	.3059628	.4091053	0
899.15	0	.2849089	.3058431	.4092481	0
898.15	0	.284888	.305722	.4093901	0
897.15	0	.2848691	.3055996	.4095312	0
896.15	0	.2848524	.305476	.4096716	0
895.15	0	.2848378	.3053511	.4098111	0
894.15	0	.2848253	.305225	.4099497	0
893.15	0	.2848148	.3050977	.4100875	0
892.15	0	.2848064	.3049692	.4102244	0
891.15	0	.2848	.3048396	.4103605	0
890.15	0	.2847955	.3047088	.4104957	0
889.15	0	.2847931	.304577	.4106299	0
888.15	0	.2847926	.3044441	.4107633	0
887.15	0	.284794	.3043102	.4108958	0
886.15	0	.2847974	.3041754	.4110273	0
885.15	0	.2848026	.3040395	.4111579	0
884.15	0	.2848097	.3039028	.4112875	0
883.15	0	.2848186	.3037652	.4114162	0
882.15	0	.2848293	.3036267	.411544	0
881.15	0	.2848418	.3034875	.4116707	0
880.15	0	.2848561	.3033475	.4117965	0
879.15	0	.2848721	.3032067	.4119212	0
878.15	0	.2848898	.3030653	.4120449	0
877.15	0	.2849091	.3029233	.4121676	0
876.15	0	.2849301	.3027807	.4122892	0
875.15	0	.2849527	.3026375	.4124098	0
874.15	0	.2849768	.3024938	.4125294	0
873.15	0	.2850025	.3023497	.4126478	0
872.15	0	.2850297	.3022052	.4127651	0
871.15	0	.2850584	.3020604	.4128813	0
870.15	0	.2850884	.3019152	.4129964	0
869.15	0	.2851199	.3017698	.4131103	0
868.15	0	.2851527	.3016243	.413223	0
867.15	0	.2851868	.3014786	.4133346	0
866.15	0	.2852222	.3013329	.413445	0
865.15	0	.2852587	.3011872	.4135541	0
864.15	0	.2852965	.3010415	.413662	0
863.15	0	.2853354	.300896	.4137686	0
862.15	0	.2853753	.3007507	.413874	0
861.15	0	.2854163	.3006057	.4139781	0
860.15	0	.2854582	.300461	.4140808	0
859.15	0	.2855011	.3003167	.4141822	0
858.15	0	.2855448	.3001729	.4142822	0
857.15	0	.2855894	.3000297	.4143809	0
856.15	0	.2856347	.2998872	.4144781	0
855.15	0	.2856807	.2997455	.4145739	0
854.15	0	.2857272	.2996046	.4146682	0
853.15	0	.2857744	.2994646	.414761	0
852.15	0	.285822	.2993257	.4148523	0
851.15	0	.2858701	.2991879	.414942	0
850.15	0	.2859185	.2990514	.4150302	0
849.15	0	.2859671	.2989162	.4151167	0
848.15	0	.286016	.2987824	.4152016	0
847.15	0	.2860649	.2986503	.4152848	0
846.15	0	.2861139	.2985199	.4153662	0
845.15	0	.2861627	.2983913	.4154459	0
844.15	0	.2862114	.2982648	.4155238	0
843.15	0	.2862598	.2981403	.4155999	0
842.15	0	.2863079	.2980181	.4156741	0
841.15	0	.2863554	.2978983	.4157463	0
840.15	0	.2864024	.2977811	.4158165	0
839.15	0	.2864486	.2976667	.4158847	0
838.15	0	.2864939	.2975553	.4159508	0
837.15	0	.2865383	.2974469	.4160147	0
836.15	0	.2865816	.297342	.4160765	0
835.15	0	.2866235	.2972405	.4161359	0
834.15	0	.2866641	.2971429	.416193	0
833.15	0	.286703	.2970493	.4162477	0
832.15	0	.2867401	.29696	.4162999	0
831.15	0	.2867752	.2968753	.4163495	0
830.15	0	.2868082	.2967954	.4163964	0
829.15	0	.2868388	.2967207	.4164405	0
828.15	0	.2868667	.2966515	.4164818	0
827.15	0	.2868917	.2965882	.4165201	0
826.15	0	.2869136	.2965312	.4165552	0
825.15	0	.286932	.2964809	.4165872	0
824.15	0	.2869466	.2964377	.4166157	0
823.15	0	.286957	.2964023	.4166407	0
822.15	0	.286963	.296375	.416662	0
821.15	0	.286964	.2963566	.4166794	0
820.15	0	.2869596	.2963478	.4166927	0
819.15	0	.2869492	.2963492	.4167016	0
818.15	0	.2869323	.2963617	.416706	0
817.15	0	.2869083	.2963862	.4167055	0
816.15	0	.2868764	.2964238	.4166999	0
815.15	0	.2868358	.2964756	.4166886	0
814.15	0	.2867855	.296543	.4166715	0
813.15	0	.2867246	.2966275	.4166479	0
812.15	0	.2866516	.296731	.4166174	0
811.15	0	.2865653	.2968554	.4165793	0
810.15	0	.2860834	.2975287	.4163879	0
809.15	0	.2856114	.2981938	.4161948	0
808.15	0	.2852275	.2987427	.4160298	0
807.15	0	.2849128	.2992007	.4158864	0
806.15	0	.2846546	.2995855	.41576	0
805.15	0	.2844432	.2999095	.4156473	0
804.15	0	.2842717	.3001823	.415546	0
803.15	0	.2841345	.3004113	.4154543	0
802.15	0	.284027	.3006023	.4153707	0
801.15	0	.2839456	.3007602	.4152942	0
800.15	0	.2838875	.3008888	.4152238	0
799.15	0	.2838499	.3009914	.4151587	0
798.15	0	.2838307	.3010709	.4150984	0
797.15	0	.2838281	.3011296	.4150423	0
796.15	0	.2838404	.3011696	.41499	0
795.15	0	.2838663	.3011927	.414941	0
794.15	0	.2839045	.3012004	.4148951	0
793.15	0	.2839538	.3011943	.4148519	0
792.15	0	.2840133	.3011754	.4148112	0
791.15	0	.2840822	.301145	.4147728	0
790.15	0	.2841595	.3011041	.4147364	0
789.15	0	.2842446	.3010534	.4147019	0
788.15	0	.2843369	.3009939	.4146692	0
787.15	0	.2844357	.3009263	.414638	0
786.15	0	.2845405	.3008513	.4146082	0
785.15	0	.2846508	.3007694	.4145798	0
784.15	0	.2847661	.3006812	.4145527	0
783.15	0	.2848861	.3005872	.4145267	0
782.15	0	.2850103	.300488	.4145017	0
781.15	0	.2851383	.3003839	.4144778	0
780.15	0	.28527	.3002754	.4144547	0
779.15	0	.2854048	.3001627	.4144324	0
778.15	0	.2855427	.3000464	.414411	0
777.15	0	.2856832	.2999266	.4143902	0
776.15	0	.2858262	.2998037	.4143702	0
775.15	0	.2859714	.2996779	.4143507	0
774.15	0	.2861186	.2995495	.4143318	0
773.15	0	.2862677	.2994188	.4143135	0
772.15	0	.2864184	.2992859	.4142957	0
771.15	0	.2865705	.2991512	.4142783	0
770.15	0	.2867269	.2990124	.4142608	0
769.15	0	.2868813	.2988745	.4142443	0
768.15	0	.2870367	.2987352	.4142282	0
767.15	0	.287193	.2985946	.4142124	0
766.15	0	.28735	.298453	.414197	0
765.15	0	.2875077	.2983105	.4141818	0
764.15	0	.2876659	.2981671	.414167	0
763.15	0	.2878246	.2980231	.4141524	0
762.15	0	.2879836	.2978784	.414138	0
761.15	0	.2881429	.2977333	.4141238	0
760.15	0	.2883023	.2975878	.4141099	0
759.15	0	.2884618	.2974421	.4140962	0
758.15	0	.2886213	.2972962	.4140826	0
757.15	0	.2887807	.2971501	.4140692	0
756.15	0	.28894	.2970041	.4140559	0
755.15	0	.2890991	.2968581	.4140428	0
754.15	0	.289258	.2967122	.4140298	0
753.15	0	.2894166	.2965665	.4140169	0
752.15	0	.2895748	.2964211	.4140041	0
751.15	0	.2897326	.296276	.4139914	0
750.15	0	.2898899	.2961312	.4139788	0
749.15	0	.2900468	.2959869	.4139663	0
748.15	0	.2902031	.295843	.4139539	0
747.15	0	.2903589	.2956996	.4139415	0
746.15	0	.2905141	.2955568	.4139291	0
745.15	0	.2906686	.2954146	.4139169	0
744.15	0	.2908224	.295273	.4139046	0
743.15	0	.2909756	.295132	.4138924	0
742.15	0	.291128	.2949918	.4138802	0
741.15	0	.2912797	.2948522	.4138681	0
740.15	0	.2914306	.2947134	.4138559	0
739.15	0	.2915807	.2945754	.4138438	0
738.15	0	.2917301	.2944382	.4138317	0
737.15	0	.2918786	.2943019	.4138196	0
736.15	0	.2920262	.2941663	.4138075	0
735.15	0	.2921729	.2940317	.4137954	0
734.15	0	.2923188	.2938979	.4137833	0
733.15	0	.2924638	.293765	.4137711	0
732.15	0	.2926079	.2936331	.413759	0
731.15	0	.2927511	.2935021	.4137468	0
730.15	0	.2928933	.293372	.4137347	0
729.15	0	.2930346	.2932429	.4137225	0
728.15	0	.293175	.2931148	.4137103	0
727.15	0	.2933144	.2929876	.413698	0
726.15	0	.2934528	.2928615	.4136857	0
725.15	0	.2935903	.2927363	.4136734	0
724.15	0	.2937267	.2926122	.4136611	0
723.15	0	.2938623	.292489	.4136487	0
722.15	0	.2939968	.2923669	.4136363	0
721.15	0	.2941303	.2922458	.4136238	0
720.15	0	.2942629	.2921258	.4136113	0
719.15	0	.2943944	.2920068	.4135988	0
718.15	0	.2945249	.2918889	.4135862	0
717.15	0	.2946545	.2917719	.4135736	0
716.15	0	.294783	.2916561	.4135609	0
715.15	0	.2949106	.2915413	.4135482	0
714.15	0	.2950371	.2914275	.4135354	0
713.15	0	.2951627	.2913148	.4135226	0
712.15	0	.2952872	.2912031	.4135097	0
711.15	0	.2954107	.2910925	.4134967	0
710.15	0	.2955333	.290983	.4134837	0
709.15	0	.2956548	.2908745	.4134707	0
708.15	0	.2957754	.2907671	.4134576	0
707.15	0	.2958949	.2906607	.4134444	0
706.15	0	.2960135	.2905553	.4134312	0
705.15	0	.296131	.2904511	.4134179	0
704.15	0	.2962476	.2903478	.4134046	0
703.15	0	.2963632	.2902456	.4133912	0
702.15	0	.2964778	.2901445	.4133777	0
701.15	0	.2965914	.2900444	.4133642	0
700.15	0	.296704	.2899453	.4133507	0
699.15	0	.2968157	.2898473	.413337	0
698.15	0	.2969264	.2897503	.4133233	0
697.15	0	.2970361	.2896543	.4133095	0
696.15	0	.2971449	.2895594	.4132957	0
695.15	0	.2972527	.2894655	.4132818	0
694.15	0	.2973596	.2893725	.4132679	0
693.15	0	.2974655	.2892806	.4132539	0
692.15	0	.2975705	.2891898	.4132398	0
691.15	0	.2976745	.2890999	.4132256	0
690.15	0	.2977776	.289011	.4132114	0
689.15	0	.2978797	.2889231	.4131972	0
688.15	0	.297981	.2888362	.4131828	0
687.15	0	.2980813	.2887503	.4131684	0
686.15	0	.2981807	.2886653	.4131539	0
685.15	0	.2982792	.2885814	.4131394	0
684.15	0	.2983768	.2884984	.4131248	0
683.15	0	.2984735	.2884164	.4131102	0
682.15	0	.2985693	.2883353	.4130954	0
681.15	0	.2986642	.2882552	.4130807	0
680.15	0	.2987582	.288176	.4130658	0
679.15	0	.2988513	.2880978	.4130509	0
678.15	0	.2989436	.2880205	.4130359	0
677.15	0	.299035	.2879442	.4130209	0
676.15	0	.2991255	.2878687	.4130058	0
675.15	0	.2992152	.2877942	.4129906	0
674.15	0	.299304	.2877206	.4129753	0
673.15	0	.299392	.287648	.4129601	0
672.15	0	.2994791	.2875762	.4129447	0
671.15	0	.2995654	.2875053	.4129293	0
670.15	0	.2996509	.2874353	.4129138	0
669.15	0	.2997356	.2873662	.4128982	0
668.15	0	.2998194	.287298	.4128826	0
667.15	0	.2999024	.2872307	.4128669	0
666.15	0	.2999846	.2871642	.4128512	0
665.15	0	.300066	.2870986	.4128354	0
664.15	0	.3001466	.2870338	.4128195	0
663.15	0	.3002265	.28697	.4128036	0
662.15	0	.3003055	.2869069	.4127876	0
661.15	0	.3003837	.2868447	.4127716	0
660.15	0	.3004612	.2867833	.4127554	0
659.15	0	.3005379	.2867228	.4127393	0
658.15	0	.3006139	.286663	.4127231	0
657.15	0	.3006891	.2866041	.4127068	0
656.15	0	.3007635	.2865461	.4126904	0
655.15	0	.3008372	.2864888	.412674	0
654.15	0	.3009102	.2864323	.4126576	0
653.15	0	.3009824	.2863766	.412641	0
652.15	0	.3010539	.2863217	.4126245	0
651.15	0	.3011246	.2862675	.4126078	0
650.15	0	.3011947	.2862142	.4125911	0
649.15	0	.301264	.2861616	.4125744	0
648.15	0	.3013326	.2861098	.4125576	0
647.15	0	.3014006	.2860588	.4125407	0
646.15	0	.3014678	.2860085	.4125238	0
645.15	0	.3015343	.2859589	.4125068	0
644.15	0	.3016001	.2859101	.4124898	0
643.15	0	.3016653	.285862	.4124727	0
642.15	0	.3017298	.2858147	.4124555	0
641.15	0	.3017936	.2857681	.4124383	0
640.15	0	.3018567	.2857222	.4124211	0
639.15	0	.3019192	.2856771	.4124038	0
638.15	0	.301981	.2856326	.4123864	0
637.15	0	.3020421	.2855888	.412369	0
636.15	0	.3021026	.2855458	.4123516	0
635.15	0	.3021625	.2855034	.4123341	0
634.15	0	.3022217	.2854618	.4123165	0
633.15	0	.3022803	.2854208	.4122989	0
632.15	0	.3023383	.2853805	.4122812	0
631.15	0	.3023957	.2853408	.4122635	0
630.15	0	.3024524	.2853019	.4122458	0
629.15	0	.3025085	.2852635	.412228	0
628.15	0	.302564	.2852259	.4122101	0
627.15	0	.3026189	.2851889	.4121922	0
626.15	0	.3026732	.2851526	.4121742	0
625.15	0	.3027269	.2851169	.4121562	0
624.15	0	.30278	.2850818	.4121382	0
623.15	0	.3028325	.2850474	.4121201	0
622.15	0	.3028845	.2850135	.412102	0
621.15	0	.3029359	.2849804	.4120838	0
620.15	0	.3029867	.2849478	.4120656	0
619.15	0	.3030369	.2849158	.4120473	0
618.15	0	.3030866	.2848845	.412029	0
617.15	0	.3031357	.2848537	.4120106	0
616.15	0	.3031842	.2848236	.4119922	0
615.15	0	.3032322	.284794	.4119738	0
614.15	0	.3032797	.2847651	.4119553	0
613.15	0	.3033266	.2847367	.4119367	0
612.15	0	.3033729	.2847089	.4119182	0
611.15	0	.3034188	.2846817	.4118996	0
610.15	0	.3034641	.284655	.4118809	0
609.15	0	.3035089	.2846289	.4118622	0
608.15	0	.3035531	.2846034	.4118435	0
607.15	0	.3035969	.2845784	.4118247	0
606.15	0	.3036401	.284554	.4118059	0
605.15	0	.3036828	.2845301	.4117871	0
604.15	0	.303725	.2845068	.4117682	0
603.15	0	.3037667	.284484	.4117493	0
602.15	0	.3038079	.2844618	.4117303	0
601.15	0	.3038486	.28444	.4117113	0
600.15	0	.3038889	.2844188	.4116923	0
599.15	0	.3039286	.2843981	.4116732	0
598.15	0	.3039679	.284378	.4116542	0
597.15	0	.3040067	.2843583	.411635	0
596.15	0	.304045	.2843392	.4116159	0
595.15	0	.3040828	.2843206	.4115967	0
594.15	0	.3041202	.2843024	.4115774	0
593.15	0	.3041571	.2842848	.4115582	0
592.15	0	.3041935	.2842676	.4115389	0
591.15	0	.3042295	.284251	.4115196	0
590.15	0	.304265	.2842348	.4115002	0
589.15	0	.3043001	.2842191	.4114808	0
588.15	0	.3043347	.2842039	.4114614	0
587.15	0	.3043689	.2841891	.411442	0
586.15	0	.3044027	.2841748	.4114225	0
585.15	0	.304436	.284161	.411403	0
584.15	0	.3044688	.2841477	.4113835	0
583.15	0	.3045013	.2841348	.4113639	0
582.15	0	.3045333	.2841223	.4113444	0
581.15	0	.3045649	.2841103	.4113248	0
580.15	0	.3045961	.2840988	.4113051	0
579.15	0	.3046269	.2840877	.4112855	0
578.15	0	.3046572	.284077	.4112658	0
577.15	0	.3046871	.2840668	.4112461	0
576.15	0	.3047167	.284057	.4112264	0
575.15	0	.3047458	.2840476	.4112066	0
574.15	0	.3047745	.2840386	.4111869	0
573.15	0	.3048029	.2840301	.4111671	0
572.15	0	.3048308	.284022	.4111472	0
571.15	0	.3048583	.2840142	.4111274	0
570.15	0	.3048855	.284007	.4111076	0
569.15	0	.3049123	.2840001	.4110877	0
568.15	0	.3049386	.2839936	.4110678	0
567.15	0	.3049647	.2839875	.4110479	0
566.15	0	.3049903	.2839818	.411028	0
565.15	0	.3050155	.2839765	.411008	0
564.15	0	.3050404	.2839715	.410988	0
563.15	0	.305065	.283967	.410968	0
562.15	0	.3050891	.2839629	.410948	0
561.15	0	.3051129	.2839591	.410928	0
560.15	0	.3051363	.2839557	.410908	0
559.15	0	.3051594	.2839527	.410888	0
558.15	0	.3051821	.28395	.4108679	0
557.15	0	.3052045	.2839477	.4108478	0
556.15	0	.3052265	.2839458	.4108277	0
555.15	0	.3052482	.2839442	.4108076	0
554.15	0	.3052695	.283943	.4107875	0
553.15	0	.3052905	.2839421	.4107674	0
552.15	0	.3053111	.2839416	.4107472	0
551.15	0	.3053315	.2839415	.4107271	0
550.15	0	.3053514	.2839416	.4107069	0
549.15	0	.3053711	.2839422	.4106868	0
548.15	0	.3053904	.283943	.4106666	0
547.15	0	.3054094	.2839442	.4106464	0
546.15	0	.3054281	.2839457	.4106262	0
545.15	0	.3054464	.2839476	.410606	0
544.15	0	.3054645	.2839498	.4105858	0
543.15	0	.3054822	.2839523	.4105656	0
542.15	0	.3054996	.2839551	.4105454	0
541.15	0	.3055167	.2839582	.4105251	0
540.15	0	.3055335	.2839617	.4105049	0
539.15	0	.3055499	.2839654	.4104846	0
538.15	0	.3055661	.2839695	.4104644	0
537.15	0	.305582	.2839739	.4104442	0
536.15	0	.3055976	.2839785	.4104239	0
535.15	0	.3056128	.2839835	.4104036	0
534.15	0	.3056278	.2839888	.4103834	0
533.15	0	.3056425	.2839944	.4103631	0
532.15	0	.3056569	.2840002	.4103429	0
531.15	0	.305671	.2840064	.4103226	0
530.15	0	.3056848	.2840128	.4103023	0
529.15	0	.3056984	.2840195	.4102821	0
528.15	0	.3057116	.2840266	.4102618	0
527.15	0	.3057246	.2840338	.4102416	0
526.15	0	.3057373	.2840414	.4102213	0
525.15	0	.3057498	.2840492	.410201	0
524.15	0	.3057619	.2840573	.4101808	0
523.15	0	.3057738	.2840657	.4101605	0
522.15	0	.3057854	.2840743	.4101403	0
521.15	0	.3057968	.2840832	.41012	0
520.15	0	.3058078	.2840924	.4100998	0
519.15	0	.3058187	.2841018	.4100796	0
518.15	0	.3058292	.2841114	.4100593	0
517.15	0	.3058395	.2841214	.4100391	0
516.15	0	.3058496	.2841316	.4100189	0
515.15	0	.3058594	.284142	.4099987	0
514.15	0	.3058689	.2841526	.4099785	0
513.15	0	.3058782	.2841635	.4099583	0
512.15	0	.3058872	.2841747	.4099381	0
511.15	0	.305896	.2841861	.4099179	0
510.15	0	.3059045	.2841977	.4098978	0
509.15	0	.3059128	.2842096	.4098776	0
508.15	0	.3059209	.2842217	.4098574	0
507.15	0	.3059287	.284234	.4098373	0
506.15	0	.3059364	.2842465	.409817	0
505.15	0	.3059438	.2842593	.4097969	0
504.15	0	.3059509	.2842723	.4097768	0
503.15	0	.3059578	.2842855	.4097567	0
502.15	0	.3059644	.2842989	.4097366	0
501.15	0	.3059708	.2843126	.4097166	0
500.15	0	.305977	.2843265	.4096965	0
499.15	0	.305983	.2843405	.4096765	0
498.15	0	.3059887	.2843548	.4096565	0
497.15	0	.3059942	.2843693	.4096365	0
496.15	0	.3059995	.284384	.4096165	0
495.15	0	.3060046	.2843989	.4095965	0
494.15	0	.3060095	.284414	.4095765	0
493.15	0	.3060141	.2844293	.4095566	0
492.15	0	.3060185	.2844448	.4095367	0
491.15	0	.3060228	.2844605	.4095168	0
490.15	0	.3060268	.2844763	.4094969	0
489.15	0	.3060306	.2844924	.409477	0
488.15	0	.3060342	.2845087	.4094572	0
487.15	0	.3060375	.2845251	.4094373	0
486.15	0	.3060407	.2845417	.4094176	0
485.15	0	.3060437	.2845586	.4093978	0
484.15	0	.3060465	.2845755	.409378	0
483.15	0	.306049	.2845927	.4093583	0
482.15	0	.3060514	.2846101	.4093385	0
481.15	0	.3060536	.2846276	.4093189	0
480.15	0	.3060556	.2846453	.4092992	0
479.15	0	.3060574	.2846631	.4092795	0
478.15	0	.306059	.2846811	.4092599	0
477.15	0	.3060604	.2846993	.4092403	0
476.15	0	.3060616	.2847177	.4092207	0
475.15	0	.3060626	.2847362	.4092012	0
474.15	0	.3060635	.2847549	.4091817	0
473.15	0	.3060641	.2847737	.4091622	0
472.15	0	.3060646	.2847927	.4091427	0
471.15	0	.3060649	.2848119	.4091233	0
470.15	0	.306065	.2848312	.4091038	0
469.15	0	.3060649	.2848506	.4090845	0
468.15	0	.3060647	.2848702	.4090651	0
467.15	0	.3060643	.28489	.4090458	0
466.15	0	.3060637	.2849099	.4090265	0
465.15	0	.3060629	.2849299	.4090072	0
464.15	0	.3060619	.2849501	.408988	0
463.15	0	.3060608	.2849704	.4089688	0
462.15	0	.3060595	.2849909	.4089496	0
461.15	0	.3060581	.2850115	.4089305	0
460.15	0	.3060565	.2850322	.4089114	0
459.15	0	.3060547	.2850531	.4088923	0
458.15	0	.3060527	.2850741	.4088732	0
457.15	0	.3060506	.2850952	.4088542	0
456.15	0	.3060483	.2851165	.4088352	0
455.15	0	.3060459	.2851378	.4088163	0
454.15	0	.3060433	.2851593	.4087974	0
453.15	0	.3060405	.285181	.4087785	0
452.15	0	.3060376	.2852027	.4087597	0
451.15	0	.3060345	.2852246	.4087409	0
450.15	0	.3060313	.2852466	.4087221	0
449.15	0	.3060279	.2852687	.4087034	0
448.15	0	.3060244	.2852909	.4086847	0
447.15	0	.3060207	.2853132	.4086661	0
446.15	0	.3060169	.2853356	.4086475	0
445.15	0	.306013	.2853581	.4086289	0
444.15	0	.3060089	.2853807	.4086104	0
443.15	0	.3060047	.2854034	.4085919	0
442.15	0	.3060003	.2854262	.4085735	0
441.15	0	.3059958	.2854491	.4085551	0
440.15	0	.3059912	.285472	.4085368	0
439.15	0	.3059865	.2854951	.4085185	0
