T	 BPW(LIQUID)	BPW(BCC_A2)	BPW(FCC_A1)	BPW(LAVES_PHASE_C14)	BPW(NI3TI)
1473.15	.5058266	.4688502	0	.02532324	0
1472.15	.4982863	.4738668	0	.02784694	0
1471.15	.4908836	.4787875	0	.03032898	0
1470.15	.4836147	.4836148	0	.03277049	0
1469.15	.4764762	.4883512	0	.03517258	0
1468.15	.4694647	.492999	0	.03753631	0
1467.15	.4625768	.4975605	0	.03986271	0
1466.15	.4558092	.502038	0	.04215276	0
1465.15	.4491591	.5064335	0	.04440743	0
1464.15	.4426233	.5107491	0	.04662763	0
1463.15	.4361989	.5149868	0	.04881426	0
1462.15	.4298832	.5191486	0	.05096819	0
1461.15	.4236736	.5232362	0	.05309024	0
1460.15	.4175672	.5272515	0	.05518124	0
1459.15	.4115617	.5311963	0	.05724196	0
1458.15	.4056546	.5350723	0	.05927315	0
1457.15	.3998434	.5388811	0	.06127555	0
1456.15	.3941259	.5426242	0	.06324987	0
1455.15	.3884999	.5463033	0	.06519679	0
1454.15	.3829632	.5499198	0	.06711698	0
1453.15	.3775137	.5534752	0	.06901109	0
1452.15	.3721494	.5569709	0	.07087974	0
1451.15	.3668682	.5604082	0	.07272353	0
1450.15	.3616684	.5637886	0	.07454305	0
1449.15	.3565479	.5671132	0	.07633888	0
1448.15	.3515051	.5703833	0	.07811155	0
1447.15	.3465382	.5736002	0	.07986162	0
1446.15	.3416454	.576765	0	.08158959	0
1445.15	.3368252	.5798788	0	.08329598	0
1444.15	.3320759	.5829429	0	.08498126	0
1443.15	.3273959	.5859581	0	.08664593	0
1442.15	.3227838	.5889257	0	.08829044	0
1441.15	.3182381	.5918467	0	.08991523	0
1440.15	.3137573	.5947219	0	.09152075	0
1439.15	.3093401	.5975525	0	.09310741	0
1438.15	.3049851	.6003392	0	.09467564	0
1437.15	.300691	.6030832	0	.09622582	0
1436.15	.2964565	.6057851	0	.09775835	0
1435.15	.2922804	.608446	0	.0992736	0
1434.15	.2881615	.6110666	0	.1007719	0
1433.15	.2840985	.6136478	0	.1022537	0
1432.15	.2800903	.6161903	0	.1037193	0
1431.15	.2761359	.618695	0	.1051691	0
1430.15	.2722341	.6211626	0	.1066033	0
1429.15	.2683839	.6235939	0	.1080222	0
1428.15	.2645842	.6259895	0	.1094263	0
1427.15	.260834	.6283502	0	.1108158	0
1426.15	.2571323	.6306767	0	.112191	0
1425.15	.2534783	.6329695	0	.1135522	0
1424.15	.2498709	.6352295	0	.1148996	0
1423.15	.2463093	.6374572	0	.1162336	0
1422.15	.2427925	.6396531	0	.1175543	0
1421.15	.2393198	.6418181	0	.1188622	0
1420.15	.2358902	.6439525	0	.1201574	0
1419.15	.2325029	.646057	0	.1214401	0
1418.15	.2291572	.6481322	0	.1227106	0
1417.15	.2258522	.6501786	0	.1239692	0
1416.15	.2225872	.6521967	0	.1252161	0
1415.15	.2193615	.6541871	0	.1264514	0
1414.15	.2161743	.6561502	0	.1276755	0
1413.15	.2130249	.6580866	0	.1288885	0
1412.15	.2099126	.6599968	0	.1300906	0
1411.15	.2068368	.6618812	0	.131282	0
1410.15	.2037968	.6637403	0	.132463	0
1409.15	.2007918	.6655745	0	.1336337	0
1408.15	.1978214	.6673843	0	.1347943	0
1407.15	.1948849	.6691701	0	.135945	0
1406.15	.1919817	.6709324	0	.137086	0
1405.15	.1891111	.6726715	0	.1382174	0
1404.15	.1862727	.6743879	0	.1393394	0
1403.15	.1834658	.6760819	0	.1404523	0
1402.15	.18069	.677754	0	.141556	0
1401.15	.1779446	.6794045	0	.1426509	0
1400.15	.1752292	.6810338	0	.1437371	0
1399.15	.1725431	.6826422	0	.1448147	0
1398.15	.1698861	.6842301	0	.1458838	0
1397.15	.1672574	.6857979	0	.1469446	0
1396.15	.1646568	.6873459	0	.1479973	0
1395.15	.1620836	.6888744	0	.149042	0
1394.15	.1595374	.6903838	0	.1500789	0
1393.15	.1570178	.6918743	0	.1511079	0
1392.15	.1545244	.6933462	0	.1521294	0
1391.15	.1520566	.6948	0	.1531434	0
1390.15	.1496141	.6962358	0	.1541501	0
1389.15	.1471965	.6976541	0	.1551495	0
1388.15	.1448033	.6990549	0	.1561417	0
1387.15	.1424343	.7004387	0	.157127	0
1386.15	.1400888	.7018057	0	.1581054	0
1385.15	.1377667	.7031562	0	.1590771	0
1384.15	.1354675	.7044905	0	.160042	0
1383.15	.1331908	.7058087	0	.1610004	0
1382.15	.1309364	.7071112	0	.1619524	0
1381.15	.1287038	.7083982	0	.162898	0
1380.15	.1264927	.70967	0	.1638374	0
1379.15	.1243027	.7109267	0	.1647706	0
1378.15	.1221336	.7121687	0	.1656977	0
1377.15	.119985	.7133961	0	.1666189	0
1376.15	.1178566	.7146091	0	.1675343	0
1375.15	.1157481	.7158081	0	.1684438	0
1374.15	.1136592	.7169932	0	.1693477	0
1373.15	.1115895	.7181646	0	.1702459	0
1372.15	.1095388	.7193225	0	.1711387	0
1371.15	.1075069	.7204672	0	.172026	0
1370.15	.1054933	.7215988	0	.172908	0
1369.15	.1034979	.7227175	0	.1737846	0
1368.15	.1015203	.7238235	0	.1746562	0
1367.15	.09956036	.7249171	0	.1755225	0
1366.15	.09761775	.7259984	0	.1763839	0
1365.15	.09569222	.7270675	0	.1772403	0
1364.15	.09378352	.7281247	0	.1780918	0
1363.15	.09189141	.7291701	0	.1789385	0
1362.15	.09001564	.730204	0	.1797804	0
1361.15	.08815597	.7312264	0	.1806176	0
1360.15	.08631217	.7322376	0	.1814503	0
1359.15	.08448402	.7332376	0	.1822783	0
1358.15	.08267128	.7342268	0	.1831019	0
1357.15	.08087374	.7352052	0	.1839211	0
1356.15	.07909117	.7361729	0	.1847359	0
1355.15	.07732337	.7371302	0	.1855465	0
1354.15	.07557013	.7380771	0	.1863528	0
1353.15	.07383123	.7390139	0	.1871549	0
1352.15	.07210648	.7399407	0	.1879529	0
1351.15	.07039568	.7408575	0	.1887468	0
1350.15	.06869863	.7417647	0	.1895367	0
1349.15	.06701515	.7426622	0	.1903227	0
1348.15	.06534504	.7435502	0	.1911048	0
1347.15	.06368811	.7444289	0	.191883	0
1346.15	.0620442	.7452984	0	.1926575	0
1345.15	.06041311	.7461587	0	.1934282	0
1344.15	.05879467	.7470102	0	.1941952	0
1343.15	.05718871	.7478528	0	.1949585	0
1342.15	.05559506	.7486866	0	.1957183	0
1341.15	.05401355	.7495119	0	.1964745	0
1340.15	.05244403	.7503287	0	.1972273	0
1339.15	.05088632	.7511371	0	.1979766	0
1338.15	.04934026	.7519373	0	.1987224	0
1337.15	.04780571	.7527294	0	.1994649	0
1336.15	.04628251	.7535134	0	.2002041	0
1335.15	.04477051	.7542895	0	.20094	0
1334.15	.04326955	.7550578	0	.2016727	0
1333.15	.0417795	.7558183	0	.2024022	0
1332.15	.0403002	.7565713	0	.2031285	0
1331.15	.03883153	.7573168	0	.2038517	0
1330.15	.03737334	.7580548	0	.2045718	0
1329.15	.03592548	.7587856	0	.2052889	0
1328.15	.03448784	.7595091	0	.206003	0
1327.15	.03306026	.7602256	0	.2067142	0
1326.15	.03164264	.760935	0	.2074224	0
1325.15	.03023483	.7616374	0	.2081277	0
1324.15	.02883671	.7623331	0	.2088302	0
1323.15	.02744815	.763022	0	.2095299	0
1322.15	.02606904	.7637042	0	.2102268	0
1321.15	.02469925	.7643799	0	.2109209	0
1320.289	.02352666	.7649567	0	.2115167	0
1320.289	.02352666	.7649567	0	.2115167	0
1320.289	.02352666	.7649567	0	.2115167	0
1320.15	.02253623	.7645202	.001236638	.211707	0
1319.15	.01539696	.7614068	.01012394	.2130723	0
1318.15	.008271679	.7583576	.01894713	.2144236	0
1317.15	.001159883	.7553719	.02770716	.2157611	0
1316.987	0	.7548904	.02913147	.2159781	0
1316.987	0	.7548904	.02913147	.2159781	0
1316.15	0	.753649	.02998298	.216368	0
1315.15	0	.7521691	.03099814	.2168328	0
1314.15	0	.7506933	.03201055	.2172962	0
1313.15	0	.7492215	.03302024	.2177583	0
1312.15	0	.7477538	.0340272	.218219	0
1311.15	0	.7462902	.03503144	.2186784	0
1310.15	0	.7448306	.03603297	.2191365	0
1309.15	0	.743375	.03703179	.2195933	0
1308.15	0	.7419234	.03802791	.2200487	0
1307.15	0	.7404758	.03902133	.2205029	0
1306.15	0	.7390322	.04001207	.2209557	0
1305.15	0	.7375926	.04100012	.2214073	0
1304.15	0	.7361569	.0419855	.2218576	0
1303.15	0	.7347252	.0429682	.2223066	0
1302.15	0	.7332975	.04394823	.2227543	0
1301.15	0	.7318737	.0449256	.2232007	0
1300.15	0	.7304538	.04590032	.2236459	0
1299.15	0	.7290378	.04687239	.2240898	0
1298.15	0	.7276258	.04784181	.2245324	0
1297.15	0	.7262176	.04880859	.2249738	0
1296.15	0	.7248133	.04977273	.225414	0
1295.15	0	.7234128	.05073425	.2258529	0
1294.15	0	.7220163	.05169314	.2262906	0
1293.15	0	.7206236	.05264941	.226727	0
1292.15	0	.7192347	.05360307	.2271622	0
1291.15	0	.7178497	.05455412	.2275962	0
1290.15	0	.7164685	.05550256	.228029	0
1289.15	0	.7150911	.05644841	.2284606	0
1288.15	0	.7137174	.05739166	.2288909	0
1287.15	0	.7123476	.05833232	.2293201	0
1286.15	0	.7109816	.0592704	.229748	0
1285.15	0	.7096194	.06020589	.2301748	0
1284.15	0	.7082609	.06113881	.2306003	0
1283.15	0	.7069061	.06206916	.2310247	0
1282.15	0	.7055551	.06299695	.2314479	0
1281.15	0	.7042079	.06392217	.23187	0
1280.15	0	.7028643	.06484484	.2322908	0
1279.15	0	.7015245	.06576495	.2327105	0
1278.15	0	.7001884	.06668252	.2331291	0
1277.15	0	.698856	.06759754	.2335465	0
1276.15	0	.6975273	.06851002	.2339627	0
1275.15	0	.6962023	.06941997	.2343778	0
1274.15	0	.6948809	.07032739	.2347917	0
1273.15	0	.6935632	.07123228	.2352045	0
1272.15	0	.6922491	.07213464	.2356162	0
1271.15	0	.6909388	.07303449	.2360268	0
1270.15	0	.689632	.07393183	.2364362	0
1269.15	0	.6883289	.07482666	.2368445	0
1268.15	0	.6870293	.07571898	.2372517	0
1267.15	0	.6857335	.0766088	.2376578	0
1266.15	0	.6844412	.07749611	.2380627	0
1265.15	0	.6831525	.07838094	.2384666	0
1264.15	0	.6818674	.07926328	.2388694	0
1263.15	0	.6805858	.08014312	.239271	0
1262.15	0	.6793079	.08102049	.2396716	0
1261.15	0	.6780335	.08189538	.2400711	0
1260.15	0	.6767627	.08276779	.2404696	0
1259.15	0	.6754954	.08363772	.2408669	0
1258.15	0	.6742316	.0845052	.2412632	0
1257.15	0	.6729714	.0853702	.2416584	0
1256.15	0	.6717147	.08623275	.2420525	0
1255.15	0	.6704616	.08709283	.2424456	0
1254.15	0	.6692119	.08795046	.2428376	0
1253.15	0	.6679658	.08880564	.2432286	0
1252.15	0	.6667231	.08965838	.2436185	0
1251.15	0	.665484	.09050866	.2440074	0
1250.15	0	.6642483	.09135651	.2443952	0
1249.15	0	.6630161	.09220192	.244782	0
1248.15	0	.6617873	.09304489	.2451678	0
1247.15	0	.660562	.09388543	.2455525	0
1246.15	0	.6593402	.09472355	.2459362	0
1245.15	0	.6581218	.09555923	.2463189	0
1244.15	0	.6569069	.0963925	.2467006	0
1243.15	0	.6556954	.09722334	.2470813	0
1242.15	0	.6544873	.09805177	.2474609	0
1241.15	0	.6532826	.09887778	.2478396	0
1240.15	0	.6520814	.09970138	.2482172	0
1239.15	0	.6508836	.1005226	.2485939	0
1238.15	0	.6496891	.1013414	.2489695	0
1237.15	0	.6484981	.1021577	.2493442	0
1236.15	0	.6473104	.1029717	.2497179	0
1235.15	0	.6461261	.1037833	.2500906	0
1234.15	0	.6449452	.1045925	.2504623	0
1233.15	0	.6437677	.1053993	.250833	0
1232.15	0	.6425935	.1062037	.2512028	0
1231.15	0	.6414227	.1070057	.2515716	0
1230.15	0	.6402553	.1078054	.2519394	0
1229.15	0	.6390911	.1086026	.2523063	0
1228.15	0	.6379303	.1093975	.2526722	0
1227.15	0	.6367729	.11019	.2530371	0
1226.15	0	.6356188	.1109801	.2534011	0
1225.15	0	.634468	.1117678	.2537642	0
1224.15	0	.6333205	.1125532	.2541263	0
1223.15	0	.6321764	.1133362	.2544875	0
1222.15	0	.6310355	.1141168	.2548477	0
1221.15	0	.6298979	.1148951	.255207	0
1220.15	0	.6287637	.115671	.2555654	0
1219.15	0	.6276327	.1164445	.2559228	0
1218.15	0	.626505	.1172157	.2562793	0
1217.15	0	.6253806	.1179845	.2566349	0
1216.15	0	.6242594	.118751	.2569896	0
1215.15	0	.6231416	.1195151	.2573434	0
1214.15	0	.6220269	.1202768	.2576962	0
1213.15	0	.6209156	.1210362	.2580482	0
1212.15	0	.6198075	.1217933	.2583992	0
1211.15	0	.6187027	.122548	.2587494	0
1210.15	0	.6176011	.1233003	.2590986	0
1209.15	0	.6165027	.1240503	.259447	0
1208.15	0	.6154076	.124798	.2597944	0
1207.15	0	.6143157	.1255433	.260141	0
1206.15	0	.613227	.1262863	.2604867	0
1205.15	0	.6121416	.127027	.2608315	0
1204.15	0	.6110593	.1277653	.2611754	0
1203.15	0	.6099803	.1285012	.2615184	0
1202.15	0	.6089045	.1292349	.2618606	0
1201.15	0	.6078319	.1299662	.2622019	0
1200.15	0	.6067625	.1306952	.2625423	0
1199.15	0	.6056963	.1314218	.2628819	0
1198.15	0	.6046333	.1321461	.2632206	0
1197.15	0	.6035735	.1328681	.2635585	0
1196.15	0	.6025168	.1335877	.2638955	0
1195.15	0	.6014634	.134305	.2642316	0
1194.15	0	.6004131	.13502	.2645669	0
1193.15	0	.599366	.1357327	.2649013	0
1192.15	0	.598322	.136443	.265235	0
1191.15	0	.5972813	.137151	.2655677	0
1190.15	0	.5962436	.1378567	.2658996	0
1189.15	0	.5952092	.1385601	.2662307	0
1188.15	0	.5941779	.1392611	.266561	0
1187.15	0	.5931497	.1399599	.2668904	0
1186.15	0	.5921247	.1406563	.267219	0
1185.15	0	.5911029	.1413503	.2675468	0
1184.15	0	.5900842	.1420421	.2678737	0
1183.15	0	.5890686	.1427315	.2681999	0
1182.15	0	.5880562	.1434186	.2685252	0
1181.15	0	.5870469	.1441034	.2688497	0
1180.15	0	.5860407	.1447859	.2691734	0
1179.15	0	.5850376	.1454661	.2694963	0
1178.15	0	.5840377	.1461439	.2698184	0
1177.15	0	.5830409	.1468194	.2701396	0
1176.15	0	.5820472	.1474927	.2704601	0
1175.15	0	.5810567	.1481635	.2707798	0
1174.15	0	.5800692	.1488321	.2710987	0
1173.15	0	.5790849	.1494984	.2714168	0
1172.15	0	.5781036	.1501623	.2717341	0
1171.15	0	.5771255	.1508239	.2720506	0
1170.15	0	.5761505	.1514832	.2723663	0
1169.15	0	.5751785	.1521402	.2726813	0
1168.15	0	.5742097	.1527948	.2729955	0
1167.15	0	.573244	.1534472	.2733089	0
1166.15	0	.5722813	.1540972	.2736215	0
1165.15	0	.5713218	.1547449	.2739333	0
1164.15	0	.5703653	.1553903	.2742444	0
1163.15	0	.569412	.1560333	.2745547	0
1162.15	0	.5684617	.156674	.2748643	0
1161.15	0	.5675145	.1573125	.275173	0
1160.15	0	.5665704	.1579486	.2754811	0
1159.15	0	.5656294	.1585823	.2757883	0
1158.15	0	.5646914	.1592138	.2760948	0
1157.15	0	.5637565	.1598429	.2764006	0
1156.15	0	.5628247	.1604697	.2767056	0
1155.15	0	.561896	.1610942	.2770099	0
1154.15	0	.5609703	.1617163	.2773134	0
1153.15	0	.5600477	.1623362	.2776161	0
1152.15	0	.5591282	.1629537	.2779182	0
1151.15	0	.5582118	.1635688	.2782194	0
1150.15	0	.5572984	.1641816	.27852	0
1149.15	0	.5563881	.1647921	.2788198	0
1148.15	0	.5554808	.1654003	.2791189	0
1147.15	0	.5545767	.1660061	.2794172	0
1146.15	0	.5536755	.1666097	.2797148	0
1145.15	0	.5527775	.1672108	.2800117	0
1144.15	0	.5518825	.1678097	.2803079	0
1143.15	0	.5509906	.1684061	.2806033	0
1142.15	0	.5501017	.1690003	.280898	0
1141.15	0	.5492159	.1695921	.281192	0
1140.15	0	.5483331	.1701816	.2814853	0
1139.15	0	.5474534	.1707687	.2817779	0
1138.15	0	.5465768	.1713535	.2820697	0
1137.15	0	.5457032	.1719359	.2823609	0
1136.15	0	.5448327	.172516	.2826513	0
1135.15	0	.5439652	.1730938	.282941	0
1134.15	0	.5431008	.1736692	.2832301	0
1133.15	0	.5422394	.1742422	.2835184	0
1132.15	0	.5413811	.1748129	.283806	0
1131.15	0	.5405259	.1753812	.2840929	0
1130.15	0	.5396737	.1759472	.2843792	0
1129.15	0	.5388245	.1765108	.2846647	0
1128.15	0	.5379785	.177072	.2849495	0
1127.15	0	.5371354	.1776309	.2852337	0
1126.15	0	.5362955	.1781874	.2855171	0
1125.15	0	.5354585	.1787415	.2857999	0
1124.15	0	.5346247	.1792933	.286082	0
1123.15	0	.5337939	.1798427	.2863634	0
1122.15	0	.5329662	.1803897	.2866441	0
1121.15	0	.5321415	.1809344	.2869242	0
1120.15	0	.5313198	.1814767	.2872035	0
1119.15	0	.5305013	.1820165	.2874822	0
1118.15	0	.5296858	.1825541	.2877602	0
1117.15	0	.5288733	.1830892	.2880375	0
1116.15	0	.5280639	.1836219	.2883142	0
1115.15	0	.5272576	.1841522	.2885902	0
1114.15	0	.5264543	.1846802	.2888655	0
1113.15	0	.5256542	.1852057	.2891401	0
1112.15	0	.524857	.1857289	.2894141	0
1111.15	0	.524063	.1862496	.2896875	0
1110.15	0	.523272	.1867679	.2899601	0
1109.15	0	.522484	.1872839	.2902321	0
1108.15	0	.5216992	.1877974	.2905035	0
1107.15	0	.5209174	.1883085	.2907741	0
1106.15	0	.5201387	.1888172	.2910442	0
1105.15	0	.519363	.1893235	.2913135	0
1104.15	0	.5185905	.1898273	.2915822	0
1103.15	0	.517821	.1903287	.2918503	0
1102.15	0	.5170546	.1908277	.2921177	0
1101.15	0	.5162912	.1913243	.2923845	0
1100.15	0	.515531	.1918184	.2926506	0
1099.15	0	.5147738	.1923101	.2929161	0
1098.15	0	.5140197	.1927994	.2931809	0
1097.15	0	.5132688	.1932862	.2934451	0
1096.15	0	.5125209	.1937705	.2937086	0
1095.15	0	.5117761	.1942524	.2939715	0
1094.15	0	.5110344	.1947319	.2942338	0
1093.15	0	.5102957	.1952088	.2944954	0
1092.15	0	.5095602	.1956834	.2947564	0
1091.15	0	.5088278	.1961554	.2950167	0
1090.15	0	.5080985	.196625	.2952764	0
1089.15	0	.5073723	.1970921	.2955355	0
1088.15	0	.5066492	.1975568	.295794	0
1087.15	0	.5059293	.1980189	.2960518	0
1086.15	0	.5052124	.1984786	.296309	0
1085.15	0	.5044987	.1989358	.2965655	0
1084.15	0	.503788	.1993905	.2968215	0
1083.15	0	.5030805	.1998427	.2970768	0
1082.15	0	.5023762	.2002924	.2973314	0
1081.15	0	.5016749	.2007396	.2975855	0
1080.15	0	.5009768	.2011843	.2978389	0
1079.15	0	.5002818	.2016265	.2980917	0
1078.15	0	.49959	.2020661	.2983439	0
1077.15	0	.4989013	.2025033	.2985955	0
1076.15	0	.4982157	.2029379	.2988464	0
1075.15	0	.4975333	.20337	.2990968	0
1074.15	0	.496854	.2037995	.2993465	0
1073.15	0	.4961779	.2042265	.2995956	0
1072.15	0	.495505	.204651	.299844	0
1071.15	0	.4948352	.2050729	.3000919	0
1070.15	0	.4941686	.2054923	.3003392	0
1069.15	0	.4935051	.2059091	.3005858	0
1068.15	0	.4928448	.2063234	.3008318	0
1067.15	0	.4921877	.2067351	.3010772	0
1066.15	0	.4915338	.2071442	.301322	0
1065.15	0	.4908831	.2075507	.3015662	0
1064.15	0	.4902355	.2079547	.3018098	0
1063.15	0	.4895912	.2083561	.3020528	0
1062.15	0	.48895	.2087549	.3022951	0
1061.15	0	.4883121	.2091511	.3025369	0
1060.15	0	.4876773	.2095447	.302778	0
1059.15	0	.4870457	.2099357	.3030186	0
1058.15	0	.4864174	.2103241	.3032585	0
1057.15	0	.4857923	.2107099	.3034978	0
1056.15	0	.4851704	.2110931	.3037365	0
1055.15	0	.4845517	.2114736	.3039747	0
1054.15	0	.4839363	.2118515	.3042122	0
1053.15	0	.4833241	.2122268	.3044491	0
1052.15	0	.4827151	.2125994	.3046854	0
1051.15	0	.4821094	.2129695	.3049211	0
1050.15	0	.481507	.2133368	.3051562	0
1049.15	0	.4809078	.2137015	.3053907	0
1048.15	0	.4803118	.2140636	.3056246	0
1047.15	0	.4797191	.2144229	.3058579	0
1046.15	0	.4791297	.2147797	.3060907	0
1045.15	0	.4785436	.2151337	.3063228	0
1044.15	0	.4779607	.2154851	.3065543	0
1043.15	0	.4773811	.2158337	.3067852	0
1042.15	0	.4768048	.2161797	.3070155	0
1041.15	0	.4762318	.216523	.3072452	0
1040.15	0	.4756621	.2168636	.3074743	0
1039.15	0	.4750958	.2172015	.3077028	0
1038.15	0	.4745327	.2175367	.3079307	0
1037.15	0	.4739729	.2178691	.308158	0
1036.15	0	.4734165	.2181989	.3083847	0
1035.15	0	.4728634	.2185259	.3086108	0
1034.15	0	.4723136	.2188501	.3088363	0
1033.15	0	.4717671	.2191717	.3090612	0
1032.15	0	.471224	.2194905	.3092855	0
1031.15	0	.4706843	.2198065	.3095092	0
1030.15	0	.4701479	.2201198	.3097323	0
1029.15	0	.4696148	.2204303	.3099549	0
1028.15	0	.4690852	.2207381	.3101768	0
1027.15	0	.4685589	.2210431	.3103981	0
1026.15	0	.4680359	.2213453	.3106188	0
1025.15	0	.4675164	.2216447	.3108389	0
1024.15	0	.4670003	.2219414	.3110584	0
1023.15	0	.4664875	.2222352	.3112773	0
1022.15	0	.4659781	.2225263	.3114956	0
1021.15	0	.4654722	.2228145	.3117133	0
1020.15	0	.4649697	.2230999	.3119304	0
1019.15	0	.4644705	.2233826	.3121469	0
1018.15	0	.4639748	.2236624	.3123628	0
1017.15	0	.4634826	.2239393	.3125781	0
1016.15	0	.4629938	.2242135	.3127928	0
1015.15	0	.4625084	.2244848	.3130068	0
1014.15	0	.4620264	.2247533	.3132203	0
1013.15	0	.461548	.2250189	.3134332	0
1012.15	0	.4610729	.2252816	.3136454	0
1011.15	0	.4606014	.2255416	.3138571	0
1010.15	0	.4601333	.2257986	.3140681	0
1009.15	0	.4596687	.2260528	.3142785	0
1008.15	0	.4592076	.2263041	.3144883	0
1007.15	0	.45875	.2265525	.3146975	0
1006.15	0	.4582958	.2267981	.3149061	0
1005.15	0	.4578452	.2270407	.3151141	0
1004.15	0	.4573981	.2272805	.3153214	0
1003.15	0	.4569545	.2275173	.3155282	0
1002.15	0	.4565144	.2277513	.3157343	0
1001.15	0	.4560778	.2279824	.3159398	0
1000.15	0	.4556448	.2282105	.3161447	0
999.15	0	.4552153	.2284357	.3163489	0
998.15	0	.4547894	.228658	.3165526	0
997.15	0	.454367	.2288774	.3167556	0
996.15	0	.4539482	.2290939	.316958	0
995.15	0	.4535329	.2293074	.3171597	0
994.15	0	.4531212	.2295179	.3173609	0
993.15	0	.4527131	.2297256	.3175614	0
992.15	0	.4523085	.2299302	.3177612	0
991.15	0	.4519076	.230132	.3179605	0
990.15	0	.4515102	.2303308	.3181591	0
989.15	0	.4511164	.2305266	.318357	0
988.15	0	.4507262	.2307194	.3185544	0
987.15	0	.4503397	.2309093	.318751	0
986.15	0	.4499567	.2310962	.3189471	0
985.15	0	.4495774	.2312802	.3191425	0
984.15	0	.4492016	.2314612	.3193372	0
983.15	0	.4488295	.2316392	.3195313	0
982.15	0	.4484611	.2318142	.3197247	0
981.15	0	.4480963	.2319862	.3199175	0
980.15	0	.4477351	.2321553	.3201097	0
979.15	0	.4473775	.2323213	.3203011	0
978.15	0	.4470237	.2324844	.320492	0
977.15	0	.4466734	.2326445	.3206821	0
976.15	0	.4463269	.2328016	.3208716	0
975.15	0	.445984	.2329556	.3210604	0
974.15	0	.4456447	.2331067	.3212486	0
973.15	0	.4453092	.2332548	.321436	0
972.15	0	.4449773	.2333999	.3216228	0
971.15	0	.4446491	.233542	.3218089	0
970.15	0	.4443245	.2336811	.3219944	0
969.15	0	.4440037	.2338172	.3221791	0
968.15	0	.4436866	.2339503	.3223632	0
967.15	0	.4433731	.2340804	.3225465	0
966.15	0	.4430633	.2342075	.3227292	0
965.15	0	.4427573	.2343316	.3229112	0
964.15	0	.4424549	.2344527	.3230924	0
963.15	0	.4421562	.2345708	.323273	0
962.15	0	.4418613	.2346859	.3234529	0
961.15	0	.44157	.234798	.323632	0
960.15	0	.4412825	.2349071	.3238104	0
959.15	0	.4409986	.2350132	.3239881	0
958.15	0	.4407185	.2351164	.3241651	0
957.15	0	.4404421	.2352165	.3243414	0
956.15	0	.4401694	.2353137	.3245169	0
955.15	0	.4399004	.2354079	.3246917	0
954.15	0	.4396351	.2354992	.3248657	0
953.15	0	.4393735	.2355874	.325039	0
952.15	0	.4391157	.2356727	.3252116	0
951.15	0	.4388615	.2357551	.3253834	0
950.15	0	.4386111	.2358345	.3255544	0
949.15	0	.4383643	.235911	.3257247	0
948.15	0	.4381213	.2359845	.3258942	0
947.15	0	.4378819	.2360551	.326063	0
946.15	0	.4376463	.2361228	.3262309	0
945.15	0	.4374143	.2361876	.3263981	0
944.15	0	.4371861	.2362494	.3265645	0
943.15	0	.4369615	.2363084	.3267301	0
942.15	0	.4367406	.2363645	.3268949	0
941.15	0	.4365234	.2364177	.3270589	0
940.15	0	.4363099	.2364681	.3272221	0
939.15	0	.4361	.2365156	.3273844	0
938.15	0	.4358938	.2365603	.327546	0
937.15	0	.4356912	.2366021	.3277067	0
936.15	0	.4354923	.2366411	.3278665	0
935.15	0	.4352971	.2366774	.3280256	0
934.15	0	.4351054	.2367108	.3281838	0
933.15	0	.4349174	.2367415	.3283411	0
932.15	0	.434733	.2367694	.3284976	0
931.15	0	.4345522	.2367946	.3286532	0
930.15	0	.434375	.2368171	.3288079	0
929.15	0	.4342013	.2368369	.3289618	0
928.15	0	.4340312	.236854	.3291148	0
927.15	0	.4338647	.2368684	.3292668	0
926.15	0	.4337018	.2368803	.329418	0
925.15	0	.4335423	.2368895	.3295682	0
924.15	0	.4333864	.2368961	.3297176	0
923.15	0	.4332339	.2369001	.329866	0
922.15	0	.433085	.2369016	.3300134	0
921.15	0	.4329395	.2369006	.33016	0
920.15	0	.4327974	.236897	.3303055	0
919.15	0	.4326588	.2368911	.3304501	0
918.15	0	.4325236	.2368826	.3305938	0
917.15	0	.4323918	.2368718	.3307364	0
916.15	0	.4322633	.2368586	.3308781	0
915.15	0	.4321382	.2368431	.3310187	0
914.15	0	.4320164	.2368252	.3311584	0
913.15	0	.4318979	.2368051	.331297	0
912.15	0	.4317826	.2367827	.3314346	0
911.15	0	.4316707	.2367582	.3315712	0
910.15	0	.4315619	.2367314	.3317067	0
909.15	0	.4314563	.2367026	.3318411	0
908.15	0	.4313539	.2366716	.3319745	0
907.15	0	.4312546	.2366386	.3321068	0
906.15	0	.4311584	.2366036	.332238	0
905.15	0	.4310652	.2365667	.3323681	0
904.15	0	.4309751	.2365279	.332497	0
903.15	0	.430888	.2364872	.3326249	0
902.15	0	.4308038	.2364446	.3327515	0
901.15	0	.4307226	.2364004	.332877	0
900.15	0	.4306442	.2363544	.3330014	0
899.15	0	.4305687	.2363068	.3331245	0
898.15	0	.4304959	.2362576	.3332465	0
897.15	0	.4304259	.2362068	.3333672	0
896.15	0	.4303587	.2361546	.3334867	0
895.15	0	.430294	.236101	.333605	0
894.15	0	.430232	.2360461	.333722	0
893.15	0	.4301725	.2359898	.3338377	0
892.15	0	.4301155	.2359324	.3339521	0
891.15	0	.430061	.2358738	.3340652	0
890.15	0	.4300089	.2358142	.334177	0
889.15	0	.429959	.2357536	.3342874	0
888.15	0	.4299115	.2356921	.3343964	0
887.15	0	.4298662	.2356297	.3345041	0
886.15	0	.429823	.2355666	.3346104	0
885.15	0	.4297819	.2355029	.3347152	0
884.15	0	.4297428	.2354386	.3348186	0
883.15	0	.4297056	.2353739	.3349205	0
882.15	0	.4296703	.2353088	.335021	0
881.15	0	.4296368	.2352434	.3351199	0
880.15	0	.4296049	.2351778	.3352173	0
879.15	0	.4295747	.2351122	.3353131	0
878.15	0	.429546	.2350467	.3354073	0
877.15	0	.4295188	.2349813	.3354999	0
876.15	0	.4294929	.2349162	.3355909	0
875.15	0	.4294683	.2348515	.3356802	0
874.15	0	.4294448	.2347873	.3357678	0
873.15	0	.4294224	.2347239	.3358537	0
872.15	0	.4294009	.2346612	.3359379	0
871.15	0	.4293803	.2345995	.3360202	0
870.15	0	.4293604	.2345389	.3361008	0
869.15	0	.4293411	.2344795	.3361794	0
868.15	0	.4293222	.2344215	.3362562	0
867.15	0	.4293037	.2343652	.3363311	0
866.15	0	.4292855	.2343106	.3364039	0
865.15	0	.4292673	.2342579	.3364748	0
864.15	0	.429249	.2342074	.3365436	0
863.15	0	.4292305	.2341591	.3366104	0
862.15	0	.4292116	.2341135	.3366749	0
861.15	0	.4291922	.2340705	.3367373	0
860.15	0	.429172	.2340306	.3367974	0
859.15	0	.4291509	.2339938	.3368553	0
858.15	0	.4291287	.2339605	.3369108	0
857.15	0	.4291052	.2339309	.3369638	0
856.15	0	.4290802	.2339053	.3370144	0
855.15	0	.4290535	.233884	.3370625	0
854.15	0	.4290248	.2338673	.3371079	0
853.15	0	.4289939	.2338555	.3371506	0
852.15	0	.4289604	.233849	.3371906	0
851.15	0	.4289243	.233848	.3372277	0
850.15	0	.428885	.2338531	.3372619	0
849.15	0	.4288425	.2338645	.337293	0
848.15	0	.4287962	.2338828	.337321	0
847.15	0	.4287459	.2339084	.3373457	0
846.15	0	.4286911	.2339418	.3373671	0
845.15	0	.4286315	.2339834	.337385	0
844.15	0	.4285667	.234034	.3373993	0
843.15	0	.4284961	.2340942	.3374097	0
842.15	0	.4284193	.2341645	.3374163	0
841.15	0	.4283357	.2342456	.3374187	0
840.15	0	.4282447	.2343385	.3374168	0
839.15	0	.4281456	.2344439	.3374105	0
838.15	0	.4279028	.2347313	.337366	0
837.15	0	.4274585	.2352741	.3372674	0
836.15	0	.4270603	.2357643	.3371754	0
835.15	0	.4267036	.2362071	.3370892	0
834.15	0	.4263848	.236607	.3370082	0
833.15	0	.4261004	.2369678	.3369319	0
832.15	0	.4258475	.2372929	.3368596	0
831.15	0	.4256235	.2375854	.3367911	0
830.15	0	.4254261	.237848	.3367259	0
829.15	0	.4252532	.238083	.3366638	0
828.15	0	.4251029	.2382926	.3366044	0
827.15	0	.4249735	.2384789	.3365476	0
826.15	0	.4248635	.2386435	.336493	0
825.15	0	.4247714	.238788	.3364406	0
824.15	0	.4246959	.238914	.3363901	0
823.15	0	.4246359	.2390228	.3363414	0
822.15	0	.4245902	.2391156	.3362943	0
821.15	0	.4245578	.2391935	.3362487	0
820.15	0	.4245379	.2392576	.3362045	0
819.15	0	.4245296	.2393089	.3361615	0
818.15	0	.424532	.2393482	.3361198	0
817.15	0	.4245444	.2393764	.3360792	0
816.15	0	.4245661	.2393943	.3360396	0
815.15	0	.4245965	.2394026	.3360009	0
814.15	0	.424635	.2394018	.3359631	0
813.15	0	.4246811	.2393928	.3359262	0
812.15	0	.4247341	.239376	.33589	0
811.15	0	.4247936	.2393519	.3358545	0
810.15	0	.4248592	.2393212	.3358196	0
809.15	0	.4249304	.2392842	.3357854	0
808.15	0	.4250068	.2392414	.3357518	0
807.15	0	.4250881	.2391932	.3357187	0
806.15	0	.4251739	.23914	.3356861	0
805.15	0	.4252637	.2390823	.335654	0
804.15	0	.4253575	.2390202	.3356223	0
803.15	0	.4254548	.2389542	.335591	0
802.15	0	.4255553	.2388845	.3355601	0
801.15	0	.4256589	.2388115	.3355296	0
800.15	0	.4257652	.2387354	.3354994	0
799.15	0	.425874	.2386564	.3354695	0
798.15	0	.4259852	.2385749	.3354399	0
797.15	0	.4260984	.2384909	.3354106	0
796.15	0	.4262136	.2384048	.3353816	0
795.15	0	.4263305	.2383167	.3353528	0
794.15	0	.4264489	.2382269	.3353242	0
793.15	0	.4265688	.2381354	.3352958	0
792.15	0	.4266899	.2380425	.3352676	0
791.15	0	.4268121	.2379483	.3352396	0
790.15	0	.4269352	.237853	.3352118	0
789.15	0	.4270592	.2377567	.3351841	0
788.15	0	.4271839	.2376595	.3351566	0
787.15	0	.4273092	.2375616	.3351292	0
786.15	0	.4274349	.2374631	.335102	0
785.15	0	.4275611	.2373641	.3350748	0
784.15	0	.4276876	.2372646	.3350478	0
783.15	0	.4278143	.2371648	.3350209	0
782.15	0	.4279411	.2370649	.3349941	0
781.15	0	.4280679	.2369647	.3349673	0
780.15	0	.4281947	.2368646	.3349407	0
779.15	0	.4283214	.2367644	.3349141	0
778.15	0	.428448	.2366644	.3348876	0
777.15	0	.4285743	.2365645	.3348612	0
776.15	0	.4287003	.2364649	.3348348	0
775.15	0	.428826	.2363655	.3348085	0
774.15	0	.4289513	.2362665	.3347822	0
773.15	0	.4290761	.2361679	.334756	0
772.15	0	.4292005	.2360697	.3347298	0
771.15	0	.4293243	.2359721	.3347036	0
770.15	0	.4294475	.235875	.3346775	0
769.15	0	.4295702	.2357784	.3346514	0
768.15	0	.4296922	.2356825	.3346254	0
767.15	0	.4298135	.2355872	.3345993	0
766.15	0	.4299341	.2354926	.3345733	0
765.15	0	.430054	.2353987	.3345473	0
764.15	0	.4301731	.2353056	.3345213	0
763.15	0	.4302915	.2352133	.3344953	0
762.15	0	.430409	.2351217	.3344693	0
761.15	0	.4305257	.235031	.3344433	0
760.15	0	.4306416	.2349411	.3344173	0
759.15	0	.4307566	.2348521	.3343913	0
758.15	0	.4308707	.234764	.3343654	0
757.15	0	.4309839	.2346767	.3343394	0
756.15	0	.4310962	.2345904	.3343134	0
755.15	0	.4312076	.234505	.3342874	0
754.15	0	.4313181	.2344206	.3342614	0
753.15	0	.4314276	.2343371	.3342353	0
752.15	0	.4315362	.2342545	.3342093	0
751.15	0	.4316438	.234173	.3341832	0
750.15	0	.4317504	.2340924	.3341572	0
749.15	0	.4318561	.2340128	.3341311	0
748.15	0	.4319607	.2339343	.334105	0
747.15	0	.4320644	.2338567	.3340789	0
746.15	0	.4321671	.2337801	.3340527	0
745.15	0	.4322688	.2337046	.3340266	0
744.15	0	.4323696	.2336301	.3340004	0
743.15	0	.4324693	.2335565	.3339742	0
742.15	0	.432568	.2334841	.333948	0
741.15	0	.4326679	.233411	.3339211	0
740.15	0	.4327645	.2333407	.3338949	0
739.15	0	.43286	.2332714	.3338686	0
738.15	0	.4329546	.2332031	.3338423	0
737.15	0	.4330481	.2331359	.333816	0
736.15	0	.4331407	.2330697	.3337896	0
735.15	0	.4332323	.2330045	.3337632	0
734.15	0	.4333229	.2329403	.3337368	0
733.15	0	.4334125	.2328771	.3337104	0
732.15	0	.4335012	.232815	.3336839	0
731.15	0	.4335888	.2327538	.3336574	0
730.15	0	.4336755	.2326937	.3336308	0
729.15	0	.4337612	.2326346	.3336042	0
728.15	0	.4338459	.2325765	.3335776	0
727.15	0	.4339297	.2325194	.3335509	0
726.15	0	.4340125	.2324632	.3335243	0
725.15	0	.4340944	.2324081	.3334975	0
724.15	0	.4341753	.232354	.3334708	0
723.15	0	.4342552	.2323008	.333444	0
722.15	0	.4343342	.2322487	.3334172	0
721.15	0	.4344123	.2321975	.3333903	0
720.15	0	.4344894	.2321472	.3333634	0
719.15	0	.4345656	.232098	.3333365	0
718.15	0	.4346409	.2320497	.3333095	0
717.15	0	.4347152	.2320023	.3332825	0
716.15	0	.4347886	.2319559	.3332555	0
715.15	0	.4348612	.2319104	.3332284	0
714.15	0	.4349328	.2318659	.3332013	0
713.15	0	.4350036	.2318223	.3331741	0
712.15	0	.4350734	.2317797	.3331469	0
711.15	0	.4351424	.2317379	.3331197	0
710.15	0	.4352104	.2316971	.3330925	0
709.15	0	.4352777	.2316571	.3330652	0
708.15	0	.435344	.2316181	.3330379	0
707.15	0	.4354095	.23158	.3330106	0
706.15	0	.4354741	.2315427	.3329832	0
705.15	0	.4355379	.2315063	.3329557	0
704.15	0	.4356009	.2314708	.3329283	0
703.15	0	.435663	.2314362	.3329008	0
702.15	0	.4357243	.2314024	.3328733	0
701.15	0	.4357848	.2313695	.3328457	0
700.15	0	.4358444	.2313374	.3328182	0
699.15	0	.4359033	.2313062	.3327905	0
698.15	0	.4359613	.2312758	.3327629	0
697.15	0	.4360186	.2312462	.3327352	0
696.15	0	.4360751	.2312175	.3327075	0
695.15	0	.4361307	.2311895	.3326797	0
694.15	0	.4361857	.2311624	.3326519	0
693.15	0	.4362398	.2311361	.3326241	0
692.15	0	.4362932	.2311105	.3325963	0
691.15	0	.4363458	.2310858	.3325684	0
690.15	0	.4363977	.2310618	.3325405	0
689.15	0	.4364488	.2310386	.3325126	0
688.15	0	.4364992	.2310162	.3324846	0
687.15	0	.4365489	.2309945	.3324566	0
686.15	0	.4365979	.2309736	.3324286	0
685.15	0	.4366461	.2309534	.3324005	0
684.15	0	.4366936	.2309339	.3323724	0
683.15	0	.4367405	.2309152	.3323443	0
682.15	0	.4367866	.2308972	.3323162	0
681.15	0	.436832	.23088	.332288	0
680.15	0	.4368768	.2308634	.3322598	0
679.15	0	.4369209	.2308476	.3322316	0
678.15	0	.4369643	.2308324	.3322033	0
677.15	0	.437007	.230818	.3321751	0
676.15	0	.4370491	.2308042	.3321467	0
675.15	0	.4370905	.2307911	.3321184	0
674.15	0	.4371313	.2307787	.3320901	0
673.15	0	.4371714	.2307669	.3320617	0
672.15	0	.4372109	.2307558	.3320333	0
671.15	0	.4372498	.2307454	.3320048	0
670.15	0	.437288	.2307356	.3319764	0
669.15	0	.4373257	.2307264	.3319479	0
668.15	0	.4373627	.2307179	.3319194	0
667.15	0	.4373991	.23071	.3318909	0
666.15	0	.4374349	.2307028	.3318623	0
665.15	0	.4374701	.2306961	.3318337	0
664.15	0	.4375048	.2306901	.3318052	0
663.15	0	.4375388	.2306846	.3317765	0
662.15	0	.4375723	.2306798	.3317479	0
661.15	0	.4376052	.2306756	.3317192	0
660.15	0	.4376375	.2306719	.3316906	0
659.15	0	.4376693	.2306689	.3316619	0
658.15	0	.4377005	.2306664	.3316332	0
657.15	0	.4377312	.2306644	.3316044	0
656.15	0	.4377613	.230663	.3315757	0
655.15	0	.4377909	.2306622	.3315469	0
654.15	0	.4378199	.230662	.3315181	0
653.15	0	.4378484	.2306623	.3314893	0
652.15	0	.4378764	.2306631	.3314605	0
651.15	0	.4379039	.2306645	.3314316	0
650.15	0	.4379308	.2306664	.3314028	0
649.15	0	.4379573	.2306688	.3313739	0
648.15	0	.4379833	.2306717	.331345	0
647.15	0	.4380087	.2306752	.3313161	0
646.15	0	.4380337	.2306791	.3312872	0
645.15	0	.4380581	.2306836	.3312583	0
644.15	0	.4380821	.2306885	.3312293	0
643.15	0	.4381056	.230694	.3312004	0
642.15	0	.4381287	.2306999	.3311714	0
641.15	0	.4381512	.2307064	.3311424	0
640.15	0	.4381733	.2307132	.3311135	0
639.15	0	.4381949	.2307206	.3310845	0
638.15	0	.4382161	.2307285	.3310554	0
637.15	0	.4382368	.2307367	.3310264	0
636.15	0	.4382571	.2307455	.3309974	0
635.15	0	.438277	.2307547	.3309683	0
634.15	0	.4382964	.2307643	.3309393	0
633.15	0	.4383153	.2307744	.3309102	0
632.15	0	.4383339	.230785	.3308812	0
631.15	0	.438352	.2307959	.3308521	0
630.15	0	.4383697	.2308073	.330823	0
629.15	0	.438387	.2308191	.3307939	0
628.15	0	.4384038	.2308314	.3307648	0
627.15	0	.4384203	.230844	.3307357	0
626.15	0	.4384363	.230857	.3307066	0
625.15	0	.438452	.2308705	.3306775	0
624.15	0	.4384672	.2308844	.3306484	0
623.15	0	.4384821	.2308986	.3306193	0
622.15	0	.4384966	.2309132	.3305902	0
621.15	0	.4385107	.2309283	.3305611	0
620.15	0	.4385244	.2309437	.330532	0
619.15	0	.4385377	.2309595	.3305028	0
618.15	0	.4385507	.2309756	.3304737	0
617.15	0	.4385633	.2309922	.3304446	0
616.15	0	.4385755	.231009	.3304155	0
615.15	0	.4385874	.2310263	.3303863	0
614.15	0	.4385989	.2310439	.3303572	0
613.15	0	.4386101	.2310619	.3303281	0
612.15	0	.4386209	.2310802	.330299	0
611.15	0	.4386313	.2310988	.3302699	0
610.15	0	.4386414	.2311178	.3302407	0
609.15	0	.4386512	.2311372	.3302116	0
608.15	0	.4386607	.2311568	.3301825	0
607.15	0	.4386698	.2311768	.3301534	0
606.15	0	.4386786	.2311971	.3301243	0
605.15	0	.438687	.2312178	.3300952	0
604.15	0	.4386952	.2312387	.3300661	0
603.15	0	.438703	.23126	.330037	0
602.15	0	.4387105	.2312816	.330008	0
601.15	0	.4387177	.2313034	.3299789	0
600.15	0	.4387246	.2313256	.3299498	0
599.15	0	.4387311	.2313481	.3299208	0
598.15	0	.4387374	.2313709	.3298918	0
597.15	0	.4387434	.2313939	.3298627	0
596.15	0	.4387491	.2314173	.3298337	0
595.15	0	.4387544	.2314409	.3298047	0
594.15	0	.4387595	.2314648	.3297757	0
593.15	0	.4387643	.231489	.3297467	0
592.15	0	.4387689	.2315134	.3297177	0
591.15	0	.4387731	.2315382	.3296887	0
590.15	0	.4387771	.2315631	.3296598	0
589.15	0	.4387808	.2315884	.3296309	0
588.15	0	.4387842	.2316139	.3296019	0
587.15	0	.4387873	.2316397	.329573	0
586.15	0	.4387902	.2316657	.3295441	0
585.15	0	.4387928	.231692	.3295152	0
584.15	0	.4387952	.2317185	.3294864	0
583.15	0	.4387973	.2317452	.3294575	0
582.15	0	.4387991	.2317722	.3294287	0
581.15	0	.4388007	.2317995	.3293999	0
580.15	0	.438802	.2318269	.3293711	0
579.15	0	.4388031	.2318546	.3293423	0
578.15	0	.438804	.2318825	.3293135	0
577.15	0	.4388046	.2319107	.3292848	0
576.15	0	.4388049	.231939	.3292561	0
575.15	0	.4388051	.2319676	.3292274	0
574.15	0	.438805	.2319964	.3291987	0
573.15	0	.4388046	.2320254	.32917	0
572.15	0	.4388041	.2320546	.3291414	0
571.15	0	.4388033	.232084	.3291128	0
570.15	0	.4388022	.2321136	.3290842	0
569.15	0	.438801	.2321434	.3290556	0
568.15	0	.4387995	.2321734	.3290271	0
567.15	0	.4387979	.2322036	.3289986	0
566.15	0	.438796	.232234	.3289701	0
565.15	0	.4387939	.2322645	.3289416	0
564.15	0	.4387916	.2322953	.3289132	0
563.15	0	.438789	.2323262	.3288847	0
562.15	0	.4387863	.2323573	.3288564	0
561.15	0	.4387834	.2323886	.328828	0
560.15	0	.4387803	.2324201	.3287997	0
559.15	0	.4387769	.2324517	.3287714	0
558.15	0	.4387734	.2324835	.3287431	0
557.15	0	.4387697	.2325155	.3287148	0
556.15	0	.4387658	.2325476	.3286866	0
555.15	0	.4387617	.2325799	.3286584	0
554.15	0	.4387574	.2326123	.3286303	0
553.15	0	.4387529	.2326449	.3286022	0
552.15	0	.4387483	.2326777	.3285741	0
551.15	0	.4387434	.2327106	.328546	0
550.15	0	.4387384	.2327436	.328518	0
549.15	0	.4387332	.2327768	.32849	0
548.15	0	.4387278	.2328101	.3284621	0
547.15	0	.4387223	.2328436	.3284341	0
546.15	0	.4387166	.2328772	.3284062	0
545.15	0	.4387107	.2329109	.3283784	0
544.15	0	.4387046	.2329448	.3283506	0
543.15	0	.4386984	.2329788	.3283228	0
542.15	0	.4386921	.2330129	.3282951	0
541.15	0	.4386855	.2330471	.3282674	0
540.15	0	.4386788	.2330815	.3282397	0
539.15	0	.438672	.233116	.3282121	0
538.15	0	.4386649	.2331506	.3281845	0
537.15	0	.4386578	.2331853	.3281569	0
536.15	0	.4386505	.2332201	.3281294	0
535.15	0	.438643	.2332551	.328102	0
534.15	0	.4386354	.2332901	.3280745	0
533.15	0	.4386276	.2333253	.3280472	0
532.15	0	.4386197	.2333605	.3280198	0
531.15	0	.4386116	.2333959	.3279925	0
530.15	0	.4386034	.2334313	.3279653	0
529.15	0	.4385951	.2334669	.327938	0
528.15	0	.4385866	.2335025	.3279109	0
527.15	0	.438578	.2335382	.3278838	0
526.15	0	.4385693	.2335741	.3278567	0
525.15	0	.4385604	.23361	.3278296	0
524.15	0	.4385514	.233646	.3278027	0
523.15	0	.4385422	.2336821	.3277757	0
522.15	0	.438533	.2337182	.3277488	0
521.15	0	.4385236	.2337545	.327722	0
520.15	0	.4385141	.2337908	.3276952	0
519.15	0	.4385044	.2338272	.3276684	0
518.15	0	.4384946	.2338636	.3276417	0
517.15	0	.4384848	.2339002	.3276151	0
516.15	0	.4384747	.2339368	.3275885	0
515.15	0	.4384646	.2339734	.3275619	0
514.15	0	.4384544	.2340102	.3275354	0
513.15	0	.438444	.234047	.327509	0
512.15	0	.4384336	.2340838	.3274826	0
511.15	0	.438423	.2341207	.3274563	0
510.15	0	.4384123	.2341577	.32743	0
509.15	0	.4384015	.2341948	.3274037	0
508.15	0	.4383906	.2342318	.3273775	0
507.15	0	.4383796	.234269	.3273514	0
506.15	0	.4383685	.2343062	.3273253	0
505.15	0	.4383573	.2343434	.3272993	0
504.15	0	.438346	.2343807	.3272734	0
503.15	0	.4383345	.234418	.3272474	0
502.15	0	.438323	.2344554	.3272216	0
501.15	0	.4383114	.2344928	.3271958	0
500.15	0	.4382997	.2345302	.3271701	0
499.15	0	.4382879	.2345677	.3271444	0
498.15	0	.438276	.2346052	.3271188	0
497.15	0	.438264	.2346428	.3270932	0
496.15	0	.4382519	.2346803	.3270677	0
495.15	0	.4382398	.234718	.3270423	0
494.15	0	.4382275	.2347556	.3270169	0
493.15	0	.4382152	.2347933	.3269916	0
492.15	0	.4382029	.2348309	.3269662	0
491.15	0	.4381904	.2348687	.326941	0
490.15	0	.4381778	.2349064	.3269159	0
489.15	0	.4381651	.2349441	.3268908	0
488.15	0	.4381523	.2349819	.3268658	0
487.15	0	.4381395	.2350197	.3268408	0
486.15	0	.4381266	.2350575	.3268159	0
485.15	0	.4381136	.2350953	.3267911	0
484.15	0	.4381005	.2351332	.3267663	0
483.15	0	.4380873	.235171	.3267417	0
482.15	0	.4380741	.2352088	.326717	0
481.15	0	.4380608	.2352467	.3266925	0
480.6353	0	.438054	.2352662	.3266799	0
480.6353	0	.438054	.2352662	.3266799	0
480.6353	0	.438054	.2352662	.3266799	0
480.15	0	.4381545	.2350389	.3265458	2.608745E-04
479.15	0	.4383607	.2345719	.3262699	7.974943E-04
478.15	0	.4385658	.2341065	.3259948	.001332885
477.15	0	.4387699	.2336428	.3257203	.001867056
476.15	0	.4389729	.2331806	.3254465	.00240002
475.15	0	.4391749	.23272	.3251733	.002931787
474.15	0	.4393759	.2322609	.3249008	.003462367
473.15	0	.4395758	.2318034	.324629	.003991771
472.15	0	.4397748	.2313474	.3243578	.00452001
471.15	0	.4399728	.2308929	.3240872	.005047094
470.15	0	.4401698	.2304399	.3238173	.005573033
469.15	0	.4403658	.2299884	.323548	.006097836
468.15	0	.4405609	.2295383	.3232794	.006621516
467.15	0	.440755	.2290896	.3230113	.00714408
466.15	0	.4409482	.2286423	.3227439	.007665539
465.15	0	.4411406	.2281964	.3224771	.008185902
464.15	0	.441332	.2277519	.3222109	.008705181
463.15	0	.4415225	.2273088	.3219453	.009223383
462.15	0	.4417122	.226867	.3216803	.009740518
461.15	0	.441901	.2264265	.3214159	.0102566
460.15	0	.442089	.2259873	.3211521	.01077163
459.15	0	.4422761	.2255494	.3208889	.01128562
458.15	0	.4424624	.2251127	.3206263	.01179858
457.15	0	.4426479	.2246774	.3203643	.01231052
456.15	0	.4428325	.2242432	.3201028	.01282145
455.15	0	.4430164	.2238103	.3198419	.01333138
454.15	0	.4431995	.2233786	.3195815	.01384031
453.15	0	.4433819	.2229481	.3193218	.01434826
452.15	0	.4435635	.2225188	.3190626	.01485523
451.15	0	.4437443	.2220906	.3188039	.01536124
450.15	0	.4439244	.2216636	.3185458	.01586628
449.15	0	.4441038	.2212376	.3182882	.01637038
