T	 BPW(LIQUID)	BPW(BCC_A2)	BPW(FCC_A1)	BPW(LAVES_PHASE_C14)	BPW(NI3TI)
1473.15	.3893594	.6106406	0	0	0
1472.15	.3860102	.6139898	0	0	0
1471.15	.3826843	.6173157	0	0	0
1470.15	.3793815	.6206185	0	0	0
1469.15	.3761016	.6238984	0	0	0
1468.15	.3728445	.6271556	0	0	0
1467.15	.3696099	.6303901	0	0	0
1466.15	.3663978	.6336023	0	0	0
1465.15	.3632079	.6367921	0	0	0
1464.15	.3600401	.6399599	0	0	0
1463.15	.3568942	.6431058	0	0	0
1462.15	.3537702	.6462298	0	0	0
1461.15	.3506677	.6493323	0	0	0
1460.15	.3475867	.6524133	0	0	0
1459.15	.344527	.655473	0	0	0
1458.15	.3414885	.6585115	0	0	0
1457.15	.3384709	.6615291	0	0	0
1456.15	.3354742	.6645258	0	0	0
1455.15	.3324982	.6675018	0	0	0
1454.15	.3295427	.6704573	0	0	0
1453.15	.3266076	.6733924	0	0	0
1452.15	.3236927	.6763073	0	0	0
1451.15	.320798	.679202	0	0	0
1450.15	.3179231	.6820769	0	0	0
1449.15	.3150681	.6849319	0	0	0
1448.15	.3122327	.6877673	0	0	0
1447.15	.3094168	.6905832	0	0	0
1446.15	.3066203	.6933797	0	0	0
1445.15	.303843	.6961571	0	0	0
1444.15	.3010847	.6989153	0	0	0
1443.15	.2983454	.7016546	0	0	0
1442.15	.295625	.7043751	0	0	0
1441.15	.2929231	.7070769	0	0	0
1440.15	.2902398	.7097602	0	0	0
1439.15	.2875749	.7124251	0	0	0
1438.15	.2849283	.7150718	0	0	0
1437.15	.2822997	.7177003	0	0	0
1436.15	.2796891	.7203109	0	0	0
1435.15	.2770964	.7229036	0	0	0
1434.15	.2745215	.7254785	0	0	0
1433.15	.2719641	.7280359	0	0	0
1432.15	.2694242	.7305759	0	0	0
1431.15	.2669015	.7330984	0	0	0
1430.15	.2643962	.7356038	0	0	0
1429.15	.2619078	.7380922	0	0	0
1428.15	.2594365	.7405635	0	0	0
1427.15	.256982	.743018	0	0	0
1426.15	.2545441	.7454559	0	0	0
1425.15	.2521229	.7478771	0	0	0
1424.15	.2497181	.7502819	0	0	0
1423.15	.2473296	.7526704	0	0	0
1422.15	.2449574	.7550427	0	0	0
1421.15	.2426012	.7573988	0	0	0
1420.15	.240261	.759739	0	0	0
1419.15	.2379367	.7620633	0	0	0
1418.15	.2356281	.7643719	0	0	0
1417.15	.2333352	.7666648	0	0	0
1416.15	.2310577	.7689423	0	0	0
1415.15	.2287957	.7712043	0	0	0
1414.15	.2265489	.7734511	0	0	0
1413.15	.2243173	.7756827	0	0	0
1412.15	.2221007	.7778993	0	0	0
1411.15	.2198991	.7801009	0	0	0
1410.15	.2177123	.7822877	0	0	0
1409.247	.2157509	.7842491	0	0	0
1409.247	.2157509	.7842491	0	0	0
1409.247	.2157509	.7842491	0	0	0
1409.15	.2154273	.784443	0	1.296307E-04	0
1408.15	.2121214	.786422	0	.001456547	0
1407.15	.2088536	.788374	0	.002772409	0
1406.15	.2056232	.7902994	0	.004077419	0
1405.15	.2024296	.7921986	0	.005371773	0
1404.15	.1992721	.7940723	0	.006655665	0
1403.15	.19615	.7959207	0	.00792928	0
1402.15	.1930628	.7977444	0	.009192804	0
1401.15	.1900098	.7995438	0	.01044642	0
1400.15	.1869904	.8013193	0	.01169029	0
1399.15	.184004	.8030714	0	.01292459	0
1398.15	.1810501	.8048004	0	.0141495	0
1397.15	.1781282	.8065067	0	.01536516	0
1396.15	.1752376	.8081907	0	.01657176	0
1395.15	.1723778	.8098528	0	.01776942	0
1394.15	.1695483	.8114933	0	.01895832	0
1393.15	.1667487	.8131127	0	.0201386	0
1392.15	.1639783	.8147113	0	.02131041	0
1391.15	.1612367	.8162894	0	.02247388	0
1390.15	.1585235	.8178474	0	.02362916	0
1389.15	.1558381	.8193855	0	.02477638	0
1388.15	.1531801	.8209042	0	.02591568	0
1387.15	.1505491	.8224037	0	.02704719	0
1386.15	.1479445	.8238844	0	.02817103	0
1385.15	.1453661	.8253466	0	.02928733	0
1384.15	.1428133	.8267905	0	.03039621	0
1383.15	.1402857	.8282165	0	.03149779	0
1382.15	.137783	.8296248	0	.03259219	0
1381.15	.1353047	.8310158	0	.03367953	0
1380.15	.1328505	.8323897	0	.0347599	0
1379.15	.1304199	.8337467	0	.03583344	0
1378.15	.1280126	.8350872	0	.03690023	0
1377.15	.1256282	.8364114	0	.03796039	0
1376.15	.1232665	.8377195	0	.03901403	0
1375.15	.1209269	.8390119	0	.04006123	0
1374.15	.1186092	.8402887	0	.0411021	0
1373.15	.1163131	.8415502	0	.04213674	0
1372.15	.1140381	.8427966	0	.04316525	0
1371.15	.1117841	.8440282	0	.0441877	0
1370.15	.1095506	.8452452	0	.04520421	0
1369.15	.1073374	.8464478	0	.04621485	0
1368.15	.1051441	.8476362	0	.04721971	0
1367.15	.1029704	.8488107	0	.04821888	0
1366.15	.1008161	.8499714	0	.04921245	0
1365.15	.09868089	.8511186	0	.05020049	0
1364.15	.09656443	.8522525	0	.05118308	0
1363.15	.09446648	.8533732	0	.05216031	0
1362.15	.09238675	.854481	0	.05313226	0
1361.15	.09032499	.855576	0	.05409899	0
1360.15	.08828091	.8566585	0	.05506059	0
1359.15	.08625428	.8577286	0	.05601713	0
1358.15	.08424483	.8587865	0	.05696867	0
1357.15	.08225232	.8598324	0	.0579153	0
1356.15	.0802765	.8608664	0	.05885708	0
1355.15	.07831714	.8618888	0	.05979407	0
1354.15	.07637399	.8628997	0	.06072635	0
1353.15	.07444683	.8638992	0	.06165397	0
1352.15	.07253542	.8648876	0	.06257701	0
1351.15	.07063955	.8658649	0	.06349553	0
1350.15	.068759	.8668314	0	.06440958	0
1349.15	.06689355	.8677872	0	.06531924	0
1348.15	.065043	.8687325	0	.06622455	0
1347.15	.06320712	.8696673	0	.06712558	0
1346.15	.06138572	.8705919	0	.06802238	0
1345.15	.0595786	.8715064	0	.06891502	0
1344.15	.05778556	.8724109	0	.06980354	0
1343.15	.05600641	.8733056	0	.070688	0
1342.15	.05424096	.8741906	0	.07156846	0
1341.15	.05248901	.875066	0	.07244496	0
1340.15	.05075039	.875932	0	.07331757	0
1339.15	.04902492	.8767888	0	.07418632	0
1338.15	.04731241	.8776363	0	.07505127	0
1337.15	.0456127	.8784748	0	.07591247	0
1336.15	.0439256	.8793044	0	.07676996	0
1335.15	.04225096	.8801252	0	.0776238	0
1334.15	.04058861	.8809374	0	.07847403	0
1333.15	.03893837	.8817409	0	.07932069	0
1332.15	.0373001	.8825361	0	.08016384	0
1331.15	.03567363	.8833229	0	.0810035	0
1330.15	.03405881	.8841015	0	.08183974	0
1329.15	.03245548	.8848719	0	.08267258	0
1328.15	.0308635	.8856344	0	.08350208	0
1327.15	.02928272	.886389	0	.08432827	0
1326.15	.02771298	.8871358	0	.0851512	0
1325.15	.02615415	.887875	0	.08597089	0
1324.15	.02460609	.8886065	0	.0867874	0
1323.15	.02306865	.8893306	0	.08760077	0
1322.15	.02154171	.8900473	0	.08841102	0
1321.15	.02002512	.8907567	0	.08921819	0
1320.15	.01851875	.8914589	0	.09002233	0
1319.15	.01702248	.8921541	0	.09082347	0
1318.15	.01553617	.8928422	0	.09162165	0
1317.15	.0140597	.8935234	0	.09241689	0
1316.15	.01259294	.8941978	0	.09320924	0
1315.15	.01113577	.8948655	0	.09399873	0
1314.15	.009688078	.8955265	0	.09478538	0
1313.15	.008249735	.896181	0	.09556924	0
1312.15	.006820625	.896829	0	.09635034	0
1311.15	.005400635	.8974707	0	.0971287	0
1310.15	.003989651	.898106	0	.09790437	0
1309.15	.002587561	.8987351	0	.09867736	0
1308.15	.001194255	.899358	0	.09944772	0
1307.288	0	.8998902	0	.1001098	0
1307.288	0	.8998902	0	.1001098	0
1307.15	0	.8998084	0	.1001916	0
1306.15	0	.8992158	0	.1007842	0
1305.15	0	.8986244	0	.1013756	0
1304.15	0	.8980343	0	.1019657	0
1303.15	0	.8974455	0	.1025545	0
1302.15	0	.8968579	0	.1031421	0
1301.15	0	.8962716	0	.1037284	0
1300.15	0	.8956865	0	.1043135	0
1299.15	0	.8951026	0	.1048974	0
1298.15	0	.89452	0	.10548	0
1297.15	0	.8939386	0	.1060614	0
1296.15	0	.8933584	0	.1066416	0
1295.15	0	.8927795	0	.1072205	0
1294.15	0	.8922018	0	.1077982	0
1293.15	0	.8916253	0	.1083747	0
1292.15	0	.89105	0	.10895	0
1291.15	0	.890476	0	.109524	0
1290.15	0	.8899031	0	.1100969	0
1289.15	0	.8893315	0	.1106686	0
1288.15	0	.888761	0	.111239	0
1287.15	0	.8881918	0	.1118083	0
1286.15	0	.8876237	0	.1123763	0
1285.15	0	.8870568	0	.1129432	0
1284.15	0	.8864912	0	.1135088	0
1283.15	0	.8859267	0	.1140734	0
1282.15	0	.8853633	0	.1146367	0
1281.15	0	.8848012	0	.1151988	0
1280.15	0	.8842402	0	.1157598	0
1279.15	0	.8836804	0	.1163196	0
1278.15	0	.8831218	0	.1168782	0
1277.15	0	.8825643	0	.1174357	0
1276.15	0	.882008	0	.117992	0
1275.15	0	.8814529	0	.1185471	0
1274.15	0	.8808989	0	.1191011	0
1273.15	0	.880346	0	.119654	0
1272.15	0	.8797944	0	.1202057	0
1271.15	0	.8792438	0	.1207562	0
1270.15	0	.8786944	0	.1213056	0
1269.15	0	.8781461	0	.1218539	0
1268.15	0	.877599	0	.122401	0
1267.15	0	.877053	0	.1229471	0
1266.15	0	.8765081	0	.1234919	0
1265.15	0	.8759643	0	.1240357	0
1264.15	0	.8754217	0	.1245783	0
1263.15	0	.8748801	0	.1251199	0
1262.15	0	.8743397	0	.1256603	0
1261.15	0	.8738004	0	.1261996	0
1260.15	0	.8732622	0	.1267378	0
1259.15	0	.8727252	0	.1272748	0
1258.15	0	.8721892	0	.1278108	0
1257.15	0	.8716543	0	.1283457	0
1256.15	0	.8711205	0	.1288795	0
1255.15	0	.8705878	0	.1294122	0
1254.15	0	.8700562	0	.1299438	0
1253.15	0	.8695257	0	.1304743	0
1252.15	0	.8689963	0	.1310037	0
1251.15	0	.8684679	0	.1315321	0
1250.15	0	.8679406	0	.1320594	0
1249.15	0	.8674144	0	.1325856	0
1248.15	0	.8668893	0	.1331107	0
1247.15	0	.8663653	0	.1336347	0
1246.15	0	.8658423	0	.1341577	0
1245.15	0	.8653203	0	.1346797	0
1244.15	0	.8647995	0	.1352005	0
1243.15	0	.8642797	0	.1357203	0
1242.15	0	.8637609	0	.1362391	0
1241.15	0	.8632432	0	.1367568	0
1240.15	0	.8627265	0	.1372735	0
1239.15	0	.8622109	0	.1377891	0
1238.15	0	.8616964	0	.1383036	0
1237.15	0	.8611828	0	.1388172	0
1236.15	0	.8606704	0	.1393296	0
1235.15	0	.8601589	0	.1398411	0
1234.15	0	.8596485	0	.1403515	0
1233.15	0	.8591391	0	.1408609	0
1232.15	0	.8586307	0	.1413693	0
1231.15	0	.8581234	0	.1418766	0
1230.15	0	.857617	0	.142383	0
1229.15	0	.8571117	0	.1428883	0
1228.2	0	.8566326	0	.1433674	0
1228.2	0	.8566326	0	.1433674	0
1228.2	0	.8566326	0	.1433674	0
1228.15	0	.8565675	4.179983E-05	.1433908	0
1227.15	0	.8552634	8.786079E-04	.143858	0
1226.15	0	.853963	.001713052	.144324	0
1225.15	0	.8526661	.002545138	.1447888	0
1224.15	0	.8513727	.003374868	.1452525	0
1223.15	0	.8500829	.004202249	.1457149	0
1222.15	0	.8487965	.005027285	.1461762	0
1221.15	0	.8475138	.00584998	.1466363	0
1220.15	0	.8462345	.006670339	.1470952	0
1219.15	0	.8449587	.007488366	.1475529	0
1218.15	0	.8436864	.008304065	.1480095	0
1217.15	0	.8424176	.009117441	.148465	0
1216.15	0	.8411523	.009928499	.1489192	0
1215.15	0	.8398904	.01073724	.1493724	0
1214.15	0	.838632	.01154368	.1498243	0
1213.15	0	.8373771	.0123478	.1502751	0
1212.15	0	.8361256	.01314963	.1507248	0
1211.15	0	.8348775	.01394916	.1511734	0
1210.15	0	.8336328	.01474639	.1516208	0
1209.15	0	.8323916	.01554134	.1520671	0
1208.15	0	.8311538	.016334	.1525122	0
1207.15	0	.8299194	.01712438	.1529563	0
1206.15	0	.8286883	.01791249	.1533992	0
1205.15	0	.8274607	.01869832	.153841	0
1204.15	0	.8262365	.01948188	.1542817	0
1203.15	0	.8250156	.02026318	.1547212	0
1202.15	0	.8237981	.02104222	.1551597	0
1201.15	0	.8225839	.021819	.1555971	0
1200.15	0	.8213731	.02259353	.1560334	0
1199.15	0	.8201656	.02336581	.1564686	0
1198.15	0	.8189615	.02413584	.1569027	0
1197.15	0	.8177607	.02490364	.1573357	0
1196.15	0	.8165632	.02566919	.1577676	0
1195.15	0	.815369	.02643251	.1581985	0
1194.15	0	.8141781	.0271936	.1586283	0
1193.15	0	.8129906	.02795247	.159057	0
1192.15	0	.8118063	.02870911	.1594846	0
1191.15	0	.8106253	.02946353	.1599112	0
1190.15	0	.8094476	.03021574	.1603367	0
1189.15	0	.8082731	.03096574	.1607611	0
1188.15	0	.8071019	.03171353	.1611845	0
1187.15	0	.805934	.03245911	.1616069	0
1186.15	0	.8047693	.03320249	.1620282	0
1185.15	0	.8036079	.03394367	.1624484	0
1184.15	0	.8024497	.03468266	.1628677	0
1183.15	0	.8012947	.03541946	.1632858	0
1182.15	0	.800143	.03615407	.163703	0
1181.15	0	.7989944	.0368865	.1641191	0
1180.15	0	.7978491	.03761675	.1645342	0
1179.15	0	.796707	.03834481	.1649482	0
1178.15	0	.7955681	.03907071	.1653612	0
1177.15	0	.7944323	.03979443	.1657733	0
1176.15	0	.7932998	.04051599	.1661842	0
1175.15	0	.7921704	.04123538	.1665942	0
1174.15	0	.7910442	.04195261	.1670032	0
1173.15	0	.7899212	.04266769	.1674112	0
1172.15	0	.7888013	.0433806	.1678181	0
1171.15	0	.7876845	.04409137	.1682241	0
1170.15	0	.786571	.04479999	.1686291	0
1169.15	0	.7854605	.04550646	.169033	0
1168.15	0	.7843532	.04621079	.169436	0
1167.15	0	.783249	.04691298	.169838	0
1166.15	0	.782148	.04761303	.170239	0
1165.15	0	.78105	.04831095	.170639	0
1164.15	0	.7799552	.04900674	.1710381	0
1163.15	0	.7788635	.04970041	.1714361	0
1162.15	0	.7777748	.05039195	.1718332	0
1161.15	0	.7766893	.05108136	.1722294	0
1160.15	0	.7756068	.05176866	.1726245	0
1159.15	0	.7745275	.05245384	.1730187	0
1158.15	0	.7734512	.05313691	.1734119	0
1157.15	0	.7723779	.05381787	.1738042	0
1156.15	0	.7713078	.05449672	.1741955	0
1155.15	0	.7702407	.05517346	.1745859	0
1154.15	0	.7691766	.05584813	.1749753	0
1153.15	0	.7681156	.05652068	.1753637	0
1152.15	0	.7670576	.05719113	.1757512	0
1151.15	0	.7660027	.05785948	.1761378	0
1150.15	0	.7649508	.05852574	.1765234	0
1149.15	0	.763902	.05918992	.1769081	0
1148.15	0	.7628562	.05985201	.1772919	0
1147.15	0	.7618133	.06051201	.1776747	0
1146.15	0	.7607735	.06116994	.1780566	0
1145.15	0	.7597367	.06182578	.1784375	0
1144.15	0	.7587029	.06247955	.1788175	0
1143.15	0	.7576721	.06313125	.1791967	0
1142.15	0	.7566443	.06378088	.1795748	0
1141.15	0	.7556195	.06442844	.1799521	0
1140.15	0	.7545976	.06507394	.1803285	0
1139.15	0	.7535787	.06571737	.1807039	0
1138.15	0	.7525628	.06635874	.1810784	0
1137.15	0	.7515499	.06699805	.1814521	0
1136.15	0	.7505399	.06763531	.1818248	0
1135.15	0	.7495329	.06827051	.1821966	0
1134.15	0	.7485288	.06890366	.1825675	0
1133.15	0	.7475277	.06953476	.1829375	0
1132.15	0	.7465295	.07016382	.1833067	0
1131.15	0	.7455343	.07079083	.1836749	0
1130.15	0	.744542	.0714158	.1840422	0
1129.15	0	.7435526	.07203873	.1844087	0
1128.15	0	.7425661	.07265963	.1847743	0
1127.15	0	.7415826	.07327848	.1851389	0
1126.15	0	.740602	.07389531	.1855027	0
1125.15	0	.7396243	.0745101	.1858656	0
1124.15	0	.7386495	.07512287	.1862277	0
1123.15	0	.7376776	.07573361	.1865888	0
1122.15	0	.7367086	.07634232	.1869491	0
1121.15	0	.7357424	.07694902	.1873086	0
1120.15	0	.7347792	.07755369	.1876671	0
1119.15	0	.7338189	.07815634	.1880248	0
1118.15	0	.7328614	.07875698	.1883816	0
1117.15	0	.7319068	.07935561	.1887376	0
1116.15	0	.7309551	.07995222	.1890927	0
1115.15	0	.7300063	.08054683	.1894469	0
1114.15	0	.7290603	.08113942	.1898003	0
1113.15	0	.7281172	.08173001	.1901528	0
1112.15	0	.7271769	.0823186	.1905045	0
1111.15	0	.7262395	.08290518	.1908553	0
1110.15	0	.725305	.08348977	.1912053	0
1109.15	0	.7243733	.08407236	.1915544	0
1108.15	0	.7234444	.08465295	.1919027	0
1107.15	0	.7225184	.08523155	.1922501	0
1106.15	0	.7215951	.08580815	.1925967	0
1105.15	0	.7206748	.08638277	.1929425	0
1104.15	0	.7197572	.0869554	.1932874	0
1103.15	0	.7188425	.08752604	.1936315	0
1102.15	0	.7179306	.0880947	.1939747	0
1101.15	0	.7170215	.08866137	.1943172	0
1100.15	0	.7161152	.08922607	.1946588	0
1099.15	0	.7152117	.08978878	.1949995	0
1098.15	0	.714311	.09034952	.1953394	0
1097.15	0	.7134132	.09090828	.1956786	0
1096.15	0	.7125181	.09146507	.1960169	0
1095.15	0	.7116258	.09201989	.1963543	0
1094.15	0	.7107363	.09257274	.196691	0
1093.15	0	.7098496	.09312362	.1970268	0
1092.15	0	.7089656	.09367254	.1973618	0
1091.15	0	.7080845	.09421949	.197696	0
1090.15	0	.7072061	.09476448	.1980294	0
1089.15	0	.7063305	.09530751	.198362	0
1088.15	0	.7054577	.09584858	.1986938	0
1087.15	0	.7045876	.09638769	.1990247	0
1086.15	0	.7037203	.09692484	.1993549	0
1085.15	0	.7028557	.09746005	.1996842	0
1084.15	0	.7019939	.0979933	.2000128	0
1083.15	0	.7011349	.0985246	.2003405	0
1082.15	0	.7002786	.09905395	.2006674	0
1081.15	0	.6994251	.09958136	.2009936	0
1080.15	0	.6985743	.1001068	.2013189	0
1079.15	0	.6977262	.1006303	.2016435	0
1078.15	0	.6968809	.1011519	.2019672	0
1077.15	0	.6960383	.1016715	.2022902	0
1076.15	0	.6951984	.1021892	.2026123	0
1075.15	0	.6943613	.102705	.2029337	0
1074.15	0	.6935269	.1032188	.2032543	0
1073.15	0	.6926952	.1037307	.2035741	0
1072.15	0	.6918662	.1042407	.2038931	0
1071.15	0	.69104	.1047487	.2042113	0
1070.15	0	.6902164	.1052548	.2045288	0
1069.15	0	.6893956	.105759	.2048454	0
1068.15	0	.6885775	.1062613	.2051613	0
1067.15	0	.687762	.1067616	.2054764	0
1066.15	0	.6869493	.10726	.2057907	0
1065.15	0	.6861393	.1077565	.2061042	0
1064.15	0	.685332	.1082511	.206417	0
1063.15	0	.6845273	.1087437	.206729	0
1062.15	0	.6837254	.1092345	.2070402	0
1061.15	0	.6829261	.1097233	.2073506	0
1060.15	0	.6821295	.1102102	.2076602	0
1059.15	0	.6813356	.1106953	.2079691	0
1058.15	0	.6805444	.1111784	.2082772	0
1057.15	0	.6797559	.1116596	.2085846	0
1056.15	0	.67897	.1121389	.2088911	0
1055.15	0	.6781868	.1126163	.2091969	0
1054.15	0	.6774063	.1130918	.209502	0
1053.15	0	.6766284	.1135654	.2098063	0
1052.15	0	.6758532	.1140371	.2101097	0
1051.15	0	.6750806	.1145069	.2104125	0
1050.15	0	.6743107	.1149748	.2107144	0
1049.15	0	.6735435	.1154409	.2110157	0
1048.15	0	.6727789	.115905	.2113161	0
1047.15	0	.6720169	.1163673	.2116158	0
1046.15	0	.6712576	.1168277	.2119147	0
1045.15	0	.670501	.1172861	.2122129	0
1044.15	0	.669747	.1177428	.2125103	0
1043.15	0	.6689956	.1181975	.2128069	0
1042.15	0	.6682468	.1186504	.2131028	0
1041.15	0	.6675007	.1191013	.2133979	0
1040.15	0	.6667572	.1195505	.2136923	0
1039.15	0	.6660164	.1199977	.2139859	0
1038.15	0	.6652781	.1204431	.2142788	0
1037.15	0	.6645425	.1208866	.2145709	0
1036.15	0	.6638095	.1213283	.2148622	0
1035.15	0	.6630792	.1217681	.2151528	0
1034.15	0	.6623514	.122206	.2154426	0
1033.15	0	.6616262	.1226421	.2157317	0
1032.15	0	.6609037	.1230763	.21602	0
1031.15	0	.6601837	.1235087	.2163076	0
1030.15	0	.6594664	.1239392	.2165944	0
1029.15	0	.6587516	.1243679	.2168805	0
1028.15	0	.6580395	.1247947	.2171658	0
1027.15	0	.6573299	.1252197	.2174504	0
1026.15	0	.6566229	.1256429	.2177342	0
1025.15	0	.6559185	.1260642	.2180172	0
1024.15	0	.6552168	.1264837	.2182996	0
1023.15	0	.6545175	.1269013	.2185811	0
1022.15	0	.6538209	.1273172	.2188619	0
1021.15	0	.6531268	.1277312	.219142	0
1020.15	0	.6524353	.1281434	.2194213	0
1019.15	0	.6517464	.1285537	.2196999	0
1018.15	0	.6510601	.1289623	.2199777	0
1017.15	0	.6503763	.129369	.2202547	0
1016.15	0	.6496951	.1297739	.220531	0
1015.15	0	.6490164	.130177	.2208066	0
1014.15	0	.6483403	.1305784	.2210814	0
1013.15	0	.6476667	.1309779	.2213554	0
1012.15	0	.6469957	.1313756	.2216287	0
1011.15	0	.6463272	.1317715	.2219013	0
1010.15	0	.6456613	.1321656	.2221731	0
1009.15	0	.6449979	.132558	.2224441	0
1008.15	0	.644337	.1329485	.2227144	0
1007.15	0	.6436787	.1333373	.222984	0
1006.15	0	.6430229	.1337243	.2232528	0
1005.15	0	.6423697	.1341095	.2235208	0
1004.15	0	.6417189	.134493	.2237881	0
1003.15	0	.6410707	.1348747	.2240546	0
1002.15	0	.640425	.1352546	.2243204	0
1001.15	0	.6397818	.1356328	.2245854	0
1000.15	0	.6391411	.1360092	.2248497	0
999.15	0	.6385029	.1363839	.2251132	0
998.15	0	.6378672	.1367568	.225376	0
997.15	0	.637234	.137128	.225638	0
996.15	0	.6366033	.1374974	.2258992	0
995.15	0	.6359751	.1378652	.2261597	0
994.15	0	.6353494	.1382312	.2264194	0
993.15	0	.6347262	.1385954	.2266784	0
992.15	0	.6341054	.138958	.2269366	0
991.15	0	.6334871	.1393188	.2271941	0
990.15	0	.6328713	.139678	.2274508	0
989.15	0	.6322579	.1400354	.2277067	0
988.15	0	.631647	.1403911	.2279618	0
987.15	0	.6310386	.1407452	.2282162	0
986.15	0	.6304326	.1410976	.2284699	0
985.15	0	.629829	.1414482	.2287227	0
984.15	0	.6292279	.1417973	.2289748	0
983.15	0	.6286292	.1421446	.2292262	0
982.15	0	.628033	.1424903	.2294767	0
981.15	0	.6274392	.1428343	.2297265	0
980.15	0	.6268478	.1431767	.2299755	0
979.15	0	.6262588	.1435174	.2302238	0
978.15	0	.6256723	.1438565	.2304712	0
977.15	0	.6250881	.1441939	.2307179	0
976.15	0	.6245064	.1445298	.2309638	0
975.15	0	.623927	.144864	.231209	0
974.15	0	.62335	.1451966	.2314533	0
973.15	0	.6227755	.1455276	.2316969	0
972.15	0	.6222033	.1458571	.2319397	0
971.15	0	.6216334	.1461849	.2321817	0
970.15	0	.621066	.1465111	.2324229	0
969.15	0	.6205008	.1468358	.2326633	0
968.15	0	.6199381	.1471589	.232903	0
967.15	0	.6193777	.1474805	.2331418	0
966.15	0	.6188196	.1478005	.2333799	0
965.15	0	.6182639	.1481189	.2336172	0
964.15	0	.6177105	.1484359	.2338536	0
963.15	0	.6171594	.1487513	.2340893	0
962.15	0	.6166107	.1490652	.2343241	0
961.15	0	.6160642	.1493776	.2345582	0
960.15	0	.61552	.1496885	.2347915	0
959.15	0	.6149782	.149998	.2350239	0
958.15	0	.6144386	.1503059	.2352555	0
957.15	0	.6139013	.1506124	.2354864	0
956.15	0	.6133662	.1509174	.2357164	0
955.15	0	.6128334	.151221	.2359456	0
954.15	0	.6123029	.1515232	.2361739	0
953.15	0	.6117746	.151824	.2364015	0
952.15	0	.6112485	.1521233	.2366282	0
951.15	0	.6107247	.1524212	.2368541	0
950.15	0	.6102031	.1527178	.2370792	0
949.15	0	.6096837	.153013	.2373034	0
948.15	0	.6091665	.1533068	.2375268	0
947.15	0	.6086514	.1535992	.2377493	0
946.15	0	.6081386	.1538904	.2379711	0
945.15	0	.6076279	.1541802	.2381919	0
944.15	0	.6071194	.1544687	.238412	0
943.15	0	.606613	.1547559	.2386312	0
942.15	0	.6061088	.1550418	.2388495	0
941.15	0	.6056067	.1553264	.239067	0
940.15	0	.6051067	.1556098	.2392836	0
939.15	0	.6046088	.1558919	.2394993	0
938.15	0	.604113	.1561729	.2397142	0
937.15	0	.6036192	.1564526	.2399282	0
936.15	0	.6031276	.1567311	.2401413	0
935.15	0	.602638	.1570084	.2403536	0
934.15	0	.6021504	.1572846	.240565	0
933.15	0	.6016649	.1575597	.2407755	0
932.15	0	.6011814	.1578336	.2409851	0
931.15	0	.6006999	.1581064	.2411938	0
930.15	0	.6002204	.1583781	.2414016	0
929.15	0	.5997428	.1586487	.2416085	0
928.15	0	.5992672	.1589182	.2418145	0
927.15	0	.5987936	.1591868	.2420196	0
926.15	0	.5983219	.1594543	.2422238	0
925.15	0	.5978521	.1597208	.2424271	0
924.15	0	.5973843	.1599863	.2426294	0
923.15	0	.5969183	.1602509	.2428308	0
922.15	0	.5964541	.1605145	.2430313	0
921.15	0	.5959919	.1607772	.2432309	0
920.15	0	.5955314	.1610391	.2434295	0
919.15	0	.5950728	.1613	.2436272	0
918.15	0	.594616	.1615601	.2438239	0
917.15	0	.594161	.1618194	.2440196	0
916.15	0	.5937077	.1620778	.2442144	0
915.15	0	.5932562	.1623355	.2444083	0
914.15	0	.5928065	.1625924	.2446011	0
913.15	0	.5923584	.1628486	.244793	0
912.15	0	.591912	.1631041	.2449839	0
911.15	0	.5914673	.1633589	.2451738	0
910.15	0	.5910243	.163613	.2453627	0
909.15	0	.5905829	.1638665	.2455506	0
908.15	0	.5901431	.1641194	.2457375	0
907.15	0	.5897048	.1643717	.2459234	0
906.15	0	.5892682	.1646235	.2461083	0
905.15	0	.5888331	.1648748	.2462922	0
904.15	0	.5883995	.1651256	.246475	0
903.15	0	.5879674	.1653759	.2466568	0
902.15	0	.5875367	.1656258	.2468375	0
901.15	0	.5871076	.1658753	.2470172	0
900.15	0	.5866798	.1661244	.2471958	0
899.15	0	.5862534	.1663733	.2473733	0
898.15	0	.5858285	.1666218	.2475498	0
897.15	0	.5854048	.16687	.2477252	0
896.15	0	.5849825	.167118	.2478995	0
895.15	0	.5845615	.1673659	.2480727	0
894.15	0	.5841417	.1676136	.2482448	0
893.15	0	.5837231	.1678611	.2484158	0
892.15	0	.5833058	.1681086	.2485856	0
891.15	0	.5828897	.168356	.2487543	0
890.15	0	.5824746	.1686034	.2489219	0
889.15	0	.5820608	.1688509	.2490884	0
888.15	0	.5816479	.1690984	.2492536	0
887.15	0	.5812362	.1693461	.2494178	0
886.15	0	.5808254	.1695939	.2495807	0
885.15	0	.5804157	.1698419	.2497425	0
884.15	0	.5800069	.1700902	.249903	0
883.15	0	.579599	.1703387	.2500624	0
882.15	0	.5791919	.1705876	.2502205	0
881.15	0	.5787858	.1708369	.2503774	0
880.15	0	.5783804	.1710866	.2505331	0
879.15	0	.5779758	.1713368	.2506875	0
878.15	0	.5775719	.1715875	.2508406	0
877.15	0	.5771687	.1718388	.2509925	0
876.15	0	.5767661	.1720907	.2511431	0
875.15	0	.5763642	.1723434	.2512924	0
874.15	0	.5759628	.1725967	.2514404	0
873.15	0	.575562	.1728509	.2515871	0
872.15	0	.5751616	.173106	.2517325	0
871.15	0	.5747616	.1733619	.2518765	0
870.15	0	.5743621	.1736188	.2520191	0
869.15	0	.5739628	.1738768	.2521604	0
868.15	0	.5735639	.1741359	.2523003	0
867.15	0	.5731652	.1743961	.2524387	0
866.15	0	.5727667	.1746575	.2525758	0
865.15	0	.5723683	.1749203	.2527114	0
864.15	0	.57197	.1751844	.2528456	0
863.15	0	.5715717	.17545	.2529783	0
862.15	0	.5711735	.1757171	.2531095	0
861.15	0	.5707751	.1759857	.2532392	0
860.15	0	.5703766	.176256	.2533674	0
859.15	0	.5699778	.1765281	.2534941	0
858.15	0	.5695788	.176802	.2536192	0
857.15	0	.5691795	.1770777	.2537427	0
856.15	0	.5687798	.1773555	.2538647	0
855.15	0	.5683796	.1776353	.253985	0
854.15	0	.5679789	.1779174	.2541037	0
853.15	0	.5675776	.1782016	.2542207	0
852.15	0	.5671757	.1784882	.2543361	0
851.15	0	.5667729	.1787773	.2544497	0
850.15	0	.5663694	.1790689	.2545617	0
849.15	0	.565965	.1793632	.2546718	0
848.15	0	.5655595	.1796602	.2547802	0
847.15	0	.565153	.1799602	.2548868	0
846.15	0	.5647454	.1802631	.2549916	0
845.15	0	.5643364	.1805691	.2550945	0
844.15	0	.5639262	.1808783	.2551955	0
843.15	0	.5635145	.1811909	.2552946	0
842.15	0	.5631013	.181507	.2553917	0
841.15	0	.5626865	.1818267	.2554868	0
840.15	0	.5622699	.1821502	.25558	0
839.15	0	.5618514	.1824776	.255671	0
838.15	0	.561431	.182809	.25576	0
837.15	0	.5610085	.1831447	.2558468	0
836.15	0	.5605838	.1834847	.2559315	0
835.15	0	.5601567	.1838294	.256014	0
834.15	0	.5597271	.1841787	.2560942	0
833.15	0	.559295	.184533	.256172	0
832.15	0	.5588601	.1848924	.2562476	0
831.15	0	.5584222	.1852571	.2563207	0
830.15	0	.5579813	.1856273	.2563914	0
829.15	0	.5575372	.1860033	.2564595	0
828.15	0	.5570896	.1863853	.2565251	0
827.15	0	.5566384	.1867735	.256588	0
826.15	0	.5561835	.1871683	.2566483	0
825.15	0	.5557245	.1875697	.2567058	0
824.15	0	.5552613	.1879783	.2567604	0
823.15	0	.5547937	.1883942	.2568122	0
822.15	0	.5543214	.1888178	.2568609	0
821.15	0	.5538441	.1892493	.2569065	0
820.15	0	.5533617	.1896893	.256949	0
819.15	0	.5528738	.190138	.2569882	0
818.15	0	.55238	.1905959	.2570241	0
817.15	0	.5518802	.1910634	.2570564	0
816.15	0	.5513739	.1915409	.2570852	0
815.15	0	.5508607	.192029	.2571103	0
814.15	0	.5503404	.1925282	.2571315	0
813.15	0	.5498124	.193039	.2571487	0
812.15	0	.5492762	.1935621	.2571617	0
811.15	0	.5487315	.1940981	.2571704	0
810.15	0	.5481776	.1946478	.2571747	0
809.15	0	.547614	.1952119	.2571742	0
808.15	0	.54704	.1957912	.2571688	0
807.15	0	.546455	.1963868	.2571583	0
806.15	0	.5458581	.1969995	.2571424	0
805.15	0	.5452486	.1976306	.2571208	0
804.15	0	.5446256	.1982812	.2570932	0
803.15	0	.543988	.1989527	.2570593	0
802.15	0	.5433346	.1996467	.2570187	0
801.15	0	.5426643	.2003647	.256971	0
800.15	0	.5419756	.2011087	.2569157	0
799.15	0	.5412668	.2018809	.2568523	0
798.15	0	.5405363	.2026836	.2567802	0
797.15	0	.5397818	.2035196	.2566986	0
796.15	0	.5383993	.2051577	.256443	0
795.15	0	.5369522	.2068843	.2561635	0
794.15	0	.535613	.2084796	.2559074	0
793.15	0	.5343671	.2099614	.2556715	0
792.15	0	.5332032	.2113438	.2554529	0
791.15	0	.5321118	.2126387	.2552496	0
790.15	0	.5310849	.2138554	.2550597	0
789.15	0	.5301181	.2150008	.2548811	0
788.15	0	.5292016	.2160846	.2547138	0
787.15	0	.5283327	.2171113	.254556	0
786.15	0	.5275073	.2180857	.2544069	0
785.15	0	.5267218	.2190125	.2542657	0
784.15	0	.525973	.2198954	.2541316	0
783.15	0	.5252581	.2207379	.254004	0
782.15	0	.5245745	.221543	.2538824	0
781.15	0	.5239201	.2223135	.2537664	0
780.15	0	.5232928	.2230518	.2536554	0
779.15	0	.5226908	.22376	.2535492	0
778.15	0	.5221126	.2244402	.2534473	0
777.15	0	.5215565	.2250941	.2533495	0
776.15	0	.5210212	.2257233	.2532554	0
775.15	0	.5205056	.2263295	.2531649	0
774.15	0	.5200084	.2269139	.2530777	0
773.15	0	.5195287	.2274778	.2529935	0
772.15	0	.5190655	.2280223	.2529122	0
771.15	0	.5186178	.2285486	.2528337	0
770.15	0	.5181849	.2290575	.2527576	0
769.15	0	.517766	.22955	.252684	0
768.15	0	.5173604	.230027	.2526126	0
767.15	0	.5169674	.2304893	.2525433	0
766.15	0	.5165864	.2309375	.2524761	0
765.15	0	.5162169	.2313723	.2524107	0
764.15	0	.5158583	.2317945	.2523472	0
763.15	0	.5155102	.2322046	.2522853	0
762.15	0	.5151719	.2326031	.252225	0
761.15	0	.5148432	.2329906	.2521663	0
760.15	0	.5145235	.2333676	.2521089	0
759.15	0	.5142125	.2337345	.252053	0
758.15	0	.5139098	.2340918	.2519983	0
757.15	0	.5136151	.23444	.2519449	0
756.15	0	.513328	.2347793	.2518927	0
755.15	0	.5130483	.2351102	.2518416	0
754.15	0	.5127756	.2354329	.2517915	0
753.15	0	.5125096	.235748	.2517425	0
752.15	0	.5122501	.2360555	.2516944	0
751.15	0	.5119968	.236356	.2516472	0
750.15	0	.5117496	.2366495	.2516009	0
749.15	0	.5115081	.2369365	.2515555	0
748.15	0	.5112721	.2372171	.2515108	0
747.15	0	.5110415	.2374916	.2514669	0
746.15	0	.510816	.2377602	.2514237	0
745.15	0	.5105955	.2380232	.2513813	0
744.15	0	.5103798	.2382808	.2513394	0
743.15	0	.5101687	.238533	.2512983	0
742.15	0	.509962	.2387803	.2512577	0
741.15	0	.5097597	.2390226	.2512177	0
740.15	0	.5095615	.2392603	.2511782	0
739.15	0	.5093673	.2394934	.2511393	0
738.15	0	.5091769	.2397221	.2511009	0
737.15	0	.5089904	.2399467	.251063	0
736.15	0	.5088074	.2401671	.2510255	0
735.15	0	.5086279	.2403836	.2509885	0
734.15	0	.5084518	.2405963	.2509519	0
733.15	0	.508279	.2408053	.2509158	0
732.15	0	.5081093	.2410107	.25088	0
731.15	0	.5079428	.2412127	.2508445	0
730.15	0	.5077792	.2414114	.2508095	0
729.15	0	.5076184	.2416068	.2507747	0
728.15	0	.5074605	.2417991	.2507404	0
727.15	0	.5073053	.2419885	.2507063	0
726.15	0	.5071526	.2421749	.2506725	0
725.15	0	.5070026	.2423584	.250639	0
724.15	0	.506855	.2425393	.2506058	0
723.15	0	.5067098	.2427174	.2505728	0
722.15	0	.5065669	.242893	.2505401	0
721.15	0	.5064262	.2430661	.2505076	0
720.15	0	.5062878	.2432368	.2504754	0
719.15	0	.5061515	.2434051	.2504434	0
718.15	0	.5060172	.2435712	.2504116	0
717.15	0	.5058849	.2437351	.25038	0
716.15	0	.5057546	.2438968	.2503486	0
715.15	0	.5056262	.2440564	.2503174	0
714.15	0	.5054996	.244214	.2502863	0
713.15	0	.5053749	.2443697	.2502554	0
712.15	0	.5052518	.2445234	.2502247	0
711.15	0	.5051305	.2446754	.2501942	0
710.15	0	.5050107	.2448255	.2501638	0
709.15	0	.5048926	.2449739	.2501335	0
708.15	0	.5047761	.2451205	.2501034	0
707.15	0	.5046611	.2452656	.2500734	0
706.15	0	.5045475	.245409	.2500435	0
705.15	0	.5044354	.2455509	.2500137	0
704.15	0	.5043247	.2456913	.2499841	0
703.15	0	.5042153	.2458302	.2499545	0
702.15	0	.5041073	.2459676	.2499251	0
701.15	0	.5040005	.2461037	.2498957	0
700.15	0	.5038951	.2462384	.2498665	0
699.15	0	.5037908	.2463718	.2498373	0
698.15	0	.5036878	.246504	.2498082	0
697.15	0	.5035859	.2466348	.2497792	0
696.15	0	.5034852	.2467645	.2497503	0
695.15	0	.5033856	.246893	.2497214	0
694.15	0	.503287	.2470203	.2496926	0
693.15	0	.5031896	.2471465	.2496639	0
692.15	0	.5030931	.2472716	.2496353	0
691.15	0	.5029977	.2473957	.2496066	0
690.15	0	.5029033	.2475187	.2495781	0
689.15	0	.5028098	.2476407	.2495496	0
688.15	0	.5027172	.2477617	.2495211	0
687.15	0	.5026256	.2478817	.2494927	0
686.15	0	.5025348	.2480008	.2494643	0
685.15	0	.502445	.248119	.249436	0
684.15	0	.502356	.2482363	.2494077	0
683.15	0	.5022678	.2483528	.2493794	0
682.15	0	.5021804	.2484684	.2493512	0
681.15	0	.5020939	.2485832	.249323	0
680.15	0	.5020081	.2486971	.2492948	0
679.15	0	.5019231	.2488103	.2492667	0
678.15	0	.5018388	.2489227	.2492385	0
677.15	0	.5017552	.2490343	.2492104	0
676.15	0	.5016724	.2491452	.2491824	0
675.15	0	.5015903	.2492555	.2491543	0
674.15	0	.5015088	.249365	.2491262	0
673.15	0	.501428	.2494738	.2490982	0
672.15	0	.5013479	.249582	.2490702	0
671.15	0	.5012684	.2496895	.2490422	0
670.15	0	.5011895	.2497963	.2490142	0
669.15	0	.5011113	.2499026	.2489862	0
668.15	0	.5010336	.2500082	.2489582	0
667.15	0	.5009565	.2501133	.2489302	0
666.15	0	.50088	.2502178	.2489022	0
665.15	0	.5008041	.2503217	.2488742	0
664.15	0	.5007287	.250425	.2488463	0
663.15	0	.5006539	.2505278	.2488183	0
662.15	0	.5005796	.2506301	.2487903	0
661.15	0	.5005058	.2507318	.2487624	0
660.15	0	.5004326	.2508331	.2487344	0
659.15	0	.5003598	.2509338	.2487064	0
658.15	0	.5002875	.2510341	.2486784	0
657.15	0	.5002157	.2511339	.2486504	0
656.15	0	.5001444	.2512332	.2486225	0
655.15	0	.5000735	.251332	.2485945	0
654.15	0	.5000031	.2514305	.2485664	0
653.15	0	.4999331	.2515284	.2485384	0
652.15	0	.4998636	.251626	.2485104	0
651.15	0	.4997945	.2517231	.2484824	0
650.15	0	.4997259	.2518198	.2484544	0
649.15	0	.4996576	.2519161	.2484263	0
648.15	0	.4995897	.252012	.2483982	0
647.15	0	.4995223	.2521075	.2483702	0
646.15	0	.4994552	.2522027	.2483421	0
645.15	0	.4993885	.2522975	.248314	0
644.15	0	.4993223	.2523918	.2482859	0
643.15	0	.4992563	.2524859	.2482578	0
642.15	0	.4991908	.2525796	.2482296	0
641.15	0	.4991256	.2526729	.2482015	0
640.15	0	.4990607	.2527659	.2481733	0
639.15	0	.4989962	.2528586	.2481452	0
638.15	0	.4989321	.2529509	.248117	0
637.15	0	.4988683	.2530429	.2480888	0
636.15	0	.4988048	.2531347	.2480606	0
635.15	0	.4987416	.2532261	.2480324	0
634.15	0	.4986788	.2533171	.2480041	0
633.15	0	.4986162	.2534079	.2479759	0
632.15	0	.498554	.2534984	.2479476	0
631.15	0	.4984921	.2535886	.2479193	0
630.15	0	.4984305	.2536785	.247891	0
629.15	0	.4983692	.2537682	.2478627	0
628.15	0	.4983081	.2538575	.2478343	0
627.15	0	.4982474	.2539466	.247806	0
626.15	0	.4981869	.2540354	.2477776	0
625.15	0	.4981268	.254124	.2477493	0
624.15	0	.4980669	.2542123	.2477209	0
623.15	0	.4980072	.2543003	.2476924	0
622.15	0	.4979479	.2543881	.247664	0
621.15	0	.4978888	.2544757	.2476356	0
620.15	0	.4978299	.254563	.2476071	0
619.15	0	.4977713	.25465	.2475786	0
618.15	0	.497713	.2547369	.2475502	0
617.15	0	.4976549	.2548235	.2475217	0
616.15	0	.4975971	.2549098	.2474931	0
615.15	0	.4975395	.2549959	.2474646	0
614.15	0	.4974821	.2550818	.2474361	0
613.15	0	.497425	.2551675	.2474075	0
612.15	0	.4973681	.255253	.2473789	0
611.15	0	.4973114	.2553383	.2473503	0
610.15	0	.497255	.2554233	.2473217	0
609.15	0	.4971988	.2555081	.2472931	0
608.15	0	.4971428	.2555928	.2472645	0
607.15	0	.497087	.2556772	.2472358	0
606.15	0	.4970314	.2557614	.2472072	0
605.15	0	.4969761	.2558454	.2471785	0
604.15	0	.496921	.2559292	.2471498	0
603.15	0	.496866	.2560128	.2471211	0
602.15	0	.4968113	.2560963	.2470924	0
601.15	0	.4967568	.2561795	.2470637	0
600.15	0	.4967025	.2562626	.247035	0
599.15	0	.4966484	.2563454	.2470062	0
598.15	0	.4965945	.2564281	.2469775	0
597.15	0	.4965407	.2565106	.2469487	0
596.15	0	.4964872	.2565929	.2469199	0
595.15	0	.4964339	.256675	.2468912	0
594.15	0	.4963807	.2567569	.2468624	0
593.15	0	.4963277	.2568387	.2468336	0
592.15	0	.496275	.2569203	.2468048	0
591.15	0	.4962224	.2570017	.2467759	0
590.15	0	.4961699	.2570829	.2467471	0
589.15	0	.4961177	.257164	.2467183	0
588.15	0	.4960656	.2572449	.2466894	0
587.15	0	.4960138	.2573257	.2466606	0
586.15	0	.495962	.2574062	.2466317	0
585.15	0	.4959105	.2574866	.2466029	0
584.15	0	.4958591	.2575669	.246574	0
583.15	0	.495808	.2576469	.2465451	0
582.15	0	.4957569	.2577268	.2465163	0
581.15	0	.4957061	.2578066	.2464874	0
580.15	0	.4956554	.2578861	.2464585	0
579.15	0	.4956048	.2579656	.2464296	0
578.15	0	.4955545	.2580448	.2464007	0
577.15	0	.4955043	.2581239	.2463718	0
576.15	0	.4954542	.2582029	.2463429	0
575.15	0	.4954043	.2582816	.246314	0
574.15	0	.4953546	.2583603	.2462851	0
573.15	0	.495305	.2584388	.2462562	0
572.15	0	.4952556	.2585171	.2462273	0
571.15	0	.4952063	.2585952	.2461984	0
570.15	0	.4951572	.2586733	.2461695	0
569.15	0	.4951083	.2587511	.2461406	0
568.15	0	.4950595	.2588288	.2461117	0
567.15	0	.4950108	.2589064	.2460828	0
566.15	0	.4949623	.2589838	.2460539	0
565.15	0	.494914	.259061	.246025	0
564.15	0	.4948657	.2591381	.2459961	0
563.15	0	.4948177	.2592151	.2459672	0
562.15	0	.4947698	.2592919	.2459384	0
561.15	0	.494722	.2593685	.2459095	0
560.15	0	.4946743	.2594451	.2458806	0
559.15	0	.4946269	.2595214	.2458517	0
558.15	0	.4945795	.2595976	.2458229	0
557.15	0	.4945323	.2596737	.245794	0
556.15	0	.4944852	.2597496	.2457652	0
555.15	0	.4944383	.2598254	.2457363	0
554.15	0	.4943915	.259901	.2457075	0
553.15	0	.4943449	.2599765	.2456787	0
552.15	0	.4942984	.2600518	.2456499	0
551.15	0	.494252	.260127	.2456211	0
550.15	0	.4942057	.260202	.2455923	0
549.15	0	.4941596	.2602769	.2455635	0
548.15	0	.4941137	.2603516	.2455347	0
547.15	0	.4940678	.2604262	.245506	0
546.15	0	.4940221	.2605007	.2454772	0
545.15	0	.4939766	.260575	.2454485	0
544.15	0	.4939311	.2606491	.2454197	0
543.15	0	.4938858	.2607231	.245391	0
542.15	0	.4938407	.260797	.2453623	0
541.15	0	.4937956	.2608707	.2453337	0
540.15	0	.4937507	.2609443	.245305	0
539.15	0	.493706	.2610177	.2452764	0
538.15	0	.4936613	.261091	.2452477	0
537.15	0	.4936168	.2611641	.2452191	0
536.15	0	.4935724	.2612371	.2451905	0
535.15	0	.4935281	.2613099	.2451619	0
534.15	0	.493484	.2613826	.2451334	0
533.15	0	.49344	.2614552	.2451049	0
532.15	0	.4933961	.2615276	.2450763	0
531.15	0	.4933525	.2615998	.2450477	0
530.15	0	.4933089	.2616719	.2450192	0
529.15	0	.4932654	.2617439	.2449908	0
528.15	0	.493222	.2618157	.2449623	0
527.15	0	.4931788	.2618873	.2449339	0
526.15	0	.4931356	.2619588	.2449055	0
525.15	0	.4930926	.2620302	.2448772	0
524.15	0	.4930498	.2621014	.2448488	0
523.15	0	.493007	.2621725	.2448205	0
522.15	0	.4929644	.2622434	.2447922	0
521.15	0	.4929219	.2623142	.244764	0
520.15	0	.4928795	.2623848	.2447357	0
519.15	0	.4928373	.2624552	.2447075	0
518.15	0	.4927951	.2625256	.2446793	0
517.15	0	.4927531	.2625957	.2446512	0
516.15	0	.4927112	.2626657	.244623	0
515.15	0	.4926695	.2627356	.2445949	0
514.15	0	.4926278	.2628053	.2445669	0
513.15	0	.4925863	.2628749	.2445388	0
512.15	0	.4925449	.2629443	.2445108	0
511.15	0	.4925036	.2630135	.2444829	0
510.15	0	.4924625	.2630826	.2444549	0
509.15	0	.4924214	.2631516	.244427	0
508.15	0	.4923805	.2632204	.2443991	0
507.15	0	.4923397	.263289	.2443713	0
506.15	0	.492299	.2633575	.2443435	0
505.15	0	.4922585	.2634258	.2443157	0
504.15	0	.4922181	.263494	.244288	0
503.15	0	.4921777	.263562	.2442603	0
502.15	0	.4921376	.2636298	.2442326	0
501.15	0	.4920975	.2636975	.244205	0
500.15	0	.4920575	.2637651	.2441774	0
499.15	0	.4920177	.2638325	.2441499	0
498.15	0	.491978	.2638997	.2441223	0
497.15	0	.4919384	.2639667	.2440949	0
496.15	0	.4918989	.2640337	.2440674	0
495.15	0	.4918595	.2641004	.2440401	0
494.15	0	.4918203	.264167	.2440127	0
493.15	0	.4917812	.2642334	.2439854	0
492.15	0	.4917422	.2642997	.2439581	0
491.15	0	.4917033	.2643658	.2439309	0
490.15	0	.4916645	.2644317	.2439037	0
489.15	0	.4916259	.2644975	.2438766	0
488.15	0	.4915874	.2645631	.2438495	0
487.15	0	.491549	.2646286	.2438225	0
486.15	0	.4915107	.2646939	.2437955	0
485.15	0	.4914725	.264759	.2437685	0
484.15	0	.4914345	.2648239	.2437416	0
483.15	0	.4913965	.2648887	.2437148	0
482.15	0	.4913587	.2649533	.2436879	0
481.15	0	.491321	.2650178	.2436612	0
480.15	0	.4912835	.2650821	.2436345	0
479.15	0	.491246	.2651462	.2436078	0
478.15	0	.4912087	.2652102	.2435812	0
477.15	0	.4911714	.2652739	.2435546	0
476.15	0	.4911343	.2653376	.2435281	0
475.15	0	.4910973	.265401	.2435017	0
474.15	0	.4910605	.2654643	.2434753	0
473.15	0	.4910237	.2655274	.2434489	0
472.15	0	.4909871	.2655903	.2434226	0
471.15	0	.4909506	.2656531	.2433964	0
470.15	0	.4909142	.2657157	.2433702	0
469.15	0	.4908779	.2657781	.243344	0
468.15	0	.4908418	.2658403	.2433179	0
467.15	0	.4908057	.2659024	.2432919	0
466.15	0	.4907698	.2659643	.2432659	0
465.15	0	.490734	.266026	.24324	0
464.15	0	.4906983	.2660875	.2432142	0
463.15	0	.4906628	.2661489	.2431884	0
462.15	0	.4906273	.26621	.2431627	0
461.15	0	.490592	.2662711	.243137	0
460.15	0	.4905568	.2663319	.2431114	0
459.15	0	.4905217	.2663925	.2430858	0
458.15	0	.4904867	.266453	.2430603	0
457.15	0	.4904519	.2665133	.2430349	0
456.15	0	.4904171	.2665734	.2430095	0
455.15	0	.4903825	.2666333	.2429842	0
454.15	0	.490348	.2666931	.2429589	0
453.15	0	.4903136	.2667526	.2429338	0
452.15	0	.4902794	.266812	.2429086	0
451.15	0	.4902452	.2668712	.2428836	0
450.15	0	.4902112	.2669302	.2428586	0
449.15	0	.4901773	.266989	.2428337	0
448.15	0	.4901436	.2670476	.2428088	0
447.15	0	.4901099	.267106	.2427841	0
446.15	0	.4900764	.2671642	.2427594	0
445.15	0	.4900431	.2672222	.2427348	0
444.15	0	.4900098	.26728	.2427102	0
443.15	0	.4899767	.2673375	.2426857	0
442.15	0	.4899438	.2673949	.2426613	0
441.15	0	.489911	.267452	.242637	0
440.15	0	.4898783	.2675089	.2426128	0
439.15	0	.4898457	.2675656	.2425886	0
438.15	0	.4898134	.2676221	.2425646	0
437.15	0	.4897811	.2676783	.2425406	0
436.15	0	.489749	.2677343	.2425167	0
435.15	0	.4897171	.26779	.2424929	0
434.15	0	.4896853	.2678455	.2424692	0
433.15	0	.4896537	.2679007	.2424456	0
432.15	0	.4896223	.2679557	.2424221	0
431.15	0	.489591	.2680104	.2423986	0
430.15	0	.4895598	.2680649	.2423753	0
429.15	0	.4895288	.2681191	.242352	0
428.15	0	.489498	.2681731	.2423289	0
427.15	0	.4894673	.2682268	.2423058	0
426.15	0	.4894369	.2682802	.2422829	0
425.15	0	.4894065	.2683334	.2422601	0
424.15	0	.4893764	.2683863	.2422373	0
423.15	0	.4893464	.268439	.2422147	0
422.15	0	.4893165	.2684913	.2421921	0
421.15	0	.4892869	.2685434	.2421697	0
420.15	0	.4892574	.2685953	.2421473	0
419.15	0	.4892281	.2686468	.2421251	0
418.15	0	.4891989	.2686981	.242103	0
417.15	0	.4891699	.2687491	.2420809	0
416.15	0	.4891411	.2687999	.242059	0
