T	 BPW(LIQUID)	BPW(BCC_A2)	BPW(FCC_A1)	BPW(LAVES_PHASE_C14)	BPW(NI3TI)
1473.15	.3645337	.5103988	0	.1250674	0
1472.15	.3581668	.5146128	0	.1272205	0
1471.15	.3519163	.5187455	0	.1293383	0
1470.15	.3457791	.5227991	0	.1314217	0
1469.15	.3397524	.5267758	0	.1334718	0
1468.15	.3338331	.5306775	0	.1354894	0
1467.15	.3280184	.5345062	0	.1374754	0
1466.15	.3223058	.5382636	0	.1394307	0
1465.15	.3166924	.5419517	0	.1413559	0
1464.15	.3111759	.5455721	0	.1432521	0
1463.15	.3057537	.5491265	0	.1451198	0
1462.15	.3004235	.5526167	0	.1469598	0
1461.15	.295183	.5560441	0	.1487728	0
1460.15	.29003	.5594104	0	.1505596	0
1459.15	.2849623	.5627169	0	.1523208	0
1458.15	.2799779	.5659652	0	.154057	0
1457.15	.2750747	.5691566	0	.1557688	0
1456.15	.2702507	.5722924	0	.1574569	0
1455.15	.2655042	.5753741	0	.1591218	0
1454.15	.2608332	.5784027	0	.160764	0
1453.15	.256236	.5813797	0	.1623843	0
1452.15	.2517109	.5843061	0	.163983	0
1451.15	.2472561	.5871832	0	.1655607	0
1450.15	.2428701	.590012	0	.1671179	0
1449.15	.2385513	.5927937	0	.168655	0
1448.15	.2342981	.5955293	0	.1701726	0
1447.15	.2301092	.5982198	0	.171671	0
1446.15	.2259829	.6008663	0	.1731508	0
1445.15	.221918	.6034696	0	.1746124	0
1444.15	.217913	.6060308	0	.1760561	0
1443.15	.2139668	.6085508	0	.1774824	0
1442.15	.2100779	.6110304	0	.1788917	0
1441.15	.2062451	.6134706	0	.1802843	0
1440.15	.2024672	.6158721	0	.1816607	0
1439.15	.1987431	.6182358	0	.1830211	0
1438.15	.1950715	.6205625	0	.1843659	0
1437.15	.1914515	.622853	0	.1856956	0
1436.15	.1878818	.6251079	0	.1870103	0
1435.15	.1843615	.6273282	0	.1883104	0
1434.15	.1808894	.6295143	0	.1895963	0
1433.15	.1774647	.6316672	0	.1908681	0
1432.15	.1740863	.6337873	0	.1921264	0
1431.15	.1707533	.6358755	0	.1933712	0
1430.15	.1674648	.6379323	0	.1946029	0
1429.15	.1642198	.6399584	0	.1958218	0
1428.15	.1610175	.6419544	0	.1970281	0
1427.15	.1578571	.6439208	0	.1982221	0
1426.15	.1547377	.6458583	0	.1994041	0
1425.15	.1516584	.6477674	0	.2005742	0
1424.15	.1486186	.6496486	0	.2017328	0
1423.15	.1456174	.6515026	0	.20288	0
1422.15	.1426541	.6533298	0	.204016	0
1421.15	.139728	.6551308	0	.2051412	0
1420.15	.1368383	.656906	0	.2062557	0
1419.15	.1339844	.6586559	0	.2073597	0
1418.15	.1311655	.660381	0	.2084535	0
1417.15	.128381	.6620818	0	.2095372	0
1416.15	.1256303	.6637587	0	.210611	0
1415.15	.1229127	.6654122	0	.211675	0
1414.15	.1202277	.6670427	0	.2127296	0
1413.15	.1175745	.6686506	0	.2137749	0
1412.15	.1149527	.6702363	0	.214811	0
1411.15	.1123616	.6718003	0	.2158382	0
1410.15	.1098007	.6733429	0	.2168565	0
1409.15	.1072694	.6748644	0	.2178662	0
1408.15	.1047673	.6763654	0	.2188673	0
1407.15	.1022937	.6778461	0	.2198602	0
1406.15	.09984821	.6793069	0	.2208448	0
1405.15	.0974303	.6807482	0	.2218215	0
1404.15	.09503947	.6821703	0	.2227902	0
1403.15	.09267526	.6835735	0	.2237512	0
1402.15	.09033719	.6849582	0	.2247046	0
1401.15	.08802482	.6863247	0	.2256505	0
1400.15	.08573769	.6876733	0	.2265891	0
1399.15	.08347537	.6890042	0	.2275204	0
1398.15	.08123744	.6903179	0	.2284447	0
1397.15	.07902347	.6916146	0	.229362	0
1396.15	.07683307	.6928945	0	.2302724	0
1395.15	.07466582	.694158	0	.2311762	0
1394.15	.07252135	.6954054	0	.2320733	0
1393.15	.07039927	.6966368	0	.2329639	0
1392.15	.0682992	.6978527	0	.2338481	0
1391.15	.06622078	.6990531	0	.2347261	0
1390.15	.06416366	.7002385	0	.2355979	0
1389.15	.06212748	.701409	0	.2364636	0
1388.15	.06011189	.7025648	0	.2373233	0
1387.15	.05811657	.7037063	0	.2381772	0
1386.15	.05614118	.7048336	0	.2390252	0
1385.15	.05418539	.705947	0	.2398676	0
1384.15	.05224891	.7070467	0	.2407044	0
1383.15	.05033141	.7081328	0	.2415358	0
1382.15	.04843258	.7092058	0	.2423617	0
1381.15	.04655215	.7102656	0	.2431822	0
1380.15	.04468981	.7113126	0	.2439976	0
1379.15	.04284527	.712347	0	.2448078	0
1378.15	.04101827	.7133689	0	.2456129	0
1377.15	.03920851	.7143785	0	.246413	0
1376.15	.03741575	.7153761	0	.2472082	0
1375.15	.03563971	.7163617	0	.2479986	0
1374.15	.03388013	.7173357	0	.2487842	0
1373.15	.03213676	.7182982	0	.2495651	0
1372.15	.03040936	.7192493	0	.2503414	0
1371.15	.02869768	.7201892	0	.2511131	0
1370.15	.02700147	.7211181	0	.2518804	0
1369.15	.02532051	.7220362	0	.2526432	0
1368.15	.02365457	.7229437	0	.2534018	0
1367.15	.02200342	.7238406	0	.254156	0
1366.15	.02036684	.7247271	0	.254906	0
1365.15	.01874461	.7256035	0	.2556519	0
1364.15	.01713652	.7264698	0	.2563937	0
1363.15	.01554236	.7273262	0	.2571314	0
1362.15	.01396193	.7281729	0	.2578652	0
1361.15	.01239502	.7290099	0	.2585951	0
1360.15	.01084144	.7298375	0	.2593211	0
1359.15	.009300984	.7306557	0	.2600433	0
1358.15	.007773473	.7314648	0	.2607618	0
1357.15	.006258716	.7322648	0	.2614765	0
1356.15	.004756528	.7330558	0	.2621877	0
1355.15	.003266731	.7338381	0	.2628952	0
1354.15	.001789146	.7346116	0	.2635992	0
1353.15	3.235985E-04	.7353767	0	.2642997	0
1352.928	0	.7355453	0	.2644547	0
1352.928	0	.7355453	0	.2644547	0
1352.15	0	.7351839	0	.2648161	0
1351.15	0	.7347204	0	.2652796	0
1350.15	0	.734258	0	.265742	0
1349.15	0	.7337966	0	.2662034	0
1348.15	0	.7333364	0	.2666636	0
1347.15	0	.7328772	0	.2671228	0
1346.15	0	.732419	0	.267581	0
1345.15	0	.731962	0	.268038	0
1344.15	0	.731506	0	.268494	0
1343.15	0	.731051	0	.268949	0
1342.15	0	.7305971	0	.2694029	0
1341.15	0	.7301443	0	.2698557	0
1340.15	0	.7296925	0	.2703075	0
1339.15	0	.7292417	0	.2707583	0
1338.15	0	.728792	0	.271208	0
1337.15	0	.7283433	0	.2716567	0
1336.15	0	.7278957	0	.2721043	0
1335.15	0	.727449	0	.272551	0
1334.15	0	.7270034	0	.2729966	0
1333.15	0	.7265589	0	.2734411	0
1332.15	0	.7261153	0	.2738847	0
1331.15	0	.7256728	0	.2743272	0
1330.15	0	.7252313	0	.2747687	0
1329.15	0	.7247908	0	.2752092	0
1328.15	0	.7243513	0	.2756487	0
1327.15	0	.7239128	0	.2760872	0
1326.15	0	.7234753	0	.2765247	0
1325.15	0	.7230389	0	.2769611	0
1324.15	0	.7226034	0	.2773966	0
1323.15	0	.7221689	0	.2778311	0
1322.15	0	.7217354	0	.2782646	0
1321.15	0	.7213029	0	.2786971	0
1320.15	0	.7208713	0	.2791287	0
1319.15	0	.7204408	0	.2795592	0
1318.206	0	.7200354	0	.2799646	0
1318.206	0	.7200354	0	.2799646	0
1318.206	0	.7200354	0	.2799646	0
1318.15	0	.7199513	6.089708E-05	.2799878	0
1317.15	0	.71846	.001141615	.2803984	0
1316.15	0	.7169727	.002219639	.2808077	0
1315.15	0	.7154892	.003294974	.2812158	0
1314.15	0	.7140096	.004367624	.2816228	0
1313.15	0	.712534	.005437596	.2820285	0
1312.15	0	.7110622	.006504894	.282433	0
1311.15	0	.7095942	.007569523	.2828363	0
1310.15	0	.7081302	.008631489	.2832384	0
1309.15	0	.7066699	.009690796	.2836393	0
1308.15	0	.7052135	.01074745	.284039	0
1307.15	0	.703761	.01180145	.2844376	0
1306.15	0	.7023122	.01285281	.284835	0
1305.15	0	.7008673	.01390153	.2852312	0
1304.15	0	.6994262	.01494762	.2856262	0
1303.15	0	.6979888	.01599108	.2860201	0
1302.15	0	.6965552	.01703191	.2864129	0
1301.15	0	.6951254	.01807012	.2868044	0
1300.15	0	.6936994	.01910571	.2871949	0
1299.15	0	.6922771	.02013869	.2875842	0
1298.15	0	.6908586	.02116907	.2879724	0
1297.15	0	.6894437	.02219684	.2883594	0
1296.15	0	.6880327	.02322201	.2887453	0
1295.15	0	.6866253	.02424459	.2891301	0
1294.15	0	.6852216	.02526458	.2895138	0
1293.15	0	.6838217	.02628199	.2898964	0
1292.15	0	.6824254	.02729681	.2902778	0
1291.15	0	.6810328	.02830905	.2906582	0
1290.15	0	.6796438	.02931872	.2910374	0
1289.15	0	.6782586	.03032582	.2914156	0
1288.15	0	.676877	.03133036	.2917927	0
1287.15	0	.675499	.03233233	.2921687	0
1286.15	0	.6741247	.03333175	.2925436	0
1285.15	0	.672754	.03432861	.2929174	0
1284.15	0	.6713869	.03532292	.2932902	0
1283.15	0	.6700234	.03631468	.2936619	0
1282.15	0	.6686636	.0373039	.2940325	0
1281.15	0	.6673073	.03829059	.2944021	0
1280.15	0	.6659547	.03927473	.2947706	0
1279.15	0	.6646056	.04025635	.2951381	0
1278.15	0	.6632601	.04123543	.2955045	0
1277.15	0	.6619181	.04221199	.2958699	0
1276.15	0	.6605797	.04318603	.2962342	0
1275.15	0	.6592449	.04415755	.2965975	0
1274.15	0	.6579136	.04512655	.2969598	0
1273.15	0	.6565859	.04609304	.2973211	0
1272.15	0	.6552616	.04705703	.2976813	0
1271.15	0	.6539409	.0480185	.2980406	0
1270.15	0	.6526238	.04897748	.2983988	0
1269.15	0	.6513101	.04993395	.298756	0
1268.15	0	.6499999	.05088793	.2991122	0
1267.15	0	.6486932	.05183942	.2994674	0
1266.15	0	.64739	.05278841	.2998216	0
1265.15	0	.6460903	.05373492	.3001748	0
1264.15	0	.6447941	.05467894	.300527	0
1263.15	0	.6435013	.05562048	.3008783	0
1262.15	0	.642212	.05655953	.3012285	0
1261.15	0	.6409261	.05749612	.3015778	0
1260.15	0	.6396437	.05843022	.3019261	0
1259.15	0	.6383647	.05936186	.3022734	0
1258.15	0	.6370892	.06029103	.3026198	0
1257.15	0	.635817	.06121773	.3029652	0
1256.15	0	.6345484	.06214196	.3033097	0
1255.15	0	.6332831	.06306374	.3036532	0
1254.15	0	.6320212	.06398305	.3039957	0
1253.15	0	.6307628	.06489991	.3043373	0
1252.15	0	.6295077	.06581431	.304678	0
1251.15	0	.628256	.06672626	.3050177	0
1250.15	0	.6270077	.06763576	.3053565	0
1249.15	0	.6257628	.06854281	.3056944	0
1248.15	0	.6245213	.06944742	.3060313	0
1247.15	0	.6232831	.07034958	.3063673	0
1246.15	0	.6220483	.0712493	.3067024	0
1245.15	0	.6208169	.07214658	.3070365	0
1244.15	0	.6195888	.07304141	.3073698	0
1243.15	0	.6183641	.07393382	.3077021	0
1242.15	0	.6171427	.07482378	.3080335	0
1241.15	0	.6159246	.07571132	.3083641	0
1240.15	0	.6147099	.07659642	.3086937	0
1239.15	0	.6134985	.07747909	.3090224	0
1238.15	0	.6122904	.07835934	.3093503	0
1237.15	0	.6110856	.07923716	.3096772	0
1236.15	0	.6098842	.08011255	.3100033	0
1235.15	0	.608686	.08098552	.3103285	0
1234.15	0	.6074912	.08185606	.3106528	0
1233.15	0	.6062996	.08272419	.3109762	0
1232.15	0	.6051114	.08358989	.3112988	0
1231.15	0	.6039264	.08445318	.3116204	0
1230.15	0	.6027447	.08531405	.3119413	0
1229.15	0	.6015663	.08617251	.3122612	0
1228.15	0	.6003912	.08702855	.3125803	0
1227.15	0	.5992193	.08788217	.3128985	0
1226.15	0	.5980507	.08873338	.3132159	0
1225.15	0	.5968854	.08958218	.3135324	0
1224.15	0	.5957233	.09042857	.3138481	0
1223.15	0	.5945645	.09127256	.314163	0
1222.15	0	.5934089	.09211413	.3144769	0
1221.15	0	.5922566	.09295329	.3147901	0
1220.15	0	.5911075	.09379004	.3151024	0
1219.15	0	.5899617	.09462439	.3154139	0
1218.15	0	.5888191	.09545633	.3157246	0
1217.15	0	.5876797	.09628587	.3160344	0
1216.15	0	.5865436	.097113	.3163435	0
1215.15	0	.5854106	.09793772	.3166517	0
1214.15	0	.5842809	.09876005	.316959	0
1213.15	0	.5831544	.09957997	.3172656	0
1212.15	0	.5820312	.1003975	.3175714	0
1211.15	0	.5809111	.1012126	.3178763	0
1210.15	0	.5797942	.1020253	.3181805	0
1209.15	0	.5786806	.1028356	.3184838	0
1208.15	0	.5775702	.1036435	.3187863	0
1207.15	0	.5764629	.104449	.3190881	0
1206.15	0	.5753589	.1052521	.319389	0
1205.15	0	.574258	.1060528	.3196892	0
1204.15	0	.5731603	.1068511	.3199886	0
1203.15	0	.5720658	.107647	.3202872	0
1202.15	0	.5709746	.1084405	.320585	0
1201.15	0	.5698864	.1092316	.320882	0
1200.15	0	.5688015	.1100202	.3211782	0
1199.15	0	.5677198	.1108065	.3214737	0
1198.15	0	.5666412	.1115904	.3217684	0
1197.15	0	.5655658	.1123719	.3220624	0
1196.15	0	.5644935	.1131509	.3223555	0
1195.15	0	.5634244	.1139276	.322648	0
1194.15	0	.5623585	.1147019	.3229396	0
1193.15	0	.5612958	.1154737	.3232305	0
1192.15	0	.5602362	.1162432	.3235206	0
1191.15	0	.5591798	.1170102	.32381	0
1190.15	0	.5581265	.1177748	.3240987	0
1189.15	0	.5570764	.118537	.3243866	0
1188.15	0	.5560295	.1192968	.3246737	0
1187.15	0	.5549857	.1200542	.3249601	0
1186.15	0	.553945	.1208092	.3252458	0
1185.15	0	.5529075	.1215618	.3255307	0
1184.15	0	.5518732	.122312	.3258149	0
1183.15	0	.550842	.1230597	.3260983	0
1182.15	0	.5498139	.123805	.3263811	0
1181.15	0	.548789	.124548	.3266631	0
1180.15	0	.5477672	.1252884	.3269443	0
1179.15	0	.5467486	.1260265	.3272249	0
1178.15	0	.5457331	.1267622	.3275047	0
1177.15	0	.5447208	.1274954	.3277839	0
1176.15	0	.5437115	.1282262	.3280622	0
1175.15	0	.5427055	.1289546	.3283399	0
1174.15	0	.5417025	.1296805	.3286169	0
1173.15	0	.5407027	.1304041	.3288932	0
1172.15	0	.5397061	.1311251	.3291688	0
1171.15	0	.5387126	.1318438	.3294436	0
1170.15	0	.5377222	.13256	.3297178	0
1169.15	0	.5367349	.1332738	.3299913	0
1168.15	0	.5357508	.1339852	.330264	0
1167.15	0	.5347698	.1346941	.3305361	0
1166.15	0	.533792	.1354006	.3308075	0
1165.15	0	.5328172	.1361046	.3310782	0
1164.15	0	.5318457	.1368062	.3313482	0
1163.15	0	.5308772	.1375053	.3316175	0
1162.15	0	.5299119	.138202	.3318861	0
1161.15	0	.5289497	.1388962	.3321541	0
1160.15	0	.5279906	.139588	.3324214	0
1159.15	0	.5270347	.1402773	.332688	0
1158.15	0	.5260819	.1409642	.3329539	0
1157.15	0	.5251323	.1416486	.3332191	0
1156.15	0	.5241858	.1423305	.3334837	0
1155.15	0	.5232424	.14301	.3337476	0
1154.15	0	.5223021	.143687	.3340109	0
1153.15	0	.521365	.1443615	.3342735	0
1152.15	0	.520431	.1450336	.3345354	0
1151.15	0	.5195002	.1457032	.3347966	0
1150.15	0	.5185725	.1463703	.3350572	0
1149.15	0	.517648	.1470349	.3353172	0
1148.15	0	.5167266	.147697	.3355765	0
1147.15	0	.5158083	.1483566	.3358351	0
1146.15	0	.5148932	.1490137	.3360931	0
1145.15	0	.5139812	.1496684	.3363504	0
1144.15	0	.5130724	.1503205	.3366071	0
1143.15	0	.5121667	.1509701	.3368632	0
1142.15	0	.5112641	.1516173	.3371186	0
1141.15	0	.5103648	.1522619	.3373734	0
1140.15	0	.5094685	.152904	.3376275	0
1139.15	0	.5085754	.1535436	.337881	0
1138.15	0	.5076855	.1541807	.3381338	0
1137.15	0	.5067988	.1548152	.338386	0
1136.15	0	.5059151	.1554472	.3386376	0
1135.15	0	.5050347	.1560767	.3388886	0
1134.15	0	.5041574	.1567037	.3391389	0
1133.15	0	.5032833	.1573281	.3393886	0
1132.15	0	.5024123	.15795	.3396377	0
1131.15	0	.5015445	.1585693	.3398862	0
1130.15	0	.5006799	.1591861	.340134	0
1129.15	0	.4998185	.1598003	.3403812	0
1128.15	0	.4989602	.160412	.3406278	0
1127.15	0	.4981051	.1610211	.3408738	0
1126.15	0	.4972532	.1616276	.3411192	0
1125.15	0	.4964045	.1622316	.3413639	0
1124.15	0	.495559	.1628329	.3416081	0
1123.15	0	.4947167	.1634317	.3418516	0
1122.15	0	.4938775	.164028	.3420945	0
1121.15	0	.4930416	.1646216	.3423368	0
1120.15	0	.4922088	.1652126	.3425786	0
1119.15	0	.4913793	.1658011	.3428197	0
1118.15	0	.4905529	.1663869	.3430602	0
1117.15	0	.4897298	.1669701	.3433001	0
1116.15	0	.4889099	.1675508	.3435394	0
1115.15	0	.4880931	.1681288	.3437781	0
1114.15	0	.4872797	.1687041	.3440162	0
1113.15	0	.4864694	.1692769	.3442538	0
1112.15	0	.4856623	.169847	.3444907	0
1111.15	0	.4848585	.1704144	.344727	0
1110.15	0	.484058	.1709793	.3449628	0
1109.15	0	.4832606	.1715415	.3451979	0
1108.15	0	.4824665	.172101	.3454325	0
1107.15	0	.4816757	.1726579	.3456665	0
1106.15	0	.4808881	.1732121	.3458999	0
1105.15	0	.4801037	.1737636	.3461327	0
1104.15	0	.4793226	.1743124	.3463649	0
1103.15	0	.4785448	.1748586	.3465966	0
1102.15	0	.4777702	.1754021	.3468277	0
1101.15	0	.4769989	.1759429	.3470582	0
1100.15	0	.4762309	.176481	.3472881	0
1099.15	0	.4754662	.1770164	.3475174	0
1098.15	0	.4747048	.177549	.3477462	0
1097.15	0	.4739466	.178079	.3479744	0
1096.15	0	.4731917	.1786062	.348202	0
1095.15	0	.4724402	.1791307	.3484291	0
1094.15	0	.4716919	.1796525	.3486556	0
1093.15	0	.470947	.1801715	.3488815	0
1092.15	0	.4702054	.1806878	.3491068	0
1091.15	0	.4694671	.1812013	.3493316	0
1090.15	0	.4687321	.1817121	.3495558	0
1089.15	0	.4680004	.1822201	.3497795	0
1088.15	0	.4672721	.1827253	.3500026	0
1087.15	0	.4665472	.1832278	.3502251	0
1086.15	0	.4658255	.1837274	.350447	0
1085.15	0	.4651073	.1842243	.3506685	0
1084.15	0	.4643924	.1847183	.3508893	0
1083.15	0	.4636809	.1852096	.3511096	0
1082.15	0	.4629727	.185698	.3513293	0
1081.15	0	.4622679	.1861836	.3515485	0
1080.15	0	.4615665	.1866664	.3517671	0
1079.15	0	.4608685	.1871464	.3519851	0
1078.15	0	.4601739	.1876235	.3522026	0
1077.15	0	.4594827	.1880977	.3524196	0
1076.15	0	.4587949	.1885691	.352636	0
1075.15	0	.4581105	.1890376	.3528518	0
1074.15	0	.4574296	.1895033	.3530671	0
1073.15	0	.456752	.1899661	.3532819	0
1072.15	0	.456078	.190426	.3534961	0
1071.15	0	.4554073	.190883	.3537097	0
1070.15	0	.4547401	.1913371	.3539228	0
1069.15	0	.4540764	.1917882	.3541354	0
1068.15	0	.4534161	.1922365	.3543474	0
1067.15	0	.4527593	.1926819	.3545588	0
1066.15	0	.452106	.1931242	.3547698	0
1065.15	0	.4514562	.1935637	.3549801	0
1064.15	0	.4508098	.1940002	.35519	0
1063.15	0	.450167	.1944338	.3553992	0
1062.15	0	.4495277	.1948644	.355608	0
1061.15	0	.4488918	.195292	.3558162	0
1060.15	0	.4482596	.1957166	.3560238	0
1059.15	0	.4476308	.1961383	.3562309	0
1058.15	0	.4470056	.1965569	.3564375	0
1057.15	0	.4463839	.1969726	.3566435	0
1056.15	0	.4457658	.1973852	.356849	0
1055.15	0	.4451513	.1977948	.357054	0
1054.15	0	.4445403	.1982013	.3572584	0
1053.15	0	.4439329	.1986049	.3574622	0
1052.15	0	.4433291	.1990053	.3576656	0
1051.15	0	.4427289	.1994028	.3578683	0
1050.15	0	.4421323	.1997971	.3580706	0
1049.15	0	.4415393	.2001884	.3582723	0
1048.15	0	.44095	.2005766	.3584735	0
1047.15	0	.4403642	.2009617	.3586741	0
1046.15	0	.4397821	.2013437	.3588742	0
1045.15	0	.4392037	.2017226	.3590738	0
1044.15	0	.4386289	.2020983	.3592728	0
1043.15	0	.4380578	.202471	.3594713	0
1042.15	0	.4374903	.2028405	.3596692	0
1041.15	0	.4369265	.2032069	.3598666	0
1040.15	0	.4363665	.2035701	.3600635	0
1039.15	0	.4358101	.2039301	.3602598	0
1038.15	0	.4352574	.204287	.3604556	0
1037.15	0	.4347085	.2046407	.3606508	0
1036.15	0	.4341633	.2049912	.3608455	0
1035.15	0	.4336218	.2053385	.3610397	0
1034.15	0	.4330841	.2056826	.3612334	0
1033.15	0	.4325501	.2060234	.3614265	0
1032.15	0	.4320199	.2063611	.361619	0
1031.15	0	.4314935	.2066955	.361811	0
1030.15	0	.4309709	.2070266	.3620025	0
1029.15	0	.430452	.2073545	.3621934	0
1028.15	0	.429937	.2076792	.3623838	0
1027.15	0	.4294258	.2080005	.3625737	0
1026.15	0	.4289184	.2083186	.362763	0
1025.15	0	.4284149	.2086334	.3629518	0
1024.15	0	.4279151	.2089449	.36314	0
1023.15	0	.4274193	.209253	.3633277	0
1022.15	0	.4269273	.2095579	.3635148	0
1021.15	0	.4264392	.2098594	.3637014	0
1020.15	0	.4259549	.2101576	.3638875	0
1019.15	0	.4254746	.2104524	.364073	0
1018.15	0	.4249982	.2107439	.3642579	0
1017.15	0	.4245256	.211032	.3644424	0
1016.15	0	.424057	.2113167	.3646262	0
1015.15	0	.4235924	.2115981	.3648095	0
1014.15	0	.4231317	.2118761	.3649923	0
1013.15	0	.4226749	.2121506	.3651745	0
1012.15	0	.4222221	.2124217	.3653562	0
1011.15	0	.4217733	.2126895	.3655373	0
1010.15	0	.4213284	.2129537	.3657178	0
1009.15	0	.4208876	.2132146	.3658978	0
1008.15	0	.4204508	.213472	.3660773	0
1007.15	0	.4200179	.2137259	.3662562	0
1006.15	0	.4195891	.2139764	.3664345	0
1005.15	0	.4191644	.2142234	.3666122	0
1004.15	0	.4187437	.2144669	.3667895	0
1003.15	0	.418327	.2147069	.3669661	0
1002.15	0	.4179144	.2149434	.3671422	0
1001.15	0	.4175059	.2151764	.3673177	0
1000.15	0	.4171015	.2154059	.3674926	0
999.15	0	.4167011	.2156319	.367667	0
998.15	0	.4163049	.2158543	.3678408	0
997.15	0	.4159128	.2160732	.368014	0
996.15	0	.4155248	.2162885	.3681867	0
995.15	0	.415141	.2165003	.3683588	0
994.15	0	.4147613	.2167085	.3685303	0
993.15	0	.4143857	.2169131	.3687012	0
992.15	0	.4140143	.2171141	.3688715	0
991.15	0	.4136471	.2173116	.3690413	0
990.15	0	.4132841	.2175054	.3692105	0
989.15	0	.4129253	.2176957	.3693791	0
988.15	0	.4125706	.2178823	.3695471	0
987.15	0	.4122202	.2180653	.3697145	0
986.15	0	.411874	.2182447	.3698813	0
985.15	0	.411532	.2184204	.3700475	0
984.15	0	.4111943	.2185926	.3702131	0
983.15	0	.4108608	.218761	.3703781	0
982.15	0	.4105316	.2189259	.3705426	0
981.15	0	.4102066	.219087	.3707064	0
980.15	0	.4098859	.2192445	.3708696	0
979.15	0	.4095696	.2193983	.3710321	0
978.15	0	.4092574	.2195485	.3711941	0
977.15	0	.4089496	.2196949	.3713555	0
976.15	0	.4086461	.2198377	.3715162	0
975.15	0	.4083469	.2199768	.3716763	0
974.15	0	.408052	.2201122	.3718358	0
973.15	0	.4077615	.2202439	.3719946	0
972.15	0	.4074753	.2203719	.3721528	0
971.15	0	.4071934	.2204962	.3723104	0
970.15	0	.4069159	.2206168	.3724673	0
969.15	0	.4066427	.2207337	.3726236	0
968.15	0	.4063739	.2208469	.3727793	0
967.15	0	.4061094	.2209563	.3729343	0
966.15	0	.4058494	.221062	.3730886	0
965.15	0	.4055937	.2211641	.3732423	0
964.15	0	.4053424	.2212623	.3733953	0
963.15	0	.4050955	.2213569	.3735476	0
962.15	0	.4048529	.2214478	.3736993	0
961.15	0	.4046148	.2215349	.3738503	0
960.15	0	.4043811	.2216183	.3740006	0
959.15	0	.4041518	.221698	.3741503	0
958.15	0	.4039269	.2217739	.3742992	0
957.15	0	.4037064	.2218462	.3744475	0
956.15	0	.4034903	.2219147	.374595	0
955.15	0	.4032786	.2219796	.3747419	0
954.15	0	.4030714	.2220407	.374888	0
953.15	0	.4028685	.2220981	.3750334	0
952.15	0	.4026701	.2221518	.3751781	0
951.15	0	.4024761	.2222018	.3753221	0
950.15	0	.4022865	.2222481	.3754654	0
949.15	0	.4021014	.2222907	.3756079	0
948.15	0	.4019206	.2223297	.3757497	0
947.15	0	.4017443	.222365	.3758907	0
946.15	0	.4015724	.2223966	.376031	0
945.15	0	.4014049	.2224246	.3761705	0
944.15	0	.4012418	.2224489	.3763093	0
943.15	0	.4010832	.2224696	.3764473	0
942.15	0	.4009289	.2224866	.3765845	0
941.15	0	.400779	.2225001	.3767209	0
940.15	0	.4006335	.2225099	.3768565	0
939.15	0	.4004924	.2225162	.3769914	0
938.15	0	.4003557	.2225189	.3771254	0
937.15	0	.4002234	.222518	.3772586	0
936.15	0	.4000954	.2225136	.377391	0
935.15	0	.3999717	.2225057	.3775226	0
934.15	0	.3998524	.2224943	.3776533	0
933.15	0	.3997375	.2224793	.3777832	0
932.15	0	.3996268	.2224609	.3779122	0
931.15	0	.3995205	.2224391	.3780404	0
930.15	0	.3994184	.2224138	.3781677	0
929.15	0	.3993207	.2223852	.3782942	0
928.15	0	.3992272	.2223531	.3784197	0
927.15	0	.3991379	.2223177	.3785444	0
926.15	0	.3990529	.222279	.3786681	0
925.15	0	.3989721	.2222369	.3787909	0
924.15	0	.3988955	.2221916	.3789129	0
923.15	0	.3988231	.2221431	.3790338	0
922.15	0	.3987548	.2220913	.3791539	0
921.15	0	.3986907	.2220364	.3792729	0
920.15	0	.3986307	.2219783	.379391	0
919.15	0	.3985747	.2219171	.3795082	0
918.15	0	.3985228	.2218529	.3796243	0
917.15	0	.3984749	.2217856	.3797395	0
916.15	0	.3984311	.2217153	.3798536	0
915.15	0	.3983912	.2216421	.3799667	0
914.15	0	.3983552	.221566	.3800788	0
913.15	0	.3983231	.221487	.3801898	0
912.15	0	.3982949	.2214053	.3802998	0
911.15	0	.3982706	.2213207	.3804087	0
910.15	0	.39825	.2212335	.3805165	0
909.15	0	.3982332	.2211436	.3806232	0
908.15	0	.3982201	.2210511	.3807288	0
907.15	0	.3982107	.2209561	.3808333	0
906.15	0	.3982049	.2208585	.3809366	0
905.15	0	.3982027	.2207586	.3810387	0
904.15	0	.398204	.2206563	.3811397	0
903.15	0	.3982088	.2205518	.3812395	0
902.15	0	.398217	.220445	.381338	0
901.15	0	.3982286	.2203361	.3814354	0
900.15	0	.3982435	.2202251	.3815314	0
899.15	0	.3982616	.2201121	.3816263	0
898.15	0	.398283	.2199972	.3817198	0
897.15	0	.3983075	.2198805	.3818121	0
896.15	0	.398335	.2197621	.381903	0
895.15	0	.3983655	.219642	.3819925	0
894.15	0	.3983989	.2195203	.3820807	0
893.15	0	.3984352	.2193972	.3821676	0
892.15	0	.3984742	.2192728	.382253	0
891.15	0	.398516	.2191471	.3823369	0
890.15	0	.3985603	.2190203	.3824195	0
889.15	0	.3986071	.2188924	.3825005	0
888.15	0	.3986563	.2187637	.38258	0
887.15	0	.3987079	.2186341	.382658	0
886.15	0	.3987616	.2185039	.3827345	0
885.15	0	.3988175	.2183732	.3828093	0
884.15	0	.3988754	.2182421	.3828825	0
883.15	0	.3989352	.2181108	.3829541	0
882.15	0	.3989968	.2179793	.383024	0
881.15	0	.39906	.2178479	.3830921	0
880.15	0	.3991247	.2177168	.3831585	0
879.15	0	.3991909	.217586	.3832231	0
878.15	0	.3992583	.2174558	.3832859	0
877.15	0	.3993268	.2173264	.3833469	0
876.15	0	.3993963	.2171979	.3834059	0
875.15	0	.3994665	.2170705	.383463	0
874.15	0	.3995375	.2169445	.383518	0
873.15	0	.3996089	.2168201	.3835711	0
872.15	0	.3996806	.2166974	.383622	0
871.15	0	.3997523	.2165768	.3836708	0
870.15	0	.399824	.2164585	.3837174	0
869.15	0	.3998954	.2163428	.3837618	0
868.15	0	.3999663	.2162299	.3838038	0
867.15	0	.4000364	.2161202	.3838435	0
866.15	0	.4001055	.2160139	.3838807	0
865.15	0	.4001733	.2159113	.3839154	0
864.15	0	.4002396	.2158129	.3839475	0
863.15	0	.4003041	.215719	.3839769	0
862.15	0	.4003665	.2156299	.3840036	0
861.15	0	.4004264	.2155462	.3840274	0
860.15	0	.4004836	.2154681	.3840483	0
859.15	0	.4005376	.2153963	.3840661	0
858.15	0	.400588	.2153312	.3840808	0
857.15	0	.4004717	.215467	.3840613	0
856.15	0	.4002767	.2157007	.3840226	0
855.15	0	.4001142	.2159001	.3839857	0
854.15	0	.3999821	.2160677	.3839503	0
853.15	0	.399878	.2162057	.3839163	0
852.15	0	.3998001	.2163164	.3838835	0
851.15	0	.3997466	.2164017	.3838518	0
850.15	0	.3997158	.2164632	.383821	0
849.15	0	.3997061	.2165028	.3837911	0
848.15	0	.3997162	.2165218	.383762	0
847.15	0	.3997446	.2165218	.3837336	0
846.15	0	.3997903	.216504	.3837057	0
845.15	0	.3998519	.2164697	.3836784	0
844.15	0	.3999286	.21642	.3836515	0
843.15	0	.4000191	.2163559	.383625	0
842.15	0	.4001226	.2162784	.3835989	0
841.15	0	.4002383	.2161886	.3835731	0
840.15	0	.4003653	.2160872	.3835476	0
839.15	0	.4005027	.215975	.3835223	0
838.15	0	.40065	.2158529	.3834971	0
837.15	0	.4008063	.2157216	.3834722	0
836.15	0	.400971	.2155817	.3834473	0
835.15	0	.4011435	.2154338	.3834226	0
834.15	0	.4013233	.2152787	.383398	0
833.15	0	.4015098	.2151168	.3833734	0
832.15	0	.4017025	.2149487	.3833489	0
831.15	0	.4019008	.2147748	.3833244	0
830.15	0	.4021044	.2145957	.3832999	0
829.15	0	.4023127	.2144118	.3832755	0
828.15	0	.4025255	.2142236	.383251	0
827.15	0	.4027422	.2140313	.3832265	0
826.15	0	.4029626	.2138355	.3832019	0
825.15	0	.4031862	.2136365	.3831773	0
824.15	0	.4034128	.2134345	.3831527	0
823.15	0	.403642	.2132299	.383128	0
822.15	0	.4038736	.2130231	.3831033	0
821.15	0	.4041073	.2128143	.3830785	0
820.15	0	.4043427	.2126037	.3830536	0
819.15	0	.4045797	.2123916	.3830287	0
818.15	0	.4048181	.2121783	.3830036	0
817.15	0	.4050575	.211964	.3829785	0
816.15	0	.4052979	.2117488	.3829533	0
815.15	0	.4055389	.2115331	.382928	0
814.15	0	.4057805	.2113169	.3829026	0
813.15	0	.4060224	.2111004	.3828772	0
812.15	0	.4062645	.2108839	.3828516	0
811.15	0	.4065066	.2106674	.382826	0
810.15	0	.4067486	.2104512	.3828002	0
809.15	0	.4069903	.2102353	.3827744	0
808.15	0	.4072316	.21002	.3827485	0
807.15	0	.4074724	.2098052	.3827224	0
806.15	0	.4077126	.2095911	.3826963	0
805.15	0	.407952	.2093779	.3826701	0
804.15	0	.4081906	.2091656	.3826438	0
803.15	0	.4084283	.2089543	.3826174	0
802.15	0	.4086649	.2087442	.3825909	0
801.15	0	.4089004	.2085352	.3825643	0
800.15	0	.4091348	.2083276	.3825377	0
799.15	0	.4093679	.2081212	.3825109	0
798.15	0	.4095997	.2079163	.3824841	0
797.15	0	.4098301	.2077128	.3824571	0
796.15	0	.410059	.2075109	.3824301	0
795.15	0	.4102865	.2073105	.382403	0
794.15	0	.4105124	.2071118	.3823758	0
793.15	0	.4107367	.2069147	.3823485	0
792.15	0	.4109595	.2067194	.3823212	0
791.15	0	.4111805	.2065258	.3822937	0
790.15	0	.4113998	.206334	.3822662	0
789.15	0	.4116174	.206144	.3822386	0
788.15	0	.4118332	.2059559	.3822109	0
787.15	0	.4120472	.2057696	.3821832	0
786.15	0	.4122594	.2055852	.3821553	0
785.15	0	.4124698	.2054028	.3821274	0
784.15	0	.4126783	.2052223	.3820995	0
783.15	0	.4128849	.2050437	.3820714	0
782.15	0	.4130896	.2048671	.3820433	0
781.15	0	.4132925	.2046924	.3820151	0
780.15	0	.4134934	.2045198	.3819869	0
779.15	0	.4136924	.2043491	.3819585	0
778.15	0	.4138894	.2041805	.3819301	0
777.15	0	.4140845	.2040138	.3819017	0
776.15	0	.4142777	.2038492	.3818732	0
775.15	0	.4144689	.2036865	.3818446	0
774.15	0	.4146582	.2035259	.3818159	0
773.15	0	.4148455	.2033673	.3817872	0
772.15	0	.4150309	.2032107	.3817585	0
771.15	0	.4152143	.2030561	.3817296	0
770.15	0	.4153958	.2029035	.3817008	0
769.15	0	.4155753	.2027529	.3816718	0
768.15	0	.4157529	.2026043	.3816428	0
767.15	0	.4159286	.2024576	.3816138	0
766.15	0	.4161024	.202313	.3815847	0
765.15	0	.4162742	.2021703	.3815555	0
764.15	0	.4164441	.2020296	.3815263	0
763.15	0	.4166121	.2018909	.381497	0
762.15	0	.4167783	.2017541	.3814677	0
761.15	0	.4169425	.2016192	.3814383	0
760.15	0	.4171049	.2014862	.3814089	0
759.15	0	.4172654	.2013552	.3813794	0
758.15	0	.417424	.201226	.3813499	0
757.15	0	.4175809	.2010988	.3813204	0
756.15	0	.4177358	.2009734	.3812908	0
755.15	0	.417889	.2008499	.3812611	0
754.15	0	.4180404	.2007282	.3812314	0
753.15	0	.41819	.2006084	.3812017	0
752.15	0	.4183378	.2004904	.3811719	0
751.15	0	.4184838	.2003742	.381142	0
750.15	0	.4186281	.2002597	.3811122	0
749.15	0	.4187707	.2001471	.3810822	0
748.15	0	.4189115	.2000362	.3810523	0
747.15	0	.4190506	.1999271	.3810223	0
746.15	0	.419188	.1998197	.3809923	0
745.15	0	.4193238	.1997141	.3809622	0
744.15	0	.4194579	.1996101	.3809321	0
743.15	0	.4195903	.1995078	.3809019	0
742.15	0	.4197211	.1994072	.3808717	0
741.15	0	.4198502	.1993083	.3808415	0
740.15	0	.4199778	.199211	.3808112	0
739.15	0	.4201038	.1991153	.3807809	0
738.15	0	.4202282	.1990213	.3807506	0
737.15	0	.420351	.1989288	.3807202	0
736.15	0	.4204723	.1988379	.3806898	0
735.15	0	.420592	.1987486	.3806593	0
734.15	0	.4207103	.1986609	.3806289	0
733.15	0	.420827	.1985747	.3805983	0
732.15	0	.4209422	.19849	.3805678	0
731.15	0	.421056	.1984068	.3805372	0
730.15	0	.4211683	.1983251	.3805066	0
729.15	0	.4212792	.1982448	.380476	0
728.15	0	.4213886	.1981661	.3804453	0
727.15	0	.4214966	.1980888	.3804146	0
726.15	0	.4216032	.1980129	.3803839	0
725.15	0	.4217085	.1979384	.3803531	0
724.15	0	.4218123	.1978653	.3803223	0
723.15	0	.4219148	.1977937	.3802915	0
722.15	0	.422016	.1977233	.3802607	0
721.15	0	.4221158	.1976544	.3802298	0
720.15	0	.4222143	.1975868	.3801989	0
719.15	0	.4223115	.1975205	.380168	0
718.15	0	.4224074	.1974555	.380137	0
717.15	0	.4225021	.1973919	.3801061	0
716.15	0	.4225974	.1973281	.3800745	0
715.15	0	.4226893	.1972671	.3800435	0
714.15	0	.4227801	.1972074	.3800125	0
713.15	0	.4228696	.1971489	.3799815	0
712.15	0	.422958	.1970916	.3799504	0
711.15	0	.4230452	.1970355	.3799193	0
710.15	0	.4231311	.1969807	.3798882	0
709.15	0	.423216	.196927	.3798571	0
708.15	0	.4232996	.1968745	.3798259	0
707.15	0	.4233822	.1968231	.3797947	0
706.15	0	.4234636	.1967729	.3797635	0
705.15	0	.4235438	.1967239	.3797323	0
704.15	0	.423623	.1966759	.379701	0
703.15	0	.4237011	.1966291	.3796698	0
702.15	0	.4237782	.1965834	.3796385	0
701.15	0	.4238541	.1965387	.3796072	0
700.15	0	.423929	.1964952	.3795758	0
699.15	0	.4240029	.1964527	.3795445	0
698.15	0	.4240757	.1964112	.3795131	0
697.15	0	.4241475	.1963708	.3794817	0
696.15	0	.4242183	.1963314	.3794503	0
695.15	0	.424288	.1962931	.3794189	0
694.15	0	.4243568	.1962557	.3793875	0
693.15	0	.4244247	.1962193	.379356	0
692.15	0	.4244915	.196184	.3793246	0
691.15	0	.4245574	.1961496	.3792931	0
690.15	0	.4246223	.1961161	.3792616	0
689.15	0	.4246863	.1960836	.3792301	0
688.15	0	.4247494	.1960521	.3791985	0
687.15	0	.4248116	.1960215	.379167	0
686.15	0	.4248728	.1959918	.3791354	0
685.15	0	.4249332	.195963	.3791039	0
684.15	0	.4249926	.1959351	.3790723	0
683.15	0	.4250512	.1959081	.3790407	0
682.15	0	.4251089	.195882	.3790091	0
681.15	0	.4251658	.1958568	.3789775	0
680.15	0	.4252218	.1958324	.3789459	0
679.15	0	.425277	.1958088	.3789142	0
678.15	0	.4253313	.1957861	.3788826	0
677.15	0	.4253848	.1957643	.3788509	0
676.15	0	.4254375	.1957432	.3788193	0
675.15	0	.4254894	.195723	.3787876	0
674.15	0	.4255405	.1957036	.3787559	0
673.15	0	.4255908	.195685	.3787243	0
672.15	0	.4256403	.1956671	.3786926	0
671.15	0	.4256891	.19565	.3786609	0
670.15	0	.4257371	.1956337	.3786292	0
669.15	0	.4257843	.1956182	.3785975	0
668.15	0	.4258308	.1956034	.3785658	0
667.15	0	.4258766	.1955893	.3785341	0
666.15	0	.4259216	.195576	.3785023	0
665.15	0	.4259659	.1955634	.3784706	0
664.15	0	.4260096	.1955516	.3784389	0
663.15	0	.4260524	.1955404	.3784072	0
662.15	0	.4260946	.1955299	.3783754	0
661.15	0	.4261361	.1955202	.3783437	0
660.15	0	.426177	.1955111	.378312	0
659.15	0	.4262171	.1955027	.3782802	0
658.15	0	.4262566	.1954949	.3782485	0
657.15	0	.4262954	.1954878	.3782168	0
656.15	0	.4263336	.1954814	.3781851	0
655.15	0	.4263711	.1954756	.3781533	0
654.15	0	.426408	.1954705	.3781216	0
653.15	0	.4264442	.1954659	.3780899	0
652.15	0	.4264798	.195462	.3780581	0
651.15	0	.4265148	.1954588	.3780264	0
650.15	0	.4265492	.1954561	.3779947	0
649.15	0	.426583	.195454	.377963	0
648.15	0	.4266162	.1954526	.3779313	0
647.15	0	.4266488	.1954517	.3778996	0
646.15	0	.4266808	.1954514	.3778679	0
645.15	0	.4267122	.1954517	.3778362	0
644.15	0	.426743	.1954525	.3778045	0
643.15	0	.4267733	.1954539	.3777728	0
642.15	0	.426803	.1954559	.3777411	0
641.15	0	.4268322	.1954584	.3777094	0
640.15	0	.4268608	.1954614	.3776778	0
639.15	0	.4268889	.195465	.3776461	0
638.15	0	.4269164	.1954691	.3776145	0
637.15	0	.4269435	.1954737	.3775828	0
636.15	0	.4269699	.1954789	.3775512	0
635.15	0	.4269959	.1954845	.3775196	0
634.15	0	.4270213	.1954907	.377488	0
633.15	0	.4270463	.1954974	.3774564	0
632.15	0	.4270707	.1955045	.3774248	0
631.15	0	.4270947	.1955121	.3773932	0
630.15	0	.4271181	.1955203	.3773617	0
629.15	0	.4271411	.1955289	.3773301	0
628.15	0	.4271635	.1955379	.3772986	0
627.15	0	.4271855	.1955474	.377267	0
626.15	0	.4272071	.1955574	.3772355	0
625.15	0	.4272281	.1955678	.377204	0
624.15	0	.4272488	.1955787	.3771725	0
623.15	0	.4272689	.1955901	.3771411	0
622.15	0	.4272886	.1956018	.3771096	0
621.15	0	.4273078	.195614	.3770782	0
620.15	0	.4273267	.1956266	.3770467	0
619.15	0	.427345	.1956396	.3770153	0
618.15	0	.427363	.1956531	.3769839	0
617.15	0	.4273805	.195667	.3769526	0
616.15	0	.4273976	.1956812	.3769212	0
615.15	0	.4274142	.1956959	.3768899	0
614.15	0	.4274305	.1957109	.3768586	0
613.15	0	.4274464	.1957264	.3768273	0
612.15	0	.4274618	.1957422	.376796	0
611.15	0	.4274769	.1957584	.3767647	0
610.15	0	.4274915	.195775	.3767335	0
609.15	0	.4275058	.195792	.3767023	0
608.15	0	.4275197	.1958093	.3766711	0
607.15	0	.4275332	.195827	.3766399	0
606.15	0	.4275463	.195845	.3766088	0
605.15	0	.427559	.1958634	.3765776	0
604.15	0	.4275714	.1958821	.3765465	0
603.15	0	.4275834	.1959012	.3765154	0
602.15	0	.427595	.1959206	.3764844	0
601.15	0	.4276063	.1959404	.3764533	0
600.15	0	.4276172	.1959604	.3764223	0
599.15	0	.4276278	.1959808	.3763914	0
598.15	0	.427638	.1960016	.3763604	0
597.15	0	.4276479	.1960226	.3763295	0
596.15	0	.4276575	.196044	.3762986	0
595.15	0	.4276667	.1960656	.3762677	0
594.15	0	.4276756	.1960876	.3762368	0
593.15	0	.4276841	.1961099	.376206	0
592.15	0	.4276923	.1961325	.3761752	0
591.15	0	.4277003	.1961553	.3761444	0
590.15	0	.4277078	.1961785	.3761137	0
589.15	0	.4277151	.1962019	.376083	0
588.15	0	.4277221	.1962256	.3760523	0
587.15	0	.4277287	.1962496	.3760217	0
586.15	0	.4277351	.1962738	.3759911	0
585.15	0	.4277411	.1962984	.3759605	0
584.15	0	.4277469	.1963232	.3759299	0
583.15	0	.4277524	.1963482	.3758994	0
582.15	0	.4277575	.1963735	.3758689	0
581.15	0	.4277624	.1963991	.3758385	0
580.15	0	.427767	.1964249	.3758081	0
579.15	0	.4277713	.196451	.3757777	0
578.15	0	.4277754	.1964773	.3757473	0
577.15	0	.4277792	.1965039	.375717	0
576.15	0	.4277826	.1965306	.3756867	0
575.15	0	.4277859	.1965577	.3756565	0
574.15	0	.4277888	.1965849	.3756263	0
573.15	0	.4277915	.1966124	.3755961	0
572.15	0	.427794	.1966401	.375566	0
571.15	0	.4277962	.196668	.3755359	0
570.15	0	.4277981	.1966961	.3755058	0
569.15	0	.4277997	.1967245	.3754758	0
568.15	0	.4278012	.196753	.3754458	0
567.15	0	.4278024	.1967818	.3754159	0
566.15	0	.4278033	.1968107	.375386	0
565.15	0	.427804	.1968399	.3753561	0
564.15	0	.4278045	.1968692	.3753263	0
563.15	0	.4278047	.1968988	.3752965	0
562.15	0	.4278047	.1969286	.3752668	0
561.15	0	.4278045	.1969585	.3752371	0
560.15	0	.427804	.1969886	.3752074	0
559.15	0	.4278033	.1970189	.3751778	0
558.15	0	.4278024	.1970494	.3751482	0
557.15	0	.4278013	.19708	.3751187	0
556.15	0	.4277999	.1971108	.3750892	0
555.15	0	.4277984	.1971418	.3750598	0
554.15	0	.4277966	.197173	.3750304	0
553.15	0	.4277946	.1972043	.3750011	0
552.15	0	.4277925	.1972358	.3749718	0
551.15	0	.4277901	.1972674	.3749425	0
550.15	0	.4277875	.1972992	.3749133	0
549.15	0	.4277847	.1973312	.3748841	0
548.15	0	.4277817	.1973633	.374855	0
547.9775	0	.4277812	.1973688	.37485	0
547.9775	0	.4277812	.1973688	.37485	0
547.9775	0	.4277812	.1973688	.37485	0
547.15	0	.427993	.1969241	.3746021	4.807598E-04
546.15	0	.4282471	.1963895	.3743034	.001059983
545.15	0	.4284991	.1958578	.3740058	.001637296
544.15	0	.4287491	.195329	.3737092	.002212716
543.15	0	.4289972	.194803	.3734136	.002786263
542.15	0	.4292432	.1942799	.373119	.003357954
541.15	0	.4294873	.1937596	.3728253	.003927808
540.15	0	.4297295	.193242	.3725327	.004495842
539.15	0	.4299698	.1927272	.372241	.005062075
538.15	0	.4302082	.192215	.3719503	.005626523
537.15	0	.4304448	.1917055	.3716605	.006189205
536.15	0	.4306796	.1911986	.3713716	.006750136
535.15	0	.4309126	.1906943	.3710837	.007309334
534.15	0	.4311439	.1901926	.3707968	.007866817
533.15	0	.4313734	.1896934	.3705107	.008422599
532.15	0	.4316012	.1891966	.3702255	.008976697
531.15	0	.4318273	.1887023	.3699413	.009529128
530.15	0	.4320517	.1882105	.3696579	.01007991
529.15	0	.4322746	.187721	.3693754	.01062905
528.15	0	.4324957	.1872339	.3690938	.01117658
527.15	0	.4327153	.1867492	.368813	.01172249
526.15	0	.4329334	.1862667	.3685331	.01226682
525.15	0	.4331498	.1857865	.3682541	.01280958
524.15	0	.4333648	.1853086	.3679759	.01335077
523.15	0	.4335782	.1848329	.3676985	.01389042
522.15	0	.4337902	.1843593	.3674219	.01442855
521.15	0	.4340007	.183888	.3671462	.01496515
520.15	0	.4342097	.1834187	.3668713	.01550025
519.15	0	.4344173	.1829516	.3665972	.01603387
518.15	0	.4346235	.1824865	.3663239	.01656601
517.15	0	.4348284	.1820235	.3660514	.01709669
516.15	0	.4350318	.1815626	.3657797	.01762593
515.15	0	.435234	.1811036	.3655087	.01815374
514.15	0	.4354347	.1806466	.3652385	.01868012
513.15	0	.4356342	.1801916	.3649691	.0192051
512.15	0	.4358324	.1797384	.3647005	.01972868
511.15	0	.4360293	.1792872	.3644326	.02025089
510.15	0	.436225	.1788379	.3641654	.02077173
509.15	0	.4364194	.1783904	.363899	.02129121
508.15	0	.4366126	.1779447	.3636334	.02180936
507.15	0	.4368046	.1775009	.3633684	.02232617
506.15	0	.4369954	.1770588	.3631042	.02284166
505.15	0	.437185	.1766185	.3628407	.02335585
504.15	0	.4373735	.1761799	.3625779	.02386875
503.15	0	.4375608	.1757431	.3623158	.02438037
502.15	0	.437747	.1753079	.3620544	.02489071
501.15	0	.4379321	.1748744	.3617937	.0253998
500.15	0	.4381161	.1744426	.3615336	.02590764
499.15	0	.4382991	.1740124	.3612743	.02641425
498.15	0	.438481	.1735838	.3610156	.02691963
497.15	0	.4386618	.1731568	.3607576	.0274238
496.15	0	.4388416	.1727313	.3605003	.02792677
495.15	0	.4390204	.1723075	.3602437	.02842855
494.15	0	.4391981	.1718851	.3599876	.02892915
493.15	0	.4393749	.1714642	.3597323	.02942858
492.15	0	.4395507	.1710449	.3594776	.02992685
491.15	0	.4397256	.1706269	.3592235	.03042397
490.15	0	.4398996	.1702105	.35897	.03091998
489.15	0	.4400726	.1697955	.3587171	.03141484
488.15	0	.4402446	.1693818	.358465	.03190858
487.15	0	.4404158	.1689696	.3582134	.03240122
486.15	0	.440586	.1685588	.3579624	.03289275
485.15	0	.4407554	.1681493	.3577121	.0333832
484.15	0	.4409239	.1677412	.3574624	.03387258
483.15	0	.4410915	.1673344	.3572132	.03436088
482.15	0	.4412583	.1669289	.3569647	.03484813
481.15	0	.4414243	.1665246	.3567168	.03533433
480.15	0	.4415894	.1661217	.3564694	.03581949
479.15	0	.4417537	.16572	.3562227	.03630362
478.15	0	.4419173	.1653196	.3559765	.03678673
477.15	0	.44208	.1649203	.3557309	.03726882
476.15	0	.442242	.1645223	.3554858	.03774992
475.15	0	.4424032	.1641255	.3552414	.03823002
474.15	0	.4425636	.1637298	.3549974	.03870914
473.15	0	.4427233	.1633353	.3547541	.03918728
472.15	0	.4428823	.1629419	.3545113	.03966446
471.15	0	.4430406	.1625497	.3542691	.04014068
470.15	0	.4431981	.1621586	.3540274	.04061594
469.15	0	.4433549	.1617686	.3537862	.04109027
468.15	0	.4435111	.1613796	.3535456	.04156366
467.15	0	.4436666	.1609917	.3533056	.04203613
466.15	0	.4438214	.1606049	.353066	.04250768
465.15	0	.4439755	.1602192	.352827	.04297832
464.15	0	.444129	.1598344	.3525885	.04344807
463.15	0	.4442818	.1594507	.3523506	.04391692
462.15	0	.4444341	.1590679	.3521131	.04438488
461.15	0	.4445857	.1586862	.3518762	.04485197
460.15	0	.4447367	.1583054	.3516398	.04531819
459.15	0	.444887	.1579255	.3514039	.04578355
458.15	0	.4450368	.1575467	.3511685	.04624806
457.15	0	.445186	.1571687	.3509336	.04671172
456.15	0	.4453347	.1567917	.3506992	.04717454
455.15	0	.4454827	.1564155	.3504652	.04763654
454.15	0	.4456302	.1560403	.3502318	.0480977
