T	 BPW(LIQUID)	BPW(BCC_A2)	BPW(FCC_A1)	BPW(LAVES_PHASE_C14)	BPW(NI3TI)
1473.15	.6101917	.3115818	0	.07822643	0
1472.15	.6021557	.3170024	0	.08084191	0
1471.15	.594267	.32232	0	.08341302	0
1470.15	.5865218	.3275372	0	.08594098	0
1469.15	.5789162	.3326569	0	.08842698	0
1468.15	.5714465	.3376814	0	.09087214	0
1467.15	.5641092	.3426132	0	.09327755	0
1466.15	.5569009	.3474548	0	.09564428	0
1465.15	.5498183	.3522083	0	.09797335	0
1464.15	.5428582	.356876	0	.1002657	0
1463.15	.5360175	.3614601	0	.1025224	0
1462.15	.5292931	.3659626	0	.1047443	0
1461.15	.5226823	.3703855	0	.1069322	0
1460.15	.5161821	.3747308	0	.1090871	0
1459.15	.5097899	.3790003	0	.1112098	0
1458.15	.503503	.3831959	0	.1133011	0
1457.15	.4973189	.3873193	0	.1153618	0
1456.15	.4912352	.3913723	0	.1173926	0
1455.15	.4852493	.3953564	0	.1193942	0
1454.15	.4793591	.3992734	0	.1213675	0
1453.15	.4735623	.4031248	0	.123313	0
1452.15	.4678566	.406912	0	.1252314	0
1451.15	.46224	.4106366	0	.1271234	0
1450.15	.4567105	.4143	0	.1289896	0
1449.15	.451266	.4179035	0	.1308306	0
1448.15	.4459045	.4214485	0	.132647	0
1447.15	.4406243	.4249364	0	.1344393	0
1446.15	.4354235	.4283683	0	.1362082	0
1445.15	.4303004	.4317455	0	.1379541	0
1444.15	.4252532	.4350692	0	.1396776	0
1443.15	.4202802	.4383406	0	.1413792	0
1442.15	.4153798	.4415608	0	.1430594	0
1441.15	.4105506	.4447308	0	.1447186	0
1440.15	.4057908	.4478518	0	.1463574	0
1439.15	.4010991	.4509249	0	.1479761	0
1438.15	.3964739	.4539509	0	.1495752	0
1437.15	.391914	.4569309	0	.1511552	0
1436.15	.3874178	.4598659	0	.1527164	0
1435.15	.3829841	.4627567	0	.1542592	0
1434.15	.3786116	.4656043	0	.1557841	0
1433.15	.374299	.4684096	0	.1572915	0
1432.15	.3700451	.4711733	0	.1587816	0
1431.15	.3658486	.4738965	0	.1602549	0
1430.15	.3617085	.4765798	0	.1617116	0
1429.15	.3576236	.4792241	0	.1631523	0
1428.15	.3535928	.4818301	0	.1645771	0
1427.15	.349615	.4843987	0	.1659864	0
1426.15	.3456891	.4869304	0	.1673805	0
1425.15	.3418141	.4894261	0	.1687598	0
1424.15	.3379891	.4918864	0	.1701244	0
1423.15	.3342131	.4943121	0	.1714748	0
1422.15	.330485	.4967038	0	.1728112	0
1421.15	.3268041	.4990621	0	.1741339	0
1420.15	.3231693	.5013876	0	.1754431	0
1419.15	.3195799	.5036811	0	.1767391	0
1418.15	.3160349	.505943	0	.1780222	0
1417.15	.3125335	.508174	0	.1792925	0
1416.15	.3090749	.5103746	0	.1805505	0
1415.15	.3056583	.5125455	0	.1817962	0
1414.15	.3022829	.5146871	0	.1830299	0
1413.15	.2989481	.5168	0	.1842519	0
1412.15	.2956529	.5188847	0	.1854624	0
1411.15	.2923967	.5209417	0	.1866616	0
1410.15	.2891788	.5229716	0	.1878496	0
1409.15	.2859985	.5249747	0	.1890268	0
1408.15	.2828552	.5269516	0	.1901932	0
1407.15	.2797481	.5289028	0	.1913491	0
1406.15	.2766766	.5308287	0	.1924948	0
1405.15	.2736401	.5327296	0	.1936302	0
1404.15	.270638	.5346062	0	.1947558	0
1403.15	.2676697	.5364587	0	.1958716	0
1402.15	.2647346	.5382877	0	.1969777	0
1401.15	.2618321	.5400935	0	.1980745	0
1400.15	.2589616	.5418765	0	.199162	0
1399.15	.2561226	.543637	0	.2002403	0
1398.15	.2533146	.5453756	0	.2013098	0
1397.15	.2505371	.5470925	0	.2023705	0
1396.15	.2477894	.5487881	0	.2034225	0
1395.15	.2450712	.5504628	0	.204466	0
1394.15	.2423819	.5521169	0	.2055012	0
1393.15	.2397211	.5537507	0	.2065282	0
1392.15	.2370882	.5553647	0	.2075471	0
1391.15	.2344829	.556959	0	.2085581	0
1390.15	.2319046	.5585341	0	.2095613	0
1389.15	.2293529	.5600902	0	.2105568	0
1388.15	.2268275	.5616277	0	.2115448	0
1387.15	.2243278	.5631469	0	.2125254	0
1386.15	.2218534	.564648	0	.2134986	0
1385.15	.219404	.5661313	0	.2144647	0
1384.15	.2169791	.5675972	0	.2154237	0
1383.15	.2145784	.5690458	0	.2163758	0
1382.15	.2122014	.5704775	0	.2173211	0
1381.15	.2098479	.5718926	0	.2182596	0
1380.15	.2075173	.5732912	0	.2191915	0
1379.15	.2052095	.5746737	0	.2201169	0
1378.15	.2029239	.5760403	0	.2210358	0
1377.15	.2006603	.5773912	0	.2219485	0
1376.15	.1984184	.5787267	0	.2228549	0
1375.15	.1961978	.5800471	0	.2237552	0
1374.15	.1939981	.5813524	0	.2246495	0
1373.15	.1918191	.5826431	0	.2255378	0
1372.15	.1896604	.5839193	0	.2264203	0
1371.15	.1875218	.5851812	0	.2272971	0
1370.15	.1854029	.586429	0	.2281682	0
1369.15	.1833034	.5876629	0	.2290337	0
1368.15	.1812231	.5888833	0	.2298937	0
1367.15	.1791616	.5900901	0	.2307483	0
1366.15	.1771188	.5912837	0	.2315975	0
1365.15	.1750942	.5924643	0	.2324415	0
1364.15	.1730877	.593632	0	.2332803	0
1363.15	.171099	.594787	0	.234114	0
1362.15	.1691278	.5959296	0	.2349427	0
1361.15	.1671738	.5970598	0	.2357664	0
1360.15	.1652369	.5981779	0	.2365852	0
1359.15	.1633168	.599284	0	.2373992	0
1358.15	.1614131	.6003784	0	.2382085	0
1357.15	.1595258	.6014611	0	.239013	0
1356.15	.1576546	.6025324	0	.239813	0
1355.15	.1557991	.6035924	0	.2406084	0
1354.15	.1539594	.6046413	0	.2413993	0
1353.15	.1521349	.6056792	0	.2421858	0
1352.15	.1503257	.6067063	0	.242968	0
1351.15	.1485315	.6077227	0	.2437458	0
1350.15	.146752	.6087286	0	.2445194	0
1349.15	.1449871	.6097241	0	.2452888	0
1348.15	.1432365	.6107094	0	.2460541	0
1347.15	.1415	.6116847	0	.2468153	0
1346.15	.1397776	.6126499	0	.2475725	0
1345.15	.1380689	.6136054	0	.2483257	0
1344.15	.1363738	.6145511	0	.2490751	0
1343.15	.1346921	.6154874	0	.2498205	0
1342.15	.1330237	.6164142	0	.2505622	0
1341.15	.1313682	.6173317	0	.2513001	0
1340.15	.1297257	.6182401	0	.2520343	0
1339.15	.1280958	.6191394	0	.2527648	0
1338.15	.1264785	.6200298	0	.2534918	0
1337.15	.1248735	.6209114	0	.2542151	0
1336.15	.1232807	.6217843	0	.254935	0
1335.15	.1217	.6226486	0	.2556513	0
1334.15	.1201312	.6235045	0	.2563643	0
1333.15	.118574	.6243521	0	.2570739	0
1332.15	.1170285	.6251914	0	.2577801	0
1331.15	.1154943	.6260226	0	.258483	0
1330.15	.1139715	.6268458	0	.2591827	0
1329.15	.1124597	.6276611	0	.2598792	0
1328.15	.110959	.6284686	0	.2605724	0
1327.15	.1094691	.6292683	0	.2612626	0
1326.15	.1079899	.6300605	0	.2619496	0
1325.15	.1065212	.6308451	0	.2626336	0
1324.15	.1050631	.6316223	0	.2633146	0
1323.15	.1036151	.6323923	0	.2639926	0
1322.15	.1021774	.633155	0	.2646676	0
1321.15	.1007497	.6339105	0	.2653398	0
1320.15	.09933197	.634659	0	.266009	0
1319.15	.09792399	.6354006	0	.2666754	0
1318.15	.09652568	.6361353	0	.267339	0
1317.15	.09513692	.6368632	0	.2679998	0
1316.15	.09375759	.6375845	0	.2686579	0
1315.15	.09238758	.6382991	0	.2693133	0
1314.15	.09102676	.6390072	0	.269966	0
1313.15	.08967503	.6397089	0	.2706161	0
1312.15	.08833228	.6404042	0	.2712635	0
1311.15	.08699839	.6410932	0	.2719084	0
1310.15	.08567325	.6417761	0	.2725507	0
1309.15	.08435677	.6424528	0	.2731905	0
1308.15	.08304882	.6431234	0	.2738278	0
1307.15	.08174932	.6437881	0	.2744626	0
1306.15	.08045816	.6444469	0	.275095	0
1305.15	.07917523	.6450998	0	.275725	0
1304.15	.07790045	.645747	0	.2763526	0
1303.15	.0766337	.6463885	0	.2769778	0
1302.15	.0753749	.6470244	0	.2776007	0
1301.15	.07412396	.6476547	0	.2782213	0
1300.15	.07288077	.6482796	0	.2788396	0
1299.15	.07164253	.6489013	0	.2794562	0
1298.15	.07041459	.6495154	0	.28007	0
1297.15	.06919413	.6501242	0	.2806817	0
1296.15	.06798107	.6507278	0	.2812911	0
1295.15	.06677532	.6513262	0	.2818985	0
1294.15	.06557679	.6519196	0	.2825036	0
1293.708	.06504891	.6521804	0	.2827707	0
1293.708	.06504891	.6521804	0	.2827707	0
1293.708	.06504891	.6521804	0	.2827707	0
1293.15	.06146595	.6509651	.004196531	.2833724	0
1292.15	.05504561	.6488243	.01168656	.2844435	0
1291.15	.04863099	.6467326	.01913188	.2855045	0
1290.15	.04222179	.6446895	.02653312	.2865556	0
1289.15	.03581771	.6426946	.03389088	.2875968	0
1288.15	.02941847	.6407474	.04120577	.2886284	0
1287.15	.02302379	.6388476	.04847839	.2896503	0
1286.15	.01663338	.6369946	.05570931	.2906627	0
1285.15	.01024699	.6351881	.06289913	.2916658	0
1284.15	.003864337	.6334277	.0700484	.2926596	0
1283.544	0	.6323836	.07435932	.2932571	0
1283.544	0	.6323836	.07435932	.2932571	0
1283.15	0	.6319179	.07466668	.2934155	0
1282.15	0	.6307391	.07544461	.2938163	0
1281.15	0	.6295637	.07622025	.294216	0
1280.15	0	.6283918	.07699361	.2946146	0
1279.15	0	.6272231	.07776468	.2950122	0
1278.15	0	.6260579	.07853348	.2954086	0
1277.15	0	.624896	.07930001	.295804	0
1276.15	0	.6237374	.08006427	.2961983	0
1275.15	0	.6225822	.08082627	.2965915	0
1274.15	0	.6214303	.08158601	.2969837	0
1273.15	0	.6202817	.0823435	.2973748	0
1272.15	0	.6191364	.08309874	.2977649	0
1271.15	0	.6179944	.08385174	.2981538	0
1270.15	0	.6168557	.08460249	.2985418	0
1269.15	0	.6157203	.08535101	.2989287	0
1268.15	0	.6145882	.0860973	.2993145	0
1267.15	0	.6134593	.08684135	.2996993	0
1266.15	0	.6123337	.08758319	.3000831	0
1265.15	0	.6112114	.0883228	.3004659	0
1264.15	0	.6100922	.08906021	.3008476	0
1263.15	0	.6089763	.0897954	.3012283	0
1262.15	0	.6078637	.09052838	.301608	0
1261.15	0	.6067542	.09125915	.3019866	0
1260.15	0	.605648	.09198773	.3023643	0
1259.15	0	.604545	.09271412	.3027409	0
1258.15	0	.6034451	.09343831	.3031166	0
1257.15	0	.6023485	.09416031	.3034912	0
1256.15	0	.601255	.09488013	.3038649	0
1255.15	0	.6001647	.09559777	.3042376	0
1254.15	0	.5990775	.09631323	.3046092	0
1253.15	0	.5979935	.09702652	.3049799	0
1252.15	0	.5969127	.09773764	.3053497	0
1251.15	0	.595835	.0984466	.3057184	0
1250.15	0	.5947604	.09915339	.3060862	0
1249.15	0	.593689	.09985803	.306453	0
1248.15	0	.5926207	.1005605	.3068188	0
1247.15	0	.5915555	.1012608	.3071837	0
1246.15	0	.5904934	.101959	.3075476	0
1245.15	0	.5894343	.102655	.3079106	0
1244.15	0	.5883784	.1033489	.3082726	0
1243.15	0	.5873256	.1040407	.3086337	0
1242.15	0	.5862758	.1047303	.3089938	0
1241.15	0	.5852291	.1054178	.309353	0
1240.15	0	.5841855	.1061032	.3097113	0
1239.15	0	.5831449	.1067864	.3100686	0
1238.15	0	.5821074	.1074675	.310425	0
1237.15	0	.5810729	.1081466	.3107805	0
1236.15	0	.5800415	.1088234	.3111351	0
1235.15	0	.5790131	.1094982	.3114887	0
1234.15	0	.5779877	.1101709	.3118414	0
1233.15	0	.5769653	.1108414	.3121933	0
1232.15	0	.5759459	.1115099	.3125442	0
1231.15	0	.5749296	.1121763	.3128942	0
1230.15	0	.5739162	.1128405	.3132433	0
1229.15	0	.5729058	.1135027	.3135915	0
1228.15	0	.5718984	.1141628	.3139388	0
1227.15	0	.570894	.1148207	.3142852	0
1226.15	0	.5698926	.1154767	.3146308	0
1225.15	0	.5688941	.1161305	.3149754	0
1224.15	0	.5678986	.1167822	.3153192	0
1223.15	0	.566906	.1174319	.3156621	0
1222.15	0	.5659164	.1180795	.3160041	0
1221.15	0	.5649298	.118725	.3163453	0
1220.15	0	.563946	.1193685	.3166855	0
1219.15	0	.5629652	.1200098	.317025	0
1218.15	0	.5619873	.1206492	.3173635	0
1217.15	0	.5610124	.1212864	.3177012	0
1216.15	0	.5600403	.1219216	.3180381	0
1215.15	0	.5590712	.1225548	.3183741	0
1214.15	0	.5581049	.1231859	.3187092	0
1213.15	0	.5571416	.1238149	.3190435	0
1212.15	0	.5561811	.1244419	.319377	0
1211.15	0	.5552236	.1250669	.3197096	0
1210.15	0	.5542689	.1256898	.3200413	0
1209.15	0	.5533171	.1263106	.3203723	0
1208.15	0	.5523681	.1269295	.3207024	0
1207.15	0	.5514221	.1275462	.3210317	0
1206.15	0	.5504789	.128161	.3213601	0
1205.15	0	.5495385	.1287737	.3216878	0
1204.15	0	.548601	.1293844	.3220146	0
1203.15	0	.5476663	.1299931	.3223406	0
1202.15	0	.5467345	.1305997	.3226658	0
1201.15	0	.5458055	.1312043	.3229902	0
1200.15	0	.5448793	.1318069	.3233138	0
1199.15	0	.543956	.1324075	.3236365	0
1198.15	0	.5430354	.1330061	.3239585	0
1197.15	0	.5421177	.1336026	.3242797	0
1196.15	0	.5412028	.1341972	.3246	0
1195.15	0	.5402907	.1347897	.3249196	0
1194.15	0	.5393814	.1353802	.3252384	0
1193.15	0	.5384749	.1359687	.3255564	0
1192.15	0	.5375712	.1365552	.3258736	0
1191.15	0	.5366703	.1371397	.32619	0
1190.15	0	.5357722	.1377222	.3265057	0
1189.15	0	.5348768	.1383026	.3268206	0
1188.15	0	.5339842	.1388811	.3271347	0
1187.15	0	.5330944	.1394576	.327448	0
1186.15	0	.5322073	.1400321	.3277606	0
1185.15	0	.531323	.1406046	.3280724	0
1184.15	0	.5304415	.1411751	.3283834	0
1183.15	0	.5295627	.1417437	.3286937	0
1182.15	0	.5286867	.1423102	.3290032	0
1181.15	0	.5278134	.1428747	.3293119	0
1180.15	0	.5269428	.1434373	.3296199	0
1179.15	0	.526075	.1439979	.3299272	0
1178.15	0	.5252099	.1445565	.3302337	0
1177.15	0	.5243475	.1451131	.3305394	0
1176.15	0	.5234879	.1456677	.3308444	0
1175.15	0	.522631	.1462204	.3311487	0
1174.15	0	.5217768	.146771	.3314522	0
1173.15	0	.5209253	.1473197	.331755	0
1172.15	0	.5200765	.1478665	.3320571	0
1171.15	0	.5192304	.1484112	.3323584	0
1170.15	0	.518387	.148954	.332659	0
1169.15	0	.5175463	.1494948	.3329589	0
1168.15	0	.5167084	.1500336	.333258	0
1167.15	0	.5158731	.1505705	.3335565	0
1166.15	0	.5150404	.1511054	.3338542	0
1165.15	0	.5142105	.1516383	.3341511	0
1164.15	0	.5133833	.1521693	.3344474	0
1163.15	0	.5125587	.1526983	.334743	0
1162.15	0	.5117368	.1532254	.3350378	0
1161.15	0	.5109176	.1537504	.335332	0
1160.15	0	.5101011	.1542736	.3356254	0
1159.15	0	.5092872	.1547947	.3359181	0
1158.15	0	.5084759	.1553139	.3362102	0
1157.15	0	.5076674	.1558311	.3365015	0
1156.15	0	.5068614	.1563464	.3367921	0
1155.15	0	.5060582	.1568598	.3370821	0
1154.15	0	.5052575	.1573711	.3373713	0
1153.15	0	.5044596	.1578806	.3376599	0
1152.15	0	.5036642	.158388	.3379478	0
1151.15	0	.5028715	.1588935	.3382349	0
1150.15	0	.5020815	.1593971	.3385214	0
1149.15	0	.5012941	.1598987	.3388073	0
1148.15	0	.5005093	.1603983	.3390924	0
1147.15	0	.4997271	.160896	.3393768	0
1146.15	0	.4989476	.1613918	.3396606	0
1145.15	0	.4981707	.1618856	.3399437	0
1144.15	0	.4973964	.1623774	.3402262	0
1143.15	0	.4966248	.1628673	.3405079	0
1142.15	0	.4958557	.1633553	.340789	0
1141.15	0	.4950893	.1638413	.3410694	0
1140.15	0	.4943254	.1643254	.3413492	0
1139.15	0	.4935642	.1648075	.3416283	0
1138.15	0	.4928056	.1652876	.3419068	0
1137.15	0	.4920496	.1657659	.3421846	0
1136.15	0	.4912962	.1662421	.3424617	0
1135.15	0	.4905454	.1667165	.3427382	0
1134.15	0	.4897972	.1671889	.343014	0
1133.15	0	.4890516	.1676593	.3432892	0
1132.15	0	.4883085	.1681278	.3435637	0
1131.15	0	.4875681	.1685943	.3438375	0
1130.15	0	.4868303	.169059	.3441108	0
1129.15	0	.486095	.1695216	.3443834	0
1128.15	0	.4853624	.1699823	.3446553	0
1127.15	0	.4846323	.1704411	.3449266	0
1126.15	0	.4839048	.1708979	.3451973	0
1125.15	0	.4831798	.1713529	.3454673	0
1124.15	0	.4824575	.1718058	.3457367	0
1123.15	0	.4817377	.1722568	.3460055	0
1122.15	0	.4810205	.1727059	.3462736	0
1121.15	0	.4803059	.173153	.3465411	0
1120.15	0	.4795938	.1735982	.346808	0
1119.15	0	.4788843	.1740414	.3470743	0
1118.15	0	.4781774	.1744827	.3473399	0
1117.15	0	.4774731	.1749221	.3476049	0
1116.15	0	.4767713	.1753595	.3478693	0
1115.15	0	.476072	.1757949	.348133	0
1114.15	0	.4753754	.1762285	.3483962	0
1113.15	0	.4746813	.17666	.3486587	0
1112.15	0	.4739897	.1770897	.3489206	0
1111.15	0	.4733007	.1775174	.3491819	0
1110.15	0	.4726143	.1779431	.3494426	0
1109.15	0	.4719304	.1783669	.3497027	0
1108.15	0	.4712491	.1787888	.3499622	0
1107.15	0	.4705703	.1792086	.350221	0
1106.15	0	.4698941	.1796266	.3504793	0
1105.15	0	.4692204	.1800426	.3507369	0
1104.15	0	.4685493	.1804567	.350994	0
1103.15	0	.4678807	.1808688	.3512504	0
1102.15	0	.4672147	.181279	.3515063	0
1101.15	0	.4665512	.1816872	.3517615	0
1100.15	0	.4658903	.1820935	.3520162	0
1099.15	0	.4652319	.1824978	.3522703	0
1098.15	0	.464576	.1829002	.3525237	0
1097.15	0	.4639227	.1833007	.3527766	0
1096.15	0	.463272	.1836992	.3530289	0
1095.15	0	.4626238	.1840957	.3532806	0
1094.15	0	.4619781	.1844903	.3535317	0
1093.15	0	.4613349	.1848829	.3537822	0
1092.15	0	.4606943	.1852736	.3540321	0
1091.15	0	.4600563	.1856623	.3542814	0
1090.15	0	.4594207	.1860491	.3545302	0
1089.15	0	.4587877	.1864339	.3547784	0
1088.15	0	.4581573	.1868167	.355026	0
1087.15	0	.4575294	.1871976	.355273	0
1086.15	0	.456904	.1875766	.3555194	0
1085.15	0	.4562812	.1879536	.3557653	0
1084.15	0	.4556609	.1883286	.3560106	0
1083.15	0	.4550431	.1887017	.3562553	0
1082.15	0	.4544278	.1890728	.3564994	0
1081.15	0	.4538151	.1894419	.3567429	0
1080.15	0	.453205	.1898091	.3569859	0
1079.15	0	.4525973	.1901743	.3572283	0
1078.15	0	.4519922	.1905376	.3574702	0
1077.15	0	.4513897	.1908989	.3577114	0
1076.15	0	.4507896	.1912582	.3579522	0
1075.15	0	.4501921	.1916156	.3581923	0
1074.15	0	.4495972	.191971	.3584319	0
1073.15	0	.4490047	.1923244	.3586708	0
1072.15	0	.4484148	.1926759	.3589093	0
1071.15	0	.4478275	.1930254	.3591472	0
1070.15	0	.4472427	.1933729	.3593845	0
1069.15	0	.4466603	.1937184	.3596212	0
1068.15	0	.4460806	.194062	.3598574	0
1067.15	0	.4455034	.1944036	.3600931	0
1066.15	0	.4449287	.1947432	.3603281	0
1065.15	0	.4443565	.1950809	.3605626	0
1064.15	0	.4437869	.1954165	.3607966	0
1063.15	0	.4432198	.1957502	.36103	0
1062.15	0	.4426553	.1960819	.3612628	0
1061.15	0	.4420932	.1964117	.3614951	0
1060.15	0	.4415338	.1967394	.3617268	0
1059.15	0	.4409768	.1970652	.361958	0
1058.15	0	.4404224	.1973889	.3621887	0
1057.15	0	.4398705	.1977107	.3624187	0
1056.15	0	.4393212	.1980305	.3626483	0
1055.15	0	.4387744	.1983484	.3628772	0
1054.15	0	.4382302	.1986642	.3631057	0
1053.15	0	.4376885	.198978	.3633335	0
1052.15	0	.4371493	.1992899	.3635608	0
1051.15	0	.4366127	.1995997	.3637876	0
1050.15	0	.4360786	.1999076	.3640138	0
1049.15	0	.435547	.2002135	.3642395	0
1048.15	0	.435018	.2005174	.3644646	0
1047.15	0	.4344916	.2008192	.3646892	0
1046.15	0	.4339676	.2011191	.3649133	0
1045.15	0	.4334463	.201417	.3651368	0
1044.15	0	.4329274	.2017129	.3653597	0
1043.15	0	.4324112	.2020068	.3655821	0
1042.15	0	.4318974	.2022986	.365804	0
1041.15	0	.4313862	.2025885	.3660253	0
1040.15	0	.4308776	.2028764	.366246	0
1039.15	0	.4303715	.2031622	.3664663	0
1038.15	0	.429868	.2034461	.366686	0
1037.15	0	.429367	.2037279	.3669051	0
1036.15	0	.4288686	.2040078	.3671237	0
1035.15	0	.4283727	.2042856	.3673417	0
1034.15	0	.4278794	.2045614	.3675593	0
1033.15	0	.4273886	.2048352	.3677762	0
1032.15	0	.4269004	.205107	.3679927	0
1031.15	0	.4264147	.2053767	.3682085	0
1030.15	0	.4259316	.2056445	.3684239	0
1029.15	0	.4254511	.2059102	.3686387	0
1028.15	0	.4249731	.2061739	.368853	0
1027.15	0	.4244977	.2064356	.3690667	0
1026.15	0	.4240249	.2066953	.3692799	0
1025.15	0	.4235545	.206953	.3694925	0
1024.15	0	.4230868	.2072086	.3697046	0
1023.15	0	.4226217	.2074622	.3699161	0
1022.15	0	.4221591	.2077138	.3701272	0
1021.15	0	.421699	.2079633	.3703376	0
1020.15	0	.4212416	.2082109	.3705476	0
1019.15	0	.4207867	.2084564	.3707569	0
1018.15	0	.4203344	.2086999	.3709658	0
1017.15	0	.4198846	.2089413	.3711741	0
1016.15	0	.4194374	.2091807	.3713819	0
1015.15	0	.4189928	.2094181	.3715891	0
1014.15	0	.4185508	.2096535	.3717957	0
1013.15	0	.4181113	.2098868	.3720019	0
1012.15	0	.4176744	.2101181	.3722075	0
1011.15	0	.4172401	.2103474	.3724125	0
1010.15	0	.4168084	.2105746	.372617	0
1009.15	0	.4163792	.2107998	.372821	0
1008.15	0	.4159527	.211023	.3730244	0
1007.15	0	.4155287	.2112441	.3732272	0
1006.15	0	.4151073	.2114632	.3734295	0
1005.15	0	.4146884	.2116803	.3736313	0
1004.15	0	.4142722	.2118953	.3738325	0
1003.15	0	.4138585	.2121083	.3740332	0
1002.15	0	.4134475	.2123192	.3742333	0
1001.15	0	.413039	.2125281	.3744329	0
1000.15	0	.4126331	.212735	.3746319	0
999.15	0	.4122298	.2129399	.3748304	0
998.15	0	.411829	.2131427	.3750283	0
997.15	0	.4114309	.2133434	.3752257	0
996.15	0	.4110353	.2135422	.3754225	0
995.15	0	.4106424	.2137389	.3756188	0
994.15	0	.410252	.2139335	.3758145	0
993.15	0	.4098642	.2141262	.3760096	0
992.15	0	.409479	.2143168	.3762042	0
991.15	0	.4090964	.2145053	.3763983	0
990.15	0	.4087164	.2146919	.3765917	0
989.15	0	.408339	.2148764	.3767846	0
988.15	0	.4079642	.2150588	.376977	0
987.15	0	.4075919	.2152393	.3771688	0
986.15	0	.4072223	.2154177	.37736	0
985.15	0	.4068553	.2155941	.3775507	0
984.15	0	.4064908	.2157684	.3777408	0
983.15	0	.406129	.2159408	.3779303	0
982.15	0	.4057697	.2161111	.3781193	0
981.15	0	.405413	.2162793	.3783076	0
980.15	0	.4050589	.2164456	.3784955	0
979.15	0	.4047074	.2166099	.3786827	0
978.15	0	.4043585	.2167721	.3788694	0
977.15	0	.4040122	.2169323	.3790555	0
976.15	0	.4036685	.2170905	.379241	0
975.15	0	.4033274	.2172467	.3794259	0
974.15	0	.4029889	.2174009	.3796103	0
973.15	0	.4026529	.2175531	.379794	0
972.15	0	.4023195	.2177033	.3799772	0
971.15	0	.4019888	.2178514	.3801598	0
970.15	0	.4016606	.2179976	.3803418	0
969.15	0	.401335	.2181418	.3805232	0
968.15	0	.401012	.218284	.3807041	0
967.15	0	.4006915	.2184242	.3808843	0
966.15	0	.4003736	.2185624	.3810639	0
965.15	0	.4000584	.2186987	.3812429	0
964.15	0	.3997457	.218833	.3814214	0
963.15	0	.3994355	.2189653	.3815992	0
962.15	0	.399128	.2190956	.3817764	0
961.15	0	.398823	.219224	.381953	0
960.15	0	.3985206	.2193504	.382129	0
959.15	0	.3982207	.2194749	.3823044	0
958.15	0	.3979234	.2195974	.3824792	0
957.15	0	.3976287	.219718	.3826534	0
956.15	0	.3973365	.2198366	.3828269	0
955.15	0	.3970469	.2199533	.3829998	0
954.15	0	.3967598	.2200681	.3831721	0
953.15	0	.3964753	.220181	.3833438	0
952.15	0	.3961933	.2202919	.3835148	0
951.15	0	.3959138	.220401	.3836852	0
950.15	0	.3956369	.2205081	.3838549	0
949.15	0	.3953625	.2206134	.3840241	0
948.15	0	.3950907	.2207168	.3841925	0
947.15	0	.3948214	.2208183	.3843603	0
946.15	0	.3945546	.2209179	.3845275	0
945.15	0	.3942903	.2210157	.384694	0
944.15	0	.3940285	.2211117	.3848599	0
943.15	0	.3937692	.2212058	.3850251	0
942.15	0	.3935124	.221298	.3851896	0
941.15	0	.3932581	.2213884	.3853535	0
940.15	0	.3930062	.2214771	.3855167	0
939.15	0	.3927569	.2215639	.3856792	0
938.15	0	.39251	.2216489	.3858411	0
937.15	0	.3922656	.2217322	.3860022	0
936.15	0	.3920237	.2218137	.3861627	0
935.15	0	.3917841	.2218934	.3863225	0
934.15	0	.3915471	.2219714	.3864816	0
933.15	0	.3913124	.2220476	.3866399	0
932.15	0	.3910802	.2221222	.3867976	0
931.15	0	.3908504	.222195	.3869546	0
930.15	0	.390623	.2222661	.3871109	0
929.15	0	.390398	.2223356	.3872664	0
928.15	0	.3901754	.2224034	.3874212	0
927.15	0	.3899552	.2224695	.3875753	0
926.15	0	.3897373	.222534	.3877287	0
925.15	0	.3895218	.2225969	.3878813	0
924.15	0	.3893087	.2226582	.3880332	0
923.15	0	.3890978	.2227179	.3881843	0
922.15	0	.3888893	.222776	.3883347	0
921.15	0	.3886831	.2228326	.3884843	0
920.15	0	.3884792	.2228876	.3886332	0
919.15	0	.3882776	.2229411	.3887813	0
918.15	0	.3880782	.2229932	.3889286	0
917.15	0	.3878811	.2230437	.3890751	0
916.15	0	.3876863	.2230929	.3892209	0
915.15	0	.3874936	.2231405	.3893659	0
914.15	0	.3873032	.2231868	.38951	0
913.15	0	.387115	.2232317	.3896534	0
912.15	0	.3869289	.2232752	.3897959	0
911.15	0	.386745	.2233173	.3899376	0
910.15	0	.3865633	.2233582	.3900785	0
909.15	0	.3863837	.2233977	.3902186	0
908.15	0	.3862062	.223436	.3903578	0
907.15	0	.3860307	.2234731	.3904962	0
906.15	0	.3858574	.2235089	.3906338	0
905.15	0	.3856861	.2235435	.3907704	0
904.15	0	.3855168	.223577	.3909062	0
903.15	0	.3853495	.2236093	.3910412	0
902.15	0	.3851842	.2236406	.3911752	0
901.15	0	.3850209	.2236707	.3913084	0
900.15	0	.3848595	.2236999	.3914406	0
899.15	0	.3847001	.223728	.391572	0
898.15	0	.3845425	.2237551	.3917024	0
897.15	0	.3843868	.2237813	.3918319	0
896.15	0	.3842329	.2238066	.3919605	0
895.15	0	.3840809	.2238311	.3920881	0
894.15	0	.3839306	.2238547	.3922147	0
893.15	0	.3837821	.2238775	.3923404	0
892.15	0	.3836353	.2238996	.3924652	0
891.15	0	.3834902	.2239209	.3925889	0
890.15	0	.3833468	.2239415	.3927117	0
889.15	0	.383205	.2239616	.3928334	0
888.15	0	.3830648	.223981	.3929542	0
887.15	0	.3829262	.2239999	.3930739	0
886.15	0	.3827891	.2240183	.3931926	0
885.15	0	.3826536	.2240362	.3933102	0
884.15	0	.3825195	.2240538	.3934268	0
883.15	0	.3823868	.2240709	.3935423	0
882.15	0	.3822555	.2240878	.3936567	0
881.15	0	.3821256	.2241044	.39377	0
880.15	0	.3819969	.2241209	.3938822	0
879.15	0	.3818696	.2241371	.3939933	0
878.15	0	.3817434	.2241533	.3941033	0
877.15	0	.3816185	.2241695	.3942121	0
876.15	0	.3814947	.2241856	.3943197	0
875.15	0	.381372	.2242019	.3944261	0
874.15	0	.3812503	.2242183	.3945314	0
873.15	0	.3811296	.224235	.3946354	0
872.15	0	.3810099	.2242519	.3947383	0
871.15	0	.380891	.2242691	.3948398	0
870.15	0	.380773	.2242868	.3949401	0
869.15	0	.3806558	.224305	.3950392	0
868.15	0	.3805393	.2243238	.3951369	0
867.15	0	.3804235	.2243432	.3952333	0
866.15	0	.3803083	.2243633	.3953284	0
865.15	0	.3801936	.2243842	.3954222	0
864.15	0	.3800794	.2244061	.3955145	0
863.15	0	.3799657	.2244289	.3956055	0
862.15	0	.3798522	.2244528	.395695	0
861.15	0	.3797391	.2244778	.3957831	0
860.15	0	.3796261	.2245041	.3958698	0
859.15	0	.3795133	.2245317	.3959549	0
858.15	0	.3794006	.2245609	.3960386	0
857.15	0	.3792878	.2245915	.3961207	0
856.15	0	.3791749	.2246239	.3962012	0
855.15	0	.3790618	.2246581	.3962801	0
854.15	0	.3789484	.2246941	.3963574	0
853.15	0	.3788347	.2247322	.3964331	0
852.15	0	.3787205	.2247725	.3965071	0
851.15	0	.3786057	.224815	.3965793	0
850.15	0	.3784902	.22486	.3966498	0
849.15	0	.3783739	.2249076	.3967185	0
848.15	0	.3782568	.2249578	.3967854	0
847.15	0	.3781386	.225011	.3968504	0
846.15	0	.3780193	.2250672	.3969135	0
845.15	0	.3778987	.2251266	.3969747	0
844.15	0	.3777767	.2251894	.3970339	0
843.15	0	.3776532	.2252558	.397091	0
842.15	0	.377528	.225326	.397146	0
841.15	0	.377401	.2254002	.3971989	0
840.15	0	.377272	.2254785	.3972495	0
839.15	0	.3771408	.2255613	.397298	0
838.15	0	.3770072	.2256487	.3973441	0
837.15	0	.3768711	.2257411	.3973878	0
836.15	0	.3767323	.2258387	.397429	0
835.15	0	.3765906	.2259417	.3974677	0
834.15	0	.3764457	.2260505	.3975038	0
833.15	0	.3762973	.2261654	.3975372	0
832.15	0	.3761453	.2262868	.3975679	0
831.15	0	.3759894	.226415	.3975956	0
830.15	0	.3758293	.2265504	.3976204	0
829.15	0	.3756646	.2266934	.397642	0
828.15	0	.3754951	.2268445	.3976605	0
827.15	0	.3753203	.2270041	.3976756	0
826.15	0	.3751399	.2271729	.3976872	0
825.15	0	.3749535	.2273513	.3976952	0
824.15	0	.3747606	.22754	.3976994	0
823.15	0	.3745607	.2277397	.3976997	0
822.15	0	.3743532	.227951	.3976957	0
821.15	0	.3741376	.228175	.3976874	0
820.15	0	.3739132	.2284123	.3976745	0
819.15	0	.3736793	.2286641	.3976566	0
818.15	0	.373435	.2289314	.3976336	0
817.15	0	.3731794	.2292155	.3976051	0
816.15	0	.3729115	.2295178	.3975707	0
815.15	0	.3726301	.2298398	.3975301	0
814.15	0	.3721908	.2303697	.3974395	0
813.15	0	.3714343	.2313161	.3972496	0
812.15	0	.3707562	.2321653	.3970785	0
811.15	0	.3701446	.2329322	.3969232	0
810.15	0	.3695902	.2336287	.3967811	0
809.15	0	.3690857	.2342639	.3966504	0
808.15	0	.3686252	.2348453	.3965295	0
807.15	0	.3682037	.2353791	.3964172	0
806.15	0	.3678171	.2358705	.3963124	0
805.15	0	.3674619	.2363237	.3962143	0
804.15	0	.3671351	.2367426	.3961222	0
803.15	0	.3668342	.2371304	.3960355	0
802.15	0	.3665567	.2374898	.3959535	0
801.15	0	.3663008	.2378233	.3958759	0
800.15	0	.3660647	.238133	.3958023	0
799.15	0	.3658468	.2384209	.3957323	0
798.15	0	.3656458	.2386887	.3956656	0
797.15	0	.3654602	.2389379	.3956019	0
796.15	0	.3652891	.2391699	.395541	0
795.15	0	.3651314	.2393859	.3954827	0
794.15	0	.3649861	.2395871	.3954267	0
793.15	0	.3648525	.2397746	.395373	0
792.15	0	.3647296	.2399492	.3953212	0
791.15	0	.3646169	.2401117	.3952714	0
790.15	0	.3645135	.2402632	.3952233	0
789.15	0	.3644191	.2404041	.3951769	0
788.15	0	.3643329	.2405352	.395132	0
787.15	0	.3642544	.2406571	.3950885	0
786.15	0	.3641832	.2407705	.3950463	0
785.15	0	.3641189	.2408757	.3950054	0
784.15	0	.3640609	.2409734	.3949657	0
783.15	0	.364009	.241064	.3949271	0
782.15	0	.3639627	.2411478	.3948894	0
781.15	0	.3639218	.2412254	.3948528	0
780.15	0	.3638859	.2412971	.3948171	0
779.15	0	.3638547	.2413631	.3947822	0
778.15	0	.3638279	.241424	.3947482	0
777.15	0	.3638053	.2414799	.3947148	0
776.15	0	.3637866	.2415311	.3946823	0
775.15	0	.3637717	.241578	.3946504	0
774.15	0	.3637602	.2416207	.3946191	0
773.15	0	.363752	.2416596	.3945884	0
772.15	0	.3637469	.2416948	.3945583	0
771.15	0	.3637472	.2417246	.3945282	0
770.15	0	.3637476	.2417533	.3944992	0
769.15	0	.3637505	.2417788	.3944706	0
768.15	0	.3637559	.2418015	.3944425	0
767.15	0	.3637636	.2418215	.3944149	0
766.15	0	.3637735	.2418389	.3943876	0
765.15	0	.3637854	.2418539	.3943607	0
764.15	0	.3637991	.2418666	.3943342	0
763.15	0	.3638147	.2418772	.394308	0
762.15	0	.363832	.2418858	.3942822	0
761.15	0	.3638508	.2418925	.3942566	0
760.15	0	.3638712	.2418975	.3942314	0
759.15	0	.3638929	.2419007	.3942064	0
758.15	0	.3639159	.2419024	.3941817	0
757.15	0	.3639401	.2419027	.3941572	0
756.15	0	.3639655	.2419016	.394133	0
755.15	0	.3639919	.2418992	.394109	0
754.15	0	.3640193	.2418956	.3940851	0
753.15	0	.3640476	.2418909	.3940615	0
752.15	0	.3640768	.2418852	.3940381	0
751.15	0	.3641067	.2418785	.3940148	0
750.15	0	.3641374	.2418709	.3939918	0
749.15	0	.3641688	.2418624	.3939688	0
748.15	0	.3642008	.2418532	.393946	0
747.15	0	.3642333	.2418433	.3939234	0
746.15	0	.3642664	.2418328	.3939009	0
745.15	0	.3643	.2418216	.3938785	0
744.15	0	.364334	.2418099	.3938562	0
743.15	0	.3643683	.2417977	.393834	0
742.15	0	.3644031	.241785	.3938119	0
741.15	0	.3644381	.2417719	.39379	0
740.15	0	.3644735	.2417584	.3937681	0
739.15	0	.3645091	.2417447	.3937463	0
738.15	0	.3645449	.2417306	.3937246	0
737.15	0	.3645809	.2417162	.3937029	0
736.15	0	.364617	.2417017	.3936813	0
735.15	0	.3646533	.2416869	.3936598	0
734.15	0	.3646896	.241672	.3936384	0
733.15	0	.3647261	.241657	.393617	0
732.15	0	.3647626	.2416418	.3935956	0
731.15	0	.3647991	.2416266	.3935743	0
730.15	0	.3648356	.2416114	.393553	0
729.15	0	.3648721	.2415961	.3935318	0
728.15	0	.3649086	.2415808	.3935106	0
727.15	0	.364945	.2415655	.3934894	0
726.15	0	.3649814	.2415503	.3934683	0
725.15	0	.3650177	.2415351	.3934472	0
724.15	0	.3650538	.2415201	.3934261	0
723.15	0	.3650899	.2415051	.3934051	0
722.15	0	.3651258	.2414902	.393384	0
721.15	0	.3651616	.2414755	.393363	0
720.15	0	.3651972	.2414609	.393342	0
719.15	0	.3652326	.2414464	.393321	0
718.15	0	.3652679	.2414322	.3933	0
717.15	0	.365303	.2414181	.393279	0
716.15	0	.3653378	.2414042	.393258	0
715.15	0	.3653725	.2413906	.393237	0
714.15	0	.3654069	.2413771	.393216	0
713.15	0	.3654411	.2413639	.393195	0
712.15	0	.3654751	.241351	.393174	0
711.15	0	.3655088	.2413383	.393153	0
710.15	0	.3655422	.2413258	.393132	0
709.15	0	.3655754	.2413137	.3931109	0
708.15	0	.3656084	.2413018	.3930899	0
707.15	0	.365641	.2412901	.3930689	0
706.15	0	.3656734	.2412788	.3930478	0
705.15	0	.3657055	.2412678	.3930267	0
704.15	0	.3657372	.2412571	.3930056	0
703.15	0	.3657687	.2412467	.3929845	0
702.15	0	.3657999	.2412367	.3929634	0
701.15	0	.3658308	.2412269	.3929423	0
700.15	0	.3658614	.2412175	.3929211	0
699.15	0	.3658917	.2412084	.3928999	0
698.15	0	.3659216	.2411997	.3928787	0
697.15	0	.3659513	.2411913	.3928575	0
696.15	0	.3659806	.2411832	.3928362	0
695.15	0	.3660096	.2411755	.392815	0
694.15	0	.3660382	.2411681	.3927937	0
693.15	0	.3660665	.2411611	.3927723	0
692.15	0	.3660946	.2411544	.392751	0
691.15	0	.3661222	.2411482	.3927296	0
690.15	0	.3661496	.2411422	.3927082	0
689.15	0	.3661766	.2411367	.3926868	0
688.15	0	.3662032	.2411315	.3926653	0
687.15	0	.3662295	.2411266	.3926439	0
686.15	0	.3662555	.2411221	.3926223	0
685.15	0	.3662812	.241118	.3926008	0
684.15	0	.3663065	.2411143	.3925792	0
683.15	0	.3663314	.241111	.3925576	0
682.15	0	.3663561	.241108	.392536	0
681.15	0	.3663804	.2411053	.3925143	0
680.15	0	.3664043	.2411031	.3924926	0
679.15	0	.3664279	.2411012	.3924709	0
678.15	0	.3664511	.2410997	.3924491	0
677.15	0	.366474	.2410986	.3924273	0
676.15	0	.3664966	.2410979	.3924055	0
675.15	0	.3665189	.2410975	.3923836	0
674.15	0	.3665408	.2410975	.3923618	0
673.15	0	.3665623	.2410979	.3923398	0
672.15	0	.3665835	.2410986	.3923179	0
671.15	0	.3666044	.2410997	.3922959	0
670.15	0	.3666249	.2411012	.3922739	0
669.15	0	.3666451	.2411031	.3922518	0
668.15	0	.366665	.2411053	.3922297	0
667.15	0	.3666845	.2411079	.3922076	0
666.15	0	.3667037	.2411109	.3921854	0
665.15	0	.3667225	.2411142	.3921633	0
664.15	0	.3667411	.2411179	.392141	0
663.15	0	.3667592	.241122	.3921188	0
662.15	0	.3667771	.2411264	.3920965	0
661.15	0	.3667946	.2411312	.3920742	0
660.15	0	.3668118	.2411364	.3920518	0
659.15	0	.3668287	.2411419	.3920294	0
658.15	0	.3668453	.2411477	.392007	0
657.15	0	.3668615	.241154	.3919846	0
656.15	0	.3668774	.2411605	.3919621	0
655.15	0	.366893	.2411675	.3919396	0
654.15	0	.3669082	.2411748	.391917	0
653.15	0	.3669232	.2411824	.3918944	0
652.15	0	.3669378	.2411904	.3918718	0
651.15	0	.3669521	.2411987	.3918492	0
650.15	0	.3669661	.2412074	.3918265	0
649.15	0	.3669798	.2412164	.3918038	0
648.15	0	.3669932	.2412257	.391781	0
647.15	0	.3670063	.2412354	.3917583	0
646.15	0	.3670191	.2412455	.3917355	0
645.15	0	.3670315	.2412558	.3917126	0
644.15	0	.3670437	.2412665	.3916898	0
643.15	0	.3670556	.2412776	.3916669	0
642.15	0	.3670671	.2412889	.391644	0
641.15	0	.3670784	.2413006	.391621	0
640.15	0	.3670894	.2413126	.391598	0
639.15	0	.3671	.241325	.391575	0
638.15	0	.3671104	.2413376	.391552	0
637.15	0	.3671205	.2413506	.3915289	0
636.15	0	.3671303	.2413639	.3915058	0
635.15	0	.3671398	.2413775	.3914827	0
634.15	0	.3671491	.2413914	.3914595	0
633.15	0	.367158	.2414057	.3914363	0
632.15	0	.3671667	.2414202	.3914131	0
631.15	0	.3671751	.241435	.3913899	0
630.15	0	.3671832	.2414502	.3913666	0
629.15	0	.3671911	.2414657	.3913433	0
628.15	0	.3671986	.2414814	.39132	0
627.15	0	.3672059	.2414975	.3912966	0
626.15	0	.3672129	.2415138	.3912733	0
625.15	0	.3672197	.2415304	.3912499	0
624.15	0	.3672262	.2415474	.3912265	0
623.15	0	.3672324	.2415646	.391203	0
622.15	0	.3672384	.2415821	.3911795	0
621.15	0	.3672441	.2415999	.391156	0
620.15	0	.3672496	.2416179	.3911325	0
619.15	0	.3672547	.2416363	.391109	0
618.15	0	.3672597	.2416549	.3910854	0
617.15	0	.3672644	.2416738	.3910618	0
616.15	0	.3672688	.241693	.3910382	0
615.15	0	.367273	.2417124	.3910146	0
614.15	0	.3672769	.2417321	.390991	0
613.15	0	.3672806	.2417521	.3909673	0
612.15	0	.3672841	.2417723	.3909436	0
611.15	0	.3672873	.2417929	.3909199	0
610.15	0	.3672903	.2418136	.3908961	0
609.15	0	.367293	.2418346	.3908724	0
608.15	0	.3672955	.2418559	.3908486	0
607.15	0	.3672977	.2418774	.3908248	0
606.15	0	.3672998	.2418992	.390801	0
605.15	0	.3673016	.2419212	.3907772	0
604.15	0	.3673031	.2419435	.3907534	0
603.15	0	.3673045	.241966	.3907295	0
602.15	0	.3673056	.2419888	.3907056	0
601.15	0	.3673065	.2420118	.3906817	0
600.15	0	.3673072	.242035	.3906578	0
599.15	0	.3673076	.2420585	.3906339	0
598.15	0	.3673079	.2420822	.39061	0
597.15	0	.3673079	.2421061	.390586	0
596.15	0	.3673077	.2421303	.390562	0
595.15	0	.3673073	.2421546	.3905381	0
594.15	0	.3673067	.2421793	.3905141	0
593.15	0	.3673059	.2422041	.3904901	0
592.15	0	.3673048	.2422291	.390466	0
591.15	0	.3673036	.2422544	.390442	0
590.15	0	.3673021	.2422799	.390418	0
589.15	0	.3673005	.2423056	.3903939	0
588.15	0	.3672987	.2423315	.3903699	0
587.15	0	.3672966	.2423576	.3903458	0
586.15	0	.3672944	.2423839	.3903217	0
585.15	0	.3672919	.2424105	.3902976	0
584.15	0	.3672893	.2424372	.3902735	0
583.15	0	.3672865	.2424641	.3902494	0
582.15	0	.3672835	.2424913	.3902253	0
581.15	0	.3672803	.2425186	.3902011	0
580.15	0	.3672769	.2425461	.390177	0
579.15	0	.3672733	.2425738	.3901529	0
578.15	0	.3672696	.2426017	.3901287	0
577.15	0	.3672656	.2426298	.3901046	0
576.15	0	.3672615	.2426581	.3900804	0
575.15	0	.3672572	.2426865	.3900562	0
574.15	0	.3672527	.2427152	.3900321	0
573.15	0	.3672481	.242744	.3900079	0
572.15	0	.3672433	.242773	.3899837	0
571.15	0	.3672382	.2428022	.3899596	0
570.15	0	.3672331	.2428315	.3899354	0
569.15	0	.3672277	.2428611	.3899112	0
568.15	0	.3672222	.2428907	.389887	0
567.15	0	.3672166	.2429206	.3898628	0
566.15	0	.3672107	.2429506	.3898387	0
565.15	0	.3672047	.2429808	.3898145	0
564.15	0	.3671986	.2430112	.3897903	0
563.15	0	.3671922	.2430417	.3897661	0
562.15	0	.3671857	.2430723	.3897419	0
561.15	0	.3671791	.2431032	.3897177	0
560.15	0	.3671723	.2431341	.3896936	0
559.15	0	.3671653	.2431653	.3896694	0
558.15	0	.3671582	.2431966	.3896452	0
557.15	0	.367151	.243228	.3896211	0
556.15	0	.3671436	.2432596	.3895969	0
555.15	0	.367136	.2432913	.3895727	0
554.15	0	.3671283	.2433231	.3895486	0
553.15	0	.3671204	.2433551	.3895244	0
552.15	0	.3671124	.2433873	.3895003	0
551.15	0	.3671043	.2434196	.3894762	0
550.15	0	.367096	.243452	.389452	0
549.15	0	.3670876	.2434845	.3894279	0
548.15	0	.367079	.2435172	.3894038	0
547.15	0	.3670703	.24355	.3893797	0
546.15	0	.3670615	.243583	.3893556	0
545.15	0	.3670525	.243616	.3893315	0
544.15	0	.3670434	.2436492	.3893074	0
543.15	0	.3670341	.2436825	.3892833	0
542.15	0	.3670248	.243716	.3892593	0
541.15	0	.3670153	.2437495	.3892352	0
540.15	0	.3670056	.2437832	.3892112	0
539.15	0	.3669959	.243817	.3891872	0
538.15	0	.366986	.2438509	.3891632	0
537.15	0	.366976	.2438849	.3891392	0
536.15	0	.3669658	.243919	.3891152	0
535.15	0	.3669556	.2439532	.3890912	0
534.15	0	.3669452	.2439876	.3890673	0
533.15	0	.3669347	.244022	.3890433	0
532.15	0	.3669241	.2440566	.3890194	0
531.15	0	.3669133	.2440912	.3889955	0
530.15	0	.3669024	.244126	.3889716	0
529.15	0	.3668915	.2441608	.3889477	0
528.15	0	.3668804	.2441957	.3889239	0
527.15	0	.3668692	.2442308	.3889	0
526.15	0	.3668579	.2442659	.3888762	0
525.15	0	.3668465	.2443011	.3888524	0
524.15	0	.3668349	.2443365	.3888286	0
523.15	0	.3668233	.2443719	.3888049	0
522.15	0	.3668115	.2444074	.3887811	0
521.15	0	.3667997	.2444429	.3887574	0
520.15	0	.3667877	.2444786	.3887337	0
519.15	0	.3667757	.2445143	.38871	0
518.15	0	.3667635	.2445501	.3886863	0
517.15	0	.3667513	.2445861	.3886627	0
516.15	0	.3667389	.244622	.3886391	0
515.15	0	.3667264	.2446581	.3886155	0
514.15	0	.3667139	.2446942	.3885919	0
513.15	0	.3667012	.2447304	.3885684	0
512.15	0	.3666884	.2447667	.3885449	0
511.15	0	.3666756	.244803	.3885214	0
510.15	0	.3666628	.2448394	.3884978	0
509.15	0	.3666497	.2448759	.3884744	0
508.15	0	.3666366	.2449125	.388451	0
507.15	0	.3666234	.2449491	.3884276	0
506.15	0	.3666101	.2449857	.3884042	0
505.15	0	.3665967	.2450225	.3883809	0
504.15	0	.3665832	.2450593	.3883576	0
503.15	0	.3665696	.2450961	.3883343	0
502.15	0	.3665559	.245133	.3883111	0
501.15	0	.3665422	.24517	.3882878	0
500.15	0	.3665284	.245207	.3882647	0
499.15	0	.3665145	.245244	.3882415	0
498.15	0	.3665005	.2452812	.3882184	0
497.15	0	.3664864	.2453183	.3881953	0
496.15	0	.3664722	.2453555	.3881722	0
495.15	0	.366458	.2453928	.3881492	0
494.15	0	.3664437	.2454301	.3881262	0
493.15	0	.3664293	.2454675	.3881033	0
492.15	0	.3664148	.2455048	.3880804	0
491.15	0	.3664003	.2455423	.3880575	0
490.15	0	.3663857	.2455797	.3880346	0
489.15	0	.366371	.2456173	.3880118	0
488.15	0	.3663562	.2456548	.387989	0
487.15	0	.3663414	.2456924	.3879663	0
486.15	0	.3663265	.24573	.3879436	0
485.15	0	.3663115	.2457676	.3879209	0
484.15	0	.3662964	.2458053	.3878982	0
483.15	0	.3662813	.245843	.3878757	0
482.15	0	.3662662	.2458808	.3878531	0
481.15	0	.3662509	.2459185	.3878306	0
480.15	0	.3662356	.2459563	.3878081	0
479.15	0	.3662202	.2459941	.3877857	0
478.15	0	.3662048	.246032	.3877633	0
477.15	0	.3661893	.2460698	.3877409	0
476.15	0	.3661737	.2461077	.3877186	0
475.15	0	.3661581	.2461456	.3876963	0
474.15	0	.3661424	.2461836	.3876741	0
473.15	0	.3661266	.2462215	.3876519	0
472.15	0	.3661108	.2462594	.3876297	0
471.15	0	.366095	.2462974	.3876076	0
470.15	0	.366079	.2463354	.3875856	0
469.15	0	.3660631	.2463734	.3875636	0
468.15	0	.366047	.2464114	.3875416	0
467.15	0	.3660309	.2464494	.3875197	0
466.15	0	.3660148	.2464874	.3874978	0
465.15	0	.3659986	.2465255	.3874759	0
464.15	0	.3659823	.2465635	.3874541	0
463.15	0	.365966	.2466016	.3874324	0
462.15	0	.3659497	.2466396	.3874107	0
461.15	0	.3659333	.2466777	.3873891	0
460.15	0	.3659168	.2467157	.3873675	0
459.15	0	.3659003	.2467538	.3873459	0
458.15	0	.3658838	.2467918	.3873244	0
457.15	0	.3658672	.2468299	.387303	0
456.15	0	.3658505	.2468679	.3872816	0
455.15	0	.3658338	.246906	.3872602	0
454.15	0	.3658171	.246944	.3872389	0
453.15	0	.3658003	.2469821	.3872177	0
452.15	0	.3657835	.2470201	.3871964	0
451.15	0	.3657666	.2470581	.3871753	0
450.15	0	.3657497	.2470961	.3871542	0
449.15	0	.3657328	.2471341	.3871332	0
448.15	0	.3657158	.247172	.3871122	0
447.15	0	.3656988	.24721	.3870913	0
446.15	0	.3656818	.2472479	.3870704	0
445.15	0	.3656647	.2472857	.3870496	0
444.15	0	.3656476	.2473236	.3870288	0
443.15	0	.3656305	.2473614	.3870081	0
442.15	0	.3656133	.2473992	.3869875	0
441.15	0	.3655961	.2474369	.3869669	0
440.15	0	.3655789	.2474747	.3869464	0
439.15	0	.3655617	.2475123	.386926	0
438.15	0	.3655445	.2475499	.3869056	0
437.15	0	.3655273	.2475875	.3868853	0
436.15	0	.36551	.2476249	.386865	0
