T	 BPW(LIQUID)	BPW(BCC_A2)	BPW(FCC_A1)	BPW(LAVES_PHASE_C14)	BPW(NI3TI)
1473.15	0	.6413165	.3074537	.05122984	0
1472.15	0	.6370238	.3109781	.05199806	0
1471.15	0	.6327438	.3144932	.05276305	0
1470.15	0	.6284763	.3179988	.05352486	0
1469.15	0	.6242215	.3214951	.05428347	0
1468.15	0	.6199792	.3249819	.05503892	0
1467.15	0	.6157494	.3284594	.05579122	0
1466.15	0	.6115321	.3319275	.05654038	0
1465.15	0	.6073273	.3353863	.05728642	0
1464.15	0	.6031349	.3388358	.05802935	0
1463.15	0	.5989549	.3422759	.05876918	0
1462.15	0	.5947873	.3457067	.05950594	0
1461.15	0	.5906321	.3491283	.06023963	0
1460.15	0	.5864892	.3525405	.06097027	0
1459.15	0	.5823586	.3559435	.06169787	0
1458.15	0	.5782403	.3593372	.06242246	0
1457.15	0	.5741343	.3627217	.06314404	0
1456.15	0	.5700404	.366097	.06386262	0
1455.15	0	.5659588	.369463	.06457823	0
1454.15	0	.5618893	.3728198	.06529086	0
1453.15	0	.557832	.3761674	.06600055	0
1452.15	0	.5537869	.3795058	.0667073	0
1451.15	0	.5497538	.3828351	.06741113	0
1450.15	0	.5457328	.3861552	.06811204	0
1449.15	0	.5417238	.3894661	.06881006	0
1448.15	0	.5377269	.3927679	.06950519	0
1447.15	0	.533742	.3960606	.07019745	0
1446.15	0	.529769	.3993441	.07088686	0
1445.15	0	.525808	.4026186	.07157342	0
1444.15	0	.5218589	.4058839	.07225715	0
1443.15	0	.5179218	.4091402	.07293806	0
1442.15	0	.5139965	.4123874	.07361617	0
1441.15	0	.510083	.4156255	.07429148	0
1440.15	0	.5061815	.4188545	.07496401	0
1439.15	0	.5022917	.4220745	.07563378	0
1438.15	0	.4984137	.4252855	.07630079	0
1437.15	0	.4945475	.4284875	.07696506	0
1436.15	0	.490693	.4316804	.0776266	0
1435.15	0	.4868502	.4348644	.07828543	0
1434.15	0	.4830192	.4380393	.07894154	0
1433.15	0	.4791998	.4412052	.07959497	0
1432.15	0	.4753921	.4443622	.08024571	0
1431.15	0	.471596	.4475102	.08089379	0
1430.15	0	.4678115	.4506493	.08153921	0
1429.15	0	.4640387	.4537794	.08218198	0
1428.15	0	.4602774	.4569005	.08282212	0
1427.15	0	.4565276	.4600127	.08345964	0
1426.15	0	.4527894	.463116	.08409455	0
1425.15	0	.4490627	.4662104	.08472686	0
1424.15	0	.4453475	.4692959	.08535659	0
1423.15	0	.4416438	.4723725	.08598374	0
1422.15	0	.4379515	.4754402	.08660832	0
1421.15	0	.4342707	.478499	.08723036	0
1420.15	0	.4306013	.4815489	.08784985	0
1419.15	0	.4269432	.4845899	.08846682	0
1418.15	0	.4232966	.4876221	.08908126	0
1417.15	0	.4196613	.4906455	.0896932	0
1416.15	0	.4160374	.49366	.09030264	0
1415.15	0	.4124248	.4966657	.09090959	0
1414.15	0	.4088234	.4996625	.09151407	0
1413.15	0	.4052334	.5026505	.09211609	0
1412.15	0	.4016547	.5056297	.09271565	0
1411.15	0	.3980872	.5086	.09331277	0
1410.15	0	.3945309	.5115616	.09390745	0
1409.15	0	.3909859	.5145144	.09449972	0
1408.15	0	.3874521	.5174583	.09508957	0
1407.15	0	.3839295	.5203935	.09567702	0
1406.15	0	.380418	.5233199	.09626208	0
1405.15	0	.3769177	.5262375	.09684476	0
1404.15	0	.3734286	.5291463	.09742507	0
1403.15	0	.3699506	.5320464	.09800302	0
1402.15	0	.3664837	.5349377	.09857862	0
1401.15	0	.3630279	.5378203	.09915188	0
1400.15	0	.3595832	.540694	.09972281	0
1399.15	0	.3561495	.5435591	.1002914	0
1398.15	0	.3527269	.5464154	.1008577	0
1397.15	0	.3493154	.5492629	.1014217	0
1396.15	0	.3459149	.5521017	.1019834	0
1395.15	0	.3425254	.5549318	.1025429	0
1394.15	0	.3391469	.5577531	.1031	0
1393.15	0	.3357794	.5605657	.1036549	0
1392.15	0	.3324229	.5633695	.1042075	0
1391.15	0	.3290774	.5661647	.1047579	0
1390.15	0	.3257429	.5689511	.1053061	0
1389.15	0	.3224192	.5717288	.105852	0
1388.15	0	.3191066	.5744977	.1063957	0
1387.15	0	.3158048	.577258	.1069372	0
1386.15	0	.312514	.5800095	.1074766	0
1385.15	0	.309234	.5827523	.1080137	0
1384.15	0	.305965	.5854864	.1085486	0
1383.15	0	.3027069	.5882118	.1090814	0
1382.15	0	.2994596	.5909284	.109612	0
1381.15	0	.2962232	.5936364	.1101405	0
1380.15	0	.2929976	.5963356	.1106668	0
1379.15	0	.2897829	.5990261	.111191	0
1378.15	0	.2865791	.6017079	.111713	0
1377.15	0	.2833861	.604381	.1122329	0
1376.15	0	.2802039	.6070453	.1127508	0
1375.15	0	.2770326	.609701	.1132665	0
1374.15	0	.273872	.6123479	.1137801	0
1373.15	0	.2707223	.6149861	.1142916	0
1372.15	0	.2675834	.6176155	.1148011	0
1371.15	0	.2644552	.6202363	.1153085	0
1370.15	0	.2613379	.6228483	.1158138	0
1369.15	0	.2582313	.6254516	.1163171	0
1368.15	0	.2551356	.6280461	.1168184	0
1367.15	0	.2520506	.6306319	.1173175	0
1366.15	0	.2489764	.6332089	.1178147	0
1365.15	0	.2459129	.6357772	.1183099	0
1364.15	0	.2428602	.6383368	.118803	0
1363.15	0	.2398183	.6408876	.1192942	0
1362.15	0	.2367871	.6434296	.1197833	0
1361.15	0	.2337667	.6459628	.1202705	0
1360.15	0	.2307571	.6484873	.1207556	0
1359.15	0	.2277582	.651003	.1212388	0
1358.15	0	.22477	.6535099	.12172	0
1357.15	0	.2217926	.6560081	.1221993	0
1356.15	0	.218826	.6584974	.1226766	0
1355.15	0	.2158701	.6609779	.123152	0
1354.15	0	.212925	.6634496	.1236254	0
1353.15	0	.2099906	.6659125	.1240969	0
1352.15	0	.2070669	.6683666	.1245665	0
1351.15	0	.204154	.6708118	.1250342	0
1350.15	0	.2012519	.6732481	.1254999	0
1349.15	0	.1983605	.6756757	.1259638	0
1348.15	0	.1954799	.6780943	.1264258	0
1347.15	0	.1926101	.6805041	.1268859	0
1346.15	0	.189751	.682905	.1273441	0
1345.15	0	.1869027	.685297	.1278004	0
1344.15	0	.1840651	.68768	.1282549	0
1343.15	0	.1812383	.6900542	.1287075	0
1342.15	0	.1784224	.6924195	.1291582	0
1341.15	0	.1756171	.6947758	.1296071	0
1340.15	0	.1728227	.6971231	.1300542	0
1339.15	0	.1700391	.6994615	.1304994	0
1338.15	0	.1672663	.7017909	.1309428	0
1337.15	0	.1645043	.7041113	.1313844	0
1336.15	0	.1617532	.7064227	.1318242	0
1335.15	0	.1590128	.7087251	.1322621	0
1334.15	0	.1562833	.7110184	.1326983	0
1333.15	0	.1535646	.7133027	.1331327	0
1332.15	0	.1508568	.7155779	.1335653	0
1331.15	0	.1481599	.7178441	.1339961	0
1330.15	0	.1454738	.7201011	.1344251	0
1329.15	0	.1427986	.7223491	.1348524	0
1328.15	0	.1401342	.7245879	.1352779	0
1327.15	0	.1374808	.7268175	.1357016	0
1326.15	0	.1348384	.729038	.1361236	0
1325.15	0	.1322068	.7312494	.1365438	0
1324.15	0	.1295862	.7334515	.1369624	0
1323.15	0	.1269765	.7356444	.1373791	0
1322.15	0	.1243778	.737828	.1377942	0
1321.15	0	.1217901	.7400024	.1382075	0
1320.15	0	.1192134	.7421675	.1386191	0
1319.15	0	.1166477	.7443233	.139029	0
1318.15	0	.114093	.7464698	.1394373	0
1317.15	0	.1115493	.7486069	.1398438	0
1316.15	0	.1090167	.7507347	.1402486	0
1315.15	0	.1064952	.7528531	.1406517	0
1314.15	0	.1039848	.754962	.1410531	0
1313.15	0	.1014855	.7570616	.1414529	0
1312.15	0	.09899736	.7591516	.141851	0
1311.15	0	.09652033	.7612322	.1422474	0
1310.15	0	.09405448	.7633033	.1426422	0
1309.15	0	.09159982	.7653648	.1430354	0
1308.15	0	.08915636	.7674168	.1434268	0
1307.15	0	.08672414	.7694592	.1438166	0
1306.15	0	.08430317	.771492	.1442048	0
1305.15	0	.08189347	.7735151	.1445914	0
1304.15	0	.07949507	.7755286	.1449763	0
1303.15	0	.07710799	.7775324	.1453597	0
1302.15	0	.07473225	.7795264	.1457413	0
1301.15	0	.07236789	.7815107	.1461214	0
1300.15	0	.07001491	.7834852	.1464999	0
1299.15	0	.06767336	.7854499	.1468768	0
1298.15	0	.06534326	.7874047	.147252	0
1297.15	0	.06302462	.7893497	.1476257	0
1296.15	0	.06071748	.7912847	.1479978	0
1295.15	0	.05842187	.7932098	.1483683	0
1294.15	0	.05613782	.7951249	.1487372	0
1293.15	0	.05386535	.7970301	.1491046	0
1292.15	0	.0516045	.7989251	.1494704	0
1291.15	0	.04935529	.8008101	.1498346	0
1290.15	0	.04711775	.802685	.1501973	0
1289.15	0	.04489192	.8045497	.1505584	0
1288.15	0	.04267783	.8064042	.150918	0
1287.15	0	.04047551	.8082485	.151276	0
1286.15	0	.03828499	.8100826	.1516324	0
1285.15	0	.03610632	.8119063	.1519874	0
1284.15	0	.03393951	.8137197	.1523408	0
1283.15	0	.03178461	.8155227	.1526927	0
1282.15	0	.02964165	.8173153	.153043	0
1281.15	0	.02751068	.8190975	.1533919	0
1280.15	0	.02539171	.8208691	.1537392	0
1279.15	0	.02328481	.8226302	.154085	0
1278.15	0	.02118999	.8243807	.1544293	0
1277.15	0	.0191073	.8261206	.1547721	0
1276.15	0	.01703679	.8278498	.1551134	0
1275.15	0	.01497848	.8295683	.1554532	0
1274.15	0	.01293242	.831276	.1557916	0
1273.15	0	.01089866	.8329729	.1561284	0
1272.15	0	.008877231	.834659	.1564638	0
1271.15	0	.006868179	.8363342	.1567976	0
1270.15	0	.004871547	.8379984	.15713	0
1269.15	0	.002887379	.8396517	.157461	0
1268.15	0	9.157199E-04	.8412938	.1577905	0
1267.683	0	0	.8420563	.1579437	0
1267.683	0	0	.8420563	.1579437	0
1267.15	0	0	.8419231	.1580769	0
1266.15	0	0	.8416737	.1583264	0
1265.15	0	0	.8414248	.1585752	0
1264.15	0	0	.8411764	.1588236	0
1263.15	0	0	.8409286	.1590714	0
1262.15	0	0	.8406813	.1593187	0
1261.15	0	0	.8404346	.1595654	0
1260.15	0	0	.8401883	.1598117	0
1259.15	0	0	.8399426	.1600574	0
1258.15	0	0	.8396974	.1603026	0
1257.15	0	0	.8394528	.1605472	0
1256.15	0	0	.8392087	.1607913	0
1255.15	0	0	.8389651	.1610349	0
1254.15	0	0	.838722	.161278	0
1253.15	0	0	.8384794	.1615206	0
1252.15	0	0	.8382374	.1617626	0
1251.15	0	0	.8379959	.1620041	0
1250.15	0	0	.8377549	.1622451	0
1249.15	0	0	.8375144	.1624856	0
1248.15	0	0	.8372745	.1627255	0
1247.15	0	0	.8370351	.1629649	0
1246.15	0	0	.8367961	.1632039	0
1245.15	0	0	.8365578	.1634423	0
1244.15	0	0	.8363199	.1636801	0
1243.15	0	0	.8360825	.1639175	0
1242.15	0	0	.8358457	.1641544	0
1241.15	0	0	.8356093	.1643907	0
1240.15	0	0	.8353735	.1646265	0
1239.15	0	0	.8351382	.1648618	0
1238.15	0	0	.8349034	.1650966	0
1237.15	0	0	.8346691	.1653309	0
1236.15	0	0	.8344353	.1655647	0
1235.15	0	0	.834202	.165798	0
1234.15	0	0	.8339693	.1660307	0
1233.15	0	0	.833737	.166263	0
1232.15	0	0	.8335053	.1664947	0
1231.15	0	0	.833274	.166726	0
1230.15	0	0	.8330433	.1669567	0
1229.15	0	0	.8328131	.1671869	0
1228.15	0	0	.8325833	.1674167	0
1227.15	0	0	.8323541	.1676459	0
1226.15	0	0	.8321254	.1678746	0
1225.15	0	0	.8318972	.1681028	0
1224.15	0	0	.8316695	.1683305	0
1223.15	0	0	.8314422	.1685578	0
1222.15	0	0	.8312155	.1687845	0
1221.15	0	0	.8309893	.1690107	0
1220.15	0	0	.8307636	.1692364	0
1219.15	0	0	.8305384	.1694616	0
1218.15	0	0	.8303137	.1696864	0
1217.15	0	0	.8300894	.1699106	0
1216.15	0	0	.8298657	.1701343	0
1215.15	0	0	.8296425	.1703575	0
1214.15	0	0	.8294197	.1705803	0
1213.15	0	0	.8291975	.1708025	0
1212.15	0	0	.8289757	.1710243	0
1211.15	0	0	.8287545	.1712455	0
1210.15	0	0	.8285337	.1714663	0
1209.15	0	0	.8283134	.1716866	0
1208.15	0	0	.8280936	.1719064	0
1207.15	0	0	.8278743	.1721257	0
1206.15	0	0	.8276555	.1723445	0
1205.15	0	0	.8274372	.1725628	0
1204.15	0	0	.8272194	.1727806	0
1203.15	0	0	.827002	.172998	0
1202.15	0	0	.8267852	.1732148	0
1201.15	0	0	.8265688	.1734312	0
1200.15	0	0	.8263529	.1736471	0
1199.15	0	0	.8261375	.1738625	0
1198.15	0	0	.8259226	.1740774	0
1197.15	0	0	.8257081	.1742919	0
1196.15	0	0	.8254942	.1745058	0
1195.15	0	0	.8252807	.1747193	0
1194.15	0	0	.8250677	.1749323	0
1193.15	0	0	.8248552	.1751448	0
1192.15	0	0	.8246432	.1753568	0
1191.15	0	0	.8244316	.1755684	0
1190.15	0	0	.8242206	.1757794	0
1189.15	0	0	.82401	.17599	0
1188.15	0	0	.8237999	.1762001	0
1187.15	0	0	.8235902	.1764098	0
1186.15	0	0	.8233811	.1766189	0
1185.15	0	0	.8231724	.1768276	0
1184.15	0	0	.8229642	.1770358	0
1183.15	0	0	.8227564	.1772436	0
1182.15	0	0	.8225492	.1774509	0
1181.15	0	0	.8223424	.1776576	0
1180.15	0	0	.822136	.177864	0
1179.15	0	0	.8219302	.1780698	0
1178.15	0	0	.8217248	.1782752	0
1177.15	0	0	.8215199	.1784801	0
1176.15	0	0	.8213155	.1786845	0
1175.15	0	0	.8211115	.1788885	0
1174.15	0	0	.820908	.179092	0
1173.15	0	0	.820705	.179295	0
1172.15	0	0	.8205024	.1794976	0
1171.15	0	0	.8203003	.1796997	0
1170.15	0	0	.8200987	.1799013	0
1169.15	0	0	.8198976	.1801024	0
1168.15	0	0	.8196969	.1803031	0
1167.15	0	0	.8194966	.1805034	0
1166.15	0	0	.8192969	.1807031	0
1165.15	0	0	.8190976	.1809024	0
1164.15	0	0	.8188987	.1811013	0
1163.15	0	0	.8187004	.1812996	0
1162.15	0	0	.8185025	.1814976	0
1161.15	0	0	.818305	.181695	0
1160.15	0	0	.818108	.181892	0
1159.15	0	0	.8179115	.1820885	0
1158.15	0	0	.8177154	.1822846	0
1157.15	0	0	.8175198	.1824802	0
1156.15	0	0	.8173246	.1826754	0
1155.15	0	0	.8171299	.1828701	0
1154.15	0	0	.8169357	.1830643	0
1153.15	0	0	.8167419	.1832581	0
1152.15	0	0	.8165486	.1834514	0
1151.15	0	0	.8163557	.1836443	0
1150.15	0	0	.8161633	.1838367	0
1149.15	0	0	.8159714	.1840286	0
1148.15	0	0	.8157799	.1842201	0
1147.15	0	0	.8155888	.1844112	0
1146.15	0	0	.8153982	.1846018	0
1145.15	0	0	.8152081	.1847919	0
1144.15	0	0	.8150184	.1849816	0
1143.15	0	0	.8148292	.1851708	0
1142.15	0	0	.8146404	.1853596	0
1141.15	0	0	.814452	.185548	0
1140.15	0	0	.8142641	.1857359	0
1139.15	0	0	.8140767	.1859233	0
1138.15	0	0	.8138897	.1861103	0
1137.15	0	0	.8137032	.1862968	0
1136.15	0	0	.8135171	.1864829	0
1135.15	0	0	.8133314	.1866686	0
1134.15	0	0	.8131462	.1868538	0
1133.15	0	0	.8129615	.1870385	0
1132.15	0	0	.8127772	.1872228	0
1131.15	0	0	.8125933	.1874067	0
1130.15	0	0	.8124099	.1875901	0
1129.15	0	0	.8122269	.1877731	0
1128.15	0	0	.8120444	.1879556	0
1127.15	0	0	.8118623	.1881377	0
1126.15	0	0	.8116807	.1883193	0
1125.15	0	0	.8114995	.1885005	0
1124.15	0	0	.8113187	.1886813	0
1123.15	0	0	.8111384	.1888616	0
1122.15	0	0	.8109585	.1890415	0
1121.15	0	0	.8107791	.1892209	0
1120.15	0	0	.8106001	.1893999	0
1119.15	0	0	.8104215	.1895785	0
1118.15	0	0	.8102434	.1897566	0
1117.15	0	0	.8100657	.1899343	0
1116.15	0	0	.8098885	.1901115	0
1115.15	0	0	.8097117	.1902883	0
1114.15	0	0	.8095353	.1904647	0
1113.15	0	0	.8093594	.1906406	0
1112.15	0	0	.8091839	.1908161	0
1111.15	0	0	.8090088	.1909912	0
1110.15	0	0	.8088342	.1911658	0
1109.15	0	0	.80866	.19134	0
1108.15	0	0	.8084862	.1915138	0
1107.15	0	0	.8083129	.1916871	0
1106.15	0	0	.80814	.19186	0
1105.15	0	0	.8079675	.1920325	0
1104.15	0	0	.8077955	.1922045	0
1103.15	0	0	.8076239	.1923761	0
1102.15	0	0	.8074527	.1925473	0
1101.15	0	0	.807282	.192718	0
1100.15	0	0	.8071117	.1928883	0
1099.15	0	0	.8069418	.1930582	0
1098.15	0	0	.8067724	.1932276	0
1097.15	0	0	.8066034	.1933966	0
1096.15	0	0	.8064348	.1935652	0
1095.15	0	0	.8062666	.1937334	0
1094.15	0	0	.8060989	.1939011	0
1093.15	0	0	.8059316	.1940684	0
1092.15	0	0	.8057647	.1942353	0
1091.15	0	0	.8055982	.1944018	0
1090.15	0	0	.8054322	.1945678	0
1089.15	0	0	.8052666	.1947334	0
1088.15	0	0	.8051014	.1948986	0
1087.15	0	0	.8049366	.1950634	0
1086.15	0	0	.8047723	.1952277	0
1085.15	0	0	.8046084	.1953916	0
1084.15	0	0	.8044449	.1955551	0
1083.15	0	0	.8042818	.1957182	0
1082.15	0	0	.8041192	.1958808	0
1081.15	0	0	.803957	.196043	0
1080.15	0	0	.8037952	.1962048	0
1079.15	0	0	.8036338	.1963662	0
1078.15	0	0	.8034728	.1965272	0
1077.15	0	0	.8033123	.1966877	0
1076.15	0	0	.8031522	.1968479	0
1075.15	0	0	.8029925	.1970076	0
1074.15	0	0	.8028332	.1971668	0
1073.15	0	0	.8026743	.1973257	0
1072.15	0	0	.8025158	.1974842	0
1071.15	0	0	.8023578	.1976422	0
1070.15	0	0	.8022002	.1977998	0
1069.15	0	0	.802043	.197957	0
1068.15	0	0	.8018862	.1981138	0
1067.15	0	0	.8017298	.1982702	0
1066.15	0	0	.8015739	.1984261	0
1065.15	0	0	.8014183	.1985817	0
1064.15	0	0	.8012632	.1987368	0
1063.15	0	0	.8011085	.1988915	0
1062.15	0	0	.8009542	.1990458	0
1061.15	0	0	.8008003	.1991997	0
1060.15	0	0	.8006468	.1993532	0
1059.15	0	0	.8004937	.1995063	0
1058.15	0	0	.8003411	.1996589	0
1057.15	0	0	.8001888	.1998112	0
1056.15	0	0	.800037	.199963	0
1055.15	0	0	.7998856	.2001144	0
1054.15	0	0	.7997346	.2002654	0
1053.15	0	0	.799584	.200416	0
1052.15	0	0	.7994336	.2005664	0
1051.15	0	0	.7992838	.2007162	0
1050.15	0	0	.7991344	.2008656	0
1049.15	0	0	.7989854	.2010146	0
1048.15	0	0	.7988369	.2011631	0
1047.15	0	0	.7986887	.2013113	0
1046.66	0	0	.7986163	.2013837	0
1046.66	0	0	.7986163	.2013837	0
1046.66	0	0	.7986163	.2013837	0
1046.15	0	.001209995	.7973538	.2014362	0
1045.15	0	.003594177	.7948671	.2015387	0
1044.15	0	.005996622	.7923625	.2016409	0
1043.15	0	.008417138	.7898402	.2017427	0
1042.15	0	.01085553	.7873004	.2018441	0
1041.15	0	.01331159	.7847433	.2019452	0
1040.15	0	.01578512	.782169	.2020458	0
1039.15	0	.01827592	.7795779	.2021462	0
1038.15	0	.02078378	.7769701	.2022461	0
1037.15	0	.0233085	.7743458	.2023458	0
1036.15	0	.02584985	.7717051	.202445	0
1035.15	0	.02840763	.7690484	.202544	0
1034.15	0	.03098162	.7663758	.2026426	0
1033.15	0	.0335716	.7636875	.2027409	0
1032.15	0	.03617735	.7609838	.2028388	0
1031.15	0	.03879865	.7582649	.2029365	0
1030.15	0	.04143528	.7555309	.2030338	0
1029.15	0	.044087	.7527822	.2031309	0
1028.15	0	.04675359	.7500188	.2032276	0
1027.15	0	.04943483	.7472412	.203324	0
1026.15	0	.05213047	.7444494	.2034201	0
1025.15	0	.05484028	.7416438	.203516	0
1024.15	0	.05756403	.7388245	.2036115	0
1023.15	0	.06030149	.7359917	.2037068	0
1022.15	0	.0630524	.7331458	.2038018	0
1021.15	0	.06581654	.730287	.2038965	0
1020.15	0	.06859366	.7274154	.203991	0
1019.15	0	.07138352	.7245314	.2040851	0
1018.15	0	.07418587	.7216351	.204179	0
1017.15	0	.07700047	.7187268	.2042727	0
1016.15	0	.07982707	.7158068	.2043661	0
1015.15	0	.08266543	.7128754	.2044592	0
1014.15	0	.08551529	.7099326	.2045521	0
1013.15	0	.0883764	.7069789	.2046448	0
1012.15	0	.09124852	.7040144	.2047371	0
1011.15	0	.09413139	.7010393	.2048293	0
1010.15	0	.09702476	.6980541	.2049212	0
1009.15	0	.09992838	.6950588	.2050128	0
1008.15	0	.102842	.6920538	.2051042	0
1007.15	0	.1057653	.6890393	.2051954	0
1006.15	0	.1086982	.6860155	.2052863	0
1005.15	0	.1116402	.6829828	.205377	0
1004.15	0	.1145912	.6799413	.2054675	0
1003.15	0	.117551	.6768913	.2055577	0
1002.15	0	.1205192	.6738331	.2056477	0
1001.15	0	.1234955	.670767	.2057375	0
1000.15	0	.1264799	.6676931	.205827	0
999.15	0	.1294719	.6646118	.2059163	0
998.15	0	.1324713	.6615233	.2060054	0
997.15	0	.1354779	.6584279	.2060942	0
996.15	0	.1384914	.6553258	.2061828	0
995.15	0	.1415115	.6522173	.2062712	0
994.15	0	.144538	.6491026	.2063593	0
993.15	0	.1475707	.6459821	.2064472	0
992.15	0	.1506092	.6428559	.2065349	0
991.15	0	.1536534	.6397243	.2066223	0
990.15	0	.1567029	.6365877	.2067095	0
989.15	0	.1597575	.6334461	.2067964	0
988.15	0	.1628169	.6303	.2068831	0
987.15	0	.165881	.6271495	.2069695	0
986.15	0	.1689493	.623995	.2070557	0
985.15	0	.1720217	.6208366	.2071417	0
984.15	0	.175098	.6176747	.2072273	0
983.15	0	.178149	.6145354	.2073156	0
982.15	0	.1811831	.6114103	.2074065	0
981.15	0	.1842378	.6082656	.2074967	0
980.15	0	.1873114	.6051026	.207586	0
979.15	0	.1904026	.6019229	.2076745	0
978.15	0	.1935099	.5987279	.2077622	0
977.15	0	.196632	.5955189	.2078491	0
976.15	0	.1997674	.5922973	.2079353	0
975.15	0	.202915	.5890643	.2080207	0
974.15	0	.2060735	.5858212	.2081053	0
973.15	0	.2092417	.5825691	.2081892	0
972.15	0	.2124184	.5793093	.2082723	0
971.15	0	.2156026	.5760428	.2083546	0
970.15	0	.218793	.5727708	.2084362	0
969.15	0	.2219888	.5694942	.208517	0
968.15	0	.2251888	.5662141	.2085971	0
967.15	0	.2283922	.5629314	.2086764	0
966.15	0	.2315979	.5596471	.208755	0
965.15	0	.234805	.5563622	.2088328	0
964.15	0	.2380128	.5530773	.2089099	0
963.15	0	.2412203	.5497935	.2089862	0
962.15	0	.2444268	.5465115	.2090617	0
961.15	0	.2476314	.5432321	.2091365	0
960.15	0	.2508334	.5399561	.2092105	0
959.15	0	.2540321	.5366842	.2092837	0
958.15	0	.2572268	.533417	.2093562	0
957.15	0	.2604169	.5301553	.2094278	0
956.15	0	.2636016	.5268997	.2094987	0
955.15	0	.2667803	.5236509	.2095689	0
954.15	0	.2699525	.5204093	.2096382	0
953.15	0	.2731176	.5171757	.2097067	0
952.15	0	.276275	.5139506	.2097744	0
951.15	0	.2794242	.5107344	.2098414	0
950.15	0	.2825648	.5075278	.2099075	0
949.15	0	.2856961	.5043311	.2099728	0
948.15	0	.2888178	.5011449	.2100373	0
947.15	0	.2919294	.4979697	.2101009	0
946.15	0	.2950305	.4948058	.2101637	0
945.15	0	.2981206	.4916536	.2102257	0
944.15	0	.3011995	.4885137	.2102868	0
943.15	0	.3042666	.4853862	.2103471	0
942.15	0	.3073217	.4822717	.2104066	0
941.15	0	.3103644	.4791705	.2104651	0
940.15	0	.3133944	.4760828	.2105229	0
939.15	0	.3164113	.473009	.2105797	0
938.15	0	.3194149	.4699495	.2106356	0
937.15	0	.3224049	.4669044	.2106907	0
936.15	0	.325381	.4638741	.2107449	0
935.15	0	.328343	.4608588	.2107982	0
934.15	0	.3312906	.4578588	.2108506	0
933.15	0	.3342236	.4548744	.210902	0
932.15	0	.3371418	.4519056	.2109526	0
931.15	0	.3400449	.4489529	.2110022	0
930.15	0	.3429328	.4460163	.2110509	0
929.15	0	.3458053	.443096	.2110987	0
928.15	0	.3486622	.4401923	.2111455	0
927.15	0	.3515033	.4373053	.2111914	0
926.15	0	.3543285	.4344352	.2112363	0
925.15	0	.3571376	.4315821	.2112803	0
924.15	0	.3599305	.4287462	.2113234	0
923.15	0	.362707	.4259276	.2113654	0
922.15	0	.3654671	.4231264	.2114065	0
921.15	0	.3682106	.4203428	.2114466	0
920.15	0	.3709374	.4175769	.2114857	0
919.15	0	.3736474	.4148288	.2115238	0
918.15	0	.3763405	.4120985	.211561	0
917.15	0	.3790167	.4093863	.2115971	0
916.15	0	.3816757	.4066921	.2116322	0
915.15	0	.3843177	.404016	.2116663	0
914.15	0	.3869424	.4013582	.2116994	0
913.15	0	.3895498	.3987187	.2117315	0
912.15	0	.3921399	.3960976	.2117626	0
911.15	0	.3947125	.3934949	.2117926	0
910.15	0	.3972678	.3909106	.2118216	0
909.15	0	.3998055	.388345	.2118495	0
908.15	0	.4023257	.3857979	.2118765	0
907.15	0	.4048283	.3832694	.2119024	0
906.15	0	.4073132	.3807596	.2119272	0
905.15	0	.4097805	.3782685	.211951	0
904.15	0	.4122301	.3757962	.2119737	0
903.15	0	.414662	.3733426	.2119954	0
902.15	0	.4170762	.3709079	.212016	0
901.15	0	.4194726	.3684919	.2120355	0
900.15	0	.4218512	.3660948	.212054	0
899.15	0	.424212	.3637166	.2120714	0
898.15	0	.4265549	.3613573	.2120878	0
897.15	0	.4288801	.3590168	.2121031	0
896.15	0	.4311874	.3566953	.2121173	0
895.15	0	.4334769	.3543927	.2121304	0
894.15	0	.4357485	.352109	.2121425	0
893.15	0	.4380022	.3498443	.2121535	0
892.15	0	.440238	.3475985	.2121634	0
891.15	0	.442456	.3453717	.2121723	0
890.15	0	.4446561	.3431638	.2121801	0
889.15	0	.4468383	.3409749	.2121868	0
888.15	0	.4490026	.3388049	.2121925	0
887.15	0	.4511491	.3366539	.2121971	0
886.15	0	.4532776	.3345218	.2122006	0
885.15	0	.4553883	.3324087	.212203	0
884.15	0	.4574811	.3303145	.2122044	0
883.15	0	.459556	.3282392	.2122048	0
882.15	0	.4616131	.3261829	.2122041	0
881.15	0	.4636523	.3241454	.2122023	0
880.15	0	.4656736	.3221269	.2121995	0
879.15	0	.4676771	.3201273	.2121957	0
878.15	0	.4696627	.3181465	.2121908	0
877.15	0	.4716305	.3161846	.2121849	0
876.15	0	.4735805	.3142415	.2121779	0
875.15	0	.4755127	.3123173	.21217	0
874.15	0	.4774271	.3104119	.212161	0
873.15	0	.4793236	.3085253	.2121511	0
872.15	0	.4812024	.3066575	.2121401	0
871.15	0	.4830635	.3048084	.2121282	0
870.15	0	.4849068	.302978	.2121153	0
869.15	0	.4867323	.3011663	.2121014	0
868.15	0	.4885402	.2993733	.2120865	0
867.15	0	.4903304	.2975989	.2120707	0
866.15	0	.4921029	.2958431	.212054	0
865.15	0	.4938578	.2941059	.2120363	0
864.15	0	.4955951	.2923872	.2120177	0
863.15	0	.4973148	.290687	.2119982	0
862.15	0	.499017	.2890052	.2119778	0
861.15	0	.5007017	.2873419	.2119565	0
860.15	0	.5023689	.2856968	.2119343	0
859.15	0	.5040186	.2840701	.2119113	0
858.15	0	.505651	.2824617	.2118874	0
857.15	0	.507266	.2808714	.2118627	0
856.15	0	.5088637	.2792992	.2118371	0
855.15	0	.5104441	.2777451	.2118107	0
854.15	0	.5120074	.276209	.2117836	0
853.15	0	.5135535	.2746909	.2117556	0
852.15	0	.5150825	.2731905	.2117269	0
851.7005	0	.5157642	.272522	.2117138	0
851.7005	0	.5157642	.272522	.2117138	0
851.7005	0	.5157642	.272522	.2117138	0
851.15	0	.5234527	.2634709	.2097907	.003285737
850.15	0	.536914	.247584	.2063888	.009113191
849.15	0	.5497588	.2323746	.203099	.01476758
848.15	0	.5620237	.2178027	.1999155	.02025812
847.15	0	.5737424	.2038317	.1968326	.02559333
846.15	0	.5849462	.1904275	.1938452	.03078108
845.15	0	.5956638	.1775588	.1909487	.03582866
844.15	0	.6059218	.1651967	.1881386	.04074284
843.15	0	.6157451	.1533142	.1854109	.04552988
842.15	0	.6251565	.1418862	.1827617	.05019564
841.15	0	.6341774	.1308895	.1801875	.05474557
840.15	0	.6428278	.1203026	.177685	.05918474
839.15	0	.6511261	.110105	.175251	.0635179
838.15	0	.6590897	.100278	.1728828	.06774949
837.15	0	.6667348	.090804	.1705776	.07188368
836.15	0	.6740765	.08166637	.1683328	.07592437
835.15	0	.6811291	.07284967	.166146	.07987522
834.15	0	.687906	.06433936	.164015	.08373969
833.15	0	.6944195	.05612181	.1619377	.08752101
832.15	0	.7006816	.04818416	.159912	.09122224
831.15	0	.7067033	.04051435	.157936	.09484627
830.15	0	.7124951	.03310099	.1560081	.09839583
829.15	0	.7180668	.02593334	.1541264	.1018735
828.15	0	.7234278	.01900126	.1522893	.1052816
827.15	0	.7285867	.01229517	.1504955	.1086227
826.15	0	.733552	.005806023	.1487433	.1118987
825.2267	0	.7379711	0	.1471614	.1148674
825.2267	0	.7379711	0	.1471614	.1148674
825.15	0	.73796	0	.1471446	.1148954
824.15	0	.7378156	0	.1469251	.1152593
823.15	0	.7376721	0	.1467063	.1156216
822.15	0	.7375293	0	.1464883	.1159824
821.15	0	.7373874	0	.146271	.1163416
820.15	0	.7372463	0	.1460544	.1166994
819.15	0	.7371059	0	.1458385	.1170556
818.15	0	.7369664	0	.1456234	.1174102
817.15	0	.7368276	0	.145409	.1177634
816.15	0	.7366896	0	.1451953	.1181151
815.15	0	.7365524	0	.1449823	.1184653
814.15	0	.7364159	0	.1447701	.118814
813.15	0	.7362803	0	.1445585	.1191612
812.15	0	.7361453	0	.1443477	.119507
811.15	0	.7360111	0	.1441376	.1198513
810.15	0	.7358776	0	.1439282	.1201942
809.15	0	.7357449	0	.1437195	.1205356
808.15	0	.7356129	0	.1435116	.1208755
807.15	0	.7354816	0	.1433043	.1212141
806.15	0	.7353511	0	.1430978	.1215512
805.15	0	.7352212	0	.1428919	.1218869
804.15	0	.735092	0	.1426868	.1222211
803.15	0	.7349636	0	.1424824	.122554
802.15	0	.7348358	0	.1422787	.1228854
801.15	0	.7347088	0	.1420757	.1232155
800.15	0	.7345824	0	.1418734	.1235442
799.15	0	.7344567	0	.1416719	.1238714
798.15	0	.7343317	0	.141471	.1241974
797.15	0	.7342073	0	.1412708	.1245219
796.15	0	.7340836	0	.1410714	.124845
795.15	0	.7339606	0	.1408726	.1251669
794.15	0	.7338382	0	.1406745	.1254873
793.15	0	.7337164	0	.1404772	.1258064
792.15	0	.7335953	0	.1402805	.1261242
791.15	0	.7334749	0	.1400845	.1264406
790.15	0	.7333551	0	.1398893	.1267556
789.15	0	.7332359	0	.1396947	.1270694
788.15	0	.7331174	0	.1395008	.1273818
787.15	0	.7329994	0	.1393077	.1276929
786.15	0	.7328821	0	.1391152	.1280027
785.15	0	.7327654	0	.1389234	.1283112
784.15	0	.7326493	0	.1387323	.1286184
783.15	0	.7325339	0	.1385419	.1289243
782.15	0	.732419	0	.1383522	.1292289
781.15	0	.7323047	0	.1381631	.1295322
780.15	0	.732191	0	.1379748	.1298342
779.15	0	.7320779	0	.1377871	.1301349
778.15	0	.7319654	0	.1376002	.1304344
777.15	0	.7318535	0	.1374139	.1307326
776.15	0	.7317422	0	.1372283	.1310295
775.15	0	.7316314	0	.1370434	.1313252
774.15	0	.7315212	0	.1368592	.1316196
773.15	0	.7314116	0	.1366757	.1319127
772.15	0	.7313026	0	.1364928	.1322046
771.15	0	.7311941	0	.1363106	.1324953
770.15	0	.7310861	0	.1361291	.1327847
769.15	0	.7309788	0	.1359483	.1330729
768.15	0	.730872	0	.1357682	.1333598
767.15	0	.7307657	0	.1355887	.1336456
766.15	0	.73066	0	.13541	.1339301
765.15	0	.7305548	0	.1352319	.1342134
764.15	0	.7304502	0	.1350544	.1344954
763.15	0	.7303461	0	.1348777	.1347763
762.15	0	.7302425	0	.1347016	.1350559
761.15	0	.7301395	0	.1345262	.1353344
760.15	0	.730037	0	.1343515	.1356116
759.15	0	.729935	0	.1341774	.1358876
758.15	0	.7298335	0	.134004	.1361625
757.15	0	.7297326	0	.1338313	.1364362
756.15	0	.7296322	0	.1336592	.1367086
755.15	0	.7295323	0	.1334878	.1369799
754.15	0	.7294329	0	.1333171	.1372501
753.15	0	.729334	0	.133147	.137519
752.15	0	.7292356	0	.1329776	.1377868
751.15	0	.7291377	0	.1328089	.1380534
750.15	0	.7290404	0	.1326408	.1383188
749.15	0	.7289435	0	.1324734	.1385831
748.15	0	.7288471	0	.1323067	.1388462
747.15	0	.7287512	0	.1321406	.1391082
746.15	0	.7286558	0	.1319752	.139369
745.15	0	.7285609	0	.1318104	.1396287
744.15	0	.7284665	0	.1316463	.1398872
743.15	0	.7283725	0	.1314829	.1401446
742.15	0	.7282791	0	.1313201	.1404008
741.15	0	.7281861	0	.1311579	.140656
740.15	0	.7280936	0	.1309965	.14091
739.15	0	.7280016	0	.1308356	.1411628
738.15	0	.72791	0	.1306754	.1414145
737.15	0	.7278189	0	.1305159	.1416652
736.15	0	.7277283	0	.1303571	.1419147
735.15	0	.7276381	0	.1301988	.142163
734.15	0	.7275484	0	.1300412	.1424103
733.15	0	.7274592	0	.1298843	.1426565
732.15	0	.7273704	0	.1297281	.1429015
731.15	0	.7272821	0	.1295724	.1431455
730.15	0	.7271943	0	.1294174	.1433883
729.15	0	.7271069	0	.1292631	.1436301
728.15	0	.7270199	0	.1291094	.1438707
727.15	0	.7269334	0	.1289563	.1441103
726.15	0	.7268473	0	.1288039	.1443488
725.15	0	.7267617	0	.1286521	.1445862
724.15	0	.7266765	0	.128501	.1448225
723.15	0	.7265918	0	.1283505	.1450577
722.15	0	.7265075	0	.1282007	.1452919
721.15	0	.7264236	0	.1280515	.1455249
720.15	0	.7263402	0	.1279029	.1457569
719.15	0	.7262572	0	.1277549	.1459879
718.15	0	.7261746	0	.1276076	.1462178
717.15	0	.7260925	0	.1274609	.1464466
716.15	0	.7260108	0	.1273149	.1466743
715.15	0	.7259295	0	.1271695	.146901
714.15	0	.7258487	0	.1270247	.1471266
713.15	0	.7257682	0	.1268806	.1473512
712.15	0	.7256882	0	.126737	.1475748
711.15	0	.7256086	0	.1265941	.1477972
710.15	0	.7255294	0	.1264519	.1480187
709.15	0	.7254507	0	.1263102	.1482391
708.15	0	.7253723	0	.1261692	.1484584
707.15	0	.7252944	0	.1260288	.1486768
706.15	0	.7252169	0	.1258891	.1488941
705.15	0	.7251397	0	.1257499	.1491103
704.15	0	.725063	0	.1256114	.1493256
703.15	0	.7249867	0	.1254735	.1495398
702.15	0	.7249108	0	.1253363	.1497529
701.15	0	.7248353	0	.1251996	.1499651
700.15	0	.7247602	0	.1250636	.1501762
699.15	0	.7246855	0	.1249281	.1503864
698.15	0	.7246112	0	.1247933	.1505955
697.15	0	.7245373	0	.1246591	.1508036
696.15	0	.7244638	0	.1245256	.1510107
695.15	0	.7243907	0	.1243926	.1512168
694.15	0	.7243179	0	.1242603	.1514218
693.15	0	.7242456	0	.1241285	.1516259
692.15	0	.7241736	0	.1239974	.151829
691.15	0	.7241021	0	.1238669	.1520311
690.15	0	.7240309	0	.123737	.1522322
689.15	0	.7239601	0	.1236077	.1524323
688.15	0	.7238897	0	.123479	.1526314
687.15	0	.7238196	0	.1233509	.1528295
686.15	0	.72375	0	.1232234	.1530266
685.15	0	.7236807	0	.1230965	.1532228
684.15	0	.7236118	0	.1229702	.153418
683.15	0	.7235433	0	.1228445	.1536122
682.15	0	.7234751	0	.1227195	.1538054
681.15	0	.7234074	0	.122595	.1539977
680.15	0	.72334	0	.1224711	.1541889
679.15	0	.7232729	0	.1223478	.1543793
678.15	0	.7232063	0	.1222251	.1545686
677.15	0	.72314	0	.122103	.154757
676.15	0	.723074	0	.1219815	.1549444
675.15	0	.7230085	0	.1218606	.1551309
674.15	0	.7229432	0	.1217403	.1553164
673.15	0	.7228784	0	.1216206	.155501
672.15	0	.7228139	0	.1215015	.1556846
671.15	0	.7227498	0	.1213829	.1558673
670.15	0	.722686	0	.121265	.156049
669.15	0	.7226226	0	.1211476	.1562298
668.15	0	.7225596	0	.1210308	.1564096
667.15	0	.7224969	0	.1209146	.1565885
666.15	0	.7224345	0	.120799	.1567665
665.15	0	.7223725	0	.120684	.1569435
664.15	0	.7223109	0	.1205695	.1571196
663.15	0	.7222496	0	.1204557	.1572948
662.15	0	.7221886	0	.1203424	.157469
661.15	0	.722128	0	.1202297	.1576423
660.15	0	.7220678	0	.1201175	.1578147
659.15	0	.7220078	0	.120006	.1579862
658.15	0	.7219483	0	.119895	.1581568
657.15	0	.721889	0	.1197846	.1583264
656.15	0	.7218302	0	.1196747	.1584951
655.15	0	.7217716	0	.1195655	.1586629
654.15	0	.7217134	0	.1194568	.1588299
653.15	0	.7216555	0	.1193486	.1589959
652.15	0	.721598	0	.1192411	.159161
651.15	0	.7215408	0	.1191341	.1593252
650.15	0	.7214839	0	.1190276	.1594885
649.15	0	.7214274	0	.1189218	.1596509
648.15	0	.7213711	0	.1188165	.1598124
647.15	0	.7213153	0	.1187117	.159973
646.15	0	.7212597	0	.1186076	.1601327
645.15	0	.7212045	0	.1185039	.1602916
644.15	0	.7211496	0	.1184009	.1604495
643.15	0	.721095	0	.1182984	.1606066
642.15	0	.7210408	0	.1181964	.1607628
641.15	0	.7209869	0	.118095	.1609181
640.15	0	.7209333	0	.1179942	.1610726
639.15	0	.72088	0	.1178939	.1612262
638.15	0	.720827	0	.1177941	.1613789
637.15	0	.7207744	0	.1176949	.1615307
636.15	0	.720722	0	.1175963	.1616817
635.15	0	.72067	0	.1174982	.1618318
634.15	0	.7206183	0	.1174006	.161981
633.15	0	.7205669	0	.1173036	.1621294
632.15	0	.7205159	0	.1172072	.162277
631.15	0	.7204651	0	.1171113	.1624236
630.15	0	.7204147	0	.1170159	.1625695
629.15	0	.7203645	0	.116921	.1627145
628.15	0	.7203147	0	.1168267	.1628586
627.15	0	.7202652	0	.116733	.1630019
626.15	0	.7202159	0	.1166397	.1631444
625.15	0	.720167	0	.116547	.163286
624.15	0	.7201184	0	.1164548	.1634268
623.15	0	.7200701	0	.1163632	.1635667
622.15	0	.7200221	0	.1162721	.1637058
621.15	0	.7199744	0	.1161815	.1638441
620.15	0	.719927	0	.1160915	.1639816
619.15	0	.7198798	0	.116002	.1641182
618.15	0	.719833	0	.115913	.164254
617.15	0	.7197865	0	.1158245	.164389
616.15	0	.7197403	0	.1157365	.1645232
615.15	0	.7196944	0	.1156491	.1646566
614.15	0	.7196487	0	.1155622	.1647891
613.15	0	.7196034	0	.1154758	.1649209
612.15	0	.7195583	0	.1153899	.1650518
611.15	0	.7195135	0	.1153045	.165182
610.15	0	.7194691	0	.1152196	.1653113
609.15	0	.7194249	0	.1151353	.1654399
608.15	0	.719381	0	.1150514	.1655676
607.15	0	.7193373	0	.1149681	.1656945
606.15	0	.719294	0	.1148853	.1658207
605.15	0	.719251	0	.114803	.1659461
604.15	0	.7192082	0	.1147211	.1660707
603.15	0	.7191657	0	.1146398	.1661945
602.15	0	.7191235	0	.114559	.1663175
601.15	0	.7190815	0	.1144787	.1664398
600.15	0	.7190399	0	.1143989	.1665612
599.15	0	.7189985	0	.1143196	.1666819
598.15	0	.7189574	0	.1142408	.1668019
597.15	0	.7189166	0	.1141624	.166921
596.15	0	.718876	0	.1140846	.1670394
595.15	0	.7188357	0	.1140072	.1671571
594.15	0	.7187957	0	.1139304	.1672739
593.15	0	.718756	0	.113854	.1673901
592.15	0	.7187165	0	.1137781	.1675054
591.15	0	.7186773	0	.1137027	.16762
590.15	0	.7186383	0	.1136278	.1677339
589.15	0	.7185996	0	.1135533	.167847
588.15	0	.7185612	0	.1134794	.1679594
587.15	0	.7185231	0	.1134059	.168071
586.15	0	.7184852	0	.1133329	.1681819
585.15	0	.7184476	0	.1132604	.1682921
584.15	0	.7184102	0	.1131883	.1684015
583.15	0	.7183731	0	.1131167	.1685102
582.15	0	.7183362	0	.1130456	.1686182
581.15	0	.7182996	0	.1129749	.1687254
580.15	0	.7182633	0	.1129047	.168832
579.15	0	.7182272	0	.112835	.1689378
578.15	0	.7181914	0	.1127657	.1690429
577.15	0	.7181558	0	.1126969	.1691473
576.15	0	.7181205	0	.1126286	.1692509
575.15	0	.7180854	0	.1125607	.1693539
574.15	0	.7180506	0	.1124933	.1694561
573.15	0	.718016	0	.1124263	.1695577
572.15	0	.7179817	0	.1123598	.1696585
571.15	0	.7179476	0	.1122937	.1697587
570.15	0	.7179138	0	.1122281	.1698581
569.15	0	.7178802	0	.1121629	.1699569
568.15	0	.7178468	0	.1120982	.170055
567.15	0	.7178137	0	.1120339	.1701524
566.15	0	.7177808	0	.1119701	.1702491
565.15	0	.7177482	0	.1119067	.1703451
564.15	0	.7177158	0	.1118437	.1704405
563.15	0	.7176837	0	.1117812	.1705352
562.15	0	.7176517	0	.1117191	.1706292
561.15	0	.7176201	0	.1116574	.1707225
560.15	0	.7175886	0	.1115962	.1708152
559.15	0	.7175574	0	.1115354	.1709072
558.15	0	.7175264	0	.111475	.1709986
557.15	0	.7174957	0	.1114151	.1710893
556.15	0	.7174651	0	.1113556	.1711793
555.15	0	.7174348	0	.1112965	.1712687
554.15	0	.7174048	0	.1112378	.1713574
553.15	0	.7173749	0	.1111795	.1714455
552.15	0	.7173453	0	.1111217	.171533
551.15	0	.7173159	0	.1110643	.1716198
550.15	0	.7172868	0	.1110072	.171706
549.15	0	.7172578	0	.1109506	.1717915
548.15	0	.7172291	0	.1108944	.1718765
547.15	0	.7172006	0	.1108386	.1719607
546.15	0	.7171723	0	.1107833	.1720444
545.15	0	.7171443	0	.1107283	.1721274
544.15	0	.7171164	0	.1106737	.1722099
543.15	0	.7170888	0	.1106195	.1722917
542.15	0	.7170614	0	.1105658	.1723729
541.15	0	.7170342	0	.1105124	.1724535
540.15	0	.7170072	0	.1104594	.1725334
539.15	0	.7169804	0	.1104068	.1726128
538.15	0	.7169538	0	.1103546	.1726916
537.15	0	.7169275	0	.1103028	.1727697
536.15	0	.7169013	0	.1102513	.1728473
535.15	0	.7168754	0	.1102003	.1729243
534.15	0	.7168497	0	.1101496	.1730007
533.15	0	.7168241	0	.1100994	.1730765
532.15	0	.7167988	0	.1100495	.1731518
531.15	0	.7167737	0	.1099999	.1732264
530.15	0	.7167487	0	.1099508	.1733005
529.15	0	.716724	0	.109902	.173374
528.15	0	.7166995	0	.1098536	.1734469
527.15	0	.7166752	0	.1098056	.1735193
526.15	0	.716651	0	.1097579	.1735911
525.15	0	.7166271	0	.1097106	.1736623
524.15	0	.7166034	0	.1096637	.173733
523.15	0	.7165798	0	.1096171	.1738031
522.15	0	.7165565	0	.1095708	.1738727
521.15	0	.7165333	0	.109525	.1739417
520.15	0	.7165104	0	.1094795	.1740102
519.15	0	.7164876	0	.1094343	.1740781
518.15	0	.716465	0	.1093895	.1741455
517.15	0	.7164426	0	.1093451	.1742124
516.15	0	.7164204	0	.1093009	.1742787
515.15	0	.7163984	0	.1092572	.1743445
514.15	0	.7163765	0	.1092137	.1744097
513.15	0	.7163549	0	.1091707	.1744745
512.15	0	.7163334	0	.1091279	.1745387
511.15	0	.7163121	0	.1090855	.1746024
510.15	0	.716291	0	.1090435	.1746656
509.15	0	.71627	0	.1090017	.1747282
508.15	0	.7162493	0	.1089603	.1747904
507.15	0	.7162287	0	.1089192	.1748521
506.15	0	.7162083	0	.1088785	.1749132
505.15	0	.716188	0	.1088381	.1749739
504.15	0	.716168	0	.108798	.175034
503.15	0	.7161481	0	.1087582	.1750937
502.15	0	.7161284	0	.1087187	.1751529
501.15	0	.7161089	0	.1086796	.1752116
500.15	0	.7160895	0	.1086408	.1752698
499.15	0	.7160703	0	.1086022	.1753275
498.15	0	.7160512	0	.108564	.1753848
497.15	0	.7160323	0	.1085261	.1754415
496.15	0	.7160136	0	.1084885	.1754978
495.15	0	.7159951	0	.1084512	.1755537
494.15	0	.7159767	0	.1084143	.175609
493.15	0	.7159585	0	.1083776	.1756639
492.15	0	.7159404	0	.1083412	.1757184
491.15	0	.7159225	0	.1083051	.1757724
490.15	0	.7159048	0	.1082693	.1758259
489.15	0	.7158872	0	.1082338	.175879
488.15	0	.7158698	0	.1081986	.1759317
487.15	0	.7158525	0	.1081637	.1759839
486.15	0	.7158354	0	.108129	.1760356
485.15	0	.7158184	0	.1080947	.176087
484.15	0	.7158016	0	.1080606	.1761378
483.15	0	.7157849	0	.1080268	.1761883
482.15	0	.7157684	0	.1079933	.1762383
481.15	0	.715752	0	.10796	.1762879
480.15	0	.7157358	0	.1079271	.1763371
479.15	0	.7157197	0	.1078944	.1763859
478.15	0	.7157038	0	.1078619	.1764343
477.15	0	.715688	0	.1078298	.1764822
476.15	0	.7156724	0	.1077979	.1765297
475.15	0	.7156569	0	.1077662	.1765769
474.15	0	.7156415	0	.1077349	.1766236
473.15	0	.7156263	0	.1077037	.1766699
472.15	0	.7156113	0	.1076729	.1767159
471.15	0	.7155963	0	.1076423	.1767614
470.15	0	.7155815	0	.1076119	.1768066
469.15	0	.7155669	0	.1075818	.1768513
468.15	0	.7155523	0	.107552	.1768957
467.15	0	.7155379	0	.1075224	.1769397
466.15	0	.7155237	0	.107493	.1769833
465.15	0	.7155095	0	.1074639	.1770266
464.15	0	.7154955	0	.107435	.1770694
463.15	0	.7154817	0	.1074064	.1771119
462.15	0	.7154679	0	.107378	.1771541
461.15	0	.7154543	0	.1073498	.1771959
460.15	0	.7154408	0	.1073219	.1772373
459.15	0	.7154274	0	.1072942	.1772783
458.15	0	.7154142	0	.1072667	.1773191
457.15	0	.7154011	0	.1072395	.1773594
456.15	0	.7153881	0	.1072125	.1773994
455.15	0	.7153752	0	.1071857	.1774391
454.15	0	.7153625	0	.1071591	.1774784
453.15	0	.7153499	0	.1071327	.1775174
452.15	0	.7153373	0	.1071066	.1775561
451.15	0	.715325	0	.1070807	.1775944
450.15	0	.7153127	0	.107055	.1776324
449.15	0	.7153005	0	.1070294	.1776701
448.15	0	.7152885	0	.1070042	.1777074
447.15	0	.7152765	0	.1069791	.1777444
446.15	0	.7152647	0	.1069542	.1777811
445.15	0	.715253	0	.1069295	.1778175
444.15	0	.7152414	0	.106905	.1778536
443.15	0	.7152299	0	.1068808	.1778893
442.15	0	.7152185	0	.1068567	.1779248
441.15	0	.7152073	0	.1068328	.1779599
440.15	0	.7151961	0	.1068091	.1779948
439.15	0	.7151851	0	.1067857	.1780293
438.15	0	.7151741	0	.1067624	.1780635
437.15	0	.7151633	0	.1067393	.1780975
436.15	0	.7151525	0	.1067164	.1781311
435.15	0	.7151419	0	.1066936	.1781645
434.15	0	.7151313	0	.1066711	.1781976
433.15	0	.7151209	0	.1066487	.1782304
432.15	0	.7151106	0	.1066266	.1782629
431.15	0	.7151003	0	.1066046	.1782951
430.15	0	.7150902	0	.1065827	.1783271
429.15	0	.7150802	0	.1065611	.1783587
428.15	0	.7150702	0	.1065396	.1783902
427.15	0	.7150604	0	.1065183	.1784213
426.15	0	.7150506	0	.1064972	.1784522
425.15	0	.715041	0	.1064763	.1784828
424.15	0	.7150314	0	.1064555	.1785131
423.15	0	.7150219	0	.1064348	.1785432
422.15	0	.7150125	0	.1064144	.1785731
421.15	0	.7150032	0	.1063941	.1786027
420.15	0	.714994	0	.1063739	.178632
419.15	0	.7149849	0	.106354	.1786611
418.15	0	.7149759	0	.1063341	.17869
417.15	0	.7149669	0	.1063145	.1787186
416.15	0	.7149581	0	.1062949	.178747
415.15	0	.7149493	0	.1062755	.1787752
414.15	0	.7149406	0	.1062563	.1788031
413.15	0	.714932	0	.1062372	.1788308
412.15	0	.7149234	0	.1062183	.1788583
411.15	0	.714915	0	.1061995	.1788855
410.15	0	.7149066	0	.1061808	.1789126
409.15	0	.7148983	0	.1061623	.1789394
408.15	0	.7148901	0	.1061439	.178966
407.15	0	.714882	0	.1061257	.1789924
406.15	0	.7148739	0	.1061076	.1790185
