T	 BPW(LIQUID)	BPW(BCC_A2)	BPW(FCC_A1)	BPW(LAVES_PHASE_C14)	BPW(NI3TI)
1473.15	0	1	0	0	0
1472.15	0	1	0	0	0
1471.15	0	1	0	0	0
1470.15	0	1	0	0	0
1469.15	0	1	0	0	0
1468.15	0	1	0	0	0
1467.15	0	1	0	0	0
1466.15	0	1	0	0	0
1465.15	0	1	0	0	0
1464.15	0	1	0	0	0
1463.15	0	1	0	0	0
1462.15	0	1	0	0	0
1461.15	0	1	0	0	0
1460.15	0	1	0	0	0
1459.15	0	1	0	0	0
1458.15	0	1	0	0	0
1457.15	0	1	0	0	0
1456.15	0	1	0	0	0
1455.15	0	1	0	0	0
1454.15	0	1	0	0	0
1453.15	0	1	0	0	0
1452.15	0	1	0	0	0
1451.15	0	1	0	0	0
1450.15	0	1	0	0	0
1449.15	0	1	0	0	0
1448.15	0	1	0	0	0
1447.15	0	1	0	0	0
1446.15	0	1	0	0	0
1445.15	0	1	0	0	0
1444.15	0	1	0	0	0
1443.15	0	1	0	0	0
1442.15	0	1	0	0	0
1441.15	0	1	0	0	0
1440.15	0	1	0	0	0
1439.15	0	1	0	0	0
1438.15	0	1	0	0	0
1437.15	0	1	0	0	0
1436.15	0	1	0	0	0
1435.15	0	1	0	0	0
1434.15	0	1	0	0	0
1433.15	0	1	0	0	0
1432.15	0	1	0	0	0
1431.15	0	1	0	0	0
1430.15	0	1	0	0	0
1429.15	0	1	0	0	0
1428.15	0	1	0	0	0
1427.15	0	1	0	0	0
1426.15	0	1	0	0	0
1425.15	0	1	0	0	0
1424.15	0	1	0	0	0
1423.15	0	1	0	0	0
1422.15	0	1	0	0	0
1421.15	0	1	0	0	0
1420.15	0	1	0	0	0
1419.15	0	1	0	0	0
1418.15	0	1	0	0	0
1417.15	0	1	0	0	0
1416.15	0	1	0	0	0
1415.15	0	1	0	0	0
1414.15	0	1	0	0	0
1413.15	0	1	0	0	0
1412.15	0	1	0	0	0
1411.15	0	1	0	0	0
1410.15	0	1	0	0	0
1409.15	0	1	0	0	0
1408.15	0	1	0	0	0
1407.15	0	1	0	0	0
1406.15	0	1	0	0	0
1405.15	0	1	0	0	0
1404.15	0	1	0	0	0
1403.15	0	1	0	0	0
1402.15	0	1	0	0	0
1401.15	0	1	0	0	0
1400.15	0	1	0	0	0
1399.15	0	1	0	0	0
1398.15	0	1	0	0	0
1397.15	0	1	0	0	0
1396.15	0	1	0	0	0
1395.15	0	1	0	0	0
1394.15	0	1	0	0	0
1393.15	0	1	0	0	0
1392.15	0	1	0	0	0
1391.15	0	1	0	0	0
1390.15	0	1	0	0	0
1389.15	0	1	0	0	0
1388.15	0	1	0	0	0
1387.15	0	1	0	0	0
1386.15	0	1	0	0	0
1385.15	0	1	0	0	0
1384.15	0	1	0	0	0
1383.15	0	1	0	0	0
1382.15	0	1	0	0	0
1381.15	0	1	0	0	0
1380.15	0	1	0	0	0
1379.15	0	1	0	0	0
1378.15	0	1	0	0	0
1377.15	0	1	0	0	0
1376.15	0	1	0	0	0
1375.15	0	1	0	0	0
1374.15	0	1	0	0	0
1373.15	0	1	0	0	0
1372.15	0	1	0	0	0
1371.15	0	1	0	0	0
1370.15	0	1	0	0	0
1369.15	0	1	0	0	0
1368.15	0	1	0	0	0
1367.15	0	1	0	0	0
1366.15	0	1	0	0	0
1365.15	0	1	0	0	0
1364.15	0	1	0	0	0
1363.15	0	1	0	0	0
1362.15	0	1	0	0	0
1361.15	0	1	0	0	0
1360.15	0	1	0	0	0
1359.15	0	1	0	0	0
1358.15	0	1	0	0	0
1357.15	0	1	0	0	0
1356.15	0	1	0	0	0
1355.15	0	1	0	0	0
1354.15	0	1	0	0	0
1353.15	0	1	0	0	0
1352.15	0	1	0	0	0
1351.15	0	1	0	0	0
1350.15	0	1	0	0	0
1349.15	0	1	0	0	0
1348.15	0	1	0	0	0
1347.15	0	1	0	0	0
1346.15	0	1	0	0	0
1345.15	0	1	0	0	0
1344.15	0	1	0	0	0
1343.15	0	1	0	0	0
1342.15	0	1	0	0	0
1341.15	0	1	0	0	0
1340.15	0	1	0	0	0
1339.15	0	1	0	0	0
1338.15	0	1	0	0	0
1337.15	0	1	0	0	0
1336.15	0	1	0	0	0
1335.15	0	1	0	0	0
1334.15	0	1	0	0	0
1333.15	0	1	0	0	0
1332.15	0	1	0	0	0
1331.15	0	1	0	0	0
1330.15	0	1	0	0	0
1329.15	0	1	0	0	0
1328.15	0	1	0	0	0
1327.15	0	1	0	0	0
1326.15	0	1	0	0	0
1325.15	0	1	0	0	0
1324.15	0	1	0	0	0
1324.14	0	1	0	0	0
1324.14	0	1	0	0	0
1324.14	0	1	0	0	0
1323.15	0	.9993662	0	6.338207E-04	0
1322.15	0	.9987272	0	.001272781	0
1321.15	0	.9980897	0	.001910305	0
1320.15	0	.9974536	0	.002546398	0
1319.15	0	.9968189	0	.003181065	0
1318.15	0	.9961857	0	.003814308	0
1317.15	0	.9955539	0	.004446133	0
1316.15	0	.9949235	0	.005076543	0
1315.15	0	.9942945	0	.005705544	0
1314.15	0	.9936669	0	.006333138	0
1313.15	0	.9930407	0	.00695933	0
1312.15	0	.9924159	0	.007584124	0
1311.15	0	.9917925	0	.008207524	0
1310.15	0	.9911705	0	.008829534	0
1309.15	0	.9905498	0	.009450159	0
1308.15	0	.9899306	0	.0100694	0
1307.15	0	.9893127	0	.01068727	0
1306.15	0	.9886962	0	.01130376	0
1305.15	0	.9880811	0	.01191888	0
1304.15	0	.9874674	0	.01253264	0
1303.15	0	.986855	0	.01314503	0
1302.15	0	.9862439	0	.01375607	0
1301.15	0	.9856343	0	.01436575	0
1300.15	0	.9850259	0	.01497408	0
1299.15	0	.9844189	0	.01558107	0
1298.15	0	.9838133	0	.01618671	0
1297.15	0	.983209	0	.01679101	0
1296.15	0	.982606	0	.01739398	0
1295.15	0	.9820044	0	.01799562	0
1294.15	0	.9814041	0	.01859593	0
1293.15	0	.9808051	0	.01919492	0
1292.15	0	.9802074	0	.01979259	0
1291.15	0	.9796111	0	.02038894	0
1290.15	0	.979016	0	.02098398	0
1289.15	0	.9784223	0	.02157771	0
1288.15	0	.9778299	0	.02217013	0
1287.15	0	.9772387	0	.02276126	0
1286.15	0	.9766489	0	.02335109	0
1285.15	0	.9760604	0	.02393962	0
1284.15	0	.9754731	0	.02452686	0
1283.15	0	.9748872	0	.02511282	0
1282.15	0	.9743025	0	.02569749	0
1281.15	0	.9737191	0	.02628088	0
1280.15	0	.973137	0	.026863	0
1279.15	0	.9725562	0	.02744384	0
1278.15	0	.9719766	0	.02802342	0
1277.15	0	.9713983	0	.02860173	0
1276.15	0	.9708212	0	.02917878	0
1275.15	0	.9702454	0	.02975457	0
1274.15	0	.9696709	0	.0303291	0
1273.15	0	.9690976	0	.03090238	0
1272.15	0	.9685256	0	.03147441	0
1271.15	0	.9679548	0	.0320452	0
1270.15	0	.9673853	0	.03261475	0
1269.15	0	.9668169	0	.03318306	0
1268.15	0	.9662499	0	.03375014	0
1267.15	0	.965684	0	.03431598	0
1266.15	0	.9651194	0	.03488059	0
1265.15	0	.964556	0	.03544398	0
1264.15	0	.9639939	0	.03600615	0
1263.15	0	.9634329	0	.0365671	0
1262.15	0	.9628732	0	.03712684	0
1261.15	0	.9623146	0	.03768536	0
1260.15	0	.9617573	0	.03824268	0
1259.15	0	.9612012	0	.03879879	0
1258.15	0	.9606463	0	.0393537	0
1257.15	0	.9600926	0	.03990741	0
1256.15	0	.9595401	0	.04045993	0
1255.15	0	.9589888	0	.04101125	0
1254.15	0	.9584386	0	.04156138	0
1253.15	0	.9578897	0	.04211033	0
1252.15	0	.9573419	0	.0426581	0
1251.15	0	.9567953	0	.04320468	0
1250.15	0	.9562499	0	.04375009	0
1249.15	0	.9557057	0	.04429432	0
1248.15	0	.9551626	0	.04483739	0
1247.15	0	.9546207	0	.04537928	0
1246.15	0	.95408	0	.04592002	0
1245.15	0	.9535404	0	.04645959	0
1244.15	0	.953002	0	.046998	0
1243.15	0	.9524647	0	.04753526	0
1242.15	0	.9519286	0	.04807136	0
1241.15	0	.9513937	0	.04860632	0
1240.15	0	.9508599	0	.04914013	0
1239.15	0	.9503272	0	.04967279	0
1238.15	0	.9497957	0	.05020432	0
1237.15	0	.9492653	0	.05073471	0
1236.15	0	.948736	0	.05126396	0
1235.15	0	.9482079	0	.05179208	0
1234.15	0	.9476809	0	.05231907	0
1233.15	0	.9471551	0	.05284494	0
1232.15	0	.9466303	0	.05336969	0
1231.15	0	.9461067	0	.05389331	0
1230.15	0	.9455842	0	.05441582	0
1229.15	0	.9450628	0	.05493721	0
1228.15	0	.9445425	0	.05545749	0
1227.15	0	.9440233	0	.05597666	0
1226.15	0	.9435053	0	.05649473	0
1225.15	0	.9429883	0	.05701169	0
1224.15	0	.9424725	0	.05752755	0
1223.15	0	.9419577	0	.05804231	0
1222.15	0	.941444	0	.05855598	0
1221.15	0	.9409314	0	.05906856	0
1220.15	0	.94042	0	.05958005	0
1219.15	0	.9399096	0	.06009044	0
1218.15	0	.9394002	0	.06059976	0
1217.15	0	.938892	0	.06110799	0
1216.15	0	.9383848	0	.06161515	0
1215.15	0	.9378788	0	.06212123	0
1214.15	0	.9373738	0	.06262623	0
1213.15	0	.9368698	0	.06313017	0
1212.15	0	.936367	0	.06363303	0
1211.15	0	.9358652	0	.06413484	0
1210.15	0	.9353644	0	.06463557	0
1209.15	0	.9348648	0	.06513525	0
1208.15	0	.9343661	0	.06563387	0
1207.15	0	.9338686	0	.06613143	0
1206.15	0	.9333721	0	.06662794	0
1205.15	0	.9328766	0	.0671234	0
1204.15	0	.9323822	0	.06761781	0
1203.15	0	.9318888	0	.06811118	0
1202.15	0	.9313965	0	.06860351	0
1201.15	0	.9309052	0	.06909479	0
1200.15	0	.930415	0	.06958504	0
1199.15	0	.9299257	0	.07007425	0
1198.15	0	.9294376	0	.07056243	0
1197.15	0	.9289504	0	.07104958	0
1196.15	0	.9284643	0	.0715357	0
1195.15	0	.9279792	0	.07202079	0
1194.15	0	.9274951	0	.07250487	0
1193.15	0	.9270121	0	.07298792	0
1192.15	0	.9265301	0	.07346995	0
1191.15	0	.926049	0	.07395097	0
1190.15	0	.925569	0	.07443097	0
1189.15	0	.92509	0	.07490997	0
1188.15	0	.9246121	0	.07538795	0
1187.15	0	.9241351	0	.07586493	0
1186.15	0	.9236591	0	.0763409	0
1185.15	0	.9231841	0	.07681588	0
1184.15	0	.9227102	0	.07728985	0
1183.15	0	.9222372	0	.07776282	0
1182.15	0	.9217652	0	.0782348	0
1181.15	0	.9212942	0	.07870579	0
1180.15	0	.9208242	0	.07917579	0
1179.15	0	.9203552	0	.0796448	0
1178.15	0	.9198872	0	.08011282	0
1177.15	0	.9194201	0	.08057986	0
1176.15	0	.9189541	0	.08104592	0
1175.15	0	.918489	0	.081511	0
1174.15	0	.9180249	0	.08197511	0
1173.15	0	.9175618	0	.08243824	0
1172.15	0	.9170996	0	.08290039	0
1171.15	0	.9166384	0	.08336158	0
1170.15	0	.9161782	0	.0838218	0
1169.15	0	.915719	0	.08428105	0
1168.15	0	.9152607	0	.08473934	0
1167.15	0	.9148033	0	.08519666	0
1166.15	0	.914347	0	.08565303	0
1165.15	0	.9138916	0	.08610844	0
1164.15	0	.9134371	0	.0865629	0
1163.15	0	.9129836	0	.0870164	0
1162.15	0	.9125311	0	.08746895	0
1161.15	0	.9120795	0	.08792055	0
1160.15	0	.9116288	0	.0883712	0
1159.15	0	.9111791	0	.08882091	0
1158.15	0	.9107303	0	.08926968	0
1157.15	0	.9102825	0	.0897175	0
1156.15	0	.9098356	0	.09016439	0
1155.15	0	.9093897	0	.09061034	0
1154.15	0	.9089446	0	.09105538	0
1153.15	0	.9085005	0	.09149946	0
1152.15	0	.9080574	0	.09194261	0
1151.15	0	.9076152	0	.09238484	0
1150.15	0	.9071739	0	.09282614	0
1149.15	0	.9067335	0	.09326651	0
1148.15	0	.906294	0	.09370596	0
1147.15	0	.9058555	0	.09414449	0
1146.15	0	.9054179	0	.0945821	0
1145.15	0	.9049812	0	.09501879	0
1144.15	0	.9045454	0	.09545457	0
1143.15	0	.9041106	0	.09588944	0
1142.15	0	.9036766	0	.0963234	0
1141.15	0	.9032436	0	.09675644	0
1140.15	0	.9028114	0	.09718858	0
1139.15	0	.9023802	0	.09761982	0
1138.15	0	.9019498	0	.09805015	0
1137.15	0	.9015204	0	.09847958	0
1136.15	0	.9010919	0	.09890811	0
1135.15	0	.9006643	0	.09933574	0
1134.15	0	.9002375	0	.09976248	0
1133.15	0	.8998117	0	.1001883	0
1132.15	0	.8993867	0	.1006133	0
1131.15	0	.8989627	0	.1010373	0
1130.15	0	.8985395	0	.1014605	0
1129.15	0	.8981172	0	.1018828	0
1128.15	0	.8976958	0	.1023042	0
1127.15	0	.8972753	0	.1027247	0
1126.15	0	.8968557	0	.1031443	0
1125.15	0	.8964369	0	.1035631	0
1124.15	0	.896019	0	.103981	0
1123.15	0	.895602	0	.104398	0
1122.15	0	.8951859	0	.1048141	0
1121.15	0	.8947706	0	.1052294	0
1120.15	0	.8943563	0	.1056437	0
1119.15	0	.8939427	0	.1060573	0
1118.15	0	.8935301	0	.1064699	0
1117.15	0	.8931183	0	.1068817	0
1116.15	0	.8927074	0	.1072926	0
1115.15	0	.8922973	0	.1077027	0
1114.15	0	.8918881	0	.1081119	0
1113.15	0	.8914798	0	.1085202	0
1112.15	0	.8910723	0	.1089277	0
1111.15	0	.8906657	0	.1093343	0
1110.15	0	.8902599	0	.1097401	0
1109.15	0	.889855	0	.110145	0
1108.15	0	.8894509	0	.1105491	0
1107.15	0	.8890477	0	.1109523	0
1106.15	0	.8886453	0	.1113547	0
1105.15	0	.8882438	0	.1117562	0
1104.15	0	.8878431	0	.1121569	0
1103.15	0	.8874433	0	.1125567	0
1102.15	0	.8870443	0	.1129557	0
1101.15	0	.8866461	0	.1133539	0
1100.15	0	.8862488	0	.1137512	0
1099.15	0	.8858523	0	.1141477	0
1098.15	0	.8854567	0	.1145433	0
1097.15	0	.8850618	0	.1149382	0
1096.15	0	.8846679	0	.1153322	0
1095.15	0	.8842747	0	.1157253	0
1094.15	0	.8838824	0	.1161176	0
1093.15	0	.8834909	0	.1165092	0
1092.15	0	.8831002	0	.1168998	0
1091.15	0	.8827103	0	.1172897	0
1090.15	0	.8823213	0	.1176787	0
1089.15	0	.8819331	0	.1180669	0
1088.15	0	.8815457	0	.1184543	0
1087.15	0	.8811591	0	.1188409	0
1086.15	0	.8807733	0	.1192267	0
1085.15	0	.8803884	0	.1196116	0
1084.15	0	.8800043	0	.1199957	0
1083.15	0	.8796209	0	.1203791	0
1082.15	0	.8792384	0	.1207616	0
1081.15	0	.8788567	0	.1211433	0
1080.15	0	.8784758	0	.1215242	0
1079.15	0	.8780957	0	.1219043	0
1078.15	0	.8777165	0	.1222835	0
1077.15	0	.877338	0	.122662	0
1076.15	0	.8769603	0	.1230397	0
1075.15	0	.8765834	0	.1234166	0
1074.15	0	.8762074	0	.1237927	0
1073.15	0	.8758321	0	.1241679	0
1072.15	0	.8754576	0	.1245424	0
1071.15	0	.8750839	0	.1249161	0
1070.15	0	.874711	0	.125289	0
1069.15	0	.8743389	0	.1256611	0
1068.15	0	.8739676	0	.1260324	0
1067.15	0	.8735971	0	.1264029	0
1066.15	0	.8732273	0	.1267727	0
1065.15	0	.8728584	0	.1271416	0
1064.15	0	.8724902	0	.1275098	0
1063.15	0	.8721228	0	.1278772	0
1062.15	0	.8717562	0	.1282438	0
1061.15	0	.8713904	0	.1286096	0
1060.15	0	.8710254	0	.1289746	0
1059.15	0	.8706611	0	.1293389	0
1058.15	0	.8702976	0	.1297024	0
1057.15	0	.8699349	0	.1300651	0
1056.15	0	.869573	0	.130427	0
1055.15	0	.8692118	0	.1307882	0
1054.15	0	.8688515	0	.1311486	0
1053.15	0	.8684918	0	.1315082	0
1052.15	0	.868133	0	.131867	0
1051.15	0	.8677749	0	.1322251	0
1050.15	0	.8674176	0	.1325824	0
1049.15	0	.8670611	0	.1329389	0
1048.15	0	.8667053	0	.1332947	0
1047.15	0	.8663503	0	.1336497	0
1046.15	0	.865996	0	.134004	0
1045.15	0	.8656425	0	.1343575	0
1044.15	0	.8652898	0	.1347102	0
1043.15	0	.8649378	0	.1350622	0
1042.15	0	.8645866	0	.1354134	0
1041.15	0	.8642362	0	.1357638	0
1040.15	0	.8638865	0	.1361135	0
1039.15	0	.8635375	0	.1364625	0
1038.15	0	.8631893	0	.1368107	0
1037.15	0	.8628419	0	.1371581	0
1036.15	0	.8624952	0	.1375048	0
1035.15	0	.8621493	0	.1378507	0
1034.15	0	.8618041	0	.1381959	0
1033.15	0	.8614596	0	.1385404	0
1032.15	0	.8611159	0	.1388841	0
1031.15	0	.8607729	0	.139227	0
1030.15	0	.8604307	0	.1395693	0
1029.15	0	.8600893	0	.1399107	0
1028.15	0	.8597485	0	.1402515	0
1027.15	0	.8594086	0	.1405915	0
1026.15	0	.8590693	0	.1409307	0
1025.15	0	.8587308	0	.1412692	0
1024.15	0	.858393	0	.141607	0
1023.15	0	.858056	0	.141944	0
1022.15	0	.8577197	0	.1422803	0
1021.15	0	.8573841	0	.1426159	0
1020.15	0	.8570493	0	.1429507	0
1019.15	0	.8567152	0	.1432848	0
1018.15	0	.8563818	0	.1436182	0
1017.15	0	.8560492	0	.1439508	0
1016.15	0	.8557173	0	.1442827	0
1015.15	0	.8553861	0	.1446139	0
1014.15	0	.8550556	0	.1449444	0
1013.15	0	.8547259	0	.1452741	0
1012.15	0	.8543969	0	.1456031	0
1011.15	0	.8540686	0	.1459314	0
1010.15	0	.853741	0	.146259	0
1009.15	0	.8534142	0	.1465858	0
1008.15	0	.853088	0	.146912	0
1007.15	0	.8527626	0	.1472374	0
1006.15	0	.852438	0	.147562	0
1005.15	0	.852114	0	.147886	0
1004.15	0	.8517907	0	.1482093	0
1003.15	0	.8514682	0	.1485318	0
1002.15	0	.8511464	0	.1488536	0
1001.15	0	.8508253	0	.1491747	0
1000.15	0	.8505049	0	.1494951	0
999.15	0	.8501852	0	.1498148	0
998.15	0	.8498662	0	.1501338	0
997.15	0	.849548	0	.150452	0
996.15	0	.8492304	0	.1507696	0
995.15	0	.8489136	0	.1510864	0
994.15	0	.8485974	0	.1514026	0
993.15	0	.848282	0	.151718	0
992.15	0	.8479673	0	.1520327	0
991.15	0	.8476533	0	.1523467	0
990.15	0	.8473399	0	.1526601	0
989.15	0	.8470273	0	.1529727	0
988.15	0	.8467154	0	.1532846	0
987.15	0	.8464042	0	.1535958	0
986.15	0	.8460937	0	.1539063	0
985.15	0	.8457839	0	.1542161	0
984.15	0	.8454748	0	.1545253	0
983.15	0	.8451663	0	.1548337	0
982.15	0	.8448586	0	.1551414	0
981.15	0	.8445516	0	.1554484	0
980.15	0	.8442452	0	.1557548	0
979.15	0	.8439396	0	.1560604	0
978.15	0	.8436347	0	.1563654	0
977.15	0	.8433304	0	.1566696	0
976.15	0	.8430268	0	.1569732	0
975.15	0	.842724	0	.1572761	0
974.15	0	.8424218	0	.1575782	0
973.15	0	.8421203	0	.1578797	0
972.15	0	.8418195	0	.1581805	0
971.15	0	.8415193	0	.1584807	0
970.15	0	.8412199	0	.1587801	0
969.15	0	.8409212	0	.1590788	0
968.15	0	.8406231	0	.1593769	0
967.15	0	.8403257	0	.1596743	0
966.15	0	.840029	0	.159971	0
965.15	0	.839733	0	.160267	0
964.15	0	.8394377	0	.1605624	0
963.15	0	.839143	0	.160857	0
962.15	0	.838849	0	.161151	0
961.15	0	.8385557	0	.1614443	0
960.15	0	.8382631	0	.1617369	0
959.15	0	.8379711	0	.1620289	0
958.15	0	.8376799	0	.1623201	0
957.15	0	.8373893	0	.1626107	0
956.15	0	.8370994	0	.1629006	0
955.15	0	.8368101	0	.1631899	0
954.15	0	.8365216	0	.1634784	0
953.15	0	.8362337	0	.1637663	0
952.15	0	.8359465	0	.1640535	0
951.15	0	.8356599	0	.1643401	0
950.15	0	.835374	0	.164626	0
949.15	0	.8350888	0	.1649112	0
948.15	0	.8348043	0	.1651957	0
947.15	0	.8345204	0	.1654796	0
946.15	0	.8342372	0	.1657628	0
945.15	0	.8339546	0	.1660454	0
944.15	0	.8336728	0	.1663272	0
943.15	0	.8333916	0	.1666084	0
942.15	0	.833111	0	.166889	0
941.15	0	.8328311	0	.1671689	0
940.15	0	.8325519	0	.1674481	0
939.15	0	.8322734	0	.1677266	0
938.15	0	.8319955	0	.1680045	0
937.15	0	.8317182	0	.1682818	0
936.15	0	.8314417	0	.1685583	0
935.15	0	.8311658	0	.1688343	0
934.15	0	.8308905	0	.1691095	0
933.15	0	.8306159	0	.1693841	0
932.15	0	.830342	0	.169658	0
931.15	0	.8300687	0	.1699313	0
930.15	0	.8297961	0	.170204	0
929.15	0	.8295241	0	.1704759	0
928.15	0	.8292528	0	.1707472	0
927.15	0	.8289821	0	.1710179	0
926.15	0	.8287121	0	.1712879	0
925.15	0	.8284427	0	.1715573	0
924.15	0	.828174	0	.171826	0
923.15	0	.827906	0	.172094	0
922.15	0	.8276386	0	.1723614	0
921.15	0	.8273718	0	.1726282	0
920.15	0	.8271057	0	.1728943	0
919.15	0	.8268403	0	.1731597	0
918.15	0	.8265755	0	.1734245	0
917.15	0	.8263113	0	.1736887	0
916.15	0	.8260478	0	.1739522	0
915.15	0	.825785	0	.1742151	0
914.15	0	.8255227	0	.1744773	0
913.9457	0	.8254692	0	.1745308	0
913.9457	0	.8254692	0	.1745308	0
913.9457	0	.8254692	0	.1745308	0
913.15	0	.8247467	5.711198E-04	.1746822	0
912.15	0	.8238404	.001288142	.1748715	0
911.15	0	.822936	.002004395	.1750596	0
910.15	0	.8220335	.002719904	.1752466	0
909.15	0	.8211329	.003434698	.1754324	0
908.15	0	.8202341	.004148805	.1756171	0
907.15	0	.8193371	.004862252	.1758006	0
906.15	0	.818442	.005575071	.1759829	0
905.15	0	.8175486	.006287291	.1761641	0
904.15	0	.816657	.006998943	.176344	0
903.15	0	.8157671	.007710061	.1765228	0
902.15	0	.814879	.008420678	.1767003	0
901.15	0	.8139925	.009130827	.1768766	0
900.15	0	.8131077	.009840545	.1770517	0
899.15	0	.8122246	.01054986	.1772256	0
898.15	0	.811343	.01125883	.1773982	0
897.15	0	.810463	.01196747	.1775695	0
896.15	0	.8095846	.01267584	.1777396	0
895.15	0	.8087077	.01338396	.1779084	0
894.15	0	.8078322	.01409189	.1780759	0
893.15	0	.8069583	.01479967	.1782421	0
892.15	0	.8060857	.01550733	.178407	0
891.15	0	.8052146	.01621493	.1785705	0
890.15	0	.8043447	.01692252	.1787327	0
889.15	0	.8034763	.01763014	.1788936	0
888.15	0	.802609	.01833784	.1790531	0
887.15	0	.8017431	.01904567	.1792113	0
886.15	0	.8008783	.0197537	.179368	0
885.15	0	.8000147	.02046196	.1795234	0
884.15	0	.7991522	.02117053	.1796773	0
883.15	0	.7982907	.02187945	.1798298	0
882.15	0	.7974303	.02258879	.1799809	0
881.15	0	.7965709	.02329861	.1801305	0
880.15	0	.7957124	.02400897	.1802787	0
879.15	0	.7948547	.02471994	.1804253	0
878.15	0	.7939979	.02543159	.1805705	0
877.15	0	.7931419	.02614398	.1807141	0
876.15	0	.7922866	.02685719	.1808562	0
875.15	0	.7914319	.02757129	.1809968	0
874.15	0	.7905779	.02828637	.1811358	0
873.15	0	.7897243	.02900249	.1812732	0
872.15	0	.7888713	.02971975	.181409	0
871.15	0	.7880187	.03043822	.1815431	0
870.15	0	.7871664	.031158	.1816757	0
869.15	0	.7863143	.03187917	.1818065	0
868.15	0	.7854625	.03260182	.1819357	0
867.15	0	.7846108	.03332606	.1820632	0
866.15	0	.7837591	.03405198	.1821889	0
865.15	0	.7829074	.03477969	.1823129	0
864.15	0	.7820556	.0355093	.1824351	0
863.15	0	.7812036	.03624091	.1825555	0
862.15	0	.7803513	.03697463	.1826741	0
861.15	0	.7794986	.0377106	.1827908	0
860.15	0	.7786454	.03844893	.1829057	0
859.15	0	.7777916	.03918974	.1830187	0
858.15	0	.7769371	.03993317	.1831297	0
857.15	0	.7760819	.04067936	.1832388	0
856.15	0	.7752257	.04142845	.1833458	0
855.15	0	.7743685	.04218059	.1834509	0
854.15	0	.7735102	.04293593	.1835539	0
853.15	0	.7726506	.04369463	.1836548	0
852.15	0	.7717896	.04445686	.1837535	0
851.15	0	.7709271	.04522279	.1838501	0
850.15	0	.7700628	.0459926	.1839446	0
849.15	0	.7691968	.04676648	.1840367	0
848.15	0	.7683288	.04754462	.1841266	0
847.15	0	.7674586	.04832724	.1842142	0
846.15	0	.7665861	.04911453	.1842994	0
845.15	0	.7657111	.04990673	.1843821	0
844.15	0	.7648335	.05070407	.1844624	0
843.15	0	.763953	.05150679	.1845402	0
842.15	0	.7630694	.05231514	.1846155	0
841.15	0	.7621825	.05312941	.1846881	0
840.15	0	.7612922	.05394986	.184758	0
839.15	0	.7603981	.05477679	.1848251	0
838.15	0	.7595	.05561052	.1848895	0
837.15	0	.7585977	.05645137	.184951	0
836.15	0	.7576908	.05729968	.1850095	0
835.15	0	.7567792	.05815582	.185065	0
834.15	0	.7558625	.05902016	.1851174	0
833.15	0	.7549403	.05989313	.1851666	0
832.15	0	.7540123	.06077514	.1852125	0
831.15	0	.7530783	.06166665	.1852551	0
830.15	0	.7521377	.06256814	.1852942	0
829.15	0	.7511902	.06348013	.1853297	0
828.15	0	.7502354	.06440316	.1853615	0
827.15	0	.7492727	.06533782	.1853895	0
826.15	0	.7483017	.06628472	.1854136	0
825.15	0	.7473219	.06724453	.1854336	0
824.15	0	.7463327	.06821797	.1854494	0
823.15	0	.7453335	.0692058	.1854608	0
822.15	0	.7443236	.07020885	.1854676	0
821.15	0	.7433023	.071228	.1854697	0
820.15	0	.7422688	.07226422	.1854669	0
819.15	0	.7412225	.07331856	.185459	0
818.15	0	.7401622	.07439213	.1854457	0
817.15	0	.7390871	.07548618	.1854267	0
816.15	0	.737996	.07660206	.1854019	0
815.15	0	.736578	.07810165	.1853203	0
814.15	0	.7348358	.07998419	.1851801	0
813.15	0	.7331603	.08179525	.1850445	0
812.15	0	.7315476	.08353908	.1849133	0
811.15	0	.7299941	.08521959	.1847863	0
810.15	0	.7284962	.08684041	.1846634	0
809.15	0	.7270508	.0884049	.1845443	0
808.15	0	.725655	.08991619	.1844288	0
807.15	0	.7243061	.09137717	.1843167	0
806.15	0	.7230016	.09279052	.1842079	0
805.15	0	.721739	.09415875	.1841022	0
804.15	0	.7205163	.09548418	.1839995	0
803.15	0	.7193314	.09676899	.1838996	0
802.15	0	.7181825	.09801519	.1838023	0
801.15	0	.7170677	.09922469	.1837076	0
800.15	0	.7159855	.1003992	.1836153	0
799.15	0	.7149342	.1015405	.1835253	0
798.15	0	.7139125	.10265	.1834375	0
797.15	0	.7129189	.1037293	.1833518	0
796.15	0	.7119523	.1047796	.1832681	0
795.15	0	.7110114	.1058023	.1831862	0
794.15	0	.7100952	.1067986	.1831063	0
793.15	0	.7092025	.1077696	.183028	0
792.15	0	.7083323	.1087164	.1829513	0
791.15	0	.7074838	.1096399	.1828763	0
790.15	0	.706656	.1105413	.1828027	0
789.15	0	.7058481	.1114213	.1827306	0
788.15	0	.7050593	.1122808	.1826599	0
787.15	0	.7042889	.1131206	.1825905	0
786.15	0	.7035362	.1139415	.1825223	0
785.15	0	.7028004	.1147443	.1824553	0
784.15	0	.702081	.1155295	.1823895	0
783.15	0	.7013773	.1162979	.1823248	0
782.15	0	.7006888	.1170501	.1822611	0
781.15	0	.7000149	.1177867	.1821985	0
780.15	0	.6993551	.1185082	.1821368	0
779.15	0	.6987089	.1192151	.182076	0
778.15	0	.698077	.1199072	.1820159	0
777.15	0	.6974565	.1205867	.1819569	0
776.15	0	.6968482	.1212531	.1818987	0
775.15	0	.6962518	.1219069	.1818413	0
774.15	0	.6956669	.1225485	.1817846	0
773.15	0	.695093	.1231783	.1817287	0
772.15	0	.6945299	.1237967	.1816734	0
771.15	0	.6939772	.124404	.1816188	0
770.15	0	.6934344	.1250007	.1815649	0
769.15	0	.6929015	.125587	.1815115	0
768.15	0	.692378	.1261633	.1814588	0
767.15	0	.6918636	.1267299	.1814066	0
766.15	0	.6913581	.127287	.1813549	0
765.15	0	.6908612	.127835	.1813038	0
764.15	0	.6903726	.1283742	.1812532	0
763.15	0	.6898922	.1289048	.181203	0
762.15	0	.6894197	.129427	.1811533	0
761.15	0	.6889548	.1299412	.181104	0
760.15	0	.6884973	.1304475	.1810552	0
759.15	0	.688047	.1309462	.1810068	0
758.15	0	.6876038	.1314374	.1809588	0
757.15	0	.6871674	.1319215	.1809111	0
756.15	0	.6867377	.1323985	.1808638	0
755.15	0	.6863144	.1328687	.1808169	0
754.15	0	.6858974	.1333323	.1807703	0
753.15	0	.6854865	.1337894	.180724	0
752.15	0	.6850816	.1342403	.1806781	0
751.15	0	.6846826	.1346851	.1806324	0
750.15	0	.6842891	.1351239	.180587	0
749.15	0	.6839012	.1355569	.1805419	0
748.15	0	.6835187	.1359842	.1804971	0
747.15	0	.6831414	.1364061	.1804525	0
746.15	0	.6827693	.1368226	.1804081	0
745.15	0	.6824021	.1372339	.180364	0
744.15	0	.6820398	.1376401	.1803202	0
743.15	0	.6816822	.1380413	.1802765	0
742.15	0	.6813293	.1384377	.180233	0
741.15	0	.6809809	.1388293	.1801898	0
740.15	0	.6806369	.1392163	.1801467	0
739.15	0	.6802973	.1395989	.1801039	0
738.15	0	.6799618	.139977	.1800612	0
737.15	0	.6796305	.1403508	.1800187	0
736.15	0	.6793033	.1407204	.1799763	0
735.15	0	.6789799	.141086	.1799341	0
734.15	0	.6786604	.1414475	.1798921	0
733.15	0	.6783447	.1418051	.1798502	0
732.15	0	.6780327	.1421589	.1798084	0
731.15	0	.6777242	.1425089	.1797668	0
730.15	0	.6774193	.1428554	.1797253	0
729.15	0	.6771179	.1431982	.179684	0
728.15	0	.6768198	.1435375	.1796427	0
727.15	0	.676525	.1438734	.1796016	0
726.15	0	.6762335	.1442059	.1795606	0
725.15	0	.6759452	.1445352	.1795197	0
724.15	0	.6756599	.1448612	.1794788	0
723.15	0	.6753777	.1451842	.1794381	0
722.15	0	.6750985	.145504	.1793975	0
721.15	0	.6748222	.1458208	.179357	0
720.15	0	.6745488	.1461347	.1793165	0
719.15	0	.6742782	.1464457	.1792762	0
718.15	0	.6740103	.1467538	.1792359	0
717.15	0	.6737451	.1470592	.1791957	0
716.15	0	.6734826	.1473618	.1791555	0
715.15	0	.6732227	.1476618	.1791155	0
714.15	0	.6729654	.1479592	.1790755	0
713.15	0	.6727105	.148254	.1790355	0
712.15	0	.6724581	.1485462	.1789957	0
711.15	0	.6722081	.148836	.1789558	0
710.15	0	.6719605	.1491234	.1789161	0
709.15	0	.6717152	.1494084	.1788764	0
708.15	0	.6714722	.1496911	.1788367	0
707.15	0	.6712314	.1499715	.1787971	0
706.15	0	.6709929	.1502496	.1787575	0
705.15	0	.6707565	.1505256	.178718	0
704.15	0	.6705222	.1507993	.1786785	0
703.15	0	.67029	.151071	.1786391	0
702.15	0	.6700599	.1513405	.1785996	0
701.15	0	.6698318	.151608	.1785603	0
700.15	0	.6696056	.1518734	.1785209	0
699.15	0	.6693814	.1521369	.1784816	0
698.15	0	.6691592	.1523985	.1784424	0
697.15	0	.6689388	.1526581	.1784031	0
696.15	0	.6687203	.1529158	.1783639	0
695.15	0	.6685036	.1531717	.1783247	0
694.15	0	.6682887	.1534257	.1782856	0
693.15	0	.6680756	.153678	.1782464	0
692.15	0	.6678642	.1539285	.1782073	0
691.15	0	.6676545	.1541773	.1781682	0
690.15	0	.6674465	.1544243	.1781291	0
689.15	0	.6672402	.1546697	.1780901	0
688.15	0	.6670355	.1549134	.178051	0
687.15	0	.6668324	.1551556	.178012	0
686.15	0	.6666309	.1553961	.177973	0
685.15	0	.666431	.155635	.177934	0
684.15	0	.6662326	.1558724	.177895	0
683.15	0	.6660357	.1561082	.1778561	0
682.15	0	.6658403	.1563426	.1778171	0
681.15	0	.6656464	.1565754	.1777782	0
680.15	0	.6654539	.1568068	.1777393	0
679.15	0	.6652629	.1570368	.1777004	0
678.15	0	.6650732	.1572653	.1776614	0
677.15	0	.664885	.1574925	.1776225	0
676.15	0	.6646981	.1577183	.1775837	0
675.15	0	.6645125	.1579427	.1775448	0
674.15	0	.6643284	.1581658	.1775059	0
673.15	0	.6641455	.1583875	.177467	0
672.15	0	.6639639	.158608	.1774282	0
671.15	0	.6637835	.1588272	.1773893	0
670.15	0	.6636045	.1590451	.1773505	0
669.15	0	.6634267	.1592617	.1773116	0
668.15	0	.6632501	.1594772	.1772728	0
667.15	0	.6630747	.1596914	.1772339	0
666.15	0	.6629005	.1599044	.1771951	0
665.15	0	.6627275	.1601162	.1771563	0
664.15	0	.6625556	.1603269	.1771175	0
663.15	0	.662385	.1605364	.1770786	0
662.15	0	.6622154	.1607448	.1770398	0
661.15	0	.662047	.160952	.177001	0
660.15	0	.6618796	.1611582	.1769622	0
659.15	0	.6617134	.1613632	.1769234	0
658.15	0	.6615482	.1615672	.1768846	0
657.15	0	.6613841	.1617701	.1768458	0
656.15	0	.6612211	.1619719	.176807	0
655.15	0	.6610591	.1621728	.1767682	0
654.15	0	.6608981	.1623725	.1767294	0
653.15	0	.6607381	.1625713	.1766906	0
652.15	0	.6605792	.162769	.1766518	0
651.15	0	.6604212	.1629658	.176613	0
650.15	0	.6602642	.1631615	.1765743	0
649.15	0	.6601082	.1633563	.1765355	0
648.15	0	.6599531	.1635502	.1764967	0
647.15	0	.659799	.1637431	.1764579	0
646.15	0	.6596459	.163935	.1764191	0
645.15	0	.6594936	.164126	.1763804	0
644.15	0	.6593423	.1643161	.1763416	0
643.15	0	.6591919	.1645053	.1763029	0
642.15	0	.6590423	.1646936	.1762641	0
641.15	0	.6588937	.164881	.1762253	0
640.15	0	.6587459	.1650675	.1761866	0
639.15	0	.658599	.1652531	.1761478	0
638.15	0	.658453	.1654379	.1761091	0
637.15	0	.6583078	.1656219	.1760704	0
636.15	0	.6581634	.1658049	.1760316	0
635.15	0	.6580199	.1659872	.1759929	0
634.15	0	.6578772	.1661686	.1759542	0
633.15	0	.6577354	.1663492	.1759154	0
632.15	0	.6575943	.166529	.1758767	0
631.15	0	.657454	.166708	.175838	0
630.15	0	.6573145	.1668862	.1757993	0
629.15	0	.6571758	.1670636	.1757606	0
628.15	0	.6570379	.1672402	.1757219	0
627.15	0	.6569008	.167416	.1756832	0
626.15	0	.6567643	.1675911	.1756446	0
625.15	0	.6566287	.1677654	.1756059	0
624.15	0	.6564938	.167939	.1755672	0
623.15	0	.6563597	.1681118	.1755286	0
622.15	0	.6562262	.1682838	.1754899	0
621.15	0	.6560935	.1684552	.1754513	0
620.15	0	.6559615	.1686258	.1754127	0
619.15	0	.6558303	.1687957	.1753741	0
618.15	0	.6556997	.1689648	.1753355	0
617.15	0	.6555698	.1691333	.1752969	0
616.15	0	.6554407	.1693011	.1752583	0
615.15	0	.6553122	.1694681	.1752197	0
614.15	0	.6551844	.1696345	.1751812	0
613.15	0	.6550572	.1698002	.1751426	0
612.15	0	.6549308	.1699652	.1751041	0
611.15	0	.654805	.1701295	.1750655	0
610.15	0	.6546798	.1702931	.175027	0
609.15	0	.6545554	.1704561	.1749885	0
608.15	0	.6544315	.1706184	.1749501	0
607.15	0	.6543083	.1707801	.1749116	0
606.15	0	.6541858	.1709411	.1748731	0
605.15	0	.6540638	.1711015	.1748347	0
604.15	0	.6539425	.1712612	.1747963	0
603.15	0	.6538218	.1714203	.1747579	0
602.15	0	.6537018	.1715788	.1747195	0
601.15	0	.6535823	.1717366	.1746811	0
600.15	0	.6534634	.1718938	.1746428	0
599.15	0	.6533452	.1720504	.1746045	0
598.15	0	.6532275	.1722063	.1745662	0
597.15	0	.6531105	.1723617	.1745279	0
596.15	0	.652994	.1725164	.1744896	0
595.15	0	.6528781	.1726706	.1744513	0
594.15	0	.6527628	.1728241	.1744131	0
593.15	0	.652648	.1729771	.1743749	0
592.15	0	.6525339	.1731294	.1743367	0
591.15	0	.6524203	.1732812	.1742986	0
590.15	0	.6523072	.1734324	.1742604	0
589.15	0	.6521948	.173583	.1742223	0
588.15	0	.6520828	.173733	.1741842	0
587.15	0	.6519715	.1738824	.1741461	0
586.15	0	.6518606	.1740313	.1741081	0
585.15	0	.6517503	.1741796	.1740701	0
584.15	0	.6516406	.1743273	.1740321	0
583.15	0	.6515314	.1744745	.1739941	0
582.15	0	.6514227	.1746211	.1739562	0
581.15	0	.6513145	.1747672	.1739183	0
580.15	0	.6512069	.1749127	.1738804	0
579.15	0	.6510998	.1750576	.1738426	0
578.15	0	.6509932	.175202	.1738048	0
577.15	0	.6508871	.1753459	.173767	0
576.15	0	.6507816	.1754892	.1737292	0
575.15	0	.6506765	.175632	.1736915	0
574.15	0	.650572	.1757743	.1736538	0
573.15	0	.6504679	.175916	.1736161	0
572.15	0	.6503643	.1760571	.1735785	0
571.15	0	.6502613	.1761978	.1735409	0
570.15	0	.6501587	.1763379	.1735034	0
569.15	0	.6500566	.1764775	.1734658	0
568.15	0	.649955	.1766166	.1734284	0
567.15	0	.649854	.1767552	.1733909	0
566.15	0	.6497533	.1768932	.1733535	0
565.15	0	.6496532	.1770307	.1733161	0
564.15	0	.6495535	.1771677	.1732788	0
563.15	0	.6494543	.1773042	.1732415	0
562.15	0	.6493556	.1774402	.1732042	0
561.15	0	.6492573	.1775757	.173167	0
560.15	0	.6491595	.1777107	.1731298	0
559.15	0	.6490622	.1778452	.1730927	0
558.15	0	.6489653	.1779791	.1730556	0
557.15	0	.6488689	.1781126	.1730185	0
556.15	0	.6487729	.1782456	.1729815	0
555.15	0	.6486774	.1783781	.1729445	0
554.15	0	.6485823	.1785101	.1729076	0
553.15	0	.6484877	.1786416	.1728707	0
552.15	0	.6483935	.1787726	.1728339	0
551.15	0	.6482998	.1789031	.1727971	0
550.15	0	.6482065	.1790331	.1727604	0
549.15	0	.6481136	.1791627	.1727237	0
548.15	0	.6480212	.1792918	.172687	0
547.15	0	.6479292	.1794203	.1726504	0
546.15	0	.6478377	.1795485	.1726139	0
545.15	0	.6477466	.1796761	.1725774	0
544.15	0	.6476559	.1798032	.1725409	0
543.15	0	.6475656	.1799299	.1725045	0
542.15	0	.6474757	.1800561	.1724682	0
541.15	0	.6473863	.1801818	.1724319	0
540.15	0	.6472973	.1803071	.1723956	0
539.15	0	.6472087	.1804319	.1723594	0
538.15	0	.6471205	.1805562	.1723233	0
537.15	0	.6470328	.18068	.1722872	0
536.15	0	.6469454	.1808034	.1722512	0
535.15	0	.6468585	.1809263	.1722152	0
534.15	0	.6467719	.1810488	.1721793	0
533.15	0	.6466858	.1811707	.1721434	0
532.15	0	.6466001	.1812923	.1721076	0
531.15	0	.6465148	.1814133	.1720719	0
530.15	0	.6464299	.1815339	.1720362	0
529.15	0	.6463453	.1816541	.1720006	0
528.15	0	.6462612	.1817738	.171965	0
527.15	0	.6461775	.181893	.1719295	0
526.15	0	.6460942	.1820118	.171894	0
525.15	0	.6460113	.1821301	.1718586	0
524.15	0	.6459287	.182248	.1718233	0
523.15	0	.6458466	.1823654	.171788	0
522.15	0	.6457648	.1824824	.1717528	0
521.15	0	.6456834	.1825989	.1717177	0
520.15	0	.6456024	.1827149	.1716826	0
519.15	0	.6455218	.1828306	.1716477	0
518.15	0	.6454416	.1829457	.1716127	0
517.15	0	.6453617	.1830605	.1715779	0
516.15	0	.6452822	.1831747	.1715431	0
515.15	0	.6452031	.1832886	.1715083	0
514.15	0	.6451244	.183402	.1714737	0
513.15	0	.645046	.1835149	.1714391	0
512.15	0	.6449681	.1836274	.1714045	0
511.15	0	.6448905	.1837395	.1713701	0
510.15	0	.6448132	.1838511	.1713357	0
509.15	0	.6447364	.1839622	.1713014	0
508.15	0	.6446599	.184073	.1712672	0
507.15	0	.6445837	.1841833	.171233	0
506.15	0	.6445079	.1842932	.1711989	0
505.15	0	.6444325	.1844026	.1711649	0
504.15	0	.6443575	.1845116	.171131	0
503.15	0	.6442828	.1846201	.1710971	0
502.15	0	.6442085	.1847282	.1710633	0
501.15	0	.6441345	.1848359	.1710296	0
500.15	0	.6440609	.1849431	.1709959	0
499.15	0	.6439877	.18505	.1709624	0
498.15	0	.6439148	.1851563	.1709289	0
497.15	0	.6438422	.1852623	.1708955	0
496.15	0	.6437701	.1853678	.1708622	0
495.15	0	.6436982	.1854729	.1708289	0
494.15	0	.6436267	.1855775	.1707958	0
493.15	0	.6435556	.1856817	.1707627	0
492.15	0	.6434848	.1857855	.1707297	0
491.15	0	.6434144	.1858888	.1706968	0
490.15	0	.6433443	.1859918	.1706639	0
489.15	0	.6432745	.1860943	.1706312	0
488.15	0	.6432051	.1861964	.1705985	0
487.15	0	.6431361	.186298	.1705659	0
486.15	0	.6430674	.1863992	.1705334	0
485.15	0	.642999	.1865	.170501	0
484.15	0	.6429309	.1866004	.1704687	0
483.15	0	.6428632	.1867003	.1704365	0
482.15	0	.6427959	.1867998	.1704043	0
481.15	0	.6427289	.1868989	.1703723	0
480.15	0	.6426622	.1869975	.1703403	0
479.15	0	.6425958	.1870958	.1703084	0
478.15	0	.6425298	.1871936	.1702766	0
477.15	0	.6424641	.187291	.1702449	0
476.15	0	.6423988	.1873879	.1702133	0
475.15	0	.6423338	.1874845	.1701818	0
474.15	0	.6422691	.1875806	.1701503	0
473.15	0	.6422047	.1876763	.170119	0
472.15	0	.6421407	.1877716	.1700878	0
471.15	0	.642077	.1878664	.1700566	0
470.15	0	.6420136	.1879609	.1700256	0
469.15	0	.6419505	.1880549	.1699946	0
468.15	0	.6418878	.1881485	.1699637	0
467.15	0	.6418254	.1882416	.169933	0
466.15	0	.6417633	.1883344	.1699023	0
465.15	0	.6417016	.1884267	.1698717	0
464.15	0	.6416401	.1885186	.1698412	0
463.15	0	.641579	.1886101	.1698109	0
462.15	0	.6415182	.1887012	.1697806	0
461.15	0	.6414577	.1887919	.1697504	0
460.15	0	.6413976	.1888821	.1697203	0
459.15	0	.6413377	.1889719	.1696903	0
458.15	0	.6412782	.1890614	.1696604	0
457.15	0	.641219	.1891503	.1696307	0
456.15	0	.6411601	.1892389	.169601	0
455.15	0	.6411015	.1893271	.1695714	0
454.15	0	.6410433	.1894148	.1695419	0
453.15	0	.6409853	.1895021	.1695126	0
452.15	0	.6409277	.1895891	.1694833	0
451.15	0	.6408703	.1896756	.1694541	0
450.15	0	.6408133	.1897616	.1694251	0
449.15	0	.6407566	.1898472	.1693961	0
448.15	0	.6407003	.1899324	.1693673	0
447.15	0	.6406442	.1900172	.1693386	0
446.15	0	.6405885	.1901015	.16931	0
445.15	0	.6405331	.1901854	.1692815	0
444.15	0	.640478	.1902688	.1692531	0
443.15	0	.6404233	.1903519	.1692249	0
442.15	0	.6403689	.1904344	.1691967	0
441.15	0	.6403148	.1905165	.1691687	0
440.15	0	.640261	.1905982	.1691408	0
439.15	0	.6402076	.1906794	.1691131	0
438.15	0	.6401545	.1907601	.1690854	0
437.15	0	.6401017	.1908403	.1690579	0
436.15	0	.6400493	.1909201	.1690306	0
435.15	0	.6399972	.1909994	.1690033	0
434.15	0	.6399455	.1910783	.1689762	0
433.15	0	.6398941	.1911566	.1689492	0
432.15	0	.6398431	.1912345	.1689224	0
431.15	0	.6397924	.1913119	.1688957	0
430.15	0	.639742	.1913888	.1688692	0
429.15	0	.639692	.1914652	.1688427	0
428.15	0	.6396424	.1915412	.1688165	0
427.15	0	.6395931	.1916166	.1687903	0
426.15	0	.6395441	.1916916	.1687643	0
425.15	0	.6394955	.191766	.1687385	0
424.15	0	.6394472	.19184	.1687128	0
423.15	0	.6393993	.1919134	.1686872	0
422.15	0	.6393518	.1919864	.1686618	0
421.15	0	.6393045	.1920589	.1686366	0
420.15	0	.6392577	.1921309	.1686114	0
419.15	0	.6392112	.1922024	.1685865	0
418.15	0	.639165	.1922733	.1685617	0
417.15	0	.6391191	.1923438	.168537	0
416.15	0	.6390737	.1924138	.1685125	0
415.15	0	.6390285	.1924833	.1684881	0
414.15	0	.6389837	.1925523	.1684639	0
413.15	0	.6389393	.1926208	.1684399	0
412.15	0	.6388952	.1926888	.168416	0
411.15	0	.6388514	.1927564	.1683922	0
410.15	0	.638808	.1928234	.1683686	0
409.15	0	.6387649	.1928899	.1683452	0
408.15	0	.6387222	.1929559	.1683219	0
407.15	0	.6386798	.1930215	.1682987	0
406.15	0	.6386377	.1930866	.1682757	0
405.15	0	.638596	.1931511	.1682529	0
404.15	0	.6385546	.1932152	.1682302	0
403.15	0	.6385135	.1932788	.1682077	0
402.15	0	.6384728	.1933419	.1681853	0
401.15	0	.6384323	.1934046	.1681631	0
400.15	0	.6383923	.1934667	.168141	0
399.15	0	.6383525	.1935284	.1681191	0
398.15	0	.6383131	.1935896	.1680973	0
397.15	0	.6382739	.1936504	.1680757	0
396.15	0	.6382352	.1937106	.1680542	0
395.15	0	.6381967	.1937704	.1680329	0
394.15	0	.6381585	.1938297	.1680118	0
393.15	0	.6381207	.1938886	.1679908	0
392.15	0	.6380831	.193947	.1679699	0
391.15	0	.6380459	.1940049	.1679492	0
390.15	0	.638009	.1940624	.1679286	0
389.15	0	.6379724	.1941194	.1679082	0
388.15	0	.6379361	.194176	.167888	0
387.15	0	.6379001	.1942321	.1678679	0
386.15	0	.6378644	.1942877	.1678479	0
385.15	0	.637829	.194343	.1678281	0
384.15	0	.6377938	.1943977	.1678084	0
383.15	0	.637759	.194452	.1677889	0
382.15	0	.6377245	.194506	.1677696	0
381.15	0	.6376903	.1945594	.1677503	0
380.15	0	.6376563	.1946124	.1677313	0
379.15	0	.6376226	.194665	.1677123	0
378.15	0	.6375892	.1947172	.1676935	0
377.15	0	.6375561	.194769	.1676749	0
376.15	0	.6375233	.1948203	.1676564	0
375.15	0	.6374907	.1948712	.1676381	0
374.15	0	.6374585	.1949217	.1676199	0
373.15	0	.6374264	.1949718	.1676018	0
372.15	0	.6373947	.1950214	.1675839	0
371.15	0	.6373632	.1950707	.1675661	0
370.15	0	.637332	.1951196	.1675484	0
369.15	0	.637301	.195168	.1675309	0
368.15	0	.6372703	.1952161	.1675136	0
367.15	0	.6372399	.1952638	.1674963	0
366.15	0	.6372097	.1953111	.1674792	0
365.15	0	.6371798	.1953579	.1674623	0
364.15	0	.6371501	.1954045	.1674455	0
363.15	0	.6371206	.1954506	.1674288	0
362.15	0	.6370914	.1954963	.1674122	0
361.15	0	.6370625	.1955417	.1673958	0
360.15	0	.6370337	.1955867	.1673796	0
359.15	0	.6370053	.1956313	.1673634	0
358.15	0	.636977	.1956756	.1673474	0
357.15	0	.636949	.1957195	.1673315	0
356.15	0	.6369212	.1957631	.1673158	0
355.15	0	.6368936	.1958062	.1673002	0
354.15	0	.6368663	.1958491	.1672847	0
353.15	0	.6368392	.1958915	.1672693	0
352.15	0	.6368123	.1959337	.1672541	0
351.15	0	.6367856	.1959755	.167239	0
350.15	0	.6367591	.1960169	.167224	0
349.15	0	.6367329	.196058	.1672091	0
348.15	0	.6367068	.1960988	.1671944	0
347.15	0	.636681	.1961392	.1671798	0
346.15	0	.6366553	.1961794	.1671653	0
345.15	0	.6366299	.1962191	.167151	0
344.15	0	.6366047	.1962586	.1671367	0
343.15	0	.6365796	.1962977	.1671226	0
342.15	0	.6365548	.1963366	.1671086	0
341.15	0	.6365302	.1963751	.1670948	0
340.15	0	.6365057	.1964133	.167081	0
339.15	0	.6364814	.1964512	.1670674	0
338.15	0	.6364574	.1964888	.1670539	0
337.15	0	.6364335	.196526	.1670405	0
336.15	0	.6364098	.196563	.1670272	0
335.15	0	.6363862	.1965997	.1670141	0
334.15	0	.6363629	.1966361	.167001	0
333.15	0	.6363397	.1966722	.1669881	0
332.15	0	.6363167	.196708	.1669753	0
331.15	0	.6362939	.1967435	.1669626	0
330.15	0	.6362712	.1967788	.16695	0
329.15	0	.6362487	.1968138	.1669375	0
328.15	0	.6362264	.1968484	.1669252	0
327.15	0	.6362042	.1968828	.1669129	0
326.15	0	.6361822	.196917	.1669008	0
325.15	0	.6361604	.1969509	.1668888	0
324.15	0	.6361387	.1969845	.1668769	0
323.15	0	.6361172	.1970178	.1668651	0
322.15	0	.6360958	.1970509	.1668534	0
321.15	0	.6360745	.1970837	.1668418	0
320.15	0	.6360535	.1971163	.1668303	0
319.15	0	.6360325	.1971486	.1668189	0
318.3076	0	.636015	.1971756	.1668094	0
318.3076	0	.636015	.1971756	.1668094	0
318.3076	0	.636015	.1971756	.1668094	0
318.15	0	.6360456	.1970985	.1667703	8.56553E-05
317.15	0	.6362396	.1966093	.1665224	6.288097E-04
316.15	0	.6364335	.1961202	.1662748	.001171535
315.15	0	.6366273	.1956313	.1660276	.001713834
314.15	0	.6368211	.1951424	.1657808	.002255708
313.15	0	.6370148	.1946538	.1655343	.002797159
312.15	0	.6372084	.1941652	.1652883	.003338189
311.15	0	.6374019	.1936768	.1650426	.003878799
310.15	0	.6375953	.1931885	.1647972	.004418991
309.15	0	.6377887	.1927003	.1645523	.004958768
308.15	0	.6379819	.1922123	.1643077	.00549813
307.15	0	.6381752	.1917243	.1640634	.00603708
306.15	0	.6383683	.1912365	.1638196	.006575619
305.15	0	.6385613	.1907488	.1635761	.007113748
304.15	0	.6387543	.1902612	.163333	.007651469
303.15	0	.6389472	.1897738	.1630902	.008188785
302.15	0	.63914	.1892864	.1628478	.008725694
301.15	0	.6393328	.1887992	.1626058	.009262201
300.15	0	.6395255	.1883121	.1623641	.009798305
299.15	0	.6397181	.1878251	.1621228	.01033401
298.15	0	.6399106	.1873382	.1618819	.01086931
