T	 BPW(LIQUID)	BPW(BCC_A2)	BPW(FCC_A1)	BPW(LAVES_PHASE_C14)	BPW(NI3TI)
1473.15	.2723814	.6848512	0	.04276748	0
1472.15	.26605	.6890053	0	.04494474	0
1471.15	.2598393	.6930743	0	.04708639	0
1470.15	.253746	.6970606	0	.04919343	0
1469.15	.2477668	.7009663	0	.05126684	0
1468.15	.2418987	.7047937	0	.05330758	0
1467.15	.2361386	.7085449	0	.05531655	0
1466.15	.2304836	.7122218	0	.05729462	0
1465.15	.224931	.7158264	0	.05924264	0
1464.15	.219478	.7193605	0	.06116144	0
1463.15	.2141221	.7228261	0	.0630518	0
1462.15	.2088607	.7262249	0	.06491447	0
1461.15	.2036913	.7295585	0	.06675021	0
1460.15	.1986117	.7328286	0	.06855972	0
1459.15	.1936195	.7360368	0	.07034368	0
1458.15	.1887125	.7391847	0	.07210277	0
1457.15	.1838886	.7422738	0	.07383762	0
1456.15	.1791457	.7453054	0	.07554887	0
1455.15	.1744819	.748281	0	.0772371	0
1454.15	.1698951	.751202	0	.0789029	0
1453.15	.1653835	.7540697	0	.08054683	0
1452.15	.1609453	.7568853	0	.08216945	0
1451.15	.1565787	.75965	0	.08377128	0
1450.15	.152282	.7623652	0	.08535282	0
1449.15	.1480535	.7650319	0	.08691458	0
1448.15	.1438917	.7676513	0	.08845704	0
1447.15	.139795	.7702244	0	.08998065	0
1446.15	.1357618	.7727524	0	.09148588	0
1445.15	.1317907	.7752362	0	.09297316	0
1444.15	.1278802	.7776769	0	.09444291	0
1443.15	.1240291	.7800754	0	.09589554	0
1442.15	.1202359	.7824327	0	.09733147	0
1441.15	.1164993	.7847497	0	.09875106	0
1440.15	.1128181	.7870272	0	.1001547	0
1439.15	.109191	.7892663	0	.1015427	0
1438.15	.1056169	.7914676	0	.1029156	0
1437.15	.1020945	.793632	0	.1042735	0
1436.15	.09862277	.7957604	0	.1056169	0
1435.15	.0952006	.7978534	0	.106946	0
1434.15	.09182691	.7999119	0	.1082612	0
1433.15	.08850066	.8019365	0	.1095628	0
1432.15	.08522084	.803928	0	.1108511	0
1431.15	.08198647	.8058871	0	.1121264	0
1430.15	.07879659	.8078145	0	.1133889	0
1429.15	.07565026	.8097108	0	.114639	0
1428.15	.07254659	.8115766	0	.1158769	0
1427.15	.06948468	.8134126	0	.1171028	0
1426.15	.06646369	.8152193	0	.118317	0
1425.15	.06348277	.8169975	0	.1195198	0
1424.15	.06054111	.8187475	0	.1207113	0
1423.15	.05763791	.8204702	0	.1218919	0
1422.15	.05477241	.8221658	0	.1230618	0
1421.15	.05194384	.8238351	0	.1242211	0
1420.15	.04915148	.8254784	0	.1253701	0
1419.15	.04639461	.8270964	0	.126509	0
1418.15	.04367253	.8286895	0	.1276379	0
1417.15	.04098455	.8302582	0	.1287572	0
1416.15	.03833002	.831803	0	.129867	0
1415.15	.0357083	.8333243	0	.1309674	0
1414.15	.03311874	.8348226	0	.1320587	0
1413.15	.03056073	.8362983	0	.133141	0
1412.15	.02803367	.8377518	0	.1342145	0
1411.15	.02553698	.8391836	0	.1352794	0
1410.15	.02307008	.8405941	0	.1363359	0
1409.15	.02063242	.8419836	0	.137384	0
1408.15	.01822345	.8433526	0	.138424	0
1407.15	.01584263	.8447013	0	.139456	0
1406.15	.01348945	.8460303	0	.1404802	0
1405.15	.0111634	.8473399	0	.1414967	0
1404.15	.008863992	.8486303	0	.1425057	0
1403.15	.006590729	.8499021	0	.1435072	0
1402.15	.004343144	.8511554	0	.1445015	0
1401.15	.002120774	.8523906	0	.1454886	0
1400.185	0	.8535656	0	.1464344	0
1400.185	0	.8535656	0	.1464344	0
1400.15	0	.8535431	0	.1464569	0
1399.15	0	.852903	0	.147097	0
1398.15	0	.8522644	0	.1477356	0
1397.15	0	.8516274	0	.1483726	0
1396.15	0	.8509918	0	.1490082	0
1395.15	0	.8503577	0	.1496423	0
1394.15	0	.8497252	0	.1502749	0
1393.15	0	.8490941	0	.1509059	0
1392.15	0	.8484644	0	.1515356	0
1391.15	0	.8478363	0	.1521637	0
1390.15	0	.8472096	0	.1527904	0
1389.15	0	.8465844	0	.1534156	0
1388.15	0	.8459607	0	.1540393	0
1387.15	0	.8453384	0	.1546616	0
1386.15	0	.8447176	0	.1552825	0
1385.15	0	.8440982	0	.1559018	0
1384.15	0	.8434802	0	.1565198	0
1383.15	0	.8428637	0	.1571363	0
1382.15	0	.8422486	0	.1577514	0
1381.15	0	.8416349	0	.1583651	0
1380.15	0	.8410227	0	.1589773	0
1379.15	0	.8404119	0	.1595881	0
1378.15	0	.8398025	0	.1601975	0
1377.15	0	.8391945	0	.1608055	0
1376.15	0	.8385879	0	.1614121	0
1375.15	0	.8379827	0	.1620173	0
1374.15	0	.8373789	0	.1626212	0
1373.15	0	.8367764	0	.1632236	0
1372.15	0	.8361754	0	.1638246	0
1371.15	0	.8355757	0	.1644243	0
1370.15	0	.8349775	0	.1650225	0
1369.15	0	.8343806	0	.1656195	0
1368.15	0	.833785	0	.166215	0
1367.15	0	.8331908	0	.1668092	0
1366.15	0	.832598	0	.167402	0
1365.15	0	.8320065	0	.1679935	0
1364.15	0	.8314164	0	.1685836	0
1363.15	0	.8308276	0	.1691724	0
1362.15	0	.8302402	0	.1697598	0
1361.15	0	.8296541	0	.170346	0
1360.15	0	.8290693	0	.1709307	0
1359.15	0	.8284858	0	.1715142	0
1358.15	0	.8279037	0	.1720963	0
1357.15	0	.8273229	0	.1726771	0
1356.15	0	.8267434	0	.1732566	0
1355.15	0	.8261652	0	.1738348	0
1354.15	0	.8255883	0	.1744117	0
1353.15	0	.8250127	0	.1749873	0
1352.15	0	.8244385	0	.1755616	0
1351.15	0	.8238655	0	.1761345	0
1350.15	0	.8232938	0	.1767063	0
1349.15	0	.8227233	0	.1772767	0
1348.15	0	.8221542	0	.1778458	0
1347.15	0	.8215863	0	.1784137	0
1346.15	0	.8210197	0	.1789803	0
1345.15	0	.8204544	0	.1795456	0
1344.15	0	.8198904	0	.1801097	0
1343.15	0	.8193276	0	.1806725	0
1342.15	0	.818766	0	.181234	0
1341.15	0	.8182057	0	.1817943	0
1340.15	0	.8176467	0	.1823533	0
1339.15	0	.8170889	0	.1829111	0
1338.15	0	.8165323	0	.1834677	0
1337.15	0	.815977	0	.184023	0
1336.15	0	.8154229	0	.1845771	0
1335.15	0	.81487	0	.18513	0
1334.15	0	.8143184	0	.1856816	0
1333.15	0	.813768	0	.186232	0
1332.15	0	.8132188	0	.1867812	0
1331.15	0	.8126708	0	.1873292	0
1330.15	0	.812124	0	.187876	0
1329.15	0	.8115784	0	.1884216	0
1328.15	0	.8110341	0	.1889659	0
1327.15	0	.8104909	0	.1895091	0
1326.15	0	.8099489	0	.1900511	0
1325.15	0	.8094081	0	.1905919	0
1324.15	0	.8088685	0	.1911315	0
1323.15	0	.8083301	0	.1916699	0
1322.15	0	.8077929	0	.1922071	0
1321.15	0	.8072568	0	.1927432	0
1320.15	0	.8067219	0	.1932781	0
1319.15	0	.8061882	0	.1938118	0
1318.15	0	.8056556	0	.1943444	0
1317.15	0	.8051243	0	.1948758	0
1316.15	0	.804594	0	.195406	0
1315.15	0	.8040649	0	.1959351	0
1314.15	0	.803537	0	.196463	0
1313.15	0	.8030102	0	.1969898	0
1312.15	0	.8024846	0	.1975154	0
1311.15	0	.8019601	0	.1980399	0
1310.15	0	.8014367	0	.1985633	0
1309.15	0	.8009145	0	.1990855	0
1308.15	0	.8003934	0	.1996066	0
1307.15	0	.7998734	0	.2001266	0
1306.15	0	.7993546	0	.2006454	0
1305.15	0	.7988369	0	.2011631	0
1304.15	0	.7983203	0	.2016797	0
1303.15	0	.7978048	0	.2021952	0
1302.15	0	.7972904	0	.2027096	0
1301.15	0	.7967771	0	.2032229	0
1300.15	0	.7962649	0	.2037351	0
1299.15	0	.7957539	0	.2042461	0
1298.15	0	.7952439	0	.2047561	0
1297.15	0	.794735	0	.205265	0
1296.15	0	.7942272	0	.2057728	0
1295.15	0	.7937205	0	.2062795	0
1294.15	0	.7932149	0	.2067851	0
1293.15	0	.7927103	0	.2072897	0
1292.15	0	.7922069	0	.2077931	0
1291.15	0	.7917045	0	.2082955	0
1290.15	0	.7912032	0	.2087968	0
1289.15	0	.7907029	0	.2092971	0
1288.15	0	.7902037	0	.2097963	0
1287.15	0	.7897056	0	.2102944	0
1286.15	0	.7892086	0	.2107915	0
1285.15	0	.7887125	0	.2112875	0
1284.15	0	.7882176	0	.2117824	0
1283.15	0	.7877237	0	.2122763	0
1282.15	0	.7872308	0	.2127692	0
1281.15	0	.786739	0	.213261	0
1280.15	0	.7862482	0	.2137518	0
1279.15	0	.7857585	0	.2142415	0
1278.15	0	.7852698	0	.2147302	0
1277.15	0	.7847821	0	.2152179	0
1276.15	0	.7842955	0	.2157045	0
1275.15	0	.7838099	0	.2161901	0
1274.15	0	.7833253	0	.2166747	0
1273.15	0	.7828417	0	.2171583	0
1272.15	0	.7823591	0	.2176409	0
1271.15	0	.7818776	0	.2181224	0
1270.15	0	.7813971	0	.218603	0
1269.15	0	.7809175	0	.2190825	0
1268.15	0	.780439	0	.219561	0
1267.15	0	.7799615	0	.2200385	0
1266.15	0	.779485	0	.220515	0
1265.15	0	.7790095	0	.2209906	0
1264.15	0	.7785349	0	.2214651	0
1263.15	0	.7780614	0	.2219386	0
1262.15	0	.7775888	0	.2224112	0
1261.15	0	.7771173	0	.2228827	0
1260.15	0	.7766467	0	.2233533	0
1259.15	0	.7761771	0	.2238229	0
1258.15	0	.7757085	0	.2242915	0
1257.15	0	.7752408	0	.2247592	0
1256.15	0	.7747741	0	.2252259	0
1255.15	0	.7743084	0	.2256916	0
1254.15	0	.7738437	0	.2261563	0
1253.15	0	.7733799	0	.2266201	0
1252.15	0	.7729171	0	.2270829	0
1251.15	0	.7724552	0	.2275448	0
1250.15	0	.7719943	0	.2280057	0
1249.15	0	.7715344	0	.2284656	0
1248.15	0	.7710754	0	.2289246	0
1247.15	0	.7706173	0	.2293827	0
1246.15	0	.7701602	0	.2298398	0
1245.15	0	.7697041	0	.2302959	0
1244.15	0	.7692488	0	.2307512	0
1243.15	0	.7687945	0	.2312055	0
1242.15	0	.7683412	0	.2316588	0
1241.15	0	.7678888	0	.2321112	0
1240.15	0	.7674373	0	.2325627	0
1239.15	0	.7669867	0	.2330133	0
1238.15	0	.7665371	0	.2334629	0
1237.15	0	.7660884	0	.2339116	0
1236.15	0	.7656406	0	.2343594	0
1235.15	0	.7651937	0	.2348063	0
1234.15	0	.7647478	0	.2352522	0
1233.15	0	.7643027	0	.2356973	0
1232.15	0	.7638586	0	.2361414	0
1231.15	0	.7634153	0	.2365847	0
1230.15	0	.762973	0	.237027	0
1229.15	0	.7625316	0	.2374684	0
1228.15	0	.7620911	0	.2379089	0
1227.15	0	.7616514	0	.2383486	0
1226.15	0	.7612127	0	.2387873	0
1225.15	0	.7607749	0	.2392251	0
1224.15	0	.7603379	0	.2396621	0
1223.15	0	.7599019	0	.2400981	0
1222.15	0	.7594667	0	.2405333	0
1221.15	0	.7590324	0	.2409676	0
1220.15	0	.758599	0	.241401	0
1219.15	0	.7581665	0	.2418335	0
1218.15	0	.7577348	0	.2422652	0
1217.15	0	.7573041	0	.2426959	0
1216.15	0	.7568742	0	.2431258	0
1215.15	0	.7564451	0	.2435549	0
1214.15	0	.756017	0	.243983	0
1213.15	0	.7555897	0	.2444103	0
1212.15	0	.7551632	0	.2448368	0
1211.15	0	.7547377	0	.2452623	0
1210.15	0	.754313	0	.245687	0
1209.15	0	.7538891	0	.2461109	0
1208.15	0	.7534661	0	.2465339	0
1207.15	0	.753044	0	.2469561	0
1206.15	0	.7526227	0	.2473774	0
1205.15	0	.7522022	0	.2477978	0
1204.15	0	.7517826	0	.2482174	0
1203.15	0	.7513638	0	.2486362	0
1202.15	0	.7509459	0	.2490541	0
1201.15	0	.7505288	0	.2494712	0
1200.15	0	.7501126	0	.2498874	0
1199.15	0	.7496972	0	.2503028	0
1198.15	0	.7492826	0	.2507174	0
1197.15	0	.7488689	0	.2511311	0
1196.15	0	.7484559	0	.2515441	0
1195.15	0	.7480439	0	.2519561	0
1194.15	0	.7476326	0	.2523674	0
1193.15	0	.7472222	0	.2527779	0
1192.15	0	.7468125	0	.2531875	0
1191.15	0	.7464037	0	.2535963	0
1190.15	0	.7459957	0	.2540043	0
1189.15	0	.7455886	0	.2544114	0
1188.15	0	.7451822	0	.2548178	0
1187.15	0	.7447767	0	.2552233	0
1186.15	0	.7443719	0	.2556281	0
1185.15	0	.743968	0	.256032	0
1184.15	0	.7435649	0	.2564351	0
1183.15	0	.7431626	0	.2568375	0
1182.15	0	.742761	0	.257239	0
1181.15	0	.7423603	0	.2576397	0
1180.15	0	.7419604	0	.2580396	0
1179.15	0	.7415613	0	.2584387	0
1178.15	0	.7411629	0	.2588371	0
1177.15	0	.7407654	0	.2592346	0
1176.15	0	.7403686	0	.2596314	0
1175.15	0	.7399726	0	.2600274	0
1174.15	0	.7395774	0	.2604226	0
1173.15	0	.739183	0	.260817	0
1172.15	0	.7387894	0	.2612106	0
1171.15	0	.7383966	0	.2616034	0
1170.15	0	.7380045	0	.2619955	0
1169.15	0	.7376132	0	.2623868	0
1168.15	0	.7372227	0	.2627773	0
1167.15	0	.736833	0	.263167	0
1166.15	0	.736444	0	.263556	0
1165.15	0	.7360558	0	.2639442	0
1164.15	0	.7356684	0	.2643316	0
1163.15	0	.7352817	0	.2647183	0
1162.15	0	.7348958	0	.2651042	0
1161.15	0	.7345107	0	.2654893	0
1160.15	0	.7341263	0	.2658737	0
1159.15	0	.7337427	0	.2662573	0
1158.15	0	.7333598	0	.2666402	0
1157.15	0	.7329777	0	.2670223	0
1156.15	0	.7325963	0	.2674037	0
1155.15	0	.7322157	0	.2677843	0
1154.15	0	.7318358	0	.2681642	0
1153.15	0	.7314567	0	.2685433	0
1152.15	0	.7310784	0	.2689217	0
1151.15	0	.7307007	0	.2692993	0
1150.15	0	.7303238	0	.2696762	0
1149.15	0	.7299477	0	.2700523	0
1148.15	0	.7295723	0	.2704277	0
1147.15	0	.7291977	0	.2708023	0
1146.15	0	.7288237	0	.2711763	0
1145.15	0	.7284505	0	.2715495	0
1144.15	0	.7280781	0	.2719219	0
1143.15	0	.7277064	0	.2722936	0
1142.15	0	.7273354	0	.2726646	0
1141.15	0	.7269651	0	.2730349	0
1140.15	0	.7265955	0	.2734045	0
1139.15	0	.7262267	0	.2737733	0
1138.15	0	.7258586	0	.2741414	0
1137.15	0	.7254913	0	.2745088	0
1136.15	0	.7251246	0	.2748754	0
1135.15	0	.7247587	0	.2752413	0
1134.15	0	.7243934	0	.2756066	0
1133.15	0	.7240289	0	.2759711	0
1132.15	0	.7236651	0	.2763349	0
1131.15	0	.7233021	0	.276698	0
1130.15	0	.7229397	0	.2770603	0
1129.15	0	.722578	0	.277422	0
1128.15	0	.7222171	0	.2777829	0
1127.15	0	.7218568	0	.2781432	0
1126.15	0	.7214973	0	.2785027	0
1125.15	0	.7211384	0	.2788616	0
1124.15	0	.7207803	0	.2792197	0
1123.15	0	.7204228	0	.2795772	0
1122.15	0	.7200661	0	.2799339	0
1121.15	0	.71971	0	.28029	0
1120.15	0	.7193547	0	.2806453	0
1119.15	0	.719	0	.281	0
1118.15	0	.7186461	0	.2813539	0
1117.15	0	.7182928	0	.2817072	0
1116.15	0	.7179402	0	.2820598	0
1115.15	0	.7175883	0	.2824117	0
1114.15	0	.7172371	0	.2827629	0
1113.15	0	.7168866	0	.2831135	0
1112.15	0	.7165367	0	.2834633	0
1111.15	0	.7161875	0	.2838125	0
1110.15	0	.7158391	0	.284161	0
1109.15	0	.7154913	0	.2845088	0
1108.15	0	.7151441	0	.2848559	0
1107.15	0	.7147977	0	.2852023	0
1106.15	0	.7144519	0	.2855481	0
1105.15	0	.7141068	0	.2858932	0
1104.15	0	.7137624	0	.2862376	0
1103.15	0	.7134186	0	.2865814	0
1102.15	0	.7130755	0	.2869245	0
1101.15	0	.7127331	0	.2872669	0
1100.15	0	.7123913	0	.2876087	0
1099.15	0	.7120503	0	.2879497	0
1098.15	0	.7117098	0	.2882902	0
1097.15	0	.7113701	0	.2886299	0
1096.15	0	.711031	0	.288969	0
1095.15	0	.7106925	0	.2893075	0
1094.15	0	.7103548	0	.2896453	0
1093.15	0	.7100176	0	.2899824	0
1092.15	0	.7096812	0	.2903188	0
1091.15	0	.7093453	0	.2906547	0
1090.15	0	.7090102	0	.2909898	0
1089.15	0	.7086757	0	.2913243	0
1088.15	0	.7083418	0	.2916582	0
1087.15	0	.7080086	0	.2919914	0
1086.15	0	.7076761	0	.2923239	0
1085.15	0	.7073442	0	.2926558	0
1084.15	0	.7070129	0	.2929871	0
1083.15	0	.7066823	0	.2933177	0
1082.15	0	.7063523	0	.2936477	0
1081.15	0	.706023	0	.293977	0
1080.15	0	.7056943	0	.2943057	0
1079.15	0	.7053662	0	.2946338	0
1078.15	0	.7050388	0	.2949612	0
1077.15	0	.7047121	0	.295288	0
1076.15	0	.7043859	0	.2956141	0
1075.15	0	.7040604	0	.2959396	0
1074.15	0	.7037355	0	.2962645	0
1073.15	0	.7034113	0	.2965887	0
1072.15	0	.7030877	0	.2969123	0
1071.15	0	.7027647	0	.2972353	0
1070.15	0	.7024424	0	.2975576	0
1069.15	0	.7021207	0	.2978793	0
1068.15	0	.7017996	0	.2982004	0
1067.15	0	.7014791	0	.2985209	0
1066.15	0	.7011593	0	.2988407	0
1065.15	0	.7008401	0	.2991599	0
1064.15	0	.7005215	0	.2994785	0
1063.15	0	.7002035	0	.2997965	0
1062.15	0	.6998862	0	.3001139	0
1061.15	0	.6995694	0	.3004306	0
1060.15	0	.6992533	0	.3007467	0
1059.15	0	.6989378	0	.3010622	0
1058.15	0	.6986229	0	.3013771	0
1057.15	0	.6983087	0	.3016913	0
1056.15	0	.697995	0	.302005	0
1055.15	0	.697682	0	.302318	0
1054.15	0	.6973696	0	.3026305	0
1053.15	0	.6970577	0	.3029423	0
1052.15	0	.6967465	0	.3032535	0
1051.15	0	.6964359	0	.3035641	0
1050.15	0	.6961259	0	.3038741	0
1049.15	0	.6958165	0	.3041835	0
1048.15	0	.6955078	0	.3044922	0
1047.15	0	.6951996	0	.3048004	0
1046.15	0	.694892	0	.305108	0
1045.15	0	.6945851	0	.305415	0
1044.15	0	.6942787	0	.3057213	0
1043.15	0	.6939729	0	.3060271	0
1042.15	0	.6936677	0	.3063323	0
1041.15	0	.6933632	0	.3066368	0
1040.15	0	.6930592	0	.3069408	0
1039.15	0	.6927558	0	.3072442	0
1038.15	0	.692453	0	.307547	0
1037.15	0	.6921508	0	.3078492	0
1036.15	0	.6918493	0	.3081508	0
1035.15	0	.6915482	0	.3084518	0
1034.15	0	.6912478	0	.3087522	0
1033.15	0	.690948	0	.309052	0
1032.15	0	.6906488	0	.3093512	0
1031.15	0	.6903501	0	.3096499	0
1030.15	0	.6900521	0	.3099479	0
1029.15	0	.6897546	0	.3102454	0
1028.15	0	.6894577	0	.3105423	0
1027.15	0	.6891614	0	.3108386	0
1026.15	0	.6888657	0	.3111343	0
1025.15	0	.6885706	0	.3114294	0
1024.15	0	.688276	0	.311724	0
1023.15	0	.6879821	0	.3120179	0
1022.15	0	.6876887	0	.3123113	0
1021.15	0	.6873959	0	.3126041	0
1020.15	0	.6871037	0	.3128964	0
1019.15	0	.686812	0	.313188	0
1018.15	0	.6865209	0	.3134791	0
1017.15	0	.6862304	0	.3137696	0
1016.15	0	.6859405	0	.3140595	0
1015.905	0	.6858695	0	.3141305	0
1015.905	0	.6858695	0	.3141305	0
1015.905	0	.6858695	0	.3141305	0
1015.15	0	.6852626	4.270046E-04	.3143104	0
1014.15	0	.6844603	9.915382E-04	.3145482	0
1013.15	0	.6836601	.001554632	.3147853	0
1012.15	0	.682862	.002116288	.3150217	0
1011.15	0	.6820661	.00267651	.3152574	0
1010.15	0	.6812723	.003235302	.3154924	0
1009.15	0	.6804806	.003792667	.3157268	0
1008.15	0	.679691	.004348609	.3159604	0
1007.15	0	.6789035	.00490313	.3161934	0
1006.15	0	.6781181	.005456235	.3164257	0
1005.15	0	.6773348	.006007926	.3166573	0
1004.15	0	.6765535	.006558209	.3168883	0
1003.15	0	.6757744	.007107085	.3171185	0
1002.15	0	.6749974	.007654559	.3173481	0
1001.15	0	.6742224	.008200636	.317577	0
1000.15	0	.6734495	.008745317	.3178052	0
999.15	0	.6726787	.009288609	.3180327	0
998.15	0	.67191	.009830513	.3182595	0
997.15	0	.6711433	.01037103	.3184857	0
996.15	0	.6703787	.01091018	.3187111	0
995.15	0	.6696162	.01144795	.3189359	0
994.15	0	.6688557	.01198435	.31916	0
993.15	0	.6680972	.01251938	.3193834	0
992.15	0	.6673408	.01305305	.3196061	0
991.15	0	.6665865	.01358536	.3198281	0
990.15	0	.6658342	.01411632	.3200495	0
989.15	0	.6650839	.01464593	.3202701	0
988.15	0	.6643357	.0151742	.3204901	0
987.15	0	.6635895	.01570113	.3207094	0
986.15	0	.6628453	.01622673	.320928	0
985.15	0	.6621031	.01675099	.3211459	0
984.15	0	.661363	.01727393	.3213631	0
983.15	0	.6606249	.01779555	.3215796	0
982.15	0	.6598887	.01831586	.3217954	0
981.15	0	.6591546	.01883486	.3220105	0
980.15	0	.6584225	.01935255	.322225	0
979.15	0	.6576924	.01986894	.3224387	0
978.15	0	.6569642	.02038404	.3226518	0
977.15	0	.6562381	.02089786	.3228641	0
976.15	0	.6555139	.02141039	.3230757	0
975.15	0	.6547917	.02192164	.3232867	0
974.15	0	.6540714	.02243162	.3234969	0
973.15	0	.6533532	.02294034	.3237065	0
972.15	0	.6526369	.0234478	.3239153	0
971.15	0	.6519225	.02395401	.3241235	0
970.15	0	.6512101	.02445897	.3243309	0
969.15	0	.6504997	.02496269	.3245376	0
968.15	0	.6497912	.02546517	.3247437	0
967.15	0	.6490846	.02596643	.324949	0
966.15	0	.64838	.02646647	.3251536	0
965.15	0	.6476772	.0269653	.3253575	0
964.15	0	.6469764	.02746291	.3255607	0
963.15	0	.6462775	.02795933	.3257631	0
962.15	0	.6455806	.02845456	.3259649	0
961.15	0	.6448855	.0289486	.3261659	0
960.15	0	.6441923	.02944147	.3263662	0
959.15	0	.643501	.02993316	.3265658	0
958.15	0	.6428116	.0304237	.3267647	0
957.15	0	.6421241	.03091308	.3269629	0
956.15	0	.6414384	.03140131	.3271603	0
955.15	0	.6407546	.0318884	.327357	0
954.15	0	.6400726	.03237437	.327553	0
953.15	0	.6393926	.03285922	.3277482	0
952.15	0	.6387143	.03334295	.3279428	0
951.15	0	.6380379	.03382558	.3281365	0
950.15	0	.6373633	.03430711	.3283296	0
949.15	0	.6366905	.03478756	.3285219	0
948.15	0	.6360196	.03526694	.3287135	0
947.15	0	.6353505	.03574525	.3289043	0
946.15	0	.6346832	.0362225	.3290944	0
945.15	0	.6340176	.0366987	.3292837	0
944.15	0	.6333539	.03717387	.3294723	0
943.15	0	.6326919	.03764802	.3296601	0
942.15	0	.6320317	.03812114	.3298472	0
941.15	0	.6313732	.03859327	.3300335	0
940.15	0	.6307165	.03906439	.3302191	0
939.15	0	.6300616	.03953454	.3304039	0
938.15	0	.6294084	.04000371	.3305879	0
937.15	0	.6287569	.04047193	.3307712	0
936.15	0	.6281071	.04093919	.3309537	0
935.15	0	.627459	.04140552	.3311355	0
934.15	0	.6268127	.04187093	.3313164	0
933.15	0	.626168	.04233542	.3314966	0
932.15	0	.625525	.04279902	.331676	0
931.15	0	.6248836	.04326173	.3318546	0
930.15	0	.624244	.04372356	.3320325	0
929.15	0	.6236059	.04418454	.3322095	0
928.15	0	.6229696	.04464467	.3323858	0
927.15	0	.6223348	.04510397	.3325612	0
926.15	0	.6217016	.04556246	.3327359	0
925.15	0	.6210701	.04602014	.3329098	0
924.15	0	.6204402	.04647703	.3330828	0
923.15	0	.6198118	.04693315	.3332551	0
922.15	0	.619185	.04738851	.3334265	0
921.15	0	.6185598	.04784313	.3335971	0
920.15	0	.6179361	.04829703	.3337669	0
919.15	0	.6173139	.04875021	.3339359	0
918.15	0	.6166933	.04920271	.334104	0
917.15	0	.6160741	.04965452	.3342714	0
916.15	0	.6154565	.05010568	.3344378	0
915.15	0	.6148403	.0505562	.3346035	0
914.15	0	.6142256	.05100609	.3347683	0
913.15	0	.6136124	.05145538	.3349322	0
912.15	0	.6130006	.05190409	.3350953	0
911.15	0	.6123902	.05235222	.3352576	0
910.15	0	.6117813	.05279981	.3354189	0
909.15	0	.6111737	.05324688	.3355794	0
908.15	0	.6105675	.05369343	.3357391	0
907.15	0	.6099627	.0541395	.3358979	0
906.15	0	.6093592	.0545851	.3360557	0
905.15	0	.608757	.05503025	.3362127	0
904.15	0	.6081562	.05547499	.3363689	0
903.15	0	.6075566	.05591932	.3365241	0
902.15	0	.6069583	.05636328	.3366784	0
901.15	0	.6063613	.05680687	.3368318	0
900.15	0	.6057656	.05725014	.3369843	0
899.15	0	.605171	.0576931	.3371359	0
898.15	0	.6045777	.05813578	.3372866	0
897.15	0	.6039855	.0585782	.3374363	0
896.15	0	.6033945	.05902039	.3375851	0
895.15	0	.6028047	.05946237	.337733	0
894.15	0	.602216	.05990418	.3378799	0
893.15	0	.6016284	.06034583	.3380258	0
892.15	0	.6010418	.06078735	.3381708	0
891.15	0	.6004563	.06122879	.3383149	0
890.15	0	.5998719	.06167015	.3384579	0
889.15	0	.5992885	.06211147	.3386	0
888.15	0	.5987061	.06255279	.3387411	0
887.15	0	.5981247	.06299412	.3388812	0
886.15	0	.5975441	.06343551	.3390203	0
885.15	0	.5969646	.06387699	.3391584	0
884.15	0	.5963859	.06431858	.3392955	0
883.15	0	.5958081	.06476033	.3394316	0
882.15	0	.5952311	.06520226	.3395666	0
881.15	0	.594655	.06564441	.3397006	0
880.15	0	.5940796	.06608681	.3398336	0
879.15	0	.593505	.06652951	.3399655	0
878.15	0	.5929312	.06697253	.3400963	0
877.15	0	.592358	.06741592	.3402261	0
876.15	0	.5917856	.06785971	.3403547	0
875.15	0	.5912137	.06830395	.3404823	0
874.15	0	.5906425	.06874867	.3406088	0
873.15	0	.5900719	.06919392	.3407342	0
872.15	0	.5895018	.06963973	.3408584	0
871.15	0	.5889323	.07008615	.3409816	0
870.15	0	.5883632	.07053323	.3411036	0
869.15	0	.5877946	.07098101	.3412244	0
868.15	0	.5872264	.07142953	.3413441	0
867.15	0	.5866586	.07187885	.3414626	0
866.15	0	.5860911	.072329	.3415799	0
865.15	0	.5855239	.07278005	.341696	0
864.15	0	.584957	.07323204	.341811	0
863.15	0	.5843903	.07368502	.3419247	0
862.15	0	.5838238	.07413904	.3420371	0
861.15	0	.5832575	.07459417	.3421484	0
860.15	0	.5826912	.07505046	.3422583	0
859.15	0	.582125	.07550795	.3423671	0
858.15	0	.5815588	.07596672	.3424745	0
857.15	0	.5809926	.07642683	.3425806	0
856.15	0	.5804263	.07688833	.3426854	0
855.15	0	.5798598	.07735128	.3427889	0
854.15	0	.5792932	.07781576	.342891	0
853.15	0	.5787264	.07828184	.3429918	0
852.15	0	.5781592	.07874957	.3430912	0
851.15	0	.5775918	.07921903	.3431892	0
850.15	0	.5770239	.0796903	.3432858	0
849.15	0	.5764556	.08016345	.343381	0
848.15	0	.5758868	.08063855	.3434747	0
847.15	0	.5753174	.0811157	.3435669	0
846.15	0	.5747473	.08159496	.3436577	0
845.15	0	.5741766	.08207642	.343747	0
844.15	0	.5736051	.08256017	.3438347	0
843.15	0	.5730328	.08304631	.3439209	0
842.15	0	.5724595	.08353492	.3440055	0
841.15	0	.5718853	.0840261	.3440886	0
840.15	0	.5713101	.08451996	.34417	0
839.15	0	.5707337	.08501658	.3442498	0
838.15	0	.5701561	.08551609	.3443278	0
837.15	0	.5695772	.08601859	.3444043	0
836.15	0	.5689969	.08652419	.344479	0
835.15	0	.5684151	.08703301	.3445519	0
834.15	0	.5678318	.08754518	.344623	0
833.15	0	.5672468	.08806083	.3446924	0
832.15	0	.56666	.08858009	.3447599	0
831.15	0	.5660714	.08910308	.3448255	0
830.15	0	.5654808	.08962998	.3448892	0
829.15	0	.5648881	.09016091	.344951	0
828.15	0	.5642932	.09069603	.3450108	0
827.15	0	.563696	.09123552	.3450685	0
826.15	0	.5630963	.09177953	.3451242	0
825.15	0	.562494	.09232825	.3451778	0
824.15	0	.561889	.09288186	.3452292	0
823.15	0	.561281	.09344056	.3452784	0
822.15	0	.5606701	.09400456	.3453254	0
821.15	0	.5600559	.09457406	.34537	0
820.15	0	.5594384	.09514929	.3454123	0
819.15	0	.5588173	.0957305	.3454522	0
818.15	0	.5581925	.09631792	.3454896	0
817.15	0	.5575637	.09691182	.3455245	0
816.15	0	.5569308	.09751248	.3455567	0
815.15	0	.5562935	.0981202	.3455863	0
814.15	0	.5556516	.09873528	.3456131	0
813.15	0	.5550049	.09935805	.3456371	0
812.15	0	.554353	.09998887	.3456581	0
811.15	0	.5536957	.1006281	.3456762	0
810.15	0	.5530327	.1012761	.3456911	0
809.15	0	.5523637	.1019334	.3457029	0
808.15	0	.5516884	.1026004	.3457113	0
807.15	0	.5510063	.1032775	.3457163	0
806.15	0	.5503171	.1039653	.3457177	0
805.15	0	.5496203	.1046643	.3457154	0
804.15	0	.5489156	.1053752	.3457093	0
803.15	0	.5482024	.1060985	.3456992	0
802.15	0	.5474801	.106835	.3456849	0
801.15	0	.5467483	.1075855	.3456663	0
800.15	0	.5460062	.1083507	.3456431	0
799.15	0	.5452532	.1091316	.3456152	0
798.15	0	.5444886	.1099291	.3455822	0
797.15	0	.5437116	.1107444	.3455441	0
796.15	0	.5429211	.1115786	.3455004	0
795.15	0	.5421163	.112433	.3454508	0
794.15	0	.5412959	.1133091	.345395	0
793.15	0	.5404589	.1142085	.3453327	0
792.15	0	.5396037	.115133	.3452633	0
791.15	0	.5387288	.1160848	.3451865	0
790.15	0	.5378335	.1170652	.3451013	0
789.15	0	.5369136	.1180787	.3450077	0
788.15	0	.5352602	.1200116	.3447283	0
787.15	0	.5336795	.1218597	.3444608	0
786.15	0	.5321921	.123597	.3442109	0
785.15	0	.5307879	.1252356	.3439765	0
784.15	0	.5294583	.1267856	.3437561	0
783.15	0	.5281961	.1282557	.3435482	0
782.15	0	.5269951	.1296534	.3433516	0
781.15	0	.5258498	.1309851	.3431651	0
780.15	0	.5247557	.1322563	.342988	0
779.15	0	.5237086	.133472	.3428194	0
778.15	0	.5227049	.1346366	.3426585	0
777.15	0	.5217413	.1357539	.3425049	0
776.15	0	.520815	.1368272	.3423578	0
775.15	0	.5199234	.1378598	.3422169	0
774.15	0	.5190642	.1388542	.3420816	0
773.15	0	.5182353	.1398131	.3419516	0
772.15	0	.5174349	.1407386	.3418265	0
771.15	0	.5166612	.1416329	.3417059	0
770.15	0	.5159126	.1424977	.3415897	0
769.15	0	.5151877	.1433349	.3414774	0
768.15	0	.5144852	.1441459	.3413689	0
767.15	0	.5138039	.1449322	.341264	0
766.15	0	.5131426	.1456951	.3411623	0
765.15	0	.5125003	.1464358	.3410638	0
764.15	0	.5118761	.1471556	.3409683	0
763.15	0	.5112692	.1478554	.3408755	0
762.15	0	.5106785	.1485361	.3407853	0
761.15	0	.5101035	.1491988	.3406977	0
760.15	0	.5095433	.1498443	.3406124	0
759.15	0	.5089974	.1504733	.3405293	0
758.15	0	.508465	.1510866	.3404484	0
757.15	0	.5079456	.151685	.3403695	0
756.15	0	.5074386	.1522689	.3402925	0
755.15	0	.5069436	.1528391	.3402173	0
754.15	0	.50646	.1533961	.3401438	0
753.15	0	.5059874	.1539406	.340072	0
752.15	0	.5055254	.1544728	.3400018	0
751.15	0	.5050734	.1549935	.3399331	0
750.15	0	.5046312	.155503	.3398658	0
749.15	0	.5041984	.1560017	.3397999	0
748.15	0	.5037747	.15649	.3397353	0
747.15	0	.5033596	.1569685	.3396719	0
746.15	0	.502953	.1574373	.3396098	0
745.15	0	.5025544	.1578969	.3395488	0
744.15	0	.5021636	.1583475	.3394888	0
743.15	0	.5017804	.1587896	.33943	0
742.15	0	.5014045	.1592234	.3393721	0
741.15	0	.5010356	.1596492	.3393152	0
740.15	0	.5006736	.1600672	.3392593	0
739.15	0	.5003181	.1604777	.3392042	0
738.15	0	.499969	.160881	.33915	0
737.15	0	.4996261	.1612773	.3390966	0
736.15	0	.4992892	.1616669	.3390439	0
735.15	0	.4989581	.1620498	.3389921	0
734.15	0	.4986326	.1624265	.338941	0
733.15	0	.4983125	.1627969	.3388905	0
732.15	0	.4979978	.1631615	.3388408	0
731.15	0	.4976882	.1635202	.3387917	0
730.15	0	.4973835	.1638733	.3387432	0
729.15	0	.4970838	.164221	.3386953	0
728.15	0	.4967887	.1645634	.3386479	0
727.15	0	.4964982	.1649007	.3386012	0
726.15	0	.4962121	.1652329	.338555	0
725.15	0	.4959304	.1655604	.3385092	0
724.15	0	.4956528	.1658831	.338464	0
723.15	0	.4953794	.1662013	.3384193	0
722.15	0	.4951099	.1665151	.338375	0
721.15	0	.4948443	.1668245	.3383312	0
720.15	0	.4945826	.1671297	.3382878	0
719.15	0	.4943244	.1674308	.3382448	0
718.15	0	.4940699	.167728	.3382022	0
717.15	0	.4938188	.1680212	.33816	0
716.15	0	.4935712	.1683107	.3381181	0
715.15	0	.4933268	.1685965	.3380766	0
714.15	0	.4930857	.1688788	.3380355	0
713.15	0	.4928478	.1691575	.3379947	0
712.15	0	.492613	.1694328	.3379542	0
711.15	0	.4923811	.1697048	.3379141	0
710.15	0	.4921522	.1699736	.3378742	0
709.15	0	.4919262	.1702392	.3378346	0
708.15	0	.4917029	.1705018	.3377953	0
707.15	0	.4914824	.1707613	.3377563	0
706.15	0	.4912646	.1710179	.3377175	0
705.15	0	.4910494	.1712716	.337679	0
704.15	0	.4908367	.1715226	.3376407	0
703.15	0	.4906265	.1717708	.3376027	0
702.15	0	.4904188	.1720163	.3375649	0
701.15	0	.4902134	.1722592	.3375273	0
700.15	0	.4900104	.1724996	.33749	0
699.15	0	.4898097	.1727375	.3374528	0
698.15	0	.4896112	.172973	.3374158	0
697.15	0	.4894149	.173206	.337379	0
696.15	0	.4892208	.1734368	.3373425	0
695.15	0	.4890287	.1736652	.337306	0
694.15	0	.4888387	.1738915	.3372698	0
693.15	0	.4886508	.1741155	.3372337	0
692.15	0	.4884647	.1743375	.3371978	0
691.15	0	.4882807	.1745573	.3371621	0
690.15	0	.4880985	.1747751	.3371265	0
689.15	0	.4879181	.1749909	.337091	0
688.15	0	.4877396	.1752047	.3370557	0
687.15	0	.4875629	.1754166	.3370205	0
686.15	0	.4873879	.1756266	.3369855	0
685.15	0	.4872146	.1758348	.3369506	0
684.15	0	.487043	.1760412	.3369158	0
683.15	0	.4868731	.1762458	.3368811	0
682.15	0	.4867047	.1764487	.3368466	0
681.15	0	.486538	.1766499	.3368121	0
680.15	0	.4863728	.1768494	.3367778	0
679.15	0	.4862092	.1770473	.3367436	0
678.15	0	.4860471	.1772435	.3367094	0
677.15	0	.4858864	.1774382	.3366754	0
676.15	0	.4857272	.1776314	.3366415	0
675.15	0	.4855694	.177823	.3366076	0
674.15	0	.485413	.1780132	.3365739	0
673.15	0	.4852579	.1782019	.3365402	0
672.15	0	.4851043	.1783891	.3365066	0
671.15	0	.4849519	.178575	.3364731	0
670.15	0	.4848009	.1787595	.3364396	0
669.15	0	.4846511	.1789426	.3364063	0
668.15	0	.4845026	.1791244	.336373	0
667.15	0	.4843553	.1793049	.3363398	0
666.15	0	.4842093	.1794841	.3363066	0
665.15	0	.4840644	.179662	.3362736	0
664.15	0	.4839207	.1798387	.3362405	0
663.15	0	.4837782	.1800142	.3362076	0
662.15	0	.4836368	.1801885	.3361747	0
661.15	0	.4834966	.1803616	.3361418	0
660.15	0	.4833574	.1805336	.336109	0
659.15	0	.4832193	.1807044	.3360763	0
658.15	0	.4830823	.1808741	.3360436	0
657.15	0	.4829464	.1810426	.336011	0
656.15	0	.4828115	.1812101	.3359784	0
655.15	0	.4826776	.1813766	.3359459	0
654.15	0	.4825447	.181542	.3359134	0
653.15	0	.4824128	.1817063	.3358809	0
652.15	0	.4822818	.1818697	.3358485	0
651.15	0	.4821519	.182032	.3358161	0
650.15	0	.4820229	.1821934	.3357838	0
649.15	0	.4818948	.1823538	.3357515	0
648.15	0	.4817676	.1825132	.3357192	0
647.15	0	.4816413	.1826717	.335687	0
646.15	0	.4815159	.1828292	.3356548	0
645.15	0	.4813914	.1829859	.3356227	0
644.15	0	.4812678	.1831417	.3355906	0
643.15	0	.481145	.1832965	.3355585	0
642.15	0	.4810231	.1834506	.3355264	0
641.15	0	.4809019	.1836037	.3354944	0
640.15	0	.4807816	.183756	.3354624	0
639.15	0	.4806622	.1839075	.3354304	0
638.15	0	.4805435	.1840581	.3353984	0
637.15	0	.4804256	.1842079	.3353665	0
636.15	0	.4803084	.184357	.3353346	0
635.15	0	.480192	.1845052	.3353027	0
634.15	0	.4800764	.1846527	.3352709	0
633.15	0	.4799616	.1847994	.3352391	0
632.15	0	.4798474	.1849453	.3352073	0
631.15	0	.479734	.1850905	.3351755	0
630.15	0	.4796213	.185235	.3351437	0
629.15	0	.4795094	.1853787	.3351119	0
628.15	0	.4793981	.1855217	.3350802	0
627.15	0	.4792875	.185664	.3350485	0
626.15	0	.4791776	.1858056	.3350168	0
625.15	0	.4790683	.1859466	.3349852	0
624.15	0	.4789597	.1860868	.3349535	0
623.15	0	.4788518	.1862264	.3349219	0
622.15	0	.4787445	.1863653	.3348902	0
621.15	0	.4786379	.1865035	.3348586	0
620.15	0	.4785319	.1866411	.334827	0
619.15	0	.4784265	.186778	.3347955	0
618.15	0	.4783217	.1869144	.3347639	0
617.15	0	.4782176	.1870501	.3347324	0
616.15	0	.478114	.1871851	.3347008	0
615.15	0	.4780111	.1873196	.3346693	0
614.15	0	.4779087	.1874535	.3346378	0
613.15	0	.4778069	.1875867	.3346063	0
612.15	0	.4777057	.1877194	.3345749	0
611.15	0	.4776051	.1878515	.3345434	0
610.15	0	.477505	.187983	.334512	0
609.15	0	.4774055	.188114	.3344805	0
608.15	0	.4773065	.1882444	.3344491	0
607.15	0	.4772081	.1883742	.3344177	0
606.15	0	.4771102	.1885035	.3343863	0
605.15	0	.4770129	.1886322	.3343549	0
604.15	0	.4769161	.1887604	.3343235	0
603.15	0	.4768198	.1888881	.3342922	0
602.15	0	.476724	.1890152	.3342608	0
601.15	0	.4766287	.1891418	.3342295	0
600.15	0	.476534	.1892679	.3341982	0
599.15	0	.4764397	.1893934	.3341669	0
598.15	0	.476346	.1895185	.3341356	0
597.15	0	.4762527	.189643	.3341043	0
596.15	0	.4761599	.1897671	.334073	0
595.15	0	.4760676	.1898907	.3340417	0
594.15	0	.4759758	.1900137	.3340105	0
593.15	0	.4758844	.1901363	.3339792	0
592.15	0	.4757936	.1902585	.333948	0
591.15	0	.4757031	.1903801	.3339168	0
590.15	0	.4756132	.1905013	.3338856	0
589.15	0	.4755237	.190622	.3338544	0
588.15	0	.4754346	.1907422	.3338232	0
587.15	0	.475346	.190862	.3337921	0
586.15	0	.4752578	.1909813	.3337609	0
585.15	0	.4751701	.1911002	.3337298	0
584.15	0	.4750828	.1912186	.3336986	0
583.15	0	.4749959	.1913366	.3336675	0
582.15	0	.4749095	.1914541	.3336364	0
581.15	0	.4748235	.1915712	.3336053	0
580.15	0	.4747379	.1916879	.3335743	0
579.15	0	.4746527	.1918041	.3335432	0
578.15	0	.4745679	.19192	.3335121	0
577.15	0	.4744835	.1920354	.3334811	0
576.15	0	.4743996	.1921503	.3334501	0
575.15	0	.474316	.1922649	.3334191	0
574.15	0	.4742329	.1923791	.3333881	0
573.15	0	.4741501	.1924928	.3333571	0
572.15	0	.4740677	.1926061	.3333262	0
571.15	0	.4739857	.1927191	.3332952	0
570.15	0	.4739041	.1928316	.3332643	0
569.15	0	.4738229	.1929437	.3332334	0
568.15	0	.4737421	.1930555	.3332025	0
567.15	0	.4736616	.1931668	.3331716	0
566.15	0	.4735815	.1932778	.3331407	0
565.15	0	.4735018	.1933883	.3331099	0
564.15	0	.4734224	.1934985	.3330791	0
563.15	0	.4733434	.1936083	.3330482	0
562.15	0	.4732648	.1937178	.3330174	0
561.15	0	.4731865	.1938268	.3329867	0
560.15	0	.4731086	.1939355	.3329559	0
559.15	0	.4730311	.1940438	.3329252	0
558.15	0	.4729539	.1941517	.3328944	0
557.15	0	.472877	.1942593	.3328637	0
556.15	0	.4728005	.1943665	.332833	0
555.15	0	.4727243	.1944733	.3328024	0
554.15	0	.4726485	.1945798	.3327717	0
553.15	0	.472573	.1946859	.3327411	0
552.15	0	.4724978	.1947917	.3327105	0
551.15	0	.472423	.1948971	.3326799	0
550.15	0	.4723485	.1950021	.3326494	0
549.15	0	.4722744	.1951068	.3326188	0
548.15	0	.4722006	.1952111	.3325883	0
547.15	0	.4721271	.1953151	.3325578	0
546.15	0	.4720539	.1954188	.3325273	0
545.15	0	.471981	.1955221	.3324969	0
544.15	0	.4719085	.1956251	.3324665	0
543.15	0	.4718363	.1957277	.332436	0
542.15	0	.4717644	.19583	.3324057	0
541.15	0	.4716929	.1959319	.3323752	0
540.15	0	.4716216	.1960335	.3323449	0
539.15	0	.4715506	.1961348	.3323146	0
538.15	0	.47148	.1962357	.3322843	0
537.15	0	.4714096	.1963363	.332254	0
536.15	0	.4713396	.1964366	.3322238	0
535.15	0	.4712698	.1965366	.3321936	0
534.15	0	.4712004	.1966362	.3321634	0
533.15	0	.4711312	.1967355	.3321333	0
532.15	0	.4710624	.1968345	.3321032	0
531.15	0	.4709938	.1969331	.3320731	0
530.15	0	.4709255	.1970314	.332043	0
529.15	0	.4708576	.1971295	.332013	0
528.15	0	.4707899	.1972271	.331983	0
527.15	0	.4707225	.1973245	.331953	0
526.15	0	.4706554	.1974216	.3319231	0
525.15	0	.4705886	.1975183	.3318932	0
524.15	0	.470522	.1976147	.3318633	0
523.15	0	.4704558	.1977108	.3318334	0
522.15	0	.4703898	.1978066	.3318036	0
521.15	0	.4703241	.1979021	.3317738	0
520.15	0	.4702587	.1979973	.3317441	0
519.15	0	.4701935	.1980921	.3317143	0
518.15	0	.4701287	.1981867	.3316847	0
517.15	0	.4700641	.1982809	.331655	0
516.15	0	.4699998	.1983748	.3316254	0
515.15	0	.4699357	.1984685	.3315958	0
514.15	0	.4698719	.1985618	.3315663	0
513.15	0	.4698084	.1986548	.3315367	0
512.15	0	.4697452	.1987475	.3315073	0
511.15	0	.4696822	.1988399	.3314778	0
510.15	0	.4696195	.1989321	.3314484	0
509.15	0	.4695571	.1990239	.3314191	0
508.15	0	.4694949	.1991154	.3313897	0
507.15	0	.469433	.1992066	.3313605	0
506.15	0	.4693713	.1992975	.3313312	0
505.15	0	.4693099	.1993881	.331302	0
504.15	0	.4692488	.1994784	.3312728	0
503.15	0	.4691879	.1995685	.3312437	0
502.15	0	.4691272	.1996582	.3312146	0
501.15	0	.4690669	.1997476	.3311856	0
500.15	0	.4690067	.1998367	.3311565	0
499.15	0	.4689469	.1999256	.3311276	0
498.15	0	.4688872	.2000141	.3310986	0
497.15	0	.4688279	.2001024	.3310698	0
496.15	0	.4687687	.2001903	.3310409	0
495.15	0	.4687099	.200278	.3310121	0
494.15	0	.4686512	.2003654	.3309834	0
493.15	0	.4685928	.2004525	.3309547	0
492.15	0	.4685347	.2005393	.330926	0
491.15	0	.4684768	.2006258	.3308974	0
490.15	0	.4684192	.200712	.3308689	0
489.15	0	.4683618	.2007979	.3308403	0
488.15	0	.4683046	.2008836	.3308119	0
487.15	0	.4682477	.2009689	.3307834	0
486.15	0	.468191	.201054	.330755	0
485.15	0	.4681345	.2011388	.3307267	0
484.15	0	.4680783	.2012233	.3306984	0
483.15	0	.4680224	.2013075	.3306702	0
482.15	0	.4679666	.2013914	.330642	0
481.15	0	.4679111	.201475	.3306139	0
480.15	0	.4678558	.2015584	.3305858	0
479.15	0	.4678008	.2016414	.3305578	0
478.15	0	.467746	.2017242	.3305298	0
477.15	0	.4676914	.2018067	.3305018	0
476.15	0	.4676371	.2018889	.330474	0
475.15	0	.467583	.2019709	.3304461	0
474.15	0	.4675291	.2020525	.3304184	0
473.15	0	.4674755	.2021339	.3303906	0
472.15	0	.467422	.202215	.330363	0
471.15	0	.4673688	.2022958	.3303354	0
470.15	0	.4673159	.2023763	.3303078	0
469.15	0	.4672631	.2024566	.3302803	0
468.15	0	.4672106	.2025365	.3302529	0
467.15	0	.4671583	.2026162	.3302255	0
466.15	0	.4671063	.2026956	.3301981	0
465.15	0	.4670544	.2027747	.3301709	0
464.15	0	.4670028	.2028536	.3301437	0
463.15	0	.4669514	.2029321	.3301165	0
462.15	0	.4669002	.2030104	.3300894	0
461.15	0	.4668492	.2030884	.3300623	0
460.15	0	.4667985	.2031661	.3300354	0
459.15	0	.466748	.2032436	.3300084	0
458.15	0	.4666977	.2033208	.3299816	0
457.15	0	.4666476	.2033977	.3299548	0
456.15	0	.4665977	.2034743	.329928	0
455.15	0	.466548	.2035506	.3299014	0
454.15	0	.4664986	.2036267	.3298747	0
453.15	0	.4664494	.2037024	.3298482	0
452.15	0	.4664004	.203778	.3298217	0
451.15	0	.4663516	.2038532	.3297953	0
450.15	0	.466303	.2039281	.3297689	0
449.15	0	.4662546	.2040028	.3297426	0
448.15	0	.4662065	.2040771	.3297164	0
447.15	0	.4661586	.2041512	.3296902	0
446.15	0	.4661109	.2042249	.3296641	0
445.15	0	.4660635	.2042984	.3296381	0
444.15	0	.4660162	.2043716	.3296122	0
443.15	0	.4659692	.2044444	.3295863	0
442.15	0	.4659224	.204517	.3295606	0
441.15	0	.4658759	.2045893	.3295349	0
440.15	0	.4658296	.2046612	.3295092	0
439.15	0	.4657835	.2047329	.3294837	0
438.15	0	.4657376	.2048042	.3294582	0
437.15	0	.465692	.2048752	.3294328	0
436.15	0	.4656466	.2049459	.3294075	0
435.15	0	.4656015	.2050162	.3293823	0
434.15	0	.4655566	.2050862	.3293572	0
433.15	0	.4655119	.2051559	.3293322	0
432.15	0	.4654675	.2052253	.3293073	0
431.15	0	.4654233	.2052943	.3292824	0
430.15	0	.4653793	.205363	.3292577	0
429.15	0	.4653356	.2054314	.329233	0
428.15	0	.4652922	.2054994	.3292085	0
427.15	0	.465249	.205567	.329184	0
426.15	0	.465206	.2056344	.3291596	0
425.15	0	.4651633	.2057014	.3291353	0
424.15	0	.4651208	.205768	.3291112	0
423.15	0	.4650786	.2058343	.3290871	0
422.15	0	.4650366	.2059003	.3290631	0
421.15	0	.4649949	.2059659	.3290392	0
420.15	0	.4649534	.2060312	.3290155	0
419.15	0	.4649121	.2060961	.3289918	0
418.15	0	.4648711	.2061606	.3289682	0
417.15	0	.4648304	.2062249	.3289448	0
416.15	0	.4647899	.2062888	.3289214	0
415.15	0	.4647496	.2063523	.3288981	0
414.15	0	.4647096	.2064155	.328875	0
413.15	0	.4646698	.2064783	.3288519	0
412.15	0	.4646302	.2065408	.328829	0
411.15	0	.4645909	.206603	.3288061	0
410.15	0	.4645519	.2066648	.3287834	0
409.15	0	.464513	.2067262	.3287608	0
408.15	0	.4644744	.2067873	.3287382	0
407.15	0	.4644361	.2068481	.3287158	0
406.15	0	.464398	.2069085	.3286935	0
405.15	0	.4643601	.2069686	.3286713	0
404.15	0	.4643225	.2070284	.3286492	0
403.15	0	.464285	.2070878	.3286272	0
402.15	0	.4642479	.2071468	.3286053	0
401.15	0	.4642109	.2072056	.3285835	0
400.15	0	.4641742	.207264	.3285618	0
399.15	0	.4641377	.207322	.3285403	0
398.15	0	.4641015	.2073797	.3285188	0
397.15	0	.4640654	.2074371	.3284975	0
396.15	0	.4640296	.2074942	.3284762	0
395.15	0	.463994	.2075509	.3284551	0
394.15	0	.4639587	.2076073	.328434	0
393.15	0	.4639235	.2076634	.3284131	0
392.15	0	.4638886	.2077191	.3283923	0
391.15	0	.4638539	.2077746	.3283716	0
390.15	0	.4638194	.2078297	.3283509	0
389.15	0	.4637851	.2078845	.3283304	0
388.15	0	.4637511	.2079389	.32831	0
387.15	0	.4637172	.2079931	.3282897	0
386.15	0	.4636836	.2080469	.3282695	0
385.15	0	.4636501	.2081004	.3282495	0
384.15	0	.4636169	.2081536	.3282295	0
383.15	0	.4635839	.2082065	.3282096	0
382.15	0	.4635511	.2082591	.3281898	0
381.15	0	.4635184	.2083114	.3281702	0
380.15	0	.463486	.2083634	.3281506	0
379.15	0	.4634538	.2084151	.3281311	0
378.15	0	.4634218	.2084665	.3281118	0
377.15	0	.46339	.2085176	.3280925	0
376.15	0	.4633583	.2085684	.3280733	0
375.15	0	.4633269	.2086189	.3280543	0
374.15	0	.4632956	.2086691	.3280353	0
373.15	0	.4632646	.208719	.3280165	0
372.15	0	.4632337	.2087686	.3279977	0
371.15	0	.463203	.208818	.327979	0
370.15	0	.4631725	.208867	.3279605	0
369.15	0	.4631422	.2089158	.327942	0
