T	 BPW(LIQUID)	BPW(BCC_A2)	BPW(FCC_A1)	BPW(LAVES_PHASE_C14)	BPW(NI3TI)
1473.15	.06930941	.9306906	0	0	0
1472.15	.06714233	.9328577	0	0	0
1471.15	.06499032	.9350097	0	0	0
1470.15	.06285322	.9371468	0	0	0
1469.15	.06073093	.9392691	0	0	0
1468.15	.05862332	.9413767	0	0	0
1467.15	.05653025	.9434698	0	0	0
1466.15	.05445161	.9455484	0	0	0
1465.15	.05238727	.9476127	0	0	0
1464.15	.05033712	.9496629	0	0	0
1463.15	.04830102	.951699	0	0	0
1462.15	.04627886	.9537211	0	0	0
1461.15	.04427053	.9557295	0	0	0
1460.15	.04227591	.9577241	0	0	0
1459.15	.04029488	.9597051	0	0	0
1458.15	.03832732	.9616727	0	0	0
1457.15	.03637314	.9636269	0	0	0
1456.15	.0344322	.9655678	0	0	0
1455.15	.03250441	.9674956	0	0	0
1454.15	.03058965	.9694104	0	0	0
1453.15	.02868781	.9713122	0	0	0
1452.15	.0267988	.9732012	0	0	0
1451.15	.02492249	.9750775	0	0	0
1450.15	.02305879	.9769412	0	0	0
1449.15	.0212076	.9787924	0	0	0
1448.15	.0193688	.9806312	0	0	0
1447.15	.0175423	.9824577	0	0	0
1446.15	.015728	.984272	0	0	0
1445.15	.0139258	.9860742	0	0	0
1444.15	.01213559	.9878644	0	0	0
1443.15	.01035729	.9896427	0	0	0
1442.15	.008590784	.9914092	0	0	0
1441.15	.006835991	.993164	0	0	0
1440.15	.005092812	.9949072	0	0	0
1439.15	.003361152	.9966389	0	0	0
1438.15	.001640919	.9983591	0	0	0
1437.19	0	1	0	0	0
1437.19	0	1	0	0	0
1437.15	0	1	0	0	0
1436.15	0	1	0	0	0
1435.15	0	1	0	0	0
1434.15	0	1	0	0	0
1433.15	0	1	0	0	0
1432.15	0	1	0	0	0
1431.15	0	1	0	0	0
1430.15	0	1	0	0	0
1429.15	0	1	0	0	0
1428.15	0	1	0	0	0
1427.15	0	1	0	0	0
1426.15	0	1	0	0	0
1425.15	0	1	0	0	0
1424.15	0	1	0	0	0
1423.15	0	1	0	0	0
1422.15	0	1	0	0	0
1421.15	0	1	0	0	0
1420.15	0	1	0	0	0
1419.15	0	1	0	0	0
1418.15	0	1	0	0	0
1417.15	0	1	0	0	0
1416.15	0	1	0	0	0
1415.15	0	1	0	0	0
1414.15	0	1	0	0	0
1413.15	0	1	0	0	0
1412.15	0	1	0	0	0
1411.15	0	1	0	0	0
1410.15	0	1	0	0	0
1409.15	0	1	0	0	0
1408.15	0	1	0	0	0
1407.15	0	1	0	0	0
1406.15	0	1	0	0	0
1405.15	0	1	0	0	0
1404.15	0	1	0	0	0
1403.15	0	1	0	0	0
1402.15	0	1	0	0	0
1401.15	0	1	0	0	0
1400.15	0	1	0	0	0
1399.15	0	1	0	0	0
1398.15	0	1	0	0	0
1397.15	0	1	0	0	0
1396.15	0	1	0	0	0
1395.15	0	1	0	0	0
1394.15	0	1	0	0	0
1393.15	0	1	0	0	0
1392.15	0	1	0	0	0
1391.15	0	1	0	0	0
1390.15	0	1	0	0	0
1389.15	0	1	0	0	0
1388.15	0	1	0	0	0
1387.15	0	1	0	0	0
1386.15	0	1	0	0	0
1385.15	0	1	0	0	0
1384.15	0	1	0	0	0
1383.15	0	1	0	0	0
1382.15	0	1	0	0	0
1381.15	0	1	0	0	0
1380.15	0	1	0	0	0
1379.15	0	1	0	0	0
1378.15	0	1	0	0	0
1377.15	0	1	0	0	0
1376.15	0	1	0	0	0
1375.15	0	1	0	0	0
1374.15	0	1	0	0	0
1373.15	0	1	0	0	0
1372.15	0	1	0	0	0
1371.15	0	1	0	0	0
1370.15	0	1	0	0	0
1369.15	0	1	0	0	0
1368.15	0	1	0	0	0
1367.15	0	1	0	0	0
1366.15	0	1	0	0	0
1365.15	0	1	0	0	0
1364.15	0	1	0	0	0
1363.15	0	1	0	0	0
1362.15	0	1	0	0	0
1361.15	0	1	0	0	0
1360.15	0	1	0	0	0
1359.15	0	1	0	0	0
1358.15	0	1	0	0	0
1357.15	0	1	0	0	0
1356.15	0	1	0	0	0
1355.15	0	1	0	0	0
1354.15	0	1	0	0	0
1353.15	0	1	0	0	0
1352.15	0	1	0	0	0
1351.15	0	1	0	0	0
1350.15	0	1	0	0	0
1349.15	0	1	0	0	0
1348.15	0	1	0	0	0
1347.15	0	1	0	0	0
1346.15	0	1	0	0	0
1345.15	0	1	0	0	0
1344.15	0	1	0	0	0
1343.15	0	1	0	0	0
1342.15	0	1	0	0	0
1341.15	0	1	0	0	0
1340.15	0	1	0	0	0
1339.15	0	1	0	0	0
1338.15	0	1	0	0	0
1337.15	0	1	0	0	0
1336.15	0	1	0	0	0
1335.15	0	1	0	0	0
1334.15	0	1	0	0	0
1333.15	0	1	0	0	0
1332.15	0	1	0	0	0
1331.15	0	1	0	0	0
1330.15	0	1	0	0	0
1329.15	0	1	0	0	0
1328.15	0	1	0	0	0
1327.15	0	1	0	0	0
1326.15	0	1	0	0	0
1325.15	0	1	0	0	0
1324.15	0	1	0	0	0
1323.15	0	1	0	0	0
1322.15	0	1	0	0	0
1321.15	0	1	0	0	0
1320.15	0	1	0	0	0
1319.15	0	1	0	0	0
1318.15	0	1	0	0	0
1317.15	0	1	0	0	0
1316.15	0	1	0	0	0
1315.15	0	1	0	0	0
1314.15	0	1	0	0	0
1313.15	0	1	0	0	0
1312.15	0	1	0	0	0
1311.15	0	1	0	0	0
1310.15	0	1	0	0	0
1309.15	0	1	0	0	0
1308.15	0	1	0	0	0
1307.15	0	1	0	0	0
1306.15	0	1	0	0	0
1305.15	0	1	0	0	0
1304.15	0	1	0	0	0
1303.15	0	1	0	0	0
1302.15	0	1	0	0	0
1301.15	0	1	0	0	0
1300.15	0	1	0	0	0
1299.15	0	1	0	0	0
1298.15	0	1	0	0	0
1297.15	0	1	0	0	0
1296.15	0	1	0	0	0
1295.15	0	1	0	0	0
1294.15	0	1	0	0	0
1293.15	0	1	0	0	0
1292.15	0	1	0	0	0
1291.15	0	1	0	0	0
1290.15	0	1	0	0	0
1289.15	0	1	0	0	0
1288.15	0	1	0	0	0
1287.15	0	1	0	0	0
1286.15	0	1	0	0	0
1285.15	0	1	0	0	0
1284.15	0	1	0	0	0
1283.15	0	1	0	0	0
1282.15	0	1	0	0	0
1281.15	0	1	0	0	0
1280.15	0	1	0	0	0
1279.15	0	1	0	0	0
1278.15	0	1	0	0	0
1277.15	0	1	0	0	0
1276.15	0	1	0	0	0
1275.15	0	1	0	0	0
1274.15	0	1	0	0	0
1273.15	0	1	0	0	0
1272.15	0	1	0	0	0
1271.15	0	1	0	0	0
1270.15	0	1	0	0	0
1269.15	0	1	0	0	0
1268.15	0	1	0	0	0
1267.15	0	1	0	0	0
1266.15	0	1	0	0	0
1265.15	0	1	0	0	0
1264.15	0	1	0	0	0
1263.15	0	1	0	0	0
1262.15	0	1	0	0	0
1261.15	0	1	0	0	0
1260.15	0	1	0	0	0
1259.15	0	1	0	0	0
1258.428	0	1	0	0	0
1258.428	0	1	0	0	0
1258.428	0	1	0	0	0
1258.15	0	.9998416	0	1.583749E-04	0
1257.15	0	.9992731	0	7.269215E-04	0
1256.15	0	.9987058	0	.001294249	0
1255.15	0	.9981396	0	.001860361	0
1254.15	0	.9975747	0	.002425261	0
1253.15	0	.9970111	0	.002988952	0
1252.15	0	.9964486	0	.003551436	0
1251.15	0	.9958873	0	.004112717	0
1250.15	0	.9953272	0	.004672799	0
1249.15	0	.9947683	0	.005231684	0
1248.15	0	.9942106	0	.005789376	0
1247.15	0	.9936541	0	.006345877	0
1246.15	0	.9930988	0	.00690119	0
1245.15	0	.9925447	0	.007455319	0
1244.15	0	.9919917	0	.008008268	0
1243.15	0	.99144	0	.008560037	0
1242.15	0	.9908894	0	.009110632	0
1241.15	0	.99034	0	.009660054	0
1240.15	0	.9897917	0	.01020831	0
1239.15	0	.9892446	0	.0107554	0
1238.15	0	.9886987	0	.01130132	0
1237.15	0	.9881539	0	.01184608	0
1236.15	0	.9876103	0	.01238969	0
1235.15	0	.9870679	0	.01293214	0
1234.15	0	.9865266	0	.01347344	0
1233.15	0	.9859864	0	.01401359	0
1232.15	0	.9854474	0	.0145526	0
1231.15	0	.9849095	0	.01509046	0
1230.15	0	.9843728	0	.01562719	0
1229.15	0	.9838372	0	.01616277	0
1228.15	0	.9833028	0	.01669722	0
1227.15	0	.9827695	0	.01723055	0
1226.15	0	.9822373	0	.01776274	0
1225.15	0	.9817062	0	.01829381	0
1224.15	0	.9811763	0	.01882375	0
1223.15	0	.9806474	0	.01935257	0
1222.15	0	.9801197	0	.01988028	0
1221.15	0	.9795931	0	.02040687	0
1220.15	0	.9790677	0	.02093235	0
1219.15	0	.9785433	0	.02145672	0
1218.15	0	.97802	0	.02197999	0
1217.15	0	.9774979	0	.02250215	0
1216.15	0	.9769768	0	.02302321	0
1215.15	0	.9764568	0	.02354317	0
1214.15	0	.975938	0	.02406203	0
1213.15	0	.9754202	0	.02457981	0
1212.15	0	.9749035	0	.02509649	0
1211.15	0	.9743879	0	.02561208	0
1210.15	0	.9738734	0	.02612659	0
1209.15	0	.97336	0	.02664002	0
1208.15	0	.9728476	0	.02715237	0
1207.15	0	.9723364	0	.02766363	0
1206.15	0	.9718262	0	.02817383	0
1205.15	0	.9713171	0	.02868295	0
1204.15	0	.970809	0	.02919101	0
1203.15	0	.970302	0	.02969799	0
1202.15	0	.9697961	0	.03020391	0
1201.15	0	.9692912	0	.03070877	0
1200.15	0	.9687874	0	.03121257	0
1199.15	0	.9682847	0	.03171532	0
1198.15	0	.967783	0	.03221701	0
1197.15	0	.9672824	0	.03271764	0
1196.15	0	.9667828	0	.03321723	0
1195.15	0	.9662842	0	.03371577	0
1194.415	0	.9659182	0	.03408176	0
1194.415	0	.9659182	0	.03408176	0
1194.415	0	.9659182	0	.03408176	0
1194.15	0	.9655272	2.677991E-04	.03420505	0
1193.15	0	.9640513	.00127839	.03467035	0
1192.15	0	.9625794	.002286208	.03513443	0
1191.15	0	.9611114	.003291255	.03559732	0
1190.15	0	.9596475	.004293534	.03605901	0
1189.15	0	.9581875	.005293047	.03651951	0
1188.15	0	.9567314	.006289796	.03697881	0
1187.15	0	.9552793	.007283784	.03743693	0
1186.15	0	.9538311	.008275012	.03789386	0
1185.15	0	.9523869	.009263484	.03834961	0
1184.15	0	.9509466	.0102492	.03880419	0
1183.15	0	.9495102	.01123217	.0392576	0
1182.15	0	.9480778	.01221238	.03970983	0
1181.15	0	.9466492	.01318985	.0401609	0
1180.15	0	.9452246	.01416456	.04061081	0
1179.15	0	.9438039	.01513654	.04105956	0
1178.15	0	.9423871	.01610577	.04150716	0
1177.15	0	.9409741	.01707226	.04195361	0
1176.15	0	.9395651	.01803601	.0423989	0
1175.15	0	.9381599	.01899703	.04284305	0
1174.15	0	.9367586	.01995531	.04328607	0
1173.15	0	.9353612	.02091085	.04372794	0
1172.15	0	.9339677	.02186367	.04416868	0
1171.15	0	.932578	.02281375	.04460828	0
1170.15	0	.9311921	.02376111	.04504676	0
1169.15	0	.9298102	.02470573	.04548412	0
1168.15	0	.928432	.02564763	.04592035	0
1167.15	0	.9270577	.02658681	.04635547	0
1166.15	0	.9256873	.02752326	.04678947	0
1165.15	0	.9243206	.02845699	.04722236	0
1164.15	0	.9229579	.029388	.04765414	0
1163.15	0	.9215989	.0303163	.04808481	0
1162.15	0	.9202438	.03124187	.04851439	0
1161.15	0	.9188924	.03216472	.04894286	0
1160.15	0	.9175449	.03308486	.04937024	0
1159.15	0	.9162012	.03400229	.04979652	0
1158.15	0	.9148613	.034917	.05022172	0
1157.15	0	.9135252	.035829	.05064583	0
1156.15	0	.9121929	.03673828	.05106885	0
1155.15	0	.9108643	.03764486	.0514908	0
1154.15	0	.9095396	.03854876	.05191168	0
1153.15	0	.9082186	.03944991	.05233147	0
1152.15	0	.9069014	.04034836	.05275019	0
1151.15	0	.9055881	.0412441	.05316784	0
1150.15	0	.9042784	.04213713	.05358443	0
1149.15	0	.9029726	.04302746	.05399995	0
1148.15	0	.9016705	.04391508	.05441441	0
1147.15	0	.9003722	.0448	.05482782	0
1146.15	0	.8990776	.04568221	.05524017	0
1145.15	0	.8977868	.04656171	.05565146	0
1144.15	0	.8964998	.04743852	.05606171	0
1143.15	0	.8952165	.04831262	.05647092	0
1142.15	0	.8939369	.04918402	.05687907	0
1141.15	0	.8926611	.05005271	.05728619	0
1140.15	0	.891389	.0509187	.05769227	0
1139.15	0	.8901207	.05178199	.05809732	0
1138.15	0	.8888561	.05264258	.05850133	0
1137.15	0	.8875952	.05350047	.05890431	0
1136.15	0	.8863381	.05435566	.05930627	0
1135.15	0	.8850847	.05520814	.0597072	0
1134.15	0	.883835	.05605792	.06010711	0
1133.15	0	.882589	.056905	.06050599	0
1132.15	0	.8813468	.05774938	.06090387	0
1131.15	0	.8801082	.05859106	.06130072	0
1130.15	0	.8788734	.05943003	.06169657	0
1129.15	0	.8776423	.06026631	.0620914	0
1128.15	0	.8764149	.06109988	.06248523	0
1127.15	0	.8751912	.06193075	.06287805	0
1126.15	0	.8739712	.06275892	.06326987	0
1125.15	0	.8727549	.06358438	.06366069	0
1124.15	0	.8715423	.06440714	.06405052	0
1123.15	0	.8703335	.0652272	.06443935	0
1122.15	0	.8691283	.06604455	.06482718	0
1121.15	0	.8679268	.06685919	.06521402	0
1120.15	0	.866729	.06767114	.06559988	0
1119.15	0	.8655349	.06848037	.06598475	0
1118.15	0	.8643445	.0692869	.06636864	0
1117.15	0	.8631577	.07009072	.06675155	0
1116.15	0	.8619747	.07089184	.06713347	0
1115.15	0	.8607953	.07169024	.06751442	0
1114.15	0	.8596197	.07248594	.0678944	0
1113.15	0	.8584477	.07327892	.0682734	0
1112.15	0	.8572794	.0740692	.06865143	0
1111.15	0	.8561147	.07485676	.0690285	0
1110.15	0	.8549538	.07564161	.0694046	0
1109.15	0	.8537965	.07642375	.06977973	0
1108.15	0	.8526429	.07720317	.0701539	0
1107.15	0	.851493	.07797988	.07052711	0
1106.15	0	.8503468	.07875387	.07089937	0
1105.15	0	.8492042	.07952514	.07127066	0
1104.15	0	.8480653	.08029369	.07164101	0
1103.15	0	.8469301	.08105952	.0720104	0
1102.15	0	.8457985	.08182263	.07237884	0
1101.15	0	.8446706	.08258302	.07274633	0
1100.15	0	.8435464	.08334068	.07311287	0
1099.15	0	.8424259	.08409562	.07347848	0
1098.15	0	.841309	.08484784	.07384314	0
1097.15	0	.8401958	.08559732	.07420685	0
1096.15	0	.8390863	.08634407	.07456963	0
1095.15	0	.8379804	.0870881	.07493147	0
1094.15	0	.8368782	.08782939	.07529238	0
1093.15	0	.8357797	.08856795	.07565235	0
1092.15	0	.8346848	.08930377	.07601139	0
1091.15	0	.8335936	.09003686	.0763695	0
1090.15	0	.8325061	.09076721	.07672668	0
1089.15	0	.8314223	.09149481	.07708293	0
1088.15	0	.8303421	.09221968	.07743826	0
1087.15	0	.8292655	.0929418	.07779267	0
1086.15	0	.8281927	.09366118	.07814615	0
1085.15	0	.8271235	.09437781	.07849871	0
1084.15	0	.826058	.0950917	.07885035	0
1083.15	0	.8249961	.09580283	.07920107	0
1082.15	0	.8239379	.09651121	.07955088	0
1081.15	0	.8228834	.09721683	.07989978	0
1080.15	0	.8218325	.0979197	.08024776	0
1079.15	0	.8207854	.09861982	.08059482	0
1078.15	0	.8197418	.09931717	.08094098	0
1077.15	0	.818702	.1000118	.08128623	0
1076.15	0	.8176659	.1007036	.08163057	0
1075.15	0	.8166334	.1013927	.081974	0
1074.15	0	.8156045	.1020789	.08231653	0
1073.15	0	.8145794	.1027625	.08265816	0
1072.15	0	.8135579	.1034432	.08299888	0
1071.15	0	.8125401	.1041212	.0833387	0
1070.15	0	.811526	.1047964	.08367762	0
1069.15	0	.8105155	.1054688	.08401564	0
1068.15	0	.8095088	.1061385	.08435276	0
1067.15	0	.8085057	.1068053	.08468899	0
1066.15	0	.8075063	.1074694	.08502432	0
1065.15	0	.8065106	.1081307	.08535875	0
1064.15	0	.8055185	.1087892	.0856923	0
1063.15	0	.8045301	.1094449	.08602495	0
1062.15	0	.8035455	.1100978	.08635671	0
1061.15	0	.8025645	.1107479	.08668757	0
1060.15	0	.8015872	.1113953	.08701755	0
1059.15	0	.8006136	.1120398	.08734664	0
1058.15	0	.7996436	.1126815	.08767484	0
1057.15	0	.7986774	.1133204	.08800216	0
1056.15	0	.7977149	.1139566	.08832858	0
1055.15	0	.796756	.1145898	.08865413	0
1054.15	0	.7958009	.1152203	.08897879	0
1053.15	0	.7948494	.115848	.08930256	0
1052.15	0	.7939017	.1164729	.08962545	0
1051.15	0	.7929576	.1170949	.08994746	0
1050.15	0	.7920173	.1177141	.09026859	0
1049.15	0	.7910806	.1183305	.09058883	0
1048.15	0	.7901477	.1189441	.0909082	0
1047.15	0	.7892185	.1195548	.09122668	0
1046.15	0	.788293	.1201628	.09154429	0
1045.15	0	.7873712	.1207678	.09186101	0
1044.15	0	.786453	.1213701	.09217686	0
1043.15	0	.7855387	.1219695	.09249183	0
1042.15	0	.784628	.1225661	.09280593	0
1041.15	0	.7837211	.1231598	.09311914	0
1040.15	0	.7828178	.1237507	.09343148	0
1039.15	0	.7819183	.1243387	.09374294	0
1038.15	0	.7810226	.1249239	.09405353	0
1037.15	0	.7801305	.1255063	.09436324	0
1036.15	0	.7792422	.1260857	.09467207	0
1035.15	0	.7783576	.1266624	.09498003	0
1034.15	0	.7774767	.1272361	.09528712	0
1033.15	0	.7765996	.1278071	.09559332	0
1032.15	0	.7757262	.1283751	.09589866	0
1031.15	0	.7748566	.1289403	.09620311	0
1030.15	0	.7739907	.1295026	.0965067	0
1029.15	0	.7731285	.1300621	.0968094	0
1028.15	0	.7722701	.1306187	.09711124	0
1027.15	0	.7714154	.1311724	.09741219	0
1026.15	0	.7705645	.1317233	.09771228	0
1025.15	0	.7697173	.1322712	.09801148	0
1024.15	0	.7688739	.1328163	.09830981	0
1023.15	0	.7680342	.1333585	.09860727	0
1022.15	0	.7671983	.1338979	.09890385	0
1021.15	0	.7663661	.1344343	.09919955	0
1020.15	0	.7655377	.1349679	.09949437	0
1019.15	0	.7647131	.1354986	.09978832	0
1018.15	0	.7638922	.1360264	.1000814	0
1017.15	0	.7630751	.1365513	.1003736	0
1016.15	0	.7622618	.1370733	.1006649	0
1015.15	0	.7614522	.1375924	.1009553	0
1014.15	0	.7606464	.1381087	.1012449	0
1013.15	0	.7598444	.138622	.1015336	0
1012.15	0	.7590462	.1391325	.1018213	0
1011.15	0	.7582517	.13964	.1021082	0
1010.15	0	.757461	.1401447	.1023943	0
1009.15	0	.7566741	.1406465	.1026794	0
1008.15	0	.755891	.1411453	.1029637	0
1007.15	0	.7551117	.1416413	.1032471	0
1006.15	0	.7543361	.1421343	.1035295	0
1005.15	0	.7535643	.1426245	.1038111	0
1004.15	0	.7527964	.1431118	.1040919	0
1003.15	0	.7520322	.1435961	.1043717	0
1002.15	0	.7512718	.1440776	.1046506	0
1001.15	0	.7505152	.1445562	.1049287	0
1000.15	0	.7497624	.1450318	.1052058	0
999.15	0	.7490134	.1455046	.105482	0
998.15	0	.7482681	.1459745	.1057574	0
997.15	0	.7475267	.1464414	.1060319	0
996.15	0	.7467891	.1469055	.1063054	0
995.15	0	.7460553	.1473666	.1065781	0
994.15	0	.7453253	.1478249	.1068498	0
993.15	0	.744599	.1482803	.1071207	0
992.15	0	.7438766	.1487328	.1073907	0
991.15	0	.743158	.1491823	.1076597	0
990.15	0	.7424432	.149629	.1079278	0
989.15	0	.7417321	.1500728	.1081951	0
988.15	0	.7410249	.1505137	.1084614	0
987.15	0	.7403215	.1509517	.1087268	0
986.15	0	.7396219	.1513869	.1089912	0
985.15	0	.7389261	.1518191	.1092548	0
984.15	0	.738234	.1522485	.1095175	0
983.15	0	.7375458	.152675	.1097792	0
982.15	0	.7368614	.1530986	.11004	0
981.15	0	.7361808	.1535194	.1102998	0
980.15	0	.735504	.1539372	.1105588	0
979.15	0	.734831	.1543523	.1108168	0
978.15	0	.7341617	.1547644	.1110738	0
977.15	0	.7334963	.1551737	.11133	0
976.15	0	.7328347	.1555802	.1115852	0
975.15	0	.7321768	.1559838	.1118394	0
974.15	0	.7315228	.1563845	.1120927	0
973.15	0	.7308725	.1567825	.1123451	0
972.15	0	.730226	.1571775	.1125965	0
971.15	0	.7295833	.1575698	.1128469	0
970.15	0	.7289443	.1579593	.1130964	0
969.15	0	.7283092	.1583459	.1133449	0
968.15	0	.7276778	.1587297	.1135925	0
967.15	0	.7270502	.1591108	.1138391	0
966.15	0	.7264263	.159489	.1140847	0
965.15	0	.7258062	.1598645	.1143293	0
964.15	0	.7251899	.1602371	.114573	0
963.15	0	.7245773	.1606071	.1148157	0
962.15	0	.7239684	.1609742	.1150574	0
961.15	0	.7233633	.1613386	.1152981	0
960.15	0	.7227619	.1617003	.1155378	0
959.15	0	.7221643	.1620592	.1157765	0
958.15	0	.7215704	.1624154	.1160142	0
957.15	0	.7209802	.1627689	.1162509	0
956.15	0	.7203937	.1631197	.1164866	0
955.15	0	.7198109	.1634679	.1167213	0
954.15	0	.7192318	.1638133	.1169549	0
953.15	0	.7186563	.1641561	.1171876	0
952.15	0	.7180846	.1644963	.1174192	0
951.15	0	.7175165	.1648338	.1176497	0
950.15	0	.7169521	.1651687	.1178792	0
949.15	0	.7163913	.165501	.1181077	0
948.15	0	.7158342	.1658307	.1183351	0
947.15	0	.7152807	.1661578	.1185615	0
946.15	0	.7147308	.1664824	.1187868	0
945.15	0	.7141846	.1668044	.1190111	0
944.15	0	.7136419	.1671239	.1192342	0
943.15	0	.7131028	.1674409	.1194563	0
942.15	0	.7125673	.1677555	.1196773	0
941.15	0	.7120353	.1680675	.1198972	0
940.15	0	.7115068	.1683771	.120116	0
939.15	0	.7109819	.1686843	.1203337	0
938.15	0	.7104606	.1689891	.1205503	0
937.15	0	.7099427	.1692915	.1207658	0
936.15	0	.7094282	.1695916	.1209802	0
935.15	0	.7089173	.1698893	.1211934	0
934.15	0	.7084098	.1701848	.1214055	0
933.15	0	.7079057	.1704779	.1216164	0
932.15	0	.707405	.1707688	.1218262	0
931.15	0	.7069077	.1710575	.1220348	0
930.15	0	.7064138	.1713439	.1222423	0
929.15	0	.7059232	.1716282	.1224486	0
928.15	0	.7054359	.1719104	.1226537	0
927.15	0	.704952	.1721904	.1228576	0
926.15	0	.7044713	.1724684	.1230603	0
925.15	0	.7039939	.1727444	.1232618	0
924.15	0	.7035197	.1730183	.123462	0
923.15	0	.7030487	.1732902	.1236611	0
922.15	0	.7025809	.1735603	.1238589	0
921.15	0	.7021162	.1738284	.1240555	0
920.15	0	.7016546	.1740946	.1242508	0
919.15	0	.7011961	.1743591	.1244448	0
918.15	0	.7007407	.1746217	.1246376	0
917.15	0	.7002883	.1748826	.124829	0
916.15	0	.6998389	.1751419	.1250192	0
915.15	0	.6993925	.1753994	.1252081	0
914.15	0	.6989489	.1756554	.1253957	0
913.15	0	.6985083	.1759098	.1255819	0
912.15	0	.6980705	.1761627	.1257668	0
911.15	0	.6976355	.1764142	.1259503	0
910.15	0	.6972033	.1766642	.1261325	0
909.15	0	.6967738	.1769129	.1263132	0
908.15	0	.696347	.1771603	.1264926	0
907.15	0	.6959229	.1774065	.1266706	0
906.15	0	.6955013	.1776515	.1268472	0
905.15	0	.6950823	.1778954	.1270224	0
904.15	0	.6946657	.1781382	.1271961	0
903.15	0	.6942517	.17838	.1273683	0
902.15	0	.69384	.1786209	.1275391	0
901.15	0	.6934307	.178861	.1277084	0
900.15	0	.6930237	.1791002	.1278761	0
899.15	0	.6926189	.1793387	.1280424	0
898.15	0	.6922162	.1795766	.1282072	0
897.15	0	.6918157	.1798139	.1283703	0
896.15	0	.6914173	.1800508	.1285319	0
895.15	0	.6910208	.1802872	.128692	0
894.15	0	.6906263	.1805233	.1288504	0
893.15	0	.6902336	.1807592	.1290072	0
892.15	0	.6898427	.1809949	.1291624	0
891.15	0	.6894535	.1812306	.1293159	0
890.15	0	.689066	.1814663	.1294677	0
889.15	0	.68868	.1817022	.1296179	0
888.15	0	.6882955	.1819382	.1297663	0
887.15	0	.6879124	.1821747	.1299129	0
886.15	0	.6875306	.1824116	.1300579	0
885.15	0	.68715	.182649	.130201	0
884.15	0	.6867706	.1828871	.1303423	0
883.15	0	.6863922	.183126	.1304818	0
882.15	0	.6860148	.1833658	.1306194	0
881.15	0	.6856382	.1836066	.1307552	0
880.15	0	.6852624	.1838486	.130889	0
879.15	0	.6848871	.1840919	.1310209	0
878.15	0	.6845125	.1843367	.1311509	0
877.15	0	.6841382	.184583	.1312788	0
876.15	0	.6837642	.1848311	.1314047	0
875.15	0	.6833904	.185081	.1315286	0
874.15	0	.6830166	.185333	.1316504	0
873.15	0	.6826428	.1855872	.13177	0
872.15	0	.6822687	.1858437	.1318875	0
871.15	0	.6818943	.1861029	.1320029	0
870.15	0	.6815193	.1863647	.132116	0
869.15	0	.6811437	.1866295	.1322268	0
868.15	0	.6807673	.1868974	.1323353	0
867.15	0	.6803899	.1871686	.1324415	0
866.15	0	.6800113	.1874434	.1325453	0
865.15	0	.6796314	.187722	.1326466	0
864.15	0	.67925	.1880045	.1327455	0
863.15	0	.6788669	.1882913	.1328418	0
862.15	0	.6784818	.1885826	.1329356	0
861.15	0	.6780946	.1888787	.1330267	0
860.15	0	.6777051	.1891798	.1331151	0
859.15	0	.677313	.1894862	.1332008	0
858.15	0	.6769182	.1897982	.1332837	0
857.15	0	.6765202	.1901162	.1333636	0
856.15	0	.6761189	.1904404	.1334407	0
855.15	0	.6757141	.1907713	.1335147	0
854.15	0	.6753053	.1911091	.1335856	0
853.15	0	.6748923	.1914543	.1336534	0
852.15	0	.6744748	.1918073	.1337179	0
851.15	0	.6740524	.1921686	.133779	0
850.15	0	.6736248	.1925384	.1338367	0
849.15	0	.6731916	.1929175	.1338909	0
848.15	0	.6727524	.1933061	.1339414	0
847.15	0	.6723068	.193705	.1339882	0
846.15	0	.6718542	.1941147	.1340311	0
845.15	0	.6713943	.1945357	.13407	0
844.15	0	.6709264	.1949688	.1341048	0
843.15	0	.6704501	.1954146	.1341352	0
842.15	0	.6699648	.195874	.1341613	0
841.15	0	.6694697	.1963476	.1341827	0
840.15	0	.6689643	.1968364	.1341993	0
839.15	0	.6684477	.1973414	.1342109	0
838.15	0	.6679192	.1978635	.1342173	0
837.15	0	.6669292	.1989312	.1341397	0
836.15	0	.6659268	.2000191	.1340542	0
835.15	0	.664978	.2010496	.1339724	0
834.15	0	.6640792	.2020268	.133894	0
833.15	0	.663227	.2029542	.1338188	0
832.15	0	.6624184	.203835	.1337466	0
831.15	0	.6616505	.2046724	.1336771	0
830.15	0	.6609208	.2054691	.1336101	0
829.15	0	.6602269	.2062276	.1335455	0
828.15	0	.6595667	.2069502	.133483	0
827.15	0	.6589382	.2076392	.1334226	0
826.15	0	.6583394	.2082965	.1333641	0
825.15	0	.6577687	.208924	.1333073	0
824.15	0	.6572245	.2095234	.1332521	0
823.15	0	.6567052	.2100963	.1331985	0
822.15	0	.6562095	.2106442	.1331463	0
821.15	0	.6557361	.2111684	.1330955	0
820.15	0	.6552838	.2116703	.1330459	0
819.15	0	.6548515	.212151	.1329975	0
818.15	0	.6544381	.2126118	.1329501	0
817.15	0	.6540425	.2130536	.1329038	0
816.15	0	.653664	.2134775	.1328585	0
815.15	0	.6533015	.2138844	.132814	0
814.15	0	.6529543	.2142752	.1327705	0
813.15	0	.6526217	.2146507	.1327276	0
812.15	0	.6523028	.2150116	.1326856	0
811.15	0	.651997	.2153588	.1326442	0
810.15	0	.6517036	.2156929	.1326035	0
809.15	0	.6514221	.2160145	.1325634	0
808.15	0	.6511518	.2163243	.1325239	0
807.15	0	.6508922	.2166229	.1324849	0
806.15	0	.6506428	.2169107	.1324465	0
805.15	0	.6504031	.2171884	.1324085	0
804.15	0	.6501726	.2174564	.132371	0
803.15	0	.6499509	.2177152	.1323339	0
802.15	0	.6497376	.2179652	.1322972	0
801.15	0	.6495323	.2182069	.1322608	0
800.15	0	.6493346	.2184406	.1322248	0
799.15	0	.6491442	.2186667	.1321892	0
798.15	0	.6489606	.2188856	.1321538	0
797.15	0	.6487837	.2190976	.1321188	0
796.15	0	.648613	.219303	.132084	0
795.15	0	.6484484	.2195022	.1320494	0
794.15	0	.6482894	.2196955	.1320151	0
793.15	0	.6481359	.219883	.131981	0
792.15	0	.6479877	.2200652	.1319472	0
791.15	0	.6478444	.2202421	.1319135	0
790.15	0	.6477059	.2204142	.13188	0
789.15	0	.6475719	.2205815	.1318467	0
788.15	0	.6474422	.2207443	.1318135	0
787.15	0	.6473167	.2209029	.1317804	0
786.15	0	.6471951	.2210574	.1317475	0
785.15	0	.6470773	.221208	.1317148	0
784.15	0	.646963	.2213548	.1316821	0
783.15	0	.6468523	.2214982	.1316496	0
782.15	0	.6467448	.2216381	.1316171	0
781.15	0	.6466404	.2217748	.1315847	0
780.15	0	.6465391	.2219085	.1315525	0
779.15	0	.6464406	.2220392	.1315203	0
778.15	0	.6463448	.2221671	.1314881	0
777.15	0	.6462517	.2222923	.131456	0
776.15	0	.6461611	.2224149	.131424	0
775.15	0	.6460728	.2225352	.131392	0
774.15	0	.6459868	.2226531	.1313601	0
773.15	0	.645903	.2227688	.1313282	0
772.15	0	.6458213	.2228823	.1312963	0
771.15	0	.6457416	.2229939	.1312645	0
770.15	0	.6456638	.2231035	.1312327	0
769.15	0	.6455878	.2232113	.1312009	0
768.15	0	.6455135	.2233174	.1311691	0
767.15	0	.6454409	.2234218	.1311374	0
766.15	0	.6453699	.2235246	.1311056	0
765.15	0	.6453003	.2236258	.1310738	0
764.15	0	.6452323	.2237257	.1310421	0
763.15	0	.6451656	.2238241	.1310103	0
762.15	0	.6451002	.2239213	.1309785	0
761.15	0	.6450361	.2240172	.1309468	0
760.15	0	.6449732	.2241119	.130915	0
759.15	0	.6449114	.2242055	.1308832	0
758.15	0	.6448507	.224298	.1308513	0
757.15	0	.6447911	.2243894	.1308195	0
756.15	0	.6447324	.22448	.1307876	0
755.15	0	.6446748	.2245695	.1307557	0
754.15	0	.644618	.2246582	.1307238	0
753.15	0	.6445621	.2247461	.1306919	0
752.15	0	.644507	.2248331	.1306599	0
751.15	0	.6444527	.2249195	.1306279	0
750.15	0	.6443991	.225005	.1305958	0
749.15	0	.6443485	.2250884	.1305632	0
748.15	0	.6442961	.2251728	.1305311	0
747.15	0	.6442445	.2252565	.130499	0
746.15	0	.6441935	.2253397	.1304668	0
745.15	0	.644143	.2254224	.1304346	0
744.15	0	.6440932	.2255045	.1304024	0
743.15	0	.6440438	.2255861	.1303701	0
742.15	0	.643995	.2256672	.1303378	0
741.15	0	.6439467	.2257479	.1303054	0
740.15	0	.6438989	.2258282	.1302729	0
739.15	0	.6438515	.2259081	.1302404	0
738.15	0	.6438045	.2259876	.1302079	0
737.15	0	.643758	.2260667	.1301753	0
736.15	0	.6437118	.2261456	.1301427	0
735.15	0	.6436659	.2262241	.13011	0
734.15	0	.6436204	.2263023	.1300773	0
733.15	0	.6435753	.2263803	.1300445	0
732.15	0	.6435304	.226458	.1300117	0
731.15	0	.6434858	.2265354	.1299788	0
730.15	0	.6434415	.2266127	.1299458	0
729.15	0	.6433975	.2266897	.1299128	0
728.15	0	.6433537	.2267665	.1298798	0
727.15	0	.6433102	.2268432	.1298467	0
726.15	0	.6432668	.2269197	.1298135	0
725.15	0	.6432237	.2269961	.1297803	0
724.15	0	.6431807	.2270723	.129747	0
723.15	0	.643138	.2271484	.1297137	0
722.15	0	.6430954	.2272243	.1296803	0
721.15	0	.6430529	.2273002	.1296469	0
720.15	0	.6430107	.227376	.1296134	0
719.15	0	.6429685	.2274517	.1295798	0
718.15	0	.6429265	.2275273	.1295462	0
717.15	0	.6428846	.2276028	.1295126	0
716.15	0	.6428429	.2276783	.1294789	0
715.15	0	.6428012	.2277537	.1294451	0
714.15	0	.6427596	.2278291	.1294113	0
713.15	0	.6427181	.2279045	.1293774	0
712.15	0	.6426767	.2279798	.1293435	0
711.15	0	.6426354	.2280551	.1293095	0
710.15	0	.6425942	.2281304	.1292755	0
709.15	0	.642553	.2282056	.1292414	0
708.15	0	.6425119	.2282809	.1292072	0
707.15	0	.6424708	.2283561	.1291731	0
706.15	0	.6424298	.2284314	.1291388	0
705.15	0	.6423888	.2285067	.1291045	0
704.15	0	.6423479	.228582	.1290702	0
703.15	0	.642307	.2286573	.1290358	0
702.15	0	.6422661	.2287326	.1290013	0
701.15	0	.6422253	.2288079	.1289668	0
700.15	0	.6421844	.2288833	.1289323	0
699.15	0	.6421436	.2289587	.1288977	0
698.15	0	.6421029	.2290341	.128863	0
697.15	0	.6420621	.2291096	.1288283	0
696.15	0	.6420213	.2291851	.1287936	0
695.15	0	.6419805	.2292607	.1287588	0
694.15	0	.6419398	.2293363	.1287239	0
693.15	0	.641899	.229412	.128689	0
692.15	0	.6418583	.2294877	.1286541	0
691.15	0	.6418175	.2295634	.1286191	0
690.15	0	.6417767	.2296392	.1285841	0
689.15	0	.6417359	.2297151	.128549	0
688.15	0	.6416951	.229791	.1285139	0
687.15	0	.6416543	.229867	.1284787	0
686.15	0	.6416135	.229943	.1284435	0
685.15	0	.6415727	.2300191	.1284082	0
684.15	0	.6415318	.2300953	.1283729	0
683.15	0	.641491	.2301715	.1283376	0
682.15	0	.6414501	.2302478	.1283022	0
681.15	0	.6414092	.2303241	.1282668	0
680.15	0	.6413682	.2304005	.1282313	0
679.15	0	.6413273	.230477	.1281958	0
678.15	0	.6412863	.2305535	.1281602	0
677.15	0	.6412453	.2306301	.1281247	0
676.15	0	.6412043	.2307067	.128089	0
675.15	0	.6411632	.2307834	.1280534	0
674.15	0	.6411221	.2308602	.1280177	0
673.15	0	.641081	.2309371	.1279819	0
672.15	0	.6410399	.231014	.1279462	0
671.15	0	.6409987	.231091	.1279103	0
670.15	0	.6409575	.231168	.1278745	0
669.15	0	.6409163	.2312451	.1278386	0
668.15	0	.6408751	.2313222	.1278027	0
667.15	0	.6408338	.2313995	.1277668	0
666.15	0	.6407925	.2314768	.1277308	0
665.15	0	.6407511	.2315541	.1276948	0
664.15	0	.6407098	.2316315	.1276587	0
663.15	0	.6406684	.231709	.1276227	0
662.15	0	.6406269	.2317865	.1275866	0
661.15	0	.6405855	.2318641	.1275504	0
660.15	0	.640544	.2319417	.1275143	0
659.15	0	.6405025	.2320194	.1274781	0
658.15	0	.640461	.2320971	.1274419	0
657.15	0	.6404194	.2321749	.1274057	0
656.15	0	.6403778	.2322528	.1273694	0
655.15	0	.6403362	.2323307	.1273331	0
654.15	0	.6402946	.2324087	.1272968	0
653.15	0	.6402529	.2324867	.1272604	0
652.15	0	.6402112	.2325647	.1272241	0
651.15	0	.6401695	.2326428	.1271877	0
650.15	0	.6401277	.232721	.1271513	0
649.15	0	.6400859	.2327992	.1271149	0
648.15	0	.6400441	.2328774	.1270784	0
647.15	0	.6400023	.2329557	.127042	0
646.15	0	.6399605	.233034	.1270055	0
645.15	0	.6399186	.2331124	.126969	0
644.15	0	.6398767	.2331908	.1269325	0
643.15	0	.6398348	.2332692	.1268959	0
642.15	0	.6397929	.2333477	.1268594	0
641.15	0	.639751	.2334262	.1268228	0
640.15	0	.639709	.2335048	.1267862	0
639.15	0	.639667	.2335834	.1267496	0
638.15	0	.639625	.233662	.126713	0
637.15	0	.639583	.2337406	.1266764	0
636.15	0	.639541	.2338193	.1266398	0
635.15	0	.6394989	.233898	.1266031	0
634.15	0	.6394569	.2339767	.1265665	0
633.15	0	.6394148	.2340554	.1265298	0
632.15	0	.6393727	.2341342	.1264931	0
631.15	0	.6393306	.234213	.1264564	0
630.15	0	.6392885	.2342918	.1264197	0
629.15	0	.6392464	.2343706	.1263831	0
628.15	0	.6392043	.2344494	.1263464	0
627.15	0	.6391621	.2345282	.1263097	0
626.15	0	.63912	.2346071	.1262729	0
625.15	0	.6390778	.234686	.1262362	0
624.15	0	.6390357	.2347648	.1261995	0
623.15	0	.6389935	.2348437	.1261628	0
622.15	0	.6389513	.2349226	.1261261	0
621.15	0	.6389092	.2350015	.1260893	0
620.15	0	.638867	.2350804	.1260526	0
619.15	0	.6388248	.2351593	.1260159	0
618.15	0	.6387826	.2352382	.1259792	0
617.15	0	.6387405	.2353171	.1259425	0
616.15	0	.6386983	.235396	.1259057	0
615.15	0	.6386561	.2354748	.125869	0
614.15	0	.638614	.2355537	.1258323	0
613.15	0	.6385718	.2356326	.1257956	0
612.15	0	.6385297	.2357114	.1257589	0
611.15	0	.6384875	.2357903	.1257222	0
610.15	0	.6384454	.2358691	.1256856	0
609.15	0	.6384032	.2359479	.1256489	0
608.15	0	.6383611	.2360267	.1256122	0
607.15	0	.638319	.2361055	.1255756	0
606.15	0	.6382769	.2361842	.1255389	0
605.15	0	.6382348	.2362629	.1255023	0
604.15	0	.6381927	.2363416	.1254657	0
603.15	0	.6381506	.2364203	.1254291	0
602.15	0	.6381086	.236499	.1253925	0
601.15	0	.6380665	.2365776	.1253559	0
600.15	0	.6380245	.2366562	.1253193	0
599.15	0	.6379825	.2367347	.1252828	0
598.15	0	.6379405	.2368133	.1252462	0
597.15	0	.6378985	.2368917	.1252097	0
596.15	0	.6378566	.2369702	.1251732	0
595.15	0	.6378147	.2370486	.1251367	0
594.15	0	.6377727	.237127	.1251003	0
593.15	0	.6377309	.2372053	.1250638	0
592.15	0	.637689	.2372836	.1250274	0
591.15	0	.6376472	.2373618	.124991	0
590.15	0	.6376054	.23744	.1249546	0
589.15	0	.6375636	.2375181	.1249183	0
588.15	0	.6375218	.2375962	.124882	0
587.15	0	.6374801	.2376742	.1248457	0
586.15	0	.6374384	.2377522	.1248094	0
585.15	0	.6373967	.2378301	.1247731	0
584.15	0	.6373551	.237908	.1247369	0
583.15	0	.6373135	.2379858	.1247007	0
582.15	0	.6372719	.2380636	.1246645	0
581.15	0	.6372304	.2381412	.1246284	0
580.15	0	.6371889	.2382188	.1245923	0
579.15	0	.6371474	.2382964	.1245562	0
578.15	0	.637106	.2383739	.1245202	0
577.15	0	.6370646	.2384513	.1244841	0
576.15	0	.6370232	.2385286	.1244481	0
575.15	0	.6369819	.2386059	.1244122	0
574.15	0	.6369406	.2386831	.1243763	0
573.15	0	.6368994	.2387602	.1243404	0
572.15	0	.6368582	.2388372	.1243046	0
571.15	0	.6368171	.2389142	.1242687	0
570.15	0	.636776	.2389911	.124233	0
569.15	0	.6367349	.2390679	.1241972	0
568.15	0	.6366939	.2391446	.1241615	0
567.15	0	.6366529	.2392212	.1241259	0
566.15	0	.636612	.2392977	.1240903	0
565.15	0	.6365711	.2393742	.1240547	0
564.15	0	.6365303	.2394506	.1240191	0
563.15	0	.6364895	.2395268	.1239837	0
562.15	0	.6364488	.239603	.1239482	0
561.15	0	.6364081	.2396791	.1239128	0
560.15	0	.6363675	.2397551	.1238775	0
559.15	0	.6363269	.2398309	.1238421	0
558.15	0	.6362864	.2399067	.1238069	0
557.15	0	.6362459	.2399824	.1237716	0
556.15	0	.6362055	.240058	.1237365	0
555.15	0	.6361652	.2401335	.1237013	0
554.15	0	.6361249	.2402088	.1236663	0
553.15	0	.6360847	.2402841	.1236312	0
552.15	0	.6360445	.2403593	.1235963	0
551.15	0	.6360044	.2404343	.1235613	0
550.15	0	.6359643	.2405092	.1235265	0
549.15	0	.6359243	.240584	.1234916	0
548.15	0	.6358844	.2406587	.1234569	0
547.15	0	.6358445	.2407333	.1234222	0
546.15	0	.6358047	.2408078	.1233875	0
545.15	0	.635765	.2408821	.1233529	0
544.15	0	.6357253	.2409564	.1233183	0
543.15	0	.6356857	.2410305	.1232839	0
542.15	0	.6356461	.2411044	.1232494	0
541.15	0	.6356067	.2411783	.123215	0
540.15	0	.6355673	.241252	.1231807	0
539.15	0	.6355279	.2413256	.1231465	0
538.15	0	.6354887	.2413991	.1231123	0
537.15	0	.6354495	.2414724	.1230781	0
536.15	0	.6354103	.2415456	.1230441	0
535.15	0	.6353713	.2416187	.1230101	0
534.15	0	.6353323	.2416916	.1229761	0
533.15	0	.6352934	.2417644	.1229422	0
532.15	0	.6352545	.241837	.1229084	0
531.15	0	.6352158	.2419096	.1228746	0
530.15	0	.6351771	.2419819	.122841	0
529.15	0	.6351385	.2420542	.1228073	0
528.15	0	.6351	.2421263	.1227738	0
527.15	0	.6350615	.2421982	.1227403	0
526.15	0	.6350231	.24227	.1227069	0
525.15	0	.6349849	.2423416	.1226735	0
524.15	0	.6349466	.2424131	.1226402	0
523.15	0	.6349085	.2424845	.122607	0
522.15	0	.6348705	.2425557	.1225739	0
521.15	0	.6348325	.2426267	.1225408	0
520.15	0	.6347946	.2426976	.1225078	0
519.15	0	.6347568	.2427683	.1224749	0
518.15	0	.6347191	.2428389	.1224421	0
517.15	0	.6346814	.2429093	.1224093	0
516.15	0	.6346439	.2429795	.1223766	0
515.15	0	.6346064	.2430496	.122344	0
514.15	0	.634569	.2431195	.1223114	0
513.15	0	.6345318	.2431893	.122279	0
512.15	0	.6344945	.2432589	.1222466	0
511.15	0	.6344574	.2433283	.1222143	0
510.15	0	.6344204	.2433975	.1221821	0
509.15	0	.6343835	.2434666	.1221499	0
508.15	0	.6343466	.2435355	.1221179	0
507.15	0	.6343099	.2436043	.1220859	0
506.15	0	.6342732	.2436728	.122054	0
505.15	0	.6342367	.2437412	.1220221	0
504.15	0	.6342002	.2438094	.1219904	0
503.15	0	.6341638	.2438775	.1219587	0
502.15	0	.6341275	.2439453	.1219272	0
501.15	0	.6340914	.244013	.1218956	0
500.15	0	.6340553	.2440805	.1218642	0
499.15	0	.6340193	.2441478	.1218328	0
498.15	0	.6339834	.2442149	.1218016	0
497.15	0	.6339476	.2442819	.1217705	0
496.15	0	.6339119	.2443487	.1217394	0
495.15	0	.6338763	.2444152	.1217085	0
494.15	0	.6338408	.2444816	.1216776	0
493.15	0	.6338054	.2445478	.1216468	0
492.15	0	.6337701	.2446138	.1216161	0
491.15	0	.6337349	.2446796	.1215855	0
490.15	0	.6336997	.2447453	.121555	0
489.15	0	.6336647	.2448107	.1215246	0
488.15	0	.6336298	.2448759	.1214943	0
487.15	0	.633595	.2449409	.121464	0
486.15	0	.6335603	.2450058	.1214339	0
485.15	0	.6335257	.2450704	.1214039	0
484.15	0	.6334912	.2451349	.1213739	0
483.15	0	.6334568	.2451991	.1213441	0
482.15	0	.6334225	.2452632	.1213143	0
481.15	0	.6333884	.245327	.1212847	0
480.15	0	.6333543	.2453906	.1212551	0
479.15	0	.6333203	.2454541	.1212256	0
478.15	0	.6332864	.2455173	.1211963	0
477.15	0	.6332527	.2455803	.121167	0
476.15	0	.633219	.2456431	.1211379	0
475.15	0	.6331855	.2457057	.1211088	0
474.15	0	.6331521	.2457681	.1210799	0
473.15	0	.6331188	.2458303	.121051	0
472.15	0	.6330855	.2458922	.1210222	0
471.15	0	.6330524	.245954	.1209936	0
470.15	0	.6330195	.2460155	.120965	0
469.15	0	.6329866	.2460768	.1209366	0
468.15	0	.6329538	.2461379	.1209083	0
467.15	0	.6329212	.2461988	.12088	0
466.15	0	.6328886	.2462595	.1208519	0
465.15	0	.6328562	.2463199	.1208239	0
464.15	0	.6328239	.2463802	.120796	0
463.15	0	.6327917	.2464402	.1207682	0
462.15	0	.6327596	.2465	.1207405	0
461.15	0	.6327276	.2465595	.1207129	0
460.15	0	.6326957	.2466189	.1206854	0
459.15	0	.632664	.246678	.120658	0
458.15	0	.6326324	.2467369	.1206308	0
457.15	0	.6326009	.2467956	.1206036	0
456.15	0	.6325695	.246854	.1205766	0
455.15	0	.6325382	.2469122	.1205496	0
454.15	0	.632507	.2469702	.1205228	0
453.15	0	.632476	.2470279	.1204961	0
452.15	0	.632445	.2470855	.1204695	0
451.15	0	.6324142	.2471427	.120443	0
450.15	0	.6323835	.2471998	.1204167	0
449.15	0	.632353	.2472566	.1203904	0
448.15	0	.6323226	.2473131	.1203643	0
447.15	0	.6322923	.2473694	.1203383	0
446.15	0	.6322622	.2474254	.1203124	0
445.15	0	.6322321	.2474812	.1202867	0
444.15	0	.6322022	.2475367	.120261	0
443.15	0	.6321725	.247592	.1202355	0
442.15	0	.6321429	.247647	.1202101	0
441.15	0	.6321134	.2477017	.1201849	0
440.4437	0	.6320927	.2477402	.1201671	0
440.4437	0	.6320927	.2477402	.1201671	0
440.4437	0	.6320927	.2477402	.1201671	0
440.15	0	.6321601	.2475788	.1200779	1.831991E-04
439.15	0	.6323891	.2470303	.1197744	8.062226E-04
438.15	0	.6326174	.2464829	.1194716	.00142817
437.15	0	.6328451	.2459365	.1191694	.002049051
436.15	0	.6330721	.2453911	.1188679	.002668876
435.15	0	.6332985	.2448468	.1185671	.003287657
434.15	0	.6335242	.2443034	.118267	.003905401
433.15	0	.6337494	.243761	.1179675	.004522121
432.15	0	.633974	.2432196	.1176686	.005137825
431.15	0	.6341979	.2426791	.1173705	.005752523
430.15	0	.6344214	.2421395	.1170729	.006366225
429.15	0	.6346442	.2416008	.1167761	.006978941
428.15	0	.6348665	.241063	.1164798	.007590679
427.15	0	.6350883	.2405261	.1161842	.008201448
426.15	0	.6353096	.23999	.1158892	.008811259
425.15	0	.6355303	.2394547	.1155949	.009420119
424.15	0	.6357505	.2389203	.1153012	.01002804
423.15	0	.6359703	.2383866	.1150081	.01063503
422.15	0	.6361895	.2378537	.1147156	.01124109
421.15	0	.6364083	.2373216	.1144238	.01184624
420.15	0	.6366267	.2367903	.1141326	.01245048
419.15	0	.6368445	.2362597	.113842	.01305382
418.15	0	.637062	.2357298	.113552	.01365627
417.15	0	.637279	.2352006	.1132626	.01425784
416.15	0	.6374955	.2346722	.1129738	.01485853
415.15	0	.6377117	.2341444	.1126856	.01545837
414.15	0	.6379274	.2336172	.112398	.01605733
413.15	0	.6381428	.2330908	.112111	.01665545
412.15	0	.6383577	.2325649	.1118246	.01725273
411.15	0	.6385723	.2320397	.1115388	.01784917
410.15	0	.6387865	.2315152	.1112535	.01844479
409.15	0	.6390003	.2309912	.1109689	.01903958
408.15	0	.6392138	.2304678	.1106848	.01963356
407.15	0	.6394269	.229945	.1104014	.02022673
406.15	0	.6396397	.2294228	.1101184	.0208191
405.15	0	.6398521	.2289011	.1098361	.02141068
404.15	0	.6400642	.22838	.1095543	.02200148
403.15	0	.640276	.2278594	.1092731	.02259149
402.15	0	.6404874	.2273394	.1089925	.02318074
401.15	0	.6406986	.2268198	.1087124	.02376922
400.15	0	.6409094	.2263008	.1084329	.02435694
399.15	0	.6411199	.2257823	.1081539	.02494391
398.15	0	.6413302	.2252642	.1078755	.02553013
397.15	0	.6415401	.2247467	.1075976	.02611561
396.15	0	.6417498	.2242296	.1073203	.02670036
395.15	0	.6419592	.2237129	.1070435	.02728438
394.15	0	.6421684	.2231968	.1067672	.02786768
393.15	0	.6423772	.222681	.1064915	.02845026
392.15	0	.6425858	.2221657	.1062163	.02903214
391.15	0	.6427942	.2216508	.1059417	.02961331
390.15	0	.6430023	.2211363	.1056676	.03019379
389.15	0	.6432102	.2206223	.105394	.03077357
388.15	0	.6434178	.2201086	.1051209	.03135267
387.15	0	.6436252	.2195953	.1048484	.03193108
386.15	0	.6438324	.2190824	.1045764	.03250882
385.15	0	.6440393	.2185699	.1043049	.03308589
384.15	0	.644246	.2180578	.1040339	.0336623
383.15	0	.6444525	.217546	.1037634	.03423805
382.15	0	.6446588	.2170346	.1034935	.03481314
381.15	0	.6448649	.2165235	.103224	.03538758
380.15	0	.6450708	.2160128	.1029551	.03596138
379.15	0	.6452765	.2155024	.1026866	.03653455
378.15	0	.645482	.2149923	.1024186	.03710707
377.15	0	.6456873	.2144826	.1021512	.03767897
376.15	0	.6458924	.2139732	.1018842	.03825025
375.15	0	.6460973	.213464	.1016178	.0388209
374.15	0	.6463021	.2129552	.1013518	.03939095
373.15	0	.6465066	.2124467	.1010863	.03996038
372.15	0	.6467111	.2119385	.1008213	.0405292
371.15	0	.6469153	.2114305	.1005568	.04109743
370.15	0	.6471194	.2109229	.1002927	.04166506
369.15	0	.6473233	.2104155	.1000291	.04223209
368.15	0	.647527	.2099084	.09976605	.04279854
367.15	0	.6477306	.2094016	.09950343	.04336441
366.15	0	.647934	.208895	.09924129	.0439297
365.15	0	.6481373	.2083887	.09897961	.04449441
364.15	0	.6483405	.2078826	.0987184	.04505855
363.15	0	.6485435	.2073768	.09845766	.04562213
362.15	0	.6487463	.2068712	.09819738	.04618514
361.15	0	.648949	.2063658	.09793756	.0467476
360.15	0	.6491516	.2058607	.0976782	.0473095
359.15	0	.649354	.2053558	.0974193	.04787084
358.15	0	.6495563	.2048512	.09716085	.04843165
357.15	0	.6497585	.2043467	.09690285	.04899191
356.15	0	.6499606	.2038425	.09664531	.04955163
355.15	0	.6501625	.2033385	.09638821	.05011081
354.15	0	.6503643	.2028347	.09613156	.05066946
353.15	0	.650566	.2023311	.09587535	.05122758
352.15	0	.6507676	.2018277	.09561959	.05178518
351.15	0	.650969	.2013245	.09536427	.05234226
350.15	0	.6511704	.2008214	.09510939	.05289881
