T	 BPW(LIQUID)	BPW(BCC_A2)	BPW(FCC_A1)	BPW(LAVES_PHASE_C14)	BPW(NI3TI)
1473.15	.08773314	.9122669	0	0	0
1472.15	.08518905	.914811	0	0	0
1471.15	.0826645	.9173355	0	0	0
1470.15	.08015932	.9198407	0	0	0
1469.15	.07767334	.9223267	0	0	0
1468.15	.07520637	.9247936	0	0	0
1467.15	.07275826	.9272417	0	0	0
1466.15	.07032883	.9296712	0	0	0
1465.15	.06791791	.9320821	0	0	0
1464.15	.06552534	.9344747	0	0	0
1463.15	.06315095	.9368491	0	0	0
1462.15	.06079457	.9392054	0	0	0
1461.15	.05845605	.941544	0	0	0
1460.15	.05613522	.9438648	0	0	0
1459.15	.05383192	.9461681	0	0	0
1458.15	.05154599	.948454	0	0	0
1457.15	.04927729	.9507227	0	0	0
1456.15	.04702565	.9529744	0	0	0
1455.15	.04479093	.9552091	0	0	0
1454.15	.04257296	.957427	0	0	0
1453.15	.04037159	.9596284	0	0	0
1452.15	.03818669	.9618133	0	0	0
1451.15	.0360181	.9639819	0	0	0
1450.15	.03386567	.9661343	0	0	0
1449.15	.03172926	.9682707	0	0	0
1448.15	.02960873	.9703913	0	0	0
1447.15	.02750393	.9724961	0	0	0
1446.15	.02541473	.9745853	0	0	0
1445.15	.02334098	.976659	0	0	0
1444.15	.02128254	.9787175	0	0	0
1443.15	.01923928	.9807607	0	0	0
1442.15	.01721107	.9827889	0	0	0
1441.15	.01519776	.9848022	0	0	0
1440.15	.01319923	.9868008	0	0	0
1439.15	.01121534	.9887847	0	0	0
1438.15	.009245969	.990754	0	0	0
1437.15	.007290981	.992709	0	0	0
1436.15	.005350249	.9946497	0	0	0
1435.15	.003423648	.9965763	0	0	0
1434.15	.001511053	.998489	0	0	0
1433.355	0	1	0	0	0
1433.355	0	1	0	0	0
1433.15	0	1	0	0	0
1432.15	0	1	0	0	0
1431.15	0	1	0	0	0
1430.15	0	1	0	0	0
1429.15	0	1	0	0	0
1428.15	0	1	0	0	0
1427.15	0	1	0	0	0
1426.15	0	1	0	0	0
1425.15	0	1	0	0	0
1424.15	0	1	0	0	0
1423.15	0	1	0	0	0
1422.15	0	1	0	0	0
1421.15	0	1	0	0	0
1420.15	0	1	0	0	0
1419.15	0	1	0	0	0
1418.15	0	1	0	0	0
1417.15	0	1	0	0	0
1416.15	0	1	0	0	0
1415.15	0	1	0	0	0
1414.15	0	1	0	0	0
1413.15	0	1	0	0	0
1412.15	0	1	0	0	0
1411.15	0	1	0	0	0
1410.15	0	1	0	0	0
1409.15	0	1	0	0	0
1408.15	0	1	0	0	0
1407.15	0	1	0	0	0
1406.15	0	1	0	0	0
1405.15	0	1	0	0	0
1404.15	0	1	0	0	0
1403.15	0	1	0	0	0
1402.15	0	1	0	0	0
1401.15	0	1	0	0	0
1400.15	0	1	0	0	0
1399.15	0	1	0	0	0
1398.15	0	1	0	0	0
1397.15	0	1	0	0	0
1396.15	0	1	0	0	0
1395.15	0	1	0	0	0
1394.15	0	1	0	0	0
1393.15	0	1	0	0	0
1392.15	0	1	0	0	0
1391.15	0	1	0	0	0
1390.15	0	1	0	0	0
1389.15	0	1	0	0	0
1388.15	0	1	0	0	0
1387.15	0	1	0	0	0
1386.15	0	1	0	0	0
1385.15	0	1	0	0	0
1384.15	0	1	0	0	0
1383.15	0	1	0	0	0
1382.15	0	1	0	0	0
1381.15	0	1	0	0	0
1380.15	0	1	0	0	0
1379.15	0	1	0	0	0
1378.15	0	1	0	0	0
1377.15	0	1	0	0	0
1376.15	0	1	0	0	0
1375.15	0	1	0	0	0
1374.15	0	1	0	0	0
1373.15	0	1	0	0	0
1372.15	0	1	0	0	0
1371.15	0	1	0	0	0
1370.15	0	1	0	0	0
1369.15	0	1	0	0	0
1368.15	0	1	0	0	0
1367.15	0	1	0	0	0
1366.15	0	1	0	0	0
1365.15	0	1	0	0	0
1364.15	0	1	0	0	0
1363.15	0	1	0	0	0
1362.15	0	1	0	0	0
1361.15	0	1	0	0	0
1360.15	0	1	0	0	0
1359.15	0	1	0	0	0
1358.15	0	1	0	0	0
1357.15	0	1	0	0	0
1356.15	0	1	0	0	0
1355.15	0	1	0	0	0
1354.15	0	1	0	0	0
1353.15	0	1	0	0	0
1352.15	0	1	0	0	0
1351.15	0	1	0	0	0
1350.15	0	1	0	0	0
1349.15	0	1	0	0	0
1348.15	0	1	0	0	0
1347.15	0	1	0	0	0
1346.15	0	1	0	0	0
1345.15	0	1	0	0	0
1344.15	0	1	0	0	0
1343.15	0	1	0	0	0
1342.15	0	1	0	0	0
1341.15	0	1	0	0	0
1340.15	0	1	0	0	0
1339.15	0	1	0	0	0
1338.15	0	1	0	0	0
1337.15	0	1	0	0	0
1336.15	0	1	0	0	0
1335.15	0	1	0	0	0
1334.15	0	1	0	0	0
1333.15	0	1	0	0	0
1332.15	0	1	0	0	0
1331.15	0	1	0	0	0
1330.15	0	1	0	0	0
1329.15	0	1	0	0	0
1328.15	0	1	0	0	0
1327.15	0	1	0	0	0
1326.15	0	1	0	0	0
1325.765	0	1	0	0	0
1325.765	0	1	0	0	0
1325.765	0	1	0	0	0
1325.15	0	.9995816	0	4.184033E-04	0
1324.15	0	.998902	0	.001097994	0
1323.15	0	.9982239	0	.001776105	0
1322.15	0	.9975473	0	.002452741	0
1321.15	0	.9968721	0	.003127907	0
1320.15	0	.9961984	0	.003801607	0
1319.15	0	.9955262	0	.004473845	0
1318.15	0	.9948554	0	.005144626	0
1317.15	0	.9941861	0	.005813954	0
1316.15	0	.9935182	0	.006481834	0
1315.15	0	.9928517	0	.007148269	0
1314.15	0	.9921867	0	.007813265	0
1313.15	0	.9915232	0	.008476826	0
1312.15	0	.990861	0	.009138956	0
1311.15	0	.9902003	0	.009799659	0
1310.15	0	.9895411	0	.01045894	0
1309.15	0	.9888832	0	.0111168	0
1308.15	0	.9882267	0	.01177325	0
1307.15	0	.9875717	0	.01242829	0
1306.15	0	.9869181	0	.01308192	0
1305.15	0	.9862659	0	.01373415	0
1304.15	0	.985615	0	.01438499	0
1303.15	0	.9849656	0	.01503443	0
1302.15	0	.9843175	0	.01568248	0
1301.15	0	.9836709	0	.01632915	0
1300.15	0	.9830256	0	.01697444	0
1299.15	0	.9823816	0	.01761835	0
1298.15	0	.9817391	0	.01826089	0
1297.15	0	.981098	0	.01890205	0
1296.15	0	.9804581	0	.01954186	0
1295.15	0	.9798197	0	.0201803	0
1294.15	0	.9791826	0	.02081739	0
1293.15	0	.9785469	0	.02145312	0
1292.15	0	.9779125	0	.02208751	0
1291.15	0	.9772795	0	.02272055	0
1290.15	0	.9766478	0	.02335225	0
1289.15	0	.9760174	0	.02398261	0
1288.15	0	.9753884	0	.02461164	0
1287.15	0	.9747607	0	.02523934	0
1286.15	0	.9741343	0	.02586572	0
1285.15	0	.9735092	0	.02649077	0
1284.15	0	.9728855	0	.02711451	0
1283.15	0	.9722631	0	.02773693	0
1282.15	0	.971642	0	.02835804	0
1281.15	0	.9710222	0	.02897785	0
1280.15	0	.9704037	0	.02959635	0
1279.15	0	.9697864	0	.03021355	0
1278.15	0	.9691705	0	.03082946	0
1277.15	0	.9685559	0	.03144407	0
1276.15	0	.9679426	0	.0320574	0
1275.15	0	.9673306	0	.03266945	0
1274.15	0	.9667198	0	.03328021	0
1273.15	0	.9661103	0	.03388969	0
1272.15	0	.9655021	0	.03449791	0
1271.15	0	.9648952	0	.03510485	0
1270.15	0	.9642895	0	.03571053	0
1269.15	0	.9636851	0	.03631494	0
1268.15	0	.9630819	0	.03691809	0
1267.15	0	.96248	0	.03751999	0
1266.15	0	.9618794	0	.03812064	0
1265.15	0	.96128	0	.03872004	0
1264.15	0	.9606818	0	.03931819	0
1263.15	0	.9600849	0	.0399151	0
1262.15	0	.9594892	0	.04051078	0
1261.15	0	.9588948	0	.04110522	0
1260.15	0	.9583016	0	.04169842	0
1259.15	0	.9577096	0	.0422904	0
1258.15	0	.9571189	0	.04288115	0
1257.15	0	.9565293	0	.04347069	0
1256.15	0	.955941	0	.044059	0
1255.15	0	.9553539	0	.0446461	0
1254.15	0	.954768	0	.04523199	0
1253.15	0	.9541833	0	.04581668	0
1252.15	0	.9535999	0	.04640015	0
1251.15	0	.9530176	0	.04698243	0
1250.15	0	.9524365	0	.04756351	0
1249.15	0	.9518566	0	.04814339	0
1248.15	0	.9512779	0	.04872208	0
1247.15	0	.9507004	0	.04929959	0
1246.15	0	.9501241	0	.0498759	0
1245.15	0	.949549	0	.05045104	0
1244.15	0	.948975	0	.051025	0
1243.15	0	.9484022	0	.05159778	0
1242.15	0	.9478306	0	.05216939	0
1241.15	0	.9472602	0	.05273983	0
1240.15	0	.9466909	0	.05330911	0
1239.15	0	.9461228	0	.05387722	0
1238.15	0	.9455558	0	.05444417	0
1237.15	0	.94499	0	.05500997	0
1236.15	0	.9444254	0	.05557461	0
1235.15	0	.9438619	0	.0561381	0
1234.15	0	.9432996	0	.05670045	0
1233.15	0	.9427383	0	.05726165	0
1232.15	0	.9421783	0	.05782171	0
1231.15	0	.9416194	0	.05838063	0
1230.15	0	.9410616	0	.05893841	0
1229.15	0	.9405049	0	.05949506	0
1228.15	0	.9399494	0	.06005058	0
1227.15	0	.939395	0	.06060498	0
1226.15	0	.9388417	0	.06115825	0
1225.15	0	.9382896	0	.0617104	0
1224.15	0	.9377386	0	.06226144	0
1223.15	0	.9371886	0	.06281136	0
1222.15	0	.9366398	0	.06336016	0
1221.15	0	.9360921	0	.06390786	0
1220.15	0	.9355456	0	.06445445	0
1219.15	0	.9350001	0	.06499994	0
1218.15	0	.9344557	0	.06554433	0
1217.15	0	.9339124	0	.06608762	0
1216.15	0	.9333702	0	.06662982	0
1215.15	0	.9328291	0	.06717092	0
1214.15	0	.9322891	0	.06771093	0
1213.15	0	.9317501	0	.06824986	0
1212.15	0	.9312123	0	.06878771	0
1211.15	0	.9306755	0	.06932447	0
1210.15	0	.9301398	0	.06986016	0
1209.15	0	.9296052	0	.07039477	0
1208.15	0	.9290717	0	.0709283	0
1207.15	0	.9285392	0	.07146077	0
1206.15	0	.9280078	0	.07199217	0
1205.15	0	.9274775	0	.07252251	0
1204.15	0	.9269482	0	.07305178	0
1203.15	0	.92642	0	.07357999	0
1202.15	0	.9258928	0	.07410715	0
1201.15	0	.9253668	0	.07463325	0
1200.15	0	.9248417	0	.07515831	0
1199.15	0	.9243177	0	.07568231	0
1198.15	0	.9237947	0	.07620527	0
1197.15	0	.9232728	0	.07672718	0
1196.15	0	.9227519	0	.07724805	0
1195.15	0	.9222321	0	.07776789	0
1194.15	0	.9217133	0	.07828668	0
1193.15	0	.9211956	0	.07880445	0
1192.15	0	.9206788	0	.07932118	0
1191.15	0	.9201631	0	.07983689	0
1190.15	0	.9196484	0	.08035157	0
1189.15	0	.9191348	0	.08086522	0
1188.15	0	.9186221	0	.08137786	0
1187.15	0	.9181105	0	.08188948	0
1186.15	0	.9175999	0	.08240008	0
1185.15	0	.9170903	0	.08290967	0
1184.15	0	.9165817	0	.08341825	0
1183.15	0	.9160742	0	.08392582	0
1182.15	0	.9155676	0	.08443238	0
1181.15	0	.9150621	0	.08493794	0
1180.15	0	.9145575	0	.08544249	0
1179.15	0	.914054	0	.08594605	0
1178.15	0	.9135514	0	.08644862	0
1177.15	0	.9130498	0	.08695018	0
1176.15	0	.9125492	0	.08745076	0
1175.15	0	.9120497	0	.08795035	0
1174.15	0	.911551	0	.08844895	0
1173.15	0	.9110534	0	.08894657	0
1172.15	0	.9105568	0	.0894432	0
1171.15	0	.9100611	0	.08993885	0
1170.15	0	.9095665	0	.09043353	0
1169.15	0	.9090728	0	.09092723	0
1168.15	0	.90858	0	.09141995	0
1167.15	0	.9080883	0	.09191171	0
1166.15	0	.9075975	0	.0924025	0
1165.15	0	.9071077	0	.09289232	0
1164.15	0	.9066188	0	.09338117	0
1163.15	0	.9061309	0	.09386907	0
1162.15	0	.905644	0	.094356	0
1161.15	0	.905158	0	.09484198	0
1160.15	0	.904673	0	.095327	0
1159.15	0	.9041889	0	.09581106	0
1158.15	0	.9037058	0	.09629418	0
1157.15	0	.9032237	0	.09677635	0
1156.15	0	.9027424	0	.09725757	0
1155.15	0	.9022621	0	.09773785	0
1154.15	0	.9017828	0	.0982172	0
1153.15	0	.9013044	0	.0986956	0
1152.15	0	.900827	0	.09917305	0
1151.15	0	.9003504	0	.09964957	0
1150.15	0	.8998748	0	.1001252	0
1149.15	0	.8994002	0	.1005998	0
1148.15	0	.8989265	0	.1010735	0
1147.15	0	.8984537	0	.1015463	0
1146.15	0	.8979818	0	.1020182	0
1145.15	0	.8975108	0	.1024892	0
1144.15	0	.8970408	0	.1029592	0
1143.15	0	.8965717	0	.1034283	0
1142.15	0	.8961035	0	.1038965	0
1141.15	0	.8956363	0	.1043638	0
1140.15	0	.8951699	0	.1048301	0
1139.15	0	.8947044	0	.1052956	0
1138.15	0	.8942399	0	.1057601	0
1137.15	0	.8937763	0	.1062237	0
1136.15	0	.8933135	0	.1066865	0
1135.15	0	.8928517	0	.1071483	0
1134.15	0	.8923908	0	.1076092	0
1133.15	0	.8919308	0	.1080692	0
1132.15	0	.8914717	0	.1085284	0
1131.15	0	.8910134	0	.1089866	0
1130.15	0	.8905561	0	.1094439	0
1129.15	0	.8900996	0	.1099004	0
1128.15	0	.8896441	0	.1103559	0
1127.15	0	.8891894	0	.1108106	0
1126.15	0	.8887356	0	.1112644	0
1125.15	0	.8882827	0	.1117173	0
1124.15	0	.8878307	0	.1121693	0
1123.15	0	.8873796	0	.1126204	0
1122.15	0	.8869293	0	.1130707	0
1121.15	0	.88648	0	.1135201	0
1120.15	0	.8860314	0	.1139686	0
1119.15	0	.8855838	0	.1144162	0
1118.15	0	.8851371	0	.1148629	0
1117.15	0	.8846912	0	.1153088	0
1116.15	0	.8842461	0	.1157539	0
1115.15	0	.883802	0	.116198	0
1114.15	0	.8833587	0	.1166413	0
1113.15	0	.8829163	0	.1170837	0
1112.15	0	.8824747	0	.1175253	0
1111.15	0	.882034	0	.117966	0
1110.15	0	.8815941	0	.1184059	0
1109.15	0	.8811551	0	.1188449	0
1108.15	0	.880717	0	.119283	0
1107.15	0	.8802797	0	.1197203	0
1106.15	0	.8798432	0	.1201568	0
1105.15	0	.8794076	0	.1205924	0
1104.15	0	.8789729	0	.1210271	0
1103.15	0	.878539	0	.121461	0
1102.15	0	.8781059	0	.1218941	0
1101.15	0	.8776737	0	.1223263	0
1100.15	0	.8772423	0	.1227577	0
1099.15	0	.8768118	0	.1231882	0
1098.15	0	.8763821	0	.1236179	0
1097.15	0	.8759532	0	.1240468	0
1096.15	0	.8755252	0	.1244748	0
1095.15	0	.875098	0	.1249021	0
1094.15	0	.8746716	0	.1253284	0
1093.15	0	.874246	0	.125754	0
1092.15	0	.8738213	0	.1261787	0
1091.15	0	.8733974	0	.1266026	0
1090.15	0	.8729743	0	.1270257	0
1089.15	0	.8725521	0	.1274479	0
1088.15	0	.8721306	0	.1278694	0
1087.15	0	.87171	0	.12829	0
1086.15	0	.8712902	0	.1287098	0
1085.15	0	.8708713	0	.1291287	0
1084.15	0	.8704531	0	.1295469	0
1083.15	0	.8700357	0	.1299643	0
1082.15	0	.8696192	0	.1303808	0
1081.15	0	.8692035	0	.1307965	0
1080.15	0	.8687885	0	.1312115	0
1079.15	0	.8683744	0	.1316256	0
1078.15	0	.8679611	0	.1320389	0
1077.15	0	.8675486	0	.1324514	0
1076.15	0	.8671369	0	.1328631	0
1075.15	0	.866726	0	.133274	0
1074.15	0	.8663158	0	.1336842	0
1073.15	0	.8659065	0	.1340935	0
1072.15	0	.865498	0	.134502	0
1071.15	0	.8650903	0	.1349097	0
1070.15	0	.8646834	0	.1353166	0
1069.15	0	.8642772	0	.1357228	0
1068.15	0	.8638719	0	.1361281	0
1067.15	0	.8634673	0	.1365327	0
1066.15	0	.8630636	0	.1369364	0
1065.15	0	.8626606	0	.1373394	0
1064.15	0	.8622584	0	.1377416	0
1063.15	0	.8618569	0	.1381431	0
1062.15	0	.8614563	0	.1385437	0
1061.15	0	.8610565	0	.1389435	0
1060.15	0	.8606574	0	.1393426	0
1059.15	0	.8602591	0	.1397409	0
1058.15	0	.8598616	0	.1401384	0
1057.15	0	.8594648	0	.1405352	0
1056.15	0	.8590689	0	.1409312	0
1055.15	0	.8586737	0	.1413264	0
1054.15	0	.8582792	0	.1417208	0
1053.15	0	.8578856	0	.1421144	0
1052.15	0	.8574927	0	.1425073	0
1051.15	0	.8571005	0	.1428995	0
1050.15	0	.8567092	0	.1432908	0
1049.15	0	.8563186	0	.1436814	0
1048.15	0	.8559288	0	.1440713	0
1047.15	0	.8555397	0	.1444603	0
1046.15	0	.8551514	0	.1448486	0
1045.15	0	.8547638	0	.1452362	0
1044.15	0	.854377	0	.145623	0
1043.15	0	.853991	0	.146009	0
1042.15	0	.8536057	0	.1463943	0
1041.15	0	.8532212	0	.1467788	0
1040.15	0	.8528374	0	.1471626	0
1039.15	0	.8524544	0	.1475456	0
1038.15	0	.8520721	0	.1479279	0
1037.15	0	.8516906	0	.1483094	0
1036.15	0	.8513098	0	.1486902	0
1035.15	0	.8509298	0	.1490702	0
1034.15	0	.8505505	0	.1494495	0
1033.15	0	.850172	0	.149828	0
1032.15	0	.8497942	0	.1502058	0
1031.15	0	.8494172	0	.1505829	0
1030.15	0	.8490408	0	.1509592	0
1029.15	0	.8486653	0	.1513347	0
1028.15	0	.8482904	0	.1517096	0
1027.15	0	.8479164	0	.1520837	0
1026.15	0	.847543	0	.152457	0
1025.15	0	.8471704	0	.1528296	0
1024.15	0	.8467985	0	.1532015	0
1023.15	0	.8464273	0	.1535727	0
1022.15	0	.8460569	0	.1539431	0
1021.15	0	.8456872	0	.1543128	0
1020.15	0	.8453183	0	.1546817	0
1019.15	0	.84495	0	.15505	0
1018.15	0	.8445825	0	.1554175	0
1017.15	0	.8442157	0	.1557843	0
1016.15	0	.8438497	0	.1561503	0
1015.15	0	.8434844	0	.1565156	0
1014.15	0	.8431198	0	.1568802	0
1013.15	0	.8427559	0	.1572441	0
1012.15	0	.8423927	0	.1576073	0
1011.15	0	.8420303	0	.1579697	0
1010.15	0	.8416686	0	.1583315	0
1009.15	0	.8413075	0	.1586925	0
1008.15	0	.8409473	0	.1590527	0
1007.15	0	.8405877	0	.1594123	0
1006.15	0	.8402288	0	.1597712	0
1005.15	0	.8398707	0	.1601293	0
1004.15	0	.8395133	0	.1604868	0
1003.15	0	.8391565	0	.1608435	0
1002.15	0	.8388005	0	.1611995	0
1001.15	0	.8384452	0	.1615548	0
1000.15	0	.8380907	0	.1619094	0
999.15	0	.8377368	0	.1622632	0
998.15	0	.8373836	0	.1626164	0
997.15	0	.8370311	0	.1629689	0
996.15	0	.8366794	0	.1633206	0
995.15	0	.8363283	0	.1636717	0
994.15	0	.835978	0	.164022	0
993.15	0	.8356283	0	.1643717	0
992.15	0	.8352794	0	.1647207	0
991.15	0	.8349311	0	.1650689	0
990.15	0	.8345836	0	.1654164	0
989.15	0	.8342367	0	.1657633	0
988.15	0	.8338906	0	.1661094	0
987.15	0	.8335451	0	.1664549	0
986.15	0	.8332003	0	.1667997	0
985.15	0	.8328563	0	.1671437	0
984.15	0	.8325129	0	.1674871	0
983.15	0	.8321702	0	.1678298	0
982.15	0	.8318282	0	.1681718	0
981.15	0	.8314869	0	.1685131	0
980.15	0	.8311463	0	.1688537	0
979.15	0	.8308064	0	.1691936	0
978.15	0	.8304672	0	.1695328	0
977.15	0	.8301287	0	.1698713	0
976.15	0	.8297908	0	.1702092	0
975.15	0	.8294537	0	.1705463	0
974.15	0	.8291172	0	.1708828	0
973.15	0	.8287814	0	.1712186	0
972.15	0	.8284463	0	.1715537	0
971.15	0	.8281119	0	.1718881	0
970.15	0	.8277781	0	.1722219	0
969.15	0	.8274451	0	.1725549	0
968.15	0	.8271127	0	.1728873	0
967.15	0	.826781	0	.173219	0
966.9174	0	.8267039	0	.1732961	0
966.9174	0	.8267039	0	.1732961	0
966.9174	0	.8267039	0	.1732961	0
966.15	0	.82603	4.691102E-04	.1735009	0
965.15	0	.8251537	.001079358	.173767	0
964.15	0	.8242794	.001688415	.1740322	0
963.15	0	.8234072	.002296289	.1742965	0
962.15	0	.8225371	.002902989	.1745599	0
961.15	0	.821669	.003508522	.1748225	0
960.15	0	.820803	.004112898	.1750841	0
959.15	0	.8199391	.004716125	.1753448	0
958.15	0	.8190772	.005318212	.1756046	0
957.15	0	.8182173	.005919167	.1758635	0
956.15	0	.8173595	.006519	.1761216	0
955.15	0	.8165036	.007117719	.1763787	0
954.15	0	.8156498	.007715335	.1766349	0
953.15	0	.814798	.008311857	.1768901	0
952.15	0	.8139482	.008907294	.1771445	0
951.15	0	.8131004	.009501657	.177398	0
950.15	0	.8122545	.01009496	.1776505	0
949.15	0	.8114107	.0106872	.1779022	0
948.15	0	.8105688	.0112784	.1781529	0
947.15	0	.8097288	.01186856	.1784026	0
946.15	0	.8088908	.0124577	.1786515	0
945.15	0	.8080547	.01304584	.1788994	0
944.15	0	.8072206	.01363296	.1791464	0
943.15	0	.8063884	.0142191	.1793925	0
942.15	0	.8055581	.01480426	.1796376	0
941.15	0	.8047297	.01538846	.1798818	0
940.15	0	.8039032	.0159717	.1801251	0
939.15	0	.8030786	.016554	.1803674	0
938.15	0	.8022558	.01713536	.1806088	0
937.15	0	.801435	.01771581	.1808492	0
936.15	0	.8006159	.01829535	.1810887	0
935.15	0	.7997988	.018874	.1813272	0
934.15	0	.7989834	.01945177	.1815648	0
933.15	0	.7981699	.02002868	.1818014	0
932.15	0	.7973582	.02060473	.1820371	0
931.15	0	.7965483	.02117995	.1822718	0
930.15	0	.7957402	.02175433	.1825055	0
929.15	0	.7949339	.02232791	.1827382	0
928.15	0	.7941293	.0229007	.18297	0
927.15	0	.7933265	.0234727	.1832008	0
926.15	0	.7925254	.02404394	.1834306	0
925.15	0	.7917261	.02461443	.1836595	0
924.15	0	.7909285	.02518418	.1838873	0
923.15	0	.7901326	.02575322	.1841142	0
922.15	0	.7893384	.02632155	.1843401	0
921.15	0	.7885459	.0268892	.1845649	0
920.15	0	.787755	.02745618	.1847888	0
919.15	0	.7869659	.0280225	.1850116	0
918.15	0	.7861783	.0285882	.1852335	0
917.15	0	.7853924	.02915327	.1854543	0
916.15	0	.7846081	.02971775	.1856741	0
915.15	0	.7838254	.03028164	.1858929	0
914.15	0	.7830443	.03084498	.1861107	0
913.15	0	.7822648	.03140777	.1863274	0
912.15	0	.7814868	.03197004	.1865431	0
911.15	0	.7807104	.03253181	.1867578	0
910.15	0	.7799355	.03309309	.1869714	0
909.15	0	.7791621	.03365391	.187184	0
908.15	0	.7783902	.03421429	.1873955	0
907.15	0	.7776198	.03477425	.187606	0
906.15	0	.7768509	.03533381	.1878154	0
905.15	0	.7760833	.03589299	.1880237	0
904.15	0	.7753173	.03645182	.1882309	0
903.15	0	.7745526	.03701031	.1884371	0
902.15	0	.7737893	.0375685	.1886422	0
901.15	0	.7730274	.0381264	.1888462	0
900.15	0	.7722669	.03868404	.1890491	0
899.15	0	.7715077	.03924144	.1892509	0
898.15	0	.7707498	.03979863	.1894515	0
897.15	0	.7699932	.04035564	.1896511	0
896.15	0	.7692379	.04091249	.1898496	0
895.15	0	.7684839	.04146921	.1900469	0
894.15	0	.7677311	.04202582	.1902431	0
893.15	0	.7669795	.04258235	.1904382	0
892.15	0	.7662291	.04313882	.1906321	0
891.15	0	.7654799	.04369528	.1908248	0
890.15	0	.7647318	.04425175	.1910165	0
889.15	0	.7639849	.04480825	.1912069	0
888.15	0	.763239	.04536481	.1913962	0
887.15	0	.7624943	.04592148	.1915842	0
886.15	0	.7617506	.04647827	.1917711	0
885.15	0	.7610079	.04703522	.1919569	0
884.15	0	.7602663	.04759237	.1921413	0
883.15	0	.7595256	.04814974	.1923246	0
882.15	0	.7587859	.04870738	.1925067	0
881.15	0	.7580471	.04926531	.1926876	0
880.15	0	.7573093	.04982357	.1928672	0
879.15	0	.7565723	.05038219	.1930456	0
878.15	0	.7558361	.05094122	.1932227	0
877.15	0	.7551008	.05150069	.1933985	0
876.15	0	.7543662	.05206064	.1935731	0
875.15	0	.7536325	.0526211	.1937464	0
874.15	0	.7528994	.05318212	.1939185	0
873.15	0	.7521671	.05374374	.1940892	0
872.15	0	.7514354	.054306	.1942586	0
871.15	0	.7507044	.05486894	.1944267	0
870.15	0	.7499739	.05543261	.1945935	0
869.15	0	.749244	.05599704	.1947589	0
868.15	0	.7485147	.05656229	.194923	0
867.15	0	.7477859	.0571284	.1950857	0
866.15	0	.7470575	.05769542	.1952471	0
865.15	0	.7463296	.05826339	.195407	0
864.15	0	.745602	.05883237	.1955656	0
863.15	0	.7448748	.0594024	.1957228	0
862.15	0	.7441479	.05997354	.1958785	0
861.15	0	.7434213	.06054584	.1960328	0
860.15	0	.7426949	.06111935	.1961857	0
859.15	0	.7419688	.06169413	.1963371	0
858.15	0	.7412427	.06227023	.1964871	0
857.15	0	.7405168	.06284772	.1966355	0
856.15	0	.7397909	.06342665	.1967825	0
855.15	0	.739065	.06400708	.1969279	0
854.15	0	.7383391	.06458908	.1970718	0
853.15	0	.7376131	.0651727	.1972142	0
852.15	0	.736887	.06575802	.197355	0
851.15	0	.7361607	.0663451	.1974942	0
850.15	0	.7354342	.06693401	.1976318	0
849.15	0	.7347073	.06752482	.1977679	0
848.15	0	.7339802	.0681176	.1979022	0
847.15	0	.7332526	.06871243	.198035	0
846.15	0	.7325246	.06930938	.1981661	0
845.15	0	.731796	.06990854	.1982954	0
844.15	0	.7310669	.07050998	.1984231	0
843.15	0	.7303371	.07111378	.1985491	0
842.15	0	.7296067	.07172004	.1986733	0
841.15	0	.7288754	.07232883	.1987957	0
840.15	0	.7281433	.07294026	.1989164	0
839.15	0	.7274103	.07355441	.1990352	0
838.15	0	.7266764	.07417138	.1991523	0
837.15	0	.7259413	.07479128	.1992674	0
836.15	0	.7252052	.07541419	.1993806	0
835.15	0	.7244678	.07604023	.199492	0
834.15	0	.7237291	.07666951	.1996014	0
833.15	0	.722989	.07730214	.1997088	0
832.15	0	.7222475	.07793824	.1998143	0
831.15	0	.7215044	.07857793	.1999177	0
830.15	0	.7207596	.07922133	.200019	0
829.15	0	.7200131	.07986858	.2001183	0
828.15	0	.7192648	.0805198	.2002154	0
827.15	0	.7185144	.08117515	.2003104	0
826.15	0	.717762	.08183475	.2004032	0
825.15	0	.7170075	.08249877	.2004938	0
824.15	0	.7162506	.08316735	.2005821	0
823.15	0	.7154913	.08384067	.200668	0
822.15	0	.7147294	.08451889	.2007517	0
821.15	0	.7139649	.08520219	.2008329	0
820.15	0	.7131976	.08589075	.2009117	0
819.15	0	.7124273	.08658476	.200988	0
818.15	0	.7116538	.08728442	.2010618	0
817.15	0	.7108771	.08798995	.2011329	0
816.15	0	.710097	.08870156	.2012014	0
815.15	0	.7093133	.08941947	.2012673	0
814.15	0	.7085257	.09014394	.2013303	0
813.15	0	.7077342	.09087521	.2013906	0
812.15	0	.7069386	.09161355	.2014479	0
811.15	0	.7061385	.09235923	.2015023	0
810.15	0	.7053338	.09311255	.2015537	0
809.15	0	.7045243	.09387382	.2016019	0
808.15	0	.7037097	.09464336	.2016469	0
807.15	0	.7028898	.09542151	.2016887	0
806.15	0	.7020642	.09620865	.2017271	0
805.15	0	.7012327	.09700515	.2017621	0
804.15	0	.7003951	.09781142	.2017935	0
803.15	0	.6995509	.0986279	.2018212	0
802.15	0	.6986998	.09945505	.2018452	0
801.15	0	.6978414	.1002934	.2018652	0
800.15	0	.6969754	.1011434	.2018812	0
799.15	0	.6961014	.1020056	.2018931	0
798.15	0	.6952187	.1028807	.2019006	0
797.15	0	.6943282	.1037684	.2019034	0
796.15	0	.693427	.1046712	.2019018	0
795.15	0	.6925156	.105589	.2018954	0
794.15	0	.6915936	.1065225	.201884	0
793.15	0	.6906602	.1074725	.2018673	0
792.15	0	.6897147	.1084402	.2018451	0
791.15	0	.6887563	.1094264	.2018173	0
790.15	0	.6877843	.1104323	.2017834	0
789.15	0	.6867976	.1114592	.2017432	0
788.15	0	.6857952	.1125084	.2016964	0
787.15	0	.684776	.1135813	.2016427	0
786.15	0	.6837388	.1146797	.2015815	0
785.15	0	.6826822	.1158053	.2015125	0
784.15	0	.6816045	.1169602	.2014352	0
783.15	0	.6805041	.1181468	.2013491	0
782.15	0	.6793791	.1193675	.2012535	0
781.15	0	.6782271	.1206253	.2011476	0
780.15	0	.6770457	.1219235	.2010308	0
779.15	0	.6755089	.1236712	.2008198	0
778.15	0	.6733678	.126184	.2004481	0
777.15	0	.6713566	.1285414	.200102	0
776.15	0	.6694603	.1307611	.1997785	0
775.15	0	.6676669	.132858	.1994751	0
774.15	0	.6659658	.1348446	.1991897	0
773.15	0	.6643481	.1367315	.1989204	0
772.15	0	.6628063	.138528	.1986657	0
771.15	0	.6613338	.1402419	.1984243	0
770.15	0	.6599247	.1418802	.198195	0
769.15	0	.6585741	.1434491	.1979768	0
768.15	0	.6572775	.1449538	.1977687	0
767.15	0	.6560309	.1463992	.1975699	0
766.15	0	.6548307	.1477895	.1973798	0
765.15	0	.6536738	.1491285	.1971977	0
764.15	0	.6525574	.1504196	.197023	0
763.15	0	.6514788	.151666	.1968552	0
762.15	0	.6504358	.1528704	.1966938	0
761.15	0	.6494262	.1540354	.1965385	0
760.15	0	.648448	.1551633	.1963887	0
759.15	0	.6474996	.1562562	.1962443	0
758.15	0	.6465792	.1573161	.1961047	0
757.15	0	.6456854	.1583448	.1959699	0
756.15	0	.6448168	.1593439	.1958394	0
755.15	0	.6439721	.1603149	.195713	0
754.15	0	.6431501	.1612594	.1955905	0
753.15	0	.6423498	.1621785	.1954717	0
752.15	0	.6415701	.1630735	.1953564	0
751.15	0	.6408101	.1639456	.1952444	0
750.15	0	.6400688	.1647957	.1951355	0
749.15	0	.6393456	.1656249	.1950295	0
748.15	0	.6386394	.1664341	.1949264	0
747.15	0	.6379498	.1672242	.194826	0
746.15	0	.6372759	.167996	.1947281	0
745.15	0	.6366172	.1687502	.1946326	0
744.15	0	.635973	.1694876	.1945395	0
743.15	0	.6353427	.1702088	.1944485	0
742.15	0	.6347258	.1709145	.1943596	0
741.15	0	.6341219	.1716053	.1942728	0
740.15	0	.6335304	.1722818	.1941878	0
739.15	0	.6329509	.1729444	.1941047	0
738.15	0	.6323829	.1735937	.1940234	0
737.15	0	.6318261	.1742303	.1939437	0
736.15	0	.63128	.1748544	.1938656	0
735.15	0	.6307443	.1754667	.1937891	0
734.15	0	.6302186	.1760674	.193714	0
733.15	0	.6297026	.176657	.1936404	0
732.15	0	.629196	.1772359	.1935681	0
731.15	0	.6286985	.1778044	.1934971	0
730.15	0	.6282098	.1783629	.1934273	0
729.15	0	.6277296	.1789117	.1933588	0
728.15	0	.6272576	.1794511	.1932914	0
727.15	0	.6267936	.1799813	.1932251	0
726.15	0	.6263374	.1805028	.1931598	0
725.15	0	.6258887	.1810157	.1930956	0
724.15	0	.6254473	.1815203	.1930324	0
723.15	0	.625013	.1820169	.1929701	0
722.15	0	.6245856	.1825056	.1929088	0
721.15	0	.6241649	.1829868	.1928483	0
720.15	0	.6237507	.1834607	.1927886	0
719.15	0	.6233428	.1839274	.1927298	0
718.15	0	.6229411	.1843872	.1926718	0
717.15	0	.6225453	.1848402	.1926145	0
716.15	0	.6221554	.1852866	.1925579	0
715.15	0	.6217712	.1857267	.1925021	0
714.15	0	.6213925	.1861606	.1924469	0
713.15	0	.6210191	.1865885	.1923924	0
712.15	0	.6206511	.1870104	.1923385	0
711.15	0	.6202881	.1874267	.1922853	0
710.15	0	.6199301	.1878373	.1922326	0
709.15	0	.619577	.1882426	.1921805	0
708.15	0	.6192286	.1886425	.1921289	0
707.15	0	.6188849	.1890373	.1920779	0
706.15	0	.6185456	.189427	.1920274	0
705.15	0	.6182108	.1898119	.1919773	0
704.15	0	.6178803	.1901919	.1919278	0
703.15	0	.617554	.1905673	.1918787	0
702.15	0	.6172318	.1909381	.1918301	0
701.15	0	.6169136	.1913045	.1917819	0
700.15	0	.6165994	.1916665	.1917341	0
699.15	0	.6162889	.1920243	.1916868	0
698.15	0	.6159823	.192378	.1916398	0
697.15	0	.6156793	.1927275	.1915932	0
696.15	0	.6153799	.1930732	.1915469	0
695.15	0	.615084	.193415	.191501	0
694.15	0	.6147916	.1937529	.1914555	0
693.15	0	.6145025	.1940872	.1914103	0
692.15	0	.6142167	.1944179	.1913654	0
691.15	0	.6139341	.194745	.1913208	0
690.15	0	.6136547	.1950687	.1912766	0
689.15	0	.6133784	.195389	.1912326	0
688.15	0	.6131051	.195706	.1911889	0
687.15	0	.6128348	.1960197	.1911455	0
686.15	0	.6125675	.1963303	.1911023	0
685.15	0	.6123029	.1966377	.1910594	0
684.15	0	.6120412	.1969421	.1910167	0
683.15	0	.6117822	.1972435	.1909743	0
682.15	0	.6115259	.197542	.1909321	0
681.15	0	.6112722	.1978376	.1908902	0
680.15	0	.6110212	.1981304	.1908484	0
679.15	0	.6107727	.1984204	.1908069	0
678.15	0	.6105266	.1987078	.1907656	0
677.15	0	.6102831	.1989925	.1907245	0
676.15	0	.6100419	.1992746	.1906835	0
675.15	0	.6098031	.1995542	.1906428	0
674.15	0	.6095666	.1998312	.1906022	0
673.15	0	.6093323	.2001058	.1905618	0
672.15	0	.6091004	.200378	.1905216	0
671.15	0	.6088706	.2006479	.1904816	0
670.15	0	.6086429	.2009154	.1904417	0
669.15	0	.6084174	.2011806	.1904019	0
668.15	0	.608194	.2014436	.1903623	0
667.15	0	.6079726	.2017045	.1903229	0
666.15	0	.6077533	.2019631	.1902836	0
665.15	0	.6075359	.2022197	.1902444	0
664.15	0	.6073205	.2024741	.1902054	0
663.15	0	.607107	.2027265	.1901665	0
662.15	0	.6068953	.202977	.1901277	0
661.15	0	.6066856	.2032254	.1900891	0
660.15	0	.6064776	.2034719	.1900505	0
659.15	0	.6062714	.2037165	.1900121	0
658.15	0	.606067	.2039592	.1899738	0
657.15	0	.6058644	.2042	.1899356	0
656.15	0	.6056634	.2044391	.1898975	0
655.15	0	.6054642	.2046764	.1898595	0
654.15	0	.6052666	.2049119	.1898216	0
653.15	0	.6050706	.2051457	.1897837	0
652.15	0	.6048762	.2053778	.189746	0
651.15	0	.6046834	.2056082	.1897084	0
650.15	0	.6044922	.2058369	.1896708	0
649.15	0	.6043025	.2060641	.1896334	0
648.15	0	.6041144	.2062896	.189596	0
647.15	0	.6039277	.2065136	.1895587	0
646.15	0	.6037425	.2067361	.1895215	0
645.15	0	.6035587	.206957	.1894843	0
644.15	0	.6033764	.2071764	.1894473	0
643.15	0	.6031954	.2073943	.1894103	0
642.15	0	.6030159	.2076108	.1893733	0
641.15	0	.6028377	.2078259	.1893364	0
640.15	0	.6026609	.2080395	.1892996	0
639.15	0	.6024854	.2082517	.1892629	0
638.15	0	.6023112	.2084626	.1892262	0
637.15	0	.6021383	.2086721	.1891896	0
636.15	0	.6019667	.2088803	.189153	0
635.15	0	.6017963	.2090871	.1891165	0
634.15	0	.6016272	.2092927	.18908	0
633.15	0	.6014594	.209497	.1890436	0
632.15	0	.6012927	.2097	.1890073	0
631.15	0	.6011272	.2099018	.188971	0
630.15	0	.6009629	.2101024	.1889347	0
629.15	0	.6007998	.2103017	.1888985	0
628.15	0	.6006378	.2104999	.1888624	0
627.15	0	.6004769	.2106968	.1888262	0
626.15	0	.6003172	.2108927	.1887902	0
625.15	0	.6001586	.2110873	.1887541	0
624.15	0	.600001	.2112808	.1887181	0
623.15	0	.5998446	.2114733	.1886822	0
622.15	0	.5996892	.2116646	.1886463	0
621.15	0	.5995348	.2118548	.1886104	0
620.15	0	.5993815	.2120439	.1885746	0
619.15	0	.5992292	.212232	.1885388	0
618.15	0	.599078	.212419	.188503	0
617.15	0	.5989277	.212605	.1884673	0
616.15	0	.5987785	.21279	.1884316	0
615.15	0	.5986302	.2129739	.1883959	0
614.15	0	.5984828	.2131568	.1883603	0
613.15	0	.5983365	.2133388	.1883247	0
612.15	0	.5981911	.2135198	.1882892	0
611.15	0	.5980466	.2136998	.1882536	0
610.15	0	.597903	.2138788	.1882181	0
609.15	0	.5977604	.2140569	.1881827	0
608.15	0	.5976187	.2142341	.1881472	0
607.15	0	.5974778	.2144104	.1881118	0
606.15	0	.5973379	.2145857	.1880764	0
605.15	0	.5971988	.2147602	.1880411	0
604.15	0	.5970606	.2149337	.1880057	0
603.15	0	.5969232	.2151064	.1879704	0
602.15	0	.5967867	.2152781	.1879351	0
601.15	0	.5966511	.2154491	.1878999	0
600.15	0	.5965162	.2156191	.1878647	0
599.15	0	.5963822	.2157883	.1878295	0
598.15	0	.596249	.2159567	.1877943	0
597.15	0	.5961166	.2161243	.1877591	0
596.15	0	.595985	.216291	.187724	0
595.15	0	.5958542	.2164569	.1876889	0
594.15	0	.5957241	.216622	.1876538	0
593.15	0	.5955949	.2167864	.1876188	0
592.15	0	.5954664	.2169499	.1875838	0
591.15	0	.5953386	.2171126	.1875487	0
590.15	0	.5952117	.2172746	.1875138	0
589.15	0	.5950854	.2174358	.1874788	0
588.15	0	.5949599	.2175962	.1874439	0
587.15	0	.5948351	.2177559	.1874089	0
586.15	0	.5947111	.2179149	.1873741	0
585.15	0	.5945877	.2180731	.1873392	0
584.15	0	.5944651	.2182306	.1873043	0
583.15	0	.5943432	.2183873	.1872695	0
582.15	0	.5942219	.2185433	.1872347	0
581.15	0	.5941014	.2186987	.1871999	0
580.15	0	.5939815	.2188533	.1871652	0
579.15	0	.5938624	.2190072	.1871304	0
578.15	0	.5937438	.2191604	.1870957	0
577.15	0	.593626	.219313	.1870611	0
576.15	0	.5935088	.2194648	.1870264	0
575.15	0	.5933923	.219616	.1869917	0
574.15	0	.5932764	.2197665	.1869571	0
573.15	0	.5931612	.2199163	.1869225	0
572.15	0	.5930466	.2200655	.186888	0
571.15	0	.5929326	.220214	.1868534	0
570.15	0	.5928193	.2203619	.1868189	0
569.15	0	.5927066	.2205091	.1867844	0
568.15	0	.5925944	.2206557	.1867499	0
567.15	0	.5924829	.2208016	.1867155	0
566.15	0	.5923721	.2209469	.186681	0
565.15	0	.5922618	.2210916	.1866466	0
564.15	0	.5921521	.2212357	.1866122	0
563.15	0	.592043	.2213791	.1865779	0
562.15	0	.5919345	.2215219	.1865435	0
561.15	0	.5918266	.2216642	.1865092	0
560.15	0	.5917192	.2218058	.186475	0
559.15	0	.5916125	.2219468	.1864407	0
558.15	0	.5915063	.2220873	.1864065	0
557.15	0	.5914006	.2222271	.1863723	0
556.15	0	.5912956	.2223663	.1863381	0
555.15	0	.5911911	.222505	.1863039	0
554.15	0	.5910871	.2226431	.1862698	0
553.15	0	.5909837	.2227806	.1862357	0
552.15	0	.5908809	.2229175	.1862016	0
551.15	0	.5907786	.2230539	.1861675	0
550.15	0	.5906768	.2231897	.1861335	0
549.15	0	.5905756	.2233249	.1860995	0
548.15	0	.5904748	.2234596	.1860655	0
547.15	0	.5903747	.2235937	.1860316	0
546.15	0	.590275	.2237273	.1859977	0
545.15	0	.5901758	.2238603	.1859638	0
544.15	0	.5900772	.2239928	.18593	0
543.15	0	.5899791	.2241247	.1858962	0
542.15	0	.5898815	.2242561	.1858624	0
541.15	0	.5897843	.224387	.1858287	0
540.15	0	.5896877	.2245173	.185795	0
539.15	0	.5895916	.2246471	.1857613	0
538.15	0	.589496	.2247764	.1857276	0
537.15	0	.5894009	.2249051	.185694	0
536.15	0	.5893063	.2250333	.1856604	0
535.15	0	.5892121	.225161	.1856269	0
534.15	0	.5891184	.2252882	.1855933	0
533.15	0	.5890253	.2254149	.1855599	0
532.15	0	.5889326	.225541	.1855264	0
531.15	0	.5888403	.2256667	.185493	0
530.15	0	.5887486	.2257918	.1854596	0
529.15	0	.5886573	.2259165	.1854263	0
528.15	0	.5885665	.2260406	.185393	0
527.15	0	.5884761	.2261642	.1853597	0
526.15	0	.5883862	.2262873	.1853265	0
525.15	0	.5882968	.22641	.1852933	0
524.15	0	.5882078	.2265321	.1852601	0
523.15	0	.5881192	.2266538	.185227	0
522.15	0	.5880312	.226775	.1851939	0
521.15	0	.5879435	.2268956	.1851609	0
520.15	0	.5878563	.2270158	.1851278	0
519.15	0	.5877696	.2271355	.1850949	0
518.15	0	.5876833	.2272548	.185062	0
517.15	0	.5875974	.2273735	.1850291	0
516.15	0	.587512	.2274918	.1849962	0
515.15	0	.587427	.2276095	.1849635	0
514.15	0	.5873424	.2277269	.1849307	0
513.15	0	.5872583	.2278437	.184898	0
512.15	0	.5871746	.2279601	.1848653	0
511.15	0	.5870913	.228076	.1848327	0
510.15	0	.5870084	.2281914	.1848001	0
509.15	0	.586926	.2283064	.1847676	0
508.15	0	.586844	.2284209	.1847351	0
507.15	0	.5867624	.228535	.1847027	0
506.15	0	.5866812	.2286486	.1846703	0
505.15	0	.5866004	.2287617	.1846379	0
504.15	0	.58652	.2288744	.1846056	0
503.15	0	.5864401	.2289866	.1845734	0
502.15	0	.5863605	.2290983	.1845412	0
501.15	0	.5862814	.2292097	.184509	0
500.15	0	.5862026	.2293205	.1844769	0
499.15	0	.5861243	.2294309	.1844448	0
498.15	0	.5860463	.2295409	.1844128	0
497.15	0	.5859688	.2296504	.1843809	0
496.15	0	.5858916	.2297594	.184349	0
495.15	0	.5858148	.229868	.1843171	0
494.15	0	.5857385	.2299762	.1842853	0
493.15	0	.5856625	.2300839	.1842536	0
492.15	0	.5855869	.2301912	.1842219	0
491.15	0	.5855117	.2302981	.1841903	0
490.15	0	.5854369	.2304045	.1841587	0
489.15	0	.5853624	.2305104	.1841272	0
488.15	0	.5852884	.230616	.1840957	0
487.15	0	.5852147	.2307211	.1840643	0
486.15	0	.5851414	.2308257	.1840329	0
485.15	0	.5850685	.2309299	.1840016	0
484.15	0	.5849959	.2310337	.1839704	0
483.15	0	.5849238	.2311371	.1839392	0
482.15	0	.584852	.23124	.1839081	0
481.15	0	.5847805	.2313425	.183877	0
480.15	0	.5847095	.2314446	.183846	0
479.15	0	.5846388	.2315462	.183815	0
478.15	0	.5845685	.2316474	.1837842	0
477.15	0	.5844985	.2317482	.1837533	0
476.15	0	.5844289	.2318485	.1837226	0
475.15	0	.5843597	.2319485	.1836919	0
474.15	0	.5842908	.232048	.1836612	0
473.15	0	.5842223	.232147	.1836307	0
472.15	0	.5841542	.2322457	.1836002	0
471.15	0	.5840864	.2323439	.1835697	0
470.15	0	.5840189	.2324418	.1835393	0
469.15	0	.5839518	.2325391	.183509	0
468.15	0	.5838851	.2326361	.1834788	0
467.15	0	.5838187	.2327327	.1834486	0
466.15	0	.5837527	.2328288	.1834185	0
465.15	0	.583687	.2329245	.1833885	0
464.15	0	.5836217	.2330198	.1833585	0
463.15	0	.5835567	.2331147	.1833286	0
462.15	0	.5834921	.2332092	.1832987	0
461.15	0	.5834278	.2333032	.183269	0
460.15	0	.5833639	.2333969	.1832393	0
459.15	0	.5833003	.2334901	.1832097	0
458.15	0	.583237	.2335829	.1831801	0
457.15	0	.5831741	.2336753	.1831506	0
456.15	0	.5831115	.2337673	.1831212	0
455.15	0	.5830492	.2338589	.1830919	0
454.15	0	.5829873	.23395	.1830626	0
453.15	0	.5829258	.2340408	.1830334	0
452.15	0	.5828645	.2341311	.1830043	0
451.15	0	.5828036	.2342211	.1829753	0
450.15	0	.5827431	.2343106	.1829463	0
449.15	0	.5826829	.2343997	.1829175	0
448.15	0	.582623	.2344883	.1828887	0
447.15	0	.5825635	.2345765	.18286	0
446.15	0	.5825043	.2346643	.1828314	0
445.15	0	.5824455	.2347517	.1828028	0
444.15	0	.582387	.2348386	.1827744	0
443.15	0	.5823289	.2349251	.1827461	0
442.15	0	.5822711	.2350111	.1827178	0
441.15	0	.5822136	.2350967	.1826897	0
440.15	0	.5821565	.2351819	.1826616	0
439.15	0	.5820998	.2352666	.1826336	0
438.15	0	.5820434	.2353508	.1826058	0
437.15	0	.5819874	.2354346	.182578	0
436.15	0	.5819318	.2355179	.1825504	0
435.15	0	.5818765	.2356007	.1825228	0
434.15	0	.5818216	.235683	.1824954	0
433.15	0	.581767	.2357649	.1824681	0
432.15	0	.5817128	.2358463	.1824409	0
431.15	0	.581659	.2359272	.1824138	0
430.15	0	.5816056	.2360077	.1823868	0
429.15	0	.5815525	.2360876	.1823599	0
428.15	0	.5814997	.2361671	.1823332	0
427.15	0	.5814474	.2362461	.1823065	0
426.15	0	.5813954	.2363246	.18228	0
425.15	0	.5813438	.2364026	.1822536	0
424.15	0	.5812925	.2364801	.1822274	0
423.15	0	.5812417	.2365571	.1822012	0
422.15	0	.5811912	.2366336	.1821752	0
421.15	0	.581141	.2367097	.1821493	0
420.15	0	.5810913	.2367852	.1821235	0
419.15	0	.5810419	.2368603	.1820979	0
418.15	0	.5809928	.2369348	.1820724	0
417.15	0	.5809442	.2370088	.182047	0
416.15	0	.5808959	.2370824	.1820217	0
415.15	0	.5808479	.2371555	.1819966	0
414.15	0	.5808004	.237228	.1819716	0
413.15	0	.5807531	.2373001	.1819468	0
412.15	0	.5807063	.2373717	.181922	0
411.15	0	.5806598	.2374428	.1818974	0
410.15	0	.5806137	.2375134	.1818729	0
409.15	0	.580568	.2375835	.1818486	0
408.15	0	.5805225	.2376531	.1818244	0
407.15	0	.5804775	.2377222	.1818003	0
406.15	0	.5804328	.2377908	.1817764	0
405.15	0	.5803885	.237859	.1817526	0
404.15	0	.5803445	.2379266	.1817289	0
403.15	0	.5803009	.2379938	.1817053	0
402.15	0	.5802576	.2380605	.1816819	0
401.15	0	.5802147	.2381267	.1816586	0
400.15	0	.5801721	.2381924	.1816355	0
399.15	0	.5801298	.2382577	.1816125	0
398.15	0	.5800879	.2383225	.1815896	0
397.15	0	.5800464	.2383868	.1815669	0
396.15	0	.5800052	.2384506	.1815443	0
395.15	0	.5799643	.238514	.1815218	0
394.15	0	.5799237	.2385768	.1814994	0
393.15	0	.5798835	.2386393	.1814772	0
392.15	0	.5798436	.2387012	.1814551	0
391.15	0	.5798041	.2387627	.1814332	0
390.15	0	.5797648	.2388238	.1814114	0
389.15	0	.579726	.2388843	.1813897	0
388.15	0	.5796874	.2389445	.1813682	0
387.15	0	.5796491	.2390041	.1813467	0
386.15	0	.5796112	.2390634	.1813254	0
385.15	0	.5795736	.2391221	.1813043	0
384.15	0	.5795363	.2391805	.1812833	0
383.15	0	.5794993	.2392384	.1812624	0
382.15	0	.5794626	.2392958	.1812416	0
381.15	0	.5794262	.2393528	.181221	0
380.15	0	.5793901	.2394094	.1812005	0
379.15	0	.5793544	.2394655	.1811801	0
378.15	0	.5793189	.2395213	.1811599	0
377.15	0	.5792837	.2395765	.1811397	0
376.15	0	.5792489	.2396314	.1811197	0
375.15	0	.5792143	.2396859	.1810999	0
374.15	0	.57918	.2397399	.1810801	0
373.15	0	.579146	.2397935	.1810605	0
372.15	0	.5791123	.2398467	.181041	0
371.15	0	.5790788	.2398995	.1810217	0
370.15	0	.5790457	.2399519	.1810024	0
369.15	0	.5790128	.2400039	.1809833	0
368.15	0	.5789802	.2400555	.1809643	0
367.15	0	.5789479	.2401067	.1809454	0
366.15	0	.5789159	.2401575	.1809267	0
365.15	0	.5788841	.2402079	.1809081	0
364.15	0	.5788526	.2402579	.1808896	0
363.15	0	.5788213	.2403075	.1808712	0
362.15	0	.5787903	.2403568	.1808529	0
361.15	0	.5787596	.2404056	.1808348	0
360.15	0	.5787291	.2404541	.1808167	0
359.15	0	.5786989	.2405022	.1807988	0
358.15	0	.578669	.24055	.180781	0
357.15	0	.5786393	.2405974	.1807634	0
356.15	0	.5786098	.2406444	.1807458	0
355.15	0	.5785806	.2406911	.1807284	0
354.15	0	.5785516	.2407373	.180711	0
353.15	0	.5785229	.2407833	.1806938	0
352.15	0	.5784944	.2408289	.1806767	0
351.15	0	.5784661	.2408741	.1806598	0
350.15	0	.5784381	.240919	.1806429	0
349.15	0	.5784103	.2409636	.1806262	0
348.15	0	.5783827	.2410078	.1806095	0
347.15	0	.5783553	.2410517	.180593	0
346.15	0	.5783282	.2410952	.1805766	0
345.15	0	.5783013	.2411385	.1805603	0
344.15	0	.5782746	.2411813	.1805441	0
343.15	0	.5782482	.2412239	.180528	0
342.15	0	.5782219	.2412661	.180512	0
341.15	0	.5781958	.2413081	.1804961	0
340.15	0	.57817	.2413497	.1804803	0
339.15	0	.5781444	.2413909	.1804647	0
338.15	0	.578119	.2414319	.1804491	0
337.15	0	.5780937	.2414726	.1804337	0
336.15	0	.5780687	.241513	.1804183	0
335.15	0	.5780439	.241553	.1804031	0
334.15	0	.5780192	.2415928	.180388	0
333.15	0	.5779948	.2416323	.1803729	0
332.15	0	.5779706	.2416714	.180358	0
331.15	0	.5779465	.2417103	.1803432	0
330.15	0	.5779226	.2417489	.1803285	0
329.15	0	.5778989	.2417872	.1803139	0
328.15	0	.5778754	.2418252	.1802993	0
327.15	0	.5778521	.241863	.1802849	0
326.15	0	.5778289	.2419004	.1802706	0
325.15	0	.577806	.2419376	.1802564	0
324.15	0	.5777832	.2419745	.1802423	0
323.15	0	.5777605	.2420112	.1802283	0
322.15	0	.5777381	.2420476	.1802144	0
321.15	0	.5777158	.2420837	.1802006	0
320.15	0	.5776936	.2421195	.1801868	0
319.15	0	.5776717	.2421551	.1801732	0
318.15	0	.5776499	.2421905	.1801597	0
317.15	0	.5776282	.2422255	.1801463	0
316.15	0	.5776067	.2422604	.1801329	0
315.15	0	.5775854	.2422949	.1801197	0
314.15	0	.5775642	.2423293	.1801066	0
313.15	0	.5775432	.2423634	.1800935	0
312.15	0	.5775223	.2423972	.1800806	0
311.15	0	.5775015	.2424308	.1800677	0
