T	 BPW(LIQUID)	BPW(BCC_A2)	BPW(FCC_A1)	BPW(LAVES_PHASE_C14)	BPW(NI3TI)
1473.15	.09987851	.5913074	0	.3088141	0
1472.15	.09554173	.5941032	0	.3103551	0
1471.15	.09128659	.5968426	0	.3118709	0
1470.15	.08711092	.599527	0	.3133621	0
1469.15	.08301262	.602158	0	.3148294	0
1468.15	.07898967	.6047368	0	.3162735	0
1467.15	.07504009	.6072649	0	.317695	0
1466.15	.07116201	.6097436	0	.3190944	0
1465.15	.0673536	.612174	0	.3204724	0
1464.15	.06361307	.6145574	0	.3218295	0
1463.15	.05993872	.616895	0	.3231663	0
1462.15	.05632889	.6191879	0	.3244832	0
1461.15	.05278198	.6214372	0	.3257808	0
1460.15	.04929643	.623644	0	.3270596	0
1459.15	.04587075	.6258092	0	.3283201	0
1458.15	.04250348	.6279339	0	.3295626	0
1457.15	.03919319	.6300191	0	.3307877	0
1456.15	.03593854	.6320657	0	.3319958	0
1455.15	.03273819	.6340745	0	.3331873	0
1454.15	.02959086	.6360466	0	.3343626	0
1453.15	.0264953	.6379827	0	.335522	0
1452.15	.0234503	.6398836	0	.3366661	0
1451.15	.0204547	.6417502	0	.3377951	0
1450.15	.01750735	.6435833	0	.3389094	0
1449.15	.01460715	.6453836	0	.3400093	0
1448.15	.01175304	.6471518	0	.3410952	0
1447.15	.008943959	.6488886	0	.3421674	0
1446.15	.006178909	.6505948	0	.3432263	0
1445.173	.003518572	.6522331	0	.3442483	0
1445.173	.003518572	.6522331	0	.3442483	0
1445.173	.003518572	.6522331	0	.3442483	0
1445.15	.003272852	.6520043	3.969136E-04	.344326	0
1444.845	0	.6489614	.005679972	.3453586	0
1444.845	0	.6489614	.005679972	.3453586	0
1444.15	0	.647181	.007143571	.3456754	0
1443.15	0	.6446251	.009245239	.3461296	0
1442.15	0	.6420759	.0113421	.346582	0
1441.15	0	.6395332	.01343417	.3470326	0
1440.15	0	.6369972	.01552145	.3474814	0
1439.15	0	.6344677	.01760395	.3479284	0
1438.15	0	.6319447	.01968169	.3483736	0
1437.15	0	.6294283	.02175465	.348817	0
1436.15	0	.6269184	.02382286	.3492587	0
1435.15	0	.624415	.02588633	.3496986	0
1434.15	0	.6219181	.02794505	.3501368	0
1433.15	0	.6194277	.02999905	.3505732	0
1432.15	0	.6169437	.03204831	.351008	0
1431.15	0	.6144662	.03409286	.3514409	0
1430.15	0	.6119951	.0361327	.3518722	0
1429.15	0	.6095304	.03816784	.3523018	0
1428.15	0	.6070721	.04019828	.3527297	0
1427.15	0	.6046201	.04222403	.3531559	0
1426.15	0	.6021745	.0442451	.3535804	0
1425.15	0	.5997353	.0462615	.3540032	0
1424.15	0	.5973023	.04827323	.3544244	0
1423.15	0	.5948757	.0502803	.354844	0
1422.15	0	.5924554	.05228271	.3552619	0
1421.15	0	.5900414	.05428048	.3556781	0
1420.15	0	.5876337	.05627361	.3560927	0
1419.15	0	.5852322	.0582621	.3565058	0
1418.15	0	.5828369	.06024597	.3569172	0
1417.15	0	.5804478	.06222521	.3573269	0
1416.15	0	.578065	.06419984	.3577351	0
1415.15	0	.5756884	.06616986	.3581418	0
1414.15	0	.573318	.06813527	.3585468	0
1413.15	0	.5709537	.07009609	.3589502	0
1412.15	0	.5685955	.07205232	.3593521	0
1411.15	0	.5662436	.07400397	.3597525	0
1410.15	0	.5638977	.07595103	.3601513	0
1409.15	0	.561558	.07789352	.3605485	0
1408.15	0	.5592243	.07983144	.3609442	0
1407.15	0	.5568968	.0817648	.3613384	0
1406.15	0	.5545753	.0836936	.3617311	0
1405.15	0	.5522599	.08561785	.3621222	0
1404.15	0	.5499506	.08753756	.3625119	0
1403.15	0	.5476473	.08945272	.3629	0
1402.15	0	.54535	.09136334	.3632867	0
1401.15	0	.5430587	.09326944	.3636719	0
1400.15	0	.5407734	.09517101	.3640556	0
1399.15	0	.5384941	.09706805	.3644378	0
1398.15	0	.5362208	.09896058	.3648186	0
1397.15	0	.5339535	.1008486	.3651979	0
1396.15	0	.5316921	.1027321	.3655758	0
1395.15	0	.5294367	.1046111	.3659522	0
1394.15	0	.5271872	.1064856	.3663272	0
1393.15	0	.5249436	.1083556	.3667008	0
1392.15	0	.5227059	.1102211	.367073	0
1391.15	0	.5204741	.1120822	.3674437	0
1390.15	0	.5182482	.1139387	.367813	0
1389.15	0	.5160282	.1157908	.368181	0
1388.15	0	.5138141	.1176384	.3685475	0
1387.15	0	.5116058	.1194815	.3689127	0
1386.15	0	.5094034	.1213202	.3692765	0
1385.15	0	.5072068	.1231544	.3696389	0
1384.15	0	.505016	.1249841	.3699999	0
1383.15	0	.502831	.1268094	.3703596	0
1382.15	0	.5006519	.1286302	.3707179	0
1381.15	0	.4984785	.1304466	.3710749	0
1380.15	0	.496311	.1322585	.3714305	0
1379.15	0	.4941492	.134066	.3717848	0
1378.15	0	.4919932	.135869	.3721378	0
1377.15	0	.4898429	.1376676	.3724894	0
1376.15	0	.4876984	.1394618	.3728398	0
1375.15	0	.4855597	.1412515	.3731888	0
1374.15	0	.4834266	.1430368	.3735365	0
1373.15	0	.4812994	.1448177	.373883	0
1372.15	0	.4791778	.1465941	.3742281	0
1371.15	0	.4770619	.1483662	.3745719	0
1370.15	0	.4749518	.1501338	.3749145	0
1369.15	0	.4728473	.1518969	.3752558	0
1368.15	0	.4707485	.1536557	.3755958	0
1367.15	0	.4686554	.15541	.3759346	0
1366.15	0	.466568	.1571599	.3762721	0
1365.15	0	.4644862	.1589054	.3766084	0
1364.15	0	.4624101	.1606465	.3769434	0
1363.15	0	.4603396	.1623832	.3772771	0
1362.15	0	.4582748	.1641155	.3776097	0
1361.15	0	.4562156	.1658434	.377941	0
1360.15	0	.4541621	.1675668	.3782711	0
1359.15	0	.4521142	.1692859	.3786	0
1358.15	0	.4500719	.1710005	.3789276	0
1357.15	0	.4480352	.1727108	.3792541	0
1356.15	0	.4460041	.1744166	.3795793	0
1355.15	0	.4439786	.176118	.3799034	0
1354.15	0	.4419587	.177815	.3802263	0
1353.15	0	.4399444	.1795077	.380548	0
1352.15	0	.4379357	.1811959	.3808685	0
1351.15	0	.4359325	.1828797	.3811878	0
1350.15	0	.4339349	.1845591	.381506	0
1349.15	0	.4319429	.1862341	.381823	0
1348.15	0	.4299565	.1879047	.3821388	0
1347.15	0	.4279756	.1895709	.3824535	0
1346.15	0	.4260002	.1912327	.3827671	0
1345.15	0	.4240305	.1928901	.3830795	0
1344.15	0	.4220662	.194543	.3833908	0
1343.15	0	.4201075	.1961916	.3837009	0
1342.15	0	.4181544	.1978357	.3840099	0
1341.15	0	.4162067	.1994755	.3843178	0
1340.15	0	.4142646	.2011108	.3846246	0
1339.15	0	.412328	.2027417	.3849302	0
1338.15	0	.410397	.2043682	.3852348	0
1337.15	0	.4084714	.2059903	.3855382	0
1336.15	0	.4065514	.207608	.3858406	0
1335.15	0	.4046369	.2092212	.3861418	0
1334.15	0	.4027279	.2108301	.386442	0
1333.15	0	.4008244	.2124345	.3867411	0
1332.15	0	.3989265	.2140344	.3870391	0
1331.15	0	.397034	.21563	.387336	0
1330.15	0	.395147	.2172211	.3876319	0
1329.15	0	.3932655	.2188077	.3879267	0
1328.15	0	.3913896	.22039	.3882204	0
1327.15	0	.3895191	.2219678	.3885131	0
1326.15	0	.3876541	.2235411	.3888048	0
1325.15	0	.3857946	.22511	.3890954	0
1324.15	0	.3839406	.2266745	.3893849	0
1323.15	0	.3820921	.2282345	.3896734	0
1322.15	0	.3802491	.22979	.3899609	0
1321.15	0	.3784116	.2313411	.3902473	0
1320.15	0	.3765796	.2328877	.3905327	0
1319.15	0	.374753	.2344298	.3908171	0
1318.15	0	.372932	.2359675	.3911005	0
1317.15	0	.3711164	.2375007	.3913829	0
1316.15	0	.3693064	.2390294	.3916643	0
1315.15	0	.3675018	.2405536	.3919446	0
1314.15	0	.3657027	.2420733	.392224	0
1313.15	0	.3639091	.2435885	.3925024	0
1312.15	0	.362121	.2450992	.3927797	0
1311.15	0	.3603384	.2466054	.3930561	0
1310.15	0	.3585614	.2481071	.3933315	0
1309.15	0	.3567898	.2496043	.393606	0
1308.15	0	.3550237	.2510969	.3938794	0
1307.15	0	.3532631	.252585	.3941519	0
1306.15	0	.351508	.2540686	.3944234	0
1305.15	0	.3497584	.2555476	.394694	0
1304.15	0	.3480143	.2570221	.3949636	0
1303.15	0	.3462757	.258492	.3952322	0
1302.15	0	.3445427	.2599574	.3954999	0
1301.15	0	.3428152	.2614182	.3957667	0
1300.15	0	.3410932	.2628744	.3960325	0
1299.15	0	.3393767	.264326	.3962973	0
1298.15	0	.3376657	.265773	.3965613	0
1297.15	0	.3359603	.2672154	.3968243	0
1296.15	0	.3342604	.2686533	.3970864	0
1295.15	0	.3325661	.2700864	.3973475	0
1294.15	0	.3308773	.271515	.3976077	0
1293.15	0	.329194	.272939	.397867	0
1292.15	0	.3275163	.2743583	.3981254	0
1291.15	0	.3258442	.2757729	.3983829	0
1290.15	0	.3241776	.2771829	.3986395	0
1289.15	0	.3225166	.2785882	.3988952	0
1288.15	0	.3208612	.2799889	.39915	0
1287.15	0	.3192113	.2813848	.3994039	0
1286.15	0	.3175671	.2827761	.3996569	0
1285.15	0	.3159284	.2841626	.399909	0
1284.15	0	.3142954	.2855445	.4001602	0
1283.15	0	.3126679	.2869216	.4004105	0
1282.15	0	.3110461	.2882939	.40066	0
1281.15	0	.3094298	.2896616	.4009086	0
1280.15	0	.3078193	.2910244	.4011563	0
1279.15	0	.3062143	.2923825	.4014032	0
1278.15	0	.304615	.2937359	.4016492	0
1277.15	0	.3030213	.2950844	.4018943	0
1276.15	0	.3014333	.2964281	.4021386	0
1275.15	0	.299851	.297767	.402382	0
1274.15	0	.2982744	.2991011	.4026245	0
1273.15	0	.2967034	.3004303	.4028663	0
1272.15	0	.2951381	.3017547	.4031071	0
1271.15	0	.2935786	.3030743	.4033472	0
1270.15	0	.2920247	.3043889	.4035864	0
1269.15	0	.2904766	.3056987	.4038247	0
1268.15	0	.2889342	.3070036	.4040622	0
1267.15	0	.2873976	.3083035	.404299	0
1266.15	0	.2858667	.3095985	.4045348	0
1265.15	0	.2843415	.3108886	.4047699	0
1264.15	0	.2828222	.3121737	.4050041	0
1263.15	0	.2813086	.3134539	.4052375	0
1262.15	0	.2798009	.314729	.4054701	0
1261.15	0	.2782989	.3159992	.4057019	0
1260.15	0	.2768028	.3172643	.4059329	0
1259.15	0	.2753125	.3185245	.4061631	0
1258.15	0	.273828	.3197795	.4063924	0
1257.15	0	.2723495	.3210295	.406621	0
1256.15	0	.2708767	.3222745	.4068488	0
1255.15	0	.2694099	.3235143	.4070758	0
1254.15	0	.267949	.324749	.407302	0
1253.15	0	.266494	.3259786	.4075274	0
1252.15	0	.2650449	.3272031	.407752	0
1251.15	0	.2636018	.3284224	.4079758	0
1250.15	0	.2621646	.3296365	.4081989	0
1249.15	0	.2607334	.3308454	.4084212	0
1248.15	0	.2593081	.3320492	.4086427	0
1247.15	0	.2578889	.3332477	.4088635	0
1246.15	0	.2564757	.3344409	.4090834	0
1245.15	0	.2550685	.3356289	.4093026	0
1244.15	0	.2536674	.3368115	.4095211	0
1243.15	0	.2522723	.3379889	.4097388	0
1242.15	0	.2508833	.339161	.4099557	0
1241.15	0	.2495004	.3403277	.4101719	0
1240.15	0	.2481237	.341489	.4103873	0
1239.15	0	.246753	.342645	.410602	0
1238.15	0	.2453886	.3437956	.4108159	0
1237.15	0	.2440302	.3449407	.4110291	0
1236.15	0	.2426781	.3460804	.4112415	0
1235.15	0	.2413322	.3472146	.4114532	0
1234.15	0	.2399925	.3483434	.4116642	0
1233.15	0	.238659	.3494666	.4118744	0
1232.15	0	.2373318	.3505843	.4120839	0
1231.15	0	.2360109	.3516964	.4122926	0
1230.15	0	.2346963	.352803	.4125007	0
1229.15	0	.233388	.353904	.412708	0
1228.15	0	.2320861	.3549993	.4129146	0
1227.15	0	.2307905	.356089	.4131204	0
1226.15	0	.2295013	.3571731	.4133256	0
1225.15	0	.2282185	.3582514	.41353	0
1224.15	0	.2269422	.3593241	.4137337	0
1223.15	0	.2256723	.3603909	.4139367	0
1222.15	0	.2244089	.3614521	.4141391	0
1221.15	0	.2231519	.3625074	.4143406	0
1220.15	0	.2219015	.3635569	.4145415	0
1219.15	0	.2206577	.3646006	.4147417	0
1218.15	0	.2194204	.3656384	.4149412	0
1217.15	0	.2181897	.3666704	.41514	0
1216.15	0	.2169656	.3676964	.4153381	0
1215.15	0	.2157481	.3687164	.4155355	0
1214.15	0	.2145373	.3697305	.4157322	0
1213.15	0	.2133332	.3707386	.4159282	0
1212.15	0	.2121358	.3717406	.4161236	0
1211.15	0	.2109452	.3727366	.4163182	0
1210.15	0	.2097613	.3737265	.4165122	0
1209.15	0	.2085842	.3747104	.4167055	0
1208.15	0	.2074139	.375688	.4168981	0
1207.15	0	.2062505	.3766595	.41709	0
1206.15	0	.205094	.3776248	.4172813	0
1205.15	0	.2039443	.3785839	.4174718	0
1204.15	0	.2028016	.3795367	.4176617	0
1203.15	0	.2016658	.3804832	.417851	0
1202.15	0	.2005371	.3814234	.4180396	0
1201.15	0	.1994153	.3823572	.4182275	0
1200.15	0	.1983006	.3832846	.4184148	0
1199.15	0	.197193	.3842057	.4186013	0
1198.15	0	.1960925	.3851203	.4187873	0
1197.15	0	.1949991	.3860284	.4189725	0
1196.15	0	.1939129	.38693	.4191572	0
1195.15	0	.1928338	.387825	.4193411	0
1194.15	0	.191762	.3887135	.4195245	0
1193.15	0	.1906975	.3895954	.4197071	0
1192.15	0	.1896403	.3904706	.4198892	0
1191.15	0	.1885904	.3913391	.4200705	0
1190.15	0	.1875478	.3922009	.4202513	0
1189.15	0	.1865126	.393056	.4204313	0
1188.15	0	.1854849	.3939043	.4206108	0
1187.15	0	.1844646	.3947458	.4207896	0
1186.15	0	.1834518	.3955804	.4209678	0
1185.15	0	.1824466	.3964081	.4211453	0
1184.15	0	.1814489	.3972289	.4213222	0
1183.15	0	.1804588	.3980427	.4214985	0
1182.15	0	.1794763	.3988496	.4216742	0
1181.15	0	.1785015	.3996494	.4218492	0
1180.15	0	.1775344	.4004421	.4220236	0
1179.15	0	.176575	.4012277	.4221973	0
1178.15	0	.1756234	.4020061	.4223705	0
1177.15	0	.1746796	.4027774	.422543	0
1176.15	0	.1737437	.4035414	.4227149	0
1175.15	0	.1728157	.4042981	.4228862	0
1174.15	0	.1718956	.4050476	.4230569	0
1173.15	0	.1709834	.4057897	.4232269	0
1172.15	0	.1700793	.4065244	.4233964	0
1171.15	0	.1691832	.4072516	.4235652	0
1170.15	0	.1682952	.4079714	.4237334	0
1169.15	0	.1674153	.4086837	.423901	0
1168.15	0	.1665435	.4093884	.424068	0
1167.15	0	.16568	.4100856	.4242344	0
1166.15	0	.1648247	.4107751	.4244002	0
1165.15	0	.1639777	.4114569	.4245654	0
1164.15	0	.163139	.412131	.42473	0
1163.15	0	.1623086	.4127973	.424894	0
1162.15	0	.1614867	.4134559	.4250574	0
1161.15	0	.1606733	.4141065	.4252202	0
1160.15	0	.1598683	.4147493	.4253824	0
1159.15	0	.1590718	.4153841	.4255441	0
1158.15	0	.1582839	.416011	.4257051	0
1157.15	0	.1575047	.4166298	.4258655	0
1156.15	0	.1567341	.4172406	.4260254	0
1155.15	0	.1559722	.4178432	.4261846	0
1154.15	0	.155219	.4184378	.4263433	0
1153.15	0	.1544746	.419024	.4265014	0
1152.15	0	.1537391	.419602	.4266589	0
1151.15	0	.1530125	.4201717	.4268158	0
1150.15	0	.1522948	.4207331	.4269722	0
1149.15	0	.151586	.4212861	.4271279	0
1148.15	0	.1508863	.4218306	.4272831	0
1147.15	0	.1501956	.4223667	.4274377	0
1146.15	0	.1495141	.4228942	.4275918	0
1145.15	0	.1488417	.4234131	.4277452	0
1144.15	0	.1481785	.4239234	.4278981	0
1143.15	0	.1475245	.4244251	.4280504	0
1142.15	0	.1468798	.424918	.4282022	0
1141.15	0	.1462445	.4254021	.4283534	0
1140.15	0	.1456186	.4258774	.428504	0
1139.15	0	.1450021	.4263439	.4286541	0
1138.15	0	.144395	.4268014	.4288035	0
1137.15	0	.1437975	.42725	.4289525	0
1136.15	0	.1432096	.4276896	.4291008	0
1135.15	0	.1426313	.4281201	.4292486	0
1134.15	0	.1420626	.4285415	.4293959	0
1133.15	0	.1415037	.4289537	.4295426	0
1132.15	0	.1409546	.4293567	.4296887	0
1131.15	0	.1404152	.4297505	.4298343	0
1130.15	0	.1398857	.4301349	.4299793	0
1129.15	0	.1393662	.43051	.4301238	0
1128.15	0	.1388565	.4308757	.4302678	0
1127.15	0	.1383569	.431232	.4304111	0
1126.15	0	.1378674	.4315787	.430554	0
1125.15	0	.1373879	.4319159	.4306962	0
1124.15	0	.1369186	.4322434	.430838	0
1123.15	0	.1364595	.4325613	.4309792	0
1122.15	0	.1360106	.4328696	.4311198	0
1121.15	0	.135572	.433168	.4312599	0
1120.15	0	.1351438	.4334567	.4313995	0
1119.15	0	.134726	.4337355	.4315385	0
1118.15	0	.1343186	.4340044	.431677	0
1117.15	0	.1339217	.4342633	.431815	0
1116.15	0	.1335353	.4345123	.4319524	0
1115.15	0	.1331595	.4347512	.4320893	0
1114.15	0	.1327943	.43498	.4322257	0
1113.15	0	.1324398	.4351987	.4323615	0
1112.15	0	.1320961	.4354071	.4324968	0
1111.15	0	.1317631	.4356054	.4326315	0
1110.15	0	.1314409	.4357933	.4327658	0
1109.15	0	.1311296	.4359709	.4328995	0
1108.15	0	.1308292	.4361381	.4330327	0
1107.15	0	.1305398	.4362949	.4331654	0
1106.15	0	.1302613	.4364412	.4332975	0
1105.15	0	.1299939	.436577	.4334291	0
1104.15	0	.1297377	.4367021	.4335602	0
1103.15	0	.1294925	.4368167	.4336908	0
1102.15	0	.1292585	.4369206	.4338209	0
1101.15	0	.1290358	.4370138	.4339504	0
1100.15	0	.1288243	.4370963	.4340794	0
1099.15	0	.1286242	.4371679	.434208	0
1098.15	0	.1284354	.4372287	.434336	0
1097.15	0	.128258	.4372786	.4344634	0
1096.15	0	.128092	.4373176	.4345904	0
1095.15	0	.1279376	.4373455	.4347169	0
1094.15	0	.1277946	.4373625	.4348429	0
1093.15	0	.1276632	.4373684	.4349683	0
1092.15	0	.1275435	.4373632	.4350933	0
1091.15	0	.1274354	.4373469	.4352178	0
1090.15	0	.1273389	.4373194	.4353417	0
1089.15	0	.1272542	.4372806	.4354652	0
1088.15	0	.1271813	.4372306	.4355881	0
1087.15	0	.1271201	.4371693	.4357106	0
1086.15	0	.1270708	.4370967	.4358325	0
1085.15	0	.1270334	.4370127	.435954	0
1084.15	0	.1270079	.4369172	.4360749	0
1083.15	0	.1269943	.4368103	.4361954	0
1082.15	0	.1269926	.436692	.4363154	0
1081.15	0	.127003	.4365621	.4364349	0
1080.15	0	.1270254	.4364207	.4365539	0
1079.15	0	.1270599	.4362677	.4366724	0
1078.15	0	.1271065	.4361031	.4367904	0
1077.15	0	.1271652	.4359268	.4369079	0
1076.15	0	.1272361	.4357389	.437025	0
1075.15	0	.1273191	.4355393	.4371416	0
1074.15	0	.1274144	.435328	.4372577	0
1073.15	0	.1275219	.4351049	.4373733	0
1072.15	0	.1276416	.43487	.4374884	0
1071.15	0	.1277737	.4346233	.437603	0
1070.15	0	.127918	.4343648	.4377172	0
1069.15	0	.1280746	.4340945	.4378309	0
1068.15	0	.1282436	.4338122	.4379441	0
1067.15	0	.128425	.4335181	.4380569	0
1066.15	0	.1286187	.4332121	.4381692	0
1065.15	0	.1288249	.4328942	.438281	0
1064.15	0	.1290434	.4325643	.4383923	0
1063.15	0	.1292744	.4322224	.4385032	0
1062.15	0	.1295178	.4318686	.4386136	0
1061.15	0	.1297736	.4315028	.4387236	0
1060.15	0	.130042	.431125	.438833	0
1059.15	0	.1303227	.4307352	.4389421	0
1058.15	0	.130616	.4303334	.4390506	0
1057.15	0	.1309217	.4299196	.4391587	0
1056.15	0	.1312399	.4294937	.4392663	0
1055.15	0	.1315706	.4290558	.4393735	0
1054.15	0	.1319138	.4286059	.4394802	0
1053.15	0	.1322695	.428144	.4395865	0
1052.15	0	.1326377	.42767	.4396923	0
1051.15	0	.1330183	.427184	.4397977	0
1050.15	0	.1334115	.4266859	.4399026	0
1049.15	0	.1338171	.4261759	.4400071	0
1048.15	0	.1342351	.4256538	.4401111	0
1047.15	0	.1346657	.4251197	.4402146	0
1046.15	0	.1351087	.4245736	.4403178	0
1045.15	0	.1355641	.4240155	.4404204	0
1044.15	0	.1360319	.4234454	.4405227	0
1043.15	0	.1365121	.4228634	.4406245	0
1042.15	0	.1370047	.4222695	.4407258	0
1041.15	0	.1375097	.4216636	.4408267	0
1040.15	0	.1380271	.4210458	.4409272	0
1039.15	0	.1385567	.4204161	.4410272	0
1038.15	0	.1390987	.4197745	.4411268	0
1037.15	0	.1396529	.4191212	.4412259	0
1036.15	0	.1402194	.418456	.4413247	0
1035.15	0	.1407981	.417779	.4414229	0
1034.15	0	.141389	.4170903	.4415208	0
1033.15	0	.141992	.4163898	.4416182	0
1032.15	0	.1426071	.4156777	.4417152	0
1031.15	0	.1432344	.4149539	.4418118	0
1030.15	0	.1438736	.4142185	.4419079	0
1029.15	0	.1445249	.4134715	.4420036	0
1028.15	0	.1451881	.412713	.4420989	0
1027.15	0	.1458633	.4119431	.4421937	0
1026.15	0	.1465503	.4111616	.4422881	0
1025.15	0	.1472491	.4103688	.4423821	0
1024.15	0	.1479597	.4095646	.4424757	0
1023.15	0	.148682	.4087491	.4425688	0
1022.15	0	.149416	.4079224	.4426615	0
1021.15	0	.1501616	.4070845	.4427538	0
1020.15	0	.1509188	.4062355	.4428457	0
1019.15	0	.1516875	.4053754	.4429372	0
1018.15	0	.1524676	.4045042	.4430282	0
1017.15	0	.153259	.4036222	.4431188	0
1016.15	0	.1540618	.4027292	.443209	0
1015.15	0	.1548758	.4018254	.4432988	0
1014.15	0	.155701	.4009108	.4433881	0
1013.15	0	.1565374	.3999856	.4434771	0
1012.15	0	.1573847	.3990497	.4435656	0
1011.15	0	.158243	.3981033	.4436537	0
1010.15	0	.1591122	.3971465	.4437414	0
1009.15	0	.1599922	.3961792	.4438286	0
1008.15	0	.1608829	.3952016	.4439154	0
1007.15	0	.1617843	.3942138	.4440019	0
1006.15	0	.1626962	.3932159	.4440879	0
1005.15	0	.1636187	.3922079	.4441735	0
1004.15	0	.1645515	.3911899	.4442586	0
1003.15	0	.1654947	.390162	.4443434	0
1002.15	0	.166448	.3891243	.4444277	0
1001.15	0	.1674115	.3880769	.4445116	0
1000.15	0	.1683851	.3870199	.4445951	0
999.15	0	.1693686	.3859533	.4446781	0
998.15	0	.1703619	.3848773	.4447608	0
997.15	0	.171365	.383792	.444843	0
996.15	0	.1723777	.3826975	.4449248	0
995.15	0	.1734	.3815939	.4450061	0
994.15	0	.1744318	.3804812	.4450871	0
993.15	0	.1754729	.3793596	.4451676	0
992.15	0	.1765232	.3782291	.4452477	0
991.15	0	.1775827	.37709	.4453273	0
990.15	0	.1786512	.3759423	.4454065	0
989.15	0	.1797286	.3747861	.4454853	0
988.15	0	.1808149	.3736215	.4455637	0
987.15	0	.1819098	.3724486	.4456416	0
986.15	0	.1830133	.3712676	.4457191	0
985.15	0	.1841253	.3700786	.4457961	0
984.15	0	.1852456	.3688817	.4458727	0
983.15	0	.1863742	.367677	.4459488	0
982.15	0	.1875109	.3664646	.4460245	0
981.15	0	.1886556	.3652446	.4460998	0
980.15	0	.1898082	.3640173	.4461746	0
979.15	0	.1909685	.3627826	.4462489	0
978.15	0	.1921364	.3615408	.4463228	0
977.15	0	.1933119	.3602919	.4463962	0
976.15	0	.1944947	.3590361	.4464692	0
975.15	0	.1956848	.3577736	.4465417	0
974.15	0	.196882	.3565044	.4466137	0
973.15	0	.1980862	.3552286	.4466852	0
972.15	0	.1992972	.3539465	.4467563	0
971.15	0	.200515	.3526581	.4468268	0
970.15	0	.2017394	.3513637	.4468969	0
969.15	0	.2029703	.3500632	.4469665	0
968.15	0	.2042075	.348757	.4470356	0
967.15	0	.2054508	.347445	.4471042	0
966.15	0	.2067003	.3461275	.4471723	0
965.15	0	.2079556	.3448045	.4472398	0
964.15	0	.2092168	.3434764	.4473069	0
963.15	0	.2104836	.3421431	.4473734	0
962.15	0	.2117559	.3408048	.4474394	0
961.15	0	.2130335	.3394617	.4475048	0
960.15	0	.2143164	.3381139	.4475697	0
959.15	0	.2156043	.3367616	.4476341	0
958.15	0	.2168972	.3354049	.4476979	0
957.15	0	.2181949	.334044	.4477611	0
956.15	0	.2194972	.332679	.4478238	0
955.15	0	.2207414	.3313697	.447889	0
954.15	0	.2219656	.3300794	.447955	0
953.15	0	.2232098	.3287705	.4480198	0
952.15	0	.2244728	.3274439	.4480833	0
951.15	0	.2257537	.3261006	.4481457	0
950.15	0	.2270514	.3247417	.4482069	0
949.15	0	.228365	.3233681	.4482669	0
948.15	0	.2296935	.3219807	.4483258	0
947.15	0	.231036	.3205804	.4483836	0
946.15	0	.2323916	.3191682	.4484403	0
945.15	0	.2337594	.3177447	.4484958	0
944.15	0	.2351388	.3163109	.4485503	0
943.15	0	.2365288	.3148675	.4486037	0
942.15	0	.2379288	.3134152	.448656	0
941.15	0	.2393379	.3119548	.4487073	0
940.15	0	.2407555	.310487	.4487575	0
939.15	0	.2421809	.3090124	.4488067	0
938.15	0	.2436135	.3075317	.4488548	0
937.15	0	.2450525	.3060456	.4489019	0
936.15	0	.2464974	.3045546	.448948	0
935.15	0	.2479476	.3030593	.4489931	0
934.15	0	.2494026	.3015603	.4490372	0
933.15	0	.2508616	.3000582	.4490802	0
932.15	0	.2523244	.2985534	.4491223	0
931.15	0	.2537902	.2970465	.4491633	0
930.15	0	.2552586	.295538	.4492034	0
929.15	0	.2567292	.2940283	.4492425	0
928.15	0	.2582015	.292518	.4492805	0
927.15	0	.259675	.2910074	.4493177	0
926.15	0	.2611492	.289497	.4493538	0
925.15	0	.2626239	.2879872	.449389	0
924.15	0	.2640985	.2864784	.4494231	0
923.15	0	.2655727	.2849709	.4494564	0
922.15	0	.2670461	.2834653	.4494886	0
921.15	0	.2685184	.2819617	.4495199	0
920.15	0	.2699891	.2804607	.4495502	0
919.15	0	.271458	.2789624	.4495796	0
918.15	0	.2729247	.2774672	.449608	0
917.15	0	.274389	.2759756	.4496355	0
916.15	0	.2758504	.2744876	.449662	0
915.15	0	.2773088	.2730037	.4496875	0
914.15	0	.2787638	.2715241	.4497121	0
913.15	0	.2802151	.2700491	.4497358	0
912.15	0	.2816625	.268579	.4497585	0
911.15	0	.2831058	.2671139	.4497803	0
910.15	0	.2845446	.2656543	.4498011	0
909.15	0	.2859788	.2642002	.449821	0
908.15	0	.2874081	.262752	.4498399	0
907.15	0	.2888323	.2613098	.449858	0
906.15	0	.2902511	.2598738	.4498751	0
905.15	0	.2916645	.2584443	.4498912	0
904.15	0	.293072	.2570215	.4499065	0
903.15	0	.2944737	.2556055	.4499208	0
902.15	0	.2958692	.2541966	.4499342	0
901.15	0	.2972584	.2527949	.4499466	0
900.15	0	.2986412	.2514006	.4499582	0
899.15	0	.3000172	.2500139	.4499688	0
898.15	0	.3013865	.2486349	.4499786	0
897.15	0	.3027488	.2472638	.4499874	0
896.15	0	.304104	.2459007	.4499953	0
895.15	0	.3054519	.2445458	.4500024	0
894.15	0	.3067923	.2431992	.4500085	0
893.15	0	.3081252	.241861	.4500138	0
892.15	0	.3094504	.2405315	.4500181	0
891.15	0	.3107678	.2392106	.4500216	0
890.15	0	.3120773	.2378985	.4500242	0
889.15	0	.3133787	.2365954	.4500259	0
888.15	0	.3146719	.2353014	.4500268	0
887.15	0	.3159568	.2340165	.4500267	0
886.15	0	.3172333	.2327408	.4500259	0
885.15	0	.3185013	.2314745	.4500242	0
884.15	0	.3197607	.2302177	.4500216	0
883.15	0	.3210114	.2289704	.4500182	0
882.15	0	.3222533	.2277327	.450014	0
881.15	0	.3234864	.2265047	.4500089	0
880.15	0	.3247105	.2252865	.450003	0
879.15	0	.3259255	.2240781	.4499963	0
878.15	0	.3271315	.2228797	.4499888	0
877.15	0	.3283283	.2216912	.4499805	0
876.15	0	.3295158	.2205128	.4499714	0
875.15	0	.330694	.2193445	.4499615	0
874.15	0	.3318628	.2181863	.4499509	0
873.15	0	.3330222	.2170384	.4499394	0
872.15	0	.3341721	.2159006	.4499272	0
871.15	0	.3353125	.2147732	.4499143	0
870.15	0	.3364433	.2136561	.4499006	0
869.15	0	.3375645	.2125493	.4498861	0
868.15	0	.3386761	.211453	.449871	0
867.15	0	.3397779	.210367	.4498551	0
866.15	0	.34087	.2092915	.4498385	0
865.15	0	.3419524	.2082264	.4498212	0
864.15	0	.343025	.2071718	.4498032	0
863.15	0	.3440878	.2061276	.4497846	0
862.15	0	.3451408	.205094	.4497652	0
861.15	0	.346184	.2040708	.4497452	0
860.15	0	.3472173	.2030581	.4497246	0
859.15	0	.3482408	.2020559	.4497033	0
858.15	0	.3492545	.2010642	.4496814	0
857.15	0	.3502583	.2000829	.4496588	0
856.15	0	.3512523	.199112	.4496356	0
855.15	0	.3522365	.1981516	.4496118	0
854.15	0	.3532109	.1972016	.4495875	0
853.15	0	.3541755	.196262	.4495625	0
852.15	0	.3551303	.1953327	.449537	0
851.15	0	.3560754	.1944137	.4495109	0
850.15	0	.3570108	.193505	.4494842	0
849.15	0	.3579364	.1926066	.449457	0
848.15	0	.3588524	.1917183	.4494293	0
847.15	0	.3597588	.1908402	.449401	0
846.15	0	.3606555	.1899723	.4493722	0
845.15	0	.3615427	.1891143	.4493429	0
844.15	0	.3624205	.1882664	.4493131	0
843.15	0	.3632887	.1874284	.4492829	0
842.15	0	.3641475	.1866003	.4492521	0
841.15	0	.364997	.1857821	.4492209	0
840.15	0	.3658372	.1849736	.4491892	0
839.15	0	.3666682	.1841748	.4491571	0
838.15	0	.3674899	.1833856	.4491245	0
837.15	0	.3683026	.182606	.4490915	0
836.15	0	.3691062	.1818358	.449058	0
835.15	0	.3699007	.1810751	.4490241	0
834.15	0	.3706864	.1803237	.4489899	0
833.15	0	.3714632	.1795816	.4489552	0
832.15	0	.3722312	.1788486	.4489201	0
831.15	0	.3729905	.1781248	.4488847	0
830.15	0	.3737412	.17741	.4488488	0
829.15	0	.3744833	.176704	.4488126	0
828.15	0	.3752169	.176007	.4487761	0
827.15	0	.3759422	.1753187	.4487392	0
826.15	0	.3766591	.174639	.4487019	0
825.15	0	.3773677	.173968	.4486643	0
824.15	0	.3780682	.1733054	.4486263	0
823.15	0	.3787607	.1726513	.4485881	0
822.15	0	.3794451	.1720054	.4485495	0
821.15	0	.3801216	.1713678	.4485106	0
820.15	0	.3807903	.1707383	.4484714	0
819.15	0	.3814513	.1701169	.4484318	0
818.15	0	.3821046	.1695034	.448392	0
817.15	0	.3827504	.1688977	.4483519	0
816.15	0	.3833886	.1682999	.4483115	0
815.15	0	.3840195	.1677097	.4482709	0
814.15	0	.384643	.167127	.4482299	0
813.15	0	.3852594	.1665519	.4481887	0
812.15	0	.3858686	.1659842	.4481472	0
811.15	0	.3864708	.1654238	.4481055	0
810.15	0	.387066	.1648705	.4480635	0
809.15	0	.3876543	.1643244	.4480212	0
808.15	0	.3882359	.1637854	.4479787	0
807.15	0	.3888107	.1632533	.447936	0
806.15	0	.389379	.162728	.4478931	0
805.15	0	.3899407	.1622095	.4478498	0
804.15	0	.3904959	.1616976	.4478064	0
803.15	0	.3910448	.1611924	.4477628	0
802.15	0	.3915875	.1606936	.4477189	0
801.15	0	.3921239	.1602013	.4476748	0
800.5275	0	.3924547	.1598981	.4476473	0
800.5275	0	.3924547	.1598981	.4476473	0
800.5275	0	.3924547	.1598981	.4476473	0
800.15	0	.3936881	.1583276	.4472082	7.761419E-04
799.15	0	.3968963	.1542339	.4460584	.002811488
798.15	0	.4000208	.150234	.4449276	.004817645
797.15	0	.4030642	.1463251	.4438154	.006795254
796.15	0	.4060288	.1425049	.4427214	.008744935
795.15	0	.4089168	.1387708	.4416451	.01066729
794.15	0	.4117305	.1351205	.4405861	.01256289
793.15	0	.4144718	.1315517	.4395442	.0144323
792.15	0	.417143	.1280622	.4385188	.01627606
791.15	0	.4197458	.1246499	.4375096	.0180947
790.15	0	.4222822	.1213127	.4365163	.01988873
789.15	0	.424754	.1180487	.4355386	.02165863
788.15	0	.427163	.114856	.4345761	.0234049
787.15	0	.4295109	.1117326	.4336285	.02512799
786.15	0	.4317993	.1086769	.4326955	.02682835
785.15	0	.4340298	.105687	.4317767	.02850642
784.15	0	.436204	.1027614	.430872	.03016263
783.15	0	.4383233	.09989833	.4299809	.03179739
782.15	0	.4403893	.09709629	.4291033	.03341111
781.15	0	.4424033	.09435374	.4282388	.03500417
780.15	0	.4443666	.09166921	.4273873	.03657697
779.15	0	.4462806	.08904125	.4265483	.03812986
778.15	0	.4481466	.08646849	.4257217	.03966321
777.15	0	.4499658	.08394956	.4249073	.04117738
776.15	0	.4517394	.08148317	.4241047	.04267271
775.15	0	.4534686	.07906803	.4233138	.04414953
774.15	0	.4551545	.07670291	.4225344	.04560818
773.15	0	.4567983	.07438661	.4217661	.04704897
772.15	0	.458401	.07211795	.4210089	.04847222
771.15	0	.4599636	.06989581	.4202624	.04987824
770.15	0	.4614872	.06771907	.4195265	.05126732
769.15	0	.4629727	.06558667	.4188009	.05263975
768.15	0	.4644211	.06349754	.4180855	.05399582
767.15	0	.4658334	.06145068	.4173801	.05533582
766.15	0	.4672105	.05944509	.4166844	.05666002
765.15	0	.4685532	.0574798	.4159983	.05796868
764.15	0	.4698624	.05555388	.4153217	.05926207
763.15	0	.471139	.05366639	.4146542	.06054044
762.15	0	.4723837	.05181646	.4139958	.06180406
761.15	0	.4735974	.0500032	.4133463	.06305316
760.15	0	.4747808	.04822576	.4127054	.06428799
759.15	0	.4759348	.04648332	.4120731	.0655088
758.15	0	.47706	.04477506	.4114492	.0667158
757.15	0	.4781571	.04310021	.4108335	.06790924
756.15	0	.4792269	.04145797	.4102258	.06908934
755.15	0	.48027	.03984762	.409626	.07025632
754.15	0	.4812872	.0382684	.409034	.07141039
753.15	0	.482279	.03671961	.4084496	.07255178
752.15	0	.4832461	.03520055	.4078726	.07368068
751.15	0	.4841892	.03371053	.407303	.07479731
750.15	0	.4851088	.03224889	.4067405	.07590187
749.15	0	.4860054	.03081499	.406185	.07699456
748.15	0	.4868798	.02940817	.4056365	.07807557
747.15	0	.4877324	.02802783	.4050947	.07914509
746.15	0	.4885638	.02667336	.4045595	.08020332
745.15	0	.4893745	.02534417	.4040309	.08125044
744.15	0	.4901651	.02403968	.4035086	.08228663
743.15	0	.490936	.02275933	.4029926	.08331207
742.15	0	.4916878	.02150257	.4024827	.08432693
741.15	0	.4924209	.02026885	.4019788	.08533139
740.15	0	.4931358	.01905766	.4014809	.08632563
739.15	0	.493833	.01786848	.4009887	.0873098
738.15	0	.4945129	.01670082	.4005022	.08828407
737.15	0	.4951759	.01555417	.4000213	.08924861
736.15	0	.4958226	.01442807	.3995458	.09020357
735.15	0	.4964532	.01332205	.3990757	.09114911
734.15	0	.4970681	.01223565	.3986108	.09208538
733.15	0	.4976679	.01116843	.3981511	.09301253
732.15	0	.4982529	.01011995	.3976964	.09393072
731.15	0	.4988234	.009089786	.3972467	.09484009
730.15	0	.4993798	.008077529	.3968019	.09574078
729.15	0	.4999225	.007082771	.3963618	.09663294
728.15	0	.5004519	.006105118	.3959263	.0975167
727.15	0	.5009682	.005144183	.3954955	.09839219
726.15	0	.5014717	.004199589	.3950691	.09925956
725.15	0	.5019629	.00327097	.3946472	.1001189
724.15	0	.5024421	.002357964	.3942295	.1009705
723.15	0	.5029094	.001460222	.3938161	.1018142
722.15	0	.5033653	5.774001E-04	.3934069	.1026504
721.4868	0	.5036615	0	.3931377	.1032008
721.4868	0	.5036615	0	.3931377	.1032008
721.15	0	.5036323	0	.3930802	.1032875
720.15	0	.5035458	0	.3929098	.1035445
719.15	0	.5034596	0	.3927399	.1038006
718.15	0	.5033737	0	.3925704	.1040559
717.15	0	.5032882	0	.3924015	.1043103
716.15	0	.503203	0	.3922331	.104564
715.15	0	.5031181	0	.3920652	.1048168
714.15	0	.5030335	0	.3918978	.1050688
713.15	0	.5029493	0	.3917308	.1053199
712.15	0	.5028653	0	.3915644	.1055703
711.15	0	.5027817	0	.3913985	.1058198
710.15	0	.5026984	0	.3912331	.1060685
709.15	0	.5026154	0	.3910681	.1063165
708.15	0	.5025328	0	.3909037	.1065636
707.15	0	.5024504	0	.3907397	.1068099
706.15	0	.5023684	0	.3905763	.1070554
705.15	0	.5022866	0	.3904133	.1073001
704.15	0	.5022052	0	.3902508	.107544
703.15	0	.5021241	0	.3900888	.1077871
702.15	0	.5020433	0	.3899273	.1080294
701.15	0	.5019628	0	.3897663	.1082709
700.15	0	.5018826	0	.3896058	.1085116
699.15	0	.5018027	0	.3894458	.1087515
698.15	0	.5017231	0	.3892862	.1089907
697.15	0	.5016438	0	.3891271	.109229
696.15	0	.5015649	0	.3889685	.1094666
695.15	0	.5014862	0	.3888104	.1097034
694.15	0	.5014078	0	.3886528	.1099394
693.15	0	.5013297	0	.3884957	.1101746
692.15	0	.5012519	0	.388339	.1104091
691.15	0	.5011744	0	.3881829	.1106427
690.15	0	.5010972	0	.3880272	.1108756
689.15	0	.5010203	0	.3878719	.1111078
688.15	0	.5009437	0	.3877172	.1113391
687.15	0	.5008674	0	.3875629	.1115697
686.15	0	.5007914	0	.3874091	.1117995
685.15	0	.5007156	0	.3872558	.1120285
684.15	0	.5006402	0	.387103	.1122568
683.15	0	.500565	0	.3869506	.1124843
682.15	0	.5004902	0	.3867987	.1127111
681.15	0	.5004156	0	.3866473	.1129371
680.15	0	.5003413	0	.3864964	.1131623
679.15	0	.5002673	0	.3863459	.1133868
678.15	0	.5001936	0	.3861959	.1136105
677.15	0	.5001201	0	.3860464	.1138335
676.15	0	.500047	0	.3858973	.1140557
675.15	0	.4999741	0	.3857487	.1142772
674.15	0	.4999015	0	.3856006	.1144979
673.15	0	.4998292	0	.3854529	.1147179
672.15	0	.4997572	0	.3853057	.1149371
671.15	0	.4996854	0	.385159	.1151556
670.15	0	.4996139	0	.3850127	.1153733
669.15	0	.4995428	0	.3848669	.1155903
668.15	0	.4994718	0	.3847216	.1158066
667.15	0	.4994012	0	.3845768	.1160221
666.15	0	.4993308	0	.3844323	.1162368
665.15	0	.4992607	0	.3842884	.1164509
664.15	0	.4991909	0	.3841449	.1166641
663.15	0	.4991214	0	.3840019	.1168767
662.15	0	.4990521	0	.3838594	.1170885
661.15	0	.4989831	0	.3837173	.1172996
660.15	0	.4989144	0	.3835756	.11751
659.15	0	.4988459	0	.3834345	.1177196
658.15	0	.4987778	0	.3832937	.1179285
657.15	0	.4987099	0	.3831535	.1181367
656.15	0	.4986422	0	.3830137	.1183441
655.15	0	.4985748	0	.3828743	.1185509
654.15	0	.4985077	0	.3827354	.1187569
653.15	0	.4984409	0	.382597	.1189621
652.15	0	.4983743	0	.382459	.1191667
651.15	0	.498308	0	.3823215	.1193705
650.15	0	.498242	0	.3821844	.1195736
649.15	0	.4981762	0	.3820478	.119776
648.15	0	.4981107	0	.3819116	.1199777
647.15	0	.4980454	0	.3817759	.1201786
646.15	0	.4979804	0	.3816407	.1203789
645.15	0	.4979157	0	.3815059	.1205784
644.15	0	.4978513	0	.3813715	.1207772
643.15	0	.4977871	0	.3812376	.1209753
642.15	0	.4977231	0	.3811041	.1211727
641.15	0	.4976594	0	.3809711	.1213694
640.15	0	.497596	0	.3808386	.1215654
639.15	0	.4975329	0	.3807065	.1217607
638.15	0	.49747	0	.3805748	.1219552
637.15	0	.4974073	0	.3804436	.1221491
636.15	0	.4973449	0	.3803128	.1223423
635.15	0	.4972828	0	.3801825	.1225347
634.15	0	.4972209	0	.3800526	.1227265
633.15	0	.4971593	0	.3799232	.1229175
632.15	0	.4970979	0	.3797942	.1231079
631.15	0	.4970368	0	.3796657	.1232975
630.15	0	.496976	0	.3795376	.1234865
629.15	0	.4969154	0	.3794099	.1236747
628.15	0	.496855	0	.3792827	.1238623
627.15	0	.4967949	0	.3791559	.1240492
626.15	0	.4967351	0	.3790296	.1242354
625.15	0	.4966755	0	.3789037	.1244208
624.15	0	.4966162	0	.3787782	.1246056
623.15	0	.4965571	0	.3786532	.1247897
622.15	0	.4964982	0	.3785287	.1249731
621.15	0	.4964396	0	.3784045	.1251559
620.15	0	.4963813	0	.3782808	.1253379
619.15	0	.4963232	0	.3781576	.1255192
618.15	0	.4962653	0	.3780348	.1256999
617.15	0	.4962077	0	.3779124	.1258799
616.15	0	.4961504	0	.3777904	.1260592
615.15	0	.4960933	0	.3776689	.1262378
614.15	0	.4960364	0	.3775478	.1264158
613.15	0	.4959798	0	.3774272	.126593
612.15	0	.4959234	0	.377307	.1267696
611.15	0	.4958673	0	.3771872	.1269455
610.15	0	.4958114	0	.3770679	.1271207
609.15	0	.4957558	0	.376949	.1272953
608.15	0	.4957004	0	.3768305	.1274691
607.15	0	.4956452	0	.3767125	.1276423
606.15	0	.4955903	0	.3765949	.1278149
605.15	0	.4955356	0	.3764777	.1279867
604.15	0	.4954812	0	.3763609	.1281579
603.15	0	.495427	0	.3762446	.1283284
602.15	0	.495373	0	.3761287	.1284983
601.15	0	.4953193	0	.3760133	.1286674
600.15	0	.4952658	0	.3758982	.128836
599.15	0	.4952126	0	.3757836	.1290038
598.15	0	.4951596	0	.3756694	.129171
597.15	0	.4951068	0	.3755557	.1293375
596.15	0	.4950543	0	.3754423	.1295034
595.15	0	.495002	0	.3753294	.1296686
594.15	0	.4949499	0	.3752169	.1298331
593.15	0	.4948981	0	.3751049	.129997
592.15	0	.4948465	0	.3749933	.1301602
591.15	0	.4947952	0	.3748821	.1303228
590.15	0	.494744	0	.3747713	.1304847
589.15	0	.4946932	0	.3746609	.1306459
588.15	0	.4946425	0	.3745509	.1308065
587.15	0	.4945921	0	.3744414	.1309665
586.15	0	.4945419	0	.3743323	.1311258
585.15	0	.4944919	0	.3742236	.1312844
584.15	0	.4944422	0	.3741154	.1314424
583.15	0	.4943927	0	.3740075	.1315998
582.15	0	.4943434	0	.3739001	.1317565
581.15	0	.4942944	0	.3737931	.1319126
580.15	0	.4942456	0	.3736865	.132068
579.15	0	.494197	0	.3735803	.1322228
578.15	0	.4941486	0	.3734745	.1323769
577.15	0	.4941005	0	.3733692	.1325304
576.15	0	.4940525	0	.3732642	.1326832
575.15	0	.4940049	0	.3731597	.1328355
574.15	0	.4939574	0	.3730556	.132987
573.15	0	.4939102	0	.3729519	.133138
572.15	0	.4938632	0	.3728486	.1332883
571.15	0	.4938164	0	.3727457	.1334379
570.15	0	.4937698	0	.3726432	.133587
569.15	0	.4937235	0	.3725411	.1337354
568.15	0	.4936773	0	.3724395	.1338832
567.15	0	.4936314	0	.3723382	.1340303
566.15	0	.4935858	0	.3722374	.1341769
565.15	0	.4935403	0	.3721369	.1343228
564.15	0	.4934951	0	.3720369	.134468
563.15	0	.49345	0	.3719373	.1346127
562.15	0	.4934052	0	.3718381	.1347567
561.15	0	.4933606	0	.3717392	.1349001
560.15	0	.4933163	0	.3716408	.1350429
559.15	0	.4932721	0	.3715428	.1351851
558.15	0	.4932282	0	.3714452	.1353266
557.15	0	.4931845	0	.371348	.1354676
556.15	0	.493141	0	.3712511	.1356079
555.15	0	.4930977	0	.3711547	.1357476
554.15	0	.4930546	0	.3710587	.1358867
553.15	0	.4930117	0	.3709631	.1360252
552.15	0	.4929691	0	.3708678	.1361631
551.15	0	.4929266	0	.370773	.1363004
550.15	0	.4928844	0	.3706786	.136437
549.15	0	.4928424	0	.3705845	.1365731
548.15	0	.4928006	0	.3704909	.1367086
547.15	0	.492759	0	.3703976	.1368434
546.15	0	.4927176	0	.3703047	.1369777
545.15	0	.4926764	0	.3702122	.1371113
544.15	0	.4926355	0	.3701201	.1372444
543.15	0	.4925947	0	.3700284	.1373769
542.15	0	.4925541	0	.3699371	.1375088
541.15	0	.4925138	0	.3698462	.13764
540.15	0	.4924736	0	.3697556	.1377707
539.15	0	.4924337	0	.3696655	.1379008
538.15	0	.492394	0	.3695757	.1380304
537.15	0	.4923544	0	.3694863	.1381593
536.15	0	.4923151	0	.3693973	.1382876
535.15	0	.492276	0	.3693087	.1384154
534.15	0	.492237	0	.3692204	.1385426
533.15	0	.4921983	0	.3691325	.1386692
532.15	0	.4921598	0	.369045	.1387952
531.15	0	.4921214	0	.3689579	.1389206
530.15	0	.4920833	0	.3688712	.1390455
529.15	0	.4920454	0	.3687848	.1391698
528.15	0	.4920077	0	.3686988	.1392935
527.15	0	.4919701	0	.3686132	.1394167
526.15	0	.4919328	0	.368528	.1395393
525.15	0	.4918957	0	.3684431	.1396613
524.15	0	.4918587	0	.3683586	.1397827
523.15	0	.491822	0	.3682744	.1399036
522.15	0	.4917854	0	.3681907	.1400239
521.15	0	.491749	0	.3681073	.1401437
520.15	0	.4917129	0	.3680242	.1402629
519.15	0	.4916769	0	.3679416	.1403816
518.15	0	.4916411	0	.3678592	.1404997
517.15	0	.4916055	0	.3677773	.1406172
516.15	0	.4915701	0	.3676957	.1407342
515.15	0	.4915349	0	.3676145	.1408507
514.15	0	.4914998	0	.3675336	.1409666
513.15	0	.491465	0	.3674531	.1410819
512.15	0	.4914303	0	.3673729	.1411967
511.15	0	.4913959	0	.3672931	.141311
510.15	0	.4913616	0	.3672137	.1414247
509.15	0	.4913275	0	.3671346	.1415379
508.15	0	.4912936	0	.3670559	.1416506
507.15	0	.4912598	0	.3669775	.1417627
506.15	0	.4912263	0	.3668994	.1418743
505.15	0	.4911929	0	.3668217	.1419853
504.15	0	.4911597	0	.3667444	.1420959
503.15	0	.4911267	0	.3666674	.1422059
502.15	0	.4910939	0	.3665908	.1423154
501.15	0	.4910613	0	.3665144	.1424243
500.15	0	.4910288	0	.3664385	.1425328
499.15	0	.4909965	0	.3663628	.1426407
498.15	0	.4909644	0	.3662876	.1427481
497.15	0	.4909324	0	.3662126	.142855
496.15	0	.4909007	0	.366138	.1429613
495.15	0	.4908691	0	.3660637	.1430672
494.15	0	.4908377	0	.3659898	.1431726
493.15	0	.4908064	0	.3659161	.1432774
492.15	0	.4907754	0	.3658429	.1433818
491.15	0	.4907445	0	.3657699	.1434856
490.15	0	.4907137	0	.3656973	.143589
489.15	0	.4906832	0	.365625	.1436918
488.15	0	.4906528	0	.365553	.1437942
487.15	0	.4906226	0	.3654814	.143896
486.15	0	.4905925	0	.3654101	.1439974
485.15	0	.4905626	0	.365339	.1440983
484.15	0	.4905329	0	.3652684	.1441987
483.15	0	.4905034	0	.365198	.1442986
482.15	0	.490474	0	.365128	.1443981
481.15	0	.4904447	0	.3650582	.144497
480.15	0	.4904157	0	.3649888	.1445955
479.15	0	.4903868	0	.3649197	.1446935
478.15	0	.4903581	0	.3648509	.144791
477.15	0	.4903295	0	.3647824	.1448881
476.15	0	.4903011	0	.3647143	.1449847
475.15	0	.4902728	0	.3646464	.1450808
474.15	0	.4902447	0	.3645789	.1451765
473.15	0	.4902167	0	.3645116	.1452717
472.15	0	.490189	0	.3644446	.1453664
471.15	0	.4901613	0	.364378	.1454607
470.15	0	.4901338	0	.3643116	.1455545
469.15	0	.4901065	0	.3642456	.1456479
468.15	0	.4900794	0	.3641798	.1457408
467.15	0	.4900523	0	.3641144	.1458333
466.15	0	.4900255	0	.3640492	.1459254
465.15	0	.4899987	0	.3639843	.146017
464.15	0	.4899722	0	.3639197	.1461081
463.15	0	.4899458	0	.3638554	.1461988
462.15	0	.4899195	0	.3637914	.1462891
461.15	0	.4898934	0	.3637277	.146379
460.15	0	.4898674	0	.3636642	.1464684
459.15	0	.4898416	0	.3636011	.1465574
458.15	0	.4898159	0	.3635382	.1466459
