T	 BPW(LIQUID)	BPW(BCC_A2)	BPW(FCC_A1)	BPW(LAVES_PHASE_C14)	BPW(NI3TI)
1473.15	0	1	0	0	0
1472.15	0	1	0	0	0
1471.15	0	1	0	0	0
1470.15	0	1	0	0	0
1469.15	0	1	0	0	0
1468.15	0	1	0	0	0
1467.15	0	1	0	0	0
1466.15	0	1	0	0	0
1465.15	0	1	0	0	0
1464.15	0	1	0	0	0
1463.15	0	1	0	0	0
1462.15	0	1	0	0	0
1461.15	0	1	0	0	0
1460.15	0	1	0	0	0
1459.15	0	1	0	0	0
1458.15	0	1	0	0	0
1457.15	0	1	0	0	0
1456.15	0	1	0	0	0
1455.15	0	1	0	0	0
1454.15	0	1	0	0	0
1453.15	0	1	0	0	0
1452.15	0	1	0	0	0
1451.15	0	1	0	0	0
1450.15	0	1	0	0	0
1449.15	0	1	0	0	0
1448.15	0	1	0	0	0
1447.15	0	1	0	0	0
1446.15	0	1	0	0	0
1445.15	0	1	0	0	0
1444.15	0	1	0	0	0
1443.15	0	1	0	0	0
1442.15	0	1	0	0	0
1441.15	0	1	0	0	0
1440.15	0	1	0	0	0
1439.15	0	1	0	0	0
1438.15	0	1	0	0	0
1437.15	0	1	0	0	0
1436.15	0	1	0	0	0
1435.15	0	1	0	0	0
1434.15	0	1	0	0	0
1433.15	0	1	0	0	0
1432.15	0	1	0	0	0
1431.15	0	1	0	0	0
1430.15	0	1	0	0	0
1429.15	0	1	0	0	0
1428.15	0	1	0	0	0
1427.15	0	1	0	0	0
1426.15	0	1	0	0	0
1425.15	0	1	0	0	0
1424.15	0	1	0	0	0
1423.15	0	1	0	0	0
1422.15	0	1	0	0	0
1421.15	0	1	0	0	0
1420.15	0	1	0	0	0
1419.15	0	1	0	0	0
1418.15	0	1	0	0	0
1417.15	0	1	0	0	0
1416.15	0	1	0	0	0
1415.15	0	1	0	0	0
1414.15	0	1	0	0	0
1413.15	0	1	0	0	0
1412.15	0	1	0	0	0
1411.15	0	1	0	0	0
1410.15	0	1	0	0	0
1409.15	0	1	0	0	0
1408.15	0	1	0	0	0
1407.15	0	1	0	0	0
1406.15	0	1	0	0	0
1405.15	0	1	0	0	0
1404.15	0	1	0	0	0
1403.15	0	1	0	0	0
1402.15	0	1	0	0	0
1401.15	0	1	0	0	0
1400.15	0	1	0	0	0
1399.15	0	1	0	0	0
1398.15	0	1	0	0	0
1397.15	0	1	0	0	0
1396.15	0	1	0	0	0
1395.15	0	1	0	0	0
1394.15	0	1	0	0	0
1393.15	0	1	0	0	0
1392.15	0	1	0	0	0
1391.15	0	1	0	0	0
1390.15	0	1	0	0	0
1389.15	0	1	0	0	0
1388.15	0	1	0	0	0
1387.15	0	1	0	0	0
1386.15	0	1	0	0	0
1385.15	0	1	0	0	0
1384.15	0	1	0	0	0
1383.15	0	1	0	0	0
1382.15	0	1	0	0	0
1381.15	0	1	0	0	0
1380.15	0	1	0	0	0
1379.15	0	1	0	0	0
1378.15	0	1	0	0	0
1377.15	0	1	0	0	0
1376.15	0	1	0	0	0
1375.15	0	1	0	0	0
1374.15	0	1	0	0	0
1373.15	0	1	0	0	0
1372.15	0	1	0	0	0
1371.15	0	1	0	0	0
1370.15	0	1	0	0	0
1369.15	0	1	0	0	0
1368.15	0	1	0	0	0
1367.15	0	1	0	0	0
1366.15	0	1	0	0	0
1365.15	0	1	0	0	0
1364.15	0	1	0	0	0
1363.15	0	1	0	0	0
1362.15	0	1	0	0	0
1361.15	0	1	0	0	0
1360.15	0	1	0	0	0
1359.15	0	1	0	0	0
1358.15	0	1	0	0	0
1357.15	0	1	0	0	0
1356.15	0	1	0	0	0
1355.15	0	1	0	0	0
1354.15	0	1	0	0	0
1353.15	0	1	0	0	0
1352.15	0	1	0	0	0
1351.15	0	1	0	0	0
1350.15	0	1	0	0	0
1349.15	0	1	0	0	0
1348.15	0	1	0	0	0
1347.15	0	1	0	0	0
1346.15	0	1	0	0	0
1345.15	0	1	0	0	0
1344.15	0	1	0	0	0
1343.15	0	1	0	0	0
1342.15	0	1	0	0	0
1341.15	0	1	0	0	0
1340.15	0	1	0	0	0
1339.15	0	1	0	0	0
1338.15	0	1	0	0	0
1337.15	0	1	0	0	0
1336.15	0	1	0	0	0
1335.15	0	1	0	0	0
1334.15	0	1	0	0	0
1333.15	0	1	0	0	0
1332.15	0	1	0	0	0
1331.15	0	1	0	0	0
1330.15	0	1	0	0	0
1329.15	0	1	0	0	0
1328.15	0	1	0	0	0
1327.15	0	1	0	0	0
1326.15	0	1	0	0	0
1325.15	0	1	0	0	0
1324.15	0	1	0	0	0
1323.15	0	1	0	0	0
1322.856	0	1	0	0	0
1322.856	0	1	0	0	0
1322.856	0	1	0	0	0
1322.15	0	.9995494	0	4.505978E-04	0
1321.15	0	.9989121	0	.001087927	0
1320.15	0	.9982762	0	.00172383	0
1319.15	0	.9976417	0	.00235831	0
1318.15	0	.9970086	0	.002991372	0
1317.15	0	.996377	0	.00362302	0
1316.15	0	.9957467	0	.004253258	0
1315.15	0	.9951179	0	.004882091	0
1314.15	0	.9944905	0	.005509521	0
1313.15	0	.9938645	0	.006135554	0
1312.15	0	.9932398	0	.006760194	0
1311.15	0	.9926166	0	.007383445	0
1310.15	0	.9919947	0	.00800531	0
1309.15	0	.9913742	0	.008625794	0
1308.15	0	.9907551	0	.0092449	0
1307.15	0	.9901374	0	.009862634	0
1306.15	0	.989521	0	.010479	0
1305.15	0	.988906	0	.011094	0
1304.15	0	.9882924	0	.01170763	0
1303.15	0	.9876801	0	.01231991	0
1302.15	0	.9870692	0	.01293084	0
1301.15	0	.9864596	0	.01354042	0
1300.15	0	.9858514	0	.01414865	0
1299.15	0	.9852445	0	.01475554	0
1298.15	0	.9846389	0	.01536109	0
1297.15	0	.9840347	0	.0159653	0
1296.15	0	.9834318	0	.01656819	0
1295.15	0	.9828303	0	.01716975	0
1294.15	0	.98223	0	.01776998	0
1293.15	0	.9816311	0	.0183689	0
1292.15	0	.9810335	0	.0189665	0
1291.15	0	.9804372	0	.01956279	0
1290.15	0	.9798422	0	.02015777	0
1289.15	0	.9792485	0	.02075145	0
1288.15	0	.9786562	0	.02134382	0
1287.15	0	.9780651	0	.0219349	0
1286.15	0	.9774753	0	.02252469	0
1285.15	0	.9768868	0	.02311318	0
1284.15	0	.9762996	0	.02370039	0
1283.15	0	.9757137	0	.02428632	0
1282.15	0	.975129	0	.02487096	0
1281.15	0	.9745457	0	.02545434	0
1280.15	0	.9739636	0	.02603644	0
1279.15	0	.9733827	0	.02661727	0
1278.15	0	.9728032	0	.02719683	0
1277.15	0	.9722249	0	.02777514	0
1276.15	0	.9716478	0	.02835219	0
1275.15	0	.971072	0	.02892798	0
1274.15	0	.9704975	0	.02950252	0
1273.15	0	.9699242	0	.03007582	0
1272.15	0	.9693521	0	.03064786	0
1271.15	0	.9687813	0	.03121867	0
1270.15	0	.9682118	0	.03178824	0
1269.15	0	.9676434	0	.03235658	0
1268.15	0	.9670763	0	.03292369	0
1267.15	0	.9665104	0	.03348957	0
1266.15	0	.9659458	0	.03405422	0
1265.15	0	.9653823	0	.03461765	0
1264.15	0	.9648201	0	.03517987	0
1263.15	0	.9642591	0	.03574087	0
1262.15	0	.9636993	0	.03630067	0
1261.15	0	.9631407	0	.03685925	0
1260.15	0	.9625834	0	.03741663	0
1259.15	0	.9620272	0	.03797281	0
1258.15	0	.9614722	0	.03852779	0
1257.15	0	.9609184	0	.03908157	0
1256.15	0	.9603658	0	.03963416	0
1255.15	0	.9598144	0	.04018557	0
1254.15	0	.9592642	0	.04073579	0
1253.15	0	.9587152	0	.04128483	0
1252.15	0	.9581673	0	.04183268	0
1251.15	0	.9576206	0	.04237937	0
1250.15	0	.9570751	0	.04292488	0
1249.15	0	.9565308	0	.04346922	0
1248.15	0	.9559876	0	.04401239	0
1247.15	0	.9554456	0	.0445544	0
1246.15	0	.9549048	0	.04509525	0
1245.15	0	.9543651	0	.04563494	0
1244.15	0	.9538265	0	.04617348	0
1243.15	0	.9532891	0	.04671086	0
1242.15	0	.9527529	0	.0472471	0
1241.15	0	.9522178	0	.04778219	0
1240.15	0	.9516839	0	.04831614	0
1239.15	0	.9511511	0	.04884894	0
1238.15	0	.9506194	0	.04938062	0
1237.15	0	.9500889	0	.04991115	0
1236.15	0	.9495594	0	.05044056	0
1235.15	0	.9490312	0	.05096884	0
1234.15	0	.948504	0	.05149599	0
1233.15	0	.947978	0	.05202202	0
1232.15	0	.9474531	0	.05254694	0
1231.15	0	.9469293	0	.05307073	0
1230.15	0	.9464066	0	.05359341	0
1229.15	0	.945885	0	.05411498	0
1228.15	0	.9453646	0	.05463544	0
1227.15	0	.9448452	0	.0551548	0
1226.15	0	.9443269	0	.05567306	0
1225.15	0	.9438098	0	.05619021	0
1224.15	0	.9432937	0	.05670627	0
1223.15	0	.9427788	0	.05722123	0
1222.15	0	.9422649	0	.0577351	0
1221.15	0	.9417521	0	.05824789	0
1220.15	0	.9412404	0	.05875958	0
1219.15	0	.9407298	0	.0592702	0
1218.15	0	.9402203	0	.05977973	0
1217.15	0	.9397118	0	.06028818	0
1216.15	0	.9392044	0	.06079556	0
1215.15	0	.9386981	0	.06130187	0
1214.15	0	.9381929	0	.06180711	0
1213.15	0	.9376887	0	.06231127	0
1212.15	0	.9371856	0	.06281438	0
1211.15	0	.9366836	0	.06331642	0
1210.15	0	.9361826	0	.0638174	0
1209.15	0	.9356827	0	.06431733	0
1208.15	0	.9351838	0	.0648162	0
1207.15	0	.934686	0	.06531401	0
1206.15	0	.9341892	0	.06581078	0
1205.15	0	.9336935	0	.06630651	0
1204.15	0	.9331988	0	.06680118	0
1203.15	0	.9327052	0	.06729482	0
1202.15	0	.9322126	0	.06778741	0
1201.15	0	.931721	0	.06827897	0
1200.15	0	.9312305	0	.0687695	0
1199.15	0	.930741	0	.06925899	0
1198.15	0	.9302525	0	.06974745	0
1197.15	0	.9297651	0	.07023489	0
1196.15	0	.9292787	0	.0707213	0
1195.15	0	.9287933	0	.07120669	0
1194.15	0	.9283089	0	.07169106	0
1193.15	0	.9278256	0	.07217442	0
1192.15	0	.9273433	0	.07265675	0
1191.15	0	.9268619	0	.07313808	0
1190.15	0	.9263816	0	.07361839	0
1189.15	0	.9259023	0	.0740977	0
1188.15	0	.925424	0	.074576	0
1187.15	0	.9249467	0	.0750533	0
1186.15	0	.9244704	0	.0755296	0
1185.15	0	.9239951	0	.0760049	0
1184.15	0	.9235208	0	.0764792	0
1183.15	0	.9230475	0	.07695251	0
1182.15	0	.9225752	0	.07742482	0
1181.15	0	.9221039	0	.07789615	0
1180.15	0	.9216335	0	.07836649	0
1179.15	0	.9211642	0	.07883585	0
1178.15	0	.9206958	0	.07930422	0
1177.15	0	.9202284	0	.07977161	0
1176.15	0	.919762	0	.08023803	0
1175.15	0	.9192965	0	.08070347	0
1174.15	0	.9188321	0	.08116793	0
1173.15	0	.9183686	0	.08163142	0
1172.15	0	.9179061	0	.08209395	0
1171.15	0	.9174445	0	.0825555	0
1170.15	0	.9169839	0	.08301609	0
1169.15	0	.9165243	0	.08347572	0
1168.15	0	.9160656	0	.08393439	0
1167.15	0	.9156079	0	.0843921	0
1166.15	0	.9151512	0	.08484885	0
1165.15	0	.9146954	0	.08530465	0
1164.15	0	.9142405	0	.0857595	0
1163.15	0	.9137866	0	.08621339	0
1162.15	0	.9133337	0	.08666634	0
1161.15	0	.9128817	0	.08711834	0
1160.15	0	.9124306	0	.0875694	0
1159.15	0	.9119805	0	.08801952	0
1158.15	0	.9115313	0	.08846869	0
1157.15	0	.9110831	0	.08891693	0
1156.15	0	.9106358	0	.08936424	0
1155.15	0	.9101894	0	.0898106	0
1154.15	0	.9097439	0	.09025606	0
1153.15	0	.9092994	0	.09070057	0
1152.15	0	.9088559	0	.09114415	0
1151.15	0	.9084132	0	.0915868	0
1150.15	0	.9079715	0	.09202853	0
1149.15	0	.9075307	0	.09246934	0
1148.15	0	.9070908	0	.09290923	0
1147.15	0	.9066518	0	.0933482	0
1146.15	0	.9062137	0	.09378626	0
1145.15	0	.9057766	0	.0942234	0
1144.15	0	.9053404	0	.09465963	0
1143.15	0	.904905	0	.09509495	0
1142.15	0	.9044706	0	.09552936	0
1141.15	0	.9040371	0	.09596287	0
1140.15	0	.9036045	0	.09639547	0
1139.15	0	.9031728	0	.09682717	0
1138.15	0	.902742	0	.09725797	0
1137.15	0	.9023121	0	.09768787	0
1136.15	0	.9018831	0	.09811687	0
1135.15	0	.901455	0	.09854498	0
1134.15	0	.9010278	0	.09897219	0
1133.15	0	.9006015	0	.09939852	0
1132.15	0	.9001761	0	.09982395	0
1131.15	0	.8997515	0	.1002485	0
1130.15	0	.8993278	0	.1006722	0
1129.15	0	.8989051	0	.1010949	0
1128.15	0	.8984832	0	.1015168	0
1127.15	0	.8980622	0	.1019378	0
1126.15	0	.897642	0	.102358	0
1125.15	0	.8972228	0	.1027772	0
1124.15	0	.8968044	0	.1031956	0
1123.15	0	.8963869	0	.1036131	0
1122.15	0	.8959702	0	.1040298	0
1121.15	0	.8955545	0	.1044455	0
1120.15	0	.8951396	0	.1048604	0
1119.15	0	.8947255	0	.1052745	0
1118.15	0	.8943123	0	.1056877	0
1117.15	0	.8939	0	.1061	0
1116.15	0	.8934886	0	.1065114	0
1115.15	0	.893078	0	.106922	0
1114.15	0	.8926683	0	.1073317	0
1113.15	0	.8922594	0	.1077406	0
1112.15	0	.8918514	0	.1081486	0
1111.15	0	.8914442	0	.1085558	0
1110.15	0	.8910379	0	.1089621	0
1109.15	0	.8906324	0	.1093676	0
1108.15	0	.8902278	0	.1097722	0
1107.15	0	.889824	0	.110176	0
1106.15	0	.8894211	0	.1105789	0
1105.15	0	.889019	0	.110981	0
1104.15	0	.8886178	0	.1113822	0
1103.15	0	.8882174	0	.1117826	0
1102.15	0	.8878178	0	.1121822	0
1101.15	0	.8874191	0	.1125809	0
1100.15	0	.8870212	0	.1129788	0
1099.15	0	.8866241	0	.1133759	0
1098.15	0	.8862279	0	.1137721	0
1097.15	0	.8858325	0	.1141675	0
1096.15	0	.885438	0	.114562	0
1095.15	0	.8850442	0	.1149558	0
1094.15	0	.8846513	0	.1153487	0
1093.15	0	.8842592	0	.1157408	0
1092.15	0	.8838679	0	.1161321	0
1091.15	0	.8834775	0	.1165225	0
1090.15	0	.8830879	0	.1169121	0
1089.15	0	.8826991	0	.1173009	0
1088.15	0	.8823111	0	.1176889	0
1087.15	0	.8819239	0	.1180761	0
1086.15	0	.8815375	0	.1184625	0
1085.15	0	.881152	0	.118848	0
1084.15	0	.8807672	0	.1192328	0
1083.15	0	.8803833	0	.1196167	0
1082.15	0	.8800002	0	.1199998	0
1081.15	0	.8796179	0	.1203821	0
1080.15	0	.8792364	0	.1207637	0
1079.15	0	.8788556	0	.1211444	0
1078.15	0	.8784757	0	.1215243	0
1077.15	0	.8780966	0	.1219034	0
1076.15	0	.8777183	0	.1222817	0
1075.15	0	.8773408	0	.1226592	0
1074.15	0	.8769641	0	.1230359	0
1073.15	0	.8765882	0	.1234118	0
1072.15	0	.8762131	0	.1237869	0
1071.15	0	.8758387	0	.1241613	0
1070.15	0	.8754652	0	.1245348	0
1069.15	0	.8750925	0	.1249076	0
1068.15	0	.8747205	0	.1252795	0
1067.15	0	.8743493	0	.1256507	0
1066.15	0	.8739789	0	.1260211	0
1065.15	0	.8736093	0	.1263907	0
1064.15	0	.8732405	0	.1267595	0
1063.15	0	.8728725	0	.1271275	0
1062.15	0	.8725052	0	.1274948	0
1061.15	0	.8721387	0	.1278613	0
1060.15	0	.871773	0	.128227	0
1059.15	0	.8714081	0	.1285919	0
1058.15	0	.871044	0	.128956	0
1057.15	0	.8706806	0	.1293194	0
1056.15	0	.870318	0	.129682	0
1055.15	0	.8699562	0	.1300439	0
1054.15	0	.8695951	0	.1304049	0
1053.15	0	.8692348	0	.1307652	0
1052.15	0	.8688753	0	.1311247	0
1051.15	0	.8685165	0	.1314835	0
1050.15	0	.8681585	0	.1318415	0
1049.15	0	.8678013	0	.1321987	0
1048.15	0	.8674448	0	.1325552	0
1047.15	0	.8670891	0	.1329109	0
1046.15	0	.8667342	0	.1332658	0
1045.15	0	.86638	0	.13362	0
1044.15	0	.8660266	0	.1339734	0
1043.15	0	.8656739	0	.1343261	0
1042.15	0	.865322	0	.134678	0
1041.15	0	.8649708	0	.1350292	0
1040.15	0	.8646204	0	.1353796	0
1039.15	0	.8642708	0	.1357292	0
1038.15	0	.8639219	0	.1360781	0
1037.15	0	.8635737	0	.1364263	0
1036.15	0	.8632263	0	.1367737	0
1035.15	0	.8628796	0	.1371204	0
1034.15	0	.8625337	0	.1374663	0
1033.15	0	.8621885	0	.1378115	0
1032.15	0	.8618441	0	.1381559	0
1031.15	0	.8615004	0	.1384996	0
1030.15	0	.8611575	0	.1388425	0
1029.15	0	.8608153	0	.1391847	0
1028.15	0	.8604738	0	.1395261	0
1027.15	0	.8601331	0	.1398669	0
1026.15	0	.8597932	0	.1402068	0
1025.15	0	.8594539	0	.1405461	0
1024.15	0	.8591154	0	.1408846	0
1023.15	0	.8587776	0	.1412224	0
1022.15	0	.8584406	0	.1415594	0
1021.15	0	.8581043	0	.1418957	0
1020.15	0	.8577687	0	.1422313	0
1019.15	0	.8574338	0	.1425662	0
1018.15	0	.8570997	0	.1429003	0
1017.15	0	.8567663	0	.1432337	0
1016.15	0	.8564337	0	.1435664	0
1015.15	0	.8561017	0	.1438983	0
1014.15	0	.8557705	0	.1442295	0
1013.15	0	.85544	0	.14456	0
1012.15	0	.8551102	0	.1448898	0
1011.15	0	.8547812	0	.1452188	0
1010.15	0	.8544529	0	.1455471	0
1009.15	0	.8541253	0	.1458747	0
1008.15	0	.8537984	0	.1462016	0
1007.15	0	.8534722	0	.1465278	0
1006.15	0	.8531467	0	.1468533	0
1005.15	0	.852822	0	.147178	0
1004.15	0	.852498	0	.147502	0
1003.15	0	.8521747	0	.1478253	0
1002.15	0	.8518521	0	.1481479	0
1001.15	0	.8515302	0	.1484698	0
1000.15	0	.851209	0	.148791	0
999.15	0	.8508886	0	.1491115	0
998.15	0	.8505688	0	.1494312	0
997.15	0	.8502498	0	.1497503	0
996.15	0	.8499314	0	.1500686	0
995.15	0	.8496138	0	.1503862	0
994.15	0	.8492969	0	.1507031	0
993.15	0	.8489806	0	.1510194	0
992.15	0	.8486651	0	.1513349	0
991.15	0	.8483503	0	.1516497	0
990.15	0	.8480362	0	.1519638	0
989.15	0	.8477228	0	.1522772	0
988.15	0	.8474101	0	.1525899	0
987.15	0	.8470981	0	.152902	0
986.15	0	.8467867	0	.1532133	0
985.15	0	.8464761	0	.1535239	0
984.15	0	.8461662	0	.1538338	0
983.15	0	.845857	0	.154143	0
982.15	0	.8455484	0	.1544516	0
981.15	0	.8452406	0	.1547594	0
980.15	0	.8449335	0	.1550665	0
979.15	0	.844627	0	.155373	0
978.15	0	.8443213	0	.1556788	0
977.15	0	.8440162	0	.1559838	0
976.15	0	.8437118	0	.1562882	0
975.15	0	.8434081	0	.1565919	0
974.15	0	.8431051	0	.1568949	0
973.15	0	.8428028	0	.1571972	0
972.15	0	.8425012	0	.1574988	0
971.7745	0	.8423881	0	.1576119	0
971.7745	0	.8423881	0	.1576119	0
971.7745	0	.8423881	0	.1576119	0
971.15	0	.8418008	4.332257E-04	.157766	0
970.15	0	.8408625	.001125562	.1580119	0
969.15	0	.8399268	.001816225	.158257	0
968.15	0	.8389937	.002505222	.1585011	0
967.15	0	.8380631	.003192559	.1587443	0
966.15	0	.8371351	.003878244	.1589866	0
965.15	0	.8362097	.004562282	.1592281	0
964.15	0	.8352868	.005244682	.1594686	0
963.15	0	.8343664	.005925451	.1597081	0
962.15	0	.8334486	.006604596	.1599468	0
961.15	0	.8325333	.007282125	.1601845	0
960.15	0	.8316206	.007958046	.1604213	0
959.15	0	.8307104	.008632368	.1606572	0
958.15	0	.8298027	.009305099	.1608922	0
957.15	0	.8288975	.009976248	.1611262	0
956.15	0	.8279949	.01064582	.1613593	0
955.15	0	.8270947	.01131383	.1615915	0
954.15	0	.826197	.01198029	.1618227	0
953.15	0	.8253018	.0126452	.162053	0
952.15	0	.8244091	.01330858	.1622823	0
951.15	0	.8235189	.01397043	.1625107	0
950.15	0	.8226312	.01463077	.1627381	0
949.15	0	.8217459	.0152896	.1629645	0
948.15	0	.820863	.01594694	.16319	0
947.15	0	.8199826	.0166028	.1634146	0
946.15	0	.8191047	.01725719	.1636382	0
945.15	0	.8182291	.01791013	.1638607	0
944.15	0	.817356	.01856162	.1640824	0
943.15	0	.8164853	.01921167	.164303	0
942.15	0	.815617	.01986031	.1645227	0
941.15	0	.8147511	.02050754	.1647414	0
940.15	0	.8138876	.02115338	.164959	0
939.15	0	.8130264	.02179785	.1651757	0
938.15	0	.8121677	.02244095	.1653914	0
937.15	0	.8113112	.0230827	.1656061	0
936.15	0	.8104571	.02372311	.1658198	0
935.15	0	.8096054	.02436222	.1660324	0
934.15	0	.8087559	.02500002	.1662441	0
933.15	0	.8079088	.02563653	.1664547	0
932.15	0	.807064	.02627178	.1666643	0
931.15	0	.8062214	.02690578	.1668728	0
930.15	0	.8053811	.02753855	.1670803	0
929.15	0	.8045431	.0281701	.1672868	0
928.15	0	.8037073	.02880046	.1674922	0
927.15	0	.8028737	.02942965	.1676966	0
926.15	0	.8020424	.03005768	.1678999	0
925.15	0	.8012133	.03068458	.1681022	0
924.15	0	.8003863	.03131037	.1683033	0
923.15	0	.7995615	.03193507	.1685034	0
922.15	0	.7987389	.0325587	.1687024	0
921.15	0	.7979184	.03318128	.1689003	0
920.15	0	.7971	.03380285	.1690972	0
919.15	0	.7962837	.03442341	.1692929	0
918.15	0	.7954695	.03504301	.1694875	0
917.15	0	.7946574	.03566166	.169681	0
916.15	0	.7938473	.03627938	.1698733	0
915.15	0	.7930393	.03689622	.1700645	0
914.15	0	.7922332	.03751219	.1702546	0
913.15	0	.7914291	.03812733	.1704436	0
912.15	0	.790627	.03874166	.1706314	0
911.15	0	.7898268	.03935521	.170818	0
910.15	0	.7890286	.03996802	.1710034	0
909.15	0	.7882322	.04058011	.1711877	0
908.15	0	.7874377	.04119153	.1713708	0
907.15	0	.786645	.04180229	.1715527	0
906.15	0	.7858542	.04241245	.1717334	0
905.15	0	.7850651	.04302203	.1719129	0
904.15	0	.7842778	.04363106	.1720911	0
903.15	0	.7834923	.0442396	.1722681	0
902.15	0	.7827084	.04484767	.1724439	0
901.15	0	.7819262	.04545532	.1726185	0
900.15	0	.7811457	.04606258	.1727917	0
899.15	0	.7803668	.0466695	.1729637	0
898.15	0	.7795894	.04727612	.1731344	0
897.15	0	.7788136	.04788249	.1733039	0
896.15	0	.7780394	.04848866	.173472	0
895.15	0	.7772665	.04909465	.1736388	0
894.15	0	.7764952	.04970054	.1738043	0
893.15	0	.7757252	.05030637	.1739685	0
892.15	0	.7749566	.05091218	.1741313	0
891.15	0	.7741893	.05151803	.1742927	0
890.15	0	.7734233	.05212397	.1744528	0
889.15	0	.7726585	.05273006	.1746114	0
888.15	0	.7718949	.05333636	.1747687	0
887.15	0	.7711325	.05394293	.1749246	0
886.15	0	.7703712	.05454982	.175079	0
885.15	0	.7696109	.0551571	.175232	0
884.15	0	.7688516	.05576483	.1753836	0
883.15	0	.7680933	.05637308	.1755336	0
882.15	0	.7673359	.05698191	.1756822	0
881.15	0	.7665793	.0575914	.1758293	0
880.15	0	.7658235	.05820161	.1759749	0
879.15	0	.7650685	.05881263	.1761189	0
878.15	0	.7643141	.05942453	.1762614	0
877.15	0	.7635603	.06003738	.1764023	0
876.15	0	.7628071	.06065127	.1765416	0
875.15	0	.7620544	.06126628	.1766794	0
874.15	0	.761302	.06188251	.1768155	0
873.15	0	.7605501	.06250003	.1769499	0
872.15	0	.7597984	.06311894	.1770827	0
871.15	0	.7590469	.06373933	.1772138	0
870.15	0	.7582955	.06436131	.1773432	0
869.15	0	.7575441	.06498497	.1774709	0
868.15	0	.7567928	.06561042	.1775968	0
867.15	0	.7560412	.06623777	.177721	0
866.15	0	.7552895	.06686713	.1778433	0
865.15	0	.7545375	.06749861	.1779639	0
864.15	0	.7537851	.06813234	.1780826	0
863.15	0	.7530322	.06876843	.1781994	0
862.15	0	.7522787	.06940702	.1783143	0
861.15	0	.7515245	.07004824	.1784273	0
860.15	0	.7507695	.07069223	.1785383	0
859.15	0	.7500135	.07133913	.1786473	0
858.15	0	.7492566	.07198909	.1787544	0
857.15	0	.7484984	.07264227	.1788593	0
856.15	0	.747739	.07329881	.1789622	0
855.15	0	.7469782	.0739589	.1790629	0
854.15	0	.7462158	.07462269	.1791615	0
853.15	0	.7454517	.07529038	.1792579	0
852.15	0	.7446858	.07596215	.1793521	0
851.15	0	.7439178	.07663819	.179444	0
850.15	0	.7431477	.07731872	.1795336	0
849.15	0	.7423753	.07800393	.1796208	0
848.15	0	.7416004	.07869405	.1797056	0
847.15	0	.7408228	.07938932	.1797879	0
846.15	0	.7400423	.08008997	.1798677	0
845.15	0	.7392588	.08079626	.179945	0
844.15	0	.7384719	.08150846	.1800196	0
843.15	0	.7376816	.08222684	.1800916	0
842.15	0	.7368875	.08295169	.1801608	0
841.15	0	.7360894	.08368333	.1802273	0
840.15	0	.7352871	.08442208	.1802908	0
839.15	0	.7344803	.08516827	.1803514	0
838.15	0	.7336687	.08592227	.1804091	0
837.15	0	.732852	.08668445	.1804636	0
836.15	0	.7320299	.08745522	.1805149	0
835.15	0	.731202	.088235	.180563	0
834.15	0	.7303681	.08902423	.1806077	0
833.15	0	.7295277	.0898234	.1806489	0
832.15	0	.7286804	.09063301	.1806866	0
831.15	0	.7278258	.0914536	.1807206	0
830.15	0	.7269634	.09228573	.1807509	0
829.15	0	.7260928	.09313004	.1807771	0
828.15	0	.7252135	.09398716	.1807994	0
827.15	0	.7243248	.09485781	.1808174	0
826.15	0	.7234262	.09574275	.1808311	0
825.15	0	.722517	.09664277	.1808402	0
824.15	0	.7215966	.09755876	.1808446	0
823.15	0	.7206642	.09849168	.1808442	0
822.15	0	.7197189	.09944254	.1808385	0
821.15	0	.71876	.1004125	.1808276	0
820.15	0	.7177863	.1014027	.180811	0
819.15	0	.716797	.1024145	.1807886	0
818.15	0	.7154343	.1038661	.1806996	0
817.15	0	.7138219	.1056155	.1805627	0
816.15	0	.7122753	.1072939	.1804308	0
815.15	0	.7107904	.108906	.1803037	0
814.15	0	.7093632	.1104557	.1801811	0
813.15	0	.7079903	.111947	.1800628	0
812.15	0	.7066683	.1133833	.1799484	0
811.15	0	.7053944	.1147677	.1798379	0
810.15	0	.7041657	.1161034	.1797309	0
809.15	0	.7029797	.117393	.1796273	0
808.15	0	.7018341	.118639	.1795269	0
807.15	0	.7007267	.1198439	.1794294	0
806.15	0	.6996554	.1210097	.1793349	0
805.15	0	.6986184	.1221386	.179243	0
804.15	0	.6976139	.1232324	.1791536	0
803.15	0	.6966404	.1242929	.1790668	0
802.15	0	.6956962	.1253217	.1789821	0
801.15	0	.69478	.1263203	.1788997	0
800.15	0	.6938905	.1272902	.1788193	0
799.15	0	.6930263	.1282328	.1787409	0
798.15	0	.6921864	.1291492	.1786644	0
797.15	0	.6913696	.1300408	.1785896	0
796.15	0	.690575	.1309085	.1785165	0
795.15	0	.6898014	.1317535	.178445	0
794.15	0	.6890482	.1325767	.1783751	0
793.15	0	.6883143	.1333791	.1783066	0
792.15	0	.687599	.1341616	.1782394	0
791.15	0	.6869015	.1349249	.1781736	0
790.15	0	.6862211	.1356698	.1781091	0
789.15	0	.6855571	.1363972	.1780458	0
788.15	0	.6849088	.1371076	.1779836	0
787.15	0	.6842757	.1378018	.1779225	0
786.15	0	.6836572	.1384804	.1778624	0
785.15	0	.6830527	.139144	.1778033	0
784.15	0	.6824616	.1397932	.1777452	0
783.15	0	.6818836	.1404284	.177688	0
782.15	0	.681318	.1410503	.1776317	0
781.15	0	.6807646	.1416593	.1775762	0
780.15	0	.6802227	.1422558	.1775215	0
779.15	0	.6796921	.1428404	.1774675	0
778.15	0	.6791723	.1434133	.1774143	0
777.15	0	.678663	.1439752	.1773618	0
776.15	0	.6781638	.1445262	.1773099	0
775.15	0	.6776759	.1450657	.1772584	0
774.15	0	.6771958	.1455964	.1772078	0
773.15	0	.6767248	.1461174	.1771578	0
772.15	0	.6762627	.146629	.1771083	0
771.15	0	.6758091	.1471315	.1770594	0
770.15	0	.6753638	.1476251	.1770111	0
769.15	0	.6749266	.1481103	.1769632	0
768.15	0	.6744971	.1485872	.1769157	0
767.15	0	.6740752	.1490561	.1768688	0
766.15	0	.6736606	.1495172	.1768222	0
765.15	0	.673253	.1499709	.1767761	0
764.15	0	.6728524	.1504173	.1767303	0
763.15	0	.6724584	.1508566	.176685	0
762.15	0	.6720709	.1512891	.17664	0
761.15	0	.6716897	.151715	.1765954	0
760.15	0	.6713146	.1521344	.1765511	0
759.15	0	.6709454	.1525475	.1765071	0
758.15	0	.670582	.1529546	.1764634	0
757.15	0	.6702242	.1533558	.17642	0
756.15	0	.6698718	.1537513	.1763769	0
755.15	0	.6695248	.1541411	.1763341	0
754.15	0	.6691829	.1545256	.1762916	0
753.15	0	.668846	.1549048	.1762492	0
752.15	0	.668514	.1552788	.1762072	0
751.15	0	.6681868	.1556479	.1761653	0
750.15	0	.6678642	.1560122	.1761237	0
749.15	0	.6675461	.1563717	.1760823	0
748.15	0	.6672324	.1567266	.1760411	0
747.15	0	.6669229	.157077	.176	0
746.15	0	.6666177	.1574231	.1759592	0
745.15	0	.6663165	.1577649	.1759186	0
744.15	0	.6660193	.1581026	.1758781	0
743.15	0	.665726	.1584363	.1758378	0
742.15	0	.6654364	.158766	.1757976	0
741.15	0	.6651505	.1590919	.1757576	0
740.15	0	.6648683	.1594141	.1757177	0
739.15	0	.6645895	.1597326	.1756779	0
738.15	0	.6643142	.1600475	.1756383	0
737.15	0	.6640422	.160359	.1755988	0
736.15	0	.6637735	.1606671	.1755595	0
735.15	0	.663508	.1609718	.1755202	0
734.15	0	.6632456	.1612734	.1754811	0
733.15	0	.6629862	.1615718	.175442	0
732.15	0	.6627299	.1618671	.1754031	0
731.15	0	.6624764	.1621594	.1753642	0
730.15	0	.6622258	.1624487	.1753255	0
729.15	0	.661978	.1627352	.1752868	0
728.15	0	.661733	.1630188	.1752482	0
727.15	0	.6614906	.1632998	.1752097	0
726.15	0	.6612508	.163578	.1751712	0
725.15	0	.6610136	.1638536	.1751329	0
724.15	0	.6607789	.1641266	.1750946	0
723.15	0	.6605466	.1643971	.1750563	0
722.15	0	.6603167	.1646651	.1750181	0
721.15	0	.6600892	.1649308	.17498	0
720.15	0	.659864	.165194	.174942	0
719.15	0	.6596411	.165455	.1749039	0
718.15	0	.6594204	.1657137	.174866	0
717.15	0	.6592018	.1659701	.174828	0
716.15	0	.6589854	.1662244	.1747902	0
715.15	0	.6587711	.1664766	.1747523	0
714.15	0	.6585588	.1667267	.1747145	0
713.15	0	.6583485	.1669747	.1746768	0
712.15	0	.6581402	.1672208	.174639	0
711.15	0	.6579338	.1674649	.1746013	0
710.15	0	.6577293	.167707	.1745637	0
709.15	0	.6575267	.1679473	.174526	0
708.15	0	.6573259	.1681857	.1744884	0
707.15	0	.6571269	.1684223	.1744508	0
706.15	0	.6569297	.1686571	.1744132	0
705.15	0	.6567342	.1688902	.1743757	0
704.15	0	.6565403	.1691215	.1743382	0
703.15	0	.6563482	.1693512	.1743007	0
702.15	0	.6561577	.1695792	.1742632	0
701.15	0	.6559688	.1698055	.1742257	0
700.15	0	.6557815	.1700303	.1741882	0
699.15	0	.6555957	.1702535	.1741508	0
698.15	0	.6554115	.1704752	.1741133	0
697.15	0	.6552287	.1706954	.1740759	0
696.15	0	.6550475	.170914	.1740385	0
695.15	0	.6548677	.1711313	.1740011	0
694.15	0	.6546893	.171347	.1739637	0
693.15	0	.6545123	.1715614	.1739263	0
692.15	0	.6543368	.1717744	.1738889	0
691.15	0	.6541625	.171986	.1738515	0
690.15	0	.6539897	.1721963	.1738141	0
689.15	0	.6538181	.1724052	.1737767	0
688.15	0	.6536478	.1726129	.1737393	0
687.15	0	.6534788	.1728192	.1737019	0
686.15	0	.6533111	.1730244	.1736646	0
685.15	0	.6531446	.1732282	.1736272	0
684.15	0	.6529793	.1734309	.1735898	0
683.15	0	.6528152	.1736324	.1735524	0
682.15	0	.6526523	.1738326	.173515	0
681.15	0	.6524906	.1740317	.1734776	0
680.15	0	.65233	.1742297	.1734403	0
679.15	0	.6521706	.1744266	.1734029	0
678.15	0	.6520122	.1746223	.1733655	0
677.15	0	.651855	.1748169	.1733281	0
676.15	0	.6516988	.1750105	.1732907	0
675.15	0	.6515438	.175203	.1732533	0
674.15	0	.6513897	.1753944	.1732158	0
673.15	0	.6512367	.1755849	.1731784	0
672.15	0	.6510847	.1757743	.173141	0
671.15	0	.6509338	.1759626	.1731036	0
670.15	0	.6507838	.1761501	.1730661	0
669.15	0	.6506348	.1763365	.1730287	0
668.15	0	.6504868	.176522	.1729913	0
667.15	0	.6503397	.1767065	.1729538	0
666.15	0	.6501936	.1768901	.1729163	0
665.15	0	.6500484	.1770727	.1728789	0
664.15	0	.6499042	.1772545	.1728414	0
663.15	0	.6497608	.1774353	.1728039	0
662.15	0	.6496183	.1776152	.1727664	0
661.15	0	.6494767	.1777943	.1727289	0
660.15	0	.649336	.1779725	.1726914	0
659.15	0	.6491962	.1781499	.1726539	0
658.15	0	.6490572	.1783264	.1726164	0
657.15	0	.648919	.178502	.1725789	0
656.15	0	.6487817	.1786769	.1725414	0
655.15	0	.6486452	.1788509	.1725039	0
654.15	0	.6485095	.1790242	.1724663	0
653.15	0	.6483746	.1791966	.1724288	0
652.15	0	.6482405	.1793682	.1723912	0
651.15	0	.6481072	.1795391	.1723537	0
650.15	0	.6479747	.1797092	.1723161	0
649.15	0	.6478429	.1798785	.1722786	0
648.15	0	.6477119	.1800471	.172241	0
647.15	0	.6475816	.180215	.1722034	0
646.15	0	.6474521	.1803821	.1721659	0
645.15	0	.6473233	.1805485	.1721283	0
644.15	0	.6471952	.1807141	.1720907	0
643.15	0	.6470678	.1808791	.1720531	0
642.15	0	.6469412	.1810433	.1720155	0
641.15	0	.6468152	.1812069	.1719779	0
640.15	0	.64669	.1813697	.1719403	0
639.15	0	.6465654	.1815319	.1719027	0
638.15	0	.6464415	.1816934	.1718651	0
637.15	0	.6463183	.1818543	.1718275	0
636.15	0	.6461957	.1820144	.1717899	0
635.15	0	.6460738	.182174	.1717523	0
634.15	0	.6459525	.1823328	.1717147	0
633.15	0	.6458319	.1824911	.171677	0
632.15	0	.6457119	.1826487	.1716394	0
631.15	0	.6455926	.1828056	.1716018	0
630.15	0	.6454739	.1829619	.1715642	0
629.15	0	.6453558	.1831177	.1715266	0
628.15	0	.6452383	.1832727	.171489	0
627.15	0	.6451214	.1834273	.1714514	0
626.15	0	.6450051	.1835811	.1714138	0
625.15	0	.6448894	.1837344	.1713762	0
624.15	0	.6447743	.1838871	.1713386	0
623.15	0	.6446598	.1840392	.171301	0
622.15	0	.6445459	.1841908	.1712634	0
621.15	0	.6444325	.1843417	.1712258	0
620.15	0	.6443198	.1844921	.1711882	0
619.15	0	.6442075	.1846419	.1711506	0
618.15	0	.6440959	.1847911	.171113	0
617.15	0	.6439848	.1849398	.1710755	0
616.15	0	.6438742	.1850879	.1710379	0
615.15	0	.6437642	.1852355	.1710003	0
614.15	0	.6436547	.1853825	.1709628	0
613.15	0	.6435458	.185529	.1709253	0
612.15	0	.6434374	.1856749	.1708877	0
611.15	0	.6433295	.1858203	.1708502	0
610.15	0	.6432221	.1859652	.1708127	0
609.15	0	.6431153	.1861095	.1707752	0
608.15	0	.643009	.1862534	.1707377	0
607.15	0	.6429031	.1863967	.1707002	0
606.15	0	.6427978	.1865394	.1706627	0
605.15	0	.642693	.1866817	.1706253	0
604.15	0	.6425887	.1868235	.1705878	0
603.15	0	.6424849	.1869647	.1705504	0
602.15	0	.6423816	.1871055	.170513	0
601.15	0	.6422788	.1872457	.1704756	0
600.15	0	.6421764	.1873855	.1704382	0
599.15	0	.6420745	.1875247	.1704008	0
598.15	0	.6419731	.1876635	.1703634	0
597.15	0	.6418722	.1878017	.1703261	0
596.15	0	.6417717	.1879395	.1702887	0
595.15	0	.6416717	.1880768	.1702514	0
594.15	0	.6415722	.1882136	.1702141	0
593.15	0	.6414732	.18835	.1701769	0
592.15	0	.6413745	.1884859	.1701396	0
591.15	0	.6412764	.1886213	.1701024	0
590.15	0	.6411787	.1887562	.1700652	0
589.15	0	.6410814	.1888906	.170028	0
588.15	0	.6409846	.1890246	.1699908	0
587.15	0	.6408882	.1891582	.1699536	0
586.15	0	.6407923	.1892912	.1699165	0
585.15	0	.6406968	.1894238	.1698794	0
584.15	0	.6406017	.189556	.1698423	0
583.15	0	.640507	.1896877	.1698053	0
582.15	0	.6404128	.189819	.1697682	0
581.15	0	.640319	.1899497	.1697312	0
580.15	0	.6402257	.1900801	.1696942	0
579.15	0	.6401327	.19021	.1696573	0
578.15	0	.6400402	.1903395	.1696204	0
577.15	0	.6399481	.1904685	.1695835	0
576.15	0	.6398564	.1905971	.1695466	0
575.15	0	.6397651	.1907252	.1695098	0
574.15	0	.6396742	.1908529	.1694729	0
573.15	0	.6395837	.1909802	.1694362	0
572.15	0	.6394936	.191107	.1693994	0
571.15	0	.6394039	.1912334	.1693627	0
570.15	0	.6393146	.1913594	.169326	0
569.15	0	.6392257	.1914849	.1692894	0
568.15	0	.6391372	.1916101	.1692527	0
567.15	0	.6390491	.1917348	.1692161	0
566.15	0	.6389614	.191859	.1691796	0
565.15	0	.6388741	.1919829	.1691431	0
564.15	0	.6387871	.1921063	.1691066	0
563.15	0	.6387005	.1922293	.1690702	0
562.15	0	.6386144	.1923519	.1690337	0
561.15	0	.6385286	.1924741	.1689974	0
560.15	0	.6384431	.1925958	.1689611	0
559.15	0	.6383581	.1927172	.1689248	0
558.15	0	.6382734	.1928381	.1688885	0
557.15	0	.6381891	.1929586	.1688523	0
556.15	0	.6381051	.1930787	.1688161	0
555.15	0	.6380216	.1931984	.16878	0
554.15	0	.6379384	.1933177	.1687439	0
553.15	0	.6378555	.1934366	.1687079	0
552.15	0	.6377731	.1935551	.1686719	0
551.15	0	.6376909	.1936732	.1686359	0
550.15	0	.6376092	.1937908	.1686	0
549.15	0	.6375278	.1939081	.1685641	0
548.15	0	.6374467	.1940249	.1685283	0
547.15	0	.6373661	.1941414	.1684925	0
546.15	0	.6372857	.1942575	.1684568	0
545.15	0	.6372057	.1943731	.1684211	0
544.15	0	.6371261	.1944884	.1683855	0
543.15	0	.6370468	.1946033	.1683499	0
542.15	0	.6369679	.1947177	.1683144	0
541.15	0	.6368893	.1948318	.1682789	0
540.15	0	.636811	.1949455	.1682435	0
539.15	0	.6367331	.1950587	.1682081	0
538.15	0	.6366556	.1951716	.1681728	0
537.15	0	.6365784	.1952841	.1681375	0
536.15	0	.6365015	.1953962	.1681023	0
535.15	0	.6364249	.1955079	.1680671	0
534.15	0	.6363487	.1956193	.168032	0
533.15	0	.6362728	.1957302	.167997	0
532.15	0	.6361973	.1958407	.167962	0
531.15	0	.6361221	.1959509	.1679271	0
530.15	0	.6360472	.1960606	.1678922	0
529.15	0	.6359726	.19617	.1678574	0
528.15	0	.6358984	.196279	.1678226	0
527.15	0	.6358245	.1963876	.1677879	0
526.15	0	.635751	.1964958	.1677532	0
525.15	0	.6356777	.1966036	.1677186	0
524.15	0	.6356048	.1967111	.1676841	0
523.15	0	.6355322	.1968181	.1676497	0
522.15	0	.63546	.1969248	.1676152	0
521.15	0	.6353881	.1970311	.1675808	0
520.15	0	.6353164	.197137	.1675466	0
519.15	0	.6352451	.1972425	.1675124	0
518.15	0	.6351741	.1973477	.1674782	0
517.15	0	.6351035	.1974524	.1674441	0
516.15	0	.6350331	.1975568	.1674101	0
515.15	0	.634963	.1976608	.1673762	0
514.15	0	.6348933	.1977644	.1673423	0
513.15	0	.6348239	.1978676	.1673085	0
512.15	0	.6347548	.1979705	.1672748	0
511.15	0	.634686	.198073	.1672411	0
510.15	0	.6346175	.1981751	.1672075	0
509.15	0	.6345493	.1982768	.1671739	0
508.15	0	.6344814	.1983781	.1671405	0
507.15	0	.6344138	.1984791	.1671071	0
506.15	0	.6343466	.1985797	.1670738	0
505.15	0	.6342796	.1986799	.1670405	0
504.15	0	.6342129	.1987797	.1670074	0
503.15	0	.6341466	.1988791	.1669743	0
502.15	0	.6340805	.1989782	.1669413	0
501.15	0	.6340148	.1990769	.1669083	0
500.15	0	.6339493	.1991752	.1668754	0
499.15	0	.6338842	.1992732	.1668427	0
498.15	0	.6338193	.1993707	.1668099	0
497.15	0	.6337548	.1994679	.1667773	0
496.15	0	.6336905	.1995647	.1667447	0
495.15	0	.6336266	.1996612	.1667123	0
494.15	0	.6335629	.1997572	.1666799	0
493.15	0	.6334995	.1998529	.1666476	0
492.15	0	.6334365	.1999482	.1666153	0
491.15	0	.6333737	.2000432	.1665832	0
490.15	0	.6333112	.2001377	.1665511	0
489.15	0	.633249	.2002319	.1665191	0
488.15	0	.6331871	.2003257	.1664872	0
487.15	0	.6331255	.2004192	.1664554	0
486.15	0	.6330642	.2005122	.1664236	0
485.15	0	.6330031	.2006049	.166392	0
484.15	0	.6329424	.2006972	.1663604	0
483.15	0	.6328819	.2007892	.1663289	0
482.15	0	.6328218	.2008807	.1662975	0
481.15	0	.6327619	.2009719	.1662662	0
480.15	0	.6327023	.2010627	.166235	0
479.15	0	.6326429	.2011532	.1662039	0
478.15	0	.6325839	.2012433	.1661728	0
477.15	0	.6325252	.201333	.1661419	0
476.15	0	.6324667	.2014223	.166111	0
475.15	0	.6324085	.2015113	.1660802	0
474.15	0	.6323506	.2015998	.1660496	0
473.15	0	.632293	.201688	.166019	0
472.15	0	.6322357	.2017759	.1659885	0
471.15	0	.6321786	.2018633	.1659581	0
470.15	0	.6321218	.2019504	.1659278	0
469.15	0	.6320653	.2020371	.1658975	0
468.15	0	.6320091	.2021235	.1658674	0
467.15	0	.6319532	.2022095	.1658374	0
466.15	0	.6318975	.2022951	.1658075	0
465.15	0	.6318421	.2023803	.1657776	0
464.15	0	.631787	.2024652	.1657479	0
463.15	0	.6317321	.2025496	.1657182	0
462.15	0	.6316776	.2026338	.1656887	0
461.15	0	.6316233	.2027175	.1656593	0
460.15	0	.6315692	.2028009	.1656299	0
459.15	0	.6315155	.2028839	.1656007	0
458.15	0	.631462	.2029665	.1655715	0
457.15	0	.6314088	.2030487	.1655425	0
456.15	0	.6313559	.2031306	.1655135	0
455.15	0	.6313032	.2032121	.1654847	0
454.15	0	.6312508	.2032932	.1654559	0
453.15	0	.6311987	.203374	.1654273	0
452.15	0	.6311468	.2034544	.1653988	0
451.15	0	.6310952	.2035344	.1653703	0
450.15	0	.6310439	.2036141	.165342	0
449.15	0	.6309929	.2036933	.1653138	0
448.15	0	.6309422	.2037722	.1652857	0
447.15	0	.6308917	.2038506	.1652577	0
446.15	0	.6308415	.2039287	.1652298	0
445.15	0	.6307916	.2040064	.1652021	0
444.15	0	.6307419	.2040836	.1651744	0
443.15	0	.6306926	.2041605	.1651469	0
442.15	0	.6306435	.204237	.1651195	0
441.15	0	.6305948	.2043131	.1650922	0
440.15	0	.6305463	.2043887	.165065	0
439.15	0	.6304981	.2044639	.165038	0
438.15	0	.6304502	.2045387	.1650111	0
437.15	0	.6304026	.2046131	.1649843	0
436.15	0	.6303553	.2046871	.1649576	0
435.15	0	.6303083	.2047606	.1649311	0
434.15	0	.6302616	.2048337	.1649047	0
433.15	0	.6302152	.2049064	.1648784	0
432.15	0	.6301691	.2049786	.1648523	0
431.15	0	.6301234	.2050504	.1648263	0
430.15	0	.6300779	.2051217	.1648004	0
429.15	0	.6300327	.2051926	.1647747	0
428.15	0	.6299879	.205263	.1647491	0
427.15	0	.6299433	.205333	.1647237	0
426.15	0	.6298991	.2054025	.1646984	0
425.15	0	.6298551	.2054716	.1646732	0
424.15	0	.6298115	.2055403	.1646482	0
423.15	0	.6297682	.2056084	.1646234	0
422.15	0	.6297252	.2056762	.1645986	0
421.15	0	.6296825	.2057434	.1645741	0
420.15	0	.6296401	.2058103	.1645496	0
419.15	0	.629598	.2058766	.1645254	0
418.15	0	.6295563	.2059425	.1645012	0
417.15	0	.6295148	.206008	.1644772	0
416.15	0	.6294736	.206073	.1644534	0
415.15	0	.6294328	.2061375	.1644297	0
414.15	0	.6293923	.2062016	.1644061	0
413.15	0	.6293521	.2062652	.1643827	0
412.15	0	.6293121	.2063284	.1643595	0
411.15	0	.6292725	.2063911	.1643364	0
410.15	0	.6292332	.2064533	.1643135	0
409.15	0	.6291942	.2065151	.1642907	0
408.15	0	.6291555	.2065765	.164268	0
407.15	0	.6291171	.2066374	.1642455	0
406.15	0	.629079	.2066978	.1642232	0
405.15	0	.6290412	.2067578	.164201	0
404.15	0	.6290037	.2068174	.164179	0
403.15	0	.6289664	.2068765	.1641571	0
402.15	0	.6289295	.2069351	.1641353	0
401.15	0	.6288929	.2069934	.1641137	0
400.15	0	.6288566	.2070511	.1640923	0
399.15	0	.6288205	.2071085	.164071	0
398.15	0	.6287848	.2071654	.1640499	0
397.15	0	.6287493	.2072218	.1640289	0
396.15	0	.6287141	.2072778	.164008	0
395.15	0	.6286792	.2073334	.1639874	0
394.15	0	.6286446	.2073886	.1639668	0
393.15	0	.6286103	.2074433	.1639464	0
392.15	0	.6285762	.2074976	.1639262	0
391.15	0	.6285425	.2075515	.1639061	0
390.15	0	.628509	.2076049	.1638862	0
389.15	0	.6284757	.2076579	.1638664	0
388.15	0	.6284428	.2077105	.1638467	0
387.15	0	.6284101	.2077627	.1638272	0
386.15	0	.6283777	.2078145	.1638079	0
385.15	0	.6283455	.2078658	.1637887	0
384.15	0	.6283136	.2079168	.1637696	0
383.15	0	.628282	.2079673	.1637507	0
382.15	0	.6282506	.2080175	.1637319	0
381.15	0	.6282195	.2080672	.1637133	0
380.15	0	.6281887	.2081165	.1636948	0
379.15	0	.6281581	.2081655	.1636765	0
378.15	0	.6281277	.208214	.1636583	0
377.15	0	.6280976	.2082622	.1636402	0
376.15	0	.6280677	.2083099	.1636223	0
375.15	0	.6280381	.2083573	.1636046	0
374.15	0	.6280088	.2084043	.1635869	0
373.15	0	.6279796	.2084509	.1635694	0
372.15	0	.6279507	.2084972	.1635521	0
371.15	0	.6279221	.208543	.1635349	0
370.15	0	.6278937	.2085885	.1635178	0
369.15	0	.6278655	.2086336	.1635009	0
368.15	0	.6278375	.2086784	.1634841	0
367.15	0	.6278098	.2087228	.1634674	0
366.15	0	.6277823	.2087668	.1634509	0
365.15	0	.627755	.2088105	.1634345	0
364.15	0	.6277279	.2088538	.1634183	0
363.15	0	.6277011	.2088967	.1634022	0
362.15	0	.6276745	.2089393	.1633862	0
361.15	0	.627648	.2089816	.1633703	0
360.15	0	.6276218	.2090235	.1633546	0
359.15	0	.6275958	.2090651	.1633391	0
358.15	0	.6275701	.2091063	.1633236	0
357.15	0	.6275445	.2091473	.1633083	0
356.15	0	.6275191	.2091878	.1632931	0
355.15	0	.6274939	.2092281	.163278	0
354.15	0	.6274689	.209268	.1632631	0
353.15	0	.6274442	.2093076	.1632483	0
352.15	0	.6274196	.2093468	.1632336	0
351.15	0	.6273952	.2093858	.1632191	0
350.15	0	.6273709	.2094244	.1632046	0
349.15	0	.6273469	.2094627	.1631903	0
348.15	0	.6273231	.2095008	.1631762	0
347.15	0	.6272994	.2095385	.1631621	0
346.15	0	.627276	.2095759	.1631482	0
345.15	0	.6272527	.209613	.1631344	0
344.15	0	.6272296	.2096497	.1631207	0
343.15	0	.6272066	.2096863	.1631071	0
342.15	0	.6271838	.2097225	.1630937	0
341.15	0	.6271612	.2097584	.1630804	0
340.15	0	.6271388	.209794	.1630672	0
339.15	0	.6271165	.2098294	.1630541	0
338.3855	0	.6270996	.2098562	.1630442	0
338.3855	0	.6270996	.2098562	.1630442	0
338.3855	0	.6270996	.2098562	.1630442	0
338.15	0	.6271458	.2097406	.1629841	1.295324E-04
337.15	0	.6273418	.2092496	.1627293	6.793214E-04
336.15	0	.6275378	.2087588	.1624748	.001228633
335.15	0	.6277336	.2082682	.1622208	.00177747
334.15	0	.6279293	.2077778	.1619671	.002325835
333.15	0	.6281249	.2072875	.1617139	.002873731
332.15	0	.6283204	.2067975	.161461	.003421161
331.15	0	.6285158	.2063075	.1612086	.003968127
330.15	0	.6287111	.2058178	.1609565	.004514632
329.15	0	.6289063	.2053282	.1607048	.005060678
328.15	0	.6291014	.2048388	.1604535	.005606268
327.15	0	.6292964	.2043496	.1602027	.006151404
326.15	0	.6294913	.2038605	.1599522	.006696089
325.15	0	.6296861	.2033715	.159702	.007240325
324.15	0	.6298808	.2028827	.1594523	.007784115
323.15	0	.6300755	.2023941	.159203	.00832746
322.15	0	.63027	.2019056	.158954	.008870364
321.15	0	.6304645	.2014173	.1587054	.009412827
320.15	0	.6306588	.2009291	.1584573	.009954853
319.15	0	.6308531	.200441	.1582094	.01049644
318.15	0	.6310473	.1999531	.157962	.0110376
317.15	0	.6312414	.1994654	.1577149	.01157833
316.15	0	.6314354	.1989777	.1574683	.01211862
315.15	0	.6316293	.1984902	.1572219	.01265849
314.15	0	.6318232	.1980029	.156976	.01319794
313.15	0	.632017	.1975157	.1567304	.01373696
312.15	0	.6322106	.1970286	.1564853	.01427556
311.15	0	.6324042	.1965416	.1562404	.01481373
310.15	0	.6325978	.1960548	.155996	.01535149
309.15	0	.6327912	.1955681	.1557519	.01588884
308.15	0	.6329846	.1950815	.1555082	.01642577
307.15	0	.6331779	.194595	.1552648	.01696228
306.15	0	.6333711	.1941087	.1550219	.01749839
305.15	0	.6335642	.1936225	.1547792	.01803409
