T	 BPW(LIQUID)	BPW(BCC_A2)	BPW(FCC_A1)	BPW(LAVES_PHASE_C14)	BPW(NI3TI)
1473.15	0	1	0	0	0
1472.15	0	1	0	0	0
1471.15	0	1	0	0	0
1470.15	0	1	0	0	0
1469.15	0	1	0	0	0
1468.15	0	1	0	0	0
1467.15	0	1	0	0	0
1466.15	0	1	0	0	0
1465.15	0	1	0	0	0
1464.15	0	1	0	0	0
1463.15	0	1	0	0	0
1462.15	0	1	0	0	0
1461.15	0	1	0	0	0
1460.15	0	1	0	0	0
1459.15	0	1	0	0	0
1458.15	0	1	0	0	0
1457.15	0	1	0	0	0
1456.15	0	1	0	0	0
1455.15	0	1	0	0	0
1454.15	0	1	0	0	0
1453.15	0	1	0	0	0
1452.15	0	1	0	0	0
1451.15	0	1	0	0	0
1450.15	0	1	0	0	0
1449.15	0	1	0	0	0
1448.15	0	1	0	0	0
1447.15	0	1	0	0	0
1446.15	0	1	0	0	0
1445.15	0	1	0	0	0
1444.15	0	1	0	0	0
1443.15	0	1	0	0	0
1442.15	0	1	0	0	0
1441.15	0	1	0	0	0
1440.15	0	1	0	0	0
1439.15	0	1	0	0	0
1438.15	0	1	0	0	0
1437.15	0	1	0	0	0
1436.15	0	1	0	0	0
1435.15	0	1	0	0	0
1434.15	0	1	0	0	0
1433.15	0	1	0	0	0
1432.15	0	1	0	0	0
1431.15	0	1	0	0	0
1430.15	0	1	0	0	0
1429.15	0	1	0	0	0
1428.15	0	1	0	0	0
1427.15	0	1	0	0	0
1426.15	0	1	0	0	0
1425.15	0	1	0	0	0
1424.15	0	1	0	0	0
1423.15	0	1	0	0	0
1422.15	0	1	0	0	0
1421.15	0	1	0	0	0
1420.15	0	1	0	0	0
1419.15	0	1	0	0	0
1418.15	0	1	0	0	0
1417.15	0	1	0	0	0
1416.15	0	1	0	0	0
1415.15	0	1	0	0	0
1414.15	0	1	0	0	0
1413.15	0	1	0	0	0
1412.15	0	1	0	0	0
1411.15	0	1	0	0	0
1410.15	0	1	0	0	0
1409.15	0	1	0	0	0
1408.15	0	1	0	0	0
1407.15	0	1	0	0	0
1406.15	0	1	0	0	0
1405.15	0	1	0	0	0
1404.15	0	1	0	0	0
1403.15	0	1	0	0	0
1402.15	0	1	0	0	0
1401.15	0	1	0	0	0
1400.15	0	1	0	0	0
1399.15	0	1	0	0	0
1398.15	0	1	0	0	0
1397.15	0	1	0	0	0
1396.15	0	1	0	0	0
1395.15	0	1	0	0	0
1394.15	0	1	0	0	0
1393.15	0	1	0	0	0
1392.15	0	1	0	0	0
1391.15	0	1	0	0	0
1390.15	0	1	0	0	0
1389.15	0	1	0	0	0
1388.15	0	1	0	0	0
1387.15	0	1	0	0	0
1386.15	0	1	0	0	0
1385.15	0	1	0	0	0
1384.15	0	1	0	0	0
1383.15	0	1	0	0	0
1382.15	0	1	0	0	0
1381.15	0	1	0	0	0
1380.15	0	1	0	0	0
1379.15	0	1	0	0	0
1378.15	0	1	0	0	0
1377.15	0	1	0	0	0
1376.15	0	1	0	0	0
1375.15	0	1	0	0	0
1374.15	0	1	0	0	0
1373.15	0	1	0	0	0
1372.15	0	1	0	0	0
1371.15	0	1	0	0	0
1370.15	0	1	0	0	0
1369.15	0	1	0	0	0
1368.15	0	1	0	0	0
1367.15	0	1	0	0	0
1366.15	0	1	0	0	0
1365.15	0	1	0	0	0
1364.15	0	1	0	0	0
1363.15	0	1	0	0	0
1362.15	0	1	0	0	0
1361.15	0	1	0	0	0
1360.15	0	1	0	0	0
1359.15	0	1	0	0	0
1358.15	0	1	0	0	0
1357.15	0	1	0	0	0
1356.15	0	1	0	0	0
1355.15	0	1	0	0	0
1354.15	0	1	0	0	0
1353.15	0	1	0	0	0
1352.15	0	1	0	0	0
1351.15	0	1	0	0	0
1350.15	0	1	0	0	0
1349.15	0	1	0	0	0
1348.15	0	1	0	0	0
1347.15	0	1	0	0	0
1346.15	0	1	0	0	0
1345.15	0	1	0	0	0
1344.15	0	1	0	0	0
1343.15	0	1	0	0	0
1342.15	0	1	0	0	0
1341.15	0	1	0	0	0
1340.15	0	1	0	0	0
1339.15	0	1	0	0	0
1338.15	0	1	0	0	0
1337.15	0	1	0	0	0
1336.15	0	1	0	0	0
1335.15	0	1	0	0	0
1334.15	0	1	0	0	0
1333.15	0	1	0	0	0
1332.15	0	1	0	0	0
1331.15	0	1	0	0	0
1330.15	0	1	0	0	0
1329.15	0	1	0	0	0
1328.15	0	1	0	0	0
1327.15	0	1	0	0	0
1326.15	0	1	0	0	0
1325.15	0	1	0	0	0
1324.15	0	1	0	0	0
1323.15	0	1	0	0	0
1322.15	0	1	0	0	0
1321.15	0	1	0	0	0
1320.15	0	1	0	0	0
1319.15	0	1	0	0	0
1318.15	0	1	0	0	0
1317.15	0	1	0	0	0
1316.15	0	1	0	0	0
1315.15	0	1	0	0	0
1314.15	0	1	0	0	0
1313.15	0	1	0	0	0
1312.15	0	1	0	0	0
1311.15	0	1	0	0	0
1310.15	0	1	0	0	0
1309.15	0	1	0	0	0
1308.15	0	1	0	0	0
1307.15	0	1	0	0	0
1306.15	0	1	0	0	0
1305.15	0	1	0	0	0
1304.15	0	1	0	0	0
1303.15	0	1	0	0	0
1302.15	0	1	0	0	0
1301.15	0	1	0	0	0
1300.15	0	1	0	0	0
1299.15	0	1	0	0	0
1298.15	0	1	0	0	0
1297.15	0	1	0	0	0
1296.15	0	1	0	0	0
1295.15	0	1	0	0	0
1294.15	0	1	0	0	0
1293.15	0	1	0	0	0
1292.15	0	1	0	0	0
1291.15	0	1	0	0	0
1290.15	0	1	0	0	0
1289.15	0	1	0	0	0
1288.15	0	1	0	0	0
1287.15	0	1	0	0	0
1286.15	0	1	0	0	0
1285.15	0	1	0	0	0
1284.15	0	1	0	0	0
1283.15	0	1	0	0	0
1282.15	0	1	0	0	0
1281.15	0	1	0	0	0
1280.15	0	1	0	0	0
1279.15	0	1	0	0	0
1278.15	0	1	0	0	0
1277.15	0	1	0	0	0
1276.15	0	1	0	0	0
1275.15	0	1	0	0	0
1274.15	0	1	0	0	0
1273.15	0	1	0	0	0
1272.15	0	1	0	0	0
1271.15	0	1	0	0	0
1270.15	0	1	0	0	0
1269.15	0	1	0	0	0
1268.15	0	1	0	0	0
1267.15	0	1	0	0	0
1266.15	0	1	0	0	0
1265.15	0	1	0	0	0
1264.15	0	1	0	0	0
1263.15	0	1	0	0	0
1262.15	0	1	0	0	0
1261.15	0	1	0	0	0
1260.15	0	1	0	0	0
1259.15	0	1	0	0	0
1258.15	0	1	0	0	0
1257.15	0	1	0	0	0
1256.15	0	1	0	0	0
1255.15	0	1	0	0	0
1254.15	0	1	0	0	0
1253.15	0	1	0	0	0
1252.15	0	1	0	0	0
1251.15	0	1	0	0	0
1250.15	0	1	0	0	0
1249.15	0	1	0	0	0
1248.15	0	1	0	0	0
1247.15	0	1	0	0	0
1246.15	0	1	0	0	0
1245.15	0	1	0	0	0
1244.15	0	1	0	0	0
1243.15	0	1	0	0	0
1242.15	0	1	0	0	0
1241.15	0	1	0	0	0
1240.15	0	1	0	0	0
1239.15	0	1	0	0	0
1238.15	0	1	0	0	0
1237.15	0	1	0	0	0
1236.15	0	1	0	0	0
1235.15	0	1	0	0	0
1234.15	0	1	0	0	0
1233.15	0	1	0	0	0
1232.15	0	1	0	0	0
1231.15	0	1	0	0	0
1230.15	0	1	0	0	0
1229.15	0	1	0	0	0
1228.15	0	1	0	0	0
1227.15	0	1	0	0	0
1226.15	0	1	0	0	0
1225.15	0	1	0	0	0
1224.15	0	1	0	0	0
1223.15	0	1	0	0	0
1222.15	0	1	0	0	0
1221.15	0	1	0	0	0
1220.15	0	1	0	0	0
1219.15	0	1	0	0	0
1218.15	0	1	0	0	0
1217.15	0	1	0	0	0
1216.15	0	1	0	0	0
1215.15	0	1	0	0	0
1214.15	0	1	0	0	0
1213.15	0	1	0	0	0
1212.15	0	1	0	0	0
1211.15	0	1	0	0	0
1210.15	0	1	0	0	0
1209.15	0	1	0	0	0
1208.15	0	1	0	0	0
1207.15	0	1	0	0	0
1206.15	0	1	0	0	0
1205.15	0	1	0	0	0
1204.15	0	1	0	0	0
1203.15	0	1	0	0	0
1202.15	0	1	0	0	0
1201.15	0	1	0	0	0
1200.15	0	1	0	0	0
1199.15	0	1	0	0	0
1198.15	0	1	0	0	0
1197.15	0	1	0	0	0
1196.15	0	1	0	0	0
1195.15	0	1	0	0	0
1194.15	0	1	0	0	0
1193.15	0	1	0	0	0
1192.15	0	1	0	0	0
1191.15	0	1	0	0	0
1190.15	0	1	0	0	0
1189.15	0	1	0	0	0
1188.15	0	1	0	0	0
1187.15	0	1	0	0	0
1186.15	0	1	0	0	0
1185.15	0	1	0	0	0
1184.15	0	1	0	0	0
1183.15	0	1	0	0	0
1182.15	0	1	0	0	0
1181.15	0	1	0	0	0
1180.15	0	1	0	0	0
1179.15	0	1	0	0	0
1178.15	0	1	0	0	0
1177.15	0	1	0	0	0
1176.15	0	1	0	0	0
1175.15	0	1	0	0	0
1174.15	0	1	0	0	0
1173.15	0	1	0	0	0
1172.15	0	1	0	0	0
1171.15	0	1	0	0	0
1170.15	0	1	0	0	0
1169.15	0	1	0	0	0
1168.15	0	1	0	0	0
1167.15	0	1	0	0	0
1166.15	0	1	0	0	0
1165.15	0	1	0	0	0
1164.15	0	1	0	0	0
1163.15	0	1	0	0	0
1162.15	0	1	0	0	0
1161.15	0	1	0	0	0
1160.15	0	1	0	0	0
1159.15	0	1	0	0	0
1158.15	0	1	0	0	0
1157.15	0	1	0	0	0
1156.15	0	1	0	0	0
1155.15	0	1	0	0	0
1154.15	0	1	0	0	0
1153.15	0	1	0	0	0
1152.15	0	1	0	0	0
1151.15	0	1	0	0	0
1150.15	0	1	0	0	0
1149.15	0	1	0	0	0
1148.15	0	1	0	0	0
1147.15	0	1	0	0	0
1146.15	0	1	0	0	0
1145.15	0	1	0	0	0
1144.15	0	1	0	0	0
1143.15	0	1	0	0	0
1142.15	0	1	0	0	0
1141.15	0	1	0	0	0
1140.15	0	1	0	0	0
1139.15	0	1	0	0	0
1138.15	0	1	0	0	0
1137.15	0	1	0	0	0
1136.15	0	1	0	0	0
1135.15	0	1	0	0	0
1134.15	0	1	0	0	0
1133.15	0	1	0	0	0
1132.15	0	1	0	0	0
1131.15	0	1	0	0	0
1130.15	0	1	0	0	0
1129.15	0	1	0	0	0
1128.15	0	1	0	0	0
1127.15	0	1	0	0	0
1126.15	0	1	0	0	0
1125.15	0	1	0	0	0
1124.15	0	1	0	0	0
1123.15	0	1	0	0	0
1122.15	0	1	0	0	0
1121.15	0	1	0	0	0
1120.15	0	1	0	0	0
1119.15	0	1	0	0	0
1118.15	0	1	0	0	0
1117.15	0	1	0	0	0
1116.15	0	1	0	0	0
1115.15	0	1	0	0	0
1114.15	0	1	0	0	0
1113.15	0	1	0	0	0
1112.15	0	1	0	0	0
1111.15	0	1	0	0	0
1110.15	0	1	0	0	0
1109.15	0	1	0	0	0
1108.15	0	1	0	0	0
1107.15	0	1	0	0	0
1106.15	0	1	0	0	0
1105.15	0	1	0	0	0
1104.15	0	1	0	0	0
1103.15	0	1	0	0	0
1102.15	0	1	0	0	0
1101.15	0	1	0	0	0
1100.15	0	1	0	0	0
1099.15	0	1	0	0	0
1098.15	0	1	0	0	0
1097.15	0	1	0	0	0
1096.15	0	1	0	0	0
1095.15	0	1	0	0	0
1094.15	0	1	0	0	0
1093.15	0	1	0	0	0
1092.15	0	1	0	0	0
1092.145	0	1	0	0	0
1092.145	0	1	0	0	0
1092.145	0	1	0	0	0
1091.15	0	.9988239	.001176057	0	0
1090.15	0	.9976452	.002354788	0	0
1089.15	0	.9964701	.003529943	0	0
1088.15	0	.9952985	.004701514	0	0
1087.15	0	.9941305	.005869494	0	0
1086.15	0	.9929661	.007033876	0	0
1085.15	0	.9918053	.008194653	0	0
1084.15	0	.9906482	.009351818	0	0
1083.15	0	.9894946	.01050536	0	0
1082.15	0	.9883447	.01165528	0	0
1081.15	0	.9871984	.01280157	0	0
1080.15	0	.9860558	.01394421	0	0
1079.15	0	.9849168	.0150832	0	0
1078.15	0	.9837815	.01621854	0	0
1077.15	0	.9826498	.01735022	0	0
1076.15	0	.9815218	.01847822	0	0
1075.15	0	.9803975	.01960255	0	0
1074.15	0	.9792768	.02072319	0	0
1073.15	0	.9781599	.02184014	0	0
1072.15	0	.9770466	.02295339	0	0
1071.15	0	.9759371	.02406293	0	0
1070.15	0	.9748312	.02516876	0	0
1069.15	0	.9737291	.02627086	0	0
1068.15	0	.9726308	.02736924	0	0
1067.15	0	.9715361	.02846387	0	0
1066.15	0	.9704452	.02955476	0	0
1065.15	0	.9693581	.0306419	0	0
1064.15	0	.9682747	.03172527	0	0
1063.15	0	.9671951	.03280488	0	0
1062.15	0	.9661193	.03388071	0	0
1061.15	0	.9650472	.03495276	0	0
1060.15	0	.963979	.03602101	0	0
1059.15	0	.9629145	.03708547	0	0
1058.15	0	.9618539	.03814612	0	0
1057.15	0	.9607971	.03920295	0	0
1056.15	0	.959744	.04025597	0	0
1055.15	0	.9586949	.04130515	0	0
1054.15	0	.9576495	.04235049	0	0
1053.15	0	.956608	.04339199	0	0
1052.15	0	.9555704	.04442964	0	0
1051.15	0	.9545366	.04546342	0	0
1050.15	0	.9535067	.04649334	0	0
1049.15	0	.9524806	.04751937	0	0
1048.15	0	.9514585	.04854153	0	0
1047.15	0	.9504402	.04955979	0	0
1046.15	0	.9494259	.05057415	0	0
1045.15	0	.9484154	.05158461	0	0
1044.15	0	.9474089	.05259114	0	0
1043.15	0	.9464062	.05359376	0	0
1042.15	0	.9454076	.05459244	0	0
1041.15	0	.9444128	.05558719	0	0
1040.15	0	.943422	.05657799	0	0
1039.15	0	.9424352	.05756483	0	0
1038.15	0	.9414523	.05854772	0	0
1037.15	0	.9404734	.05952663	0	0
1036.15	0	.9394984	.06050157	0	0
1035.15	0	.9385275	.06147253	0	0
1034.15	0	.9375605	.06243949	0	0
1033.15	0	.9365976	.06340245	0	0
1032.15	0	.9356386	.06436141	0	0
1031.15	0	.9346837	.06531635	0	0
1030.15	0	.9337327	.06626727	0	0
1029.15	0	.9327858	.06721416	0	0
1028.15	0	.931843	.06815701	0	0
1027.15	0	.9309042	.06909582	0	0
1026.15	0	.9299694	.07003058	0	0
1025.15	0	.9290387	.07096128	0	0
1024.15	0	.9281121	.07188792	0	0
1023.15	0	.9271895	.07281049	0	0
1022.15	0	.926271	.07372897	0	0
1021.15	0	.9253566	.07464337	0	0
1020.15	0	.9244463	.07555368	0	0
1019.15	0	.9235401	.07645988	0	0
1018.15	0	.922638	.07736198	0	0
1017.15	0	.92174	.07825997	0	0
1016.15	0	.9208462	.07915384	0	0
1015.15	0	.9199564	.08004358	0	0
1014.15	0	.9190708	.08092919	0	0
1013.15	0	.9181893	.08181066	0	0
1012.15	0	.917312	.08268799	0	0
1011.15	0	.9164388	.08356116	0	0
1010.15	0	.9155698	.08443018	0	0
1009.15	0	.914705	.08529503	0	0
1008.15	0	.9138443	.08615572	0	0
1007.15	0	.9129878	.08701223	0	0
1006.15	0	.9121354	.08786457	0	0
1005.15	0	.9112873	.08871272	0	0
1004.15	0	.9104433	.08955668	0	0
1003.15	0	.9096036	.09039644	0	0
1002.15	0	.908768	.091232	0	0
1001.15	0	.9079366	.09206336	0	0
1000.15	0	.9071095	.09289051	0	0
999.15	0	.9062865	.09371345	0	0
998.15	0	.9054678	.09453217	0	0
997.15	0	.9046533	.09534666	0	0
996.15	0	.9038431	.09615694	0	0
995.15	0	.903037	.09696298	0	0
994.15	0	.9022352	.09776479	0	0
993.15	0	.9014376	.09856236	0	0
992.15	0	.9006443	.09935569	0	0
991.15	0	.8998552	.1001448	0	0
990.15	0	.8990704	.1009296	0	0
989.15	0	.8982898	.1017102	0	0
988.15	0	.8975134	.1024866	0	0
987.15	0	.8967413	.1032587	0	0
986.15	0	.8959735	.1040266	0	0
985.15	0	.8952099	.1047902	0	0
984.15	0	.8944505	.1055495	0	0
983.15	0	.8936954	.1063046	0	0
982.15	0	.8929446	.1070554	0	0
981.15	0	.892198	.107802	0	0
980.15	0	.8914557	.1085443	0	0
979.15	0	.8907176	.1092824	0	0
978.15	0	.8899838	.1100162	0	0
977.15	0	.8892542	.1107458	0	0
976.15	0	.8885289	.1114712	0	0
975.15	0	.8878078	.1121922	0	0
974.15	0	.8870909	.1129091	0	0
973.15	0	.8863783	.1136217	0	0
972.15	0	.88567	.11433	0	0
971.15	0	.8849658	.1150342	0	0
970.15	0	.8842659	.1157341	0	0
969.15	0	.8835703	.1164297	0	0
968.15	0	.8828788	.1171212	0	0
967.15	0	.8821915	.1178085	0	0
966.15	0	.8815085	.1184915	0	0
965.15	0	.8808296	.1191704	0	0
964.15	0	.8801549	.1198451	0	0
963.15	0	.8794844	.1205156	0	0
962.15	0	.8788181	.1211819	0	0
961.15	0	.878156	.1218441	0	0
960.15	0	.8774979	.1225021	0	0
959.15	0	.8768441	.1231559	0	0
958.15	0	.8761943	.1238057	0	0
957.15	0	.8755487	.1244513	0	0
956.15	0	.8749071	.1250929	0	0
955.15	0	.8742697	.1257303	0	0
954.15	0	.8736363	.1263637	0	0
953.15	0	.8730069	.1269931	0	0
952.15	0	.8723816	.1276184	0	0
951.15	0	.8717603	.1282397	0	0
950.15	0	.8711431	.1288569	0	0
949.15	0	.8705298	.1294702	0	0
948.15	0	.8699204	.1300796	0	0
947.15	0	.869315	.130685	0	0
946.15	0	.8687135	.1312865	0	0
945.15	0	.8681159	.1318841	0	0
944.15	0	.8675221	.1324779	0	0
943.15	0	.8669322	.1330678	0	0
942.15	0	.8663461	.1336539	0	0
941.15	0	.8657637	.1342363	0	0
940.15	0	.8651851	.1348149	0	0
939.15	0	.8646103	.1353897	0	0
938.15	0	.8640391	.1359609	0	0
937.15	0	.8634715	.1365285	0	0
936.8654	0	.8633106	.1366894	0	0
936.8654	0	.8633106	.1366894	0	0
936.8654	0	.8633106	.1366894	0	0
936.15	0	.8628251	.1370136	1.61328E-04	0
935.15	0	.8621497	.1374646	3.856934E-04	0
934.15	0	.8614784	.137913	6.087074E-04	0
933.15	0	.8608109	.1383588	8.303597E-04	0
932.15	0	.8601473	.1388021	.00105064	0
931.15	0	.8594876	.1392429	.001269537	0
930.15	0	.8588316	.1396813	.00148704	0
929.15	0	.8581795	.1401174	.001703137	0
928.15	0	.8575311	.1405511	.001917817	0
927.15	0	.8568863	.1409826	.002131068	0
926.15	0	.8562453	.1414118	.002342877	0
925.15	0	.8556078	.1418389	.002553232	0
924.15	0	.8549739	.142264	.00276212	0
923.15	0	.8543435	.142687	.002969527	0
922.15	0	.8537166	.143108	.00317544	0
921.15	0	.8530931	.1435271	.003379845	0
920.15	0	.8524729	.1439443	.003582728	0
919.15	0	.8518561	.1443598	.003784073	0
918.15	0	.8512425	.1447736	.003983865	0
917.15	0	.8506321	.1451858	.004182089	0
916.15	0	.8500248	.1455965	.004378728	0
915.15	0	.8494206	.1460056	.004573767	0
914.15	0	.8488194	.1464134	.004767187	0
913.15	0	.8482211	.1468199	.004958972	0
912.15	0	.8476257	.1472252	.005149104	0
911.15	0	.8470331	.1476293	.005337564	0
910.15	0	.8464432	.1480324	.005524333	0
909.15	0	.845856	.1484346	.005709391	0
908.15	0	.8452713	.148836	.005892719	0
907.15	0	.8446891	.1492366	.006074294	0
906.15	0	.8441093	.1496366	.006254098	0
905.15	0	.8435318	.1500361	.006432106	0
904.15	0	.8429565	.1504352	.006608296	0
903.15	0	.8423833	.1508341	.006782646	0
902.15	0	.8418121	.1512328	.00695513	0
901.15	0	.8412428	.1516315	.007125724	0
900.15	0	.8406753	.1520303	.007294402	0
899.15	0	.8401096	.1524293	.007461138	0
898.15	0	.8395454	.1528288	.007625904	0
897.15	0	.8389826	.1532287	.007788671	0
896.15	0	.8384212	.1536294	.007949411	0
895.15	0	.8378609	.154031	.008108093	0
894.15	0	.8373018	.1544336	.008264686	0
893.15	0	.8367435	.1548373	.008419157	0
892.15	0	.836186	.1552425	.008571473	0
891.15	0	.8356292	.1556492	.008721599	0
890.15	0	.8350728	.1560577	.008869499	0
889.15	0	.8345167	.1564681	.009015135	0
888.15	0	.8339608	.1568808	.009158468	0
887.15	0	.8334048	.1572958	.009299458	0
886.15	0	.8328485	.1577134	.009438064	0
885.15	0	.8322919	.1581339	.009574241	0
884.15	0	.8317346	.1585575	.009707945	0
883.15	0	.8311765	.1589844	.009839127	0
882.15	0	.8306172	.159415	.009967739	0
881.15	0	.8300567	.1598495	.01009373	0
880.15	0	.8294947	.1602883	.01021704	0
879.15	0	.8289309	.1607315	.01033763	0
878.15	0	.828365	.1611796	.01045542	0
877.15	0	.8277968	.1616328	.01057036	0
876.15	0	.827226	.1620917	.01068239	0
875.15	0	.8266522	.1625564	.01079144	0
874.15	0	.8260752	.1630274	.01089743	0
873.15	0	.8254946	.1635051	.01100029	0
872.15	0	.8249101	.16399	.01109995	0
871.15	0	.8243212	.1644825	.01119633	0
870.15	0	.8237276	.164983	.01128932	0
869.15	0	.823129	.1654922	.01137886	0
868.15	0	.8225247	.1660105	.01146483	0
867.15	0	.8214674	.167016	.01151659	0
866.15	0	.8204093	.1680278	.0115629	0
865.15	0	.8193984	.1689945	.01160718	0
864.15	0	.8184325	.169918	.01164948	0
863.15	0	.8175098	.1708004	.01168989	0
862.15	0	.8166283	.1716433	.01172845	0
861.15	0	.8157862	.1724486	.01176522	0
860.15	0	.8149818	.173218	.01180028	0
859.15	0	.8142134	.1739529	.01183365	0
858.15	0	.8134795	.1746551	.01186539	0
857.15	0	.8127786	.1753258	.01189555	0
856.15	0	.8121092	.1759666	.01192416	0
855.15	0	.81147	.1765787	.01195127	0
854.15	0	.8108597	.1771634	.01197692	0
853.15	0	.8102769	.177722	.01200114	0
852.15	0	.8097205	.1782556	.01202397	0
851.15	0	.8091893	.1787652	.01204543	0
850.15	0	.8086823	.1792521	.01206557	0
849.15	0	.8081984	.1797172	.01208441	0
848.15	0	.8077366	.1801615	.01210198	0
847.15	0	.8072958	.1805859	.01211831	0
846.15	0	.8068753	.1809913	.01213343	0
845.15	0	.8064741	.1813786	.01214736	0
844.15	0	.8060913	.1817486	.01216013	0
843.15	0	.8057261	.1821021	.01217176	0
842.15	0	.8053779	.1824399	.01218228	0
841.15	0	.8050457	.1827626	.0121917	0
840.15	0	.8047289	.183071	.01220007	0
839.15	0	.8044269	.1833657	.01220738	0
838.15	0	.8041389	.1836475	.01221368	0
837.15	0	.8038643	.1839167	.01221897	0
836.15	0	.8036025	.1841742	.01222328	0
835.15	0	.803353	.1844204	.01222662	0
834.15	0	.8031151	.1846558	.01222903	0
833.15	0	.8028885	.184881	.01223051	0
832.15	0	.8026724	.1850965	.01223108	0
831.15	0	.8024665	.1853027	.01223077	0
830.15	0	.8022702	.1855002	.01222959	0
829.15	0	.8020832	.1856892	.01222756	0
828.15	0	.801905	.1858703	.0122247	0
827.15	0	.8017352	.1860438	.01222102	0
826.15	0	.8015734	.1862101	.01221653	0
825.15	0	.8014191	.1863696	.01221127	0
824.15	0	.8012722	.1865226	.01220523	0
823.15	0	.8011321	.1866695	.01219844	0
822.15	0	.8009985	.1868106	.01219091	0
821.15	0	.8008712	.1869461	.01218265	0
820.15	0	.8007499	.1870764	.01217369	0
819.15	0	.8006342	.1872018	.01216403	0
818.15	0	.8005238	.1873225	.01215369	0
817.15	0	.8004186	.1874388	.01214268	0
816.15	0	.8003181	.1875509	.01213101	0
815.15	0	.8002223	.187659	.01211871	0
814.15	0	.8001308	.1877635	.01210577	0
813.15	0	.8000434	.1878644	.01209222	0
812.15	0	.79996	.187962	.01207806	0
811.15	0	.7998802	.1880565	.01206332	0
810.15	0	.799804	.1881481	.01204799	0
809.15	0	.799731	.1882369	.01203209	0
808.15	0	.7996612	.1883231	.01201563	0
807.15	0	.7995944	.188407	.01199863	0
806.15	0	.7995304	.1884886	.01198109	0
805.15	0	.799469	.188568	.01196302	0
804.15	0	.7994101	.1886455	.01194444	0
803.15	0	.7993535	.1887211	.01192535	0
802.15	0	.7992992	.1887951	.01190577	0
801.15	0	.7992469	.1888674	.0118857	0
800.15	0	.7991966	.1889383	.01186515	0
799.15	0	.7991481	.1890077	.01184414	0
798.15	0	.7991014	.189076	.01182266	0
797.15	0	.7990562	.189143	.01180074	0
796.15	0	.7990126	.189209	.01177837	0
795.15	0	.7989704	.1892741	.01175557	0
794.15	0	.7989295	.1893382	.01173234	0
793.15	0	.7988898	.1894015	.0117087	0
792.15	0	.7988513	.1894641	.01168465	0
791.15	0	.7988138	.189526	.01166019	0
790.15	0	.7987773	.1895874	.01163534	0
789.15	0	.7987417	.1896482	.01161011	0
788.15	0	.798707	.1897085	.01158449	0
787.15	0	.798673	.1897685	.0115585	0
786.15	0	.7986397	.1898281	.01153214	0
785.15	0	.7986071	.1898874	.01150542	0
784.15	0	.7985751	.1899465	.01147835	0
783.15	0	.7985437	.1900054	.01145093	0
782.15	0	.7985127	.1900642	.01142316	0
781.15	0	.7984821	.1901228	.01139507	0
780.15	0	.798452	.1901814	.01136664	0
779.15	0	.7984221	.19024	.01133789	0
778.15	0	.7983926	.1902985	.01130882	0
777.15	0	.7983634	.1903572	.01127944	0
776.15	0	.7983344	.1904159	.01124975	0
775.15	0	.7983056	.1904747	.01121976	0
774.15	0	.7982769	.1905336	.01118947	0
773.15	0	.7982484	.1905927	.01115889	0
772.15	0	.79822	.190652	.01112802	0
771.15	0	.7981916	.1907115	.01109687	0
770.15	0	.7981633	.1907712	.01106545	0
769.15	0	.798135	.1908312	.01103374	0
768.15	0	.7981067	.1908915	.01100177	0
767.15	0	.7980784	.1909521	.01096954	0
766.15	0	.79805	.1910129	.01093705	0
765.15	0	.7980216	.1910741	.0109043	0
764.15	0	.7979931	.1911356	.0108713	0
763.15	0	.7979645	.1911975	.01083805	0
762.15	0	.7979357	.1912597	.01080456	0
761.15	0	.7979068	.1913224	.01077082	0
760.15	0	.7978778	.1913854	.01073685	0
759.15	0	.7978486	.1914488	.01070265	0
758.15	0	.7978192	.1915126	.01066822	0
757.15	0	.7977897	.1915768	.01063357	0
756.15	0	.7977599	.1916414	.01059869	0
755.15	0	.79773	.1917065	.0105636	0
754.15	0	.7976998	.1917719	.01052829	0
753.15	0	.7976694	.1918379	.01049277	0
752.15	0	.7976387	.1919042	.01045704	0
751.15	0	.7976079	.191971	.01042111	0
750.15	0	.7975767	.1920383	.01038498	0
749.15	0	.7975454	.192106	.01034864	0
748.15	0	.7975137	.1921742	.01031211	0
747.15	0	.7974818	.1922428	.01027539	0
746.15	0	.7974496	.1923119	.01023848	0
745.15	0	.7974172	.1923814	.01020138	0
744.15	0	.7973845	.1924514	.0101641	0
743.15	0	.7973515	.1925219	.01012663	0
742.15	0	.7973182	.1925928	.01008899	0
741.15	0	.7972846	.1926642	.01005117	0
740.15	0	.7972507	.1927361	.01001318	0
739.15	0	.7972166	.1928084	.009975019	0
738.15	0	.7971822	.1928812	.009936689	0
737.15	0	.7971474	.1929544	.009898194	0
736.15	0	.7971124	.1930281	.009859536	0
735.15	0	.7970771	.1931022	.009820717	0
734.15	0	.7970415	.1931768	.009781741	0
733.15	0	.7970056	.1932518	.009742609	0
732.15	0	.7969694	.1933273	.009703323	0
731.15	0	.7969329	.1934032	.009663887	0
730.15	0	.7968961	.1934796	.009624303	0
729.15	0	.796859	.1935564	.009584572	0
728.15	0	.7968217	.1936337	.009544697	0
727.15	0	.796784	.1937113	.00950468	0
726.15	0	.796746	.1937894	.009464523	0
725.15	0	.7967078	.193868	.00942423	0
724.15	0	.7966693	.1939469	.009383801	0
723.15	0	.7966305	.1940263	.009343238	0
722.15	0	.7965914	.1941061	.009302545	0
721.15	0	.796552	.1941863	.009261723	0
720.15	0	.7965124	.1942669	.009220773	0
719.15	0	.7964724	.1943479	.009179699	0
718.15	0	.7964322	.1944293	.009138502	0
717.15	0	.7963918	.1945111	.009097184	0
716.15	0	.796351	.1945932	.009055747	0
715.15	0	.7963118	.1946746	.009013666	0
714.15	0	.7962703	.1947576	.008972038	0
713.15	0	.7962287	.1948411	.008930295	0
712.15	0	.7961867	.1949248	.008888438	0
711.15	0	.7961446	.195009	.008846468	0
710.15	0	.7961021	.1950935	.008804389	0
709.15	0	.7960595	.1951783	.008762203	0
708.15	0	.7960166	.1952635	.00871991	0
707.15	0	.7959734	.1953491	.008677513	0
706.15	0	.7959301	.1954349	.008635014	0
705.15	0	.7958865	.1955211	.008592414	0
704.15	0	.7958426	.1956077	.008549716	0
703.15	0	.7957985	.1956945	.008506922	0
702.15	0	.7957542	.1957817	.008464032	0
701.15	0	.7957097	.1958692	.008421049	0
700.15	0	.795665	.195957	.008377976	0
699.15	0	.79562	.1960452	.008334812	0
698.15	0	.7955749	.1961336	.008291561	0
697.15	0	.7955295	.1962223	.008248224	0
696.15	0	.7954839	.1963113	.008204802	0
695.15	0	.7954381	.1964006	.008161298	0
694.15	0	.7953921	.1964902	.008117713	0
693.15	0	.7953459	.19658	.008074049	0
692.15	0	.7952995	.1966702	.008030307	0
691.15	0	.7952529	.1967606	.007986489	0
690.15	0	.7952062	.1968512	.007942596	0
689.15	0	.7951592	.1969422	.007898631	0
688.15	0	.7951121	.1970334	.007854595	0
687.15	0	.7950647	.1971248	.007810489	0
686.15	0	.7950172	.1972165	.007766316	0
685.15	0	.7949695	.1973084	.007722076	0
684.15	0	.7949217	.1974006	.007677771	0
683.15	0	.7948736	.197493	.007633403	0
682.15	0	.7948255	.1975856	.007588973	0
681.15	0	.7947771	.1976784	.007544483	0
680.15	0	.7947286	.1977715	.007499934	0
679.15	0	.7946799	.1978648	.007455328	0
678.15	0	.7946311	.1979583	.007410666	0
677.15	0	.7945821	.198052	.007365951	0
676.15	0	.794533	.1981459	.007321182	0
675.15	0	.7944837	.1982399	.007276362	0
674.15	0	.7944343	.1983342	.007231492	0
673.15	0	.7943847	.1984287	.007186574	0
672.15	0	.794335	.1985234	.007141609	0
671.15	0	.7942852	.1986182	.007096598	0
670.15	0	.7942353	.1987132	.007051544	0
669.15	0	.7941852	.1988084	.007006446	0
668.15	0	.794135	.1989037	.006961308	0
667.15	0	.7940846	.1989993	.006916129	0
666.15	0	.7940342	.1990949	.006870912	0
665.15	0	.7939836	.1991907	.006825657	0
664.15	0	.7939329	.1992867	.006780367	0
663.15	0	.7938821	.1993828	.006735043	0
662.15	0	.7938312	.1994791	.006689685	0
661.15	0	.7937802	.1995755	.006644295	0
660.15	0	.7937291	.199672	.006598876	0
659.15	0	.7936779	.1997686	.006553427	0
658.15	0	.7936266	.1998654	.00650795	0
657.15	0	.7935752	.1999623	.006462447	0
656.15	0	.7935238	.2000593	.006416919	0
655.15	0	.7934722	.2001565	.006371367	0
654.15	0	.7934205	.2002537	.006325792	0
653.15	0	.7933688	.200351	.006280196	0
652.15	0	.793317	.2004485	.006234581	0
651.15	0	.7932651	.200546	.006188946	0
650.15	0	.7932131	.2006436	.006143294	0
649.15	0	.793161	.2007413	.006097626	0
648.15	0	.7931089	.2008391	.006051943	0
647.15	0	.7930567	.200937	.006006247	0
646.15	0	.7930045	.201035	.005960538	0
645.15	0	.7929522	.201133	.005914818	0
644.15	0	.7928998	.2012311	.005869088	0
643.15	0	.7928474	.2013293	.005823349	0
642.15	0	.7927949	.2014275	.005777603	0
641.15	0	.7927424	.2015258	.00573185	0
640.15	0	.7926898	.2016241	.005686093	0
639.15	0	.7926371	.2017225	.005640331	0
638.15	0	.7925845	.201821	.005594567	0
637.15	0	.7925318	.2019195	.005548802	0
636.15	0	.792479	.202018	.005503036	0
635.15	0	.7924262	.2021165	.005457272	0
634.15	0	.7923734	.2022151	.005411509	0
633.15	0	.7923205	.2023138	.00536575	0
632.15	0	.7922676	.2024124	.005319995	0
631.15	0	.7922147	.2025111	.005274246	0
630.15	0	.7921617	.2026098	.005228503	0
629.15	0	.7921087	.2027085	.005182769	0
628.15	0	.7920557	.2028072	.005137043	0
627.15	0	.7920027	.202906	.005091328	0
626.15	0	.7919497	.2030047	.005045625	0
625.15	0	.7918966	.2031034	.004999934	0
624.15	0	.7918436	.2032022	.004954256	0
623.15	0	.7917905	.2033009	.004908594	0
622.15	0	.7917374	.2033996	.004862947	0
621.15	0	.7916843	.2034984	.004817317	0
620.15	0	.7916312	.2035971	.004771706	0
619.15	0	.7915781	.2036958	.004726114	0
618.15	0	.791525	.2037944	.004680542	0
617.15	0	.791472	.2038931	.004634992	0
616.15	0	.7914189	.2039917	.004589465	0
615.15	0	.7913658	.2040903	.004543961	0
614.15	0	.7913127	.2041888	.004498482	0
613.15	0	.7912596	.2042873	.004453029	0
612.15	0	.7912066	.2043858	.004407603	0
611.15	0	.7911535	.2044843	.004362205	0
610.15	0	.7911005	.2045827	.004316836	0
609.15	0	.7910475	.204681	.004271498	0
608.15	0	.7909945	.2047793	.004226191	0
607.15	0	.7909415	.2048776	.004180916	0
606.15	0	.7908886	.2049758	.004135674	0
605.15	0	.7908356	.2050739	.004090468	0
604.15	0	.7907827	.205172	.004045296	0
603.15	0	.7907299	.20527	.004000162	0
602.15	0	.790677	.2053679	.003955065	0
601.15	0	.7906242	.2054658	.003910007	0
600.15	0	.7905714	.2055636	.003864988	0
599.15	0	.7905187	.2056613	.003820011	0
598.15	0	.790466	.2057589	.003775075	0
597.15	0	.7904133	.2058565	.003730182	0
596.15	0	.7903607	.205954	.003685333	0
595.15	0	.7903081	.2060513	.003640529	0
594.15	0	.7902556	.2061486	.003595771	0
593.15	0	.7902031	.2062458	.00355106	0
592.15	0	.7901507	.2063429	.003506397	0
591.15	0	.7900983	.20644	.003461783	0
590.15	0	.7900459	.2065369	.003417219	0
589.15	0	.7899936	.2066337	.003372706	0
588.15	0	.7899414	.2067304	.003328246	0
587.15	0	.7898892	.206827	.003283838	0
586.15	0	.7898371	.2069234	.003239484	0
585.15	0	.789785	.2070198	.003195185	0
584.15	0	.789733	.207116	.003150943	0
583.15	0	.7896811	.2072122	.003106757	0
582.15	0	.7896292	.2073082	.00306263	0
581.15	0	.7895774	.2074041	.003018561	0
580.15	0	.7895256	.2074998	.002974553	0
579.15	0	.7894739	.2075955	.002930605	0
578.15	0	.7894223	.207691	.002886719	0
577.15	0	.7893708	.2077863	.002842896	0
576.15	0	.7893193	.2078816	.002799137	0
575.15	0	.7892679	.2079766	.002755443	0
574.15	0	.7892166	.2080716	.002711815	0
573.15	0	.7891653	.2081664	.002668253	0
572.15	0	.7891142	.2082611	.002624759	0
571.15	0	.7890631	.2083556	.002581334	0
570.15	0	.7890121	.20845	.002537978	0
569.15	0	.7889611	.2085442	.002494693	0
568.15	0	.7889103	.2086382	.00245148	0
567.15	0	.7888595	.2087321	.002408338	0
566.15	0	.7888089	.2088259	.00236527	0
565.15	0	.7887583	.2089195	.002322277	0
564.15	0	.7887078	.2090129	.002279358	0
563.15	0	.7886574	.2091061	.002236516	0
562.15	0	.788607	.2091992	.002193751	0
561.15	0	.7885568	.2092921	.002151064	0
560.15	0	.7885067	.2093849	.002108456	0
559.15	0	.7884567	.2094774	.002065927	0
558.15	0	.7884067	.2095698	.002023479	0
557.15	0	.7883569	.209662	.001981113	0
556.15	0	.7883071	.2097541	.001938829	0
555.15	0	.7882575	.2098459	.001896629	0
554.15	0	.7882079	.2099376	.001854513	0
553.15	0	.7881585	.210029	.001812483	0
552.15	0	.7881092	.2101203	.001770538	0
551.15	0	.7880599	.2102114	.001728681	0
550.15	0	.7880108	.2103023	.001686911	0
549.15	0	.7879618	.210393	.00164523	0
548.15	0	.7879129	.2104835	.001603639	0
547.15	0	.7878641	.2105738	.001562138	0
546.15	0	.7878154	.2106639	.001520729	0
545.15	0	.7877668	.2107538	.001479411	0
544.15	0	.7877183	.2108435	.001438187	0
543.15	0	.78767	.210933	.001397057	0
542.15	0	.7876217	.2110223	.001356022	0
541.15	0	.7875736	.2111113	.001315083	0
540.15	0	.7875256	.2112002	.00127424	0
539.15	0	.7874777	.2112888	.001233494	0
538.15	0	.7874299	.2113772	.001192846	0
537.15	0	.7873823	.2114654	.001152298	0
536.15	0	.7873347	.2115534	.00111185	0
535.8144	0	.7873188	.2115829	.001098297	0
535.8144	0	.7873188	.2115829	.001098297	0
535.8144	0	.7873188	.2115829	.001098297	0
535.15	0	.7875387	.2110844	8.371928E-04	5.397159E-04
534.15	0	.7878678	.2103369	4.453097E-04	.001350011
533.15	0	.7881947	.2095927	5.475688E-05	.002157863
533.0095	0	.7882404	.2094884	0	.002271151
533.0095	0	.7882404	.2094884	0	.002271151
532.15	0	.788242	.2092634	0	.002494639
531.15	0	.7882432	.2090034	0	.002753361
530.15	0	.7882439	.2087454	0	.003010709
529.15	0	.7882439	.2084894	0	.003266696
528.15	0	.7882433	.2082354	0	.003521335
527.15	0	.7882421	.2079832	0	.003774643
526.15	0	.7882404	.207733	0	.00402663
525.15	0	.7882381	.2074846	0	.004277313
524.15	0	.7882352	.2072381	0	.004526704
523.15	0	.7882317	.2069935	0	.004774816
522.15	0	.7882277	.2067506	0	.005021664
521.15	0	.7882232	.2065096	0	.00526726
520.15	0	.7882181	.2062703	0	.005511618
519.15	0	.7882125	.2060328	0	.005754752
518.15	0	.7882064	.205797	0	.005996673
517.15	0	.7881997	.2055629	0	.006237396
516.15	0	.7881926	.2053305	0	.006476932
515.15	0	.788185	.2050997	0	.006715296
514.15	0	.7881768	.2048707	0	.006952499
513.15	0	.7881682	.2046432	0	.007188554
512.15	0	.7881592	.2044174	0	.007423474
511.15	0	.7881496	.2041931	0	.007657272
510.15	0	.7881396	.2039704	0	.007889959
509.15	0	.7881292	.2037493	0	.008121548
508.15	0	.7881183	.2035297	0	.008352051
507.15	0	.7881069	.2033116	0	.008581481
506.15	0	.7880952	.203095	0	.008809849
505.15	0	.788083	.2028799	0	.009037166
504.15	0	.7880704	.2026662	0	.009263446
503.15	0	.7880573	.2024539	0	.009488699
502.15	0	.7880439	.2022431	0	.009712938
501.15	0	.7880301	.2020337	0	.009936174
500.15	0	.7880159	.2018257	0	.01015842
499.15	0	.7880013	.201619	0	.01037968
498.15	0	.7879863	.2014137	0	.01059997
497.15	0	.787971	.2012097	0	.01081931
496.15	0	.7879553	.201007	0	.0110377
495.15	0	.7879392	.2008056	0	.01125516
494.15	0	.7879228	.2006055	0	.01147168
493.15	0	.787906	.2004067	0	.0116873
492.15	0	.7878889	.200209	0	.01190201
491.15	0	.7878715	.2000127	0	.01211583
490.15	0	.7878537	.1998175	0	.01232876
489.15	0	.7878357	.1996235	0	.01254082
488.15	0	.7878173	.1994307	0	.01275203
487.15	0	.7877986	.1992391	0	.01296238
486.15	0	.7877795	.1990486	0	.01317188
485.15	0	.7877602	.1988592	0	.01338056
484.15	0	.7877406	.198671	0	.01358842
483.15	0	.7877208	.1984838	0	.01379546
482.15	0	.7877006	.1982977	0	.0140017
481.15	0	.7876802	.1981127	0	.01420716
480.15	0	.7876594	.1979287	0	.01441182
479.15	0	.7876385	.1977458	0	.01461572
478.15	0	.7876172	.1975639	0	.01481885
477.15	0	.7875958	.197383	0	.01502123
476.15	0	.787574	.1972031	0	.01522286
475.15	0	.7875521	.1970242	0	.01542375
474.15	0	.7875299	.1968462	0	.01562392
473.15	0	.7875075	.1966692	0	.01582337
472.15	0	.7874848	.1964931	0	.01602211
471.15	0	.7874619	.1963179	0	.01622015
470.15	0	.7874388	.1961437	0	.01641751
469.15	0	.7874155	.1959703	0	.01661417
468.15	0	.7873921	.1957978	0	.01681016
467.15	0	.7873684	.1956262	0	.01700549
466.15	0	.7873445	.1954554	0	.01720016
465.15	0	.7873204	.1952854	0	.01739417
464.15	0	.7872961	.1951163	0	.01758755
463.15	0	.7872717	.194948	0	.01778029
462.15	0	.7872471	.1947805	0	.01797241
461.15	0	.7872223	.1946138	0	.01816391
460.15	0	.7871974	.1944478	0	.0183548
459.15	0	.7871723	.1942826	0	.01854508
458.15	0	.7871471	.1941182	0	.01873477
457.15	0	.7871217	.1939545	0	.01892388
456.15	0	.7870961	.1937915	0	.01911241
455.15	0	.7870705	.1936292	0	.01930036
454.15	0	.7870446	.1934676	0	.01948775
453.15	0	.7870187	.1933067	0	.01967458
452.15	0	.7869927	.1931465	0	.01986086
451.15	0	.7869665	.1929869	0	.0200466
450.15	0	.7869402	.192828	0	.0202318
449.15	0	.7869139	.1926697	0	.0204165
448.15	0	.7868874	.1925119	0	.02060069
447.15	0	.7868609	.1923547	0	.02078437
446.15	0	.7868343	.1921981	0	.02096755
445.15	0	.7868077	.1920421	0	.02115023
444.15	0	.786781	.1918866	0	.02133244
443.15	0	.7867542	.1917316	0	.02151417
442.15	0	.7867274	.1915772	0	.02169544
441.15	0	.7867006	.1914232	0	.02187626
440.15	0	.7866738	.1912696	0	.02205663
439.15	0	.7866469	.1911165	0	.02223656
438.15	0	.7866201	.1909639	0	.02241606
437.15	0	.7865933	.1908116	0	.02259515
436.15	0	.7865664	.1906598	0	.02277381
435.15	0	.7865397	.1905083	0	.02295208
434.15	0	.7865129	.1903572	0	.02312994
433.15	0	.7864862	.1902064	0	.02330741
432.15	0	.7864596	.1900559	0	.0234845
431.15	0	.786433	.1899058	0	.02366122
430.15	0	.7864065	.189756	0	.02383756
429.15	0	.78638	.1896065	0	.02401354
428.15	0	.7863536	.1894572	0	.02418916
427.15	0	.7863274	.1893082	0	.02436443
426.15	0	.7863012	.1891595	0	.02453936
425.15	0	.7862751	.189011	0	.02471395
424.15	0	.7862491	.1888627	0	.02488821
423.15	0	.7862233	.1887146	0	.02506214
422.15	0	.7861975	.1885668	0	.02523575
421.15	0	.7861719	.1884191	0	.02540904
420.15	0	.7861464	.1882716	0	.02558202
419.15	0	.786121	.1881243	0	.0257547
418.15	0	.7860958	.1879772	0	.02592707
417.15	0	.7860707	.1878302	0	.02609915
416.15	0	.7860458	.1876833	0	.02627094
415.15	0	.786021	.1875366	0	.02644244
414.15	0	.7859964	.18739	0	.02661366
413.15	0	.7859719	.1872435	0	.0267846
412.15	0	.7859476	.1870971	0	.02695527
411.15	0	.7859235	.186951	0	.02712554
410.15	0	.7858995	.1868048	0	.02729567
409.15	0	.7858757	.1866587	0	.02746554
408.15	0	.7858521	.1865127	0	.02763515
407.15	0	.7858287	.1863668	0	.02780451
406.15	0	.7858055	.1862209	0	.02797362
405.15	0	.7857824	.1860751	0	.02814248
404.15	0	.7857596	.1859294	0	.0283111
403.15	0	.7857369	.1857836	0	.02847947
402.15	0	.7857144	.185638	0	.02864761
401.15	0	.7856922	.1854923	0	.02881551
400.15	0	.7856701	.1853467	0	.02898318
399.15	0	.7856482	.1852012	0	.02915062
398.15	0	.7856266	.1850556	0	.02931784
397.15	0	.7856051	.1849101	0	.02948483
396.15	0	.7855839	.1847645	0	.0296516
395.15	0	.7855629	.184619	0	.02981815
394.15	0	.785542	.1844735	0	.02998449
393.15	0	.7855214	.184328	0	.03015061
392.15	0	.785501	.1841824	0	.03031651
391.15	0	.7854809	.1840369	0	.03048221
390.15	0	.7854609	.1838914	0	.0306477
389.15	0	.7854412	.1837458	0	.03081299
388.15	0	.7854217	.1836003	0	.03097807
387.15	0	.7854024	.1834547	0	.03114295
386.15	0	.7853833	.1833091	0	.03130763
385.15	0	.7853644	.1831635	0	.03147211
384.15	0	.7853458	.1830178	0	.03163639
383.15	0	.7853274	.1828721	0	.03180048
382.15	0	.7853092	.1827264	0	.03196437
381.15	0	.7852913	.1825807	0	.03212807
380.15	0	.7852735	.1824349	0	.03229158
379.15	0	.785256	.1822891	0	.0324549
378.15	0	.7852387	.1821432	0	.03261803
377.15	0	.7852217	.1819973	0	.03278098
376.15	0	.7852049	.1818514	0	.03294374
375.15	0	.7851883	.1817054	0	.03310631
374.15	0	.7851719	.1815594	0	.0332687
373.15	0	.7851557	.1814134	0	.03343091
372.15	0	.7851398	.1812673	0	.03359293
371.15	0	.7851241	.1811211	0	.03375477
370.15	0	.7851086	.1809749	0	.03391644
369.15	0	.7850934	.1808287	0	.03407792
368.15	0	.7850784	.1806824	0	.03423922
367.15	0	.7850635	.1805361	0	.03440035
366.15	0	.785049	.1803897	0	.0345613
365.15	0	.7850346	.1802433	0	.03472208
364.15	0	.7850205	.1800969	0	.03488268
363.15	0	.7850066	.1799504	0	.0350431
362.15	0	.7849929	.1798038	0	.03520335
361.15	0	.7849794	.1796572	0	.03536342
360.15	0	.7849661	.1795106	0	.03552332
359.15	0	.7849531	.1793639	0	.03568305
358.15	0	.7849403	.1792171	0	.03584261
357.15	0	.7849277	.1790704	0	.03600199
356.15	0	.7849153	.1789235	0	.0361612
355.15	0	.7849031	.1787767	0	.03632024
354.15	0	.7848911	.1786298	0	.03647911
353.15	0	.7848794	.1784828	0	.0366378
352.15	0	.7848678	.1783358	0	.03679633
351.15	0	.7848565	.1781888	0	.03695469
350.15	0	.7848454	.1780417	0	.03711287
349.15	0	.7848345	.1778946	0	.03727088
348.15	0	.7848238	.1777475	0	.03742873
347.15	0	.7848133	.1776003	0	.03758641
346.15	0	.784803	.1774531	0	.03774391
345.15	0	.7847929	.1773058	0	.03790125
344.15	0	.784783	.1771586	0	.03805841
343.15	0	.7847734	.1770112	0	.03821541
342.15	0	.7847639	.1768639	0	.03837224
341.15	0	.7847546	.1767165	0	.0385289
340.15	0	.7847455	.1765691	0	.03868539
339.15	0	.7847366	.1764217	0	.03884171
338.15	0	.7847279	.1762742	0	.03899786
337.15	0	.7847194	.1761267	0	.03915384
336.15	0	.7847111	.1759793	0	.03930965
335.15	0	.784703	.1758317	0	.03946529
334.15	0	.7846951	.1756842	0	.03962077
333.15	0	.7846873	.1755366	0	.03977607
332.15	0	.7846798	.175389	0	.0399312
331.15	0	.7846724	.1752414	0	.04008617
330.15	0	.7846652	.1750938	0	.04024096
329.15	0	.7846582	.1749462	0	.04039559
328.15	0	.7846514	.1747986	0	.04055004
327.15	0	.7846447	.1746509	0	.04070433
326.15	0	.7846383	.1745033	0	.04085844
325.15	0	.784632	.1743556	0	.04101238
324.15	0	.7846259	.174208	0	.04116615
323.15	0	.7846199	.1740603	0	.04131976
322.15	0	.7846142	.1739127	0	.04147319
321.15	0	.7846086	.173765	0	.04162644
320.15	0	.7846031	.1736173	0	.04177953
319.15	0	.7845979	.1734697	0	.04193245
318.15	0	.7845928	.173322	0	.04208519
317.15	0	.7845879	.1731744	0	.04223776
316.15	0	.7845831	.1730267	0	.04239017
315.15	0	.7845785	.1728791	0	.04254239
314.15	0	.7845741	.1727315	0	.04269445
313.15	0	.7845698	.1725839	0	.04284633
312.15	0	.7845657	.1724363	0	.04299804
311.15	0	.7845617	.1722887	0	.04314957
310.15	0	.7845579	.1721412	0	.04330094
309.15	0	.7845542	.1719936	0	.04345212
308.15	0	.7845507	.1718461	0	.04360314
307.15	0	.7845474	.1716986	0	.04375398
306.15	0	.7845442	.1715512	0	.04390464
305.15	0	.7845411	.1714037	0	.04405513
304.15	0	.7845382	.1712563	0	.04420545
303.15	0	.7845355	.1711089	0	.04435559
302.15	0	.7845329	.1709616	0	.04450555
301.15	0	.7845304	.1708143	0	.04465534
300.15	0	.7845281	.170667	0	.04480496
299.15	0	.7845259	.1705198	0	.04495439
298.15	0	.7845238	.1703725	0	.04510365
