T	 BPW(LIQUID)	BPW(BCC_A2)	BPW(FCC_A1)	BPW(LAVES_PHASE_C14)	BPW(NI3TI)
1473.15	.1149492	.8112119	0	.07383894	0
1472.15	.1096038	.8146624	0	.07573378	0
1471.15	.1043628	.818039	0	.07759819	0
1470.15	.09922321	.8213438	0	.07943304	0
1469.15	.09418226	.8245785	0	.08123921	0
1468.15	.08923718	.8277453	0	.08301751	0
1467.15	.08438533	.8308459	0	.08476873	0
1466.15	.07962415	.8338822	0	.08649364	0
1465.15	.07495119	.8368558	0	.08819298	0
1464.15	.07036405	.8397685	0	.08986747	0
1463.15	.06586045	.8426218	0	.09151777	0
1462.15	.06143817	.8454173	0	.09314458	0
1461.15	.05709506	.8481564	0	.09474851	0
1460.15	.05282904	.8508408	0	.09633019	0
1459.15	.04863812	.8534717	0	.09789022	0
1458.15	.04452036	.8560505	0	.09942917	0
1457.15	.04047389	.8585785	0	.1009476	0
1456.15	.03649687	.8610571	0	.1024461	0
1455.15	.03258758	.8634874	0	.1039251	0
1454.15	.02874429	.8658706	0	.1053851	0
1453.15	.02496538	.868208	0	.1068267	0
1452.15	.02124924	.8705005	0	.1082502	0
1451.15	.01759434	.8727494	0	.1096563	0
1450.15	.01399917	.8749556	0	.1110452	0
1449.15	.01046229	.8771202	0	.1124175	0
1448.15	.006982296	.8792442	0	.1137735	0
1447.15	.003557824	.8813285	0	.1151137	0
1446.15	1.875546E-04	.883374	0	.1164384	0
1446.094	0	.8834877	0	.1165123	0
1446.094	0	.8834877	0	.1165123	0
1445.15	0	.8828114	0	.1171887	0
1444.15	0	.8820965	0	.1179035	0
1443.15	0	.8813835	0	.1186165	0
1442.15	0	.8806722	0	.1193278	0
1441.15	0	.8799627	0	.1200373	0
1440.15	0	.8792549	0	.1207451	0
1439.15	0	.8785489	0	.1214511	0
1438.15	0	.8778446	0	.1221554	0
1437.15	0	.8771421	0	.1228579	0
1436.15	0	.8764413	0	.1235587	0
1435.15	0	.8757423	0	.1242577	0
1434.15	0	.8750449	0	.1249551	0
1433.15	0	.8743493	0	.1256507	0
1432.15	0	.8736554	0	.1263446	0
1431.15	0	.8729632	0	.1270368	0
1430.15	0	.8722727	0	.1277273	0
1429.15	0	.8715839	0	.1284162	0
1428.15	0	.8708967	0	.1291033	0
1427.15	0	.8702112	0	.1297888	0
1426.15	0	.8695275	0	.1304725	0
1425.15	0	.8688453	0	.1311547	0
1424.15	0	.8681649	0	.1318351	0
1423.15	0	.8674861	0	.1325139	0
1422.15	0	.8668089	0	.1331911	0
1421.15	0	.8661334	0	.1338666	0
1420.15	0	.8654595	0	.1345405	0
1419.15	0	.8647873	0	.1352127	0
1418.15	0	.8641167	0	.1358834	0
1417.15	0	.8634477	0	.1365524	0
1416.15	0	.8627803	0	.1372197	0
1415.15	0	.8621145	0	.1378855	0
1414.15	0	.8614503	0	.1385497	0
1413.15	0	.8607877	0	.1392123	0
1412.15	0	.8601268	0	.1398733	0
1411.15	0	.8594674	0	.1405326	0
1410.15	0	.8588095	0	.1411905	0
1409.15	0	.8581533	0	.1418467	0
1408.15	0	.8574986	0	.1425014	0
1407.15	0	.8568455	0	.1431545	0
1406.15	0	.856194	0	.143806	0
1405.15	0	.855544	0	.144456	0
1404.15	0	.8548956	0	.1451045	0
1403.15	0	.8542487	0	.1457513	0
1402.15	0	.8536033	0	.1463967	0
1401.15	0	.8529595	0	.1470405	0
1400.15	0	.8523172	0	.1476828	0
1399.15	0	.8516764	0	.1483236	0
1398.15	0	.8510371	0	.1489629	0
1397.15	0	.8503994	0	.1496006	0
1396.15	0	.8497631	0	.1502369	0
1395.15	0	.8491284	0	.1508716	0
1394.15	0	.8484951	0	.1515049	0
1393.15	0	.8478634	0	.1521366	0
1392.15	0	.8472331	0	.1527669	0
1391.15	0	.8466044	0	.1533956	0
1390.15	0	.845977	0	.154023	0
1389.15	0	.8453512	0	.1546488	0
1388.15	0	.8447268	0	.1552732	0
1387.15	0	.8441039	0	.1558961	0
1386.15	0	.8434825	0	.1565175	0
1385.15	0	.8428625	0	.1571375	0
1384.15	0	.8422439	0	.1577561	0
1383.15	0	.8416268	0	.1583732	0
1382.15	0	.8410111	0	.1589889	0
1381.15	0	.8403969	0	.1596031	0
1380.15	0	.8397841	0	.1602159	0
1379.15	0	.8391727	0	.1608273	0
1378.15	0	.8385627	0	.1614373	0
1377.15	0	.8379542	0	.1620459	0
1376.15	0	.837347	0	.162653	0
1375.15	0	.8367413	0	.1632588	0
1374.15	0	.8361369	0	.1638631	0
1373.15	0	.8355339	0	.1644661	0
1372.15	0	.8349324	0	.1650676	0
1371.15	0	.8343322	0	.1656678	0
1370.15	0	.8337334	0	.1662666	0
1369.15	0	.833136	0	.166864	0
1368.15	0	.8325399	0	.1674601	0
1367.15	0	.8319453	0	.1680548	0
1366.15	0	.8313519	0	.1686481	0
1365.15	0	.83076	0	.16924	0
1364.15	0	.8301694	0	.1698306	0
1363.15	0	.8295801	0	.1704199	0
1362.15	0	.8289922	0	.1710078	0
1361.15	0	.8284056	0	.1715944	0
1360.15	0	.8278204	0	.1721796	0
1359.15	0	.8272365	0	.1727635	0
1358.15	0	.8266539	0	.1733461	0
1357.15	0	.8260727	0	.1739273	0
1356.15	0	.8254928	0	.1745073	0
1355.15	0	.8249141	0	.1750859	0
1354.15	0	.8243368	0	.1756632	0
1353.15	0	.8237608	0	.1762392	0
1352.15	0	.8231861	0	.1768139	0
1351.15	0	.8226127	0	.1773873	0
1350.15	0	.8220406	0	.1779594	0
1349.15	0	.8214698	0	.1785302	0
1348.15	0	.8209003	0	.1790997	0
1347.15	0	.8203321	0	.1796679	0
1346.15	0	.8197651	0	.1802349	0
1345.15	0	.8191994	0	.1808006	0
1344.15	0	.818635	0	.181365	0
1343.15	0	.8180718	0	.1819282	0
1342.15	0	.8175099	0	.1824901	0
1341.15	0	.8169493	0	.1830507	0
1340.15	0	.8163899	0	.1836101	0
1339.15	0	.8158318	0	.1841682	0
1338.15	0	.8152749	0	.1847251	0
1337.15	0	.8147192	0	.1852808	0
1336.15	0	.8141648	0	.1858352	0
1335.15	0	.8136117	0	.1863884	0
1334.15	0	.8130597	0	.1869403	0
1333.15	0	.812509	0	.187491	0
1332.15	0	.8119595	0	.1880405	0
1331.15	0	.8114112	0	.1885888	0
1330.15	0	.8108641	0	.1891359	0
1329.15	0	.8103183	0	.1896817	0
1328.15	0	.8097737	0	.1902264	0
1327.15	0	.8092302	0	.1907698	0
1326.15	0	.808688	0	.191312	0
1325.15	0	.8081469	0	.1918531	0
1324.15	0	.8076071	0	.1923929	0
1323.15	0	.8070684	0	.1929316	0
1322.15	0	.8065309	0	.1934691	0
1321.15	0	.8059946	0	.1940054	0
1320.15	0	.8054595	0	.1945405	0
1319.15	0	.8049256	0	.1950744	0
1318.15	0	.8043928	0	.1956072	0
1317.15	0	.8038612	0	.1961388	0
1316.15	0	.8033307	0	.1966693	0
1315.15	0	.8028015	0	.1971985	0
1314.15	0	.8022733	0	.1977267	0
1313.15	0	.8017464	0	.1982536	0
1312.15	0	.8012206	0	.1987795	0
1311.15	0	.8006959	0	.1993041	0
1310.15	0	.8001723	0	.1998277	0
1309.15	0	.7996499	0	.2003501	0
1308.15	0	.7991287	0	.2008713	0
1307.15	0	.7986085	0	.2013914	0
1306.15	0	.7980896	0	.2019105	0
1305.15	0	.7975717	0	.2024283	0
1304.15	0	.7970549	0	.2029451	0
1303.15	0	.7965393	0	.2034607	0
1302.15	0	.7960248	0	.2039752	0
1301.15	0	.7955114	0	.2044886	0
1300.15	0	.7949991	0	.2050009	0
1299.15	0	.7944879	0	.2055121	0
1298.15	0	.7939778	0	.2060222	0
1297.15	0	.7934688	0	.2065312	0
1296.15	0	.7929609	0	.2070391	0
1295.15	0	.7924541	0	.2075459	0
1294.15	0	.7919484	0	.2080516	0
1293.15	0	.7914438	0	.2085562	0
1292.15	0	.7909402	0	.2090598	0
1291.15	0	.7904378	0	.2095622	0
1290.15	0	.7899364	0	.2100636	0
1289.15	0	.7894361	0	.2105639	0
1288.15	0	.7889368	0	.2110632	0
1287.15	0	.7884387	0	.2115613	0
1286.15	0	.7879415	0	.2120585	0
1285.15	0	.7874455	0	.2125545	0
1284.15	0	.7869505	0	.2130495	0
1283.15	0	.7864566	0	.2135435	0
1282.15	0	.7859637	0	.2140363	0
1281.15	0	.7854718	0	.2145282	0
1280.15	0	.784981	0	.215019	0
1279.15	0	.7844913	0	.2155087	0
1278.15	0	.7840026	0	.2159974	0
1277.15	0	.7835149	0	.2164851	0
1276.15	0	.7830282	0	.2169718	0
1275.15	0	.7825426	0	.2174574	0
1274.15	0	.7820581	0	.2179419	0
1273.15	0	.7815745	0	.2184255	0
1272.15	0	.7810919	0	.2189081	0
1271.15	0	.7806104	0	.2193896	0
1270.15	0	.7801299	0	.2198701	0
1269.15	0	.7796504	0	.2203496	0
1268.15	0	.779172	0	.220828	0
1267.15	0	.7786945	0	.2213055	0
1266.15	0	.778218	0	.221782	0
1265.15	0	.7777426	0	.2222574	0
1264.15	0	.7772681	0	.2227319	0
1263.15	0	.7767946	0	.2232054	0
1262.15	0	.7763221	0	.2236779	0
1261.15	0	.7758507	0	.2241493	0
1260.15	0	.7753802	0	.2246199	0
1259.15	0	.7749106	0	.2250894	0
1258.15	0	.7744421	0	.2255579	0
1257.15	0	.7739746	0	.2260254	0
1256.15	0	.773508	0	.226492	0
1255.15	0	.7730424	0	.2269576	0
1254.15	0	.7725777	0	.2274223	0
1253.15	0	.7721141	0	.2278859	0
1252.15	0	.7716514	0	.2283486	0
1251.15	0	.7711897	0	.2288104	0
1250.15	0	.7707289	0	.2292711	0
1249.15	0	.7702691	0	.2297309	0
1248.15	0	.7698102	0	.2301898	0
1247.15	0	.7693523	0	.2306477	0
1246.15	0	.7688953	0	.2311047	0
1245.15	0	.7684393	0	.2315607	0
1244.15	0	.7679843	0	.2320157	0
1243.15	0	.7675302	0	.2324699	0
1242.15	0	.767077	0	.232923	0
1241.15	0	.7666247	0	.2333753	0
1240.15	0	.7661734	0	.2338266	0
1239.15	0	.765723	0	.234277	0
1238.15	0	.7652736	0	.2347264	0
1237.15	0	.7648251	0	.2351749	0
1236.15	0	.7643775	0	.2356225	0
1235.15	0	.7639308	0	.2360692	0
1234.15	0	.763485	0	.236515	0
1233.15	0	.7630402	0	.2369598	0
1232.15	0	.7625963	0	.2374037	0
1231.15	0	.7621533	0	.2378467	0
1230.15	0	.7617112	0	.2382888	0
1229.15	0	.76127	0	.23873	0
1228.15	0	.7608297	0	.2391703	0
1227.15	0	.7603903	0	.2396097	0
1226.15	0	.7599518	0	.2400482	0
1225.15	0	.7595143	0	.2404857	0
1224.15	0	.7590776	0	.2409224	0
1223.15	0	.7586418	0	.2413582	0
1222.15	0	.7582069	0	.2417931	0
1221.15	0	.7577729	0	.2422272	0
1220.15	0	.7573397	0	.2426603	0
1219.15	0	.7569075	0	.2430925	0
1218.15	0	.7564761	0	.2435239	0
1217.15	0	.7560456	0	.2439544	0
1216.15	0	.755616	0	.244384	0
1215.15	0	.7551873	0	.2448127	0
1214.15	0	.7547594	0	.2452406	0
1213.15	0	.7543324	0	.2456676	0
1212.15	0	.7539063	0	.2460937	0
1211.15	0	.7534811	0	.2465189	0
1210.15	0	.7530567	0	.2469433	0
1209.15	0	.7526331	0	.2473669	0
1208.15	0	.7522105	0	.2477895	0
1207.15	0	.7517887	0	.2482114	0
1206.15	0	.7513677	0	.2486323	0
1205.15	0	.7509476	0	.2490524	0
1204.15	0	.7505283	0	.2494717	0
1203.15	0	.7501099	0	.2498901	0
1202.15	0	.7496924	0	.2503076	0
1201.15	0	.7492756	0	.2507244	0
1200.15	0	.7488598	0	.2511402	0
1199.15	0	.7484447	0	.2515553	0
1198.15	0	.7480305	0	.2519695	0
1197.15	0	.7476172	0	.2523828	0
1196.15	0	.7472046	0	.2527954	0
1195.15	0	.7467929	0	.2532071	0
1194.15	0	.7463821	0	.2536179	0
1193.15	0	.745972	0	.254028	0
1192.15	0	.7455628	0	.2544372	0
1191.15	0	.7451544	0	.2548456	0
1190.15	0	.7447469	0	.2552531	0
1189.15	0	.7443401	0	.2556599	0
1188.15	0	.7439342	0	.2560658	0
1187.15	0	.7435291	0	.2564709	0
1186.15	0	.7431248	0	.2568752	0
1185.15	0	.7427213	0	.2572787	0
1184.15	0	.7423186	0	.2576814	0
1183.15	0	.7419167	0	.2580833	0
1182.15	0	.7415156	0	.2584844	0
1181.15	0	.7411154	0	.2588846	0
1180.15	0	.7407159	0	.2592841	0
1179.15	0	.7403172	0	.2596828	0
1178.15	0	.7399194	0	.2600806	0
1177.15	0	.7395223	0	.2604777	0
1176.15	0	.739126	0	.260874	0
1175.15	0	.7387305	0	.2612695	0
1174.15	0	.7383358	0	.2616642	0
1173.15	0	.7379419	0	.2620581	0
1172.15	0	.7375488	0	.2624512	0
1171.15	0	.7371565	0	.2628436	0
1170.15	0	.7367649	0	.2632351	0
1169.15	0	.7363741	0	.2636259	0
1168.15	0	.7359841	0	.2640159	0
1167.15	0	.7355949	0	.2644051	0
1166.15	0	.7352065	0	.2647935	0
1165.15	0	.7348188	0	.2651812	0
1164.15	0	.7344319	0	.2655681	0
1163.15	0	.7340458	0	.2659543	0
1162.15	0	.7336604	0	.2663396	0
1161.15	0	.7332758	0	.2667242	0
1160.15	0	.732892	0	.267108	0
1159.15	0	.7325089	0	.2674911	0
1158.15	0	.7321266	0	.2678734	0
1157.15	0	.731745	0	.268255	0
1156.15	0	.7313643	0	.2686358	0
1155.15	0	.7309842	0	.2690158	0
1154.15	0	.7306049	0	.2693951	0
1153.15	0	.7302264	0	.2697736	0
1152.15	0	.7298486	0	.2701514	0
1151.15	0	.7294716	0	.2705284	0
1150.15	0	.7290953	0	.2709047	0
1149.15	0	.7287198	0	.2712802	0
1148.15	0	.728345	0	.271655	0
1147.15	0	.7279709	0	.2720291	0
1146.15	0	.7275976	0	.2724024	0
1145.15	0	.7272251	0	.272775	0
1144.15	0	.7268532	0	.2731468	0
1143.15	0	.7264821	0	.2735179	0
1142.15	0	.7261118	0	.2738882	0
1141.15	0	.7257421	0	.2742579	0
1140.15	0	.7253732	0	.2746268	0
1139.15	0	.725005	0	.274995	0
1138.15	0	.7246376	0	.2753624	0
1137.15	0	.7242709	0	.2757291	0
1136.15	0	.7239049	0	.2760951	0
1135.15	0	.7235396	0	.2764604	0
1134.15	0	.7231751	0	.276825	0
1133.15	0	.7228112	0	.2771888	0
1132.15	0	.7224481	0	.2775519	0
1131.15	0	.7220857	0	.2779143	0
1130.15	0	.721724	0	.278276	0
1129.15	0	.7213631	0	.278637	0
1128.15	0	.7210028	0	.2789972	0
1127.15	0	.7206432	0	.2793568	0
1126.15	0	.7202844	0	.2797156	0
1125.15	0	.7199263	0	.2800737	0
1124.15	0	.7195688	0	.2804312	0
1123.15	0	.7192121	0	.2807879	0
1122.15	0	.7188561	0	.2811439	0
1121.15	0	.7185008	0	.2814992	0
1120.15	0	.7181461	0	.2818539	0
1119.15	0	.7177922	0	.2822078	0
1118.15	0	.717439	0	.282561	0
1117.15	0	.7170865	0	.2829135	0
1116.15	0	.7167346	0	.2832654	0
1115.15	0	.7163835	0	.2836165	0
1114.15	0	.716033	0	.283967	0
1113.15	0	.7156833	0	.2843167	0
1112.15	0	.7153342	0	.2846658	0
1111.15	0	.7149858	0	.2850142	0
1110.15	0	.7146381	0	.2853619	0
1109.15	0	.7142911	0	.2857089	0
1108.15	0	.7139447	0	.2860553	0
1107.15	0	.7135991	0	.2864009	0
1106.15	0	.7132541	0	.2867459	0
1105.15	0	.7129098	0	.2870902	0
1104.15	0	.7125662	0	.2874338	0
1103.15	0	.7122232	0	.2877768	0
1102.15	0	.7118809	0	.2881191	0
1101.15	0	.7115393	0	.2884607	0
1100.15	0	.7111984	0	.2888016	0
1099.15	0	.7108581	0	.2891419	0
1098.15	0	.7105185	0	.2894815	0
1097.15	0	.7101796	0	.2898204	0
1096.15	0	.7098414	0	.2901587	0
1095.15	0	.7095038	0	.2904963	0
1094.15	0	.7091668	0	.2908332	0
1093.15	0	.7088306	0	.2911694	0
1092.15	0	.7084949	0	.2915051	0
1091.15	0	.70816	0	.29184	0
1090.15	0	.7078257	0	.2921743	0
1089.15	0	.7074921	0	.2925079	0
1088.15	0	.7071591	0	.2928409	0
1087.15	0	.7068268	0	.2931732	0
1086.15	0	.7064951	0	.2935049	0
1085.15	0	.7061641	0	.2938359	0
1084.15	0	.7058337	0	.2941663	0
1083.15	0	.705504	0	.294496	0
1082.15	0	.7051749	0	.2948251	0
1081.15	0	.7048465	0	.2951535	0
1080.15	0	.7045187	0	.2954813	0
1079.15	0	.7041916	0	.2958084	0
1078.15	0	.7038651	0	.2961349	0
1077.15	0	.7035392	0	.2964608	0
1076.15	0	.703214	0	.296786	0
1075.15	0	.7028895	0	.2971106	0
1074.15	0	.7025655	0	.2974345	0
1073.15	0	.7022422	0	.2977578	0
1072.15	0	.7019196	0	.2980804	0
1071.15	0	.7015975	0	.2984025	0
1070.15	0	.7012762	0	.2987238	0
1069.15	0	.7009554	0	.2990446	0
1068.15	0	.7006353	0	.2993647	0
1067.15	0	.7003158	0	.2996842	0
1066.15	0	.6999969	0	.3000031	0
1065.15	0	.6996787	0	.3003213	0
1064.15	0	.6993611	0	.3006389	0
1063.15	0	.6990441	0	.3009559	0
1062.15	0	.6987277	0	.3012723	0
1061.15	0	.698412	0	.301588	0
1060.15	0	.6980969	0	.3019031	0
1059.15	0	.6977824	0	.3022176	0
1058.15	0	.6974685	0	.3025315	0
1057.15	0	.6971553	0	.3028447	0
1056.15	0	.6968426	0	.3031574	0
1055.15	0	.6965306	0	.3034694	0
1054.15	0	.6962192	0	.3037808	0
1053.15	0	.6959084	0	.3040916	0
1052.15	0	.6955983	0	.3044017	0
1051.15	0	.6952887	0	.3047113	0
1050.15	0	.6949798	0	.3050203	0
1049.15	0	.6946714	0	.3053286	0
1048.15	0	.6943637	0	.3056363	0
1047.15	0	.6940566	0	.3059434	0
1046.15	0	.6937501	0	.3062499	0
1045.15	0	.6934442	0	.3065558	0
1044.15	0	.6931389	0	.3068611	0
1043.15	0	.6928342	0	.3071658	0
1042.15	0	.6925301	0	.3074699	0
1041.15	0	.6922266	0	.3077734	0
1040.15	0	.6919237	0	.3080763	0
1039.15	0	.6916214	0	.3083786	0
1038.15	0	.6913197	0	.3086803	0
1037.15	0	.6910187	0	.3089814	0
1036.15	0	.6907182	0	.3092818	0
1035.15	0	.6904183	0	.3095817	0
1034.15	0	.690119	0	.309881	0
1033.15	0	.6898203	0	.3101797	0
1032.15	0	.6895222	0	.3104778	0
1031.15	0	.6892246	0	.3107754	0
1030.15	0	.6889277	0	.3110723	0
1029.15	0	.6886314	0	.3113686	0
1028.15	0	.6883357	0	.3116643	0
1027.15	0	.6880405	0	.3119595	0
1026.15	0	.6877459	0	.3122541	0
1025.15	0	.687452	0	.312548	0
1024.15	0	.6871586	0	.3128414	0
1023.15	0	.6868658	0	.3131342	0
1022.15	0	.6865736	0	.3134264	0
1021.15	0	.6862819	0	.3137181	0
1020.15	0	.6859909	0	.3140091	0
1019.15	0	.6857004	0	.3142996	0
1018.15	0	.6854105	0	.3145895	0
1017.15	0	.6851212	0	.3148788	0
1016.15	0	.6848325	0	.3151675	0
1015.15	0	.6845443	0	.3154557	0
1014.15	0	.6842568	0	.3157432	0
1013.15	0	.6839698	0	.3160302	0
1012.15	0	.6836833	0	.3163167	0
1011.15	0	.6833975	0	.3166025	0
1010.15	0	.6831122	0	.3168878	0
1009.15	0	.6828275	0	.3171725	0
1008.15	0	.6825434	0	.3174566	0
1007.15	0	.6822599	0	.3177401	0
1006.15	0	.6819769	0	.3180231	0
1005.15	0	.6816945	0	.3183055	0
1004.15	0	.6814126	0	.3185874	0
1003.15	0	.6811314	0	.3188686	0
1002.15	0	.6808507	0	.3191493	0
1001.15	0	.6805705	0	.3194295	0
1000.15	0	.680291	0	.319709	0
999.15	0	.680012	0	.3199881	0
998.15	0	.6797335	0	.3202665	0
997.15	0	.6794556	0	.3205444	0
996.15	0	.6791783	0	.3208217	0
995.15	0	.6789016	0	.3210984	0
994.15	0	.6786254	0	.3213746	0
993.15	0	.6783498	0	.3216502	0
992.15	0	.6780747	0	.3219253	0
991.15	0	.6778002	0	.3221998	0
990.15	0	.6775262	0	.3224738	0
989.15	0	.6772529	0	.3227472	0
988.15	0	.67698	0	.32302	0
987.15	0	.6767078	0	.3232923	0
986.15	0	.676436	0	.323564	0
985.15	0	.6761649	0	.3238351	0
984.15	0	.6758943	0	.3241058	0
983.15	0	.6756242	0	.3243758	0
982.15	0	.6753547	0	.3246453	0
981.15	0	.6750858	0	.3249143	0
980.15	0	.6748174	0	.3251827	0
979.15	0	.6745495	0	.3254505	0
978.15	0	.6742822	0	.3257178	0
977.15	0	.6740155	0	.3259846	0
976.15	0	.6737493	0	.3262507	0
975.15	0	.6734836	0	.3265164	0
974.15	0	.6732185	0	.3267815	0
973.15	0	.672954	0	.3270461	0
972.15	0	.6726899	0	.3273101	0
971.15	0	.6724265	0	.3275735	0
970.15	0	.6721636	0	.3278364	0
969.15	0	.6719012	0	.3280988	0
968.15	0	.6716394	0	.3283606	0
967.15	0	.6713781	0	.3286219	0
966.15	0	.6711173	0	.3288827	0
965.15	0	.6708571	0	.3291429	0
964.15	0	.6705975	0	.3294025	0
963.15	0	.6703384	0	.3296617	0
962.15	0	.6700798	0	.3299202	0
961.15	0	.6698217	0	.3301783	0
960.15	0	.6695642	0	.3304358	0
959.15	0	.6693073	0	.3306927	0
958.15	0	.6690508	0	.3309492	0
957.15	0	.668795	0	.3312051	0
956.15	0	.6685396	0	.3314604	0
955.15	0	.6682848	0	.3317152	0
954.15	0	.6680305	0	.3319695	0
953.15	0	.6677768	0	.3322232	0
952.15	0	.6675236	0	.3324764	0
951.15	0	.6672709	0	.3327291	0
950.15	0	.6670187	0	.3329813	0
949.15	0	.6667671	0	.3332329	0
948.15	0	.6665161	0	.333484	0
947.15	0	.6662655	0	.3337345	0
946.15	0	.6660155	0	.3339845	0
945.15	0	.665766	0	.334234	0
944.15	0	.6655171	0	.334483	0
943.15	0	.6652686	0	.3347314	0
942.15	0	.6650207	0	.3349793	0
941.15	0	.6647734	0	.3352266	0
940.15	0	.6645265	0	.3354735	0
939.15	0	.6642802	0	.3357198	0
938.15	0	.6640344	0	.3359656	0
937.15	0	.6637892	0	.3362108	0
936.15	0	.6635444	0	.3364556	0
935.15	0	.6633002	0	.3366998	0
934.15	0	.6630565	0	.3369435	0
933.15	0	.6628134	0	.3371866	0
932.15	0	.6625707	0	.3374293	0
931.15	0	.6623286	0	.3376714	0
930.15	0	.6620871	0	.3379129	0
929.15	0	.661846	0	.338154	0
928.15	0	.6616054	0	.3383946	0
927.15	0	.6613654	0	.3386346	0
926.15	0	.6611259	0	.3388741	0
925.15	0	.6608869	0	.3391131	0
924.15	0	.6606485	0	.3393515	0
923.15	0	.6604105	0	.3395895	0
922.15	0	.6601731	0	.3398269	0
921.15	0	.6599362	0	.3400638	0
920.15	0	.6596998	0	.3403002	0
919.15	0	.659464	0	.340536	0
918.15	0	.6592286	0	.3407714	0
917.15	0	.6589938	0	.3410062	0
916.15	0	.6587595	0	.3412405	0
915.15	0	.6585257	0	.3414743	0
914.15	0	.6582924	0	.3417076	0
913.15	0	.6580597	0	.3419404	0
912.15	0	.6578274	0	.3421726	0
911.15	0	.6575957	0	.3424043	0
910.15	0	.6573645	0	.3426356	0
909.15	0	.6571338	0	.3428663	0
908.15	0	.6569036	0	.3430964	0
907.15	0	.6566739	0	.3433261	0
906.15	0	.6564447	0	.3435553	0
905.15	0	.6562161	0	.3437839	0
904.15	0	.6559879	0	.3440121	0
903.15	0	.6557603	0	.3442397	0
902.15	0	.6555332	0	.3444668	0
901.15	0	.6553066	0	.3446934	0
900.15	0	.6550805	0	.3449195	0
899.15	0	.6548549	0	.3451451	0
898.15	0	.6546298	0	.3453702	0
897.15	0	.6544053	0	.3455947	0
896.15	0	.6541812	0	.3458188	0
895.15	0	.6539577	0	.3460423	0
894.15	0	.6537346	0	.3462654	0
893.15	0	.6535121	0	.3464879	0
892.15	0	.6532901	0	.3467099	0
891.15	0	.6530686	0	.3469314	0
890.15	0	.6528476	0	.3471525	0
889.15	0	.6526271	0	.3473729	0
888.15	0	.6524071	0	.3475929	0
887.15	0	.6521876	0	.3478124	0
886.15	0	.6519686	0	.3480314	0
885.15	0	.6517501	0	.3482499	0
884.15	0	.6515322	0	.3484678	0
884.0645	0	.6515135	0	.3484865	0
884.0645	0	.6515135	0	.3484865	0
884.0645	0	.6515135	0	.3484865	0
883.15	0	.6508554	5.326032E-04	.348612	0
882.15	0	.6501367	.001114959	.3487484	0
881.15	0	.649419	.001697295	.3488837	0
880.15	0	.6487023	.002279638	.3490181	0
879.15	0	.6479865	.002862018	.3491515	0
878.15	0	.6472717	.003444464	.3492838	0
877.15	0	.6465578	.004027005	.3494152	0
876.15	0	.6458449	.004609674	.3495455	0
875.15	0	.6451328	.005192501	.3496748	0
874.15	0	.6444215	.005775518	.349803	0
873.15	0	.6437111	.006358759	.3499302	0
872.15	0	.6430014	.006942257	.3500563	0
871.15	0	.6422926	.007526047	.3501814	0
870.15	0	.6415845	.008110164	.3503054	0
869.15	0	.6408771	.008694644	.3504282	0
868.15	0	.6401704	.009279524	.3505501	0
867.15	0	.6394644	.009864842	.3506708	0
866.15	0	.638759	.01045064	.3507904	0
865.15	0	.6380542	.01103695	.3509089	0
864.15	0	.63735	.01162381	.3510262	0
863.15	0	.6366463	.01221128	.3511424	0
862.15	0	.6359432	.01279939	.3512575	0
861.15	0	.6352405	.01338818	.3513714	0
860.15	0	.6345382	.0139777	.3514841	0
859.15	0	.6338364	.014568	.3515956	0
858.15	0	.6331349	.01515912	.351706	0
857.15	0	.6324338	.01575111	.3518151	0
856.15	0	.631733	.01634402	.351923	0
855.15	0	.6310324	.0169379	.3520297	0
854.15	0	.6303321	.01753281	.3521351	0
853.15	0	.6296319	.01812879	.3522393	0
852.15	0	.6289319	.0187259	.3523422	0
851.15	0	.6282319	.0193242	.3524439	0
850.15	0	.6275321	.01992375	.3525442	0
849.15	0	.6268322	.0205246	.3526432	0
848.15	0	.6261323	.02112682	.3527409	0
847.15	0	.6254323	.02173047	.3528373	0
846.15	0	.6247321	.02233561	.3529323	0
845.15	0	.6240318	.02294231	.3530259	0
844.15	0	.6233312	.02355065	.3531181	0
843.15	0	.6226304	.02416068	.3532089	0
842.15	0	.6219292	.02477249	.3532983	0
841.15	0	.6212276	.02538614	.3533863	0
840.15	0	.6205255	.02600172	.3534728	0
839.15	0	.6198229	.02661931	.3535578	0
838.15	0	.6191197	.02723898	.3536413	0
837.15	0	.6184159	.02786083	.3537233	0
836.15	0	.6177113	.02848493	.3538037	0
835.15	0	.617006	.02911139	.3538826	0
834.15	0	.6162998	.02974029	.3539599	0
833.15	0	.6155927	.03037174	.3540356	0
832.15	0	.6148846	.03100582	.3541096	0
831.15	0	.6141753	.03164265	.354182	0
830.15	0	.613465	.03228234	.3542527	0
829.15	0	.6127533	.03292499	.3543217	0
828.15	0	.6120403	.03357072	.3543889	0
827.15	0	.6113259	.03421966	.3544544	0
826.15	0	.61061	.03487191	.3545181	0
825.15	0	.6098924	.03552763	.3545799	0
824.15	0	.6091732	.03618694	.3546399	0
823.15	0	.608452	.03684997	.354698	0
822.15	0	.607729	.03751688	.3547541	0
821.15	0	.6070039	.03818783	.3548083	0
820.15	0	.6062766	.03886296	.3548605	0
819.15	0	.605547	.03954244	.3549106	0
818.15	0	.6048149	.04022645	.3549586	0
817.15	0	.6040803	.04091517	.3550045	0
816.15	0	.603343	.04160879	.3550482	0
815.15	0	.6026028	.04230751	.3550897	0
814.15	0	.6018596	.04301153	.3551289	0
813.15	0	.6011131	.04372107	.3551658	0
812.15	0	.6003633	.04443637	.3552003	0
811.15	0	.59961	.04515766	.3552323	0
810.15	0	.5988529	.0458852	.3552619	0
809.15	0	.5980919	.04661925	.3552889	0
808.15	0	.5973267	.04736011	.3553132	0
807.15	0	.5965571	.04810806	.3553348	0
806.15	0	.5957829	.04886343	.3553537	0
805.15	0	.5950038	.04962655	.3553696	0
804.15	0	.5942196	.05039777	.3553827	0
803.15	0	.5934299	.05117748	.3553926	0
802.15	0	.5926344	.05196606	.3553995	0
801.15	0	.5918329	.05276396	.3554031	0
800.15	0	.591025	.05357162	.3554034	0
799.15	0	.5902103	.05438954	.3554002	0
798.15	0	.5893884	.05521824	.3553934	0
797.15	0	.5885589	.05605828	.3553829	0
796.15	0	.5877219	.05690975	.3553684	0
795.15	0	.5868757	.05777436	.35535	0
794.15	0	.5860203	.05865227	.3553274	0
793.15	0	.5851553	.05954423	.3553004	0
792.15	0	.58428	.06045107	.3552689	0
791.15	0	.5833937	.06137369	.3552327	0
790.15	0	.5824956	.06231307	.3551914	0
789.15	0	.5815849	.06327028	.3551448	0
788.15	0	.5806608	.06424651	.3550927	0
787.15	0	.5797222	.06524304	.3550348	0
786.15	0	.578768	.06626133	.3549707	0
785.15	0	.577797	.06730296	.3549001	0
784.15	0	.5768078	.06836973	.3548225	0
783.15	0	.575799	.06946362	.3547374	0
782.15	0	.5747687	.07058691	.3546444	0
781.15	0	.573715	.07174214	.3545428	0
780.15	0	.5724161	.07320465	.3543792	0
779.15	0	.5705737	.07534679	.3540796	0
778.15	0	.5688306	.07737187	.3537975	0
777.15	0	.5671772	.0792915	.3535313	0
776.15	0	.5656049	.08111561	.3532795	0
775.15	0	.5641063	.08285285	.3530408	0
774.15	0	.5626753	.08451072	.352814	0
773.15	0	.5613061	.08609582	.352598	0
772.15	0	.5599939	.08761396	.3523921	0
771.15	0	.5587344	.08907028	.3521953	0
770.15	0	.5575235	.09046935	.3520071	0
769.15	0	.556358	.09181526	.3518267	0
768.15	0	.5552347	.09311169	.3516536	0
767.15	0	.5541507	.09436194	.3514873	0
766.15	0	.5531037	.09556899	.3513273	0
765.15	0	.5520912	.09673556	.3511732	0
764.15	0	.5511112	.0978641	.3510247	0
763.15	0	.5501619	.09895687	.3508813	0
762.15	0	.5492414	.1000159	.3507427	0
761.15	0	.5483481	.1010431	.3506087	0
760.15	0	.5474807	.1020403	.350479	0
759.15	0	.5466378	.1030089	.3503533	0
758.15	0	.545818	.1039505	.3502315	0
757.15	0	.5450203	.1048665	.3501132	0
756.15	0	.5442436	.105758	.3499984	0
755.15	0	.5434869	.1066264	.3498868	0
754.15	0	.5427492	.1074726	.3497782	0
753.15	0	.5420297	.1082978	.3496726	0
752.15	0	.5413276	.1091028	.3495697	0
751.15	0	.5406421	.1098885	.3494694	0
750.15	0	.5399725	.1106559	.3493716	0
749.15	0	.5393182	.1114056	.3492762	0
748.15	0	.5386785	.1121385	.349183	0
747.15	0	.5380529	.1128551	.3490921	0
746.15	0	.5374407	.1135562	.3490031	0
745.15	0	.5368415	.1142423	.3489161	0
744.15	0	.5362548	.1149141	.3488311	0
743.15	0	.5356801	.1155722	.3487478	0
742.15	0	.5351169	.1162169	.3486662	0
741.15	0	.5345649	.1168488	.3485863	0
740.15	0	.5340237	.1174684	.3485079	0
739.15	0	.5334928	.1180761	.3484311	0
738.15	0	.532972	.1186724	.3483557	0
737.15	0	.5324608	.1192576	.3482816	0
736.15	0	.531959	.119832	.348209	0
735.15	0	.5314662	.1203962	.3481376	0
734.15	0	.5309822	.1209504	.3480674	0
733.15	0	.5305067	.1214949	.3479984	0
732.15	0	.5300394	.1220301	.3479306	0
731.15	0	.52958	.1225562	.3478638	0
730.15	0	.5291284	.1230735	.3477981	0
729.15	0	.5286842	.1235824	.3477334	0
728.15	0	.5282473	.124083	.3476697	0
727.15	0	.5278175	.1245756	.3476069	0
726.15	0	.5273945	.1250605	.347545	0
725.15	0	.5269781	.1255379	.347484	0
724.15	0	.5265682	.126008	.3474238	0
723.15	0	.5261646	.1264709	.3473645	0
722.15	0	.5257671	.126927	.3473059	0
721.15	0	.5253755	.1273765	.3472481	0
720.15	0	.5249897	.1278193	.347191	0
719.15	0	.5246095	.1282559	.3471346	0
718.15	0	.5242348	.1286863	.3470789	0
717.15	0	.5238654	.1291108	.3470238	0
716.15	0	.5235012	.1295294	.3469694	0
715.15	0	.5231421	.1299423	.3469156	0
714.15	0	.522788	.1303496	.3468624	0
713.15	0	.5224386	.1307516	.3468098	0
712.15	0	.522094	.1311484	.3467577	0
711.15	0	.5217539	.13154	.3467061	0
710.15	0	.5214183	.1319266	.3466551	0
709.15	0	.521087	.1323084	.3466046	0
708.15	0	.5207601	.1326854	.3465545	0
707.15	0	.5204373	.1330578	.3465049	0
706.15	0	.5201185	.1334257	.3464558	0
705.15	0	.5198038	.1337891	.3464071	0
704.15	0	.5194929	.1341483	.3463589	0
703.15	0	.5191858	.1345032	.346311	0
702.15	0	.5188824	.134854	.3462636	0
701.15	0	.5185827	.1352008	.3462165	0
700.15	0	.5182865	.1355437	.3461699	0
699.15	0	.5179938	.1358827	.3461235	0
698.15	0	.5177044	.136218	.3460776	0
697.15	0	.5174184	.1365496	.346032	0
696.15	0	.5171357	.1368776	.3459867	0
695.15	0	.5168562	.1372021	.3459417	0
694.15	0	.5165798	.1375232	.3458971	0
693.15	0	.5163064	.1378408	.3458527	0
692.15	0	.5160361	.1381553	.3458087	0
691.15	0	.5157686	.1384664	.3457649	0
690.15	0	.5155041	.1387744	.3457214	0
689.15	0	.5152424	.1390794	.3456782	0
688.15	0	.5149835	.1393813	.3456353	0
687.15	0	.5147272	.1396802	.3455926	0
686.15	0	.5144737	.1399762	.3455501	0
685.15	0	.5142227	.1402694	.3455079	0
684.15	0	.5139743	.1405598	.3454659	0
683.15	0	.5137284	.1408474	.3454242	0
682.15	0	.513485	.1411323	.3453826	0
681.15	0	.513244	.1414147	.3453413	0
680.15	0	.5130054	.1416944	.3453002	0
679.15	0	.5127692	.1419716	.3452593	0
678.15	0	.5125352	.1422463	.3452185	0
677.15	0	.5123034	.1425185	.345178	0
676.15	0	.5120739	.1427884	.3451377	0
675.15	0	.5118466	.1430559	.3450975	0
674.15	0	.5116214	.1433211	.3450575	0
673.15	0	.5113983	.1435841	.3450177	0
672.15	0	.5111772	.1438448	.344978	0
671.15	0	.5109582	.1441033	.3449385	0
670.15	0	.5107411	.1443597	.3448992	0
669.15	0	.5105261	.1446139	.34486	0
668.15	0	.5103129	.1448661	.344821	0
667.15	0	.5101017	.1451163	.3447821	0
666.15	0	.5098923	.1453644	.3447433	0
665.15	0	.5096848	.1456106	.3447047	0
664.15	0	.509479	.1458548	.3446662	0
663.15	0	.509275	.1460972	.3446278	0
662.15	0	.5090728	.1463376	.3445896	0
661.15	0	.5088723	.1465762	.3445515	0
660.15	0	.5086735	.1468131	.3445135	0
659.15	0	.5084763	.1470481	.3444756	0
658.15	0	.5082808	.1472814	.3444378	0
657.15	0	.5080869	.1475129	.3444002	0
656.15	0	.5078946	.1477428	.3443626	0
655.15	0	.5077039	.1479709	.3443252	0
654.15	0	.5075147	.1481975	.3442878	0
653.15	0	.507327	.1484224	.3442506	0
652.15	0	.5071409	.1486457	.3442134	0
651.15	0	.5069562	.1488675	.3441764	0
650.15	0	.5067729	.1490877	.3441394	0
649.15	0	.5065911	.1493064	.3441025	0
648.15	0	.5064107	.1495236	.3440657	0
647.15	0	.5062317	.1497393	.344029	0
646.15	0	.5060541	.1499535	.3439924	0
645.15	0	.5058778	.1501664	.3439559	0
644.15	0	.5057028	.1503778	.3439194	0
643.15	0	.5055292	.1505878	.343883	0
642.15	0	.5053569	.1507964	.3438467	0
641.15	0	.5051858	.1510037	.3438105	0
640.15	0	.505016	.1512097	.3437743	0
639.15	0	.5048475	.1514143	.3437382	0
638.15	0	.5046802	.1516177	.3437022	0
637.15	0	.5045141	.1518197	.3436662	0
636.15	0	.5043492	.1520205	.3436303	0
635.15	0	.5041854	.1522201	.3435945	0
634.15	0	.5040229	.1524184	.3435587	0
633.15	0	.5038615	.1526155	.343523	0
632.15	0	.5037012	.1528115	.3434873	0
631.15	0	.5035421	.1530062	.3434517	0
630.15	0	.503384	.1531998	.3434162	0
629.15	0	.5032271	.1533922	.3433807	0
628.15	0	.5030712	.1535835	.3433453	0
627.15	0	.5029164	.1537737	.3433099	0
626.15	0	.5027627	.1539628	.3432746	0
625.15	0	.5026099	.1541507	.3432393	0
624.15	0	.5024583	.1543376	.3432041	0
623.15	0	.5023076	.1545235	.3431689	0
622.15	0	.5021579	.1547083	.3431338	0
621.15	0	.5020093	.154892	.3430987	0
620.15	0	.5018616	.1550748	.3430637	0
619.15	0	.5017149	.1552565	.3430287	0
618.15	0	.5015691	.1554372	.3429937	0
617.15	0	.5014243	.1556169	.3429589	0
616.15	0	.5012804	.1557956	.342924	0
615.15	0	.5011374	.1559734	.3428892	0
614.15	0	.5009954	.1561502	.3428544	0
613.15	0	.5008542	.1563261	.3428197	0
612.15	0	.500714	.1565011	.342785	0
611.15	0	.5005746	.1566751	.3427503	0
610.15	0	.5004361	.1568482	.3427157	0
609.15	0	.5002985	.1570204	.3426811	0
608.15	0	.5001617	.1571917	.3426466	0
607.15	0	.5000258	.1573622	.3426121	0
606.15	0	.4998907	.1575317	.3425776	0
605.15	0	.4997564	.1577004	.3425432	0
604.15	0	.4996229	.1578683	.3425088	0
603.15	0	.4994903	.1580353	.3424744	0
602.15	0	.4993585	.1582014	.3424401	0
601.15	0	.4992274	.1583668	.3424058	0
600.15	0	.4990971	.1585313	.3423716	0
599.15	0	.4989676	.158695	.3423373	0
598.15	0	.4988389	.1588579	.3423032	0
597.15	0	.498711	.15902	.342269	0
596.15	0	.4985838	.1591813	.3422349	0
595.15	0	.4984573	.1593419	.3422008	0
594.15	0	.4983316	.1595017	.3421667	0
593.15	0	.4982066	.1596607	.3421327	0
592.15	0	.4980824	.1598189	.3420987	0
591.15	0	.4979588	.1599765	.3420647	0
590.15	0	.497836	.1601332	.3420308	0
589.15	0	.4977139	.1602893	.3419969	0
588.15	0	.4975924	.1604446	.341963	0
587.15	0	.4974717	.1605992	.3419292	0
586.15	0	.4973516	.160753	.3418953	0
585.15	0	.4972322	.1609062	.3418616	0
584.15	0	.4971135	.1610587	.3418278	0
583.15	0	.4969955	.1612104	.3417941	0
582.15	0	.4968781	.1613615	.3417604	0
581.15	0	.4967613	.1615119	.3417267	0
580.15	0	.4966453	.1616616	.3416931	0
579.15	0	.4965298	.1618107	.3416595	0
578.15	0	.496415	.1619591	.3416259	0
577.15	0	.4963008	.1621068	.3415924	0
576.15	0	.4961873	.1622539	.3415588	0
575.15	0	.4960743	.1624003	.3415254	0
574.15	0	.495962	.1625461	.3414919	0
573.15	0	.4958503	.1626912	.3414585	0
572.15	0	.4957392	.1628358	.3414251	0
571.15	0	.4956287	.1629796	.3413917	0
570.15	0	.4955188	.1631229	.3413583	0
569.15	0	.4954094	.1632656	.341325	0
568.15	0	.4953007	.1634076	.3412917	0
567.15	0	.4951925	.163549	.3412585	0
566.15	0	.4950849	.1636898	.3412253	0
565.15	0	.4949779	.1638301	.3411921	0
564.15	0	.4948714	.1639697	.3411589	0
563.15	0	.4947655	.1641087	.3411258	0
562.15	0	.4946602	.1642472	.3410926	0
561.15	0	.4945554	.164385	.3410596	0
560.15	0	.4944512	.1645223	.3410265	0
559.15	0	.4943474	.1646591	.3409935	0
558.15	0	.4942443	.1647952	.3409605	0
557.15	0	.4941416	.1649308	.3409276	0
556.15	0	.4940396	.1650658	.3408946	0
555.15	0	.493938	.1652003	.3408617	0
554.15	0	.4938369	.1653342	.3408289	0
553.15	0	.4937364	.1654676	.340796	0
552.15	0	.4936364	.1656004	.3407632	0
551.15	0	.493537	.1657327	.3407304	0
550.15	0	.493438	.1658644	.3406976	0
549.15	0	.4933395	.1659956	.3406649	0
548.15	0	.4932415	.1661263	.3406322	0
547.15	0	.493144	.1662564	.3405996	0
546.15	0	.493047	.166386	.340567	0
545.15	0	.4929505	.1665151	.3405344	0
544.15	0	.4928544	.1666437	.3405019	0
543.15	0	.4927589	.1667718	.3404693	0
542.15	0	.4926638	.1668993	.3404369	0
541.15	0	.4925692	.1670263	.3404044	0
540.15	0	.4924751	.1671529	.340372	0
539.15	0	.4923815	.1672789	.3403396	0
538.15	0	.4922883	.1674044	.3403073	0
537.15	0	.4921956	.1675295	.340275	0
536.15	0	.4921033	.167654	.3402427	0
535.15	0	.4920115	.167778	.3402104	0
534.15	0	.4919202	.1679016	.3401782	0
533.15	0	.4918293	.1680246	.3401461	0
532.15	0	.4917389	.1681472	.3401139	0
531.15	0	.4916489	.1682693	.3400818	0
530.15	0	.4915593	.1683909	.3400498	0
529.15	0	.4914702	.1685121	.3400177	0
528.15	0	.4913815	.1686327	.3399857	0
527.15	0	.4912933	.1687529	.3399538	0
526.15	0	.4912055	.1688726	.3399219	0
525.15	0	.4911181	.1689919	.33989	0
524.15	0	.4910312	.1691107	.3398582	0
523.15	0	.4909446	.169229	.3398264	0
522.15	0	.4908586	.1693469	.3397946	0
521.15	0	.4907729	.1694643	.3397629	0
520.15	0	.4906876	.1695812	.3397312	0
519.15	0	.4906028	.1696977	.3396996	0
518.15	0	.4905183	.1698137	.339668	0
517.15	0	.4904343	.1699293	.3396364	0
516.15	0	.4903507	.1700445	.3396049	0
515.15	0	.4902675	.1701592	.3395734	0
514.15	0	.4901846	.1702734	.339542	0
513.15	0	.4901022	.1703872	.3395106	0
512.15	0	.4900202	.1705006	.3394792	0
511.15	0	.4899386	.1706135	.3394479	0
510.15	0	.4898574	.170726	.3394166	0
509.15	0	.4897766	.170838	.3393854	0
508.15	0	.4896961	.1709496	.3393542	0
507.15	0	.4896161	.1710608	.3393231	0
506.15	0	.4895364	.1711716	.339292	0
505.15	0	.4894571	.1712819	.339261	0
504.15	0	.4893782	.1713918	.33923	0
503.15	0	.4892997	.1715013	.339199	0
502.15	0	.4892216	.1716103	.3391681	0
501.15	0	.4891438	.171719	.3391372	0
500.15	0	.4890664	.1718272	.3391064	0
499.15	0	.4889894	.1719349	.3390756	0
498.15	0	.4889128	.1720423	.3390449	0
497.15	0	.4888365	.1721493	.3390142	0
496.15	0	.4887606	.1722558	.3389836	0
495.15	0	.4886851	.1723619	.338953	0
494.15	0	.4886099	.1724676	.3389225	0
493.15	0	.4885351	.1725729	.338892	0
492.15	0	.4884606	.1726778	.3388616	0
491.15	0	.4883865	.1727823	.3388312	0
490.15	0	.4883128	.1728864	.3388009	0
489.15	0	.4882394	.17299	.3387706	0
488.15	0	.4881664	.1730933	.3387404	0
487.15	0	.4880937	.1731962	.3387102	0
486.15	0	.4880213	.1732986	.3386801	0
485.15	0	.4879494	.1734007	.33865	0
484.15	0	.4878777	.1735023	.33862	0
483.15	0	.4878064	.1736036	.33859	0
482.15	0	.4877355	.1737044	.3385601	0
481.15	0	.4876649	.1738049	.3385302	0
480.15	0	.4875946	.173905	.3385004	0
479.15	0	.4875247	.1740046	.3384707	0
478.15	0	.4874551	.1741039	.338441	0
477.15	0	.4873859	.1742028	.3384113	0
476.15	0	.4873169	.1743013	.3383818	0
475.15	0	.4872483	.1743994	.3383522	0
474.15	0	.4871801	.1744971	.3383228	0
473.15	0	.4871122	.1745945	.3382934	0
472.15	0	.4870446	.1746914	.338264	0
471.15	0	.4869773	.174788	.3382347	0
470.15	0	.4869104	.1748841	.3382055	0
469.15	0	.4868438	.1749799	.3381763	0
468.15	0	.4867775	.1750753	.3381472	0
467.15	0	.4867115	.1751704	.3381181	0
466.15	0	.4866459	.175265	.3380891	0
465.15	0	.4865806	.1753592	.3380602	0
464.15	0	.4865156	.1754531	.3380313	0
463.15	0	.4864509	.1755466	.3380025	0
462.15	0	.4863865	.1756397	.3379737	0
461.15	0	.4863225	.1757325	.337945	0
460.15	0	.4862588	.1758249	.3379164	0
459.15	0	.4861953	.1759169	.3378878	0
458.15	0	.4861322	.1760085	.3378593	0
457.15	0	.4860694	.1760997	.3378309	0
456.15	0	.4860069	.1761906	.3378025	0
455.15	0	.4859447	.1762811	.3377742	0
454.15	0	.4858829	.1763712	.3377459	0
453.15	0	.4858213	.176461	.3377177	0
452.15	0	.48576	.1765503	.3376896	0
451.15	0	.4856991	.1766394	.3376616	0
450.15	0	.4856384	.176728	.3376336	0
449.15	0	.4855781	.1768162	.3376057	0
448.15	0	.4855181	.1769041	.3375779	0
447.15	0	.4854584	.1769915	.3375501	0
446.15	0	.4853989	.1770786	.3375224	0
445.15	0	.4853399	.1771653	.3374948	0
444.15	0	.4852811	.1772517	.3374673	0
443.15	0	.4852226	.1773376	.3374398	0
442.15	0	.4851645	.1774231	.3374125	0
441.15	0	.4851066	.1775082	.3373852	0
440.15	0	.4850491	.177593	.337358	0
439.15	0	.4849919	.1776773	.3373308	0
438.15	0	.484935	.1777612	.3373038	0
437.15	0	.4848785	.1778447	.3372769	0
436.15	0	.4848222	.1779278	.33725	0
435.15	0	.4847663	.1780104	.3372233	0
434.15	0	.4847107	.1780927	.3371966	0
433.15	0	.4846555	.1781745	.33717	0
432.15	0	.4846005	.1782559	.3371435	0
431.15	0	.4845459	.1783369	.3371172	0
430.15	0	.4844917	.1784175	.3370909	0
429.15	0	.4844377	.1784976	.3370647	0
428.15	0	.4843841	.1785773	.3370386	0
427.15	0	.4843308	.1786566	.3370126	0
426.15	0	.4842778	.1787354	.3369868	0
425.15	0	.4842252	.1788139	.336961	0
424.15	0	.4841729	.1788918	.3369353	0
423.15	0	.4841209	.1789694	.3369098	0
422.15	0	.4840692	.1790465	.3368843	0
421.15	0	.4840179	.1791232	.3368589	0
420.15	0	.4839669	.1791995	.3368337	0
419.15	0	.4839162	.1792753	.3368085	0
418.15	0	.4838658	.1793507	.3367835	0
417.15	0	.4838158	.1794256	.3367586	0
416.15	0	.4837661	.1795002	.3367338	0
415.15	0	.4837167	.1795743	.3367091	0
414.15	0	.4836676	.1796479	.3366845	0
413.15	0	.4836189	.1797211	.33666	0
412.15	0	.4835704	.1797939	.3366356	0
411.15	0	.4835223	.1798663	.3366114	0
410.15	0	.4834745	.1799383	.3365872	0
409.15	0	.483427	.1800098	.3365632	0
408.15	0	.4833799	.1800809	.3365392	0
407.15	0	.483333	.1801515	.3365154	0
406.15	0	.4832865	.1802218	.3364917	0
405.15	0	.4832403	.1802916	.3364681	0
404.15	0	.4831944	.180361	.3364447	0
403.15	0	.4831488	.18043	.3364213	0
402.15	0	.4831035	.1804985	.336398	0
401.15	0	.4830584	.1805667	.3363749	0
400.15	0	.4830138	.1806344	.3363519	0
399.15	0	.4829694	.1807017	.3363289	0
398.15	0	.4829253	.1807686	.3363061	0
397.15	0	.4828815	.1808351	.3362834	0
396.15	0	.482838	.1809012	.3362609	0
395.15	0	.4827948	.1809669	.3362384	0
394.15	0	.4827519	.1810321	.336216	0
393.15	0	.4827092	.181097	.3361938	0
392.15	0	.4826669	.1811615	.3361717	0
391.15	0	.4826249	.1812255	.3361496	0
390.15	0	.4825831	.1812892	.3361277	0
389.15	0	.4825416	.1813525	.3361059	0
388.15	0	.4825004	.1814154	.3360842	0
387.15	0	.4824595	.1814779	.3360626	0
386.15	0	.4824189	.18154	.3360412	0
385.15	0	.4823785	.1816017	.3360198	0
384.15	0	.4823384	.181663	.3359985	0
383.15	0	.4822986	.181724	.3359774	0
382.15	0	.4822591	.1817846	.3359564	0
381.15	0	.4822198	.1818448	.3359354	0
380.15	0	.4821808	.1819046	.3359146	0
379.15	0	.482142	.1819641	.3358939	0
378.15	0	.4821035	.1820232	.3358733	0
377.15	0	.4820653	.1820819	.3358528	0
376.15	0	.4820273	.1821403	.3358324	0
375.15	0	.4819896	.1821983	.3358121	0
374.15	0	.4819521	.182256	.3357919	0
373.15	0	.4819149	.1823133	.3357718	0
372.15	0	.4818779	.1823702	.3357518	0
371.15	0	.4818412	.1824268	.335732	0
370.15	0	.4818047	.1824831	.3357122	0
369.15	0	.4817685	.182539	.3356925	0
368.15	0	.4817325	.1825946	.335673	0
367.15	0	.4816967	.1826498	.3356535	0
366.15	0	.4816612	.1827047	.3356341	0
365.15	0	.4816259	.1827592	.3356149	0
364.15	0	.4815908	.1828135	.3355957	0
363.15	0	.481556	.1828674	.3355766	0
362.15	0	.4815214	.1829209	.3355577	0
361.15	0	.481487	.1829742	.3355388	0
360.15	0	.4814528	.1830271	.3355201	0
359.15	0	.4814189	.1830797	.3355014	0
358.15	0	.4813852	.183132	.3354828	0
357.15	0	.4813516	.183184	.3354643	0
356.15	0	.4813183	.1832357	.3354459	0
355.15	0	.4812852	.1832871	.3354277	0
354.15	0	.4812524	.1833382	.3354095	0
353.15	0	.4812197	.1833889	.3353914	0
352.15	0	.4811872	.1834394	.3353734	0
351.15	0	.4811549	.1834896	.3353555	0
350.15	0	.4811229	.1835395	.3353377	0
349.15	0	.481091	.1835891	.33532	0
348.15	0	.4810593	.1836384	.3353023	0
347.15	0	.4810278	.1836874	.3352848	0
346.15	0	.4809965	.1837361	.3352673	0
345.15	0	.4809654	.1837846	.33525	0
344.15	0	.4809345	.1838328	.3352327	0
343.15	0	.4809038	.1838807	.3352155	0
342.15	0	.4808732	.1839283	.3351984	0
341.15	0	.4808428	.1839757	.3351814	0
340.15	0	.4808127	.1840228	.3351645	0
339.15	0	.4807826	.1840697	.3351477	0
338.15	0	.4807528	.1841163	.335131	0
337.15	0	.4807231	.1841626	.3351143	0
336.15	0	.4806936	.1842086	.3350977	0
335.15	0	.4806643	.1842545	.3350813	0
334.15	0	.4806351	.1843	.3350649	0
