T	 BPW(LIQUID)	BPW(BCC_A2)	BPW(FCC_A1)	BPW(LAVES_PHASE_C14)	BPW(NI3TI)
1473.15	0	1	0	0	0
1472.15	0	1	0	0	0
1471.15	0	1	0	0	0
1470.15	0	1	0	0	0
1469.15	0	1	0	0	0
1468.15	0	1	0	0	0
1467.15	0	1	0	0	0
1466.15	0	1	0	0	0
1465.15	0	1	0	0	0
1464.15	0	1	0	0	0
1463.15	0	1	0	0	0
1462.15	0	1	0	0	0
1461.15	0	1	0	0	0
1460.15	0	1	0	0	0
1459.15	0	1	0	0	0
1458.15	0	1	0	0	0
1457.15	0	1	0	0	0
1456.15	0	1	0	0	0
1455.15	0	1	0	0	0
1454.15	0	1	0	0	0
1453.15	0	1	0	0	0
1452.15	0	1	0	0	0
1451.15	0	1	0	0	0
1450.15	0	1	0	0	0
1449.15	0	1	0	0	0
1448.15	0	1	0	0	0
1447.15	0	1	0	0	0
1446.15	0	1	0	0	0
1445.15	0	1	0	0	0
1444.15	0	1	0	0	0
1443.15	0	1	0	0	0
1442.15	0	1	0	0	0
1441.15	0	1	0	0	0
1440.15	0	1	0	0	0
1439.15	0	1	0	0	0
1438.15	0	1	0	0	0
1437.15	0	1	0	0	0
1436.15	0	1	0	0	0
1435.15	0	1	0	0	0
1434.15	0	1	0	0	0
1433.15	0	1	0	0	0
1432.15	0	1	0	0	0
1431.15	0	1	0	0	0
1430.15	0	1	0	0	0
1429.15	0	1	0	0	0
1428.15	0	1	0	0	0
1427.15	0	1	0	0	0
1426.15	0	1	0	0	0
1425.15	0	1	0	0	0
1424.15	0	1	0	0	0
1423.15	0	1	0	0	0
1422.15	0	1	0	0	0
1421.15	0	1	0	0	0
1420.15	0	1	0	0	0
1419.15	0	1	0	0	0
1418.15	0	1	0	0	0
1417.15	0	1	0	0	0
1416.15	0	1	0	0	0
1415.15	0	1	0	0	0
1414.15	0	1	0	0	0
1413.15	0	1	0	0	0
1412.15	0	1	0	0	0
1411.15	0	1	0	0	0
1410.15	0	1	0	0	0
1409.15	0	1	0	0	0
1408.15	0	1	0	0	0
1407.15	0	1	0	0	0
1406.15	0	1	0	0	0
1405.15	0	1	0	0	0
1404.536	0	1	0	0	0
1404.536	0	1	0	0	0
1404.536	0	1	0	0	0
1404.15	0	.9991623	8.376739E-04	0	0
1403.15	0	.9969962	.003003833	0	0
1402.15	0	.9948353	.005164755	0	0
1401.15	0	.9926796	.007320442	0	0
1400.15	0	.9905291	.009470897	0	0
1399.15	0	.9883839	.01161612	0	0
1398.15	0	.9862439	.01375613	0	0
1397.15	0	.9841091	.01589091	0	0
1396.15	0	.9819795	.01802046	0	0
1395.15	0	.9798552	.02014481	0	0
1394.15	0	.9777361	.02226393	0	0
1393.15	0	.9756222	.02437785	0	0
1392.15	0	.9735134	.02648656	0	0
1391.15	0	.9714099	.02859006	0	0
1390.15	0	.9693116	.03068836	0	0
1389.15	0	.9672186	.03278145	0	0
1388.15	0	.9651307	.03486934	0	0
1387.15	0	.963048	.03695204	0	0
1386.15	0	.9609705	.03902954	0	0
1385.15	0	.9588982	.04110185	0	0
1384.15	0	.956831	.04316896	0	0
1383.15	0	.9547691	.04523089	0	0
1382.15	0	.9527124	.04728763	0	0
1381.15	0	.9506608	.04933918	0	0
1380.15	0	.9486144	.05138555	0	0
1379.15	0	.9465733	.05342673	0	0
1378.15	0	.9445373	.05546273	0	0
1377.15	0	.9425064	.05749355	0	0
1376.15	0	.9404808	.0595192	0	0
1375.15	0	.9384603	.06153966	0	0
1374.15	0	.9364451	.06355495	0	0
1373.15	0	.9344349	.06556506	0	0
1372.15	0	.93243	.06757	0	0
1371.15	0	.9304302	.06956976	0	0
1370.15	0	.9284356	.07156435	0	0
1369.15	0	.9264462	.07355377	0	0
1368.15	0	.924462	.07553802	0	0
1367.15	0	.9224829	.0775171	0	0
1366.15	0	.920509	.07949101	0	0
1365.15	0	.9185403	.08145974	0	0
1364.15	0	.9165767	.08342331	0	0
1363.15	0	.9146183	.08538171	0	0
1362.15	0	.9126651	.08733494	0	0
1361.15	0	.910717	.089283	0	0
1360.15	0	.9087741	.09122589	0	0
1359.15	0	.9068364	.09316361	0	0
1358.15	0	.9049038	.09509616	0	0
1357.15	0	.9029765	.09702354	0	0
1356.15	0	.9010542	.09894576	0	0
1355.15	0	.8991372	.1008628	0	0
1354.15	0	.8972253	.1027747	0	0
1353.15	0	.8953186	.1046814	0	0
1352.15	0	.8934171	.1065829	0	0
1351.15	0	.8915207	.1084793	0	0
1350.15	0	.8896296	.1103704	0	0
1349.15	0	.8877436	.1122564	0	0
1348.15	0	.8858627	.1141373	0	0
1347.15	0	.8839871	.1160129	0	0
1346.15	0	.8821166	.1178834	0	0
1345.15	0	.8802513	.1197487	0	0
1344.15	0	.8783912	.1216088	0	0
1343.15	0	.8765362	.1234638	0	0
1342.15	0	.8746865	.1253135	0	0
1341.15	0	.8728419	.1271581	0	0
1340.15	0	.8710026	.1289975	0	0
1339.15	0	.8691684	.1308316	0	0
1338.15	0	.8673394	.1326606	0	0
1337.15	0	.8655156	.1344845	0	0
1336.15	0	.8636969	.1363031	0	0
1335.15	0	.8618835	.1381165	0	0
1334.15	0	.8600753	.1399247	0	0
1333.15	0	.8582723	.1417277	0	0
1332.15	0	.8564745	.1435255	0	0
1331.15	0	.8546819	.1453181	0	0
1330.15	0	.8528945	.1471055	0	0
1329.15	0	.8511123	.1488877	0	0
1328.15	0	.8493353	.1506647	0	0
1327.15	0	.8475636	.1524364	0	0
1326.15	0	.8457971	.1542029	0	0
1325.15	0	.8440358	.1559642	0	0
1324.15	0	.8422797	.1577203	0	0
1323.15	0	.8405288	.1594712	0	0
1322.15	0	.8387832	.1612168	0	0
1321.15	0	.8370428	.1629572	0	0
1320.15	0	.8353077	.1646923	0	0
1319.15	0	.8335778	.1664222	0	0
1318.15	0	.8318532	.1681468	0	0
1317.15	0	.8301338	.1698662	0	0
1316.15	0	.8284197	.1715803	0	0
1315.15	0	.8267108	.1732892	0	0
1314.15	0	.8250072	.1749928	0	0
1313.15	0	.8233088	.1766912	0	0
1312.15	0	.8216158	.1783842	0	0
1311.15	0	.819928	.180072	0	0
1310.15	0	.8182455	.1817545	0	0
1309.15	0	.8165683	.1834317	0	0
1308.15	0	.8148963	.1851037	0	0
1307.15	0	.8132297	.1867703	0	0
1306.15	0	.8115684	.1884316	0	0
1305.15	0	.8099124	.1900876	0	0
1304.15	0	.8082617	.1917383	0	0
1303.15	0	.8066163	.1933837	0	0
1302.15	0	.8049762	.1950238	0	0
1301.15	0	.8033415	.1966585	0	0
1300.15	0	.8017121	.198288	0	0
1299.15	0	.800088	.199912	0	0
1298.15	0	.7984693	.2015307	0	0
1297.15	0	.7968559	.2031441	0	0
1296.15	0	.7952479	.2047521	0	0
1295.15	0	.7936452	.2063548	0	0
1294.15	0	.7920479	.2079521	0	0
1293.15	0	.790456	.209544	0	0
1292.15	0	.7888695	.2111305	0	0
1291.15	0	.7872884	.2127116	0	0
1290.15	0	.7857126	.2142874	0	0
1289.15	0	.7841423	.2158577	0	0
1288.15	0	.7825774	.2174227	0	0
1287.15	0	.7810178	.2189822	0	0
1286.15	0	.7794637	.2205363	0	0
1285.15	0	.7779151	.2220849	0	0
1284.15	0	.7763718	.2236282	0	0
1283.15	0	.7748341	.2251659	0	0
1282.15	0	.7733017	.2266983	0	0
1281.15	0	.7717749	.2282251	0	0
1280.15	0	.7702535	.2297465	0	0
1279.15	0	.7687375	.2312625	0	0
1278.15	0	.7672271	.2327729	0	0
1277.15	0	.7657221	.2342779	0	0
1276.15	0	.7642227	.2357773	0	0
1275.15	0	.7627287	.2372713	0	0
1274.15	0	.7612403	.2387597	0	0
1273.15	0	.7597574	.2402427	0	0
1272.15	0	.75828	.24172	0	0
1271.15	0	.7568081	.2431919	0	0
1270.15	0	.7553418	.2446582	0	0
1269.15	0	.7538811	.2461189	0	0
1268.15	0	.7524259	.2475741	0	0
1267.15	0	.7509763	.2490237	0	0
1266.15	0	.7495323	.2504677	0	0
1265.15	0	.7480939	.2519061	0	0
1264.15	0	.7466611	.2533389	0	0
1263.15	0	.7452339	.2547661	0	0
1262.15	0	.7438123	.2561877	0	0
1261.15	0	.7423964	.2576036	0	0
1260.15	0	.7409861	.2590139	0	0
1259.15	0	.7395815	.2604185	0	0
1258.15	0	.7381825	.2618175	0	0
1257.15	0	.7367892	.2632108	0	0
1256.15	0	.7354015	.2645985	0	0
1255.15	0	.7340196	.2659804	0	0
1254.15	0	.7326434	.2673566	0	0
1253.15	0	.7312729	.2687271	0	0
1252.15	0	.7299081	.2700919	0	0
1251.15	0	.728549	.271451	0	0
1250.15	0	.7271957	.2728043	0	0
1249.15	0	.7258482	.2741518	0	0
1248.15	0	.7245064	.2754936	0	0
1247.15	0	.7231704	.2768296	0	0
1246.15	0	.7218402	.2781598	0	0
1245.15	0	.7205158	.2794843	0	0
1244.15	0	.7191972	.2808028	0	0
1243.15	0	.7178844	.2821156	0	0
1242.15	0	.7165775	.2834225	0	0
1241.15	0	.7152764	.2847236	0	0
1240.15	0	.7139812	.2860188	0	0
1239.15	0	.7126918	.2873082	0	0
1238.15	0	.7114083	.2885917	0	0
1237.15	0	.7101308	.2898692	0	0
1236.15	0	.7088591	.2911409	0	0
1235.15	0	.7075934	.2924066	0	0
1234.15	0	.7063336	.2936664	0	0
1233.15	0	.7050798	.2949202	0	0
1232.15	0	.7038319	.2961681	0	0
1231.15	0	.70259	.29741	0	0
1230.15	0	.701354	.298646	0	0
1229.15	0	.7001241	.2998759	0	0
1228.15	0	.6989002	.3010998	0	0
1227.15	0	.6976823	.3023177	0	0
1226.15	0	.6964705	.3035295	0	0
1225.15	0	.6952647	.3047353	0	0
1224.15	0	.694065	.305935	0	0
1223.15	0	.6928713	.3071287	0	0
1222.15	0	.6916838	.3083162	0	0
1221.15	0	.6905023	.3094977	0	0
1220.15	0	.689327	.310673	0	0
1219.15	0	.6881578	.3118422	0	0
1218.15	0	.6869948	.3130052	0	0
1217.15	0	.685838	.314162	0	0
1216.15	0	.6846873	.3153127	0	0
1215.15	0	.6835428	.3164572	0	0
1214.15	0	.6824045	.3175955	0	0
1213.15	0	.6812725	.3187275	0	0
1212.15	0	.6801467	.3198533	0	0
1211.15	0	.6790271	.3209729	0	0
1210.15	0	.6779138	.3220862	0	0
1209.15	0	.6768068	.3231932	0	0
1208.15	0	.6757061	.3242939	0	0
1207.15	0	.6746117	.3253883	0	0
1206.15	0	.6735237	.3264763	0	0
1205.15	0	.672442	.327558	0	0
1204.15	0	.6713666	.3286334	0	0
1203.15	0	.6702977	.3297024	0	0
1202.15	0	.6692351	.3307649	0	0
1201.15	0	.6681789	.3318211	0	0
1200.15	0	.6671292	.3328708	0	0
1199.15	0	.6660859	.3339141	0	0
1198.15	0	.665049	.334951	0	0
1197.15	0	.6640187	.3359813	0	0
1196.15	0	.6629948	.3370052	0	0
1195.15	0	.6619774	.3380226	0	0
1194.15	0	.6609666	.3390334	0	0
1193.15	0	.6599623	.3400377	0	0
1192.15	0	.6589645	.3410355	0	0
1191.15	0	.6579733	.3420267	0	0
1190.15	0	.6569888	.3430112	0	0
1189.15	0	.6560108	.3439892	0	0
1188.15	0	.6550394	.3449606	0	0
1187.15	0	.6540747	.3459253	0	0
1186.15	0	.6531167	.3468834	0	0
1185.15	0	.6521653	.3478347	0	0
1184.15	0	.6512206	.3487794	0	0
1183.15	0	.6502826	.3497174	0	0
1182.15	0	.6493514	.3506486	0	0
1181.15	0	.6484269	.3515731	0	0
1180.15	0	.6475091	.3524909	0	0
1179.15	0	.6465982	.3534018	0	0
1178.15	0	.645694	.354306	0	0
1177.15	0	.6447967	.3552033	0	0
1176.15	0	.6439062	.3560938	0	0
1175.15	0	.6430225	.3569775	0	0
1174.15	0	.6421457	.3578543	0	0
1173.15	0	.6412758	.3587242	0	0
1172.15	0	.6404128	.3595872	0	0
1171.15	0	.6395567	.3604433	0	0
1170.15	0	.6387076	.3612924	0	0
1169.15	0	.6378654	.3621346	0	0
1168.15	0	.6370303	.3629697	0	0
1167.15	0	.6362021	.3637979	0	0
1166.15	0	.6353809	.3646191	0	0
1165.15	0	.6345667	.3654333	0	0
1164.15	0	.6337597	.3662403	0	0
1163.15	0	.6329596	.3670404	0	0
1162.15	0	.6321667	.3678333	0	0
1161.15	0	.6313809	.3686191	0	0
1160.15	0	.6306022	.3693978	0	0
1159.15	0	.6298306	.3701694	0	0
1158.15	0	.6290662	.3709338	0	0
1157.15	0	.628309	.371691	0	0
1156.15	0	.627559	.372441	0	0
1155.15	0	.6268162	.3731838	0	0
1154.15	0	.6260806	.3739194	0	0
1154.112	0	.6260527	.3739473	0	0
1154.112	0	.6260527	.3739473	0	0
1154.112	0	.6260527	.3739473	0	0
1153.15	0	.624774	.3748718	3.542133E-04	0
1152.15	0	.6234537	.3758249	7.213561E-04	0
1151.15	0	.6221429	.3767698	.001087353	0
1150.15	0	.6208415	.3777063	.001452207	0
1149.15	0	.6195496	.3786345	.00181592	0
1148.15	0	.6182672	.3795543	.002178497	0
1147.15	0	.6169944	.3804657	.002539938	0
1146.15	0	.615731	.3813687	.002900248	0
1145.15	0	.6144773	.3822633	.003259429	0
1144.15	0	.6132332	.3831493	.003617484	0
1143.15	0	.6119987	.3840269	.003974415	0
1142.15	0	.6107739	.3848959	.004330226	0
1141.15	0	.6095588	.3857563	.004684918	0
1140.15	0	.6083533	.3866082	.005038495	0
1139.15	0	.6071576	.3874514	.00539096	0
1138.15	0	.6059717	.3882859	.005742314	0
1137.15	0	.6047956	.3891118	.006092561	0
1136.15	0	.6036293	.389929	.006441704	0
1135.15	0	.6024729	.3907374	.006789744	0
1134.15	0	.6013263	.391537	.007136685	0
1133.15	0	.6001897	.3923278	.00748253	0
1132.15	0	.599063	.3931098	.00782728	0
1131.15	0	.5979462	.3938829	.008170938	0
1130.15	0	.5968394	.3946471	.008513507	0
1129.15	0	.5957426	.3954024	.00885499	0
1128.15	0	.5946559	.3961487	.009195389	0
1127.15	0	.5935793	.396886	.009534706	0
1126.15	0	.5925127	.3976144	.009872945	0
1125.15	0	.5914563	.3983336	.01021011	0
1124.15	0	.59041	.3990438	.0105462	0
1123.15	0	.5893739	.3997449	.01088121	0
1122.15	0	.588348	.4004369	.01121516	0
1121.15	0	.5873323	.4011197	.01154804	0
1120.15	0	.5863269	.4017933	.01187986	0
1119.15	0	.5853317	.4024577	.01221061	0
1118.15	0	.5843469	.4031128	.01254031	0
1117.15	0	.5833724	.4037586	.01286895	0
1116.15	0	.5824083	.4043951	.01319653	0
1115.15	0	.5814546	.4050223	.01352306	0
1114.15	0	.5805113	.4056401	.01384854	0
1113.15	0	.5795785	.4062486	.01417298	0
1112.15	0	.5786561	.4068475	.01449637	0
1111.15	0	.5777442	.4074371	.01481872	0
1110.15	0	.5768429	.4080171	.01514002	0
1109.15	0	.5759521	.4085876	.01546029	0
1108.15	0	.5750719	.4091486	.01577952	0
1107.15	0	.5742023	.4097	.01609772	0
1106.15	0	.5733433	.4102418	.01641489	0
1105.15	0	.5724949	.410774	.01673103	0
1104.15	0	.5716573	.4112966	.01704614	0
1103.15	0	.5708304	.4118094	.01736022	0
1102.15	0	.5700142	.4123126	.01767329	0
1101.15	0	.5692087	.412806	.01798533	0
1100.15	0	.568414	.4132896	.01829635	0
1099.15	0	.5676302	.4137635	.01860636	0
1098.15	0	.5668572	.4142275	.01891536	0
1097.15	0	.566095	.4146817	.01922334	0
1096.15	0	.5653437	.415126	.01953032	0
1095.15	0	.5646033	.4155604	.01983628	0
1094.15	0	.5638738	.415985	.02014124	0
1093.15	0	.5631553	.4163995	.0204452	0
1092.15	0	.5624477	.4168041	.02074816	0
1091.15	0	.5617512	.4171987	.02105011	0
1090.15	0	.5610656	.4175833	.02135107	0
1089.15	0	.5603911	.4179578	.02165104	0
1088.15	0	.5597277	.4183223	.02195001	0
1087.15	0	.5590753	.4186767	.02224799	0
1086.15	0	.558434	.419021	.02254498	0
1085.15	0	.5578039	.4193551	.02284099	0
1084.15	0	.5571849	.4196791	.02313601	0
1083.15	0	.556577	.4199929	.02343004	0
1082.15	0	.5559804	.4202965	.0237231	0
1081.15	0	.5553949	.4205899	.02401517	0
1080.15	0	.5548206	.4208731	.02430627	0
1079.15	0	.5542576	.421146	.02459639	0
1078.15	0	.5537059	.4214086	.02488554	0
1077.15	0	.5531654	.4216609	.02517372	0
1076.15	0	.5526362	.4219029	.02546092	0
1075.15	0	.5521183	.4221346	.02574716	0
1074.15	0	.5516117	.4223559	.02603244	0
1073.15	0	.5511164	.4225668	.02631674	0
1072.15	0	.5506325	.4227674	.02660009	0
1071.15	0	.55016	.4229576	.02688247	0
1070.15	0	.5496988	.4231373	.02716389	0
1069.15	0	.549249	.4233066	.02744436	0
1068.15	0	.5488107	.4234655	.02772387	0
1067.15	0	.5483837	.4236139	.02800243	0
1066.15	0	.5479682	.4237518	.02828003	0
1065.15	0	.5475641	.4238792	.02855668	0
1064.15	0	.5471714	.4239962	.02883238	0
1063.15	0	.5467902	.4241026	.02910714	0
1062.15	0	.5464205	.4241986	.02938095	0
1061.15	0	.5460623	.4242839	.02965381	0
1060.15	0	.5457155	.4243588	.02992573	0
1059.15	0	.5453802	.4244231	.03019671	0
1058.15	0	.5450564	.4244769	.03046675	0
1057.15	0	.5447441	.42452	.03073585	0
1056.15	0	.5444433	.4245527	.03100402	0
1055.15	0	.5441541	.4245747	.03127125	0
1054.15	0	.5438763	.4245862	.03153754	0
1053.15	0	.54361	.4245871	.0318029	0
1052.15	0	.5433553	.4245774	.03206733	0
1051.15	0	.5431121	.4245571	.03233083	0
1050.15	0	.5428804	.4245262	.0325934	0
1049.15	0	.5426602	.4244847	.03285504	0
1048.15	0	.5424516	.4244327	.03311576	0
1047.15	0	.5422544	.42437	.03337555	0
1046.15	0	.5420688	.4242968	.03363442	0
1045.15	0	.5418946	.424213	.03389237	0
1044.15	0	.541732	.4241186	.03414939	0
1043.15	0	.5415809	.4240136	.03440549	0
1042.15	0	.5414413	.4238981	.03466068	0
1041.15	0	.5413131	.4237719	.03491494	0
1040.15	0	.5411965	.4236353	.03516829	0
1039.15	0	.5410913	.423488	.03542072	0
1038.15	0	.5409975	.4233303	.03567224	0
1037.15	0	.5409152	.423162	.03592284	0
1036.15	0	.5408443	.4229831	.03617253	0
1035.15	0	.5407849	.4227938	.0364213	0
1034.15	0	.5407369	.422594	.03666917	0
1033.15	0	.5407002	.4223836	.03691612	0
1032.15	0	.540675	.4221629	.03716216	0
1031.15	0	.5406611	.4219316	.0374073	0
1030.15	0	.5406585	.42169	.03765152	0
1029.15	0	.5406673	.4214379	.03789483	0
1028.15	0	.5406874	.4211754	.03813724	0
1027.15	0	.5407187	.4209025	.03837874	0
1026.15	0	.5407614	.4206193	.03861934	0
1025.15	0	.5408152	.4203258	.03885902	0
1024.15	0	.5408803	.4200219	.0390978	0
1023.15	0	.5409566	.4197078	.03933568	0
1022.15	0	.541044	.4193834	.03957265	0
1021.15	0	.5411425	.4190487	.03980871	0
1020.15	0	.5412522	.4187039	.04004387	0
1019.15	0	.541373	.4183489	.04027813	0
1018.15	0	.5415048	.4179837	.04051148	0
1017.15	0	.5416476	.4176085	.04074392	0
1016.15	0	.5418014	.4172231	.04097546	0
1015.15	0	.5419662	.4168278	.0412061	0
1014.15	0	.5421418	.4164224	.04143583	0
1013.15	0	.5423284	.416007	.04166466	0
1012.15	0	.5425257	.4155817	.04189258	0
1011.15	0	.5427339	.4151465	.04211959	0
1010.15	0	.5429529	.4147014	.0423457	0
1009.15	0	.5431825	.4142466	.0425709	0
1008.15	0	.5434229	.4137819	.04279519	0
1007.15	0	.5436739	.4133076	.04301858	0
1006.15	0	.5439354	.4128235	.04324105	0
1005.15	0	.5442075	.4123298	.04346262	0
1004.15	0	.5444902	.4118266	.04368328	0
1003.15	0	.5447832	.4113138	.04390302	0
1002.15	0	.5450867	.4107915	.04412186	0
1001.15	0	.5454005	.4102598	.04433978	0
1000.15	0	.5457246	.4097186	.04455678	0
999.15	0	.5460589	.4091682	.04477287	0
998.15	0	.5464035	.4086085	.04498804	0
997.15	0	.5467581	.4080396	.04520229	0
996.15	0	.5471229	.4074615	.04541562	0
995.15	0	.5474976	.4068743	.04562803	0
994.15	0	.5478823	.4062781	.04583952	0
993.15	0	.5482769	.405673	.04605008	0
992.15	0	.5486814	.4050589	.04625971	0
991.15	0	.5490956	.404436	.04646841	0
990.15	0	.5495195	.4038043	.04667618	0
989.15	0	.5499531	.4031639	.04688302	0
988.15	0	.5503962	.4025148	.04708892	0
987.15	0	.5508489	.4018572	.04729387	0
986.15	0	.551311	.4011912	.04749789	0
985.15	0	.5517824	.4005166	.04770096	0
984.15	0	.5522631	.3998338	.04790308	0
983.15	0	.5527531	.3991427	.04810425	0
982.15	0	.5532521	.3984434	.04830447	0
981.15	0	.5537603	.397736	.04850372	0
980.15	0	.5542774	.3970206	.04870202	0
979.15	0	.5548035	.3962972	.04889935	0
978.15	0	.5553383	.395566	.04909571	0
977.15	0	.5558819	.394827	.0492911	0
976.15	0	.5564342	.3940803	.0494855	0
975.15	0	.556995	.393326	.04967893	0
974.15	0	.5575644	.3925643	.04987137	0
973.15	0	.5581421	.3917951	.05006281	0
972.15	0	.5587281	.3910186	.05025326	0
971.15	0	.5593224	.3902349	.05044271	0
970.15	0	.5599248	.3894441	.05063115	0
969.15	0	.5605352	.3886462	.05081858	0
968.15	0	.5611536	.3878414	.05100499	0
967.15	0	.5617798	.3870298	.05119037	0
966.15	0	.5624138	.3862115	.05137472	0
965.15	0	.5630554	.3853866	.05155803	0
964.15	0	.5637045	.3845552	.0517403	0
963.15	0	.5643611	.3837174	.05192151	0
962.15	0	.565025	.3828733	.05210167	0
961.15	0	.5656962	.382023	.05228076	0
960.15	0	.5663745	.3811667	.05245877	0
959.15	0	.5670598	.3803045	.05263571	0
958.15	0	.567752	.3794364	.05281154	0
957.15	0	.568451	.3785627	.05298628	0
956.15	0	.5691567	.3776834	.05315991	0
955.15	0	.5698689	.3767986	.05333242	0
954.15	0	.5705876	.3759086	.0535038	0
953.15	0	.5713126	.3750133	.05367404	0
952.15	0	.5720438	.374113	.05384314	0
951.15	0	.5727811	.3732078	.05401107	0
950.15	0	.5735244	.3722978	.05417782	0
949.15	0	.5742734	.3713832	.0543434	0
948.15	0	.5750282	.370464	.05450777	0
947.15	0	.5757885	.3695405	.05467094	0
946.15	0	.5765543	.3686128	.05483289	0
945.15	0	.5773253	.3676811	.0549936	0
944.15	0	.5781015	.3667454	.05515306	0
943.15	0	.5788827	.365806	.05531125	0
942.15	0	.5796688	.364863	.05546816	0
941.15	0	.5804596	.3639166	.05562378	0
940.15	0	.581255	.3629669	.05577809	0
939.15	0	.5820548	.3620142	.05593106	0
938.15	0	.5828588	.3610585	.05608269	0
937.15	0	.583667	.3601001	.05623295	0
936.15	0	.5844791	.3591391	.05638183	0
935.15	0	.5851564	.3583086	.05653506	0
934.15	0	.585708	.3576	.056692	0
933.15	0	.586295	.3568591	.0568459	0
932.15	0	.5869158	.3560874	.05699681	0
931.15	0	.5875691	.3552861	.0571448	0
930.15	0	.5882536	.3544565	.05728992	0
929.15	0	.5889679	.3535999	.05743223	0
928.15	0	.5897108	.3527174	.05757178	0
927.15	0	.5904811	.3518103	.05770862	0
926.15	0	.5912776	.3508796	.05784279	0
925.15	0	.5920992	.3499265	.05797435	0
924.15	0	.5929447	.348952	.05810332	0
923.15	0	.5938131	.3479571	.05822975	0
922.15	0	.5947034	.3469429	.05835369	0
921.15	0	.5956145	.3459104	.05847515	0
920.15	0	.5965455	.3448604	.05859419	0
919.15	0	.5974953	.3437938	.05871082	0
918.15	0	.5984633	.3427117	.05882509	0
917.15	0	.5994483	.3416147	.05893701	0
916.15	0	.6004495	.3405038	.05904664	0
915.15	0	.6014662	.3393799	.05915397	0
914.15	0	.6024974	.3382435	.05925906	0
913.15	0	.6035425	.3370956	.05936191	0
912.15	0	.6046006	.3359369	.05946256	0
911.15	0	.6056709	.3347681	.05956102	0
910.15	0	.6067528	.3335898	.05965733	0
909.15	0	.6078456	.3324029	.0597515	0
908.15	0	.6089486	.3312079	.05984356	0
907.15	0	.610061	.3300055	.05993352	0
906.15	0	.6111823	.3287963	.0600214	0
905.15	0	.6123118	.327581	.06010723	0
904.15	0	.6134489	.3263601	.06019102	0
903.15	0	.6145931	.3251342	.0602728	0
902.15	0	.6157436	.3239038	.06035257	0
901.15	0	.6169001	.3226695	.06043037	0
900.15	0	.6180619	.3214319	.0605062	0
899.15	0	.6192284	.3201915	.06058008	0
898.15	0	.6203993	.3189487	.06065203	0
897.15	0	.6215739	.317704	.06072207	0
896.15	0	.6227518	.316458	.06079021	0
895.15	0	.6239325	.315211	.06085647	0
894.15	0	.6251156	.3139636	.06092087	0
893.15	0	.6263005	.3127161	.06098341	0
892.15	0	.6274869	.311469	.06104413	0
891.15	0	.6286743	.3102227	.06110303	0
890.15	0	.6298623	.3089776	.06116012	0
889.15	0	.6310505	.3077341	.06121543	0
888.15	0	.6322385	.3064925	.06126898	0
887.15	0	.6334259	.3052533	.06132077	0
886.15	0	.6346124	.3040167	.06137081	0
885.15	0	.6357976	.3027832	.06141914	0
884.15	0	.6369812	.3015531	.06146576	0
883.15	0	.6381627	.3003266	.06151069	0
882.15	0	.6393419	.2991041	.06155395	0
881.15	0	.6405185	.297886	.06159555	0
880.15	0	.6416921	.2966724	.0616355	0
879.15	0	.6428625	.2954637	.06167383	0
878.15	0	.6440293	.2942601	.06171055	0
877.15	0	.6451923	.293062	.06174567	0
876.15	0	.6463512	.2918696	.06177921	0
875.15	0	.6475057	.2906831	.0618112	0
874.15	0	.6486557	.2895027	.06184164	0
873.15	0	.6498007	.2883287	.06187055	0
872.15	0	.6509407	.2871614	.06189795	0
871.15	0	.6520753	.2860009	.06192385	0
870.15	0	.6532044	.2848473	.06194828	0
869.15	0	.6543277	.2837011	.06197124	0
868.15	0	.6554451	.2825622	.06199276	0
867.15	0	.6565563	.2814308	.06201286	0
866.15	0	.6576612	.2803073	.06203154	0
865.15	0	.6587596	.2791916	.06204883	0
864.15	0	.6598513	.278084	.06206475	0
863.15	0	.6609361	.2769846	.06207931	0
862.15	0	.662014	.2758935	.06209252	0
861.15	0	.6630847	.2748109	.06210441	0
860.15	0	.6641481	.2737369	.062115	0
859.15	0	.6652042	.2726715	.06212429	0
858.15	0	.6662527	.271615	.06213232	0
857.15	0	.6672936	.2705674	.06213908	0
856.15	0	.6683267	.2695287	.06214461	0
855.15	0	.6693519	.2684991	.06214892	0
854.15	0	.6703693	.2674787	.06215203	0
853.15	0	.6713786	.2664675	.06215394	0
852.15	0	.6723798	.2654655	.06215469	0
851.15	0	.6733728	.2644729	.06215428	0
850.15	0	.6743576	.2634897	.06215274	0
849.15	0	.675334	.2625159	.06215007	0
848.15	0	.6763021	.2615516	.0621463	0
847.15	0	.6772619	.2605967	.06214145	0
846.15	0	.6782131	.2596514	.06213552	0
845.15	0	.6791559	.2587156	.06212854	0
844.15	0	.6800902	.2577893	.06212052	0
843.15	0	.6810159	.2568726	.06211147	0
842.15	0	.6819331	.2559655	.06210142	0
841.15	0	.6828417	.2550679	.06209037	0
840.15	0	.6837418	.2541799	.06207835	0
839.15	0	.6846333	.2533014	.06206537	0
838.15	0	.6855162	.2524324	.06205144	0
837.15	0	.6863905	.2515729	.06203657	0
836.15	0	.6872563	.2507229	.06202079	0
835.15	0	.6881135	.2498824	.06200411	0
834.15	0	.6889622	.2490512	.06198653	0
833.15	0	.6898024	.2482295	.06196809	0
832.15	0	.6906342	.2474171	.06194878	0
831.15	0	.6914574	.246614	.06192862	0
830.15	0	.6922723	.2458201	.06190763	0
829.15	0	.6930787	.2450355	.06188581	0
828.15	0	.6938769	.24426	.06186319	0
827.15	0	.6946667	.2434936	.06183978	0
826.15	0	.6954482	.2427362	.06181558	0
825.15	0	.6962216	.2419878	.06179061	0
824.15	0	.6969867	.2412484	.06176489	0
823.15	0	.6977438	.2405178	.06173842	0
822.15	0	.6984928	.239796	.06171121	0
821.15	0	.6992337	.239083	.06168329	0
820.15	0	.6999668	.2383786	.06165465	0
819.15	0	.7006919	.2376828	.06162531	0
818.15	0	.7014092	.2369955	.06159529	0
817.15	0	.7021188	.2363167	.06156459	0
816.15	0	.7028206	.2356462	.06153322	0
815.15	0	.7035147	.2349841	.0615012	0
814.15	0	.7042013	.2343301	.06146854	0
813.15	0	.7048804	.2336844	.06143523	0
812.15	0	.705552	.2330467	.06140131	0
811.15	0	.7062162	.232417	.06136677	0
810.15	0	.7068731	.2317952	.06133163	0
809.15	0	.7075228	.2311813	.06129589	0
808.15	0	.7081653	.2305752	.06125957	0
807.15	0	.7088006	.2299767	.06122267	0
806.15	0	.709429	.2293858	.06118521	0
805.15	0	.7100503	.2288025	.06114719	0
804.15	0	.7106647	.2282267	.06110862	0
803.15	0	.7112723	.2276582	.06106951	0
802.15	0	.7118732	.227097	.06102987	0
801.15	0	.7124673	.226543	.06098972	0
800.15	0	.7130548	.2259962	.06094905	0
799.15	0	.7136357	.2254564	.06090787	0
798.15	0	.7142102	.2249236	.0608662	0
797.15	0	.7147782	.2243978	.06082404	0
796.15	0	.7153398	.2238788	.06078141	0
795.15	0	.7158952	.2233665	.0607383	0
794.15	0	.7164444	.2228609	.06069473	0
793.15	0	.7169874	.2223619	.0606507	0
792.15	0	.7175243	.2218695	.06060623	0
791.15	0	.7180552	.2213835	.06056132	0
790.15	0	.7185801	.2209039	.06051597	0
789.15	0	.7190992	.2204306	.0604702	0
788.15	0	.7196124	.2199636	.06042402	0
787.15	0	.7201199	.2195027	.06037742	0
786.15	0	.7206216	.219048	.06033043	0
785.15	0	.7211177	.2185992	.06028304	0
784.15	0	.7216083	.2181565	.06023526	0
783.15	0	.7220933	.2177196	.0601871	0
782.15	0	.7225729	.2172886	.06013856	0
781.15	0	.7230471	.2168633	.06008966	0
780.15	0	.7235159	.2164437	.0600404	0
779.15	0	.7239795	.2160297	.05999079	0
778.15	0	.7244379	.2156213	.05994083	0
777.15	0	.7248911	.2152184	.05989054	0
776.15	0	.7253392	.2148209	.0598399	0
775.15	0	.7257823	.2144288	.05978895	0
774.15	0	.7262203	.214042	.05973767	0
773.15	0	.7266535	.2136604	.05968608	0
772.15	0	.7270817	.2132841	.05963418	0
771.15	0	.7275052	.2129128	.05958198	0
770.15	0	.7279238	.2125467	.05952949	0
769.15	0	.7283378	.2121855	.05947671	0
768.15	0	.7287471	.2118293	.05942365	0
767.15	0	.7291517	.211478	.0593703	0
766.15	0	.7295518	.2111315	.05931669	0
765.15	0	.7299474	.2107898	.05926282	0
764.15	0	.7303385	.2104528	.05920869	0
763.15	0	.7307252	.2101205	.0591543	0
762.15	0	.7311075	.2097929	.05909966	0
761.15	0	.7314855	.2094698	.05904479	0
760.15	0	.7318592	.2091512	.05898967	0
759.15	0	.7322287	.208837	.05893433	0
758.15	0	.732594	.2085273	.05887876	0
757.15	0	.7329551	.2082219	.05882297	0
756.15	0	.7333122	.2079208	.05876697	0
755.15	0	.7336652	.207624	.05871076	0
754.15	0	.7340142	.2073314	.05865434	0
753.15	0	.7343593	.207043	.05859773	0
752.15	0	.7347004	.2067587	.05854092	0
751.2415	0	.735007	.2065039	.05848914	0
751.2415	0	.735007	.2065039	.05848914	0
751.2415	0	.735007	.2065039	.05848914	0
751.15	0	.7352311	.2061862	.05838745	1.952643E-04
750.15	0	.7376524	.2027473	.05728396	.002316391
749.15	0	.7400222	.1993688	.05619453	.004414483
748.15	0	.7423418	.1960494	.0551189	.0064899
747.15	0	.7446123	.1927879	.05405683	.008543
746.15	0	.7468348	.189583	.05300807	.01057413
745.15	0	.7490104	.1864336	.0519724	.01258364
744.15	0	.7511402	.1833384	.05094957	.01457186
743.15	0	.7532252	.1802963	.04993937	.01653913
742.15	0	.7552665	.1773062	.04894155	.01848577
741.15	0	.757265	.174367	.04795592	.0204121
740.15	0	.7592217	.1714776	.04698224	.02231844
739.15	0	.7611375	.1686371	.0460203	.0242051
738.15	0	.7630135	.1658442	.04506991	.02607239
737.15	0	.7648504	.1630982	.04413084	.02792061
736.15	0	.7666492	.1603979	.0432029	.02975004
735.15	0	.7684107	.1577424	.04228589	.03156099
734.15	0	.7701358	.1551308	.04137961	.03335374
733.15	0	.7718254	.1525622	.04048388	.03512856
732.15	0	.7734801	.1500356	.0395985	.03688574
731.15	0	.7751009	.1475502	.0387233	.03862555
730.15	0	.7766885	.1451052	.03785808	.04034826
729.15	0	.7782436	.1426996	.03700267	.04205413
728.15	0	.779767	.1403327	.0361569	.04374342
727.15	0	.7812593	.1380037	.03532059	.04541638
726.15	0	.7827214	.1357117	.03449357	.04707327
725.15	0	.7841539	.1334561	.03367568	.04871433
724.15	0	.7855574	.131236	.03286676	.0503398
723.15	0	.7869327	.1290507	.03206664	.05194993
722.15	0	.7882803	.1268996	.03127517	.05354495
721.15	0	.7896009	.1247818	.0304922	.05512509
720.15	0	.7908951	.1226968	.02971757	.05669058
719.15	0	.7921635	.1206437	.02895113	.05824164
718.15	0	.7934067	.1186221	.02819275	.05977849
717.15	0	.7946252	.1166312	.02744227	.06130135
716.15	0	.7958196	.1146704	.02669956	.06281043
715.15	0	.7969905	.1127391	.02596447	.06430594
714.15	0	.7981384	.1108366	.02523689	.06578809
713.15	0	.7992638	.1089625	.02451666	.06725708
712.15	0	.8003672	.1071161	.02380366	.06871311
711.15	0	.8014491	.1052968	.02309777	.07015637
710.15	0	.80251	.1035041	.02239886	.07158706
709.15	0	.8035503	.1017375	.02170681	.07300537
708.15	0	.8045706	.09999648	.02102149	.07441148
707.15	0	.8055712	.09828044	.02034279	.07580558
706.15	0	.8065526	.09658892	.0196706	.07718784
705.15	0	.8075153	.09492142	.01900479	.07855845
704.15	0	.8084597	.09327747	.01834527	.07991758
703.15	0	.8093861	.09165658	.01769191	.0812654
702.15	0	.810295	.0900583	.01704462	.08260208
701.15	0	.8111868	.08848217	.01640329	.08392779
700.15	0	.8120617	.08692776	.01576781	.08524269
699.15	0	.8129203	.08539463	.01513809	.08654694
698.15	0	.8137629	.08388236	.01451402	.08784069
697.15	0	.8145898	.08239053	.01389552	.08912411
696.15	0	.8154014	.08091874	.01328248	.09039734
695.15	0	.8161981	.0794666	.01267481	.09166054
694.15	0	.81698	.07803372	.01207242	.09291385
693.15	0	.8177476	.07661972	.01147523	.09415742
692.15	0	.8185012	.07522422	.01088314	.09539139
691.15	0	.8192412	.07384688	.01029606	.0966159
690.15	0	.8199677	.07248732	.00971392	.09783109
689.15	0	.8206811	.07114521	.009136631	.0990371
688.15	0	.8213816	.06982021	.008564112	.1002341
687.15	0	.8220696	.06851198	.007996284	.1014221
686.15	0	.8227454	.0672202	.00743307	.1026013
685.15	0	.8234091	.06594455	.006874393	.1037719
684.15	0	.8240611	.06468471	.006320178	.104934
683.15	0	.8247016	.0634404	.005770352	.1060876
682.15	0	.8253309	.0622113	.005224844	.1072329
681.15	0	.8259492	.06099712	.004683583	.1083701
680.15	0	.8265567	.05979759	.0041465	.1094992
679.15	0	.8271537	.05861241	.003613527	.1106204
678.15	0	.8277404	.05744132	.003084599	.1117337
677.15	0	.828317	.05628405	.00255965	.1128393
676.15	0	.8288837	.05514033	.002038616	.1139373
675.15	0	.8294408	.05400992	.001521435	.1150278
674.15	0	.8299885	.05289255	.001008045	.1161109
673.15	0	.8305269	.05178799	4.983874E-04	.1171867
672.1651	0	.8310483	.05071235	0	.1182393
672.1651	0	.8310483	.05071235	0	.1182393
672.15	0	.8310475	.0507109	0	.1182416
671.15	0	.8309915	.05061676	0	.1183917
670.15	0	.8309342	.05052697	0	.1185388
669.15	0	.8308756	.05044146	0	.118683
668.15	0	.8308157	.05036015	0	.1188242
667.15	0	.8307545	.05028296	0	.1189625
666.15	0	.8306922	.05020984	0	.119098
665.15	0	.8306286	.05014069	0	.1192307
664.15	0	.8305639	.05007546	0	.1193606
663.15	0	.830498	.05001407	0	.1194879
662.15	0	.8304311	.04995645	0	.1196125
661.15	0	.830363	.04990254	0	.1197345
660.15	0	.8302938	.04985226	0	.1198539
659.15	0	.8302236	.04980555	0	.1199709
658.15	0	.8301524	.04976235	0	.1200853
657.15	0	.8300801	.04972258	0	.1201973
656.15	0	.8300069	.04968619	0	.1203069
655.15	0	.8299327	.04965311	0	.1204142
654.15	0	.8298575	.04962328	0	.1205192
653.15	0	.8297814	.04959663	0	.120622
652.15	0	.8297044	.04957311	0	.1207225
651.15	0	.8296266	.04955266	0	.1208208
650.15	0	.8295478	.04953521	0	.120917
649.15	0	.8294682	.04952071	0	.1210111
648.15	0	.8293878	.0495091	0	.1211031
647.15	0	.8293065	.04950033	0	.1211932
646.15	0	.8292245	.04949433	0	.1212812
645.15	0	.8291416	.04949106	0	.1213673
644.15	0	.829058	.04949045	0	.1214515
643.15	0	.8289737	.04949246	0	.1215339
642.15	0	.8288886	.04949703	0	.1216144
641.15	0	.8288028	.04950411	0	.1216931
640.15	0	.8287163	.04951364	0	.1217701
639.15	0	.8286291	.04952559	0	.1218453
638.15	0	.8285412	.04953989	0	.1219189
637.15	0	.8284527	.0495565	0	.1219908
636.15	0	.8283635	.04957537	0	.1220611
635.15	0	.8282738	.04959645	0	.1221298
634.15	0	.8281833	.04961969	0	.122197
633.15	0	.8280923	.04964506	0	.1222626
632.15	0	.8280008	.0496725	0	.1223268
631.15	0	.8279086	.04970196	0	.1223895
630.15	0	.8278161	.04973339	0	.1224505
629.15	0	.8277228	.04976678	0	.1225104
628.15	0	.827629	.04980207	0	.1225689
627.15	0	.8275346	.04983922	0	.1226261
626.15	0	.8274398	.04987818	0	.1226821
625.15	0	.8273444	.04991891	0	.1227367
624.15	0	.8272486	.04996138	0	.1227901
623.15	0	.8271522	.05000554	0	.1228422
622.15	0	.8270554	.05005135	0	.1228932
621.15	0	.8269582	.05009879	0	.122943
620.15	0	.8268605	.0501478	0	.1229917
619.15	0	.8267624	.05019835	0	.1230393
618.15	0	.8266638	.0502504	0	.1230858
617.15	0	.8265649	.05030393	0	.1231312
616.15	0	.8264655	.05035889	0	.1231756
615.15	0	.8263657	.05041525	0	.123219
614.15	0	.8262656	.05047297	0	.1232614
613.15	0	.8261651	.05053203	0	.1233029
612.15	0	.8260642	.05059239	0	.1233434
611.15	0	.825963	.05065401	0	.123383
610.15	0	.8258614	.05071686	0	.1234218
609.15	0	.8257595	.05078092	0	.1234596
608.15	0	.8256572	.05084615	0	.1234966
607.15	0	.8255547	.05091252	0	.1235328
606.15	0	.8254518	.05098001	0	.1235682
605.15	0	.8253487	.05104857	0	.1236028
604.15	0	.8252452	.05111819	0	.1236366
603.15	0	.8251414	.05118884	0	.1236697
602.15	0	.8250374	.05126048	0	.1237021
601.15	0	.8249332	.0513331	0	.1237338
600.15	0	.8248286	.05140666	0	.1237647
599.15	0	.8247238	.05148113	0	.1237951
598.15	0	.8246188	.0515565	0	.1238247
597.15	0	.8245135	.05163273	0	.1238538
596.15	0	.824408	.0517098	0	.1238822
595.15	0	.8243023	.05178768	0	.12391
594.15	0	.8241963	.05186636	0	.1239373
593.15	0	.8240902	.05194581	0	.123964
592.15	0	.8239839	.052026	0	.1239901
591.15	0	.8238773	.05210691	0	.1240158
590.15	0	.8237706	.05218852	0	.1240409
589.15	0	.8236637	.05227081	0	.1240655
588.15	0	.8235566	.05235375	0	.1240896
587.15	0	.8234494	.05243733	0	.1241133
586.15	0	.823342	.05252151	0	.1241365
585.15	0	.8232345	.05260629	0	.1241592
584.15	0	.8231268	.05269164	0	.1241816
583.15	0	.823019	.05277754	0	.1242035
582.15	0	.822911	.05286397	0	.124225
581.15	0	.8228029	.05295092	0	.1242462
580.15	0	.8226947	.05303835	0	.124267
579.15	0	.8225864	.05312627	0	.1242874
578.15	0	.822478	.05321463	0	.1243074
577.15	0	.8223694	.05330344	0	.1243271
576.15	0	.8222608	.05339266	0	.1243465
575.15	0	.8221521	.05348229	0	.1243656
574.15	0	.8220433	.05357231	0	.1243844
573.15	0	.8219344	.05366269	0	.1244029
572.15	0	.8218254	.05375343	0	.1244211
571.15	0	.8217164	.05384451	0	.1244391
570.15	0	.8216073	.0539359	0	.1244568
569.15	0	.8214982	.0540276	0	.1244742
568.15	0	.821389	.05411959	0	.1244914
567.15	0	.8212798	.05421185	0	.1245084
566.15	0	.8211705	.05430438	0	.1245252
565.15	0	.8210612	.05439714	0	.1245417
564.15	0	.8209518	.05449014	0	.124558
563.15	0	.8208424	.05458336	0	.1245742
562.15	0	.820733	.05467678	0	.1245902
561.15	0	.8206236	.05477038	0	.124606
560.15	0	.8205142	.05486417	0	.1246216
559.15	0	.8204048	.05495811	0	.1246371
558.15	0	.8202954	.05505221	0	.1246524
557.15	0	.8201859	.05514644	0	.1246676
556.15	0	.8200765	.0552408	0	.1246827
555.15	0	.8199671	.05533527	0	.1246976
554.15	0	.8198577	.05542983	0	.1247124
553.15	0	.8197484	.05552449	0	.1247271
552.15	0	.8196391	.05561922	0	.1247417
551.15	0	.8195298	.05571402	0	.1247562
550.15	0	.8194205	.05580887	0	.1247706
549.15	0	.8193113	.05590377	0	.124785
548.15	0	.8192021	.0559987	0	.1247992
547.15	0	.8190929	.05609364	0	.1248134
546.15	0	.8189839	.0561886	0	.1248275
545.15	0	.8188749	.05628356	0	.1248416
544.15	0	.8187659	.0563785	0	.1248556
543.15	0	.818657	.05647343	0	.1248696
542.15	0	.8185482	.05656833	0	.1248835
541.15	0	.8184394	.05666319	0	.1248974
540.15	0	.8183308	.05675799	0	.1249112
539.15	0	.8182222	.05685274	0	.1249251
538.15	0	.8181137	.05694742	0	.1249389
537.15	0	.8180053	.05704203	0	.1249527
536.15	0	.817897	.05713655	0	.1249665
535.15	0	.8177888	.05723097	0	.1249803
534.15	0	.8176807	.05732529	0	.1249941
533.15	0	.8175727	.0574195	0	.1250078
532.15	0	.8174648	.05751359	0	.1250216
531.15	0	.817357	.05760755	0	.1250355
530.15	0	.8172493	.05770137	0	.1250493
529.15	0	.8171418	.05779505	0	.1250631
528.15	0	.8170344	.05788857	0	.125077
527.15	0	.8169271	.05798194	0	.125091
526.15	0	.81682	.05807513	0	.1251049
525.15	0	.816713	.05816816	0	.1251189
524.15	0	.8166061	.058261	0	.1251329
523.15	0	.8164994	.05835365	0	.125147
522.15	0	.8163928	.0584461	0	.1251611
521.15	0	.8162864	.05853835	0	.1251753
520.15	0	.8161801	.05863039	0	.1251895
519.15	0	.816074	.0587222	0	.1252038
518.15	0	.815968	.0588138	0	.1252182
517.15	0	.8158622	.05890516	0	.1252326
516.15	0	.8157566	.05899629	0	.1252471
515.15	0	.8156512	.05908717	0	.1252617
514.15	0	.8155459	.05917781	0	.1252763
513.15	0	.8154408	.05926818	0	.125291
512.15	0	.8153359	.05935829	0	.1253058
511.15	0	.8152312	.05944814	0	.1253207
510.15	0	.8151267	.05953771	0	.1253356
509.15	0	.8150223	.059627	0	.1253507
508.15	0	.8149182	.05971601	0	.1253658
507.15	0	.8148142	.05980472	0	.1253811
506.15	0	.8147105	.05989313	0	.1253964
505.15	0	.8146069	.05998125	0	.1254118
504.15	0	.8145036	.06006905	0	.1254274
503.15	0	.8144004	.06015654	0	.125443
502.15	0	.8142975	.06024371	0	.1254587
501.15	0	.8141949	.06033056	0	.1254746
500.15	0	.8140924	.06041708	0	.1254905
499.15	0	.8139901	.06050327	0	.1255066
498.15	0	.8138881	.06058911	0	.1255228
497.15	0	.8137863	.06067462	0	.1255391
496.15	0	.8136848	.06075977	0	.1255555
495.15	0	.8135834	.06084457	0	.125572
494.15	0	.8134823	.06092902	0	.1255886
493.15	0	.8133815	.0610131	0	.1256054
492.15	0	.8132809	.06109681	0	.1256223
491.15	0	.8131805	.06118016	0	.1256393
490.15	0	.8130804	.06126312	0	.1256565
489.15	0	.8129806	.06134571	0	.1256737
488.15	0	.812881	.06142792	0	.1256911
487.15	0	.8127816	.06150973	0	.1257086
486.15	0	.8126826	.06159115	0	.1257263
485.15	0	.8125837	.06167218	0	.1257441
484.15	0	.8124852	.0617528	0	.125762
483.15	0	.8123869	.06183302	0	.1257801
482.15	0	.8122889	.06191284	0	.1257983
481.15	0	.8121912	.06199224	0	.1258166
480.15	0	.8120937	.06207122	0	.1258351
479.15	0	.8119965	.06214979	0	.1258537
478.15	0	.8118997	.06222793	0	.1258724
477.15	0	.811803	.06230564	0	.1258913
476.15	0	.8117067	.06238293	0	.1259103
475.15	0	.8116107	.06245978	0	.1259295
474.15	0	.811515	.06253619	0	.1259488
473.15	0	.8114195	.06261216	0	.1259683
472.15	0	.8113244	.06268769	0	.1259879
471.15	0	.8112296	.06276278	0	.1260077
470.15	0	.811135	.0628374	0	.1260276
469.15	0	.8110408	.06291158	0	.1260476
468.15	0	.8109469	.0629853	0	.1260678
467.15	0	.8108532	.06305856	0	.1260882
466.15	0	.8107599	.06313136	0	.1261087
465.15	0	.810667	.06320369	0	.1261294
464.15	0	.8105743	.06327556	0	.1261502
463.15	0	.8104819	.06334695	0	.1261711
462.15	0	.8103899	.06341786	0	.1261922
461.15	0	.8102982	.0634883	0	.1262135
460.15	0	.8102068	.06355827	0	.1262349
459.15	0	.8101158	.06362774	0	.1262565
458.15	0	.8100251	.06369673	0	.1262782
457.15	0	.8099347	.06376524	0	.1263001
456.15	0	.8098447	.06383325	0	.1263221
455.15	0	.8097549	.06390077	0	.1263443
454.15	0	.8096656	.06396779	0	.1263666
453.15	0	.8095766	.06403432	0	.1263891
452.15	0	.8094879	.06410035	0	.1264118
451.15	0	.8093996	.06416587	0	.1264346
450.15	0	.8093116	.06423089	0	.1264575
449.15	0	.809224	.0642953	0	.1264807
448.15	0	.8091368	.06435918	0	.126504
447.15	0	.80905	.06442253	0	.1265275
446.15	0	.8089636	.06448534	0	.1265511
445.15	0	.8088775	.06454759	0	.1265749
444.15	0	.8087919	.06460929	0	.1265988
443.15	0	.8087066	.06467041	0	.126623
442.15	0	.8086218	.06473095	0	.1266472
441.15	0	.8085374	.06479089	0	.1266717
440.15	0	.8084534	.06485024	0	.1266963
439.15	0	.8083699	.06490897	0	.1267212
438.15	0	.8082868	.06496709	0	.1267461
437.15	0	.8082041	.06502457	0	.1267713
436.15	0	.8081219	.06508142	0	.1267966
435.15	0	.8080402	.06513763	0	.1268222
434.15	0	.807959	.0651932	0	.1268479
433.15	0	.8078782	.0652481	0	.1268737
432.15	0	.8077979	.06530235	0	.1268998
431.15	0	.8077181	.06535593	0	.126926
430.15	0	.8076387	.06540883	0	.1269524
429.15	0	.8075599	.06546106	0	.126979
428.15	0	.8074816	.0655126	0	.1270058
427.15	0	.8074038	.06556346	0	.1270328
426.15	0	.8073265	.06561362	0	.1270599
425.15	0	.8072497	.06566309	0	.1270872
424.15	0	.8071734	.06571186	0	.1271147
423.15	0	.8070977	.06575992	0	.1271424
422.15	0	.8070224	.06580728	0	.1271703
421.15	0	.8069477	.06585394	0	.1271983
420.15	0	.8068736	.06589988	0	.1272266
419.15	0	.8067999	.0659451	0	.127255
418.15	0	.8067268	.06598962	0	.1272836
417.15	0	.8066543	.06603341	0	.1273123
416.15	0	.8065822	.06607649	0	.1273413
415.15	0	.8065108	.06611884	0	.1273704
414.15	0	.8064398	.06616047	0	.1273997
413.15	0	.8063694	.06620139	0	.1274292
412.15	0	.8062996	.06624158	0	.1274589
411.15	0	.8062303	.06628104	0	.1274887
410.15	0	.8061615	.06631979	0	.1275187
409.15	0	.8060933	.06635781	0	.1275489
408.15	0	.8060257	.0663951	0	.1275792
407.15	0	.8059586	.06643168	0	.1276098
406.15	0	.805892	.06646753	0	.1276405
405.15	0	.805826	.06650266	0	.1276713
404.15	0	.8057606	.06653707	0	.1277024
403.15	0	.8056956	.06657077	0	.1277336
402.15	0	.8056313	.06660374	0	.127765
401.15	0	.8055675	.066636	0	.1277965
400.15	0	.8055042	.06666754	0	.1278282
399.15	0	.8054415	.06669837	0	.1278601
398.15	0	.8053794	.06672849	0	.1278921
397.15	0	.8053178	.0667579	0	.1279243
396.15	0	.8052567	.0667866	0	.1279567
395.15	0	.8051962	.0668146	0	.1279892
394.15	0	.8051362	.0668419	0	.1280218
393.15	0	.8050768	.0668685	0	.1280547
