T	 BPW(LIQUID)	BPW(BCC_A2)	BPW(FCC_A1)	BPW(LAVES_PHASE_C14)	BPW(NI3TI)
1473.15	.6100772	.3899228	0	0	0
1472.15	.606829	.393171	0	0	0
1471.15	.6036003	.3963997	0	0	0
1470.15	.6003911	.3996089	0	0	0
1469.15	.5972012	.4027988	0	0	0
1468.15	.5940305	.4059695	0	0	0
1467.15	.5908788	.4091212	0	0	0
1466.15	.5877461	.4122539	0	0	0
1465.15	.5846321	.4153679	0	0	0
1464.15	.5815367	.4184633	0	0	0
1463.15	.5784599	.4215401	0	0	0
1462.15	.5754014	.4245986	0	0	0
1461.656	.5738976	.4261024	0	0	0
1461.656	.5738976	.4261024	0	0	0
1461.656	.5738976	.4261024	0	0	0
1461.15	.5715088	.4253087	.003182518	0	0
1460.15	.566796	.4237477	.009456331	0	0
1459.15	.5620926	.422196	.01571141	0	0
1458.15	.5573983	.4206537	.02194796	0	0
1457.15	.5527131	.4191207	.02816621	0	0
1456.15	.5480366	.4175971	.03436634	0	0
1455.15	.5433687	.4160827	.04054858	0	0
1454.15	.5387092	.4145777	.0467131	0	0
1453.15	.5340579	.413082	.05286013	0	0
1452.15	.5294146	.4115956	.05898984	0	0
1451.15	.5247791	.4101185	.06510243	0	0
1450.15	.5201512	.4086507	.07119809	0	0
1449.15	.5155309	.4071921	.07727701	0	0
1448.15	.5109178	.4057429	.08333936	0	0
1447.15	.5063118	.4043029	.08938533	0	0
1446.15	.5017128	.4028721	.09541511	0	0
1445.15	.4971205	.4014506	.1014289	0	0
1444.15	.4925349	.4000384	.1074267	0	0
1443.15	.4879557	.3986354	.1134089	0	0
1442.15	.4833827	.3972417	.1193756	0	0
1441.15	.4788159	.3958572	.125327	0	0
1440.15	.474255	.3944819	.1312631	0	0
1439.15	.4696999	.3931159	.1371842	0	0
1438.15	.4651505	.3917591	.1430905	0	0
1437.15	.4606065	.3904115	.148982	0	0
1436.15	.4560679	.3890731	.154859	0	0
1435.15	.4515345	.3877439	.1607215	0	0
1434.15	.4470061	.386424	.1665698	0	0
1433.15	.4424827	.3851133	.172404	0	0
1432.15	.437964	.3838118	.1782243	0	0
1431.15	.4334499	.3825195	.1840306	0	0
1430.15	.4289403	.3812364	.1898233	0	0
1429.15	.4244351	.3799624	.1956025	0	0
1428.15	.4199341	.3786977	.2013682	0	0
1427.15	.4154371	.3774422	.2071207	0	0
1426.15	.4109442	.3761959	.21286	0	0
1425.201	.4066835	.3750215	.218295	0	0
1425.201	.4066835	.3750215	.218295	0	0
1425.201	.4066835	.3750215	.218295	0	0
1425.15	.4059085	.3745331	.2193266	2.318999E-04	0
1424.15	.3907908	.3650742	.2393964	.00473867	0
1423.15	.375868	.3558674	.259109	.009155584	0
1422.15	.3611343	.3469061	.2784744	.01348515	0
1421.15	.3465841	.3381839	.2975023	.0177298	0
1420.15	.3322119	.3296944	.3162018	.02189185	0
1419.15	.3180126	.3214317	.3345821	.02597356	0
1418.15	.3039811	.31339	.3526517	.02997712	0
1417.15	.2901126	.3055638	.3704191	.03390461	0
1416.15	.2764023	.2979476	.3878921	.03775806	0
1415.15	.2628456	.2905362	.4050787	.04153944	0
1414.15	.2494383	.2833247	.4219864	.04525063	0
1413.15	.2361759	.2763083	.4386224	.04889347	0
1412.15	.2230544	.2694822	.4549937	.05246973	0
1411.15	.2100698	.262842	.4711071	.0559811	0
1410.15	.1972182	.2563833	.4869693	.05942926	0
1409.15	.1844958	.2501019	.5025865	.06281579	0
1408.15	.1718991	.2439938	.5179649	.06614225	0
1407.15	.1594245	.238055	.5331104	.06941014	0
1406.15	.1470686	.2322818	.5480288	.07262091	0
1405.15	.1348281	.2266704	.5627256	.07577596	0
1404.15	.1226997	.2212173	.5772063	.07887666	0
1403.15	.1106805	.2159191	.5914761	.08192433	0
1402.15	.09876727	.2107724	.6055401	.08492024	0
1401.15	.08695717	.2057741	.6194031	.08786564	0
1400.15	.07524735	.2009209	.63307	.09076173	0
1399.15	.06363505	.19621	.6465453	.09360967	0
1398.15	.05211757	.1916383	.6598335	.09641059	0
1397.15	.04069232	.1872031	.672939	.0991656	0
1396.15	.02935675	.1829015	.685866	.1018758	0
1395.15	.01810842	.1787309	.6986186	.1045421	0
1394.15	.006944928	.1746887	.7112007	.1071656	0
1393.524	0	.172223	.7189907	.1087863	0
1393.524	0	.172223	.7189907	.1087863	0
1393.15	0	.1714431	.7195777	.1089792	0
1392.15	0	.1693622	.7211441	.1094937	0
1391.15	0	.1672867	.7227067	.1100066	0
1390.15	0	.1652168	.7242653	.110518	0
1389.15	0	.1631522	.7258201	.1110277	0
1388.15	0	.1610931	.727371	.1115358	0
1387.15	0	.1590395	.7289181	.1120424	0
1386.15	0	.1569912	.7304614	.1125474	0
1385.15	0	.1549483	.7320009	.1130508	0
1384.15	0	.1529108	.7335365	.1135527	0
1383.15	0	.1508786	.7350684	.1140531	0
1382.15	0	.1488517	.7365964	.1145519	0
1381.15	0	.1468301	.7381207	.1150492	0
1380.15	0	.1448139	.7396412	.1155449	0
1379.15	0	.1428029	.741158	.1160391	0
1378.15	0	.1407971	.742671	.1165319	0
1377.15	0	.1387966	.7441803	.1170231	0
1376.15	0	.1368014	.7456858	.1175128	0
1375.15	0	.1348113	.7471876	.1180011	0
1374.15	0	.1328264	.7486858	.1184878	0
1373.15	0	.1308467	.7501802	.1189731	0
1372.15	0	.1288721	.7516709	.119457	0
1371.15	0	.1269027	.753158	.1199394	0
1370.15	0	.1249384	.7546414	.1204203	0
1369.15	0	.1229792	.7561211	.1208998	0
1368.15	0	.121025	.7575972	.1213778	0
1367.15	0	.119076	.7590696	.1218544	0
1366.15	0	.1171321	.7605383	.1223296	0
1365.15	0	.1151931	.7620035	.1228034	0
1364.15	0	.1132592	.763465	.1232758	0
1363.15	0	.1113303	.7649229	.1237467	0
1362.15	0	.1094065	.7663773	.1242163	0
1361.15	0	.1074876	.767828	.1246845	0
1360.15	0	.1055736	.7692751	.1251513	0
1359.15	0	.1036647	.7707186	.1256167	0
1358.15	0	.1017606	.7721586	.1260808	0
1357.15	0	.09986151	.773595	.1265435	0
1356.15	0	.09796731	.7750279	.1270048	0
1355.15	0	.09607802	.7764572	.1274648	0
1354.15	0	.09419361	.7778829	.1279235	0
1353.15	0	.09231407	.7793051	.1283808	0
1352.15	0	.09043939	.7807238	.1288368	0
1351.15	0	.08856955	.782139	.1292914	0
1350.15	0	.08670455	.7835507	.1297448	0
1349.15	0	.08484437	.7849588	.1301968	0
1348.15	0	.08298899	.7863635	.1306476	0
1347.15	0	.0811384	.7877646	.131097	0
1346.15	0	.0792926	.7891623	.1315451	0
1345.15	0	.07745156	.7905564	.131992	0
1344.15	0	.07561528	.7919471	.1324376	0
1343.15	0	.07378374	.7933344	.1328819	0
1342.15	0	.07195693	.7947181	.1333249	0
1341.15	0	.07013485	.7960985	.1337667	0
1340.15	0	.06831747	.7974753	.1342072	0
1339.15	0	.06650478	.7988487	.1346465	0
1338.15	0	.06469679	.8002187	.1350845	0
1337.15	0	.06289346	.8015852	.1355213	0
1336.15	0	.0610948	.8029483	.1359569	0
1335.15	0	.05930078	.804308	.1363912	0
1334.15	0	.05751141	.8056643	.1368243	0
1333.15	0	.05572667	.8070171	.1372562	0
1332.15	0	.05394654	.8083666	.1376869	0
1331.15	0	.05217103	.8097126	.1381164	0
1330.15	0	.05040011	.8110552	.1385447	0
1329.15	0	.04863378	.8123944	.1389718	0
1328.15	0	.04687203	.8137303	.1393977	0
1327.15	0	.04511484	.8150627	.1398224	0
1326.15	0	.04336221	.8163918	.140246	0
1325.15	0	.04161414	.8177175	.1406684	0
1324.15	0	.0398706	.8190398	.1410896	0
1323.15	0	.03813158	.8203588	.1415096	0
1322.15	0	.03639709	.8216744	.1419285	0
1321.15	0	.03466712	.8229866	.1423463	0
1320.15	0	.03294164	.8242954	.1427629	0
1319.15	0	.03122066	.8256009	.1431784	0
1318.15	0	.02950416	.8269031	.1435928	0
1317.15	0	.02779214	.8282019	.144006	0
1316.15	0	.02608459	.8294973	.1444181	0
1315.15	0	.02438149	.8307895	.144829	0
1314.15	0	.02268285	.8320782	.1452389	0
1313.15	0	.02098866	.8333637	.1456477	0
1312.15	0	.0192989	.8346457	.1460554	0
1311.15	0	.01761357	.8359245	.1464619	0
1310.15	0	.01593266	.8371999	.1468674	0
1309.15	0	.01425617	.8384721	.1472718	0
1308.15	0	.01258408	.8397408	.1476751	0
1307.15	0	.01091639	.8410063	.1480773	0
1306.15	0	.009253099	.8422684	.1484785	0
1305.15	0	.007594193	.8435272	.1488786	0
1304.15	0	.005939667	.8447827	.1492776	0
1303.15	0	.004289514	.8460349	.1496756	0
1302.15	0	.00264373	.8472837	.1500725	0
1301.15	0	.001002307	.8485293	.1504684	0
1300.538	0	0	.8492898	.1507102	0
1300.538	0	0	.8492898	.1507102	0
1300.15	0	0	.8491623	.1508377	0
1299.15	0	0	.848834	.151166	0
1298.15	0	0	.8485062	.1514938	0
1297.15	0	0	.8481789	.1518211	0
1296.15	0	0	.8478521	.1521479	0
1295.15	0	0	.8475258	.1524742	0
1294.15	0	0	.8472001	.1527999	0
1293.15	0	0	.8468748	.1531252	0
1292.15	0	0	.84655	.15345	0
1291.15	0	0	.8462257	.1537743	0
1290.15	0	0	.8459019	.1540981	0
1289.15	0	0	.8455786	.1544214	0
1288.15	0	0	.8452558	.1547442	0
1287.15	0	0	.8449335	.1550665	0
1286.15	0	0	.8446117	.1553883	0
1285.15	0	0	.8442904	.1557097	0
1284.15	0	0	.8439695	.1560305	0
1283.15	0	0	.8436492	.1563508	0
1282.15	0	0	.8433293	.1566707	0
1281.15	0	0	.8430099	.1569901	0
1280.15	0	0	.842691	.157309	0
1279.15	0	0	.8423727	.1576274	0
1278.15	0	0	.8420547	.1579453	0
1277.15	0	0	.8417373	.1582627	0
1276.15	0	0	.8414203	.1585797	0
1275.15	0	0	.8411039	.1588961	0
1274.15	0	0	.8407879	.1592121	0
1273.15	0	0	.8404724	.1595276	0
1272.15	0	0	.8401573	.1598427	0
1271.15	0	0	.8398428	.1601572	0
1270.15	0	0	.8395287	.1604713	0
1269.15	0	0	.8392151	.1607849	0
1268.15	0	0	.8389019	.1610981	0
1267.15	0	0	.8385893	.1614107	0
1266.15	0	0	.8382771	.1617229	0
1265.15	0	0	.8379654	.1620346	0
1264.15	0	0	.8376541	.1623459	0
1263.15	0	0	.8373433	.1626567	0
1262.15	0	0	.837033	.162967	0
1261.15	0	0	.8367232	.1632768	0
1260.15	0	0	.8364138	.1635862	0
1259.15	0	0	.8361049	.1638951	0
1258.15	0	0	.8357964	.1642036	0
1257.15	0	0	.8354884	.1645116	0
1256.15	0	0	.8351809	.1648191	0
1255.15	0	0	.8348738	.1651262	0
1254.15	0	0	.8345672	.1654328	0
1253.15	0	0	.8342611	.1657389	0
1252.15	0	0	.8339554	.1660446	0
1251.15	0	0	.8336502	.1663499	0
1250.15	0	0	.8333454	.1666546	0
1249.15	0	0	.833041	.1669589	0
1248.15	0	0	.8327372	.1672628	0
1247.15	0	0	.8324338	.1675662	0
1246.15	0	0	.8321308	.1678692	0
1245.15	0	0	.8318283	.1681717	0
1244.15	0	0	.8315262	.1684738	0
1243.15	0	0	.8312246	.1687754	0
1242.15	0	0	.8309235	.1690765	0
1241.15	0	0	.8306228	.1693772	0
1240.15	0	0	.8303225	.1696775	0
1239.15	0	0	.8300227	.1699773	0
1238.15	0	0	.8297233	.1702767	0
1237.15	0	0	.8294244	.1705756	0
1236.15	0	0	.8291259	.1708741	0
1235.15	0	0	.8288278	.1711722	0
1234.15	0	0	.8285302	.1714698	0
1233.15	0	0	.8282331	.1717669	0
1232.15	0	0	.8279364	.1720637	0
1231.15	0	0	.8276401	.1723599	0
1230.15	0	0	.8273442	.1726558	0
1229.15	0	0	.8270488	.1729512	0
1228.15	0	0	.8267539	.1732461	0
1227.15	0	0	.8264593	.1735407	0
1226.15	0	0	.8261652	.1738348	0
1225.15	0	0	.8258715	.1741285	0
1224.15	0	0	.8255783	.1744217	0
1223.15	0	0	.8252855	.1747145	0
1222.15	0	0	.8249931	.1750069	0
1221.15	0	0	.8247012	.1752988	0
1220.15	0	0	.8244097	.1755903	0
1219.15	0	0	.8241186	.1758814	0
1218.15	0	0	.8238279	.1761721	0
1217.15	0	0	.8235377	.1764623	0
1216.15	0	0	.8232479	.1767521	0
1215.15	0	0	.8229585	.1770415	0
1214.15	0	0	.8226696	.1773304	0
1213.15	0	0	.822381	.177619	0
1212.15	0	0	.8220929	.1779071	0
1211.15	0	0	.8218052	.1781948	0
1210.15	0	0	.821518	.178482	0
1209.15	0	0	.8212311	.1787689	0
1208.15	0	0	.8209447	.1790553	0
1207.15	0	0	.8206587	.1793413	0
1206.15	0	0	.8203731	.1796269	0
1205.15	0	0	.8200879	.1799121	0
1204.15	0	0	.8198032	.1801968	0
1203.15	0	0	.8195188	.1804812	0
1202.15	0	0	.8192349	.1807651	0
1201.15	0	0	.8189514	.1810486	0
1200.15	0	0	.8186683	.1813317	0
1199.15	0	0	.8183856	.1816144	0
1198.15	0	0	.8181033	.1818967	0
1197.15	0	0	.8178215	.1821785	0
1196.15	0	0	.81754	.18246	0
1195.15	0	0	.817259	.182741	0
1194.15	0	0	.8169783	.1830217	0
1193.15	0	0	.8166981	.1833019	0
1192.15	0	0	.8164183	.1835817	0
1191.15	0	0	.8161388	.1838612	0
1190.15	0	0	.8158598	.1841402	0
1189.15	0	0	.8155812	.1844188	0
1188.15	0	0	.815303	.184697	0
1187.15	0	0	.8150252	.1849748	0
1186.15	0	0	.8147478	.1852522	0
1185.15	0	0	.8144708	.1855292	0
1184.15	0	0	.8141942	.1858058	0
1183.15	0	0	.813918	.186082	0
1182.15	0	0	.8136422	.1863578	0
1181.15	0	0	.8133668	.1866332	0
1180.15	0	0	.8130918	.1869082	0
1179.15	0	0	.8128172	.1871828	0
1178.15	0	0	.812543	.187457	0
1177.15	0	0	.8122692	.1877308	0
1176.15	0	0	.8119957	.1880043	0
1175.15	0	0	.8117227	.1882773	0
1174.15	0	0	.8114501	.1885499	0
1173.15	0	0	.8111778	.1888222	0
1172.15	0	0	.810906	.189094	0
1171.15	0	0	.8106345	.1893655	0
1170.15	0	0	.8103634	.1896366	0
1169.15	0	0	.8100928	.1899072	0
1168.15	0	0	.8098225	.1901775	0
1167.15	0	0	.8095526	.1904474	0
1166.15	0	0	.8092831	.1907169	0
1165.15	0	0	.8090139	.1909861	0
1164.15	0	0	.8087452	.1912548	0
1163.15	0	0	.8084768	.1915232	0
1162.15	0	0	.8082088	.1917912	0
1161.15	0	0	.8079413	.1920587	0
1160.15	0	0	.8076741	.1923259	0
1159.15	0	0	.8074072	.1925928	0
1158.15	0	0	.8071408	.1928592	0
1157.15	0	0	.8068747	.1931253	0
1156.15	0	0	.8066091	.193391	0
1155.15	0	0	.8063437	.1936563	0
1154.15	0	0	.8060788	.1939212	0
1153.15	0	0	.8058143	.1941857	0
1152.15	0	0	.8055501	.1944499	0
1151.15	0	0	.8052863	.1947137	0
1150.15	0	0	.8050229	.1949771	0
1149.15	0	0	.8047599	.1952401	0
1148.15	0	0	.8044972	.1955028	0
1147.15	0	0	.804235	.195765	0
1146.15	0	0	.803973	.196027	0
1145.15	0	0	.8037115	.1962885	0
1144.15	0	0	.8034503	.1965497	0
1143.15	0	0	.8031895	.1968104	0
1142.15	0	0	.8029291	.1970709	0
1141.15	0	0	.8026691	.1973309	0
1140.15	0	0	.8024094	.1975906	0
1139.15	0	0	.8021501	.1978499	0
1138.15	0	0	.8018911	.1981089	0
1137.15	0	0	.8016326	.1983674	0
1136.15	0	0	.8013744	.1986256	0
1135.15	0	0	.8011165	.1988835	0
1134.15	0	0	.8008591	.199141	0
1133.15	0	0	.8006019	.1993981	0
1132.15	0	0	.8003452	.1996548	0
1131.15	0	0	.8000888	.1999112	0
1130.15	0	0	.7998328	.2001672	0
1129.15	0	0	.7995772	.2004228	0
1128.15	0	0	.7993219	.2006781	0
1127.15	0	0	.7990669	.2009331	0
1126.15	0	0	.7988124	.2011876	0
1125.15	0	0	.7985582	.2014418	0
1124.15	0	0	.7983043	.2016957	0
1123.15	0	0	.7980509	.2019492	0
1122.15	0	0	.7977977	.2022023	0
1121.15	0	0	.797545	.2024551	0
1120.15	0	0	.7972925	.2027075	0
1119.15	0	0	.7970405	.2029595	0
1118.15	0	0	.7967888	.2032112	0
1117.15	0	0	.7965375	.2034625	0
1116.15	0	0	.7962865	.2037135	0
1115.15	0	0	.7960358	.2039642	0
1114.15	0	0	.7957856	.2042144	0
1113.15	0	0	.7955357	.2044643	0
1112.15	0	0	.7952861	.2047139	0
1111.15	0	0	.7950369	.2049631	0
1110.15	0	0	.794788	.205212	0
1109.15	0	0	.7945395	.2054605	0
1108.15	0	0	.7942913	.2057087	0
1107.15	0	0	.7940435	.2059565	0
1106.15	0	0	.7937961	.2062039	0
1105.15	0	0	.793549	.206451	0
1104.15	0	0	.7933022	.2066978	0
1103.15	0	0	.7930558	.2069442	0
1102.15	0	0	.7928097	.2071903	0
1101.15	0	0	.792564	.207436	0
1100.15	0	0	.7923186	.2076814	0
1099.15	0	0	.7920736	.2079264	0
1098.15	0	0	.7918289	.2081711	0
1097.15	0	0	.7915846	.2084154	0
1096.15	0	0	.7913406	.2086594	0
1095.15	0	0	.791097	.208903	0
1094.15	0	0	.7908537	.2091464	0
1093.15	0	0	.7906107	.2093893	0
1092.15	0	0	.7903681	.2096319	0
1091.15	0	0	.7901258	.2098742	0
1090.15	0	0	.7898839	.2101161	0
1089.15	0	0	.7896423	.2103577	0
1088.15	0	0	.789401	.210599	0
1087.15	0	0	.7891601	.2108399	0
1086.15	0	0	.7889195	.2110805	0
1085.15	0	0	.7886793	.2113207	0
1084.15	0	0	.7884394	.2115606	0
1083.15	0	0	.7881998	.2118002	0
1082.15	0	0	.7879606	.2120394	0
1081.15	0	0	.7877217	.2122783	0
1080.15	0	0	.7874832	.2125168	0
1079.15	0	0	.787245	.212755	0
1078.15	0	0	.7870071	.2129929	0
1077.15	0	0	.7867695	.2132305	0
1076.15	0	0	.7865323	.2134677	0
1075.15	0	0	.7862955	.2137046	0
1074.15	0	0	.7860589	.2139411	0
1073.15	0	0	.7858227	.2141773	0
1072.15	0	0	.7855868	.2144132	0
1071.15	0	0	.7853513	.2146487	0
1070.15	0	0	.7851161	.2148839	0
1069.15	0	0	.7848812	.2151188	0
1068.15	0	0	.7846466	.2153534	0
1067.15	0	0	.7844124	.2155876	0
1066.15	0	0	.7841785	.2158215	0
1065.15	0	0	.783945	.216055	0
1064.15	0	0	.7837117	.2162883	0
1063.15	0	0	.7834788	.2165212	0
1062.15	0	0	.7832462	.2167538	0
1061.15	0	0	.783014	.216986	0
1060.15	0	0	.7827821	.2172179	0
1059.15	0	0	.7825505	.2174495	0
1058.15	0	0	.7823192	.2176808	0
1057.15	0	0	.7820883	.2179117	0
1056.15	0	0	.7818576	.2181424	0
1055.15	0	0	.7816274	.2183727	0
1054.15	0	0	.7813974	.2186026	0
1053.15	0	0	.7811677	.2188323	0
1052.15	0	0	.7809384	.2190616	0
1051.15	0	0	.7807094	.2192906	0
1050.15	0	0	.7804807	.2195193	0
1049.15	0	0	.7802524	.2197476	0
1048.15	0	0	.7800244	.2199756	0
1047.15	0	0	.7797966	.2202034	0
1046.15	0	0	.7795693	.2204308	0
1045.15	0	0	.7793422	.2206578	0
1044.15	0	0	.7791154	.2208846	0
1043.15	0	0	.778889	.221111	0
1042.15	0	0	.7786629	.2213371	0
1041.15	0	0	.7784371	.2215629	0
1040.15	0	0	.7782116	.2217884	0
1039.15	0	0	.7779865	.2220135	0
1038.15	0	0	.7777616	.2222384	0
1037.15	0	0	.7775371	.2224629	0
1036.15	0	0	.7773129	.2226871	0
1035.15	0	0	.777089	.222911	0
1034.15	0	0	.7768655	.2231345	0
1033.15	0	0	.7766422	.2233578	0
1032.15	0	0	.7764193	.2235807	0
1031.15	0	0	.7761967	.2238033	0
1030.15	0	0	.7759744	.2240257	0
1029.15	0	0	.7757524	.2242476	0
1028.15	0	0	.7755307	.2244693	0
1027.15	0	0	.7753093	.2246907	0
1026.15	0	0	.7750883	.2249117	0
1025.15	0	0	.7748675	.2251325	0
1024.15	0	0	.7746471	.2253529	0
1023.15	0	0	.774427	.225573	0
1022.15	0	0	.7742072	.2257928	0
1021.15	0	0	.7739877	.2260123	0
1020.15	0	0	.7737685	.2262315	0
1019.15	0	0	.7735497	.2264503	0
1018.15	0	0	.7733311	.2266689	0
1017.15	0	0	.7731129	.2268871	0
1016.15	0	0	.7728949	.2271051	0
1015.15	0	0	.7726773	.2273227	0
1014.15	0	0	.77246	.22754	0
1013.15	0	0	.772243	.227757	0
1012.15	0	0	.7720263	.2279737	0
1011.15	0	0	.7718099	.2281901	0
1010.15	0	0	.7715938	.2284062	0
1009.15	0	0	.771378	.228622	0
1008.15	0	0	.7711626	.2288374	0
1007.15	0	0	.7709474	.2290526	0
1006.15	0	0	.7707325	.2292675	0
1005.15	0	0	.770518	.229482	0
1004.15	0	0	.7703037	.2296963	0
1003.15	0	0	.7700898	.2299102	0
1002.15	0	0	.7698762	.2301238	0
1001.15	0	0	.7696629	.2303371	0
1000.15	0	0	.7694498	.2305502	0
999.15	0	0	.7692371	.2307629	0
998.15	0	0	.7690247	.2309753	0
997.15	0	0	.7688126	.2311874	0
996.15	0	0	.7686008	.2313992	0
995.15	0	0	.7683893	.2316107	0
994.15	0	0	.7681781	.2318219	0
993.15	0	0	.7679672	.2320328	0
992.15	0	0	.7677566	.2322434	0
991.15	0	0	.7675463	.2324537	0
990.15	0	0	.7673363	.2326637	0
989.15	0	0	.7671266	.2328734	0
988.15	0	0	.7669172	.2330828	0
987.15	0	0	.7667082	.2332918	0
986.15	0	0	.7664994	.2335006	0
985.15	0	0	.7662909	.2337091	0
984.15	0	0	.7660827	.2339173	0
983.15	0	0	.7658748	.2341252	0
982.15	0	0	.7656672	.2343328	0
981.15	0	0	.76546	.23454	0
980.15	0	0	.765253	.234747	0
979.15	0	0	.7650463	.2349537	0
978.15	0	0	.7648399	.2351601	0
977.15	0	0	.7646338	.2353662	0
976.15	0	0	.764428	.235572	0
975.15	0	0	.7642225	.2357775	0
974.15	0	0	.7640174	.2359827	0
973.15	0	0	.7638125	.2361875	0
972.15	0	0	.7636079	.2363921	0
971.15	0	0	.7634036	.2365964	0
970.15	0	0	.7631996	.2368004	0
969.15	0	0	.7629959	.2370041	0
968.15	0	0	.7627925	.2372076	0
967.15	0	0	.7625893	.2374107	0
966.15	0	0	.7623865	.2376135	0
965.15	0	0	.762184	.237816	0
964.15	0	0	.7619818	.2380182	0
963.15	0	0	.7617799	.2382201	0
962.15	0	0	.7615782	.2384218	0
961.15	0	0	.7613769	.2386231	0
960.15	0	0	.7611758	.2388242	0
959.15	0	0	.7609751	.2390249	0
958.15	0	0	.7607746	.2392254	0
957.15	0	0	.7605745	.2394255	0
956.15	0	0	.7603746	.2396254	0
955.15	0	0	.760175	.239825	0
954.15	0	0	.7599758	.2400242	0
953.15	0	0	.7597768	.2402232	0
952.15	0	0	.7595781	.2404219	0
951.15	0	0	.7593797	.2406203	0
950.15	0	0	.7591816	.2408184	0
949.15	0	0	.7589838	.2410162	0
948.15	0	0	.7587863	.2412137	0
947.15	0	0	.758589	.241411	0
946.15	0	0	.7583921	.2416079	0
945.15	0	0	.7581955	.2418045	0
944.15	0	0	.7579991	.2420009	0
943.15	0	0	.7578031	.2421969	0
942.15	0	0	.7576073	.2423927	0
941.15	0	0	.7574118	.2425882	0
940.15	0	0	.7572166	.2427834	0
939.15	0	0	.7570218	.2429782	0
938.15	0	0	.7568272	.2431728	0
937.15	0	0	.7566329	.2433672	0
936.15	0	0	.7564388	.2435612	0
935.15	0	0	.7562451	.2437549	0
934.15	0	0	.7560517	.2439483	0
933.15	0	0	.7558585	.2441415	0
932.15	0	0	.7556657	.2443343	0
931.15	0	0	.7554731	.2445269	0
930.15	0	0	.7552809	.2447192	0
929.15	0	0	.7550889	.2449111	0
928.15	0	0	.7548972	.2451028	0
927.15	0	0	.7547058	.2452942	0
926.15	0	0	.7545147	.2454853	0
925.15	0	0	.7543238	.2456762	0
924.15	0	0	.7541333	.2458667	0
923.15	0	0	.7539431	.2460569	0
922.15	0	0	.7537531	.2462469	0
921.15	0	0	.7535634	.2464366	0
920.15	0	0	.7533741	.2466259	0
919.15	0	0	.753185	.246815	0
918.15	0	0	.7529962	.2470038	0
917.15	0	0	.7528077	.2471923	0
916.7971	0	0	.7527412	.2472588	0
916.7971	0	0	.7527412	.2472588	0
916.7971	0	0	.7527412	.2472588	0
916.15	0	.002442042	.750267	.2472909	0
915.15	0	.006220697	.7464406	.2473387	0
914.15	0	.01000398	.7426118	.2473843	0
913.15	0	.01379055	.7387819	.2474275	0
912.15	0	.01757915	.7349523	.2474686	0
911.15	0	.02136855	.7311241	.2475073	0
910.15	0	.02515758	.7272985	.2475439	0
909.15	0	.0289451	.7234766	.2475783	0
908.15	0	.03273004	.7196595	.2476104	0
907.15	0	.03651134	.7158482	.2476404	0
906.15	0	.04028802	.7120437	.2476683	0
905.15	0	.04405911	.7082469	.247694	0
904.15	0	.04782368	.7044588	.2477175	0
903.15	0	.05158084	.7006802	.2477389	0
902.15	0	.05532973	.696912	.2477583	0
901.15	0	.05906952	.693155	.2477755	0
900.15	0	.06279942	.68941	.2477906	0
899.15	0	.06651866	.6856777	.2478037	0
898.15	0	.0702265	.6819588	.2478147	0
897.15	0	.07392223	.6782541	.2478237	0
896.15	0	.07760517	.6745642	.2478306	0
895.15	0	.08127464	.6708898	.2478356	0
894.15	0	.08493002	.6672315	.2478385	0
893.15	0	.08857069	.6635899	.2478394	0
892.15	0	.09219605	.6599655	.2478384	0
891.15	0	.09580554	.656359	.2478354	0
890.15	0	.09939861	.6527709	.2478305	0
889.15	0	.1029747	.6492016	.2478237	0
888.15	0	.1065334	.6456517	.2478149	0
887.15	0	.1100741	.6421216	.2478043	0
886.15	0	.1135963	.6386118	.2477918	0
885.15	0	.1170997	.6351228	.2477775	0
884.15	0	.1205838	.6316549	.2477613	0
883.15	0	.1240482	.6282086	.2477433	0
882.15	0	.1274924	.6247842	.2477234	0
881.15	0	.1309161	.6213821	.2477019	0
880.15	0	.1343189	.6180026	.2476785	0
879.15	0	.1377004	.6146462	.2476534	0
878.15	0	.1410604	.611313	.2476266	0
877.15	0	.1443985	.6080034	.2475981	0
876.15	0	.1477143	.6047178	.2475679	0
875.15	0	.1510076	.6014563	.2475361	0
874.15	0	.1542782	.5982192	.2475026	0
873.15	0	.1575257	.5950068	.2474676	0
872.15	0	.1607499	.5918192	.2474309	0
871.15	0	.1639506	.5886568	.2473926	0
870.15	0	.1671275	.5855196	.2473529	0
869.15	0	.1702805	.582408	.2473116	0
868.15	0	.1734093	.579322	.2472688	0
867.15	0	.1765137	.5762618	.2472245	0
866.15	0	.1795937	.5732275	.2471788	0
865.15	0	.182649	.5702194	.2471317	0
864.15	0	.1856794	.5672374	.2470832	0
863.15	0	.188685	.5642818	.2470333	0
862.15	0	.1916655	.5613525	.246982	0
861.15	0	.1946209	.5584497	.2469295	0
860.15	0	.197551	.5555734	.2468756	0
859.15	0	.2004558	.5527237	.2468205	0
858.15	0	.2033352	.5499007	.2467641	0
857.15	0	.2061892	.5471043	.2467065	0
856.15	0	.2090177	.5443346	.2466477	0
855.15	0	.2118207	.5415916	.2465877	0
854.15	0	.2145982	.5388752	.2465266	0
853.15	0	.2173501	.5361855	.2464644	0
852.15	0	.2200765	.5335225	.2464011	0
851.15	0	.2227773	.530886	.2463367	0
850.15	0	.2254527	.5282761	.2462713	0
849.15	0	.2281025	.5256926	.2462048	0
848.15	0	.230727	.5231356	.2461374	0
847.15	0	.2333261	.5206049	.246069	0
846.15	0	.2358999	.5181005	.2459996	0
845.15	0	.2384484	.5156222	.2459293	0
844.15	0	.2409718	.51317	.2458582	0
843.15	0	.2434702	.5107437	.2457861	0
842.15	0	.2459435	.5083433	.2457132	0
841.15	0	.248392	.5059685	.2456395	0
840.15	0	.2508158	.5036193	.2455649	0
839.15	0	.253215	.5012954	.2454896	0
838.15	0	.2555896	.4989968	.2454135	0
837.15	0	.25794	.4967234	.2453367	0
836.15	0	.2602661	.4944748	.2452591	0
835.15	0	.2625681	.492251	.2451809	0
834.15	0	.2648463	.4900518	.2451019	0
833.15	0	.2671006	.487877	.2450223	0
832.15	0	.2693315	.4857265	.2449421	0
831.15	0	.2715389	.4835999	.2448612	0
830.15	0	.2737231	.4814972	.2447797	0
829.15	0	.2758843	.4794181	.2446977	0
828.15	0	.2780226	.4773624	.2446151	0
827.15	0	.2801382	.4753299	.2445319	0
826.15	0	.2822314	.4733205	.2444482	0
825.15	0	.2843022	.4713338	.2443639	0
824.15	0	.286351	.4693698	.2442792	0
823.15	0	.288378	.4674281	.2441939	0
822.15	0	.2903833	.4655085	.2441082	0
821.15	0	.2923671	.4636109	.2440221	0
820.15	0	.2943296	.4617349	.2439355	0
819.15	0	.2962711	.4598804	.2438484	0
818.15	0	.2981918	.4580472	.243761	0
817.15	0	.3000919	.4562349	.2436732	0
816.15	0	.3019716	.4544435	.2435849	0
815.15	0	.3038311	.4526726	.2434963	0
814.15	0	.3056707	.450922	.2434073	0
813.15	0	.3074905	.4491915	.243318	0
812.15	0	.3092908	.4474809	.2432283	0
811.15	0	.3110718	.4457899	.2431383	0
810.15	0	.3128337	.4441184	.243048	0
809.15	0	.3145767	.442466	.2429573	0
808.15	0	.3163011	.4408325	.2428664	0
807.15	0	.3180071	.4392178	.2427752	0
806.15	0	.3196948	.4376215	.2426837	0
805.15	0	.3213646	.4360436	.2425919	0
804.15	0	.3230165	.4344836	.2424999	0
803.15	0	.3246509	.4329415	.2424076	0
802.15	0	.3262679	.431417	.242315	0
801.15	0	.3278678	.4299099	.2422223	0
800.15	0	.3294508	.42842	.2421293	0
799.15	0	.331017	.426947	.2420361	0
798.15	0	.3325667	.4254907	.2419427	0
797.15	0	.3341	.4240509	.241849	0
796.15	0	.3356173	.4226275	.2417552	0
795.15	0	.3371187	.4212201	.2416612	0
794.15	0	.3386043	.4198287	.241567	0
793.15	0	.3400744	.4184529	.2414727	0
792.15	0	.3415293	.4170926	.2413781	0
791.15	0	.3429689	.4157476	.2412834	0
790.15	0	.3443937	.4144177	.2411886	0
789.15	0	.3458037	.4131027	.2410936	0
788.15	0	.3471991	.4118024	.2409985	0
787.15	0	.3485802	.4105166	.2409032	0
786.15	0	.3499471	.4092451	.2408078	0
785.4177	0	.3509391	.408323	.2407378	0
785.4177	0	.3509391	.408323	.2407378	0
785.4177	0	.3509391	.408323	.2407378	0
785.15	0	.3522339	.4067288	.240321	7.163347E-04
784.15	0	.357005	.4008466	.238778	.003370416
783.15	0	.3616752	.3950768	.2372571	.005990951
782.15	0	.3662469	.3894167	.2357579	.008578572
781.15	0	.3707225	.3838638	.2342799	.0111339
780.15	0	.3751043	.3784155	.2328227	.01365752
779.15	0	.3793946	.3730695	.2313859	.01615002
778.15	0	.3835956	.3678233	.2299691	.01861197
777.15	0	.3877093	.3626747	.2285721	.02104391
776.15	0	.3917378	.3576216	.2271943	.02344638
775.15	0	.395683	.3526616	.2258355	.02581989
774.15	0	.3995469	.3477928	.2244953	.02816495
773.15	0	.4033314	.3430131	.2231734	.03048206
772.15	0	.4070382	.3383206	.2218695	.03277169
771.15	0	.4106692	.3337133	.2205832	.0350343
770.15	0	.414226	.3291895	.2193142	.03727037
769.15	0	.4177103	.3247471	.2180622	.03948032
768.15	0	.4211238	.3203846	.216827	.0416646
767.15	0	.424468	.3161002	.2156082	.04382363
766.15	0	.4277444	.3118922	.2144055	.04595782
765.15	0	.4309546	.3077591	.2132188	.04806757
764.15	0	.4341	.3036991	.2120476	.05015329
763.15	0	.437182	.2997109	.2108918	.05221536
762.15	0	.440202	.2957928	.209751	.05425416
761.15	0	.4431615	.2919434	.2086251	.05627005
760.15	0	.4460616	.2881613	.2075137	.0582634
759.15	0	.4489036	.2844451	.2064167	.06023458
758.15	0	.4516889	.2807934	.2053337	.06218391
757.15	0	.4544187	.2772049	.2042646	.06411175
756.15	0	.4570941	.2736783	.2032091	.06601842
755.15	0	.4597164	.2702123	.202167	.06790426
754.15	0	.4622866	.2668057	.2011381	.06976959
753.15	0	.4648059	.2634573	.2001221	.07161473
752.15	0	.4672754	.2601658	.1991189	.07343997
751.15	0	.4696961	.2569302	.1981281	.07524564
750.15	0	.472069	.2537492	.1971497	.07703201
749.15	0	.4743953	.2506219	.1961834	.0787994
748.15	0	.4766759	.2475471	.1952289	.08054808
747.15	0	.4789117	.2445237	.1942862	.08227834
746.15	0	.4811038	.2415508	.193355	.08399046
745.15	0	.483253	.2386272	.1924351	.08568471
744.15	0	.4853603	.235752	.1915263	.08736135
743.15	0	.4874265	.2329243	.1906285	.08902066
742.15	0	.4894526	.2301431	.1897415	.0906629
741.15	0	.4914393	.2274074	.188865	.09228831
740.15	0	.4933875	.2247164	.1879989	.09389715
739.15	0	.4952981	.2220691	.1871431	.09548967
738.15	0	.4971718	.2194648	.1862973	.09706611
737.15	0	.4990095	.2169024	.1854614	.09862672
736.15	0	.5008118	.2143813	.1846352	.1001717
735.15	0	.5025796	.2119005	.1838186	.1017013
734.15	0	.5043135	.2094593	.1830114	.1032158
733.15	0	.5060143	.2070569	.1822134	.1047154
732.15	0	.5076827	.2046925	.1814246	.1062002
731.15	0	.5093194	.2023653	.1806447	.1076706
730.15	0	.510925	.2000747	.1798735	.1091267
729.15	0	.5125003	.1978199	.179111	.1105688
728.15	0	.5140458	.1956002	.178357	.111997
727.15	0	.5155622	.1934149	.1776114	.1134116
726.15	0	.5170501	.1912633	.1768739	.1148127
725.15	0	.5185101	.1891448	.1761446	.1162006
724.15	0	.5199428	.1870587	.1754231	.1175754
723.15	0	.5213488	.1850044	.1747095	.1189374
722.15	0	.5227286	.1829813	.1740035	.1202867
721.15	0	.5240828	.1809886	.1733051	.1216235
720.15	0	.525412	.1790259	.1726141	.122948
719.15	0	.5267166	.1770926	.1719304	.1242604
718.15	0	.5279973	.1751881	.1712539	.1255608
717.15	0	.5292544	.1733117	.1705844	.1268495
716.15	0	.5304885	.1714631	.1699218	.1281266
715.15	0	.5317002	.1696416	.169266	.1293922
714.15	0	.5328897	.1678467	.168617	.1306466
713.15	0	.5340577	.1660779	.1679745	.1318899
712.15	0	.5352046	.1643346	.1673385	.1331223
711.15	0	.5363308	.1626165	.1667089	.1343439
710.15	0	.5374367	.160923	.1660856	.1355548
709.15	0	.5385228	.1592535	.1654683	.1367553
708.15	0	.5395895	.1576078	.1648572	.1379455
707.15	0	.5406372	.1559853	.164252	.1391255
706.15	0	.5416663	.1543855	.1636527	.1402955
705.15	0	.5426772	.1528081	.1630591	.1414556
704.15	0	.5436703	.1512526	.1624711	.142606
703.15	0	.5446459	.1497186	.1618888	.1437468
702.15	0	.5456044	.1482056	.1613119	.1448781
701.15	0	.5465462	.1467134	.1607404	.1460001
700.15	0	.5474715	.1452414	.1601742	.1471129
699.15	0	.5483808	.1437893	.1596132	.1482167
698.15	0	.5492744	.1423567	.1590574	.1493115
697.15	0	.5501526	.1409433	.1585065	.1503975
696.15	0	.5510157	.1395487	.1579607	.1514749
695.15	0	.5518641	.1381726	.1574197	.1525437
694.15	0	.552698	.1368145	.1568835	.153604
693.15	0	.5535177	.1354742	.156352	.1546561
692.15	0	.5543235	.1341513	.1558252	.1557
691.15	0	.5551158	.1328456	.155303	.1567357
690.15	0	.5558947	.1315566	.1547852	.1577635
689.15	0	.5566606	.1302841	.1542719	.1587835
688.15	0	.5574137	.1290278	.1537629	.1597957
687.15	0	.5581543	.1277873	.1532582	.1608003
686.15	0	.5588826	.1265624	.1527577	.1617973
685.15	0	.5595989	.1253529	.1522613	.1627869
684.15	0	.5603034	.1241583	.1517691	.1637692
683.15	0	.5609964	.1229785	.1512809	.1647442
682.15	0	.5616781	.1218131	.1507966	.1657122
681.15	0	.5623487	.120662	.1503162	.1666731
680.15	0	.5630085	.1195248	.1498396	.1676271
679.15	0	.5636576	.1184013	.1493668	.1685743
678.15	0	.5642963	.1172913	.1488977	.1695147
677.15	0	.5649248	.1161944	.1484323	.1704484
676.15	0	.5655433	.1151106	.1479705	.1713757
675.15	0	.5661519	.1140394	.1475122	.1722964
674.15	0	.566751	.1129808	.1470574	.1732108
673.15	0	.5673406	.1119345	.1466061	.1741189
672.15	0	.567921	.1109002	.1461581	.1750208
671.15	0	.5684923	.1098778	.1457134	.1759165
670.15	0	.5690547	.108867	.1452721	.1768062
669.15	0	.5696084	.1078676	.1448339	.17769
668.15	0	.5701536	.1068795	.144399	.1785679
667.15	0	.5706905	.1059024	.1439672	.17944
666.15	0	.5712191	.1049362	.1435384	.1803063
665.15	0	.5717397	.1039806	.1431128	.181167
664.15	0	.5722524	.1030354	.14269	.1820222
663.15	0	.5727573	.1021006	.1422703	.1828718
662.15	0	.5732559	.1011746	.1418529	.1837166
661.15	0	.5737457	.1002599	.141439	.1845554
660.15	0	.5742282	.09935497	.1410279	.1853889
659.15	0	.5747036	.09845959	.1406196	.1862172
658.15	0	.5751719	.09757361	.1402141	.1870404
657.15	0	.5756334	.09669687	.1398112	.1878585
656.15	0	.5760882	.0958292	.139411	.1886716
655.15	0	.5765364	.09497047	.1390134	.1894798
654.15	0	.576978	.09412051	.1386183	.1902831
653.15	0	.5774134	.09327917	.1382258	.1910816
652.15	0	.5778424	.09244632	.1378359	.1918754
651.15	0	.5782654	.09162179	.1374484	.1926644
650.15	0	.5786824	.09080546	.1370633	.1934489
649.15	0	.5790934	.08999719	.1366807	.1942287
648.15	0	.5794987	.08919683	.1363004	.1950041
647.15	0	.5798983	.08840426	.1359225	.195775
646.15	0	.5802924	.08761934	.1355468	.1965414
645.15	0	.580681	.08684195	.1351735	.1973036
644.15	0	.5810642	.08607196	.1348024	.1980615
643.15	0	.5814422	.08530924	.1344335	.1988151
642.15	0	.581815	.08455368	.1340667	.1995646
641.15	0	.5821828	.08380515	.1337022	.2003099
640.15	0	.5825456	.08306354	.1333397	.2010512
639.15	0	.5829035	.08232873	.1329794	.2017884
638.15	0	.5832566	.08160062	.1326211	.2025217
637.15	0	.583605	.08087908	.1322649	.2032511
636.15	0	.5839488	.080164	.1319106	.2039765
635.15	0	.5842881	.0794553	.1315584	.2046982
634.15	0	.584623	.07875285	.1312081	.2054161
633.15	0	.5849535	.07805655	.1308597	.2061302
632.15	0	.5852797	.07736631	.1305133	.2068407
631.15	0	.5856017	.07668203	.1301687	.2075475
630.15	0	.5859196	.0760036	.129826	.2082508
629.15	0	.5862335	.07533093	.1294852	.2089504
628.15	0	.5865434	.07466392	.1291461	.2096466
627.15	0	.5868493	.0740025	.1288088	.2103393
626.15	0	.5871515	.07334655	.1284733	.2110286
625.15	0	.5874499	.072696	.1281395	.2117146
624.15	0	.5877446	.07205075	.1278075	.2123971
623.15	0	.5880357	.07141073	.1274772	.2130764
622.15	0	.5883232	.07077584	.1271485	.2137525
621.15	0	.5886073	.07014601	.1268215	.2144253
620.15	0	.5888879	.06952114	.1264961	.2150949
619.15	0	.5891651	.06890117	.1261723	.2157614
618.15	0	.5894391	.06828601	.1258501	.2164248
617.15	0	.5897098	.06767559	.1255296	.2170851
616.15	0	.5899773	.06706982	.1252105	.2177424
615.15	0	.5902417	.06646864	.124893	.2183966
614.15	0	.590503	.06587197	.124577	.219048
613.15	0	.5907613	.06527974	.1242625	.2196964
612.15	0	.5910167	.06469188	.1239495	.2203419
611.15	0	.5912691	.06410832	.123638	.2209846
610.15	0	.5915187	.06352899	.1233279	.2216244
609.15	0	.5917655	.06295381	.1230193	.2222615
608.15	0	.5920095	.06238274	.122712	.2228958
607.15	0	.5922508	.0618157	.1224061	.2235274
606.15	0	.5924895	.06125263	.1221017	.2241562
605.15	0	.5927255	.06069346	.1217986	.2247825
604.15	0	.592959	.06013813	.1214968	.225406
603.15	0	.59319	.05958659	.1211964	.226027
602.15	0	.5934185	.05903877	.1208973	.2266455
601.15	0	.5936446	.05849462	.1205995	.2272613
600.15	0	.5938683	.05795407	.1203029	.2278747
599.15	0	.5940897	.05741707	.1200077	.2284856
598.15	0	.5943087	.05688356	.1197137	.229094
597.15	0	.5945255	.0563535	.1194209	.2297
596.15	0	.5947401	.05582682	.1191294	.2303036
595.15	0	.5949525	.05530347	.1188391	.2309049
594.15	0	.5951628	.05478341	.1185501	.2315038
593.15	0	.595371	.05426657	.1182622	.2321003
592.15	0	.5955771	.05375291	.1179754	.2326946
591.15	0	.5957811	.05324238	.1176899	.2332866
590.15	0	.5959832	.05273493	.1174055	.2338764
589.15	0	.5961834	.05223051	.1171222	.2344639
588.15	0	.5963816	.05172907	.1168401	.2350493
587.15	0	.5965779	.05123058	.1165591	.2356324
586.15	0	.5967724	.05073497	.1162792	.2362135
585.15	0	.596965	.05024221	.1160004	.2367924
584.15	0	.5971559	.04975226	.1157226	.2373692
583.15	0	.597345	.04926506	.115446	.237944
582.15	0	.5975324	.04878059	.1151704	.2385167
581.15	0	.5977181	.04829878	.1148958	.2390874
580.15	0	.5979021	.04781961	.1146223	.239656
579.15	0	.5980845	.04734303	.1143498	.2402227
578.15	0	.5982653	.046869	.1140783	.2407874
577.15	0	.5984445	.04639748	.1138079	.2413502
576.15	0	.5986221	.04592843	.1135384	.241911
575.15	0	.5987983	.04546182	.11327	.24247
574.15	0	.5989729	.04499761	.1130025	.243027
573.15	0	.5991461	.04453575	.112736	.2435822
572.15	0	.5993178	.04407622	.1124704	.2441356
571.15	0	.5994881	.04361897	.1122058	.2446871
570.15	0	.5996571	.04316398	.1119421	.2452369
569.15	0	.5998246	.0427112	.1116794	.2457848
568.15	0	.5999908	.0422606	.1114176	.246331
567.15	0	.6001557	.04181215	.1111567	.2468754
566.15	0	.6003194	.04136581	.1108967	.2474182
565.15	0	.6004817	.04092155	.1106376	.2479592
564.15	0	.6006428	.04047934	.1103794	.2484985
563.15	0	.6008026	.04003915	.1101221	.2490361
562.15	0	.6009613	.03960094	.1098656	.2495721
561.15	0	.6011188	.03916469	.1096101	.2501065
560.15	0	.6012751	.03873036	.1093553	.2506392
559.15	0	.6014303	.03829792	.1091015	.2511703
558.15	0	.6015844	.03786734	.1088484	.2516999
557.15	0	.6017373	.0374386	.1085962	.2522278
556.15	0	.6018892	.03701167	.1083449	.2527542
555.15	0	.6020401	.03658651	.1080943	.2532791
554.15	0	.6021898	.0361631	.1078446	.2538025
553.15	0	.6023386	.03574141	.1075957	.2543243
552.15	0	.6024864	.03532142	.1073476	.2548446
551.15	0	.6026332	.03490309	.1071003	.2553635
550.15	0	.602779	.0344864	.1068537	.2558809
549.15	0	.6029239	.03407133	.106608	.2563969
548.15	0	.6030678	.03365785	.106363	.2569114
547.15	0	.6032108	.03324593	.1061188	.2574245
546.15	0	.603353	.03283555	.1058753	.2579362
545.15	0	.6034942	.03242668	.1056326	.2584465
544.15	0	.6036346	.03201931	.1053907	.2589554
543.15	0	.6037742	.0316134	.1051495	.259463
542.15	0	.6039129	.03120893	.104909	.2599692
541.15	0	.6040508	.03080588	.1046693	.2604741
540.15	0	.6041879	.03040423	.1044303	.2609776
539.15	0	.6043242	.03000395	.104192	.2614799
538.15	0	.6044597	.02960502	.1039544	.2619808
537.15	0	.6045945	.02920742	.1037175	.2624805
536.15	0	.6047286	.02881112	.1034814	.2629789
535.15	0	.6048619	.02841612	.1032459	.2634761
534.15	0	.6049945	.02802238	.1030111	.263972
533.15	0	.6051264	.02762988	.102777	.2644666
532.15	0	.6052577	.0272386	.1025436	.2649601
531.15	0	.6053882	.02684853	.1023109	.2654523
530.15	0	.6055181	.02645964	.1020789	.2659434
529.15	0	.6056474	.02607192	.1018475	.2664332
528.15	0	.605776	.02568533	.1016168	.2669219
527.15	0	.605904	.02529987	.1013867	.2674094
526.15	0	.6060314	.02491552	.1011573	.2678958
525.15	0	.6061582	.02453225	.1009285	.268381
524.15	0	.6062844	.02415006	.1007004	.2688651
523.15	0	.6064101	.02376891	.1004729	.2693481
522.15	0	.6065352	.02338879	.1002461	.26983
521.15	0	.6066597	.02300969	.1000199	.2703107
520.15	0	.6067837	.02263158	.09979428	.2707904
519.15	0	.6069072	.02225445	.09956931	.271269
518.15	0	.6070302	.02187829	.09934497	.2717466
517.15	0	.6071526	.02150307	.09912123	.2722231
516.15	0	.6072746	.02112877	.09889811	.2726985
515.15	0	.6073961	.02075539	.09867559	.2731729
514.15	0	.6075171	.02038291	.09845367	.2736463
513.15	0	.6076377	.0200113	.09823235	.2741187
512.15	0	.6077578	.01964056	.09801163	.2745901
511.15	0	.6078774	.01927066	.0977915	.2750604
510.15	0	.6079966	.0189016	.09757195	.2755298
509.15	0	.6081154	.01853336	.09735298	.2759982
508.15	0	.6082338	.01816592	.09713459	.2764657
507.15	0	.6083518	.01779926	.09691678	.2769322
506.15	0	.6084694	.01743338	.09669954	.2773977
505.15	0	.6085866	.01706825	.09648287	.2778623
504.15	0	.6087034	.01670387	.09626676	.2783259
503.15	0	.6088199	.01634022	.09605121	.2787887
502.15	0	.608936	.01597728	.09583622	.2792505
501.15	0	.6090517	.01561505	.09562179	.2797114
500.15	0	.6091671	.0152535	.0954079	.2801715
499.15	0	.6092822	.01489263	.09519457	.2806306
498.15	0	.609397	.01453242	.09498178	.2810889
497.15	0	.6095114	.01417285	.09476952	.2815462
496.15	0	.6096255	.01381392	.09455781	.2820028
495.15	0	.6097393	.01345562	.09434664	.2824584
494.15	0	.6098529	.01309792	.09413599	.2829132
493.15	0	.6099661	.01274082	.09392588	.2833672
492.15	0	.610079	.0123843	.09371629	.2838204
491.15	0	.6101917	.01202836	.09350722	.2842727
490.15	0	.6103042	.011673	.09329868	.2847242
489.15	0	.6104163	.01131816	.09309065	.2851749
488.15	0	.6105282	.01096386	.09288314	.2856248
487.15	0	.6106399	.01061009	.09267614	.2860739
486.15	0	.6107514	.01025683	.09246965	.2865222
485.15	0	.6108626	.009904067	.09226367	.2869697
484.15	0	.6109736	.009551796	.09205819	.2874165
483.15	0	.6110843	.009200004	.09185321	.2878625
482.15	0	.6111949	.008848681	.09164872	.2883077
481.15	0	.6113052	.008497814	.09144474	.2887522
480.15	0	.6114154	.008147394	.09124125	.289196
479.15	0	.6115254	.007797409	.09103825	.289639
478.15	0	.6116352	.00744785	.09083573	.2900812
477.15	0	.6117448	.007098705	.09063371	.2905228
476.15	0	.6118542	.006749965	.09043216	.2909636
475.15	0	.6119635	.006401619	.0902311	.2914038
474.15	0	.6120726	.006053657	.09003052	.2918432
473.15	0	.6121816	.00570607	.08983041	.2922819
472.15	0	.6122904	.005358847	.08963078	.29272
471.15	0	.6123991	.005011979	.08943162	.2931573
470.15	0	.6125076	.004665456	.08923293	.293594
469.15	0	.612616	.004319269	.08903471	.29403
468.15	0	.6127243	.003973409	.08883695	.2944654
467.15	0	.6128324	.003627865	.08863966	.2949001
466.15	0	.6129405	.00328263	.08844282	.2953341
465.15	0	.6130484	.002937693	.08824645	.2957675
464.15	0	.6131562	.002593047	.08805053	.2962002
463.15	0	.613264	.002248681	.08785507	.2966323
462.15	0	.6133716	.001904588	.08766006	.2970638
461.15	0	.6134791	.001560759	.0874655	.2974946
460.15	0	.6135866	.001217184	.08727138	.2979249
459.15	0	.6136939	8.738569E-04	.08707772	.2983545
458.15	0	.6138012	5.307677E-04	.0868845	.2987835
457.15	0	.6139084	1.879087E-04	.08669172	.2992119
456.6017	0	.6139672	0	.0865862	.2994466
456.6017	0	.6139672	0	.0865862	.2994466
456.15	0	.6139492	0	.08654832	.2995025
455.15	0	.6139095	0	.08646484	.2996257
454.15	0	.6138701	0	.08638195	.299748
453.15	0	.613831	0	.08629962	.2998694
452.15	0	.6137922	0	.08621787	.29999
