T	 BPW(LIQUID)	BPW(BCC_A2)	BPW(FCC_A1)	BPW(LAVES_PHASE_C14)	BPW(NI3TI)
1473.15	.5505725	.3212124	0	.1282151	0
1472.15	.5429691	.3263554	0	.1306755	0
1471.15	.535507	.3313992	0	.1330938	0
1470.15	.5281824	.3363465	0	.1354711	0
1469.15	.5209916	.3411998	0	.1378086	0
1468.15	.5139311	.3459616	0	.1401074	0
1467.15	.5069974	.3506341	0	.1423685	0
1466.15	.5001873	.3552198	0	.1445929	0
1465.15	.4934975	.3597209	0	.1467816	0
1464.15	.486925	.3641395	0	.1489356	0
1463.15	.4804667	.3684776	0	.1510557	0
1462.15	.4741198	.3727373	0	.1531429	0
1461.15	.4678815	.3769205	0	.155198	0
1460.15	.4617491	.3810291	0	.1572218	0
1459.15	.4557199	.385065	0	.1592152	0
1458.15	.4497914	.3890298	0	.1611788	0
1457.15	.4439611	.3929254	0	.1631135	0
1456.15	.4382267	.3967533	0	.16502	0
1455.15	.4325859	.4005152	0	.166899	0
1454.15	.4270364	.4042126	0	.1687511	0
1453.15	.421576	.407847	0	.170577	0
1452.15	.4162027	.4114199	0	.1723774	0
1451.15	.4109144	.4149328	0	.1741528	0
1450.15	.4057092	.4183869	0	.1759039	0
1449.15	.4005851	.4217837	0	.1776312	0
1448.15	.3955403	.4251244	0	.1793353	0
1447.15	.3905729	.4284103	0	.1810168	0
1446.15	.3856812	.4316427	0	.1826761	0
1445.15	.3808635	.4348226	0	.1843139	0
1444.15	.3761182	.4379513	0	.1859305	0
1443.15	.3714437	.4410298	0	.1875265	0
1442.15	.3668383	.4440594	0	.1891023	0
1441.15	.3623006	.447041	0	.1906584	0
1440.15	.3578291	.4499756	0	.1921953	0
1439.15	.3534224	.4528644	0	.1937133	0
1438.15	.349079	.4557081	0	.1952129	0
1437.15	.3447977	.4585079	0	.1966945	0
1436.15	.340577	.4612645	0	.1981584	0
1435.15	.3364158	.463979	0	.1996052	0
1434.15	.3323128	.4666522	0	.201035	0
1433.15	.3282667	.4692849	0	.2024484	0
1432.15	.3242764	.471878	0	.2038456	0
1431.15	.3203408	.4744322	0	.205227	0
1430.15	.3164587	.4769484	0	.2065929	0
1429.15	.312629	.4794273	0	.2079437	0
1428.15	.3088506	.4818697	0	.2092797	0
1427.15	.3051226	.4842763	0	.2106011	0
1426.15	.301444	.4866478	0	.2119083	0
1425.15	.2978136	.4889848	0	.2132015	0
1424.15	.2942307	.4912882	0	.2144811	0
1423.15	.2906942	.4935584	0	.2157473	0
1422.15	.2872033	.4957962	0	.2170004	0
1421.15	.2837571	.4980023	0	.2182407	0
1420.15	.2803546	.500177	0	.2194683	0
1419.15	.2769951	.5023212	0	.2206837	0
1418.15	.2736778	.5044353	0	.2218869	0
1417.15	.2704018	.50652	0	.2230782	0
1416.15	.2671663	.5085757	0	.2242579	0
1415.15	.2639707	.5106031	0	.2254262	0
1414.15	.2608141	.5126026	0	.2265833	0
1413.15	.2576958	.5145747	0	.2277295	0
1412.15	.2546151	.51652	0	.2288648	0
1411.15	.2515714	.518439	0	.2299896	0
1410.15	.2485639	.5203321	0	.2311041	0
1409.15	.245592	.5221997	0	.2322083	0
1408.15	.242655	.5240424	0	.2333025	0
1407.15	.2397524	.5258606	0	.234387	0
1406.15	.2368834	.5276548	0	.2354618	0
1405.15	.2340476	.5294252	0	.2365272	0
1404.15	.2312442	.5311725	0	.2375833	0
1403.15	.2284728	.5328969	0	.2386303	0
1402.15	.2257328	.5345988	0	.2396684	0
1401.15	.2230235	.5362788	0	.2406977	0
1400.15	.2203446	.5379371	0	.2417183	0
1399.15	.2176955	.5395741	0	.2427305	0
1398.15	.2150756	.5411901	0	.2437343	0
1397.15	.2124844	.5427856	0	.24473	0
1396.15	.2099215	.5443609	0	.2457176	0
1395.15	.2073864	.5459163	0	.2466973	0
1394.15	.2048786	.5474522	0	.2476692	0
1393.15	.2023977	.5489688	0	.2486335	0
1392.15	.1999432	.5504665	0	.2495903	0
1391.15	.1975146	.5519456	0	.2505398	0
1390.15	.1951116	.5534065	0	.251482	0
1389.15	.1927336	.5548494	0	.252417	0
1388.15	.1903804	.5562745	0	.2533451	0
1387.15	.1880515	.5576823	0	.2542662	0
1386.15	.1857465	.559073	0	.2551806	0
1385.15	.183465	.5604468	0	.2560883	0
1384.15	.1812066	.561804	0	.2569894	0
1383.15	.178971	.5631449	0	.2578841	0
1382.15	.1767578	.5644698	0	.2587724	0
1381.15	.1745667	.5657788	0	.2596545	0
1380.15	.1723972	.5670723	0	.2605304	0
1379.15	.1702492	.5683506	0	.2614003	0
1378.15	.1681221	.5696137	0	.2622642	0
1377.15	.1660157	.570862	0	.2631223	0
1376.15	.1639297	.5720957	0	.2639746	0
1375.15	.1618637	.573315	0	.2648212	0
1374.15	.1598175	.5745202	0	.2656623	0
1373.15	.1577908	.5757114	0	.2664978	0
1372.15	.1557832	.5768889	0	.2673279	0
1371.15	.1537944	.5780529	0	.2681527	0
1370.15	.1518242	.5792036	0	.2689722	0
1369.15	.1498723	.5803411	0	.2697866	0
1368.15	.1479384	.5814658	0	.2705958	0
1367.15	.1460223	.5825777	0	.2714	0
1366.15	.1441236	.5836771	0	.2721993	0
1365.15	.1422422	.5847641	0	.2729937	0
1364.15	.1403777	.585839	0	.2737833	0
1363.15	.13853	.5869018	0	.2745682	0
1362.15	.1366987	.5879529	0	.2753484	0
1361.15	.1348836	.5889923	0	.2761241	0
1360.15	.1330846	.5900203	0	.2768952	0
1359.15	.1313013	.5910369	0	.2776618	0
1358.15	.1295335	.5920424	0	.278424	0
1357.15	.1277811	.593037	0	.279182	0
1356.15	.1260437	.5940207	0	.2799356	0
1355.15	.1243213	.5949937	0	.280685	0
1354.15	.1226134	.5959562	0	.2814303	0
1353.15	.1209201	.5969084	0	.2821715	0
1352.15	.119241	.5978504	0	.2829086	0
1351.15	.117576	.5987822	0	.2836418	0
1350.15	.1159248	.5997041	0	.2843711	0
1349.15	.1142873	.6006163	0	.2850964	0
1348.15	.1126633	.6015187	0	.285818	0
1347.15	.1110525	.6024117	0	.2865358	0
1346.15	.1094549	.6032953	0	.2872498	0
1345.15	.1078702	.6041696	0	.2879602	0
1344.15	.1062982	.6050347	0	.2886671	0
1343.15	.1047389	.6058909	0	.2893703	0
1342.15	.1031919	.6067381	0	.29007	0
1341.15	.1016572	.6075766	0	.2907662	0
1340.15	.1001345	.6084065	0	.291459	0
1339.15	.09862373	.6092278	0	.2921485	0
1338.15	.09712473	.6100407	0	.2928346	0
1337.15	.09563732	.6108453	0	.2935174	0
1336.15	.09416135	.6116417	0	.2941969	0
1335.15	.09269666	.6124301	0	.2948733	0
1334.15	.09124312	.6132104	0	.2955465	0
1333.15	.08980057	.6139829	0	.2962165	0
1332.15	.08836887	.6147476	0	.2968835	0
1331.15	.08694787	.6155047	0	.2975474	0
1330.15	.08553744	.6162543	0	.2982083	0
1329.15	.08413744	.6169963	0	.2988663	0
1328.15	.08274773	.617731	0	.2995213	0
1327.15	.08136818	.6184584	0	.3001734	0
1326.15	.07999867	.6191787	0	.3008226	0
1325.15	.07863906	.6198919	0	.3014691	0
1324.15	.07728922	.6205981	0	.3021127	0
1323.15	.07594903	.6212974	0	.3027536	0
1322.15	.07461837	.6219899	0	.3033917	0
1321.15	.07329712	.6226757	0	.3040272	0
1320.15	.07198516	.6233549	0	.30466	0
1319.15	.07068237	.6240275	0	.3052902	0
1318.15	.06938864	.6246936	0	.3059178	0
1317.15	.06810385	.6253534	0	.3065428	0
1316.15	.06682789	.6260068	0	.3071653	0
1315.15	.06556066	.626654	0	.3077853	0
1314.15	.06430204	.6272952	0	.3084028	0
1313.15	.06305192	.6279302	0	.3090179	0
1312.15	.06181021	.6285592	0	.3096306	0
1311.15	.0605768	.6291824	0	.3102409	0
1310.15	.05935158	.6297996	0	.3108488	0
1309.15	.05813447	.6304112	0	.3114544	0
1308.15	.05692535	.631017	0	.3120577	0
1307.15	.05572413	.6316172	0	.3126587	0
1306.15	.05453072	.6322119	0	.3132574	0
1305.15	.05334502	.632801	0	.313854	0
1304.15	.05216694	.6333848	0	.3144483	0
1303.15	.05099638	.6339632	0	.3150405	0
1302.15	.04983326	.6345363	0	.3156305	0
1301.15	.04867749	.6351042	0	.3162183	0
1300.15	.04752897	.6356669	0	.3168041	0
1299.15	.04638497	.6362268	0	.3173882	0
1298.15	.04525072	.6367794	0	.3179699	0
1297.15	.04412348	.6373271	0	.3185495	0
1296.15	.04300317	.6378698	0	.3191271	0
1295.15	.04188969	.6384076	0	.3197027	0
1294.15	.04078297	.6389407	0	.3202763	0
1293.15	.03968293	.6394691	0	.320848	0
1292.15	.03858949	.6399928	0	.3214178	0
1291.15	.03750258	.6405118	0	.3219856	0
1290.15	.03642211	.6410263	0	.3225516	0
1289.15	.03534802	.6415363	0	.3231157	0
1288.15	.03428023	.6420418	0	.323678	0
1287.15	.03321866	.6425429	0	.3242384	0
1286.15	.03216325	.6430397	0	.3247971	0
1285.15	.03111393	.6435322	0	.3253539	0
1284.15	.03007061	.6440204	0	.325909	0
1283.15	.02903325	.6445044	0	.3264623	0
1282.15	.02800175	.6449843	0	.3270139	0
1281.15	.02697607	.6454601	0	.3275638	0
1280.15	.02595613	.6459318	0	.328112	0
1279.15	.02494187	.6463996	0	.3286586	0
1278.15	.02393323	.6468633	0	.3292034	0
1277.15	.02293013	.6473232	0	.3297467	0
1276.15	.02193252	.6477792	0	.3302883	0
1275.15	.02094033	.6482314	0	.3308282	0
1274.15	.01995351	.6486799	0	.3313666	0
1273.15	.01897199	.6491246	0	.3319035	0
1272.15	.01799571	.6495656	0	.3324387	0
1271.15	.01702462	.650003	0	.3329724	0
1270.15	.01605865	.6504367	0	.3335046	0
1269.15	.01509775	.650867	0	.3340353	0
1268.33	.01431336	.6512172	0	.3344694	0
1268.33	.01431336	.6512172	0	.3344694	0
1268.33	.01431336	.6512172	0	.3344694	0
1268.15	.01326062	.6509363	.001181055	.334622	0
1267.15	.007405466	.6493976	.007730823	.3354661	0
1266.15	.001550601	.6478986	.01424805	.3363027	0
1265.885	0	.6475083	.0159687	.336523	0
1265.885	0	.6475083	.0159687	.336523	0
1265.15	0	.64669	.01650915	.3368009	0
1264.15	0	.6455796	.01724249	.3371779	0
1263.15	0	.6444723	.01797375	.337554	0
1262.15	0	.643368	.01870294	.337929	0
1261.15	0	.6422669	.01943005	.338303	0
1260.15	0	.6411688	.0201551	.3386761	0
1259.15	0	.6400738	.02087809	.3390481	0
1258.15	0	.6389818	.02159902	.3394191	0
1257.15	0	.6378929	.0223179	.3397892	0
1256.15	0	.636807	.02303473	.3401582	0
1255.15	0	.6357242	.02374952	.3405263	0
1254.15	0	.6346444	.02446227	.3408934	0
1253.15	0	.6335675	.02517298	.3412595	0
1252.15	0	.6324937	.02588166	.3416246	0
1251.15	0	.6314229	.02658831	.3419888	0
1250.15	0	.6303551	.02729294	.342352	0
1249.15	0	.6292902	.02799555	.3427142	0
1248.15	0	.6282283	.02869614	.3430755	0
1247.15	0	.6271694	.02939472	.3434359	0
1246.15	0	.6261135	.03009129	.3437952	0
1245.15	0	.6250605	.03078586	.3441536	0
1244.15	0	.6240104	.03147843	.3445111	0
1243.15	0	.6229633	.03216901	.3448677	0
1242.15	0	.6219191	.03285759	.3452233	0
1241.15	0	.6208779	.03354418	.345578	0
1240.15	0	.6198395	.03422879	.3459317	0
1239.15	0	.6188041	.03491142	.3462845	0
1238.15	0	.6177715	.03559207	.3466364	0
1237.15	0	.6167419	.03627075	.3469874	0
1236.15	0	.6157151	.03694746	.3473374	0
1235.15	0	.6146912	.0376222	.3476866	0
1234.15	0	.6136702	.03829498	.3480348	0
1233.15	0	.612652	.0389658	.3483822	0
1232.15	0	.6116367	.03963467	.3487286	0
1231.15	0	.6106243	.04030159	.3490741	0
1230.15	0	.6096147	.04096656	.3494188	0
1229.15	0	.6086079	.04162958	.3497625	0
1228.15	0	.607604	.04229066	.3501054	0
1227.15	0	.6066029	.04294981	.3504473	0
1226.15	0	.6056046	.04360702	.3507884	0
1225.15	0	.6046091	.0442623	.3511286	0
1224.15	0	.6036164	.04491565	.3514679	0
1223.15	0	.6026265	.04556708	.3518064	0
1222.15	0	.6016394	.04621659	.352144	0
1221.15	0	.6006551	.04686419	.3524807	0
1220.15	0	.5996736	.04750986	.3528166	0
1219.15	0	.5986948	.04815363	.3531516	0
1218.15	0	.5977188	.04879549	.3534857	0
1217.15	0	.5967456	.04943545	.353819	0
1216.15	0	.5957751	.0500735	.3541514	0
1215.15	0	.5948073	.05070966	.354483	0
1214.15	0	.5938423	.05134392	.3548137	0
1213.15	0	.5928801	.05197629	.3551436	0
1212.15	0	.5919206	.05260678	.3554727	0
1211.15	0	.5909637	.05323538	.3558009	0
1210.15	0	.5900096	.05386209	.3561283	0
1209.15	0	.5890582	.05448693	.3564548	0
1208.15	0	.5881095	.05510989	.3567806	0
1207.15	0	.5871636	.05573098	.3571055	0
1206.15	0	.5862203	.05635019	.3574295	0
1205.15	0	.5852796	.05696754	.3577528	0
1204.15	0	.5843417	.05758303	.3580753	0
1203.15	0	.5834065	.05819665	.3583969	0
1202.15	0	.5824739	.05880842	.3587177	0
1201.15	0	.5815439	.05941833	.3590377	0
1200.15	0	.5806167	.06002638	.359357	0
1199.15	0	.5796921	.06063259	.3596754	0
1198.15	0	.5787701	.06123695	.359993	0
1197.15	0	.5778507	.06183946	.3603098	0
1196.15	0	.5769341	.06244014	.3606258	0
1195.15	0	.57602	.06303897	.360941	0
1194.15	0	.5751085	.06363597	.3612555	0
1193.15	0	.5741997	.06423113	.3615692	0
1192.15	0	.5732935	.06482447	.361882	0
1191.15	0	.5723899	.06541597	.3621941	0
1190.15	0	.5714889	.06600565	.3625054	0
1189.15	0	.5705905	.06659351	.362816	0
1188.15	0	.5696947	.06717954	.3631258	0
1187.15	0	.5688015	.06776376	.3634348	0
1186.15	0	.5679108	.06834616	.363743	0
1185.15	0	.5670228	.06892675	.3640505	0
1184.15	0	.5661373	.06950553	.3643572	0
1183.15	0	.5652544	.0700825	.3646631	0
1182.15	0	.564374	.07065767	.3649683	0
1181.15	0	.5634962	.07123103	.3652728	0
1180.15	0	.562621	.07180259	.3655764	0
1179.15	0	.5617483	.07237236	.3658794	0
1178.15	0	.5608781	.07294033	.3661816	0
1177.15	0	.5600105	.0735065	.366483	0
1176.15	0	.5591454	.07407088	.3667837	0
1175.15	0	.5582828	.07463348	.3670837	0
1174.15	0	.5574228	.07519429	.3673829	0
1173.15	0	.5565653	.07575331	.3676814	0
1172.15	0	.5557103	.07631055	.3679792	0
1171.15	0	.5548578	.07686602	.3682762	0
1170.15	0	.5540078	.0774197	.3685725	0
1169.15	0	.5531603	.07797161	.3688681	0
1168.15	0	.5523153	.07852175	.3691629	0
1167.15	0	.5514728	.07907011	.3694571	0
1166.15	0	.5506328	.07961671	.3697505	0
1165.15	0	.5497953	.08016154	.3700432	0
1164.15	0	.5489602	.08070461	.3703352	0
1163.15	0	.5481276	.08124591	.3706265	0
1162.15	0	.5472975	.08178546	.370917	0
1161.15	0	.5464699	.08232324	.3712069	0
1160.15	0	.5456447	.08285927	.3714961	0
1159.15	0	.544822	.08339355	.3717845	0
1158.15	0	.5440017	.08392607	.3720723	0
1157.15	0	.5431839	.08445684	.3723593	0
1156.15	0	.5423685	.08498587	.3726457	0
1155.15	0	.5415555	.08551315	.3729313	0
1154.15	0	.540745	.0860387	.3732163	0
1153.15	0	.5399369	.0865625	.3735006	0
1152.15	0	.5391312	.08708455	.3737842	0
1151.15	0	.538328	.08760486	.3740671	0
1150.15	0	.5375272	.08812344	.3743493	0
1149.15	0	.5367288	.08864028	.3746309	0
1148.15	0	.5359329	.08915539	.3749118	0
1147.15	0	.5351393	.08966877	.3751919	0
1146.15	0	.5343481	.09018042	.3754715	0
1145.15	0	.5335594	.09069034	.3757503	0
1144.15	0	.532773	.09119854	.3760285	0
1143.15	0	.531989	.09170502	.376306	0
1142.15	0	.5312074	.09220977	.3765828	0
1141.15	0	.5304282	.0927128	.376859	0
1140.15	0	.5296514	.09321411	.3771345	0
1139.15	0	.528877	.09371371	.3774093	0
1138.15	0	.5281049	.09421159	.3776835	0
1137.15	0	.5273352	.09470776	.377957	0
1136.15	0	.5265679	.09520222	.3782299	0
1135.15	0	.5258029	.09569497	.3785021	0
1134.15	0	.5250403	.09618601	.3787737	0
1133.15	0	.5242801	.09667534	.3790446	0
1132.15	0	.5235222	.09716297	.3793149	0
1131.15	0	.5227666	.09764889	.3795845	0
1130.15	0	.5220134	.09813312	.3798535	0
1129.15	0	.5212626	.09861564	.3801218	0
1128.15	0	.520514	.09909646	.3803895	0
1127.15	0	.5197679	.09957559	.3806565	0
1126.15	0	.519024	.100053	.3809229	0
1125.15	0	.5182825	.1005288	.3811887	0
1124.15	0	.5175433	.1010028	.3814539	0
1123.15	0	.5168065	.1014752	.3817184	0
1122.15	0	.5160719	.1019458	.3819823	0
1121.15	0	.5153397	.1024148	.3822455	0
1120.15	0	.5146097	.1028821	.3825082	0
1119.15	0	.5138822	.1033477	.3827702	0
1118.15	0	.5131568	.1038116	.3830315	0
1117.15	0	.5124339	.1042739	.3832923	0
1116.15	0	.5117132	.1047344	.3835524	0
1115.15	0	.5109948	.1051933	.3838119	0
1114.15	0	.5102787	.1056505	.3840708	0
1113.15	0	.5095649	.106106	.3843291	0
1112.15	0	.5088533	.1065599	.3845868	0
1111.15	0	.5081441	.1070121	.3848438	0
1110.15	0	.5074372	.1074626	.3851003	0
1109.15	0	.5067325	.1079114	.3853561	0
1108.15	0	.5060301	.1083586	.3856113	0
1107.15	0	.50533	.1088041	.385866	0
1106.15	0	.5046322	.1092479	.38612	0
1105.15	0	.5039366	.1096901	.3863734	0
1104.15	0	.5032433	.1101306	.3866262	0
1103.15	0	.5025522	.1105694	.3868784	0
1102.15	0	.5018635	.1110065	.38713	0
1101.15	0	.5011769	.1114421	.387381	0
1100.15	0	.5004927	.1118759	.3876314	0
1099.15	0	.4998107	.1123081	.3878812	0
1098.15	0	.4991309	.1127387	.3881305	0
1097.15	0	.4984534	.1131675	.3883791	0
1096.15	0	.4977781	.1135948	.3886271	0
1095.15	0	.4971051	.1140203	.3888746	0
1094.15	0	.4964343	.1144443	.3891214	0
1093.15	0	.4957658	.1148665	.3893677	0
1092.15	0	.4950994	.1152872	.3896134	0
1091.15	0	.4944354	.1157062	.3898585	0
1090.15	0	.4937735	.1161235	.390103	0
1089.15	0	.4931139	.1165392	.390347	0
1088.15	0	.4924565	.1169532	.3905903	0
1087.15	0	.4918013	.1173656	.3908331	0
1086.15	0	.4911484	.1177764	.3910753	0
1085.15	0	.4904976	.1181855	.3913169	0
1084.15	0	.4898491	.1185929	.3915579	0
1083.15	0	.4892028	.1189988	.3917984	0
1082.15	0	.4885587	.119403	.3920383	0
1081.15	0	.4879168	.1198055	.3922776	0
1080.15	0	.4872771	.1202065	.3925164	0
1079.15	0	.4866397	.1206058	.3927546	0
1078.15	0	.4860044	.1210034	.3929922	0
1077.15	0	.4853713	.1213995	.3932292	0
1076.15	0	.4847404	.1217939	.3934657	0
1075.15	0	.4841118	.1221866	.3937016	0
1074.15	0	.4834853	.1225778	.393937	0
1073.15	0	.482861	.1229673	.3941717	0
1072.15	0	.4822389	.1233552	.394406	0
1071.15	0	.481619	.1237414	.3946396	0
1070.15	0	.4810012	.1241261	.3948727	0
1069.15	0	.4803857	.1245091	.3951053	0
1068.15	0	.4797723	.1248905	.3953372	0
1067.15	0	.4791611	.1252703	.3955686	0
1066.15	0	.4785521	.1256484	.3957995	0
1065.15	0	.4779452	.126025	.3960298	0
1064.15	0	.4773405	.1263999	.3962596	0
1063.15	0	.476738	.1267732	.3964888	0
1062.15	0	.4761377	.1271449	.3967174	0
1061.15	0	.4755395	.127515	.3969455	0
1060.15	0	.4749435	.1278835	.397173	0
1059.15	0	.4743497	.1282503	.3974	0
1058.15	0	.473758	.1286156	.3976264	0
1057.15	0	.4731685	.1289792	.3978523	0
1056.15	0	.4725811	.1293413	.3980776	0
1055.15	0	.4719958	.1297017	.3983024	0
1054.15	0	.4714128	.1300606	.3985267	0
1053.15	0	.4708319	.1304178	.3987504	0
1052.15	0	.4702531	.1307734	.3989735	0
1051.15	0	.4696765	.1311275	.3991961	0
1050.15	0	.469102	.1314799	.3994181	0
1049.15	0	.4685296	.1318307	.3996397	0
1048.15	0	.4679594	.13218	.3998606	0
1047.15	0	.4673914	.1325276	.400081	0
1046.15	0	.4668254	.1328737	.4003009	0
1045.15	0	.4662616	.1332181	.4005203	0
1044.15	0	.4657	.133561	.400739	0
1043.15	0	.4651404	.1339023	.4009573	0
1042.15	0	.464583	.134242	.401175	0
1041.15	0	.4640278	.1345801	.4013922	0
1040.15	0	.4634746	.1349166	.4016088	0
1039.15	0	.4629236	.1352515	.4018249	0
1038.15	0	.4623747	.1355849	.4020405	0
1037.15	0	.4618279	.1359166	.4022555	0
1036.15	0	.4612832	.1362468	.40247	0
1035.15	0	.4607406	.1365755	.4026839	0
1034.15	0	.4602002	.1369025	.4028973	0
1033.15	0	.4596618	.137228	.4031102	0
1032.15	0	.4591256	.1375519	.4033225	0
1031.15	0	.4585915	.1378742	.4035343	0
1030.15	0	.4580595	.138195	.4037456	0
1029.15	0	.4575295	.1385141	.4039563	0
1028.15	0	.4570017	.1388318	.4041665	0
1027.15	0	.456476	.1391478	.4043762	0
1026.15	0	.4559524	.1394623	.4045853	0
1025.15	0	.4554308	.1397753	.4047939	0
1024.15	0	.4549114	.1400866	.405002	0
1023.15	0	.4543941	.1403965	.4052095	0
1022.15	0	.4538788	.1407047	.4054165	0
1021.15	0	.4533656	.1410115	.4056229	0
1020.15	0	.4528546	.1413166	.4058288	0
1019.15	0	.4523455	.1416202	.4060342	0
1018.15	0	.4518386	.1419223	.4062391	0
1017.15	0	.4513338	.1422228	.4064434	0
1016.15	0	.450831	.1425218	.4066472	0
1015.15	0	.4503303	.1428193	.4068504	0
1014.15	0	.4498317	.1431151	.4070532	0
1013.15	0	.4493351	.1434095	.4072553	0
1012.15	0	.4488407	.1437024	.407457	0
1011.15	0	.4483482	.1439937	.4076581	0
1010.15	0	.4478579	.1442834	.4078587	0
1009.15	0	.4473696	.1445717	.4080587	0
1008.15	0	.4468833	.1448584	.4082583	0
1007.15	0	.4463991	.1451436	.4084572	0
1006.15	0	.445917	.1454273	.4086557	0
1005.15	0	.4454369	.1457095	.4088536	0
1004.15	0	.4449589	.1459901	.409051	0
1003.15	0	.4444829	.1462693	.4092478	0
1002.15	0	.444009	.1465469	.4094441	0
1001.15	0	.4435371	.1468231	.4096399	0
1000.15	0	.4430672	.1470977	.4098351	0
999.15	0	.4425994	.1473708	.4100298	0
998.15	0	.4421336	.1476425	.410224	0
997.15	0	.4416698	.1479126	.4104176	0
996.15	0	.4412081	.1481813	.4106107	0
995.15	0	.4407484	.1484484	.4108032	0
994.15	0	.4402907	.1487141	.4109952	0
993.15	0	.439835	.1489783	.4111867	0
992.15	0	.4393814	.1492411	.4113776	0
991.15	0	.4389297	.1495023	.411568	0
990.15	0	.4384801	.1497621	.4117578	0
989.15	0	.4380325	.1500204	.4119471	0
988.15	0	.4375868	.1502773	.4121359	0
987.15	0	.4371432	.1505327	.4123241	0
986.15	0	.4367016	.1507867	.4125118	0
985.15	0	.436262	.1510392	.4126989	0
984.15	0	.4358243	.1512902	.4128855	0
983.15	0	.4353887	.1515398	.4130715	0
982.15	0	.434955	.151788	.413257	0
981.15	0	.4345234	.1520347	.4134419	0
980.15	0	.4340936	.1522801	.4136263	0
979.15	0	.4336659	.152524	.4138101	0
978.15	0	.4332402	.1527664	.4139934	0
977.15	0	.4328164	.1530075	.4141761	0
976.15	0	.4323945	.1532471	.4143583	0
975.15	0	.4319747	.1534854	.4145399	0
974.15	0	.4315568	.1537222	.414721	0
973.15	0	.4311408	.1539577	.4149015	0
972.15	0	.4307268	.1541917	.4150815	0
971.15	0	.4303147	.1544244	.4152609	0
970.15	0	.4299046	.1546557	.4154397	0
969.15	0	.4294964	.1548856	.415618	0
968.15	0	.4290901	.1551142	.4157957	0
967.15	0	.4286858	.1553414	.4159728	0
966.15	0	.4282833	.1555673	.4161494	0
965.15	0	.4278828	.1557918	.4163254	0
964.15	0	.4274842	.1560149	.4165009	0
963.15	0	.4270875	.1562367	.4166757	0
962.15	0	.4266927	.1564572	.41685	0
961.15	0	.4262999	.1566764	.4170238	0
960.15	0	.4259089	.1568942	.4171969	0
959.15	0	.4255197	.1571108	.4173695	0
958.15	0	.4251325	.157326	.4175415	0
957.15	0	.4247471	.15754	.4177129	0
956.15	0	.4243636	.1577526	.4178838	0
955.15	0	.423982	.157964	.418054	0
954.15	0	.4236022	.1581741	.4182237	0
953.15	0	.4232243	.1583829	.4183928	0
952.15	0	.4228482	.1585905	.4185613	0
951.15	0	.422474	.1587968	.4187292	0
950.15	0	.4221016	.1590019	.4188965	0
949.15	0	.421731	.1592058	.4190632	0
948.15	0	.4213622	.1594085	.4192293	0
947.15	0	.4209953	.1596099	.4193949	0
946.15	0	.4206301	.1598101	.4195598	0
945.15	0	.4202668	.1600091	.4197241	0
944.15	0	.4199052	.160207	.4198878	0
943.15	0	.4195454	.1604037	.4200509	0
942.15	0	.4191874	.1605992	.4202134	0
941.15	0	.4188312	.1607935	.4203753	0
940.15	0	.4184768	.1609867	.4205365	0
939.15	0	.418124	.1611788	.4206972	0
938.15	0	.4177731	.1613698	.4208572	0
937.15	0	.4174238	.1615596	.4210166	0
936.15	0	.4170763	.1617483	.4211754	0
935.15	0	.4167305	.161936	.4213335	0
934.15	0	.4163865	.1621225	.421491	0
933.15	0	.4160441	.162308	.4216479	0
932.15	0	.4157034	.1624925	.4218041	0
931.15	0	.4153644	.1626759	.4219597	0
930.15	0	.4150271	.1628583	.4221147	0
929.15	0	.4146914	.1630396	.422269	0
928.15	0	.4143574	.16322	.4224226	0
927.15	0	.414025	.1633993	.4225756	0
926.15	0	.4136943	.1635777	.422728	0
925.15	0	.4133652	.1637551	.4228797	0
924.15	0	.4130377	.1639316	.4230307	0
923.15	0	.4127118	.1641072	.423181	0
922.15	0	.4123875	.1642818	.4233307	0
921.15	0	.4120647	.1644555	.4234797	0
920.15	0	.4117436	.1646284	.4236281	0
919.15	0	.411424	.1648003	.4237757	0
918.15	0	.4111059	.1649714	.4239227	0
917.15	0	.4107894	.1651417	.424069	0
916.15	0	.4104743	.1653111	.4242146	0
915.15	0	.4101608	.1654798	.4243594	0
914.15	0	.4098488	.1656476	.4245036	0
913.15	0	.4095382	.1658147	.4246471	0
912.15	0	.4092291	.165981	.4247899	0
911.15	0	.4089215	.1661466	.4249319	0
910.15	0	.4086152	.1663115	.4250733	0
909.15	0	.4083105	.1664757	.4252139	0
908.15	0	.4080071	.1666392	.4253537	0
907.15	0	.4077051	.1668021	.4254929	0
906.15	0	.4074044	.1669643	.4256313	0
905.15	0	.4071052	.1671259	.425769	0
904.15	0	.4068072	.1672869	.4259059	0
903.15	0	.4065106	.1674473	.4260421	0
902.15	0	.4062154	.1676072	.4261775	0
901.15	0	.4059214	.1677665	.4263121	0
900.15	0	.4056286	.1679254	.426446	0
899.15	0	.4053372	.1680838	.4265791	0
898.15	0	.4050469	.1682417	.4267114	0
897.15	0	.4047579	.1683991	.426843	0
896.15	0	.4044701	.1685562	.4269737	0
895.15	0	.4041835	.1687129	.4271037	0
894.15	0	.403898	.1688692	.4272328	0
893.15	0	.4036137	.1690252	.4273611	0
892.15	0	.4033305	.1691809	.4274887	0
891.15	0	.4030483	.1693363	.4276153	0
890.15	0	.4027673	.1694915	.4277412	0
889.15	0	.4024873	.1696464	.4278662	0
888.15	0	.4022084	.1698012	.4279904	0
887.15	0	.4019304	.1699558	.4281138	0
886.15	0	.4016535	.1701103	.4282362	0
885.15	0	.4013775	.1702646	.4283578	0
884.15	0	.4011025	.1704189	.4284786	0
883.15	0	.4008284	.1705732	.4285984	0
882.15	0	.4005552	.1707274	.4287174	0
881.15	0	.4002828	.1708817	.4288355	0
880.15	0	.4000113	.1710361	.4289527	0
879.15	0	.3997405	.1711905	.4290689	0
878.15	0	.3994706	.1713451	.4291843	0
877.15	0	.3992014	.1714999	.4292987	0
876.15	0	.398933	.1716549	.4294121	0
875.15	0	.3986653	.1718101	.4295247	0
874.15	0	.3983982	.1719656	.4296362	0
873.15	0	.3981317	.1721214	.4297468	0
872.15	0	.3978659	.1722777	.4298565	0
871.15	0	.3976006	.1724343	.4299651	0
870.15	0	.3973359	.1725913	.4300727	0
869.15	0	.3970718	.1727489	.4301793	0
868.15	0	.396808	.172907	.430285	0
867.15	0	.3965448	.1730657	.4303895	0
866.15	0	.3962819	.1732251	.4304931	0
865.15	0	.3960194	.1733851	.4305956	0
864.15	0	.3957572	.1735458	.430697	0
863.15	0	.3954953	.1737073	.4307973	0
862.15	0	.3952337	.1738697	.4308966	0
861.15	0	.3949723	.174033	.4309947	0
860.15	0	.3947111	.1741971	.4310918	0
859.15	0	.39445	.1743623	.4311877	0
858.15	0	.394189	.1745286	.4312824	0
857.15	0	.393928	.1746959	.4313761	0
856.15	0	.3936671	.1748645	.4314685	0
855.15	0	.3934061	.1750342	.4315597	0
854.15	0	.393145	.1752053	.4316498	0
853.15	0	.3928837	.1753777	.4317386	0
852.15	0	.3926223	.1755516	.4318262	0
851.15	0	.3923606	.1757269	.4319125	0
850.15	0	.3920986	.1759039	.4319975	0
849.15	0	.3918363	.1760824	.4320813	0
848.15	0	.3915736	.1762627	.4321637	0
847.15	0	.3913103	.1764448	.4322448	0
846.15	0	.3910466	.1766288	.4323246	0
845.15	0	.3907822	.1768148	.432403	0
844.15	0	.3905173	.1770027	.43248	0
843.15	0	.3902516	.1771929	.4325556	0
842.15	0	.389985	.1773853	.4326297	0
841.15	0	.3897177	.1775799	.4327024	0
840.15	0	.3894494	.1777771	.4327736	0
839.15	0	.3891801	.1779767	.4328432	0
838.15	0	.3889097	.178179	.4329113	0
837.15	0	.3886381	.178384	.4329779	0
836.15	0	.3883653	.1785919	.4330428	0
835.15	0	.3880911	.1788028	.4331061	0
834.15	0	.3878155	.1790167	.4331677	0
833.15	0	.3875384	.179234	.4332277	0
832.15	0	.3872596	.1794545	.4332858	0
831.15	0	.3869791	.1796786	.4333423	0
830.15	0	.3866968	.1799063	.4333969	0
829.15	0	.3864125	.1801379	.4334496	0
828.15	0	.3861261	.1803734	.4335005	0
827.15	0	.3858375	.1806131	.4335494	0
826.15	0	.3855466	.1808571	.4335963	0
825.15	0	.3852533	.1811056	.4336412	0
824.15	0	.3849573	.1813588	.433684	0
823.15	0	.3846585	.1816169	.4337246	0
822.15	0	.3843568	.1818802	.433763	0
821.15	0	.384052	.1821488	.4337992	0
820.15	0	.383744	.182423	.433833	0
819.15	0	.3834324	.1827031	.4338645	0
818.15	0	.3831172	.1829894	.4338934	0
817.15	0	.3827981	.1832821	.4339198	0
816.15	0	.3824749	.1835816	.4339435	0
815.15	0	.3821473	.1838881	.4339646	0
814.15	0	.3818151	.1842022	.4339828	0
813.15	0	.381478	.184524	.433998	0
812.15	0	.3811356	.1848541	.4340102	0
811.15	0	.3807877	.185193	.4340193	0
810.15	0	.380434	.185541	.4340251	0
809.15	0	.3800739	.1858987	.4340274	0
808.15	0	.3797071	.1862667	.4340262	0
807.15	0	.3793332	.1866457	.4340212	0
806.15	0	.3789516	.1870362	.4340122	0
805.15	0	.3785618	.187439	.4339992	0
804.15	0	.3781632	.187855	.4339818	0
803.15	0	.3777552	.188285	.4339598	0
802.15	0	.377337	.18873	.433933	0
801.15	0	.3769077	.1891913	.433901	0
800.15	0	.3764665	.1896699	.4338636	0
799.15	0	.3760123	.1901674	.4338203	0
798.15	0	.3755439	.1906853	.4337708	0
797.15	0	.3750601	.1912255	.4337145	0
796.15	0	.3745592	.1917899	.4336509	0
795.15	0	.3740394	.1923812	.4335794	0
794.15	0	.3734988	.193002	.4334993	0
793.15	0	.3723699	.1943923	.4332378	0
792.15	0	.3712631	.195759	.4329779	0
791.15	0	.3702628	.1969917	.4327455	0
790.15	0	.3693507	.1981138	.4325355	0
789.15	0	.3685145	.1991418	.4323437	0
788.15	0	.3677404	.2000915	.4321682	0
787.15	0	.3670217	.2009721	.4320062	0
786.15	0	.3663518	.2017923	.4318559	0
785.15	0	.3657252	.202559	.4317159	0
784.15	0	.3651372	.2032779	.4315849	0
783.15	0	.3645839	.2039541	.431462	0
782.15	0	.3640622	.2045916	.4313463	0
781.15	0	.363569	.2051939	.431237	0
780.15	0	.363102	.2057643	.4311337	0
779.15	0	.3626591	.2063053	.4310356	0
778.15	0	.3622382	.2068194	.4309425	0
777.15	0	.3618377	.2073086	.4308537	0
776.15	0	.3614561	.2077748	.430769	0
775.15	0	.3610922	.2082197	.4306881	0
774.15	0	.3607445	.2086448	.4306107	0
773.15	0	.3604122	.2090514	.4305364	0
772.15	0	.3600942	.2094408	.4304651	0
771.15	0	.3597895	.209814	.4303966	0
770.15	0	.3594974	.210172	.4303306	0
769.15	0	.3592171	.2105159	.430267	0
768.15	0	.3589479	.2108464	.4302057	0
767.15	0	.3586892	.2111644	.4301464	0
766.15	0	.3584404	.2114704	.4300891	0
765.15	0	.358201	.2117653	.4300337	0
764.15	0	.3579705	.2120496	.42998	0
763.15	0	.3577483	.2123238	.4299279	0
762.15	0	.3575341	.2125886	.4298773	0
761.15	0	.3573274	.2128444	.4298282	0
760.15	0	.3571279	.2130916	.4297804	0
759.15	0	.3569353	.2133308	.429734	0
758.15	0	.3567491	.2135622	.4296887	0
757.15	0	.3565691	.2137863	.4296446	0
756.15	0	.3563951	.2140034	.4296015	0
755.15	0	.3562266	.2142139	.4295595	0
754.15	0	.3560635	.214418	.4295185	0
753.15	0	.3559055	.2146161	.4294784	0
752.15	0	.3557524	.2148084	.4294392	0
751.15	0	.3556041	.2149952	.4294008	0
750.15	0	.3554601	.2151767	.4293632	0
749.15	0	.3553205	.2153532	.4293263	0
748.15	0	.3551849	.2155249	.4292902	0
747.15	0	.3550533	.2156919	.4292548	0
746.15	0	.3549255	.2158546	.42922	0
745.15	0	.3548012	.216013	.4291858	0
744.15	0	.3546804	.2161674	.4291522	0
743.15	0	.354563	.2163179	.4291191	0
742.15	0	.3544487	.2164647	.4290866	0
741.15	0	.3543375	.2166079	.4290546	0
740.15	0	.3542292	.2167477	.4290231	0
739.15	0	.3541238	.2168842	.428992	0
738.15	0	.354021	.2170176	.4289614	0
737.15	0	.3539209	.2171479	.4289312	0
736.15	0	.3538233	.2172753	.4289014	0
735.15	0	.3537281	.2173999	.428872	0
734.15	0	.3536352	.2175218	.428843	0
733.15	0	.3535446	.2176412	.4288143	0
732.15	0	.3534561	.217758	.4287859	0
731.15	0	.3533697	.2178725	.4287579	0
730.15	0	.3532852	.2179846	.4287302	0
729.15	0	.3532027	.2180946	.4287027	0
728.15	0	.3531221	.2182024	.4286755	0
727.15	0	.3530432	.2183081	.4286486	0
726.15	0	.3529661	.2184119	.428622	0
725.15	0	.3528906	.2185138	.4285956	0
724.15	0	.3528168	.2186138	.4285694	0
723.15	0	.3527444	.2187121	.4285435	0
722.15	0	.3526736	.2188087	.4285177	0
721.15	0	.3526042	.2189036	.4284922	0
720.15	0	.3525362	.218997	.4284668	0
719.15	0	.3524695	.2190888	.4284416	0
718.15	0	.3524042	.2191792	.4284166	0
717.15	0	.35234	.2192681	.4283918	0
716.15	0	.3522771	.2193557	.4283671	0
715.15	0	.3522154	.219442	.4283426	0
714.15	0	.3521547	.219527	.4283183	0
713.15	0	.3520952	.2196108	.428294	0
712.15	0	.3520367	.2196934	.4282699	0
711.15	0	.3519792	.2197748	.4282459	0
710.15	0	.3519227	.2198552	.4282221	0
709.15	0	.3518672	.2199345	.4281983	0
708.15	0	.3518126	.2200127	.4281747	0
707.15	0	.3517588	.22009	.4281512	0
706.15	0	.3517059	.2201663	.4281277	0
705.15	0	.3516539	.2202417	.4281044	0
704.15	0	.3516026	.2203162	.4280811	0
703.15	0	.3515521	.2203899	.428058	0
702.15	0	.3515024	.2204627	.4280349	0
701.15	0	.3514534	.2205348	.4280119	0
700.15	0	.3514051	.220606	.4279889	0
699.15	0	.3513575	.2206765	.427966	0
698.15	0	.3513105	.2207463	.4279432	0
697.15	0	.3512641	.2208154	.4279204	0
696.15	0	.3512184	.2208838	.4278977	0
695.15	0	.3511733	.2209516	.4278751	0
694.15	0	.3511287	.2210188	.4278525	0
693.15	0	.3510847	.2210853	.4278299	0
692.15	0	.3510413	.2211513	.4278074	0
691.15	0	.3509983	.2212167	.427785	0
690.15	0	.3509559	.2212816	.4277625	0
689.15	0	.350914	.2213459	.4277401	0
688.15	0	.3508725	.2214097	.4277178	0
687.15	0	.3508315	.2214731	.4276954	0
686.15	0	.3507909	.221536	.4276731	0
685.15	0	.3507507	.2215984	.4276509	0
684.15	0	.350711	.2216604	.4276286	0
683.15	0	.3506717	.221722	.4276064	0
682.15	0	.3506327	.2217831	.4275842	0
681.15	0	.3505942	.2218439	.427562	0
680.15	0	.350556	.2219042	.4275398	0
679.15	0	.3505181	.2219643	.4275176	0
678.15	0	.3504806	.2220239	.4274955	0
677.15	0	.3504434	.2220832	.4274733	0
676.15	0	.3504066	.2221422	.4274512	0
675.15	0	.35037	.2222009	.4274291	0
674.15	0	.3503338	.2222593	.427407	0
673.15	0	.3502979	.2223173	.4273848	0
672.15	0	.3502622	.2223751	.4273627	0
671.15	0	.3502268	.2224326	.4273406	0
670.15	0	.3501916	.2224899	.4273185	0
669.15	0	.3501568	.2225468	.4272964	0
668.15	0	.3501221	.2226036	.4272743	0
667.15	0	.3500877	.2226601	.4272522	0
666.15	0	.3500535	.2227164	.4272301	0
665.15	0	.3500196	.2227724	.427208	0
664.15	0	.3499859	.2228283	.4271858	0
663.15	0	.3499524	.2228839	.4271637	0
662.15	0	.3499191	.2229394	.4271415	0
661.15	0	.349886	.2229947	.4271194	0
660.15	0	.349853	.2230497	.4270973	0
659.15	0	.3498203	.2231046	.4270751	0
658.15	0	.3497877	.2231594	.4270529	0
657.15	0	.3497553	.223214	.4270307	0
656.15	0	.3497231	.2232684	.4270085	0
655.15	0	.349691	.2233227	.4269863	0
654.15	0	.3496591	.2233768	.4269641	0
653.15	0	.3496274	.2234308	.4269418	0
652.15	0	.3495958	.2234847	.4269196	0
651.15	0	.3495643	.2235384	.4268973	0
650.15	0	.349533	.223592	.426875	0
649.15	0	.3495018	.2236455	.4268527	0
648.15	0	.3494707	.2236989	.4268304	0
647.15	0	.3494397	.2237522	.4268081	0
646.15	0	.3494089	.2238054	.4267857	0
645.15	0	.3493782	.2238585	.4267633	0
644.15	0	.3493476	.2239115	.426741	0
643.15	0	.3493171	.2239644	.4267186	0
642.15	0	.3492867	.2240172	.4266961	0
641.15	0	.3492564	.2240699	.4266737	0
640.15	0	.3492262	.2241226	.4266512	0
639.15	0	.3491961	.2241751	.4266287	0
638.15	0	.3491661	.2242276	.4266062	0
637.15	0	.3491362	.2242801	.4265837	0
636.15	0	.3491064	.2243325	.4265612	0
635.15	0	.3490766	.2243848	.4265386	0
634.15	0	.349047	.224437	.426516	0
633.15	0	.3490174	.2244892	.4264934	0
632.15	0	.3489878	.2245414	.4264708	0
631.15	0	.3489584	.2245935	.4264481	0
630.15	0	.348929	.2246455	.4264255	0
629.15	0	.3488997	.2246975	.4264028	0
628.15	0	.3488704	.2247495	.4263801	0
627.15	0	.3488412	.2248014	.4263574	0
626.15	0	.3488121	.2248533	.4263346	0
625.15	0	.348783	.2249052	.4263118	0
624.15	0	.348754	.224957	.4262891	0
623.15	0	.348725	.2250087	.4262662	0
622.15	0	.3486961	.2250605	.4262434	0
621.15	0	.3486672	.2251122	.4262206	0
620.15	0	.3486384	.2251639	.4261977	0
619.15	0	.3486096	.2252156	.4261748	0
618.15	0	.3485809	.2252672	.4261519	0
617.15	0	.3485522	.2253189	.4261289	0
616.15	0	.3485236	.2253705	.426106	0
615.15	0	.348495	.2254221	.426083	0
614.15	0	.3484664	.2254736	.42606	0
613.15	0	.3484379	.2255252	.4260369	0
612.15	0	.3484094	.2255767	.4260139	0
611.15	0	.3483809	.2256283	.4259908	0
610.15	0	.3483525	.2256798	.4259678	0
609.15	0	.3483241	.2257313	.4259447	0
608.15	0	.3482957	.2257828	.4259215	0
607.15	0	.3482674	.2258343	.4258984	0
606.15	0	.3482391	.2258857	.4258752	0
605.15	0	.3482108	.2259372	.425852	0
604.15	0	.3481825	.2259887	.4258288	0
603.15	0	.3481543	.2260401	.4258056	0
602.15	0	.3481261	.2260916	.4257824	0
601.15	0	.3480979	.226143	.4257591	0
600.15	0	.3480697	.2261945	.4257358	0
599.15	0	.3480416	.2262459	.4257125	0
598.15	0	.3480134	.2262974	.4256892	0
597.15	0	.3479853	.2263488	.4256659	0
596.15	0	.3479572	.2264002	.4256425	0
595.15	0	.3479292	.2264517	.4256192	0
594.15	0	.3479011	.2265031	.4255958	0
593.15	0	.3478731	.2265546	.4255724	0
592.15	0	.3478451	.226606	.425549	0
591.15	0	.3478171	.2266574	.4255255	0
590.15	0	.3477891	.2267089	.4255021	0
589.15	0	.3477611	.2267603	.4254786	0
588.15	0	.3477331	.2268118	.4254551	0
587.15	0	.3477052	.2268632	.4254316	0
586.15	0	.3476772	.2269147	.4254081	0
585.15	0	.3476493	.2269661	.4253846	0
584.15	0	.3476214	.2270176	.4253611	0
583.15	0	.3475935	.227069	.4253375	0
582.15	0	.3475656	.2271205	.4253139	0
581.15	0	.3475377	.227172	.4252903	0
580.15	0	.3475098	.2272235	.4252667	0
579.15	0	.3474819	.2272749	.4252431	0
578.15	0	.3474541	.2273264	.4252195	0
577.15	0	.3474262	.2273779	.4251959	0
576.15	0	.3473984	.2274294	.4251722	0
575.15	0	.3473706	.2274809	.4251486	0
574.15	0	.3473427	.2275324	.4251249	0
573.15	0	.3473149	.2275839	.4251012	0
572.15	0	.3472871	.2276354	.4250775	0
571.15	0	.3472593	.2276869	.4250538	0
570.15	0	.3472315	.2277384	.4250301	0
569.15	0	.3472037	.2277899	.4250064	0
568.15	0	.3471759	.2278414	.4249827	0
567.15	0	.3471481	.2278929	.4249589	0
566.15	0	.3471204	.2279444	.4249352	0
565.15	0	.3470926	.227996	.4249114	0
564.15	0	.3470648	.2280475	.4248877	0
563.15	0	.3470371	.228099	.4248639	0
562.15	0	.3470093	.2281506	.4248401	0
561.15	0	.3469816	.2282021	.4248163	0
560.15	0	.3469538	.2282536	.4247926	0
559.15	0	.3469261	.2283051	.4247687	0
558.15	0	.3468984	.2283567	.424745	0
557.15	0	.3468707	.2284082	.4247211	0
556.15	0	.3468429	.2284597	.4246973	0
555.15	0	.3468152	.2285113	.4246735	0
554.15	0	.3467875	.2285628	.4246497	0
553.15	0	.3467598	.2286143	.4246259	0
552.15	0	.3467321	.2286659	.4246021	0
551.15	0	.3467044	.2287174	.4245782	0
550.15	0	.3466767	.2287689	.4245544	0
549.15	0	.346649	.2288204	.4245306	0
548.15	0	.3466213	.2288719	.4245067	0
547.15	0	.3465937	.2289235	.4244829	0
546.15	0	.346566	.228975	.4244591	0
545.15	0	.3465383	.2290265	.4244352	0
544.15	0	.3465107	.229078	.4244114	0
543.15	0	.346483	.2291295	.4243875	0
542.15	0	.3464554	.2291809	.4243637	0
541.15	0	.3464277	.2292324	.4243399	0
540.15	0	.3464001	.2292839	.424316	0
539.15	0	.3463724	.2293354	.4242922	0
538.15	0	.3463448	.2293868	.4242684	0
537.15	0	.3463172	.2294383	.4242446	0
536.15	0	.3462896	.2294897	.4242207	0
535.15	0	.346262	.2295411	.4241969	0
534.15	0	.3462343	.2295926	.4241731	0
533.15	0	.3462067	.229644	.4241493	0
532.15	0	.3461791	.2296954	.4241255	0
531.15	0	.3461516	.2297467	.4241017	0
530.15	0	.346124	.2297981	.4240779	0
529.15	0	.3460964	.2298495	.4240541	0
528.15	0	.346069	.2299008	.4240302	0
527.15	0	.3460414	.2299522	.4240065	0
526.15	0	.3460139	.2300035	.4239827	0
525.15	0	.3459863	.2300548	.4239589	0
524.15	0	.3459588	.2301061	.4239352	0
523.15	0	.3459312	.2301573	.4239114	0
522.15	0	.3459037	.2302086	.4238877	0
521.15	0	.3458762	.2302598	.423864	0
520.15	0	.3458487	.230311	.4238403	0
519.15	0	.3458212	.2303622	.4238166	0
518.15	0	.3457937	.2304134	.4237929	0
517.15	0	.3457662	.2304646	.4237692	0
516.15	0	.3457388	.2305157	.4237455	0
515.15	0	.3457113	.2305668	.4237219	0
514.15	0	.3456838	.2306179	.4236982	0
513.15	0	.3456564	.230669	.4236746	0
512.15	0	.345629	.2307201	.423651	0
511.15	0	.3456015	.2307711	.4236274	0
510.15	0	.3455741	.2308221	.4236038	0
509.15	0	.3455467	.2308731	.4235802	0
508.15	0	.3455193	.230924	.4235567	0
507.15	0	.3454919	.2309749	.4235331	0
506.15	0	.3454646	.2310258	.4235096	0
505.15	0	.3454372	.2310767	.4234861	0
504.15	0	.3454099	.2311275	.4234626	0
503.15	0	.3453825	.2311783	.4234391	0
502.15	0	.3453552	.2312291	.4234157	0
501.15	0	.3453279	.2312799	.4233922	0
500.15	0	.3453006	.2313306	.4233688	0
499.15	0	.3452733	.2313813	.4233454	0
498.15	0	.345246	.2314319	.423322	0
497.15	0	.3452188	.2314825	.4232987	0
496.15	0	.3451915	.2315331	.4232753	0
495.15	0	.3451643	.2315837	.423252	0
494.15	0	.3451371	.2316342	.4232287	0
493.15	0	.3451099	.2316847	.4232055	0
492.15	0	.3450827	.2317351	.4231822	0
491.15	0	.3450555	.2317855	.423159	0
490.15	0	.3450283	.2318359	.4231358	0
489.15	0	.3450012	.2318862	.4231126	0
488.15	0	.344974	.2319365	.4230894	0
487.15	0	.3449469	.2319868	.4230663	0
486.15	0	.3449198	.232037	.4230432	0
485.15	0	.3448927	.2320872	.4230201	0
484.15	0	.3448657	.2321373	.4229971	0
483.15	0	.3448386	.2321874	.422974	0
482.15	0	.3448116	.2322374	.422951	0
481.15	0	.3447846	.2322874	.422928	0
480.15	0	.3447576	.2323374	.4229051	0
479.15	0	.3447306	.2323873	.4228822	0
478.15	0	.3447036	.2324371	.4228593	0
477.15	0	.3446767	.232487	.4228364	0
476.15	0	.3446497	.2325367	.4228136	0
475.15	0	.3446228	.2325864	.4227908	0
474.15	0	.3445959	.2326361	.422768	0
473.15	0	.344569	.2326857	.4227452	0
472.15	0	.3445422	.2327353	.4227225	0
471.15	0	.3445153	.2327848	.4226998	0
470.15	0	.3444885	.2328343	.4226772	0
469.15	0	.3444617	.2328837	.4226546	0
468.15	0	.3444349	.2329331	.422632	0
467.15	0	.3444082	.2329824	.4226094	0
466.15	0	.3443815	.2330316	.4225869	0
465.15	0	.3443547	.2330809	.4225644	0
464.15	0	.344328	.23313	.422542	0
463.15	0	.3443014	.2331791	.4225196	0
462.15	0	.3442747	.2332281	.4224972	0
461.15	0	.3442481	.2332771	.4224748	0
460.15	0	.3442215	.233326	.4224525	0
459.15	0	.3441949	.2333749	.4224302	0
458.15	0	.3441683	.2334237	.422408	0
457.15	0	.3441418	.2334724	.4223858	0
456.15	0	.3441153	.2335211	.4223636	0
455.15	0	.3440888	.2335697	.4223415	0
454.15	0	.3440623	.2336183	.4223194	0
453.15	0	.3440359	.2336668	.4222974	0
452.15	0	.3440094	.2337152	.4222754	0
451.15	0	.343983	.2337636	.4222534	0
450.15	0	.3439567	.2338119	.4222315	0
449.15	0	.3439303	.2338601	.4222096	0
448.15	0	.3439041	.2339082	.4221878	0
447.15	0	.3438778	.2339562	.422166	0
446.15	0	.3438516	.2340042	.4221442	0
445.15	0	.3438254	.2340521	.4221225	0
444.15	0	.3437992	.2341	.4221009	0
443.15	0	.3437731	.2341477	.4220793	0
442.15	0	.343747	.2341953	.4220577	0
441.15	0	.3437209	.2342429	.4220362	0
440.15	0	.3436949	.2342903	.4220148	0
439.15	0	.343669	.2343377	.4219933	0
438.15	0	.3436431	.2343849	.421972	0
