T	 BPW(LIQUID)	BPW(BCC_A2)	BPW(FCC_A1)	BPW(LAVES_PHASE_C14)	BPW(NI3TI)
1473.15	0	1	0	0	0
1472.15	0	1	0	0	0
1471.15	0	1	0	0	0
1470.15	0	1	0	0	0
1469.15	0	1	0	0	0
1468.15	0	1	0	0	0
1467.15	0	1	0	0	0
1466.15	0	1	0	0	0
1465.15	0	1	0	0	0
1464.15	0	1	0	0	0
1463.15	0	1	0	0	0
1462.15	0	1	0	0	0
1461.15	0	1	0	0	0
1460.15	0	1	0	0	0
1459.15	0	1	0	0	0
1458.15	0	1	0	0	0
1457.15	0	1	0	0	0
1456.15	0	1	0	0	0
1455.15	0	1	0	0	0
1454.15	0	1	0	0	0
1453.15	0	1	0	0	0
1452.15	0	1	0	0	0
1451.15	0	1	0	0	0
1450.15	0	1	0	0	0
1449.15	0	1	0	0	0
1448.15	0	1	0	0	0
1447.15	0	1	0	0	0
1446.15	0	1	0	0	0
1445.15	0	1	0	0	0
1444.15	0	1	0	0	0
1443.15	0	1	0	0	0
1442.15	0	1	0	0	0
1441.15	0	1	0	0	0
1440.15	0	1	0	0	0
1439.15	0	1	0	0	0
1438.15	0	1	0	0	0
1437.15	0	1	0	0	0
1436.15	0	1	0	0	0
1435.15	0	1	0	0	0
1434.15	0	1	0	0	0
1433.15	0	1	0	0	0
1432.15	0	1	0	0	0
1431.15	0	1	0	0	0
1430.15	0	1	0	0	0
1429.15	0	1	0	0	0
1428.15	0	1	0	0	0
1427.15	0	1	0	0	0
1426.15	0	1	0	0	0
1425.15	0	1	0	0	0
1424.15	0	1	0	0	0
1423.15	0	1	0	0	0
1422.15	0	1	0	0	0
1421.15	0	1	0	0	0
1420.15	0	1	0	0	0
1419.15	0	1	0	0	0
1418.15	0	1	0	0	0
1417.15	0	1	0	0	0
1416.15	0	1	0	0	0
1415.15	0	1	0	0	0
1414.15	0	1	0	0	0
1413.15	0	1	0	0	0
1412.15	0	1	0	0	0
1411.15	0	1	0	0	0
1410.15	0	1	0	0	0
1409.15	0	1	0	0	0
1408.15	0	1	0	0	0
1407.15	0	1	0	0	0
1406.15	0	1	0	0	0
1405.15	0	1	0	0	0
1404.15	0	1	0	0	0
1403.15	0	1	0	0	0
1402.15	0	1	0	0	0
1401.15	0	1	0	0	0
1400.15	0	1	0	0	0
1399.15	0	1	0	0	0
1398.15	0	1	0	0	0
1397.15	0	1	0	0	0
1396.15	0	1	0	0	0
1395.15	0	1	0	0	0
1394.15	0	1	0	0	0
1393.15	0	1	0	0	0
1392.15	0	1	0	0	0
1391.15	0	1	0	0	0
1390.15	0	1	0	0	0
1389.15	0	1	0	0	0
1388.15	0	1	0	0	0
1387.15	0	1	0	0	0
1386.15	0	1	0	0	0
1385.15	0	1	0	0	0
1384.15	0	1	0	0	0
1383.15	0	1	0	0	0
1382.15	0	1	0	0	0
1381.15	0	1	0	0	0
1380.15	0	1	0	0	0
1379.15	0	1	0	0	0
1378.15	0	1	0	0	0
1377.15	0	1	0	0	0
1376.15	0	1	0	0	0
1375.15	0	1	0	0	0
1374.15	0	1	0	0	0
1373.15	0	1	0	0	0
1372.15	0	1	0	0	0
1371.15	0	1	0	0	0
1370.15	0	1	0	0	0
1369.15	0	1	0	0	0
1368.15	0	1	0	0	0
1367.15	0	1	0	0	0
1366.15	0	1	0	0	0
1365.15	0	1	0	0	0
1364.15	0	1	0	0	0
1363.15	0	1	0	0	0
1362.15	0	1	0	0	0
1361.15	0	1	0	0	0
1360.15	0	1	0	0	0
1359.15	0	1	0	0	0
1358.15	0	1	0	0	0
1357.15	0	1	0	0	0
1356.15	0	1	0	0	0
1355.15	0	1	0	0	0
1354.15	0	1	0	0	0
1353.15	0	1	0	0	0
1352.15	0	1	0	0	0
1351.15	0	1	0	0	0
1350.15	0	1	0	0	0
1349.15	0	1	0	0	0
1348.15	0	1	0	0	0
1347.15	0	1	0	0	0
1346.15	0	1	0	0	0
1345.15	0	1	0	0	0
1344.15	0	1	0	0	0
1343.15	0	1	0	0	0
1342.15	0	1	0	0	0
1341.15	0	1	0	0	0
1340.15	0	1	0	0	0
1339.15	0	1	0	0	0
1338.15	0	1	0	0	0
1337.15	0	1	0	0	0
1336.15	0	1	0	0	0
1335.15	0	1	0	0	0
1334.15	0	1	0	0	0
1333.15	0	1	0	0	0
1332.15	0	1	0	0	0
1331.15	0	1	0	0	0
1330.15	0	1	0	0	0
1329.15	0	1	0	0	0
1328.15	0	1	0	0	0
1327.15	0	1	0	0	0
1326.15	0	1	0	0	0
1325.15	0	1	0	0	0
1324.15	0	1	0	0	0
1323.15	0	1	0	0	0
1322.15	0	1	0	0	0
1321.15	0	1	0	0	0
1320.15	0	1	0	0	0
1319.15	0	1	0	0	0
1318.15	0	1	0	0	0
1317.15	0	1	0	0	0
1316.15	0	1	0	0	0
1315.15	0	1	0	0	0
1314.15	0	1	0	0	0
1313.15	0	1	0	0	0
1312.15	0	1	0	0	0
1311.15	0	1	0	0	0
1310.15	0	1	0	0	0
1309.15	0	1	0	0	0
1308.15	0	1	0	0	0
1307.15	0	1	0	0	0
1306.15	0	1	0	0	0
1305.15	0	1	0	0	0
1304.15	0	1	0	0	0
1303.15	0	1	0	0	0
1302.15	0	1	0	0	0
1301.15	0	1	0	0	0
1300.15	0	1	0	0	0
1299.15	0	1	0	0	0
1298.15	0	1	0	0	0
1297.15	0	1	0	0	0
1296.15	0	1	0	0	0
1295.15	0	1	0	0	0
1294.15	0	1	0	0	0
1293.15	0	1	0	0	0
1292.15	0	1	0	0	0
1291.15	0	1	0	0	0
1290.15	0	1	0	0	0
1289.15	0	1	0	0	0
1288.15	0	1	0	0	0
1287.15	0	1	0	0	0
1286.15	0	1	0	0	0
1285.15	0	1	0	0	0
1284.15	0	1	0	0	0
1283.15	0	1	0	0	0
1282.15	0	1	0	0	0
1281.15	0	1	0	0	0
1280.15	0	1	0	0	0
1279.15	0	1	0	0	0
1278.15	0	1	0	0	0
1277.15	0	1	0	0	0
1276.15	0	1	0	0	0
1275.15	0	1	0	0	0
1274.15	0	1	0	0	0
1273.15	0	1	0	0	0
1272.15	0	1	0	0	0
1271.15	0	1	0	0	0
1270.15	0	1	0	0	0
1269.15	0	1	0	0	0
1268.15	0	1	0	0	0
1267.15	0	1	0	0	0
1266.15	0	1	0	0	0
1265.15	0	1	0	0	0
1264.15	0	1	0	0	0
1263.15	0	1	0	0	0
1262.15	0	1	0	0	0
1261.15	0	1	0	0	0
1260.15	0	1	0	0	0
1259.15	0	1	0	0	0
1258.15	0	1	0	0	0
1257.15	0	1	0	0	0
1256.15	0	1	0	0	0
1255.15	0	1	0	0	0
1254.15	0	1	0	0	0
1253.15	0	1	0	0	0
1252.15	0	1	0	0	0
1251.15	0	1	0	0	0
1250.15	0	1	0	0	0
1249.15	0	1	0	0	0
1248.15	0	1	0	0	0
1247.15	0	1	0	0	0
1246.15	0	1	0	0	0
1245.15	0	1	0	0	0
1244.15	0	1	0	0	0
1243.15	0	1	0	0	0
1242.15	0	1	0	0	0
1241.15	0	1	0	0	0
1240.15	0	1	0	0	0
1239.15	0	1	0	0	0
1238.15	0	1	0	0	0
1237.15	0	1	0	0	0
1236.15	0	1	0	0	0
1235.15	0	1	0	0	0
1234.15	0	1	0	0	0
1233.15	0	1	0	0	0
1232.15	0	1	0	0	0
1231.15	0	1	0	0	0
1230.15	0	1	0	0	0
1229.15	0	1	0	0	0
1228.15	0	1	0	0	0
1227.15	0	1	0	0	0
1226.15	0	1	0	0	0
1225.15	0	1	0	0	0
1224.15	0	1	0	0	0
1223.15	0	1	0	0	0
1222.15	0	1	0	0	0
1221.15	0	1	0	0	0
1220.15	0	1	0	0	0
1219.15	0	1	0	0	0
1218.15	0	1	0	0	0
1217.15	0	1	0	0	0
1216.15	0	1	0	0	0
1215.15	0	1	0	0	0
1214.15	0	1	0	0	0
1213.15	0	1	0	0	0
1212.15	0	1	0	0	0
1211.15	0	1	0	0	0
1210.15	0	1	0	0	0
1209.15	0	1	0	0	0
1208.15	0	1	0	0	0
1207.15	0	1	0	0	0
1206.15	0	1	0	0	0
1205.15	0	1	0	0	0
1204.15	0	1	0	0	0
1203.15	0	1	0	0	0
1202.15	0	1	0	0	0
1201.15	0	1	0	0	0
1200.15	0	1	0	0	0
1199.15	0	1	0	0	0
1198.15	0	1	0	0	0
1197.15	0	1	0	0	0
1196.15	0	1	0	0	0
1195.15	0	1	0	0	0
1194.15	0	1	0	0	0
1193.15	0	1	0	0	0
1192.15	0	1	0	0	0
1191.15	0	1	0	0	0
1190.15	0	1	0	0	0
1189.15	0	1	0	0	0
1188.15	0	1	0	0	0
1187.15	0	1	0	0	0
1186.15	0	1	0	0	0
1185.15	0	1	0	0	0
1184.15	0	1	0	0	0
1183.15	0	1	0	0	0
1182.15	0	1	0	0	0
1181.15	0	1	0	0	0
1180.642	0	1	0	0	0
1180.642	0	1	0	0	0
1180.642	0	1	0	0	0
1180.15	0	.9994096	5.903604E-04	0	0
1179.15	0	.9982113	.001788738	0	0
1178.15	0	.9970153	.002984667	0	0
1177.15	0	.9958219	.004178146	0	0
1176.15	0	.9946308	.005369169	0	0
1175.15	0	.9934423	.006557733	0	0
1174.15	0	.9922562	.007743834	0	0
1173.15	0	.9910725	.008927467	0	0
1172.15	0	.9898914	.01010863	0	0
1171.15	0	.9887127	.01128731	0	0
1170.15	0	.9875365	.01246352	0	0
1169.15	0	.9863628	.01363724	0	0
1168.15	0	.9851915	.01480847	0	0
1167.15	0	.9840228	.01597721	0	0
1166.15	0	.9828566	.01714345	0	0
1165.15	0	.9816928	.01830719	0	0
1164.15	0	.9805316	.01946842	0	0
1163.15	0	.9793729	.02062715	0	0
1162.15	0	.9782167	.02178335	0	0
1161.15	0	.977063	.02293703	0	0
1160.15	0	.9759118	.02408819	0	0
1159.15	0	.9747632	.02523682	0	0
1158.15	0	.9736171	.02638292	0	0
1157.15	0	.9724735	.02752647	0	0
1156.15	0	.9713325	.02866748	0	0
1155.15	0	.9701941	.02980594	0	0
1154.15	0	.9690581	.03094187	0	0
1153.15	0	.9679248	.03207521	0	0
1152.15	0	.966794	.033206	0	0
1151.15	0	.9656658	.0343342	0	0
1150.15	0	.9645402	.03545984	0	0
1149.15	0	.9634171	.03658289	0	0
1148.15	0	.9622966	.03770336	0	0
1147.15	0	.9611788	.03882124	0	0
1146.15	0	.9600635	.03993652	0	0
1145.15	0	.9589508	.0410492	0	0
1144.15	0	.9578407	.04215927	0	0
1143.15	0	.9567333	.04326672	0	0
1142.15	0	.9556284	.04437156	0	0
1141.15	0	.9545262	.04547378	0	0
1140.15	0	.9534266	.04657336	0	0
1139.15	0	.9523297	.04767031	0	0
1138.15	0	.9512354	.04876462	0	0
1137.15	0	.9501437	.04985628	0	0
1136.15	0	.9490547	.05094529	0	0
1135.15	0	.9479684	.05203163	0	0
1134.15	0	.9468847	.05311531	0	0
1133.15	0	.9458037	.05419632	0	0
1132.15	0	.9447253	.05527466	0	0
1131.15	0	.9436497	.0563503	0	0
1130.15	0	.9425767	.05742326	0	0
1129.15	0	.9415065	.05849352	0	0
1128.15	0	.9404389	.05956108	0	0
1127.15	0	.9393741	.06062593	0	0
1126.15	0	.9383119	.06168807	0	0
1125.15	0	.9372525	.06274748	0	0
1124.15	0	.9361958	.06380416	0	0
1123.15	0	.9351419	.06485811	0	0
1122.15	0	.9340907	.06590932	0	0
1121.15	0	.9330422	.06695778	0	0
1120.15	0	.9319965	.06800348	0	0
1119.15	0	.9309536	.06904642	0	0
1118.15	0	.9299134	.07008659	0	0
1117.15	0	.928876	.07112399	0	0
1116.15	0	.9278414	.0721586	0	0
1115.15	0	.9268096	.07319042	0	0
1114.15	0	.9257806	.07421945	0	0
1113.15	0	.9247543	.07524567	0	0
1112.15	0	.9237309	.07626908	0	0
1111.15	0	.9227103	.07728967	0	0
1110.15	0	.9216926	.07830743	0	0
1109.15	0	.9206776	.07932236	0	0
1108.15	0	.9196656	.08033445	0	0
1107.15	0	.9186563	.08134369	0	0
1106.15	0	.9176499	.08235008	0	0
1105.15	0	.9166464	.0833536	0	0
1104.15	0	.9156458	.08435425	0	0
1103.15	0	.914648	.08535202	0	0
1102.15	0	.9136531	.08634691	0	0
1101.15	0	.9126611	.0873389	0	0
1100.15	0	.911672	.08832799	0	0
1099.15	0	.9106858	.08931417	0	0
1098.15	0	.9097026	.09029743	0	0
1097.15	0	.9087222	.09127776	0	0
1096.15	0	.9077448	.09225516	0	0
1095.15	0	.9067704	.09322962	0	0
1094.15	0	.9057989	.09420113	0	0
1093.15	0	.9048303	.09516968	0	0
1092.15	0	.9038647	.09613526	0	0
1091.15	0	.9029021	.09709787	0	0
1090.15	0	.9019425	.09805749	0	0
1089.15	0	.9009859	.09901413	0	0
1088.15	0	.9000322	.09996776	0	0
1087.15	0	.8990816	.1009184	0	0
1086.15	0	.898134	.101866	0	0
1085.15	0	.8971894	.1028106	0	0
1084.15	0	.8962479	.1037521	0	0
1083.15	0	.8953094	.1046906	0	0
1082.15	0	.8943739	.1056261	0	0
1081.15	0	.8934416	.1065584	0	0
1080.15	0	.8925122	.1074878	0	0
1079.15	0	.891586	.108414	0	0
1078.15	0	.8906629	.1093371	0	0
1077.15	0	.8897428	.1102572	0	0
1076.15	0	.8888259	.1111741	0	0
1075.15	0	.887912	.112088	0	0
1074.15	0	.8870013	.1129987	0	0
1073.15	0	.8860938	.1139063	0	0
1072.15	0	.8851893	.1148107	0	0
1071.15	0	.884288	.115712	0	0
1070.15	0	.8833899	.1166101	0	0
1069.15	0	.882495	.117505	0	0
1068.15	0	.8816032	.1183968	0	0
1067.15	0	.8807146	.1192854	0	0
1066.15	0	.8798293	.1201707	0	0
1065.15	0	.8789471	.1210529	0	0
1064.15	0	.8780681	.1219319	0	0
1063.15	0	.8771924	.1228076	0	0
1062.15	0	.8763199	.1236801	0	0
1061.15	0	.8754507	.1245493	0	0
1060.15	0	.8745847	.1254153	0	0
1059.15	0	.873722	.126278	0	0
1058.15	0	.8728625	.1271375	0	0
1057.15	0	.8720064	.1279936	0	0
1056.15	0	.8711535	.1288465	0	0
1055.15	0	.870304	.129696	0	0
1054.15	0	.8694577	.1305423	0	0
1053.15	0	.8686148	.1313852	0	0
1052.15	0	.8677752	.1322248	0	0
1051.15	0	.866939	.133061	0	0
1050.15	0	.8661061	.1338939	0	0
1049.15	0	.8652766	.1347234	0	0
1048.15	0	.8644505	.1355495	0	0
1047.15	0	.8636277	.1363723	0	0
1046.15	0	.8628084	.1371916	0	0
1045.15	0	.8619924	.1380076	0	0
1044.15	0	.8611799	.1388201	0	0
1043.15	0	.8603708	.1396292	0	0
1042.15	0	.8595651	.1404349	0	0
1041.15	0	.8587629	.1412371	0	0
1040.15	0	.8579641	.1420359	0	0
1039.15	0	.8571688	.1428312	0	0
1038.15	0	.8563769	.1436231	0	0
1037.15	0	.8555886	.1444114	0	0
1036.15	0	.8548037	.1451963	0	0
1035.15	0	.8540224	.1459776	0	0
1034.15	0	.8532445	.1467554	0	0
1033.15	0	.8524702	.1475298	0	0
1032.15	0	.8516995	.1483005	0	0
1031.15	0	.8509322	.1490678	0	0
1030.15	0	.8501686	.1498314	0	0
1029.15	0	.8494085	.1505915	0	0
1028.15	0	.8486519	.1513481	0	0
1027.15	0	.847899	.152101	0	0
1026.15	0	.8471496	.1528504	0	0
1025.15	0	.8464039	.1535961	0	0
1024.15	0	.8456618	.1543383	0	0
1023.15	0	.8449233	.1550768	0	0
1022.15	0	.8441884	.1558116	0	0
1021.15	0	.8434571	.1565429	0	0
1020.15	0	.8427296	.1572704	0	0
1019.15	0	.8420056	.1579944	0	0
1018.15	0	.8412854	.1587146	0	0
1017.15	0	.8405688	.1594312	0	0
1016.15	0	.839856	.160144	0	0
1015.15	0	.8391468	.1608532	0	0
1014.15	0	.8384413	.1615587	0	0
1013.15	0	.8377396	.1622604	0	0
1012.15	0	.8370416	.1629584	0	0
1011.15	0	.8363473	.1636527	0	0
1010.15	0	.8356567	.1643433	0	0
1009.15	0	.83497	.1650301	0	0
1008.15	0	.8342869	.1657131	0	0
1007.15	0	.8336077	.1663923	0	0
1006.15	0	.8329322	.1670678	0	0
1005.15	0	.8322605	.1677395	0	0
1004.15	0	.8315926	.1684074	0	0
1003.15	0	.8309285	.1690715	0	0
1002.15	0	.8302682	.1697318	0	0
1001.15	0	.8296117	.1703883	0	0
1000.15	0	.8289591	.1710409	0	0
999.15	0	.8283103	.1716897	0	0
998.15	0	.8276653	.1723347	0	0
997.15	0	.8270242	.1729758	0	0
996.15	0	.8263869	.1736131	0	0
995.15	0	.8257535	.1742465	0	0
994.15	0	.8251239	.1748761	0	0
993.15	0	.8244983	.1755018	0	0
992.15	0	.8238764	.1761236	0	0
991.15	0	.8232585	.1767415	0	0
990.15	0	.8226445	.1773555	0	0
989.15	0	.8220344	.1779657	0	0
988.15	0	.8214281	.1785719	0	0
987.15	0	.8208258	.1791742	0	0
986.15	0	.8202273	.1797727	0	0
985.15	0	.8196328	.1803672	0	0
984.15	0	.8190422	.1809578	0	0
983.15	0	.8184555	.1815445	0	0
982.15	0	.8178728	.1821273	0	0
981.15	0	.8172939	.1827061	0	0
980.15	0	.816719	.183281	0	0
979.15	0	.816148	.183852	0	0
978.7488	0	.81592	.18408	0	0
978.7488	0	.81592	.18408	0	0
978.7488	0	.81592	.18408	0	0
978.15	0	.8154974	.1843277	1.749993E-04	0
977.15	0	.8147949	.1847387	4.663813E-04	0
976.15	0	.8140968	.1851465	7.56688E-04	0
975.15	0	.813403	.1855511	.001045916	0
974.15	0	.8127135	.1859524	.001334063	0
973.15	0	.8120283	.1863506	.001621124	0
972.15	0	.8113474	.1867455	.001907097	0
971.15	0	.8106708	.1871372	.002191977	0
970.15	0	.8099986	.1875257	.002475761	0
969.15	0	.8093305	.187911	.002758446	0
968.15	0	.8086669	.1882931	.003040028	0
967.15	0	.8080074	.1886721	.003320501	0
966.15	0	.8073523	.1890479	.003599864	0
965.15	0	.8067014	.1894205	.00387811	0
964.15	0	.8060548	.1897899	.004155237	0
963.15	0	.8054125	.1901563	.00443124	0
962.15	0	.8047744	.1905195	.004706114	0
961.15	0	.8041406	.1908795	.004979855	0
960.15	0	.8035111	.1912365	.005252458	0
959.15	0	.8028857	.1915903	.005523918	0
958.15	0	.8022647	.1919411	.005794231	0
957.15	0	.8016478	.1922888	.006063392	0
956.15	0	.8010352	.1926334	.006331394	0
955.15	0	.8004267	.192975	.006598234	0
954.15	0	.7998225	.1933136	.006863906	0
953.15	0	.7992225	.1936491	.007128404	0
952.15	0	.7986266	.1939817	.007391723	0
951.15	0	.7980349	.1943112	.007653857	0
950.15	0	.7974474	.1946378	.0079148	0
949.15	0	.796864	.1949614	.008174546	0
948.15	0	.7962848	.1952821	.00843309	0
947.15	0	.7957097	.1955999	.008690424	0
946.15	0	.7951387	.1959147	.008946543	0
945.15	0	.7945718	.1962267	.00920144	0
944.15	0	.794009	.1965359	.009455108	0
943.15	0	.7934503	.1968422	.009707541	0
942.15	0	.7928956	.1971456	.009958731	0
941.15	0	.792345	.1974463	.01020867	0
940.15	0	.7917984	.1977442	.01045735	0
939.15	0	.7912558	.1980394	.01070477	0
938.15	0	.7907172	.1983319	.01095092	0
937.15	0	.7901826	.1986216	.01119579	0
936.15	0	.7896519	.1989087	.01143937	0
935.15	0	.7891251	.1991932	.01168165	0
934.15	0	.7886023	.1994751	.01192264	0
933.15	0	.7880833	.1997543	.0121623	0
932.15	0	.7875683	.2000311	.01240065	0
931.15	0	.787057	.2003053	.01263767	0
930.15	0	.7865496	.200577	.01287335	0
929.15	0	.786046	.2008463	.01310768	0
928.15	0	.7855461	.2011132	.01334065	0
927.15	0	.78505	.2013777	.01357226	0
926.15	0	.7845576	.2016399	.01380249	0
925.15	0	.7840689	.2018998	.01403133	0
924.15	0	.7835839	.2021574	.01425877	0
923.15	0	.7831024	.2024128	.01448481	0
922.15	0	.7826246	.202666	.01470943	0
921.15	0	.7821503	.2029171	.01493262	0
920.15	0	.7816795	.2031661	.01515436	0
919.15	0	.7812123	.2034131	.01537466	0
918.15	0	.7807485	.203658	.01559349	0
917.15	0	.7802881	.2039011	.01581085	0
916.15	0	.7798311	.2041422	.01602672	0
915.15	0	.7793774	.2043815	.01624108	0
914.15	0	.778927	.2046191	.01645394	0
913.15	0	.7784799	.2048549	.01666527	0
912.15	0	.7780359	.205089	.01687505	0
911.15	0	.7775951	.2053216	.01708329	0
910.15	0	.7771575	.2055526	.01728995	0
909.15	0	.7767229	.2057821	.01749504	0
908.15	0	.7762913	.2060102	.01769853	0
907.15	0	.7758627	.2062369	.0179004	0
906.15	0	.775437	.2064624	.01810065	0
905.15	0	.7750141	.2066866	.01829926	0
904.15	0	.7745941	.2069097	.01849621	0
903.15	0	.7741767	.2071318	.01869148	0
902.15	0	.7737621	.2073529	.01888506	0
901.15	0	.77335	.2075731	.01907693	0
900.15	0	.7729405	.2077924	.01926707	0
899.15	0	.7725335	.2080111	.01945546	0
898.15	0	.7721288	.2082291	.0196421	0
897.15	0	.7717266	.2084465	.01982694	0
896.15	0	.7713265	.2086635	.02000999	0
895.15	0	.7709287	.2088801	.02019121	0
894.15	0	.7705329	.2090965	.02037058	0
893.15	0	.7701392	.2093127	.02054809	0
892.15	0	.7697474	.2095289	.02072371	0
891.15	0	.7693575	.2097451	.02089742	0
890.15	0	.7689693	.2099614	.0210692	0
889.15	0	.7685829	.2101781	.02123902	0
888.15	0	.768198	.2103952	.02140685	0
887.15	0	.7678145	.2106128	.02157268	0
886.15	0	.7674324	.2108311	.02173648	0
885.15	0	.7670516	.2110501	.02189822	0
884.15	0	.766672	.2112701	.02205786	0
883.15	0	.7662934	.2114912	.0222154	0
882.15	0	.7659158	.2117135	.02237079	0
881.15	0	.7655389	.2119371	.022524	0
880.15	0	.7651628	.2121622	.022675	0
879.15	0	.7647871	.2123891	.02282377	0
878.15	0	.764412	.2126178	.02297026	0
877.15	0	.7640371	.2128485	.02311445	0
876.15	0	.7636623	.2130814	.02325629	0
875.15	0	.7632875	.2133167	.02339575	0
874.15	0	.7629126	.2135546	.0235328	0
873.15	0	.7625374	.2137952	.02366738	0
872.15	0	.7621617	.2140389	.02379947	0
871.15	0	.7617853	.2142857	.02392901	0
870.15	0	.761408	.214536	.02405597	0
869.15	0	.7610298	.2147899	.02418029	0
868.15	0	.7606503	.2150477	.02430194	0
867.15	0	.7602695	.2153097	.02442085	0
866.15	0	.759887	.2155761	.02453698	0
865.15	0	.7595026	.2158471	.02465027	0
864.15	0	.7591162	.2161231	.02476066	0
863.15	0	.7587275	.2164044	.0248681	0
862.15	0	.7583363	.2166912	.02497252	0
861.15	0	.7579422	.216984	.02507385	0
860.15	0	.757545	.217283	.02517204	0
859.15	0	.7571445	.2175885	.02526701	0
858.15	0	.7567403	.2179011	.02535867	0
857.15	0	.7563321	.218221	.02544696	0
856.15	0	.7559196	.2185486	.02553178	0
855.15	0	.7555024	.2188845	.02561305	0
854.15	0	.7550803	.219229	.02569068	0
853.15	0	.7546527	.2195827	.02576457	0
852.15	0	.7542193	.2199461	.02583461	0
851.15	0	.7537797	.2203196	.02590069	0
850.15	0	.7533334	.2207039	.0259627	0
849.15	0	.7528799	.2210996	.02602051	0
848.15	0	.7524187	.2215074	.02607399	0
847.15	0	.7519492	.2219278	.02612298	0
846.15	0	.7514709	.2223617	.02616735	0
845.15	0	.7509832	.2228099	.02620693	0
844.15	0	.7504853	.2232731	.02624155	0
843.15	0	.7499766	.2237524	.02627101	0
842.15	0	.7494563	.2242486	.0262951	0
841.15	0	.7489008	.2247893	.02630989	0
840.15	0	.7478138	.2259545	.0262318	0
839.15	0	.7467867	.2270562	.02615717	0
838.15	0	.7458155	.2280987	.02608573	0
837.15	0	.7448966	.2290861	.02601724	0
836.15	0	.7440265	.230022	.02595146	0
835.15	0	.7432022	.2309097	.02588819	0
834.15	0	.7424206	.2317521	.02582724	0
833.15	0	.7416793	.2325522	.02576843	0
832.15	0	.7409758	.2333126	.02571162	0
831.15	0	.7403079	.2340355	.02565665	0
830.15	0	.7396734	.2347232	.02560339	0
829.15	0	.7390704	.2353779	.02555172	0
828.15	0	.7384971	.2360014	.02550152	0
827.15	0	.7379519	.2365954	.0254527	0
826.15	0	.7374331	.2371617	.02540515	0
825.15	0	.7369394	.2377018	.02535879	0
824.15	0	.7364693	.2382172	.02531353	0
823.15	0	.7360216	.2387091	.0252693	0
822.15	0	.735595	.239179	.02522603	0
821.15	0	.7351885	.2396279	.02518365	0
820.15	0	.734801	.240057	.02514209	0
819.15	0	.7344314	.2404673	.02510132	0
818.15	0	.734079	.2408598	.02506126	0
817.15	0	.7337427	.2412355	.02502187	0
816.15	0	.7334217	.2415952	.02498312	0
815.15	0	.7331153	.2419397	.02494494	0
814.15	0	.7328228	.2422699	.02490731	0
813.15	0	.7325433	.2425865	.02487018	0
812.15	0	.7322764	.2428901	.02483352	0
811.15	0	.7320213	.2431814	.0247973	0
810.15	0	.7317774	.2434611	.02476149	0
809.15	0	.7315442	.2437297	.02472606	0
808.15	0	.7313213	.2439878	.02469098	0
807.15	0	.7311079	.2442359	.02465622	0
806.15	0	.7309038	.2444744	.02462177	0
805.15	0	.7307084	.244704	.0245876	0
804.15	0	.7305214	.244925	.02455368	0
803.15	0	.7303422	.2451378	.02452001	0
802.15	0	.7301706	.2453429	.02448656	0
801.15	0	.7300061	.2455406	.02445331	0
800.15	0	.7298485	.2457313	.02442025	0
799.15	0	.7296973	.2459153	.02438736	0
798.15	0	.7295523	.2460931	.02435463	0
797.15	0	.7294132	.2462648	.02432204	0
796.15	0	.7292797	.2464308	.02428958	0
795.15	0	.7291515	.2465913	.02425724	0
794.15	0	.7290283	.2467467	.02422501	0
793.15	0	.72891	.2468971	.02419287	0
792.15	0	.7287962	.2470429	.02416082	0
791.15	0	.7286869	.2471843	.02412885	0
790.15	0	.7285817	.2473214	.02409694	0
789.15	0	.7284804	.2474545	.0240651	0
788.15	0	.7283829	.2475838	.0240333	0
787.15	0	.728289	.2477095	.02400154	0
786.15	0	.7281985	.2478317	.02396982	0
785.15	0	.7281112	.2479507	.02393813	0
784.15	0	.728027	.2480665	.02390646	0
783.15	0	.7279458	.2481794	.0238748	0
782.15	0	.7278673	.2482895	.02384316	0
781.15	0	.7277915	.248397	.02381152	0
780.15	0	.7277182	.2485019	.02377987	0
779.15	0	.7276474	.2486044	.02374822	0
778.15	0	.7275788	.2487047	.02371656	0
777.15	0	.7275123	.2488028	.02368489	0
776.15	0	.727448	.2488988	.02365319	0
775.15	0	.7273856	.248993	.02362147	0
774.15	0	.727325	.2490853	.02358973	0
773.15	0	.7272662	.2491758	.02355795	0
772.15	0	.7272091	.2492647	.02352614	0
771.15	0	.7271536	.2493521	.02349429	0
770.15	0	.7270996	.249438	.02346241	0
769.15	0	.727047	.2495225	.02343047	0
768.15	0	.7269958	.2496057	.0233985	0
767.15	0	.7269459	.2496876	.02336647	0
766.15	0	.7268972	.2497684	.02333439	0
765.15	0	.7268496	.2498481	.02330227	0
764.15	0	.7268032	.2499267	.02327008	0
763.15	0	.7267578	.2500044	.02323784	0
762.15	0	.7267133	.2500811	.02320554	0
761.15	0	.7266698	.250157	.02317318	0
760.15	0	.7266272	.2502321	.02314075	0
759.15	0	.7265853	.2503064	.02310826	0
758.15	0	.7265443	.25038	.02307571	0
757.15	0	.726504	.2504529	.02304309	0
756.15	0	.7264644	.2505252	.0230104	0
755.15	0	.7264254	.250597	.02297764	0
754.15	0	.7263871	.2506681	.02294481	0
753.15	0	.7263493	.2507388	.02291192	0
752.15	0	.726312	.250809	.02287894	0
751.15	0	.7262753	.2508788	.0228459	0
750.15	0	.726239	.2509482	.02281278	0
749.15	0	.7262032	.2510172	.02277958	0
748.15	0	.7261678	.2510859	.02274631	0
747.15	0	.7261328	.2511542	.02271297	0
746.15	0	.7261007	.2512205	.02267889	0
745.15	0	.7260661	.2512884	.02264544	0
744.15	0	.7260319	.2513562	.02261191	0
743.15	0	.725998	.2514237	.0225783	0
742.15	0	.7259644	.251491	.0225446	0
741.15	0	.725931	.2515581	.02251083	0
740.15	0	.7258979	.2516251	.02247698	0
739.15	0	.725865	.251692	.02244304	0
738.15	0	.7258323	.2517587	.02240902	0
737.15	0	.7257997	.2518254	.02237492	0
736.15	0	.7257673	.2518919	.02234074	0
735.15	0	.7257351	.2519584	.02230648	0
734.15	0	.725703	.2520249	.02227213	0
733.15	0	.725671	.2520913	.02223771	0
732.15	0	.7256391	.2521577	.0222032	0
731.15	0	.7256073	.2522241	.02216861	0
730.15	0	.7255755	.2522905	.02213395	0
729.15	0	.7255439	.2523569	.0220992	0
728.15	0	.7255122	.2524234	.02206437	0
727.15	0	.7254807	.2524899	.02202946	0
726.15	0	.7254491	.2525564	.02199447	0
725.15	0	.7254176	.252623	.0219594	0
724.15	0	.7253861	.2526897	.02192425	0
723.15	0	.7253546	.2527564	.02188903	0
722.15	0	.725323	.2528232	.02185372	0
721.15	0	.7252915	.2528901	.02181834	0
720.15	0	.7252599	.2529572	.02178288	0
719.15	0	.7252284	.2530243	.02174734	0
718.15	0	.7251968	.2530915	.02171173	0
717.15	0	.7251651	.2531589	.02167604	0
716.15	0	.7251334	.2532263	.02164027	0
715.15	0	.7251016	.2532939	.02160443	0
714.15	0	.7250698	.2533617	.02156852	0
713.15	0	.7250379	.2534296	.02153252	0
712.15	0	.725006	.2534976	.02149646	0
711.15	0	.7249739	.2535657	.02146032	0
710.15	0	.7249418	.253634	.02142412	0
709.15	0	.7249097	.2537025	.02138784	0
708.15	0	.7248774	.2537711	.02135148	0
707.15	0	.724845	.2538399	.02131506	0
706.15	0	.7248126	.2539088	.02127857	0
705.15	0	.7247801	.2539779	.02124201	0
704.15	0	.7247474	.2540472	.02120538	0
703.15	0	.7247147	.2541166	.02116868	0
702.15	0	.7246819	.2541862	.02113191	0
701.15	0	.7246489	.254256	.02109508	0
700.15	0	.7246159	.254326	.02105818	0
699.15	0	.7245827	.2543961	.02102121	0
698.15	0	.7245495	.2544664	.02098418	0
697.15	0	.7245161	.2545368	.02094709	0
696.15	0	.7244826	.2546074	.02090993	0
695.15	0	.724449	.2546782	.02087271	0
694.15	0	.7244153	.2547492	.02083543	0
693.15	0	.7243815	.2548204	.02079809	0
692.15	0	.7243476	.2548917	.02076069	0
691.15	0	.7243135	.2549632	.02072323	0
690.15	0	.7242794	.2550349	.02068571	0
689.15	0	.7242451	.2551068	.02064813	0
688.15	0	.7242107	.2551788	.02061049	0
687.15	0	.7241762	.255251	.0205728	0
686.15	0	.7241415	.2553234	.02053505	0
685.15	0	.7241068	.255396	.02049725	0
684.15	0	.7240719	.2554687	.02045939	0
683.15	0	.7240369	.2555416	.02042148	0
682.15	0	.7240018	.2556147	.02038351	0
681.15	0	.7239666	.2556879	.02034549	0
680.15	0	.7239313	.2557613	.02030743	0
679.15	0	.7238958	.2558349	.02026931	0
678.15	0	.7238603	.2559086	.02023114	0
677.15	0	.7238246	.2559825	.02019293	0
676.15	0	.7237888	.2560566	.02015467	0
675.15	0	.7237529	.2561308	.02011636	0
674.15	0	.7237168	.2562052	.020078	0
673.15	0	.7236807	.2562797	.0200396	0
672.15	0	.7236445	.2563544	.02000115	0
671.15	0	.7236081	.2564292	.01996266	0
670.15	0	.7235716	.2565042	.01992413	0
669.15	0	.7235351	.2565794	.01988555	0
668.15	0	.7234984	.2566547	.01984694	0
667.15	0	.7234616	.2567301	.01980828	0
666.15	0	.7234247	.2568057	.01976959	0
665.15	0	.7233877	.2568815	.01973085	0
664.15	0	.7233506	.2569573	.01969208	0
663.15	0	.7233134	.2570333	.01965327	0
662.15	0	.7232761	.2571095	.01961443	0
661.15	0	.7232387	.2571858	.01957555	0
660.15	0	.7232012	.2572622	.01953663	0
659.15	0	.7231636	.2573387	.01949769	0
658.15	0	.7231259	.2574154	.0194587	0
657.15	0	.7230881	.2574922	.01941969	0
656.15	0	.7230502	.2575691	.01938065	0
655.15	0	.7230122	.2576462	.01934158	0
654.15	0	.7229742	.2577234	.01930247	0
653.15	0	.722936	.2578007	.01926334	0
652.15	0	.7228978	.2578781	.01922419	0
651.15	0	.7228594	.2579556	.019185	0
650.15	0	.722821	.2580332	.01914579	0
649.15	0	.7227825	.2581109	.01910656	0
648.15	0	.7227439	.2581888	.0190673	0
647.15	0	.7227053	.2582667	.01902802	0
646.15	0	.7226665	.2583448	.01898871	0
645.15	0	.7226277	.2584229	.01894939	0
644.15	0	.7225888	.2585011	.01891004	0
643.15	0	.7225499	.2585795	.01887068	0
642.15	0	.7225108	.2586579	.01883129	0
641.15	0	.7224717	.2587364	.01879189	0
640.15	0	.7224325	.258815	.01875247	0
639.15	0	.7223933	.2588937	.01871304	0
638.15	0	.722354	.2589725	.01867359	0
637.15	0	.7223146	.2590513	.01863413	0
636.15	0	.7222751	.2591302	.01859465	0
635.15	0	.7222356	.2592092	.01855516	0
634.15	0	.7221961	.2592883	.01851566	0
633.15	0	.7221564	.2593674	.01847615	0
632.15	0	.7221167	.2594466	.01843663	0
631.15	0	.722077	.2595259	.0183971	0
630.15	0	.7220372	.2596052	.01835756	0
629.15	0	.7219974	.2596846	.01831802	0
628.15	0	.7219575	.2597641	.01827847	0
627.15	0	.7219175	.2598436	.01823891	0
626.15	0	.7218775	.2599232	.01819935	0
625.15	0	.7218375	.2600028	.01815979	0
624.15	0	.7217974	.2600824	.01812022	0
623.15	0	.7217572	.2601621	.01808065	0
622.15	0	.7217171	.2602419	.01804108	0
621.15	0	.7216768	.2603217	.01800151	0
620.15	0	.7216366	.2604015	.01796194	0
619.15	0	.7215963	.2604813	.01792238	0
618.15	0	.721556	.2605612	.01788281	0
617.15	0	.7215156	.2606412	.01784325	0
616.15	0	.7214752	.2607211	.0178037	0
615.15	0	.7214348	.2608011	.01776415	0
614.15	0	.7213943	.2608811	.01772461	0
613.15	0	.7213538	.2609611	.01768507	0
612.15	0	.7213133	.2610412	.01764554	0
611.15	0	.7212728	.2611212	.01760602	0
610.15	0	.7212322	.2612013	.01756651	0
609.15	0	.7211916	.2612814	.01752701	0
608.15	0	.721151	.2613615	.01748752	0
607.15	0	.7211104	.2614416	.01744805	0
606.15	0	.7210697	.2615217	.01740859	0
605.15	0	.7210291	.2616018	.01736914	0
604.15	0	.7209884	.2616819	.01732971	0
603.15	0	.7209477	.261762	.01729029	0
602.15	0	.720907	.2618421	.01725089	0
601.15	0	.7208663	.2619222	.01721151	0
600.15	0	.7208256	.2620023	.01717215	0
599.15	0	.7207848	.2620824	.01713281	0
598.15	0	.7207441	.2621624	.01709348	0
597.15	0	.7207033	.2622425	.01705418	0
596.15	0	.7206626	.2623225	.0170149	0
595.15	0	.7206219	.2624025	.01697565	0
594.15	0	.7205811	.2624825	.01693641	0
593.15	0	.7205404	.2625624	.01689721	0
592.15	0	.7204996	.2626424	.01685802	0
591.15	0	.7204589	.2627223	.01681887	0
590.15	0	.7204181	.2628021	.01677974	0
589.15	0	.7203774	.262882	.01674064	0
588.15	0	.7203367	.2629617	.01670157	0
587.15	0	.720296	.2630415	.01666253	0
586.15	0	.7202553	.2631212	.01662353	0
585.15	0	.7202146	.2632009	.01658455	0
584.15	0	.7201739	.2632805	.0165456	0
583.15	0	.7201332	.2633601	.01650669	0
582.15	0	.7200926	.2634396	.01646782	0
581.15	0	.720052	.2635191	.01642898	0
580.15	0	.7200113	.2635985	.01639017	0
579.15	0	.7199707	.2636779	.0163514	0
578.15	0	.7199302	.2637572	.01631267	0
577.15	0	.7198896	.2638364	.01627398	0
576.15	0	.7198491	.2639156	.01623533	0
575.15	0	.7198086	.2639947	.01619672	0
574.15	0	.7197681	.2640737	.01615815	0
573.15	0	.7197277	.2641527	.01611962	0
572.15	0	.7196872	.2642316	.01608114	0
571.15	0	.7196469	.2643104	.0160427	0
570.15	0	.7196065	.2643892	.0160043	0
569.15	0	.7195662	.2644679	.01596595	0
568.15	0	.7195259	.2645465	.01592765	0
567.15	0	.7194856	.264625	.0158894	0
566.15	0	.7194454	.2647034	.01585119	0
565.15	0	.7194052	.2647818	.01581303	0
564.15	0	.7193651	.26486	.01577492	0
563.15	0	.7193249	.2649382	.01573686	0
562.15	0	.7192849	.2650163	.01569886	0
561.15	0	.7192449	.2650943	.0156609	0
560.15	0	.7192049	.2651721	.015623	0
559.15	0	.7191649	.2652499	.01558515	0
558.15	0	.719125	.2653276	.01554736	0
557.15	0	.7190852	.2654052	.01550963	0
556.15	0	.7190454	.2654827	.01547195	0
555.15	0	.7190056	.26556	.01543433	0
554.15	0	.7189659	.2656373	.01539676	0
553.15	0	.7189263	.2657145	.01535926	0
552.15	0	.7188867	.2657915	.01532181	0
551.15	0	.7188472	.2658684	.01528443	0
550.15	0	.7188077	.2659452	.01524711	0
549.15	0	.7187682	.2660219	.01520985	0
548.15	0	.7187289	.2660985	.01517265	0
547.15	0	.7186895	.2661749	.01513552	0
546.15	0	.7186503	.2662513	.01509845	0
545.15	0	.7186111	.2663275	.01506145	0
544.15	0	.7185719	.2664035	.01502451	0
543.15	0	.7185329	.2664795	.01498765	0
542.15	0	.7184939	.2665553	.01495084	0
541.15	0	.7184549	.266631	.01491411	0
540.15	0	.718416	.2667065	.01487745	0
539.15	0	.7183772	.2667819	.01484086	0
538.15	0	.7183385	.2668572	.01480434	0
537.15	0	.7182998	.2669323	.0147679	0
536.15	0	.7182612	.2670073	.01473152	0
535.15	0	.7182226	.2670822	.01469522	0
534.15	0	.7181841	.2671569	.01465899	0
533.15	0	.7181457	.2672314	.01462285	0
532.15	0	.7181074	.2673058	.01458677	0
531.15	0	.7180692	.2673801	.01455077	0
530.15	0	.718031	.2674542	.01451485	0
529.15	0	.7179929	.2675281	.01447901	0
528.15	0	.7179549	.2676019	.01444325	0
527.15	0	.7179169	.2676755	.01440757	0
526.15	0	.7178791	.267749	.01437197	0
525.15	0	.7178413	.2678223	.01433645	0
524.15	0	.7178036	.2678954	.01430101	0
523.15	0	.7177659	.2679684	.01426566	0
522.15	0	.7177284	.2680412	.01423039	0
521.15	0	.7176909	.2681139	.0141952	0
520.15	0	.7176536	.2681863	.0141601	0
519.15	0	.7176163	.2682586	.01412509	0
518.15	0	.7175791	.2683308	.01409016	0
517.15	0	.717542	.2684027	.01405533	0
516.15	0	.7175049	.2684745	.01402058	0
515.15	0	.717468	.2685461	.01398591	0
514.15	0	.7174312	.2686175	.01395134	0
513.15	0	.7173944	.2686888	.01391686	0
512.15	0	.7173577	.2687598	.01388248	0
511.15	0	.7173212	.2688307	.01384818	0
510.15	0	.7172847	.2689013	.01381398	0
509.15	0	.7172483	.2689719	.01377987	0
508.15	0	.717212	.2690422	.01374585	0
507.15	0	.7171758	.2691123	.01371193	0
506.15	0	.7171397	.2691822	.01367811	0
505.15	0	.7171037	.2692519	.01364438	0
504.15	0	.7170678	.2693215	.01361075	0
503.15	0	.717032	.2693908	.01357722	0
502.15	0	.7169963	.2694599	.01354379	0
501.15	0	.7169607	.2695289	.01351045	0
500.15	0	.7169252	.2695976	.01347722	0
499.15	0	.7168898	.2696661	.01344409	0
498.15	0	.7168546	.2697345	.01341092	0
497.15	0	.7168194	.2698026	.01337798	0
496.15	0	.7167844	.2698705	.01334516	0
495.15	0	.7167494	.2699382	.01331243	0
494.15	0	.7167145	.2700057	.01327981	0
493.15	0	.7166797	.270073	.0132473	0
492.15	0	.7166451	.2701401	.01321489	0
491.15	0	.7166105	.2702069	.01318259	0
490.15	0	.7165761	.2702736	.01315039	0
489.15	0	.7165417	.27034	.01311831	0
488.15	0	.7165075	.2704062	.01308633	0
487.15	0	.7164734	.2704722	.01305446	0
486.15	0	.7164394	.2705379	.0130227	0
485.15	0	.7164055	.2706035	.01299105	0
484.15	0	.7163717	.2706688	.01295951	0
483.15	0	.716338	.2707339	.01292809	0
482.15	0	.7163045	.2707987	.01289677	0
481.15	0	.716271	.2708634	.01286557	0
480.15	0	.7162377	.2709278	.01283449	0
479.15	0	.7162045	.270992	.01280352	0
478.15	0	.7161714	.2710559	.01277266	0
477.15	0	.7161384	.2711196	.01274192	0
476.15	0	.7161056	.2711831	.01271129	0
475.15	0	.7160729	.2712464	.01268079	0
474.15	0	.7160402	.2713094	.0126504	0
473.15	0	.7160077	.2713721	.01262012	0
472.15	0	.7159754	.2714347	.01258997	0
471.15	0	.7159431	.271497	.01255994	0
470.15	0	.715911	.271559	.01253003	0
469.15	0	.715879	.2716208	.01250023	0
468.15	0	.7158471	.2716824	.01247056	0
467.15	0	.7158153	.2717437	.01244101	0
466.15	0	.7157837	.2718047	.01241159	0
465.15	0	.7157521	.2718656	.01238228	0
464.15	0	.7157208	.2719262	.0123531	0
463.15	0	.7156895	.2719865	.01232405	0
462.15	0	.7156583	.2720465	.01229512	0
461.15	0	.7156273	.2721064	.01226631	0
460.15	0	.7155964	.2721659	.01223763	0
459.15	0	.7155657	.2722252	.01220908	0
458.15	0	.715535	.2722843	.01218066	0
457.15	0	.7155045	.2723431	.01215236	0
456.15	0	.7154742	.2724017	.01212419	0
455.15	0	.7154439	.2724599	.01209615	0
454.15	0	.7154138	.272518	.01206824	0
453.15	0	.7153838	.2725757	.01204046	0
452.15	0	.715354	.2726332	.01201281	0
451.15	0	.7153242	.2726905	.01198529	0
450.15	0	.7152946	.2727475	.0119579	0
449.8596	0	.7152861	.272764	.01194997	0
449.8596	0	.7152861	.272764	.01194997	0
449.8596	0	.7152861	.272764	.01194997	0
449.15	0	.7154749	.2723191	.01171212	4.938368E-04
448.15	0	.7157403	.2716934	.01137759	.001188699
447.15	0	.7160048	.2710691	.01104385	.001882258
446.15	0	.7162685	.2704461	.0107109	.002574528
445.15	0	.7165313	.2698244	.01037873	.003265521
444.15	0	.7167933	.2692041	.01004734	.00395525
443.15	0	.7170546	.268585	.009716729	.004643728
442.15	0	.717315	.2679672	.009386885	.005330967
441.15	0	.7175746	.2673506	.009057809	.00601698
440.15	0	.7178335	.2667352	.008729497	.006701778
439.15	0	.7180917	.266121	.008401945	.007385373
438.15	0	.7183492	.2655079	.008075148	.008067777
437.15	0	.7186059	.264896	.007749104	.008749002
436.15	0	.7188619	.2642852	.007423808	.009429059
435.15	0	.7191173	.2636755	.007099258	.01010796
434.15	0	.719372	.2630668	.006775448	.01078571
433.15	0	.7196261	.2624592	.006452375	.01146234
432.15	0	.7198795	.2618526	.006130037	.01213783
431.15	0	.7201323	.261247	.005808428	.01281222
430.15	0	.7203845	.2606424	.005487547	.0134855
429.15	0	.7206361	.2600388	.005167387	.01415769
428.15	0	.7208872	.2594361	.004847948	.01482881
427.15	0	.7211376	.2588343	.004529224	.01549884
426.15	0	.7213875	.2582335	.004211212	.01616782
425.15	0	.7216368	.2576335	.003893909	.01683575
424.15	0	.7218857	.2570344	.003577311	.01750264
423.15	0	.7221339	.2564362	.003261414	.01816849
422.15	0	.7223817	.2558387	.002946216	.01883332
421.15	0	.722629	.2552422	.002631713	.01949715
420.15	0	.7228758	.2546464	.002317901	.02015996
419.15	0	.7231221	.2540514	.002004777	.02082179
418.15	0	.7233679	.2534571	.001692337	.02148263
417.15	0	.7236133	.2528637	.001380579	.02214249
416.15	0	.7238582	.2522709	.001069498	.02280139
415.15	0	.7241027	.2516789	7.590917E-04	.02345932
414.15	0	.7243467	.2510876	4.493565E-04	.02411631
413.15	0	.7245904	.250497	1.402891E-04	.02477236
412.6954	0	.724701	.2502287	0	.02507031
412.6954	0	.724701	.2502287	0	.02507031
412.15	0	.7247033	.2500809	0	.02521581
411.15	0	.7247077	.2498102	0	.02548217
410.15	0	.724712	.2495401	0	.02574795
409.15	0	.7247164	.2492705	0	.02601317
408.15	0	.7247208	.2490014	0	.02627782
407.15	0	.7247252	.2487329	0	.02654191
406.15	0	.7247297	.2484649	0	.02680545
405.15	0	.7247342	.2481974	0	.02706844
404.15	0	.7247387	.2479304	0	.02733089
403.15	0	.7247433	.2476639	0	.0275928
402.15	0	.7247479	.2473979	0	.02785418
401.15	0	.7247526	.2471324	0	.02811504
400.15	0	.7247573	.2468673	0	.02837537
399.15	0	.7247621	.2466027	0	.02863519
398.15	0	.7247669	.2463386	0	.02889449
397.15	0	.7247718	.2460749	0	.02915329
396.15	0	.7247767	.2458117	0	.02941159
395.15	0	.7247818	.2455489	0	.02966939
394.15	0	.7247868	.2452865	0	.0299267
393.15	0	.724792	.2450245	0	.03018352
392.15	0	.7247972	.244763	0	.03043985
391.15	0	.7248025	.2445018	0	.03069571
390.15	0	.7248078	.2442411	0	.03095108
389.15	0	.7248132	.2439808	0	.03120599
388.15	0	.7248187	.2437208	0	.03146043
387.15	0	.7248243	.2434613	0	.0317144
386.15	0	.72483	.2432021	0	.03196792
385.15	0	.7248357	.2429433	0	.03222097
384.15	0	.7248415	.2426849	0	.03247358
383.15	0	.7248474	.2424269	0	.03272574
382.15	0	.7248534	.2421692	0	.03297745
381.15	0	.7248594	.2419119	0	.03322872
380.15	0	.7248656	.2416549	0	.03347955
379.15	0	.7248718	.2413983	0	.03372994
378.15	0	.7248781	.241142	0	.03397991
377.15	0	.7248845	.240886	0	.03422945
376.15	0	.724891	.2406304	0	.03447856
375.15	0	.7248976	.2403752	0	.03472725
374.15	0	.7249043	.2401202	0	.03497552
373.15	0	.724911	.2398656	0	.03522337
372.15	0	.7249179	.2396113	0	.03547082
371.15	0	.7249248	.2393573	0	.03571785
370.15	0	.7249319	.2391037	0	.03596447
369.15	0	.724939	.2388503	0	.03621069
368.15	0	.7249462	.2385973	0	.03645651
367.15	0	.7249535	.2383445	0	.03670193
366.15	0	.724961	.2380921	0	.03694695
365.15	0	.7249685	.23784	0	.03719158
364.15	0	.7249761	.2375881	0	.03743582
363.15	0	.7249838	.2373366	0	.03767967
362.15	0	.7249916	.2370853	0	.03792313
361.15	0	.7249994	.2368343	0	.03816621
360.15	0	.7250074	.2365837	0	.03840891
359.15	0	.7250155	.2363333	0	.03865123
358.15	0	.7250237	.2360832	0	.03889317
357.15	0	.725032	.2358333	0	.03913474
356.15	0	.7250403	.2355837	0	.03937593
355.15	0	.7250488	.2353345	0	.03961675
354.15	0	.7250574	.2350855	0	.0398572
353.15	0	.725066	.2348367	0	.04009729
352.15	0	.7250748	.2345882	0	.04033701
351.15	0	.7250836	.23434	0	.04057637
350.15	0	.7250926	.2340921	0	.04081537
349.15	0	.7251016	.2338444	0	.041054
348.15	0	.7251107	.233597	0	.04129228
347.15	0	.72512	.2333498	0	.04153021
346.15	0	.7251293	.2331029	0	.04176778
345.15	0	.7251387	.2328563	0	.042005
344.15	0	.7251482	.2326099	0	.04224187
343.15	0	.7251578	.2323638	0	.04247839
342.15	0	.7251676	.2321179	0	.04271456
341.15	0	.7251773	.2318723	0	.04295038
340.15	0	.7251872	.2316269	0	.04318586
339.15	0	.7251972	.2313818	0	.043421
338.15	0	.7252073	.2311369	0	.0436558
337.15	0	.7252175	.2308923	0	.04389025
336.15	0	.7252277	.2306479	0	.04412437
335.15	0	.7252381	.2304038	0	.04435815
334.15	0	.7252485	.2301599	0	.04459159
333.15	0	.7252591	.2299162	0	.0448247
332.15	0	.7252697	.2296728	0	.04505748
331.15	0	.7252804	.2294297	0	.04528992
330.15	0	.7252912	.2291867	0	.04552203
329.15	0	.7253021	.2289441	0	.04575381
328.15	0	.7253131	.2287016	0	.04598526
327.15	0	.7253242	.2284594	0	.04621639
326.15	0	.7253354	.2282175	0	.04644718
325.15	0	.7253466	.2279757	0	.04667765
324.15	0	.725358	.2277343	0	.0469078
323.15	0	.7253694	.227493	0	.04713762
322.15	0	.7253809	.227252	0	.04736712
321.15	0	.7253925	.2270112	0	.0475963
320.15	0	.7254042	.2267707	0	.04782516
319.15	0	.7254159	.2265304	0	.04805369
318.15	0	.7254278	.2262903	0	.04828191
317.15	0	.7254397	.2260505	0	.04850981
316.15	0	.7254517	.2258109	0	.04873739
315.15	0	.7254638	.2255715	0	.04896465
314.15	0	.725476	.2253324	0	.0491916
313.15	0	.7254883	.2250935	0	.04941823
312.15	0	.7255006	.2248548	0	.04964455
311.15	0	.725513	.2246164	0	.04987055
310.15	0	.7255255	.2243782	0	.05009624
309.15	0	.7255381	.2241403	0	.05032162
308.15	0	.7255508	.2239025	0	.05054669
307.15	0	.7255635	.223665	0	.05077144
306.15	0	.7255763	.2234278	0	.05099589
305.15	0	.7255892	.2231908	0	.05122002
304.15	0	.7256022	.222954	0	.05144385
303.15	0	.7256152	.2227174	0	.05166736
302.15	0	.7256284	.2224811	0	.05189057
301.15	0	.7256416	.222245	0	.05211347
300.15	0	.7256548	.2220091	0	.05233606
299.15	0	.7256682	.2217735	0	.05255835
298.15	0	.7256816	.2215381	0	.05278033
