T	 BPW(LIQUID)	BPW(BCC_A2)	BPW(FCC_A1)	BPW(LAVES_PHASE_C14)	BPW(NI3TI)
1473.15	.5957693	.360904	0	.04332676	0
1472.15	.5877479	.3662872	0	.0459649	0
1471.15	.5798727	.3715685	0	.04855881	0
1470.15	.5721399	.3767505	0	.05110968	0
1469.15	.5645456	.3818357	0	.05361868	0
1468.15	.5570864	.3868267	0	.05608695	0
1467.15	.5497585	.3917259	0	.05851556	0
1466.15	.5425588	.3965356	0	.06090558	0
1465.15	.5354839	.4012581	0	.06325801	0
1464.15	.5285306	.4058956	0	.06557383	0
1463.15	.5216958	.4104502	0	.06785399	0
1462.15	.5149767	.4149239	0	.07009941	0
1461.15	.5083702	.4193188	0	.07231098	0
1460.15	.5018738	.4236367	0	.07448954	0
1459.15	.4954845	.4278795	0	.07663594	0
1458.15	.4892	.4320491	0	.07875096	0
1457.15	.4830176	.4361471	0	.0808354	0
1456.15	.4769348	.4401752	0	.08288999	0
1455.15	.4709494	.4441351	0	.08491548	0
1454.15	.465059	.4480284	0	.08691256	0
1453.15	.4592614	.4518567	0	.08888192	0
1452.15	.4535545	.4556213	0	.09082422	0
1451.15	.4479361	.4593238	0	.09274011	0
1450.15	.4424042	.4629656	0	.0946302	0
1449.15	.4369569	.466548	0	.0964951	0
1448.15	.4315922	.4700724	0	.0983354	0
1447.15	.4263082	.4735401	0	.1001517	0
1446.15	.4211032	.4769523	0	.1019444	0
1445.15	.4159755	.4803103	0	.1037143	0
1444.15	.4109232	.4836151	0	.1054617	0
1443.15	.4059448	.486868	0	.1071872	0
1442.15	.4010387	.4900701	0	.1088912	0
1441.15	.3962032	.4932225	0	.1105743	0
1440.15	.3914369	.4963262	0	.1122369	0
1439.15	.3867383	.4993823	0	.1138794	0
1438.15	.382106	.5023917	0	.1155023	0
1437.15	.3775385	.5053554	0	.1171061	0
1436.15	.3730345	.5082744	0	.1186911	0
1435.15	.3685927	.5111496	0	.1202577	0
1434.15	.3642118	.5139819	0	.1218063	0
1433.15	.3598905	.5167722	0	.1233373	0
1432.15	.3556277	.5195213	0	.1248511	0
1431.15	.3514221	.52223	0	.126348	0
1430.15	.3472725	.5248991	0	.1278284	0
1429.15	.3431779	.5275296	0	.1292926	0
1428.15	.3391371	.530122	0	.1307409	0
1427.15	.3351492	.5326771	0	.1321737	0
1426.15	.3312129	.5351958	0	.1335913	0
1425.15	.3273274	.5376786	0	.134994	0
1424.15	.3234916	.5401263	0	.1363821	0
1423.15	.3197046	.5425395	0	.1377559	0
1422.15	.3159654	.544919	0	.1391156	0
1421.15	.3122731	.5472653	0	.1404615	0
1420.15	.3086269	.5495791	0	.141794	0
1419.15	.3050258	.551861	0	.1431132	0
1418.15	.301469	.5541116	0	.1444195	0
1417.15	.2979556	.5563314	0	.145713	0
1416.15	.2944849	.5585211	0	.1469941	0
1415.15	.291056	.5606812	0	.1482629	0
1414.15	.2876682	.5628122	0	.1495196	0
1413.15	.2843207	.5649146	0	.1507646	0
1412.15	.2810129	.5669891	0	.151998	0
1411.15	.2777439	.569036	0	.1532201	0
1410.15	.2745131	.5710559	0	.154431	0
1409.15	.2713197	.5730493	0	.155631	0
1408.15	.2681632	.5750166	0	.1568202	0
1407.15	.2650428	.5769583	0	.1579989	0
1406.15	.2619579	.5788748	0	.1591673	0
1405.15	.258908	.5807666	0	.1603254	0
1404.15	.2558923	.5826341	0	.1614736	0
1403.15	.2529103	.5844778	0	.162612	0
1402.15	.2499614	.586298	0	.1637407	0
1401.15	.247045	.5880951	0	.1648599	0
1400.15	.2441606	.5898696	0	.1659699	0
1399.15	.2413075	.5916218	0	.1670707	0
1398.15	.2384854	.593352	0	.1681625	0
1397.15	.2356937	.5950608	0	.1692455	0
1396.15	.2329318	.5967484	0	.1703199	0
1395.15	.2301992	.5984151	0	.1713857	0
1394.15	.2274955	.6000614	0	.1724431	0
1393.15	.2248202	.6016876	0	.1734922	0
1392.15	.2221728	.6032939	0	.1745333	0
1391.15	.2195528	.6048808	0	.1755664	0
1390.15	.2169599	.6064485	0	.1765917	0
1389.15	.2143934	.6079973	0	.1776092	0
1388.15	.2118532	.6095276	0	.1786192	0
1387.15	.2093386	.6110397	0	.1796217	0
1386.15	.2068494	.6125338	0	.1806169	0
1385.15	.204385	.6140102	0	.1816048	0
1384.15	.2019451	.6154692	0	.1825857	0
1383.15	.1995293	.6169111	0	.1835596	0
1382.15	.1971373	.6183362	0	.1845265	0
1381.15	.1947686	.6197447	0	.1854868	0
1380.15	.1924228	.6211368	0	.1864403	0
1379.15	.1900997	.6225129	0	.1873874	0
1378.15	.1877989	.6238732	0	.1883279	0
1377.15	.18552	.6252179	0	.1892621	0
1376.15	.1832627	.6265472	0	.1901901	0
1375.15	.1810267	.6278614	0	.1911119	0
1374.15	.1788116	.6291608	0	.1920276	0
1373.15	.1766171	.6304455	0	.1929374	0
1372.15	.1744429	.6317158	0	.1938413	0
1371.15	.1722888	.6329719	0	.1947394	0
1370.15	.1701543	.6342139	0	.1956317	0
1369.15	.1680392	.6354422	0	.1965185	0
1368.15	.1659433	.6366569	0	.1973998	0
1367.15	.1638662	.6378583	0	.1982756	0
1366.15	.1618076	.6390464	0	.199146	0
1365.15	.1597674	.6402216	0	.2000111	0
1364.15	.1577451	.6413839	0	.200871	0
1363.15	.1557406	.6425336	0	.2017258	0
1362.15	.1537536	.6436709	0	.2025755	0
1361.15	.1517838	.644796	0	.2034202	0
1360.15	.1498311	.645909	0	.20426	0
1359.15	.147895	.6470101	0	.2050949	0
1358.15	.1459755	.6480994	0	.2059251	0
1357.15	.1440723	.6491772	0	.2067505	0
1356.15	.1421851	.6502436	0	.2075713	0
1355.15	.1403137	.6512988	0	.2083875	0
1354.15	.1384579	.6523428	0	.2091992	0
1353.15	.1366175	.653376	0	.2100065	0
1352.15	.1347923	.6543984	0	.2108093	0
1351.15	.1329819	.6554102	0	.2116079	0
1350.15	.1311864	.6564115	0	.2124021	0
1349.15	.1294054	.6574025	0	.2131921	0
1348.15	.1276387	.6583833	0	.213978	0
1347.15	.1258861	.6593541	0	.2147598	0
1346.15	.1241475	.660315	0	.2155375	0
1345.15	.1224226	.6612661	0	.2163113	0
1344.15	.1207114	.6622076	0	.2170811	0
1343.15	.1190135	.6631396	0	.217847	0
1342.15	.1173288	.6640622	0	.2186091	0
1341.15	.1156571	.6649755	0	.2193674	0
1340.15	.1139983	.6658798	0	.2201219	0
1339.15	.1123521	.6667751	0	.2208728	0
1338.15	.1107185	.6676614	0	.2216201	0
1337.15	.1090972	.6685391	0	.2223637	0
1336.15	.1074881	.6694081	0	.2231038	0
1335.15	.105891	.6702685	0	.2238405	0
1334.15	.1043058	.6711206	0	.2245736	0
1333.15	.1027323	.6719643	0	.2253034	0
1332.15	.1011703	.6727999	0	.2260298	0
1331.15	.09961979	.6736274	0	.2267528	0
1330.15	.09808049	.6744469	0	.2274726	0
1329.15	.09655231	.6752586	0	.2281892	0
1328.15	.09503509	.6760624	0	.2289025	0
1327.15	.0935287	.6768586	0	.2296127	0
1326.15	.09203299	.6776473	0	.2303198	0
1325.15	.09054783	.6784284	0	.2310237	0
1324.15	.0890731	.6792022	0	.2317247	0
1323.15	.08760864	.6799688	0	.2324226	0
1322.15	.08615434	.6807281	0	.2331176	0
1321.15	.08471007	.6814803	0	.2338096	0
1320.15	.08327569	.6822256	0	.2344987	0
1319.15	.08185109	.6829639	0	.235185	0
1318.15	.08043615	.6836954	0	.2358685	0
1317.15	.07903073	.6844202	0	.2365491	0
1316.15	.07763473	.6851383	0	.237227	0
1315.15	.07624803	.6858498	0	.2379021	0
1314.15	.0748705	.6865549	0	.2385746	0
1313.15	.07350205	.6872536	0	.2392444	0
1312.15	.07214255	.6879459	0	.2399115	0
1311.15	.07079189	.688632	0	.2405761	0
1310.371	.06974586	.6891622	0	.241092	0
1310.371	.06974586	.6891622	0	.241092	0
1310.371	.06974586	.6891622	0	.241092	0
1310.15	.0682237	.6885589	.001845807	.2413716	0
1309.15	.06134442	.6858653	.0101615	.2426288	0
1308.15	.05447601	.6832293	.01842116	.2438735	0
1307.15	.04761808	.6806504	.0266256	.2451059	0
1306.15	.0407702	.678128	.0347756	.2463262	0
1305.15	.03393198	.6756616	.04287197	.2475344	0
1304.15	.02710303	.6732506	.05091547	.2487309	0
1303.15	.02028297	.6708945	.05890687	.2499156	0
1302.15	.01347141	.6685928	.0668469	.2510889	0
1301.15	.006667997	.6663449	.07473631	.2522508	0
1300.169	0	.6641911	.08242896	.2533799	0
1300.169	0	.6641911	.08242896	.2533799	0
1300.15	0	.6641666	.08244537	.253388	0
1299.15	0	.6628647	.0833175	.2538178	0
1298.15	0	.6615664	.08418713	.2542465	0
1297.15	0	.6602719	.08505426	.2546739	0
1296.15	0	.658981	.08591889	.2551001	0
1295.15	0	.6576938	.08678104	.2555251	0
1294.15	0	.6564103	.0876407	.255949	0
1293.15	0	.6551305	.08849788	.2563716	0
1292.15	0	.6538543	.08935258	.2567931	0
1291.15	0	.6525817	.09020482	.2572134	0
1290.15	0	.6513128	.0910546	.2576326	0
1289.15	0	.6500475	.09190191	.2580506	0
1288.15	0	.6487858	.09274677	.2584674	0
1287.15	0	.6475277	.09358918	.2588831	0
1286.15	0	.6462732	.09442915	.2592976	0
1285.15	0	.6450223	.09526667	.259711	0
1284.15	0	.643775	.09610176	.2601233	0
1283.15	0	.6425312	.09693442	.2605344	0
1282.15	0	.641291	.09776465	.2609444	0
1281.15	0	.6400543	.09859246	.2613532	0
1280.15	0	.6388212	.09941785	.2617609	0
1279.15	0	.6375916	.1002408	.2621676	0
1278.15	0	.6363655	.1010614	.2625731	0
1277.15	0	.6351429	.1018796	.2629775	0
1276.15	0	.6339239	.1026953	.2633808	0
1275.15	0	.6327083	.1035087	.263783	0
1274.15	0	.6314962	.1043197	.2641841	0
1273.15	0	.6302876	.1051283	.2645841	0
1272.15	0	.6290824	.1059345	.2649831	0
1271.15	0	.6278808	.1067383	.2653809	0
1270.15	0	.6266825	.1075398	.2657777	0
1269.15	0	.6254877	.1083389	.2661734	0
1268.15	0	.6242964	.1091356	.2665681	0
1267.15	0	.6231084	.1099299	.2669616	0
1266.15	0	.6219239	.1107219	.2673542	0
1265.15	0	.6207428	.1115116	.2677456	0
1264.15	0	.6195651	.1122988	.268136	0
1263.15	0	.6183908	.1130838	.2685254	0
1262.15	0	.6172199	.1138664	.2689137	0
1261.15	0	.6160524	.1146466	.269301	0
1260.15	0	.6148882	.1154246	.2696873	0
1259.15	0	.6137274	.1162002	.2700725	0
1258.15	0	.6125699	.1169734	.2704567	0
1257.15	0	.6114158	.1177443	.2708398	0
1256.15	0	.6102651	.118513	.271222	0
1255.15	0	.6091176	.1192793	.2716031	0
1254.15	0	.6079735	.1200432	.2719832	0
1253.15	0	.6068328	.1208049	.2723624	0
1252.15	0	.6056953	.1215642	.2727405	0
1251.15	0	.6045611	.1223213	.2731176	0
1250.15	0	.6034302	.1230761	.2734937	0
1249.15	0	.6023027	.1238285	.2738688	0
1248.15	0	.6011784	.1245787	.274243	0
1247.15	0	.6000573	.1253265	.2746161	0
1246.15	0	.5989396	.1260721	.2749883	0
1245.15	0	.5978251	.1268154	.2753595	0
1244.15	0	.5967138	.1275564	.2757297	0
1243.15	0	.5956059	.1282951	.276099	0
1242.15	0	.5945011	.1290316	.2764673	0
1241.15	0	.5933996	.1297658	.2768346	0
1240.15	0	.5923013	.1304977	.277201	0
1239.15	0	.5912063	.1312273	.2775664	0
1238.15	0	.5901144	.1319547	.2779309	0
1237.15	0	.5890258	.1326798	.2782944	0
1236.15	0	.5879404	.1334027	.278657	0
1235.15	0	.5868581	.1341233	.2790186	0
1234.15	0	.5857791	.1348416	.2793793	0
1233.15	0	.5847032	.1355577	.2797391	0
1232.15	0	.5836305	.1362716	.2800979	0
1231.15	0	.582561	.1369832	.2804558	0
1230.15	0	.5814947	.1376925	.2808128	0
1229.15	0	.5804315	.1383997	.2811689	0
1228.15	0	.5793715	.1391045	.281524	0
1227.15	0	.5783146	.1398072	.2818783	0
1226.15	0	.5772608	.1405076	.2822316	0
1225.15	0	.5762102	.1412058	.282584	0
1224.15	0	.5751627	.1419017	.2829356	0
1223.15	0	.5741184	.1425954	.2832862	0
1222.15	0	.5730772	.1432869	.2836359	0
1221.15	0	.5720391	.1439762	.2839847	0
1220.15	0	.571004	.1446633	.2843327	0
1219.15	0	.5699722	.1453481	.2846798	0
1218.15	0	.5689433	.1460307	.2850259	0
1217.15	0	.5679176	.1467111	.2853712	0
1216.15	0	.566895	.1473893	.2857156	0
1215.15	0	.5658755	.1480653	.2860592	0
1214.15	0	.564859	.1487391	.2864019	0
1213.15	0	.5638456	.1494107	.2867437	0
1212.15	0	.5628353	.1500801	.2870846	0
1211.15	0	.5618281	.1507472	.2874247	0
1210.15	0	.5608238	.1514122	.287764	0
1209.15	0	.5598227	.152075	.2881023	0
1208.15	0	.5588246	.1527356	.2884399	0
1207.15	0	.5578295	.1533939	.2887765	0
1206.15	0	.5568375	.1540501	.2891124	0
1205.15	0	.5558485	.1547041	.2894474	0
1204.15	0	.5548626	.1553559	.2897815	0
1203.15	0	.5538796	.1560056	.2901148	0
1202.15	0	.5528997	.156653	.2904473	0
1201.15	0	.5519228	.1572982	.290779	0
1200.15	0	.5509489	.1579413	.2911098	0
1199.15	0	.549978	.1585822	.2914398	0
1198.15	0	.5490102	.1592209	.2917689	0
1197.15	0	.5480453	.1598574	.2920973	0
1196.15	0	.5470834	.1604918	.2924249	0
1195.15	0	.5461245	.1611239	.2927516	0
1194.15	0	.5451686	.1617539	.2930775	0
1193.15	0	.5442156	.1623817	.2934026	0
1192.15	0	.5432657	.1630074	.2937269	0
1191.15	0	.5423187	.1636309	.2940504	0
1190.15	0	.5413747	.1642522	.2943731	0
1189.15	0	.5404337	.1648713	.294695	0
1188.15	0	.5394956	.1654883	.2950162	0
1187.15	0	.5385605	.1661031	.2953365	0
1186.15	0	.5376283	.1667157	.295656	0
1185.15	0	.5366991	.1673262	.2959748	0
1184.15	0	.5357728	.1679345	.2962927	0
1183.15	0	.5348495	.1685406	.2966099	0
1182.15	0	.5339291	.1691446	.2969263	0
1181.15	0	.5330117	.1697464	.297242	0
1180.15	0	.5320972	.170346	.2975568	0
1179.15	0	.5311856	.1709435	.2978709	0
1178.15	0	.5302769	.1715389	.2981842	0
1177.15	0	.5293712	.172132	.2984968	0
1176.15	0	.5284684	.172723	.2988086	0
1175.15	0	.5275685	.1733119	.2991196	0
1174.15	0	.5266715	.1738986	.2994299	0
1173.15	0	.5257775	.1744831	.2997394	0
1172.15	0	.5248863	.1750655	.3000482	0
1171.15	0	.5239981	.1756457	.3003562	0
1170.15	0	.5231127	.1762238	.3006635	0
1169.15	0	.5222303	.1767997	.30097	0
1168.15	0	.5213507	.1773735	.3012758	0
1167.15	0	.5204741	.1779451	.3015809	0
1166.15	0	.5196003	.1785145	.3018852	0
1165.15	0	.5187295	.1790818	.3021887	0
1164.15	0	.5178615	.1796469	.3024916	0
1163.15	0	.5169964	.1802099	.3027937	0
1162.15	0	.5161342	.1807707	.3030951	0
1161.15	0	.5152749	.1813294	.3033957	0
1160.15	0	.5144184	.1818859	.3036957	0
1159.15	0	.5135648	.1824403	.3039949	0
1158.15	0	.5127141	.1829925	.3042934	0
1157.15	0	.5118663	.1835426	.3045912	0
1156.15	0	.5110213	.1840905	.3048882	0
1155.15	0	.5101792	.1846362	.3051846	0
1154.15	0	.50934	.1851798	.3054802	0
1153.15	0	.5085036	.1857213	.3057751	0
1152.15	0	.5076701	.1862606	.3060694	0
1151.15	0	.5068394	.1867977	.3063629	0
1150.15	0	.5060117	.1873327	.3066557	0
1149.15	0	.5051867	.1878655	.3069478	0
1148.15	0	.5043646	.1883961	.3072392	0
1147.15	0	.5035454	.1889246	.30753	0
1146.15	0	.502729	.189451	.30782	0
1145.15	0	.5019155	.1899752	.3081093	0
1144.15	0	.5011048	.1904972	.308398	0
1143.15	0	.500297	.1910171	.308686	0
1142.15	0	.499492	.1915348	.3089732	0
1141.15	0	.4986898	.1920503	.3092598	0
1140.15	0	.4978905	.1925637	.3095458	0
1139.15	0	.4970941	.1930749	.309831	0
1138.15	0	.4963004	.193584	.3101156	0
1137.15	0	.4955097	.1940909	.3103994	0
1136.15	0	.4947217	.1945957	.3106827	0
1135.15	0	.4939366	.1950982	.3109652	0
1134.15	0	.4931543	.1955986	.3112471	0
1133.15	0	.4923749	.1960969	.3115283	0
1132.15	0	.4915983	.1965929	.3118088	0
1131.15	0	.4908245	.1970868	.3120887	0
1130.15	0	.4900535	.1975786	.3123679	0
1129.15	0	.4892854	.1980681	.3126465	0
1128.15	0	.4885201	.1985555	.3129244	0
1127.15	0	.4877577	.1990407	.3132016	0
1126.15	0	.486998	.1995238	.3134782	0
1125.15	0	.4862412	.2000047	.3137541	0
1124.15	0	.4854873	.2004834	.3140294	0
1123.15	0	.4847361	.2009599	.314304	0
1122.15	0	.4839878	.2014342	.314578	0
1121.15	0	.4832423	.2019064	.3148514	0
1120.15	0	.4824996	.2023763	.315124	0
1119.15	0	.4817598	.2028441	.3153961	0
1118.15	0	.4810228	.2033097	.3156675	0
1117.15	0	.4802886	.2037731	.3159383	0
1116.15	0	.4795572	.2042344	.3162084	0
1115.15	0	.4788287	.2046934	.3164779	0
1114.15	0	.478103	.2051502	.3167468	0
1113.15	0	.4773801	.2056049	.317015	0
1112.15	0	.47666	.2060574	.3172826	0
1111.15	0	.4759428	.2065076	.3175496	0
1110.15	0	.4752284	.2069557	.3178159	0
1109.15	0	.4745168	.2074015	.3180817	0
1108.15	0	.473808	.2078452	.3183468	0
1107.15	0	.4731021	.2082867	.3186112	0
1106.15	0	.472399	.2087259	.3188751	0
1105.15	0	.4716988	.209163	.3191383	0
1104.15	0	.4710013	.2095978	.3194009	0
1103.15	0	.4703067	.2100304	.3196629	0
1102.15	0	.4696149	.2104608	.3199243	0
1101.15	0	.468926	.210889	.320185	0
1100.15	0	.4682398	.211315	.3204452	0
1099.15	0	.4675566	.2117387	.3207047	0
1098.15	0	.4668761	.2121603	.3209637	0
1097.15	0	.4661985	.2125796	.321222	0
1096.15	0	.4655237	.2129966	.3214797	0
1095.15	0	.4648517	.2134115	.3217368	0
1094.15	0	.4641826	.2138241	.3219933	0
1093.15	0	.4635164	.2142345	.3222492	0
1092.15	0	.4628529	.2146426	.3225045	0
1091.15	0	.4621923	.2150485	.3227591	0
1090.15	0	.4615346	.2154522	.3230132	0
1089.15	0	.4608797	.2158536	.3232667	0
1088.15	0	.4602276	.2162528	.3235196	0
1087.15	0	.4595784	.2166497	.3237719	0
1086.15	0	.458932	.2170444	.3240236	0
1085.15	0	.4582885	.2174368	.3242747	0
1084.15	0	.4576478	.217827	.3245252	0
1083.15	0	.45701	.2182149	.3247751	0
1082.15	0	.456375	.2186005	.3250245	0
1081.15	0	.4557429	.2189839	.3252732	0
1080.15	0	.4551137	.219365	.3255214	0
1079.15	0	.4544873	.2197438	.3257689	0
1078.15	0	.4538638	.2201204	.3260159	0
1077.15	0	.4532431	.2204946	.3262623	0
1076.15	0	.4526253	.2208666	.3265081	0
1075.15	0	.4520103	.2212364	.3267533	0
1074.15	0	.4513983	.2216038	.3269979	0
1073.15	0	.4507891	.2219689	.327242	0
1072.15	0	.4501828	.2223318	.3274855	0
1071.15	0	.4495793	.2226923	.3277284	0
1070.15	0	.4489787	.2230506	.3279707	0
1069.15	0	.4483811	.2234065	.3282124	0
1068.15	0	.4477862	.2237602	.3284536	0
1067.15	0	.4471943	.2241115	.3286941	0
1066.15	0	.4466053	.2244606	.3289342	0
1065.15	0	.4460192	.2248073	.3291736	0
1064.15	0	.4454359	.2251517	.3294124	0
1063.15	0	.4448556	.2254937	.3296507	0
1062.15	0	.4442781	.2258335	.3298884	0
1061.15	0	.4437035	.2261709	.3301255	0
1060.15	0	.4431319	.226506	.3303621	0
1059.15	0	.4425632	.2268388	.3305981	0
1058.15	0	.4419973	.2271692	.3308335	0
1057.15	0	.4414344	.2274972	.3310684	0
1056.15	0	.4408744	.227823	.3313027	0
1055.15	0	.4403173	.2281463	.3315364	0
1054.15	0	.4397631	.2284674	.3317695	0
1053.15	0	.4392119	.228786	.3320021	0
1052.15	0	.4386636	.2291024	.3322341	0
1051.15	0	.4381182	.2294163	.3324655	0
1050.15	0	.4375757	.2297279	.3326964	0
1049.15	0	.4370362	.2300371	.3329267	0
1048.15	0	.4364996	.2303439	.3331565	0
1047.15	0	.435966	.2306484	.3333856	0
1046.15	0	.4354353	.2309504	.3336143	0
1045.15	0	.4349076	.2312501	.3338423	0
1044.15	0	.4343828	.2315474	.3340698	0
1043.15	0	.433861	.2318423	.3342967	0
1042.15	0	.4333421	.2321348	.3345231	0
1041.15	0	.4328262	.2324249	.3347489	0
1040.15	0	.4323133	.2327126	.3349741	0
1039.15	0	.4318033	.2329979	.3351988	0
1038.15	0	.4312963	.2332808	.3354229	0
1037.15	0	.4307923	.2335613	.3356464	0
1036.15	0	.4302913	.2338393	.3358694	0
1035.15	0	.4297933	.2341149	.3360918	0
1034.15	0	.4292982	.2343881	.3363137	0
1033.15	0	.4288062	.2346589	.336535	0
1032.15	0	.4283171	.2349272	.3367557	0
1031.15	0	.427831	.2351931	.3369759	0
1030.15	0	.427348	.2354565	.3371955	0
1029.15	0	.426868	.2357175	.3374145	0
1028.15	0	.4263909	.2359761	.337633	0
1027.15	0	.4259169	.2362321	.3378509	0
1026.15	0	.425446	.2364858	.3380683	0
1025.15	0	.424978	.2367369	.3382851	0
1024.15	0	.4245131	.2369856	.3385013	0
1023.15	0	.4240512	.2372318	.338717	0
1022.15	0	.4235923	.2374756	.3389321	0
1021.15	0	.4231365	.2377168	.3391466	0
1020.15	0	.4226838	.2379556	.3393606	0
1019.15	0	.422234	.2381919	.339574	0
1018.15	0	.4217874	.2384257	.3397869	0
1017.15	0	.4213438	.2386571	.3399991	0
1016.15	0	.4209033	.2388859	.3402109	0
1015.15	0	.4204658	.2391122	.340422	0
1014.15	0	.4200314	.239336	.3406326	0
1013.15	0	.4196001	.2395573	.3408426	0
1012.15	0	.4191719	.2397761	.341052	0
1011.15	0	.4187467	.2399924	.3412609	0
1010.15	0	.4183247	.2402061	.3414692	0
1009.15	0	.4179057	.2404174	.341677	0
1008.15	0	.4174898	.2406261	.3418841	0
1007.15	0	.4170771	.2408322	.3420907	0
1006.15	0	.4166674	.2410359	.3422967	0
1005.15	0	.4162609	.241237	.3425022	0
1004.15	0	.4158574	.2414355	.3427071	0
1003.15	0	.4154571	.2416315	.3429114	0
1002.15	0	.4150599	.241825	.3431151	0
1001.15	0	.4146659	.2420159	.3433182	0
1000.15	0	.4142749	.2422043	.3435208	0
999.15	0	.4138871	.2423901	.3437228	0
998.15	0	.4135025	.2425733	.3439242	0
997.15	0	.413121	.242754	.344125	0
996.15	0	.4127426	.2429321	.3443253	0
995.15	0	.4123674	.2431076	.3445249	0
994.15	0	.4119954	.2432806	.344724	0
993.15	0	.4116265	.243451	.3449225	0
992.15	0	.4112608	.2436188	.3451204	0
991.15	0	.4108982	.243784	.3453177	0
990.15	0	.4105389	.2439467	.3455145	0
989.15	0	.4101827	.2441068	.3457106	0
988.15	0	.4098297	.2442642	.3459061	0
987.15	0	.4094798	.2444191	.3461011	0
986.15	0	.4091332	.2445714	.3462954	0
985.15	0	.4087897	.2447211	.3464892	0
984.15	0	.4084495	.2448682	.3466823	0
983.15	0	.4081124	.2450127	.3468748	0
982.15	0	.4077786	.2451547	.3470668	0
981.15	0	.4074479	.245294	.3472581	0
980.15	0	.4071205	.2454307	.3474488	0
979.15	0	.4067963	.2455648	.347639	0
978.15	0	.4064753	.2456963	.3478285	0
977.15	0	.4061575	.2458252	.3480174	0
976.15	0	.4058429	.2459515	.3482056	0
975.15	0	.4055316	.2460751	.3483933	0
974.15	0	.4052235	.2461962	.3485803	0
973.15	0	.4049186	.2463147	.3487667	0
972.15	0	.404617	.2464305	.3489525	0
971.15	0	.4043185	.2465438	.3491377	0
970.15	0	.4040234	.2466544	.3493222	0
969.15	0	.4037314	.2467625	.3495061	0
968.15	0	.4034428	.2468679	.3496894	0
967.15	0	.4031573	.2469707	.349872	0
966.15	0	.4028751	.2470709	.350054	0
965.15	0	.4025962	.2471685	.3502353	0
964.15	0	.4023205	.2472635	.350416	0
963.15	0	.402048	.2473559	.350596	0
962.15	0	.4017789	.2474457	.3507754	0
961.15	0	.4015129	.247533	.3509541	0
960.15	0	.4012502	.2476176	.3511322	0
959.15	0	.4009908	.2476996	.3513096	0
958.15	0	.4007346	.247779	.3514864	0
957.15	0	.4004817	.2478559	.3516624	0
956.15	0	.400232	.2479301	.3518378	0
955.15	0	.3999856	.2480018	.3520126	0
954.15	0	.3997425	.2480709	.3521866	0
953.15	0	.3995026	.2481374	.35236	0
952.15	0	.3992659	.2482014	.3525327	0
951.15	0	.3990325	.2482628	.3527047	0
950.15	0	.3988024	.2483217	.3528759	0
949.15	0	.3985755	.248378	.3530465	0
948.15	0	.3983519	.2484317	.3532164	0
947.15	0	.3981314	.248483	.3533856	0
946.15	0	.3979143	.2485316	.3535541	0
945.15	0	.3977004	.2485778	.3537218	0
944.15	0	.3974897	.2486214	.3538889	0
943.15	0	.3972823	.2486626	.3540552	0
942.15	0	.397078	.2487012	.3542208	0
941.15	0	.3968771	.2487373	.3543856	0
940.15	0	.3966793	.248771	.3545497	0
939.15	0	.3964847	.2488022	.3547131	0
938.15	0	.3962934	.2488309	.3548757	0
937.15	0	.3961053	.2488572	.3550375	0
936.15	0	.3959204	.248881	.3551986	0
935.15	0	.3957386	.2489024	.355359	0
934.15	0	.3955601	.2489214	.3555185	0
933.15	0	.3953847	.248938	.3556773	0
932.15	0	.3952125	.2489522	.3558353	0
931.15	0	.3950435	.248964	.3559925	0
930.15	0	.3948777	.2489734	.356149	0
929.15	0	.3947149	.2489805	.3563046	0
928.15	0	.3945554	.2489853	.3564594	0
927.15	0	.3943989	.2489877	.3566134	0
926.15	0	.3942456	.2489878	.3567666	0
925.15	0	.3940954	.2489857	.3569189	0
924.15	0	.3939482	.2489813	.3570705	0
923.15	0	.3938042	.2489746	.3572211	0
922.15	0	.3936632	.2489658	.357371	0
921.15	0	.3935253	.2489547	.35752	0
920.15	0	.3933905	.2489414	.3576681	0
919.15	0	.3932586	.248926	.3578154	0
918.15	0	.3931298	.2489084	.3579617	0
917.15	0	.393004	.2488887	.3581072	0
916.15	0	.3928812	.248867	.3582519	0
915.15	0	.3927613	.2488431	.3583956	0
914.15	0	.3926444	.2488172	.3585384	0
913.15	0	.3925304	.2487893	.3586802	0
912.15	0	.3924194	.2487594	.3588212	0
911.15	0	.3923112	.2487276	.3589612	0
910.15	0	.3922059	.2486938	.3591003	0
909.15	0	.3921034	.2486581	.3592384	0
908.15	0	.3920038	.2486206	.3593756	0
907.15	0	.391907	.2485812	.3595118	0
906.15	0	.3918129	.2485401	.359647	0
905.15	0	.3917217	.2484971	.3597812	0
904.15	0	.3916331	.2484525	.3599144	0
903.15	0	.3915472	.2484061	.3600467	0
902.15	0	.3914641	.2483581	.3601778	0
901.15	0	.3913835	.2483085	.360308	0
900.15	0	.3913056	.2482573	.3604371	0
899.15	0	.3912303	.2482046	.3605652	0
898.15	0	.3911575	.2481504	.3606921	0
897.15	0	.3910872	.2480948	.360818	0
896.15	0	.3910194	.2480377	.3609429	0
895.15	0	.3909541	.2479793	.3610666	0
894.15	0	.3908912	.2479197	.3611892	0
893.15	0	.3908306	.2478588	.3613106	0
892.15	0	.3907724	.2477966	.3614309	0
891.15	0	.3907165	.2477334	.3615501	0
890.15	0	.3906629	.2476691	.3616681	0
889.15	0	.3906114	.2476037	.3617849	0
888.15	0	.3905622	.2475374	.3619004	0
887.15	0	.390515	.2474702	.3620148	0
886.15	0	.3904699	.2474021	.362128	0
885.15	0	.3904269	.2473333	.3622399	0
884.15	0	.3903858	.2472638	.3623505	0
883.15	0	.3903466	.2471936	.3624598	0
882.15	0	.3903093	.2471229	.3625679	0
881.15	0	.3902738	.2470516	.3626746	0
880.15	0	.39024	.24698	.36278	0
879.15	0	.390208	.246908	.362884	0
878.15	0	.3901775	.2468358	.3629866	0
877.15	0	.3901487	.2467634	.3630879	0
876.15	0	.3901213	.2466909	.3631877	0
875.15	0	.3900954	.2466185	.3632861	0
874.15	0	.3900708	.2465461	.3633831	0
873.15	0	.3900475	.2464739	.3634785	0
872.15	0	.3900254	.2464021	.3635725	0
871.15	0	.3900045	.2463306	.3636649	0
870.15	0	.3899846	.2462597	.3637557	0
869.15	0	.3899657	.2461893	.363845	0
868.15	0	.3899476	.2461197	.3639327	0
867.15	0	.3899304	.246051	.3640187	0
866.15	0	.3899138	.2459832	.364103	0
865.15	0	.3898979	.2459165	.3641857	0
864.15	0	.3898824	.245851	.3642666	0
863.15	0	.3898673	.245787	.3643457	0
862.15	0	.3898525	.2457244	.3644231	0
861.15	0	.3898379	.2456635	.3644986	0
860.15	0	.3898234	.2456044	.3645723	0
859.15	0	.3898087	.2455473	.364644	0
858.15	0	.3897939	.2454923	.3647138	0
857.15	0	.3897788	.2454397	.3647816	0
856.15	0	.3897631	.2453895	.3648473	0
855.15	0	.3897469	.2453421	.364911	0
854.15	0	.3897299	.2452975	.3649726	0
853.15	0	.389712	.2452561	.3650319	0
852.15	0	.389693	.245218	.365089	0
851.15	0	.3896727	.2451834	.3651439	0
850.15	0	.389651	.2451526	.3651963	0
849.15	0	.3896277	.2451259	.3652464	0
848.15	0	.3896025	.2451035	.365294	0
847.15	0	.3895753	.2450858	.365339	0
846.15	0	.3895457	.2450729	.3653814	0
845.15	0	.3895137	.2450653	.3654211	0
844.15	0	.3894789	.2450632	.3654579	0
843.15	0	.389441	.2450671	.3654919	0
842.15	0	.3893998	.2450773	.3655229	0
841.15	0	.3893549	.2450942	.3655509	0
840.15	0	.3893061	.2451183	.3655756	0
839.15	0	.389253	.24515	.365597	0
838.15	0	.3891951	.2451899	.365615	0
837.15	0	.3891322	.2452385	.3656293	0
836.15	0	.3890637	.2452963	.36564	0
835.15	0	.3889892	.2453641	.3656467	0
834.15	0	.3889081	.2454425	.3656494	0
833.15	0	.3888199	.2455323	.3656478	0
832.15	0	.388724	.2456343	.3656417	0
831.15	0	.3886197	.2457495	.3656308	0
830.15	0	.3885062	.2458788	.365615	0
829.15	0	.3883827	.2460234	.3655939	0
828.15	0	.3880352	.2464592	.3655057	0
827.15	0	.3875492	.2470778	.365373	0
826.15	0	.3871177	.2476308	.3652515	0
825.15	0	.3867343	.2481263	.3651394	0
824.15	0	.3863935	.2485709	.3650356	0
823.15	0	.3860908	.2489702	.364939	0
822.15	0	.3858223	.2493289	.3648487	0
821.15	0	.3855848	.2496511	.3647641	0
820.15	0	.3853753	.2499402	.3646846	0
819.15	0	.3851913	.2501992	.3646095	0
818.15	0	.3850307	.2504309	.3645385	0
817.15	0	.3848913	.2506376	.3644711	0
816.15	0	.3847716	.2508213	.364407	0
815.15	0	.38467	.2509841	.364346	0
814.15	0	.3845849	.2511274	.3642877	0
813.15	0	.3845151	.2512529	.364232	0
812.15	0	.3844596	.2513619	.3641786	0
811.15	0	.3844171	.2514557	.3641272	0
810.15	0	.3843868	.2515354	.3640779	0
809.15	0	.3843677	.251602	.3640303	0
808.15	0	.3843591	.2516565	.3639844	0
807.15	0	.3843602	.2516997	.3639401	0
806.15	0	.3843703	.2517326	.3638972	0
805.15	0	.3843887	.2517557	.3638556	0
804.15	0	.3844149	.2517699	.3638152	0
803.15	0	.3844484	.2517756	.363776	0
802.15	0	.3844885	.2517736	.3637379	0
801.15	0	.384535	.2517643	.3637008	0
800.15	0	.3845871	.2517483	.3636646	0
799.15	0	.3846448	.251726	.3636292	0
798.15	0	.3847073	.251698	.3635947	0
797.15	0	.3847746	.2516645	.3635609	0
796.15	0	.3848461	.251626	.3635279	0
795.15	0	.3849217	.2515828	.3634955	0
794.15	0	.3850009	.2515354	.3634637	0
793.15	0	.3850836	.2514839	.3634326	0
792.15	0	.3851694	.2514287	.3634019	0
791.15	0	.3852581	.25137	.3633718	0
790.15	0	.3853496	.2513082	.3633422	0
789.15	0	.3854435	.2512435	.363313	0
788.15	0	.3855397	.2511761	.3632843	0
787.15	0	.3856379	.2511061	.363256	0
786.15	0	.3857381	.2510339	.363228	0
785.15	0	.38584	.2509596	.3632004	0
784.15	0	.3859435	.2508834	.3631731	0
783.15	0	.3860484	.2508055	.3631462	0
782.15	0	.3861546	.2507259	.3631195	0
781.15	0	.3862619	.250645	.3630931	0
780.15	0	.3863703	.2505627	.363067	0
779.15	0	.3864796	.2504793	.3630411	0
778.15	0	.3865897	.2503948	.3630154	0
777.15	0	.3867005	.2503095	.36299	0
776.15	0	.3868119	.2502233	.3629648	0
775.15	0	.3869238	.2501365	.3629397	0
774.15	0	.3870362	.250049	.3629149	0
773.15	0	.3871488	.249961	.3628902	0
772.15	0	.3872617	.2498727	.3628656	0
771.15	0	.3873748	.249784	.3628412	0
770.15	0	.387488	.249695	.362817	0
769.15	0	.3876013	.2496059	.3627928	0
768.15	0	.3877146	.2495166	.3627688	0
767.15	0	.3878278	.2494273	.3627449	0
766.15	0	.3879408	.249338	.3627211	0
765.15	0	.3880537	.2492488	.3626974	0
764.15	0	.3881664	.2491598	.3626738	0
763.15	0	.3882788	.2490709	.3626503	0
762.15	0	.3883909	.2489822	.3626269	0
761.15	0	.3885026	.2488939	.3626035	0
760.15	0	.388614	.2488058	.3625802	0
759.15	0	.3887249	.2487181	.362557	0
758.15	0	.3888354	.2486308	.3625338	0
757.15	0	.3889454	.248544	.3625106	0
756.15	0	.3890548	.2484576	.3624875	0
755.15	0	.3891637	.2483718	.3624645	0
754.15	0	.3892721	.2482864	.3624415	0
753.15	0	.3893798	.2482016	.3624185	0
752.15	0	.3894894	.2481156	.362395	0
751.15	0	.3895957	.2480322	.3623721	0
750.15	0	.3897014	.2479494	.3623493	0
749.15	0	.3898064	.2478672	.3623265	0
748.15	0	.3899107	.2477857	.3623036	0
747.15	0	.3900143	.2477049	.3622808	0
746.15	0	.3901172	.2476247	.362258	0
745.15	0	.3902194	.2475453	.3622353	0
744.15	0	.3903209	.2474667	.3622125	0
743.15	0	.3904216	.2473888	.3621897	0
742.15	0	.3905215	.2473116	.3621669	0
741.15	0	.3906207	.2472352	.3621441	0
740.15	0	.390719	.2471596	.3621213	0
739.15	0	.3908166	.2470848	.3620986	0
738.15	0	.3909134	.2470108	.3620758	0
737.15	0	.3910094	.2469376	.3620529	0
736.15	0	.3911046	.2468653	.3620301	0
735.15	0	.391199	.2467937	.3620073	0
734.15	0	.3912925	.246723	.3619844	0
733.15	0	.3913853	.2466532	.3619616	0
732.15	0	.3914772	.2465841	.3619387	0
731.15	0	.3915682	.246516	.3619158	0
730.15	0	.3916585	.2464487	.3618929	0
729.15	0	.3917479	.2463822	.36187	0
728.15	0	.3918364	.2463166	.361847	0
727.15	0	.3919242	.2462518	.361824	0
726.15	0	.3920111	.2461879	.361801	0
725.15	0	.3920971	.2461249	.361778	0
724.15	0	.3921823	.2460628	.3617549	0
723.15	0	.3922667	.2460015	.3617319	0
722.15	0	.3923502	.245941	.3617088	0
721.15	0	.3924329	.2458815	.3616856	0
720.15	0	.3925148	.2458228	.3616625	0
719.15	0	.3925958	.2457649	.3616393	0
718.15	0	.392676	.245708	.3616161	0
717.15	0	.3927554	.2456519	.3615928	0
716.15	0	.3928339	.2455966	.3615695	0
715.15	0	.3929116	.2455422	.3615462	0
714.15	0	.3929885	.2454887	.3615229	0
713.15	0	.3930645	.245436	.3614995	0
712.15	0	.3931398	.2453841	.3614761	0
711.15	0	.3932142	.2453331	.3614527	0
710.15	0	.3932878	.245283	.3614292	0
709.15	0	.3933606	.2452337	.3614057	0
708.15	0	.3934326	.2451852	.3613822	0
707.15	0	.3935038	.2451376	.3613586	0
706.15	0	.3935742	.2450908	.361335	0
705.15	0	.3936439	.2450448	.3613113	0
704.15	0	.3937127	.2449997	.3612877	0
703.15	0	.3937807	.2449553	.361264	0
702.15	0	.393848	.2449118	.3612402	0
701.15	0	.3939145	.2448691	.3612164	0
700.15	0	.3939802	.2448272	.3611926	0
699.15	0	.3940452	.2447861	.3611688	0
698.15	0	.3941093	.2447458	.3611449	0
697.15	0	.3941728	.2447063	.361121	0
696.15	0	.3942355	.2446675	.361097	0
695.15	0	.3942974	.2446296	.361073	0
694.15	0	.3943586	.2445924	.361049	0
693.15	0	.394419	.244556	.3610249	0
692.15	0	.3944787	.2445204	.3610008	0
691.15	0	.3945377	.2444856	.3609767	0
690.15	0	.394596	.2444515	.3609525	0
689.15	0	.3946536	.2444181	.3609283	0
688.15	0	.3947104	.2443855	.3609041	0
687.15	0	.3947665	.2443536	.3608798	0
686.15	0	.394822	.2443225	.3608555	0
685.15	0	.3948767	.2442921	.3608312	0
684.15	0	.3949307	.2442625	.3608068	0
683.15	0	.3949841	.2442335	.3607824	0
682.15	0	.3950368	.2442053	.3607579	0
681.15	0	.3950888	.2441778	.3607335	0
680.15	0	.3951401	.244151	.360709	0
679.15	0	.3951907	.2441249	.3606844	0
678.15	0	.3952407	.2440994	.3606598	0
677.15	0	.3952901	.2440747	.3606352	0
676.15	0	.3953388	.2440507	.3606106	0
675.15	0	.3953868	.2440273	.3605859	0
674.15	0	.3954342	.2440046	.3605612	0
673.15	0	.395481	.2439826	.3605364	0
672.15	0	.3955271	.2439612	.3605117	0
671.15	0	.3955726	.2439405	.3604869	0
670.15	0	.3956175	.2439205	.360462	0
669.15	0	.3956618	.2439011	.3604372	0
668.15	0	.3957055	.2438823	.3604122	0
667.15	0	.3957485	.2438642	.3603873	0
666.15	0	.395791	.2438467	.3603623	0
665.15	0	.3958329	.2438298	.3603374	0
664.15	0	.3958741	.2438136	.3603123	0
663.15	0	.3959148	.2437979	.3602873	0
662.15	0	.3959549	.2437829	.3602622	0
661.15	0	.3959945	.2437685	.3602371	0
660.15	0	.3960334	.2437546	.3602119	0
659.15	0	.3960718	.2437414	.3601867	0
658.15	0	.3961097	.2437288	.3601615	0
657.15	0	.396147	.2437167	.3601363	0
656.15	0	.3961837	.2437052	.3601111	0
655.15	0	.3962199	.2436943	.3600858	0
654.15	0	.3962555	.243684	.3600605	0
653.15	0	.3962906	.2436742	.3600351	0
652.15	0	.3963252	.243665	.3600098	0
651.15	0	.3963593	.2436563	.3599844	0
650.15	0	.3963928	.2436482	.359959	0
649.15	0	.3964258	.2436407	.3599335	0
648.15	0	.3964583	.2436336	.3599081	0
647.15	0	.3964903	.2436271	.3598826	0
646.15	0	.3965218	.2436212	.3598571	0
645.15	0	.3965528	.2436157	.3598315	0
644.15	0	.3965832	.2436108	.359806	0
643.15	0	.3966132	.2436064	.3597804	0
642.15	0	.3966427	.2436025	.3597548	0
641.15	0	.3966718	.2435991	.3597292	0
640.15	0	.3967003	.2435962	.3597035	0
639.15	0	.3967284	.2435938	.3596778	0
638.15	0	.396756	.2435919	.3596522	0
637.15	0	.3967831	.2435905	.3596264	0
636.15	0	.3968098	.2435895	.3596007	0
635.15	0	.396836	.2435891	.359575	0
634.15	0	.3968618	.2435891	.3595492	0
633.15	0	.3968871	.2435895	.3595234	0
632.15	0	.3969119	.2435905	.3594976	0
631.15	0	.3969364	.2435919	.3594718	0
630.15	0	.3969604	.2435937	.3594459	0
629.15	0	.3969839	.243596	.3594201	0
628.15	0	.397007	.2435988	.3593942	0
627.15	0	.3970297	.243602	.3593683	0
626.15	0	.397052	.2436056	.3593424	0
625.15	0	.3970739	.2436097	.3593165	0
624.15	0	.3970953	.2436142	.3592905	0
623.15	0	.3971164	.2436191	.3592646	0
622.15	0	.397137	.2436244	.3592386	0
621.15	0	.3971572	.2436302	.3592126	0
620.15	0	.3971771	.2436363	.3591866	0
619.15	0	.3971965	.2436429	.3591606	0
618.15	0	.3972155	.2436499	.3591346	0
617.15	0	.3972342	.2436572	.3591086	0
616.15	0	.3972525	.243665	.3590825	0
615.15	0	.3972704	.2436732	.3590565	0
614.15	0	.3972879	.2436817	.3590304	0
613.15	0	.397305	.2436907	.3590043	0
612.15	0	.3973218	.2437	.3589782	0
611.15	0	.3973382	.2437097	.3589521	0
610.15	0	.3973542	.2437197	.358926	0
609.15	0	.3973699	.2437302	.3588999	0
608.15	0	.3973852	.243741	.3588738	0
607.15	0	.3974002	.2437521	.3588477	0
606.15	0	.3974148	.2437636	.3588216	0
605.15	0	.3974291	.2437755	.3587954	0
604.15	0	.397443	.2437877	.3587693	0
603.15	0	.3974566	.2438003	.3587431	0
602.15	0	.3974698	.2438132	.358717	0
601.15	0	.3974827	.2438265	.3586908	0
600.15	0	.3974953	.24384	.3586646	0
599.15	0	.3975076	.2438539	.3586385	0
598.15	0	.3975195	.2438682	.3586123	0
597.15	0	.3975311	.2438827	.3585861	0
596.15	0	.3975424	.2438976	.35856	0
595.15	0	.3975534	.2439128	.3585338	0
594.15	0	.3975641	.2439284	.3585076	0
593.15	0	.3975744	.2439442	.3584814	0
592.15	0	.3975844	.2439603	.3584552	0
591.15	0	.3975942	.2439768	.3584291	0
590.15	0	.3976036	.2439935	.3584029	0
589.15	0	.3976128	.2440105	.3583767	0
588.15	0	.3976216	.2440279	.3583505	0
587.15	0	.3976302	.2440455	.3583244	0
586.15	0	.3976384	.2440634	.3582982	0
585.15	0	.3976464	.2440816	.358272	0
584.15	0	.3976541	.2441001	.3582459	0
583.15	0	.3976615	.2441188	.3582197	0
582.15	0	.3976686	.2441378	.3581935	0
581.15	0	.3976755	.2441571	.3581674	0
580.15	0	.397682	.2441767	.3581413	0
579.15	0	.3976883	.2441965	.3581151	0
578.15	0	.3976944	.2442166	.358089	0
577.15	0	.3977002	.244237	.3580629	0
576.15	0	.3977057	.2442576	.3580367	0
575.15	0	.3977109	.2442785	.3580106	0
574.15	0	.3977159	.2442996	.3579845	0
573.15	0	.3977206	.2443209	.3579584	0
572.15	0	.3977251	.2443425	.3579324	0
571.15	0	.3977293	.2443644	.3579063	0
570.15	0	.3977333	.2443865	.3578802	0
569.15	0	.397737	.2444088	.3578542	0
568.15	0	.3977405	.2444313	.3578281	0
567.15	0	.3977438	.2444541	.3578021	0
566.15	0	.3977468	.2444771	.3577761	0
565.15	0	.3977496	.2445004	.3577501	0
564.15	0	.3977521	.2445238	.3577241	0
563.15	0	.3977544	.2445475	.3576981	0
562.15	0	.3977565	.2445714	.3576722	0
561.15	0	.3977583	.2445955	.3576462	0
560.15	0	.3977599	.2446198	.3576203	0
559.15	0	.3977613	.2446443	.3575944	0
558.15	0	.3977625	.244669	.3575685	0
557.15	0	.3977635	.244694	.3575426	0
556.15	0	.3977642	.2447191	.3575167	0
555.15	0	.3977647	.2447444	.3574909	0
554.15	0	.397765	.2447699	.3574651	0
553.15	0	.3977651	.2447956	.3574393	0
552.15	0	.397765	.2448215	.3574135	0
551.15	0	.3977647	.2448476	.3573877	0
550.15	0	.3977642	.2448739	.357362	0
549.15	0	.3977635	.2449003	.3573362	0
548.15	0	.3977626	.2449269	.3573105	0
547.15	0	.3977614	.2449537	.3572848	0
546.15	0	.3977601	.2449807	.3572592	0
545.15	0	.3977586	.2450079	.3572335	0
544.15	0	.3977569	.2450352	.3572079	0
543.15	0	.397755	.2450627	.3571823	0
542.15	0	.3977529	.2450903	.3571568	0
541.15	0	.3977507	.2451181	.3571312	0
540.15	0	.3977482	.2451461	.3571057	0
539.15	0	.3977456	.2451742	.3570802	0
538.15	0	.3977428	.2452025	.3570547	0
537.15	0	.3977398	.245231	.3570293	0
536.15	0	.3977366	.2452595	.3570039	0
535.15	0	.3977332	.2452883	.3569785	0
534.15	0	.3977297	.2453172	.3569531	0
533.15	0	.397726	.2453462	.3569278	0
532.15	0	.3977221	.2453753	.3569025	0
531.15	0	.3977181	.2454047	.3568772	0
530.15	0	.3977139	.2454341	.356852	0
529.15	0	.3977096	.2454637	.3568268	0
528.15	0	.397705	.2454934	.3568016	0
527.15	0	.3977003	.2455232	.3567765	0
526.15	0	.3976955	.2455532	.3567514	0
525.15	0	.3976905	.2455833	.3567263	0
524.15	0	.3976853	.2456135	.3567012	0
523.15	0	.39768	.2456438	.3566762	0
522.15	0	.3976745	.2456743	.3566512	0
521.15	0	.3976689	.2457049	.3566263	0
520.15	0	.3976631	.2457355	.3566014	0
519.15	0	.3976572	.2457663	.3565765	0
518.15	0	.3976511	.2457973	.3565517	0
517.15	0	.3976449	.2458283	.3565268	0
516.15	0	.3976385	.2458594	.3565021	0
515.15	0	.397632	.2458906	.3564773	0
514.15	0	.3976254	.245922	.3564527	0
513.15	0	.3976186	.2459534	.356428	0
512.15	0	.3976117	.245985	.3564034	0
511.15	0	.3976046	.2460166	.3563788	0
510.15	0	.3975974	.2460483	.3563543	0
509.15	0	.3975901	.2460802	.3563298	0
508.15	0	.3975826	.2461121	.3563053	0
507.15	0	.397575	.2461441	.3562809	0
506.15	0	.3975673	.2461762	.3562565	0
505.15	0	.3975595	.2462083	.3562322	0
504.15	0	.3975515	.2462406	.3562079	0
503.15	0	.3975434	.246273	.3561837	0
502.15	0	.3975352	.2463054	.3561595	0
501.15	0	.3975268	.2463379	.3561353	0
500.15	0	.3975183	.2463705	.3561112	0
499.15	0	.3975097	.2464031	.3560871	0
498.15	0	.3975012	.2464359	.356063	0
497.15	0	.3974924	.2464687	.356039	0
496.15	0	.3974834	.2465015	.356015	0
495.15	0	.3974744	.2465345	.3559912	0
494.15	0	.3974652	.2465675	.3559673	0
493.15	0	.397456	.2466005	.3559435	0
492.15	0	.3974466	.2466337	.3559198	0
491.15	0	.3974371	.2466669	.3558961	0
490.15	0	.3974275	.2467001	.3558724	0
489.15	0	.3974178	.2467334	.3558488	0
488.15	0	.3974079	.2467668	.3558253	0
487.15	0	.397398	.2468002	.3558018	0
486.15	0	.397388	.2468337	.3557783	0
485.15	0	.3973779	.2468672	.3557549	0
484.15	0	.3973677	.2469008	.3557316	0
483.15	0	.3973573	.2469344	.3557083	0
482.15	0	.3973469	.2469681	.3556851	0
481.15	0	.3973364	.2470018	.3556619	0
480.15	0	.3973258	.2470355	.3556387	0
479.15	0	.3973151	.2470693	.3556156	0
478.15	0	.3973042	.2471032	.3555926	0
477.15	0	.3972933	.247137	.3555696	0
476.15	0	.3972824	.2471709	.3555467	0
475.15	0	.3972713	.2472049	.3555238	0
474.15	0	.3972601	.2472389	.355501	0
473.15	0	.3972488	.2472729	.3554783	0
472.15	0	.3972375	.2473069	.3554556	0
471.15	0	.3972261	.247341	.355433	0
470.15	0	.3972145	.2473751	.3554104	0
469.15	0	.397203	.2474092	.3553878	0
468.15	0	.3971913	.2474434	.3553654	0
467.15	0	.3971795	.2474775	.355343	0
466.15	0	.3971677	.2475117	.3553206	0
465.15	0	.3971557	.2475459	.3552983	0
464.15	0	.3971437	.2475802	.3552761	0
463.15	0	.3971316	.2476144	.3552539	0
462.15	0	.3971195	.2476487	.3552318	0
461.15	0	.3971072	.247683	.3552098	0
460.15	0	.3970949	.2477173	.3551878	0
459.15	0	.3970825	.2477516	.3551659	0
458.15	0	.3970701	.2477859	.355144	0
457.15	0	.3970575	.2478203	.3551222	0
456.15	0	.3970449	.2478546	.3551005	0
455.15	0	.3970323	.2478889	.3550788	0
454.15	0	.3970195	.2479233	.3550572	0
453.1858	0	.3970072	.2479564	.3550364	0
453.1858	0	.3970072	.2479564	.3550364	0
453.1858	0	.3970072	.2479564	.3550364	0
453.15	0	.3970138	.2479412	.3550271	1.787725E-05
452.15	0	.3971984	.2475176	.3547676	5.163619E-04
451.15	0	.3973822	.2470953	.3545087	.001013859
450.15	0	.3975651	.2466743	.3542502	.001510379
449.15	0	.3977473	.2462544	.3539924	.002005938
448.15	0	.3979287	.2458357	.353735	.002500539
447.15	0	.3981093	.2454183	.3534782	.002994188
446.15	0	.3982892	.245002	.353222	.003486895
445.15	0	.3984683	.2445868	.3529663	.00397867
444.15	0	.3986466	.2441728	.352711	.00446952
443.15	0	.3988243	.24376	.3524563	.004959456
442.15	0	.3990012	.2433482	.3522022	.005448486
