T	 BPW(LIQUID)	BPW(BCC_A2)	BPW(FCC_A1)	BPW(LAVES_PHASE_C14)	BPW(NI3TI)
1473.15	.01356905	.9864309	0	0	0
1472.15	.01171626	.9882837	0	0	0
1471.15	.009874376	.9901256	0	0	0
1470.15	.008043303	.9919567	0	0	0
1469.15	.006222942	.9937771	0	0	0
1468.15	.004413196	.9955868	0	0	0
1467.15	.00261397	.997386	0	0	0
1466.15	8.251698E-04	.9991748	0	0	0
1465.687	0	1	0	0	0
1465.687	0	1	0	0	0
1465.15	0	1	0	0	0
1464.15	0	1	0	0	0
1463.15	0	1	0	0	0
1462.15	0	1	0	0	0
1461.15	0	1	0	0	0
1460.15	0	1	0	0	0
1459.15	0	1	0	0	0
1458.15	0	1	0	0	0
1457.15	0	1	0	0	0
1456.15	0	1	0	0	0
1455.15	0	1	0	0	0
1454.15	0	1	0	0	0
1453.15	0	1	0	0	0
1452.15	0	1	0	0	0
1451.15	0	1	0	0	0
1450.15	0	1	0	0	0
1449.15	0	1	0	0	0
1448.15	0	1	0	0	0
1447.15	0	1	0	0	0
1446.15	0	1	0	0	0
1445.15	0	1	0	0	0
1444.15	0	1	0	0	0
1443.15	0	1	0	0	0
1442.15	0	1	0	0	0
1441.15	0	1	0	0	0
1440.15	0	1	0	0	0
1439.15	0	1	0	0	0
1438.15	0	1	0	0	0
1437.15	0	1	0	0	0
1436.15	0	1	0	0	0
1435.15	0	1	0	0	0
1434.15	0	1	0	0	0
1433.15	0	1	0	0	0
1432.15	0	1	0	0	0
1431.15	0	1	0	0	0
1430.15	0	1	0	0	0
1429.15	0	1	0	0	0
1428.15	0	1	0	0	0
1427.15	0	1	0	0	0
1426.15	0	1	0	0	0
1425.15	0	1	0	0	0
1424.15	0	1	0	0	0
1423.15	0	1	0	0	0
1422.15	0	1	0	0	0
1421.15	0	1	0	0	0
1420.15	0	1	0	0	0
1419.15	0	1	0	0	0
1418.15	0	1	0	0	0
1417.15	0	1	0	0	0
1416.15	0	1	0	0	0
1415.15	0	1	0	0	0
1414.15	0	1	0	0	0
1413.15	0	1	0	0	0
1412.15	0	1	0	0	0
1411.15	0	1	0	0	0
1410.15	0	1	0	0	0
1409.15	0	1	0	0	0
1408.15	0	1	0	0	0
1407.15	0	1	0	0	0
1406.15	0	1	0	0	0
1405.15	0	1	0	0	0
1404.15	0	1	0	0	0
1403.15	0	1	0	0	0
1402.15	0	1	0	0	0
1401.15	0	1	0	0	0
1400.15	0	1	0	0	0
1399.15	0	1	0	0	0
1398.15	0	1	0	0	0
1397.15	0	1	0	0	0
1396.15	0	1	0	0	0
1395.15	0	1	0	0	0
1394.15	0	1	0	0	0
1393.15	0	1	0	0	0
1392.15	0	1	0	0	0
1391.15	0	1	0	0	0
1390.15	0	1	0	0	0
1389.15	0	1	0	0	0
1388.15	0	1	0	0	0
1387.15	0	1	0	0	0
1386.15	0	1	0	0	0
1385.15	0	1	0	0	0
1384.15	0	1	0	0	0
1383.15	0	1	0	0	0
1382.15	0	1	0	0	0
1381.15	0	1	0	0	0
1380.15	0	1	0	0	0
1379.15	0	1	0	0	0
1378.15	0	1	0	0	0
1377.15	0	1	0	0	0
1376.15	0	1	0	0	0
1375.15	0	1	0	0	0
1374.15	0	1	0	0	0
1373.15	0	1	0	0	0
1372.15	0	1	0	0	0
1371.15	0	1	0	0	0
1370.15	0	1	0	0	0
1369.15	0	1	0	0	0
1368.15	0	1	0	0	0
1367.15	0	1	0	0	0
1366.15	0	1	0	0	0
1365.15	0	1	0	0	0
1364.15	0	1	0	0	0
1363.15	0	1	0	0	0
1362.15	0	1	0	0	0
1361.15	0	1	0	0	0
1360.15	0	1	0	0	0
1359.15	0	1	0	0	0
1358.15	0	1	0	0	0
1357.15	0	1	0	0	0
1356.15	0	1	0	0	0
1355.15	0	1	0	0	0
1354.15	0	1	0	0	0
1353.15	0	1	0	0	0
1352.15	0	1	0	0	0
1351.15	0	1	0	0	0
1350.15	0	1	0	0	0
1349.15	0	1	0	0	0
1348.15	0	1	0	0	0
1347.15	0	1	0	0	0
1346.15	0	1	0	0	0
1345.15	0	1	0	0	0
1344.15	0	1	0	0	0
1343.15	0	1	0	0	0
1342.15	0	1	0	0	0
1341.15	0	1	0	0	0
1340.15	0	1	0	0	0
1339.15	0	1	0	0	0
1338.15	0	1	0	0	0
1337.15	0	1	0	0	0
1336.15	0	1	0	0	0
1335.15	0	1	0	0	0
1334.15	0	1	0	0	0
1333.15	0	1	0	0	0
1332.15	0	1	0	0	0
1331.15	0	1	0	0	0
1330.15	0	1	0	0	0
1329.15	0	1	0	0	0
1328.15	0	1	0	0	0
1327.15	0	1	0	0	0
1326.15	0	1	0	0	0
1325.15	0	1	0	0	0
1324.15	0	1	0	0	0
1323.15	0	1	0	0	0
1322.15	0	1	0	0	0
1321.15	0	1	0	0	0
1320.15	0	1	0	0	0
1319.15	0	1	0	0	0
1318.15	0	1	0	0	0
1317.15	0	1	0	0	0
1316.15	0	1	0	0	0
1315.15	0	1	0	0	0
1314.15	0	1	0	0	0
1313.15	0	1	0	0	0
1312.15	0	1	0	0	0
1311.15	0	1	0	0	0
1310.15	0	1	0	0	0
1309.15	0	1	0	0	0
1308.15	0	1	0	0	0
1307.15	0	1	0	0	0
1306.15	0	1	0	0	0
1305.15	0	1	0	0	0
1304.15	0	1	0	0	0
1303.15	0	1	0	0	0
1302.15	0	1	0	0	0
1301.15	0	1	0	0	0
1300.15	0	1	0	0	0
1299.15	0	1	0	0	0
1298.15	0	1	0	0	0
1297.15	0	1	0	0	0
1296.15	0	1	0	0	0
1295.15	0	1	0	0	0
1294.15	0	1	0	0	0
1293.15	0	1	0	0	0
1292.15	0	1	0	0	0
1291.15	0	1	0	0	0
1290.15	0	1	0	0	0
1289.15	0	1	0	0	0
1288.15	0	1	0	0	0
1287.15	0	1	0	0	0
1286.15	0	1	0	0	0
1285.15	0	1	0	0	0
1284.15	0	1	0	0	0
1283.15	0	1	0	0	0
1282.15	0	1	0	0	0
1281.15	0	1	0	0	0
1280.15	0	1	0	0	0
1279.276	0	1	0	0	0
1279.276	0	1	0	0	0
1279.276	0	1	0	0	0
1279.15	0	.9998334	1.666193E-04	0	0
1278.15	0	.9985124	.001487642	0	0
1277.15	0	.9971936	.002806412	0	0
1276.15	0	.9958771	.004122927	0	0
1275.15	0	.9945628	.005437186	0	0
1274.15	0	.9932508	.006749189	0	0
1273.15	0	.9919411	.008058933	0	0
1272.15	0	.9906336	.009366418	0	0
1271.15	0	.9893284	.01067164	0	0
1270.15	0	.9880254	.01197461	0	0
1269.15	0	.9867247	.0132753	0	0
1268.15	0	.9854263	.01457374	0	0
1267.15	0	.9841301	.01586991	0	0
1266.15	0	.9828362	.01716381	0	0
1265.15	0	.9815446	.01845544	0	0
1264.15	0	.9802552	.0197448	0	0
1263.15	0	.9789681	.02103189	0	0
1262.15	0	.9776833	.0223167	0	0
1261.15	0	.9764008	.02359924	0	0
1260.15	0	.9751205	.0248795	0	0
1259.15	0	.9738425	.02615748	0	0
1258.15	0	.9725668	.02743318	0	0
1257.15	0	.9712934	.0287066	0	0
1256.15	0	.9700223	.02997773	0	0
1255.15	0	.9687534	.03124658	0	0
1254.15	0	.9674869	.03251314	0	0
1253.15	0	.9662226	.03377741	0	0
1252.15	0	.9649606	.03503939	0	0
1251.15	0	.9637009	.03629907	0	0
1250.15	0	.9624435	.03755646	0	0
1249.15	0	.9611885	.03881155	0	0
1248.15	0	.9599357	.04006434	0	0
1247.15	0	.9586852	.04131482	0	0
1246.15	0	.957437	.04256301	0	0
1245.15	0	.9561911	.04380888	0	0
1244.15	0	.9549475	.04505245	0	0
1243.15	0	.9537063	.0462937	0	0
1242.15	0	.9524674	.04753265	0	0
1241.15	0	.9512307	.04876927	0	0
1240.15	0	.9499964	.05000358	0	0
1239.15	0	.9487644	.05123556	0	0
1238.15	0	.9475348	.05246522	0	0
1237.15	0	.9463074	.05369256	0	0
1236.15	0	.9450824	.05491757	0	0
1235.15	0	.9438598	.05614024	0	0
1234.15	0	.9426394	.05736059	0	0
1233.15	0	.9414214	.05857859	0	0
1232.15	0	.9402057	.05979426	0	0
1231.15	0	.9389924	.06100758	0	0
1230.15	0	.9377814	.06221856	0	0
1229.15	0	.9365728	.06342719	0	0
1228.15	0	.9353665	.06463347	0	0
1227.15	0	.9341626	.0658374	0	0
1226.15	0	.932961	.06703897	0	0
1225.15	0	.9317618	.06823818	0	0
1224.15	0	.930565	.06943503	0	0
1223.15	0	.9293705	.07062951	0	0
1222.15	0	.9281784	.07182163	0	0
1221.15	0	.9269886	.07301137	0	0
1220.15	0	.9258013	.07419873	0	0
1219.15	0	.9246163	.07538372	0	0
1218.15	0	.9234337	.07656632	0	0
1217.15	0	.9222535	.07774654	0	0
1216.15	0	.9210756	.07892437	0	0
1215.15	0	.9199002	.0800998	0	0
1214.15	0	.9187272	.08127285	0	0
1213.15	0	.9175565	.08244349	0	0
1212.15	0	.9163883	.08361173	0	0
1211.15	0	.9152224	.08477756	0	0
1210.15	0	.914059	.08594098	0	0
1209.15	0	.912898	.08710198	0	0
1208.15	0	.9117394	.08826057	0	0
1207.15	0	.9105833	.08941674	0	0
1206.15	0	.9094295	.09057048	0	0
1205.15	0	.9082782	.09172179	0	0
1204.15	0	.9071293	.09287066	0	0
1203.15	0	.9059829	.0940171	0	0
1202.15	0	.9048389	.0951611	0	0
1201.15	0	.9036974	.09630264	0	0
1200.15	0	.9025583	.09744174	0	0
1199.15	0	.9014216	.09857839	0	0
1198.15	0	.9002874	.09971257	0	0
1197.15	0	.8991557	.1008443	0	0
1196.15	0	.8980265	.1019735	0	0
1195.15	0	.8968997	.1031003	0	0
1194.15	0	.8957754	.1042246	0	0
1193.15	0	.8946535	.1053465	0	0
1192.15	0	.8935342	.1064658	0	0
1191.15	0	.8924174	.1075826	0	0
1190.15	0	.891303	.108697	0	0
1189.15	0	.8901912	.1098089	0	0
1188.15	0	.8890818	.1109182	0	0
1187.15	0	.887975	.112025	0	0
1186.15	0	.8868707	.1131294	0	0
1185.15	0	.8857688	.1142312	0	0
1184.15	0	.8846696	.1153304	0	0
1183.15	0	.8835728	.1164272	0	0
1182.15	0	.8824786	.1175214	0	0
1181.15	0	.8813869	.1186131	0	0
1180.15	0	.8802978	.1197022	0	0
1179.15	0	.8792112	.1207888	0	0
1178.15	0	.8781272	.1218728	0	0
1177.15	0	.8770458	.1229542	0	0
1176.15	0	.8759669	.1240331	0	0
1175.15	0	.8748905	.1251095	0	0
1174.15	0	.8738168	.1261832	0	0
1173.15	0	.8727457	.1272544	0	0
1172.15	0	.8716771	.1283229	0	0
1171.15	0	.8706111	.1293889	0	0
1170.15	0	.8695477	.1304523	0	0
1169.15	0	.868487	.131513	0	0
1168.15	0	.8674288	.1325712	0	0
1167.15	0	.8663733	.1336267	0	0
1166.15	0	.8653204	.1346796	0	0
1165.15	0	.8642701	.1357299	0	0
1164.15	0	.8632225	.1367775	0	0
1163.15	0	.8621775	.1378225	0	0
1162.15	0	.8611352	.1388648	0	0
1161.15	0	.8600955	.1399045	0	0
1160.15	0	.8590585	.1409415	0	0
1159.15	0	.8580241	.1419759	0	0
1158.15	0	.8569925	.1430075	0	0
1157.15	0	.8559635	.1440365	0	0
1156.15	0	.8549372	.1450628	0	0
1155.15	0	.8539136	.1460864	0	0
1154.15	0	.8528927	.1471073	0	0
1153.15	0	.8518745	.1481255	0	0
1152.15	0	.850859	.149141	0	0
1151.15	0	.8498463	.1501538	0	0
1150.15	0	.8488362	.1511638	0	0
1149.15	0	.847829	.152171	0	0
1148.15	0	.8468244	.1531756	0	0
1147.15	0	.8458227	.1541773	0	0
1146.15	0	.8448236	.1551764	0	0
1145.15	0	.8438274	.1561726	0	0
1144.15	0	.8428339	.1571661	0	0
1143.15	0	.8418432	.1581568	0	0
1142.15	0	.8408553	.1591447	0	0
1141.15	0	.8398702	.1601298	0	0
1140.15	0	.8388879	.1611121	0	0
1139.15	0	.8379085	.1620915	0	0
1138.15	0	.8369318	.1630682	0	0
1137.15	0	.835958	.164042	0	0
1136.15	0	.834987	.165013	0	0
1135.15	0	.8340188	.1659812	0	0
1134.15	0	.8330536	.1669465	0	0
1133.15	0	.8320911	.1679089	0	0
1132.15	0	.8311316	.1688684	0	0
1131.15	0	.8301749	.1698251	0	0
1130.15	0	.8292211	.1707789	0	0
1129.15	0	.8282702	.1717298	0	0
1128.15	0	.8273222	.1726778	0	0
1127.15	0	.8263771	.1736229	0	0
1126.15	0	.825435	.174565	0	0
1125.15	0	.8244958	.1755042	0	0
1124.15	0	.8235595	.1764405	0	0
1123.15	0	.8226262	.1773738	0	0
1122.15	0	.8216958	.1783042	0	0
1121.15	0	.8207684	.1792316	0	0
1120.15	0	.8198439	.1801561	0	0
1119.15	0	.8189225	.1810775	0	0
1118.15	0	.8180041	.1819959	0	0
1117.15	0	.8170886	.1829114	0	0
1116.15	0	.8161762	.1838238	0	0
1115.15	0	.8152668	.1847332	0	0
1114.15	0	.8143604	.1856396	0	0
1113.15	0	.8134571	.1865429	0	0
1112.15	0	.8125568	.1874432	0	0
1111.15	0	.8116596	.1883404	0	0
1110.15	0	.8107655	.1892345	0	0
1109.15	0	.8098744	.1901256	0	0
1108.15	0	.8089865	.1910135	0	0
1107.15	0	.8081016	.1918984	0	0
1106.15	0	.8072199	.1927801	0	0
1105.15	0	.8063413	.1936587	0	0
1104.15	0	.8054658	.1945342	0	0
1103.15	0	.8045934	.1954066	0	0
1102.15	0	.8037243	.1962757	0	0
1101.15	0	.8028582	.1971418	0	0
1100.15	0	.8019954	.1980046	0	0
1099.15	0	.8011357	.1988643	0	0
1098.15	0	.8002793	.1997207	0	0
1097.15	0	.7994261	.200574	0	0
1096.15	0	.798576	.201424	0	0
1095.15	0	.7977292	.2022708	0	0
1094.15	0	.7968857	.2031143	0	0
1093.15	0	.7960454	.2039546	0	0
1092.15	0	.7952084	.2047916	0	0
1091.15	0	.7943746	.2056254	0	0
1090.15	0	.7935442	.2064558	0	0
1089.15	0	.792717	.207283	0	0
1088.15	0	.7918932	.2081068	0	0
1087.15	0	.7910727	.2089274	0	0
1086.15	0	.7902555	.2097445	0	0
1085.15	0	.7894416	.2105584	0	0
1084.15	0	.7886312	.2113688	0	0
1083.15	0	.787824	.212176	0	0
1082.15	0	.7870203	.2129797	0	0
1081.15	0	.78622	.21378	0	0
1080.15	0	.7854231	.2145769	0	0
1079.15	0	.7846296	.2153704	0	0
1078.15	0	.7838395	.2161605	0	0
1077.15	0	.7830529	.2169471	0	0
1076.15	0	.7822697	.2177303	0	0
1075.15	0	.7814901	.21851	0	0
1074.15	0	.7807139	.2192861	0	0
1073.15	0	.7799411	.2200589	0	0
1072.15	0	.779172	.220828	0	0
1071.15	0	.7784063	.2215937	0	0
1070.15	0	.7776441	.2223559	0	0
1069.15	0	.7768855	.2231145	0	0
1068.15	0	.7761305	.2238695	0	0
1067.15	0	.7753791	.224621	0	0
1066.15	0	.7746312	.2253688	0	0
1065.15	0	.7738869	.2261131	0	0
1064.15	0	.7731463	.2268537	0	0
1063.15	0	.7724093	.2275908	0	0
1062.15	0	.7716759	.2283241	0	0
1061.15	0	.7709461	.2290539	0	0
1060.15	0	.7702201	.2297799	0	0
1059.15	0	.7694977	.2305023	0	0
1058.15	0	.768779	.231221	0	0
1057.15	0	.7680641	.2319359	0	0
1056.15	0	.7673528	.2326472	0	0
1055.15	0	.7666453	.2333547	0	0
1054.15	0	.7659416	.2340584	0	0
1053.15	0	.7652416	.2347584	0	0
1052.15	0	.7645454	.2354546	0	0
1051.15	0	.763853	.236147	0	0
1050.15	0	.7631644	.2368356	0	0
1049.15	0	.7624796	.2375204	0	0
1048.15	0	.7617987	.2382013	0	0
1047.15	0	.7611216	.2388784	0	0
1046.15	0	.7604484	.2395516	0	0
1045.15	0	.759779	.240221	0	0
1044.15	0	.7591136	.2408864	0	0
1043.15	0	.7584521	.241548	0	0
1042.15	0	.7577944	.2422056	0	0
1041.15	0	.7571408	.2428592	0	0
1040.15	0	.7564911	.243509	0	0
1039.15	0	.7558453	.2441547	0	0
1038.15	0	.7552035	.2447965	0	0
1037.15	0	.7545658	.2454342	0	0
1036.15	0	.753932	.246068	0	0
1035.15	0	.7533023	.2466977	0	0
1034.15	0	.7526766	.2473234	0	0
1033.15	0	.752055	.247945	0	0
1032.15	0	.7514374	.2485626	0	0
1031.15	0	.7508239	.2491761	0	0
1030.15	0	.7502145	.2497855	0	0
1029.15	0	.7496093	.2503907	0	0
1028.15	0	.7490081	.2509919	0	0
1027.15	0	.7484112	.2515888	0	0
1026.15	0	.7478183	.2521817	0	0
1025.15	0	.7472297	.2527703	0	0
1024.15	0	.7466452	.2533548	0	0
1023.15	0	.746065	.253935	0	0
1022.15	0	.7454889	.2545111	0	0
1021.15	0	.7449171	.2550829	0	0
1020.15	0	.7443496	.2556504	0	0
1019.15	0	.7437863	.2562137	0	0
1018.15	0	.7432273	.2567728	0	0
1017.15	0	.7426725	.2573275	0	0
1016.15	0	.7421221	.2578779	0	0
1015.15	0	.741576	.258424	0	0
1014.15	0	.7410342	.2589658	0	0
1013.15	0	.7404968	.2595032	0	0
1012.15	0	.7399637	.2600363	0	0
1011.15	0	.7394351	.2605649	0	0
1010.15	0	.7389108	.2610892	0	0
1009.15	0	.7383909	.2616091	0	0
1008.15	0	.7378754	.2621246	0	0
1007.15	0	.7373644	.2626356	0	0
1006.15	0	.7368578	.2631422	0	0
1005.15	0	.7363556	.2636444	0	0
1004.15	0	.735858	.264142	0	0
1003.15	0	.7353648	.2646352	0	0
1002.15	0	.7348761	.2651239	0	0
1001.15	0	.734392	.265608	0	0
1000.15	0	.7339123	.2660877	0	0
999.15	0	.7334372	.2665628	0	0
998.15	0	.7329667	.2670334	0	0
997.15	0	.7325006	.2674994	0	0
996.15	0	.7320392	.2679608	0	0
995.15	0	.7315824	.2684176	0	0
994.15	0	.7311302	.2688699	0	0
993.15	0	.7306825	.2693175	0	0
992.15	0	.7302395	.2697605	0	0
991.15	0	.7298011	.2701989	0	0
990.15	0	.7293674	.2706326	0	0
989.15	0	.7289383	.2710617	0	0
988.15	0	.7285139	.2714862	0	0
987.15	0	.7280941	.2719059	0	0
986.15	0	.727679	.272321	0	0
985.15	0	.7272686	.2727314	0	0
984.15	0	.7268629	.2731371	0	0
983.15	0	.726462	.273538	0	0
982.15	0	.7260657	.2739343	0	0
981.15	0	.7256742	.2743258	0	0
980.15	0	.7252874	.2747126	0	0
979.15	0	.7249053	.2750947	0	0
978.15	0	.724528	.275472	0	0
977.15	0	.7241554	.2758446	0	0
976.15	0	.7237876	.2762124	0	0
975.15	0	.7234246	.2765755	0	0
974.15	0	.7230663	.2769337	0	0
973.15	0	.7227128	.2772872	0	0
972.15	0	.7223641	.2776359	0	0
971.15	0	.7220201	.2779799	0	0
970.15	0	.721681	.278319	0	0
969.15	0	.7213466	.2786534	0	0
968.15	0	.721017	.278983	0	0
967.15	0	.7206922	.2793078	0	0
966.15	0	.7203722	.2796278	0	0
965.15	0	.720057	.279943	0	0
964.15	0	.7197466	.2802534	0	0
963.15	0	.719441	.280559	0	0
962.15	0	.7191402	.2808598	0	0
961.15	0	.7188441	.2811559	0	0
960.15	0	.7185529	.2814471	0	0
959.15	0	.7182664	.2817336	0	0
958.15	0	.7179847	.2820153	0	0
957.15	0	.7177078	.2822922	0	0
956.15	0	.7174356	.2825644	0	0
955.15	0	.7171682	.2828318	0	0
954.15	0	.7169056	.2830944	0	0
953.15	0	.7166476	.2833524	0	0
952.15	0	.7163945	.2836055	0	0
951.15	0	.716146	.283854	0	0
950.98	0	.7161042	.2838958	0	0
950.98	0	.7161042	.2838958	0	0
950.98	0	.7161042	.2838958	0	0
950.15	0	.7157833	.283999	2.177162E-04	0
949.15	0	.7154013	.2841198	4.789061E-04	0
948.15	0	.7150242	.2842369	7.388677E-04	0
947.15	0	.7146521	.2843503	9.975935E-04	0
946.15	0	.714285	.28446	.001255076	0
945.15	0	.7139228	.2845659	.001511309	0
944.15	0	.7135656	.2846681	.001766282	0
943.15	0	.7132133	.2847667	.00201999	0
942.15	0	.7128659	.2848617	.002272424	0
941.15	0	.7125235	.284953	.002523575	0
940.15	0	.7121859	.2850407	.002773435	0
939.15	0	.7118532	.2851248	.003021996	0
938.15	0	.7115254	.2852054	.003269248	0
937.15	0	.7112024	.2852825	.003515183	0
936.15	0	.7108842	.285356	.003759793	0
935.15	0	.7105709	.2854261	.004003066	0
934.15	0	.7102623	.2854927	.004244994	0
933.15	0	.7099585	.285556	.004485568	0
932.15	0	.7096594	.2856158	.004724776	0
931.15	0	.7093651	.2856723	.00496261	0
930.15	0	.7090755	.2857255	.005199058	0
929.15	0	.7087905	.2857754	.00543411	0
928.15	0	.7085102	.285822	.005667755	0
927.15	0	.7082346	.2858655	.005899983	0
926.15	0	.7079635	.2859058	.006130781	0
925.15	0	.7076969	.2859429	.006360138	0
924.15	0	.707435	.285977	.006588043	0
923.15	0	.7071775	.286008	.006814483	0
922.15	0	.7069245	.2860361	.007039446	0
921.15	0	.706676	.2860611	.007262919	0
920.15	0	.7064318	.2860833	.00748489	0
919.15	0	.706192	.2861027	.007705345	0
918.15	0	.7059565	.2861192	.007924271	0
917.15	0	.7057254	.286133	.008141654	0
916.15	0	.7054984	.2861441	.008357481	0
915.15	0	.7052757	.2861526	.008571735	0
914.15	0	.7050571	.2861585	.008784404	0
913.15	0	.7048427	.2861618	.008995472	0
912.15	0	.7046323	.2861628	.009204923	0
911.15	0	.7044259	.2861613	.009412741	0
910.15	0	.7042235	.2861575	.009618911	0
909.15	0	.7040251	.2861515	.009823417	0
908.15	0	.7038304	.2861434	.01002624	0
907.15	0	.7036396	.2861331	.01022736	0
906.15	0	.7034525	.2861207	.01042677	0
905.15	0	.7032691	.2861065	.01062444	0
904.15	0	.7030893	.2860903	.01082036	0
903.15	0	.7029131	.2860724	.01101451	0
902.15	0	.7027403	.2860529	.01120686	0
901.15	0	.702571	.2860317	.0113974	0
900.15	0	.702405	.2860089	.01158611	0
899.15	0	.7022422	.2859848	.01177297	0
898.15	0	.7020827	.2859594	.01195795	0
897.15	0	.7019262	.2859327	.01214103	0
896.15	0	.7017728	.285905	.01232219	0
895.15	0	.7016224	.2858762	.01250141	0
894.15	0	.7014748	.2858466	.01267866	0
893.15	0	.7013299	.2858162	.01285391	0
892.15	0	.7011877	.2857851	.01302715	0
891.15	0	.7010481	.2857535	.01319835	0
890.15	0	.700911	.2857215	.01336747	0
889.15	0	.7007762	.2856893	.0135345	0
888.15	0	.7006437	.2856569	.01369939	0
887.15	0	.7005133	.2856245	.01386213	0
886.15	0	.700385	.2855923	.01402269	0
885.15	0	.7002586	.2855604	.01418102	0
884.15	0	.7001339	.285529	.01433711	0
883.15	0	.7000109	.2854982	.01449091	0
882.15	0	.6998894	.2854682	.0146424	0
881.15	0	.6997694	.2854391	.01479153	0
880.15	0	.6996505	.2854112	.01493827	0
879.15	0	.6995328	.2853846	.01508258	0
878.15	0	.699416	.2853596	.01522442	0
877.15	0	.6993	.2853362	.01536376	0
876.15	0	.6991846	.2853148	.01550055	0
875.15	0	.6990697	.2852956	.01563474	0
874.15	0	.6989551	.2852787	.01576629	0
873.15	0	.6988405	.2852643	.01589515	0
872.15	0	.6987259	.2852529	.01602128	0
871.15	0	.6986109	.2852445	.01614462	0
870.15	0	.6984954	.2852394	.01626512	0
869.15	0	.6983793	.285238	.01638272	0
868.15	0	.6982622	.2852405	.01649736	0
867.15	0	.6981439	.2852472	.01660899	0
866.15	0	.6980241	.2852583	.01671754	0
865.15	0	.6979027	.2852743	.01682295	0
864.15	0	.6977794	.2852955	.01692514	0
863.15	0	.6976539	.2853221	.01702404	0
862.15	0	.6975258	.2853547	.01711957	0
861.15	0	.6973949	.2853935	.01721166	0
860.15	0	.6972609	.2854389	.01730021	0
859.15	0	.6971234	.2854915	.01738515	0
858.15	0	.696982	.2855516	.01746637	0
857.15	0	.6968365	.2856198	.01754377	0
856.15	0	.6966863	.2856964	.01761725	0
855.15	0	.6965312	.2857822	.01768669	0
854.15	0	.6963705	.2858775	.01775199	0
853.15	0	.696204	.285983	.017813	0
852.15	0	.696031	.2860994	.01786959	0
851.15	0	.695851	.2862274	.01792162	0
850.15	0	.6956636	.2863675	.01796894	0
849.15	0	.695468	.2865207	.01801137	0
848.15	0	.6952636	.2866877	.01804875	0
847.15	0	.6950498	.2868694	.01808087	0
846.15	0	.6948257	.2870668	.01810754	0
845.15	0	.6944442	.287455	.01810085	0
844.15	0	.6937352	.2882382	.01802661	0
843.15	0	.6930821	.2889615	.01795642	0
842.15	0	.6924807	.2896294	.01788988	0
841.15	0	.6919273	.2902461	.01782665	0
840.15	0	.6914183	.2908152	.01776642	0
839.15	0	.6909508	.2913403	.01770891	0
838.15	0	.6905219	.2918243	.01765388	0
837.15	0	.6901289	.29227	.01760111	0
836.15	0	.6897694	.2926802	.0175504	0
835.15	0	.6894413	.2930571	.01750156	0
834.15	0	.6891426	.293403	.01745444	0
833.15	0	.6888712	.2937199	.0174089	0
832.15	0	.6886255	.2940097	.0173648	0
831.15	0	.6884039	.2942741	.01732201	0
830.15	0	.6882049	.2945147	.01728043	0
829.15	0	.688027	.2947331	.01723997	0
828.15	0	.6878689	.2949306	.01720051	0
827.15	0	.6877294	.2951086	.017162	0
826.15	0	.6876074	.2952683	.01712434	0
825.15	0	.6875018	.2954107	.01708746	0
824.15	0	.6874116	.2955371	.01705131	0
823.15	0	.6873358	.2956484	.01701582	0
822.15	0	.6872735	.2957456	.01698093	0
821.15	0	.687224	.2958294	.0169466	0
820.15	0	.6871864	.2959008	.01691278	0
819.15	0	.68716	.2959606	.01687943	0
818.15	0	.6871441	.2960094	.0168465	0
817.15	0	.687138	.296048	.01681397	0
816.15	0	.6871412	.296077	.01678179	0
815.15	0	.687153	.296097	.01674994	0
814.15	0	.687173	.2961087	.01671838	0
813.15	0	.6872005	.2961124	.01668709	0
812.15	0	.6872351	.2961089	.01665605	0
811.15	0	.6872763	.2960985	.01662522	0
810.15	0	.6873238	.2960817	.0165946	0
809.15	0	.687377	.2960589	.01656415	0
808.15	0	.6874356	.2960306	.01653386	0
807.15	0	.6874992	.2959971	.01650371	0
806.15	0	.6875675	.2959588	.0164737	0
805.15	0	.6876401	.2959161	.01644379	0
804.15	0	.6877168	.2958692	.01641398	0
803.15	0	.6877972	.2958185	.01638425	0
802.15	0	.6878811	.2957643	.0163546	0
801.15	0	.6879681	.2957069	.01632501	0
800.15	0	.6880581	.2956464	.01629546	0
799.15	0	.6881508	.2955832	.01626596	0
798.15	0	.688246	.2955175	.01623649	0
797.15	0	.6883435	.2954495	.01620704	0
796.15	0	.688443	.2953794	.0161776	0
795.15	0	.6885444	.2953074	.01614817	0
794.15	0	.6886475	.2952337	.01611875	0
793.15	0	.6887522	.2951585	.01608931	0
792.15	0	.6888582	.295082	.01605986	0
791.15	0	.6889654	.2950042	.01603039	0
790.15	0	.6890737	.2949254	.0160009	0
789.15	0	.689183	.2948456	.01597138	0
788.15	0	.6892931	.2947651	.01594182	0
787.15	0	.6894038	.2946839	.01591223	0
786.15	0	.6895152	.2946022	.0158826	0
785.15	0	.689627	.2945201	.01585292	0
784.15	0	.6897392	.2944377	.01582319	0
783.15	0	.6898516	.294355	.0157934	0
782.15	0	.6899642	.2942722	.01576356	0
781.15	0	.690077	.2941894	.01573366	0
780.15	0	.6901897	.2941066	.0157037	0
779.15	0	.6903024	.2940239	.01567368	0
778.15	0	.690415	.2939415	.01564359	0
777.15	0	.6905273	.2938593	.01561343	0
776.15	0	.6906394	.2937774	.0155832	0
775.15	0	.6907512	.2936959	.0155529	0
774.15	0	.6908626	.2936149	.01552252	0
773.15	0	.6909735	.2935344	.01549206	0
772.15	0	.691084	.2934545	.01546153	0
771.15	0	.691194	.2933751	.01543092	0
770.15	0	.6913034	.2932964	.01540023	0
769.15	0	.6914121	.2932184	.01536946	0
768.15	0	.6915203	.2931411	.01533861	0
767.15	0	.6916277	.2930646	.01530767	0
766.15	0	.6917345	.2929889	.01527665	0
765.15	0	.6918404	.292914	.01524554	0
764.15	0	.6919457	.29284	.01521435	0
763.15	0	.6920501	.2927669	.01518307	0
762.15	0	.6921536	.2926947	.0151517	0
761.15	0	.6922564	.2926234	.01512024	0
760.15	0	.6923582	.2925531	.0150887	0
759.15	0	.6924592	.2924837	.01505706	0
758.15	0	.6925593	.2924154	.01502534	0
757.15	0	.6926584	.2923481	.01499353	0
756.15	0	.6927566	.2922818	.01496163	0
755.15	0	.6928539	.2922165	.01492963	0
754.15	0	.6929502	.2921523	.01489755	0
753.15	0	.6930455	.2920892	.01486538	0
752.15	0	.6931398	.2920271	.01483311	0
751.15	0	.6932331	.2919661	.01480076	0
750.15	0	.6933254	.2919063	.01476831	0
749.15	0	.6934167	.2918475	.01473577	0
748.15	0	.693507	.2917898	.01470315	0
747.15	0	.6935963	.2917333	.01467043	0
746.15	0	.6936846	.2916778	.01463762	0
745.15	0	.6937718	.2916235	.01460472	0
744.15	0	.6938579	.2915703	.01457173	0
743.15	0	.6939431	.2915183	.01453866	0
742.15	0	.6940272	.2914673	.01450549	0
741.15	0	.6941103	.2914175	.01447223	0
740.15	0	.6941923	.2913689	.01443888	0
739.15	0	.6942733	.2913213	.01440545	0
738.15	0	.6943532	.2912749	.01437192	0
737.15	0	.6944349	.2912275	.01433754	0
736.15	0	.6945126	.2911835	.0143039	0
735.15	0	.6945892	.2911406	.01427017	0
734.15	0	.6946648	.2910988	.01423634	0
733.15	0	.6947394	.2910582	.01420243	0
732.15	0	.694813	.2910186	.01416843	0
731.15	0	.6948856	.2909801	.01413433	0
730.15	0	.6949572	.2909427	.01410015	0
729.15	0	.6950277	.2909064	.01406589	0
728.15	0	.6950973	.2908712	.01403153	0
727.15	0	.6951658	.2908371	.01399709	0
726.15	0	.6952334	.290804	.01396257	0
725.15	0	.6953	.290772	.01392796	0
724.15	0	.6953656	.2907411	.01389326	0
723.15	0	.6954303	.2907113	.01385848	0
722.15	0	.6954939	.2906825	.01382362	0
721.15	0	.6955566	.2906547	.01378868	0
720.15	0	.6956184	.290628	.01375366	0
719.15	0	.6956791	.2906023	.01371855	0
718.15	0	.695739	.2905777	.01368337	0
717.15	0	.6957979	.2905541	.0136481	0
716.15	0	.6958558	.2905314	.01361276	0
715.15	0	.6959128	.2905098	.01357734	0
714.15	0	.6959689	.2904892	.01354185	0
713.15	0	.6960241	.2904696	.01350627	0
712.15	0	.6960784	.290451	.01347063	0
711.15	0	.6961318	.2904333	.01343491	0
710.15	0	.6961842	.2904167	.01339911	0
709.15	0	.6962358	.290401	.01336324	0
708.15	0	.6962865	.2903862	.0133273	0
707.15	0	.6963363	.2903724	.01329129	0
706.15	0	.6963853	.2903595	.0132552	0
705.15	0	.6964334	.2903476	.01321905	0
704.15	0	.6964806	.2903366	.01318283	0
703.15	0	.696527	.2903265	.01314654	0
702.15	0	.6965726	.2903173	.01311018	0
701.15	0	.6966173	.290309	.01307376	0
700.15	0	.6966612	.2903016	.01303727	0
699.15	0	.6967043	.290295	.01300071	0
698.15	0	.6967465	.2902894	.01296409	0
697.15	0	.696788	.2902846	.01292741	0
696.15	0	.6968286	.2902807	.01289066	0
695.15	0	.6968685	.2902776	.01285386	0
694.15	0	.6969076	.2902754	.01281699	0
693.15	0	.6969459	.290274	.01278006	0
692.15	0	.6969835	.2902734	.01274308	0
691.15	0	.6970203	.2902737	.01270603	0
690.15	0	.6970563	.2902747	.01266893	0
689.15	0	.6970916	.2902766	.01263177	0
688.15	0	.6971262	.2902792	.01259456	0
687.15	0	.69716	.2902827	.01255729	0
686.15	0	.6971931	.2902869	.01251996	0
685.15	0	.6972255	.2902919	.01248259	0
684.15	0	.6972572	.2902976	.01244516	0
683.15	0	.6972882	.2903041	.01240768	0
682.15	0	.6973185	.2903114	.01237015	0
681.15	0	.6973481	.2903194	.01233257	0
680.15	0	.697377	.2903281	.01229494	0
679.15	0	.6974052	.2903375	.01225726	0
678.15	0	.6974328	.2903477	.01221954	0
677.15	0	.6974597	.2903585	.01218177	0
676.15	0	.697486	.2903701	.01214395	0
675.15	0	.6975116	.2903823	.01210609	0
674.15	0	.6975366	.2903952	.01206819	0
673.15	0	.697561	.2904088	.01203024	0
672.15	0	.6975847	.2904231	.01199225	0
671.15	0	.6976078	.290438	.01195423	0
670.15	0	.6976303	.2904536	.01191616	0
669.15	0	.6976522	.2904698	.01187805	0
668.15	0	.6976734	.2904867	.0118399	0
667.15	0	.6976941	.2905042	.01180172	0
666.15	0	.6977142	.2905223	.01176349	0
665.15	0	.6977338	.290541	.01172524	0
664.15	0	.6977527	.2905603	.01168695	0
663.15	0	.6977711	.2905803	.01164862	0
662.15	0	.6977889	.2906008	.01161026	0
661.15	0	.6978062	.2906219	.01157187	0
660.15	0	.6978229	.2906436	.01153345	0
659.15	0	.6978391	.2906659	.011495	0
658.15	0	.6978548	.2906887	.01145652	0
657.15	0	.6978699	.2907121	.01141801	0
656.15	0	.6978845	.2907361	.01137947	0
655.15	0	.6978985	.2907606	.0113409	0
654.15	0	.6979121	.2907856	.01130231	0
653.15	0	.6979252	.2908112	.0112637	0
652.15	0	.6979377	.2908372	.01122505	0
651.15	0	.6979498	.2908638	.01118639	0
650.15	0	.6979613	.290891	.01114771	0
649.15	0	.6979724	.2909186	.011109	0
648.15	0	.697983	.2909467	.01107027	0
647.15	0	.6979932	.2909753	.01103152	0
646.15	0	.6980028	.2910044	.01099276	0
645.15	0	.698012	.291034	.01095397	0
644.15	0	.6980208	.2910641	.01091517	0
643.15	0	.6980291	.2910946	.01087635	0
642.15	0	.6980369	.2911256	.01083752	0
641.15	0	.6980443	.291157	.01079867	0
640.15	0	.6980513	.2911889	.01075981	0
639.15	0	.6980579	.2912212	.01072094	0
638.15	0	.698064	.291254	.01068205	0
637.15	0	.6980697	.2912872	.01064315	0
636.15	0	.698075	.2913208	.01060425	0
635.15	0	.6980799	.2913548	.01056533	0
634.15	0	.6980843	.2913893	.01052641	0
633.15	0	.6980884	.2914241	.01048748	0
632.15	0	.6980921	.2914594	.01044854	0
631.15	0	.6980954	.291495	.0104096	0
630.15	0	.6980983	.2915311	.01037065	0
629.15	0	.6981008	.2915675	.0103317	0
628.15	0	.698103	.2916043	.01029275	0
627.15	0	.6981048	.2916415	.01025379	0
626.15	0	.6981062	.291679	.01021483	0
625.15	0	.6981072	.2917169	.01017587	0
624.15	0	.6981079	.2917552	.01013692	0
623.15	0	.6981083	.2917938	.01009796	0
622.15	0	.6981082	.2918328	.01005901	0
621.15	0	.6981079	.291872	.01002006	0
620.15	0	.6981072	.2919117	.009981115	0
619.15	0	.6981062	.2919517	.009942174	0
618.15	0	.6981048	.2919919	.00990324	0
617.15	0	.6981031	.2920325	.009864313	0
616.15	0	.6981011	.2920735	.009825394	0
615.15	0	.6980988	.2921147	.009786483	0
614.15	0	.6980962	.2921562	.009747582	0
613.15	0	.6980932	.2921981	.009708691	0
612.15	0	.69809	.2922402	.009669811	0
611.15	0	.6980864	.2922826	.009630943	0
610.15	0	.6980826	.2923253	.009592089	0
609.15	0	.6980784	.2923683	.009553248	0
608.15	0	.698074	.2924116	.009514423	0
607.15	0	.6980693	.2924551	.009475612	0
606.15	0	.6980643	.2924989	.009436819	0
605.15	0	.698059	.292543	.009398043	0
604.15	0	.6980534	.2925873	.009359285	0
603.15	0	.6980476	.2926318	.009320546	0
602.15	0	.6980415	.2926767	.009281827	0
601.15	0	.6980352	.2927217	.009243129	0
600.15	0	.6980285	.292767	.009204453	0
599.15	0	.6980217	.2928125	.0091658	0
598.15	0	.6980145	.2928583	.00912717	0
597.15	0	.6980072	.2929043	.009088565	0
596.15	0	.6979995	.2929505	.009049985	0
595.15	0	.6979917	.2929969	.009011431	0
594.15	0	.6979836	.2930435	.008972903	0
593.15	0	.6979752	.2930904	.008934404	0
592.15	0	.6979667	.2931374	.008895934	0
591.15	0	.6979579	.2931846	.008857493	0
590.15	0	.6979488	.2932321	.008819083	0
589.15	0	.6979396	.2932797	.008780704	0
588.15	0	.6979301	.2933275	.008742357	0
587.15	0	.6979205	.2933755	.008704043	0
586.15	0	.6979106	.2934237	.008665763	0
585.15	0	.6979005	.293472	.008627517	0
584.15	0	.6978902	.2935205	.008589308	0
583.15	0	.6978796	.2935692	.008551135	0
582.15	0	.697869	.2936181	.008512999	0
581.15	0	.6978581	.293667	.008474901	0
580.15	0	.697847	.2937162	.008436843	0
579.15	0	.6978357	.2937655	.008398824	0
578.15	0	.6978242	.293815	.008360846	0
577.15	0	.6978125	.2938646	.00832291	0
576.15	0	.6978007	.2939143	.008285016	0
575.15	0	.6977887	.2939642	.008247165	0
574.15	0	.6977765	.2940142	.008209359	0
573.15	0	.6977641	.2940643	.008171597	0
572.15	0	.6977516	.2941145	.008133881	0
571.15	0	.6977389	.2941649	.008096212	0
570.15	0	.697726	.2942154	.008058591	0
569.15	0	.697713	.294266	.008021018	0
568.15	0	.6976998	.2943167	.007983494	0
567.15	0	.6976864	.2943675	.00794602	0
566.15	0	.697673	.2944184	.007908597	0
565.15	0	.6976593	.2944695	.007871225	0
564.15	0	.6976455	.2945206	.007833906	0
563.15	0	.6976316	.2945718	.00779664	0
562.15	0	.6976175	.2946231	.007759429	0
561.15	0	.6976033	.2946745	.007722273	0
560.15	0	.6975889	.2947259	.007685172	0
559.15	0	.6975744	.2947775	.007648128	0
558.15	0	.6975598	.2948291	.007611142	0
557.15	0	.697545	.2948808	.007574214	0
556.15	0	.6975301	.2949325	.007537345	0
555.15	0	.6975151	.2949844	.007500536	0
554.15	0	.6975	.2950362	.007463788	0
553.15	0	.6974847	.2950882	.007427101	0
552.15	0	.6974693	.2951402	.007390477	0
551.15	0	.6974539	.2951922	.007353916	0
550.15	0	.6974383	.2952443	.007317419	0
549.15	0	.6974225	.2952965	.007280987	0
548.15	0	.6974067	.2953487	.00724462	0
547.15	0	.6973908	.2954009	.00720832	0
546.15	0	.6973748	.2954531	.007172087	0
545.15	0	.6973586	.2955055	.007135923	0
544.15	0	.6973424	.2955578	.007099827	0
543.15	0	.6973261	.2956101	.007063801	0
542.15	0	.6973096	.2956625	.007027845	0
541.15	0	.6972931	.2957149	.00699196	0
540.15	0	.6972765	.2957673	.006956148	0
539.15	0	.6972598	.2958198	.006920408	0
538.15	0	.697243	.2958722	.006884742	0
537.15	0	.6972262	.2959247	.006849151	0
536.15	0	.6972092	.2959772	.006813634	0
535.15	0	.6971922	.2960296	.006778194	0
534.15	0	.6971751	.2960821	.00674283	0
533.15	0	.6971579	.2961346	.006707544	0
532.15	0	.6971406	.2961871	.006672336	0
531.15	0	.6971233	.2962395	.006637207	0
530.15	0	.6971059	.296292	.006602159	0
529.15	0	.6970884	.2963444	.00656719	0
528.15	0	.6970709	.2963968	.006532304	0
527.15	0	.6970532	.2964493	.006497499	0
526.15	0	.6970356	.2965017	.006462777	0
525.15	0	.6970179	.296554	.006428139	0
524.15	0	.6970001	.2966063	.006393586	0
523.15	0	.6969822	.2966587	.006359118	0
522.15	0	.6969643	.2967109	.006324735	0
521.15	0	.6969464	.2967632	.00629044	0
520.15	0	.6969284	.2968154	.006256232	0
519.15	0	.6969103	.2968676	.006222112	0
518.15	0	.6968922	.2969197	.006188081	0
517.15	0	.6968741	.2969718	.00615414	0
516.15	0	.6968559	.2970238	.006120289	0
515.15	0	.6968376	.2970758	.006086529	0
514.15	0	.6968194	.2971278	.006052862	0
513.15	0	.6968011	.2971797	.006019287	0
512.15	0	.6967827	.2972315	.005985805	0
511.15	0	.6967643	.2972833	.005952418	0
510.15	0	.6967459	.297335	.005919125	0
509.15	0	.6967274	.2973866	.005885928	0
508.15	0	.6967089	.2974382	.005852828	0
507.15	0	.6966904	.2974897	.005819824	0
506.15	0	.6966719	.2975412	.005786918	0
505.15	0	.6966533	.2975926	.005754111	0
504.15	0	.6966347	.2976439	.005721402	0
503.15	0	.6966161	.2976951	.005688794	0
502.15	0	.6965975	.2977463	.005656286	0
501.15	0	.6965788	.2977973	.005623879	0
500.15	0	.6965601	.2978483	.005591574	0
499.15	0	.6965414	.2978992	.005559372	0
498.15	0	.6965227	.29795	.005527273	0
497.15	0	.696504	.2980007	.005495279	0
496.15	0	.6964853	.2980513	.005463389	0
495.15	0	.6964665	.2981019	.005431604	0
494.15	0	.6964478	.2981523	.005399926	0
493.15	0	.696429	.2982026	.005368354	0
492.15	0	.6964104	.2982529	.005336734	0
491.15	0	.6963916	.298303	.005305375	0
490.15	0	.6963729	.298353	.005274124	0
489.15	0	.6963541	.2984029	.005242983	0
488.15	0	.6963353	.2984528	.005211952	0
487.15	0	.6963165	.2985025	.005181032	0
486.15	0	.6962977	.298552	.005150224	0
485.15	0	.696279	.2986015	.005119527	0
484.15	0	.6962602	.2986509	.005088943	0
483.15	0	.6962414	.2987001	.005058472	0
482.15	0	.6962227	.2987492	.005028115	0
481.3622	0	.6962079	.2987878	.00500428	0
481.3622	0	.6962079	.2987878	.00500428	0
481.3622	0	.6962079	.2987878	.00500428	0
481.15	0	.6962725	.2986428	.00492762	1.570299E-04
480.15	0	.6965763	.2979607	.004566929	8.96033E-04
479.15	0	.6968788	.2972807	.004207221	.001633297
478.15	0	.6971797	.2966029	.003848488	.002368838
477.15	0	.6974793	.2959273	.003490723	.00310267
476.15	0	.6977776	.2952537	.003133919	.003834809
475.15	0	.6980744	.2945822	.002778069	.004565271
474.15	0	.69837	.2939128	.002423166	.005294069
473.15	0	.6986642	.2932454	.002069204	.00602122
472.15	0	.6989572	.2925799	.001716175	.006746736
471.15	0	.6992488	.2919165	.001364074	.007470633
470.15	0	.6995392	.291255	.001012892	.008192926
469.15	0	.6998284	.2905953	6.626252E-04	.008913628
468.15	0	.7001164	.2899376	3.132656E-04	.009632753
467.2511	0	.7003742	.289348	0	.01027783
467.2511	0	.7003742	.289348	0	.01027783
467.15	0	.7003758	.2893167	0	.01030754
466.15	0	.7003919	.2890073	0	.01060088
465.15	0	.7004075	.2886992	0	.01089332
464.15	0	.7004228	.2883923	0	.01118489
463.15	0	.7004377	.2880868	0	.01147558
462.15	0	.7004522	.2877824	0	.0117654
461.15	0	.7004664	.2874793	0	.01205437
460.15	0	.7004801	.2871774	0	.01234249
459.15	0	.7004936	.2868767	0	.01262976
458.15	0	.7005067	.2865771	0	.0129162
457.15	0	.7005194	.2862788	0	.01320181
456.15	0	.7005318	.2859816	0	.0134866
455.15	0	.7005439	.2856855	0	.01377058
454.15	0	.7005557	.2853906	0	.01405375
453.15	0	.7005671	.2850968	0	.01433613
452.15	0	.7005782	.2848041	0	.01461771
451.15	0	.700589	.2845125	0	.01489852
450.15	0	.7005995	.284222	0	.01517854
449.15	0	.7006097	.2839324	0	.01545783
448.15	0	.7006197	.2836439	0	.01573636
447.15	0	.7006294	.2833565	0	.01601414
446.15	0	.7006388	.28307	0	.01629119
445.15	0	.700648	.2827845	0	.0165675
444.15	0	.7006569	.2825	0	.01684309
443.15	0	.7006656	.2822165	0	.01711797
442.15	0	.700674	.2819338	0	.01739215
441.15	0	.7006822	.2816521	0	.01766563
440.15	0	.7006902	.2813713	0	.01793843
439.15	0	.7006981	.2810914	0	.01821056
438.15	0	.7007057	.2808123	0	.01848202
437.15	0	.7007131	.2805341	0	.01875282
436.15	0	.7007204	.2802567	0	.01902297
435.15	0	.7007275	.27998	0	.01929247
434.15	0	.7007344	.2797042	0	.01956135
433.15	0	.7007412	.2794292	0	.01982959
432.15	0	.7007478	.279155	0	.02009722
431.15	0	.7007543	.2788814	0	.02036424
430.15	0	.7007607	.2786086	0	.02063066
429.15	0	.700767	.2783366	0	.02089647
428.15	0	.7007731	.2780652	0	.0211617
427.15	0	.7007791	.2777945	0	.02142635
426.15	0	.7007851	.2775245	0	.02169042
425.15	0	.7007909	.2772552	0	.02195393
424.15	0	.7007966	.2769865	0	.02221687
423.15	0	.7008023	.2767184	0	.02247926
422.15	0	.7008079	.276451	0	.0227411
421.15	0	.7008134	.2761842	0	.0230024
420.15	0	.7008188	.275918	0	.02326316
419.15	0	.7008242	.2756524	0	.0235234
418.15	0	.7008296	.2753873	0	.02378311
417.15	0	.7008348	.2751228	0	.0240423
416.15	0	.7008401	.2748589	0	.02430099
415.15	0	.7008453	.2745956	0	.02455916
414.15	0	.7008504	.2743327	0	.02481683
413.15	0	.7008556	.2740704	0	.02507401
412.15	0	.7008607	.2738086	0	.02533071
411.15	0	.7008658	.2735473	0	.02558691
410.15	0	.7008708	.2732865	0	.02584264
409.15	0	.7008759	.2730262	0	.02609789
408.15	0	.7008809	.2727664	0	.02635267
407.15	0	.700886	.272507	0	.02660699
406.15	0	.700891	.2722481	0	.02686085
405.15	0	.7008961	.2719897	0	.02711426
404.15	0	.7009011	.2717317	0	.02736721
403.15	0	.7009062	.2714741	0	.02761972
402.15	0	.7009112	.271217	0	.02787178
401.15	0	.7009163	.2709603	0	.02812341
400.15	0	.7009214	.270704	0	.02837461
399.15	0	.7009265	.2704481	0	.02862538
398.15	0	.7009317	.2701926	0	.02887572
397.15	0	.7009368	.2699375	0	.02912564
396.15	0	.700942	.2696828	0	.02937515
395.15	0	.7009473	.2694285	0	.02962424
394.15	0	.7009525	.2691745	0	.02987292
393.15	0	.7009578	.2689209	0	.0301212
392.15	0	.7009632	.2686677	0	.03036908
391.15	0	.7009686	.2684149	0	.03061655
390.15	0	.700974	.2681624	0	.03086363
389.15	0	.7009795	.2679102	0	.03111032
388.15	0	.700985	.2676584	0	.03135662
387.15	0	.7009906	.2674069	0	.03160254
386.15	0	.7009962	.2671557	0	.03184807
385.15	0	.7010019	.2669049	0	.03209323
384.15	0	.7010076	.2666544	0	.03233801
383.15	0	.7010134	.2664042	0	.03258242
382.15	0	.7010192	.2661543	0	.03282645
381.15	0	.7010251	.2659048	0	.03307012
380.15	0	.7010311	.2656555	0	.03331342
379.15	0	.7010371	.2654065	0	.03355637
378.15	0	.7010432	.2651579	0	.03379895
377.15	0	.7010493	.2649095	0	.03404117
376.15	0	.7010556	.2646614	0	.03428305
375.15	0	.7010618	.2644136	0	.03452457
374.15	0	.7010682	.2641661	0	.03476574
373.15	0	.7010746	.2639188	0	.03500656
372.15	0	.7010811	.2636718	0	.03524704
371.15	0	.7010877	.2634251	0	.03548718
370.15	0	.7010943	.2631787	0	.03572698
369.15	0	.701101	.2629326	0	.03596644
368.15	0	.7011078	.2626867	0	.03620556
367.15	0	.7011146	.262441	0	.03644436
366.15	0	.7011215	.2621956	0	.03668281
365.15	0	.7011285	.2619505	0	.03692094
364.15	0	.7011356	.2617056	0	.03715874
363.15	0	.7011428	.261461	0	.03739622
362.15	0	.70115	.2612166	0	.03763337
361.15	0	.7011573	.2609725	0	.0378702
360.15	0	.7011647	.2607286	0	.03810671
359.15	0	.7011721	.260485	0	.0383429
358.15	0	.7011797	.2602416	0	.03857878
357.15	0	.7011873	.2599984	0	.03881433
356.15	0	.701195	.2597555	0	.03904958
355.15	0	.7012027	.2595127	0	.03928451
354.15	0	.7012106	.2592703	0	.03951913
353.15	0	.7012185	.259028	0	.03975345
352.15	0	.7012265	.258786	0	.03998745
351.15	0	.7012346	.2585442	0	.04022115
350.15	0	.7012428	.2583027	0	.04045454
349.15	0	.701251	.2580613	0	.04068763
348.15	0	.7012594	.2578202	0	.04092042
347.15	0	.7012678	.2575793	0	.04115291
346.15	0	.7012762	.2573387	0	.04138509
345.15	0	.7012848	.2570982	0	.04161698
344.15	0	.7012935	.256858	0	.04184857
343.15	0	.7013022	.256618	0	.04207987
342.15	0	.701311	.2563782	0	.04231087
341.15	0	.7013199	.2561386	0	.04254158
340.15	0	.7013288	.2558992	0	.04277199
339.15	0	.7013379	.25566	0	.04300211
338.15	0	.701347	.2554211	0	.04323194
337.15	0	.7013562	.2551823	0	.04346149
336.15	0	.7013655	.2549438	0	.04369074
335.15	0	.7013748	.2547055	0	.0439197
334.15	0	.7013842	.2544674	0	.04414838
333.15	0	.7013938	.2542295	0	.04437677
332.15	0	.7014033	.2539918	0	.04460488
331.15	0	.701413	.2537543	0	.0448327
330.15	0	.7014227	.253517	0	.04506024
329.15	0	.7014326	.2532799	0	.0452875
328.15	0	.7014425	.2530431	0	.04551448
327.15	0	.7014524	.2528064	0	.04574117
326.15	0	.7014625	.2525699	0	.04596759
325.15	0	.7014726	.2523337	0	.04619372
324.15	0	.7014828	.2520976	0	.04641958
323.15	0	.7014931	.2518617	0	.04664516
322.15	0	.7015035	.2516261	0	.04687046
321.15	0	.7015139	.2513906	0	.04709548
320.15	0	.7015244	.2511554	0	.04732023
319.15	0	.701535	.2509204	0	.0475447
318.15	0	.7015456	.2506855	0	.0477689
317.15	0	.7015563	.2504509	0	.04799282
316.15	0	.7015671	.2502164	0	.04821647
315.15	0	.701578	.2499822	0	.04843985
314.15	0	.7015889	.2497481	0	.04866296
313.15	0	.7015999	.2495143	0	.04888579
312.15	0	.701611	.2492806	0	.04910835
311.15	0	.7016222	.2490472	0	.04933064
310.15	0	.7016334	.2488139	0	.04955266
309.15	0	.7016447	.2485809	0	.04977441
308.15	0	.7016561	.2483481	0	.04999589
307.15	0	.7016675	.2481154	0	.0502171
306.15	0	.701679	.247883	0	.05043804
305.15	0	.7016906	.2476507	0	.05065872
304.15	0	.7017022	.2474187	0	.05087912
303.15	0	.7017139	.2471868	0	.05109926
302.15	0	.7017257	.2469552	0	.05131913
