T	 BPW(LIQUID)	BPW(BCC_A2)	BPW(FCC_A1)	BPW(LAVES_PHASE_C14)	BPW(NI3TI)
1473.15	.4654136	.3559698	0	.1786166	0
1472.15	.4585976	.3605535	0	.1808489	0
1471.15	.4519067	.3650498	0	.1830435	0
1470.15	.4453375	.3694609	0	.1852016	0
1469.15	.438887	.373789	0	.187324	0
1468.15	.4325519	.3780364	0	.1894117	0
1467.15	.4263293	.382205	0	.1914657	0
1466.15	.4202162	.3862969	0	.1934869	0
1465.15	.4142098	.3903141	0	.1954761	0
1464.15	.4083074	.3942584	0	.1974342	0
1463.15	.4025064	.3981316	0	.199362	0
1462.15	.3968042	.4019356	0	.2012603	0
1461.15	.3911983	.4056719	0	.2031298	0
1460.15	.3856864	.4093424	0	.2049712	0
1459.15	.3802662	.4129485	0	.2067854	0
1458.15	.3749354	.4164918	0	.2085729	0
1457.15	.3696918	.4199738	0	.2103344	0
1456.15	.3645334	.423396	0	.2120706	0
1455.15	.3594581	.4267598	0	.2137821	0
1454.15	.354464	.4300666	0	.2154695	0
1453.15	.3495491	.4333176	0	.2171333	0
1452.15	.3447116	.4365142	0	.2187742	0
1451.15	.3399497	.4396576	0	.2203927	0
1450.15	.3352617	.442749	0	.2219894	0
1449.15	.3306458	.4457896	0	.2235646	0
1448.15	.3261004	.4487805	0	.2251191	0
1447.15	.321624	.4517229	0	.2266531	0
1446.15	.3172149	.4546178	0	.2281673	0
1445.15	.3128717	.4574663	0	.229662	0
1444.15	.3085929	.4602694	0	.2311377	0
1443.15	.3043771	.4630281	0	.2325948	0
1442.15	.300223	.4657432	0	.2340338	0
1441.15	.2961291	.4684159	0	.235455	0
1440.15	.2920941	.4710469	0	.2368589	0
1439.15	.2881169	.4736372	0	.2382459	0
1438.15	.2841962	.4761876	0	.2396162	0
1437.15	.2803308	.4786989	0	.2409703	0
1436.15	.2765194	.481172	0	.2423085	0
1435.15	.2727611	.4836077	0	.2436312	0
1434.15	.2690546	.4860066	0	.2449387	0
1433.15	.265399	.4883697	0	.2462313	0
1432.15	.2617931	.4906975	0	.2475094	0
1431.15	.258236	.4929909	0	.2487731	0
1430.15	.2547266	.4952505	0	.250023	0
1429.15	.251264	.4974769	0	.2512591	0
1428.15	.2478472	.4996709	0	.2524819	0
1427.15	.2444754	.5018331	0	.2536915	0
1426.15	.2411477	.503964	0	.2548883	0
1425.15	.2378631	.5060644	0	.2560725	0
1424.15	.2346208	.5081347	0	.2572444	0
1423.15	.2314201	.5101757	0	.2584042	0
1422.15	.22826	.5121878	0	.2595522	0
1421.15	.2251399	.5141716	0	.2606885	0
1420.15	.2220589	.5161276	0	.2618135	0
1419.15	.2190163	.5180564	0	.2629273	0
1418.15	.2160114	.5199585	0	.2640301	0
1417.15	.2130434	.5218343	0	.2651223	0
1416.15	.2101117	.5236844	0	.2662039	0
1415.15	.2072156	.5255092	0	.2672752	0
1414.15	.2043544	.5273092	0	.2683364	0
1413.15	.2015275	.5290849	0	.2693876	0
1412.15	.1987342	.5308367	0	.2704291	0
1411.15	.195974	.532565	0	.271461	0
1410.15	.1932462	.5342702	0	.2724836	0
1409.15	.1905503	.5359528	0	.2734969	0
1408.15	.1878857	.5376131	0	.2745012	0
1407.15	.1852517	.5392516	0	.2754967	0
1406.15	.182648	.5408687	0	.2764834	0
1405.15	.1800738	.5424646	0	.2774615	0
1404.15	.1775288	.5440399	0	.2784313	0
1403.15	.1750124	.5455948	0	.2793928	0
1402.15	.1725241	.5471297	0	.2803462	0
1401.15	.1700634	.548645	0	.2812917	0
1400.15	.1676298	.5501409	0	.2822293	0
1399.15	.1652229	.5516179	0	.2831593	0
1398.15	.1628422	.5530761	0	.2840817	0
1397.15	.1604873	.5545161	0	.2849967	0
1396.15	.1581577	.555938	0	.2859044	0
1395.15	.155853	.5573421	0	.2868049	0
1394.15	.1535728	.5587288	0	.2876984	0
1393.15	.1513166	.5600983	0	.288585	0
1392.15	.1490842	.561451	0	.2894648	0
1391.15	.146875	.5627871	0	.2903379	0
1390.15	.1446887	.5641069	0	.2912044	0
1389.15	.142525	.5654106	0	.2920645	0
1388.15	.1403833	.5666985	0	.2929182	0
1387.15	.1382635	.5679708	0	.2937656	0
1386.15	.1361652	.5692279	0	.2946069	0
1385.15	.1340879	.5704699	0	.2954422	0
1384.15	.1320314	.5716971	0	.2962715	0
1383.15	.1299953	.5729098	0	.297095	0
1382.15	.1279793	.5741081	0	.2979126	0
1381.15	.1259831	.5752923	0	.2987247	0
1380.15	.1240063	.5764626	0	.2995311	0
1379.15	.1220488	.5776192	0	.3003321	0
1378.15	.1201101	.5787623	0	.3011276	0
1377.15	.1181899	.5798922	0	.3019179	0
1376.15	.1162881	.5810091	0	.3027029	0
1375.15	.1144042	.5821131	0	.3034827	0
1374.15	.1125381	.5832044	0	.3042575	0
1373.15	.1106895	.5842833	0	.3050273	0
1372.15	.108858	.5853499	0	.3057922	0
1371.15	.1070434	.5864044	0	.3065522	0
1370.15	.1052456	.587447	0	.3073075	0
1369.15	.1034641	.5884779	0	.308058	0
1368.15	.1016988	.5894972	0	.3088039	0
1367.15	.09994947	.5905052	0	.3095453	0
1366.15	.09821583	.5915019	0	.3102822	0
1365.15	.09649765	.5924876	0	.3110147	0
1364.15	.0947947	.5934625	0	.3117428	0
1363.15	.09310677	.5944266	0	.3124667	0
1362.15	.09143363	.5953801	0	.3131863	0
1361.15	.08977507	.5963232	0	.3139017	0
1360.15	.08813088	.5972561	0	.314613	0
1359.15	.08650084	.5981789	0	.3153203	0
1358.15	.08488476	.5990916	0	.3160236	0
1357.15	.08328244	.5999946	0	.316723	0
1356.15	.08169367	.6008879	0	.3174185	0
1355.15	.08011826	.6017716	0	.3181101	0
1354.15	.07855603	.602646	0	.318798	0
1353.15	.07700679	.603511	0	.3194822	0
1352.15	.07547035	.6043669	0	.3201627	0
1351.15	.07394654	.6052138	0	.3208396	0
1350.15	.07243518	.6060518	0	.321513	0
1349.15	.07093609	.6068811	0	.3221828	0
1348.15	.0694491	.6077017	0	.3228492	0
1347.15	.06797406	.6085138	0	.3235122	0
1346.15	.06651079	.6093174	0	.3241718	0
1345.15	.06505912	.6101128	0	.3248281	0
1344.15	.06361892	.6109	0	.3254811	0
1343.15	.06219	.6116792	0	.3261308	0
1342.15	.06077223	.6124504	0	.3267774	0
1341.15	.05936545	.6132137	0	.3274208	0
1340.15	.05796951	.6139693	0	.3280612	0
1339.15	.05658427	.6147173	0	.3286984	0
1338.15	.05520958	.6154578	0	.3293327	0
1337.15	.0538453	.6161908	0	.3299639	0
1336.15	.0524913	.6169165	0	.3305922	0
1335.15	.05114743	.617635	0	.3312176	0
1334.15	.04981356	.6183463	0	.3318401	0
1333.15	.04848956	.6190506	0	.3324598	0
1332.15	.04717531	.619748	0	.3330767	0
1331.15	.04587067	.6204385	0	.3336909	0
1330.15	.04457551	.6211222	0	.3343023	0
1329.15	.04328971	.6217993	0	.334911	0
1328.15	.04201316	.6224698	0	.3355171	0
1327.15	.04074573	.6231337	0	.3361205	0
1326.15	.0394873	.6237913	0	.3367214	0
1325.15	.03823776	.6244426	0	.3373197	0
1324.15	.03699699	.6250875	0	.3379155	0
1323.15	.03576488	.6257264	0	.3385088	0
1322.15	.03454133	.6263591	0	.3390996	0
1321.15	.03332621	.6269858	0	.339688	0
1320.15	.03211943	.6276066	0	.3402739	0
1319.15	.03092088	.6282216	0	.3408576	0
1318.15	.02973045	.6288307	0	.3414388	0
1317.15	.02854804	.6294342	0	.3420178	0
1316.15	.02737356	.630032	0	.3425944	0
1315.15	.02620689	.6306243	0	.3431688	0
1314.15	.02504796	.631211	0	.343741	0
1313.15	.02389665	.6317924	0	.344311	0
1312.15	.02275287	.6323684	0	.3448788	0
1311.498	.02201128	.632741	0	.3452477	0
1311.498	.02201128	.632741	0	.3452477	0
1311.498	.02201128	.632741	0	.3452477	0
1311.15	.01994073	.6318915	.00255054	.3456172	0
1310.15	.01399917	.6294855	.009843806	.3466715	0
1309.15	.008066534	.6271301	.01708821	.3477151	0
1308.15	.002142453	.6248248	.02428446	.3487483	0
1307.788	0	.6240025	.02687774	.3491198	0
1307.788	0	.6240025	.02687774	.3491198	0
1307.15	0	.6232063	.02743722	.3493565	0
1306.15	0	.6219612	.02831224	.3497266	0
1305.15	0	.6207195	.02918493	.3500956	0
1304.15	0	.6194812	.03005531	.3504635	0
1303.15	0	.6182462	.03092338	.3508304	0
1302.15	0	.6170146	.03178914	.3511962	0
1301.15	0	.6157864	.0326526	.351561	0
1300.15	0	.6145616	.03351376	.3519247	0
1299.15	0	.6133401	.03437264	.3522873	0
1298.15	0	.6121219	.03522922	.3526489	0
1297.15	0	.610907	.03608352	.3530095	0
1296.15	0	.6096955	.03693554	.353369	0
1295.15	0	.6084873	.03778529	.3537275	0
1294.15	0	.6072823	.03863277	.3540849	0
1293.15	0	.6060807	.03947798	.3544414	0
1292.15	0	.6048823	.04032093	.3547968	0
1291.15	0	.6036872	.04116162	.3551512	0
1290.15	0	.6024954	.04200006	.3555045	0
1289.15	0	.6013068	.04283626	.3558569	0
1288.15	0	.6001215	.0436702	.3562083	0
1287.15	0	.5989394	.04450191	.3565587	0
1286.15	0	.5977606	.04533138	.356908	0
1285.15	0	.596585	.04615862	.3572564	0
1284.15	0	.5954126	.04698363	.3576038	0
1283.15	0	.5942434	.04780642	.3579502	0
1282.15	0	.5930774	.04862699	.3582957	0
1281.15	0	.5919145	.04944534	.3586401	0
1280.15	0	.5907549	.05026148	.3589836	0
1279.15	0	.5895985	.0510754	.3593261	0
1278.15	0	.5884452	.05188713	.3596677	0
1277.15	0	.5872951	.05269665	.3600083	0
1276.15	0	.5861481	.05350398	.3603479	0
1275.15	0	.5850043	.05430911	.3606866	0
1274.15	0	.5838636	.05511205	.3610244	0
1273.15	0	.582726	.0559128	.3613612	0
1272.15	0	.5815916	.05671138	.3616971	0
1271.15	0	.5804603	.05750777	.362032	0
1270.15	0	.579332	.05830199	.362366	0
1269.15	0	.5782069	.05909403	.362699	0
1268.15	0	.5770849	.0598839	.3630312	0
1267.15	0	.575966	.06067161	.3633624	0
1266.15	0	.5748501	.06145716	.3636927	0
1265.15	0	.5737374	.06224055	.3640221	0
1264.15	0	.5726276	.06302178	.3643506	0
1263.15	0	.571521	.06380086	.3646782	0
1262.15	0	.5704174	.06457779	.3650048	0
1261.15	0	.5693168	.06535258	.3653306	0
1260.15	0	.5682193	.06612522	.3656555	0
1259.15	0	.5671248	.06689572	.3659794	0
1258.15	0	.5660334	.06766409	.3663026	0
1257.15	0	.5649449	.06843032	.3666248	0
1256.15	0	.5638595	.06919442	.3669461	0
1255.15	0	.5627771	.06995639	.3672665	0
1254.15	0	.5616976	.07071624	.3675861	0
1253.15	0	.5606212	.07147397	.3679048	0
1252.15	0	.5595478	.07222958	.3682227	0
1251.15	0	.5584773	.07298307	.3685396	0
1250.15	0	.5574098	.07373444	.3688558	0
1249.15	0	.5563453	.07448371	.369171	0
1248.15	0	.5552837	.07523087	.3694854	0
1247.15	0	.5542251	.07597592	.369799	0
1246.15	0	.5531694	.07671888	.3701117	0
1245.15	0	.5521167	.07745973	.3704236	0
1244.15	0	.5510669	.07819848	.3707346	0
1243.15	0	.5500201	.07893514	.3710448	0
1242.15	0	.5489762	.07966971	.3713541	0
1241.15	0	.5479352	.08040218	.3716626	0
1240.15	0	.5468971	.08113257	.3719703	0
1239.15	0	.5458619	.08186087	.3722772	0
1238.15	0	.5448297	.0825871	.3725832	0
1237.15	0	.5438003	.08331124	.3728885	0
1236.15	0	.5427738	.0840333	.3731929	0
1235.15	0	.5417502	.08475329	.3734965	0
1234.15	0	.5407295	.0854712	.3737993	0
1233.15	0	.5397117	.08618705	.3741013	0
1232.15	0	.5386967	.08690082	.3744024	0
1231.15	0	.5376846	.08761252	.3747028	0
1230.15	0	.5366754	.08832217	.3750024	0
1229.15	0	.535669	.08902975	.3753012	0
1228.15	0	.5346655	.08973527	.3755992	0
1227.15	0	.5336648	.09043873	.3758964	0
1226.15	0	.532667	.09114013	.3761929	0
1225.15	0	.531672	.09183948	.3764885	0
1224.15	0	.5306798	.09253677	.3767834	0
1223.15	0	.5296905	.09323202	.3770775	0
1222.15	0	.528704	.09392521	.3773708	0
1221.15	0	.5277203	.09461636	.3776634	0
1220.15	0	.5267394	.09530546	.3779552	0
1219.15	0	.5257613	.09599252	.3782462	0
1218.15	0	.524786	.09667754	.3785365	0
1217.15	0	.5238135	.09736051	.378826	0
1216.15	0	.5228438	.09804145	.3791147	0
1215.15	0	.5218769	.09872035	.3794027	0
1214.15	0	.5209128	.09939721	.37969	0
1213.15	0	.5199515	.100072	.3799765	0
1212.15	0	.5189929	.1007448	.3802622	0
1211.15	0	.5180371	.1014156	.3805473	0
1210.15	0	.5170841	.1020843	.3808315	0
1209.15	0	.5161339	.1027511	.3811151	0
1208.15	0	.5151864	.1034157	.3813979	0
1207.15	0	.5142417	.1040784	.38168	0
1206.15	0	.5132997	.104739	.3819613	0
1205.15	0	.5123604	.1053976	.3822419	0
1204.15	0	.5114239	.1060542	.3825218	0
1203.15	0	.5104902	.1067088	.382801	0
1202.15	0	.5095592	.1073613	.3830795	0
1201.15	0	.5086309	.1080119	.3833572	0
1200.15	0	.5077054	.1086604	.3836343	0
1199.15	0	.5067825	.1093069	.3839106	0
1198.15	0	.5058624	.1099513	.3841862	0
1197.15	0	.5049451	.1105938	.3844612	0
1196.15	0	.5040304	.1112343	.3847354	0
1195.15	0	.5031184	.1118727	.3850089	0
1194.15	0	.5022092	.1125091	.3852817	0
1193.15	0	.5013026	.1131435	.3855538	0
1192.15	0	.5003988	.113776	.3858253	0
1191.15	0	.4994977	.1144063	.386096	0
1190.15	0	.4985992	.1150347	.3863661	0
1189.15	0	.4977035	.1156611	.3866354	0
1188.15	0	.4968104	.1162855	.3869041	0
1187.15	0	.49592	.1169079	.3871721	0
1186.15	0	.4950323	.1175282	.3874395	0
1185.15	0	.4941473	.1181466	.3877061	0
1184.15	0	.493265	.1187629	.3879721	0
1183.15	0	.4923853	.1193773	.3882374	0
1182.15	0	.4915083	.1199897	.388502	0
1181.15	0	.490634	.1206	.388766	0
1180.15	0	.4897623	.1212083	.3890293	0
1179.15	0	.4888933	.1218147	.389292	0
1178.15	0	.488027	.122419	.389554	0
1177.15	0	.4871633	.1230214	.3898153	0
1176.15	0	.4863023	.1236217	.390076	0
1175.15	0	.4854439	.12422	.390336	0
1174.15	0	.4845882	.1248164	.3905954	0
1173.15	0	.4837351	.1254107	.3908541	0
1172.15	0	.4828847	.1260031	.3911122	0
1171.15	0	.4820369	.1265934	.3913697	0
1170.15	0	.4811918	.1271817	.3916265	0
1169.15	0	.4803493	.1277681	.3918826	0
1168.15	0	.4795094	.1283524	.3921382	0
1167.15	0	.4786722	.1289347	.3923931	0
1166.15	0	.4778376	.1295151	.3926473	0
1165.15	0	.4770057	.1300934	.3929009	0
1164.15	0	.4761763	.1306698	.3931539	0
1163.15	0	.4753496	.1312441	.3934063	0
1162.15	0	.4745255	.1318164	.393658	0
1161.15	0	.4737041	.1323868	.3939092	0
1160.15	0	.4728852	.1329551	.3941597	0
1159.15	0	.472069	.1335214	.3944096	0
1158.15	0	.4712554	.1340858	.3946588	0
1157.15	0	.4704444	.1346481	.3949075	0
1156.15	0	.4696361	.1352084	.3951555	0
1155.15	0	.4688303	.1357667	.395403	0
1154.15	0	.4680271	.1363231	.3956498	0
1153.15	0	.4672266	.1368774	.395896	0
1152.15	0	.4664287	.1374297	.3961416	0
1151.15	0	.4656334	.13798	.3963866	0
1150.15	0	.4648407	.1385283	.396631	0
1149.15	0	.4640506	.1390746	.3968748	0
1148.15	0	.4632631	.1396189	.3971181	0
1147.15	0	.4624782	.1401612	.3973607	0
1146.15	0	.4616959	.1407015	.3976027	0
1145.15	0	.4609162	.1412397	.3978441	0
1144.15	0	.4601391	.141776	.398085	0
1143.15	0	.4593646	.1423102	.3983252	0
1142.15	0	.4585927	.1428425	.3985649	0
1141.15	0	.4578234	.1433727	.398804	0
1140.15	0	.4570567	.1439009	.3990425	0
1139.15	0	.4562926	.1444271	.3992804	0
1138.15	0	.455531	.1449513	.3995177	0
1137.15	0	.4547721	.1454734	.3997545	0
1136.15	0	.4540158	.1459936	.3999907	0
1135.15	0	.453262	.1465117	.4002263	0
1134.15	0	.4525109	.1470278	.4004613	0
1133.15	0	.4517623	.1475419	.4006958	0
1132.15	0	.4510164	.148054	.4009297	0
1131.15	0	.450273	.148564	.401163	0
1130.15	0	.4495322	.149072	.4013958	0
1129.15	0	.448794	.149578	.401628	0
1128.15	0	.4480584	.150082	.4018596	0
1127.15	0	.4473254	.1505839	.4020907	0
1126.15	0	.446595	.1510838	.4023212	0
1125.15	0	.4458672	.1515817	.4025512	0
1124.15	0	.4451419	.1520775	.4027806	0
1123.15	0	.4444192	.1525713	.4030094	0
1122.15	0	.4436992	.1530631	.4032377	0
1121.15	0	.4429817	.1535528	.4034655	0
1120.15	0	.4422668	.1540405	.4036926	0
1119.15	0	.4415545	.1545262	.4039193	0
1118.15	0	.4408448	.1550098	.4041454	0
1117.15	0	.4401377	.1554914	.404371	0
1116.15	0	.4394332	.1559709	.404596	0
1115.15	0	.4387312	.1564483	.4048204	0
1114.15	0	.4380319	.1569238	.4050443	0
1113.15	0	.4373352	.1573971	.4052677	0
1112.15	0	.436641	.1578684	.4054906	0
1111.15	0	.4359494	.1583377	.4057129	0
1110.15	0	.4352605	.1588049	.4059347	0
1109.15	0	.4345741	.15927	.4061559	0
1108.15	0	.4338903	.1597331	.4063766	0
1107.15	0	.4332091	.1601941	.4065968	0
1106.15	0	.4325305	.1606531	.4068164	0
1105.15	0	.4318545	.1611099	.4070355	0
1104.15	0	.4311811	.1615648	.4072541	0
1103.15	0	.4305104	.1620175	.4074722	0
1102.15	0	.4298422	.1624681	.4076897	0
1101.15	0	.4291766	.1629167	.4079067	0
1100.15	0	.4285136	.1633632	.4081232	0
1099.15	0	.4278532	.1638076	.4083392	0
1098.15	0	.4271954	.16425	.4085546	0
1097.15	0	.4265403	.1646902	.4087695	0
1096.15	0	.4258877	.1651284	.4089839	0
1095.15	0	.4252377	.1655644	.4091978	0
1094.15	0	.4245904	.1659984	.4094112	0
1093.15	0	.4239457	.1664303	.409624	0
1092.15	0	.4233036	.1668601	.4098364	0
1091.15	0	.4226641	.1672877	.4100482	0
1090.15	0	.4220272	.1677133	.4102595	0
1089.15	0	.4213929	.1681367	.4104703	0
1088.15	0	.4207613	.1685581	.4106806	0
1087.15	0	.4201323	.1689773	.4108904	0
1086.15	0	.4195059	.1693944	.4110997	0
1085.15	0	.4188821	.1698094	.4113085	0
1084.15	0	.418261	.1702223	.4115168	0
1083.15	0	.4176425	.170633	.4117245	0
1082.15	0	.4170266	.1710416	.4119318	0
1081.15	0	.4164133	.1714481	.4121385	0
1080.15	0	.4158027	.1718525	.4123448	0
1079.15	0	.4151948	.1722547	.4125506	0
1078.15	0	.4145894	.1726548	.4127558	0
1077.15	0	.4139868	.1730527	.4129606	0
1076.15	0	.4133867	.1734485	.4131648	0
1075.15	0	.4127893	.1738421	.4133686	0
1074.15	0	.4121946	.1742336	.4135719	0
1073.15	0	.4116025	.1746229	.4137746	0
1072.15	0	.4110131	.17501	.4139769	0
1071.15	0	.4104263	.175395	.4141787	0
1070.15	0	.4098422	.1757779	.41438	0
1069.15	0	.4092607	.1761585	.4145808	0
1068.15	0	.4086819	.176537	.4147811	0
1067.15	0	.4081058	.1769133	.4149809	0
1066.15	0	.4075324	.1772874	.4151802	0
1065.15	0	.4069616	.1776594	.415379	0
1064.15	0	.4063935	.1780291	.4155774	0
1063.15	0	.4058281	.1783967	.4157752	0
1062.15	0	.4052654	.1787621	.4159726	0
1061.15	0	.4047053	.1791252	.4161695	0
1060.15	0	.404148	.1794862	.4163659	0
1059.15	0	.4035933	.1798449	.4165618	0
1058.15	0	.4030413	.1802015	.4167572	0
1057.15	0	.4024921	.1805558	.4169521	0
1056.15	0	.4019455	.180908	.4171466	0
1055.15	0	.4014016	.1812578	.4173405	0
1054.15	0	.4008605	.1816055	.417534	0
1053.15	0	.400322	.181951	.417727	0
1052.15	0	.3997863	.1822942	.4179195	0
1051.15	0	.3992533	.1826351	.4181116	0
1050.15	0	.398723	.1829739	.4183031	0
1049.15	0	.3981955	.1833104	.4184942	0
1048.15	0	.3976706	.1836446	.4186848	0
1047.15	0	.3971485	.1839766	.4188749	0
1046.15	0	.3966292	.1843063	.4190645	0
1045.15	0	.3961126	.1846338	.4192536	0
1044.15	0	.3955987	.184959	.4194423	0
1043.15	0	.3950876	.185282	.4196305	0
1042.15	0	.3945792	.1856026	.4198182	0
1041.15	0	.3940736	.185921	.4200054	0
1040.15	0	.3935707	.1862371	.4201922	0
1039.15	0	.3930706	.1865509	.4203784	0
1038.15	0	.3925733	.1868625	.4205642	0
1037.15	0	.3920788	.1871717	.4207495	0
1036.15	0	.391587	.1874787	.4209344	0
1035.15	0	.391098	.1877833	.4211187	0
1034.15	0	.3906118	.1880857	.4213026	0
1033.15	0	.3901284	.1883857	.421486	0
1032.15	0	.3896477	.1886834	.4216689	0
1031.15	0	.3891699	.1889788	.4218513	0
1030.15	0	.3886949	.1892719	.4220333	0
1029.15	0	.3882226	.1895626	.4222147	0
1028.15	0	.3877532	.189851	.4223957	0
1027.15	0	.3872866	.1901371	.4225763	0
1026.15	0	.3868228	.1904209	.4227563	0
1025.15	0	.3863619	.1907023	.4229359	0
1024.15	0	.3859037	.1909813	.4231149	0
1023.15	0	.3854484	.191258	.4232935	0
1022.15	0	.384996	.1915324	.4234716	0
1021.15	0	.3845464	.1918044	.4236493	0
1020.15	0	.3840996	.192074	.4238264	0
1019.15	0	.3836557	.1923412	.4240031	0
1018.15	0	.3832146	.1926061	.4241793	0
1017.15	0	.3827764	.1928686	.424355	0
1016.15	0	.3823411	.1931287	.4245302	0
1015.15	0	.3819086	.1933864	.424705	0
1014.15	0	.381479	.1936418	.4248792	0
1013.15	0	.3810522	.1938947	.425053	0
1012.15	0	.3806284	.1941453	.4252263	0
1011.15	0	.3802074	.1943934	.4253991	0
1010.15	0	.3797894	.1946392	.4255714	0
1009.15	0	.3793742	.1948825	.4257433	0
1008.15	0	.378962	.1951234	.4259146	0
1007.15	0	.3785526	.1953619	.4260855	0
1006.15	0	.3781461	.195598	.4262558	0
1005.15	0	.3777426	.1958317	.4264257	0
1004.15	0	.377342	.1960629	.4265951	0
1003.15	0	.3769443	.1962917	.426764	0
1002.15	0	.3765495	.1965181	.4269324	0
1001.15	0	.3761577	.196742	.4271003	0
1000.15	0	.3757688	.1969634	.4272677	0
999.15	0	.3753829	.1971825	.4274347	0
998.15	0	.3749999	.197399	.4276011	0
997.15	0	.3746198	.1976132	.427767	0
996.15	0	.3742428	.1978248	.4279324	0
995.15	0	.3738686	.198034	.4280974	0
994.15	0	.3734975	.1982407	.4282618	0
993.15	0	.3731293	.198445	.4284257	0
992.15	0	.3727641	.1986468	.4285892	0
991.15	0	.3724018	.1988461	.4287521	0
990.15	0	.3720426	.1990429	.4289145	0
989.15	0	.3716863	.1992373	.4290764	0
988.15	0	.371333	.1994292	.4292378	0
987.15	0	.3709828	.1996186	.4293987	0
986.15	0	.3706355	.1998055	.4295591	0
985.15	0	.3702912	.1999899	.4297189	0
984.15	0	.36995	.2001718	.4298783	0
983.15	0	.3696117	.2003512	.4300371	0
982.15	0	.3692765	.2005281	.4301954	0
981.15	0	.3689443	.2007025	.4303532	0
980.15	0	.3686151	.2008744	.4305105	0
979.15	0	.368289	.2010438	.4306672	0
978.15	0	.3679658	.2012107	.4308234	0
977.15	0	.3676457	.2013752	.4309791	0
976.15	0	.3673287	.201537	.4311343	0
975.15	0	.3670147	.2016964	.4312889	0
974.15	0	.3667037	.2018533	.431443	0
973.15	0	.3663958	.2020076	.4315966	0
972.15	0	.366091	.2021594	.4317496	0
971.15	0	.3657892	.2023088	.431902	0
970.15	0	.3654904	.2024556	.432054	0
969.15	0	.3651948	.2025999	.4322054	0
968.15	0	.3649022	.2027416	.4323562	0
967.15	0	.3646126	.2028809	.4325065	0
966.15	0	.3643261	.2030176	.4326563	0
965.15	0	.3640427	.2031518	.4328054	0
964.15	0	.3637624	.2032835	.4329541	0
963.15	0	.3634851	.2034127	.4331021	0
962.15	0	.363211	.2035394	.4332496	0
961.15	0	.3629399	.2036636	.4333966	0
960.15	0	.3626718	.2037852	.4335429	0
959.15	0	.3624069	.2039044	.4336887	0
958.15	0	.362145	.204021	.4338339	0
957.15	0	.3618863	.2041352	.4339786	0
956.15	0	.3616306	.2042468	.4341226	0
955.15	0	.361378	.2043559	.4342661	0
954.15	0	.3611285	.2044626	.434409	0
953.15	0	.360882	.2045667	.4345513	0
952.15	0	.3606387	.2046684	.4346929	0
951.15	0	.3603984	.2047676	.434834	0
950.15	0	.3601612	.2048643	.4349745	0
949.15	0	.3599271	.2049585	.4351144	0
948.15	0	.3596961	.2050502	.4352537	0
947.15	0	.3594682	.2051395	.4353923	0
946.15	0	.3592433	.2052263	.4355304	0
945.15	0	.3590216	.2053107	.4356678	0
944.15	0	.3588029	.2053926	.4358046	0
943.15	0	.3585872	.2054721	.4359407	0
942.15	0	.3583747	.2055491	.4360762	0
941.15	0	.3581652	.2056237	.4362111	0
940.15	0	.3579587	.2056959	.4363453	0
939.15	0	.3577554	.2057657	.4364789	0
938.15	0	.357555	.2058331	.4366118	0
937.15	0	.3573578	.2058981	.4367441	0
936.15	0	.3571636	.2059607	.4368757	0
935.15	0	.3569724	.206021	.4370067	0
934.15	0	.3567842	.2060789	.4371369	0
933.15	0	.3565991	.2061344	.4372665	0
932.15	0	.356417	.2061876	.4373954	0
931.15	0	.3562379	.2062385	.4375236	0
930.15	0	.3560618	.2062871	.4376511	0
929.15	0	.3558888	.2063333	.4377779	0
928.15	0	.3557187	.2063773	.437904	0
927.15	0	.3555516	.2064191	.4380294	0
926.15	0	.3553874	.2064585	.4381541	0
925.15	0	.3552262	.2064958	.438278	0
924.15	0	.355068	.2065308	.4384012	0
923.15	0	.3549127	.2065636	.4385237	0
922.15	0	.3547604	.2065942	.4386454	0
921.15	0	.3546109	.2066227	.4387664	0
920.15	0	.3544644	.206649	.4388866	0
919.15	0	.3543207	.2066733	.439006	0
918.15	0	.35418	.2066953	.4391247	0
917.15	0	.354042	.2067154	.4392426	0
916.15	0	.353907	.2067333	.4393597	0
915.15	0	.3537747	.2067493	.439476	0
914.15	0	.3536453	.2067632	.4395915	0
913.15	0	.3535187	.2067751	.4397062	0
912.15	0	.3533949	.2067851	.4398201	0
911.15	0	.3532738	.2067931	.4399331	0
910.15	0	.3531554	.2067993	.4400453	0
909.15	0	.3530398	.2068036	.4401567	0
908.15	0	.3529268	.206806	.4402672	0
907.15	0	.3528166	.2068066	.4403768	0
906.15	0	.352709	.2068055	.4404856	0
905.15	0	.352604	.2068026	.4405934	0
904.15	0	.3525016	.206798	.4407004	0
903.15	0	.3524018	.2067917	.4408065	0
902.15	0	.3523045	.2067838	.4409117	0
901.15	0	.3522098	.2067743	.4410159	0
900.15	0	.3521175	.2067632	.4411193	0
899.15	0	.3520277	.2067506	.4412216	0
898.15	0	.3519404	.2067366	.4413231	0
897.15	0	.3518554	.2067211	.4414235	0
896.15	0	.3517728	.2067042	.441523	0
895.15	0	.3516926	.206686	.4416214	0
894.15	0	.3516146	.2066665	.4417189	0
893.15	0	.3515389	.2066457	.4418154	0
892.15	0	.3514654	.2066238	.4419108	0
891.15	0	.3513941	.2066007	.4420052	0
890.15	0	.3513249	.2065766	.4420985	0
889.15	0	.3512578	.2065514	.4421907	0
888.15	0	.3511928	.2065253	.4422819	0
887.15	0	.3511298	.2064983	.442372	0
886.15	0	.3510687	.2064704	.4424609	0
885.15	0	.3510095	.2064417	.4425487	0
884.15	0	.3509522	.2064124	.4426354	0
883.15	0	.3508967	.2063824	.4427209	0
882.15	0	.350843	.2063518	.4428052	0
881.15	0	.3507909	.2063207	.4428883	0
880.15	0	.3507405	.2062892	.4429702	0
879.15	0	.3506917	.2062574	.4430509	0
878.15	0	.3506444	.2062253	.4431303	0
877.15	0	.3505985	.2061931	.4432085	0
876.15	0	.350554	.2061607	.4432853	0
875.15	0	.3505108	.2061284	.4433608	0
874.15	0	.3504689	.2060962	.443435	0
873.15	0	.3504281	.2060641	.4435078	0
872.15	0	.3503884	.2060324	.4435792	0
871.15	0	.3503497	.206001	.4436493	0
870.15	0	.350312	.2059702	.4437178	0
869.15	0	.3502751	.20594	.443785	0
868.15	0	.3502389	.2059105	.4438506	0
867.15	0	.3502034	.2058819	.4439147	0
866.15	0	.3501685	.2058542	.4439773	0
865.15	0	.350134	.2058277	.4440383	0
864.15	0	.3500999	.2058024	.4440976	0
863.15	0	.3500661	.2057786	.4441554	0
862.15	0	.3500323	.2057562	.4442114	0
861.15	0	.3499986	.2057356	.4442658	0
860.15	0	.3499648	.2057169	.4443184	0
859.15	0	.3499307	.2057001	.4443691	0
858.15	0	.3498963	.2056856	.4444181	0
857.15	0	.3498614	.2056734	.4444652	0
856.15	0	.3498258	.2056639	.4445104	0
855.15	0	.3497894	.2056571	.4445535	0
854.15	0	.349752	.2056533	.4445947	0
853.15	0	.3497135	.2056528	.4446338	0
852.15	0	.3496736	.2056557	.4446707	0
851.15	0	.3496322	.2056623	.4447055	0
850.15	0	.3495891	.205673	.4447379	0
849.15	0	.3495441	.2056878	.4447681	0
848.15	0	.3494969	.2057073	.4447959	0
847.15	0	.3494473	.2057315	.4448212	0
846.15	0	.3493951	.205761	.4448439	0
845.15	0	.34934	.2057961	.444864	0
844.15	0	.3492816	.2058371	.4448813	0
843.15	0	.3492197	.2058845	.4448958	0
842.15	0	.349154	.2059386	.4449074	0
841.15	0	.3490841	.206	.4449159	0
840.15	0	.3490097	.2060692	.4449212	0
839.15	0	.3489302	.2061467	.4449231	0
838.15	0	.3488452	.2062331	.4449217	0
837.15	0	.3487544	.2063291	.4449165	0
836.15	0	.348657	.2064354	.4449076	0
835.15	0	.3485526	.2065527	.4448946	0
834.15	0	.3484406	.206682	.4448775	0
833.15	0	.348222	.2069486	.4448295	0
832.15	0	.3477882	.2074919	.4447199	0
831.15	0	.3474002	.2079814	.4446185	0
830.15	0	.3470529	.208423	.4445241	0
829.15	0	.3467422	.2088218	.444436	0
828.15	0	.3464645	.2091822	.4443533	0
827.15	0	.3462166	.2095079	.4442755	0
826.15	0	.3459959	.2098021	.444202	0
825.15	0	.3458	.2100675	.4441325	0
824.15	0	.3456268	.2103068	.4440664	0
823.15	0	.3454744	.2105221	.4440035	0
822.15	0	.3453411	.2107154	.4439435	0
821.15	0	.3452255	.2108884	.4438861	0
820.15	0	.3451261	.2110428	.4438311	0
819.15	0	.3450418	.2111798	.4437783	0
818.15	0	.3449715	.211301	.4437276	0
817.15	0	.344914	.2114073	.4436786	0
816.15	0	.3448686	.2115	.4436314	0
815.15	0	.3448343	.21158	.4435857	0
814.15	0	.3448103	.2116482	.4435415	0
813.15	0	.3447959	.2117054	.4434987	0
812.15	0	.3447905	.2117525	.4434571	0
811.15	0	.3447934	.21179	.4434166	0
810.15	0	.344804	.2118188	.4433773	0
809.15	0	.3448218	.2118393	.4433389	0
808.15	0	.3448463	.2118522	.4433015	0
807.15	0	.3448771	.211858	.4432649	0
806.15	0	.3449136	.2118572	.4432292	0
805.15	0	.3449556	.2118502	.4431942	0
804.15	0	.3450026	.2118375	.4431599	0
803.15	0	.3450542	.2118195	.4431263	0
802.15	0	.3451102	.2117964	.4430934	0
801.15	0	.3451702	.2117688	.443061	0
800.15	0	.345234	.2117369	.4430291	0
799.15	0	.3453012	.211701	.4429978	0
798.15	0	.3453716	.2116614	.442967	0
797.15	0	.345445	.2116184	.4429366	0
796.15	0	.3455211	.2115723	.4429066	0
795.15	0	.3455998	.2115232	.4428771	0
794.15	0	.3456807	.2114714	.4428479	0
793.15	0	.3457639	.2114171	.4428191	0
792.15	0	.3458489	.2113605	.4427906	0
791.15	0	.3459358	.2113017	.4427624	0
790.15	0	.3460243	.2112411	.4427346	0
789.15	0	.3461143	.2111787	.442707	0
788.15	0	.3462057	.2111147	.4426797	0
787.15	0	.3462983	.2110492	.4426526	0
786.15	0	.3463919	.2109824	.4426257	0
785.15	0	.3464866	.2109143	.4425991	0
784.15	0	.3465821	.2108452	.4425727	0
783.15	0	.3466783	.2107752	.4425465	0
782.15	0	.3467753	.2107043	.4425204	0
781.15	0	.3468728	.2106327	.4424946	0
780.15	0	.3469708	.2105604	.4424689	0
779.15	0	.3470692	.2104875	.4424433	0
778.15	0	.3471679	.2104142	.4424179	0
777.15	0	.3472668	.2103405	.4423927	0
776.15	0	.347366	.2102665	.4423675	0
775.15	0	.3474653	.2101923	.4423425	0
774.15	0	.3475646	.2101178	.4423176	0
773.15	0	.3476639	.2100433	.4422928	0
772.15	0	.3477631	.2099688	.4422681	0
771.15	0	.3478623	.2098942	.4422435	0
770.15	0	.3479613	.2098197	.442219	0
769.15	0	.3480601	.2097454	.4421945	0
768.15	0	.3481586	.2096712	.4421702	0
767.15	0	.3482569	.2095972	.4421459	0
766.15	0	.3483549	.2095235	.4421217	0
765.15	0	.3484525	.20945	.4420975	0
764.15	0	.3485497	.2093769	.4420734	0
763.15	0	.3486464	.2093042	.4420494	0
762.15	0	.3487428	.2092319	.4420254	0
761.15	0	.3488386	.20916	.4420014	0
760.15	0	.348934	.2090885	.4419775	0
759.15	0	.3490288	.2090176	.4419536	0
758.15	0	.3491231	.2089471	.4419298	0
757.15	0	.3492168	.2088772	.441906	0
756.15	0	.3493099	.2088079	.4418822	0
755.15	0	.3494024	.2087391	.4418585	0
754.15	0	.3494943	.208671	.4418348	0
753.15	0	.3495855	.2086034	.4418111	0
752.15	0	.3496761	.2085365	.4417874	0
751.15	0	.349766	.2084703	.4417637	0
750.15	0	.3498553	.2084047	.4417401	0
749.15	0	.3499438	.2083398	.4417164	0
748.15	0	.3500317	.2082756	.4416928	0
747.15	0	.3501188	.208212	.4416692	0
746.15	0	.3502072	.2081477	.4416451	0
745.15	0	.3502927	.2080858	.4416215	0
744.15	0	.3503775	.2080245	.441598	0
743.15	0	.3504616	.207964	.4415744	0
742.15	0	.3505449	.2079043	.4415508	0
741.15	0	.3506275	.2078453	.4415272	0
740.15	0	.3507094	.207787	.4415037	0
739.15	0	.3507904	.2077295	.4414801	0
738.15	0	.3508708	.2076728	.4414565	0
737.15	0	.3509503	.2076168	.4414329	0
736.15	0	.3510291	.2075616	.4414093	0
735.15	0	.3511072	.2075072	.4413857	0
734.15	0	.3511844	.2074535	.441362	0
733.15	0	.3512609	.2074007	.4413384	0
732.15	0	.3513367	.2073486	.4413148	0
731.15	0	.3514116	.2072973	.4412911	0
730.15	0	.3514858	.2072468	.4412674	0
729.15	0	.3515592	.2071971	.4412437	0
728.15	0	.3516318	.2071482	.44122	0
727.15	0	.3517037	.2071	.4411963	0
726.15	0	.3517748	.2070526	.4411726	0
725.15	0	.3518451	.2070061	.4411488	0
724.15	0	.3519147	.2069603	.441125	0
723.15	0	.3519835	.2069153	.4411012	0
722.15	0	.3520515	.2068711	.4410774	0
721.15	0	.3521188	.2068276	.4410536	0
720.15	0	.3521853	.2067849	.4410297	0
719.15	0	.3522511	.2067431	.4410059	0
718.15	0	.3523161	.2067019	.440982	0
717.15	0	.3523803	.2066616	.4409581	0
716.15	0	.3524438	.206622	.4409341	0
715.15	0	.3525066	.2065832	.4409102	0
714.15	0	.3525686	.2065452	.4408862	0
713.15	0	.3526299	.2065079	.4408622	0
712.15	0	.3526905	.2064714	.4408382	0
711.15	0	.3527503	.2064356	.4408141	0
710.15	0	.3528094	.2064006	.4407901	0
709.15	0	.3528678	.2063663	.440766	0
708.15	0	.3529254	.2063327	.4407419	0
707.15	0	.3529823	.2062999	.4407177	0
706.15	0	.3530386	.2062679	.4406936	0
705.15	0	.3530941	.2062365	.4406694	0
704.15	0	.3531489	.2062059	.4406452	0
703.15	0	.353203	.206176	.440621	0
702.15	0	.3532565	.2061468	.4405967	0
701.15	0	.3533092	.2061184	.4405724	0
700.15	0	.3533613	.2060906	.4405481	0
699.15	0	.3534127	.2060635	.4405238	0
698.15	0	.3534634	.2060372	.4404995	0
697.15	0	.3535134	.2060115	.4404751	0
696.15	0	.3535628	.2059865	.4404507	0
695.15	0	.3536115	.2059623	.4404263	0
694.15	0	.3536595	.2059386	.4404018	0
693.15	0	.353707	.2059157	.4403774	0
692.15	0	.3537537	.2058934	.4403529	0
691.15	0	.3537998	.2058718	.4403283	0
690.15	0	.3538453	.2058509	.4403038	0
689.15	0	.3538902	.2058306	.4402792	0
688.15	0	.3539344	.205811	.4402547	0
687.15	0	.353978	.205792	.4402301	0
686.15	0	.354021	.2057736	.4402054	0
685.15	0	.3540634	.2057559	.4401808	0
684.15	0	.3541051	.2057388	.4401561	0
683.15	0	.3541463	.2057223	.4401314	0
682.15	0	.3541869	.2057065	.4401066	0
681.15	0	.3542268	.2056913	.4400819	0
680.15	0	.3542662	.2056767	.4400571	0
679.15	0	.354305	.2056626	.4400324	0
678.15	0	.3543432	.2056492	.4400075	0
677.15	0	.3543809	.2056364	.4399827	0
676.15	0	.354418	.2056242	.4399578	0
675.15	0	.3544545	.2056125	.439933	0
674.15	0	.3544905	.2056015	.4399081	0
673.15	0	.3545259	.205591	.4398831	0
672.15	0	.3545607	.2055811	.4398582	0
671.15	0	.354595	.2055717	.4398332	0
670.15	0	.3546288	.205563	.4398082	0
669.15	0	.354662	.2055547	.4397832	0
668.15	0	.3546948	.205547	.4397582	0
667.15	0	.3547269	.2055399	.4397332	0
666.15	0	.3547586	.2055333	.4397081	0
665.15	0	.3547897	.2055273	.439683	0
664.15	0	.3548203	.2055217	.4396579	0
663.15	0	.3548505	.2055168	.4396328	0
662.15	0	.3548801	.2055123	.4396077	0
661.15	0	.3549092	.2055083	.4395825	0
660.15	0	.3549378	.2055049	.4395573	0
659.15	0	.3549659	.205502	.4395321	0
658.15	0	.3549936	.2054995	.4395069	0
657.15	0	.3550207	.2054976	.4394817	0
656.15	0	.3550474	.2054962	.4394564	0
655.15	0	.3550736	.2054952	.4394312	0
654.15	0	.3550994	.2054948	.4394059	0
653.15	0	.3551246	.2054948	.4393806	0
652.15	0	.3551495	.2054953	.4393553	0
651.15	0	.3551738	.2054963	.4393299	0
650.15	0	.3551977	.2054977	.4393046	0
649.15	0	.3552212	.2054996	.4392792	0
648.15	0	.3552442	.205502	.4392539	0
647.15	0	.3552668	.2055048	.4392285	0
646.15	0	.3552889	.205508	.439203	0
645.15	0	.3553106	.2055118	.4391776	0
644.15	0	.3553319	.2055159	.4391522	0
643.15	0	.3553527	.2055205	.4391268	0
642.15	0	.3553732	.2055256	.4391013	0
641.15	0	.3553932	.205531	.4390758	0
640.15	0	.3554128	.2055369	.4390503	0
639.15	0	.355432	.2055432	.4390249	0
638.15	0	.3554508	.2055499	.4389993	0
637.15	0	.3554691	.2055571	.4389738	0
636.15	0	.3554871	.2055646	.4389483	0
635.15	0	.3555047	.2055725	.4389227	0
634.15	0	.3555219	.2055809	.4388972	0
633.15	0	.3555387	.2055896	.4388716	0
632.15	0	.3555552	.2055988	.4388461	0
631.15	0	.3555712	.2056083	.4388205	0
630.15	0	.3555869	.2056182	.4387949	0
629.15	0	.3556022	.2056285	.4387693	0
628.15	0	.3556171	.2056392	.4387437	0
627.15	0	.3556317	.2056502	.4387181	0
626.15	0	.3556459	.2056616	.4386925	0
625.15	0	.3556598	.2056734	.4386668	0
624.15	0	.3556733	.2056856	.4386412	0
623.15	0	.3556864	.2056981	.4386155	0
622.15	0	.3556992	.2057109	.4385899	0
621.15	0	.3557116	.2057241	.4385642	0
620.15	0	.3557238	.2057377	.4385386	0
619.15	0	.3557355	.2057516	.4385129	0
618.15	0	.3557469	.2057658	.4384872	0
617.15	0	.355758	.2057804	.4384615	0
616.15	0	.3557688	.2057953	.4384359	0
615.15	0	.3557793	.2058106	.4384102	0
614.15	0	.3557894	.2058261	.4383845	0
613.15	0	.3557992	.205842	.4383588	0
612.15	0	.3558086	.2058582	.4383331	0
611.15	0	.3558178	.2058748	.4383074	0
610.15	0	.3558267	.2058916	.4382817	0
609.15	0	.3558352	.2059088	.438256	0
608.15	0	.3558435	.2059262	.4382303	0
607.15	0	.3558514	.205944	.4382046	0
606.15	0	.355859	.2059621	.4381789	0
605.15	0	.3558664	.2059804	.4381532	0
604.15	0	.3558734	.2059991	.4381275	0
603.15	0	.3558802	.206018	.4381018	0
602.15	0	.3558866	.2060372	.4380761	0
601.15	0	.3558928	.2060568	.4380504	0
600.15	0	.3558987	.2060766	.4380247	0
599.15	0	.3559043	.2060966	.437999	0
598.15	0	.3559097	.206117	.4379734	0
597.15	0	.3559148	.2061376	.4379477	0
596.15	0	.3559195	.2061585	.437922	0
595.15	0	.3559241	.2061796	.4378963	0
594.15	0	.3559283	.206201	.4378706	0
593.15	0	.3559323	.2062227	.437845	0
592.15	0	.3559361	.2062447	.4378193	0
591.15	0	.3559395	.2062669	.4377936	0
590.15	0	.3559427	.2062893	.437768	0
589.15	0	.3559457	.206312	.4377423	0
588.15	0	.3559484	.2063349	.4377167	0
587.15	0	.3559509	.2063581	.4376911	0
586.15	0	.3559531	.2063815	.4376654	0
585.15	0	.355955	.2064052	.4376398	0
584.15	0	.3559568	.206429	.4376142	0
583.15	0	.3559583	.2064532	.4375886	0
582.15	0	.3559595	.2064775	.437563	0
581.15	0	.3559605	.2065021	.4375374	0
580.15	0	.3559613	.2065269	.4375118	0
579.15	0	.3559619	.2065519	.4374863	0
578.15	0	.3559622	.2065771	.4374607	0
577.15	0	.3559623	.2066026	.4374352	0
576.15	0	.3559621	.2066282	.4374097	0
575.15	0	.3559618	.2066541	.4373841	0
574.15	0	.3559612	.2066802	.4373586	0
573.15	0	.3559604	.2067065	.4373331	0
572.15	0	.3559594	.2067329	.4373076	0
571.15	0	.3559582	.2067596	.4372822	0
570.15	0	.3559568	.2067865	.4372567	0
569.15	0	.3559551	.2068136	.4372313	0
568.15	0	.3559533	.2068409	.4372059	0
567.15	0	.3559512	.2068683	.4371805	0
566.15	0	.355949	.206896	.4371551	0
565.15	0	.3559465	.2069238	.4371297	0
564.15	0	.3559439	.2069518	.4371043	0
563.15	0	.355941	.20698	.437079	0
562.15	0	.355938	.2070084	.4370537	0
561.15	0	.3559347	.2070369	.4370283	0
560.15	0	.3559313	.2070657	.4370031	0
559.15	0	.3559277	.2070946	.4369778	0
558.15	0	.3559239	.2071236	.4369525	0
557.15	0	.3559199	.2071528	.4369273	0
556.15	0	.3559157	.2071823	.4369021	0
555.15	0	.3559113	.2072118	.4368769	0
554.15	0	.3559068	.2072415	.4368517	0
553.15	0	.3559021	.2072714	.4368265	0
552.15	0	.3558972	.2073014	.4368014	0
551.15	0	.3558921	.2073316	.4367763	0
550.15	0	.3558869	.2073619	.4367512	0
549.15	0	.3558815	.2073924	.4367261	0
548.15	0	.3558759	.207423	.4367011	0
547.15	0	.3558701	.2074538	.4366761	0
546.15	0	.3558642	.2074847	.4366511	0
545.15	0	.3558581	.2075158	.4366261	0
544.15	0	.3558519	.207547	.4366011	0
543.15	0	.3558455	.2075783	.4365762	0
542.15	0	.3558389	.2076098	.4365513	0
541.15	0	.3558322	.2076414	.4365265	0
540.15	0	.3558253	.2076731	.4365016	0
539.15	0	.3558183	.2077049	.4364768	0
538.15	0	.3558111	.2077369	.436452	0
537.15	0	.3558038	.207769	.4364272	0
536.15	0	.3557963	.2078012	.4364025	0
535.15	0	.3557886	.2078336	.4363778	0
534.15	0	.3557809	.207866	.4363531	0
533.15	0	.3557729	.2078986	.4363284	0
532.15	0	.3557649	.2079313	.4363038	0
531.15	0	.3557566	.2079641	.4362792	0
530.15	0	.3557483	.2079971	.4362547	0
529.15	0	.3557398	.2080301	.4362301	0
528.15	0	.3557312	.2080632	.4362056	0
527.15	0	.3557224	.2080964	.4361812	0
526.15	0	.3557135	.2081298	.4361567	0
525.15	0	.3557045	.2081632	.4361323	0
524.15	0	.3556953	.2081968	.436108	0
523.15	0	.355686	.2082304	.4360836	0
522.15	0	.3556766	.2082641	.4360593	0
521.15	0	.355667	.208298	.436035	0
520.15	0	.3556573	.2083319	.4360108	0
519.15	0	.3556475	.2083659	.4359866	0
518.15	0	.3556376	.2084	.4359624	0
517.15	0	.3556275	.2084342	.4359383	0
516.15	0	.3556173	.2084685	.4359142	0
515.15	0	.355607	.2085028	.4358901	0
514.15	0	.3555966	.2085373	.4358661	0
513.15	0	.3555861	.2085718	.4358421	0
512.15	0	.3555754	.2086064	.4358182	0
511.15	0	.3555647	.2086411	.4357943	0
510.15	0	.3555538	.2086758	.4357704	0
509.15	0	.3555428	.2087106	.4357466	0
508.15	0	.3555317	.2087455	.4357228	0
507.15	0	.3555205	.2087805	.435699	0
506.15	0	.3555092	.2088155	.4356753	0
505.15	0	.3554977	.2088506	.4356516	0
504.15	0	.3554862	.2088858	.435628	0
503.15	0	.3554746	.208921	.4356044	0
502.15	0	.3554628	.2089563	.4355808	0
501.15	0	.355451	.2089917	.4355573	0
500.15	0	.355439	.2090271	.4355339	0
499.15	0	.355427	.2090626	.4355104	0
498.15	0	.3554148	.2090981	.435487	0
497.15	0	.3554026	.2091337	.4354637	0
496.15	0	.3553902	.2091694	.4354404	0
495.15	0	.3553778	.209205	.4354172	0
494.15	0	.3553654	.2092408	.4353939	0
493.15	0	.3553527	.2092766	.4353707	0
492.15	0	.35534	.2093124	.4353476	0
491.15	0	.3553272	.2093483	.4353245	0
490.15	0	.3553143	.2093842	.4353015	0
489.15	0	.3553013	.2094202	.4352785	0
488.15	0	.3552882	.2094562	.4352556	0
487.15	0	.3552751	.2094923	.4352327	0
486.15	0	.3552618	.2095284	.4352098	0
485.15	0	.3552485	.2095645	.435187	0
484.15	0	.355235	.2096007	.4351643	0
483.15	0	.3552215	.2096369	.4351416	0
482.15	0	.3552079	.2096731	.4351189	0
481.15	0	.3551942	.2097094	.4350963	0
480.15	0	.3551805	.2097457	.4350738	0
479.15	0	.3551666	.2097821	.4350513	0
478.15	0	.3551527	.2098184	.4350288	0
477.15	0	.3551387	.2098548	.4350065	0
476.15	0	.3551247	.2098912	.4349841	0
475.15	0	.3551105	.2099277	.4349618	0
474.15	0	.3550963	.2099642	.4349396	0
473.15	0	.355082	.2100006	.4349174	0
472.1659	0	.3550678	.2100366	.4348956	0
472.1659	0	.3550678	.2100366	.4348956	0
472.1659	0	.3550678	.2100366	.4348956	0
472.15	0	.3550705	.2100305	.4348917	7.346447E-06
471.15	0	.3552369	.2096456	.434648	4.69556E-04
470.15	0	.3554024	.209262	.4344048	9.307748E-04
469.15	0	.3555671	.2088798	.4341622	.001391011
468.15	0	.3557309	.2084988	.4339201	.001850275
467.15	0	.3558938	.2081191	.4336785	.002308573
466.15	0	.356056	.2077407	.4334374	.002765915
465.15	0	.3562173	.2073635	.4331969	.003222309
464.15	0	.3563778	.2069876	.4329569	.003677764
463.15	0	.3565375	.2066128	.4327174	.004132287
462.15	0	.3566964	.2062393	.4324784	.004585887
461.15	0	.3568546	.2058669	.43224	.005038572
460.15	0	.357012	.2054957	.432002	.005490351
459.15	0	.3571686	.2051257	.4317645	.00594123
458.15	0	.3573245	.2047568	.4315275	.006391218
457.15	0	.3574796	.204389	.431291	.006840324
456.15	0	.357634	.2040224	.431055	.007288553
455.15	0	.3577877	.2036569	.4308195	.007735915
454.15	0	.3579407	.2032924	.4305845	.008182417
453.15	0	.358093	.202929	.4303499	.008628066
452.15	0	.3582446	.2025667	.4301158	.009072871
451.15	0	.3583956	.2022054	.4298822	.009516837
450.15	0	.3585458	.2018451	.4296491	.009959973
449.15	0	.3586955	.2014859	.4294164	.01040229
448.15	0	.3588444	.2011276	.4291842	.0108438
447.15	0	.3589928	.2007703	.4289524	.0112845
446.15	0	.3591405	.200414	.4287211	.01172441
