T	 BPW(LIQUID)	BPW(BCC_A2)	BPW(FCC_A1)	BPW(LAVES_PHASE_C14)	BPW(NI3TI)
1473.15	.2143116	.7856884	0	0	0
1472.15	.2111536	.7888464	0	0	0
1471.15	.2080196	.7919804	0	0	0
1470.15	.2049095	.7950905	0	0	0
1469.15	.2018231	.7981769	0	0	0
1468.15	.1987602	.8012398	0	0	0
1467.15	.1957208	.8042792	0	0	0
1466.15	.1927046	.8072954	0	0	0
1465.15	.1897114	.8102886	0	0	0
1464.15	.1867412	.8132588	0	0	0
1463.15	.1837937	.8162063	0	0	0
1462.15	.1808689	.8191312	0	0	0
1461.956	.1803038	.8196962	0	0	0
1461.956	.1803038	.8196962	0	0	0
1461.956	.1803038	.8196962	0	0	0
1461.15	.1761623	.8223267	0	.001511025	0
1460.15	.1711026	.825535	0	.003362416	0
1459.15	.1661286	.828683	0	.005188419	0
1458.15	.1612381	.8317722	0	.006989686	0
1457.15	.1564291	.8348041	0	.008766849	0
1456.15	.1516995	.83778	0	.01052052	0
1455.15	.1470474	.8407013	0	.01225129	0
1454.15	.1424709	.8435694	0	.01395973	0
1453.15	.1379681	.8463855	0	.01564639	0
1452.15	.1335374	.8491508	0	.01731181	0
1451.15	.129177	.8518665	0	.01895652	0
1450.15	.1248852	.8545338	0	.02058101	0
1449.15	.1206604	.8571538	0	.02218577	0
1448.15	.116501	.8597277	0	.02377128	0
1447.15	.1124056	.8622564	0	.025338	0
1446.15	.1083727	.864741	0	.02688636	0
1445.15	.1044008	.8671824	0	.02841681	0
1444.15	.1004885	.8695818	0	.02992975	0
1443.15	.09663452	.8719399	0	.0314256	0
1442.15	.09283752	.8742577	0	.03290475	0
1441.15	.08909624	.8765362	0	.03436758	0
1440.15	.08540944	.8787761	0	.03581446	0
1439.15	.08177591	.8809783	0	.03724575	0
1438.15	.07819449	.8831437	0	.03866181	0
1437.15	.07466405	.885273	0	.04006297	0
1436.15	.07118348	.887367	0	.04144956	0
1435.15	.06775171	.8894264	0	.04282191	0
1434.15	.0643677	.891452	0	.04418032	0
1433.15	.06103044	.8934445	0	.0455251	0
1432.15	.05773892	.8954045	0	.04685655	0
1431.15	.05449221	.8973329	0	.04817494	0
1430.15	.05128935	.8992301	0	.04948057	0
1429.15	.04812944	.9010969	0	.05077369	0
1428.15	.0450116	.9029338	0	.05205458	0
1427.15	.04193495	.9047416	0	.05332349	0
1426.15	.03889867	.9065207	0	.05458067	0
1425.15	.03590193	.9082717	0	.05582636	0
1424.15	.03294393	.9099953	0	.0570608	0
1423.15	.0300239	.9116919	0	.05828422	0
1422.15	.02714107	.9133621	0	.05949685	0
1421.15	.02429472	.9150064	0	.0606989	0
1420.15	.02148412	.9166253	0	.06189058	0
1419.15	.01870857	.9182193	0	.0630721	0
1418.15	.01596739	.9197889	0	.06424367	0
1417.15	.01325991	.9213346	0	.06540548	0
1416.15	.01058547	.9228568	0	.06655773	0
1415.15	.007943451	.924356	0	.06770059	0
1414.15	.005333225	.9258325	0	.06883426	0
1413.15	.002754189	.9272869	0	.0699589	0
1412.15	2.057549E-04	.9287195	0	.0710747	0
1412.069	0	.928835	0	.07116498	0
1412.069	0	.928835	0	.07116498	0
1411.15	0	.9282047	0	.07179528	0
1410.15	0	.9275203	0	.07247973	0
1409.15	0	.9268375	0	.07316253	0
1408.15	0	.9261563	0	.07384369	0
1407.15	0	.9254768	0	.07452321	0
1406.15	0	.9247989	0	.07520109	0
1405.15	0	.9241227	0	.07587735	0
1404.15	0	.923448	0	.07655199	0
1403.15	0	.922775	0	.077225	0
1402.15	0	.9221036	0	.07789641	0
1401.15	0	.9214338	0	.07856621	0
1400.15	0	.9207656	0	.07923441	0
1399.15	0	.920099	0	.07990102	0
1398.15	0	.919434	0	.08056603	0
1397.15	0	.9187705	0	.08122947	0
1396.15	0	.9181087	0	.08189132	0
1395.15	0	.9174484	0	.0825516	0
1394.15	0	.9167897	0	.08321031	0
1393.15	0	.9161326	0	.08386745	0
1392.15	0	.915477	0	.08452304	0
1391.15	0	.9148229	0	.08517708	0
1390.15	0	.9141704	0	.08582956	0
1389.15	0	.9135195	0	.08648051	0
1388.15	0	.9128701	0	.08712991	0
1387.15	0	.9122222	0	.08777779	0
1386.15	0	.9115759	0	.08842414	0
1385.15	0	.910931	0	.08906896	0
1384.15	0	.9102877	0	.08971227	0
1383.15	0	.9096459	0	.09035406	0
1382.15	0	.9090056	0	.09099435	0
1381.15	0	.9083669	0	.09163313	0
1380.15	0	.9077296	0	.09227042	0
1379.15	0	.9070938	0	.09290622	0
1378.15	0	.9064595	0	.09354052	0
1377.15	0	.9058267	0	.09417335	0
1376.15	0	.9051953	0	.09480469	0
1375.15	0	.9045654	0	.09543457	0
1374.15	0	.903937	0	.09606297	0
1373.15	0	.9033101	0	.09668991	0
1372.15	0	.9026846	0	.09731539	0
1371.15	0	.9020606	0	.09793942	0
1370.15	0	.901438	0	.098562	0
1369.15	0	.9008169	0	.09918313	0
1368.15	0	.9001972	0	.09980282	0
1367.15	0	.8995789	0	.1004211	0
1366.15	0	.8989621	0	.1010379	0
1365.15	0	.8983467	0	.1016533	0
1364.15	0	.8977327	0	.1022673	0
1363.15	0	.8971202	0	.1028798	0
1362.15	0	.896509	0	.103491	0
1361.15	0	.8958993	0	.1041007	0
1360.15	0	.8952909	0	.1047091	0
1359.15	0	.894684	0	.105316	0
1358.15	0	.8940784	0	.1059216	0
1357.15	0	.8934743	0	.1065257	0
1356.15	0	.8928715	0	.1071285	0
1355.15	0	.8922702	0	.1077299	0
1354.15	0	.8916701	0	.1083299	0
1353.15	0	.8910715	0	.1089285	0
1352.15	0	.8904742	0	.1095258	0
1351.15	0	.8898783	0	.1101217	0
1350.15	0	.8892838	0	.1107162	0
1349.15	0	.8886906	0	.1113094	0
1348.15	0	.8880988	0	.1119012	0
1347.15	0	.8875083	0	.1124917	0
1346.15	0	.8869191	0	.1130809	0
1345.15	0	.8863314	0	.1136686	0
1344.15	0	.8857449	0	.1142551	0
1343.15	0	.8851597	0	.1148403	0
1342.15	0	.8845759	0	.1154241	0
1341.15	0	.8839934	0	.1160066	0
1340.15	0	.8834123	0	.1165877	0
1339.15	0	.8828324	0	.1171676	0
1338.15	0	.8822539	0	.1177461	0
1337.15	0	.8816766	0	.1183234	0
1336.15	0	.8811007	0	.1188993	0
1335.15	0	.880526	0	.119474	0
1334.15	0	.8799527	0	.1200473	0
1333.15	0	.8793806	0	.1206194	0
1332.15	0	.8788099	0	.1211901	0
1331.15	0	.8782404	0	.1217596	0
1330.15	0	.8776722	0	.1223278	0
1329.15	0	.8771052	0	.1228948	0
1328.15	0	.8765396	0	.1234604	0
1327.15	0	.8759752	0	.1240248	0
1326.15	0	.875412	0	.124588	0
1325.15	0	.8748501	0	.1251499	0
1324.15	0	.8742895	0	.1257105	0
1323.15	0	.8737302	0	.1262698	0
1322.15	0	.873172	0	.126828	0
1321.15	0	.8726152	0	.1273848	0
1320.15	0	.8720595	0	.1279405	0
1319.15	0	.8715051	0	.1284949	0
1318.15	0	.870952	0	.129048	0
1317.15	0	.8704	0	.1296	0
1316.15	0	.8698493	0	.1301507	0
1315.15	0	.8692998	0	.1307002	0
1314.15	0	.8687515	0	.1312485	0
1313.15	0	.8682045	0	.1317955	0
1312.15	0	.8676586	0	.1323414	0
1311.15	0	.867114	0	.132886	0
1310.15	0	.8665705	0	.1334295	0
1309.15	0	.8660283	0	.1339717	0
1308.15	0	.8654873	0	.1345127	0
1307.15	0	.8649474	0	.1350526	0
1306.15	0	.8644087	0	.1355913	0
1305.15	0	.8638713	0	.1361287	0
1304.15	0	.863335	0	.136665	0
1303.15	0	.8627999	0	.1372001	0
1302.15	0	.8622659	0	.1377341	0
1301.15	0	.8617332	0	.1382668	0
1300.15	0	.8612016	0	.1387984	0
1299.15	0	.8606712	0	.1393288	0
1298.15	0	.8601419	0	.1398581	0
1297.15	0	.8596138	0	.1403862	0
1296.15	0	.8590868	0	.1409132	0
1295.15	0	.858561	0	.141439	0
1294.15	0	.8580364	0	.1419636	0
1293.15	0	.8575129	0	.1424871	0
1292.15	0	.8569905	0	.1430095	0
1291.15	0	.8564693	0	.1435307	0
1290.15	0	.8559492	0	.1440508	0
1289.15	0	.8554303	0	.1445698	0
1288.15	0	.8549124	0	.1450876	0
1287.15	0	.8543957	0	.1456043	0
1286.15	0	.8538801	0	.1461199	0
1285.15	0	.8533657	0	.1466343	0
1284.15	0	.8528523	0	.1471477	0
1283.15	0	.8523401	0	.1476599	0
1282.15	0	.851829	0	.148171	0
1281.15	0	.851319	0	.148681	0
1280.15	0	.8508101	0	.1491899	0
1279.15	0	.8503023	0	.1496977	0
1278.15	0	.8497956	0	.1502045	0
1277.15	0	.8492899	0	.1507101	0
1276.15	0	.8487854	0	.1512146	0
1275.15	0	.848282	0	.151718	0
1274.15	0	.8477796	0	.1522204	0
1273.15	0	.8472784	0	.1527217	0
1272.15	0	.8467782	0	.1532218	0
1271.15	0	.8462791	0	.1537209	0
1270.15	0	.845781	0	.154219	0
1269.15	0	.845284	0	.154716	0
1268.15	0	.8447881	0	.1552119	0
1267.15	0	.8442933	0	.1557067	0
1266.15	0	.8437995	0	.1562005	0
1265.15	0	.8433068	0	.1566932	0
1264.15	0	.8428151	0	.1571849	0
1263.15	0	.8423245	0	.1576755	0
1262.15	0	.841835	0	.158165	0
1261.15	0	.8413465	0	.1586535	0
1260.15	0	.840859	0	.159141	0
1259.15	0	.8403726	0	.1596274	0
1258.15	0	.8398872	0	.1601128	0
1257.15	0	.8394028	0	.1605972	0
1256.15	0	.8389195	0	.1610805	0
1255.15	0	.8384372	0	.1615628	0
1254.15	0	.837956	0	.162044	0
1253.15	0	.8374757	0	.1625243	0
1252.15	0	.8369965	0	.1630035	0
1251.15	0	.8365183	0	.1634817	0
1250.15	0	.8360411	0	.1639589	0
1249.15	0	.835565	0	.1644351	0
1248.15	0	.8350898	0	.1649102	0
1247.15	0	.8346156	0	.1653844	0
1246.15	0	.8341425	0	.1658575	0
1245.15	0	.8336704	0	.1663296	0
1244.15	0	.8331992	0	.1668008	0
1243.15	0	.8327291	0	.1672709	0
1242.15	0	.8322599	0	.1677401	0
1241.15	0	.8317918	0	.1682082	0
1240.15	0	.8313246	0	.1686754	0
1239.15	0	.8308584	0	.1691416	0
1238.15	0	.8303932	0	.1696068	0
1237.15	0	.829929	0	.170071	0
1236.15	0	.8294658	0	.1705342	0
1235.15	0	.8290035	0	.1709965	0
1234.15	0	.8285422	0	.1714578	0
1233.15	0	.8280819	0	.1719181	0
1232.15	0	.8276226	0	.1723774	0
1231.15	0	.8271642	0	.1728358	0
1230.15	0	.8267068	0	.1732932	0
1229.15	0	.8262504	0	.1737497	0
1228.15	0	.8257949	0	.1742051	0
1227.15	0	.8253403	0	.1746597	0
1226.15	0	.8248867	0	.1751133	0
1225.15	0	.8244341	0	.1755659	0
1224.15	0	.8239824	0	.1760176	0
1223.15	0	.8235317	0	.1764683	0
1222.15	0	.8230819	0	.1769181	0
1221.15	0	.8226331	0	.1773669	0
1220.15	0	.8221852	0	.1778148	0
1219.15	0	.8217382	0	.1782618	0
1218.15	0	.8212922	0	.1787078	0
1217.15	0	.8208471	0	.1791529	0
1216.15	0	.8204029	0	.1795971	0
1215.15	0	.8199597	0	.1800404	0
1214.15	0	.8195173	0	.1804827	0
1213.15	0	.8190759	0	.1809241	0
1212.15	0	.8186355	0	.1813645	0
1211.15	0	.8181959	0	.1818041	0
1210.15	0	.8177573	0	.1822427	0
1209.15	0	.8173196	0	.1826805	0
1208.15	0	.8168827	0	.1831173	0
1207.15	0	.8164468	0	.1835532	0
1206.15	0	.8160118	0	.1839882	0
1205.15	0	.8155777	0	.1844223	0
1204.15	0	.8151446	0	.1848554	0
1203.15	0	.8147123	0	.1852877	0
1202.15	0	.8142809	0	.1857191	0
1201.15	0	.8138504	0	.1861496	0
1200.15	0	.8134208	0	.1865792	0
1199.15	0	.8129921	0	.1870079	0
1198.15	0	.8125643	0	.1874357	0
1197.15	0	.8121374	0	.1878627	0
1196.15	0	.8117113	0	.1882887	0
1195.15	0	.8112861	0	.1887139	0
1194.15	0	.8108619	0	.1891381	0
1193.15	0	.8104385	0	.1895615	0
1192.15	0	.810016	0	.1899841	0
1191.15	0	.8095943	0	.1904057	0
1190.15	0	.8091735	0	.1908265	0
1189.15	0	.8087536	0	.1912464	0
1188.15	0	.8083346	0	.1916654	0
1187.15	0	.8079164	0	.1920836	0
1186.15	0	.8074991	0	.1925009	0
1185.15	0	.8070827	0	.1929173	0
1184.15	0	.8066671	0	.1933329	0
1183.15	0	.8062524	0	.1937476	0
1182.15	0	.8058385	0	.1941615	0
1181.15	0	.8054255	0	.1945745	0
1180.15	0	.8050133	0	.1949867	0
1179.15	0	.804602	0	.195398	0
1178.15	0	.8041916	0	.1958084	0
1177.15	0	.8037819	0	.1962181	0
1176.15	0	.8033732	0	.1966268	0
1175.15	0	.8029652	0	.1970348	0
1174.15	0	.8025581	0	.1974419	0
1173.15	0	.8021519	0	.1978481	0
1172.15	0	.8017465	0	.1982535	0
1171.15	0	.8013419	0	.1986581	0
1170.15	0	.8009382	0	.1990618	0
1169.15	0	.8005353	0	.1994648	0
1168.15	0	.8001332	0	.1998668	0
1167.15	0	.7997319	0	.2002681	0
1166.15	0	.7993315	0	.2006685	0
1165.15	0	.7989319	0	.2010681	0
1164.15	0	.7985331	0	.2014669	0
1163.15	0	.7981351	0	.2018649	0
1162.15	0	.797738	0	.202262	0
1161.15	0	.7973416	0	.2026584	0
1160.15	0	.7969461	0	.2030539	0
1159.15	0	.7965514	0	.2034486	0
1158.15	0	.7961575	0	.2038425	0
1157.15	0	.7957644	0	.2042356	0
1156.15	0	.7953721	0	.2046279	0
1155.15	0	.7949807	0	.2050193	0
1154.15	0	.79459	0	.20541	0
1153.15	0	.7942001	0	.2057999	0
1152.15	0	.793811	0	.206189	0
1151.15	0	.7934228	0	.2065772	0
1150.15	0	.7930353	0	.2069647	0
1149.15	0	.7926486	0	.2073514	0
1148.15	0	.7922627	0	.2077373	0
1147.15	0	.7918776	0	.2081224	0
1146.15	0	.7914933	0	.2085067	0
1145.15	0	.7911098	0	.2088902	0
1144.15	0	.7907271	0	.2092729	0
1143.15	0	.7903451	0	.2096549	0
1142.15	0	.7899639	0	.2100361	0
1141.15	0	.7895836	0	.2104165	0
1140.15	0	.789204	0	.2107961	0
1139.15	0	.7888251	0	.2111749	0
1138.15	0	.7884471	0	.2115529	0
1137.15	0	.7880698	0	.2119302	0
1136.15	0	.7876933	0	.2123067	0
1135.15	0	.7873175	0	.2126825	0
1134.15	0	.7869426	0	.2130574	0
1133.15	0	.7865684	0	.2134316	0
1132.15	0	.786195	0	.213805	0
1131.15	0	.7858223	0	.2141777	0
1130.15	0	.7854504	0	.2145496	0
1129.15	0	.7850792	0	.2149208	0
1128.15	0	.7847089	0	.2152912	0
1127.15	0	.7843392	0	.2156608	0
1126.15	0	.7839704	0	.2160296	0
1125.15	0	.7836022	0	.2163978	0
1124.15	0	.7832349	0	.2167651	0
1123.15	0	.7828683	0	.2171317	0
1122.15	0	.7825024	0	.2174976	0
1121.15	0	.7821373	0	.2178627	0
1120.15	0	.7817729	0	.2182271	0
1119.15	0	.7814093	0	.2185907	0
1118.15	0	.7810465	0	.2189535	0
1117.15	0	.7806843	0	.2193157	0
1116.15	0	.7803229	0	.2196771	0
1115.15	0	.7799623	0	.2200377	0
1114.15	0	.7796024	0	.2203976	0
1113.15	0	.7792432	0	.2207568	0
1112.15	0	.7788848	0	.2211152	0
1111.15	0	.7785271	0	.2214729	0
1110.15	0	.7781701	0	.2218299	0
1109.15	0	.7778139	0	.2221862	0
1108.15	0	.7774583	0	.2225417	0
1107.15	0	.7771036	0	.2228964	0
1106.15	0	.7767495	0	.2232505	0
1105.15	0	.7763962	0	.2236038	0
1104.15	0	.7760436	0	.2239564	0
1103.15	0	.7756917	0	.2243083	0
1102.15	0	.7753405	0	.2246595	0
1101.15	0	.7749901	0	.2250099	0
1100.15	0	.7746403	0	.2253597	0
1099.15	0	.7742913	0	.2257087	0
1098.15	0	.773943	0	.226057	0
1097.15	0	.7735955	0	.2264045	0
1096.15	0	.7732486	0	.2267514	0
1095.15	0	.7729024	0	.2270976	0
1094.15	0	.772557	0	.227443	0
1093.15	0	.7722123	0	.2277877	0
1092.15	0	.7718682	0	.2281318	0
1091.15	0	.7715249	0	.2284751	0
1090.15	0	.7711823	0	.2288177	0
1089.15	0	.7708404	0	.2291596	0
1088.15	0	.7704992	0	.2295008	0
1087.15	0	.7701587	0	.2298414	0
1086.15	0	.7698188	0	.2301812	0
1085.15	0	.7694797	0	.2305203	0
1084.15	0	.7691413	0	.2308587	0
1083.15	0	.7688036	0	.2311964	0
1082.15	0	.7684666	0	.2315334	0
1081.15	0	.7681302	0	.2318698	0
1080.15	0	.7677946	0	.2322054	0
1079.15	0	.7674596	0	.2325404	0
1078.15	0	.7671254	0	.2328746	0
1077.15	0	.7667918	0	.2332082	0
1076.15	0	.7664589	0	.2335411	0
1075.15	0	.7661267	0	.2338733	0
1074.15	0	.7657952	0	.2342048	0
1073.465	0	.7655686	0	.2344314	0
1073.465	0	.7655686	0	.2344314	0
1073.465	0	.7655686	0	.2344314	0
1073.15	0	.7652585	2.192155E-04	.2345223	0
1072.15	0	.7642767	9.134719E-04	.2348098	0
1071.15	0	.7632976	.00160574	.2350967	0
1070.15	0	.7623212	.00229602	.2353828	0
1069.15	0	.7613476	.002984312	.2356681	0
1068.15	0	.7603768	.003670619	.2359526	0
1067.15	0	.7594087	.00435494	.2362364	0
1066.15	0	.7584433	.005037276	.2365194	0
1065.15	0	.7574807	.005717629	.2368017	0
1064.15	0	.7565208	.006395998	.2370832	0
1063.15	0	.7555636	.007072386	.237364	0
1062.15	0	.7546092	.007746791	.237644	0
1061.15	0	.7536575	.008419216	.2379233	0
1060.15	0	.7527086	.00908966	.2382018	0
1059.15	0	.7517624	.009758126	.2384795	0
1058.15	0	.7508189	.01042461	.2387565	0
1057.15	0	.7498781	.01108912	.2390328	0
1056.15	0	.7489401	.01175165	.2393083	0
1055.15	0	.7480047	.01241221	.2395831	0
1054.15	0	.7470721	.01307079	.2398571	0
1053.15	0	.7461423	.01372739	.2401303	0
1052.15	0	.7452151	.01438203	.2404029	0
1051.15	0	.7442907	.01503468	.2406746	0
1050.15	0	.743369	.01568537	.2409457	0
1049.15	0	.7424499	.01633409	.241216	0
1048.15	0	.7415337	.01698083	.2414855	0
1047.15	0	.7406201	.0176256	.2417543	0
1046.15	0	.7397092	.01826841	.2420224	0
1045.15	0	.738801	.01890924	.2422897	0
1044.15	0	.7378956	.01954811	.2425563	0
1043.15	0	.7369928	.02018501	.2428222	0
1042.15	0	.7360928	.02081995	.2430873	0
1041.15	0	.7351954	.02145292	.2433517	0
1040.15	0	.7343008	.02208393	.2436153	0
1039.15	0	.7334088	.02271297	.2438782	0
1038.15	0	.7325196	.02334005	.2441404	0
1037.15	0	.731633	.02396517	.2444018	0
1036.15	0	.7307492	.02458833	.2446625	0
1035.15	0	.729868	.02520953	.2449225	0
1034.15	0	.7289896	.02582877	.2451817	0
1033.15	0	.7281138	.02644605	.2454402	0
1032.15	0	.7272407	.02706137	.2456979	0
1031.15	0	.7263703	.02767474	.2459549	0
1030.15	0	.7255026	.02828616	.2462112	0
1029.15	0	.7246376	.02889562	.2464668	0
1028.15	0	.7237753	.02950313	.2467216	0
1027.15	0	.7229156	.03010869	.2469757	0
1026.15	0	.7220587	.0307123	.2472291	0
1025.15	0	.7212044	.03131396	.2474817	0
1024.15	0	.7203528	.03191367	.2477336	0
1023.15	0	.7195038	.03251143	.2479847	0
1022.15	0	.7186576	.03310725	.2482352	0
1021.15	0	.717814	.03370113	.2484849	0
1020.15	0	.7169731	.03429306	.2487338	0
1019.15	0	.7161349	.03488305	.2489821	0
1018.15	0	.7152994	.03547111	.2492296	0
1017.15	0	.7144665	.03605722	.2494763	0
1016.15	0	.7136362	.0366414	.2497224	0
1015.15	0	.7128087	.03722364	.2499677	0
1014.15	0	.7119838	.03780395	.2502122	0
1013.15	0	.7111616	.03838232	.2504561	0
1012.15	0	.7103421	.03895877	.2506992	0
1011.15	0	.7095252	.03953329	.2509415	0
1010.15	0	.708711	.04010588	.2511832	0
1009.15	0	.7078994	.04067655	.2514241	0
1008.15	0	.7070905	.04124529	.2516642	0
1007.15	0	.7062842	.04181211	.2519036	0
1006.15	0	.7054806	.04237702	.2521424	0
1005.15	0	.7046797	.04294001	.2523803	0
1004.15	0	.7038814	.04350108	.2526175	0
1003.15	0	.7030858	.04406024	.252854	0
1002.15	0	.7022928	.04461749	.2530898	0
1001.15	0	.7015024	.04517283	.2533248	0
1000.15	0	.7007147	.04572627	.253559	0
999.15	0	.6999296	.04627781	.2537926	0
998.15	0	.6991472	.04682744	.2540253	0
997.15	0	.6983674	.04737518	.2542574	0
996.15	0	.6975903	.04792103	.2544887	0
995.15	0	.6968158	.04846498	.2547193	0
994.15	0	.6960439	.04900704	.2549491	0
993.15	0	.6952746	.04954722	.2551782	0
992.15	0	.694508	.05008552	.2554065	0
991.15	0	.693744	.05062194	.2556341	0
990.15	0	.6929826	.05115648	.2558609	0
989.15	0	.6922239	.05168914	.256087	0
988.15	0	.6914677	.05221994	.2563123	0
987.15	0	.6907142	.05274888	.2565369	0
986.15	0	.6899633	.05327595	.2567608	0
985.15	0	.689215	.05380117	.2569838	0
984.15	0	.6884693	.05432453	.2572062	0
983.15	0	.6877262	.05484604	.2574277	0
982.15	0	.6869857	.05536571	.2576485	0
981.15	0	.6862479	.05588354	.2578686	0
980.15	0	.6855126	.05639953	.2580879	0
979.15	0	.6847799	.0569137	.2583064	0
978.15	0	.6840498	.05742603	.2585242	0
977.15	0	.6833223	.05793654	.2587412	0
976.15	0	.6825973	.05844524	.2589574	0
975.15	0	.681875	.05895212	.2591729	0
974.15	0	.6811552	.0594572	.2593876	0
973.15	0	.680438	.05996048	.2596015	0
972.15	0	.6797234	.06046197	.2598147	0
971.15	0	.6790113	.06096167	.2600271	0
970.15	0	.6783018	.06145958	.2602387	0
969.15	0	.6775948	.06195572	.2604495	0
968.15	0	.6768904	.06245009	.2606595	0
967.15	0	.6761885	.0629427	.2608688	0
966.15	0	.6754892	.06343355	.2610772	0
965.15	0	.6747924	.06392265	.2612849	0
964.15	0	.6740982	.06441001	.2614918	0
963.15	0	.6734065	.06489564	.2616979	0
962.15	0	.6727173	.06537954	.2619032	0
961.15	0	.6720306	.06586172	.2621077	0
960.15	0	.6713464	.06634219	.2623114	0
959.15	0	.6706648	.06682096	.2625143	0
958.15	0	.6699856	.06729804	.2627164	0
957.15	0	.6693089	.06777343	.2629177	0
956.15	0	.6686347	.06824715	.2631181	0
955.15	0	.667963	.0687192	.2633178	0
954.15	0	.6672938	.06918959	.2635167	0
953.15	0	.666627	.06965834	.2637147	0
952.15	0	.6659627	.07012546	.2639119	0
951.15	0	.6653008	.07059095	.2641082	0
950.15	0	.6646414	.07105482	.2643038	0
949.15	0	.6639844	.07151709	.2644985	0
948.15	0	.6633299	.07197777	.2646924	0
947.15	0	.6626777	.07243687	.2648854	0
946.15	0	.662028	.0728944	.2650776	0
945.15	0	.6613807	.07335037	.265269	0
944.15	0	.6607357	.0738048	.2654595	0
943.15	0	.6600932	.0742577	.2656491	0
942.15	0	.659453	.07470909	.2658379	0
941.15	0	.6588152	.07515897	.2660258	0
940.15	0	.6581798	.07560737	.2662129	0
939.15	0	.6575466	.07605429	.2663991	0
938.15	0	.6569159	.07649975	.2665844	0
937.15	0	.6562874	.07694377	.2667688	0
936.15	0	.6556613	.07738636	.2669524	0
935.15	0	.6550374	.07782754	.2671351	0
934.15	0	.6544158	.07826732	.2673168	0
933.15	0	.6537965	.07870573	.2674977	0
932.15	0	.6531795	.07914278	.2676777	0
931.15	0	.6525647	.07957848	.2678568	0
930.15	0	.6519522	.08001286	.268035	0
929.15	0	.6513419	.08044594	.2682122	0
928.15	0	.6507337	.08087773	.2683886	0
927.15	0	.6501278	.08130826	.2685639	0
926.15	0	.649524	.08173754	.2687384	0
925.15	0	.6489224	.0821656	.268912	0
924.15	0	.648323	.08259246	.2690846	0
923.15	0	.6477256	.08301813	.2692562	0
922.15	0	.6471304	.08344266	.2694269	0
921.15	0	.6465373	.08386605	.2695967	0
920.15	0	.6459462	.08428832	.2697654	0
919.15	0	.6453572	.08470952	.2699332	0
918.15	0	.6447703	.08512965	.2701001	0
917.15	0	.6441853	.08554876	.2702659	0
916.15	0	.6436024	.08596685	.2704308	0
915.15	0	.6430214	.08638397	.2705946	0
914.15	0	.6424424	.08680014	.2707575	0
913.15	0	.6418653	.08721538	.2709193	0
912.15	0	.6412901	.08762973	.2710801	0
911.15	0	.6407169	.08804322	.2712399	0
910.15	0	.6401454	.08845587	.2713987	0
909.15	0	.6395759	.08886773	.2715564	0
908.15	0	.6390081	.08927882	.2717131	0
907.15	0	.6384421	.08968917	.2718687	0
906.15	0	.6378779	.09009883	.2720233	0
905.15	0	.6373154	.09050782	.2721768	0
904.15	0	.6367547	.09091619	.2723292	0
903.15	0	.6361956	.09132396	.2724805	0
902.15	0	.6356381	.09173118	.2726307	0
901.15	0	.6350823	.09213789	.2727798	0
900.15	0	.6345281	.09254413	.2729278	0
899.15	0	.6339754	.09294993	.2730747	0
898.15	0	.6334243	.09335534	.2732204	0
897.15	0	.6328746	.09376041	.273365	0
896.15	0	.6323264	.09416518	.2735084	0
895.15	0	.6317796	.09456969	.2736507	0
894.15	0	.6312342	.09497399	.2737918	0
893.15	0	.6306902	.09537813	.2739317	0
892.15	0	.6301475	.09578216	.2740704	0
891.15	0	.629606	.09618613	.2742079	0
890.15	0	.6290657	.09659009	.2743442	0
889.15	0	.6285267	.09699409	.2744792	0
888.15	0	.6279888	.09739819	.274613	0
887.15	0	.627452	.09780245	.2747456	0
886.15	0	.6269162	.09820693	.2748769	0
885.15	0	.6263815	.09861167	.2750069	0
884.15	0	.6258477	.09901675	.2751356	0
883.15	0	.6253148	.09942223	.275263	0
882.15	0	.6247828	.09982817	.275389	0
881.15	0	.6242516	.1002346	.2755138	0
880.15	0	.6237212	.1006417	.2756371	0
879.15	0	.6231914	.1010494	.2757592	0
878.15	0	.6226623	.1014579	.2758798	0
877.15	0	.6221338	.1018672	.275999	0
876.15	0	.6216058	.1022774	.2761168	0
875.15	0	.6210783	.1026885	.2762332	0
874.15	0	.6205511	.1031007	.2763482	0
873.15	0	.6200243	.103514	.2764616	0
872.15	0	.6194978	.1039286	.2765736	0
871.15	0	.6189715	.1043444	.2766841	0
870.15	0	.6184453	.1047617	.276793	0
869.15	0	.6179191	.1051805	.2769004	0
868.15	0	.6173929	.1056008	.2770063	0
867.15	0	.6168666	.1060228	.2771105	0
866.15	0	.6163402	.1064466	.2772132	0
865.15	0	.6158134	.1068724	.2773142	0
864.15	0	.6152863	.1073001	.2774136	0
863.15	0	.6147588	.10773	.2775113	0
862.15	0	.6142307	.1081621	.2776072	0
861.15	0	.6137019	.1085966	.2777015	0
860.15	0	.6131725	.1090335	.277794	0
859.15	0	.6126422	.1094732	.2778847	0
858.15	0	.6121109	.1099155	.2779736	0
857.15	0	.6115786	.1103608	.2780606	0
856.15	0	.6110451	.1108091	.2781458	0
855.15	0	.6105104	.1112606	.278229	0
854.15	0	.6099742	.1117155	.2783104	0
853.15	0	.6094364	.1121739	.2783897	0
852.15	0	.608897	.112636	.278467	0
851.15	0	.6083558	.1131019	.2785423	0
850.15	0	.6078126	.113572	.2786155	0
849.15	0	.6072673	.1140462	.2786865	0
848.15	0	.6067197	.1145249	.2787554	0
847.15	0	.6061696	.1150083	.278822	0
846.15	0	.605617	.1154966	.2788864	0
845.15	0	.6050616	.11599	.2789485	0
844.15	0	.6045031	.1164887	.2790082	0
843.15	0	.6039415	.116993	.2790654	0
842.15	0	.6033765	.1175033	.2791202	0
841.15	0	.6028079	.1180196	.2791724	0
840.15	0	.6022355	.1185424	.2792221	0
839.15	0	.601659	.119072	.279269	0
838.15	0	.6010781	.1196087	.2793132	0
837.15	0	.6004926	.1201528	.2793546	0
836.15	0	.5999022	.1207047	.2793931	0
835.15	0	.5993067	.1212648	.2794286	0
834.15	0	.5987056	.1218334	.279461	0
833.15	0	.5980986	.1224111	.2794902	0
832.15	0	.5974854	.1229983	.2795162	0
831.15	0	.5968656	.1235955	.2795388	0
830.15	0	.5962388	.1242033	.2795579	0
829.15	0	.5956045	.1248221	.2795735	0
828.15	0	.5949622	.1254526	.2795852	0
827.15	0	.5943115	.1260954	.2795931	0
826.15	0	.5936518	.1267514	.2795969	0
825.15	0	.5929825	.1274211	.2795965	0
824.15	0	.5923029	.1281054	.2795917	0
823.15	0	.5916124	.1288053	.2795823	0
822.15	0	.5909102	.1295217	.2795681	0
821.15	0	.5901954	.1302557	.2795489	0
820.15	0	.5894672	.1310084	.2795244	0
819.15	0	.5887246	.131781	.2794944	0
818.15	0	.5878458	.1327193	.279435	0
817.15	0	.5865259	.1341893	.2792849	0
816.15	0	.5852709	.1355871	.279142	0
815.15	0	.5840757	.1369184	.2790059	0
814.15	0	.5829358	.1381883	.2788759	0
813.15	0	.5818471	.1394012	.2787517	0
812.15	0	.5808061	.1405612	.2786327	0
811.15	0	.5798094	.1416721	.2785185	0
810.15	0	.5788541	.142737	.2784089	0
809.15	0	.5779374	.143759	.2783036	0
808.15	0	.577057	.1447409	.2782021	0
807.15	0	.5762106	.1456851	.2781043	0
806.15	0	.5753961	.146594	.27801	0
805.15	0	.5746116	.1474696	.2779188	0
804.15	0	.5738555	.1483138	.2778307	0
803.15	0	.5731261	.1491285	.2777454	0
802.15	0	.572422	.1499153	.2776627	0
801.15	0	.5717417	.1506757	.2775826	0
800.15	0	.5710841	.1514111	.2775048	0
799.15	0	.570448	.1521229	.2774291	0
798.15	0	.5698323	.1528121	.2773556	0
797.15	0	.5692359	.1534801	.2772841	0
796.15	0	.5686579	.1541277	.2772144	0
795.15	0	.5680974	.1547561	.2771465	0
794.15	0	.5675537	.1553661	.2770802	0
793.15	0	.5670258	.1559587	.2770155	0
792.15	0	.5665131	.1565345	.2769524	0
791.15	0	.566015	.1570944	.2768906	0
790.15	0	.5655306	.1576392	.2768302	0
789.15	0	.5650596	.1581694	.276771	0
788.15	0	.5646012	.1586857	.2767131	0
787.15	0	.5641549	.1591888	.2766563	0
786.15	0	.5637203	.1596791	.2766007	0
785.15	0	.5632968	.1601572	.276546	0
784.15	0	.562884	.1606237	.2764924	0
783.15	0	.5624814	.1610789	.2764397	0
782.15	0	.5620887	.1615234	.2763879	0
781.15	0	.5617054	.1619576	.276337	0
780.15	0	.5613312	.1623819	.2762869	0
779.15	0	.5609658	.1627966	.2762376	0
778.15	0	.5606088	.1632022	.276189	0
777.15	0	.5602598	.163599	.2761411	0
776.15	0	.5599187	.1639874	.2760939	0
775.15	0	.559585	.1643676	.2760474	0
774.15	0	.5592586	.1647399	.2760015	0
773.15	0	.5589408	.1651034	.2759558	0
772.15	0	.5586279	.165461	.2759111	0
771.15	0	.5583215	.1658116	.2758669	0
770.15	0	.5580215	.1661554	.2758232	0
769.15	0	.5577274	.1664926	.27578	0
768.15	0	.5574392	.1668235	.2757373	0
767.15	0	.5571566	.1671483	.2756951	0
766.15	0	.5568795	.1674673	.2756533	0
765.15	0	.5566076	.1677805	.2756118	0
764.15	0	.5563409	.1680883	.2755708	0
763.15	0	.5560791	.1683907	.2755302	0
762.15	0	.555822	.168688	.2754899	0
761.15	0	.5555696	.1689804	.27545	0
760.15	0	.5553217	.1692679	.2754104	0
759.15	0	.555078	.1695508	.2753711	0
758.15	0	.5548386	.1698292	.2753322	0
757.15	0	.5546033	.1701032	.2752935	0
756.15	0	.5543719	.170373	.2752551	0
755.15	0	.5541443	.1706387	.275217	0
754.15	0	.5539204	.1709005	.2751791	0
753.15	0	.5537001	.1711584	.2751415	0
752.15	0	.5534833	.1714126	.2751041	0
751.15	0	.5532699	.1716632	.2750669	0
750.15	0	.5530598	.1719102	.27503	0
749.15	0	.5528529	.1721539	.2749932	0
748.15	0	.5526491	.1723943	.2749567	0
747.15	0	.5524483	.1726314	.2749203	0
746.15	0	.5522504	.1728655	.2748841	0
745.15	0	.5520554	.1730965	.2748481	0
744.15	0	.5518631	.1733246	.2748123	0
743.15	0	.5516736	.1735499	.2747766	0
742.15	0	.5514866	.1737723	.274741	0
741.15	0	.5513022	.1739921	.2747057	0
740.15	0	.5511203	.1742093	.2746704	0
739.15	0	.5509408	.1744239	.2746353	0
738.15	0	.5507636	.1746361	.2746003	0
737.15	0	.5505888	.1748458	.2745654	0
736.15	0	.5504161	.1750532	.2745307	0
735.15	0	.5502456	.1752583	.274496	0
734.15	0	.5500773	.1754612	.2744615	0
733.15	0	.549911	.175662	.2744271	0
732.15	0	.5497467	.1758606	.2743927	0
731.15	0	.5495844	.1760572	.2743585	0
730.15	0	.5494239	.1762518	.2743243	0
729.15	0	.5492654	.1764444	.2742902	0
728.15	0	.5491086	.1766352	.2742562	0
727.15	0	.5489537	.1768241	.2742223	0
726.15	0	.5488004	.1770112	.2741884	0
725.15	0	.5486489	.1771965	.2741546	0
724.15	0	.548499	.1773801	.2741209	0
723.15	0	.5483507	.1775621	.2740872	0
722.15	0	.548204	.1777424	.2740536	0
721.15	0	.5480588	.1779211	.2740201	0
720.15	0	.5479151	.1780983	.2739866	0
719.15	0	.5477729	.178274	.2739531	0
718.15	0	.5476321	.1784481	.2739197	0
717.15	0	.5474928	.1786209	.2738864	0
716.15	0	.5473548	.1787922	.2738531	0
715.15	0	.5472181	.1789621	.2738198	0
714.15	0	.5470827	.1791307	.2737865	0
713.15	0	.5469487	.179298	.2737533	0
712.15	0	.5468158	.179464	.2737201	0
711.15	0	.5466842	.1796288	.273687	0
710.15	0	.5465539	.1797923	.2736539	0
709.15	0	.5464246	.1799546	.2736208	0
708.15	0	.5462966	.1801157	.2735877	0
707.15	0	.5461696	.1802757	.2735547	0
706.15	0	.5460438	.1804345	.2735217	0
705.15	0	.545919	.1805923	.2734887	0
704.15	0	.5457954	.180749	.2734557	0
703.15	0	.5456727	.1809046	.2734227	0
702.15	0	.5455511	.1810592	.2733898	0
701.15	0	.5454304	.1812128	.2733568	0
700.15	0	.5453107	.1813653	.2733239	0
699.15	0	.545192	.181517	.273291	0
698.15	0	.5450743	.1816676	.2732581	0
697.15	0	.5449574	.1818174	.2732252	0
696.15	0	.5448415	.1819662	.2731923	0
695.15	0	.5447264	.1821141	.2731595	0
694.15	0	.5446123	.1822612	.2731266	0
693.15	0	.5444989	.1824074	.2730937	0
692.15	0	.5443864	.1825527	.2730608	0
691.15	0	.5442748	.1826972	.273028	0
690.15	0	.5441639	.182841	.2729951	0
689.15	0	.5440538	.1829839	.2729623	0
688.15	0	.5439446	.183126	.2729294	0
687.15	0	.543836	.1832674	.2728966	0
686.15	0	.5437283	.183408	.2728637	0
685.15	0	.5436212	.1835479	.2728309	0
684.15	0	.5435149	.1836871	.272798	0
683.15	0	.5434094	.1838255	.2727651	0
682.15	0	.5433045	.1839633	.2727323	0
681.15	0	.5432003	.1841003	.2726994	0
680.15	0	.5430968	.1842367	.2726665	0
679.15	0	.5429939	.1843724	.2726337	0
678.15	0	.5428917	.1845075	.2726008	0
677.15	0	.5427902	.1846419	.2725679	0
676.15	0	.5426892	.1847757	.272535	0
675.15	0	.542589	.1849089	.2725021	0
674.15	0	.5424893	.1850415	.2724692	0
673.15	0	.5423902	.1851735	.2724363	0
672.15	0	.5422917	.1853049	.2724034	0
671.15	0	.5421938	.1854357	.2723705	0
670.15	0	.5420966	.1855659	.2723375	0
669.15	0	.5419998	.1856956	.2723046	0
668.15	0	.5419036	.1858247	.2722717	0
667.15	0	.541808	.1859533	.2722387	0
666.15	0	.5417129	.1860813	.2722058	0
665.15	0	.5416184	.1862089	.2721728	0
664.15	0	.5415243	.1863358	.2721398	0
663.15	0	.5414309	.1864623	.2721068	0
662.15	0	.5413379	.1865883	.2720738	0
661.15	0	.5412454	.1867138	.2720408	0
660.15	0	.5411534	.1868388	.2720078	0
659.15	0	.5410619	.1869633	.2719748	0
658.15	0	.5409709	.1870873	.2719418	0
657.15	0	.5408804	.1872109	.2719088	0
656.15	0	.5407903	.187334	.2718757	0
655.15	0	.5407007	.1874566	.2718427	0
654.15	0	.5406116	.1875788	.2718096	0
653.15	0	.5405229	.1877005	.2717765	0
652.15	0	.5404347	.1878218	.2717434	0
651.15	0	.5403469	.1879427	.2717104	0
650.15	0	.5402596	.1880632	.2716773	0
649.15	0	.5401727	.1881832	.2716442	0
648.15	0	.5400862	.1883028	.2716111	0
647.15	0	.5400001	.188422	.271578	0
646.15	0	.5399144	.1885407	.2715448	0
645.15	0	.5398292	.1886591	.2715117	0
644.15	0	.5397443	.1887771	.2714786	0
643.15	0	.5396599	.1888947	.2714454	0
642.15	0	.5395759	.1890119	.2714123	0
641.15	0	.5394922	.1891287	.2713791	0
640.15	0	.5394089	.1892451	.271346	0
639.15	0	.539326	.1893612	.2713128	0
638.15	0	.5392435	.1894769	.2712796	0
637.15	0	.5391614	.1895922	.2712464	0
636.15	0	.5390796	.1897071	.2712133	0
635.15	0	.5389982	.1898217	.2711801	0
634.15	0	.5389172	.189936	.2711469	0
633.15	0	.5388365	.1900498	.2711137	0
632.15	0	.5387562	.1901634	.2710805	0
631.15	0	.5386762	.1902766	.2710473	0
630.15	0	.5385966	.1903894	.2710141	0
629.15	0	.5385173	.1905019	.2709808	0
628.15	0	.5384383	.1906141	.2709476	0
627.15	0	.5383597	.1907259	.2709144	0
626.15	0	.5382814	.1908374	.2708812	0
625.15	0	.5382035	.1909486	.270848	0
624.15	0	.5381258	.1910594	.2708147	0
623.15	0	.5380485	.19117	.2707815	0
622.15	0	.5379715	.1912802	.2707483	0
621.15	0	.5378949	.1913901	.2707151	0
620.15	0	.5378185	.1914997	.2706818	0
619.15	0	.5377425	.1916089	.2706486	0
618.15	0	.5376667	.1917179	.2706154	0
617.15	0	.5375913	.1918266	.2705822	0
616.15	0	.5375162	.1919349	.2705489	0
615.15	0	.5374413	.192043	.2705157	0
614.15	0	.5373668	.1921507	.2704825	0
613.15	0	.5372926	.1922582	.2704493	0
612.15	0	.5372186	.1923653	.2704161	0
611.15	0	.537145	.1924722	.2703829	0
610.15	0	.5370716	.1925788	.2703496	0
609.15	0	.5369985	.192685	.2703164	0
608.15	0	.5369257	.192791	.2702832	0
607.15	0	.5368532	.1928967	.2702501	0
606.15	0	.536781	.1930022	.2702169	0
605.15	0	.536709	.1931073	.2701837	0
604.15	0	.5366373	.1932122	.2701505	0
603.15	0	.5365659	.1933168	.2701173	0
602.15	0	.5364948	.1934211	.2700842	0
601.15	0	.5364239	.1935251	.270051	0
600.15	0	.5363533	.1936289	.2700179	0
599.15	0	.5362829	.1937323	.2699847	0
598.15	0	.5362128	.1938356	.2699516	0
597.15	0	.536143	.1939385	.2699185	0
596.15	0	.5360734	.1940412	.2698854	0
595.15	0	.5360041	.1941436	.2698523	0
594.15	0	.5359351	.1942457	.2698192	0
593.15	0	.5358663	.1943476	.2697861	0
592.15	0	.5357977	.1944492	.2697531	0
591.15	0	.5357294	.1945506	.26972	0
590.15	0	.5356614	.1946516	.269687	0
589.15	0	.5355936	.1947525	.269654	0
588.15	0	.535526	.194853	.269621	0
587.15	0	.5354587	.1949534	.269588	0
586.15	0	.5353916	.1950534	.269555	0
585.15	0	.5353248	.1951532	.269522	0
584.15	0	.5352582	.1952527	.2694891	0
583.15	0	.5351918	.195352	.2694561	0
582.15	0	.5351257	.1954511	.2694232	0
581.15	0	.5350598	.1955498	.2693903	0
580.15	0	.5349942	.1956484	.2693574	0
579.15	0	.5349288	.1957467	.2693246	0
578.15	0	.5348636	.1958447	.2692917	0
577.15	0	.5347986	.1959424	.2692589	0
576.15	0	.5347339	.19604	.2692261	0
575.15	0	.5346694	.1961373	.2691933	0
574.15	0	.5346051	.1962343	.2691606	0
573.15	0	.5345411	.1963311	.2691279	0
572.15	0	.5344773	.1964276	.2690951	0
571.15	0	.5344137	.1965239	.2690624	0
570.15	0	.5343503	.19662	.2690298	0
569.15	0	.5342871	.1967158	.2689971	0
568.15	0	.5342242	.1968113	.2689645	0
567.15	0	.5341615	.1969066	.2689319	0
566.15	0	.534099	.1970017	.2688993	0
565.15	0	.5340367	.1970965	.2688668	0
564.15	0	.5339746	.1971911	.2688343	0
563.15	0	.5339128	.1972855	.2688018	0
562.15	0	.5338511	.1973796	.2687693	0
561.15	0	.5337897	.1974734	.2687369	0
560.15	0	.5337285	.1975671	.2687045	0
559.15	0	.5336675	.1976604	.2686721	0
558.15	0	.5336067	.1977536	.2686397	0
557.15	0	.5335461	.1978465	.2686074	0
556.15	0	.5334857	.1979392	.2685751	0
555.15	0	.5334256	.1980316	.2685429	0
554.15	0	.5333656	.1981238	.2685107	0
553.15	0	.5333058	.1982157	.2684785	0
552.15	0	.5332463	.1983074	.2684463	0
551.15	0	.533187	.1983989	.2684142	0
550.15	0	.5331278	.1984901	.2683821	0
549.15	0	.5330689	.1985811	.26835	0
548.15	0	.5330101	.1986719	.268318	0
547.15	0	.5329516	.1987624	.268286	0
546.15	0	.5328933	.1988526	.2682541	0
545.15	0	.5328352	.1989427	.2682221	0
544.15	0	.5327772	.1990325	.2681903	0
543.15	0	.5327195	.1991221	.2681584	0
542.15	0	.532662	.1992114	.2681266	0
541.15	0	.5326046	.1993005	.2680949	0
540.15	0	.5325475	.1993894	.2680632	0
539.15	0	.5324906	.199478	.2680315	0
538.15	0	.5324338	.1995664	.2679998	0
537.15	0	.5323773	.1996545	.2679682	0
536.15	0	.5323209	.1997424	.2679367	0
535.15	0	.5322648	.1998301	.2679051	0
534.15	0	.5322088	.1999175	.2678737	0
533.15	0	.532153	.2000047	.2678423	0
532.15	0	.5320975	.2000917	.2678109	0
531.15	0	.5320421	.2001784	.2677795	0
530.15	0	.5319869	.2002649	.2677482	0
529.15	0	.5319319	.2003512	.267717	0
528.15	0	.5318771	.2004372	.2676858	0
527.15	0	.5318224	.200523	.2676546	0
526.15	0	.531768	.2006085	.2676235	0
525.15	0	.5317138	.2006938	.2675924	0
524.15	0	.5316597	.2007789	.2675614	0
523.15	0	.5316058	.2008637	.2675305	0
522.15	0	.5315522	.2009483	.2674995	0
521.15	0	.5314987	.2010327	.2674687	0
520.15	0	.5314454	.2011168	.2674379	0
519.15	0	.5313922	.2012007	.2674071	0
518.15	0	.5313394	.2012843	.2673763	0
517.15	0	.5312867	.2013677	.2673456	0
516.15	0	.5312341	.2014509	.267315	0
515.15	0	.5311817	.2015338	.2672845	0
514.15	0	.5311296	.2016165	.2672539	0
513.15	0	.5310776	.201699	.2672235	0
512.15	0	.5310257	.2017812	.2671931	0
511.15	0	.5309741	.2018632	.2671628	0
510.15	0	.5309226	.2019449	.2671325	0
509.15	0	.5308714	.2020264	.2671022	0
508.15	0	.5308203	.2021076	.2670721	0
507.15	0	.5307694	.2021887	.267042	0
506.15	0	.5307186	.2022694	.2670119	0
505.15	0	.5306681	.20235	.2669819	0
504.15	0	.5306177	.2024303	.266952	0
503.15	0	.5305675	.2025103	.2669221	0
502.15	0	.5305176	.2025902	.2668923	0
501.15	0	.5304677	.2026697	.2668625	0
500.15	0	.5304181	.2027491	.2668328	0
499.15	0	.5303686	.2028282	.2668032	0
498.15	0	.5303193	.202907	.2667736	0
497.15	0	.5302702	.2029856	.2667441	0
496.15	0	.5302213	.203064	.2667147	0
495.15	0	.5301726	.2031421	.2666853	0
494.15	0	.530124	.20322	.266656	0
493.15	0	.5300756	.2032977	.2666267	0
492.15	0	.5300274	.2033751	.2665976	0
491.15	0	.5299794	.2034522	.2665684	0
490.15	0	.5299315	.2035291	.2665394	0
489.15	0	.5298838	.2036058	.2665104	0
488.15	0	.5298363	.2036822	.2664815	0
487.15	0	.529789	.2037584	.2664526	0
486.15	0	.5297418	.2038343	.2664238	0
485.15	0	.5296949	.20391	.2663951	0
484.15	0	.5296481	.2039855	.2663665	0
483.15	0	.5296014	.2040607	.2663379	0
482.15	0	.529555	.2041356	.2663094	0
481.15	0	.5295087	.2042103	.266281	0
480.15	0	.5294626	.2042848	.2662526	0
479.15	0	.5294167	.204359	.2662243	0
478.15	0	.5293709	.204433	.2661961	0
477.15	0	.5293253	.2045067	.2661679	0
476.15	0	.5292799	.2045802	.2661399	0
475.15	0	.5292347	.2046534	.2661119	0
474.15	0	.5291896	.2047264	.266084	0
473.15	0	.5291447	.2047991	.2660561	0
472.15	0	.5291	.2048716	.2660284	0
471.15	0	.5290555	.2049439	.2660007	0
470.15	0	.5290111	.2050159	.265973	0
469.15	0	.5289669	.2050876	.2659455	0
468.15	0	.5289229	.2051591	.265918	0
467.15	0	.528879	.2052303	.2658906	0
466.15	0	.5288354	.2053013	.2658633	0
465.15	0	.5287918	.2053721	.2658361	0
464.15	0	.5287485	.2054426	.2658089	0
463.15	0	.5287053	.2055128	.2657819	0
462.15	0	.5286623	.2055828	.2657549	0
461.15	0	.5286195	.2056525	.265728	0
460.15	0	.5285768	.205722	.2657011	0
459.15	0	.5285344	.2057912	.2656744	0
458.15	0	.528492	.2058602	.2656477	0
457.15	0	.5284499	.205929	.2656212	0
456.15	0	.5284079	.2059974	.2655947	0
455.15	0	.5283661	.2060657	.2655682	0
454.15	0	.5283245	.2061336	.2655419	0
453.15	0	.528283	.2062014	.2655157	0
452.15	0	.5282417	.2062688	.2654895	0
451.15	0	.5282005	.206336	.2654634	0
450.15	0	.5281596	.206403	.2654374	0
449.15	0	.5281188	.2064697	.2654115	0
448.15	0	.5280782	.2065361	.2653857	0
447.15	0	.5280378	.2066022	.26536	0
446.15	0	.5279976	.206668	.2653344	0
445.15	0	.5279575	.2067336	.2653089	0
444.15	0	.5279176	.206799	.2652834	0
443.15	0	.5278779	.206864	.2652581	0
442.15	0	.5278384	.2069287	.2652329	0
441.15	0	.5277991	.2069932	.2652077	0
440.15	0	.5277599	.2070574	.2651827	0
439.15	0	.527721	.2071212	.2651578	0
438.15	0	.5276823	.2071848	.2651329	0
437.15	0	.5276437	.2072481	.2651082	0
436.15	0	.5276053	.2073111	.2650836	0
435.15	0	.5275672	.2073737	.2650591	0
434.15	0	.5275293	.2074361	.2650347	0
433.15	0	.5274915	.2074981	.2650104	0
432.15	0	.527454	.2075598	.2649862	0
431.15	0	.5274166	.2076213	.2649621	0
430.15	0	.5273795	.2076824	.2649382	0
429.15	0	.5273425	.2077431	.2649144	0
428.15	0	.5273058	.2078036	.2648906	0
427.15	0	.5272693	.2078637	.264867	0
426.15	0	.527233	.2079235	.2648435	0
425.15	0	.5271969	.207983	.2648201	0
424.15	0	.527161	.2080421	.2647969	0
423.15	0	.5271253	.2081009	.2647738	0
422.15	0	.5270899	.2081594	.2647507	0
421.15	0	.5270546	.2082176	.2647278	0
420.15	0	.5270195	.2082754	.2647051	0
419.15	0	.5269847	.2083329	.2646824	0
418.15	0	.5269501	.2083901	.2646599	0
417.15	0	.5269157	.2084469	.2646375	0
416.15	0	.5268814	.2085034	.2646152	0
415.15	0	.5268474	.2085596	.264593	0
414.15	0	.5268137	.2086154	.264571	0
413.15	0	.5267801	.2086709	.2645491	0
412.15	0	.5267467	.2087261	.2645272	0
411.15	0	.5267135	.2087809	.2645056	0
410.15	0	.5266806	.2088354	.264484	0
409.15	0	.5266478	.2088896	.2644626	0
408.15	0	.5266153	.2089434	.2644413	0
407.15	0	.5265829	.2089969	.2644201	0
406.15	0	.5265508	.2090501	.2643991	0
405.15	0	.5265189	.209103	.2643782	0
404.15	0	.5264872	.2091555	.2643574	0
403.15	0	.5264556	.2092077	.2643367	0
402.15	0	.5264243	.2092595	.2643162	0
401.15	0	.5263932	.2093111	.2642957	0
400.15	0	.5263623	.2093623	.2642754	0
399.15	0	.5263315	.2094132	.2642553	0
398.15	0	.526301	.2094638	.2642352	0
397.15	0	.5262707	.209514	.2642153	0
396.15	0	.5262405	.209564	.2641955	0
395.15	0	.5262106	.2096136	.2641758	0
394.15	0	.5261809	.2096629	.2641563	0
393.15	0	.5261513	.2097119	.2641368	0
392.15	0	.5261219	.2097605	.2641175	0
391.15	0	.5260927	.2098089	.2640984	0
390.15	0	.5260638	.2098569	.2640793	0
389.15	0	.526035	.2099047	.2640604	0
388.15	0	.5260063	.2099521	.2640416	0
387.15	0	.5259779	.2099992	.2640229	0
386.15	0	.5259496	.2100461	.2640043	0
385.15	0	.5259215	.2100926	.2639859	0
384.15	0	.5258937	.2101388	.2639675	0
383.15	0	.5258659	.2101847	.2639494	0
382.15	0	.5258384	.2102303	.2639313	0
381.15	0	.525811	.2102757	.2639133	0
380.15	0	.5257838	.2103207	.2638955	0
