T	 BPW(LIQUID)	BPW(BCC_A2)	BPW(FCC_A1)	BPW(LAVES_PHASE_C14)	BPW(NI3TI)
1473.15	0	1	0	0	0
1472.15	0	1	0	0	0
1471.15	0	1	0	0	0
1470.15	0	1	0	0	0
1469.15	0	1	0	0	0
1468.15	0	1	0	0	0
1467.15	0	1	0	0	0
1466.15	0	1	0	0	0
1465.15	0	1	0	0	0
1464.15	0	1	0	0	0
1463.15	0	1	0	0	0
1462.15	0	1	0	0	0
1461.15	0	1	0	0	0
1460.15	0	1	0	0	0
1459.15	0	1	0	0	0
1458.15	0	1	0	0	0
1457.15	0	1	0	0	0
1456.15	0	1	0	0	0
1455.15	0	1	0	0	0
1454.15	0	1	0	0	0
1453.15	0	1	0	0	0
1452.15	0	1	0	0	0
1451.15	0	1	0	0	0
1450.15	0	1	0	0	0
1449.15	0	1	0	0	0
1448.15	0	1	0	0	0
1447.15	0	1	0	0	0
1446.15	0	1	0	0	0
1445.15	0	1	0	0	0
1444.15	0	1	0	0	0
1443.15	0	1	0	0	0
1442.15	0	1	0	0	0
1441.15	0	1	0	0	0
1440.15	0	1	0	0	0
1439.15	0	1	0	0	0
1438.15	0	1	0	0	0
1437.15	0	1	0	0	0
1436.15	0	1	0	0	0
1435.15	0	1	0	0	0
1434.15	0	1	0	0	0
1433.15	0	1	0	0	0
1432.15	0	1	0	0	0
1431.15	0	1	0	0	0
1430.15	0	1	0	0	0
1429.15	0	1	0	0	0
1428.15	0	1	0	0	0
1427.15	0	1	0	0	0
1426.15	0	1	0	0	0
1425.15	0	1	0	0	0
1424.15	0	1	0	0	0
1423.15	0	1	0	0	0
1422.15	0	1	0	0	0
1421.15	0	1	0	0	0
1420.15	0	1	0	0	0
1419.15	0	1	0	0	0
1418.15	0	1	0	0	0
1417.15	0	1	0	0	0
1416.15	0	1	0	0	0
1415.15	0	1	0	0	0
1414.15	0	1	0	0	0
1413.15	0	1	0	0	0
1412.15	0	1	0	0	0
1411.15	0	1	0	0	0
1410.15	0	1	0	0	0
1409.15	0	1	0	0	0
1408.15	0	1	0	0	0
1407.15	0	1	0	0	0
1406.15	0	1	0	0	0
1405.15	0	1	0	0	0
1404.15	0	1	0	0	0
1403.15	0	1	0	0	0
1402.15	0	1	0	0	0
1401.15	0	1	0	0	0
1400.15	0	1	0	0	0
1399.15	0	1	0	0	0
1398.15	0	1	0	0	0
1397.15	0	1	0	0	0
1396.15	0	1	0	0	0
1395.15	0	1	0	0	0
1394.15	0	1	0	0	0
1393.15	0	1	0	0	0
1392.15	0	1	0	0	0
1391.15	0	1	0	0	0
1390.15	0	1	0	0	0
1389.15	0	1	0	0	0
1388.15	0	1	0	0	0
1387.15	0	1	0	0	0
1386.15	0	1	0	0	0
1385.15	0	1	0	0	0
1384.15	0	1	0	0	0
1383.15	0	1	0	0	0
1382.15	0	1	0	0	0
1381.15	0	1	0	0	0
1380.15	0	1	0	0	0
1379.15	0	1	0	0	0
1378.15	0	1	0	0	0
1377.15	0	1	0	0	0
1376.15	0	1	0	0	0
1375.15	0	1	0	0	0
1374.15	0	1	0	0	0
1373.15	0	1	0	0	0
1372.15	0	1	0	0	0
1371.15	0	1	0	0	0
1370.15	0	1	0	0	0
1369.15	0	1	0	0	0
1368.15	0	1	0	0	0
1367.15	0	1	0	0	0
1366.15	0	1	0	0	0
1365.15	0	1	0	0	0
1364.15	0	1	0	0	0
1363.15	0	1	0	0	0
1362.15	0	1	0	0	0
1361.15	0	1	0	0	0
1360.15	0	1	0	0	0
1359.15	0	1	0	0	0
1358.15	0	1	0	0	0
1357.15	0	1	0	0	0
1356.15	0	1	0	0	0
1355.15	0	1	0	0	0
1354.15	0	1	0	0	0
1353.15	0	1	0	0	0
1352.15	0	1	0	0	0
1351.15	0	1	0	0	0
1350.15	0	1	0	0	0
1349.15	0	1	0	0	0
1348.15	0	1	0	0	0
1347.15	0	1	0	0	0
1346.15	0	1	0	0	0
1345.15	0	1	0	0	0
1344.15	0	1	0	0	0
1343.15	0	1	0	0	0
1342.15	0	1	0	0	0
1341.15	0	1	0	0	0
1340.15	0	1	0	0	0
1339.15	0	1	0	0	0
1338.15	0	1	0	0	0
1337.15	0	1	0	0	0
1336.15	0	1	0	0	0
1335.15	0	1	0	0	0
1334.15	0	1	0	0	0
1333.15	0	1	0	0	0
1332.15	0	1	0	0	0
1331.15	0	1	0	0	0
1330.15	0	1	0	0	0
1329.15	0	1	0	0	0
1328.15	0	1	0	0	0
1327.15	0	1	0	0	0
1326.15	0	1	0	0	0
1325.15	0	1	0	0	0
1324.15	0	1	0	0	0
1323.15	0	1	0	0	0
1322.15	0	1	0	0	0
1321.15	0	1	0	0	0
1320.15	0	1	0	0	0
1319.15	0	1	0	0	0
1318.15	0	1	0	0	0
1317.15	0	1	0	0	0
1316.15	0	1	0	0	0
1315.15	0	1	0	0	0
1314.15	0	1	0	0	0
1313.15	0	1	0	0	0
1312.15	0	1	0	0	0
1311.15	0	1	0	0	0
1310.15	0	1	0	0	0
1309.15	0	1	0	0	0
1308.15	0	1	0	0	0
1307.15	0	1	0	0	0
1306.15	0	1	0	0	0
1305.15	0	1	0	0	0
1304.15	0	1	0	0	0
1303.15	0	1	0	0	0
1302.15	0	1	0	0	0
1301.15	0	1	0	0	0
1300.15	0	1	0	0	0
1299.15	0	1	0	0	0
1298.15	0	1	0	0	0
1297.15	0	1	0	0	0
1296.15	0	1	0	0	0
1295.15	0	1	0	0	0
1294.15	0	1	0	0	0
1293.15	0	1	0	0	0
1292.15	0	1	0	0	0
1291.15	0	1	0	0	0
1290.15	0	1	0	0	0
1289.15	0	1	0	0	0
1288.15	0	1	0	0	0
1287.15	0	1	0	0	0
1286.15	0	1	0	0	0
1285.15	0	1	0	0	0
1284.15	0	1	0	0	0
1283.15	0	1	0	0	0
1282.15	0	1	0	0	0
1281.15	0	1	0	0	0
1280.15	0	1	0	0	0
1279.15	0	1	0	0	0
1278.15	0	1	0	0	0
1277.15	0	1	0	0	0
1276.15	0	1	0	0	0
1275.15	0	1	0	0	0
1274.15	0	1	0	0	0
1273.15	0	1	0	0	0
1272.15	0	1	0	0	0
1271.15	0	1	0	0	0
1270.15	0	1	0	0	0
1269.156	0	1	0	0	0
1269.156	0	1	0	0	0
1269.156	0	1	0	0	0
1269.15	0	.9999966	0	3.383388E-06	0
1268.15	0	.9994196	0	5.803652E-04	0
1267.15	0	.9988439	0	.001156082	0
1266.15	0	.9982695	0	.001730538	0
1265.15	0	.9976963	0	.002303736	0
1264.15	0	.9971243	0	.00287568	0
1263.15	0	.9965536	0	.003446372	0
1262.15	0	.9959842	0	.004015816	0
1261.15	0	.995416	0	.004584016	0
1260.15	0	.994849	0	.005150974	0
1259.15	0	.9942833	0	.005716695	0
1258.15	0	.9937188	0	.006281181	0
1257.15	0	.9931556	0	.006844435	0
1256.15	0	.9925935	0	.007406462	0
1255.15	0	.9920327	0	.007967263	0
1254.15	0	.9914732	0	.008526842	0
1253.15	0	.9909148	0	.009085203	0
1252.15	0	.9903576	0	.009642349	0
1251.15	0	.9898017	0	.01019828	0
1250.15	0	.989247	0	.01075301	0
1249.15	0	.9886935	0	.01130653	0
1248.15	0	.9881412	0	.01185884	0
1247.15	0	.98759	0	.01240996	0
1246.15	0	.9870401	0	.01295988	0
1245.15	0	.9864914	0	.0135086	0
1244.15	0	.9859439	0	.01405614	0
1243.15	0	.9853975	0	.01460249	0
1242.15	0	.9848524	0	.01514765	0
1241.15	0	.9843084	0	.01569163	0
1240.15	0	.9837656	0	.01623444	0
1239.15	0	.9832239	0	.01677606	0
1238.15	0	.9826835	0	.01731652	0
1237.15	0	.9821442	0	.01785581	0
1236.15	0	.9816061	0	.01839393	0
1235.15	0	.9810691	0	.01893089	0
1234.15	0	.9805333	0	.01946668	0
1233.15	0	.9799987	0	.02000132	0
1232.15	0	.9794652	0	.02053481	0
1231.15	0	.9789329	0	.02106714	0
1230.15	0	.9784017	0	.02159833	0
1229.15	0	.9778716	0	.02212837	0
1228.15	0	.9773427	0	.02265726	0
1227.15	0	.976815	0	.02318502	0
1226.15	0	.9762884	0	.02371164	0
1225.15	0	.9757629	0	.02423712	0
1224.15	0	.9752385	0	.02476147	0
1223.15	0	.9747153	0	.02528469	0
1222.15	0	.9741932	0	.02580679	0
1221.15	0	.9736722	0	.02632776	0
1220.15	0	.9731524	0	.02684762	0
1219.15	0	.9726337	0	.02736635	0
1218.15	0	.972116	0	.02788397	0
1217.15	0	.9715995	0	.02840048	0
1216.15	0	.9710841	0	.02891588	0
1215.15	0	.9705698	0	.02943017	0
1214.15	0	.9700567	0	.02994336	0
1213.15	0	.9695446	0	.03045544	0
1212.15	0	.9690336	0	.03096643	0
1211.15	0	.9685237	0	.03147632	0
1210.15	0	.9680149	0	.03198511	0
1209.15	0	.9675072	0	.03249282	0
1208.15	0	.9670006	0	.03299943	0
1207.15	0	.966495	0	.03350496	0
1206.15	0	.9659906	0	.03400941	0
1205.15	0	.9654872	0	.03451278	0
1204.15	0	.9649849	0	.03501507	0
1203.15	0	.9644837	0	.03551628	0
1202.15	0	.9639836	0	.03601642	0
1201.15	0	.9634845	0	.03651549	0
1200.15	0	.9629865	0	.03701349	0
1199.15	0	.9624896	0	.03751043	0
1198.15	0	.9619937	0	.0380063	0
1197.15	0	.9614989	0	.03850112	0
1196.15	0	.9610051	0	.03899487	0
1195.15	0	.9605124	0	.03948757	0
1194.15	0	.9600208	0	.03997922	0
1193.15	0	.9595302	0	.04046982	0
1192.15	0	.9590406	0	.04095936	0
1191.15	0	.9585521	0	.04144787	0
1190.15	0	.9580647	0	.04193533	0
1189.15	0	.9575783	0	.04242175	0
1188.15	0	.9570929	0	.04290712	0
1187.15	0	.9566085	0	.04339147	0
1186.15	0	.9561252	0	.04387478	0
1185.15	0	.9556429	0	.04435706	0
1184.15	0	.9551617	0	.04483831	0
1183.15	0	.9546815	0	.04531853	0
1182.15	0	.9542023	0	.04579773	0
1181.15	0	.9537241	0	.04627591	0
1180.15	0	.9532469	0	.04675307	0
1179.15	0	.9527708	0	.04722921	0
1178.15	0	.9522957	0	.04770434	0
1177.15	0	.9518216	0	.04817845	0
1176.15	0	.9513485	0	.04865155	0
1175.15	0	.9508764	0	.04912364	0
1174.15	0	.9504053	0	.04959473	0
1173.15	0	.9499352	0	.05006482	0
1172.15	0	.9494661	0	.0505339	0
1171.15	0	.948998	0	.05100198	0
1170.15	0	.9485309	0	.05146907	0
1169.15	0	.9480648	0	.05193516	0
1168.15	0	.9475997	0	.05240026	0
1167.15	0	.9471356	0	.05286436	0
1166.15	0	.9466725	0	.05332749	0
1165.15	0	.9462104	0	.05378962	0
1164.15	0	.9457492	0	.05425077	0
1163.15	0	.9452891	0	.05471093	0
1162.15	0	.9448299	0	.05517012	0
1161.15	0	.9443717	0	.05562833	0
1160.15	0	.9439144	0	.05608556	0
1159.15	0	.9434582	0	.05654183	0
1158.15	0	.9430029	0	.05699712	0
1157.15	0	.9425486	0	.05745144	0
1156.15	0	.9420952	0	.05790479	0
1155.15	0	.9416428	0	.05835718	0
1154.15	0	.9411914	0	.05880862	0
1153.15	0	.9407409	0	.05925908	0
1152.15	0	.9402914	0	.05970859	0
1151.15	0	.9398429	0	.06015714	0
1150.15	0	.9393953	0	.06060473	0
1149.15	0	.9389486	0	.06105137	0
1148.15	0	.938503	0	.06149705	0
1147.15	0	.9380582	0	.0619418	0
1146.15	0	.9376144	0	.06238559	0
1145.15	0	.9371716	0	.06282844	0
1144.15	0	.9367297	0	.06327034	0
1143.15	0	.9362887	0	.0637113	0
1142.15	0	.9358487	0	.06415133	0
1141.15	0	.9354096	0	.06459042	0
1140.15	0	.9349714	0	.06502857	0
1139.15	0	.9345342	0	.06546579	0
1138.15	0	.9340979	0	.06590208	0
1137.15	0	.9336626	0	.06633744	0
1136.15	0	.9332281	0	.06677187	0
1135.15	0	.9327946	0	.06720537	0
1134.15	0	.932362	0	.06763796	0
1133.15	0	.9319304	0	.06806962	0
1132.15	0	.9314996	0	.06850036	0
1131.15	0	.9310698	0	.06893018	0
1130.15	0	.9306409	0	.06935909	0
1129.15	0	.9302129	0	.06978708	0
1128.15	0	.9297858	0	.07021416	0
1127.15	0	.9293597	0	.07064033	0
1126.15	0	.9289344	0	.07106559	0
1125.15	0	.9285101	0	.07148994	0
1124.15	0	.9280866	0	.07191339	0
1123.15	0	.9276641	0	.07233593	0
1122.15	0	.9272424	0	.07275757	0
1121.15	0	.9268217	0	.07317832	0
1120.15	0	.9264018	0	.07359816	0
1119.15	0	.9259829	0	.07401711	0
1118.15	0	.9255648	0	.07443516	0
1117.15	0	.9251477	0	.07485232	0
1116.15	0	.9247314	0	.07526859	0
1115.15	0	.924316	0	.07568397	0
1114.15	0	.9239015	0	.07609846	0
1113.15	0	.9234879	0	.07651207	0
1112.15	0	.9230752	0	.07692479	0
1111.15	0	.9226634	0	.07733663	0
1110.15	0	.9222524	0	.07774759	0
1109.15	0	.9218423	0	.07815767	0
1108.15	0	.9214331	0	.07856687	0
1107.15	0	.9210248	0	.0789752	0
1106.15	0	.9206174	0	.07938265	0
1105.15	0	.9202108	0	.07978923	0
1104.15	0	.9198051	0	.08019494	0
1103.15	0	.9194002	0	.08059978	0
1102.15	0	.9189963	0	.08100375	0
1101.15	0	.9185932	0	.08140686	0
1100.15	0	.9181909	0	.0818091	0
1099.15	0	.9177895	0	.08221047	0
1098.15	0	.917389	0	.08261099	0
1097.15	0	.9169894	0	.08301065	0
1096.15	0	.9165906	0	.08340945	0
1095.15	0	.9161926	0	.08380739	0
1094.15	0	.9157955	0	.08420448	0
1093.15	0	.9153993	0	.08460072	0
1092.15	0	.9150039	0	.0849961	0
1091.15	0	.9146094	0	.08539063	0
1090.15	0	.9142157	0	.08578432	0
1089.15	0	.9138228	0	.08617716	0
1088.15	0	.9134309	0	.08656915	0
1087.15	0	.9130397	0	.0869603	0
1086.15	0	.9126494	0	.0873506	0
1085.15	0	.9122599	0	.08774007	0
1084.15	0	.9118713	0	.08812869	0
1083.15	0	.9114835	0	.08851648	0
1082.15	0	.9110966	0	.08890343	0
1081.15	0	.9107105	0	.08928954	0
1080.15	0	.9103252	0	.08967482	0
1079.15	0	.9099407	0	.09005927	0
1078.15	0	.9095571	0	.09044289	0
1077.15	0	.9091743	0	.09082568	0
1076.15	0	.9087924	0	.09120764	0
1075.15	0	.9084112	0	.09158877	0
1074.15	0	.9080309	0	.09196908	0
1073.15	0	.9076514	0	.09234857	0
1072.15	0	.9072728	0	.09272724	0
1071.15	0	.9068949	0	.09310508	0
1070.15	0	.9065179	0	.0934821	0
1069.15	0	.9061417	0	.09385831	0
1068.15	0	.9057663	0	.0942337	0
1067.15	0	.9053917	0	.09460827	0
1066.15	0	.905018	0	.09498203	0
1065.15	0	.904645	0	.09535498	0
1064.15	0	.9042729	0	.09572712	0
1063.15	0	.9039016	0	.09609844	0
1062.15	0	.903531	0	.09646896	0
1061.15	0	.9031613	0	.09683867	0
1060.15	0	.9027924	0	.09720758	0
1059.15	0	.9024243	0	.09757568	0
1058.15	0	.902057	0	.09794298	0
1057.15	0	.9016905	0	.09830948	0
1056.15	0	.9013248	0	.09867517	0
1055.15	0	.9009599	0	.09904007	0
1054.15	0	.9005958	0	.09940417	0
1053.15	0	.9002325	0	.09976747	0
1052.15	0	.89987	0	.10013	0
1051.15	0	.8995083	0	.1004917	0
1050.15	0	.8991474	0	.1008526	0
1049.15	0	.8987873	0	.1012127	0
1048.15	0	.8984279	0	.1015721	0
1047.15	0	.8980694	0	.1019306	0
1046.15	0	.8977116	0	.1022884	0
1045.15	0	.8973546	0	.1026454	0
1044.15	0	.8969984	0	.1030016	0
1043.15	0	.896643	0	.103357	0
1042.15	0	.8962884	0	.1037116	0
1041.15	0	.8959346	0	.1040654	0
1040.15	0	.8955815	0	.1044185	0
1039.15	0	.8952292	0	.1047708	0
1038.15	0	.8948777	0	.1051223	0
1037.15	0	.894527	0	.105473	0
1036.15	0	.894177	0	.105823	0
1035.15	0	.8938278	0	.1061722	0
1034.15	0	.8934795	0	.1065206	0
1033.15	0	.8931318	0	.1068682	0
1032.15	0	.892785	0	.1072151	0
1031.15	0	.8924389	0	.1075611	0
1030.15	0	.8920935	0	.1079065	0
1029.15	0	.891749	0	.108251	0
1028.15	0	.8914052	0	.1085948	0
1027.15	0	.8910622	0	.1089378	0
1026.15	0	.8907199	0	.1092801	0
1025.15	0	.8903784	0	.1096216	0
1024.15	0	.8900377	0	.1099623	0
1023.15	0	.8896977	0	.1103023	0
1022.15	0	.8893585	0	.1106415	0
1021.15	0	.88902	0	.11098	0
1020.15	0	.8886823	0	.1113177	0
1019.15	0	.8883454	0	.1116546	0
1018.15	0	.8880092	0	.1119908	0
1017.15	0	.8876738	0	.1123263	0
1016.15	0	.8873391	0	.1126609	0
1015.15	0	.8870051	0	.1129949	0
1014.15	0	.886672	0	.113328	0
1013.15	0	.8863395	0	.1136605	0
1012.15	0	.8860079	0	.1139922	0
1011.15	0	.8856769	0	.1143231	0
1010.15	0	.8853467	0	.1146533	0
1009.15	0	.8850173	0	.1149827	0
1008.15	0	.8846886	0	.1153114	0
1007.15	0	.8843606	0	.1156394	0
1006.15	0	.8840334	0	.1159666	0
1005.15	0	.883707	0	.116293	0
1004.15	0	.8833812	0	.1166188	0
1003.15	0	.8830562	0	.1169438	0
1002.15	0	.882732	0	.117268	0
1001.15	0	.8824085	0	.1175915	0
1000.15	0	.8820857	0	.1179143	0
999.15	0	.8817637	0	.1182363	0
998.15	0	.8814424	0	.1185576	0
997.15	0	.8811218	0	.1188782	0
996.15	0	.8808019	0	.1191981	0
995.15	0	.8804828	0	.1195172	0
994.15	0	.8801645	0	.1198355	0
993.15	0	.8798468	0	.1201532	0
992.15	0	.8795299	0	.1204701	0
991.15	0	.8792137	0	.1207863	0
990.15	0	.8788982	0	.1211018	0
989.15	0	.8785835	0	.1214165	0
988.15	0	.8782695	0	.1217305	0
987.15	0	.8779562	0	.1220438	0
986.15	0	.8776436	0	.1223564	0
985.15	0	.8773318	0	.1226682	0
984.15	0	.8770207	0	.1229794	0
983.15	0	.8767103	0	.1232898	0
982.15	0	.8764006	0	.1235994	0
981.15	0	.8760916	0	.1239084	0
980.15	0	.8757834	0	.1242166	0
979.15	0	.8754758	0	.1245242	0
978.15	0	.875169	0	.124831	0
977.15	0	.8748629	0	.1251371	0
976.15	0	.8745575	0	.1254425	0
975.15	0	.8742528	0	.1257472	0
974.15	0	.8739489	0	.1260511	0
973.15	0	.8736456	0	.1263544	0
972.15	0	.8733431	0	.1266569	0
971.15	0	.8730412	0	.1269588	0
970.15	0	.8727401	0	.1272599	0
969.15	0	.8724397	0	.1275603	0
968.15	0	.87214	0	.12786	0
967.15	0	.871841	0	.128159	0
966.15	0	.8715427	0	.1284573	0
965.15	0	.8712451	0	.1287549	0
964.15	0	.8709482	0	.1290518	0
963.15	0	.870652	0	.129348	0
962.15	0	.8703566	0	.1296434	0
961.15	0	.8700618	0	.1299382	0
960.15	0	.8697677	0	.1302323	0
959.15	0	.8694743	0	.1305257	0
958.15	0	.8691816	0	.1308184	0
957.15	0	.8688896	0	.1311104	0
956.15	0	.8685983	0	.1314017	0
955.15	0	.8683077	0	.1316923	0
954.15	0	.8680178	0	.1319822	0
953.15	0	.8677286	0	.1322714	0
952.15	0	.8674401	0	.1325599	0
951.15	0	.8671523	0	.1328477	0
950.15	0	.8668652	0	.1331348	0
949.15	0	.8665787	0	.1334213	0
948.15	0	.866293	0	.133707	0
947.15	0	.8660079	0	.1339921	0
946.15	0	.8657236	0	.1342764	0
945.15	0	.8654399	0	.1345601	0
944.15	0	.8651569	0	.1348431	0
943.15	0	.8648746	0	.1351254	0
942.15	0	.864593	0	.135407	0
941.15	0	.864312	0	.135688	0
940.15	0	.8640318	0	.1359682	0
939.15	0	.8637522	0	.1362478	0
938.7397	0	.8636377	0	.1363623	0
938.7397	0	.8636377	0	.1363623	0
938.7397	0	.8636377	0	.1363623	0
938.15	0	.8630722	4.364162E-04	.1364914	0
937.15	0	.8621153	.001175364	.1367094	0
936.15	0	.8611607	.00191292	.1369264	0
935.15	0	.8602086	.002649098	.1371423	0
934.15	0	.8592589	.003383916	.1373572	0
933.15	0	.8583116	.00411739	.137571	0
932.15	0	.8573667	.004849537	.1377837	0
931.15	0	.8564243	.005580375	.1379954	0
930.15	0	.8554841	.006309923	.1382059	0
929.15	0	.8545464	.007038199	.1384154	0
928.15	0	.8536109	.007765222	.1386238	0
927.15	0	.8526779	.008491014	.1388311	0
926.15	0	.8517471	.009215593	.1390373	0
925.15	0	.8508186	.009938983	.1392424	0
924.15	0	.8498925	.0106612	.1394464	0
923.15	0	.8489686	.01138228	.1396492	0
922.15	0	.8480469	.01210223	.1398509	0
921.15	0	.8471275	.01282108	.1400514	0
920.15	0	.8462103	.01353886	.1402508	0
919.15	0	.8452953	.01425559	.1404491	0
918.15	0	.8443825	.0149713	.1406462	0
917.15	0	.8434719	.01568602	.1408421	0
916.15	0	.8425634	.01639977	.1410368	0
915.15	0	.8416571	.01711257	.1412304	0
914.15	0	.8407528	.01782447	.1414227	0
913.15	0	.8398506	.0185355	.1416139	0
912.15	0	.8389505	.01924567	.1418038	0
911.15	0	.8380524	.01995503	.1419925	0
910.15	0	.8371564	.02066361	.14218	0
909.15	0	.8362623	.02137144	.1423663	0
908.15	0	.8353701	.02207857	.1425513	0
907.15	0	.83448	.02278502	.142735	0
906.15	0	.8335917	.02349083	.1429175	0
905.15	0	.8327053	.02419604	.1430987	0
904.15	0	.8318207	.0249007	.1432786	0
903.15	0	.8309379	.02560484	.1434572	0
902.15	0	.830057	.02630851	.1436345	0
901.15	0	.8291778	.02701175	.1438105	0
900.15	0	.8283003	.0277146	.1439851	0
899.15	0	.8274245	.02841712	.1441584	0
898.15	0	.8265503	.02911935	.1443304	0
897.15	0	.8256777	.02982134	.1445009	0
896.15	0	.8248068	.03052314	.1446701	0
895.15	0	.8239373	.03122481	.1448379	0
894.15	0	.8230693	.0319264	.1450043	0
893.15	0	.8222028	.03262797	.1451692	0
892.15	0	.8213377	.03332957	.1453328	0
891.15	0	.8204739	.03403126	.1454948	0
890.15	0	.8196115	.03473312	.1456554	0
889.15	0	.8187503	.03543519	.1458146	0
888.15	0	.8178903	.03613755	.1459722	0
887.15	0	.8170314	.03684027	.1461283	0
886.15	0	.8161737	.03754341	.1462829	0
885.15	0	.815317	.03824705	.146436	0
884.15	0	.8144613	.03895127	.1465874	0
883.15	0	.8136065	.03965614	.1467373	0
882.15	0	.8127526	.04036173	.1468857	0
881.15	0	.8118995	.04106815	.1470324	0
880.15	0	.8110471	.04177546	.1471774	0
879.15	0	.8101954	.04248377	.1473208	0
878.15	0	.8093443	.04319315	.1474625	0
877.15	0	.8084937	.04390371	.1476026	0
876.15	0	.8076436	.04461555	.1477409	0
875.15	0	.8067938	.04532876	.1478775	0
874.15	0	.8059443	.04604346	.1480123	0
873.15	0	.8050949	.04675974	.1481453	0
872.15	0	.8042457	.04747773	.1482765	0
871.15	0	.8033966	.04819754	.1484059	0
870.15	0	.8025473	.04891929	.1485334	0
869.15	0	.8016978	.04964311	.1486591	0
868.15	0	.8008481	.05036913	.1487828	0
867.15	0	.799998	.05109748	.1489046	0
866.15	0	.7991473	.0518283	.1490244	0
865.15	0	.7982961	.05256174	.1491422	0
864.15	0	.7974441	.05329796	.1492579	0
863.15	0	.7965913	.05403711	.1493716	0
862.15	0	.7957374	.05477935	.1494832	0
861.15	0	.7948825	.05552486	.1495927	0
860.15	0	.7940263	.05627381	.1496999	0
859.15	0	.7931686	.05702638	.149805	0
858.15	0	.7923094	.05778278	.1499078	0
857.15	0	.7914484	.0585432	.1500084	0
856.15	0	.7905856	.05930786	.1501065	0
855.15	0	.7897207	.06007696	.1502024	0
854.15	0	.7888535	.06085075	.1502957	0
853.15	0	.7879839	.06162946	.1503866	0
852.15	0	.7871116	.06241334	.150475	0
851.15	0	.7862365	.06320265	.1505608	0
850.15	0	.7853583	.06399768	.150644	0
849.15	0	.7844768	.0647987	.1507245	0
848.15	0	.7835918	.06560603	.1508022	0
847.15	0	.7827029	.06641998	.1508771	0
846.15	0	.78181	.06724089	.1509491	0
845.15	0	.7809127	.06806911	.1510182	0
844.15	0	.7800108	.06890502	.1510842	0
843.15	0	.7791039	.069749	.1511471	0
842.15	0	.7781917	.07060147	.1512069	0
841.15	0	.7772738	.07146288	.1512633	0
840.15	0	.7763499	.07233368	.1513164	0
839.15	0	.7754196	.07321438	.1513661	0
838.15	0	.7744824	.0741055	.1514121	0
837.15	0	.7735379	.07500759	.1514545	0
836.15	0	.7725857	.07592124	.1514931	0
835.15	0	.7716252	.07684711	.1515277	0
834.15	0	.7706559	.07778585	.1515583	0
833.15	0	.7696771	.0787382	.1515847	0
832.15	0	.7686884	.07970494	.1516067	0
831.15	0	.7676889	.08068691	.1516242	0
830.15	0	.766678	.081685	.151637	0
829.15	0	.7656549	.08270019	.1516449	0
828.15	0	.7646187	.08373354	.1516478	0
827.15	0	.7634228	.08495224	.151625	0
826.15	0	.7617637	.08670382	.1515325	0
825.15	0	.7601655	.08839221	.1514423	0
824.15	0	.7586248	.09002079	.1513545	0
823.15	0	.7571385	.09159271	.1512688	0
822.15	0	.7557039	.09311092	.1511852	0
821.15	0	.7543182	.09457817	.1511036	0
820.15	0	.7529789	.09599705	.151024	0
819.15	0	.7516837	.09736999	.1509463	0
818.15	0	.7504304	.09869925	.1508704	0
817.15	0	.7492169	.09998697	.1507962	0
816.15	0	.7480413	.1012351	.1507236	0
815.15	0	.7469017	.1024456	.1506526	0
814.15	0	.7457966	.1036202	.1505832	0
813.15	0	.7447243	.1047606	.1505151	0
812.15	0	.7436833	.1058682	.1504485	0
811.15	0	.7426721	.1069447	.1503832	0
810.15	0	.7416895	.1079913	.1503191	0
809.15	0	.7407343	.1090095	.1502563	0
808.15	0	.7398051	.1100003	.1501946	0
807.15	0	.738901	.110965	.150134	0
806.15	0	.7380208	.1119047	.1500745	0
805.15	0	.7371636	.1128205	.150016	0
804.15	0	.7363284	.1137132	.1499584	0
803.15	0	.7355143	.1145839	.1499018	0
802.15	0	.7347206	.1154335	.149846	0
801.15	0	.7339462	.1162627	.1497911	0
800.15	0	.7331906	.1170724	.149737	0
799.15	0	.732453	.1178634	.1496836	0
798.15	0	.7317327	.1186363	.149631	0
797.15	0	.7310291	.1193918	.1495791	0
796.15	0	.7303415	.1201307	.1495278	0
795.15	0	.7296693	.1208535	.1494772	0
794.15	0	.729012	.1215607	.1494273	0
793.15	0	.728369	.1222531	.1493779	0
792.15	0	.7277399	.1229311	.149329	0
791.15	0	.7271242	.1235951	.1492807	0
790.15	0	.7265213	.1242458	.1492329	0
789.15	0	.7259308	.1248836	.1491856	0
788.15	0	.7253524	.1255089	.1491388	0
787.15	0	.7247855	.1261221	.1490924	0
786.15	0	.7242299	.1267237	.1490464	0
785.15	0	.7236852	.127314	.1490008	0
784.15	0	.7231509	.1278935	.1489557	0
783.15	0	.7226267	.1284624	.1489109	0
782.15	0	.7221124	.1290211	.1488664	0
781.15	0	.7216077	.12957	.1488223	0
780.15	0	.7211121	.1301094	.1487785	0
779.15	0	.7206254	.1306395	.1487351	0
778.15	0	.7201475	.1311607	.1486919	0
777.15	0	.7196779	.1316732	.148649	0
776.15	0	.7192164	.1321773	.1486063	0
775.15	0	.7187628	.1326732	.148564	0
774.15	0	.7183169	.1331613	.1485218	0
773.15	0	.7178784	.1336416	.1484799	0
772.15	0	.7174472	.1341146	.1484383	0
771.15	0	.7170229	.1345803	.1483968	0
770.15	0	.7166054	.135039	.1483555	0
769.15	0	.7161946	.1354909	.1483145	0
768.15	0	.7157902	.1359362	.1482736	0
767.15	0	.7153934	.1363741	.1482325	0
766.15	0	.7150012	.1368068	.148192	0
765.15	0	.7146149	.1372334	.1481516	0
764.15	0	.7142344	.1376542	.1481114	0
763.15	0	.7138595	.1380692	.1480713	0
762.15	0	.71349	.1384786	.1480314	0
761.15	0	.7131259	.1388826	.1479916	0
760.15	0	.7127669	.1392812	.1479519	0
759.15	0	.7124129	.1396748	.1479123	0
758.15	0	.7120639	.1400633	.1478728	0
757.15	0	.7117197	.1404469	.1478334	0
756.15	0	.7113801	.1408258	.1477941	0
755.15	0	.711045	.1412	.1477549	0
754.15	0	.7107144	.1415698	.1477158	0
753.15	0	.7103881	.1419351	.1476768	0
752.15	0	.7100661	.1422961	.1476379	0
751.15	0	.7097481	.1426529	.147599	0
750.15	0	.7094342	.1430057	.1475602	0
749.15	0	.7091242	.1433544	.1475214	0
748.15	0	.708818	.1436993	.1474827	0
747.15	0	.7085155	.1440404	.1474441	0
746.15	0	.7082167	.1443778	.1474055	0
745.15	0	.7079215	.1447116	.1473669	0
744.15	0	.7076298	.1450418	.1473284	0
743.15	0	.7073414	.1453686	.14729	0
742.15	0	.7070564	.1456921	.1472515	0
741.15	0	.7067747	.1460122	.1472131	0
740.15	0	.7064961	.1463291	.1471748	0
739.15	0	.7062207	.1466429	.1471365	0
738.15	0	.7059483	.1469536	.1470981	0
737.15	0	.7056788	.1472613	.1470599	0
736.15	0	.7054123	.1475661	.1470216	0
735.15	0	.7051487	.1478679	.1469834	0
734.15	0	.7048879	.148167	.1469451	0
733.15	0	.7046298	.1484633	.1469069	0
732.15	0	.7043743	.148757	.1468687	0
731.15	0	.7041215	.149048	.1468305	0
730.15	0	.7038713	.1493364	.1467923	0
729.15	0	.7036236	.1496223	.1467541	0
728.15	0	.7033784	.1499057	.146716	0
727.15	0	.7031356	.1501867	.1466778	0
726.15	0	.7028951	.1504653	.1466396	0
725.15	0	.702657	.1507416	.1466014	0
724.15	0	.7024212	.1510156	.1465633	0
723.15	0	.7021876	.1512873	.1465251	0
722.15	0	.7019562	.1515569	.1464869	0
721.15	0	.701727	.1518243	.1464487	0
720.15	0	.7014998	.1520897	.1464105	0
719.15	0	.7012748	.1523529	.1463723	0
718.15	0	.7010518	.1526141	.1463341	0
717.15	0	.7008308	.1528734	.1462959	0
716.15	0	.7006117	.1531307	.1462576	0
715.15	0	.7003946	.153386	.1462194	0
714.15	0	.7001794	.1536395	.1461811	0
713.15	0	.699966	.1538912	.1461428	0
712.15	0	.6997545	.154141	.1461045	0
711.15	0	.6995447	.1543891	.1460662	0
710.15	0	.6993367	.1546354	.1460279	0
709.15	0	.6991305	.1548799	.1459896	0
708.15	0	.698926	.1551228	.1459512	0
707.15	0	.6987231	.1553641	.1459128	0
706.15	0	.6985219	.1556037	.1458744	0
705.15	0	.6983223	.1558417	.145836	0
704.15	0	.6981243	.1560782	.1457976	0
703.15	0	.6979278	.156313	.1457591	0
702.15	0	.6977329	.1565464	.1457207	0
701.15	0	.6975396	.1567783	.1456822	0
700.15	0	.6973477	.1570087	.1456437	0
699.15	0	.6971573	.1572376	.1456051	0
698.15	0	.6969683	.1574652	.1455666	0
697.15	0	.6967808	.1576913	.145528	0
696.15	0	.6965946	.157916	.1454894	0
695.15	0	.6964098	.1581394	.1454507	0
694.15	0	.6962264	.1583615	.1454121	0
693.15	0	.6960444	.1585822	.1453734	0
692.15	0	.6958636	.1588016	.1453347	0
691.15	0	.6956842	.1590198	.145296	0
690.15	0	.695506	.1592367	.1452573	0
689.15	0	.6953291	.1594524	.1452185	0
688.15	0	.6951535	.1596668	.1451797	0
687.15	0	.694979	.1598801	.1451409	0
686.15	0	.6948058	.1600921	.1451021	0
685.15	0	.6946338	.160303	.1450632	0
684.15	0	.6944629	.1605127	.1450244	0
683.15	0	.6942932	.1607213	.1449855	0
682.15	0	.6941246	.1609288	.1449466	0
681.15	0	.6939572	.1611352	.1449076	0
680.15	0	.6937909	.1613405	.1448686	0
679.15	0	.6936256	.1615447	.1448297	0
678.15	0	.6934615	.1617479	.1447906	0
677.15	0	.6932984	.16195	.1447516	0
676.15	0	.6931364	.162151	.1447126	0
675.15	0	.6929754	.1623511	.1446735	0
674.15	0	.6928154	.1625502	.1446344	0
673.15	0	.6926565	.1627482	.1445953	0
672.15	0	.6924985	.1629453	.1445561	0
671.15	0	.6923416	.1631414	.144517	0
670.15	0	.6921856	.1633366	.1444778	0
669.15	0	.6920306	.1635308	.1444386	0
668.15	0	.6918765	.1637241	.1443994	0
667.15	0	.6917233	.1639165	.1443602	0
666.15	0	.6915711	.1641079	.1443209	0
665.15	0	.6914198	.1642985	.1442817	0
664.15	0	.6912695	.1644882	.1442424	0
663.15	0	.69112	.164677	.1442031	0
662.15	0	.6909713	.1648649	.1441637	0
661.15	0	.6908236	.165052	.1441244	0
660.15	0	.6906768	.1652382	.1440851	0
659.15	0	.6905307	.1654236	.1440457	0
658.15	0	.6903856	.1656082	.1440063	0
657.15	0	.6902412	.1657919	.1439669	0
656.15	0	.6900977	.1659748	.1439275	0
655.15	0	.689955	.1661569	.143888	0
654.15	0	.6898131	.1663383	.1438486	0
653.15	0	.6896721	.1665188	.1438091	0
652.15	0	.6895318	.1666986	.1437697	0
651.15	0	.6893923	.1668776	.1437302	0
650.15	0	.6892535	.1670558	.1436907	0
649.15	0	.6891155	.1672333	.1436512	0
648.15	0	.6889783	.16741	.1436117	0
647.15	0	.6888419	.167586	.1435721	0
646.15	0	.6887061	.1677613	.1435326	0
645.15	0	.6885711	.1679358	.1434931	0
644.15	0	.6884369	.1681096	.1434535	0
643.15	0	.6883033	.1682828	.1434139	0
642.15	0	.6881705	.1684552	.1433744	0
641.15	0	.6880384	.1686269	.1433348	0
640.15	0	.6879069	.1687979	.1432952	0
639.15	0	.6877762	.1689682	.1432556	0
638.15	0	.6876461	.1691379	.143216	0
637.15	0	.6875168	.1693068	.1431764	0
636.15	0	.6873881	.1694751	.1431368	0
635.15	0	.68726	.1696428	.1430972	0
634.15	0	.6871327	.1698098	.1430576	0
633.15	0	.6870059	.1699761	.1430179	0
632.15	0	.6868799	.1701418	.1429783	0
631.15	0	.6867544	.1703069	.1429387	0
630.15	0	.6866296	.1704713	.1428991	0
629.15	0	.6865055	.1706351	.1428595	0
628.15	0	.6863819	.1707982	.1428198	0
627.15	0	.686259	.1709608	.1427802	0
626.15	0	.6861367	.1711227	.1427406	0
625.15	0	.686015	.171284	.142701	0
624.15	0	.6858939	.1714447	.1426614	0
623.15	0	.6857734	.1716048	.1426217	0
622.15	0	.6856535	.1717643	.1425821	0
621.15	0	.6855342	.1719232	.1425425	0
620.15	0	.6854155	.1720816	.1425029	0
619.15	0	.6852974	.1722393	.1424633	0
618.15	0	.6851798	.1723965	.1424238	0
617.15	0	.6850628	.1725531	.1423842	0
616.15	0	.6849464	.1727091	.1423446	0
615.15	0	.6848305	.1728645	.142305	0
614.15	0	.6847152	.1730194	.1422655	0
613.15	0	.6846004	.1731737	.1422259	0
612.15	0	.6844862	.1733274	.1421864	0
611.15	0	.6843725	.1734806	.1421469	0
610.15	0	.6842594	.1736333	.1421074	0
609.15	0	.6841468	.1737854	.1420679	0
608.15	0	.6840347	.1739369	.1420284	0
607.15	0	.6839232	.1740879	.1419889	0
606.15	0	.6838122	.1742384	.1419494	0
605.15	0	.6837017	.1743883	.14191	0
604.15	0	.6835917	.1745377	.1418706	0
603.15	0	.6834822	.1746866	.1418312	0
602.15	0	.6833733	.174835	.1417918	0
601.15	0	.6832648	.1749828	.1417524	0
600.15	0	.6831569	.1751301	.141713	0
599.15	0	.6830495	.1752769	.1416737	0
598.15	0	.6829425	.1754231	.1416344	0
597.15	0	.6828361	.1755689	.1415951	0
596.15	0	.6827301	.1757141	.1415558	0
595.15	0	.6826246	.1758589	.1415165	0
594.15	0	.6825196	.1760031	.1414773	0
593.15	0	.6824151	.1761468	.1414381	0
592.15	0	.6823111	.17629	.1413989	0
591.15	0	.6822075	.1764328	.1413597	0
590.15	0	.6821044	.176575	.1413206	0
589.15	0	.6820018	.1767167	.1412815	0
588.15	0	.6818997	.176858	.1412424	0
587.15	0	.6817979	.1769987	.1412033	0
586.15	0	.6816967	.177139	.1411643	0
585.15	0	.6815959	.1772788	.1411253	0
584.15	0	.6814956	.1774181	.1410863	0
583.15	0	.6813958	.1775569	.1410473	0
582.15	0	.6812963	.1776952	.1410084	0
581.15	0	.6811974	.1778331	.1409695	0
580.15	0	.6810988	.1779705	.1409307	0
579.15	0	.6810007	.1781074	.1408919	0
578.15	0	.6809031	.1782438	.1408531	0
577.15	0	.6808059	.1783798	.1408144	0
576.15	0	.6807091	.1785153	.1407756	0
575.15	0	.6806127	.1786503	.1407369	0
574.15	0	.6805168	.1787849	.1406983	0
573.15	0	.6804214	.178919	.1406597	0
572.15	0	.6803263	.1790526	.1406211	0
571.15	0	.6802316	.1791858	.1405826	0
570.15	0	.6801374	.1793185	.1405441	0
569.15	0	.6800436	.1794507	.1405057	0
568.15	0	.6799502	.1795825	.1404672	0
567.15	0	.6798573	.1797139	.1404289	0
566.15	0	.6797647	.1798447	.1403905	0
565.15	0	.6796726	.1799752	.1403523	0
564.15	0	.6795808	.1801052	.140314	0
563.15	0	.6794895	.1802347	.1402758	0
562.15	0	.6793986	.1803638	.1402376	0
561.15	0	.6793081	.1804924	.1401995	0
560.15	0	.6792179	.1806206	.1401615	0
559.15	0	.6791282	.1807483	.1401235	0
558.15	0	.6790389	.1808756	.1400855	0
557.15	0	.67895	.1810025	.1400476	0
556.15	0	.6788614	.1811289	.1400097	0
555.15	0	.6787733	.1812549	.1399719	0
554.15	0	.6786855	.1813804	.1399341	0
553.15	0	.6785982	.1815055	.1398964	0
552.15	0	.6785112	.1816301	.1398587	0
551.15	0	.6784246	.1817543	.1398211	0
550.15	0	.6783384	.1818781	.1397835	0
549.15	0	.6782526	.1820014	.139746	0
548.15	0	.6781671	.1821243	.1397086	0
547.15	0	.678082	.1822468	.1396711	0
546.15	0	.6779974	.1823689	.1396338	0
545.15	0	.677913	.1824905	.1395965	0
544.15	0	.6778291	.1826116	.1395593	0
543.15	0	.6777455	.1827324	.1395221	0
542.15	0	.6776623	.1828527	.139485	0
541.15	0	.6775795	.1829726	.1394479	0
540.15	0	.6774971	.183092	.1394109	0
539.15	0	.677415	.183211	.139374	0
538.15	0	.6773332	.1833296	.1393371	0
537.15	0	.6772519	.1834478	.1393003	0
536.15	0	.6771709	.1835656	.1392636	0
535.15	0	.6770903	.1836829	.1392269	0
534.15	0	.67701	.1837998	.1391903	0
533.15	0	.6769301	.1839162	.1391537	0
532.15	0	.6768505	.1840323	.1391172	0
531.15	0	.6767713	.1841479	.1390808	0
530.15	0	.6766925	.1842631	.1390444	0
529.15	0	.676614	.1843779	.1390081	0
528.15	0	.6765359	.1844923	.1389719	0
527.15	0	.6764581	.1846062	.1389357	0
526.15	0	.6763806	.1847197	.1388997	0
525.15	0	.6763036	.1848328	.1388636	0
524.15	0	.6762268	.1849455	.1388277	0
523.15	0	.6761504	.1850578	.1387918	0
522.15	0	.6760744	.1851696	.138756	0
521.15	0	.6759987	.185281	.1387203	0
520.15	0	.6759234	.185392	.1386846	0
519.15	0	.6758483	.1855026	.1386491	0
518.15	0	.6757737	.1856128	.1386136	0
517.15	0	.6756994	.1857225	.1385781	0
516.15	0	.6756255	.1858319	.1385427	0
515.15	0	.6755518	.1859408	.1385074	0
514.15	0	.6754785	.1860493	.1384722	0
513.15	0	.6754056	.1861574	.1384371	0
512.15	0	.6753329	.1862651	.138402	0
511.15	0	.6752606	.1863723	.1383671	0
510.15	0	.6751887	.1864792	.1383322	0
509.15	0	.675117	.1865856	.1382974	0
508.15	0	.6750457	.1866916	.1382626	0
507.15	0	.6749748	.1867973	.138228	0
506.15	0	.6749041	.1869025	.1381934	0
505.15	0	.6748338	.1870072	.138159	0
504.15	0	.6747638	.1871116	.1381246	0
503.15	0	.6746942	.1872156	.1380903	0
502.15	0	.6746248	.1873191	.1380561	0
501.15	0	.6745558	.1874222	.1380219	0
500.15	0	.6744872	.187525	.1379879	0
499.15	0	.6744188	.1876273	.1379539	0
498.15	0	.6743508	.1877292	.13792	0
497.15	0	.6742831	.1878307	.1378862	0
496.15	0	.6742157	.1879318	.1378526	0
495.15	0	.6741486	.1880324	.1378189	0
494.15	0	.6740819	.1881327	.1377854	0
493.15	0	.6740155	.1882325	.137752	0
492.15	0	.6739494	.188332	.1377187	0
491.15	0	.6738836	.188431	.1376854	0
490.15	0	.6738181	.1885296	.1376523	0
489.15	0	.673753	.1886278	.1376192	0
488.15	0	.6736881	.1887256	.1375863	0
487.15	0	.6736236	.188823	.1375534	0
486.15	0	.6735594	.18892	.1375206	0
485.15	0	.6734955	.1890166	.1374879	0
484.15	0	.6734319	.1891127	.1374554	0
483.15	0	.6733686	.1892085	.1374229	0
482.15	0	.6733057	.1893038	.1373905	0
481.15	0	.673243	.1893988	.1373582	0
480.15	0	.6731807	.1894933	.137326	0
479.15	0	.6731186	.1895875	.1372939	0
478.15	0	.6730569	.1896812	.1372619	0
477.15	0	.6729955	.1897745	.13723	0
476.15	0	.6729344	.1898674	.1371983	0
475.15	0	.6728736	.1899599	.1371666	0
474.15	0	.6728131	.190052	.137135	0
473.15	0	.6727529	.1901436	.1371035	0
472.15	0	.672693	.1902349	.1370721	0
471.15	0	.6726334	.1903258	.1370409	0
470.15	0	.6725741	.1904162	.1370097	0
469.15	0	.6725151	.1905063	.1369786	0
468.15	0	.6724564	.1905959	.1369477	0
467.15	0	.672398	.1906852	.1369168	0
466.15	0	.67234	.190774	.1368861	0
465.15	0	.6722822	.1908624	.1368554	0
464.15	0	.6722247	.1909504	.1368249	0
463.15	0	.6721675	.191038	.1367945	0
462.15	0	.6721106	.1911252	.1367642	0
461.15	0	.672054	.191212	.1367339	0
460.15	0	.6719977	.1912984	.1367039	0
459.15	0	.6719417	.1913844	.1366739	0
458.15	0	.671886	.19147	.136644	0
457.15	0	.6718306	.1915552	.1366142	0
456.15	0	.6717755	.1916399	.1365846	0
455.15	0	.6717207	.1917243	.136555	0
454.15	0	.6716661	.1918082	.1365256	0
453.15	0	.6716119	.1918918	.1364963	0
452.15	0	.671558	.1919749	.1364671	0
451.15	0	.6715043	.1920577	.136438	0
450.15	0	.6714509	.19214	.1364091	0
449.15	0	.6713979	.1922219	.1363802	0
448.15	0	.6713452	.1923033	.1363515	0
447.15	0	.6712927	.1923844	.1363229	0
446.15	0	.6712406	.192465	.1362945	0
445.15	0	.6711887	.1925452	.1362661	0
444.15	0	.6711372	.1926249	.1362379	0
443.15	0	.671086	.1927043	.1362098	0
442.15	0	.671035	.1927832	.1361818	0
441.15	0	.6709844	.1928616	.136154	0
440.15	0	.6709341	.1929396	.1361263	0
439.15	0	.6708841	.1930171	.1360987	0
438.15	0	.6708345	.1930942	.1360713	0
437.15	0	.6707851	.1931708	.136044	0
436.15	0	.6707361	.193247	.1360169	0
435.15	0	.6706874	.1933227	.1359899	0
434.15	0	.6706391	.1933979	.135963	0
433.15	0	.670591	.1934727	.1359363	0
432.15	0	.6705433	.1935469	.1359098	0
431.15	0	.6704959	.1936208	.1358833	0
430.15	0	.6704489	.1936941	.1358571	0
429.15	0	.6704021	.1937669	.1358309	0
428.15	0	.6703557	.1938393	.135805	0
427.15	0	.6703097	.1939112	.1357792	0
426.15	0	.6702639	.1939826	.1357535	0
425.15	0	.6702185	.1940535	.135728	0
424.15	0	.6701735	.1941239	.1357026	0
423.15	0	.6701287	.1941938	.1356774	0
422.15	0	.6700843	.1942633	.1356524	0
421.15	0	.6700403	.1943322	.1356275	0
420.15	0	.6699965	.1944007	.1356027	0
419.15	0	.6699531	.1944687	.1355782	0
418.15	0	.6699101	.1945362	.1355538	0
417.15	0	.6698673	.1946032	.1355295	0
416.15	0	.6698249	.1946697	.1355054	0
415.15	0	.6697828	.1947357	.1354815	0
414.15	0	.6697411	.1948012	.1354577	0
413.15	0	.6696997	.1948663	.1354341	0
412.15	0	.6696586	.1949308	.1354106	0
411.15	0	.6696178	.1949949	.1353873	0
410.15	0	.6695774	.1950584	.1353642	0
409.15	0	.6695372	.1951215	.1353412	0
408.15	0	.6694975	.1951841	.1353184	0
407.15	0	.669458	.1952462	.1352958	0
406.15	0	.6694189	.1953079	.1352733	0
405.15	0	.66938	.195369	.135251	0
404.15	0	.6693415	.1954297	.1352288	0
403.15	0	.6693033	.1954899	.1352068	0
402.15	0	.6692655	.1955496	.1351849	0
401.15	0	.6692279	.1956088	.1351633	0
400.15	0	.6691907	.1956676	.1351417	0
399.15	0	.6691537	.1957259	.1351204	0
398.15	0	.6691171	.1957837	.1350992	0
397.15	0	.6690808	.1958411	.1350782	0
396.15	0	.6690448	.1958979	.1350573	0
395.15	0	.6690091	.1959544	.1350366	0
394.15	0	.6689737	.1960103	.135016	0
393.15	0	.6689386	.1960658	.1349956	0
392.15	0	.6689038	.1961208	.1349754	0
391.15	0	.6688693	.1961754	.1349553	0
390.15	0	.6688351	.1962295	.1349354	0
389.15	0	.6688012	.1962832	.1349156	0
388.15	0	.6687676	.1963364	.134896	0
387.15	0	.6687342	.1963892	.1348766	0
386.15	0	.6687012	.1964416	.1348573	0
385.15	0	.6686684	.1964935	.1348381	0
384.15	0	.6686359	.1965449	.1348192	0
383.15	0	.6686037	.1965959	.1348003	0
382.15	0	.6685718	.1966465	.1347817	0
381.15	0	.6685402	.1966967	.1347631	0
380.15	0	.6685088	.1967464	.1347448	0
379.15	0	.6684777	.1967957	.1347266	0
378.15	0	.6684469	.1968446	.1347085	0
377.15	0	.6684163	.1968931	.1346906	0
376.15	0	.668386	.1969411	.1346729	0
375.15	0	.668356	.1969888	.1346553	0
374.15	0	.6683262	.197036	.1346378	0
373.15	0	.6682967	.1970828	.1346205	0
372.15	0	.6682674	.1971292	.1346034	0
371.15	0	.6682384	.1971752	.1345864	0
370.15	0	.6682096	.1972209	.1345695	0
369.15	0	.6681811	.1972661	.1345528	0
368.15	0	.6681529	.1973109	.1345362	0
367.15	0	.6681248	.1973553	.1345198	0
366.15	0	.6680971	.1973994	.1345035	0
365.5567	0	.6680807	.1974253	.134494	0
365.5567	0	.6680807	.1974253	.134494	0
365.5567	0	.6680807	.1974253	.134494	0
365.15	0	.6681629	.1972176	.1343861	2.334599E-04
364.15	0	.668365	.1967068	.134121	8.071544E-04
363.15	0	.668567	.1961962	.1338565	.001380287
362.15	0	.6687689	.1956859	.1335924	.001952862
361.15	0	.6689706	.1951757	.1333288	.002524883
360.15	0	.6691722	.1946658	.1330656	.003096354
359.15	0	.6693737	.1941561	.1328029	.003667278
358.15	0	.6695751	.1936465	.1325407	.00423766
357.15	0	.6697764	.1931372	.1322789	.004807504
356.15	0	.6699775	.192628	.1320176	.005376812
355.15	0	.6701786	.1921191	.1317568	.005945588
354.15	0	.6703795	.1916103	.1314964	.006513837
353.15	0	.6705804	.1911017	.1312364	.007081561
352.15	0	.6707811	.1905933	.1309769	.007648764
351.15	0	.6709817	.190085	.1307178	.008215449
350.15	0	.6711823	.1895769	.1304592	.00878162
349.15	0	.6713827	.189069	.130201	.00934728
348.15	0	.6715831	.1885612	.1299433	.009912433
347.15	0	.6717833	.1880536	.129686	.01047708
346.15	0	.6719835	.1875462	.1294291	.01104123
345.15	0	.6721835	.1870389	.1291727	.01160487
344.15	0	.6723835	.1865317	.1289167	.01216803
343.15	0	.6725834	.1860247	.1286612	.01273069
342.15	0	.6727832	.1855179	.128406	.01329286
341.15	0	.6729829	.1850112	.1281513	.01385455
340.15	0	.6731826	.1845046	.1278971	.01441575
339.15	0	.6733821	.1839982	.1276432	.01497647
338.15	0	.6735816	.1834919	.1273898	.01553671
337.15	0	.673781	.1829857	.1271368	.01609648
336.15	0	.6739803	.1824797	.1268842	.01665578
335.15	0	.6741796	.1819738	.126632	.0172146
334.15	0	.6743787	.181468	.1263803	.01777296
333.15	0	.6745778	.1809623	.126129	.01833086
332.15	0	.6747769	.1804568	.1258781	.01888829
331.15	0	.6749758	.1799514	.1256276	.01944526
330.15	0	.6751747	.1794461	.1253775	.02000178
329.15	0	.6753735	.1789409	.1251278	.02055784
328.15	0	.6755722	.1784358	.1248785	.02111345
327.15	0	.6757709	.1779308	.1246297	.02166861
326.15	0	.6759695	.177426	.1243812	.02222332
325.15	0	.676168	.1769212	.1241332	.02277759
324.15	0	.6763665	.1764166	.1238855	.02333141
323.15	0	.6765649	.1759121	.1236383	.0238848
322.15	0	.6767632	.1754076	.1233914	.02443774
321.15	0	.6769615	.1749033	.123145	.02499024
320.15	0	.6771597	.1743991	.1228989	.02554232
319.15	0	.6773579	.1738949	.1226533	.02609395
318.15	0	.677556	.1733909	.122408	.02664516
317.15	0	.677754	.172887	.1221631	.02719594
316.15	0	.6779519	.1723831	.1219187	.02774629
315.15	0	.6781498	.1718794	.1216746	.02829621
314.15	0	.6783477	.1713757	.1214309	.02884571
313.15	0	.6785455	.1708722	.1211876	.0293948
312.15	0	.6787432	.1703687	.1209447	.02994345
311.15	0	.6789408	.1698653	.1207022	.0304917
310.15	0	.6791384	.169362	.12046	.03103952
309.15	0	.679336	.1688588	.1202183	.03158693
308.15	0	.6795335	.1683557	.1199769	.03213392
307.15	0	.6797309	.1678526	.119736	.03268051
306.15	0	.6799283	.1673497	.1194954	.03322668
305.15	0	.6801256	.1668468	.1192552	.03377244
304.15	0	.6803228	.1663441	.1190153	.03431779
303.15	0	.68052	.1658413	.1187759	.03486274
302.15	0	.6807172	.1653387	.1185368	.03540728
301.15	0	.6809143	.1648362	.1182981	.03595142
300.15	0	.6811113	.1643338	.1180598	.03649516
299.15	0	.6813083	.1638314	.1178219	.03703849
298.15	0	.6815052	.1633291	.1175843	.03758143
