T	 BPW(LIQUID)	BPW(BCC_A2)	BPW(FCC_A1)	BPW(LAVES_PHASE_C14)	BPW(NI3TI)
1473.15	0	.6181967	.3818033	0	0
1472.15	0	.6160779	.3839221	0	0
1471.15	0	.6139634	.3860366	0	0
1470.15	0	.6118532	.3881468	0	0
1469.15	0	.6097473	.3902527	0	0
1468.15	0	.6076457	.3923544	0	0
1467.15	0	.6055483	.3944517	0	0
1466.15	0	.6034552	.3965448	0	0
1465.15	0	.6013663	.3986337	0	0
1464.15	0	.5992817	.4007183	0	0
1463.15	0	.5972014	.4027986	0	0
1462.15	0	.5951253	.4048747	0	0
1461.15	0	.5930535	.4069465	0	0
1460.15	0	.5909859	.4090141	0	0
1459.15	0	.5889225	.4110775	0	0
1458.15	0	.5868633	.4131367	0	0
1457.15	0	.5848084	.4151916	0	0
1456.15	0	.5827577	.4172423	0	0
1455.15	0	.5807112	.4192888	0	0
1454.15	0	.5786689	.4213311	0	0
1453.15	0	.5766309	.4233691	0	0
1452.15	0	.574597	.425403	0	0
1451.15	0	.5725673	.4274327	0	0
1450.15	0	.5705419	.4294581	0	0
1449.15	0	.5685206	.4314794	0	0
1448.15	0	.5665035	.4334966	0	0
1447.15	0	.5644905	.4355095	0	0
1446.15	0	.5624818	.4375182	0	0
1445.15	0	.5604772	.4395228	0	0
1444.15	0	.5584768	.4415232	0	0
1443.15	0	.5564806	.4435194	0	0
1442.15	0	.5544885	.4455115	0	0
1441.15	0	.5525006	.4474994	0	0
1440.15	0	.5505169	.4494831	0	0
1439.15	0	.5485373	.4514627	0	0
1438.15	0	.5465618	.4534382	0	0
1437.15	0	.5445905	.4554095	0	0
1436.15	0	.5426234	.4573766	0	0
1435.15	0	.5406603	.4593397	0	0
1434.15	0	.5387015	.4612985	0	0
1433.15	0	.5367467	.4632533	0	0
1432.15	0	.5347961	.4652039	0	0
1431.15	0	.5328496	.4671504	0	0
1430.15	0	.5309072	.4690928	0	0
1429.15	0	.528969	.471031	0	0
1428.15	0	.5270349	.4729651	0	0
1427.15	0	.5251049	.4748951	0	0
1426.15	0	.523179	.476821	0	0
1425.15	0	.5212573	.4787427	0	0
1424.15	0	.5193396	.4806604	0	0
1423.15	0	.5174261	.4825739	0	0
1422.15	0	.5155166	.4844834	0	0
1421.15	0	.5136113	.4863887	0	0
1420.15	0	.5117101	.4882899	0	0
1419.15	0	.509813	.4901871	0	0
1418.15	0	.5079199	.4920801	0	0
1417.15	0	.506031	.493969	0	0
1416.15	0	.5041462	.4958538	0	0
1415.15	0	.5022655	.4977345	0	0
1414.15	0	.5003888	.4996112	0	0
1413.15	0	.4985163	.5014837	0	0
1412.15	0	.4966478	.5033522	0	0
1411.15	0	.4947835	.5052165	0	0
1410.15	0	.4929232	.5070768	0	0
1409.15	0	.491067	.508933	0	0
1408.15	0	.489215	.510785	0	0
1407.15	0	.487367	.5126331	0	0
1406.15	0	.485523	.514477	0	0
1405.15	0	.4836832	.5163168	0	0
1404.15	0	.4818475	.5181525	0	0
1403.15	0	.4800158	.5199842	0	0
1402.15	0	.4781882	.5218118	0	0
1401.15	0	.4763648	.5236352	0	0
1400.15	0	.4745454	.5254547	0	0
1399.15	0	.47273	.52727	0	0
1398.15	0	.4709188	.5290812	0	0
1397.15	0	.4691116	.5308884	0	0
1396.15	0	.4673086	.5326914	0	0
1395.15	0	.4655096	.5344904	0	0
1394.15	0	.4637147	.5362853	0	0
1393.15	0	.4619239	.5380761	0	0
1392.15	0	.4601372	.5398628	0	0
1391.15	0	.4583546	.5416454	0	0
1390.15	0	.456576	.543424	0	0
1389.15	0	.4548016	.5451984	0	0
1388.15	0	.4530312	.5469688	0	0
1387.15	0	.4512649	.5487351	0	0
1386.15	0	.4495028	.5504972	0	0
1385.15	0	.4477447	.5522553	0	0
1384.15	0	.4459907	.5540093	0	0
1383.15	0	.4442408	.5557592	0	0
1382.15	0	.442495	.557505	0	0
1381.15	0	.4407533	.5592467	0	0
1380.15	0	.4390157	.5609843	0	0
1379.15	0	.4372822	.5627178	0	0
1378.15	0	.4355528	.5644472	0	0
1377.15	0	.4338275	.5661725	0	0
1376.15	0	.4321064	.5678936	0	0
1375.15	0	.4303893	.5696107	0	0
1374.15	0	.4286764	.5713236	0	0
1373.15	0	.4269676	.5730325	0	0
1372.15	0	.4252628	.5747372	0	0
1371.15	0	.4235623	.5764377	0	0
1370.15	0	.4218658	.5781342	0	0
1369.15	0	.4201735	.5798265	0	0
1368.15	0	.4184853	.5815147	0	0
1367.15	0	.4168012	.5831988	0	0
1366.15	0	.4151213	.5848787	0	0
1365.15	0	.4134455	.5865545	0	0
1364.15	0	.4117738	.5882262	0	0
1363.15	0	.4101064	.5898936	0	0
1362.15	0	.408443	.591557	0	0
1361.15	0	.4067838	.5932162	0	0
1360.15	0	.4051288	.5948712	0	0
1359.15	0	.4034779	.5965221	0	0
1358.15	0	.4018313	.5981688	0	0
1357.15	0	.4001887	.5998113	0	0
1356.15	0	.3985504	.6014496	0	0
1355.15	0	.3969162	.6030838	0	0
1354.15	0	.3952862	.6047138	0	0
1353.15	0	.3936604	.6063396	0	0
1352.15	0	.3920389	.6079612	0	0
1351.15	0	.3904215	.6095786	0	0
1350.15	0	.3888083	.6111917	0	0
1349.15	0	.3871993	.6128007	0	0
1348.15	0	.3855945	.6144055	0	0
1347.15	0	.383994	.616006	0	0
1346.15	0	.3823977	.6176023	0	0
1345.15	0	.3808056	.6191944	0	0
1344.15	0	.3792178	.6207822	0	0
1343.15	0	.3776342	.6223658	0	0
1342.15	0	.3760548	.6239452	0	0
1341.15	0	.3744797	.6255203	0	0
1340.15	0	.3729089	.6270911	0	0
1339.15	0	.3713424	.6286576	0	0
1338.15	0	.3697801	.6302199	0	0
1337.15	0	.3682221	.6317779	0	0
1336.15	0	.3666684	.6333316	0	0
1335.15	0	.365119	.634881	0	0
1334.15	0	.3635739	.6364261	0	0
1333.15	0	.3620331	.6379669	0	0
1332.15	0	.3604967	.6395033	0	0
1331.15	0	.3589645	.6410355	0	0
1330.15	0	.3574367	.6425633	0	0
1329.15	0	.3559133	.6440867	0	0
1328.15	0	.3543942	.6456058	0	0
1327.15	0	.3528795	.6471206	0	0
1326.15	0	.3513691	.6486309	0	0
1325.15	0	.3498631	.6501369	0	0
1324.15	0	.3483615	.6516385	0	0
1323.15	0	.3468643	.6531357	0	0
1322.15	0	.3453715	.6546285	0	0
1321.15	0	.3438831	.656117	0	0
1320.15	0	.3423991	.6576009	0	0
1319.15	0	.3409195	.6590805	0	0
1318.15	0	.3394444	.6605556	0	0
1317.15	0	.3379738	.6620262	0	0
1316.15	0	.3365076	.6634924	0	0
1315.15	0	.3350459	.6649542	0	0
1314.15	0	.3335886	.6664114	0	0
1313.15	0	.3321359	.6678642	0	0
1312.15	0	.3306876	.6693124	0	0
1311.15	0	.3292439	.6707561	0	0
1310.15	0	.3278047	.6721953	0	0
1309.15	0	.32637	.67363	0	0
1308.15	0	.3249398	.6750602	0	0
1307.15	0	.3235143	.6764857	0	0
1306.15	0	.3220932	.6779068	0	0
1305.15	0	.3206768	.6793232	0	0
1304.15	0	.319265	.680735	0	0
1303.15	0	.3178577	.6821423	0	0
1302.15	0	.3164551	.6835449	0	0
1301.15	0	.3150571	.6849429	0	0
1300.15	0	.3136638	.6863362	0	0
1299.15	0	.3122751	.6877249	0	0
1298.15	0	.310891	.689109	0	0
1297.15	0	.3095117	.6904883	0	0
1296.15	0	.308137	.691863	0	0
1295.15	0	.3067671	.6932329	0	0
1294.15	0	.3054018	.6945982	0	0
1293.15	0	.3040413	.6959587	0	0
1292.15	0	.3026856	.6973144	0	0
1291.15	0	.3013346	.6986654	0	0
1290.15	0	.2999884	.7000116	0	0
1289.15	0	.2986469	.7013531	0	0
1288.15	0	.2973103	.7026897	0	0
1287.15	0	.2959785	.7040215	0	0
1286.15	0	.2946515	.7053485	0	0
1285.15	0	.2933294	.7066706	0	0
1284.15	0	.2920122	.7079879	0	0
1283.15	0	.2906998	.7093002	0	0
1282.15	0	.2893923	.7106077	0	0
1281.15	0	.2880897	.7119103	0	0
1280.15	0	.2867921	.7132079	0	0
1279.15	0	.2854994	.7145006	0	0
1278.15	0	.2842117	.7157883	0	0
1277.15	0	.282929	.717071	0	0
1276.15	0	.2816512	.7183488	0	0
1275.15	0	.2803785	.7196215	0	0
1274.15	0	.2791108	.7208892	0	0
1273.15	0	.2778481	.7221519	0	0
1272.15	0	.2765905	.7234095	0	0
1271.15	0	.275338	.724662	0	0
1270.15	0	.2740906	.7259094	0	0
1269.15	0	.2728484	.7271516	0	0
1268.15	0	.2716112	.7283888	0	0
1267.15	0	.2703793	.7296207	0	0
1266.15	0	.2691525	.7308475	0	0
1265.15	0	.2679309	.7320691	0	0
1264.15	0	.2667145	.7332855	0	0
1263.15	0	.2655034	.7344966	0	0
1262.15	0	.2642975	.7357025	0	0
1261.15	0	.2630969	.7369031	0	0
1260.15	0	.2619016	.7380984	0	0
1259.15	0	.2607116	.7392884	0	0
1258.15	0	.259527	.740473	0	0
1257.15	0	.2583477	.7416523	0	0
1256.15	0	.2571738	.7428262	0	0
1255.15	0	.2560053	.7439947	0	0
1254.15	0	.2548423	.7451577	0	0
1253.15	0	.2536847	.7463153	0	0
1252.15	0	.2525325	.7474675	0	0
1251.15	0	.2513859	.7486141	0	0
1250.15	0	.2502448	.7497552	0	0
1249.15	0	.2491092	.7508908	0	0
1248.15	0	.2479792	.7520208	0	0
1247.15	0	.2468548	.7531452	0	0
1246.15	0	.245736	.7542641	0	0
1245.15	0	.2446228	.7553772	0	0
1244.15	0	.2435153	.7564847	0	0
1243.15	0	.2424135	.7575866	0	0
1242.15	0	.2413173	.7586827	0	0
1241.15	0	.240227	.759773	0	0
1240.15	0	.2391423	.7608577	0	0
1239.15	0	.2380635	.7619365	0	0
1238.15	0	.2369905	.7630095	0	0
1237.15	0	.2359233	.7640767	0	0
1236.15	0	.234862	.765138	0	0
1235.15	0	.2338066	.7661934	0	0
1234.15	0	.2327571	.7672429	0	0
1233.15	0	.2317136	.7682864	0	0
1232.15	0	.230676	.769324	0	0
1231.15	0	.2296445	.7703555	0	0
1230.15	0	.228619	.771381	0	0
1229.15	0	.2275995	.7724005	0	0
1228.15	0	.2265861	.7734139	0	0
1227.15	0	.2255789	.7744211	0	0
1226.15	0	.2245778	.7754222	0	0
1225.15	0	.2235828	.7764172	0	0
1224.15	0	.2225941	.7774059	0	0
1223.15	0	.2216117	.7783884	0	0
1222.15	0	.2206354	.7793646	0	0
1221.15	0	.2196655	.7803345	0	0
1220.15	0	.218702	.7812981	0	0
1219.15	0	.2177447	.7822553	0	0
1218.15	0	.2167939	.7832061	0	0
1217.15	0	.2158495	.7841505	0	0
1216.15	0	.2149116	.7850884	0	0
1215.15	0	.2139801	.7860199	0	0
1214.15	0	.2130552	.7869448	0	0
1213.15	0	.2121369	.7878631	0	0
1212.15	0	.2112251	.7887749	0	0
1211.15	0	.21032	.7896801	0	0
1210.15	0	.2094215	.7905785	0	0
1209.15	0	.2085297	.7914703	0	0
1208.15	0	.2076446	.7923554	0	0
1207.15	0	.2067663	.7932337	0	0
1206.15	0	.2058948	.7941052	0	0
1205.15	0	.2050302	.7949698	0	0
1204.15	0	.2041724	.7958276	0	0
1203.15	0	.2033215	.7966785	0	0
1202.15	0	.2024776	.7975224	0	0
1201.15	0	.2016406	.7983594	0	0
1200.15	0	.2008107	.7991893	0	0
1199.15	0	.1999878	.8000122	0	0
1198.15	0	.199172	.800828	0	0
1197.15	0	.1983634	.8016366	0	0
1196.15	0	.1975619	.8024381	0	0
1195.15	0	.1967677	.8032324	0	0
1194.15	0	.1959806	.8040194	0	0
1193.15	0	.1952009	.8047991	0	0
1192.15	0	.1944285	.8055715	0	0
1191.15	0	.1936635	.8063365	0	0
1190.15	0	.1929059	.8070941	0	0
1189.15	0	.1921558	.8078443	0	0
1188.15	0	.1914131	.8085869	0	0
1187.15	0	.190678	.809322	0	0
1186.15	0	.1899504	.8100496	0	0
1185.15	0	.1892305	.8107695	0	0
1184.15	0	.1885182	.8114818	0	0
1183.15	0	.1878137	.8121863	0	0
1182.15	0	.1871169	.8128831	0	0
1181.15	0	.1864279	.8135721	0	0
1180.15	0	.1857467	.8142533	0	0
1179.15	0	.1850735	.8149266	0	0
1178.15	0	.1844081	.8155919	0	0
1177.15	0	.1837507	.8162493	0	0
1176.15	0	.1831014	.8168987	0	0
1175.15	0	.1824601	.8175399	0	0
1174.15	0	.1818269	.8181731	0	0
1173.15	0	.1812018	.8187982	0	0
1172.15	0	.180585	.819415	0	0
1171.15	0	.1799765	.8200235	0	0
1170.15	0	.1793762	.8206238	0	0
1169.15	0	.1787843	.8212157	0	0
1168.15	0	.1782008	.8217992	0	0
1167.15	0	.1776257	.8223743	0	0
1166.15	0	.1770591	.8229409	0	0
1165.15	0	.1765011	.8234989	0	0
1164.15	0	.1759516	.8240484	0	0
1163.15	0	.1754108	.8245892	0	0
1162.15	0	.1748787	.8251213	0	0
1161.15	0	.1743553	.8256447	0	0
1160.15	0	.1738408	.8261592	0	0
1159.15	0	.1733351	.8266649	0	0
1158.15	0	.1728383	.8271617	0	0
1157.15	0	.1723504	.8276496	0	0
1156.15	0	.1718715	.8281285	0	0
1155.15	0	.1714018	.8285982	0	0
1154.15	0	.170941	.829059	0	0
1153.15	0	.1704895	.8295105	0	0
1152.15	0	.1700472	.8299528	0	0
1151.15	0	.1696142	.8303859	0	0
1150.15	0	.1691905	.8308095	0	0
1149.15	0	.1687761	.8312239	0	0
1148.15	0	.1683713	.8316287	0	0
1147.15	0	.1679759	.8320241	0	0
1146.15	0	.1675901	.8324099	0	0
1145.15	0	.1672138	.8327862	0	0
1144.15	0	.1668473	.8331527	0	0
1143.15	0	.1664904	.8335096	0	0
1142.15	0	.1661434	.8338566	0	0
1141.15	0	.1658061	.8341939	0	0
1140.15	0	.1654788	.8345212	0	0
1139.15	0	.1651614	.8348386	0	0
1138.15	0	.164854	.835146	0	0
1137.15	0	.1645567	.8354433	0	0
1136.15	0	.1642696	.8357304	0	0
1135.15	0	.1639926	.8360074	0	0
1134.15	0	.1637258	.8362742	0	0
1133.15	0	.1634694	.8365306	0	0
1132.15	0	.1632233	.8367767	0	0
1131.15	0	.1629877	.8370123	0	0
1130.15	0	.1627625	.8372375	0	0
1129.262	0	.1625713	.8374287	0	0
1129.262	0	.1625713	.8374287	0	0
1129.262	0	.1625713	.8374287	0	0
1129.15	0	.1624763	.8374863	3.744047E-05	0
1128.15	0	.1616307	.8379967	3.725679E-04	0
1127.15	0	.160797	.8384963	7.06682E-04	0
1126.15	0	.1599753	.8389849	.001039784	0
1125.15	0	.1591655	.8394626	.001371876	0
1124.15	0	.1583679	.8399291	.001702958	0
1123.15	0	.1575824	.8403846	.002033032	0
1122.15	0	.1568092	.8408287	.0023621	0
1121.15	0	.1560482	.8412616	.002690163	0
1120.15	0	.1552997	.8416831	.003017221	0
1119.15	0	.1545636	.8420931	.003343277	0
1118.15	0	.15384	.8424916	.003668331	0
1117.15	0	.1531291	.8428785	.003992384	0
1116.15	0	.1524308	.8432537	.004315439	0
1115.15	0	.1517453	.8436172	.004637494	0
1114.15	0	.1510727	.8439688	.004958553	0
1113.15	0	.150413	.8443084	.005278616	0
1112.15	0	.1497663	.8446361	.005597685	0
1111.15	0	.1491326	.8449516	.005915759	0
1110.15	0	.1485121	.845255	.00623284	0
1109.15	0	.1479049	.8455462	.00654893	0
1108.15	0	.147311	.845825	.006864029	0
1107.15	0	.1467305	.8460913	.007178138	0
1106.15	0	.1461635	.8463452	.007491258	0
1105.15	0	.1456101	.8465865	.007803391	0
1104.15	0	.1450703	.8468152	.008114536	0
1103.15	0	.1445443	.847031	.008424695	0
1102.15	0	.144032	.8472341	.008733868	0
1101.15	0	.1435337	.8474242	.009042058	0
1100.15	0	.1430494	.8476013	.009349263	0
1099.15	0	.1425792	.8477653	.009655486	0
1098.15	0	.1421231	.8479162	.009960726	0
1097.15	0	.1416813	.8480537	.01026499	0
1096.15	0	.1412538	.8481779	.01056826	0
1095.15	0	.1408407	.8482887	.01087056	0
1094.15	0	.1404422	.8483859	.01117188	0
1093.15	0	.1400582	.8484696	.01147222	0
1092.15	0	.1396889	.8485395	.01177159	0
1091.15	0	.1393344	.8485956	.01206997	0
1090.15	0	.1389948	.8486378	.01236738	0
1089.15	0	.1386701	.8486661	.01266381	0
1088.15	0	.1383605	.8486803	.01295927	0
1087.15	0	.1380659	.8486803	.01325375	0
1086.15	0	.1377866	.8486661	.01354726	0
1085.15	0	.1375226	.8486376	.01383979	0
1084.15	0	.137274	.8485947	.01413135	0
1083.15	0	.1370409	.8485372	.01442194	0
1082.15	0	.1368233	.8484651	.01471155	0
1081.15	0	.1366214	.8483784	.0150002	0
1080.15	0	.1364353	.8482769	.01528787	0
1079.15	0	.136265	.8481604	.01557456	0
1078.15	0	.1361106	.8480291	.01586029	0
1077.15	0	.1359723	.8478827	.01614505	0
1076.15	0	.1358501	.8477211	.01642884	0
1075.15	0	.1357441	.8475443	.01671165	0
1074.15	0	.1356543	.8473522	.0169935	0
1073.15	0	.135581	.8471446	.01727438	0
1072.15	0	.1355241	.8469216	.01755428	0
1071.15	0	.1354838	.846683	.01783322	0
1070.15	0	.1354602	.8464286	.01811119	0
1069.15	0	.1354532	.8461586	.01838819	0
1068.15	0	.1354632	.8458726	.01866422	0
1067.15	0	.13549	.8455707	.01893928	0
1066.15	0	.1355338	.8452528	.01921338	0
1065.15	0	.1355948	.8449187	.0194865	0
1064.15	0	.1356729	.8445685	.01975866	0
1063.15	0	.1357682	.8442019	.02002985	0
1062.15	0	.135881	.843819	.02030007	0
1061.15	0	.1360111	.8434195	.02056932	0
1060.15	0	.1361588	.8430036	.02083761	0
1059.15	0	.1363241	.842571	.02110492	0
1058.15	0	.1365071	.8421216	.02137127	0
1057.15	0	.1367079	.8416554	.02163665	0
1056.15	0	.1369266	.8411724	.02190106	0
1055.15	0	.1371631	.8406724	.0221645	0
1054.15	0	.1374177	.8401553	.02242697	0
1053.15	0	.1376905	.8396211	.02268847	0
1052.15	0	.1379814	.8390696	.02294901	0
1051.15	0	.1382905	.8385009	.02320857	0
1050.15	0	.1386181	.8379148	.02346716	0
1049.15	0	.138964	.8373112	.02372479	0
1048.15	0	.1393284	.8366901	.02398144	0
1047.15	0	.1397114	.8360515	.02423712	0
1046.15	0	.1401131	.8353951	.02449183	0
1045.15	0	.1405335	.834721	.02474557	0
1044.15	0	.1409727	.834029	.02499834	0
1043.15	0	.1414307	.8333192	.02525013	0
1042.15	0	.1419077	.8325914	.02550095	0
1041.15	0	.1424036	.8318456	.0257508	0
1040.15	0	.1429187	.8310816	.02599967	0
1039.15	0	.1434529	.8302995	.02624757	0
1038.15	0	.1440063	.8294993	.0264945	0
1037.15	0	.1445789	.8286807	.02674044	0
1036.15	0	.1451709	.8278437	.02698542	0
1035.15	0	.1457822	.8269884	.02722941	0
1034.15	0	.146413	.8261145	.02747243	0
1033.15	0	.1470633	.8252222	.02771446	0
1032.15	0	.1477332	.8243113	.02795552	0
1031.15	0	.1484227	.8233818	.0281956	0
1030.15	0	.1491318	.8224335	.02843469	0
1029.15	0	.1498606	.8214666	.0286728	0
1028.15	0	.1506092	.8204809	.02890993	0
1027.15	0	.1513776	.8194763	.02914608	0
1026.15	0	.1521658	.8184529	.02938124	0
1025.15	0	.152974	.8174106	.02961541	0
1024.15	0	.153802	.8163494	.0298486	0
1023.15	0	.15465	.8152692	.0300808	0
1022.15	0	.155518	.81417	.03031201	0
1021.15	0	.1564061	.8130517	.03054222	0
1020.15	0	.1573142	.8119143	.03077145	0
1019.15	0	.1582424	.8107579	.03099968	0
1018.15	0	.1591908	.8095823	.03122691	0
1017.15	0	.1601593	.8083876	.03145315	0
1016.15	0	.1611479	.8071737	.03167839	0
1015.15	0	.1621567	.8059406	.03190263	0
1014.15	0	.1631858	.8046884	.03212586	0
1013.15	0	.1642351	.8034169	.0323481	0
1012.15	0	.1653045	.8021261	.03256932	0
1011.15	0	.1663943	.8008162	.03278954	0
1010.15	0	.1675043	.799487	.03300876	0
1009.15	0	.1686345	.7981386	.03322696	0
1008.15	0	.169785	.7967709	.03344414	0
1007.15	0	.1709557	.795384	.03366031	0
1006.15	0	.1721467	.7939779	.03387547	0
1005.15	0	.1733579	.7925525	.0340896	0
1004.15	0	.1745893	.791108	.03430271	0
1003.15	0	.175841	.7896442	.03451479	0
1002.15	0	.1771129	.7881613	.03472585	0
1001.15	0	.1784049	.7866592	.03493588	0
1000.15	0	.1797171	.785138	.03514487	0
999.15	0	.1810495	.7835977	.03535283	0
998.15	0	.1824019	.7820383	.03555975	0
997.15	0	.1837745	.7804599	.03576562	0
996.15	0	.185167	.7788625	.03597045	0
995.15	0	.1865796	.7772462	.03617423	0
994.15	0	.1880122	.7756109	.03637695	0
993.15	0	.1894647	.7739567	.03657862	0
992.15	0	.190937	.7722838	.03677923	0
991.15	0	.1924292	.770592	.03697878	0
990.15	0	.1939412	.7688816	.03717726	0
989.15	0	.1954729	.7671525	.03737466	0
988.15	0	.1970242	.7654048	.03757099	0
987.15	0	.1985952	.7636386	.03776623	0
986.15	0	.2001856	.761854	.03796039	0
985.15	0	.2017956	.760051	.03815346	0
984.15	0	.2034249	.7582296	.03834544	0
983.15	0	.2050736	.7563901	.03853631	0
982.15	0	.2067415	.7545324	.03872607	0
981.15	0	.2084286	.7526567	.03891473	0
980.15	0	.2101347	.7507631	.03910226	0
979.15	0	.2118598	.7488515	.03928868	0
978.15	0	.2136038	.7469222	.03947396	0
977.15	0	.2153666	.7449753	.0396581	0
976.15	0	.2171482	.7430107	.0398411	0
975.15	0	.2189483	.7410288	.04002295	0
974.15	0	.2207669	.7390295	.04020365	0
973.15	0	.2226039	.7370129	.04038317	0
972.15	0	.2244591	.7349793	.04056153	0
971.15	0	.2263326	.7329287	.04073871	0
970.15	0	.2282241	.7308613	.04091469	0
969.15	0	.2301334	.7287771	.04108948	0
968.15	0	.2320606	.7266763	.04126307	0
967.15	0	.2340055	.7245591	.04143543	0
966.15	0	.2359679	.7224255	.04160658	0
965.15	0	.2379477	.7202758	.04177649	0
964.15	0	.2399448	.7181101	.04194515	0
963.15	0	.241959	.7159285	.04211256	0
962.15	0	.2439901	.7137312	.0422787	0
961.15	0	.2460381	.7115183	.04244357	0
960.15	0	.2481028	.70929	.04260715	0
959.15	0	.250184	.7070466	.04276942	0
958.15	0	.2522816	.704788	.04293039	0
957.15	0	.2543954	.7025146	.04309002	0
956.15	0	.2565252	.7002264	.04324832	0
955.15	0	.258671	.6979238	.04340526	0
954.15	0	.2608324	.6956068	.04356083	0
953.15	0	.2630094	.6932756	.04371502	0
952.15	0	.2652017	.6909305	.04386782	0
951.15	0	.2674092	.6885716	.0440192	0
950.15	0	.2696317	.6861992	.04416914	0
949.15	0	.271869	.6838134	.04431764	0
948.15	0	.2741209	.6814144	.04446467	0
947.15	0	.2763873	.6790025	.04461022	0
946.15	0	.2786678	.6765779	.04475427	0
945.15	0	.2809625	.6741408	.04489679	0
944.15	0	.2832709	.6716913	.04503777	0
943.15	0	.285593	.6692299	.04517718	0
942.15	0	.2879284	.6667566	.04531501	0
941.15	0	.2902771	.6642717	.04545123	0
940.15	0	.2926387	.6617755	.04558581	0
939.15	0	.2949143	.6593633	.04572237	0
938.15	0	.2972009	.6569419	.0458572	0
937.15	0	.2995259	.6544848	.04598925	0
936.15	0	.3018872	.6519942	.04611858	0
935.15	0	.3042827	.6494721	.04624521	0
934.15	0	.3067105	.6469203	.0463692	0
933.15	0	.3091687	.6443408	.04649057	0
932.15	0	.3116555	.6417352	.04660938	0
931.15	0	.3141691	.6391053	.04672563	0
930.15	0	.316708	.6364527	.04683937	0
929.15	0	.3192704	.633779	.04695062	0
928.15	0	.3218548	.6310858	.04705942	0
927.15	0	.3244598	.6283744	.04716578	0
926.15	0	.3270839	.6256464	.04726973	0
925.15	0	.3297256	.6229031	.04737129	0
924.15	0	.3323837	.6201458	.04747048	0
923.15	0	.3350569	.6173758	.04756732	0
922.15	0	.3377438	.6145944	.04766183	0
921.15	0	.3404433	.6118026	.04775403	0
920.15	0	.3431542	.6090018	.04784394	0
919.15	0	.3458755	.606193	.04793156	0
918.15	0	.3486059	.6033772	.04801692	0
917.15	0	.3513444	.6005556	.04810003	0
916.15	0	.35409	.5977291	.04818091	0
915.15	0	.3568418	.5948986	.04825956	0
914.15	0	.3595987	.5920653	.048336	0
913.15	0	.3623599	.5892298	.04841025	0
912.15	0	.3651244	.5863932	.04848231	0
911.15	0	.3678914	.5835564	.04855221	0
910.15	0	.3706601	.58072	.04861994	0
909.15	0	.3734296	.5778849	.04868552	0
908.15	0	.3761991	.575052	.04874897	0
907.15	0	.3789679	.5722218	.04881029	0
906.15	0	.3817352	.5693953	.04886949	0
905.15	0	.3845004	.566573	.04892659	0
904.15	0	.3872627	.5637557	.0489816	0
903.15	0	.3900214	.5609441	.04903453	0
902.15	0	.392776	.5581387	.04908538	0
901.15	0	.3955257	.5553401	.04913418	0
900.15	0	.39827	.5525491	.04918093	0
899.15	0	.4010082	.5497661	.04922565	0
898.15	0	.4037399	.5469918	.04926833	0
897.15	0	.4064643	.5442267	.04930901	0
896.15	0	.4091811	.5414713	.04934768	0
895.15	0	.4118896	.5387261	.04938437	0
894.15	0	.4145893	.5359916	.04941907	0
893.15	0	.4172799	.5332683	.04945182	0
892.15	0	.4199607	.5305567	.04948261	0
891.15	0	.4226313	.5278573	.04951146	0
890.15	0	.4252913	.5251704	.04953839	0
889.15	0	.4279402	.5224964	.04956341	0
888.15	0	.4305776	.5198359	.04958654	0
887.15	0	.4332031	.5171891	.04960778	0
886.15	0	.4358163	.5145566	.04962715	0
885.15	0	.4384168	.5119385	.04964467	0
884.15	0	.4410043	.5093353	.04966035	0
883.15	0	.4435784	.5067474	.04967422	0
882.15	0	.4461387	.504175	.04968628	0
881.15	0	.448685	.5016185	.04969655	0
880.15	0	.4512168	.4990781	.04970505	0
879.15	0	.453734	.4965542	.04971179	0
878.15	0	.4562361	.4940471	.0497168	0
877.15	0	.458723	.491557	.04972009	0
876.15	0	.4611942	.4890841	.04972168	0
875.15	0	.4636497	.4866287	.04972159	0
874.15	0	.4660891	.4841911	.04971983	0
873.15	0	.4685121	.4817714	.04971643	0
872.15	0	.4709187	.4793699	.04971141	0
871.15	0	.4733084	.4769868	.04970478	0
870.15	0	.4756812	.4746222	.04969657	0
869.15	0	.4780369	.4722763	.0496868	0
868.15	0	.4803752	.4699493	.04967548	0
867.15	0	.482696	.4676414	.04966263	0
866.15	0	.4849991	.4653526	.04964829	0
865.15	0	.4872844	.4630832	.04963246	0
864.15	0	.4895517	.4608332	.04961518	0
863.15	0	.4918009	.4586027	.04959645	0
862.15	0	.4940319	.4563918	.04957631	0
861.15	0	.4962445	.4542007	.04955478	0
860.15	0	.4984387	.4520294	.04953187	0
859.15	0	.5006144	.449878	.04950761	0
858.15	0	.5027715	.4477465	.04948202	0
857.15	0	.5049099	.4456349	.04945513	0
856.15	0	.5070296	.4435434	.04942695	0
855.15	0	.5091305	.441472	.0493975	0
854.15	0	.5112126	.4394206	.04936681	0
853.15	0	.5132758	.4373893	.04933491	0
852.15	0	.5153202	.435378	.0493018	0
851.15	0	.5173456	.4333869	.04926752	0
850.15	0	.5193522	.4314158	.04923208	0
849.15	0	.5213398	.4294647	.04919551	0
848.15	0	.5233086	.4275336	.04915782	0
847.15	0	.5252585	.4256225	.04911905	0
846.15	0	.5271895	.4237313	.0490792	0
845.15	0	.5291018	.4218599	.0490383	0
844.15	0	.5309952	.4200084	.04899638	0
843.15	0	.53287	.4181765	.04895344	0
842.15	0	.5347262	.4163643	.04890951	0
841.15	0	.5365637	.4145717	.04886462	0
840.15	0	.5383827	.4127985	.04881877	0
839.15	0	.5401833	.4110447	.048772	0
838.15	0	.5419655	.4093102	.04872431	0
837.15	0	.5437295	.4075948	.04867573	0
836.15	0	.5454753	.4058984	.04862628	0
835.15	0	.547203	.404221	.04857596	0
834.15	0	.5489128	.4025624	.04852481	0
833.15	0	.5506047	.4009225	.04847284	0
832.15	0	.5522788	.3993011	.04842007	0
831.15	0	.5539354	.3976982	.0483665	0
830.15	0	.5555744	.3961134	.04831217	0
829.15	0	.5571961	.3945469	.04825708	0
828.15	0	.5588005	.3929982	.04820125	0
827.15	0	.5603878	.3914675	.0481447	0
826.15	0	.5619582	.3899544	.04808744	0
825.15	0	.5635117	.3884588	.04802949	0
824.15	0	.5650486	.3869806	.04797086	0
823.15	0	.5665689	.3855195	.04791157	0
822.15	0	.5680728	.3840755	.04785163	0
821.15	0	.5695606	.3826484	.04779105	0
820.15	0	.5710322	.381238	.04772985	0
819.15	0	.5724879	.3798441	.04766804	0
818.15	0	.5739278	.3784666	.04760563	0
817.15	0	.5753521	.3771053	.04754264	0
816.15	0	.5767609	.37576	.04747907	0
815.15	0	.5781544	.3744306	.04741495	0
814.15	0	.5795328	.3731169	.04735028	0
813.15	0	.5808963	.3718187	.04728507	0
812.15	0	.5822449	.3705358	.04721933	0
811.15	0	.5835788	.3692681	.04715308	0
810.15	0	.5848982	.3680154	.04708633	0
809.15	0	.5862033	.3667776	.04701908	0
808.15	0	.5874942	.3655544	.04695136	0
807.15	0	.5887711	.3643457	.04688315	0
806.15	0	.5900342	.3631513	.04681449	0
805.15	0	.5912835	.3619711	.04674537	0
804.15	0	.5925194	.3608049	.04667581	0
803.15	0	.5937418	.3596524	.04660581	0
802.15	0	.594951	.3585136	.04653538	0
801.15	0	.5961471	.3573883	.04646454	0
800.15	0	.5973304	.3562764	.0463933	0
799.15	0	.5985008	.3551775	.04632165	0
798.15	0	.5996587	.3540917	.04624961	0
797.15	0	.6008041	.3530187	.04617719	0
796.15	0	.6019372	.3519584	.04610439	0
795.15	0	.6030582	.3509106	.04603123	0
794.15	0	.6041672	.3498751	.04595771	0
793.15	0	.6052643	.3488519	.04588383	0
792.15	0	.6063497	.3478407	.04580962	0
791.15	0	.6074235	.3468414	.04573507	0
790.15	0	.6084859	.3458539	.04566019	0
789.15	0	.6095371	.344878	.04558498	0
788.15	0	.610577	.3439135	.04550947	0
787.15	0	.611606	.3429603	.04543364	0
786.15	0	.6126241	.3420184	.04535752	0
785.15	0	.6136315	.3410874	.0452811	0
784.15	0	.6146283	.3401674	.0452044	0
783.15	0	.6156146	.339258	.04512742	0
782.15	0	.6165905	.3383594	.04505016	0
781.15	0	.6175562	.3374711	.04497264	0
780.15	0	.6185119	.3365933	.04489485	0
779.15	0	.6194575	.3357257	.04481682	0
778.15	0	.6203934	.3348681	.04473854	0
777.15	0	.6213194	.3340205	.04466001	0
776.15	0	.6222359	.3331828	.04458126	0
775.2034	0	.6230948	.3323988	.04450649	0
775.2034	0	.6230948	.3323988	.04450649	0
775.2034	0	.6230948	.3323988	.04450649	0
775.15	0	.6233213	.3321045	.044424	1.501862E-04
774.15	0	.6275157	.3266489	.04289058	.002944846
773.15	0	.631619	.3212967	.04137886	.005705447
772.15	0	.6356333	.3160457	.03988843	.00843258
771.15	0	.6395609	.3108934	.0384189	.01112682
770.15	0	.6434036	.3058378	.03696989	.01378872
769.15	0	.6471636	.3008766	.03554103	.01641885
768.15	0	.6508426	.2960077	.03413195	.01901772
767.15	0	.6544427	.2912291	.03274229	.02158586
766.15	0	.6579656	.2865389	.03137171	.0241238
765.15	0	.6614132	.281935	.03001986	.02663201
764.15	0	.664787	.2774156	.02868641	.029111
763.15	0	.6680889	.2729788	.02737104	.03156125
762.15	0	.6713205	.2686229	.02607341	.03398321
761.15	0	.6744834	.264346	.02479321	.03637736
760.15	0	.6775791	.2601466	.02353014	.03874414
759.15	0	.6806092	.2560229	.0222839	.04108399
758.15	0	.6835752	.2519733	.02105418	.04339734
757.15	0	.6864785	.2479962	.01984069	.04568462
756.15	0	.6893205	.2440901	.01864316	.04794625
755.15	0	.6921026	.2402535	.01746129	.05018262
754.15	0	.6948263	.2364848	.01629482	.05239414
753.15	0	.6974927	.2327827	.01514348	.0545812
752.15	0	.7001031	.2291457	.01400699	.05674418
751.15	0	.702659	.2255725	.0128851	.05888347
750.15	0	.7051613	.2220617	.01177755	.06099944
749.15	0	.7076115	.218612	.01068409	.06309245
748.15	0	.7100106	.2152221	.009604472	.06516286
747.15	0	.7123598	.2118908	.008538456	.06721102
746.15	0	.7146602	.2086168	.007485801	.06923728
745.15	0	.7169128	.2053989	.006446274	.07124197
744.15	0	.7191189	.202236	.005419643	.07322544
743.15	0	.7212794	.199127	.004405682	.07518801
742.15	0	.7233953	.1960706	.003404168	.07713
741.15	0	.7254676	.1930658	.002414882	.07905174
740.15	0	.7274974	.1901115	.00143761	.08095353
739.15	0	.7294855	.1872066	4.721404E-04	.08283569
738.6565	0	.7304516	.1857911	0	.08375732
738.6565	0	.7304516	.1857911	0	.08375732
738.15	0	.7306519	.1853966	0	.08395155
737.15	0	.7310418	.1846272	0	.08433106
736.15	0	.7314243	.1838703	0	.08470542
735.15	0	.7317995	.1831258	0	.0850747
734.15	0	.7321676	.1823934	0	.08543898
733.15	0	.7325287	.181673	0	.08579832
732.15	0	.732883	.1809642	0	.08615281
731.15	0	.7332306	.1802669	0	.08650252
730.15	0	.7335716	.1795809	0	.08684751
729.15	0	.7339061	.1789061	0	.08718786
728.15	0	.7342342	.1782421	0	.08752364
727.15	0	.7345562	.1775889	0	.08785492
726.15	0	.734872	.1769462	0	.08818176
725.15	0	.7351818	.1763139	0	.08850423
724.15	0	.7354858	.1756918	0	.0888224
723.15	0	.7357839	.1750797	0	.08913633
722.15	0	.7360764	.1744775	0	.08944609
721.15	0	.7363634	.1738849	0	.08975173
720.15	0	.7366448	.1733018	0	.09005333
719.15	0	.7369209	.1727281	0	.09035095
718.15	0	.7371918	.1721636	0	.09064463
717.15	0	.7374574	.1716081	0	.09093445
716.15	0	.737718	.1710615	0	.09122046
715.15	0	.7379736	.1705237	0	.09150273
714.15	0	.7382243	.1699944	0	.0917813
713.15	0	.7384702	.1694736	0	.09205624
712.15	0	.7387114	.168961	0	.0923276
711.15	0	.7389479	.1684566	0	.09259543
710.15	0	.7391799	.1679603	0	.0928598
709.15	0	.7394074	.1674718	0	.09312075
708.15	0	.7396305	.1669911	0	.09337833
707.15	0	.7398493	.1665181	0	.09363261
706.15	0	.7400639	.1660525	0	.09388362
705.15	0	.7402743	.1655943	0	.09413143
704.15	0	.7404806	.1651433	0	.09437607
703.15	0	.7406829	.1646995	0	.09461761
702.15	0	.7408812	.1642627	0	.09485608
701.15	0	.7410756	.1638328	0	.09509154
700.15	0	.7412663	.1634097	0	.09532403
699.15	0	.7414532	.1629933	0	.09555359
698.15	0	.7416364	.1625834	0	.09578029
697.15	0	.7418159	.1621799	0	.09600415
696.15	0	.7419919	.1617828	0	.09622523
695.15	0	.7421644	.161392	0	.09644356
694.15	0	.7423335	.1610073	0	.0966592
693.15	0	.7424992	.1606286	0	.09687218
692.15	0	.7426616	.1602559	0	.09708254
691.15	0	.7428207	.159889	0	.09729033
690.15	0	.7429766	.1595279	0	.09749559
689.15	0	.7431293	.1591724	0	.09769835
688.15	0	.7432789	.1588225	0	.09789866
687.15	0	.7434255	.158478	0	.09809656
686.15	0	.743569	.1581389	0	.09829207
685.15	0	.7437096	.1578051	0	.09848525
684.15	0	.7438473	.1574766	0	.09867613
683.15	0	.7439821	.1571531	0	.09886474
682.15	0	.7441142	.1568347	0	.09905113
681.15	0	.7442434	.1565212	0	.09923532
680.15	0	.74437	.1562127	0	.09941735
679.15	0	.7444939	.1559089	0	.09959726
678.15	0	.7446151	.1556098	0	.09977507
677.15	0	.7447337	.1553154	0	.09995083
676.15	0	.7448498	.1550256	0	.1001246
675.15	0	.7449634	.1547403	0	.1002963
674.15	0	.7450746	.1544593	0	.1004661
673.15	0	.7451833	.1541828	0	.100634
672.15	0	.7452896	.1539105	0	.1007999
671.15	0	.7453935	.1536424	0	.100964
670.15	0	.7454952	.1533785	0	.1011263
669.15	0	.7455946	.1531187	0	.1012867
668.15	0	.7456917	.1528629	0	.1014454
667.15	0	.7457866	.1526111	0	.1016023
666.15	0	.7458794	.1523631	0	.1017575
665.15	0	.74597	.152119	0	.101911
664.15	0	.7460585	.1518786	0	.1020628
663.15	0	.746145	.1516419	0	.1022131
662.15	0	.7462294	.1514089	0	.1023616
661.15	0	.7463118	.1511795	0	.1025086
660.15	0	.7463923	.1509536	0	.1026541
659.15	0	.7464708	.1507313	0	.102798
658.15	0	.7465473	.1505123	0	.1029404
657.15	0	.746622	.1502967	0	.1030813
656.15	0	.7466949	.1500844	0	.1032208
655.15	0	.7467659	.1498754	0	.1033588
654.15	0	.7468351	.1496696	0	.1034954
653.15	0	.7469025	.1494669	0	.1036306
652.15	0	.7469682	.1492674	0	.1037644
651.15	0	.7470322	.1490709	0	.1038969
650.15	0	.7470945	.1488775	0	.104028
649.15	0	.7471551	.148687	0	.1041579
648.15	0	.7472141	.1484995	0	.1042865
647.15	0	.7472714	.1483148	0	.1044138
646.15	0	.7473272	.148133	0	.1045399
645.15	0	.7473814	.1479539	0	.1046648
644.15	0	.747434	.1477776	0	.1047884
643.15	0	.7474851	.147604	0	.1049109
642.15	0	.7475347	.1474331	0	.1050322
641.15	0	.7475829	.1472647	0	.1051524
640.15	0	.7476296	.147099	0	.1052715
639.15	0	.7476748	.1469358	0	.1053894
638.15	0	.7477187	.1467751	0	.1055063
637.15	0	.7477611	.1466168	0	.1056221
636.15	0	.7478022	.146461	0	.1057368
635.15	0	.7478419	.1463076	0	.1058505
634.15	0	.7478803	.1461565	0	.1059632
633.15	0	.7479174	.1460077	0	.1060749
632.15	0	.7479532	.1458612	0	.1061857
631.15	0	.7479877	.1457169	0	.1062954
630.15	0	.7480209	.1455749	0	.1064042
629.15	0	.7480529	.145435	0	.1065121
628.15	0	.7480837	.1452972	0	.1066191
627.15	0	.7481133	.1451616	0	.1067251
626.15	0	.7481417	.145028	0	.1068303
625.15	0	.748169	.1448965	0	.1069346
624.15	0	.7481951	.144767	0	.107038
623.15	0	.74822	.1446394	0	.1071406
622.15	0	.7482439	.1445138	0	.1072423
621.15	0	.7482666	.1443901	0	.1073433
620.15	0	.7482882	.1442684	0	.1074434
619.15	0	.7483088	.1441484	0	.1075428
618.15	0	.7483284	.1440303	0	.1076413
617.15	0	.7483469	.143914	0	.1077391
616.15	0	.7483643	.1437995	0	.1078362
615.15	0	.7483808	.1436867	0	.1079325
614.15	0	.7483962	.1435756	0	.1080281
613.15	0	.7484107	.1434663	0	.108123
612.15	0	.7484242	.1433586	0	.1082172
611.15	0	.7484368	.1432525	0	.1083107
610.15	0	.7484484	.143148	0	.1084035
609.15	0	.7484591	.1430452	0	.1084957
608.15	0	.7484689	.1429439	0	.1085872
607.15	0	.7484778	.1428441	0	.1086781
606.15	0	.7484858	.1427459	0	.1087683
605.15	0	.7484929	.1426491	0	.1088579
604.15	0	.7484992	.1425539	0	.1089469
603.15	0	.7485046	.14246	0	.1090353
602.15	0	.7485092	.1423676	0	.1091232
601.15	0	.748513	.1422766	0	.1092104
600.15	0	.7485159	.142187	0	.1092971
599.15	0	.7485181	.1420988	0	.1093832
598.15	0	.7485194	.1420118	0	.1094688
597.15	0	.74852	.1419262	0	.1095538
596.15	0	.7485198	.1418419	0	.1096383
595.15	0	.7485189	.1417589	0	.1097223
594.15	0	.7485172	.1416771	0	.1098057
593.15	0	.7485148	.1415965	0	.1098887
592.15	0	.7485117	.1415172	0	.1099711
591.15	0	.7485078	.1414391	0	.1100531
590.15	0	.7485033	.1413621	0	.1101346
589.15	0	.748498	.1412863	0	.1102157
588.15	0	.7484921	.1412116	0	.1102963
587.15	0	.7484855	.1411381	0	.1103764
586.15	0	.7484782	.1410657	0	.1104561
585.15	0	.7484703	.1409943	0	.1105353
584.15	0	.7484618	.140924	0	.1106142
583.15	0	.7484526	.1408548	0	.1106926
582.15	0	.7484428	.1407866	0	.1107706
581.15	0	.7484324	.1407194	0	.1108482
580.15	0	.7484214	.1406533	0	.1109254
579.15	0	.7484098	.1405881	0	.1110022
578.15	0	.7483976	.1405238	0	.1110786
577.15	0	.7483848	.1404606	0	.1111547
576.15	0	.7483714	.1403982	0	.1112303
575.15	0	.7483575	.1403368	0	.1113056
574.15	0	.7483431	.1402763	0	.1113806
573.15	0	.7483281	.1402167	0	.1114552
572.15	0	.7483125	.1401579	0	.1115295
571.15	0	.7482965	.1401001	0	.1116035
570.15	0	.7482799	.140043	0	.1116771
569.15	0	.7482628	.1399868	0	.1117504
568.15	0	.7482452	.1399314	0	.1118233
567.15	0	.7482272	.1398769	0	.111896
566.15	0	.7482086	.1398231	0	.1119684
565.15	0	.7481895	.13977	0	.1120404
564.15	0	.74817	.1397178	0	.1121122
563.15	0	.74815	.1396663	0	.1121837
562.15	0	.7481296	.1396155	0	.1122549
561.15	0	.7481087	.1395655	0	.1123258
560.15	0	.7480874	.1395161	0	.1123965
559.15	0	.7480656	.1394675	0	.1124669
558.15	0	.7480434	.1394196	0	.112537
557.15	0	.7480208	.1393723	0	.1126069
556.15	0	.7479978	.1393257	0	.1126765
555.15	0	.7479744	.1392797	0	.1127459
554.15	0	.7479506	.1392344	0	.112815
553.15	0	.7479264	.1391897	0	.112884
552.15	0	.7479018	.1391456	0	.1129526
551.15	0	.7478768	.1391021	0	.1130211
550.15	0	.7478515	.1390592	0	.1130893
549.15	0	.7478257	.1390169	0	.1131574
548.15	0	.7477997	.1389751	0	.1132252
547.15	0	.7477733	.138934	0	.1132928
546.15	0	.7477465	.1388933	0	.1133602
545.15	0	.7477194	.1388532	0	.1134274
544.15	0	.7476919	.1388136	0	.1134944
543.15	0	.7476642	.1387746	0	.1135613
542.15	0	.7476361	.138736	0	.1136279
541.15	0	.7476077	.1386979	0	.1136944
540.15	0	.747579	.1386604	0	.1137607
539.15	0	.74755	.1386233	0	.1138268
538.15	0	.7475206	.1385866	0	.1138927
537.15	0	.747491	.1385504	0	.1139585
536.15	0	.7474612	.1385147	0	.1140242
535.15	0	.747431	.1384794	0	.1140896
534.15	0	.7474006	.1384445	0	.1141549
533.15	0	.7473699	.13841	0	.1142201
532.15	0	.7473389	.138376	0	.1142851
531.15	0	.7473077	.1383423	0	.11435
530.15	0	.7472762	.1383091	0	.1144148
529.15	0	.7472445	.1382762	0	.1144794
528.15	0	.7472125	.1382437	0	.1145438
527.15	0	.7471803	.1382115	0	.1146082
526.15	0	.7471479	.1381797	0	.1146724
525.15	0	.7471152	.1381483	0	.1147365
524.15	0	.7470823	.1381172	0	.1148005
523.15	0	.7470493	.1380864	0	.1148644
522.15	0	.747016	.1380559	0	.1149281
521.15	0	.7469825	.1380258	0	.1149918
520.15	0	.7469488	.137996	0	.1150553
519.15	0	.7469149	.1379664	0	.1151187
518.15	0	.7468808	.1379371	0	.115182
517.15	0	.7468465	.1379082	0	.1152453
516.15	0	.7468121	.1378795	0	.1153084
515.15	0	.7467775	.137851	0	.1153715
514.15	0	.7467427	.1378229	0	.1154345
513.15	0	.7467078	.1377949	0	.1154973
512.15	0	.7466727	.1377672	0	.1155601
511.15	0	.7466374	.1377398	0	.1156228
510.15	0	.746602	.1377126	0	.1156855
509.15	0	.7465664	.1376856	0	.115748
508.15	0	.7465307	.1376588	0	.1158105
507.15	0	.7464949	.1376322	0	.1158729
506.15	0	.7464589	.1376058	0	.1159353
505.15	0	.7464228	.1375796	0	.1159975
504.15	0	.7463866	.1375536	0	.1160598
503.15	0	.7463503	.1375278	0	.1161219
502.15	0	.7463138	.1375022	0	.116184
501.15	0	.7462773	.1374767	0	.116246
500.15	0	.7462406	.1374513	0	.116308
499.15	0	.7462039	.1374262	0	.11637
498.15	0	.746167	.1374011	0	.1164319
497.15	0	.74613	.1373763	0	.1164937
496.15	0	.746093	.1373515	0	.1165555
495.15	0	.7460559	.1373269	0	.1166172
494.15	0	.7460187	.1373024	0	.1166789
493.15	0	.7459814	.137278	0	.1167406
492.15	0	.7459441	.1372537	0	.1168022
491.15	0	.7459066	.1372296	0	.1168638
490.15	0	.7458691	.1372055	0	.1169254
489.15	0	.7458316	.1371815	0	.1169869
488.15	0	.745794	.1371576	0	.1170484
487.15	0	.7457564	.1371338	0	.1171099
486.15	0	.7457187	.13711	0	.1171713
485.15	0	.7456809	.1370863	0	.1172327
484.15	0	.7456432	.1370627	0	.1172941
483.15	0	.7456054	.1370391	0	.1173555
482.15	0	.7455675	.1370156	0	.1174169
481.15	0	.7455296	.1369922	0	.1174782
480.15	0	.7454917	.1369687	0	.1175395
479.15	0	.7454538	.1369454	0	.1176008
478.15	0	.7454159	.136922	0	.1176621
477.15	0	.7453779	.1368987	0	.1177234
476.15	0	.74534	.1368754	0	.1177847
475.15	0	.745302	.1368521	0	.117846
474.15	0	.745264	.1368288	0	.1179072
473.15	0	.7452261	.1368055	0	.1179685
472.15	0	.7451881	.1367822	0	.1180297
471.15	0	.7451502	.1367589	0	.118091
470.15	0	.7451122	.1367356	0	.1181522
469.15	0	.7450743	.1367123	0	.1182135
468.15	0	.7450364	.1366889	0	.1182747
467.15	0	.7449985	.1366656	0	.1183359
466.15	0	.7449606	.1366422	0	.1183972
465.15	0	.7449228	.1366188	0	.1184585
464.15	0	.744885	.1365953	0	.1185197
463.15	0	.7448472	.1365718	0	.118581
462.15	0	.7448095	.1365482	0	.1186423
461.15	0	.7447718	.1365246	0	.1187036
460.15	0	.7447342	.136501	0	.1187649
459.15	0	.7446966	.1364772	0	.1188262
458.15	0	.744659	.1364534	0	.1188875
457.15	0	.7446216	.1364296	0	.1189489
456.15	0	.7445841	.1364057	0	.1190102
455.15	0	.7445468	.1363816	0	.1190716
454.15	0	.7445095	.1363576	0	.119133
453.15	0	.7444722	.1363334	0	.1191944
452.15	0	.7444351	.1363091	0	.1192558
451.15	0	.744398	.1362847	0	.1193173
450.15	0	.744361	.1362603	0	.1193788
449.15	0	.7443241	.1362356	0	.1194403
448.15	0	.7442873	.1362109	0	.1195018
447.15	0	.7442507	.136186	0	.1195634
446.15	0	.7442141	.1361609	0	.119625
445.15	0	.7441777	.1361358	0	.1196866
444.15	0	.7441414	.1361104	0	.1197482
443.15	0	.7441052	.1360849	0	.1198099
442.15	0	.7440691	.1360592	0	.1198716
441.15	0	.7440333	.1360333	0	.1199334
440.15	0	.7439976	.1360072	0	.1199952
439.15	0	.743962	.135981	0	.120057
438.15	0	.7439266	.1359545	0	.1201189
437.15	0	.7438914	.1359277	0	.1201809
436.15	0	.7438565	.1359007	0	.1202428
435.15	0	.7438217	.1358735	0	.1203048
434.15	0	.7437871	.135846	0	.1203669
433.15	0	.7437527	.1358183	0	.120429
432.15	0	.7437185	.1357903	0	.1204912
431.15	0	.7436846	.135762	0	.1205534
430.15	0	.7436509	.1357335	0	.1206157
429.15	0	.7436174	.1357046	0	.120678
428.15	0	.7435842	.1356755	0	.1207404
427.15	0	.7435512	.1356461	0	.1208028
426.15	0	.7435184	.1356163	0	.1208653
425.15	0	.7434859	.1355863	0	.1209278
424.15	0	.7434537	.1355559	0	.1209904
423.15	0	.7434217	.1355253	0	.121053
422.15	0	.74339	.1354943	0	.1211157
421.15	0	.7433586	.1354629	0	.1211785
420.15	0	.7433274	.1354313	0	.1212413
419.15	0	.7432965	.1353993	0	.1213042
418.15	0	.7432659	.135367	0	.1213671
417.15	0	.7432356	.1353343	0	.1214301
416.15	0	.7432055	.1353013	0	.1214932
415.15	0	.7431758	.1352679	0	.1215563
414.15	0	.7431463	.1352342	0	.1216195
413.15	0	.7431171	.1352002	0	.1216827
412.15	0	.7430882	.1351658	0	.121746
411.15	0	.7430596	.135131	0	.1218093
410.15	0	.7430313	.1350959	0	.1218728
409.15	0	.7430033	.1350604	0	.1219362
408.15	0	.7429756	.1350246	0	.1219998
407.15	0	.7429482	.1349884	0	.1220634
406.15	0	.7429211	.1349519	0	.122127
405.15	0	.7428943	.1349149	0	.1221907
404.15	0	.7428678	.1348777	0	.1222545
403.15	0	.7428417	.13484	0	.1223183
402.15	0	.7428158	.134802	0	.1223822
401.15	0	.7427902	.1347637	0	.1224462
400.15	0	.7427649	.1347249	0	.1225102
399.15	0	.7427399	.1346858	0	.1225742
398.15	0	.7427153	.1346464	0	.1226384
397.15	0	.7426909	.1346066	0	.1227025
396.15	0	.7426668	.1345664	0	.1227668
395.15	0	.7426431	.1345258	0	.1228311
394.15	0	.7426196	.134485	0	.1228954
393.15	0	.7425965	.1344437	0	.1229599
