T	 BPW(LIQUID)	BPW(BCC_A2)	BPW(FCC_A1)	BPW(LAVES_PHASE_C14)	BPW(NI3TI)
1473.15	.07484886	.8397844	0	.08536676	0
1472.15	.07001253	.8428256	0	.08716192	0
1471.15	.06526636	.8458045	0	.08892917	0
1470.15	.06060796	.8487228	0	.09066927	0
1469.15	.05603501	.851582	0	.09238296	0
1468.15	.05154531	.8543838	0	.09407094	0
1467.15	.04713669	.8571294	0	.09573389	0
1466.15	.04280708	.8598204	0	.09737248	0
1465.15	.03855446	.8624582	0	.09898734	0
1464.15	.03437689	.865044	0	.1005791	0
1463.15	.03027248	.8675792	0	.1021483	0
1462.15	.02623943	.870065	0	.1036956	0
1461.15	.02227595	.8725025	0	.1052215	0
1460.15	.01838036	.8748931	0	.1067266	0
1459.15	.01455098	.8772377	0	.1082113	0
1458.15	.01078622	.8795375	0	.1096763	0
1457.15	.007084535	.8817936	0	.1111219	0
1456.15	.003444411	.8840069	0	.1125487	0
1455.188	0	.8860964	0	.1139036	0
1455.188	0	.8860964	0	.1139036	0
1455.15	0	.8860744	0	.1139256	0
1454.15	0	.8854977	0	.1145023	0
1453.15	0	.8849226	0	.1150774	0
1452.15	0	.884349	0	.115651	0
1451.15	0	.8837769	0	.1162231	0
1450.15	0	.8832064	0	.1167936	0
1449.15	0	.8826374	0	.1173626	0
1448.15	0	.8820699	0	.1179302	0
1447.15	0	.8815039	0	.1184961	0
1446.15	0	.8809394	0	.1190606	0
1445.15	0	.8803764	0	.1196236	0
1444.15	0	.8798149	0	.1201851	0
1443.15	0	.8792549	0	.1207451	0
1442.15	0	.8786964	0	.1213037	0
1441.15	0	.8781393	0	.1218607	0
1440.15	0	.8775837	0	.1224163	0
1439.15	0	.8770296	0	.1229704	0
1438.15	0	.876477	0	.123523	0
1437.15	0	.8759258	0	.1240742	0
1436.15	0	.8753761	0	.1246239	0
1435.15	0	.8748278	0	.1251722	0
1434.15	0	.874281	0	.125719	0
1433.15	0	.8737356	0	.1262644	0
1432.15	0	.8731917	0	.1268083	0
1431.15	0	.8726491	0	.1273509	0
1430.15	0	.8721081	0	.127892	0
1429.15	0	.8715684	0	.1284316	0
1428.15	0	.8710301	0	.1289699	0
1427.15	0	.8704933	0	.1295067	0
1426.674	0	.8702384	0	.1297616	0
1426.674	0	.8702384	0	.1297616	0
1426.674	0	.8702384	0	.1297616	0
1426.15	0	.8686263	.00128754	.1300861	0
1425.15	0	.8655582	.003738434	.1307033	0
1424.15	0	.8624983	.006183404	.1313183	0
1423.15	0	.8594466	.008622459	.131931	0
1422.15	0	.856403	.01105561	.1325414	0
1421.15	0	.8533676	.01348286	.1331496	0
1420.15	0	.8503403	.01590422	.1337555	0
1419.15	0	.8473211	.0183197	.1343592	0
1418.15	0	.84431	.0207293	.1349607	0
1417.15	0	.841307	.02313303	.13556	0
1416.15	0	.838312	.02553091	.1361571	0
1415.15	0	.8353251	.02792294	.136752	0
1414.15	0	.8323462	.03030912	.1373447	0
1413.15	0	.8293753	.03268947	.1379353	0
1412.15	0	.8264123	.03506399	.1385237	0
1411.15	0	.8234574	.03743269	.1391099	0
1410.15	0	.8205104	.03979557	.139694	0
1409.15	0	.8175713	.04215264	.1402761	0
1408.15	0	.8146402	.04450391	.1408559	0
1407.15	0	.8117169	.04684939	.1414337	0
1406.15	0	.8088015	.04918908	.1420094	0
1405.15	0	.805894	.05152299	.142583	0
1404.15	0	.8029944	.05385113	.1431545	0
1403.15	0	.8001026	.0561735	.1437239	0
1402.15	0	.7972186	.0584901	.1442913	0
1401.15	0	.7943424	.06080095	.1448566	0
1400.15	0	.7914741	.06310605	.1454199	0
1399.15	0	.7886134	.06540541	.1459812	0
1398.15	0	.7857606	.06769902	.1465404	0
1397.15	0	.7829155	.06998691	.1470976	0
1396.15	0	.7800781	.07226906	.1476528	0
1395.15	0	.7772485	.0745455	.148206	0
1394.15	0	.7744265	.07681621	.1487572	0
1393.15	0	.7716123	.07908122	.1493065	0
1392.15	0	.7688057	.08134052	.1498538	0
1391.15	0	.7660068	.08359411	.1503991	0
1390.15	0	.7632155	.08584201	.1509424	0
1389.15	0	.7604319	.08808422	.1514839	0
1388.15	0	.7576559	.09032074	.1520234	0
1387.15	0	.7548875	.09255158	.1525609	0
1386.15	0	.7521267	.09477674	.1530965	0
1385.15	0	.7493735	.09699622	.1536303	0
1384.15	0	.7466279	.09921004	.1541621	0
1383.15	0	.7438898	.1014182	.154692	0
1382.15	0	.7411593	.1036207	.1552201	0
1381.15	0	.7384363	.1058175	.1557462	0
1380.15	0	.7357208	.1080087	.1562705	0
1379.15	0	.7330128	.1101942	.156793	0
1378.15	0	.7303124	.1123741	.1573136	0
1377.15	0	.7276194	.1145483	.1578323	0
1376.15	0	.7249339	.1167169	.1583492	0
1375.15	0	.7222559	.1188798	.1588643	0
1374.15	0	.7195853	.1210371	.1593776	0
1373.15	0	.7169222	.1231888	.159889	0
1372.15	0	.7142666	.1253348	.1603986	0
1371.15	0	.7116183	.1274752	.1609065	0
1370.15	0	.7089775	.12961	.1614125	0
1369.15	0	.706344	.1317392	.1619168	0
1368.15	0	.703718	.1338627	.1624193	0
1367.15	0	.7010994	.1359807	.16292	0
1366.15	0	.6984881	.138093	.163419	0
1365.15	0	.6958842	.1401997	.1639162	0
1364.15	0	.6932877	.1423007	.1644116	0
1363.15	0	.6906985	.1443962	.1649054	0
1362.15	0	.6881166	.146486	.1653974	0
1361.15	0	.6855421	.1485703	.1658876	0
1360.15	0	.6829749	.1506489	.1663762	0
1359.15	0	.6804151	.1527219	.166863	0
1358.15	0	.6778625	.1547893	.1673482	0
1357.15	0	.6753172	.1568511	.1678316	0
1356.15	0	.6727793	.1589073	.1683134	0
1355.15	0	.6702486	.1609579	.1687935	0
1354.15	0	.6677252	.1630029	.1692719	0
1353.15	0	.6652091	.1650423	.1697486	0
1352.15	0	.6627002	.1670761	.1702237	0
1351.15	0	.6601986	.1691042	.1706971	0
1350.15	0	.6577043	.1711268	.1711689	0
1349.15	0	.6552172	.1731437	.1716391	0
1348.15	0	.6527373	.1751551	.1721076	0
1347.15	0	.6502647	.1771608	.1725745	0
1346.15	0	.6477993	.1791609	.1730397	0
1345.15	0	.6453412	.1811555	.1735034	0
1344.15	0	.6428902	.1831444	.1739654	0
1343.15	0	.6404465	.1851277	.1744259	0
1342.15	0	.6380099	.1871053	.1748847	0
1341.15	0	.6355806	.1890774	.175342	0
1340.15	0	.6331585	.1910439	.1757977	0
1339.15	0	.6307436	.1930047	.1762518	0
1338.15	0	.6283358	.1949599	.1767043	0
1337.15	0	.6259353	.1969095	.1771553	0
1336.15	0	.6235419	.1988534	.1776047	0
1335.15	0	.6211557	.2007917	.1780526	0
1334.15	0	.6187767	.2027244	.1784989	0
1333.15	0	.6164048	.2046515	.1789437	0
1332.15	0	.6140401	.2065729	.179387	0
1331.15	0	.6116826	.2084887	.1798287	0
1330.15	0	.6093323	.2103988	.1802689	0
1329.15	0	.6069891	.2123033	.1807076	0
1328.15	0	.6046531	.2142021	.1811448	0
1327.15	0	.6023242	.2160953	.1815805	0
1326.15	0	.6000025	.2179828	.1820147	0
1325.15	0	.5976879	.2198647	.1824474	0
1324.15	0	.5953805	.2217409	.1828787	0
1323.15	0	.5930802	.2236114	.1833084	0
1322.15	0	.5907871	.2254762	.1837367	0
1321.15	0	.5885011	.2273354	.1841635	0
1320.15	0	.5862223	.2291889	.1845889	0
1319.15	0	.5839506	.2310366	.1850128	0
1318.15	0	.5816861	.2328787	.1854352	0
1317.15	0	.5794287	.2347151	.1858562	0
1316.15	0	.5771784	.2365458	.1862758	0
1315.15	0	.5749353	.2383707	.1866939	0
1314.15	0	.5726994	.24019	.1871106	0
1313.15	0	.5704706	.2420035	.1875259	0
1312.15	0	.568249	.2438113	.1879397	0
1311.15	0	.5660345	.2456134	.1883522	0
1310.15	0	.5638271	.2474097	.1887632	0
1309.15	0	.5616269	.2492002	.1891729	0
1308.15	0	.5594339	.250985	.1895811	0
1307.15	0	.557248	.252764	.189988	0
1306.15	0	.5550693	.2545373	.1903935	0
1305.15	0	.5528977	.2563047	.1907976	0
1304.15	0	.5507333	.2580664	.1912003	0
1303.15	0	.5485761	.2598223	.1916016	0
1302.15	0	.546426	.2615724	.1920016	0
1301.15	0	.5442831	.2633166	.1924002	0
1300.15	0	.5421474	.2650551	.1927975	0
1299.15	0	.5400189	.2667877	.1931934	0
1298.15	0	.5378975	.2685145	.193588	0
1297.15	0	.5357834	.2702354	.1939812	0
1296.15	0	.5336764	.2719505	.1943731	0
1295.15	0	.5315766	.2736597	.1947637	0
1294.15	0	.5294841	.275363	.1951529	0
1293.15	0	.5273987	.2770604	.1955409	0
1292.15	0	.5253205	.278752	.1959275	0
1291.15	0	.5232496	.2804376	.1963128	0
1290.15	0	.5211859	.2821173	.1966968	0
1289.15	0	.5191294	.2837911	.1970795	0
1288.15	0	.5170802	.285459	.1974609	0
1287.15	0	.5150382	.2871208	.197841	0
1286.15	0	.5130034	.2887768	.1982198	0
1285.15	0	.5109759	.2904268	.1985973	0
1284.15	0	.5089557	.2920707	.1989736	0
1283.15	0	.5069427	.2937087	.1993485	0
1282.15	0	.5049371	.2953407	.1997222	0
1281.15	0	.5029387	.2969666	.2000947	0
1280.15	0	.5009476	.2985866	.2004659	0
1279.15	0	.4989638	.3002004	.2008358	0
1278.15	0	.4969873	.3018083	.2012045	0
1277.15	0	.4950181	.30341	.2015719	0
1276.15	0	.4930563	.3050057	.2019381	0
1275.15	0	.4911018	.3065952	.202303	0
1274.15	0	.4891546	.3081787	.2026667	0
1273.15	0	.4872148	.309756	.2030292	0
1272.15	0	.4852824	.3113272	.2033905	0
1271.15	0	.4833573	.3128922	.2037505	0
1270.15	0	.4814396	.314451	.2041093	0
1269.15	0	.4795294	.3160037	.2044669	0
1268.15	0	.4776265	.3175502	.2048233	0
1267.15	0	.4757311	.3190904	.2051785	0
1266.15	0	.4738431	.3206244	.2055325	0
1265.15	0	.4719625	.3221522	.2058853	0
1264.15	0	.4700894	.3236737	.2062369	0
1263.15	0	.4682238	.325189	.2065873	0
1262.15	0	.4663656	.3266979	.2069365	0
1261.15	0	.4645149	.3282005	.2072846	0
1260.15	0	.4626718	.3296968	.2076314	0
1259.15	0	.4608361	.3311868	.2079771	0
1258.15	0	.459008	.3326703	.2083216	0
1257.15	0	.4571875	.3341475	.208665	0
1256.15	0	.4553745	.3356183	.2090072	0
1255.15	0	.4535691	.3370827	.2093482	0
1254.15	0	.4517713	.3385407	.2096881	0
1253.15	0	.449981	.3399922	.2100268	0
1252.15	0	.4481984	.3414372	.2103644	0
1251.15	0	.4464235	.3428757	.2107009	0
1250.15	0	.4446561	.3443077	.2110361	0
1249.15	0	.4428965	.3457332	.2113703	0
1248.15	0	.4411445	.3471521	.2117033	0
1247.15	0	.4394003	.3485645	.2120353	0
1246.15	0	.4376637	.3499702	.212366	0
1245.15	0	.4359349	.3513694	.2126957	0
1244.15	0	.4342139	.3527619	.2130242	0
1243.15	0	.4325006	.3541478	.2133517	0
1242.15	0	.4307951	.355527	.213678	0
1241.15	0	.4290974	.3568994	.2140032	0
1240.15	0	.4274075	.3582652	.2143273	0
1239.15	0	.4257255	.3596242	.2146503	0
1238.15	0	.4240513	.3609765	.2149722	0
1237.15	0	.422385	.362322	.2152931	0
1236.15	0	.4207266	.3636606	.2156128	0
1235.15	0	.4190761	.3649925	.2159314	0
1234.15	0	.4174336	.3663174	.216249	0
1233.15	0	.415799	.3676355	.2165655	0
1232.15	0	.4141724	.3689467	.2168809	0
1231.15	0	.4125538	.370251	.2171952	0
1230.15	0	.4109433	.3715483	.2175085	0
1229.15	0	.4093407	.3728386	.2178207	0
1228.15	0	.4077463	.3741219	.2181318	0
1227.15	0	.4061599	.3753982	.2184419	0
1226.15	0	.4045817	.3766675	.2187509	0
1225.15	0	.4030115	.3779296	.2190588	0
1224.15	0	.4014496	.3791847	.2193658	0
1223.15	0	.3998958	.3804326	.2196716	0
1222.15	0	.3983502	.3816734	.2199764	0
1221.15	0	.3968128	.382907	.2202802	0
1220.15	0	.3952837	.3841334	.220583	0
1219.15	0	.3937629	.3853525	.2208847	0
1218.15	0	.3922503	.3865643	.2211853	0
1217.15	0	.3907461	.3877689	.221485	0
1216.15	0	.3892502	.3889662	.2217836	0
1215.15	0	.3877628	.390156	.2220812	0
1214.15	0	.3862837	.3913386	.2223778	0
1213.15	0	.384813	.3925137	.2226733	0
1212.15	0	.3833508	.3936813	.2229679	0
1211.15	0	.3818971	.3948415	.2232614	0
1210.15	0	.3804518	.3959942	.223554	0
1209.15	0	.3790151	.3971394	.2238455	0
1208.15	0	.377587	.398277	.224136	0
1207.15	0	.3761675	.399407	.2244255	0
1206.15	0	.3747566	.4005294	.2247141	0
1205.15	0	.3733543	.4016441	.2250016	0
1204.15	0	.3719607	.4027512	.2252881	0
1203.15	0	.3705758	.4038505	.2255737	0
1202.15	0	.3691996	.4049421	.2258583	0
1201.15	0	.3678322	.406026	.2261419	0
1200.15	0	.3664736	.407102	.2264245	0
1199.15	0	.3651238	.4081701	.2267061	0
1198.15	0	.3637828	.4092304	.2269868	0
1197.15	0	.3624508	.4102828	.2272665	0
1196.15	0	.3611276	.4113272	.2275452	0
1195.15	0	.3598134	.4123637	.2278229	0
1194.15	0	.3585082	.4133921	.2280997	0
1193.15	0	.357212	.4144125	.2283755	0
1192.15	0	.3559248	.4154248	.2286504	0
1191.15	0	.3546467	.416429	.2289243	0
1190.15	0	.3533777	.417425	.2291973	0
1189.15	0	.3521178	.4184129	.2294693	0
1188.15	0	.3508671	.4193925	.2297404	0
1187.15	0	.3496256	.4203639	.2300105	0
1186.15	0	.3483933	.421327	.2302797	0
1185.15	0	.3471703	.4222818	.2305479	0
1184.15	0	.3459566	.4232282	.2308152	0
1183.15	0	.3447522	.4241661	.2310816	0
1182.15	0	.3435573	.4250957	.2313471	0
1181.15	0	.3423717	.4260167	.2316116	0
1180.15	0	.3411956	.4269293	.2318752	0
1179.15	0	.3400289	.4278333	.2321378	0
1178.15	0	.3388717	.4287287	.2323995	0
1177.15	0	.3377241	.4296155	.2326604	0
1176.15	0	.3365861	.4304936	.2329203	0
1175.15	0	.3354577	.431363	.2331793	0
1174.15	0	.334339	.4322237	.2334373	0
1173.15	0	.3332299	.4330756	.2336945	0
1172.15	0	.3321306	.4339186	.2339507	0
1171.15	0	.3310411	.4347528	.2342061	0
1170.15	0	.3299613	.4355781	.2344606	0
1169.15	0	.3288914	.4363945	.2347141	0
1168.15	0	.3278314	.4372019	.2349668	0
1167.15	0	.3267813	.4380002	.2352185	0
1166.15	0	.3257411	.4387895	.2354694	0
1165.15	0	.3247109	.4395697	.2357194	0
1164.15	0	.3236908	.4403407	.2359685	0
1163.15	0	.3226807	.4411026	.2362167	0
1162.15	0	.3216808	.4418552	.236464	0
1161.15	0	.320691	.4425986	.2367104	0
1160.15	0	.3197113	.4433327	.236956	0
1159.15	0	.3187419	.4440574	.2372007	0
1158.15	0	.3177828	.4447727	.2374445	0
1157.15	0	.3168339	.4454786	.2376874	0
1156.15	0	.3158955	.4461751	.2379295	0
1155.15	0	.3149673	.446862	.2381707	0
1154.15	0	.3140496	.4475394	.238411	0
1153.15	0	.3131423	.4482071	.2386505	0
1152.15	0	.3122456	.4488653	.2388891	0
1151.15	0	.3113594	.4495137	.2391269	0
1150.15	0	.3104838	.4501524	.2393638	0
1149.15	0	.3096188	.4507813	.2395998	0
1148.15	0	.3087645	.4514005	.239835	0
1147.15	0	.3079209	.4520097	.2400694	0
1146.15	0	.307088	.4526091	.2403029	0
1145.15	0	.3062659	.4531986	.2405355	0
1144.15	0	.3054546	.453778	.2407673	0
1143.15	0	.3046542	.4543475	.2409983	0
1142.15	0	.3038647	.4549068	.2412284	0
1141.15	0	.3030862	.4554561	.2414577	0
1140.15	0	.3023186	.4559952	.2416862	0
1139.15	0	.301562	.4565241	.2419138	0
1138.15	0	.3008166	.4570428	.2421406	0
1137.15	0	.3000822	.4575512	.2423666	0
1136.15	0	.299359	.4580493	.2425918	0
1135.15	0	.2986469	.458537	.2428161	0
1134.15	0	.2979461	.4590143	.2430396	0
1133.15	0	.2972565	.4594812	.2432623	0
1132.15	0	.2965783	.4599375	.2434842	0
1131.15	0	.2959114	.4603834	.2437052	0
1130.15	0	.2952559	.4608186	.2439255	0
1129.15	0	.2946118	.4612433	.2441449	0
1128.15	0	.2939792	.4616573	.2443636	0
1127.15	0	.2933581	.4620605	.2445814	0
1126.15	0	.2927485	.4624531	.2447984	0
1125.15	0	.2921505	.4628348	.2450146	0
1124.15	0	.2915642	.4632058	.2452301	0
1123.15	0	.2909895	.4635658	.2454447	0
1122.15	0	.2904265	.463915	.2456585	0
1121.15	0	.2898753	.4642532	.2458716	0
1120.15	0	.2893358	.4645804	.2460838	0
1119.15	0	.2888081	.4648966	.2462953	0
1118.15	0	.2882923	.4652017	.246506	0
1117.15	0	.2877884	.4654958	.2467159	0
1116.15	0	.2872964	.4657786	.246925	0
1115.15	0	.2868164	.4660503	.2471333	0
1114.15	0	.2863484	.4663108	.2473409	0
1113.15	0	.2858924	.46656	.2475476	0
1112.15	0	.2854485	.4667979	.2477536	0
1111.15	0	.2850167	.4670245	.2479589	0
1110.15	0	.284597	.4672397	.2481634	0
1109.15	0	.2841895	.4674434	.2483671	0
1108.15	0	.2837942	.4676358	.24857	0
1107.15	0	.2834112	.4678166	.2487722	0
1106.15	0	.2830404	.467986	.2489736	0
1105.15	0	.282682	.4681438	.2491743	0
1104.15	0	.2823359	.46829	.2493742	0
1103.15	0	.2820022	.4684245	.2495733	0
1102.15	0	.2816808	.4685475	.2497717	0
1101.15	0	.2813719	.4686587	.2499693	0
1100.15	0	.2810755	.4687582	.2501662	0
1099.15	0	.2807916	.468846	.2503624	0
1098.15	0	.2805202	.468922	.2505578	0
1097.15	0	.2802614	.4689862	.2507525	0
1096.15	0	.2800151	.4690385	.2509464	0
1095.15	0	.2797814	.4690789	.2511396	0
1094.15	0	.2795604	.4691075	.2513321	0
1093.15	0	.2793521	.4691241	.2515238	0
1092.15	0	.2791564	.4691288	.2517148	0
1091.15	0	.2789734	.4691215	.2519051	0
1090.15	0	.2788032	.4691022	.2520946	0
1089.15	0	.2786457	.4690709	.2522834	0
1088.15	0	.278501	.4690275	.2524715	0
1087.15	0	.2783691	.468972	.2526589	0
1086.15	0	.27825	.4689044	.2528456	0
1085.15	0	.2781438	.4688247	.2530315	0
1084.15	0	.2780504	.4687329	.2532168	0
1083.15	0	.2779698	.4686289	.2534013	0
1082.15	0	.2779022	.4685127	.2535851	0
1081.15	0	.2778475	.4683843	.2537682	0
1080.15	0	.2778057	.4682437	.2539506	0
1079.15	0	.2777768	.4680908	.2541323	0
1078.15	0	.2777609	.4679257	.2543133	0
1077.15	0	.277758	.4677484	.2544937	0
1076.15	0	.277768	.4675587	.2546733	0
1075.15	0	.277791	.4673568	.2548522	0
1074.15	0	.277827	.4671426	.2550304	0
1073.15	0	.277876	.4669161	.2552079	0
1072.15	0	.277938	.4666772	.2553848	0
1071.15	0	.278013	.4664261	.255561	0
1070.15	0	.278101	.4661625	.2557364	0
1069.15	0	.2782021	.4658867	.2559112	0
1068.15	0	.2783161	.4655985	.2560853	0
1067.15	0	.2784432	.465298	.2562588	0
1066.15	0	.2785834	.4649851	.2564316	0
1065.15	0	.2787365	.4646598	.2566037	0
1064.15	0	.2789026	.4643223	.2567751	0
1063.15	0	.2790818	.4639723	.2569458	0
1062.15	0	.279274	.4636101	.2571159	0
1061.15	0	.2794792	.4632354	.2572854	0
1060.15	0	.2796974	.4628485	.2574541	0
1059.15	0	.2799285	.4624492	.2576222	0
1058.15	0	.2801727	.4620376	.2577897	0
1057.15	0	.2804298	.4616137	.2579565	0
1056.15	0	.2806999	.4611776	.2581226	0
1055.15	0	.2809829	.4607291	.2582881	0
1054.15	0	.2812788	.4602683	.2584529	0
1053.15	0	.2815876	.4597953	.2586171	0
1052.15	0	.2819093	.45931	.2587806	0
1051.15	0	.2822439	.4588126	.2589435	0
1050.15	0	.2825913	.4583029	.2591058	0
1049.15	0	.2829516	.457781	.2592674	0
1048.15	0	.2833246	.457247	.2594284	0
1047.15	0	.2837105	.4567009	.2595887	0
1046.15	0	.284109	.4561426	.2597484	0
1045.15	0	.2845203	.4555723	.2599074	0
1044.15	0	.2849443	.4549899	.2600659	0
1043.15	0	.2853809	.4543954	.2602237	0
1042.15	0	.2858301	.453789	.2603809	0
1041.15	0	.286292	.4531706	.2605374	0
1040.15	0	.2867663	.4525403	.2606933	0
1039.15	0	.2872532	.4518982	.2608486	0
1038.15	0	.2877526	.4512441	.2610033	0
1037.15	0	.2882644	.4505783	.2611574	0
1036.15	0	.2887885	.4499007	.2613108	0
1035.15	0	.289325	.4492113	.2614636	0
1034.15	0	.2898739	.4485103	.2616159	0
1033.15	0	.2904349	.4477976	.2617675	0
1032.15	0	.2910082	.4470734	.2619184	0
1031.15	0	.2915936	.4463376	.2620688	0
1030.15	0	.2921911	.4455903	.2622186	0
1029.15	0	.2928007	.4448316	.2623677	0
1028.15	0	.2934222	.4440615	.2625163	0
1027.15	0	.2940557	.4432801	.2626642	0
1026.15	0	.2947011	.4424874	.2628116	0
1025.15	0	.2953582	.4416835	.2629583	0
1024.15	0	.2960272	.4408684	.2631045	0
1023.15	0	.2967078	.4400423	.26325	0
1022.15	0	.2974	.4392051	.2633949	0
1021.15	0	.2981038	.438357	.2635393	0
1020.15	0	.298819	.4374979	.263683	0
1019.15	0	.2995457	.4366281	.2638262	0
1018.15	0	.3002838	.4357475	.2639687	0
1017.15	0	.3010331	.4348562	.2641107	0
1016.15	0	.3017936	.4339544	.264252	0
1015.15	0	.3025652	.433042	.2643928	0
1014.15	0	.3033479	.4321191	.264533	0
1013.15	0	.3041416	.4311859	.2646726	0
1012.15	0	.3049461	.4302423	.2648116	0
1011.15	0	.3057614	.4292886	.26495	0
1010.15	0	.3065875	.4283247	.2650878	0
1009.15	0	.3074242	.4273508	.265225	0
1008.15	0	.3082714	.4263669	.2653616	0
1007.15	0	.3091291	.4253732	.2654977	0
1006.15	0	.3099972	.4243697	.2656331	0
1005.15	0	.3108755	.4233565	.265768	0
1004.15	0	.3117641	.4223337	.2659023	0
1003.15	0	.3126627	.4213014	.266036	0
1002.15	0	.3135713	.4202597	.266169	0
1001.15	0	.3144898	.4192086	.2663015	0
1000.15	0	.3154182	.4181484	.2664335	0
999.15	0	.3163562	.4170791	.2665648	0
998.15	0	.3173038	.4160007	.2666955	0
997.15	0	.3182609	.4149135	.2668256	0
996.15	0	.3192274	.4138174	.2669552	0
995.15	0	.3202032	.4127127	.2670841	0
994.15	0	.3211882	.4115993	.2672125	0
993.15	0	.3221823	.4104775	.2673402	0
992.15	0	.3231853	.4093474	.2674674	0
991.15	0	.3241971	.4082089	.2675939	0
990.15	0	.3252178	.4070624	.2677199	0
989.15	0	.326247	.4059078	.2678452	0
988.15	0	.3272847	.4047453	.26797	0
987.15	0	.3283309	.403575	.2680941	0
986.15	0	.3293853	.402397	.2682177	0
985.15	0	.3304479	.4012115	.2683406	0
984.15	0	.3315186	.4000185	.2684629	0
983.15	0	.3325971	.3988183	.2685846	0
982.15	0	.3336835	.3976108	.2687057	0
981.15	0	.3347776	.3963963	.2688261	0
980.15	0	.3358792	.3951749	.268946	0
979.15	0	.3369882	.3939466	.2690652	0
978.15	0	.3381045	.3927117	.2691837	0
977.15	0	.3392281	.3914703	.2693017	0
976.15	0	.3403586	.3902224	.269419	0
975.15	0	.3414961	.3889682	.2695357	0
974.15	0	.3426404	.3877079	.2696517	0
973.15	0	.3437913	.3864416	.2697671	0
972.15	0	.3449488	.3851694	.2698818	0
971.15	0	.3461127	.3838915	.2699959	0
970.15	0	.3472828	.3826079	.2701093	0
969.15	0	.348459	.381319	.270222	0
968.15	0	.3496413	.3800247	.2703341	0
967.15	0	.3508293	.3787252	.2704455	0
966.15	0	.3520232	.3774207	.2705562	0
965.15	0	.3532225	.3761113	.2706662	0
964.15	0	.3544273	.3747972	.2707755	0
963.15	0	.3556374	.3734785	.2708841	0
962.15	0	.3568526	.3721553	.270992	0
961.15	0	.3580729	.3708279	.2710992	0
960.15	0	.359298	.3694964	.2712057	0
959.15	0	.3605278	.3681608	.2713114	0
958.15	0	.3617621	.3668214	.2714164	0
957.15	0	.3630009	.3654784	.2715207	0
956.15	0	.364244	.3641319	.2716242	0
955.15	0	.3654912	.3627819	.2717269	0
954.15	0	.3667423	.3614288	.2718288	0
953.15	0	.367853	.3602088	.2719382	0
952.15	0	.3689648	.3589881	.2720471	0
951.15	0	.3701012	.3577446	.2721541	0
950.15	0	.3712611	.3564797	.2722593	0
949.15	0	.3724432	.3551942	.2723627	0
948.15	0	.3736464	.3538893	.2724643	0
947.15	0	.3748698	.3525661	.2725641	0
946.15	0	.3761122	.3512255	.2726623	0
945.15	0	.3773727	.3498686	.2727587	0
944.15	0	.3786503	.3484962	.2728535	0
943.15	0	.3799441	.3471093	.2729467	0
942.15	0	.3812531	.3457087	.2730382	0
941.15	0	.3825765	.3442953	.2731282	0
940.15	0	.3839135	.34287	.2732165	0
939.15	0	.3852631	.3414335	.2733034	0
938.15	0	.3866247	.3399867	.2733886	0
937.15	0	.3879975	.3385302	.2734724	0
936.15	0	.3893806	.3370647	.2735547	0
935.15	0	.3907735	.3355911	.2736354	0
934.15	0	.3921754	.3341099	.2737147	0
933.15	0	.3935856	.3326219	.2737925	0
932.15	0	.3950035	.3311276	.2738689	0
931.15	0	.3964285	.3296277	.2739438	0
930.15	0	.39786	.3281227	.2740173	0
929.15	0	.3992973	.3266133	.2740894	0
928.15	0	.4007399	.3251001	.2741601	0
927.15	0	.4021872	.3235834	.2742294	0
926.15	0	.4036388	.322064	.2742972	0
925.15	0	.405094	.3205422	.2743638	0
924.15	0	.4065525	.3190186	.2744289	0
923.15	0	.4080137	.3174936	.2744927	0
922.15	0	.4094771	.3159678	.2745551	0
921.15	0	.4109423	.3144415	.2746162	0
920.15	0	.4124089	.3129152	.274676	0
919.15	0	.4138764	.3113893	.2747344	0
918.15	0	.4153444	.3098642	.2747914	0
917.15	0	.4168125	.3083403	.2748472	0
916.15	0	.4182804	.306818	.2749016	0
915.15	0	.4197476	.3052976	.2749548	0
914.15	0	.4212139	.3037795	.2750066	0
913.15	0	.4226788	.3022641	.2750572	0
912.15	0	.4241419	.3007517	.2751064	0
911.15	0	.4256031	.2992425	.2751544	0
910.15	0	.4270619	.297737	.2752011	0
909.15	0	.4285181	.2962355	.2752465	0
908.15	0	.4299713	.2947381	.2752906	0
907.15	0	.4314213	.2932452	.2753335	0
906.15	0	.4328677	.2917572	.2753751	0
905.15	0	.4343104	.2902742	.2754155	0
904.15	0	.435749	.2887965	.2754546	0
903.15	0	.4371832	.2873243	.2754924	0
902.15	0	.4386129	.285858	.2755291	0
901.15	0	.4400378	.2843977	.2755645	0
900.15	0	.4414576	.2829437	.2755987	0
899.15	0	.4428722	.2814962	.2756316	0
898.15	0	.4442812	.2800554	.2756634	0
897.15	0	.4456845	.2786216	.2756939	0
896.15	0	.447082	.2771948	.2757232	0
895.15	0	.4484732	.2757754	.2757514	0
894.15	0	.4498582	.2743635	.2757783	0
893.15	0	.4512367	.2729593	.275804	0
892.15	0	.4526085	.2715629	.2758286	0
891.15	0	.4539734	.2701746	.275852	0
890.15	0	.4553313	.2687945	.2758743	0
889.15	0	.4566819	.2674227	.2758953	0
888.15	0	.4580252	.2660595	.2759153	0
887.15	0	.459361	.264705	.275934	0
886.15	0	.4606891	.2633592	.2759517	0
885.15	0	.4620094	.2620224	.2759682	0
884.15	0	.4633216	.2606947	.2759836	0
883.15	0	.4646259	.2593763	.2759979	0
882.15	0	.4659218	.2580671	.2760111	0
881.15	0	.4672094	.2567674	.2760232	0
880.15	0	.4684886	.2554773	.2760342	0
879.15	0	.4697591	.2541968	.2760441	0
878.15	0	.4710209	.2529262	.2760529	0
877.15	0	.4722739	.2516654	.2760607	0
876.15	0	.473518	.2504145	.2760674	0
875.15	0	.4747531	.2491738	.2760731	0
874.15	0	.4759791	.2479432	.2760778	0
873.15	0	.4771958	.2467228	.2760814	0
872.15	0	.4784033	.2455127	.2760841	0
871.15	0	.4796014	.2443129	.2760857	0
870.15	0	.48079	.2431236	.2760863	0
869.15	0	.4819692	.2419448	.276086	0
868.15	0	.4831387	.2407766	.2760847	0
867.15	0	.4842987	.2396189	.2760824	0
866.15	0	.4854489	.2384719	.2760792	0
865.15	0	.4865894	.2373356	.276075	0
864.15	0	.48772	.23621	.27607	0
863.15	0	.4888408	.2350952	.276064	0
862.15	0	.4899518	.2339911	.2760571	0
861.15	0	.4910528	.2328979	.2760493	0
860.15	0	.4921439	.2318155	.2760406	0
859.15	0	.493225	.2307439	.2760311	0
858.15	0	.4942961	.2296832	.2760207	0
857.15	0	.4953572	.2286333	.2760095	0
856.15	0	.4964082	.2275944	.2759974	0
855.15	0	.4974493	.2265662	.2759845	0
854.15	0	.4984803	.2255489	.2759708	0
853.15	0	.4995012	.2245425	.2759564	0
852.15	0	.5005121	.2235468	.2759411	0
851.15	0	.501513	.222562	.2759251	0
850.15	0	.5025038	.2215879	.2759083	0
849.15	0	.5034847	.2206246	.2758907	0
848.15	0	.5044555	.2196721	.2758724	0
847.15	0	.5054164	.2187302	.2758534	0
846.15	0	.5063674	.2177989	.2758337	0
845.15	0	.5073085	.2168783	.2758133	0
844.15	0	.5082397	.2159682	.2757921	0
843.15	0	.5091611	.2150686	.2757703	0
842.15	0	.5100726	.2141795	.2757479	0
841.15	0	.5109745	.2133008	.2757247	0
840.15	0	.5118666	.2124324	.275701	0
839.15	0	.5127491	.2115744	.2756765	0
838.15	0	.513622	.2107265	.2756515	0
837.15	0	.5144853	.2098888	.2756259	0
836.15	0	.5153392	.2090612	.2755996	0
835.15	0	.5161837	.2082436	.2755727	0
834.15	0	.5170188	.2074359	.2755453	0
833.15	0	.5178446	.2066381	.2755173	0
832.15	0	.5186611	.2058501	.2754887	0
831.15	0	.5194686	.2050718	.2754596	0
830.15	0	.5202669	.2043032	.2754299	0
829.15	0	.5210562	.2035441	.2753997	0
828.15	0	.5218367	.2027944	.2753689	0
827.15	0	.5226082	.2020541	.2753377	0
826.15	0	.523371	.2013231	.2753059	0
825.15	0	.5241251	.2006013	.2752736	0
824.15	0	.5248706	.1998886	.2752409	0
823.15	0	.5256075	.1991849	.2752076	0
822.15	0	.526336	.1984901	.2751739	0
821.15	0	.5270562	.1978042	.2751397	0
820.15	0	.527768	.197127	.275105	0
819.15	0	.5284717	.1964585	.2750699	0
818.15	0	.5291672	.1957985	.2750343	0
817.15	0	.5298548	.1951469	.2749983	0
816.15	0	.5305344	.1945037	.2749618	0
815.15	0	.5312062	.1938688	.274925	0
814.15	0	.5318703	.1932421	.2748877	0
813.15	0	.5325266	.1926234	.27485	0
812.15	0	.5331754	.1920127	.2748119	0
811.15	0	.5338168	.1914099	.2747733	0
810.15	0	.5344507	.1908149	.2747344	0
809.15	0	.5350773	.1902276	.2746951	0
808.15	0	.5356967	.1896479	.2746555	0
807.15	0	.536309	.1890757	.2746154	0
806.15	0	.5369142	.1885108	.274575	0
805.15	0	.5375125	.1879534	.2745342	0
804.15	0	.5381039	.1874031	.274493	0
803.15	0	.5386885	.18686	.2744515	0
802.15	0	.5392664	.1863239	.2744096	0
801.15	0	.5398378	.1857948	.2743674	0
800.15	0	.5404026	.1852725	.2743249	0
799.15	0	.5409609	.184757	.274282	0
798.15	0	.5415129	.1842482	.2742388	0
797.15	0	.5420587	.183746	.2741953	0
796.15	0	.5425982	.1832503	.2741514	0
795.15	0	.5431317	.1827611	.2741073	0
794.15	0	.5436591	.1822782	.2740628	0
793.6248	0	.5439337	.182027	.2740393	0
793.6248	0	.5439337	.182027	.2740393	0
793.6248	0	.5439337	.182027	.2740393	0
793.15	0	.5456619	.1797756	.2734048	.00115768
792.15	0	.5492332	.1751112	.2720845	.003571055
791.15	0	.5527138	.1705495	.2707855	.005951195
790.15	0	.5561062	.1660879	.2695072	.008298777
789.15	0	.5594127	.1617236	.2682493	.01061445
788.15	0	.5626357	.1574542	.2670112	.01289886
787.15	0	.5657776	.1532771	.2657927	.01515262
786.15	0	.5688404	.1491901	.2645932	.01737631
785.15	0	.5718264	.1451908	.2634124	.01957053
784.15	0	.5747374	.1412769	.2622498	.02173584
783.15	0	.5775756	.1374464	.2611052	.02387279
782.15	0	.5803428	.1336971	.2599782	.0259819
781.15	0	.583041	.130027	.2588683	.0280637
780.15	0	.5856719	.1264341	.2577753	.03011871
779.15	0	.5882372	.1229166	.2566988	.03214739
778.15	0	.5907387	.1194726	.2556385	.03415024
777.15	0	.593178	.1161003	.254594	.03612773
776.15	0	.5955568	.1127979	.2535651	.03808031
775.15	0	.5978765	.1095637	.2525514	.04000842
774.15	0	.6001387	.1063962	.2515526	.0419125
773.15	0	.6023448	.1032937	.2505685	.04379297
772.15	0	.6044963	.1002547	.2495987	.04565025
771.15	0	.6065946	.09727762	.2486431	.04748475
770.15	0	.608641	.09436102	.2477012	.04929685
769.15	0	.6106367	.09150347	.2467728	.05108694
768.15	0	.6125832	.08870359	.2458578	.05285541
767.15	0	.6144816	.08596002	.2449558	.05460262
766.15	0	.6163331	.08327143	.2440665	.05632894
765.15	0	.618139	.08063654	.2431897	.05803472
764.15	0	.6199003	.07805411	.2423253	.05972032
763.15	0	.6216182	.0755229	.2414729	.06138606
762.15	0	.6232937	.07304174	.2406323	.06303228
761.15	0	.624928	.07060946	.2398033	.06465932
760.15	0	.626522	.06822492	.2389856	.06626749
759.15	0	.6280767	.06588704	.2381791	.06785712
758.15	0	.6295932	.06359473	.2373836	.0694285
757.15	0	.6310724	.06134695	.2365987	.07098194
756.15	0	.6325152	.05914267	.2358244	.07251773
755.15	0	.6339225	.05698089	.2350604	.07403619
754.15	0	.6352952	.05486063	.2343066	.07553757
753.15	0	.6366343	.05278096	.2335626	.07702218
752.15	0	.6379404	.05074093	.2328284	.07849029
751.15	0	.6392145	.04873964	.2321037	.07994216
750.15	0	.6404573	.04677622	.2313884	.08137807
749.15	0	.6416696	.04484978	.2306823	.08279828
748.15	0	.6428522	.04295949	.2299852	.08420305
747.15	0	.6440059	.04110453	.229297	.08559262
746.15	0	.6451313	.03928409	.2286174	.08696725
745.15	0	.6462292	.03749738	.2279463	.08832719
744.15	0	.6473002	.03574364	.2272835	.08967267
743.15	0	.648345	.03402212	.2266289	.09100393
742.15	0	.6493644	.03233208	.2259823	.09232121
741.15	0	.6503588	.03067281	.2253436	.09362472
740.15	0	.651329	.02904362	.2247126	.09491471
739.15	0	.6522756	.02744382	.2240892	.09619138
738.15	0	.6531991	.02587274	.2234732	.09745496
737.15	0	.6541002	.02432974	.2228644	.09870566
736.15	0	.6549793	.02281418	.2222628	.09994368
735.15	0	.6558371	.02132543	.2216682	.1011692
734.15	0	.6566742	.0198629	.2210804	.1023825
733.15	0	.6574909	.01842598	.2204994	.1035838
732.15	0	.6582878	.01701411	.2199249	.1047732
731.15	0	.6590655	.01562671	.2193569	.1059508
730.15	0	.6598244	.01426325	.2187953	.1071171
729.15	0	.660565	.01292316	.2182399	.108272
728.15	0	.6612877	.01160594	.2176906	.1094158
727.15	0	.6619931	.01031106	.2171472	.1105487
726.15	0	.6626815	.009038035	.2166097	.1116708
725.15	0	.6633533	.007786361	.216078	.1127823
724.15	0	.6640091	.006555564	.215552	.1138834
723.15	0	.6646491	.005345176	.2150314	.1149743
722.15	0	.6652738	.004154742	.2145163	.1160551
721.15	0	.6658837	.002983816	.2140065	.117126
720.15	0	.6664789	.001831963	.2135019	.1181872
719.15	0	.6670601	6.987586E-04	.2130025	.1192387
718.5252	0	.6674161	0	.212693	.1198909
718.5252	0	.6674161	0	.212693	.1198909
718.15	0	.6673752	0	.2126212	.1200036
717.15	0	.6672666	0	.2124302	.1203032
716.15	0	.6671585	0	.2122398	.1206017
715.15	0	.6670508	0	.21205	.1208992
714.15	0	.6669436	0	.2118608	.1211956
713.15	0	.6668369	0	.2116722	.1214909
712.15	0	.6667307	0	.2114841	.1217852
711.15	0	.666625	0	.2112966	.1220784
710.15	0	.6665197	0	.2111098	.1223706
709.15	0	.6664149	0	.2109234	.1226617
708.15	0	.6663106	0	.2107377	.1229517
707.15	0	.6662067	0	.2105526	.1232407
706.15	0	.6661033	0	.210368	.1235287
705.15	0	.6660003	0	.2101841	.1238156
704.15	0	.6658979	0	.2100007	.1241015
703.15	0	.6657958	0	.2098179	.1243863
702.15	0	.6656943	0	.2096356	.1246701
701.15	0	.6655931	0	.209454	.1249529
700.15	0	.6654925	0	.2092729	.1252346
699.15	0	.6653923	0	.2090924	.1255153
698.15	0	.6652925	0	.2089125	.125795
697.15	0	.6651932	0	.2087332	.1260736
696.15	0	.6650943	0	.2085544	.1263513
695.15	0	.6649959	0	.2083763	.1266279
694.15	0	.6648979	0	.2081987	.1269035
693.15	0	.6648003	0	.2080217	.127178
692.15	0	.6647032	0	.2078453	.1274516
691.15	0	.6646065	0	.2076694	.1277241
690.15	0	.6645103	0	.2074941	.1279956
689.15	0	.6644144	0	.2073194	.1282661
688.15	0	.6643191	0	.2071453	.1285357
687.15	0	.6642241	0	.2069718	.1288042
686.15	0	.6641296	0	.2067988	.1290716
685.15	0	.6640355	0	.2066264	.1293381
684.15	0	.6639418	0	.2064546	.1296036
683.15	0	.6638485	0	.2062834	.1298681
682.15	0	.6637557	0	.2061127	.1301316
681.15	0	.6636633	0	.2059426	.1303941
680.15	0	.6635713	0	.2057731	.1306556
679.15	0	.6634797	0	.2056042	.1309161
678.15	0	.6633885	0	.2054359	.1311756
677.15	0	.6632978	0	.2052681	.1314342
676.15	0	.6632074	0	.2051009	.1316917
675.15	0	.6631175	0	.2049343	.1319483
674.15	0	.663028	0	.2047682	.1322038
673.15	0	.6629388	0	.2046028	.1324584
672.15	0	.6628501	0	.2044379	.132712
671.15	0	.6627618	0	.2042735	.1329646
670.15	0	.6626739	0	.2041098	.1332163
669.15	0	.6625864	0	.2039466	.133467
668.15	0	.6624993	0	.203784	.1337167
667.15	0	.6624126	0	.203622	.1339654
666.15	0	.6623263	0	.2034605	.1342131
665.15	0	.6622404	0	.2032997	.1344599
664.15	0	.6621549	0	.2031394	.1347057
663.15	0	.6620698	0	.2029796	.1349506
662.15	0	.6619851	0	.2028205	.1351944
661.15	0	.6619008	0	.2026619	.1354373
660.15	0	.6618168	0	.2025039	.1356793
659.15	0	.6617333	0	.2023465	.1359203
658.15	0	.6616501	0	.2021896	.1361603
657.15	0	.6615673	0	.2020333	.1363994
656.15	0	.661485	0	.2018776	.1366375
655.15	0	.661403	0	.2017224	.1368746
654.15	0	.6613214	0	.2015679	.1371108
653.15	0	.6612401	0	.2014139	.137346
652.15	0	.6611593	0	.2012604	.1375803
651.15	0	.6610788	0	.2011076	.1378136
650.15	0	.6609987	0	.2009553	.138046
649.15	0	.660919	0	.2008036	.1382774
648.15	0	.6608396	0	.2006524	.1385079
647.15	0	.6607607	0	.2005019	.1387375
646.15	0	.6606821	0	.2003519	.1389661
645.15	0	.6606039	0	.2002024	.1391937
644.15	0	.660526	0	.2000536	.1394204
643.15	0	.6604486	0	.1999053	.1396461
642.15	0	.6603715	0	.1997576	.139871
641.15	0	.6602947	0	.1996104	.1400948
640.15	0	.6602184	0	.1994638	.1403178
639.15	0	.6601424	0	.1993178	.1405398
638.15	0	.6600668	0	.1991724	.1407609
637.15	0	.6599915	0	.1990275	.140981
636.15	0	.6599166	0	.1988832	.1412002
635.15	0	.659842	0	.1987395	.1414185
634.15	0	.6597679	0	.1985963	.1416358
633.15	0	.6596941	0	.1984538	.1418522
632.15	0	.6596206	0	.1983117	.1420677
631.15	0	.6595475	0	.1981703	.1422822
630.15	0	.6594748	0	.1980294	.1424958
629.15	0	.6594024	0	.1978891	.1427085
628.15	0	.6593304	0	.1977493	.1429203
627.15	0	.6592587	0	.1976101	.1431311
626.15	0	.6591874	0	.1974715	.1433411
625.15	0	.6591165	0	.1973335	.1435501
624.15	0	.6590459	0	.197196	.1437582
623.15	0	.6589756	0	.1970591	.1439653
622.15	0	.6589057	0	.1969227	.1441716
621.15	0	.6588361	0	.1967869	.1443769
620.15	0	.6587669	0	.1966517	.1445813
619.15	0	.6586981	0	.1965171	.1447848
618.15	0	.6586296	0	.196383	.1449874
617.15	0	.6585614	0	.1962495	.1451891
616.15	0	.6584936	0	.1961165	.1453899
615.15	0	.6584261	0	.1959841	.1455898
614.15	0	.658359	0	.1958523	.1457887
613.15	0	.6582922	0	.195721	.1459868
612.15	0	.6582258	0	.1955903	.1461839
611.15	0	.6581597	0	.1954602	.1463801
610.15	0	.6580939	0	.1953306	.1465755
609.15	0	.6580285	0	.1952016	.1467699
608.15	0	.6579634	0	.1950732	.1469634
607.15	0	.6578987	0	.1949453	.1471561
606.15	0	.6578343	0	.194818	.1473478
605.15	0	.6577702	0	.1946912	.1475386
604.15	0	.6577064	0	.194565	.1477286
603.15	0	.657643	0	.1944394	.1479176
602.15	0	.65758	0	.1943143	.1481058
601.15	0	.6575172	0	.1941898	.148293
600.15	0	.6574548	0	.1940658	.1484794
599.15	0	.6573927	0	.1939424	.1486649
598.15	0	.657331	0	.1938196	.1488495
597.15	0	.6572696	0	.1936973	.1490332
596.15	0	.6572085	0	.1935756	.149216
595.15	0	.6571477	0	.1934544	.1493979
594.15	0	.6570873	0	.1933338	.1495789
593.15	0	.6570272	0	.1932137	.1497591
592.15	0	.6569674	0	.1930942	.1499384
591.15	0	.6569079	0	.1929753	.1501168
590.15	0	.6568488	0	.1928569	.1502943
589.15	0	.65679	0	.1927391	.150471
588.15	0	.6567315	0	.1926218	.1506467
587.15	0	.6566733	0	.1925051	.1508216
586.15	0	.6566154	0	.1923889	.1509957
585.15	0	.6565579	0	.1922733	.1511688
584.15	0	.6565007	0	.1921583	.1513411
583.15	0	.6564438	0	.1920437	.1515125
582.15	0	.6563872	0	.1919298	.151683
581.15	0	.6563309	0	.1918164	.1518527
580.15	0	.656275	0	.1917035	.1520215
579.15	0	.6562193	0	.1915912	.1521895
578.15	0	.656164	0	.1914795	.1523565
577.15	0	.656109	0	.1913683	.1525228
576.15	0	.6560543	0	.1912576	.1526881
575.15	0	.6559999	0	.1911475	.1528526
574.15	0	.6559458	0	.1910379	.1530163
573.15	0	.655892	0	.1909289	.1531791
572.15	0	.6558386	0	.1908204	.153341
571.15	0	.6557854	0	.1907125	.1535021
570.15	0	.6557326	0	.1906051	.1536623
569.15	0	.65568	0	.1904983	.1538217
568.15	0	.6556278	0	.190392	.1539803
567.15	0	.6555758	0	.1902862	.1541379
566.15	0	.6555242	0	.190181	.1542948
565.15	0	.6554729	0	.1900763	.1544508
564.15	0	.6554218	0	.1899722	.154606
563.15	0	.6553711	0	.1898686	.1547603
562.15	0	.6553207	0	.1897656	.1549138
561.15	0	.6552706	0	.189663	.1550664
560.15	0	.6552207	0	.1895611	.1552182
559.15	0	.6551712	0	.1894596	.1553692
558.15	0	.655122	0	.1893587	.1555193
557.15	0	.655073	0	.1892583	.1556687
556.15	0	.6550244	0	.1891585	.1558171
555.15	0	.654976	0	.1890592	.1559648
554.15	0	.654928	0	.1889604	.1561116
553.15	0	.6548802	0	.1888622	.1562576
552.15	0	.6548327	0	.1887645	.1564028
551.15	0	.6547855	0	.1886673	.1565472
550.15	0	.6547386	0	.1885706	.1566907
549.15	0	.654692	0	.1884745	.1568335
548.15	0	.6546457	0	.1883789	.1569754
547.15	0	.6545997	0	.1882838	.1571165
546.15	0	.6545539	0	.1881893	.1572568
545.15	0	.6545085	0	.1880953	.1573963
544.15	0	.6544633	0	.1880018	.157535
543.15	0	.6544184	0	.1879088	.1576728
542.15	0	.6543738	0	.1878163	.1578099
541.15	0	.6543295	0	.1877244	.1579462
540.15	0	.6542854	0	.187633	.1580816
539.15	0	.6542417	0	.1875421	.1582163
538.15	0	.6541982	0	.1874517	.1583502
537.15	0	.654155	0	.1873618	.1584832
536.15	0	.654112	0	.1872725	.1586155
535.15	0	.6540694	0	.1871836	.158747
534.15	0	.654027	0	.1870953	.1588777
533.15	0	.6539849	0	.1870075	.1590076
532.15	0	.6539431	0	.1869202	.1591368
531.15	0	.6539015	0	.1868334	.1592651
530.15	0	.6538602	0	.1867471	.1593927
529.15	0	.6538192	0	.1866613	.1595195
528.15	0	.6537785	0	.186576	.1596455
527.15	0	.653738	0	.1864912	.1597708
526.15	0	.6536978	0	.1864069	.1598953
525.15	0	.6536579	0	.1863232	.160019
524.15	0	.6536182	0	.1862399	.1601419
523.15	0	.6535788	0	.1861571	.1602641
522.15	0	.6535397	0	.1860749	.1603855
521.15	0	.6535008	0	.1859931	.1605061
520.15	0	.6534622	0	.1859118	.160626
519.15	0	.6534238	0	.185831	.1607452
518.15	0	.6533857	0	.1857507	.1608636
517.15	0	.6533479	0	.1856709	.1609812
516.15	0	.6533103	0	.1855916	.1610981
515.15	0	.653273	0	.1855128	.1612142
514.15	0	.653236	0	.1854344	.1613296
513.15	0	.6531992	0	.1853566	.1614443
512.15	0	.6531626	0	.1852792	.1615582
511.15	0	.6531263	0	.1852023	.1616714
510.15	0	.6530903	0	.1851259	.1617838
509.15	0	.6530545	0	.18505	.1618955
508.15	0	.653019	0	.1849745	.1620065
507.15	0	.6529837	0	.1848995	.1621168
506.15	0	.6529487	0	.1848251	.1622263
505.15	0	.6529139	0	.184751	.1623351
504.15	0	.6528794	0	.1846775	.1624432
503.15	0	.6528451	0	.1846044	.1625506
502.15	0	.652811	0	.1845318	.1626572
501.15	0	.6527772	0	.1844596	.1627632
500.15	0	.6527437	0	.1843879	.1628684
499.15	0	.6527103	0	.1843167	.1629729
498.15	0	.6526773	0	.184246	.1630768
497.15	0	.6526444	0	.1841757	.1631799
496.15	0	.6526118	0	.1841059	.1632823
495.15	0	.6525795	0	.1840365	.163384
494.15	0	.6525474	0	.1839676	.1634851
493.15	0	.6525155	0	.1838991	.1635854
492.15	0	.6524838	0	.1838311	.1636851
491.15	0	.6524524	0	.1837635	.1637841
490.15	0	.6524213	0	.1836964	.1638823
489.15	0	.6523903	0	.1836297	.16398
488.15	0	.6523596	0	.1835635	.1640769
487.15	0	.6523291	0	.1834977	.1641732
486.15	0	.6522989	0	.1834324	.1642688
485.15	0	.6522688	0	.1833675	.1643637
484.15	0	.652239	0	.1833031	.1644579
483.15	0	.6522094	0	.183239	.1645515
482.15	0	.6521801	0	.1831755	.1646445
481.15	0	.652151	0	.1831123	.1647368
480.15	0	.6521221	0	.1830496	.1648284
479.15	0	.6520934	0	.1829873	.1649194
478.15	0	.6520649	0	.1829254	.1650097
477.15	0	.6520367	0	.182864	.1650994
476.15	0	.6520086	0	.1828029	.1651884
475.15	0	.6519808	0	.1827423	.1652768
474.15	0	.6519532	0	.1826822	.1653646
473.15	0	.6519259	0	.1826224	.1654518
472.15	0	.6518987	0	.1825631	.1655383
471.15	0	.6518717	0	.1825041	.1656242
470.15	0	.651845	0	.1824456	.1657094
469.15	0	.6518185	0	.1823875	.1657941
468.15	0	.6517921	0	.1823298	.1658781
467.15	0	.651766	0	.1822725	.1659615
466.15	0	.6517401	0	.1822156	.1660443
465.15	0	.6517144	0	.1821591	.1661265
464.15	0	.6516889	0	.182103	.1662081
463.15	0	.6516636	0	.1820473	.1662891
462.15	0	.6516385	0	.181992	.1663695
461.15	0	.6516136	0	.1819371	.1664493
460.15	0	.651589	0	.1818826	.1665285
459.15	0	.6515645	0	.1818284	.1666071
458.15	0	.6515402	0	.1817747	.1666852
457.15	0	.6515161	0	.1817213	.1667626
456.15	0	.6514922	0	.1816683	.1668395
455.15	0	.6514685	0	.1816157	.1669158
454.15	0	.651445	0	.1815635	.1669916
453.15	0	.6514216	0	.1815117	.1670667
452.15	0	.6513985	0	.1814602	.1671413
451.15	0	.6513756	0	.1814091	.1672154
