T	 BPW(LIQUID)	BPW(BCC_A2)	BPW(FCC_A1)	BPW(LAVES_PHASE_C14)	BPW(NI3TI)
1473.15	.1015074	.8984926	0	0	0
1472.15	.09948359	.9005164	0	0	0
1471.15	.09747161	.9025284	0	0	0
1470.15	.09547133	.9045287	0	0	0
1469.15	.09348263	.9065174	0	0	0
1468.15	.09150542	.9084946	0	0	0
1467.15	.08953959	.9104604	0	0	0
1466.15	.08758503	.912415	0	0	0
1465.15	.08564165	.9143584	0	0	0
1464.15	.08370934	.9162907	0	0	0
1463.15	.08178802	.918212	0	0	0
1462.15	.07987757	.9201224	0	0	0
1461.15	.07797791	.9220221	0	0	0
1460.15	.07608894	.9239111	0	0	0
1459.15	.07421057	.9257894	0	0	0
1458.15	.07234271	.9276573	0	0	0
1457.15	.07048526	.9295147	0	0	0
1456.15	.06863814	.9313619	0	0	0
1455.15	.06680125	.9331988	0	0	0
1454.15	.06497451	.9350255	0	0	0
1453.15	.06315784	.9368422	0	0	0
1452.15	.06135114	.9386489	0	0	0
1451.15	.05955433	.9404457	0	0	0
1450.15	.05776734	.9422327	0	0	0
1449.15	.05599007	.9440099	0	0	0
1448.15	.05422245	.9457776	0	0	0
1447.15	.0524644	.9475356	0	0	0
1446.15	.05071584	.9492842	0	0	0
1445.15	.04897668	.9510233	0	0	0
1444.15	.04724686	.9527531	0	0	0
1443.15	.04552629	.9544737	0	0	0
1442.15	.0438149	.9561851	0	0	0
1441.15	.04211262	.9578874	0	0	0
1440.15	.04041937	.9595806	0	0	0
1439.15	.03873509	.9612649	0	0	0
1438.15	.03705969	.9629403	0	0	0
1437.15	.03539311	.9646069	0	0	0
1436.15	.03373528	.9662647	0	0	0
1435.15	.03208612	.9679139	0	0	0
1434.15	.03044558	.9695544	0	0	0
1433.15	.02881358	.9711864	0	0	0
1432.15	.02719005	.9728099	0	0	0
1431.15	.02557494	.9744251	0	0	0
1430.15	.02396818	.9760318	0	0	0
1429.15	.02236969	.9776303	0	0	0
1428.15	.02077942	.9792206	0	0	0
1427.15	.01919731	.9808027	0	0	0
1426.15	.0176233	.9823767	0	0	0
1425.15	.01605731	.9839427	0	0	0
1424.15	.0144993	.9855007	0	0	0
1423.15	.0129492	.9870508	0	0	0
1422.15	.01140695	.9885931	0	0	0
1421.15	.009872493	.9901275	0	0	0
1420.15	.008345776	.9916542	0	0	0
1419.15	.006826739	.9931733	0	0	0
1418.15	.005315325	.9946847	0	0	0
1417.15	.00381148	.9961885	0	0	0
1416.15	.002315147	.9976848	0	0	0
1415.15	8.262736E-04	.9991737	0	0	0
1414.593	0	1	0	0	0
1414.593	0	1	0	0	0
1414.15	0	1	0	0	0
1413.15	0	1	0	0	0
1412.15	0	1	0	0	0
1411.15	0	1	0	0	0
1410.15	0	1	0	0	0
1409.15	0	1	0	0	0
1408.15	0	1	0	0	0
1407.15	0	1	0	0	0
1406.15	0	1	0	0	0
1405.15	0	1	0	0	0
1404.15	0	1	0	0	0
1403.15	0	1	0	0	0
1402.15	0	1	0	0	0
1401.15	0	1	0	0	0
1400.15	0	1	0	0	0
1399.15	0	1	0	0	0
1398.15	0	1	0	0	0
1397.15	0	1	0	0	0
1396.15	0	1	0	0	0
1395.15	0	1	0	0	0
1394.15	0	1	0	0	0
1393.15	0	1	0	0	0
1392.15	0	1	0	0	0
1391.15	0	1	0	0	0
1390.15	0	1	0	0	0
1389.15	0	1	0	0	0
1388.15	0	1	0	0	0
1387.15	0	1	0	0	0
1386.15	0	1	0	0	0
1385.15	0	1	0	0	0
1384.15	0	1	0	0	0
1383.15	0	1	0	0	0
1382.15	0	1	0	0	0
1381.15	0	1	0	0	0
1380.15	0	1	0	0	0
1379.15	0	1	0	0	0
1378.15	0	1	0	0	0
1377.15	0	1	0	0	0
1376.15	0	1	0	0	0
1375.15	0	1	0	0	0
1374.15	0	1	0	0	0
1373.15	0	1	0	0	0
1373.107	0	1	0	0	0
1373.107	0	1	0	0	0
1373.107	0	1	0	0	0
1372.15	0	.9986255	.001374493	0	0
1371.15	0	.9971916	.002808394	0	0
1370.15	0	.9957599	.00424008	0	0
1369.15	0	.9943305	.005669554	0	0
1368.15	0	.9929032	.007096815	0	0
1367.15	0	.9914781	.008521865	0	0
1366.15	0	.9900553	.009944704	0	0
1365.15	0	.9886347	.01136533	0	0
1364.15	0	.9872163	.01278375	0	0
1363.15	0	.9858	.01419996	0	0
1362.15	0	.984386	.01561397	0	0
1361.15	0	.9829742	.01702577	0	0
1360.15	0	.9815646	.01843536	0	0
1359.15	0	.9801573	.01984275	0	0
1358.15	0	.9787521	.02124793	0	0
1357.15	0	.9773491	.0226509	0	0
1356.15	0	.9759483	.02405168	0	0
1355.15	0	.9745498	.02545025	0	0
1354.15	0	.9731534	.02684662	0	0
1353.15	0	.9717592	.02824078	0	0
1352.15	0	.9703673	.02963275	0	0
1351.15	0	.9689775	.03102251	0	0
1350.15	0	.9675899	.03241007	0	0
1349.15	0	.9662046	.03379544	0	0
1348.15	0	.9648214	.0351786	0	0
1347.15	0	.9634404	.03655957	0	0
1346.15	0	.9620617	.03793833	0	0
1345.15	0	.9606851	.0393149	0	0
1344.15	0	.9593107	.04068927	0	0
1343.15	0	.9579386	.04206145	0	0
1342.15	0	.9565686	.04343142	0	0
1341.15	0	.9552008	.0447992	0	0
1340.15	0	.9538352	.04616478	0	0
1339.15	0	.9524718	.04752816	0	0
1338.15	0	.9511107	.04888935	0	0
1337.15	0	.9497517	.05024834	0	0
1336.15	0	.9483949	.05160514	0	0
1335.15	0	.9470403	.05295974	0	0
1334.15	0	.9456879	.05431214	0	0
1333.15	0	.9443377	.05566235	0	0
1332.15	0	.9429896	.05701036	0	0
1331.15	0	.9416438	.05835618	0	0
1330.15	0	.9403002	.0596998	0	0
1329.15	0	.9389588	.06104122	0	0
1328.15	0	.9376195	.06238045	0	0
1327.15	0	.9362825	.06371748	0	0
1326.15	0	.9349477	.06505232	0	0
1325.15	0	.933615	.06638496	0	0
1324.15	0	.9322846	.0677154	0	0
1323.15	0	.9309564	.06904364	0	0
1322.15	0	.9296303	.07036969	0	0
1321.15	0	.9283065	.07169354	0	0
1320.15	0	.9269848	.0730152	0	0
1319.15	0	.9256653	.07433466	0	0
1318.15	0	.9243481	.07565192	0	0
1317.15	0	.923033	.07696698	0	0
1316.15	0	.9217202	.07827984	0	0
1315.15	0	.9204095	.0795905	0	0
1314.15	0	.919101	.08089896	0	0
1313.15	0	.9177948	.08220522	0	0
1312.15	0	.9164907	.08350929	0	0
1311.15	0	.9151889	.08481115	0	0
1310.15	0	.9138892	.08611081	0	0
1309.15	0	.9125917	.08740826	0	0
1308.15	0	.9112965	.08870352	0	0
1307.15	0	.9100034	.08999657	0	0
1306.15	0	.9087126	.09128741	0	0
1305.15	0	.9074239	.09257606	0	0
1304.15	0	.9061375	.09386249	0	0
1303.15	0	.9048533	.09514672	0	0
1302.15	0	.9035713	.09642874	0	0
1301.15	0	.9022915	.09770855	0	0
1300.15	0	.9010138	.09898616	0	0
1299.15	0	.8997385	.1002616	0	0
1298.15	0	.8984653	.1015347	0	0
1297.15	0	.8971943	.1028057	0	0
1296.15	0	.8959255	.1040745	0	0
1295.15	0	.894659	.105341	0	0
1294.15	0	.8933946	.1066054	0	0
1293.15	0	.8921325	.1078675	0	0
1292.15	0	.8908726	.1091274	0	0
1291.15	0	.889615	.110385	0	0
1290.15	0	.8883595	.1116405	0	0
1289.15	0	.8871063	.1128937	0	0
1288.15	0	.8858552	.1141448	0	0
1287.15	0	.8846064	.1153936	0	0
1286.15	0	.8833599	.1166401	0	0
1285.15	0	.8821155	.1178845	0	0
1284.15	0	.8808734	.1191266	0	0
1283.15	0	.8796335	.1203665	0	0
1282.15	0	.8783959	.1216041	0	0
1281.15	0	.8771604	.1228396	0	0
1280.15	0	.8759272	.1240728	0	0
1279.15	0	.8746963	.1253037	0	0
1278.15	0	.8734675	.1265325	0	0
1277.15	0	.8722411	.1277589	0	0
1276.15	0	.8710168	.1289832	0	0
1275.15	0	.8697948	.1302052	0	0
1274.15	0	.868575	.131425	0	0
1273.15	0	.8673575	.1326425	0	0
1272.15	0	.8661422	.1338578	0	0
1271.15	0	.8649292	.1350708	0	0
1270.15	0	.8637184	.1362816	0	0
1269.15	0	.8625099	.1374901	0	0
1268.15	0	.8613036	.1386963	0	0
1267.15	0	.8600996	.1399004	0	0
1266.15	0	.8588979	.1411021	0	0
1265.15	0	.8576984	.1423016	0	0
1264.15	0	.8565012	.1434989	0	0
1263.15	0	.8553062	.1446938	0	0
1262.15	0	.8541135	.1458865	0	0
1261.15	0	.8529231	.147077	0	0
1260.15	0	.8517349	.1482651	0	0
1259.15	0	.850549	.149451	0	0
1258.15	0	.8493654	.1506346	0	0
1257.15	0	.8481841	.151816	0	0
1256.15	0	.847005	.152995	0	0
1255.15	0	.8458282	.1541718	0	0
1254.15	0	.8446537	.1553463	0	0
1253.15	0	.8434815	.1565185	0	0
1252.15	0	.8423116	.1576884	0	0
1251.15	0	.841144	.158856	0	0
1250.15	0	.8399787	.1600213	0	0
1249.15	0	.8388157	.1611843	0	0
1248.15	0	.837655	.162345	0	0
1247.15	0	.8364966	.1635034	0	0
1246.15	0	.8353405	.1646596	0	0
1245.15	0	.8341867	.1658133	0	0
1244.15	0	.8330352	.1669648	0	0
1243.15	0	.831886	.168114	0	0
1242.15	0	.8307392	.1692608	0	0
1241.15	0	.8295946	.1704054	0	0
1240.15	0	.8284524	.1715476	0	0
1239.15	0	.8273126	.1726874	0	0
1238.15	0	.826175	.173825	0	0
1237.15	0	.8250398	.1749602	0	0
1236.15	0	.823907	.176093	0	0
1235.15	0	.8227764	.1772236	0	0
1234.15	0	.8216483	.1783517	0	0
1233.15	0	.8205224	.1794776	0	0
1232.15	0	.819399	.180601	0	0
1231.15	0	.8182778	.1817222	0	0
1230.15	0	.8171591	.1828409	0	0
1229.15	0	.8160427	.1839573	0	0
1228.15	0	.8149287	.1850713	0	0
1227.15	0	.813817	.186183	0	0
1226.15	0	.8127077	.1872923	0	0
1225.15	0	.8116008	.1883992	0	0
1224.15	0	.8104963	.1895037	0	0
1223.15	0	.8093941	.1906059	0	0
1222.15	0	.8082944	.1917056	0	0
1221.15	0	.807197	.192803	0	0
1220.15	0	.8061021	.1938979	0	0
1219.15	0	.8050095	.1949905	0	0
1218.15	0	.8039194	.1960806	0	0
1217.15	0	.8028316	.1971684	0	0
1216.15	0	.8017463	.1982537	0	0
1215.15	0	.8006634	.1993366	0	0
1214.15	0	.7995829	.2004171	0	0
1213.15	0	.7985049	.2014951	0	0
1212.15	0	.7974293	.2025707	0	0
1211.15	0	.7963561	.2036439	0	0
1210.15	0	.7952853	.2047147	0	0
1209.15	0	.794217	.205783	0	0
1208.15	0	.7931512	.2068488	0	0
1207.15	0	.7920878	.2079122	0	0
1206.15	0	.7910269	.2089731	0	0
1205.15	0	.7899685	.2100315	0	0
1204.15	0	.7889125	.2110875	0	0
1203.15	0	.787859	.212141	0	0
1202.15	0	.786808	.213192	0	0
1201.15	0	.7857594	.2142406	0	0
1200.15	0	.7847134	.2152866	0	0
1199.15	0	.7836699	.2163301	0	0
1198.15	0	.7826288	.2173712	0	0
1197.15	0	.7815903	.2184097	0	0
1196.15	0	.7805543	.2194457	0	0
1195.15	0	.7795208	.2204792	0	0
1194.15	0	.7784898	.2215102	0	0
1193.15	0	.7774614	.2225386	0	0
1192.15	0	.7764355	.2235645	0	0
1191.15	0	.7754121	.2245879	0	0
1190.15	0	.7743913	.2256087	0	0
1189.15	0	.7733731	.2266269	0	0
1188.15	0	.7723574	.2276426	0	0
1187.15	0	.7713442	.2286558	0	0
1186.15	0	.7703337	.2296663	0	0
1185.15	0	.7693257	.2306743	0	0
1184.15	0	.7683203	.2316797	0	0
1183.15	0	.7673175	.2326825	0	0
1182.15	0	.7663173	.2336827	0	0
1181.15	0	.7653197	.2346803	0	0
1180.15	0	.7643247	.2356753	0	0
1179.15	0	.7633324	.2366677	0	0
1178.15	0	.7623426	.2376574	0	0
1177.15	0	.7613555	.2386445	0	0
1176.15	0	.760371	.239629	0	0
1175.15	0	.7593892	.2406108	0	0
1174.15	0	.75841	.24159	0	0
1173.15	0	.7574335	.2425665	0	0
1172.15	0	.7564597	.2435404	0	0
1171.15	0	.7554885	.2445115	0	0
1170.15	0	.75452	.24548	0	0
1169.15	0	.7535542	.2464458	0	0
1168.15	0	.7525911	.2474089	0	0
1167.15	0	.7516307	.2483694	0	0
1166.15	0	.750673	.249327	0	0
1165.15	0	.749718	.250282	0	0
1164.15	0	.7487657	.2512343	0	0
1163.15	0	.7478162	.2521838	0	0
1162.15	0	.7468694	.2531306	0	0
1161.15	0	.7459254	.2540746	0	0
1160.15	0	.7449841	.2550159	0	0
1159.15	0	.7440456	.2559544	0	0
1158.15	0	.7431099	.2568901	0	0
1157.15	0	.7421769	.2578231	0	0
1156.15	0	.7412468	.2587532	0	0
1155.15	0	.7403194	.2596806	0	0
1154.15	0	.7393948	.2606052	0	0
1153.15	0	.7384731	.2615269	0	0
1152.15	0	.7375542	.2624458	0	0
1151.15	0	.7366381	.2633619	0	0
1150.15	0	.7357249	.2642751	0	0
1149.15	0	.7348145	.2651855	0	0
1148.15	0	.733907	.266093	0	0
1147.15	0	.7330024	.2669976	0	0
1146.15	0	.7321006	.2678994	0	0
1145.15	0	.7312017	.2687983	0	0
1144.15	0	.7303057	.2696943	0	0
1143.15	0	.7294126	.2705874	0	0
1142.15	0	.7285225	.2714775	0	0
1141.15	0	.7276352	.2723648	0	0
1140.15	0	.726751	.273249	0	0
1139.15	0	.7258696	.2741304	0	0
1138.15	0	.7249912	.2750088	0	0
1137.15	0	.7241158	.2758842	0	0
1136.15	0	.7232433	.2767567	0	0
1135.15	0	.7223738	.2776262	0	0
1134.15	0	.7215074	.2784926	0	0
1133.15	0	.7206439	.2793561	0	0
1132.15	0	.7197835	.2802165	0	0
1131.15	0	.718926	.281074	0	0
1130.15	0	.7180717	.2819283	0	0
1129.15	0	.7172203	.2827797	0	0
1128.15	0	.7163721	.2836279	0	0
1127.15	0	.7155269	.2844731	0	0
1126.15	0	.7146847	.2853153	0	0
1125.15	0	.7138457	.2861543	0	0
1124.15	0	.7130098	.2869902	0	0
1123.15	0	.712177	.287823	0	0
1122.15	0	.7113473	.2886527	0	0
1121.15	0	.7105208	.2894792	0	0
1120.15	0	.7096974	.2903026	0	0
1119.15	0	.7088772	.2911228	0	0
1118.15	0	.7080601	.2919399	0	0
1117.15	0	.7072463	.2927537	0	0
1116.15	0	.7064356	.2935644	0	0
1115.15	0	.7056281	.2943719	0	0
1114.15	0	.7048239	.2951761	0	0
1113.15	0	.7040229	.2959771	0	0
1112.15	0	.7032252	.2967748	0	0
1111.15	0	.7024307	.2975693	0	0
1110.15	0	.7016394	.2983606	0	0
1109.15	0	.7008515	.2991485	0	0
1108.15	0	.7000669	.2999331	0	0
1107.15	0	.6992855	.3007145	0	0
1106.15	0	.6985075	.3014925	0	0
1105.15	0	.6977329	.3022671	0	0
1104.15	0	.6969616	.3030384	0	0
1103.15	0	.6961936	.3038064	0	0
1102.15	0	.695429	.304571	0	0
1101.15	0	.6946679	.3053321	0	0
1100.15	0	.6939101	.3060899	0	0
1099.15	0	.6931557	.3068443	0	0
1098.15	0	.6924048	.3075952	0	0
1097.15	0	.6916573	.3083427	0	0
1096.15	0	.6909133	.3090867	0	0
1095.15	0	.6901728	.3098272	0	0
1094.15	0	.6894357	.3105643	0	0
1093.15	0	.6887022	.3112978	0	0
1092.15	0	.6879721	.3120279	0	0
1091.15	0	.6872456	.3127544	0	0
1090.15	0	.6865227	.3134773	0	0
1089.15	0	.6858033	.3141967	0	0
1088.15	0	.6850875	.3149125	0	0
1087.15	0	.6843753	.3156247	0	0
1086.15	0	.6836667	.3163333	0	0
1085.15	0	.6829617	.3170383	0	0
1084.15	0	.6822604	.3177396	0	0
1083.15	0	.6815627	.3184373	0	0
1082.15	0	.6808687	.3191313	0	0
1081.15	0	.6801784	.3198217	0	0
1080.15	0	.6794917	.3205083	0	0
1079.15	0	.6788088	.3211912	0	0
1078.15	0	.6781297	.3218704	0	0
1077.15	0	.6774542	.3225458	0	0
1076.15	0	.6767826	.3232174	0	0
1075.15	0	.6761147	.3238853	0	0
1074.15	0	.6754507	.3245494	0	0
1073.15	0	.6747904	.3252096	0	0
1072.15	0	.674134	.325866	0	0
1071.15	0	.6734814	.3265186	0	0
1070.15	0	.6728327	.3271673	0	0
1069.15	0	.6721879	.3278121	0	0
1068.15	0	.671547	.328453	0	0
1067.15	0	.67091	.32909	0	0
1066.15	0	.670277	.329723	0	0
1065.15	0	.6696479	.3303521	0	0
1064.15	0	.6690228	.3309772	0	0
1063.15	0	.6684017	.3315983	0	0
1062.15	0	.6677845	.3322155	0	0
1061.15	0	.6671714	.3328286	0	0
1060.15	0	.6665624	.3334376	0	0
1059.15	0	.6659574	.3340426	0	0
1058.15	0	.6653565	.3346435	0	0
1057.15	0	.6647597	.3352403	0	0
1056.15	0	.664167	.335833	0	0
1055.15	0	.6635785	.3364215	0	0
1054.15	0	.6629941	.3370059	0	0
1053.15	0	.6624139	.3375861	0	0
1052.15	0	.6618379	.3381621	0	0
1051.15	0	.6612661	.3387339	0	0
1050.15	0	.6606985	.3393015	0	0
1049.15	0	.6601352	.3398648	0	0
1048.15	0	.6595761	.3404239	0	0
1047.15	0	.6590214	.3409786	0	0
1046.15	0	.6584709	.3415291	0	0
1045.15	0	.6579248	.3420752	0	0
1044.15	0	.657383	.342617	0	0
1043.15	0	.6568456	.3431544	0	0
1042.15	0	.6563126	.3436874	0	0
1041.15	0	.655784	.344216	0	0
1040.15	0	.6552599	.3447402	0	0
1039.15	0	.6547401	.3452599	0	0
1038.15	0	.6542249	.3457751	0	0
1037.15	0	.6537141	.3462859	0	0
1036.15	0	.6532079	.3467921	0	0
1035.15	0	.6527061	.3472939	0	0
1034.15	0	.652209	.347791	0	0
1033.15	0	.6517164	.3482836	0	0
1032.15	0	.6512284	.3487716	0	0
1031.15	0	.6507449	.3492551	0	0
1030.15	0	.6502662	.3497338	0	0
1029.15	0	.6497921	.3502079	0	0
1028.15	0	.6493226	.3506774	0	0
1027.15	0	.6488579	.3511421	0	0
1026.15	0	.6483979	.3516021	0	0
1025.15	0	.6479426	.3520574	0	0
1024.15	0	.6474921	.3525079	0	0
1023.15	0	.6470463	.3529537	0	0
1022.15	0	.6466054	.3533946	0	0
1021.15	0	.6461693	.3538308	0	0
1020.15	0	.645738	.354262	0	0
1019.15	0	.6453116	.3546885	0	0
1018.15	0	.64489	.35511	0	0
1017.15	0	.6444734	.3555266	0	0
1016.15	0	.6440617	.3559383	0	0
1015.15	0	.6436549	.3563451	0	0
1014.15	0	.6432532	.3567469	0	0
1013.15	0	.6428564	.3571436	0	0
1012.15	0	.6424646	.3575354	0	0
1011.15	0	.6420778	.3579222	0	0
1010.15	0	.6416961	.3583039	0	0
1009.15	0	.6413195	.3586805	0	0
1008.15	0	.640948	.359052	0	0
1007.15	0	.6405816	.3594184	0	0
1006.15	0	.6402203	.3597797	0	0
1005.15	0	.6398642	.3601358	0	0
1004.15	0	.6395132	.3604868	0	0
1003.15	0	.6391675	.3608325	0	0
1002.15	0	.638827	.361173	0	0
1001.15	0	.6384917	.3615083	0	0
1000.15	0	.6381616	.3618384	0	0
999.15	0	.6378369	.3621631	0	0
998.15	0	.6375174	.3624826	0	0
997.15	0	.6372033	.3627967	0	0
996.15	0	.6368945	.3631055	0	0
995.15	0	.6365911	.3634089	0	0
994.15	0	.636293	.363707	0	0
993.15	0	.6360004	.3639996	0	0
992.15	0	.6357131	.3642869	0	0
991.15	0	.6354313	.3645687	0	0
990.15	0	.635155	.364845	0	0
989.15	0	.6348841	.3651159	0	0
988.15	0	.6346187	.3653813	0	0
987.15	0	.6343588	.3656412	0	0
986.15	0	.6341044	.3658956	0	0
985.15	0	.6338556	.3661444	0	0
984.15	0	.6336124	.3663877	0	0
983.15	0	.6333747	.3666253	0	0
982.15	0	.6331426	.3668574	0	0
981.15	0	.6329161	.3670839	0	0
980.15	0	.6326952	.3673048	0	0
979.15	0	.63248	.36752	0	0
978.15	0	.6322704	.3677296	0	0
977.15	0	.6320665	.3679335	0	0
976.15	0	.6318683	.3681317	0	0
975.15	0	.6316758	.3683242	0	0
974.15	0	.631489	.368511	0	0
973.15	0	.6313079	.3686921	0	0
972.15	0	.6311326	.3688674	0	0
971.15	0	.630963	.369037	0	0
970.15	0	.6307992	.3692009	0	0
969.15	0	.6306411	.3693589	0	0
968.15	0	.6304888	.3695112	0	0
967.15	0	.6303423	.3696577	0	0
966.15	0	.6302016	.3697984	0	0
965.15	0	.6300667	.3699333	0	0
964.15	0	.6299377	.3700623	0	0
963.15	0	.6298144	.3701856	0	0
962.15	0	.629697	.370303	0	0
961.15	0	.6295854	.3704146	0	0
960.15	0	.6294797	.3705203	0	0
959.15	0	.6293798	.3706202	0	0
958.15	0	.6292857	.3707143	0	0
957.15	0	.6291975	.3708025	0	0
956.15	0	.6291152	.3708848	0	0
955.15	0	.6290387	.3709613	0	0
954.15	0	.628968	.371032	0	0
953.15	0	.6289033	.3710967	0	0
952.15	0	.6288443	.3711557	0	0
951.15	0	.6287912	.3712088	0	0
950.15	0	.628744	.371256	0	0
949.15	0	.6287026	.3712974	0	0
948.15	0	.628667	.371333	0	0
947.15	0	.6286372	.3713628	0	0
946.15	0	.6286133	.3713867	0	0
945.15	0	.6285952	.3714048	0	0
944.15	0	.6285829	.3714172	0	0
943.15	0	.6285763	.3714237	0	0
942.15	0	.6285755	.3714245	0	0
941.15	0	.6285805	.3714195	0	0
940.15	0	.6285912	.3714088	0	0
939.15	0	.6286077	.3713923	0	0
938.15	0	.6286298	.3713702	0	0
937.15	0	.6286576	.3713424	0	0
936.15	0	.6286911	.3713089	0	0
935.15	0	.6287302	.3712698	0	0
934.15	0	.628775	.371225	0	0
933.15	0	.6288253	.3711747	0	0
932.15	0	.6288811	.3711189	0	0
931.15	0	.6289425	.3710575	0	0
930.15	0	.6290094	.3709906	0	0
929.15	0	.6290817	.3709183	0	0
928.15	0	.6291595	.3708405	0	0
927.15	0	.6292426	.3707574	0	0
926.15	0	.6293311	.3706689	0	0
925.15	0	.6294249	.3705751	0	0
924.15	0	.6295239	.3704761	0	0
923.15	0	.6296282	.3703719	0	0
922.15	0	.6297375	.3702625	0	0
921.15	0	.629852	.370148	0	0
920.15	0	.6299716	.3700284	0	0
919.9522	0	.6299958	.3700042	0	0
919.9522	0	.6299958	.3700042	0	0
919.9522	0	.6299958	.3700042	0	0
919.15	0	.6299815	.3698403	1.782326E-04	0
918.15	0	.6299685	.3696325	3.989798E-04	0
917.15	0	.6299609	.369421	6.181174E-04	0
916.15	0	.6299587	.3692057	8.35629E-04	0
915.15	0	.6299618	.3689867	.001051498	0
914.15	0	.6299702	.3687641	.001265708	0
913.15	0	.6299839	.3685379	.001478241	0
912.15	0	.6300027	.3683082	.00168908	0
911.15	0	.6300267	.3680751	.001898206	0
910.15	0	.6300557	.3678387	.002105601	0
909.15	0	.6300898	.3675989	.002311246	0
908.15	0	.6301289	.367356	.002515121	0
907.15	0	.6301729	.3671099	.002717207	0
906.15	0	.6302218	.3668607	.002917483	0
905.15	0	.6302755	.3666086	.003115927	0
904.15	0	.6303339	.3663536	.003312519	0
903.15	0	.630397	.3660958	.003507237	0
902.15	0	.6304646	.3658353	.003700057	0
901.15	0	.6305369	.3655722	.003890958	0
900.15	0	.6306135	.3653066	.004079914	0
899.15	0	.6306946	.3650385	.004266904	0
898.15	0	.6307799	.3647682	.004451899	0
897.15	0	.6308695	.3644957	.004634875	0
896.15	0	.6309631	.3642211	.004815805	0
895.15	0	.6310608	.3639445	.004994663	0
894.15	0	.6311625	.3636661	.00517142	0
893.15	0	.631268	.363386	.005346048	0
892.15	0	.6313772	.3631043	.005518517	0
891.15	0	.6314901	.3628212	.005688797	0
890.15	0	.6316064	.3625367	.005856856	0
889.15	0	.6317262	.3622511	.006022663	0
888.15	0	.6318493	.3619645	.006186184	0
887.15	0	.6319756	.361677	.006347384	0
886.15	0	.6321049	.3613888	.006506228	0
885.15	0	.6322372	.3611002	.00666268	0
884.15	0	.6323722	.3608111	.006816702	0
883.15	0	.6325099	.3605219	.006968255	0
882.15	0	.63265	.3602327	.007117298	0
881.15	0	.6327926	.3599437	.007263789	0
880.15	0	.6329373	.3596551	.007407686	0
879.15	0	.633084	.3593671	.007548943	0
878.15	0	.6332326	.3590799	.007687513	0
877.15	0	.6333829	.3587938	.007823349	0
876.15	0	.6335347	.3585089	.0079564	0
875.15	0	.6336878	.3582256	.008086613	0
874.15	0	.633842	.3579441	.008213935	0
873.15	0	.6339972	.3576646	.008338308	0
872.15	0	.634153	.3573873	.008459673	0
871.15	0	.6343093	.3571128	.008577969	0
870.15	0	.6344658	.3568411	.008693131	0
869.15	0	.6346224	.3565726	.008805093	0
868.15	0	.6347786	.3563076	.008913782	0
867.15	0	.6349344	.3560465	.009019125	0
866.15	0	.6350894	.3557896	.009121045	0
865.15	0	.6352432	.3555373	.00921946	0
864.15	0	.6353957	.35529	.009314283	0
863.15	0	.6355465	.3550481	.009405425	0
862.15	0	.6356952	.354812	.009492791	0
861.15	0	.6358415	.3545822	.009576278	0
860.15	0	.6359851	.3543592	.009655781	0
859.15	0	.6361254	.3541434	.009731187	0
858.15	0	.6362622	.3539354	.009802375	0
857.15	0	.6363949	.3537358	.009869218	0
856.15	0	.6365232	.3535452	.00993158	0
855.15	0	.6366465	.3533642	.009989316	0
854.15	0	.6367642	.3531935	.01004227	0
853.15	0	.6368758	.3530339	.01009028	0
852.15	0	.6369808	.352886	.01013316	0
851.15	0	.6370784	.3527509	.01017073	0
850.15	0	.637168	.3526292	.01020277	0
849.15	0	.637113	.3526877	.01019931	0
848.15	0	.6367875	.353082	.01013053	0
847.15	0	.6365146	.3534191	.01006631	0
846.15	0	.63629	.3537039	.01000612	0
845.15	0	.6361099	.3539406	.009949524	0
844.15	0	.6359708	.3541331	.009896111	0
843.15	0	.6358694	.354285	.009845538	0
842.15	0	.6358031	.3543994	.009797501	0
841.15	0	.6357691	.3544791	.009751735	0
840.15	0	.6357651	.3545269	.009708001	0
839.15	0	.6357889	.354545	.00966609	0
838.15	0	.6358385	.3545357	.009625815	0
837.15	0	.635912	.354501	.009587009	0
836.15	0	.6360077	.3544428	.009549523	0
835.15	0	.6361239	.3543629	.009513224	0
834.15	0	.6362593	.3542627	.009477991	0
833.15	0	.6364124	.3541439	.009443714	0
832.15	0	.636582	.3540078	.009410298	0
831.15	0	.6367667	.3538556	.009377652	0
830.15	0	.6369657	.3536886	.009345697	0
829.15	0	.6371777	.353508	.009314362	0
828.15	0	.6374018	.3533146	.009283579	0
827.15	0	.6376371	.3531096	.009253289	0
826.15	0	.6378827	.3528939	.009223438	0
825.15	0	.6381378	.3526682	.009193977	0
824.15	0	.6384017	.3524334	.00916486	0
823.15	0	.6386736	.3521903	.009136048	0
822.15	0	.6389529	.3519396	.009107501	0
821.15	0	.6392389	.3516819	.009079187	0
820.15	0	.6395311	.3514178	.009051073	0
819.15	0	.6398289	.351148	.009023133	0
818.15	0	.6401317	.350873	.00899534	0
817.15	0	.6404391	.3505932	.00896767	0
816.15	0	.6407506	.3503093	.008940101	0
815.15	0	.6410658	.3500216	.008912615	0
814.15	0	.6413842	.3497306	.008885192	0
813.15	0	.6417055	.3494367	.008857817	0
812.15	0	.6420293	.3491403	.008830475	0
811.15	0	.6423552	.3488416	.008803151	0
810.15	0	.642683	.3485412	.008775833	0
809.15	0	.6430123	.3482392	.00874851	0
808.15	0	.6433428	.347936	.008721171	0
807.15	0	.6436743	.3476319	.008693807	0
806.15	0	.6440065	.3473271	.008666409	0
805.15	0	.6443391	.3470219	.008638969	0
804.15	0	.6446721	.3467165	.00861148	0
803.15	0	.645005	.3464111	.008583935	0
802.15	0	.6453378	.3461059	.008556329	0
801.15	0	.6456702	.3458011	.008528655	0
800.15	0	.6460021	.345497	.008500909	0
799.15	0	.6463334	.3451936	.008473087	0
798.15	0	.6466638	.3448911	.008445185	0
797.15	0	.6469931	.3445897	.008417198	0
796.15	0	.6473214	.3442895	.008389124	0
795.15	0	.6476485	.3439906	.008360959	0
794.15	0	.6479741	.3436932	.008332701	0
793.15	0	.6482983	.3433974	.008304348	0
792.15	0	.6486209	.3431032	.008275898	0
791.15	0	.6489419	.3428108	.008247348	0
790.15	0	.6492611	.3425203	.008218696	0
789.15	0	.6495784	.3422317	.008189943	0
788.15	0	.6498938	.3419451	.008161085	0
787.15	0	.6502073	.3416606	.008132122	0
786.15	0	.6505186	.3413783	.008103053	0
785.15	0	.6508279	.3410982	.008073877	0
784.15	0	.651135	.3408204	.008044594	0
783.15	0	.6514399	.3405449	.008015202	0
782.15	0	.6517425	.3402718	.007985702	0
781.15	0	.6520428	.3400011	.007956093	0
780.15	0	.6523408	.3397328	.007926375	0
779.15	0	.6526364	.3394671	.007896547	0
778.15	0	.6529296	.3392038	.007866609	0
777.15	0	.6532203	.3389431	.007836561	0
776.15	0	.6535086	.338685	.007806404	0
775.15	0	.6537944	.3384295	.007776137	0
774.15	0	.6540776	.3381766	.00774576	0
773.15	0	.6543584	.3379263	.007715274	0
772.15	0	.6546366	.3376787	.007684679	0
771.15	0	.6549123	.3374337	.007653975	0
770.15	0	.6551854	.3371914	.007623162	0
769.15	0	.655456	.3369518	.007592241	0
768.15	0	.6557239	.3367149	.007561212	0
767.15	0	.6559893	.3364806	.007530075	0
766.15	0	.6562521	.336249	.007498831	0
765.15	0	.6565124	.3360201	.007467481	0
764.15	0	.65677	.3357939	.007436024	0
763.15	0	.6570251	.3355704	.007404462	0
762.15	0	.6572777	.3353496	.007372794	0
761.15	0	.6575276	.3351314	.007341022	0
760.15	0	.657775	.3349159	.007309146	0
759.15	0	.6580198	.334703	.007277165	0
758.15	0	.6582621	.3344928	.007245082	0
757.15	0	.6585019	.3342852	.007212897	0
756.15	0	.6587391	.3340803	.00718061	0
755.15	0	.6589738	.333878	.007148221	0
754.15	0	.659206	.3336783	.007115732	0
753.15	0	.6594357	.3334811	.007083143	0
752.15	0	.659663	.3332866	.007050455	0
751.15	0	.6598877	.3330946	.007017668	0
750.15	0	.6601101	.3329052	.006984783	0
749.15	0	.6603299	.3327183	.006951801	0
748.15	0	.6605474	.3325339	.006918722	0
747.15	0	.6607625	.332352	.006885547	0
746.15	0	.6609751	.3321726	.006852277	0
745.15	0	.6611854	.3319957	.006818912	0
744.15	0	.6613934	.3318212	.006785454	0
743.15	0	.661599	.3316491	.006751903	0
742.15	0	.6618022	.3314795	.006718258	0
741.15	0	.6620032	.3313123	.006684523	0
740.15	0	.6622019	.3311474	.006650696	0
739.15	0	.6623983	.3309849	.006616779	0
738.15	0	.6625925	.3308247	.006582773	0
737.15	0	.6627845	.3306669	.006548677	0
736.15	0	.6629742	.3305113	.006514494	0
735.15	0	.6631617	.330358	.006480223	0
734.15	0	.6633471	.330207	.006445866	0
733.15	0	.6635303	.3300583	.006411423	0
732.15	0	.6637114	.3299117	.006376895	0
731.15	0	.6638903	.3297674	.006342282	0
730.15	0	.6640672	.3296252	.006307586	0
729.15	0	.664242	.3294852	.006272807	0
728.15	0	.6644178	.3293451	.00623707	0
727.15	0	.6645883	.3292096	.006202194	0
726.15	0	.6647567	.3290761	.006167233	0
725.15	0	.6649231	.3289447	.006132189	0
724.15	0	.6650876	.3288153	.006097063	0
723.15	0	.6652501	.328688	.006061855	0
722.15	0	.6654107	.3285627	.006026567	0
721.15	0	.6655694	.3284394	.005991199	0
720.15	0	.6657262	.3283181	.005955752	0
719.15	0	.6658811	.3281987	.005920227	0
718.15	0	.6660341	.3280812	.005884626	0
717.15	0	.6661853	.3279657	.005848948	0
716.15	0	.6663347	.3278521	.005813196	0
715.15	0	.6664823	.3277403	.00577737	0
714.15	0	.6666281	.3276305	.005741471	0
713.15	0	.6667721	.3275224	.005705499	0
712.15	0	.6669144	.3274162	.005669457	0
711.15	0	.6670549	.3273118	.005633344	0
710.15	0	.6671937	.3272091	.005597161	0
709.15	0	.6673308	.3271083	.005560911	0
708.15	0	.6674663	.3270092	.005524592	0
707.15	0	.6676	.3269118	.005488207	0
706.15	0	.6677321	.3268161	.005451757	0
705.15	0	.6678626	.3267221	.005415241	0
704.15	0	.6679915	.3266298	.005378662	0
703.15	0	.6681188	.3265392	.00534202	0
702.15	0	.6682445	.3264502	.005305315	0
701.15	0	.6683686	.3263629	.00526855	0
700.15	0	.6684912	.3262771	.005231724	0
699.15	0	.6686122	.326193	.005194839	0
698.15	0	.6687317	.3261104	.005157896	0
697.15	0	.6688498	.3260293	.005120895	0
696.15	0	.6689663	.3259498	.005083838	0
695.15	0	.6690814	.3258719	.005046725	0
694.15	0	.669195	.3257954	.005009557	0
693.15	0	.6693072	.3257205	.004972336	0
692.15	0	.6694179	.325647	.004935061	0
691.15	0	.6695273	.325575	.004897734	0
690.15	0	.6696352	.3255044	.004860357	0
689.15	0	.6697418	.3254353	.004822928	0
688.15	0	.669847	.3253675	.004785451	0
687.15	0	.6699509	.3253012	.004747925	0
686.15	0	.6700534	.3252362	.004710352	0
685.15	0	.6701546	.3251727	.004672732	0
684.15	0	.6702545	.3251104	.004635066	0
683.15	0	.6703531	.3250495	.004597355	0
682.15	0	.6704505	.32499	.004559601	0
681.15	0	.6705465	.3249317	.004521803	0
680.15	0	.6706413	.3248747	.004483963	0
679.15	0	.6707349	.324819	.004446081	0
678.15	0	.6708273	.3247646	.00440816	0
677.15	0	.6709184	.3247114	.004370198	0
676.15	0	.6710083	.3246595	.004332198	0
675.15	0	.6710971	.3246088	.004294161	0
674.15	0	.6711847	.3245592	.004256086	0
673.15	0	.6712711	.3245109	.004217976	0
672.15	0	.6713564	.3244638	.00417983	0
671.15	0	.6714405	.3244178	.00414165	0
670.15	0	.6715235	.324373	.004103437	0
669.15	0	.6716054	.3243294	.004065191	0
668.15	0	.6716863	.3242868	.004026914	0
667.15	0	.671766	.3242454	.003988606	0
666.15	0	.6718446	.3242051	.003950269	0
665.15	0	.6719222	.3241659	.003911902	0
664.15	0	.6719988	.3241277	.003873508	0
663.15	0	.6720743	.3240907	.003835086	0
662.15	0	.6721487	.3240546	.003796638	0
661.15	0	.6722222	.3240197	.003758164	0
660.15	0	.6722946	.3239857	.003719666	0
659.15	0	.6723661	.3239528	.003681145	0
658.15	0	.6724365	.3239209	.0036426	0
657.15	0	.672506	.32389	.003604034	0
656.15	0	.6725745	.32386	.003565446	0
655.15	0	.6726421	.323831	.003526839	0
654.15	0	.6727087	.323803	.003488212	0
653.15	0	.6727745	.323776	.003449567	0
652.15	0	.6728392	.3237499	.003410904	0
651.15	0	.6729031	.3237247	.003372225	0
650.15	0	.6729661	.3237004	.00333353	0
649.15	0	.6730281	.323677	.00329482	0
648.15	0	.6730893	.3236546	.003256096	0
647.15	0	.6731497	.323633	.003217359	0
646.15	0	.6732091	.3236123	.003178609	0
645.15	0	.6732677	.3235924	.003139848	0
644.15	0	.6733255	.3235735	.003101077	0
643.15	0	.6733824	.3235553	.003062296	0
642.15	0	.6734385	.323538	.003023506	0
641.15	0	.6734938	.3235215	.002984708	0
640.15	0	.6735483	.3235058	.002945903	0
639.15	0	.6736019	.323491	.002907091	0
638.15	0	.6736548	.3234769	.002868275	0
637.15	0	.6737069	.3234636	.002829454	0
636.15	0	.6737583	.3234511	.002790629	0
635.15	0	.6738088	.3234394	.002751802	0
634.15	0	.6738586	.3234284	.002712973	0
633.15	0	.6739077	.3234182	.002674142	0
632.15	0	.673956	.3234087	.002635312	0
631.15	0	.6740036	.3233999	.002596482	0
630.15	0	.6740505	.3233919	.002557654	0
629.15	0	.6740967	.3233845	.002518828	0
628.15	0	.6741421	.3233779	.002480005	0
627.15	0	.6741869	.323372	.002441187	0
626.15	0	.6742309	.3233667	.002402374	0
625.15	0	.6742743	.3233622	.002363566	0
624.15	0	.674317	.3233583	.002324765	0
623.15	0	.674359	.323355	.002285972	0
622.15	0	.6744004	.3233524	.002247188	0
621.15	0	.6744411	.3233505	.002208412	0
620.15	0	.6744812	.3233492	.002169647	0
619.15	0	.6745206	.3233485	.002130893	0
618.15	0	.6745594	.3233485	.00209215	0
617.15	0	.6745975	.3233491	.002053421	0
616.15	0	.6746351	.3233502	.002014705	0
615.15	0	.674672	.323352	.001976003	0
614.15	0	.6747083	.3233544	.001937317	0
613.15	0	.6747441	.3233573	.001898646	0
612.15	0	.6747792	.3233608	.001859993	0
611.15	0	.6748138	.3233649	.001821358	0
610.15	0	.6748477	.3233695	.001782741	0
609.15	0	.6748811	.3233747	.001744144	0
608.15	0	.674914	.3233805	.001705567	0
607.15	0	.6749463	.3233867	.001667012	0
606.15	0	.674978	.3233936	.001628478	0
605.15	0	.6750092	.3234009	.001589968	0
604.15	0	.6750398	.3234087	.001551481	0
603.15	0	.6750699	.3234171	.001513019	0
602.15	0	.6750995	.323426	.001474583	0
601.15	0	.6751285	.3234353	.001436173	0
600.15	0	.675157	.3234452	.00139779	0
599.15	0	.6751851	.3234555	.001359434	0
598.15	0	.6752126	.3234663	.001321108	0
597.15	0	.6752396	.3234776	.001282812	0
596.15	0	.6752661	.3234894	.001244546	0
595.15	0	.6752921	.3235016	.001206311	0
594.15	0	.6753177	.3235142	.001168109	0
593.15	0	.6753427	.3235273	.00112994	0
592.15	0	.6753674	.3235408	.001091804	0
591.15	0	.6753915	.3235548	.001053703	0
590.15	0	.6754152	.3235692	.001015638	0
589.15	0	.6754384	.323584	9.776095E-04	0
588.15	0	.6754611	.3235993	9.39618E-04	0
587.15	0	.6754835	.3236149	9.016645E-04	0
586.15	0	.6755053	.3236309	8.6375E-04	0
585.15	0	.6755268	.3236474	8.258751E-04	0
584.15	0	.6755478	.3236642	7.880408E-04	0
583.15	0	.6755684	.3236814	7.502479E-04	0
582.15	0	.6755885	.323699	7.124972E-04	0
581.15	0	.6756083	.3237169	6.747896E-04	0
580.15	0	.6756276	.3237353	6.371258E-04	0
579.15	0	.6756466	.323754	5.995067E-04	0
578.15	0	.6756651	.323773	5.619331E-04	0
577.15	0	.6756832	.3237924	5.244059E-04	0
576.15	0	.6757009	.3238121	4.869258E-04	0
575.15	0	.6757183	.3238322	4.494937E-04	0
574.15	0	.6757353	.3238526	4.121104E-04	0
573.15	0	.6757519	.3238734	3.747767E-04	0
572.15	0	.6757681	.3238944	3.374934E-04	0
571.15	0	.6757839	.3239158	3.002614E-04	0
570.15	0	.6757994	.3239375	2.630814E-04	0
569.15	0	.6758145	.3239595	2.259543E-04	0
568.15	0	.6758293	.3239818	1.88881E-04	0
567.15	0	.6758437	.3240044	1.518621E-04	0
566.15	0	.6758578	.3240273	1.148985E-04	0
565.15	0	.6758715	.3240505	7.799102E-05	0
564.15	0	.6758849	.324074	4.114049E-05	0
563.15	0	.6758979	.3240978	4.347681E-06	0
563.0317	0	.6758994	.3241006	0	0
563.0317	0	.6758994	.3241006	0	0
562.15	0	.6758934	.3241066	0	0
561.15	0	.6758863	.3241137	0	0
560.15	0	.6758788	.3241212	0	0
559.15	0	.675871	.324129	0	0
558.15	0	.675863	.324137	0	0
557.15	0	.6758546	.3241454	0	0
556.15	0	.6758459	.3241541	0	0
555.15	0	.675837	.324163	0	0
554.15	0	.6758277	.3241723	0	0
553.15	0	.6758182	.3241818	0	0
552.15	0	.6758084	.3241916	0	0
551.15	0	.6757983	.3242017	0	0
550.15	0	.6757879	.3242121	0	0
549.15	0	.6757773	.3242227	0	0
548.15	0	.6757663	.3242337	0	0
547.15	0	.6757552	.3242448	0	0
546.15	0	.6757438	.3242562	0	0
545.15	0	.6757321	.3242679	0	0
544.15	0	.6757201	.3242799	0	0
543.15	0	.675708	.324292	0	0
542.15	0	.6756955	.3243045	0	0
541.15	0	.6756829	.3243171	0	0
540.15	0	.67567	.32433	0	0
539.15	0	.6756568	.3243432	0	0
538.15	0	.6756435	.3243565	0	0
537.15	0	.6756299	.3243701	0	0
536.15	0	.6756161	.324384	0	0
535.15	0	.675602	.324398	0	0
534.15	0	.6755878	.3244122	0	0
533.15	0	.6755733	.3244267	0	0
532.15	0	.6755586	.3244414	0	0
531.15	0	.6755438	.3244562	0	0
530.15	0	.6755287	.3244713	0	0
529.15	0	.6755134	.3244866	0	0
528.15	0	.6754979	.3245021	0	0
527.15	0	.6754823	.3245177	0	0
526.15	0	.6754664	.3245336	0	0
525.15	0	.6754504	.3245496	0	0
524.15	0	.6754341	.3245659	0	0
523.15	0	.6754177	.3245823	0	0
522.15	0	.6754012	.3245989	0	0
521.15	0	.6753844	.3246156	0	0
520.15	0	.6753675	.3246325	0	0
519.15	0	.6753504	.3246496	0	0
518.15	0	.6753331	.3246669	0	0
517.15	0	.6753157	.3246843	0	0
516.15	0	.6752981	.3247019	0	0
515.15	0	.6752804	.3247196	0	0
514.15	0	.6752625	.3247375	0	0
513.15	0	.6752445	.3247555	0	0
512.15	0	.6752263	.3247737	0	0
511.15	0	.675208	.324792	0	0
510.15	0	.6751895	.3248105	0	0
509.15	0	.675171	.3248291	0	0
508.15	0	.6751522	.3248478	0	0
507.15	0	.6751334	.3248666	0	0
506.15	0	.6751144	.3248856	0	0
505.15	0	.6750953	.3249048	0	0
504.3482	0	.6750798	.3249202	0	0
504.3482	0	.6750798	.3249202	0	0
504.3482	0	.6750798	.3249202	0	0
504.15	0	.6750888	.3248477	0	6.350551E-05
503.15	0	.6751333	.3244835	0	3.831832E-04
502.15	0	.6751771	.3241212	0	7.017401E-04
501.15	0	.6752201	.3237608	0	.001019186
500.15	0	.6752623	.3234021	0	.001335531
499.15	0	.6753039	.3230454	0	.001650786
498.15	0	.6753446	.3226904	0	.001964958
497.15	0	.6753847	.3223372	0	.002278059
496.15	0	.6754241	.3219858	0	.002590099
495.15	0	.6754628	.3216362	0	.002901085
494.15	0	.6755007	.3212882	0	.003211028
493.15	0	.675538	.320942	0	.003519938
492.15	0	.6755747	.3205975	0	.003827823
491.15	0	.6756106	.3202547	0	.004134693
490.15	0	.6756459	.3199136	0	.004440557
489.15	0	.6756805	.319574	0	.004745424
488.15	0	.6757145	.3192362	0	.005049303
487.15	0	.6757479	.3188999	0	.005352204
486.15	0	.6757807	.3185652	0	.005654134
485.15	0	.6758128	.3182321	0	.005955103
484.15	0	.6758443	.3179006	0	.006255119
483.15	0	.6758752	.3175706	0	.006554192
482.15	0	.6759056	.3172421	0	.006852329
481.15	0	.6759353	.3169152	0	.00714954
480.15	0	.6759645	.3165897	0	.007445832
479.15	0	.6759931	.3162657	0	.007741215
478.15	0	.6760211	.3159432	0	.008035697
477.15	0	.6760486	.3156221	0	.008329285
476.15	0	.6760756	.3153025	0	.008621989
475.15	0	.676102	.3149842	0	.008913815
474.15	0	.6761278	.3146674	0	.009204773
473.15	0	.6761532	.314352	0	.009494871
472.15	0	.676178	.3140379	0	.009784115
471.15	0	.6762023	.3137252	0	.01007252
470.15	0	.6762262	.3134138	0	.01036008
469.15	0	.6762495	.3131037	0	.01064681
468.15	0	.6762723	.312795	0	.01093272
467.15	0	.6762947	.3124875	0	.01121782
466.15	0	.6763166	.3121813	0	.01150212
465.15	0	.676338	.3118764	0	.01178561
464.15	0	.676359	.3115729	0	.01206813
463.15	0	.6763795	.3112705	0	.01235005
462.15	0	.6763996	.3109693	0	.01263119
461.15	0	.6764192	.3106693	0	.01291156
460.15	0	.6764384	.3103705	0	.01319117
459.15	0	.6764571	.3100729	0	.01347002
458.15	0	.6764755	.3097764	0	.01374813
457.15	0	.6764934	.3094811	0	.01402549
456.15	0	.6765109	.309187	0	.01430212
455.15	0	.676528	.308894	0	.01457803
454.15	0	.6765447	.3086021	0	.01485321
453.15	0	.676561	.3083113	0	.01512768
452.15	0	.676577	.3080216	0	.01540145
451.15	0	.6765926	.3077329	0	.01567451
450.15	0	.6766078	.3074454	0	.01594688
449.15	0	.6766227	.3071588	0	.01621859
448.15	0	.6766372	.3068732	0	.01648963
447.15	0	.6766514	.3065886	0	.01676
446.15	0	.6766653	.306305	0	.01702971
445.15	0	.6766788	.3060224	0	.01729877
444.15	0	.6766921	.3057408	0	.01756718
443.15	0	.676705	.30546	0	.01783496
442.15	0	.6767177	.3051802	0	.01810212
441.15	0	.67673	.3049013	0	.01836866
440.15	0	.6767421	.3046233	0	.01863458
439.15	0	.676754	.3043461	0	.01889991
438.15	0	.6767656	.3040698	0	.01916465
437.15	0	.6767769	.3037943	0	.0194288
436.15	0	.6767881	.3035196	0	.01969237
435.15	0	.676799	.3032457	0	.01995537
434.15	0	.6768097	.3029725	0	.0202178
433.15	0	.6768201	.3027002	0	.02047969
432.15	0	.6768304	.3024286	0	.02074102
431.15	0	.6768405	.3021577	0	.0210018
430.15	0	.6768505	.3018875	0	.02126206
429.15	0	.6768602	.301618	0	.02152178
428.15	0	.6768698	.3013492	0	.02178098
427.15	0	.6768792	.3010811	0	.02203967
426.15	0	.6768885	.3008137	0	.02229784
425.15	0	.6768976	.3005469	0	.02255551
424.15	0	.6769066	.3002807	0	.02281268
423.15	0	.6769155	.3000152	0	.02306936
422.15	0	.6769242	.2997502	0	.02332556
421.15	0	.6769328	.2994859	0	.02358127
420.15	0	.6769413	.2992222	0	.02383651
419.15	0	.6769497	.298959	0	.02409128
418.15	0	.676958	.2986964	0	.02434558
417.15	0	.6769662	.2984343	0	.02459943
416.15	0	.6769744	.2981728	0	.02485282
415.15	0	.6769824	.2979118	0	.02510576
414.15	0	.6769904	.2976514	0	.02535826
413.15	0	.6769982	.2973915	0	.02561032
412.15	0	.6770061	.297132	0	.02586195
411.15	0	.6770138	.2968731	0	.02611314
410.15	0	.6770215	.2966146	0	.02636391
409.15	0	.6770291	.2963566	0	.02661426
408.15	0	.6770367	.2960991	0	.02686419
407.15	0	.6770442	.2958421	0	.02711371
406.15	0	.6770517	.2955854	0	.02736282
405.15	0	.6770592	.2953293	0	.02761153
404.15	0	.6770666	.2950736	0	.02785984
403.15	0	.677074	.2948182	0	.02810775
402.15	0	.6770814	.2945634	0	.02835527
401.15	0	.6770887	.2943089	0	.0286024
400.15	0	.677096	.2940548	0	.02884914
399.15	0	.6771033	.2938012	0	.02909551
398.15	0	.6771106	.2935479	0	.02934149
397.15	0	.6771179	.293295	0	.0295871
396.15	0	.6771252	.2930425	0	.02983234
395.15	0	.6771325	.2927903	0	.03007722
394.15	0	.6771397	.2925385	0	.03032173
393.15	0	.677147	.2922871	0	.03056587
392.15	0	.6771543	.2920361	0	.03080966
391.15	0	.6771616	.2917854	0	.0310531
390.15	0	.6771688	.291535	0	.03129618
389.15	0	.6771761	.291285	0	.03153891
388.15	0	.6771834	.2910353	0	.03178129
387.15	0	.6771908	.2907859	0	.03202333
386.15	0	.6771981	.2905369	0	.03226504
385.15	0	.6772055	.2902881	0	.0325064
384.15	0	.6772129	.2900397	0	.03274742
383.15	0	.6772203	.2897916	0	.03298812
382.15	0	.6772277	.2895438	0	.03322848
381.15	0	.6772352	.2892963	0	.03346851
380.15	0	.6772426	.2890492	0	.03370822
379.15	0	.6772501	.2888022	0	.0339476
378.15	0	.6772577	.2885556	0	.03418666
377.15	0	.6772653	.2883093	0	.0344254
376.15	0	.6772729	.2880633	0	.03466383
375.15	0	.6772805	.2878175	0	.03490194
374.15	0	.6772882	.287572	0	.03513973
373.15	0	.6772959	.2873268	0	.03537722
372.15	0	.6773037	.2870819	0	.03561439
371.15	0	.6773115	.2868372	0	.03585126
370.15	0	.6773194	.2865928	0	.03608783
369.15	0	.6773273	.2863487	0	.03632409
368.15	0	.6773352	.2861048	0	.03656005
367.15	0	.6773432	.2858611	0	.0367957
366.15	0	.6773512	.2856178	0	.03703107
365.15	0	.6773593	.2853746	0	.03726613
364.15	0	.6773674	.2851317	0	.0375009
363.15	0	.6773755	.2848891	0	.03773537
362.15	0	.6773837	.2846467	0	.03796956
361.15	0	.677392	.2844046	0	.03820345
360.15	0	.6774003	.2841627	0	.03843706
359.15	0	.6774087	.283921	0	.03867037
358.15	0	.6774171	.2836795	0	.03890341
357.15	0	.6774255	.2834383	0	.03913615
356.15	0	.677434	.2831974	0	.03936862
355.15	0	.6774426	.2829566	0	.0396008
354.15	0	.6774512	.2827161	0	.03983271
353.15	0	.6774599	.2824758	0	.04006433
352.15	0	.6774686	.2822357	0	.04029567
351.15	0	.6774774	.2819959	0	.04052674
350.15	0	.6774862	.2817563	0	.04075753
349.15	0	.6774951	.2815169	0	.04098805
348.15	0	.677504	.2812777	0	.0412183
347.15	0	.677513	.2810387	0	.04144827
346.15	0	.6775221	.2808	0	.04167797
345.15	0	.6775312	.2805614	0	.0419074
344.15	0	.6775403	.2803231	0	.04213657
343.15	0	.6775495	.280085	0	.04236546
342.15	0	.6775588	.2798471	0	.04259409
341.15	0	.6775681	.2796094	0	.04282245
340.15	0	.6775775	.279372	0	.04305054
339.15	0	.6775869	.2791347	0	.04327838
338.15	0	.6775964	.2788976	0	.04350594
