T	 BPW(LIQUID)	BPW(BCC_A2)	BPW(FCC_A1)	BPW(LAVES_PHASE_C14)	BPW(NI3TI)
1473.15	.4809012	.5190988	0	0	0
1472.15	.4776737	.5223263	0	0	0
1471.15	.4744671	.5255329	0	0	0
1470.15	.4712814	.5287186	0	0	0
1469.15	.4681162	.5318838	0	0	0
1468.15	.4649716	.5350284	0	0	0
1467.15	.4618472	.5381528	0	0	0
1466.15	.4587431	.541257	0	0	0
1465.15	.4556589	.5443411	0	0	0
1464.15	.4525946	.5474054	0	0	0
1463.15	.44955	.55045	0	0	0
1462.15	.4465249	.5534751	0	0	0
1461.15	.4435193	.5564807	0	0	0
1460.15	.4405329	.5594671	0	0	0
1459.15	.4375656	.5624344	0	0	0
1458.15	.4346173	.5653827	0	0	0
1457.15	.4316879	.5683121	0	0	0
1456.15	.4287771	.5712229	0	0	0
1455.15	.4258848	.5741152	0	0	0
1454.15	.423011	.576989	0	0	0
1453.15	.4201554	.5798446	0	0	0
1452.15	.4173179	.5826821	0	0	0
1451.15	.4144985	.5855015	0	0	0
1450.15	.4116969	.5883031	0	0	0
1449.15	.408913	.591087	0	0	0
1448.15	.4061467	.5938533	0	0	0
1447.15	.4033979	.5966021	0	0	0
1446.15	.4006664	.5993336	0	0	0
1445.15	.3979521	.6020479	0	0	0
1444.15	.3952549	.6047451	0	0	0
1443.15	.3925746	.6074254	0	0	0
1442.15	.3899112	.6100888	0	0	0
1441.15	.3872645	.6127355	0	0	0
1440.15	.3846343	.6153657	0	0	0
1439.15	.3820207	.6179794	0	0	0
1438.15	.3794233	.6205767	0	0	0
1437.15	.3768422	.6231578	0	0	0
1436.15	.3742771	.6257229	0	0	0
1435.15	.3717281	.6282719	0	0	0
1434.15	.3691949	.6308051	0	0	0
1433.15	.3666774	.6333226	0	0	0
1432.15	.3641756	.6358244	0	0	0
1431.15	.3616894	.6383107	0	0	0
1430.15	.3592185	.6407815	0	0	0
1429.15	.3567629	.6432371	0	0	0
1428.15	.3543225	.6456775	0	0	0
1427.15	.3518972	.6481028	0	0	0
1426.15	.3494868	.6505132	0	0	0
1425.15	.3470914	.6529087	0	0	0
1424.15	.3447106	.6552894	0	0	0
1423.15	.3423445	.6576555	0	0	0
1422.15	.339993	.660007	0	0	0
1421.15	.3376559	.6623441	0	0	0
1420.15	.3353331	.6646669	0	0	0
1419.15	.3330246	.6669755	0	0	0
1418.15	.3307301	.6692699	0	0	0
1417.15	.3284498	.6715502	0	0	0
1416.15	.3261833	.6738167	0	0	0
1415.15	.3239307	.6760693	0	0	0
1414.15	.3216918	.6783082	0	0	0
1413.15	.3194665	.6805335	0	0	0
1412.15	.3172548	.6827452	0	0	0
1411.15	.3150565	.6849435	0	0	0
1410.15	.3128716	.6871284	0	0	0
1409.15	.3107	.6893001	0	0	0
1408.15	.3085414	.6914586	0	0	0
1407.15	.306396	.693604	0	0	0
1406.15	.3042635	.6957365	0	0	0
1405.15	.302144	.6978561	0	0	0
1404.15	.3000372	.6999628	0	0	0
1403.15	.2979431	.7020569	0	0	0
1402.15	.2958616	.7041384	0	0	0
1401.15	.2937927	.7062073	0	0	0
1400.15	.2917362	.7082638	0	0	0
1399.15	.2896921	.7103079	0	0	0
1398.15	.2876602	.7123398	0	0	0
1397.15	.2856405	.7143595	0	0	0
1396.15	.2836329	.7163671	0	0	0
1395.15	.2816374	.7183626	0	0	0
1394.15	.2796537	.7203463	0	0	0
1393.15	.2776819	.7223181	0	0	0
1392.15	.2757219	.7242781	0	0	0
1391.15	.2737736	.7262264	0	0	0
1390.15	.2718369	.7281631	0	0	0
1389.15	.2699117	.7300883	0	0	0
1388.15	.2679979	.7320021	0	0	0
1387.15	.2660956	.7339044	0	0	0
1386.15	.2642045	.7357955	0	0	0
1385.15	.2623246	.7376754	0	0	0
1384.15	.2604559	.7395441	0	0	0
1383.15	.2585983	.7414017	0	0	0
1382.15	.2567516	.7432484	0	0	0
1381.15	.2549159	.7450841	0	0	0
1380.15	.2530909	.7469091	0	0	0
1379.15	.2512768	.7487232	0	0	0
1378.15	.2494734	.7505266	0	0	0
1377.15	.2476806	.7523194	0	0	0
1376.15	.2458983	.7541017	0	0	0
1375.15	.2441266	.7558735	0	0	0
1374.15	.2423652	.7576348	0	0	0
1373.15	.2406142	.7593858	0	0	0
1372.15	.2388734	.7611266	0	0	0
1371.15	.2371429	.7628571	0	0	0
1370.15	.2354225	.7645775	0	0	0
1369.15	.2337122	.7662878	0	0	0
1368.15	.2320119	.7679882	0	0	0
1367.15	.2303215	.7696785	0	0	0
1366.15	.228641	.771359	0	0	0
1365.15	.2269703	.7730297	0	0	0
1364.15	.2253093	.7746907	0	0	0
1363.15	.223658	.776342	0	0	0
1362.15	.2220164	.7779836	0	0	0
1361.15	.2203843	.7796157	0	0	0
1360.15	.2187617	.7812383	0	0	0
1359.15	.2171485	.7828515	0	0	0
1358.15	.2155447	.7844553	0	0	0
1357.15	.2139502	.7860498	0	0	0
1356.15	.2123649	.7876351	0	0	0
1355.15	.2107889	.7892111	0	0	0
1354.394	.2096032	.7903968	0	0	0
1354.394	.2096032	.7903968	0	0	0
1354.394	.2096032	.7903968	0	0	0
1354.15	.2090391	.7907099	0	2.510313E-04	0
1353.15	.2067376	.7919854	0	.001277014	0
1352.15	.2044549	.7932476	0	.002297459	0
1351.15	.2021908	.7944967	0	.003312441	0
1350.15	.199945	.795733	0	.004322035	0
1349.15	.1977172	.7969565	0	.005326312	0
1348.15	.1955072	.7981674	0	.006325345	0
1347.15	.1933148	.799366	0	.007319204	0
1346.15	.1911397	.8005524	0	.008307957	0
1345.15	.1889817	.8017267	0	.009291672	0
1344.15	.1868405	.8028891	0	.01027042	0
1343.15	.1847159	.8040398	0	.01124426	0
1342.15	.1826078	.805179	0	.01221325	0
1341.15	.1805158	.8063067	0	.01317747	0
1340.15	.1784398	.8074232	0	.01413697	0
1339.15	.1763796	.8085286	0	.01509181	0
1338.15	.1743349	.8096231	0	.01604206	0
1337.15	.1723055	.8107068	0	.01698778	0
1336.15	.1702912	.8117798	0	.01792901	0
1335.15	.1682919	.8128422	0	.01886582	0
1334.15	.1663074	.8138944	0	.01979826	0
1333.15	.1643374	.8149363	0	.0207264	0
1332.15	.1623817	.815968	0	.02165027	0
1331.15	.1604402	.8169898	0	.02256994	0
1330.15	.1585127	.8180018	0	.02348546	0
1329.15	.156599	.8190041	0	.02439688	0
1328.15	.154699	.8199968	0	.02530424	0
1327.15	.1528124	.82098	0	.02620761	0
1326.15	.1509391	.8219539	0	.02710702	0
1325.15	.1490789	.8229186	0	.02800254	0
1324.15	.1472317	.8238741	0	.02889419	0
1323.15	.1453972	.8248207	0	.02978204	0
1322.15	.1435754	.8257585	0	.03066612	0
1321.15	.141766	.8266875	0	.03154648	0
1320.15	.139969	.8276078	0	.03242317	0
1319.15	.1381841	.8285197	0	.03329623	0
1318.15	.1364112	.8294231	0	.0341657	0
1317.15	.1346502	.8303182	0	.03503162	0
1316.15	.1329009	.8312051	0	.03589404	0
1315.15	.1311631	.8320839	0	.03675299	0
1314.15	.1294368	.8329547	0	.03760853	0
1313.15	.1277217	.8338176	0	.03846068	0
1312.15	.1260178	.8346727	0	.03930948	0
1311.15	.1243249	.8355201	0	.04015498	0
1310.15	.1226429	.8363599	0	.04099722	0
1309.15	.1209716	.8371922	0	.04183622	0
1308.15	.1193109	.838017	0	.04267203	0
1307.15	.1176607	.8388346	0	.04350468	0
1306.15	.1160209	.8396449	0	.04433421	0
1305.15	.1143913	.8404481	0	.04516066	0
1304.211	.1128704	.8411958	0	.04593384	0
1304.211	.1128704	.8411958	0	.04593384	0
1304.211	.1128704	.8411958	0	.04593384	0
1304.15	.1123495	.8410039	6.161931E-04	.04603036	0
1303.15	.1038279	.8379	.01066964	.04760245	0
1302.15	.09531824	.8348651	.0206572	.04915944	0
1301.15	.08682017	.8318985	.03057981	.05070152	0
1300.15	.07833318	.8289996	.0404384	.05222887	0
1299.15	.06984387	.8261655	.0502474	.05374321	0
1298.15	.06137766	.8234001	.05998063	.05524166	0
1297.15	.05292119	.8207003	.06965255	.05672594	0
1296.15	.04447402	.8180657	.07926401	.05819624	0
1295.15	.03603575	.8154957	.08881589	.05965272	0
1294.15	.02760594	.8129895	.09830902	.06109556	0
1293.15	.0191842	.8105466	.1077442	.06252493	0
1292.15	.01077013	.8081665	.1171224	.06394098	0
1291.15	.002363339	.8058486	.1264442	.06534389	0
1290.869	0	.8052077	.1290561	.06573614	0
1290.869	0	.8052077	.1290561	.06573614	0
1290.15	0	.8041503	.1297165	.06613316	0
1289.15	0	.8026828	.1306329	.06668428	0
1288.15	0	.8012197	.1315464	.06723391	0
1287.15	0	.7997609	.1324571	.06778207	0
1286.15	0	.7983064	.1333648	.06832876	0
1285.15	0	.7968563	.1342697	.06887399	0
1284.15	0	.7954104	.1351718	.06941777	0
1283.15	0	.7939689	.136071	.06996009	0
1282.15	0	.7925316	.1369674	.07050096	0
1281.15	0	.7910987	.137861	.0710404	0
1280.15	0	.7896699	.1387517	.0715784	0
1279.15	0	.7882455	.1396396	.07211497	0
1278.15	0	.7868253	.1405246	.07265012	0
1277.15	0	.7854093	.1414069	.07318385	0
1276.15	0	.7839975	.1422864	.07371616	0
1275.15	0	.7825899	.143163	.07424708	0
1274.15	0	.7811865	.1440369	.07477658	0
1273.15	0	.7797873	.144908	.0753047	0
1272.15	0	.7783923	.1457763	.07583142	0
1271.15	0	.7770014	.1466418	.07635675	0
1270.15	0	.7756147	.1475046	.07688071	0
1269.15	0	.7742322	.1483646	.07740329	0
1268.15	0	.7728537	.1492218	.0779245	0
1267.15	0	.7714794	.1500763	.07844435	0
1266.15	0	.7701092	.150928	.07896284	0
1265.15	0	.7687431	.151777	.07947997	0
1264.15	0	.767381	.1526232	.07999576	0
1263.15	0	.7660231	.1534667	.0805102	0
1262.15	0	.7646692	.1543075	.0810233	0
1261.15	0	.7633194	.1551455	.08153507	0
1260.15	0	.7619736	.1559809	.08204551	0
1259.15	0	.7606319	.1568135	.08255463	0
1258.15	0	.7592942	.1576434	.08306243	0
1257.15	0	.7579605	.1584706	.08356891	0
1256.15	0	.7566308	.1592951	.08407409	0
1255.15	0	.7553052	.1601169	.08457796	0
1254.15	0	.7539835	.160936	.08508053	0
1253.15	0	.7526658	.1617524	.08558181	0
1252.15	0	.751352	.1625662	.0860818	0
1251.15	0	.7500422	.1633773	.08658051	0
1250.15	0	.7487364	.1641857	.08707793	0
1249.15	0	.7474345	.1649914	.08757408	0
1248.15	0	.7461366	.1657945	.08806896	0
1247.15	0	.7448425	.1665949	.08856258	0
1246.15	0	.7435525	.1673926	.08905493	0
1245.15	0	.7422662	.1681877	.08954603	0
1244.15	0	.7409839	.1689802	.09003588	0
1243.15	0	.7397055	.16977	.09052447	0
1242.15	0	.738431	.1705572	.09101183	0
1241.15	0	.7371603	.1713417	.09149795	0
1240.15	0	.7358935	.1721236	.09198284	0
1239.15	0	.7346306	.1729029	.09246649	0
1238.15	0	.7333715	.1736796	.09294892	0
1237.15	0	.7321162	.1744537	.09343013	0
1236.15	0	.7308648	.1752251	.09391013	0
1235.15	0	.7296171	.1759939	.09438891	0
1234.15	0	.7283733	.1767602	.09486649	0
1233.15	0	.7271333	.1775238	.09534287	0
1232.15	0	.7258971	.1782848	.09581804	0
1231.15	0	.7246647	.1790433	.09629203	0
1230.15	0	.7234361	.1797991	.09676482	0
1229.15	0	.7222112	.1805524	.09723643	0
1228.15	0	.7209901	.181303	.09770686	0
1227.15	0	.7197728	.1820511	.09817611	0
1226.15	0	.7185592	.1827966	.09864418	0
1225.15	0	.7173493	.1835396	.09911109	0
1224.15	0	.7161432	.18428	.09957684	0
1223.15	0	.7149408	.1850178	.1000414	0
1222.15	0	.7137421	.185753	.1005049	0
1221.15	0	.7125472	.1864857	.1009671	0
1220.15	0	.7113559	.1872158	.1014282	0
1219.15	0	.7101684	.1879434	.1018882	0
1218.15	0	.7089845	.1886684	.1023471	0
1217.15	0	.7078043	.1893909	.1028048	0
1216.15	0	.7066278	.1901109	.1032614	0
1215.15	0	.7054549	.1908283	.1037168	0
1214.15	0	.7042857	.1915431	.1041711	0
1213.15	0	.7031202	.1922555	.1046243	0
1212.15	0	.7019583	.1929653	.1050764	0
1211.15	0	.7008001	.1936725	.1055274	0
1210.15	0	.6996455	.1943773	.1059773	0
1209.15	0	.6984945	.1950795	.106426	0
1208.15	0	.6973471	.1957792	.1068737	0
1207.15	0	.6962034	.1964764	.1073202	0
1206.15	0	.6950632	.1971711	.1077657	0
1205.15	0	.6939267	.1978632	.1082101	0
1204.15	0	.6927937	.1985529	.1086534	0
1203.15	0	.6916644	.19924	.1090956	0
1202.15	0	.6905386	.1999247	.1095367	0
1201.15	0	.6894164	.2006068	.1099768	0
1200.15	0	.6882978	.2012865	.1104157	0
1199.15	0	.6871827	.2019636	.1108537	0
1198.15	0	.6860712	.2026383	.1112905	0
1197.15	0	.6849633	.2033104	.1117263	0
1196.15	0	.6838589	.2039801	.112161	0
1195.15	0	.682758	.2046473	.1125947	0
1194.15	0	.6816607	.205312	.1130273	0
1193.15	0	.6805669	.2059742	.1134589	0
1192.15	0	.6794766	.206634	.1138894	0
1191.15	0	.6783899	.2072912	.1143189	0
1190.15	0	.6773066	.207946	.1147474	0
1189.15	0	.6762269	.2085983	.1151748	0
1188.15	0	.6751506	.2092482	.1156012	0
1187.15	0	.6740779	.2098955	.1160266	0
1186.15	0	.6730086	.2105404	.1164509	0
1185.15	0	.6719429	.2111829	.1168743	0
1184.15	0	.6708806	.2118229	.1172966	0
1183.15	0	.6698218	.2124604	.1177178	0
1182.15	0	.6687665	.2130954	.1181381	0
1181.15	0	.6677146	.213728	.1185574	0
1180.15	0	.6666662	.2143581	.1189757	0
1179.15	0	.6656212	.2149858	.119393	0
1178.15	0	.6645797	.2156111	.1198092	0
1177.15	0	.6635416	.2162338	.1202245	0
1176.15	0	.662507	.2168542	.1206388	0
1175.15	0	.6614758	.217472	.1210521	0
1174.15	0	.6604481	.2180875	.1214644	0
1173.15	0	.6594238	.2187005	.1218758	0
1172.15	0	.6584029	.219311	.1222861	0
1171.15	0	.6573854	.2199191	.1226955	0
1170.15	0	.6563713	.2205248	.1231039	0
1169.15	0	.6553607	.221128	.1235114	0
1168.15	0	.6543534	.2217287	.1239178	0
1167.15	0	.6533496	.2223271	.1243234	0
1166.15	0	.6523491	.222923	.1247279	0
1165.15	0	.651352	.2235164	.1251315	0
1164.15	0	.6503584	.2241075	.1255342	0
1163.15	0	.6493681	.2246961	.1259358	0
1162.15	0	.6483812	.2252822	.1263366	0
1161.15	0	.6473977	.225866	.1267364	0
1160.15	0	.6464175	.2264473	.1271352	0
1159.15	0	.6454407	.2270262	.1275331	0
1158.15	0	.6444673	.2276026	.1279301	0
1157.15	0	.6434972	.2281766	.1283261	0
1156.15	0	.6425306	.2287482	.1287212	0
1155.15	0	.6415672	.2293174	.1291154	0
1154.15	0	.6406072	.2298842	.1295087	0
1153.15	0	.6396505	.2304485	.129901	0
1152.15	0	.6386972	.2310104	.1302924	0
1151.15	0	.6377473	.2315698	.1306829	0
1150.15	0	.6368007	.2321269	.1310725	0
1149.15	0	.6358574	.2326815	.1314611	0
1148.15	0	.6349174	.2332337	.1318488	0
1147.15	0	.6339808	.2337835	.1322357	0
1146.15	0	.6330475	.2343309	.1326216	0
1145.15	0	.6321175	.2348758	.1330067	0
1144.15	0	.6311909	.2354183	.1333908	0
1143.15	0	.6302675	.2359585	.133774	0
1142.15	0	.6293475	.2364962	.1341563	0
1141.15	0	.6284308	.2370314	.1345378	0
1140.15	0	.6275174	.2375643	.1349183	0
1139.15	0	.6266073	.2380947	.135298	0
1138.15	0	.6257005	.2386227	.1356768	0
1137.15	0	.624797	.2391483	.1360547	0
1136.15	0	.6238968	.2396715	.1364317	0
1135.15	0	.6229999	.2401923	.1368078	0
1134.15	0	.6221063	.2407106	.1371831	0
1133.15	0	.621216	.2412266	.1375575	0
1132.15	0	.6203289	.2417401	.137931	0
1131.15	0	.6194452	.2422512	.1383036	0
1130.15	0	.6185647	.2427599	.1386754	0
1129.15	0	.6176875	.2432661	.1390463	0
1128.15	0	.6168136	.24377	.1394164	0
1127.15	0	.615943	.2442714	.1397856	0
1126.15	0	.6150756	.2447704	.1401539	0
1125.15	0	.6142116	.245267	.1405214	0
1124.15	0	.6133508	.2457612	.140888	0
1123.15	0	.6124932	.246253	.1412538	0
1122.15	0	.6116389	.2467423	.1416187	0
1121.15	0	.6107879	.2472292	.1419828	0
1120.15	0	.6099402	.2477137	.1423461	0
1119.15	0	.6090957	.2481958	.1427085	0
1118.15	0	.6082545	.2486755	.14307	0
1117.15	0	.6074166	.2491527	.1434307	0
1116.15	0	.6065818	.2496275	.1437906	0
1115.15	0	.6057504	.2500999	.1441497	0
1114.15	0	.6049222	.2505699	.1445079	0
1113.15	0	.6040973	.2510374	.1448653	0
1112.15	0	.6032756	.2515026	.1452218	0
1111.15	0	.6024572	.2519653	.1455776	0
1110.15	0	.601642	.2524255	.1459325	0
1109.15	0	.6008301	.2528834	.1462865	0
1108.15	0	.6000214	.2533388	.1466398	0
1107.15	0	.599216	.2537918	.1469923	0
1106.15	0	.5984138	.2542424	.1473439	0
1105.15	0	.5976148	.2546905	.1476947	0
1104.15	0	.5968191	.2551362	.1480447	0
1103.15	0	.5960267	.2555795	.1483939	0
1102.15	0	.5952375	.2560203	.1487423	0
1101.15	0	.5944515	.2564587	.1490898	0
1100.15	0	.5936688	.2568947	.1494366	0
1099.15	0	.5928893	.2573282	.1497825	0
1098.15	0	.592113	.2577593	.1501277	0
1097.15	0	.59134	.2581879	.150472	0
1096.15	0	.5905702	.2586142	.1508156	0
1095.15	0	.5898037	.2590379	.1511584	0
1094.15	0	.5890404	.2594593	.1515003	0
1093.15	0	.5882804	.2598781	.1518415	0
1092.15	0	.5875236	.2602946	.1521819	0
1091.15	0	.58677	.2607086	.1525214	0
1090.15	0	.5860196	.2611201	.1528602	0
1089.15	0	.5852725	.2615292	.1531982	0
1088.15	0	.5845287	.2619359	.1535355	0
1087.15	0	.583788	.2623401	.1538719	0
1086.15	0	.5830506	.2627418	.1542075	0
1085.15	0	.5823165	.2631411	.1545424	0
1084.15	0	.5815856	.263538	.1548765	0
1083.15	0	.5808579	.2639323	.1552098	0
1082.15	0	.5801334	.2643243	.1555423	0
1081.15	0	.5794122	.2647137	.155874	0
1080.15	0	.5786943	.2651007	.156205	0
1079.15	0	.5779795	.2654853	.1565352	0
1078.15	0	.5772681	.2658673	.1568646	0
1077.15	0	.5765598	.2662469	.1571933	0
1076.15	0	.5758548	.266624	.1575212	0
1075.15	0	.575153	.2669987	.1578483	0
1074.15	0	.5744545	.2673709	.1581746	0
1073.15	0	.5737592	.2677406	.1585002	0
1072.15	0	.5730672	.2681078	.158825	0
1071.15	0	.5723784	.2684726	.1591491	0
1070.15	0	.5716928	.2688349	.1594723	0
1069.15	0	.5710105	.2691946	.1597949	0
1068.15	0	.5703314	.269552	.1601166	0
1067.15	0	.5696556	.2699068	.1604376	0
1066.15	0	.5689831	.2702591	.1607578	0
1065.15	0	.5683137	.270609	.1610773	0
1064.15	0	.5676477	.2709563	.161396	0
1063.15	0	.5669848	.2713012	.161714	0
1062.15	0	.5663253	.2716435	.1620312	0
1061.15	0	.5656689	.2719834	.1623477	0
1060.15	0	.5650159	.2723208	.1626634	0
1059.15	0	.5643661	.2726556	.1629783	0
1058.15	0	.5637195	.272988	.1632925	0
1057.15	0	.5630762	.2733179	.1636059	0
1056.15	0	.5624362	.2736452	.1639186	0
1055.15	0	.5617994	.2739701	.1642306	0
1054.15	0	.5611659	.2742924	.1645418	0
1053.15	0	.5605356	.2746122	.1648522	0
1052.15	0	.5599086	.2749295	.1651619	0
1051.15	0	.5592849	.2752443	.1654708	0
1050.15	0	.5586644	.2755565	.165779	0
1049.15	0	.5580473	.2758662	.1660865	0
1048.15	0	.5574333	.2761735	.1663932	0
1047.15	0	.5568227	.2764781	.1666992	0
1046.15	0	.5562153	.2767803	.1670044	0
1045.15	0	.5556112	.2770799	.1673089	0
1044.15	0	.5550104	.277377	.1676126	0
1043.15	0	.5544129	.2776716	.1679156	0
1042.15	0	.5538186	.2779636	.1682178	0
1041.15	0	.5532276	.2782531	.1685193	0
1040.15	0	.5526399	.27854	.1688201	0
1039.15	0	.5520555	.2788244	.1691201	0
1038.15	0	.5514744	.2791062	.1694194	0
1037.15	0	.5508966	.2793855	.1697179	0
1036.15	0	.550322	.2796623	.1700157	0
1035.15	0	.5497508	.2799365	.1703128	0
1034.15	0	.5491828	.2802081	.1706091	0
1033.15	0	.5486182	.2804772	.1709047	0
1032.15	0	.5480568	.2807437	.1711995	0
1031.15	0	.5474988	.2810076	.1714936	0
1030.15	0	.546944	.281269	.171787	0
1029.15	0	.5463926	.2815279	.1720796	0
1028.15	0	.5458444	.2817841	.1723715	0
1027.15	0	.5452996	.2820378	.1726626	0
1026.15	0	.5447581	.282289	.172953	0
1025.15	0	.5442199	.2825375	.1732426	0
1024.15	0	.543685	.2827835	.1735316	0
1023.15	0	.5431534	.2830269	.1738197	0
1022.15	0	.5426252	.2832677	.1741072	0
1021.15	0	.5421002	.2835059	.1743939	0
1020.15	0	.5415786	.2837416	.1746798	0
1019.15	0	.5410603	.2839747	.174965	0
1018.15	0	.5405454	.2842052	.1752495	0
1017.15	0	.5400338	.2844331	.1755332	0
1016.15	0	.5395255	.2846584	.1758162	0
1015.15	0	.5390205	.2848811	.1760984	0
1014.15	0	.5385189	.2851012	.1763799	0
1013.15	0	.5380206	.2853187	.1766607	0
1012.15	0	.5375257	.2855337	.1769407	0
1011.15	0	.5370341	.285746	.1772199	0
1010.15	0	.5365458	.2859558	.1774984	0
1009.15	0	.5360609	.2861629	.1777762	0
1008.15	0	.5355794	.2863674	.1780532	0
1007.15	0	.5351011	.2865694	.1783295	0
1006.15	0	.5346263	.2867687	.178605	0
1005.15	0	.5341548	.2869655	.1788798	0
1004.15	0	.5336866	.2871596	.1791538	0
1003.15	0	.5332218	.2873511	.1794271	0
1002.15	0	.5327604	.28754	.1796996	0
1001.15	0	.5323024	.2877263	.1799713	0
1000.15	0	.5318477	.28791	.1802423	0
999.15	0	.5313963	.2880911	.1805126	0
998.15	0	.5309483	.2882696	.1807821	0
997.15	0	.5305037	.2884455	.1810508	0
996.15	0	.5300625	.2886187	.1813188	0
995.15	0	.5296246	.2887894	.181586	0
994.15	0	.5291902	.2889574	.1818524	0
993.15	0	.528759	.2891228	.1821181	0
992.15	0	.5283313	.2892857	.182383	0
991.15	0	.5279069	.2894459	.1826472	0
990.15	0	.5274859	.2896035	.1829106	0
989.15	0	.5270683	.2897585	.1831732	0
988.15	0	.5266541	.2899109	.183435	0
987.15	0	.5262433	.2900606	.1836961	0
986.15	0	.5258358	.2902078	.1839564	0
985.15	0	.5254317	.2903524	.1842159	0
984.15	0	.525031	.2904943	.1844747	0
983.15	0	.5246337	.2906337	.1847326	0
982.15	0	.5242398	.2907704	.1849898	0
981.15	0	.5238492	.2909046	.1852462	0
980.15	0	.5234621	.2910361	.1855018	0
979.15	0	.5230783	.2911651	.1857566	0
978.15	0	.5226979	.2912914	.1860107	0
977.15	0	.5223209	.2914152	.1862639	0
976.15	0	.5219473	.2915364	.1865163	0
975.15	0	.5215771	.291655	.186768	0
974.15	0	.5212102	.291771	.1870188	0
973.15	0	.5208468	.2918844	.1872689	0
972.15	0	.5204867	.2919952	.1875181	0
971.15	0	.52013	.2921035	.1877665	0
970.15	0	.5197767	.2922092	.1880141	0
969.15	0	.5194268	.2923123	.1882609	0
968.15	0	.5190802	.2924129	.1885069	0
967.15	0	.5187371	.2925109	.1887521	0
966.15	0	.5183973	.2926063	.1889964	0
965.15	0	.5180609	.2926992	.18924	0
964.15	0	.5177278	.2927895	.1894826	0
963.15	0	.5173982	.2928774	.1897245	0
962.15	0	.5170718	.2929626	.1899655	0
961.15	0	.5167489	.2930454	.1902057	0
960.15	0	.5164293	.2931256	.1904451	0
959.15	0	.5161131	.2932033	.1906836	0
958.15	0	.5158003	.2932785	.1909212	0
957.15	0	.5154908	.2933512	.191158	0
956.15	0	.5151846	.2934214	.191394	0
955.15	0	.5148818	.2934891	.1916291	0
954.15	0	.5145824	.2935543	.1918633	0
953.15	0	.5142862	.2936171	.1920967	0
952.15	0	.5139935	.2936774	.1923292	0
951.15	0	.513704	.2937352	.1925608	0
950.15	0	.5134179	.2937906	.1927915	0
949.15	0	.5131351	.2938436	.1930214	0
948.15	0	.5128556	.2938941	.1932503	0
947.15	0	.5125794	.2939422	.1934784	0
946.15	0	.5123065	.2939879	.1937056	0
945.15	0	.5120369	.2940313	.1939319	0
944.15	0	.5117706	.2940722	.1941572	0
943.15	0	.5115075	.2941108	.1943817	0
942.15	0	.5112478	.294147	.1946052	0
941.15	0	.5109913	.2941809	.1948279	0
940.15	0	.510738	.2942124	.1950496	0
939.15	0	.510488	.2942417	.1952703	0
938.15	0	.5102412	.2942686	.1954902	0
937.15	0	.5099977	.2942933	.195709	0
936.15	0	.5097574	.2943156	.195927	0
935.15	0	.5095203	.2943358	.196144	0
934.15	0	.5092864	.2943536	.19636	0
933.15	0	.5090556	.2943693	.1965751	0
932.15	0	.5088281	.2943828	.1967891	0
931.15	0	.5086037	.294394	.1970023	0
930.15	0	.5083825	.2944032	.1972144	0
929.15	0	.5081644	.2944101	.1974255	0
928.15	0	.5079494	.294415	.1976357	0
927.15	0	.5077375	.2944177	.1978448	0
926.15	0	.5075287	.2944183	.1980529	0
925.15	0	.507323	.2944169	.19826	0
924.15	0	.5071204	.2944135	.1984661	0
923.15	0	.5069208	.294408	.1986712	0
922.15	0	.5067242	.2944006	.1988752	0
921.15	0	.5065307	.2943911	.1990782	0
920.15	0	.5063401	.2943798	.1992801	0
919.15	0	.5061525	.2943665	.199481	0
918.15	0	.5059679	.2943513	.1996808	0
917.15	0	.5057862	.2943343	.1998795	0
916.15	0	.5056075	.2943155	.2000771	0
915.15	0	.5054316	.2942948	.2002736	0
914.15	0	.5052586	.2942724	.2004691	0
913.15	0	.5050884	.2942482	.2006634	0
912.15	0	.5049211	.2942223	.2008566	0
911.15	0	.5047566	.2941948	.2010486	0
910.15	0	.5045948	.2941656	.2012396	0
909.15	0	.5044359	.2941348	.2014293	0
908.15	0	.5042796	.2941025	.201618	0
907.15	0	.504126	.2940686	.2018054	0
906.15	0	.5039751	.2940332	.2019917	0
905.15	0	.5038269	.2939963	.2021768	0
904.15	0	.5036812	.2939581	.2023607	0
903.15	0	.5035382	.2939185	.2025434	0
902.15	0	.5033977	.2938775	.2027248	0
901.15	0	.5032597	.2938353	.2029051	0
900.15	0	.5031242	.2937918	.203084	0
899.15	0	.5029911	.2937471	.2032618	0
898.15	0	.5028605	.2937013	.2034382	0
897.15	0	.5027322	.2936544	.2036134	0
896.15	0	.5026063	.2936064	.2037873	0
895.15	0	.5024827	.2935574	.2039599	0
894.15	0	.5023613	.2935075	.2041312	0
893.15	0	.5022421	.2934567	.2043011	0
892.15	0	.5021252	.2934051	.2044697	0
891.15	0	.5020104	.2933527	.204637	0
890.15	0	.5018976	.2932996	.2048028	0
889.15	0	.5017869	.2932458	.2049673	0
888.15	0	.5016782	.2931914	.2051304	0
887.15	0	.5015715	.2931365	.2052921	0
886.15	0	.5014666	.2930811	.2054523	0
885.15	0	.5013636	.2930254	.2056111	0
884.15	0	.5012624	.2929693	.2057684	0
883.15	0	.5011629	.2929129	.2059242	0
882.15	0	.5010651	.2928564	.2060785	0
881.15	0	.500969	.2927997	.2062314	0
880.15	0	.5008744	.292743	.2063826	0
879.15	0	.5007813	.2926864	.2065324	0
878.15	0	.5006896	.2926299	.2066805	0
877.15	0	.5005994	.2925736	.2068271	0
876.15	0	.5005104	.2925176	.206972	0
875.15	0	.5004227	.292462	.2071153	0
874.15	0	.5003362	.2924069	.207257	0
873.15	0	.5002507	.2923523	.207397	0
872.15	0	.5001663	.2922984	.2075352	0
871.15	0	.5000829	.2922453	.2076718	0
870.15	0	.5000003	.2921931	.2078066	0
869.15	0	.4999185	.2921419	.2079396	0
868.15	0	.4998375	.2920917	.2080708	0
867.15	0	.499757	.2920428	.2082002	0
866.15	0	.4996771	.2919951	.2083278	0
865.15	0	.4995976	.291949	.2084535	0
864.15	0	.4995185	.2919043	.2085772	0
863.15	0	.4994396	.2918614	.208699	0
862.15	0	.4993608	.2918203	.2088189	0
861.15	0	.4992821	.2917812	.2089367	0
860.15	0	.4992033	.2917441	.2090525	0
859.15	0	.4991244	.2917094	.2091663	0
858.15	0	.4990451	.291677	.2092779	0
857.15	0	.4989655	.2916472	.2093874	0
856.15	0	.4988853	.2916201	.2094947	0
855.15	0	.4988044	.2915959	.2095997	0
854.15	0	.4987227	.2915748	.2097025	0
853.15	0	.4986401	.291557	.209803	0
852.15	0	.4985563	.2915426	.2099011	0
851.15	0	.4984714	.2915318	.2099968	0
850.15	0	.498385	.2915249	.2100901	0
849.15	0	.4982971	.2915221	.2101808	0
848.15	0	.4982075	.2915236	.210269	0
847.15	0	.4981159	.2915296	.2103545	0
846.15	0	.4980223	.2915404	.2104374	0
845.15	0	.4979263	.2915562	.2105175	0
844.15	0	.4978279	.2915774	.2105947	0
843.15	0	.4977267	.2916042	.2106691	0
842.15	0	.4976226	.2916369	.2107405	0
841.15	0	.4975153	.2916758	.2108089	0
840.15	0	.4974046	.2917212	.2108742	0
839.15	0	.4972902	.2917736	.2109362	0
838.15	0	.4971718	.2918333	.2109949	0
837.15	0	.4970491	.2919007	.2110502	0
836.15	0	.4969219	.2919762	.2111019	0
835.15	0	.4967897	.2920603	.21115	0
834.15	0	.4966522	.2921535	.2111944	0
833.15	0	.496509	.2922562	.2112348	0
832.15	0	.4963597	.292369	.2112712	0
831.15	0	.496204	.2924926	.2113034	0
830.15	0	.4960412	.2926276	.2113313	0
829.15	0	.4958708	.2927746	.2113546	0
828.15	0	.4956924	.2929344	.2113732	0
827.15	0	.4955054	.2931079	.2113868	0
826.15	0	.4953089	.2932959	.2113952	0
825.15	0	.4951024	.2934994	.2113982	0
824.15	0	.494885	.2937194	.2113955	0
823.15	0	.4946559	.2939573	.2113868	0
822.15	0	.4944141	.2942142	.2113718	0
821.15	0	.4941584	.2944916	.21135	0
820.15	0	.4938878	.2947912	.211321	0
819.15	0	.4936008	.2951148	.2112844	0
818.15	0	.4927735	.2961411	.2110854	0
817.15	0	.49201	.2970907	.2108994	0
816.15	0	.4913218	.2979482	.21073	0
815.15	0	.4906992	.2987259	.2105749	0
814.15	0	.4901344	.2994337	.210432	0
813.15	0	.4896207	.3000795	.2102998	0
812.15	0	.4891529	.3006701	.210177	0
811.15	0	.4887262	.3012113	.2100625	0
810.15	0	.4883367	.301708	.2099553	0
809.15	0	.4879809	.3021643	.2098548	0
808.15	0	.487656	.3025838	.2097602	0
807.15	0	.4873591	.3029699	.209671	0
806.15	0	.4870881	.3033254	.2095866	0
805.15	0	.4868408	.3036526	.2095066	0
804.15	0	.4866153	.303954	.2094307	0
803.15	0	.4864101	.3042315	.2093584	0
802.15	0	.4862236	.3044869	.2092895	0
801.15	0	.4860545	.3047218	.2092238	0
800.15	0	.4859014	.3049377	.2091609	0
799.15	0	.4857634	.305136	.2091006	0
798.15	0	.4856393	.3053179	.2090428	0
797.15	0	.4855282	.3054846	.2089873	0
796.15	0	.4854292	.305637	.2089338	0
795.15	0	.4853416	.3057761	.2088824	0
794.15	0	.4852645	.3059028	.2088327	0
793.15	0	.4851973	.3060179	.2087847	0
792.15	0	.4851394	.3061222	.2087384	0
791.15	0	.4850902	.3062163	.2086935	0
790.15	0	.4850491	.3063009	.20865	0
789.15	0	.4850157	.3063766	.2086077	0
788.15	0	.4849893	.306444	.2085667	0
787.15	0	.4849697	.3065035	.2085268	0
786.15	0	.4849563	.3065557	.208488	0
785.15	0	.4849488	.306601	.2084502	0
784.15	0	.4849468	.3066399	.2084133	0
783.15	0	.48495	.3066727	.2083773	0
782.15	0	.4849581	.3066998	.2083421	0
781.15	0	.4849707	.3067216	.2083077	0
780.15	0	.4849876	.3067383	.2082741	0
779.15	0	.4850085	.3067504	.2082411	0
778.15	0	.4850331	.3067581	.2082088	0
777.15	0	.4850613	.3067616	.2081771	0
776.15	0	.4850928	.3067613	.2081459	0
775.15	0	.4851273	.3067574	.2081153	0
774.15	0	.4851647	.30675	.2080852	0
773.15	0	.4852049	.3067395	.2080556	0
772.15	0	.4852475	.306726	.2080265	0
771.15	0	.4852925	.3067097	.2079978	0
770.15	0	.4853397	.3066908	.2079694	0
769.15	0	.485389	.3066695	.2079415	0
768.15	0	.4854402	.3066459	.2079139	0
767.15	0	.4854931	.3066203	.2078867	0
766.15	0	.4855508	.3065902	.207859	0
765.15	0	.4856066	.3065609	.2078324	0
764.15	0	.4856639	.30653	.2078061	0
763.15	0	.4857225	.3064974	.2077801	0
762.15	0	.4857823	.3064634	.2077543	0
761.15	0	.4858433	.306428	.2077287	0
760.15	0	.4859053	.3063914	.2077034	0
759.15	0	.4859682	.3063536	.2076782	0
758.15	0	.4860319	.3063148	.2076533	0
757.15	0	.4860965	.306275	.2076285	0
756.15	0	.4861617	.3062344	.2076039	0
755.15	0	.4862276	.306193	.2075794	0
754.15	0	.486294	.3061509	.2075551	0
753.15	0	.486361	.3061081	.2075309	0
752.15	0	.4864284	.3060647	.2075069	0
751.15	0	.4864961	.3060209	.207483	0
750.15	0	.4865642	.3059766	.2074592	0
749.15	0	.4866326	.3059319	.2074354	0
748.15	0	.4867012	.3058869	.2074118	0
747.15	0	.48677	.3058417	.2073883	0
746.15	0	.486839	.3057962	.2073648	0
745.15	0	.486908	.3057506	.2073415	0
744.15	0	.4869771	.3057048	.2073182	0
743.15	0	.4870462	.3056589	.2072949	0
742.15	0	.4871153	.305613	.2072717	0
741.15	0	.4871843	.3055671	.2072486	0
740.15	0	.4872533	.3055212	.2072255	0
739.15	0	.4873221	.3054755	.2072024	0
738.15	0	.4873908	.3054298	.2071794	0
737.15	0	.4874594	.3053842	.2071564	0
736.15	0	.4875277	.3053388	.2071334	0
735.15	0	.4875959	.3052936	.2071105	0
734.15	0	.4876638	.3052487	.2070876	0
733.15	0	.4877314	.3052039	.2070647	0
732.15	0	.4877988	.3051595	.2070418	0
731.15	0	.4878658	.3051153	.2070189	0
730.15	0	.4879326	.3050714	.206996	0
729.15	0	.4879989	.3050279	.2069731	0
728.15	0	.488065	.3049848	.2069502	0
727.15	0	.4881307	.304942	.2069274	0
726.15	0	.488196	.3048996	.2069045	0
725.15	0	.4882609	.3048576	.2068815	0
724.15	0	.4883254	.304816	.2068586	0
723.15	0	.4883894	.3047749	.2068357	0
722.15	0	.4884531	.3047342	.2068128	0
721.15	0	.4885163	.3046939	.2067898	0
720.15	0	.488579	.3046542	.2067668	0
719.15	0	.4886413	.3046149	.2067438	0
718.15	0	.4887031	.3045761	.2067208	0
717.15	0	.4887645	.3045378	.2066977	0
716.15	0	.4888253	.3045001	.2066746	0
715.15	0	.4888857	.3044628	.2066515	0
714.15	0	.4889455	.3044261	.2066284	0
713.15	0	.4890049	.3043899	.2066052	0
712.15	0	.4890637	.3043543	.206582	0
711.15	0	.4891221	.3043192	.2065588	0
710.15	0	.4891799	.3042846	.2065355	0
709.15	0	.4892372	.3042507	.2065122	0
708.15	0	.4892939	.3042172	.2064888	0
707.15	0	.4893502	.3041844	.2064654	0
706.15	0	.4894059	.3041521	.206442	0
705.15	0	.489461	.3041204	.2064185	0
704.15	0	.4895157	.3040893	.206395	0
703.15	0	.4895698	.3040588	.2063715	0
702.15	0	.4896233	.3040288	.2063479	0
701.15	0	.4896763	.3039995	.2063242	0
700.15	0	.4897288	.3039707	.2063006	0
699.15	0	.4897806	.3039425	.2062768	0
698.15	0	.489832	.3039149	.2062531	0
697.15	0	.4898828	.3038879	.2062292	0
696.15	0	.4899331	.3038615	.2062054	0
695.15	0	.4899828	.3038357	.2061815	0
694.15	0	.490032	.3038105	.2061575	0
693.15	0	.4900806	.3037859	.2061335	0
692.15	0	.4901287	.3037619	.2061094	0
691.15	0	.4901762	.3037384	.2060854	0
690.15	0	.4902232	.3037156	.2060612	0
689.15	0	.4902696	.3036934	.206037	0
688.15	0	.4903155	.3036717	.2060128	0
687.15	0	.4903609	.3036507	.2059884	0
686.15	0	.4904057	.3036302	.2059641	0
685.15	0	.4904499	.3036104	.2059397	0
684.15	0	.4904937	.3035911	.2059153	0
683.15	0	.4905369	.3035724	.2058908	0
682.15	0	.4905795	.3035543	.2058662	0
681.15	0	.4906216	.3035367	.2058416	0
680.15	0	.4906632	.3035198	.205817	0
679.15	0	.4907043	.3035034	.2057923	0
678.15	0	.4907448	.3034876	.2057676	0
677.15	0	.4907849	.3034724	.2057428	0
676.15	0	.4908243	.3034577	.2057179	0
675.15	0	.4908633	.3034437	.205693	0
674.15	0	.4909018	.3034301	.2056681	0
673.15	0	.4909397	.3034172	.2056431	0
672.15	0	.4909771	.3034048	.2056181	0
671.15	0	.491014	.303393	.205593	0
670.15	0	.4910504	.3033817	.2055679	0
669.15	0	.4910863	.303371	.2055427	0
668.15	0	.4911217	.3033608	.2055174	0
667.15	0	.4911566	.3033512	.2054922	0
666.15	0	.491191	.3033421	.2054668	0
665.15	0	.4912249	.3033336	.2054415	0
664.15	0	.4912584	.3033256	.205416	0
663.15	0	.4912913	.3033181	.2053906	0
662.15	0	.4913237	.3033112	.205365	0
661.15	0	.4913557	.3033048	.2053395	0
660.15	0	.4913872	.3032989	.2053139	0
659.15	0	.4914182	.3032936	.2052882	0
658.15	0	.4914487	.3032887	.2052625	0
657.15	0	.4914788	.3032844	.2052368	0
656.15	0	.4915084	.3032806	.205211	0
655.15	0	.4915376	.3032773	.2051852	0
654.15	0	.4915662	.3032745	.2051593	0
653.15	0	.4915945	.3032722	.2051334	0
652.15	0	.4916222	.3032704	.2051074	0
651.15	0	.4916495	.3032691	.2050814	0
650.15	0	.4916764	.3032682	.2050553	0
649.15	0	.4917029	.3032679	.2050292	0
648.15	0	.4917288	.3032681	.2050031	0
647.15	0	.4917544	.3032687	.2049769	0
646.15	0	.4917795	.3032698	.2049507	0
645.15	0	.4918042	.3032713	.2049245	0
644.15	0	.4918285	.3032734	.2048982	0
643.15	0	.4918523	.3032759	.2048718	0
642.15	0	.4918757	.3032789	.2048455	0
641.15	0	.4918987	.3032823	.204819	0
640.15	0	.4919213	.3032862	.2047926	0
639.15	0	.4919434	.3032905	.2047661	0
638.15	0	.4919652	.3032953	.2047396	0
637.15	0	.4919865	.3033005	.204713	0
636.15	0	.4920075	.3033061	.2046864	0
635.15	0	.492028	.3033122	.2046598	0
634.15	0	.4920482	.3033187	.2046331	0
633.15	0	.4920679	.3033257	.2046064	0
632.15	0	.4920873	.303333	.2045797	0
631.15	0	.4921063	.3033408	.2045529	0
630.15	0	.4921249	.303349	.2045261	0
629.15	0	.4921431	.3033577	.2044992	0
628.15	0	.492161	.3033667	.2044724	0
627.15	0	.4921784	.3033761	.2044455	0
626.15	0	.4921955	.303386	.2044185	0
625.15	0	.4922123	.3033962	.2043916	0
624.15	0	.4922286	.3034068	.2043646	0
623.15	0	.4922446	.3034178	.2043375	0
622.15	0	.4922603	.3034292	.2043105	0
621.15	0	.4922756	.303441	.2042834	0
620.15	0	.4922905	.3034532	.2042563	0
619.15	0	.4923051	.3034657	.2042292	0
618.15	0	.4923193	.3034787	.204202	0
617.15	0	.4923332	.3034919	.2041748	0
616.15	0	.4923468	.3035056	.2041476	0
615.15	0	.49236	.3035196	.2041204	0
614.15	0	.4923729	.303534	.2040931	0
613.15	0	.4923855	.3035487	.2040658	0
612.15	0	.4923977	.3035638	.2040385	0
611.15	0	.4924096	.3035792	.2040112	0
610.15	0	.4924212	.303595	.2039839	0
609.15	0	.4924324	.3036111	.2039565	0
608.15	0	.4924434	.3036276	.2039291	0
607.15	0	.492454	.3036444	.2039017	0
606.15	0	.4924643	.3036615	.2038743	0
605.15	0	.4924743	.3036789	.2038468	0
604.15	0	.492484	.3036967	.2038193	0
603.15	0	.4924934	.3037148	.2037918	0
602.15	0	.4925025	.3037332	.2037643	0
601.15	0	.4925113	.3037519	.2037368	0
600.15	0	.4925198	.3037709	.2037093	0
599.15	0	.492528	.3037903	.2036817	0
598.15	0	.4925359	.3038099	.2036542	0
597.15	0	.4925435	.3038299	.2036266	0
596.15	0	.4925509	.3038501	.203599	0
595.15	0	.492558	.3038706	.2035714	0
594.15	0	.4925648	.3038915	.2035438	0
593.15	0	.4925713	.3039126	.2035162	0
592.15	0	.4925775	.303934	.2034885	0
591.15	0	.4925835	.3039557	.2034609	0
590.15	0	.4925892	.3039776	.2034332	0
589.15	0	.4925946	.3039998	.2034056	0
588.15	0	.4925998	.3040223	.2033779	0
587.15	0	.4926047	.3040451	.2033502	0
586.15	0	.4926093	.3040681	.2033225	0
585.15	0	.4926137	.3040915	.2032948	0
584.15	0	.4926179	.304115	.2032671	0
583.15	0	.4926218	.3041388	.2032394	0
582.15	0	.4926254	.3041629	.2032117	0
581.15	0	.4926288	.3041872	.203184	0
580.15	0	.492632	.3042118	.2031563	0
579.15	0	.4926349	.3042366	.2031286	0
578.15	0	.4926375	.3042616	.2031008	0
577.15	0	.49264	.3042869	.2030731	0
576.15	0	.4926422	.3043124	.2030454	0
575.15	0	.4926442	.3043382	.2030177	0
574.15	0	.4926459	.3043642	.2029899	0
573.15	0	.4926474	.3043904	.2029622	0
572.15	0	.4926487	.3044168	.2029345	0
571.15	0	.4926498	.3044434	.2029068	0
570.15	0	.4926506	.3044703	.2028791	0
569.15	0	.4926513	.3044974	.2028514	0
568.15	0	.4926517	.3045247	.2028237	0
567.15	0	.4926519	.3045522	.202796	0
566.15	0	.4926519	.3045799	.2027683	0
565.15	0	.4926516	.3046078	.2027406	0
564.15	0	.4926512	.3046359	.2027129	0
563.15	0	.4926506	.3046642	.2026852	0
562.15	0	.4926497	.3046927	.2026576	0
561.15	0	.4926487	.3047214	.2026299	0
560.15	0	.4926475	.3047503	.2026023	0
559.15	0	.492646	.3047793	.2025746	0
558.15	0	.4926444	.3048086	.202547	0
557.15	0	.4926426	.304838	.2025194	0
556.15	0	.4926405	.3048676	.2024918	0
555.15	0	.4926384	.3048974	.2024642	0
554.15	0	.492636	.3049274	.2024367	0
553.15	0	.4926334	.3049575	.2024091	0
552.15	0	.4926307	.3049878	.2023816	0
551.15	0	.4926277	.3050182	.2023541	0
550.15	0	.4926246	.3050489	.2023265	0
549.15	0	.4926213	.3050796	.2022991	0
548.15	0	.4926179	.3051106	.2022716	0
547.15	0	.4926142	.3051417	.2022441	0
546.15	0	.4926104	.3051729	.2022167	0
545.15	0	.4926065	.3052043	.2021893	0
544.15	0	.4926023	.3052358	.2021619	0
543.15	0	.492598	.3052675	.2021345	0
542.15	0	.4925935	.3052993	.2021071	0
541.15	0	.4925889	.3053313	.2020798	0
540.15	0	.4925841	.3053634	.2020525	0
539.15	0	.4925792	.3053956	.2020252	0
538.15	0	.4925741	.305428	.2019979	0
537.15	0	.4925688	.3054605	.2019707	0
536.15	0	.4925634	.3054931	.2019435	0
535.15	0	.4925579	.3055258	.2019163	0
534.15	0	.4925521	.3055587	.2018892	0
533.15	0	.4925463	.3055917	.201862	0
532.15	0	.4925403	.3056248	.2018349	0
531.15	0	.4925342	.305658	.2018079	0
530.15	0	.4925279	.3056913	.2017808	0
529.15	0	.4925214	.3057248	.2017538	0
528.15	0	.4925149	.3057583	.2017268	0
527.15	0	.4925082	.305792	.2016998	0
526.15	0	.4925013	.3058257	.2016729	0
525.15	0	.4924944	.3058596	.201646	0
524.15	0	.4924873	.3058936	.2016192	0
523.15	0	.4924801	.3059276	.2015924	0
522.15	0	.4924727	.3059618	.2015656	0
521.15	0	.4924652	.305996	.2015388	0
520.15	0	.4924576	.3060303	.2015121	0
519.15	0	.4924499	.3060647	.2014854	0
518.15	0	.492442	.3060992	.2014588	0
517.15	0	.492434	.3061338	.2014321	0
516.15	0	.4924259	.3061685	.2014056	0
515.15	0	.4924177	.3062032	.201379	0
514.15	0	.4924094	.3062381	.2013525	0
513.15	0	.492401	.306273	.2013261	0
512.15	0	.4923924	.3063079	.2012997	0
511.15	0	.4923837	.306343	.2012733	0
510.15	0	.492375	.3063781	.201247	0
509.15	0	.4923661	.3064132	.2012207	0
508.15	0	.4923572	.3064485	.2011943	0
507.15	0	.4923482	.3064838	.2011681	0
506.15	0	.492339	.3065191	.2011419	0
505.15	0	.4923297	.3065545	.2011158	0
504.15	0	.4923203	.30659	.2010897	0
503.15	0	.4923108	.3066255	.2010637	0
502.15	0	.4923012	.3066611	.2010377	0
501.15	0	.4922915	.3066967	.2010118	0
500.15	0	.4922817	.3067324	.2009859	0
499.15	0	.4922718	.3067681	.2009601	0
498.15	0	.4922618	.3068039	.2009343	0
497.15	0	.4922517	.3068397	.2009086	0
496.15	0	.4922416	.3068755	.2008829	0
495.15	0	.4922313	.3069114	.2008573	0
494.15	0	.492221	.3069474	.2008317	0
493.15	0	.4922106	.3069833	.2008061	0
492.15	0	.4922	.3070193	.2007807	0
491.15	0	.4921894	.3070553	.2007552	0
490.15	0	.4921788	.3070914	.2007299	0
489.15	0	.492168	.3071274	.2007045	0
488.15	0	.4921572	.3071635	.2006793	0
487.15	0	.4921463	.3071996	.2006541	0
486.15	0	.4921353	.3072358	.2006289	0
485.15	0	.4921242	.3072719	.2006038	0
484.15	0	.4921131	.3073081	.2005788	0
483.15	0	.4921019	.3073443	.2005538	0
482.15	0	.4920906	.3073805	.2005289	0
481.15	0	.4920792	.3074167	.200504	0
480.15	0	.4920678	.307453	.2004793	0
479.15	0	.4920563	.3074892	.2004545	0
478.15	0	.4920447	.3075254	.2004298	0
477.15	0	.4920331	.3075617	.2004052	0
476.15	0	.4920214	.3075979	.2003807	0
475.15	0	.4920096	.3076342	.2003562	0
474.15	0	.4919978	.3076705	.2003317	0
473.15	0	.4919859	.3077067	.2003074	0
472.15	0	.491974	.307743	.2002831	0
471.15	0	.491962	.3077792	.2002588	0
470.15	0	.4919499	.3078154	.2002346	0
469.15	0	.4919378	.3078517	.2002105	0
468.15	0	.4919256	.3078879	.2001865	0
467.15	0	.4919134	.3079241	.2001625	0
466.15	0	.4919011	.3079603	.2001386	0
465.15	0	.4918888	.3079964	.2001148	0
464.15	0	.4918764	.3080326	.200091	0
463.15	0	.491864	.3080687	.2000673	0
462.15	0	.4918515	.3081049	.2000437	0
461.15	0	.4918389	.308141	.2000201	0
460.15	0	.4918263	.308177	.1999966	0
459.15	0	.4918137	.3082131	.1999732	0
458.15	0	.491801	.3082491	.1999499	0
457.15	0	.4917883	.3082851	.1999266	0
456.15	0	.4917755	.3083211	.1999034	0
455.15	0	.4917627	.308357	.1998802	0
454.15	0	.4917499	.3083929	.1998572	0
453.15	0	.491737	.3084288	.1998342	0
452.15	0	.4917241	.3084647	.1998113	0
451.15	0	.4917111	.3085005	.1997885	0
450.15	0	.4916981	.3085362	.1997657	0
449.15	0	.4916851	.3085719	.199743	0
448.15	0	.491672	.3086075	.1997205	0
447.15	0	.4916589	.3086431	.1996979	0
446.15	0	.4916459	.3086786	.1996755	0
445.15	0	.4916327	.3087141	.1996532	0
444.15	0	.4916196	.3087495	.1996309	0
443.15	0	.4916064	.3087848	.1996087	0
442.15	0	.4915933	.3088201	.1995867	0
441.15	0	.4915801	.3088553	.1995647	0
440.15	0	.4915669	.3088904	.1995427	0
439.15	0	.4915537	.3089254	.1995209	0
438.15	0	.4915405	.3089603	.1994992	0
437.15	0	.4915273	.3089951	.1994776	0
436.15	0	.4915141	.3090298	.199456	0
435.15	0	.491501	.3090644	.1994346	0
434.15	0	.4914878	.3090989	.1994133	0
433.15	0	.4914746	.3091333	.199392	0
432.15	0	.4914615	.3091676	.1993709	0
431.15	0	.4914484	.3092018	.1993498	0
430.15	0	.4914352	.3092359	.1993289	0
429.15	0	.4914221	.3092698	.1993081	0
428.15	0	.4914091	.3093036	.1992873	0
427.15	0	.491396	.3093373	.1992667	0
426.15	0	.491383	.3093708	.1992462	0
425.15	0	.49137	.3094042	.1992258	0
424.15	0	.491357	.3094375	.1992055	0
423.15	0	.4913441	.3094707	.1991853	0
422.15	0	.4913311	.3095037	.1991652	0
421.15	0	.4913182	.3095366	.1991452	0
