T	 BPW(LIQUID)	BPW(BCC_A2)	BPW(FCC_A1)	BPW(LAVES_PHASE_C14)	BPW(NI3TI)
1473.15	.2471101	.7528899	0	0	0
1472.15	.2441412	.7558588	0	0	0
1471.15	.2411941	.7588059	0	0	0
1470.15	.2382686	.7617314	0	0	0
1469.15	.2353645	.7646355	0	0	0
1468.15	.2324816	.7675184	0	0	0
1467.15	.2296198	.7703802	0	0	0
1466.15	.2267788	.7732212	0	0	0
1465.15	.2239586	.7760414	0	0	0
1464.15	.2211589	.7788411	0	0	0
1463.15	.2183796	.7816204	0	0	0
1462.15	.2156204	.7843796	0	0	0
1461.15	.2128813	.7871187	0	0	0
1460.15	.210162	.789838	0	0	0
1459.15	.2074624	.7925376	0	0	0
1458.15	.2047824	.7952176	0	0	0
1457.15	.2021217	.7978783	0	0	0
1456.15	.1994802	.8005198	0	0	0
1455.15	.1968577	.8031423	0	0	0
1454.15	.1942541	.8057459	0	0	0
1453.15	.1916693	.8083307	0	0	0
1452.15	.189103	.810897	0	0	0
1451.15	.1865551	.8134449	0	0	0
1450.15	.1840255	.8159745	0	0	0
1449.15	.181514	.818486	0	0	0
1448.15	.1790204	.8209796	0	0	0
1447.15	.1765446	.8234554	0	0	0
1446.15	.1740865	.8259135	0	0	0
1445.15	.1716459	.8283541	0	0	0
1444.15	.1692226	.8307774	0	0	0
1443.15	.1668166	.8331834	0	0	0
1442.15	.1644276	.8355724	0	0	0
1441.15	.1620556	.8379444	0	0	0
1440.15	.1597003	.8402997	0	0	0
1439.15	.1573617	.8426383	0	0	0
1438.15	.1550396	.8449604	0	0	0
1437.15	.1527339	.8472661	0	0	0
1436.15	.1504444	.8495556	0	0	0
1435.15	.148171	.851829	0	0	0
1434.15	.1459136	.8540864	0	0	0
1433.15	.1436721	.856328	0	0	0
1432.15	.1414462	.8585538	0	0	0
1431.15	.1392359	.8607641	0	0	0
1430.15	.137041	.862959	0	0	0
1429.15	.1348614	.8651386	0	0	0
1428.15	.1326971	.8673029	0	0	0
1427.15	.1305478	.8694522	0	0	0
1426.15	.1284134	.8715866	0	0	0
1425.15	.1262939	.8737061	0	0	0
1424.15	.124189	.875811	0	0	0
1423.15	.1220987	.8779013	0	0	0
1422.15	.1200229	.8799771	0	0	0
1421.15	.1179614	.8820387	0	0	0
1420.15	.115914	.884086	0	0	0
1419.15	.1138808	.8861192	0	0	0
1418.15	.1118616	.8881384	0	0	0
1417.15	.1098563	.8901437	0	0	0
1416.15	.1078646	.8921354	0	0	0
1415.15	.1058867	.8941133	0	0	0
1414.15	.1039222	.8960778	0	0	0
1413.15	.1019712	.8980288	0	0	0
1412.15	.1000335	.8999665	0	0	0
1411.15	.09810894	.9018911	0	0	0
1410.15	.09619749	.9038025	0	0	0
1409.15	.09429904	.905701	0	0	0
1408.15	.09241345	.9075865	0	0	0
1407.15	.09054065	.9094594	0	0	0
1406.15	.08868051	.9113195	0	0	0
1405.15	.08683293	.9131671	0	0	0
1404.15	.08499782	.9150022	0	0	0
1403.15	.08317507	.9168249	0	0	0
1402.15	.08136458	.9186354	0	0	0
1401.15	.07956626	.9204337	0	0	0
1400.15	.07778001	.92222	0	0	0
1399.15	.07600572	.9239943	0	0	0
1398.15	.07424331	.9257567	0	0	0
1397.15	.07249267	.9275073	0	0	0
1396.15	.07075372	.9292463	0	0	0
1395.15	.06902635	.9309736	0	0	0
1394.15	.06731049	.9326895	0	0	0
1393.15	.06560603	.934394	0	0	0
1392.15	.06391288	.9360871	0	0	0
1391.15	.06223096	.937769	0	0	0
1390.15	.06056018	.9394398	0	0	0
1389.15	.05890044	.9410996	0	0	0
1388.15	.05725166	.9427483	0	0	0
1387.15	.05561376	.9443862	0	0	0
1386.15	.05398665	.9460133	0	0	0
1385.15	.05237024	.9476298	0	0	0
1384.15	.05076444	.9492356	0	0	0
1383.15	.04916919	.9508308	0	0	0
1382.15	.04758439	.9524156	0	0	0
1381.15	.04600995	.9539901	0	0	0
1380.15	.04444581	.9555542	0	0	0
1379.15	.04289189	.9571081	0	0	0
1378.15	.04134809	.9586519	0	0	0
1377.15	.03981435	.9601857	0	0	0
1376.15	.03829059	.9617094	0	0	0
1375.15	.03677672	.9632233	0	0	0
1374.15	.03527267	.9647273	0	0	0
1373.15	.03377838	.9662216	0	0	0
1372.15	.03229375	.9677062	0	0	0
1371.15	.03081873	.9691813	0	0	0
1370.15	.02935323	.9706468	0	0	0
1369.15	.02789719	.9721028	0	0	0
1368.15	.02645052	.9735495	0	0	0
1367.15	.02501317	.9749868	0	0	0
1366.15	.02358506	.976415	0	0	0
1365.15	.02216611	.9778339	0	0	0
1364.15	.02075627	.9792437	0	0	0
1363.316	.01958715	.9804129	0	0	0
1363.316	.01958715	.9804129	0	0	0
1363.316	.01958715	.9804129	0	0	0
1363.15	.0192555	.9805789	0	1.656501E-04	0
1362.15	.01726584	.9815726	0	.001161563	0
1361.15	.01529341	.9825541	0	.002152497	0
1360.15	.01333797	.9835235	0	.003138524	0
1359.15	.01139926	.984481	0	.004119714	0
1358.15	.00947703	.9854268	0	.005096136	0
1357.15	.007571045	.9863611	0	.006067857	0
1356.15	.005681065	.987284	0	.007034944	0
1355.15	.003806857	.9881957	0	.007997461	0
1354.15	.001948191	.9890963	0	.008955473	0
1353.15	1.048439E-04	.9899861	0	.009909042	0
1353.093	0	.9900366	0	.009963382	0
1353.093	0	.9900366	0	.009963382	0
1352.15	0	.989363	0	.01063696	0
1351.15	0	.9886502	0	.01134982	0
1350.15	0	.9879389	0	.0120611	0
1349.15	0	.9872292	0	.01277081	0
1348.15	0	.986521	0	.01347895	0
1347.15	0	.9858145	0	.01418554	0
1346.15	0	.9851094	0	.01489057	0
1345.15	0	.984406	0	.01559405	0
1344.15	0	.983704	0	.01629598	0
1343.15	0	.9830036	0	.01699637	0
1342.15	0	.9823048	0	.01769523	0
1341.15	0	.9816074	0	.01839256	0
1340.15	0	.9809116	0	.01908836	0
1339.15	0	.9802174	0	.01978264	0
1338.15	0	.9795246	0	.0204754	0
1337.15	0	.9788334	0	.02116665	0
1336.15	0	.9781436	0	.0218564	0
1335.15	0	.9774554	0	.02254464	0
1334.15	0	.9767686	0	.02323139	0
1333.15	0	.9760834	0	.02391664	0
1332.15	0	.9753996	0	.0246004	0
1331.15	0	.9747173	0	.02528269	0
1330.15	0	.9740365	0	.02596349	0
1329.15	0	.9733572	0	.02664282	0
1328.15	0	.9726793	0	.02732068	0
1327.15	0	.9720029	0	.02799707	0
1326.15	0	.971328	0	.028672	0
1325.15	0	.9706545	0	.02934548	0
1324.15	0	.9699825	0	.03001751	0
1323.15	0	.9693119	0	.03068809	0
1322.15	0	.9686428	0	.03135723	0
1321.15	0	.9679751	0	.03202493	0
1320.15	0	.9673088	0	.03269119	0
1319.15	0	.966644	0	.03335603	0
1318.15	0	.9659806	0	.03401944	0
1317.15	0	.9653186	0	.03468143	0
1316.15	0	.964658	0	.03534201	0
1315.15	0	.9639988	0	.03600117	0
1314.15	0	.9633411	0	.03665893	0
1313.15	0	.9626847	0	.03731528	0
1312.15	0	.9620298	0	.03797024	0
1311.15	0	.9613762	0	.0386238	0
1310.15	0	.960724	0	.03927597	0
1309.15	0	.9600732	0	.03992675	0
1308.15	0	.9594238	0	.04057615	0
1307.15	0	.9587758	0	.04122418	0
1306.15	0	.9581292	0	.04187083	0
1305.15	0	.9574839	0	.04251611	0
1304.15	0	.95684	0	.04316002	0
1303.15	0	.9561974	0	.04380258	0
1302.15	0	.9555562	0	.04444377	0
1301.15	0	.9549164	0	.04508362	0
1300.15	0	.9542779	0	.04572211	0
1299.15	0	.9536407	0	.04635926	0
1298.15	0	.9530049	0	.04699507	0
1297.15	0	.9523705	0	.04762954	0
1296.15	0	.9517373	0	.04826268	0
1295.15	0	.9511055	0	.04889449	0
1294.15	0	.950475	0	.04952497	0
1293.15	0	.9498459	0	.05015414	0
1292.15	0	.949218	0	.05078198	0
1291.15	0	.9485915	0	.05140852	0
1290.15	0	.9479663	0	.05203374	0
1289.15	0	.9473423	0	.05265766	0
1288.15	0	.9467197	0	.05328027	0
1287.15	0	.9460984	0	.05390159	0
1286.15	0	.9454784	0	.05452161	0
1285.15	0	.9448597	0	.05514035	0
1284.15	0	.9442422	0	.05575779	0
1283.15	0	.943626	0	.05637396	0
1282.15	0	.9430112	0	.05698884	0
1281.15	0	.9423975	0	.05760245	0
1280.15	0	.9417852	0	.05821478	0
1279.15	0	.9411742	0	.05882585	0
1278.15	0	.9405643	0	.05943566	0
1277.15	0	.9399558	0	.0600442	0
1276.15	0	.9393485	0	.06065149	0
1275.15	0	.9387425	0	.06125752	0
1274.15	0	.9381377	0	.0618623	0
1273.15	0	.9375342	0	.06246584	0
1272.15	0	.9369319	0	.06306813	0
1271.15	0	.9363308	0	.06366919	0
1270.15	0	.935731	0	.06426901	0
1269.15	0	.9351324	0	.0648676	0
1268.15	0	.9345351	0	.06546495	0
1267.15	0	.9339389	0	.06606109	0
1266.15	0	.933344	0	.066656	0
1265.15	0	.9327503	0	.06724969	0
1264.15	0	.9321578	0	.06784217	0
1263.15	0	.9315666	0	.06843344	0
1262.15	0	.9309765	0	.0690235	0
1261.15	0	.9303876	0	.06961236	0
1260.15	0	.9298	0	.07020001	0
1259.15	0	.9292135	0	.07078647	0
1258.15	0	.9286283	0	.07137174	0
1257.15	0	.9280442	0	.07195581	0
1256.15	0	.9274613	0	.07253869	0
1255.15	0	.9268796	0	.07312039	0
1254.15	0	.9262991	0	.07370091	0
1253.15	0	.9257198	0	.07428026	0
1252.15	0	.9251416	0	.07485842	0
1251.15	0	.9245646	0	.07543542	0
1250.15	0	.9239888	0	.07601125	0
1249.15	0	.9234141	0	.07658591	0
1248.15	0	.9228406	0	.07715941	0
1247.15	0	.9222682	0	.07773176	0
1246.15	0	.9216971	0	.07830295	0
1245.15	0	.921127	0	.07887299	0
1244.15	0	.9205581	0	.07944188	0
1243.15	0	.9199904	0	.08000962	0
1242.15	0	.9194238	0	.08057622	0
1241.15	0	.9188583	0	.08114168	0
1240.15	0	.918294	0	.08170601	0
1239.15	0	.9177308	0	.0822692	0
1238.15	0	.9171687	0	.08283127	0
1237.15	0	.9166078	0	.0833922	0
1236.15	0	.916048	0	.08395201	0
1235.15	0	.9154893	0	.0845107	0
1234.15	0	.9149317	0	.08506828	0
1233.15	0	.9143753	0	.08562474	0
1232.15	0	.9138199	0	.08618008	0
1231.15	0	.9132657	0	.08673432	0
1230.15	0	.9127126	0	.08728745	0
1229.15	0	.9121605	0	.08783948	0
1228.15	0	.9116096	0	.08839041	0
1227.15	0	.9110598	0	.08894025	0
1226.15	0	.910511	0	.08948899	0
1225.15	0	.9099634	0	.09003663	0
1224.15	0	.9094168	0	.09058319	0
1223.15	0	.9088713	0	.09112867	0
1222.15	0	.9083269	0	.09167306	0
1221.15	0	.9077836	0	.09221637	0
1220.15	0	.9072414	0	.09275861	0
1219.15	0	.9067002	0	.09329977	0
1218.15	0	.9061601	0	.09383986	0
1217.15	0	.9056211	0	.09437888	0
1216.15	0	.9050832	0	.09491684	0
1215.15	0	.9045463	0	.09545373	0
1214.15	0	.9040104	0	.09598957	0
1213.15	0	.9034757	0	.09652434	0
1212.15	0	.9029419	0	.09705807	0
1211.15	0	.9024093	0	.09759074	0
1210.15	0	.9018776	0	.09812236	0
1209.15	0	.9013471	0	.09865294	0
1208.15	0	.9008175	0	.09918247	0
1207.15	0	.900289	0	.09971096	0
1206.15	0	.8997616	0	.1002384	0
1205.15	0	.8992352	0	.1007648	0
1204.15	0	.8987098	0	.1012902	0
1203.15	0	.8981854	0	.1018146	0
1202.15	0	.8976621	0	.1023379	0
1201.15	0	.8971398	0	.1028602	0
1200.15	0	.8966185	0	.1033815	0
1199.15	0	.8960983	0	.1039017	0
1198.15	0	.895579	0	.104421	0
1197.15	0	.8950608	0	.1049392	0
1196.15	0	.8945436	0	.1054564	0
1195.15	0	.8940274	0	.1059726	0
1194.15	0	.8935122	0	.1064878	0
1193.15	0	.892998	0	.107002	0
1192.15	0	.8924848	0	.1075152	0
1191.15	0	.8919726	0	.1080274	0
1190.15	0	.8914614	0	.1085386	0
1189.15	0	.8909512	0	.1090488	0
1188.15	0	.890442	0	.109558	0
1187.15	0	.8899337	0	.1100663	0
1186.15	0	.8894265	0	.1105735	0
1185.15	0	.8889202	0	.1110797	0
1184.15	0	.888415	0	.111585	0
1183.15	0	.8879107	0	.1120893	0
1182.15	0	.8874074	0	.1125926	0
1181.15	0	.886905	0	.113095	0
1180.15	0	.8864037	0	.1135963	0
1179.15	0	.8859033	0	.1140967	0
1178.15	0	.8854039	0	.1145961	0
1177.15	0	.8849054	0	.1150946	0
1176.15	0	.8844079	0	.1155921	0
1175.15	0	.8839114	0	.1160886	0
1174.15	0	.8834158	0	.1165842	0
1173.15	0	.8829212	0	.1170788	0
1172.15	0	.8824275	0	.1175725	0
1171.15	0	.8819348	0	.1180652	0
1170.15	0	.881443	0	.118557	0
1169.15	0	.8809522	0	.1190478	0
1168.15	0	.8804623	0	.1195377	0
1167.15	0	.8799734	0	.1200266	0
1166.15	0	.8794854	0	.1205146	0
1165.15	0	.8789983	0	.1210017	0
1164.15	0	.8785122	0	.1214878	0
1163.15	0	.878027	0	.121973	0
1162.15	0	.8775427	0	.1224573	0
1161.15	0	.8770594	0	.1229406	0
1160.15	0	.876577	0	.123423	0
1159.15	0	.8760955	0	.1239045	0
1158.15	0	.875615	0	.124385	0
1157.15	0	.8751354	0	.1248647	0
1156.15	0	.8746566	0	.1253434	0
1155.15	0	.8741788	0	.1258212	0
1154.15	0	.8737019	0	.1262981	0
1153.15	0	.873226	0	.126774	0
1152.15	0	.8727509	0	.1272491	0
1151.15	0	.8722767	0	.1277233	0
1150.15	0	.8718035	0	.1281965	0
1149.15	0	.8713311	0	.1286689	0
1148.15	0	.8708597	0	.1291403	0
1147.15	0	.8703891	0	.1296109	0
1146.15	0	.8699195	0	.1300805	0
1145.15	0	.8694507	0	.1305493	0
1144.15	0	.8689829	0	.1310171	0
1143.15	0	.8685159	0	.1314841	0
1142.15	0	.8680498	0	.1319502	0
1141.15	0	.8675846	0	.1324154	0
1140.15	0	.8671203	0	.1328797	0
1139.15	0	.8666569	0	.1333431	0
1138.15	0	.8661943	0	.1338057	0
1137.15	0	.8657327	0	.1342673	0
1136.15	0	.8652719	0	.1347281	0
1135.15	0	.864812	0	.135188	0
1134.15	0	.8643529	0	.1356471	0
1133.15	0	.8638948	0	.1361052	0
1132.15	0	.8634375	0	.1365626	0
1131.15	0	.862981	0	.137019	0
1130.15	0	.8625255	0	.1374746	0
1129.15	0	.8620707	0	.1379293	0
1128.15	0	.8616169	0	.1383831	0
1127.15	0	.8611639	0	.1388361	0
1126.15	0	.8607118	0	.1392882	0
1125.15	0	.8602605	0	.1397395	0
1124.15	0	.8598101	0	.1401899	0
1123.15	0	.8593605	0	.1406395	0
1122.15	0	.8589118	0	.1410882	0
1121.15	0	.8584639	0	.1415361	0
1120.15	0	.8580169	0	.1419831	0
1119.15	0	.8575708	0	.1424293	0
1118.15	0	.8571254	0	.1428746	0
1117.15	0	.8566809	0	.1433191	0
1116.15	0	.8562373	0	.1437627	0
1115.15	0	.8557944	0	.1442055	0
1114.15	0	.8553525	0	.1446475	0
1113.15	0	.8549113	0	.1450887	0
1112.15	0	.854471	0	.145529	0
1111.15	0	.8540315	0	.1459685	0
1110.15	0	.8535929	0	.1464071	0
1109.15	0	.8531551	0	.146845	0
1108.15	0	.852718	0	.147282	0
1107.15	0	.8522819	0	.1477181	0
1106.15	0	.8518465	0	.1481535	0
1105.15	0	.851412	0	.148588	0
1104.15	0	.8509783	0	.1490218	0
1103.15	0	.8505453	0	.1494546	0
1102.15	0	.8501133	0	.1498867	0
1101.15	0	.849682	0	.150318	0
1100.15	0	.8492515	0	.1507485	0
1099.15	0	.8488219	0	.1511781	0
1098.15	0	.848393	0	.151607	0
1097.15	0	.847965	0	.152035	0
1096.15	0	.8475378	0	.1524623	0
1095.15	0	.8471113	0	.1528887	0
1094.15	0	.8466857	0	.1533143	0
1093.15	0	.8462609	0	.1537391	0
1092.15	0	.8458368	0	.1541632	0
1091.15	0	.8454136	0	.1545864	0
1090.15	0	.8449912	0	.1550089	0
1089.15	0	.8445695	0	.1554305	0
1088.15	0	.8441487	0	.1558514	0
1087.15	0	.8437286	0	.1562714	0
1086.15	0	.8433093	0	.1566907	0
1085.15	0	.8428908	0	.1571092	0
1084.15	0	.8424731	0	.1575269	0
1083.15	0	.8420562	0	.1579438	0
1082.15	0	.8416401	0	.1583599	0
1081.15	0	.8412247	0	.1587753	0
1080.15	0	.8408102	0	.1591899	0
1079.15	0	.8403964	0	.1596036	0
1078.15	0	.8399833	0	.1600167	0
1077.15	0	.8395711	0	.1604289	0
1076.15	0	.8391596	0	.1608404	0
1075.15	0	.8387489	0	.1612511	0
1074.854	0	.8386276	0	.1613723	0
1074.854	0	.8386276	0	.1613723	0
1074.854	0	.8386276	0	.1613723	0
1074.15	0	.8379271	4.481408E-04	.1616247	0
1073.15	0	.8369348	.001082954	.1619823	0
1072.15	0	.835945	.001716075	.162339	0
1071.15	0	.8349578	.002347508	.1626947	0
1070.15	0	.8339731	.002977256	.1630497	0
1069.15	0	.832991	.003605323	.1634037	0
1068.15	0	.8320115	.004231713	.1637568	0
1067.15	0	.8310345	.004856428	.1641091	0
1066.15	0	.83006	.005479473	.1644605	0
1065.15	0	.8290881	.006100851	.164811	0
1064.15	0	.8281187	.006720566	.1651607	0
1063.15	0	.8271519	.007338621	.1655095	0
1062.15	0	.8261876	.007955021	.1658574	0
1061.15	0	.8252258	.008569768	.1662044	0
1060.15	0	.8242665	.009182866	.1665506	0
1059.15	0	.8233097	.00979432	.1668959	0
1058.15	0	.8223555	.01040413	.1672404	0
1057.15	0	.8214037	.01101231	.167584	0
1056.15	0	.8204545	.01161885	.1679267	0
1055.15	0	.8195077	.01222376	.1682686	0
1054.15	0	.8185634	.01282704	.1686096	0
1053.15	0	.8176216	.0134287	.1689497	0
1052.15	0	.8166822	.01402875	.169289	0
1051.15	0	.8157454	.01462717	.1696275	0
1050.15	0	.814811	.01522399	.169965	0
1049.15	0	.813879	.0158192	.1703018	0
1048.15	0	.8129496	.0164128	.1706376	0
1047.15	0	.8120225	.0170048	.1709727	0
1046.15	0	.8110979	.01759521	.1713068	0
1045.15	0	.8101758	.01818403	.1716402	0
1044.15	0	.8092561	.01877126	.1719726	0
1043.15	0	.8083388	.0193569	.1723043	0
1042.15	0	.807424	.01994096	.172635	0
1041.15	0	.8065116	.02052345	.172965	0
1040.15	0	.8056016	.02110436	.1732941	0
1039.15	0	.804694	.02168371	.1736223	0
1038.15	0	.8037888	.02226149	.1739497	0
1037.15	0	.802886	.02283771	.1742763	0
1036.15	0	.8019856	.02341238	.174602	0
1035.15	0	.8010877	.02398549	.1749269	0
1034.15	0	.8001921	.02455706	.1752509	0
1033.15	0	.7992988	.02512708	.1755741	0
1032.15	0	.798408	.02569556	.1758965	0
1031.15	0	.7975195	.0262625	.176218	0
1030.15	0	.7966334	.02682792	.1765387	0
1029.15	0	.7957497	.02739181	.1768585	0
1028.15	0	.7948683	.02795418	.1771775	0
1027.15	0	.7939893	.02851502	.1774957	0
1026.15	0	.7931126	.02907436	.177813	0
1025.15	0	.7922383	.02963218	.1781295	0
1024.15	0	.7913663	.0301885	.1784452	0
1023.15	0	.7904966	.03074332	.1787601	0
1022.15	0	.7896293	.03129665	.1790741	0
1021.15	0	.7887643	.03184848	.1793872	0
1020.15	0	.7879016	.03239883	.1796996	0
1019.15	0	.7870412	.03294769	.1800111	0
1018.15	0	.7861832	.03349508	.1803218	0
1017.15	0	.7853274	.034041	.1806316	0
1016.15	0	.7844739	.03458545	.1809406	0
1015.15	0	.7836228	.03512843	.1812488	0
1014.15	0	.7827739	.03566996	.1815562	0
1013.15	0	.7819273	.03621004	.1818627	0
1012.15	0	.7810829	.03674867	.1821684	0
1011.15	0	.7802409	.03728585	.1824733	0
1010.15	0	.7794011	.0378216	.1827773	0
1009.15	0	.7785635	.03835591	.1830805	0
1008.15	0	.7777283	.0388888	.1833829	0
1007.15	0	.7768953	.03942026	.1836845	0
1006.15	0	.7760645	.03995031	.1839852	0
1005.15	0	.7752359	.04047895	.1842851	0
1004.15	0	.7744096	.04100618	.1845842	0
1003.15	0	.7735856	.04153201	.1848824	0
1002.15	0	.7727637	.04205644	.1851798	0
1001.15	0	.7719441	.04257949	.1854764	0
1000.15	0	.7711267	.04310115	.1857722	0
999.15	0	.7703115	.04362143	.1860671	0
998.15	0	.7694984	.04414034	.1863612	0
997.15	0	.7686876	.04465789	.1866545	0
996.15	0	.767879	.04517407	.1869469	0
995.15	0	.7670725	.0456889	.1872386	0
994.15	0	.7662683	.04620238	.1875293	0
993.15	0	.7654662	.04671452	.1878193	0
992.15	0	.7646663	.04722532	.1881084	0
991.15	0	.7638685	.04773479	.1883967	0
990.15	0	.7630729	.04824294	.1886842	0
989.15	0	.7622794	.04874977	.1889708	0
988.15	0	.7614881	.04925529	.1892566	0
987.15	0	.7606989	.04975951	.1895416	0
986.15	0	.7599119	.05026243	.1898257	0
985.15	0	.7591269	.05076406	.190109	0
984.15	0	.7583441	.0512644	.1903915	0
983.15	0	.7575634	.05176347	.1906731	0
982.15	0	.7567848	.05226127	.1909539	0
981.15	0	.7560083	.0527578	.1912339	0
980.15	0	.7552339	.05325309	.191513	0
979.15	0	.7544616	.05374712	.1917913	0
978.15	0	.7536913	.05423991	.1920688	0
977.15	0	.7529231	.05473147	.1923454	0
976.15	0	.752157	.0552218	.1926212	0
975.15	0	.751393	.05571091	.1928961	0
974.15	0	.750631	.05619881	.1931702	0
973.15	0	.749871	.05668552	.1934435	0
972.15	0	.7491131	.05717102	.1937159	0
971.15	0	.7483572	.05765534	.1939875	0
970.15	0	.7476033	.05813849	.1942582	0
969.15	0	.7468515	.05862046	.1945281	0
968.15	0	.7461016	.05910127	.1947971	0
967.15	0	.7453538	.05958093	.1950653	0
966.15	0	.7446079	.06005945	.1953326	0
965.15	0	.7438641	.06053683	.1955991	0
964.15	0	.7431222	.06101308	.1958647	0
963.15	0	.7423823	.06148822	.1961295	0
962.15	0	.7416443	.06196224	.1963934	0
961.15	0	.7409083	.06243518	.1966565	0
960.15	0	.7401743	.06290702	.1969187	0
959.15	0	.7394421	.06337778	.1971801	0
958.15	0	.738712	.06384747	.1974406	0
957.15	0	.7379837	.0643161	.1977002	0
956.15	0	.7372573	.06478368	.197959	0
955.15	0	.7365329	.06525022	.1982169	0
954.15	0	.7358103	.06571574	.1984739	0
953.15	0	.7350897	.06618023	.1987301	0
952.15	0	.7343709	.06664371	.1989854	0
951.15	0	.733654	.0671062	.1992398	0
950.15	0	.7329389	.0675677	.1994934	0
949.15	0	.7322257	.06802822	.1997461	0
948.15	0	.7315143	.06848778	.1999979	0
947.15	0	.7308048	.06894638	.2002488	0
946.15	0	.7300971	.06940405	.2004989	0
945.15	0	.7293912	.06986078	.200748	0
944.15	0	.7286871	.07031659	.2009963	0
943.15	0	.7279848	.0707715	.2012437	0
942.15	0	.7272843	.07122552	.2014902	0
941.15	0	.7265856	.07167865	.2017358	0
940.15	0	.7258886	.07213092	.2019805	0
939.15	0	.7251934	.07258233	.2022243	0
938.15	0	.7244999	.07303289	.2024672	0
937.15	0	.7238081	.07348262	.2027093	0
936.15	0	.7231181	.07393154	.2029504	0
935.15	0	.7224298	.07437966	.2031906	0
934.15	0	.7217431	.07482698	.2034299	0
933.15	0	.7210582	.07527354	.2036682	0
932.15	0	.720375	.07571933	.2039057	0
931.15	0	.7196934	.07616437	.2041423	0
930.15	0	.7190134	.07660868	.2043779	0
929.15	0	.7183351	.07705227	.2046126	0
928.15	0	.7176584	.07749516	.2048464	0
927.15	0	.7169834	.07793737	.2050793	0
926.15	0	.7163099	.0783789	.2053112	0
925.15	0	.7156381	.07881977	.2055422	0
924.15	0	.7149678	.07926001	.2057722	0
923.15	0	.7142991	.07969962	.2060013	0
922.15	0	.7136319	.08013863	.2062295	0
921.15	0	.7129663	.08057704	.2064567	0
920.15	0	.7123022	.08101489	.206683	0
919.15	0	.7116396	.08145217	.2069083	0
918.15	0	.7109785	.08188892	.2071326	0
917.15	0	.7103189	.08232515	.207356	0
916.15	0	.7096607	.08276087	.2075784	0
915.15	0	.709004	.08319611	.2077999	0
914.15	0	.7083488	.08363088	.2080203	0
913.15	0	.707695	.0840652	.2082398	0
912.15	0	.7070426	.0844991	.2084584	0
911.15	0	.7063915	.08493259	.2086759	0
910.15	0	.7057419	.08536569	.2088924	0
909.15	0	.7050936	.08579842	.209108	0
908.15	0	.7044467	.0862308	.2093225	0
907.15	0	.7038011	.08666286	.209536	0
906.15	0	.7031568	.0870946	.2097486	0
905.15	0	.7025138	.08752607	.2099601	0
904.15	0	.7018722	.08795726	.2101706	0
903.15	0	.7012317	.08838822	.2103801	0
902.15	0	.7005925	.08881896	.2105885	0
901.15	0	.6999546	.0892495	.2107959	0
900.15	0	.6993178	.08967987	.2110023	0
899.15	0	.6986823	.09011008	.2112077	0
898.15	0	.6980479	.09054017	.211412	0
897.15	0	.6974147	.09097016	.2116152	0
896.15	0	.6967826	.09140007	.2118174	0
895.15	0	.6961516	.09182993	.2120185	0
894.15	0	.6955217	.09225976	.2122185	0
893.15	0	.6948929	.09268959	.2124175	0
892.15	0	.6942652	.09311945	.2126154	0
891.15	0	.6936384	.09354935	.2128122	0
890.15	0	.6930127	.09397934	.2130079	0
889.15	0	.692388	.09440943	.2132025	0
888.15	0	.6917643	.09483966	.213396	0
887.15	0	.6911415	.09527005	.2135884	0
886.15	0	.6905197	.09570062	.2137797	0
885.15	0	.6898987	.09613143	.2139699	0
884.15	0	.6892787	.09656248	.2141589	0
883.15	0	.6886595	.09699381	.2143467	0
882.15	0	.6880411	.09742546	.2145335	0
881.15	0	.6874235	.09785744	.214719	0
880.15	0	.6868067	.09828981	.2149034	0
879.15	0	.6861907	.09872258	.2150867	0
878.15	0	.6855754	.0991558	.2152688	0
877.15	0	.6849609	.09958949	.2154497	0
876.15	0	.684347	.1000237	.2156293	0
875.15	0	.6837338	.1004584	.2158078	0
874.15	0	.6831211	.1008938	.2159851	0
873.15	0	.6825091	.1013297	.2161612	0
872.15	0	.6818977	.1017663	.216336	0
871.15	0	.6812868	.1022036	.2165096	0
870.15	0	.6806765	.1026416	.216682	0
869.15	0	.6800666	.1030804	.2168531	0
868.15	0	.6794572	.10352	.2170229	0
867.15	0	.6788482	.1039604	.2171915	0
866.15	0	.6782396	.1044017	.2173587	0
865.15	0	.6776313	.104844	.2175247	0
864.15	0	.6770234	.1052872	.2176894	0
863.15	0	.6764158	.1057315	.2178528	0
862.15	0	.6758084	.1061768	.2180148	0
861.15	0	.6752013	.1066232	.2181755	0
860.15	0	.6745944	.1070708	.2183349	0
859.15	0	.6739876	.1075196	.2184929	0
858.15	0	.6733809	.1079696	.2186495	0
857.15	0	.6727743	.1084209	.2188048	0
856.15	0	.6721678	.1088736	.2189586	0
855.15	0	.6715613	.1093277	.219111	0
854.15	0	.6709547	.1097832	.219262	0
853.15	0	.6703481	.1102403	.2194116	0
852.15	0	.6697413	.1106989	.2195598	0
851.15	0	.6691344	.1111591	.2197064	0
850.15	0	.6685273	.111621	.2198516	0
849.15	0	.66792	.1120847	.2199953	0
848.15	0	.6673123	.1125502	.2201375	0
847.15	0	.6667043	.1130175	.2202782	0
846.15	0	.666096	.1134867	.2204173	0
845.15	0	.6654872	.113958	.2205549	0
844.15	0	.6648779	.1144313	.2206909	0
843.15	0	.664268	.1149067	.2208253	0
842.15	0	.6636576	.1153843	.2209581	0
841.15	0	.6630466	.1158642	.2210892	0
840.15	0	.6624348	.1163464	.2212188	0
839.15	0	.6618223	.1168311	.2213466	0
838.15	0	.661209	.1173182	.2214728	0
837.15	0	.6605948	.1178079	.2215972	0
836.15	0	.6599797	.1183003	.22172	0
835.15	0	.6593636	.1187954	.221841	0
834.15	0	.6587464	.1192934	.2219602	0
833.15	0	.6581281	.1197943	.2220776	0
832.15	0	.6575086	.1202982	.2221932	0
831.15	0	.6568878	.1208053	.222307	0
830.15	0	.6562657	.1213155	.2224188	0
829.15	0	.6556421	.1218291	.2225288	0
828.15	0	.6550171	.1223461	.2226368	0
827.15	0	.6543905	.1228666	.2227429	0
826.15	0	.6537622	.1233907	.2228471	0
825.15	0	.6531322	.1239187	.2229492	0
824.15	0	.6525003	.1244505	.2230492	0
823.15	0	.6518665	.1249864	.2231472	0
822.15	0	.6512306	.1255263	.223243	0
821.15	0	.6505927	.1260706	.2233367	0
820.15	0	.6499525	.1266193	.2234282	0
819.15	0	.6493099	.1271725	.2235175	0
818.15	0	.6486649	.1277305	.2236046	0
817.15	0	.6480174	.1282934	.2236893	0
816.15	0	.6473671	.1288613	.2237716	0
815.15	0	.646714	.1294344	.2238516	0
814.15	0	.646058	.1300129	.2239291	0
813.15	0	.6453989	.130597	.2240041	0
812.15	0	.6447365	.1311869	.2240766	0
811.15	0	.6440708	.1317827	.2241465	0
810.15	0	.6434015	.1323848	.2242137	0
809.15	0	.6427285	.1329933	.2242782	0
808.15	0	.6420516	.1336085	.22434	0
807.15	0	.6413706	.1342305	.2243988	0
806.15	0	.6406868	.1348586	.2244545	0
805.15	0	.6399971	.1354954	.2245075	0
804.15	0	.6393026	.1361399	.2245575	0
803.15	0	.6386033	.1367925	.2246042	0
802.15	0	.6378988	.1374535	.2246478	0
801.15	0	.6371889	.1381231	.224688	0
800.15	0	.6364733	.1388019	.2247248	0
799.15	0	.6357518	.1394901	.2247581	0
798.15	0	.635024	.1401882	.2247878	0
797.15	0	.6342897	.1408967	.2248137	0
796.15	0	.6335484	.1416159	.2248357	0
795.15	0	.6327998	.1423464	.2248538	0
794.15	0	.6320436	.1430887	.2248677	0
793.15	0	.6312792	.1438435	.2248774	0
792.15	0	.6305063	.1446112	.2248826	0
791.15	0	.6297243	.1453926	.2248831	0
790.15	0	.6289327	.1461884	.2248789	0
789.15	0	.6281309	.1469994	.2248697	0
788.15	0	.6273184	.1478264	.2248552	0
787.15	0	.6264944	.1486703	.2248353	0
786.15	0	.6256582	.1495322	.2248096	0
785.15	0	.624809	.150413	.224778	0
784.15	0	.6239458	.1513141	.22474	0
783.15	0	.6230678	.1522367	.2246955	0
782.15	0	.6221738	.1531823	.2246438	0
781.15	0	.6212627	.1541525	.2245848	0
780.15	0	.620333	.1551492	.2245178	0
779.15	0	.6193833	.1561742	.2244425	0
778.15	0	.6184119	.15723	.2243581	0
777.15	0	.6174168	.1583191	.2242641	0
776.15	0	.6163958	.1594445	.2241597	0
775.15	0	.6153465	.1606095	.2240441	0
774.15	0	.6142659	.161818	.2239162	0
773.15	0	.6131505	.1630745	.223775	0
772.15	0	.6113133	.1652638	.223423	0
771.15	0	.6092098	.1678031	.2229871	0
770.15	0	.6072672	.1701429	.2225899	0
769.15	0	.6054617	.1723129	.2222254	0
768.15	0	.6037745	.1743367	.2218888	0
767.15	0	.6021906	.1762328	.2215765	0
766.15	0	.600698	.1780165	.2212855	0
765.15	0	.5992865	.1797003	.2210131	0
764.15	0	.5979479	.1812947	.2207574	0
763.15	0	.5966748	.1828085	.2205167	0
762.15	0	.5954614	.1842493	.2202893	0
761.15	0	.5943024	.1856235	.2200741	0
760.15	0	.5931932	.1869369	.2198699	0
759.15	0	.5921298	.1881945	.2196758	0
758.15	0	.5911087	.1894004	.2194909	0
757.15	0	.5901268	.1905587	.2193145	0
756.15	0	.5891814	.1916728	.2191458	0
755.15	0	.58827	.1927456	.2189844	0
754.15	0	.5873903	.19378	.2188297	0
753.15	0	.5865403	.1947785	.2186812	0
752.15	0	.5857182	.1957433	.2185385	0
751.15	0	.5849224	.1966764	.2184012	0
750.15	0	.5841513	.1975798	.218269	0
749.15	0	.5834035	.1984551	.2181414	0
748.15	0	.5826778	.1993038	.2180183	0
747.15	0	.5819731	.2001276	.2178994	0
746.15	0	.5812881	.2009275	.2177844	0
745.15	0	.580622	.2017049	.217673	0
744.15	0	.5799739	.202461	.2175652	0
743.15	0	.5793427	.2031967	.2174606	0
742.15	0	.5787279	.203913	.2173592	0
741.15	0	.5781285	.2046109	.2172606	0
740.15	0	.577544	.2052912	.2171649	0
739.15	0	.5769736	.2059546	.2170718	0
738.15	0	.5764168	.206602	.2169812	0
737.15	0	.575873	.207234	.216893	0
736.15	0	.5753416	.2078513	.2168071	0
735.15	0	.5748222	.2084545	.2167233	0
734.15	0	.5743143	.2090441	.2166416	0
733.15	0	.5738174	.2096208	.2165618	0
732.15	0	.5733311	.210185	.2164839	0
731.15	0	.5728551	.2107372	.2164078	0
730.15	0	.5723888	.2112778	.2163333	0
729.15	0	.5719321	.2118074	.2162606	0
728.15	0	.5714845	.2123263	.2161893	0
727.15	0	.5710456	.2128348	.2161195	0
726.15	0	.5706153	.2133335	.2160512	0
725.15	0	.5701932	.2138226	.2159842	0
724.15	0	.5697791	.2143024	.2159185	0
723.15	0	.5693726	.2147733	.2158541	0
722.15	0	.5689736	.2152356	.2157908	0
721.15	0	.5685817	.2156896	.2157287	0
720.15	0	.5681968	.2161355	.2156677	0
719.15	0	.5678186	.2165736	.2156078	0
718.15	0	.567447	.2170041	.2155489	0
717.15	0	.5670817	.2174274	.2154909	0
716.15	0	.5667225	.2178436	.2154339	0
715.15	0	.5663693	.2182529	.2153778	0
714.15	0	.5660219	.2186556	.2153225	0
713.15	0	.56568	.2190518	.2152681	0
712.15	0	.5653437	.2194418	.2152145	0
711.15	0	.5650126	.2198258	.2151616	0
710.15	0	.5646867	.2202038	.2151095	0
709.15	0	.5643657	.2205761	.2150581	0
708.15	0	.5640497	.2209429	.2150074	0
707.15	0	.5637384	.2213043	.2149574	0
706.15	0	.5634316	.2216604	.214908	0
705.15	0	.5631294	.2220114	.2148592	0
704.15	0	.5628316	.2223575	.214811	0
703.15	0	.5625379	.2226987	.2147633	0
702.15	0	.5622485	.2230353	.2147162	0
701.15	0	.5619631	.2233673	.2146697	0
700.15	0	.5616816	.2236948	.2146236	0
699.15	0	.5614039	.224018	.2145781	0
698.15	0	.56113	.224337	.214533	0
697.15	0	.5608598	.2246518	.2144884	0
696.15	0	.5605931	.2249627	.2144442	0
695.15	0	.5603299	.2252696	.2144004	0
694.15	0	.5600701	.2255727	.2143571	0
693.15	0	.5598137	.2258722	.2143142	0
692.15	0	.5595604	.226168	.2142716	0
691.15	0	.5593103	.2264602	.2142294	0
690.15	0	.5590634	.226749	.2141876	0
689.15	0	.5588194	.2270345	.2141461	0
688.15	0	.5585784	.2273166	.214105	0
687.15	0	.5583403	.2275955	.2140642	0
686.15	0	.558105	.2278713	.2140237	0
685.15	0	.5578725	.2281441	.2139835	0
684.15	0	.5576427	.2284138	.2139435	0
683.15	0	.5574155	.2286806	.2139039	0
682.15	0	.5571909	.2289445	.2138646	0
681.15	0	.5569689	.2292057	.2138254	0
680.15	0	.5567493	.2294641	.2137866	0
679.15	0	.5565322	.2297198	.213748	0
678.15	0	.5563174	.2299729	.2137096	0
677.15	0	.556105	.2302235	.2136715	0
676.15	0	.5558949	.2304715	.2136336	0
675.15	0	.555687	.2307171	.2135959	0
674.15	0	.5554813	.2309603	.2135584	0
673.15	0	.5552778	.2312011	.2135211	0
672.15	0	.5550763	.2314397	.213484	0
671.15	0	.554877	.231676	.2134471	0
670.15	0	.5546796	.23191	.2134103	0
669.15	0	.5544843	.2321419	.2133738	0
668.15	0	.5542909	.2323717	.2133374	0
667.15	0	.5540994	.2325994	.2133012	0
666.15	0	.5539098	.2328251	.2132651	0
665.15	0	.5537221	.2330488	.2132292	0
664.15	0	.5535361	.2332705	.2131934	0
663.15	0	.553352	.2334903	.2131578	0
662.15	0	.5531696	.2337082	.2131223	0
661.15	0	.5529889	.2339242	.2130869	0
660.15	0	.5528098	.2341385	.2130517	0
659.15	0	.5526325	.234351	.2130166	0
658.15	0	.5524567	.2345617	.2129816	0
657.15	0	.5522826	.2347707	.2129467	0
656.15	0	.55211	.234978	.2129119	0
655.15	0	.551939	.2351837	.2128773	0
654.15	0	.5517695	.2353878	.2128427	0
653.15	0	.5516015	.2355902	.2128083	0
652.15	0	.5514349	.2357911	.212774	0
651.15	0	.5512698	.2359905	.2127397	0
650.15	0	.5511061	.2361884	.2127055	0
649.15	0	.5509438	.2363847	.2126714	0
648.15	0	.5507829	.2365797	.2126375	0
647.15	0	.5506233	.2367731	.2126035	0
646.15	0	.5504651	.2369652	.2125697	0
645.15	0	.5503081	.2371559	.2125359	0
644.15	0	.5501525	.2373453	.2125023	0
643.15	0	.5499981	.2375333	.2124686	0
642.15	0	.5498449	.23772	.2124351	0
641.15	0	.549693	.2379054	.2124016	0
640.15	0	.5495423	.2380895	.2123682	0
639.15	0	.5493928	.2382724	.2123349	0
638.15	0	.5492445	.238454	.2123016	0
637.15	0	.5490973	.2386344	.2122683	0
636.15	0	.5489512	.2388136	.2122351	0
635.15	0	.5488063	.2389917	.212202	0
634.15	0	.5486625	.2391686	.2121689	0
633.15	0	.5485197	.2393444	.2121359	0
632.15	0	.548378	.239519	.2121029	0
631.15	0	.5482374	.2396926	.21207	0
630.15	0	.5480979	.239865	.2120371	0
629.15	0	.5479593	.2400364	.2120043	0
628.15	0	.5478218	.2402068	.2119715	0
627.15	0	.5476853	.2403761	.2119387	0
626.15	0	.5475497	.2405443	.211906	0
625.15	0	.5474151	.2407116	.2118733	0
624.15	0	.5472815	.2408779	.2118406	0
623.15	0	.5471488	.2410432	.211808	0
622.15	0	.5470171	.2412075	.2117754	0
621.15	0	.5468863	.2413709	.2117429	0
620.15	0	.5467563	.2415333	.2117103	0
619.15	0	.5466273	.2416948	.2116778	0
618.15	0	.5464992	.2418554	.2116454	0
617.15	0	.5463719	.2420151	.211613	0
616.15	0	.5462455	.2421739	.2115805	0
615.15	0	.54612	.2423319	.2115482	0
614.15	0	.5459953	.242489	.2115158	0
613.15	0	.5458714	.2426452	.2114835	0
612.15	0	.5457483	.2428005	.2114512	0
611.15	0	.545626	.2429551	.2114189	0
610.15	0	.5455046	.2431088	.2113866	0
609.15	0	.5453839	.2432617	.2113544	0
608.15	0	.545264	.2434139	.2113221	0
607.15	0	.5451449	.2435652	.2112899	0
606.15	0	.5450265	.2437157	.2112578	0
605.15	0	.5449089	.2438655	.2112256	0
604.15	0	.5447921	.2440145	.2111934	0
603.15	0	.5446759	.2441628	.2111613	0
602.15	0	.5445605	.2443103	.2111292	0
601.15	0	.5444458	.2444571	.2110971	0
600.15	0	.5443318	.2446032	.211065	0
599.15	0	.5442185	.2447485	.2110329	0
598.15	0	.544106	.2448932	.2110009	0
597.15	0	.5439941	.2450371	.2109688	0
596.15	0	.5438828	.2451803	.2109368	0
595.15	0	.5437723	.2453229	.2109048	0
594.15	0	.5436624	.2454648	.2108728	0
593.15	0	.5435531	.245606	.2108408	0
592.15	0	.5434446	.2457466	.2108089	0
591.15	0	.5433366	.2458865	.2107769	0
590.15	0	.5432293	.2460257	.210745	0
589.15	0	.5431226	.2461644	.210713	0
588.15	0	.5430165	.2463023	.2106811	0
587.15	0	.5429111	.2464397	.2106492	0
586.15	0	.5428063	.2465764	.2106173	0
585.15	0	.542702	.2467126	.2105854	0
584.15	0	.5425984	.2468481	.2105536	0
583.15	0	.5424953	.246983	.2105217	0
582.15	0	.5423929	.2471173	.2104899	0
581.15	0	.542291	.247251	.210458	0
580.15	0	.5421897	.2473841	.2104262	0
579.15	0	.5420889	.2475167	.2103944	0
578.15	0	.5419887	.2476487	.2103626	0
577.15	0	.5418891	.2477801	.2103308	0
576.15	0	.54179	.247911	.210299	0
575.15	0	.5416915	.2480413	.2102672	0
574.15	0	.5415935	.248171	.2102355	0
573.15	0	.5414961	.2483002	.2102037	0
572.15	0	.5413992	.2484289	.210172	0
571.15	0	.5413028	.248557	.2101402	0
570.15	0	.5412069	.2486846	.2101085	0
569.15	0	.5411115	.2488116	.2100768	0
568.15	0	.5410167	.2489382	.2100451	0
567.15	0	.5409224	.2490642	.2100134	0
566.15	0	.5408285	.2491897	.2099818	0
565.15	0	.5407352	.2493147	.2099501	0
564.15	0	.5406424	.2494392	.2099185	0
563.15	0	.54055	.2495631	.2098868	0
562.15	0	.5404582	.2496866	.2098552	0
561.15	0	.5403668	.2498096	.2098236	0
560.15	0	.5402759	.2499321	.209792	0
559.15	0	.5401855	.2500541	.2097604	0
558.15	0	.5400956	.2501756	.2097288	0
557.15	0	.5400061	.2502967	.2096973	0
556.15	0	.5399171	.2504172	.2096657	0
555.15	0	.5398285	.2505373	.2096342	0
554.15	0	.5397405	.2506569	.2096026	0
553.15	0	.5396529	.2507761	.2095711	0
552.15	0	.5395657	.2508948	.2095396	0
551.15	0	.5394789	.251013	.2095081	0
550.15	0	.5393926	.2511308	.2094766	0
549.15	0	.5393067	.2512481	.2094452	0
548.15	0	.5392213	.251365	.2094137	0
547.15	0	.5391363	.2514814	.2093823	0
546.15	0	.5390517	.2515974	.2093509	0
545.15	0	.5389676	.2517129	.2093195	0
544.15	0	.5388838	.251828	.2092882	0
543.15	0	.5388005	.2519427	.2092568	0
542.15	0	.5387176	.2520569	.2092255	0
541.15	0	.5386352	.2521707	.2091942	0
540.15	0	.5385531	.252284	.2091629	0
539.15	0	.5384714	.252397	.2091316	0
538.15	0	.5383902	.2525095	.2091003	0
537.15	0	.5383093	.2526216	.2090691	0
536.15	0	.5382289	.2527333	.2090379	0
535.15	0	.5381488	.2528445	.2090067	0
534.15	0	.5380692	.2529553	.2089755	0
533.15	0	.5379899	.2530658	.2089443	0
532.15	0	.537911	.2531758	.2089132	0
531.15	0	.5378325	.2532854	.2088821	0
530.15	0	.5377544	.2533946	.208851	0
529.15	0	.5376767	.2535034	.2088199	0
528.15	0	.5375994	.2536118	.2087888	0
527.15	0	.5375224	.2537198	.2087578	0
526.15	0	.5374458	.2538274	.2087268	0
525.15	0	.5373696	.2539346	.2086958	0
524.15	0	.5372938	.2540414	.2086649	0
523.15	0	.5372183	.2541478	.2086339	0
522.15	0	.5371432	.2542538	.208603	0
521.15	0	.5370685	.2543594	.2085721	0
520.15	0	.5369941	.2544647	.2085413	0
519.15	0	.53692	.2545695	.2085104	0
518.15	0	.5368464	.254674	.2084796	0
517.15	0	.5367731	.2547781	.2084489	0
516.15	0	.5367001	.2548818	.2084181	0
515.15	0	.5366275	.2549851	.2083874	0
514.15	0	.5365553	.255088	.2083567	0
513.15	0	.5364834	.2551906	.208326	0
512.15	0	.5364118	.2552928	.2082954	0
511.15	0	.5363406	.2553946	.2082648	0
510.15	0	.5362698	.255496	.2082342	0
509.15	0	.5361992	.2555971	.2082037	0
508.15	0	.536129	.2556978	.2081732	0
507.15	0	.5360592	.2557981	.2081427	0
506.15	0	.5359897	.2558981	.2081122	0
505.15	0	.5359205	.2559977	.2080818	0
504.15	0	.5358517	.2560969	.2080514	0
503.15	0	.5357831	.2561958	.2080211	0
502.15	0	.535715	.2562943	.2079908	0
501.15	0	.5356471	.2563924	.2079605	0
500.15	0	.5355796	.2564902	.2079302	0
499.15	0	.5355124	.2565876	.2079001	0
498.15	0	.5354455	.2566846	.2078699	0
497.15	0	.5353789	.2567813	.2078397	0
496.15	0	.5353127	.2568777	.2078097	0
495.15	0	.5352468	.2569736	.2077796	0
494.15	0	.5351812	.2570693	.2077496	0
493.15	0	.5351159	.2571645	.2077196	0
492.15	0	.5350509	.2572595	.2076896	0
491.15	0	.5349862	.257354	.2076597	0
490.15	0	.5349219	.2574482	.2076299	0
489.15	0	.5348579	.2575421	.2076001	0
488.15	0	.5347941	.2576356	.2075703	0
487.15	0	.5347307	.2577287	.2075405	0
486.15	0	.5346676	.2578215	.2075108	0
485.15	0	.5346048	.257914	.2074812	0
484.15	0	.5345423	.2580061	.2074516	0
483.15	0	.5344801	.2580979	.207422	0
482.15	0	.5344182	.2581893	.2073925	0
481.15	0	.5343566	.2582803	.207363	0
480.15	0	.5342953	.2583711	.2073336	0
479.15	0	.5342343	.2584614	.2073042	0
478.15	0	.5341736	.2585515	.2072749	0
477.15	0	.5341132	.2586412	.2072456	0
476.15	0	.5340531	.2587305	.2072164	0
475.15	0	.5339933	.2588195	.2071872	0
474.15	0	.5339338	.2589082	.207158	0
473.15	0	.5338746	.2589965	.2071289	0
472.15	0	.5338156	.2590845	.2070999	0
471.15	0	.533757	.2591721	.2070709	0
470.15	0	.5336986	.2592594	.207042	0
469.15	0	.5336405	.2593464	.2070131	0
468.15	0	.5335828	.259433	.2069842	0
467.15	0	.5335253	.2595193	.2069554	0
466.15	0	.5334681	.2596052	.2069267	0
465.15	0	.5334111	.2596908	.206898	0
464.15	0	.5333545	.2597761	.2068694	0
463.15	0	.5332981	.259861	.2068408	0
462.15	0	.5332421	.2599456	.2068123	0
461.15	0	.5331862	.2600299	.2067839	0
460.15	0	.5331307	.2601138	.2067555	0
459.15	0	.5330755	.2601974	.2067271	0
458.15	0	.5330205	.2602807	.2066988	0
457.15	0	.5329658	.2603636	.2066706	0
456.15	0	.5329114	.2604462	.2066424	0
455.15	0	.5328573	.2605284	.2066143	0
454.15	0	.5328034	.2606103	.2065863	0
453.15	0	.5327498	.2606919	.2065583	0
452.15	0	.5326965	.2607732	.2065303	0
451.15	0	.5326435	.2608541	.2065025	0
450.15	0	.5325907	.2609346	.2064747	0
449.15	0	.5325382	.2610149	.2064469	0
448.15	0	.532486	.2610947	.2064193	0
447.15	0	.5324341	.2611742	.2063917	0
446.15	0	.5323825	.2612533	.2063642	0
445.15	0	.5323311	.2613322	.2063367	0
444.15	0	.5322801	.2614106	.2063093	0
443.15	0	.5322293	.2614887	.206282	0
442.15	0	.5321788	.2615664	.2062548	0
441.15	0	.5321286	.2616437	.2062277	0
440.15	0	.5320787	.2617207	.2062006	0
439.15	0	.5320291	.2617973	.2061736	0
438.15	0	.5319798	.2618735	.2061467	0
437.15	0	.5319308	.2619493	.2061199	0
436.15	0	.531882	.2620247	.2060932	0
435.15	0	.5318336	.2620998	.2060666	0
434.15	0	.5317855	.2621744	.2060401	0
433.15	0	.5317377	.2622487	.2060137	0
432.15	0	.5316902	.2623225	.2059873	0
431.15	0	.531643	.2623959	.2059611	0
430.15	0	.5315961	.262469	.2059349	0
429.15	0	.5315495	.2625416	.2059089	0
428.15	0	.5315032	.2626138	.205883	0
427.15	0	.5314573	.2626856	.2058571	0
426.15	0	.5314116	.262757	.2058314	0
425.15	0	.5313663	.262828	.2058058	0
424.15	0	.5313212	.2628985	.2057803	0
423.15	0	.5312765	.2629687	.2057549	0
422.15	0	.5312321	.2630384	.2057296	0
421.15	0	.531188	.2631077	.2057043	0
420.15	0	.5311442	.2631766	.2056793	0
419.15	0	.5311007	.263245	.2056543	0
418.15	0	.5310575	.2633131	.2056294	0
417.15	0	.5310146	.2633807	.2056047	0
416.15	0	.5309721	.2634479	.20558	0
415.15	0	.5309298	.2635147	.2055555	0
414.15	0	.5308879	.263581	.2055311	0
413.15	0	.5308462	.263647	.2055068	0
412.15	0	.5308049	.2637125	.2054826	0
411.15	0	.5307638	.2637776	.2054586	0
410.15	0	.5307231	.2638423	.2054346	0
409.15	0	.5306827	.2639065	.2054108	0
408.15	0	.5306426	.2639704	.2053871	0
407.15	0	.5306028	.2640338	.2053635	0
406.15	0	.5305632	.2640968	.20534	0
405.15	0	.530524	.2641594	.2053166	0
404.15	0	.5304851	.2642215	.2052934	0
403.15	0	.5304465	.2642833	.2052702	0
402.15	0	.5304081	.2643447	.2052472	0
401.15	0	.5303701	.2644056	.2052243	0
400.15	0	.5303323	.2644661	.2052016	0
399.15	0	.5302949	.2645262	.2051789	0
398.15	0	.5302577	.2645859	.2051564	0
397.15	0	.5302208	.2646452	.2051339	0
396.15	0	.5301842	.2647041	.2051116	0
395.15	0	.5301479	.2647626	.2050895	0
394.15	0	.5301119	.2648207	.2050674	0
393.15	0	.5300762	.2648784	.2050454	0
392.15	0	.5300407	.2649357	.2050236	0
391.15	0	.5300055	.2649926	.2050019	0
390.15	0	.5299706	.2650491	.2049803	0
389.15	0	.529936	.2651052	.2049588	0
388.15	0	.5299016	.2651609	.2049375	0
387.15	0	.5298675	.2652163	.2049162	0
386.15	0	.5298337	.2652712	.2048951	0
385.15	0	.5298002	.2653258	.2048741	0
384.15	0	.5297669	.2653799	.2048532	0
383.15	0	.5297338	.2654337	.2048324	0
382.15	0	.5297011	.2654872	.2048118	0
381.15	0	.5296686	.2655402	.2047912	0
380.15	0	.5296363	.2655929	.2047708	0
379.15	0	.5296043	.2656452	.2047505	0
378.15	0	.5295726	.2656971	.2047303	0
377.15	0	.5295411	.2657487	.2047102	0
376.15	0	.5295099	.2657999	.2046902	0
375.15	0	.5294789	.2658507	.2046704	0
