T	 BPW(LIQUID)	BPW(BCC_A2)	BPW(FCC_A1)	BPW(LAVES_PHASE_C14)	BPW(NI3TI)
1473.15	.0409876	.9590124	0	0	0
1472.15	.03883255	.9611675	0	0	0
1471.15	.03669251	.9633075	0	0	0
1470.15	.03456736	.9654326	0	0	0
1469.15	.03245696	.967543	0	0	0
1468.15	.03036117	.9696388	0	0	0
1467.15	.02827987	.9717201	0	0	0
1466.15	.02621292	.9737871	0	0	0
1465.15	.0241602	.9758398	0	0	0
1464.15	.02212157	.9778784	0	0	0
1463.15	.02009691	.9799031	0	0	0
1462.15	.0180861	.9819139	0	0	0
1461.15	.01608901	.983911	0	0	0
1460.15	.01410552	.9858945	0	0	0
1459.15	.0121355	.9878645	0	0	0
1458.15	.01017885	.9898212	0	0	0
1457.15	.008235443	.9917646	0	0	0
1456.15	.006305156	.9936948	0	0	0
1455.15	.004387879	.9956121	0	0	0
1454.15	.002483496	.9975165	0	0	0
1453.15	5.91895E-04	.9994081	0	0	0
1452.836	0	1	0	0	0
1452.836	0	1	0	0	0
1452.15	0	1	0	0	0
1451.15	0	1	0	0	0
1450.15	0	1	0	0	0
1449.15	0	1	0	0	0
1448.15	0	1	0	0	0
1447.15	0	1	0	0	0
1446.15	0	1	0	0	0
1445.15	0	1	0	0	0
1444.15	0	1	0	0	0
1443.15	0	1	0	0	0
1442.15	0	1	0	0	0
1441.15	0	1	0	0	0
1440.15	0	1	0	0	0
1439.15	0	1	0	0	0
1438.15	0	1	0	0	0
1437.15	0	1	0	0	0
1436.15	0	1	0	0	0
1435.15	0	1	0	0	0
1434.15	0	1	0	0	0
1433.15	0	1	0	0	0
1432.15	0	1	0	0	0
1431.15	0	1	0	0	0
1430.15	0	1	0	0	0
1429.15	0	1	0	0	0
1428.15	0	1	0	0	0
1427.15	0	1	0	0	0
1426.15	0	1	0	0	0
1425.15	0	1	0	0	0
1424.15	0	1	0	0	0
1423.15	0	1	0	0	0
1422.15	0	1	0	0	0
1421.15	0	1	0	0	0
1420.15	0	1	0	0	0
1419.15	0	1	0	0	0
1418.15	0	1	0	0	0
1417.15	0	1	0	0	0
1416.15	0	1	0	0	0
1415.15	0	1	0	0	0
1414.15	0	1	0	0	0
1413.15	0	1	0	0	0
1412.15	0	1	0	0	0
1411.15	0	1	0	0	0
1410.15	0	1	0	0	0
1409.15	0	1	0	0	0
1408.15	0	1	0	0	0
1407.15	0	1	0	0	0
1406.15	0	1	0	0	0
1405.15	0	1	0	0	0
1404.15	0	1	0	0	0
1403.15	0	1	0	0	0
1402.15	0	1	0	0	0
1401.15	0	1	0	0	0
1400.15	0	1	0	0	0
1399.15	0	1	0	0	0
1398.15	0	1	0	0	0
1397.15	0	1	0	0	0
1396.15	0	1	0	0	0
1395.15	0	1	0	0	0
1394.15	0	1	0	0	0
1393.15	0	1	0	0	0
1392.15	0	1	0	0	0
1391.15	0	1	0	0	0
1390.15	0	1	0	0	0
1389.15	0	1	0	0	0
1388.15	0	1	0	0	0
1387.15	0	1	0	0	0
1386.15	0	1	0	0	0
1385.15	0	1	0	0	0
1384.15	0	1	0	0	0
1383.15	0	1	0	0	0
1382.15	0	1	0	0	0
1381.15	0	1	0	0	0
1380.15	0	1	0	0	0
1379.15	0	1	0	0	0
1378.15	0	1	0	0	0
1377.15	0	1	0	0	0
1376.15	0	1	0	0	0
1375.15	0	1	0	0	0
1374.15	0	1	0	0	0
1373.15	0	1	0	0	0
1372.15	0	1	0	0	0
1371.15	0	1	0	0	0
1370.15	0	1	0	0	0
1369.15	0	1	0	0	0
1368.15	0	1	0	0	0
1367.15	0	1	0	0	0
1366.15	0	1	0	0	0
1365.15	0	1	0	0	0
1364.15	0	1	0	0	0
1363.15	0	1	0	0	0
1362.15	0	1	0	0	0
1361.15	0	1	0	0	0
1360.15	0	1	0	0	0
1359.15	0	1	0	0	0
1358.15	0	1	0	0	0
1357.15	0	1	0	0	0
1356.15	0	1	0	0	0
1355.15	0	1	0	0	0
1354.15	0	1	0	0	0
1353.15	0	1	0	0	0
1352.15	0	1	0	0	0
1351.15	0	1	0	0	0
1350.15	0	1	0	0	0
1349.15	0	1	0	0	0
1348.15	0	1	0	0	0
1347.15	0	1	0	0	0
1346.15	0	1	0	0	0
1345.15	0	1	0	0	0
1344.15	0	1	0	0	0
1343.15	0	1	0	0	0
1342.15	0	1	0	0	0
1341.15	0	1	0	0	0
1340.15	0	1	0	0	0
1339.15	0	1	0	0	0
1338.15	0	1	0	0	0
1337.15	0	1	0	0	0
1336.15	0	1	0	0	0
1335.15	0	1	0	0	0
1334.15	0	1	0	0	0
1333.15	0	1	0	0	0
1332.15	0	1	0	0	0
1331.15	0	1	0	0	0
1330.15	0	1	0	0	0
1329.15	0	1	0	0	0
1328.15	0	1	0	0	0
1327.15	0	1	0	0	0
1326.15	0	1	0	0	0
1325.15	0	1	0	0	0
1324.15	0	1	0	0	0
1323.15	0	1	0	0	0
1322.15	0	1	0	0	0
1321.15	0	1	0	0	0
1320.15	0	1	0	0	0
1319.15	0	1	0	0	0
1318.15	0	1	0	0	0
1317.15	0	1	0	0	0
1316.15	0	1	0	0	0
1315.15	0	1	0	0	0
1314.15	0	1	0	0	0
1313.15	0	1	0	0	0
1312.15	0	1	0	0	0
1311.15	0	1	0	0	0
1310.15	0	1	0	0	0
1309.15	0	1	0	0	0
1308.15	0	1	0	0	0
1307.15	0	1	0	0	0
1306.15	0	1	0	0	0
1305.15	0	1	0	0	0
1304.15	0	1	0	0	0
1303.15	0	1	0	0	0
1302.15	0	1	0	0	0
1301.15	0	1	0	0	0
1300.15	0	1	0	0	0
1299.15	0	1	0	0	0
1298.15	0	1	0	0	0
1297.15	0	1	0	0	0
1296.15	0	1	0	0	0
1295.15	0	1	0	0	0
1294.15	0	1	0	0	0
1293.15	0	1	0	0	0
1292.15	0	1	0	0	0
1291.15	0	1	0	0	0
1290.15	0	1	0	0	0
1289.15	0	1	0	0	0
1288.15	0	1	0	0	0
1287.15	0	1	0	0	0
1286.15	0	1	0	0	0
1285.15	0	1	0	0	0
1284.15	0	1	0	0	0
1283.15	0	1	0	0	0
1282.15	0	1	0	0	0
1281.15	0	1	0	0	0
1280.15	0	1	0	0	0
1279.15	0	1	0	0	0
1278.15	0	1	0	0	0
1277.15	0	1	0	0	0
1276.15	0	1	0	0	0
1275.15	0	1	0	0	0
1274.15	0	1	0	0	0
1273.15	0	1	0	0	0
1272.15	0	1	0	0	0
1271.15	0	1	0	0	0
1270.15	0	1	0	0	0
1269.15	0	1	0	0	0
1268.15	0	1	0	0	0
1267.15	0	1	0	0	0
1266.15	0	1	0	0	0
1265.15	0	1	0	0	0
1264.15	0	1	0	0	0
1263.15	0	1	0	0	0
1262.15	0	1	0	0	0
1261.15	0	1	0	0	0
1260.15	0	1	0	0	0
1259.15	0	1	0	0	0
1258.15	0	1	0	0	0
1257.15	0	1	0	0	0
1256.15	0	1	0	0	0
1255.15	0	1	0	0	0
1254.15	0	1	0	0	0
1253.15	0	1	0	0	0
1252.15	0	1	0	0	0
1251.15	0	1	0	0	0
1250.15	0	1	0	0	0
1249.15	0	1	0	0	0
1248.15	0	1	0	0	0
1247.15	0	1	0	0	0
1246.15	0	1	0	0	0
1245.15	0	1	0	0	0
1244.15	0	1	0	0	0
1243.15	0	1	0	0	0
1242.15	0	1	0	0	0
1241.15	0	1	0	0	0
1240.15	0	1	0	0	0
1239.15	0	1	0	0	0
1238.15	0	1	0	0	0
1237.15	0	1	0	0	0
1236.15	0	1	0	0	0
1235.15	0	1	0	0	0
1234.15	0	1	0	0	0
1233.15	0	1	0	0	0
1232.15	0	1	0	0	0
1231.15	0	1	0	0	0
1230.15	0	1	0	0	0
1229.15	0	1	0	0	0
1228.15	0	1	0	0	0
1227.15	0	1	0	0	0
1226.15	0	1	0	0	0
1225.15	0	1	0	0	0
1224.15	0	1	0	0	0
1223.15	0	1	0	0	0
1222.15	0	1	0	0	0
1221.15	0	1	0	0	0
1220.15	0	1	0	0	0
1219.86	0	1	0	0	0
1219.86	0	1	0	0	0
1219.86	0	1	0	0	0
1219.15	0	.9996012	0	3.987674E-04	0
1218.15	0	.9990404	0	9.596135E-04	0
1217.15	0	.9984807	0	.001519304	0
1216.15	0	.9979222	0	.002077843	0
1215.15	0	.9973648	0	.002635232	0
1214.15	0	.9968085	0	.003191475	0
1213.15	0	.9962534	0	.003746574	0
1212.15	0	.9956995	0	.004300533	0
1211.15	0	.9951467	0	.004853353	0
1210.15	0	.994595	0	.005405038	0
1209.15	0	.9940444	0	.00595559	0
1208.15	0	.993495	0	.006505014	0
1207.15	0	.9929467	0	.00705331	0
1206.15	0	.9923995	0	.007600482	0
1205.15	0	.9918535	0	.008146533	0
1204.15	0	.9913085	0	.008691465	0
1203.15	0	.9907647	0	.009235281	0
1202.15	0	.990222	0	.009777984	0
1201.15	0	.9896804	0	.01031958	0
1200.15	0	.9891399	0	.01086006	0
1199.15	0	.9886006	0	.01139944	0
1198.15	0	.9880623	0	.01193772	0
1197.15	0	.9875251	0	.0124749	0
1196.15	0	.986989	0	.01301098	0
1195.15	0	.986454	0	.01354596	0
1194.15	0	.9859201	0	.01407986	0
1193.15	0	.9853873	0	.01461266	0
1192.15	0	.9848556	0	.01514438	0
1191.15	0	.984325	0	.01567501	0
1190.15	0	.9837954	0	.01620456	0
1189.15	0	.983267	0	.01673304	0
1188.15	0	.9827396	0	.01726043	0
1187.15	0	.9822132	0	.01778676	0
1186.15	0	.981688	0	.01831201	0
1185.15	0	.9811638	0	.01883619	0
1184.15	0	.9806407	0	.01935931	0
1183.15	0	.9801186	0	.01988136	0
1182.15	0	.9795977	0	.02040235	0
1181.15	0	.9790777	0	.02092228	0
1180.15	0	.9785588	0	.02144116	0
1179.15	0	.978041	0	.02195898	0
1178.15	0	.9775242	0	.02247575	0
1177.15	0	.9770085	0	.02299147	0
1176.15	0	.9764939	0	.02350614	0
1175.15	0	.9759802	0	.02401977	0
1174.15	0	.9754676	0	.02453236	0
1173.15	0	.9749561	0	.02504391	0
1172.15	0	.9744456	0	.02555442	0
1171.15	0	.9739361	0	.02606389	0
1170.15	0	.9734277	0	.02657234	0
1169.15	0	.9729203	0	.02707975	0
1168.15	0	.9724139	0	.02758614	0
1167.15	0	.9719085	0	.02809149	0
1166.15	0	.9714042	0	.02859583	0
1165.15	0	.9709009	0	.02909915	0
1164.15	0	.9703986	0	.02960144	0
1163.15	0	.9698973	0	.03010272	0
1162.15	0	.969397	0	.03060299	0
1161.15	0	.9688978	0	.03110224	0
1160.15	0	.9683995	0	.03160049	0
1159.15	0	.9679023	0	.03209773	0
1158.15	0	.967406	0	.03259396	0
1157.15	0	.9669108	0	.03308919	0
1156.15	0	.9664166	0	.03358342	0
1155.15	0	.9659233	0	.03407665	0
1154.15	0	.9654311	0	.0345689	0
1153.15	0	.9649399	0	.03506014	0
1152.15	0	.9644496	0	.03555039	0
1151.15	0	.9639604	0	.03603965	0
1150.15	0	.9634721	0	.03652792	0
1149.15	0	.9629848	0	.0370152	0
1148.15	0	.9624985	0	.0375015	0
1147.15	0	.9620132	0	.03798682	0
1146.15	0	.9615288	0	.03847116	0
1145.15	0	.9610455	0	.03895453	0
1144.15	0	.9605631	0	.03943692	0
1143.15	0	.9600817	0	.03991833	0
1142.15	0	.9596012	0	.04039878	0
1141.15	0	.9591217	0	.04087825	0
1140.15	0	.9586432	0	.04135676	0
1139.15	0	.9581657	0	.04183431	0
1138.15	0	.9576891	0	.04231089	0
1137.15	0	.9572135	0	.04278651	0
1136.15	0	.9567388	0	.04326118	0
1135.15	0	.9562651	0	.04373489	0
1134.15	0	.9557924	0	.04420764	0
1133.15	0	.9553206	0	.04467944	0
1132.15	0	.9548497	0	.04515029	0
1131.15	0	.9543798	0	.04562019	0
1130.15	0	.9539108	0	.04608915	0
1129.15	0	.9534428	0	.04655716	0
1128.15	0	.9529758	0	.04702423	0
1127.15	0	.9525096	0	.04749036	0
1126.15	0	.9520445	0	.04795555	0
1125.15	0	.9515802	0	.0484198	0
1124.15	0	.9511169	0	.04888312	0
1123.15	0	.9506545	0	.0493455	0
1122.15	0	.9501931	0	.04980695	0
1121.15	0	.9497325	0	.05026748	0
1120.15	0	.9492729	0	.05072708	0
1119.15	0	.9488143	0	.05118575	0
1118.15	0	.9483565	0	.0516435	0
1117.15	0	.9478997	0	.05210032	0
1116.15	0	.9474438	0	.05255623	0
1115.15	0	.9469888	0	.05301122	0
1114.15	0	.9465347	0	.05346529	0
1113.15	0	.9460816	0	.05391845	0
1112.15	0	.9456293	0	.05437069	0
1111.15	0	.945178	0	.05482203	0
1110.15	0	.9447276	0	.05527245	0
1109.15	0	.944278	0	.05572197	0
1108.15	0	.9438294	0	.05617058	0
1107.15	0	.9433817	0	.05661829	0
1106.15	0	.9429349	0	.0570651	0
1105.15	0	.942489	0	.05751101	0
1104.15	0	.942044	0	.05795602	0
1103.15	0	.9415999	0	.05840013	0
1102.15	0	.9411566	0	.05884335	0
1101.15	0	.9407143	0	.05928567	0
1100.15	0	.9402729	0	.0597271	0
1099.15	0	.9398324	0	.06016765	0
1098.15	0	.9393927	0	.0606073	0
1097.15	0	.9389539	0	.06104607	0
1096.15	0	.9385161	0	.06148395	0
1095.15	0	.9380791	0	.06192095	0
1094.15	0	.9376429	0	.06235707	0
1093.15	0	.9372077	0	.06279231	0
1092.15	0	.9367733	0	.06322667	0
1091.15	0	.9363398	0	.06366016	0
1090.15	0	.9359072	0	.06409277	0
1089.15	0	.9354755	0	.06452451	0
1088.15	0	.9350446	0	.06495537	0
1087.15	0	.9346146	0	.06538537	0
1086.15	0	.9341855	0	.06581449	0
1085.15	0	.9337573	0	.06624275	0
1084.15	0	.9333299	0	.06667015	0
1083.15	0	.9329033	0	.06709668	0
1082.15	0	.9324777	0	.06752235	0
1081.15	0	.9320528	0	.06794716	0
1080.813	0	.9319097	0	.0680903	0
1080.813	0	.9319097	0	.0680903	0
1080.813	0	.9319097	0	.0680903	0
1080.15	0	.9311553	5.04764E-04	.06833993	0
1079.15	0	.9300193	.001264804	.06871588	0
1078.15	0	.9288864	.002022717	.06909086	0
1077.15	0	.9277566	.002778503	.06946487	0
1076.15	0	.9266299	.003532166	.06983791	0
1075.15	0	.9255063	.004283706	.07020998	0
1074.15	0	.9243858	.005033127	.07058109	0
1073.15	0	.9232683	.00578043	.07095124	0
1072.15	0	.922154	.006525618	.07132042	0
1071.15	0	.9210427	.007268691	.07168864	0
1070.15	0	.9199344	.008009653	.07205591	0
1069.15	0	.9188293	.008748505	.07242222	0
1068.15	0	.9177272	.00948525	.07278757	0
1067.15	0	.9166282	.01021989	.07315197	0
1066.15	0	.9155322	.01095242	.07351541	0
1065.15	0	.9144392	.01168286	.0738779	0
1064.15	0	.9133494	.01241119	.07423944	0
1063.15	0	.9122625	.01313743	.07460004	0
1062.15	0	.9111788	.01386157	.07495968	0
1061.15	0	.910098	.01458361	.07531838	0
1060.15	0	.9090203	.01530357	.07567613	0
1059.15	0	.9079456	.01602144	.07603294	0
1058.15	0	.906874	.01673721	.0763888	0
1057.15	0	.9058054	.0174509	.07674373	0
1056.15	0	.9047398	.01816251	.07709771	0
1055.15	0	.9036772	.01887204	.07745075	0
1054.15	0	.9026177	.01957949	.07780285	0
1053.15	0	.9015611	.02028486	.07815402	0
1052.15	0	.9005076	.02098815	.07850425	0
1051.15	0	.8994571	.02168937	.07885354	0
1050.15	0	.8984096	.02238853	.0792019	0
1049.15	0	.8973651	.02308561	.07954932	0
1048.15	0	.8963236	.02378062	.07989581	0
1047.15	0	.8952851	.02447357	.08024137	0
1046.15	0	.8942495	.02516445	.080586	0
1045.15	0	.893217	.02585328	.0809297	0
1044.15	0	.8921875	.02654005	.08127247	0
1043.15	0	.8911609	.02722476	.08161431	0
1042.15	0	.8901374	.02790741	.08195522	0
1041.15	0	.8891168	.02858802	.08229521	0
1040.15	0	.8880992	.02926657	.08263427	0
1039.15	0	.8870845	.02994308	.0829724	0
1038.15	0	.8860729	.03061754	.08330961	0
1037.15	0	.8850642	.03128996	.08364589	0
1036.15	0	.8840584	.03196033	.08398126	0
1035.15	0	.8830556	.03262867	.08431569	0
1034.15	0	.8820558	.03329497	.08464921	0
1033.15	0	.881059	.03395924	.0849818	0
1032.15	0	.8800651	.03462148	.08531347	0
1031.15	0	.8790741	.03528169	.08564422	0
1030.15	0	.8780861	.03593987	.08597405	0
1029.15	0	.877101	.03659603	.08630296	0
1028.15	0	.8761189	.03725017	.08663094	0
1027.15	0	.8751397	.03790229	.08695801	0
1026.15	0	.8741635	.03855239	.08728416	0
1025.15	0	.8731901	.03920048	.08760939	0
1024.15	0	.8722197	.03984656	.0879337	0
1023.15	0	.8712523	.04049063	.08825709	0
1022.15	0	.8702877	.04113269	.08857957	0
1021.15	0	.8693261	.04177276	.08890112	0
1020.15	0	.8683674	.04241082	.08922176	0
1019.15	0	.8674116	.04304689	.08954148	0
1018.15	0	.8664588	.04368096	.08986028	0
1017.15	0	.8655088	.04431304	.09017816	0
1016.15	0	.8645617	.04494313	.09049512	0
1015.15	0	.8636176	.04557124	.09081117	0
1014.15	0	.8626763	.04619737	.0911263	0
1013.15	0	.861738	.04682152	.09144051	0
1012.15	0	.8608025	.04744369	.0917538	0
1011.15	0	.8598699	.0480639	.09206617	0
1010.15	0	.8589402	.04868213	.09237763	0
1009.15	0	.8580134	.0492984	.09268816	0
1008.15	0	.8570895	.04991271	.09299778	0
1007.15	0	.8561685	.05052506	.09330647	0
1006.15	0	.8552503	.05113546	.09361425	0
1005.15	0	.854335	.05174391	.0939211	0
1004.15	0	.8534226	.05235041	.09422704	0
1003.15	0	.852513	.05295496	.09453205	0
1002.15	0	.8516063	.05355758	.09483614	0
1001.15	0	.8507024	.05415827	.09513931	0
1000.15	0	.8498014	.05475702	.09544155	0
999.15	0	.8489033	.05535385	.09574287	0
998.15	0	.848008	.05594876	.09604327	0
997.15	0	.8471155	.05654175	.09634274	0
996.15	0	.8462259	.05713283	.09664128	0
995.15	0	.8453391	.057722	.0969389	0
994.15	0	.8444551	.05830926	.09723559	0
993.15	0	.843574	.05889463	.09753136	0
992.15	0	.8426957	.05947811	.09782619	0
991.15	0	.8418202	.06005969	.09812009	0
990.15	0	.8409475	.06063939	.09841307	0
989.15	0	.8400777	.06121722	.09870511	0
988.15	0	.8392106	.06179317	.09899621	0
987.15	0	.8383464	.06236725	.09928638	0
986.15	0	.8374849	.06293947	.09957562	0
985.15	0	.8366262	.06350984	.09986392	0
984.15	0	.8357704	.06407836	.1001513	0
983.15	0	.8349173	.06464503	.1004377	0
982.15	0	.834067	.06520986	.1007232	0
981.15	0	.8332194	.06577287	.1010077	0
980.15	0	.8323746	.06633405	.1012913	0
979.15	0	.8315326	.06689341	.101574	0
978.15	0	.8306934	.06745095	.1018557	0
977.15	0	.8298569	.0680067	.1021364	0
976.15	0	.8290231	.06856065	.1024162	0
975.15	0	.8281921	.0691128	.1026951	0
974.15	0	.8273639	.06966317	.102973	0
973.15	0	.8265383	.07021177	.1032499	0
972.15	0	.8257155	.0707586	.1035259	0
971.15	0	.8248954	.07130367	.1038009	0
970.15	0	.824078	.07184699	.104075	0
969.15	0	.8232634	.07238857	.1043481	0
968.15	0	.8224514	.07292841	.1046202	0
967.15	0	.8216421	.07346653	.1048914	0
966.15	0	.8208355	.07400293	.1051616	0
965.15	0	.8200316	.07453762	.1054308	0
964.15	0	.8192304	.07507062	.105699	0
963.15	0	.8184318	.07560192	.1059663	0
962.15	0	.8176359	.07613155	.1062326	0
961.15	0	.8168426	.07665951	.1064979	0
960.15	0	.816052	.07718581	.1067622	0
959.15	0	.815264	.07771046	.1070256	0
958.15	0	.8144786	.07823347	.1072879	0
957.15	0	.8136959	.07875486	.1075492	0
956.15	0	.8129158	.07927464	.1078096	0
955.15	0	.8121382	.07979281	.108069	0
954.15	0	.8113633	.08030939	.1083273	0
953.15	0	.8105909	.08082439	.1085847	0
952.15	0	.8098212	.08133782	.108841	0
951.15	0	.809054	.0818497	.1090964	0
950.15	0	.8082893	.08236004	.1093507	0
949.15	0	.8075272	.08286885	.109604	0
948.15	0	.8067676	.08337615	.1098562	0
947.15	0	.8060106	.08388195	.1101075	0
946.15	0	.805256	.08438626	.1103577	0
945.15	0	.804504	.0848891	.1106069	0
944.15	0	.8037544	.08539049	.1108551	0
943.15	0	.8030074	.08589043	.1111022	0
942.15	0	.8022628	.08638895	.1113483	0
941.15	0	.8015207	.08688606	.1115933	0
940.15	0	.800781	.08738178	.1118372	0
939.15	0	.8000437	.08787612	.1120802	0
938.15	0	.7993089	.08836911	.112322	0
937.15	0	.7985764	.08886075	.1125628	0
936.15	0	.7978464	.08935107	.1128025	0
935.15	0	.7971187	.08984009	.1130412	0
934.15	0	.7963934	.09032782	.1132788	0
933.15	0	.7956705	.09081429	.1135152	0
932.15	0	.7949499	.09129951	.1137506	0
931.15	0	.7942316	.0917835	.113985	0
930.15	0	.7935156	.09226629	.1142182	0
929.15	0	.7928018	.0927479	.1144503	0
928.15	0	.7920904	.09322834	.1146813	0
927.15	0	.7913812	.09370764	.1149111	0
926.15	0	.7906743	.09418583	.1151399	0
925.15	0	.7899695	.09466292	.1153675	0
924.15	0	.789267	.09513894	.1155941	0
923.15	0	.7885667	.09561391	.1158194	0
922.15	0	.7878685	.09608787	.1160437	0
921.15	0	.7871724	.09656083	.1162667	0
920.15	0	.7864785	.09703281	.1164887	0
919.15	0	.7857867	.09750386	.1167094	0
918.15	0	.785097	.09797399	.116929	0
917.15	0	.7844093	.09844323	.1171475	0
916.15	0	.7837237	.09891162	.1173647	0
915.15	0	.7830401	.09937917	.1175808	0
914.15	0	.7823585	.09984592	.1177956	0
913.15	0	.7816788	.1003119	.1180093	0
912.15	0	.7810011	.1007772	.1182217	0
911.15	0	.7803253	.1012417	.118433	0
910.15	0	.7796515	.1017056	.118643	0
909.15	0	.7789794	.1021688	.1188518	0
908.15	0	.7783093	.1026314	.1190593	0
907.15	0	.7776409	.1030935	.1192656	0
906.15	0	.7769744	.103555	.1194707	0
905.15	0	.7763096	.104016	.1196744	0
904.15	0	.7756465	.1044765	.119877	0
903.15	0	.7749852	.1049367	.1200782	0
902.15	0	.7743255	.1053964	.1202781	0
901.15	0	.7736674	.1058558	.1204768	0
900.15	0	.773011	.1063149	.1206741	0
899.15	0	.7723561	.1067738	.1208701	0
898.15	0	.7717028	.1072324	.1210648	0
897.15	0	.771051	.1076909	.1212582	0
896.15	0	.7704007	.1081492	.1214502	0
895.15	0	.7697518	.1086074	.1216408	0
894.15	0	.7691043	.1090656	.1218301	0
893.15	0	.7684581	.1095239	.122018	0
892.15	0	.7678133	.1099822	.1222045	0
891.15	0	.7671698	.1104406	.1223896	0
890.15	0	.7665275	.1108992	.1225733	0
889.15	0	.7658865	.1113579	.1227556	0
888.15	0	.7652465	.111817	.1229364	0
887.15	0	.7646078	.1122764	.1231158	0
886.15	0	.76397	.1127362	.1232938	0
885.15	0	.7633333	.1131964	.1234702	0
884.15	0	.7626976	.1136572	.1236452	0
883.15	0	.7620629	.1141185	.1238187	0
882.15	0	.7614289	.1145804	.1239907	0
881.15	0	.7607959	.115043	.1241611	0
880.15	0	.7601636	.1155064	.12433	0
879.15	0	.7595321	.1159706	.1244973	0
878.15	0	.7589012	.1164357	.1246631	0
877.15	0	.7582709	.1169018	.1248273	0
876.15	0	.7576412	.117369	.1249898	0
875.15	0	.757012	.1178372	.1251508	0
874.15	0	.7563833	.1183066	.1253101	0
873.15	0	.7557549	.1187773	.1254678	0
872.15	0	.7551268	.1192494	.1256238	0
871.15	0	.754499	.1197229	.1257781	0
870.15	0	.7538714	.1201979	.1259307	0
869.15	0	.7532439	.1206746	.1260815	0
868.15	0	.7526165	.1211529	.1262306	0
867.15	0	.751989	.121633	.126378	0
866.15	0	.7513614	.1221151	.1265236	0
865.15	0	.7507336	.1225991	.1266673	0
864.15	0	.7501056	.1230852	.1268093	0
863.15	0	.7494772	.1235735	.1269493	0
862.15	0	.7488484	.124064	.1270875	0
861.15	0	.7482192	.1245571	.1272238	0
860.15	0	.7475892	.1250526	.1273582	0
859.15	0	.7469587	.1255508	.1274906	0
858.15	0	.7463273	.1260517	.127621	0
857.15	0	.745695	.1265555	.1277494	0
856.15	0	.7450618	.1270624	.1278758	0
855.15	0	.7444275	.1275724	.1280002	0
854.15	0	.7437919	.1280857	.1281224	0
853.15	0	.7431551	.1286024	.1282425	0
852.15	0	.7425169	.1291227	.1283605	0
851.15	0	.7418771	.1296467	.1284762	0
850.15	0	.7412356	.1301747	.1285897	0
849.15	0	.7405924	.1307066	.128701	0
848.15	0	.7399472	.1312428	.12881	0
847.15	0	.7392999	.1317835	.1289166	0
846.15	0	.7386505	.1323287	.1290208	0
845.15	0	.7379987	.1328787	.1291226	0
844.15	0	.7373444	.1334336	.129222	0
843.15	0	.7366874	.1339938	.1293188	0
842.15	0	.7360276	.1345593	.1294131	0
841.15	0	.7353648	.1351305	.1295048	0
840.15	0	.7346987	.1357075	.1295938	0
839.15	0	.7340293	.1362907	.12968	0
838.15	0	.7333563	.1368802	.1297635	0
837.15	0	.7326796	.1374763	.1298442	0
836.15	0	.7319988	.1380793	.1299219	0
835.15	0	.7313137	.1386896	.1299967	0
834.15	0	.7306242	.1393074	.1300685	0
833.15	0	.7299299	.139933	.1301371	0
832.15	0	.7292307	.1405668	.1302025	0
831.15	0	.7285262	.1412091	.1302647	0
830.15	0	.7278161	.1418604	.1303236	0
829.15	0	.7271001	.142521	.1303789	0
828.15	0	.7263778	.1431914	.1304308	0
827.15	0	.7256491	.143872	.1304789	0
826.15	0	.7249133	.1445633	.1305234	0
825.15	0	.7241703	.1452658	.1305639	0
824.15	0	.7234195	.1459801	.1306005	0
823.15	0	.7226604	.1467066	.1306329	0
822.15	0	.7218927	.1474462	.1306611	0
821.15	0	.7211158	.1481993	.1306849	0
820.15	0	.7203291	.1489668	.1307041	0
819.15	0	.7195321	.1497494	.1307185	0
818.15	0	.7187241	.1505479	.130728	0
817.15	0	.7179044	.1513632	.1307324	0
816.15	0	.7170723	.1521963	.1307313	0
815.15	0	.716227	.1530483	.1307248	0
814.15	0	.7153675	.1539202	.1307123	0
813.15	0	.7144929	.1548133	.1306938	0
812.15	0	.7136022	.1557291	.1306687	0
811.15	0	.7126942	.1566689	.130637	0
810.15	0	.7117675	.1576345	.130598	0
809.15	0	.7108209	.1586276	.1305515	0
808.15	0	.7098526	.1596504	.130497	0
807.15	0	.7081702	.1615443	.1302855	0
806.15	0	.7065215	.1634042	.1300744	0
805.15	0	.7049565	.1651688	.1298747	0
804.15	0	.7034681	.1668463	.1296856	0
803.15	0	.7020499	.1684439	.1295061	0
802.15	0	.7006966	.169968	.1293354	0
801.15	0	.699403	.1714243	.1291727	0
800.15	0	.6981649	.1728176	.1290175	0
799.15	0	.6969782	.1741526	.1288692	0
798.15	0	.6958395	.1754333	.1287272	0
797.15	0	.6947456	.1766633	.1285911	0
796.15	0	.6936935	.177846	.1284605	0
795.15	0	.6926806	.1789844	.128335	0
794.15	0	.6917046	.1800812	.1282143	0
793.15	0	.6907631	.1811389	.128098	0
792.15	0	.6898543	.1821599	.1279858	0
791.15	0	.6889763	.1831461	.1278776	0
790.15	0	.6881273	.1840997	.127773	0
789.15	0	.6873059	.1850223	.1276719	0
788.15	0	.6865105	.1859156	.1275739	0
787.15	0	.6857398	.1867811	.1274791	0
786.15	0	.6849926	.1876204	.1273871	0
785.15	0	.6842676	.1884346	.1272978	0
784.15	0	.6835639	.1892251	.127211	0
783.15	0	.6828823	.1899915	.1271262	0
782.15	0	.6822179	.190738	.1270442	0
781.15	0	.6815718	.1914639	.1269644	0
780.15	0	.6809433	.1921702	.1268866	0
779.15	0	.6803316	.1928577	.1268107	0
778.15	0	.6797359	.1935274	.1267367	0
777.15	0	.6791556	.19418	.1266644	0
776.15	0	.67859	.1948162	.1265938	0
775.15	0	.6780385	.1954368	.1265248	0
774.15	0	.6775005	.1960423	.1264572	0
773.15	0	.6769754	.1966334	.1263911	0
772.15	0	.6764629	.1972107	.1263264	0
771.15	0	.6759623	.1977747	.126263	0
770.15	0	.6754732	.198326	.1262008	0
769.15	0	.6749952	.1988651	.1261398	0
768.15	0	.6745278	.1993923	.1260799	0
767.15	0	.6740707	.1999083	.1260211	0
766.15	0	.6736234	.2004133	.1259633	0
765.15	0	.6731857	.2009078	.1259065	0
764.15	0	.6727572	.2013922	.1258506	0
763.15	0	.6723375	.2018669	.1257956	0
762.15	0	.6719264	.2023321	.1257415	0
761.15	0	.6715235	.2027883	.1256882	0
760.15	0	.6711286	.2032357	.1256357	0
759.15	0	.6707414	.2036747	.1255839	0
758.15	0	.6703617	.2041055	.1255328	0
757.15	0	.6699891	.2045285	.1254824	0
756.15	0	.6696235	.2049437	.1254327	0
755.15	0	.6692647	.2053517	.1253836	0
754.15	0	.6689124	.2057525	.1253352	0
753.15	0	.6685664	.2061464	.1252872	0
752.15	0	.6682265	.2065336	.1252399	0
751.15	0	.6678926	.2069144	.1251931	0
750.15	0	.6675644	.2072888	.1251467	0
749.15	0	.6672418	.2076573	.1251009	0
748.15	0	.6669246	.2080198	.1250555	0
747.15	0	.6666127	.2083767	.1250106	0
746.15	0	.6663059	.208728	.1249661	0
745.15	0	.666004	.209074	.1249221	0
744.15	0	.6657069	.2094148	.1248784	0
743.15	0	.6654145	.2097505	.1248351	0
742.15	0	.6651266	.2100813	.1247921	0
741.15	0	.6648431	.2104074	.1247495	0
740.15	0	.6645639	.2107289	.1247073	0
739.15	0	.6642889	.2110458	.1246653	0
738.15	0	.6640179	.2113584	.1246237	0
737.15	0	.6637509	.2116668	.1245823	0
736.15	0	.6634877	.211971	.1245413	0
735.15	0	.6632283	.2122713	.1245005	0
734.15	0	.6629725	.2125676	.12446	0
733.15	0	.6627202	.2128601	.1244197	0
732.15	0	.6624714	.213149	.1243796	0
731.15	0	.6622259	.2134342	.1243398	0
730.15	0	.6619838	.213716	.1243002	0
729.15	0	.6617448	.2139944	.1242609	0
728.15	0	.6615089	.2142694	.1242217	0
727.15	0	.6612761	.2145412	.1241827	0
726.15	0	.6610462	.2148099	.1241439	0
725.15	0	.6608193	.2150755	.1241053	0
724.15	0	.6605951	.2153381	.1240668	0
723.15	0	.6603737	.2155978	.1240285	0
722.15	0	.660155	.2158546	.1239904	0
721.15	0	.659939	.2161087	.1239524	0
720.15	0	.6597254	.21636	.1239145	0
719.15	0	.6595144	.2166088	.1238768	0
718.15	0	.6593059	.2168549	.1238393	0
717.15	0	.6590997	.2170985	.1238018	0
716.15	0	.6588959	.2173397	.1237645	0
715.15	0	.6586943	.2175785	.1237273	0
714.15	0	.658495	.2178149	.1236901	0
713.15	0	.6582978	.218049	.1236531	0
712.15	0	.6581028	.2182809	.1236162	0
711.15	0	.6579099	.2185107	.1235794	0
710.15	0	.6577191	.2187383	.1235427	0
709.15	0	.6575302	.2189638	.1235061	0
708.15	0	.6573433	.2191872	.1234695	0
707.15	0	.6571583	.2194087	.123433	0
706.15	0	.6569752	.2196282	.1233966	0
705.15	0	.6567939	.2198458	.1233603	0
704.15	0	.6566144	.2200615	.1233241	0
703.15	0	.6564367	.2202755	.1232879	0
702.15	0	.6562607	.2204876	.1232517	0
701.15	0	.6560864	.2206979	.1232156	0
700.15	0	.6559138	.2209066	.1231796	0
699.15	0	.6557428	.2211136	.1231437	0
698.15	0	.6555734	.2213189	.1231077	0
697.15	0	.6554055	.2215226	.1230719	0
696.15	0	.6552392	.2217248	.123036	0
695.15	0	.6550744	.2219254	.1230002	0
694.15	0	.6549111	.2221245	.1229645	0
693.15	0	.6547492	.2223221	.1229288	0
692.15	0	.6545887	.2225182	.1228931	0
691.15	0	.6544296	.2227129	.1228574	0
690.15	0	.6542719	.2229063	.1228218	0
689.15	0	.6541156	.2230982	.1227862	0
688.15	0	.6539605	.2232888	.1227507	0
687.15	0	.6538068	.2234781	.1227151	0
686.15	0	.6536543	.2236661	.1226796	0
685.15	0	.6535031	.2238528	.1226441	0
684.15	0	.6533531	.2240383	.1226087	0
683.15	0	.6532043	.2242225	.1225732	0
682.15	0	.6530567	.2244056	.1225378	0
681.15	0	.6529102	.2245874	.1225024	0
680.15	0	.6527649	.2247681	.1224669	0
679.15	0	.6526208	.2249477	.1224316	0
678.15	0	.6524777	.2251261	.1223962	0
677.15	0	.6523357	.2253035	.1223608	0
676.15	0	.6521948	.2254797	.1223254	0
675.15	0	.652055	.2256549	.1222901	0
674.15	0	.6519162	.2258291	.1222547	0
673.15	0	.6517784	.2260022	.1222194	0
672.15	0	.6516416	.2261743	.122184	0
671.15	0	.6515058	.2263455	.1221487	0
670.15	0	.651371	.2265156	.1221134	0
669.15	0	.6512371	.2266848	.1220781	0
668.15	0	.6511042	.2268531	.1220427	0
667.15	0	.6509722	.2270204	.1220074	0
666.15	0	.6508411	.2271868	.1219721	0
665.15	0	.6507109	.2273523	.1219368	0
664.15	0	.6505816	.227517	.1219015	0
663.15	0	.6504532	.2276807	.1218661	0
662.15	0	.6503256	.2278436	.1218308	0
661.15	0	.6501989	.2280056	.1217955	0
660.15	0	.650073	.2281669	.1217602	0
659.15	0	.6499479	.2283272	.1217248	0
658.15	0	.6498237	.2284868	.1216895	0
657.15	0	.6497002	.2286456	.1216542	0
656.15	0	.6495776	.2288036	.1216188	0
655.15	0	.6494557	.2289609	.1215835	0
654.15	0	.6493346	.2291173	.1215481	0
653.15	0	.6492142	.229273	.1215128	0
652.15	0	.6490946	.229428	.1214774	0
651.15	0	.6489757	.2295823	.121442	0
650.15	0	.6488576	.2297358	.1214066	0
649.15	0	.6487401	.2298886	.1213713	0
648.15	0	.6486234	.2300407	.1213359	0
647.15	0	.6485074	.2301921	.1213005	0
646.15	0	.6483921	.2303428	.1212651	0
645.15	0	.6482774	.2304929	.1212297	0
644.15	0	.6481634	.2306423	.1211943	0
643.15	0	.6480501	.230791	.1211588	0
642.15	0	.6479375	.2309391	.1211234	0
641.15	0	.6478254	.2310866	.121088	0
640.15	0	.6477141	.2312334	.1210526	0
639.15	0	.6476033	.2313796	.1210171	0
638.15	0	.6474932	.2315251	.1209817	0
637.15	0	.6473837	.2316701	.1209462	0
636.15	0	.6472748	.2318144	.1209108	0
635.15	0	.6471665	.2319582	.1208753	0
634.15	0	.6470588	.2321014	.1208398	0
633.15	0	.6469517	.2322439	.1208043	0
632.15	0	.6468452	.2323859	.1207688	0
631.15	0	.6467393	.2325274	.1207334	0
630.15	0	.6466339	.2326683	.1206979	0
629.15	0	.6465291	.2328086	.1206624	0
628.15	0	.6464248	.2329483	.1206269	0
627.15	0	.6463211	.2330876	.1205914	0
626.15	0	.646218	.2332262	.1205558	0
625.15	0	.6461153	.2333644	.1205203	0
624.15	0	.6460132	.233502	.1204848	0
623.15	0	.6459117	.2336391	.1204493	0
622.15	0	.6458106	.2337756	.1204137	0
621.15	0	.6457101	.2339117	.1203782	0
620.15	0	.6456101	.2340472	.1203427	0
619.15	0	.6455106	.2341823	.1203071	0
618.15	0	.6454116	.2343168	.1202716	0
617.15	0	.6453131	.2344509	.120236	0
616.15	0	.6452151	.2345844	.1202005	0
615.15	0	.6451176	.2347175	.120165	0
614.15	0	.6450205	.2348501	.1201294	0
613.15	0	.644924	.2349822	.1200939	0
612.15	0	.6448279	.2351138	.1200583	0
611.15	0	.6447322	.235245	.1200228	0
610.15	0	.6446371	.2353757	.1199872	0
609.15	0	.6445424	.2355059	.1199517	0
608.15	0	.6444481	.2356357	.1199161	0
607.15	0	.6443543	.2357651	.1198806	0
606.15	0	.644261	.2358939	.1198451	0
605.15	0	.6441681	.2360224	.1198095	0
604.15	0	.6440756	.2361504	.119774	0
603.15	0	.6439836	.2362779	.1197385	0
602.15	0	.643892	.236405	.1197029	0
601.15	0	.6438009	.2365317	.1196674	0
600.15	0	.6437101	.2366579	.1196319	0
599.15	0	.6436198	.2367838	.1195964	0
598.15	0	.64353	.2369092	.1195609	0
597.15	0	.6434405	.2370341	.1195254	0
596.15	0	.6433514	.2371587	.1194899	0
595.15	0	.6432627	.2372828	.1194544	0
594.15	0	.6431745	.2374065	.119419	0
593.15	0	.6430867	.2375299	.1193835	0
592.15	0	.6429992	.2376527	.119348	0
591.15	0	.6429122	.2377753	.1193126	0
590.15	0	.6428255	.2378973	.1192772	0
589.15	0	.6427392	.238019	.1192417	0
588.15	0	.6426534	.2381403	.1192063	0
587.15	0	.6425679	.2382612	.1191709	0
586.15	0	.6424828	.2383817	.1191355	0
585.15	0	.642398	.2385018	.1191002	0
584.15	0	.6423137	.2386216	.1190648	0
583.15	0	.6422297	.2387409	.1190294	0
582.15	0	.6421461	.2388598	.1189941	0
581.15	0	.6420628	.2389784	.1189588	0
580.15	0	.64198	.2390966	.1189235	0
579.15	0	.6418975	.2392144	.1188882	0
578.15	0	.6418153	.2393318	.1188529	0
577.15	0	.6417335	.2394488	.1188177	0
576.15	0	.6416521	.2395655	.1187824	0
575.15	0	.641571	.2396818	.1187472	0
574.15	0	.6414903	.2397977	.118712	0
573.15	0	.6414099	.2399132	.1186768	0
572.15	0	.6413299	.2400284	.1186417	0
571.15	0	.6412502	.2401432	.1186065	0
570.15	0	.6411709	.2402577	.1185714	0
569.15	0	.6410919	.2403718	.1185363	0
568.15	0	.6410133	.2404855	.1185013	0
567.15	0	.640935	.2405988	.1184662	0
566.15	0	.640857	.2407118	.1184312	0
565.15	0	.6407793	.2408245	.1183962	0
564.15	0	.640702	.2409368	.1183612	0
563.15	0	.6406251	.2410487	.1183263	0
562.15	0	.6405484	.2411602	.1182913	0
561.15	0	.6404721	.2412715	.1182565	0
560.15	0	.6403961	.2413823	.1182216	0
559.15	0	.6403204	.2414928	.1181867	0
558.15	0	.6402451	.241603	.1181519	0
557.15	0	.6401701	.2417128	.1181172	0
556.15	0	.6400954	.2418223	.1180824	0
555.15	0	.640021	.2419313	.1180477	0
554.15	0	.6399469	.2420401	.118013	0
553.15	0	.6398731	.2421485	.1179783	0
552.15	0	.6397997	.2422566	.1179437	0
551.15	0	.6397266	.2423643	.1179091	0
550.15	0	.6396537	.2424717	.1178746	0
549.15	0	.6395812	.2425787	.1178401	0
548.15	0	.639509	.2426854	.1178056	0
547.15	0	.6394371	.2427918	.1177711	0
546.15	0	.6393655	.2428978	.1177367	0
545.15	0	.6392942	.2430035	.1177023	0
544.15	0	.6392232	.2431088	.117668	0
543.15	0	.6391525	.2432138	.1176337	0
542.15	0	.6390821	.2433184	.1175994	0
541.15	0	.6390121	.2434228	.1175652	0
540.15	0	.6389423	.2435267	.117531	0
539.15	0	.6388727	.2436304	.1174969	0
538.15	0	.6388035	.2437337	.1174628	0
537.15	0	.6387346	.2438366	.1174287	0
536.15	0	.638666	.2439393	.1173947	0
535.15	0	.6385977	.2440416	.1173608	0
534.15	0	.6385296	.2441435	.1173268	0
533.15	0	.6384619	.2442452	.117293	0
532.15	0	.6383944	.2443465	.1172591	0
531.15	0	.6383272	.2444474	.1172253	0
530.15	0	.6382604	.2445481	.1171916	0
529.15	0	.6381938	.2446483	.1171579	0
528.15	0	.6381276	.2447483	.1171242	0
527.15	0	.6380615	.2448479	.1170906	0
526.15	0	.6379958	.2449472	.117057	0
525.15	0	.6379303	.2450462	.1170235	0
524.15	0	.6378651	.2451448	.1169901	0
523.15	0	.6378002	.2452431	.1169567	0
522.15	0	.6377355	.2453411	.1169233	0
521.15	0	.6376712	.2454388	.11689	0
520.15	0	.6376071	.2455361	.1168568	0
519.15	0	.6375433	.2456331	.1168236	0
518.15	0	.6374798	.2457297	.1167905	0
517.15	0	.6374165	.2458261	.1167574	0
516.15	0	.6373535	.2459221	.1167244	0
515.15	0	.6372908	.2460177	.1166915	0
514.15	0	.6372283	.2461131	.1166586	0
513.15	0	.6371662	.2462081	.1166257	0
512.15	0	.6371043	.2463028	.116593	0
511.15	0	.6370426	.2463971	.1165602	0
510.15	0	.6369813	.2464912	.1165276	0
509.15	0	.6369202	.2465849	.116495	0
508.15	0	.6368593	.2466782	.1164624	0
507.15	0	.6367988	.2467713	.11643	0
506.15	0	.6367385	.246864	.1163976	0
505.15	0	.6366784	.2469564	.1163652	0
504.15	0	.6366187	.2470484	.1163329	0
503.15	0	.6365592	.2471402	.1163007	0
502.15	0	.6364999	.2472316	.1162685	0
501.15	0	.6364409	.2473226	.1162365	0
500.15	0	.6363822	.2474134	.1162044	0
499.15	0	.6363238	.2475038	.1161725	0
498.15	0	.6362656	.2475939	.1161406	0
497.15	0	.6362076	.2476836	.1161088	0
496.15	0	.6361499	.247773	.116077	0
495.15	0	.6360925	.2478621	.1160453	0
494.15	0	.6360354	.2479509	.1160137	0
493.15	0	.6359785	.2480394	.1159822	0
492.15	0	.6359218	.2481275	.1159507	0
491.15	0	.6358654	.2482153	.1159193	0
490.15	0	.6358093	.2483027	.115888	0
489.15	0	.6357534	.2483898	.1158568	0
488.15	0	.6356978	.2484766	.1158256	0
487.15	0	.6356424	.2485631	.1157945	0
486.15	0	.6355873	.2486492	.1157635	0
485.15	0	.6355324	.248735	.1157325	0
484.15	0	.6354778	.2488205	.1157017	0
483.15	0	.6354234	.2489057	.1156709	0
482.15	0	.6353693	.2489905	.1156402	0
481.15	0	.6353155	.249075	.1156096	0
480.15	0	.6352619	.2491592	.115579	0
479.15	0	.6352085	.249243	.1155485	0
478.15	0	.6351554	.2493265	.1155181	0
477.15	0	.6351025	.2494097	.1154878	0
476.15	0	.6350499	.2494925	.1154576	0
475.15	0	.6349976	.249575	.1154275	0
474.15	0	.6349454	.2496572	.1153974	0
473.15	0	.6348936	.249739	.1153674	0
472.15	0	.634842	.2498205	.1153375	0
471.15	0	.6347906	.2499017	.1153077	0
470.15	0	.6347395	.2499826	.115278	0
469.15	0	.6346886	.2500631	.1152483	0
468.15	0	.6346379	.2501433	.1152188	0
467.15	0	.6345875	.2502231	.1151893	0
466.15	0	.6345374	.2503026	.11516	0
465.15	0	.6344875	.2503818	.1151307	0
464.15	0	.6344378	.2504607	.1151015	0
463.15	0	.6343884	.2505392	.1150724	0
462.15	0	.6343393	.2506174	.1150434	0
461.15	0	.6342903	.2506953	.1150144	0
460.15	0	.6342416	.2507728	.1149856	0
459.15	0	.6341932	.25085	.1149569	0
458.15	0	.634145	.2509268	.1149282	0
457.15	0	.634097	.2510033	.1148997	0
456.15	0	.6340493	.2510795	.1148712	0
455.15	0	.6340018	.2511554	.1148428	0
454.15	0	.6339546	.2512309	.1148146	0
453.15	0	.6339076	.2513061	.1147864	0
452.15	0	.6338608	.2513809	.1147583	0
451.15	0	.6338143	.2514554	.1147303	0
450.15	0	.633768	.2515296	.1147024	0
449.15	0	.633722	.2516034	.1146747	0
448.15	0	.6336762	.2516768	.114647	0
447.15	0	.6336307	.2517499	.1146195	0
446.15	0	.6335854	.2518226	.114592	0
445.15	0	.6335404	.251895	.1145646	0
444.15	0	.6334956	.251967	.1145374	0
443.15	0	.6334511	.2520386	.1145103	0
442.15	0	.6334069	.2521099	.1144832	0
441.15	0	.6333629	.2521808	.1144564	0
440.15	0	.6333192	.2522513	.1144296	0
439.15	0	.6332757	.2523214	.1144029	0
438.15	0	.6332325	.2523911	.1143764	0
437.15	0	.6331896	.2524604	.1143499	0
436.15	0	.633147	.2525294	.1143236	0
435.15	0	.6331046	.2525979	.1142975	0
434.15	0	.6330625	.252666	.1142714	0
433.15	0	.6330207	.2527337	.1142455	0
432.15	0	.6329792	.2528011	.1142197	0
431.15	0	.632938	.2528679	.1141941	0
430.15	0	.632897	.2529344	.1141686	0
429.15	0	.6328563	.2530005	.1141432	0
428.15	0	.632816	.2530661	.114118	0
427.15	0	.6327758	.2531313	.1140928	0
426.15	0	.632736	.2531961	.1140679	0
425.15	0	.6326965	.2532605	.114043	0
424.15	0	.6326573	.2533244	.1140183	0
423.15	0	.6326183	.2533879	.1139938	0
422.15	0	.6325796	.253451	.1139694	0
421.15	0	.6325412	.2535137	.1139451	0
420.15	0	.6325032	.2535759	.113921	0
419.15	0	.6324654	.2536377	.113897	0
418.15	0	.6324278	.253699	.1138732	0
417.15	0	.6323906	.2537599	.1138495	0
416.15	0	.6323537	.2538204	.1138259	0
415.15	0	.632317	.2538805	.1138025	0
414.15	0	.6322807	.2539401	.1137793	0
413.15	0	.6322446	.2539993	.1137562	0
412.15	0	.6322088	.254058	.1137332	0
411.15	0	.6321733	.2541163	.1137104	0
410.15	0	.6321381	.2541742	.1136877	0
409.15	0	.6321031	.2542317	.1136652	0
408.15	0	.6320685	.2542887	.1136429	0
407.15	0	.6320341	.2543453	.1136206	0
406.15	0	.632	.2544014	.1135986	0
405.15	0	.6319662	.2544571	.1135766	0
404.15	0	.6319327	.2545124	.1135549	0
403.15	0	.6318995	.2545673	.1135333	0
402.15	0	.6318665	.2546217	.1135118	0
401.15	0	.6318338	.2546758	.1134905	0
400.15	0	.6318014	.2547294	.1134693	0
399.15	0	.6317692	.2547825	.1134483	0
398.15	0	.6317373	.2548353	.1134274	0
397.15	0	.6317057	.2548876	.1134067	0
396.15	0	.6316744	.2549395	.1133861	0
395.15	0	.6316433	.254991	.1133657	0
394.15	0	.6316125	.2550421	.1133454	0
393.15	0	.631582	.2550927	.1133253	0
392.15	0	.6315517	.255143	.1133053	0
391.15	0	.6315217	.2551928	.1132855	0
390.15	0	.6314919	.2552423	.1132658	0
389.15	0	.6314624	.2552913	.1132462	0
388.15	0	.6314332	.25534	.1132268	0
387.15	0	.6314042	.2553882	.1132076	0
386.15	0	.6313755	.255436	.1131885	0
385.15	0	.631347	.2554834	.1131696	0
384.15	0	.6313188	.2555305	.1131508	0
383.15	0	.6312908	.2555771	.1131321	0
382.15	0	.631263	.2556234	.1131136	0
381.15	0	.6312355	.2556693	.1130952	0
380.15	0	.6312083	.2557147	.113077	0
379.15	0	.6311812	.2557598	.1130589	0
378.15	0	.6311545	.2558046	.113041	0
377.15	0	.6311279	.2558489	.1130232	0
376.15	0	.6311016	.2558929	.1130056	0
375.15	0	.6310755	.2559364	.1129881	0
374.15	0	.6310496	.2559797	.1129707	0
373.15	0	.631024	.2560225	.1129535	0
372.15	0	.6309986	.256065	.1129364	0
371.15	0	.6309734	.2561071	.1129195	0
370.15	0	.6309484	.2561489	.1129027	0
369.15	0	.6309237	.2561903	.112886	0
368.15	0	.6308992	.2562314	.1128695	0
367.15	0	.6308749	.2562721	.1128531	0
366.15	0	.6308508	.2563124	.1128368	0
365.15	0	.6308269	.2563524	.1128207	0
364.15	0	.6308032	.2563921	.1128048	0
363.15	0	.6307797	.2564314	.1127889	0
362.15	0	.6307564	.2564704	.1127732	0
361.15	0	.6307334	.256509	.1127576	0
360.15	0	.6307105	.2565473	.1127422	0
359.15	0	.6306878	.2565853	.1127269	0
358.15	0	.6306653	.2566229	.1127117	0
357.15	0	.6306431	.2566603	.1126967	0
356.15	0	.630621	.2566972	.1126818	0
355.15	0	.6305991	.2567339	.112667	0
354.15	0	.6305773	.2567703	.1126524	0
353.15	0	.6305558	.2568063	.1126379	0
352.15	0	.6305345	.2568421	.1126235	0
351.15	0	.6305133	.2568775	.1126092	0
350.15	0	.6304923	.2569126	.1125951	0
349.15	0	.6304715	.2569474	.1125811	0
348.15	0	.6304508	.2569819	.1125672	0
347.15	0	.6304304	.2570161	.1125535	0
346.15	0	.6304101	.2570501	.1125399	0
345.15	0	.6303899	.2570837	.1125264	0
344.15	0	.63037	.257117	.112513	0
343.15	0	.6303502	.2571501	.1124998	0
342.15	0	.6303305	.2571828	.1124867	0
341.15	0	.6303111	.2572153	.1124737	0
340.15	0	.6302917	.2572475	.1124608	0
339.15	0	.6302726	.2572794	.112448	0
338.15	0	.6302536	.257311	.1124354	0
337.15	0	.6302347	.2573424	.1124229	0
336.15	0	.630216	.2573735	.1124105	0
335.15	0	.6301975	.2574043	.1123982	0
334.15	0	.630179	.2574349	.1123861	0
333.15	0	.6301608	.2574652	.112374	0
332.15	0	.6301427	.2574952	.1123621	0
331.15	0	.6301247	.257525	.1123503	0
330.15	0	.6301068	.2575545	.1123387	0
329.15	0	.6300891	.2575838	.1123271	0
328.15	0	.6300715	.2576128	.1123156	0
327.15	0	.6300541	.2576416	.1123043	0
326.15	0	.6300368	.2576701	.1122931	0
325.15	0	.6300196	.2576984	.112282	0
324.15	0	.6300026	.2577264	.112271	0
323.15	0	.6299856	.2577542	.1122601	0
322.15	0	.6299688	.2577818	.1122494	0
321.15	0	.6299522	.2578091	.1122387	0
320.15	0	.6299356	.2578362	.1122282	0
319.15	0	.6299192	.2578631	.1122178	0
318.15	0	.6299029	.2578897	.1122074	0
317.15	0	.6298866	.2579161	.1121972	0
316.15	0	.6298706	.2579423	.1121871	0
315.15	0	.6298546	.2579683	.1121772	0
314.15	0	.6298387	.257994	.1121673	0
313.15	0	.629823	.2580195	.1121575	0
312.15	0	.6298073	.2580448	.1121479	0
311.15	0	.6297918	.2580699	.1121383	0
310.15	0	.6297763	.2580948	.1121289	0
309.15	0	.629761	.2581195	.1121196	0
308.15	0	.6297457	.2581439	.1121103	0
307.15	0	.6297306	.2581682	.1121012	0
306.15	0	.6297156	.2581922	.1120922	0
306.0688	0	.6297143	.2581942	.1120915	0
306.0688	0	.6297143	.2581942	.1120915	0
306.0688	0	.6297143	.2581942	.1120915	0
305.15	0	.6299099	.2577196	.1118499	5.206516E-04
304.15	0	.6301226	.2572032	.1115873	.00108688
303.15	0	.6303351	.2566871	.1113252	.001652653
302.15	0	.6305476	.2561711	.1110634	.002217973
301.15	0	.6307599	.2556553	.1108019	.00278284
300.15	0	.6309722	.2551397	.1105409	.003347257
299.15	0	.6311843	.2546243	.1102802	.003911226
298.15	0	.6313963	.254109	.1100199	.004474748
