T	 BPW(LIQUID)	BPW(BCC_A2)	BPW(FCC_A1)	BPW(LAVES_PHASE_C14)	BPW(NI3TI)
1473.15	.2831788	.7168212	0	0	0
1472.15	.2806566	.7193434	0	0	0
1471.15	.2781504	.7218496	0	0	0
1470.15	.2756601	.7243399	0	0	0
1469.15	.2731854	.7268146	0	0	0
1468.15	.2707263	.7292737	0	0	0
1467.15	.2682826	.7317174	0	0	0
1466.15	.2658542	.7341458	0	0	0
1465.15	.263441	.736559	0	0	0
1464.15	.2610428	.7389572	0	0	0
1463.15	.2586595	.7413405	0	0	0
1462.15	.2562909	.7437091	0	0	0
1461.15	.253937	.746063	0	0	0
1460.15	.2515976	.7484024	0	0	0
1459.15	.2492726	.7507274	0	0	0
1458.15	.2469619	.7530382	0	0	0
1457.15	.2446652	.7553348	0	0	0
1456.15	.2423827	.7576173	0	0	0
1455.15	.240114	.759886	0	0	0
1454.15	.2378591	.7621409	0	0	0
1453.15	.2356179	.7643821	0	0	0
1452.15	.2333902	.7666098	0	0	0
1451.15	.231176	.768824	0	0	0
1450.15	.2289751	.7710249	0	0	0
1449.15	.2267875	.7732125	0	0	0
1448.15	.2246129	.7753871	0	0	0
1447.15	.2224514	.7775486	0	0	0
1446.15	.2203027	.7796973	0	0	0
1445.15	.2181668	.7818332	0	0	0
1444.15	.2160437	.7839563	0	0	0
1443.15	.2139331	.7860669	0	0	0
1442.15	.2118349	.7881651	0	0	0
1441.15	.2097492	.7902508	0	0	0
1440.15	.2076757	.7923243	0	0	0
1439.15	.2056144	.7943856	0	0	0
1438.15	.2035652	.7964348	0	0	0
1437.15	.2015279	.7984721	0	0	0
1436.15	.1995026	.8004974	0	0	0
1435.15	.197489	.802511	0	0	0
1434.15	.1954871	.8045129	0	0	0
1433.15	.1934969	.8065032	0	0	0
1432.15	.1915181	.8084819	0	0	0
1431.15	.1895507	.8104493	0	0	0
1430.15	.1875947	.8124053	0	0	0
1429.15	.18565	.8143501	0	0	0
1428.15	.1837163	.8162837	0	0	0
1427.15	.1817938	.8182062	0	0	0
1426.15	.1798822	.8201178	0	0	0
1425.15	.1779815	.8220185	0	0	0
1424.15	.1760916	.8239084	0	0	0
1423.15	.1742124	.8257876	0	0	0
1422.15	.1723439	.8276561	0	0	0
1421.15	.170486	.829514	0	0	0
1420.15	.1686385	.8313615	0	0	0
1419.15	.1668014	.8331986	0	0	0
1418.15	.1649747	.8350253	0	0	0
1417.15	.1631582	.8368418	0	0	0
1416.15	.1613518	.8386482	0	0	0
1415.15	.1595556	.8404445	0	0	0
1414.15	.1577693	.8422307	0	0	0
1413.15	.155993	.844007	0	0	0
1412.15	.1542265	.8457735	0	0	0
1411.15	.1524699	.8475301	0	0	0
1410.15	.1507229	.8492771	0	0	0
1409.15	.1489856	.8510144	0	0	0
1408.15	.1472579	.8527421	0	0	0
1407.15	.1455397	.8544603	0	0	0
1406.15	.1438309	.8561691	0	0	0
1405.15	.1421315	.8578685	0	0	0
1404.15	.1404413	.8595587	0	0	0
1403.15	.1387604	.8612396	0	0	0
1402.15	.1370887	.8629113	0	0	0
1401.15	.135426	.864574	0	0	0
1400.15	.1337724	.8662276	0	0	0
1399.15	.1321278	.8678722	0	0	0
1398.15	.130492	.869508	0	0	0
1397.15	.1288651	.8711349	0	0	0
1396.15	.1272469	.8727531	0	0	0
1395.15	.1256375	.8743625	0	0	0
1394.15	.1240367	.8759633	0	0	0
1393.15	.1224445	.8775555	0	0	0
1392.15	.1208608	.8791392	0	0	0
1391.15	.1192856	.8807144	0	0	0
1390.15	.1177188	.8822812	0	0	0
1389.15	.1161604	.8838396	0	0	0
1388.15	.1146103	.8853898	0	0	0
1387.15	.1130683	.8869317	0	0	0
1386.15	.1115346	.8884654	0	0	0
1385.15	.110009	.889991	0	0	0
1384.15	.1084914	.8915086	0	0	0
1383.15	.1069819	.8930181	0	0	0
1382.15	.1054803	.8945197	0	0	0
1381.15	.1039867	.8960133	0	0	0
1380.15	.1025008	.8974992	0	0	0
1379.15	.1010228	.8989772	0	0	0
1378.15	.09955253	.9004475	0	0	0
1377.15	.09808994	.9019101	0	0	0
1376.15	.096635	.903365	0	0	0
1375.15	.09518765	.9048124	0	0	0
1374.15	.09374784	.9062522	0	0	0
1373.15	.09231552	.9076845	0	0	0
1372.15	.09089064	.9091094	0	0	0
1371.15	.08947316	.9105268	0	0	0
1370.15	.08806302	.911937	0	0	0
1369.15	.08666018	.9133398	0	0	0
1368.15	.08526459	.9147354	0	0	0
1367.15	.0838762	.9161238	0	0	0
1366.15	.08249497	.917505	0	0	0
1365.15	.08112086	.9188791	0	0	0
1364.15	.07975381	.9202462	0	0	0
1363.15	.07839378	.9216062	0	0	0
1362.15	.07704073	.9229593	0	0	0
1361.15	.07569461	.9243054	0	0	0
1360.15	.07435538	.9256446	0	0	0
1359.15	.07302299	.926977	0	0	0
1358.15	.07169742	.9283026	0	0	0
1357.15	.0703786	.9296214	0	0	0
1356.15	.0690665	.9309335	0	0	0
1355.15	.06776108	.9322389	0	0	0
1354.15	.06646229	.9335377	0	0	0
1353.15	.0651701	.9348299	0	0	0
1352.15	.06388447	.9361155	0	0	0
1351.15	.06260536	.9373946	0	0	0
1350.15	.06133272	.9386673	0	0	0
1349.15	.06006652	.9399335	0	0	0
1348.15	.05880672	.9411933	0	0	0
1347.15	.05755328	.9424467	0	0	0
1346.15	.05630617	.9436938	0	0	0
1345.15	.05506534	.9449347	0	0	0
1344.15	.05383076	.9461692	0	0	0
1343.15	.05260239	.9473976	0	0	0
1342.15	.0513802	.9486198	0	0	0
1341.15	.05016415	.9498359	0	0	0
1340.15	.0489542	.9510458	0	0	0
1339.15	.04775032	.9522497	0	0	0
1338.15	.04655248	.9534475	0	0	0
1337.15	.04536063	.9546394	0	0	0
1336.15	.04417475	.9558253	0	0	0
1335.15	.0429948	.9570052	0	0	0
1334.15	.04182076	.9581793	0	0	0
1333.15	.04065257	.9593474	0	0	0
1332.15	.03949022	.9605098	0	0	0
1331.15	.03833366	.9616663	0	0	0
1330.15	.03718287	.9628171	0	0	0
1329.15	.03603782	.9639622	0	0	0
1328.15	.03489848	.9651015	0	0	0
1327.15	.0337648	.9662352	0	0	0
1326.15	.03263677	.9673632	0	0	0
1325.15	.03151434	.9684857	0	0	0
1324.511	.03079951	.9692005	0	0	0
1324.511	.03079951	.9692005	0	0	0
1324.511	.03079951	.9692005	0	0	0
1324.15	.02872202	.9686207	.002657277	0	0
1323.15	.02294576	.9670285	.01002574	0	0
1322.15	.01714903	.9654597	.01739126	0	0
1321.15	.01133166	.9639144	.02475397	0	0
1320.15	.005493528	.9623925	.03211401	0	0
1319.212	0	.9609867	.03901335	0	0
1319.212	0	.9609867	.03901335	0	0
1319.15	0	.9609125	.03908749	0	0
1318.15	0	.9597231	.04027693	0	0
1317.15	0	.9585355	.0414645	0	0
1316.15	0	.9573498	.04265019	0	0
1315.15	0	.956166	.04383401	0	0
1314.15	0	.9549841	.04501595	0	0
1313.15	0	.953804	.04619602	0	0
1312.15	0	.9526258	.04737422	0	0
1311.15	0	.9514495	.04855053	0	0
1310.15	0	.950275	.04972498	0	0
1309.15	0	.9491025	.05089754	0	0
1308.15	0	.9479318	.05206823	0	0
1307.15	0	.946763	.05323704	0	0
1306.15	0	.945596	.05440397	0	0
1305.15	0	.944431	.05556902	0	0
1304.15	0	.9432678	.05673219	0	0
1303.15	0	.9421065	.05789349	0	0
1302.15	0	.9409471	.0590529	0	0
1301.15	0	.9397896	.06021043	0	0
1300.15	0	.9386339	.06136608	0	0
1299.15	0	.9374802	.06251984	0	0
1298.15	0	.9363283	.06367172	0	0
1297.15	0	.9351783	.06482172	0	0
1296.15	0	.9340302	.06596983	0	0
1295.15	0	.9328839	.06711606	0	0
1294.15	0	.9317396	.0682604	0	0
1293.15	0	.9305972	.06940285	0	0
1292.15	0	.9294566	.07054341	0	0
1291.15	0	.9283179	.07168208	0	0
1290.15	0	.9271811	.07281887	0	0
1289.15	0	.9260462	.07395376	0	0
1288.15	0	.9249132	.07508676	0	0
1287.15	0	.9237821	.07621786	0	0
1286.15	0	.9226529	.07734708	0	0
1285.15	0	.9215256	.07847439	0	0
1284.15	0	.9204002	.07959981	0	0
1283.15	0	.9192767	.08072334	0	0
1282.15	0	.918155	.08184496	0	0
1281.15	0	.9170353	.08296469	0	0
1280.15	0	.9159175	.08408251	0	0
1279.15	0	.9148016	.08519843	0	0
1278.15	0	.9136876	.08631245	0	0
1277.15	0	.9125754	.08742457	0	0
1276.15	0	.9114652	.08853478	0	0
1275.15	0	.9103569	.08964308	0	0
1274.15	0	.9092505	.09074948	0	0
1273.15	0	.908146	.09185396	0	0
1272.15	0	.9070435	.09295654	0	0
1271.15	0	.9059428	.0940572	0	0
1270.15	0	.9048441	.09515595	0	0
1269.15	0	.9037472	.09625278	0	0
1268.15	0	.9026523	.0973477	0	0
1267.15	0	.9015593	.0984407	0	0
1266.15	0	.9004682	.09953178	0	0
1265.15	0	.8993791	.1006209	0	0
1264.15	0	.8982918	.1017082	0	0
1263.15	0	.8972065	.1027935	0	0
1262.15	0	.8961231	.1038769	0	0
1261.15	0	.8950417	.1049583	0	0
1260.15	0	.8939621	.1060379	0	0
1259.15	0	.8928845	.1071155	0	0
1258.15	0	.8918089	.1081911	0	0
1257.15	0	.8907351	.1092649	0	0
1256.15	0	.8896633	.1103367	0	0
1255.15	0	.8885935	.1114065	0	0
1254.15	0	.8875255	.1124745	0	0
1253.15	0	.8864596	.1135404	0	0
1252.15	0	.8853955	.1146045	0	0
1251.15	0	.8843334	.1156666	0	0
1250.15	0	.8832733	.1167267	0	0
1249.15	0	.8822151	.1177849	0	0
1248.15	0	.8811588	.1188412	0	0
1247.15	0	.8801046	.1198954	0	0
1246.15	0	.8790522	.1209478	0	0
1245.15	0	.8780019	.1219982	0	0
1244.15	0	.8769534	.1230466	0	0
1243.15	0	.875907	.124093	0	0
1242.15	0	.8748625	.1251375	0	0
1241.15	0	.8738199	.1261801	0	0
1240.15	0	.8727794	.1272206	0	0
1239.15	0	.8717408	.1282592	0	0
1238.15	0	.8707042	.1292958	0	0
1237.15	0	.8696695	.1303305	0	0
1236.15	0	.8686369	.1313631	0	0
1235.15	0	.8676062	.1323938	0	0
1234.15	0	.8665775	.1334225	0	0
1233.15	0	.8655507	.1344493	0	0
1232.15	0	.864526	.135474	0	0
1231.15	0	.8635033	.1364967	0	0
1230.15	0	.8624825	.1375175	0	0
1229.15	0	.8614638	.1385362	0	0
1228.15	0	.860447	.139553	0	0
1227.15	0	.8594322	.1405678	0	0
1226.15	0	.8584195	.1415805	0	0
1225.15	0	.8574087	.1425913	0	0
1224.15	0	.8564	.1436	0	0
1223.15	0	.8553932	.1446068	0	0
1222.15	0	.8543885	.1456115	0	0
1221.15	0	.8533858	.1466142	0	0
1220.15	0	.8523851	.1476149	0	0
1219.15	0	.8513865	.1486135	0	0
1218.15	0	.8503898	.1496102	0	0
1217.15	0	.8493952	.1506048	0	0
1216.15	0	.8484026	.1515974	0	0
1215.15	0	.8474121	.1525879	0	0
1214.15	0	.8464236	.1535764	0	0
1213.15	0	.8454371	.1545629	0	0
1212.15	0	.8444527	.1555473	0	0
1211.15	0	.8434703	.1565297	0	0
1210.15	0	.84249	.15751	0	0
1209.15	0	.8415117	.1584883	0	0
1208.15	0	.8405355	.1594645	0	0
1207.15	0	.8395613	.1604387	0	0
1206.15	0	.8385892	.1614108	0	0
1205.15	0	.8376192	.1623808	0	0
1204.15	0	.8366513	.1633488	0	0
1203.15	0	.8356854	.1643146	0	0
1202.15	0	.8347216	.1652784	0	0
1201.15	0	.8337598	.1662402	0	0
1200.15	0	.8328002	.1671998	0	0
1199.15	0	.8318426	.1681574	0	0
1198.15	0	.8308872	.1691128	0	0
1197.15	0	.8299338	.1700662	0	0
1196.15	0	.8289825	.1710175	0	0
1195.15	0	.8280334	.1719666	0	0
1194.15	0	.8270863	.1729137	0	0
1193.15	0	.8261413	.1738587	0	0
1192.15	0	.8251985	.1748015	0	0
1191.15	0	.8242578	.1757422	0	0
1190.15	0	.8233192	.1766808	0	0
1189.15	0	.8223827	.1776173	0	0
1188.153	0	.8214511	.1785489	0	0
1188.153	0	.8214511	.1785489	0	0
1188.153	0	.8214511	.1785489	0	0
1188.15	0	.8214474	.1785511	1.422252E-06	0
1187.15	0	.8201964	.1793145	4.89074E-04	0
1186.15	0	.8189494	.1800751	9.755368E-04	0
1185.15	0	.8177062	.180833	.001460815	0
1184.15	0	.8164669	.1815882	.001944911	0
1183.15	0	.8152316	.1823406	.002427829	0
1182.15	0	.8140001	.1830903	.002909573	0
1181.15	0	.8127726	.1838373	.003390147	0
1180.15	0	.8115489	.1845816	.003869554	0
1179.15	0	.8103291	.1853231	.004347797	0
1178.15	0	.8091131	.186062	.004824881	0
1177.15	0	.8079011	.1867981	.005300808	0
1176.15	0	.8066929	.1875316	.005775583	0
1175.15	0	.8054885	.1882623	.006249208	0
1174.15	0	.804288	.1889903	.006721688	0
1173.15	0	.8030914	.1897156	.007193025	0
1172.15	0	.8018986	.1904382	.007663223	0
1171.15	0	.8007096	.1911581	.008132286	0
1170.15	0	.7995245	.1918753	.008600217	0
1169.15	0	.7983432	.1925898	.009067019	0
1168.15	0	.7971657	.1933016	.009532696	0
1167.15	0	.7959921	.1940107	.009997251	0
1166.15	0	.7948222	.1947171	.01046069	0
1165.15	0	.7936562	.1954209	.01092301	0
1164.15	0	.7924939	.1961219	.01138422	0
1163.15	0	.7913355	.1968202	.01184432	0
1162.15	0	.7901808	.1975159	.01230331	0
1161.15	0	.7890299	.1982089	.0127612	0
1160.15	0	.7878829	.1988991	.01321799	0
1159.15	0	.7867396	.1995867	.01367369	0
1158.15	0	.7856001	.2002717	.01412829	0
1157.15	0	.7844643	.2009539	.0145818	0
1156.15	0	.7833323	.2016335	.01503423	0
1155.15	0	.7822041	.2023103	.01548557	0
1154.15	0	.7810796	.2029846	.01593585	0
1153.15	0	.7799589	.2036561	.01638503	0
1152.15	0	.7788419	.2043249	.01683314	0
1151.15	0	.7777287	.2049911	.01728018	0
1150.15	0	.7766193	.2056546	.01772615	0
1149.15	0	.7755135	.2063154	.01817105	0
1148.15	0	.7744116	.2069736	.01861489	0
1147.15	0	.7733133	.207629	.01905767	0
1146.15	0	.7722188	.2082818	.01949939	0
1145.15	0	.771128	.208932	.01994006	0
1144.15	0	.7700409	.2095794	.02037968	0
1143.15	0	.7689576	.2102242	.02081825	0
1142.15	0	.7678779	.2108663	.02125577	0
1141.15	0	.766802	.2115058	.02169226	0
1140.15	0	.7657298	.2121425	.0221277	0
1139.15	0	.7646613	.2127767	.0225621	0
1138.15	0	.7635964	.2134081	.02299547	0
1137.15	0	.7625353	.2140369	.02342781	0
1136.15	0	.7614779	.214663	.02385911	0
1135.15	0	.7604242	.2152864	.0242894	0
1134.15	0	.7593742	.2159072	.02471865	0
1133.15	0	.7583278	.2165253	.02514689	0
1132.15	0	.7572851	.2171407	.02557411	0
1131.15	0	.7562462	.2177535	.02600031	0
1130.15	0	.7552109	.2183636	.0264255	0
1129.15	0	.7541792	.2189711	.02684967	0
1128.15	0	.7531513	.2195759	.02727284	0
1127.15	0	.752127	.220178	.02769501	0
1126.15	0	.7511064	.2207774	.02811617	0
1125.15	0	.7500895	.2213742	.02853633	0
1124.15	0	.7490762	.2219683	.02895549	0
1123.15	0	.7480666	.2225597	.02937365	0
1122.15	0	.7470607	.2231485	.02979082	0
1121.15	0	.7460584	.2237346	.030207	0
1120.15	0	.7450598	.224318	.03062219	0
1119.15	0	.7440648	.2248988	.03103639	0
1118.15	0	.7430735	.2254769	.03144961	0
1117.15	0	.7420858	.2260524	.03186185	0
1116.15	0	.7411018	.2266251	.03227311	0
1115.15	0	.7401214	.2271952	.03268339	0
1114.15	0	.7391447	.2277626	.03309269	0
1113.15	0	.7381716	.2283274	.03350102	0
1112.15	0	.7372022	.2288895	.03390838	0
1111.15	0	.7362364	.2294489	.03431478	0
1110.15	0	.7352742	.2300056	.0347202	0
1109.15	0	.7343157	.2305597	.03512466	0
1108.15	0	.7333608	.231111	.03552816	0
1107.15	0	.7324096	.2316597	.0359307	0
1106.15	0	.731462	.2322058	.03633228	0
1105.15	0	.730518	.2327491	.03673291	0
1104.15	0	.7295776	.2332898	.03713258	0
1103.15	0	.7286409	.2338278	.03753129	0
1102.15	0	.7277078	.2343631	.03792906	0
1101.15	0	.7267784	.2348957	.03832588	0
1100.15	0	.7258526	.2354257	.03872175	0
1099.15	0	.7249304	.235953	.03911668	0
1098.15	0	.7240118	.2364775	.03951067	0
1097.15	0	.7230969	.2369994	.03990371	0
1096.15	0	.7221855	.2375186	.04029582	0
1095.15	0	.7212778	.2380352	.04068699	0
1094.15	0	.7203738	.238549	.04107722	0
1093.15	0	.7194733	.2390601	.04146652	0
1092.15	0	.7185765	.2395686	.04185489	0
1091.15	0	.7176833	.2400743	.04224233	0
1090.15	0	.7167938	.2405774	.04262884	0
1089.15	0	.7159078	.2410778	.04301443	0
1088.15	0	.7150255	.2415754	.04339908	0
1087.15	0	.7141468	.2420704	.04378282	0
1086.15	0	.7132717	.2425627	.04416563	0
1085.15	0	.7124002	.2430522	.04454753	0
1084.15	0	.7115324	.2435391	.0449285	0
1083.15	0	.7106682	.2440233	.04530856	0
1082.15	0	.7098076	.2445047	.04568771	0
1081.15	0	.7089506	.2449834	.04606593	0
1080.15	0	.7080973	.2454595	.04644325	0
1079.15	0	.7072476	.2459328	.04681966	0
1078.15	0	.7064014	.2464034	.04719515	0
1077.15	0	.705559	.2468713	.04756974	0
1076.15	0	.7047201	.2473365	.04794342	0
1075.15	0	.7038849	.2477989	.0483162	0
1074.15	0	.7030533	.2482587	.04868807	0
1073.15	0	.7022253	.2487157	.04905903	0
1072.15	0	.7014009	.24917	.0494291	0
1071.15	0	.7005802	.2496215	.04979827	0
1070.15	0	.6997631	.2500704	.05016653	0
1069.15	0	.6989496	.2505165	.0505339	0
1068.15	0	.6981398	.2509598	.05090037	0
1067.15	0	.6973336	.2514005	.05126595	0
1066.15	0	.696531	.2518384	.05163063	0
1065.15	0	.6957321	.2522735	.05199442	0
1064.15	0	.6949367	.252706	.05235731	0
1063.15	0	.694145	.2531357	.05271931	0
1062.15	0	.693357	.2535626	.05308043	0
1061.15	0	.6925726	.2539868	.05344065	0
1060.15	0	.6917918	.2544082	.05379999	0
1059.15	0	.6910146	.2548269	.05415843	0
1058.15	0	.6902411	.2552429	.05451599	0
1057.15	0	.6894713	.2556561	.05487267	0
1056.15	0	.688705	.2560665	.05522846	0
1055.15	0	.6879425	.2564742	.05558337	0
1054.15	0	.6871835	.2568791	.05593739	0
1053.15	0	.6864282	.2572813	.05629053	0
1052.15	0	.6856766	.2576806	.05664279	0
1051.15	0	.6849286	.2580773	.05699416	0
1050.15	0	.6841842	.2584711	.05734466	0
1049.15	0	.6834435	.2588622	.05769428	0
1048.15	0	.6827065	.2592505	.05804302	0
1047.15	0	.6819731	.259636	.05839088	0
1046.15	0	.6812434	.2600188	.05873786	0
1045.15	0	.6805173	.2603988	.05908396	0
1044.15	0	.6797949	.260776	.05942919	0
1043.15	0	.6790761	.2611504	.05977354	0
1042.15	0	.678361	.261522	.06011701	0
1041.15	0	.6776496	.2618908	.06045961	0
1040.15	0	.6769418	.2622569	.06080133	0
1039.15	0	.6762377	.2626201	.06114218	0
1038.15	0	.6755373	.2629806	.06148215	0
1037.15	0	.6748405	.2633383	.06182125	0
1036.15	0	.6741474	.2636931	.06215947	0
1035.15	0	.673458	.2640452	.06249682	0
1034.15	0	.6727723	.2643945	.0628333	0
1033.15	0	.6720902	.2647409	.0631689	0
1032.15	0	.6714118	.2650846	.06350363	0
1031.15	0	.6707371	.2654254	.06383748	0
1030.15	0	.6700661	.2657634	.06417046	0
1029.15	0	.6693988	.2660986	.06450257	0
1028.15	0	.6687352	.266431	.0648338	0
1027.15	0	.6680752	.2667606	.06516416	0
1026.15	0	.667419	.2670874	.06549365	0
1025.15	0	.6667664	.2674113	.06582226	0
1024.15	0	.6661175	.2677325	.06614999	0
1023.15	0	.6654724	.2680508	.06647686	0
1022.15	0	.6648309	.2683663	.06680284	0
1021.15	0	.6641931	.2686789	.06712796	0
1020.15	0	.6635591	.2689887	.06745219	0
1019.15	0	.6629287	.2692957	.06777555	0
1018.15	0	.6623021	.2695999	.06809804	0
1017.15	0	.6616791	.2699012	.06841965	0
1016.15	0	.6610599	.2701997	.06874038	0
1015.15	0	.6604444	.2704954	.06906023	0
1014.15	0	.6598326	.2707882	.0693792	0
1013.15	0	.6592245	.2710782	.0696973	0
1012.15	0	.6586202	.2713653	.07001452	0
1011.15	0	.6580195	.2716496	.07033085	0
1010.15	0	.6574226	.2719311	.07064631	0
1009.15	0	.6568294	.2722097	.07096088	0
1008.15	0	.65624	.2724855	.07127457	0
1007.15	0	.6556542	.2727584	.07158737	0
1006.15	0	.6550722	.2730285	.07189929	0
1005.15	0	.6544939	.2732957	.07221033	0
1004.15	0	.6539194	.2735601	.07252048	0
1003.15	0	.6533486	.2738217	.07282973	0
1002.15	0	.6527815	.2740804	.07313811	0
1001.15	0	.6522182	.2743362	.07344559	0
1000.15	0	.6516586	.2745892	.07375218	0
999.15	0	.6511027	.2748394	.07405787	0
998.15	0	.6505506	.2750867	.07436268	0
997.15	0	.6500022	.2753312	.07466658	0
996.15	0	.6494576	.2755728	.07496959	0
995.15	0	.6489167	.2758116	.07527171	0
994.15	0	.6483796	.2760475	.07557292	0
993.15	0	.6478462	.2762806	.07587323	0
992.15	0	.6473165	.2765109	.07617264	0
991.15	0	.6467906	.2767383	.07647114	0
990.15	0	.6462684	.2769628	.07676873	0
989.15	0	.6457501	.2771845	.07706542	0
988.15	0	.6452354	.2774034	.0773612	0
987.15	0	.6447245	.2776194	.07765606	0
986.15	0	.6442173	.2778327	.07795001	0
985.15	0	.6437139	.278043	.07824305	0
984.15	0	.6432143	.2782506	.07853516	0
983.15	0	.6427184	.2784553	.07882636	0
982.15	0	.6422262	.2786572	.07911663	0
981.15	0	.6417378	.2788562	.07940598	0
980.15	0	.6412531	.2790525	.0796944	0
979.15	0	.6407722	.2792459	.07998189	0
978.15	0	.6402951	.2794365	.08026844	0
977.15	0	.6398216	.2796243	.08055407	0
976.15	0	.639352	.2798093	.08083875	0
975.15	0	.638886	.2799915	.08112249	0
974.15	0	.6384239	.2801709	.0814053	0
973.15	0	.6379654	.2803474	.08168715	0
972.15	0	.6375107	.2805212	.08196806	0
971.15	0	.6370598	.2806922	.08224801	0
970.15	0	.6366125	.2808605	.08252701	0
969.15	0	.636169	.2810259	.08280505	0
968.15	0	.6357293	.2811886	.08308213	0
967.15	0	.6352932	.2813485	.08335825	0
966.15	0	.6348609	.2815057	.08363339	0
965.15	0	.6344323	.2816601	.08390757	0
964.15	0	.6340074	.2818118	.08418077	0
963.15	0	.6335863	.2819607	.084453	0
962.15	0	.6331688	.282107	.08472424	0
961.15	0	.6327551	.2822504	.08499449	0
960.15	0	.632345	.2823912	.08526376	0
959.15	0	.6319387	.2825293	.08553203	0
958.15	0	.631536	.2826647	.0857993	0
957.15	0	.6311371	.2827974	.08606558	0
956.15	0	.6307418	.2829274	.08633084	0
955.15	0	.6303502	.2830547	.0865951	0
954.15	0	.6299622	.2831794	.08685834	0
953.15	0	.629578	.2833015	.08712056	0
952.15	0	.6291974	.2834209	.08738176	0
951.15	0	.6288204	.2835377	.08764193	0
950.15	0	.6284471	.2836519	.08790107	0
949.15	0	.6280774	.2837635	.08815917	0
948.15	0	.6277113	.2838725	.08841623	0
947.15	0	.6273489	.2839789	.08867224	0
946.15	0	.62699	.2840828	.08892719	0
945.15	0	.6266348	.2841841	.08918109	0
944.15	0	.6262831	.284283	.08943392	0
943.15	0	.6259351	.2843793	.08968569	0
942.15	0	.6255906	.2844731	.08993638	0
941.15	0	.6252496	.2845644	.09018598	0
940.15	0	.6249122	.2846533	.09043451	0
939.15	0	.6245783	.2847397	.09068193	0
938.15	0	.624248	.2848237	.09092826	0
937.15	0	.6239212	.2849053	.09117349	0
936.15	0	.6235978	.2849846	.0914176	0
935.15	0	.623278	.2850614	.0916606	0
934.15	0	.6229616	.2851359	.09190247	0
933.15	0	.6226487	.2852081	.09214322	0
932.15	0	.6223392	.285278	.09238282	0
931.15	0	.6220331	.2853457	.09262128	0
930.15	0	.6217304	.285411	.09285858	0
929.15	0	.6214311	.2854742	.09309473	0
928.15	0	.6211352	.2855351	.09332971	0
927.15	0	.6208426	.2855939	.09356352	0
926.15	0	.6205534	.2856505	.09379615	0
925.15	0	.6202675	.2857049	.09402758	0
924.15	0	.6199848	.2857573	.09425782	0
923.15	0	.6197055	.2858077	.09448685	0
922.15	0	.6194294	.285856	.09471467	0
921.15	0	.6191565	.2859023	.09494126	0
920.15	0	.6188868	.2859466	.09516663	0
919.15	0	.6186203	.285989	.09539075	0
918.15	0	.6183569	.2860294	.09561362	0
917.15	0	.6180967	.286068	.09583524	0
916.15	0	.6178396	.2861048	.09605559	0
915.15	0	.6175856	.2861398	.09627466	0
914.15	0	.6173346	.286173	.09649244	0
913.15	0	.6170866	.2862045	.09670892	0
912.15	0	.6168416	.2862343	.0969241	0
911.15	0	.6165995	.2862625	.09713796	0
910.15	0	.6163604	.2862891	.09735049	0
909.15	0	.6161242	.2863141	.09756168	0
908.15	0	.6158908	.2863376	.09777152	0
907.15	0	.6156603	.2863597	.09798	0
906.15	0	.6154326	.2863803	.09818711	0
905.15	0	.6152076	.2863996	.09839283	0
904.15	0	.6149853	.2864176	.09859716	0
903.15	0	.6147657	.2864342	.09880007	0
902.15	0	.6145487	.2864497	.09900157	0
901.15	0	.6143344	.286464	.09920163	0
900.15	0	.6141225	.2864772	.09940024	0
899.15	0	.6139132	.2864894	.09959739	0
898.15	0	.6137064	.2865006	.09979307	0
897.15	0	.6135019	.2865108	.09998726	0
896.15	0	.6132999	.2865202	.1001799	0
895.15	0	.6131002	.2865287	.1003711	0
894.15	0	.6129027	.2865366	.1005608	0
893.15	0	.6127074	.2865437	.1007488	0
892.15	0	.6125144	.2865503	.1009354	0
891.15	0	.6123234	.2865563	.1011203	0
890.15	0	.6121345	.2865618	.1013037	0
889.15	0	.6119476	.286567	.1014854	0
888.15	0	.6117626	.2865719	.1016655	0
887.15	0	.6115795	.2865765	.101844	0
886.15	0	.6113983	.2865809	.1020208	0
885.15	0	.6112188	.2865853	.1021959	0
884.15	0	.6110409	.2865898	.1023693	0
883.15	0	.6108647	.2865943	.102541	0
882.15	0	.6106901	.286599	.102711	0
881.15	0	.6105169	.286604	.1028792	0
880.15	0	.6103451	.2866093	.1030455	0
879.15	0	.6101747	.2866152	.1032102	0
878.15	0	.6100055	.2866216	.1033729	0
877.15	0	.6098374	.2866287	.1035339	0
876.15	0	.6096705	.2866366	.1036929	0
875.15	0	.6095046	.2866454	.1038501	0
874.15	0	.6093395	.2866552	.1040053	0
873.15	0	.6091753	.2866661	.1041586	0
872.15	0	.6090118	.2866783	.1043099	0
871.15	0	.608849	.2866918	.1044592	0
870.15	0	.6086867	.2867068	.1046065	0
869.15	0	.6085248	.2867234	.1047517	0
868.15	0	.6083633	.2867418	.1048949	0
867.15	0	.608202	.2867621	.1050359	0
866.15	0	.6080408	.2867845	.1051748	0
865.15	0	.6078796	.286809	.1053115	0
864.15	0	.6077182	.2868359	.1054459	0
863.15	0	.6075566	.2868652	.1055781	0
862.15	0	.6073947	.2868973	.1057081	0
861.15	0	.6072322	.2869321	.1058357	0
860.15	0	.6070691	.28697	.1059609	0
859.15	0	.6069052	.2870111	.1060837	0
858.15	0	.6067403	.2870555	.1062041	0
857.15	0	.6065744	.2871036	.106322	0
856.15	0	.6064073	.2871554	.1064373	0
855.15	0	.6062387	.2872112	.1065501	0
854.15	0	.6060686	.2872712	.1066602	0
853.15	0	.6058967	.2873357	.1067676	0
852.15	0	.6057229	.2874048	.1068723	0
851.15	0	.605547	.2874789	.1069741	0
850.15	0	.6053687	.2875581	.1070732	0
849.15	0	.6051879	.2876428	.1071692	0
848.15	0	.6050044	.2877333	.1072623	0
847.15	0	.6048179	.2878298	.1073523	0
846.15	0	.6046282	.2879326	.1074392	0
845.15	0	.604435	.2880422	.1075229	0
844.15	0	.604238	.2881587	.1076032	0
843.15	0	.6040371	.2882827	.1076802	0
842.15	0	.6038319	.2884144	.1077538	0
841.15	0	.603622	.2885543	.1078237	0
840.15	0	.6034072	.2887028	.10789	0
839.15	0	.6031872	.2888603	.1079525	0
838.15	0	.6029615	.2890275	.1080111	0
837.15	0	.6027298	.2892046	.1080657	0
836.15	0	.6024916	.2893923	.1081161	0
835.15	0	.6022465	.2895913	.1081622	0
834.15	0	.6019941	.289802	.1082039	0
833.15	0	.6017338	.2900251	.108241	0
832.15	0	.6014651	.2902615	.1082734	0
831.15	0	.6011875	.2905118	.1083007	0
830.15	0	.6009002	.290777	.1083229	0
829.15	0	.6006026	.2910578	.1083397	0
828.15	0	.6002939	.2913553	.1083508	0
827.15	0	.5999734	.2916705	.1083561	0
826.15	0	.5996402	.2920047	.1083551	0
825.15	0	.5992932	.2923592	.1083477	0
824.15	0	.5989314	.2927352	.1083334	0
823.15	0	.5985537	.2931345	.1083118	0
822.15	0	.5981586	.2935588	.1082826	0
821.15	0	.5972532	.2946313	.1081155	0
820.15	0	.5963145	.295752	.1079335	0
819.15	0	.5954523	.2967822	.1077656	0
818.15	0	.5946579	.2977322	.1076099	0
817.15	0	.5939244	.2986105	.1074652	0
816.15	0	.5932457	.2994243	.10733	0
815.15	0	.5926167	.3001799	.1072034	0
814.15	0	.5920329	.3008826	.1070845	0
813.15	0	.5914903	.3015372	.1069725	0
812.15	0	.5909856	.3021476	.1068668	0
811.15	0	.5905157	.3027176	.1067667	0
810.15	0	.5900778	.3032504	.1066718	0
809.15	0	.5896695	.3037489	.1065816	0
808.15	0	.5892886	.3042156	.1064958	0
807.15	0	.5889333	.3046529	.1064139	0
806.15	0	.5886016	.3050628	.1063357	0
805.15	0	.5882919	.3054473	.1062608	0
804.15	0	.5880028	.3058082	.1061891	0
803.15	0	.5877329	.3061469	.1061202	0
802.15	0	.5874809	.3064651	.106054	0
801.15	0	.5872457	.306764	.1059903	0
800.15	0	.5870263	.3070448	.1059289	0
799.15	0	.5868217	.3073087	.1058697	0
798.15	0	.5866309	.3075567	.1058125	0
797.15	0	.5864531	.3077898	.1057571	0
796.15	0	.5862876	.3080089	.1057035	0
795.15	0	.5861336	.3082149	.1056516	0
794.15	0	.5859904	.3084085	.1056012	0
793.15	0	.5858574	.3085904	.1055522	0
792.15	0	.5857341	.3087614	.1055045	0
791.15	0	.5856198	.308922	.1054582	0
790.15	0	.5855141	.3090729	.105413	0
789.15	0	.5854164	.3092146	.105369	0
788.15	0	.5853264	.3093476	.105326	0
787.15	0	.5852436	.3094725	.1052839	0
786.15	0	.5851675	.3095896	.1052429	0
785.15	0	.5850979	.3096995	.1052027	0
784.15	0	.5850343	.3098024	.1051633	0
783.15	0	.5849764	.3098989	.1051247	0
782.15	0	.584924	.3099892	.1050868	0
781.15	0	.5848766	.3100737	.1050497	0
780.15	0	.5848341	.3101527	.1050132	0
779.15	0	.5847961	.3102266	.1049773	0
778.15	0	.5847625	.3102956	.104942	0
777.15	0	.5847329	.3103599	.1049072	0
776.15	0	.5847072	.3104199	.1048729	0
775.15	0	.5846851	.3104758	.1048392	0
774.15	0	.5846664	.3105277	.1048059	0
773.15	0	.584651	.310576	.104773	0
772.15	0	.5846386	.3106208	.1047406	0
771.15	0	.5846291	.3106624	.1047085	0
770.15	0	.5846223	.3107008	.1046769	0
769.15	0	.5846181	.3107364	.1046455	0
768.15	0	.5846164	.3107691	.1046145	0
767.15	0	.5846169	.3107993	.1045838	0
766.15	0	.5846196	.3108271	.1045533	0
765.15	0	.5846243	.3108525	.1045232	0
764.15	0	.5846339	.3108735	.1044926	0
763.15	0	.584642	.310895	.104463	0
762.15	0	.5846519	.3109145	.1044336	0
761.15	0	.5846633	.3109322	.1044045	0
760.15	0	.5846763	.3109482	.1043755	0
759.15	0	.5846906	.3109626	.1043467	0
758.15	0	.5847063	.3109756	.1043181	0
757.15	0	.5847232	.3109871	.1042897	0
756.15	0	.5847413	.3109973	.1042614	0
755.15	0	.5847604	.3110063	.1042332	0
754.15	0	.5847805	.3110142	.1042052	0
753.15	0	.5848016	.3110211	.1041773	0
752.15	0	.5848235	.3110269	.1041495	0
751.15	0	.5848463	.3110318	.1041219	0
750.15	0	.5848697	.3110359	.1040943	0
749.15	0	.5848939	.3110393	.1040668	0
748.15	0	.5849187	.3110419	.1040394	0
747.15	0	.5849441	.3110438	.1040121	0
746.15	0	.5849699	.3110452	.1039849	0
745.15	0	.5849963	.311046	.1039577	0
744.15	0	.5850231	.3110463	.1039306	0
743.15	0	.5850503	.3110461	.1039035	0
742.15	0	.5850779	.3110456	.1038765	0
741.15	0	.5851058	.3110447	.1038495	0
740.15	0	.5851339	.3110435	.1038226	0
739.15	0	.5851623	.311042	.1037957	0
738.15	0	.5851909	.3110403	.1037688	0
737.15	0	.5852197	.3110383	.103742	0
736.15	0	.5852486	.3110362	.1037151	0
735.15	0	.5852777	.311034	.1036883	0
734.15	0	.5853068	.3110317	.1036615	0
733.15	0	.585336	.3110292	.1036347	0
732.15	0	.5853653	.3110268	.1036079	0
731.15	0	.5853946	.3110243	.1035812	0
730.15	0	.5854238	.3110218	.1035544	0
729.15	0	.585453	.3110194	.1035276	0
728.15	0	.5854822	.311017	.1035008	0
727.15	0	.5855113	.3110147	.103474	0
726.15	0	.5855404	.3110124	.1034472	0
725.15	0	.5855693	.3110103	.1034204	0
724.15	0	.5855981	.3110084	.1033935	0
723.15	0	.5856268	.3110065	.1033667	0
722.15	0	.5856553	.3110049	.1033398	0
721.15	0	.5856837	.3110034	.1033129	0
720.15	0	.5857119	.3110021	.103286	0
719.15	0	.5857399	.3110011	.103259	0
718.15	0	.5857677	.3110003	.103232	0
717.15	0	.5857953	.3109997	.103205	0
716.15	0	.5858227	.3109993	.103178	0
715.15	0	.5858498	.3109993	.1031509	0
714.15	0	.5858767	.3109995	.1031238	0
713.15	0	.5859033	.311	.1030967	0
712.15	0	.5859297	.3110008	.1030695	0
711.15	0	.5859558	.3110019	.1030423	0
710.15	0	.5859817	.3110033	.1030151	0
709.15	0	.5860072	.311005	.1029878	0
708.15	0	.5860325	.311007	.1029605	0
707.15	0	.5860575	.3110094	.1029331	0
706.15	0	.5860822	.3110122	.1029057	0
705.15	0	.5861065	.3110152	.1028782	0
704.15	0	.5861306	.3110187	.1028507	0
703.15	0	.5861544	.3110225	.1028232	0
702.15	0	.5861778	.3110266	.1027956	0
701.15	0	.5862009	.3110311	.102768	0
700.15	0	.5862237	.311036	.1027403	0
699.15	0	.5862461	.3110413	.1027126	0
698.15	0	.5862682	.311047	.1026848	0
697.15	0	.58629	.311053	.102657	0
696.15	0	.5863114	.3110594	.1026291	0
695.15	0	.5863325	.3110663	.1026012	0
694.15	0	.5863533	.3110735	.1025733	0
693.15	0	.5863737	.3110811	.1025453	0
692.15	0	.5863938	.3110891	.1025172	0
691.15	0	.5864135	.3110975	.1024891	0
690.15	0	.5864328	.3111063	.1024609	0
689.15	0	.5864518	.3111155	.1024327	0
688.15	0	.5864705	.3111251	.1024045	0
687.15	0	.5864888	.3111351	.1023761	0
686.15	0	.5865067	.3111455	.1023478	0
685.15	0	.5865243	.3111563	.1023194	0
684.15	0	.5865416	.3111675	.1022909	0
683.15	0	.5865584	.3111791	.1022624	0
682.15	0	.586575	.3111912	.1022339	0
681.15	0	.5865912	.3112036	.1022053	0
680.15	0	.586607	.3112164	.1021766	0
679.15	0	.5866225	.3112297	.1021479	0
678.15	0	.5866376	.3112433	.1021191	0
677.15	0	.5866523	.3112573	.1020903	0
676.15	0	.5866667	.3112718	.1020615	0
675.15	0	.5866808	.3112866	.1020326	0
674.15	0	.5866945	.3113019	.1020036	0
673.15	0	.5867079	.3113175	.1019746	0
672.15	0	.5867209	.3113336	.1019456	0
671.15	0	.5867335	.31135	.1019165	0
670.15	0	.5867459	.3113668	.1018873	0
669.15	0	.5867578	.3113841	.1018581	0
668.15	0	.5867695	.3114017	.1018289	0
667.15	0	.5867807	.3114197	.1017996	0
666.15	0	.5867917	.3114381	.1017703	0
665.15	0	.5868023	.3114568	.1017409	0
664.15	0	.5868125	.311476	.1017114	0
663.15	0	.5868225	.3114956	.101682	0
662.15	0	.5868321	.3115155	.1016524	0
661.15	0	.5868413	.3115358	.1016229	0
660.15	0	.5868503	.3115565	.1015933	0
659.15	0	.5868589	.3115775	.1015636	0
658.15	0	.5868672	.311599	.1015339	0
657.15	0	.5868751	.3116207	.1015042	0
656.15	0	.5868827	.3116429	.1014744	0
655.15	0	.58689	.3116654	.1014445	0
654.15	0	.586897	.3116883	.1014147	0
653.15	0	.5869037	.3117116	.1013848	0
652.15	0	.58691	.3117352	.1013548	0
651.15	0	.5869161	.3117591	.1013248	0
650.15	0	.5869218	.3117834	.1012948	0
649.15	0	.5869272	.3118081	.1012647	0
648.15	0	.5869323	.3118331	.1012346	0
647.15	0	.5869371	.3118585	.1012044	0
646.15	0	.5869416	.3118842	.1011742	0
645.15	0	.5869458	.3119102	.101144	0
644.15	0	.5869497	.3119365	.1011137	0
643.15	0	.5869533	.3119632	.1010834	0
642.15	0	.5869566	.3119903	.1010531	0
641.15	0	.5869597	.3120176	.1010227	0
640.15	0	.5869624	.3120453	.1009923	0
639.15	0	.5869648	.3120733	.1009619	0
638.15	0	.586967	.3121016	.1009314	0
637.15	0	.5869688	.3121303	.1009009	0
636.15	0	.5869704	.3121592	.1008703	0
635.15	0	.5869718	.3121885	.1008398	0
634.15	0	.5869728	.3122181	.1008092	0
633.15	0	.5869736	.3122479	.1007785	0
632.15	0	.5869741	.3122781	.1007478	0
631.15	0	.5869743	.3123086	.1007172	0
630.15	0	.5869742	.3123393	.1006864	0
629.15	0	.5869739	.3123704	.1006557	0
628.15	0	.5869734	.3124018	.1006249	0
627.15	0	.5869725	.3124334	.1005941	0
626.15	0	.5869715	.3124653	.1005632	0
625.15	0	.5869701	.3124975	.1005324	0
624.15	0	.5869685	.31253	.1005015	0
623.15	0	.5869667	.3125627	.1004706	0
622.15	0	.5869646	.3125958	.1004396	0
621.15	0	.5869623	.3126291	.1004087	0
620.15	0	.5869597	.3126626	.1003777	0
619.15	0	.5869569	.3126965	.1003467	0
618.15	0	.5869538	.3127305	.1003157	0
617.15	0	.5869505	.3127649	.1002846	0
616.15	0	.586947	.3127995	.1002536	0
615.15	0	.5869432	.3128343	.1002225	0
614.15	0	.5869392	.3128694	.1001914	0
613.15	0	.586935	.3129047	.1001603	0
612.15	0	.5869306	.3129403	.1001291	0
611.15	0	.5869259	.3129761	.100098	0
610.15	0	.586921	.3130122	.1000668	0
609.15	0	.5869159	.3130485	.1000356	0
608.15	0	.5869106	.313085	.1000044	0
607.15	0	.586905	.3131218	.0999732	0
606.15	0	.5868993	.3131587	.09994198	0
605.15	0	.5868933	.3131959	.09991074	0
604.15	0	.5868872	.3132333	.09987949	0
603.15	0	.5868808	.313271	.09984823	0
602.15	0	.5868742	.3133088	.09981696	0
601.15	0	.5868675	.3133469	.09978568	0
600.15	0	.5868605	.3133851	.09975439	0
599.15	0	.5868533	.3134236	.09972309	0
598.15	0	.586846	.3134622	.09969179	0
597.15	0	.5868384	.3135011	.09966048	0
596.15	0	.5868307	.3135402	.09962917	0
595.15	0	.5868227	.3135794	.09959784	0
594.15	0	.5868146	.3136189	.09956652	0
593.15	0	.5868063	.3136585	.09953519	0
592.15	0	.5867979	.3136983	.09950386	0
591.15	0	.5867892	.3137383	.09947252	0
590.15	0	.5867804	.3137785	.09944119	0
589.15	0	.5867714	.3138188	.09940985	0
588.15	0	.5867622	.3138593	.09937851	0
587.15	0	.5867528	.3139	.09934718	0
586.15	0	.5867433	.3139409	.09931584	0
585.15	0	.5867336	.3139819	.09928451	0
584.15	0	.5867237	.3140231	.09925318	0
583.15	0	.5867137	.3140644	.09922185	0
582.15	0	.5867036	.3141059	.09919053	0
581.15	0	.5866932	.3141476	.09915921	0
580.15	0	.5866827	.3141894	.0991279	0
579.15	0	.5866721	.3142313	.0990966	0
578.15	0	.5866613	.3142734	.0990653	0
577.15	0	.5866503	.3143157	.09903401	0
576.15	0	.5866392	.314358	.09900273	0
575.15	0	.586628	.3144006	.09897146	0
574.15	0	.5866166	.3144432	.0989402	0
573.15	0	.5866051	.314486	.09890895	0
572.15	0	.5865934	.3145289	.09887771	0
571.15	0	.5865816	.314572	.09884649	0
570.15	0	.5865696	.3146151	.09881527	0
569.15	0	.5865575	.3146584	.09878407	0
568.15	0	.5865453	.3147018	.09875289	0
567.15	0	.5865329	.3147453	.09872172	0
566.15	0	.5865205	.314789	.09869057	0
565.15	0	.5865078	.3148327	.09865943	0
564.15	0	.5864951	.3148766	.09862831	0
563.15	0	.5864822	.3149206	.09859721	0
562.15	0	.5864693	.3149646	.09856613	0
561.15	0	.5864561	.3150088	.09853507	0
560.15	0	.5864429	.3150531	.09850403	0
559.15	0	.5864296	.3150974	.09847301	0
558.15	0	.5864161	.3151419	.09844201	0
557.15	0	.5864025	.3151864	.09841104	0
556.15	0	.5863889	.3152311	.09838009	0
555.15	0	.5863751	.3152758	.09834916	0
554.15	0	.5863612	.3153206	.09831826	0
553.15	0	.5863472	.3153655	.09828738	0
552.15	0	.586333	.3154104	.09825653	0
551.15	0	.5863188	.3154555	.09822571	0
550.15	0	.5863045	.3155006	.09819492	0
549.15	0	.5862901	.3155458	.09816415	0
548.15	0	.5862755	.3155911	.09813341	0
547.15	0	.5862609	.3156364	.09810271	0
546.15	0	.5862462	.3156818	.09807203	0
545.15	0	.5862314	.3157272	.09804139	0
544.15	0	.5862165	.3157727	.09801077	0
543.15	0	.5862015	.3158183	.0979802	0
542.15	0	.5861864	.3158639	.09794965	0
541.15	0	.5861713	.3159096	.09791914	0
540.15	0	.586156	.3159553	.09788867	0
539.15	0	.5861407	.3160011	.09785823	0
538.15	0	.5861252	.3160469	.09782782	0
537.15	0	.5861097	.3160928	.09779746	0
536.15	0	.5860941	.3161387	.09776713	0
535.15	0	.5860785	.3161847	.09773684	0
534.15	0	.5860628	.3162307	.0977066	0
533.15	0	.5860469	.3162767	.09767639	0
532.15	0	.5860311	.3163227	.09764622	0
531.15	0	.5860151	.3163688	.0976161	0
530.15	0	.5859991	.3164149	.09758601	0
529.15	0	.585983	.3164611	.09755597	0
528.15	0	.5859668	.3165072	.09752598	0
527.15	0	.5859506	.3165534	.09749603	0
526.15	0	.5859343	.3165996	.09746612	0
525.15	0	.5859179	.3166458	.09743626	0
524.15	0	.5859015	.3166921	.09740645	0
523.15	0	.585885	.3167383	.09737668	0
522.15	0	.5858685	.3167846	.09734697	0
521.15	0	.5858519	.3168308	.0973173	0
520.15	0	.5858352	.3168771	.09728768	0
519.15	0	.5858185	.3169234	.09725811	0
518.15	0	.5858017	.3169697	.0972286	0
517.15	0	.5857849	.3170159	.09719913	0
516.15	0	.5857681	.3170622	.09716972	0
515.15	0	.5857511	.3171085	.09714036	0
514.15	0	.5857342	.3171548	.09711105	0
513.15	0	.5857172	.317201	.0970818	0
512.15	0	.5857001	.3172473	.09705261	0
511.15	0	.585683	.3172935	.09702347	0
510.15	0	.5856659	.3173398	.09699438	0
509.15	0	.5856488	.317386	.0969652	0
508.15	0	.5856316	.3174322	.09693623	0
507.15	0	.5856144	.3174783	.09690732	0
506.15	0	.585597	.3175245	.09687846	0
505.15	0	.5855797	.3175706	.09684967	0
504.15	0	.5855623	.3176167	.09682094	0
503.15	0	.5855449	.3176628	.09679227	0
502.15	0	.5855275	.3177089	.09676366	0
501.15	0	.58551	.3177549	.09673511	0
500.15	0	.5854925	.3178009	.09670663	0
499.15	0	.585475	.3178468	.09667822	0
498.15	0	.5854574	.3178927	.09664986	0
497.15	0	.5854398	.3179386	.09662158	0
496.15	0	.5854222	.3179844	.09659336	0
495.15	0	.5854046	.3180302	.0965652	0
494.15	0	.5853869	.318076	.09653712	0
493.15	0	.5853692	.3181217	.0965091	0
492.15	0	.5853515	.3181674	.09648115	0
491.15	0	.5853338	.3182129	.09645327	0
490.15	0	.585316	.3182585	.09642546	0
489.15	0	.5852983	.318304	.09639772	0
488.15	0	.5852805	.3183495	.09637005	0
487.15	0	.5852627	.3183949	.09634246	0
486.15	0	.5852449	.3184402	.09631493	0
485.15	0	.5852271	.3184855	.09628749	0
484.15	0	.5852092	.3185307	.09626011	0
483.15	0	.5851914	.3185758	.09623281	0
482.15	0	.5851735	.3186209	.09620558	0
481.15	0	.5851557	.3186659	.09617844	0
480.15	0	.5851378	.3187108	.09615137	0
479.15	0	.5851199	.3187557	.09612437	0
478.15	0	.585102	.3188005	.09609745	0
477.15	0	.5850841	.3188453	.09607062	0
476.15	0	.5850662	.3188899	.09604386	0
475.15	0	.5850483	.3189345	.09601718	0
474.15	0	.5850304	.318979	.09599058	0
473.15	0	.5850125	.3190234	.09596406	0
472.15	0	.5849946	.3190678	.09593763	0
471.15	0	.5849767	.319112	.09591127	0
470.15	0	.5849588	.3191562	.095885	0
469.15	0	.5849409	.3192003	.09585881	0
468.15	0	.584923	.3192443	.09583271	0
467.15	0	.5849051	.3192882	.09580669	0
466.15	0	.5848873	.319332	.09578076	0
465.15	0	.5848694	.3193757	.09575491	0
464.15	0	.5848515	.3194193	.09572915	0
463.15	0	.5848337	.3194629	.09570348	0
462.15	0	.5848158	.3195063	.09567789	0
461.15	0	.584798	.3195496	.0956524	0
460.15	0	.5847802	.3195929	.09562699	0
459.15	0	.5847623	.319636	.09560167	0
458.15	0	.5847446	.319679	.09557644	0
457.15	0	.5847268	.3197219	.0955513	0
456.15	0	.584709	.3197648	.09552626	0
455.15	0	.5846912	.3198075	.0955013	0
454.15	0	.5846735	.3198501	.09547644	0
453.15	0	.5846558	.3198926	.09545167	0
452.15	0	.5846381	.3199349	.09542699	0
451.15	0	.5846204	.3199772	.09540241	0
450.15	0	.5846027	.3200194	.09537792	0
449.15	0	.5845851	.3200613	.09535355	0
448.15	0	.5845675	.3201032	.09532927	0
447.15	0	.58455	.3201449	.09530509	0
446.15	0	.5845325	.3201865	.09528101	0
445.15	0	.584515	.320228	.09525704	0
444.15	0	.5844975	.3202693	.09523317	0
443.15	0	.5844801	.3203105	.0952094	0
442.15	0	.5844628	.3203515	.09518575	0
441.15	0	.5844455	.3203923	.0951622	0
440.15	0	.5844282	.320433	.09513877	0
439.15	0	.5844111	.3204735	.09511545	0
438.15	0	.5843939	.3205138	.09509224	0
437.15	0	.5843769	.320554	.09506915	0
436.15	0	.5843599	.320594	.09504618	0
435.15	0	.5843429	.3206338	.09502332	0
434.15	0	.5843261	.3206734	.09500059	0
433.15	0	.5843093	.3207127	.09497798	0
432.15	0	.5842926	.320752	.09495549	0
431.15	0	.5842759	.320791	.09493312	0
430.15	0	.5842594	.3208298	.09491088	0
429.15	0	.5842429	.3208684	.09488876	0
428.15	0	.5842265	.3209067	.09486678	0
427.15	0	.5842102	.3209449	.09484492	0
426.15	0	.5841939	.3209829	.09482319	0
425.15	0	.5841778	.3210206	.09480158	0
424.15	0	.5841618	.3210581	.09478011	0
423.15	0	.5841458	.3210954	.09475877	0
422.15	0	.5841299	.3211325	.09473757	0
421.15	0	.5841141	.3211694	.09471649	0
420.15	0	.5840985	.321206	.09469555	0
419.15	0	.5840829	.3212424	.09467474	0
418.15	0	.5840674	.3212786	.09465407	0
417.15	0	.584052	.3213145	.09463353	0
416.15	0	.5840367	.3213502	.09461313	0
415.15	0	.5840215	.3213857	.09459286	0
414.15	0	.5840063	.3214209	.09457273	0
413.15	0	.5839913	.3214559	.09455274	0
412.15	0	.5839764	.3214907	.09453289	0
411.15	0	.5839616	.3215252	.09451317	0
410.15	0	.5839469	.3215595	.09449359	0
409.15	0	.5839323	.3215936	.09447415	0
408.15	0	.5839177	.3216274	.09445485	0
407.15	0	.5839033	.321661	.09443569	0
406.15	0	.583889	.3216944	.09441666	0
405.15	0	.5838747	.3217275	.09439778	0
404.15	0	.5838606	.3217603	.09437903	0
403.15	0	.5838466	.321793	.09436043	0
402.15	0	.5838327	.3218254	.09434196	0
401.15	0	.5838188	.3218575	.09432363	0
