T	 BPW(LIQUID)	BPW(BCC_A2)	BPW(FCC_A1)	BPW(LAVES_PHASE_C14)	BPW(NI3TI)
1473.15	.3275525	.6724475	0	0	0
1472.15	.3240059	.6759941	0	0	0
1471.15	.320485	.679515	0	0	0
1470.553	.3183958	.6816042	0	0	0
1470.553	.3183958	.6816042	0	0	0
1470.553	.3183958	.6816042	0	0	0
1470.15	.3157755	.6833175	0	9.069661E-04	0
1469.15	.3093599	.6875084	0	.00313172	0
1468.15	.3030614	.691617	0	.005321599	0
1467.15	.2968768	.6956456	0	.00747756	0
1466.15	.2908032	.6995963	0	.009600526	0
1465.15	.2848376	.703471	0	.01169139	0
1464.15	.2789773	.7072717	0	.01375101	0
1463.15	.2732194	.7110004	0	.01578021	0
1462.15	.2675614	.7146588	0	.01777981	0
1461.15	.2620008	.7182487	0	.01975057	0
1460.15	.256535	.7217718	0	.02169324	0
1459.15	.2511617	.7252297	0	.02360856	0
1458.15	.2458786	.7286242	0	.02549722	0
1457.15	.2406834	.7319567	0	.0273599	0
1456.15	.235574	.7352287	0	.02919726	0
1455.15	.2305484	.7384417	0	.03100993	0
1454.15	.2256043	.7415972	0	.03279852	0
1453.15	.22074	.7446964	0	.03456364	0
1452.15	.2159535	.7477407	0	.03630586	0
1451.15	.2112429	.7507313	0	.03802574	0
1450.15	.2066065	.7536697	0	.03972382	0
1449.15	.2020425	.7565569	0	.04140062	0
1448.15	.1975493	.7593941	0	.04305665	0
1447.15	.1931252	.7621824	0	.04469241	0
1446.15	.1887685	.7649231	0	.04630837	0
1445.15	.1844779	.7676171	0	.047905	0
1444.15	.1802518	.7702655	0	.04948274	0
1443.15	.1760886	.7728693	0	.05104204	0
1442.15	.1719872	.7754295	0	.05258332	0
1441.15	.1679459	.7779471	0	.05410698	0
1440.15	.1639636	.780423	0	.05561343	0
1439.15	.1600389	.782858	0	.05710306	0
1438.15	.1561706	.7852531	0	.05857624	0
1437.15	.1523575	.7876092	0	.06003333	0
1436.15	.1485983	.789927	0	.06147469	0
1435.15	.144892	.7922074	0	.06290068	0
1434.15	.1412373	.7944511	0	.06431161	0
1433.15	.1376332	.796659	0	.06570783	0
1432.15	.1340786	.7988317	0	.06708964	0
1431.15	.1305726	.8009701	0	.06845735	0
1430.15	.127114	.8030747	0	.06981127	0
1429.15	.1237019	.8051464	0	.07115169	0
1428.15	.1203354	.8071857	0	.07247889	0
1427.15	.1170135	.8091934	0	.07379314	0
1426.15	.1137353	.81117	0	.07509471	0
1425.15	.1105	.8131161	0	.07638388	0
1424.15	.1073066	.8150325	0	.07766088	0
1423.15	.1041544	.8169196	0	.07892597	0
1422.15	.1010425	.8187781	0	.0801794	0
1421.15	.0979701	.8206085	0	.08142138	0
1420.15	.09493646	.8224114	0	.08265217	0
1419.15	.09194081	.8241872	0	.08387197	0
1418.15	.08898242	.8259366	0	.085081	0
1417.15	.08606057	.8276599	0	.08627949	0
1416.15	.08317455	.8293578	0	.08746762	0
1415.15	.08032368	.8310307	0	.08864561	0
1414.15	.07750729	.832679	0	.08981366	0
1413.15	.07472473	.8343033	0	.09097194	0
1412.15	.07197537	.835904	0	.09212065	0
1411.15	.06925858	.8374814	0	.09325998	0
1410.15	.06657376	.8390361	0	.09439009	0
1409.15	.06392032	.8405685	0	.09551117	0
1408.15	.06129767	.842079	0	.09662337	0
1407.15	.05870526	.8435679	0	.09772687	0
1406.15	.05614254	.8450356	0	.09882183	0
1405.15	.05360896	.8464827	0	.0999084	0
1404.15	.05110399	.8479093	0	.1009867	0
1403.15	.04862714	.8493159	0	.102057	0
1402.15	.04617789	.8507028	0	.1031193	0
1401.15	.04375575	.8520704	0	.1041738	0
1400.15	.04136024	.8534191	0	.1052207	0
1399.15	.0389909	.8547491	0	.10626	0
1398.15	.03664726	.8560608	0	.107292	0
1397.15	.03432889	.8573544	0	.1083167	0
1396.15	.03203533	.8586304	0	.1093343	0
1395.15	.02976616	.859889	0	.1103448	0
1394.15	.02752097	.8611305	0	.1113485	0
1393.15	.02529933	.8623553	0	.1123454	0
1392.15	.02310086	.8635635	0	.1133357	0
1391.15	.02092515	.8647554	0	.1143194	0
1390.15	.01877183	.8659315	0	.1152967	0
1389.15	.01664052	.8670918	0	.1162677	0
1388.15	.01453084	.8682367	0	.1172325	0
1387.15	.01244245	.8693664	0	.1181911	0
1386.15	.01037498	.8704812	0	.1191438	0
1385.15	.008328094	.8715814	0	.1200905	0
1384.15	.006301452	.8726671	0	.1210315	0
1383.15	.004294722	.8737386	0	.1219667	0
1382.15	.002307581	.8747961	0	.1228963	0
1381.15	3.397108E-04	.8758399	0	.1238204	0
1380.976	0	.8760198	0	.1239802	0
1380.976	0	.8760198	0	.1239802	0
1380.15	0	.875503	0	.124497	0
1379.15	0	.8748789	0	.1251211	0
1378.15	0	.8742563	0	.1257437	0
1377.15	0	.8736351	0	.1263649	0
1376.15	0	.8730154	0	.1269847	0
1375.15	0	.8723971	0	.1276029	0
1374.15	0	.8717802	0	.1282198	0
1373.15	0	.8711647	0	.1288353	0
1372.15	0	.8705507	0	.1294493	0
1371.15	0	.8699381	0	.1300619	0
1370.15	0	.8693269	0	.1306731	0
1369.15	0	.8687171	0	.1312829	0
1368.15	0	.8681087	0	.1318913	0
1367.15	0	.8675017	0	.1324983	0
1366.15	0	.8668961	0	.1331039	0
1365.15	0	.8662919	0	.1337081	0
1364.15	0	.8656891	0	.1343109	0
1363.15	0	.8650876	0	.1349124	0
1362.15	0	.8644875	0	.1355125	0
1361.15	0	.8638889	0	.1361112	0
1360.15	0	.8632915	0	.1367085	0
1359.15	0	.8626955	0	.1373045	0
1358.15	0	.8621009	0	.1378991	0
1357.15	0	.8615077	0	.1384924	0
1356.15	0	.8609157	0	.1390843	0
1355.15	0	.8603252	0	.1396748	0
1354.15	0	.8597359	0	.1402641	0
1353.15	0	.859148	0	.140852	0
1352.15	0	.8585615	0	.1414385	0
1351.15	0	.8579762	0	.1420238	0
1350.15	0	.8573923	0	.1426077	0
1349.15	0	.8568097	0	.1431903	0
1348.15	0	.8562284	0	.1437716	0
1347.15	0	.8556485	0	.1443515	0
1346.15	0	.8550698	0	.1449302	0
1345.15	0	.8544924	0	.1455076	0
1344.15	0	.8539164	0	.1460836	0
1343.15	0	.8533416	0	.1466584	0
1342.15	0	.8527681	0	.1472319	0
1341.15	0	.8521959	0	.1478041	0
1340.15	0	.851625	0	.148375	0
1339.15	0	.8510554	0	.1489446	0
1338.15	0	.850487	0	.149513	0
1337.15	0	.8499199	0	.1500801	0
1336.15	0	.8493541	0	.1506459	0
1335.15	0	.8487895	0	.1512105	0
1334.15	0	.8482262	0	.1517738	0
1333.15	0	.8476642	0	.1523358	0
1332.15	0	.8471034	0	.1528966	0
1331.15	0	.8465438	0	.1534562	0
1330.15	0	.8459855	0	.1540145	0
1329.15	0	.8454284	0	.1545716	0
1328.15	0	.8448726	0	.1551274	0
1327.15	0	.844318	0	.155682	0
1326.15	0	.8437646	0	.1562354	0
1325.15	0	.8432124	0	.1567876	0
1324.15	0	.8426615	0	.1573385	0
1323.15	0	.8421118	0	.1578882	0
1322.15	0	.8415633	0	.1584367	0
1321.15	0	.841016	0	.158984	0
1320.15	0	.8404699	0	.1595301	0
1319.15	0	.839925	0	.160075	0
1318.15	0	.8393813	0	.1606187	0
1317.15	0	.8388388	0	.1611612	0
1316.15	0	.8382975	0	.1617025	0
1315.15	0	.8377574	0	.1622426	0
1314.15	0	.8372184	0	.1627816	0
1313.15	0	.8366807	0	.1633193	0
1312.15	0	.8361441	0	.1638559	0
1311.15	0	.8356087	0	.1643913	0
1310.15	0	.8350744	0	.1649256	0
1309.15	0	.8345414	0	.1654586	0
1308.15	0	.8340094	0	.1659906	0
1307.15	0	.8334787	0	.1665213	0
1306.15	0	.8329491	0	.1670509	0
1305.15	0	.8324207	0	.1675794	0
1304.15	0	.8318934	0	.1681067	0
1303.15	0	.8313672	0	.1686328	0
1302.15	0	.8308422	0	.1691578	0
1301.15	0	.8303183	0	.1696817	0
1300.15	0	.8297956	0	.1702044	0
1299.15	0	.829274	0	.170726	0
1298.15	0	.8287535	0	.1712465	0
1297.15	0	.8282341	0	.1717659	0
1296.15	0	.8277159	0	.1722841	0
1295.15	0	.8271988	0	.1728012	0
1294.15	0	.8266828	0	.1733172	0
1293.15	0	.8261679	0	.1738321	0
1292.15	0	.8256541	0	.1743459	0
1291.15	0	.8251415	0	.1748585	0
1290.15	0	.8246299	0	.1753701	0
1289.15	0	.8241194	0	.1758806	0
1288.15	0	.82361	0	.17639	0
1287.15	0	.8231018	0	.1768982	0
1286.15	0	.8225946	0	.1774054	0
1285.15	0	.8220885	0	.1779115	0
1284.15	0	.8215834	0	.1784166	0
1283.15	0	.8210795	0	.1789205	0
1282.15	0	.8205766	0	.1794234	0
1281.15	0	.8200748	0	.1799252	0
1280.15	0	.8195741	0	.1804259	0
1279.15	0	.8190745	0	.1809255	0
1278.15	0	.8185759	0	.1814241	0
1277.15	0	.8180783	0	.1819217	0
1276.15	0	.8175819	0	.1824181	0
1275.15	0	.8170865	0	.1829135	0
1274.15	0	.8165921	0	.1834079	0
1273.15	0	.8160988	0	.1839012	0
1272.15	0	.8156065	0	.1843935	0
1271.15	0	.8151153	0	.1848847	0
1270.15	0	.8146251	0	.1853749	0
1269.15	0	.814136	0	.185864	0
1268.15	0	.8136479	0	.1863521	0
1267.15	0	.8131608	0	.1868392	0
1266.15	0	.8126748	0	.1873252	0
1265.15	0	.8121897	0	.1878103	0
1264.15	0	.8117058	0	.1882942	0
1263.15	0	.8112228	0	.1887772	0
1262.15	0	.8107408	0	.1892592	0
1261.15	0	.8102599	0	.1897401	0
1260.15	0	.8097799	0	.1902201	0
1259.15	0	.809301	0	.190699	0
1258.15	0	.8088231	0	.1911769	0
1257.15	0	.8083462	0	.1916538	0
1256.15	0	.8078703	0	.1921297	0
1255.15	0	.8073954	0	.1926046	0
1254.15	0	.8069215	0	.1930785	0
1253.15	0	.8064485	0	.1935515	0
1252.15	0	.8059766	0	.1940234	0
1251.15	0	.8055057	0	.1944943	0
1250.15	0	.8050357	0	.1949643	0
1249.15	0	.8045667	0	.1954333	0
1248.15	0	.8040987	0	.1959013	0
1247.15	0	.8036317	0	.1963683	0
1246.15	0	.8031657	0	.1968344	0
1245.15	0	.8027006	0	.1972994	0
1244.15	0	.8022365	0	.1977635	0
1243.15	0	.8017733	0	.1982267	0
1242.15	0	.8013112	0	.1986889	0
1241.15	0	.8008499	0	.1991501	0
1240.15	0	.8003897	0	.1996103	0
1239.15	0	.7999304	0	.2000696	0
1238.15	0	.799472	0	.200528	0
1237.15	0	.7990146	0	.2009854	0
1236.15	0	.7985582	0	.2014418	0
1235.15	0	.7981027	0	.2018973	0
1234.15	0	.7976481	0	.2023519	0
1233.15	0	.7971945	0	.2028055	0
1232.15	0	.7967418	0	.2032582	0
1231.15	0	.7962901	0	.20371	0
1230.15	0	.7958392	0	.2041608	0
1229.15	0	.7953894	0	.2046106	0
1228.15	0	.7949404	0	.2050596	0
1227.15	0	.7944924	0	.2055076	0
1226.15	0	.7940453	0	.2059547	0
1225.15	0	.7935991	0	.2064009	0
1224.15	0	.7931538	0	.2068462	0
1223.15	0	.7927095	0	.2072905	0
1222.15	0	.792266	0	.207734	0
1221.15	0	.7918235	0	.2081765	0
1220.15	0	.7913819	0	.2086181	0
1219.15	0	.7909412	0	.2090588	0
1218.15	0	.7905014	0	.2094986	0
1217.15	0	.7900625	0	.2099375	0
1216.15	0	.7896245	0	.2103755	0
1215.15	0	.7891874	0	.2108126	0
1214.15	0	.7887512	0	.2112488	0
1213.15	0	.7883159	0	.2116841	0
1212.15	0	.7878814	0	.2121186	0
1211.15	0	.7874479	0	.2125521	0
1210.15	0	.7870153	0	.2129847	0
1209.15	0	.7865835	0	.2134165	0
1208.15	0	.7861526	0	.2138474	0
1207.15	0	.7857226	0	.2142774	0
1206.15	0	.7852935	0	.2147065	0
1205.15	0	.7848653	0	.2151348	0
1204.15	0	.7844379	0	.2155621	0
1203.15	0	.7840114	0	.2159886	0
1202.15	0	.7835857	0	.2164143	0
1201.15	0	.783161	0	.216839	0
1200.15	0	.7827371	0	.217263	0
1199.15	0	.782314	0	.217686	0
1198.15	0	.7818918	0	.2181082	0
1197.15	0	.7814705	0	.2185295	0
1196.15	0	.78105	0	.21895	0
1195.15	0	.7806304	0	.2193696	0
1194.15	0	.7802117	0	.2197884	0
1193.15	0	.7797937	0	.2202063	0
1192.15	0	.7793767	0	.2206233	0
1191.15	0	.7789604	0	.2210396	0
1190.15	0	.7785451	0	.2214549	0
1189.15	0	.7781305	0	.2218695	0
1188.15	0	.7777168	0	.2222832	0
1187.15	0	.777304	0	.222696	0
1186.15	0	.7768919	0	.2231081	0
1185.15	0	.7764807	0	.2235193	0
1184.15	0	.7760704	0	.2239296	0
1183.15	0	.7756609	0	.2243392	0
1182.15	0	.7752521	0	.2247479	0
1181.15	0	.7748443	0	.2251557	0
1180.15	0	.7744372	0	.2255628	0
1179.15	0	.774031	0	.225969	0
1178.15	0	.7736256	0	.2263745	0
1177.15	0	.773221	0	.226779	0
1176.15	0	.7728172	0	.2271828	0
1175.15	0	.7724142	0	.2275858	0
1174.15	0	.772012	0	.227988	0
1173.15	0	.7716107	0	.2283893	0
1172.15	0	.7712101	0	.2287899	0
1171.15	0	.7708104	0	.2291896	0
1170.15	0	.7704115	0	.2295885	0
1169.15	0	.7700133	0	.2299867	0
1168.15	0	.769616	0	.230384	0
1167.15	0	.7692195	0	.2307805	0
1166.15	0	.7688238	0	.2311762	0
1165.15	0	.7684288	0	.2315712	0
1164.15	0	.7680347	0	.2319653	0
1163.15	0	.7676413	0	.2323587	0
1162.15	0	.7672487	0	.2327513	0
1161.15	0	.766857	0	.233143	0
1160.15	0	.766466	0	.233534	0
1159.15	0	.7660758	0	.2339242	0
1158.15	0	.7656863	0	.2343137	0
1157.15	0	.7652977	0	.2347023	0
1156.15	0	.7649098	0	.2350902	0
1155.15	0	.7645227	0	.2354773	0
1154.15	0	.7641364	0	.2358636	0
1153.15	0	.7637508	0	.2362492	0
1152.15	0	.7633661	0	.2366339	0
1151.15	0	.7629821	0	.2370179	0
1150.15	0	.7625988	0	.2374012	0
1149.15	0	.7622164	0	.2377836	0
1148.15	0	.7618347	0	.2381653	0
1147.15	0	.7614537	0	.2385463	0
1146.15	0	.7610735	0	.2389265	0
1145.15	0	.7606941	0	.2393059	0
1144.15	0	.7603155	0	.2396845	0
1143.15	0	.7599375	0	.2400625	0
1142.15	0	.7595604	0	.2404396	0
1141.15	0	.759184	0	.240816	0
1140.15	0	.7588084	0	.2411917	0
1139.15	0	.7584335	0	.2415666	0
1138.15	0	.7580593	0	.2419407	0
1137.15	0	.7576859	0	.2423141	0
1136.15	0	.7573132	0	.2426868	0
1135.15	0	.7569413	0	.2430587	0
1134.15	0	.7565701	0	.2434299	0
1133.15	0	.7561997	0	.2438003	0
1132.15	0	.75583	0	.24417	0
1131.15	0	.755461	0	.244539	0
1130.15	0	.7550928	0	.2449072	0
1129.15	0	.7547253	0	.2452747	0
1128.15	0	.7543586	0	.2456414	0
1127.15	0	.7539925	0	.2460075	0
1126.15	0	.7536272	0	.2463728	0
1125.15	0	.7532627	0	.2467373	0
1124.15	0	.7528988	0	.2471012	0
1123.15	0	.7525357	0	.2474643	0
1122.15	0	.7521733	0	.2478267	0
1121.15	0	.7518116	0	.2481884	0
1120.15	0	.7514506	0	.2485494	0
1119.15	0	.7510904	0	.2489096	0
1118.15	0	.7507309	0	.2492691	0
1117.593	0	.7505311	0	.2494689	0
1117.593	0	.7505311	0	.2494689	0
1117.593	0	.7505311	0	.2494689	0
1117.15	0	.7500816	3.091238E-04	.2496093	0
1116.15	0	.7490701	.001004762	.2499252	0
1115.15	0	.7480613	.001698457	.2502403	0
1114.15	0	.7470552	.002390209	.2505546	0
1113.15	0	.7460519	.003080021	.2508681	0
1112.15	0	.7450513	.003767894	.2511808	0
1111.15	0	.7440534	.004453831	.2514927	0
1110.15	0	.7430583	.005137831	.2518039	0
1109.15	0	.7420659	.005819898	.2521142	0
1108.15	0	.7410762	.006500032	.2524238	0
1107.15	0	.7400892	.007178235	.2527326	0
1106.15	0	.7391049	.007854508	.2530406	0
1105.15	0	.7381234	.008528854	.2533478	0
1104.15	0	.7371445	.009201273	.2536542	0
1103.15	0	.7361684	.009871767	.2539598	0
1102.15	0	.7351949	.01054034	.2542647	0
1101.15	0	.7342242	.01120699	.2545688	0
1100.15	0	.7332561	.01187171	.2548722	0
1099.15	0	.7322908	.01253452	.2551747	0
1098.15	0	.7313281	.01319541	.2554765	0
1097.15	0	.7303681	.01385439	.2557775	0
1096.15	0	.7294108	.01451145	.2560778	0
1095.15	0	.7284561	.01516659	.2563773	0
1094.15	0	.7275042	.01581983	.256676	0
1093.15	0	.7265549	.01647115	.256974	0
1092.15	0	.7256083	.01712056	.2572712	0
1091.15	0	.7246643	.01776806	.2575676	0
1090.15	0	.723723	.01841366	.2578633	0
1089.15	0	.7227844	.01905735	.2581583	0
1088.15	0	.7218484	.01969914	.2584524	0
1087.15	0	.7209151	.02033902	.2587458	0
1086.15	0	.7199845	.020977	.2590385	0
1085.15	0	.7190565	.02161308	.2593304	0
1084.15	0	.7181311	.02224726	.2596216	0
1083.15	0	.7172084	.02287954	.2599121	0
1082.15	0	.7162883	.02350993	.2602017	0
1081.15	0	.7153709	.02413842	.2604907	0
1080.15	0	.7144561	.02476501	.2607789	0
1079.15	0	.713544	.02538971	.2610663	0
1078.15	0	.7126344	.02601252	.261353	0
1077.15	0	.7117275	.02663344	.261639	0
1076.15	0	.7108233	.02725247	.2619243	0
1075.15	0	.7099217	.0278696	.2622088	0
1074.15	0	.7090226	.02848485	.2624925	0
1073.15	0	.7081262	.02909822	.2627755	0
1072.15	0	.7072325	.0297097	.2630578	0
1071.15	0	.7063413	.03031929	.2633394	0
1070.15	0	.7054528	.03092701	.2636202	0
1069.15	0	.7045668	.03153284	.2639003	0
1068.15	0	.7036835	.03213679	.2641797	0
1067.15	0	.7028028	.03273886	.2644583	0
1066.15	0	.7019247	.03333905	.2647363	0
1065.15	0	.7010492	.03393736	.2650135	0
1064.15	0	.7001763	.0345338	.2652899	0
1063.15	0	.699306	.03512836	.2655657	0
1062.15	0	.6984383	.03572105	.2658407	0
1061.15	0	.6975732	.03631187	.266115	0
1060.15	0	.6967106	.03690081	.2663886	0
1059.15	0	.6958507	.03748789	.2666614	0
1058.15	0	.6949934	.03807309	.2669336	0
1057.15	0	.6941386	.03865643	.267205	0
1056.15	0	.6932864	.0392379	.2674757	0
1055.15	0	.6924368	.03981751	.2677457	0
1054.15	0	.6915898	.04039525	.2680149	0
1053.15	0	.6907454	.04097112	.2682835	0
1052.15	0	.6899035	.04154514	.2685513	0
1051.15	0	.6890643	.04211729	.2688185	0
1050.15	0	.6882276	.04268758	.2690849	0
1049.15	0	.6873934	.04325602	.2693506	0
1048.15	0	.6865618	.04382259	.2696156	0
1047.15	0	.6857328	.04438731	.2698799	0
1046.15	0	.6849064	.04495018	.2701434	0
1045.15	0	.6840825	.04551119	.2704063	0
1044.15	0	.6832612	.04607035	.2706684	0
1043.15	0	.6824425	.04662766	.2709299	0
1042.15	0	.6816263	.04718312	.2711906	0
1041.15	0	.6808126	.04773673	.2714507	0
1040.15	0	.6800015	.04828849	.27171	0
1039.15	0	.679193	.0488384	.2719686	0
1038.15	0	.678387	.04938647	.2722265	0
1037.15	0	.6775836	.0499327	.2724837	0
1036.15	0	.6767827	.05047709	.2727402	0
1035.15	0	.6759843	.05101964	.272996	0
1034.15	0	.6751885	.05156034	.2732511	0
1033.15	0	.6743953	.05209921	.2735055	0
1032.15	0	.6736045	.05263624	.2737592	0
1031.15	0	.6728164	.05317144	.2740122	0
1030.15	0	.6720307	.05370481	.2742645	0
1029.15	0	.6712476	.05423634	.2745161	0
1028.15	0	.670467	.05476605	.274767	0
1027.15	0	.6696889	.05529392	.2750171	0
1026.15	0	.6689134	.05581997	.2752666	0
1025.15	0	.6681404	.0563442	.2755154	0
1024.15	0	.6673699	.0568666	.2757635	0
1023.15	0	.666602	.05738718	.2760108	0
1022.15	0	.6658365	.05790594	.2762575	0
1021.15	0	.6650736	.05842288	.2765035	0
1020.15	0	.6643132	.05893801	.2767488	0
1019.15	0	.6635553	.05945132	.2769933	0
1018.15	0	.6628	.05996283	.2772372	0
1017.15	0	.6620471	.06047252	.2774804	0
1016.15	0	.6612968	.0609804	.2777228	0
1015.15	0	.6605489	.06148648	.2779646	0
1014.15	0	.6598036	.06199075	.2782057	0
1013.15	0	.6590607	.06249322	.278446	0
1012.15	0	.6583204	.0629939	.2786857	0
1011.15	0	.6575826	.06349277	.2789247	0
1010.15	0	.6568472	.06398985	.2791629	0
1009.15	0	.6561144	.06448514	.2794005	0
1008.15	0	.655384	.06497864	.2796373	0
1007.15	0	.6546562	.06547035	.2798735	0
1006.15	0	.6539308	.06596028	.2801089	0
1005.15	0	.6532079	.06644843	.2803437	0
1004.15	0	.6524875	.06693479	.2805777	0
1003.15	0	.6517696	.06741938	.280811	0
1002.15	0	.6510541	.0679022	.2810437	0
1001.15	0	.6503412	.06838324	.2812756	0
1000.15	0	.6496307	.06886252	.2815068	0
999.15	0	.6489227	.06934003	.2817373	0
998.15	0	.6482171	.06981578	.2819671	0
997.15	0	.647514	.07028978	.2821962	0
996.15	0	.6468134	.07076201	.2824246	0
995.15	0	.6461152	.0712325	.2826523	0
994.15	0	.6454195	.07170124	.2828792	0
993.15	0	.6447263	.07216823	.2831055	0
992.15	0	.6440355	.07263348	.283331	0
991.15	0	.6433471	.073097	.2835559	0
990.15	0	.6426612	.07355878	.28378	0
989.15	0	.6419778	.07401884	.2840034	0
988.15	0	.6412968	.07447716	.2842261	0
987.15	0	.6406182	.07493377	.284448	0
986.15	0	.6399421	.07538866	.2846693	0
985.15	0	.6392684	.07584184	.2848898	0
984.15	0	.6385971	.07629331	.2851096	0
983.15	0	.6379282	.07674307	.2853287	0
982.15	0	.6372618	.07719114	.2855471	0
981.15	0	.6365977	.07763751	.2857647	0
980.15	0	.6359362	.0780822	.2859817	0
979.15	0	.635277	.0785252	.2861979	0
978.15	0	.6346202	.07896652	.2864133	0
977.15	0	.6339658	.07940617	.2866281	0
976.15	0	.6333138	.07984415	.2868421	0
975.15	0	.6326642	.08028047	.2870553	0
974.15	0	.632017	.08071514	.2872679	0
973.15	0	.6313722	.08114815	.2874797	0
972.15	0	.6307297	.08157952	.2876908	0
971.15	0	.6300897	.08200926	.2879011	0
970.15	0	.6294519	.08243736	.2881107	0
969.15	0	.6288166	.08286384	.2883195	0
968.15	0	.6281837	.08328869	.2885276	0
967.15	0	.6275531	.08371194	.288735	0
966.15	0	.6269248	.08413359	.2889416	0
965.15	0	.6262989	.08455364	.2891475	0
964.15	0	.6256753	.08497209	.2893526	0
963.15	0	.6250541	.08538897	.289557	0
962.15	0	.6244352	.08580428	.2897606	0
961.15	0	.6238186	.08621802	.2899634	0
960.15	0	.6232043	.0866302	.2901655	0
959.15	0	.6225924	.08704083	.2903668	0
958.15	0	.6219827	.08744992	.2905674	0
957.15	0	.6213753	.08785748	.2907672	0
956.15	0	.6207703	.08826352	.2909662	0
955.15	0	.6201675	.08866805	.2911645	0
954.15	0	.619567	.08907107	.2913619	0
953.15	0	.6189688	.08947261	.2915586	0
952.15	0	.6183728	.08987265	.2917546	0
951.15	0	.6177791	.09027123	.2919497	0
950.15	0	.6171876	.09066834	.292144	0
949.15	0	.6165984	.091064	.2923376	0
948.15	0	.6160114	.09145823	.2925304	0
947.15	0	.6154266	.09185102	.2927224	0
946.15	0	.6148441	.0922424	.2929136	0
945.15	0	.6142637	.09263237	.2931039	0
944.15	0	.6136855	.09302095	.2932935	0
943.15	0	.6131096	.09340814	.2934823	0
942.15	0	.6125358	.09379397	.2936703	0
941.15	0	.6119642	.09417845	.2938574	0
940.15	0	.6113947	.09456159	.2940437	0
939.15	0	.6108274	.09494339	.2942292	0
938.15	0	.6102622	.09532389	.2944139	0
937.15	0	.6096991	.09570309	.2945978	0
936.15	0	.6091382	.096081	.2947808	0
935.15	0	.6085793	.09645765	.294963	0
934.15	0	.6080226	.09683304	.2951444	0
933.15	0	.6074679	.09720719	.2953249	0
932.15	0	.6069153	.09758013	.2955046	0
931.15	0	.6063648	.09795186	.2956834	0
930.15	0	.6058163	.09832241	.2958613	0
929.15	0	.6052698	.09869178	.2960384	0
928.15	0	.6047253	.09906001	.2962147	0
927.15	0	.6041829	.0994271	.29639	0
926.15	0	.6036424	.09979308	.2965645	0
925.15	0	.6031039	.100158	.2967382	0
924.15	0	.6025674	.1005218	.2969109	0
923.15	0	.6020328	.1008845	.2970827	0
922.15	0	.6015001	.1012462	.2972537	0
921.15	0	.6009693	.1016069	.2974237	0
920.15	0	.6004405	.1019667	.2975929	0
919.15	0	.5999135	.1023254	.2977611	0
918.15	0	.5993883	.1026832	.2979285	0
917.15	0	.5988651	.1030401	.2980949	0
916.15	0	.5983436	.103396	.2982604	0
915.15	0	.5978239	.1037511	.2984249	0
914.15	0	.5973061	.1041054	.2985886	0
913.15	0	.59679	.1044588	.2987512	0
912.15	0	.5962756	.1048114	.298913	0
911.15	0	.595763	.1051632	.2990737	0
910.15	0	.5952521	.1055143	.2992336	0
909.15	0	.5947429	.1058647	.2993924	0
908.15	0	.5942353	.1062144	.2995503	0
907.15	0	.5937294	.1065634	.2997072	0
906.15	0	.5932251	.1069118	.2998631	0
905.15	0	.5927224	.1072596	.300018	0
904.15	0	.5922212	.1076068	.3001719	0
903.15	0	.5917216	.1079535	.3003249	0
902.15	0	.5912235	.1082997	.3004767	0
901.15	0	.590727	.1086454	.3006276	0
900.15	0	.5902319	.1089907	.3007775	0
899.15	0	.5897382	.1093356	.3009263	0
898.15	0	.589246	.1096801	.301074	0
897.15	0	.5887551	.1100242	.3012207	0
896.15	0	.5882656	.1103681	.3013663	0
895.15	0	.5877774	.1107117	.3015109	0
894.15	0	.5872905	.1110551	.3016544	0
893.15	0	.5868049	.1113983	.3017968	0
892.15	0	.5863205	.1117414	.3019381	0
891.15	0	.5858373	.1120844	.3020783	0
890.15	0	.5853553	.1124274	.3022173	0
889.15	0	.5848744	.1127703	.3023553	0
888.15	0	.5843946	.1131133	.3024921	0
887.15	0	.5839159	.1134564	.3026277	0
886.15	0	.5834382	.1137996	.3027622	0
885.15	0	.5829614	.114143	.3028956	0
884.15	0	.5824857	.1144866	.3030277	0
883.15	0	.5820108	.1148305	.3031587	0
882.15	0	.5815368	.1151747	.3032884	0
881.15	0	.5810637	.1155194	.303417	0
880.15	0	.5805913	.1158644	.3035443	0
879.15	0	.5801196	.11621	.3036704	0
878.15	0	.5796487	.1165561	.3037952	0
877.15	0	.5791784	.1169028	.3039188	0
876.15	0	.5787087	.1172502	.3040411	0
875.15	0	.5782396	.1175984	.3041621	0
874.15	0	.5777709	.1179473	.3042818	0
873.15	0	.5773027	.1182971	.3044001	0
872.15	0	.576835	.1186479	.3045172	0
871.15	0	.5763675	.1189996	.3046329	0
870.15	0	.5759004	.1193525	.3047472	0
869.15	0	.5754335	.1197064	.3048601	0
868.15	0	.5749667	.1200616	.3049717	0
867.15	0	.5745001	.1204181	.3050818	0
866.15	0	.5740335	.120776	.3051905	0
865.15	0	.573567	.1211353	.3052978	0
864.15	0	.5731003	.1214961	.3054036	0
863.15	0	.5726335	.1218586	.3055079	0
862.15	0	.5721665	.1222228	.3056106	0
861.15	0	.5716992	.1225888	.3057119	0
860.15	0	.5712316	.1229567	.3058116	0
859.15	0	.5707636	.1233267	.3059098	0
858.15	0	.570295	.1236987	.3060064	0
857.15	0	.5698258	.1240729	.3061013	0
856.15	0	.569356	.1244494	.3061946	0
855.15	0	.5688854	.1248283	.3062863	0
854.15	0	.568414	.1252098	.3063762	0
853.15	0	.5679416	.1255939	.3064645	0
852.15	0	.5674682	.1259808	.306551	0
851.15	0	.5669937	.1263706	.3066357	0
850.15	0	.566518	.1267634	.3067187	0
849.15	0	.5660409	.1271594	.3067998	0
848.15	0	.5655623	.1275587	.306879	0
847.15	0	.5650823	.1279614	.3069564	0
846.15	0	.5646005	.1283677	.3070318	0
845.15	0	.5641169	.1287778	.3071052	0
844.15	0	.5636314	.1291919	.3071767	0
843.15	0	.5631439	.12961	.3072461	0
842.15	0	.5626542	.1300324	.3073134	0
841.15	0	.5621621	.1304593	.3073786	0
840.15	0	.5616675	.1308908	.3074417	0
839.15	0	.5611703	.1313272	.3075025	0
838.15	0	.5606703	.1317686	.3075611	0
837.15	0	.5601673	.1322154	.3076173	0
836.15	0	.5596612	.1326676	.3076712	0
835.15	0	.5591516	.1331257	.3077227	0
834.15	0	.5586386	.1335898	.3077716	0
833.15	0	.5581218	.1340602	.3078181	0
832.15	0	.557601	.1345372	.3078619	0
831.15	0	.557076	.135021	.307903	0
830.15	0	.5565465	.1355121	.3079414	0
829.15	0	.5560123	.1360108	.3079769	0
828.15	0	.5554732	.1365173	.3080095	0
827.15	0	.5549287	.1370321	.3080391	0
826.15	0	.5543787	.1375557	.3080657	0
825.15	0	.5538227	.1380883	.308089	0
824.15	0	.5532605	.1386305	.308109	0
823.15	0	.5526916	.1391828	.3081256	0
822.15	0	.5521156	.1397457	.3081386	0
821.15	0	.5515322	.1403198	.308148	0
820.15	0	.5509408	.1409056	.3081536	0
819.15	0	.550341	.1415038	.3081552	0
818.15	0	.5497321	.1421152	.3081527	0
817.15	0	.5491137	.1427404	.3081459	0
816.15	0	.5484851	.1433804	.3081345	0
815.15	0	.5478455	.144036	.3081185	0
814.15	0	.5471942	.1447082	.3080975	0
813.15	0	.5465305	.1453982	.3080714	0
812.15	0	.5458533	.146107	.3080398	0
811.15	0	.5451616	.146836	.3080024	0
810.15	0	.5444544	.1475867	.3079589	0
809.15	0	.5437304	.1483607	.307909	0
808.15	0	.5429829	.1491662	.3078509	0
807.15	0	.5416108	.1507428	.3076464	0
806.15	0	.5403194	.152226	.3074547	0
805.15	0	.5391005	.153625	.3072745	0
804.15	0	.5379473	.1549481	.3071046	0
803.15	0	.5368538	.1562022	.306944	0
802.15	0	.5358149	.1573932	.3067918	0
801.15	0	.534826	.1585266	.3066474	0
800.15	0	.5338832	.1596069	.3065099	0
799.15	0	.5329828	.1606383	.3063789	0
798.15	0	.5321218	.1616244	.3062538	0
797.15	0	.5312973	.1625685	.3061342	0
796.15	0	.5305068	.1634736	.3060196	0
795.15	0	.5297481	.1643422	.3059096	0
794.15	0	.5290191	.1651769	.305804	0
793.15	0	.5283179	.1659797	.3057024	0
792.15	0	.5276427	.1667527	.3056046	0
791.15	0	.5269921	.1674977	.3055102	0
790.15	0	.5263646	.1682162	.3054192	0
789.15	0	.5257589	.1689099	.3053311	0
788.15	0	.5251738	.1695802	.305246	0
787.15	0	.5246082	.1702283	.3051636	0
786.15	0	.524061	.1708554	.3050837	0
785.15	0	.5235312	.1714626	.3050061	0
784.15	0	.5230181	.172051	.3049309	0
783.15	0	.5225207	.1726216	.3048577	0
782.15	0	.5220401	.1731738	.3047862	0
781.15	0	.5215718	.1737113	.3047169	0
780.15	0	.5211171	.1742334	.3046495	0
779.15	0	.5206754	.1747408	.3045838	0
778.15	0	.5202461	.1752343	.3045196	0
777.15	0	.5198287	.1757144	.304457	0
776.15	0	.5194225	.1761817	.3043958	0
775.15	0	.5190271	.1766369	.304336	0
774.15	0	.5186421	.1770803	.3042775	0
773.15	0	.5182671	.1775127	.3042202	0
772.15	0	.5179015	.1779344	.3041642	0
771.15	0	.517545	.1783458	.3041092	0
770.15	0	.5171973	.1787474	.3040553	0
769.15	0	.516858	.1791396	.3040024	0
768.15	0	.5165268	.1795228	.3039505	0
767.15	0	.5162033	.1798973	.3038995	0
766.15	0	.5158872	.1802634	.3038494	0
765.15	0	.5155784	.1806216	.3038001	0
764.15	0	.5152764	.180972	.3037516	0
763.15	0	.5149811	.181315	.3037039	0
762.15	0	.5146922	.1816508	.303657	0
761.15	0	.5144095	.1819798	.3036107	0
760.15	0	.5141327	.1823022	.3035651	0
759.15	0	.5138617	.1826182	.3035201	0
758.15	0	.5135962	.182928	.3034758	0
757.15	0	.5133361	.1832319	.3034321	0
756.15	0	.5130811	.18353	.3033889	0
755.15	0	.5128311	.1838227	.3033462	0
754.15	0	.512586	.1841099	.3033041	0
753.15	0	.5123455	.1843921	.3032624	0
752.15	0	.5121095	.1846692	.3032212	0
751.15	0	.5118779	.1849415	.3031805	0
750.15	0	.5116506	.1852092	.3031402	0
749.15	0	.5114273	.1854724	.3031004	0
748.15	0	.5112079	.1857312	.3030609	0
747.15	0	.5109924	.1859857	.3030218	0
746.15	0	.5107806	.1862363	.3029831	0
745.15	0	.5105725	.1864828	.3029447	0
744.15	0	.5103678	.1867255	.3029067	0
743.15	0	.5101665	.1869645	.302869	0
742.15	0	.5099684	.1871999	.3028316	0
741.15	0	.5097736	.1874319	.3027945	0
740.15	0	.5095819	.1876604	.3027577	0
739.15	0	.5093931	.1878857	.3027212	0
738.15	0	.5092073	.1881078	.3026849	0
737.15	0	.5090243	.1883268	.3026489	0
736.15	0	.5088441	.1885429	.3026131	0
735.15	0	.5086665	.188756	.3025776	0
734.15	0	.5084915	.1889663	.3025422	0
733.15	0	.5083191	.1891738	.3025071	0
732.15	0	.5081491	.1893787	.3024722	0
731.15	0	.5079815	.189581	.3024375	0
730.15	0	.5078162	.1897808	.302403	0
729.15	0	.5076531	.1899782	.3023687	0
728.15	0	.5074923	.1901732	.3023345	0
727.15	0	.5073336	.1903659	.3023005	0
726.15	0	.5071771	.1905563	.3022667	0
725.15	0	.5070225	.1907445	.302233	0
724.15	0	.5068699	.1909307	.3021994	0
723.15	0	.5067193	.1911147	.302166	0
722.15	0	.5065705	.1912967	.3021328	0
721.15	0	.5064235	.1914768	.3020996	0
720.15	0	.5062784	.191655	.3020666	0
719.15	0	.506135	.1918313	.3020338	0
718.15	0	.5059932	.1920058	.302001	0
717.15	0	.5058532	.1921785	.3019683	0
716.15	0	.5057147	.1923495	.3019358	0
715.15	0	.5055778	.1925189	.3019033	0
714.15	0	.5054425	.1926866	.3018709	0
713.15	0	.5053087	.1928527	.3018387	0
712.15	0	.5051763	.1930173	.3018065	0
711.15	0	.5050453	.1931803	.3017744	0
710.15	0	.5049158	.1933419	.3017423	0
709.15	0	.5047876	.193502	.3017104	0
708.15	0	.5046608	.1936607	.3016785	0
707.15	0	.5045352	.193818	.3016467	0
706.15	0	.504411	.193974	.301615	0
705.15	0	.504288	.1941287	.3015833	0
704.15	0	.5041662	.1942822	.3015517	0
703.15	0	.5040456	.1944343	.3015201	0
702.15	0	.5039261	.1945853	.3014886	0
701.15	0	.5038078	.194735	.3014572	0
700.15	0	.5036906	.1948836	.3014257	0
699.15	0	.5035745	.1950311	.3013944	0
698.15	0	.5034595	.1951774	.3013631	0
697.15	0	.5033455	.1953227	.3013318	0
696.15	0	.5032326	.1954669	.3013006	0
695.15	0	.5031206	.19561	.3012694	0
694.15	0	.5030096	.1957522	.3012382	0
693.15	0	.5028996	.1958933	.3012071	0
692.15	0	.5027905	.1960335	.301176	0
691.15	0	.5026823	.1961727	.301145	0
690.15	0	.5025751	.196311	.3011139	0
689.15	0	.5024687	.1964484	.3010829	0
688.15	0	.5023632	.1965849	.3010519	0
687.15	0	.5022586	.1967205	.301021	0
686.15	0	.5021547	.1968552	.30099	0
685.15	0	.5020517	.1969891	.3009591	0
684.15	0	.5019495	.1971222	.3009282	0
683.15	0	.5018481	.1972545	.3008974	0
682.15	0	.5017475	.197386	.3008665	0
681.15	0	.5016476	.1975168	.3008356	0
680.15	0	.5015485	.1976467	.3008048	0
679.15	0	.50145	.197776	.300774	0
678.15	0	.5013524	.1979045	.3007432	0
677.15	0	.5012554	.1980323	.3007124	0
676.15	0	.501159	.1981594	.3006816	0
675.15	0	.5010634	.1982858	.3006508	0
674.15	0	.5009685	.1984115	.3006201	0
673.15	0	.5008742	.1985365	.3005893	0
672.15	0	.5007805	.198661	.3005585	0
671.15	0	.5006875	.1987847	.3005278	0
670.15	0	.5005951	.1989079	.300497	0
669.15	0	.5005033	.1990304	.3004663	0
668.15	0	.500412	.1991524	.3004356	0
667.15	0	.5003214	.1992737	.3004048	0
666.15	0	.5002314	.1993945	.3003741	0
665.15	0	.5001419	.1995147	.3003434	0
664.15	0	.500053	.1996343	.3003126	0
663.15	0	.4999647	.1997534	.3002819	0
662.15	0	.4998769	.199872	.3002512	0
661.15	0	.4997896	.19999	.3002205	0
660.15	0	.4997028	.2001074	.3001897	0
659.15	0	.4996166	.2002244	.300159	0
658.15	0	.4995309	.2003409	.3001282	0
657.15	0	.4994457	.2004568	.3000975	0
656.15	0	.4993609	.2005723	.3000668	0
655.15	0	.4992767	.2006873	.300036	0
654.15	0	.4991929	.2008018	.3000053	0
653.15	0	.4991096	.2009159	.2999745	0
652.15	0	.4990268	.2010294	.2999438	0
651.15	0	.4989444	.2011426	.299913	0
650.15	0	.4988625	.2012553	.2998823	0
649.15	0	.498781	.2013675	.2998515	0
648.15	0	.4986999	.2014793	.2998208	0
647.15	0	.4986193	.2015907	.29979	0
646.15	0	.4985391	.2017017	.2997592	0
645.15	0	.4984594	.2018122	.2997284	0
644.15	0	.49838	.2019224	.2996976	0
643.15	0	.498301	.2020321	.2996668	0
642.15	0	.4982225	.2021415	.299636	0
641.15	0	.4981443	.2022504	.2996052	0
640.15	0	.4980666	.202359	.2995744	0
639.15	0	.4979892	.2024672	.2995436	0
638.15	0	.4979122	.202575	.2995128	0
637.15	0	.4978356	.2026824	.299482	0
636.15	0	.4977593	.2027895	.2994511	0
635.15	0	.4976835	.2028962	.2994203	0
634.15	0	.497608	.2030026	.2993895	0
633.15	0	.4975328	.2031086	.2993586	0
632.15	0	.497458	.2032142	.2993278	0
631.15	0	.4973835	.2033196	.2992969	0
630.15	0	.4973094	.2034245	.2992661	0
629.15	0	.4972356	.2035292	.2992352	0
628.15	0	.4971622	.2036335	.2992044	0
627.15	0	.4970891	.2037374	.2991735	0
626.15	0	.4970163	.2038411	.2991426	0
625.15	0	.4969439	.2039444	.2991117	0
624.15	0	.4968717	.2040475	.2990808	0
623.15	0	.4967999	.2041502	.2990499	0
622.15	0	.4967284	.2042526	.2990191	0
621.15	0	.4966572	.2043547	.2989882	0
620.15	0	.4965863	.2044564	.2989573	0
619.15	0	.4965157	.2045579	.2989264	0
618.15	0	.4964454	.2046591	.2988955	0
617.15	0	.4963755	.20476	.2988645	0
616.15	0	.4963058	.2048606	.2988336	0
615.15	0	.4962364	.2049609	.2988027	0
614.15	0	.4961672	.205061	.2987718	0
613.15	0	.4960984	.2051607	.2987409	0
612.15	0	.4960299	.2052602	.29871	0
611.15	0	.4959616	.2053594	.2986791	0
610.15	0	.4958936	.2054583	.2986481	0
609.15	0	.4958259	.2055569	.2986172	0
608.15	0	.4957584	.2056553	.2985863	0
607.15	0	.4956912	.2057534	.2985554	0
606.15	0	.4956243	.2058512	.2985244	0
605.15	0	.4955577	.2059488	.2984935	0
604.15	0	.4954913	.2060461	.2984626	0
603.15	0	.4954251	.2061432	.2984317	0
602.15	0	.4953593	.20624	.2984008	0
601.15	0	.4952937	.2063365	.2983699	0
600.15	0	.4952283	.2064328	.2983389	0
599.15	0	.4951632	.2065288	.298308	0
598.15	0	.4950983	.2066246	.2982771	0
597.15	0	.4950336	.2067201	.2982462	0
596.15	0	.4949693	.2068154	.2982153	0
595.15	0	.4949051	.2069104	.2981844	0
594.15	0	.4948412	.2070052	.2981536	0
593.15	0	.4947775	.2070998	.2981227	0
592.15	0	.4947141	.2071941	.2980918	0
591.15	0	.4946509	.2072882	.2980609	0
590.15	0	.4945879	.207382	.29803	0
589.15	0	.4945252	.2074756	.2979992	0
588.15	0	.4944627	.207569	.2979683	0
587.15	0	.4944004	.2076621	.2979375	0
586.15	0	.4943383	.207755	.2979066	0
585.15	0	.4942765	.2078477	.2978758	0
584.15	0	.4942149	.2079402	.297845	0
583.15	0	.4941535	.2080324	.2978141	0
582.15	0	.4940923	.2081244	.2977833	0
581.15	0	.4940313	.2082161	.2977525	0
580.15	0	.4939706	.2083076	.2977218	0
579.15	0	.4939101	.208399	.297691	0
578.15	0	.4938497	.20849	.2976602	0
577.15	0	.4937896	.2085809	.2976295	0
576.15	0	.4937297	.2086716	.2975987	0
575.15	0	.49367	.208762	.297568	0
574.15	0	.4936106	.2088522	.2975373	0
573.15	0	.4935513	.2089422	.2975066	0
572.15	0	.4934922	.2090319	.2974759	0
571.15	0	.4934333	.2091215	.2974452	0
570.15	0	.4933747	.2092108	.2974145	0
569.15	0	.4933162	.2092999	.2973839	0
568.15	0	.4932579	.2093888	.2973532	0
567.15	0	.4931998	.2094775	.2973226	0
566.15	0	.493142	.209566	.297292	0
565.15	0	.4930843	.2096543	.2972614	0
564.15	0	.4930268	.2097423	.2972309	0
563.15	0	.4929695	.2098301	.2972003	0
562.15	0	.4929124	.2099178	.2971698	0
561.15	0	.4928555	.2100052	.2971393	0
560.15	0	.4927988	.2100924	.2971088	0
559.15	0	.4927423	.2101794	.2970783	0
558.15	0	.492686	.2102662	.2970479	0
557.15	0	.4926298	.2103527	.2970174	0
556.15	0	.4925739	.2104391	.296987	0
555.15	0	.4925181	.2105253	.2969566	0
554.15	0	.4924625	.2106112	.2969263	0
553.15	0	.4924071	.210697	.2968959	0
552.15	0	.4923519	.2107825	.2968656	0
551.15	0	.4922969	.2108678	.2968353	0
550.15	0	.492242	.210953	.296805	0
549.15	0	.4921873	.2110379	.2967748	0
548.15	0	.4921328	.2111226	.2967446	0
547.15	0	.4920786	.2112071	.2967144	0
546.15	0	.4920244	.2112914	.2966842	0
545.15	0	.4919705	.2113755	.296654	0
544.15	0	.4919167	.2114594	.2966239	0
543.15	0	.4918631	.2115431	.2965938	0
542.15	0	.4918097	.2116266	.2965638	0
541.15	0	.4917564	.2117099	.2965337	0
540.15	0	.4917033	.2117929	.2965037	0
539.15	0	.4916505	.2118758	.2964737	0
538.15	0	.4915977	.2119585	.2964438	0
537.15	0	.4915452	.2120409	.2964139	0
536.15	0	.4914928	.2121232	.296384	0
535.15	0	.4914406	.2122053	.2963541	0
534.15	0	.4913886	.2122871	.2963243	0
533.15	0	.4913367	.2123688	.2962945	0
532.15	0	.491285	.2124502	.2962648	0
531.15	0	.4912335	.2125315	.296235	0
530.15	0	.4911821	.2126125	.2962054	0
529.15	0	.4911309	.2126934	.2961757	0
528.15	0	.4910799	.212774	.2961461	0
527.15	0	.4910291	.2128544	.2961165	0
526.15	0	.4909784	.2129347	.296087	0
525.15	0	.4909279	.2130147	.2960574	0
524.15	0	.4908776	.2130945	.2960279	0
523.15	0	.4908275	.2131741	.2959984	0
522.15	0	.4907774	.2132535	.295969	0
521.15	0	.4907276	.2133328	.2959397	0
520.15	0	.4906779	.2134118	.2959104	0
519.15	0	.4906283	.2134906	.2958811	0
518.15	0	.490579	.2135692	.2958518	0
517.15	0	.4905298	.2136476	.2958226	0
516.15	0	.4904807	.2137258	.2957935	0
515.15	0	.4904319	.2138038	.2957644	0
514.15	0	.4903831	.2138816	.2957353	0
513.15	0	.4903346	.2139591	.2957063	0
512.15	0	.4902862	.2140365	.2956773	0
511.15	0	.490238	.2141137	.2956483	0
510.15	0	.4901899	.2141907	.2956194	0
509.15	0	.490142	.2142674	.2955906	0
508.15	0	.4900942	.214344	.2955618	0
507.15	0	.4900466	.2144204	.295533	0
506.15	0	.4899992	.2144965	.2955043	0
505.15	0	.4899519	.2145725	.2954756	0
504.15	0	.4899048	.2146482	.295447	0
503.15	0	.4898578	.2147238	.2954184	0
502.15	0	.489811	.2147991	.2953899	0
501.15	0	.4897644	.2148742	.2953614	0
500.15	0	.4897179	.2149491	.295333	0
499.15	0	.4896715	.2150238	.2953046	0
498.15	0	.4896254	.2150983	.2952763	0
497.15	0	.4895793	.2151726	.295248	0
496.15	0	.4895335	.2152467	.2952198	0
495.15	0	.4894878	.2153206	.2951916	0
494.15	0	.4894422	.2153943	.2951635	0
493.15	0	.4893968	.2154678	.2951354	0
492.15	0	.4893516	.215541	.2951074	0
491.15	0	.4893065	.2156141	.2950795	0
490.15	0	.4892615	.2156869	.2950516	0
489.15	0	.4892167	.2157596	.2950237	0
488.15	0	.4891721	.215832	.2949959	0
487.15	0	.4891276	.2159042	.2949682	0
486.15	0	.4890833	.2159762	.2949405	0
485.15	0	.4890391	.216048	.2949129	0
484.15	0	.4889951	.2161196	.2948853	0
483.15	0	.4889512	.216191	.2948578	0
482.15	0	.4889075	.2162621	.2948303	0
481.15	0	.488864	.2163331	.294803	0
480.15	0	.4888205	.2164038	.2947756	0
479.15	0	.4887773	.2164744	.2947484	0
478.15	0	.4887342	.2165447	.2947211	0
477.15	0	.4886912	.2166148	.294694	0
476.15	0	.4886484	.2166847	.2946669	0
475.15	0	.4886057	.2167544	.2946399	0
474.15	0	.4885632	.2168239	.2946129	0
473.15	0	.4885209	.2168931	.294586	0
472.15	0	.4884787	.2169621	.2945592	0
471.15	0	.4884366	.217031	.2945324	0
470.15	0	.4883947	.2170996	.2945057	0
469.15	0	.488353	.217168	.2944791	0
468.15	0	.4883113	.2172362	.2944525	0
467.15	0	.4882699	.2173042	.294426	0
466.15	0	.4882286	.2173719	.2943995	0
465.15	0	.4881874	.2174395	.2943731	0
464.15	0	.4881464	.2175068	.2943468	0
463.15	0	.4881055	.2175739	.2943206	0
462.15	0	.4880648	.2176408	.2942944	0
461.15	0	.4880242	.2177075	.2942683	0
460.15	0	.4879838	.2177739	.2942422	0
459.15	0	.4879436	.2178402	.2942163	0
458.15	0	.4879034	.2179062	.2941904	0
457.15	0	.4878635	.217972	.2941645	0
456.15	0	.4878236	.2180376	.2941388	0
455.15	0	.4877839	.218103	.2941131	0
454.15	0	.4877444	.2181681	.2940875	0
453.15	0	.487705	.2182331	.2940619	0
452.15	0	.4876658	.2182978	.2940365	0
451.15	0	.4876267	.2183622	.2940111	0
450.15	0	.4875877	.2184265	.2939857	0
449.15	0	.487549	.2184905	.2939605	0
448.15	0	.4875103	.2185543	.2939353	0
447.15	0	.4874719	.2186179	.2939103	0
446.15	0	.4874336	.2186812	.2938853	0
445.15	0	.4873954	.2187443	.2938603	0
444.15	0	.4873574	.2188071	.2938355	0
443.15	0	.4873196	.2188697	.2938107	0
442.15	0	.4872819	.218932	.2937861	0
441.15	0	.4872444	.2189941	.2937615	0
440.15	0	.487207	.2190559	.293737	0
439.15	0	.4871699	.2191175	.2937126	0
438.15	0	.4871329	.2191788	.2936883	0
437.15	0	.4870961	.2192399	.2936641	0
436.15	0	.4870594	.2193006	.29364	0
435.15	0	.4870229	.2193611	.2936159	0
434.15	0	.4869866	.2194214	.293592	0
433.15	0	.4869505	.2194813	.2935682	0
432.15	0	.4869146	.219541	.2935444	0
431.15	0	.4868789	.2196004	.2935208	0
430.15	0	.4868433	.2196595	.2934972	0
429.15	0	.4868079	.2197183	.2934738	0
428.15	0	.4867727	.2197768	.2934505	0
427.15	0	.4867377	.2198351	.2934273	0
426.15	0	.4867029	.219893	.2934041	0
425.15	0	.4866682	.2199507	.2933811	0
424.15	0	.4866337	.220008	.2933582	0
423.15	0	.4865995	.2200651	.2933354	0
422.15	0	.4865654	.2201219	.2933127	0
421.15	0	.4865315	.2201784	.2932901	0
420.15	0	.4864978	.2202346	.2932676	0
419.15	0	.4864643	.2202905	.2932453	0
418.15	0	.4864309	.2203461	.293223	0
417.15	0	.4863978	.2204014	.2932009	0
416.15	0	.4863648	.2204563	.2931788	0
415.15	0	.4863321	.2205111	.2931569	0
414.15	0	.4862995	.2205655	.2931351	0
413.15	0	.4862671	.2206196	.2931134	0
412.15	0	.4862349	.2206734	.2930918	0
411.15	0	.4862029	.2207269	.2930703	0
410.15	0	.486171	.2207801	.2930489	0
409.15	0	.4861394	.220833	.2930276	0
408.15	0	.4861079	.2208856	.2930065	0
407.15	0	.4860766	.2209379	.2929855	0
406.15	0	.4860455	.2209899	.2929645	0
405.15	0	.4860146	.2210417	.2929437	0
404.15	0	.4859839	.2210931	.292923	0
403.15	0	.4859533	.2211442	.2929025	0
402.15	0	.4859229	.2211951	.292882	0
401.15	0	.4858928	.2212456	.2928616	0
400.15	0	.4858628	.2212959	.2928414	0
399.15	0	.4858329	.2213458	.2928212	0
398.15	0	.4858033	.2213955	.2928012	0
397.15	0	.4857738	.2214449	.2927813	0
396.15	0	.4857445	.221494	.2927615	0
395.15	0	.4857153	.2215428	.2927419	0
394.15	0	.4856864	.2215913	.2927223	0
