T	 BPW(LIQUID)	BPW(BCC_A2)	BPW(FCC_A1)	BPW(LAVES_PHASE_C14)	BPW(NI3TI)
1473.15	.2226607	.6173765	0	.1599629	0
1472.15	.2170398	.6210843	0	.1618759	0
1471.15	.2115266	.6247161	0	.1637574	0
1470.15	.206118	.6282738	0	.1656081	0
1469.15	.2008114	.6317596	0	.167429	0
1468.15	.1956037	.6351753	0	.169221	0
1467.15	.1904924	.6385228	0	.1709848	0
1466.15	.1854749	.6418039	0	.1727212	0
1465.15	.1805486	.6450204	0	.174431	0
1464.15	.1757112	.6481739	0	.1761148	0
1463.15	.1709604	.6512661	0	.1777735	0
1462.15	.1662938	.6542986	0	.1794076	0
1461.15	.1617093	.6572728	0	.1810179	0
1460.15	.1572048	.6601902	0	.1826049	0
1459.15	.1527783	.6630524	0	.1841694	0
1458.15	.1484277	.6658606	0	.1857118	0
1457.15	.1441512	.6686161	0	.1872327	0
1456.15	.1399468	.6713204	0	.1887328	0
1455.15	.135813	.6739746	0	.1902124	0
1454.15	.1317478	.67658	0	.1916723	0
1453.15	.1277496	.6791377	0	.1931127	0
1452.15	.1238168	.6816488	0	.1945343	0
1451.15	.1199479	.6841146	0	.1959376	0
1450.15	.1161412	.686536	0	.1973229	0
1449.15	.1123953	.688914	0	.1986906	0
1448.15	.1087088	.6912498	0	.2000414	0
1447.15	.1050803	.6935443	0	.2013754	0
1446.15	.1015084	.6957984	0	.2026932	0
1445.15	.09799175	.6980131	0	.2039952	0
1444.15	.09452918	.7001892	0	.2052817	0
1443.15	.09111941	.7023276	0	.206553	0
1442.15	.08776124	.7044292	0	.2078096	0
1441.15	.08445351	.7064948	0	.2090517	0
1440.15	.08119508	.7085251	0	.2102798	0
1439.15	.07798486	.7105211	0	.2114941	0
1438.15	.07482178	.7124833	0	.2126949	0
1437.15	.0717048	.7144126	0	.2138826	0
1436.15	.0686329	.7163096	0	.2150575	0
1435.15	.06560512	.7181751	0	.2162198	0
1434.15	.06262049	.7200097	0	.2173698	0
1433.15	.05967809	.7218141	0	.2185078	0
1432.15	.05677702	.7235889	0	.2196341	0
1431.15	.05391639	.7253347	0	.2207489	0
1430.15	.05109536	.7270522	0	.2218525	0
1429.15	.04831309	.7287419	0	.222945	0
1428.15	.04556878	.7304044	0	.2240268	0
1427.15	.04286164	.7320402	0	.2250981	0
1426.15	.04019089	.73365	0	.2261591	0
1425.15	.0375558	.7352342	0	.22721	0
1424.15	.03495563	.7367933	0	.228251	0
1423.15	.03238969	.7383279	0	.2292824	0
1422.15	.02985727	.7398385	0	.2303043	0
1421.15	.02735771	.7413254	0	.2313169	0
1420.15	.02489035	.7427892	0	.2323204	0
1419.15	.02245455	.7442304	0	.2333151	0
1418.15	.02004969	.7456493	0	.234301	0
1417.15	.01767516	.7470465	0	.2352784	0
1416.15	.01533038	.7484223	0	.2362474	0
1415.15	.01301476	.7497771	0	.2372082	0
1414.15	.01072774	.7511113	0	.2381609	0
1413.15	.008468768	.7524254	0	.2391058	0
1412.15	.006237316	.7537197	0	.240043	0
1411.15	.004032856	.7549946	0	.2409725	0
1410.15	.00185488	.7562505	0	.2418947	0
1409.289	0	.757317	0	.242683	0
1409.289	0	.757317	0	.242683	0
1409.15	0	.7572379	0	.2427621	0
1408.15	0	.7566684	0	.2433316	0
1407.15	0	.7561004	0	.2438996	0
1406.15	0	.7555337	0	.2444663	0
1405.15	0	.7549683	0	.2450317	0
1404.15	0	.7544043	0	.2455957	0
1403.15	0	.7538417	0	.2461583	0
1402.15	0	.7532804	0	.2467196	0
1401.15	0	.7527204	0	.2472796	0
1400.15	0	.7521618	0	.2478382	0
1399.15	0	.7516045	0	.2483955	0
1398.15	0	.7510485	0	.2489515	0
1397.15	0	.7504939	0	.2495061	0
1396.15	0	.7499405	0	.2500595	0
1395.15	0	.7493885	0	.2506115	0
1394.15	0	.7488378	0	.2511622	0
1393.15	0	.7482884	0	.2517116	0
1392.15	0	.7477402	0	.2522598	0
1391.15	0	.7471934	0	.2528066	0
1390.15	0	.7466479	0	.2533521	0
1389.15	0	.7461036	0	.2538964	0
1388.15	0	.7455607	0	.2544393	0
1387.15	0	.745019	0	.254981	0
1386.15	0	.7444785	0	.2555215	0
1385.15	0	.7439394	0	.2560606	0
1384.15	0	.7434015	0	.2565985	0
1383.15	0	.7428649	0	.2571351	0
1382.15	0	.7423295	0	.2576705	0
1381.15	0	.7417954	0	.2582047	0
1380.15	0	.7412625	0	.2587375	0
1379.15	0	.7407308	0	.2592692	0
1378.15	0	.7402004	0	.2597996	0
1377.15	0	.7396713	0	.2603287	0
1376.15	0	.7391433	0	.2608567	0
1375.15	0	.7386166	0	.2613834	0
1374.15	0	.7380911	0	.2619089	0
1373.15	0	.7375668	0	.2624332	0
1372.15	0	.7370438	0	.2629562	0
1371.15	0	.7365219	0	.2634781	0
1370.15	0	.7360013	0	.2639987	0
1369.15	0	.7354818	0	.2645182	0
1368.15	0	.7349636	0	.2650364	0
1367.15	0	.7344465	0	.2655535	0
1366.15	0	.7339307	0	.2660693	0
1365.15	0	.733416	0	.266584	0
1364.15	0	.7329025	0	.2670975	0
1363.15	0	.7323902	0	.2676098	0
1362.15	0	.731879	0	.268121	0
1361.15	0	.7313691	0	.2686309	0
1360.15	0	.7308603	0	.2691398	0
1359.15	0	.7303526	0	.2696474	0
1358.15	0	.7298461	0	.2701539	0
1357.15	0	.7293408	0	.2706592	0
1356.15	0	.7288366	0	.2711634	0
1355.15	0	.7283336	0	.2716664	0
1354.15	0	.7278317	0	.2721683	0
1353.15	0	.7273309	0	.2726691	0
1352.15	0	.7268313	0	.2731687	0
1351.15	0	.7263328	0	.2736672	0
1350.15	0	.7258355	0	.2741645	0
1349.15	0	.7253393	0	.2746608	0
1348.15	0	.7248441	0	.2751559	0
1347.15	0	.7243502	0	.2756498	0
1346.15	0	.7238573	0	.2761427	0
1345.15	0	.7233655	0	.2766345	0
1344.15	0	.7228749	0	.2771251	0
1343.15	0	.7223853	0	.2776147	0
1342.15	0	.7218969	0	.2781031	0
1341.15	0	.7214095	0	.2785905	0
1340.15	0	.7209233	0	.2790767	0
1339.15	0	.7204381	0	.2795619	0
1338.15	0	.719954	0	.280046	0
1337.15	0	.719471	0	.280529	0
1336.15	0	.7189891	0	.2810109	0
1335.15	0	.7185082	0	.2814918	0
1334.15	0	.7180285	0	.2819716	0
1333.15	0	.7175497	0	.2824503	0
1332.15	0	.7170721	0	.2829279	0
1331.15	0	.7165955	0	.2834045	0
1330.15	0	.71612	0	.28388	0
1329.15	0	.7156456	0	.2843545	0
1328.15	0	.7151721	0	.2848279	0
1327.15	0	.7146998	0	.2853002	0
1326.15	0	.7142285	0	.2857715	0
1325.15	0	.7137582	0	.2862418	0
1324.15	0	.713289	0	.286711	0
1323.15	0	.7128208	0	.2871792	0
1322.15	0	.7123536	0	.2876464	0
1321.15	0	.7118875	0	.2881125	0
1320.15	0	.7114224	0	.2885776	0
1319.15	0	.7109583	0	.2890417	0
1318.15	0	.7104952	0	.2895048	0
1317.15	0	.7100332	0	.2899668	0
1316.15	0	.7095722	0	.2904278	0
1315.15	0	.7091121	0	.2908879	0
1314.15	0	.7086531	0	.2913469	0
1313.15	0	.7081951	0	.2918049	0
1312.15	0	.7077381	0	.2922619	0
1311.15	0	.7072821	0	.2927179	0
1310.15	0	.7068271	0	.2931729	0
1309.15	0	.7063731	0	.2936269	0
1308.15	0	.7059201	0	.2940799	0
1307.15	0	.705468	0	.294532	0
1306.15	0	.705017	0	.294983	0
1305.15	0	.7045669	0	.2954331	0
1304.15	0	.7041178	0	.2958822	0
1303.15	0	.7036697	0	.2963303	0
1302.15	0	.7032225	0	.2967775	0
1301.15	0	.7027763	0	.2972237	0
1300.15	0	.7023311	0	.2976689	0
1299.15	0	.7018869	0	.2981131	0
1298.15	0	.7014436	0	.2985564	0
1297.15	0	.7010012	0	.2989988	0
1296.15	0	.7005598	0	.2994402	0
1295.15	0	.7001194	0	.2998806	0
1294.15	0	.6996799	0	.3003201	0
1293.15	0	.6992414	0	.3007586	0
1292.15	0	.6988038	0	.3011962	0
1291.15	0	.6983671	0	.3016329	0
1290.15	0	.6979314	0	.3020686	0
1289.15	0	.6974966	0	.3025034	0
1288.15	0	.6970628	0	.3029372	0
1287.15	0	.6966299	0	.3033701	0
1286.15	0	.6961979	0	.3038021	0
1285.15	0	.6957668	0	.3042332	0
1284.15	0	.6953366	0	.3046634	0
1283.15	0	.6949074	0	.3050926	0
1282.15	0	.6944791	0	.3055209	0
1281.15	0	.6940517	0	.3059483	0
1280.15	0	.6936252	0	.3063748	0
1279.15	0	.6931996	0	.3068004	0
1278.15	0	.6927749	0	.3072251	0
1277.15	0	.6923512	0	.3076489	0
1276.15	0	.6919283	0	.3080717	0
1275.15	0	.6915063	0	.3084937	0
1274.15	0	.6910852	0	.3089148	0
1273.15	0	.690665	0	.309335	0
1272.15	0	.6902457	0	.3097543	0
1271.15	0	.6898273	0	.3101727	0
1270.15	0	.6894098	0	.3105903	0
1269.15	0	.6889931	0	.3110069	0
1268.15	0	.6885773	0	.3114227	0
1267.15	0	.6881624	0	.3118376	0
1266.15	0	.6877484	0	.3122516	0
1265.15	0	.6873353	0	.3126647	0
1264.15	0	.686923	0	.313077	0
1263.15	0	.6865116	0	.3134884	0
1262.15	0	.686101	0	.313899	0
1261.15	0	.6856913	0	.3143087	0
1260.15	0	.6852825	0	.3147175	0
1259.15	0	.6848745	0	.3151255	0
1258.15	0	.6844674	0	.3155326	0
1257.15	0	.6840611	0	.3159389	0
1256.15	0	.6836557	0	.3163443	0
1255.15	0	.6832512	0	.3167489	0
1254.15	0	.6828474	0	.3171526	0
1253.15	0	.6824445	0	.3175555	0
1252.15	0	.6820425	0	.3179575	0
1251.15	0	.6816413	0	.3183587	0
1250.15	0	.6812409	0	.3187591	0
1249.15	0	.6808414	0	.3191586	0
1248.15	0	.6804427	0	.3195573	0
1247.15	0	.6800448	0	.3199552	0
1246.15	0	.6796478	0	.3203522	0
1245.15	0	.6792516	0	.3207485	0
1244.15	0	.6788561	0	.3211439	0
1243.15	0	.6784616	0	.3215384	0
1242.15	0	.6780678	0	.3219322	0
1241.15	0	.6776749	0	.3223252	0
1240.15	0	.6772827	0	.3227173	0
1239.15	0	.6768914	0	.3231086	0
1238.15	0	.6765009	0	.3234991	0
1237.15	0	.6761112	0	.3238889	0
1236.15	0	.6757222	0	.3242778	0
1235.15	0	.6753341	0	.3246659	0
1234.15	0	.6749468	0	.3250532	0
1233.15	0	.6745603	0	.3254397	0
1232.15	0	.6741746	0	.3258254	0
1231.15	0	.6737897	0	.3262103	0
1230.15	0	.6734056	0	.3265944	0
1229.15	0	.6730222	0	.3269778	0
1228.15	0	.6726397	0	.3273603	0
1227.15	0	.6722579	0	.3277421	0
1226.15	0	.6718769	0	.3281231	0
1225.15	0	.6714967	0	.3285033	0
1224.15	0	.6711173	0	.3288827	0
1223.15	0	.6707386	0	.3292614	0
1222.15	0	.6703608	0	.3296393	0
1221.15	0	.6699837	0	.3300164	0
1220.15	0	.6696073	0	.3303927	0
1219.15	0	.6692318	0	.3307682	0
1218.15	0	.668857	0	.3311431	0
1217.15	0	.6684829	0	.3315171	0
1216.15	0	.6681096	0	.3318904	0
1215.15	0	.6677371	0	.3322629	0
1214.15	0	.6673654	0	.3326346	0
1213.15	0	.6669944	0	.3330056	0
1212.15	0	.6666241	0	.3333759	0
1211.15	0	.6662546	0	.3337454	0
1210.15	0	.6658859	0	.3341141	0
1209.15	0	.6655179	0	.3344821	0
1208.15	0	.6651507	0	.3348493	0
1207.15	0	.6647842	0	.3352158	0
1206.15	0	.6644184	0	.3355816	0
1205.15	0	.6640534	0	.3359466	0
1204.15	0	.6636891	0	.3363109	0
1203.15	0	.6633256	0	.3366744	0
1202.15	0	.6629628	0	.3370373	0
1201.15	0	.6626007	0	.3373993	0
1200.15	0	.6622393	0	.3377607	0
1199.15	0	.6618787	0	.3381213	0
1198.15	0	.6615188	0	.3384812	0
1197.15	0	.6611597	0	.3388403	0
1196.15	0	.6608012	0	.3391988	0
1195.15	0	.6604435	0	.3395565	0
1194.15	0	.6600865	0	.3399135	0
1193.15	0	.6597302	0	.3402698	0
1192.15	0	.6593747	0	.3406253	0
1191.15	0	.6590198	0	.3409802	0
1190.15	0	.6586657	0	.3413343	0
1189.15	0	.6583123	0	.3416877	0
1188.15	0	.6579596	0	.3420404	0
1187.15	0	.6576076	0	.3423924	0
1186.15	0	.6572563	0	.3427437	0
1185.15	0	.6569057	0	.3430943	0
1184.15	0	.6565558	0	.3434442	0
1183.15	0	.6562066	0	.3437934	0
1182.15	0	.6558581	0	.3441419	0
1181.15	0	.6555103	0	.3444897	0
1180.15	0	.6551633	0	.3448368	0
1179.15	0	.6548169	0	.3451831	0
1178.15	0	.6544711	0	.3455289	0
1177.15	0	.6541261	0	.3458739	0
1176.15	0	.6537818	0	.3462182	0
1175.15	0	.6534382	0	.3465619	0
1174.15	0	.6530952	0	.3469048	0
1173.15	0	.6527529	0	.3472471	0
1172.15	0	.6524113	0	.3475887	0
1171.15	0	.6520704	0	.3479296	0
1170.15	0	.6517302	0	.3482698	0
1169.15	0	.6513906	0	.3486094	0
1168.15	0	.6510518	0	.3489483	0
1167.15	0	.6507136	0	.3492865	0
1166.15	0	.650376	0	.349624	0
1165.15	0	.6500392	0	.3499608	0
1164.15	0	.649703	0	.350297	0
1163.15	0	.6493675	0	.3506326	0
1162.15	0	.6490326	0	.3509674	0
1161.15	0	.6486984	0	.3513016	0
1160.15	0	.6483649	0	.3516351	0
1159.15	0	.648032	0	.351968	0
1158.15	0	.6476998	0	.3523002	0
1157.15	0	.6473682	0	.3526318	0
1156.15	0	.6470374	0	.3529626	0
1155.15	0	.6467071	0	.3532929	0
1154.15	0	.6463775	0	.3536225	0
1153.15	0	.6460486	0	.3539514	0
1152.15	0	.6457203	0	.3542797	0
1151.15	0	.6453927	0	.3546073	0
1150.15	0	.6450657	0	.3549343	0
1149.15	0	.6447394	0	.3552606	0
1148.15	0	.6444137	0	.3555863	0
1147.15	0	.6440886	0	.3559114	0
1146.15	0	.6437642	0	.3562358	0
1145.15	0	.6434405	0	.3565595	0
1144.15	0	.6431174	0	.3568827	0
1143.15	0	.6427949	0	.3572051	0
1142.15	0	.642473	0	.357527	0
1141.15	0	.6421518	0	.3578482	0
1140.15	0	.6418312	0	.3581688	0
1139.15	0	.6415113	0	.3584887	0
1138.15	0	.641192	0	.3588081	0
1137.15	0	.6408733	0	.3591267	0
1136.15	0	.6405552	0	.3594448	0
1135.15	0	.6402378	0	.3597622	0
1134.15	0	.6399209	0	.3600791	0
1133.15	0	.6396048	0	.3603952	0
1132.15	0	.6392892	0	.3607108	0
1131.15	0	.6389742	0	.3610258	0
1130.15	0	.6386599	0	.3613401	0
1129.15	0	.6383462	0	.3616538	0
1128.15	0	.6380331	0	.3619669	0
1127.15	0	.6377206	0	.3622794	0
1126.15	0	.6374088	0	.3625912	0
1125.15	0	.6370975	0	.3629025	0
1124.15	0	.6367869	0	.3632131	0
1123.15	0	.6364769	0	.3635231	0
1122.15	0	.6361675	0	.3638326	0
1121.15	0	.6358586	0	.3641414	0
1120.15	0	.6355504	0	.3644496	0
1119.15	0	.6352428	0	.3647572	0
1118.15	0	.6349358	0	.3650642	0
1117.15	0	.6346294	0	.3653706	0
1116.15	0	.6343236	0	.3656764	0
1115.15	0	.6340185	0	.3659816	0
1114.15	0	.6337139	0	.3662862	0
1113.15	0	.6334099	0	.3665902	0
1112.15	0	.6331065	0	.3668936	0
1111.15	0	.6328036	0	.3671964	0
1110.15	0	.6325014	0	.3674986	0
1109.15	0	.6321998	0	.3678002	0
1108.15	0	.6318988	0	.3681012	0
1107.15	0	.6315983	0	.3684017	0
1106.15	0	.6312985	0	.3687015	0
1105.15	0	.6309992	0	.3690008	0
1104.15	0	.6307005	0	.3692995	0
1103.15	0	.6304024	0	.3695976	0
1102.15	0	.6301049	0	.3698951	0
1101.15	0	.629808	0	.370192	0
1100.15	0	.6295116	0	.3704884	0
1099.15	0	.6292159	0	.3707841	0
1098.15	0	.6289207	0	.3710793	0
1097.15	0	.6286261	0	.3713739	0
1096.15	0	.628332	0	.371668	0
1095.15	0	.6280386	0	.3719614	0
1094.15	0	.6277457	0	.3722543	0
1093.15	0	.6274534	0	.3725466	0
1092.15	0	.6271617	0	.3728384	0
1091.15	0	.6268705	0	.3731295	0
1090.15	0	.6265799	0	.3734201	0
1089.15	0	.6262899	0	.3737102	0
1088.15	0	.6260004	0	.3739996	0
1087.15	0	.6257115	0	.3742885	0
1086.15	0	.6254232	0	.3745768	0
1085.15	0	.6251354	0	.3748646	0
1084.15	0	.6248482	0	.3751518	0
1083.15	0	.6245616	0	.3754385	0
1082.15	0	.6242755	0	.3757245	0
1081.15	0	.62399	0	.3760101	0
1080.15	0	.623705	0	.376295	0
1079.15	0	.6234206	0	.3765794	0
1078.15	0	.6231367	0	.3768633	0
1077.15	0	.6228534	0	.3771466	0
1076.15	0	.6225707	0	.3774293	0
1075.15	0	.6222885	0	.3777115	0
1074.15	0	.6220069	0	.3779931	0
1073.15	0	.6217258	0	.3782742	0
1072.15	0	.6214453	0	.3785547	0
1071.15	0	.6211653	0	.3788347	0
1070.15	0	.6208859	0	.3791141	0
1069.15	0	.620607	0	.379393	0
1068.15	0	.6203287	0	.3796714	0
1067.15	0	.6200509	0	.3799491	0
1066.15	0	.6197736	0	.3802264	0
1065.15	0	.6194969	0	.3805031	0
1064.15	0	.6192207	0	.3807793	0
1063.15	0	.6189451	0	.3810549	0
1062.15	0	.61867	0	.38133	0
1061.15	0	.6183955	0	.3816045	0
1060.15	0	.6181215	0	.3818785	0
1059.15	0	.617848	0	.382152	0
1058.15	0	.6175751	0	.3824249	0
1057.15	0	.6173027	0	.3826973	0
1056.15	0	.6170309	0	.3829692	0
1055.15	0	.6167595	0	.3832405	0
1054.15	0	.6164887	0	.3835113	0
1053.15	0	.6162185	0	.3837815	0
1052.15	0	.6159488	0	.3840513	0
1051.15	0	.6156796	0	.3843205	0
1050.15	0	.6154109	0	.3845891	0
1049.15	0	.6151427	0	.3848573	0
1048.15	0	.6148751	0	.3851249	0
1047.15	0	.614608	0	.385392	0
1046.15	0	.6143415	0	.3856585	0
1045.15	0	.6140754	0	.3859246	0
1044.15	0	.6138099	0	.3861901	0
1043.15	0	.6135449	0	.3864551	0
1042.15	0	.6132805	0	.3867195	0
1041.15	0	.6130165	0	.3869835	0
1040.15	0	.6127531	0	.3872469	0
1039.15	0	.6124902	0	.3875098	0
1038.15	0	.6122278	0	.3877722	0
1037.15	0	.6119659	0	.3880341	0
1036.15	0	.6117046	0	.3882954	0
1035.15	0	.6114437	0	.3885563	0
1034.15	0	.6111834	0	.3888166	0
1033.15	0	.6109236	0	.3890764	0
1032.15	0	.6106643	0	.3893357	0
1031.15	0	.6104055	0	.3895945	0
1030.15	0	.6101472	0	.3898528	0
1029.15	0	.6098895	0	.3901105	0
1028.15	0	.6096322	0	.3903678	0
1027.15	0	.6093755	0	.3906245	0
1026.15	0	.6091192	0	.3908808	0
1025.15	0	.6088635	0	.3911365	0
1024.15	0	.6086083	0	.3913917	0
1023.15	0	.6083536	0	.3916464	0
1022.15	0	.6080994	0	.3919006	0
1021.15	0	.6078457	0	.3921543	0
1020.15	0	.6075925	0	.3924075	0
1019.15	0	.6073398	0	.3926602	0
1018.15	0	.6070876	0	.3929124	0
1017.15	0	.6068359	0	.3931641	0
1016.15	0	.6065847	0	.3934153	0
1015.15	0	.606334	0	.393666	0
1014.15	0	.6060838	0	.3939162	0
1013.15	0	.6058341	0	.3941659	0
1012.15	0	.6055849	0	.3944151	0
1011.15	0	.6053362	0	.3946638	0
1010.15	0	.605088	0	.394912	0
1009.15	0	.6048403	0	.3951597	0
1008.15	0	.6045931	0	.3954069	0
1007.15	0	.6043464	0	.3956536	0
1006.748	0	.6042473	0	.3957527	0
1006.748	0	.6042473	0	.3957527	0
1006.748	0	.6042473	0	.3957527	0
1006.15	0	.6038122	3.17106E-04	.3958707	0
1005.15	0	.6030859	8.465893E-04	.3960675	0
1004.15	0	.6023616	.001374708	.3962637	0
1003.15	0	.6016392	.001901465	.3964593	0
1002.15	0	.6009188	.002426862	.3966544	0
1001.15	0	.6002003	.002950905	.3968488	0
1000.15	0	.5994838	.003473594	.3970426	0
999.15	0	.5987692	.003994934	.3972359	0
998.15	0	.5980565	.004514928	.3974286	0
997.15	0	.5973458	.005033578	.3976206	0
996.15	0	.596637	.005550889	.3978121	0
995.15	0	.5959302	.006066864	.398003	0
994.15	0	.5952252	.006581505	.3981933	0
993.15	0	.5945222	.007094818	.3983829	0
992.15	0	.5938212	.007606804	.398572	0
991.15	0	.593122	.008117468	.3987605	0
990.15	0	.5924248	.008626814	.3989484	0
989.15	0	.5917294	.009134844	.3991357	0
988.15	0	.591036	.009641564	.3993224	0
987.15	0	.5903445	.01014698	.3995085	0
986.15	0	.5896549	.01065109	.399694	0
985.15	0	.5889672	.0111539	.3998789	0
984.15	0	.5882813	.01165541	.4000633	0
983.15	0	.5875974	.01215563	.400247	0
982.15	0	.5869154	.01265457	.4004301	0
981.15	0	.5862352	.01315223	.4006125	0
980.15	0	.5855569	.0136486	.4007944	0
979.15	0	.5848806	.0141437	.4009757	0
978.15	0	.584206	.01463754	.4011564	0
977.15	0	.5835334	.01513011	.4013365	0
976.15	0	.5828626	.01562142	.401516	0
975.15	0	.5821937	.01611148	.4016948	0
974.15	0	.5815266	.01660028	.4018731	0
973.15	0	.5808614	.01708784	.4020507	0
972.15	0	.5801981	.01757417	.4022278	0
971.15	0	.5795366	.01805925	.4024042	0
970.15	0	.5788769	.01854311	.40258	0
969.15	0	.5782191	.01902575	.4027552	0
968.15	0	.5775631	.01950716	.4029298	0
967.15	0	.5769089	.01998737	.4031037	0
966.15	0	.5762566	.02046636	.4032771	0
965.15	0	.5756061	.02094416	.4034498	0
964.15	0	.5749574	.02142076	.4036219	0
963.15	0	.5743105	.02189617	.4037934	0
962.15	0	.5736654	.02237041	.4039642	0
961.15	0	.5730221	.02284346	.4041344	0
960.15	0	.5723806	.02331535	.404304	0
959.15	0	.5717409	.02378607	.404473	0
958.15	0	.571103	.02425564	.4046414	0
957.15	0	.5704669	.02472405	.4048091	0
956.15	0	.5698325	.02519133	.4049761	0
955.15	0	.5691999	.02565747	.4051426	0
954.15	0	.5685691	.02612248	.4053084	0
953.15	0	.5679401	.02658637	.4054736	0
952.15	0	.5673128	.02704915	.4056381	0
951.15	0	.5666872	.02751083	.405802	0
950.15	0	.5660634	.02797141	.4059652	0
949.15	0	.5654413	.0284309	.4061278	0
948.15	0	.5648209	.0288893	.4062898	0
947.15	0	.5642023	.02934664	.4064511	0
946.15	0	.5635853	.02980291	.4066117	0
945.15	0	.5629701	.03025813	.4067717	0
944.15	0	.5623566	.03071231	.4069311	0
943.15	0	.5617448	.03116544	.4070898	0
942.15	0	.5611346	.03161755	.4072478	0
941.15	0	.5605262	.03206865	.4074052	0
940.15	0	.5599194	.03251873	.4075619	0
939.15	0	.5593143	.03296782	.4077179	0
938.15	0	.5587108	.03341592	.4078733	0
937.15	0	.558109	.03386304	.4080279	0
936.15	0	.5575088	.0343092	.408182	0
935.15	0	.5569103	.0347544	.4083353	0
934.15	0	.5563134	.03519866	.4084879	0
933.15	0	.5557181	.03564198	.4086399	0
932.15	0	.5551244	.03608438	.4087912	0
931.15	0	.5545323	.03652587	.4089418	0
930.15	0	.5539418	.03696646	.4090917	0
929.15	0	.5533529	.03740616	.4092409	0
928.15	0	.5527656	.037845	.4093894	0
927.15	0	.5521798	.03828297	.4095372	0
926.15	0	.5515956	.03872009	.4096844	0
925.15	0	.5510129	.03915638	.4098308	0
924.15	0	.5504317	.03959184	.4099765	0
923.15	0	.5498521	.0400265	.4101214	0
922.15	0	.5492739	.04046037	.4102657	0
921.15	0	.5486973	.04089346	.4104092	0
920.15	0	.5481222	.04132578	.4105521	0
919.15	0	.5475485	.04175735	.4106941	0
918.15	0	.5469763	.04218819	.4108355	0
917.15	0	.5464056	.04261831	.4109761	0
916.15	0	.5458362	.04304773	.411116	0
915.15	0	.5452684	.04347646	.4112552	0
914.15	0	.5447019	.04390453	.4113936	0
913.15	0	.5441368	.04433194	.4115312	0
912.15	0	.5435732	.04475871	.4116681	0
911.15	0	.5430109	.04518487	.4118043	0
910.15	0	.5424499	.04561043	.4119396	0
909.15	0	.5418904	.04603541	.4120742	0
908.15	0	.5413321	.04645982	.4122081	0
907.15	0	.5407752	.04688369	.4123411	0
906.15	0	.5402196	.04730704	.4124734	0
905.15	0	.5396652	.04772988	.4126049	0
904.15	0	.5391122	.04815225	.4127356	0
903.15	0	.5385604	.04857414	.4128655	0
902.15	0	.5380098	.0489956	.4129946	0
901.15	0	.5374605	.04941664	.4131229	0
900.15	0	.5369123	.04983728	.4132504	0
899.15	0	.5363654	.05025754	.4133771	0
898.15	0	.5358196	.05067746	.4135029	0
897.15	0	.535275	.05109704	.4136279	0
896.15	0	.5347315	.05151633	.4137521	0
895.15	0	.5341892	.05193533	.4138755	0
894.15	0	.5336479	.05235408	.413998	0
893.15	0	.5331078	.0527726	.4141197	0
892.15	0	.5325686	.05319092	.4142404	0
891.15	0	.5320306	.05360906	.4143604	0
890.15	0	.5314935	.05402705	.4144794	0
889.15	0	.5309574	.05444493	.4145976	0
888.15	0	.5304223	.05486271	.414715	0
887.15	0	.5298882	.05528043	.4148314	0
886.15	0	.529355	.05569812	.4149469	0
885.15	0	.5288227	.0561158	.4150615	0
884.15	0	.5282912	.05653352	.4151752	0
883.15	0	.5277607	.05695129	.415288	0
882.15	0	.5272309	.05736916	.4153999	0
881.15	0	.526702	.05778716	.4155108	0
880.15	0	.5261739	.05820531	.4156208	0
879.15	0	.5256464	.05862366	.4157299	0
878.15	0	.5251198	.05904224	.415838	0
877.15	0	.5245938	.05946109	.4159451	0
876.15	0	.5240685	.05988025	.4160513	0
875.15	0	.5235438	.06029974	.4161564	0
874.15	0	.5230198	.06071962	.4162606	0
873.15	0	.5224963	.06113992	.4163638	0
872.15	0	.5219734	.06156068	.4164659	0
871.15	0	.521451	.06198194	.4165671	0
870.15	0	.5209291	.06240375	.4166672	0
869.15	0	.5204076	.06282616	.4167663	0
868.15	0	.5198865	.06324919	.4168643	0
867.15	0	.5193659	.06367291	.4169612	0
866.15	0	.5188455	.06409736	.4170571	0
865.15	0	.5183255	.06452259	.4171519	0
864.15	0	.5178057	.06494864	.4172456	0
863.15	0	.5172862	.06537557	.4173382	0
862.15	0	.5167669	.06580343	.4174297	0
861.15	0	.5162477	.06623227	.4175201	0
860.15	0	.5157286	.06666216	.4176093	0
859.15	0	.5152096	.06709313	.4176973	0
858.15	0	.5146906	.06752527	.4177842	0
857.15	0	.5141716	.06795861	.4178698	0
856.15	0	.5136524	.06839323	.4179543	0
855.15	0	.5131332	.06882919	.4180376	0
854.15	0	.5126138	.06926654	.4181196	0
853.15	0	.5120942	.06970537	.4182004	0
852.15	0	.5115743	.07014574	.41828	0
851.15	0	.5110541	.07058771	.4183582	0
850.15	0	.5105335	.07103137	.4184352	0
849.15	0	.5100124	.07147678	.4185108	0
848.15	0	.5094908	.07192403	.4185851	0
847.15	0	.5089687	.0723732	.4186581	0
846.15	0	.508446	.07282436	.4187297	0
845.15	0	.5079225	.07327761	.4187999	0
844.15	0	.5073983	.07373303	.4188687	0
843.15	0	.5068733	.07419071	.418936	0
842.15	0	.5063473	.07465074	.4190019	0
841.15	0	.5058204	.07511324	.4190664	0
840.15	0	.5052924	.07557829	.4191293	0
839.15	0	.5047633	.076046	.4191907	0
838.15	0	.504233	.07651649	.4192505	0
837.15	0	.5037014	.07698986	.4193088	0
836.15	0	.5031684	.07746623	.4193654	0
835.15	0	.5026338	.07794572	.4194204	0
834.15	0	.5020978	.07842847	.4194738	0
833.15	0	.50156	.0789146	.4195254	0
832.15	0	.5010204	.07940425	.4195753	0
831.15	0	.5004789	.07989757	.4196235	0
830.15	0	.4999355	.0803947	.4196698	0
829.15	0	.4993899	.08089581	.4197143	0
828.15	0	.498842	.08140106	.419757	0
827.15	0	.4982917	.08191061	.4197977	0
826.15	0	.4977389	.08242465	.4198364	0
825.15	0	.4971835	.08294336	.4198732	0
824.15	0	.4966252	.08346695	.4199078	0
823.15	0	.496064	.08399563	.4199404	0
822.15	0	.4954996	.0845296	.4199708	0
821.15	0	.4949319	.08506911	.419999	0
820.15	0	.4943607	.08561439	.420025	0
819.15	0	.4937858	.08616571	.4200486	0
818.15	0	.4932069	.08672333	.4200698	0
817.15	0	.492624	.08728754	.4200885	0
816.15	0	.4920367	.08785864	.4201047	0
815.15	0	.4914448	.08843697	.4201183	0
814.15	0	.490848	.08902286	.4201291	0
813.15	0	.4902461	.08961669	.4201372	0
812.15	0	.4896387	.09021883	.4201424	0
811.15	0	.4890256	.09082972	.4201447	0
810.15	0	.4884064	.0914498	.4201438	0
809.15	0	.4877807	.09207956	.4201397	0
808.15	0	.4871481	.0927195	.4201324	0
807.15	0	.4865083	.09337019	.4201215	0
806.15	0	.4858607	.09403223	.4201071	0
805.15	0	.4852049	.09470628	.4200889	0
804.15	0	.4845402	.09539305	.4200667	0
803.15	0	.4838662	.0960933	.4200405	0
802.15	0	.4831822	.09680788	.42001	0
801.15	0	.4824874	.09753772	.4199749	0
800.15	0	.4817811	.09828383	.4199351	0
799.15	0	.4810625	.09904733	.4198902	0
798.15	0	.4803305	.09982946	.41984	0
797.15	0	.4795842	.1006316	.4197842	0
796.15	0	.4788223	.1014553	.4197224	0
795.15	0	.4780435	.1023023	.4196541	0
794.15	0	.4772464	.1031746	.419579	0
793.15	0	.4764005	.1041098	.4194896	0
792.15	0	.4749295	.1058248	.4192457	0
791.15	0	.473547	.1074352	.4190179	0
790.15	0	.4722443	.1089519	.4188038	0
789.15	0	.4710113	.1103859	.4186028	0
788.15	0	.4698421	.1117448	.4184131	0
787.15	0	.4687308	.1130356	.4182336	0
786.15	0	.4676721	.1142644	.4180635	0
785.15	0	.4666618	.1154366	.4179017	0
784.15	0	.4656957	.1165567	.4177476	0
783.15	0	.4647705	.1176289	.4176007	0
782.15	0	.4638831	.1186568	.4174602	0
781.15	0	.4630307	.1196436	.4173256	0
780.15	0	.462211	.1205923	.4171967	0
779.15	0	.4614217	.1215055	.4170728	0
778.15	0	.4606608	.1223854	.4169538	0
777.15	0	.4599266	.1232343	.4168391	0
776.15	0	.4592174	.124054	.4167286	0
775.15	0	.4585317	.1248463	.416622	0
774.15	0	.4578682	.1256129	.416519	0
773.15	0	.4572256	.1263551	.4164193	0
772.15	0	.4566028	.1270743	.4163229	0
771.15	0	.4559987	.1277719	.4162295	0
770.15	0	.4554123	.1284488	.4161389	0
769.15	0	.4548428	.1291063	.4160509	0
768.15	0	.4542893	.1297453	.4159655	0
767.15	0	.453751	.1303666	.4158824	0
766.15	0	.4532272	.1309712	.4158016	0
765.15	0	.4527173	.1315598	.4157229	0
764.15	0	.4522205	.1321333	.4156462	0
763.15	0	.4517364	.1326922	.4155714	0
762.15	0	.4512643	.1332372	.4154985	0
761.15	0	.4508038	.1337689	.4154273	0
760.15	0	.4503543	.134288	.4153577	0
759.15	0	.4499154	.1347949	.4152897	0
758.15	0	.4494867	.1352902	.4152232	0
757.15	0	.4490677	.1357743	.415158	0
756.15	0	.4486581	.1362476	.4150943	0
755.15	0	.4482575	.1367107	.4150318	0
754.15	0	.4478656	.1371638	.4149706	0
753.15	0	.447482	.1376075	.4149105	0
752.15	0	.4471064	.138042	.4148516	0
751.15	0	.4467386	.1384676	.4147938	0
750.15	0	.4463782	.1388848	.4147369	0
749.15	0	.4460251	.1392938	.4146811	0
748.15	0	.4456789	.1396949	.4146262	0
747.15	0	.4453394	.1400884	.4145723	0
746.15	0	.4450063	.1404745	.4145192	0
745.15	0	.4446796	.1408536	.4144669	0
744.15	0	.4443588	.1412257	.4144154	0
743.15	0	.444044	.1415913	.4143647	0
742.15	0	.4437348	.1419504	.4143147	0
741.15	0	.4434311	.1423034	.4142655	0
740.15	0	.4431328	.1426504	.4142169	0
739.15	0	.4428395	.1429915	.414169	0
738.15	0	.4425513	.143327	.4141217	0
737.15	0	.4422679	.1436571	.414075	0
736.15	0	.4419892	.1439819	.4140289	0
735.15	0	.4417151	.1443016	.4139833	0
734.15	0	.4414454	.1446163	.4139383	0
733.15	0	.44118	.1449262	.4138938	0
732.15	0	.4409188	.1452314	.4138498	0
731.15	0	.4406616	.1455321	.4138063	0
730.15	0	.4404083	.1458284	.4137633	0
729.15	0	.4401589	.1461204	.4137207	0
728.15	0	.4399133	.1464082	.4136785	0
727.15	0	.4396712	.1466921	.4136367	0
726.15	0	.4394327	.146972	.4135954	0
725.15	0	.4391976	.147248	.4135544	0
724.15	0	.4389658	.1475204	.4135138	0
723.15	0	.4387373	.1477891	.4134736	0
722.15	0	.438512	.1480543	.4134337	0
721.15	0	.4382898	.1483161	.4133941	0
720.15	0	.4380706	.1485745	.4133549	0
719.15	0	.4378543	.1488298	.413316	0
718.15	0	.4376408	.1490818	.4132773	0
717.15	0	.4374302	.1493308	.413239	0
716.15	0	.4372223	.1495767	.413201	0
715.15	0	.4370171	.1498198	.4131632	0
714.15	0	.4368144	.1500599	.4131257	0
713.15	0	.4366143	.1502973	.4130884	0
712.15	0	.4364166	.150532	.4130514	0
711.15	0	.4362214	.150764	.4130146	0
710.15	0	.4360285	.1509934	.412978	0
709.15	0	.4358379	.1512204	.4129417	0
708.15	0	.4356496	.1514448	.4129056	0
707.15	0	.4354635	.1516668	.4128697	0
706.15	0	.4352795	.1518865	.412834	0
705.15	0	.4350977	.1521039	.4127984	0
704.15	0	.4349178	.1523191	.4127631	0
703.15	0	.4347401	.152532	.4127279	0
702.15	0	.4345642	.1527428	.4126929	0
701.15	0	.4343903	.1529516	.4126581	0
700.15	0	.4342183	.1531582	.4126235	0
699.15	0	.4340481	.1533629	.412589	0
698.15	0	.4338798	.1535656	.4125546	0
697.15	0	.4337132	.1537664	.4125204	0
696.15	0	.4335483	.1539653	.4124864	0
695.15	0	.4333851	.1541624	.4124524	0
694.15	0	.4332236	.1543577	.4124186	0
693.15	0	.4330638	.1545512	.412385	0
692.15	0	.4329055	.154743	.4123515	0
691.15	0	.4327488	.1549332	.412318	0
690.15	0	.4325936	.1551217	.4122847	0
689.15	0	.4324399	.1553085	.4122515	0
688.15	0	.4322877	.1554938	.4122185	0
687.15	0	.432137	.1556775	.4121855	0
686.15	0	.4319877	.1558597	.4121526	0
685.15	0	.4318397	.1560404	.4121199	0
684.15	0	.4316931	.1562197	.4120872	0
683.15	0	.4315479	.1563975	.4120546	0
682.15	0	.431404	.1565739	.4120221	0
681.15	0	.4312613	.156749	.4119897	0
680.15	0	.43112	.1569227	.4119574	0
679.15	0	.4309799	.157095	.4119251	0
678.15	0	.430841	.1572661	.411893	0
677.15	0	.4307033	.1574359	.4118609	0
676.15	0	.4305668	.1576044	.4118288	0
675.15	0	.4304314	.1577717	.4117969	0
674.15	0	.4302972	.1579378	.411765	0
673.15	0	.4301641	.1581027	.4117332	0
672.15	0	.4300321	.1582665	.4117015	0
671.15	0	.4299011	.1584291	.4116698	0
670.15	0	.4297713	.1585906	.4116381	0
669.15	0	.4296425	.158751	.4116066	0
668.15	0	.4295147	.1589103	.411575	0
667.15	0	.4293879	.1590685	.4115436	0
666.15	0	.4292621	.1592257	.4115122	0
665.15	0	.4291373	.1593819	.4114808	0
664.15	0	.4290134	.1595371	.4114495	0
663.15	0	.4288905	.1596912	.4114183	0
662.15	0	.4287686	.1598444	.411387	0
661.15	0	.4286475	.1599966	.4113559	0
660.15	0	.4285273	.1601479	.4113247	0
659.15	0	.4284081	.1602983	.4112937	0
658.15	0	.4282897	.1604477	.4112626	0
657.15	0	.4281721	.1605963	.4112316	0
656.15	0	.4280554	.1607439	.4112006	0
655.15	0	.4279396	.1608907	.4111697	0
654.15	0	.4278245	.1610367	.4111388	0
653.15	0	.4277103	.1611818	.4111079	0
652.15	0	.4275969	.161326	.4110771	0
651.15	0	.4274842	.1614695	.4110463	0
650.15	0	.4273723	.1616121	.4110155	0
649.15	0	.4272612	.161754	.4109848	0
648.15	0	.4271509	.1618951	.4109541	0
647.15	0	.4270412	.1620354	.4109234	0
646.15	0	.4269323	.1621749	.4108928	0
645.15	0	.4268242	.1623137	.4108621	0
644.15	0	.4267167	.1624518	.4108315	0
643.15	0	.4266099	.1625891	.4108009	0
642.15	0	.4265039	.1627257	.4107704	0
641.15	0	.4263985	.1628617	.4107399	0
640.15	0	.4262937	.1629969	.4107094	0
639.15	0	.4261897	.1631315	.4106789	0
638.15	0	.4260863	.1632653	.4106484	0
637.15	0	.4259835	.1633985	.410618	0
636.15	0	.4258814	.1635311	.4105875	0
635.15	0	.4257799	.163663	.4105571	0
634.15	0	.425679	.1637943	.4105268	0
633.15	0	.4255787	.1639249	.4104964	0
632.15	0	.425479	.1640549	.410466	0
631.15	0	.42538	.1641843	.4104357	0
630.15	0	.4252815	.1643132	.4104054	0
629.15	0	.4251836	.1644414	.4103751	0
628.15	0	.4250862	.164569	.4103448	0
627.15	0	.4249894	.164696	.4103146	0
626.15	0	.4248932	.1648225	.4102843	0
625.15	0	.4247976	.1649484	.4102541	0
624.15	0	.4247025	.1650737	.4102238	0
623.15	0	.4246079	.1651985	.4101936	0
622.15	0	.4245138	.1653227	.4101635	0
621.15	0	.4244203	.1654464	.4101333	0
620.15	0	.4243273	.1655696	.4101031	0
619.15	0	.4242348	.1656922	.410073	0
618.15	0	.4241429	.1658143	.4100428	0
617.15	0	.4240514	.1659359	.4100127	0
616.15	0	.4239604	.166057	.4099826	0
615.15	0	.4238699	.1661776	.4099525	0
614.15	0	.4237799	.1662977	.4099224	0
613.15	0	.4236904	.1664173	.4098923	0
612.15	0	.4236013	.1665364	.4098623	0
611.15	0	.4235127	.166655	.4098322	0
610.15	0	.4234246	.1667732	.4098022	0
609.15	0	.423337	.1668909	.4097722	0
608.15	0	.4232498	.1670081	.4097421	0
607.15	0	.423163	.1671249	.4097121	0
606.15	0	.4230767	.1672412	.4096821	0
605.15	0	.4229908	.167357	.4096522	0
604.15	0	.4229054	.1674724	.4096222	0
603.15	0	.4228204	.1675874	.4095922	0
602.15	0	.4227358	.1677019	.4095623	0
601.15	0	.4226516	.167816	.4095324	0
600.15	0	.4225679	.1679297	.4095024	0
599.15	0	.4224845	.1680429	.4094725	0
598.15	0	.4224016	.1681558	.4094426	0
597.15	0	.4223191	.1682682	.4094127	0
596.15	0	.422237	.1683802	.4093829	0
595.15	0	.4221552	.1684918	.409353	0
594.15	0	.4220739	.1686029	.4093231	0
593.15	0	.421993	.1687137	.4092933	0
592.15	0	.4219124	.1688241	.4092635	0
591.15	0	.4218323	.1689341	.4092336	0
590.15	0	.4217525	.1690437	.4092038	0
589.15	0	.421673	.1691529	.409174	0
588.15	0	.421594	.1692617	.4091443	0
587.15	0	.4215153	.1693702	.4091145	0
586.15	0	.421437	.1694783	.4090847	0
585.15	0	.421359	.169586	.409055	0
584.15	0	.4212815	.1696933	.4090253	0
583.15	0	.4212042	.1698003	.4089955	0
582.15	0	.4211273	.1699069	.4089658	0
581.15	0	.4210508	.1700131	.4089361	0
580.15	0	.4209746	.170119	.4089065	0
579.15	0	.4208987	.1702245	.4088768	0
578.15	0	.4208232	.1703297	.4088471	0
577.15	0	.420748	.1704345	.4088175	0
576.15	0	.4206732	.1705389	.4087879	0
575.15	0	.4205987	.1706431	.4087582	0
574.15	0	.4205245	.1707469	.4087287	0
573.15	0	.4204506	.1708503	.4086991	0
572.15	0	.4203771	.1709534	.4086695	0
571.15	0	.4203039	.1710561	.4086399	0
570.15	0	.420231	.1711586	.4086104	0
569.15	0	.4201584	.1712607	.4085809	0
568.15	0	.4200862	.1713625	.4085514	0
567.15	0	.4200142	.1714639	.4085219	0
566.15	0	.4199426	.171565	.4084924	0
565.15	0	.4198712	.1716658	.408463	0
564.15	0	.4198002	.1717663	.4084335	0
563.15	0	.4197294	.1718665	.4084041	0
562.15	0	.419659	.1719663	.4083747	0
561.15	0	.4195889	.1720658	.4083453	0
560.15	0	.419519	.1721651	.4083159	0
559.15	0	.4194495	.172264	.4082866	0
558.15	0	.4193802	.1723626	.4082572	0
557.15	0	.4193112	.1724609	.4082279	0
556.15	0	.4192425	.1725589	.4081986	0
555.15	0	.4191741	.1726565	.4081694	0
554.15	0	.419106	.1727539	.4081401	0
553.15	0	.4190382	.172851	.4081109	0
552.15	0	.4189706	.1729478	.4080816	0
551.15	0	.4189033	.1730443	.4080524	0
550.15	0	.4188363	.1731405	.4080233	0
549.15	0	.4187696	.1732363	.4079941	0
548.15	0	.4187031	.173332	.407965	0
547.15	0	.4186369	.1734273	.4079358	0
546.15	0	.418571	.1735223	.4079068	0
545.15	0	.4185053	.173617	.4078777	0
544.15	0	.4184399	.1737115	.4078486	0
543.15	0	.4183748	.1738056	.4078196	0
542.15	0	.4183099	.1738995	.4077906	0
541.15	0	.4182453	.1739931	.4077616	0
540.15	0	.4181809	.1740864	.4077327	0
539.15	0	.4181168	.1741795	.4077038	0
538.15	0	.4180529	.1742722	.4076749	0
537.15	0	.4179894	.1743647	.4076459	0
536.15	0	.4179261	.1744569	.407617	0
535.15	0	.417863	.1745488	.4075882	0
534.15	0	.4178001	.1746405	.4075594	0
533.15	0	.4177376	.1747318	.4075306	0
532.15	0	.4176752	.1748229	.4075019	0
531.15	0	.4176131	.1749138	.4074732	0
530.15	0	.4175512	.1750043	.4074445	0
529.15	0	.4174896	.1750946	.4074158	0
528.15	0	.4174282	.1751846	.4073871	0
527.15	0	.4173671	.1752744	.4073585	0
526.15	0	.4173062	.1753639	.4073299	0
525.15	0	.4172455	.1754531	.4073014	0
524.15	0	.4171851	.1755421	.4072729	0
523.15	0	.4171249	.1756308	.4072444	0
522.15	0	.4170649	.1757192	.4072159	0
521.15	0	.4170052	.1758074	.4071875	0
520.15	0	.4169457	.1758953	.4071591	0
519.15	0	.4168864	.1759829	.4071307	0
518.15	0	.4168273	.1760703	.4071024	0
517.15	0	.4167685	.1761575	.407074	0
516.15	0	.4167099	.1762443	.4070458	0
515.15	0	.4166516	.1763309	.4070175	0
514.15	0	.4165934	.1764173	.4069893	0
513.15	0	.4165355	.1765034	.4069611	0
512.15	0	.4164778	.1765892	.406933	0
511.15	0	.4164203	.1766748	.4069049	0
510.15	0	.416363	.1767602	.4068768	0
509.15	0	.416306	.1768452	.4068488	0
508.15	0	.4162492	.1769301	.4068208	0
507.15	0	.4161925	.1770146	.4067928	0
506.15	0	.4161362	.177099	.4067649	0
505.15	0	.41608	.177183	.406737	0
504.15	0	.416024	.1772669	.4067091	0
503.15	0	.4159682	.1773504	.4066813	0
502.15	0	.4159127	.1774338	.4066535	0
501.15	0	.4158574	.1775168	.4066258	0
500.15	0	.4158023	.1775997	.4065981	0
499.15	0	.4157473	.1776822	.4065704	0
498.15	0	.4156926	.1777646	.4065428	0
497.15	0	.4156381	.1778466	.4065152	0
496.15	0	.4155838	.1779285	.4064877	0
495.15	0	.4155298	.1780101	.4064602	0
494.15	0	.4154759	.1780914	.4064327	0
493.15	0	.4154222	.1781725	.4064053	0
492.15	0	.4153687	.1782534	.4063779	0
491.15	0	.4153155	.178334	.4063506	0
490.15	0	.4152624	.1784143	.4063233	0
489.15	0	.4152095	.1784945	.406296	0
488.15	0	.4151569	.1785743	.4062688	0
487.15	0	.4151044	.178654	.4062416	0
486.15	0	.4150521	.1787334	.4062145	0
485.15	0	.415	.1788125	.4061875	0
484.15	0	.4149482	.1788914	.4061604	0
483.15	0	.4148965	.1789701	.4061334	0
482.15	0	.414845	.1790485	.4061065	0
481.15	0	.4147937	.1791267	.4060796	0
480.15	0	.4147426	.1792046	.4060528	0
479.15	0	.4146917	.1792823	.406026	0
478.15	0	.414641	.1793598	.4059992	0
477.15	0	.4145905	.179437	.4059725	0
476.15	0	.4145402	.179514	.4059458	0
475.15	0	.41449	.1795907	.4059192	0
474.15	0	.4144401	.1796673	.4058927	0
473.15	0	.4143903	.1797435	.4058662	0
472.15	0	.4143408	.1798195	.4058397	0
471.15	0	.4142914	.1798953	.4058133	0
470.15	0	.4142422	.1799709	.4057869	0
469.15	0	.4141932	.1800462	.4057606	0
468.15	0	.4141444	.1801213	.4057344	0
467.15	0	.4140957	.1801961	.4057081	0
466.15	0	.4140473	.1802707	.405682	0
465.15	0	.413999	.1803451	.4056559	0
464.15	0	.413951	.1804192	.4056298	0
463.15	0	.4139031	.1804931	.4056038	0
462.15	0	.4138554	.1805667	.4055779	0
461.15	0	.4138078	.1806401	.405552	0
460.15	0	.4137605	.1807133	.4055262	0
459.15	0	.4137133	.1807863	.4055004	0
458.15	0	.4136663	.180859	.4054747	0
457.15	0	.4136195	.1809315	.405449	0
456.15	0	.4135729	.1810037	.4054234	0
455.15	0	.4135265	.1810757	.4053978	0
454.15	0	.4134802	.1811475	.4053723	0
453.15	0	.4134341	.181219	.4053469	0
452.15	0	.4133882	.1812903	.4053215	0
451.15	0	.4133425	.1813614	.4052962	0
450.15	0	.4132969	.1814322	.4052709	0
449.15	0	.4132515	.1815028	.4052457	0
448.15	0	.4132064	.1815731	.4052206	0
447.15	0	.4131614	.1816431	.4051955	0
446.15	0	.4131166	.181713	.4051705	0
445.15	0	.4130719	.1817825	.4051455	0
444.15	0	.4130275	.1818519	.4051207	0
443.15	0	.4129832	.1819209	.4050958	0
442.15	0	.4129392	.1819897	.4050711	0
441.15	0	.4128953	.1820583	.4050464	0
440.15	0	.4128516	.1821266	.4050218	0
439.15	0	.4128081	.1821946	.4049973	0
438.15	0	.4127648	.1822623	.4049728	0
437.15	0	.4127217	.1823298	.4049485	0
436.15	0	.4126788	.182397	.4049242	0
435.15	0	.4126361	.1824639	.4049	0
434.15	0	.4125936	.1825306	.4048758	0
433.15	0	.4125513	.1825969	.4048518	0
432.15	0	.4125092	.182663	.4048278	0
431.15	0	.4124673	.1827288	.4048039	0
430.15	0	.4124256	.1827943	.4047801	0
429.15	0	.4123841	.1828596	.4047563	0
428.15	0	.4123428	.1829245	.4047327	0
427.15	0	.4123017	.1829891	.4047091	0
426.15	0	.4122609	.1830535	.4046856	0
425.15	0	.4122202	.1831176	.4046623	0
424.15	0	.4121797	.1831813	.404639	0
423.15	0	.4121394	.1832448	.4046157	0
422.15	0	.4120994	.183308	.4045926	0
421.15	0	.4120595	.1833709	.4045696	0
420.15	0	.4120199	.1834335	.4045467	0
419.15	0	.4119804	.1834958	.4045238	0
418.15	0	.4119412	.1835578	.404501	0
417.15	0	.4119021	.1836195	.4044784	0
416.15	0	.4118633	.1836809	.4044558	0
415.15	0	.4118246	.1837421	.4044333	0
414.15	0	.4117862	.1838029	.4044109	0
413.15	0	.411748	.1838634	.4043886	0
412.15	0	.4117099	.1839237	.4043664	0
411.15	0	.4116721	.1839836	.4043443	0
410.15	0	.4116345	.1840433	.4043223	0
409.15	0	.411597	.1841026	.4043003	0
408.15	0	.4115598	.1841617	.4042785	0
407.15	0	.4115228	.1842205	.4042568	0
406.15	0	.4114859	.184279	.4042351	0
405.15	0	.4114493	.1843372	.4042136	0
404.15	0	.4114128	.1843951	.4041921	0
403.15	0	.4113766	.1844527	.4041708	0
402.15	0	.4113405	.18451	.4041495	0
401.15	0	.4113046	.1845671	.4041283	0
400.15	0	.411269	.1846238	.4041072	0
399.15	0	.4112335	.1846803	.4040863	0
398.15	0	.4111981	.1847365	.4040654	0
397.15	0	.411163	.1847924	.4040446	0
396.15	0	.4111281	.184848	.4040239	0
395.15	0	.4110934	.1849034	.4040033	0
394.15	0	.4110588	.1849584	.4039828	0
393.15	0	.4110244	.1850132	.4039624	0
392.15	0	.4109902	.1850677	.403942	0
391.15	0	.4109562	.185122	.4039218	0
390.15	0	.4109224	.185176	.4039017	0
389.15	0	.4108887	.1852297	.4038816	0
388.15	0	.4108553	.1852831	.4038617	0
387.15	0	.4108219	.1853363	.4038418	0
386.15	0	.4107888	.1853891	.4038221	0
385.15	0	.4107558	.1854418	.4038024	0
384.15	0	.4107231	.1854941	.4037828	0
383.15	0	.4106904	.1855463	.4037633	0
382.15	0	.410658	.1855981	.4037439	0
381.15	0	.4106257	.1856497	.4037246	0
380.15	0	.4105936	.185701	.4037054	0
379.15	0	.4105616	.1857521	.4036863	0
378.15	0	.4105298	.1858029	.4036673	0
377.15	0	.4104982	.1858535	.4036483	0
376.15	0	.4104667	.1859038	.4036295	0
375.15	0	.4104354	.1859539	.4036107	0
374.15	0	.4104042	.1860038	.403592	0
373.15	0	.4103732	.1860534	.4035735	0
372.15	0	.4103423	.1861027	.403555	0
371.15	0	.4103116	.1861518	.4035366	0
370.15	0	.410281	.1862007	.4035183	0
369.15	0	.4102506	.1862493	.4035	0
368.15	0	.4102204	.1862978	.4034819	0
367.15	0	.4101902	.1863459	.4034638	0
366.15	0	.4101603	.1863939	.4034459	0
