T	 BPW(LIQUID)	BPW(BCC_A2)	BPW(FCC_A1)	BPW(LAVES_PHASE_C14)	BPW(NI3TI)
1473.15	0	1	0	0	0
1472.15	0	1	0	0	0
1471.15	0	1	0	0	0
1470.15	0	1	0	0	0
1469.15	0	1	0	0	0
1468.15	0	1	0	0	0
1467.15	0	1	0	0	0
1466.15	0	1	0	0	0
1465.15	0	1	0	0	0
1464.15	0	1	0	0	0
1463.15	0	1	0	0	0
1462.15	0	1	0	0	0
1461.15	0	1	0	0	0
1460.15	0	1	0	0	0
1459.15	0	1	0	0	0
1458.15	0	1	0	0	0
1457.15	0	1	0	0	0
1456.15	0	1	0	0	0
1455.15	0	1	0	0	0
1454.15	0	1	0	0	0
1453.15	0	1	0	0	0
1452.15	0	1	0	0	0
1451.15	0	1	0	0	0
1450.15	0	1	0	0	0
1449.15	0	1	0	0	0
1448.15	0	1	0	0	0
1447.15	0	1	0	0	0
1446.15	0	1	0	0	0
1445.15	0	1	0	0	0
1444.15	0	1	0	0	0
1443.15	0	1	0	0	0
1442.15	0	1	0	0	0
1441.15	0	1	0	0	0
1440.15	0	1	0	0	0
1439.15	0	1	0	0	0
1438.15	0	1	0	0	0
1437.15	0	1	0	0	0
1436.15	0	1	0	0	0
1435.15	0	1	0	0	0
1434.15	0	1	0	0	0
1433.15	0	1	0	0	0
1432.15	0	1	0	0	0
1431.15	0	1	0	0	0
1430.15	0	1	0	0	0
1429.15	0	1	0	0	0
1428.15	0	1	0	0	0
1427.15	0	1	0	0	0
1426.15	0	1	0	0	0
1425.15	0	1	0	0	0
1424.15	0	1	0	0	0
1423.15	0	1	0	0	0
1422.15	0	1	0	0	0
1421.15	0	1	0	0	0
1420.15	0	1	0	0	0
1419.15	0	1	0	0	0
1418.15	0	1	0	0	0
1417.15	0	1	0	0	0
1416.15	0	1	0	0	0
1415.15	0	1	0	0	0
1414.15	0	1	0	0	0
1413.15	0	1	0	0	0
1412.15	0	1	0	0	0
1411.15	0	1	0	0	0
1410.15	0	1	0	0	0
1409.15	0	1	0	0	0
1408.15	0	1	0	0	0
1407.15	0	1	0	0	0
1406.15	0	1	0	0	0
1405.15	0	1	0	0	0
1404.15	0	1	0	0	0
1403.15	0	1	0	0	0
1402.15	0	1	0	0	0
1401.15	0	1	0	0	0
1400.15	0	1	0	0	0
1399.15	0	1	0	0	0
1398.15	0	1	0	0	0
1397.15	0	1	0	0	0
1396.15	0	1	0	0	0
1395.15	0	1	0	0	0
1394.15	0	1	0	0	0
1393.15	0	1	0	0	0
1392.15	0	1	0	0	0
1391.15	0	1	0	0	0
1390.15	0	1	0	0	0
1389.15	0	1	0	0	0
1388.15	0	1	0	0	0
1387.15	0	1	0	0	0
1386.15	0	1	0	0	0
1385.15	0	1	0	0	0
1384.15	0	1	0	0	0
1383.15	0	1	0	0	0
1382.15	0	1	0	0	0
1381.15	0	1	0	0	0
1380.15	0	1	0	0	0
1379.15	0	1	0	0	0
1378.15	0	1	0	0	0
1377.15	0	1	0	0	0
1376.15	0	1	0	0	0
1375.15	0	1	0	0	0
1374.15	0	1	0	0	0
1373.15	0	1	0	0	0
1372.15	0	1	0	0	0
1371.15	0	1	0	0	0
1370.15	0	1	0	0	0
1369.15	0	1	0	0	0
1368.15	0	1	0	0	0
1367.15	0	1	0	0	0
1366.15	0	1	0	0	0
1365.15	0	1	0	0	0
1364.15	0	1	0	0	0
1363.15	0	1	0	0	0
1362.15	0	1	0	0	0
1361.15	0	1	0	0	0
1360.15	0	1	0	0	0
1359.15	0	1	0	0	0
1358.15	0	1	0	0	0
1357.15	0	1	0	0	0
1356.15	0	1	0	0	0
1355.15	0	1	0	0	0
1354.15	0	1	0	0	0
1353.15	0	1	0	0	0
1352.15	0	1	0	0	0
1351.15	0	1	0	0	0
1350.15	0	1	0	0	0
1349.15	0	1	0	0	0
1348.15	0	1	0	0	0
1347.15	0	1	0	0	0
1346.15	0	1	0	0	0
1345.15	0	1	0	0	0
1344.15	0	1	0	0	0
1343.15	0	1	0	0	0
1342.15	0	1	0	0	0
1341.15	0	1	0	0	0
1340.15	0	1	0	0	0
1339.15	0	1	0	0	0
1338.15	0	1	0	0	0
1337.15	0	1	0	0	0
1336.15	0	1	0	0	0
1335.15	0	1	0	0	0
1334.15	0	1	0	0	0
1333.15	0	1	0	0	0
1332.15	0	1	0	0	0
1331.15	0	1	0	0	0
1330.15	0	1	0	0	0
1329.15	0	1	0	0	0
1328.15	0	1	0	0	0
1327.15	0	1	0	0	0
1326.15	0	1	0	0	0
1325.15	0	1	0	0	0
1324.15	0	1	0	0	0
1323.15	0	1	0	0	0
1322.15	0	1	0	0	0
1321.15	0	1	0	0	0
1320.15	0	1	0	0	0
1319.15	0	1	0	0	0
1318.15	0	1	0	0	0
1317.15	0	1	0	0	0
1316.15	0	1	0	0	0
1315.15	0	1	0	0	0
1314.15	0	1	0	0	0
1313.15	0	1	0	0	0
1312.15	0	1	0	0	0
1311.15	0	1	0	0	0
1310.15	0	1	0	0	0
1309.15	0	1	0	0	0
1308.15	0	1	0	0	0
1307.15	0	1	0	0	0
1306.15	0	1	0	0	0
1305.15	0	1	0	0	0
1304.15	0	1	0	0	0
1303.15	0	1	0	0	0
1302.15	0	1	0	0	0
1301.15	0	1	0	0	0
1300.15	0	1	0	0	0
1299.15	0	1	0	0	0
1298.15	0	1	0	0	0
1297.15	0	1	0	0	0
1296.15	0	1	0	0	0
1295.15	0	1	0	0	0
1294.15	0	1	0	0	0
1293.15	0	1	0	0	0
1292.15	0	1	0	0	0
1291.15	0	1	0	0	0
1290.15	0	1	0	0	0
1289.15	0	1	0	0	0
1288.15	0	1	0	0	0
1287.15	0	1	0	0	0
1286.15	0	1	0	0	0
1285.15	0	1	0	0	0
1284.15	0	1	0	0	0
1283.15	0	1	0	0	0
1282.15	0	1	0	0	0
1281.15	0	1	0	0	0
1280.15	0	1	0	0	0
1279.15	0	1	0	0	0
1278.15	0	1	0	0	0
1277.15	0	1	0	0	0
1276.15	0	1	0	0	0
1275.15	0	1	0	0	0
1274.15	0	1	0	0	0
1273.15	0	1	0	0	0
1272.15	0	1	0	0	0
1271.15	0	1	0	0	0
1270.15	0	1	0	0	0
1269.15	0	1	0	0	0
1268.15	0	1	0	0	0
1267.15	0	1	0	0	0
1266.15	0	1	0	0	0
1265.15	0	1	0	0	0
1264.15	0	1	0	0	0
1263.15	0	1	0	0	0
1262.15	0	1	0	0	0
1261.15	0	1	0	0	0
1260.15	0	1	0	0	0
1259.15	0	1	0	0	0
1258.15	0	1	0	0	0
1257.15	0	1	0	0	0
1256.15	0	1	0	0	0
1255.15	0	1	0	0	0
1254.15	0	1	0	0	0
1253.15	0	1	0	0	0
1252.15	0	1	0	0	0
1251.15	0	1	0	0	0
1250.15	0	1	0	0	0
1249.15	0	1	0	0	0
1248.15	0	1	0	0	0
1247.15	0	1	0	0	0
1246.15	0	1	0	0	0
1245.15	0	1	0	0	0
1244.15	0	1	0	0	0
1243.15	0	1	0	0	0
1242.15	0	1	0	0	0
1241.15	0	1	0	0	0
1240.15	0	1	0	0	0
1239.15	0	1	0	0	0
1238.15	0	1	0	0	0
1237.15	0	1	0	0	0
1236.15	0	1	0	0	0
1235.15	0	1	0	0	0
1234.15	0	1	0	0	0
1233.15	0	1	0	0	0
1232.15	0	1	0	0	0
1231.15	0	1	0	0	0
1230.15	0	1	0	0	0
1229.15	0	1	0	0	0
1228.15	0	1	0	0	0
1227.15	0	1	0	0	0
1226.15	0	1	0	0	0
1225.775	0	1	0	0	0
1225.775	0	1	0	0	0
1225.775	0	1	0	0	0
1225.15	0	.9996464	0	3.536111E-04	0
1224.15	0	.9990813	0	9.187467E-04	0
1223.15	0	.9985173	0	.001482703	0
1222.15	0	.9979545	0	.002045484	0
1221.15	0	.9973929	0	.002607092	0
1220.15	0	.9968325	0	.003167529	0
1219.15	0	.9962732	0	.003726799	0
1218.15	0	.9957151	0	.004284905	0
1217.15	0	.9951581	0	.004841849	0
1216.15	0	.9946024	0	.005397635	0
1215.15	0	.9940477	0	.005952266	0
1214.15	0	.9934943	0	.006505743	0
1213.15	0	.9929419	0	.007058071	0
1212.15	0	.9923908	0	.007609252	0
1211.15	0	.9918407	0	.008159288	0
1210.15	0	.9912918	0	.008708183	0
1209.15	0	.9907441	0	.00925594	0
1208.15	0	.9901974	0	.00980256	0
1207.15	0	.989652	0	.01034805	0
1206.15	0	.9891076	0	.01089241	0
1205.15	0	.9885644	0	.01143564	0
1204.15	0	.9880223	0	.01197774	0
1203.15	0	.9874813	0	.01251872	0
1202.15	0	.9869414	0	.01305859	0
1201.15	0	.9864027	0	.01359734	0
1200.15	0	.985865	0	.01413497	0
1199.15	0	.9853285	0	.01467149	0
1198.15	0	.9847931	0	.0152069	0
1197.15	0	.9842588	0	.01574121	0
1196.15	0	.9837256	0	.01627442	0
1195.15	0	.9831935	0	.01680652	0
1194.15	0	.9826625	0	.01733753	0
1193.15	0	.9821326	0	.01786744	0
1192.15	0	.9816037	0	.01839626	0
1191.15	0	.981076	0	.01892398	0
1190.15	0	.9805494	0	.01945062	0
1189.15	0	.9800238	0	.01997618	0
1188.15	0	.9794994	0	.02050065	0
1187.15	0	.978976	0	.02102405	0
1186.15	0	.9784536	0	.02154636	0
1185.15	0	.9779324	0	.0220676	0
1184.15	0	.9774122	0	.02258777	0
1183.15	0	.9768931	0	.02310687	0
1182.15	0	.9763751	0	.0236249	0
1181.15	0	.9758581	0	.02414187	0
1180.15	0	.9753422	0	.02465777	0
1179.15	0	.9748274	0	.02517261	0
1178.15	0	.9743136	0	.0256864	0
1177.15	0	.9738009	0	.02619913	0
1176.15	0	.9732892	0	.02671081	0
1175.15	0	.9727786	0	.02722144	0
1174.15	0	.972269	0	.02773102	0
1173.15	0	.9717605	0	.02823955	0
1172.15	0	.971253	0	.02874704	0
1171.15	0	.9707465	0	.02925349	0
1170.15	0	.9702411	0	.02975891	0
1169.15	0	.9697367	0	.03026328	0
1168.15	0	.9692334	0	.03076662	0
1167.15	0	.9687311	0	.03126894	0
1166.15	0	.9682298	0	.03177022	0
1165.15	0	.9677295	0	.03227047	0
1164.15	0	.9672303	0	.0327697	0
1163.15	0	.9667321	0	.03326791	0
1162.15	0	.9662349	0	.0337651	0
1161.15	0	.9657387	0	.03426127	0
1160.15	0	.9652436	0	.03475643	0
1159.15	0	.9647494	0	.03525057	0
1158.15	0	.9642563	0	.0357437	0
1157.15	0	.9637642	0	.03623582	0
1156.15	0	.9632731	0	.03672694	0
1155.15	0	.962783	0	.03721705	0
1154.15	0	.9622938	0	.03770619	0
1153.15	0	.9618057	0	.0381943	0
1152.15	0	.9613186	0	.03868141	0
1151.15	0	.9608325	0	.03916753	0
1150.15	0	.9603474	0	.03965265	0
1149.15	0	.9598632	0	.04013678	0
1148.15	0	.9593801	0	.04061992	0
1147.15	0	.9588979	0	.04110208	0
1146.15	0	.9584168	0	.04158325	0
1145.15	0	.9579366	0	.04206344	0
1144.15	0	.9574573	0	.04254265	0
1143.15	0	.9569791	0	.04302088	0
1142.15	0	.9565019	0	.04349813	0
1141.15	0	.9560256	0	.04397441	0
1140.15	0	.9555503	0	.04444972	0
1139.15	0	.955076	0	.04492405	0
1138.15	0	.9546026	0	.04539742	0
1137.15	0	.9541302	0	.04586982	0
1136.15	0	.9536587	0	.04634126	0
1135.15	0	.9531883	0	.04681174	0
1134.15	0	.9527188	0	.04728125	0
1133.15	0	.9522502	0	.04774981	0
1132.15	0	.9517826	0	.04821741	0
1131.15	0	.9513159	0	.04868406	0
1130.15	0	.9508502	0	.04914976	0
1129.15	0	.9503855	0	.0496145	0
1128.15	0	.9499217	0	.0500783	0
1127.15	0	.9494589	0	.05054115	0
1126.15	0	.9489969	0	.05100306	0
1125.15	0	.948536	0	.05146402	0
1124.15	0	.948076	0	.05192405	0
1123.15	0	.9476169	0	.05238313	0
1122.15	0	.9471587	0	.05284128	0
1121.15	0	.9467015	0	.0532985	0
1120.15	0	.9462452	0	.05375478	0
1119.15	0	.9457899	0	.05421013	0
1118.15	0	.9453354	0	.05466455	0
1117.15	0	.944882	0	.05511805	0
1116.15	0	.9444294	0	.05557061	0
1115.15	0	.9439777	0	.05602226	0
1114.15	0	.943527	0	.05647298	0
1113.15	0	.9430772	0	.05692279	0
1112.15	0	.9426283	0	.05737168	0
1111.15	0	.9421804	0	.05781965	0
1110.15	0	.9417333	0	.0582667	0
1109.15	0	.9412872	0	.05871284	0
1108.15	0	.9408419	0	.05915807	0
1107.15	0	.9403976	0	.0596024	0
1106.15	0	.9399542	0	.06004581	0
1105.15	0	.9395117	0	.06048832	0
1104.15	0	.9390701	0	.06092993	0
1103.15	0	.9386294	0	.06137063	0
1102.15	0	.9381896	0	.06181044	0
1101.15	0	.9377507	0	.06224934	0
1100.15	0	.9373126	0	.06268735	0
1099.15	0	.9368755	0	.06312447	0
1098.15	0	.9364393	0	.06356069	0
1097.15	0	.936004	0	.06399601	0
1096.15	0	.9355695	0	.06443045	0
1095.15	0	.935136	0	.064864	0
1094.15	0	.9347033	0	.06529667	0
1093.15	0	.9342716	0	.06572844	0
1092.15	0	.9338407	0	.06615934	0
1091.15	0	.9334107	0	.06658935	0
1090.15	0	.9329815	0	.06701848	0
1089.15	0	.9325533	0	.06744674	0
1088.15	0	.9321259	0	.06787411	0
1087.15	0	.9316994	0	.06830062	0
1086.15	0	.9312738	0	.06872624	0
1085.15	0	.930849	0	.069151	0
1084.15	0	.9304251	0	.06957489	0
1083.15	0	.9300021	0	.0699979	0
1082.15	0	.9295799	0	.07042005	0
1081.15	0	.9291587	0	.07084134	0
1080.15	0	.9287382	0	.07126175	0
1079.15	0	.9283187	0	.07168131	0
1078.15	0	.9279	0	.07210001	0
1077.15	0	.9274822	0	.07251784	0
1076.15	0	.9270652	0	.07293482	0
1075.15	0	.9266491	0	.07335094	0
1074.15	0	.9262338	0	.07376621	0
1073.15	0	.9258194	0	.07418062	0
1072.15	0	.9254058	0	.07459418	0
1071.15	0	.9249931	0	.07500689	0
1070.15	0	.9245813	0	.07541875	0
1069.15	0	.9241702	0	.07582977	0
1068.15	0	.9237601	0	.07623994	0
1067.15	0	.9233507	0	.07664926	0
1066.15	0	.9229423	0	.07705774	0
1065.15	0	.9225346	0	.07746538	0
1064.15	0	.9221278	0	.07787217	0
1063.15	0	.9217219	0	.07827813	0
1062.15	0	.9213168	0	.07868326	0
1061.15	0	.9209125	0	.07908754	0
1060.15	0	.920509	0	.07949099	0
1059.15	0	.9201064	0	.07989361	0
1058.15	0	.9197046	0	.0802954	0
1057.15	0	.9193037	0	.08069635	0
1056.15	0	.9189035	0	.08109648	0
1055.15	0	.9185042	0	.08149577	0
1054.15	0	.9181058	0	.08189425	0
1053.15	0	.9177081	0	.0822919	0
1052.15	0	.9173113	0	.08268872	0
1051.15	0	.9169153	0	.08308472	0
1050.15	0	.9165201	0	.0834799	0
1049.15	0	.9161257	0	.08387426	0
1048.15	0	.9157322	0	.08426781	0
1047.15	0	.9153395	0	.08466053	0
1046.15	0	.9149476	0	.08505244	0
1045.15	0	.9145565	0	.08544354	0
1044.15	0	.9141662	0	.08583382	0
1043.15	0	.9137767	0	.08622329	0
1042.15	0	.9133881	0	.08661195	0
1041.15	0	.9130002	0	.08699981	0
1040.15	0	.9126131	0	.08738685	0
1039.15	0	.9122269	0	.08777309	0
1038.15	0	.9118415	0	.08815852	0
1037.15	0	.9114569	0	.08854315	0
1036.15	0	.911073	0	.08892697	0
1035.15	0	.91069	0	.08931	0
1034.15	0	.9103078	0	.08969222	0
1033.15	0	.9099264	0	.09007364	0
1032.15	0	.9095457	0	.09045427	0
1031.15	0	.9091659	0	.0908341	0
1030.15	0	.9087869	0	.09121313	0
1029.15	0	.9084086	0	.09159137	0
1028.15	0	.9080312	0	.09196882	0
1027.15	0	.9076545	0	.09234547	0
1026.15	0	.9072787	0	.09272133	0
1025.15	0	.9069036	0	.09309641	0
1024.15	0	.9065293	0	.09347069	0
1023.15	0	.9061558	0	.09384419	0
1022.15	0	.9057831	0	.0942169	0
1021.15	0	.9054112	0	.09458883	0
1020.15	0	.90504	0	.09495997	0
1019.15	0	.9046697	0	.09533033	0
1018.15	0	.9043001	0	.09569991	0
1017.15	0	.9039313	0	.09606871	0
1016.15	0	.9035633	0	.09643673	0
1015.15	0	.903196	0	.09680397	0
1014.15	0	.9028296	0	.09717043	0
1013.15	0	.9024639	0	.09753612	0
1012.15	0	.902099	0	.09790103	0
1011.15	0	.9017348	0	.09826517	0
1010.15	0	.9013715	0	.09862854	0
1009.15	0	.9010089	0	.09899113	0
1008.15	0	.9006471	0	.09935295	0
1007.15	0	.900286	0	.09971401	0
1006.15	0	.8999257	0	.1000743	0
1005.15	0	.8995662	0	.1004338	0
1004.15	0	.8992074	0	.1007926	0
1003.15	0	.8988495	0	.1011506	0
1002.15	0	.8984922	0	.1015078	0
1001.15	0	.8981358	0	.1018642	0
1000.15	0	.8977801	0	.1022199	0
999.15	0	.8974251	0	.1025749	0
998.15	0	.897071	0	.102929	0
997.15	0	.8967175	0	.1032825	0
996.15	0	.8963649	0	.1036351	0
995.15	0	.896013	0	.103987	0
994.15	0	.8956618	0	.1043382	0
993.15	0	.8953115	0	.1046885	0
992.15	0	.8949618	0	.1050382	0
991.15	0	.8946129	0	.105387	0
990.15	0	.8942648	0	.1057352	0
989.15	0	.8939175	0	.1060825	0
988.15	0	.8935708	0	.1064292	0
987.15	0	.893225	0	.1067751	0
986.15	0	.8928798	0	.1071202	0
985.15	0	.8925354	0	.1074646	0
984.15	0	.8921918	0	.1078082	0
983.15	0	.8918489	0	.1081511	0
982.15	0	.8915068	0	.1084932	0
981.15	0	.8911654	0	.1088346	0
980.15	0	.8908247	0	.1091753	0
979.15	0	.8904848	0	.1095152	0
978.15	0	.8901456	0	.1098544	0
977.15	0	.8898072	0	.1101928	0
976.15	0	.8894695	0	.1105305	0
975.15	0	.8891326	0	.1108674	0
974.15	0	.8887964	0	.1112036	0
973.15	0	.8884609	0	.1115391	0
972.15	0	.8881261	0	.1118739	0
971.15	0	.8877921	0	.1122079	0
970.15	0	.8874589	0	.1125411	0
969.15	0	.8871263	0	.1128737	0
968.15	0	.8867945	0	.1132055	0
967.15	0	.8864634	0	.1135366	0
966.15	0	.8861331	0	.1138669	0
965.15	0	.8858035	0	.1141965	0
964.15	0	.8854746	0	.1145254	0
963.15	0	.8851465	0	.1148535	0
962.15	0	.884819	0	.115181	0
961.15	0	.8844923	0	.1155077	0
960.15	0	.8841663	0	.1158336	0
959.15	0	.8838411	0	.1161589	0
958.15	0	.8835166	0	.1164834	0
957.15	0	.8831928	0	.1168072	0
956.15	0	.8828697	0	.1171303	0
955.15	0	.8825473	0	.1174527	0
954.15	0	.8822257	0	.1177743	0
953.15	0	.8819048	0	.1180952	0
952.15	0	.8815846	0	.1184154	0
951.15	0	.8812651	0	.1187349	0
950.15	0	.8809464	0	.1190536	0
949.15	0	.8806283	0	.1193717	0
948.15	0	.880311	0	.119689	0
947.15	0	.8799944	0	.1200056	0
946.15	0	.8796785	0	.1203215	0
945.15	0	.8793634	0	.1206366	0
944.15	0	.8790489	0	.1209511	0
943.15	0	.8787352	0	.1212648	0
942.15	0	.8784221	0	.1215779	0
941.15	0	.8781098	0	.1218902	0
940.15	0	.8777982	0	.1222018	0
939.15	0	.8774873	0	.1225127	0
938.15	0	.8771771	0	.1228229	0
937.15	0	.8768676	0	.1231324	0
936.15	0	.8765589	0	.1234411	0
935.15	0	.8762508	0	.1237492	0
934.15	0	.8759434	0	.1240566	0
933.15	0	.8756368	0	.1243632	0
932.15	0	.8753308	0	.1246692	0
931.15	0	.8750256	0	.1249744	0
930.15	0	.874721	0	.125279	0
929.15	0	.8744172	0	.1255828	0
928.15	0	.8741141	0	.1258859	0
927.15	0	.8738117	0	.1261883	0
926.15	0	.8735099	0	.1264901	0
925.15	0	.8732089	0	.1267911	0
924.15	0	.8729086	0	.1270914	0
923.15	0	.872609	0	.127391	0
922.15	0	.87231	0	.12769	0
921.15	0	.8720118	0	.1279882	0
920.15	0	.8717143	0	.1282857	0
919.15	0	.8714174	0	.1285826	0
918.15	0	.8711213	0	.1288787	0
917.15	0	.8708259	0	.1291741	0
916.15	0	.8705311	0	.1294689	0
915.15	0	.8702371	0	.1297629	0
914.15	0	.8699437	0	.1300563	0
913.15	0	.8696511	0	.1303489	0
912.15	0	.8693591	0	.1306409	0
911.15	0	.8690678	0	.1309322	0
910.15	0	.8687772	0	.1312228	0
909.15	0	.8684873	0	.1315127	0
908.15	0	.8681981	0	.1318019	0
907.15	0	.8679096	0	.1320904	0
906.15	0	.8676218	0	.1323782	0
905.15	0	.8673347	0	.1326653	0
904.15	0	.8670482	0	.1329518	0
903.15	0	.8667625	0	.1332375	0
902.15	0	.8664774	0	.1335226	0
902.0719	0	.8664552	0	.1335448	0
902.0719	0	.8664552	0	.1335448	0
902.0719	0	.8664552	0	.1335448	0
901.15	0	.8656058	6.637518E-04	.1337304	0
900.15	0	.8646861	.001383386	.1339305	0
899.15	0	.863768	.002102653	.1341294	0
898.15	0	.8628514	.002821591	.134327	0
897.15	0	.8619364	.003540227	.1345234	0
896.15	0	.8610229	.004258594	.1347185	0
895.15	0	.860111	.004976725	.1349123	0
894.15	0	.8592006	.005694654	.1351048	0
893.15	0	.8582916	.006412417	.135296	0
892.15	0	.857384	.007130048	.1354859	0
891.15	0	.8564779	.007847585	.1356746	0
890.15	0	.8555731	.008565065	.1358618	0
889.15	0	.8546697	.009282526	.1360478	0
888.15	0	.8537676	.01000001	.1362324	0
887.15	0	.8528668	.01071756	.1364157	0
886.15	0	.8519672	.0114352	.1365976	0
885.15	0	.8510689	.012153	.1367781	0
884.15	0	.8501718	.01287099	.1369572	0
883.15	0	.8492758	.01358921	.137135	0
882.15	0	.848381	.01430771	.1373113	0
881.15	0	.8474872	.01502655	.1374863	0
880.15	0	.8465945	.01574576	.1376597	0
879.15	0	.8457028	.0164654	.1378318	0
878.15	0	.8448121	.01718551	.1380024	0
877.15	0	.8439223	.01790616	.1381715	0
876.15	0	.8430334	.0186274	.1383392	0
875.15	0	.8421454	.01934928	.1385053	0
874.15	0	.8412582	.02007185	.13867	0
873.15	0	.8403717	.02079519	.1388331	0
872.15	0	.839486	.02151934	.1389947	0
871.15	0	.8386009	.02224437	.1391547	0
870.15	0	.8377164	.02297034	.1393132	0
869.15	0	.8368326	.02369733	.1394701	0
868.15	0	.8359492	.02442539	.1396254	0
867.15	0	.8350663	.02515459	.1397791	0
866.15	0	.8341838	.02588501	.1399312	0
865.15	0	.8333017	.02661673	.1400816	0
864.15	0	.8324199	.0273498	.1402303	0
863.15	0	.8315383	.02808432	.1403774	0
862.15	0	.8306569	.02882036	.1405228	0
861.15	0	.8297755	.02955801	.1406664	0
860.15	0	.8288943	.03029734	.1408084	0
859.15	0	.828013	.03103845	.1409485	0
858.15	0	.8271317	.03178143	.1410869	0
857.15	0	.8262501	.03252637	.1412235	0
856.15	0	.8253684	.03327336	.1413582	0
855.15	0	.8244863	.03402251	.1414912	0
854.15	0	.8236039	.03477392	.1416222	0
853.15	0	.8227209	.03552768	.1417514	0
852.15	0	.8218374	.03628392	.1418786	0
851.15	0	.8209533	.03704273	.1420039	0
850.15	0	.8200685	.03780425	.1421273	0
849.15	0	.8191828	.03856858	.1422486	0
848.15	0	.8182962	.03933586	.1423679	0
847.15	0	.8174086	.0401062	.1424852	0
846.15	0	.8165199	.04087976	.1426004	0
845.15	0	.8156299	.04165665	.1427135	0
844.15	0	.8147386	.04243703	.1428244	0
843.15	0	.8138458	.04322104	.1429331	0
842.15	0	.8129515	.04400883	.1430397	0
841.15	0	.8120555	.04480058	.143144	0
840.15	0	.8111576	.04559643	.143246	0
839.15	0	.8102578	.04639658	.1433457	0
838.15	0	.8093559	.04720118	.143443	0
837.15	0	.8084517	.04801044	.1435379	0
836.15	0	.8075451	.04882454	.1436303	0
835.15	0	.806636	.04964369	.1437203	0
834.15	0	.8057242	.0504681	.1438077	0
833.15	0	.8048095	.051298	.1438926	0
832.15	0	.8038917	.0521336	.1439747	0
831.15	0	.8029706	.05297516	.1440542	0
830.15	0	.8020461	.05382292	.144131	0
829.15	0	.801118	.05467715	.1442049	0
828.15	0	.8001859	.05553812	.1442759	0
827.15	0	.7992498	.05640614	.1443441	0
826.15	0	.7983093	.0572815	.1444092	0
825.15	0	.7973643	.05816452	.1444712	0
824.15	0	.7964144	.05905555	.1445301	0
823.15	0	.7954594	.05995493	.1445857	0
822.15	0	.7944989	.06086305	.1446381	0
821.15	0	.7935327	.0617803	.144687	0
820.15	0	.7925605	.06270711	.1447324	0
819.15	0	.7915819	.06364391	.1447742	0
818.15	0	.7905964	.06459118	.1448124	0
817.15	0	.7896039	.06554942	.1448467	0
816.15	0	.7886037	.06651917	.1448771	0
815.15	0	.7875956	.06750099	.1449035	0
814.15	0	.7865789	.06849548	.1449256	0
813.15	0	.7855533	.0695033	.1449434	0
812.15	0	.7845181	.07052514	.1449568	0
811.15	0	.7834728	.07156174	.1449655	0
810.15	0	.7824167	.0726139	.1449694	0
809.15	0	.7813493	.07368248	.1449682	0
808.15	0	.7802697	.07476842	.1449619	0
807.15	0	.7791771	.07587272	.1449501	0
806.15	0	.7780708	.07699647	.1449327	0
805.15	0	.7769498	.07814086	.1449093	0
804.15	0	.7758131	.07930719	.1448797	0
803.15	0	.7746595	.08049688	.1448436	0
802.15	0	.7734879	.08171147	.1448006	0
801.15	0	.7722969	.0829527	.1447504	0
800.15	0	.771085	.08422245	.1446925	0
799.15	0	.7698506	.08552284	.1446266	0
798.15	0	.7680704	.08748152	.1444481	0
797.15	0	.7660604	.08972267	.1442169	0
796.15	0	.7641374	.09186664	.143996	0
795.15	0	.7622948	.09392052	.1437847	0
794.15	0	.760527	.0958907	.1435823	0
793.15	0	.7588289	.09778294	.1433882	0
792.15	0	.7571957	.09960248	.1432018	0
791.15	0	.7556232	.1013541	.1430228	0
790.15	0	.7541075	.103042	.1428505	0
789.15	0	.7526462	.1046696	.1426843	0
788.15	0	.7512338	.1062418	.1425244	0
787.15	0	.7498686	.1077613	.1423701	0
786.15	0	.7485478	.1092311	.1422211	0
785.15	0	.7472691	.1106539	.1420771	0
784.15	0	.74603	.1120323	.1419377	0
783.15	0	.7448284	.1133688	.1418028	0
782.15	0	.7436625	.1146654	.1416721	0
781.15	0	.7425304	.1159243	.1415453	0
780.15	0	.7414303	.1171474	.1414223	0
779.15	0	.7403609	.1183364	.1413028	0
778.15	0	.7393205	.1194929	.1411867	0
777.15	0	.7383078	.1206185	.1410737	0
776.15	0	.7373215	.1217146	.1409638	0
775.15	0	.7363606	.1227826	.1408568	0
774.15	0	.7354238	.1238238	.1407525	0
773.15	0	.73451	.1248392	.1406508	0
772.15	0	.7336184	.12583	.1405516	0
771.15	0	.732748	.1267973	.1404547	0
770.15	0	.731898	.1277419	.1403601	0
769.15	0	.7310674	.128665	.1402676	0
768.15	0	.7302556	.1295672	.1401772	0
767.15	0	.7294617	.1304495	.1400888	0
766.15	0	.7286852	.1313126	.1400022	0
765.15	0	.7279254	.1321572	.1399174	0
764.15	0	.7271816	.1329841	.1398343	0
763.15	0	.7264532	.1337939	.1397529	0
762.15	0	.7257398	.1345872	.139673	0
761.15	0	.7250407	.1353646	.1395947	0
760.15	0	.7243555	.1361268	.1395177	0
759.15	0	.7236837	.1368741	.1394422	0
758.15	0	.7230248	.1376073	.1393679	0
757.15	0	.7223784	.1383266	.139295	0
756.15	0	.7217441	.1390326	.1392232	0
755.15	0	.7211216	.1397258	.1391526	0
754.15	0	.7205103	.1404065	.1390832	0
753.15	0	.71991	.1410752	.1390148	0
752.15	0	.7193203	.1417322	.1389475	0
751.15	0	.7187409	.142378	.1388811	0
750.15	0	.7181715	.1430128	.1388157	0
749.15	0	.7176117	.143637	.1387512	0
748.15	0	.7170614	.144251	.1386876	0
747.15	0	.7165201	.144855	.1386249	0
746.15	0	.7159877	.1454493	.138563	0
745.15	0	.7154639	.1460342	.1385018	0
744.15	0	.7149485	.1466101	.1384415	0
743.15	0	.7144411	.1471771	.1383818	0
742.15	0	.7139416	.1477355	.1383229	0
741.15	0	.7134498	.1482855	.1382646	0
740.15	0	.7129655	.1488275	.138207	0
739.15	0	.7124884	.1493615	.13815	0
738.15	0	.7120184	.1498879	.1380937	0
737.15	0	.7115553	.1504068	.1380379	0
736.15	0	.7110989	.1509184	.1379827	0
735.15	0	.710649	.151423	.137928	0
734.15	0	.7102055	.1519206	.1378739	0
733.15	0	.7097682	.1524116	.1378202	0
732.15	0	.7093369	.152896	.1377671	0
731.15	0	.7089116	.153374	.1377144	0
730.15	0	.7084919	.1538459	.1376622	0
729.15	0	.708078	.1543116	.1376104	0
728.15	0	.7076695	.1547715	.137559	0
727.15	0	.7072663	.1552256	.1375081	0
726.15	0	.7068684	.1556741	.1374576	0
725.15	0	.7064755	.1561171	.1374074	0
724.15	0	.7060877	.1565547	.1373576	0
723.15	0	.7057047	.1569871	.1373082	0
722.15	0	.7053265	.1574144	.1372591	0
721.15	0	.704953	.1578367	.1372103	0
720.15	0	.704584	.1582541	.1371619	0
719.15	0	.7042195	.1586668	.1371137	0
718.15	0	.7038593	.1590748	.1370659	0
717.15	0	.7035034	.1594783	.1370184	0
716.15	0	.7031516	.1598773	.1369711	0
715.15	0	.7028039	.1602719	.1369241	0
714.15	0	.7024602	.1606623	.1368774	0
713.15	0	.7021205	.1610486	.136831	0
712.15	0	.7017845	.1614307	.1367847	0
711.15	0	.7014524	.1618089	.1367387	0
710.15	0	.7011238	.1621832	.136693	0
709.15	0	.7007989	.1625536	.1366475	0
708.15	0	.7004776	.1629203	.1366022	0
707.15	0	.7001596	.1632833	.136557	0
706.15	0	.6998451	.1636428	.1365121	0
705.15	0	.6995339	.1639987	.1364674	0
704.15	0	.699226	.1643511	.1364229	0
703.15	0	.6989213	.1647002	.1363785	0
702.15	0	.6986197	.165046	.1363344	0
701.15	0	.6983211	.1653885	.1362904	0
700.15	0	.6980256	.1657279	.1362465	0
699.15	0	.6977331	.1660641	.1362029	0
698.15	0	.6974435	.1663972	.1361593	0
697.15	0	.6971567	.1667273	.136116	0
696.15	0	.6968728	.1670545	.1360727	0
695.15	0	.6965916	.1673788	.1360296	0
694.15	0	.6963131	.1677003	.1359867	0
693.15	0	.6960372	.168019	.1359438	0
692.15	0	.695764	.1683349	.1359011	0
691.15	0	.6954933	.1686481	.1358585	0
690.15	0	.6952252	.1689587	.1358161	0
689.15	0	.6949596	.1692667	.1357737	0
688.15	0	.6946963	.1695722	.1357315	0
687.15	0	.6944355	.1698751	.1356894	0
686.15	0	.694177	.1701756	.1356473	0
685.15	0	.6939209	.1704737	.1356054	0
684.15	0	.693667	.1707694	.1355636	0
683.15	0	.6934154	.1710628	.1355218	0
682.15	0	.693166	.1713538	.1354802	0
681.15	0	.6929187	.1716427	.1354386	0
680.15	0	.6926736	.1719293	.1353972	0
679.15	0	.6924306	.1722137	.1353558	0
678.15	0	.6921896	.1724959	.1353145	0
677.15	0	.6919507	.1727761	.1352732	0
676.15	0	.6917138	.1730542	.1352321	0
675.15	0	.6914789	.1733302	.135191	0
674.15	0	.6912459	.1736042	.1351499	0
673.15	0	.6910148	.1738762	.135109	0
672.15	0	.6907856	.1741463	.1350681	0
671.15	0	.6905582	.1744145	.1350273	0
670.15	0	.6903327	.1746808	.1349865	0
669.15	0	.690109	.1749452	.1349458	0
668.15	0	.6898871	.1752077	.1349052	0
667.15	0	.6896669	.1754685	.1348646	0
666.15	0	.6894484	.1757275	.1348241	0
665.15	0	.6892317	.1759848	.1347836	0
664.15	0	.6890166	.1762403	.1347432	0
663.15	0	.6888032	.1764941	.1347028	0
662.15	0	.6885913	.1767462	.1346624	0
661.15	0	.6883812	.1769967	.1346221	0
660.15	0	.6881725	.1772456	.1345819	0
659.15	0	.6879655	.1774928	.1345417	0
658.15	0	.68776	.1777385	.1345016	0
657.15	0	.687556	.1779826	.1344615	0
656.15	0	.6873535	.1782251	.1344214	0
655.15	0	.6871525	.1784662	.1343813	0
654.15	0	.686953	.1787057	.1343413	0
653.15	0	.6867548	.1789438	.1343014	0
652.15	0	.6865582	.1791804	.1342615	0
651.15	0	.6863629	.1794155	.1342216	0
650.15	0	.686169	.1796493	.1341817	0
649.15	0	.6859765	.1798816	.1341419	0
648.15	0	.6857853	.1801126	.1341021	0
647.15	0	.6855955	.1803422	.1340624	0
646.15	0	.6854069	.1805704	.1340226	0
645.15	0	.6852197	.1807973	.1339829	0
644.15	0	.6850338	.1810229	.1339433	0
643.15	0	.6848491	.1812472	.1339036	0
642.15	0	.6846657	.1814702	.133864	0
641.15	0	.6844836	.181692	.1338245	0
640.15	0	.6843026	.1819125	.1337849	0
639.15	0	.6841229	.1821318	.1337454	0
638.15	0	.6839443	.1823498	.1337059	0
637.15	0	.683767	.1825666	.1336664	0
636.15	0	.6835908	.1827823	.1336269	0
635.15	0	.6834158	.1829967	.1335875	0
634.15	0	.6832419	.18321	.1335481	0
633.15	0	.6830691	.1834221	.1335087	0
632.15	0	.6828975	.1836332	.1334694	0
631.15	0	.682727	.183843	.13343	0
630.15	0	.6825575	.1840518	.1333907	0
629.15	0	.6823891	.1842594	.1333514	0
628.15	0	.6822218	.184466	.1333122	0
627.15	0	.6820556	.1846715	.1332729	0
626.15	0	.6818904	.1848759	.1332337	0
625.15	0	.6817262	.1850793	.1331945	0
624.15	0	.6815631	.1852816	.1331553	0
623.15	0	.6814009	.1854829	.1331162	0
622.15	0	.6812398	.1856832	.133077	0
621.15	0	.6810797	.1858825	.1330379	0
620.15	0	.6809205	.1860807	.1329988	0
619.15	0	.6807623	.186278	.1329597	0
618.15	0	.6806051	.1864743	.1329207	0
617.15	0	.6804488	.1866696	.1328817	0
616.15	0	.6802934	.1868639	.1328426	0
615.15	0	.680139	.1870573	.1328036	0
614.15	0	.6799855	.1872498	.1327647	0
613.15	0	.679833	.1874413	.1327257	0
612.15	0	.6796813	.1876319	.1326868	0
611.15	0	.6795305	.1878216	.1326479	0
610.15	0	.6793806	.1880104	.132609	0
609.15	0	.6792316	.1881983	.1325701	0
608.15	0	.6790835	.1883852	.1325313	0
607.15	0	.6789362	.1885713	.1324925	0
606.15	0	.6787898	.1887566	.1324537	0
605.15	0	.6786442	.1889409	.1324149	0
604.15	0	.6784995	.1891244	.1323761	0
603.15	0	.6783556	.1893071	.1323374	0
602.15	0	.6782125	.1894889	.1322987	0
601.15	0	.6780702	.1896698	.13226	0
600.15	0	.6779288	.18985	.1322213	0
599.15	0	.6777881	.1900293	.1321826	0
598.15	0	.6776482	.1902078	.132144	0
597.15	0	.6775092	.1903854	.1321054	0
596.15	0	.6773709	.1905623	.1320668	0
595.15	0	.6772334	.1907384	.1320283	0
594.15	0	.6770966	.1909137	.1319897	0
593.15	0	.6769606	.1910882	.1319512	0
592.15	0	.6768254	.1912619	.1319127	0
591.15	0	.6766909	.1914348	.1318743	0
590.15	0	.6765571	.191607	.1318358	0
589.15	0	.6764241	.1917785	.1317974	0
588.15	0	.6762918	.1919491	.131759	0
587.15	0	.6761603	.192119	.1317207	0
586.15	0	.6760295	.1922882	.1316824	0
585.15	0	.6758993	.1924566	.131644	0
584.15	0	.6757699	.1926243	.1316058	0
583.15	0	.6756412	.1927913	.1315675	0
582.15	0	.6755132	.1929576	.1315293	0
581.15	0	.6753858	.1931231	.1314911	0
580.15	0	.6752592	.1932879	.1314529	0
579.15	0	.6751332	.193452	.1314148	0
578.15	0	.6750079	.1936154	.1313767	0
577.15	0	.6748833	.1937781	.1313386	0
576.15	0	.6747593	.1939401	.1313005	0
575.15	0	.6746361	.1941015	.1312625	0
574.15	0	.6745134	.1942621	.1312245	0
573.15	0	.6743914	.194422	.1311865	0
572.15	0	.6742701	.1945813	.1311486	0
571.15	0	.6741494	.1947399	.1311107	0
570.15	0	.6740293	.1948978	.1310728	0
569.15	0	.6739099	.1950551	.131035	0
568.15	0	.6737911	.1952117	.1309972	0
567.15	0	.6736729	.1953677	.1309595	0
566.15	0	.6735553	.195523	.1309217	0
565.15	0	.6734384	.1956776	.130884	0
564.15	0	.673322	.1958316	.1308464	0
563.15	0	.6732063	.195985	.1308087	0
562.15	0	.6730912	.1961377	.1307711	0
561.15	0	.6729766	.1962898	.1307336	0
560.15	0	.6728627	.1964412	.1306961	0
559.15	0	.6727494	.1965921	.1306586	0
558.15	0	.6726366	.1967423	.1306212	0
557.15	0	.6725244	.1968918	.1305837	0
556.15	0	.6724128	.1970408	.1305464	0
555.15	0	.6723018	.1971892	.130509	0
554.15	0	.6721914	.1973369	.1304718	0
553.15	0	.6720815	.197484	.1304345	0
552.15	0	.6719722	.1976305	.1303973	0
551.15	0	.6718634	.1977764	.1303602	0
550.15	0	.6717552	.1979218	.130323	0
549.15	0	.6716476	.1980665	.130286	0
548.15	0	.6715405	.1982106	.1302489	0
547.15	0	.671434	.1983541	.1302119	0
546.15	0	.671328	.1984971	.130175	0
545.15	0	.6712225	.1986394	.1301381	0
544.15	0	.6711176	.1987812	.1301012	0
543.15	0	.6710132	.1989224	.1300644	0
542.15	0	.6709094	.199063	.1300277	0
541.15	0	.6708061	.199203	.1299909	0
540.15	0	.6707033	.1993425	.1299543	0
539.15	0	.6706011	.1994813	.1299176	0
538.15	0	.6704994	.1996196	.129881	0
537.15	0	.6703982	.1997574	.1298445	0
536.15	0	.6702975	.1998946	.129808	0
535.15	0	.6701973	.2000312	.1297715	0
534.15	0	.6700976	.2001672	.1297352	0
533.15	0	.6699984	.2003027	.1296989	0
532.15	0	.6698998	.2004377	.1296626	0
531.15	0	.6698016	.2005721	.1296264	0
530.15	0	.6697039	.2007059	.1295902	0
529.15	0	.6696068	.2008392	.1295541	0
528.15	0	.6695101	.2009719	.129518	0
527.15	0	.6694139	.2011041	.129482	0
526.15	0	.6693182	.2012357	.1294461	0
525.15	0	.669223	.2013668	.1294102	0
524.15	0	.6691283	.2014974	.1293743	0
523.15	0	.669034	.2016274	.1293386	0
522.15	0	.6689403	.2017569	.1293028	0
521.15	0	.668847	.2018858	.1292672	0
520.15	0	.6687542	.2020142	.1292316	0
519.15	0	.6686619	.2021421	.129196	0
518.15	0	.66857	.2022695	.1291606	0
517.15	0	.6684786	.2023963	.1291251	0
516.15	0	.6683877	.2025225	.1290898	0
515.15	0	.6682972	.2026483	.1290545	0
514.15	0	.6682072	.2027735	.1290192	0
513.15	0	.6681177	.2028983	.1289841	0
512.15	0	.6680286	.2030224	.128949	0
511.15	0	.66794	.2031461	.1289139	0
510.15	0	.6678518	.2032693	.1288789	0
509.15	0	.6677641	.2033919	.128844	0
508.15	0	.6676769	.203514	.1288092	0
507.15	0	.6675901	.2036356	.1287744	0
506.15	0	.6675037	.2037567	.1287397	0
505.15	0	.6674178	.2038772	.128705	0
504.15	0	.6673323	.2039973	.1286704	0
503.15	0	.6672472	.2041168	.1286359	0
502.15	0	.6671627	.2042359	.1286015	0
501.15	0	.6670785	.2043544	.1285671	0
500.15	0	.6669948	.2044724	.1285328	0
499.15	0	.6669115	.2045899	.1284986	0
498.15	0	.6668286	.204707	.1284644	0
497.15	0	.6667462	.2048235	.1284303	0
496.15	0	.6666642	.2049395	.1283963	0
495.15	0	.6665826	.205055	.1283624	0
494.15	0	.6665015	.20517	.1283285	0
493.15	0	.6664208	.2052845	.1282947	0
492.15	0	.6663405	.2053985	.128261	0
491.15	0	.6662606	.205512	.1282274	0
490.15	0	.6661812	.205625	.1281938	0
489.15	0	.6661021	.2057375	.1281604	0
488.15	0	.6660235	.2058495	.128127	0
487.15	0	.6659453	.2059611	.1280936	0
486.15	0	.6658675	.2060721	.1280604	0
485.15	0	.6657901	.2061827	.1280272	0
484.15	0	.6657132	.2062927	.1279941	0
483.15	0	.6656366	.2064023	.1279611	0
482.15	0	.6655605	.2065113	.1279282	0
481.15	0	.6654847	.2066199	.1278954	0
480.15	0	.6654094	.206728	.1278626	0
479.15	0	.6653344	.2068356	.1278299	0
478.15	0	.6652599	.2069428	.1277974	0
477.15	0	.6651858	.2070494	.1277648	0
476.15	0	.665112	.2071556	.1277324	0
475.15	0	.6650387	.2072612	.1277001	0
474.15	0	.6649657	.2073664	.1276678	0
473.15	0	.6648932	.2074711	.1276357	0
472.15	0	.664821	.2075754	.1276036	0
471.15	0	.6647493	.2076791	.1275716	0
470.15	0	.6646779	.2077824	.1275397	0
469.15	0	.6646069	.2078851	.1275079	0
468.15	0	.6645364	.2079875	.1274762	0
467.15	0	.6644661	.2080893	.1274446	0
466.15	0	.6643963	.2081906	.127413	0
465.15	0	.6643269	.2082915	.1273816	0
464.15	0	.6642579	.2083919	.1273502	0
463.15	0	.6641892	.2084918	.127319	0
462.15	0	.6641209	.2085913	.1272878	0
461.15	0	.664053	.2086902	.1272567	0
460.15	0	.6639855	.2087887	.1272257	0
459.15	0	.6639183	.2088868	.1271949	0
458.15	0	.6638516	.2089843	.1271641	0
457.15	0	.6637852	.2090814	.1271334	0
456.15	0	.6637192	.209178	.1271028	0
455.15	0	.6636536	.2092742	.1270723	0
454.15	0	.6635883	.2093698	.1270419	0
453.15	0	.6635234	.209465	.1270116	0
452.15	0	.6634589	.2095598	.1269814	0
451.15	0	.6633947	.209654	.1269513	0
450.15	0	.6633309	.2097478	.1269213	0
449.15	0	.6632675	.2098411	.1268914	0
448.15	0	.6632045	.2099339	.1268616	0
447.15	0	.6631419	.2100262	.1268319	0
446.15	0	.6630797	.210118	.1268024	0
445.15	0	.6630178	.2102093	.1267729	0
444.15	0	.6629563	.2103001	.1267436	0
443.15	0	.6628952	.2103905	.1267144	0
442.15	0	.6628345	.2104803	.1266853	0
441.15	0	.6627741	.2105696	.1266563	0
440.15	0	.6627142	.2106584	.1266274	0
439.15	0	.6626547	.2107467	.1265987	0
438.15	0	.6625955	.2108344	.1265701	0
437.15	0	.6625368	.2109217	.1265416	0
436.15	0	.6624784	.2110084	.1265132	0
435.15	0	.6624204	.2110946	.126485	0
434.15	0	.6623629	.2111802	.1264569	0
433.15	0	.6623057	.2112653	.126429	0
432.15	0	.662249	.2113499	.1264011	0
431.15	0	.6621926	.2114339	.1263735	0
430.15	0	.6621367	.2115174	.1263459	0
429.15	0	.6620812	.2116003	.1263185	0
428.15	0	.6620261	.2116827	.1262913	0
427.15	0	.6619713	.2117645	.1262641	0
426.15	0	.661917	.2118458	.1262372	0
425.15	0	.6618631	.2119265	.1262104	0
424.15	0	.6618096	.2120067	.1261837	0
423.15	0	.6617565	.2120863	.1261572	0
422.15	0	.6617038	.2121654	.1261308	0
421.15	0	.6616516	.2122439	.1261046	0
420.15	0	.6615997	.2123218	.1260785	0
419.15	0	.6615482	.2123992	.1260526	0
418.15	0	.6614972	.2124761	.1260268	0
417.15	0	.6614465	.2125524	.1260012	0
416.15	0	.6613962	.2126281	.1259757	0
415.15	0	.6613464	.2127033	.1259504	0
414.15	0	.6612969	.2127779	.1259252	0
413.15	0	.6612479	.2128519	.1259002	0
412.15	0	.6611992	.2129254	.1258753	0
411.15	0	.661151	.2129984	.1258506	0
410.15	0	.6611031	.2130708	.1258261	0
409.15	0	.6610557	.2131426	.1258017	0
408.15	0	.6610086	.2132139	.1257775	0
407.15	0	.6609619	.2132847	.1257534	0
406.15	0	.6609157	.2133549	.1257295	0
405.15	0	.6608698	.2134245	.1257057	0
404.15	0	.6608243	.2134936	.1256821	0
403.15	0	.6607792	.2135622	.1256587	0
402.15	0	.6607344	.2136302	.1256354	0
401.15	0	.6606901	.2136977	.1256123	0
400.15	0	.6606461	.2137646	.1255893	0
399.15	0	.6606025	.213831	.1255665	0
398.15	0	.6605593	.2138969	.1255438	0
397.15	0	.6605165	.2139623	.1255213	0
396.15	0	.660474	.2140271	.1254989	0
395.15	0	.6604319	.2140913	.1254767	0
394.15	0	.6603902	.2141551	.1254547	0
393.15	0	.6603488	.2142183	.1254328	0
392.15	0	.6603079	.2142811	.1254111	0
391.15	0	.6602672	.2143433	.1253895	0
390.15	0	.660227	.214405	.1253681	0
389.15	0	.6601871	.2144661	.1253468	0
388.15	0	.6601475	.2145268	.1253257	0
387.15	0	.6601083	.2145869	.1253048	0
386.15	0	.6600694	.2146466	.125284	0
385.15	0	.6600309	.2147058	.1252633	0
384.15	0	.6599928	.2147644	.1252428	0
383.15	0	.659955	.2148226	.1252225	0
382.15	0	.6599175	.2148802	.1252023	0
381.15	0	.6598804	.2149374	.1251822	0
380.15	0	.6598436	.2149941	.1251623	0
379.15	0	.6598071	.2150503	.1251426	0
378.15	0	.6597709	.2151061	.125123	0
377.15	0	.6597352	.2151613	.1251035	0
376.15	0	.6596997	.2152161	.1250842	0
375.15	0	.6596645	.2152704	.1250651	0
374.15	0	.6596297	.2153243	.1250461	0
373.15	0	.6595951	.2153776	.1250272	0
372.15	0	.6595609	.2154305	.1250085	0
371.15	0	.659527	.215483	.1249899	0
370.15	0	.6594935	.215535	.1249715	0
369.15	0	.6594602	.2155866	.1249532	0
368.15	0	.6594272	.2156377	.1249351	0
367.15	0	.6593945	.2156884	.1249171	0
366.15	0	.6593622	.2157386	.1248993	0
365.15	0	.6593301	.2157884	.1248816	0
364.15	0	.6592983	.2158377	.124864	0
363.15	0	.6592668	.2158867	.1248466	0
362.15	0	.6592356	.2159352	.1248293	0
361.15	0	.6592047	.2159832	.1248121	0
360.15	0	.659174	.2160309	.1247951	0
359.15	0	.6591437	.2160781	.1247782	0
358.15	0	.6591136	.2161249	.1247615	0
357.15	0	.6590838	.2161714	.1247449	0
356.15	0	.6590542	.2162174	.1247284	0
355.15	0	.659025	.216263	.1247121	0
354.15	0	.658996	.2163082	.1246959	0
353.15	0	.6589672	.216353	.1246798	0
352.15	0	.6589388	.2163974	.1246638	0
351.15	0	.6589105	.2164414	.124648	0
350.15	0	.6588826	.2164851	.1246324	0
349.15	0	.6588549	.2165283	.1246168	0
348.15	0	.6588274	.2165712	.1246014	0
347.15	0	.6588002	.2166137	.1245861	0
346.15	0	.6587732	.2166558	.124571	0
345.15	0	.6587465	.2166976	.1245559	0
344.15	0	.65872	.216739	.124541	0
343.15	0	.6586938	.21678	.1245262	0
342.15	0	.6586678	.2168207	.1245116	0
341.15	0	.658642	.216861	.124497	0
340.15	0	.6586164	.216901	.1244826	0
339.15	0	.6585911	.2169406	.1244684	0
338.15	0	.658566	.2169798	.1244542	0
337.15	0	.6585411	.2170187	.1244401	0
336.15	0	.6585165	.2170573	.1244262	0
335.15	0	.658492	.2170955	.1244124	0
334.15	0	.6584678	.2171335	.1243988	0
333.15	0	.6584438	.217171	.1243852	0
332.15	0	.65842	.2172083	.1243718	0
331.15	0	.6583964	.2172452	.1243584	0
330.15	0	.658373	.2172818	.1243452	0
329.15	0	.6583498	.2173181	.1243321	0
328.15	0	.6583268	.2173541	.1243192	0
327.15	0	.658304	.2173897	.1243063	0
326.15	0	.6582814	.217425	.1242936	0
325.15	0	.658259	.2174601	.1242809	0
324.15	0	.6582368	.2174948	.1242684	0
323.15	0	.6582147	.2175292	.124256	0
322.15	0	.6581929	.2175634	.1242437	0
321.15	0	.6581712	.2175972	.1242316	0
320.15	0	.6581498	.2176308	.1242195	0
319.15	0	.6581285	.217664	.1242075	0
318.15	0	.6581073	.217697	.1241957	0
317.15	0	.6580864	.2177297	.124184	0
316.15	0	.6580656	.2177621	.1241723	0
315.15	0	.658045	.2177942	.1241608	0
314.15	0	.6580246	.217826	.1241494	0
313.15	0	.6580043	.2178576	.1241381	0
312.15	0	.6579842	.2178889	.1241269	0
311.15	0	.6579642	.2179199	.1241158	0
310.15	0	.6579444	.2179507	.1241049	0
309.15	0	.6579248	.2179812	.124094	0
308.15	0	.6579053	.2180115	.1240832	0
307.15	0	.657886	.2180414	.1240726	0
306.15	0	.6578668	.2180712	.124062	0
305.15	0	.6578478	.2181007	.1240515	0
304.15	0	.6578289	.2181299	.1240412	0
303.15	0	.6578102	.2181589	.1240309	0
302.15	0	.6577916	.2181876	.1240208	0
301.15	0	.6577731	.2182161	.1240108	0
300.15	0	.6577548	.2182444	.1240008	0
299.15	0	.6577367	.2182724	.123991	0
298.15	0	.6577186	.2183001	.1239812	0
