T	 BPW(LIQUID)	BPW(BCC_A2)	BPW(FCC_A1)	BPW(LAVES_PHASE_C14)	BPW(NI3TI)
1473.15	0	1	0	0	0
1472.15	0	1	0	0	0
1471.15	0	1	0	0	0
1470.15	0	1	0	0	0
1469.15	0	1	0	0	0
1468.15	0	1	0	0	0
1467.15	0	1	0	0	0
1466.15	0	1	0	0	0
1465.15	0	1	0	0	0
1464.15	0	1	0	0	0
1463.15	0	1	0	0	0
1462.15	0	1	0	0	0
1461.15	0	1	0	0	0
1460.15	0	1	0	0	0
1459.15	0	1	0	0	0
1458.15	0	1	0	0	0
1457.15	0	1	0	0	0
1456.15	0	1	0	0	0
1455.15	0	1	0	0	0
1454.15	0	1	0	0	0
1453.15	0	1	0	0	0
1452.15	0	1	0	0	0
1451.15	0	1	0	0	0
1450.15	0	1	0	0	0
1449.15	0	1	0	0	0
1448.15	0	1	0	0	0
1447.15	0	1	0	0	0
1446.15	0	1	0	0	0
1445.15	0	1	0	0	0
1444.15	0	1	0	0	0
1443.15	0	1	0	0	0
1442.15	0	1	0	0	0
1441.15	0	1	0	0	0
1440.15	0	1	0	0	0
1439.15	0	1	0	0	0
1438.15	0	1	0	0	0
1437.15	0	1	0	0	0
1436.15	0	1	0	0	0
1435.15	0	1	0	0	0
1434.15	0	1	0	0	0
1433.15	0	1	0	0	0
1432.15	0	1	0	0	0
1431.15	0	1	0	0	0
1430.15	0	1	0	0	0
1429.15	0	1	0	0	0
1428.15	0	1	0	0	0
1427.15	0	1	0	0	0
1426.15	0	1	0	0	0
1425.15	0	1	0	0	0
1424.15	0	1	0	0	0
1423.15	0	1	0	0	0
1422.15	0	1	0	0	0
1421.15	0	1	0	0	0
1420.15	0	1	0	0	0
1419.15	0	1	0	0	0
1418.15	0	1	0	0	0
1417.15	0	1	0	0	0
1416.15	0	1	0	0	0
1415.15	0	1	0	0	0
1414.15	0	1	0	0	0
1413.15	0	1	0	0	0
1412.15	0	1	0	0	0
1411.15	0	1	0	0	0
1410.15	0	1	0	0	0
1409.15	0	1	0	0	0
1408.15	0	1	0	0	0
1407.15	0	1	0	0	0
1406.15	0	1	0	0	0
1405.15	0	1	0	0	0
1404.15	0	1	0	0	0
1403.15	0	1	0	0	0
1402.15	0	1	0	0	0
1401.15	0	1	0	0	0
1400.15	0	1	0	0	0
1399.15	0	1	0	0	0
1398.15	0	1	0	0	0
1397.15	0	1	0	0	0
1396.15	0	1	0	0	0
1395.15	0	1	0	0	0
1394.15	0	1	0	0	0
1393.15	0	1	0	0	0
1392.15	0	1	0	0	0
1391.15	0	1	0	0	0
1390.15	0	1	0	0	0
1389.15	0	1	0	0	0
1388.15	0	1	0	0	0
1387.15	0	1	0	0	0
1386.15	0	1	0	0	0
1385.15	0	1	0	0	0
1384.15	0	1	0	0	0
1383.15	0	1	0	0	0
1382.15	0	1	0	0	0
1381.15	0	1	0	0	0
1380.361	0	1	0	0	0
1380.361	0	1	0	0	0
1380.361	0	1	0	0	0
1380.15	0	.999592	4.079843E-04	0	0
1379.15	0	.997658	.002341998	0	0
1378.15	0	.995728	.004272009	0	0
1377.15	0	.993802	.006198019	0	0
1376.15	0	.99188	.008120028	0	0
1375.15	0	.989962	.01003804	0	0
1374.15	0	.988048	.01195205	0	0
1373.15	0	.9861379	.01386206	0	0
1372.15	0	.9842319	.01576808	0	0
1371.15	0	.9823299	.0176701	0	0
1370.15	0	.9804319	.01956813	0	0
1369.15	0	.9785378	.02146216	0	0
1368.15	0	.9766478	.0233522	0	0
1367.15	0	.9747618	.02523824	0	0
1366.15	0	.9728797	.02712029	0	0
1365.15	0	.9710017	.02899835	0	0
1364.15	0	.9691276	.03087242	0	0
1363.15	0	.9672575	.0327425	0	0
1362.15	0	.9653914	.03460858	0	0
1361.15	0	.9635293	.03647068	0	0
1360.15	0	.9616712	.03832878	0	0
1359.15	0	.9598171	.04018289	0	0
1358.15	0	.957967	.04203302	0	0
1357.15	0	.9561209	.04387915	0	0
1356.15	0	.9542787	.04572129	0	0
1355.15	0	.9524406	.04755944	0	0
1354.15	0	.9506064	.0493936	0	0
1353.15	0	.9487762	.05122377	0	0
1352.15	0	.9469501	.05304995	0	0
1351.15	0	.9451279	.05487213	0	0
1350.15	0	.9433097	.05669033	0	0
1349.15	0	.9414955	.05850453	0	0
1348.15	0	.9396853	.06031474	0	0
1347.15	0	.937879	.06212095	0	0
1346.15	0	.9360768	.06392317	0	0
1345.15	0	.9342786	.06572139	0	0
1344.15	0	.9324844	.06751562	0	0
1343.15	0	.9306942	.06930585	0	0
1342.15	0	.9289079	.07109208	0	0
1341.15	0	.9271257	.07287431	0	0
1340.15	0	.9253475	.07465254	0	0
1339.15	0	.9235732	.07642677	0	0
1338.15	0	.921803	.078197	0	0
1337.15	0	.9200368	.07996322	0	0
1336.15	0	.9182746	.08172544	0	0
1335.15	0	.9165163	.08348366	0	0
1334.15	0	.9147621	.08523786	0	0
1333.15	0	.913012	.08698805	0	0
1332.15	0	.9112658	.08873424	0	0
1331.15	0	.9095236	.09047641	0	0
1330.15	0	.9077854	.09221456	0	0
1329.15	0	.9060513	.0939487	0	0
1328.15	0	.9043212	.09567882	0	0
1327.15	0	.9025951	.09740493	0	0
1326.15	0	.900873	.099127	0	0
1325.15	0	.8991549	.1008451	0	0
1324.15	0	.8974409	.1025591	0	0
1323.15	0	.8957309	.1042691	0	0
1322.15	0	.894025	.1059751	0	0
1321.15	0	.892323	.107677	0	0
1320.15	0	.8906251	.1093749	0	0
1319.15	0	.8889313	.1110687	0	0
1318.15	0	.8872414	.1127585	0	0
1317.15	0	.8855557	.1144443	0	0
1316.15	0	.883874	.116126	0	0
1315.15	0	.8821963	.1178037	0	0
1314.15	0	.8805227	.1194773	0	0
1313.15	0	.8788531	.1211469	0	0
1312.15	0	.8771876	.1228124	0	0
1311.15	0	.8755261	.1244739	0	0
1310.15	0	.8738688	.1261312	0	0
1309.15	0	.8722154	.1277846	0	0
1308.15	0	.8705662	.1294338	0	0
1307.15	0	.868921	.131079	0	0
1306.15	0	.86728	.1327201	0	0
1305.15	0	.865643	.1343571	0	0
1304.15	0	.86401	.13599	0	0
1303.15	0	.8623812	.1376188	0	0
1302.15	0	.8607565	.1392435	0	0
1301.15	0	.8591358	.1408642	0	0
1300.15	0	.8575193	.1424807	0	0
1299.15	0	.8559069	.1440931	0	0
1298.15	0	.8542986	.1457015	0	0
1297.15	0	.8526943	.1473057	0	0
1296.15	0	.8510943	.1489057	0	0
1295.15	0	.8494983	.1505017	0	0
1294.15	0	.8479065	.1520935	0	0
1293.15	0	.8463188	.1536812	0	0
1292.15	0	.8447352	.1552648	0	0
1291.15	0	.8431558	.1568442	0	0
1290.15	0	.8415805	.1584195	0	0
1289.15	0	.8400094	.1599906	0	0
1288.15	0	.8384424	.1615576	0	0
1287.15	0	.8368796	.1631204	0	0
1286.15	0	.8353209	.1646791	0	0
1285.15	0	.8337665	.1662335	0	0
1284.15	0	.8322162	.1677838	0	0
1283.15	0	.8306701	.1693299	0	0
1282.15	0	.8291282	.1708719	0	0
1281.15	0	.8275904	.1724096	0	0
1280.15	0	.8260569	.1739431	0	0
1279.15	0	.8245276	.1754724	0	0
1278.15	0	.8230025	.1769975	0	0
1277.15	0	.8214816	.1785184	0	0
1276.15	0	.8199649	.1800351	0	0
1275.15	0	.8184525	.1815475	0	0
1274.15	0	.8169443	.1830557	0	0
1273.15	0	.8154403	.1845597	0	0
1272.15	0	.8139406	.1860594	0	0
1271.15	0	.8124451	.1875549	0	0
1270.15	0	.810954	.1890461	0	0
1269.15	0	.809467	.190533	0	0
1268.15	0	.8079844	.1920156	0	0
1267.15	0	.806506	.193494	0	0
1266.15	0	.8050319	.1949681	0	0
1265.15	0	.8035621	.1964379	0	0
1264.15	0	.8020967	.1979033	0	0
1263.15	0	.8006355	.1993645	0	0
1262.15	0	.7991786	.2008214	0	0
1261.15	0	.7977261	.2022739	0	0
1260.15	0	.7962779	.2037221	0	0
1259.15	0	.7948341	.2051659	0	0
1258.15	0	.7933946	.2066054	0	0
1257.15	0	.7919595	.2080405	0	0
1256.15	0	.7905287	.2094713	0	0
1255.15	0	.7891023	.2108977	0	0
1254.15	0	.7876803	.2123197	0	0
1253.15	0	.7862626	.2137374	0	0
1252.15	0	.7848494	.2151506	0	0
1251.15	0	.7834406	.2165594	0	0
1250.15	0	.7820362	.2179638	0	0
1249.15	0	.7806362	.2193638	0	0
1248.15	0	.7792406	.2207594	0	0
1247.15	0	.7778495	.2221505	0	0
1246.15	0	.7764628	.2235372	0	0
1245.15	0	.7750806	.2249194	0	0
1244.15	0	.7737029	.2262971	0	0
1243.15	0	.7723296	.2276704	0	0
1242.15	0	.7709608	.2290392	0	0
1241.15	0	.7695966	.2304034	0	0
1240.15	0	.7682368	.2317632	0	0
1239.15	0	.7668815	.2331185	0	0
1238.15	0	.7655308	.2344692	0	0
1237.15	0	.7641846	.2358154	0	0
1236.15	0	.762843	.237157	0	0
1235.15	0	.7615059	.2384941	0	0
1234.15	0	.7601734	.2398266	0	0
1233.15	0	.7588454	.2411546	0	0
1232.15	0	.7575221	.2424779	0	0
1231.15	0	.7562033	.2437967	0	0
1230.15	0	.7548891	.2451109	0	0
1229.15	0	.7535796	.2464204	0	0
1228.15	0	.7522747	.2477253	0	0
1227.15	0	.7509744	.2490256	0	0
1226.15	0	.7496788	.2503212	0	0
1225.15	0	.7483879	.2516121	0	0
1224.15	0	.7471016	.2528984	0	0
1223.15	0	.74582	.25418	0	0
1222.15	0	.7445431	.2554569	0	0
1221.15	0	.743271	.256729	0	0
1220.15	0	.7420035	.2579965	0	0
1219.15	0	.7407408	.2592592	0	0
1218.15	0	.7394828	.2605172	0	0
1217.15	0	.7382296	.2617704	0	0
1216.15	0	.7369811	.2630189	0	0
1215.15	0	.7357375	.2642625	0	0
1214.15	0	.7344986	.2655014	0	0
1213.15	0	.7332645	.2667355	0	0
1212.15	0	.7320353	.2679647	0	0
1211.15	0	.7308109	.2691892	0	0
1210.15	0	.7295913	.2704087	0	0
1209.15	0	.7283766	.2716234	0	0
1208.15	0	.7271667	.2728333	0	0
1207.15	0	.7259618	.2740382	0	0
1206.15	0	.7247617	.2752383	0	0
1205.15	0	.7235666	.2764334	0	0
1204.15	0	.7223764	.2776236	0	0
1203.15	0	.7211911	.2788089	0	0
1202.15	0	.7200108	.2799893	0	0
1201.15	0	.7188354	.2811646	0	0
1200.15	0	.717665	.282335	0	0
1199.15	0	.7164996	.2835004	0	0
1198.15	0	.7153393	.2846607	0	0
1197.15	0	.7141839	.2858161	0	0
1196.15	0	.7130336	.2869664	0	0
1195.15	0	.7118883	.2881117	0	0
1194.15	0	.7107482	.2892519	0	0
1193.15	0	.7096131	.2903869	0	0
1192.15	0	.708483	.291517	0	0
1191.15	0	.7073581	.2926419	0	0
1190.15	0	.7062384	.2937616	0	0
1189.15	0	.7051238	.2948762	0	0
1188.15	0	.7040143	.2959857	0	0
1187.15	0	.70291	.29709	0	0
1186.15	0	.7018109	.2981891	0	0
1185.15	0	.700717	.299283	0	0
1184.15	0	.6996284	.3003716	0	0
1183.15	0	.6985449	.3014551	0	0
1182.15	0	.6974668	.3025333	0	0
1181.15	0	.6963939	.3036062	0	0
1180.15	0	.6953262	.3046738	0	0
1179.15	0	.6942639	.3057361	0	0
1178.15	0	.6932069	.3067931	0	0
1177.15	0	.6921553	.3078447	0	0
1176.15	0	.691109	.308891	0	0
1175.15	0	.6900681	.309932	0	0
1174.15	0	.6890325	.3109675	0	0
1173.15	0	.6880024	.3119976	0	0
1172.15	0	.6869777	.3130223	0	0
1171.15	0	.6859584	.3140416	0	0
1170.15	0	.6849446	.3150554	0	0
1169.15	0	.6839363	.3160637	0	0
1168.15	0	.6829334	.3170666	0	0
1167.15	0	.6819361	.3180639	0	0
1166.15	0	.6809443	.3190557	0	0
1165.15	0	.679958	.320042	0	0
1164.15	0	.6789774	.3210227	0	0
1163.15	0	.6780023	.3219978	0	0
1162.15	0	.6770328	.3229672	0	0
1161.15	0	.6760689	.3239311	0	0
1160.15	0	.6751107	.3248894	0	0
1159.15	0	.6741581	.3258419	0	0
1158.15	0	.6732112	.3267888	0	0
1157.15	0	.67227	.32773	0	0
1156.15	0	.6713345	.3286655	0	0
1155.15	0	.6704047	.3295953	0	0
1154.15	0	.6694807	.3305193	0	0
1153.15	0	.6685625	.3314375	0	0
1152.15	0	.6676501	.3323499	0	0
1151.15	0	.6667435	.3332565	0	0
1150.15	0	.6658427	.3341573	0	0
1149.15	0	.6649478	.3350522	0	0
1148.15	0	.6640587	.3359413	0	0
1147.15	0	.6631756	.3368244	0	0
1146.15	0	.6622983	.3377017	0	0
1145.15	0	.661427	.338573	0	0
1144.15	0	.6605616	.3394384	0	0
1143.15	0	.6597023	.3402977	0	0
1142.15	0	.6588489	.3411511	0	0
1141.15	0	.6580015	.3419985	0	0
1140.15	0	.6571602	.3428398	0	0
1139.15	0	.6563249	.3436751	0	0
1138.15	0	.6554957	.3445043	0	0
1137.15	0	.6546726	.3453274	0	0
1136.15	0	.6538556	.3461444	0	0
1135.15	0	.6530448	.3469552	0	0
1134.15	0	.6522401	.3477599	0	0
1133.15	0	.6514416	.3485584	0	0
1132.15	0	.6506493	.3493507	0	0
1131.15	0	.6498633	.3501367	0	0
1130.15	0	.6490835	.3509165	0	0
1129.15	0	.6483099	.3516901	0	0
1128.15	0	.6475427	.3524573	0	0
1127.15	0	.6467818	.3532182	0	0
1126.15	0	.6460272	.3539728	0	0
1125.15	0	.645279	.3547211	0	0
1124.15	0	.6445371	.3554629	0	0
1123.15	0	.6438016	.3561984	0	0
1122.15	0	.6430726	.3569274	0	0
1121.15	0	.64235	.35765	0	0
1120.15	0	.6416339	.3583661	0	0
1119.15	0	.6409243	.3590757	0	0
1118.15	0	.6402212	.3597788	0	0
1117.15	0	.6395246	.3604754	0	0
1116.15	0	.6388346	.3611654	0	0
1115.15	0	.6381512	.3618488	0	0
1114.15	0	.6374744	.3625256	0	0
1113.15	0	.6368042	.3631958	0	0
1112.15	0	.6361407	.3638593	0	0
1111.15	0	.6354838	.3645162	0	0
1110.15	0	.6348336	.3651664	0	0
1109.15	0	.6341902	.3658098	0	0
1108.15	0	.6335535	.3664465	0	0
1107.15	0	.6329235	.3670765	0	0
1106.292	0	.6323884	.3676116	0	0
1106.292	0	.6323884	.3676116	0	0
1106.292	0	.6323884	.3676116	0	0
1106.15	0	.6322412	.3677097	4.91363E-05	0
1105.15	0	.6312088	.3683965	3.947565E-04	0
1104.15	0	.6301844	.3690762	7.393735E-04	0
1103.15	0	.6291682	.3697488	.001082989	0
1102.15	0	.6281601	.3704143	.001425605	0
1101.15	0	.6271602	.3710725	.001767224	0
1100.15	0	.6261685	.3717236	.002107845	0
1099.15	0	.625185	.3723675	.002447473	0
1098.15	0	.6242098	.3730041	.002786108	0
1097.15	0	.6232428	.3736335	.003123751	0
1096.15	0	.622284	.3742556	.003460406	0
1095.15	0	.6213336	.3748703	.003796072	0
1094.15	0	.6203915	.3754777	.004130752	0
1093.15	0	.6194578	.3760777	.004464447	0
1092.15	0	.6185325	.3766704	.004797159	0
1091.15	0	.6176155	.3772556	.005128889	0
1090.15	0	.616707	.3778333	.005459639	0
1089.15	0	.615807	.3784036	.00578941	0
1088.15	0	.6149154	.3789664	.006118204	0
1087.15	0	.6140323	.3795217	.006446021	0
1086.15	0	.6131577	.3800694	.006772865	0
1085.15	0	.6122917	.3806096	.007098735	0
1084.15	0	.6114343	.3811421	.007423634	0
1083.15	0	.6105854	.381667	.007747561	0
1082.15	0	.6097452	.3821843	.00807052	0
1081.15	0	.6089136	.3826939	.008392511	0
1080.15	0	.6080907	.3831958	.008713536	0
1079.15	0	.6072765	.3836899	.009033595	0
1078.15	0	.606471	.3841763	.009352689	0
1077.15	0	.6056742	.384655	.009670821	0
1076.15	0	.6048862	.3851258	.009987991	0
1075.15	0	.604107	.3855888	.0103042	0
1074.15	0	.6033366	.386044	.01061945	0
1073.15	0	.602575	.3864913	.01093374	0
1072.15	0	.6018223	.3869306	.01124707	0
1071.15	0	.6010785	.3873621	.01155945	0
1070.15	0	.6003436	.3877856	.01187087	0
1069.15	0	.5996175	.3882011	.01218134	0
1068.15	0	.5989005	.3886086	.01249085	0
1067.15	0	.5981924	.3890081	.01279941	0
1066.15	0	.5974934	.3893996	.01310702	0
1065.15	0	.5968033	.389783	.01341368	0
1064.15	0	.5961224	.3901583	.01371939	0
1063.15	0	.5954504	.3905254	.01402414	0
1062.15	0	.5947876	.3908845	.01432795	0
1061.15	0	.5941339	.3912353	.01463082	0
1060.15	0	.5934893	.391578	.01493273	0
1059.15	0	.5928539	.3919125	.0152337	0
1058.15	0	.5922276	.3922387	.01553372	0
1057.15	0	.5916106	.3925567	.0158328	0
1056.15	0	.5910027	.3928664	.01613093	0
1055.15	0	.5904042	.3931677	.01642812	0
1054.15	0	.5898148	.3934608	.01672436	0
1053.15	0	.5892348	.3937455	.01701966	0
1052.15	0	.5886641	.3940219	.01731402	0
1051.15	0	.5881027	.3942899	.01760744	0
1050.15	0	.5875507	.3945494	.01789991	0
1049.15	0	.587008	.3948006	.01819145	0
1048.15	0	.5864747	.3950432	.01848204	0
1047.15	0	.5859509	.3952774	.01877169	0
1046.15	0	.5854364	.3955032	.0190604	0
1045.15	0	.5849314	.3957204	.01934817	0
1044.15	0	.5844359	.3959291	.019635	0
1043.15	0	.5839499	.3961292	.01992089	0
1042.15	0	.5834734	.3963208	.02020584	0
1041.15	0	.5830063	.3965038	.02048985	0
1040.15	0	.5825489	.3966782	.02077292	0
1039.15	0	.582101	.396844	.02105505	0
1038.15	0	.5816626	.3970011	.02133624	0
1037.15	0	.5812339	.3971496	.02161649	0
1036.15	0	.5808147	.3972895	.0218958	0
1035.15	0	.5804052	.3974206	.02217417	0
1034.15	0	.5800053	.3975431	.02245159	0
1033.15	0	.5796151	.3976568	.02272808	0
1032.15	0	.5792346	.3977618	.02300362	0
1031.15	0	.5788637	.3978581	.02327822	0
1030.15	0	.5785025	.3979456	.02355189	0
1029.15	0	.578151	.3980244	.0238246	0
1028.15	0	.5778093	.3980944	.02409638	0
1027.15	0	.5774773	.3981555	.02436721	0
1026.15	0	.577155	.3982079	.02463709	0
1025.15	0	.5768425	.3982515	.02490603	0
1024.15	0	.5765397	.3982862	.02517403	0
1023.15	0	.5762468	.3983121	.02544107	0
1022.15	0	.5759636	.3983292	.02570717	0
1021.15	0	.5756902	.3983374	.02597233	0
1020.15	0	.5754267	.3983368	.02623653	0
1019.15	0	.5751729	.3983273	.02649978	0
1018.15	0	.574929	.3983089	.02676208	0
1017.15	0	.5746949	.3982817	.02702343	0
1016.15	0	.5744707	.3982455	.02728382	0
1015.15	0	.5742563	.3982005	.02754326	0
1014.15	0	.5740517	.3981466	.02780174	0
1013.15	0	.573857	.3980837	.02805926	0
1012.15	0	.5736722	.398012	.02831583	0
1011.15	0	.5734972	.3979314	.02857143	0
1010.15	0	.573332	.3978419	.02882607	0
1009.15	0	.5731768	.3977435	.02907975	0
1008.15	0	.5730314	.3976362	.02933246	0
1007.15	0	.5728959	.3975199	.02958421	0
1006.15	0	.5727702	.3973948	.02983498	0
1005.15	0	.5726544	.3972608	.03008478	0
1004.15	0	.5725485	.3971179	.03033361	0
1003.15	0	.5724525	.3969661	.03058147	0
1002.15	0	.5723663	.3968054	.03082834	0
1001.15	0	.5722899	.3966359	.03107424	0
1000.15	0	.5722234	.3964574	.03131915	0
999.15	0	.5721668	.3962701	.03156308	0
998.15	0	.57212	.396074	.03180602	0
997.15	0	.572083	.395869	.03204797	0
996.15	0	.5720559	.3956552	.03228893	0
995.15	0	.5720385	.3954326	.0325289	0
994.15	0	.572031	.3952012	.03276786	0
993.15	0	.5720333	.3949609	.03300582	0
992.15	0	.5720453	.3947119	.03324278	0
991.15	0	.5720671	.3944542	.03347873	0
990.15	0	.5720987	.3941876	.03371367	0
989.15	0	.57214	.3939124	.03394759	0
988.15	0	.5721911	.3936284	.03418049	0
987.15	0	.5722518	.3933358	.03441237	0
986.15	0	.5723223	.3930345	.03464323	0
985.15	0	.5724024	.3927246	.03487306	0
984.15	0	.5724922	.392406	.03510185	0
983.15	0	.5725916	.3920788	.0353296	0
982.15	0	.5727006	.3917431	.03555631	0
981.15	0	.5728192	.3913988	.03578198	0
980.15	0	.5729474	.3910461	.03600659	0
979.15	0	.5730851	.3906848	.03623014	0
978.15	0	.5732323	.3903151	.03645264	0
977.15	0	.573389	.3899369	.03667407	0
976.15	0	.5735552	.3895504	.03689443	0
975.15	0	.5737308	.3891555	.03711371	0
974.15	0	.5739157	.3887524	.0373319	0
973.15	0	.5741101	.3883409	.03754901	0
972.15	0	.5743138	.3879212	.03776503	0
971.15	0	.5745267	.3874933	.03797994	0
970.15	0	.574749	.3870573	.03819375	0
969.15	0	.5749804	.3866131	.03840645	0
968.15	0	.5752211	.3861609	.03861802	0
967.15	0	.5754708	.3857007	.03882848	0
966.15	0	.5757297	.3852325	.03903779	0
965.15	0	.5759977	.3847564	.03924597	0
964.15	0	.5762746	.3842724	.039453	0
963.15	0	.5765605	.3837806	.03965888	0
962.15	0	.5768553	.3832811	.03986359	0
961.15	0	.577159	.3827739	.04006713	0
960.15	0	.5774715	.382259	.04026949	0
959.15	0	.5777928	.3817366	.04047066	0
958.15	0	.5781228	.3812066	.04067063	0
957.15	0	.5784614	.3806692	.0408694	0
956.15	0	.5788087	.3801244	.04106695	0
955.15	0	.5791644	.3795723	.04126328	0
954.15	0	.5795287	.3790129	.04145837	0
953.15	0	.5799013	.3784464	.04165222	0
952.15	0	.5802824	.3778728	.04184481	0
951.15	0	.5806717	.3772922	.04203613	0
950.15	0	.5810692	.3767047	.04222618	0
949.15	0	.5814748	.3761102	.04241493	0
948.15	0	.5818886	.3755091	.04260239	0
947.15	0	.5823103	.3749012	.04278853	0
946.15	0	.5827399	.3742868	.04297334	0
945.15	0	.5831774	.3736658	.04315681	0
944.15	0	.5836226	.3730385	.04333893	0
943.15	0	.5840755	.3724048	.04351969	0
942.15	0	.584536	.3717649	.04369906	0
941.15	0	.585004	.371119	.04387703	0
940.15	0	.5854794	.370467	.0440536	0
939.15	0	.5859621	.3698092	.04422874	0
938.15	0	.5864521	.3691455	.04440243	0
937.15	0	.5869491	.3684762	.04457467	0
936.15	0	.5874532	.3678014	.04474543	0
935.15	0	.5879641	.3671212	.04491469	0
934.15	0	.5884819	.3664357	.04508245	0
933.15	0	.5890064	.365745	.04524867	0
932.15	0	.5895374	.3650493	.04541334	0
931.15	0	.5900749	.3643487	.04557644	0
930.15	0	.5906187	.3636433	.04573795	0
929.15	0	.5911688	.3629334	.04589784	0
928.15	0	.5917249	.362219	.0460561	0
927.15	0	.5922869	.3615004	.0462127	0
926.15	0	.5928548	.3607776	.04636762	0
925.15	0	.5934284	.3600508	.04652083	0
924.15	0	.5940074	.3593203	.04667231	0
923.15	0	.5945919	.3585861	.04682203	0
922.15	0	.5951815	.3578485	.04696996	0
921.15	0	.5957762	.3571077	.04711608	0
920.15	0	.5963758	.3563638	.04726036	0
919.15	0	.5969801	.3556171	.04740276	0
918.15	0	.597589	.3548678	.04754326	0
917.15	0	.5982022	.354116	.04768183	0
916.15	0	.5988196	.353362	.04781842	0
915.15	0	.5994409	.3526061	.047953	0
914.15	0	.6000661	.3518484	.04808555	0
913.15	0	.6005401	.3512434	.04821648	0
912.15	0	.6008906	.3507645	.04834496	0
911.15	0	.6012799	.3502498	.04847028	0
910.15	0	.6017063	.3497012	.04859252	0
909.15	0	.6021683	.34912	.04871173	0
908.15	0	.6026642	.3485078	.04882797	0
907.15	0	.6031927	.347866	.04894131	0
906.15	0	.6037522	.3471961	.04905178	0
905.15	0	.6043413	.3464993	.04915945	0
904.15	0	.6049587	.3457769	.04926436	0
903.15	0	.6056031	.3450303	.04936655	0
902.15	0	.6062732	.3442607	.04946608	0
901.15	0	.6069679	.3434692	.04956297	0
900.15	0	.6076859	.3426569	.04965727	0
899.15	0	.608426	.341825	.04974903	0
898.15	0	.6091872	.3409745	.04983827	0
897.15	0	.6099684	.3401065	.04992503	0
896.15	0	.6107686	.3392221	.05000935	0
895.15	0	.6115867	.338322	.05009125	0
894.15	0	.6124218	.3374074	.05017078	0
893.15	0	.613273	.3364791	.05024796	0
892.15	0	.6141392	.335538	.05032283	0
891.15	0	.6150196	.334585	.0503954	0
890.15	0	.6159135	.3336208	.05046572	0
889.15	0	.6168198	.3326464	.05053381	0
888.15	0	.6177378	.3316625	.0505997	0
887.15	0	.6186668	.3306698	.05066342	0
886.15	0	.6196059	.3296692	.05072498	0
885.15	0	.6205544	.3286612	.05078443	0
884.15	0	.6215116	.3276466	.05084178	0
883.15	0	.6224768	.3266261	.05089707	0
882.15	0	.6234493	.3256004	.05095031	0
881.15	0	.6244285	.3245699	.05100154	0
880.15	0	.6254138	.3235355	.05105077	0
879.15	0	.6264044	.3224975	.05109804	0
878.15	0	.6273999	.3214567	.05114336	0
877.15	0	.6283997	.3204136	.05118677	0
876.15	0	.6294031	.3193686	.05122828	0
875.15	0	.6304097	.3183224	.05126792	0
874.15	0	.6314189	.3172754	.05130572	0
873.15	0	.6324303	.3162281	.05134169	0
872.15	0	.6334432	.3151809	.05137587	0
871.15	0	.6344574	.3141344	.05140827	0
870.15	0	.6354722	.3130888	.05143893	0
869.15	0	.6364874	.3120448	.05146785	0
868.15	0	.6375024	.3110025	.05149508	0
867.15	0	.6385168	.3099626	.05152063	0
866.15	0	.6395303	.3089252	.05154452	0
865.15	0	.6405424	.3078908	.05156678	0
864.15	0	.6415529	.3068597	.05158742	0
863.15	0	.6425613	.3058322	.05160649	0
862.15	0	.6435674	.3048087	.05162399	0
861.15	0	.6445707	.3037894	.05163995	0
860.15	0	.6455711	.3027746	.05165439	0
859.15	0	.6465681	.3017646	.05166734	0
858.15	0	.6475615	.3007597	.05167881	0
857.15	0	.6485511	.29976	.05168884	0
856.15	0	.6495366	.2987659	.05169744	0
855.15	0	.6505178	.2977776	.05170463	0
854.15	0	.6514943	.2967953	.05171045	0
853.15	0	.652466	.2958191	.0517149	0
852.15	0	.6534327	.2948493	.05171801	0
851.15	0	.6543942	.293886	.05171981	0
850.15	0	.6553503	.2929294	.05172031	0
849.15	0	.6563008	.2919797	.05171954	0
848.15	0	.6572455	.291037	.05171751	0
847.15	0	.6581843	.2901014	.05171426	0
846.15	0	.659117	.2891732	.05170979	0
845.15	0	.6600436	.2882523	.05170413	0
844.15	0	.6609638	.2873389	.0516973	0
843.15	0	.6618775	.2864332	.05168933	0
842.15	0	.6627847	.2855351	.05168022	0
841.15	0	.6636852	.2846448	.05167	0
840.15	0	.6645789	.2837624	.05165869	0
839.15	0	.6654657	.282888	.05164631	0
838.15	0	.6663457	.2820215	.05163289	0
837.15	0	.6672185	.281163	.05161842	0
836.15	0	.6680843	.2803127	.05160295	0
835.15	0	.668943	.2794705	.05158647	0
834.15	0	.6697944	.2786365	.05156903	0
833.15	0	.6706386	.2778107	.05155062	0
832.15	0	.6714756	.2769932	.05153127	0
831.15	0	.6723051	.2761839	.051511	0
830.15	0	.6731274	.2753828	.05148982	0
829.15	0	.6739422	.2745901	.05146775	0
828.15	0	.6747496	.2738056	.05144481	0
827.15	0	.6755496	.2730294	.05142101	0
826.15	0	.6763421	.2722615	.05139637	0
825.15	0	.6771273	.2715018	.05137091	0
824.15	0	.6779049	.2707504	.05134464	0
823.15	0	.6786752	.2700073	.05131758	0
822.15	0	.6794379	.2692723	.05128975	0
821.15	0	.6801933	.2685456	.05126115	0
820.15	0	.6809412	.267827	.05123181	0
819.15	0	.6816817	.2671166	.05120174	0
818.15	0	.6824148	.2664142	.05117095	0
817.15	0	.6831406	.26572	.05113946	0
816.15	0	.683859	.2650337	.05110728	0
815.15	0	.6845701	.2643555	.05107443	0
814.15	0	.6852739	.2636852	.05104092	0
813.15	0	.6859704	.2630229	.05100676	0
812.15	0	.6866597	.2623684	.05097197	0
811.15	0	.6873418	.2617217	.05093655	0
810.15	0	.6880167	.2610828	.05090054	0
809.15	0	.6886845	.2604516	.05086392	0
808.15	0	.6893452	.259828	.05082673	0
807.15	0	.6899989	.2592121	.05078896	0
806.15	0	.6906456	.2586038	.05075064	0
805.15	0	.6912853	.2580029	.05071178	0
804.15	0	.6919181	.2574095	.05067238	0
803.15	0	.6925441	.2568235	.05063245	0
802.15	0	.6931632	.2562448	.05059202	0
801.15	0	.6937756	.2556733	.05055109	0
800.15	0	.6943812	.2551091	.05050967	0
799.15	0	.6949802	.2545521	.05046777	0
798.15	0	.6955725	.2540021	.05042541	0
797.15	0	.6961583	.2534591	.05038259	0
796.15	0	.6967375	.2529232	.05033933	0
795.15	0	.6973103	.2523941	.05029563	0
794.15	0	.6978767	.2518718	.0502515	0
793.15	0	.6984367	.2513564	.05020696	0
792.15	0	.6989903	.2508476	.05016201	0
791.15	0	.6995378	.2503455	.05011667	0
790.15	0	.700079	.2498501	.05007094	0
789.15	0	.7006141	.2493611	.05002483	0
788.15	0	.7011431	.2488786	.04997836	0
787.15	0	.701666	.2484025	.04993152	0
786.15	0	.702183	.2479327	.04988434	0
785.15	0	.702694	.2474692	.04983681	0
784.15	0	.7031992	.2470119	.04978895	0
783.15	0	.7036985	.2465608	.04974076	0
782.15	0	.704192	.2461157	.04969226	0
781.15	0	.7046799	.2456767	.04964345	0
780.15	0	.7051621	.2452436	.04959433	0
779.15	0	.7056387	.2448164	.04954492	0
778.15	0	.7061097	.2443951	.04949523	0
777.15	0	.7065753	.2439795	.04944526	0
776.15	0	.7070354	.2435696	.04939501	0
775.15	0	.7074901	.2431654	.0493445	0
774.15	0	.7079394	.2427668	.04929374	0
773.15	0	.7083835	.2423737	.04924273	0
772.15	0	.7088224	.2419861	.04919147	0
771.15	0	.7092561	.2416039	.04913997	0
770.15	0	.7096847	.2412271	.04908825	0
769.15	0	.7101082	.2408555	.0490363	0
768.15	0	.7105267	.2404892	.04898413	0
767.15	0	.7109402	.240128	.04893176	0
766.15	0	.7113489	.239772	.04887917	0
765.15	0	.7117526	.239421	.04882639	0
764.15	0	.7121516	.239075	.04877341	0
763.15	0	.7125458	.238734	.04872025	0
762.15	0	.7129353	.2383979	.0486669	0
761.15	0	.7133201	.2380665	.04861337	0
760.15	0	.7137003	.23774	.04855967	0
759.15	0	.714076	.2374182	.04850581	0
758.15	0	.7144472	.2371011	.04845178	0
757.15	0	.7148139	.2367885	.0483976	0
756.15	0	.7151762	.2364806	.04834326	0
755.15	0	.7155341	.2361771	.04828878	0
754.15	0	.7158878	.2358781	.04823415	0
753.15	0	.7162371	.2355835	.04817939	0
752.15	0	.7165823	.2352932	.04812449	0
751.15	0	.7169233	.2350073	.04806946	0
750.15	0	.7172601	.2347256	.04801431	0
749.15	0	.7175929	.2344481	.04795903	0
748.15	0	.7179217	.2341747	.04790363	0
747.15	0	.7182464	.2339055	.04784813	0
746.15	0	.7185673	.2336402	.04779251	0
745.15	0	.7188842	.233379	.04773679	0
744.15	0	.7191973	.2331218	.04768096	0
743.15	0	.7195066	.2328684	.04762504	0
742.15	0	.7198121	.2326189	.04756902	0
741.15	0	.7201139	.2323732	.0475129	0
740.15	0	.720412	.2321313	.0474567	0
739.15	0	.7207065	.2318931	.04740042	0
738.15	0	.7209974	.2316585	.04734405	0
737.15	0	.7212848	.2314276	.0472876	0
736.15	0	.7215686	.2312003	.04723107	0
735.15	0	.721849	.2309765	.04717447	0
734.15	0	.722126	.2307562	.0471178	0
733.15	0	.7223995	.2305394	.04706106	0
732.15	0	.7226698	.230326	.04700426	0
731.15	0	.7229367	.2301159	.0469474	0
730.15	0	.7232003	.2299092	.04689047	0
729.15	0	.7234608	.2297057	.04683349	0
728.15	0	.723718	.2295056	.04677645	0
727.15	0	.7239721	.2293086	.04671936	0
726.15	0	.7242231	.2291147	.04666222	0
725.15	0	.724471	.228924	.04660503	0
724.15	0	.7247158	.2287364	.04654779	0
723.15	0	.7249577	.2285518	.04649051	0
722.15	0	.7251965	.2283703	.04643319	0
721.15	0	.7254325	.2281917	.04637583	0
720.15	0	.7256655	.228016	.04631844	0
719.15	0	.7258957	.2278433	.046261	0
718.15	0	.7261231	.2276734	.04620354	0
717.15	0	.7263477	.2275063	.04614604	0
716.15	0	.7265695	.227342	.04608851	0
715.15	0	.7267885	.2271805	.04603095	0
714.15	0	.7270049	.2270217	.04597337	0
713.15	0	.7272186	.2268656	.04591577	0
712.15	0	.7274297	.2267121	.04585814	0
711.15	0	.7276382	.2265613	.04580049	0
710.15	0	.7278441	.226413	.04574281	0
709.15	0	.7280475	.2262673	.04568513	0
708.15	0	.7282484	.2261242	.04562742	0
707.15	0	.7284468	.2259835	.0455697	0
706.15	0	.7286428	.2258452	.04551197	0
705.15	0	.7288364	.2257094	.04545422	0
704.15	0	.7290275	.225576	.04539647	0
703.15	0	.7292163	.225445	.0453387	0
702.15	0	.7294028	.2253163	.04528093	0
701.15	0	.729587	.2251899	.04522316	0
700.9495	0	.7296237	.2251648	.04521157	0
700.9495	0	.7296237	.2251648	.04521157	0
700.9495	0	.7296237	.2251648	.04521157	0
700.15	0	.7307054	.2234779	.0445871	.001229645
699.15	0	.7320376	.2213936	.04381266	.002756191
698.15	0	.7333472	.2193372	.04304544	.00427022
697.15	0	.7346346	.2173081	.04228533	.00577191
696.15	0	.7359004	.215306	.04153222	.007261434
695.15	0	.7371448	.2133302	.04078598	.008738964
694.15	0	.7383685	.2113803	.04004652	.01020467
693.15	0	.7395717	.2094559	.03931372	.01165871
692.15	0	.7407549	.2075563	.03858747	.01310125
691.15	0	.7419186	.2056813	.03786767	.01453246
690.15	0	.743063	.2038303	.03715422	.01595248
689.15	0	.7441887	.2020028	.03644701	.01736148
688.15	0	.7452959	.2001985	.03574594	.01875961
687.15	0	.7463851	.198417	.03505093	.02014702
686.15	0	.7474565	.1966577	.03436187	.02152386
685.15	0	.7485107	.1949204	.03367867	.02289027
684.15	0	.7495478	.1932046	.03300123	.0242464
683.15	0	.7505683	.1915099	.03232947	.02559238
682.15	0	.7515724	.189836	.0316633	.02692836
681.15	0	.7525605	.1881824	.03100263	.02825448
680.15	0	.753533	.1865488	.03034737	.02957086
679.15	0	.7544901	.1849348	.02969744	.03087765
678.15	0	.7554321	.1833402	.02905277	.03217497
677.15	0	.7563593	.1817645	.02841325	.03346295
676.15	0	.7572721	.1802074	.02777883	.03474172
675.15	0	.7581707	.1786685	.02714942	.0360114
674.15	0	.7590553	.1771476	.02652494	.03727211
673.15	0	.7599263	.1756444	.02590533	.03852398
672.15	0	.7607839	.1741585	.02529049	.03976712
671.15	0	.7616284	.1726895	.02468037	.04100166
670.15	0	.7624601	.1712374	.02407489	.0422277
669.15	0	.7632791	.1698016	.02347398	.04344536
668.15	0	.7640857	.168382	.02287757	.04465475
667.15	0	.7648803	.1669782	.0222856	.04585599
666.15	0	.7656629	.1655899	.021698	.04704917
665.15	0	.7664338	.1642171	.02111471	.04823441
664.15	0	.7671933	.1628592	.02053566	.04941182
663.15	0	.7679416	.1615161	.01996078	.05058149
662.15	0	.7686808	.1601857	.01938916	.05174436
661.15	0	.769407	.1588717	.01882258	.05289874
660.15	0	.7701227	.1575716	.01825998	.05404571
659.15	0	.770828	.1562853	.0177013	.05518536
658.15	0	.7715232	.1550126	.01714651	.05631777
657.15	0	.7722083	.1537531	.01659552	.05744305
656.15	0	.7728837	.1525067	.01604831	.05856128
655.15	0	.7735494	.1512732	.0155048	.05967255
654.15	0	.7742058	.1500523	.01496495	.06077696
653.15	0	.7748529	.1488438	.01442871	.06187459
652.15	0	.7754909	.1476476	.01389602	.06296554
651.15	0	.77612	.1464633	.01336684	.06404987
650.15	0	.7767404	.1452908	.01284112	.06512768
649.15	0	.7773521	.14413	.0123188	.06619906
648.15	0	.7779555	.1429806	.01179985	.06726408
647.15	0	.7785506	.1418424	.01128421	.06832282
646.15	0	.7791376	.1407152	.01077185	.06937537
645.15	0	.7797166	.1395989	.01026271	.0704218
644.15	0	.7802878	.1384932	.009756751	.07146218
643.15	0	.7808514	.1373981	.009253931	.0724966
642.15	0	.7814074	.1363133	.008754206	.07352513
641.15	0	.781956	.1352386	.008257536	.07454785
640.15	0	.7824974	.1341739	.007763877	.07556482
639.15	0	.7830317	.133119	.007273191	.07657612
638.15	0	.7835589	.1320738	.006785438	.07758181
637.15	0	.7840793	.1310381	.006300577	.07858198
636.15	0	.784593	.1300118	.005818571	.07957668
635.15	0	.7851	.1289946	.005339383	.08056598
634.15	0	.7856006	.1279865	.004862974	.08154996
633.15	0	.7860948	.1269872	.004389309	.08252868
632.15	0	.7865827	.1259968	.003918352	.08350219
631.15	0	.7870645	.1250149	.003450067	.08447057
630.15	0	.7875402	.1240415	.002984419	.08543388
629.15	0	.78801	.1230764	.002521375	.08639217
628.15	0	.788474	.1221196	.002060901	.08734552
627.15	0	.7889323	.1211707	.001602964	.08829398
626.15	0	.789385	.1202299	.001147532	.08923761
625.15	0	.7898321	.1192968	6.94573E-04	.09017647
624.15	0	.7902739	.1183714	2.440554E-04	.09111061
623.606	0	.790512	.1178712	0	.0916168
623.606	0	.790512	.1178712	0	.0916168
623.15	0	.790509	.1177814	0	.0917096
622.15	0	.7905016	.117587	0	.09191144
621.15	0	.790493	.117396	0	.09211101
620.15	0	.7904833	.1172084	0	.09230834
619.15	0	.7904725	.1170241	0	.09250348
618.15	0	.7904605	.116843	0	.09269644
617.15	0	.7904475	.1166652	0	.09288725
616.15	0	.7904334	.1164906	0	.09307594
615.15	0	.7904183	.1163192	0	.09326254
614.15	0	.7904021	.1161508	0	.09344708
613.15	0	.7903849	.1159855	0	.09362959
612.15	0	.7903667	.1158232	0	.09381009
611.15	0	.7903475	.1156639	0	.09398861
610.15	0	.7903273	.1155075	0	.09416517
609.15	0	.7903062	.115354	0	.09433981
608.15	0	.7902841	.1152033	0	.09451255
607.15	0	.7902611	.1150555	0	.09468342
606.15	0	.7902372	.1149104	0	.09485244
605.15	0	.7902124	.114768	0	.09501964
604.15	0	.7901867	.1146283	0	.09518504
603.15	0	.7901601	.1144912	0	.09534868
602.15	0	.7901327	.1143568	0	.09551057
601.15	0	.7901044	.1142249	0	.09567075
600.15	0	.7900753	.1140955	0	.09582923
599.15	0	.7900453	.1139686	0	.09598604
598.15	0	.7900146	.1138442	0	.0961412
597.15	0	.7899831	.1137222	0	.09629475
596.15	0	.7899507	.1136026	0	.0964467
595.15	0	.7899177	.1134853	0	.09659708
594.15	0	.7898838	.1133703	0	.09674591
593.15	0	.7898492	.1132576	0	.09689322
592.15	0	.7898139	.1131471	0	.09703902
591.15	0	.7897779	.1130388	0	.09718335
590.15	0	.7897411	.1129327	0	.09732622
589.15	0	.7897037	.1128287	0	.09746766
588.15	0	.7896655	.1127268	0	.09760768
587.15	0	.7896267	.112627	0	.09774632
586.15	0	.7895872	.1125292	0	.09788358
585.15	0	.7895471	.1124334	0	.0980195
584.15	0	.7895063	.1123396	0	.0981541
583.15	0	.7894649	.1122477	0	.0982874
582.15	0	.7894229	.1121577	0	.09841941
581.15	0	.7893802	.1120696	0	.09855016
580.15	0	.789337	.1119834	0	.09867966
579.15	0	.7892931	.1118989	0	.09880795
578.15	0	.7892487	.1118162	0	.09893504
577.15	0	.7892037	.1117353	0	.09906094
576.15	0	.7891582	.1116562	0	.09918568
575.15	0	.7891121	.1115787	0	.09930928
574.15	0	.7890654	.1115028	0	.09943175
573.15	0	.7890182	.1114287	0	.09955312
572.15	0	.7889705	.1113561	0	.09967341
571.15	0	.7889223	.1112851	0	.09979262
570.15	0	.7888736	.1112157	0	.09991079
569.15	0	.7888243	.1111478	0	.1000279
568.15	0	.7887746	.1110814	0	.100144
567.15	0	.7887244	.1110164	0	.1002592
566.15	0	.7886737	.110953	0	.1003733
565.15	0	.7886226	.1108909	0	.1004865
564.15	0	.788571	.1108303	0	.1005987
563.15	0	.788519	.110771	0	.10071
562.15	0	.7884665	.1107131	0	.1008204
561.15	0	.7884136	.1106565	0	.1009299
560.15	0	.7883603	.1106012	0	.1010385
559.15	0	.7883065	.1105472	0	.1011463
558.15	0	.7882524	.1104945	0	.1012532
557.15	0	.7881978	.1104429	0	.1013592
556.15	0	.7881429	.1103926	0	.1014645
555.15	0	.7880876	.1103435	0	.1015689
554.15	0	.7880319	.1102955	0	.1016726
553.15	0	.7879758	.1102487	0	.1017755
552.15	0	.7879194	.110203	0	.1018776
551.15	0	.7878626	.1101584	0	.101979
550.15	0	.7878055	.1101149	0	.1020796
549.15	0	.787748	.1100724	0	.1021795
548.15	0	.7876903	.110031	0	.1022788
547.15	0	.7876321	.1099906	0	.1023773
546.15	0	.7875737	.1099512	0	.1024751
545.15	0	.787515	.1099127	0	.1025723
544.15	0	.7874559	.1098752	0	.1026688
543.15	0	.7873966	.1098387	0	.1027647
542.15	0	.787337	.109803	0	.10286
541.15	0	.7872771	.1097683	0	.1029546
540.15	0	.7872169	.1097344	0	.1030487
539.15	0	.7871564	.1097015	0	.1031421
538.15	0	.7870957	.1096693	0	.103235
537.15	0	.7870348	.109638	0	.1033273
536.15	0	.7869735	.1096075	0	.103419
535.15	0	.7869121	.1095777	0	.1035102
534.15	0	.7868504	.1095488	0	.1036009
533.15	0	.7867884	.1095206	0	.103691
532.15	0	.7867263	.1094931	0	.1037806
531.15	0	.7866639	.1094664	0	.1038697
530.15	0	.7866013	.1094403	0	.1039584
529.15	0	.7865386	.109415	0	.1040465
528.15	0	.7864756	.1093903	0	.1041341
527.15	0	.7864124	.1093663	0	.1042213
526.15	0	.786349	.1093429	0	.1043081
525.15	0	.7862855	.1093201	0	.1043944
524.15	0	.7862217	.109298	0	.1044803
523.15	0	.7861578	.1092765	0	.1045657
522.15	0	.7860938	.1092555	0	.1046508
521.15	0	.7860295	.1092351	0	.1047354
520.15	0	.7859652	.1092153	0	.1048196
519.15	0	.7859006	.1091959	0	.1049034
518.15	0	.785836	.1091772	0	.1049869
517.15	0	.7857711	.1091589	0	.1050699
516.15	0	.7857062	.1091411	0	.1051527
515.15	0	.7856412	.1091238	0	.105235
514.15	0	.785576	.109107	0	.105317
513.15	0	.7855107	.1090906	0	.1053987
512.15	0	.7854453	.1090747	0	.10548
511.15	0	.7853797	.1090592	0	.105561
510.15	0	.7853141	.1090442	0	.1056417
509.15	0	.7852484	.1090295	0	.1057221
508.15	0	.7851826	.1090152	0	.1058022
507.15	0	.7851167	.1090013	0	.105882
506.15	0	.7850508	.1089878	0	.1059614
505.15	0	.7849847	.1089746	0	.1060407
504.15	0	.7849186	.1089618	0	.1061196
503.15	0	.7848525	.1089493	0	.1061983
502.15	0	.7847862	.1089371	0	.1062767
501.15	0	.78472	.1089253	0	.1063548
500.15	0	.7846536	.1089137	0	.1064327
499.15	0	.7845872	.1089024	0	.1065104
498.15	0	.7845208	.1088914	0	.1065878
497.15	0	.7844544	.1088807	0	.106665
496.15	0	.7843879	.1088702	0	.1067419
495.15	0	.7843214	.10886	0	.1068186
494.15	0	.7842548	.10885	0	.1068952
493.15	0	.7841883	.1088402	0	.1069715
492.15	0	.7841217	.1088307	0	.1070476
491.15	0	.7840552	.1088213	0	.1071235
490.15	0	.7839886	.1088122	0	.1071992
489.15	0	.783922	.1088032	0	.1072748
488.15	0	.7838554	.1087945	0	.1073501
487.15	0	.7837889	.1087858	0	.1074253
486.15	0	.7837223	.1087774	0	.1075003
485.15	0	.7836558	.108769	0	.1075751
484.15	0	.7835893	.1087609	0	.1076498
483.15	0	.7835228	.1087528	0	.1077243
482.15	0	.7834564	.1087449	0	.1077987
481.15	0	.78339	.1087371	0	.1078729
480.15	0	.7833236	.1087294	0	.107947
479.15	0	.7832573	.1087218	0	.1080209
478.15	0	.783191	.1087143	0	.1080947
477.15	0	.7831248	.1087069	0	.1081684
476.15	0	.7830586	.1086995	0	.1082419
475.15	0	.7829925	.1086922	0	.1083153
474.15	0	.7829265	.1086849	0	.1083886
473.15	0	.7828605	.1086777	0	.1084618
472.15	0	.7827946	.1086706	0	.1085349
471.15	0	.7827287	.1086634	0	.1086078
470.15	0	.782663	.1086563	0	.1086807
469.15	0	.7825973	.1086492	0	.1087534
468.15	0	.7825318	.1086422	0	.1088261
467.15	0	.7824663	.1086351	0	.1088987
466.15	0	.7824009	.108628	0	.1089711
465.15	0	.7823356	.1086209	0	.1090435
464.15	0	.7822704	.1086138	0	.1091158
463.15	0	.7822053	.1086067	0	.109188
462.15	0	.7821403	.1085995	0	.1092602
461.15	0	.7820755	.1085923	0	.1093323
460.15	0	.7820107	.108585	0	.1094043
459.15	0	.7819461	.1085777	0	.1094762
458.15	0	.7818816	.1085704	0	.1095481
457.15	0	.7818172	.1085629	0	.1096199
456.15	0	.781753	.1085554	0	.1096916
455.15	0	.7816888	.1085479	0	.1097633
454.15	0	.7816249	.1085402	0	.109835
453.15	0	.781561	.1085324	0	.1099065
452.15	0	.7814973	.1085246	0	.1099781
451.15	0	.7814338	.1085166	0	.1100496
450.15	0	.7813704	.1085086	0	.110121
449.15	0	.7813073	.1085003	0	.1101924
448.15	0	.7812443	.1084919	0	.1102639
447.15	0	.7811814	.1084833	0	.1103352
446.15	0	.7811188	.1084746	0	.1104066
445.15	0	.7810564	.1084658	0	.1104779
444.15	0	.7809941	.1084567	0	.1105492
443.15	0	.7809321	.1084474	0	.1106205
442.15	0	.7808703	.1084379	0	.1106917
441.15	0	.7808088	.1084282	0	.110763
440.15	0	.7807474	.1084183	0	.1108343
439.15	0	.7806864	.1084081	0	.1109055
438.15	0	.7806255	.1083976	0	.1109768
437.15	0	.780565	.1083869	0	.1110481
436.15	0	.7805047	.1083759	0	.1111194
435.15	0	.7804447	.1083646	0	.1111907
434.15	0	.780385	.108353	0	.111262
433.15	0	.7803255	.1083411	0	.1113334
432.15	0	.7802664	.1083288	0	.1114048
431.15	0	.7802076	.1083163	0	.1114761
430.15	0	.7801491	.1083034	0	.1115476
429.15	0	.7800909	.1082901	0	.111619
428.15	0	.780033	.1082765	0	.1116905
427.15	0	.7799755	.1082625	0	.111762
426.15	0	.7799183	.1082481	0	.1118336
425.15	0	.7798614	.1082334	0	.1119052
424.15	0	.7798049	.1082183	0	.1119768
423.15	0	.7797487	.1082028	0	.1120485
422.15	0	.7796929	.1081869	0	.1121203
421.15	0	.7796374	.1081706	0	.112192
420.15	0	.7795823	.1081539	0	.1122639
419.15	0	.7795275	.1081367	0	.1123357
418.15	0	.7794732	.1081192	0	.1124076
417.15	0	.7794192	.1081012	0	.1124796
416.15	0	.7793655	.1080829	0	.1125516
415.15	0	.7793123	.108064	0	.1126237
414.15	0	.7792594	.1080448	0	.1126958
413.15	0	.7792069	.1080251	0	.112768
412.15	0	.7791548	.108005	0	.1128402
411.15	0	.7791031	.1079844	0	.1129125
410.15	0	.7790518	.1079634	0	.1129849
409.15	0	.7790008	.1079419	0	.1130573
408.15	0	.7789503	.10792	0	.1131297
407.15	0	.7789001	.1078976	0	.1132022
406.15	0	.7788504	.1078748	0	.1132748
405.15	0	.778801	.1078515	0	.1133474
404.15	0	.7787521	.1078278	0	.1134201
403.15	0	.7787035	.1078036	0	.1134929
402.15	0	.7786554	.107779	0	.1135657
401.15	0	.7786076	.1077538	0	.1136386
400.15	0	.7785603	.1077283	0	.1137115
399.15	0	.7785133	.1077022	0	.1137844
398.15	0	.7784668	.1076757	0	.1138575
397.15	0	.7784206	.1076488	0	.1139306
396.15	0	.7783749	.1076214	0	.1140037
395.15	0	.7783296	.1075935	0	.1140769
394.15	0	.7782847	.1075651	0	.1141502
393.15	0	.7782401	.1075363	0	.1142235
392.15	0	.778196	.1075071	0	.1142969
391.15	0	.7781523	.1074773	0	.1143704
390.15	0	.778109	.1074472	0	.1144438
389.15	0	.7780661	.1074165	0	.1145174
388.15	0	.7780236	.1073854	0	.114591
387.15	0	.7779815	.1073539	0	.1146646
386.15	0	.7779398	.1073219	0	.1147384
385.15	0	.7778985	.1072894	0	.1148121
384.15	0	.7778576	.1072565	0	.1148859
383.15	0	.7778171	.1072231	0	.1149598
382.15	0	.777777	.1071893	0	.1150337
381.15	0	.7777373	.107155	0	.1151077
380.15	0	.777698	.1071203	0	.1151817
379.15	0	.7776591	.1070852	0	.1152557
378.15	0	.7776206	.1070496	0	.1153298
377.15	0	.7775824	.1070136	0	.115404
376.15	0	.7775447	.1069772	0	.1154782
375.15	0	.7775073	.1069403	0	.1155524
374.15	0	.7774704	.106903	0	.1156267
373.15	0	.7774338	.1068652	0	.115701
372.15	0	.7773976	.106827	0	.1157754
371.15	0	.7773618	.1067884	0	.1158498
370.15	0	.7773263	.1067494	0	.1159243
369.15	0	.7772912	.10671	0	.1159987
368.15	0	.7772566	.1066702	0	.1160733
