T	 BPW(LIQUID)	BPW(BCC_A2)	BPW(FCC_A1)	BPW(LAVES_PHASE_C14)	BPW(NI3TI)
1473.15	0	1	0	0	0
1472.15	0	1	0	0	0
1471.15	0	1	0	0	0
1470.15	0	1	0	0	0
1469.15	0	1	0	0	0
1468.15	0	1	0	0	0
1467.15	0	1	0	0	0
1466.15	0	1	0	0	0
1465.15	0	1	0	0	0
1464.15	0	1	0	0	0
1463.15	0	1	0	0	0
1462.15	0	1	0	0	0
1461.15	0	1	0	0	0
1460.15	0	1	0	0	0
1459.15	0	1	0	0	0
1458.15	0	1	0	0	0
1457.15	0	1	0	0	0
1456.15	0	1	0	0	0
1455.15	0	1	0	0	0
1454.15	0	1	0	0	0
1453.15	0	1	0	0	0
1452.15	0	1	0	0	0
1451.15	0	1	0	0	0
1450.15	0	1	0	0	0
1449.15	0	1	0	0	0
1448.15	0	1	0	0	0
1447.15	0	1	0	0	0
1446.15	0	1	0	0	0
1445.15	0	1	0	0	0
1444.15	0	1	0	0	0
1443.15	0	1	0	0	0
1442.15	0	1	0	0	0
1441.15	0	1	0	0	0
1440.15	0	1	0	0	0
1439.15	0	1	0	0	0
1438.15	0	1	0	0	0
1437.15	0	1	0	0	0
1436.15	0	1	0	0	0
1435.15	0	1	0	0	0
1434.15	0	1	0	0	0
1433.15	0	1	0	0	0
1432.15	0	1	0	0	0
1431.15	0	1	0	0	0
1430.15	0	1	0	0	0
1429.15	0	1	0	0	0
1428.15	0	1	0	0	0
1427.15	0	1	0	0	0
1426.15	0	1	0	0	0
1425.15	0	1	0	0	0
1424.15	0	1	0	0	0
1423.15	0	1	0	0	0
1422.15	0	1	0	0	0
1421.15	0	1	0	0	0
1420.15	0	1	0	0	0
1419.15	0	1	0	0	0
1418.15	0	1	0	0	0
1417.15	0	1	0	0	0
1416.15	0	1	0	0	0
1415.15	0	1	0	0	0
1414.15	0	1	0	0	0
1413.15	0	1	0	0	0
1412.15	0	1	0	0	0
1411.15	0	1	0	0	0
1410.15	0	1	0	0	0
1409.15	0	1	0	0	0
1408.15	0	1	0	0	0
1407.15	0	1	0	0	0
1406.15	0	1	0	0	0
1405.15	0	1	0	0	0
1404.15	0	1	0	0	0
1403.15	0	1	0	0	0
1402.15	0	1	0	0	0
1401.15	0	1	0	0	0
1400.15	0	1	0	0	0
1399.15	0	1	0	0	0
1398.15	0	1	0	0	0
1397.15	0	1	0	0	0
1396.15	0	1	0	0	0
1395.15	0	1	0	0	0
1394.15	0	1	0	0	0
1393.15	0	1	0	0	0
1392.15	0	1	0	0	0
1391.15	0	1	0	0	0
1390.15	0	1	0	0	0
1389.15	0	1	0	0	0
1388.15	0	1	0	0	0
1387.15	0	1	0	0	0
1386.15	0	1	0	0	0
1385.15	0	1	0	0	0
1384.15	0	1	0	0	0
1383.15	0	1	0	0	0
1382.15	0	1	0	0	0
1381.15	0	1	0	0	0
1380.15	0	1	0	0	0
1379.15	0	1	0	0	0
1378.15	0	1	0	0	0
1377.15	0	1	0	0	0
1376.15	0	1	0	0	0
1375.15	0	1	0	0	0
1374.15	0	1	0	0	0
1373.15	0	1	0	0	0
1372.15	0	1	0	0	0
1371.15	0	1	0	0	0
1370.15	0	1	0	0	0
1369.15	0	1	0	0	0
1368.15	0	1	0	0	0
1367.15	0	1	0	0	0
1366.15	0	1	0	0	0
1365.15	0	1	0	0	0
1364.15	0	1	0	0	0
1363.15	0	1	0	0	0
1362.15	0	1	0	0	0
1361.15	0	1	0	0	0
1360.15	0	1	0	0	0
1359.15	0	1	0	0	0
1358.15	0	1	0	0	0
1357.15	0	1	0	0	0
1356.15	0	1	0	0	0
1355.15	0	1	0	0	0
1354.15	0	1	0	0	0
1353.15	0	1	0	0	0
1352.15	0	1	0	0	0
1351.15	0	1	0	0	0
1350.15	0	1	0	0	0
1349.15	0	1	0	0	0
1348.15	0	1	0	0	0
1347.15	0	1	0	0	0
1346.15	0	1	0	0	0
1345.15	0	1	0	0	0
1344.15	0	1	0	0	0
1343.15	0	1	0	0	0
1342.15	0	1	0	0	0
1341.15	0	1	0	0	0
1340.15	0	1	0	0	0
1339.15	0	1	0	0	0
1338.15	0	1	0	0	0
1337.15	0	1	0	0	0
1336.15	0	1	0	0	0
1335.15	0	1	0	0	0
1334.15	0	1	0	0	0
1333.15	0	1	0	0	0
1332.15	0	1	0	0	0
1331.15	0	1	0	0	0
1330.15	0	1	0	0	0
1329.15	0	1	0	0	0
1328.15	0	1	0	0	0
1327.15	0	1	0	0	0
1326.15	0	1	0	0	0
1325.15	0	1	0	0	0
1324.15	0	1	0	0	0
1323.15	0	1	0	0	0
1322.15	0	1	0	0	0
1321.15	0	1	0	0	0
1320.15	0	1	0	0	0
1319.15	0	1	0	0	0
1318.15	0	1	0	0	0
1317.15	0	1	0	0	0
1316.15	0	1	0	0	0
1315.15	0	1	0	0	0
1314.15	0	1	0	0	0
1313.15	0	1	0	0	0
1312.15	0	1	0	0	0
1311.15	0	1	0	0	0
1310.15	0	1	0	0	0
1309.15	0	1	0	0	0
1308.15	0	1	0	0	0
1307.15	0	1	0	0	0
1306.15	0	1	0	0	0
1305.15	0	1	0	0	0
1304.15	0	1	0	0	0
1303.15	0	1	0	0	0
1302.15	0	1	0	0	0
1301.15	0	1	0	0	0
1300.15	0	1	0	0	0
1299.15	0	1	0	0	0
1298.15	0	1	0	0	0
1297.15	0	1	0	0	0
1296.15	0	1	0	0	0
1295.15	0	1	0	0	0
1294.15	0	1	0	0	0
1293.15	0	1	0	0	0
1292.15	0	1	0	0	0
1291.15	0	1	0	0	0
1290.15	0	1	0	0	0
1289.15	0	1	0	0	0
1288.15	0	1	0	0	0
1287.15	0	1	0	0	0
1286.15	0	1	0	0	0
1285.15	0	1	0	0	0
1284.15	0	1	0	0	0
1283.15	0	1	0	0	0
1282.15	0	1	0	0	0
1281.15	0	1	0	0	0
1280.15	0	1	0	0	0
1279.15	0	1	0	0	0
1278.15	0	1	0	0	0
1277.15	0	1	0	0	0
1276.15	0	1	0	0	0
1275.15	0	1	0	0	0
1274.15	0	1	0	0	0
1273.15	0	1	0	0	0
1272.15	0	1	0	0	0
1271.15	0	1	0	0	0
1270.15	0	1	0	0	0
1269.15	0	1	0	0	0
1268.15	0	1	0	0	0
1267.15	0	1	0	0	0
1266.15	0	1	0	0	0
1265.15	0	1	0	0	0
1264.15	0	1	0	0	0
1263.15	0	1	0	0	0
1262.15	0	1	0	0	0
1261.15	0	1	0	0	0
1260.15	0	1	0	0	0
1259.15	0	1	0	0	0
1258.15	0	1	0	0	0
1257.15	0	1	0	0	0
1256.15	0	1	0	0	0
1255.15	0	1	0	0	0
1254.15	0	1	0	0	0
1253.15	0	1	0	0	0
1252.15	0	1	0	0	0
1251.15	0	1	0	0	0
1250.15	0	1	0	0	0
1249.15	0	1	0	0	0
1248.15	0	1	0	0	0
1247.15	0	1	0	0	0
1246.15	0	1	0	0	0
1245.15	0	1	0	0	0
1244.15	0	1	0	0	0
1243.15	0	1	0	0	0
1242.15	0	1	0	0	0
1241.15	0	1	0	0	0
1240.15	0	1	0	0	0
1239.15	0	1	0	0	0
1238.15	0	1	0	0	0
1237.15	0	1	0	0	0
1236.15	0	1	0	0	0
1235.15	0	1	0	0	0
1234.15	0	1	0	0	0
1233.15	0	1	0	0	0
1232.15	0	1	0	0	0
1231.15	0	1	0	0	0
1230.15	0	1	0	0	0
1229.15	0	1	0	0	0
1228.15	0	1	0	0	0
1227.15	0	1	0	0	0
1226.15	0	1	0	0	0
1225.15	0	1	0	0	0
1224.15	0	1	0	0	0
1223.15	0	1	0	0	0
1222.15	0	1	0	0	0
1221.15	0	1	0	0	0
1220.15	0	1	0	0	0
1219.15	0	1	0	0	0
1218.15	0	1	0	0	0
1217.15	0	1	0	0	0
1216.15	0	1	0	0	0
1215.15	0	1	0	0	0
1214.15	0	1	0	0	0
1213.15	0	1	0	0	0
1212.15	0	1	0	0	0
1211.15	0	1	0	0	0
1210.15	0	1	0	0	0
1209.15	0	1	0	0	0
1208.15	0	1	0	0	0
1207.15	0	1	0	0	0
1206.15	0	1	0	0	0
1205.15	0	1	0	0	0
1204.15	0	1	0	0	0
1203.15	0	1	0	0	0
1202.15	0	1	0	0	0
1201.15	0	1	0	0	0
1200.15	0	1	0	0	0
1199.15	0	1	0	0	0
1198.15	0	1	0	0	0
1197.15	0	1	0	0	0
1196.15	0	1	0	0	0
1195.15	0	1	0	0	0
1194.15	0	1	0	0	0
1193.15	0	1	0	0	0
1192.15	0	1	0	0	0
1191.15	0	1	0	0	0
1190.15	0	1	0	0	0
1189.15	0	1	0	0	0
1188.15	0	1	0	0	0
1187.15	0	1	0	0	0
1186.15	0	1	0	0	0
1185.15	0	1	0	0	0
1184.15	0	1	0	0	0
1183.15	0	1	0	0	0
1182.15	0	1	0	0	0
1181.15	0	1	0	0	0
1180.15	0	1	0	0	0
1179.15	0	1	0	0	0
1178.15	0	1	0	0	0
1177.15	0	1	0	0	0
1176.15	0	1	0	0	0
1175.15	0	1	0	0	0
1174.15	0	1	0	0	0
1173.15	0	1	0	0	0
1172.15	0	1	0	0	0
1171.15	0	1	0	0	0
1170.15	0	1	0	0	0
1169.15	0	1	0	0	0
1168.15	0	1	0	0	0
1167.15	0	1	0	0	0
1166.15	0	1	0	0	0
1165.15	0	1	0	0	0
1164.15	0	1	0	0	0
1163.15	0	1	0	0	0
1162.15	0	1	0	0	0
1161.95	0	1	0	0	0
1161.95	0	1	0	0	0
1161.95	0	1	0	0	0
1161.15	0	.9995964	0	4.036091E-04	0
1160.15	0	.9990931	0	9.069216E-04	0
1159.15	0	.9985908	0	.001409197	0
1158.15	0	.9980896	0	.001910438	0
1157.15	0	.9975894	0	.002410645	0
1156.15	0	.9970902	0	.002909823	0
1155.15	0	.996592	0	.003407972	0
1154.15	0	.9960949	0	.003905119	0
1153.15	0	.9955988	0	.004401218	0
1152.15	0	.9951037	0	.004896297	0
1151.15	0	.9946096	0	.005390356	0
1150.15	0	.9941166	0	.005883397	0
1149.15	0	.9936246	0	.006375424	0
1148.15	0	.9931336	0	.006866438	0
1147.15	0	.9926436	0	.007356442	0
1146.15	0	.9921546	0	.007845437	0
1145.15	0	.9916666	0	.008333425	0
1144.15	0	.9911796	0	.00882041	0
1143.15	0	.9906936	0	.009306392	0
1142.15	0	.9902086	0	.009791375	0
1141.15	0	.9897246	0	.01027536	0
1140.15	0	.9892416	0	.01075835	0
1139.15	0	.9887597	0	.01124034	0
1138.15	0	.9882787	0	.01172135	0
1137.15	0	.9877986	0	.01220136	0
1136.15	0	.9873196	0	.01268039	0
1135.15	0	.9868416	0	.01315843	0
1134.15	0	.9863645	0	.01363548	0
1133.15	0	.9858884	0	.01411156	0
1132.15	0	.9854133	0	.01458666	0
1131.15	0	.9849392	0	.01506077	0
1130.15	0	.9844661	0	.01553392	0
1129.15	0	.9839939	0	.01600609	0
1128.15	0	.9835227	0	.01647729	0
1127.15	0	.9830525	0	.01694751	0
1126.15	0	.9825832	0	.01741677	0
1125.15	0	.9821149	0	.01788507	0
1124.15	0	.9816476	0	.0183524	0
1123.15	0	.9811812	0	.01881877	0
1122.15	0	.9807158	0	.01928418	0
1121.15	0	.9802514	0	.01974864	0
1120.15	0	.9797879	0	.02021213	0
1119.15	0	.9793253	0	.02067467	0
1118.15	0	.9788637	0	.02113626	0
1117.15	0	.9784031	0	.0215969	0
1116.15	0	.9779434	0	.02205659	0
1115.15	0	.9774847	0	.02251534	0
1114.15	0	.9770269	0	.02297314	0
1113.15	0	.97657	0	.02342999	0
1112.15	0	.9761141	0	.02388591	0
1111.15	0	.9756591	0	.02434089	0
1110.15	0	.9752051	0	.02479493	0
1109.15	0	.974752	0	.02524803	0
1108.15	0	.9742998	0	.0257002	0
1107.15	0	.9738486	0	.02615143	0
1106.15	0	.9733983	0	.02660174	0
1105.15	0	.9729489	0	.02705112	0
1104.15	0	.9725004	0	.02749957	0
1103.15	0	.9720529	0	.0279471	0
1102.15	0	.9716063	0	.0283937	0
1101.15	0	.9711606	0	.02883938	0
1100.15	0	.9707159	0	.02928414	0
1099.15	0	.970272	0	.02972799	0
1098.15	0	.9698291	0	.03017091	0
1097.15	0	.9693871	0	.03061293	0
1096.15	0	.968946	0	.03105403	0
1095.15	0	.9685058	0	.03149421	0
1094.15	0	.9680665	0	.03193349	0
1093.15	0	.9676281	0	.03237186	0
1092.15	0	.9671907	0	.03280933	0
1091.15	0	.9667541	0	.03324589	0
1090.15	0	.9663185	0	.03368155	0
1089.15	0	.9658837	0	.0341163	0
1088.15	0	.9654498	0	.03455016	0
1087.15	0	.9650169	0	.03498312	0
1086.15	0	.9645848	0	.03541518	0
1085.15	0	.9641537	0	.03584634	0
1084.15	0	.9637234	0	.03627662	0
1083.15	0	.963294	0	.036706	0
1082.15	0	.9628655	0	.03713449	0
1081.15	0	.9624379	0	.03756209	0
1080.15	0	.9620112	0	.03798881	0
1079.15	0	.9615854	0	.03841464	0
1078.15	0	.9611604	0	.03883959	0
1077.15	0	.9607363	0	.03926366	0
1076.15	0	.9603132	0	.03968684	0
1075.15	0	.9598909	0	.04010915	0
1074.15	0	.9594694	0	.04053057	0
1073.15	0	.9590489	0	.04095113	0
1072.15	0	.9586292	0	.0413708	0
1071.15	0	.9582104	0	.04178961	0
1070.15	0	.9577925	0	.04220754	0
1069.15	0	.9573754	0	.0426246	0
1068.15	0	.9569592	0	.0430408	0
1067.15	0	.9565439	0	.04345612	0
1066.15	0	.9561294	0	.04387058	0
1065.15	0	.9557158	0	.04428418	0
1064.15	0	.9553031	0	.04469691	0
1063.15	0	.9548912	0	.04510879	0
1062.15	0	.9544802	0	.0455198	0
1061.15	0	.9540701	0	.04592995	0
1060.15	0	.9536608	0	.04633925	0
1059.15	0	.9532523	0	.04674769	0
1058.15	0	.9528447	0	.04715528	0
1057.15	0	.952438	0	.04756201	0
1056.15	0	.9520321	0	.0479679	0
1055.15	0	.9516271	0	.04837293	0
1054.15	0	.9512229	0	.04877711	0
1053.15	0	.9508195	0	.04918045	0
1052.15	0	.9504171	0	.04958294	0
1051.15	0	.9500154	0	.04998459	0
1050.15	0	.9496146	0	.05038539	0
1049.15	0	.9492147	0	.05078535	0
1048.15	0	.9488155	0	.05118447	0
1047.15	0	.9484172	0	.05158275	0
1046.15	0	.9480198	0	.05198019	0
1045.15	0	.9476232	0	.0523768	0
1044.15	0	.9472274	0	.05277257	0
1043.15	0	.9468325	0	.05316751	0
1042.751	0	.946675	0	.05332501	0
1042.751	0	.946675	0	.05332501	0
1042.751	0	.946675	0	.05332501	0
1042.15	0	.946008	4.593934E-04	.05353264	0
1041.15	0	.9448999	.001222545	.05387757	0
1040.15	0	.9437949	.001983565	.05422155	0
1039.15	0	.942693	.002742454	.05456456	0
1038.15	0	.9415942	.003499215	.05490662	0
1037.15	0	.9404984	.004253849	.05524772	0
1036.15	0	.9394058	.005006359	.05558787	0
1035.15	0	.9383162	.005756746	.05592705	0
1034.15	0	.9372297	.006505013	.05626529	0
1033.15	0	.9361463	.00725116	.05660257	0
1032.15	0	.9350659	.007995192	.05693889	0
1031.15	0	.9339886	.008737109	.05727426	0
1030.15	0	.9329144	.009476913	.05760868	0
1029.15	0	.9318433	.01021461	.05794215	0
1028.15	0	.9307752	.0109502	.05827466	0
1027.15	0	.9297101	.01168368	.05860622	0
1026.15	0	.9286481	.01241505	.05893683	0
1025.15	0	.9275892	.01314433	.05926648	0
1024.15	0	.9265333	.0138715	.05959519	0
1023.15	0	.9254805	.01459659	.05992294	0
1022.15	0	.9244307	.01531957	.06024975	0
1021.15	0	.9233839	.01604047	.0605756	0
1020.15	0	.9223402	.01675927	.0609005	0
1019.15	0	.9212996	.01747599	.06122445	0
1018.15	0	.9202619	.01819062	.06154745	0
1017.15	0	.9192273	.01890317	.0618695	0
1016.15	0	.9181957	.01961364	.0621906	0
1015.15	0	.9171672	.02032204	.06251075	0
1014.15	0	.9161417	.02102836	.06282995	0
1013.15	0	.9151192	.02173261	.0631482	0
1012.15	0	.9140997	.02243479	.06346549	0
1011.15	0	.9130833	.02313491	.06378184	0
1010.15	0	.9120698	.02383297	.06409723	0
1009.15	0	.9110594	.02452896	.06441167	0
1008.15	0	.9100519	.0252229	.06472516	0
1007.15	0	.9090475	.02591479	.06503769	0
1006.15	0	.9080461	.02660463	.06534927	0
1005.15	0	.9070477	.02729242	.0656599	0
1004.15	0	.9060523	.02797816	.06596958	0
1003.15	0	.9050598	.02866187	.0662783	0
1002.15	0	.9040704	.02934354	.06658606	0
1001.15	0	.903084	.03002318	.06689287	0
1000.15	0	.9021005	.03070079	.06719872	0
999.15	0	.90112	.03137638	.06750362	0
998.15	0	.9001425	.03204994	.06780755	0
997.15	0	.899168	.03272149	.06811053	0
996.15	0	.8981964	.03339102	.06841255	0
995.15	0	.8972279	.03405855	.06871361	0
994.15	0	.8962622	.03472407	.0690137	0
993.15	0	.8952996	.03538758	.06931284	0
992.15	0	.8943399	.03604911	.06961101	0
991.15	0	.8933831	.03670864	.06990822	0
990.15	0	.8924294	.03736619	.07020446	0
989.15	0	.8914785	.03802175	.07049973	0
988.15	0	.8905306	.03867533	.07079404	0
987.15	0	.8895857	.03932695	.07108738	0
986.15	0	.8886437	.0399766	.07137974	0
985.15	0	.8877046	.04062428	.07167114	0
984.15	0	.8867684	.04127001	.07196156	0
983.15	0	.8858352	.04191379	.07225101	0
982.15	0	.8849049	.04255562	.07253948	0
981.15	0	.8839775	.04319552	.07282697	0
980.15	0	.883053	.04383348	.07311348	0
979.15	0	.8821315	.04446952	.07339901	0
978.15	0	.8812128	.04510363	.07368356	0
977.15	0	.880297	.04573583	.07396713	0
976.15	0	.8793842	.04636613	.07424971	0
975.15	0	.8784742	.04699452	.0745313	0
974.15	0	.8775671	.04762102	.0748119	0
973.15	0	.8766629	.04824564	.0750915	0
972.15	0	.8757615	.04886837	.07537012	0
971.15	0	.874863	.04948924	.07564773	0
970.15	0	.8739674	.05010824	.07592435	0
969.15	0	.8730747	.05072538	.07619997	0
968.15	0	.8721847	.05134068	.07647458	0
967.15	0	.8712977	.05195414	.07674818	0
966.15	0	.8704135	.05256577	.07702078	0
965.15	0	.8695321	.05317558	.07729237	0
964.15	0	.8686535	.05378357	.07756295	0
963.15	0	.8677777	.05438976	.0778325	0
962.15	0	.8669048	.05499416	.07810104	0
961.15	0	.8660347	.05559678	.07836856	0
960.15	0	.8651673	.05619762	.07863505	0
959.15	0	.8643028	.05679669	.07890052	0
958.15	0	.863441	.05739402	.07916495	0
957.15	0	.862582	.0579896	.07942836	0
956.15	0	.8617258	.05858346	.07969072	0
955.15	0	.8608724	.05917559	.07995204	0
954.15	0	.8600217	.05976602	.08021233	0
953.15	0	.8591737	.06035475	.08047156	0
952.15	0	.8583285	.06094179	.08072974	0
951.15	0	.857486	.06152717	.08098687	0
950.15	0	.8566462	.06211089	.08124295	0
949.15	0	.8558091	.06269297	.08149796	0
948.15	0	.8549747	.06327342	.08175191	0
947.15	0	.854143	.06385225	.08200478	0
946.15	0	.8533139	.06442948	.08225659	0
945.15	0	.8524876	.06500512	.08250732	0
944.15	0	.8516639	.06557919	.08275696	0
943.15	0	.8508428	.0661517	.08300552	0
942.15	0	.8500243	.06672268	.08325299	0
941.15	0	.8492085	.06729213	.08349937	0
940.15	0	.8483953	.06786008	.08374465	0
939.15	0	.8475846	.06842653	.08398882	0
938.15	0	.8467766	.06899152	.08423189	0
937.15	0	.8459711	.06955505	.08447384	0
936.15	0	.8451682	.07011715	.08471467	0
935.15	0	.8443678	.07067782	.08495438	0
934.15	0	.8435699	.07123711	.08519296	0
933.15	0	.8427746	.07179502	.08543041	0
932.15	0	.8419817	.07235157	.08566672	0
931.15	0	.8411913	.07290679	.08590188	0
930.15	0	.8404034	.0734607	.0861359	0
929.15	0	.8396179	.07401332	.08636876	0
928.15	0	.8388349	.07456467	.08660045	0
927.15	0	.8380543	.07511478	.08683098	0
926.15	0	.837276	.07566367	.08706033	0
925.15	0	.8365001	.07621136	.0872885	0
924.15	0	.8357266	.07675788	.08751549	0
923.15	0	.8349555	.07730326	.08774128	0
922.15	0	.8341866	.07784752	.08796587	0
921.15	0	.83342	.0783907	.08818925	0
920.15	0	.8326558	.07893281	.08841142	0
919.15	0	.8318937	.07947388	.08863237	0
918.15	0	.831134	.08001396	.08885209	0
917.15	0	.8303764	.08055306	.08907058	0
916.15	0	.829621	.08109122	.08928782	0
915.15	0	.8288677	.08162847	.08950381	0
914.15	0	.8281166	.08216483	.08971854	0
913.15	0	.8273676	.08270036	.089932	0
912.15	0	.8266207	.08323507	.09014419	0
911.15	0	.8258759	.08376901	.0903551	0
910.15	0	.8251331	.08430221	.09056471	0
909.15	0	.8243923	.0848347	.09077302	0
908.15	0	.8236534	.08536653	.09098003	0
907.15	0	.8229166	.08589774	.09118571	0
906.15	0	.8221816	.08642835	.09139006	0
905.15	0	.8214485	.08695842	.09159308	0
904.15	0	.8207173	.08748799	.09179475	0
903.15	0	.8199878	.0880171	.09199506	0
902.15	0	.8192602	.08854579	.092194	0
901.15	0	.8185343	.08907411	.09239157	0
900.15	0	.8178102	.0896021	.09258775	0
899.15	0	.8170877	.09012981	.09278252	0
898.15	0	.8163668	.09065729	.09297589	0
897.15	0	.8156476	.0911846	.09316784	0
896.15	0	.8149299	.09171178	.09335835	0
895.15	0	.8142137	.09223888	.09354741	0
894.15	0	.813499	.09276597	.09373502	0
893.15	0	.8127858	.09329308	.09392115	0
892.15	0	.8120739	.09382029	.09410581	0
891.15	0	.8113634	.09434765	.09428897	0
890.15	0	.8106542	.09487521	.09447062	0
889.15	0	.8099462	.09540305	.09465075	0
888.15	0	.8092394	.09593122	.09482934	0
887.15	0	.8085338	.0964598	.09500637	0
886.15	0	.8078293	.09698883	.09518185	0
885.15	0	.8071259	.0975184	.09535574	0
884.15	0	.8064234	.09804858	.09552804	0
883.15	0	.8057218	.09857943	.09569872	0
882.15	0	.8050212	.09911103	.09586778	0
881.15	0	.8043214	.09964346	.09603519	0
880.15	0	.8036223	.1001768	.09620095	0
879.15	0	.8029239	.1007111	.09636502	0
878.15	0	.8022261	.1012465	.09652739	0
877.15	0	.8015289	.1017831	.09668805	0
876.15	0	.8008322	.1023208	.09684698	0
875.15	0	.8001359	.1028599	.09700415	0
874.15	0	.79944	.1034005	.09715955	0
873.15	0	.7987443	.1039426	.09731316	0
872.15	0	.7980488	.1044862	.09746495	0
871.15	0	.7973535	.1050317	.0976149	0
870.15	0	.7966581	.1055789	.097763	0
869.15	0	.7959628	.106128	.09790921	0
868.15	0	.7952672	.1066792	.09805352	0
867.15	0	.7945715	.1072326	.0981959	0
866.15	0	.7938754	.1077883	.09833632	0
865.15	0	.793179	.1083463	.09847476	0
864.15	0	.7924819	.1089069	.09861119	0
863.15	0	.7917843	.1094701	.09874558	0
862.15	0	.791086	.1100361	.09887791	0
861.15	0	.7903868	.1106051	.09900815	0
860.15	0	.7896867	.1111771	.09913626	0
859.15	0	.7889855	.1117523	.09926222	0
858.15	0	.7882831	.1123309	.09938598	0
857.15	0	.7875794	.1129131	.09950752	0
856.15	0	.7868742	.113499	.0996268	0
855.15	0	.7861675	.1140887	.09974379	0
854.15	0	.7854591	.1146825	.09985845	0
853.15	0	.7847487	.1152805	.09997072	0
852.15	0	.7840364	.115883	.1000806	0
851.15	0	.7833219	.1164901	.100188	0
850.15	0	.7826051	.117102	.1002929	0
849.15	0	.7818857	.117719	.1003953	0
848.15	0	.7811636	.1183413	.100495	0
847.15	0	.7804387	.1189691	.1005922	0
846.15	0	.7797107	.1196027	.1006866	0
845.15	0	.7789794	.1202423	.1007783	0
844.15	0	.7782447	.1208882	.1008671	0
843.15	0	.7775062	.1215407	.1009531	0
842.15	0	.7767638	.1222001	.1010361	0
841.15	0	.7760172	.1228666	.1011162	0
840.15	0	.7752662	.1235407	.1011932	0
839.15	0	.7745104	.1242226	.101267	0
838.15	0	.7737497	.1249127	.1013376	0
837.15	0	.7729837	.1256114	.1014049	0
836.15	0	.7722121	.1263191	.1014688	0
835.15	0	.7714345	.1270362	.1015293	0
834.15	0	.7706506	.1277632	.1015861	0
833.15	0	.7698601	.1285005	.1016393	0
832.15	0	.7690626	.1292487	.1016887	0
831.15	0	.7682575	.1300083	.1017342	0
830.15	0	.7674445	.1307798	.1017757	0
829.15	0	.7666232	.1315638	.1018131	0
828.15	0	.7657929	.132361	.1018461	0
827.15	0	.7649532	.1331722	.1018747	0
826.15	0	.7641034	.1339979	.1018987	0
825.15	0	.763243	.1348391	.1019179	0
824.15	0	.7623713	.1356966	.1019322	0
823.15	0	.7614874	.1365713	.1019413	0
822.15	0	.7605908	.1374641	.1019451	0
821.15	0	.7596804	.1383763	.1019432	0
820.15	0	.7587555	.139309	.1019355	0
819.15	0	.7578149	.1402634	.1019217	0
818.15	0	.7568575	.1412411	.1019015	0
817.15	0	.7558822	.1422434	.1018744	0
816.15	0	.7546951	.1435005	.1018044	0
815.15	0	.75301	.1453542	.1016358	0
814.15	0	.751402	.1471231	.1014749	0
813.15	0	.7498654	.1488134	.1013212	0
812.15	0	.7483953	.1504306	.1011741	0
811.15	0	.7469869	.1519799	.1010332	0
810.15	0	.7456363	.1534657	.100898	0
809.15	0	.7443395	.1548923	.1007682	0
808.15	0	.7430931	.1562634	.1006434	0
807.15	0	.7418942	.1575825	.1005233	0
806.15	0	.7407397	.1588528	.1004076	0
805.15	0	.739627	.160077	.100296	0
804.15	0	.7385538	.1612581	.1001882	0
803.15	0	.7375178	.1623982	.100084	0
802.15	0	.7365169	.1634999	.09998323	0
801.15	0	.7355493	.1645651	.09988565	0
800.15	0	.7346132	.1655957	.09979109	0
799.15	0	.7337069	.1665937	.09969937	0
798.15	0	.7328291	.1675606	.09961033	0
797.15	0	.7319781	.1684981	.09952382	0
796.15	0	.7311528	.1694075	.0994397	0
795.15	0	.7303518	.1702903	.09935785	0
794.15	0	.7295741	.1711477	.09927814	0
793.15	0	.7288186	.171981	.09920046	0
792.15	0	.7280842	.1727911	.0991247	0
791.15	0	.72737	.1735793	.09905076	0
790.15	0	.7266751	.1743464	.09897856	0
789.15	0	.7259987	.1750933	.098908	0
788.15	0	.7253399	.1758211	.098839	0
787.15	0	.7246981	.1765304	.09877148	0
786.15	0	.7240725	.1772221	.09870538	0
785.15	0	.7234625	.1778969	.09864062	0
784.15	0	.7228674	.1785555	.09857714	0
783.15	0	.7222866	.1791985	.09851487	0
782.15	0	.7217197	.1798266	.09845377	0
781.15	0	.7211659	.1804403	.09839377	0
780.15	0	.7206249	.1810403	.09833482	0
779.15	0	.7200961	.181627	.09827688	0
778.15	0	.7195792	.1822009	.09821989	0
777.15	0	.7190736	.1827626	.09816382	0
776.15	0	.7185807	.1833111	.0981082	0
775.15	0	.7180965	.1838497	.09805387	0
774.15	0	.7176224	.1843773	.09800033	0
773.15	0	.7171581	.1848943	.09794756	0
772.15	0	.7167034	.1854011	.0978955	0
771.15	0	.7162578	.1858981	.09784414	0
770.15	0	.715821	.1863856	.09779344	0
769.15	0	.7153928	.1868638	.09774337	0
768.15	0	.7149728	.1873333	.09769391	0
767.15	0	.7145609	.1877941	.09764502	0
766.15	0	.7141567	.1882466	.09759669	0
765.15	0	.7137599	.1886912	.09754889	0
764.15	0	.7133704	.189128	.09750159	0
763.15	0	.712988	.1895573	.09745477	0
762.15	0	.7126123	.1899793	.09740842	0
761.15	0	.7122432	.1903943	.09736252	0
760.15	0	.7118804	.1908025	.09731703	0
759.15	0	.7115239	.1912042	.09727196	0
758.15	0	.7111734	.1915994	.09722727	0
757.15	0	.7108287	.1919884	.09718295	0
756.15	0	.7104896	.1923714	.09713899	0
755.15	0	.710156	.1927486	.09709537	0
754.15	0	.7098278	.1931202	.09705207	0
753.15	0	.7095047	.1934862	.09700909	0
752.15	0	.7091866	.193847	.0969664	0
751.15	0	.7088735	.1942025	.096924	0
750.15	0	.7085651	.1945531	.09688187	0
749.15	0	.7082613	.1948988	.09684	0
748.15	0	.7079619	.1952397	.09679838	0
747.15	0	.707667	.195576	.096757	0
746.15	0	.7073763	.1959078	.09671585	0
745.15	0	.7070897	.1962353	.09667492	0
744.15	0	.7068072	.1965586	.0966342	0
743.15	0	.7065286	.1968777	.09659367	0
742.15	0	.7062538	.1971929	.09655334	0
741.15	0	.7059827	.1975041	.09651319	0
740.15	0	.7057153	.1978115	.09647321	0
739.15	0	.7054514	.1981152	.0964334	0
738.15	0	.7051909	.1984154	.09639374	0
737.15	0	.7049338	.198712	.09635424	0
736.15	0	.70468	.1990052	.09631488	0
735.15	0	.7044293	.199295	.09627566	0
734.15	0	.7041818	.1995816	.09623657	0
733.15	0	.7039373	.1998651	.0961976	0
732.15	0	.7036958	.2001454	.09615875	0
731.15	0	.7034572	.2004228	.09612002	0
730.15	0	.7032214	.2006972	.09608139	0
729.15	0	.7029884	.2009687	.09604287	0
728.15	0	.7027581	.2012375	.09600444	0
727.15	0	.7025304	.2015035	.09596611	0
726.15	0	.7023053	.2017668	.09592786	0
725.15	0	.7020827	.2020276	.0958897	0
724.15	0	.7018626	.2022858	.09585161	0
723.15	0	.7016449	.2025415	.0958136	0
722.15	0	.7014296	.2027948	.09577566	0
721.15	0	.7012166	.2030457	.09573778	0
720.15	0	.7010058	.2032943	.09569997	0
719.15	0	.7007972	.2035406	.09566222	0
718.15	0	.7005908	.2037847	.09562453	0
717.15	0	.7003865	.2040267	.09558688	0
716.15	0	.7001842	.2042665	.09554929	0
715.15	0	.699984	.2045042	.09551174	0
714.15	0	.6997858	.20474	.09547424	0
713.15	0	.6995895	.2049737	.09543678	0
712.15	0	.6993952	.2052055	.09539935	0
711.15	0	.6992027	.2054354	.09536196	0
710.15	0	.699012	.2056634	.0953246	0
709.15	0	.6988231	.2058896	.09528728	0
708.15	0	.698636	.206114	.09524998	0
707.15	0	.6984506	.2063367	.09521271	0
706.15	0	.6982669	.2065577	.09517546	0
705.15	0	.6980848	.2067769	.09513823	0
704.15	0	.6979044	.2069946	.09510102	0
703.15	0	.6977256	.2072106	.09506383	0
702.15	0	.6975483	.207425	.09502666	0
701.15	0	.6973726	.2076379	.0949895	0
700.15	0	.6971984	.2078493	.09495236	0
699.15	0	.6970256	.2080592	.09491522	0
698.15	0	.6968543	.2082676	.0948781	0
697.15	0	.6966845	.2084745	.09484098	0
696.15	0	.696516	.2086801	.09480387	0
695.15	0	.6963489	.2088843	.09476677	0
694.15	0	.6961832	.2090871	.09472967	0
693.15	0	.6960188	.2092886	.09469258	0
692.15	0	.6958557	.2094888	.09465548	0
691.15	0	.695694	.2096877	.09461839	0
690.15	0	.6955334	.2098853	.0945813	0
689.15	0	.6953741	.2100817	.09454421	0
688.15	0	.695216	.2102768	.09450711	0
687.15	0	.6950592	.2104708	.09447001	0
686.15	0	.6949035	.2106636	.09443291	0
685.15	0	.6947489	.2108553	.09439581	0
684.15	0	.6945955	.2110458	.0943587	0
683.15	0	.6944433	.2112351	.09432158	0
682.15	0	.6942921	.2114234	.09428446	0
681.15	0	.694142	.2116106	.09424732	0
680.15	0	.6939931	.2117968	.09421019	0
679.15	0	.6938451	.2119819	.09417304	0
678.15	0	.6936982	.2121659	.09413589	0
677.15	0	.6935523	.2123489	.09409872	0
676.15	0	.6934075	.212531	.09406155	0
675.15	0	.6932636	.2127121	.09402436	0
674.15	0	.6931207	.2128922	.09398717	0
673.15	0	.6929787	.2130713	.09394996	0
672.15	0	.6928378	.2132495	.09391275	0
671.15	0	.6926977	.2134268	.09387552	0
670.15	0	.6925586	.2136032	.09383828	0
669.15	0	.6924204	.2137786	.09380103	0
668.15	0	.692283	.2139532	.09376377	0
667.15	0	.6921466	.2141269	.09372649	0
666.15	0	.692011	.2142998	.09368921	0
665.15	0	.6918763	.2144718	.09365191	0
664.15	0	.6917425	.214643	.09361459	0
663.15	0	.6916094	.2148133	.09357727	0
662.15	0	.6914772	.2149828	.09353993	0
661.15	0	.6913458	.2151516	.09350258	0
660.15	0	.6912153	.2153195	.09346522	0
659.15	0	.6910855	.2154867	.09342784	0
658.15	0	.6909565	.2156531	.09339045	0
657.15	0	.6908282	.2158187	.09335305	0
656.15	0	.6907008	.2159836	.09331563	0
655.15	0	.690574	.2161478	.09327821	0
654.15	0	.6904481	.2163112	.09324077	0
653.15	0	.6903228	.2164739	.09320331	0
652.15	0	.6901983	.2166358	.09316585	0
651.15	0	.6900745	.2167971	.09312837	0
650.15	0	.6899514	.2169577	.09309088	0
649.15	0	.689829	.2171176	.09305339	0
648.15	0	.6897073	.2172768	.09301587	0
647.15	0	.6895863	.2174353	.09297835	0
646.15	0	.689466	.2175932	.09294082	0
645.15	0	.6893463	.2177504	.09290327	0
644.15	0	.6892273	.217907	.09286572	0
643.15	0	.6891089	.2180629	.09282815	0
642.15	0	.6889912	.2182182	.09279058	0
641.15	0	.6888741	.2183729	.09275299	0
640.15	0	.6887577	.2185269	.0927154	0
639.15	0	.6886418	.2186804	.09267779	0
638.15	0	.6885266	.2188332	.09264018	0
637.15	0	.688412	.2189854	.09260256	0
636.15	0	.688298	.219137	.09256493	0
635.15	0	.6881846	.2192881	.09252729	0
634.15	0	.6880718	.2194385	.09248965	0
633.15	0	.6879596	.2195884	.092452	0
632.15	0	.687848	.2197377	.09241434	0
631.15	0	.6877369	.2198864	.09237668	0
630.15	0	.6876264	.2200346	.09233901	0
629.15	0	.6875165	.2201822	.09230134	0
628.15	0	.6874071	.2203293	.09226365	0
627.15	0	.6872983	.2204758	.09222597	0
626.15	0	.68719	.2206217	.09218828	0
625.15	0	.6870822	.2207672	.09215059	0
624.15	0	.686975	.2209121	.0921129	0
623.15	0	.6868683	.2210565	.0920752	0
622.15	0	.6867622	.2212003	.0920375	0
621.15	0	.6866566	.2213437	.0919998	0
620.15	0	.6865514	.2214865	.0919621	0
619.15	0	.6864468	.2216288	.0919244	0
618.15	0	.6863427	.2217706	.09188669	0
617.15	0	.6862391	.2219119	.09184899	0
616.15	0	.686136	.2220527	.09181129	0
615.15	0	.6860334	.222193	.09177359	0
614.15	0	.6859313	.2223328	.09173589	0
613.15	0	.6858297	.2224721	.0916982	0
612.15	0	.6857285	.222611	.0916605	0
611.15	0	.6856279	.2227493	.09162282	0
610.15	0	.6855277	.2228872	.09158513	0
609.15	0	.6854279	.2230246	.09154745	0
608.15	0	.6853287	.2231616	.09150978	0
607.15	0	.6852299	.223298	.09147211	0
606.15	0	.6851315	.223434	.09143444	0
605.15	0	.6850336	.2235696	.09139679	0
604.15	0	.6849362	.2237047	.09135914	0
603.15	0	.6848392	.2238393	.0913215	0
602.15	0	.6847426	.2239735	.09128387	0
601.15	0	.6846465	.2241072	.09124625	0
600.15	0	.6845509	.2242405	.09120864	0
599.15	0	.6844556	.2243733	.09117104	0
598.15	0	.6843608	.2245057	.09113345	0
597.15	0	.6842665	.2246377	.09109587	0
596.15	0	.6841725	.2247692	.0910583	0
595.15	0	.684079	.2249003	.09102075	0
594.15	0	.6839859	.2250309	.09098321	0
593.15	0	.6838932	.2251611	.09094569	0
592.15	0	.6838009	.2252909	.09090818	0
591.15	0	.683709	.2254203	.09087069	0
590.15	0	.6836176	.2255492	.09083321	0
589.15	0	.6835265	.2256777	.09079575	0
588.15	0	.6834359	.2258058	.09075831	0
587.15	0	.6833456	.2259335	.09072088	0
586.15	0	.6832558	.2260608	.09068347	0
585.15	0	.6831663	.2261876	.09064609	0
584.15	0	.6830773	.226314	.09060872	0
583.15	0	.6829886	.2264401	.09057137	0
582.15	0	.6829003	.2265657	.09053405	0
581.15	0	.6828124	.2266909	.09049675	0
580.15	0	.6827249	.2268157	.09045947	0
579.15	0	.6826377	.2269401	.09042221	0
578.15	0	.682551	.227064	.09038498	0
577.15	0	.6824646	.2271876	.09034777	0
576.15	0	.6823786	.2273108	.09031059	0
575.15	0	.682293	.2274336	.09027344	0
574.15	0	.6822077	.227556	.09023631	0
573.15	0	.6821228	.227678	.0901992	0
572.15	0	.6820383	.2277996	.09016213	0
571.15	0	.6819541	.2279208	.09012509	0
570.15	0	.6818703	.2280416	.09008807	0
569.15	0	.6817869	.2281621	.09005109	0
568.15	0	.6817038	.2282821	.09001413	0
567.15	0	.6816211	.2284017	.08997721	0
566.15	0	.6815387	.228521	.08994032	0
565.15	0	.6814567	.2286399	.08990347	0
564.15	0	.681375	.2287584	.08986664	0
563.15	0	.6812937	.2288765	.08982985	0
562.15	0	.6812127	.2289942	.0897931	0
561.15	0	.6811321	.2291115	.08975638	0
560.15	0	.6810518	.2292285	.0897197	0
559.15	0	.6809719	.2293451	.08968305	0
558.15	0	.6808923	.2294612	.08964645	0
557.15	0	.6808131	.2295771	.08960988	0
556.15	0	.6807342	.2296925	.08957335	0
555.15	0	.6806556	.2298076	.08953686	0
554.15	0	.6805774	.2299222	.08950041	0
553.15	0	.6804994	.2300366	.089464	0
552.15	0	.6804219	.2301505	.08942764	0
551.15	0	.6803446	.230264	.08939132	0
550.15	0	.6802677	.2303772	.08935504	0
549.15	0	.6801912	.23049	.0893188	0
548.15	0	.6801149	.2306025	.08928261	0
547.15	0	.680039	.2307145	.08924647	0
546.15	0	.6799634	.2308263	.08921037	0
545.15	0	.6798881	.2309376	.08917432	0
544.15	0	.6798132	.2310485	.08913832	0
543.15	0	.6797385	.2311591	.08910236	0
542.15	0	.6796642	.2312693	.08906646	0
541.15	0	.6795902	.2313792	.0890306	0
540.15	0	.6795165	.2314887	.08899479	0
539.15	0	.6794432	.2315978	.08895904	0
538.15	0	.6793702	.2317065	.08892334	0
537.15	0	.6792974	.2318149	.08888769	0
536.15	0	.679225	.2319229	.08885209	0
535.15	0	.6791529	.2320306	.08881655	0
534.15	0	.6790811	.2321378	.08878106	0
533.15	0	.6790096	.2322447	.08874562	0
532.15	0	.6789385	.2323513	.08871025	0
531.15	0	.6788676	.2324575	.08867493	0
530.15	0	.678797	.2325633	.08863967	0
529.15	0	.6787268	.2326688	.08860446	0
528.15	0	.6786568	.2327738	.08856932	0
527.15	0	.6785872	.2328786	.08853423	0
526.15	0	.6785179	.2329829	.08849921	0
525.15	0	.6784488	.2330869	.08846424	0
524.15	0	.6783801	.2331906	.08842934	0
523.15	0	.6783117	.2332938	.0883945	0
522.15	0	.6782437	.2333967	.08835961	0
521.15	0	.6781758	.2334993	.08832489	0
520.15	0	.6781083	.2336015	.08829024	0
519.15	0	.678041	.2337033	.08825566	0
518.15	0	.6779741	.2338048	.08822114	0
517.15	0	.6779075	.2339059	.08818668	0
516.15	0	.6778411	.2340066	.0881523	0
515.15	0	.6777751	.234107	.08811798	0
514.15	0	.6777093	.234207	.08808373	0
513.15	0	.6776438	.2343066	.08804955	0
512.15	0	.6775786	.2344059	.08801544	0
511.15	0	.6775137	.2345048	.08798141	0
510.15	0	.6774492	.2346034	.08794744	0
509.15	0	.6773848	.2347016	.08791354	0
508.15	0	.6773208	.2347995	.08787972	0
507.15	0	.6772571	.2348969	.08784597	0
506.15	0	.6771936	.2349941	.0878123	0
505.15	0	.6771305	.2350908	.0877787	0
504.15	0	.6770676	.2351872	.08774517	0
503.15	0	.677005	.2352832	.08771172	0
502.15	0	.6769427	.2353789	.08767835	0
501.15	0	.6768807	.2354742	.08764506	0
500.15	0	.676819	.2355692	.08761184	0
499.15	0	.6767575	.2356638	.08757871	0
498.15	0	.6766964	.235758	.08754565	0
497.15	0	.6766355	.2358519	.08751267	0
496.15	0	.6765749	.2359454	.08747978	0
495.15	0	.6765145	.2360385	.08744696	0
494.15	0	.6764545	.2361313	.08741423	0
493.15	0	.6763947	.2362237	.08738158	0
492.15	0	.6763352	.2363158	.08734901	0
491.15	0	.676276	.2364075	.08731653	0
490.15	0	.6762171	.2364988	.08728413	0
489.15	0	.6761584	.2365898	.08725182	0
488.15	0	.6761001	.2366804	.0872196	0
487.15	0	.676042	.2367706	.08718746	0
486.15	0	.6759841	.2368605	.08715541	0
485.15	0	.6759266	.23695	.08712345	0
484.15	0	.6758693	.2370391	.08709157	0
483.15	0	.6758123	.2371279	.08705979	0
482.15	0	.6757556	.2372164	.0870281	0
481.15	0	.6756991	.2373044	.08699649	0
480.15	0	.6756429	.2373921	.08696498	0
479.15	0	.675587	.2374795	.08693356	0
478.15	0	.6755313	.2375664	.08690223	0
477.15	0	.675476	.237653	.086871	0
476.15	0	.6754209	.2377393	.08683986	0
475.15	0	.6753661	.2378251	.08680881	0
474.15	0	.6753115	.2379107	.08677786	0
473.15	0	.6752572	.2379958	.086747	0
472.15	0	.6752032	.2380806	.08671624	0
471.15	0	.6751494	.238165	.08668558	0
470.15	0	.6750959	.2382491	.08665502	0
469.15	0	.6750427	.2383328	.08662455	0
468.15	0	.6749898	.2384161	.08659419	0
467.15	0	.6749371	.238499	.08656392	0
466.15	0	.6748846	.2385816	.08653375	0
465.15	0	.6748325	.2386638	.08650368	0
464.15	0	.6747806	.2387457	.08647372	0
463.15	0	.674729	.2388272	.08644385	0
462.15	0	.6746776	.2389083	.08641409	0
461.15	0	.6746265	.2389891	.08638443	0
460.15	0	.6745757	.2390695	.08635488	0
459.15	0	.6745251	.2391495	.08632542	0
458.15	0	.6744748	.2392291	.08629608	0
457.15	0	.6744247	.2393084	.08626684	0
456.15	0	.674375	.2393873	.0862377	0
455.15	0	.6743254	.2394659	.08620867	0
454.15	0	.6742762	.2395441	.08617975	0
453.15	0	.6742272	.2396219	.08615094	0
452.15	0	.6741784	.2396994	.08612223	0
451.15	0	.6741299	.2397764	.08609364	0
450.15	0	.6740817	.2398531	.08606515	0
449.15	0	.6740338	.2399294	.08603679	0
448.15	0	.6739861	.2400053	.08600855	0
447.15	0	.6739387	.2400809	.08598042	0
446.15	0	.6738916	.240156	.08595241	0
445.15	0	.6738448	.2402307	.08592451	0
444.15	0	.6737982	.2403051	.08589674	0
443.15	0	.6737519	.240379	.08586909	0
442.15	0	.6737059	.2404526	.08584157	0
441.15	0	.6736601	.2405257	.08581418	0
440.15	0	.6736147	.2405984	.08578691	0
439.15	0	.6735696	.2406707	.08575978	0
438.15	0	.6735247	.2407425	.08573278	0
437.15	0	.6734801	.240814	.08570592	0
436.15	0	.6734358	.240885	.08567919	0
435.15	0	.6733919	.2409555	.0856526	0
434.15	0	.6733482	.2410257	.08562615	0
433.15	0	.6733048	.2410954	.08559984	0
432.15	0	.6732617	.2411646	.08557368	0
431.15	0	.673219	.2412334	.08554766	0
430.15	0	.6731765	.2413017	.08552178	0
429.15	0	.6731343	.2413696	.08549605	0
428.15	0	.6730925	.241437	.08547047	0
427.15	0	.6730509	.241504	.08544504	0
426.15	0	.6730097	.2415705	.08541976	0
425.15	0	.6729688	.2416366	.08539463	0
424.15	0	.6729282	.2417022	.08536965	0
423.15	0	.6728878	.2417673	.08534482	0
422.15	0	.6728478	.241832	.08532015	0
421.15	0	.6728082	.2418962	.08529564	0
420.15	0	.6727688	.24196	.08527127	0
419.15	0	.6727297	.2420232	.08524707	0
418.15	0	.6726909	.242086	.08522302	0
417.15	0	.6726525	.2421484	.08519913	0
416.15	0	.6726143	.2422103	.08517539	0
415.15	0	.6725765	.2422717	.08515181	0
414.15	0	.672539	.2423326	.0851284	0
413.15	0	.6725018	.2423931	.08510514	0
412.15	0	.6724649	.2424531	.08508204	0
411.15	0	.6724283	.2425127	.0850591	0
410.15	0	.672392	.2425717	.08503632	0
409.15	0	.672356	.2426303	.0850137	0
408.15	0	.6723203	.2426885	.08499124	0
407.15	0	.6722849	.2427462	.08496894	0
406.15	0	.6722498	.2428034	.0849468	0
405.15	0	.672215	.2428602	.08492483	0
404.15	0	.6721805	.2429165	.08490301	0
403.15	0	.6721464	.2429723	.08488136	0
402.15	0	.6721125	.2430277	.08485986	0
401.15	0	.6720789	.2430826	.08483853	0
400.15	0	.6720456	.2431371	.08481736	0
399.15	0	.6720126	.2431911	.08479634	0
398.15	0	.6719799	.2432447	.08477549	0
397.15	0	.6719474	.2432978	.0847548	0
396.15	0	.6719153	.2433504	.08473427	0
395.15	0	.6718835	.2434026	.08471391	0
394.15	0	.6718519	.2434544	.08469369	0
393.15	0	.6718206	.2435057	.08467365	0
392.15	0	.6717896	.2435566	.08465376	0
391.15	0	.6717589	.2436071	.08463402	0
390.15	0	.6717285	.2436571	.08461445	0
389.15	0	.6716983	.2437067	.08459504	0
388.15	0	.6716684	.2437558	.08457578	0
387.15	0	.6716388	.2438045	.08455668	0
386.15	0	.6716094	.2438528	.08453774	0
385.15	0	.6715804	.2439007	.08451896	0
384.15	0	.6715516	.2439481	.08450033	0
383.15	0	.671523	.2439951	.08448186	0
382.15	0	.6714947	.2440417	.08446355	0
381.15	0	.6714667	.2440879	.08444539	0
380.15	0	.6714389	.2441337	.08442738	0
379.15	0	.6714114	.2441791	.08440953	0
378.15	0	.6713842	.244224	.08439184	0
377.15	0	.6713572	.2442686	.08437429	0
376.15	0	.6713304	.2443127	.0843569	0
375.15	0	.6713039	.2443565	.08433966	0
374.15	0	.6712776	.2443998	.08432258	0
373.15	0	.6712516	.2444427	.08430564	0
372.15	0	.6712258	.2444853	.08428885	0
371.15	0	.6712003	.2445275	.08427222	0
370.15	0	.671175	.2445693	.08425573	0
369.15	0	.6711499	.2446107	.08423939	0
368.15	0	.6711251	.2446517	.0842232	0
367.15	0	.6711005	.2446924	.08420716	0
366.15	0	.6710761	.2447326	.08419127	0
365.15	0	.671052	.2447725	.08417552	0
364.15	0	.671028	.2448121	.08415991	0
363.15	0	.6710043	.2448512	.08414446	0
362.15	0	.6709808	.24489	.08412914	0
361.15	0	.6709576	.2449285	.08411397	0
360.15	0	.6709345	.2449666	.08409894	0
359.15	0	.6709117	.2450043	.08408406	0
358.15	0	.670889	.2450417	.08406932	0
357.15	0	.6708666	.2450787	.08405471	0
356.15	0	.6708444	.2451154	.08404025	0
355.15	0	.6708224	.2451517	.08402593	0
354.15	0	.6708005	.2451877	.08401175	0
353.15	0	.6707789	.2452234	.0839977	0
352.15	0	.6707575	.2452587	.08398379	0
351.15	0	.6707363	.2452937	.08397002	0
350.15	0	.6707152	.2453284	.08395639	0
349.15	0	.6706944	.2453627	.08394289	0
348.15	0	.6706737	.2453968	.08392953	0
347.15	0	.6706532	.2454305	.0839163	0
346.15	0	.6706329	.2454639	.08390321	0
345.15	0	.6706128	.2454969	.08389025	0
344.15	0	.6705929	.2455297	.08387742	0
343.15	0	.6705731	.2455621	.08386472	0
342.15	0	.6705536	.2455943	.08385216	0
341.15	0	.6705341	.2456261	.08383972	0
340.15	0	.6705149	.2456577	.08382742	0
339.15	0	.6704958	.2456889	.08381524	0
338.15	0	.6704769	.2457199	.0838032	0
337.15	0	.6704582	.2457505	.08379128	0
336.15	0	.6704396	.2457809	.08377949	0
335.15	0	.6704212	.245811	.08376782	0
334.15	0	.6704029	.2458408	.08375628	0
333.15	0	.6703848	.2458703	.08374487	0
333.0308	0	.6703827	.2458738	.08374352	0
333.0308	0	.6703827	.2458738	.08374352	0
333.0308	0	.6703827	.2458738	.08374352	0
332.15	0	.6705764	.2453999	.08350418	5.195571E-04
331.15	0	.6707962	.244862	.08323285	.001108943
330.15	0	.6710159	.2443244	.08296196	.001697811
329.15	0	.6712354	.2437869	.08269149	.002286165
328.15	0	.6714549	.2432497	.08242146	.002874007
327.15	0	.6716742	.2427126	.08215185	.00346134
326.15	0	.6718934	.2421758	.08188267	.004048167
325.15	0	.6721125	.2416392	.08161391	.00463449
324.15	0	.6723314	.2411027	.08134557	.005220313
323.15	0	.6725503	.2405664	.08107766	.005805638
322.15	0	.672769	.2400304	.08081017	.006390467
321.15	0	.6729876	.2394945	.08054309	.006974803
320.15	0	.6732061	.2389588	.08027644	.007558648
319.15	0	.6734245	.2384233	.08001019	.008142006
318.15	0	.6736428	.237888	.07974437	.008724877
317.15	0	.673861	.2373528	.07947896	.009307265
316.15	0	.6740791	.2368178	.07921395	.009889172
315.15	0	.674297	.236283	.07894936	.0104706
314.15	0	.6745149	.2357483	.07868518	.01105155
313.15	0	.6747327	.2352139	.07842141	.01163203
312.15	0	.6749503	.2346796	.07815805	.01221203
311.15	0	.6751679	.2341454	.07789509	.01279157
310.15	0	.6753854	.2336114	.07763254	.01337063
309.15	0	.6756027	.2330776	.07737039	.01394923
308.15	0	.67582	.232544	.07710864	.01452737
307.15	0	.6760372	.2320105	.0768473	.01510504
306.15	0	.6762543	.2314771	.07658636	.01568225
305.15	0	.6764713	.2309439	.07632582	.01625901
304.15	0	.6766881	.2304109	.07606567	.0168353
303.15	0	.6769049	.229878	.07580593	.01741114
302.15	0	.6771216	.2293453	.07554658	.01798653
301.15	0	.6773382	.2288127	.07528763	.01856146
300.15	0	.6775548	.2282802	.07502907	.01913595
299.15	0	.6777712	.2277479	.07477091	.01970998
298.15	0	.6779875	.2272158	.07451315	.02028357
