T	 BPW(LIQUID)	BPW(BCC_A2)	BPW(FCC_A1)	BPW(LAVES_PHASE_C14)	BPW(NI3TI)
1473.15	.6978024	.2749279	0	.02726968	0
1472.15	.6889266	.280946	0	.03012735	0
1471.15	.6802156	.2868486	0	.03293583	0
1470.15	.6716649	.2926386	0	.03569649	0
1469.15	.6632703	.298319	0	.03841064	0
1468.15	.6550277	.3038928	0	.04107955	0
1467.15	.646933	.3093626	0	.04370443	0
1466.15	.6389824	.3147312	0	.04628647	0
1465.15	.6311722	.320001	0	.04882682	0
1464.15	.6234987	.3251747	0	.05132657	0
1463.15	.6159586	.3302546	0	.05378678	0
1462.15	.6085484	.3352431	0	.0562085	0
1461.15	.6012649	.3401424	0	.0585927	0
1460.15	.5941049	.3449547	0	.06094036	0
1459.15	.5870654	.3496822	0	.0632524	0
1458.15	.5801434	.3543269	0	.06552973	0
1457.15	.573336	.3588908	0	.06777322	0
1456.15	.5666406	.3633757	0	.0699837	0
1455.15	.5600543	.3677837	0	.07216201	0
1454.15	.5535746	.3721165	0	.07430892	0
1453.15	.547199	.3763758	0	.0764252	0
1452.15	.540925	.3805634	0	.0785116	0
1451.15	.5347503	.3846809	0	.08056883	0
1450.15	.5286725	.3887299	0	.08259759	0
1449.15	.5226894	.392712	0	.08459857	0
1448.15	.5167989	.3966287	0	.0865724	0
1447.15	.5109988	.4004815	0	.08851973	0
1446.15	.5052871	.4042717	0	.09044118	0
1445.15	.4996618	.4080009	0	.09233734	0
1444.15	.494121	.4116702	0	.09420879	0
1443.15	.4886628	.4152811	0	.0960561	0
1442.15	.4832855	.4188347	0	.09787981	0
1441.15	.4779871	.4223324	0	.09968045	0
1440.15	.4727661	.4257754	0	.1014585	0
1439.15	.4676207	.4291647	0	.1032146	0
1438.15	.4625493	.4325016	0	.1049491	0
1437.15	.4575504	.4357871	0	.1066625	0
1436.15	.4526224	.4390223	0	.1083553	0
1435.15	.4477638	.4422083	0	.1100278	0
1434.15	.4429732	.4453461	0	.1116807	0
1433.15	.4382492	.4484367	0	.1133142	0
1432.15	.4335903	.451481	0	.1149288	0
1431.15	.4289952	.4544799	0	.1165249	0
1430.15	.4244627	.4574345	0	.1181028	0
1429.15	.4199914	.4603455	0	.119663	0
1428.15	.4155802	.4632139	0	.1212059	0
1427.15	.4112278	.4660405	0	.1227317	0
1426.15	.406933	.4688262	0	.1242408	0
1425.15	.4026948	.4715716	0	.1257336	0
1424.15	.3985119	.4742777	0	.1272104	0
1423.15	.3943833	.4769452	0	.1286715	0
1422.15	.390308	.4795748	0	.1301173	0
1421.15	.3862849	.4821672	0	.131548	0
1420.15	.3823129	.4847232	0	.1329639	0
1419.15	.3783912	.4872434	0	.1343654	0
1418.15	.3745188	.4897286	0	.1357526	0
1417.15	.3706947	.4921793	0	.137126	0
1416.15	.366918	.4945963	0	.1384857	0
1415.15	.3631879	.4969801	0	.139832	0
1414.15	.3595034	.4993314	0	.1411652	0
1413.15	.3558637	.5016508	0	.1424856	0
1412.15	.352268	.5039388	0	.1437933	0
1411.15	.3487155	.506196	0	.1450885	0
1410.15	.3452053	.508423	0	.1463717	0
1409.15	.3417368	.5106203	0	.1476429	0
1408.15	.3383092	.5127885	0	.1489023	0
1407.15	.3349217	.514928	0	.1501503	0
1406.15	.3315736	.5170394	0	.151387	0
1405.15	.3282642	.5191232	0	.1526126	0
1404.15	.3249929	.5211799	0	.1538273	0
1403.15	.3217589	.5232098	0	.1550313	0
1402.15	.3185616	.5252136	0	.1562248	0
1401.15	.3154004	.5271916	0	.157408	0
1400.15	.3122746	.5291444	0	.1585811	0
1399.15	.3091836	.5310722	0	.1597442	0
1398.15	.3061269	.5329756	0	.1608975	0
1397.15	.3031038	.534855	0	.1620412	0
1396.15	.3001138	.5367107	0	.1631755	0
1395.15	.2971564	.5385432	0	.1643005	0
1394.15	.2942308	.5403528	0	.1654164	0
1393.15	.2913367	.54214	0	.1665233	0
1392.15	.2884736	.5439051	0	.1676214	0
1391.15	.2856408	.5456485	0	.1687108	0
1390.15	.2828379	.5473705	0	.1697917	0
1389.15	.2800644	.5490714	0	.1708642	0
1388.15	.2773198	.5507517	0	.1719285	0
1387.15	.2746036	.5524117	0	.1729847	0
1386.15	.2719155	.5540516	0	.1740329	0
1385.15	.2692549	.5556719	0	.1750732	0
1384.15	.2666214	.5572727	0	.1761059	0
1383.15	.2640145	.5588545	0	.177131	0
1382.15	.2614339	.5604175	0	.1781486	0
1381.15	.2588791	.5619621	0	.1791588	0
1380.15	.2563497	.5634884	0	.1801618	0
1379.15	.2538454	.5649969	0	.1811578	0
1378.15	.2513656	.5664877	0	.1821467	0
1377.15	.2489101	.5679612	0	.1831287	0
1376.15	.2464785	.5694177	0	.1841039	0
1375.15	.2440703	.5708573	0	.1850724	0
1374.15	.2416853	.5722803	0	.1860344	0
1373.15	.2393231	.5736871	0	.1869899	0
1372.15	.2369833	.5750777	0	.187939	0
1371.15	.2346656	.5764526	0	.1888818	0
1370.15	.2323697	.5778119	0	.1898185	0
1369.15	.2300952	.5791558	0	.190749	0
1368.15	.2278418	.5804847	0	.1916736	0
1367.15	.2256092	.5817986	0	.1925922	0
1366.15	.2233971	.5830979	0	.193505	0
1365.15	.2212052	.5843827	0	.1944121	0
1364.15	.2190332	.5856533	0	.1953135	0
1363.15	.2168808	.5869098	0	.1962094	0
1362.15	.2147477	.5881526	0	.1970998	0
1361.15	.2126336	.5893817	0	.1979847	0
1360.15	.2105383	.5905974	0	.1988643	0
1359.15	.2084615	.5917998	0	.1997387	0
1358.15	.2064029	.5929892	0	.2006079	0
1357.15	.2043623	.5941658	0	.201472	0
1356.15	.2023393	.5953296	0	.202331	0
1355.15	.2003339	.596481	0	.2031851	0
1354.15	.1983456	.5976201	0	.2040343	0
1353.15	.1963743	.598747	0	.2048787	0
1352.15	.1944197	.599862	0	.2057183	0
1351.15	.1924817	.6009652	0	.2065532	0
1350.15	.1905598	.6020567	0	.2073835	0
1349.15	.1886541	.6031367	0	.2082092	0
1348.15	.1867641	.6042055	0	.2090304	0
1347.15	.1848898	.6052631	0	.2098472	0
1346.15	.1830308	.6063096	0	.2106596	0
1345.15	.181187	.6073454	0	.2114677	0
1344.15	.1793582	.6083704	0	.2122715	0
1343.15	.1775441	.6093848	0	.2130711	0
1342.15	.1757446	.6103889	0	.2138665	0
1341.15	.1739595	.6113826	0	.2146579	0
1340.15	.1721886	.6123663	0	.2154452	0
1339.15	.1704317	.6133399	0	.2162285	0
1338.15	.1686885	.6143036	0	.2170078	0
1337.15	.166959	.6152577	0	.2177833	0
1336.15	.1652429	.6162021	0	.218555	0
1335.15	.1635401	.6171371	0	.2193228	0
1334.15	.1618504	.6180627	0	.2200869	0
1333.15	.1601736	.618979	0	.2208474	0
1332.15	.1585095	.6198863	0	.2216042	0
1331.15	.1568581	.6207846	0	.2223573	0
1330.15	.155219	.621674	0	.2231069	0
1329.15	.1535922	.6225547	0	.2238531	0
1328.15	.1519776	.6234267	0	.2245957	0
1327.15	.1503749	.6242902	0	.2253349	0
1326.15	.1487839	.6251453	0	.2260708	0
1325.15	.1472046	.6259921	0	.2268033	0
1324.15	.1456369	.6268307	0	.2275325	0
1323.15	.1440804	.6276612	0	.2282584	0
1322.15	.1425352	.6284837	0	.2289811	0
1321.15	.1410011	.6292983	0	.2297007	0
1320.15	.1394778	.6301051	0	.2304171	0
1319.15	.1379654	.6309042	0	.2311304	0
1318.15	.1364637	.6316957	0	.2318406	0
1317.15	.1349724	.6324798	0	.2325478	0
1316.15	.1334916	.6332564	0	.233252	0
1315.15	.132021	.6340257	0	.2339533	0
1314.15	.1305606	.6347878	0	.2346516	0
1313.15	.1291102	.6355428	0	.235347	0
1312.15	.1276697	.6362907	0	.2360396	0
1311.15	.126239	.6370317	0	.2367293	0
1310.15	.1248179	.6377658	0	.2374163	0
1309.15	.1234064	.6384932	0	.2381004	0
1308.15	.1220043	.6392138	0	.2387819	0
1307.15	.1206115	.6399278	0	.2394607	0
1306.15	.1192279	.6406353	0	.2401368	0
1305.15	.1178534	.6413363	0	.2408102	0
1304.15	.1164879	.642031	0	.2414811	0
1303.15	.1151313	.6427194	0	.2421493	0
1302.15	.1137835	.6434015	0	.2428151	0
1301.15	.1124443	.6440775	0	.2434783	0
1300.15	.1111136	.6447474	0	.244139	0
1299.15	.1097886	.6454137	0	.2447977	0
1298.15	.1084748	.6460717	0	.2454535	0
1297.15	.1071693	.6467239	0	.2461069	0
1296.15	.1058719	.6473702	0	.2467579	0
1295.15	.1045826	.6480109	0	.2474065	0
1294.15	.1033014	.6486458	0	.2480528	0
1293.15	.102028	.6492753	0	.2486968	0
1292.15	.1007623	.6498991	0	.2493385	0
1291.15	.09950444	.6505176	0	.249978	0
1290.15	.09825417	.6511307	0	.2506152	0
1289.15	.09701142	.6517384	0	.2512502	0
1288.15	.09577612	.6523409	0	.251883	0
1287.15	.09454818	.6529382	0	.2525136	0
1286.15	.09332752	.6535304	0	.2531421	0
1285.15	.09211405	.6541175	0	.2537685	0
1284.15	.09090769	.6546995	0	.2543928	0
1283.15	.08970837	.6552766	0	.255015	0
1282.15	.088516	.6558489	0	.2556351	0
1281.15	.08733051	.6564163	0	.2562532	0
1280.15	.08615182	.6569789	0	.2568693	0
1279.15	.08497984	.6575367	0	.2574834	0
1278.15	.08381452	.6580899	0	.2580956	0
1277.15	.08265576	.6586385	0	.2587057	0
1276.15	.08150351	.6591825	0	.259314	0
1275.15	.08035768	.659722	0	.2599203	0
1274.15	.07921821	.6602571	0	.2605247	0
1273.15	.07808502	.6607877	0	.2611273	0
1272.15	.07695805	.661314	0	.261728	0
1271.15	.07583723	.6618359	0	.2623269	0
1270.15	.07472249	.6623536	0	.2629239	0
1269.15	.07361376	.6628671	0	.2635191	0
1268.15	.07251098	.6633764	0	.2641126	0
1267.15	.07141408	.6638817	0	.2647043	0
1266.15	.07032299	.6643828	0	.2652942	0
1265.15	.06923767	.6648799	0	.2658824	0
1264.15	.06815803	.6653731	0	.2664689	0
1263.15	.06708403	.6658623	0	.2670536	0
1262.15	.06601559	.6663477	0	.2676368	0
1261.15	.06495266	.6668292	0	.2682182	0
1260.15	.06389518	.6673069	0	.268798	0
1259.15	.06284309	.6677808	0	.2693761	0
1258.15	.06179633	.6682511	0	.2699526	0
1257.15	.06075485	.6687176	0	.2705275	0
1256.15	.05971858	.6691806	0	.2711009	0
1255.15	.05868748	.6696399	0	.2716726	0
1254.293	.05780741	.670031	0	.2721616	0
1254.293	.05780741	.670031	0	.2721616	0
1254.293	.05780741	.670031	0	.2721616	0
1254.15	.05689538	.6698324	9.847129E-04	.2722876	0
1253.15	.05049579	.6684617	.007875709	.2731668	0
1252.15	.04409517	.667131	.01473541	.2740384	0
1251.15	.03769337	.66584	.02156424	.2749024	0
1250.15	.03129025	.6645883	.02836258	.2757588	0
1249.15	.02488569	.6633756	.03513086	.2766079	0
1248.15	.01847956	.6622015	.04186946	.2774495	0
1247.15	.01207173	.6610657	.04857877	.2782838	0
1246.15	.005662085	.6599679	.05525918	.2791109	0
1245.267	0	.6590297	.06113506	.2798353	0
1245.267	0	.6590297	.06113506	.2798353	0
1245.15	0	.6589037	.06121305	.2798833	0
1244.15	0	.6578276	.06187916	.2802933	0
1243.15	0	.6567546	.06254319	.2807022	0
1242.15	0	.6556847	.06320515	.2811102	0
1241.15	0	.6546179	.06386505	.281517	0
1240.15	0	.6535542	.06452289	.2819229	0
1239.15	0	.6524936	.06517867	.2823277	0
1238.15	0	.6514361	.0658324	.2827315	0
1237.15	0	.6503817	.06648409	.2831342	0
1236.15	0	.6493303	.06713373	.283536	0
1235.15	0	.648282	.06778133	.2839367	0
1234.15	0	.6472367	.0684269	.2843364	0
1233.15	0	.6461944	.06907044	.2847351	0
1232.15	0	.6451553	.06971196	.2851328	0
1231.15	0	.6441191	.07035145	.2855295	0
1230.15	0	.6430859	.07098893	.2859252	0
1229.15	0	.6420558	.07162439	.2863199	0
1228.15	0	.6410286	.07225785	.2867135	0
1227.15	0	.6400045	.0728893	.2871063	0
1226.15	0	.6389833	.07351875	.287498	0
1225.15	0	.6379651	.0741462	.2878887	0
1224.15	0	.6369499	.07477166	.2882785	0
1223.15	0	.6359376	.07539514	.2886672	0
1222.15	0	.6349283	.07601663	.2890551	0
1221.15	0	.633922	.07663614	.2894419	0
1220.15	0	.6329185	.07725367	.2898278	0
1219.15	0	.6319181	.07786923	.2902127	0
1218.15	0	.6309205	.07848282	.2905967	0
1217.15	0	.6299259	.07909444	.2909797	0
1216.15	0	.6289341	.07970411	.2913618	0
1215.15	0	.6279453	.08031182	.2917429	0
1214.15	0	.6269594	.08091757	.2921231	0
1213.15	0	.6259763	.08152138	.2925023	0
1212.15	0	.6249962	.08212324	.2928806	0
1211.15	0	.6240189	.08272315	.2932579	0
1210.15	0	.6230445	.08332113	.2936344	0
1209.15	0	.6220729	.08391718	.2940099	0
1208.15	0	.6211043	.08451129	.2943845	0
1207.15	0	.6201384	.08510348	.2947581	0
1206.15	0	.6191754	.08569374	.2951309	0
1205.15	0	.6182152	.08628209	.2955027	0
1204.15	0	.6172579	.08686851	.2958736	0
1203.15	0	.6163034	.08745303	.2962436	0
1202.15	0	.6153517	.08803563	.2966127	0
1201.15	0	.6144027	.08861633	.2969809	0
1200.15	0	.6134566	.08919513	.2973482	0
1199.15	0	.6125133	.08977203	.2977146	0
1198.15	0	.6115728	.09034703	.2980802	0
1197.15	0	.6106351	.09092014	.2984448	0
1196.15	0	.6097001	.09149137	.2988085	0
1195.15	0	.6087679	.09206071	.2991714	0
1194.15	0	.6078385	.09262816	.2995334	0
1193.15	0	.6069118	.09319374	.2998944	0
1192.15	0	.6059879	.09375745	.3002547	0
1191.15	0	.6050667	.09431928	.300614	0
1190.15	0	.6041482	.09487924	.3009725	0
1189.15	0	.6032325	.09543734	.3013301	0
1188.15	0	.6023195	.09599358	.3016869	0
1187.15	0	.6014092	.09654796	.3020428	0
1186.15	0	.6005017	.09710048	.3023978	0
1185.15	0	.5995968	.09765116	.302752	0
1184.15	0	.5986946	.09819998	.3031054	0
1183.15	0	.5977952	.09874696	.3034579	0
1182.15	0	.5968984	.0992921	.3038095	0
1181.15	0	.5960043	.09983539	.3041603	0
1180.15	0	.5951129	.1003769	.3045103	0
1179.15	0	.5942241	.1009165	.3048594	0
1178.15	0	.593338	.1014543	.3052077	0
1177.15	0	.5924546	.1019903	.3055551	0
1176.15	0	.5915738	.1025244	.3059018	0
1175.15	0	.5906957	.1030567	.3062476	0
1174.15	0	.5898202	.1035872	.3065925	0
1173.15	0	.5889474	.1041159	.3069367	0
1172.15	0	.5880771	.1046428	.30728	0
1171.15	0	.5872095	.1051679	.3076226	0
1170.15	0	.5863446	.1056912	.3079643	0
1169.15	0	.5854822	.1062126	.3083052	0
1168.15	0	.5846224	.1067323	.3086453	0
1167.15	0	.5837653	.1072502	.3089846	0
1166.15	0	.5829107	.1077663	.309323	0
1165.15	0	.5820587	.1082805	.3096607	0
1164.15	0	.5812093	.108793	.3099976	0
1163.15	0	.5803626	.1093037	.3103337	0
1162.15	0	.5795183	.1098127	.310669	0
1161.15	0	.5786767	.1103198	.3110035	0
1160.15	0	.5778376	.1108252	.3113372	0
1159.15	0	.577001	.1113288	.3116702	0
1158.15	0	.576167	.1118306	.3120023	0
1157.15	0	.5753356	.1123307	.3123337	0
1156.15	0	.5745067	.112829	.3126643	0
1155.15	0	.5736804	.1133255	.3129941	0
1154.15	0	.5728565	.1138203	.3133232	0
1153.15	0	.5720352	.1143133	.3136515	0
1152.15	0	.5712165	.1148046	.313979	0
1151.15	0	.5704002	.1152941	.3143057	0
1150.15	0	.5695865	.1157819	.3146317	0
1149.15	0	.5687753	.1162679	.3149569	0
1148.15	0	.5679665	.1167521	.3152813	0
1147.15	0	.5671603	.1172347	.315605	0
1146.15	0	.5663566	.1177154	.315928	0
1145.15	0	.5655553	.1181945	.3162502	0
1144.15	0	.5647566	.1186718	.3165716	0
1143.15	0	.5639603	.1191474	.3168923	0
1142.15	0	.5631665	.1196213	.3172123	0
1141.15	0	.5623751	.1200934	.3175315	0
1140.15	0	.5615863	.1205638	.3178499	0
1139.15	0	.5607998	.1210325	.3181676	0
1138.15	0	.5600159	.1214995	.3184846	0
1137.15	0	.5592344	.1219648	.3188009	0
1136.15	0	.5584553	.1224283	.3191164	0
1135.15	0	.5576787	.1228901	.3194312	0
1134.15	0	.5569045	.1233503	.3197452	0
1133.15	0	.5561328	.1238087	.3200586	0
1132.15	0	.5553634	.1242654	.3203712	0
1131.15	0	.5545965	.1247204	.3206831	0
1130.15	0	.553832	.1251738	.3209942	0
1129.15	0	.55307	.1256254	.3213047	0
1128.15	0	.5523103	.1260753	.3216144	0
1127.15	0	.551553	.1265236	.3219234	0
1126.15	0	.5507982	.1269701	.3222317	0
1125.15	0	.5500457	.127415	.3225393	0
1124.15	0	.5492957	.1278582	.3228461	0
1123.15	0	.548548	.1282997	.3231523	0
1122.15	0	.5478027	.1287395	.3234578	0
1121.15	0	.5470598	.1291777	.3237626	0
1120.15	0	.5463192	.1296142	.3240666	0
1119.15	0	.545581	.130049	.32437	0
1118.15	0	.5448452	.1304821	.3246727	0
1117.15	0	.5441118	.1309136	.3249746	0
1116.15	0	.5433807	.1313434	.3252759	0
1115.15	0	.542652	.1317716	.3255765	0
1114.15	0	.5419256	.1321981	.3258764	0
1113.15	0	.5412015	.1326229	.3261756	0
1112.15	0	.5404798	.1330461	.3264741	0
1111.15	0	.5397605	.1334676	.3267719	0
1110.15	0	.5390434	.1338875	.3270691	0
1109.15	0	.5383287	.1343057	.3273656	0
1108.15	0	.5376163	.1347223	.3276613	0
1107.15	0	.5369063	.1351373	.3279565	0
1106.15	0	.5361986	.1355506	.3282509	0
1105.15	0	.5354931	.1359622	.3285446	0
1104.15	0	.53479	.1363723	.3288377	0
1103.15	0	.5340892	.1367807	.3291301	0
1102.15	0	.5333907	.1371874	.3294219	0
1101.15	0	.5326945	.1375926	.329713	0
1100.15	0	.5320006	.1379961	.3300034	0
1099.15	0	.5313089	.138398	.3302931	0
1098.15	0	.5306196	.1387982	.3305822	0
1097.15	0	.5299325	.1391969	.3308706	0
1096.15	0	.5292477	.1395939	.3311584	0
1095.15	0	.5285652	.1399893	.3314455	0
1094.15	0	.527885	.1403831	.3317319	0
1093.15	0	.527207	.1407753	.3320177	0
1092.15	0	.5265313	.1411659	.3323028	0
1091.15	0	.5258578	.1415549	.3325873	0
1090.15	0	.5251866	.1419422	.3328711	0
1089.15	0	.5245177	.142328	.3331543	0
1088.15	0	.523851	.1427122	.3334368	0
1087.15	0	.5231865	.1430948	.3337187	0
1086.15	0	.5225243	.1434757	.334	0
1085.15	0	.5218643	.1438551	.3342805	0
1084.15	0	.5212066	.1442329	.3345605	0
1083.15	0	.5205511	.1446091	.3348398	0
1082.15	0	.5198978	.1449838	.3351185	0
1081.15	0	.5192467	.1453568	.3353965	0
1080.15	0	.5185979	.1457283	.3356739	0
1079.15	0	.5179512	.1460982	.3359506	0
1078.15	0	.5173068	.1464665	.3362267	0
1077.15	0	.5166646	.1468332	.3365022	0
1076.15	0	.5160246	.1471984	.3367771	0
1075.15	0	.5153867	.147562	.3370513	0
1074.15	0	.5147511	.147924	.3373249	0
1073.15	0	.5141177	.1482845	.3375978	0
1072.15	0	.5134865	.1486434	.3378701	0
1071.15	0	.5128574	.1490007	.3381418	0
1070.15	0	.5122306	.1493565	.3384129	0
1069.15	0	.5116059	.1497108	.3386833	0
1068.15	0	.5109834	.1500635	.3389532	0
1067.15	0	.510363	.1504146	.3392224	0
1066.15	0	.5097449	.1507642	.339491	0
1065.15	0	.5091289	.1511122	.3397589	0
1064.15	0	.508515	.1514587	.3400263	0
1063.15	0	.5079033	.1518037	.340293	0
1062.15	0	.5072938	.1521471	.3405591	0
1061.15	0	.5066864	.152489	.3408246	0
1060.15	0	.5060812	.1528294	.3410895	0
1059.15	0	.5054781	.1531682	.3413537	0
1058.15	0	.5048772	.1535055	.3416174	0
1057.15	0	.5042784	.1538413	.3418804	0
1056.15	0	.5036817	.1541755	.3421428	0
1055.15	0	.5030871	.1545083	.3424046	0
1054.15	0	.5024947	.1548395	.3426658	0
1053.15	0	.5019044	.1551692	.3429264	0
1052.15	0	.5013163	.1554974	.3431864	0
1051.15	0	.5007302	.155824	.3434458	0
1050.15	0	.5001463	.1561492	.3437045	0
1049.15	0	.4995644	.1564729	.3439627	0
1048.15	0	.4989847	.1567951	.3442202	0
1047.15	0	.4984071	.1571157	.3444772	0
1046.15	0	.4978316	.1574349	.3447335	0
1045.15	0	.4972581	.1577526	.3449893	0
1044.15	0	.4966868	.1580688	.3452444	0
1043.15	0	.4961175	.1583835	.345499	0
1042.15	0	.4955504	.1586967	.3457529	0
1041.15	0	.4949853	.1590084	.3460063	0
1040.15	0	.4944223	.1593187	.346259	0
1039.15	0	.4938614	.1596275	.3465111	0
1038.15	0	.4933025	.1599348	.3467627	0
1037.15	0	.4927457	.1602406	.3470136	0
1036.15	0	.492191	.160545	.347264	0
1035.15	0	.4916384	.1608479	.3475138	0
1034.15	0	.4910877	.1611493	.3477629	0
1033.15	0	.4905392	.1614493	.3480115	0
1032.15	0	.4899927	.1617479	.3482594	0
1031.15	0	.4894482	.1620449	.3485068	0
1030.15	0	.4889058	.1623406	.3487536	0
1029.15	0	.4883655	.1626348	.3489998	0
1028.15	0	.4878271	.1629275	.3492454	0
1027.15	0	.4872908	.1632188	.3494904	0
1026.15	0	.4867565	.1635087	.3497348	0
1025.15	0	.4862243	.1637971	.3499786	0
1024.15	0	.4856941	.1640841	.3502218	0
1023.15	0	.4851658	.1643697	.3504645	0
1022.15	0	.4846396	.1646539	.3507065	0
1021.15	0	.4841155	.1649366	.3509479	0
1020.15	0	.4835933	.1652179	.3511888	0
1019.15	0	.4830731	.1654978	.3514291	0
1018.15	0	.4825549	.1657763	.3516687	0
1017.15	0	.4820387	.1660534	.3519078	0
1016.15	0	.4815245	.1663291	.3521463	0
1015.15	0	.4810123	.1666034	.3523843	0
1014.15	0	.4805021	.1668763	.3526216	0
1013.15	0	.4799939	.1671478	.3528583	0
1012.15	0	.4794876	.167418	.3530945	0
1011.15	0	.4789833	.1676867	.35333	0
1010.15	0	.478481	.1679541	.353565	0
1009.15	0	.4779806	.1682201	.3537993	0
1008.15	0	.4774822	.1684847	.3540331	0
1007.15	0	.4769858	.1687479	.3542663	0
1006.15	0	.4764913	.1690098	.3544989	0
1005.15	0	.4759987	.1692703	.3547309	0
1004.15	0	.4755081	.1695295	.3549624	0
1003.15	0	.4750194	.1697873	.3551932	0
1002.15	0	.4745327	.1700438	.3554235	0
1001.15	0	.4740479	.170299	.3556531	0
1000.15	0	.473565	.1705528	.3558822	0
999.15	0	.4730841	.1708052	.3561107	0
998.15	0	.4726051	.1710564	.3563386	0
997.15	0	.4721279	.1713062	.3565659	0
996.15	0	.4716527	.1715547	.3567926	0
995.15	0	.4711794	.1718019	.3570187	0
994.15	0	.470708	.1720478	.3572442	0
993.15	0	.4702385	.1722923	.3574692	0
992.15	0	.4697709	.1725356	.3576935	0
991.15	0	.4693052	.1727776	.3579173	0
990.15	0	.4688413	.1730183	.3581404	0
989.15	0	.4683793	.1732577	.358363	0
988.15	0	.4679192	.1734958	.358585	0
987.15	0	.467461	.1737327	.3588063	0
986.15	0	.4670046	.1739683	.3590271	0
985.15	0	.4665501	.1742026	.3592473	0
984.15	0	.4660975	.1744356	.3594669	0
983.15	0	.4656467	.1746675	.3596859	0
982.15	0	.4651977	.174898	.3599043	0
981.15	0	.4647506	.1751274	.3601221	0
980.15	0	.4643053	.1753555	.3603393	0
979.15	0	.4638618	.1755823	.3605559	0
978.15	0	.4634201	.175808	.3607719	0
977.15	0	.4629803	.1760324	.3609873	0
976.15	0	.4625423	.1762556	.3612021	0
975.15	0	.4621061	.1764777	.3614162	0
974.15	0	.4616717	.1766985	.3616298	0
973.15	0	.4612391	.1769181	.3618428	0
972.15	0	.4608082	.1771366	.3620552	0
971.15	0	.4603792	.1773538	.362267	0
970.15	0	.4599519	.1775699	.3624782	0
969.15	0	.4595264	.1777849	.3626887	0
968.15	0	.4591027	.1779987	.3628987	0
967.15	0	.4586807	.1782113	.363108	0
966.15	0	.4582605	.1784228	.3633167	0
965.15	0	.457842	.1786331	.3635248	0
964.15	0	.4574253	.1788423	.3637323	0
963.15	0	.4570103	.1790504	.3639392	0
962.15	0	.4565971	.1792574	.3641455	0
961.15	0	.4561855	.1794633	.3643512	0
960.15	0	.4557757	.1796681	.3645562	0
959.15	0	.4553676	.1798718	.3647606	0
958.15	0	.4549612	.1800744	.3649644	0
957.15	0	.4545565	.180276	.3651676	0
956.15	0	.4541534	.1804765	.3653701	0
955.15	0	.4537521	.1806759	.365572	0
954.15	0	.4533524	.1808743	.3657733	0
953.15	0	.4529544	.1810716	.365974	0
952.15	0	.4525581	.1812679	.366174	0
951.15	0	.4521634	.1814632	.3663734	0
950.15	0	.4517703	.1816575	.3665722	0
949.15	0	.4513789	.1818508	.3667703	0
948.15	0	.4509891	.1820431	.3669678	0
947.15	0	.450601	.1822344	.3671646	0
946.15	0	.4502145	.1824247	.3673608	0
945.15	0	.4498295	.1826141	.3675564	0
944.15	0	.4494462	.1828025	.3677513	0
943.15	0	.4490644	.18299	.3679456	0
942.15	0	.4486843	.1831765	.3681392	0
941.15	0	.4483057	.1833621	.3683322	0
940.15	0	.4479287	.1835468	.3685245	0
939.15	0	.4475532	.1837306	.3687162	0
938.15	0	.4471793	.1839136	.3689072	0
937.15	0	.4468069	.1840956	.3690975	0
936.15	0	.446436	.1842768	.3692872	0
935.15	0	.4460667	.1844571	.3694762	0
934.15	0	.4456989	.1846365	.3696646	0
933.15	0	.4453326	.1848152	.3698523	0
932.15	0	.4449677	.184993	.3700393	0
931.15	0	.4446044	.18517	.3702256	0
930.15	0	.4442425	.1853462	.3704113	0
929.15	0	.4438821	.1855216	.3705963	0
928.15	0	.4435232	.1856963	.3707806	0
927.15	0	.4431656	.1858702	.3709642	0
926.15	0	.4428096	.1860434	.3711471	0
925.15	0	.4424549	.1862158	.3713293	0
924.15	0	.4421016	.1863875	.3715109	0
923.15	0	.4417498	.1865585	.3716917	0
922.15	0	.4413993	.1867288	.3718719	0
921.15	0	.4410502	.1868985	.3720513	0
920.15	0	.4407025	.1870674	.3722301	0
919.15	0	.4403562	.1872358	.3724081	0
918.15	0	.4400111	.1874035	.3725854	0
917.15	0	.4396674	.1875706	.372762	0
916.15	0	.4393251	.1877371	.3729379	0
915.15	0	.438984	.187903	.3731131	0
914.15	0	.4386442	.1880683	.3732875	0
913.15	0	.4383057	.1882331	.3734612	0
912.15	0	.4379685	.1883973	.3736342	0
911.15	0	.4376325	.1885611	.3738064	0
910.15	0	.4372978	.1887243	.3739779	0
909.15	0	.4369643	.188887	.3741487	0
908.15	0	.436632	.1890493	.3743187	0
907.15	0	.436301	.1892111	.3744879	0
906.15	0	.4359711	.1893725	.3746564	0
905.15	0	.4356424	.1895335	.3748241	0
904.15	0	.4353148	.1896941	.3749911	0
903.15	0	.4349884	.1898543	.3751573	0
902.15	0	.4346631	.1900141	.3753227	0
901.15	0	.434339	.1901736	.3754874	0
900.15	0	.4340159	.1903328	.3756513	0
899.15	0	.4336939	.1904917	.3758144	0
898.15	0	.433373	.1906503	.3759766	0
897.15	0	.4330532	.1908087	.3761381	0
896.15	0	.4327343	.1909668	.3762988	0
895.15	0	.4324166	.1911247	.3764587	0
894.15	0	.4320998	.1912825	.3766178	0
893.15	0	.431784	.19144	.3767761	0
892.15	0	.4314691	.1915974	.3769335	0
891.15	0	.4311552	.1917547	.3770901	0
890.15	0	.4308423	.1919118	.3772459	0
889.15	0	.4305302	.192069	.3774008	0
888.15	0	.4302191	.192226	.3775549	0
887.15	0	.4299088	.192383	.3777082	0
886.15	0	.4295994	.19254	.3778606	0
885.15	0	.4292909	.192697	.3780121	0
884.15	0	.4289831	.1928541	.3781627	0
883.15	0	.4286762	.1930113	.3783125	0
882.15	0	.4283701	.1931685	.3784614	0
881.15	0	.4280647	.1933259	.3786095	0
880.15	0	.42776	.1934834	.3787566	0
879.15	0	.4274561	.1936411	.3789028	0
878.15	0	.4271528	.1937991	.3790481	0
877.15	0	.4268503	.1939572	.3791925	0
876.15	0	.4265484	.1941156	.379336	0
875.15	0	.4262471	.1942744	.3794786	0
874.15	0	.4259464	.1944334	.3796202	0
873.15	0	.4256463	.1945928	.3797608	0
872.15	0	.4253468	.1947527	.3799006	0
871.15	0	.4250478	.1949129	.3800393	0
870.15	0	.4247493	.1950736	.3801771	0
869.15	0	.4244513	.1952348	.3803139	0
868.15	0	.4241538	.1953965	.3804498	0
867.15	0	.4238567	.1955588	.3805846	0
866.15	0	.42356	.1957216	.3807184	0
865.15	0	.4232636	.1958851	.3808512	0
864.15	0	.4229677	.1960493	.380983	0
863.15	0	.4226721	.1962142	.3811138	0
862.15	0	.4223767	.1963798	.3812435	0
861.15	0	.4220816	.1965462	.3813722	0
860.15	0	.4217868	.1967134	.3814998	0
859.15	0	.4214922	.1968815	.3816263	0
858.15	0	.4211977	.1970505	.3817518	0
857.15	0	.4209034	.1972205	.3818762	0
856.15	0	.4206092	.1973914	.3819994	0
855.15	0	.420315	.1975634	.3821215	0
854.15	0	.420021	.1977365	.3822426	0
853.15	0	.4197269	.1979107	.3823624	0
852.15	0	.4194328	.1980861	.3824811	0
851.15	0	.4191387	.1982627	.3825987	0
850.15	0	.4188444	.1984406	.3827151	0
849.15	0	.41855	.1986198	.3828302	0
848.15	0	.4182554	.1988004	.3829442	0
847.15	0	.4179607	.1989824	.3830569	0
846.15	0	.4176656	.1991659	.3831684	0
845.15	0	.4173703	.199351	.3832787	0
844.15	0	.4170746	.1995377	.3833877	0
843.15	0	.4167786	.199726	.3834954	0
842.15	0	.4164821	.1999161	.3836018	0
841.15	0	.4161852	.200108	.3837069	0
840.15	0	.4158877	.2003017	.3838106	0
839.15	0	.4155896	.2004974	.383913	0
838.15	0	.415291	.200695	.384014	0
837.15	0	.4149916	.2008947	.3841137	0
836.15	0	.4146916	.2010965	.3842119	0
835.15	0	.4143908	.2013006	.3843087	0
834.15	0	.4140891	.2015069	.384404	0
833.15	0	.4137865	.2017156	.3844979	0
832.15	0	.413483	.2019268	.3845902	0
831.15	0	.4131785	.2021404	.3846811	0
830.15	0	.4128729	.2023568	.3847703	0
829.15	0	.4125662	.2025758	.384858	0
828.15	0	.4122582	.2027976	.3849442	0
827.15	0	.411949	.2030224	.3850286	0
826.15	0	.4116384	.2032502	.3851115	0
825.15	0	.4113264	.203481	.3851926	0
824.15	0	.4110128	.2037152	.385272	0
823.15	0	.4106977	.2039526	.3853497	0
822.15	0	.4103809	.2041936	.3854256	0
821.15	0	.4100623	.2044381	.3854997	0
820.15	0	.4097418	.2046863	.3855719	0
819.15	0	.4094194	.2049384	.3856422	0
818.15	0	.409095	.2051945	.3857106	0
817.15	0	.4087683	.2054547	.385777	0
816.15	0	.4084394	.2057192	.3858414	0
815.15	0	.4081081	.2059882	.3859037	0
814.15	0	.4077743	.2062618	.3859639	0
813.15	0	.4074378	.2065402	.386022	0
812.15	0	.4070986	.2068236	.3860778	0
811.15	0	.4067564	.2071123	.3861313	0
810.15	0	.4064112	.2074063	.3861825	0
809.15	0	.4060627	.207706	.3862314	0
808.15	0	.4057108	.2080115	.3862777	0
807.15	0	.4053554	.2083231	.3863215	0
806.15	0	.4049962	.2086411	.3863627	0
805.15	0	.404633	.2089658	.3864012	0
804.15	0	.4042678	.2092957	.3864365	0
803.15	0	.403896	.2096347	.3864694	0
802.15	0	.4035195	.2099813	.3864993	0
801.15	0	.4031381	.2103358	.3865261	0
800.15	0	.4027515	.2106988	.3865498	0
799.15	0	.4023594	.2110705	.3865701	0
798.15	0	.4019615	.2114515	.3865871	0
797.15	0	.4015574	.2118422	.3866004	0
796.15	0	.4011468	.2122431	.3866101	0
795.15	0	.4007293	.2126549	.3866158	0
794.15	0	.4003044	.2130781	.3866175	0
793.15	0	.3998715	.2135135	.386615	0
792.15	0	.3994302	.2139617	.386608	0
791.15	0	.39898	.2144237	.3865963	0
790.15	0	.39852	.2149003	.3865797	0
789.15	0	.3980496	.2153926	.3865578	0
788.15	0	.397568	.2159016	.3865305	0
787.15	0	.3970742	.2164286	.3864972	0
786.15	0	.3965673	.2169751	.3864576	0
785.15	0	.3960461	.2175426	.3864113	0
784.15	0	.3955092	.218133	.3863578	0
783.15	0	.3949552	.2187483	.3862965	0
782.15	0	.3943823	.219391	.3862267	0
781.15	0	.3937885	.2200639	.3861476	0
780.15	0	.3931713	.2207702	.3860585	0
779.15	0	.3925279	.221514	.3859581	0
778.15	0	.3918549	.2222998	.3858453	0
777.15	0	.3905974	.2238669	.3855358	0
776.15	0	.3890841	.2257806	.3851353	0
775.15	0	.387762	.2274461	.3847919	0
774.15	0	.3865853	.2289233	.3844915	0
773.15	0	.3855239	.2302517	.3842244	0
772.15	0	.3845569	.2314588	.3839843	0
771.15	0	.3836687	.2325648	.3837665	0
770.15	0	.3828477	.233585	.3835674	0
769.15	0	.3820848	.2345311	.3833841	0
768.15	0	.3813727	.2354127	.3832147	0
767.15	0	.3807054	.2362374	.3830572	0
766.15	0	.3800781	.2370115	.3829104	0
765.15	0	.3794867	.2377404	.3827729	0
764.15	0	.3789277	.2384286	.3826437	0
763.15	0	.3783981	.2390798	.3825221	0
762.15	0	.3778954	.2396973	.3824073	0
761.15	0	.3774172	.2402841	.3822986	0
760.15	0	.3769617	.2408427	.3821956	0
759.15	0	.3765272	.2413752	.3820976	0
758.15	0	.376112	.2418836	.3820044	0
757.15	0	.3757147	.2423698	.3819155	0
756.15	0	.3753343	.2428351	.3818306	0
755.15	0	.3749695	.2432812	.3817493	0
754.15	0	.3746193	.2437092	.3816715	0
753.15	0	.3742828	.2441203	.3815969	0
752.15	0	.3739592	.2445156	.3815252	0
751.15	0	.3736478	.244896	.3814563	0
750.15	0	.3733478	.2452624	.3813899	0
749.15	0	.3730585	.2456156	.3813259	0
748.15	0	.3727795	.2459563	.3812642	0
747.15	0	.3725101	.2462853	.3812046	0
746.15	0	.3722498	.2466031	.381147	0
745.15	0	.3719983	.2469104	.3810913	0
744.15	0	.3717549	.2472077	.3810373	0
743.15	0	.3715194	.2474956	.380985	0
742.15	0	.3712914	.2477744	.3809343	0
741.15	0	.3710704	.2480446	.380885	0
740.15	0	.3708562	.2483067	.3808371	0
739.15	0	.3706485	.248561	.3807906	0
738.15	0	.3704469	.2488079	.3807453	0
737.15	0	.3702512	.2490477	.3807012	0
736.15	0	.3700611	.2492807	.3806582	0
735.15	0	.3698764	.2495074	.3806162	0
734.15	0	.3696969	.2497278	.3805753	0
733.15	0	.3695223	.2499423	.3805354	0
732.15	0	.3693525	.2501512	.3804963	0
731.15	0	.3691871	.2503547	.3804581	0
730.15	0	.3690262	.250553	.3804208	0
729.15	0	.3688694	.2507464	.3803842	0
728.15	0	.3687167	.250935	.3803484	0
727.15	0	.3685678	.251119	.3803133	0
726.15	0	.3684226	.2512986	.3802788	0
725.15	0	.368281	.251474	.3802451	0
724.15	0	.3681428	.2516453	.3802119	0
723.15	0	.3680079	.2518128	.3801793	0
722.15	0	.3678763	.2519765	.3801473	0
721.15	0	.3677476	.2521366	.3801158	0
720.15	0	.367622	.2522932	.3800848	0
719.15	0	.3674992	.2524465	.3800543	0
718.15	0	.3673791	.2525966	.3800243	0
717.15	0	.3672617	.2527436	.3799947	0
716.15	0	.3671469	.2528876	.3799656	0
715.15	0	.3670345	.2530287	.3799368	0
714.15	0	.3669245	.2531671	.3799084	0
713.15	0	.3668168	.2533028	.3798804	0
712.15	0	.3667114	.2534359	.3798528	0
711.15	0	.3666081	.2535665	.3798255	0
710.15	0	.3665068	.2536947	.3797985	0
709.15	0	.3664076	.2538206	.3797718	0
708.15	0	.3663103	.2539443	.3797454	0
707.15	0	.3662149	.2540658	.3797193	0
706.15	0	.3661214	.2541852	.3796934	0
705.15	0	.3660295	.2543026	.3796679	0
704.15	0	.3659394	.2544181	.3796425	0
703.15	0	.365851	.2545316	.3796174	0
702.15	0	.3657641	.2546434	.3795925	0
701.15	0	.3656788	.2547534	.3795678	0
700.15	0	.365595	.2548617	.3795434	0
699.15	0	.3655126	.2549683	.3795191	0
698.15	0	.3654317	.2550734	.379495	0
697.15	0	.3653521	.2551769	.3794711	0
696.15	0	.3652738	.2552789	.3794473	0
695.15	0	.3651968	.2553795	.3794237	0
694.15	0	.3651211	.2554786	.3794003	0
693.15	0	.3650466	.2555765	.379377	0
692.15	0	.3649732	.255673	.3793538	0
691.15	0	.364901	.2557682	.3793308	0
690.15	0	.3648298	.2558623	.3793079	0
689.15	0	.3647598	.2559551	.3792851	0
688.15	0	.3646908	.2560468	.3792625	0
687.15	0	.3646228	.2561373	.3792399	0
686.15	0	.3645557	.2562268	.3792174	0
685.15	0	.3644897	.2563153	.3791951	0
684.15	0	.3644245	.2564027	.3791728	0
683.15	0	.3643603	.2564891	.3791506	0
682.15	0	.3642969	.2565746	.3791285	0
681.15	0	.3642343	.2566592	.3791065	0
680.15	0	.3641726	.2567429	.3790845	0
679.15	0	.3641117	.2568257	.3790626	0
678.15	0	.3640516	.2569076	.3790408	0
677.15	0	.3639922	.2569888	.3790191	0
676.15	0	.3639336	.2570691	.3789973	0
675.15	0	.3638756	.2571487	.3789757	0
674.15	0	.3638184	.2572275	.3789541	0
673.15	0	.3637618	.2573056	.3789325	0
672.15	0	.3637059	.2573831	.378911	0
671.15	0	.3636507	.2574598	.3788896	0
670.15	0	.363596	.2575359	.3788681	0
669.15	0	.363542	.2576113	.3788467	0
668.15	0	.3634885	.2576861	.3788253	0
667.15	0	.3634356	.2577604	.378804	0
666.15	0	.3633833	.257834	.3787827	0
665.15	0	.3633316	.2579071	.3787614	0
664.15	0	.3632803	.2579796	.3787401	0
663.15	0	.3632296	.2580515	.3787189	0
662.15	0	.3631793	.258123	.3786976	0
661.15	0	.3631296	.258194	.3786764	0
660.15	0	.3630803	.2582645	.3786552	0
659.15	0	.3630315	.2583345	.378634	0
658.15	0	.3629831	.258404	.3786129	0
657.15	0	.3629352	.2584731	.3785917	0
656.15	0	.3628877	.2585418	.3785705	0
655.15	0	.3628406	.25861	.3785493	0
654.15	0	.362794	.2586779	.3785282	0
653.15	0	.3627477	.2587453	.378507	0
652.15	0	.3627018	.2588124	.3784858	0
651.15	0	.3626563	.2588791	.3784647	0
650.15	0	.3626111	.2589454	.3784435	0
649.15	0	.3625663	.2590114	.3784223	0
648.15	0	.3625219	.259077	.3784011	0
647.15	0	.3624778	.2591423	.3783799	0
646.15	0	.362434	.2592073	.3783588	0
645.15	0	.3623905	.2592719	.3783375	0
644.15	0	.3623474	.2593363	.3783163	0
643.15	0	.3623045	.2594004	.3782951	0
642.15	0	.362262	.2594642	.3782738	0
641.15	0	.3622197	.2595277	.3782526	0
640.15	0	.3621778	.2595909	.3782313	0
639.15	0	.3621361	.2596539	.37821	0
638.15	0	.3620946	.2597166	.3781887	0
637.15	0	.3620535	.2597791	.3781674	0
636.15	0	.3620126	.2598414	.3781461	0
635.15	0	.3619719	.2599034	.3781247	0
634.15	0	.3619315	.2599652	.3781033	0
633.15	0	.3618913	.2600267	.3780819	0
632.15	0	.3618514	.2600881	.3780605	0
631.15	0	.3618117	.2601492	.3780391	0
630.15	0	.3617722	.2602102	.3780176	0
629.15	0	.3617329	.260271	.3779961	0
628.15	0	.3616939	.2603315	.3779746	0
627.15	0	.361655	.2603919	.3779531	0
626.15	0	.3616164	.2604521	.3779315	0
625.15	0	.3615779	.2605121	.37791	0
624.15	0	.3615396	.260572	.3778884	0
623.15	0	.3615016	.2606317	.3778667	0
622.15	0	.3614637	.2606913	.3778451	0
621.15	0	.3614259	.2607507	.3778234	0
620.15	0	.3613884	.2608099	.3778017	0
619.15	0	.361351	.260869	.37778	0
618.15	0	.3613138	.260928	.3777582	0
617.15	0	.3612768	.2609868	.3777364	0
616.15	0	.3612399	.2610455	.3777146	0
615.15	0	.3612032	.261104	.3776928	0
614.15	0	.3611666	.2611625	.3776709	0
613.15	0	.3611302	.2612208	.3776491	0
612.15	0	.3610939	.261279	.3776271	0
611.15	0	.3610577	.2613371	.3776052	0
610.15	0	.3610217	.2613951	.3775832	0
609.15	0	.3609859	.2614529	.3775612	0
608.15	0	.3609501	.2615107	.3775392	0
607.15	0	.3609145	.2615683	.3775171	0
606.15	0	.3608791	.2616259	.3774951	0
605.15	0	.3608437	.2616834	.3774729	0
604.15	0	.3608085	.2617407	.3774508	0
603.15	0	.3607734	.261798	.3774286	0
602.15	0	.3607384	.2618552	.3774064	0
601.15	0	.3607035	.2619123	.3773842	0
600.15	0	.3606687	.2619693	.377362	0
599.15	0	.3606341	.2620263	.3773397	0
598.15	0	.3605995	.2620831	.3773174	0
597.15	0	.3605651	.2621399	.377295	0
596.15	0	.3605307	.2621966	.3772727	0
595.15	0	.3604965	.2622533	.3772503	0
594.15	0	.3604623	.2623098	.3772279	0
593.15	0	.3604283	.2623663	.3772054	0
592.15	0	.3603943	.2624227	.3771829	0
591.15	0	.3603604	.2624791	.3771604	0
590.15	0	.3603267	.2625354	.3771379	0
589.15	0	.360293	.2625917	.3771154	0
588.15	0	.3602594	.2626478	.3770928	0
587.15	0	.3602259	.262704	.3770702	0
586.15	0	.3601924	.26276	.3770475	0
585.15	0	.3601591	.262816	.3770249	0
584.15	0	.3601258	.262872	.3770022	0
583.15	0	.3600927	.2629279	.3769795	0
582.15	0	.3600595	.2629837	.3769567	0
581.15	0	.3600265	.2630395	.376934	0
580.15	0	.3599935	.2630953	.3769112	0
579.15	0	.3599607	.263151	.3768884	0
578.15	0	.3599279	.2632066	.3768655	0
577.15	0	.3598951	.2632622	.3768427	0
576.15	0	.3598624	.2633178	.3768198	0
575.15	0	.3598298	.2633733	.3767969	0
574.15	0	.3597973	.2634288	.3767739	0
573.15	0	.3597648	.2634842	.376751	0
572.15	0	.3597324	.2635396	.376728	0
571.15	0	.3597001	.2635949	.376705	0
570.15	0	.3596678	.2636502	.376682	0
569.15	0	.3596356	.2637055	.3766589	0
568.15	0	.3596034	.2637607	.3766358	0
567.15	0	.3595713	.2638159	.3766128	0
566.15	0	.3595393	.2638711	.3765897	0
565.15	0	.3595073	.2639262	.3765665	0
564.15	0	.3594754	.2639813	.3765434	0
563.15	0	.3594435	.2640363	.3765202	0
562.15	0	.3594117	.2640913	.376497	0
561.15	0	.3593799	.2641463	.3764738	0
560.15	0	.3593482	.2642012	.3764505	0
559.15	0	.3593166	.2642561	.3764273	0
558.15	0	.359285	.264311	.376404	0
557.15	0	.3592534	.2643658	.3763807	0
556.15	0	.3592219	.2644206	.3763574	0
555.15	0	.3591905	.2644754	.3763341	0
554.15	0	.3591591	.2645301	.3763108	0
553.15	0	.3591278	.2645848	.3762874	0
552.15	0	.3590965	.2646395	.3762641	0
551.15	0	.3590652	.2646941	.3762407	0
550.15	0	.359034	.2647487	.3762173	0
549.15	0	.3590028	.2648033	.3761938	0
548.15	0	.3589717	.2648579	.3761704	0
547.15	0	.3589407	.2649124	.376147	0
546.15	0	.3589097	.2649668	.3761235	0
545.15	0	.3588787	.2650213	.3761	0
544.15	0	.3588478	.2650757	.3760765	0
543.15	0	.3588169	.2651301	.376053	0
542.15	0	.358786	.2651845	.3760295	0
541.15	0	.3587554	.2652388	.3760059	0
540.15	0	.3587246	.265293	.3759823	0
539.15	0	.3586939	.2653473	.3759588	0
538.15	0	.3586632	.2654015	.3759352	0
537.15	0	.3586326	.2654557	.3759117	0
536.15	0	.358602	.2655099	.3758881	0
535.15	0	.3585715	.265564	.3758645	0
534.15	0	.358541	.2656181	.3758409	0
533.15	0	.3585105	.2656722	.3758173	0
532.15	0	.3584801	.2657262	.3757937	0
531.15	0	.3584497	.2657802	.3757701	0
530.15	0	.3584194	.2658342	.3757464	0
529.15	0	.3583891	.2658881	.3757228	0
528.15	0	.3583588	.265942	.3756991	0
527.15	0	.3583286	.2659959	.3756755	0
526.15	0	.3582984	.2660498	.3756518	0
525.15	0	.3582683	.2661036	.3756282	0
524.15	0	.3582382	.2661573	.3756045	0
523.15	0	.3582081	.2662111	.3755809	0
522.15	0	.3581781	.2662648	.3755572	0
521.15	0	.3581481	.2663184	.3755335	0
520.15	0	.3581181	.2663721	.3755098	0
519.15	0	.3580882	.2664257	.3754862	0
518.15	0	.3580583	.2664792	.3754625	0
517.15	0	.3580285	.2665327	.3754388	0
516.15	0	.3579987	.2665862	.3754151	0
515.15	0	.3579689	.2666397	.3753915	0
514.15	0	.3579391	.2666931	.3753678	0
513.15	0	.3579095	.2667465	.3753441	0
512.15	0	.3578798	.2667998	.3753204	0
511.15	0	.3578502	.2668531	.3752967	0
510.15	0	.3578206	.2669063	.3752731	0
509.15	0	.3577911	.2669596	.3752494	0
508.15	0	.3577615	.2670127	.3752257	0
507.15	0	.3577321	.2670659	.3752021	0
506.15	0	.3577026	.267119	.3751784	0
505.15	0	.3576732	.267172	.3751547	0
504.15	0	.3576439	.267225	.3751311	0
503.15	0	.3576146	.267278	.3751074	0
502.15	0	.3575853	.2673309	.3750838	0
501.15	0	.357556	.2673838	.3750602	0
500.15	0	.3575268	.2674367	.3750365	0
499.15	0	.3574976	.2674895	.3750129	0
498.15	0	.3574685	.2675422	.3749893	0
497.15	0	.3574394	.2675949	.3749657	0
496.15	0	.3574103	.2676476	.3749421	0
495.15	0	.3573813	.2677002	.3749185	0
494.15	0	.3573523	.2677528	.3748949	0
493.15	0	.3573233	.2678053	.3748714	0
492.15	0	.3572944	.2678578	.3748478	0
491.15	0	.3572655	.2679102	.3748243	0
490.15	0	.3572367	.2679626	.3748007	0
489.15	0	.3572079	.2680149	.3747772	0
488.15	0	.3571791	.2680672	.3747537	0
487.15	0	.3571504	.2681194	.3747302	0
486.15	0	.3571217	.2681716	.3747067	0
485.15	0	.357093	.2682237	.3746833	0
484.15	0	.3570644	.2682758	.3746598	0
483.15	0	.3570358	.2683278	.3746364	0
482.15	0	.3570073	.2683797	.374613	0
481.15	0	.3569788	.2684317	.3745896	0
480.15	0	.3569503	.2684835	.3745662	0
479.15	0	.3569219	.2685353	.3745428	0
478.15	0	.3568935	.2685871	.3745195	0
477.15	0	.3568651	.2686387	.3744961	0
476.15	0	.3568368	.2686904	.3744728	0
475.15	0	.3568086	.268742	.3744495	0
474.15	0	.3567803	.2687935	.3744262	0
473.15	0	.3567521	.2688449	.374403	0
472.15	0	.356724	.2688963	.3743797	0
471.15	0	.3566958	.2689477	.3743565	0
470.15	0	.3566678	.2689989	.3743333	0
469.15	0	.3566397	.2690501	.3743101	0
468.15	0	.3566117	.2691013	.374287	0
467.15	0	.3565837	.2691524	.3742639	0
466.15	0	.3565558	.2692034	.3742408	0
465.15	0	.3565279	.2692544	.3742177	0
464.15	0	.3565001	.2693053	.3741946	0
463.15	0	.3564723	.2693561	.3741716	0
462.15	0	.3564445	.2694069	.3741486	0
461.15	0	.3564168	.2694576	.3741256	0
460.15	0	.3563891	.2695082	.3741027	0
459.15	0	.3563615	.2695588	.3740797	0
458.15	0	.3563339	.2696093	.3740568	0
457.15	0	.3563063	.2696597	.374034	0
456.15	0	.3562788	.2697101	.3740111	0
455.15	0	.3562513	.2697604	.3739883	0
454.15	0	.3562239	.2698106	.3739655	0
453.15	0	.3561965	.2698607	.3739428	0
452.15	0	.3561692	.2699108	.37392	0
451.15	0	.3561419	.2699608	.3738973	0
450.15	0	.3561146	.2700107	.3738747	0
449.15	0	.3560874	.2700606	.373852	0
448.15	0	.3560603	.2701103	.3738295	0
447.15	0	.3560332	.2701599	.3738069	0
446.15	0	.3560061	.2702095	.3737844	0
445.15	0	.3559791	.270259	.3737619	0
444.15	0	.3559522	.2703084	.3737395	0
443.15	0	.3559253	.2703577	.3737171	0
442.15	0	.3558984	.2704069	.3736947	0
441.15	0	.3558717	.2704559	.3736724	0
440.15	0	.355845	.2705049	.3736501	0
439.15	0	.3558183	.2705538	.3736279	0
