T	 BPW(LIQUID)	BPW(BCC_A2)	BPW(FCC_A1)	BPW(LAVES_PHASE_C14)	BPW(NI3TI)
1473.15	.3263023	.6736977	0	0	0
1472.15	.3235539	.6764461	0	0	0
1471.15	.3208232	.6791768	0	0	0
1470.15	.31811	.6818901	0	0	0
1469.15	.3154142	.6845858	0	0	0
1468.15	.3127357	.6872643	0	0	0
1467.349	.3106015	.6893985	0	0	0
1467.349	.3106015	.6893985	0	0	0
1467.349	.3106015	.6893985	0	0	0
1467.15	.3098073	.6890319	.001160766	0	0
1466.15	.3058103	.6871864	.007003277	0	0
1465.15	.3018227	.6853563	.01282101	0	0
1464.15	.2978426	.6835363	.01862108	0	0
1463.15	.29387	.6817263	.02440368	0	0
1462.15	.2899047	.6799263	.03016901	0	0
1461.15	.2859465	.6781362	.03591725	0	0
1460.15	.2819953	.6763561	.04164859	0	0
1459.15	.2780509	.6745859	.0473632	0	0
1458.15	.2741132	.6728256	.05306126	0	0
1457.15	.270182	.6710751	.05874295	0	0
1456.15	.2662572	.6693344	.06440845	0	0
1455.48	.2636293	.6681728	.06819796	0	0
1455.48	.2636293	.6681728	.06819796	0	0
1455.48	.2636293	.6681728	.06819796	0	0
1455.15	.2572674	.6627039	.07787345	.002155265	0
1454.15	.2382297	.6464614	.1067346	.008574323	0
1453.15	.2195822	.6307346	.1348667	.01481655	0
1452.15	.2013099	.6155039	.1622975	.02088868	0
1451.15	.1833982	.6007511	.1890536	.02679712	0
1450.15	.1658337	.5864585	.2151599	.03254798	0
1449.15	.148603	.5726095	.2406404	.03814706	0
1448.15	.1316939	.5591883	.2655179	.04359991	0
1447.15	.1150943	.5461798	.2898141	.04891179	0
1446.15	.09879289	.5335696	.3135498	.05408776	0
1445.15	.08277884	.521344	.3367446	.05913261	0
1444.15	.06704177	.5094899	.3594174	.06405093	0
1443.15	.05157175	.4979949	.3815862	.06884712	0
1442.15	.03635928	.4868471	.4032683	.07352536	0
1441.15	.02139528	.476035	.4244801	.07808966	0
1440.15	.006671041	.4655478	.4452374	.08254386	0
1439.692	0	.4608467	.4546037	.08454966	0
1439.692	0	.4608467	.4546037	.08454966	0
1439.15	0	.459193	.4559164	.08489056	0
1438.15	0	.4561465	.4583353	.08551814	0
1437.15	0	.4531084	.4607482	.08614342	0
1436.15	0	.4500787	.4631549	.08676639	0
1435.15	0	.4470573	.4655556	.08738708	0
1434.15	0	.4440442	.4679503	.08800548	0
1433.15	0	.4410394	.470339	.08862163	0
1432.15	0	.4380428	.4727216	.08923552	0
1431.15	0	.4350545	.4750983	.08984717	0
1430.15	0	.4320744	.477469	.09045659	0
1429.15	0	.4291024	.4798338	.09106378	0
1428.15	0	.4261386	.4821926	.09166877	0
1427.15	0	.4231829	.4845455	.09227156	0
1426.15	0	.4202354	.4868925	.09287216	0
1425.15	0	.4172958	.4892336	.09347058	0
1424.15	0	.4143644	.4915688	.09406683	0
1423.15	0	.411441	.4938981	.09466093	0
1422.15	0	.4085255	.4962216	.09525289	0
1421.15	0	.4056181	.4985392	.0958427	0
1420.15	0	.4027186	.500851	.0964304	0
1419.15	0	.399827	.503157	.09701597	0
1418.15	0	.3969433	.5054572	.09759945	0
1417.15	0	.3940675	.5077517	.09818083	0
1416.15	0	.3911996	.5100403	.09876012	0
1415.15	0	.3883395	.5123232	.09933734	0
1414.15	0	.3854872	.5146003	.0999125	0
1413.15	0	.3826427	.5168717	.1004856	0
1412.15	0	.379806	.5191374	.1010566	0
1411.15	0	.376977	.5213973	.1016257	0
1410.15	0	.3741557	.5236516	.1021927	0
1409.15	0	.3713422	.5259002	.1027576	0
1408.15	0	.3685363	.5281431	.1033206	0
1407.15	0	.3657381	.5303803	.1038816	0
1406.15	0	.3629475	.5326119	.1044406	0
1405.15	0	.3601646	.5348378	.1049976	0
1404.15	0	.3573892	.5370582	.1055527	0
1403.15	0	.3546214	.5392729	.1061057	0
1402.15	0	.3518612	.541482	.1066569	0
1401.15	0	.3491085	.5436855	.1072061	0
1400.15	0	.3463633	.5458834	.1077533	0
1399.15	0	.3436256	.5480757	.1082987	0
1398.15	0	.3408954	.5502625	.1088421	0
1397.15	0	.3381726	.5524437	.1093836	0
1396.15	0	.3354573	.5546194	.1099233	0
1395.15	0	.3327494	.5567896	.110461	0
1394.15	0	.3300489	.5589542	.1109969	0
1393.15	0	.3273558	.5611133	.1115309	0
1392.15	0	.3246701	.5632669	.112063	0
1391.15	0	.3219917	.5654151	.1125933	0
1390.15	0	.3193206	.5675577	.1131217	0
1389.15	0	.3166568	.5696949	.1136483	0
1388.15	0	.3140004	.5718266	.1141731	0
1387.15	0	.3113512	.5739528	.1146961	0
1386.15	0	.3087092	.5760736	.1152172	0
1385.15	0	.3060745	.5781889	.1157365	0
1384.15	0	.3034471	.5802988	.1162541	0
1383.15	0	.3008268	.5824033	.1167699	0
1382.15	0	.2982138	.5845024	.1172838	0
1381.15	0	.2956079	.5865961	.1177961	0
1380.15	0	.2930092	.5886843	.1183065	0
1379.15	0	.2904176	.5907672	.1188152	0
1378.15	0	.2878331	.5928447	.1193222	0
1377.15	0	.2852558	.5949168	.1198274	0
1376.15	0	.2826856	.5969835	.1203309	0
1375.15	0	.2801225	.5990449	.1208327	0
1374.15	0	.2775664	.6011009	.1213327	0
1373.15	0	.2750174	.6031515	.1218311	0
1372.15	0	.2724754	.6051969	.1223277	0
1371.15	0	.2699405	.6072368	.1228227	0
1370.15	0	.2674126	.6092715	.1233159	0
1369.15	0	.2648917	.6113008	.1238075	0
1368.15	0	.2623778	.6133248	.1242975	0
1367.15	0	.2598708	.6153435	.1247857	0
1366.15	0	.2573709	.6173568	.1252723	0
1365.15	0	.2548778	.6193649	.1257573	0
1364.15	0	.2523918	.6213676	.1262406	0
1363.15	0	.2499126	.6233651	.1267223	0
1362.15	0	.2474404	.6253573	.1272024	0
1361.15	0	.244975	.6273441	.1276808	0
1360.15	0	.2425166	.6293258	.1281576	0
1359.15	0	.2400651	.6313021	.1286329	0
1358.15	0	.2376204	.6332731	.1291065	0
1357.15	0	.2351826	.6352389	.1295785	0
1356.15	0	.2327516	.6371994	.130049	0
1355.15	0	.2303275	.6391547	.1305179	0
1354.15	0	.2279102	.6411047	.1309852	0
1353.15	0	.2254997	.6430494	.1314509	0
1352.15	0	.2230961	.6449889	.1319151	0
1351.15	0	.2206992	.6469231	.1323777	0
1350.15	0	.2183091	.6488521	.1328388	0
1349.15	0	.2159258	.6507758	.1332984	0
1348.15	0	.2135493	.6526943	.1337564	0
1347.15	0	.2111796	.6546075	.1342129	0
1346.15	0	.2088166	.6565155	.1346679	0
1345.15	0	.2064604	.6584183	.1351213	0
1344.15	0	.2041109	.6603158	.1355733	0
1343.15	0	.2017682	.6622081	.1360237	0
1342.15	0	.1994321	.6640952	.1364727	0
1341.15	0	.1971029	.665977	.1369202	0
1340.15	0	.1947803	.6678535	.1373662	0
1339.15	0	.1924644	.6697249	.1378107	0
1338.15	0	.1901552	.671591	.1382538	0
1337.15	0	.1878528	.6734519	.1386954	0
1336.15	0	.185557	.6753075	.1391355	0
1335.15	0	.1832679	.6771579	.1395742	0
1334.15	0	.1809855	.6790031	.1400115	0
1333.15	0	.1787098	.680843	.1404473	0
1332.15	0	.1764407	.6826777	.1408816	0
1331.15	0	.1741783	.6845071	.1413146	0
1330.15	0	.1719226	.6863313	.1417461	0
1329.15	0	.1696735	.6881503	.1421762	0
1328.15	0	.1674311	.689964	.1426049	0
1327.15	0	.1651953	.6917724	.1430322	0
1326.15	0	.1629662	.6935757	.1434581	0
1325.15	0	.1607437	.6953736	.1438827	0
1324.15	0	.1585279	.6971663	.1443058	0
1323.15	0	.1563187	.6989538	.1447275	0
1322.15	0	.1541162	.7007359	.1451479	0
1321.15	0	.1519203	.7025129	.1455669	0
1320.15	0	.149731	.7042845	.1459845	0
1319.15	0	.1475483	.7060509	.1464008	0
1318.15	0	.1453724	.707812	.1468157	0
1317.15	0	.143203	.7095678	.1472292	0
1316.15	0	.1410402	.7113183	.1476415	0
1315.15	0	.1388841	.7130635	.1480523	0
1314.15	0	.1367347	.7148035	.1484619	0
1313.15	0	.1345918	.7165381	.1488701	0
1312.15	0	.1324556	.7182674	.149277	0
1311.15	0	.130326	.7199914	.1496826	0
1310.15	0	.1282031	.7217101	.1500868	0
1309.15	0	.1260868	.7234234	.1504898	0
1308.15	0	.1239771	.7251314	.1508915	0
1307.15	0	.1218741	.7268341	.1512918	0
1306.15	0	.1197777	.7285314	.1516909	0
1305.15	0	.117688	.7302234	.1520886	0
1304.15	0	.1156049	.73191	.1524851	0
1303.15	0	.1135285	.7335912	.1528803	0
1302.15	0	.1114587	.735267	.1532743	0
1301.15	0	.1093956	.7369374	.1536669	0
1300.15	0	.1073392	.7386025	.1540584	0
1299.15	0	.1052894	.7402621	.1544485	0
1298.15	0	.1032463	.7419163	.1548374	0
1297.15	0	.1012099	.7435651	.155225	0
1296.15	0	.09918017	.7452084	.1556114	0
1295.15	0	.09715713	.7468463	.1559966	0
1294.15	0	.09514079	.7484788	.1563805	0
1293.15	0	.09313115	.7501057	.1567631	0
1292.15	0	.09112823	.7517272	.1571446	0
1291.15	0	.08913202	.7533432	.1575248	0
1290.15	0	.08714254	.7549536	.1579038	0
1289.15	0	.0851598	.7565586	.1582816	0
1288.15	0	.0831838	.758158	.1586582	0
1287.15	0	.08121455	.7597519	.1590336	0
1286.15	0	.07925206	.7613402	.1594077	0
1285.15	0	.07729634	.762923	.1597807	0
1284.15	0	.0753474	.7645001	.1601525	0
1283.15	0	.07340525	.7660717	.1605231	0
1282.15	0	.0714699	.7676376	.1608925	0
1281.15	0	.06954136	.7691979	.1612607	0
1280.15	0	.06761964	.7707526	.1616278	0
1279.15	0	.06570476	.7723016	.1619936	0
1278.15	0	.06379672	.7738449	.1623583	0
1277.15	0	.06189554	.7753826	.1627219	0
1276.15	0	.06000122	.7769145	.1630843	0
1275.15	0	.0581138	.7784407	.1634455	0
1274.15	0	.05623326	.7799612	.1638055	0
1273.15	0	.05435964	.7814759	.1641645	0
1272.15	0	.05249294	.7829848	.1645222	0
1271.15	0	.05063318	.784488	.1648789	0
1270.15	0	.04878038	.7859853	.1652343	0
1269.15	0	.04693454	.7874768	.1655887	0
1268.15	0	.04509569	.7889624	.1659419	0
1267.15	0	.04326385	.7904421	.166294	0
1266.15	0	.04143902	.791916	.166645	0
1265.15	0	.03962122	.7933839	.1669949	0
1264.15	0	.03781048	.7948459	.1673436	0
1263.15	0	.03600681	.796302	.1676912	0
1262.15	0	.03421023	.7977521	.1680377	0
1261.15	0	.03242075	.7991961	.1683831	0
1260.15	0	.03063841	.8006342	.1687274	0
1259.15	0	.02886321	.8020661	.1690707	0
1258.15	0	.02709517	.8034921	.1694128	0
1257.15	0	.02533433	.8049119	.1697538	0
1256.15	0	.02358069	.8063256	.1700937	0
1255.15	0	.02183428	.8077332	.1704326	0
1254.15	0	.02009513	.8091345	.1707703	0
1253.15	0	.01836325	.8105297	.171107	0
1252.15	0	.01663866	.8119187	.1714426	0
1251.15	0	.0149214	.8133014	.1717772	0
1250.15	0	.01321148	.8146779	.1721106	0
1249.15	0	.01150893	.816048	.172443	0
1248.15	0	.009813771	.8174118	.1727744	0
1247.15	0	.008126032	.8187693	.1731047	0
1246.15	0	.006445739	.8201204	.1734339	0
1245.15	0	.004772917	.821465	.1737621	0
1244.15	0	.003107592	.8228032	.1740892	0
1243.15	0	.001449793	.824135	.1744153	0
1242.272	0	0	.8252992	.1747008	0
1242.272	0	0	.8252992	.1747008	0
1242.15	0	0	.825267	.1747331	0
1241.15	0	0	.8250021	.1749979	0
1240.15	0	0	.8247377	.1752623	0
1239.15	0	0	.8244737	.1755263	0
1238.15	0	0	.8242103	.1757897	0
1237.15	0	0	.8239473	.1760527	0
1236.15	0	0	.8236848	.1763152	0
1235.15	0	0	.8234227	.1765773	0
1234.15	0	0	.8231612	.1768388	0
1233.15	0	0	.8229	.1771	0
1232.15	0	0	.8226394	.1773606	0
1231.15	0	0	.8223792	.1776208	0
1230.15	0	0	.8221195	.1778805	0
1229.15	0	0	.8218603	.1781397	0
1228.15	0	0	.8216015	.1783985	0
1227.15	0	0	.8213432	.1786568	0
1226.15	0	0	.8210854	.1789146	0
1225.15	0	0	.820828	.179172	0
1224.15	0	0	.8205711	.1794289	0
1223.15	0	0	.8203146	.1796854	0
1222.15	0	0	.8200586	.1799414	0
1221.15	0	0	.8198031	.1801969	0
1220.15	0	0	.819548	.180452	0
1219.15	0	0	.8192934	.1807066	0
1218.15	0	0	.8190392	.1809608	0
1217.15	0	0	.8187855	.1812145	0
1216.15	0	0	.8185323	.1814678	0
1215.15	0	0	.8182795	.1817205	0
1214.15	0	0	.8180271	.1819729	0
1213.15	0	0	.8177752	.1822248	0
1212.15	0	0	.8175238	.1824762	0
1211.15	0	0	.8172728	.1827272	0
1210.15	0	0	.8170223	.1829777	0
1209.15	0	0	.8167722	.1832278	0
1208.15	0	0	.8165226	.1834774	0
1207.15	0	0	.8162734	.1837266	0
1206.15	0	0	.8160247	.1839753	0
1205.15	0	0	.8157765	.1842235	0
1204.15	0	0	.8155286	.1844714	0
1203.15	0	0	.8152813	.1847187	0
1202.15	0	0	.8150343	.1849657	0
1201.15	0	0	.8147879	.1852121	0
1200.15	0	0	.8145418	.1854582	0
1199.15	0	0	.8142962	.1857038	0
1198.15	0	0	.8140511	.1859489	0
1197.15	0	0	.8138064	.1861936	0
1196.15	0	0	.8135621	.1864379	0
1195.15	0	0	.8133183	.1866817	0
1194.15	0	0	.8130749	.1869251	0
1193.15	0	0	.812832	.187168	0
1192.15	0	0	.8125895	.1874105	0
1191.15	0	0	.8123475	.1876525	0
1190.15	0	0	.8121059	.1878941	0
1189.15	0	0	.8118647	.1881353	0
1188.15	0	0	.811624	.1883761	0
1187.15	0	0	.8113837	.1886163	0
1186.15	0	0	.8111438	.1888562	0
1185.15	0	0	.8109044	.1890956	0
1184.15	0	0	.8106654	.1893346	0
1183.15	0	0	.8104268	.1895732	0
1182.15	0	0	.8101887	.1898113	0
1181.15	0	0	.809951	.190049	0
1180.15	0	0	.8097138	.1902862	0
1179.15	0	0	.809477	.190523	0
1178.15	0	0	.8092406	.1907594	0
1177.15	0	0	.8090046	.1909954	0
1176.15	0	0	.8087691	.1912309	0
1175.15	0	0	.808534	.191466	0
1174.15	0	0	.8082994	.1917006	0
1173.15	0	0	.8080651	.1919349	0
1172.15	0	0	.8078313	.1921687	0
1171.15	0	0	.807598	.1924021	0
1170.15	0	0	.807365	.192635	0
1169.15	0	0	.8071325	.1928675	0
1168.15	0	0	.8069004	.1930996	0
1167.15	0	0	.8066687	.1933313	0
1166.15	0	0	.8064375	.1935625	0
1165.15	0	0	.8062067	.1937933	0
1164.15	0	0	.8059763	.1940237	0
1163.15	0	0	.8057463	.1942537	0
1162.15	0	0	.8055168	.1944832	0
1161.15	0	0	.8052876	.1947124	0
1160.15	0	0	.8050589	.1949411	0
1159.15	0	0	.8048307	.1951694	0
1158.15	0	0	.8046028	.1953972	0
1157.15	0	0	.8043753	.1956247	0
1156.15	0	0	.8041483	.1958517	0
1155.15	0	0	.8039217	.1960783	0
1154.15	0	0	.8036956	.1963044	0
1153.15	0	0	.8034698	.1965302	0
1152.15	0	0	.8032445	.1967556	0
1151.15	0	0	.8030195	.1969805	0
1150.15	0	0	.802795	.197205	0
1149.15	0	0	.8025709	.1974291	0
1148.15	0	0	.8023473	.1976528	0
1147.15	0	0	.802124	.197876	0
1146.15	0	0	.8019011	.1980989	0
1145.15	0	0	.8016787	.1983213	0
1144.15	0	0	.8014567	.1985433	0
1143.15	0	0	.8012351	.1987649	0
1142.15	0	0	.8010139	.1989861	0
1141.15	0	0	.8007931	.1992069	0
1140.15	0	0	.8005728	.1994273	0
1139.15	0	0	.8003528	.1996472	0
1138.15	0	0	.8001332	.1998668	0
1137.15	0	0	.7999141	.2000859	0
1136.15	0	0	.7996954	.2003046	0
1135.15	0	0	.7994771	.2005229	0
1134.15	0	0	.7992592	.2007408	0
1133.15	0	0	.7990417	.2009583	0
1132.15	0	0	.7988246	.2011754	0
1131.15	0	0	.7986079	.2013921	0
1130.15	0	0	.7983916	.2016084	0
1129.15	0	0	.7981757	.2018243	0
1128.15	0	0	.7979603	.2020397	0
1127.15	0	0	.7977452	.2022548	0
1126.15	0	0	.7975306	.2024694	0
1125.15	0	0	.7973163	.2026837	0
1124.15	0	0	.7971025	.2028975	0
1123.15	0	0	.796889	.203111	0
1122.15	0	0	.796676	.203324	0
1121.15	0	0	.7964634	.2035366	0
1120.15	0	0	.7962512	.2037488	0
1119.15	0	0	.7960393	.2039607	0
1118.15	0	0	.7958279	.2041721	0
1117.15	0	0	.7956169	.2043831	0
1116.15	0	0	.7954063	.2045938	0
1115.15	0	0	.795196	.204804	0
1114.15	0	0	.7949862	.2050138	0
1113.15	0	0	.7947768	.2052232	0
1112.15	0	0	.7945678	.2054323	0
1111.15	0	0	.7943591	.2056409	0
1110.15	0	0	.7941509	.2058491	0
1109.15	0	0	.7939431	.2060569	0
1108.15	0	0	.7937356	.2062644	0
1107.15	0	0	.7935286	.2064714	0
1106.15	0	0	.793322	.206678	0
1105.15	0	0	.7931157	.2068843	0
1104.15	0	0	.7929099	.2070901	0
1103.15	0	0	.7927044	.2072956	0
1102.15	0	0	.7924994	.2075006	0
1101.15	0	0	.7922947	.2077053	0
1100.15	0	0	.7920904	.2079096	0
1099.15	0	0	.7918866	.2081134	0
1098.15	0	0	.7916831	.2083169	0
1097.15	0	0	.79148	.20852	0
1096.15	0	0	.7912773	.2087227	0
1095.15	0	0	.791075	.208925	0
1094.15	0	0	.7908731	.2091269	0
1093.15	0	0	.7906716	.2093284	0
1092.15	0	0	.7904704	.2095296	0
1091.15	0	0	.7902697	.2097303	0
1090.15	0	0	.7900694	.2099306	0
1089.15	0	0	.7898694	.2101306	0
1088.15	0	0	.7896698	.2103302	0
1087.15	0	0	.7894707	.2105294	0
1086.15	0	0	.7892719	.2107281	0
1085.15	0	0	.7890735	.2109265	0
1084.15	0	0	.7888755	.2111245	0
1083.15	0	0	.7886778	.2113222	0
1082.15	0	0	.7884806	.2115194	0
1081.15	0	0	.7882837	.2117163	0
1080.15	0	0	.7880873	.2119127	0
1079.15	0	0	.7878912	.2121088	0
1078.15	0	0	.7876955	.2123045	0
1077.15	0	0	.7875002	.2124998	0
1076.15	0	0	.7873053	.2126947	0
1075.15	0	0	.7871108	.2128892	0
1074.15	0	0	.7869166	.2130834	0
1073.15	0	0	.7867228	.2132772	0
1072.15	0	0	.7865295	.2134705	0
1071.15	0	0	.7863365	.2136635	0
1070.15	0	0	.7861439	.2138561	0
1069.15	0	0	.7859516	.2140484	0
1068.15	0	0	.7857598	.2142402	0
1067.15	0	0	.7855683	.2144317	0
1066.15	0	0	.7853772	.2146228	0
1065.15	0	0	.7851865	.2148135	0
1064.15	0	0	.7849962	.2150038	0
1063.15	0	0	.7848063	.2151937	0
1062.15	0	0	.7846167	.2153833	0
1061.15	0	0	.7844275	.2155725	0
1060.15	0	0	.7842387	.2157613	0
1059.15	0	0	.7840503	.2159497	0
1058.15	0	0	.7838623	.2161377	0
1057.15	0	0	.7836746	.2163254	0
1056.15	0	0	.7834873	.2165127	0
1055.15	0	0	.7833004	.2166996	0
1054.15	0	0	.7831139	.2168861	0
1053.15	0	0	.7829278	.2170722	0
1052.15	0	0	.782742	.217258	0
1051.15	0	0	.7825566	.2174434	0
1050.15	0	0	.7823716	.2176284	0
1049.15	0	0	.782187	.217813	0
1048.15	0	0	.7820027	.2179973	0
1047.15	0	0	.7818188	.2181812	0
1046.15	0	0	.7816353	.2183647	0
1045.15	0	0	.7814522	.2185478	0
1044.15	0	0	.7812694	.2187306	0
1043.15	0	0	.7810871	.2189129	0
1042.15	0	0	.780905	.219095	0
1041.15	0	0	.7807234	.2192766	0
1040.15	0	0	.7805422	.2194578	0
1039.15	0	0	.7803613	.2196387	0
1038.15	0	0	.7801808	.2198192	0
1037.15	0	0	.7800007	.2199994	0
1036.15	0	0	.7798209	.2201791	0
1035.15	0	0	.7796415	.2203585	0
1034.15	0	0	.7794625	.2205375	0
1033.15	0	0	.7792839	.2207161	0
1032.15	0	0	.7791056	.2208944	0
1031.15	0	0	.7789277	.2210723	0
1030.15	0	0	.7787502	.2212498	0
1029.15	0	0	.778573	.221427	0
1028.15	0	0	.7783962	.2216038	0
1027.15	0	0	.7782198	.2217802	0
1026.15	0	0	.7780438	.2219562	0
1025.15	0	0	.7778681	.2221319	0
1024.15	0	0	.7776928	.2223072	0
1023.15	0	0	.7775179	.2224821	0
1022.15	0	0	.7773433	.2226567	0
1021.15	0	0	.7771691	.2228309	0
1020.15	0	0	.7769953	.2230047	0
1019.15	0	0	.7768219	.2231781	0
1018.15	0	0	.7766488	.2233512	0
1017.15	0	0	.7764761	.2235239	0
1016.15	0	0	.7763038	.2236963	0
1015.15	0	0	.7761318	.2238682	0
1014.15	0	0	.7759602	.2240398	0
1013.15	0	0	.7757889	.2242111	0
1012.15	0	0	.7756181	.2243819	0
1011.15	0	0	.7754476	.2245524	0
1010.15	0	0	.7752774	.2247226	0
1009.15	0	0	.7751077	.2248923	0
1008.15	0	0	.7749383	.2250617	0
1007.15	0	0	.7747692	.2252308	0
1006.15	0	0	.7746006	.2253995	0
1005.15	0	0	.7744323	.2255678	0
1004.15	0	0	.7742643	.2257357	0
1003.15	0	0	.7740968	.2259032	0
1002.15	0	0	.7739296	.2260705	0
1001.15	0	0	.7737627	.2262373	0
1000.15	0	0	.7735962	.2264038	0
999.15	0	0	.7734301	.2265699	0
998.15	0	0	.7732644	.2267356	0
997.15	0	0	.773099	.226901	0
996.15	0	0	.772934	.227066	0
995.15	0	0	.7727694	.2272307	0
994.15	0	0	.7726051	.2273949	0
993.15	0	0	.7724411	.2275589	0
992.8424	0	0	.7723908	.2276092	0
992.8424	0	0	.7723908	.2276092	0
992.8424	0	0	.7723908	.2276092	0
992.15	0	.001691673	.7706215	.2276868	0
991.15	0	.004151212	.7680505	.2277983	0
990.15	0	.006629848	.7654611	.2279091	0
989.15	0	.009127389	.7628534	.2280192	0
988.15	0	.01164364	.7602278	.2281286	0
987.15	0	.01417839	.7575844	.2282373	0
986.15	0	.01673145	.7549233	.2283452	0
985.15	0	.0193026	.7522449	.2284525	0
984.15	0	.02189165	.7495493	.2285591	0
983.15	0	.02449837	.7468367	.2286649	0
982.15	0	.02712255	.7441074	.22877	0
981.15	0	.02976398	.7413616	.2288744	0
980.15	0	.03242244	.7385995	.2289781	0
979.15	0	.0350977	.7358213	.2290811	0
978.15	0	.03778954	.7330272	.2291833	0
977.15	0	.04049773	.7302175	.2292848	0
976.15	0	.04322204	.7273925	.2293855	0
975.15	0	.04596225	.7245523	.2294855	0
974.15	0	.04871811	.7216971	.2295848	0
973.15	0	.05148939	.7188274	.2296833	0
972.15	0	.05427586	.7159432	.229781	0
971.15	0	.05707728	.7130448	.229878	0
970.15	0	.05989339	.7101325	.2299742	0
969.15	0	.06272397	.7072065	.2300696	0
968.15	0	.06556876	.704267	.2301642	0
967.15	0	.06842752	.7013145	.230258	0
966.15	0	.07129999	.6983489	.2303511	0
965.15	0	.07418594	.6953708	.2304433	0
964.15	0	.0770851	.6923802	.2305347	0
963.15	0	.07999722	.6893775	.2306253	0
962.15	0	.08292206	.6863629	.230715	0
961.15	0	.08584989	.6833455	.2308046	0
960.15	0	.08877935	.680326	.2308946	0
959.15	0	.09173934	.6772774	.2309833	0
958.15	0	.09472791	.6742015	.2310706	0
957.15	0	.09774319	.6711003	.2311565	0
956.15	0	.1007834	.6679755	.2312412	0
955.15	0	.1038467	.6648289	.2313244	0
954.15	0	.1069315	.6616621	.2314064	0
953.15	0	.1100363	.6584767	.2314871	0
952.15	0	.1131593	.6552742	.2315665	0
951.15	0	.1162993	.6520562	.2316445	0
950.15	0	.1194546	.648824	.2317213	0
949.15	0	.122624	.6455791	.2317968	0
948.15	0	.1258062	.6423228	.2318711	0
947.15	0	.1289998	.6390562	.231944	0
946.15	0	.1322036	.6357807	.2320157	0
945.15	0	.1354165	.6324974	.2320861	0
944.15	0	.1386372	.6292075	.2321553	0
943.15	0	.1418648	.6259121	.2322231	0
942.15	0	.1450981	.6226121	.2322897	0
941.15	0	.1483362	.6193088	.2323551	0
940.15	0	.151578	.6160029	.2324191	0
939.15	0	.1548226	.6126955	.2324819	0
938.15	0	.1580691	.6093874	.2325434	0
937.15	0	.1613167	.6060796	.2326037	0
936.15	0	.1645644	.6027729	.2326627	0
935.15	0	.1678115	.5994681	.2327204	0
934.15	0	.1710572	.596166	.2327768	0
933.15	0	.1743008	.5928673	.2328319	0
932.15	0	.1775414	.5895729	.2328858	0
931.15	0	.1807785	.5862832	.2329383	0
930.15	0	.1840113	.5829992	.2329896	0
929.15	0	.1872392	.5797213	.2330395	0
928.15	0	.1904615	.5764503	.2330882	0
927.15	0	.1936778	.5731866	.2331356	0
926.15	0	.1968873	.569931	.2331817	0
925.15	0	.2000895	.566684	.2332265	0
924.15	0	.203284	.5634461	.2332699	0
923.15	0	.2064701	.5602179	.233312	0
922.15	0	.2096474	.5569998	.2333529	0
921.15	0	.2128153	.5537923	.2333924	0
920.15	0	.2159736	.5505959	.2334305	0
919.15	0	.2191215	.5474111	.2334674	0
918.15	0	.2222589	.5442382	.2335029	0
917.15	0	.2253852	.5410777	.2335371	0
916.15	0	.2285	.5379301	.23357	0
915.15	0	.231603	.5347956	.2336015	0
914.15	0	.2346937	.5316747	.2336316	0
913.15	0	.2377719	.5285677	.2336605	0
912.15	0	.2408371	.5254749	.2336879	0
911.15	0	.2438891	.5223968	.2337141	0
910.15	0	.2469275	.5193336	.2337388	0
909.15	0	.2499521	.5162857	.2337623	0
908.15	0	.2529624	.5132532	.2337844	0
907.15	0	.2559582	.5102367	.2338051	0
906.15	0	.2589393	.5072362	.2338244	0
905.15	0	.2619054	.5042521	.2338425	0
904.15	0	.2648562	.5012847	.2338591	0
903.15	0	.2677915	.4983341	.2338744	0
902.15	0	.2707109	.4954007	.2338884	0
901.15	0	.2736144	.4924847	.2339009	0
900.15	0	.2765016	.4895862	.2339122	0
899.15	0	.2793724	.4867056	.233922	0
898.15	0	.2822265	.4838429	.2339306	0
897.15	0	.2850637	.4809985	.2339377	0
896.15	0	.2878839	.4781725	.2339436	0
895.15	0	.2906868	.4753651	.2339481	0
894.15	0	.2934723	.4725765	.2339512	0
893.15	0	.2962402	.4698068	.233953	0
892.15	0	.2989903	.4670562	.2339535	0
891.15	0	.3017224	.464325	.2339526	0
890.15	0	.3044365	.4616131	.2339504	0
889.15	0	.3071323	.4589208	.2339469	0
888.15	0	.3098097	.4562483	.2339421	0
887.15	0	.3124685	.4535956	.233936	0
886.15	0	.3151086	.4509628	.2339285	0
885.15	0	.31773	.4483502	.2339198	0
884.15	0	.3203324	.4457578	.2339098	0
883.15	0	.3229158	.4431857	.2338985	0
882.15	0	.32548	.4406341	.2338859	0
881.15	0	.3280249	.438103	.2338721	0
880.15	0	.3305505	.4355925	.233857	0
879.15	0	.3330566	.4331028	.2338407	0
878.15	0	.3355431	.4306338	.2338231	0
877.15	0	.3380099	.4281858	.2338043	0
876.15	0	.340457	.4257587	.2337843	0
875.15	0	.3428843	.4233526	.2337631	0
874.15	0	.3452917	.4209676	.2337407	0
873.15	0	.3476792	.4186037	.2337172	0
872.15	0	.3500466	.416261	.2336924	0
871.15	0	.3523939	.4139395	.2336665	0
870.15	0	.3547211	.4116394	.2336395	0
869.15	0	.3570282	.4093605	.2336114	0
868.15	0	.359315	.4071029	.2335821	0
867.15	0	.3615816	.4048667	.2335517	0
866.15	0	.3638279	.4026518	.2335203	0
865.15	0	.3660539	.4004583	.2334878	0
864.15	0	.3682596	.3982862	.2334542	0
863.15	0	.370445	.3961354	.2334196	0
862.15	0	.37261	.394006	.233384	0
861.15	0	.3747547	.3918979	.2333474	0
860.15	0	.3768791	.3898112	.2333098	0
859.15	0	.3789831	.3877457	.2332712	0
858.15	0	.3810669	.3857015	.2332316	0
857.15	0	.3831303	.3836785	.2331911	0
856.15	0	.3851735	.3816767	.2331497	0
855.15	0	.3871965	.379696	.2331074	0
854.15	0	.3891994	.3777364	.2330642	0
853.15	0	.3911821	.3757978	.2330201	0
852.15	0	.3931447	.3738801	.2329752	0
851.15	0	.3950873	.3719832	.2329294	0
850.15	0	.39701	.3701072	.2328829	0
849.15	0	.3989128	.3682518	.2328355	0
848.15	0	.4007957	.366417	.2327873	0
847.15	0	.402659	.3646027	.2327383	0
846.15	0	.4045026	.3628088	.2326886	0
845.15	0	.4063266	.3610352	.2326382	0
844.15	0	.4081312	.3592818	.232587	0
843.15	0	.4099164	.3575484	.2325351	0
842.15	0	.4116824	.355835	.2324826	0
841.15	0	.4134293	.3541414	.2324293	0
840.15	0	.4151571	.3524674	.2323754	0
839.15	0	.4168661	.350813	.2323209	0
838.15	0	.4185563	.349178	.2322657	0
837.15	0	.4202278	.3475622	.23221	0
836.15	0	.4218808	.3459656	.2321536	0
835.15	0	.4235155	.3443879	.2320966	0
834.15	0	.4251319	.342829	.2320391	0
833.15	0	.4267303	.3412887	.2319811	0
832.15	0	.4283107	.3397669	.2319224	0
831.15	0	.4298733	.3382634	.2318633	0
830.15	0	.4314183	.336778	.2318037	0
829.15	0	.4329458	.3353107	.2317435	0
828.15	0	.434456	.3338611	.2316829	0
827.15	0	.4359491	.3324291	.2316218	0
826.15	0	.4374252	.3310146	.2315602	0
825.15	0	.4388845	.3296174	.2314981	0
824.15	0	.4403271	.3282372	.2314357	0
823.15	0	.4417533	.326874	.2313728	0
822.15	0	.4431631	.3255274	.2313095	0
821.15	0	.4445569	.3241974	.2312457	0
820.15	0	.4459346	.3228838	.2311816	0
819.15	0	.4472966	.3215863	.2311171	0
818.2583	0	.4484979	.3204429	.2310592	0
818.2583	0	.4484979	.3204429	.2310592	0
818.2583	0	.4484979	.3204429	.2310592	0
818.15	0	.4492565	.3195192	.2308362	3.881113E-04
817.15	0	.4561455	.3111185	.2288004	.003935678
816.15	0	.4628371	.3029365	.2268044	.007421937
815.15	0	.4693383	.2949659	.2248472	.01084864
814.15	0	.4756554	.2871995	.2229277	.01421747
813.15	0	.481795	.2796304	.2210446	.01753001
812.15	0	.4877628	.2722522	.2191972	.02078781
811.15	0	.4935647	.2650587	.2173843	.02399233
810.15	0	.4992061	.2580439	.215605	.02714497
809.15	0	.5046923	.2512022	.2138584	.0302471
808.15	0	.5100283	.244528	.2121437	.03329999
807.15	0	.5152189	.2380161	.2104601	.03630489
806.15	0	.5202687	.2316616	.2088067	.03926299
805.15	0	.5251821	.2254597	.2071827	.04217544
804.15	0	.5299634	.2194057	.2055875	.04504335
803.15	0	.5346166	.2134953	.2040204	.04786776
802.15	0	.5391456	.2077241	.2024805	.05064971
801.15	0	.5435543	.2020882	.2009673	.05339018
800.15	0	.5478461	.1965836	.1994802	.05609011
799.15	0	.5520247	.1912065	.1980184	.05875042
798.15	0	.5560932	.1859533	.1965815	.06137199
797.15	0	.5600549	.1808205	.1951689	.06395568
796.15	0	.5639131	.1758048	.1937799	.0665023
795.15	0	.5676705	.1709028	.1924141	.06901265
794.15	0	.5713301	.1661115	.1910709	.0714875
793.15	0	.5748946	.1614279	.1897499	.0739276
792.15	0	.5783668	.156849	.1884505	.07633367
791.15	0	.5817493	.1523721	.1871722	.07870639
790.15	0	.5850445	.1479944	.1859147	.08104646
789.15	0	.5882548	.1437133	.1846774	.08335452
788.15	0	.5913825	.1395263	.18346	.08563121
787.15	0	.59443	.1354309	.182262	.08787715
786.15	0	.5973994	.1314248	.1810829	.09009293
785.15	0	.6002928	.1275056	.1799225	.09227915
784.15	0	.6031122	.1236711	.1787803	.09443636
783.15	0	.6058597	.1199193	.1776559	.09656511
782.15	0	.6085371	.1162479	.176549	.09866595
781.15	0	.6111463	.1126551	.1754592	.1007394
780.15	0	.6136891	.1091388	.1743862	.1027859
779.15	0	.6161673	.1056971	.1733296	.1048061
778.15	0	.6185824	.1023281	.1722891	.1068003
777.15	0	.6209363	.09903021	.1712644	.1087691
776.15	0	.6232304	.09580154	.1702552	.1107129
775.15	0	.6254664	.09264045	.1692611	.1126321
774.15	0	.6276456	.08954528	.1682818	.1145273
773.15	0	.6297697	.08651445	.1673172	.1163987
772.15	0	.6318399	.0835464	.1663667	.1182469
771.15	0	.6338578	.08063964	.1654303	.1200723
770.15	0	.6358245	.07779268	.1645076	.1218752
769.15	0	.6377415	.07500411	.1635984	.123656
768.15	0	.63961	.07227254	.1627023	.1254151
767.15	0	.6414313	.06959662	.1618192	.127153
766.15	0	.6432065	.06697502	.1609487	.1288698
765.15	0	.6449368	.06440647	.1600907	.1305661
764.15	0	.6466233	.06188972	.1592448	.1322422
763.15	0	.6482672	.05942355	.1584109	.1338983
762.15	0	.6498696	.05700677	.1575887	.1355349
761.15	0	.6514315	.05463823	.156778	.1371522
760.15	0	.6529539	.0523168	.1559786	.1387507
759.15	0	.6544378	.05004137	.1551903	.1403305
758.15	0	.6558843	.04781089	.1544127	.1418921
757.15	0	.6572942	.04562429	.1536458	.1434357
756.15	0	.6586685	.04348056	.1528893	.1449616
755.15	0	.6600081	.04137871	.1521431	.1464702
754.15	0	.6613138	.03931776	.1514068	.1479616
753.15	0	.6625866	.03729676	.1506804	.1494363
752.15	0	.6638273	.03531479	.1499635	.1508944
751.15	0	.6650366	.03337094	.1492562	.1523363
750.15	0	.6662154	.03146434	.1485581	.1537622
749.15	0	.6673645	.02959411	.1478691	.1551724
748.15	0	.6684846	.02775943	.1471889	.1565671
747.15	0	.6695764	.02595946	.1465175	.1579466
746.15	0	.6706407	.02419342	.1458547	.1593112
745.15	0	.6716782	.0224605	.1452002	.160661
744.15	0	.6726896	.02075997	.144554	.1619964
743.15	0	.6736755	.01909105	.1439159	.1633176
742.15	0	.6746366	.01745303	.1432856	.1646248
741.15	0	.6755735	.0158452	.1426631	.1659182
740.15	0	.6764868	.01426686	.1420482	.1671981
739.15	0	.6773772	.01271734	.1414407	.1684647
738.15	0	.6782452	.01119596	.1408406	.1697182
737.15	0	.6790915	.009702087	.1402476	.1709589
736.15	0	.6799165	.008235088	.1396616	.1721869
735.15	0	.6807208	.006794345	.1390825	.1734024
734.15	0	.6815049	.005379256	.1385102	.1746056
733.15	0	.6822695	.003989233	.1379445	.1757969
732.15	0	.6830149	.002623702	.1373852	.1769762
731.15	0	.6837416	.001282102	.1368323	.1781439
730.1776	0	.6844309	0	.1363007	.1792684
730.1776	0	.6844309	0	.1363007	.1792684
730.15	0	.6844278	0	.1362954	.1792768
729.15	0	.6843146	0	.1361057	.1795797
728.15	0	.684202	0	.1359165	.1798815
727.15	0	.6840899	0	.135728	.1801821
726.15	0	.6839783	0	.13554	.1804817
725.15	0	.6838673	0	.1353526	.1807802
724.15	0	.6837568	0	.1351658	.1810775
723.15	0	.6836468	0	.1349795	.1813737
722.15	0	.6835373	0	.1347939	.1816689
721.15	0	.6834283	0	.1346088	.1819629
720.15	0	.6833198	0	.1344243	.1822558
719.15	0	.6832119	0	.1342404	.1825477
718.15	0	.6831045	0	.1340571	.1828384
717.15	0	.6829975	0	.1338744	.1831281
716.15	0	.6828911	0	.1336922	.1834167
715.15	0	.6827851	0	.1335107	.1837042
714.15	0	.6826797	0	.1333297	.1839906
713.15	0	.6825748	0	.1331493	.184276
712.15	0	.6824703	0	.1329695	.1845602
711.15	0	.6823663	0	.1327902	.1848434
710.15	0	.6822629	0	.1326116	.1851256
709.15	0	.6821599	0	.1324335	.1854066
708.15	0	.6820574	0	.1322561	.1856866
707.15	0	.6819553	0	.1320792	.1859655
706.15	0	.6818538	0	.1319028	.1862434
705.15	0	.6817527	0	.1317271	.1865202
704.15	0	.6816521	0	.131552	.1867959
703.15	0	.681552	0	.1313774	.1870706
702.15	0	.6814524	0	.1312034	.1873443
701.15	0	.6813532	0	.13103	.1876169
700.15	0	.6812545	0	.1308572	.1878884
699.15	0	.6811562	0	.1306849	.1881589
698.15	0	.6810584	0	.1305132	.1884283
697.15	0	.6809611	0	.1303422	.1886967
696.15	0	.6808642	0	.1301717	.1889641
695.15	0	.6807678	0	.1300017	.1892304
694.15	0	.6806718	0	.1298324	.1894957
693.15	0	.6805764	0	.1296636	.18976
692.15	0	.6804813	0	.1294955	.1900232
691.15	0	.6803867	0	.1293279	.1902854
690.15	0	.6802925	0	.1291609	.1905466
689.15	0	.6801988	0	.1289944	.1908067
688.15	0	.6801056	0	.1288286	.1910658
687.15	0	.6800127	0	.1286633	.1913239
686.15	0	.6799204	0	.1284986	.191581
685.15	0	.6798284	0	.1283345	.1918371
684.15	0	.6797369	0	.128171	.1920921
683.15	0	.6796458	0	.128008	.1923461
682.15	0	.6795552	0	.1278457	.1925991
681.15	0	.679465	0	.1276839	.1928511
680.15	0	.6793752	0	.1275227	.1931021
679.15	0	.6792859	0	.1273621	.1933521
678.15	0	.679197	0	.127202	.193601
677.15	0	.6791085	0	.1270425	.193849
676.15	0	.6790204	0	.1268836	.1940959
675.15	0	.6789328	0	.1267253	.1943419
674.15	0	.6788456	0	.1265676	.1945868
673.15	0	.6787588	0	.1264105	.1948308
672.15	0	.6786724	0	.1262539	.1950737
671.15	0	.6785864	0	.1260979	.1953157
670.15	0	.6785009	0	.1259425	.1955566
669.15	0	.6784157	0	.1257877	.1957966
668.15	0	.678331	0	.1256334	.1960356
667.15	0	.6782467	0	.1254798	.1962735
666.15	0	.6781628	0	.1253267	.1965105
665.15	0	.6780793	0	.1251742	.1967465
664.15	0	.6779962	0	.1250222	.1969816
663.15	0	.6779135	0	.1248709	.1972156
662.15	0	.6778313	0	.1247201	.1974486
661.15	0	.6777494	0	.1245699	.1976807
660.15	0	.6776679	0	.1244203	.1979118
659.15	0	.6775869	0	.1242713	.1981419
658.15	0	.6775062	0	.1241228	.198371
657.15	0	.6774259	0	.1239749	.1985992
656.15	0	.677346	0	.1238276	.1988263
655.15	0	.6772666	0	.1236809	.1990525
654.15	0	.6771875	0	.1235348	.1992778
653.15	0	.6771088	0	.1233892	.199502
652.15	0	.6770305	0	.1232442	.1997253
651.15	0	.6769526	0	.1230998	.1999476
650.15	0	.6768751	0	.122956	.200169
649.15	0	.6767979	0	.1228127	.2003894
648.15	0	.6767212	0	.1226701	.2006088
647.15	0	.6766448	0	.122528	.2008272
646.15	0	.6765688	0	.1223864	.2010447
645.15	0	.6764932	0	.1222455	.2012613
644.15	0	.676418	0	.1221051	.2014768
643.15	0	.6763432	0	.1219654	.2016914
642.15	0	.6762688	0	.1218262	.2019051
641.15	0	.6761947	0	.1216875	.2021178
640.15	0	.676121	0	.1215495	.2023296
639.15	0	.6760477	0	.121412	.2025403
638.15	0	.6759747	0	.1212751	.2027502
637.15	0	.6759022	0	.1211388	.2029591
636.15	0	.67583	0	.121003	.203167
635.15	0	.6757581	0	.1208679	.203374
634.15	0	.6756867	0	.1207333	.2035801
633.15	0	.6756156	0	.1205993	.2037851
632.15	0	.6755449	0	.1204658	.2039893
631.15	0	.6754745	0	.1203329	.2041925
630.15	0	.6754046	0	.1202007	.2043948
629.15	0	.6753349	0	.1200689	.2045961
628.15	0	.6752657	0	.1199378	.2047965
627.15	0	.6751968	0	.1198072	.204996
626.15	0	.6751283	0	.1196772	.2051945
625.15	0	.6750601	0	.1195478	.205392
624.15	0	.6749923	0	.119419	.2055887
623.15	0	.6749249	0	.1192907	.2057844
622.15	0	.6748578	0	.119163	.2059792
621.15	0	.6747911	0	.1190359	.206173
620.15	0	.6747247	0	.1189094	.2063659
619.15	0	.6746587	0	.1187834	.2065579
618.15	0	.6745931	0	.118658	.206749
617.15	0	.6745278	0	.1185332	.2069391
616.15	0	.6744628	0	.1184089	.2071283
615.15	0	.6743982	0	.1182852	.2073166
614.15	0	.674334	0	.1181621	.207504
613.15	0	.6742701	0	.1180395	.2076904
612.15	0	.6742065	0	.1179176	.2078759
611.15	0	.6741433	0	.1177962	.2080605
610.15	0	.6740804	0	.1176754	.2082442
609.15	0	.6740179	0	.1175551	.208427
608.15	0	.6739558	0	.1174354	.2086088
607.15	0	.6738939	0	.1173163	.2087898
606.15	0	.6738325	0	.1171977	.2089698
605.15	0	.6737713	0	.1170797	.2091489
604.15	0	.6737105	0	.1169623	.2093272
603.15	0	.6736501	0	.1168455	.2095045
602.15	0	.67359	0	.1167292	.2096808
601.15	0	.6735302	0	.1166135	.2098563
600.15	0	.6734707	0	.1164984	.2100309
599.15	0	.6734116	0	.1163838	.2102046
598.15	0	.6733529	0	.1162698	.2103774
597.15	0	.6732944	0	.1161563	.2105493
596.15	0	.6732363	0	.1160434	.2107203
595.15	0	.6731786	0	.1159311	.2108903
594.15	0	.6731211	0	.1158193	.2110595
593.15	0	.673064	0	.1157082	.2112278
592.15	0	.6730073	0	.1155975	.2113952
591.15	0	.6729508	0	.1154875	.2115617
590.15	0	.6728947	0	.115378	.2117273
589.15	0	.6728389	0	.115269	.2118921
588.15	0	.6727834	0	.1151607	.2120559
587.15	0	.6727283	0	.1150528	.2122189
586.15	0	.6726735	0	.1149456	.2123809
585.15	0	.672619	0	.1148389	.2125421
584.15	0	.6725648	0	.1147327	.2127024
583.15	0	.672511	0	.1146272	.2128619
582.15	0	.6724575	0	.1145221	.2130204
581.15	0	.6724043	0	.1144177	.2131781
580.15	0	.6723514	0	.1143137	.2133349
579.15	0	.6722988	0	.1142104	.2134908
578.15	0	.6722466	0	.1141076	.2136458
577.15	0	.6721946	0	.1140054	.2138
576.15	0	.672143	0	.1139037	.2139533
575.15	0	.6720917	0	.1138025	.2141058
574.15	0	.6720407	0	.1137019	.2142573
573.15	0	.6719901	0	.1136019	.214408
572.15	0	.6719397	0	.1135024	.2145579
571.15	0	.6718896	0	.1134035	.2147069
570.15	0	.6718399	0	.1133051	.214855
569.15	0	.6717905	0	.1132073	.2150023
568.15	0	.6717413	0	.11311	.2151487
567.15	0	.6716925	0	.1130133	.2152942
566.15	0	.671644	0	.1129171	.2154389
565.15	0	.6715958	0	.1128214	.2155828
564.15	0	.6715479	0	.1127263	.2157258
563.15	0	.6715003	0	.1126318	.2158679
562.15	0	.671453	0	.1125377	.2160092
561.15	0	.671406	0	.1124443	.2161497
560.15	0	.6713594	0	.1123513	.2162893
559.15	0	.671313	0	.1122589	.2164281
558.15	0	.6712669	0	.1121671	.216566
557.15	0	.6712211	0	.1120758	.2167031
556.15	0	.6711756	0	.111985	.2168394
555.15	0	.6711304	0	.1118948	.2169748
554.15	0	.6710855	0	.1118051	.2171094
553.15	0	.6710409	0	.1117159	.2172432
552.15	0	.6709966	0	.1116273	.2173761
551.15	0	.6709526	0	.1115392	.2175082
550.15	0	.6709088	0	.1114516	.2176395
549.15	0	.6708654	0	.1113646	.21777
548.15	0	.6708223	0	.1112781	.2178996
547.15	0	.6707794	0	.1111922	.2180285
546.15	0	.6707368	0	.1111067	.2181565
545.15	0	.6706946	0	.1110218	.2182837
544.15	0	.6706526	0	.1109374	.21841
543.15	0	.6706109	0	.1108535	.2185356
542.15	0	.6705694	0	.1107702	.2186604
541.15	0	.6705283	0	.1106874	.2187843
540.15	0	.6704874	0	.1106051	.2189075
539.15	0	.6704469	0	.1105233	.2190298
538.15	0	.6704066	0	.110442	.2191514
537.15	0	.6703666	0	.1103613	.2192721
536.15	0	.6703268	0	.1102811	.2193921
535.15	0	.6702874	0	.1102014	.2195113
534.15	0	.6702482	0	.1101222	.2196296
533.15	0	.6702093	0	.1100435	.2197472
532.15	0	.6701707	0	.1099653	.219864
531.15	0	.6701323	0	.1098877	.21998
530.15	0	.6700942	0	.1098105	.2200952
529.15	0	.6700564	0	.1097339	.2202097
528.15	0	.6700189	0	.1096578	.2203233
527.15	0	.6699816	0	.1095822	.2204362
526.15	0	.6699446	0	.109507	.2205484
525.15	0	.6699079	0	.1094324	.2206597
524.15	0	.6698714	0	.1093583	.2207703
523.15	0	.6698352	0	.1092847	.2208801
522.15	0	.6697993	0	.1092116	.2209891
521.15	0	.6697636	0	.1091389	.2210974
520.15	0	.6697282	0	.1090668	.221205
519.15	0	.6696931	0	.1089952	.2213117
518.15	0	.6696582	0	.1089241	.2214177
517.15	0	.6696236	0	.1088534	.221523
516.15	0	.6695892	0	.1087832	.2216275
515.15	0	.6695551	0	.1087136	.2217313
514.15	0	.6695213	0	.1086444	.2218343
513.15	0	.6694877	0	.1085757	.2219366
512.15	0	.6694544	0	.1085075	.2220381
511.15	0	.6694213	0	.1084398	.2221389
510.15	0	.6693885	0	.1083725	.222239
509.15	0	.6693559	0	.1083058	.2223383
508.15	0	.6693236	0	.1082395	.2224369
507.15	0	.6692915	0	.1081737	.2225348
506.15	0	.6692597	0	.1081083	.222632
505.15	0	.6692281	0	.1080435	.2227284
504.15	0	.6691968	0	.1079791	.2228241
503.15	0	.6691657	0	.1079152	.2229191
502.15	0	.6691349	0	.1078517	.2230134
501.15	0	.6691043	0	.1077887	.223107
500.15	0	.6690739	0	.1077262	.2231999
499.15	0	.6690438	0	.1076641	.2232921
498.15	0	.669014	0	.1076025	.2233835
497.15	0	.6689843	0	.1075414	.2234743
496.15	0	.668955	0	.1074807	.2235644
495.15	0	.6689258	0	.1074205	.2236537
494.15	0	.6688969	0	.1073607	.2237424
493.15	0	.6688682	0	.1073014	.2238304
492.15	0	.6688398	0	.1072425	.2239177
491.15	0	.6688116	0	.1071841	.2240044
490.15	0	.6687836	0	.1071261	.2240903
489.15	0	.6687558	0	.1070686	.2241756
488.15	0	.6687283	0	.1070115	.2242602
487.15	0	.668701	0	.1069548	.2243441
486.15	0	.668674	0	.1068986	.2244274
485.15	0	.6686471	0	.1068429	.22451
484.15	0	.6686205	0	.1067875	.224592
483.15	0	.6685941	0	.1067326	.2246732
482.15	0	.668568	0	.1066782	.2247539
481.15	0	.668542	0	.1066241	.2248339
480.15	0	.6685163	0	.1065705	.2249132
479.15	0	.6684908	0	.1065173	.2249919
478.15	0	.6684655	0	.1064646	.2250699
477.15	0	.6684405	0	.1064122	.2251473
476.15	0	.6684156	0	.1063603	.2252241
475.15	0	.668391	0	.1063088	.2253002
474.15	0	.6683666	0	.1062577	.2253757
473.15	0	.6683424	0	.106207	.2254506
472.15	0	.6683184	0	.1061568	.2255248
471.15	0	.6682946	0	.1061069	.2255985
470.15	0	.668271	0	.1060575	.2256715
469.15	0	.6682477	0	.1060085	.2257439
468.15	0	.6682245	0	.1059598	.2258157
467.15	0	.6682016	0	.1059116	.2258869
466.15	0	.6681788	0	.1058637	.2259574
465.15	0	.6681563	0	.1058163	.2260274
464.15	0	.6681339	0	.1057693	.2260968
463.15	0	.6681118	0	.1057226	.2261656
462.15	0	.6680899	0	.1056764	.2262338
461.15	0	.6680681	0	.1056305	.2263014
460.15	0	.6680466	0	.105585	.2263684
459.15	0	.6680252	0	.1055399	.2264349
458.15	0	.6680041	0	.1054952	.2265007
457.15	0	.6679831	0	.1054509	.226566
456.15	0	.6679624	0	.1054069	.2266307
455.15	0	.6679418	0	.1053633	.2266949
454.15	0	.6679214	0	.1053201	.2267585
453.15	0	.6679013	0	.1052773	.2268215
452.15	0	.6678813	0	.1052348	.226884
451.15	0	.6678615	0	.1051927	.2269459
450.15	0	.6678418	0	.1051509	.2270072
449.15	0	.6678224	0	.1051095	.2270681
448.15	0	.6678031	0	.1050685	.2271283
447.15	0	.6677841	0	.1050279	.227188
446.15	0	.6677652	0	.1049876	.2272472
445.15	0	.6677465	0	.1049477	.2273059
444.15	0	.667728	0	.1049081	.2273639
443.15	0	.6677096	0	.1048688	.2274215
442.15	0	.6676915	0	.10483	.2274786
441.15	0	.6676735	0	.1047915	.2275351
440.15	0	.6676557	0	.1047533	.2275911
439.15	0	.667638	0	.1047154	.2276465
438.15	0	.6676206	0	.104678	.2277015
437.15	0	.6676033	0	.1046408	.2277559
436.15	0	.6675862	0	.104604	.2278098
435.15	0	.6675693	0	.1045675	.2278632
434.15	0	.6675525	0	.1045314	.2279161
433.15	0	.6675359	0	.1044956	.2279685
432.15	0	.6675195	0	.1044602	.2280204
431.15	0	.6675032	0	.104425	.2280718
430.15	0	.6674871	0	.1043902	.2281227
429.15	0	.6674712	0	.1043557	.2281731
428.15	0	.6674554	0	.1043216	.228223
427.15	0	.6674398	0	.1042878	.2282724
426.15	0	.6674244	0	.1042542	.2283214
425.15	0	.6674091	0	.104221	.2283699
