T	 BPW(LIQUID)	BPW(BCC_A2)	BPW(FCC_A1)	BPW(LAVES_PHASE_C14)	BPW(NI3TI)
1473.15	.1931695	.8068305	0	0	0
1472.15	.1906422	.8093578	0	0	0
1471.15	.1881322	.8118678	0	0	0
1470.15	.1856393	.8143607	0	0	0
1469.15	.1831634	.8168366	0	0	0
1468.15	.1807044	.8192956	0	0	0
1467.15	.1782621	.8217379	0	0	0
1466.15	.1758363	.8241637	0	0	0
1465.15	.1734269	.8265731	0	0	0
1464.15	.1710338	.8289662	0	0	0
1463.15	.1686569	.8313431	0	0	0
1462.15	.1662959	.8337041	0	0	0
1461.15	.1639508	.8360492	0	0	0
1460.15	.1616213	.8383787	0	0	0
1459.15	.1593075	.8406925	0	0	0
1458.15	.1570091	.8429909	0	0	0
1457.15	.1547261	.8452739	0	0	0
1456.15	.1524582	.8475418	0	0	0
1455.15	.1502054	.8497946	0	0	0
1454.15	.1479675	.8520325	0	0	0
1453.15	.1457444	.8542556	0	0	0
1452.15	.143536	.856464	0	0	0
1451.15	.1413421	.8586579	0	0	0
1450.15	.1391627	.8608373	0	0	0
1449.15	.1369976	.8630024	0	0	0
1448.15	.1348467	.8651533	0	0	0
1447.15	.1327098	.8672902	0	0	0
1446.15	.1305869	.8694131	0	0	0
1445.15	.1284778	.8715222	0	0	0
1444.15	.1263825	.8736175	0	0	0
1443.15	.1243008	.8756992	0	0	0
1442.15	.1222325	.8777675	0	0	0
1441.15	.1201777	.8798223	0	0	0
1440.15	.1181361	.8818639	0	0	0
1439.15	.1161077	.8838923	0	0	0
1438.15	.1140923	.8859077	0	0	0
1437.15	.1120899	.8879101	0	0	0
1436.15	.1101004	.8898996	0	0	0
1435.15	.1081235	.8918765	0	0	0
1434.15	.1061593	.8938407	0	0	0
1433.15	.1042076	.8957924	0	0	0
1432.15	.1022684	.8977316	0	0	0
1431.15	.1003415	.8996585	0	0	0
1430.15	.09842678	.9015732	0	0	0
1429.15	.09652421	.9034758	0	0	0
1428.15	.09463367	.9053663	0	0	0
1427.15	.09275506	.9072449	0	0	0
1426.15	.09088829	.9091117	0	0	0
1425.15	.08903326	.9109667	0	0	0
1424.15	.08718988	.9128101	0	0	0
1423.15	.08535805	.914642	0	0	0
1422.15	.08353768	.9164623	0	0	0
1421.15	.08172869	.9182713	0	0	0
1420.15	.07993097	.920069	0	0	0
1419.15	.07814445	.9218556	0	0	0
1418.15	.07636902	.923631	0	0	0
1417.15	.07460461	.9253954	0	0	0
1416.15	.07285113	.9271489	0	0	0
1415.15	.07110849	.9288915	0	0	0
1414.15	.06937661	.9306234	0	0	0
1413.15	.0676554	.9323446	0	0	0
1412.15	.06594479	.9340552	0	0	0
1411.15	.06424467	.9357553	0	0	0
1410.15	.06255499	.937445	0	0	0
1409.15	.06087564	.9391244	0	0	0
1408.15	.05920657	.9407934	0	0	0
1407.15	.05754768	.9424523	0	0	0
1406.15	.05589889	.9441011	0	0	0
1405.15	.05426014	.9457399	0	0	0
1404.15	.05263134	.9473687	0	0	0
1403.15	.05101241	.9489876	0	0	0
1402.15	.04940329	.9505967	0	0	0
1401.15	.04780389	.9521961	0	0	0
1400.15	.04621415	.9537859	0	0	0
1399.15	.04463398	.955366	0	0	0
1398.15	.04306333	.9569367	0	0	0
1397.15	.04150211	.9584979	0	0	0
1396.15	.03995026	.9600497	0	0	0
1395.15	.0384077	.9615923	0	0	0
1394.15	.03687437	.9631256	0	0	0
1393.15	.03535019	.9646498	0	0	0
1392.15	.0338351	.9661649	0	0	0
1391.15	.03232904	.967671	0	0	0
1390.15	.03083193	.9691681	0	0	0
1389.15	.02934371	.9706563	0	0	0
1388.15	.02786432	.9721357	0	0	0
1387.15	.02639368	.9736063	0	0	0
1386.15	.02493174	.9750683	0	0	0
1385.15	.02347843	.9765216	0	0	0
1384.15	.02203369	.9779663	0	0	0
1383.15	.02059746	.9794025	0	0	0
1382.15	.01916967	.9808303	0	0	0
1381.15	.01775027	.9822497	0	0	0
1380.15	.01633919	.9836608	0	0	0
1379.15	.01493638	.9850636	0	0	0
1378.15	.01354178	.9864582	0	0	0
1377.15	.01215532	.9878447	0	0	0
1376.15	.01077695	.9892231	0	0	0
1375.15	.009406611	.9905934	0	0	0
1374.15	.00804425	.9919558	0	0	0
1373.15	.006689809	.9933102	0	0	0
1372.15	.005343233	.9946568	0	0	0
1371.15	.004004466	.9959955	0	0	0
1370.15	.002673453	.9973266	0	0	0
1369.15	.001350142	.9986499	0	0	0
1368.15	3.447825E-05	.9999655	0	0	0
1368.124	0	1	0	0	0
1368.124	0	1	0	0	0
1367.15	0	1	0	0	0
1366.15	0	1	0	0	0
1365.15	0	1	0	0	0
1364.15	0	1	0	0	0
1363.15	0	1	0	0	0
1362.15	0	1	0	0	0
1361.15	0	1	0	0	0
1360.15	0	1	0	0	0
1359.15	0	1	0	0	0
1358.15	0	1	0	0	0
1357.15	0	1	0	0	0
1356.15	0	1	0	0	0
1355.15	0	1	0	0	0
1354.15	0	1	0	0	0
1353.15	0	1	0	0	0
1352.15	0	1	0	0	0
1351.15	0	1	0	0	0
1350.15	0	1	0	0	0
1349.15	0	1	0	0	0
1348.15	0	1	0	0	0
1347.15	0	1	0	0	0
1346.15	0	1	0	0	0
1345.15	0	1	0	0	0
1344.15	0	1	0	0	0
1343.15	0	1	0	0	0
1342.15	0	1	0	0	0
1341.15	0	1	0	0	0
1340.15	0	1	0	0	0
1339.15	0	1	0	0	0
1338.15	0	1	0	0	0
1337.15	0	1	0	0	0
1336.15	0	1	0	0	0
1335.15	0	1	0	0	0
1334.15	0	1	0	0	0
1333.15	0	1	0	0	0
1332.15	0	1	0	0	0
1331.15	0	1	0	0	0
1330.15	0	1	0	0	0
1329.15	0	1	0	0	0
1328.15	0	1	0	0	0
1327.15	0	1	0	0	0
1326.15	0	1	0	0	0
1325.15	0	1	0	0	0
1324.15	0	1	0	0	0
1323.15	0	1	0	0	0
1322.15	0	1	0	0	0
1321.15	0	1	0	0	0
1320.15	0	1	0	0	0
1319.15	0	1	0	0	0
1318.15	0	1	0	0	0
1317.15	0	1	0	0	0
1316.15	0	1	0	0	0
1315.15	0	1	0	0	0
1314.15	0	1	0	0	0
1313.15	0	1	0	0	0
1312.15	0	1	0	0	0
1311.15	0	1	0	0	0
1310.15	0	1	0	0	0
1309.15	0	1	0	0	0
1308.15	0	1	0	0	0
1307.15	0	1	0	0	0
1306.15	0	1	0	0	0
1305.15	0	1	0	0	0
1304.15	0	1	0	0	0
1303.15	0	1	0	0	0
1302.15	0	1	0	0	0
1301.15	0	1	0	0	0
1300.15	0	1	0	0	0
1299.15	0	1	0	0	0
1298.15	0	1	0	0	0
1297.15	0	1	0	0	0
1296.15	0	1	0	0	0
1295.15	0	1	0	0	0
1294.15	0	1	0	0	0
1293.15	0	1	0	0	0
1292.15	0	1	0	0	0
1291.15	0	1	0	0	0
1290.15	0	1	0	0	0
1289.15	0	1	0	0	0
1288.15	0	1	0	0	0
1287.15	0	1	0	0	0
1286.15	0	1	0	0	0
1285.15	0	1	0	0	0
1284.15	0	1	0	0	0
1283.15	0	1	0	0	0
1282.15	0	1	0	0	0
1281.15	0	1	0	0	0
1280.15	0	1	0	0	0
1279.15	0	1	0	0	0
1278.15	0	1	0	0	0
1277.15	0	1	0	0	0
1276.15	0	1	0	0	0
1275.15	0	1	0	0	0
1274.15	0	1	0	0	0
1273.15	0	1	0	0	0
1272.15	0	1	0	0	0
1271.15	0	1	0	0	0
1270.15	0	1	0	0	0
1269.15	0	1	0	0	0
1268.504	0	1	0	0	0
1268.504	0	1	0	0	0
1268.504	0	1	0	0	0
1268.15	0	.9997818	0	2.181671E-04	0
1267.15	0	.9991658	0	8.341628E-04	0
1266.15	0	.9985511	0	.001448876	0
1265.15	0	.9979377	0	.00206231	0
1264.15	0	.9973255	0	.002674469	0
1263.15	0	.9967146	0	.003285355	0
1262.15	0	.996105	0	.003894973	0
1261.15	0	.9954967	0	.004503326	0
1260.15	0	.9948896	0	.005110418	0
1259.15	0	.9942838	0	.005716252	0
1258.15	0	.9936792	0	.006320831	0
1257.15	0	.9930758	0	.006924159	0
1256.15	0	.9924738	0	.007526239	0
1255.15	0	.9918729	0	.008127075	0
1254.15	0	.9912733	0	.00872667	0
1253.15	0	.990675	0	.009325027	0
1252.15	0	.9900779	0	.00992215	0
1251.15	0	.989482	0	.01051804	0
1250.15	0	.9888873	0	.01111271	0
1249.15	0	.9882939	0	.01170615	0
1248.15	0	.9877016	0	.01229837	0
1247.15	0	.9871106	0	.01288937	0
1246.15	0	.9865208	0	.01347916	0
1245.15	0	.9859323	0	.01406773	0
1244.15	0	.9853449	0	.0146551	0
1243.15	0	.9847587	0	.01524127	0
1242.15	0	.9841738	0	.01582623	0
1241.15	0	.98359	0	.01640999	0
1240.15	0	.9830074	0	.01699256	0
1239.15	0	.9824261	0	.01757394	0
1238.15	0	.9818459	0	.01815413	0
1237.15	0	.9812669	0	.01873313	0
1236.15	0	.9806891	0	.01931095	0
1235.15	0	.9801124	0	.01988759	0
1234.15	0	.9795369	0	.02046306	0
1233.15	0	.9789627	0	.02103735	0
1232.15	0	.9783895	0	.02161047	0
1231.15	0	.9778176	0	.02218242	0
1230.15	0	.9772468	0	.02275321	0
1229.15	0	.9766772	0	.02332284	0
1228.15	0	.9761087	0	.02389132	0
1227.15	0	.9755414	0	.02445863	0
1226.15	0	.9749752	0	.0250248	0
1225.15	0	.9744102	0	.02558981	0
1224.15	0	.9738463	0	.02615368	0
1223.15	0	.9732836	0	.02671641	0
1222.15	0	.972722	0	.027278	0
1221.15	0	.9721616	0	.02783845	0
1220.15	0	.9716022	0	.02839776	0
1219.15	0	.9710441	0	.02895595	0
1218.15	0	.970487	0	.029513	0
1217.15	0	.9699311	0	.03006893	0
1216.15	0	.9693763	0	.03062374	0
1215.15	0	.9688226	0	.03117743	0
1214.15	0	.96827	0	.03173	0
1213.15	0	.9677185	0	.03228146	0
1212.15	0	.9671682	0	.0328318	0
1211.15	0	.966619	0	.03338104	0
1210.15	0	.9660708	0	.03392917	0
1209.15	0	.9655238	0	.0344762	0
1208.15	0	.9649779	0	.03502213	0
1207.15	0	.964433	0	.03556696	0
1206.15	0	.9638893	0	.0361107	0
1205.15	0	.9633467	0	.03665334	0
1204.15	0	.9628051	0	.03719489	0
1203.15	0	.9622646	0	.03773536	0
1202.15	0	.9617252	0	.03827475	0
1201.15	0	.9611869	0	.03881305	0
1200.15	0	.9606497	0	.03935027	0
1199.15	0	.9601136	0	.03988642	0
1198.15	0	.9595785	0	.0404215	0
1197.15	0	.9590445	0	.0409555	0
1196.15	0	.9585116	0	.04148844	0
1195.15	0	.9579797	0	.04202031	0
1194.15	0	.9574489	0	.04255112	0
1193.15	0	.9569191	0	.04308087	0
1192.15	0	.9563904	0	.04360956	0
1191.15	0	.9558628	0	.0441372	0
1190.15	0	.9553362	0	.04466378	0
1189.15	0	.9548107	0	.04518931	0
1188.15	0	.9542862	0	.0457138	0
1187.15	0	.9537628	0	.04623724	0
1186.15	0	.9532404	0	.04675964	0
1185.15	0	.952719	0	.047281	0
1184.15	0	.9521987	0	.04780132	0
1183.685	0	.9519571	0	.04804295	0
1183.685	0	.9519571	0	.04804295	0
1183.685	0	.9519571	0	.04804295	0
1183.15	0	.9512422	4.586744E-04	.0482991	0
1182.15	0	.9499087	.001314245	.04877704	0
1181.15	0	.9485788	.002167403	.04925378	0
1180.15	0	.9472525	.003018152	.04972933	0
1179.15	0	.9459298	.003866495	.05020369	0
1178.15	0	.9446107	.004712437	.05067688	0
1177.15	0	.9432951	.005555981	.05114889	0
1176.15	0	.9419832	.006397131	.05161972	0
1175.15	0	.9406747	.007235891	.05208938	0
1174.15	0	.9393699	.008072264	.05255787	0
1173.15	0	.9380685	.008906254	.0530252	0
1172.15	0	.9367708	.009737865	.05349137	0
1171.15	0	.9354765	.0105671	.05395638	0
1170.15	0	.9341858	.01139396	.05442024	0
1169.15	0	.9328986	.01221846	.05488295	0
1168.15	0	.9316149	.01304059	.05534451	0
1167.15	0	.9303347	.01386035	.05580492	0
1166.15	0	.929058	.01467776	.0562642	0
1165.15	0	.9277848	.01549282	.05672234	0
1164.15	0	.9265151	.01630552	.05717934	0
1163.15	0	.9252489	.01711587	.05763522	0
1162.15	0	.9239862	.01792388	.05808996	0
1161.15	0	.9227269	.01872955	.05854359	0
1160.15	0	.921471	.01953288	.05899609	0
1159.15	0	.9202187	.02033388	.05944747	0
1158.15	0	.9189697	.02113254	.05989774	0
1157.15	0	.9177242	.02192888	.0603469	0
1156.15	0	.9164822	.02272289	.06079495	0
1155.15	0	.9152435	.02351457	.06124189	0
1154.15	0	.9140083	.02430397	.06168775	0
1153.15	0	.9127765	.02509102	.06213249	0
1152.15	0	.9115481	.02587577	.06257614	0
1151.15	0	.9103231	.0266582	.06301869	0
1150.15	0	.9091015	.02743832	.06346016	0
1149.15	0	.9078833	.02821614	.06390053	0
1148.15	0	.9066685	.02899166	.06433982	0
1147.15	0	.9054571	.02976488	.06477803	0
1146.15	0	.904249	.03053581	.06521516	0
1145.15	0	.9030443	.03130445	.06565122	0
1144.15	0	.901843	.0320708	.0660862	0
1143.15	0	.900645	.03283486	.06652012	0
1142.15	0	.8994504	.03359664	.06695297	0
1141.15	0	.8982591	.03435614	.06738475	0
1140.15	0	.8970712	.03511336	.06781547	0
1139.15	0	.8958866	.0358683	.06824514	0
1138.15	0	.8947053	.03662098	.06867375	0
1137.15	0	.8935273	.03737138	.0691013	0
1136.15	0	.8923527	.03811952	.0695278	0
1135.15	0	.8911813	.03886539	.06995326	0
1134.15	0	.8900133	.03960901	.07037768	0
1133.15	0	.8888486	.04035036	.07080105	0
1132.15	0	.8876872	.04108946	.07122338	0
1131.15	0	.886529	.04182631	.07164467	0
1130.15	0	.8853742	.0425609	.07206493	0
1129.15	0	.8842226	.04329325	.07248416	0
1128.15	0	.8830743	.04402335	.07290236	0
1127.15	0	.8819293	.04475121	.07331953	0
1126.15	0	.8807875	.04547682	.07373568	0
1125.15	0	.879649	.0462002	.07415081	0
1124.15	0	.8785137	.04692134	.07456492	0
1123.15	0	.8773817	.04764025	.07497801	0
1122.15	0	.876253	.04835693	.07539009	0
1121.15	0	.8751275	.04907138	.07580115	0
1120.15	0	.8740052	.0497836	.07621121	0
1119.15	0	.8728861	.0504936	.07662026	0
1118.15	0	.8717703	.05120138	.0770283	0
1117.15	0	.8706577	.05190694	.07743535	0
1116.15	0	.8695483	.05261028	.07784139	0
1115.15	0	.8684422	.05331141	.07824643	0
1114.15	0	.8673392	.05401032	.07865048	0
1113.15	0	.8662394	.05470703	.07905354	0
1112.15	0	.8651429	.05540153	.07945561	0
1111.15	0	.8640495	.05609381	.07985669	0
1110.15	0	.8629593	.0567839	.08025678	0
1109.15	0	.8618723	.05747179	.08065589	0
1108.15	0	.8607885	.05815748	.08105401	0
1107.15	0	.8597079	.05884096	.08145116	0
1106.15	0	.8586304	.05952226	.08184733	0
1105.15	0	.8575561	.06020136	.08224252	0
1104.15	0	.856485	.06087827	.08263674	0
1103.15	0	.855417	.06155299	.08302999	0
1102.15	0	.8543522	.06222553	.08342226	0
1101.15	0	.8532906	.06289588	.08381357	0
1100.15	0	.852232	.06356404	.08420392	0
1099.15	0	.8511767	.06423003	.0845933	0
1098.15	0	.8501244	.06489384	.08498172	0
1097.15	0	.8490753	.06555547	.08536919	0
1096.15	0	.8480294	.06621493	.08575569	0
1095.15	0	.8469865	.06687222	.08614124	0
1094.15	0	.8459468	.06752733	.08652583	0
1093.15	0	.8449103	.06818028	.08690948	0
1092.15	0	.8438768	.06883106	.08729217	0
1091.15	0	.8428464	.06947967	.08767392	0
1090.15	0	.8418192	.07012612	.08805471	0
1089.15	0	.840795	.07077041	.08843457	0
1088.15	0	.839774	.07141254	.08881348	0
1087.15	0	.838756	.07205251	.08919145	0
1086.15	0	.8377412	.07269033	.08956848	0
1085.15	0	.8367294	.073326	.08994458	0
1084.15	0	.8357208	.07395951	.09031973	0
1083.15	0	.8347152	.07459088	.09069396	0
1082.15	0	.8337127	.07522009	.09106725	0
1081.15	0	.8327132	.07584716	.09143961	0
1080.15	0	.8317169	.07647209	.09181104	0
1079.15	0	.8307236	.07709487	.09218154	0
1078.15	0	.8297334	.07771551	.09255112	0
1077.15	0	.8287462	.07833402	.09291977	0
1076.15	0	.8277621	.07895039	.0932875	0
1075.15	0	.8267811	.07956462	.09365431	0
1074.15	0	.8258031	.08017672	.09402019	0
1073.15	0	.8248281	.08078669	.09438516	0
1072.15	0	.8238563	.08139453	.09474921	0
1071.15	0	.8228874	.08200024	.09511234	0
1070.15	0	.8219216	.08260382	.09547456	0
1069.15	0	.8209589	.08320528	.09583587	0
1068.15	0	.8199991	.08380462	.09619626	0
1067.15	0	.8190424	.08440184	.09655575	0
1066.15	0	.8180887	.08499694	.09691432	0
1065.15	0	.8171381	.08558992	.09727199	0
1064.15	0	.8161905	.08618079	.09762875	0
1063.15	0	.8152459	.08676954	.0979846	0
1062.15	0	.8143043	.08735619	.09833955	0
1061.15	0	.8133657	.08794072	.0986936	0
1060.15	0	.8124301	.08852315	.09904674	0
1059.15	0	.8114976	.08910347	.09939898	0
1058.15	0	.810568	.08968169	.09975033	0
1057.15	0	.8096414	.0902578	.1001008	0
1056.15	0	.8087179	.09083182	.1004503	0
1055.15	0	.8077973	.09140374	.100799	0
1054.15	0	.8068797	.09197356	.1011467	0
1053.15	0	.8059651	.09254128	.1014936	0
1052.15	0	.8050535	.09310692	.1018395	0
1051.15	0	.8041449	.09367046	.1021846	0
1050.15	0	.8032393	.09423192	.1025288	0
1049.15	0	.8023366	.09479129	.1028721	0
1048.15	0	.8014369	.09534857	.1032145	0
1047.15	0	.8005402	.09590378	.103556	0
1046.15	0	.7996465	.0964569	.1038966	0
1045.15	0	.7987557	.09700795	.1042364	0
1044.15	0	.7978679	.09755691	.1045752	0
1043.15	0	.796983	.09810381	.1049132	0
1042.15	0	.7961011	.09864863	.1052502	0
1041.15	0	.7952222	.09919139	.1055864	0
1040.15	0	.7943462	.09973207	.1059217	0
1039.15	0	.7934732	.1002707	.1062561	0
1038.15	0	.7926031	.1008073	.1065897	0
1037.15	0	.7917359	.1013417	.1069223	0
1036.15	0	.7908717	.1018742	.1072541	0
1035.15	0	.7900104	.1024046	.107585	0
1034.15	0	.7891521	.1029329	.107915	0
1033.15	0	.7882967	.1034592	.1082442	0
1032.15	0	.7874442	.1039834	.1085724	0
1031.15	0	.7865947	.1045056	.1088998	0
1030.15	0	.785748	.1050257	.1092263	0
1029.15	0	.7849043	.1055438	.1095519	0
1028.15	0	.7840635	.1060599	.1098766	0
1027.15	0	.7832256	.1065739	.1102005	0
1026.15	0	.7823907	.1070859	.1105234	0
1025.15	0	.7815586	.1075958	.1108456	0
1024.15	0	.7807295	.1081037	.1111668	0
1023.15	0	.7799032	.1086096	.1114871	0
1022.15	0	.7790799	.1091135	.1118066	0
1021.15	0	.7782594	.1096154	.1121252	0
1020.15	0	.7774419	.1101152	.1124429	0
1019.15	0	.7766272	.110613	.1127597	0
1018.15	0	.7758154	.1111089	.1130757	0
1017.15	0	.7750066	.1116027	.1133908	0
1016.15	0	.7742005	.1120945	.113705	0
1015.15	0	.7733974	.1125843	.1140183	0
1014.15	0	.7725972	.1130721	.1143308	0
1013.15	0	.7717998	.1135579	.1146423	0
1012.15	0	.7710052	.1140417	.114953	0
1011.15	0	.7702136	.1145236	.1152629	0
1010.15	0	.7694248	.1150034	.1155718	0
1009.15	0	.7686389	.1154813	.1158799	0
1008.15	0	.7678558	.1159572	.116187	0
1007.15	0	.7670756	.1164311	.1164933	0
1006.15	0	.7662982	.116903	.1167988	0
1005.15	0	.7655237	.117373	.1171033	0
1004.15	0	.764752	.117841	.117407	0
1003.15	0	.7639831	.1183071	.1177098	0
1002.15	0	.7632171	.1187712	.1180117	0
1001.15	0	.7624539	.1192334	.1183127	0
1000.15	0	.7616936	.1196936	.1186128	0
999.15	0	.760936	.1201519	.1189121	0
998.15	0	.7601813	.1206083	.1192104	0
997.15	0	.7594294	.1210627	.1195079	0
996.15	0	.7586803	.1215152	.1198045	0
995.15	0	.757934	.1219657	.1201002	0
994.15	0	.7571906	.1224144	.1203951	0
993.15	0	.7564499	.1228611	.120689	0
992.15	0	.755712	.123306	.120982	0
991.15	0	.7549769	.1237489	.1212742	0
990.15	0	.7542446	.12419	.1215655	0
989.15	0	.753515	.1246291	.1218558	0
988.15	0	.7527883	.1250664	.1221453	0
987.15	0	.7520643	.1255018	.1224339	0
986.15	0	.7513431	.1259353	.1227216	0
985.15	0	.7506246	.126367	.1230084	0
984.15	0	.7499089	.1267968	.1232943	0
983.15	0	.7491959	.1272248	.1235793	0
982.15	0	.7484857	.1276509	.1238634	0
981.15	0	.7477783	.1280751	.1241466	0
980.15	0	.7470735	.1284976	.1244289	0
979.15	0	.7463715	.1289182	.1247103	0
978.15	0	.7456723	.129337	.1249908	0
977.15	0	.7449757	.129754	.1252704	0
976.15	0	.7442819	.1301691	.125549	0
975.15	0	.7435907	.1305825	.1258268	0
974.15	0	.7429023	.1309941	.1261036	0
973.15	0	.7422165	.1314039	.1263796	0
972.15	0	.7415335	.131812	.1266546	0
971.15	0	.7408531	.1322183	.1269287	0
970.15	0	.7401754	.1326228	.1272018	0
969.15	0	.7395004	.1330256	.1274741	0
968.15	0	.738828	.1334266	.1277454	0
967.15	0	.7381583	.1338259	.1280158	0
966.15	0	.7374912	.1342235	.1282853	0
965.15	0	.7368268	.1346194	.1285538	0
964.15	0	.736165	.1350136	.1288214	0
963.15	0	.7355058	.1354061	.1290881	0
962.15	0	.7348493	.1357969	.1293538	0
961.15	0	.7341954	.1361861	.1296186	0
960.15	0	.733544	.1365736	.1298824	0
959.15	0	.7328952	.1369594	.1301453	0
958.15	0	.7322491	.1373436	.1304073	0
957.15	0	.7316055	.1377262	.1306683	0
956.15	0	.7309645	.1381072	.1309283	0
955.15	0	.730326	.1384866	.1311874	0
954.15	0	.7296901	.1388644	.1314456	0
953.15	0	.7290567	.1392406	.1317027	0
952.15	0	.7284258	.1396152	.1319589	0
951.15	0	.7277975	.1399884	.1322142	0
950.15	0	.7271717	.1403599	.1324684	0
949.15	0	.7265483	.14073	.1327217	0
948.15	0	.7259275	.1410985	.132974	0
947.15	0	.7253091	.1414656	.1332253	0
946.15	0	.7246932	.1418311	.1334757	0
945.15	0	.7240797	.1421952	.1337251	0
944.15	0	.7234687	.1425579	.1339734	0
943.15	0	.7228601	.1429191	.1342208	0
942.15	0	.722254	.1432789	.1344672	0
941.15	0	.7216502	.1436373	.1347125	0
940.15	0	.7210488	.1439943	.1349569	0
939.15	0	.7204498	.1443499	.1352002	0
938.15	0	.7198532	.1447042	.1354426	0
937.15	0	.7192589	.1450572	.1356839	0
936.15	0	.718667	.1454089	.1359241	0
935.15	0	.7180774	.1457592	.1361634	0
934.15	0	.7174901	.1461083	.1364016	0
933.15	0	.7169051	.1464561	.1366388	0
932.15	0	.7163223	.1468027	.136875	0
931.15	0	.7157419	.1471481	.1371101	0
930.15	0	.7151636	.1474922	.1373441	0
929.15	0	.7145876	.1478352	.1375771	0
928.15	0	.7140139	.1481771	.1378091	0
927.15	0	.7134423	.1485178	.1380399	0
926.15	0	.7128729	.1488574	.1382697	0
925.15	0	.7123056	.1491959	.1384985	0
924.15	0	.7117405	.1495334	.1387261	0
923.15	0	.7111776	.1498698	.1389527	0
922.15	0	.7106167	.1502052	.1391781	0
921.15	0	.7100579	.1505396	.1394025	0
920.15	0	.7095012	.150873	.1396257	0
919.15	0	.7089466	.1512055	.1398479	0
918.15	0	.7083939	.1515371	.1400689	0
917.15	0	.7078433	.1518679	.1402888	0
916.15	0	.7072947	.1521977	.1405076	0
915.15	0	.706748	.1525268	.1407253	0
914.15	0	.7062032	.152855	.1409418	0
913.15	0	.7056604	.1531825	.1411572	0
912.15	0	.7051195	.1535092	.1413714	0
911.15	0	.7045804	.1538352	.1415844	0
910.15	0	.7040432	.1541606	.1417963	0
909.15	0	.7035078	.1544853	.142007	0
908.15	0	.7029742	.1548094	.1422165	0
907.15	0	.7024423	.1551329	.1424248	0
906.15	0	.7019122	.1554558	.142632	0
905.15	0	.7013838	.1557783	.1428379	0
904.15	0	.7008571	.1561003	.1430426	0
903.15	0	.7003321	.1564219	.1432461	0
902.15	0	.6998086	.156743	.1434484	0
901.15	0	.6992868	.1570638	.1436494	0
900.15	0	.6987666	.1573843	.1438492	0
899.15	0	.6982479	.1577045	.1440477	0
898.15	0	.6977306	.1580244	.1442449	0
897.15	0	.6972149	.1583442	.1444409	0
896.15	0	.6967006	.1586638	.1446356	0
895.15	0	.6961877	.1589833	.144829	0
894.15	0	.6956762	.1593027	.1450211	0
893.15	0	.695166	.1596221	.1452119	0
892.15	0	.6946571	.1599415	.1454014	0
891.15	0	.6941495	.160261	.1455896	0
890.15	0	.6936431	.1605806	.1457764	0
889.15	0	.6931379	.1609003	.1459618	0
888.15	0	.6926338	.1612203	.1461459	0
887.15	0	.6921309	.1615405	.1463286	0
886.15	0	.691629	.1618611	.1465099	0
885.15	0	.6911281	.1621821	.1466899	0
884.15	0	.6906282	.1625034	.1468684	0
883.15	0	.6901293	.1628253	.1470455	0
882.15	0	.6896312	.1631477	.1472211	0
881.15	0	.689134	.1634707	.1473953	0
880.15	0	.6886376	.1637943	.1475681	0
879.15	0	.688142	.1641187	.1477394	0
878.15	0	.687647	.1644438	.1479092	0
877.15	0	.6871527	.1647698	.1480774	0
876.15	0	.686659	.1650968	.1482442	0
875.15	0	.6861659	.1654247	.1484094	0
874.15	0	.6856732	.1657536	.1485731	0
873.15	0	.685181	.1660837	.1487353	0
872.15	0	.6846892	.166415	.1488958	0
871.15	0	.6841977	.1667475	.1490548	0
870.15	0	.6837065	.1670814	.1492121	0
869.15	0	.6832155	.1674167	.1493678	0
868.15	0	.6827246	.1677535	.1495219	0
867.15	0	.6822338	.1680918	.1496743	0
866.15	0	.6817431	.1684319	.149825	0
865.15	0	.6812522	.1687737	.1499741	0
864.15	0	.6807613	.1691173	.1501214	0
863.15	0	.6802702	.1694629	.150267	0
862.15	0	.6797788	.1698105	.1504108	0
861.15	0	.6792871	.1701602	.1505528	0
860.15	0	.6787949	.1705121	.150693	0
859.15	0	.6783023	.1708663	.1508314	0
858.15	0	.6778091	.171223	.1509679	0
857.15	0	.6773153	.1715822	.1511026	0
856.15	0	.6768207	.171944	.1512353	0
855.15	0	.6763253	.1723086	.1513662	0
854.15	0	.6758289	.1726761	.151495	0
853.15	0	.6753316	.1730465	.1516219	0
852.15	0	.6748331	.1734201	.1517468	0
851.15	0	.6743335	.1737969	.1518697	0
850.15	0	.6738325	.174177	.1519904	0
849.15	0	.6733301	.1745607	.1521091	0
848.15	0	.6728263	.1749481	.1522257	0
847.15	0	.6723207	.1753392	.1523401	0
846.15	0	.6718135	.1757343	.1524522	0
845.15	0	.6713043	.1761335	.1525622	0
844.15	0	.6707932	.176537	.1526698	0
843.15	0	.6702799	.1769449	.1527752	0
842.15	0	.6697643	.1773575	.1528782	0
841.15	0	.6692464	.1777749	.1529788	0
840.15	0	.6687259	.1781972	.1530769	0
839.15	0	.6682027	.1786247	.1531725	0
838.15	0	.6676767	.1790577	.1532657	0
837.15	0	.6671476	.1794962	.1533562	0
836.15	0	.6666153	.1799406	.1534441	0
835.15	0	.6660797	.1803911	.1535292	0
834.15	0	.6655405	.1808479	.1536116	0
833.15	0	.6649976	.1813112	.1536913	0
832.15	0	.6644506	.1817814	.153768	0
831.15	0	.6638996	.1822587	.1538417	0
830.15	0	.6633441	.1827435	.1539125	0
829.15	0	.6627839	.183236	.1539801	0
828.15	0	.6622189	.1837365	.1540446	0
827.15	0	.6616487	.1842455	.1541058	0
826.15	0	.6610731	.1847632	.1541637	0
825.15	0	.6604917	.1852902	.1542181	0
824.15	0	.6599043	.1858267	.154269	0
823.15	0	.6593106	.1863732	.1543162	0
822.15	0	.6587101	.1869302	.1543597	0
821.15	0	.6581025	.1874982	.1543993	0
820.15	0	.6574874	.1880777	.154435	0
819.15	0	.6568643	.1886692	.1544664	0
818.15	0	.6562329	.1892735	.1544936	0
817.15	0	.6555926	.189891	.1545164	0
816.15	0	.6549429	.1905226	.1545345	0
815.15	0	.6542832	.1911689	.1545479	0
814.15	0	.6536129	.1918308	.1545563	0
813.15	0	.6529314	.1925092	.1545595	0
812.15	0	.6522379	.1932049	.1545573	0
811.15	0	.6515316	.1939191	.1545494	0
810.15	0	.6508116	.1946529	.1545355	0
809.15	0	.6500771	.1954075	.1545154	0
808.15	0	.649327	.1961842	.1544888	0
807.15	0	.6485601	.1969847	.1544552	0
806.15	0	.6477752	.1978105	.1544143	0
805.15	0	.6469708	.1986635	.1543657	0
804.15	0	.6461454	.1995459	.1543087	0
803.15	0	.6452971	.2004599	.154243	0
802.15	0	.6441889	.2017014	.1541098	0
801.15	0	.6425538	.2036056	.1538406	0
800.15	0	.6410246	.2053844	.153591	0
799.15	0	.6395893	.2070521	.1533586	0
798.15	0	.6382379	.2086208	.1531413	0
797.15	0	.636962	.2101004	.1529376	0
796.15	0	.6357544	.2114997	.1527459	0
795.15	0	.6346089	.2128259	.1525652	0
794.15	0	.6335201	.2140856	.1523943	0
793.15	0	.6324833	.2152843	.1522324	0
792.15	0	.6314943	.216427	.1520787	0
791.15	0	.6305496	.2175179	.1519325	0
790.15	0	.6296458	.2185611	.1517931	0
789.15	0	.6287801	.2195598	.1516601	0
788.15	0	.6279498	.2205173	.151533	0
787.15	0	.6271526	.2214363	.1514112	0
786.15	0	.6263884	.2223177	.1512939	0
785.15	0	.6256509	.2231672	.1511819	0
784.15	0	.6249407	.2239851	.1510742	0
783.15	0	.6242561	.2247734	.1509705	0
782.15	0	.6235957	.2255337	.1508707	0
781.15	0	.622958	.2262677	.1507743	0
780.15	0	.6223419	.2269768	.1506813	0
779.15	0	.6217461	.2276625	.1505914	0
778.15	0	.6211697	.2283259	.1505044	0
777.15	0	.6206116	.2289682	.1504202	0
776.15	0	.6200709	.2295906	.1503385	0
775.15	0	.6195467	.230194	.1502593	0
774.15	0	.6190382	.2307794	.1501824	0
773.15	0	.6185447	.2313476	.1501077	0
772.15	0	.6180655	.2318995	.1500351	0
771.15	0	.6175999	.2324358	.1499643	0
770.15	0	.6171473	.2329573	.1498955	0
769.15	0	.6167071	.2334645	.1498283	0
768.15	0	.6162788	.2339583	.1497629	0
767.15	0	.6158619	.2344391	.149699	0
766.15	0	.6154559	.2349075	.1496366	0
765.15	0	.6150603	.2353641	.1495756	0
764.15	0	.6146747	.2358093	.149516	0
763.15	0	.6142988	.2362436	.1494576	0
762.15	0	.613932	.2366675	.1494005	0
761.15	0	.6135741	.2370814	.1493445	0
760.15	0	.6132247	.2374857	.1492897	0
759.15	0	.6128834	.2378807	.1492359	0
758.15	0	.6125501	.2382669	.1491831	0
757.15	0	.6122243	.2386445	.1491313	0
756.15	0	.6119058	.2390139	.1490803	0
755.15	0	.6115943	.2393754	.1490303	0
754.15	0	.6112896	.2397294	.1489811	0
753.15	0	.6109914	.2400759	.1489327	0
752.15	0	.6106995	.2404155	.148885	0
751.15	0	.6104137	.2407482	.1488381	0
750.15	0	.6101337	.2410744	.1487919	0
749.15	0	.6098594	.2413943	.1487463	0
748.15	0	.6095906	.241708	.1487014	0
747.15	0	.609327	.2420159	.1486571	0
746.15	0	.6090686	.2423181	.1486133	0
745.15	0	.6088151	.2426147	.1485702	0
744.15	0	.6085664	.2429061	.1485275	0
743.15	0	.6083223	.2431923	.1484854	0
742.15	0	.6080827	.2434736	.1484437	0
741.15	0	.6078474	.24375	.1484026	0
740.15	0	.6076163	.2440218	.1483618	0
739.15	0	.6073893	.2442892	.1483215	0
738.15	0	.6071662	.2445521	.1482816	0
737.15	0	.606947	.2448109	.1482421	0
736.15	0	.6067314	.2450655	.148203	0
735.15	0	.6065195	.2453163	.1481642	0
734.15	0	.606311	.2455631	.1481258	0
733.15	0	.6061059	.2458063	.1480878	0
732.15	0	.6059042	.2460459	.14805	0
731.15	0	.6057055	.246282	.1480125	0
730.15	0	.60551	.2465147	.1479753	0
729.15	0	.6053175	.246744	.1479384	0
728.15	0	.6051279	.2469703	.1479018	0
727.15	0	.6049412	.2471934	.1478654	0
726.15	0	.6047572	.2474135	.1478293	0
725.15	0	.6045759	.2476307	.1477934	0
724.15	0	.6043973	.2478451	.1477577	0
723.15	0	.6042211	.2480567	.1477222	0
722.15	0	.6040475	.2482656	.147687	0
721.15	0	.6038762	.2484719	.1476519	0
720.15	0	.6037073	.2486757	.147617	0
719.15	0	.6035406	.248877	.1475823	0
718.15	0	.6033762	.249076	.1475478	0
717.15	0	.603214	.2492726	.1475134	0
716.15	0	.6030538	.249467	.1474792	0
715.15	0	.6028957	.2496591	.1474452	0
714.15	0	.6027396	.2498492	.1474113	0
713.15	0	.6025855	.2500371	.1473775	0
712.15	0	.6024332	.250223	.1473438	0
711.15	0	.6022828	.2504069	.1473103	0
710.15	0	.6021342	.2505889	.1472769	0
709.15	0	.6019874	.250769	.1472436	0
708.15	0	.6018423	.2509473	.1472104	0
707.15	0	.6016989	.2511238	.1471773	0
706.15	0	.6015571	.2512986	.1471443	0
705.15	0	.6014169	.2514717	.1471114	0
704.15	0	.6012783	.2516431	.1470786	0
703.15	0	.6011412	.2518129	.1470459	0
702.15	0	.6010056	.2519812	.1470133	0
701.15	0	.6008714	.2521479	.1469807	0
700.15	0	.6007387	.2523131	.1469482	0
699.15	0	.6006073	.2524769	.1469158	0
698.15	0	.6004774	.2526393	.1468834	0
697.15	0	.6003487	.2528002	.1468511	0
696.15	0	.6002213	.2529598	.1468188	0
695.15	0	.6000953	.2531181	.1467866	0
694.15	0	.5999704	.2532751	.1467545	0
693.15	0	.5998468	.2534308	.1467224	0
692.15	0	.5997244	.2535853	.1466903	0
691.15	0	.5996031	.2537386	.1466583	0
690.15	0	.5994829	.2538907	.1466263	0
689.15	0	.5993639	.2540417	.1465944	0
688.15	0	.599246	.2541915	.1465625	0
687.15	0	.5991291	.2543403	.1465306	0
686.15	0	.5990133	.254488	.1464988	0
685.15	0	.5988985	.2546346	.146467	0
684.15	0	.5987847	.2547802	.1464352	0
683.15	0	.5986719	.2549247	.1464034	0
682.15	0	.59856	.2550683	.1463717	0
681.15	0	.5984491	.255211	.1463399	0
680.15	0	.5983391	.2553527	.1463082	0
679.15	0	.59823	.2554934	.1462765	0
678.15	0	.5981219	.2556333	.1462449	0
677.15	0	.5980145	.2557723	.1462132	0
676.15	0	.5979081	.2559104	.1461815	0
675.15	0	.5978025	.2560477	.1461499	0
674.15	0	.5976977	.2561841	.1461183	0
673.15	0	.5975937	.2563197	.1460866	0
672.15	0	.5974905	.2564545	.146055	0
671.15	0	.5973881	.2565886	.1460234	0
670.15	0	.5972864	.2567218	.1459918	0
669.15	0	.5971855	.2568544	.1459602	0
668.15	0	.5970853	.2569862	.1459285	0
667.15	0	.5969859	.2571172	.1458969	0
666.15	0	.5968871	.2572476	.1458653	0
665.15	0	.5967891	.2573772	.1458337	0
664.15	0	.5966917	.2575062	.1458021	0
663.15	0	.596595	.2576345	.1457704	0
662.15	0	.596499	.2577622	.1457388	0
661.15	0	.5964036	.2578892	.1457072	0
660.15	0	.5963089	.2580155	.1456755	0
659.15	0	.5962148	.2581413	.1456439	0
658.15	0	.5961213	.2582664	.1456122	0
657.15	0	.5960284	.258391	.1455806	0
656.15	0	.5959362	.2585149	.1455489	0
655.15	0	.5958445	.2586383	.1455173	0
654.15	0	.5957533	.2587611	.1454856	0
653.15	0	.5956628	.2588833	.1454539	0
652.15	0	.5955728	.259005	.1454222	0
651.15	0	.5954834	.2591262	.1453904	0
650.15	0	.5953945	.2592468	.1453587	0
649.15	0	.5953061	.2593669	.145327	0
648.15	0	.5952183	.2594865	.1452952	0
647.15	0	.595131	.2596056	.1452635	0
646.15	0	.5950442	.2597241	.1452317	0
645.15	0	.5949579	.2598422	.1451999	0
644.15	0	.5948721	.2599598	.1451681	0
643.15	0	.5947867	.260077	.1451363	0
642.15	0	.5947019	.2601936	.1451045	0
641.15	0	.5946175	.2603099	.1450726	0
640.15	0	.5945336	.2604256	.1450408	0
639.15	0	.5944502	.2605409	.1450089	0
638.15	0	.5943672	.2606558	.144977	0
637.15	0	.5942847	.2607702	.1449451	0
636.15	0	.5942026	.2608842	.1449132	0
635.15	0	.5941209	.2609978	.1448813	0
634.15	0	.5940397	.2611109	.1448494	0
633.15	0	.5939589	.2612237	.1448174	0
632.15	0	.5938785	.261336	.1447855	0
631.15	0	.5937985	.261448	.1447535	0
630.15	0	.593719	.2615596	.1447215	0
629.15	0	.5936398	.2616707	.1446895	0
628.15	0	.593561	.2617815	.1446575	0
627.15	0	.5934827	.2618919	.1446254	0
626.15	0	.5934047	.2620019	.1445934	0
625.15	0	.5933271	.2621116	.1445613	0
624.15	0	.5932498	.2622209	.1445293	0
623.15	0	.593173	.2623298	.1444972	0
622.15	0	.5930965	.2624384	.1444651	0
621.15	0	.5930204	.2625466	.144433	0
620.15	0	.5929446	.2626545	.1444009	0
619.15	0	.5928692	.2627621	.1443688	0
618.15	0	.5927941	.2628692	.1443366	0
617.15	0	.5927194	.2629761	.1443045	0
616.15	0	.5926451	.2630826	.1442723	0
615.15	0	.592571	.2631888	.1442401	0
614.15	0	.5924974	.2632947	.1442079	0
613.15	0	.592424	.2634003	.1441758	0
612.15	0	.592351	.2635055	.1441435	0
611.15	0	.5922783	.2636104	.1441113	0
610.15	0	.5922059	.263715	.1440791	0
609.15	0	.5921338	.2638193	.1440469	0
608.15	0	.5920621	.2639233	.1440146	0
607.15	0	.5919907	.2640269	.1439824	0
606.15	0	.5919195	.2641303	.1439501	0
605.15	0	.5918487	.2642334	.1439179	0
604.15	0	.5917782	.2643362	.1438856	0
603.15	0	.591708	.2644387	.1438533	0
602.15	0	.5916381	.2645409	.1438211	0
601.15	0	.5915685	.2646428	.1437888	0
600.15	0	.5914991	.2647444	.1437565	0
599.15	0	.5914301	.2648457	.1437242	0
598.15	0	.5913614	.2649468	.1436919	0
597.15	0	.5912929	.2650476	.1436596	0
596.15	0	.5912247	.2651481	.1436272	0
595.15	0	.5911568	.2652483	.1435949	0
594.15	0	.5910892	.2653482	.1435626	0
593.15	0	.5910218	.2654479	.1435303	0
592.15	0	.5909547	.2655473	.143498	0
591.15	0	.5908879	.2656465	.1434656	0
590.15	0	.5908214	.2657453	.1434333	0
589.15	0	.5907551	.2658439	.143401	0
588.15	0	.5906891	.2659423	.1433687	0
587.15	0	.5906233	.2660404	.1433363	0
586.15	0	.5905578	.2661382	.143304	0
585.15	0	.5904926	.2662358	.1432717	0
584.15	0	.5904276	.2663331	.1432394	0
583.15	0	.5903628	.2664301	.1432071	0
582.15	0	.5902984	.2665269	.1431747	0
581.15	0	.5902341	.2666235	.1431424	0
580.15	0	.5901701	.2667197	.1431101	0
579.15	0	.5901064	.2668158	.1430778	0
578.15	0	.5900429	.2669116	.1430455	0
577.15	0	.5899797	.2670071	.1430132	0
576.15	0	.5899167	.2671024	.1429809	0
575.15	0	.5898539	.2671975	.1429486	0
574.15	0	.5897913	.2672923	.1429164	0
573.15	0	.5897291	.2673868	.1428841	0
572.15	0	.589667	.2674811	.1428519	0
571.15	0	.5896052	.2675752	.1428196	0
570.15	0	.5895436	.2676691	.1427874	0
569.15	0	.5894822	.2677626	.1427551	0
568.15	0	.5894211	.267856	.1427229	0
567.15	0	.5893602	.2679491	.1426907	0
566.15	0	.5892995	.268042	.1426585	0
565.15	0	.5892391	.2681346	.1426264	0
564.15	0	.5891788	.268227	.1425942	0
563.15	0	.5891188	.2683192	.142562	0
562.15	0	.589059	.2684111	.1425299	0
561.15	0	.5889995	.2685028	.1424978	0
560.15	0	.5889401	.2685942	.1424656	0
559.15	0	.588881	.2686854	.1424335	0
558.15	0	.5888221	.2687764	.1424015	0
557.15	0	.5887634	.2688672	.1423694	0
556.15	0	.588705	.2689577	.1423374	0
555.15	0	.5886467	.269048	.1423053	0
554.15	0	.5885886	.269138	.1422733	0
553.15	0	.5885308	.2692278	.1422414	0
552.15	0	.5884732	.2693174	.1422094	0
551.15	0	.5884158	.2694068	.1421774	0
550.15	0	.5883586	.2694959	.1421455	0
549.15	0	.5883016	.2695848	.1421136	0
548.15	0	.5882448	.2696735	.1420817	0
547.15	0	.5881882	.2697619	.1420499	0
546.15	0	.5881318	.2698501	.1420181	0
545.15	0	.5880757	.2699381	.1419862	0
544.15	0	.5880197	.2700258	.1419545	0
543.15	0	.5879639	.2701134	.1419227	0
542.15	0	.5879084	.2702006	.141891	0
541.15	0	.587853	.2702877	.1418593	0
540.15	0	.5877979	.2703745	.1418276	0
539.15	0	.5877429	.2704611	.141796	0
538.15	0	.5876882	.2705475	.1417643	0
537.15	0	.5876336	.2706337	.1417328	0
536.15	0	.5875792	.2707196	.1417012	0
535.15	0	.5875251	.2708052	.1416697	0
534.15	0	.5874711	.2708907	.1416382	0
533.15	0	.5874174	.2709759	.1416067	0
532.15	0	.5873638	.2710609	.1415753	0
531.15	0	.5873104	.2711457	.1415439	0
530.15	0	.5872573	.2712302	.1415125	0
529.15	0	.5872044	.2713145	.141481	0
528.15	0	.5871516	.2713986	.1414498	0
527.15	0	.587099	.2714825	.1414185	0
526.15	0	.5870466	.2715661	.1413873	0
525.15	0	.5869944	.2716495	.1413561	0
524.15	0	.5869424	.2717327	.141325	0
523.15	0	.5868906	.2718156	.1412938	0
522.15	0	.5868389	.2718983	.1412628	0
521.15	0	.5867875	.2719808	.1412317	0
520.15	0	.5867362	.272063	.1412008	0
519.15	0	.5866852	.272145	.1411698	0
518.15	0	.5866343	.2722268	.1411389	0
517.15	0	.5865836	.2723084	.141108	0
516.15	0	.5865331	.2723897	.1410772	0
515.15	0	.5864828	.2724708	.1410464	0
514.15	0	.5864327	.2725516	.1410157	0
513.15	0	.5863827	.2726323	.140985	0
512.15	0	.586333	.2727127	.1409544	0
511.15	0	.5862834	.2727928	.1409238	0
510.15	0	.586234	.2728727	.1408932	0
509.15	0	.5861848	.2729524	.1408627	0
508.15	0	.5861358	.2730319	.1408323	0
507.15	0	.586087	.2731111	.1408019	0
506.15	0	.5860384	.2731901	.1407715	0
505.15	0	.5859899	.2732689	.1407412	0
504.15	0	.5859416	.2733474	.140711	0
503.15	0	.5858936	.2734257	.1406807	0
502.15	0	.5858457	.2735037	.1406506	0
501.15	0	.5857979	.2735816	.1406205	0
500.15	0	.5857504	.2736591	.1405905	0
499.15	0	.5857031	.2737365	.1405605	0
498.15	0	.5856559	.2738136	.1405305	0
497.15	0	.5856089	.2738905	.1405007	0
496.15	0	.5855621	.2739671	.1404708	0
495.15	0	.5855155	.2740435	.1404411	0
494.15	0	.585469	.2741196	.1404114	0
493.15	0	.5854227	.2741956	.1403817	0
492.15	0	.5853767	.2742712	.1403521	0
491.15	0	.5853308	.2743467	.1403226	0
490.15	0	.585285	.2744219	.1402931	0
489.15	0	.5852395	.2744968	.1402637	0
488.15	0	.5851941	.2745716	.1402343	0
487.15	0	.5851489	.274646	.140205	0
486.15	0	.5851039	.2747203	.1401758	0
485.15	0	.5850591	.2747943	.1401466	0
484.15	0	.5850145	.274868	.1401175	0
483.15	0	.58497	.2749415	.1400885	0
482.15	0	.5849257	.2750148	.1400595	0
481.15	0	.5848816	.2750878	.1400306	0
480.15	0	.5848377	.2751606	.1400018	0
479.15	0	.5847939	.2752331	.139973	0
478.15	0	.5847503	.2753054	.1399443	0
477.15	0	.584707	.2753774	.1399156	0
476.15	0	.5846637	.2754492	.1398871	0
475.15	0	.5846207	.2755208	.1398586	0
474.15	0	.5845778	.275592	.1398301	0
473.15	0	.5845351	.2756631	.1398018	0
472.15	0	.5844926	.2757339	.1397735	0
471.15	0	.5844503	.2758045	.1397453	0
470.15	0	.5844082	.2758748	.1397171	0
469.15	0	.5843662	.2759448	.139689	0
468.15	0	.5843244	.2760146	.139661	0
467.15	0	.5842828	.2760842	.1396331	0
466.15	0	.5842413	.2761535	.1396052	0
465.15	0	.5842	.2762225	.1395774	0
464.15	0	.5841589	.2762913	.1395498	0
463.15	0	.584118	.2763599	.1395221	0
462.15	0	.5840773	.2764281	.1394946	0
461.15	0	.5840367	.2764962	.1394671	0
460.15	0	.5839963	.276564	.1394397	0
459.15	0	.5839561	.2766315	.1394124	0
458.15	0	.5839161	.2766988	.1393852	0
457.15	0	.5838762	.2767658	.139358	0
456.15	0	.5838365	.2768325	.1393309	0
455.15	0	.583797	.2768991	.1393039	0
454.15	0	.5837577	.2769653	.139277	0
453.15	0	.5837185	.2770313	.1392502	0
452.15	0	.5836796	.277097	.1392234	0
451.15	0	.5836407	.2771625	.1391968	0
450.15	0	.5836021	.2772277	.1391702	0
449.15	0	.5835637	.2772926	.1391437	0
448.15	0	.5835254	.2773573	.1391173	0
447.15	0	.5834874	.2774216	.139091	0
446.15	0	.5834495	.2774857	.1390648	0
445.15	0	.5834118	.2775495	.1390387	0
444.15	0	.5833743	.277613	.1390127	0
443.15	0	.583337	.2776762	.1389867	0
442.15	0	.5832999	.2777392	.1389609	0
441.15	0	.583263	.2778018	.1389352	0
440.15	0	.5832263	.2778641	.1389096	0
439.15	0	.5831898	.2779261	.1388841	0
438.15	0	.5831535	.2779878	.1388586	0
437.15	0	.5831175	.2780492	.1388333	0
436.15	0	.5830816	.2781103	.1388081	0
435.15	0	.5830459	.278171	.1387831	0
434.15	0	.5830105	.2782314	.1387581	0
433.15	0	.5829753	.2782915	.1387332	0
432.15	0	.5829403	.2783512	.1387085	0
431.15	0	.5829055	.2784106	.1386839	0
430.15	0	.5828709	.2784697	.1386594	0
429.15	0	.5828366	.2785284	.138635	0
428.15	0	.5828025	.2785868	.1386107	0
427.15	0	.5827686	.2786448	.1385866	0
426.15	0	.5827349	.2787025	.1385626	0
425.15	0	.5827015	.2787598	.1385387	0
424.15	0	.5826683	.2788168	.1385149	0
423.15	0	.5826353	.2788735	.1384913	0
422.15	0	.5826025	.2789297	.1384678	0
421.15	0	.58257	.2789857	.1384444	0
420.15	0	.5825377	.2790412	.1384211	0
419.15	0	.5825056	.2790964	.138398	0
418.15	0	.5824738	.2791513	.138375	0
417.15	0	.5824422	.2792057	.1383521	0
416.15	0	.5824108	.2792599	.1383293	0
415.15	0	.5823796	.2793137	.1383067	0
414.15	0	.5823487	.2793671	.1382843	0
413.15	0	.582318	.2794201	.1382619	0
412.15	0	.5822875	.2794728	.1382397	0
411.15	0	.5822573	.2795251	.1382176	0
410.15	0	.5822273	.2795771	.1381957	0
409.15	0	.5821975	.2796287	.1381738	0
408.15	0	.5821679	.2796799	.1381522	0
407.15	0	.5821386	.2797308	.1381306	0
406.15	0	.5821095	.2797813	.1381092	0
405.15	0	.5820806	.2798315	.1380879	0
404.15	0	.5820519	.2798813	.1380668	0
403.15	0	.5820235	.2799307	.1380458	0
402.15	0	.5819953	.2799798	.1380249	0
401.15	0	.5819673	.2800286	.1380041	0
400.15	0	.5819395	.2800769	.1379835	0
399.15	0	.581912	.280125	.1379631	0
398.15	0	.5818846	.2801727	.1379427	0
397.15	0	.5818575	.28022	.1379225	0
396.15	0	.5818306	.2802669	.1379025	0
395.15	0	.5818039	.2803136	.1378826	0
394.15	0	.5817774	.2803598	.1378628	0
393.15	0	.5817511	.2804058	.1378431	0
392.15	0	.5817251	.2804513	.1378236	0
391.15	0	.5816992	.2804966	.1378042	0
390.15	0	.5816736	.2805415	.1377849	0
389.15	0	.5816482	.280586	.1377658	0
388.15	0	.5816229	.2806302	.1377468	0
387.15	0	.5815979	.2806741	.137728	0
386.15	0	.5815731	.2807177	.1377092	0
385.15	0	.5815485	.2807609	.1376907	0
384.15	0	.581524	.2808038	.1376722	0
383.15	0	.5814998	.2808463	.1376539	0
382.15	0	.5814758	.2808885	.1376357	0
381.15	0	.581452	.2809304	.1376176	0
380.15	0	.5814283	.280972	.1375997	0
379.15	0	.5814049	.2810132	.1375819	0
378.15	0	.5813816	.2810542	.1375643	0
377.15	0	.5813585	.2810948	.1375467	0
376.15	0	.5813356	.281135	.1375293	0
375.15	0	.5813129	.281175	.137512	0
374.15	0	.5812904	.2812147	.1374949	0
373.15	0	.5812681	.281254	.1374779	0
372.15	0	.5812459	.2812931	.137461	0
371.15	0	.5812239	.2813318	.1374443	0
370.15	0	.5812021	.2813703	.1374276	0
369.15	0	.5811805	.2814084	.1374111	0
368.15	0	.581159	.2814462	.1373948	0
367.15	0	.5811377	.2814838	.1373785	0
366.15	0	.5811166	.281521	.1373624	0
365.15	0	.5810956	.281558	.1373464	0
364.15	0	.5810748	.2815946	.1373305	0
363.15	0	.5810542	.281631	.1373148	0
362.15	0	.5810337	.2816671	.1372992	0
361.15	0	.5810134	.2817029	.1372837	0
360.15	0	.5809933	.2817384	.1372683	0
359.15	0	.5809733	.2817737	.1372531	0
358.15	0	.5809534	.2818086	.1372379	0
357.15	0	.5809338	.2818433	.1372229	0
356.15	0	.5809142	.2818777	.137208	0
