T	 BPW(LIQUID)	BPW(BCC_A2)	BPW(FCC_A1)	BPW(LAVES_PHASE_C14)	BPW(NI3TI)
1473.15	0	1	0	0	0
1472.15	0	1	0	0	0
1471.15	0	1	0	0	0
1470.15	0	1	0	0	0
1469.15	0	1	0	0	0
1468.15	0	1	0	0	0
1467.15	0	1	0	0	0
1466.15	0	1	0	0	0
1465.15	0	1	0	0	0
1464.15	0	1	0	0	0
1463.15	0	1	0	0	0
1462.15	0	1	0	0	0
1461.15	0	1	0	0	0
1460.15	0	1	0	0	0
1459.15	0	1	0	0	0
1458.15	0	1	0	0	0
1457.15	0	1	0	0	0
1456.15	0	1	0	0	0
1455.15	0	1	0	0	0
1454.15	0	1	0	0	0
1453.15	0	1	0	0	0
1452.15	0	1	0	0	0
1451.15	0	1	0	0	0
1450.15	0	1	0	0	0
1449.15	0	1	0	0	0
1448.15	0	1	0	0	0
1447.15	0	1	0	0	0
1446.15	0	1	0	0	0
1445.15	0	1	0	0	0
1444.15	0	1	0	0	0
1443.15	0	1	0	0	0
1442.15	0	1	0	0	0
1441.15	0	1	0	0	0
1440.15	0	1	0	0	0
1439.15	0	1	0	0	0
1438.15	0	1	0	0	0
1437.15	0	1	0	0	0
1436.15	0	1	0	0	0
1435.15	0	1	0	0	0
1434.15	0	1	0	0	0
1433.15	0	1	0	0	0
1432.15	0	1	0	0	0
1431.15	0	1	0	0	0
1430.15	0	1	0	0	0
1429.15	0	1	0	0	0
1428.15	0	1	0	0	0
1427.15	0	1	0	0	0
1426.15	0	1	0	0	0
1425.15	0	1	0	0	0
1424.15	0	1	0	0	0
1423.15	0	1	0	0	0
1422.15	0	1	0	0	0
1421.15	0	1	0	0	0
1420.15	0	1	0	0	0
1419.15	0	1	0	0	0
1418.15	0	1	0	0	0
1417.15	0	1	0	0	0
1416.15	0	1	0	0	0
1415.15	0	1	0	0	0
1414.15	0	1	0	0	0
1413.15	0	1	0	0	0
1412.15	0	1	0	0	0
1411.15	0	1	0	0	0
1410.15	0	1	0	0	0
1409.15	0	1	0	0	0
1408.15	0	1	0	0	0
1407.15	0	1	0	0	0
1406.15	0	1	0	0	0
1405.15	0	1	0	0	0
1404.15	0	1	0	0	0
1403.15	0	1	0	0	0
1402.15	0	1	0	0	0
1401.15	0	1	0	0	0
1400.15	0	1	0	0	0
1399.15	0	1	0	0	0
1398.15	0	1	0	0	0
1397.15	0	1	0	0	0
1396.15	0	1	0	0	0
1395.15	0	1	0	0	0
1394.15	0	1	0	0	0
1393.15	0	1	0	0	0
1392.15	0	1	0	0	0
1391.15	0	1	0	0	0
1390.15	0	1	0	0	0
1389.15	0	1	0	0	0
1388.15	0	1	0	0	0
1387.15	0	1	0	0	0
1386.15	0	1	0	0	0
1385.15	0	1	0	0	0
1384.15	0	1	0	0	0
1383.15	0	1	0	0	0
1382.15	0	1	0	0	0
1381.15	0	1	0	0	0
1380.15	0	1	0	0	0
1379.15	0	1	0	0	0
1378.15	0	1	0	0	0
1377.15	0	1	0	0	0
1376.15	0	1	0	0	0
1375.15	0	1	0	0	0
1374.15	0	1	0	0	0
1373.15	0	1	0	0	0
1372.15	0	1	0	0	0
1371.15	0	1	0	0	0
1370.15	0	1	0	0	0
1369.15	0	1	0	0	0
1368.15	0	1	0	0	0
1367.15	0	1	0	0	0
1366.15	0	1	0	0	0
1365.15	0	1	0	0	0
1364.15	0	1	0	0	0
1363.15	0	1	0	0	0
1362.15	0	1	0	0	0
1361.15	0	1	0	0	0
1360.15	0	1	0	0	0
1359.15	0	1	0	0	0
1358.15	0	1	0	0	0
1357.15	0	1	0	0	0
1356.15	0	1	0	0	0
1355.15	0	1	0	0	0
1354.15	0	1	0	0	0
1353.15	0	1	0	0	0
1352.15	0	1	0	0	0
1351.15	0	1	0	0	0
1350.15	0	1	0	0	0
1349.15	0	1	0	0	0
1348.15	0	1	0	0	0
1347.15	0	1	0	0	0
1346.15	0	1	0	0	0
1345.15	0	1	0	0	0
1344.15	0	1	0	0	0
1343.15	0	1	0	0	0
1342.15	0	1	0	0	0
1341.15	0	1	0	0	0
1340.15	0	1	0	0	0
1339.15	0	1	0	0	0
1338.15	0	1	0	0	0
1337.15	0	1	0	0	0
1336.15	0	1	0	0	0
1335.15	0	1	0	0	0
1334.15	0	1	0	0	0
1333.15	0	1	0	0	0
1332.15	0	1	0	0	0
1331.15	0	1	0	0	0
1330.15	0	1	0	0	0
1329.15	0	1	0	0	0
1328.15	0	1	0	0	0
1327.15	0	1	0	0	0
1326.15	0	1	0	0	0
1325.15	0	1	0	0	0
1324.15	0	1	0	0	0
1323.15	0	1	0	0	0
1322.15	0	1	0	0	0
1321.15	0	1	0	0	0
1320.15	0	1	0	0	0
1319.15	0	1	0	0	0
1318.15	0	1	0	0	0
1317.15	0	1	0	0	0
1316.15	0	1	0	0	0
1315.15	0	1	0	0	0
1314.15	0	1	0	0	0
1313.15	0	1	0	0	0
1312.15	0	1	0	0	0
1311.15	0	1	0	0	0
1310.15	0	1	0	0	0
1309.15	0	1	0	0	0
1308.15	0	1	0	0	0
1307.15	0	1	0	0	0
1306.15	0	1	0	0	0
1305.15	0	1	0	0	0
1304.15	0	1	0	0	0
1303.15	0	1	0	0	0
1302.15	0	1	0	0	0
1301.15	0	1	0	0	0
1300.15	0	1	0	0	0
1299.15	0	1	0	0	0
1298.15	0	1	0	0	0
1297.15	0	1	0	0	0
1296.15	0	1	0	0	0
1295.15	0	1	0	0	0
1294.15	0	1	0	0	0
1293.15	0	1	0	0	0
1292.15	0	1	0	0	0
1291.15	0	1	0	0	0
1290.15	0	1	0	0	0
1289.15	0	1	0	0	0
1288.15	0	1	0	0	0
1287.15	0	1	0	0	0
1286.15	0	1	0	0	0
1285.15	0	1	0	0	0
1284.15	0	1	0	0	0
1283.15	0	1	0	0	0
1282.15	0	1	0	0	0
1281.15	0	1	0	0	0
1280.15	0	1	0	0	0
1279.15	0	1	0	0	0
1278.15	0	1	0	0	0
1277.15	0	1	0	0	0
1276.15	0	1	0	0	0
1275.15	0	1	0	0	0
1274.15	0	1	0	0	0
1273.15	0	1	0	0	0
1272.15	0	1	0	0	0
1271.15	0	1	0	0	0
1270.28	0	1	0	0	0
1270.28	0	1	0	0	0
1270.28	0	1	0	0	0
1270.15	0	.9999245	0	7.553169E-05	0
1269.15	0	.9993458	0	6.542543E-04	0
1268.15	0	.9987683	0	.001231704	0
1267.15	0	.9981921	0	.001807883	0
1266.15	0	.9976172	0	.002382796	0
1265.15	0	.9970436	0	.002956445	0
1264.15	0	.9964712	0	.003528835	0
1263.15	0	.9959	0	.004099969	0
1262.15	0	.9953302	0	.004669849	0
1261.15	0	.9947615	0	.00523848	0
1260.15	0	.9941941	0	.005805864	0
1259.15	0	.993628	0	.006372005	0
1258.15	0	.9930631	0	.006936907	0
1257.15	0	.9924994	0	.007500571	0
1256.15	0	.991937	0	.008063003	0
1255.15	0	.9913758	0	.008624204	0
1254.15	0	.9908158	0	.009184179	0
1253.15	0	.9902571	0	.00974293	0
1252.15	0	.9896995	0	.01030046	0
1251.15	0	.9891432	0	.01085677	0
1250.15	0	.9885881	0	.01141187	0
1249.15	0	.9880342	0	.01196576	0
1248.15	0	.9874816	0	.01251844	0
1247.15	0	.9869301	0	.01306992	0
1246.15	0	.9863798	0	.01362019	0
1245.15	0	.9858307	0	.01416927	0
1244.15	0	.9852828	0	.01471715	0
1243.15	0	.9847362	0	.01526384	0
1242.15	0	.9841907	0	.01580934	0
1241.15	0	.9836464	0	.01635365	0
1240.15	0	.9831032	0	.01689678	0
1239.15	0	.9825613	0	.01743873	0
1238.15	0	.9820205	0	.0179795	0
1237.15	0	.9814809	0	.0185191	0
1236.15	0	.9809425	0	.01905753	0
1235.15	0	.9804052	0	.01959479	0
1234.15	0	.9798691	0	.02013088	0
1233.15	0	.9793342	0	.02066582	0
1232.15	0	.9788004	0	.02119959	0
1231.15	0	.9782678	0	.0217322	0
1230.15	0	.9777363	0	.02226367	0
1229.15	0	.977206	0	.02279398	0
1228.15	0	.9766769	0	.02332314	0
1227.15	0	.9761488	0	.02385116	0
1226.15	0	.975622	0	.02437804	0
1225.15	0	.9750962	0	.02490378	0
1224.15	0	.9745716	0	.02542838	0
1223.15	0	.9740482	0	.02595185	0
1222.15	0	.9735258	0	.02647419	0
1221.15	0	.9730046	0	.0269954	0
1220.15	0	.9724845	0	.02751548	0
1219.15	0	.9719656	0	.02803445	0
1218.15	0	.9714477	0	.02855229	0
1217.15	0	.970931	0	.02906901	0
1216.15	0	.9704154	0	.02958463	0
1215.15	0	.9699009	0	.03009913	0
1214.15	0	.9693875	0	.03061252	0
1213.15	0	.9688752	0	.0311248	0
1212.15	0	.968364	0	.03163598	0
1211.15	0	.9678539	0	.03214607	0
1210.15	0	.967345	0	.03265505	0
1209.15	0	.9668371	0	.03316294	0
1208.15	0	.9663303	0	.03366973	0
1207.15	0	.9658246	0	.03417544	0
1206.15	0	.96532	0	.03468005	0
1205.15	0	.9648164	0	.03518359	0
1204.15	0	.964314	0	.03568603	0
1203.15	0	.9638126	0	.0361874	0
1202.15	0	.9633123	0	.0366877	0
1201.15	0	.9628131	0	.03718692	0
1200.15	0	.9623149	0	.03768506	0
1199.15	0	.9618179	0	.03818214	0
1198.15	0	.9613219	0	.03867815	0
1197.15	0	.9608269	0	.03917309	0
1196.15	0	.960333	0	.03966697	0
1195.15	0	.9598402	0	.0401598	0
1194.15	0	.9593484	0	.04065156	0
1193.15	0	.9588577	0	.04114227	0
1192.15	0	.9583681	0	.04163193	0
1191.15	0	.9578795	0	.04212054	0
1190.15	0	.9573919	0	.0426081	0
1189.15	0	.9569054	0	.04309462	0
1188.15	0	.9564199	0	.04358009	0
1187.15	0	.9559355	0	.04406453	0
1186.15	0	.9554521	0	.04454792	0
1185.15	0	.9549697	0	.04503028	0
1184.15	0	.9544884	0	.04551161	0
1183.15	0	.9540081	0	.04599191	0
1182.15	0	.9535288	0	.04647118	0
1181.15	0	.9530506	0	.04694942	0
1180.15	0	.9525734	0	.04742664	0
1179.15	0	.9520972	0	.04790283	0
1178.15	0	.951622	0	.04837801	0
1177.15	0	.9511478	0	.04885217	0
1176.15	0	.9506747	0	.04932532	0
1175.15	0	.9502025	0	.04979746	0
1174.15	0	.9497314	0	.05026858	0
1173.15	0	.9492613	0	.0507387	0
1172.15	0	.9487922	0	.05120781	0
1171.15	0	.9483241	0	.05167592	0
1170.15	0	.947857	0	.05214303	0
1169.15	0	.9473909	0	.05260914	0
1168.15	0	.9469258	0	.05307425	0
1167.15	0	.9464616	0	.05353836	0
1166.15	0	.9459985	0	.05400149	0
1165.15	0	.9455364	0	.05446363	0
1164.15	0	.9450752	0	.05492477	0
1163.15	0	.9446151	0	.05538494	0
1162.15	0	.9441559	0	.05584411	0
1161.15	0	.9436977	0	.05630231	0
1160.15	0	.9432405	0	.05675953	0
1159.15	0	.9427842	0	.05721577	0
1158.15	0	.942329	0	.05767103	0
1157.15	0	.9418747	0	.05812532	0
1156.15	0	.9414214	0	.05857865	0
1155.15	0	.940969	0	.059031	0
1154.15	0	.9405176	0	.0594824	0
1153.15	0	.9400672	0	.05993282	0
1152.15	0	.9396177	0	.06038228	0
1151.15	0	.9391692	0	.06083078	0
1150.15	0	.9387217	0	.06127832	0
1149.15	0	.9382751	0	.0617249	0
1148.15	0	.9378295	0	.06217053	0
1147.15	0	.9373848	0	.0626152	0
1146.15	0	.9369411	0	.06305893	0
1145.15	0	.9364983	0	.0635017	0
1144.15	0	.9360565	0	.06394353	0
1143.15	0	.9356156	0	.06438442	0
1142.15	0	.9351756	0	.06482436	0
1141.15	0	.9347366	0	.06526336	0
1140.15	0	.9342986	0	.06570143	0
1139.15	0	.9338615	0	.06613855	0
1138.15	0	.9334253	0	.06657474	0
1137.15	0	.93299	0	.06701	0
1136.15	0	.9325557	0	.06744433	0
1135.15	0	.9321223	0	.06787773	0
1134.15	0	.9316898	0	.0683102	0
1133.15	0	.9312582	0	.06874175	0
1132.15	0	.9308276	0	.06917237	0
1131.15	0	.9303979	0	.06960207	0
1130.15	0	.9299692	0	.07003086	0
1129.15	0	.9295413	0	.07045872	0
1128.15	0	.9291143	0	.07088567	0
1127.15	0	.9286883	0	.0713117	0
1126.15	0	.9282632	0	.07173682	0
1125.15	0	.927839	0	.07216104	0
1124.15	0	.9274157	0	.07258434	0
1123.15	0	.9269933	0	.07300674	0
1122.15	0	.9265718	0	.07342823	0
1121.15	0	.9261512	0	.07384881	0
1120.15	0	.9257315	0	.0742685	0
1119.15	0	.9253127	0	.07468729	0
1118.15	0	.9248948	0	.07510518	0
1117.15	0	.9244778	0	.07552217	0
1116.15	0	.9240617	0	.07593827	0
1115.15	0	.9236465	0	.07635348	0
1114.15	0	.9232322	0	.07676779	0
1113.15	0	.9228188	0	.07718122	0
1112.15	0	.9224062	0	.07759376	0
1111.15	0	.9219946	0	.07800541	0
1110.15	0	.9215838	0	.07841618	0
1109.15	0	.9211739	0	.07882607	0
1108.15	0	.9207649	0	.07923507	0
1107.15	0	.9203568	0	.0796432	0
1106.15	0	.9199496	0	.08005045	0
1105.15	0	.9195432	0	.08045682	0
1104.15	0	.9191377	0	.08086232	0
1103.15	0	.9187331	0	.08126695	0
1102.15	0	.9183293	0	.08167071	0
1101.15	0	.9179264	0	.08207359	0
1100.15	0	.9175244	0	.08247561	0
1099.15	0	.9171232	0	.08287677	0
1098.15	0	.9167229	0	.08327706	0
1097.15	0	.9163235	0	.08367649	0
1096.15	0	.9159249	0	.08407505	0
1095.15	0	.9155272	0	.08447276	0
1094.15	0	.9151304	0	.08486961	0
1093.15	0	.9147344	0	.0852656	0
1092.15	0	.9143393	0	.08566074	0
1091.15	0	.913945	0	.08605503	0
1090.15	0	.9135515	0	.08644846	0
1089.15	0	.913159	0	.08684105	0
1088.15	0	.9127672	0	.08723278	0
1087.15	0	.9123763	0	.08762367	0
1086.15	0	.9119863	0	.08801371	0
1085.15	0	.9115971	0	.08840291	0
1084.15	0	.9112087	0	.08879127	0
1083.15	0	.9108212	0	.08917878	0
1082.15	0	.9104345	0	.08956546	0
1081.15	0	.9100487	0	.0899513	0
1080.15	0	.9096637	0	.0903363	0
1079.15	0	.9092795	0	.09072047	0
1078.15	0	.9088962	0	.0911038	0
1077.15	0	.9085137	0	.0914863	0
1076.15	0	.908132	0	.09186797	0
1075.15	0	.9077512	0	.09224881	0
1074.15	0	.9073712	0	.09262882	0
1073.15	0	.906992	0	.09300801	0
1072.15	0	.9066136	0	.09338638	0
1071.15	0	.9062361	0	.09376391	0
1070.15	0	.9058594	0	.09414063	0
1069.15	0	.9054835	0	.09451653	0
1068.15	0	.9051084	0	.0948916	0
1067.15	0	.9047341	0	.09526586	0
1066.15	0	.9043607	0	.09563931	0
1065.15	0	.9039881	0	.09601193	0
1064.15	0	.9036163	0	.09638375	0
1063.15	0	.9032452	0	.09675475	0
1062.15	0	.9028751	0	.09712494	0
1061.15	0	.9025057	0	.09749432	0
1060.15	0	.9021371	0	.0978629	0
1059.15	0	.9017693	0	.09823066	0
1058.15	0	.9014024	0	.09859762	0
1057.15	0	.9010362	0	.09896378	0
1056.15	0	.9006709	0	.09932913	0
1055.15	0	.9003063	0	.09969368	0
1054.15	0	.8999426	0	.1000574	0
1053.15	0	.8995796	0	.1004204	0
1052.15	0	.8992175	0	.1007825	0
1051.15	0	.8988561	0	.1011439	0
1050.15	0	.8984955	0	.1015045	0
1049.15	0	.8981358	0	.1018642	0
1048.15	0	.8977768	0	.1022232	0
1047.15	0	.8974186	0	.1025814	0
1046.15	0	.8970612	0	.1029388	0
1045.15	0	.8967046	0	.1032954	0
1044.15	0	.8963488	0	.1036512	0
1043.15	0	.8959938	0	.1040062	0
1042.15	0	.8956395	0	.1043605	0
1041.15	0	.8952861	0	.104714	0
1040.15	0	.8949334	0	.1050666	0
1039.15	0	.8945815	0	.1054185	0
1038.15	0	.8942303	0	.1057697	0
1037.15	0	.89388	0	.10612	0
1036.15	0	.8935305	0	.1064696	0
1035.15	0	.8931817	0	.1068183	0
1034.15	0	.8928337	0	.1071664	0
1033.15	0	.8924864	0	.1075136	0
1032.15	0	.89214	0	.1078601	0
1031.15	0	.8917943	0	.1082057	0
1030.15	0	.8914493	0	.1085507	0
1029.15	0	.8911052	0	.1088948	0
1028.15	0	.8907618	0	.1092382	0
1027.15	0	.8904192	0	.1095808	0
1026.15	0	.8900773	0	.1099227	0
1025.15	0	.8897363	0	.1102637	0
1024.15	0	.8893959	0	.1106041	0
1023.15	0	.8890564	0	.1109436	0
1022.15	0	.8887176	0	.1112824	0
1021.15	0	.8883796	0	.1116205	0
1020.15	0	.8880423	0	.1119577	0
1019.15	0	.8877057	0	.1122942	0
1018.15	0	.88737	0	.11263	0
1017.15	0	.887035	0	.112965	0
1016.15	0	.8867007	0	.1132993	0
1015.15	0	.8863672	0	.1136328	0
1014.15	0	.8860345	0	.1139655	0
1013.15	0	.8857025	0	.1142975	0
1012.15	0	.8853713	0	.1146287	0
1011.15	0	.8850408	0	.1149592	0
1010.15	0	.884711	0	.115289	0
1009.15	0	.884382	0	.115618	0
1008.15	0	.8840538	0	.1159462	0
1007.15	0	.8837263	0	.1162737	0
1006.15	0	.8833995	0	.1166005	0
1005.15	0	.8830735	0	.1169265	0
1004.15	0	.8827482	0	.1172518	0
1003.15	0	.8824237	0	.1175763	0
1002.15	0	.8820999	0	.1179001	0
1001.15	0	.8817768	0	.1182232	0
1000.15	0	.8814545	0	.1185455	0
999.15	0	.881133	0	.1188671	0
998.15	0	.8808121	0	.1191879	0
997.15	0	.880492	0	.119508	0
996.15	0	.8801726	0	.1198274	0
995.15	0	.879854	0	.120146	0
994.15	0	.8795361	0	.1204639	0
993.15	0	.8792189	0	.1207811	0
992.15	0	.8789025	0	.1210975	0
991.15	0	.8785867	0	.1214133	0
990.15	0	.8782717	0	.1217283	0
989.15	0	.8779575	0	.1220425	0
988.15	0	.8776439	0	.1223561	0
987.15	0	.8773311	0	.1226689	0
986.15	0	.8770191	0	.122981	0
985.15	0	.8767077	0	.1232923	0
984.15	0	.876397	0	.123603	0
983.15	0	.8760871	0	.1239129	0
982.15	0	.8757779	0	.1242221	0
981.15	0	.8754694	0	.1245306	0
980.15	0	.8751617	0	.1248383	0
979.15	0	.8748546	0	.1251454	0
978.15	0	.8745483	0	.1254517	0
977.15	0	.8742427	0	.1257573	0
976.15	0	.8739378	0	.1260622	0
975.15	0	.8736336	0	.1263664	0
974.15	0	.8733302	0	.1266698	0
973.15	0	.8730274	0	.1269726	0
972.15	0	.8727254	0	.1272746	0
971.15	0	.872424	0	.127576	0
970.15	0	.8721234	0	.1278766	0
969.15	0	.8718235	0	.1281765	0
968.15	0	.8715243	0	.1284757	0
967.15	0	.8712258	0	.1287742	0
966.15	0	.870928	0	.129072	0
965.15	0	.8706309	0	.1293691	0
964.15	0	.8703345	0	.1296655	0
963.15	0	.8700388	0	.1299612	0
962.15	0	.8697439	0	.1302561	0
961.15	0	.8694496	0	.1305504	0
960.15	0	.869156	0	.130844	0
959.15	0	.8688631	0	.1311369	0
958.15	0	.8685709	0	.1314291	0
957.15	0	.8682795	0	.1317205	0
956.15	0	.8679887	0	.1320113	0
955.15	0	.8676986	0	.1323014	0
954.15	0	.8674092	0	.1325908	0
953.15	0	.8671205	0	.1328795	0
952.15	0	.8668325	0	.1331675	0
951.15	0	.8665452	0	.1334548	0
950.15	0	.8662586	0	.1337414	0
949.15	0	.8659727	0	.1340273	0
948.15	0	.8656874	0	.1343126	0
947.15	0	.8654029	0	.1345971	0
946.15	0	.865119	0	.134881	0
945.15	0	.8648359	0	.1351642	0
944.15	0	.8645534	0	.1354466	0
943.15	0	.8642716	0	.1357284	0
942.15	0	.8639905	0	.1360095	0
941.15	0	.86371	0	.13629	0
940.15	0	.8634303	0	.1365697	0
939.15	0	.8631512	0	.1368488	0
938.15	0	.8628729	0	.1371271	0
937.15	0	.8625952	0	.1374048	0
936.15	0	.8623182	0	.1376818	0
935.15	0	.8620418	0	.1379582	0
934.15	0	.8617662	0	.1382338	0
933.15	0	.8614912	0	.1385088	0
932.15	0	.8612169	0	.1387831	0
931.15	0	.8609433	0	.1390567	0
930.15	0	.8606703	0	.1393297	0
929.15	0	.8603981	0	.1396019	0
928.15	0	.8601265	0	.1398735	0
927.15	0	.8598556	0	.1401445	0
926.15	0	.8595853	0	.1404147	0
925.15	0	.8593157	0	.1406843	0
924.15	0	.8590468	0	.1409532	0
923.15	0	.8587786	0	.1412214	0
922.15	0	.858511	0	.141489	0
921.15	0	.8582441	0	.1417559	0
920.15	0	.8579779	0	.1420221	0
919.15	0	.8577123	0	.1422877	0
918.15	0	.8574474	0	.1425526	0
917.15	0	.8571832	0	.1428168	0
916.15	0	.8569196	0	.1430804	0
915.15	0	.8566567	0	.1433433	0
914.15	0	.8563944	0	.1436056	0
913.15	0	.8561329	0	.1438671	0
912.15	0	.8558719	0	.1441281	0
911.15	0	.8556117	0	.1443883	0
910.15	0	.8553521	0	.1446479	0
909.15	0	.8550931	0	.1449069	0
908.15	0	.8548349	0	.1451652	0
907.15	0	.8545772	0	.1454228	0
906.15	0	.8543202	0	.1456798	0
905.15	0	.8540639	0	.1459361	0
904.15	0	.8538083	0	.1461917	0
903.15	0	.8535533	0	.1464468	0
902.15	0	.8532989	0	.1467011	0
901.15	0	.8530452	0	.1469548	0
900.15	0	.8527921	0	.1472079	0
899.15	0	.8525397	0	.1474603	0
898.15	0	.852288	0	.147712	0
897.15	0	.8520369	0	.1479631	0
896.15	0	.8517864	0	.1482136	0
895.15	0	.8515366	0	.1484634	0
894.15	0	.8512874	0	.1487126	0
893.15	0	.8510389	0	.1489611	0
892.15	0	.850791	0	.149209	0
891.15	0	.8505438	0	.1494562	0
890.15	0	.8502972	0	.1497028	0
889.15	0	.8500512	0	.1499487	0
888.637	0	.8499253	0	.1500747	0
888.637	0	.8499253	0	.1500747	0
888.637	0	.8499253	0	.1500747	0
888.15	0	.8494502	3.970569E-04	.1501528	0
887.15	0	.8484754	.001212553	.1503121	0
886.15	0	.8475018	.002028284	.1504699	0
885.15	0	.8465295	.002844313	.1506262	0
884.15	0	.8455583	.003660707	.150781	0
883.15	0	.8445882	.004477533	.1509343	0
882.15	0	.8436191	.005294862	.151086	0
881.15	0	.842651	.006112766	.1512362	0
880.15	0	.8416839	.006931322	.1513848	0
879.15	0	.8407176	.007750607	.1515318	0
878.15	0	.8397522	.008570702	.1516771	0
877.15	0	.8387875	.009391691	.1518209	0
876.15	0	.8378234	.01021366	.1519629	0
875.15	0	.83686	.0110367	.1521033	0
874.15	0	.8358971	.0118609	.152242	0
873.15	0	.8349346	.01268637	.152379	0
872.15	0	.8339726	.01351319	.1525142	0
871.15	0	.8330108	.01434148	.1526477	0
870.15	0	.8320493	.01517134	.1527794	0
869.15	0	.8310879	.01600289	.1529092	0
868.15	0	.8301265	.01683623	.1530373	0
867.15	0	.8291651	.01767149	.1531634	0
866.15	0	.8282035	.0185088	.1532877	0
865.15	0	.8272417	.01934828	.15341	0
864.15	0	.8262795	.02019008	.1535304	0
863.15	0	.8253169	.02103432	.1536488	0
862.15	0	.8243536	.02188116	.1537652	0
861.15	0	.8233897	.02273075	.1538796	0
860.15	0	.8224249	.02358324	.1539919	0
859.15	0	.8214592	.0244388	.154102	0
858.15	0	.8204923	.02529761	.1542101	0
857.15	0	.8195243	.02615983	.1543159	0
856.15	0	.8185548	.02702567	.1544195	0
855.15	0	.8175838	.02789531	.1545209	0
854.15	0	.8166111	.02876895	.1546199	0
853.15	0	.8156366	.0296468	.1547166	0
852.15	0	.81466	.0305291	.1548109	0
851.15	0	.8136812	.03141607	.1549028	0
850.15	0	.8126999	.03230795	.1549922	0
849.15	0	.811716	.033205	.155079	0
848.15	0	.8107293	.03410749	.1551633	0
847.15	0	.8097395	.03501569	.1552448	0
846.15	0	.8087464	.0359299	.1553237	0
845.15	0	.8077497	.03685042	.1553998	0
844.15	0	.8067493	.03777759	.1554731	0
843.15	0	.8057448	.03871175	.1555435	0
842.15	0	.8047359	.03965325	.1556109	0
841.15	0	.8037223	.04060248	.1556752	0
840.15	0	.8027037	.04155983	.1557365	0
839.15	0	.8016798	.04252574	.1557945	0
838.15	0	.8006502	.04350064	.1558492	0
837.15	0	.7996145	.04448503	.1559005	0
836.15	0	.7985723	.04547939	.1559483	0
835.15	0	.7975232	.04648428	.1559925	0
834.15	0	.7964668	.04750027	.156033	0
833.15	0	.7954024	.04852795	.1560696	0
832.15	0	.7943297	.04956799	.1561023	0
831.15	0	.793248	.05062108	.156131	0
830.15	0	.7921567	.05168796	.1561553	0
829.15	0	.7910553	.05276944	.1561753	0
828.15	0	.7899429	.05386637	.1561907	0
827.15	0	.788819	.05497969	.1562014	0
826.15	0	.7876825	.0561104	.1562071	0
825.15	0	.7865328	.05725957	.1562077	0
824.15	0	.7851387	.05868923	.1561721	0
823.15	0	.7833551	.06056601	.1560789	0
822.15	0	.7816327	.06237971	.1559876	0
821.15	0	.7799682	.06413345	.1558983	0
820.15	0	.778359	.06583018	.1558109	0
819.15	0	.7768021	.06747266	.1557252	0
818.15	0	.7752951	.06906353	.1556414	0
817.15	0	.7738354	.07060522	.1555593	0
816.15	0	.772421	.07210008	.1554789	0
815.15	0	.7710496	.07355028	.1554002	0
814.15	0	.7697191	.07495788	.155323	0
813.15	0	.7684278	.07632483	.1552473	0
812.15	0	.7671739	.07765296	.1551732	0
811.15	0	.7659556	.07894399	.1551004	0
810.15	0	.7647715	.08019955	.155029	0
809.15	0	.7636199	.08142119	.1549589	0
808.15	0	.7624995	.08261037	.1548901	0
807.15	0	.761409	.08376845	.1548226	0
806.15	0	.7603471	.08489674	.1547561	0
805.15	0	.7593127	.08599648	.1546909	0
804.15	0	.7583045	.08706882	.1546267	0
803.15	0	.7573216	.08811488	.1545635	0
802.15	0	.756363	.0891357	.1545014	0
801.15	0	.7554276	.09013227	.1544402	0
800.15	0	.7545146	.09110555	.1543799	0
799.15	0	.7536231	.09205643	.1543205	0
798.15	0	.7527523	.09298576	.154262	0
797.15	0	.7519014	.09389434	.1542042	0
796.15	0	.7510697	.09478296	.1541473	0
795.15	0	.7502565	.09565235	.1540911	0
794.15	0	.7494612	.09650319	.1540356	0
793.15	0	.748683	.09733617	.1539809	0
792.15	0	.7479213	.09815192	.1539268	0
791.15	0	.7471757	.09895103	.1538733	0
790.15	0	.7464455	.0997341	.1538204	0
789.15	0	.7457302	.1005017	.1537681	0
788.15	0	.7450293	.1012542	.1537164	0
787.15	0	.7443424	.1019924	.1536652	0
786.15	0	.7436689	.1027165	.1536146	0
785.15	0	.7430085	.1034271	.1535644	0
784.15	0	.7423606	.1041247	.1535147	0
783.15	0	.741725	.1048096	.1534655	0
782.15	0	.7411012	.1054822	.1534167	0
781.15	0	.7404888	.1061429	.1533683	0
780.15	0	.7398875	.1067922	.1533203	0
779.15	0	.739297	.1074303	.1532727	0
778.15	0	.7387169	.1080576	.1532255	0
777.15	0	.7381469	.1086745	.1531786	0
776.15	0	.7375868	.1092812	.1531321	0
775.15	0	.7370361	.109878	.1530859	0
774.15	0	.7364947	.1104653	.15304	0
773.15	0	.7359623	.1110433	.1529944	0
772.15	0	.7354386	.1116123	.1529491	0
771.15	0	.7349245	.1121717	.1529038	0
770.15	0	.7344174	.1127236	.152859	0
769.15	0	.7339184	.1132671	.1528145	0
768.15	0	.7334271	.1138027	.1527703	0
767.15	0	.7329434	.1143304	.1527262	0
766.15	0	.7324671	.1148505	.1526824	0
765.15	0	.731998	.1153632	.1526388	0
764.15	0	.7315358	.1158688	.1525954	0
763.15	0	.7310805	.1163673	.1525522	0
762.15	0	.7306318	.116859	.1525092	0
761.15	0	.7301895	.1173441	.1524663	0
760.15	0	.7297536	.1178228	.1524236	0
759.15	0	.7293238	.1182951	.1523811	0
758.15	0	.7288999	.1187613	.1523388	0
757.15	0	.7284819	.1192216	.1522965	0
756.15	0	.7280696	.119676	.1522544	0
755.15	0	.7276628	.1201247	.1522125	0
754.15	0	.7272615	.1205679	.1521707	0
753.15	0	.7268654	.1210057	.152129	0
752.15	0	.7264745	.1214382	.1520874	0
751.15	0	.7260886	.1218655	.1520459	0
750.15	0	.7257076	.1222879	.1520045	0
749.15	0	.7253315	.1227053	.1519632	0
748.15	0	.72496	.123118	.151922	0
747.15	0	.7245931	.1235259	.1518809	0
746.15	0	.7242307	.1239293	.1518399	0
745.15	0	.7238727	.1243283	.151799	0
744.15	0	.723519	.1247229	.1517582	0
743.15	0	.7231694	.1251132	.1517174	0
742.15	0	.722824	.1254993	.1516767	0
741.15	0	.7224826	.1258814	.151636	0
740.15	0	.7221451	.1262595	.1515954	0
739.15	0	.7218114	.1266337	.1515549	0
738.15	0	.7214815	.1270041	.1515144	0
737.15	0	.7211553	.1273707	.151474	0
736.15	0	.7208327	.1277337	.1514336	0
735.15	0	.7205136	.1280932	.1513933	0
734.15	0	.7201979	.1284491	.151353	0
733.15	0	.7198857	.1288016	.1513127	0
732.15	0	.7195768	.1291507	.1512725	0
731.15	0	.7192711	.1294966	.1512323	0
730.15	0	.7189686	.1298392	.1511922	0
729.15	0	.7186693	.1301787	.1511521	0
728.15	0	.718373	.1305151	.1511119	0
727.15	0	.7180797	.1308485	.1510719	0
726.15	0	.7177893	.1311789	.1510318	0
725.15	0	.7175019	.1315063	.1509918	0
724.15	0	.7172173	.131831	.1509518	0
723.15	0	.7169354	.1321528	.1509118	0
722.15	0	.7166563	.1324719	.1508718	0
721.15	0	.7163799	.1327882	.1508319	0
720.15	0	.7161061	.133102	.1507919	0
719.15	0	.7158349	.1334131	.150752	0
718.15	0	.7155663	.1337217	.150712	0
717.15	0	.7153001	.1340278	.1506721	0
716.15	0	.7150364	.1343314	.1506322	0
715.15	0	.7147751	.1346327	.1505923	0
714.15	0	.7145161	.1349315	.1505524	0
713.15	0	.7142595	.135228	.1505125	0
712.15	0	.7140051	.1355223	.1504726	0
711.15	0	.7137531	.1358143	.1504327	0
710.15	0	.7135032	.1361041	.1503928	0
709.15	0	.7132554	.1363917	.1503529	0
708.15	0	.7130099	.1366772	.1503129	0
707.15	0	.7127663	.1369606	.150273	0
706.15	0	.7125249	.137242	.1502331	0
705.15	0	.7122855	.1375213	.1501932	0
704.15	0	.7120481	.1377986	.1501533	0
703.15	0	.7118127	.138074	.1501133	0
702.15	0	.7115792	.1383474	.1500734	0
701.15	0	.7113476	.138619	.1500334	0
700.15	0	.7111179	.1388887	.1499935	0
699.15	0	.71089	.1391565	.1499535	0
698.15	0	.7106639	.1394225	.1499135	0
697.15	0	.7104397	.1396868	.1498735	0
696.15	0	.7102172	.1399493	.1498336	0
695.15	0	.7099964	.1402101	.1497935	0
694.15	0	.7097773	.1404692	.1497535	0
693.15	0	.7095599	.1407266	.1497135	0
692.15	0	.7093442	.1409824	.1496735	0
691.15	0	.7091301	.1412365	.1496334	0
690.15	0	.7089176	.1414891	.1495933	0
689.15	0	.7087067	.14174	.1495533	0
688.15	0	.7084974	.1419894	.1495132	0
687.15	0	.7082896	.1422373	.1494731	0
686.15	0	.7080833	.1424837	.149433	0
685.15	0	.7078786	.1427286	.1493928	0
684.15	0	.7076753	.142972	.1493527	0
683.15	0	.7074734	.143214	.1493125	0
682.15	0	.707273	.1434546	.1492724	0
681.15	0	.7070741	.1436938	.1492322	0
680.15	0	.7068765	.1439315	.149192	0
679.15	0	.7066803	.1441679	.1491518	0
678.15	0	.7064855	.144403	.1491116	0
677.15	0	.706292	.1446367	.1490713	0
676.15	0	.7060998	.1448691	.1490311	0
675.15	0	.705909	.1451002	.1489908	0
674.15	0	.7057194	.1453301	.1489505	0
673.15	0	.7055311	.1455586	.1489102	0
672.15	0	.7053441	.1457859	.14887	0
671.15	0	.7051583	.146012	.1488296	0
670.15	0	.7049738	.1462369	.1487893	0
669.15	0	.7047905	.1464606	.148749	0
668.15	0	.7046083	.146683	.1487086	0
667.15	0	.7044274	.1469043	.1486683	0
666.15	0	.7042476	.1471245	.1486279	0
665.15	0	.704069	.1473435	.1485875	0
664.15	0	.7038915	.1475614	.1485471	0
663.15	0	.7037152	.1477782	.1485067	0
662.15	0	.7035399	.1479938	.1484663	0
661.15	0	.7033658	.1482084	.1484258	0
660.15	0	.7031927	.1484219	.1483854	0
659.15	0	.7030208	.1486343	.148345	0
658.15	0	.7028499	.1488456	.1483045	0
657.15	0	.70268	.149056	.148264	0
656.15	0	.7025112	.1492652	.1482236	0
655.15	0	.7023434	.1494735	.1481831	0
654.15	0	.7021767	.1496808	.1481426	0
653.15	0	.7020109	.149887	.1481021	0
652.15	0	.7018461	.1500923	.1480616	0
651.15	0	.7016824	.1502966	.148021	0
650.15	0	.7015195	.1504999	.1479805	0
649.15	0	.7013577	.1507023	.14794	0
648.15	0	.7011968	.1509037	.1478995	0
647.15	0	.7010369	.1511042	.1478589	0
646.15	0	.7008779	.1513038	.1478184	0
645.15	0	.7007198	.1515024	.1477778	0
644.15	0	.7005626	.1517001	.1477373	0
643.15	0	.7004064	.1518969	.1476967	0
642.15	0	.700251	.1520929	.1476561	0
641.15	0	.7000965	.1522879	.1476156	0
640.15	0	.6999429	.1524821	.147575	0
639.15	0	.6997902	.1526754	.1475344	0
638.15	0	.6996383	.1528678	.1474939	0
637.15	0	.6994873	.1530594	.1474533	0
636.15	0	.6993371	.1532502	.1474127	0
635.15	0	.6991878	.1534401	.1473721	0
634.15	0	.6990393	.1536292	.1473316	0
633.15	0	.6988916	.1538174	.147291	0
632.15	0	.6987447	.1540049	.1472504	0
631.15	0	.6985986	.1541915	.1472099	0
630.15	0	.6984533	.1543773	.1471693	0
629.15	0	.6983089	.1545624	.1471287	0
628.15	0	.6981652	.1547467	.1470882	0
627.15	0	.6980223	.1549301	.1470476	0
626.15	0	.6978801	.1551128	.1470071	0
625.15	0	.6977387	.1552948	.1469665	0
624.15	0	.6975981	.1554759	.146926	0
623.15	0	.6974582	.1556563	.1468855	0
622.15	0	.6973191	.155836	.146845	0
621.15	0	.6971806	.1560149	.1468044	0
620.15	0	.697043	.1561931	.1467639	0
619.15	0	.696906	.1563706	.1467234	0
618.15	0	.6967698	.1565473	.1466829	0
617.15	0	.6966343	.1567233	.1466425	0
616.15	0	.6964994	.1568986	.146602	0
615.15	0	.6963653	.1570731	.1465615	0
614.15	0	.6962319	.157247	.1465211	0
613.15	0	.6960992	.1574202	.1464807	0
612.15	0	.6959671	.1575926	.1464402	0
611.15	0	.6958358	.1577644	.1463998	0
610.15	0	.6957051	.1579355	.1463594	0
609.15	0	.695575	.1581059	.1463191	0
608.15	0	.6954457	.1582756	.1462787	0
607.15	0	.695317	.1584447	.1462384	0
606.15	0	.6951889	.1586131	.146198	0
605.15	0	.6950615	.1587808	.1461577	0
604.15	0	.6949347	.1589479	.1461174	0
603.15	0	.6948086	.1591143	.1460771	0
602.15	0	.6946831	.15928	.1460369	0
601.15	0	.6945582	.1594451	.1459967	0
600.15	0	.694434	.1596096	.1459564	0
599.15	0	.6943103	.1597734	.1459162	0
598.15	0	.6941873	.1599366	.1458761	0
597.15	0	.6940649	.1600992	.1458359	0
596.15	0	.6939431	.1602611	.1457958	0
595.15	0	.6938219	.1604224	.1457557	0
594.15	0	.6937013	.160583	.1457156	0
593.15	0	.6935813	.1607431	.1456756	0
592.15	0	.6934619	.1609025	.1456355	0
591.15	0	.6933431	.1610614	.1455955	0
590.15	0	.6932248	.1612196	.1455556	0
589.15	0	.6931072	.1613772	.1455156	0
588.15	0	.6929901	.1615342	.1454757	0
587.15	0	.6928736	.1616906	.1454358	0
586.15	0	.6927576	.1618465	.145396	0
585.15	0	.6926422	.1620017	.1453561	0
584.15	0	.6925274	.1621563	.1453163	0
583.15	0	.6924131	.1623104	.1452766	0
582.15	0	.6922994	.1624638	.1452368	0
581.15	0	.6921862	.1626167	.1451971	0
580.15	0	.6920735	.162769	.1451575	0
579.15	0	.6919614	.1629207	.1451178	0
578.15	0	.6918499	.1630719	.1450782	0
577.15	0	.6917389	.1632225	.1450387	0
576.15	0	.6916284	.1633725	.1449991	0
575.15	0	.6915184	.1635219	.1449597	0
574.15	0	.691409	.1636708	.1449202	0
573.15	0	.6913001	.1638191	.1448808	0
572.15	0	.6911917	.1639669	.1448414	0
571.15	0	.6910839	.1641141	.1448021	0
570.15	0	.6909765	.1642607	.1447628	0
569.15	0	.6908697	.1644068	.1447235	0
568.15	0	.6907633	.1645524	.1446843	0
567.15	0	.6906575	.1646974	.1446452	0
566.15	0	.6905522	.1648418	.144606	0
565.15	0	.6904473	.1649857	.144567	0
564.15	0	.690343	.1651291	.1445279	0
563.15	0	.6902392	.1652719	.1444889	0
562.15	0	.6901358	.1654142	.14445	0
561.15	0	.690033	.1655559	.1444111	0
560.15	0	.6899306	.1656972	.1443722	0
559.15	0	.6898287	.1658378	.1443334	0
558.15	0	.6897273	.165978	.1442947	0
557.15	0	.6896264	.1661176	.144256	0
556.15	0	.689526	.1662567	.1442173	0
555.15	0	.689426	.1663953	.1441787	0
554.15	0	.6893265	.1665333	.1441402	0
553.15	0	.6892275	.1666709	.1441017	0
552.15	0	.6891289	.1668079	.1440632	0
551.15	0	.6890308	.1669444	.1440248	0
550.15	0	.6889332	.1670803	.1439865	0
549.15	0	.688836	.1672158	.1439482	0
548.15	0	.6887393	.1673507	.14391	0
547.15	0	.6886431	.1674851	.1438718	0
546.15	0	.6885473	.1676191	.1438337	0
545.15	0	.6884519	.1677525	.1437956	0
544.15	0	.688357	.1678854	.1437576	0
543.15	0	.6882626	.1680177	.1437197	0
542.15	0	.6881686	.1681496	.1436818	0
541.15	0	.688075	.168281	.143644	0
540.15	0	.6879819	.1684119	.1436062	0
539.15	0	.6878893	.1685423	.1435685	0
538.15	0	.687797	.1686721	.1435309	0
537.15	0	.6877052	.1688015	.1434933	0
536.15	0	.6876139	.1689304	.1434558	0
535.15	0	.6875229	.1690587	.1434183	0
534.15	0	.6874325	.1691866	.1433809	0
533.15	0	.6873424	.169314	.1433436	0
532.15	0	.6872528	.1694409	.1433064	0
531.15	0	.6871636	.1695673	.1432692	0
530.15	0	.6870748	.1696932	.1432321	0
529.15	0	.6869864	.1698186	.143195	0
528.15	0	.6868985	.1699435	.143158	0
527.15	0	.6868109	.1700679	.1431211	0
526.15	0	.6867238	.1701919	.1430843	0
525.15	0	.6866372	.1703153	.1430475	0
524.15	0	.6865509	.1704383	.1430108	0
523.15	0	.686465	.1705608	.1429742	0
522.15	0	.6863796	.1706828	.1429376	0
521.15	0	.6862945	.1708043	.1429012	0
520.15	0	.68621	.1709253	.1428647	0
519.15	0	.6861258	.1710459	.1428283	0
518.15	0	.686042	.171166	.1427921	0
517.15	0	.6859585	.1712856	.1427559	0
516.15	0	.6858755	.1714047	.1427198	0
515.15	0	.6857929	.1715233	.1426838	0
514.15	0	.6857107	.1716415	.1426478	0
513.15	0	.6856289	.1717591	.142612	0
512.15	0	.6855475	.1718763	.1425762	0
511.15	0	.6854665	.1719931	.1425405	0
510.15	0	.6853858	.1721093	.1425048	0
509.15	0	.6853056	.1722251	.1424693	0
508.15	0	.6852258	.1723404	.1424338	0
507.15	0	.6851463	.1724552	.1423985	0
506.15	0	.6850673	.1725696	.1423631	0
505.15	0	.6849886	.1726835	.1423279	0
504.15	0	.6849103	.1727969	.1422928	0
503.15	0	.6848324	.1729098	.1422578	0
502.15	0	.6847549	.1730223	.1422228	0
501.15	0	.6846778	.1731343	.1421879	0
500.15	0	.684601	.1732459	.1421532	0
499.15	0	.6845246	.1733569	.1421185	0
498.15	0	.6844486	.1734675	.1420838	0
497.15	0	.684373	.1735777	.1420493	0
496.15	0	.6842978	.1736873	.1420149	0
495.15	0	.6842229	.1737965	.1419806	0
494.15	0	.6841484	.1739053	.1419463	0
493.15	0	.6840743	.1740136	.1419121	0
492.15	0	.6840006	.1741214	.1418781	0
491.15	0	.6839272	.1742287	.1418441	0
490.15	0	.6838542	.1743356	.1418102	0
489.15	0	.6837815	.174442	.1417765	0
488.15	0	.6837093	.174548	.1417428	0
487.15	0	.6836374	.1746535	.1417092	0
486.15	0	.6835658	.1747585	.1416757	0
485.15	0	.6834947	.1748631	.1416423	0
484.15	0	.6834239	.1749672	.141609	0
483.15	0	.6833534	.1750708	.1415758	0
482.15	0	.6832833	.175174	.1415426	0
481.15	0	.6832136	.1752768	.1415096	0
480.15	0	.6831443	.175379	.1414767	0
479.15	0	.6830753	.1754809	.1414439	0
478.15	0	.6830066	.1755822	.1414112	0
477.15	0	.6829383	.1756831	.1413786	0
476.15	0	.6828704	.1757836	.1413461	0
475.15	0	.6828028	.1758835	.1413137	0
474.15	0	.6827356	.1759831	.1412813	0
473.15	0	.6826687	.1760822	.1412491	0
472.15	0	.6826022	.1761808	.1412171	0
471.15	0	.682536	.176279	.1411851	0
470.15	0	.6824702	.1763767	.1411532	0
469.15	0	.6824047	.1764739	.1411214	0
468.15	0	.6823396	.1765707	.1410897	0
467.15	0	.6822748	.1766671	.1410581	0
466.15	0	.6822104	.176763	.1410267	0
465.15	0	.6821463	.1768584	.1409953	0
464.15	0	.6820825	.1769534	.1409641	0
463.15	0	.6820191	.1770479	.1409329	0
462.15	0	.6819561	.177142	.1409019	0
461.15	0	.6818934	.1772357	.140871	0
460.15	0	.681831	.1773288	.1408402	0
459.15	0	.681769	.1774216	.1408095	0
458.15	0	.6817073	.1775139	.1407789	0
457.15	0	.6816459	.1776057	.1407484	0
456.15	0	.6815849	.1776971	.1407181	0
455.15	0	.6815242	.177788	.1406878	0
454.15	0	.6814639	.1778785	.1406577	0
453.15	0	.6814038	.1779685	.1406276	0
452.15	0	.6813442	.1780581	.1405977	0
451.15	0	.6812848	.1781472	.1405679	0
450.15	0	.6812258	.1782359	.1405383	0
449.15	0	.6811672	.1783241	.1405087	0
448.15	0	.6811089	.1784118	.1404793	0
447.15	0	.6810509	.1784991	.14045	0
446.15	0	.6809933	.1785859	.1404208	0
445.15	0	.680936	.1786722	.1403918	0
444.15	0	.6808791	.1787581	.1403629	0
443.15	0	.6808225	.1788435	.1403341	0
442.15	0	.6807662	.1789284	.1403054	0
441.15	0	.6807104	.1790128	.1402769	0
440.15	0	.6806548	.1790967	.1402485	0
439.15	0	.6805997	.1791801	.1402202	0
438.15	0	.6805448	.1792631	.1401921	0
437.15	0	.6804904	.1793455	.1401641	0
436.15	0	.6804363	.1794274	.1401363	0
435.15	0	.6803826	.1795088	.1401086	0
434.15	0	.6803292	.1795897	.140081	0
433.15	0	.6802762	.1796701	.1400536	0
432.15	0	.6802236	.17975	.1400264	0
431.15	0	.6801714	.1798293	.1399993	0
430.15	0	.6801195	.1799082	.1399723	0
429.15	0	.680068	.1799865	.1399455	0
428.15	0	.6800168	.1800643	.1399189	0
427.15	0	.679966	.1801416	.1398924	0
426.15	0	.6799156	.1802183	.1398661	0
425.15	0	.6798656	.1802945	.1398399	0
424.15	0	.679816	.1803702	.1398138	0
423.15	0	.6797667	.1804454	.139788	0
422.15	0	.6797177	.18052	.1397623	0
421.15	0	.6796692	.1805941	.1397367	0
420.15	0	.679621	.1806677	.1397113	0
419.15	0	.6795732	.1807407	.1396861	0
418.15	0	.6795258	.1808132	.139661	0
417.15	0	.6794787	.1808852	.1396361	0
416.15	0	.679432	.1809567	.1396113	0
415.15	0	.6793857	.1810276	.1395867	0
414.15	0	.6793397	.181098	.1395623	0
413.15	0	.6792941	.1811679	.139538	0
412.15	0	.6792489	.1812372	.1395139	0
411.15	0	.679204	.181306	.13949	0
410.15	0	.6791595	.1813743	.1394662	0
409.15	0	.6791153	.181442	.1394426	0
408.15	0	.6790716	.1815093	.1394192	0
407.15	0	.6790281	.181576	.1393959	0
406.15	0	.6789851	.1816422	.1393728	0
405.15	0	.6789423	.1817079	.1393498	0
404.15	0	.6789	.181773	.139327	0
403.15	0	.678858	.1818377	.1393044	0
402.15	0	.6788163	.1819018	.1392819	0
401.15	0	.678775	.1819654	.1392596	0
400.15	0	.678734	.1820285	.1392375	0
399.15	0	.6786934	.1820911	.1392155	0
398.15	0	.6786532	.1821532	.1391937	0
397.15	0	.6786132	.1822148	.139172	0
396.15	0	.6785736	.1822758	.1391505	0
395.15	0	.6785344	.1823364	.1391292	0
394.15	0	.6784955	.1823965	.139108	0
393.15	0	.6784569	.1824561	.139087	0
392.15	0	.6784186	.1825152	.1390662	0
391.15	0	.6783807	.1825738	.1390455	0
390.15	0	.6783431	.1826319	.139025	0
389.15	0	.6783059	.1826895	.1390046	0
388.15	0	.6782689	.1827467	.1389844	0
387.15	0	.6782323	.1828033	.1389644	0
386.15	0	.678196	.1828595	.1389445	0
385.15	0	.67816	.1829152	.1389248	0
384.15	0	.6781243	.1829705	.1389052	0
383.15	0	.678089	.1830252	.1388858	0
382.15	0	.6780539	.1830795	.1388666	0
381.15	0	.6780192	.1831334	.1388475	0
380.15	0	.6779847	.1831868	.1388285	0
379.15	0	.6779506	.1832397	.1388097	0
378.15	0	.6779168	.1832921	.1387911	0
377.15	0	.6778832	.1833442	.1387726	0
376.15	0	.67785	.1833957	.1387543	0
375.15	0	.677817	.1834469	.1387361	0
374.15	0	.6777844	.1834976	.1387181	0
373.15	0	.677752	.1835478	.1387002	0
372.15	0	.6777199	.1835976	.1386825	0
371.15	0	.6776881	.183647	.1386649	0
370.15	0	.6776566	.183696	.1386475	0
369.15	0	.6776253	.1837445	.1386302	0
368.15	0	.6775943	.1837926	.1386131	0
367.15	0	.6775636	.1838403	.1385961	0
366.15	0	.6775332	.1838876	.1385793	0
365.15	0	.677503	.1839344	.1385626	0
364.15	0	.6774731	.1839809	.138546	0
363.15	0	.6774435	.1840269	.1385296	0
362.15	0	.6774141	.1840726	.1385134	0
361.15	0	.6773849	.1841178	.1384973	0
360.15	0	.6773561	.1841626	.1384813	0
359.15	0	.6773275	.1842071	.1384654	0
358.15	0	.6772991	.1842512	.1384498	0
357.15	0	.677271	.1842948	.1384342	0
356.15	0	.6772431	.1843381	.1384188	0
355.15	0	.6772154	.1843811	.1384035	0
354.15	0	.677188	.1844236	.1383884	0
353.15	0	.6771609	.1844658	.1383734	0
352.15	0	.6771339	.1845076	.1383585	0
351.15	0	.6771072	.184549	.1383438	0
350.15	0	.6770808	.1845901	.1383292	0
349.15	0	.6770545	.1846308	.1383147	0
348.15	0	.6770285	.1846711	.1383004	0
347.15	0	.6770027	.1847111	.1382862	0
346.1881	0	.6769781	.1847493	.1382727	0
346.1881	0	.6769781	.1847493	.1382727	0
346.1881	0	.6769781	.1847493	.1382727	0
346.15	0	.6769857	.1847299	.1382629	2.155155E-05
345.15	0	.6771856	.1842213	.1380055	5.876079E-04
344.15	0	.6773854	.1837129	.1377486	.00115317
343.15	0	.6775851	.1832046	.1374921	.001718241
342.15	0	.6777847	.1826964	.1372361	.002282823
341.15	0	.6779843	.1821884	.1369805	.00284692
340.15	0	.6781838	.1816805	.1367252	.003410535
339.15	0	.6783831	.1811727	.1364705	.003973669
338.15	0	.6785825	.1806651	.1362162	.004536327
337.15	0	.6787817	.1801575	.1359622	.005098511
336.15	0	.6789809	.1796502	.1357087	.005660223
335.15	0	.67918	.1791429	.1354557	.006221466
334.15	0	.679379	.1786358	.135203	.006782243
333.15	0	.6795779	.1781287	.1349508	.007342556
332.15	0	.6797768	.1776218	.1346989	.007902408
331.15	0	.6799756	.177115	.1344475	.008461801
330.15	0	.6801744	.1766084	.1341965	.009020738
329.15	0	.6803731	.1761018	.133946	.009579221
328.15	0	.6805717	.1755953	.1336958	.01013725
327.15	0	.6807702	.175089	.133446	.01069483
326.15	0	.6809687	.1745827	.1331967	.01125197
325.15	0	.6811671	.1740765	.1329477	.01180866
324.15	0	.6813654	.1735705	.1326992	.01236491
323.15	0	.6815637	.1730646	.132451	.01292072
322.15	0	.681762	.1725587	.1322033	.01347608
321.15	0	.6819601	.172053	.1319559	.01403102
320.15	0	.6821582	.1715473	.131709	.01458551
319.15	0	.6823562	.1710417	.1314624	.01513958
318.15	0	.6825542	.1705363	.1312163	.01569321
317.15	0	.6827522	.1700309	.1309705	.01624642
316.15	0	.68295	.1695256	.1307252	.0167992
315.15	0	.6831478	.1690204	.1304802	.01735155
314.15	0	.6833456	.1685153	.1302357	.01790349
313.15	0	.6835433	.1680103	.1299915	.018455
312.15	0	.6837409	.1675053	.1297477	.01900609
311.15	0	.6839385	.1670005	.1295043	.01955676
310.15	0	.684136	.1664957	.1292613	.02010702
309.15	0	.6843334	.1659911	.1290186	.02065686
308.15	0	.6845308	.1654865	.1287764	.02120629
307.15	0	.6847282	.164982	.1285346	.0217553
306.15	0	.6849255	.1644775	.1282931	.02230391
305.15	0	.6851227	.1639732	.128052	.0228521
304.15	0	.6853199	.1634689	.1278113	.02339989
303.15	0	.685517	.1629647	.127571	.02394727
302.15	0	.6857141	.1624606	.1273311	.02449425
301.15	0	.6859111	.1619566	.1270915	.02504082
300.15	0	.6861081	.1614526	.1268523	.025587
299.15	0	.686305	.1609487	.1266135	.02613277
298.15	0	.6865018	.1604449	.1263751	.02667814
