T	 BPW(LIQUID)	BPW(BCC_A2)	BPW(FCC_A1)	BPW(LAVES_PHASE_C14)	BPW(NI3TI)
1473.15	0	.5229444	.4770556	0	0
1472.15	0	.5208874	.4791126	0	0
1471.15	0	.5188344	.4811656	0	0
1470.15	0	.5167855	.4832145	0	0
1469.15	0	.5147407	.4852593	0	0
1468.15	0	.5126998	.4873002	0	0
1467.15	0	.510663	.489337	0	0
1466.15	0	.5086303	.4913697	0	0
1465.15	0	.5066015	.4933985	0	0
1464.15	0	.5045768	.4954232	0	0
1463.15	0	.5025561	.4974439	0	0
1462.15	0	.5005393	.4994607	0	0
1461.15	0	.4985266	.5014734	0	0
1460.15	0	.4965179	.5034821	0	0
1459.15	0	.4945132	.5054868	0	0
1458.15	0	.4925125	.5074875	0	0
1457.15	0	.4905157	.5094843	0	0
1456.15	0	.4885229	.5114771	0	0
1455.15	0	.4865341	.5134659	0	0
1454.15	0	.4845493	.5154507	0	0
1453.15	0	.4825685	.5174315	0	0
1452.15	0	.4805916	.5194084	0	0
1451.15	0	.4786186	.5213814	0	0
1450.15	0	.4766497	.5233503	0	0
1449.15	0	.4746846	.5253154	0	0
1448.15	0	.4727236	.5272764	0	0
1447.15	0	.4707664	.5292336	0	0
1446.15	0	.4688132	.5311868	0	0
1445.15	0	.466864	.533136	0	0
1444.15	0	.4649186	.5350814	0	0
1443.15	0	.4629773	.5370228	0	0
1442.15	0	.4610398	.5389602	0	0
1441.15	0	.4591062	.5408938	0	0
1440.15	0	.4571766	.5428234	0	0
1439.15	0	.4552509	.5447491	0	0
1438.15	0	.4533291	.5466709	0	0
1437.15	0	.4514112	.5485888	0	0
1436.15	0	.4494972	.5505028	0	0
1435.15	0	.4475872	.5524128	0	0
1434.15	0	.445681	.554319	0	0
1433.15	0	.4437787	.5562213	0	0
1432.15	0	.4418804	.5581196	0	0
1431.15	0	.4399859	.5600141	0	0
1430.15	0	.4380953	.5619047	0	0
1429.15	0	.4362086	.5637914	0	0
1428.15	0	.4343258	.5656742	0	0
1427.15	0	.4324468	.5675532	0	0
1426.15	0	.4305718	.5694282	0	0
1425.15	0	.4287006	.5712994	0	0
1424.15	0	.4268334	.5731666	0	0
1423.15	0	.4249699	.5750301	0	0
1422.15	0	.4231104	.5768896	0	0
1421.15	0	.4212548	.5787452	0	0
1420.15	0	.419403	.580597	0	0
1419.15	0	.417555	.582445	0	0
1418.15	0	.415711	.584289	0	0
1417.15	0	.4138708	.5861292	0	0
1416.15	0	.4120345	.5879655	0	0
1415.15	0	.410202	.589798	0	0
1414.15	0	.4083735	.5916265	0	0
1413.15	0	.4065487	.5934513	0	0
1412.15	0	.4047279	.5952721	0	0
1411.15	0	.4029108	.5970892	0	0
1410.15	0	.4010977	.5989023	0	0
1409.15	0	.3992884	.6007116	0	0
1408.15	0	.397483	.602517	0	0
1407.15	0	.3956814	.6043186	0	0
1406.15	0	.3938837	.6061163	0	0
1405.15	0	.3920898	.6079102	0	0
1404.15	0	.3902998	.6097002	0	0
1403.15	0	.3885137	.6114863	0	0
1402.15	0	.3867314	.6132686	0	0
1401.15	0	.384953	.6150471	0	0
1400.15	0	.3831784	.6168216	0	0
1399.15	0	.3814076	.6185924	0	0
1398.15	0	.3796408	.6203592	0	0
1397.15	0	.3778778	.6221222	0	0
1396.15	0	.3761186	.6238814	0	0
1395.15	0	.3743633	.6256367	0	0
1394.15	0	.3726119	.6273881	0	0
1393.15	0	.3708643	.6291357	0	0
1392.15	0	.3691206	.6308794	0	0
1391.15	0	.3673807	.6326193	0	0
1390.15	0	.3656447	.6343553	0	0
1389.15	0	.3639126	.6360874	0	0
1388.15	0	.3621843	.6378157	0	0
1387.15	0	.3604599	.6395401	0	0
1386.15	0	.3587394	.6412606	0	0
1385.15	0	.3570227	.6429773	0	0
1384.15	0	.3553099	.6446901	0	0
1383.15	0	.353601	.646399	0	0
1382.15	0	.3518959	.6481041	0	0
1381.15	0	.3501947	.6498053	0	0
1380.15	0	.3484974	.6515026	0	0
1379.15	0	.346804	.653196	0	0
1378.15	0	.3451144	.6548856	0	0
1377.15	0	.3434288	.6565712	0	0
1376.15	0	.341747	.658253	0	0
1375.15	0	.3400691	.6599309	0	0
1374.15	0	.3383951	.6616049	0	0
1373.15	0	.336725	.663275	0	0
1372.15	0	.3350588	.6649412	0	0
1371.15	0	.3333965	.6666035	0	0
1370.15	0	.3317381	.6682619	0	0
1369.15	0	.3300836	.6699164	0	0
1368.15	0	.328433	.671567	0	0
1367.15	0	.3267864	.6732137	0	0
1366.15	0	.3251436	.6748564	0	0
1365.15	0	.3235048	.6764952	0	0
1364.15	0	.3218699	.6781301	0	0
1363.15	0	.3202389	.6797611	0	0
1362.15	0	.3186118	.6813882	0	0
1361.15	0	.3169887	.6830113	0	0
1360.15	0	.3153695	.6846305	0	0
1359.15	0	.3137543	.6862457	0	0
1358.15	0	.312143	.687857	0	0
1357.15	0	.3105357	.6894643	0	0
1356.15	0	.3089323	.6910677	0	0
1355.15	0	.3073329	.6926671	0	0
1354.15	0	.3057374	.6942626	0	0
1353.15	0	.304146	.695854	0	0
1352.15	0	.3025585	.6974415	0	0
1351.15	0	.300975	.699025	0	0
1350.15	0	.2993954	.7006046	0	0
1349.15	0	.2978199	.7021801	0	0
1348.15	0	.2962484	.7037516	0	0
1347.15	0	.2946809	.7053191	0	0
1346.15	0	.2931174	.7068826	0	0
1345.15	0	.2915579	.7084421	0	0
1344.15	0	.2900024	.7099976	0	0
1343.15	0	.288451	.711549	0	0
1342.15	0	.2869036	.7130964	0	0
1341.15	0	.2853602	.7146398	0	0
1340.15	0	.2838209	.7161791	0	0
1339.15	0	.2822857	.7177143	0	0
1338.15	0	.2807545	.7192455	0	0
1337.15	0	.2792274	.7207726	0	0
1336.15	0	.2777044	.7222956	0	0
1335.15	0	.2761854	.7238146	0	0
1334.15	0	.2746706	.7253294	0	0
1333.15	0	.2731598	.7268402	0	0
1332.15	0	.2716532	.7283468	0	0
1331.15	0	.2701507	.7298493	0	0
1330.15	0	.2686523	.7313477	0	0
1329.15	0	.267158	.732842	0	0
1328.15	0	.2656679	.7343321	0	0
1327.15	0	.2641819	.7358181	0	0
1326.15	0	.2627001	.7372999	0	0
1325.15	0	.2612225	.7387775	0	0
1324.15	0	.259749	.740251	0	0
1323.15	0	.2582798	.7417202	0	0
1322.15	0	.2568147	.7431853	0	0
1321.15	0	.2553538	.7446462	0	0
1320.15	0	.2538972	.7461028	0	0
1319.15	0	.2524448	.7475552	0	0
1318.15	0	.2509966	.7490034	0	0
1317.15	0	.2495526	.7504474	0	0
1316.15	0	.2481129	.7518871	0	0
1315.15	0	.2466775	.7533225	0	0
1314.15	0	.2452464	.7547536	0	0
1313.15	0	.2438196	.7561804	0	0
1312.15	0	.242397	.757603	0	0
1311.15	0	.2409788	.7590212	0	0
1310.15	0	.2395649	.7604351	0	0
1309.15	0	.2381553	.7618447	0	0
1308.15	0	.2367501	.76325	0	0
1307.15	0	.2353492	.7646508	0	0
1306.15	0	.2339527	.7660473	0	0
1305.15	0	.2325605	.7674395	0	0
1304.15	0	.2311728	.7688272	0	0
1303.15	0	.2297895	.7702105	0	0
1302.15	0	.2284106	.7715894	0	0
1301.15	0	.2270361	.7729639	0	0
1300.15	0	.2256661	.7743339	0	0
1299.15	0	.2243005	.7756995	0	0
1298.15	0	.2229395	.7770606	0	0
1297.15	0	.2215828	.7784172	0	0
1296.15	0	.2202307	.7797693	0	0
1295.15	0	.2188832	.7811169	0	0
1294.15	0	.2175401	.7824599	0	0
1293.15	0	.2162016	.7837984	0	0
1292.15	0	.2148676	.7851324	0	0
1291.15	0	.2135382	.7864618	0	0
1290.15	0	.2122135	.7877866	0	0
1289.15	0	.2108933	.7891067	0	0
1288.15	0	.2095777	.7904223	0	0
1287.15	0	.2082668	.7917333	0	0
1286.15	0	.2069605	.7930395	0	0
1285.15	0	.2056589	.7943412	0	0
1284.15	0	.2043619	.7956381	0	0
1283.15	0	.2030697	.7969303	0	0
1282.15	0	.2017822	.7982178	0	0
1281.15	0	.2004994	.7995006	0	0
1280.15	0	.1992213	.8007787	0	0
1279.15	0	.1979481	.8020519	0	0
1278.15	0	.1966796	.8033204	0	0
1277.15	0	.1954159	.8045841	0	0
1276.15	0	.1941571	.8058429	0	0
1275.15	0	.1929031	.807097	0	0
1274.15	0	.1916539	.8083461	0	0
1273.15	0	.1904096	.8095904	0	0
1272.15	0	.1891702	.8108298	0	0
1271.15	0	.1879358	.8120642	0	0
1270.15	0	.1867062	.8132938	0	0
1269.15	0	.1854817	.8145184	0	0
1268.15	0	.1842621	.8157379	0	0
1267.15	0	.1830474	.8169526	0	0
1266.15	0	.1818379	.8181622	0	0
1265.15	0	.1806333	.8193667	0	0
1264.15	0	.1794338	.8205662	0	0
1263.15	0	.1782394	.8217606	0	0
1262.15	0	.17705	.82295	0	0
1261.15	0	.1758658	.8241342	0	0
1260.15	0	.1746868	.8253132	0	0
1259.15	0	.1735129	.8264871	0	0
1258.15	0	.1723442	.8276558	0	0
1257.15	0	.1711807	.8288193	0	0
1256.15	0	.1700224	.8299776	0	0
1255.15	0	.1688694	.8311306	0	0
1254.15	0	.1677217	.8322783	0	0
1253.15	0	.1665793	.8334208	0	0
1252.15	0	.1654422	.8345579	0	0
1251.15	0	.1643104	.8356896	0	0
1250.15	0	.163184	.836816	0	0
1249.15	0	.1620631	.8379369	0	0
1248.15	0	.1609475	.8390525	0	0
1247.15	0	.1598374	.8401626	0	0
1246.15	0	.1587328	.8412672	0	0
1245.15	0	.1576337	.8423663	0	0
1244.15	0	.1565401	.8434599	0	0
1243.15	0	.1554521	.8445479	0	0
1242.15	0	.1543696	.8456304	0	0
1241.15	0	.1532928	.8467072	0	0
1240.15	0	.1522216	.8477784	0	0
1239.15	0	.1511561	.8488439	0	0
1238.15	0	.1500962	.8499038	0	0
1237.15	0	.1490421	.8509579	0	0
1236.15	0	.1479937	.8520063	0	0
1235.15	0	.1469512	.8530489	0	0
1234.15	0	.1459144	.8540856	0	0
1233.15	0	.1448834	.8551166	0	0
1232.15	0	.1438583	.8561417	0	0
1231.15	0	.1428391	.8571609	0	0
1230.15	0	.1418259	.8581741	0	0
1229.15	0	.1408186	.8591814	0	0
1228.15	0	.1398173	.8601827	0	0
1227.15	0	.138822	.861178	0	0
1226.15	0	.1378328	.8621673	0	0
1225.15	0	.1368496	.8631504	0	0
1224.15	0	.1358726	.8641274	0	0
1223.15	0	.1349017	.8650983	0	0
1222.15	0	.133937	.866063	0	0
1221.15	0	.1329785	.8670215	0	0
1220.15	0	.1320263	.8679737	0	0
1219.15	0	.1310803	.8689197	0	0
1218.15	0	.1301407	.8698593	0	0
1217.15	0	.1292074	.8707926	0	0
1216.15	0	.1282805	.8717195	0	0
1215.15	0	.12736	.87264	0	0
1214.15	0	.126446	.873554	0	0
1213.15	0	.1255385	.8744615	0	0
1212.15	0	.1246375	.8753625	0	0
1211.15	0	.1237431	.8762569	0	0
1210.15	0	.1228553	.8771447	0	0
1209.15	0	.1219741	.8780259	0	0
1208.15	0	.1210997	.8789003	0	0
1207.15	0	.1202319	.8797681	0	0
1206.15	0	.1193709	.8806291	0	0
1205.15	0	.1185167	.8814833	0	0
1204.15	0	.1176693	.8823307	0	0
1203.15	0	.1168289	.8831712	0	0
1202.15	0	.1159953	.8840047	0	0
1201.15	0	.1151687	.8848313	0	0
1200.15	0	.1143491	.8856509	0	0
1199.15	0	.1135365	.8864635	0	0
1198.15	0	.112731	.887269	0	0
1197.15	0	.1119326	.8880674	0	0
1196.15	0	.1111414	.8888586	0	0
1195.15	0	.1103575	.8896425	0	0
1194.15	0	.1095807	.8904193	0	0
1193.15	0	.1088113	.8911887	0	0
1192.15	0	.1080492	.8919508	0	0
1191.15	0	.1072945	.8927055	0	0
1190.15	0	.1065472	.8934528	0	0
1189.15	0	.1058074	.8941926	0	0
1188.15	0	.1050752	.8949248	0	0
1187.15	0	.1043504	.8956496	0	0
1186.15	0	.1036334	.8963667	0	0
1185.15	0	.1029239	.8970761	0	0
1184.15	0	.1022222	.8977778	0	0
1183.15	0	.1015282	.8984718	0	0
1182.15	0	.1008421	.8991579	0	0
1181.15	0	.1001638	.8998362	0	0
1180.15	0	.09949337	.9005066	0	0
1179.15	0	.09883093	.9011691	0	0
1178.15	0	.09817648	.9018235	0	0
1177.15	0	.09753009	.9024699	0	0
1176.15	0	.0968918	.9031082	0	0
1175.15	0	.09626167	.9037383	0	0
1174.15	0	.09563975	.9043603	0	0
1173.15	0	.09502608	.9049739	0	0
1172.15	0	.09442073	.9055793	0	0
1171.15	0	.09382374	.9061763	0	0
1170.15	0	.09323517	.9067648	0	0
1169.15	0	.09265507	.9073449	0	0
1168.15	0	.0920835	.9079165	0	0
1167.15	0	.0915205	.9084795	0	0
1166.15	0	.09096615	.9090339	0	0
1165.15	0	.09042048	.9095795	0	0
1164.15	0	.08988357	.9101164	0	0
1163.15	0	.08935545	.9106445	0	0
1162.15	0	.0888362	.9111638	0	0
1161.15	0	.08832587	.9116741	0	0
1160.15	0	.08782451	.9121755	0	0
1159.15	0	.08733219	.9126678	0	0
1158.15	0	.08684897	.913151	0	0
1157.15	0	.08637489	.9136251	0	0
1156.15	0	.08591003	.91409	0	0
1155.15	0	.08545443	.9145456	0	0
1154.15	0	.0850081	.9149919	0	0
1153.15	0	.08457124	.9154288	0	0
1152.15	0	.08414383	.9158562	0	0
1151.15	0	.08372593	.9162741	0	0
1150.15	0	.08331761	.9166824	0	0
1149.15	0	.08291894	.9170811	0	0
1148.15	0	.08252996	.91747	0	0
1147.15	0	.08215076	.9178492	0	0
1146.15	0	.08178139	.9182186	0	0
1145.15	0	.08142191	.9185781	0	0
1144.15	0	.08107239	.9189276	0	0
1143.15	0	.0807329	.9192671	0	0
1142.15	0	.0804035	.9195965	0	0
1141.15	0	.08008426	.9199157	0	0
1140.15	0	.07977525	.9202248	0	0
1139.15	0	.07947652	.9205235	0	0
1138.15	0	.07918815	.9208118	0	0
1137.15	0	.07891021	.9210898	0	0
1136.15	0	.07864277	.9213572	0	0
1135.15	0	.07838589	.9216141	0	0
1134.15	0	.07813963	.9218604	0	0
1133.15	0	.07790409	.9220959	0	0
1132.15	0	.07767931	.9223207	0	0
1131.15	0	.07746538	.9225346	0	0
1130.15	0	.07726235	.9227376	0	0
1129.15	0	.07707032	.9229297	0	0
1128.15	0	.07688934	.9231107	0	0
1127.15	0	.07671948	.9232805	0	0
1126.15	0	.07656082	.9234392	0	0
1125.15	0	.07641344	.9235866	0	0
1124.15	0	.0762774	.9237226	0	0
1123.15	0	.07615278	.9238472	0	0
1123.147	0	.07615238	.9238476	0	0
1123.147	0	.07615238	.9238476	0	0
1123.147	0	.07615238	.9238476	0	0
1122.15	0	.07539994	.9242711	3.289685E-04	0
1121.15	0	.07465745	.9246845	6.580529E-04	0
1120.15	0	.07392756	.9250863	9.861514E-04	0
1119.15	0	.07321034	.9254764	.001313265	0
1118.15	0	.07250587	.9258547	.001639395	0
1117.15	0	.07181425	.9262212	.001964541	0
1116.15	0	.07113556	.9265757	.002288706	0
1115.15	0	.07046989	.9269182	.002611889	0
1114.15	0	.06981733	.9272486	.002934091	0
1113.15	0	.06917796	.9275667	.003255314	0
1112.15	0	.06855188	.9278726	.003575559	0
1111.15	0	.06793918	.928166	.003894825	0
1110.15	0	.06733995	.9284469	.004213113	0
1109.15	0	.06675428	.9287153	.004530425	0
1108.15	0	.06618226	.928971	.004846761	0
1107.15	0	.06562399	.9292139	.005162122	0
1106.15	0	.06507957	.9294439	.005476507	0
1105.15	0	.06454908	.929661	.005789919	0
1104.15	0	.06403262	.929865	.006102357	0
1103.15	0	.06353029	.9300559	.006413822	0
1102.15	0	.06304219	.9302335	.006724315	0
1101.15	0	.06256842	.9303978	.007033836	0
1100.15	0	.06210906	.9305486	.007342385	0
1099.15	0	.06166423	.9306858	.007649963	0
1098.15	0	.06123401	.9308094	.00795657	0
1097.15	0	.06081851	.9309193	.008262208	0
1096.15	0	.06041784	.9310153	.008566875	0
1095.15	0	.06003208	.9310973	.008870573	0
1094.15	0	.05966135	.9311654	.009173301	0
1093.15	0	.05930575	.9312192	.009475061	0
1092.15	0	.05896537	.9312588	.009775852	0
1091.15	0	.05864032	.931284	.01007567	0
1090.15	0	.05833071	.9312948	.01037453	0
1089.15	0	.05803664	.931291	.01067241	0
1088.15	0	.0577582	.9312725	.01096933	0
1087.15	0	.05749552	.9312392	.01126528	0
1086.15	0	.0572487	.931191	.01156027	0
1085.15	0	.05701783	.9311279	.01185428	0
1084.15	0	.05680303	.9310496	.01214733	0
1083.15	0	.0566044	.9309562	.01243941	0
1082.15	0	.05642206	.9308474	.01273053	0
1081.15	0	.0562561	.9307232	.01302067	0
1080.15	0	.05610663	.9305835	.01330985	0
1079.15	0	.05597377	.9304282	.01359806	0
1078.15	0	.05585762	.9302571	.01388531	0
1077.15	0	.05575828	.9300701	.01417158	0
1076.15	0	.05567588	.9298672	.01445689	0
1075.15	0	.05561051	.9296483	.01474123	0
1074.15	0	.05556228	.9294131	.0150246	0
1073.15	0	.05553132	.9291617	.01530701	0
1072.15	0	.05551771	.9288939	.01558844	0
1071.15	0	.05552157	.9286095	.01586891	0
1070.15	0	.05554302	.9283086	.01614841	0
1069.15	0	.05558215	.9279909	.01642693	0
1068.15	0	.05563909	.9276564	.01670449	0
1067.15	0	.05571393	.927305	.01698108	0
1066.15	0	.05580679	.9269365	.0172567	0
1065.15	0	.05591777	.9265509	.01753134	0
1064.15	0	.05604699	.926148	.01780502	0
1063.15	0	.05619455	.9257277	.01807772	0
1062.15	0	.05636056	.92529	.01834945	0
1061.15	0	.05654512	.9248347	.01862021	0
1060.15	0	.05674835	.9243617	.01889	0
1059.15	0	.05697035	.9238708	.01915881	0
1058.15	0	.05721123	.9233621	.01942664	0
1057.15	0	.0574711	.9228354	.0196935	0
1056.15	0	.05775005	.9222906	.01995939	0
1055.15	0	.0580482	.9217275	.0202243	0
1054.15	0	.05836564	.9211461	.02048823	0
1053.15	0	.05870249	.9205463	.02075118	0
1052.15	0	.05905884	.919928	.02101316	0
1051.15	0	.0594348	.919291	.02127416	0
1050.15	0	.05983047	.9186353	.02153417	0
1049.15	0	.06024595	.9179608	.02179321	0
1048.15	0	.06068134	.9172674	.02205126	0
1047.15	0	.06113674	.9165549	.02230833	0
1046.15	0	.06161224	.9158233	.02256442	0
1045.15	0	.06210794	.9150725	.02281953	0
1044.15	0	.06262395	.9143024	.02307364	0
1043.15	0	.06316034	.9135129	.02332677	0
1042.15	0	.06371723	.9127039	.02357892	0
1041.15	0	.06429469	.9118752	.02383007	0
1040.15	0	.06489282	.9110269	.02408024	0
1039.15	0	.06551171	.9101589	.02432942	0
1038.15	0	.06615144	.909271	.0245776	0
1037.15	0	.06681211	.9083631	.02482479	0
1036.15	0	.0674938	.9074352	.02507098	0
1035.15	0	.06819659	.9064872	.02531619	0
1034.15	0	.06892056	.9055191	.02556039	0
1033.15	0	.0696658	.9045306	.0258036	0
1032.15	0	.07043237	.9035218	.0260458	0
1031.15	0	.07122037	.9024926	.02628701	0
1030.15	0	.07202986	.9014429	.02652721	0
1029.15	0	.07286092	.9003727	.02676641	0
1028.15	0	.07371361	.8992818	.02700461	0
1027.15	0	.07458801	.8981702	.02724179	0
1026.15	0	.07548419	.8970378	.02747797	0
1025.15	0	.0764022	.8958847	.02771314	0
1024.15	0	.0773421	.8947106	.0279473	0
1023.15	0	.07830397	.8935156	.02818045	0
1022.15	0	.07928786	.8922996	.02841258	0
1021.15	0	.08029382	.8910625	.02864369	0
1020.15	0	.0813219	.8898043	.02887379	0
1019.15	0	.08237216	.888525	.02910286	0
1018.15	0	.08344464	.8872245	.02933091	0
1017.15	0	.08453939	.8859027	.02955794	0
1016.15	0	.08565645	.8845596	.02978394	0
1015.15	0	.08679586	.8831952	.03000891	0
1014.15	0	.08795767	.8818095	.03023285	0
1013.15	0	.08914189	.8804024	.03045576	0
1012.15	0	.09034857	.8789738	.03067763	0
1011.15	0	.09157772	.8775238	.03089846	0
1010.15	0	.09282939	.8760524	.03111826	0
1009.15	0	.09410359	.8745594	.03133701	0
1008.15	0	.09540033	.873045	.03155471	0
1007.15	0	.09671964	.871509	.03177136	0
1006.15	0	.09806153	.8699515	.03198697	0
1005.15	0	.09942601	.8683725	.03220152	0
1004.15	0	.1008131	.8667719	.03241501	0
1003.15	0	.1022228	.8651498	.03262745	0
1002.15	0	.103655	.8635062	.03283882	0
1001.15	0	.1051099	.861841	.03304912	0
1000.15	0	.1065873	.8601543	.03325836	0
999.15	0	.1080874	.8584461	.03346652	0
998.15	0	.1096099	.8567165	.0336736	0
997.15	0	.1111551	.8549653	.03387961	0
996.15	0	.1127227	.8531927	.03408453	0
995.15	0	.1143129	.8513988	.03428836	0
994.15	0	.1159255	.8495834	.0344911	0
993.15	0	.1175606	.8477467	.03469275	0
992.15	0	.1192181	.8458886	.03489329	0
991.15	0	.1208979	.8440094	.03509273	0
990.15	0	.1226001	.8421089	.03529106	0
989.15	0	.1243245	.8401872	.03548828	0
988.15	0	.1260711	.8382445	.03568437	0
987.15	0	.12784	.8362807	.03587935	0
986.15	0	.1296309	.8342959	.03607319	0
985.15	0	.1314439	.8322902	.03626591	0
984.15	0	.1332789	.8302637	.03645748	0
983.15	0	.1351357	.8282163	.0366479	0
982.15	0	.1370145	.8261484	.03683717	0
981.15	0	.138915	.8240597	.03702529	0
980.15	0	.1408371	.8219506	.03721224	0
979.15	0	.1427809	.8198211	.03739803	0
978.15	0	.1447461	.8176712	.03758263	0
977.15	0	.1467328	.8155011	.03776605	0
976.15	0	.1487408	.8133109	.03794828	0
975.15	0	.15077	.8111007	.03812931	0
974.15	0	.1528203	.8088705	.03830913	0
973.15	0	.1548916	.8066206	.03848774	0
972.15	0	.1569838	.804351	.03866513	0
971.15	0	.1590968	.8020619	.03884129	0
970.15	0	.1612304	.7997534	.0390162	0
969.15	0	.1633846	.7974256	.03918987	0
968.15	0	.1655591	.7950786	.03936228	0
967.15	0	.1677539	.7927127	.03953341	0
966.15	0	.1699689	.7903278	.03970327	0
965.15	0	.1722038	.7879243	.03987185	0
964.15	0	.1744586	.7855023	.04003912	0
963.15	0	.1767331	.7830619	.04020508	0
962.15	0	.1790271	.7806032	.04036972	0
961.15	0	.1813405	.7781265	.04053302	0
960.15	0	.1836732	.7756319	.04069498	0
959.15	0	.1860249	.7731195	.04085558	0
958.15	0	.1883955	.7705897	.0410148	0
957.15	0	.1907849	.7680425	.04117264	0
956.15	0	.1931928	.7654781	.04132907	0
955.15	0	.1956191	.7628968	.04148409	0
954.15	0	.1980636	.7602987	.04163768	0
953.15	0	.2005262	.757684	.04178983	0
952.15	0	.2030065	.755053	.0419405	0
951.15	0	.2055045	.7524058	.0420897	0
950.15	0	.20802	.7497426	.0422374	0
949.15	0	.2105527	.7470638	.04238359	0
948.15	0	.2131024	.7443694	.04252824	0
947.15	0	.2156689	.7416598	.04267133	0
946.15	0	.2182521	.7389351	.04281285	0
945.15	0	.2208517	.7361956	.04295278	0
944.15	0	.2234674	.7334415	.04309108	0
943.15	0	.2260991	.7306731	.04322775	0
942.15	0	.2287466	.7278906	.04336276	0
941.15	0	.2314096	.7250943	.04349607	0
940.15	0	.2340302	.7223401	.04362975	0
939.15	0	.2366482	.7195896	.04376227	0
938.15	0	.2393067	.7168013	.04389202	0
937.15	0	.2420034	.7139775	.04401906	0
936.15	0	.2447361	.7111205	.04414342	0
935.15	0	.2475026	.7082323	.04426513	0
934.15	0	.2503009	.7053149	.04438424	0
933.15	0	.2531289	.7023703	.04450077	0
932.15	0	.2559848	.6994004	.04461476	0
931.15	0	.2588668	.696407	.04472624	0
930.15	0	.261773	.6933917	.04483522	0
929.15	0	.2647019	.6903564	.04494174	0
928.15	0	.2676517	.6873025	.04504582	0
927.15	0	.2706208	.6842317	.04514747	0
926.15	0	.2736079	.6811454	.04524673	0
925.15	0	.2766114	.678045	.0453436	0
924.15	0	.2796299	.674932	.04543811	0
923.15	0	.2826621	.6718077	.04553028	0
922.15	0	.2857066	.6686733	.04562011	0
921.15	0	.2887622	.6655302	.04570763	0
920.15	0	.2918277	.6623795	.04579284	0
919.15	0	.2949018	.6592224	.04587577	0
918.15	0	.2979836	.65606	.04595643	0
917.15	0	.3010718	.6528934	.04603483	0
916.15	0	.3041654	.6497237	.04611097	0
915.15	0	.3072633	.6465518	.04618488	0
914.15	0	.3103647	.6433787	.04625656	0
913.15	0	.3134685	.6402054	.04632603	0
912.15	0	.3165738	.6370329	.04639329	0
911.15	0	.3196798	.6338619	.04645836	0
910.15	0	.3227855	.6306933	.04652125	0
909.15	0	.3258901	.627528	.04658196	0
908.15	0	.3289927	.6243668	.04664051	0
907.15	0	.3320927	.6212104	.0466969	0
906.15	0	.3351893	.6180596	.04675115	0
905.15	0	.3382817	.6149151	.04680327	0
904.15	0	.3413691	.6117776	.04685327	0
903.15	0	.344451	.6086479	.04690115	0
902.15	0	.3475266	.6055265	.04694693	0
901.15	0	.3505953	.6024141	.04699061	0
900.15	0	.3536565	.5993113	.04703222	0
899.15	0	.3567095	.5962187	.04707175	0
898.15	0	.3597538	.5931369	.04710922	0
897.15	0	.3627888	.5900665	.04714464	0
896.15	0	.3658139	.587008	.04717803	0
895.15	0	.3688287	.5839619	.04720939	0
894.15	0	.3718325	.5809288	.04723873	0
893.15	0	.3748249	.5779091	.04726608	0
892.15	0	.3778053	.5749032	.04729143	0
891.15	0	.3807734	.5719118	.04731481	0
890.15	0	.3837287	.5689351	.04733622	0
889.15	0	.3866706	.5659737	.04735569	0
888.15	0	.3895989	.5630279	.04737322	0
887.15	0	.392513	.5600982	.04738883	0
886.15	0	.3954126	.5571849	.04740253	0
885.15	0	.3982973	.5542884	.04741435	0
884.15	0	.4011666	.5514091	.04742429	0
883.15	0	.4040204	.5485473	.04743237	0
882.15	0	.4068581	.5457033	.0474386	0
881.15	0	.4096795	.5428775	.04744302	0
880.15	0	.4124842	.5400702	.04744562	0
879.15	0	.415272	.5372816	.04744643	0
878.15	0	.4180425	.534512	.04744547	0
877.15	0	.4207954	.5317618	.04744276	0
876.15	0	.4235306	.5290312	.04743831	0
875.15	0	.4262476	.5263203	.04743214	0
874.15	0	.4289463	.5236295	.04742428	0
873.15	0	.4316264	.5209589	.04741474	0
872.15	0	.4342877	.5183088	.04740355	0
871.15	0	.43693	.5156793	.04739071	0
870.15	0	.439553	.5130707	.04737627	0
869.15	0	.4421567	.5104831	.04736022	0
868.15	0	.4447407	.5079167	.04734261	0
867.15	0	.447305	.5053716	.04732344	0
866.15	0	.4498493	.502848	.04730275	0
865.15	0	.4523736	.5003459	.04728054	0
864.15	0	.4548776	.4978655	.04725686	0
863.15	0	.4573614	.495407	.0472317	0
862.15	0	.4598246	.4929703	.04720511	0
861.15	0	.4622673	.4905556	.0471771	0
860.15	0	.4646894	.4881629	.0471477	0
859.15	0	.4670907	.4857924	.04711693	0
858.15	0	.4694712	.483444	.0470848	0
857.15	0	.4718309	.4811178	.04705135	0
856.15	0	.4741696	.4788138	.0470166	0
855.15	0	.4764873	.4765321	.04698057	0
854.15	0	.4787841	.4742726	.04694328	0
853.15	0	.4810599	.4720354	.04690475	0
852.15	0	.4833146	.4698204	.04686502	0
851.15	0	.4855483	.4676277	.0468241	0
850.15	0	.4877609	.4654571	.04678201	0
849.15	0	.4899525	.4633087	.04673877	0
848.15	0	.4921232	.4611824	.04669442	0
847.15	0	.4942729	.4590782	.04664897	0
846.15	0	.4964016	.4569959	.04660244	0
845.15	0	.4985096	.4549356	.04655485	0
844.15	0	.5005966	.4528971	.04650623	0
843.15	0	.502663	.4508804	.0464566	0
842.15	0	.5047086	.4488854	.04640598	0
841.15	0	.5067337	.4469119	.04635439	0
840.15	0	.5087383	.4449599	.04630184	0
839.15	0	.5107224	.4430293	.04624837	0
838.15	0	.5126862	.4411198	.04619398	0
837.15	0	.5146298	.4392315	.04613871	0
836.15	0	.5165533	.4373641	.04608256	0
835.15	0	.5184568	.4355176	.04602557	0
834.15	0	.5203404	.4336918	.04596774	0
833.15	0	.5222044	.4318865	.04590909	0
832.15	0	.5240487	.4301017	.04584965	0
831.15	0	.5258735	.4283371	.04578942	0
830.15	0	.5276791	.4265925	.04572843	0
829.15	0	.5294654	.4248679	.0456667	0
828.15	0	.5312327	.4231631	.04560424	0
827.15	0	.5329811	.4214778	.04554107	0
826.15	0	.5347109	.4198119	.04547719	0
825.15	0	.536422	.4181653	.04541264	0
824.15	0	.5381148	.4165378	.04534742	0
823.15	0	.5397893	.4149291	.04528155	0
822.15	0	.5414458	.4133392	.04521505	0
821.15	0	.5430844	.4117677	.04514792	0
820.15	0	.5447052	.4102146	.04508018	0
819.15	0	.5463085	.4086797	.04501184	0
818.15	0	.5478944	.4071626	.04494293	0
817.15	0	.5494632	.4056634	.04487344	0
816.15	0	.5510149	.4041818	.0448034	0
815.15	0	.5525497	.4027175	.04473281	0
814.15	0	.5540679	.4012704	.04466169	0
813.15	0	.5555696	.3998403	.04459005	0
812.15	0	.557055	.3984271	.04451791	0
811.15	0	.5585243	.3970305	.04444526	0
810.15	0	.5599776	.3956503	.04437213	0
809.15	0	.5614151	.3942863	.04429852	0
808.15	0	.5628371	.3929385	.04422444	0
807.15	0	.5642436	.3916064	.04414991	0
806.15	0	.565635	.3902901	.04407494	0
805.15	0	.5670113	.3889892	.04399953	0
804.15	0	.5683726	.3877037	.04392369	0
803.15	0	.5697193	.3864332	.04384743	0
802.15	0	.5710515	.3851777	.04377077	0
801.15	0	.5723693	.383937	.04369371	0
800.15	0	.573673	.3827108	.04361625	0
799.15	0	.5749626	.381499	.04353842	0
798.15	0	.5762384	.3803014	.04346021	0
797.15	0	.5775006	.3791178	.04338164	0
796.15	0	.5787492	.3779481	.04330271	0
795.15	0	.5799845	.376792	.04322343	0
794.15	0	.5812067	.3756495	.04314381	0
793.15	0	.5824158	.3745203	.04306386	0
792.15	0	.5836121	.3734043	.04298358	0
791.15	0	.5847958	.3723013	.04290298	0
790.15	0	.5859669	.3712111	.04282207	0
789.15	0	.5871256	.3701335	.04274086	0
788.15	0	.5882721	.3690685	.04265935	0
787.15	0	.5894066	.3680158	.04257755	0
786.15	0	.5905292	.3669754	.04249546	0
785.15	0	.59164	.3659469	.0424131	0
784.15	0	.5927392	.3649304	.04233047	0
783.15	0	.5938269	.3639255	.04224758	0
782.15	0	.5949033	.3629323	.04216443	0
781.15	0	.5959685	.3619505	.04208103	0
780.15	0	.5970227	.3609799	.04199738	0
779.2835	0	.5979273	.360148	.04192471	0
779.2835	0	.5979273	.360148	.04192471	0
779.2835	0	.5979273	.360148	.04192471	0
779.15	0	.5985494	.35935	.041706	3.945872E-04
778.15	0	.603152	.3534373	.04008082	.003329899
777.15	0	.6076541	.3476382	.03847902	.006228677
776.15	0	.612058	.3419502	.03690017	.009091573
775.15	0	.6163662	.3363707	.03534384	.01191922
774.15	0	.620581	.3308972	.03380961	.01471224
773.15	0	.6247044	.3255273	.03229706	.01747124
772.15	0	.6287388	.3202586	.03080579	.02019681
771.15	0	.6326862	.3150889	.02933543	.02288951
770.15	0	.6365486	.3100159	.02788557	.02554991
769.15	0	.640328	.3050376	.02645586	.02817856
768.15	0	.6440264	.3001517	.02504593	.03077599
767.15	0	.6476456	.2953562	.02365542	.03334273
766.15	0	.6511875	.2906493	.02228398	.03587928
765.15	0	.6546538	.2860288	.02093127	.03838614
764.15	0	.6580463	.281493	.01959696	.0408638
763.15	0	.6613666	.2770399	.01828072	.04331274
762.15	0	.6646165	.2726679	.01698223	.04573344
761.15	0	.6677974	.2683751	.01570117	.04812633
760.15	0	.6709111	.2641598	.01443724	.05049188
759.15	0	.6739589	.2600204	.01319014	.05283053
758.15	0	.6769424	.2559553	.01195956	.0551427
757.15	0	.6798631	.2519628	.01074523	.05742882
756.15	0	.6827224	.2480415	.009546847	.0596893
755.15	0	.6855216	.2441897	.008364139	.06192455
754.15	0	.6882621	.2404061	.007196831	.06413497
753.15	0	.6909453	.2366891	.006044651	.06632095
752.15	0	.6935723	.2330375	.004907336	.06848287
751.15	0	.6961445	.2294497	.003784626	.07062112
750.15	0	.6986631	.2259246	.002676264	.07273605
749.15	0	.7011293	.2224606	.001581999	.07482804
748.15	0	.7035443	.2190566	5.015861E-04	.07689745
747.6814	0	.7046587	.2174818	0	.07785951
747.6814	0	.7046587	.2174818	0	.07785951
747.15	0	.7049404	.2169718	0	.07808779
746.15	0	.7054633	.2160237	0	.078513
745.15	0	.705977	.2150905	0	.07893256
744.15	0	.7064816	.2141719	0	.07934655
743.15	0	.7069773	.2132676	0	.07975506
742.15	0	.7074644	.2123774	0	.08015816
741.15	0	.7079429	.2115011	0	.08055594
740.15	0	.7084131	.2106384	0	.08094848
739.15	0	.708875	.2097891	0	.08133586
738.15	0	.7093289	.2089529	0	.08171815
737.15	0	.7097749	.2081297	0	.08209543
736.15	0	.7102131	.2073191	0	.08246778
735.15	0	.7106437	.2065211	0	.08283527
734.15	0	.7110668	.2057352	0	.08319797
733.15	0	.7114826	.2049615	0	.08355596
732.15	0	.7118912	.2041995	0	.0839093
731.15	0	.7122927	.2034492	0	.08425807
730.15	0	.7126873	.2027104	0	.08460234
729.15	0	.7130751	.2019828	0	.08494217
728.15	0	.7134561	.2012662	0	.08527763
727.15	0	.7138307	.2005606	0	.08560879
726.15	0	.7141987	.1998656	0	.08593571
725.15	0	.7145605	.1991811	0	.08625846
724.15	0	.714916	.1985069	0	.08657709
723.15	0	.7152655	.1978429	0	.08689168
722.15	0	.7156089	.1971888	0	.08720229
721.15	0	.7159465	.1965446	0	.08750896
720.15	0	.7162782	.19591	0	.08781178
719.15	0	.7166043	.1952849	0	.08811078
718.15	0	.7169249	.1946691	0	.08840604
717.15	0	.7172399	.1940625	0	.0886976
716.15	0	.7175496	.1934649	0	.08898553
715.15	0	.7178539	.1928762	0	.08926988
714.15	0	.7181531	.1922962	0	.0895507
713.15	0	.7184472	.1917248	0	.08982805
712.15	0	.7187362	.1911618	0	.09010198
711.15	0	.7190203	.1906071	0	.09037255
710.15	0	.7192996	.1900606	0	.0906398
709.15	0	.7195741	.1895221	0	.09090379
708.15	0	.719844	.1889915	0	.09116457
707.15	0	.7201092	.1884686	0	.09142218
706.15	0	.7203699	.1879534	0	.09167667
705.15	0	.7206262	.1874457	0	.0919281
704.15	0	.7208781	.1869454	0	.0921765
703.15	0	.7211258	.1864523	0	.09242194
702.15	0	.7213691	.1859664	0	.09266444
701.15	0	.7216084	.1854876	0	.09290406
700.15	0	.7218435	.1850156	0	.09314084
699.15	0	.7220747	.1845505	0	.09337482
698.15	0	.7223019	.1840921	0	.09360605
697.15	0	.7225252	.1836402	0	.09383458
696.15	0	.7227447	.1831949	0	.09406043
695.15	0	.7229604	.1827559	0	.09428366
694.15	0	.7231725	.1823232	0	.0945043
693.15	0	.7233809	.1818967	0	.09472239
692.15	0	.7235858	.1814763	0	.09493797
691.15	0	.7237871	.1810618	0	.09515109
690.15	0	.723985	.1806532	0	.09536178
689.15	0	.7241795	.1802505	0	.09557007
688.15	0	.7243706	.1798534	0	.09577601
687.15	0	.7245584	.179462	0	.09597963
686.15	0	.724743	.179076	0	.09618097
685.15	0	.7249244	.1786955	0	.09638005
684.15	0	.7251027	.1783204	0	.09657693
683.15	0	.7252779	.1779505	0	.09677162
682.15	0	.72545	.1775858	0	.09696417
681.15	0	.7256191	.1772263	0	.09715461
680.15	0	.7257853	.1768717	0	.09734297
679.15	0	.7259486	.1765221	0	.09752928
678.15	0	.7261091	.1761773	0	.09771358
677.15	0	.7262667	.1758374	0	.09789589
676.15	0	.7264216	.1755022	0	.09807625
675.15	0	.7265738	.1751716	0	.09825468
674.15	0	.7267232	.1748456	0	.09843122
673.15	0	.7268701	.1745241	0	.0986059
672.15	0	.7270143	.174207	0	.09877875
671.15	0	.727156	.1738943	0	.09894979
670.15	0	.7272951	.1735858	0	.09911905
669.15	0	.7274318	.1732817	0	.09928656
668.15	0	.727566	.1729816	0	.09945234
667.15	0	.7276978	.1726857	0	.09961643
666.15	0	.7278273	.1723939	0	.09977885
665.15	0	.7279544	.172106	0	.09993963
664.15	0	.7280792	.171822	0	.1000988
663.15	0	.7282018	.1715419	0	.1002563
662.15	0	.7283221	.1712656	0	.1004123
661.15	0	.7284402	.170993	0	.1005668
660.15	0	.7285562	.1707241	0	.1007197
659.15	0	.72867	.1704589	0	.1008712
658.15	0	.7287817	.1701972	0	.1010211
657.15	0	.7288913	.169939	0	.1011696
656.15	0	.7289989	.1696843	0	.1013167
655.15	0	.7291045	.1694331	0	.1014624
654.15	0	.7292081	.1691852	0	.1016067
653.15	0	.7293098	.1689406	0	.1017496
652.15	0	.7294095	.1686993	0	.1018912
651.15	0	.7295073	.1684612	0	.1020315
650.15	0	.7296033	.1682262	0	.1021705
649.15	0	.7296974	.1679944	0	.1023082
648.15	0	.7297897	.1677657	0	.1024446
647.15	0	.7298802	.16754	0	.1025798
646.15	0	.729969	.1673173	0	.1027138
645.15	0	.730056	.1670975	0	.1028466
644.15	0	.7301413	.1668806	0	.1029781
643.15	0	.7302249	.1666666	0	.1031086
642.15	0	.7303068	.1664553	0	.1032379
641.15	0	.7303871	.1662469	0	.103366
640.15	0	.7304658	.1660412	0	.1034931
639.15	0	.7305428	.1658381	0	.103619
638.15	0	.7306183	.1656378	0	.1037439
637.15	0	.7306923	.16544	0	.1038677
636.15	0	.7307647	.1652448	0	.1039905
635.15	0	.7308356	.1650522	0	.1041123
634.15	0	.730905	.164862	0	.104233
633.15	0	.7309729	.1646743	0	.1043528
632.15	0	.7310394	.164489	0	.1044716
631.15	0	.7311045	.1643062	0	.1045894
630.15	0	.7311681	.1641256	0	.1047063
629.15	0	.7312304	.1639474	0	.1048222
628.15	0	.7312913	.1637715	0	.1049372
627.15	0	.7313508	.1635979	0	.1050513
626.15	0	.731409	.1634264	0	.1051646
625.15	0	.7314659	.1632572	0	.1052769
624.15	0	.7315215	.1630901	0	.1053884
623.15	0	.7315758	.1629251	0	.105499
622.15	0	.7316289	.1627623	0	.1056088
621.15	0	.7316807	.1626015	0	.1057178
620.15	0	.7317313	.1624427	0	.105826
619.15	0	.7317807	.1622859	0	.1059334
618.15	0	.7318288	.1621312	0	.10604
617.15	0	.7318759	.1619783	0	.1061458
616.15	0	.7319217	.1618274	0	.1062509
615.15	0	.7319664	.1616784	0	.1063552
614.15	0	.73201	.1615312	0	.1064588
613.15	0	.7320524	.1613859	0	.1065617
612.15	0	.7320937	.1612424	0	.1066639
611.15	0	.732134	.1611007	0	.1067653
610.15	0	.7321732	.1609607	0	.1068661
609.15	0	.7322113	.1608225	0	.1069662
608.15	0	.7322484	.160686	0	.1070656
607.15	0	.7322845	.1605511	0	.1071644
606.15	0	.7323195	.160418	0	.1072626
605.15	0	.7323535	.1602864	0	.10736
604.15	0	.7323866	.1601565	0	.1074569
603.15	0	.7324187	.1600282	0	.1075532
602.15	0	.7324498	.1599014	0	.1076488
601.15	0	.7324799	.1597762	0	.1077439
600.15	0	.7325091	.1596525	0	.1078384
599.15	0	.7325375	.1595303	0	.1079323
598.15	0	.7325648	.1594096	0	.1080256
597.15	0	.7325913	.1592903	0	.1081184
596.15	0	.7326169	.1591725	0	.1082106
595.15	0	.7326417	.1590561	0	.1083023
594.15	0	.7326655	.158941	0	.1083935
593.15	0	.7326885	.1588274	0	.1084841
592.15	0	.7327107	.1587151	0	.1085742
591.15	0	.732732	.1586041	0	.1086638
590.15	0	.7327526	.1584945	0	.108753
589.15	0	.7327723	.1583861	0	.1088416
588.15	0	.7327912	.1582791	0	.1089298
587.15	0	.7328093	.1581733	0	.1090175
586.15	0	.7328267	.1580687	0	.1091047
585.15	0	.7328433	.1579653	0	.1091914
584.15	0	.7328591	.1578632	0	.1092778
583.15	0	.7328742	.1577622	0	.1093636
582.15	0	.7328885	.1576624	0	.1094491
581.15	0	.7329022	.1575638	0	.1095341
580.15	0	.7329151	.1574663	0	.1096187
579.15	0	.7329273	.1573699	0	.1097029
578.15	0	.7329388	.1572746	0	.1097866
577.15	0	.7329496	.1571804	0	.10987
576.15	0	.7329598	.1570872	0	.109953
575.15	0	.7329692	.1569951	0	.1100356
574.15	0	.7329781	.1569041	0	.1101178
573.15	0	.7329862	.1568141	0	.1101997
572.15	0	.7329938	.156725	0	.1102812
571.15	0	.7330007	.156637	0	.1103623
570.15	0	.733007	.15655	0	.1104431
569.15	0	.7330126	.1564639	0	.1105235
568.15	0	.7330177	.1563787	0	.1106036
567.15	0	.7330221	.1562945	0	.1106834
566.15	0	.733026	.1562112	0	.1107628
565.15	0	.7330293	.1561288	0	.1108419
564.15	0	.733032	.1560473	0	.1109207
563.15	0	.7330342	.1559667	0	.1109992
562.15	0	.7330358	.1558869	0	.1110774
561.15	0	.7330368	.155808	0	.1111552
560.15	0	.7330373	.1557299	0	.1112328
559.15	0	.7330373	.1556526	0	.1113101
558.15	0	.7330368	.1555762	0	.1113871
557.15	0	.7330357	.1555005	0	.1114638
556.15	0	.7330341	.1554256	0	.1115403
555.15	0	.733032	.1553515	0	.1116164
554.15	0	.7330295	.1552782	0	.1116923
553.15	0	.7330264	.1552056	0	.111768
552.15	0	.7330229	.1551337	0	.1118434
551.15	0	.7330188	.1550626	0	.1119186
550.15	0	.7330144	.1549922	0	.1119935
549.15	0	.7330094	.1549225	0	.1120681
548.15	0	.733004	.1548534	0	.1121426
547.15	0	.7329982	.1547851	0	.1122168
546.15	0	.7329919	.1547174	0	.1122907
545.15	0	.7329852	.1546503	0	.1123645
544.15	0	.732978	.1545839	0	.112438
543.15	0	.7329705	.1545182	0	.1125114
542.15	0	.7329625	.154453	0	.1125845
541.15	0	.7329541	.1543885	0	.1126574
540.15	0	.7329453	.1543246	0	.1127301
539.15	0	.7329362	.1542613	0	.1128026
538.15	0	.7329266	.1541985	0	.1128749
537.15	0	.7329167	.1541363	0	.112947
536.15	0	.7329064	.1540747	0	.113019
535.15	0	.7328957	.1540136	0	.1130907
534.15	0	.7328846	.1539531	0	.1131623
533.15	0	.7328732	.1538931	0	.1132337
532.15	0	.7328615	.1538336	0	.113305
531.15	0	.7328494	.1537746	0	.113376
530.15	0	.7328369	.1537161	0	.113447
529.15	0	.7328242	.1536582	0	.1135177
528.15	0	.7328111	.1536007	0	.1135883
527.15	0	.7327976	.1535436	0	.1136587
526.15	0	.7327839	.1534871	0	.113729
525.15	0	.7327699	.153431	0	.1137992
524.15	0	.7327555	.1533753	0	.1138692
523.15	0	.7327409	.1533201	0	.113939
522.15	0	.7327259	.1532653	0	.1140088
521.15	0	.7327107	.153211	0	.1140783
520.15	0	.7326952	.153157	0	.1141478
519.15	0	.7326794	.1531035	0	.1142172
518.15	0	.7326633	.1530503	0	.1142864
517.15	0	.732647	.1529975	0	.1143555
516.15	0	.7326304	.1529452	0	.1144244
515.15	0	.7326136	.1528931	0	.1144933
514.15	0	.7325965	.1528415	0	.114562
513.15	0	.7325791	.1527902	0	.1146307
512.15	0	.7325615	.1527392	0	.1146992
511.15	0	.7325437	.1526887	0	.1147676
510.15	0	.7325257	.1526384	0	.114836
509.15	0	.7325074	.1525884	0	.1149042
508.15	0	.7324889	.1525388	0	.1149723
507.15	0	.7324701	.1524895	0	.1150404
506.15	0	.7324512	.1524405	0	.1151083
505.15	0	.7324321	.1523917	0	.1151762
504.15	0	.7324127	.1523433	0	.115244
503.15	0	.7323932	.1522951	0	.1153117
502.15	0	.7323735	.1522473	0	.1153793
501.15	0	.7323536	.1521996	0	.1154468
500.15	0	.7323334	.1521523	0	.1155143
499.15	0	.7323132	.1521052	0	.1155817
498.15	0	.7322927	.1520583	0	.115649
497.15	0	.7322721	.1520117	0	.1157162
496.15	0	.7322513	.1519653	0	.1157834
495.15	0	.7322303	.1519192	0	.1158505
494.15	0	.7322092	.1518732	0	.1159176
493.15	0	.732188	.1518275	0	.1159846
492.15	0	.7321666	.151782	0	.1160515
491.15	0	.732145	.1517366	0	.1161184
490.15	0	.7321233	.1516915	0	.1161852
489.15	0	.7321015	.1516466	0	.116252
488.15	0	.7320795	.1516018	0	.1163187
487.15	0	.7320574	.1515572	0	.1163854
486.15	0	.7320352	.1515128	0	.116452
485.15	0	.7320129	.1514686	0	.1165186
484.15	0	.7319904	.1514245	0	.1165851
483.15	0	.7319679	.1513805	0	.1166516
482.15	0	.7319452	.1513367	0	.1167181
481.15	0	.7319225	.1512931	0	.1167845
480.15	0	.7318996	.1512495	0	.1168509
479.15	0	.7318766	.1512061	0	.1169172
478.15	0	.7318536	.1511629	0	.1169835
477.15	0	.7318305	.1511197	0	.1170498
476.15	0	.7318072	.1510767	0	.1171161
475.15	0	.731784	.1510337	0	.1171823
474.15	0	.7317606	.1509909	0	.1172486
473.15	0	.7317371	.1509481	0	.1173147
472.15	0	.7317136	.1509055	0	.1173809
471.15	0	.7316901	.1508629	0	.117447
470.15	0	.7316664	.1508204	0	.1175132
469.15	0	.7316427	.150778	0	.1175793
468.15	0	.731619	.1507356	0	.1176454
467.15	0	.7315952	.1506934	0	.1177114
466.15	0	.7315714	.1506511	0	.1177775
465.15	0	.7315475	.150609	0	.1178436
464.15	0	.7315236	.1505669	0	.1179096
463.15	0	.7314996	.1505248	0	.1179756
462.15	0	.7314756	.1504827	0	.1180416
461.15	0	.7314516	.1504407	0	.1181077
460.15	0	.7314276	.1503988	0	.1181737
459.15	0	.7314035	.1503568	0	.1182397
458.15	0	.7313794	.1503149	0	.1183057
457.15	0	.7313553	.150273	0	.1183717
456.15	0	.7313312	.1502311	0	.1184377
455.15	0	.7313071	.1501892	0	.1185037
454.15	0	.731283	.1501473	0	.1185697
453.15	0	.7312589	.1501054	0	.1186357
452.15	0	.7312347	.1500635	0	.1187017
451.15	0	.7312106	.1500216	0	.1187677
450.15	0	.7311865	.1499797	0	.1188338
449.15	0	.7311625	.1499377	0	.1188998
448.15	0	.7311385	.1498956	0	.1189658
447.15	0	.7311146	.1498535	0	.1190319
446.15	0	.7310906	.1498114	0	.119098
445.15	0	.7310668	.1497692	0	.1191641
444.15	0	.7310429	.1497269	0	.1192302
443.15	0	.7310192	.1496845	0	.1192963
442.15	0	.7309956	.149642	0	.1193625
441.15	0	.730972	.1495994	0	.1194286
440.15	0	.7309485	.1495567	0	.1194948
439.15	0	.7309251	.1495139	0	.119561
438.15	0	.7309018	.1494709	0	.1196273
437.15	0	.7308787	.1494278	0	.1196936
436.15	0	.7308557	.1493845	0	.1197599
435.15	0	.7308328	.149341	0	.1198262
434.15	0	.73081	.1492974	0	.1198926
433.15	0	.7307874	.1492536	0	.119959
432.15	0	.7307649	.1492097	0	.1200254
431.15	0	.7307426	.1491655	0	.1200919
430.15	0	.7307205	.1491211	0	.1201584
429.15	0	.7306985	.1490766	0	.1202249
428.15	0	.7306767	.1490318	0	.1202915
427.15	0	.7306551	.1489868	0	.1203582
426.15	0	.7306336	.1489415	0	.1204248
425.15	0	.7306124	.1488961	0	.1204915
424.15	0	.7305913	.1488504	0	.1205583
423.15	0	.7305705	.1488045	0	.1206251
422.15	0	.7305498	.1487583	0	.1206919
421.15	0	.7305293	.1487119	0	.1207588
420.15	0	.7305091	.1486652	0	.1208257
419.15	0	.7304891	.1486183	0	.1208927
418.15	0	.7304692	.1485711	0	.1209597
417.15	0	.7304496	.1485236	0	.1210268
416.15	0	.7304302	.1484759	0	.1210939
415.15	0	.7304111	.148428	0	.121161
414.15	0	.7303921	.1483797	0	.1212282
413.15	0	.7303734	.1483312	0	.1212954
412.15	0	.7303549	.1482824	0	.1213627
411.15	0	.7303366	.1482333	0	.1214301
410.15	0	.7303186	.1481839	0	.1214975
409.15	0	.7303008	.1481343	0	.1215649
408.15	0	.7302833	.1480844	0	.1216324
407.15	0	.7302659	.1480341	0	.1216999
406.15	0	.7302489	.1479836	0	.1217675
405.15	0	.730232	.1479329	0	.1218351
404.15	0	.7302154	.1478818	0	.1219028
403.15	0	.730199	.1478304	0	.1219705
402.15	0	.7301829	.1477788	0	.1220383
401.15	0	.7301671	.1477269	0	.1221061
400.15	0	.7301514	.1476746	0	.122174
399.15	0	.730136	.1476221	0	.1222419
398.15	0	.7301209	.1475693	0	.1223098
397.15	0	.730106	.1475162	0	.1223778
396.15	0	.7300913	.1474628	0	.1224459
