T	 BPW(LIQUID)	BPW(BCC_A2)	BPW(FCC_A1)	BPW(LAVES_PHASE_C14)	BPW(NI3TI)
1473.15	.142705	.857295	0	0	0
1472.15	.1402508	.8597492	0	0	0
1471.15	.1378138	.8621863	0	0	0
1470.15	.1353938	.8646062	0	0	0
1469.15	.1329907	.8670093	0	0	0
1468.15	.1306044	.8693956	0	0	0
1467.15	.1282347	.8717653	0	0	0
1466.15	.1258815	.8741185	0	0	0
1465.15	.1235446	.8764554	0	0	0
1464.15	.1212239	.8787761	0	0	0
1463.15	.1189192	.8810808	0	0	0
1462.15	.1166305	.8833695	0	0	0
1461.15	.1143575	.8856425	0	0	0
1460.15	.1121001	.8878999	0	0	0
1459.15	.1098582	.8901418	0	0	0
1458.15	.1076317	.8923683	0	0	0
1457.15	.1054204	.8945796	0	0	0
1456.15	.1032242	.8967758	0	0	0
1455.15	.1010429	.8989571	0	0	0
1454.15	.09887652	.9011235	0	0	0
1453.15	.09672481	.9032752	0	0	0
1452.15	.09458769	.9054123	0	0	0
1451.15	.09246502	.907535	0	0	0
1450.15	.09035668	.9096433	0	0	0
1449.15	.08826254	.9117375	0	0	0
1448.15	.0861825	.9138175	0	0	0
1447.15	.08411642	.9158836	0	0	0
1446.15	.08206419	.9179358	0	0	0
1445.15	.08002569	.9199743	0	0	0
1444.15	.07800081	.9219992	0	0	0
1443.15	.07598943	.9240106	0	0	0
1442.15	.07399143	.9260086	0	0	0
1441.15	.07200671	.9279933	0	0	0
1440.15	.07003514	.9299649	0	0	0
1439.15	.06807663	.9319234	0	0	0
1438.15	.06613105	.9338689	0	0	0
1437.15	.06419831	.9358017	0	0	0
1436.15	.0622783	.9377217	0	0	0
1435.15	.0603709	.9396291	0	0	0
1434.15	.05847602	.941524	0	0	0
1433.15	.05659355	.9434065	0	0	0
1432.15	.05472338	.9452766	0	0	0
1431.15	.05286542	.9471346	0	0	0
1430.15	.05101957	.9489804	0	0	0
1429.15	.04918571	.9508143	0	0	0
1428.15	.04736377	.9526362	0	0	0
1427.15	.04555363	.9544464	0	0	0
1426.15	.0437552	.9562448	0	0	0
1425.15	.04196839	.9580316	0	0	0
1424.15	.0401931	.9598069	0	0	0
1423.15	.03842923	.9615708	0	0	0
1422.15	.0366767	.9633233	0	0	0
1421.15	.03493541	.9650646	0	0	0
1420.15	.03320526	.9667947	0	0	0
1419.15	.03148618	.9685138	0	0	0
1418.15	.02977807	.9702219	0	0	0
1417.15	.02808084	.9719192	0	0	0
1416.15	.02639441	.9736056	0	0	0
1415.15	.02471868	.9752813	0	0	0
1414.15	.02305358	.9769464	0	0	0
1413.15	.02139901	.978601	0	0	0
1412.15	.0197549	.9802451	0	0	0
1411.15	.01812116	.9818788	0	0	0
1410.15	.01649771	.9835023	0	0	0
1409.15	.01488447	.9851155	0	0	0
1408.15	.01328135	.9867187	0	0	0
1407.15	.01168828	.9883117	0	0	0
1406.15	.01010518	.9898948	0	0	0
1405.15	.008531967	.991468	0	0	0
1404.15	.006968569	.9930314	0	0	0
1403.15	.005414906	.9945851	0	0	0
1402.15	.003870905	.9961291	0	0	0
1401.15	.002336489	.9976635	0	0	0
1400.15	8.115842E-04	.9991884	0	0	0
1399.615	0	1	0	0	0
1399.615	0	1	0	0	0
1399.15	0	1	0	0	0
1398.15	0	1	0	0	0
1397.15	0	1	0	0	0
1396.15	0	1	0	0	0
1395.15	0	1	0	0	0
1394.15	0	1	0	0	0
1393.15	0	1	0	0	0
1392.15	0	1	0	0	0
1391.15	0	1	0	0	0
1390.15	0	1	0	0	0
1389.15	0	1	0	0	0
1388.15	0	1	0	0	0
1387.15	0	1	0	0	0
1386.15	0	1	0	0	0
1385.15	0	1	0	0	0
1384.15	0	1	0	0	0
1383.15	0	1	0	0	0
1382.15	0	1	0	0	0
1381.15	0	1	0	0	0
1380.15	0	1	0	0	0
1379.15	0	1	0	0	0
1378.15	0	1	0	0	0
1377.15	0	1	0	0	0
1376.15	0	1	0	0	0
1375.15	0	1	0	0	0
1374.15	0	1	0	0	0
1373.15	0	1	0	0	0
1372.15	0	1	0	0	0
1371.15	0	1	0	0	0
1370.15	0	1	0	0	0
1369.15	0	1	0	0	0
1368.15	0	1	0	0	0
1367.15	0	1	0	0	0
1366.15	0	1	0	0	0
1365.15	0	1	0	0	0
1364.15	0	1	0	0	0
1363.15	0	1	0	0	0
1362.15	0	1	0	0	0
1361.15	0	1	0	0	0
1360.15	0	1	0	0	0
1359.15	0	1	0	0	0
1358.15	0	1	0	0	0
1357.15	0	1	0	0	0
1356.15	0	1	0	0	0
1355.15	0	1	0	0	0
1354.15	0	1	0	0	0
1353.15	0	1	0	0	0
1352.15	0	1	0	0	0
1351.15	0	1	0	0	0
1350.15	0	1	0	0	0
1349.15	0	1	0	0	0
1348.15	0	1	0	0	0
1347.15	0	1	0	0	0
1346.15	0	1	0	0	0
1345.15	0	1	0	0	0
1344.15	0	1	0	0	0
1343.15	0	1	0	0	0
1342.15	0	1	0	0	0
1341.15	0	1	0	0	0
1340.15	0	1	0	0	0
1339.15	0	1	0	0	0
1338.15	0	1	0	0	0
1337.15	0	1	0	0	0
1336.15	0	1	0	0	0
1335.15	0	1	0	0	0
1334.15	0	1	0	0	0
1333.15	0	1	0	0	0
1332.15	0	1	0	0	0
1331.15	0	1	0	0	0
1330.15	0	1	0	0	0
1329.15	0	1	0	0	0
1328.15	0	1	0	0	0
1327.15	0	1	0	0	0
1326.15	0	1	0	0	0
1325.15	0	1	0	0	0
1324.15	0	1	0	0	0
1323.15	0	1	0	0	0
1322.15	0	1	0	0	0
1321.15	0	1	0	0	0
1320.15	0	1	0	0	0
1319.15	0	1	0	0	0
1318.15	0	1	0	0	0
1317.15	0	1	0	0	0
1316.15	0	1	0	0	0
1315.15	0	1	0	0	0
1314.15	0	1	0	0	0
1313.15	0	1	0	0	0
1312.15	0	1	0	0	0
1311.15	0	1	0	0	0
1310.15	0	1	0	0	0
1309.15	0	1	0	0	0
1308.15	0	1	0	0	0
1307.15	0	1	0	0	0
1306.15	0	1	0	0	0
1305.15	0	1	0	0	0
1304.15	0	1	0	0	0
1303.15	0	1	0	0	0
1302.15	0	1	0	0	0
1301.15	0	1	0	0	0
1300.15	0	1	0	0	0
1299.15	0	1	0	0	0
1298.15	0	1	0	0	0
1297.15	0	1	0	0	0
1296.15	0	1	0	0	0
1295.15	0	1	0	0	0
1294.15	0	1	0	0	0
1293.15	0	1	0	0	0
1292.15	0	1	0	0	0
1291.15	0	1	0	0	0
1290.15	0	1	0	0	0
1289.15	0	1	0	0	0
1288.15	0	1	0	0	0
1287.15	0	1	0	0	0
1286.15	0	1	0	0	0
1285.15	0	1	0	0	0
1284.15	0	1	0	0	0
1283.15	0	1	0	0	0
1282.15	0	1	0	0	0
1281.15	0	1	0	0	0
1280.15	0	1	0	0	0
1279.15	0	1	0	0	0
1278.15	0	1	0	0	0
1277.15	0	1	0	0	0
1276.15	0	1	0	0	0
1275.15	0	1	0	0	0
1274.15	0	1	0	0	0
1273.15	0	1	0	0	0
1272.15	0	1	0	0	0
1271.791	0	1	0	0	0
1271.791	0	1	0	0	0
1271.791	0	1	0	0	0
1271.15	0	.9996036	0	3.963846E-04	0
1270.15	0	.9989861	0	.001013859	0
1269.15	0	.99837	0	.001630042	0
1268.15	0	.9977551	0	.002244935	0
1267.15	0	.9971415	0	.002858543	0
1266.15	0	.9965291	0	.003470869	0
1265.15	0	.9959181	0	.004081917	0
1264.15	0	.9953083	0	.00469169	0
1263.15	0	.9946998	0	.005300192	0
1262.15	0	.9940926	0	.005907427	0
1261.15	0	.9934866	0	.006513397	0
1260.15	0	.9928819	0	.007118106	0
1259.15	0	.9922784	0	.007721559	0
1258.15	0	.9916762	0	.008323757	0
1257.15	0	.9910753	0	.008924705	0
1256.15	0	.9904756	0	.009524406	0
1255.15	0	.9898771	0	.01012286	0
1254.15	0	.9892799	0	.01072008	0
1253.15	0	.9886839	0	.01131606	0
1252.15	0	.9880892	0	.01191081	0
1251.15	0	.9874957	0	.01250432	0
1250.15	0	.9869034	0	.01309661	0
1249.15	0	.9863123	0	.01368768	0
1248.15	0	.9857225	0	.01427752	0
1247.15	0	.9851339	0	.01486615	0
1246.15	0	.9845464	0	.01545357	0
1245.15	0	.9839602	0	.01603977	0
1244.15	0	.9833752	0	.01662477	0
1243.15	0	.9827914	0	.01720856	0
1242.15	0	.9822088	0	.01779116	0
1241.15	0	.9816275	0	.01837255	0
1240.15	0	.9810473	0	.01895275	0
1239.15	0	.9804682	0	.01953176	0
1238.15	0	.9798904	0	.02010958	0
1237.15	0	.9793138	0	.02068622	0
1236.15	0	.9787383	0	.02126167	0
1235.15	0	.9781641	0	.02183595	0
1234.15	0	.977591	0	.02240905	0
1233.15	0	.977019	0	.02298097	0
1232.15	0	.9764483	0	.02355173	0
1231.15	0	.9758787	0	.02412132	0
1230.15	0	.9753103	0	.02468975	0
1229.15	0	.974743	0	.02525702	0
1228.15	0	.9741769	0	.02582313	0
1227.15	0	.9736119	0	.02638808	0
1226.15	0	.9730481	0	.02695189	0
1225.15	0	.9724855	0	.02751454	0
1224.15	0	.971924	0	.02807605	0
1223.15	0	.9713636	0	.02863642	0
1222.15	0	.9708044	0	.02919564	0
1221.15	0	.9702463	0	.02975373	0
1220.15	0	.9696893	0	.03031069	0
1219.15	0	.9691335	0	.03086652	0
1218.15	0	.9685788	0	.03142122	0
1217.15	0	.9680252	0	.03197479	0
1216.15	0	.9674728	0	.03252724	0
1215.15	0	.9669214	0	.03307857	0
1214.15	0	.9663712	0	.03362879	0
1213.15	0	.9658221	0	.03417789	0
1212.15	0	.9652741	0	.03472588	0
1211.15	0	.9647272	0	.03527276	0
1210.15	0	.9641815	0	.03581854	0
1209.15	0	.9636368	0	.03636321	0
1208.15	0	.9630932	0	.03690678	0
1207.15	0	.9625507	0	.03744926	0
1206.15	0	.9620094	0	.03799064	0
1205.15	0	.9614691	0	.03853093	0
1204.15	0	.9609299	0	.03907013	0
1203.15	0	.9603917	0	.03960825	0
1202.15	0	.9598547	0	.04014528	0
1201.15	0	.9593188	0	.04068123	0
1200.15	0	.9587839	0	.0412161	0
1199.15	0	.9582501	0	.0417499	0
1198.15	0	.9577174	0	.04228262	0
1197.15	0	.9571857	0	.04281428	0
1196.15	0	.9566551	0	.04334486	0
1195.15	0	.9561256	0	.04387439	0
1194.15	0	.9555972	0	.04440284	0
1193.15	0	.9550698	0	.04493024	0
1192.15	0	.9545434	0	.04545658	0
1191.15	0	.9540181	0	.04598187	0
1190.15	0	.9534939	0	.0465061	0
1189.15	0	.9529707	0	.04702929	0
1188.15	0	.9524486	0	.04755142	0
1187.15	0	.9519275	0	.04807251	0
1186.15	0	.9514074	0	.04859256	0
1185.15	0	.9508884	0	.04911157	0
1184.15	0	.9503704	0	.04962955	0
1183.15	0	.9498535	0	.05014648	0
1182.15	0	.9493376	0	.05066239	0
1181.15	0	.9488227	0	.05117727	0
1180.15	0	.9483089	0	.05169111	0
1179.15	0	.9477961	0	.05220394	0
1178.15	0	.9472843	0	.05271574	0
1177.15	0	.9467735	0	.05322652	0
1176.15	0	.9462637	0	.05373628	0
1175.15	0	.945755	0	.05424503	0
1174.15	0	.9452472	0	.05475276	0
1173.15	0	.9447405	0	.05525949	0
1172.15	0	.9442348	0	.0557652	0
1171.15	0	.9437301	0	.05626991	0
1170.15	0	.9432264	0	.05677362	0
1169.15	0	.9427237	0	.05727632	0
1168.15	0	.942222	0	.05777803	0
1167.15	0	.9417213	0	.05827873	0
1166.15	0	.9412216	0	.05877845	0
1165.15	0	.9407228	0	.05927717	0
1164.15	0	.9402251	0	.0597749	0
1163.15	0	.9397284	0	.06027164	0
1162.15	0	.9392326	0	.0607674	0
1161.15	0	.9387378	0	.06126218	0
1160.15	0	.938244	0	.06175597	0
1159.15	0	.9377512	0	.06224879	0
1158.15	0	.9372594	0	.06274063	0
1157.15	0	.9367685	0	.06323149	0
1156.15	0	.9362786	0	.06372138	0
1155.15	0	.9357897	0	.0642103	0
1154.15	0	.9353017	0	.06469828	0
1153.15	0	.9348147	0	.06518527	0
1152.15	0	.9343287	0	.0656713	0
1151.15	0	.9338436	0	.06615636	0
1150.15	0	.9333595	0	.06664046	0
1149.15	0	.9328764	0	.06712361	0
1148.15	0	.9323942	0	.0676058	0
1147.15	0	.931913	0	.06808704	0
1146.15	0	.9314327	0	.06856733	0
1145.15	0	.9309533	0	.06904667	0
1144.15	0	.9304749	0	.06952506	0
1143.15	0	.9299975	0	.07000251	0
1142.15	0	.929521	0	.07047902	0
1141.15	0	.9290454	0	.07095459	0
1140.15	0	.9285708	0	.07142921	0
1139.15	0	.9280971	0	.07190291	0
1138.15	0	.9276243	0	.07237566	0
1137.15	0	.9271525	0	.07284749	0
1136.15	0	.9266816	0	.07331838	0
1135.15	0	.9262116	0	.07378835	0
1134.15	0	.9257426	0	.07425739	0
1133.15	0	.9252745	0	.0747255	0
1132.15	0	.9248073	0	.0751927	0
1131.15	0	.924341	0	.07565897	0
1130.15	0	.9238757	0	.07612432	0
1129.15	0	.9234112	0	.07658876	0
1128.15	0	.9229477	0	.07705229	0
1127.15	0	.9224851	0	.0775149	0
1126.15	0	.9220234	0	.0779766	0
1125.15	0	.9215626	0	.07843739	0
1124.15	0	.9211027	0	.07889728	0
1123.15	0	.9206437	0	.07935626	0
1122.15	0	.9201857	0	.07981433	0
1121.15	0	.9197285	0	.08027151	0
1120.782	0	.9195607	0	.08043929	0
1120.782	0	.9195607	0	.08043929	0
1120.782	0	.9195607	0	.08043929	0
1120.15	0	.9188166	4.844906E-04	.08069892	0
1119.15	0	.9176427	.001248737	.08110857	0
1118.15	0	.916472	.002010842	.0815172	0
1117.15	0	.9153044	.002770808	.08192482	0
1116.15	0	.9141399	.003528639	.08233142	0
1115.15	0	.9129787	.004284336	.08273701	0
1114.15	0	.9118205	.005037903	.0831416	0
1113.15	0	.9106655	.005789343	.08354518	0
1112.15	0	.9095136	.006538657	.08394776	0
1111.15	0	.9083648	.007285849	.08434933	0
1110.15	0	.9072192	.008030922	.08474991	0
1109.15	0	.9060766	.008773877	.08514949	0
1108.15	0	.9049372	.009514719	.08554808	0
1107.15	0	.9038009	.01025345	.08594567	0
1106.15	0	.9026677	.01099007	.08634228	0
1105.15	0	.9015375	.01172458	.0867379	0
1104.15	0	.9004105	.01245699	.08713253	0
1103.15	0	.8992865	.0131873	.08752618	0
1102.15	0	.8981657	.01391551	.08791884	0
1101.15	0	.8970479	.01464162	.08831053	0
1100.15	0	.8959331	.01536564	.08870124	0
1099.15	0	.8948215	.01608757	.08909098	0
1098.15	0	.8937129	.01680741	.08947974	0
1097.15	0	.8926073	.01752516	.08986753	0
1096.15	0	.8915048	.01824083	.09025435	0
1095.15	0	.8904054	.01895441	.0906402	0
1094.15	0	.889309	.01966592	.09102509	0
1093.15	0	.8882156	.02037535	.09140901	0
1092.15	0	.8871253	.02108271	.09179198	0
1091.15	0	.886038	.021788	.09217398	0
1090.15	0	.8849538	.02249121	.09255502	0
1089.15	0	.8838725	.02319236	.09293511	0
1088.15	0	.8827943	.02389145	.09331425	0
1087.15	0	.8817191	.02458847	.09369243	0
1086.15	0	.8806469	.02528343	.09406966	0
1085.15	0	.8795777	.02597634	.09444595	0
1084.15	0	.8785115	.02666719	.09482128	0
1083.15	0	.8774483	.02735599	.09519567	0
1082.15	0	.8763882	.02804274	.09556911	0
1081.15	0	.875331	.02872744	.09594162	0
1080.15	0	.8742767	.02941009	.09631318	0
1079.15	0	.8732255	.0300907	.0966838	0
1078.15	0	.8721772	.03076927	.09705349	0
1077.15	0	.871132	.0314458	.09742224	0
1076.15	0	.8700896	.0321203	.09779006	0
1075.15	0	.8690503	.03279276	.09815694	0
1074.15	0	.8680139	.03346319	.09852289	0
1073.15	0	.8669805	.03413159	.09888792	0
1072.15	0	.86595	.03479797	.09925201	0
1071.15	0	.8649225	.03546231	.09961518	0
1070.15	0	.8638979	.03612464	.09997742	0
1069.15	0	.8628763	.03678495	.1003387	0
1068.15	0	.8618576	.03744324	.1006991	0
1067.15	0	.8608419	.03809951	.1010586	0
1066.15	0	.8598291	.03875377	.1014172	0
1065.15	0	.8588192	.03940602	.1017748	0
1064.15	0	.8578122	.04005627	.1021315	0
1063.15	0	.8568082	.0407045	.1024873	0
1062.15	0	.8558071	.04135073	.1028422	0
1061.15	0	.8548089	.04199497	.1031962	0
1060.15	0	.8538136	.0426372	.1035492	0
1059.15	0	.8528212	.04327744	.1039014	0
1058.15	0	.8518317	.04391568	.1042526	0
1057.15	0	.8508451	.04455193	.104603	0
1056.15	0	.8498614	.04518619	.1049524	0
1055.15	0	.8488806	.04581847	.1053009	0
1054.15	0	.8479027	.04644876	.1056485	0
1053.15	0	.8469277	.04707706	.1059952	0
1052.15	0	.8459556	.04770339	.106341	0
1051.15	0	.8449863	.04832774	.1066859	0
1050.15	0	.84402	.04895012	.1070299	0
1049.15	0	.8430565	.04957052	.107373	0
1048.15	0	.8420958	.05018896	.1077152	0
1047.15	0	.8411381	.05080543	.1080565	0
1046.15	0	.8401832	.05141993	.1083969	0
1045.15	0	.8392311	.05203247	.1087364	0
1044.15	0	.8382819	.05264305	.109075	0
1043.15	0	.8373356	.05325168	.1094127	0
1042.15	0	.8363921	.05385835	.1097495	0
1041.15	0	.8354515	.05446307	.1100855	0
1040.15	0	.8345137	.05506584	.1104205	0
1039.15	0	.8335787	.05566666	.1107546	0
1038.15	0	.8326466	.05626554	.1110879	0
1037.15	0	.8317173	.05686248	.1114202	0
1036.15	0	.8307908	.05745748	.1117517	0
1035.15	0	.8298672	.05805055	.1120823	0
1034.15	0	.8289464	.05864168	.1124119	0
1033.15	0	.8280284	.05923088	.1127407	0
1032.15	0	.8271132	.05981816	.1130686	0
1031.15	0	.8262008	.06040351	.1133957	0
1030.15	0	.8252913	.06098695	.1137218	0
1029.15	0	.8243845	.06156846	.114047	0
1028.15	0	.8234806	.06214806	.1143714	0
1027.15	0	.8225794	.06272575	.1146948	0
1026.15	0	.821681	.06330153	.1150174	0
1025.15	0	.8207855	.0638754	.1153391	0
1024.15	0	.8198927	.06444738	.1156599	0
1023.15	0	.8190027	.06501745	.1159799	0
1022.15	0	.8181155	.06558563	.1162989	0
1021.15	0	.817231	.06615191	.116617	0
1020.15	0	.8163494	.06671631	.1169343	0
1019.15	0	.8154705	.06727882	.1172507	0
1018.15	0	.8145943	.06783945	.1175662	0
1017.15	0	.813721	.0683982	.1178808	0
1016.15	0	.8128504	.06895507	.1181946	0
1015.15	0	.8119825	.06951008	.1185074	0
1014.15	0	.8111174	.07006321	.1188194	0
1013.15	0	.8102551	.07061448	.1191305	0
1012.15	0	.8093955	.07116389	.1194406	0
1011.15	0	.8085386	.07171145	.11975	0
1010.15	0	.8076845	.07225715	.1200584	0
1009.15	0	.8068331	.07280101	.1203659	0
1008.15	0	.8059844	.07334302	.1206726	0
1007.15	0	.8051385	.07388319	.1209783	0
1006.15	0	.8042952	.07442152	.1212832	0
1005.15	0	.8034547	.07495803	.1215872	0
1004.15	0	.8026169	.0754927	.1218903	0
1003.15	0	.8017819	.07602556	.1221926	0
1002.15	0	.8009495	.07655659	.1224939	0
1001.15	0	.8001198	.07708582	.1227944	0
1000.15	0	.7992929	.07761323	.1230939	0
999.15	0	.7984686	.07813884	.1233926	0
998.15	0	.797647	.07866265	.1236904	0
997.15	0	.7968281	.07918467	.1239873	0
996.15	0	.7960118	.07970489	.1242833	0
995.15	0	.7951983	.08022334	.1245784	0
994.15	0	.7943874	.08074	.1248726	0
993.15	0	.7935792	.08125489	.1251659	0
992.15	0	.7927736	.08176802	.1254584	0
991.15	0	.7919707	.08227938	.1257499	0
990.15	0	.7911705	.08278898	.1260406	0
989.15	0	.7903729	.08329684	.1263303	0
988.15	0	.7895779	.08380295	.1266192	0
987.15	0	.7887856	.08430732	.1269071	0
986.15	0	.7879959	.08480995	.1271942	0
985.15	0	.7872088	.08531086	.1274803	0
984.15	0	.7864244	.08581005	.1277656	0
983.15	0	.7856426	.08630753	.1280499	0
982.15	0	.7848633	.0868033	.1283334	0
981.15	0	.7840867	.08729738	.1286159	0
980.15	0	.7833127	.08778975	.1288975	0
979.15	0	.7825413	.08828045	.1291783	0
978.15	0	.7817725	.08876946	.1294581	0
977.15	0	.7810062	.0892568	.129737	0
976.15	0	.7802425	.08974248	.130015	0
975.15	0	.7794814	.0902265	.1302921	0
974.15	0	.7787229	.09070887	.1305682	0
973.15	0	.7779669	.0911896	.1308435	0
972.15	0	.7772135	.09166871	.1311178	0
971.15	0	.7764626	.09214618	.1313912	0
970.15	0	.7757142	.09262204	.1316637	0
969.15	0	.7749684	.0930963	.1319353	0
968.15	0	.7742251	.09356895	.1322059	0
967.15	0	.7734843	.09404002	.1324757	0
966.15	0	.7727461	.09450951	.1327444	0
965.15	0	.7720103	.09497743	.1330123	0
964.15	0	.771277	.09544379	.1332792	0
963.15	0	.7705462	.09590859	.1335452	0
962.15	0	.7698179	.09637186	.1338102	0
961.15	0	.7690921	.09683359	.1340743	0
960.15	0	.7683687	.09729381	.1343375	0
959.15	0	.7676478	.09775252	.1345997	0
958.15	0	.7669293	.09820973	.134861	0
957.15	0	.7662132	.09866545	.1351213	0
956.15	0	.7654996	.09911969	.1353807	0
955.15	0	.7647884	.09957247	.1356391	0
954.15	0	.7640796	.1000238	.1358966	0
953.15	0	.7633733	.1004737	.136153	0
952.15	0	.7626693	.1009222	.1364086	0
951.15	0	.7619676	.1013692	.1366632	0
950.15	0	.7612684	.1018148	.1369167	0
949.15	0	.7605715	.1022591	.1371694	0
948.15	0	.759877	.102702	.137421	0
947.15	0	.7591848	.1031435	.1376717	0
946.15	0	.758495	.1035837	.1379214	0
945.15	0	.7578074	.1040225	.1381701	0
944.15	0	.7571222	.10446	.1384178	0
943.15	0	.7564392	.1048962	.1386645	0
942.15	0	.7557586	.1053311	.1389103	0
941.15	0	.7550802	.1057648	.139155	0
940.15	0	.7544041	.1061972	.1393987	0
939.15	0	.7537302	.1066283	.1396415	0
938.15	0	.7530585	.1070583	.1398832	0
937.15	0	.7523891	.107487	.1401239	0
936.15	0	.7517219	.1079145	.1403636	0
935.15	0	.7510569	.1083409	.1406022	0
934.15	0	.750394	.1087661	.1408399	0
933.15	0	.7497334	.1091901	.1410765	0
932.15	0	.7490748	.1096131	.1413121	0
931.15	0	.7484184	.1100349	.1415466	0
930.15	0	.7477642	.1104557	.1417801	0
929.15	0	.747112	.1108754	.1420126	0
928.15	0	.746462	.1112941	.142244	0
927.15	0	.745814	.1117117	.1424743	0
926.15	0	.745168	.1121284	.1427036	0
925.15	0	.7445241	.1125441	.1429318	0
924.15	0	.7438823	.1129588	.1431589	0
923.15	0	.7432424	.1133726	.143385	0
922.15	0	.7426045	.1137855	.14361	0
921.15	0	.7419686	.1141975	.1438339	0
920.15	0	.7413347	.1146086	.1440567	0
919.15	0	.7407027	.1150189	.1442784	0
918.15	0	.7400726	.1154284	.144499	0
917.15	0	.7394443	.1158371	.1447185	0
916.15	0	.738818	.1162451	.1449369	0
915.15	0	.7381935	.1166523	.1451542	0
914.15	0	.7375709	.1170588	.1453703	0
913.15	0	.73695	.1174647	.1455853	0
912.15	0	.736331	.1178698	.1457992	0
911.15	0	.7357137	.1182744	.1460119	0
910.15	0	.7350982	.1186784	.1462235	0
909.15	0	.7344844	.1190818	.1464339	0
908.15	0	.7338722	.1194847	.1466431	0
907.15	0	.7332618	.119887	.1468512	0
906.15	0	.732653	.120289	.1470581	0
905.15	0	.7320458	.1206904	.1472638	0
904.15	0	.7314402	.1210915	.1474683	0
903.15	0	.7308362	.1214922	.1476716	0
902.15	0	.7302337	.1218926	.1478737	0
901.15	0	.7296328	.1222927	.1480746	0
900.15	0	.7290333	.1226925	.1482742	0
899.15	0	.7284353	.1230921	.1484726	0
898.15	0	.7278387	.1234915	.1486698	0
897.15	0	.7272436	.1238907	.1488657	0
896.15	0	.7266497	.1242898	.1490604	0
895.15	0	.7260573	.1246889	.1492538	0
894.15	0	.7254661	.125088	.1494459	0
893.15	0	.7248762	.125487	.1496368	0
892.15	0	.7242876	.1258861	.1498263	0
891.15	0	.7237001	.1262853	.1500146	0
890.15	0	.7231138	.1266847	.1502015	0
889.15	0	.7225287	.1270842	.1503871	0
888.15	0	.7219447	.127484	.1505714	0
887.15	0	.7213617	.1278841	.1507543	0
886.15	0	.7207797	.1282844	.1509358	0
885.15	0	.7201987	.1286852	.151116	0
884.15	0	.7196187	.1290864	.1512949	0
883.15	0	.7190396	.1294881	.1514723	0
882.15	0	.7184614	.1298903	.1516483	0
881.15	0	.7178839	.1302931	.1518229	0
880.15	0	.7173073	.1306966	.1519961	0
879.15	0	.7167314	.1311008	.1521679	0
878.15	0	.7161562	.1315057	.1523382	0
877.15	0	.7155816	.1319114	.152507	0
876.15	0	.7150076	.132318	.1526744	0
875.15	0	.7144342	.1327256	.1528402	0
874.15	0	.7138613	.1331341	.1530046	0
873.15	0	.7132888	.1335438	.1531674	0
872.15	0	.7127167	.1339545	.1533288	0
871.15	0	.712145	.1343665	.1534885	0
870.15	0	.7115736	.1347797	.1536467	0
869.15	0	.7110024	.1351943	.1538033	0
868.15	0	.7104314	.1356103	.1539584	0
867.15	0	.7098605	.1360278	.1541117	0
866.15	0	.7092896	.1364469	.1542635	0
865.15	0	.7087188	.1368676	.1544137	0
864.15	0	.7081479	.13729	.1545621	0
863.15	0	.7075769	.1377143	.1547089	0
862.15	0	.7070056	.1381404	.154854	0
861.15	0	.7064342	.1385685	.1549973	0
860.15	0	.7058623	.1389987	.1551389	0
859.15	0	.7052901	.1394311	.1552788	0
858.15	0	.7047174	.1398657	.1554168	0
857.15	0	.7041442	.1403027	.1555531	0
856.15	0	.7035704	.1407422	.1556875	0
855.15	0	.7029958	.1411842	.15582	0
854.15	0	.7024204	.1416289	.1559507	0
853.15	0	.7018442	.1420763	.1560795	0
852.15	0	.701267	.1425267	.1562064	0
851.15	0	.7006888	.14298	.1563312	0
850.15	0	.7001094	.1434365	.1564541	0
849.15	0	.6995287	.1438962	.156575	0
848.15	0	.6989468	.1443594	.1566939	0
847.15	0	.6983634	.144826	.1568107	0
846.15	0	.6977784	.1452963	.1569253	0
845.15	0	.6971918	.1457704	.1570379	0
844.15	0	.6966034	.1462484	.1571482	0
843.15	0	.6960131	.1467305	.1572564	0
842.15	0	.6954209	.1472168	.1573623	0
841.15	0	.6948265	.1477076	.1574659	0
840.15	0	.6942298	.148203	.1575672	0
839.15	0	.6936308	.1487031	.1576662	0
838.15	0	.6930292	.1492082	.1577627	0
837.15	0	.6924249	.1497184	.1578568	0
836.15	0	.6918178	.1502339	.1579484	0
835.15	0	.6912076	.150755	.1580374	0
834.15	0	.6905944	.1512818	.1581238	0
833.15	0	.6899778	.1518146	.1582076	0
832.15	0	.6893576	.1523537	.1582887	0
831.15	0	.6887338	.1528992	.158367	0
830.15	0	.6881061	.1534514	.1584425	0
829.15	0	.6874742	.1540107	.1585151	0
828.15	0	.6868381	.1545772	.1585847	0
827.15	0	.6861973	.1551514	.1586513	0
826.15	0	.6855518	.1557334	.1587148	0
825.15	0	.6849012	.1563237	.1587751	0
824.15	0	.6842453	.1569226	.1588321	0
823.15	0	.6835838	.1575304	.1588858	0
822.15	0	.6829164	.1581477	.158936	0
821.15	0	.6822427	.1587746	.1589826	0
820.15	0	.6815625	.1594119	.1590256	0
819.15	0	.6808754	.1600598	.1590649	0
818.15	0	.6801809	.1607188	.1591002	0
817.15	0	.6794788	.1613897	.1591315	0
816.15	0	.6787685	.1620728	.1591587	0
815.15	0	.6780496	.1627689	.1591816	0
814.15	0	.6773216	.1634785	.1592	0
813.15	0	.6765839	.1642024	.1592137	0
812.15	0	.675836	.1649413	.1592227	0
811.15	0	.6750772	.1656961	.1592267	0
810.15	0	.6743069	.1664677	.1592254	0
809.15	0	.6735243	.1672569	.1592187	0
808.15	0	.6727287	.168065	.1592063	0
807.15	0	.6719191	.168893	.159188	0
806.15	0	.6710945	.1697421	.1591634	0
805.15	0	.670254	.1706139	.1591321	0
804.15	0	.6693963	.1715097	.159094	0
803.15	0	.6685202	.1724313	.1590485	0
802.15	0	.6676242	.1733807	.1589951	0
801.15	0	.6667067	.1743597	.1589335	0
800.15	0	.6657659	.175371	.1588631	0
799.15	0	.6646699	.1765781	.158752	0
798.15	0	.6628965	.1786308	.1584727	0
797.15	0	.6612312	.1805563	.1582125	0
796.15	0	.6596624	.1823683	.1579693	0
795.15	0	.6581802	.1840787	.1577411	0
794.15	0	.6567763	.1856973	.1575264	0
793.15	0	.6554434	.1872328	.1573239	0
792.15	0	.6541752	.1886924	.1571324	0
791.15	0	.6529664	.1900827	.1569509	0
790.15	0	.6518122	.1914093	.1567786	0
789.15	0	.6507083	.1926772	.1566146	0
788.15	0	.6496528	.1938894	.1564578	0
787.15	0	.6486386	.1950528	.1563086	0
786.15	0	.6476647	.1961694	.1561659	0
785.15	0	.6467283	.1972424	.1560293	0
784.15	0	.6458271	.1982746	.1558983	0
783.15	0	.6449588	.1992688	.1557724	0
782.15	0	.6441214	.2002271	.1556515	0
781.15	0	.6433131	.2011518	.155535	0
780.15	0	.6425322	.202045	.1554228	0
779.15	0	.6417771	.2029083	.1553146	0
778.15	0	.6410465	.2037434	.1552101	0
777.15	0	.640339	.204552	.1551091	0
776.15	0	.6396533	.2053354	.1550113	0
775.15	0	.6389885	.2060948	.1549167	0
774.15	0	.6383434	.2068317	.1548249	0
773.15	0	.6377171	.207547	.1547359	0
772.15	0	.6371086	.2082419	.1546495	0
771.15	0	.6365172	.2089173	.1545656	0
770.15	0	.635942	.2095741	.1544839	0
769.15	0	.6353823	.2102132	.1544045	0
768.15	0	.6348375	.2108354	.1543271	0
767.15	0	.6343068	.2114415	.1542517	0
766.15	0	.6337896	.2120322	.1541782	0
765.15	0	.6332855	.212608	.1541065	0
764.15	0	.6327938	.2131698	.1540365	0
763.15	0	.632314	.213718	.153968	0
762.15	0	.6318456	.2142532	.1539011	0
761.15	0	.6313883	.214776	.1538357	0
760.15	0	.6309416	.2152868	.1537716	0
759.15	0	.630505	.2157861	.1537089	0
758.15	0	.6300781	.2162744	.1536475	0
757.15	0	.6296607	.2167521	.1535872	0
756.15	0	.6292523	.2172196	.1535281	0
755.15	0	.6288527	.2176772	.1534701	0
754.15	0	.6284615	.2181254	.1534131	0
753.15	0	.6280784	.2185644	.1533572	0
752.15	0	.6277031	.2189947	.1533022	0
751.15	0	.6273355	.2194165	.1532481	0
750.15	0	.626975	.2198301	.1531949	0
749.15	0	.6266217	.2202358	.1531425	0
748.15	0	.6262752	.2206339	.153091	0
747.15	0	.6259353	.2210246	.1530402	0
746.15	0	.6256017	.2214082	.1529901	0
745.15	0	.6252743	.2217849	.1529408	0
744.15	0	.6249529	.222155	.1528921	0
743.15	0	.6246373	.2225186	.1528441	0
742.15	0	.6243273	.222876	.1527967	0
741.15	0	.6240227	.2232274	.1527499	0
740.15	0	.6237234	.223573	.1527036	0
739.15	0	.6234292	.2239129	.152658	0
738.15	0	.6231399	.2242473	.1526128	0
737.15	0	.6228555	.2245764	.1525682	0
736.15	0	.6225757	.2249003	.152524	0
735.15	0	.6223004	.2252193	.1524803	0
734.15	0	.6220296	.2255334	.152437	0
733.15	0	.621763	.2258428	.1523942	0
732.15	0	.6215006	.2261476	.1523518	0
731.15	0	.6212422	.2264481	.1523098	0
730.15	0	.6209877	.2267442	.1522681	0
729.15	0	.6207371	.2270361	.1522269	0
728.15	0	.6204901	.227324	.1521859	0
727.15	0	.6202468	.2276079	.1521453	0
726.15	0	.620007	.227888	.1521051	0
725.15	0	.6197706	.2281643	.1520651	0
724.15	0	.6195375	.228437	.1520255	0
723.15	0	.6193077	.2287062	.1519861	0
722.15	0	.6190811	.228972	.151947	0
721.15	0	.6188575	.2292344	.1519081	0
720.15	0	.6186369	.2294935	.1518696	0
719.15	0	.6184193	.2297495	.1518312	0
718.15	0	.6182045	.2300024	.1517931	0
717.15	0	.6179925	.2302523	.1517552	0
716.15	0	.6177832	.2304993	.1517176	0
715.15	0	.6175765	.2307434	.1516801	0
714.15	0	.6173725	.2309847	.1516428	0
713.15	0	.617171	.2312233	.1516058	0
712.15	0	.6169719	.2314593	.1515689	0
711.15	0	.6167752	.2316926	.1515322	0
710.15	0	.6165809	.2319235	.1514956	0
709.15	0	.6163889	.2321519	.1514592	0
708.15	0	.6161991	.2323779	.151423	0
707.15	0	.6160115	.2326016	.1513869	0
706.15	0	.6158261	.232823	.151351	0
705.15	0	.6156427	.2330421	.1513152	0
704.15	0	.6154614	.2332591	.1512795	0
703.15	0	.6152821	.233474	.151244	0
702.15	0	.6151047	.2336867	.1512085	0
701.15	0	.6149293	.2338975	.1511732	0
700.15	0	.6147558	.2341062	.151138	0
699.15	0	.614584	.2343131	.1511029	0
698.15	0	.6144141	.234518	.1510679	0
697.15	0	.6142459	.2347211	.151033	0
696.15	0	.6140795	.2349223	.1509982	0
695.15	0	.6139147	.2351218	.1509635	0
694.15	0	.6137516	.2353196	.1509289	0
693.15	0	.6135901	.2355156	.1508943	0
692.15	0	.6134302	.23571	.1508598	0
691.15	0	.6132718	.2359028	.1508254	0
690.15	0	.6131149	.236094	.1507911	0
689.15	0	.6129596	.2362836	.1507568	0
688.15	0	.6128057	.2364717	.1507226	0
687.15	0	.6126532	.2366583	.1506885	0
686.15	0	.6125022	.2368435	.1506544	0
685.15	0	.6123525	.2370272	.1506204	0
684.15	0	.6122041	.2372095	.1505864	0
683.15	0	.6120571	.2373904	.1505525	0
682.15	0	.6119114	.23757	.1505186	0
681.15	0	.611767	.2377483	.1504848	0
680.15	0	.6116238	.2379252	.150451	0
679.15	0	.6114819	.2381009	.1504172	0
678.15	0	.6113411	.2382754	.1503835	0
677.15	0	.6112016	.2384486	.1503498	0
676.15	0	.6110632	.2386207	.1503161	0
675.15	0	.610926	.2387915	.1502825	0
674.15	0	.6107898	.2389612	.1502489	0
673.15	0	.6106548	.2391298	.1502154	0
672.15	0	.6105209	.2392973	.1501819	0
671.15	0	.610388	.2394637	.1501483	0
670.15	0	.6102562	.239629	.1501149	0
669.15	0	.6101254	.2397932	.1500814	0
668.15	0	.6099956	.2399564	.150048	0
667.15	0	.6098668	.2401186	.1500145	0
666.15	0	.6097391	.2402798	.1499811	0
665.15	0	.6096122	.2404401	.1499477	0
664.15	0	.6094863	.2405993	.1499144	0
663.15	0	.6093614	.2407577	.149881	0
662.15	0	.6092373	.240915	.1498476	0
661.15	0	.6091142	.2410715	.1498143	0
660.15	0	.6089919	.2412271	.149781	0
659.15	0	.6088705	.2413818	.1497477	0
658.15	0	.60875	.2415356	.1497143	0
657.15	0	.6086303	.2416886	.1496811	0
656.15	0	.6085115	.2418407	.1496478	0
655.15	0	.6083935	.241992	.1496145	0
654.15	0	.6082763	.2421425	.1495812	0
653.15	0	.6081599	.2422922	.1495479	0
652.15	0	.6080443	.2424411	.1495146	0
651.15	0	.6079294	.2425892	.1494814	0
650.15	0	.6078153	.2427366	.1494481	0
649.15	0	.607702	.2428832	.1494148	0
648.15	0	.6075894	.2430291	.1493816	0
647.15	0	.6074775	.2431742	.1493483	0
646.15	0	.6073663	.2433187	.149315	0
645.15	0	.6072559	.2434624	.1492818	0
644.15	0	.6071461	.2436054	.1492485	0
643.15	0	.6070371	.2437477	.1492152	0
642.15	0	.6069287	.2438893	.149182	0
641.15	0	.606821	.2440303	.1491487	0
640.15	0	.606714	.2441706	.1491154	0
639.15	0	.6066076	.2443103	.1490821	0
638.15	0	.6065018	.2444493	.1490489	0
637.15	0	.6063967	.2445877	.1490156	0
636.15	0	.6062922	.2447255	.1489823	0
635.15	0	.6061884	.2448626	.148949	0
634.15	0	.6060851	.2449992	.1489157	0
633.15	0	.6059825	.2451351	.1488824	0
632.15	0	.6058804	.2452705	.1488491	0
631.15	0	.6057789	.2454053	.1488158	0
630.15	0	.6056781	.2455395	.1487825	0
629.15	0	.6055777	.2456731	.1487492	0
628.15	0	.605478	.2458061	.1487159	0
627.15	0	.6053788	.2459386	.1486826	0
626.15	0	.6052802	.2460706	.1486492	0
625.15	0	.6051821	.246202	.1486159	0
624.15	0	.6050846	.2463329	.1485826	0
623.15	0	.6049875	.2464632	.1485492	0
622.15	0	.604891	.246593	.1485159	0
621.15	0	.6047951	.2467224	.1484826	0
620.15	0	.6046997	.2468511	.1484492	0
619.15	0	.6046047	.2469794	.1484159	0
618.15	0	.6045103	.2471072	.1483825	0
617.15	0	.6044164	.2472345	.1483491	0
616.15	0	.6043229	.2473613	.1483158	0
615.15	0	.60423	.2474876	.1482824	0
614.15	0	.6041375	.2476135	.148249	0
613.15	0	.6040455	.2477388	.1482157	0
612.15	0	.603954	.2478637	.1481823	0
611.15	0	.603863	.2479881	.1481489	0
610.15	0	.6037724	.2481121	.1481155	0
609.15	0	.6036823	.2482356	.1480821	0
608.15	0	.6035926	.2483587	.1480488	0
607.15	0	.6035033	.2484813	.1480154	0
606.15	0	.6034146	.2486034	.147982	0
605.15	0	.6033262	.2487252	.1479486	0
604.15	0	.6032383	.2488465	.1479152	0
603.15	0	.6031509	.2489673	.1478818	0
602.15	0	.6030638	.2490878	.1478484	0
601.15	0	.6029772	.2492078	.147815	0
600.15	0	.602891	.2493274	.1477816	0
599.15	0	.6028052	.2494465	.1477482	0
598.15	0	.6027198	.2495653	.1477149	0
597.15	0	.6026349	.2496837	.1476815	0
596.15	0	.6025503	.2498016	.1476481	0
595.15	0	.6024662	.2499191	.1476147	0
594.15	0	.6023824	.2500363	.1475813	0
593.15	0	.602299	.250153	.1475479	0
592.15	0	.6022161	.2502694	.1475146	0
591.15	0	.6021335	.2503854	.1474812	0
590.15	0	.6020513	.2505009	.1474478	0
589.15	0	.6019694	.2506161	.1474145	0
588.15	0	.601888	.2507309	.1473811	0
587.15	0	.6018069	.2508454	.1473477	0
586.15	0	.6017262	.2509594	.1473144	0
585.15	0	.6016459	.2510731	.147281	0
584.15	0	.6015659	.2511864	.1472477	0
583.15	0	.6014863	.2512993	.1472144	0
582.15	0	.601407	.2514119	.1471811	0
581.15	0	.6013282	.2515241	.1471477	0
580.15	0	.6012496	.2516359	.1471144	0
579.15	0	.6011714	.2517474	.1470811	0
578.15	0	.6010936	.2518586	.1470478	0
577.15	0	.6010161	.2519693	.1470146	0
576.15	0	.600939	.2520797	.1469813	0
575.15	0	.6008622	.2521898	.146948	0
574.15	0	.6007857	.2522995	.1469148	0
573.15	0	.6007096	.2524089	.1468815	0
572.15	0	.6006338	.2525179	.1468483	0
571.15	0	.6005583	.2526266	.1468151	0
570.15	0	.6004832	.2527349	.1467819	0
569.15	0	.6004084	.2528429	.1467487	0
568.15	0	.6003339	.2529505	.1467156	0
567.15	0	.6002598	.2530578	.1466824	0
566.15	0	.6001859	.2531648	.1466493	0
565.15	0	.6001124	.2532714	.1466162	0
564.15	0	.6000392	.2533778	.146583	0
563.15	0	.5999663	.2534837	.14655	0
562.15	0	.5998938	.2535894	.1465169	0
561.15	0	.5998215	.2536947	.1464838	0
560.15	0	.5997496	.2537997	.1464508	0
559.15	0	.5996779	.2539043	.1464178	0
558.15	0	.5996066	.2540087	.1463848	0
557.15	0	.5995356	.2541127	.1463518	0
556.15	0	.5994648	.2542163	.1463188	0
555.15	0	.5993944	.2543197	.1462859	0
554.15	0	.5993243	.2544227	.146253	0
553.15	0	.5992544	.2545255	.1462201	0
552.15	0	.5991849	.2546279	.1461872	0
551.15	0	.5991157	.25473	.1461544	0
550.15	0	.5990467	.2548317	.1461216	0
549.15	0	.5989781	.2549332	.1460888	0
548.15	0	.5989097	.2550343	.146056	0
547.15	0	.5988416	.2551351	.1460233	0
546.15	0	.5987738	.2552357	.1459905	0
545.15	0	.5987063	.2553359	.1459579	0
544.15	0	.5986391	.2554357	.1459252	0
543.15	0	.5985721	.2555353	.1458925	0
542.15	0	.5985055	.2556346	.1458599	0
541.15	0	.5984391	.2557335	.1458274	0
540.15	0	.598373	.2558322	.1457948	0
539.15	0	.5983072	.2559305	.1457623	0
538.15	0	.5982416	.2560286	.1457298	0
537.15	0	.5981763	.2561263	.1456974	0
536.15	0	.5981113	.2562237	.1456649	0
535.15	0	.5980466	.2563208	.1456326	0
534.15	0	.5979821	.2564176	.1456002	0
533.15	0	.5979181	.2565142	.1455678	0
532.15	0	.5978542	.2566104	.1455355	0
531.15	0	.5977905	.2567063	.1455032	0
530.15	0	.5977271	.2568019	.145471	0
529.15	0	.597664	.2568972	.1454388	0
528.15	0	.5976012	.2569922	.1454067	0
527.15	0	.5975386	.2570868	.1453746	0
526.15	0	.5974762	.2571812	.1453425	0
525.15	0	.5974141	.2572753	.1453105	0
524.15	0	.5973523	.2573691	.1452785	0
523.15	0	.5972908	.2574626	.1452466	0
522.15	0	.5972295	.2575558	.1452147	0
521.15	0	.5971685	.2576487	.1451828	0
520.15	0	.5971077	.2577413	.145151	0
519.15	0	.5970472	.2578336	.1451192	0
518.15	0	.5969869	.2579256	.1450875	0
517.15	0	.5969269	.2580173	.1450558	0
516.15	0	.5968671	.2581087	.1450242	0
515.15	0	.5968076	.2581998	.1449926	0
514.15	0	.5967484	.2582906	.144961	0
513.15	0	.5966894	.2583811	.1449295	0
512.15	0	.5966306	.2584713	.1448981	0
511.15	0	.5965721	.2585612	.1448667	0
510.15	0	.5965139	.2586509	.1448353	0
509.15	0	.5964558	.2587402	.144804	0
508.15	0	.5963981	.2588292	.1447727	0
507.15	0	.5963406	.2589179	.1447415	0
506.15	0	.5962833	.2590064	.1447103	0
505.15	0	.5962263	.2590945	.1446792	0
504.15	0	.5961695	.2591823	.1446482	0
503.15	0	.5961129	.2592699	.1446172	0
502.15	0	.5960566	.2593571	.1445862	0
501.15	0	.5960006	.2594441	.1445553	0
500.15	0	.5959448	.2595307	.1445245	0
499.15	0	.5958892	.2596171	.1444937	0
498.15	0	.5958338	.2597032	.144463	0
497.15	0	.5957788	.2597889	.1444323	0
496.15	0	.5957239	.2598744	.1444017	0
495.15	0	.5956693	.2599596	.1443711	0
494.15	0	.5956149	.2600445	.1443407	0
493.15	0	.5955608	.260129	.1443102	0
492.15	0	.5955068	.2602133	.1442798	0
491.15	0	.5954532	.2602973	.1442495	0
490.15	0	.5953997	.260381	.1442192	0
489.15	0	.5953465	.2604644	.1441891	0
488.15	0	.5952936	.2605475	.1441589	0
487.15	0	.5952408	.2606303	.1441289	0
486.15	0	.5951883	.2607128	.1440989	0
485.15	0	.5951361	.260795	.1440689	0
484.15	0	.595084	.260877	.144039	0
483.15	0	.5950322	.2609586	.1440092	0
482.15	0	.5949806	.2610399	.1439795	0
481.15	0	.5949293	.2611209	.1439498	0
480.15	0	.5948782	.2612016	.1439202	0
479.15	0	.5948273	.2612821	.1438906	0
478.15	0	.5947767	.2613622	.1438612	0
477.15	0	.5947262	.261442	.1438318	0
476.15	0	.594676	.2615216	.1438024	0
475.15	0	.5946261	.2616008	.1437731	0
474.15	0	.5945763	.2616797	.143744	0
473.15	0	.5945268	.2617584	.1437148	0
472.15	0	.5944775	.2618367	.1436858	0
471.15	0	.5944284	.2619148	.1436568	0
470.15	0	.5943796	.2619925	.1436279	0
469.15	0	.594331	.2620699	.1435991	0
468.15	0	.5942826	.2621471	.1435703	0
467.15	0	.5942344	.2622239	.1435416	0
466.15	0	.5941865	.2623005	.143513	0
465.15	0	.5941388	.2623767	.1434845	0
464.15	0	.5940913	.2624527	.143456	0
463.15	0	.594044	.2625283	.1434276	0
462.15	0	.593997	.2626037	.1433993	0
461.15	0	.5939502	.2626787	.1433711	0
460.15	0	.5939036	.2627534	.143343	0
459.15	0	.5938572	.2628279	.1433149	0
458.15	0	.593811	.262902	.1432869	0
457.15	0	.5937651	.2629759	.143259	0
456.15	0	.5937194	.2630494	.1432312	0
455.15	0	.5936739	.2631226	.1432035	0
454.15	0	.5936286	.2631956	.1431758	0
453.15	0	.5935835	.2632682	.1431483	0
452.15	0	.5935387	.2633405	.1431208	0
451.15	0	.5934941	.2634125	.1430934	0
450.15	0	.5934497	.2634843	.1430661	0
449.15	0	.5934056	.2635556	.1430388	0
448.15	0	.5933616	.2636267	.1430117	0
447.15	0	.5933179	.2636974	.1429847	0
446.15	0	.5932745	.2637678	.1429577	0
445.15	0	.5932312	.2638379	.1429309	0
444.15	0	.5931882	.2639076	.1429041	0
443.15	0	.5931455	.263977	.1428775	0
442.15	0	.5931029	.2640461	.1428509	0
441.15	0	.5930607	.2641149	.1428245	0
440.15	0	.5930186	.2641832	.1427982	0
439.15	0	.5929768	.2642512	.1427719	0
438.15	0	.5929353	.2643189	.1427458	0
437.15	0	.592894	.2643862	.1427198	0
436.15	0	.592853	.2644532	.1426939	0
435.15	0	.5928122	.2645197	.1426681	0
434.15	0	.5927716	.264586	.1426424	0
433.15	0	.5927314	.2646518	.1426168	0
432.15	0	.5926914	.2647172	.1425914	0
431.15	0	.5926516	.2647823	.1425661	0
430.15	0	.5926121	.264847	.1425409	0
429.15	0	.5925729	.2649113	.1425158	0
428.15	0	.592534	.2649752	.1424908	0
427.15	0	.5924953	.2650387	.142466	0
426.15	0	.5924568	.2651019	.1424413	0
425.15	0	.5924187	.2651646	.1424167	0
424.15	0	.5923808	.265227	.1423922	0
423.15	0	.5923431	.2652889	.1423679	0
422.15	0	.5923058	.2653505	.1423437	0
421.15	0	.5922687	.2654117	.1423196	0
420.15	0	.5922319	.2654724	.1422957	0
419.15	0	.5921953	.2655328	.1422719	0
418.15	0	.592159	.2655927	.1422482	0
417.15	0	.592123	.2656523	.1422247	0
416.15	0	.5920872	.2657115	.1422013	0
415.15	0	.5920518	.2657703	.142178	0
414.15	0	.5920165	.2658286	.1421549	0
413.15	0	.5919816	.2658866	.1421318	0
412.15	0	.5919469	.2659441	.142109	0
411.15	0	.5919125	.2660013	.1420862	0
410.15	0	.5918783	.266058	.1420636	0
409.15	0	.5918444	.2661144	.1420412	0
408.15	0	.5918108	.2661704	.1420188	0
407.15	0	.5917774	.2662259	.1419966	0
406.15	0	.5917443	.2662811	.1419746	0
405.15	0	.5917115	.2663359	.1419527	0
404.15	0	.5916789	.2663902	.1419309	0
403.15	0	.5916466	.2664442	.1419092	0
402.15	0	.5916145	.2664978	.1418877	0
401.15	0	.5915827	.2665509	.1418664	0
400.15	0	.5915512	.2666037	.1418451	0
399.15	0	.5915198	.2666561	.141824	0
398.15	0	.5914888	.2667081	.1418031	0
397.15	0	.591458	.2667597	.1417823	0
396.15	0	.5914275	.266811	.1417616	0
395.15	0	.5913972	.2668618	.141741	0
394.15	0	.5913671	.2669123	.1417206	0
393.15	0	.5913373	.2669623	.1417004	0
392.15	0	.5913078	.267012	.1416802	0
391.15	0	.5912784	.2670613	.1416602	0
390.15	0	.5912494	.2671103	.1416404	0
389.15	0	.5912205	.2671588	.1416206	0
388.15	0	.5911919	.267207	.1416011	0
387.15	0	.5911636	.2672548	.1415816	0
386.15	0	.5911354	.2673023	.1415623	0
385.15	0	.5911076	.2673493	.1415431	0
384.15	0	.5910799	.267396	.1415241	0
383.15	0	.5910525	.2674424	.1415052	0
382.15	0	.5910253	.2674883	.1414864	0
381.15	0	.5909983	.267534	.1414678	0
380.15	0	.5909715	.2675792	.1414492	0
379.15	0	.590945	.2676241	.1414309	0
378.15	0	.5909187	.2676687	.1414126	0
377.15	0	.5908926	.2677129	.1413945	0
376.15	0	.5908667	.2677567	.1413766	0
375.15	0	.5908411	.2678002	.1413587	0
374.15	0	.5908156	.2678434	.141341	0
373.15	0	.5907904	.2678862	.1413234	0
372.15	0	.5907653	.2679287	.141306	0
371.15	0	.5907405	.2679708	.1412886	0
370.15	0	.5907159	.2680126	.1412715	0
369.15	0	.5906915	.2680541	.1412544	0
368.15	0	.5906673	.2680953	.1412375	0
367.15	0	.5906433	.2681361	.1412207	0
366.15	0	.5906194	.2681766	.141204	0
365.15	0	.5905958	.2682167	.1411874	0
364.15	0	.5905724	.2682566	.141171	0
363.15	0	.5905492	.2682961	.1411547	0
362.15	0	.5905261	.2683353	.1411386	0
361.15	0	.5905033	.2683742	.1411225	0
360.15	0	.5904806	.2684128	.1411066	0
359.15	0	.5904581	.2684511	.1410908	0
358.15	0	.5904358	.2684891	.1410751	0
357.15	0	.5904137	.2685268	.1410596	0
356.15	0	.5903917	.2685642	.1410441	0
355.15	0	.5903699	.2686012	.1410288	0
354.15	0	.5903483	.268638	.1410137	0
353.15	0	.5903269	.2686745	.1409986	0
352.15	0	.5903057	.2687107	.1409837	0
351.15	0	.5902846	.2687466	.1409688	0
350.15	0	.5902636	.2687822	.1409541	0
349.15	0	.5902429	.2688176	.1409396	0
348.15	0	.5902223	.2688526	.1409251	0
347.15	0	.5902018	.2688874	.1409108	0
346.15	0	.5901815	.2689219	.1408965	0
345.15	0	.5901614	.2689562	.1408824	0
344.15	0	.5901414	.2689901	.1408684	0
343.15	0	.5901216	.2690238	.1408545	0
342.15	0	.590102	.2690573	.1408408	0
341.15	0	.5900824	.2690904	.1408271	0
340.15	0	.5900631	.2691233	.1408136	0
339.15	0	.5900438	.269156	.1408002	0
338.15	0	.5900247	.2691884	.1407869	0
337.15	0	.5900058	.2692205	.1407737	0
336.15	0	.589987	.2692524	.1407606	0
335.15	0	.5899683	.269284	.1407477	0
334.15	0	.5899498	.2693154	.1407348	0
