T	 BPW(LIQUID)	BPW(BCC_A2)	BPW(FCC_A1)	BPW(LAVES_PHASE_C14)	BPW(NI3TI)
1473.15	.5289169	.4710831	0	0	0
1472.15	.5252299	.4747701	0	0	0
1471.15	.5215661	.4784339	0	0	0
1470.15	.5179253	.4820747	0	0	0
1469.15	.5143075	.4856925	0	0	0
1468.15	.5107125	.4892875	0	0	0
1467.15	.5071402	.4928598	0	0	0
1466.15	.5035905	.4964095	0	0	0
1465.15	.5000632	.4999369	0	0	0
1464.15	.4965581	.5034419	0	0	0
1463.15	.4930752	.5069248	0	0	0
1462.15	.4896143	.5103857	0	0	0
1461.205	.4863635	.5136365	0	0	0
1461.205	.4863635	.5136365	0	0	0
1461.205	.4863635	.5136365	0	0	0
1461.15	.4860014	.5138748	0	1.237793E-04	0
1460.15	.4794589	.5181785	0	.002362671	0
1459.15	.4730233	.5224075	0	.004569208	0
1458.15	.466692	.5265638	0	.006744189	0
1457.15	.4604627	.5306489	0	.00888839	0
1456.15	.4543327	.5346647	0	.01100256	0
1455.15	.4482999	.5386127	0	.01308743	0
1454.15	.4423619	.5424944	0	.0151437	0
1453.15	.4365165	.5463114	0	.01717206	0
1452.15	.4307616	.5500653	0	.01917316	0
1451.15	.425095	.5537573	0	.02114765	0
1450.15	.4195149	.557389	0	.02309614	0
1449.15	.4140191	.5609616	0	.02501926	0
1448.15	.4086059	.5644765	0	.02691757	0
1447.15	.4032734	.567935	0	.02879165	0
1446.15	.3980198	.5713382	0	.03064204	0
1445.15	.3928433	.5746874	0	.03246929	0
1444.15	.3877422	.5779839	0	.03427391	0
1443.15	.382715	.5812286	0	.03605641	0
1442.15	.37776	.5844227	0	.03781728	0
1441.15	.3728757	.5875673	0	.039557	0
1440.15	.3680606	.5906634	0	.04127602	0
1439.15	.3633131	.5937121	0	.04297479	0
1438.15	.3586319	.5967143	0	.04465377	0
1437.15	.3540156	.5996711	0	.04631336	0
1436.15	.3494628	.6025832	0	.04795399	0
1435.15	.3449722	.6054517	0	.04957605	0
1434.15	.3405426	.6082775	0	.05117993	0
1433.15	.3361726	.6110614	0	.05276602	0
1432.15	.3318611	.6138041	0	.05433469	0
1431.15	.327607	.6165067	0	.0558863	0
1430.15	.3234089	.6191699	0	.05742119	0
1429.15	.3192659	.6217944	0	.05893972	0
1428.15	.3151769	.624381	0	.0604422	0
1427.15	.3111406	.6269304	0	.06192897	0
1426.15	.3071563	.6294434	0	.06340034	0
1425.15	.3032227	.6319207	0	.06485662	0
1424.15	.299339	.6343629	0	.0662981	0
1423.15	.2955041	.6367708	0	.06772509	0
1422.15	.2917172	.639145	0	.06913786	0
1421.15	.2879773	.6414861	0	.07053668	0
1420.15	.2842835	.6437947	0	.07192184	0
1419.15	.280635	.6460714	0	.07329359	0
1418.15	.2770309	.6483169	0	.07465219	0
1417.15	.2734704	.6505318	0	.0759979	0
1416.15	.2699526	.6527165	0	.07733095	0
1415.15	.2664768	.6548716	0	.07865158	0
1414.15	.2630423	.6569977	0	.07996003	0
1413.15	.2596482	.6590953	0	.08125652	0
1412.15	.2562938	.6611649	0	.08254127	0
1411.15	.2529785	.663207	0	.08381451	0
1410.15	.2497014	.6652222	0	.08507644	0
1409.15	.246462	.6672108	0	.08632726	0
1408.15	.2432595	.6691733	0	.08756719	0
1407.15	.2400933	.6711103	0	.08879641	0
1406.15	.2369628	.6730221	0	.09001512	0
1405.15	.2338673	.6749092	0	.0912235	0
1404.15	.2308062	.6767721	0	.09242174	0
1403.15	.2277789	.678611	0	.09361002	0
1402.15	.2247849	.6804266	0	.09478851	0
1401.15	.2218236	.682219	0	.09595738	0
1400.15	.2188944	.6839888	0	.0971168	0
1399.15	.2159967	.6857363	0	.09826693	0
1398.15	.2131301	.687462	0	.09940794	0
1397.15	.210294	.6891661	0	.10054	0
1396.15	.2074878	.690849	0	.1016632	0
1395.15	.2047112	.6925111	0	.1027777	0
1394.15	.2019636	.6941527	0	.1038838	0
1393.15	.1992445	.6957741	0	.1049814	0
1392.15	.1965535	.6973757	0	.1060708	0
1391.15	.19389	.6989579	0	.1071521	0
1390.15	.1912537	.7005209	0	.1082254	0
1389.15	.1886441	.702065	0	.1092909	0
1388.15	.1860608	.7035905	0	.1103487	0
1387.15	.1835034	.7050978	0	.1113988	0
1386.15	.1809714	.7065871	0	.1124416	0
1385.15	.1784644	.7080587	0	.1134769	0
1384.15	.175982	.7095129	0	.1145051	0
1383.15	.1735239	.71095	0	.1155261	0
1382.15	.1710897	.7123702	0	.1165401	0
1381.15	.1686789	.7137738	0	.1175473	0
1380.15	.1662913	.7151611	0	.1185477	0
1379.15	.1639264	.7165322	0	.1195413	0
1378.15	.161584	.7178876	0	.1205285	0
1377.15	.1592636	.7192273	0	.1215091	0
1376.15	.156965	.7205516	0	.1224834	0
1375.15	.1546877	.7218609	0	.1234514	0
1374.15	.1524316	.7231552	0	.1244132	0
1373.15	.1501962	.7244349	0	.125369	0
1372.15	.1479812	.7257001	0	.1263187	0
1371.15	.1457863	.7269511	0	.1272626	0
1370.15	.1436113	.728188	0	.1282006	0
1369.15	.1414559	.7294112	0	.1291329	0
1368.15	.1393196	.7306207	0	.1300596	0
1367.15	.1372024	.7318169	0	.1309808	0
1366.15	.1351038	.7329998	0	.1318964	0
1365.15	.1330236	.7341697	0	.1328066	0
1364.15	.1309616	.7353268	0	.1337116	0
1363.15	.1289175	.7364713	0	.1346113	0
1362.15	.126891	.7376033	0	.1355058	0
1361.15	.1248818	.738723	0	.1363952	0
1360.15	.1228897	.7398306	0	.1372796	0
1359.15	.1209146	.7409263	0	.1381591	0
1358.15	.118956	.7420103	0	.1390337	0
1357.15	.1170139	.7430827	0	.1399035	0
1356.15	.1150879	.7441436	0	.1407685	0
1355.15	.1131778	.7451933	0	.1416289	0
1354.15	.1112835	.7462319	0	.1424847	0
1353.15	.1094046	.7472595	0	.1433359	0
1352.15	.107541	.7482764	0	.1441826	0
1351.15	.1056925	.7492826	0	.1450249	0
1350.15	.1038588	.7502784	0	.1458629	0
1349.15	.1020397	.7512638	0	.1466965	0
1348.15	.1002351	.752239	0	.1475259	0
1347.15	.09844478	.7532041	0	.1483511	0
1346.15	.09666848	.7541593	0	.1491722	0
1345.15	.09490604	.7551047	0	.1499893	0
1344.15	.09315727	.7560405	0	.1508023	0
1343.15	.09142199	.7569667	0	.1516113	0
1342.15	.08970001	.7578836	0	.1524164	0
1341.15	.08799116	.7587912	0	.1532177	0
1340.15	.08629526	.7596896	0	.1540151	0
1339.166	.08463833	.7605653	0	.1547964	0
1339.166	.08463833	.7605653	0	.1547964	0
1339.166	.08463833	.7605653	0	.1547964	0
1339.15	.08451352	.760503	1.605533E-04	.154823	0
1338.15	.07653724	.7565548	.01039419	.1565138	0
1337.15	.06858603	.7526855	.02054274	.1581857	0
1336.15	.06065917	.7488943	.03060756	.159839	0
1335.15	.05275593	.7451802	.04059	.1614739	0
1334.15	.04487562	.7415422	.05049136	.1630908	0
1333.15	.03701755	.7379796	.06031292	.1646899	0
1332.15	.02918105	.7344915	.07005596	.1662715	0
1331.15	.02136547	.7310769	.0797217	.1678359	0
1330.15	.01357015	.7277351	.08931136	.1693834	0
1329.15	.005794474	.7244653	.09882612	.1709141	0
1328.403	0	.7220698	.1058836	.1720466	0
1328.403	0	.7220698	.1058836	.1720466	0
1328.15	0	.7216726	.1061562	.1721712	0
1327.15	0	.7201066	.107231	.1726624	0
1326.15	0	.7185451	.1083028	.1731521	0
1325.15	0	.7169879	.1093716	.1736405	0
1324.15	0	.7154352	.1104375	.1741274	0
1323.15	0	.7138867	.1115004	.1746129	0
1322.15	0	.7123426	.1125604	.175097	0
1321.15	0	.7108029	.1136174	.1755797	0
1320.15	0	.7092674	.1146715	.176061	0
1319.15	0	.7077363	.1157227	.1765409	0
1318.15	0	.7062095	.116771	.1770195	0
1317.15	0	.704687	.1178164	.1774966	0
1316.15	0	.7031687	.1188589	.1779724	0
1315.15	0	.7016547	.1198985	.1784469	0
1314.15	0	.7001449	.1209351	.1789199	0
1313.15	0	.6986394	.121969	.1793916	0
1312.15	0	.6971381	.1229999	.179862	0
1311.15	0	.6956411	.1240279	.180331	0
1310.15	0	.6941482	.1250531	.1807987	0
1309.15	0	.6926595	.1260754	.181265	0
1308.15	0	.691175	.1270949	.1817301	0
1307.15	0	.6896947	.1281115	.1821938	0
1306.15	0	.6882186	.1291253	.1826562	0
1305.15	0	.6867466	.1301362	.1831172	0
1304.15	0	.6852787	.1311443	.183577	0
1303.15	0	.683815	.1321496	.1840355	0
1302.15	0	.6823553	.133152	.1844927	0
1301.15	0	.6808998	.1341516	.1849486	0
1300.15	0	.6794484	.1351484	.1854032	0
1299.15	0	.6780011	.1361424	.1858565	0
1298.15	0	.6765578	.1371336	.1863086	0
1297.15	0	.6751186	.138122	.1867594	0
1296.15	0	.6736835	.1391076	.1872089	0
1295.15	0	.6722524	.1400904	.1876572	0
1294.15	0	.6708254	.1410704	.1881042	0
1293.15	0	.6694023	.1420476	.18855	0
1292.15	0	.6679833	.1430221	.1889946	0
1291.15	0	.6665683	.1439938	.1894379	0
1290.15	0	.6651573	.1449627	.1898799	0
1289.15	0	.6637503	.1459289	.1903208	0
1288.15	0	.6623473	.1468923	.1907604	0
1287.15	0	.6609482	.147853	.1911988	0
1286.15	0	.6595531	.1488109	.191636	0
1285.15	0	.658162	.149766	.192072	0
1284.15	0	.6567747	.1507185	.1925068	0
1283.15	0	.6553915	.1516681	.1929404	0
1282.15	0	.6540121	.1526151	.1933728	0
1281.15	0	.6526367	.1535593	.193804	0
1280.15	0	.6512651	.1545008	.1942341	0
1279.15	0	.6498975	.1554396	.1946629	0
1278.15	0	.6485337	.1563757	.1950906	0
1277.15	0	.6471738	.157309	.1955171	0
1276.15	0	.6458178	.1582397	.1959425	0
1275.15	0	.6444657	.1591676	.1963667	0
1274.15	0	.6431174	.1600929	.1967897	0
1273.15	0	.641773	.1610154	.1972116	0
1272.15	0	.6404324	.1619353	.1976324	0
1271.15	0	.6390956	.1628524	.198052	0
1270.15	0	.6377626	.1637669	.1984704	0
1269.15	0	.6364335	.1646787	.1988878	0
1268.15	0	.6351082	.1655878	.199304	0
1267.15	0	.6337867	.1664943	.1997191	0
1266.15	0	.6324689	.167398	.200133	0
1265.15	0	.631155	.1682992	.2005459	0
1264.15	0	.6298448	.1691976	.2009576	0
1263.15	0	.6285384	.1700934	.2013683	0
1262.15	0	.6272357	.1709865	.2017778	0
1261.15	0	.6259368	.1718769	.2021863	0
1260.15	0	.6246417	.1727647	.2025936	0
1259.15	0	.6233502	.1736499	.2029999	0
1258.15	0	.6220626	.1745324	.2034051	0
1257.15	0	.6207786	.1754123	.2038092	0
1256.15	0	.6194984	.1762895	.2042122	0
1255.15	0	.6182218	.1771641	.2046141	0
1254.15	0	.616949	.178036	.205015	0
1253.15	0	.6156799	.1789053	.2054148	0
1252.15	0	.6144144	.179772	.2058136	0
1251.15	0	.6131527	.180636	.2062113	0
1250.15	0	.6118946	.1814975	.206608	0
1249.15	0	.6106402	.1823562	.2070036	0
1248.15	0	.6093894	.1832124	.2073982	0
1247.15	0	.6081423	.184066	.2077917	0
1246.15	0	.6068989	.1849169	.2081842	0
1245.15	0	.6056591	.1857653	.2085757	0
1244.15	0	.6044229	.186611	.2089661	0
1243.15	0	.6031904	.1874541	.2093555	0
1242.15	0	.6019615	.1882946	.2097439	0
1241.15	0	.6007363	.1891325	.2101313	0
1240.15	0	.5995146	.1899678	.2105177	0
1239.15	0	.5982966	.1908004	.210903	0
1238.15	0	.5970821	.1916305	.2112874	0
1237.15	0	.5958713	.192458	.2116707	0
1236.15	0	.594664	.1932829	.2120531	0
1235.15	0	.5934604	.1941052	.2124345	0
1234.15	0	.5922603	.1949249	.2128148	0
1233.15	0	.5910638	.195742	.2131942	0
1232.15	0	.5898708	.1965565	.2135727	0
1231.15	0	.5886815	.1973684	.2139501	0
1230.15	0	.5874957	.1981778	.2143266	0
1229.15	0	.5863134	.1989845	.2147021	0
1228.15	0	.5851347	.1997887	.2150766	0
1227.15	0	.5839596	.2005903	.2154501	0
1226.15	0	.582788	.2013893	.2158227	0
1225.15	0	.5816199	.2021857	.2161944	0
1224.15	0	.5804554	.2029796	.2165651	0
1223.15	0	.5792944	.2037708	.2169348	0
1222.15	0	.5781369	.2045595	.2173036	0
1221.15	0	.5769829	.2053456	.2176715	0
1220.15	0	.5758325	.2061291	.2180384	0
1219.15	0	.5746855	.2069101	.2184044	0
1218.15	0	.5735421	.2076885	.2187694	0
1217.15	0	.5724022	.2084643	.2191336	0
1216.15	0	.5712657	.2092375	.2194967	0
1215.15	0	.5701328	.2100082	.219859	0
1214.15	0	.5690033	.2107763	.2202204	0
1213.15	0	.5678774	.2115418	.2205808	0
1212.15	0	.5667549	.2123048	.2209403	0
1211.15	0	.5656359	.2130652	.221299	0
1210.15	0	.5645203	.213823	.2216567	0
1209.15	0	.5634083	.2145782	.2220135	0
1208.15	0	.5622997	.2153309	.2223694	0
1207.15	0	.5611946	.216081	.2227244	0
1206.15	0	.5600929	.2168286	.2230785	0
1205.15	0	.5589947	.2175735	.2234318	0
1204.15	0	.5579	.2183159	.2237841	0
1203.15	0	.5568087	.2190558	.2241356	0
1202.15	0	.5557208	.219793	.2244862	0
1201.15	0	.5546364	.2205277	.2248359	0
1200.15	0	.5535554	.2212599	.2251847	0
1199.15	0	.5524779	.2219894	.2255327	0
1198.15	0	.5514038	.2227164	.2258798	0
1197.15	0	.5503332	.2234408	.226226	0
1196.15	0	.549266	.2241627	.2265714	0
1195.15	0	.5482022	.224882	.2269159	0
1194.15	0	.5471418	.2255987	.2272595	0
1193.15	0	.5460849	.2263128	.2276023	0
1192.15	0	.5450314	.2270244	.2279443	0
1191.15	0	.5439813	.2277334	.2282854	0
1190.15	0	.5429346	.2284398	.2286256	0
1189.15	0	.5418914	.2291436	.228965	0
1188.15	0	.5408515	.2298449	.2293036	0
1187.15	0	.5398151	.2305436	.2296414	0
1186.15	0	.538782	.2312397	.2299783	0
1185.15	0	.5377524	.2319332	.2303144	0
1184.15	0	.5367262	.2326242	.2306496	0
1183.15	0	.5357034	.2333126	.230984	0
1182.15	0	.534684	.2339983	.2313176	0
1181.15	0	.533668	.2346816	.2316504	0
1180.15	0	.5326554	.2353622	.2319824	0
1179.15	0	.5316462	.2360402	.2323136	0
1178.15	0	.5306404	.2367157	.2326439	0
1177.15	0	.529638	.2373886	.2329734	0
1176.15	0	.528639	.2380588	.2333022	0
1175.15	0	.5276434	.2387265	.2336301	0
1174.15	0	.5266512	.2393916	.2339572	0
1173.15	0	.5256623	.2400541	.2342836	0
1172.15	0	.5246769	.240714	.2346091	0
1171.15	0	.5236948	.2413713	.2349339	0
1170.15	0	.5227162	.242026	.2352578	0
1169.15	0	.5217409	.2426781	.235581	0
1168.15	0	.520769	.2433276	.2359034	0
1167.15	0	.5198005	.2439745	.236225	0
1166.15	0	.5188354	.2446188	.2365458	0
1165.15	0	.5178737	.2452604	.2368658	0
1164.15	0	.5169154	.2458995	.2371851	0
1163.15	0	.5159605	.2465359	.2375036	0
1162.15	0	.5150089	.2471697	.2378213	0
1161.15	0	.5140608	.2478009	.2381383	0
1160.15	0	.513116	.2484295	.2384545	0
1159.15	0	.5121746	.2490555	.2387699	0
1158.15	0	.5112366	.2496788	.2390846	0
1157.15	0	.510302	.2502995	.2393985	0
1156.15	0	.5093708	.2509175	.2397117	0
1155.15	0	.508443	.2515329	.2400241	0
1154.15	0	.5075185	.2521458	.2403357	0
1153.15	0	.5065975	.2527559	.2406467	0
1152.15	0	.5056798	.2533634	.2409568	0
1151.15	0	.5047656	.2539682	.2412662	0
1150.15	0	.5038547	.2545704	.2415749	0
1149.15	0	.5029472	.2551699	.2418828	0
1148.15	0	.5020431	.2557668	.24219	0
1147.15	0	.5011425	.256361	.2424965	0
1146.15	0	.5002452	.2569526	.2428022	0
1145.15	0	.4993513	.2575415	.2431072	0
1144.15	0	.4984608	.2581277	.2434115	0
1143.15	0	.4975738	.2587112	.243715	0
1142.15	0	.4966901	.2592921	.2440178	0
1141.15	0	.4958098	.2598702	.2443199	0
1140.15	0	.494933	.2604457	.2446213	0
1139.15	0	.4940595	.2610185	.244922	0
1138.15	0	.4931895	.2615886	.2452219	0
1137.15	0	.4923229	.262156	.2455211	0
1136.15	0	.4914596	.2627207	.2458197	0
1135.15	0	.4905999	.2632827	.2461174	0
1134.15	0	.4897435	.263842	.2464145	0
1133.15	0	.4888905	.2643985	.2467109	0
1132.15	0	.488041	.2649524	.2470066	0
1131.15	0	.4871949	.2655035	.2473016	0
1130.15	0	.4863522	.2660519	.2475959	0
1129.15	0	.485513	.2665975	.2478895	0
1128.15	0	.4846772	.2671405	.2481823	0
1127.15	0	.4838448	.2676806	.2484745	0
1126.15	0	.4830159	.2682181	.248766	0
1125.15	0	.4821904	.2687527	.2490568	0
1124.15	0	.4813684	.2692847	.249347	0
1123.15	0	.4805498	.2698138	.2496364	0
1122.15	0	.4797347	.2703402	.2499251	0
1121.15	0	.478923	.2708638	.2502132	0
1120.15	0	.4781148	.2713846	.2505006	0
1119.15	0	.47731	.2719027	.2507873	0
1118.15	0	.4765088	.272418	.2510733	0
1117.15	0	.475711	.2729304	.2513586	0
1116.15	0	.4749166	.2734401	.2516433	0
1115.15	0	.4741258	.273947	.2519273	0
1114.15	0	.4733384	.274451	.2522106	0
1113.15	0	.4725545	.2749522	.2524933	0
1112.15	0	.4717741	.2754507	.2527752	0
1111.15	0	.4709972	.2759462	.2530565	0
1110.15	0	.4702238	.276439	.2533372	0
1109.15	0	.4694539	.2769289	.2536172	0
1108.15	0	.4686875	.277416	.2538965	0
1107.15	0	.4679246	.2779002	.2541752	0
1106.15	0	.4671653	.2783815	.2544532	0
1105.15	0	.4664095	.27886	.2547305	0
1104.15	0	.4656572	.2793356	.2550072	0
1103.15	0	.4649084	.2798084	.2552832	0
1102.15	0	.4641632	.2802782	.2555586	0
1101.15	0	.4634215	.2807452	.2558333	0
1100.15	0	.4626834	.2812093	.2561074	0
1099.15	0	.4619488	.2816704	.2563808	0
1098.15	0	.4612177	.2821287	.2566536	0
1097.15	0	.4604903	.282584	.2569257	0
1096.15	0	.4597664	.2830364	.2571972	0
1095.15	0	.4590461	.2834859	.257468	0
1094.15	0	.4583294	.2839324	.2577382	0
1093.15	0	.4576162	.284376	.2580078	0
1092.15	0	.4569067	.2848166	.2582767	0
1091.15	0	.4562008	.2852543	.258545	0
1090.15	0	.4554984	.285689	.2588126	0
1089.15	0	.4547997	.2861207	.2590796	0
1088.15	0	.4541046	.2865494	.259346	0
1087.15	0	.4534131	.2869752	.2596117	0
1086.15	0	.4527253	.2873979	.2598768	0
1085.15	0	.4520411	.2878176	.2601412	0
1084.15	0	.4513605	.2882344	.2604051	0
1083.15	0	.4506837	.2886481	.2606683	0
1082.15	0	.4500104	.2890587	.2609308	0
1081.15	0	.4493409	.2894663	.2611928	0
1080.15	0	.448675	.2898709	.2614541	0
1079.15	0	.4480128	.2902724	.2617148	0
1078.15	0	.4473543	.2906709	.2619749	0
1077.15	0	.4466995	.2910663	.2622343	0
1076.15	0	.4460483	.2914585	.2624931	0
1075.15	0	.445401	.2918477	.2627513	0
1074.15	0	.4447573	.2922338	.2630089	0
1073.15	0	.4441173	.2926168	.2632658	0
1072.15	0	.4434811	.2929967	.2635222	0
1071.15	0	.4428487	.2933734	.2637779	0
1070.15	0	.44222	.2937471	.264033	0
1069.15	0	.441595	.2941175	.2642874	0
1068.15	0	.4409739	.2944848	.2645413	0
1067.15	0	.4403565	.294849	.2647945	0
1066.15	0	.4397429	.2952099	.2650472	0
1065.15	0	.4391331	.2955677	.2652992	0
1064.15	0	.4385271	.2959223	.2655506	0
1063.15	0	.4379249	.2962737	.2658014	0
1062.15	0	.4373266	.2966219	.2660515	0
1061.15	0	.436732	.2969669	.2663011	0
1060.15	0	.4361414	.2973086	.26655	0
1059.15	0	.4355545	.2976471	.2667984	0
1058.15	0	.4349716	.2979823	.2670461	0
1057.15	0	.4343925	.2983143	.2672932	0
1056.15	0	.4338173	.298643	.2675397	0
1055.15	0	.433246	.2989684	.2677856	0
1054.15	0	.4326785	.2992906	.2680309	0
1053.15	0	.4321151	.2996094	.2682755	0
1052.15	0	.4315555	.2999249	.2685196	0
1051.15	0	.4309998	.3002371	.2687631	0
1050.15	0	.4304481	.300546	.2690059	0
1049.15	0	.4299004	.3008515	.2692481	0
1048.15	0	.4293566	.3011537	.2694898	0
1047.15	0	.4288167	.3014525	.2697308	0
1046.15	0	.4282809	.3017479	.2699712	0
1045.15	0	.4277491	.3020399	.270211	0
1044.15	0	.4272212	.3023286	.2704502	0
1043.15	0	.4266974	.3026138	.2706888	0
1042.15	0	.4261776	.3028956	.2709268	0
1041.15	0	.4256619	.303174	.2711641	0
1040.15	0	.4251502	.3034489	.2714009	0
1039.15	0	.4246426	.3037204	.2716371	0
1038.15	0	.424139	.3039884	.2718726	0
1037.15	0	.4236395	.3042529	.2721076	0
1036.15	0	.4231441	.304514	.2723419	0
1035.15	0	.4226528	.3047715	.2725756	0
1034.15	0	.4221657	.3050255	.2728088	0
1033.15	0	.4216827	.3052761	.2730413	0
1032.15	0	.4212038	.305523	.2732732	0
1031.15	0	.4207291	.3057665	.2735045	0
1030.15	0	.4202585	.3060063	.2737351	0
1029.15	0	.4197922	.3062426	.2739652	0
1028.15	0	.41933	.3064753	.2741947	0
1027.15	0	.418872	.3067045	.2744235	0
1026.15	0	.4184183	.30693	.2746518	0
1025.15	0	.4179687	.3071519	.2748794	0
1024.15	0	.4175235	.3073701	.2751064	0
1023.15	0	.4170824	.3075848	.2753328	0
1022.15	0	.4166457	.3077957	.2755586	0
1021.15	0	.4162132	.308003	.2757838	0
1020.15	0	.415785	.3082066	.2760083	0
1019.15	0	.4153612	.3084066	.2762323	0
1018.15	0	.4149416	.3086028	.2764556	0
1017.15	0	.4145264	.3087953	.2766783	0
1016.15	0	.4141155	.3089841	.2769004	0
1015.15	0	.413709	.3091691	.2771218	0
1014.15	0	.4133069	.3093504	.2773427	0
1013.15	0	.4129092	.309528	.2775629	0
1012.15	0	.4125158	.3097017	.2777825	0
1011.15	0	.4121269	.3098717	.2780014	0
1010.15	0	.4117424	.3100378	.2782198	0
1009.15	0	.4113623	.3102002	.2784375	0
1008.15	0	.4109867	.3103587	.2786546	0
1007.15	0	.4106156	.3105134	.278871	0
1006.15	0	.4102489	.3106642	.2790869	0
1005.15	0	.4098868	.3108112	.2793021	0
1004.15	0	.4095291	.3109543	.2795166	0
1003.15	0	.409176	.3110935	.2797305	0
1002.15	0	.4088274	.3112288	.2799438	0
1001.15	0	.4084834	.3113602	.2801564	0
1000.15	0	.4081439	.3114876	.2803684	0
999.15	0	.4078091	.3116112	.2805798	0
998.15	0	.4074788	.3117307	.2807905	0
997.15	0	.4071531	.3118464	.2810006	0
996.15	0	.406832	.311958	.28121	0
995.15	0	.4065156	.3120657	.2814187	0
994.15	0	.4062038	.3121694	.2816269	0
993.15	0	.4058967	.312269	.2818343	0
992.15	0	.4055942	.3123647	.2820411	0
991.15	0	.4052965	.3124563	.2822472	0
990.15	0	.4050035	.3125438	.2824527	0
989.15	0	.4047151	.3126274	.2826575	0
988.15	0	.4044315	.3127068	.2828617	0
987.15	0	.4041527	.3127822	.2830651	0
986.15	0	.4038786	.3128535	.2832679	0
985.15	0	.4036093	.3129207	.28347	0
984.15	0	.4033448	.3129837	.2836715	0
983.15	0	.4030851	.3130427	.2838723	0
982.15	0	.4028301	.3130975	.2840723	0
981.15	0	.4025801	.3131482	.2842717	0
980.15	0	.4023348	.3131948	.2844704	0
979.15	0	.4020944	.3132372	.2846684	0
978.15	0	.4018589	.3132754	.2848657	0
977.15	0	.4016283	.3133094	.2850623	0
976.15	0	.4014025	.3133393	.2852582	0
975.15	0	.4011817	.3133649	.2854534	0
974.15	0	.4009657	.3133863	.2856479	0
973.15	0	.4007547	.3134036	.2858417	0
972.15	0	.4005487	.3134166	.2860348	0
971.15	0	.4003476	.3134253	.2862271	0
970.15	0	.4001514	.3134299	.2864187	0
969.15	0	.3999603	.3134301	.2866096	0
968.15	0	.3997741	.3134262	.2867997	0
967.15	0	.399593	.3134179	.2869891	0
966.15	0	.3994168	.3134054	.2871778	0
965.15	0	.3992457	.3133886	.2873657	0
964.15	0	.3990796	.3133676	.2875529	0
963.15	0	.3989185	.3133422	.2877393	0
962.15	0	.3987625	.3133126	.2879249	0
961.15	0	.3986116	.3132786	.2881098	0
960.15	0	.3984657	.3132404	.2882939	0
959.15	0	.3983249	.3131978	.2884772	0
958.15	0	.3981892	.313151	.2886598	0
957.15	0	.3980587	.3130998	.2888415	0
956.15	0	.3979332	.3130443	.2890225	0
955.15	0	.3978128	.3129845	.2892027	0
954.15	0	.3976976	.3129204	.289382	0
953.15	0	.3975875	.3128519	.2895606	0
952.15	0	.3974825	.3127792	.2897383	0
951.15	0	.3973827	.3127021	.2899153	0
950.15	0	.397288	.3126207	.2900914	0
949.15	0	.3971985	.3125349	.2902666	0
948.15	0	.3971141	.3124449	.290441	0
947.15	0	.3970349	.3123505	.2906146	0
946.15	0	.3969609	.3122518	.2907873	0
945.15	0	.3968921	.3121488	.2909591	0
944.15	0	.3968284	.3120415	.2911301	0
943.15	0	.3967699	.3119299	.2913002	0
942.15	0	.3967166	.311814	.2914695	0
941.15	0	.3966685	.3116938	.2916378	0
940.15	0	.3966255	.3115693	.2918052	0
939.15	0	.3965877	.3114405	.2919718	0
938.15	0	.3965552	.3113075	.2921374	0
937.15	0	.3965277	.3111702	.292302	0
936.15	0	.3965055	.3110287	.2924658	0
935.15	0	.3964885	.3108829	.2926286	0
934.15	0	.3964766	.3107329	.2927905	0
933.15	0	.3964699	.3105787	.2929514	0
932.15	0	.3964683	.3104204	.2931113	0
931.15	0	.3964719	.3102578	.2932703	0
930.15	0	.3964806	.3100911	.2934283	0
929.15	0	.3964945	.3099202	.2935853	0
928.15	0	.3965135	.3097452	.2937412	0
927.15	0	.3965377	.3095661	.2938962	0
926.15	0	.3965669	.309383	.2940501	0
925.15	0	.3966013	.3091957	.294203	0
924.15	0	.3966407	.3090044	.2943549	0
923.15	0	.3966852	.3088092	.2945057	0
922.15	0	.3967347	.3086099	.2946554	0
921.15	0	.3967893	.3084067	.294804	0
920.15	0	.3968489	.3081995	.2949515	0
919.15	0	.3969136	.3079885	.2950979	0
918.15	0	.3969832	.3077736	.2952432	0
917.15	0	.3970577	.3075549	.2953874	0
916.15	0	.3971372	.3073324	.2955304	0
915.15	0	.3972216	.3071061	.2956723	0
914.15	0	.3973109	.3068761	.295813	0
913.15	0	.3974051	.3066425	.2959525	0
912.15	0	.397504	.3064052	.2960907	0
911.15	0	.3976078	.3061644	.2962278	0
910.15	0	.3977164	.30592	.2963636	0
909.15	0	.3978297	.3056721	.2964982	0
908.15	0	.3979477	.3054208	.2966316	0
907.15	0	.3980703	.3051661	.2967636	0
906.15	0	.3981976	.3049081	.2968944	0
905.15	0	.3983294	.3046468	.2970238	0
904.15	0	.3984658	.3043823	.2971519	0
903.15	0	.3986067	.3041147	.2972786	0
902.15	0	.398752	.303844	.297404	0
901.15	0	.3989018	.3035703	.297528	0
900.15	0	.3990558	.3032936	.2976505	0
899.15	0	.3992142	.3030141	.2977717	0
898.15	0	.3993768	.3027318	.2978914	0
897.15	0	.3995435	.3024469	.2980096	0
896.15	0	.3997144	.3021593	.2981263	0
895.15	0	.3998893	.3018691	.2982415	0
894.15	0	.4000683	.3015765	.2983552	0
893.15	0	.4002511	.3012816	.2984673	0
892.15	0	.4004377	.3009844	.2985778	0
891.15	0	.4006281	.3006851	.2986868	0
890.15	0	.4008222	.3003838	.298794	0
889.15	0	.4010199	.3000805	.2988996	0
888.15	0	.4012212	.2997753	.2990035	0
887.15	0	.4014258	.2994685	.2991057	0
886.15	0	.4016338	.2991601	.2992061	0
885.15	0	.401845	.2988503	.2993048	0
884.15	0	.4020593	.2985391	.2994016	0
883.15	0	.4022767	.2982267	.2994966	0
882.15	0	.402497	.2979134	.2995897	0
881.15	0	.4027201	.2975991	.2996808	0
880.15	0	.4029459	.2972841	.2997701	0
879.15	0	.4031742	.2969685	.2998573	0
878.15	0	.403405	.2966526	.2999425	0
877.15	0	.4036381	.2963364	.3000256	0
876.15	0	.4038733	.2960202	.3001066	0
875.15	0	.4041105	.2957041	.3001854	0
874.15	0	.4043497	.2953884	.300262	0
873.15	0	.4045904	.2950732	.3003363	0
872.15	0	.4048328	.2947589	.3004084	0
871.15	0	.4050764	.2944455	.300478	0
870.15	0	.4053213	.2941334	.3005453	0
869.15	0	.4055671	.2938229	.30061	0
868.15	0	.4058137	.293514	.3006723	0
867.15	0	.4060609	.2932073	.3007319	0
866.15	0	.4063084	.2929029	.3007888	0
865.15	0	.4065559	.2926011	.300843	0
864.15	0	.4068034	.2923023	.3008943	0
863.15	0	.4070504	.2920068	.3009427	0
862.15	0	.4072968	.2917151	.3009882	0
861.15	0	.4075422	.2914273	.3010305	0
860.15	0	.4077862	.2911441	.3010697	0
859.15	0	.4080287	.2908658	.3011055	0
858.15	0	.4082692	.2905928	.301138	0
857.15	0	.4085074	.2903257	.3011669	0
856.15	0	.4087428	.290065	.3011922	0
855.15	0	.408975	.2898113	.3012137	0
854.15	0	.4092037	.2895651	.3012312	0
853.15	0	.4094053	.2893558	.301239	0
852.15	0	.409363	.2894556	.3011814	0
851.15	0	.4093594	.2895128	.3011278	0
850.15	0	.4093911	.2895312	.3010776	0
849.15	0	.4094551	.2895144	.3010305	0
848.15	0	.4095487	.2894653	.300986	0
847.15	0	.4096693	.2893868	.3009439	0
846.15	0	.409815	.2892812	.3009038	0
845.15	0	.4099836	.289151	.3008655	0
844.15	0	.4101733	.2889979	.3008288	0
843.15	0	.4103824	.288824	.3007936	0
842.15	0	.4106095	.2886309	.3007596	0
841.15	0	.4108531	.2884202	.3007267	0
840.15	0	.4111119	.2881933	.3006948	0
839.15	0	.4113848	.2879514	.3006638	0
838.15	0	.4116705	.287696	.3006336	0
837.15	0	.411968	.287428	.3006041	0
836.15	0	.4122764	.2871485	.3005751	0
835.15	0	.4125948	.2868585	.3005468	0
834.15	0	.4129223	.2865588	.3005189	0
833.15	0	.4132581	.2862505	.3004914	0
832.15	0	.4136016	.2859342	.3004642	0
831.15	0	.4139519	.2856107	.3004374	0
830.15	0	.4143085	.2852806	.3004109	0
829.15	0	.4146707	.2849446	.3003846	0
828.15	0	.415038	.2846034	.3003586	0
827.15	0	.4154099	.2842574	.3003327	0
826.15	0	.4157858	.2839073	.3003069	0
825.15	0	.4161653	.2835534	.3002813	0
824.15	0	.4165478	.2831964	.3002558	0
823.15	0	.4169331	.2828366	.3002303	0
822.15	0	.4173207	.2824743	.300205	0
821.15	0	.4177102	.2821102	.3001796	0
820.15	0	.4181013	.2817444	.3001543	0
819.15	0	.4184937	.2813772	.300129	0
818.15	0	.4188871	.2810092	.3001037	0
817.15	0	.4192811	.2806405	.3000784	0
816.15	0	.4196755	.2802713	.3000532	0
815.15	0	.4200701	.2799021	.3000278	0
814.15	0	.4204645	.279533	.3000025	0
813.15	0	.4208587	.2791642	.2999771	0
812.15	0	.4212523	.278796	.2999516	0
811.15	0	.4216452	.2784286	.2999262	0
810.15	0	.4220372	.2780622	.2999006	0
809.15	0	.4224281	.2776968	.299875	0
808.15	0	.4228178	.2773329	.2998493	0
807.15	0	.4232061	.2769703	.2998236	0
806.15	0	.4235928	.2766094	.2997978	0
805.15	0	.4239779	.2762502	.2997719	0
804.15	0	.4243612	.2758928	.299746	0
803.15	0	.4247426	.2755375	.29972	0
802.15	0	.4251219	.2751842	.2996939	0
801.15	0	.4254992	.2748331	.2996677	0
800.15	0	.4258742	.2744843	.2996415	0
799.15	0	.426247	.2741379	.2996151	0
798.15	0	.4266174	.2737939	.2995887	0
797.15	0	.4269853	.2734525	.2995622	0
796.15	0	.4273508	.2731136	.2995357	0
795.15	0	.4277136	.2727773	.299509	0
794.15	0	.4280739	.2724438	.2994823	0
793.15	0	.4284315	.272113	.2994555	0
792.15	0	.4287864	.2717851	.2994286	0
791.15	0	.4291385	.2714599	.2994016	0
790.15	0	.4294878	.2711377	.2993746	0
789.15	0	.4298343	.2708183	.2993474	0
788.15	0	.4301779	.2705019	.2993202	0
787.15	0	.4305186	.2701885	.2992929	0
786.15	0	.4308564	.269878	.2992656	0
785.15	0	.4311913	.2695706	.2992381	0
784.15	0	.4315232	.2692662	.2992106	0
783.15	0	.4318522	.2689648	.299183	0
782.15	0	.4321782	.2686665	.2991553	0
781.15	0	.4325012	.2683712	.2991276	0
780.15	0	.4328212	.268079	.2990998	0
779.15	0	.4331383	.2677899	.2990719	0
778.15	0	.4334523	.2675038	.2990439	0
777.15	0	.4337633	.2672208	.2990159	0
776.15	0	.4340713	.2669409	.2989878	0
775.15	0	.4343763	.266664	.2989596	0
774.15	0	.4346784	.2663902	.2989314	0
773.15	0	.4349774	.2661195	.2989031	0
772.15	0	.4352735	.2658518	.2988747	0
771.15	0	.4355666	.2655871	.2988463	0
770.15	0	.4358568	.2653255	.2988178	0
769.15	0	.4361439	.2650668	.2987892	0
768.15	0	.4364282	.2648112	.2987606	0
767.15	0	.4367095	.2645586	.2987319	0
766.15	0	.436988	.2643089	.2987032	0
765.15	0	.4372635	.2640622	.2986743	0
764.15	0	.4375361	.2638184	.2986455	0
763.15	0	.4378059	.2635775	.2986165	0
762.15	0	.4380729	.2633396	.2985875	0
761.15	0	.438337	.2631045	.2985585	0
760.15	0	.4385983	.2628723	.2985294	0
759.15	0	.4388568	.2626429	.2985002	0
758.15	0	.4391126	.2624164	.298471	0
757.15	0	.4393656	.2621927	.2984417	0
756.15	0	.4396159	.2619718	.2984124	0
755.15	0	.4398634	.2617536	.298383	0
754.15	0	.4401083	.2615381	.2983536	0
753.15	0	.4403505	.2613254	.2983241	0
752.15	0	.4405901	.2611154	.2982945	0
751.15	0	.440827	.2609081	.298265	0
750.15	0	.4410613	.2607034	.2982353	0
749.15	0	.4412931	.2605013	.2982056	0
748.15	0	.4415223	.2603018	.2981759	0
747.15	0	.441749	.260105	.2981461	0
746.15	0	.4419731	.2599106	.2981163	0
745.15	0	.4421948	.2597189	.2980864	0
744.15	0	.442414	.2595296	.2980564	0
743.15	0	.4426307	.2593428	.2980265	0
742.15	0	.4428451	.2591585	.2979964	0
741.15	0	.443057	.2589766	.2979664	0
740.15	0	.4432666	.2587972	.2979363	0
739.15	0	.4434738	.2586201	.2979061	0
738.15	0	.4436787	.2584455	.2978759	0
737.15	0	.4438812	.2582731	.2978457	0
736.15	0	.4440815	.2581031	.2978154	0
735.15	0	.4442796	.2579354	.297785	0
734.15	0	.4444753	.25777	.2977547	0
733.15	0	.4446689	.2576068	.2977243	0
732.15	0	.4448603	.2574459	.2976938	0
731.15	0	.4450495	.2572872	.2976633	0
730.15	0	.4452366	.2571307	.2976328	0
729.15	0	.4454215	.2569763	.2976022	0
728.15	0	.4456043	.2568241	.2975716	0
727.15	0	.4457851	.256674	.297541	0
726.15	0	.4459637	.256526	.2975103	0
725.15	0	.4461404	.2563801	.2974795	0
724.15	0	.446315	.2562362	.2974488	0
723.15	0	.4464876	.2560944	.297418	0
722.15	0	.4466583	.2559546	.2973872	0
721.15	0	.446827	.2558167	.2973563	0
720.15	0	.4469937	.2556809	.2973254	0
719.15	0	.4471585	.255547	.2972945	0
718.15	0	.4473238	.2554133	.2972629	0
717.15	0	.4474847	.2552834	.2972319	0
716.15	0	.4476437	.2551553	.2972009	0
715.15	0	.447801	.2550291	.2971699	0
714.15	0	.4479564	.2549048	.2971389	0
713.15	0	.44811	.2547822	.2971078	0
712.15	0	.4482619	.2546615	.2970766	0
711.15	0	.448412	.2545425	.2970455	0
710.15	0	.4485603	.2544253	.2970143	0
709.15	0	.448707	.2543099	.2969831	0
708.15	0	.448852	.2541962	.2969519	0
707.15	0	.4489953	.2540841	.2969206	0
706.15	0	.4491369	.2539738	.2968893	0
705.15	0	.4492769	.2538651	.2968579	0
704.15	0	.4494153	.2537581	.2968266	0
703.15	0	.4495521	.2536527	.2967952	0
702.15	0	.4496873	.253549	.2967638	0
701.15	0	.4498209	.2534468	.2967323	0
700.15	0	.449953	.2533462	.2967008	0
699.15	0	.4500835	.2532472	.2966693	0
698.15	0	.4502125	.2531497	.2966378	0
697.15	0	.45034	.2530538	.2966063	0
696.15	0	.450466	.2529593	.2965747	0
695.15	0	.4505905	.2528664	.2965431	0
694.15	0	.4507136	.2527749	.2965115	0
693.15	0	.4508352	.252685	.2964798	0
692.15	0	.4509554	.2525964	.2964482	0
691.15	0	.4510742	.2525093	.2964165	0
690.15	0	.4511916	.2524236	.2963848	0
689.15	0	.4513076	.2523393	.2963531	0
688.15	0	.4514223	.2522564	.2963213	0
687.15	0	.4515355	.2521749	.2962895	0
686.15	0	.4516475	.2520947	.2962578	0
685.15	0	.4517581	.2520159	.296226	0
684.15	0	.4518675	.2519384	.2961941	0
683.15	0	.4519755	.2518622	.2961623	0
682.15	0	.4520822	.2517873	.2961304	0
681.15	0	.4521877	.2517137	.2960986	0
680.15	0	.4522919	.2516414	.2960667	0
679.15	0	.4523949	.2515703	.2960348	0
678.15	0	.4524967	.2515005	.2960029	0
677.15	0	.4525972	.2514319	.2959709	0
676.15	0	.4526965	.2513645	.295939	0
675.15	0	.4527947	.2512983	.295907	0
674.15	0	.4528917	.2512333	.295875	0
673.15	0	.4529875	.2511695	.2958431	0
672.15	0	.4530821	.2511068	.2958111	0
671.15	0	.4531756	.2510453	.295779	0
670.15	0	.453268	.250985	.295747	0
669.15	0	.4533593	.2509257	.295715	0
668.15	0	.4534495	.2508676	.295683	0
667.15	0	.4535385	.2508105	.2956509	0
666.15	0	.4536265	.2507546	.2956189	0
665.15	0	.4537135	.2506997	.2955868	0
664.15	0	.4537993	.2506459	.2955547	0
663.15	0	.4538842	.2505932	.2955226	0
662.15	0	.453968	.2505415	.2954905	0
661.15	0	.4540507	.2504908	.2954585	0
660.15	0	.4541325	.2504412	.2954264	0
659.15	0	.4542132	.2503925	.2953943	0
658.15	0	.454293	.2503449	.2953622	0
657.15	0	.4543718	.2502982	.29533	0
656.15	0	.4544496	.2502525	.2952979	0
655.15	0	.4545264	.2502078	.2952658	0
654.15	0	.4546023	.250164	.2952337	0
653.15	0	.4546773	.2501212	.2952015	0
652.15	0	.4547513	.2500793	.2951694	0
651.15	0	.4548244	.2500384	.2951373	0
650.15	0	.4548965	.2499983	.2951052	0
649.15	0	.4549678	.2499591	.295073	0
648.15	0	.4550382	.2499209	.2950409	0
647.15	0	.4551077	.2498835	.2950088	0
646.15	0	.4551764	.249847	.2949766	0
645.15	0	.4552441	.2498114	.2949445	0
644.15	0	.455311	.2497766	.2949124	0
643.15	0	.4553771	.2497426	.2948803	0
642.15	0	.4554423	.2497095	.2948481	0
641.15	0	.4555067	.2496773	.294816	0
640.15	0	.4555703	.2496458	.2947839	0
639.15	0	.4556331	.2496151	.2947518	0
638.15	0	.455695	.2495853	.2947197	0
637.15	0	.4557562	.2495562	.2946876	0
636.15	0	.4558166	.2495279	.2946555	0
635.15	0	.4558761	.2495004	.2946234	0
634.15	0	.455935	.2494737	.2945914	0
633.15	0	.455993	.2494477	.2945593	0
632.15	0	.4560503	.2494225	.2945272	0
631.15	0	.4561069	.249398	.2944952	0
630.15	0	.4561627	.2493742	.2944631	0
629.15	0	.4562178	.2493511	.2944311	0
628.15	0	.4562721	.2493288	.2943991	0
627.15	0	.4563258	.2493072	.2943671	0
626.15	0	.4563787	.2492863	.294335	0
625.15	0	.4564309	.249266	.2943031	0
624.15	0	.4564825	.2492465	.2942711	0
623.15	0	.4565333	.2492276	.2942391	0
622.15	0	.4565835	.2492094	.2942072	0
621.15	0	.4566329	.2491919	.2941752	0
620.15	0	.4566817	.249175	.2941433	0
619.15	0	.4567299	.2491587	.2941114	0
618.15	0	.4567774	.2491431	.2940795	0
617.15	0	.4568243	.2491281	.2940476	0
616.15	0	.4568705	.2491138	.2940157	0
615.15	0	.4569161	.2491001	.2939839	0
614.15	0	.456961	.249087	.2939521	0
613.15	0	.4570053	.2490744	.2939202	0
612.15	0	.457049	.2490625	.2938884	0
611.15	0	.4570922	.2490512	.2938567	0
610.15	0	.4571346	.2490404	.2938249	0
609.15	0	.4571766	.2490303	.2937932	0
608.15	0	.4572179	.2490207	.2937614	0
607.15	0	.4572586	.2490117	.2937297	0
606.15	0	.4572988	.2490032	.2936981	0
605.15	0	.4573383	.2489953	.2936664	0
604.15	0	.4573774	.2489879	.2936348	0
603.15	0	.4574158	.248981	.2936032	0
602.15	0	.4574537	.2489747	.2935716	0
601.15	0	.457491	.248969	.29354	0
600.15	0	.4575278	.2489637	.2935085	0
599.15	0	.4575641	.248959	.293477	0
598.15	0	.4575998	.2489547	.2934455	0
597.15	0	.457635	.248951	.293414	0
596.15	0	.4576697	.2489478	.2933826	0
595.15	0	.4577039	.248945	.2933511	0
594.15	0	.4577375	.2489427	.2933197	0
593.15	0	.4577707	.248941	.2932884	0
592.15	0	.4578033	.2489396	.293257	0
591.15	0	.4578354	.2489388	.2932258	0
590.15	0	.4578671	.2489384	.2931945	0
589.15	0	.4578983	.2489385	.2931632	0
588.15	0	.4579289	.248939	.293132	0
587.15	0	.4579591	.24894	.2931008	0
586.15	0	.4579889	.2489415	.2930697	0
585.15	0	.4580181	.2489433	.2930386	0
584.15	0	.4580469	.2489456	.2930075	0
583.15	0	.4580753	.2489483	.2929764	0
582.15	0	.4581032	.2489514	.2929454	0
581.15	0	.4581306	.248955	.2929144	0
580.15	0	.4581576	.248959	.2928834	0
579.15	0	.4581842	.2489633	.2928525	0
578.15	0	.4582103	.2489681	.2928216	0
577.15	0	.458236	.2489733	.2927908	0
576.15	0	.4582612	.2489788	.29276	0
575.15	0	.4582861	.2489847	.2927292	0
574.15	0	.4583105	.2489911	.2926984	0
573.15	0	.4583345	.2489978	.2926677	0
572.15	0	.4583581	.2490048	.2926371	0
571.15	0	.4583813	.2490123	.2926064	0
570.15	0	.4584041	.2490201	.2925759	0
569.15	0	.4584264	.2490282	.2925453	0
568.15	0	.4584485	.2490368	.2925148	0
567.15	0	.4584701	.2490456	.2924843	0
566.15	0	.4584913	.2490548	.2924539	0
565.15	0	.4585121	.2490644	.2924235	0
564.15	0	.4585326	.2490743	.2923932	0
563.15	0	.4585527	.2490845	.2923629	0
562.15	0	.4585724	.249095	.2923326	0
561.15	0	.4585917	.2491059	.2923024	0
560.15	0	.4586107	.2491171	.2922722	0
559.15	0	.4586293	.2491286	.2922421	0
558.15	0	.4586476	.2491404	.292212	0
557.15	0	.4586655	.2491525	.292182	0
556.15	0	.4586831	.2491649	.292152	0
555.15	0	.4587003	.2491777	.2921221	0
554.15	0	.4587172	.2491907	.2920922	0
553.15	0	.4587337	.249204	.2920623	0
552.15	0	.4587499	.2492176	.2920325	0
551.15	0	.4587658	.2492314	.2920028	0
550.15	0	.4587814	.2492456	.2919731	0
549.15	0	.4587966	.24926	.2919434	0
548.15	0	.4588115	.2492747	.2919138	0
547.15	0	.458826	.2492897	.2918842	0
546.15	0	.4588403	.2493049	.2918547	0
545.15	0	.4588543	.2493204	.2918253	0
544.15	0	.4588679	.2493362	.2917959	0
543.15	0	.4588812	.2493522	.2917666	0
543.1349	0	.4588815	.2493525	.2917661	0
543.1349	0	.4588815	.2493525	.2917661	0
543.1349	0	.4588815	.2493525	.2917661	0
542.15	0	.4591819	.2487426	.2914413	6.342694E-04
541.15	0	.4594846	.2481268	.2911126	.001276107
540.15	0	.4597849	.2475143	.290785	.00191579
539.15	0	.4600829	.2469052	.2904586	.002553338
538.15	0	.4603785	.2462993	.2901334	.003188773
537.15	0	.4606719	.2456967	.2898093	.003822115
536.15	0	.4609631	.2450973	.2894862	.004453383
535.15	0	.461252	.2445011	.2891643	.005082598
534.15	0	.4615388	.243908	.2888435	.00570978
533.15	0	.4618234	.243318	.2885237	.006334948
532.15	0	.4621059	.242731	.2882051	.006958121
531.15	0	.4623862	.242147	.2878874	.007579319
530.15	0	.4626646	.241566	.2875709	.008198559
529.15	0	.4629409	.2409879	.2872553	.008815862
528.15	0	.4632152	.2404128	.2869408	.009431244
527.15	0	.4634875	.2398405	.2866274	.01004473
526.15	0	.4637578	.239271	.2863149	.01065632
525.15	0	.4640263	.2387043	.2860034	.01126605
524.15	0	.4642928	.2381403	.285693	.01187394
523.15	0	.4645574	.2375791	.2853835	.01247999
522.15	0	.4648202	.2370206	.285075	.01308423
521.15	0	.4650812	.2364647	.2847674	.01368667
520.15	0	.4653404	.2359114	.2844608	.01428733
519.15	0	.4655978	.2353608	.2841552	.01488623
518.15	0	.4658535	.2348127	.2838505	.01548338
517.15	0	.4661074	.2342671	.2835468	.0160788
516.15	0	.4663596	.233724	.2832439	.01667251
515.15	0	.4666102	.2331833	.282942	.01726452
514.15	0	.466859	.2326451	.282641	.01785485
513.15	0	.4671063	.2321093	.2823409	.0184435
512.15	0	.4673519	.2315759	.2820417	.01903051
511.15	0	.467596	.2310448	.2817434	.01961588
510.15	0	.4678385	.230516	.2814459	.02019963
509.15	0	.4680794	.2299895	.2811493	.02078178
508.15	0	.4683188	.2294652	.2808536	.02136233
507.15	0	.4685567	.2289432	.2805588	.02194131
506.15	0	.4687931	.2284234	.2802648	.02251872
505.15	0	.4690281	.2279058	.2799716	.02309459
504.15	0	.4692616	.2273903	.2796792	.02366892
503.15	0	.4694936	.2268769	.2793877	.02424173
502.15	0	.4697243	.2263656	.2790971	.02481304
501.15	0	.4699536	.2258564	.2788072	.02538285
500.15	0	.4701815	.2253492	.2785181	.02595119
499.15	0	.4704081	.224844	.2782299	.02651806
498.15	0	.4706333	.2243408	.2779424	.02708348
497.15	0	.4708572	.2238396	.2776557	.02764746
496.15	0	.4710798	.2233403	.2773698	.02821001
495.15	0	.4713012	.222843	.2770847	.02877115
494.15	0	.4715213	.2223475	.2768003	.0293309
493.15	0	.4717401	.2218539	.2765167	.02988925
492.15	0	.4719577	.2213622	.2762339	.03044623
491.15	0	.4721741	.2208722	.2759518	.03100185
490.15	0	.4723894	.2203841	.2756703	.03155616
489.15	0	.4726035	.2198977	.2753897	.03210909
488.15	0	.4728163	.2194131	.2751099	.0326607
487.15	0	.4730281	.2189302	.2748307	.03321099
486.15	0	.4732387	.2184491	.2745523	.03375998
485.15	0	.4734481	.2179696	.2742746	.03430768
484.15	0	.4736565	.2174918	.2739976	.0348541
483.15	0	.4738638	.2170157	.2737213	.03539925
482.15	0	.47407	.2165411	.2734457	.03594315
481.15	0	.4742752	.2160682	.2731708	.0364858
480.15	0	.4744793	.2155969	.2728966	.03702722
479.15	0	.4746824	.2151271	.2726231	.03756742
478.15	0	.4748845	.2146589	.2723502	.0381064
477.15	0	.4750856	.2141922	.2720781	.03864419
476.15	0	.4752857	.213727	.2718065	.03918078
475.15	0	.4754848	.2132633	.2715357	.03971619
474.15	0	.475683	.212801	.2712655	.04025044
473.15	0	.4758803	.2123402	.270996	.04078353
472.15	0	.4760766	.2118808	.2707271	.04131546
471.15	0	.476272	.2114229	.2704589	.04184627
470.15	0	.4764664	.2109663	.2701913	.04237594
469.15	0	.47666	.2105111	.2699243	.04290449
468.15	0	.4768527	.2100573	.269658	.04343194
467.15	0	.4770446	.2096048	.2693923	.04395828
466.15	0	.4772356	.2091537	.2691272	.04448354
465.15	0	.4774257	.2087038	.2688628	.04500772
464.15	0	.477615	.2082552	.2685989	.04553083
463.15	0	.4778035	.2078079	.2683357	.04605288
462.15	0	.4779912	.2073619	.268073	.04657388
461.15	0	.4781781	.2069171	.267811	.04709384
460.15	0	.4783642	.2064735	.2675495	.04761276
459.15	0	.4785496	.2060311	.2672887	.04813066
458.15	0	.4787341	.2055899	.2670284	.04864755
