T	 BPW(LIQUID)	BPW(BCC_A2)	BPW(FCC_A1)	BPW(LAVES_PHASE_C14)	BPW(NI3TI)
1473.15	.1170222	.691345	.1916328	0	0
1472.15	.1122446	.6890855	.19867	0	0
1471.15	.1074695	.6868413	.2056892	0	0
1470.15	.1026967	.6846124	.2126909	0	0
1469.15	.09792602	.6823988	.2196752	0	0
1468.15	.09315717	.6802005	.2266424	0	0
1467.15	.08838989	.6780173	.2335928	0	0
1466.15	.08362396	.6758494	.2405267	0	0
1465.15	.07885912	.6736965	.2474443	0	0
1464.15	.07409513	.6715589	.254346	0	0
1463.15	.06933177	.6694363	.2612319	0	0
1462.15	.0645688	.6673288	.2681024	0	0
1461.15	.05980599	.6652364	.2749576	0	0
1460.15	.0550431	.663159	.2817979	0	0
1459.15	.05027991	.6610966	.2886235	0	0
1458.15	.04551621	.6590492	.2954346	0	0
1457.15	.04075176	.6570168	.3022314	0	0
1456.15	.03598634	.6549993	.3090143	0	0
1455.15	.03121975	.6529968	.3157835	0	0
1454.15	.02645176	.6510092	.3225391	0	0
1453.15	.02168216	.6490364	.3292814	0	0
1452.15	.01691075	.6470785	.3360107	0	0
1451.15	.01213731	.6451355	.3427272	0	0
1450.15	.007361639	.6432073	.3494311	0	0
1449.15	.002583531	.6412939	.3561226	0	0
1448.61	0	.6402659	.3597341	0	0
1448.61	0	.6402659	.3597341	0	0
1448.15	0	.6394653	.3605347	0	0
1447.15	0	.6377252	.3622748	0	0
1446.15	0	.6359882	.3640118	0	0
1445.15	0	.6342543	.3657457	0	0
1444.15	0	.6325234	.3674766	0	0
1443.15	0	.6307956	.3692044	0	0
1442.15	0	.6290709	.3709291	0	0
1441.15	0	.6273492	.3726508	0	0
1440.15	0	.6256306	.3743694	0	0
1439.15	0	.6239151	.3760849	0	0
1438.15	0	.6222026	.3777974	0	0
1437.15	0	.6204932	.3795068	0	0
1436.15	0	.6187869	.3812131	0	0
1435.15	0	.6170836	.3829164	0	0
1434.15	0	.6153833	.3846167	0	0
1433.15	0	.6136861	.3863139	0	0
1432.15	0	.611992	.3880081	0	0
1431.15	0	.6103008	.3896992	0	0
1430.15	0	.6086128	.3913872	0	0
1429.15	0	.6069277	.3930723	0	0
1428.15	0	.6052458	.3947543	0	0
1427.15	0	.6035668	.3964332	0	0
1426.15	0	.6018909	.3981091	0	0
1425.15	0	.600218	.399782	0	0
1424.15	0	.5985482	.4014518	0	0
1423.15	0	.5968813	.4031186	0	0
1422.15	0	.5952176	.4047824	0	0
1421.15	0	.5935568	.4064432	0	0
1420.15	0	.5918991	.4081009	0	0
1419.15	0	.5902444	.4097556	0	0
1418.15	0	.5885927	.4114073	0	0
1417.15	0	.5869441	.4130559	0	0
1416.15	0	.5852984	.4147016	0	0
1415.15	0	.5836558	.4163442	0	0
1414.15	0	.5820162	.4179838	0	0
1413.15	0	.5803797	.4196203	0	0
1412.15	0	.5787461	.4212539	0	0
1411.15	0	.5771156	.4228844	0	0
1410.15	0	.5754881	.424512	0	0
1409.15	0	.5738635	.4261365	0	0
1408.15	0	.5722421	.4277579	0	0
1407.15	0	.5706236	.4293764	0	0
1406.15	0	.5690081	.4309919	0	0
1405.15	0	.5673957	.4326043	0	0
1404.15	0	.5657862	.4342138	0	0
1403.15	0	.5641798	.4358202	0	0
1402.15	0	.5625764	.4374236	0	0
1401.15	0	.560976	.439024	0	0
1400.15	0	.5593786	.4406214	0	0
1399.15	0	.5577842	.4422158	0	0
1398.15	0	.5561928	.4438072	0	0
1397.15	0	.5546044	.4453956	0	0
1396.15	0	.553019	.446981	0	0
1395.15	0	.5514367	.4485633	0	0
1394.15	0	.5498573	.4501427	0	0
1393.15	0	.548281	.451719	0	0
1392.15	0	.5467077	.4532923	0	0
1391.15	0	.5451373	.4548627	0	0
1390.15	0	.54357	.45643	0	0
1389.15	0	.5420057	.4579943	0	0
1388.15	0	.5404444	.4595556	0	0
1387.15	0	.5388861	.4611139	0	0
1386.15	0	.5373308	.4626692	0	0
1385.15	0	.5357785	.4642215	0	0
1384.15	0	.5342293	.4657707	0	0
1383.15	0	.532683	.467317	0	0
1382.15	0	.5311398	.4688602	0	0
1381.15	0	.5295996	.4704005	0	0
1380.15	0	.5280623	.4719377	0	0
1379.15	0	.5265281	.4734719	0	0
1378.15	0	.5249969	.4750031	0	0
1377.15	0	.5234688	.4765313	0	0
1376.15	0	.5219436	.4780564	0	0
1375.15	0	.5204214	.4795786	0	0
1374.15	0	.5189023	.4810977	0	0
1373.15	0	.5173862	.4826138	0	0
1372.15	0	.5158731	.4841269	0	0
1371.15	0	.514363	.485637	0	0
1370.15	0	.512856	.487144	0	0
1369.15	0	.511352	.488648	0	0
1368.15	0	.509851	.490149	0	0
1367.15	0	.508353	.491647	0	0
1366.15	0	.5068581	.4931419	0	0
1365.15	0	.5053661	.4946339	0	0
1364.15	0	.5038773	.4961227	0	0
1363.15	0	.5023914	.4976086	0	0
1362.15	0	.5009086	.4990914	0	0
1361.15	0	.4994288	.5005712	0	0
1360.15	0	.4979521	.5020479	0	0
1359.15	0	.4964784	.5035216	0	0
1358.15	0	.4950077	.5049923	0	0
1357.15	0	.4935401	.5064599	0	0
1356.15	0	.4920756	.5079244	0	0
1355.15	0	.490614	.509386	0	0
1354.15	0	.4891556	.5108444	0	0
1353.15	0	.4877002	.5122998	0	0
1352.15	0	.4862478	.5137522	0	0
1351.15	0	.4847985	.5152015	0	0
1350.15	0	.4833523	.5166477	0	0
1349.15	0	.4819091	.5180909	0	0
1348.15	0	.480469	.519531	0	0
1347.15	0	.479032	.520968	0	0
1346.15	0	.477598	.522402	0	0
1345.15	0	.4761672	.5238328	0	0
1344.15	0	.4747394	.5252606	0	0
1343.15	0	.4733147	.5266854	0	0
1342.15	0	.471893	.528107	0	0
1341.15	0	.4704745	.5295255	0	0
1340.15	0	.469059	.530941	0	0
1339.15	0	.4676467	.5323533	0	0
1338.15	0	.4662374	.5337626	0	0
1337.15	0	.4648313	.5351687	0	0
1336.15	0	.4634282	.5365718	0	0
1335.15	0	.4620283	.5379717	0	0
1334.15	0	.4606315	.5393685	0	0
1333.15	0	.4592378	.5407622	0	0
1332.15	0	.4578472	.5421528	0	0
1331.15	0	.4564597	.5435403	0	0
1330.15	0	.4550754	.5449246	0	0
1329.15	0	.4536942	.5463058	0	0
1328.15	0	.4523162	.5476838	0	0
1327.15	0	.4509413	.5490587	0	0
1326.15	0	.4495695	.5504305	0	0
1325.15	0	.4482009	.5517991	0	0
1324.15	0	.4468355	.5531645	0	0
1323.15	0	.4454732	.5545268	0	0
1322.15	0	.4441141	.5558859	0	0
1321.15	0	.4427581	.5572419	0	0
1320.15	0	.4414054	.5585946	0	0
1319.15	0	.4400558	.5599442	0	0
1318.15	0	.4387094	.5612906	0	0
1317.15	0	.4373662	.5626338	0	0
1316.15	0	.4360262	.5639738	0	0
1315.15	0	.4346894	.5653106	0	0
1314.15	0	.4333558	.5666442	0	0
1313.15	0	.4320254	.5679746	0	0
1312.15	0	.4306983	.5693017	0	0
1311.15	0	.4293743	.5706257	0	0
1310.15	0	.4280536	.5719464	0	0
1309.15	0	.4267362	.5732638	0	0
1308.15	0	.425422	.574578	0	0
1307.15	0	.424111	.575889	0	0
1306.15	0	.4228033	.5771967	0	0
1305.15	0	.4214989	.5785011	0	0
1304.15	0	.4201977	.5798023	0	0
1303.15	0	.4188998	.5811002	0	0
1302.15	0	.4176052	.5823948	0	0
1301.15	0	.4163139	.5836861	0	0
1300.15	0	.4150259	.5849741	0	0
1299.15	0	.4137412	.5862588	0	0
1298.15	0	.4124598	.5875402	0	0
1297.15	0	.4111818	.5888182	0	0
1296.15	0	.409907	.590093	0	0
1295.15	0	.4086356	.5913644	0	0
1294.15	0	.4073675	.5926325	0	0
1293.15	0	.4061028	.5938972	0	0
1292.15	0	.4048415	.5951585	0	0
1291.15	0	.4035835	.5964165	0	0
1290.15	0	.4023289	.5976711	0	0
1289.15	0	.4010776	.5989224	0	0
1288.15	0	.3998298	.6001702	0	0
1287.15	0	.3985854	.6014146	0	0
1286.15	0	.3973443	.6026557	0	0
1285.15	0	.3961067	.6038933	0	0
1284.15	0	.3948725	.6051275	0	0
1283.15	0	.3936418	.6063582	0	0
1282.15	0	.3924145	.6075855	0	0
1281.15	0	.3911906	.6088094	0	0
1280.15	0	.3899702	.6100298	0	0
1279.15	0	.3887533	.6112467	0	0
1278.15	0	.3875399	.6124601	0	0
1277.15	0	.3863299	.6136701	0	0
1276.15	0	.3851235	.6148765	0	0
1275.15	0	.3839205	.6160795	0	0
1274.15	0	.3827211	.6172789	0	0
1273.15	0	.3815252	.6184748	0	0
1272.15	0	.3803329	.6196671	0	0
1271.15	0	.3791441	.6208559	0	0
1270.15	0	.3779589	.6220411	0	0
1269.15	0	.3767772	.6232228	0	0
1268.15	0	.3755991	.6244009	0	0
1267.15	0	.3744247	.6255753	0	0
1266.15	0	.3732538	.6267462	0	0
1265.15	0	.3720866	.6279134	0	0
1264.15	0	.3709229	.6290771	0	0
1263.15	0	.3697629	.6302371	0	0
1262.15	0	.3686066	.6313934	0	0
1261.15	0	.367454	.6325461	0	0
1260.15	0	.366305	.633695	0	0
1259.15	0	.3651597	.6348403	0	0
1258.15	0	.3640181	.6359819	0	0
1257.15	0	.3628802	.6371198	0	0
1256.15	0	.361746	.638254	0	0
1255.15	0	.3606156	.6393844	0	0
1254.15	0	.3594889	.6405111	0	0
1253.15	0	.358366	.641634	0	0
1252.15	0	.3572469	.6427531	0	0
1251.15	0	.3561316	.6438685	0	0
1250.15	0	.35502	.64498	0	0
1249.15	0	.3539123	.6460877	0	0
1248.15	0	.3528084	.6471916	0	0
1247.15	0	.3517084	.6482916	0	0
1246.15	0	.3506122	.6493878	0	0
1245.15	0	.3495199	.6504801	0	0
1244.15	0	.3484315	.6515685	0	0
1243.15	0	.347347	.652653	0	0
1242.15	0	.3462664	.6537336	0	0
1241.15	0	.3451897	.6548103	0	0
1240.15	0	.344117	.655883	0	0
1239.15	0	.3430483	.6569517	0	0
1238.15	0	.3419835	.6580165	0	0
1237.15	0	.3409227	.6590773	0	0
1236.15	0	.339866	.660134	0	0
1235.15	0	.3388132	.6611868	0	0
1234.15	0	.3377646	.6622354	0	0
1233.15	0	.3367199	.6632801	0	0
1232.15	0	.3356794	.6643206	0	0
1231.15	0	.3346429	.6653571	0	0
1230.15	0	.3336106	.6663894	0	0
1229.15	0	.3325823	.6674177	0	0
1228.15	0	.3315583	.6684417	0	0
1227.15	0	.3305384	.6694617	0	0
1226.15	0	.3295226	.6704774	0	0
1225.15	0	.3285111	.6714889	0	0
1224.15	0	.3275038	.6724962	0	0
1223.15	0	.3265007	.6734993	0	0
1222.15	0	.3255018	.6744982	0	0
1221.15	0	.3245073	.6754927	0	0
1220.15	0	.323517	.676483	0	0
1219.15	0	.322531	.677469	0	0
1218.15	0	.3215494	.6784506	0	0
1217.15	0	.3205721	.6794279	0	0
1216.15	0	.3195992	.6804008	0	0
1215.15	0	.3186307	.6813693	0	0
1214.15	0	.3176665	.6823335	0	0
1213.15	0	.3167069	.6832931	0	0
1212.15	0	.3157516	.6842484	0	0
1211.15	0	.3148008	.6851992	0	0
1210.15	0	.3138546	.6861454	0	0
1209.15	0	.3129128	.6870872	0	0
1208.15	0	.3119756	.6880244	0	0
1207.15	0	.3110429	.6889571	0	0
1206.15	0	.3101148	.6898852	0	0
1205.15	0	.3091913	.6908087	0	0
1204.15	0	.3082724	.6917276	0	0
1203.15	0	.3073581	.6926419	0	0
1202.15	0	.3064486	.6935514	0	0
1201.15	0	.3055437	.6944563	0	0
1200.15	0	.3046435	.6953565	0	0
1199.15	0	.3037481	.6962519	0	0
1198.15	0	.3028574	.6971426	0	0
1197.15	0	.3019716	.6980284	0	0
1196.15	0	.3010905	.6989095	0	0
1195.15	0	.3002143	.6997858	0	0
1194.15	0	.2993429	.7006571	0	0
1193.15	0	.2984764	.7015236	0	0
1192.15	0	.2976148	.7023852	0	0
1191.15	0	.2967581	.7032419	0	0
1190.15	0	.2959064	.7040936	0	0
1189.15	0	.2950597	.7049403	0	0
1188.15	0	.294218	.705782	0	0
1187.15	0	.2933814	.7066186	0	0
1186.15	0	.2925498	.7074502	0	0
1185.15	0	.2917233	.7082767	0	0
1184.15	0	.2909019	.7090981	0	0
1183.15	0	.2900857	.7099143	0	0
1182.15	0	.2892747	.7107253	0	0
1181.15	0	.2884688	.7115312	0	0
1180.15	0	.2876682	.7123318	0	0
1179.15	0	.2868729	.7131272	0	0
1178.15	0	.2860828	.7139172	0	0
1177.15	0	.2852981	.714702	0	0
1176.15	0	.2845187	.7154813	0	0
1175.15	0	.2837446	.7162553	0	0
1174.15	0	.282976	.717024	0	0
1173.15	0	.2822129	.7177871	0	0
1172.15	0	.2814552	.7185448	0	0
1171.15	0	.280703	.719297	0	0
1170.15	0	.2799563	.7200437	0	0
1169.15	0	.2792153	.7207847	0	0
1168.15	0	.2784797	.7215203	0	0
1167.15	0	.2777499	.7222501	0	0
1166.15	0	.2770257	.7229743	0	0
1165.15	0	.2763072	.7236928	0	0
1164.15	0	.2755944	.7244056	0	0
1163.15	0	.2748874	.7251126	0	0
1162.15	0	.2741861	.7258139	0	0
1161.15	0	.2734907	.7265093	0	0
1160.15	0	.2728012	.7271988	0	0
1159.15	0	.2721175	.7278825	0	0
1158.15	0	.2714398	.7285602	0	0
1157.15	0	.2707681	.7292319	0	0
1156.15	0	.2701024	.7298976	0	0
1155.601	0	.2697392	.7302608	0	0
1155.601	0	.2697392	.7302608	0	0
1155.601	0	.2697392	.7302608	0	0
1155.15	0	.2692246	.730602	1.734085E-04	0
1154.15	0	.2680875	.7313549	5.575945E-04	0
1153.15	0	.2669573	.7321019	9.408394E-04	0
1152.15	0	.2658338	.7328431	.001323154	0
1151.15	0	.2647171	.7335784	.001704541	0
1150.15	0	.2636073	.7343078	.002085004	0
1149.15	0	.2625043	.7350312	.002464543	0
1148.15	0	.2614082	.7357486	.002843162	0
1147.15	0	.2603191	.7364601	.003220862	0
1146.15	0	.2592369	.7371655	.003597647	0
1145.15	0	.2581616	.7378648	.003973518	0
1144.15	0	.2570934	.7385581	.004348477	0
1143.15	0	.2560323	.7392452	.004722527	0
1142.15	0	.2549782	.7399261	.00509567	0
1141.15	0	.2539312	.7406009	.005467908	0
1140.15	0	.2528914	.7412693	.005839244	0
1139.15	0	.2518587	.7419316	.006209678	0
1138.15	0	.2508333	.7425875	.006579214	0
1137.15	0	.2498151	.7432371	.006947853	0
1136.15	0	.2488041	.7438803	.007315597	0
1135.15	0	.2478005	.7445171	.007682449	0
1134.15	0	.2468042	.7451474	.008048411	0
1133.15	0	.2458153	.7457712	.008413483	0
1132.15	0	.2448338	.7463886	.008777669	0
1131.15	0	.2438597	.7469993	.00914097	0
1130.15	0	.2428931	.7476035	.009503389	0
1129.15	0	.241934	.748201	.009864926	0
1128.15	0	.2409825	.7487919	.01022558	0
1127.15	0	.2400386	.749376	.01058536	0
1126.15	0	.2391023	.7499534	.01094427	0
1125.15	0	.2381737	.750524	.0113023	0
1124.15	0	.2372528	.7510877	.01165946	0
1123.15	0	.2363397	.7516446	.01201574	0
1122.15	0	.2354343	.7521946	.01237116	0
1121.15	0	.2345368	.7527375	.01272572	0
1120.15	0	.2336471	.7532735	.0130794	0
1119.15	0	.2327653	.7538024	.01343222	0
1118.15	0	.2318915	.7543243	.01378418	0
1117.15	0	.2310258	.754839	.01413528	0
1116.15	0	.230168	.7553465	.01448552	0
1115.15	0	.2293183	.7558468	.0148349	0
1114.15	0	.2284768	.7563398	.01518343	0
1113.15	0	.2276434	.7568255	.0155311	0
1112.15	0	.2268182	.7573038	.01587791	0
1111.15	0	.2260013	.7577748	.01622387	0
1110.15	0	.2251928	.7582382	.01656899	0
1109.15	0	.2243925	.7586942	.01691325	0
1108.15	0	.2236007	.7591426	.01725666	0
1107.15	0	.2228174	.7595834	.01759923	0
1106.15	0	.2220425	.7600166	.01794095	0
1105.15	0	.2212762	.760442	.01828183	0
1104.15	0	.2205184	.7608597	.01862186	0
1103.15	0	.2197693	.7612696	.01896105	0
1102.15	0	.219029	.7616717	.01929939	0
1101.15	0	.2182973	.7620658	.0196369	0
1100.15	0	.2175745	.7624519	.01997357	0
1099.15	0	.2168605	.7628301	.0203094	0
1098.15	0	.2161554	.7632002	.02064439	0
1097.15	0	.2154593	.7635622	.02097855	0
1096.15	0	.2147722	.763916	.02131186	0
1095.15	0	.2140941	.7642615	.02164435	0
1094.15	0	.2134252	.7645988	.021976	0
1093.15	0	.2127654	.7649278	.02230682	0
1092.15	0	.2121149	.7652483	.0226368	0
1091.15	0	.2114737	.7655604	.02296595	0
1090.15	0	.2108418	.7658639	.02329427	0
1089.15	0	.2102193	.766159	.02362177	0
1088.15	0	.2096062	.7664453	.02394843	0
1087.15	0	.2090027	.766723	.02427426	0
1086.15	0	.2084088	.7669919	.02459926	0
1085.15	0	.2078245	.7672521	.02492344	0
1084.15	0	.2072499	.7675033	.02524679	0
1083.15	0	.2066851	.7677456	.02556931	0
1082.15	0	.20613	.767979	.025891	0
1081.15	0	.2055849	.7682032	.02621187	0
1080.15	0	.2050497	.7684184	.02653191	0
1079.15	0	.2045245	.7686244	.02685112	0
1078.15	0	.2040094	.7688211	.02716951	0
1077.15	0	.2035044	.7690085	.02748707	0
1076.15	0	.2030096	.7691866	.02780381	0
1075.15	0	.2025251	.7693551	.02811972	0
1074.15	0	.202051	.7695142	.02843481	0
1073.15	0	.2015872	.7696637	.02874907	0
1072.15	0	.2011339	.7698036	.02906251	0
1071.15	0	.2006911	.7699338	.02937512	0
1070.15	0	.2002589	.7700542	.0296869	0
1069.15	0	.1998374	.7701647	.02999786	0
1068.15	0	.1994267	.7702654	.030308	0
1067.15	0	.1990267	.770356	.03061731	0
1066.15	0	.1986376	.7704366	.03092579	0
1065.15	0	.1982595	.770507	.03123344	0
1064.15	0	.1978924	.7705673	.03154027	0
1063.15	0	.1975364	.7706173	.03184627	0
1062.15	0	.1971916	.770657	.03215145	0
1061.15	0	.196858	.7706862	.03245579	0
1060.15	0	.1965357	.770705	.03275931	0
1059.15	0	.1962249	.7707132	.03306199	0
1058.15	0	.1959255	.7707107	.03336385	0
1057.15	0	.1956376	.7706976	.03366487	0
1056.15	0	.1953613	.7706736	.03396506	0
1055.15	0	.1950967	.7706388	.03426442	0
1054.15	0	.1948439	.7705931	.03456295	0
1053.15	0	.194603	.7705364	.03486064	0
1052.15	0	.194374	.7704686	.0351575	0
1051.15	0	.1941569	.7703896	.03545351	0
1050.15	0	.193952	.7702993	.0357487	0
1049.15	0	.1937592	.7701978	.03604304	0
1048.15	0	.1935786	.7700848	.03633654	0
1047.15	0	.1934104	.7699604	.0366292	0
1046.15	0	.1932546	.7698244	.03692102	0
1045.15	0	.1931112	.7696768	.03721199	0
1044.15	0	.1929804	.7695175	.03750212	0
1043.15	0	.1928623	.7693463	.03779141	0
1042.15	0	.1927568	.7691633	.03807984	0
1041.15	0	.1926642	.7689684	.03836742	0
1040.15	0	.1925845	.7687614	.03865415	0
1039.15	0	.1925177	.7685423	.03894003	0
1038.15	0	.192464	.768311	.03922505	0
1037.15	0	.1924234	.7680674	.03950921	0
1036.15	0	.1923961	.7678114	.03979251	0
1035.15	0	.192382	.767543	.04007495	0
1034.15	0	.1923814	.7672621	.04035653	0
1033.15	0	.1923942	.7669686	.04063724	0
1032.15	0	.1924206	.7666623	.04091709	0
1031.15	0	.1924606	.7663434	.04119606	0
1030.15	0	.1925143	.7660115	.04147416	0
1029.15	0	.1925819	.7656667	.04175138	0
1028.15	0	.1926634	.7653089	.04202772	0
1027.15	0	.1927588	.764938	.04230319	0
1026.15	0	.1928683	.7645539	.04257777	0
1025.15	0	.192992	.7641565	.04285146	0
1024.15	0	.1931299	.7637458	.04312426	0
1023.15	0	.1932822	.7633217	.04339618	0
1022.15	0	.1934488	.762884	.04366719	0
1021.15	0	.19363	.7624327	.04393731	0
1020.15	0	.1938257	.7619678	.04420652	0
1019.15	0	.1940361	.7614891	.04447483	0
1018.15	0	.1942612	.7609965	.04474223	0
1017.15	0	.1945012	.7604901	.04500872	0
1016.15	0	.1947562	.7599696	.0452743	0
1015.15	0	.1950261	.759435	.04553895	0
1014.15	0	.1953111	.7588862	.04580268	0
1013.15	0	.1956113	.7583232	.04606548	0
1012.15	0	.1959268	.7577459	.04632735	0
1011.15	0	.1962576	.7571541	.04658828	0
1010.15	0	.1966038	.7565479	.04684828	0
1009.15	0	.1969656	.7559271	.04710733	0
1008.15	0	.1973429	.7552917	.04736543	0
1007.15	0	.1977359	.7546415	.04762258	0
1006.15	0	.1981447	.7539765	.04787877	0
1005.15	0	.1985694	.7532967	.048134	0
1004.15	0	.1990099	.7526019	.04838826	0
1003.15	0	.1994664	.751892	.04864155	0
1002.15	0	.1999391	.7511671	.04889386	0
1001.15	0	.2004278	.750427	.04914518	0
1000.15	0	.2009329	.7496716	.04939552	0
999.15	0	.2014542	.7489009	.04964486	0
998.15	0	.2019919	.7481149	.04989321	0
997.15	0	.2025461	.7473133	.05014055	0
996.15	0	.2031168	.7464963	.05038687	0
995.15	0	.2037042	.7456636	.05063218	0
994.15	0	.2043082	.7448153	.05087647	0
993.15	0	.204929	.7439513	.05111973	0
992.15	0	.2055666	.7430715	.05136195	0
991.15	0	.2062211	.7421758	.05160312	0
990.15	0	.2068926	.7412642	.05184325	0
989.15	0	.2075811	.7403366	.05208232	0
988.15	0	.2082867	.739393	.05232032	0
987.15	0	.2090095	.7384333	.05255725	0
986.15	0	.2097495	.7374574	.05279311	0
985.15	0	.2105067	.7364654	.05302788	0
984.15	0	.2112814	.7354571	.05326155	0
983.15	0	.2120734	.7344325	.05349412	0
982.15	0	.2128829	.7333915	.05372558	0
981.15	0	.2137099	.7323342	.05395592	0
980.15	0	.2145545	.7312604	.05418513	0
979.15	0	.2154167	.7301701	.05441321	0
978.15	0	.2162966	.7290633	.05464014	0
977.15	0	.2171942	.7279399	.05486592	0
976.15	0	.2181096	.7267999	.05509053	0
975.15	0	.2190428	.7256433	.05531397	0
974.15	0	.2199938	.72447	.05553623	0
973.15	0	.2209627	.72328	.05575729	0
972.15	0	.2219496	.7220732	.05597715	0
971.15	0	.2229545	.7208497	.05619579	0
970.15	0	.2239773	.7196095	.05641321	0
969.15	0	.2250182	.7183524	.0566294	0
968.15	0	.2260772	.7170785	.05684434	0
967.15	0	.2271542	.7157878	.05705801	0
966.15	0	.2282494	.7144802	.05727042	0
965.15	0	.2293627	.7131558	.05748155	0
964.15	0	.2304942	.7118145	.05769138	0
963.15	0	.2316438	.7104563	.0578999	0
962.15	0	.2328116	.7090813	.0581071	0
961.15	0	.2339976	.7076894	.05831297	0
960.15	0	.2352019	.7062807	.05851749	0
959.15	0	.2364243	.7048551	.05872064	0
958.15	0	.237665	.7034126	.05892243	0
957.15	0	.2389238	.7019534	.05912282	0
956.15	0	.2402009	.7004773	.0593218	0
955.15	0	.2414962	.6989844	.05951937	0
954.15	0	.2428097	.6974748	.0597155	0
953.15	0	.2441413	.6959485	.05991017	0
952.15	0	.2454912	.6944055	.06010338	0
951.15	0	.2468591	.6928458	.06029509	0
950.15	0	.2482452	.6912695	.06048531	0
949.15	0	.2496494	.6896766	.060674	0
948.15	0	.2510716	.6880672	.06086116	0
947.15	0	.2525119	.6864414	.06104675	0
946.15	0	.2539701	.6847991	.06123077	0
945.15	0	.2554463	.6831405	.06141319	0
944.15	0	.2569404	.6814656	.06159399	0
943.15	0	.2584524	.6797745	.06177315	0
942.15	0	.2599821	.6780672	.06195066	0
941.15	0	.2615296	.6763439	.06212648	0
940.15	0	.2630947	.6746047	.06230059	0
939.15	0	.2646775	.6728495	.06247298	0
938.15	0	.2662778	.6710786	.06264361	0
937.15	0	.2678956	.669292	.06281247	0
936.15	0	.2695307	.6674898	.06297952	0
935.15	0	.2711831	.6656721	.06314475	0
934.15	0	.2728527	.6638391	.06330812	0
933.15	0	.2745395	.6619909	.06346962	0
932.15	0	.2762432	.6601276	.0636292	0
931.15	0	.2779639	.6582493	.06378684	0
930.15	0	.2797013	.6563562	.06394251	0
929.15	0	.2814554	.6544484	.06409618	0
928.15	0	.2832261	.6525261	.06424782	0
927.15	0	.2850132	.6505894	.0643974	0
926.15	0	.2868166	.6486385	.06454487	0
925.15	0	.2886362	.6466736	.06469022	0
924.15	0	.2904717	.6446949	.06483339	0
923.15	0	.2923232	.6427025	.06497435	0
922.15	0	.2941903	.6406966	.06511307	0
921.15	0	.296073	.6386775	.06524951	0
920.15	0	.297971	.6366454	.06538362	0
919.15	0	.2998843	.6346004	.06551536	0
918.15	0	.3018125	.6325428	.06564469	0
917.15	0	.3037556	.6304728	.06577156	0
916.15	0	.3057133	.6283908	.06589592	0
915.15	0	.3076854	.6262969	.06601774	0
914.15	0	.3096091	.6242569	.06613404	0
913.15	0	.3114987	.6222573	.066244	0
912.15	0	.3134313	.6202179	.06635081	0
911.15	0	.3154045	.618141	.06645452	0
910.15	0	.3174157	.6160291	.06655516	0
909.15	0	.3194628	.6138845	.06665277	0
908.15	0	.3215434	.6117093	.06674739	0
907.15	0	.3236554	.6095056	.06683903	0
906.15	0	.3257968	.6072755	.06692775	0
905.15	0	.3279656	.6050209	.06701356	0
904.15	0	.3301599	.6027436	.06709651	0
903.15	0	.332378	.6004453	.06717662	0
902.15	0	.3346182	.5981279	.06725392	0
901.15	0	.3368787	.5957929	.06732843	0
900.15	0	.339158	.5934419	.0674002	0
899.15	0	.3414544	.5910763	.06746924	0
898.15	0	.3437666	.5886978	.06753558	0
897.15	0	.3460932	.5863076	.06759925	0
896.15	0	.3484326	.5839071	.06766028	0
895.15	0	.3507837	.5814976	.06771869	0
894.15	0	.3531451	.5790804	.06777451	0
893.15	0	.3555155	.5766567	.06782776	0
892.15	0	.3578939	.5742276	.06787848	0
891.15	0	.360279	.5717943	.06792669	0
890.15	0	.3626698	.5693578	.06797241	0
889.15	0	.3650651	.5669192	.06801567	0
888.15	0	.367464	.5644795	.0680565	0
887.15	0	.3698654	.5620396	.06809492	0
886.15	0	.3722684	.5596006	.06813097	0
885.15	0	.3746721	.5571633	.06816466	0
884.15	0	.3770755	.5547285	.06819602	0
883.15	0	.3794778	.5522971	.06822508	0
882.15	0	.3818782	.54987	.06825187	0
881.15	0	.3842758	.5474478	.06827642	0
880.15	0	.3866699	.5450314	.06829875	0
879.15	0	.3890597	.5426215	.06831888	0
878.15	0	.3914445	.5402187	.06833685	0
877.15	0	.3938236	.5378237	.06835269	0
876.15	0	.3961964	.5354372	.06836642	0
875.15	0	.3985622	.5330597	.06837807	0
874.15	0	.4009204	.5306919	.06838767	0
873.15	0	.4032704	.5283343	.06839525	0
872.15	0	.4056117	.5259875	.06840083	0
871.15	0	.4079436	.523652	.06840445	0
870.15	0	.4102657	.5213282	.06840613	0
869.15	0	.4125774	.5190167	.06840591	0
868.15	0	.4148783	.5167179	.0684038	0
867.15	0	.417168	.5144322	.06839985	0
866.15	0	.419446	.51216	.06839408	0
865.15	0	.4217118	.5099017	.06838651	0
864.15	0	.4239651	.5076577	.06837719	0
863.15	0	.4262055	.5054284	.06836613	0
862.15	0	.4284327	.5032139	.06835337	0
861.15	0	.4306463	.5010148	.06833894	0
860.15	0	.432846	.4988312	.06832286	0
859.15	0	.4350314	.4966634	.06830517	0
858.15	0	.4372024	.4945117	.06828589	0
857.15	0	.4393586	.4923763	.06826505	0
856.15	0	.4414999	.4902575	.06824269	0
855.15	0	.4436258	.4881553	.06821883	0
854.15	0	.4457364	.4860701	.06819349	0
853.15	0	.4478313	.484002	.06816672	0
852.15	0	.4499103	.4819512	.06813853	0
851.15	0	.4519733	.4799177	.06810895	0
850.15	0	.4540202	.4779018	.06807802	0
849.15	0	.4560508	.4759034	.06804576	0
848.15	0	.458065	.4739229	.06801219	0
847.15	0	.4600626	.4719601	.06797735	0
846.15	0	.4620435	.4700152	.06794126	0
845.15	0	.4640078	.4680883	.06790395	0
844.15	0	.4659552	.4661794	.06786544	0
843.15	0	.4678857	.4642885	.06782576	0
842.15	0	.4697994	.4624157	.06778494	0
841.15	0	.471696	.460561	.067743	0
840.15	0	.4735757	.4587244	.06769997	0
839.15	0	.4754383	.4569058	.06765586	0
838.15	0	.4772839	.4551054	.06761072	0
837.15	0	.4791125	.453323	.06756455	0
836.15	0	.480924	.4515586	.06751739	0
835.15	0	.4827185	.4498122	.06746925	0
834.15	0	.4844961	.4480838	.06742017	0
833.15	0	.4862567	.4463732	.06737015	0
832.15	0	.4880003	.4446805	.06731923	0
831.15	0	.4897271	.4430055	.06726743	0
830.15	0	.4914371	.4413481	.06721476	0
829.15	0	.4931303	.4397084	.06716126	0
828.15	0	.4948068	.4380862	.06710693	0
827.15	0	.4964667	.4364815	.06705181	0
826.15	0	.4981101	.434894	.06699591	0
825.15	0	.499737	.4333238	.06693924	0
824.15	0	.5013475	.4317707	.06688184	0
823.15	0	.5029417	.4302346	.06682371	0
822.15	0	.5045198	.4287154	.06676488	0
821.15	0	.5060817	.4272129	.06670537	0
820.15	0	.5076277	.4257271	.06664519	0
819.15	0	.5091577	.4242579	.06658436	0
818.15	0	.5106721	.422805	.06652291	0
817.15	0	.5121707	.4213685	.06646083	0
816.15	0	.5136538	.419948	.06639816	0
815.15	0	.5151215	.4185436	.06633491	0
814.15	0	.5165739	.417155	.06627109	0
813.15	0	.5180111	.4157822	.06620672	0
812.15	0	.5194332	.414425	.06614182	0
811.15	0	.5208404	.4130832	.06607641	0
810.15	0	.5222328	.4117567	.06601048	0
809.15	0	.5236106	.4104454	.06594407	0
808.15	0	.5249737	.4091491	.06587718	0
807.15	0	.5263225	.4078677	.06580983	0
806.15	0	.527657	.406601	.06574203	0
805.15	0	.5289773	.4053489	.0656738	0
804.15	0	.5302836	.4041113	.06560515	0
803.15	0	.531576	.4028879	.06553609	0
802.15	0	.5328546	.4016787	.06546664	0
801.15	0	.5341197	.4004835	.0653968	0
800.15	0	.5353712	.3993022	.0653266	0
799.15	0	.5366094	.3981346	.06525603	0
798.15	0	.5378344	.3969805	.06518512	0
797.15	0	.5390462	.3958399	.06511388	0
796.15	0	.5402451	.3947125	.06504231	0
795.15	0	.5414312	.3935983	.06497043	0
794.15	0	.5426046	.3924971	.06489825	0
793.15	0	.5437655	.3914087	.06482578	0
792.15	0	.5449139	.3903331	.06475302	0
791.15	0	.54605	.38927	.06468	0
790.15	0	.547174	.3882193	.06460672	0
789.15	0	.5482859	.387181	.0645332	0
788.15	0	.5493859	.3861547	.06445943	0
787.15	0	.5504741	.3851405	.06438543	0
786.15	0	.5515506	.3841382	.06431121	0
785.15	0	.5526156	.3831476	.06423678	0
784.15	0	.5536692	.3821686	.06416215	0
783.15	0	.5547115	.3812011	.06408733	0
782.15	0	.5557427	.380245	.06401232	0
781.15	0	.5567628	.3793001	.06393713	0
780.15	0	.557772	.3783662	.06386178	0
779.15	0	.5587704	.3774433	.06378627	0
778.15	0	.5597581	.3765313	.06371061	0
777.15	0	.5607353	.3756299	.0636348	0
776.15	0	.561702	.3747392	.06355886	0
775.15	0	.5626583	.3738589	.06348279	0
774.15	0	.5636045	.3729889	.0634066	0
773.15	0	.5645406	.3721291	.0633303	0
772.15	0	.5654666	.3712795	.06325389	0
771.15	0	.5663828	.3704398	.06317738	0
770.15	0	.5672892	.36961	.06310078	0
769.15	0	.568186	.3687899	.0630241	0
768.15	0	.5690732	.3679795	.06294734	0
767.15	0	.5699509	.3671786	.0628705	0
766.15	0	.5708193	.3663871	.0627936	0
765.15	0	.5716785	.3656049	.06271664	0
764.15	0	.5725285	.3648318	.06263962	0
763.15	0	.5733696	.3640679	.06256256	0
762.15	0	.5742016	.3633129	.06248545	0
761.15	0	.5750249	.3625668	.06240831	0
760.15	0	.5758394	.3618294	.06233114	0
759.15	0	.5766453	.3611007	.06225394	0
758.15	0	.5774427	.3603806	.06217672	0
757.15	0	.5782316	.3596689	.06209948	0
756.15	0	.5790122	.3589655	.06202223	0
755.15	0	.5797846	.3582704	.06194498	0
754.15	0	.5805488	.3575835	.06186773	0
753.15	0	.5813049	.3569046	.06179048	0
752.15	0	.5820531	.3562337	.06171323	0
751.15	0	.5827934	.3555706	.061636	0
750.15	0	.5835259	.3549153	.06155879	0
749.15	0	.5842507	.3542677	.0614816	0
748.15	0	.5849679	.3536277	.06140443	0
747.15	0	.5856775	.3529952	.06132729	0
746.15	0	.5863798	.3523701	.06125018	0
745.15	0	.5870746	.3517523	.06117311	0
744.15	0	.5877622	.3511417	.06109607	0
743.15	0	.5884426	.3505383	.06101908	0
742.15	0	.5891159	.3499419	.06094214	0
741.15	0	.5897822	.3493526	.06086525	0
740.15	0	.5904415	.3487701	.06078841	0
739.15	0	.591094	.3481944	.06071162	0
738.15	0	.5917396	.3476255	.06063489	0
737.15	0	.5923786	.3470632	.06055823	0
736.15	0	.5930109	.3465075	.06048163	0
735.15	0	.5936367	.3459582	.06040509	0
734.15	0	.5942559	.3454154	.06032863	0
733.15	0	.5948688	.3448789	.06025224	0
732.15	0	.5954754	.3443487	.06017592	0
731.15	0	.5960756	.3438247	.06009968	0
730.15	0	.5966697	.3433068	.06002351	0
729.15	0	.5972577	.3427949	.05994743	0
728.15	0	.5978396	.342289	.05987144	0
727.15	0	.5984155	.341789	.05979552	0
726.9232	0	.5985453	.3416764	.05977832	0
726.9232	0	.5985453	.3416764	.05977832	0
726.9232	0	.5985453	.3416764	.05977832	0
726.15	0	.6003466	.3391786	.05897317	.001501598
725.15	0	.6026392	.3359915	.05794214	.003427185
724.15	0	.6048908	.3328522	.05692251	.005334525
723.15	0	.6071022	.3297598	.05591409	.007223877
722.15	0	.6092743	.3267135	.0549167	.009095498
721.15	0	.6114078	.3237124	.05393016	.01094964
720.15	0	.6135036	.3207556	.05295429	.01278656
719.15	0	.6155624	.3178422	.05198892	.01460649
718.15	0	.6175849	.3149716	.05103388	.01640967
717.15	0	.6195719	.3121427	.05008901	.01819636
716.15	0	.6215242	.3093549	.04915412	.01996677
715.15	0	.6234424	.3066074	.04822907	.02172115
714.15	0	.6253273	.3038994	.0473137	.02345971
713.15	0	.6271794	.3012301	.04640784	.02518268
712.15	0	.6289995	.2985989	.04551135	.02689028
711.15	0	.6307882	.296005	.04462406	.02858273
710.15	0	.6325461	.2934478	.04374584	.03026025
709.15	0	.634274	.2909265	.04287652	.03192303
708.15	0	.6359723	.2884405	.04201599	.03357129
707.15	0	.6376416	.2859891	.04116407	.03520524
706.15	0	.6392827	.2835716	.04032065	.03682507
705.15	0	.6408959	.2811875	.03948558	.03843098
704.15	0	.642482	.2788361	.03865873	.04002317
703.15	0	.6440414	.2765168	.03783996	.04160183
702.15	0	.6455747	.274229	.03702915	.04316714
701.15	0	.6470823	.2719722	.03622616	.0447193
700.15	0	.6485649	.2697458	.03543088	.04625848
699.15	0	.6500229	.2675491	.03464318	.04778486
698.15	0	.6514567	.2653817	.03386293	.04929863
697.15	0	.652867	.263243	.03309003	.05079996
696.15	0	.6542541	.2611326	.03232435	.05228902
695.15	0	.6556185	.2590498	.03156578	.05376597
694.15	0	.6569606	.2569942	.0308142	.05523099
693.15	0	.658281	.2549653	.03006951	.05668424
692.15	0	.65958	.2529625	.02933159	.05812588
691.15	0	.660858	.2509856	.02860035	.05955607
690.15	0	.6621155	.2490338	.02787567	.06097497
689.15	0	.6633529	.2471069	.02715745	.06238273
688.15	0	.6645705	.2452044	.02644559	.0637795
687.15	0	.6657688	.2433258	.02574	.06516544
686.15	0	.6669481	.2414707	.02504057	.06654068
685.15	0	.6681088	.2396386	.0243472	.06790538
684.15	0	.6692512	.2378293	.02365982	.06925967
683.15	0	.6703758	.2360422	.02297831	.07060371
682.15	0	.6714828	.234277	.0223026	.07193761
681.15	0	.6725727	.2325332	.02163259	.07326153
680.15	0	.6736456	.2308106	.0209682	.0745756
679.15	0	.674702	.2291087	.02030934	.07587994
678.15	0	.6757422	.2274272	.01965592	.0771747
677.15	0	.6767665	.2257656	.01900787	.07845999
676.15	0	.6777752	.2241238	.01836509	.07973594
675.15	0	.6787686	.2225013	.01772752	.08100268
674.15	0	.6797469	.2208977	.01709508	.08226033
673.15	0	.6807105	.2193128	.01646768	.083509
672.15	0	.6816597	.2177462	.01584525	.08474883
671.15	0	.6825947	.2161977	.01522771	.08597992
670.15	0	.6835158	.2146668	.01461501	.08720239
669.15	0	.6844232	.2131534	.01400705	.08841635
668.15	0	.6853173	.211657	.01340378	.08962191
667.15	0	.6861982	.2101775	.01280512	.0908192
666.15	0	.6870662	.2087145	.012211	.0920083
665.15	0	.6879216	.2072677	.01162136	.09318933
664.15	0	.6887646	.2058368	.01103614	.0943624
663.15	0	.6895954	.2044217	.01045526	.09552761
662.15	0	.6904166	.2030197	.009877584	.09668608
661.15	0	.6912235	.2016354	.009305358	.09783573
660.15	0	.6920188	.2002661	.00873728	.09897783
659.15	0	.6928029	.1989113	.008173289	.1001125
658.15	0	.6935759	.197571	.00761333	.1012398
657.15	0	.6943381	.1962448	.007057345	.1023598
656.15	0	.6950896	.1949325	.006505278	.1034727
655.15	0	.6958306	.1936338	.005957076	.1045785
654.15	0	.6965614	.1923486	.005412683	.1056773
653.15	0	.6972821	.1910767	.004872048	.1067692
652.15	0	.6979929	.1898178	.004335118	.1078542
651.15	0	.698694	.1885716	.003801841	.1089326
650.15	0	.6993855	.1873381	.003272168	.1100043
649.15	0	.7000676	.1861169	.002746048	.1110695
648.15	0	.7007405	.1849079	.002223434	.1121281
647.15	0	.7014044	.1837109	.001704277	.1131804
646.15	0	.7020594	.1825257	.00118853	.1142263
645.15	0	.7027057	.1813521	6.761461E-04	.115266
644.15	0	.7033435	.1801899	1.670804E-04	.1162996
643.8204	0	.7035518	.1798093	0	.1166389
643.8204	0	.7035518	.1798093	0	.1166389
643.15	0	.7036178	.1795558	0	.1168264
642.15	0	.7037145	.1791815	0	.117104
641.15	0	.703809	.1788119	0	.1173791
640.15	0	.7039014	.1784469	0	.1176517
639.15	0	.7039917	.1780865	0	.1179219
638.15	0	.7040799	.1777304	0	.1181896
637.15	0	.7041662	.1773788	0	.118455
636.15	0	.7042504	.1770316	0	.118718
635.15	0	.7043327	.1766886	0	.1189787
634.15	0	.704413	.1763498	0	.1192371
633.15	0	.7044915	.1760153	0	.1194933
632.15	0	.704568	.1756849	0	.1197471
631.15	0	.7046427	.1753585	0	.1199988
630.15	0	.7047156	.1750362	0	.1202483
629.15	0	.7047866	.1747178	0	.1204956
628.15	0	.7048559	.1744033	0	.1207408
627.15	0	.7049235	.1740927	0	.1209838
626.15	0	.7049893	.173786	0	.1212248
625.15	0	.7050534	.173483	0	.1214637
624.15	0	.7051158	.1731837	0	.1217005
623.15	0	.7051766	.172888	0	.1219354
622.15	0	.7052358	.172596	0	.1221682
621.15	0	.7052933	.1723076	0	.1223991
620.15	0	.7053493	.1720226	0	.1226281
619.15	0	.7054037	.1717412	0	.1228552
618.15	0	.7054565	.1714632	0	.1230803
617.15	0	.7055079	.1711885	0	.1233036
616.15	0	.7055577	.1709173	0	.123525
615.15	0	.7056061	.1706493	0	.1237447
614.15	0	.705653	.1703845	0	.1239625
613.15	0	.7056985	.170123	0	.1241785
612.15	0	.7057425	.1698646	0	.1243928
611.15	0	.7057852	.1696094	0	.1246054
610.15	0	.7058265	.1693573	0	.1248163
609.15	0	.7058665	.1691081	0	.1250254
608.15	0	.7059051	.168862	0	.1252329
607.15	0	.7059423	.1686189	0	.1254388
606.15	0	.7059783	.1683787	0	.125643
605.15	0	.706013	.1681413	0	.1258457
604.15	0	.7060464	.1679069	0	.1260467
603.15	0	.7060786	.1676752	0	.1262462
602.15	0	.7061096	.1674463	0	.1264442
601.15	0	.7061393	.1672201	0	.1266406
600.15	0	.7061679	.1669966	0	.1268355
599.15	0	.7061952	.1667758	0	.127029
598.15	0	.7062214	.1665576	0	.127221
597.15	0	.7062465	.166342	0	.1274115
596.15	0	.7062704	.1661289	0	.1276007
595.15	0	.7062932	.1659184	0	.1277884
594.15	0	.7063149	.1657103	0	.1279747
593.15	0	.7063356	.1655047	0	.1281597
592.15	0	.7063551	.1653015	0	.1283433
591.15	0	.7063736	.1651007	0	.1285256
590.15	0	.7063911	.1649023	0	.1287066
589.15	0	.7064075	.1647062	0	.1288863
588.15	0	.7064229	.1645123	0	.1290647
587.15	0	.7064374	.1643208	0	.1292419
586.15	0	.7064508	.1641314	0	.1294178
585.15	0	.7064633	.1639442	0	.1295925
584.15	0	.7064748	.1637593	0	.129766
583.15	0	.7064854	.1635764	0	.1299383
582.15	0	.706495	.1633956	0	.1301094
581.15	0	.7065037	.163217	0	.1302793
580.15	0	.7065115	.1630403	0	.1304481
579.15	0	.7065185	.1628657	0	.1306158
578.15	0	.7065245	.1626931	0	.1307824
577.15	0	.7065297	.1625225	0	.1309478
576.15	0	.706534	.1623537	0	.1311122
575.15	0	.7065375	.1621869	0	.1312755
574.15	0	.7065402	.162022	0	.1314378
573.15	0	.706542	.1618589	0	.1315991
572.15	0	.706543	.1616977	0	.1317593
571.15	0	.7065433	.1615383	0	.1319185
570.15	0	.7065427	.1613806	0	.1320767
569.15	0	.7065414	.1612247	0	.1322339
568.15	0	.7065393	.1610705	0	.1323902
567.15	0	.7065365	.1609181	0	.1325455
566.15	0	.7065329	.1607673	0	.1326999
565.15	0	.7065286	.1606181	0	.1328533
564.15	0	.7065236	.1604706	0	.1330058
563.15	0	.7065178	.1603247	0	.1331575
562.15	0	.7065114	.1601804	0	.1333082
561.15	0	.7065043	.1600376	0	.1334581
560.15	0	.7064965	.1598964	0	.1336071
559.15	0	.706488	.1597567	0	.1337553
558.15	0	.7064789	.1596185	0	.1339026
557.15	0	.7064691	.1594818	0	.1340491
556.15	0	.7064587	.1593465	0	.1341948
555.15	0	.7064476	.1592127	0	.1343397
554.15	0	.706436	.1590802	0	.1344838
553.15	0	.7064237	.1589491	0	.1346272
552.15	0	.7064108	.1588195	0	.1347697
551.15	0	.7063974	.1586911	0	.1349115
550.15	0	.7063833	.1585641	0	.1350526
549.15	0	.7063687	.1584384	0	.1351929
548.15	0	.7063535	.158314	0	.1353325
547.15	0	.7063377	.1581908	0	.1354714
546.15	0	.7063215	.1580689	0	.1356096
545.15	0	.7063046	.1579482	0	.1357472
544.15	0	.7062873	.1578288	0	.135884
543.15	0	.7062694	.1577105	0	.1360201
542.15	0	.706251	.1575934	0	.1361556
541.15	0	.7062321	.1574774	0	.1362905
540.15	0	.7062127	.1573626	0	.1364247
539.15	0	.7061928	.1572489	0	.1365583
538.15	0	.7061724	.1571363	0	.1366912
537.15	0	.7061516	.1570248	0	.1368236
536.15	0	.7061303	.1569144	0	.1369553
535.15	0	.7061085	.156805	0	.1370865
534.15	0	.7060863	.1566967	0	.1372171
533.15	0	.7060636	.1565894	0	.137347
532.15	0	.7060405	.156483	0	.1374765
531.15	0	.706017	.1563777	0	.1376053
530.15	0	.7059931	.1562733	0	.1377336
529.15	0	.7059687	.1561699	0	.1378614
528.15	0	.7059439	.1560674	0	.1379887
527.15	0	.7059188	.1559659	0	.1381154
526.15	0	.7058932	.1558652	0	.1382416
525.15	0	.7058673	.1557655	0	.1383673
524.15	0	.705841	.1556666	0	.1384924
523.15	0	.7058143	.1555686	0	.1386172
522.15	0	.7057872	.1554714	0	.1387414
521.15	0	.7057598	.1553751	0	.1388651
520.15	0	.7057321	.1552796	0	.1389884
519.15	0	.705704	.1551849	0	.1391112
518.15	0	.7056756	.155091	0	.1392335
517.15	0	.7056468	.1549978	0	.1393554
516.15	0	.7056177	.1549055	0	.1394768
515.15	0	.7055883	.1548138	0	.1395979
514.15	0	.7055586	.154723	0	.1397185
513.15	0	.7055286	.1546328	0	.1398386
512.15	0	.7054983	.1545434	0	.1399584
511.15	0	.7054677	.1544546	0	.1400777
510.15	0	.7054368	.1543666	0	.1401967
509.15	0	.7054056	.1542792	0	.1403152
508.15	0	.7053742	.1541925	0	.1404334
507.15	0	.7053424	.1541064	0	.1405512
506.15	0	.7053105	.154021	0	.1406686
505.15	0	.7052782	.1539362	0	.1407856
504.15	0	.7052458	.153852	0	.1409023
503.15	0	.7052131	.1537684	0	.1410185
502.15	0	.7051801	.1536854	0	.1411345
501.15	0	.7051469	.153603	0	.1412501
500.15	0	.7051135	.1535211	0	.1413654
499.15	0	.7050799	.1534398	0	.1414803
498.15	0	.705046	.1533591	0	.1415949
497.15	0	.7050119	.1532789	0	.1417092
496.15	0	.7049777	.1531992	0	.1418231
495.15	0	.7049432	.15312	0	.1419368
494.15	0	.7049086	.1530413	0	.1420501
493.15	0	.7048737	.1529632	0	.1421631
492.15	0	.7048387	.1528855	0	.1422759
491.15	0	.7048035	.1528082	0	.1423883
490.15	0	.7047681	.1527315	0	.1425005
489.15	0	.7047326	.1526552	0	.1426123
488.15	0	.7046968	.1525793	0	.1427239
487.15	0	.704661	.1525038	0	.1428352
486.15	0	.704625	.1524288	0	.1429462
485.15	0	.7045888	.1523542	0	.143057
484.15	0	.7045525	.15228	0	.1431675
483.15	0	.7045161	.1522062	0	.1432778
482.15	0	.7044795	.1521328	0	.1433878
481.15	0	.7044428	.1520597	0	.1434975
480.15	0	.704406	.151987	0	.143607
479.15	0	.7043691	.1519147	0	.1437163
478.15	0	.704332	.1518427	0	.1438253
477.15	0	.7042949	.1517711	0	.1439341
476.15	0	.7042576	.1516997	0	.1440427
475.15	0	.7042203	.1516288	0	.144151
474.15	0	.7041828	.1515581	0	.1442591
473.15	0	.7041453	.1514877	0	.144367
472.15	0	.7041076	.1514176	0	.1444747
471.15	0	.7040699	.1513478	0	.1445822
470.15	0	.7040322	.1512783	0	.1446895
469.15	0	.7039943	.1512091	0	.1447966
468.15	0	.7039564	.1511401	0	.1449035
467.15	0	.7039184	.1510714	0	.1450102
466.15	0	.7038804	.151003	0	.1451167
465.15	0	.7038423	.1509347	0	.145223
464.15	0	.7038042	.1508668	0	.1453291
463.15	0	.703766	.150799	0	.145435
462.15	0	.7037278	.1507314	0	.1455408
461.15	0	.7036895	.1506641	0	.1456464
460.15	0	.7036512	.150597	0	.1457518
459.15	0	.7036129	.1505301	0	.1458571
458.15	0	.7035746	.1504633	0	.1459621
457.15	0	.7035362	.1503968	0	.1460671
456.15	0	.7034978	.1503304	0	.1461718
455.15	0	.7034594	.1502642	0	.1462764
454.15	0	.703421	.1501981	0	.1463809
453.15	0	.7033826	.1501322	0	.1464852
452.15	0	.7033442	.1500665	0	.1465893
451.15	0	.7033058	.1500009	0	.1466934
450.15	0	.7032674	.1499354	0	.1467972
449.15	0	.7032291	.14987	0	.146901
448.15	0	.7031908	.1498046	0	.1470046
447.15	0	.7031525	.1497394	0	.1471081
446.15	0	.7031143	.1496743	0	.1472114
445.15	0	.7030761	.1496092	0	.1473147
444.15	0	.703038	.1495442	0	.1474178
443.15	0	.703	.1494792	0	.1475208
442.15	0	.702962	.1494143	0	.1476237
441.15	0	.7029241	.1493494	0	.1477265
440.15	0	.7028863	.1492845	0	.1478292
439.15	0	.7028487	.1492196	0	.1479318
438.15	0	.7028111	.1491547	0	.1480343
437.15	0	.7027737	.1490897	0	.1481367
436.15	0	.7027363	.1490247	0	.148239
435.15	0	.7026991	.1489596	0	.1483412
434.15	0	.7026621	.1488945	0	.1484434
433.15	0	.7026252	.1488293	0	.1485454
432.15	0	.7025885	.1487641	0	.1486475
431.15	0	.7025519	.1486987	0	.1487494
430.15	0	.7025155	.1486333	0	.1488513
429.15	0	.7024792	.1485677	0	.148953
428.15	0	.7024432	.1485021	0	.1490548
427.15	0	.7024073	.1484363	0	.1491564
426.15	0	.7023716	.1483704	0	.1492581
425.15	0	.7023361	.1483043	0	.1493596
424.15	0	.7023008	.1482381	0	.1494611
423.15	0	.7022657	.1481717	0	.1495625
422.15	0	.7022309	.1481052	0	.1496639
421.15	0	.7021962	.1480385	0	.1497653
420.15	0	.7021618	.1479717	0	.1498666
419.15	0	.7021275	.1479046	0	.1499678
418.15	0	.7020935	.1478375	0	.150069
417.15	0	.7020598	.1477701	0	.1501702
416.15	0	.7020262	.1477025	0	.1502713
