T	 BPW(LIQUID)	BPW(BCC_A2)	BPW(FCC_A1)	BPW(LAVES_PHASE_C14)	BPW(NI3TI)
1473.15	.6030384	.3969616	0	0	0
1472.15	.5989942	.4010058	0	0	0
1471.15	.5949757	.4050243	0	0	0
1470.15	.5909827	.4090173	0	0	0
1469.15	.5870152	.4129848	0	0	0
1468.15	.5830728	.4169272	0	0	0
1467.15	.5791555	.4208445	0	0	0
1466.15	.5752632	.4247368	0	0	0
1465.15	.5713957	.4286043	0	0	0
1464.15	.5675528	.4324472	0	0	0
1463.15	.5637344	.4362657	0	0	0
1462.15	.5599403	.4400597	0	0	0
1461.15	.5561705	.4438295	0	0	0
1460.15	.5524247	.4475753	0	0	0
1459.15	.5487028	.4512972	0	0	0
1458.15	.5450048	.4549952	0	0	0
1457.898	.5440756	.4559244	0	0	0
1457.898	.5440756	.4559244	0	0	0
1457.898	.5440756	.4559244	0	0	0
1457.15	.5390466	.4592555	0	.001697882	0
1456.15	.5324163	.4636435	0	.003940204	0
1455.15	.5258926	.4679567	0	.006150727	0
1454.15	.519473	.4721968	0	.008330224	0
1453.15	.5131551	.4763655	0	.01047945	0
1452.15	.5069364	.4804644	0	.01259912	0
1451.15	.5008148	.4844952	0	.01468995	0
1450.15	.494788	.4884594	0	.01675262	0
1449.15	.4888538	.4923585	0	.01878779	0
1448.15	.48301	.4961939	0	.0207961	0
1447.15	.4772547	.4999672	0	.02277818	0
1446.15	.4715858	.5036796	0	.02473462	0
1445.15	.4660015	.5073325	0	.02666603	0
1444.15	.4604998	.5109272	0	.02857296	0
1443.15	.455079	.514465	0	.03045597	0
1442.15	.4497372	.5179472	0	.0323156	0
1441.15	.4444728	.5213748	0	.03415236	0
1440.15	.4392841	.5247491	0	.03596676	0
1439.15	.4341695	.5280712	0	.0377593	0
1438.15	.4291273	.5313422	0	.03953045	0
1437.15	.4241561	.5345632	0	.04128069	0
1436.15	.4192544	.5377352	0	.04301045	0
1435.15	.4144206	.5408592	0	.04472017	0
1434.15	.4096535	.5439362	0	.0464103	0
1433.15	.4049515	.5469672	0	.04808123	0
1432.15	.4003135	.5499532	0	.04973338	0
1431.15	.395738	.5528949	0	.05136714	0
1430.15	.3912238	.5557934	0	.05298288	0
1429.15	.3867696	.5586494	0	.05458099	0
1428.15	.3823744	.5614638	0	.05616182	0
1427.15	.3780368	.5642375	0	.05772573	0
1426.15	.3737557	.5669712	0	.05927306	0
1425.15	.3695301	.5696658	0	.06080415	0
1424.15	.3653588	.5723219	0	.06231932	0
1423.15	.3612408	.5749403	0	.06381888	0
1422.15	.3571751	.5775218	0	.06530316	0
1421.15	.3531605	.580067	0	.06677244	0
1420.15	.3491963	.5825767	0	.06822702	0
1419.15	.3452814	.5850515	0	.06966719	0
1418.15	.3414148	.587492	0	.07109324	0
1417.15	.3375957	.5898989	0	.07250542	0
1416.15	.3338231	.5922729	0	.073904	0
1415.15	.3300962	.5946145	0	.07528925	0
1414.15	.3264143	.5969243	0	.07666141	0
1413.15	.3227763	.599203	0	.07802074	0
1412.15	.3191815	.601451	0	.07936747	0
1411.15	.3156292	.603669	0	.08070184	0
1410.15	.3121185	.6058574	0	.08202407	0
1409.15	.3086488	.6080169	0	.08333439	0
1408.15	.3052192	.6101478	0	.08463302	0
1407.15	.301829	.6122508	0	.08592017	0
1406.15	.2984777	.6143263	0	.08719604	0
1405.15	.2951643	.6163748	0	.08846085	0
1404.15	.2918884	.6183968	0	.08971478	0
1403.15	.2886492	.6203927	0	.09095803	0
1402.15	.2854462	.622363	0	.0921908	0
1401.15	.2822786	.6243082	0	.09341326	0
1400.15	.2791459	.6262286	0	.0946256	0
1399.15	.2760474	.6281246	0	.09582798	0
1398.15	.2729826	.6299968	0	.0970206	0
1397.15	.2699509	.6318455	0	.09820361	0
1396.15	.2669518	.633671	0	.09937717	0
1395.15	.2639847	.6354739	0	.1005415	0
1394.15	.261049	.6372544	0	.1016966	0
1393.15	.2581443	.6390129	0	.1028428	0
1392.15	.25527	.6407498	0	.1039802	0
1391.15	.2524257	.6424655	0	.1051089	0
1390.15	.2496107	.6441602	0	.1062291	0
1389.15	.2468248	.6458344	0	.1073408	0
1388.15	.2440672	.6474884	0	.1084444	0
1387.15	.2413378	.6491224	0	.1095398	0
1386.15	.2386359	.6507369	0	.1106272	0
1385.15	.2359611	.6523321	0	.1117068	0
1384.15	.233313	.6539084	0	.1127787	0
1383.15	.2306911	.6554659	0	.1138429	0
1382.15	.2280951	.6570051	0	.1148997	0
1381.15	.2255246	.6585262	0	.1159492	0
1380.15	.2229791	.6600296	0	.1169913	0
1379.15	.2204582	.6615154	0	.1180264	0
1378.15	.2179617	.662984	0	.1190544	0
1377.15	.215489	.6644355	0	.1200755	0
1376.15	.2130398	.6658704	0	.1210898	0
1375.15	.2106138	.6672888	0	.1220974	0
1374.15	.2082106	.668691	0	.1230984	0
1373.15	.2058298	.6700773	0	.1240929	0
1372.15	.2034712	.6714478	0	.125081	0
1371.15	.2011344	.6728028	0	.1260628	0
1370.15	.198819	.6741426	0	.1270384	0
1369.15	.1965247	.6754674	0	.1280079	0
1368.15	.1942513	.6767773	0	.1289714	0
1367.15	.1919983	.6780727	0	.1299289	0
1366.15	.1897656	.6793538	0	.1308806	0
1365.15	.1875528	.6806206	0	.1318266	0
1364.15	.1853596	.6818736	0	.1327668	0
1363.15	.1831858	.6831128	0	.1337015	0
1362.15	.1810309	.6843385	0	.1346306	0
1361.15	.1788949	.6855508	0	.1355543	0
1360.15	.1767773	.68675	0	.1364727	0
1359.15	.174678	.6879362	0	.1373858	0
1358.15	.1725967	.6891097	0	.1382937	0
1357.15	.1705331	.6902705	0	.1391964	0
1356.15	.1684869	.691419	0	.1400941	0
1355.15	.166458	.6925552	0	.1409868	0
1354.15	.164446	.6936794	0	.1418746	0
1353.15	.1624508	.6947917	0	.1427575	0
1352.15	.1604721	.6958923	0	.1436356	0
1351.15	.1585096	.6969813	0	.1445091	0
1350.15	.1565632	.698059	0	.1453779	0
1349.15	.1546326	.6991254	0	.146242	0
1348.15	.1527176	.7001807	0	.1471017	0
1347.15	.150818	.7012251	0	.1479569	0
1346.15	.1489336	.7022587	0	.1488077	0
1345.15	.1470641	.7032818	0	.1496541	0
1344.15	.1452094	.7042943	0	.1504963	0
1343.15	.1433693	.7052965	0	.1513342	0
1342.15	.1415436	.7062885	0	.1521679	0
1341.15	.139732	.7072704	0	.1529976	0
1340.15	.1379344	.7082425	0	.1538231	0
1339.15	.1361506	.7092047	0	.1546447	0
1338.15	.1343805	.7101573	0	.1554623	0
1337.15	.1326237	.7111004	0	.1562759	0
1336.15	.1308802	.712034	0	.1570857	0
1335.15	.1291498	.7129584	0	.1578917	0
1334.15	.1274324	.7138737	0	.1586939	0
1333.15	.1257276	.7147799	0	.1594925	0
1332.15	.1240354	.7156773	0	.1602873	0
1331.15	.1223557	.7165658	0	.1610785	0
1330.15	.1206882	.7174457	0	.1618662	0
1329.15	.1190327	.718317	0	.1626503	0
1328.15	.1173893	.7191798	0	.1634309	0
1327.15	.1157576	.7200344	0	.1642081	0
1326.15	.1141375	.7208807	0	.1649819	0
1325.15	.1125289	.7217188	0	.1657523	0
1324.15	.1109316	.722549	0	.1665194	0
1323.15	.1093455	.7233713	0	.1672832	0
1322.15	.1077705	.7241857	0	.1680438	0
1321.15	.1062064	.7249924	0	.1688011	0
1320.15	.1046531	.7257916	0	.1695553	0
1319.15	.1031104	.7265832	0	.1703064	0
1318.15	.1015782	.7273674	0	.1710544	0
1317.15	.1000564	.7281442	0	.1717994	0
1316.15	.09854483	.7289139	0	.1725413	0
1315.15	.09704337	.7296764	0	.1732803	0
1314.15	.09555191	.7304318	0	.1740163	0
1313.15	.09407032	.7311803	0	.1747494	0
1312.15	.09259848	.7319219	0	.1754796	0
1311.15	.09113626	.7326568	0	.176207	0
1310.15	.08968356	.7333849	0	.1769315	0
1309.15	.08824025	.7341064	0	.1776533	0
1308.15	.08680622	.7348214	0	.1783724	0
1307.15	.08538136	.7355299	0	.1790887	0
1306.15	.08396555	.7362321	0	.1798023	0
1305.15	.0825587	.736928	0	.1805134	0
1304.15	.08116068	.7376176	0	.1812217	0
1303.15	.07977139	.7383011	0	.1819275	0
1302.15	.07839074	.7389786	0	.1826307	0
1301.15	.07701861	.73965	0	.1833314	0
1300.15	.0756549	.7403156	0	.1840295	0
1299.15	.07429653	.7409778	0	.1847257	0
1298.15	.07294939	.7416317	0	.1854189	0
1297.15	.07161036	.7422799	0	.1861097	0
1296.15	.07027938	.7429225	0	.1867981	0
1295.15	.06895632	.7435595	0	.1874842	0
1294.15	.06764111	.7441911	0	.1881678	0
1293.15	.06633365	.7448172	0	.1888492	0
1292.15	.06503385	.7454379	0	.1895283	0
1291.15	.06374163	.7460533	0	.190205	0
1290.15	.06245688	.7466636	0	.1908796	0
1289.162	.06119501	.7472613	0	.1915437	0
1289.162	.06119501	.7472613	0	.1915437	0
1289.162	.06119501	.7472613	0	.1915437	0
1289.15	.06110812	.747233	1.005446E-04	.1915583	0
1288.15	.05395947	.7449367	.008352067	.1927518	0
1287.15	.04681625	.7426941	.01655538	.1939343	0
1286.15	.03967817	.7405048	.02471114	.1951059	0
1285.15	.03254491	.7383684	.03282001	.1962667	0
1284.15	.02541617	.7362843	.04088264	.1974169	0
1283.15	.01829165	.7342521	.04889966	.1985566	0
1282.15	.01117108	.7322713	.0568717	.1996859	0
1281.15	.004054153	.7303416	.06479939	.2008049	0
1280.58	0	.7292645	.0692975	.201438	0
1280.58	0	.7292645	.0692975	.201438	0
1280.15	0	.7287085	.06965357	.2016379	0
1279.15	0	.7274187	.07047961	.2021017	0
1278.15	0	.7261326	.07130317	.2025643	0
1277.15	0	.7248502	.07212426	.2030256	0
1276.15	0	.7235715	.07294288	.2034857	0
1275.15	0	.7222965	.07375904	.2039445	0
1274.15	0	.7210251	.07457274	.2044021	0
1273.15	0	.7197575	.07538399	.2048585	0
1272.15	0	.7184935	.0761928	.2053137	0
1271.15	0	.7172332	.07699916	.2057676	0
1270.15	0	.7159765	.07780309	.2062204	0
1269.15	0	.7147235	.07860458	.2066719	0
1268.15	0	.7134741	.07940365	.2071223	0
1267.15	0	.7122283	.0802003	.2075714	0
1266.15	0	.7109861	.08099453	.2080193	0
1265.15	0	.7097476	.08178634	.2084661	0
1264.15	0	.7085126	.08257576	.2089117	0
1263.15	0	.7072812	.08336277	.2093561	0
1262.15	0	.7060533	.08414738	.2097993	0
1261.15	0	.704829	.08492959	.2102414	0
1260.15	0	.7036083	.08570942	.2106823	0
1259.15	0	.7023911	.08648687	.211122	0
1258.15	0	.7011775	.08726194	.2115606	0
1257.15	0	.6999674	.08803463	.211998	0
1256.15	0	.6987608	.08880496	.2124343	0
1255.15	0	.6975577	.08957292	.2128694	0
1254.15	0	.6963581	.09033852	.2133034	0
1253.15	0	.695162	.09110176	.2137363	0
1252.15	0	.6939693	.09186265	.214168	0
1251.15	0	.6927802	.09262119	.2145986	0
1250.15	0	.6915945	.09337739	.2150281	0
1249.15	0	.6904123	.09413125	.2154565	0
1248.15	0	.6892335	.09488277	.2158837	0
1247.15	0	.6880581	.09563196	.2163099	0
1246.15	0	.6868862	.09637883	.2167349	0
1245.15	0	.6857177	.09712338	.2171589	0
1244.15	0	.6845527	.0978656	.2175817	0
1243.15	0	.683391	.09860551	.2180035	0
1242.15	0	.6822327	.09934311	.2184242	0
1241.15	0	.6810778	.1000784	.2188437	0
1240.15	0	.6799264	.1008114	.2192622	0
1239.15	0	.6787782	.1015421	.2196797	0
1238.15	0	.6776335	.1022705	.220096	0
1237.15	0	.6764921	.1029966	.2205113	0
1236.15	0	.675354	.1037204	.2209255	0
1235.15	0	.6742193	.104442	.2213387	0
1234.15	0	.673088	.1051612	.2217508	0
1233.15	0	.6719599	.1058782	.2221618	0
1232.15	0	.6708352	.1065929	.2225719	0
1231.15	0	.6697138	.1073054	.2229808	0
1230.15	0	.6685957	.1080156	.2233887	0
1229.15	0	.6674809	.1087235	.2237956	0
1228.15	0	.6663694	.1094292	.2242014	0
1227.15	0	.6652612	.1101326	.2246063	0
1226.15	0	.6641562	.1108337	.22501	0
1225.15	0	.6630546	.1115326	.2254128	0
1224.15	0	.6619561	.1122293	.2258146	0
1223.15	0	.660861	.1129237	.2262153	0
1222.15	0	.6597691	.1136159	.226615	0
1221.15	0	.6586804	.1143059	.2270137	0
1220.15	0	.657595	.1149936	.2274114	0
1219.15	0	.6565127	.1156791	.2278081	0
1218.15	0	.6554338	.1163624	.2282038	0
1217.15	0	.654358	.1170435	.2285986	0
1216.15	0	.6532854	.1177223	.2289923	0
1215.15	0	.652216	.1183989	.229385	0
1214.15	0	.6511499	.1190734	.2297768	0
1213.15	0	.6500869	.1197456	.2301675	0
1212.15	0	.6490271	.1204156	.2305573	0
1211.15	0	.6479704	.1210834	.2309462	0
1210.15	0	.646917	.121749	.231334	0
1209.15	0	.6458667	.1224124	.2317209	0
1208.15	0	.6448195	.1230736	.2321068	0
1207.15	0	.6437755	.1237327	.2324918	0
1206.15	0	.6427347	.1243895	.2328758	0
1205.15	0	.641697	.1250442	.2332589	0
1204.15	0	.6406624	.1256966	.233641	0
1203.15	0	.6396309	.1263469	.2340221	0
1202.15	0	.6386026	.1269951	.2344024	0
1201.15	0	.6375774	.127641	.2347816	0
1200.15	0	.6365552	.1282848	.23516	0
1199.15	0	.6355362	.1289264	.2355374	0
1198.15	0	.6345203	.1295659	.2359139	0
1197.15	0	.6335075	.1302031	.2362894	0
1196.15	0	.6324977	.1308383	.236664	0
1195.15	0	.631491	.1314712	.2370377	0
1194.15	0	.6304874	.1321021	.2374105	0
1193.15	0	.6294869	.1327307	.2377824	0
1192.15	0	.6284894	.1333572	.2381534	0
1191.15	0	.627495	.1339816	.2385234	0
1190.15	0	.6265036	.1346038	.2388926	0
1189.15	0	.6255153	.1352239	.2392608	0
1188.15	0	.62453	.1358418	.2396281	0
1187.15	0	.6235478	.1364576	.2399946	0
1186.15	0	.6225686	.1370713	.2403601	0
1185.15	0	.6215924	.1376828	.2407248	0
1184.15	0	.6206192	.1382922	.2410886	0
1183.15	0	.619649	.1388995	.2414515	0
1182.15	0	.6186819	.1395047	.2418135	0
1181.15	0	.6177177	.1401077	.2421746	0
1180.15	0	.6167566	.1407086	.2425349	0
1179.15	0	.6157984	.1413074	.2428942	0
1178.15	0	.6148432	.141904	.2432527	0
1177.15	0	.613891	.1424986	.2436104	0
1176.15	0	.6129419	.143091	.2439672	0
1175.15	0	.6119956	.1436813	.2443231	0
1174.15	0	.6110524	.1442695	.2446781	0
1173.15	0	.6101121	.1448556	.2450323	0
1172.15	0	.6091747	.1454396	.2453857	0
1171.15	0	.6082403	.1460215	.2457381	0
1170.15	0	.6073089	.1466013	.2460898	0
1169.15	0	.6063804	.147179	.2464406	0
1168.15	0	.6054549	.1477546	.2467905	0
1167.15	0	.6045323	.1483281	.2471397	0
1166.15	0	.6036126	.1488995	.2474879	0
1165.15	0	.6026959	.1494688	.2478354	0
1164.15	0	.6017821	.150036	.248182	0
1163.15	0	.6008712	.1506011	.2485278	0
1162.15	0	.5999632	.1511641	.2488727	0
1161.15	0	.5990581	.1517251	.2492168	0
1160.15	0	.598156	.1522839	.2495601	0
1159.15	0	.5972567	.1528407	.2499026	0
1158.15	0	.5963604	.1533954	.2502443	0
1157.15	0	.5954669	.153948	.2505851	0
1156.15	0	.5945763	.1544985	.2509251	0
1155.15	0	.5936887	.155047	.2512644	0
1154.15	0	.5928038	.1555934	.2516028	0
1153.15	0	.5919219	.1561377	.2519404	0
1152.15	0	.5910429	.1566799	.2522772	0
1151.15	0	.5901667	.15722	.2526132	0
1150.15	0	.5892934	.1577581	.2529484	0
1149.15	0	.588423	.1582941	.2532828	0
1148.15	0	.5875555	.1588281	.2536165	0
1147.15	0	.5866908	.15936	.2539493	0
1146.15	0	.5858289	.1598898	.2542813	0
1145.15	0	.5849699	.1604175	.2546126	0
1144.15	0	.5841138	.1609432	.2549431	0
1143.15	0	.5832605	.1614668	.2552727	0
1142.15	0	.58241	.1619884	.2556016	0
1141.15	0	.5815624	.1625079	.2559298	0
1140.15	0	.5807176	.1630253	.2562571	0
1139.15	0	.5798756	.1635407	.2565837	0
1138.15	0	.5790365	.164054	.2569095	0
1137.15	0	.5782002	.1645653	.2572346	0
1136.15	0	.5773667	.1650745	.2575588	0
1135.15	0	.576536	.1655816	.2578823	0
1134.15	0	.5757082	.1660867	.2582051	0
1133.15	0	.5748832	.1665898	.2585271	0
1132.15	0	.5740609	.1670908	.2588483	0
1131.15	0	.5732415	.1675897	.2591688	0
1130.15	0	.5724249	.1680866	.2594885	0
1129.15	0	.5716111	.1685815	.2598074	0
1128.15	0	.5708	.1690743	.2601257	0
1127.15	0	.5699918	.1695651	.2604431	0
1126.15	0	.5691864	.1700538	.2607598	0
1125.15	0	.5683838	.1705404	.2610758	0
1124.15	0	.5675839	.1710251	.2613911	0
1123.15	0	.5667868	.1715076	.2617056	0
1122.15	0	.5659925	.1719882	.2620193	0
1121.15	0	.565201	.1724667	.2623323	0
1120.15	0	.5644123	.1729431	.2626446	0
1119.15	0	.5636263	.1734175	.2629561	0
1118.15	0	.5628431	.1738899	.263267	0
1117.15	0	.5620627	.1743602	.2635771	0
1116.15	0	.5612851	.1748285	.2638864	0
1115.15	0	.5605102	.1752947	.2641951	0
1114.15	0	.5597381	.1757589	.264503	0
1113.15	0	.5589687	.1762211	.2648102	0
1112.15	0	.5582021	.1766812	.2651167	0
1111.15	0	.5574383	.1771393	.2654224	0
1110.15	0	.5566772	.1775954	.2657274	0
1109.15	0	.5559188	.1780494	.2660318	0
1108.15	0	.5551632	.1785014	.2663354	0
1107.15	0	.5544104	.1789513	.2666383	0
1106.15	0	.5536603	.1793992	.2669405	0
1105.15	0	.5529129	.1798451	.267242	0
1104.15	0	.5521683	.180289	.2675427	0
1103.15	0	.5514265	.1807308	.2678428	0
1102.15	0	.5506873	.1811705	.2681422	0
1101.15	0	.5499509	.1816083	.2684408	0
1100.15	0	.5492172	.182044	.2687388	0
1099.15	0	.5484863	.1824776	.2690361	0
1098.15	0	.5477581	.1829093	.2693326	0
1097.15	0	.5470326	.1833389	.2696285	0
1096.15	0	.5463099	.1837665	.2699237	0
1095.15	0	.5455899	.184192	.2702182	0
1094.15	0	.5448726	.1846155	.270512	0
1093.15	0	.544158	.185037	.2708051	0
1092.15	0	.5434461	.1854564	.2710975	0
1091.15	0	.542737	.1858738	.2713892	0
1090.15	0	.5420306	.1862892	.2716803	0
1089.15	0	.5413269	.1867025	.2719706	0
1088.15	0	.5406259	.1871138	.2722603	0
1087.15	0	.5399276	.1875231	.2725493	0
1086.15	0	.539232	.1879304	.2728376	0
1085.15	0	.5385392	.1883356	.2731253	0
1084.15	0	.537849	.1887388	.2734122	0
1083.15	0	.5371616	.1891399	.2736985	0
1082.15	0	.5364769	.189539	.2739841	0
1081.15	0	.5357949	.1899361	.2742691	0
1080.15	0	.5351155	.1903312	.2745533	0
1079.15	0	.5344389	.1907242	.2748369	0
1078.15	0	.533765	.1911152	.2751198	0
1077.15	0	.5330938	.1915041	.2754021	0
1076.15	0	.5324253	.191891	.2756837	0
1075.15	0	.5317595	.1922759	.2759646	0
1074.15	0	.5310964	.1926588	.2762449	0
1073.15	0	.530436	.1930396	.2765245	0
1072.15	0	.5297782	.1934184	.2768034	0
1071.15	0	.5291232	.1937951	.2770817	0
1070.15	0	.5284709	.1941699	.2773593	0
1069.15	0	.5278213	.1945425	.2776362	0
1068.15	0	.5271743	.1949132	.2779125	0
1067.15	0	.5265301	.1952818	.2781881	0
1066.15	0	.5258885	.1956484	.2784631	0
1065.15	0	.5252497	.1960129	.2787374	0
1064.15	0	.5246135	.1963755	.279011	0
1063.15	0	.52398	.196736	.2792841	0
1062.15	0	.5233492	.1970944	.2795564	0
1061.15	0	.5227211	.1974508	.2798281	0
1060.15	0	.5220957	.1978052	.2800992	0
1059.15	0	.5214729	.1981575	.2803696	0
1058.15	0	.5208529	.1985078	.2806393	0
1057.15	0	.5202355	.1988561	.2809084	0
1056.15	0	.5196208	.1992023	.2811768	0
1055.15	0	.5190088	.1995465	.2814446	0
1054.15	0	.5183995	.1998887	.2817118	0
1053.15	0	.5177929	.2002288	.2819783	0
1052.15	0	.5171889	.2005669	.2822442	0
1051.15	0	.5165877	.200903	.2825094	0
1050.15	0	.5159891	.201237	.2827739	0
1049.15	0	.5153932	.201569	.2830379	0
1048.15	0	.5147999	.2018989	.2833012	0
1047.15	0	.5142094	.2022268	.2835638	0
1046.15	0	.5136215	.2025527	.2838258	0
1045.15	0	.5130364	.2028765	.2840872	0
1044.15	0	.5124538	.2031983	.2843479	0
1043.15	0	.511874	.203518	.2846079	0
1042.15	0	.5112969	.2038357	.2848674	0
1041.15	0	.5107224	.2041514	.2851262	0
1040.15	0	.5101506	.2044651	.2853843	0
1039.15	0	.5095815	.2047767	.2856419	0
1038.15	0	.5090151	.2050862	.2858987	0
1037.15	0	.5084513	.2053937	.286155	0
1036.15	0	.5078902	.2056992	.2864106	0
1035.15	0	.5073318	.2060027	.2866656	0
1034.15	0	.5067761	.2063041	.2869199	0
1033.15	0	.506223	.2066034	.2871736	0
1032.15	0	.5056726	.2069008	.2874266	0
1031.15	0	.5051249	.207196	.287679	0
1030.15	0	.5045799	.2074893	.2879308	0
1029.15	0	.5040375	.2077805	.288182	0
1028.15	0	.5034979	.2080697	.2884325	0
1027.15	0	.5029608	.2083568	.2886824	0
1026.15	0	.5024265	.2086419	.2889316	0
1025.15	0	.5018948	.208925	.2891802	0
1024.15	0	.5013659	.209206	.2894282	0
1023.15	0	.5008395	.209485	.2896755	0
1022.15	0	.5003159	.2097619	.2899222	0
1021.15	0	.4997949	.2100369	.2901682	0
1020.15	0	.4992766	.2103097	.2904137	0
1019.15	0	.498761	.2105806	.2906585	0
1018.15	0	.498248	.2108494	.2909026	0
1017.15	0	.4977377	.2111162	.2911461	0
1016.15	0	.4972301	.2113809	.291389	0
1015.15	0	.4967252	.2116436	.2916312	0
1014.15	0	.4962229	.2119043	.2918728	0
1013.15	0	.4957233	.2121629	.2921138	0
1012.15	0	.4952263	.2124195	.2923541	0
1011.15	0	.4947321	.2126741	.2925938	0
1010.15	0	.4942405	.2129267	.2928329	0
1009.15	0	.4937515	.2131772	.2930713	0
1008.15	0	.4932652	.2134257	.2933091	0
1007.15	0	.4927816	.2136722	.2935462	0
1006.15	0	.4923007	.2139166	.2937827	0
1005.15	0	.4918224	.2141591	.2940185	0
1004.15	0	.4913468	.2143995	.2942537	0
1003.15	0	.4908738	.2146378	.2944883	0
1002.15	0	.4904036	.2148742	.2947222	0
1001.15	0	.4899359	.2151086	.2949555	0
1000.15	0	.489471	.2153409	.2951882	0
999.15	0	.4890087	.2155712	.2954201	0
998.15	0	.488549	.2157995	.2956515	0
997.15	0	.488092	.2160258	.2958822	0
996.15	0	.4876377	.21625	.2961123	0
995.15	0	.487186	.2164723	.2963417	0
994.15	0	.486737	.2166926	.2965704	0
993.15	0	.4862906	.2169108	.2967985	0
992.15	0	.4858469	.2171271	.297026	0
991.15	0	.4854059	.2173413	.2972528	0
990.15	0	.4849675	.2175536	.297479	0
989.15	0	.4845317	.2177639	.2977045	0
988.15	0	.4840986	.2179721	.2979293	0
987.15	0	.4836681	.2181784	.2981535	0
986.15	0	.4832403	.2183827	.298377	0
985.15	0	.4828151	.218585	.2985999	0
984.15	0	.4823926	.2187853	.2988221	0
983.15	0	.4819727	.2189837	.2990436	0
982.15	0	.4815554	.2191801	.2992645	0
981.15	0	.4811408	.2193745	.2994848	0
980.15	0	.4807288	.2195669	.2997043	0
979.15	0	.4803194	.2197574	.2999232	0
978.15	0	.4799127	.2199459	.3001414	0
977.15	0	.4795086	.2201325	.300359	0
976.15	0	.4791071	.2203171	.3005759	0
975.15	0	.4787082	.2204997	.3007921	0
974.15	0	.478312	.2206804	.3010076	0
973.15	0	.4779183	.2208592	.3012224	0
972.15	0	.4775273	.2210361	.3014366	0
971.15	0	.4771389	.221211	.3016501	0
970.15	0	.4767531	.221384	.3018629	0
969.15	0	.4763699	.221555	.3020751	0
968.15	0	.4759893	.2217242	.3022865	0
967.15	0	.4756113	.2218914	.3024972	0
966.15	0	.4752359	.2220568	.3027073	0
965.15	0	.4748631	.2222202	.3029167	0
964.15	0	.4744929	.2223818	.3031253	0
963.15	0	.4741252	.2225415	.3033333	0
962.15	0	.4737602	.2226993	.3035406	0
961.15	0	.4733977	.2228552	.3037472	0
960.15	0	.4730377	.2230093	.303953	0
959.15	0	.4726804	.2231615	.3041582	0
958.15	0	.4723256	.2233118	.3043626	0
957.15	0	.4719733	.2234603	.3045663	0
956.15	0	.4716236	.223607	.3047694	0
955.15	0	.4712765	.2237519	.3049717	0
954.15	0	.4709319	.2238949	.3051733	0
953.15	0	.4705898	.2240361	.3053741	0
952.15	0	.4702502	.2241755	.3055743	0
951.15	0	.4699132	.2243132	.3057737	0
950.15	0	.4695787	.224449	.3059723	0
949.15	0	.4692467	.2245831	.3061703	0
948.15	0	.4689172	.2247154	.3063674	0
947.15	0	.4685901	.224846	.3065639	0
946.15	0	.4682656	.2249748	.3067596	0
945.15	0	.4679436	.2251019	.3069546	0
944.15	0	.467624	.2252272	.3071488	0
943.15	0	.4673069	.2253509	.3073422	0
942.15	0	.4669922	.2254728	.3075349	0
941.15	0	.46668	.2255931	.3077269	0
940.15	0	.4663703	.2257117	.307918	0
939.15	0	.4660629	.2258287	.3081084	0
938.15	0	.465758	.225944	.308298	0
937.15	0	.4654555	.2260576	.3084868	0
936.15	0	.4651554	.2261697	.3086749	0
935.15	0	.4648577	.2262801	.3088622	0
934.15	0	.4645624	.2263889	.3090487	0
933.15	0	.4642695	.2264962	.3092343	0
932.15	0	.4639789	.2266019	.3094192	0
931.15	0	.4636907	.226706	.3096033	0
930.15	0	.4634048	.2268087	.3097866	0
929.15	0	.4631212	.2269098	.309969	0
928.15	0	.46284	.2270094	.3101507	0
927.15	0	.462561	.2271075	.3103315	0
926.15	0	.4622843	.2272042	.3105115	0
925.15	0	.46201	.2272994	.3106906	0
924.15	0	.4617378	.2273932	.310869	0
923.15	0	.461468	.2274856	.3110464	0
922.15	0	.4612003	.2275766	.3112231	0
921.15	0	.4609349	.2276663	.3113988	0
920.15	0	.4606717	.2277546	.3115737	0
919.15	0	.4604107	.2278415	.3117478	0
918.15	0	.4601518	.2279272	.311921	0
917.15	0	.4598951	.2280116	.3120933	0
916.15	0	.4596406	.2280947	.3122647	0
915.15	0	.4593882	.2281766	.3124352	0
914.15	0	.4591378	.2282573	.3126048	0
913.15	0	.4588896	.2283369	.3127736	0
912.15	0	.4586434	.2284152	.3129414	0
911.15	0	.4583993	.2284924	.3131083	0
910.15	0	.4581572	.2285685	.3132743	0
909.15	0	.4579171	.2286435	.3134394	0
908.15	0	.457679	.2287175	.3136035	0
907.15	0	.4574429	.2287904	.3137667	0
906.15	0	.4572087	.2288624	.3139289	0
905.15	0	.4569764	.2289334	.3140902	0
904.15	0	.4567461	.2290034	.3142505	0
903.15	0	.4565176	.2290726	.3144098	0
902.15	0	.456291	.2291409	.3145682	0
901.15	0	.4560662	.2292083	.3147256	0
900.15	0	.4558432	.2292749	.3148819	0
899.15	0	.4556219	.2293407	.3150373	0
898.15	0	.4554025	.2294059	.3151917	0
897.15	0	.4551847	.2294703	.315345	0
896.15	0	.4549687	.229534	.3154973	0
895.15	0	.4547543	.2295972	.3156486	0
894.15	0	.4545415	.2296597	.3157988	0
893.15	0	.4543304	.2297217	.3159479	0
892.15	0	.4541208	.2297832	.316096	0
891.15	0	.4539128	.2298442	.316243	0
890.15	0	.4537063	.2299048	.316389	0
889.15	0	.4535012	.229965	.3165338	0
888.15	0	.4532977	.2300249	.3166775	0
887.15	0	.4530955	.2300844	.3168201	0
886.15	0	.4528947	.2301438	.3169616	0
885.15	0	.4526952	.2302029	.3171019	0
884.15	0	.452497	.2302619	.317241	0
883.15	0	.4523001	.2303208	.317379	0
882.15	0	.4521045	.2303797	.3175159	0
881.15	0	.45191	.2304386	.3176515	0
880.15	0	.4517166	.2304975	.3177859	0
879.15	0	.4515244	.2305565	.3179191	0
878.15	0	.4513331	.2306158	.3180511	0
877.15	0	.451143	.2306752	.3181818	0
876.15	0	.4509537	.2307349	.3183113	0
875.15	0	.4507654	.2307951	.3184395	0
874.15	0	.450578	.2308556	.3185664	0
873.15	0	.4503914	.2309166	.3186921	0
872.15	0	.4502055	.2309781	.3188164	0
871.15	0	.4500204	.2310403	.3189393	0
870.15	0	.449836	.2311031	.3190609	0
869.15	0	.4496521	.2311667	.3191812	0
868.15	0	.4494688	.2312311	.3193001	0
867.15	0	.449286	.2312965	.3194175	0
866.15	0	.4491036	.2313628	.3195336	0
865.15	0	.4489216	.2314302	.3196482	0
864.15	0	.44874	.2314987	.3197613	0
863.15	0	.4485585	.2315685	.319873	0
862.15	0	.4483773	.2316396	.3199831	0
861.15	0	.4481962	.2317121	.3200918	0
860.15	0	.4480151	.2317861	.3201989	0
859.15	0	.4478339	.2318617	.3203044	0
858.15	0	.4476527	.2319389	.3204084	0
857.15	0	.4474713	.232018	.3205107	0
856.15	0	.4472896	.232099	.3206114	0
855.15	0	.4471076	.232182	.3207104	0
854.15	0	.4469252	.2322671	.3208077	0
853.15	0	.4467422	.2323544	.3209033	0
852.15	0	.4465587	.2324441	.3209972	0
851.15	0	.4463744	.2325363	.3210892	0
850.15	0	.4461894	.2326311	.3211795	0
849.15	0	.4460034	.2327287	.3212679	0
848.15	0	.4458165	.2328291	.3213545	0
847.15	0	.4456284	.2329325	.3214391	0
846.15	0	.4454391	.2330391	.3215218	0
845.15	0	.4452485	.2331491	.3216025	0
844.15	0	.4450564	.2332625	.3216811	0
843.15	0	.4448627	.2333796	.3217577	0
842.15	0	.4446674	.2335005	.3218322	0
841.15	0	.4444701	.2336254	.3219045	0
840.15	0	.4442709	.2337546	.3219745	0
839.15	0	.4440695	.2338882	.3220424	0
838.15	0	.4438658	.2340263	.3221079	0
837.15	0	.4436596	.2341694	.322171	0
836.15	0	.4434508	.2343175	.3222317	0
835.15	0	.4432392	.2344709	.3222899	0
834.15	0	.4430245	.2346299	.3223456	0
833.15	0	.4428066	.2347948	.3223986	0
832.15	0	.4425853	.2349658	.3224489	0
831.15	0	.4423603	.2351433	.3224964	0
830.15	0	.4421315	.2353275	.3225411	0
829.15	0	.4418984	.2355188	.3225828	0
828.15	0	.441661	.2357176	.3226215	0
827.15	0	.4414188	.2359242	.322657	0
826.15	0	.4411716	.2361392	.3226892	0
825.15	0	.4409191	.2363628	.3227181	0
824.15	0	.4406608	.2365957	.3227435	0
823.15	0	.4403965	.2368383	.3227652	0
822.15	0	.4401257	.2370911	.3227832	0
821.15	0	.4398479	.2373549	.3227972	0
820.15	0	.4395628	.2376301	.3228071	0
819.15	0	.4392697	.2379176	.3228128	0
818.15	0	.4389681	.238218	.3228139	0
817.15	0	.4386573	.2385323	.3228104	0
816.15	0	.4383368	.2388614	.3228018	0
815.15	0	.4380056	.2392063	.3227881	0
814.15	0	.4376631	.2395681	.3227688	0
813.15	0	.4373082	.239948	.3227437	0
812.15	0	.43694	.2403476	.3227124	0
811.15	0	.4365571	.2407684	.3226745	0
810.15	0	.4361584	.2412121	.3226295	0
809.15	0	.4357423	.2416808	.3225769	0
808.15	0	.43502	.2425487	.3224313	0
807.15	0	.4340415	.2437532	.3222053	0
806.15	0	.4331558	.2448428	.3220015	0
805.15	0	.4323487	.2458352	.3218162	0
804.15	0	.4316095	.246744	.3216465	0
803.15	0	.4309295	.2475802	.3214903	0
802.15	0	.4303018	.2483526	.3213457	0
801.15	0	.4297204	.2490683	.3212113	0
800.15	0	.4291805	.2497336	.3210859	0
799.15	0	.428678	.2503535	.3209685	0
798.15	0	.4282094	.2509324	.3208583	0
797.15	0	.4277716	.251474	.3207544	0
796.15	0	.4273619	.2519817	.3206564	0
795.15	0	.426978	.2524584	.3205636	0
794.15	0	.4266179	.2529066	.3204756	0
793.15	0	.4262796	.2533284	.320392	0
792.15	0	.4259616	.2537261	.3203123	0
791.15	0	.4256624	.2541012	.3202363	0
790.15	0	.4253807	.2544556	.3201638	0
789.15	0	.4251152	.2547906	.3200943	0
788.15	0	.4248648	.2551075	.3200277	0
787.15	0	.4246286	.2554076	.3199638	0
786.15	0	.4244057	.2556919	.3199024	0
785.15	0	.4241951	.2559616	.3198433	0
784.15	0	.4239962	.2562174	.3197863	0
783.15	0	.4238083	.2564603	.3197314	0
782.15	0	.4236306	.256691	.3196784	0
781.15	0	.4234626	.2569103	.3196271	0
780.15	0	.4233038	.2571188	.3195774	0
779.15	0	.4231535	.2573172	.3195293	0
778.15	0	.4230138	.2575041	.3194821	0
777.15	0	.4228791	.257684	.3194368	0
776.15	0	.4227517	.2578555	.3193929	0
775.15	0	.4226311	.2580188	.3193501	0
774.15	0	.422517	.2581745	.3193085	0
773.15	0	.4224091	.2583231	.3192679	0
772.15	0	.4223069	.2584648	.3192283	0
771.15	0	.4222103	.2586	.3191897	0
770.15	0	.422119	.2587291	.319152	0
769.15	0	.4220325	.2588524	.3191151	0
768.15	0	.4219508	.2589701	.319079	0
767.15	0	.4218736	.2590827	.3190437	0
766.15	0	.4218006	.2591903	.3190091	0
765.15	0	.4217316	.2592932	.3189752	0
764.15	0	.4216665	.2593916	.3189419	0
763.15	0	.4216049	.2594858	.3189093	0
762.15	0	.4215469	.2595759	.3188772	0
761.15	0	.4214921	.2596623	.3188457	0
760.15	0	.4214404	.2597449	.3188146	0
759.15	0	.4213918	.2598241	.3187841	0
758.15	0	.4213459	.2599001	.318754	0
757.15	0	.4213027	.2599729	.3187244	0
756.15	0	.4212621	.2600427	.3186952	0
755.15	0	.4212239	.2601097	.3186664	0
754.15	0	.421188	.260174	.318638	0
753.15	0	.4211543	.2602358	.3186099	0
752.15	0	.4211227	.2602951	.3185822	0
751.15	0	.4210931	.2603521	.3185548	0
750.15	0	.4210654	.2604069	.3185277	0
749.15	0	.4210394	.2604597	.3185009	0
748.15	0	.4210152	.2605104	.3184744	0
747.15	0	.4209926	.2605593	.3184481	0
746.15	0	.4209716	.2606063	.3184221	0
745.15	0	.420952	.2606517	.3183963	0
744.15	0	.4209338	.2606954	.3183708	0
743.15	0	.420917	.2607376	.3183454	0
742.15	0	.4209014	.2607784	.3183203	0
741.15	0	.420887	.2608177	.3182953	0
740.15	0	.4208737	.2608558	.3182705	0
739.15	0	.4208616	.2608926	.3182459	0
738.15	0	.4208504	.2609282	.3182214	0
737.15	0	.4208402	.2609626	.3181971	0
736.15	0	.420831	.2609961	.318173	0
735.15	0	.4208226	.2610285	.318149	0
734.15	0	.420815	.2610599	.3181251	0
733.15	0	.4208082	.2610905	.3181013	0
732.15	0	.4208022	.2611202	.3180776	0
731.15	0	.4207968	.2611491	.3180541	0
730.15	0	.4207921	.2611772	.3180306	0
729.15	0	.4207881	.2612047	.3180073	0
728.15	0	.4207846	.2612314	.317984	0
727.15	0	.4207817	.2612575	.3179608	0
726.15	0	.4207793	.261283	.3179377	0
725.15	0	.4207774	.261308	.3179146	0
724.15	0	.4207759	.2613324	.3178917	0
723.15	0	.4207749	.2613563	.3178688	0
722.15	0	.4207743	.2613798	.3178459	0
721.15	0	.4207741	.2614028	.3178231	0
720.15	0	.4207742	.2614254	.3178003	0
719.15	0	.4207747	.2614477	.3177776	0
718.15	0	.4207754	.2614696	.317755	0
717.15	0	.4207765	.2614912	.3177323	0
716.15	0	.4207778	.2615125	.3177097	0
715.15	0	.4207794	.2615335	.3176872	0
714.15	0	.4207811	.2615542	.3176646	0
713.15	0	.4207831	.2615747	.3176421	0
712.15	0	.4207853	.261595	.3176196	0
711.15	0	.4207877	.2616152	.3175972	0
710.15	0	.4207902	.2616351	.3175747	0
709.15	0	.4207928	.2616549	.3175523	0
708.15	0	.4207956	.2616746	.3175298	0
707.15	0	.4207985	.2616941	.3175074	0
706.15	0	.4208015	.2617136	.317485	0
705.15	0	.4208045	.2617329	.3174626	0
704.15	0	.4208076	.2617522	.3174402	0
703.15	0	.4208108	.2617714	.3174178	0
702.15	0	.4208141	.2617906	.3173954	0
701.15	0	.4208174	.2618097	.3173729	0
700.15	0	.4208207	.2618288	.3173505	0
699.15	0	.420824	.2618479	.3173281	0
698.15	0	.4208273	.261867	.3173056	0
697.15	0	.4208307	.2618861	.3172832	0
696.15	0	.420834	.2619053	.3172607	0
695.15	0	.4208373	.2619245	.3172383	0
694.15	0	.4208405	.2619437	.3172158	0
693.15	0	.4208438	.2619629	.3171933	0
692.15	0	.420847	.2619823	.3171708	0
691.15	0	.4208501	.2620017	.3171482	0
690.15	0	.4208532	.2620211	.3171257	0
689.15	0	.4208562	.2620407	.3171031	0
688.15	0	.4208592	.2620603	.3170805	0
687.15	0	.420862	.2620801	.3170579	0
686.15	0	.4208648	.2620999	.3170352	0
685.15	0	.4208676	.2621199	.3170126	0
684.15	0	.4208702	.2621399	.3169899	0
683.15	0	.4208727	.2621601	.3169672	0
682.15	0	.4208751	.2621804	.3169444	0
681.15	0	.4208775	.2622009	.3169217	0
680.15	0	.4208797	.2622215	.3168989	0
679.15	0	.4208818	.2622422	.316876	0
678.15	0	.4208838	.2622631	.3168532	0
677.15	0	.4208856	.2622841	.3168303	0
676.15	0	.4208874	.2623052	.3168074	0
675.15	0	.420889	.2623266	.3167844	0
674.15	0	.4208905	.2623481	.3167614	0
673.15	0	.4208918	.2623697	.3167384	0
672.15	0	.4208931	.2623915	.3167154	0
671.15	0	.4208942	.2624135	.3166923	0
670.15	0	.4208951	.2624357	.3166692	0
669.15	0	.4208959	.262458	.3166461	0
668.15	0	.4208965	.2624805	.3166229	0
667.15	0	.4208971	.2625032	.3165997	0
666.15	0	.4208974	.2625261	.3165765	0
665.15	0	.4208976	.2625491	.3165532	0
664.15	0	.4208977	.2625724	.3165299	0
663.15	0	.4208976	.2625958	.3165066	0
662.15	0	.4208974	.2626194	.3164832	0
661.15	0	.420897	.2626432	.3164598	0
660.15	0	.4208964	.2626672	.3164364	0
659.15	0	.4208957	.2626914	.3164129	0
658.15	0	.4208948	.2627158	.3163894	0
657.15	0	.4208938	.2627404	.3163658	0
656.15	0	.4208926	.2627652	.3163423	0
655.15	0	.4208912	.2627901	.3163187	0
654.15	0	.4208897	.2628153	.316295	0
653.15	0	.420888	.2628407	.3162713	0
652.15	0	.4208862	.2628662	.3162476	0
651.15	0	.4208842	.262892	.3162239	0
650.15	0	.420882	.2629179	.3162001	0
649.15	0	.4208797	.2629441	.3161763	0
648.15	0	.4208772	.2629705	.3161524	0
647.15	0	.4208745	.262997	.3161285	0
646.15	0	.4208716	.2630238	.3161046	0
645.15	0	.4208686	.2630507	.3160806	0
644.15	0	.4208655	.2630779	.3160566	0
643.15	0	.4208621	.2631052	.3160326	0
642.15	0	.4208586	.2631328	.3160086	0
641.15	0	.420855	.2631605	.3159845	0
640.15	0	.4208511	.2631885	.3159604	0
639.15	0	.4208472	.2632166	.3159362	0
638.15	0	.420843	.263245	.315912	0
637.15	0	.4208387	.2632736	.3158878	0
636.15	0	.4208342	.2633023	.3158635	0
635.15	0	.4208295	.2633312	.3158393	0
634.15	0	.4208247	.2633604	.3158149	0
633.15	0	.4208197	.2633897	.3157906	0
632.15	0	.4208146	.2634192	.3157662	0
631.15	0	.4208093	.263449	.3157418	0
630.15	0	.4208038	.2634789	.3157174	0
629.15	0	.4207982	.263509	.3156929	0
628.15	0	.4207924	.2635393	.3156684	0
627.15	0	.4207864	.2635697	.3156439	0
626.15	0	.4207803	.2636004	.3156193	0
625.15	0	.420774	.2636313	.3155947	0
624.15	0	.4207676	.2636623	.3155701	0
623.15	0	.420761	.2636936	.3155454	0
622.15	0	.4207543	.263725	.3155208	0
621.15	0	.4207474	.2637566	.3154961	0
620.15	0	.4207403	.2637884	.3154713	0
619.15	0	.4207331	.2638203	.3154466	0
618.15	0	.4207257	.2638525	.3154218	0
617.15	0	.4207182	.2638848	.315397	0
616.15	0	.4207105	.2639173	.3153721	0
615.15	0	.4207027	.26395	.3153473	0
614.15	0	.4206947	.2639829	.3153224	0
613.15	0	.4206866	.264016	.3152975	0
612.15	0	.4206783	.2640492	.3152725	0
611.15	0	.4206699	.2640826	.3152476	0
610.15	0	.4206613	.2641161	.3152226	0
609.15	0	.4206526	.2641498	.3151976	0
608.15	0	.4206437	.2641837	.3151725	0
607.15	0	.4206347	.2642178	.3151475	0
606.15	0	.4206256	.264252	.3151224	0
605.15	0	.4206163	.2642864	.3150973	0
604.15	0	.4206068	.264321	.3150722	0
603.15	0	.4205973	.2643557	.315047	0
602.15	0	.4205875	.2643906	.3150219	0
601.15	0	.4205777	.2644256	.3149967	0
600.15	0	.4205677	.2644608	.3149715	0
599.15	0	.4205576	.2644961	.3149463	0
598.15	0	.4205473	.2645317	.3149211	0
597.15	0	.4205369	.2645673	.3148958	0
596.15	0	.4205263	.2646031	.3148705	0
595.15	0	.4205157	.2646391	.3148453	0
594.15	0	.4205049	.2646752	.3148199	0
593.15	0	.4204939	.2647115	.3147946	0
592.15	0	.4204829	.2647479	.3147693	0
591.15	0	.4204717	.2647844	.3147439	0
590.15	0	.4204603	.2648211	.3147186	0
589.15	0	.4204489	.2648579	.3146932	0
588.15	0	.4204373	.2648949	.3146678	0
587.15	0	.4204256	.264932	.3146424	0
586.15	0	.4204138	.2649692	.314617	0
585.15	0	.4204018	.2650066	.3145915	0
584.15	0	.4203898	.2650441	.3145661	0
583.15	0	.4203776	.2650818	.3145406	0
582.15	0	.4203653	.2651196	.3145152	0
581.15	0	.4203529	.2651575	.3144897	0
580.15	0	.4203403	.2651955	.3144642	0
579.15	0	.4203276	.2652337	.3144387	0
578.15	0	.4203149	.265272	.3144132	0
577.15	0	.420302	.2653104	.3143877	0
576.15	0	.420289	.2653489	.3143622	0
575.15	0	.4202758	.2653875	.3143366	0
574.15	0	.4202626	.2654263	.3143111	0
573.15	0	.4202493	.2654652	.3142855	0
572.15	0	.4202358	.2655042	.31426	0
571.15	0	.4202223	.2655433	.3142344	0
570.15	0	.4202086	.2655825	.3142089	0
569.15	0	.4201948	.2656218	.3141833	0
568.15	0	.420181	.2656613	.3141578	0
567.15	0	.420167	.2657008	.3141322	0
566.15	0	.4201529	.2657405	.3141066	0
565.15	0	.4201387	.2657802	.314081	0
564.15	0	.4201244	.2658201	.3140555	0
563.15	0	.4201101	.2658601	.3140299	0
562.15	0	.4200956	.2659001	.3140043	0
561.15	0	.420081	.2659403	.3139787	0
560.15	0	.4200663	.2659806	.3139531	0
559.15	0	.4200515	.2660209	.3139276	0
558.15	0	.4200367	.2660614	.313902	0
557.15	0	.4200217	.2661019	.3138764	0
556.15	0	.4200067	.2661425	.3138509	0
555.15	0	.4199915	.2661832	.3138253	0
554.15	0	.4199763	.266224	.3137997	0
553.15	0	.4199609	.2662649	.3137742	0
552.15	0	.4199455	.2663059	.3137486	0
551.15	0	.41993	.2663469	.3137231	0
550.15	0	.4199144	.2663881	.3136975	0
549.15	0	.4198988	.2664293	.313672	0
548.15	0	.419883	.2664706	.3136464	0
547.15	0	.4198672	.2665119	.3136209	0
546.15	0	.4198512	.2665534	.3135954	0
545.15	0	.4198352	.2665949	.3135699	0
544.15	0	.4198191	.2666365	.3135444	0
543.15	0	.419803	.2666781	.3135189	0
542.15	0	.4197867	.2667198	.3134934	0
541.15	0	.4197704	.2667616	.313468	0
540.15	0	.419754	.2668035	.3134425	0
539.15	0	.4197375	.2668454	.3134171	0
538.15	0	.419721	.2668874	.3133916	0
537.15	0	.4197044	.2669294	.3133662	0
536.15	0	.4196877	.2669715	.3133408	0
535.15	0	.4196709	.2670137	.3133154	0
534.15	0	.4196541	.2670559	.31329	0
533.15	0	.4196371	.2670982	.3132647	0
532.15	0	.4196202	.2671405	.3132393	0
531.15	0	.4196031	.2671829	.313214	0
530.15	0	.419586	.2672253	.3131887	0
529.15	0	.4195688	.2672678	.3131634	0
528.15	0	.4195516	.2673103	.3131381	0
527.15	0	.4195343	.2673529	.3131128	0
526.15	0	.4195169	.2673955	.3130876	0
525.15	0	.4194994	.2674382	.3130624	0
524.15	0	.419482	.2674809	.3130372	0
523.15	0	.4194644	.2675236	.313012	0
522.15	0	.4194468	.2675664	.3129868	0
521.15	0	.4194291	.2676092	.3129617	0
520.15	0	.4194114	.2676521	.3129366	0
519.15	0	.4193936	.267695	.3129115	0
518.15	0	.4193757	.2677379	.3128864	0
517.15	0	.419358	.2677808	.3128612	0
516.15	0	.41934	.2678238	.3128362	0
515.15	0	.419322	.2678668	.3128112	0
514.15	0	.4193039	.2679099	.3127862	0
513.15	0	.4192858	.2679529	.3127613	0
512.15	0	.4192677	.267996	.3127363	0
511.15	0	.4192494	.2680391	.3127114	0
510.15	0	.4192312	.2680823	.3126866	0
509.15	0	.4192129	.2681254	.3126617	0
508.15	0	.4191945	.2681686	.3126369	0
507.15	0	.4191761	.2682118	.3126121	0
506.15	0	.4191576	.268255	.3125874	0
505.15	0	.4191391	.2682982	.3125626	0
504.15	0	.4191206	.2683415	.3125379	0
503.15	0	.419102	.2683847	.3125133	0
502.15	0	.4190834	.268428	.3124886	0
501.15	0	.4190647	.2684713	.312464	0
500.15	0	.419046	.2685146	.3124395	0
499.15	0	.4190272	.2685579	.3124149	0
498.15	0	.4190084	.2686011	.3123904	0
497.15	0	.4189896	.2686444	.3123659	0
496.15	0	.4189707	.2686878	.3123415	0
495.15	0	.4189518	.2687311	.3123171	0
494.15	0	.4189329	.2687744	.3122928	0
493.15	0	.4189139	.2688177	.3122684	0
492.15	0	.4188949	.268861	.3122441	0
491.15	0	.4188759	.2689043	.3122199	0
490.15	0	.4188568	.2689476	.3121957	0
489.15	0	.4188377	.2689909	.3121715	0
488.15	0	.4188185	.2690341	.3121474	0
487.15	0	.4187994	.2690774	.3121233	0
486.15	0	.4187801	.2691207	.3120992	0
485.15	0	.4187609	.2691639	.3120752	0
484.15	0	.4187417	.2692072	.3120512	0
483.15	0	.4187224	.2692504	.3120273	0
482.15	0	.418703	.2692936	.3120034	0
481.15	0	.4186837	.2693368	.3119795	0
480.15	0	.4186643	.26938	.3119557	0
479.15	0	.4186449	.2694231	.3119319	0
478.15	0	.4186255	.2694663	.3119082	0
477.15	0	.4186061	.2695094	.3118846	0
476.15	0	.4185866	.2695525	.3118609	0
475.15	0	.4185671	.2695956	.3118373	0
474.15	0	.4185476	.2696386	.3118138	0
473.15	0	.4185281	.2696816	.3117903	0
472.15	0	.4185085	.2697246	.3117669	0
471.15	0	.4184889	.2697676	.3117435	0
470.15	0	.4184694	.2698105	.3117201	0
469.15	0	.4184498	.2698534	.3116968	0
468.15	0	.4184301	.2698963	.3116736	0
467.15	0	.4184105	.2699392	.3116503	0
466.15	0	.4183908	.269982	.3116272	0
465.15	0	.4183712	.2700248	.3116041	0
464.15	0	.4183515	.2700675	.311581	0
463.15	0	.4183318	.2701102	.311558	0
462.15	0	.4183121	.2701529	.3115351	0
461.15	0	.4182923	.2701955	.3115122	0
460.15	0	.4182726	.2702381	.3114893	0
459.15	0	.4182528	.2702806	.3114666	0
458.15	0	.4182331	.2703231	.3114438	0
457.15	0	.4182133	.2703656	.3114211	0
456.15	0	.4181935	.270408	.3113985	0
455.15	0	.4181737	.2704503	.3113759	0
454.15	0	.4181539	.2704927	.3113534	0
453.15	0	.4181341	.2705349	.311331	0
452.15	0	.4181143	.2705771	.3113085	0
451.15	0	.4180945	.2706193	.3112862	0
450.15	0	.4180747	.2706614	.3112639	0
449.15	0	.4180549	.2707035	.3112417	0
448.15	0	.4180351	.2707454	.3112195	0
447.15	0	.4180153	.2707873	.3111974	0
446.15	0	.4179954	.2708292	.3111754	0
445.15	0	.4179757	.2708709	.3111534	0
444.15	0	.4179559	.2709126	.3111315	0
443.15	0	.4179361	.2709543	.3111097	0
442.15	0	.4179163	.2709958	.3110879	0
441.15	0	.4178966	.2710372	.3110662	0
440.15	0	.4178769	.2710786	.3110446	0
439.15	0	.4178572	.2711198	.311023	0
438.15	0	.4178375	.271161	.3110015	0
