T	 BPW(LIQUID)	BPW(BCC_A2)	BPW(FCC_A1)	BPW(LAVES_PHASE_C14)	BPW(NI3TI)
1473.15	0	1	0	0	0
1472.15	0	1	0	0	0
1471.15	0	1	0	0	0
1470.15	0	1	0	0	0
1469.15	0	1	0	0	0
1468.15	0	1	0	0	0
1467.15	0	1	0	0	0
1466.15	0	1	0	0	0
1465.15	0	1	0	0	0
1464.15	0	1	0	0	0
1463.15	0	1	0	0	0
1462.15	0	1	0	0	0
1461.15	0	1	0	0	0
1460.15	0	1	0	0	0
1459.15	0	1	0	0	0
1458.15	0	1	0	0	0
1457.15	0	1	0	0	0
1456.15	0	1	0	0	0
1455.15	0	1	0	0	0
1454.15	0	1	0	0	0
1453.15	0	1	0	0	0
1452.15	0	1	0	0	0
1451.15	0	1	0	0	0
1450.15	0	1	0	0	0
1449.15	0	1	0	0	0
1448.15	0	1	0	0	0
1447.15	0	1	0	0	0
1446.15	0	1	0	0	0
1445.15	0	1	0	0	0
1444.15	0	1	0	0	0
1443.15	0	1	0	0	0
1442.15	0	1	0	0	0
1441.15	0	1	0	0	0
1440.15	0	1	0	0	0
1439.15	0	1	0	0	0
1438.15	0	1	0	0	0
1437.15	0	1	0	0	0
1436.15	0	1	0	0	0
1435.15	0	1	0	0	0
1434.15	0	1	0	0	0
1433.15	0	1	0	0	0
1432.15	0	1	0	0	0
1431.15	0	1	0	0	0
1430.15	0	1	0	0	0
1429.15	0	1	0	0	0
1428.15	0	1	0	0	0
1427.15	0	1	0	0	0
1426.15	0	1	0	0	0
1425.15	0	1	0	0	0
1424.15	0	1	0	0	0
1423.15	0	1	0	0	0
1422.15	0	1	0	0	0
1421.15	0	1	0	0	0
1420.15	0	1	0	0	0
1419.15	0	1	0	0	0
1418.15	0	1	0	0	0
1417.15	0	1	0	0	0
1416.15	0	1	0	0	0
1415.15	0	1	0	0	0
1414.15	0	1	0	0	0
1413.15	0	1	0	0	0
1412.15	0	1	0	0	0
1411.15	0	1	0	0	0
1410.15	0	1	0	0	0
1409.15	0	1	0	0	0
1408.15	0	1	0	0	0
1407.15	0	1	0	0	0
1406.15	0	1	0	0	0
1405.15	0	1	0	0	0
1404.15	0	1	0	0	0
1403.15	0	1	0	0	0
1402.15	0	1	0	0	0
1401.15	0	1	0	0	0
1400.15	0	1	0	0	0
1399.15	0	1	0	0	0
1398.15	0	1	0	0	0
1397.15	0	1	0	0	0
1396.15	0	1	0	0	0
1395.15	0	1	0	0	0
1394.15	0	1	0	0	0
1393.15	0	1	0	0	0
1392.15	0	1	0	0	0
1391.15	0	1	0	0	0
1390.15	0	1	0	0	0
1389.15	0	1	0	0	0
1388.15	0	1	0	0	0
1387.15	0	1	0	0	0
1386.15	0	1	0	0	0
1385.15	0	1	0	0	0
1384.15	0	1	0	0	0
1383.15	0	1	0	0	0
1382.15	0	1	0	0	0
1381.15	0	1	0	0	0
1380.15	0	1	0	0	0
1379.15	0	1	0	0	0
1378.15	0	1	0	0	0
1377.15	0	1	0	0	0
1376.15	0	1	0	0	0
1375.15	0	1	0	0	0
1374.15	0	1	0	0	0
1373.15	0	1	0	0	0
1372.15	0	1	0	0	0
1371.15	0	1	0	0	0
1370.15	0	1	0	0	0
1369.15	0	1	0	0	0
1368.15	0	1	0	0	0
1367.15	0	1	0	0	0
1366.15	0	1	0	0	0
1365.15	0	1	0	0	0
1364.15	0	1	0	0	0
1363.15	0	1	0	0	0
1362.15	0	1	0	0	0
1361.15	0	1	0	0	0
1360.15	0	1	0	0	0
1359.15	0	1	0	0	0
1358.15	0	1	0	0	0
1357.15	0	1	0	0	0
1356.15	0	1	0	0	0
1355.15	0	1	0	0	0
1354.15	0	1	0	0	0
1353.15	0	1	0	0	0
1352.15	0	1	0	0	0
1351.15	0	1	0	0	0
1350.15	0	1	0	0	0
1349.15	0	1	0	0	0
1348.15	0	1	0	0	0
1347.15	0	1	0	0	0
1346.15	0	1	0	0	0
1345.15	0	1	0	0	0
1344.15	0	1	0	0	0
1343.15	0	1	0	0	0
1342.15	0	1	0	0	0
1341.15	0	1	0	0	0
1340.15	0	1	0	0	0
1339.15	0	1	0	0	0
1338.15	0	1	0	0	0
1337.15	0	1	0	0	0
1336.15	0	1	0	0	0
1335.15	0	1	0	0	0
1334.15	0	1	0	0	0
1333.15	0	1	0	0	0
1332.15	0	1	0	0	0
1331.15	0	1	0	0	0
1330.15	0	1	0	0	0
1329.15	0	1	0	0	0
1328.15	0	1	0	0	0
1327.783	0	1	0	0	0
1327.783	0	1	0	0	0
1327.783	0	1	0	0	0
1327.15	0	.9988629	.001137117	0	0
1326.15	0	.9970687	.00293126	0	0
1325.15	0	.9952787	.004721284	0	0
1324.15	0	.9934928	.006507185	0	0
1323.15	0	.991711	.008288964	0	0
1322.15	0	.9899334	.01006662	0	0
1321.15	0	.9881598	.01184015	0	0
1320.15	0	.9863905	.01360955	0	0
1319.15	0	.9846252	.01537482	0	0
1318.15	0	.982864	.01713596	0	0
1317.15	0	.981107	.01889298	0	0
1316.15	0	.9793542	.02064585	0	0
1315.15	0	.9776054	.02239459	0	0
1314.15	0	.9758608	.02413919	0	0
1313.15	0	.9741203	.02587966	0	0
1312.15	0	.972384	.02761598	0	0
1311.15	0	.9706518	.02934815	0	0
1310.15	0	.9689238	.03107618	0	0
1309.15	0	.9671999	.03280007	0	0
1308.15	0	.9654802	.0345198	0	0
1307.15	0	.9637646	.03623538	0	0
1306.15	0	.9620532	.0379468	0	0
1305.15	0	.9603459	.03965406	0	0
1304.15	0	.9586428	.04135717	0	0
1303.15	0	.9569439	.04305611	0	0
1302.15	0	.9552491	.04475088	0	0
1301.15	0	.9535585	.04644149	0	0
1300.15	0	.9518721	.04812792	0	0
1299.15	0	.9501898	.04981018	0	0
1298.15	0	.9485117	.05148826	0	0
1297.15	0	.9468378	.05316216	0	0
1296.15	0	.9451681	.05483187	0	0
1295.15	0	.9435026	.0564974	0	0
1294.15	0	.9418413	.05815874	0	0
1293.15	0	.9401841	.05981588	0	0
1292.15	0	.9385312	.06146883	0	0
1291.15	0	.9368824	.06311757	0	0
1290.15	0	.9352379	.06476211	0	0
1289.15	0	.9335976	.06640244	0	0
1288.15	0	.9319614	.06803856	0	0
1287.15	0	.9303295	.06967047	0	0
1286.15	0	.9287019	.07129815	0	0
1285.15	0	.9270784	.07292161	0	0
1284.15	0	.9254592	.07454084	0	0
1283.15	0	.9238442	.07615584	0	0
1282.15	0	.9222334	.0777666	0	0
1281.15	0	.9206269	.07937312	0	0
1280.15	0	.9190246	.0809754	0	0
1279.15	0	.9174266	.08257343	0	0
1278.15	0	.9158328	.0841672	0	0
1277.15	0	.9142433	.08575672	0	0
1276.15	0	.912658	.08734197	0	0
1275.15	0	.911077	.08892295	0	0
1274.15	0	.9095003	.09049966	0	0
1273.15	0	.9079279	.09207209	0	0
1272.15	0	.9063598	.09364024	0	0
1271.15	0	.9047959	.09520411	0	0
1270.15	0	.9032363	.09676368	0	0
1269.15	0	.9016811	.09831895	0	0
1268.15	0	.9001301	.09986991	0	0
1267.15	0	.8985834	.1014166	0	0
1266.15	0	.8970411	.1029589	0	0
1265.15	0	.8955031	.1044969	0	0
1264.15	0	.8939694	.1060306	0	0
1263.15	0	.89244	.10756	0	0
1262.15	0	.890915	.109085	0	0
1261.15	0	.8893943	.1106057	0	0
1260.15	0	.8878779	.1121221	0	0
1259.15	0	.886366	.113634	0	0
1258.15	0	.8848583	.1151417	0	0
1257.15	0	.8833551	.1166449	0	0
1256.15	0	.8818562	.1181438	0	0
1255.15	0	.8803617	.1196383	0	0
1254.15	0	.8788716	.1211284	0	0
1253.15	0	.8773859	.1226141	0	0
1252.15	0	.8759046	.1240954	0	0
1251.15	0	.8744277	.1255723	0	0
1250.15	0	.8729552	.1270449	0	0
1249.15	0	.8714871	.1285129	0	0
1248.15	0	.8700234	.1299766	0	0
1247.15	0	.8685642	.1314358	0	0
1246.15	0	.8671094	.1328906	0	0
1245.15	0	.8656591	.1343409	0	0
1244.15	0	.8642132	.1357868	0	0
1243.15	0	.8627718	.1372282	0	0
1242.15	0	.8613349	.1386651	0	0
1241.15	0	.8599024	.1400976	0	0
1240.15	0	.8584745	.1415255	0	0
1239.15	0	.857051	.142949	0	0
1238.15	0	.855632	.144368	0	0
1237.15	0	.8542175	.1457825	0	0
1236.15	0	.8528076	.1471924	0	0
1235.15	0	.8514022	.1485978	0	0
1234.15	0	.8500013	.1499987	0	0
1233.15	0	.8486049	.1513951	0	0
1232.15	0	.8472131	.1527869	0	0
1231.15	0	.8458259	.1541741	0	0
1230.15	0	.8444432	.1555568	0	0
1229.15	0	.8430651	.1569349	0	0
1228.15	0	.8416916	.1583084	0	0
1227.15	0	.8403227	.1596773	0	0
1226.15	0	.8389584	.1610416	0	0
1225.15	0	.8375987	.1624013	0	0
1224.15	0	.8362437	.1637563	0	0
1223.15	0	.8348932	.1651068	0	0
1222.15	0	.8335474	.1664526	0	0
1221.15	0	.8322062	.1677938	0	0
1220.15	0	.8308697	.1691303	0	0
1219.15	0	.8295379	.1704621	0	0
1218.15	0	.8282108	.1717892	0	0
1217.15	0	.8268883	.1731117	0	0
1216.15	0	.8255705	.1744295	0	0
1215.15	0	.8242575	.1757425	0	0
1214.15	0	.8229491	.1770509	0	0
1213.15	0	.8216455	.1783545	0	0
1212.15	0	.8203466	.1796534	0	0
1211.15	0	.8190525	.1809475	0	0
1210.15	0	.8177631	.1822369	0	0
1209.15	0	.8164785	.1835215	0	0
1208.15	0	.8151987	.1848013	0	0
1207.15	0	.8139237	.1860763	0	0
1206.15	0	.8126534	.1873466	0	0
1205.15	0	.811388	.188612	0	0
1204.15	0	.8101274	.1898726	0	0
1203.15	0	.8088716	.1911284	0	0
1202.15	0	.8076207	.1923793	0	0
1201.15	0	.8063747	.1936253	0	0
1200.15	0	.8051335	.1948665	0	0
1199.15	0	.8038971	.1961029	0	0
1198.15	0	.8026657	.1973343	0	0
1197.15	0	.8014392	.1985608	0	0
1196.15	0	.8002176	.1997825	0	0
1195.15	0	.7990009	.2009991	0	0
1194.15	0	.7977891	.2022109	0	0
1193.15	0	.7965823	.2034177	0	0
1192.15	0	.7953805	.2046196	0	0
1191.15	0	.7941836	.2058164	0	0
1190.15	0	.7929917	.2070083	0	0
1189.15	0	.7918048	.2081952	0	0
1188.15	0	.7906229	.2093771	0	0
1187.15	0	.7894461	.2105539	0	0
1186.15	0	.7882742	.2117258	0	0
1185.15	0	.7871075	.2128925	0	0
1184.15	0	.7859457	.2140543	0	0
1183.15	0	.7847891	.2152109	0	0
1182.15	0	.7836375	.2163625	0	0
1181.15	0	.7824911	.2175089	0	0
1180.15	0	.7813497	.2186503	0	0
1179.15	0	.7802135	.2197865	0	0
1178.15	0	.7790824	.2209176	0	0
1177.15	0	.7779565	.2220435	0	0
1176.15	0	.7768357	.2231643	0	0
1175.15	0	.7757201	.2242799	0	0
1174.15	0	.7746097	.2253903	0	0
1173.15	0	.7735045	.2264955	0	0
1172.15	0	.7724046	.2275954	0	0
1171.15	0	.7713098	.2286902	0	0
1170.15	0	.7702203	.2297797	0	0
1169.15	0	.7691361	.2308639	0	0
1168.15	0	.7680572	.2319428	0	0
1167.15	0	.7669835	.2330165	0	0
1166.15	0	.7659152	.2340849	0	0
1165.15	0	.7648521	.2351479	0	0
1164.15	0	.7637944	.2362056	0	0
1163.15	0	.7627421	.237258	0	0
1162.15	0	.7616951	.2383049	0	0
1161.15	0	.7606534	.2393466	0	0
1160.15	0	.7596172	.2403828	0	0
1159.15	0	.7585864	.2414136	0	0
1158.15	0	.757561	.242439	0	0
1157.15	0	.7565411	.243459	0	0
1156.15	0	.7555265	.2444735	0	0
1155.15	0	.7545175	.2454825	0	0
1154.15	0	.7535139	.2464861	0	0
1153.15	0	.7525158	.2474842	0	0
1152.15	0	.7515233	.2484767	0	0
1151.15	0	.7505363	.2494637	0	0
1150.15	0	.7495548	.2504452	0	0
1149.15	0	.7485789	.2514211	0	0
1148.15	0	.7476085	.2523915	0	0
1147.15	0	.7466438	.2533562	0	0
1146.15	0	.7456846	.2543154	0	0
1145.15	0	.7447311	.2552689	0	0
1144.15	0	.7437832	.2562168	0	0
1143.15	0	.742841	.257159	0	0
1142.15	0	.7419045	.2580956	0	0
1141.15	0	.7409736	.2590264	0	0
1140.15	0	.7400484	.2599516	0	0
1139.15	0	.739129	.260871	0	0
1138.15	0	.7382152	.2617848	0	0
1137.15	0	.7373073	.2626927	0	0
1136.15	0	.7364051	.2635949	0	0
1135.15	0	.7355087	.2644913	0	0
1134.15	0	.7346181	.265382	0	0
1133.15	0	.7337333	.2662667	0	0
1132.15	0	.7328543	.2671457	0	0
1131.15	0	.7319812	.2680188	0	0
1130.15	0	.7311139	.2688861	0	0
1129.15	0	.7302526	.2697474	0	0
1128.15	0	.7293971	.2706029	0	0
1127.15	0	.7285476	.2714524	0	0
1126.15	0	.727704	.272296	0	0
1125.15	0	.7268663	.2731337	0	0
1124.15	0	.7260346	.2739654	0	0
1123.15	0	.7252089	.2747911	0	0
1122.15	0	.7243892	.2756108	0	0
1121.15	0	.7235755	.2764245	0	0
1120.15	0	.7227679	.2772321	0	0
1119.15	0	.7219663	.2780337	0	0
1118.15	0	.7211708	.2788292	0	0
1117.15	0	.7203814	.2796187	0	0
1116.15	0	.719598	.280402	0	0
1115.15	0	.7188208	.2811792	0	0
1114.15	0	.7180498	.2819503	0	0
1113.15	0	.7172848	.2827152	0	0
1112.792	0	.7170123	.2829877	0	0
1112.792	0	.7170123	.2829877	0	0
1112.792	0	.7170123	.2829877	0	0
1112.15	0	.7162665	.2835064	2.27112E-04	0
1111.15	0	.7151106	.2843092	5.80147E-04	0
1110.15	0	.7139623	.2851055	9.321546E-04	0
1109.15	0	.7128216	.2858953	.001283137	0
1108.15	0	.7116885	.2866785	.001633096	0
1107.15	0	.7105629	.287455	.001982033	0
1106.15	0	.7094451	.288225	.002329952	0
1105.15	0	.7083348	.2889883	.002676852	0
1104.15	0	.7072323	.289745	.003022738	0
1103.15	0	.7061374	.290495	.003367609	0
1102.15	0	.7050503	.2912383	.003711469	0
1101.15	0	.7039708	.2919749	.00405432	0
1100.15	0	.7028991	.2927047	.004396162	0
1099.15	0	.7018352	.2934278	.004736998	0
1098.15	0	.7007791	.2941441	.00507683	0
1097.15	0	.6997307	.2948536	.005415659	0
1096.15	0	.6986902	.2955564	.005753488	0
1095.15	0	.6976574	.2962522	.006090317	0
1094.15	0	.6966326	.2969413	.006426149	0
1093.15	0	.6956156	.2976235	.006760986	0
1092.15	0	.6946064	.2982988	.007094828	0
1091.15	0	.6936052	.2989671	.007427678	0
1090.15	0	.6926119	.2996286	.007759538	0
1089.15	0	.6916265	.3002831	.008090408	0
1088.15	0	.6906491	.3009306	.008420291	0
1087.15	0	.6896796	.3015712	.008749189	0
1086.15	0	.6887182	.3022047	.009077102	0
1085.15	0	.6877647	.3028313	.009404032	0
1084.15	0	.6868193	.3034508	.009729981	0
1083.15	0	.6858819	.3040632	.01005495	0
1082.15	0	.6849525	.3046685	.01037894	0
1081.15	0	.6840312	.3052668	.01070195	0
1080.15	0	.6831181	.305858	.01102399	0
1079.15	0	.682213	.306442	.01134506	0
1078.15	0	.681316	.3070188	.01166515	0
1077.15	0	.6804272	.3075885	.01198427	0
1076.15	0	.6795466	.308151	.01230242	0
1075.15	0	.6786741	.3087063	.0126196	0
1074.15	0	.6778098	.3092544	.01293581	0
1073.15	0	.6769538	.3097952	.01325106	0
1072.15	0	.6761059	.3103288	.01356534	0
1071.15	0	.6752663	.310855	.01387866	0
1070.15	0	.674435	.311374	.01419102	0
1069.15	0	.6736119	.3118857	.01450241	0
1068.15	0	.6727971	.3123901	.01481284	0
1067.15	0	.6719906	.3128871	.01512232	0
1066.15	0	.6711925	.3133767	.01543083	0
1065.15	0	.6704026	.313859	.01573839	0
1064.15	0	.6696212	.3143339	.01604499	0
1063.15	0	.6688481	.3148013	.01635064	0
1062.15	0	.6680833	.3152613	.01665533	0
1061.15	0	.667327	.3157139	.01695907	0
1060.15	0	.6665791	.316159	.01726186	0
1059.15	0	.6658396	.3165967	.0175637	0
1058.15	0	.6651086	.3170268	.01786458	0
1057.15	0	.664386	.3174495	.01816451	0
1056.15	0	.6636719	.3178646	.0184635	0
1055.15	0	.6629663	.3182722	.01876153	0
1054.15	0	.6622691	.3186723	.01905862	0
1053.15	0	.6615805	.3190647	.01935476	0
1052.15	0	.6609004	.3194496	.01964996	0
1051.15	0	.6602289	.3198269	.01994421	0
1050.15	0	.6595658	.3201967	.02023751	0
1049.15	0	.6589114	.3205587	.02052987	0
1048.15	0	.6582655	.3209132	.02082129	0
1047.15	0	.6576282	.32126	.02111176	0
1046.15	0	.6569995	.3215992	.02140129	0
1045.15	0	.6563794	.3219307	.02168987	0
1044.15	0	.655768	.3222545	.02197751	0
1043.15	0	.6551651	.3225706	.02226422	0
1042.15	0	.654571	.3228791	.02254997	0
1041.15	0	.6539854	.3231798	.02283479	0
1040.15	0	.6534085	.3234728	.02311867	0
1039.15	0	.6528403	.3237581	.0234016	0
1038.15	0	.6522808	.3240356	.0236836	0
1037.15	0	.6517299	.3243054	.02396465	0
1036.15	0	.6511878	.3245674	.02424477	0
1035.15	0	.6506544	.3248217	.02452394	0
1034.15	0	.6501296	.3250682	.02480217	0
1033.15	0	.6496136	.3253069	.02507946	0
1032.15	0	.6491063	.3255379	.02535581	0
1031.15	0	.6486078	.325761	.02563122	0
1030.15	0	.648118	.3259763	.02590569	0
1029.15	0	.6476369	.3261839	.02617922	0
1028.15	0	.6471646	.3263836	.0264518	0
1027.15	0	.646701	.3265755	.02672344	0
1026.15	0	.6462462	.3267596	.02699414	0
1025.15	0	.6458002	.3269359	.0272639	0
1024.15	0	.6453629	.3271044	.02753272	0
1023.15	0	.6449344	.327265	.02780059	0
1022.15	0	.6445147	.3274178	.02806752	0
1021.15	0	.6441038	.3275627	.0283335	0
1020.15	0	.6437016	.3276999	.02859854	0
1019.15	0	.6433082	.3278292	.02886263	0
1018.15	0	.6429236	.3279507	.02912577	0
1017.15	0	.6425477	.3280643	.02938797	0
1016.15	0	.6421807	.3281701	.02964921	0
1015.15	0	.6418224	.3282681	.02990951	0
1014.15	0	.6414729	.3283583	.03016886	0
1013.15	0	.6411321	.3284406	.03042725	0
1012.15	0	.6408002	.3285152	.0306847	0
1011.15	0	.6404769	.3285819	.03094118	0
1010.15	0	.6401625	.3286408	.03119671	0
1009.15	0	.6398568	.3286919	.03145129	0
1008.15	0	.6395599	.3287352	.03170491	0
1007.15	0	.6392717	.3287707	.03195757	0
1006.15	0	.6389923	.3287985	.03220926	0
1005.15	0	.6387215	.3288185	.03246	0
1004.15	0	.6384595	.3288307	.03270977	0
1003.15	0	.6382063	.3288352	.03295857	0
1002.15	0	.6379617	.3288319	.03320641	0
1001.15	0	.6377259	.3288209	.03345327	0
1000.15	0	.6374987	.3288022	.03369917	0
999.15	0	.6372802	.3287757	.03394408	0
998.15	0	.6370704	.3287416	.03418803	0
997.15	0	.6368692	.3286998	.03443099	0
996.15	0	.6366766	.3286504	.03467298	0
995.15	0	.6364927	.3285933	.03491398	0
994.15	0	.6363174	.3285286	.03515399	0
993.15	0	.6361507	.3284563	.03539302	0
992.15	0	.6359925	.3283764	.03563105	0
991.15	0	.635843	.3282889	.03586809	0
990.15	0	.6357019	.3281939	.03610414	0
989.15	0	.6355694	.3280914	.03633918	0
988.15	0	.6354454	.3279814	.03657322	0
987.15	0	.6353299	.3278639	.03680626	0
986.15	0	.6352228	.3277389	.03703829	0
985.15	0	.6351242	.3276065	.0372693	0
984.15	0	.635034	.3274668	.03749929	0
983.15	0	.6349521	.3273196	.03772827	0
982.15	0	.6348787	.3271651	.03795622	0
981.15	0	.6348135	.3270033	.03818314	0
980.15	0	.6347567	.3268342	.03840903	0
979.15	0	.6347082	.3266579	.03863388	0
978.15	0	.6346679	.3264744	.0388577	0
977.15	0	.6346359	.3262837	.03908047	0
976.15	0	.634612	.3260858	.03930218	0
975.15	0	.6345963	.3258808	.03952285	0
974.15	0	.6345888	.3256688	.03974245	0
973.15	0	.6345893	.3254497	.03996099	0
972.15	0	.6345979	.3252237	.04017845	0
971.15	0	.6346145	.3249907	.04039485	0
970.15	0	.6346391	.3247508	.04061016	0
969.15	0	.6346716	.324504	.04082438	0
968.15	0	.6347121	.3242504	.04103751	0
967.15	0	.6347604	.3239901	.04124955	0
966.15	0	.6348165	.323723	.04146047	0
965.15	0	.6348804	.3234493	.04167029	0
964.15	0	.634952	.323169	.04187898	0
963.15	0	.6350314	.3228821	.04208655	0
962.15	0	.6351183	.3225887	.04229299	0
961.15	0	.6352129	.3222888	.04249829	0
960.15	0	.635315	.3219826	.04270244	0
959.15	0	.6354246	.32167	.04290543	0
958.15	0	.6355416	.3213512	.04310727	0
957.15	0	.635666	.3210261	.04330793	0
956.15	0	.6357977	.3206949	.0435074	0
955.15	0	.6359367	.3203576	.0437057	0
954.15	0	.6360829	.3200144	.04390279	0
953.15	0	.6362362	.3196651	.04409867	0
952.15	0	.6363966	.3193101	.04429334	0
951.15	0	.6365641	.3189492	.04448678	0
950.15	0	.6367384	.3185826	.04467898	0
949.15	0	.6369197	.3182104	.04486993	0
948.15	0	.6371078	.3178326	.04505963	0
947.15	0	.6373026	.3174493	.04524806	0
946.15	0	.6375042	.3170606	.0454352	0
945.15	0	.6377123	.3166667	.04562105	0
944.15	0	.6379269	.3162675	.04580559	0
943.15	0	.6381479	.3158633	.04598882	0
942.15	0	.6383753	.315454	.04617071	0
941.15	0	.638609	.3150397	.04635126	0
940.15	0	.6388489	.3146207	.04653045	0
939.15	0	.6390948	.3141969	.04670827	0
938.15	0	.6393468	.3137685	.0468847	0
937.15	0	.6396047	.3133356	.04705972	0
936.15	0	.6398684	.3128983	.04723333	0
935.15	0	.6401378	.3124567	.0474055	0
934.15	0	.6404128	.312011	.04757621	0
933.15	0	.6406934	.3115612	.04774546	0
932.15	0	.6409793	.3111075	.04791322	0
931.15	0	.6412705	.31065	.04807948	0
930.15	0	.6415669	.3101889	.0482442	0
929.15	0	.6418684	.3097243	.04840739	0
928.15	0	.6421747	.3092563	.048569	0
927.15	0	.6424859	.308785	.04872903	0
926.15	0	.6428018	.3083107	.04888745	0
925.15	0	.6431223	.3078335	.04904424	0
924.15	0	.6434471	.3073535	.04919938	0
923.15	0	.6437762	.306871	.04935283	0
922.15	0	.6441094	.306386	.04950459	0
921.15	0	.6444467	.3058987	.04965461	0
920.15	0	.6447877	.3054094	.04980287	0
919.15	0	.6451324	.3049183	.04994935	0
918.15	0	.6454806	.3044254	.05009402	0
917.15	0	.6458321	.3039311	.05023684	0
916.15	0	.6461867	.3034355	.05037779	0
915.15	0	.6465443	.3029389	.05051683	0
914.15	0	.6469047	.3024414	.05065392	0
913.15	0	.6472677	.3019433	.05078904	0
912.15	0	.6475344	.3015428	.05092282	0
911.15	0	.6475823	.3013623	.05105544	0
910.15	0	.6476693	.3011458	.05118485	0
909.15	0	.647794	.3008949	.05131112	0
908.15	0	.6479548	.3006109	.05143432	0
907.15	0	.6481502	.3002953	.05155451	0
906.15	0	.6483788	.2999494	.05167176	0
905.15	0	.6486393	.2995746	.05178612	0
904.15	0	.6489302	.2991721	.05189765	0
903.15	0	.6492504	.2987432	.05200639	0
902.15	0	.6495985	.2982891	.0521124	0
901.15	0	.6499733	.297811	.05221572	0
900.15	0	.6503738	.2973098	.05231641	0
899.15	0	.6507986	.2967869	.05241449	0
898.15	0	.6512469	.2962431	.05251002	0
897.15	0	.6517174	.2956796	.05260303	0
896.15	0	.6522092	.2950973	.05269357	0
895.15	0	.6527212	.2944971	.05278166	0
894.15	0	.6532525	.2938801	.05286735	0
893.15	0	.6538022	.2932472	.05295067	0
892.15	0	.6543693	.2925991	.05303165	0
891.15	0	.6549529	.2919368	.05311032	0
890.15	0	.6555523	.291261	.05318672	0
889.15	0	.6561665	.2905726	.05326088	0
888.15	0	.6567948	.2898724	.05333283	0
887.15	0	.6574363	.2891611	.05340259	0
886.15	0	.6580904	.2884394	.0534702	0
885.15	0	.6587562	.2877081	.05353569	0
884.15	0	.6594331	.2869678	.05359908	0
883.15	0	.6601204	.2862192	.05366039	0
882.15	0	.6608173	.285463	.05371966	0
881.15	0	.6615233	.2846998	.05377692	0
880.15	0	.6622377	.2839301	.05383218	0
879.15	0	.6629599	.2831546	.05388548	0
878.15	0	.6636893	.2823739	.05393684	0
877.15	0	.6644253	.2815884	.05398628	0
876.15	0	.6651674	.2807988	.05403384	0
875.15	0	.665915	.2800055	.05407952	0
874.15	0	.6666676	.279209	.05412337	0
873.15	0	.6674247	.2784099	.0541654	0
872.15	0	.6681858	.2776086	.05420564	0
871.15	0	.6689504	.2768055	.05424411	0
870.15	0	.669718	.2760011	.05428083	0
869.15	0	.6704883	.2751958	.05431583	0
868.15	0	.6712608	.2743901	.05434914	0
867.15	0	.6720351	.2735842	.05438077	0
866.15	0	.6728107	.2727786	.05441075	0
865.15	0	.6735873	.2719736	.05443909	0
864.15	0	.6743646	.2711696	.05446584	0
863.15	0	.6751421	.2703669	.054491	0
862.15	0	.6759195	.2695659	.0545146	0
861.15	0	.6766965	.2687668	.05453667	0
860.15	0	.6774728	.2679699	.05455722	0
859.15	0	.6782481	.2671756	.05457627	0
858.15	0	.6790221	.2663841	.05459386	0
857.15	0	.6797944	.2655956	.05460999	0
856.15	0	.6805649	.2648105	.0546247	0
855.15	0	.6813332	.2640288	.05463801	0
854.15	0	.6820991	.2632509	.05464993	0
853.15	0	.6828625	.262477	.05466049	0
852.15	0	.683623	.2617073	.0546697	0
851.15	0	.6843804	.260942	.0546776	0
850.15	0	.6851346	.2601812	.0546842	0
849.15	0	.6858854	.2594251	.05468952	0
848.15	0	.6866325	.258674	.05469358	0
847.15	0	.6873758	.2579278	.0546964	0
846.15	0	.6881151	.2571869	.05469801	0
845.15	0	.6888504	.2564512	.05469842	0
844.15	0	.6895813	.255721	.05469765	0
843.15	0	.6903079	.2549964	.05469572	0
842.15	0	.6910299	.2542775	.05469265	0
841.15	0	.6917472	.2535643	.05468847	0
840.15	0	.6924598	.2528571	.05468318	0
839.15	0	.6931674	.2521558	.05467682	0
838.15	0	.6938701	.2514605	.05466939	0
837.15	0	.6945678	.2507713	.05466091	0
836.15	0	.6952602	.2500884	.05465141	0
835.15	0	.6959474	.2494117	.0546409	0
834.15	0	.6966294	.2487413	.0546294	0
833.15	0	.6973059	.2480772	.05461693	0
832.15	0	.697977	.2474195	.0546035	0
831.15	0	.6986426	.2467683	.05458913	0
830.15	0	.6993026	.2461236	.05457384	0
829.15	0	.699957	.2454853	.05455764	0
828.15	0	.7006058	.2448536	.05454055	0
827.15	0	.701249	.2442284	.05452259	0
826.15	0	.7018864	.2436098	.05450378	0
825.15	0	.7025181	.2429978	.05448412	0
824.15	0	.7031441	.2423923	.05446364	0
823.15	0	.7037643	.2417934	.05444235	0
822.15	0	.7043787	.2412011	.05442026	0
821.15	0	.7049873	.2406153	.05439739	0
820.15	0	.7055901	.2400362	.05437376	0
819.15	0	.7061871	.2394635	.05434938	0
818.15	0	.7067783	.2388975	.05432426	0
817.15	0	.7073637	.2383379	.05429841	0
816.15	0	.7079432	.2377849	.05427186	0
815.15	0	.708517	.2372384	.05424461	0
814.15	0	.709085	.2366983	.05421669	0
813.15	0	.7096472	.2361647	.05418809	0
812.15	0	.7102037	.2356375	.05415884	0
811.15	0	.7107544	.2351167	.05412895	0
810.15	0	.7112993	.2346022	.05409843	0
809.15	0	.7118386	.2340941	.05406729	0
808.15	0	.7123722	.2335923	.05403555	0
807.15	0	.7129001	.2330967	.05400321	0
806.15	0	.7134224	.2326073	.0539703	0
805.15	0	.7139391	.2321241	.05393681	0
804.15	0	.7144501	.2316471	.05390277	0
803.15	0	.7149556	.2311762	.05386819	0
802.15	0	.7154556	.2307113	.05383307	0
801.15	0	.7159501	.2302524	.05379743	0
800.15	0	.7164392	.2297995	.05376127	0
799.15	0	.7169228	.2293526	.05372462	0
798.15	0	.717401	.2289115	.05368747	0
797.15	0	.7178738	.2284763	.05364985	0
796.15	0	.7183414	.2280469	.05361175	0
795.15	0	.7188036	.2276232	.0535732	0
794.15	0	.7192606	.2272052	.05353419	0
793.15	0	.7197124	.2267929	.05349475	0
792.15	0	.720159	.2263862	.05345487	0
791.15	0	.7206004	.225985	.05341457	0
790.15	0	.7210368	.2255893	.05337387	0
789.15	0	.7214681	.2251991	.05333276	0
788.15	0	.7218944	.2248143	.05329125	0
787.15	0	.7223157	.2244349	.05324936	0
786.15	0	.7227321	.2240608	.0532071	0
785.15	0	.7231436	.2236919	.05316446	0
784.15	0	.7235503	.2233283	.05312147	0
783.15	0	.7239521	.2229698	.05307813	0
782.15	0	.7243491	.2226164	.05303444	0
781.15	0	.7247415	.2222681	.05299042	0
780.15	0	.7251291	.2219248	.05294608	0
779.15	0	.7255121	.2215865	.05290141	0
778.15	0	.7258905	.221253	.05285643	0
777.15	0	.7262644	.2209245	.05281115	0
776.15	0	.7266337	.2206007	.05276557	0
775.15	0	.7269986	.2202817	.0527197	0
774.15	0	.727359	.2199674	.05267354	0
773.15	0	.7277151	.2196578	.05262712	0
772.15	0	.7280668	.2193528	.05258042	0
771.15	0	.7284141	.2190524	.05253345	0
770.15	0	.7287573	.2187565	.05248624	0
769.15	0	.7290962	.218465	.05243877	0
768.15	0	.7294309	.218178	.05239105	0
767.15	0	.7297615	.2178954	.0523431	0
766.15	0	.730088	.217617	.05229492	0
765.15	0	.7304105	.217343	.05224651	0
764.15	0	.730729	.2170732	.05219788	0
763.15	0	.7310434	.2168075	.05214904	0
762.15	0	.731354	.216546	.05209998	0
761.15	0	.7316607	.2162886	.05205073	0
760.15	0	.7319635	.2160353	.05200127	0
759.15	0	.7322625	.2157859	.05195162	0
758.15	0	.7325578	.2155405	.05190178	0
757.15	0	.7328493	.215299	.05185176	0
756.15	0	.7331371	.2150613	.05180156	0
755.15	0	.7334213	.2148275	.05175118	0
754.15	0	.7337019	.2145974	.05170064	0
753.15	0	.733979	.2143711	.05164992	0
752.15	0	.7342525	.2141484	.05159905	0
751.15	0	.7345225	.2139294	.05154802	0
750.15	0	.7347891	.213714	.05149684	0
749.15	0	.7350523	.2135022	.05144552	0
748.15	0	.7353121	.2132939	.05139404	0
747.15	0	.7355686	.213089	.05134243	0
746.15	0	.7358218	.2128876	.05129068	0
745.15	0	.7360717	.2126895	.0512388	0
744.15	0	.7363184	.2124948	.05118679	0
743.15	0	.7365619	.2123034	.05113465	0
742.15	0	.7368023	.2121153	.05108239	0
741.15	0	.7370396	.2119304	.05103002	0
740.15	0	.7372738	.2117487	.05097753	0
739.15	0	.7375049	.2115702	.05092492	0
738.15	0	.7377331	.2113947	.05087221	0
737.15	0	.7379583	.2112224	.05081939	0
736.15	0	.7381805	.211053	.05076647	0
735.15	0	.7383999	.2108867	.05071345	0
734.15	0	.7386164	.2107233	.05066033	0
733.15	0	.73883	.2105629	.05060712	0
732.15	0	.7390409	.2104053	.05055382	0
731.15	0	.739249	.2102506	.05050043	0
730.15	0	.7394543	.2100987	.05044696	0
729.15	0	.739657	.2099496	.0503934	0
728.15	0	.739857	.2098032	.05033976	0
727.15	0	.7400544	.2096596	.05028605	0
726.15	0	.7402492	.2095186	.05023225	0
725.15	0	.7404414	.2093803	.05017839	0
724.15	0	.740631	.2092445	.05012445	0
723.15	0	.7408182	.2091114	.05007045	0
722.15	0	.7410028	.2089808	.05001638	0
721.15	0	.7411851	.2088527	.04996224	0
720.15	0	.7413649	.2087271	.04990805	0
719.15	0	.7415423	.2086039	.04985379	0
718.15	0	.7417173	.2084832	.04979948	0
717.15	0	.7418901	.2083648	.04974511	0
716.15	0	.7420605	.2082489	.04969068	0
715.15	0	.7422286	.2081352	.04963621	0
714.15	0	.7423945	.2080238	.04958169	0
713.15	0	.7425582	.2079147	.04952711	0
712.15	0	.7427197	.2078078	.04947249	0
711.15	0	.742879	.2077032	.04941783	0
710.15	0	.7430362	.2076007	.04936312	0
709.15	0	.7431912	.2075004	.04930838	0
708.15	0	.7433442	.2074022	.04925359	0
707.15	0	.7434951	.2073061	.04919877	0
706.15	0	.743644	.2072121	.04914391	0
705.15	0	.7437909	.2071201	.04908901	0
704.15	0	.7439358	.2070301	.04903409	0
703.15	0	.7440787	.2069421	.04897913	0
702.15	0	.7442197	.2068562	.04892414	0
701.15	0	.7443588	.2067721	.04886913	0
700.15	0	.744496	.2066899	.04881409	0
699.15	0	.7446313	.2066097	.04875902	0
698.15	0	.7447648	.2065313	.04870393	0
697.15	0	.7448964	.2064548	.04864882	0
696.15	0	.7450263	.20638	.04859369	0
695.15	0	.7451544	.2063071	.04853854	0
694.15	0	.7452807	.2062359	.04848337	0
693.15	0	.7454053	.2061665	.04842818	0
693.1311	0	.7454077	.2061652	.04842714	0
693.1311	0	.7454077	.2061652	.04842714	0
693.1311	0	.7454077	.2061652	.04842714	0
692.15	0	.74656	.2043092	.04771474	.001416076
691.15	0	.7477152	.2024416	.04699497	.002848243
690.15	0	.7488513	.2005979	.04628153	.004269238
689.15	0	.7499688	.1987777	.04557432	.005679215
688.15	0	.7510679	.1969806	.04487325	.007078328
687.15	0	.752149	.1952061	.04417822	.008466727
686.15	0	.7532125	.1934538	.04348912	.009844561
685.15	0	.7542587	.1917234	.04280587	.01121198
684.15	0	.7552881	.1900144	.04212837	.01256912
683.15	0	.7563009	.1883265	.04145653	.01391612
682.15	0	.7572974	.1866592	.04079027	.01525313
681.15	0	.7582781	.1850122	.0401295	.01658028
680.15	0	.7592431	.1833851	.03947413	.01789771
679.15	0	.7601928	.1817776	.03882408	.01920555
678.15	0	.7611276	.1801893	.03817926	.02050392
677.15	0	.7620476	.1786198	.0375396	.02179297
676.15	0	.7629533	.1770689	.03690501	.02307281
675.15	0	.7638448	.1755362	.03627543	.02434357
674.15	0	.7647225	.1740214	.03565076	.02560538
673.15	0	.7655866	.1725241	.03503095	.02685835
672.15	0	.7664374	.1710441	.0344159	.0281026
671.15	0	.7672752	.169581	.03380556	.02933825
670.15	0	.7681002	.1681346	.03319984	.03056541
669.15	0	.7689126	.1667045	.03259869	.03178421
668.15	0	.7697128	.1652905	.03200202	.03299474
667.15	0	.7705009	.1638922	.03140979	.03419712
666.15	0	.7712771	.1625095	.03082191	.03539147
665.15	0	.7720418	.161142	.03023832	.03657787
664.15	0	.772795	.1597895	.02965897	.03775645
663.15	0	.7735372	.1584518	.02908378	.0389273
662.15	0	.7742702	.1571266	.02851185	.04009135
661.15	0	.7749904	.1558177	.02794493	.04124694
660.15	0	.7757001	.1545228	.02738198	.04239512
659.15	0	.7763995	.1532416	.02682296	.04353598
658.15	0	.7770888	.1519738	.02626779	.04466962
657.15	0	.7777682	.1507192	.02571643	.04579613
656.15	0	.7784379	.1494777	.02516883	.0469156
655.15	0	.779098	.148249	.02462493	.04802812
654.15	0	.7797487	.1470328	.02408467	.04913379
653.15	0	.7803903	.145829	.02354801	.05023269
652.15	0	.7810228	.1446374	.0230149	.05132491
651.15	0	.7816465	.1434577	.02248528	.05241053
650.15	0	.7822615	.1422897	.02195911	.05348963
649.15	0	.782868	.1411334	.02143635	.05456231
648.15	0	.7834661	.1399883	.02091693	.05562863
647.15	0	.784056	.1388545	.02040083	.05668869
646.15	0	.7846378	.1377316	.01988798	.05774256
645.15	0	.7852118	.1366195	.01937835	.05879033
644.15	0	.785778	.1355181	.01887189	.05983205
643.15	0	.7863365	.1344271	.01836856	.06086782
642.15	0	.7868876	.1333464	.01786832	.06189771
641.15	0	.7874314	.1322757	.01737113	.06292179
640.15	0	.7879679	.131215	.01687694	.06394013
639.15	0	.7884974	.1301641	.01638571	.06495281
638.15	0	.7890199	.1291228	.0158974	.0659599
637.15	0	.7895356	.1280909	.01541199	.06696146
636.15	0	.7900447	.1270684	.01492941	.06795757
635.15	0	.7905471	.1260549	.01444965	.06894829
634.15	0	.7910431	.1250505	.01397266	.06993368
633.15	0	.7915328	.1240549	.0134984	.07091383
632.15	0	.7920163	.1230681	.01302685	.07188878
631.15	0	.7924937	.1220898	.01255796	.0728586
630.15	0	.7929651	.1211199	.0120917	.07382336
629.15	0	.7934306	.1201583	.01162803	.07478312
628.15	0	.7938903	.1192049	.01116693	.07573794
627.15	0	.7943443	.1182594	.01070836	.07668787
626.15	0	.7947928	.1173219	.01025228	.07763298
625.15	0	.7952359	.1163921	.009798675	.07857333
624.15	0	.7956735	.11547	.009347501	.07950898
623.15	0	.7961059	.1145554	.008898731	.08043997
622.15	0	.7965331	.1136482	.008452334	.08136637
621.15	0	.7969552	.1127483	.008008281	.08228823
620.15	0	.7973724	.1118555	.007566543	.08320561
619.15	0	.7977846	.1109698	.007127091	.08411856
618.15	0	.798192	.110091	.006689897	.08502713
617.15	0	.7985947	.109219	.006254934	.08593138
616.15	0	.7989927	.1083538	.005822173	.08683135
615.15	0	.7993862	.1074951	.005391589	.08772709
614.15	0	.7997752	.106643	.004963155	.08861867
613.15	0	.8001598	.1057973	.004536845	.08950612
612.15	0	.8005401	.1049578	.004112633	.09038949
611.15	0	.8009161	.1041246	.003690495	.09126883
610.15	0	.8012879	.1032975	.003270405	.09214419
609.15	0	.8016557	.1024764	.00285234	.09301562
608.15	0	.8020194	.1016612	.002436276	.09388316
607.15	0	.8023792	.1008518	.00202219	.09474685
606.15	0	.8027351	.1000481	.001610057	.09560674
605.15	0	.8030872	.0992501	.001199857	.09646288
604.15	0	.8034355	.09845764	7.915655E-04	.0973153
603.15	0	.8037802	.09767063	3.851618E-04	.09816406
602.198	0	.8041049	.09692641	0	.0989687
602.198	0	.8041049	.09692641	0	.0989687
602.15	0	.804103	.09692028	0	.09897676
601.15	0	.8040623	.09679404	0	.09914362
600.15	0	.804021	.09667054	0	.09930848
599.15	0	.8039789	.09654974	0	.09947136
598.15	0	.8039361	.09643159	0	.0996323
597.15	0	.8038926	.09631607	0	.09979131
596.15	0	.8038484	.09620313	0	.09994843
595.15	0	.8038036	.09609274	0	.1001037
594.15	0	.8037581	.09598486	0	.1002571
593.15	0	.8037119	.09587945	0	.1004087
592.15	0	.8036651	.09577648	0	.1005585
591.15	0	.8036176	.09567591	0	.1007065
590.15	0	.8035695	.0955777	0	.1008528
589.15	0	.8035208	.09548182	0	.1009974
588.15	0	.8034715	.09538823	0	.1011403
587.15	0	.8034216	.0952969	0	.1012815
586.15	0	.8033711	.0952078	0	.1014211
585.15	0	.8033201	.09512088	0	.101559
584.15	0	.8032685	.09503612	0	.1016954
583.15	0	.8032163	.09495348	0	.1018302
582.15	0	.8031636	.09487292	0	.1019635
581.15	0	.8031103	.09479443	0	.1020953
580.15	0	.8030565	.09471795	0	.1022255
579.15	0	.8030022	.09464346	0	.1023543
578.15	0	.8029474	.09457093	0	.1024817
577.15	0	.8028921	.09450033	0	.1026076
576.15	0	.8028363	.09443162	0	.1027321
575.15	0	.80278	.09436477	0	.1028553
574.15	0	.8027232	.09429975	0	.1029771
573.15	0	.8026659	.09423653	0	.1030975
572.15	0	.8026083	.09417509	0	.1032167
571.15	0	.8025501	.09411538	0	.1033345
570.15	0	.8024915	.09405739	0	.1034511
569.15	0	.8024325	.09400107	0	.1035665
568.15	0	.802373	.09394641	0	.1036806
567.15	0	.8023131	.09389337	0	.1037935
566.15	0	.8022529	.09384193	0	.1039052
565.15	0	.8021922	.09379205	0	.1040158
564.15	0	.8021311	.09374371	0	.1041252
563.15	0	.8020696	.09369688	0	.1042335
562.15	0	.8020077	.09365154	0	.1043407
561.15	0	.8019455	.09360765	0	.1044468
560.15	0	.8018829	.09356519	0	.1045519
559.15	0	.80182	.09352414	0	.1046559
558.15	0	.8017566	.09348446	0	.1047589
557.15	0	.801693	.09344614	0	.1048609
556.15	0	.801629	.09340914	0	.1049619
555.15	0	.8015647	.09337344	0	.1050619
554.15	0	.8015001	.09333902	0	.1051609
553.15	0	.8014351	.09330585	0	.1052591
552.15	0	.8013698	.09327391	0	.1053563
551.15	0	.8013042	.09324317	0	.1054526
550.15	0	.8012384	.09321361	0	.105548
549.15	0	.8011722	.0931852	0	.1056426
548.15	0	.8011058	.09315793	0	.1057363
547.15	0	.801039	.09313177	0	.1058292
546.15	0	.8009721	.09310669	0	.1059213
545.15	0	.8009048	.09308267	0	.1060125
544.15	0	.8008373	.09305971	0	.106103
543.15	0	.8007695	.09303775	0	.1061927
542.15	0	.8007015	.0930168	0	.1062817
541.15	0	.8006333	.09299683	0	.1063699
540.15	0	.8005648	.09297781	0	.1064574
539.15	0	.8004961	.09295973	0	.1065442
538.15	0	.8004272	.09294256	0	.1066303
537.15	0	.800358	.09292629	0	.1067157
536.15	0	.8002887	.09291089	0	.1068004
535.15	0	.8002192	.09289635	0	.1068845
534.15	0	.8001494	.09288264	0	.106968
533.15	0	.8000795	.09286975	0	.1070508
532.15	0	.8000093	.09285765	0	.107133
531.15	0	.799939	.09284634	0	.1072146
530.15	0	.7998686	.09283578	0	.1072957
529.15	0	.7997979	.09282596	0	.1073761
528.15	0	.7997271	.09281687	0	.107456
527.15	0	.7996562	.09280848	0	.1075354
526.15	0	.7995851	.09280078	0	.1076142
525.15	0	.7995138	.09279375	0	.1076924
524.15	0	.7994424	.09278738	0	.1077702
523.15	0	.7993709	.09278164	0	.1078475
522.15	0	.7992992	.09277652	0	.1079243
521.15	0	.7992274	.092772	0	.1080006
520.15	0	.7991555	.09276807	0	.1080764
519.15	0	.7990835	.09276471	0	.1081518
518.15	0	.7990114	.0927619	0	.1082267
517.15	0	.7989392	.09275963	0	.1083012
516.15	0	.7988668	.09275789	0	.1083753
515.15	0	.7987944	.09275666	0	.1084489
514.15	0	.7987219	.09275592	0	.1085222
513.15	0	.7986493	.09275565	0	.108595
512.15	0	.7985767	.09275585	0	.1086675
511.15	0	.7985039	.09275651	0	.1087396
510.15	0	.7984311	.09275759	0	.1088113
509.15	0	.7983583	.0927591	0	.1088826
508.15	0	.7982854	.09276101	0	.1089536
507.15	0	.7982124	.09276332	0	.1090243
506.15	0	.7981394	.09276601	0	.1090946
505.15	0	.7980663	.09276907	0	.1091647
504.15	0	.7979932	.09277248	0	.1092343
503.15	0	.79792	.09277623	0	.1093037
502.15	0	.7978469	.0927803	0	.1093728
501.15	0	.7977737	.0927847	0	.1094416
500.15	0	.7977005	.0927894	0	.1095101
499.15	0	.7976272	.09279438	0	.1095784
498.15	0	.797554	.09279965	0	.1096464
497.15	0	.7974808	.09280518	0	.1097141
496.15	0	.7974075	.09281097	0	.1097815
495.15	0	.7973343	.092817	0	.1098487
494.15	0	.797261	.09282327	0	.1099157
493.15	0	.7971878	.09282975	0	.1099825
492.15	0	.7971146	.09283644	0	.110049
491.15	0	.7970414	.09284333	0	.1101152
490.15	0	.7969683	.09285041	0	.1101813
489.15	0	.7968951	.09285767	0	.1102472
488.15	0	.796822	.09286509	0	.1103129
487.15	0	.796749	.09287267	0	.1103784
486.15	0	.7966759	.0928804	0	.1104437
485.15	0	.796603	.09288826	0	.1105088
484.15	0	.79653	.09289625	0	.1105737
483.15	0	.7964572	.09290435	0	.1106385
482.15	0	.7963844	.09291256	0	.1107031
481.15	0	.7963116	.09292086	0	.1107675
480.15	0	.7962389	.09292926	0	.1108318
479.15	0	.7961663	.09293773	0	.110896
478.15	0	.7960938	.09294627	0	.11096
477.15	0	.7960213	.09295486	0	.1110238
476.15	0	.7959489	.09296352	0	.1110876
475.15	0	.7958766	.09297221	0	.1111512
474.15	0	.7958044	.09298093	0	.1112146
473.15	0	.7957323	.09298969	0	.111278
472.15	0	.7956603	.09299845	0	.1113412
471.15	0	.7955884	.09300723	0	.1114044
470.15	0	.7955166	.093016	0	.1114674
469.15	0	.7954449	.09302477	0	.1115303
468.15	0	.7953733	.09303352	0	.1115932
467.15	0	.7953019	.09304225	0	.1116559
466.15	0	.7952305	.09305094	0	.1117185
465.15	0	.7951593	.0930596	0	.1117811
464.15	0	.7950882	.09306821	0	.1118436
463.15	0	.7950172	.09307676	0	.111906
462.15	0	.7949464	.09308526	0	.1119683
461.15	0	.7948757	.09309368	0	.1120306
460.15	0	.7948052	.09310203	0	.1120928
459.15	0	.7947348	.0931103	0	.112155
458.15	0	.7946645	.09311848	0	.112217
457.15	0	.7945944	.09312655	0	.1122791
456.15	0	.7945244	.09313453	0	.112341
455.15	0	.7944546	.0931424	0	.112403
454.15	0	.794385	.09315015	0	.1124648
453.15	0	.7943155	.09315778	0	.1125267
452.15	0	.7942463	.09316527	0	.1125885
451.15	0	.7941771	.09317264	0	.1126502
450.15	0	.7941082	.09317986	0	.112712
449.15	0	.7940395	.09318683	0	.1127737
448.15	0	.793971	.09319362	0	.1128354
447.15	0	.7939027	.09320024	0	.1128971
446.15	0	.7938346	.09320666	0	.1129588
445.15	0	.7937667	.09321288	0	.1130204
444.15	0	.7936991	.09321887	0	.1130821
443.15	0	.7936316	.09322463	0	.1131437
442.15	0	.7935645	.09323013	0	.1132054
441.15	0	.7934976	.09323537	0	.1132671
440.15	0	.7934309	.09324033	0	.1133288
439.15	0	.7933645	.093245	0	.1133905
438.15	0	.7932984	.09324937	0	.1134522
437.15	0	.7932326	.09325343	0	.1135139
436.15	0	.7931671	.09325716	0	.1135757
435.15	0	.7931019	.09326056	0	.1136375
434.15	0	.793037	.09326361	0	.1136994
433.15	0	.7929724	.09326631	0	.1137613
432.15	0	.7929082	.09326864	0	.1138232
431.15	0	.7928442	.09327059	0	.1138852
430.15	0	.7927806	.09327216	0	.1139472
429.15	0	.7927174	.09327334	0	.1140093
428.15	0	.7926545	.09327412	0	.1140714
427.15	0	.7925919	.09327449	0	.1141336
426.15	0	.7925297	.09327445	0	.1141958
425.15	0	.7924679	.09327399	0	.1142581
424.15	0	.7924064	.09327309	0	.1143205
423.15	0	.7923453	.09327176	0	.1143829
422.15	0	.7922846	.09326999	0	.1144454
421.15	0	.7922243	.09326777	0	.114508
420.15	0	.7921643	.0932651	0	.1145706
419.15	0	.7921048	.09326197	0	.1146333
418.15	0	.7920456	.09325838	0	.114696
417.15	0	.7919868	.09325432	0	.1147589
416.15	0	.7919284	.09324979	0	.1148218
415.15	0	.7918704	.09324478	0	.1148848
414.15	0	.7918129	.0932393	0	.1149478
413.15	0	.7917557	.09323333	0	.115011
412.15	0	.7916989	.09322687	0	.1150742
411.15	0	.7916426	.09321993	0	.1151375
410.15	0	.7915866	.09321249	0	.1152009
409.15	0	.7915311	.09320456	0	.1152643
408.15	0	.791476	.09319613	0	.1153279
407.15	0	.7914213	.09318721	0	.1153915
406.15	0	.7913671	.09317778	0	.1154552
405.15	0	.7913132	.09316785	0	.1155189
404.15	0	.7912598	.09315741	0	.1155828
403.15	0	.7912068	.09314647	0	.1156467
402.15	0	.7911542	.09313503	0	.1157107
401.15	0	.7911021	.09312308	0	.1157748
400.15	0	.7910504	.09311062	0	.115839
399.15	0	.7909991	.09309765	0	.1159033
398.15	0	.7909482	.09308418	0	.1159676
397.15	0	.7908978	.09307019	0	.116032
396.15	0	.7908478	.0930557	0	.1160965
395.15	0	.7907982	.0930407	0	.1161611
394.15	0	.7907491	.09302519	0	.1162257
393.15	0	.7907004	.09300918	0	.1162905
392.15	0	.7906521	.09299265	0	.1163553
391.15	0	.7906042	.09297563	0	.1164202
390.15	0	.7905568	.09295809	0	.1164851
389.15	0	.7905098	.09294006	0	.1165502
388.15	0	.7904632	.09292152	0	.1166153
387.15	0	.790417	.09290248	0	.1166805
386.15	0	.7903713	.09288295	0	.1167458
385.15	0	.790326	.09286291	0	.1168111
384.15	0	.7902811	.09284238	0	.1168765
383.15	0	.7902366	.09282135	0	.116942
382.15	0	.7901926	.09279983	0	.1170076
381.15	0	.790149	.09277783	0	.1170732
380.15	0	.7901058	.09275533	0	.1171389
379.15	0	.790063	.09273235	0	.1172047
378.15	0	.7900206	.09270888	0	.1172705
377.15	0	.7899787	.09268494	0	.1173364
376.15	0	.7899371	.09266051	0	.1174024
375.15	0	.789896	.09263561	0	.1174684
374.15	0	.7898553	.09261024	0	.1175345
373.15	0	.7898149	.09258439	0	.1176007
372.15	0	.789775	.09255808	0	.1176669
371.15	0	.7897355	.09253131	0	.1177332
370.15	0	.7896964	.09250407	0	.1177995
369.15	0	.7896577	.09247637	0	.1178659
368.15	0	.7896194	.09244822	0	.1179324
367.15	0	.7895815	.09241962	0	.1179989
366.15	0	.789544	.09239056	0	.1180654
365.15	0	.7895069	.09236106	0	.118132
364.15	0	.7894702	.09233112	0	.1181987
363.15	0	.7894338	.09230074	0	.1182654
362.15	0	.7893979	.09226992	0	.1183322
361.15	0	.7893623	.09223867	0	.118399
360.15	0	.7893271	.09220699	0	.1184659
