T	 BPW(LIQUID)	BPW(BCC_A2)	BPW(FCC_A1)	BPW(LAVES_PHASE_C14)	BPW(NI3TI)
1473.15	.07705739	.8803148	0	.04262777	0
1472.15	.07207173	.8834397	0	.04448857	0
1471.15	.06717899	.8865004	0	.04632057	0
1470.15	.06237671	.8894987	0	.04812456	0
1469.15	.05766253	.8924362	0	.04990127	0
1468.15	.05303416	.8953144	0	.05165145	0
1467.15	.04848939	.8981348	0	.05337579	0
1466.15	.04402607	.900899	0	.05507498	0
1465.15	.03964215	.9036082	0	.05674967	0
1464.15	.03533561	.9062639	0	.05840049	0
1463.15	.03110453	.9088674	0	.06002807	0
1462.15	.02694703	.91142	0	.06163298	0
1461.15	.0228613	.9139229	0	.06321582	0
1460.15	.01884557	.9163773	0	.06477713	0
1459.15	.01489816	.9187844	0	.06631745	0
1458.15	.01101742	.9211453	0	.0678373	0
1457.15	.007201735	.9234611	0	.0693372	0
1456.15	.003449574	.9257328	0	.07081762	0
1455.216	0	.9278164	0	.0721836	0
1455.216	0	.9278164	0	.0721836	0
1455.15	0	.9277768	0	.07222321	0
1454.15	0	.9271748	0	.07282521	0
1453.15	0	.9265744	0	.07342562	0
1452.15	0	.9259756	0	.07402443	0
1451.15	0	.9253784	0	.07462165	0
1450.15	0	.9247827	0	.07521729	0
1449.15	0	.9241886	0	.07581136	0
1448.15	0	.9235962	0	.07640384	0
1447.15	0	.9230052	0	.07699477	0
1446.15	0	.9224159	0	.07758412	0
1445.15	0	.9218281	0	.07817193	0
1444.569	0	.9214873	0	.07851275	0
1444.569	0	.9214873	0	.07851275	0
1444.569	0	.9214873	0	.07851275	0
1444.15	0	.9200574	.001138803	.07880384	0
1443.15	0	.9166509	.00385233	.07949678	0
1442.15	0	.9132536	.006559256	.0801871	0
1441.15	0	.9098656	.00925959	.08087483	0
1440.15	0	.9064867	.01195334	.08155997	0
1439.15	0	.9031169	.01464053	.08224254	0
1438.15	0	.8997563	.01732115	.08292255	0
1437.15	0	.8964048	.01999522	.08360001	0
1436.15	0	.8930623	.02266275	.08427493	0
1435.15	0	.8897289	.02532376	.08494732	0
1434.15	0	.8864046	.02797823	.08561721	0
1433.15	0	.8830892	.0306262	.08628459	0
1432.15	0	.8797829	.03326767	.08694947	0
1431.15	0	.8764855	.03590264	.08761189	0
1430.15	0	.873197	.03853113	.08827183	0
1429.15	0	.8699175	.04115314	.08892932	0
1428.15	0	.866647	.04376869	.08958436	0
1427.15	0	.8633852	.04637778	.09023698	0
1426.15	0	.8601324	.04898042	.09088717	0
1425.15	0	.8568884	.05157662	.09153494	0
1424.15	0	.8536533	.05416639	.09218032	0
1423.15	0	.850427	.05674974	.09282332	0
1422.15	0	.8472094	.05932667	.09346393	0
1421.15	0	.8440006	.0618972	.09410217	0
1420.15	0	.8408006	.06446133	.09473807	0
1419.15	0	.8376093	.06701907	.09537161	0
1418.15	0	.8344268	.06957042	.09600282	0
1417.15	0	.8312529	.0721154	.09663171	0
1416.15	0	.8280877	.07465402	.09725828	0
1415.15	0	.8249312	.07718627	.09788255	0
1414.15	0	.8217833	.07971217	.09850453	0
1413.15	0	.8186441	.08223173	.09912423	0
1412.15	0	.8155134	.08474495	.09974165	0
1411.15	0	.8123914	.08725183	.1003568	0
1410.15	0	.8092779	.0897524	.1009697	0
1409.15	0	.806173	.09224664	.1015804	0
1408.15	0	.8030766	.09473458	.1021888	0
1407.15	0	.7999887	.09721621	.102795	0
1406.15	0	.7969094	.09969154	.1033991	0
1405.15	0	.7938386	.1021606	.1040009	0
1404.15	0	.7907762	.1046233	.1046005	0
1403.15	0	.7877223	.1070798	.1051979	0
1402.15	0	.7846768	.10953	.1057932	0
1401.15	0	.7816398	.111974	.1063863	0
1400.15	0	.7786112	.1144116	.1069772	0
1399.15	0	.775591	.116843	.107566	0
1398.15	0	.7725791	.1192682	.1081527	0
1397.15	0	.7695757	.1216871	.1087372	0
1396.15	0	.7665806	.1240998	.1093196	0
1395.15	0	.7635938	.1265063	.1098999	0
1394.15	0	.7606154	.1289065	.1104782	0
1393.15	0	.7576453	.1313004	.1110543	0
1392.15	0	.7546834	.1336882	.1116284	0
1391.15	0	.7517299	.1360698	.1122003	0
1390.15	0	.7487846	.1384451	.1127703	0
1389.15	0	.7458476	.1408142	.1133381	0
1388.15	0	.7429189	.1431772	.113904	0
1387.15	0	.7399984	.1455339	.1144678	0
1386.15	0	.7370861	.1478844	.1150295	0
1385.15	0	.734182	.1502288	.1155893	0
1384.15	0	.7312861	.1525669	.116147	0
1383.15	0	.7283984	.1548989	.1167028	0
1382.15	0	.7255188	.1572246	.1172565	0
1381.15	0	.7226475	.1595443	.1178083	0
1380.15	0	.7197842	.1618577	.1183581	0
1379.15	0	.7169292	.1641649	.1189059	0
1378.15	0	.7140822	.166466	.1194518	0
1377.15	0	.7112434	.168761	.1199957	0
1376.15	0	.7084126	.1710497	.1205377	0
1375.15	0	.70559	.1733323	.1210777	0
1374.15	0	.7027754	.1756087	.1216159	0
1373.15	0	.6999689	.177879	.1221521	0
1372.15	0	.6971705	.1801431	.1226864	0
1371.15	0	.6943802	.1824011	.1232188	0
1370.15	0	.6915978	.1846529	.1237493	0
1369.15	0	.6888235	.1868985	.1242779	0
1368.15	0	.6860573	.1891381	.1248047	0
1367.15	0	.683299	.1913714	.1253295	0
1366.15	0	.6805488	.1935986	.1258526	0
1365.15	0	.6778066	.1958197	.1263737	0
1364.15	0	.6750723	.1980346	.126893	0
1363.15	0	.6723461	.2002434	.1274105	0
1362.15	0	.6696278	.2024461	.1279262	0
1361.15	0	.6669175	.2046425	.12844	0
1360.15	0	.6642151	.2068329	.128952	0
1359.15	0	.6615207	.2090171	.1294622	0
1358.15	0	.6588342	.2111951	.1299706	0
1357.15	0	.6561557	.2133671	.1304772	0
1356.15	0	.6534851	.2155328	.130982	0
1355.15	0	.6508225	.2176925	.1314851	0
1354.15	0	.6481677	.2198459	.1319864	0
1353.15	0	.6455209	.2219933	.1324859	0
1352.15	0	.6428819	.2241344	.1329836	0
1351.15	0	.6402509	.2262695	.1334796	0
1350.15	0	.6376278	.2283984	.1339739	0
1349.15	0	.6350125	.2305211	.1344664	0
1348.15	0	.6324051	.2326377	.1349572	0
1347.15	0	.6298057	.2347481	.1354463	0
1346.15	0	.627214	.2368524	.1359336	0
1345.15	0	.6246303	.2389505	.1364193	0
1344.15	0	.6220544	.2410424	.1369032	0
1343.15	0	.6194864	.2431282	.1373854	0
1342.15	0	.6169262	.2452078	.137866	0
1341.15	0	.6143739	.2472812	.1383449	0
1340.15	0	.6118294	.2493485	.1388221	0
1339.15	0	.6092928	.2514096	.1392976	0
1338.15	0	.606764	.2534645	.1397715	0
1337.15	0	.6042431	.2555132	.1402437	0
1336.15	0	.60173	.2575557	.1407143	0
1335.15	0	.5992247	.2595921	.1411832	0
1334.15	0	.5967273	.2616222	.1416505	0
1333.15	0	.5942377	.2636462	.1421161	0
1332.15	0	.5917559	.2656639	.1425802	0
1331.15	0	.589282	.2676754	.1430426	0
1330.15	0	.5868158	.2696808	.1435034	0
1329.15	0	.5843575	.2716799	.1439626	0
1328.15	0	.5819071	.2736727	.1444202	0
1327.15	0	.5794644	.2756594	.1448762	0
1326.15	0	.5770296	.2776398	.1453306	0
1325.15	0	.5746026	.279614	.1457835	0
1324.15	0	.5721834	.2815819	.1462347	0
1323.15	0	.569772	.2835436	.1466844	0
1322.15	0	.5673685	.285499	.1471326	0
1321.15	0	.5649727	.2874481	.1475791	0
1320.15	0	.5625848	.289391	.1480242	0
1319.15	0	.5602048	.2913276	.1484677	0
1318.15	0	.5578325	.2932579	.1489096	0
1317.15	0	.5554681	.2951819	.14935	0
1316.15	0	.5531115	.2970996	.1497889	0
1315.15	0	.5507627	.299011	.1502262	0
1314.15	0	.5484218	.3009161	.1506621	0
1313.15	0	.5460887	.3028149	.1510964	0
1312.15	0	.5437635	.3047073	.1515292	0
1311.15	0	.541446	.3065934	.1519606	0
1310.15	0	.5391365	.3084731	.1523904	0
1309.15	0	.5368348	.3103465	.1528187	0
1308.15	0	.5345409	.3122135	.1532456	0
1307.15	0	.5322549	.3140741	.153671	0
1306.15	0	.5299767	.3159284	.1540949	0
1305.15	0	.5277065	.3177762	.1545173	0
1304.15	0	.525444	.3196177	.1549383	0
1303.15	0	.5231895	.3214527	.1553578	0
1302.15	0	.5209428	.3232813	.1557759	0
1301.15	0	.5187041	.3251034	.1561925	0
1300.15	0	.5164732	.3269191	.1566077	0
1299.15	0	.5142502	.3287284	.1570214	0
1298.15	0	.5120351	.3305312	.1574337	0
1297.15	0	.509828	.3323274	.1578446	0
1296.15	0	.5076287	.3341172	.1582541	0
1295.15	0	.5054374	.3359005	.1586621	0
1294.15	0	.503254	.3376773	.1590688	0
1293.15	0	.5010785	.3394475	.159474	0
1292.15	0	.498911	.3412112	.1598778	0
1291.15	0	.4967514	.3429683	.1602803	0
1290.15	0	.4945998	.3447189	.1606813	0
1289.15	0	.4924562	.3464629	.161081	0
1288.15	0	.4903205	.3482002	.1614793	0
1287.15	0	.4881928	.349931	.1618762	0
1286.15	0	.4860732	.3516551	.1622717	0
1285.15	0	.4839615	.3533726	.1626659	0
1284.15	0	.4818579	.3550835	.1630587	0
1283.15	0	.4797622	.3567877	.1634501	0
1282.15	0	.4776746	.3584852	.1638402	0
1281.15	0	.4755951	.360176	.1642289	0
1280.15	0	.4735236	.36186	.1646163	0
1279.15	0	.4714602	.3635374	.1650024	0
1278.15	0	.4694049	.365208	.1653871	0
1277.15	0	.4673577	.3668718	.1657705	0
1276.15	0	.4653186	.3685289	.1661526	0
1275.15	0	.4632876	.3701791	.1665333	0
1274.15	0	.4612647	.3718226	.1669127	0
1273.15	0	.45925	.3734592	.1672909	0
1272.15	0	.4572434	.3750889	.1676677	0
1271.15	0	.455245	.3767118	.1680432	0
1270.15	0	.4532548	.3783279	.1684174	0
1269.15	0	.4512728	.379937	.1687903	0
1268.15	0	.449299	.3815392	.1691619	0
1267.15	0	.4473334	.3831344	.1695322	0
1266.15	0	.4453761	.3847227	.1699013	0
1265.15	0	.443427	.386304	.170269	0
1264.15	0	.4414862	.3878783	.1706355	0
1263.15	0	.4395537	.3894456	.1710007	0
1262.15	0	.4376295	.3910058	.1713647	0
1261.15	0	.4357136	.392559	.1717274	0
1260.15	0	.433806	.3941051	.1720888	0
1259.15	0	.4319068	.3956441	.172449	0
1258.15	0	.430016	.397176	.172808	0
1257.15	0	.4281336	.3987008	.1731656	0
1256.15	0	.4262596	.4002183	.1735221	0
1255.15	0	.424394	.4017287	.1738773	0
1254.15	0	.4225369	.4032319	.1742313	0
1253.15	0	.4206882	.4047278	.174584	0
1252.15	0	.418848	.4062165	.1749355	0
1251.15	0	.4170163	.4076979	.1752858	0
1250.15	0	.4151931	.409172	.1756349	0
1249.15	0	.4133785	.4106388	.1759828	0
1248.15	0	.4115724	.4120982	.1763294	0
1247.15	0	.4097749	.4135502	.1766748	0
1246.15	0	.4079861	.4149949	.1770191	0
1245.15	0	.4062058	.4164321	.1773621	0
1244.15	0	.4044342	.4178618	.1777039	0
1243.15	0	.4026713	.4192841	.1780446	0
1242.15	0	.4009171	.4206989	.1783841	0
1241.15	0	.3991715	.4221061	.1787223	0
1240.15	0	.3974348	.4235058	.1790594	0
1239.15	0	.3957067	.4248979	.1793953	0
1238.15	0	.3939875	.4262824	.1797301	0
1237.15	0	.3922771	.4276593	.1800637	0
1236.15	0	.3905755	.4290285	.1803961	0
1235.15	0	.3888828	.4303899	.1807273	0
1234.15	0	.3871989	.4317437	.1810574	0
1233.15	0	.385524	.4330897	.1813863	0
1232.15	0	.383858	.434428	.1817141	0
1231.15	0	.3822009	.4357584	.1820407	0
1230.15	0	.3805529	.437081	.1823661	0
1229.15	0	.3789138	.4383957	.1826905	0
1228.15	0	.3772838	.4397026	.1830137	0
1227.15	0	.3756629	.4410015	.1833357	0
1226.15	0	.374051	.4422924	.1836566	0
1225.15	0	.3724483	.4435753	.1839764	0
1224.15	0	.3708547	.4448503	.1842951	0
1223.15	0	.3692703	.4461171	.1846126	0
1222.15	0	.3676951	.4473759	.184929	0
1221.15	0	.3661292	.4486266	.1852443	0
1220.15	0	.3645725	.4498691	.1855585	0
1219.15	0	.3630251	.4511034	.1858715	0
1218.15	0	.361487	.4523295	.1861835	0
1217.15	0	.3599583	.4535473	.1864944	0
1216.15	0	.358439	.4547569	.1868041	0
1215.15	0	.3569291	.4559582	.1871128	0
1214.15	0	.3554286	.4571511	.1874204	0
1213.15	0	.3539376	.4583355	.1877268	0
1212.15	0	.3524562	.4595116	.1880322	0
1211.15	0	.3509842	.4606793	.1883365	0
1210.15	0	.3495219	.4618384	.1886397	0
1209.15	0	.3480692	.462989	.1889419	0
1208.15	0	.3466261	.464131	.1892429	0
1207.15	0	.3451927	.4652644	.1895429	0
1206.15	0	.343769	.4663892	.1898418	0
1205.15	0	.342355	.4675053	.1901397	0
1204.15	0	.3409509	.4686127	.1904365	0
1203.15	0	.3395565	.4697113	.1907322	0
1202.15	0	.338172	.4708011	.1910268	0
1201.15	0	.3367974	.4718821	.1913205	0
1200.15	0	.3354327	.4729543	.191613	0
1199.15	0	.334078	.4740175	.1919045	0
1198.15	0	.3327332	.4750718	.192195	0
1197.15	0	.3313986	.4761171	.1924844	0
1196.15	0	.3300739	.4771533	.1927728	0
1195.15	0	.3287594	.4781805	.1930601	0
1194.15	0	.327455	.4791986	.1933464	0
1193.15	0	.3261608	.4802076	.1936316	0
1192.15	0	.3248768	.4812073	.1939159	0
1191.15	0	.3236031	.4821978	.1941991	0
1190.15	0	.3223397	.4831791	.1944813	0
1189.15	0	.3210866	.484151	.1947624	0
1188.15	0	.3198439	.4851136	.1950425	0
1187.15	0	.3186116	.4860668	.1953217	0
1186.15	0	.3173897	.4870105	.1955998	0
1185.15	0	.3161784	.4879447	.1958769	0
1184.15	0	.3149776	.4888695	.196153	0
1183.15	0	.3137874	.4897846	.196428	0
1182.15	0	.3126077	.4906902	.1967021	0
1181.15	0	.3114388	.491586	.1969752	0
1180.15	0	.3102805	.4924722	.1972473	0
1179.15	0	.309133	.4933486	.1975184	0
1178.15	0	.3079963	.4942153	.1977885	0
1177.15	0	.3068704	.4950721	.1980576	0
1176.15	0	.3057554	.495919	.1983257	0
1175.15	0	.3046512	.496756	.1985928	0
1174.15	0	.3035581	.497583	.198859	0
1173.15	0	.3024759	.4984	.1991241	0
1172.15	0	.3014048	.4992069	.1993883	0
1171.15	0	.3003447	.5000037	.1996515	0
1170.15	0	.2992958	.5007904	.1999138	0
1169.15	0	.2982581	.5015669	.2001751	0
1168.15	0	.2972315	.5023331	.2004354	0
1167.15	0	.2962163	.503089	.2006947	0
1166.15	0	.2952123	.5038346	.2009531	0
1165.15	0	.2942197	.5045698	.2012106	0
1164.15	0	.2932384	.5052945	.201467	0
1163.15	0	.2922687	.5060088	.2017225	0
1162.15	0	.2913104	.5067125	.2019771	0
1161.15	0	.2903636	.5074057	.2022307	0
1160.15	0	.2894284	.5080882	.2024834	0
1159.15	0	.2885048	.5087601	.2027351	0
1158.15	0	.2875929	.5094212	.2029859	0
1157.15	0	.2866927	.5100715	.2032358	0
1156.15	0	.2858042	.5107111	.2034847	0
1155.15	0	.2849276	.5113397	.2037327	0
1154.15	0	.2840627	.5119576	.2039797	0
1153.15	0	.2832098	.5125644	.2042259	0
1152.15	0	.2823688	.5131601	.204471	0
1151.15	0	.2815398	.5137449	.2047153	0
1150.15	0	.2807229	.5143185	.2049587	0
1149.15	0	.279918	.5148809	.2052011	0
1148.15	0	.2791252	.5154321	.2054426	0
1147.15	0	.2783446	.5159721	.2056832	0
1146.15	0	.2775763	.5165008	.2059229	0
1145.15	0	.2768201	.5170182	.2061617	0
1144.15	0	.2760763	.5175241	.2063996	0
1143.15	0	.2753449	.5180186	.2066366	0
1142.15	0	.2746258	.5185016	.2068726	0
1141.15	0	.2739192	.518973	.2071078	0
1140.15	0	.273225	.5194329	.2073421	0
1139.15	0	.2725434	.5198811	.2075755	0
1138.15	0	.2718744	.5203176	.207808	0
1137.15	0	.271218	.5207424	.2080396	0
1136.15	0	.2705743	.5211554	.2082703	0
1135.15	0	.2699433	.5215566	.2085001	0
1134.15	0	.269325	.5219459	.2087291	0
1133.15	0	.2687196	.5223233	.2089572	0
1132.15	0	.268127	.5226887	.2091844	0
1131.15	0	.2675473	.5230421	.2094107	0
1130.15	0	.2669805	.5233834	.2096361	0
1129.15	0	.2664267	.5237126	.2098607	0
1128.15	0	.2658859	.5240296	.2100845	0
1127.15	0	.2653582	.5243345	.2103073	0
1126.15	0	.2648436	.5246271	.2105293	0
1125.15	0	.2643422	.5249074	.2107504	0
1124.15	0	.263854	.5251753	.2109707	0
1123.15	0	.2633789	.5254309	.2111901	0
1122.15	0	.2629172	.5256741	.2114087	0
1121.15	0	.2624688	.5259048	.2116264	0
1120.15	0	.2620337	.5261229	.2118433	0
1119.15	0	.2616121	.5263286	.2120594	0
1118.15	0	.2612039	.5265216	.2122746	0
1117.15	0	.2608091	.5267019	.2124889	0
1116.15	0	.2604279	.5268696	.2127024	0
1115.15	0	.2600603	.5270246	.2129151	0
1114.15	0	.2597062	.5271668	.213127	0
1113.15	0	.2593658	.5272962	.213338	0
1112.15	0	.259039	.5274128	.2135482	0
1111.15	0	.2587259	.5275165	.2137576	0
1110.15	0	.2584266	.5276072	.2139661	0
1109.15	0	.2581411	.527685	.2141739	0
1108.15	0	.2578693	.5277499	.2143808	0
1107.15	0	.2576115	.5278016	.2145869	0
1106.15	0	.2573674	.5278403	.2147922	0
1105.15	0	.2571373	.5278659	.2149967	0
1104.15	0	.2569212	.5278784	.2152004	0
1103.15	0	.256719	.5278777	.2154033	0
1102.15	0	.2565308	.5278638	.2156054	0
1101.15	0	.2563567	.5278367	.2158067	0
1100.15	0	.2561966	.5277963	.2160072	0
1099.15	0	.2560506	.5277426	.2162069	0
1098.15	0	.2559187	.5276755	.2164058	0
1097.15	0	.2558009	.5275952	.2166039	0
1096.15	0	.2556974	.5275014	.2168013	0
1095.15	0	.255608	.5273942	.2169978	0
1094.15	0	.2555328	.5272736	.2171936	0
1093.15	0	.2554719	.5271395	.2173886	0
1092.15	0	.2554252	.526992	.2175828	0
1091.15	0	.2553928	.5268309	.2177763	0
1090.15	0	.2553747	.5266563	.217969	0
1089.15	0	.255371	.5264681	.2181609	0
1088.15	0	.2553815	.5262664	.2183521	0
1087.15	0	.2554064	.5260511	.2185425	0
1086.15	0	.2554457	.5258222	.2187321	0
1085.15	0	.2554994	.5255796	.218921	0
1084.15	0	.2555675	.5253234	.2191092	0
1083.15	0	.2556499	.5250535	.2192965	0
1082.15	0	.2557468	.52477	.2194832	0
1081.15	0	.2558581	.5244728	.2196691	0
1080.15	0	.2559839	.5241619	.2198542	0
1079.15	0	.2561241	.5238373	.2200387	0
1078.15	0	.2562787	.523499	.2202223	0
1077.15	0	.2564478	.5231469	.2204053	0
1076.15	0	.2566313	.5227812	.2205875	0
1075.15	0	.2568293	.5224017	.220769	0
1074.15	0	.2570418	.5220084	.2209498	0
1073.15	0	.2572687	.5216015	.2211298	0
1072.15	0	.2575101	.5211808	.2213091	0
1071.15	0	.2577659	.5207464	.2214877	0
1070.15	0	.2580362	.5202982	.2216656	0
1069.15	0	.2583209	.5198363	.2218428	0
1068.15	0	.25862	.5193607	.2220193	0
1067.15	0	.2589336	.5188714	.222195	0
1066.15	0	.2592616	.5183683	.2223701	0
1065.15	0	.2596039	.5178516	.2225445	0
1064.15	0	.2599607	.5173212	.2227181	0
1063.15	0	.2603318	.5167771	.2228911	0
1062.15	0	.2607173	.5162193	.2230634	0
1061.15	0	.2611171	.515648	.2232349	0
1060.15	0	.2615312	.515063	.2234059	0
1059.15	0	.2619596	.5144643	.2235761	0
1058.15	0	.2624023	.5138521	.2237456	0
1057.15	0	.2628592	.5132264	.2239144	0
1056.15	0	.2633303	.5125871	.2240826	0
1055.15	0	.2638157	.5119343	.2242501	0
1054.15	0	.2643151	.511268	.2244169	0
1053.15	0	.2648287	.5105882	.2245831	0
1052.15	0	.2653564	.509895	.2247486	0
1051.15	0	.2658981	.5091885	.2249134	0
1050.15	0	.2664539	.5084685	.2250776	0
1049.15	0	.2670236	.5077353	.2252411	0
1048.15	0	.2676073	.5069888	.2254039	0
1047.15	0	.2682049	.506229	.2255661	0
1046.15	0	.2688163	.5054561	.2257276	0
1045.15	0	.2694415	.5046699	.2258885	0
1044.15	0	.2700805	.5038707	.2260488	0
1043.15	0	.2707333	.5030584	.2262084	0
1042.15	0	.2713996	.5022331	.2263673	0
1041.15	0	.2720796	.5013948	.2265256	0
1040.15	0	.2727731	.5005436	.2266833	0
1039.15	0	.2734801	.4996795	.2268404	0
1038.15	0	.2742006	.4988027	.2269968	0
1037.15	0	.2749344	.4979131	.2271525	0
1036.15	0	.2756815	.4970108	.2273077	0
1035.15	0	.2764419	.4960959	.2274622	0
1034.15	0	.2772155	.4951684	.2276161	0
1033.15	0	.2780022	.4942284	.2277694	0
1032.15	0	.278802	.493276	.227922	0
1031.15	0	.2796147	.4923113	.2280741	0
1030.15	0	.2804403	.4913342	.2282255	0
1029.15	0	.2812788	.4903449	.2283763	0
1028.15	0	.28213	.4893435	.2285265	0
1027.15	0	.2829939	.48833	.228676	0
1026.15	0	.2838704	.4873046	.228825	0
1025.15	0	.2847595	.4862672	.2289734	0
1024.15	0	.2856609	.485218	.2291211	0
1023.15	0	.2865747	.484157	.2292683	0
1022.15	0	.2875008	.4830844	.2294148	0
1021.15	0	.288439	.4820002	.2295608	0
1020.15	0	.2893894	.4809045	.2297061	0
1019.15	0	.2903517	.4797974	.2298509	0
1018.15	0	.2913259	.478679	.229995	0
1017.15	0	.292312	.4775495	.2301386	0
1016.15	0	.2933097	.4764088	.2302815	0
1015.15	0	.2943191	.475257	.2304239	0
1014.15	0	.2953399	.4740944	.2305657	0
1013.15	0	.2963722	.4729209	.2307069	0
1012.15	0	.2974158	.4717368	.2308475	0
1011.15	0	.2984706	.470542	.2309874	0
1010.15	0	.2995364	.4693367	.2311269	0
1009.15	0	.3006133	.468121	.2312657	0
1008.15	0	.3017011	.466895	.2314039	0
1007.15	0	.3027996	.4656589	.2315416	0
1006.15	0	.3039087	.4644127	.2316786	0
1005.15	0	.3050284	.4631565	.2318151	0
1004.15	0	.3061586	.4618905	.231951	0
1003.15	0	.307299	.4606147	.2320863	0
1002.15	0	.3084496	.4593294	.232221	0
1001.15	0	.3096103	.4580346	.2323551	0
1000.15	0	.310781	.4567304	.2324887	0
999.15	0	.3119614	.4554169	.2326216	0
998.15	0	.3131516	.4540944	.232754	0
997.15	0	.3143514	.4527628	.2328858	0
996.15	0	.3155606	.4514225	.233017	0
995.15	0	.3167791	.4500733	.2331476	0
994.15	0	.3180068	.4487156	.2332776	0
993.15	0	.3192436	.4473494	.233407	0
992.15	0	.3204894	.4459748	.2335358	0
991.15	0	.3217439	.4445921	.2336641	0
990.15	0	.3230071	.4432012	.2337917	0
989.15	0	.3242788	.4418024	.2339188	0
988.15	0	.3255589	.4403959	.2340452	0
987.15	0	.3268473	.4389816	.2341711	0
986.15	0	.3281438	.4375599	.2342963	0
985.15	0	.3294482	.4361308	.234421	0
984.15	0	.3307606	.4346944	.234545	0
983.15	0	.3320806	.433251	.2346685	0
982.15	0	.3334082	.4318006	.2347913	0
981.15	0	.3347431	.4303434	.2349135	0
980.15	0	.3360854	.4288795	.2350351	0
979.15	0	.3374348	.4274092	.2351561	0
978.15	0	.3387911	.4259325	.2352764	0
977.15	0	.3401543	.4244496	.2353961	0
976.15	0	.3415241	.4229606	.2355152	0
975.15	0	.3429005	.4214658	.2356337	0
974.15	0	.3442833	.4199652	.2357515	0
973.15	0	.3456723	.418459	.2358687	0
972.15	0	.3470673	.4169474	.2359852	0
971.15	0	.3484683	.4154305	.2361011	0
970.15	0	.3498751	.4139085	.2362163	0
969.15	0	.3512875	.4123816	.2363309	0
968.15	0	.3527053	.4108498	.2364448	0
967.15	0	.3541285	.4093135	.236558	0
966.15	0	.3555568	.4077726	.2366706	0
965.15	0	.3569901	.4062275	.2367825	0
964.15	0	.3584282	.4046782	.2368936	0
963.15	0	.359871	.403125	.2370041	0
962.15	0	.3613183	.4015679	.2371138	0
961.15	0	.3627699	.4000072	.2372229	0
960.15	0	.3642258	.398443	.2373312	0
959.15	0	.3656856	.3968756	.2374388	0
958.15	0	.3670415	.3954059	.2375525	0
957.15	0	.3683631	.3939687	.2376682	0
956.15	0	.3697096	.3925085	.2377819	0
955.15	0	.3710797	.3910264	.2378939	0
954.15	0	.3724722	.3895238	.238004	0
953.15	0	.3738859	.3880017	.2381124	0
952.15	0	.3753198	.3864612	.2382191	0
951.15	0	.3767727	.3849033	.238324	0
950.15	0	.3782436	.3833292	.2384273	0
949.15	0	.3797315	.3817397	.2385289	0
948.15	0	.3812354	.3801358	.2386288	0
947.15	0	.3827543	.3785185	.2387272	0
946.15	0	.3842874	.3768886	.238824	0
945.15	0	.3858337	.3752471	.2389192	0
944.15	0	.3873924	.3735948	.2390128	0
943.15	0	.3889627	.3719324	.239105	0
942.15	0	.3905437	.3702607	.2391956	0
941.15	0	.3921347	.3685806	.2392847	0
940.15	0	.393735	.3668927	.2393723	0
939.15	0	.3953438	.3651978	.2394584	0
938.15	0	.3969604	.3634965	.2395431	0
937.15	0	.3985841	.3617896	.2396263	0
936.15	0	.4002143	.3600776	.2397081	0
935.15	0	.4018503	.3583612	.2397885	0
934.15	0	.4034916	.3566409	.2398674	0
933.15	0	.4051376	.3549174	.239945	0
932.15	0	.4067876	.3531913	.2400211	0
931.15	0	.4084411	.351463	.2400959	0
930.15	0	.4100975	.3497332	.2401693	0
929.15	0	.4117565	.3480022	.2402413	0
928.15	0	.4134174	.3462707	.2403119	0
927.15	0	.4150798	.344539	.2403812	0
926.15	0	.4167432	.3428077	.2404491	0
925.15	0	.4184072	.3410772	.2405157	0
924.15	0	.4200712	.3393479	.2405809	0
923.15	0	.421735	.3376202	.2406448	0
922.15	0	.4233981	.3358946	.2407074	0
921.15	0	.42506	.3341714	.2407687	0
920.15	0	.4267204	.332451	.2408286	0
919.15	0	.428379	.3307338	.2408872	0
918.15	0	.4300354	.3290201	.2409445	0
917.15	0	.4316891	.3273103	.2410005	0
916.15	0	.43334	.3256048	.2410552	0
915.15	0	.4349877	.3239037	.2411086	0
914.15	0	.4366318	.3222075	.2411608	0
913.15	0	.438272	.3205164	.2412116	0
912.15	0	.4399081	.3188308	.2412611	0
911.15	0	.4415397	.3171509	.2413094	0
910.15	0	.4431667	.3154769	.2413564	0
909.15	0	.4447887	.3138092	.2414021	0
908.15	0	.4464054	.3121481	.2414466	0
907.15	0	.4480166	.3104936	.2414898	0
906.15	0	.4496221	.3088462	.2415317	0
905.15	0	.4512217	.307206	.2415724	0
904.15	0	.452815	.3055732	.2416118	0
903.15	0	.4544019	.3039481	.24165	0
902.15	0	.4559822	.3023309	.2416869	0
901.15	0	.4575557	.3007217	.2417226	0
900.15	0	.4591221	.2991208	.2417571	0
899.15	0	.4606813	.2975284	.2417903	0
898.15	0	.462233	.2959446	.2418223	0
897.15	0	.4637772	.2943697	.2418531	0
896.15	0	.4653135	.2928037	.2418827	0
895.15	0	.4668419	.291247	.2419111	0
894.15	0	.4683622	.2896995	.2419383	0
893.15	0	.4698742	.2881616	.2419643	0
892.15	0	.4713777	.2866332	.241989	0
891.15	0	.4728727	.2851147	.2420126	0
890.15	0	.4743589	.283606	.2420351	0
889.15	0	.4758362	.2821075	.2420563	0
888.15	0	.4773046	.2806191	.2420764	0
887.15	0	.4787637	.279141	.2420953	0
886.15	0	.4802136	.2776733	.2421131	0
885.15	0	.4816541	.2762162	.2421297	0
884.15	0	.483085	.2747698	.2421452	0
883.15	0	.4845064	.2733341	.2421595	0
882.15	0	.4859179	.2719093	.2421727	0
881.15	0	.4873197	.2704955	.2421849	0
880.15	0	.4887115	.2690927	.2421959	0
879.15	0	.4900932	.267701	.2422058	0
878.15	0	.4914648	.2663206	.2422146	0
877.15	0	.4928261	.2649516	.2422223	0
876.15	0	.4941772	.2635939	.242229	0
875.15	0	.4955178	.2622476	.2422346	0
874.15	0	.4968479	.2609129	.2422392	0
873.15	0	.4981676	.2595898	.2422427	0
872.15	0	.4994765	.2582783	.2422452	0
871.15	0	.5007748	.2569785	.2422466	0
870.15	0	.5020624	.2556905	.2422471	0
869.15	0	.5033392	.2544143	.2422465	0
868.15	0	.5046051	.2531499	.242245	0
867.15	0	.5058602	.2518974	.2422424	0
866.15	0	.5071043	.2506568	.242239	0
865.15	0	.5083374	.2494281	.2422345	0
864.15	0	.5095595	.2482114	.2422291	0
863.15	0	.5107705	.2470067	.2422228	0
862.15	0	.5119705	.2458139	.2422155	0
861.15	0	.5131594	.2446332	.2422074	0
860.15	0	.5143372	.2434645	.2421983	0
859.15	0	.5155039	.2423077	.2421884	0
858.15	0	.5166594	.241163	.2421776	0
857.15	0	.5178038	.2400303	.2421659	0
856.15	0	.5189371	.2389096	.2421533	0
855.15	0	.5200592	.2378008	.24214	0
854.15	0	.5211702	.236704	.2421258	0
853.15	0	.5222701	.2356191	.2421108	0
852.15	0	.5233589	.2345462	.242095	0
851.15	0	.5244365	.2334851	.2420784	0
850.15	0	.5255032	.2324358	.242061	0
849.15	0	.5265588	.2313984	.2420428	0
848.15	0	.5276034	.2303727	.2420239	0
847.15	0	.528637	.2293587	.2420043	0
846.15	0	.5296597	.2283564	.2419839	0
845.15	0	.5306715	.2273657	.2419628	0
844.15	0	.5316724	.2263866	.241941	0
843.15	0	.5326626	.2254189	.2419186	0
842.15	0	.533642	.2244626	.2418954	0
841.15	0	.5346107	.2235178	.2418715	0
840.15	0	.5355688	.2225842	.241847	0
839.15	0	.5365163	.2216618	.2418219	0
838.15	0	.5374534	.2207506	.2417961	0
837.15	0	.5383799	.2198504	.2417696	0
836.15	0	.5392961	.2189613	.2417426	0
835.15	0	.540202	.218083	.2417149	0
834.15	0	.5410977	.2172156	.2416867	0
833.15	0	.5419833	.2163589	.2416579	0
832.15	0	.5428588	.2155128	.2416285	0
831.15	0	.5437242	.2146773	.2415985	0
830.15	0	.5445798	.2138522	.2415679	0
829.15	0	.5454256	.2130376	.2415369	0
828.15	0	.5462616	.2122331	.2415052	0
827.15	0	.547088	.2114389	.2414731	0
826.15	0	.5479049	.2106547	.2414404	0
825.15	0	.5487123	.2098805	.2414072	0
824.15	0	.5495103	.2091162	.2413735	0
823.15	0	.550299	.2083616	.2413393	0
822.15	0	.5510786	.2076168	.2413047	0
821.15	0	.5518491	.2068814	.2412695	0
820.15	0	.5526106	.2061556	.2412339	0
819.15	0	.5533632	.205439	.2411978	0
818.15	0	.554107	.2047318	.2411613	0
817.15	0	.5548421	.2040337	.2411243	0
816.15	0	.5555686	.2033446	.2410868	0
815.15	0	.5562866	.2026644	.2410489	0
814.15	0	.5569962	.2019931	.2410106	0
813.15	0	.5576976	.2013305	.2409719	0
812.15	0	.5583907	.2006765	.2409328	0
811.15	0	.5590758	.200031	.2408932	0
810.15	0	.5597528	.1993939	.2408533	0
809.15	0	.5604219	.1987652	.2408129	0
808.15	0	.5610833	.1981446	.2407722	0
807.15	0	.5617369	.1975321	.240731	0
806.15	0	.562383	.1969275	.2406895	0
805.15	0	.5630215	.1963309	.2406476	0
804.15	0	.5636526	.195742	.2406053	0
803.3416	0	.5641575	.1952716	.2405709	0
803.3416	0	.5641575	.1952716	.2405709	0
803.3416	0	.5641575	.1952716	.2405709	0
803.15	0	.5650194	.1941676	.2402731	5.400113E-04
802.15	0	.5694454	.1884866	.2387345	.003333523
801.15	0	.5737519	.18294	.2372227	.006085345
800.15	0	.5779425	.177524	.2357371	.008796425
799.15	0	.5820206	.1722348	.234277	.01146768
798.15	0	.5859895	.1670687	.2328418	.01409999
797.15	0	.5898526	.1620223	.2314309	.01669422
796.15	0	.5936127	.1570923	.2300438	.01925118
795.15	0	.597273	.1522753	.22868	.02177168
794.15	0	.6008363	.1475683	.2273389	.02425648
793.15	0	.6043053	.1429683	.22602	.02670633
792.15	0	.6076828	.1384724	.2247228	.02912195
791.15	0	.6109713	.1340778	.2234469	.03150405
790.15	0	.6141733	.1297817	.2221918	.0338533
789.15	0	.6172911	.1255815	.220957	.03617036
788.15	0	.6203272	.1214748	.2197421	.03845587
787.15	0	.6232838	.1174591	.2185467	.04071044
786.15	0	.6261631	.1135319	.2173703	.04293468
785.15	0	.628967	.1096911	.2162127	.04512918
784.15	0	.6316978	.1059344	.2150733	.0472945
783.15	0	.6343573	.1022597	.2139518	.04943119
782.15	0	.6369475	.09866487	.2128478	.0515398
781.15	0	.6394703	.09514789	.211761	.05362084
780.15	0	.6419273	.09170682	.210691	.05567483
779.15	0	.6443205	.08833977	.2096375	.05770227
778.15	0	.6466513	.08504489	.2086002	.05970363
777.15	0	.6489216	.0818204	.2075786	.0616794
776.15	0	.6511328	.07866456	.2065726	.06363003
775.15	0	.6532866	.07557569	.2055817	.06555597
774.15	0	.6553845	.07255214	.2046057	.06745767
773.15	0	.6574278	.06959233	.2036444	.06933555
772.15	0	.659418	.06669471	.2026973	.07119003
771.15	0	.6613565	.06385777	.2017642	.07302152
770.15	0	.6632447	.06108004	.2008449	.07483042
769.15	0	.6650837	.05836011	.199939	.07661714
768.15	0	.666875	.05569658	.1990464	.07838204
767.15	0	.6686197	.0530881	.1981666	.08012551
766.15	0	.6703191	.05053336	.1972996	.08184791
765.15	0	.6719743	.04803108	.196445	.08354961
764.15	0	.6735864	.04558001	.1956026	.08523096
763.15	0	.6751566	.04317892	.1947722	.08689231
762.15	0	.6766859	.04082665	.1939535	.088534
761.15	0	.6781754	.03852202	.1931462	.09015635
760.15	0	.6796262	.03626392	.1923502	.0917597
759.15	0	.6810391	.03405124	.1915653	.09334437
758.15	0	.6824152	.03188292	.1907912	.09491067
757.15	0	.6837555	.0297579	.1900277	.0964589
756.15	0	.6850609	.02767517	.1892746	.09798939
755.15	0	.6863322	.02563374	.1885317	.09950242
754.15	0	.6875703	.02363263	.1877988	.1009983
753.15	0	.6887762	.0216709	.1870757	.1024773
752.15	0	.6899506	.01974762	.1863622	.1039397
751.15	0	.6910943	.01786189	.1856581	.1053857
750.15	0	.6922082	.01601283	.1849632	.1068157
749.15	0	.693293	.01419958	.1842774	.10823
748.15	0	.6943495	.0124213	.1836005	.1096287
747.15	0	.6953784	.01067718	.1829322	.1110122
746.15	0	.6963804	.008966405	.1822725	.1123806
745.15	0	.6973563	.007288208	.1816211	.1137344
744.15	0	.6983067	.005641823	.1809779	.1150736
743.15	0	.6992322	.004026506	.1803428	.1163985
742.15	0	.7001335	.002441531	.1797155	.1177094
741.15	0	.7010114	8.86191E-04	.1790959	.1190065
740.5717	0	.7015085	0	.1787411	.1197504
740.5717	0	.7015085	0	.1787411	.1197504
740.15	0	.7014581	0	.1786561	.1198858
739.15	0	.7013391	0	.178455	.1202059
738.15	0	.7012207	0	.1782545	.1205249
737.15	0	.7011028	0	.1780546	.1208427
736.15	0	.7009854	0	.1778553	.1211593
735.15	0	.7008686	0	.1776567	.1214747
734.15	0	.7007524	0	.1774586	.121789
733.15	0	.7006366	0	.1772612	.1221021
732.15	0	.7005215	0	.1770644	.1224141
731.15	0	.7004068	0	.1768683	.1227249
730.15	0	.7002927	0	.1766727	.1230346
729.15	0	.7001791	0	.1764778	.1233431
728.15	0	.7000661	0	.1762834	.1236505
727.15	0	.6999536	0	.1760897	.1239567
726.15	0	.6998416	0	.1758966	.1242618
725.15	0	.6997301	0	.1757041	.1245658
724.15	0	.6996191	0	.1755123	.1248686
723.15	0	.6995087	0	.175321	.1251703
722.15	0	.6993988	0	.1751304	.1254709
721.15	0	.6992893	0	.1749403	.1257703
720.15	0	.6991804	0	.1747509	.1260687
719.15	0	.699072	0	.1745621	.1263659
718.15	0	.6989641	0	.1743739	.126662
717.15	0	.6988567	0	.1741863	.126957
716.15	0	.6987498	0	.1739994	.1272508
715.15	0	.6986434	0	.173813	.1275436
714.15	0	.6985375	0	.1736273	.1278353
713.15	0	.698432	0	.1734421	.1281258
712.15	0	.6983271	0	.1732576	.1284153
711.15	0	.6982227	0	.1730737	.1287037
710.15	0	.6981187	0	.1728904	.1289909
709.15	0	.6980152	0	.1727077	.1292771
708.15	0	.6979122	0	.1725256	.1295622
707.15	0	.6978097	0	.1723441	.1298462
706.15	0	.6977076	0	.1721633	.1301291
705.15	0	.697606	0	.171983	.130411
704.15	0	.6975049	0	.1718033	.1306917
703.15	0	.6974043	0	.1716243	.1309714
702.15	0	.6973041	0	.1714459	.13125
701.15	0	.6972044	0	.171268	.1315276
700.15	0	.6971052	0	.1710908	.131804
699.15	0	.6970064	0	.1709142	.1320794
698.15	0	.6969081	0	.1707382	.1323537
697.15	0	.6968102	0	.1705628	.132627
696.15	0	.6967129	0	.170388	.1328992
695.15	0	.6966159	0	.1702138	.1331703
694.15	0	.6965194	0	.1700402	.1334404
693.15	0	.6964234	0	.1698672	.1337094
692.15	0	.6963278	0	.1696948	.1339774
691.15	0	.6962326	0	.1695231	.1342443
690.15	0	.6961379	0	.1693519	.1345102
689.15	0	.6960437	0	.1691813	.134775
688.15	0	.6959499	0	.1690114	.1350388
687.15	0	.6958565	0	.168842	.1353015
686.15	0	.6957636	0	.1686733	.1355631
685.15	0	.6956711	0	.1685051	.1358238
684.15	0	.695579	0	.1683376	.1360834
683.15	0	.6954874	0	.1681707	.136342
682.15	0	.6953962	0	.1680043	.1365995
681.15	0	.6953055	0	.1678386	.136856
680.15	0	.6952151	0	.1676734	.1371114
679.15	0	.6951252	0	.1675089	.1373659
678.15	0	.6950358	0	.167345	.1376193
677.15	0	.6949467	0	.1671817	.1378716
676.15	0	.6948581	0	.1670189	.138123
675.15	0	.6947699	0	.1668568	.1383733
674.15	0	.6946821	0	.1666953	.1386226
673.15	0	.6945947	0	.1665344	.1388709
672.15	0	.6945078	0	.1663741	.1391182
671.15	0	.6944212	0	.1662143	.1393644
670.15	0	.6943351	0	.1660552	.1396097
669.15	0	.6942494	0	.1658967	.1398539
668.15	0	.6941641	0	.1657388	.1400971
667.15	0	.6940793	0	.1655815	.1403393
666.15	0	.6939948	0	.1654248	.1405805
665.15	0	.6939107	0	.1652686	.1408206
664.15	0	.6938271	0	.1651131	.1410598
663.15	0	.6937438	0	.1649582	.141298
662.15	0	.693661	0	.1648039	.1415352
661.15	0	.6935785	0	.1646501	.1417713
660.15	0	.6934965	0	.164497	.1420065
659.15	0	.6934149	0	.1643445	.1422407
658.15	0	.6933336	0	.1641926	.1424738
657.15	0	.6932528	0	.1640412	.142706
656.15	0	.6931723	0	.1638905	.1429372
655.15	0	.6930923	0	.1637403	.1431674
654.15	0	.6930126	0	.1635908	.1433966
653.15	0	.6929334	0	.1634418	.1436248
652.15	0	.6928545	0	.1632935	.143852
651.15	0	.692776	0	.1631457	.1440783
650.15	0	.6926979	0	.1629986	.1443035
649.15	0	.6926202	0	.162852	.1445278
648.15	0	.6925429	0	.1627061	.1447511
647.15	0	.6924659	0	.1625607	.1449734
646.15	0	.6923894	0	.1624159	.1451947
645.15	0	.6923132	0	.1622717	.1454151
644.15	0	.6922375	0	.1621281	.1456344
643.15	0	.692162	0	.1619851	.1458528
642.15	0	.692087	0	.1618427	.1460703
641.15	0	.6920124	0	.1617009	.1462867
640.15	0	.6919381	0	.1615597	.1465022
639.15	0	.6918642	0	.1614191	.1467167
638.15	0	.6917907	0	.161279	.1469303
637.15	0	.6917176	0	.1611396	.1471428
636.15	0	.6916448	0	.1610008	.1473544
635.15	0	.6915724	0	.1608625	.1475651
634.15	0	.6915004	0	.1607248	.1477748
633.15	0	.6914288	0	.1605878	.1479835
632.15	0	.6913575	0	.1604513	.1481913
631.15	0	.6912866	0	.1603154	.1483981
630.15	0	.691216	0	.1601801	.1486039
629.15	0	.6911458	0	.1600454	.1488088
628.15	0	.691076	0	.1599112	.1490128
627.15	0	.6910066	0	.1597777	.1492158
626.15	0	.6909375	0	.1596447	.1494178
625.15	0	.6908687	0	.1595124	.1496189
624.15	0	.6908004	0	.1593806	.149819
623.15	0	.6907324	0	.1592494	.1500182
622.15	0	.6906647	0	.1591188	.1502165
621.15	0	.6905974	0	.1589888	.1504138
620.15	0	.6905305	0	.1588594	.1506101
619.15	0	.6904639	0	.1587305	.1508055
618.15	0	.6903977	0	.1586023	.151
617.15	0	.6903318	0	.1584746	.1511936
616.15	0	.6902663	0	.1583475	.1513861
615.15	0	.6902012	0	.158221	.1515778
614.15	0	.6901364	0	.1580951	.1517685
613.15	0	.6900719	0	.1579698	.1519583
612.15	0	.6900078	0	.157845	.1521472
611.15	0	.689944	0	.1577208	.1523351
610.15	0	.6898806	0	.1575973	.1525222
609.15	0	.6898175	0	.1574742	.1527082
608.15	0	.6897548	0	.1573518	.1528934
607.15	0	.6896924	0	.15723	.1530776
606.15	0	.6896304	0	.1571087	.1532609
605.15	0	.6895687	0	.156988	.1534433
604.15	0	.6895073	0	.1568679	.1536248
603.15	0	.6894463	0	.1567484	.1538053
602.15	0	.6893857	0	.1566294	.1539849
601.15	0	.6893253	0	.156511	.1541637
600.15	0	.6892653	0	.1563932	.1543415
599.15	0	.6892057	0	.156276	.1545184
598.15	0	.6891463	0	.1561593	.1546943
597.15	0	.6890873	0	.1560433	.1548694
596.15	0	.6890287	0	.1559278	.1550436
595.15	0	.6889704	0	.1558128	.1552168
594.15	0	.6889124	0	.1556985	.1553892
593.15	0	.6888547	0	.1555847	.1555606
592.15	0	.6887974	0	.1554715	.1557311
591.15	0	.6887404	0	.1553588	.1559008
590.15	0	.6886837	0	.1552468	.1560695
589.15	0	.6886274	0	.1551353	.1562374
588.15	0	.6885714	0	.1550243	.1564043
587.15	0	.6885157	0	.1549139	.1565704
586.15	0	.6884603	0	.1548042	.1567355
585.15	0	.6884053	0	.1546949	.1568998
584.15	0	.6883506	0	.1545863	.1570632
583.15	0	.6882962	0	.1544782	.1572257
582.15	0	.6882421	0	.1543706	.1573873
581.15	0	.6881883	0	.1542636	.157548
580.15	0	.6881349	0	.1541572	.1577079
579.15	0	.6880818	0	.1540514	.1578669
578.15	0	.688029	0	.1539461	.1580249
577.15	0	.6879765	0	.1538414	.1581822
576.15	0	.6879243	0	.1537372	.1583385
575.15	0	.6878725	0	.1536336	.1584939
574.15	0	.6878209	0	.1535305	.1586485
573.15	0	.6877697	0	.153428	.1588023
572.15	0	.6877188	0	.1533261	.1589551
571.15	0	.6876682	0	.1532247	.1591071
570.15	0	.6876179	0	.1531239	.1592582
569.15	0	.6875679	0	.1530236	.1594085
568.15	0	.6875182	0	.1529239	.1595579
567.15	0	.6874688	0	.1528247	.1597064
566.15	0	.6874198	0	.1527261	.1598541
565.15	0	.687371	0	.1526281	.1600009
564.15	0	.6873226	0	.1525305	.1601469
563.15	0	.6872744	0	.1524336	.160292
562.15	0	.6872266	0	.1523371	.1604363
561.15	0	.687179	0	.1522413	.1605797
560.15	0	.6871318	0	.1521459	.1607223
559.15	0	.6870848	0	.1520511	.160864
558.15	0	.6870382	0	.1519569	.1610049
557.15	0	.6869918	0	.1518632	.161145
556.15	0	.6869458	0	.15177	.1612842
555.15	0	.6869	0	.1516774	.1614226
554.15	0	.6868546	0	.1515853	.1615601
553.15	0	.6868094	0	.1514938	.1616968
552.15	0	.6867645	0	.1514028	.1618327
551.15	0	.6867199	0	.1513123	.1619678
550.15	0	.6866757	0	.1512224	.162102
549.15	0	.6866317	0	.151133	.1622354
548.15	0	.6865879	0	.1510441	.162368
547.15	0	.6865445	0	.1509557	.1624998
546.15	0	.6865014	0	.1508679	.1626307
545.15	0	.6864585	0	.1507806	.1627608
544.15	0	.686416	0	.1506939	.1628902
543.15	0	.6863737	0	.1506076	.1630187
542.15	0	.6863317	0	.1505219	.1631464
541.15	0	.68629	0	.1504367	.1632733
540.15	0	.6862486	0	.1503521	.1633994
539.15	0	.6862074	0	.1502679	.1635247
538.15	0	.6861665	0	.1501843	.1636492
537.15	0	.686126	0	.1501012	.1637729
536.15	0	.6860856	0	.1500186	.1638958
535.15	0	.6860456	0	.1499365	.1640179
534.15	0	.6860058	0	.149855	.1641392
533.15	0	.6859664	0	.1497739	.1642597
532.15	0	.6859271	0	.1496934	.1643795
531.15	0	.6858882	0	.1496134	.1644984
530.15	0	.6858495	0	.1495339	.1646166
529.15	0	.6858111	0	.1494549	.164734
528.15	0	.685773	0	.1493763	.1648506
527.15	0	.6857352	0	.1492983	.1649665
526.15	0	.6856976	0	.1492209	.1650816
525.15	0	.6856602	0	.1491439	.1651959
524.15	0	.6856232	0	.1490674	.1653095
523.15	0	.6855864	0	.1489914	.1654223
522.15	0	.6855499	0	.1489159	.1655343
521.15	0	.6855136	0	.1488409	.1656456
520.15	0	.6854776	0	.1487664	.1657561
519.15	0	.6854418	0	.1486923	.1658659
518.15	0	.6854063	0	.1486188	.1659749
517.15	0	.6853711	0	.1485458	.1660831
516.15	0	.6853361	0	.1484732	.1661906
515.15	0	.6853014	0	.1484011	.1662974
514.15	0	.685267	0	.1483296	.1664035
513.15	0	.6852328	0	.1482585	.1665088
512.15	0	.6851988	0	.1481878	.1666133
511.15	0	.6851651	0	.1481177	.1667172
510.15	0	.6851317	0	.148048	.1668203
509.15	0	.6850985	0	.1479788	.1669227
508.15	0	.6850655	0	.1479101	.1670244
507.15	0	.6850328	0	.1478419	.1671253
506.15	0	.6850004	0	.1477741	.1672255
505.15	0	.6849681	0	.1477068	.167325
504.15	0	.6849362	0	.14764	.1674238
503.15	0	.6849045	0	.1475736	.1675219
502.15	0	.684873	0	.1475077	.1676193
501.15	0	.6848418	0	.1474423	.167716
500.15	0	.6848108	0	.1473773	.167812
499.15	0	.68478	0	.1473128	.1679072
498.15	0	.6847495	0	.1472487	.1680018
497.15	0	.6847192	0	.1471851	.1680957
496.15	0	.6846891	0	.1471219	.1681889
495.15	0	.6846593	0	.1470592	.1682814
494.15	0	.6846298	0	.146997	.1683733
493.15	0	.6846004	0	.1469351	.1684644
492.15	0	.6845713	0	.1468738	.1685549
491.15	0	.6845424	0	.1468128	.1686447
490.15	0	.6845138	0	.1467524	.1687339
489.15	0	.6844853	0	.1466923	.1688224
488.15	0	.6844571	0	.1466327	.1689102
487.15	0	.6844292	0	.1465735	.1689973
486.15	0	.6844014	0	.1465148	.1690838
485.15	0	.6843739	0	.1464565	.1691696
484.15	0	.6843466	0	.1463986	.1692548
483.15	0	.6843195	0	.1463412	.1693393
482.15	0	.6842926	0	.1462841	.1694232
481.15	0	.684266	0	.1462275	.1695065
480.15	0	.6842396	0	.1461713	.1695891
479.15	0	.6842134	0	.1461156	.1696711
478.15	0	.6841874	0	.1460602	.1697524
477.15	0	.6841616	0	.1460053	.1698331
476.15	0	.684136	0	.1459508	.1699132
475.15	0	.6841107	0	.1458967	.1699926
474.15	0	.6840855	0	.145843	.1700715
473.15	0	.6840606	0	.1457897	.1701497
472.15	0	.6840359	0	.1457368	.1702273
471.15	0	.6840114	0	.1456843	.1703043
470.15	0	.6839871	0	.1456322	.1703807
469.15	0	.683963	0	.1455805	.1704565
468.15	0	.6839391	0	.1455292	.1705317
467.15	0	.6839154	0	.1454783	.1706063
466.15	0	.6838919	0	.1454278	.1706803
465.15	0	.6838686	0	.1453777	.1707537
464.15	0	.6838455	0	.145328	.1708266
463.15	0	.6838226	0	.1452786	.1708988
462.15	0	.6837999	0	.1452297	.1709705
461.15	0	.6837774	0	.1451811	.1710415
460.15	0	.6837551	0	.1451329	.1711121
459.15	0	.6837329	0	.145085	.171182
458.15	0	.683711	0	.1450376	.1712514
457.15	0	.6836893	0	.1449905	.1713202
456.15	0	.6836677	0	.1449438	.1713885
455.15	0	.6836464	0	.1448974	.1714562
454.15	0	.6836252	0	.1448514	.1715234
453.15	0	.6836042	0	.1448058	.1715899
452.15	0	.6835834	0	.1447606	.171656
