T	 BPW(LIQUID)	BPW(BCC_A2)	BPW(FCC_A1)	BPW(LAVES_PHASE_C14)	BPW(NI3TI)
1473.15	0	.724155	.275845	0	0
1472.15	0	.7219947	.2780053	0	0
1471.15	0	.7198411	.2801589	0	0
1470.15	0	.7176942	.2823058	0	0
1469.15	0	.7155539	.2844461	0	0
1468.15	0	.7134203	.2865797	0	0
1467.15	0	.7112933	.2887067	0	0
1466.15	0	.709173	.2908271	0	0
1465.15	0	.7070592	.2929408	0	0
1464.15	0	.7049521	.2950479	0	0
1463.15	0	.7028515	.2971485	0	0
1462.15	0	.7007576	.2992424	0	0
1461.15	0	.6986702	.3013298	0	0
1460.15	0	.6965894	.3034106	0	0
1459.15	0	.6945152	.3054848	0	0
1458.15	0	.6924475	.3075525	0	0
1457.15	0	.6903864	.3096136	0	0
1456.15	0	.6883318	.3116682	0	0
1455.15	0	.6862837	.3137163	0	0
1454.15	0	.6842422	.3157578	0	0
1453.15	0	.6822072	.3177928	0	0
1452.15	0	.6801786	.3198214	0	0
1451.15	0	.6781566	.3218434	0	0
1450.15	0	.6761411	.3238589	0	0
1449.15	0	.674132	.325868	0	0
1448.15	0	.6721294	.3278706	0	0
1447.15	0	.6701333	.3298667	0	0
1446.15	0	.6681436	.3318564	0	0
1445.15	0	.6661604	.3338396	0	0
1444.15	0	.6641837	.3358163	0	0
1443.15	0	.6622133	.3377867	0	0
1442.15	0	.6602494	.3397506	0	0
1441.15	0	.6582919	.3417081	0	0
1440.15	0	.6563409	.3436591	0	0
1439.15	0	.6543962	.3456038	0	0
1438.15	0	.6524579	.3475421	0	0
1437.15	0	.6505261	.3494739	0	0
1436.15	0	.6486006	.3513994	0	0
1435.15	0	.6466815	.3533185	0	0
1434.15	0	.6447688	.3552313	0	0
1433.15	0	.6428624	.3571376	0	0
1432.15	0	.6409624	.3590376	0	0
1431.15	0	.6390687	.3609313	0	0
1430.15	0	.6371814	.3628186	0	0
1429.15	0	.6353005	.3646995	0	0
1428.15	0	.6334258	.3665742	0	0
1427.15	0	.6315575	.3684425	0	0
1426.15	0	.6296956	.3703044	0	0
1425.15	0	.6278399	.3721601	0	0
1424.15	0	.6259906	.3740094	0	0
1423.15	0	.6241475	.3758525	0	0
1422.15	0	.6223108	.3776892	0	0
1421.15	0	.6204803	.3795197	0	0
1420.15	0	.6186562	.3813438	0	0
1419.15	0	.6168383	.3831617	0	0
1418.15	0	.6150267	.3849733	0	0
1417.15	0	.6132214	.3867786	0	0
1416.15	0	.6114224	.3885776	0	0
1415.15	0	.6096296	.3903704	0	0
1414.15	0	.6078431	.3921569	0	0
1413.15	0	.6060628	.3939372	0	0
1412.15	0	.6042888	.3957112	0	0
1411.15	0	.602521	.397479	0	0
1410.15	0	.6007595	.3992405	0	0
1409.15	0	.5990042	.4009958	0	0
1408.15	0	.5972551	.4027449	0	0
1407.15	0	.5955123	.4044877	0	0
1406.15	0	.5937757	.4062243	0	0
1405.15	0	.5920453	.4079547	0	0
1404.15	0	.5903211	.4096789	0	0
1403.15	0	.5886032	.4113968	0	0
1402.15	0	.5868914	.4131086	0	0
1401.15	0	.5851859	.4148141	0	0
1400.15	0	.5834866	.4165135	0	0
1399.15	0	.5817934	.4182066	0	0
1398.15	0	.5801065	.4198935	0	0
1397.15	0	.5784257	.4215743	0	0
1396.15	0	.5767511	.4232489	0	0
1395.15	0	.5750828	.4249172	0	0
1394.15	0	.5734206	.4265794	0	0
1393.15	0	.5717645	.4282355	0	0
1392.15	0	.5701147	.4298853	0	0
1391.15	0	.568471	.431529	0	0
1390.15	0	.5668335	.4331665	0	0
1390.088	0	.5667319	.4332681	0	0
1390.088	0	.5667319	.4332681	0	0
1390.088	0	.5667319	.4332681	0	0
1389.15	0	.5636156	.4357898	5.946642E-04	0
1388.15	0	.5603023	.4384712	.001226506	0
1387.15	0	.556999	.4411449	.001856031	0
1386.15	0	.5537057	.443811	.002483248	0
1385.15	0	.5504224	.4464694	.003108167	0
1384.15	0	.547149	.4491202	.003730798	0
1383.15	0	.5438856	.4517632	.00435115	0
1382.15	0	.5406321	.4543987	.004969233	0
1381.15	0	.5373885	.4570264	.005585056	0
1380.15	0	.5341548	.4596465	.006198628	0
1379.15	0	.5309311	.462259	.006809959	0
1378.15	0	.5277171	.4648638	.007419057	0
1377.15	0	.5245131	.467461	.008025932	0
1376.15	0	.5213189	.4700505	.008630592	0
1375.15	0	.5181346	.4726324	.009233048	0
1374.15	0	.5149601	.4752066	.009833307	0
1373.15	0	.5117954	.4777732	.01043138	0
1372.15	0	.5086406	.4803322	.01102727	0
1371.15	0	.5054955	.4828835	.011621	0
1370.15	0	.5023603	.4854272	.01221256	0
1369.15	0	.4992348	.4879632	.01280197	0
1368.15	0	.4961191	.4904917	.01338924	0
1367.15	0	.4930132	.4930124	.01397437	0
1366.15	0	.489917	.4955256	.01455737	0
1365.15	0	.4868306	.4980311	.01513826	0
1364.15	0	.483754	.500529	.01571704	0
1363.15	0	.4806871	.5030192	.01629371	0
1362.15	0	.4776299	.5055019	.0168683	0
1361.15	0	.4745824	.5079768	.01744079	0
1360.15	0	.4715446	.5104442	.01801121	0
1359.15	0	.4685166	.5129039	.01857956	0
1358.15	0	.4654982	.5153559	.01914586	0
1357.15	0	.4624896	.5178003	.01971009	0
1356.15	0	.4594906	.5202371	.02027229	0
1355.15	0	.4565014	.5226662	.02083245	0
1354.15	0	.4535218	.5250877	.02139057	0
1353.15	0	.4505519	.5275015	.02194668	0
1352.15	0	.4475916	.5299076	.02250078	0
1351.15	0	.444641	.5323061	.02305287	0
1350.15	0	.4417001	.5346969	.02360296	0
1349.15	0	.4387689	.5370801	.02415106	0
1348.15	0	.4358473	.5394555	.02469718	0
1347.15	0	.4329354	.5418233	.02524132	0
1346.15	0	.4300331	.5441834	.0257835	0
1345.15	0	.4271404	.5465358	.02632371	0
1344.15	0	.4242575	.5488806	.02686198	0
1343.15	0	.4213841	.5512176	.02739829	0
1342.15	0	.4185204	.5535469	.02793267	0
1341.15	0	.4156664	.5558685	.02846512	0
1340.15	0	.4128219	.5581824	.02899565	0
1339.15	0	.4099872	.5604886	.02952425	0
1338.15	0	.407162	.562787	.03005095	0
1337.15	0	.4043466	.5650777	.03057575	0
1336.15	0	.4015407	.5673607	.03109865	0
1335.15	0	.3987445	.5696358	.03161966	0
1334.15	0	.3959579	.5719033	.03213879	0
1333.15	0	.393181	.5741629	.03265605	0
1332.15	0	.3904138	.5764148	.03317144	0
1331.15	0	.3876562	.5786589	.03368496	0
1330.15	0	.3849082	.5808952	.03419664	0
1329.15	0	.3821699	.5831236	.03470646	0
1328.15	0	.3794412	.5853443	.03521445	0
1327.15	0	.3767223	.5875571	.0357206	0
1326.15	0	.3740129	.5897621	.03622492	0
1325.15	0	.3713133	.5919593	.03672742	0
1324.15	0	.3686233	.5941486	.03722811	0
1323.15	0	.365943	.59633	.03772698	0
1322.15	0	.3632724	.5985035	.03822406	0
1321.15	0	.3606115	.6006692	.03871934	0
1320.15	0	.3579603	.6028269	.03921283	0
1319.15	0	.3553188	.6049767	.03970453	0
1318.15	0	.352687	.6071186	.04019446	0
1317.15	0	.3500649	.6092525	.04068263	0
1316.15	0	.3474525	.6113785	.04116902	0
1315.15	0	.3448499	.6134964	.04165366	0
1314.15	0	.342257	.6156065	.04213654	0
1313.15	0	.3396739	.6177085	.04261768	0
1312.15	0	.3371005	.6198024	.04309708	0
1311.15	0	.3345369	.6218884	.04357474	0
1310.15	0	.3319831	.6239663	.04405068	0
1309.15	0	.329439	.6260361	.04452489	0
1308.15	0	.3269048	.6280979	.04499738	0
1307.15	0	.3243803	.6301515	.04546817	0
1306.15	0	.3218657	.632197	.04593725	0
1305.15	0	.3193609	.6342344	.04640462	0
1304.15	0	.316866	.6362637	.04687031	0
1303.15	0	.3143809	.6382848	.04733431	0
1302.15	0	.3119057	.6402977	.04779662	0
1301.15	0	.3094404	.6423024	.04825726	0
1300.15	0	.306985	.6442988	.04871622	0
1299.15	0	.3045394	.646287	.04917352	0
1298.15	0	.3021038	.648267	.04962916	0
1297.15	0	.2996782	.6502387	.05008314	0
1296.15	0	.2972625	.652202	.05053548	0
1295.15	0	.2948568	.6541571	.05098617	0
1294.15	0	.292461	.6561037	.05143522	0
1293.15	0	.2900753	.6580421	.05188263	0
1292.15	0	.2876996	.659972	.05232842	0
1291.15	0	.2853339	.6618935	.05277258	0
1290.15	0	.2829783	.6638065	.05321512	0
1289.15	0	.2806328	.6657112	.05365606	0
1288.15	0	.2782973	.6676073	.05409538	0
1287.15	0	.275972	.6694949	.0545331	0
1286.15	0	.2736568	.671374	.05496922	0
1285.15	0	.2713518	.6732445	.05540375	0
1284.15	0	.2690569	.6751064	.05583669	0
1283.15	0	.2667722	.6769597	.05626804	0
1282.15	0	.2644978	.6788044	.05669782	0
1281.15	0	.2622336	.6806404	.05712603	0
1280.15	0	.2599796	.6824677	.05755266	0
1279.15	0	.257736	.6842863	.05797773	0
1278.15	0	.2555026	.6860962	.05840124	0
1277.15	0	.2532796	.6878972	.0588232	0
1276.15	0	.2510669	.6896895	.05924361	0
1275.15	0	.2488646	.6914729	.05966247	0
1274.15	0	.2466727	.6932475	.06007979	0
1273.15	0	.2444912	.6950132	.06049558	0
1272.15	0	.2423202	.6967699	.06090983	0
1271.15	0	.2401597	.6985177	.06132256	0
1270.15	0	.2380097	.7002565	.06173377	0
1269.15	0	.2358702	.7019863	.06214345	0
1268.15	0	.2337413	.703707	.06255163	0
1267.15	0	.231623	.7054187	.06295829	0
1266.15	0	.2295154	.7071212	.06336345	0
1265.15	0	.2274183	.7088146	.06376711	0
1264.15	0	.225332	.7104987	.06416928	0
1263.15	0	.2232564	.7121737	.06456995	0
1262.15	0	.2211915	.7138394	.06496913	0
1261.15	0	.2191374	.7154958	.06536683	0
1260.15	0	.2170941	.7171429	.06576305	0
1259.15	0	.2150616	.7187806	.0661578	0
1258.15	0	.2130401	.7204089	.06655108	0
1257.15	0	.2110294	.7220277	.06694289	0
1256.15	0	.2090297	.7236371	.06733323	0
1255.15	0	.2070409	.7252369	.06772212	0
1254.15	0	.2050632	.7268272	.06810956	0
1253.15	0	.2030965	.7284079	.06849554	0
1252.15	0	.2011409	.729979	.06888008	0
1251.15	0	.1991965	.7315404	.06926317	0
1250.15	0	.1972632	.733092	.06964483	0
1249.15	0	.1953411	.7346339	.07002505	0
1248.15	0	.1934302	.736166	.07040384	0
1247.15	0	.1915306	.7376882	.0707812	0
1246.15	0	.1896423	.7392005	.07115714	0
1245.15	0	.1877654	.7407029	.07153166	0
1244.15	0	.1858999	.7421954	.07190477	0
1243.15	0	.1840458	.7436778	.07227646	0
1242.15	0	.1822032	.7451501	.07264675	0
1241.15	0	.1803721	.7466123	.07301563	0
1240.15	0	.1785526	.7480643	.07338311	0
1239.15	0	.1767447	.7495061	.07374919	0
1238.15	0	.1749484	.7509377	.07411388	0
1237.15	0	.1731639	.752359	.07447718	0
1236.15	0	.171391	.7537699	.0748391	0
1235.15	0	.16963	.7551704	.07519963	0
1234.15	0	.1678808	.7565604	.07555878	0
1233.15	0	.1661435	.75794	.07591656	0
1232.15	0	.1644181	.7593089	.07627296	0
1231.15	0	.1627047	.7606673	.076628	0
1230.15	0	.1610033	.762015	.07698167	0
1229.15	0	.159314	.763352	.07733398	0
1228.15	0	.1576368	.7646783	.07768493	0
1227.15	0	.1559718	.7659937	.07803453	0
1226.15	0	.154319	.7672982	.07838277	0
1225.15	0	.1526785	.7685918	.07872967	0
1224.15	0	.1510503	.7698745	.07907522	0
1223.15	0	.1494345	.771146	.07941943	0
1222.15	0	.1478312	.7724065	.0797623	0
1221.15	0	.1462403	.7736559	.08010384	0
1220.15	0	.144662	.774894	.08044405	0
1219.15	0	.1430962	.7761209	.08078292	0
1218.15	0	.1415431	.7773364	.08112048	0
1217.15	0	.1400028	.7785405	.08145671	0
1216.15	0	.1384751	.7797332	.08179162	0
1215.15	0	.1369604	.7809144	.08212521	0
1214.15	0	.1354584	.7820841	.0824575	0
1213.15	0	.1339695	.7832421	.08278847	0
1212.15	0	.1324935	.7843884	.08311814	0
1211.15	0	.1310306	.7855229	.0834465	0
1210.15	0	.1295808	.7866457	.08377357	0
1209.15	0	.1281442	.7877565	.08409934	0
1208.15	0	.1267208	.7888554	.08442381	0
1207.15	0	.1253107	.7899423	.084747	0
1206.15	0	.1239139	.7910172	.08506889	0
1205.15	0	.1225306	.7920799	.08538951	0
1204.15	0	.1211608	.7931303	.08570884	0
1203.15	0	.1198046	.7941686	.08602689	0
1202.15	0	.1184619	.7951944	.08634366	0
1201.15	0	.1171329	.7962079	.08665917	0
1200.15	0	.1158177	.7972089	.0869734	0
1199.15	0	.1145163	.7981973	.08728637	0
1198.15	0	.1132288	.7991732	.08759808	0
1197.15	0	.1119552	.8001363	.08790852	0
1196.15	0	.1106956	.8010867	.08821771	0
1195.15	0	.1094501	.8020243	.08852564	0
1194.15	0	.1082188	.8029489	.08883232	0
1193.15	0	.1070016	.8038606	.08913775	0
1192.15	0	.1057988	.8047593	.08944193	0
1191.15	0	.1046103	.8056448	.08974488	0
1190.15	0	.1034362	.8065172	.09004658	0
1189.15	0	.1022767	.8073763	.09034704	0
1188.15	0	.1011317	.8082221	.09064627	0
1187.15	0	.1000013	.8090544	.09094427	0
1186.15	0	.09888569	.8098733	.09124104	0
1185.15	0	.09778484	.8106786	.09153658	0
1184.15	0	.09669885	.8114702	.09183091	0
1183.15	0	.09562779	.8122482	.09212401	0
1182.15	0	.09457174	.8130124	.09241589	0
1181.15	0	.09353077	.8137627	.09270656	0
1180.15	0	.09250496	.814499	.09299602	0
1179.15	0	.09149437	.8152214	.09328427	0
1178.15	0	.0904991	.8159296	.09357131	0
1177.15	0	.0895192	.8166236	.09385716	0
1176.15	0	.08855477	.8173034	.0941418	0
1175.15	0	.08760587	.8179689	.09442524	0
1174.15	0	.08667258	.8186199	.09470749	0
1173.15	0	.08575498	.8192565	.09498855	0
1172.15	0	.08485314	.8198784	.09526842	0
1171.15	0	.08396715	.8204857	.09554711	0
1170.15	0	.08309709	.8210783	.09582461	0
1169.15	0	.08224302	.8216561	.09610093	0
1168.15	0	.08140503	.8222189	.09637608	0
1167.15	0	.0805832	.8227668	.09665005	0
1166.15	0	.07977761	.8232995	.09692285	0
1165.15	0	.07898834	.8238172	.09719448	0
1164.15	0	.07821546	.8243196	.09746495	0
1163.15	0	.07745905	.8248067	.09773425	0
1162.15	0	.0767192	.8252784	.0980024	0
1161.15	0	.07599598	.8257346	.09826939	0
1160.15	0	.07528948	.8261753	.09853522	0
1159.15	0	.07459977	.8266003	.0987999	0
1158.15	0	.07392694	.8270096	.09906344	0
1157.15	0	.07327106	.8274031	.09932583	0
1156.15	0	.07263222	.8277807	.09958708	0
1155.15	0	.07201049	.8281423	.09984719	0
1154.15	0	.07140586	.828488	.1001062	0
1153.15	0	.0708186	.8288174	.100364	0
1152.15	0	.0702487	.8291306	.1006207	0
1151.15	0	.06969623	.8294275	.1008763	0
1150.15	0	.06916128	.829708	.1011308	0
1149.15	0	.06864392	.829972	.1013841	0
1148.15	0	.06814424	.8302194	.1016363	0
1147.15	0	.06766231	.8304502	.1018874	0
1146.15	0	.06719821	.8306643	.1021375	0
1145.15	0	.06675203	.8308616	.1023863	0
1144.15	0	.06632384	.831042	.1026341	0
1143.15	0	.06591372	.8312055	.1028808	0
1142.15	0	.06552174	.8313519	.1031264	0
1141.15	0	.06516573	.8314635	.1033708	0
1140.15	0	.06481042	.8315754	.1036142	0
1139.15	0	.0644735	.8316701	.1038565	0
1138.15	0	.06415503	.8317473	.1040977	0
1137.15	0	.06385511	.8318071	.1043378	0
1136.15	0	.06357379	.8318493	.1045769	0
1135.15	0	.06331117	.831874	.1048149	0
1134.15	0	.0630673	.8318809	.1050518	0
1133.15	0	.06284228	.8318701	.1052876	0
1132.15	0	.06263617	.8318414	.1055224	0
1131.15	0	.06244904	.8317948	.1057561	0
1130.15	0	.06228097	.8317303	.1059888	0
1129.15	0	.06213203	.8316476	.1062204	0
1128.15	0	.06200229	.8315468	.1064509	0
1127.15	0	.06189183	.8314277	.1066804	0
1126.15	0	.0618007	.8312904	.1069089	0
1125.15	0	.06172899	.8311347	.1071363	0
1124.15	0	.06167675	.8309606	.1073627	0
1123.15	0	.06164406	.8307679	.1075881	0
1122.15	0	.06163098	.8305567	.1078124	0
1121.15	0	.06163758	.8303268	.1080357	0
1120.15	0	.06166392	.8300781	.1082579	0
1119.15	0	.06171007	.8298108	.1084792	0
1118.15	0	.06177608	.8295245	.1086994	0
1117.15	0	.06186203	.8292193	.1089186	0
1116.15	0	.06196796	.8288952	.1091369	0
1115.15	0	.06209394	.828552	.1093541	0
1114.15	0	.06224002	.8281897	.1095703	0
1113.15	0	.06240627	.8278082	.1097855	0
1112.15	0	.06259273	.8274076	.1099997	0
1111.15	0	.06279947	.8269876	.110213	0
1110.15	0	.06302653	.8265483	.1104252	0
1109.15	0	.06327396	.8260896	.1106365	0
1108.15	0	.06354182	.8256114	.1108468	0
1107.15	0	.06383015	.8251138	.1110561	0
1106.15	0	.064139	.8245965	.1112645	0
1105.15	0	.06446842	.8240597	.1114718	0
1104.15	0	.06481845	.8235033	.1116783	0
1103.15	0	.06518913	.8229271	.1118838	0
1102.15	0	.06558049	.8223312	.1120883	0
1101.15	0	.06599259	.8217155	.1122919	0
1100.15	0	.06642546	.82108	.1124945	0
1099.15	0	.06687912	.8204247	.1126962	0
1098.15	0	.06735363	.8197494	.112897	0
1097.15	0	.067849	.8190542	.1130968	0
1096.15	0	.06836526	.818339	.1132958	0
1095.15	0	.06890246	.8176038	.1134938	0
1094.15	0	.0694606	.8168486	.1136908	0
1093.15	0	.07003971	.8160733	.113887	0
1092.15	0	.07063983	.8152779	.1140823	0
1091.15	0	.07126096	.8144624	.1142766	0
1090.15	0	.07190312	.8136268	.1144701	0
1089.15	0	.07256633	.812771	.1146626	0
1088.15	0	.0732506	.8118951	.1148543	0
1087.15	0	.07395595	.8109989	.1150451	0
1086.15	0	.07468238	.8100826	.115235	0
1085.15	0	.07542989	.809146	.1154241	0
1084.15	0	.07619851	.8081893	.1156122	0
1083.15	0	.07698821	.8072122	.1157996	0
1082.15	0	.07779901	.806215	.115986	0
1081.15	0	.07863091	.8051975	.1161716	0
1080.15	0	.07948389	.8041598	.1163563	0
1079.15	0	.08035795	.8031018	.1165402	0
1078.15	0	.08125308	.8020236	.1167233	0
1077.15	0	.08216927	.8009252	.1169055	0
1076.15	0	.0831065	.7998066	.1170869	0
1075.15	0	.08406475	.7986678	.1172674	0
1074.15	0	.08504401	.7975088	.1174472	0
1073.15	0	.08604425	.7963297	.1176261	0
1072.15	0	.08706544	.7951304	.1178042	0
1071.15	0	.08810756	.7939109	.1179815	0
1070.15	0	.08917057	.7926714	.118158	0
1069.15	0	.09025445	.7914119	.1183337	0
1068.15	0	.09135915	.7901322	.1185086	0
1067.15	0	.09248464	.7888326	.1186827	0
1066.15	0	.09363088	.787513	.1188561	0
1065.15	0	.09479782	.7861735	.1190286	0
1064.15	0	.09598541	.7848142	.1192004	0
1063.15	0	.0971936	.783435	.1193715	0
1062.15	0	.09842234	.782036	.1195417	0
1061.15	0	.09967158	.7806172	.1197112	0
1060.15	0	.1009413	.7791788	.11988	0
1059.15	0	.1022313	.7777207	.120048	0
1058.15	0	.1035416	.7762431	.1202152	0
1057.15	0	.1048723	.774746	.1203818	0
1056.15	0	.106223	.7732294	.1205475	0
1055.15	0	.1075939	.7716935	.1207126	0
1054.15	0	.1089848	.7701383	.1208769	0
1053.15	0	.1103956	.7685638	.1210406	0
1052.15	0	.1118263	.7669702	.1212035	0
1051.15	0	.1132768	.7653576	.1213657	0
1050.15	0	.1147469	.7637259	.1215272	0
1049.15	0	.1162367	.7620753	.121688	0
1048.15	0	.117746	.760406	.1218481	0
1047.15	0	.1192747	.7587179	.1220075	0
1046.15	0	.1208227	.7570112	.1221662	0
1045.15	0	.1223899	.7552859	.1223242	0
1044.15	0	.1239762	.7535422	.1224816	0
1043.15	0	.1255815	.7517802	.1226383	0
1042.15	0	.1272057	.75	.1227943	0
1041.15	0	.1288486	.7482017	.1229497	0
1040.15	0	.1305102	.7463854	.1231044	0
1039.15	0	.1321904	.7445511	.1232585	0
1038.15	0	.133889	.7426991	.1234119	0
1037.15	0	.1356058	.7408295	.1235647	0
1036.15	0	.1373409	.7389424	.1237168	0
1035.15	0	.1390939	.7370378	.1238683	0
1034.15	0	.1408649	.735116	.1240191	0
1033.15	0	.1426536	.733177	.1241694	0
1032.15	0	.14446	.731221	.124319	0
1031.15	0	.1462839	.7292482	.1244679	0
1030.15	0	.1481251	.7272586	.1246163	0
1029.15	0	.1499835	.7252525	.1247641	0
1028.15	0	.1518589	.7232299	.1249112	0
1027.15	0	.1537513	.7211909	.1250578	0
1026.15	0	.1556604	.7191359	.1252037	0
1025.15	0	.1575861	.7170649	.1253491	0
1024.15	0	.1595282	.714978	.1254938	0
1023.15	0	.1614867	.7128754	.125638	0
1022.15	0	.1634612	.7107573	.1257815	0
1021.15	0	.1654516	.7086238	.1259245	0
1020.15	0	.1674579	.7064752	.1260669	0
1019.15	0	.1694798	.7043115	.1262088	0
1018.15	0	.1715171	.7021329	.12635	0
1017.15	0	.1735696	.6999397	.1264907	0
1016.15	0	.1756373	.6977319	.1266308	0
1015.15	0	.1777198	.6955098	.1267704	0
1014.15	0	.1798171	.6932736	.1269093	0
1013.15	0	.181929	.6910233	.1270477	0
1012.15	0	.1840552	.6887593	.1271856	0
1011.15	0	.1861955	.6864816	.1273229	0
1010.15	0	.1883499	.6841905	.1274596	0
1009.15	0	.1905181	.6818861	.1275958	0
1008.15	0	.1926999	.6795687	.1277315	0
1007.15	0	.1948951	.6772384	.1278665	0
1006.15	0	.1971035	.6748955	.1280011	0
1005.15	0	.1993249	.67254	.1281351	0
1004.15	0	.2015592	.6701723	.1282685	0
1003.15	0	.2038061	.6677925	.1284014	0
1002.15	0	.2060654	.6654009	.1285337	0
1001.15	0	.2083369	.6629975	.1286655	0
1000.15	0	.2106205	.6605827	.1287968	0
999.15	0	.2129159	.6581566	.1289275	0
998.15	0	.2152229	.6557194	.1290577	0
997.15	0	.2175413	.6532714	.1291873	0
996.15	0	.2198708	.6508128	.1293164	0
995.15	0	.2222114	.6483437	.1294449	0
994.15	0	.2245627	.6458644	.1295729	0
993.15	0	.2269246	.643375	.1297004	0
992.15	0	.2292968	.6408759	.1298273	0
991.15	0	.2316792	.6383672	.1299537	0
990.15	0	.2340714	.6358491	.1300795	0
989.15	0	.2364734	.6333219	.1302047	0
988.15	0	.2388848	.6307858	.1303294	0
987.15	0	.2413055	.6282409	.1304536	0
986.15	0	.2437352	.6256876	.1305772	0
985.15	0	.2461738	.623126	.1307002	0
984.15	0	.2486209	.6205563	.1308227	0
983.15	0	.2510765	.6179789	.1309447	0
982.15	0	.2535402	.6153938	.131066	0
981.15	0	.2560118	.6128014	.1311868	0
980.15	0	.2584912	.6102018	.131307	0
979.15	0	.260978	.6075953	.1314267	0
978.15	0	.2634721	.6049822	.1315457	0
977.15	0	.2659733	.6023626	.1316642	0
976.15	0	.2684812	.5997367	.1317821	0
975.15	0	.2709958	.5971048	.1318994	0
974.15	0	.2735167	.5944672	.1320161	0
973.15	0	.2760438	.5918241	.1321321	0
972.15	0	.2785768	.5891756	.1322476	0
971.15	0	.2811155	.5865221	.1323625	0
970.15	0	.2836079	.5839112	.1324809	0
969.15	0	.286059	.5813378	.1326032	0
968.15	0	.2885361	.5787401	.1327239	0
967.15	0	.2910375	.5761196	.132843	0
966.15	0	.2935618	.5734777	.1329605	0
965.15	0	.2961075	.5708159	.1330766	0
964.15	0	.2986732	.5681356	.1331912	0
963.15	0	.3012576	.5654382	.1333043	0
962.15	0	.3038593	.5627248	.1334159	0
961.15	0	.3064771	.5599968	.1335261	0
960.15	0	.3091098	.5572553	.1336349	0
959.15	0	.3117562	.5545015	.1337423	0
958.15	0	.3144151	.5517366	.1338483	0
957.15	0	.3170855	.5489616	.1339529	0
956.15	0	.3197662	.5461776	.1340561	0
955.15	0	.3224563	.5433856	.134158	0
954.15	0	.3251548	.5405866	.1342586	0
953.15	0	.3278607	.5377816	.1343578	0
952.15	0	.330573	.5349714	.1344556	0
951.15	0	.3332909	.5321569	.1345522	0
950.15	0	.3360136	.529339	.1346474	0
949.15	0	.3387401	.5265185	.1347413	0
948.15	0	.3414698	.5236963	.1348339	0
947.15	0	.3442017	.520873	.1349252	0
946.15	0	.3469353	.5180495	.1350153	0
945.15	0	.3496696	.5152264	.135104	0
944.15	0	.3524042	.5124044	.1351914	0
943.15	0	.3551382	.5095842	.1352775	0
942.15	0	.3578711	.5067665	.1353624	0
941.15	0	.3606021	.5039519	.135446	0
940.15	0	.3633309	.5011409	.1355283	0
939.15	0	.3660566	.4983341	.1356093	0
938.15	0	.3687788	.4955322	.135689	0
937.15	0	.371497	.4927356	.1357675	0
936.15	0	.3742106	.4899448	.1358446	0
935.15	0	.3769191	.4871604	.1359205	0
934.15	0	.3796221	.4843828	.1359951	0
933.15	0	.3823191	.4816124	.1360685	0
932.15	0	.3850096	.4788499	.1361405	0
931.15	0	.3876932	.4760955	.1362113	0
930.15	0	.3903696	.4733496	.1362808	0
929.15	0	.3930382	.4706128	.136349	0
928.15	0	.3956988	.4678852	.1364159	0
927.15	0	.3983509	.4651675	.1364816	0
926.15	0	.4009943	.4624598	.1365459	0
925.15	0	.4036285	.4597625	.136609	0
924.15	0	.4062532	.457076	.1366708	0
923.15	0	.4088681	.4544005	.1367313	0
922.15	0	.411473	.4517365	.1367905	0
921.15	0	.4140675	.4490841	.1368484	0
920.15	0	.4166513	.4464436	.1369051	0
919.15	0	.4192243	.4438153	.1369604	0
918.15	0	.421786	.4411996	.1370144	0
917.15	0	.4243363	.4385966	.1370672	0
916.15	0	.4268749	.4360065	.1371186	0
915.15	0	.4294016	.4334297	.1371687	0
914.15	0	.4319162	.4308663	.1372176	0
913.15	0	.4344184	.4283165	.1372651	0
912.15	0	.4369081	.4257806	.1373114	0
911.15	0	.439385	.4232587	.1373563	0
910.15	0	.441849	.4207511	.1373999	0
909.15	0	.4442999	.4182579	.1374422	0
908.15	0	.4467374	.4157793	.1374832	0
907.15	0	.4491615	.4133155	.137523	0
906.15	0	.451572	.4108667	.1375613	0
905.15	0	.4539686	.4084329	.1375985	0
904.15	0	.4563514	.4060144	.1376342	0
903.15	0	.45872	.4036113	.1376687	0
902.15	0	.4610744	.4012237	.1377019	0
901.15	0	.4634144	.3988518	.1377338	0
900.15	0	.4657399	.3964957	.1377644	0
899.15	0	.4680508	.3941556	.1377937	0
898.15	0	.4703469	.3918314	.1378216	0
897.15	0	.4726282	.3895235	.1378483	0
896.15	0	.4748945	.3872318	.1378737	0
895.15	0	.4771457	.3849565	.1378978	0
894.15	0	.4793817	.3826977	.1379206	0
893.15	0	.4816024	.3804555	.1379421	0
892.15	0	.4838078	.3782299	.1379623	0
891.15	0	.4859976	.3760211	.1379813	0
890.15	0	.4881719	.3738292	.137999	0
889.15	0	.4903305	.3716542	.1380154	0
888.15	0	.4924733	.3694962	.1380305	0
887.15	0	.4946003	.3673553	.1380444	0
886.15	0	.4967114	.3652316	.138057	0
885.15	0	.4988065	.3631251	.1380684	0
884.15	0	.5008856	.3610359	.1380785	0
883.15	0	.5029486	.3589641	.1380874	0
882.15	0	.5049953	.3569096	.138095	0
881.15	0	.5070259	.3548727	.1381014	0
880.15	0	.5090401	.3528532	.1381067	0
879.15	0	.511038	.3508514	.1381107	0
878.15	0	.5130194	.3488671	.1381135	0
877.15	0	.5149844	.3469005	.1381151	0
876.15	0	.5169329	.3449516	.1381155	0
875.15	0	.5188649	.3430204	.1381148	0
874.15	0	.5207802	.3411069	.1381129	0
873.15	0	.522679	.3392112	.1381098	0
872.15	0	.5245611	.3373333	.1381056	0
871.15	0	.5264265	.3354733	.1381003	0
870.15	0	.5282752	.333631	.1380938	0
869.15	0	.5301072	.3318066	.1380862	0
868.15	0	.5319224	.33	.1380776	0
867.15	0	.5337209	.3282113	.1380678	0
866.15	0	.5355025	.3264404	.138057	0
865.15	0	.5372675	.3246874	.1380451	0
864.15	0	.5390156	.3229522	.1380322	0
863.15	0	.540747	.3212348	.1380182	0
862.15	0	.5424615	.3195352	.1380032	0
861.15	0	.5441594	.3178534	.1379873	0
860.15	0	.5458404	.3161893	.1379703	0
859.15	0	.5475047	.314543	.1379523	0
858.15	0	.5491524	.3129143	.1379334	0
857.15	0	.5507833	.3113032	.1379135	0
856.15	0	.5523976	.3097098	.1378926	0
855.15	0	.5539952	.3081339	.1378709	0
854.15	0	.5555763	.3065755	.1378482	0
853.15	0	.5571409	.3050345	.1378247	0
852.15	0	.5586889	.3035109	.1378002	0
851.15	0	.5602205	.3020045	.1377749	0
850.15	0	.5617358	.3005154	.1377488	0
849.15	0	.5632347	.2990435	.1377218	0
848.15	0	.5647174	.2975886	.137694	0
847.15	0	.5661839	.2961508	.1376654	0
846.15	0	.5676342	.2947298	.137636	0
845.15	0	.5690686	.2933256	.1376058	0
844.15	0	.570487	.2919382	.1375748	0
843.15	0	.5718895	.2905673	.1375431	0
842.15	0	.5732763	.289213	.1375107	0
841.15	0	.5746474	.287875	.1374776	0
840.15	0	.5760029	.2865534	.1374437	0
839.15	0	.5773429	.2852479	.1374092	0
838.15	0	.5786676	.2839585	.1373739	0
837.15	0	.579977	.282685	.137338	0
836.15	0	.5812713	.2814273	.1373015	0
835.15	0	.5825505	.2801852	.1372643	0
834.15	0	.5838148	.2789587	.1372265	0
833.15	0	.5850643	.2777476	.137188	0
832.15	0	.5862992	.2765518	.137149	0
831.15	0	.5875195	.2753711	.1371094	0
830.15	0	.5887254	.2742055	.1370692	0
829.15	0	.589917	.2730546	.1370284	0
828.4148	0	.590784	.2722179	.1369981	0
828.4148	0	.590784	.2722179	.1369981	0
828.4148	0	.590784	.2722179	.1369981	0
828.15	0	.5930542	.2694442	.1363408	.001160787
827.15	0	.6014457	.2591708	.1338949	.005488612
826.15	0	.6095603	.2492044	.131504	.009731313
825.15	0	.6174089	.239533	.1291664	.01389172
824.15	0	.6250021	.2301451	.1268802	.01797252
823.15	0	.6323499	.22103	.1246439	.02197626
822.15	0	.6394616	.2121773	.1224557	.02590537
821.15	0	.6463463	.2035774	.1203142	.02976215
820.15	0	.6530124	.1952209	.1182179	.03354879
819.15	0	.6594681	.187099	.1161655	.03726739
818.15	0	.6657211	.1792034	.1141555	.04091995
817.15	0	.6717787	.1715261	.1121868	.04450836
816.15	0	.6776478	.1640595	.1102582	.04803444
815.15	0	.6833353	.1567963	.1083684	.05149993
814.15	0	.6888474	.1497297	.1065165	.0549065
813.15	0	.6941902	.1428529	.1047012	.05825572
812.15	0	.6993695	.1361597	.1029217	.06154913
811.15	0	.7043909	.129644	.1011769	.06478817
810.15	0	.7092597	.1233002	.09946592	.06797426
809.15	0	.7139809	.1171226	.09778784	.07110873
808.15	0	.7185594	.1111059	.09614182	.07419286
807.15	0	.7229999	.1052452	.09452701	.07722791
806.15	0	.7273069	.09953547	.09294262	.08021505
805.15	0	.7314846	.09397213	.09138788	.08315544
804.15	0	.7355371	.08855069	.08986205	.08605017
803.15	0	.7394684	.08326686	.08836442	.08890031
802.15	0	.7432823	.0781165	.08689429	.09170688
801.15	0	.7469825	.07309564	.08545099	.09447087
800.15	0	.7505724	.06820047	.0840339	.09719323
799.15	0	.7540554	.06342732	.08264237	.09987488
798.15	0	.7574348	.05877264	.08127582	.1025167
797.15	0	.7607137	.05423304	.07993366	.1051196
796.15	0	.7638952	.04980523	.07861533	.1076843
795.15	0	.766982	.04548604	.07732028	.1102117
794.15	0	.7699771	.04127242	.07604797	.1127026
793.15	0	.7728831	.03716142	.07479791	.1151576
792.15	0	.7757026	.03315021	.07356959	.1175776
791.15	0	.7784382	.02923603	.07236252	.1199632
790.15	0	.7810924	.02541622	.07117624	.1223152
789.15	0	.7836674	.02168822	.07001029	.1246341
788.15	0	.7861655	.01804955	.06886422	.1269207
787.15	0	.788589	.01449779	.06773761	.1291756
786.15	0	.79094	.01103064	.06663003	.1313994
785.15	0	.7932205	.007645828	.06554107	.1335926
784.15	0	.7954326	.004341178	.06447034	.1357559
783.15	0	.7975781	.001114575	.06341744	.1378899
782.7989	0	.7983159	0	.06305198	.1386322
782.7989	0	.7983159	0	.06305198	.1386322
782.15	0	.7982202	0	.06290957	.1388702
781.15	0	.7980735	0	.06269069	.1392358
780.15	0	.7979276	0	.06247249	.1395999
779.15	0	.7977825	0	.06225497	.1399625
778.15	0	.7976381	0	.06203813	.1403237
777.15	0	.7974945	0	.06182198	.1406835
776.15	0	.7973517	0	.0616065	.1410418
775.15	0	.7972097	0	.06139171	.1413986
774.15	0	.7970683	0	.0611776	.1417541
773.15	0	.7969278	0	.06096417	.1421081
772.15	0	.796788	0	.06075142	.1424606
771.15	0	.7966489	0	.06053935	.1428118
770.15	0	.7965105	0	.06032796	.1431615
769.15	0	.7963729	0	.06011725	.1435099
768.15	0	.796236	0	.05990722	.1438568
767.15	0	.7960998	0	.05969786	.1442023
766.15	0	.7959644	0	.05948919	.1445464
765.15	0	.7958296	0	.05928119	.1448892
764.15	0	.7956956	0	.05907387	.1452306
763.15	0	.7955622	0	.05886723	.1455706
762.15	0	.7954296	0	.05866126	.1459092
761.15	0	.7952976	0	.05845598	.1462464
760.15	0	.7951663	0	.05825136	.1465823
759.15	0	.7950358	0	.05804743	.1469168
758.15	0	.7949059	0	.05784417	.14725
757.15	0	.7947766	0	.05764159	.1475818
756.15	0	.7946481	0	.05743968	.1479123
755.15	0	.7945202	0	.05723845	.1482414
754.15	0	.7943929	0	.05703789	.1485692
753.15	0	.7942664	0	.05683801	.1488956
752.15	0	.7941405	0	.0566388	.1492208
751.15	0	.7940152	0	.05644027	.1495445
750.15	0	.7938906	0	.05624241	.149867
749.15	0	.7937666	0	.05604522	.1501882
748.15	0	.7936433	0	.05584871	.150508
747.15	0	.7935206	0	.05565287	.1508265
746.15	0	.7933985	0	.05545771	.1511438
745.15	0	.7932771	0	.05526321	.1514597
744.15	0	.7931563	0	.0550694	.1517743
743.15	0	.7930361	0	.05487625	.1520876
742.15	0	.7929166	0	.05468377	.1523997
741.15	0	.7927976	0	.05449197	.1527104
740.15	0	.7926793	0	.05430084	.1530199
739.15	0	.7925616	0	.05411038	.153328
738.15	0	.7924445	0	.0539206	.1536349
737.15	0	.792328	0	.05373148	.1539406
736.15	0	.792212	0	.05354304	.1542449
735.15	0	.7920967	0	.05335526	.154548
734.15	0	.791982	0	.05316816	.1548498
733.15	0	.7918679	0	.05298172	.1551504
732.15	0	.7917543	0	.05279596	.1554497
731.15	0	.7916414	0	.05261087	.1557478
730.15	0	.791529	0	.05242644	.1560446
729.15	0	.7914172	0	.05224269	.1563401
728.15	0	.791306	0	.0520596	.1566344
727.15	0	.7911954	0	.05187719	.1569275
726.15	0	.7910853	0	.05169544	.1572193
725.15	0	.7909758	0	.05151436	.1575099
724.15	0	.7908668	0	.05133396	.1577992
723.15	0	.7907584	0	.05115421	.1580873
722.15	0	.7906506	0	.05097514	.1583742
721.15	0	.7905434	0	.05079674	.1586599
720.15	0	.7904367	0	.050619	.1589444
719.15	0	.7903305	0	.05044193	.1592276
718.15	0	.7902249	0	.05026552	.1595096
717.15	0	.7901198	0	.05008979	.1597904
716.15	0	.7900153	0	.04991472	.16007
715.15	0	.7899113	0	.04974032	.1603484
714.15	0	.7898079	0	.04956658	.1606255
713.15	0	.789705	0	.04939351	.1609015
712.15	0	.7896026	0	.04922111	.1611763
711.15	0	.7895008	0	.04904937	.1614499
710.15	0	.7893995	0	.0488783	.1617222
709.15	0	.7892987	0	.04870789	.1619934
708.15	0	.7891984	0	.04853815	.1622634
707.15	0	.7890987	0	.04836907	.1625322
706.15	0	.7889995	0	.04820066	.1627999
705.15	0	.7889008	0	.04803291	.1630663
704.15	0	.7888026	0	.04786583	.1633316
703.15	0	.7887049	0	.04769941	.1635957
702.15	0	.7886078	0	.04753365	.1638586
701.15	0	.7885111	0	.04736856	.1641203
700.15	0	.788415	0	.04720413	.1643809
699.15	0	.7883194	0	.04704037	.1646403
698.15	0	.7882242	0	.04687726	.1648985
697.15	0	.7881296	0	.04671482	.1651556
696.15	0	.7880355	0	.04655304	.1654115
695.15	0	.7879418	0	.04639193	.1656662
694.15	0	.7878487	0	.04623147	.1659198
693.15	0	.7877561	0	.04607168	.1661723
692.15	0	.7876639	0	.04591255	.1664236
691.15	0	.7875722	0	.04575408	.1666737
690.15	0	.787481	0	.04559627	.1669227
689.15	0	.7873904	0	.04543912	.1671705
688.15	0	.7873001	0	.04528263	.1674172
687.15	0	.7872104	0	.0451268	.1676628
686.15	0	.7871212	0	.04497163	.1679072
685.15	0	.7870324	0	.04481712	.1681505
684.15	0	.7869441	0	.04466327	.1683927
683.15	0	.7868562	0	.04451008	.1686337
682.15	0	.7867689	0	.04435754	.1688736
681.15	0	.786682	0	.04420567	.1691123
680.15	0	.7865956	0	.04405445	.16935
679.15	0	.7865096	0	.04390389	.1695865
678.15	0	.7864241	0	.04375399	.1698219
677.15	0	.7863391	0	.04360474	.1700561
676.15	0	.7862546	0	.04345615	.1702893
675.15	0	.7861705	0	.04330822	.1705213
674.15	0	.7860868	0	.04316094	.1707523
673.15	0	.7860036	0	.04301432	.1709821
672.15	0	.7859209	0	.04286835	.1712108
671.15	0	.7858386	0	.04272304	.1714383
670.15	0	.7857568	0	.04257839	.1716648
669.15	0	.7856754	0	.04243438	.1718902
668.15	0	.7855945	0	.04229103	.1721145
667.15	0	.785514	0	.04214834	.1723377
666.15	0	.7854339	0	.04200629	.1725598
665.15	0	.7853543	0	.0418649	.1727808
664.15	0	.7852752	0	.04172417	.1730007
663.15	0	.7851965	0	.04158408	.1732195
662.15	0	.7851182	0	.04144464	.1734372
661.15	0	.7850403	0	.04130586	.1736538
660.15	0	.7849629	0	.04116773	.1738694
659.15	0	.784886	0	.04103024	.1740838
658.15	0	.7848094	0	.04089341	.1742972
657.15	0	.7847333	0	.04075723	.1745095
656.15	0	.7846576	0	.04062169	.1747207
655.15	0	.7845824	0	.0404868	.1749308
654.15	0	.7845075	0	.04035256	.1751399
653.15	0	.7844331	0	.04021897	.1753479
652.15	0	.7843592	0	.04008602	.1755548
651.15	0	.7842856	0	.03995372	.1757607
650.15	0	.7842125	0	.03982207	.1759655
649.15	0	.7841397	0	.03969106	.1761692
648.15	0	.7840674	0	.0395607	.1763719
647.15	0	.7839955	0	.03943098	.1765735
646.15	0	.7839241	0	.0393019	.176774
645.15	0	.783853	0	.03917347	.1769735
644.15	0	.7837824	0	.03904568	.177172
643.15	0	.7837121	0	.03891853	.1773693
642.15	0	.7836423	0	.03879203	.1775657
641.15	0	.7835729	0	.03866616	.177761
640.15	0	.7835039	0	.03854094	.1779552
639.15	0	.7834353	0	.03841635	.1781484
638.15	0	.7833671	0	.03829241	.1783405
637.15	0	.7832993	0	.0381691	.1785316
636.15	0	.7832319	0	.03804643	.1787217
635.15	0	.7831649	0	.0379244	.1789107
634.15	0	.7830983	0	.037803	.1790987
633.15	0	.7830321	0	.03768224	.1792857
632.15	0	.7829662	0	.03756212	.1794716
631.15	0	.7829008	0	.03744263	.1796565
630.15	0	.7828358	0	.03732377	.1798404
629.15	0	.7827712	0	.03720555	.1800233
628.15	0	.7827069	0	.03708796	.1802051
627.15	0	.7826431	0	.036971	.1803859
626.15	0	.7825796	0	.03685467	.1805657
625.15	0	.7825165	0	.03673898	.1807445
624.15	0	.7824539	0	.03662391	.1809222
623.15	0	.7823916	0	.03650947	.181099
622.15	0	.7823296	0	.03639566	.1812747
621.15	0	.7822681	0	.03628248	.1814495
620.15	0	.7822069	0	.03616992	.1816232
619.15	0	.7821461	0	.03605799	.1817959
618.15	0	.7820857	0	.03594669	.1819676
617.15	0	.7820257	0	.03583601	.1821383
616.15	0	.781966	0	.03572595	.182308
615.15	0	.7819068	0	.03561651	.1824767
614.15	0	.7818478	0	.0355077	.1826445
613.15	0	.7817893	0	.03539951	.1828112
612.15	0	.7817311	0	.03529193	.1829769
611.15	0	.7816733	0	.03518498	.1831417
610.15	0	.7816159	0	.03507864	.1833055
609.15	0	.7815588	0	.03497292	.1834682
608.15	0	.7815021	0	.03486782	.1836301
607.15	0	.7814458	0	.03476333	.1837909
606.15	0	.7813898	0	.03465946	.1839507
605.15	0	.7813342	0	.0345562	.1841096
604.15	0	.781279	0	.03445356	.1842675
603.15	0	.7812241	0	.03435152	.1844244
602.15	0	.7811695	0	.0342501	.1845804
601.15	0	.7811153	0	.03414928	.1847354
600.15	0	.7810615	0	.03404907	.1848894
599.15	0	.7810081	0	.03394947	.1850425
598.15	0	.7809549	0	.03385048	.1851946
597.15	0	.7809022	0	.0337521	.1853457
596.15	0	.7808498	0	.03365431	.1854959
595.15	0	.7807977	0	.03355713	.1856452
594.15	0	.780746	0	.03346055	.1857935
593.15	0	.7806946	0	.03336458	.1859408
592.15	0	.7806436	0	.0332692	.1860872
591.15	0	.7805929	0	.03317442	.1862327
590.15	0	.7805426	0	.03308024	.1863772
589.15	0	.7804926	0	.03298666	.1865208
588.15	0	.7804429	0	.03289367	.1866634
587.15	0	.7803936	0	.03280128	.1868051
586.15	0	.7803446	0	.03270948	.1869459
585.15	0	.780296	0	.03261827	.1870857
584.15	0	.7802477	0	.03252765	.1872247
583.15	0	.7801997	0	.03243762	.1873626
582.15	0	.7801521	0	.03234818	.1874997
581.15	0	.7801048	0	.03225933	.1876359
580.15	0	.7800578	0	.03217106	.1877711
579.15	0	.7800112	0	.03208338	.1879054
578.15	0	.7799649	0	.03199628	.1880388
577.15	0	.7799189	0	.03190976	.1881713
576.15	0	.7798733	0	.03182382	.1883029
575.15	0	.7798279	0	.03173846	.1884336
574.15	0	.7797829	0	.03165368	.1885634
573.15	0	.7797383	0	.03156947	.1886923
572.15	0	.7796939	0	.03148584	.1888203
571.15	0	.7796499	0	.03140279	.1889474
570.15	0	.7796061	0	.0313203	.1890736
569.15	0	.7795627	0	.03123839	.1891989
568.15	0	.7795197	0	.03115704	.1893233
567.15	0	.7794769	0	.03107627	.1894468
566.15	0	.7794344	0	.03099606	.1895695
565.15	0	.7793923	0	.03091642	.1896913
564.15	0	.7793505	0	.03083734	.1898122
563.15	0	.779309	0	.03075882	.1899322
562.15	0	.7792678	0	.03068086	.1900514
561.15	0	.7792269	0	.03060346	.1901697
560.15	0	.7791863	0	.03052662	.1902871
559.15	0	.779146	0	.03045034	.1904037
558.15	0	.779106	0	.03037461	.1905194
557.15	0	.7790663	0	.03029943	.1906342
556.15	0	.779027	0	.03022481	.1907482
555.15	0	.7789879	0	.03015073	.1908614
554.15	0	.7789491	0	.0300772	.1909737
553.15	0	.7789107	0	.03000422	.1910851
552.15	0	.7788725	0	.02993179	.1911957
551.15	0	.7788346	0	.0298599	.1913055
550.15	0	.778797	0	.02978854	.1914144
549.15	0	.7787598	0	.02971773	.1915225
548.15	0	.7787228	0	.02964746	.1916298
547.15	0	.7786861	0	.02957773	.1917362
546.15	0	.7786497	0	.02950853	.1918418
545.15	0	.7786136	0	.02943986	.1919466
544.15	0	.7785777	0	.02937173	.1920506
543.15	0	.7785422	0	.02930412	.1921537
542.15	0	.7785069	0	.02923704	.192256
541.15	0	.778472	0	.02917049	.1923576
540.15	0	.7784373	0	.02910446	.1924583
539.15	0	.7784029	0	.02903896	.1925582
538.15	0	.7783687	0	.02897398	.1926573
537.15	0	.7783349	0	.02890951	.1927556
536.15	0	.7783013	0	.02884557	.1928531
535.15	0	.778268	0	.02878214	.1929498
534.15	0	.778235	0	.02871922	.1930458
533.15	0	.7782023	0	.02865681	.1931409
532.15	0	.7781698	0	.02859492	.1932352
531.15	0	.7781377	0	.02853353	.1933288
530.15	0	.7781057	0	.02847265	.1934216
529.15	0	.7780741	0	.02841227	.1935137
528.15	0	.7780427	0	.02835239	.1936049
527.15	0	.7780116	0	.02829302	.1936954
526.15	0	.7779808	0	.02823414	.1937851
525.15	0	.7779502	0	.02817576	.1938741
524.15	0	.7779198	0	.02811787	.1939623
523.15	0	.7778898	0	.02806048	.1940497
522.15	0	.77786	0	.02800358	.1941364
521.15	0	.7778305	0	.02794716	.1942224
520.15	0	.7778012	0	.02789124	.1943076
519.15	0	.7777722	0	.02783579	.194392
518.15	0	.7777434	0	.02778083	.1944757
517.15	0	.7777149	0	.02772635	.1945587
516.15	0	.7776867	0	.02767235	.194641
515.15	0	.7776587	0	.02761882	.1947225
514.15	0	.7776309	0	.02756577	.1948033
513.15	0	.7776034	0	.02751319	.1948834
512.15	0	.7775762	0	.02746108	.1949627
511.15	0	.7775492	0	.02740944	.1950414
510.15	0	.7775225	0	.02735826	.1951193
509.15	0	.777496	0	.02730754	.1951965
508.15	0	.7774697	0	.02725729	.195273
507.15	0	.7774437	0	.0272075	.1953488
506.15	0	.7774179	0	.02715817	.1954239
505.15	0	.7773924	0	.02710929	.1954984
504.15	0	.7773671	0	.02706086	.1955721
503.15	0	.777342	0	.02701288	.1956451
502.15	0	.7773172	0	.02696535	.1957175
501.15	0	.7772926	0	.02691827	.1957891
500.15	0	.7772682	0	.02687163	.1958601
499.15	0	.7772441	0	.02682544	.1959305
498.15	0	.7772202	0	.02677968	.1960001
497.15	0	.7771966	0	.02673436	.1960691
496.15	0	.7771731	0	.02668948	.1961374
495.15	0	.7771499	0	.02664503	.1962051
494.15	0	.7771269	0	.026601	.1962721
493.15	0	.7771042	0	.02655741	.1963384
492.15	0	.7770817	0	.02651425	.1964041
491.15	0	.7770594	0	.0264715	.1964691
490.15	0	.7770373	0	.02642918	.1965335
489.15	0	.7770154	0	.02638728	.1965973
488.15	0	.7769938	0	.02634579	.1966604
487.15	0	.7769723	0	.02630472	.196723
486.15	0	.7769511	0	.02626406	.1967848
485.15	0	.7769301	0	.02622381	.1968461
484.15	0	.7769093	0	.02618397	.1969067
483.15	0	.7768888	0	.02614453	.1969667
482.15	0	.7768684	0	.0261055	.1970261
481.15	0	.7768483	0	.02606686	.1970849
480.15	0	.7768283	0	.02602863	.1971431
479.15	0	.7768086	0	.02599079	.1972007
478.15	0	.776789	0	.02595334	.1972576
477.15	0	.7767697	0	.02591628	.197314
476.15	0	.7767506	0	.02587962	.1973698
475.15	0	.7767317	0	.02584333	.197425
474.15	0	.7767129	0	.02580744	.1974796
473.15	0	.7766944	0	.02577192	.1975337
472.15	0	.7766761	0	.02573678	.1975871
471.15	0	.776658	0	.02570202	.19764
470.15	0	.77664	0	.02566763	.1976923
469.15	0	.7766223	0	.02563362	.1977441
468.15	0	.7766048	0	.02559997	.1977953
467.15	0	.7765874	0	.02556669	.1978459
466.15	0	.7765702	0	.02553377	.197896
465.15	0	.7765533	0	.02550122	.1979455
464.15	0	.7765365	0	.02546902	.1979945
463.15	0	.7765199	0	.02543718	.1980429
462.15	0	.7765034	0	.0254057	.1980908
461.15	0	.7764872	0	.02537457	.1981382
460.15	0	.7764712	0	.02534379	.198185
459.15	0	.7764553	0	.02531335	.1982313
458.15	0	.7764396	0	.02528326	.1982771
457.15	0	.7764241	0	.02525352	.1983224
456.15	0	.7764088	0	.02522411	.1983671
455.15	0	.7763936	0	.02519504	.1984113
454.15	0	.7763786	0	.0251663	.1984551
453.15	0	.7763638	0	.02513789	.1984983
452.15	0	.7763492	0	.02510982	.198541
451.15	0	.7763347	0	.02508207	.1985832
450.15	0	.7763204	0	.02505465	.1986249
