T	 BPW(LIQUID)	BPW(BCC_A2)	BPW(FCC_A1)	BPW(LAVES_PHASE_C14)	BPW(NI3TI)
1473.15	.4485296	.5514704	0	0	0
1472.15	.4448645	.5551355	0	0	0
1471.15	.4412248	.5587752	0	0	0
1470.15	.4376104	.5623896	0	0	0
1469.15	.4340209	.5659791	0	0	0
1468.15	.4304564	.5695436	0	0	0
1467.15	.4269166	.5730834	0	0	0
1466.15	.4234013	.5765987	0	0	0
1465.15	.4199104	.5800896	0	0	0
1464.15	.4164437	.5835563	0	0	0
1463.15	.413001	.586999	0	0	0
1462.15	.4095822	.5904178	0	0	0
1461.15	.4061871	.5938129	0	0	0
1460.15	.4028156	.5971844	0	0	0
1459.15	.3994675	.6005326	0	0	0
1458.15	.3961425	.6038575	0	0	0
1457.15	.3928406	.6071594	0	0	0
1456.15	.3895617	.6104383	0	0	0
1455.15	.3863054	.6136946	0	0	0
1454.15	.3830718	.6169282	0	0	0
1453.15	.3798605	.6201395	0	0	0
1452.15	.3766716	.6233284	0	0	0
1451.15	.3735047	.6264953	0	0	0
1450.15	.3703598	.6296402	0	0	0
1449.15	.3672368	.6327632	0	0	0
1448.15	.3641353	.6358647	0	0	0
1447.15	.3610554	.6389446	0	0	0
1446.15	.3579968	.6420032	0	0	0
1445.15	.3549594	.6450406	0	0	0
1444.15	.3519431	.6480569	0	0	0
1443.15	.3489477	.6510523	0	0	0
1442.15	.345973	.654027	0	0	0
1441.15	.343019	.6569811	0	0	0
1440.15	.3400854	.6599147	0	0	0
1439.15	.3371721	.6628279	0	0	0
1438.15	.334279	.6657211	0	0	0
1437.15	.3314059	.6685941	0	0	0
1436.15	.3285527	.6714473	0	0	0
1435.15	.3257192	.6742808	0	0	0
1434.15	.3229054	.6770946	0	0	0
1433.15	.320111	.679889	0	0	0
1432.15	.317336	.682664	0	0	0
1431.15	.3145801	.6854199	0	0	0
1431.102	.314449	.685551	0	0	0
1431.102	.314449	.685551	0	0	0
1431.102	.314449	.685551	0	0	0
1430.15	.3102968	.688167	0	.00153619	0
1429.15	.3059939	.6908734	0	.003132718	0
1428.15	.3017486	.6935389	0	.004712508	0
1427.15	.2975599	.6961642	0	.006275907	0
1426.15	.2934265	.6987503	0	.007823253	0
1425.15	.2893473	.7012978	0	.009354875	0
1424.15	.2853214	.7038076	0	.01087109	0
1423.15	.2813475	.7062803	0	.01237222	0
1422.15	.2774248	.7087167	0	.01385855	0
1421.15	.2735521	.7111175	0	.0153304	0
1420.15	.2697286	.7134834	0	.01678803	0
1419.15	.2659533	.715815	0	.01823174	0
1418.15	.2622252	.718113	0	.0196618	0
1417.15	.2585434	.7203781	0	.02107848	0
1416.15	.2549071	.7226109	0	.02248203	0
1415.15	.2513153	.7248119	0	.02387271	0
1414.15	.2477674	.7269819	0	.02525076	0
1413.15	.2442624	.7291212	0	.02661643	0
1412.15	.2407995	.7312306	0	.02796995	0
1411.15	.2373779	.7333105	0	.02931155	0
1410.15	.233997	.7353616	0	.03064145	0
1409.15	.2306559	.7373842	0	.03195988	0
1408.15	.2273539	.739379	0	.03326703	0
1407.15	.2240904	.7413465	0	.03456313	0
1406.15	.2208645	.7432871	0	.03584838	0
1405.15	.2176757	.7452013	0	.03712297	0
1404.15	.2145233	.7470896	0	.03838709	0
1403.15	.2114066	.7489525	0	.03964093	0
1402.15	.208325	.7507903	0	.04088469	0
1401.15	.2052779	.7526036	0	.04211853	0
1400.15	.2022647	.7543927	0	.04334264	0
1399.15	.1992847	.7561581	0	.04455718	0
1398.15	.1963375	.7579002	0	.04576232	0
1397.15	.1934224	.7596194	0	.04695823	0
1396.15	.1905389	.761316	0	.04814507	0
1395.15	.1876864	.7629906	0	.04932299	0
1394.15	.1848645	.7646433	0	.05049215	0
1393.15	.1820726	.7662747	0	.0516527	0
1392.15	.1793102	.767885	0	.05280477	0
1391.15	.1765768	.7694747	0	.05394852	0
1390.15	.1738719	.771044	0	.05508409	0
1389.15	.1711951	.7725933	0	.05621161	0
1388.15	.1685459	.7741229	0	.05733121	0
1387.15	.1659238	.7756332	0	.05844303	0
1386.15	.1633284	.7771244	0	.05954719	0
1385.15	.1607592	.778597	0	.06064382	0
1384.15	.1582159	.7800511	0	.06173304	0
1383.15	.155698	.781487	0	.06281497	0
1382.15	.1532051	.7829052	0	.06388974	0
1381.15	.1507368	.7843058	0	.06495744	0
1380.15	.1482926	.7856892	0	.0660182	0
1379.15	.1458724	.7870555	0	.06707213	0
1378.15	.1434756	.7884051	0	.06811933	0
1377.15	.1411018	.7897383	0	.06915991	0
1376.15	.1387508	.7910552	0	.07019397	0
1375.15	.1364221	.7923563	0	.07122161	0
1374.15	.1341155	.7936416	0	.07224294	0
1373.15	.1318305	.7949115	0	.07325804	0
1372.15	.1295669	.7961661	0	.07426702	0
1371.15	.1273243	.7974057	0	.07526997	0
1370.15	.1251024	.7986306	0	.07626697	0
1369.15	.1229009	.799841	0	.07725813	0
1368.15	.1207194	.8010371	0	.07824352	0
1367.15	.1185577	.8022191	0	.07922323	0
1366.15	.1164155	.8033871	0	.08019735	0
1365.15	.1142925	.8045416	0	.08116595	0
1364.15	.1121884	.8056825	0	.08212913	0
1363.15	.1101029	.8068102	0	.08308695	0
1362.15	.1080357	.8079248	0	.0840395	0
1361.15	.1059866	.8090266	0	.08498685	0
1360.15	.1039553	.8101156	0	.08592908	0
1359.15	.1019416	.8111922	0	.08686626	0
1358.15	.09994511	.8122564	0	.08779847	0
1357.15	.09796571	.8133085	0	.08872576	0
1356.15	.0960031	.8143487	0	.08964822	0
1355.15	.09405705	.815377	0	.09056591	0
1354.15	.09212731	.8163938	0	.0914789	0
1353.15	.09021366	.8173991	0	.09238724	0
1352.15	.08831587	.8183931	0	.09329102	0
1351.15	.08643371	.819376	0	.09419028	0
1350.15	.08456697	.8203479	0	.0950851	0
1349.15	.08271542	.8213091	0	.09597552	0
1348.15	.08087885	.8222595	0	.09686162	0
1347.15	.07905706	.8231995	0	.09774345	0
1346.15	.07724984	.8241291	0	.09862106	0
1345.15	.07545698	.8250485	0	.09949452	0
1344.15	.07367829	.8259578	0	.1003639	0
1343.15	.07191358	.8268572	0	.1012292	0
1342.15	.07016266	.8277468	0	.1020905	0
1341.15	.06842532	.8286268	0	.1029479	0
1340.15	.0667014	.8294972	0	.1038014	0
1339.15	.06499071	.8303583	0	.104651	0
1338.15	.06329306	.8312101	0	.1054969	0
1337.15	.0616083	.8320527	0	.106339	0
1336.15	.05993623	.8328864	0	.1071774	0
1335.15	.05827669	.8337111	0	.1080122	0
1334.15	.05662952	.8345271	0	.1088434	0
1333.15	.05499456	.8353344	0	.109671	0
1332.15	.05337162	.8361332	0	.1104951	0
1331.15	.05176058	.8369236	0	.1113158	0
1330.15	.05016125	.8377057	0	.112133	0
1329.15	.0485735	.8384796	0	.1129469	0
1328.15	.04699716	.8392454	0	.1137574	0
1327.15	.0454321	.8400033	0	.1145646	0
1326.15	.04387816	.8407533	0	.1153686	0
1325.15	.0423352	.8414955	0	.1161693	0
1324.15	.04080308	.84223	0	.1169669	0
1323.15	.03928166	.842957	0	.1177613	0
1322.15	.03777081	.8436765	0	.1185527	0
1321.15	.03627038	.8443887	0	.1193409	0
1320.15	.03478024	.8450936	0	.1201262	0
1319.15	.03330027	.8457913	0	.1209084	0
1318.15	.03183033	.846482	0	.1216877	0
1317.15	.0303703	.8471656	0	.1224641	0
1316.15	.02892006	.8478424	0	.1232376	0
1315.15	.02747947	.8485123	0	.1240082	0
1314.15	.02604842	.8491756	0	.124776	0
1313.15	.0246268	.8498322	0	.125541	0
1312.15	.02321448	.8504822	0	.1263033	0
1311.15	.02181134	.8511258	0	.1270628	0
1310.15	.02041728	.851763	0	.1278197	0
1309.15	.01903218	.8523939	0	.1285739	0
1308.15	.01765593	.8530186	0	.1293254	0
1307.15	.01628842	.8536372	0	.1300744	0
1306.15	.01492955	.8542497	0	.1308208	0
1305.15	.01357921	.8548562	0	.1315646	0
1304.15	.01223729	.8554568	0	.1323059	0
1303.15	.0109037	.8560515	0	.1330448	0
1302.15	.009578325	.8566406	0	.1337811	0
1301.15	.008261077	.8572239	0	.1345151	0
1300.15	.006951853	.8578016	0	.1352466	0
1299.15	.00564731	.8583766	0	.1359761	0
1298.15	.004353857	.8589432	0	.1367029	0
1297.15	.003068142	.8595045	0	.1374274	0
1296.15	.001790074	.8600604	0	.1381495	0
1295.15	5.195605E-04	.860611	0	.1388694	0
1294.739	0	.8608356	0	.1391644	0
1294.739	0	.8608356	0	.1391644	0
1294.15	0	.8605008	0	.1394992	0
1293.15	0	.8599336	0	.1400664	0
1292.15	0	.8593675	0	.1406325	0
1291.15	0	.8588027	0	.1411973	0
1290.15	0	.858239	0	.141761	0
1289.15	0	.8576765	0	.1423235	0
1288.15	0	.8571152	0	.1428848	0
1287.15	0	.8565551	0	.1434449	0
1286.15	0	.8559961	0	.1440039	0
1285.15	0	.8554382	0	.1445618	0
1284.15	0	.8548816	0	.1451184	0
1283.15	0	.8543261	0	.145674	0
1282.15	0	.8537717	0	.1462283	0
1281.15	0	.8532185	0	.1467815	0
1280.15	0	.8526664	0	.1473336	0
1279.15	0	.8521154	0	.1478846	0
1278.15	0	.8515657	0	.1484343	0
1277.15	0	.851017	0	.148983	0
1276.15	0	.8504695	0	.1495305	0
1275.15	0	.8499231	0	.150077	0
1274.15	0	.8493778	0	.1506222	0
1273.15	0	.8488336	0	.1511664	0
1272.15	0	.8482906	0	.1517094	0
1271.15	0	.8477486	0	.1522514	0
1270.15	0	.8472078	0	.1527922	0
1269.15	0	.8466681	0	.1533319	0
1268.15	0	.8461295	0	.1538705	0
1267.15	0	.845592	0	.154408	0
1266.15	0	.8450556	0	.1549444	0
1265.15	0	.8445203	0	.1554797	0
1264.15	0	.8439861	0	.156014	0
1263.15	0	.8434529	0	.1565471	0
1262.15	0	.8429209	0	.1570791	0
1261.15	0	.8423899	0	.1576101	0
1260.15	0	.84186	0	.15814	0
1259.15	0	.8413312	0	.1586688	0
1258.15	0	.8408035	0	.1591965	0
1257.15	0	.8402768	0	.1597232	0
1256.15	0	.8397512	0	.1602488	0
1255.15	0	.8392267	0	.1607733	0
1254.15	0	.8387032	0	.1612968	0
1253.15	0	.8381808	0	.1618192	0
1252.15	0	.8376595	0	.1623405	0
1251.15	0	.8371392	0	.1628609	0
1250.15	0	.8366199	0	.1633801	0
1249.15	0	.8361017	0	.1638983	0
1248.15	0	.8355845	0	.1644155	0
1247.15	0	.8350684	0	.1649316	0
1246.15	0	.8345533	0	.1654467	0
1245.15	0	.8340393	0	.1659607	0
1244.15	0	.8335262	0	.1664738	0
1243.15	0	.8330143	0	.1669858	0
1242.15	0	.8325033	0	.1674967	0
1241.15	0	.8319933	0	.1680067	0
1240.15	0	.8314844	0	.1685156	0
1239.15	0	.8309765	0	.1690235	0
1238.15	0	.8304696	0	.1695304	0
1237.15	0	.8299638	0	.1700362	0
1236.15	0	.8294589	0	.1705411	0
1235.15	0	.828955	0	.171045	0
1234.15	0	.8284522	0	.1715478	0
1233.15	0	.8279503	0	.1720497	0
1232.15	0	.8274495	0	.1725506	0
1231.15	0	.8269496	0	.1730504	0
1230.15	0	.8264507	0	.1735493	0
1229.15	0	.8259529	0	.1740472	0
1228.15	0	.825456	0	.174544	0
1227.15	0	.8249601	0	.1750399	0
1226.15	0	.8244651	0	.1755349	0
1225.15	0	.8239712	0	.1760288	0
1224.15	0	.8234782	0	.1765218	0
1223.15	0	.8229862	0	.1770138	0
1222.15	0	.8224952	0	.1775048	0
1221.15	0	.8220052	0	.1779949	0
1220.15	0	.8215161	0	.1784839	0
1219.15	0	.821028	0	.1789721	0
1218.15	0	.8205408	0	.1794592	0
1217.15	0	.8200546	0	.1799454	0
1216.15	0	.8195693	0	.1804307	0
1215.15	0	.819085	0	.180915	0
1214.15	0	.8186017	0	.1813983	0
1213.15	0	.8181193	0	.1818807	0
1212.15	0	.8176379	0	.1823621	0
1211.15	0	.8171574	0	.1828426	0
1210.15	0	.8166778	0	.1833222	0
1209.15	0	.8161992	0	.1838008	0
1208.574	0	.815924	0	.184076	0
1208.574	0	.815924	0	.184076	0
1208.574	0	.815924	0	.184076	0
1208.15	0	.8154167	3.213162E-04	.184262	0
1207.15	0	.8142227	.00107748	.1846998	0
1206.15	0	.813032	.001831492	.1851365	0
1205.15	0	.8118446	.002583357	.1855721	0
1204.15	0	.8106603	.003333079	.1860066	0
1203.15	0	.8094793	.004080662	.18644	0
1202.15	0	.8083015	.004826111	.1868724	0
1201.15	0	.807127	.00556943	.1873036	0
1200.15	0	.8059556	.006310623	.1877338	0
1199.15	0	.8047874	.007049693	.1881629	0
1198.15	0	.8036224	.007786647	.188591	0
1197.15	0	.8024606	.008521486	.189018	0
1196.15	0	.8013019	.009254217	.1894439	0
1195.15	0	.8001464	.009984842	.1898688	0
1194.15	0	.798994	.01071336	.1902926	0
1193.15	0	.7978448	.01143979	.1907154	0
1192.15	0	.7966988	.01216412	.1911371	0
1191.15	0	.7955559	.01288637	.1915578	0
1190.15	0	.7944161	.01360653	.1919774	0
1189.15	0	.7932794	.0143246	.192396	0
1188.15	0	.7921458	.0150406	.1928136	0
1187.15	0	.7910153	.01575453	.1932301	0
1186.15	0	.789888	.01646638	.1936457	0
1185.15	0	.7887637	.01717617	.1940602	0
1184.15	0	.7876425	.0178839	.1944736	0
1183.15	0	.7865243	.01858957	.1948861	0
1182.15	0	.7854093	.01929318	.1952976	0
1181.15	0	.7842973	.01999474	.195708	0
1180.15	0	.7831883	.02069426	.1961174	0
1179.15	0	.7820824	.02139173	.1965258	0
1178.15	0	.7809796	.02208717	.1969333	0
1177.15	0	.7798797	.02278056	.1973397	0
1176.15	0	.7787829	.02347193	.1977451	0
1175.15	0	.7776892	.02416126	.1981496	0
1174.15	0	.7765984	.02484858	.198553	0
1173.15	0	.7755106	.02553386	.1989555	0
1172.15	0	.7744259	.02621714	.199357	0
1171.15	0	.7733441	.02689839	.1997575	0
1170.15	0	.7722653	.02757764	.200157	0
1169.15	0	.7711895	.02825487	.2005556	0
1168.15	0	.7701167	.02893011	.2009532	0
1167.15	0	.7690469	.02960334	.2013498	0
1166.15	0	.76798	.03027458	.2017454	0
1165.15	0	.766916	.03094382	.2021401	0
1164.15	0	.7658551	.03161108	.2025339	0
1163.15	0	.764797	.03227634	.2029266	0
1162.15	0	.7637419	.03293962	.2033185	0
1161.15	0	.7626897	.03360093	.2037094	0
1160.15	0	.7616405	.03426025	.2040993	0
1159.15	0	.7605941	.0349176	.2044883	0
1158.15	0	.7595507	.03557299	.2048763	0
1157.15	0	.7585102	.0362264	.2052634	0
1156.15	0	.7574726	.03687785	.2056496	0
1155.15	0	.7564378	.03752734	.2060348	0
1154.15	0	.755406	.0381749	.2064191	0
1153.15	0	.754377	.03882048	.2068025	0
1152.15	0	.7533509	.03946411	.207185	0
1151.15	0	.7523277	.0401058	.2075665	0
1150.15	0	.7513074	.04074553	.2079471	0
1149.15	0	.7502899	.04138333	.2083268	0
1148.15	0	.7492753	.04201919	.2087056	0
1147.15	0	.7482635	.04265312	.2090834	0
1146.15	0	.7472545	.04328511	.2094604	0
1145.15	0	.7462484	.04391517	.2098364	0
1144.15	0	.7452452	.04454331	.2102115	0
1143.15	0	.7442447	.04516953	.2105858	0
1142.15	0	.7432471	.04579383	.2109591	0
1141.15	0	.7422523	.04641621	.2113315	0
1140.15	0	.7412602	.04703668	.2117031	0
1139.15	0	.740271	.04765524	.2120737	0
1138.15	0	.7392846	.04827189	.2124435	0
1137.15	0	.738301	.04888663	.2128124	0
1136.15	0	.7373202	.04949948	.2131804	0
1135.15	0	.7363421	.05011042	.2135475	0
1134.15	0	.7353668	.05071948	.2139137	0
1133.15	0	.7343943	.05132663	.214279	0
1132.15	0	.7334246	.05193191	.2146435	0
1131.15	0	.7324576	.05253529	.2150071	0
1130.15	0	.7314934	.05313679	.2153698	0
1129.15	0	.7305319	.05373641	.2157317	0
1128.15	0	.7295732	.05433415	.2160927	0
1127.15	0	.7286172	.05493001	.2164528	0
1126.15	0	.7276639	.05552401	.2168121	0
1125.15	0	.7267134	.05611613	.2171705	0
1124.15	0	.7257656	.05670639	.217528	0
1123.15	0	.7248205	.05729478	.2178847	0
1122.15	0	.7238782	.05788131	.2182405	0
1121.15	0	.7229385	.05846599	.2185955	0
1120.15	0	.7220015	.05904881	.2189496	0
1119.15	0	.7210673	.05962977	.2193029	0
1118.15	0	.7201357	.06020889	.2196554	0
1117.15	0	.7192069	.06078616	.220007	0
1116.15	0	.7182807	.06136158	.2203577	0
1115.15	0	.7173572	.06193517	.2207077	0
1114.15	0	.7164364	.06250691	.2210567	0
1113.15	0	.7155182	.06307682	.221405	0
1112.15	0	.7146027	.06364489	.2217524	0
1111.15	0	.7136899	.06421114	.222099	0
1110.15	0	.7127797	.06477555	.2224448	0
1109.15	0	.7118722	.06533814	.2227897	0
1108.15	0	.7109673	.06589891	.2231338	0
1107.15	0	.7100651	.06645786	.2234771	0
1106.15	0	.7091655	.06701499	.2238195	0
1105.15	0	.7082685	.0675703	.2241612	0
1104.15	0	.7073742	.0681238	.224502	0
1103.15	0	.7064825	.0686755	.224842	0
1102.15	0	.7055934	.06922539	.2251812	0
1101.15	0	.7047069	.06977347	.2255196	0
1100.15	0	.7038231	.07031975	.2258572	0
1099.15	0	.7029418	.07086423	.2261939	0
1098.15	0	.7020632	.07140692	.2265299	0
1097.15	0	.7011871	.07194781	.2268651	0
1096.15	0	.7003137	.07248691	.2271994	0
1095.15	0	.6994428	.07302422	.2275329	0
1094.15	0	.6985746	.07355975	.2278657	0
1093.15	0	.6977089	.07409349	.2281977	0
1092.15	0	.6968457	.07462546	.2285288	0
1091.15	0	.6959852	.07515564	.2288592	0
1090.15	0	.6951272	.07568405	.2291887	0
1089.15	0	.6942718	.07621069	.2295175	0
1088.15	0	.6934189	.07673555	.2298455	0
1087.15	0	.6925686	.07725865	.2301727	0
1086.15	0	.6917209	.07777998	.2304991	0
1085.15	0	.6908757	.07829956	.2308247	0
1084.15	0	.690033	.07881737	.2311496	0
1083.15	0	.6891929	.07933342	.2314737	0
1082.15	0	.6883554	.07984772	.2317969	0
1081.15	0	.6875203	.08036027	.2321194	0
1080.15	0	.6866878	.08087107	.2324412	0
1079.15	0	.6858578	.08138012	.2327621	0
1078.15	0	.6850303	.08188743	.2330823	0
1077.15	0	.6842053	.08239299	.2334017	0
1076.15	0	.6833829	.08289682	.2337203	0
1075.15	0	.6825629	.08339891	.2340382	0
1074.15	0	.6817455	.08389927	.2343552	0
1073.15	0	.6809305	.0843979	.2346716	0
1072.15	0	.6801181	.08489479	.2349871	0
1071.15	0	.6793081	.08538996	.2353019	0
1070.15	0	.6785007	.08588341	.2356159	0
1069.15	0	.6776957	.08637514	.2359292	0
1068.15	0	.6768932	.08686515	.2362417	0
1067.15	0	.6760931	.08735345	.2365534	0
1066.15	0	.6752956	.08784004	.2368644	0
1065.15	0	.6745005	.08832491	.2371746	0
1064.15	0	.6737078	.08880808	.2374841	0
1063.15	0	.6729177	.08928954	.2377928	0
1062.15	0	.67213	.0897693	.2381007	0
1061.15	0	.6713447	.09024737	.2384079	0
1060.15	0	.6705619	.09072373	.2387144	0
1059.15	0	.6697815	.09119841	.2390201	0
1058.15	0	.6690036	.09167139	.239325	0
1057.15	0	.6682281	.09214269	.2396292	0
1056.15	0	.667455	.0926123	.2399327	0
1055.15	0	.6666844	.09308023	.2402354	0
1054.15	0	.6659162	.09354648	.2405373	0
1053.15	0	.6651504	.09401106	.2408385	0
1052.15	0	.6643871	.09447396	.241139	0
1051.15	0	.6636261	.09493519	.2414387	0
1050.15	0	.6628676	.09539476	.2417377	0
1049.15	0	.6621114	.09585266	.2420359	0
1048.15	0	.6613577	.0963089	.2423334	0
1047.15	0	.6606064	.09676348	.2426302	0
1046.15	0	.6598574	.0972164	.2429262	0
1045.15	0	.6591109	.09766768	.2432215	0
1044.15	0	.6583667	.0981173	.243516	0
1043.15	0	.6576249	.09856527	.2438098	0
1042.15	0	.6568855	.09901161	.2441029	0
1041.15	0	.6561485	.0994563	.2443952	0
1040.15	0	.6554138	.09989936	.2446868	0
1039.15	0	.6546816	.1003408	.2449777	0
1038.15	0	.6539516	.1007806	.2452678	0
1037.15	0	.6532241	.1012187	.2455572	0
1036.15	0	.6524989	.1016553	.2458458	0
1035.15	0	.651776	.1020902	.2461338	0
1034.15	0	.6510555	.1025235	.246421	0
1033.15	0	.6503374	.1029552	.2467074	0
1032.15	0	.6496215	.1033853	.2469932	0
1031.15	0	.6489081	.1038137	.2472782	0
1030.15	0	.6481969	.1042406	.2475625	0
1029.15	0	.6474881	.1046659	.247846	0
1028.15	0	.6467816	.1050895	.2481288	0
1027.15	0	.6460774	.1055116	.248411	0
1026.15	0	.6453756	.1059321	.2486923	0
1025.15	0	.644676	.106351	.248973	0
1024.15	0	.6439788	.1067683	.2492529	0
1023.15	0	.6432839	.1071841	.2495321	0
1022.15	0	.6425913	.1075982	.2498105	0
1021.15	0	.6419009	.1080108	.2500883	0
1020.15	0	.6412129	.1084218	.2503653	0
1019.15	0	.6405271	.1088313	.2506416	0
1018.15	0	.6398437	.1092392	.2509171	0
1017.15	0	.6391625	.1096456	.251192	0
1016.15	0	.6384836	.1100504	.2514661	0
1015.15	0	.6378069	.1104536	.2517395	0
1014.15	0	.6371326	.1108553	.2520121	0
1013.15	0	.6364605	.1112555	.2522841	0
1012.15	0	.6357906	.1116541	.2525553	0
1011.15	0	.635123	.1120512	.2528258	0
1010.15	0	.6344577	.1124468	.2530955	0
1009.15	0	.6337946	.1128409	.2533646	0
1008.15	0	.6331337	.1132334	.2536329	0
1007.15	0	.6324751	.1136244	.2539005	0
1006.15	0	.6318187	.114014	.2541674	0
1005.15	0	.6311645	.114402	.2544335	0
1004.15	0	.6305126	.1147885	.2546989	0
1003.15	0	.6298629	.1151735	.2549636	0
1002.15	0	.6292154	.1155571	.2552276	0
1001.15	0	.6285701	.1159391	.2554908	0
1000.15	0	.627927	.1163197	.2557533	0
999.15	0	.6272861	.1166988	.2560151	0
998.15	0	.6266474	.1170764	.2562762	0
997.15	0	.6260109	.1174526	.2565365	0
996.15	0	.6253766	.1178273	.2567962	0
995.15	0	.6247444	.1182006	.257055	0
994.15	0	.6241144	.1185724	.2573132	0
993.15	0	.6234866	.1189427	.2575706	0
992.15	0	.622861	.1193117	.2578273	0
991.15	0	.6222375	.1196792	.2580833	0
990.15	0	.6216162	.1200453	.2583385	0
989.15	0	.6209971	.1204099	.258593	0
988.15	0	.62038	.1207732	.2588468	0
987.15	0	.6197651	.121135	.2590999	0
986.15	0	.6191524	.1214955	.2593522	0
985.15	0	.6185417	.1218545	.2596037	0
984.15	0	.6179332	.1222122	.2598546	0
983.15	0	.6173268	.1225685	.2601047	0
982.15	0	.6167226	.1229234	.2603541	0
981.15	0	.6161204	.1232769	.2606027	0
980.15	0	.6155203	.1236291	.2608506	0
979.15	0	.6149223	.1239799	.2610978	0
978.15	0	.6143264	.1243294	.2613442	0
977.15	0	.6137326	.1246775	.2615899	0
976.15	0	.6131409	.1250243	.2618348	0
975.15	0	.6125512	.1253698	.262079	0
974.15	0	.6119636	.1257139	.2623225	0
973.15	0	.611378	.1260568	.2625652	0
972.15	0	.6107945	.1263983	.2628072	0
971.15	0	.610213	.1267386	.2630484	0
970.15	0	.6096336	.1270775	.2632889	0
969.15	0	.6090562	.1274152	.2635286	0
968.15	0	.6084808	.1277516	.2637676	0
967.15	0	.6079074	.1280868	.2640058	0
966.15	0	.6073361	.1284207	.2642433	0
965.15	0	.6067667	.1287533	.26448	0
964.15	0	.6061993	.1290847	.2647159	0
963.15	0	.6056339	.1294149	.2649512	0
962.15	0	.6050705	.1297439	.2651856	0
961.15	0	.6045091	.1300716	.2654193	0
960.15	0	.6039496	.1303982	.2656522	0
959.15	0	.6033921	.1307235	.2658844	0
958.15	0	.6028366	.1310477	.2661157	0
957.15	0	.6022829	.1313707	.2663464	0
956.15	0	.6017312	.1316926	.2665762	0
955.15	0	.6011814	.1320133	.2668053	0
954.15	0	.6006336	.1323328	.2670336	0
953.15	0	.6000876	.1326512	.2672612	0
952.15	0	.5995436	.1329685	.2674879	0
951.15	0	.5990014	.1332847	.2677139	0
950.15	0	.5984611	.1335998	.2679391	0
949.15	0	.5979227	.1339138	.2681635	0
948.15	0	.5973861	.1342267	.2683871	0
947.15	0	.5968514	.1345386	.26861	0
946.15	0	.5963186	.1348494	.268832	0
945.15	0	.5957875	.1351592	.2690533	0
944.15	0	.5952583	.1354679	.2692738	0
943.15	0	.5947309	.1357756	.2694934	0
942.15	0	.5942054	.1360823	.2697123	0
941.15	0	.5936816	.1363881	.2699304	0
940.15	0	.5931595	.1366928	.2701477	0
939.15	0	.5926393	.1369966	.2703641	0
938.15	0	.5921208	.1372994	.2705798	0
937.15	0	.5916041	.1376013	.2707946	0
936.15	0	.5910891	.1379023	.2710086	0
935.15	0	.5905759	.1382023	.2712218	0
934.15	0	.5900643	.1385015	.2714342	0
933.15	0	.5895545	.1387997	.2716458	0
932.15	0	.5890463	.1390972	.2718565	0
931.15	0	.5885399	.1393937	.2720664	0
930.15	0	.5880351	.1396894	.2722755	0
929.15	0	.5875319	.1399843	.2724837	0
928.15	0	.5870304	.1402784	.2726911	0
927.15	0	.5865306	.1405717	.2728977	0
926.15	0	.5860324	.1408642	.2731034	0
925.15	0	.5855357	.141156	.2733083	0
924.15	0	.5850407	.141447	.2735123	0
923.15	0	.5845472	.1417373	.2737154	0
922.15	0	.5840554	.1420269	.2739177	0
921.15	0	.583565	.1423158	.2741191	0
920.15	0	.5830762	.1426041	.2743197	0
919.15	0	.5825889	.1428917	.2745194	0
918.15	0	.5821032	.1431786	.2747182	0
917.15	0	.5816189	.143465	.2749161	0
916.15	0	.5811361	.1437507	.2751132	0
915.15	0	.5806548	.1440359	.2753094	0
914.15	0	.5801749	.1443205	.2755046	0
913.15	0	.5796964	.1446046	.275699	0
912.15	0	.5792194	.1448881	.2758925	0
911.15	0	.5787438	.1451712	.276085	0
910.15	0	.5782695	.1454538	.2762767	0
909.15	0	.5777966	.1457359	.2764675	0
908.15	0	.5773251	.1460176	.2766573	0
907.15	0	.5768549	.1462989	.2768462	0
906.15	0	.576386	.1465798	.2770342	0
905.15	0	.5759184	.1468604	.2772212	0
904.15	0	.5754521	.1471406	.2774073	0
903.15	0	.574987	.1474205	.2775925	0
902.15	0	.5745232	.1477001	.2777767	0
901.15	0	.5740606	.1479795	.2779599	0
900.15	0	.5735992	.1482585	.2781422	0
899.15	0	.573139	.1485374	.2783236	0
898.15	0	.57268	.1488161	.2785039	0
897.15	0	.5722221	.1490947	.2786833	0
896.15	0	.5717653	.1493731	.2788617	0
895.15	0	.5713096	.1496513	.2790391	0
894.15	0	.570855	.1499295	.2792155	0
893.15	0	.5704014	.1502077	.2793909	0
892.15	0	.5699489	.1504858	.2795653	0
891.15	0	.5694974	.1507639	.2797387	0
890.15	0	.5690468	.1510421	.2799111	0
889.15	0	.5685973	.1513203	.2800824	0
888.15	0	.5681487	.1515987	.2802527	0
887.15	0	.567701	.1518771	.2804219	0
886.15	0	.5672541	.1521557	.2805902	0
885.15	0	.5668082	.1524345	.2807573	0
884.15	0	.5663631	.1527135	.2809234	0
883.15	0	.5659188	.1529928	.2810884	0
882.15	0	.5654753	.1532724	.2812523	0
881.15	0	.5650326	.1535522	.2814152	0
880.15	0	.5645906	.1538325	.2815769	0
879.15	0	.5641493	.1541131	.2817376	0
878.15	0	.5637087	.1543942	.2818971	0
877.15	0	.5632687	.1546758	.2820555	0
876.15	0	.5628294	.1549579	.2822128	0
875.15	0	.5623906	.1552405	.2823689	0
874.15	0	.5619524	.1555237	.2825239	0
873.15	0	.5615147	.1558075	.2826778	0
872.15	0	.5610776	.156092	.2828304	0
871.15	0	.5606409	.1563772	.2829819	0
870.15	0	.5602046	.1566632	.2831322	0
869.15	0	.5597687	.15695	.2832813	0
868.15	0	.5593332	.1572376	.2834292	0
867.15	0	.5588981	.1575261	.2835759	0
866.15	0	.5584632	.1578155	.2837213	0
865.15	0	.5580286	.1581059	.2838655	0
864.15	0	.5575942	.1583974	.2840085	0
863.15	0	.5571599	.1586899	.2841502	0
862.15	0	.5567259	.1589836	.2842906	0
861.15	0	.5562919	.1592784	.2844297	0
860.15	0	.555858	.1595745	.2845675	0
859.15	0	.5554242	.1598719	.284704	0
858.15	0	.5549903	.1601706	.2848391	0
857.15	0	.5545564	.1604707	.284973	0
856.15	0	.5541223	.1607723	.2851054	0
855.15	0	.5536881	.1610754	.2852365	0
854.15	0	.5532538	.16138	.2853662	0
853.15	0	.5528192	.1616864	.2854945	0
852.15	0	.5523843	.1619944	.2856214	0
851.15	0	.551949	.1623042	.2857468	0
850.15	0	.5515134	.1626158	.2858708	0
849.15	0	.5510773	.1629293	.2859934	0
848.15	0	.5506408	.1632448	.2861144	0
847.15	0	.5502037	.1635624	.286234	0
846.15	0	.549766	.1638821	.286352	0
845.15	0	.5493276	.1642039	.2864684	0
844.15	0	.5488886	.1645281	.2865834	0
843.15	0	.5484487	.1648546	.2866967	0
842.15	0	.548008	.1651836	.2868084	0
841.15	0	.5475664	.165515	.2869185	0
840.15	0	.5471239	.1658492	.287027	0
839.15	0	.5466803	.166186	.2871338	0
838.15	0	.5462356	.1665256	.2872388	0
837.15	0	.5457897	.1668681	.2873422	0
836.15	0	.5453426	.1672136	.2874439	0
835.15	0	.5448942	.1675622	.2875437	0
834.15	0	.5444443	.167914	.2876418	0
833.15	0	.5439929	.1682691	.287738	0
832.15	0	.54354	.1686276	.2878324	0
831.15	0	.5430854	.1689897	.2879248	0
830.15	0	.5426291	.1693555	.2880154	0
829.15	0	.5421709	.1697251	.288104	0
828.15	0	.5417108	.1700986	.2881906	0
827.15	0	.5412486	.1704762	.2882752	0
826.15	0	.5407843	.170858	.2883577	0
825.15	0	.5403177	.1712441	.2884381	0
824.15	0	.5398488	.1716348	.2885164	0
823.15	0	.5393773	.1720302	.2885925	0
822.15	0	.5389033	.1724304	.2886664	0
821.15	0	.5384264	.1728356	.288738	0
820.15	0	.5379467	.173246	.2888073	0
819.15	0	.537464	.1736619	.2888741	0
818.15	0	.5369781	.1740833	.2889386	0
817.15	0	.5364888	.1745106	.2890006	0
816.15	0	.5359961	.1749439	.28906	0
815.15	0	.5354997	.1753835	.2891168	0
814.15	0	.5349994	.1758296	.289171	0
813.15	0	.5344951	.1762825	.2892224	0
812.15	0	.5339865	.1767425	.289271	0
811.15	0	.5334735	.1772098	.2893167	0
810.15	0	.5329558	.1776848	.2893594	0
809.15	0	.5324332	.1781678	.2893991	0
808.15	0	.5319053	.1786591	.2894356	0
807.15	0	.531372	.1791591	.2894688	0
806.15	0	.530833	.1796683	.2894987	0
805.15	0	.5302879	.1801869	.2895251	0
804.15	0	.5297365	.1807155	.289548	0
803.15	0	.5291783	.1812546	.2895671	0
802.15	0	.5286129	.1818047	.2895824	0
801.15	0	.5280401	.1823663	.2895937	0
800.15	0	.5274592	.18294	.2896008	0
799.15	0	.5268699	.1835265	.2896036	0
798.15	0	.5262717	.1841265	.2896019	0
797.15	0	.5256639	.1847407	.2895955	0
796.15	0	.5250478	.1853685	.2895837	0
795.15	0	.5244188	.186014	.2895672	0
794.15	0	.5237783	.1866764	.2895453	0
793.15	0	.5231255	.1873569	.2895176	0
792.15	0	.5224593	.1880568	.2894839	0
791.15	0	.5217789	.1887773	.2894438	0
790.15	0	.5210831	.18952	.2893969	0
789.15	0	.5203706	.1902865	.2893429	0
788.15	0	.5196401	.1910788	.2892811	0
787.15	0	.5188899	.191899	.2892111	0
786.15	0	.5181183	.1927496	.2891321	0
785.15	0	.5173231	.1936333	.2890436	0
784.15	0	.516502	.1945534	.2889446	0
783.15	0	.515652	.1955137	.2888343	0
782.15	0	.5142829	.1971488	.2885683	0
781.15	0	.5125737	.19923	.2881963	0
780.15	0	.5110144	.2011239	.2878617	0
779.15	0	.5095798	.2028622	.287558	0
778.15	0	.5082511	.2044687	.2872802	0
777.15	0	.5070138	.2059618	.2870244	0
776.15	0	.5058561	.2073563	.2867876	0
775.15	0	.5047686	.208664	.2865674	0
774.15	0	.5037435	.2098946	.2863618	0
773.15	0	.5027744	.2110564	.2861692	0
772.15	0	.5018556	.2121563	.2859881	0
771.15	0	.5009826	.2132	.2858174	0
770.15	0	.5001512	.2141927	.2856561	0
769.15	0	.4993581	.2151387	.2855032	0
768.15	0	.4986	.2160419	.2853581	0
767.15	0	.4978743	.2169056	.2852201	0
766.15	0	.4971787	.2177328	.2850885	0
765.15	0	.4965109	.2185262	.2849629	0
764.15	0	.495869	.2192881	.2848429	0
763.15	0	.4952513	.2200208	.2847279	0
762.15	0	.4946564	.220726	.2846176	0
761.15	0	.4940826	.2214056	.2845118	0
760.15	0	.4935289	.2220612	.28441	0
759.15	0	.4929939	.2226941	.284312	0
758.15	0	.4924767	.2233057	.2842176	0
757.15	0	.4919762	.2238973	.2841266	0
756.15	0	.4914915	.2244698	.2840387	0
755.15	0	.4910218	.2250245	.2839537	0
754.15	0	.4905664	.2255621	.2838715	0
753.15	0	.4901245	.2260836	.2837919	0
752.15	0	.4896954	.2265898	.2837147	0
751.15	0	.4892786	.2270815	.2836399	0
750.15	0	.4888734	.2275593	.2835673	0
749.15	0	.4884793	.228024	.2834967	0
748.15	0	.4880958	.2284761	.2834281	0
747.15	0	.4877225	.2289162	.2833613	0
746.15	0	.4873588	.2293448	.2832963	0
745.15	0	.4870044	.2297625	.283233	0
744.15	0	.486659	.2301698	.2831713	0
743.15	0	.486322	.230567	.283111	0
742.15	0	.4859932	.2309546	.2830523	0
741.15	0	.4856722	.231333	.2829948	0
740.15	0	.4853587	.2317026	.2829387	0
739.15	0	.4850525	.2320637	.2828838	0
738.15	0	.4847533	.2324167	.2828301	0
737.15	0	.4844607	.2327618	.2827775	0
736.15	0	.4841746	.2330995	.282726	0
735.15	0	.4838947	.2334299	.2826755	0
734.15	0	.4836208	.2337533	.282626	0
733.15	0	.4833526	.23407	.2825774	0
732.15	0	.48309	.2343803	.2825297	0
731.15	0	.4828328	.2346844	.2824829	0
730.15	0	.4825807	.2349824	.2824368	0
729.15	0	.4823337	.2352747	.2823916	0
728.15	0	.4820915	.2355614	.2823471	0
727.15	0	.481854	.2358427	.2823034	0
726.15	0	.481621	.2361188	.2822603	0
725.15	0	.4813923	.2363898	.2822178	0
724.15	0	.481168	.236656	.2821761	0
723.15	0	.4809477	.2369175	.2821349	0
722.15	0	.4807314	.2371744	.2820942	0
721.15	0	.4805189	.2374269	.2820542	0
720.15	0	.4803102	.2376752	.2820147	0
719.15	0	.480105	.2379193	.2819756	0
718.15	0	.4799034	.2381594	.2819371	0
717.15	0	.4797052	.2383957	.2818991	0
716.15	0	.4795103	.2386282	.2818615	0
715.15	0	.4793186	.2388571	.2818243	0
714.15	0	.47913	.2390825	.2817875	0
713.15	0	.4789444	.2393044	.2817512	0
712.15	0	.4787618	.239523	.2817152	0
711.15	0	.478582	.2397384	.2816796	0
710.15	0	.4784049	.2399507	.2816443	0
709.15	0	.4782306	.24016	.2816094	0
708.15	0	.4780589	.2403663	.2815748	0
707.15	0	.4778897	.2405697	.2815406	0
706.15	0	.4777231	.2407704	.2815066	0
705.15	0	.4775588	.2409683	.2814729	0
704.15	0	.4773969	.2411636	.2814395	0
703.15	0	.4772372	.2413564	.2814064	0
702.15	0	.4770798	.2415467	.2813735	0
701.15	0	.4769246	.2417346	.2813408	0
700.15	0	.4767714	.2419201	.2813084	0
699.15	0	.4766204	.2421034	.2812763	0
698.15	0	.4764713	.2422844	.2812443	0
697.15	0	.4763242	.2424633	.2812126	0
696.15	0	.476179	.24264	.281181	0
695.15	0	.4760357	.2428147	.2811497	0
694.15	0	.4758941	.2429874	.2811185	0
693.15	0	.4757544	.2431581	.2810875	0
692.15	0	.4756163	.243327	.2810567	0
691.15	0	.47548	.243494	.281026	0
690.15	0	.4753453	.2436592	.2809955	0
689.15	0	.4752122	.2438226	.2809652	0
688.15	0	.4750807	.2439844	.280935	0
687.15	0	.4749507	.2441444	.2809049	0
686.15	0	.4748222	.2443029	.280875	0
685.15	0	.4746952	.2444597	.2808451	0
684.15	0	.4745696	.244615	.2808155	0
683.15	0	.4744454	.2447687	.2807859	0
682.15	0	.4743225	.2449211	.2807564	0
681.15	0	.474201	.2450719	.2807271	0
680.15	0	.4740808	.2452214	.2806978	0
679.15	0	.4739619	.2453694	.2806687	0
678.15	0	.4738442	.2455162	.2806396	0
677.15	0	.4737278	.2456616	.2806107	0
676.15	0	.4736125	.2458057	.2805818	0
675.15	0	.4734984	.2459486	.280553	0
674.15	0	.4733854	.2460903	.2805243	0
673.15	0	.4732736	.2462308	.2804956	0
672.15	0	.4731629	.2463701	.280467	0
671.15	0	.4730532	.2465082	.2804385	0
670.15	0	.4729446	.2466453	.2804101	0
669.15	0	.472837	.2467813	.2803817	0
668.15	0	.4727305	.2469161	.2803534	0
667.15	0	.4726249	.24705	.2803251	0
666.15	0	.4725203	.2471828	.2802969	0
665.15	0	.4724166	.2473146	.2802687	0
664.15	0	.4723139	.2474455	.2802406	0
663.15	0	.4722121	.2475754	.2802126	0
662.15	0	.4721112	.2477043	.2801845	0
661.15	0	.4720111	.2478324	.2801565	0
660.15	0	.4719119	.2479595	.2801286	0
659.15	0	.4718136	.2480858	.2801007	0
658.15	0	.4717161	.2482112	.2800728	0
657.15	0	.4716194	.2483357	.2800449	0
656.15	0	.4715234	.2484594	.2800171	0
655.15	0	.4714283	.2485824	.2799893	0
654.15	0	.471334	.2487045	.2799616	0
653.15	0	.4712403	.2488258	.2799338	0
652.15	0	.4711475	.2489464	.2799061	0
651.15	0	.4710553	.2490663	.2798784	0
650.15	0	.4709639	.2491854	.2798507	0
649.15	0	.4708732	.2493038	.2798231	0
648.15	0	.4707831	.2494215	.2797954	0
647.15	0	.4706938	.2495384	.2797678	0
646.15	0	.470605	.2496548	.2797402	0
645.15	0	.470517	.2497704	.2797126	0
644.15	0	.4704296	.2498854	.279685	0
643.15	0	.4703428	.2499998	.2796574	0
642.15	0	.4702566	.2501135	.2796299	0
641.15	0	.4701711	.2502266	.2796023	0
640.15	0	.4700861	.2503391	.2795748	0
639.15	0	.4700017	.2504511	.2795472	0
638.15	0	.4699179	.2505624	.2795197	0
637.15	0	.4698347	.2506732	.2794921	0
636.15	0	.4697521	.2507833	.2794646	0
635.15	0	.46967	.250893	.2794371	0
634.15	0	.4695884	.2510021	.2794095	0
633.15	0	.4695073	.2511107	.279382	0
632.15	0	.4694268	.2512187	.2793545	0
631.15	0	.4693468	.2513262	.279327	0
630.15	0	.4692673	.2514332	.2792994	0
629.15	0	.4691883	.2515398	.2792719	0
628.15	0	.4691098	.2516458	.2792444	0
627.15	0	.4690318	.2517514	.2792168	0
626.15	0	.4689543	.2518564	.2791893	0
625.15	0	.4688772	.251961	.2791617	0
624.15	0	.4688006	.2520652	.2791342	0
623.15	0	.4687245	.2521689	.2791066	0
622.15	0	.4686488	.2522721	.2790791	0
621.15	0	.4685735	.252375	.2790515	0
620.15	0	.4684987	.2524774	.2790239	0
619.15	0	.4684243	.2525793	.2789964	0
618.15	0	.4683504	.2526809	.2789688	0
617.15	0	.4682768	.252782	.2789412	0
616.15	0	.4682037	.2528827	.2789136	0
615.15	0	.468131	.2529831	.278886	0
614.15	0	.4680587	.253083	.2788584	0
613.15	0	.4679867	.2531826	.2788307	0
612.15	0	.4679152	.2532817	.2788031	0
611.15	0	.467844	.2533805	.2787755	0
610.15	0	.4677733	.2534789	.2787478	0
609.15	0	.4677029	.253577	.2787201	0
608.15	0	.4676328	.2536747	.2786925	0
607.15	0	.4675632	.253772	.2786648	0
606.15	0	.4674939	.253869	.2786371	0
605.15	0	.4674249	.2539657	.2786094	0
604.15	0	.4673563	.254062	.2785817	0
603.15	0	.4672881	.2541579	.278554	0
602.15	0	.4672202	.2542535	.2785263	0
601.15	0	.4671526	.2543489	.2784985	0
600.15	0	.4670854	.2544438	.2784708	0
599.15	0	.4670185	.2545385	.2784431	0
598.15	0	.4669519	.2546328	.2784153	0
597.15	0	.4668856	.2547269	.2783875	0
596.15	0	.4668197	.2548206	.2783597	0
595.15	0	.4667541	.254914	.2783319	0
594.15	0	.4666887	.2550071	.2783041	0
593.15	0	.4666237	.2550999	.2782763	0
592.15	0	.466559	.2551925	.2782485	0
591.15	0	.4664946	.2552847	.2782207	0
590.15	0	.4664305	.2553766	.2781929	0
589.15	0	.4663667	.2554683	.278165	0
588.15	0	.4663032	.2555597	.2781371	0
587.15	0	.46624	.2556507	.2781093	0
586.15	0	.466177	.2557416	.2780814	0
585.15	0	.4661144	.2558321	.2780535	0
584.15	0	.466052	.2559224	.2780257	0
583.15	0	.4659898	.2560124	.2779978	0
582.15	0	.465928	.2561021	.2779699	0
581.15	0	.4658664	.2561916	.2779419	0
580.15	0	.4658051	.2562809	.277914	0
579.15	0	.4657441	.2563698	.2778861	0
578.15	0	.4656833	.2564585	.2778582	0
577.15	0	.4656228	.256547	.2778302	0
576.15	0	.4655625	.2566352	.2778023	0
575.15	0	.4655025	.2567232	.2777743	0
574.15	0	.4654427	.2568109	.2777464	0
573.15	0	.4653832	.2568983	.2777184	0
572.15	0	.465324	.2569856	.2776905	0
571.15	0	.465265	.2570726	.2776625	0
570.15	0	.4652062	.2571593	.2776345	0
569.15	0	.4651476	.2572458	.2776065	0
568.15	0	.4650893	.2573321	.2775786	0
567.15	0	.4650313	.2574182	.2775506	0
566.15	0	.4649735	.257504	.2775226	0
565.15	0	.4649159	.2575896	.2774946	0
564.15	0	.4648585	.2576749	.2774666	0
563.15	0	.4648014	.2577601	.2774386	0
562.15	0	.4647444	.257845	.2774106	0
561.15	0	.4646878	.2579296	.2773826	0
560.15	0	.4646313	.2580141	.2773546	0
559.15	0	.464575	.2580984	.2773266	0
558.15	0	.464519	.2581824	.2772986	0
557.15	0	.4644632	.2582662	.2772706	0
556.15	0	.4644076	.2583498	.2772426	0
555.15	0	.4643522	.2584332	.2772146	0
554.15	0	.4642971	.2585163	.2771866	0
553.15	0	.4642421	.2585993	.2771586	0
552.15	0	.4641874	.258682	.2771306	0
551.15	0	.4641328	.2587646	.2771026	0
550.15	0	.4640785	.2588469	.2770746	0
549.15	0	.4640244	.258929	.2770466	0
548.15	0	.4639704	.2590109	.2770186	0
547.15	0	.4639167	.2590926	.2769907	0
546.15	0	.4638632	.2591741	.2769627	0
545.15	0	.4638099	.2592554	.2769347	0
544.15	0	.4637568	.2593365	.2769068	0
543.15	0	.463704	.2594174	.2768787	0
542.15	0	.4636512	.2594981	.2768507	0
541.15	0	.4635987	.2595786	.2768228	0
540.15	0	.4635464	.2596588	.2767948	0
539.15	0	.4634942	.2597389	.2767669	0
538.15	0	.4634422	.2598188	.276739	0
537.15	0	.4633905	.2598985	.276711	0
536.15	0	.4633389	.259978	.2766831	0
535.15	0	.4632875	.2600573	.2766552	0
534.15	0	.4632363	.2601364	.2766273	0
533.15	0	.4631852	.2602153	.2765995	0
532.15	0	.4631344	.260294	.2765716	0
531.15	0	.4630837	.2603725	.2765437	0
530.15	0	.4630333	.2604509	.2765159	0
529.15	0	.462983	.260529	.276488	0
528.15	0	.4629328	.2606069	.2764602	0
527.15	0	.4628829	.2606847	.2764324	0
526.15	0	.4628331	.2607622	.2764046	0
525.15	0	.4627836	.2608396	.2763768	0
524.15	0	.4627342	.2609168	.2763491	0
523.15	0	.4626849	.2609938	.2763213	0
522.15	0	.4626359	.2610706	.2762936	0
521.15	0	.462587	.2611472	.2762659	0
520.15	0	.4625383	.2612236	.2762382	0
519.15	0	.4624897	.2612998	.2762105	0
518.15	0	.4624414	.2613758	.2761828	0
517.15	0	.4623932	.2614517	.2761552	0
516.15	0	.4623451	.2615273	.2761275	0
515.15	0	.4622973	.2616028	.2760999	0
514.15	0	.4622496	.2616781	.2760723	0
513.15	0	.4622021	.2617532	.2760447	0
512.15	0	.4621547	.2618281	.2760172	0
511.15	0	.4621076	.2619028	.2759896	0
510.15	0	.4620605	.2619773	.2759621	0
509.15	0	.4620137	.2620517	.2759346	0
508.15	0	.461967	.2621258	.2759072	0
507.15	0	.4619205	.2621998	.2758797	0
506.15	0	.4618741	.2622736	.2758523	0
505.15	0	.4618279	.2623472	.2758249	0
504.15	0	.4617819	.2624206	.2757975	0
503.15	0	.461736	.2624938	.2757702	0
502.15	0	.4616903	.2625668	.2757429	0
501.15	0	.4616447	.2626397	.2757156	0
500.15	0	.4615993	.2627124	.2756883	0
499.15	0	.4615541	.2627848	.2756611	0
498.15	0	.461509	.2628571	.2756339	0
497.15	0	.4614641	.2629292	.2756067	0
496.15	0	.4614193	.2630012	.2755795	0
495.15	0	.4613747	.2630729	.2755524	0
494.15	0	.4613303	.2631444	.2755253	0
493.15	0	.461286	.2632158	.2754982	0
492.15	0	.4612419	.263287	.2754712	0
491.15	0	.4611979	.2633579	.2754442	0
490.15	0	.4611541	.2634287	.2754172	0
489.15	0	.4611104	.2634993	.2753903	0
488.15	0	.4610669	.2635698	.2753634	0
487.15	0	.4610235	.26364	.2753365	0
486.15	0	.4609803	.26371	.2753097	0
485.15	0	.4609372	.2637799	.2752829	0
484.15	0	.4608943	.2638496	.2752561	0
483.15	0	.4608516	.263919	.2752294	0
482.15	0	.460809	.2639883	.2752027	0
481.15	0	.4607665	.2640575	.275176	0
480.15	0	.4607243	.2641264	.2751494	0
479.15	0	.4606821	.2641951	.2751228	0
478.15	0	.4606401	.2642636	.2750962	0
477.15	0	.4605983	.264332	.2750697	0
476.15	0	.4605566	.2644002	.2750433	0
475.15	0	.460515	.2644681	.2750168	0
474.15	0	.4604736	.2645359	.2749904	0
473.15	0	.4604324	.2646035	.2749641	0
472.15	0	.4603913	.2646709	.2749378	0
471.15	0	.4603504	.2647381	.2749115	0
470.15	0	.4603096	.2648051	.2748853	0
469.15	0	.4602689	.264872	.2748591	0
468.15	0	.4602284	.2649386	.274833	0
467.15	0	.460188	.2650051	.2748069	0
466.15	0	.4601478	.2650713	.2747809	0
465.15	0	.4601078	.2651374	.2747549	0
464.15	0	.4600679	.2652032	.2747289	0
463.15	0	.4600281	.2652689	.274703	0
462.15	0	.4599884	.2653344	.2746771	0
461.15	0	.459949	.2653997	.2746513	0
460.15	0	.4599096	.2654648	.2746256	0
459.15	0	.4598705	.2655297	.2745998	0
458.15	0	.4598314	.2655944	.2745742	0
457.15	0	.4597925	.265659	.2745485	0
456.15	0	.4597538	.2657233	.274523	0
455.15	0	.4597152	.2657874	.2744975	0
454.15	0	.4596767	.2658513	.274472	0
453.15	0	.4596384	.2659151	.2744466	0
452.15	0	.4596002	.2659786	.2744212	0
451.15	0	.4595622	.266042	.2743959	0
450.15	0	.4595243	.2661051	.2743706	0
449.15	0	.4594865	.266168	.2743454	0
448.15	0	.459449	.2662307	.2743203	0
447.15	0	.4594116	.2662932	.2742952	0
446.15	0	.4593743	.2663555	.2742702	0
445.15	0	.4593372	.2664176	.2742452	0
444.15	0	.4593002	.2664794	.2742203	0
443.15	0	.4592634	.2665411	.2741955	0
442.15	0	.4592268	.2666025	.2741707	0
441.15	0	.4591903	.2666636	.2741461	0
440.15	0	.459154	.2667246	.2741214	0
439.15	0	.4591179	.2667853	.2740969	0
438.15	0	.4590819	.2668457	.2740724	0
437.15	0	.4590461	.2669059	.274048	0
436.15	0	.4590105	.2669659	.2740237	0
435.15	0	.458975	.2670256	.2739994	0
434.15	0	.4589398	.267085	.2739752	0
433.15	0	.4589047	.2671442	.2739511	0
432.15	0	.4588698	.2672031	.2739271	0
431.15	0	.458835	.2672618	.2739032	0
430.15	0	.4588005	.2673202	.2738793	0
429.15	0	.4587661	.2673783	.2738556	0
428.15	0	.4587319	.2674362	.2738319	0
427.15	0	.4586979	.2674938	.2738083	0
426.15	0	.4586641	.2675511	.2737848	0
425.15	0	.4586304	.2676082	.2737614	0
424.15	0	.458597	.267665	.2737381	0
423.15	0	.4585637	.2677215	.2737148	0
422.15	0	.4585306	.2677777	.2736917	0
421.15	0	.4584977	.2678336	.2736686	0
420.15	0	.458465	.2678893	.2736457	0
419.15	0	.4584325	.2679447	.2736228	0
