T	 BPW(LIQUID)	BPW(BCC_A2)	BPW(FCC_A1)	BPW(LAVES_PHASE_C14)	BPW(NI3TI)
1473.15	0	1	0	0	0
1472.15	0	1	0	0	0
1471.15	0	1	0	0	0
1470.15	0	1	0	0	0
1469.15	0	1	0	0	0
1468.15	0	1	0	0	0
1467.15	0	1	0	0	0
1466.15	0	1	0	0	0
1465.15	0	1	0	0	0
1464.15	0	1	0	0	0
1463.15	0	1	0	0	0
1462.15	0	1	0	0	0
1461.15	0	1	0	0	0
1460.15	0	1	0	0	0
1459.15	0	1	0	0	0
1458.15	0	1	0	0	0
1457.15	0	1	0	0	0
1456.15	0	1	0	0	0
1455.15	0	1	0	0	0
1454.15	0	1	0	0	0
1453.15	0	1	0	0	0
1452.15	0	1	0	0	0
1451.15	0	1	0	0	0
1450.15	0	1	0	0	0
1449.15	0	1	0	0	0
1448.15	0	1	0	0	0
1447.15	0	1	0	0	0
1446.15	0	1	0	0	0
1445.15	0	1	0	0	0
1444.15	0	1	0	0	0
1443.15	0	1	0	0	0
1442.15	0	1	0	0	0
1441.15	0	1	0	0	0
1440.15	0	1	0	0	0
1439.15	0	1	0	0	0
1438.15	0	1	0	0	0
1437.15	0	1	0	0	0
1436.15	0	1	0	0	0
1435.15	0	1	0	0	0
1434.15	0	1	0	0	0
1433.15	0	1	0	0	0
1432.15	0	1	0	0	0
1431.15	0	1	0	0	0
1430.15	0	1	0	0	0
1429.15	0	1	0	0	0
1428.15	0	1	0	0	0
1427.15	0	1	0	0	0
1426.15	0	1	0	0	0
1425.15	0	1	0	0	0
1424.15	0	1	0	0	0
1423.15	0	1	0	0	0
1422.15	0	1	0	0	0
1421.15	0	1	0	0	0
1420.15	0	1	0	0	0
1419.15	0	1	0	0	0
1418.15	0	1	0	0	0
1417.15	0	1	0	0	0
1416.15	0	1	0	0	0
1415.15	0	1	0	0	0
1414.15	0	1	0	0	0
1413.15	0	1	0	0	0
1412.15	0	1	0	0	0
1411.15	0	1	0	0	0
1410.15	0	1	0	0	0
1409.15	0	1	0	0	0
1408.15	0	1	0	0	0
1407.15	0	1	0	0	0
1406.15	0	1	0	0	0
1405.15	0	1	0	0	0
1404.15	0	1	0	0	0
1403.15	0	1	0	0	0
1402.15	0	1	0	0	0
1401.15	0	1	0	0	0
1400.15	0	1	0	0	0
1399.15	0	1	0	0	0
1398.15	0	1	0	0	0
1397.15	0	1	0	0	0
1396.15	0	1	0	0	0
1395.15	0	1	0	0	0
1394.15	0	1	0	0	0
1393.15	0	1	0	0	0
1392.15	0	1	0	0	0
1391.15	0	1	0	0	0
1390.15	0	1	0	0	0
1389.15	0	1	0	0	0
1388.15	0	1	0	0	0
1387.15	0	1	0	0	0
1386.15	0	1	0	0	0
1385.15	0	1	0	0	0
1384.15	0	1	0	0	0
1383.15	0	1	0	0	0
1382.15	0	1	0	0	0
1381.15	0	1	0	0	0
1380.15	0	1	0	0	0
1379.15	0	1	0	0	0
1378.15	0	1	0	0	0
1377.15	0	1	0	0	0
1376.15	0	1	0	0	0
1375.15	0	1	0	0	0
1374.15	0	1	0	0	0
1373.15	0	1	0	0	0
1372.15	0	1	0	0	0
1371.15	0	1	0	0	0
1370.15	0	1	0	0	0
1369.15	0	1	0	0	0
1368.15	0	1	0	0	0
1367.15	0	1	0	0	0
1366.15	0	1	0	0	0
1365.15	0	1	0	0	0
1364.15	0	1	0	0	0
1363.15	0	1	0	0	0
1362.15	0	1	0	0	0
1361.15	0	1	0	0	0
1360.15	0	1	0	0	0
1359.15	0	1	0	0	0
1358.15	0	1	0	0	0
1357.15	0	1	0	0	0
1356.15	0	1	0	0	0
1355.15	0	1	0	0	0
1354.15	0	1	0	0	0
1353.15	0	1	0	0	0
1352.15	0	1	0	0	0
1351.15	0	1	0	0	0
1350.15	0	1	0	0	0
1349.15	0	1	0	0	0
1348.15	0	1	0	0	0
1347.15	0	1	0	0	0
1346.15	0	1	0	0	0
1345.15	0	1	0	0	0
1344.15	0	1	0	0	0
1343.15	0	1	0	0	0
1342.15	0	1	0	0	0
1341.15	0	1	0	0	0
1340.15	0	1	0	0	0
1339.15	0	1	0	0	0
1338.15	0	1	0	0	0
1337.15	0	1	0	0	0
1336.15	0	1	0	0	0
1335.15	0	1	0	0	0
1334.15	0	1	0	0	0
1333.15	0	1	0	0	0
1332.15	0	1	0	0	0
1331.15	0	1	0	0	0
1330.15	0	1	0	0	0
1329.15	0	1	0	0	0
1328.15	0	1	0	0	0
1327.15	0	1	0	0	0
1326.15	0	1	0	0	0
1325.15	0	1	0	0	0
1324.15	0	1	0	0	0
1323.15	0	1	0	0	0
1322.15	0	1	0	0	0
1321.15	0	1	0	0	0
1320.15	0	1	0	0	0
1319.15	0	1	0	0	0
1318.15	0	1	0	0	0
1317.15	0	1	0	0	0
1316.15	0	1	0	0	0
1315.15	0	1	0	0	0
1314.15	0	1	0	0	0
1313.15	0	1	0	0	0
1312.15	0	1	0	0	0
1311.15	0	1	0	0	0
1310.15	0	1	0	0	0
1309.15	0	1	0	0	0
1308.15	0	1	0	0	0
1307.15	0	1	0	0	0
1306.15	0	1	0	0	0
1305.15	0	1	0	0	0
1304.15	0	1	0	0	0
1303.15	0	1	0	0	0
1302.15	0	1	0	0	0
1301.15	0	1	0	0	0
1300.15	0	1	0	0	0
1299.15	0	1	0	0	0
1298.15	0	1	0	0	0
1297.15	0	1	0	0	0
1296.15	0	1	0	0	0
1295.15	0	1	0	0	0
1294.15	0	1	0	0	0
1293.15	0	1	0	0	0
1292.15	0	1	0	0	0
1291.15	0	1	0	0	0
1290.15	0	1	0	0	0
1289.15	0	1	0	0	0
1288.15	0	1	0	0	0
1287.15	0	1	0	0	0
1286.15	0	1	0	0	0
1285.15	0	1	0	0	0
1284.15	0	1	0	0	0
1283.15	0	1	0	0	0
1282.15	0	1	0	0	0
1281.15	0	1	0	0	0
1280.15	0	1	0	0	0
1279.15	0	1	0	0	0
1278.15	0	1	0	0	0
1277.15	0	1	0	0	0
1276.15	0	1	0	0	0
1275.15	0	1	0	0	0
1274.15	0	1	0	0	0
1273.15	0	1	0	0	0
1272.15	0	1	0	0	0
1271.15	0	1	0	0	0
1271.056	0	1	0	0	0
1271.056	0	1	0	0	0
1271.056	0	1	0	0	0
1270.15	0	.9985145	.001485477	0	0
1269.15	0	.9968795	.00312051	0	0
1268.15	0	.9952488	.004751229	0	0
1267.15	0	.9936224	.006377629	0	0
1266.15	0	.9920003	.007999708	0	0
1265.15	0	.9903825	.009617462	0	0
1264.15	0	.9887691	.01123089	0	0
1263.15	0	.98716	.01283998	0	0
1262.15	0	.9855553	.01444473	0	0
1261.15	0	.9839549	.01604514	0	0
1260.15	0	.9823588	.01764121	0	0
1259.15	0	.9807671	.01923292	0	0
1258.15	0	.9791797	.02082028	0	0
1257.15	0	.9775967	.02240328	0	0
1256.15	0	.9760181	.02398192	0	0
1255.15	0	.9744438	.02555619	0	0
1254.15	0	.9728739	.02712608	0	0
1253.15	0	.9713084	.0286916	0	0
1252.15	0	.9697473	.03025273	0	0
1251.15	0	.9681905	.03180948	0	0
1250.15	0	.9666382	.03336184	0	0
1249.15	0	.9650902	.0349098	0	0
1248.15	0	.9635467	.03645335	0	0
1247.15	0	.9620075	.0379925	0	0
1246.15	0	.9604728	.03952724	0	0
1245.15	0	.9589424	.04105756	0	0
1244.15	0	.9574165	.04258346	0	0
1243.15	0	.9558951	.04410492	0	0
1242.15	0	.954378	.04562196	0	0
1241.15	0	.9528655	.04713455	0	0
1240.15	0	.9513573	.0486427	0	0
1239.15	0	.9498536	.0501464	0	0
1238.15	0	.9483544	.05164564	0	0
1237.15	0	.9468596	.05314042	0	0
1236.15	0	.9453693	.05463072	0	0
1235.15	0	.9438834	.05611656	0	0
1234.15	0	.9424021	.05759791	0	0
1233.15	0	.9409252	.05907478	0	0
1232.15	0	.9394528	.06054716	0	0
1231.15	0	.937985	.06201503	0	0
1230.15	0	.9365216	.0634784	0	0
1229.15	0	.9350627	.06493726	0	0
1228.15	0	.9336084	.0663916	0	0
1227.15	0	.9321586	.06784142	0	0
1226.15	0	.9307133	.0692867	0	0
1225.15	0	.9292725	.07072745	0	0
1224.15	0	.9278363	.07216365	0	0
1223.15	0	.9264047	.0735953	0	0
1222.15	0	.9249776	.07502239	0	0
1221.15	0	.9235551	.07644491	0	0
1220.15	0	.9221371	.07786286	0	0
1219.15	0	.9207238	.07927624	0	0
1218.15	0	.919315	.08068502	0	0
1217.15	0	.9179108	.08208921	0	0
1216.15	0	.9165112	.0834888	0	0
1215.15	0	.9151162	.08488378	0	0
1214.15	0	.9137259	.08627414	0	0
1213.15	0	.9123401	.08765988	0	0
1212.15	0	.910959	.08904099	0	0
1211.15	0	.9095826	.09041745	0	0
1210.15	0	.9082107	.09178927	0	0
1209.15	0	.9068436	.09315644	0	0
1208.15	0	.9054811	.09451894	0	0
1207.15	0	.9041232	.09587677	0	0
1206.15	0	.9027701	.09722992	0	0
1205.15	0	.9014216	.09857838	0	0
1204.15	0	.9000778	.09992215	0	0
1203.15	0	.8987388	.1012612	0	0
1202.15	0	.8974044	.1025956	0	0
1201.15	0	.8960748	.1039252	0	0
1200.15	0	.8947499	.1052501	0	0
1199.15	0	.8934297	.1065703	0	0
1198.15	0	.8921143	.1078857	0	0
1197.15	0	.8908036	.1091964	0	0
1196.15	0	.8894977	.1105023	0	0
1195.15	0	.8881966	.1118034	0	0
1194.15	0	.8869003	.1130997	0	0
1193.15	0	.8856087	.1143913	0	0
1192.15	0	.8843219	.1156781	0	0
1191.15	0	.88304	.11696	0	0
1190.15	0	.8817629	.1182371	0	0
1189.15	0	.8804906	.1195095	0	0
1188.15	0	.8792231	.1207769	0	0
1187.15	0	.8779605	.1220395	0	0
1186.15	0	.8767027	.1232973	0	0
1185.15	0	.8754498	.1245502	0	0
1184.15	0	.8742017	.1257983	0	0
1183.15	0	.8729586	.1270414	0	0
1182.15	0	.8717203	.1282797	0	0
1181.15	0	.870487	.129513	0	0
1180.15	0	.8692585	.1307415	0	0
1179.15	0	.868035	.131965	0	0
1178.15	0	.8668164	.1331836	0	0
1177.15	0	.8656028	.1343972	0	0
1176.15	0	.8643941	.1356059	0	0
1175.15	0	.8631904	.1368096	0	0
1174.15	0	.8619916	.1380084	0	0
1173.15	0	.8607978	.1392021	0	0
1172.15	0	.8596091	.1403909	0	0
1171.15	0	.8584253	.1415747	0	0
1170.15	0	.8572465	.1427535	0	0
1169.15	0	.8560728	.1439272	0	0
1168.15	0	.8549041	.1450959	0	0
1167.15	0	.8537405	.1462595	0	0
1166.15	0	.8525819	.1474181	0	0
1165.15	0	.8514283	.1485717	0	0
1164.15	0	.8502799	.1497201	0	0
1163.15	0	.8491365	.1508635	0	0
1162.15	0	.8479983	.1520017	0	0
1161.15	0	.8468651	.1531349	0	0
1160.15	0	.8457371	.1542629	0	0
1159.15	0	.8446142	.1553858	0	0
1158.15	0	.8434964	.1565036	0	0
1157.15	0	.8423838	.1576162	0	0
1156.15	0	.8412764	.1587236	0	0
1155.15	0	.8401742	.1598259	0	0
1154.15	0	.839077	.160923	0	0
1153.15	0	.8379852	.1620148	0	0
1152.15	0	.8368985	.1631015	0	0
1151.15	0	.8358171	.1641829	0	0
1150.15	0	.8347409	.1652591	0	0
1149.15	0	.83367	.16633	0	0
1148.15	0	.8326043	.1673957	0	0
1147.15	0	.8315439	.1684562	0	0
1146.15	0	.8304887	.1695113	0	0
1145.15	0	.8294389	.1705611	0	0
1144.15	0	.8283943	.1716057	0	0
1143.15	0	.8273551	.1726449	0	0
1142.15	0	.8263212	.1736788	0	0
1141.15	0	.8252926	.1747074	0	0
1140.15	0	.8242694	.1757306	0	0
1139.15	0	.8232516	.1767484	0	0
1138.15	0	.8222391	.1777609	0	0
1137.15	0	.821232	.178768	0	0
1136.15	0	.8202303	.1797697	0	0
1135.15	0	.8192341	.1807659	0	0
1134.15	0	.8182432	.1817568	0	0
1133.15	0	.8172578	.1827422	0	0
1132.15	0	.8162778	.1837222	0	0
1131.15	0	.8153033	.1846967	0	0
1130.15	0	.8143343	.1856657	0	0
1129.15	0	.8133707	.1866293	0	0
1128.15	0	.8124127	.1875873	0	0
1127.15	0	.8114601	.1885399	0	0
1126.15	0	.8105131	.1894869	0	0
1125.15	0	.8095716	.1904284	0	0
1124.15	0	.8086357	.1913643	0	0
1123.15	0	.8077053	.1922947	0	0
1122.15	0	.8067805	.1932195	0	0
1121.15	0	.8058612	.1941388	0	0
1120.15	0	.8049476	.1950524	0	0
1119.15	0	.8040395	.1959605	0	0
1118.903	0	.8038161	.1961839	0	0
1118.903	0	.8038161	.1961839	0	0
1118.903	0	.8038161	.1961839	0	0
1118.15	0	.8028444	.1968829	2.727455E-04	0
1117.15	0	.80156	.1978059	6.340275E-04	0
1116.15	0	.8002828	.198723	9.942566E-04	0
1115.15	0	.7990126	.199634	.001353435	0
1114.15	0	.7977495	.2005389	.001711565	0
1113.15	0	.7964935	.2014378	.002068649	0
1112.15	0	.7952447	.2023306	.002424689	0
1111.15	0	.7940029	.2032174	.002779687	0
1110.15	0	.7927683	.204098	.003133646	0
1109.15	0	.7915409	.2049726	.003486567	0
1108.15	0	.7903206	.2058409	.003838453	0
1107.15	0	.7891075	.2067032	.004189305	0
1106.15	0	.7879016	.2075593	.004539127	0
1105.15	0	.7867029	.2084092	.004887919	0
1104.15	0	.7855114	.209253	.005235685	0
1103.15	0	.7843271	.2100905	.005582425	0
1102.15	0	.78315	.2109218	.005928143	0
1101.15	0	.7819802	.2117469	.00627284	0
1100.15	0	.7808177	.2125658	.006616517	0
1099.15	0	.7796624	.2133784	.006959178	0
1098.15	0	.7785145	.2141847	.007300823	0
1097.15	0	.7773738	.2149848	.007641456	0
1096.15	0	.7762404	.2157785	.007981077	0
1095.15	0	.7751143	.216566	.008319689	0
1094.15	0	.7739956	.2173471	.008657293	0
1093.15	0	.7728842	.2181219	.008993891	0
1092.15	0	.7717802	.2188903	.009329486	0
1091.15	0	.7706835	.2196524	.009664078	0
1090.15	0	.7695943	.2204081	.00999767	0
1089.15	0	.7685124	.2211574	.01033026	0
1088.15	0	.7674379	.2219003	.01066186	0
1087.15	0	.7663708	.2226367	.01099246	0
1086.15	0	.7653111	.2233668	.01132207	0
1085.15	0	.7642589	.2240904	.01165069	0
1084.15	0	.7632142	.2248075	.01197831	0
1083.15	0	.7621768	.2255182	.01230495	0
1082.15	0	.761147	.2262224	.0126306	0
1081.15	0	.7601246	.2269201	.01295527	0
1080.15	0	.7591098	.2276113	.01327895	0
1079.15	0	.7581024	.228296	.01360165	0
1078.15	0	.7571026	.2289741	.01392336	0
1077.15	0	.7561102	.2296457	.0142441	0
1076.15	0	.7551254	.2303107	.01456386	0
1075.15	0	.7541482	.2309692	.01488265	0
1074.15	0	.7531785	.231621	.01520046	0
1073.15	0	.7522164	.2322664	.0155173	0
1072.15	0	.7512618	.232905	.01583316	0
1071.15	0	.7503148	.2335371	.01614805	0
1070.15	0	.7493755	.2341626	.01646198	0
1069.15	0	.7484437	.2347814	.01677493	0
1068.15	0	.7475196	.2353935	.01708692	0
1067.15	0	.746603	.235999	.01739794	0
1066.15	0	.7456941	.2365979	.017708	0
1065.15	0	.7447929	.23719	.0180171	0
1064.15	0	.7438993	.2377755	.01832523	0
1063.15	0	.7430133	.2383543	.0186324	0
1062.15	0	.7421351	.2389263	.01893862	0
1061.15	0	.7412645	.2394917	.01924387	0
1060.15	0	.7404016	.2400503	.01954817	0
1059.15	0	.7395463	.2406022	.01985151	0
1058.15	0	.7386988	.2411473	.02015389	0
1057.15	0	.737859	.2416857	.02045532	0
1056.15	0	.7370269	.2422173	.0207558	0
1055.15	0	.7362026	.2427421	.02105532	0
1054.15	0	.7353859	.2432602	.02135389	0
1053.15	0	.734577	.2437715	.02165151	0
1052.15	0	.7337759	.244276	.02194818	0
1051.15	0	.7329825	.2447736	.0222439	0
1050.15	0	.7321968	.2452645	.02253867	0
1049.15	0	.7314189	.2457486	.0228325	0
1048.15	0	.7306488	.2462258	.02312537	0
1047.15	0	.7298865	.2466962	.02341731	0
1046.15	0	.7291319	.2471598	.02370829	0
1045.15	0	.7283851	.2476166	.02399833	0
1044.15	0	.7276461	.2480665	.02428742	0
1043.15	0	.7269149	.2485095	.02457558	0
1042.15	0	.7261915	.2489457	.02486278	0
1041.15	0	.7254759	.2493751	.02514905	0
1040.15	0	.7247681	.2497976	.02543437	0
1039.15	0	.7240681	.2502132	.02571875	0
1038.15	0	.7233759	.250622	.02600219	0
1037.15	0	.7226915	.2510238	.02628468	0
1036.15	0	.7220149	.2514189	.02656624	0
1035.15	0	.7213461	.251807	.02684685	0
1034.15	0	.7206852	.2521883	.02712653	0
1033.15	0	.720032	.2525627	.02740526	0
1032.15	0	.7193867	.2529302	.02768305	0
1031.15	0	.7187492	.2532909	.02795991	0
1030.15	0	.7181196	.2536446	.02823582	0
1029.15	0	.7174977	.2539915	.02851079	0
1028.15	0	.7168836	.2543316	.02878482	0
1027.15	0	.7162774	.2546647	.02905791	0
1026.15	0	.715679	.254991	.02933006	0
1025.15	0	.7150884	.2553104	.02960127	0
1024.15	0	.7145056	.2556229	.02987154	0
1023.15	0	.7139306	.2559286	.03014087	0
1022.15	0	.7133634	.2562274	.03040926	0
1021.15	0	.712804	.2565193	.0306767	0
1020.15	0	.7122524	.2568044	.03094321	0
1019.15	0	.7117086	.2570827	.03120877	0
1018.15	0	.7111725	.2573541	.03147338	0
1017.15	0	.7106443	.2576187	.03173706	0
1016.15	0	.7101238	.2578764	.03199979	0
1015.15	0	.7096111	.2581273	.03226157	0
1014.15	0	.7091062	.2583714	.03252241	0
1013.15	0	.708609	.2586087	.0327823	0
1012.15	0	.7081195	.2588392	.03304125	0
1011.15	0	.7076378	.259063	.03329925	0
1010.15	0	.7071638	.2592799	.03355629	0
1009.15	0	.7066976	.2594901	.03381239	0
1008.15	0	.706239	.2596935	.03406753	0
1007.15	0	.7057881	.2598902	.03432173	0
1006.15	0	.705345	.2600801	.03457497	0
1005.15	0	.7049094	.2602633	.03482725	0
1004.15	0	.7044816	.2604398	.03507858	0
1003.15	0	.7040614	.2606096	.03532895	0
1002.15	0	.7036488	.2607728	.03557836	0
1001.15	0	.7032439	.2609293	.03582681	0
1000.15	0	.7028466	.2610791	.0360743	0
999.15	0	.7024569	.2612223	.03632082	0
998.15	0	.7020747	.2613589	.03656638	0
997.15	0	.7017001	.2614889	.03681097	0
996.15	0	.701333	.2616124	.03705459	0
995.15	0	.7009735	.2617293	.03729723	0
994.15	0	.7006215	.2618396	.03753891	0
993.15	0	.700277	.2619435	.0377796	0
992.15	0	.6999399	.2620408	.03801932	0
991.15	0	.6996103	.2621317	.03825806	0
990.15	0	.6992881	.2622161	.03849581	0
989.15	0	.6989733	.2622942	.03873258	0
988.15	0	.6986659	.2623658	.03896836	0
987.15	0	.6983658	.262431	.03920314	0
986.15	0	.6980731	.26249	.03943693	0
985.15	0	.6977877	.2625426	.03966973	0
984.15	0	.6975096	.2625889	.03990152	0
983.15	0	.6972387	.262629	.04013231	0
982.15	0	.6969751	.2626628	.04036209	0
981.15	0	.6967187	.2626905	.04059086	0
980.15	0	.6964694	.262712	.04081862	0
979.15	0	.6962273	.2627274	.04104535	0
978.15	0	.6959923	.2627366	.04127107	0
977.15	0	.6957644	.2627399	.04149576	0
976.15	0	.6955435	.2627371	.04171942	0
975.15	0	.6953297	.2627283	.04194204	0
974.15	0	.6951228	.2627136	.04216363	0
973.15	0	.6949229	.2626929	.04238417	0
972.15	0	.6947299	.2626664	.04260367	0
971.15	0	.6945438	.2626341	.04282211	0
970.15	0	.6943645	.262596	.04303949	0
969.15	0	.694192	.2625522	.04325582	0
968.15	0	.6940263	.2625026	.04347107	0
967.15	0	.6938673	.2624475	.04368525	0
966.15	0	.693715	.2623867	.04389835	0
965.15	0	.6935693	.2623204	.04411036	0
964.15	0	.6934302	.2622485	.04432128	0
963.15	0	.6932976	.2621713	.04453111	0
962.15	0	.6931716	.2620886	.04473983	0
961.15	0	.693052	.2620006	.04494744	0
960.15	0	.6929388	.2619073	.04515393	0
959.15	0	.6928319	.2618088	.0453593	0
958.15	0	.6927314	.2617051	.04556353	0
957.15	0	.6926371	.2615963	.04576663	0
956.15	0	.692549	.2614825	.04596858	0
955.15	0	.692467	.2613636	.04616937	0
954.15	0	.6923911	.2612399	.04636901	0
953.15	0	.6923213	.2611113	.04656746	0
952.15	0	.6922574	.2609779	.04676474	0
951.15	0	.6921994	.2608398	.04696083	0
950.15	0	.6921473	.260697	.04715572	0
949.15	0	.6921009	.2605497	.0473494	0
948.15	0	.6920603	.2603979	.04754187	0
947.15	0	.6920253	.2602416	.0477331	0
946.15	0	.6919958	.2600811	.0479231	0
945.15	0	.6919719	.2599163	.04811184	0
944.15	0	.6919534	.2597472	.04829933	0
943.15	0	.6919403	.2595742	.04848554	0
942.15	0	.6919325	.2593971	.04867046	0
941.15	0	.6919298	.2592161	.04885409	0
940.15	0	.6919323	.2590313	.04903641	0
939.15	0	.6919398	.2588428	.04921741	0
938.15	0	.6919523	.2586507	.04939707	0
937.15	0	.6919696	.258455	.04957538	0
936.15	0	.6919917	.258256	.04975233	0
935.15	0	.6920185	.2580536	.04992789	0
934.15	0	.6920499	.2578481	.05010206	0
933.15	0	.6920857	.2576395	.05027482	0
932.15	0	.692126	.2574279	.05044615	0
931.15	0	.6921705	.2572135	.05061604	0
930.15	0	.6922192	.2569963	.05078446	0
929.15	0	.692272	.2567766	.0509514	0
928.15	0	.6923288	.2565544	.05111685	0
927.15	0	.6923893	.2563299	.05128077	0
926.15	0	.6924537	.2561032	.05144316	0
925.15	0	.6925215	.2558745	.05160399	0
924.15	0	.6925929	.2556439	.05176324	0
923.15	0	.6926676	.2554115	.05192088	0
922.15	0	.6927455	.2551776	.0520769	0
921.15	0	.6928265	.2549422	.05223126	0
920.15	0	.6929104	.2547057	.05238396	0
919.15	0	.692997	.254468	.05253495	0
918.15	0	.6930863	.2542295	.05268421	0
917.15	0	.693178	.2539903	.05283172	0
916.15	0	.693272	.2537506	.05297744	0
915.15	0	.6933681	.2535106	.05312135	0
914.15	0	.6934662	.2532704	.05326342	0
913.15	0	.693566	.2530304	.05340361	0
912.15	0	.6936673	.2527908	.05354189	0
911.15	0	.693754	.2525676	.05367839	0
910.15	0	.6934984	.2526856	.05381595	0
909.15	0	.6932828	.252767	.05395024	0
908.15	0	.6931054	.2528133	.05408133	0
907.15	0	.6929649	.2528258	.05420928	0
906.15	0	.6928599	.2528059	.05433418	0
905.15	0	.692789	.2527549	.05445607	0
904.15	0	.6927509	.2526741	.05457504	0
903.15	0	.6927443	.2525646	.05469113	0
902.15	0	.6927679	.2524277	.05480439	0
901.15	0	.6928207	.2522644	.05491489	0
900.15	0	.6929013	.252076	.05502268	0
899.15	0	.6930088	.2518634	.0551278	0
898.15	0	.6931419	.2516278	.05523029	0
897.15	0	.6932997	.2513701	.05533022	0
896.15	0	.6934812	.2510912	.0554276	0
895.15	0	.6936852	.2507923	.0555225	0
894.15	0	.693911	.2504741	.05561495	0
893.15	0	.6941575	.2501376	.05570498	0
892.15	0	.6944238	.2497836	.05579263	0
891.15	0	.694709	.249413	.05587794	0
890.15	0	.6950124	.2490266	.05596095	0
889.15	0	.695333	.2486253	.05604169	0
888.15	0	.6956701	.2482097	.05612018	0
887.15	0	.6960229	.2477806	.05619647	0
886.15	0	.6963907	.2473388	.05627059	0
885.15	0	.6967726	.2468849	.05634255	0
884.15	0	.6971679	.2464197	.05641241	0
883.15	0	.6975761	.2459437	.05648017	0
882.15	0	.6979964	.2454578	.05654588	0
881.15	0	.6984281	.2449623	.05660955	0
880.15	0	.6988707	.2444581	.05667122	0
879.15	0	.6993234	.2439457	.05673092	0
878.15	0	.6997858	.2434255	.05678866	0
877.15	0	.7002572	.2428983	.05684448	0
876.15	0	.7007371	.2423645	.05689841	0
875.15	0	.7012249	.2418246	.05695046	0
874.15	0	.7017201	.2412792	.05700066	0
873.15	0	.7022222	.2407287	.05704904	0
872.15	0	.7027307	.2401737	.05709563	0
871.15	0	.7032451	.2396145	.05714044	0
870.15	0	.703765	.2390515	.0571835	0
869.15	0	.7042898	.2384854	.05722483	0
868.15	0	.7048192	.2379163	.05726446	0
867.15	0	.7053528	.2373448	.05730241	0
866.15	0	.7058901	.2367712	.05733871	0
865.15	0	.7064307	.2361959	.05737338	0
864.15	0	.7069743	.2356193	.05740643	0
863.15	0	.7075205	.2350416	.0574379	0
862.15	0	.7080689	.2344633	.0574678	0
861.15	0	.7086193	.2338846	.05749616	0
860.15	0	.7091712	.2333058	.057523	0
859.15	0	.7097244	.2327273	.05754834	0
858.15	0	.7102785	.2321493	.0575722	0
857.15	0	.7108333	.2315721	.05759461	0
856.15	0	.7113885	.2309959	.05761559	0
855.15	0	.7119438	.2304211	.05763515	0
854.15	0	.7124989	.2298478	.05765332	0
853.15	0	.7130537	.2292762	.05767012	0
852.15	0	.7136078	.2287066	.05768557	0
851.15	0	.7141611	.2281392	.05769969	0
850.15	0	.7147133	.2275742	.0577125	0
849.15	0	.7152642	.2270118	.05772403	0
848.15	0	.7158136	.2264521	.05773428	0
847.15	0	.7163613	.2258954	.05774329	0
846.15	0	.7169072	.2253417	.05775107	0
845.15	0	.7174511	.2247913	.05775763	0
844.15	0	.7179928	.2242442	.05776301	0
843.15	0	.7185321	.2237007	.05776721	0
842.15	0	.719069	.2231608	.05777027	0
841.15	0	.7196032	.2226246	.05777219	0
840.15	0	.7201346	.2220924	.05777299	0
839.15	0	.7206632	.2215641	.05777269	0
838.15	0	.7211887	.2210399	.05777132	0
837.15	0	.7217112	.2205199	.05776889	0
836.15	0	.7222304	.2200042	.05776541	0
835.15	0	.7227463	.2194928	.05776091	0
834.15	0	.7232588	.2189859	.05775539	0
833.15	0	.7237677	.2184834	.05774889	0
832.15	0	.7242731	.2179854	.05774141	0
831.15	0	.7247749	.2174921	.05773297	0
830.15	0	.7252729	.2170035	.05772359	0
829.15	0	.7257672	.2165196	.05771329	0
828.15	0	.7262575	.2160404	.05770207	0
827.15	0	.726744	.215566	.05768997	0
826.15	0	.7272266	.2150965	.05767698	0
825.15	0	.7277051	.2146318	.05766313	0
824.15	0	.7281796	.214172	.05764844	0
823.15	0	.72865	.2137171	.05763291	0
822.15	0	.7291163	.2132672	.05761656	0
821.15	0	.7295784	.2128222	.05759942	0
820.15	0	.7300364	.2123821	.05758148	0
819.15	0	.7304902	.2119471	.05756277	0
818.15	0	.7309397	.211517	.0575433	0
817.15	0	.7313851	.2110919	.05752308	0
816.15	0	.7318261	.2106717	.05750213	0
815.15	0	.7322629	.2102566	.05748046	0
814.15	0	.7326955	.2098465	.05745808	0
813.15	0	.7331237	.2094413	.05743502	0
812.15	0	.7335477	.209041	.05741127	0
811.15	0	.7339674	.2086458	.05738686	0
810.15	0	.7343828	.2082554	.05736179	0
809.15	0	.7347939	.20787	.05733607	0
808.15	0	.7352007	.2074895	.05730973	0
807.15	0	.7356033	.2071139	.05728277	0
806.15	0	.7360016	.2067432	.05725521	0
805.15	0	.7363956	.2063773	.05722705	0
804.15	0	.7367854	.2060163	.05719831	0
803.15	0	.7371709	.2056601	.05716899	0
802.15	0	.7375523	.2053086	.05713912	0
801.15	0	.7379294	.204962	.05710869	0
800.15	0	.7383023	.20462	.05707773	0
799.15	0	.738671	.2042827	.05704624	0
798.15	0	.7390356	.2039502	.05701423	0
797.15	0	.739396	.2036223	.05698172	0
796.15	0	.7397524	.2032989	.0569487	0
795.15	0	.7401046	.2029802	.0569152	0
794.15	0	.7404527	.202666	.05688123	0
793.15	0	.7407968	.2023564	.05684678	0
792.15	0	.7411369	.2020512	.05681188	0
791.15	0	.741473	.2017505	.05677653	0
790.15	0	.741805	.2014542	.05674074	0
789.15	0	.7421332	.2011623	.05670452	0
788.15	0	.7424574	.2008748	.05666788	0
787.15	0	.7427776	.2005915	.05663083	0
786.15	0	.7430941	.2003126	.05659337	0
785.15	0	.7434066	.2000379	.05655552	0
784.15	0	.7437154	.1997673	.05651728	0
783.15	0	.7440203	.199501	.05647866	0
782.15	0	.7443215	.1992388	.05643967	0
781.15	0	.744619	.1989807	.05640031	0
780.15	0	.7449128	.1987266	.05636061	0
779.15	0	.7452029	.1984766	.05632055	0
778.15	0	.7454893	.1982305	.05628016	0
777.15	0	.7457721	.1979884	.05623943	0
776.15	0	.7460514	.1977502	.05619838	0
775.15	0	.7463271	.1975159	.056157	0
774.15	0	.7465993	.1972854	.05611532	0
773.15	0	.746868	.1970587	.05607333	0
772.15	0	.7471332	.1968358	.05603105	0
771.15	0	.747395	.1966165	.05598847	0
770.15	0	.7476534	.196401	.05594561	0
769.15	0	.7479084	.1961891	.05590247	0
768.15	0	.7481602	.1959808	.05585905	0
767.15	0	.7484086	.1957761	.05581538	0
766.15	0	.7486537	.1955749	.05577144	0
765.15	0	.7488956	.1953771	.05572724	0
764.15	0	.7491343	.1951829	.0556828	0
763.15	0	.7493698	.1949921	.05563811	0
762.15	0	.7496022	.1948046	.05559318	0
761.15	0	.7498315	.1946205	.05554803	0
760.15	0	.7500577	.1944397	.05550264	0
759.15	0	.7502809	.1942621	.05545704	0
758.15	0	.750501	.1940878	.05541121	0
757.15	0	.7507181	.1939167	.05536518	0
756.15	0	.7509323	.1937487	.05531894	0
755.15	0	.7511436	.1935839	.05527249	0
754.15	0	.751352	.1934222	.05522585	0
753.15	0	.7515575	.1932635	.05517901	0
752.15	0	.7517602	.1931078	.05513199	0
751.15	0	.7519601	.1929551	.05508478	0
750.15	0	.7521572	.1928054	.05503739	0
749.15	0	.7523516	.1926586	.05498982	0
748.15	0	.7525433	.1925146	.05494208	0
747.15	0	.7527323	.1923735	.05489418	0
746.15	0	.7529187	.1922352	.05484611	0
745.15	0	.7531024	.1920997	.05479788	0
744.15	0	.7532836	.1919669	.05474949	0
743.15	0	.7534622	.1918369	.05470095	0
742.15	0	.7536382	.1917095	.05465226	0
741.15	0	.7538118	.1915848	.05460343	0
740.15	0	.7539829	.1914627	.05455445	0
739.15	0	.7541516	.1913431	.05450533	0
738.15	0	.7543178	.1912261	.05445608	0
737.15	0	.7544817	.1911116	.0544067	0
736.15	0	.7546432	.1909997	.05435718	0
735.15	0	.7548023	.1908901	.05430754	0
734.15	0	.7549592	.190783	.05425778	0
733.15	0	.7551138	.1906783	.0542079	0
732.15	0	.7552661	.190576	.0541579	0
731.15	0	.7554163	.190476	.05410778	0
730.15	0	.7555642	.1903783	.05405756	0
729.15	0	.7557099	.1902828	.05400722	0
728.15	0	.7558535	.1901897	.05395678	0
727.15	0	.7559951	.1900987	.05390624	0
726.15	0	.7561345	.1900099	.05385559	0
725.15	0	.7562718	.1899233	.05380484	0
724.15	0	.7564071	.1898389	.053754	0
723.15	0	.7565404	.1897565	.05370307	0
722.15	0	.7566717	.1896762	.05365204	0
721.15	0	.756801	.189598	.05360093	0
720.15	0	.7569285	.1895218	.05354973	0
719.15	0	.7570539	.1894476	.05349844	0
718.15	0	.7571775	.1893754	.05344708	0
717.15	0	.7572992	.1893052	.05339563	0
716.15	0	.7574191	.1892368	.0533441	0
715.15	0	.7575371	.1891704	.0532925	0
714.15	0	.7576534	.1891058	.05324083	0
713.15	0	.7577678	.1890431	.05318908	0
712.15	0	.7578805	.1889822	.05313727	0
711.15	0	.7579915	.1889231	.05308539	0
710.15	0	.7581008	.1888658	.05303344	0
709.15	0	.7582083	.1888103	.05298143	0
708.15	0	.7583142	.1887564	.05292935	0
707.15	0	.7584185	.1887043	.05287722	0
706.15	0	.7585211	.1886539	.05282503	0
705.15	0	.7586221	.1886051	.05277278	0
704.15	0	.7587215	.188558	.05272047	0
703.15	0	.7588194	.1885125	.05266812	0
702.15	0	.7589157	.1884686	.05261571	0
701.15	0	.7590104	.1884263	.05256326	0
700.15	0	.7591037	.1883856	.05251075	0
699.15	0	.7591955	.1883463	.0524582	0
698.15	0	.7592858	.1883086	.0524056	0
697.15	0	.7593746	.1882724	.05235297	0
696.15	0	.759462	.1882377	.05230029	0
695.15	0	.759548	.1882044	.05224757	0
694.15	0	.7596326	.1881725	.05219481	0
693.15	0	.7597159	.1881421	.05214202	0
692.15	0	.7597977	.1881131	.05208919	0
691.15	0	.7598782	.1880854	.05203633	0
690.15	0	.7599574	.1880592	.05198343	0
689.15	0	.7600353	.1880342	.05193051	0
688.15	0	.7601119	.1880106	.05187755	0
687.15	0	.7601872	.1879883	.05182457	0
686.15	0	.7602612	.1879673	.05177156	0
685.15	0	.760334	.1879475	.05171853	0
684.8075	0	.7603586	.187941	.05170036	0
684.8075	0	.7603586	.187941	.05170036	0
684.8075	0	.7603586	.187941	.05170036	0
684.15	0	.7610284	.1868242	.0512555	8.918331E-04
683.15	0	.7620335	.185143	.0505836	.002239858
682.15	0	.7630225	.1834824	.04991725	.003577895
681.15	0	.7639956	.181842	.04925637	.004906082
680.15	0	.7649532	.1802214	.04860089	.006224553
679.15	0	.7658956	.1786203	.04795071	.007533441
678.15	0	.766823	.1770383	.04730576	.008832878
677.15	0	.7677359	.1754752	.04666594	.01012299
676.15	0	.7686344	.1739305	.0460312	.01140391
675.15	0	.769519	.1724039	.04540143	.01267575
674.15	0	.7703897	.1708951	.04477658	.01393865
673.15	0	.7712469	.1694038	.04415657	.01519272
672.15	0	.772091	.1679297	.04354131	.01643807
671.15	0	.772922	.1664724	.04293074	.01767484
670.15	0	.7737403	.1650318	.04232479	.01890313
669.15	0	.7745462	.1636074	.04172339	.02012306
668.15	0	.7753398	.162199	.04112647	.02133473
667.15	0	.7761215	.1608063	.04053397	.02253826
666.15	0	.7768913	.1594291	.03994581	.02373376
665.15	0	.7776497	.158067	.03936193	.02492133
664.15	0	.7783967	.1567199	.03878228	.02610109
663.15	0	.7791327	.1553874	.03820678	.02727312
662.15	0	.7798596	.1540675	.03763454	.02843834
661.15	0	.7805738	.1527638	.03706728	.02959513
660.15	0	.7812775	.151474	.03650399	.03074452
659.15	0	.781971	.1501978	.03594461	.0318866
658.15	0	.7826545	.148935	.03538908	.03302146
657.15	0	.7833281	.1476854	.03483734	.03414921
656.15	0	.7839921	.1464487	.03428935	.03526992
655.15	0	.7846465	.1452247	.03374505	.0363837
654.15	0	.7852917	.1440133	.03320439	.03749062
653.15	0	.7859277	.1428142	.03266732	.03859079
652.15	0	.7865547	.1416272	.03213378	.03968428
651.15	0	.787173	.1404521	.03160373	.04077118
650.15	0	.7877826	.1392887	.03107712	.04185158
649.15	0	.7883838	.1381367	.0305539	.04292555
648.15	0	.7889767	.1369961	.03003402	.04399319
647.15	0	.7895614	.1358666	.02951744	.04505457
646.15	0	.7901381	.134748	.02900411	.04610976
645.15	0	.7907069	.1336402	.02849399	.04715885
644.15	0	.7912681	.132543	.02798703	.04820192
643.15	0	.7918217	.1314561	.0274832	.04923904
642.15	0	.7923678	.1303795	.02698244	.05027029
641.15	0	.7929067	.1293129	.02648472	.05129573
640.15	0	.7934384	.1282561	.02599	.05231545
639.15	0	.7939631	.1272092	.02549823	.05332951
638.15	0	.7944809	.1261717	.02500937	.05433798
637.15	0	.7949919	.1251437	.02452339	.05534095
636.15	0	.7954963	.1241249	.02404026	.05633846
635.15	0	.7959942	.1231153	.02355992	.05733059
634.15	0	.7964857	.1221146	.02308235	.05831741
633.15	0	.7969709	.1211226	.0226075	.05929898
632.15	0	.7974499	.1201394	.02213535	.06027537
631.15	0	.7979229	.1191646	.02166585	.06124664
630.15	0	.7983899	.1181983	.02119898	.06221285
629.15	0	.7988511	.1172402	.02073469	.06317407
628.15	0	.7993066	.1162901	.02027296	.06413035
627.15	0	.7997564	.1153481	.01981375	.06508176
626.15	0	.8002007	.1144139	.01935704	.06602836
625.15	0	.8006396	.1134875	.01890278	.0669702
624.15	0	.8010731	.1125686	.01845095	.06790734
623.15	0	.8015014	.1116572	.01800151	.06883984
622.15	0	.8019246	.1107532	.01755444	.06976775
621.15	0	.8023428	.1098564	.01710971	.07069114
620.15	0	.802756	.1089667	.01666729	.07161004
619.15	0	.8031643	.108084	.01622715	.07252453
618.15	0	.8035678	.1072083	.01578926	.07343464
617.15	0	.8039667	.1063393	.01535359	.07434043
616.15	0	.804361	.105477	.01492012	.07524196
615.15	0	.8047507	.1046212	.01448882	.07613927
614.15	0	.805136	.103772	.01405967	.07703242
613.15	0	.8055169	.1029291	.01363263	.07792144
612.15	0	.8058935	.1020924	.01320768	.0788064
611.15	0	.8062659	.101262	.0127848	.07968733
610.15	0	.8066342	.1004375	.01236397	.0805643
609.15	0	.8069984	.0996191	.01194515	.08143733
608.15	0	.8073586	.09880655	.01152833	.08230648
607.15	0	.807715	.09799977	.01111348	.08317179
606.15	0	.8080674	.09719869	.01070058	.08403331
605.15	0	.8084161	.09640322	.0102896	.08489108
604.15	0	.8087611	.09561326	.009880529	.08574514
603.15	0	.8091024	.09482873	.009473341	.08659554
602.15	0	.8094401	.09404956	.009068012	.08744232
601.15	0	.8097743	.09327564	.008664524	.08828552
600.15	0	.8101051	.0925069	.008262854	.08912518
599.15	0	.8104324	.09174326	.007862982	.08996134
598.15	0	.8107564	.09098464	.007464889	.09079404
597.15	0	.8110772	.09023097	.007068555	.09162332
596.15	0	.8113947	.08948215	.006673959	.09244922
595.15	0	.811709	.08873813	.006281083	.09327177
594.15	0	.8120202	.08799883	.005889908	.09409102
593.15	0	.8123284	.08726416	.005500416	.094907
592.15	0	.8126336	.08653407	.005112589	.09571975
591.15	0	.8129358	.08580847	.004726407	.0965293
590.15	0	.8132352	.08508731	.004341855	.09733569
589.15	0	.8135316	.08437051	.003958914	.09813895
588.15	0	.8138253	.083658	.003577568	.09893913
587.15	0	.8141162	.08294972	.003197799	.09973624
586.15	0	.8144045	.0822456	.002819591	.1005303
585.15	0	.8146901	.08154558	.002442928	.1013214
584.15	0	.814973	.0808496	.002067794	.1021096
583.15	0	.8152534	.08015759	.001694173	.1028948
582.15	0	.8155313	.07946949	.00132205	.1036771
581.15	0	.8158068	.07878524	9.514088E-04	.1044566
580.15	0	.8160798	.07810479	5.822352E-04	.1052332
579.15	0	.8163504	.07742807	2.145141E-04	.106007
578.5648	0	.8165076	.07703377	0	.1064586
578.5648	0	.8165076	.07703377	0	.1064586
578.15	0	.8164813	.07700488	0	.1065138
577.15	0	.8164177	.07693679	0	.1066456
576.15	0	.8163536	.07687089	0	.1067756
575.15	0	.816289	.07680714	0	.1069038
574.15	0	.8162241	.07674551	0	.1070304
573.15	0	.8161588	.07668596	0	.1071553
572.15	0	.816093	.07662847	0	.1072785
571.15	0	.8160269	.076573	0	.1074001
570.15	0	.8159605	.07651951	0	.10752
569.15	0	.8158936	.07646799	0	.1076384
568.15	0	.8158264	.07641839	0	.1077553
567.15	0	.8157588	.07637068	0	.1078706
566.15	0	.8156908	.07632483	0	.1079844
565.15	0	.8156225	.07628081	0	.1080967
564.15	0	.8155539	.07623859	0	.1082075
563.15	0	.8154849	.07619814	0	.1083169
562.15	0	.8154156	.07615943	0	.108425
561.15	0	.815346	.07612242	0	.1085316
560.15	0	.8152761	.0760871	0	.1086369
559.15	0	.8152058	.07605342	0	.1087408
558.15	0	.8151353	.07602135	0	.1088434
557.15	0	.8150644	.07599088	0	.1089447
556.15	0	.8149933	.07596197	0	.1090448
555.15	0	.8149219	.07593459	0	.1091436
554.15	0	.8148502	.07590871	0	.1092411
553.15	0	.8147782	.0758843	0	.1093375
552.15	0	.814706	.07586135	0	.1094327
551.15	0	.8146335	.07583981	0	.1095267
550.15	0	.8145607	.07581966	0	.1096196
549.15	0	.8144877	.07580088	0	.1097114
548.15	0	.8144145	.07578343	0	.1098021
547.15	0	.814341	.07576729	0	.1098917
546.15	0	.8142673	.07575244	0	.1099803
545.15	0	.8141933	.07573885	0	.1100678
544.15	0	.8141192	.07572648	0	.1101544
543.15	0	.8140448	.07571533	0	.1102399
542.15	0	.8139702	.07570536	0	.1103244
541.15	0	.8138954	.07569654	0	.1104081
540.15	0	.8138204	.07568885	0	.1104907
539.15	0	.8137452	.07568227	0	.1105725
538.15	0	.8136699	.07567678	0	.1106534
537.15	0	.8135943	.07567234	0	.1107333
536.15	0	.8135186	.07566894	0	.1108125
535.15	0	.8134427	.07566655	0	.1108907
534.15	0	.8133666	.07566515	0	.1109682
533.15	0	.8132904	.07566472	0	.1110449
532.15	0	.813214	.07566522	0	.1111207
531.15	0	.8131375	.07566665	0	.1111959
530.15	0	.8130608	.07566898	0	.1112702
529.15	0	.812984	.07567219	0	.1113438
528.15	0	.812907	.07567625	0	.1114167
527.15	0	.81283	.07568115	0	.1114889
526.15	0	.8127528	.07568686	0	.1115604
525.15	0	.8126754	.07569336	0	.1116312
524.15	0	.812598	.07570064	0	.1117014
523.15	0	.8125205	.07570866	0	.1117709
522.15	0	.8124428	.07571742	0	.1118398
521.15	0	.812365	.07572689	0	.1119081
520.15	0	.8122872	.07573706	0	.1119757
519.15	0	.8122093	.0757479	0	.1120429
518.15	0	.8121312	.07575939	0	.1121094
517.15	0	.8120531	.07577152	0	.1121754
516.15	0	.8119749	.07578427	0	.1122408
515.15	0	.8118967	.07579762	0	.1123057
514.15	0	.8118184	.07581155	0	.1123701
513.15	0	.81174	.07582604	0	.1124339
512.15	0	.8116616	.07584108	0	.1124973
511.15	0	.8115831	.07585665	0	.1125602
510.15	0	.8115046	.07587273	0	.1126227
509.15	0	.811426	.07588931	0	.1126847
508.15	0	.8113474	.07590637	0	.1127462
507.15	0	.8112688	.07592388	0	.1128074
506.15	0	.8111901	.07594185	0	.1128681
505.15	0	.8111114	.07596025	0	.1129284
504.15	0	.8110327	.07597906	0	.1129883
503.15	0	.810954	.07599827	0	.1130478
502.15	0	.8108752	.07601787	0	.1131069
501.15	0	.8107965	.07603783	0	.1131657
500.15	0	.8107177	.07605815	0	.1132241
499.15	0	.810639	.07607881	0	.1132822
498.15	0	.8105603	.0760998	0	.1133399
497.15	0	.8104815	.07612109	0	.1133974
496.15	0	.8104028	.07614269	0	.1134545
495.15	0	.8103242	.07616457	0	.1135113
494.15	0	.8102455	.07618672	0	.1135678
493.15	0	.8101669	.07620913	0	.113624
492.15	0	.8100883	.07623178	0	.11368
491.15	0	.8100097	.07625466	0	.1137356
490.15	0	.8099312	.07627776	0	.1137911
489.15	0	.8098527	.07630107	0	.1138462
488.15	0	.8097743	.07632456	0	.1139012
487.15	0	.8096959	.07634824	0	.1139558
486.15	0	.8096176	.07637209	0	.1140103
485.15	0	.8095394	.0763961	0	.1140645
484.15	0	.8094612	.07642025	0	.1141186
483.15	0	.8093831	.07644454	0	.1141724
482.15	0	.809305	.07646894	0	.114226
481.15	0	.8092271	.07649346	0	.1142795
480.15	0	.8091492	.07651808	0	.1143327
479.15	0	.8090714	.07654279	0	.1143858
478.15	0	.8089937	.07656758	0	.1144387
477.15	0	.8089161	.07659244	0	.1144915
476.15	0	.8088386	.07661735	0	.1145441
475.15	0	.8087612	.07664231	0	.1145965
474.15	0	.8086839	.07666731	0	.1146488
473.15	0	.8086067	.07669234	0	.114701
472.15	0	.8085296	.07671739	0	.114753
471.15	0	.8084527	.07674244	0	.1148049
470.15	0	.8083758	.07676749	0	.1148567
469.15	0	.8082991	.07679254	0	.1149084
468.15	0	.8082225	.07681756	0	.1149599
467.15	0	.8081461	.07684255	0	.1150114
466.15	0	.8080697	.07686751	0	.1150628
465.15	0	.8079935	.07689242	0	.115114
464.15	0	.8079175	.07691728	0	.1151652
463.15	0	.8078416	.07694207	0	.1152163
462.15	0	.8077659	.07696679	0	.1152673
461.15	0	.8076903	.07699143	0	.1153183
460.15	0	.8076148	.07701599	0	.1153692
459.15	0	.8075396	.07704045	0	.11542
458.15	0	.8074644	.0770648	0	.1154708
457.15	0	.8073895	.07708904	0	.1155215
456.15	0	.8073147	.07711317	0	.1155721
455.15	0	.8072401	.07713717	0	.1156227
454.15	0	.8071657	.07716103	0	.1156733
453.15	0	.8070914	.07718475	0	.1157238
452.15	0	.8070174	.07720833	0	.1157743
451.15	0	.8069435	.07723174	0	.1158248
450.15	0	.8068698	.077255	0	.1158752
449.15	0	.8067964	.07727798	0	.1159256
448.15	0	.8067232	.07730077	0	.115976
447.15	0	.8066502	.07732335	0	.1160265
446.15	0	.8065774	.07734571	0	.1160769
445.15	0	.8065049	.07736784	0	.1161273
444.15	0	.8064326	.07738972	0	.1161777
443.15	0	.8063605	.07741134	0	.1162281
442.15	0	.8062888	.07743268	0	.1162786
441.15	0	.8062172	.07745372	0	.116329
440.15	0	.806146	.07747446	0	.1163795
439.15	0	.8060751	.07749488	0	.1164301
438.15	0	.8060044	.07751497	0	.1164806
437.15	0	.8059341	.07753471	0	.1165312
436.15	0	.805864	.07755409	0	.1165819
435.15	0	.8057943	.07757311	0	.1166326
434.15	0	.8057249	.07759174	0	.1166834
433.15	0	.8056558	.07760999	0	.1167342
432.15	0	.8055871	.07762783	0	.1167851
431.15	0	.8055187	.07764527	0	.116836
430.15	0	.8054507	.07766228	0	.116887
429.15	0	.8053831	.07767887	0	.1169381
428.15	0	.8053157	.07769502	0	.1169892
427.15	0	.8052488	.07771072	0	.1170405
426.15	0	.8051822	.07772597	0	.1170918
425.15	0	.8051161	.07774076	0	.1171432
424.15	0	.8050503	.07775509	0	.1171947
423.15	0	.8049848	.07776893	0	.1172462
422.15	0	.8049198	.0777823	0	.1172979
421.15	0	.8048552	.07779518	0	.1173496
420.15	0	.804791	.07780756	0	.1174015
419.15	0	.8047271	.07781945	0	.1174534
418.15	0	.8046637	.07783083	0	.1175054
417.15	0	.8046007	.07784171	0	.1175576
416.15	0	.8045381	.07785207	0	.1176098
415.15	0	.804476	.07786191	0	.1176621
414.15	0	.8044142	.07787123	0	.1177146
413.15	0	.8043529	.07788003	0	.1177671
412.15	0	.804292	.07788829	0	.1178197
411.15	0	.8042315	.07789603	0	.1178725
410.15	0	.8041715	.07790322	0	.1179253
409.15	0	.8041119	.07790988	0	.1179782
408.15	0	.8040527	.077916	0	.1180313
407.15	0	.803994	.07792158	0	.1180844
406.15	0	.8039357	.07792661	0	.1181377
405.15	0	.8038778	.0779311	0	.1181911
404.15	0	.8038204	.07793504	0	.1182446
403.15	0	.8037634	.07793843	0	.1182981
402.15	0	.8037069	.07794127	0	.1183518
401.15	0	.8036508	.07794355	0	.1184057
400.15	0	.8035952	.07794529	0	.1184596
399.15	0	.80354	.07794647	0	.1185136
398.15	0	.8034852	.0779471	0	.1185677
397.15	0	.8034309	.07794718	0	.1186219
396.15	0	.803377	.07794671	0	.1186763
395.15	0	.8033236	.07794568	0	.1187307
394.15	0	.8032706	.0779441	0	.1187853
393.15	0	.8032181	.07794197	0	.1188399
392.15	0	.803166	.07793928	0	.1188947
391.15	0	.8031144	.07793605	0	.1189495
390.15	0	.8030632	.07793227	0	.1190045
389.15	0	.8030125	.07792794	0	.1190596
388.15	0	.8029622	.07792306	0	.1191148
387.15	0	.8029123	.07791764	0	.11917
386.15	0	.8028629	.07791167	0	.1192254
385.15	0	.802814	.07790516	0	.1192809
384.15	0	.8027655	.07789811	0	.1193364
383.15	0	.8027174	.07789053	0	.1193921
382.15	0	.8026697	.0778824	0	.1194479
381.15	0	.8026225	.07787375	0	.1195037
380.15	0	.8025757	.07786456	0	.1195597
379.15	0	.8025294	.07785484	0	.1196158
378.15	0	.8024835	.07784459	0	.1196719
377.15	0	.802438	.07783382	0	.1197281
376.15	0	.802393	.07782253	0	.1197845
375.15	0	.8023484	.07781072	0	.1198409
374.15	0	.8023042	.07779839	0	.1198974
373.15	0	.8022605	.07778555	0	.119954
372.15	0	.8022172	.0777722	0	.1200106
371.15	0	.8021743	.07775834	0	.1200674
370.15	0	.8021318	.07774398	0	.1201243
369.15	0	.8020897	.07772912	0	.1201812
368.15	0	.8020481	.07771375	0	.1202382
367.15	0	.8020068	.0776979	0	.1202953
366.15	0	.801966	.07768155	0	.1203524
365.15	0	.8019256	.07766472	0	.1204097
364.15	0	.8018856	.0776474	0	.120467
363.15	0	.801846	.0776296	0	.1205244
362.15	0	.8018068	.07761132	0	.1205819
361.15	0	.801768	.07759257	0	.1206394
360.15	0	.8017297	.07757335	0	.120697
359.15	0	.8016917	.07755367	0	.1207547
358.15	0	.8016541	.07753352	0	.1208124
357.15	0	.8016169	.07751292	0	.1208702
356.15	0	.80158	.07749186	0	.1209281
355.15	0	.8015436	.07747035	0	.120986
354.15	0	.8015076	.07744839	0	.121044
353.15	0	.8014719	.07742599	0	.1211021
352.15	0	.8014367	.07740315	0	.1211602
351.15	0	.8014018	.07737988	0	.1212184
350.15	0	.8013672	.07735617	0	.1212766
349.15	0	.8013331	.07733204	0	.1213349
348.15	0	.8012993	.07730749	0	.1213932
347.15	0	.8012659	.07728252	0	.1214516
346.15	0	.8012329	.07725713	0	.12151
345.15	0	.8012002	.07723133	0	.1215685
