T	 BPW(LIQUID)	BPW(BCC_A2)	BPW(FCC_A1)	BPW(LAVES_PHASE_C14)	BPW(NI3TI)
1473.15	.09096104	.909039	0	0	0
1472.15	.088729	.911271	0	0	0
1471.15	.08651212	.9134879	0	0	0
1470.15	.08431028	.9156897	0	0	0
1469.15	.08212333	.9178767	0	0	0
1468.15	.07995115	.9200489	0	0	0
1467.15	.0777936	.9222064	0	0	0
1466.15	.07565055	.9243495	0	0	0
1465.15	.07352188	.9264781	0	0	0
1464.15	.07140746	.9285925	0	0	0
1463.15	.06930716	.9306928	0	0	0
1462.15	.06722086	.9327791	0	0	0
1461.15	.06514843	.9348516	0	0	0
1460.15	.06308975	.9369102	0	0	0
1459.15	.06104471	.9389553	0	0	0
1458.15	.05901319	.9409868	0	0	0
1457.15	.05699505	.9430049	0	0	0
1456.15	.0549902	.9450098	0	0	0
1455.15	.05299851	.9470015	0	0	0
1454.15	.05101988	.9489801	0	0	0
1453.15	.04905418	.9509458	0	0	0
1452.15	.04710131	.9528987	0	0	0
1451.15	.04516115	.9548389	0	0	0
1450.15	.0432336	.9567664	0	0	0
1449.15	.04131856	.9586814	0	0	0
1448.15	.0394159	.9605841	0	0	0
1447.15	.03752553	.9624745	0	0	0
1446.15	.03564735	.9643527	0	0	0
1445.15	.03378124	.9662188	0	0	0
1444.15	.03192712	.9680729	0	0	0
1443.15	.03008487	.9699151	0	0	0
1442.15	.02825439	.9717456	0	0	0
1441.15	.0264356	.9735644	0	0	0
1440.15	.02462838	.9753716	0	0	0
1439.15	.02283265	.9771674	0	0	0
1438.15	.02104831	.9789517	0	0	0
1437.15	.01927526	.9807247	0	0	0
1436.15	.0175134	.9824866	0	0	0
1435.15	.01576266	.9842373	0	0	0
1434.15	.01402293	.9859771	0	0	0
1433.15	.01229412	.9877059	0	0	0
1432.15	.01057614	.9894239	0	0	0
1431.15	.008868918	.9911311	0	0	0
1430.15	.007172349	.9928276	0	0	0
1429.15	.00548635	.9945137	0	0	0
1428.15	.003810836	.9961892	0	0	0
1427.15	.002145723	.9978543	0	0	0
1426.15	4.909244E-04	.9995091	0	0	0
1425.852	0	1	0	0	0
1425.852	0	1	0	0	0
1425.15	0	1	0	0	0
1424.15	0	1	0	0	0
1423.15	0	1	0	0	0
1422.15	0	1	0	0	0
1421.15	0	1	0	0	0
1420.15	0	1	0	0	0
1419.15	0	1	0	0	0
1418.15	0	1	0	0	0
1417.15	0	1	0	0	0
1416.15	0	1	0	0	0
1415.15	0	1	0	0	0
1414.15	0	1	0	0	0
1413.15	0	1	0	0	0
1412.15	0	1	0	0	0
1411.15	0	1	0	0	0
1410.15	0	1	0	0	0
1409.15	0	1	0	0	0
1408.15	0	1	0	0	0
1407.15	0	1	0	0	0
1406.15	0	1	0	0	0
1405.15	0	1	0	0	0
1404.15	0	1	0	0	0
1403.15	0	1	0	0	0
1402.15	0	1	0	0	0
1401.15	0	1	0	0	0
1400.15	0	1	0	0	0
1399.15	0	1	0	0	0
1398.15	0	1	0	0	0
1397.15	0	1	0	0	0
1396.15	0	1	0	0	0
1395.15	0	1	0	0	0
1394.15	0	1	0	0	0
1393.15	0	1	0	0	0
1392.15	0	1	0	0	0
1391.15	0	1	0	0	0
1390.15	0	1	0	0	0
1389.15	0	1	0	0	0
1388.15	0	1	0	0	0
1387.15	0	1	0	0	0
1386.15	0	1	0	0	0
1385.15	0	1	0	0	0
1384.15	0	1	0	0	0
1383.15	0	1	0	0	0
1382.15	0	1	0	0	0
1381.15	0	1	0	0	0
1380.15	0	1	0	0	0
1379.15	0	1	0	0	0
1378.15	0	1	0	0	0
1377.15	0	1	0	0	0
1376.15	0	1	0	0	0
1375.15	0	1	0	0	0
1374.15	0	1	0	0	0
1373.15	0	1	0	0	0
1372.15	0	1	0	0	0
1371.15	0	1	0	0	0
1370.15	0	1	0	0	0
1369.15	0	1	0	0	0
1368.15	0	1	0	0	0
1367.15	0	1	0	0	0
1366.15	0	1	0	0	0
1365.15	0	1	0	0	0
1364.15	0	1	0	0	0
1363.15	0	1	0	0	0
1362.15	0	1	0	0	0
1361.15	0	1	0	0	0
1360.15	0	1	0	0	0
1359.15	0	1	0	0	0
1358.15	0	1	0	0	0
1357.15	0	1	0	0	0
1356.15	0	1	0	0	0
1355.15	0	1	0	0	0
1354.15	0	1	0	0	0
1353.15	0	1	0	0	0
1352.15	0	1	0	0	0
1351.15	0	1	0	0	0
1350.15	0	1	0	0	0
1349.15	0	1	0	0	0
1348.15	0	1	0	0	0
1347.15	0	1	0	0	0
1346.15	0	1	0	0	0
1345.15	0	1	0	0	0
1344.15	0	1	0	0	0
1343.15	0	1	0	0	0
1342.15	0	1	0	0	0
1341.15	0	1	0	0	0
1340.15	0	1	0	0	0
1339.15	0	1	0	0	0
1338.15	0	1	0	0	0
1337.15	0	1	0	0	0
1336.15	0	1	0	0	0
1335.15	0	1	0	0	0
1334.15	0	1	0	0	0
1333.15	0	1	0	0	0
1332.15	0	1	0	0	0
1331.15	0	1	0	0	0
1330.15	0	1	0	0	0
1329.15	0	1	0	0	0
1328.15	0	1	0	0	0
1327.15	0	1	0	0	0
1326.15	0	1	0	0	0
1325.15	0	1	0	0	0
1324.15	0	1	0	0	0
1323.15	0	1	0	0	0
1322.15	0	1	0	0	0
1321.15	0	1	0	0	0
1320.15	0	1	0	0	0
1319.15	0	1	0	0	0
1318.15	0	1	0	0	0
1317.15	0	1	0	0	0
1316.15	0	1	0	0	0
1315.15	0	1	0	0	0
1314.15	0	1	0	0	0
1313.15	0	1	0	0	0
1312.15	0	1	0	0	0
1311.15	0	1	0	0	0
1310.15	0	1	0	0	0
1309.15	0	1	0	0	0
1308.15	0	1	0	0	0
1307.15	0	1	0	0	0
1306.15	0	1	0	0	0
1305.15	0	1	0	0	0
1304.15	0	1	0	0	0
1303.15	0	1	0	0	0
1302.15	0	1	0	0	0
1301.15	0	1	0	0	0
1300.15	0	1	0	0	0
1299.15	0	1	0	0	0
1298.15	0	1	0	0	0
1297.15	0	1	0	0	0
1296.15	0	1	0	0	0
1295.15	0	1	0	0	0
1294.15	0	1	0	0	0
1293.15	0	1	0	0	0
1292.15	0	1	0	0	0
1291.15	0	1	0	0	0
1290.15	0	1	0	0	0
1289.15	0	1	0	0	0
1288.15	0	1	0	0	0
1287.15	0	1	0	0	0
1286.15	0	1	0	0	0
1285.15	0	1	0	0	0
1284.15	0	1	0	0	0
1283.15	0	1	0	0	0
1282.15	0	1	0	0	0
1281.15	0	1	0	0	0
1280.15	0	1	0	0	0
1279.15	0	1	0	0	0
1278.15	0	1	0	0	0
1277.15	0	1	0	0	0
1276.15	0	1	0	0	0
1275.15	0	1	0	0	0
1274.15	0	1	0	0	0
1273.15	0	1	0	0	0
1272.15	0	1	0	0	0
1271.15	0	1	0	0	0
1270.15	0	1	0	0	0
1269.15	0	1	0	0	0
1268.15	0	1	0	0	0
1267.15	0	1	0	0	0
1266.15	0	1	0	0	0
1265.15	0	1	0	0	0
1264.15	0	1	0	0	0
1263.15	0	1	0	0	0
1262.15	0	1	0	0	0
1261.15	0	1	0	0	0
1260.15	0	1	0	0	0
1259.15	0	1	0	0	0
1258.15	0	1	0	0	0
1257.15	0	1	0	0	0
1256.15	0	1	0	0	0
1255.15	0	1	0	0	0
1254.15	0	1	0	0	0
1253.15	0	1	0	0	0
1252.15	0	1	0	0	0
1251.15	0	1	0	0	0
1250.15	0	1	0	0	0
1249.15	0	1	0	0	0
1248.15	0	1	0	0	0
1247.15	0	1	0	0	0
1246.15	0	1	0	0	0
1245.15	0	1	0	0	0
1244.15	0	1	0	0	0
1243.15	0	1	0	0	0
1242.15	0	1	0	0	0
1241.15	0	1	0	0	0
1240.15	0	1	0	0	0
1239.15	0	1	0	0	0
1238.15	0	1	0	0	0
1237.15	0	1	0	0	0
1236.15	0	1	0	0	0
1235.15	0	1	0	0	0
1234.15	0	1	0	0	0
1233.15	0	1	0	0	0
1232.15	0	1	0	0	0
1231.15	0	1	0	0	0
1230.15	0	1	0	0	0
1229.15	0	1	0	0	0
1228.15	0	1	0	0	0
1227.15	0	1	0	0	0
1226.15	0	1	0	0	0
1225.15	0	1	0	0	0
1224.15	0	1	0	0	0
1223.15	0	1	0	0	0
1222.15	0	1	0	0	0
1221.15	0	1	0	0	0
1220.15	0	1	0	0	0
1219.15	0	1	0	0	0
1218.15	0	1	0	0	0
1217.15	0	1	0	0	0
1216.751	0	1	0	0	0
1216.751	0	1	0	0	0
1216.751	0	1	0	0	0
1216.15	0	.999663	0	3.369631E-04	0
1215.15	0	.9991036	0	8.964074E-04	0
1214.15	0	.9985453	0	.001454706	0
1213.15	0	.9979881	0	.002011861	0
1212.15	0	.9974321	0	.002567875	0
1211.15	0	.9968773	0	.003122752	0
1210.15	0	.9963235	0	.003676495	0
1209.15	0	.9957709	0	.004229105	0
1208.15	0	.9952194	0	.004780587	0
1207.15	0	.9946691	0	.005330942	0
1206.15	0	.9941198	0	.005880173	0
1205.15	0	.9935717	0	.006428284	0
1204.15	0	.9930247	0	.006975276	0
1203.15	0	.9924789	0	.007521154	0
1202.15	0	.9919341	0	.008065918	0
1201.15	0	.9913904	0	.008609573	0
1200.15	0	.9908479	0	.00915212	0
1199.15	0	.9903064	0	.009693563	0
1198.15	0	.9897661	0	.0102339	0
1197.15	0	.9892269	0	.01077314	0
1196.15	0	.9886887	0	.01131129	0
1195.15	0	.9881517	0	.01184834	0
1194.15	0	.9876157	0	.0123843	0
1193.15	0	.9870808	0	.01291917	0
1192.15	0	.986547	0	.01345296	0
1191.15	0	.9860143	0	.01398566	0
1190.15	0	.9854827	0	.01451728	0
1189.15	0	.9849522	0	.01504782	0
1188.15	0	.9844227	0	.01557729	0
1187.15	0	.9838943	0	.01610568	0
1186.15	0	.983367	0	.016633	0
1185.15	0	.9828408	0	.01715925	0
1184.15	0	.9823156	0	.01768444	0
1183.15	0	.9817914	0	.01820857	0
1182.15	0	.9812684	0	.01873163	0
1181.15	0	.9807464	0	.01925364	0
1180.15	0	.9802254	0	.01977459	0
1179.15	0	.9797055	0	.02029448	0
1178.15	0	.9791867	0	.02081333	0
1177.15	0	.9786689	0	.02133112	0
1176.15	0	.9781521	0	.02184787	0
1175.15	0	.9776364	0	.02236358	0
1174.15	0	.9771218	0	.02287824	0
1173.15	0	.9766081	0	.02339187	0
1172.15	0	.9760955	0	.02390446	0
1171.15	0	.975584	0	.02441602	0
1170.15	0	.9750735	0	.02492654	0
1169.15	0	.974564	0	.02543603	0
1168.15	0	.9740555	0	.0259445	0
1167.15	0	.9735481	0	.02645194	0
1166.15	0	.9730416	0	.02695836	0
1165.15	0	.9725362	0	.02746376	0
1164.15	0	.9720319	0	.02796814	0
1163.15	0	.9715285	0	.02847151	0
1162.15	0	.9710261	0	.02897386	0
1161.15	0	.9705248	0	.0294752	0
1160.15	0	.9700245	0	.02997553	0
1159.15	0	.9695251	0	.03047486	0
1158.15	0	.9690268	0	.03097318	0
1157.15	0	.9685295	0	.0314705	0
1156.15	0	.9680332	0	.03196682	0
1155.15	0	.9675379	0	.03246214	0
1154.15	0	.9670435	0	.03295648	0
1153.15	0	.9665502	0	.03344982	0
1152.15	0	.9660578	0	.03394216	0
1151.15	0	.9655665	0	.03443351	0
1150.15	0	.9650761	0	.03492387	0
1149.15	0	.9645868	0	.03541325	0
1148.15	0	.9640984	0	.03590165	0
1147.15	0	.9636109	0	.03638906	0
1146.15	0	.9631245	0	.0368755	0
1145.15	0	.962639	0	.03736096	0
1144.391	0	.962271	0	.037729	0
1144.391	0	.962271	0	.037729	0
1144.391	0	.962271	0	.037729	0
1144.15	0	.9619609	2.03713E-04	.03783535	0
1143.15	0	.9606741	.001049094	.03827678	0
1142.15	0	.9593908	.001892099	.03871711	0
1141.15	0	.9581109	.002732731	.03915634	0
1140.15	0	.9568345	.003570991	.03959447	0
1139.15	0	.9555616	.004406883	.0400315	0
1138.15	0	.9542922	.005240409	.04046744	0
1137.15	0	.9530261	.006071572	.0409023	0
1136.15	0	.9517636	.006900374	.04133606	0
1135.15	0	.9505044	.007726819	.04176874	0
1134.15	0	.9492488	.008550907	.04220034	0
1133.15	0	.9479965	.009372643	.04263086	0
1132.15	0	.9467477	.01019203	.0430603	0
1131.15	0	.9455023	.01100906	.04348866	0
1130.15	0	.9442603	.01182376	.04391596	0
1129.15	0	.9430217	.0126361	.04434219	0
1128.15	0	.9417865	.01344611	.04476736	0
1127.15	0	.9405548	.01425377	.04519146	0
1126.15	0	.9393264	.01505911	.0456145	0
1125.15	0	.9381014	.0158621	.04603648	0
1124.15	0	.9368798	.01666277	.0464574	0
1123.15	0	.9356616	.0174611	.04687728	0
1122.15	0	.9344468	.01825711	.0472961	0
1121.15	0	.9332353	.01905079	.04771387	0
1120.15	0	.9320272	.01984215	.0481306	0
1119.15	0	.9308225	.02063118	.04854629	0
1118.15	0	.9296212	.0214179	.04896094	0
1117.15	0	.9284232	.0222023	.04937454	0
1116.15	0	.9272285	.02298439	.04978712	0
1115.15	0	.9260372	.02376417	.05019865	0
1114.15	0	.9248492	.02454163	.05060916	0
1113.15	0	.9236646	.02531678	.05101864	0
1112.15	0	.9224833	.02608963	.05142709	0
1111.15	0	.9213053	.02686017	.05183452	0
1110.15	0	.9201307	.02762841	.05224093	0
1109.15	0	.9189593	.02839435	.05264631	0
1108.15	0	.9177913	.02915799	.05305068	0
1107.15	0	.9166266	.02991933	.05345404	0
1106.15	0	.9154652	.03067838	.05385638	0
1105.15	0	.9143072	.03143513	.05425771	0
1104.15	0	.9131524	.03218959	.05465803	0
1103.15	0	.9120009	.03294176	.05505734	0
1102.15	0	.9108527	.03369165	.05545565	0
1101.15	0	.9097078	.03443925	.05585296	0
1100.15	0	.9085662	.03518456	.05624927	0
1099.15	0	.9074278	.03592759	.05664458	0
1098.15	0	.9062928	.03666834	.05703889	0
1097.15	0	.905161	.0374068	.0574322	0
1096.15	0	.9040325	.03814299	.05782453	0
1095.15	0	.9029072	.03887691	.05821586	0
1094.15	0	.9017852	.03960855	.05860621	0
1093.15	0	.9006665	.04033792	.05899557	0
1092.15	0	.899551	.04106501	.05938394	0
1091.15	0	.8984388	.04178984	.05977134	0
1090.15	0	.8973299	.0425124	.06015775	0
1089.15	0	.8962241	.04323269	.06054318	0
1088.15	0	.8951216	.04395072	.06092763	0
1087.15	0	.8940224	.04466648	.06131111	0
1086.15	0	.8929264	.04537998	.06169361	0
1085.15	0	.8918336	.04609122	.06207515	0
1084.15	0	.8907441	.0468002	.06245571	0
1083.15	0	.8896578	.04750693	.0628353	0
1082.15	0	.8885747	.0482114	.06321393	0
1081.15	0	.8874948	.04891361	.06359159	0
1080.15	0	.8864181	.04961357	.06396828	0
1079.15	0	.8853447	.05031128	.06434402	0
1078.15	0	.8842745	.05100674	.06471879	0
1077.15	0	.8832074	.05169995	.0650926	0
1076.15	0	.8821436	.05239092	.06546546	0
1075.15	0	.881083	.05307964	.06583736	0
1074.15	0	.8800256	.05376611	.06620831	0
1073.15	0	.8789714	.05445034	.0665783	0
1072.15	0	.8779203	.05513233	.06694734	0
1071.15	0	.8768725	.05581208	.06731543	0
1070.15	0	.8758278	.05648959	.06768257	0
1069.15	0	.8747864	.05716487	.06804877	0
1068.15	0	.8737481	.05783791	.06841402	0
1067.15	0	.872713	.05850871	.06877832	0
1066.15	0	.871681	.05917728	.06914168	0
1065.15	0	.8706523	.05984362	.0695041	0
1064.15	0	.8696267	.06050772	.06986558	0
1063.15	0	.8686043	.0611696	.07022611	0
1062.15	0	.867585	.06182925	.07058571	0
1061.15	0	.866569	.06248668	.07094437	0
1060.15	0	.865556	.06314188	.0713021	0
1059.15	0	.8645463	.06379486	.07165889	0
1058.15	0	.8635396	.06444561	.07201474	0
1057.15	0	.8625362	.06509415	.07236967	0
1056.15	0	.8615359	.06574046	.07272366	0
1055.15	0	.8605387	.06638456	.07307672	0
1054.15	0	.8595447	.06702644	.07342885	0
1053.15	0	.8585538	.06766611	.07378005	0
1052.15	0	.8575661	.06830356	.07413033	0
1051.15	0	.8565815	.0689388	.07447967	0
1050.15	0	.8556001	.06957183	.07482809	0
1049.15	0	.8546218	.07020265	.07517559	0
1048.15	0	.8536466	.07083126	.07552216	0
1047.15	0	.8526745	.07145767	.07586781	0
1046.15	0	.8517056	.07208187	.07621253	0
1045.15	0	.8507398	.07270387	.07655634	0
1044.15	0	.8497771	.07332367	.07689922	0
1043.15	0	.8488176	.07394127	.07724118	0
1042.15	0	.8478611	.07455667	.07758223	0
1041.15	0	.8469078	.07516987	.07792235	0
1040.15	0	.8459576	.07578088	.07826155	0
1039.15	0	.8450105	.0763897	.07859984	0
1038.15	0	.8440665	.07699632	.07893721	0
1037.15	0	.8431256	.07760075	.07927366	0
1036.15	0	.8421878	.07820299	.0796092	0
1035.15	0	.8412531	.07880305	.07994382	0
1034.15	0	.8403216	.07940093	.08027752	0
1033.15	0	.8393931	.07999662	.08061032	0
1032.15	0	.8384677	.08059013	.08094219	0
1031.15	0	.8375454	.08118146	.08127315	0
1030.15	0	.8366262	.08177061	.0816032	0
1029.15	0	.8357101	.08235759	.08193234	0
1028.15	0	.8347971	.08294239	.08226056	0
1027.15	0	.8338871	.08352502	.08258787	0
1026.15	0	.8329802	.08410549	.08291426	0
1025.15	0	.8320765	.08468378	.08323975	0
1024.15	0	.8311758	.08525991	.08356432	0
1023.15	0	.8302781	.08583388	.08388798	0
1022.15	0	.8293836	.08640569	.08421072	0
1021.15	0	.8284921	.08697534	.08453256	0
1020.15	0	.8276037	.08754283	.08485348	0
1019.15	0	.8267183	.08810817	.08517349	0
1018.15	0	.8258361	.08867136	.08549259	0
1017.15	0	.8249568	.0892324	.08581077	0
1016.15	0	.8240807	.0897913	.08612805	0
1015.15	0	.8232076	.09034805	.08644441	0
1014.15	0	.8223375	.09090266	.08675985	0
1013.15	0	.8214705	.09145513	.08707439	0
1012.15	0	.8206065	.09200547	.08738801	0
1011.15	0	.8197456	.09255367	.08770072	0
1010.15	0	.8188877	.09309975	.08801252	0
1009.15	0	.8180329	.0936437	.0883234	0
1008.15	0	.8171811	.09418553	.08863336	0
1007.15	0	.8163324	.09472523	.08894241	0
1006.15	0	.8154866	.09526283	.08925055	0
1005.15	0	.8146439	.0957983	.08955777	0
1004.15	0	.8138043	.09633167	.08986407	0
1003.15	0	.8129676	.09686293	.09016945	0
1002.15	0	.812134	.09739209	.09047392	0
1001.15	0	.8113034	.09791915	.09077747	0
1000.15	0	.8104758	.09844411	.0910801	0
999.15	0	.8096512	.09896699	.09138181	0
998.15	0	.8088296	.09948778	.0916826	0
997.15	0	.8080111	.1000065	.09198246	0
996.15	0	.8071955	.1005231	.09228141	0
995.15	0	.8063829	.1010377	.09257943	0
994.15	0	.8055733	.1015501	.09287652	0
993.15	0	.8047668	.1020606	.09317269	0
992.15	0	.8039632	.1025689	.09346794	0
991.15	0	.8031626	.1030752	.09376226	0
990.15	0	.8023649	.1035795	.09405564	0
989.15	0	.8015703	.1040817	.0943481	0
988.15	0	.8007786	.1045818	.09463962	0
987.15	0	.7999899	.1050799	.09493022	0
986.15	0	.7992041	.105576	.09521988	0
985.15	0	.7984213	.1060701	.0955086	0
984.15	0	.7976415	.1065621	.09579639	0
983.15	0	.7968646	.1070522	.09608324	0
982.15	0	.7960906	.1075402	.09636914	0
981.15	0	.7953196	.1080262	.09665411	0
980.15	0	.7945516	.1085103	.09693813	0
979.15	0	.7937865	.1089923	.09722121	0
978.15	0	.7930243	.1094724	.09750335	0
977.15	0	.792265	.1099505	.09778453	0
976.15	0	.7915086	.1104266	.09806477	0
975.15	0	.7907552	.1109008	.09834405	0
974.15	0	.7900046	.111373	.09862237	0
973.15	0	.789257	.1118433	.09889975	0
972.15	0	.7885122	.1123116	.09917616	0
971.15	0	.7877704	.112778	.09945161	0
970.15	0	.7870314	.1132425	.0997261	0
969.15	0	.7862953	.1137051	.09999963	0
968.15	0	.785562	.1141658	.1002722	0
967.15	0	.7848317	.1146246	.1005438	0
966.15	0	.7841042	.1150815	.1008144	0
965.15	0	.7833795	.1155365	.101084	0
964.15	0	.7826577	.1159896	.1013527	0
963.15	0	.7819387	.1164409	.1016204	0
962.15	0	.7812225	.1168904	.1018871	0
961.15	0	.7805092	.117338	.1021528	0
960.15	0	.7797987	.1177838	.1024175	0
959.15	0	.779091	.1182278	.1026813	0
958.15	0	.778386	.11867	.102944	0
957.15	0	.7776839	.1191103	.1032058	0
956.15	0	.7769845	.119549	.1034665	0
955.15	0	.776288	.1199858	.1037263	0
954.15	0	.7755941	.1204209	.103985	0
953.15	0	.7749031	.1208542	.1042427	0
952.15	0	.7742147	.1212858	.1044994	0
951.15	0	.7735291	.1217157	.1047551	0
950.15	0	.7728462	.122144	.1050098	0
949.15	0	.7721661	.1225705	.1052635	0
948.15	0	.7714886	.1229953	.1055161	0
947.15	0	.7708138	.1234185	.1057677	0
946.15	0	.7701417	.12384	.1060182	0
945.15	0	.7694723	.12426	.1062678	0
944.15	0	.7688055	.1246782	.1065162	0
943.15	0	.7681414	.125095	.1067637	0
942.15	0	.7674799	.1255101	.10701	0
941.15	0	.766821	.1259237	.1072554	0
940.15	0	.7661647	.1263357	.1074996	0
939.15	0	.765511	.1267462	.1077428	0
938.15	0	.7648599	.1271552	.1079849	0
937.15	0	.7642113	.1275627	.108226	0
936.15	0	.7635653	.1279687	.108466	0
935.15	0	.7629219	.1283733	.1087049	0
934.15	0	.7622809	.1287765	.1089427	0
933.15	0	.7616424	.1291782	.1091794	0
932.15	0	.7610065	.1295786	.109415	0
931.15	0	.760373	.1299775	.1096495	0
930.15	0	.7597419	.1303752	.1098829	0
929.15	0	.7591133	.1307715	.1101151	0
928.15	0	.7584871	.1311666	.1103463	0
927.15	0	.7578634	.1315603	.1105763	0
926.15	0	.7572419	.1319528	.1108052	0
925.15	0	.7566229	.1323441	.111033	0
924.15	0	.7560062	.1327342	.1112596	0
923.15	0	.7553918	.1331231	.1114851	0
922.15	0	.7547797	.1335109	.1117093	0
921.15	0	.7541699	.1338976	.1119325	0
920.15	0	.7535624	.1342831	.1121545	0
919.15	0	.7529571	.1346676	.1123753	0
918.15	0	.752354	.1350511	.1125949	0
917.15	0	.7517531	.1354336	.1128133	0
916.15	0	.7511544	.1358151	.1130305	0
915.15	0	.7505578	.1361957	.1132465	0
914.15	0	.7499633	.1365753	.1134613	0
913.15	0	.749371	.1369541	.1136749	0
912.15	0	.7487807	.1373321	.1138873	0
911.15	0	.7481924	.1377092	.1140984	0
910.15	0	.7476061	.1380856	.1143083	0
909.15	0	.7470219	.1384613	.1145169	0
908.15	0	.7464396	.1388362	.1147242	0
907.15	0	.7458592	.1392105	.1149303	0
906.15	0	.7452807	.1395842	.1151352	0
905.15	0	.744704	.1399573	.1153387	0
904.15	0	.7441292	.1403299	.1155409	0
903.15	0	.7435563	.1407019	.1157418	0
902.15	0	.742985	.1410735	.1159415	0
901.15	0	.7424155	.1414447	.1161397	0
900.15	0	.7418477	.1418156	.1163367	0
899.15	0	.7412816	.1421861	.1165323	0
898.15	0	.7407171	.1425564	.1167266	0
897.15	0	.7401542	.1429264	.1169194	0
896.15	0	.7395928	.1432962	.117111	0
895.15	0	.7390329	.143666	.1173011	0
894.15	0	.7384746	.1440356	.1174898	0
893.15	0	.7379176	.1444053	.1176771	0
892.15	0	.737362	.144775	.117863	0
891.15	0	.7368078	.1451447	.1180475	0
890.15	0	.7362549	.1455146	.1182305	0
889.15	0	.7357032	.1458847	.1184121	0
888.15	0	.7351527	.1462551	.1185922	0
887.15	0	.7346034	.1466258	.1187708	0
886.15	0	.7340552	.1469969	.1189479	0
885.15	0	.7335081	.1473684	.1191235	0
884.15	0	.7329619	.1477405	.1192976	0
883.15	0	.7324168	.1481131	.1194701	0
882.15	0	.7318725	.1484864	.1196411	0
881.15	0	.7313291	.1488604	.1198105	0
880.15	0	.7307865	.1492352	.1199783	0
879.15	0	.7302446	.1496109	.1201445	0
878.15	0	.7297034	.1499875	.1203092	0
877.15	0	.7291627	.1503651	.1204721	0
876.15	0	.7286227	.1507439	.1206335	0
875.15	0	.7280831	.1511238	.1207931	0
874.15	0	.727544	.151505	.1209511	0
873.15	0	.7270052	.1518875	.1211073	0
872.15	0	.7264666	.1522715	.1212619	0
871.15	0	.7259283	.152657	.1214147	0
870.15	0	.7253902	.1530441	.1215657	0
869.15	0	.724852	.153433	.121715	0
868.15	0	.7243139	.1538237	.1218624	0
867.15	0	.7237757	.1542163	.122008	0
866.15	0	.7232373	.1546109	.1221518	0
865.15	0	.7226986	.1550077	.1222937	0
864.15	0	.7221596	.1554067	.1224337	0
863.15	0	.7216202	.1558081	.1225717	0
862.15	0	.7210802	.156212	.1227078	0
861.15	0	.7205396	.1566184	.122842	0
860.15	0	.7199982	.1570276	.1229741	0
859.15	0	.7194561	.1574397	.1231042	0
858.15	0	.718913	.1578547	.1232323	0
857.15	0	.7183688	.1582729	.1233583	0
856.15	0	.7178236	.1586943	.1234821	0
855.15	0	.717277	.1591192	.1236038	0
854.15	0	.7167291	.1595476	.1237233	0
853.15	0	.7161797	.1599797	.1238406	0
852.15	0	.7156286	.1604158	.1239557	0
851.15	0	.7150758	.1608559	.1240684	0
850.15	0	.714521	.1613002	.1241788	0
849.15	0	.7139642	.1617489	.1242868	0
848.15	0	.7134053	.1622023	.1243925	0
847.15	0	.712844	.1626604	.1244956	0
846.15	0	.7122801	.1631236	.1245963	0
845.15	0	.7117137	.163592	.1246944	0
844.15	0	.7111443	.1640658	.1247899	0
843.15	0	.710572	.1645453	.1248828	0
842.15	0	.7099964	.1650307	.1249729	0
841.15	0	.7094174	.1655223	.1250603	0
840.15	0	.7088348	.1660203	.1251449	0
839.15	0	.7082484	.166525	.1252265	0
838.15	0	.707658	.1670368	.1253053	0
837.15	0	.7070632	.1675558	.125381	0
836.15	0	.706464	.1680825	.1254536	0
835.15	0	.7058599	.1686171	.125523	0
834.15	0	.7052507	.1691601	.1255892	0
833.15	0	.7046362	.1697117	.1256521	0
832.15	0	.7040161	.1702724	.1257115	0
831.15	0	.7033899	.1708426	.1257674	0
830.15	0	.7027575	.1714228	.1258197	0
829.15	0	.7021183	.1720134	.1258683	0
828.15	0	.7014721	.1726149	.125913	0
827.15	0	.7008183	.1732278	.1259538	0
826.15	0	.7001567	.1738528	.1259905	0
825.15	0	.6994866	.1744904	.126023	0
824.15	0	.6988077	.1751412	.1260511	0
823.15	0	.6981194	.175806	.1260746	0
822.15	0	.697421	.1764855	.1260935	0
821.15	0	.6967121	.1771805	.1261074	0
820.15	0	.6959919	.1778919	.1261163	0
819.15	0	.6952596	.1786205	.1261199	0
818.15	0	.6945146	.1793676	.1261179	0
817.15	0	.6937559	.180134	.1261101	0
816.15	0	.6929826	.1809211	.1260963	0
815.15	0	.6921937	.1817302	.1260761	0
814.15	0	.691388	.1825627	.1260493	0
813.15	0	.6905644	.1834203	.1260153	0
812.15	0	.6897215	.1843047	.1259739	0
811.15	0	.6888576	.1852178	.1259246	0
810.15	0	.6873468	.1869249	.1257283	0
809.15	0	.6858207	.1886573	.1255221	0
808.15	0	.6843777	.1902944	.1253279	0
807.15	0	.6830105	.1918448	.1251447	0
806.15	0	.6817124	.1933161	.1249715	0
805.15	0	.6804778	.194715	.1248072	0
804.15	0	.6793015	.1960473	.1246512	0
803.15	0	.6781791	.1973181	.1245028	0
802.15	0	.6771066	.198532	.1243614	0
801.15	0	.6760805	.1996932	.1242263	0
800.15	0	.6750975	.2008054	.1240972	0
799.15	0	.6741547	.2018718	.1239735	0
798.15	0	.6732495	.2028956	.1238549	0
797.15	0	.6723796	.2038795	.123741	0
796.15	0	.6715427	.2048259	.1236315	0
795.15	0	.6707368	.2057371	.1235261	0
794.15	0	.6699602	.2066152	.1234245	0
793.15	0	.6692112	.2074622	.1233265	0
792.15	0	.6684883	.2082798	.1232319	0
791.15	0	.6677899	.2090697	.1231404	0
790.15	0	.6671149	.2098333	.1230519	0
789.15	0	.6664619	.210572	.1229661	0
788.15	0	.6658299	.2112872	.122883	0
787.15	0	.6652177	.21198	.1228023	0
786.15	0	.6646245	.2126516	.1227239	0
785.15	0	.6640493	.213303	.1226478	0
784.15	0	.6634912	.2139352	.1225737	0
783.15	0	.6629494	.214549	.1225016	0
782.15	0	.6624232	.2151455	.1224313	0
781.15	0	.6619119	.2157253	.1223628	0
780.15	0	.661417	.2162876	.1222954	0
779.15	0	.6609333	.2168365	.1222302	0
778.15	0	.6604627	.2173709	.1221665	0
777.15	0	.6600045	.2178914	.1221042	0
776.15	0	.6595582	.2183986	.1220432	0
775.15	0	.6591234	.2188931	.1219835	0
774.15	0	.6586995	.2193754	.121925	0
773.15	0	.6582862	.2198461	.1218677	0
772.15	0	.657883	.2203055	.1218115	0
771.15	0	.6574895	.2207541	.1217564	0
770.15	0	.6571053	.2211924	.1217022	0
769.15	0	.6567301	.2216208	.121649	0
768.15	0	.6563636	.2220397	.1215968	0
767.15	0	.6560053	.2224493	.1215453	0
766.15	0	.6556551	.2228502	.1214947	0
765.15	0	.6553126	.2232425	.1214449	0
764.15	0	.6549775	.2236267	.1213959	0
763.15	0	.6546495	.2240029	.1213475	0
762.15	0	.6543285	.2243716	.1212999	0
761.15	0	.6540142	.2247329	.1212529	0
760.15	0	.6537062	.2250872	.1212066	0
759.15	0	.6534045	.2254347	.1211608	0
758.15	0	.6531088	.2257756	.1211156	0
757.15	0	.6528189	.2261101	.121071	0
756.15	0	.6525346	.2264386	.1210268	0
755.15	0	.6522557	.2267611	.1209832	0
754.15	0	.6519821	.2270779	.1209401	0
753.15	0	.6517135	.2273891	.1208974	0
752.15	0	.6514498	.2276951	.1208551	0
751.15	0	.6511909	.2279958	.1208133	0
750.15	0	.6509366	.2282915	.1207718	0
749.15	0	.6506868	.2285824	.1207308	0
748.15	0	.6504412	.2288687	.1206901	0
747.15	0	.6501999	.2291504	.1206498	0
746.15	0	.6499626	.2294276	.1206098	0
745.15	0	.6497293	.2297007	.1205701	0
744.15	0	.6494997	.2299696	.1205307	0
743.15	0	.6492739	.2302345	.1204916	0
742.15	0	.6490517	.2304955	.1204528	0
741.15	0	.6488329	.2307528	.1204143	0
740.15	0	.6486176	.2310065	.120376	0
739.15	0	.6484055	.2312566	.1203379	0
738.15	0	.6481966	.2315032	.1203001	0
737.15	0	.6479909	.2317466	.1202625	0
736.15	0	.6477881	.2319867	.1202252	0
735.15	0	.6475883	.2322237	.120188	0
734.15	0	.6473914	.2324576	.120151	0
733.15	0	.6471972	.2326885	.1201142	0
732.15	0	.6470058	.2329166	.1200776	0
731.15	0	.6468169	.2331419	.1200412	0
730.15	0	.6466306	.2333645	.1200049	0
729.15	0	.6464468	.2335844	.1199688	0
728.15	0	.6462655	.2338017	.1199328	0
727.15	0	.6460865	.2340166	.119897	0
726.15	0	.6459098	.234229	.1198613	0
725.15	0	.6457353	.234439	.1198257	0
724.15	0	.645563	.2346468	.1197902	0
723.15	0	.6453929	.2348523	.1197549	0
722.15	0	.6452248	.2350556	.1197196	0
721.15	0	.6450587	.2352568	.1196845	0
720.15	0	.6448946	.2354559	.1196495	0
719.15	0	.6447325	.235653	.1196145	0
718.15	0	.6445722	.2358481	.1195797	0
717.15	0	.6444137	.2360413	.1195449	0
716.15	0	.6442571	.2362327	.1195102	0
715.15	0	.6441022	.2364222	.1194756	0
714.15	0	.6439489	.23661	.1194411	0
713.15	0	.6437974	.236796	.1194066	0
712.15	0	.6436475	.2369803	.1193722	0
711.15	0	.6434991	.237163	.1193379	0
710.15	0	.6433523	.2373441	.1193036	0
709.15	0	.6432071	.2375236	.1192693	0
708.15	0	.6430633	.2377016	.1192351	0
707.15	0	.6429209	.2378781	.119201	0
706.15	0	.64278	.2380531	.1191669	0
705.15	0	.6426405	.2382267	.1191328	0
704.15	0	.6425023	.2383989	.1190988	0
703.15	0	.6423654	.2385698	.1190648	0
702.15	0	.6422299	.2387393	.1190309	0
701.15	0	.6420956	.2389075	.1189969	0
700.15	0	.6419625	.2390744	.118963	0
699.15	0	.6418307	.2392402	.1189292	0
698.15	0	.6417	.2394047	.1188953	0
697.15	0	.6415705	.239568	.1188615	0
696.15	0	.6414422	.2397301	.1188277	0
695.15	0	.641315	.2398912	.1187939	0
694.15	0	.6411888	.2400511	.1187601	0
693.15	0	.6410638	.2402099	.1187263	0
692.15	0	.6409398	.2403676	.1186926	0
691.15	0	.6408168	.2405244	.1186589	0
690.15	0	.6406948	.2406801	.1186251	0
689.15	0	.6405739	.2408348	.1185914	0
688.15	0	.6404539	.2409885	.1185577	0
687.15	0	.6403348	.2411412	.118524	0
686.15	0	.6402167	.2412931	.1184903	0
685.15	0	.6400995	.241444	.1184565	0
684.15	0	.6399832	.241594	.1184228	0
683.15	0	.6398678	.2417431	.1183891	0
682.15	0	.6397532	.2418914	.1183554	0
681.15	0	.6396395	.2420388	.1183217	0
680.15	0	.6395266	.2421854	.118288	0
679.15	0	.6394146	.2423311	.1182543	0
678.15	0	.6393034	.2424761	.1182206	0
677.15	0	.6391929	.2426203	.1181868	0
676.15	0	.6390832	.2427637	.1181531	0
675.15	0	.6389743	.2429063	.1181193	0
674.15	0	.6388662	.2430483	.1180856	0
673.15	0	.6387588	.2431894	.1180518	0
672.15	0	.6386521	.2433299	.1180181	0
671.15	0	.6385461	.2434697	.1179843	0
670.15	0	.6384408	.2436087	.1179505	0
669.15	0	.6383362	.2437471	.1179167	0
668.15	0	.6382323	.2438849	.1178829	0
667.15	0	.638129	.2440219	.117849	0
666.15	0	.6380265	.2441584	.1178152	0
665.15	0	.6379245	.2442942	.1177813	0
664.15	0	.6378232	.2444293	.1177475	0
663.15	0	.6377225	.2445639	.1177136	0
662.15	0	.6376224	.2446979	.1176797	0
661.15	0	.637523	.2448312	.1176458	0
660.15	0	.6374241	.244964	.1176119	0
659.15	0	.6373258	.2450962	.1175779	0
658.15	0	.6372281	.2452279	.117544	0
657.15	0	.637131	.245359	.11751	0
656.15	0	.6370345	.2454895	.117476	0
655.15	0	.6369384	.2456195	.117442	0
654.15	0	.636843	.245749	.117408	0
653.15	0	.636748	.245878	.117374	0
652.15	0	.6366536	.2460064	.1173399	0
651.15	0	.6365598	.2461344	.1173059	0
650.15	0	.6364664	.2462618	.1172718	0
649.15	0	.6363736	.2463887	.1172377	0
648.15	0	.6362812	.2465152	.1172036	0
647.15	0	.6361893	.2466412	.1171695	0
646.15	0	.636098	.2467667	.1171353	0
645.15	0	.6360071	.2468917	.1171012	0
644.15	0	.6359167	.2470163	.117067	0
643.15	0	.6358268	.2471404	.1170329	0
642.15	0	.6357373	.2472641	.1169987	0
641.15	0	.6356483	.2473873	.1169644	0
640.15	0	.6355597	.2475101	.1169302	0
639.15	0	.6354716	.2476325	.116896	0
638.15	0	.6353839	.2477544	.1168617	0
637.15	0	.6352966	.2478759	.1168274	0
636.15	0	.6352098	.247997	.1167932	0
635.15	0	.6351234	.2481177	.1167589	0
634.15	0	.6350374	.248238	.1167246	0
633.15	0	.6349519	.2483579	.1166902	0
632.15	0	.6348667	.2484774	.1166559	0
631.15	0	.634782	.2485965	.1166216	0
630.15	0	.6346976	.2487152	.1165872	0
629.15	0	.6346137	.2488335	.1165528	0
628.15	0	.6345301	.2489514	.1165185	0
627.15	0	.634447	.249069	.1164841	0
626.15	0	.6343642	.2491862	.1164497	0
625.15	0	.6342818	.249303	.1164152	0
624.15	0	.6341997	.2494195	.1163808	0
623.15	0	.6341181	.2495356	.1163464	0
622.15	0	.6340368	.2496513	.1163119	0
621.15	0	.6339558	.2497667	.1162775	0
620.15	0	.6338753	.2498817	.116243	0
619.15	0	.6337951	.2499964	.1162085	0
618.15	0	.6337152	.2501108	.1161741	0
617.15	0	.6336357	.2502248	.1161396	0
616.15	0	.6335565	.2503384	.1161051	0
615.15	0	.6334777	.2504518	.1160706	0
614.15	0	.6333992	.2505647	.1160361	0
613.15	0	.633321	.2506774	.1160016	0
612.15	0	.6332432	.2507897	.1159671	0
611.15	0	.6331657	.2509018	.1159325	0
610.15	0	.6330886	.2510134	.115898	0
609.15	0	.6330117	.2511248	.1158635	0
608.15	0	.6329352	.2512358	.1158289	0
607.15	0	.632859	.2513466	.1157944	0
606.15	0	.6327831	.251457	.1157599	0
605.15	0	.6327076	.2515671	.1157253	0
604.15	0	.6326323	.2516769	.1156908	0
603.15	0	.6325573	.2517864	.1156563	0
602.15	0	.6324827	.2518956	.1156217	0
601.15	0	.6324084	.2520045	.1155872	0
600.15	0	.6323343	.2521131	.1155526	0
599.15	0	.6322606	.2522213	.1155181	0
598.15	0	.6321871	.2523293	.1154836	0
597.15	0	.632114	.252437	.115449	0
596.15	0	.6320411	.2525444	.1154145	0
595.15	0	.6319685	.2526515	.11538	0
594.15	0	.6318963	.2527583	.1153455	0
593.15	0	.6318243	.2528648	.1153109	0
592.15	0	.6317525	.2529711	.1152764	0
591.15	0	.6316811	.253077	.1152419	0
590.15	0	.6316099	.2531826	.1152074	0
589.15	0	.6315391	.253288	.1151729	0
588.15	0	.6314685	.2533931	.1151384	0
587.15	0	.6313981	.2534979	.115104	0
586.15	0	.6313281	.2536024	.1150695	0
585.15	0	.6312583	.2537067	.115035	0
584.15	0	.6311888	.2538106	.1150006	0
583.15	0	.6311195	.2539143	.1149662	0
582.15	0	.6310505	.2540177	.1149317	0
581.15	0	.6309818	.2541209	.1148973	0
580.15	0	.6309134	.2542237	.1148629	0
579.15	0	.6308452	.2543263	.1148285	0
578.15	0	.6307772	.2544286	.1147941	0
577.15	0	.6307095	.2545307	.1147598	0
576.15	0	.6306421	.2546324	.1147255	0
575.15	0	.6305749	.2547339	.1146911	0
574.15	0	.630508	.2548352	.1146568	0
573.15	0	.6304414	.2549361	.1146225	0
572.15	0	.6303749	.2550368	.1145882	0
571.15	0	.6303088	.2551373	.114554	0
570.15	0	.6302429	.2552374	.1145197	0
569.15	0	.6301772	.2553373	.1144855	0
568.15	0	.6301118	.2554369	.1144513	0
567.15	0	.6300466	.2555363	.1144171	0
566.15	0	.6299817	.2556354	.114383	0
565.15	0	.629917	.2557342	.1143488	0
564.15	0	.6298525	.2558328	.1143147	0
563.15	0	.6297883	.2559311	.1142806	0
562.15	0	.6297243	.2560291	.1142466	0
561.15	0	.6296606	.2561269	.1142125	0
560.15	0	.6295971	.2562244	.1141785	0
559.15	0	.6295338	.2563216	.1141445	0
558.15	0	.6294708	.2564186	.1141106	0
557.15	0	.629408	.2565154	.1140766	0
556.15	0	.6293455	.2566118	.1140427	0
555.15	0	.6292831	.256708	.1140088	0
554.15	0	.6292211	.256804	.113975	0
553.15	0	.6291592	.2568997	.1139412	0
552.15	0	.6290976	.2569951	.1139074	0
551.15	0	.6290362	.2570902	.1138736	0
550.15	0	.628975	.2571851	.1138399	0
549.15	0	.628914	.2572798	.1138062	0
548.15	0	.6288533	.2573742	.1137725	0
547.15	0	.6287928	.2574683	.1137389	0
546.15	0	.6287325	.2575621	.1137053	0
545.15	0	.6286725	.2576558	.1136718	0
544.15	0	.6286127	.2577491	.1136382	0
543.15	0	.6285531	.2578422	.1136048	0
542.15	0	.6284937	.257935	.1135713	0
541.15	0	.6284345	.2580276	.1135379	0
540.15	0	.6283756	.2581199	.1135045	0
539.15	0	.6283169	.2582119	.1134712	0
538.15	0	.6282584	.2583037	.1134379	0
537.15	0	.6282001	.2583952	.1134047	0
536.15	0	.628142	.2584865	.1133715	0
535.15	0	.6280842	.2585775	.1133383	0
534.15	0	.6280266	.2586683	.1133052	0
533.15	0	.6279692	.2587587	.1132721	0
532.15	0	.627912	.258849	.1132391	0
531.15	0	.627855	.2589389	.1132061	0
530.15	0	.6277982	.2590286	.1131731	0
529.15	0	.6277417	.2591181	.1131402	0
528.15	0	.6276854	.2592073	.1131074	0
527.15	0	.6276292	.2592962	.1130746	0
526.15	0	.6275733	.2593848	.1130418	0
525.15	0	.6275176	.2594732	.1130091	0
524.15	0	.6274623	.2595614	.1129763	0
523.15	0	.627407	.2596492	.1129437	0
522.15	0	.627352	.2597369	.1129112	0
521.15	0	.6272971	.2598242	.1128787	0
520.15	0	.6272425	.2599113	.1128462	0
519.15	0	.6271881	.2599981	.1128138	0
518.15	0	.6271338	.2600847	.1127815	0
517.15	0	.6270798	.260171	.1127492	0
516.15	0	.6270261	.260257	.1127169	0
515.15	0	.6269725	.2603428	.1126848	0
514.15	0	.6269191	.2604283	.1126526	0
513.15	0	.6268659	.2605135	.1126206	0
512.15	0	.6268129	.2605985	.1125886	0
511.15	0	.6267602	.2606832	.1125566	0
510.15	0	.6267076	.2607677	.1125247	0
509.15	0	.6266553	.2608518	.1124929	0
508.15	0	.6266031	.2609358	.1124611	0
507.15	0	.6265512	.2610194	.1124294	0
506.15	0	.6264995	.2611028	.1123977	0
505.15	0	.626448	.2611859	.1123662	0
504.15	0	.6263966	.2612687	.1123346	0
503.15	0	.6263455	.2613513	.1123032	0
502.15	0	.6262946	.2614336	.1122718	0
501.15	0	.6262439	.2615157	.1122404	0
500.15	0	.6261934	.2615974	.1122092	0
499.15	0	.6261431	.2616789	.112178	0
498.15	0	.626093	.2617602	.1121469	0
497.15	0	.6260431	.2618411	.1121158	0
496.15	0	.6259934	.2619218	.1120848	0
495.15	0	.6259439	.2620022	.1120539	0
494.15	0	.6258946	.2620824	.112023	0
493.15	0	.6258456	.2621622	.1119922	0
492.15	0	.6257967	.2622418	.1119615	0
491.15	0	.625748	.2623212	.1119309	0
490.15	0	.6256995	.2624002	.1119003	0
489.15	0	.6256512	.262479	.1118698	0
488.15	0	.6256032	.2625575	.1118394	0
487.15	0	.6255553	.2626357	.111809	0
486.15	0	.6255076	.2627137	.1117787	0
485.15	0	.6254601	.2627913	.1117485	0
484.15	0	.6254129	.2628687	.1117184	0
483.15	0	.6253658	.2629459	.1116883	0
482.15	0	.6253189	.2630227	.1116584	0
481.15	0	.6252722	.2630993	.1116285	0
480.15	0	.6252258	.2631756	.1115987	0
479.15	0	.6251795	.2632516	.1115689	0
478.15	0	.6251334	.2633273	.1115393	0
477.15	0	.6250875	.2634028	.1115097	0
476.15	0	.6250418	.263478	.1114802	0
475.15	0	.6249964	.2635528	.1114508	0
474.15	0	.6249511	.2636274	.1114215	0
473.15	0	.624906	.2637018	.1113922	0
472.15	0	.6248611	.2637758	.1113631	0
471.15	0	.6248164	.2638496	.111334	0
470.15	0	.6247719	.2639231	.111305	0
469.15	0	.6247276	.2639963	.1112761	0
468.15	0	.6246835	.2640692	.1112473	0
467.15	0	.6246396	.2641418	.1112185	0
466.15	0	.6245959	.2642142	.1111899	0
465.15	0	.6245524	.2642863	.1111613	0
464.15	0	.6245091	.264358	.1111328	0
463.15	0	.624466	.2644295	.1111045	0
462.15	0	.6244231	.2645007	.1110762	0
461.15	0	.6243804	.2645716	.111048	0
460.15	0	.6243379	.2646423	.1110198	0
459.15	0	.6242956	.2647126	.1109918	0
458.15	0	.6242534	.2647827	.1109639	0
457.15	0	.6242115	.2648524	.1109361	0
456.15	0	.6241698	.2649219	.1109083	0
455.15	0	.6241282	.2649911	.1108807	0
454.15	0	.6240869	.26506	.1108531	0
453.15	0	.6240457	.2651286	.1108256	0
452.15	0	.6240048	.2651969	.1107983	0
451.15	0	.623964	.265265	.110771	0
450.15	0	.6239235	.2653327	.1107438	0
449.15	0	.6238831	.2654001	.1107168	0
448.15	0	.623843	.2654672	.1106898	0
447.15	0	.6238031	.265534	.110663	0
446.15	0	.6237634	.2656004	.1106362	0
445.15	0	.6237239	.2656666	.1106096	0
444.15	0	.6236846	.2657324	.110583	0
443.15	0	.6236455	.2657979	.1105566	0
442.15	0	.6236066	.2658631	.1105303	0
441.15	0	.623568	.2659279	.1105041	0
440.15	0	.6235296	.2659924	.110478	0
439.15	0	.6234914	.2660566	.1104521	0
438.15	0	.6234534	.2661204	.1104262	0
437.15	0	.6234157	.2661839	.1104005	0
436.15	0	.6233782	.266247	.1103749	0
435.15	0	.6233409	.2663097	.1103494	0
434.15	0	.6233039	.2663721	.110324	0
433.15	0	.6232671	.2664341	.1102988	0
432.15	0	.6232305	.2664958	.1102737	0
431.15	0	.6231942	.2665571	.1102488	0
430.15	0	.6231581	.266618	.1102239	0
429.15	0	.6231223	.2666785	.1101992	0
428.15	0	.6230867	.2667386	.1101746	0
427.15	0	.6230514	.2667984	.1101502	0
426.15	0	.6230163	.2668578	.1101259	0
425.15	0	.6229814	.2669168	.1101018	0
424.15	0	.6229469	.2669754	.1100777	0
423.15	0	.6229125	.2670337	.1100539	0
422.15	0	.6228784	.2670915	.1100301	0
421.15	0	.6228446	.2671489	.1100065	0
420.15	0	.622811	.267206	.109983	0
419.15	0	.6227776	.2672627	.1099597	0
418.15	0	.6227445	.267319	.1099365	0
417.15	0	.6227117	.2673748	.1099135	0
416.15	0	.6226791	.2674303	.1098906	0
415.15	0	.6226467	.2674854	.1098678	0
414.15	0	.6226146	.2675402	.1098452	0
413.15	0	.6225828	.2675945	.1098228	0
412.15	0	.6225512	.2676484	.1098005	0
411.15	0	.6225198	.2677019	.1097783	0
410.15	0	.6224887	.267755	.1097562	0
409.15	0	.6224579	.2678078	.1097344	0
408.15	0	.6224272	.2678601	.1097126	0
407.15	0	.6223969	.2679121	.109691	0
406.15	0	.6223668	.2679636	.1096696	0
405.15	0	.6223369	.2680148	.1096483	0
404.15	0	.6223073	.2680656	.1096272	0
403.15	0	.6222779	.268116	.1096062	0
402.15	0	.6222487	.2681659	.1095853	0
401.15	0	.6222198	.2682156	.1095646	0
400.15	0	.6221912	.2682648	.1095441	0
399.15	0	.6221627	.2683136	.1095236	0
398.15	0	.6221345	.2683621	.1095034	0
397.15	0	.6221066	.2684102	.1094833	0
396.15	0	.6220789	.2684578	.1094633	0
395.15	0	.6220514	.2685052	.1094435	0
394.15	0	.6220241	.2685521	.1094238	0
393.15	0	.6219971	.2685987	.1094043	0
392.15	0	.6219703	.2686448	.1093849	0
391.15	0	.6219437	.2686906	.1093656	0
390.15	0	.6219174	.2687361	.1093466	0
389.15	0	.6218913	.2687811	.1093276	0
388.15	0	.6218654	.2688258	.1093088	0
387.15	0	.6218397	.2688702	.1092902	0
386.15	0	.6218142	.2689141	.1092716	0
385.15	0	.621789	.2689577	.1092533	0
384.15	0	.621764	.269001	.1092351	0
383.15	0	.6217392	.2690439	.109217	0
382.15	0	.6217146	.2690864	.109199	0
381.15	0	.6216902	.2691285	.1091813	0
380.15	0	.621666	.2691704	.1091636	0
379.15	0	.6216421	.2692118	.1091461	0
378.15	0	.6216183	.269253	.1091287	0
377.15	0	.6215948	.2692937	.1091115	0
376.15	0	.6215714	.2693342	.1090944	0
375.15	0	.6215483	.2693743	.1090775	0
374.15	0	.6215253	.269414	.1090607	0
373.15	0	.6215026	.2694534	.109044	0
372.15	0	.62148	.2694925	.1090275	0
371.15	0	.6214576	.2695313	.1090111	0
370.15	0	.6214355	.2695697	.1089949	0
369.15	0	.6214135	.2696078	.1089788	0
368.15	0	.6213917	.2696455	.1089628	0
367.15	0	.6213701	.269683	.108947	0
366.15	0	.6213486	.2697201	.1089312	0
365.15	0	.6213274	.2697569	.1089157	0
364.15	0	.6213063	.2697934	.1089003	0
363.15	0	.6212854	.2698296	.108885	0
362.15	0	.6212647	.2698655	.1088698	0
361.15	0	.6212442	.269901	.1088548	0
360.15	0	.6212238	.2699363	.1088399	0
359.15	0	.6212036	.2699712	.1088251	0
358.15	0	.6211836	.2700059	.1088105	0
357.15	0	.6211637	.2700403	.108796	0
356.15	0	.621144	.2700743	.1087816	0
355.15	0	.6211245	.2701081	.1087674	0
354.15	0	.6211051	.2701416	.1087533	0
353.15	0	.6210859	.2701748	.1087393	0
352.15	0	.6210669	.2702077	.1087255	0
351.15	0	.621048	.2702403	.1087117	0
350.15	0	.6210292	.2702727	.1086982	0
349.15	0	.6210106	.2703047	.1086847	0
348.15	0	.6209922	.2703365	.1086713	0
347.15	0	.6209739	.270368	.1086581	0
346.15	0	.6209557	.2703993	.108645	0
345.15	0	.6209377	.2704302	.1086321	0
344.15	0	.6209198	.270461	.1086192	0
343.15	0	.6209021	.2704914	.1086065	0
342.15	0	.6208845	.2705216	.1085939	0
341.15	0	.620867	.2705515	.1085814	0
340.15	0	.6208497	.2705812	.1085691	0
339.15	0	.6208325	.2706106	.1085569	0
338.15	0	.6208155	.2706398	.1085448	0
337.15	0	.6207985	.2706687	.1085328	0
336.15	0	.6207817	.2706974	.1085209	0
335.15	0	.6207651	.2707258	.1085092	0
334.15	0	.6207485	.270754	.1084975	0
333.15	0	.6207321	.2707819	.108486	0
332.15	0	.6207158	.2708096	.1084746	0
331.15	0	.6206996	.2708371	.1084634	0
330.15	0	.6206835	.2708643	.1084522	0
329.15	0	.6206676	.2708913	.1084412	0
328.15	0	.6206517	.2709181	.1084302	0
327.15	0	.620636	.2709446	.1084194	0
326.15	0	.6206204	.2709709	.1084087	0
325.2653	0	.6206066	.270994	.1083994	0
325.2653	0	.6206066	.270994	.1083994	0
325.2653	0	.6206066	.270994	.1083994	0
325.15	0	.6206315	.2709341	.1083683	6.615523E-05
324.15	0	.6208468	.2704149	.1080987	6.395201E-04
323.15	0	.621062	.269896	.1078296	.001212383
322.15	0	.6212771	.2693773	.1075609	.001784747
321.15	0	.621492	.2688588	.1072926	.002356614
320.15	0	.6217067	.2683406	.1070247	.002927988
319.15	0	.6219214	.2678226	.1067572	.00349887
318.15	0	.6221359	.2673048	.1064901	.004069264
317.15	0	.6223502	.2667873	.1062234	.004639172
316.15	0	.6225645	.2662699	.105957	.005208595
315.15	0	.6227786	.2657528	.1056911	.005777538
314.15	0	.6229925	.2652359	.1054255	.006346001
