T	 BPW(LIQUID)	BPW(BCC_A2)	BPW(FCC_A1)	BPW(LAVES_PHASE_C14)	BPW(NI3TI)
1473.15	.4409892	.5590108	0	0	0
1472.15	.4375861	.5624139	0	0	0
1471.15	.434206	.565794	0	0	0
1470.15	.4308488	.5691512	0	0	0
1469.15	.4275143	.5724858	0	0	0
1468.15	.4242022	.5757978	0	0	0
1467.15	.4209126	.5790874	0	0	0
1466.15	.4176451	.5823549	0	0	0
1465.15	.4143997	.5856003	0	0	0
1464.15	.4111762	.5888238	0	0	0
1463.15	.4079744	.5920256	0	0	0
1462.15	.4047941	.5952059	0	0	0
1461.15	.4016353	.5983647	0	0	0
1460.15	.3984977	.6015023	0	0	0
1459.15	.3953812	.6046188	0	0	0
1458.15	.3922857	.6077143	0	0	0
1457.15	.389211	.610789	0	0	0
1456.15	.3861569	.6138431	0	0	0
1455.15	.3831233	.6168767	0	0	0
1454.15	.38011	.61989	0	0	0
1453.15	.3771169	.6228831	0	0	0
1452.15	.3741439	.6258561	0	0	0
1451.15	.3711908	.6288092	0	0	0
1450.15	.3682575	.6317425	0	0	0
1449.15	.3653438	.6346562	0	0	0
1448.15	.3624495	.6375505	0	0	0
1447.15	.3595746	.6404254	0	0	0
1446.15	.3567189	.6432811	0	0	0
1445.15	.3538823	.6461177	0	0	0
1444.15	.3510646	.6489354	0	0	0
1443.15	.3482656	.6517344	0	0	0
1442.15	.3454854	.6545146	0	0	0
1441.15	.3427236	.6572764	0	0	0
1440.15	.3399802	.6600198	0	0	0
1439.15	.337255	.662745	0	0	0
1438.15	.334548	.665452	0	0	0
1437.15	.331859	.668141	0	0	0
1436.15	.3291878	.6708122	0	0	0
1435.15	.3265343	.6734657	0	0	0
1434.15	.3238984	.6761016	0	0	0
1433.15	.32128	.67872	0	0	0
1432.15	.318679	.681321	0	0	0
1431.15	.3160951	.6839049	0	0	0
1430.15	.3135284	.6864716	0	0	0
1429.15	.3109786	.6890214	0	0	0
1428.15	.3084457	.6915543	0	0	0
1427.15	.3059295	.6940705	0	0	0
1426.15	.3034299	.6965701	0	0	0
1425.15	.3009468	.6990532	0	0	0
1424.15	.2984801	.7015199	0	0	0
1423.15	.2960296	.7039704	0	0	0
1422.15	.2935952	.7064048	0	0	0
1421.15	.2911769	.7088231	0	0	0
1420.15	.2887744	.7112256	0	0	0
1419.15	.2863878	.7136122	0	0	0
1418.15	.2840168	.7159832	0	0	0
1417.15	.2816613	.7183387	0	0	0
1416.15	.2793213	.7206787	0	0	0
1415.15	.2769967	.7230033	0	0	0
1414.15	.2746872	.7253128	0	0	0
1413.15	.2723929	.7276071	0	0	0
1412.15	.2701136	.7298864	0	0	0
1411.15	.2678492	.7321508	0	0	0
1410.15	.2655995	.7344005	0	0	0
1409.15	.2633646	.7366354	0	0	0
1408.15	.2611442	.7388558	0	0	0
1407.15	.2589383	.7410617	0	0	0
1406.15	.2567468	.7432532	0	0	0
1405.15	.2545695	.7454305	0	0	0
1404.15	.2524064	.7475936	0	0	0
1403.15	.2502573	.7497427	0	0	0
1402.15	.2481222	.7518778	0	0	0
1401.15	.246001	.753999	0	0	0
1400.972	.2456255	.7543745	0	0	0
1400.972	.2456255	.7543745	0	0	0
1400.972	.2456255	.7543745	0	0	0
1400.15	.2429912	.7559484	0	.001060314	0
1399.15	.2398196	.7578399	0	.002340498	0
1398.15	.2366824	.7597069	0	.003610678	0
1397.15	.2335791	.7615499	0	.004871028	0
1396.15	.230509	.7633693	0	.006121717	0
1395.15	.2274716	.7651655	0	.007362909	0
1394.15	.2244664	.7669389	0	.008594766	0
1393.15	.2214927	.7686898	0	.009817446	0
1392.15	.2185502	.7704187	0	.0110311	0
1391.15	.2156382	.7721259	0	.01223589	0
1390.15	.2127563	.7738118	0	.01343195	0
1389.15	.2099039	.7754766	0	.01461943	0
1388.15	.2070807	.7771209	0	.01579847	0
1387.15	.204286	.7787448	0	.01696922	0
1386.15	.2015195	.7803487	0	.01813179	0
1385.15	.1987806	.781933	0	.01928634	0
1384.15	.196069	.783498	0	.02043298	0
1383.15	.1933842	.7850439	0	.02157185	0
1382.15	.1907258	.7865711	0	.02270306	0
1381.15	.1880934	.7880799	0	.02382674	0
1380.15	.1854865	.7895705	0	.02494301	0
1379.15	.1829047	.7910433	0	.02605199	0
1378.15	.1803477	.7924986	0	.02715378	0
1377.15	.177815	.7939365	0	.02824851	0
1376.15	.1753064	.7953574	0	.02933627	0
1375.15	.1728213	.7967615	0	.03041718	0
1374.15	.1703595	.7981491	0	.03149135	0
1373.15	.1679206	.7995205	0	.03255887	0
1372.15	.1655043	.8008759	0	.03361985	0
1371.15	.1631102	.8022155	0	.03467438	0
1370.15	.1607379	.8035396	0	.03572256	0
1369.15	.1583871	.8048484	0	.03676449	0
1368.15	.1560576	.8061421	0	.03780026	0
1367.15	.153749	.8074211	0	.03882996	0
1366.15	.1514609	.8086854	0	.03985367	0
1365.15	.1491932	.8099353	0	.0408715	0
1364.15	.1469454	.8111711	0	.04188352	0
1363.15	.1447173	.8123929	0	.04288982	0
1362.15	.1425086	.8136009	0	.04389048	0
1361.15	.140319	.8147954	0	.04488558	0
1360.15	.1381483	.8159765	0	.04587521	0
1359.15	.1359961	.8171445	0	.04685943	0
1358.15	.1338622	.8182995	0	.04783833	0
1357.15	.1317463	.8194417	0	.04881198	0
1356.15	.1296482	.8205713	0	.04978045	0
1355.15	.1275677	.8216885	0	.05074382	0
1354.15	.1255044	.8227935	0	.05170216	0
1353.15	.1234581	.8238863	0	.05265554	0
1352.15	.1214286	.8249673	0	.05360402	0
1351.15	.1194157	.8260366	0	.05454767	0
1350.15	.1174191	.8270943	0	.05548657	0
1349.15	.1154386	.8281406	0	.05642076	0
1348.15	.1134739	.8291757	0	.05735033	0
1347.15	.1115249	.8301997	0	.05827532	0
1346.15	.1095914	.8312128	0	.0591958	0
1345.15	.107673	.8322152	0	.06011184	0
1344.15	.1057697	.8332069	0	.06102348	0
1343.15	.1038811	.8341881	0	.06193079	0
1342.15	.1020072	.835159	0	.06283383	0
1341.15	.1001477	.8361197	0	.06373264	0
1340.15	.09830237	.8370703	0	.0646273	0
1339.15	.09647108	.8380111	0	.06551784	0
1338.15	.09465362	.8389421	0	.06640432	0
1337.15	.0928498	.8398634	0	.0672868	0
1336.15	.09105945	.8407752	0	.06816532	0
1335.15	.08928238	.8416777	0	.06903994	0
1334.15	.08751843	.8425709	0	.06991071	0
1333.15	.08576741	.8434549	0	.07077767	0
1332.15	.08402916	.84433	0	.07164087	0
1331.15	.0823035	.8451961	0	.07250036	0
1330.15	.08059028	.8460535	0	.07335619	0
1329.15	.07888933	.8469023	0	.0742084	0
1328.15	.0772005	.8477425	0	.07505704	0
1327.15	.07552362	.8485742	0	.07590214	0
1326.15	.07385854	.8493977	0	.07674376	0
1325.15	.0722051	.850213	0	.07758193	0
1324.15	.07056317	.8510201	0	.0784167	0
1323.15	.06893259	.8518193	0	.07924811	0
1322.15	.06731321	.8526106	0	.0800762	0
1321.15	.0657049	.8533941	0	.080901	0
1320.15	.06410752	.8541699	0	.08172256	0
1319.15	.06252092	.8549382	0	.08254092	0
1318.15	.06094497	.8556989	0	.08335612	0
1317.15	.05937953	.8564523	0	.08416818	0
1316.15	.05782448	.8571984	0	.08497716	0
1315.15	.05627968	.8579372	0	.08578308	0
1314.15	.05474501	.858669	0	.08658597	0
1313.15	.05322033	.8593938	0	.08738589	0
1312.15	.05170554	.8601116	0	.08818285	0
1311.15	.05020049	.8608226	0	.08897689	0
1310.15	.04870508	.8615269	0	.08976805	0
1309.15	.04721919	.8622245	0	.09055636	0
1308.15	.04574269	.8629155	0	.09134186	0
1307.15	.04427547	.8636	0	.09212457	0
1306.15	.04281742	.8642781	0	.09290452	0
1305.15	.04136843	.8649498	0	.09368175	0
1304.15	.03992839	.8656153	0	.09445628	0
1303.15	.03849718	.8662747	0	.09522815	0
1302.15	.03707471	.8669279	0	.09599739	0
1301.15	.03566086	.8675751	0	.09676402	0
1300.15	.03425554	.8682164	0	.09752808	0
1299.15	.03285536	.8688546	0	.09829004	0
1298.15	.03146678	.8694842	0	.09904903	0
1297.15	.03008642	.8701081	0	.09980552	0
1296.15	.02871419	.8707263	0	.1005596	0
1295.15	.02734997	.8713389	0	.1013111	0
1294.15	.02599369	.871946	0	.1020603	0
1293.15	.02464524	.8725477	0	.1028071	0
1292.15	.02330454	.8731439	0	.1035515	0
1291.15	.02197148	.8737349	0	.1042936	0
1290.15	.02064599	.8743206	0	.1050334	0
1289.15	.01932797	.8749012	0	.1057709	0
1288.15	.01801733	.8754766	0	.1065061	0
1287.15	.01671399	.8760469	0	.1072391	0
1286.15	.01541786	.8766123	0	.1079699	0
1285.15	.01412886	.8771727	0	.1086985	0
1284.15	.01284691	.8777282	0	.1094249	0
1283.15	.01157191	.878279	0	.1101491	0
1282.15	.0103038	.8788249	0	.1108713	0
1281.15	.009042494	.8793662	0	.1115913	0
1280.197	.007846733	.8798777	0	.1122755	0
1280.197	.007846733	.8798777	0	.1122755	0
1280.197	.007846733	.8798777	0	.1122755	0
1280.15	.007484904	.8797694	4.117737E-04	.1123339	0
1279.177	0	.8775562	.008907729	.113536	0
1279.177	0	.8775562	.008907729	.113536	0
1279.15	0	.8775164	.008932983	.1135506	0
1278.15	0	.8760639	.00985404	.1140821	0
1277.15	0	.8746154	.01077244	.1146121	0
1276.15	0	.8731711	.01168818	.1151408	0
1275.15	0	.8717308	.01260127	.115668	0
1274.15	0	.8702945	.01351172	.1161938	0
1273.15	0	.8688623	.01441953	.1167182	0
1272.15	0	.8674341	.01532471	.1172412	0
1271.15	0	.8660099	.01622727	.1177628	0
1270.15	0	.8645898	.01712721	.118283	0
1269.15	0	.8631736	.01802454	.1188019	0
1268.15	0	.8617614	.01891926	.1193193	0
1267.15	0	.8603532	.01981138	.1198354	0
1266.15	0	.8589489	.02070091	.1203502	0
1265.15	0	.8575486	.02158784	.1208635	0
1264.15	0	.8561523	.0224722	.1213755	0
1263.15	0	.8547598	.02335398	.1218862	0
1262.15	0	.8533713	.02423318	.1223955	0
1261.15	0	.8519867	.02510982	.1229035	0
1260.15	0	.850606	.0259839	.1234101	0
1259.15	0	.8492292	.02685543	.1239154	0
1258.15	0	.8478562	.02772441	.1244194	0
1257.15	0	.8464871	.02859084	.1249221	0
1256.15	0	.8451219	.02945473	.1254234	0
1255.15	0	.8437605	.0303161	.1259234	0
1254.15	0	.8424029	.03117493	.1264222	0
1253.15	0	.8410492	.03203124	.1269196	0
1252.15	0	.8396993	.03288504	.1274157	0
1251.15	0	.8383531	.03373633	.1279105	0
1250.15	0	.8370108	.03458511	.1284041	0
1249.15	0	.8356723	.03543139	.1288963	0
1248.15	0	.8343375	.03627517	.1293873	0
1247.15	0	.8330065	.03711646	.1298771	0
1246.15	0	.8316792	.03795527	.1303655	0
1245.15	0	.8303557	.0387916	.1308527	0
1244.15	0	.829036	.03962545	.1313386	0
1243.15	0	.8277199	.04045683	.1318233	0
1242.15	0	.8264076	.04128574	.1323067	0
1241.15	0	.825099	.0421122	.1327888	0
1240.15	0	.8237941	.0429362	.1332698	0
1239.15	0	.8224928	.04375775	.1337494	0
1238.15	0	.8211953	.04457685	.1342279	0
1237.15	0	.8199014	.04539352	.1347051	0
1236.15	0	.8186111	.04620774	.1351811	0
1235.15	0	.8173246	.04701954	.1356559	0
1234.15	0	.8160416	.0478289	.1361295	0
1233.15	0	.8147623	.04863585	.1366018	0
1232.15	0	.8134866	.04944038	.137073	0
1231.15	0	.8122146	.05024249	.1375429	0
1230.15	0	.8109461	.0510422	.1380117	0
1229.15	0	.8096813	.0518395	.1384792	0
1228.15	0	.80842	.0526344	.1389456	0
1227.15	0	.8071623	.05342691	.1394108	0
1226.15	0	.8059082	.05421702	.1398748	0
1225.15	0	.8046576	.05500475	.1403376	0
1224.15	0	.8034106	.0557901	.1407993	0
1223.15	0	.8021672	.05657307	.1412597	0
1222.15	0	.8009273	.05735367	.1417191	0
1221.15	0	.7996909	.0581319	.1421772	0
1220.15	0	.798458	.05890776	.1426342	0
1219.15	0	.7972287	.05968126	.14309	0
1218.15	0	.7960029	.06045241	.1435447	0
1217.15	0	.7947805	.0612212	.1439983	0
1216.15	0	.7935617	.06198765	.1444507	0
1215.15	0	.7923463	.06275175	.144902	0
1214.15	0	.7911344	.06351351	.1453521	0
1213.15	0	.789926	.06427293	.1458011	0
1212.15	0	.788721	.06503002	.146249	0
1211.15	0	.7875195	.06578478	.1466958	0
1210.15	0	.7863214	.06653722	.1471414	0
1209.15	0	.7851267	.06728734	.1475859	0
1208.15	0	.7839355	.06803514	.1480294	0
1207.15	0	.7827477	.06878063	.1484717	0
1206.15	0	.7815633	.06952381	.1489129	0
1205.15	0	.7803823	.07026468	.149353	0
1204.15	0	.7792047	.07100325	.149792	0
1203.15	0	.7780305	.07173953	.1502299	0
1202.15	0	.7768597	.0724735	.1506668	0
1201.15	0	.7756923	.07320519	.1511025	0
1200.15	0	.7745282	.07393459	.1515372	0
1199.15	0	.7733675	.07466171	.1519708	0
1198.15	0	.7722102	.07538655	.1524033	0
1197.15	0	.7710562	.07610911	.1528347	0
1196.15	0	.7699055	.07682939	.1532651	0
1195.15	0	.7687582	.07754741	.1536944	0
1194.15	0	.7676142	.07826316	.1541227	0
1193.15	0	.7664735	.07897665	.1545499	0
1192.15	0	.7653361	.07968788	.154976	0
1191.15	0	.764202	.08039685	.1554011	0
1190.15	0	.7630713	.08110357	.1558252	0
1189.15	0	.7619438	.08180804	.1562482	0
1188.15	0	.7608196	.08251027	.1566701	0
1187.15	0	.7596987	.08321025	.1570911	0
1186.15	0	.7585811	.08390799	.157511	0
1185.15	0	.7574667	.0846035	.1579298	0
1184.15	0	.7563556	.08529677	.1583477	0
1183.15	0	.7552477	.08598781	.1587645	0
1182.15	0	.7541431	.08667662	.1591803	0
1181.15	0	.7530417	.08736321	.1595951	0
1180.15	0	.7519436	.08804757	.1600088	0
1179.15	0	.7508487	.08872972	.1604216	0
1178.15	0	.749757	.08940966	.1608333	0
1177.15	0	.7486686	.09008738	.1612441	0
1176.15	0	.7475833	.09076289	.1616538	0
1175.15	0	.7465013	.09143619	.1620626	0
1174.15	0	.7454224	.09210729	.1624703	0
1173.15	0	.7443468	.0927762	.1628771	0
1172.15	0	.7432743	.0934429	.1632828	0
1171.15	0	.742205	.0941074	.1636876	0
1170.15	0	.7411389	.09476972	.1640914	0
1169.15	0	.7400759	.09542984	.1644942	0
1168.15	0	.7390161	.09608778	.1648961	0
1167.15	0	.7379595	.09674354	.1652969	0
1166.15	0	.736906	.09739711	.1656968	0
1165.15	0	.7358557	.0980485	.1660958	0
1164.15	0	.7348085	.09869772	.1664937	0
1163.15	0	.7337645	.09934476	.1668907	0
1162.15	0	.7327236	.09998963	.1672868	0
1161.15	0	.7316858	.1006323	.1676819	0
1160.15	0	.7306511	.1012729	.168076	0
1159.15	0	.7296196	.1019112	.1684692	0
1158.15	0	.7285911	.1025475	.1688614	0
1157.15	0	.7275658	.1031815	.1692527	0
1156.15	0	.7265435	.1038134	.1696431	0
1155.15	0	.7255244	.1044431	.1700325	0
1154.15	0	.7245083	.1050708	.170421	0
1153.15	0	.7234953	.1056962	.1708085	0
1152.15	0	.7224854	.1063195	.1711951	0
1151.15	0	.7214786	.1069406	.1715808	0
1150.15	0	.7204748	.1075597	.1719655	0
1149.15	0	.7194741	.1081765	.1723493	0
1148.15	0	.7184765	.1087913	.1727322	0
1147.15	0	.7174819	.1094038	.1731142	0
1146.15	0	.7164904	.1100143	.1734953	0
1145.15	0	.7155019	.1106226	.1738755	0
1144.15	0	.7145165	.1112289	.1742547	0
1143.15	0	.7135341	.1118329	.174633	0
1142.15	0	.7125547	.1124349	.1750105	0
1141.15	0	.7115783	.1130347	.175387	0
1140.15	0	.710605	.1136324	.1757626	0
1139.15	0	.7096347	.114228	.1761373	0
1138.15	0	.7086674	.1148215	.1765112	0
1137.15	0	.7077031	.1154128	.1768841	0
1136.15	0	.7067418	.1160021	.1772561	0
1135.15	0	.7057835	.1165892	.1776273	0
1134.15	0	.7048282	.1171742	.1779976	0
1133.15	0	.7038759	.1177572	.178367	0
1132.15	0	.7029266	.118338	.1787355	0
1131.15	0	.7019802	.1189167	.1791031	0
1130.15	0	.7010369	.1194933	.1794698	0
1129.15	0	.7000965	.1200678	.1798357	0
1128.15	0	.6991591	.1206403	.1802007	0
1127.15	0	.6982246	.1212106	.1805648	0
1126.15	0	.6972931	.1217788	.1809281	0
1125.15	0	.6963646	.1223449	.1812905	0
1124.15	0	.695439	.122909	.181652	0
1123.15	0	.6945164	.1234709	.1820127	0
1122.15	0	.6935967	.1240308	.1823725	0
1121.15	0	.6926799	.1245886	.1827315	0
1120.15	0	.6917661	.1251443	.1830896	0
1119.15	0	.6908553	.1256979	.1834468	0
1118.15	0	.6899473	.1262495	.1838032	0
1117.15	0	.6890423	.126799	.1841587	0
1116.15	0	.6881402	.1273463	.1845134	0
1115.15	0	.6872411	.1278916	.1848673	0
1114.15	0	.6863448	.1284349	.1852203	0
1113.15	0	.6854515	.1289761	.1855725	0
1112.15	0	.684561	.1295152	.1859238	0
1111.15	0	.6836735	.1300522	.1862743	0
1110.15	0	.6827889	.1305872	.186624	0
1109.15	0	.6819072	.1311201	.1869728	0
1108.15	0	.6810283	.1316509	.1873208	0
1107.15	0	.6801524	.1321797	.1876679	0
1106.15	0	.6792793	.1327064	.1880143	0
1105.15	0	.6784092	.133231	.1883598	0
1104.15	0	.6775419	.1337536	.1887045	0
1103.15	0	.6766775	.1342742	.1890484	0
1102.15	0	.675816	.1347926	.1893914	0
1101.15	0	.6749573	.1353091	.1897336	0
1100.15	0	.6741015	.1358234	.190075	0
1099.15	0	.6732486	.1363358	.1904156	0
1098.15	0	.6723985	.136846	.1907554	0
1097.15	0	.6715513	.1373543	.1910944	0
1096.15	0	.670707	.1378604	.1914326	0
1095.15	0	.6698655	.1383646	.1917699	0
1094.15	0	.6690269	.1388667	.1921065	0
1093.15	0	.6681911	.1393667	.1924422	0
1092.15	0	.6673581	.1398647	.1927772	0
1091.15	0	.666528	.1403607	.1931113	0
1090.15	0	.6657008	.1408546	.1934446	0
1089.15	0	.6648763	.1413465	.1937772	0
1088.15	0	.6640547	.1418363	.1941089	0
1087.15	0	.663236	.1423242	.1944399	0
1086.15	0	.66242	.1428099	.19477	0
1085.15	0	.6616069	.1432937	.1950994	0
1084.15	0	.6607966	.1437754	.195428	0
1083.15	0	.6599892	.1442551	.1957558	0
1082.15	0	.6591845	.1447327	.1960828	0
1081.15	0	.6583827	.1452084	.196409	0
1080.15	0	.6575836	.145682	.1967344	0
1079.15	0	.6567874	.1461535	.1970591	0
1078.15	0	.655994	.1466231	.1973829	0
1077.15	0	.6552034	.1470906	.197706	0
1076.15	0	.6544156	.1475561	.1980283	0
1075.15	0	.6536306	.1480196	.1983498	0
1074.15	0	.6528484	.1484811	.1986706	0
1073.15	0	.652069	.1489405	.1989905	0
1072.15	0	.6512923	.149398	.1993097	0
1071.15	0	.6505185	.1498534	.1996281	0
1070.15	0	.6497475	.1503068	.1999458	0
1069.15	0	.6489792	.1507582	.2002627	0
1068.15	0	.6482137	.1512075	.2005788	0
1067.15	0	.647451	.1516549	.2008941	0
1066.15	0	.6466911	.1521002	.2012087	0
1065.15	0	.6459339	.1525436	.2015225	0
1064.15	0	.6451795	.1529849	.2018355	0
1063.15	0	.6444279	.1534243	.2021478	0
1062.15	0	.6436791	.1538616	.2024593	0
1061.15	0	.642933	.1542969	.2027701	0
1060.15	0	.6421897	.1547302	.2030801	0
1059.15	0	.6414492	.1551616	.2033893	0
1058.15	0	.6407114	.1555909	.2036978	0
1057.15	0	.6399763	.1560182	.2040055	0
1056.15	0	.639244	.1564435	.2043124	0
1055.15	0	.6385145	.1568669	.2046186	0
1054.15	0	.6377877	.1572882	.2049241	0
1053.15	0	.6370637	.1577075	.2052288	0
1052.15	0	.6363424	.1581249	.2055327	0
1051.15	0	.6356239	.1585402	.2058359	0
1050.15	0	.6349081	.1589536	.2061383	0
1049.15	0	.634195	.159365	.20644	0
1048.15	0	.6334847	.1597744	.2067409	0
1047.15	0	.6327771	.1601818	.2070411	0
1046.15	0	.6320723	.1605872	.2073405	0
1045.15	0	.6313702	.1609906	.2076392	0
1044.15	0	.6306708	.1613921	.2079371	0
1043.15	0	.6299741	.1617916	.2082343	0
1042.15	0	.6292802	.1621891	.2085307	0
1041.15	0	.628589	.1625846	.2088264	0
1040.15	0	.6279005	.1629782	.2091213	0
1039.15	0	.6272147	.1633698	.2094156	0
1038.15	0	.6265316	.1637594	.209709	0
1037.15	0	.6258513	.164147	.2100017	0
1036.15	0	.6251737	.1645327	.2102937	0
1035.15	0	.6244987	.1649164	.2105849	0
1034.15	0	.6238265	.1652981	.2108754	0
1033.15	0	.623157	.1656779	.2111651	0
1032.15	0	.6224902	.1660557	.2114541	0
1031.15	0	.6218261	.1664315	.2117423	0
1030.15	0	.6211647	.1668054	.2120298	0
1029.15	0	.620506	.1671774	.2123166	0
1028.15	0	.61985	.1675474	.2126026	0
1027.15	0	.6191967	.1679154	.2128879	0
1026.15	0	.6185461	.1682815	.2131724	0
1025.15	0	.6178981	.1686456	.2134563	0
1024.15	0	.6172529	.1690078	.2137393	0
1023.15	0	.6166103	.169368	.2140216	0
1022.15	0	.6159705	.1697264	.2143032	0
1021.15	0	.6153333	.1700827	.214584	0
1020.15	0	.6146987	.1704371	.2148641	0
1019.15	0	.6140669	.1707896	.2151435	0
1018.15	0	.6134377	.1711402	.2154221	0
1017.15	0	.6128112	.1714888	.2157	0
1016.15	0	.6121874	.1718355	.2159771	0
1015.15	0	.6115662	.1721803	.2162535	0
1014.15	0	.6109477	.1725231	.2165292	0
1013.15	0	.6103318	.1728641	.2168041	0
1012.15	0	.6097187	.1732031	.2170783	0
1011.15	0	.6091081	.1735402	.2173517	0
1010.15	0	.6085003	.1738754	.2176244	0
1009.15	0	.607895	.1742087	.2178963	0
1008.15	0	.6072925	.17454	.2181675	0
1007.15	0	.6066925	.1748695	.218438	0
1006.15	0	.6060952	.1751971	.2187077	0
1005.15	0	.6055006	.1755227	.2189767	0
1004.15	0	.6049086	.1758465	.2192449	0
1003.15	0	.6043192	.1761684	.2195124	0
1002.15	0	.6037324	.1764884	.2197792	0
1001.15	0	.6031483	.1768065	.2200451	0
1000.15	0	.6025668	.1771228	.2203104	0
999.15	0	.601988	.1774371	.2205749	0
998.15	0	.6014117	.1777496	.2208387	0
997.15	0	.6008381	.1780603	.2211017	0
996.15	0	.6002671	.178369	.2213639	0
995.15	0	.5996987	.1786759	.2216254	0
994.15	0	.5991329	.178981	.2218862	0
993.15	0	.5985696	.1792842	.2221462	0
992.15	0	.5980091	.1795855	.2224055	0
991.15	0	.597451	.179885	.222664	0
990.15	0	.5968956	.1801827	.2229217	0
989.15	0	.5963428	.1804785	.2231787	0
988.15	0	.5957926	.1807725	.2234349	0
987.15	0	.5952449	.1810647	.2236904	0
986.15	0	.5946999	.181355	.2239451	0
985.15	0	.5941574	.1816436	.2241991	0
984.15	0	.5936174	.1819303	.2244523	0
983.15	0	.59308	.1822152	.2247047	0
982.15	0	.5925452	.1824984	.2249564	0
981.15	0	.592013	.1827797	.2252073	0
980.15	0	.5914833	.1830592	.2254575	0
979.15	0	.5909561	.183337	.2257069	0
978.15	0	.5904315	.183613	.2259555	0
977.15	0	.5899095	.1838872	.2262033	0
976.15	0	.5893899	.1841597	.2264504	0
975.15	0	.5888729	.1844304	.2266967	0
974.15	0	.5883584	.1846994	.2269422	0
973.15	0	.5878465	.1849666	.2271869	0
972.15	0	.587337	.1852321	.2274309	0
971.15	0	.5868301	.1854958	.2276741	0
970.15	0	.5863256	.1857579	.2279165	0
969.15	0	.5858237	.1860182	.2281581	0
968.15	0	.5853242	.1862768	.228399	0
967.15	0	.5848273	.1865337	.228639	0
966.15	0	.5843328	.186789	.2288783	0
965.15	0	.5838407	.1870425	.2291168	0
964.15	0	.5833512	.1872944	.2293544	0
963.15	0	.5828641	.1875446	.2295913	0
962.15	0	.5823795	.1877932	.2298274	0
961.15	0	.5818973	.1880401	.2300627	0
960.15	0	.5814175	.1882853	.2302972	0
959.15	0	.5809402	.188529	.2305308	0
958.15	0	.5804653	.188771	.2307637	0
957.15	0	.5799928	.1890114	.2309957	0
956.15	0	.5795227	.1892503	.231227	0
955.15	0	.5790551	.1894875	.2314574	0
954.15	0	.5785898	.1897232	.231687	0
953.15	0	.5781269	.1899573	.2319158	0
952.15	0	.5776664	.1901898	.2321438	0
951.15	0	.5772083	.1904208	.232371	0
950.15	0	.5767525	.1906503	.2325973	0
949.15	0	.5762991	.1908782	.2328228	0
948.15	0	.575848	.1911046	.2330474	0
947.15	0	.5753992	.1913296	.2332712	0
946.15	0	.5749528	.191553	.2334942	0
945.15	0	.5745087	.191775	.2337163	0
944.15	0	.5740668	.1919956	.2339376	0
943.15	0	.5736273	.1922146	.234158	0
942.15	0	.5731901	.1924323	.2343776	0
941.15	0	.5727551	.1926486	.2345963	0
940.15	0	.5723224	.1928634	.2348142	0
939.15	0	.571892	.1930769	.2350312	0
938.15	0	.5714637	.193289	.2352473	0
937.15	0	.5710377	.1934997	.2354626	0
936.15	0	.570614	.1937091	.235677	0
935.15	0	.5701924	.1939172	.2358905	0
934.15	0	.569773	.1941239	.2361031	0
933.15	0	.5693558	.1943294	.2363148	0
932.15	0	.5689407	.1945336	.2365256	0
931.15	0	.5685278	.1947366	.2367356	0
930.15	0	.5681171	.1949383	.2369446	0
929.15	0	.5677084	.1951388	.2371528	0
928.15	0	.5673019	.1953381	.23736	0
927.15	0	.5668975	.1955362	.2375663	0
926.15	0	.5664951	.1957332	.2377717	0
925.15	0	.5660948	.195929	.2379761	0
924.15	0	.5656966	.1961237	.2381797	0
923.15	0	.5653004	.1963174	.2383823	0
922.15	0	.5649061	.1965099	.238584	0
921.15	0	.564514	.1967014	.2387847	0
920.15	0	.5641237	.1968918	.2389845	0
919.15	0	.5637355	.1970813	.2391833	0
918.15	0	.5633491	.1972697	.2393812	0
917.15	0	.5629648	.1974572	.239578	0
916.15	0	.5625823	.1976437	.239774	0
915.15	0	.5622017	.1978294	.2399689	0
914.15	0	.561823	.1980141	.2401629	0
913.15	0	.5614461	.198198	.2403559	0
912.15	0	.5610711	.1983811	.2405479	0
911.15	0	.5606979	.1985633	.2407389	0
910.15	0	.5603264	.1987447	.2409288	0
909.15	0	.5599567	.1989255	.2411178	0
908.15	0	.5595888	.1991054	.2413058	0
907.15	0	.5592226	.1992847	.2414927	0
906.15	0	.5588581	.1994633	.2416786	0
905.15	0	.5584953	.1996413	.2418634	0
904.15	0	.5581341	.1998187	.2420472	0
903.15	0	.5577745	.1999955	.24223	0
902.15	0	.5574166	.2001718	.2424117	0
901.15	0	.5570602	.2003475	.2425923	0
900.15	0	.5567054	.2005228	.2427718	0
899.15	0	.5563521	.2006977	.2429503	0
898.15	0	.5560003	.2008721	.2431276	0
897.15	0	.5556499	.2010462	.2433039	0
896.15	0	.555301	.2012199	.243479	0
895.15	0	.5549535	.2013934	.2436531	0
894.15	0	.5546074	.2015666	.243826	0
893.15	0	.5542627	.2017396	.2439978	0
892.15	0	.5539192	.2019124	.2441684	0
891.15	0	.5535771	.2020851	.2443379	0
890.15	0	.5532362	.2022577	.2445062	0
889.15	0	.5528965	.2024302	.2446733	0
888.15	0	.552558	.2026027	.2448393	0
887.15	0	.5522207	.2027753	.245004	0
886.15	0	.5518845	.2029479	.2451676	0
885.15	0	.5515494	.2031207	.2453299	0
884.15	0	.5512153	.2032937	.2454911	0
883.15	0	.5508822	.2034669	.245651	0
882.15	0	.5505501	.2036403	.2458096	0
881.15	0	.5502189	.2038141	.245967	0
880.15	0	.5498887	.2039883	.2461231	0
879.15	0	.5495592	.2041628	.2462779	0
878.15	0	.5492306	.2043379	.2464315	0
877.15	0	.5489028	.2045135	.2465837	0
876.15	0	.5485756	.2046897	.2467346	0
875.15	0	.5482492	.2048666	.2468842	0
874.15	0	.5479234	.2050441	.2470325	0
873.15	0	.5475981	.2052225	.2471794	0
872.15	0	.5472734	.2054017	.2473249	0
871.15	0	.5469492	.2055818	.247469	0
870.15	0	.5466255	.2057628	.2476117	0
869.15	0	.5463021	.2059449	.247753	0
868.15	0	.5459791	.206128	.2478929	0
867.15	0	.5456563	.2063124	.2480313	0
866.15	0	.5453338	.2064979	.2481683	0
865.15	0	.5450114	.2066848	.2483038	0
864.15	0	.5446891	.2068731	.2484378	0
863.15	0	.544367	.2070628	.2485702	0
862.15	0	.5440447	.2072541	.2487011	0
861.15	0	.5437225	.207447	.2488305	0
860.15	0	.5434001	.2076416	.2489583	0
859.15	0	.5430774	.2078381	.2490845	0
858.15	0	.5427546	.2080363	.2492091	0
857.15	0	.5424314	.2082366	.249332	0
856.15	0	.5421077	.2084389	.2494533	0
855.15	0	.5417836	.2086434	.2495729	0
854.15	0	.541459	.2088502	.2496908	0
853.15	0	.5411337	.2090593	.249807	0
852.15	0	.5408077	.2092709	.2499214	0
851.15	0	.5404809	.2094851	.2500341	0
850.15	0	.5401532	.2097019	.2501449	0
849.15	0	.5398245	.2099216	.2502539	0
848.15	0	.5394948	.2101441	.250361	0
847.15	0	.5391639	.2103698	.2504663	0
846.15	0	.5388318	.2105986	.2505696	0
845.15	0	.5384984	.2108307	.250671	0
844.15	0	.5381634	.2110662	.2507704	0
843.15	0	.537827	.2113053	.2508677	0
842.15	0	.5374888	.2115482	.250963	0
841.15	0	.5371489	.2117949	.2510562	0
840.15	0	.5368071	.2120457	.2511473	0
839.15	0	.5364632	.2123007	.2512361	0
838.15	0	.5361172	.21256	.2513228	0
837.15	0	.5357689	.2128239	.2514072	0
836.15	0	.5354181	.2130926	.2514893	0
835.15	0	.5350648	.2133662	.251569	0
834.15	0	.5347087	.2136449	.2516463	0
833.15	0	.5343498	.213929	.2517212	0
832.15	0	.5339878	.2142187	.2517935	0
831.15	0	.5336226	.2145142	.2518633	0
830.15	0	.5332539	.2148157	.2519304	0
829.15	0	.5328816	.2151235	.2519948	0
828.15	0	.5325056	.215438	.2520564	0
827.15	0	.5321255	.2157593	.2521152	0
826.15	0	.5317411	.2160878	.2521711	0
825.15	0	.5313523	.2164238	.252224	0
824.15	0	.5309587	.2167676	.2522737	0
823.15	0	.5305601	.2171196	.2523203	0
822.15	0	.5301562	.2174802	.2523636	0
821.15	0	.5297467	.2178497	.2524035	0
820.15	0	.5293313	.2182287	.25244	0
819.15	0	.5289097	.2186176	.2524728	0
818.15	0	.5284814	.2190168	.2525019	0
817.15	0	.528046	.2194269	.2525271	0
816.15	0	.5276033	.2198485	.2525482	0
815.15	0	.5271526	.2202822	.2525652	0
814.15	0	.5266935	.2207287	.2525779	0
813.15	0	.5262254	.2211886	.252586	0
812.15	0	.5257479	.2216628	.2525894	0
811.15	0	.5252601	.2221521	.2525878	0
810.15	0	.5247615	.2226574	.2525811	0
809.15	0	.5242514	.2231798	.2525689	0
808.15	0	.5237287	.2237204	.2525509	0
807.15	0	.5231927	.2242804	.2525269	0
806.15	0	.5226422	.2248612	.2524965	0
805.15	0	.5220763	.2254644	.2524593	0
804.15	0	.5214934	.2260917	.2524149	0
803.15	0	.5208923	.2267449	.2523628	0
802.15	0	.5202712	.2274264	.2523024	0
801.15	0	.5196284	.2281385	.2522331	0
800.15	0	.518745	.2291615	.2520934	0
799.15	0	.5173708	.2308182	.251811	0
798.15	0	.5161117	.2323334	.2515549	0
797.15	0	.5149509	.2337282	.2513209	0
796.15	0	.5138751	.2350192	.2511057	0
795.15	0	.5128737	.2362195	.2509069	0
794.15	0	.511938	.2373397	.2507222	0
793.15	0	.511061	.2383889	.2505501	0
792.15	0	.5102366	.2393744	.250389	0
791.15	0	.5094596	.2403025	.2502379	0
790.15	0	.5087258	.2411786	.2500956	0
789.15	0	.5080313	.2420074	.2499613	0
788.15	0	.5073727	.242793	.2498343	0
787.15	0	.5067497	.243537	.2497133	0
786.15	0	.5061546	.2442465	.2495989	0
785.15	0	.5055878	.2449221	.2494901	0
784.15	0	.5050472	.2455665	.2493863	0
783.15	0	.504531	.2461818	.2492872	0
782.15	0	.5040376	.24677	.2491924	0
781.15	0	.5035654	.247333	.2491016	0
780.15	0	.5031131	.2478723	.2490145	0
779.15	0	.5026795	.2483896	.2489309	0
778.15	0	.5022634	.2488861	.2488505	0
777.15	0	.5018638	.2493632	.248773	0
776.15	0	.5014798	.2498219	.2486984	0
775.15	0	.5011104	.2502633	.2486263	0
774.15	0	.5007549	.2506884	.2485567	0
773.15	0	.5004125	.2510981	.2484894	0
772.15	0	.5000825	.2514933	.2484243	0
771.15	0	.4997642	.2518746	.2483612	0
770.15	0	.4994571	.2522429	.2483	0
769.15	0	.4991606	.2525988	.2482406	0
768.15	0	.4988742	.2529429	.248183	0
767.15	0	.4985973	.2532758	.2481269	0
766.15	0	.4983296	.2535981	.2480723	0
765.15	0	.4980706	.2539102	.2480192	0
764.15	0	.4978198	.2542127	.2479674	0
763.15	0	.497577	.254506	.2479169	0
762.15	0	.4973417	.2547906	.2478677	0
761.15	0	.4971137	.2550668	.2478196	0
760.15	0	.4968925	.255335	.2477725	0
759.15	0	.4966779	.2555956	.2477266	0
758.15	0	.4964696	.2558488	.2476816	0
757.15	0	.4962674	.2560951	.2476375	0
756.15	0	.4960709	.2563348	.2475943	0
755.15	0	.49588	.256568	.247552	0
754.15	0	.4956944	.2567951	.2475105	0
753.15	0	.4955139	.2570164	.2474698	0
752.15	0	.4953383	.257232	.2474298	0
751.15	0	.4951673	.2574422	.2473904	0
750.15	0	.4950009	.2576473	.2473518	0
749.15	0	.4948389	.2578474	.2473138	0
748.15	0	.4946809	.2580427	.2472763	0
747.15	0	.494527	.2582335	.2472395	0
746.15	0	.494377	.2584199	.2472032	0
745.15	0	.4942306	.258602	.2471674	0
744.15	0	.4940878	.2587801	.2471321	0
743.15	0	.4939484	.2589543	.2470973	0
742.15	0	.4938123	.2591247	.2470629	0
741.15	0	.4936794	.2592916	.247029	0
740.15	0	.4935496	.2594549	.2469955	0
739.15	0	.4934227	.2596149	.2469624	0
738.15	0	.4932987	.2597717	.2469296	0
737.15	0	.4931774	.2599254	.2468972	0
736.15	0	.4930588	.2600761	.2468652	0
735.15	0	.4929427	.2602239	.2468334	0
734.15	0	.4928291	.2603689	.246802	0
733.15	0	.4927178	.2605113	.2467709	0
732.15	0	.4926089	.2606511	.2467401	0
731.15	0	.4925021	.2607884	.2467095	0
730.15	0	.4923975	.2609233	.2466792	0
729.15	0	.492295	.2610559	.2466491	0
728.15	0	.4921945	.2611862	.2466193	0
727.15	0	.4920959	.2613144	.2465897	0
726.15	0	.4919991	.2614406	.2465603	0
725.15	0	.4919042	.2615647	.2465311	0
724.15	0	.491811	.2616869	.2465021	0
723.15	0	.4917195	.2618072	.2464733	0
722.15	0	.4916296	.2619258	.2464447	0
721.15	0	.4915413	.2620425	.2464162	0
720.15	0	.4914545	.2621576	.2463879	0
719.15	0	.4913692	.2622711	.2463597	0
718.15	0	.4912853	.262383	.2463317	0
717.15	0	.4912028	.2624934	.2463038	0
716.15	0	.4911216	.2626023	.2462761	0
715.15	0	.4910418	.2627098	.2462485	0
714.15	0	.4909632	.2628159	.246221	0
713.15	0	.4908858	.2629207	.2461936	0
712.15	0	.4908095	.2630242	.2461663	0
711.15	0	.4907345	.2631265	.2461391	0
710.15	0	.4906605	.2632276	.246112	0
709.15	0	.4905876	.2633275	.246085	0
708.15	0	.4905157	.2634263	.246058	0
707.15	0	.4904449	.263524	.2460312	0
706.15	0	.490375	.2636206	.2460044	0
705.15	0	.490306	.2637163	.2459777	0
704.15	0	.490238	.263811	.2459511	0
703.15	0	.4901709	.2639047	.2459245	0
702.15	0	.4901046	.2639975	.245898	0
701.15	0	.4900391	.2640894	.2458715	0
700.15	0	.4899745	.2641804	.2458451	0
699.15	0	.4899107	.2642706	.2458187	0
698.15	0	.4898476	.26436	.2457924	0
697.15	0	.4897853	.2644487	.2457661	0
696.15	0	.4897236	.2645365	.2457398	0
695.15	0	.4896627	.2646237	.2457136	0
694.15	0	.4896025	.2647101	.2456874	0
693.15	0	.4895429	.2647958	.2456613	0
692.15	0	.4894839	.2648809	.2456352	0
691.15	0	.4894256	.2649653	.2456091	0
690.15	0	.4893679	.2650492	.245583	0
689.15	0	.4893107	.2651324	.2455569	0
688.15	0	.4892542	.265215	.2455309	0
687.15	0	.4891981	.265297	.2455048	0
686.15	0	.4891427	.2653785	.2454788	0
685.15	0	.4890877	.2654595	.2454528	0
684.15	0	.4890332	.26554	.2454268	0
683.15	0	.4889793	.2656199	.2454008	0
682.15	0	.4889258	.2656994	.2453748	0
681.15	0	.4888727	.2657784	.2453488	0
680.15	0	.4888202	.265857	.2453228	0
679.15	0	.488768	.2659351	.2452969	0
678.15	0	.4887163	.2660128	.2452709	0
677.15	0	.488665	.2660901	.2452449	0
676.15	0	.4886141	.266167	.2452189	0
675.15	0	.4885636	.2662435	.2451929	0
674.15	0	.4885135	.2663196	.2451669	0
673.15	0	.4884638	.2663953	.2451409	0
672.15	0	.4884144	.2664707	.2451149	0
671.15	0	.4883654	.2665458	.2450888	0
670.15	0	.4883167	.2666205	.2450628	0
669.15	0	.4882683	.2666949	.2450367	0
668.15	0	.4882203	.266769	.2450107	0
667.15	0	.4881726	.2668428	.2449846	0
666.15	0	.4881252	.2669163	.2449585	0
665.15	0	.4880781	.2669896	.2449324	0
664.15	0	.4880312	.2670625	.2449063	0
663.15	0	.4879847	.2671352	.2448801	0
662.15	0	.4879384	.2672076	.2448539	0
661.15	0	.4878925	.2672798	.2448278	0
660.15	0	.4878467	.2673517	.2448016	0
659.15	0	.4878012	.2674234	.2447754	0
658.15	0	.487756	.2674949	.2447491	0
657.15	0	.487711	.2675661	.2447229	0
656.15	0	.4876663	.2676371	.2446966	0
655.15	0	.4876218	.267708	.2446703	0
654.15	0	.4875775	.2677786	.2446439	0
653.15	0	.4875334	.267849	.2446176	0
652.15	0	.4874895	.2679192	.2445912	0
651.15	0	.4874459	.2679893	.2445648	0
650.15	0	.4874024	.2680591	.2445384	0
649.15	0	.4873592	.2681288	.244512	0
648.15	0	.4873161	.2681984	.2444855	0
647.15	0	.4872732	.2682677	.244459	0
646.15	0	.4872305	.2683369	.2444325	0
645.15	0	.487188	.268406	.244406	0
644.15	0	.4871457	.2684749	.2443794	0
643.15	0	.4871035	.2685436	.2443529	0
642.15	0	.4870615	.2686122	.2443262	0
641.15	0	.4870197	.2686807	.2442996	0
640.15	0	.486978	.268749	.244273	0
639.15	0	.4869365	.2688172	.2442463	0
638.15	0	.4868951	.2688853	.2442196	0
637.15	0	.4868539	.2689533	.2441928	0
636.15	0	.4868128	.2690211	.2441661	0
635.15	0	.4867719	.2690888	.2441393	0
634.15	0	.4867311	.2691564	.2441125	0
633.15	0	.4866904	.2692239	.2440856	0
632.15	0	.4866499	.2692913	.2440588	0
631.15	0	.4866095	.2693586	.2440319	0
630.15	0	.4865692	.2694258	.244005	0
629.15	0	.4865291	.2694929	.243978	0
628.15	0	.486489	.2695599	.2439511	0
627.15	0	.4864491	.2696268	.2439241	0
626.15	0	.4864093	.2696936	.2438971	0
625.15	0	.4863696	.2697603	.2438701	0
624.15	0	.4863301	.2698269	.243843	0
623.15	0	.4862906	.2698935	.2438159	0
622.15	0	.4862513	.2699599	.2437888	0
621.15	0	.486212	.2700263	.2437617	0
620.15	0	.4861729	.2700926	.2437345	0
619.15	0	.4861338	.2701588	.2437073	0
618.15	0	.4860949	.270225	.2436802	0
617.15	0	.486056	.270291	.2436529	0
616.15	0	.4860173	.270357	.2436257	0
615.15	0	.4859786	.270423	.2435984	0
614.15	0	.48594	.2704888	.2435711	0
613.15	0	.4859016	.2705546	.2435438	0
612.15	0	.4858632	.2706203	.2435165	0
611.15	0	.4858249	.270686	.2434891	0
610.15	0	.4857867	.2707516	.2434618	0
609.15	0	.4857485	.2708171	.2434344	0
608.15	0	.4857105	.2708826	.243407	0
607.15	0	.4856725	.270948	.2433795	0
606.15	0	.4856346	.2710133	.2433521	0
605.15	0	.4855968	.2710786	.2433246	0
604.15	0	.4855591	.2711438	.2432971	0
603.15	0	.4855214	.271209	.2432696	0
602.15	0	.4854838	.2712741	.2432421	0
601.15	0	.4854463	.2713391	.2432145	0
600.15	0	.4854089	.2714041	.243187	0
599.15	0	.4853715	.2714691	.2431594	0
598.15	0	.4853343	.2715339	.2431318	0
597.15	0	.4852971	.2715988	.2431042	0
596.15	0	.4852599	.2716636	.2430765	0
595.15	0	.4852228	.2717283	.2430489	0
594.15	0	.4851858	.271793	.2430212	0
593.15	0	.4851489	.2718576	.2429936	0
592.15	0	.485112	.2719221	.2429659	0
591.15	0	.4850752	.2719867	.2429382	0
590.15	0	.4850384	.2720511	.2429105	0
589.15	0	.4850017	.2721155	.2428827	0
588.15	0	.4849651	.2721799	.242855	0
587.15	0	.4849285	.2722442	.2428273	0
586.15	0	.484892	.2723085	.2427995	0
585.15	0	.4848556	.2723727	.2427717	0
584.15	0	.4848192	.2724368	.2427439	0
583.15	0	.4847829	.2725009	.2427162	0
582.15	0	.4847467	.272565	.2426884	0
581.15	0	.4847105	.272629	.2426605	0
580.15	0	.4846743	.272693	.2426327	0
579.15	0	.4846382	.2727569	.2426049	0
578.15	0	.4846022	.2728207	.2425771	0
577.15	0	.4845663	.2728845	.2425492	0
576.15	0	.4845303	.2729483	.2425214	0
575.15	0	.4844945	.273012	.2424935	0
574.15	0	.4844587	.2730756	.2424657	0
573.15	0	.484423	.2731392	.2424378	0
572.15	0	.4843873	.2732028	.2424099	0
571.15	0	.4843517	.2732663	.2423821	0
570.15	0	.4843161	.2733297	.2423542	0
569.15	0	.4842806	.2733931	.2423263	0
568.15	0	.4842451	.2734565	.2422984	0
567.15	0	.4842097	.2735198	.2422705	0
566.15	0	.4841743	.273583	.2422426	0
565.15	0	.4841391	.2736462	.2422148	0
564.15	0	.4841038	.2737093	.2421869	0
563.15	0	.4840686	.2737724	.242159	0
562.15	0	.4840335	.2738354	.2421311	0
561.15	0	.4839984	.2738984	.2421032	0
560.15	0	.4839634	.2739613	.2420753	0
559.15	0	.4839284	.2740241	.2420475	0
558.15	0	.4838935	.2740869	.2420196	0
557.15	0	.4838586	.2741497	.2419917	0
556.15	0	.4838238	.2742124	.2419638	0
555.15	0	.483789	.274275	.241936	0
554.15	0	.4837543	.2743376	.2419081	0
553.15	0	.4837197	.2744001	.2418803	0
552.15	0	.483685	.2744626	.2418524	0
551.15	0	.4836505	.2745249	.2418246	0
550.15	0	.483616	.2745873	.2417967	0
549.15	0	.4835815	.2746496	.2417689	0
548.15	0	.4835471	.2747118	.2417411	0
547.15	0	.4835128	.2747739	.2417133	0
546.15	0	.4834785	.274836	.2416855	0
545.15	0	.4834443	.274898	.2416577	0
544.15	0	.4834101	.27496	.2416299	0
543.15	0	.483376	.2750219	.2416022	0
542.15	0	.4833419	.2750837	.2415744	0
541.15	0	.4833079	.2751455	.2415467	0
540.15	0	.4832739	.2752072	.2415189	0
539.15	0	.48324	.2752688	.2414912	0
538.15	0	.4832061	.2753304	.2414635	0
537.15	0	.4831723	.2753919	.2414358	0
536.15	0	.4831386	.2754533	.2414082	0
535.15	0	.4831049	.2755146	.2413805	0
534.15	0	.4830712	.2755759	.2413529	0
533.15	0	.4830376	.2756371	.2413253	0
532.15	0	.4830041	.2756983	.2412976	0
531.15	0	.4829706	.2757594	.2412701	0
530.15	0	.4829372	.2758203	.2412425	0
529.15	0	.4829038	.2758813	.241215	0
528.15	0	.4828705	.2759421	.2411874	0
527.15	0	.4828373	.2760029	.2411598	0
526.15	0	.4828041	.2760636	.2411323	0
525.15	0	.482771	.2761242	.2411048	0
524.15	0	.4827379	.2761847	.2410774	0
523.15	0	.4827048	.2762452	.24105	0
522.15	0	.4826719	.2763056	.2410226	0
521.15	0	.4826389	.2763659	.2409952	0
520.15	0	.4826061	.2764261	.2409678	0
519.15	0	.4825732	.2764862	.2409405	0
518.15	0	.4825405	.2765463	.2409132	0
517.15	0	.4825078	.2766063	.240886	0
516.15	0	.4824751	.2766662	.2408587	0
515.15	0	.4824425	.276726	.2408315	0
514.15	0	.48241	.2767857	.2408043	0
513.15	0	.4823775	.2768453	.2407771	0
512.15	0	.4823451	.2769049	.24075	0
511.15	0	.4823128	.2769644	.2407229	0
510.15	0	.4822805	.2770237	.2406958	0
509.15	0	.4822482	.277083	.2406688	0
508.15	0	.482216	.2771422	.2406418	0
507.15	0	.4821839	.2772013	.2406148	0
506.15	0	.4821518	.2772603	.2405879	0
505.15	0	.4821198	.2773192	.240561	0
504.15	0	.4820879	.277378	.2405341	0
503.15	0	.482056	.2774368	.2405072	0
502.15	0	.4820242	.2774954	.2404804	0
501.15	0	.4819924	.2775539	.2404537	0
500.15	0	.4819607	.2776124	.2404269	0
499.15	0	.4819291	.2776707	.2404002	0
498.15	0	.4818975	.2777289	.2403736	0
497.15	0	.481866	.2777871	.240347	0
496.15	0	.4818345	.2778451	.2403204	0
495.15	0	.4818031	.277903	.2402938	0
494.15	0	.4817718	.2779609	.2402673	0
493.15	0	.4817405	.2780186	.2402409	0
492.15	0	.4817093	.2780762	.2402144	0
491.15	0	.4816782	.2781338	.240188	0
490.15	0	.4816471	.2781912	.2401617	0
489.15	0	.4816161	.2782485	.2401354	0
488.15	0	.4815852	.2783057	.2401092	0
487.15	0	.4815543	.2783628	.2400829	0
486.15	0	.4815235	.2784198	.2400568	0
485.15	0	.4814927	.2784766	.2400307	0
484.15	0	.481462	.2785334	.2400046	0
483.15	0	.4814314	.2785901	.2399785	0
482.15	0	.4814008	.2786466	.2399526	0
481.15	0	.4813704	.278703	.2399266	0
480.15	0	.4813399	.2787593	.2399007	0
479.15	0	.4813096	.2788155	.2398749	0
478.15	0	.4812793	.2788716	.2398491	0
477.15	0	.4812491	.2789276	.2398234	0
476.15	0	.4812189	.2789834	.2397977	0
475.15	0	.4811888	.2790392	.239772	0
474.15	0	.4811588	.2790948	.2397464	0
473.15	0	.4811288	.2791503	.2397209	0
472.15	0	.481099	.2792056	.2396954	0
471.15	0	.4810691	.2792609	.23967	0
470.15	0	.4810394	.279316	.2396446	0
469.15	0	.4810097	.279371	.2396193	0
468.15	0	.4809801	.2794259	.239594	0
467.15	0	.4809506	.2794806	.2395688	0
466.15	0	.4809211	.2795353	.2395436	0
465.15	0	.4808917	.2795898	.2395185	0
464.15	0	.4808624	.2796441	.2394935	0
463.15	0	.4808331	.2796984	.2394685	0
462.15	0	.480804	.2797525	.2394435	0
461.15	0	.4807749	.2798065	.2394187	0
460.15	0	.4807458	.2798603	.2393938	0
459.15	0	.4807169	.2799141	.2393691	0
458.15	0	.480688	.2799677	.2393444	0
457.15	0	.4806592	.2800211	.2393197	0
456.15	0	.4806304	.2800744	.2392952	0
455.15	0	.4806017	.2801276	.2392706	0
454.15	0	.4805732	.2801807	.2392462	0
453.15	0	.4805446	.2802336	.2392218	0
452.15	0	.4805162	.2802864	.2391975	0
451.15	0	.4804878	.280339	.2391732	0
450.15	0	.4804595	.2803915	.239149	0
449.15	0	.4804313	.2804438	.2391249	0
448.15	0	.4804032	.280496	.2391008	0
447.15	0	.4803752	.280548	.2390768	0
446.15	0	.4803472	.2805999	.2390529	0
445.15	0	.4803194	.2806516	.239029	0
444.15	0	.4802916	.2807031	.2390053	0
443.15	0	.4802639	.2807545	.2389816	0
442.15	0	.4802363	.2808057	.238958	0
441.15	0	.4802089	.2808567	.2389344	0
440.15	0	.4801815	.2809076	.238911	0
439.15	0	.4801542	.2809582	.2388876	0
438.15	0	.480127	.2810087	.2388643	0
437.15	0	.4800999	.281059	.2388411	0
436.15	0	.480073	.2811091	.2388179	0
435.15	0	.4800462	.281159	.2387949	0
434.15	0	.4800194	.2812086	.238772	0
433.15	0	.4799928	.2812581	.2387491	0
432.15	0	.4799663	.2813074	.2387263	0
431.15	0	.4799399	.2813565	.2387036	0
430.15	0	.4799137	.2814053	.238681	0
429.15	0	.4798875	.281454	.2386585	0
