T	 BPW(LIQUID)	BPW(BCC_A2)	BPW(FCC_A1)	BPW(LAVES_PHASE_C14)	BPW(NI3TI)
1473.15	.159346	.840654	0	0	0
1472.15	.1565029	.8434971	0	0	0
1471.15	.1536814	.8463186	0	0	0
1470.15	.1508815	.8491185	0	0	0
1469.15	.148103	.851897	0	0	0
1468.15	.1453456	.8546544	0	0	0
1467.15	.1426094	.8573906	0	0	0
1466.15	.139894	.860106	0	0	0
1465.15	.1371995	.8628005	0	0	0
1464.15	.1345255	.8654745	0	0	0
1463.15	.131872	.868128	0	0	0
1462.15	.1292387	.8707613	0	0	0
1461.15	.1266257	.8733743	0	0	0
1460.15	.1240326	.8759674	0	0	0
1459.15	.1214593	.8785407	0	0	0
1458.15	.1189058	.8810942	0	0	0
1457.15	.1163718	.8836282	0	0	0
1456.15	.1138572	.8861428	0	0	0
1455.15	.1113619	.8886381	0	0	0
1454.15	.1088857	.8911143	0	0	0
1453.15	.1064285	.8935716	0	0	0
1452.15	.10399	.89601	0	0	0
1451.15	.1015703	.8984297	0	0	0
1450.15	.09916912	.9008309	0	0	0
1449.15	.09678634	.9032137	0	0	0
1448.15	.09442182	.9055782	0	0	0
1447.15	.09207542	.9079246	0	0	0
1446.15	.089747	.910253	0	0	0
1445.15	.08743643	.9125636	0	0	0
1444.15	.08514357	.9148564	0	0	0
1443.15	.08286829	.9171317	0	0	0
1442.15	.08061045	.9193895	0	0	0
1441.633	.07945047	.9205495	0	0	0
1441.633	.07945047	.9205495	0	0	0
1441.633	.07945047	.9205495	0	0	0
1441.15	.07764051	.9216424	0	7.171325E-04	0
1440.15	.07393518	.9238755	0	.002189316	0
1439.15	.07028303	.9260711	0	.003645842	0
1438.15	.0666829	.9282301	0	.005087058	0
1437.15	.06313364	.9303531	0	.006513306	0
1436.15	.05963418	.9324409	0	.007924915	0
1435.15	.05618344	.9344944	0	.009322207	0
1434.15	.05278039	.9365141	0	.01070549	0
1433.15	.04942402	.9385009	0	.01207507	0
1432.15	.04611334	.9404554	0	.01343125	0
1431.15	.04284741	.9423783	0	.0147743	0
1430.15	.03962528	.9442702	0	.01610452	0
1429.15	.03644605	.9461318	0	.01742216	0
1428.15	.03330885	.9479637	0	.01872749	0
1427.15	.03021282	.9497664	0	.02002077	0
1426.15	.02715711	.9515406	0	.02130226	0
1425.15	.02414091	.9532869	0	.02257218	0
1424.15	.02116343	.9550058	0	.02383079	0
1423.15	.0182239	.9566978	0	.02507831	0
1422.15	.01532155	.9583635	0	.02631496	0
1421.15	.01245566	.9600034	0	.02754096	0
1420.15	.009625515	.9616179	0	.02875654	0
1419.15	.006830407	.9632077	0	.02996189	0
1418.15	.004069658	.9647731	0	.03115721	0
1417.15	.001342604	.9663147	0	.03234271	0
1416.653	0	.9670719	0	.03292813	0
1416.653	0	.9670719	0	.03292813	0
1416.15	0	.9667149	0	.03328506	0
1415.15	0	.9660068	0	.03399315	0
1414.15	0	.9653005	0	.03469952	0
1413.15	0	.9645958	0	.03540417	0
1412.15	0	.9638929	0	.03610712	0
1411.15	0	.9631916	0	.03680836	0
1410.15	0	.9624921	0	.0375079	0
1409.15	0	.9617943	0	.03820574	0
1408.15	0	.9610981	0	.03890191	0
1407.15	0	.9604036	0	.03959639	0
1406.15	0	.9597108	0	.04028919	0
1405.15	0	.9590197	0	.04098032	0
1404.15	0	.9583302	0	.04166979	0
1403.15	0	.9576424	0	.0423576	0
1402.15	0	.9569562	0	.04304376	0
1401.15	0	.9562717	0	.04372827	0
1400.15	0	.9555889	0	.04441113	0
1399.15	0	.9549076	0	.04509236	0
1398.15	0	.954228	0	.04577196	0
1397.15	0	.9535501	0	.04644993	0
1396.15	0	.9528737	0	.04712629	0
1395.15	0	.952199	0	.04780102	0
1394.15	0	.9515259	0	.04847415	0
1393.15	0	.9508543	0	.04914567	0
1392.15	0	.9501844	0	.04981559	0
1391.15	0	.9495161	0	.05048392	0
1390.15	0	.9488493	0	.05115066	0
1389.15	0	.9481842	0	.05181582	0
1388.15	0	.9475206	0	.0524794	0
1387.15	0	.9468586	0	.0531414	0
1386.15	0	.9461982	0	.05380184	0
1385.15	0	.9455393	0	.05446072	0
1384.15	0	.944882	0	.05511804	0
1383.15	0	.9442262	0	.0557738	0
1382.15	0	.943572	0	.05642802	0
1381.15	0	.9429193	0	.05708069	0
1380.15	0	.9422682	0	.05773183	0
1379.15	0	.9416186	0	.05838143	0
1378.15	0	.9409705	0	.05902951	0
1377.15	0	.9403239	0	.05967606	0
1376.15	0	.9396789	0	.0603211	0
1375.15	0	.9390354	0	.06096463	0
1374.15	0	.9383934	0	.06160664	0
1373.15	0	.9377529	0	.06224715	0
1372.15	0	.9371138	0	.06288617	0
1371.15	0	.9364763	0	.06352369	0
1370.15	0	.9358403	0	.06415972	0
1369.15	0	.9352057	0	.06479427	0
1368.15	0	.9345727	0	.06542734	0
1367.15	0	.9339411	0	.06605893	0
1366.15	0	.9333109	0	.06668906	0
1365.15	0	.9326823	0	.06731772	0
1364.15	0	.9320551	0	.06794492	0
1363.15	0	.9314293	0	.06857066	0
1362.15	0	.930805	0	.06919496	0
1361.15	0	.9301822	0	.0698178	0
1360.15	0	.9295608	0	.0704392	0
1359.15	0	.9289408	0	.07105917	0
1358.15	0	.9283223	0	.0716777	0
1357.15	0	.9277052	0	.07229481	0
1356.15	0	.9270895	0	.07291049	0
1355.15	0	.9264753	0	.07352475	0
1354.15	0	.9258624	0	.0741376	0
1353.15	0	.925251	0	.07474903	0
1352.15	0	.9246409	0	.07535906	0
1351.15	0	.9240323	0	.07596769	0
1350.15	0	.9234251	0	.07657492	0
1349.15	0	.9228193	0	.07718075	0
1348.15	0	.9222148	0	.0777852	0
1347.15	0	.9216117	0	.07838826	0
1346.15	0	.9210101	0	.07898995	0
1345.15	0	.9204098	0	.07959025	0
1344.15	0	.9198108	0	.08018919	0
1343.15	0	.9192132	0	.08078675	0
1342.15	0	.918617	0	.08138296	0
1341.15	0	.9180222	0	.0819778	0
1340.15	0	.9174287	0	.08257129	0
1339.15	0	.9168366	0	.08316343	0
1338.15	0	.9162458	0	.08375422	0
1337.15	0	.9156563	0	.08434367	0
1336.15	0	.9150682	0	.08493178	0
1335.15	0	.9144815	0	.08551855	0
1334.15	0	.913896	0	.086104	0
1333.15	0	.9133119	0	.08668812	0
1332.15	0	.9127291	0	.08727091	0
1331.15	0	.9121476	0	.08785239	0
1330.15	0	.9115674	0	.08843255	0
1329.15	0	.9109886	0	.08901141	0
1328.15	0	.9104111	0	.08958895	0
1327.15	0	.9098348	0	.0901652	0
1326.15	0	.9092599	0	.09074014	0
1325.15	0	.9086862	0	.09131379	0
1324.15	0	.9081139	0	.09188615	0
1323.15	0	.9075428	0	.09245722	0
1322.15	0	.906973	0	.09302701	0
1321.15	0	.9064045	0	.09359552	0
1320.15	0	.9058373	0	.09416275	0
1319.15	0	.9052713	0	.09472872	0
1318.15	0	.9047066	0	.09529341	0
1317.15	0	.9041432	0	.09585684	0
1316.15	0	.903581	0	.09641901	0
1315.15	0	.9030201	0	.09697992	0
1314.15	0	.9024604	0	.09753958	0
1313.15	0	.901902	0	.09809798	0
1312.15	0	.9013449	0	.09865515	0
1311.15	0	.9007889	0	.09921107	0
1310.15	0	.9002343	0	.09976575	0
1309.15	0	.8996808	0	.1003192	0
1308.15	0	.8991286	0	.1008714	0
1307.15	0	.8985776	0	.1014224	0
1306.15	0	.8980278	0	.1019722	0
1305.15	0	.8974793	0	.1025207	0
1304.15	0	.896932	0	.103068	0
1303.15	0	.8963859	0	.1036142	0
1302.15	0	.895841	0	.1041591	0
1301.15	0	.8952973	0	.1047028	0
1300.15	0	.8947548	0	.1052452	0
1299.15	0	.8942135	0	.1057865	0
1298.15	0	.8936734	0	.1063266	0
1297.15	0	.8931345	0	.1068655	0
1296.15	0	.8925968	0	.1074033	0
1295.15	0	.8920602	0	.1079398	0
1294.15	0	.8915249	0	.1084751	0
1293.15	0	.8909907	0	.1090093	0
1292.15	0	.8904577	0	.1095423	0
1291.15	0	.8899259	0	.1100741	0
1290.15	0	.8893953	0	.1106047	0
1289.15	0	.8888658	0	.1111342	0
1288.15	0	.8883375	0	.1116626	0
1287.15	0	.8878103	0	.1121897	0
1286.15	0	.8872843	0	.1127157	0
1285.15	0	.8867594	0	.1132406	0
1284.15	0	.8862357	0	.1137643	0
1283.15	0	.8857132	0	.1142868	0
1282.15	0	.8851918	0	.1148082	0
1281.15	0	.8846715	0	.1153285	0
1280.15	0	.8841523	0	.1158476	0
1279.15	0	.8836344	0	.1163657	0
1278.15	0	.8831175	0	.1168825	0
1277.15	0	.8826017	0	.1173983	0
1276.15	0	.8820871	0	.1179129	0
1275.15	0	.8815736	0	.1184264	0
1274.15	0	.8810612	0	.1189388	0
1273.15	0	.88055	0	.11945	0
1272.15	0	.8800398	0	.1199602	0
1271.15	0	.8795308	0	.1204692	0
1270.15	0	.8790228	0	.1209772	0
1269.15	0	.878516	0	.121484	0
1268.15	0	.8780102	0	.1219898	0
1267.15	0	.8775056	0	.1224944	0
1266.15	0	.8770021	0	.1229979	0
1265.15	0	.8764996	0	.1235004	0
1264.15	0	.8759982	0	.1240018	0
1263.15	0	.875498	0	.124502	0
1262.15	0	.8749988	0	.1250012	0
1261.15	0	.8745006	0	.1254994	0
1260.15	0	.8740036	0	.1259964	0
1259.15	0	.8735076	0	.1264924	0
1258.15	0	.8730127	0	.1269873	0
1257.15	0	.8725189	0	.1274811	0
1256.15	0	.8720261	0	.1279739	0
1255.15	0	.8715344	0	.1284656	0
1254.15	0	.8710438	0	.1289562	0
1253.15	0	.8705542	0	.1294458	0
1252.15	0	.8700656	0	.1299344	0
1251.15	0	.8695781	0	.1304219	0
1250.15	0	.8690917	0	.1309083	0
1249.15	0	.8686063	0	.1313937	0
1248.15	0	.8681219	0	.131878	0
1247.15	0	.8676386	0	.1323614	0
1246.15	0	.8671564	0	.1328436	0
1245.15	0	.8666751	0	.1333249	0
1244.15	0	.8661949	0	.1338051	0
1243.15	0	.8657157	0	.1342843	0
1242.15	0	.8652376	0	.1347624	0
1241.15	0	.8647604	0	.1352396	0
1240.15	0	.8642843	0	.1357157	0
1239.15	0	.8638092	0	.1361908	0
1238.15	0	.8633351	0	.1366649	0
1237.15	0	.8628621	0	.1371379	0
1236.15	0	.86239	0	.13761	0
1235.15	0	.861919	0	.138081	0
1234.15	0	.8614489	0	.1385511	0
1233.15	0	.8609799	0	.1390201	0
1232.15	0	.8605118	0	.1394882	0
1231.15	0	.8600448	0	.1399552	0
1230.15	0	.8595788	0	.1404212	0
1229.15	0	.8591137	0	.1408863	0
1228.15	0	.8586496	0	.1413504	0
1227.15	0	.8581865	0	.1418135	0
1226.15	0	.8577245	0	.1422756	0
1225.15	0	.8572633	0	.1427367	0
1224.15	0	.8568032	0	.1431968	0
1223.15	0	.856344	0	.143656	0
1222.15	0	.8558859	0	.1441141	0
1221.15	0	.8554287	0	.1445714	0
1220.15	0	.8549724	0	.1450276	0
1219.15	0	.8545171	0	.1454829	0
1218.15	0	.8540628	0	.1459372	0
1217.15	0	.8536095	0	.1463905	0
1216.15	0	.8531571	0	.1468429	0
1215.15	0	.8527057	0	.1472943	0
1214.15	0	.8522552	0	.1477448	0
1213.15	0	.8518057	0	.1481943	0
1212.15	0	.8513571	0	.1486429	0
1211.15	0	.8509095	0	.1490905	0
1210.15	0	.8504628	0	.1495372	0
1209.15	0	.8500171	0	.1499829	0
1208.15	0	.8495723	0	.1504277	0
1207.15	0	.8491285	0	.1508715	0
1206.15	0	.8486856	0	.1513144	0
1205.15	0	.8482436	0	.1517564	0
1204.15	0	.8478025	0	.1521975	0
1203.15	0	.8473624	0	.1526376	0
1202.15	0	.8469232	0	.1530768	0
1201.15	0	.846485	0	.153515	0
1200.15	0	.8460476	0	.1539524	0
1199.15	0	.8456112	0	.1543888	0
1198.15	0	.8451757	0	.1548243	0
1197.15	0	.8447412	0	.1552588	0
1196.15	0	.8443075	0	.1556925	0
1195.15	0	.8438747	0	.1561253	0
1194.15	0	.8434429	0	.1565571	0
1193.15	0	.843012	0	.156988	0
1192.15	0	.8425819	0	.1574181	0
1191.15	0	.8421528	0	.1578472	0
1190.15	0	.8417246	0	.1582754	0
1189.15	0	.8412973	0	.1587027	0
1188.15	0	.8408708	0	.1591292	0
1187.15	0	.8404453	0	.1595547	0
1186.15	0	.8400207	0	.1599793	0
1185.15	0	.8395969	0	.1604031	0
1184.15	0	.8391741	0	.1608259	0
1183.15	0	.8387521	0	.1612479	0
1182.15	0	.838331	0	.161669	0
1181.15	0	.8379108	0	.1620892	0
1180.15	0	.8374915	0	.1625085	0
1179.15	0	.8370731	0	.1629269	0
1178.15	0	.8366555	0	.1633445	0
1177.15	0	.8362388	0	.1637612	0
1176.15	0	.835823	0	.164177	0
1175.15	0	.8354081	0	.1645919	0
1174.15	0	.834994	0	.165006	0
1173.15	0	.8345808	0	.1654192	0
1172.15	0	.8341684	0	.1658316	0
1171.15	0	.833757	0	.166243	0
1170.15	0	.8333464	0	.1666536	0
1169.15	0	.8329366	0	.1670634	0
1168.15	0	.8325277	0	.1674723	0
1167.15	0	.8321196	0	.1678804	0
1166.15	0	.8317125	0	.1682875	0
1165.15	0	.8313061	0	.1686939	0
1164.15	0	.8309006	0	.1690994	0
1163.15	0	.830496	0	.169504	0
1162.15	0	.8300922	0	.1699078	0
1161.15	0	.8296892	0	.1703108	0
1160.15	0	.8292871	0	.1707129	0
1159.15	0	.8288859	0	.1711142	0
1158.15	0	.8284854	0	.1715146	0
1157.15	0	.8280858	0	.1719142	0
1156.15	0	.8276871	0	.1723129	0
1155.15	0	.8272891	0	.1727109	0
1154.15	0	.826892	0	.173108	0
1153.15	0	.8264958	0	.1735042	0
1152.15	0	.8261003	0	.1738997	0
1151.15	0	.8257057	0	.1742943	0
1150.15	0	.8253119	0	.1746881	0
1149.15	0	.824919	0	.1750811	0
1148.15	0	.8245268	0	.1754732	0
1147.15	0	.8241355	0	.1758645	0
1146.15	0	.823745	0	.176255	0
1145.15	0	.8233553	0	.1766447	0
1144.15	0	.8229664	0	.1770336	0
1143.15	0	.8225783	0	.1774217	0
1142.15	0	.8221911	0	.1778089	0
1141.15	0	.8218046	0	.1781954	0
1140.15	0	.821419	0	.178581	0
1139.15	0	.8210341	0	.1789659	0
1138.15	0	.8206501	0	.1793499	0
1137.15	0	.8202669	0	.1797331	0
1136.15	0	.8198844	0	.1801156	0
1135.15	0	.8195028	0	.1804972	0
1134.15	0	.819122	0	.180878	0
1133.15	0	.8187419	0	.1812581	0
1132.15	0	.8183627	0	.1816373	0
1131.15	0	.8179842	0	.1820158	0
1130.15	0	.8176065	0	.1823935	0
1129.15	0	.8172297	0	.1827704	0
1128.15	0	.8168536	0	.1831464	0
1127.15	0	.8164782	0	.1835218	0
1126.15	0	.8161037	0	.1838963	0
1125.15	0	.81573	0	.18427	0
1124.15	0	.815357	0	.184643	0
1123.15	0	.8149848	0	.1850152	0
1122.15	0	.8146134	0	.1853866	0
1121.15	0	.8142428	0	.1857572	0
1120.15	0	.8138729	0	.1861271	0
1119.15	0	.8135039	0	.1864962	0
1118.15	0	.8131355	0	.1868645	0
1117.15	0	.812768	0	.187232	0
1116.15	0	.8124012	0	.1875988	0
1115.15	0	.8120352	0	.1879648	0
1114.15	0	.81167	0	.18833	0
1113.15	0	.8113055	0	.1886945	0
1112.15	0	.8109418	0	.1890582	0
1111.15	0	.8105788	0	.1894212	0
1110.15	0	.8102166	0	.1897834	0
1109.15	0	.8098552	0	.1901448	0
1108.15	0	.8094945	0	.1905055	0
1107.15	0	.8091346	0	.1908654	0
1106.15	0	.8087754	0	.1912246	0
1105.15	0	.808417	0	.1915831	0
1104.15	0	.8080593	0	.1919407	0
1103.263	0	.8077425	0	.1922575	0
1103.263	0	.8077425	0	.1922575	0
1103.263	0	.8077425	0	.1922575	0
1103.15	0	.8076188	8.780658E-05	.1922934	0
1102.15	0	.806522	8.666875E-04	.1926113	0
1101.15	0	.8054283	.001643313	.1929284	0
1100.15	0	.8043377	.002417682	.1932446	0
1099.15	0	.8032501	.003189796	.1935601	0
1098.15	0	.8021657	.003959654	.1938747	0
1097.15	0	.8010843	.004727257	.1941885	0
1096.15	0	.800006	.005492605	.1945015	0
1095.15	0	.7989307	.006255698	.1948136	0
1094.15	0	.7978585	.007016536	.1951249	0
1093.15	0	.7967895	.00777512	.1954354	0
1092.15	0	.7957234	.008531448	.1957451	0
1091.15	0	.7946605	.009285522	.196054	0
1090.15	0	.7936006	.01003734	.1963621	0
1089.15	0	.7925438	.0107869	.1966693	0
1088.15	0	.79149	.01153421	.1969758	0
1087.15	0	.7904393	.01227927	.1972814	0
1086.15	0	.7893917	.01302207	.1975863	0
1085.15	0	.7883471	.01376261	.1978903	0
1084.15	0	.7873056	.0145009	.1981935	0
1083.15	0	.7862671	.01523693	.1984959	0
1082.15	0	.7852317	.01597071	.1987976	0
1081.15	0	.7841994	.01670224	.1990984	0
1080.15	0	.7831701	.0174315	.1993984	0
1079.15	0	.7821439	.01815851	.1996976	0
1078.15	0	.7811207	.01888327	.1999961	0
1077.15	0	.7801005	.01960576	.2002937	0
1076.15	0	.7790834	.02032601	.2005906	0
1075.15	0	.7780694	.02104399	.2008866	0
1074.15	0	.7770584	.02175972	.2011819	0
1073.15	0	.7760505	.02247319	.2014764	0
1072.15	0	.7750456	.0231844	.20177	0
1071.15	0	.7740437	.02389335	.2020629	0
1070.15	0	.7730449	.02460005	.2023551	0
1069.15	0	.7720491	.02530448	.2026464	0
1068.15	0	.7710564	.02600666	.2029369	0
1067.15	0	.7700667	.02670658	.2032267	0
1066.15	0	.7690801	.02740423	.2035157	0
1065.15	0	.7680965	.02809963	.2038039	0
1064.15	0	.7671159	.02879277	.2040913	0
1063.15	0	.7661384	.02948364	.204378	0
1062.15	0	.7651639	.03017226	.2046638	0
1061.15	0	.7641925	.03085861	.2049489	0
1060.15	0	.7632241	.0315427	.2052332	0
1059.15	0	.7622587	.03222453	.2055168	0
1058.15	0	.7612964	.03290409	.2057996	0
1057.15	0	.7603371	.03358139	.2060816	0
1056.15	0	.7593808	.03425643	.2063628	0
1055.15	0	.7584276	.03492921	.2066432	0
1054.15	0	.7574774	.03559971	.2069229	0
1053.15	0	.7565302	.03626796	.2072018	0
1052.15	0	.7555861	.03693394	.20748	0
1051.15	0	.754645	.03759765	.2077573	0
1050.15	0	.753707	.03825909	.208034	0
1049.15	0	.7527719	.03891827	.2083098	0
1048.15	0	.75184	.03957518	.2085849	0
1047.15	0	.750911	.04022983	.2088592	0
1046.15	0	.7499851	.0408822	.2091327	0
1045.15	0	.7490622	.04153231	.2094055	0
1044.15	0	.7481423	.04218015	.2096775	0
1043.15	0	.7472255	.04282572	.2099488	0
1042.15	0	.7463117	.04346902	.2102193	0
1041.15	0	.745401	.04411005	.210489	0
1040.15	0	.7444932	.04474881	.210758	0
1039.15	0	.7435885	.0453853	.2110262	0
1038.15	0	.7426869	.04601952	.2112936	0
1037.15	0	.7417882	.04665146	.2115603	0
1036.15	0	.7408926	.04728114	.2118262	0
1035.15	0	.7400001	.04790855	.2120914	0
1034.15	0	.7391105	.04853368	.2123558	0
1033.15	0	.738224	.04915654	.2126195	0
1032.15	0	.7373405	.04977712	.2128823	0
1031.15	0	.7364601	.05039544	.2131445	0
1030.15	0	.7355827	.05101148	.2134058	0
1029.15	0	.7347083	.05162525	.2136664	0
1028.15	0	.733837	.05223675	.2139263	0
1027.15	0	.7329686	.05284598	.2141854	0
1026.15	0	.7321034	.05345293	.2144437	0
1025.15	0	.7312411	.0540576	.2147013	0
1024.15	0	.7303819	.05466001	.2149581	0
1023.15	0	.7295257	.05526014	.2152142	0
1022.15	0	.7286725	.055858	.2154695	0
1021.15	0	.7278224	.05645359	.215724	0
1020.15	0	.7269753	.0570469	.2159778	0
1019.15	0	.7261312	.05763795	.2162308	0
1018.15	0	.7252902	.05822672	.2164831	0
1017.15	0	.7244522	.05881322	.2167346	0
1016.15	0	.7236172	.05939744	.2169853	0
1015.15	0	.7227853	.0599794	.2172353	0
1014.15	0	.7219564	.06055909	.2174845	0
1013.15	0	.7211305	.06113651	.217733	0
1012.15	0	.7203077	.06171165	.2179807	0
1011.15	0	.7194878	.06228453	.2182276	0
1010.15	0	.7186711	.06285515	.2184738	0
1009.15	0	.7178573	.06342349	.2187192	0
1008.15	0	.7170466	.06398957	.2189639	0
1007.15	0	.7162389	.06455338	.2192078	0
1006.15	0	.7154342	.06511493	.2194509	0
1005.15	0	.7146326	.06567422	.2196932	0
1004.15	0	.7138339	.06623124	.2199348	0
1003.15	0	.7130384	.066786	.2201757	0
1002.15	0	.7122458	.06733851	.2204157	0
1001.15	0	.7114563	.06788875	.220655	0
1000.15	0	.7106698	.06843674	.2208935	0
999.15	0	.7098863	.06898248	.2211313	0
998.15	0	.7091058	.06952596	.2213682	0
997.15	0	.7083284	.07006719	.2216044	0
996.15	0	.707554	.07060617	.2218399	0
995.15	0	.7067826	.0711429	.2220745	0
994.15	0	.7060142	.07167739	.2223084	0
993.15	0	.7052489	.07220963	.2225415	0
992.15	0	.7044865	.07273963	.2227738	0
991.15	0	.7037272	.07326739	.2230054	0
990.15	0	.7029709	.07379292	.2232362	0
989.15	0	.7022176	.07431621	.2234662	0
988.15	0	.7014674	.07483728	.2236953	0
987.15	0	.7007201	.07535611	.2239238	0
986.15	0	.6999759	.07587272	.2241514	0
985.15	0	.6992346	.07638711	.2243783	0
984.15	0	.6984964	.07689928	.2246043	0
983.15	0	.6977612	.07740924	.2248296	0
982.15	0	.697029	.07791698	.225054	0
981.15	0	.6962998	.07842252	.2252777	0
980.15	0	.6955736	.07892586	.2255006	0
979.15	0	.6948503	.07942699	.2257227	0
978.15	0	.6941301	.07992594	.225944	0
977.15	0	.6934129	.08042269	.2261644	0
976.15	0	.6926986	.08091726	.2263841	0
975.15	0	.6919874	.08140964	.226603	0
974.15	0	.6912791	.08189986	.226821	0
973.15	0	.6905738	.0823879	.2270383	0
972.15	0	.6898715	.08287378	.2272547	0
971.15	0	.6891722	.0833575	.2274704	0
970.15	0	.6884758	.08383907	.2276852	0
969.15	0	.6877824	.08431849	.2278992	0
968.15	0	.6870919	.08479577	.2281123	0
967.15	0	.6864044	.08527092	.2283246	0
966.15	0	.6857199	.08574394	.2285362	0
965.15	0	.6850383	.08621484	.2287468	0
964.15	0	.6843597	.08668363	.2289567	0
963.15	0	.683684	.08715032	.2291657	0
962.15	0	.6830112	.08761491	.2293738	0
961.15	0	.6823414	.08807741	.2295812	0
960.15	0	.6816745	.08853783	.2297877	0
959.15	0	.6810105	.08899619	.2299933	0
958.15	0	.6803495	.08945248	.2301981	0
957.15	0	.6796913	.08990672	.230402	0
956.15	0	.679036	.09035892	.2306051	0
955.15	0	.6783837	.09080909	.2308073	0
954.15	0	.6777342	.09125723	.2310086	0
953.15	0	.6770876	.09170337	.2312091	0
952.15	0	.6764438	.0921475	.2314087	0
951.15	0	.675803	.09258965	.2316074	0
950.15	0	.675165	.09302982	.2318052	0
949.15	0	.6745298	.09346803	.2320022	0
948.15	0	.6738975	.09390429	.2321982	0
947.15	0	.673268	.09433861	.2323934	0
946.15	0	.6726413	.09477101	.2325877	0
945.15	0	.6720175	.0952015	.2327811	0
944.15	0	.6713964	.09563009	.2329735	0
943.15	0	.6707781	.0960568	.2331651	0
942.15	0	.6701626	.09648164	.2333557	0
941.15	0	.6695499	.09690464	.2335454	0
940.15	0	.66894	.0973258	.2337342	0
939.15	0	.6683328	.09774515	.2339221	0
938.15	0	.6677283	.0981627	.234109	0
937.15	0	.6671265	.09857847	.234295	0
936.15	0	.6665275	.09899247	.23448	0
935.15	0	.6659311	.09940473	.2346641	0
934.15	0	.6653375	.09981527	.2348473	0
933.15	0	.6647464	.1002241	.2350295	0
932.15	0	.6641581	.1006313	.2352107	0
931.15	0	.6635724	.1010368	.2353909	0
930.15	0	.6629893	.1014406	.2355701	0
929.15	0	.6624088	.1018428	.2357484	0
928.15	0	.6618309	.1022435	.2359257	0
927.15	0	.6612555	.1026425	.236102	0
926.15	0	.6606827	.1030401	.2362772	0
925.15	0	.6601124	.1034361	.2364515	0
924.15	0	.6595447	.1038306	.2366247	0
923.15	0	.6589794	.1042237	.2367969	0
922.15	0	.6584166	.1046153	.2369681	0
921.15	0	.6578563	.1050055	.2371383	0
920.15	0	.6572983	.1053943	.2373073	0
919.15	0	.6567428	.1057818	.2374754	0
918.15	0	.6561897	.106168	.2376424	0
917.15	0	.6556389	.1065529	.2378083	0
916.15	0	.6550904	.1069365	.2379731	0
915.15	0	.6545443	.1073189	.2381368	0
914.15	0	.6540005	.1077001	.2382994	0
913.15	0	.6534588	.1080802	.238461	0
912.15	0	.6529194	.1084592	.2386214	0
911.15	0	.6523823	.1088371	.2387807	0
910.15	0	.6518472	.1092139	.2389389	0
909.15	0	.6513143	.1095898	.2390959	0
908.15	0	.6507835	.1099647	.2392517	0
907.15	0	.6502548	.1103387	.2394065	0
906.15	0	.6497281	.1107119	.23956	0
905.15	0	.6492034	.1110842	.2397124	0
904.15	0	.6486807	.1114558	.2398635	0
903.15	0	.6481599	.1118266	.2400135	0
902.15	0	.647641	.1121968	.2401622	0
901.15	0	.6471239	.1125663	.2403097	0
900.15	0	.6466087	.1129353	.240456	0
899.15	0	.6460952	.1133038	.2406011	0
898.15	0	.6455834	.1136718	.2407448	0
897.15	0	.6450733	.1140393	.2408873	0
896.15	0	.6445649	.1144066	.2410286	0
895.15	0	.644058	.1147735	.2411685	0
894.15	0	.6435527	.1151402	.2413071	0
893.15	0	.6430489	.1155068	.2414443	0
892.15	0	.6425465	.1158732	.2415802	0
891.15	0	.6420455	.1162397	.2417148	0
890.15	0	.6415458	.1166062	.241848	0
889.15	0	.6410474	.1169727	.2419798	0
888.15	0	.6405502	.1173395	.2421102	0
887.15	0	.6400542	.1177065	.2422393	0
886.15	0	.6395593	.1180739	.2423668	0
885.15	0	.6390654	.1184417	.2424929	0
884.15	0	.6385724	.11881	.2426175	0
883.15	0	.6380804	.1191789	.2427407	0
882.15	0	.6375892	.1195485	.2428623	0
881.15	0	.6370987	.1199188	.2429825	0
880.15	0	.6366089	.12029	.243101	0
879.15	0	.6361198	.1206622	.243218	0
878.15	0	.6356311	.1210355	.2433335	0
877.15	0	.6351429	.1214098	.2434473	0
876.15	0	.634655	.1217855	.2435595	0
875.15	0	.6341674	.1221626	.24367	0
874.15	0	.63368	.1225411	.2437788	0
873.15	0	.6331927	.1229213	.243886	0
872.15	0	.6327054	.1233032	.2439914	0
871.15	0	.6322179	.123687	.2440951	0
870.15	0	.6317302	.1240728	.244197	0
869.15	0	.6312422	.1244607	.2442971	0
868.15	0	.6307538	.1248509	.2443954	0
867.15	0	.6302648	.1252435	.2444917	0
866.15	0	.6297751	.1256386	.2445862	0
865.15	0	.6292847	.1260365	.2446788	0
864.15	0	.6287933	.1264373	.2447694	0
863.15	0	.6283008	.1268412	.244858	0
862.15	0	.6278072	.1272483	.2449446	0
861.15	0	.6273121	.1276588	.2450291	0
860.15	0	.6268156	.1280729	.2451115	0
859.15	0	.6263174	.1284909	.2451917	0
858.15	0	.6258174	.1289128	.2452698	0
857.15	0	.6253154	.1293391	.2453456	0
856.15	0	.6248112	.1297697	.2454191	0
855.15	0	.6243046	.1302051	.2454903	0
854.15	0	.6237955	.1306454	.2455591	0
853.15	0	.6232836	.131091	.2456254	0
852.15	0	.6227687	.131542	.2456893	0
851.15	0	.6222506	.1319988	.2457506	0
850.15	0	.621729	.1324617	.2458093	0
849.15	0	.6212038	.1329309	.2458653	0
848.15	0	.6206745	.1334069	.2459186	0
847.15	0	.620141	.13389	.245969	0
846.15	0	.619603	.1343805	.2460165	0
845.15	0	.6190601	.1348789	.2460611	0
844.15	0	.618512	.1353855	.2461026	0
843.15	0	.6179583	.1359008	.2461409	0
842.15	0	.6173988	.1364253	.2461759	0
841.15	0	.616833	.1369594	.2462077	0
840.15	0	.6162604	.1375037	.2462359	0
839.15	0	.6156806	.1380588	.2462605	0
838.15	0	.6150932	.1386253	.2462814	0
837.15	0	.6144977	.1392038	.2462985	0
836.15	0	.6138934	.1397951	.2463116	0
835.15	0	.6132797	.1403998	.2463205	0
834.15	0	.6126561	.1410188	.2463251	0
833.15	0	.6120219	.141653	.2463251	0
832.15	0	.6113762	.1423033	.2463205	0
831.15	0	.6107183	.1429708	.2463109	0
830.15	0	.6095981	.1441835	.2462184	0
829.15	0	.6084693	.1454116	.2461191	0
828.15	0	.6073931	.1465831	.2460238	0
827.15	0	.606366	.1477018	.2459322	0
826.15	0	.6053848	.1487712	.245844	0
825.15	0	.6044465	.1497944	.2457591	0
824.15	0	.6035485	.1507744	.2456771	0
823.15	0	.6026883	.1517137	.245598	0
822.15	0	.6018636	.1526149	.2455215	0
821.15	0	.6010723	.1534802	.2454475	0
820.15	0	.6003126	.1543116	.2453758	0
819.15	0	.5995826	.1551112	.2453063	0
818.15	0	.5988806	.1558806	.2452388	0
817.15	0	.5982052	.1566216	.2451732	0
816.15	0	.597555	.1573357	.2451094	0
815.15	0	.5969285	.1580243	.2450472	0
814.15	0	.5963245	.1586887	.2449867	0
813.15	0	.595742	.1593303	.2449277	0
812.15	0	.5951798	.1599501	.2448701	0
811.15	0	.5946369	.1605493	.2448139	0
810.15	0	.5941123	.1611288	.2447589	0
809.15	0	.5936052	.1616897	.2447051	0
808.15	0	.5931148	.1622328	.2446524	0
807.15	0	.5926402	.162759	.2446008	0
806.15	0	.5921807	.1632691	.2445502	0
805.15	0	.5917356	.1637638	.2445006	0
804.15	0	.5913043	.1642439	.2444518	0
803.15	0	.5908861	.1647099	.244404	0
802.15	0	.5904805	.1651626	.2443569	0
801.15	0	.5900868	.1656025	.2443106	0
800.15	0	.5897047	.1660303	.244265	0
799.15	0	.5893335	.1664463	.2442202	0
798.15	0	.5889729	.1668512	.244176	0
797.15	0	.5886223	.1672454	.2441324	0
796.15	0	.5882813	.1676294	.2440894	0
795.15	0	.5879496	.1680035	.2440469	0
794.15	0	.5876267	.1683682	.244005	0
793.15	0	.5873124	.168724	.2439636	0
792.15	0	.5870062	.1690711	.2439227	0
791.15	0	.5867078	.1694099	.2438823	0
790.15	0	.586417	.1697408	.2438422	0
789.15	0	.5861333	.170064	.2438026	0
788.15	0	.5858567	.1703799	.2437634	0
787.15	0	.5855867	.1706888	.2437246	0
786.15	0	.5853231	.1709908	.2436861	0
785.15	0	.5850657	.1712864	.2436479	0
784.15	0	.5848142	.1715757	.2436101	0
783.15	0	.5845684	.171859	.2435726	0
782.15	0	.5843281	.1721365	.2435353	0
781.15	0	.5840932	.1724085	.2434984	0
780.15	0	.5838633	.1726751	.2434617	0
779.15	0	.5836383	.1729365	.2434252	0
778.15	0	.5834181	.1731929	.243389	0
777.15	0	.5832025	.1734445	.243353	0
776.15	0	.5829912	.1736916	.2433172	0
775.15	0	.5827842	.1739341	.2432816	0
774.15	0	.5825813	.1741724	.2432462	0
773.15	0	.5823824	.1744066	.243211	0
772.15	0	.5821873	.1746367	.243176	0
771.15	0	.5819959	.174863	.2431411	0
770.15	0	.581808	.1750856	.2431064	0
769.15	0	.5816236	.1753046	.2430718	0
768.15	0	.5814425	.1755202	.2430373	0
767.15	0	.5812646	.1757324	.243003	0
766.15	0	.5810898	.1759414	.2429688	0
765.15	0	.5809181	.1761472	.2429347	0
764.15	0	.5807492	.1763501	.2429008	0
763.15	0	.5805831	.17655	.2428669	0
762.15	0	.5804198	.1767471	.2428331	0
761.15	0	.5802591	.1769415	.2427994	0
760.15	0	.5801009	.1771332	.2427658	0
759.15	0	.579947	.1773211	.2427319	0
758.15	0	.5797935	.177508	.2426985	0
757.15	0	.5796424	.1776924	.2426652	0
756.15	0	.5794935	.1778746	.2426319	0
755.15	0	.5793469	.1780545	.2425987	0
754.15	0	.5792023	.1782322	.2425655	0
753.15	0	.5790597	.1784079	.2425324	0
752.15	0	.5789192	.1785815	.2424993	0
751.15	0	.5787806	.1787531	.2424663	0
750.15	0	.5786438	.1789228	.2424333	0
749.15	0	.5785089	.1790907	.2424004	0
748.15	0	.5783757	.1792568	.2423675	0
747.15	0	.5782443	.1794212	.2423346	0
746.15	0	.5781145	.1795838	.2423017	0
745.15	0	.5779863	.1797448	.2422689	0
744.15	0	.5778596	.1799043	.2422361	0
743.15	0	.5777345	.1800622	.2422033	0
742.15	0	.5776109	.1802186	.2421705	0
741.15	0	.5774887	.1803736	.2421378	0
740.15	0	.5773678	.1805271	.242105	0
739.15	0	.5772484	.1806793	.2420723	0
738.15	0	.5771302	.1808302	.2420396	0
737.15	0	.5770133	.1809798	.2420069	0
736.15	0	.5768977	.1811281	.2419741	0
735.15	0	.5767833	.1812752	.2419414	0
734.15	0	.5766701	.1814212	.2419087	0
733.15	0	.576558	.181566	.241876	0
732.15	0	.576447	.1817097	.2418433	0
731.15	0	.5763372	.1818523	.2418106	0
730.15	0	.5762283	.1819938	.2417778	0
729.15	0	.5761206	.1821343	.2417451	0
728.15	0	.5760138	.1822739	.2417124	0
727.15	0	.575908	.1824124	.2416796	0
726.15	0	.5758031	.18255	.2416469	0
725.15	0	.5756992	.1826867	.2416141	0
724.15	0	.5755962	.1828225	.2415813	0
723.15	0	.575494	.1829575	.2415485	0
722.15	0	.5753928	.1830916	.2415157	0
721.15	0	.5752923	.1832248	.2414829	0
720.15	0	.5751927	.1833573	.24145	0
719.15	0	.5750939	.183489	.2414172	0
718.15	0	.5749959	.1836199	.2413843	0
717.15	0	.5748986	.18375	.2413514	0
716.15	0	.5748021	.1838795	.2413184	0
715.15	0	.5747063	.1840082	.2412855	0
714.15	0	.5746112	.1841363	.2412526	0
713.15	0	.5745168	.1842636	.2412196	0
712.15	0	.5744231	.1843903	.2411866	0
711.15	0	.5743301	.1845164	.2411535	0
710.15	0	.5742377	.1846418	.2411205	0
709.15	0	.5741459	.1847667	.2410874	0
708.15	0	.5740547	.1848909	.2410543	0
707.15	0	.5739642	.1850146	.2410212	0
706.15	0	.5738743	.1851377	.2409881	0
705.15	0	.5737849	.1852602	.2409549	0
704.15	0	.5736961	.1853822	.2409217	0
703.15	0	.5736079	.1855037	.2408885	0
702.15	0	.5735202	.1856246	.2408552	0
701.15	0	.573433	.185745	.240822	0
700.15	0	.5733463	.185865	.2407887	0
699.15	0	.5732602	.1859844	.2407554	0
698.15	0	.5731746	.1861034	.240722	0
697.15	0	.5730894	.1862219	.2406887	0
696.15	0	.5730048	.18634	.2406553	0
695.15	0	.5729206	.1864576	.2406218	0
694.15	0	.5728369	.1865748	.2405884	0
693.15	0	.5727536	.1866915	.2405549	0
692.15	0	.5726708	.1868078	.2405214	0
691.15	0	.5725884	.1869237	.2404879	0
690.15	0	.5725064	.1870392	.2404543	0
689.15	0	.5724249	.1871544	.2404208	0
688.15	0	.5723438	.1872691	.2403871	0
687.15	0	.572263	.1873835	.2403535	0
686.15	0	.5721827	.1874974	.2403199	0
685.15	0	.5721028	.187611	.2402862	0
684.15	0	.5720232	.1877243	.2402525	0
683.15	0	.5719441	.1878372	.2402187	0
682.15	0	.5718653	.1879498	.240185	0
681.15	0	.5717868	.188062	.2401512	0
680.15	0	.5717088	.1881738	.2401174	0
679.15	0	.5716311	.1882854	.2400836	0
678.15	0	.5715537	.1883966	.2400497	0
677.15	0	.5714767	.1885075	.2400158	0
676.15	0	.5714	.1886181	.2399819	0
675.15	0	.5713236	.1887284	.239948	0
674.15	0	.5712476	.1888384	.239914	0
673.15	0	.5711719	.1889481	.23988	0
672.15	0	.5710965	.1890575	.2398461	0
671.15	0	.5710214	.1891666	.239812	0
670.15	0	.5709466	.1892754	.239778	0
669.15	0	.5708721	.189384	.2397439	0
668.15	0	.5707979	.1894922	.2397098	0
667.15	0	.5707241	.1896002	.2396757	0
666.15	0	.5706505	.189708	.2396416	0
665.15	0	.5705771	.1898154	.2396074	0
664.15	0	.5705041	.1899226	.2395733	0
663.15	0	.5704314	.1900295	.2395391	0
662.15	0	.5703589	.1901362	.2395049	0
661.15	0	.5702867	.1902427	.2394706	0
660.15	0	.5702147	.1903489	.2394364	0
659.15	0	.5701431	.1904548	.2394021	0
658.15	0	.5700717	.1905605	.2393678	0
657.15	0	.5700005	.190666	.2393335	0
656.15	0	.5699296	.1907712	.2392992	0
655.15	0	.5698589	.1908762	.2392649	0
654.15	0	.5697885	.1909809	.2392305	0
653.15	0	.5697184	.1910855	.2391961	0
652.15	0	.5696485	.1911898	.2391618	0
651.15	0	.5695788	.1912939	.2391274	0
650.15	0	.5695094	.1913977	.2390929	0
649.15	0	.5694401	.1915013	.2390585	0
648.15	0	.5693712	.1916047	.2390241	0
647.15	0	.5693024	.191708	.2389896	0
646.15	0	.5692339	.1918109	.2389552	0
645.15	0	.5691656	.1919137	.2389207	0
644.15	0	.5690975	.1920163	.2388862	0
643.15	0	.5690297	.1921186	.2388517	0
642.15	0	.568962	.1922208	.2388172	0
641.15	0	.5688946	.1923227	.2387826	0
640.15	0	.5688274	.1924245	.2387481	0
639.15	0	.5687604	.192526	.2387135	0
638.15	0	.5686937	.1926273	.238679	0
637.15	0	.5686271	.1927285	.2386444	0
636.15	0	.5685607	.1928294	.2386099	0
635.15	0	.5684945	.1929302	.2385753	0
634.15	0	.5684286	.1930307	.2385407	0
633.15	0	.5683628	.1931311	.2385061	0
632.15	0	.5682973	.1932312	.2384715	0
631.15	0	.5682319	.1933312	.2384369	0
630.15	0	.5681667	.193431	.2384023	0
629.15	0	.5681018	.1935305	.2383677	0
628.15	0	.568037	.1936299	.2383331	0
627.15	0	.5679724	.1937291	.2382985	0
626.15	0	.567908	.1938282	.2382638	0
625.15	0	.5678438	.193927	.2382292	0
624.15	0	.5677798	.1940256	.2381946	0
623.15	0	.5677159	.1941241	.23816	0
622.15	0	.5676523	.1942224	.2381253	0
621.15	0	.5675888	.1943205	.2380907	0
620.15	0	.5675255	.1944184	.2380561	0
619.15	0	.5674624	.1945161	.2380215	0
618.15	0	.5673995	.1946136	.2379869	0
617.15	0	.5673368	.194711	.2379522	0
616.15	0	.5672742	.1948082	.2379176	0
615.15	0	.5672118	.1949052	.237883	0
614.15	0	.5671496	.195002	.2378484	0
613.15	0	.5670876	.1950986	.2378138	0
612.15	0	.5670257	.1951951	.2377792	0
611.15	0	.566964	.1952914	.2377446	0
610.15	0	.5669025	.1953875	.23771	0
609.15	0	.5668412	.1954834	.2376754	0
608.15	0	.56678	.1955792	.2376409	0
607.15	0	.566719	.1956747	.2376063	0
606.15	0	.5666582	.1957701	.2375717	0
605.15	0	.5665975	.1958653	.2375372	0
604.15	0	.566537	.1959604	.2375027	0
603.15	0	.5664767	.1960552	.2374681	0
602.15	0	.5664165	.1961499	.2374336	0
601.15	0	.5663565	.1962444	.2373991	0
600.15	0	.5662967	.1963387	.2373646	0
599.15	0	.566237	.1964329	.2373301	0
598.15	0	.5661775	.1965269	.2372957	0
597.15	0	.5661181	.1966207	.2372612	0
596.15	0	.5660589	.1967143	.2372268	0
595.15	0	.5659999	.1968077	.2371924	0
594.15	0	.5659411	.196901	.237158	0
593.15	0	.5658824	.1969941	.2371236	0
592.15	0	.5658238	.197087	.2370892	0
591.15	0	.5657654	.1971797	.2370548	0
590.15	0	.5657072	.1972723	.2370205	0
589.15	0	.5656491	.1973647	.2369862	0
588.15	0	.5655912	.1974569	.2369519	0
587.15	0	.5655335	.1975489	.2369176	0
586.15	0	.5654759	.1976408	.2368834	0
585.15	0	.5654185	.1977324	.2368491	0
584.15	0	.5653612	.1978239	.2368149	0
583.15	0	.565304	.1979153	.2367807	0
582.15	0	.5652471	.1980064	.2367465	0
581.15	0	.5651903	.1980974	.2367124	0
580.15	0	.5651336	.1981881	.2366783	0
579.15	0	.5650771	.1982787	.2366442	0
578.15	0	.5650207	.1983692	.2366101	0
577.15	0	.5649645	.1984594	.2365761	0
576.15	0	.5649085	.1985495	.236542	0
575.15	0	.5648526	.1986394	.236508	0
574.15	0	.5647969	.1987291	.2364741	0
573.15	0	.5647413	.1988186	.2364402	0
572.15	0	.5646858	.1989079	.2364063	0
571.15	0	.5646305	.1989971	.2363724	0
570.15	0	.5645754	.1990861	.2363385	0
569.15	0	.5645204	.1991749	.2363047	0
568.15	0	.5644656	.1992635	.2362709	0
567.15	0	.5644109	.1993519	.2362372	0
566.15	0	.5643564	.1994402	.2362035	0
565.15	0	.564302	.1995282	.2361698	0
564.15	0	.5642478	.1996161	.2361361	0
563.15	0	.5641937	.1997038	.2361025	0
562.15	0	.5641397	.1997913	.2360689	0
561.15	0	.564086	.1998786	.2360354	0
560.15	0	.5640323	.1999658	.2360019	0
559.15	0	.5639789	.2000527	.2359684	0
558.15	0	.5639255	.2001395	.235935	0
557.15	0	.5638723	.2002261	.2359016	0
556.15	0	.5638193	.2003125	.2358682	0
555.15	0	.5637664	.2003987	.2358349	0
554.15	0	.5637137	.2004847	.2358017	0
553.15	0	.5636611	.2005705	.2357684	0
552.15	0	.5636086	.2006562	.2357352	0
551.15	0	.5635563	.2007416	.2357021	0
550.15	0	.5635042	.2008269	.235669	0
549.15	0	.5634522	.2009119	.2356359	0
548.15	0	.5634003	.2009968	.2356029	0
547.15	0	.5633486	.2010815	.2355699	0
546.15	0	.5632971	.201166	.235537	0
545.15	0	.5632457	.2012503	.2355041	0
544.15	0	.5631944	.2013344	.2354712	0
543.15	0	.5631433	.2014183	.2354384	0
542.15	0	.5630923	.201502	.2354057	0
541.15	0	.5630415	.2015855	.235373	0
540.15	0	.5629908	.2016688	.2353403	0
539.15	0	.5629403	.201752	.2353077	0
538.15	0	.5628899	.2018349	.2352752	0
537.15	0	.5628397	.2019176	.2352427	0
536.15	0	.5627896	.2020002	.2352102	0
535.15	0	.5627397	.2020825	.2351778	0
534.15	0	.5626899	.2021646	.2351455	0
533.15	0	.5626402	.2022466	.2351132	0
532.15	0	.5625907	.2023283	.235081	0
531.15	0	.5625414	.2024099	.2350488	0
530.15	0	.5624922	.2024912	.2350166	0
529.15	0	.5624431	.2025723	.2349846	0
528.15	0	.5623942	.2026533	.2349526	0
527.15	0	.5623454	.202734	.2349206	0
526.15	0	.5622968	.2028145	.2348887	0
525.15	0	.5622483	.2028948	.2348568	0
524.15	0	.5622	.2029749	.234825	0
523.15	0	.5621518	.2030548	.2347933	0
522.15	0	.5621038	.2031346	.2347616	0
521.15	0	.5620559	.2032141	.23473	0
520.15	0	.5620082	.2032933	.2346985	0
519.15	0	.5619606	.2033724	.234667	0
518.15	0	.5619132	.2034513	.2346356	0
517.15	0	.5618659	.20353	.2346042	0
516.15	0	.5618187	.2036084	.2345729	0
515.15	0	.5617717	.2036867	.2345416	0
514.15	0	.5617248	.2037647	.2345105	0
513.15	0	.5616781	.2038425	.2344793	0
512.15	0	.5616316	.2039201	.2344483	0
511.15	0	.5615852	.2039975	.2344173	0
510.15	0	.5615389	.2040747	.2343864	0
509.15	0	.5614928	.2041517	.2343555	0
508.15	0	.5614468	.2042284	.2343248	0
507.15	0	.5614011	.204305	.234294	0
506.15	0	.5613554	.2043813	.2342633	0
505.15	0	.5613099	.2044574	.2342327	0
504.15	0	.5612645	.2045333	.2342022	0
503.15	0	.5612192	.204609	.2341718	0
502.15	0	.5611742	.2046845	.2341414	0
501.15	0	.5611292	.2047597	.2341111	0
500.15	0	.5610844	.2048347	.2340809	0
499.15	0	.5610398	.2049095	.2340507	0
498.15	0	.5609953	.2049841	.2340206	0
497.15	0	.5609509	.2050585	.2339906	0
496.15	0	.5609067	.2051326	.2339607	0
495.15	0	.5608626	.2052065	.2339309	0
494.15	0	.5608187	.2052802	.2339011	0
493.15	0	.5607749	.2053537	.2338714	0
492.15	0	.5607313	.2054269	.2338417	0
491.15	0	.5606879	.2055	.2338122	0
490.15	0	.5606445	.2055728	.2337827	0
489.15	0	.5606014	.2056453	.2337533	0
488.15	0	.5605583	.2057177	.233724	0
487.15	0	.5605155	.2057898	.2336947	0
486.15	0	.5604727	.2058617	.2336656	0
485.15	0	.5604301	.2059334	.2336365	0
484.15	0	.5603877	.2060048	.2336075	0
483.15	0	.5603454	.206076	.2335786	0
482.15	0	.5603033	.206147	.2335497	0
481.15	0	.5602613	.2062178	.233521	0
480.15	0	.5602194	.2062883	.2334923	0
479.15	0	.5601777	.2063586	.2334637	0
478.15	0	.5601362	.2064287	.2334352	0
477.15	0	.5600948	.2064985	.2334067	0
476.15	0	.5600535	.2065681	.2333784	0
475.15	0	.5600124	.2066374	.2333501	0
474.15	0	.5599715	.2067066	.233322	0
473.15	0	.5599306	.2067755	.2332939	0
472.15	0	.55989	.2068441	.2332659	0
471.15	0	.5598495	.2069126	.233238	0
470.15	0	.5598091	.2069807	.2332101	0
469.15	0	.5597689	.2070487	.2331824	0
468.15	0	.5597288	.2071164	.2331548	0
467.15	0	.5596889	.2071839	.2331272	0
466.15	0	.5596491	.2072511	.2330997	0
465.15	0	.5596095	.2073182	.2330723	0
464.15	0	.55957	.2073849	.2330451	0
463.15	0	.5595307	.2074514	.2330179	0
462.15	0	.5594915	.2075177	.2329907	0
461.15	0	.5594525	.2075838	.2329637	0
460.15	0	.5594136	.2076496	.2329368	0
459.15	0	.5593749	.2077152	.23291	0
458.15	0	.5593363	.2077805	.2328832	0
457.15	0	.5592979	.2078456	.2328566	0
456.15	0	.5592596	.2079104	.23283	0
455.15	0	.5592214	.207975	.2328036	0
454.15	0	.5591834	.2080394	.2327772	0
453.15	0	.5591456	.2081035	.2327509	0
452.15	0	.5591079	.2081673	.2327248	0
451.15	0	.5590704	.208231	.2326987	0
450.15	0	.559033	.2082943	.2326727	0
449.15	0	.5589957	.2083574	.2326468	0
448.15	0	.5589587	.2084203	.2326211	0
447.15	0	.5589218	.2084828	.2325954	0
446.15	0	.558885	.2085452	.2325698	0
445.15	0	.5588484	.2086072	.2325444	0
444.15	0	.558812	.208669	.232519	0
443.15	0	.5587757	.2087305	.2324938	0
442.15	0	.5587396	.2087917	.2324686	0
441.15	0	.5587037	.2088527	.2324436	0
440.15	0	.558668	.2089134	.2324187	0
439.15	0	.5586324	.2089738	.2323939	0
438.15	0	.558597	.2090338	.2323692	0
437.15	0	.5585618	.2090936	.2323446	0
436.15	0	.5585267	.2091531	.2323202	0
435.15	0	.5584919	.2092123	.2322958	0
434.15	0	.5584572	.2092712	.2322716	0
433.15	0	.5584227	.2093298	.2322475	0
432.15	0	.5583884	.2093881	.2322235	0
431.15	0	.5583543	.2094461	.2321997	0
430.15	0	.5583204	.2095037	.2321759	0
429.15	0	.5582866	.2095611	.2321523	0
428.15	0	.5582531	.2096181	.2321288	0
427.15	0	.5582197	.2096748	.2321055	0
426.15	0	.5581866	.2097312	.2320823	0
425.15	0	.5581536	.2097873	.2320592	0
424.15	0	.5581208	.209843	.2320362	0
423.15	0	.5580882	.2098984	.2320134	0
422.15	0	.5580558	.2099535	.2319906	0
421.15	0	.5580236	.2100083	.2319681	0
420.15	0	.5579916	.2100628	.2319456	0
419.15	0	.5579598	.2101169	.2319233	0
418.15	0	.5579282	.2101707	.2319011	0
417.15	0	.5578968	.2102241	.231879	0
416.15	0	.5578656	.2102773	.2318571	0
415.15	0	.5578346	.2103301	.2318353	0
414.15	0	.5578038	.2103826	.2318137	0
413.15	0	.5577731	.2104347	.2317921	0
412.15	0	.5577427	.2104866	.2317707	0
411.15	0	.5577125	.2105381	.2317495	0
410.15	0	.5576824	.2105893	.2317283	0
409.15	0	.5576526	.2106401	.2317074	0
408.2646	0	.5576263	.2106848	.2316889	0
408.2646	0	.5576263	.2106848	.2316889	0
408.2646	0	.5576263	.2106848	.2316889	0
408.15	0	.5576475	.2106321	.2316587	6.173343E-05
407.15	0	.5578319	.2101724	.2313959	5.998281E-04
406.15	0	.558016	.2097133	.2311335	.00113721
405.15	0	.5581998	.2092546	.2308717	.001673886
404.15	0	.5583834	.2087965	.2306103	.002209861
403.15	0	.5585665	.2083389	.2303494	.002745142
402.15	0	.5587494	.2078817	.2300891	.003279735
401.15	0	.5589321	.2074251	.2298292	.003813645
400.15	0	.5591144	.2069689	.2295698	.004346879
399.15	0	.5592964	.2065132	.2293109	.004879443
398.15	0	.5594782	.2060579	.2290525	.005411342
397.15	0	.5596597	.2056031	.2287946	.005942581
396.15	0	.5598409	.2051488	.2285372	.006473167
395.15	0	.5600219	.2046948	.2282802	.007003105
394.15	0	.5602026	.2042413	.2280237	.0075324
393.15	0	.5603831	.2037882	.2277677	.008061057
392.15	0	.5605633	.2033355	.2275121	.008589083
391.15	0	.5607433	.2028832	.227257	.009116482
390.15	0	.5609231	.2024313	.2270024	.009643259
389.15	0	.5611026	.2019798	.2267482	.01016942
388.15	0	.5612819	.2015287	.2264945	.01069497
