T	 BPW(LIQUID)	BPW(BCC_A2)	BPW(FCC_A1)	BPW(LAVES_PHASE_C14)	BPW(NI3TI)
1473.15	.1930525	.6934701	0	.1134774	0
1472.15	.1875059	.6970265	0	.1154676	0
1471.933	.1863175	.6977879	0	.1158947	0
1471.933	.1863175	.6977879	0	.1158947	0
1471.933	.1863175	.6977879	0	.1158947	0
1471.15	.1696782	.6817092	.02675727	.1218553	0
1470.15	.1489651	.6618827	.05992573	.1292264	0
1469.15	.1288196	.6428075	.09203112	.1363418	0
1468.15	.109215	.6244478	.1231238	.1432134	0
1467.15	.09012592	.6067705	.1532509	.1498527	0
1466.15	.07152848	.5897442	.182457	.1562704	0
1465.15	.05340029	.5733395	.2107837	.1624765	0
1464.15	.03572017	.5575288	.2382706	.1684805	0
1463.15	.01846817	.5422859	.2649546	.1742914	0
1462.15	.001625415	.5275862	.2908708	.1799176	0
1462.052	0	.5261773	.2933646	.180458	0
1462.052	0	.5261773	.2933646	.180458	0
1461.15	0	.5231055	.2958867	.1810078	0
1460.15	0	.51971	.2986752	.1816148	0
1459.15	0	.5163241	.3014567	.1822192	0
1458.15	0	.5129477	.304231	.1828212	0
1457.15	0	.5095809	.3069983	.1834208	0
1456.15	0	.5062236	.3097585	.1840179	0
1455.15	0	.5028758	.3125117	.1846125	0
1454.15	0	.4995374	.3152578	.1852048	0
1453.15	0	.4962085	.3179969	.1857946	0
1452.15	0	.492889	.3207289	.1863821	0
1451.15	0	.4895789	.323454	.1869671	0
1450.15	0	.4862781	.3261721	.1875498	0
1449.15	0	.4829867	.3288832	.1881302	0
1448.15	0	.4797046	.3315873	.1887081	0
1447.15	0	.4764317	.3342845	.1892838	0
1446.15	0	.4731682	.3369747	.1898571	0
1445.15	0	.4699139	.339658	.1904281	0
1444.15	0	.4666687	.3423345	.1909968	0
1443.15	0	.4634328	.345004	.1915632	0
1442.15	0	.4602061	.3476666	.1921273	0
1441.15	0	.4569885	.3503224	.1926892	0
1440.15	0	.45378	.3529713	.1932488	0
1439.15	0	.4505806	.3556133	.1938061	0
1438.15	0	.4473903	.3582485	.1943612	0
1437.15	0	.444209	.3608769	.1949141	0
1436.15	0	.4410368	.3634985	.1954648	0
1435.15	0	.4378735	.3661132	.1960133	0
1434.15	0	.4347193	.3687212	.1965595	0
1433.15	0	.431574	.3713224	.1971036	0
1432.15	0	.4284377	.3739168	.1976455	0
1431.15	0	.4253103	.3765044	.1981853	0
1430.15	0	.4221918	.3790854	.1987229	0
1429.15	0	.4190821	.3816595	.1992584	0
1428.15	0	.4159813	.384227	.1997917	0
1427.15	0	.4128894	.3867877	.2003229	0
1426.15	0	.4098063	.3893418	.200852	0
1425.15	0	.4067319	.3918891	.201379	0
1424.15	0	.4036664	.3944298	.2019039	0
1423.15	0	.4006095	.3969637	.2024267	0
1422.15	0	.3975615	.3994911	.2029475	0
1421.15	0	.3945221	.4020117	.2034662	0
1420.15	0	.3914914	.4045257	.2039828	0
1419.15	0	.3884695	.4070331	.2044974	0
1418.15	0	.3854561	.4095339	.20501	0
1417.15	0	.3824514	.412028	.2055206	0
1416.15	0	.3794554	.4145155	.2060291	0
1415.15	0	.3764679	.4169965	.2065356	0
1414.15	0	.373489	.4194708	.2070402	0
1413.15	0	.3705187	.4219386	.2075427	0
1412.15	0	.3675569	.4243998	.2080433	0
1411.15	0	.3646037	.4268544	.2085419	0
1410.15	0	.3616589	.4293025	.2090386	0
1409.15	0	.3587227	.4317441	.2095333	0
1408.15	0	.3557949	.434179	.210026	0
1407.15	0	.3528756	.4366075	.2105169	0
1406.15	0	.3499648	.4390294	.2110058	0
1405.15	0	.3470624	.4414449	.2114928	0
1404.15	0	.3441683	.4438538	.2119779	0
1403.15	0	.3412827	.4462562	.2124611	0
1402.15	0	.3384055	.4486521	.2129424	0
1401.15	0	.3355366	.4510416	.2134218	0
1400.15	0	.3326761	.4534245	.2138994	0
1399.15	0	.3298239	.455801	.2143751	0
1398.15	0	.32698	.458171	.214849	0
1397.15	0	.3241444	.4605346	.215321	0
1396.15	0	.3213171	.4628917	.2157912	0
1395.15	0	.3184981	.4652424	.2162595	0
1394.15	0	.3156874	.4675866	.2167261	0
1393.15	0	.3128849	.4699244	.2171908	0
1392.15	0	.3100906	.4722557	.2176537	0
1391.15	0	.3073045	.4745807	.2181148	0
1390.15	0	.3045267	.4768992	.2185742	0
1389.15	0	.301757	.4792113	.2190317	0
1388.15	0	.2989956	.4815169	.2194875	0
1387.15	0	.2962423	.4838162	.2199415	0
1386.15	0	.2934971	.4861091	.2203938	0
1385.15	0	.2907601	.4883956	.2208443	0
1384.15	0	.2880312	.4906757	.2212931	0
1383.15	0	.2853105	.4929494	.2217402	0
1382.15	0	.2825978	.4952167	.2221855	0
1381.15	0	.2798933	.4974776	.2226291	0
1380.15	0	.2771968	.4997322	.223071	0
1379.15	0	.2745084	.5019804	.2235112	0
1378.15	0	.2718281	.5042222	.2239497	0
1377.15	0	.2691558	.5064576	.2243865	0
1376.15	0	.2664916	.5086867	.2248217	0
1375.15	0	.2638354	.5109094	.2252552	0
1374.15	0	.2611873	.5131258	.225687	0
1373.15	0	.2585471	.5153358	.2261171	0
1372.15	0	.255915	.5175394	.2265456	0
1371.15	0	.2532908	.5197367	.2269724	0
1370.15	0	.2506747	.5219277	.2273977	0
1369.15	0	.2480665	.5241123	.2278212	0
1368.15	0	.2454663	.5262905	.2282432	0
1367.15	0	.2428741	.5284624	.2286635	0
1366.15	0	.2402898	.5306279	.2290823	0
1365.15	0	.2377134	.5327871	.2294994	0
1364.15	0	.2351451	.53494	.229915	0
1363.15	0	.2325846	.5370865	.2303289	0
1362.15	0	.2300321	.5392266	.2307413	0
1361.15	0	.2274875	.5413604	.2311521	0
1360.15	0	.2249508	.5434879	.2315613	0
1359.15	0	.2224221	.545609	.231969	0
1358.15	0	.2199012	.5477238	.2323751	0
1357.15	0	.2173882	.5498322	.2327796	0
1356.15	0	.2148832	.5519342	.2331826	0
1355.15	0	.212386	.5540299	.2335841	0
1354.15	0	.2098967	.5561193	.233984	0
1353.15	0	.2074153	.5582022	.2343825	0
1352.15	0	.2049418	.5602789	.2347794	0
1351.15	0	.2024761	.5623491	.2351748	0
1350.15	0	.2000183	.564413	.2355686	0
1349.15	0	.1975684	.5664706	.235961	0
1348.15	0	.1951264	.5685217	.2363519	0
1347.15	0	.1926922	.5705665	.2367413	0
1346.15	0	.1902659	.5726049	.2371293	0
1345.15	0	.1878474	.5746369	.2375157	0
1344.15	0	.1854368	.5766625	.2379007	0
1343.15	0	.1830341	.5786817	.2382842	0
1342.15	0	.1806392	.5806946	.2386662	0
1341.15	0	.1782521	.582701	.2390469	0
1340.15	0	.175873	.584701	.239426	0
1339.15	0	.1735016	.5866946	.2398037	0
1338.15	0	.1711381	.5886818	.24018	0
1337.15	0	.1687825	.5906626	.2405549	0
1336.15	0	.1664348	.592637	.2409283	0
1335.15	0	.1640949	.5946048	.2413003	0
1334.15	0	.1617628	.5965663	.2416709	0
1333.15	0	.1594386	.5985213	.2420401	0
1332.15	0	.1571223	.6004698	.2424079	0
1331.15	0	.1548138	.6024119	.2427743	0
1330.15	0	.1525132	.6043475	.2431393	0
1329.15	0	.1502205	.6062766	.2435029	0
1328.15	0	.1479357	.6081992	.2438651	0
1327.15	0	.1456587	.6101153	.244226	0
1326.15	0	.1433896	.612025	.2445855	0
1325.15	0	.1411284	.613928	.2449436	0
1324.15	0	.1388751	.6158246	.2453004	0
1323.15	0	.1366297	.6177146	.2456558	0
1322.15	0	.1343921	.6195981	.2460098	0
1321.15	0	.1321625	.621475	.2463625	0
1320.15	0	.1299408	.6233453	.2467139	0
1319.15	0	.127727	.625209	.2470639	0
1318.15	0	.1255212	.6270662	.2474126	0
1317.15	0	.1233233	.6289167	.24776	0
1316.15	0	.1211333	.6307606	.2481061	0
1315.15	0	.1189513	.6325979	.2484508	0
1314.15	0	.1167772	.6344286	.2487943	0
1313.15	0	.1146111	.6362525	.2491364	0
1312.15	0	.1124529	.6380698	.2494772	0
1311.15	0	.1103028	.6398805	.2498167	0
1310.15	0	.1081606	.6416844	.250155	0
1309.15	0	.1060265	.6434816	.2504919	0
1308.15	0	.1039004	.645272	.2508276	0
1307.15	0	.1017823	.6470558	.251162	0
1306.15	0	.09967217	.6488327	.2514951	0
1305.15	0	.09757015	.6506029	.2518269	0
1304.15	0	.09547619	.6523663	.2521575	0
1303.15	0	.0933903	.6541229	.2524868	0
1302.15	0	.09131249	.6558726	.2528149	0
1301.15	0	.08924279	.6576155	.2531417	0
1300.15	0	.08718119	.6593516	.2534673	0
1299.15	0	.08512773	.6610807	.2537916	0
1298.15	0	.08308241	.6628029	.2541146	0
1297.15	0	.08104524	.6645183	.2544365	0
1296.15	0	.07901625	.6662267	.2547571	0
1295.15	0	.07699544	.6679281	.2550765	0
1294.15	0	.07498284	.6696225	.2553947	0
1293.15	0	.07297846	.67131	.2557116	0
1292.15	0	.07098232	.6729904	.2560273	0
1291.15	0	.06899444	.6746637	.2563418	0
1290.15	0	.06701482	.67633	.2566551	0
1289.15	0	.0650435	.6779893	.2569672	0
1288.15	0	.0630805	.6796414	.2572781	0
1287.15	0	.06112582	.6812863	.2575879	0
1286.15	0	.05917949	.6829241	.2578964	0
1285.15	0	.05724154	.6845548	.2582037	0
1284.15	0	.05531197	.6861782	.2585098	0
1283.15	0	.05339082	.6877944	.2588148	0
1282.15	0	.0514781	.6894033	.2591186	0
1281.15	0	.04957384	.6910049	.2594212	0
1280.15	0	.04767806	.6925993	.2597227	0
1279.15	0	.04579079	.6941863	.260023	0
1278.15	0	.04391204	.6957659	.2603221	0
1277.15	0	.04204184	.6973381	.26062	0
1276.15	0	.04018021	.698903	.2609168	0
1275.15	0	.03832719	.7004603	.2612125	0
1274.15	0	.03648279	.7020102	.261507	0
1273.15	0	.03464704	.7035526	.2618004	0
1272.15	0	.03281997	.7050874	.2620926	0
1271.15	0	.03100161	.7066147	.2623837	0
1270.15	0	.02919199	.7081344	.2626736	0
1269.15	0	.02739112	.7096464	.2629624	0
1268.15	0	.02559905	.7111508	.2632501	0
1267.15	0	.0238158	.7126475	.2635367	0
1266.15	0	.02204139	.7141365	.2638221	0
1265.15	0	.02027587	.7156177	.2641065	0
1264.15	0	.01851926	.7170911	.2643897	0
1263.15	0	.01677159	.7185566	.2646718	0
1262.15	0	.0150329	.7200143	.2649528	0
1261.15	0	.01330322	.7214641	.2652327	0
1260.15	0	.01158258	.722906	.2655114	0
1259.15	0	.009871009	.7243399	.2657891	0
1258.15	0	.00816855	.7257657	.2660657	0
1257.15	0	.006475236	.7271835	.2663412	0
1256.15	0	.004791102	.7285933	.2666156	0
1255.15	0	.003116183	.7299949	.266889	0
1254.15	0	.001450518	.7313883	.2671612	0
1253.275	0	0	.7326014	.2673986	0
1253.275	0	0	.7326014	.2673986	0
1253.15	0	0	.732575	.267425	0
1252.15	0	0	.7323637	.2676363	0
1251.15	0	0	.7321528	.2678472	0
1250.15	0	0	.7319423	.2680577	0
1249.15	0	0	.7317323	.2682678	0
1248.15	0	0	.7315226	.2684774	0
1247.15	0	0	.7313134	.2686866	0
1246.15	0	0	.7311047	.2688953	0
1245.15	0	0	.7308963	.2691037	0
1244.15	0	0	.7306884	.2693116	0
1243.15	0	0	.730481	.269519	0
1242.15	0	0	.7302739	.2697261	0
1241.15	0	0	.7300673	.2699327	0
1240.15	0	0	.729861	.270139	0
1239.15	0	0	.7296552	.2703448	0
1238.15	0	0	.7294499	.2705501	0
1237.15	0	0	.7292449	.2707551	0
1236.15	0	0	.7290404	.2709596	0
1235.15	0	0	.7288363	.2711637	0
1234.15	0	0	.7286326	.2713674	0
1233.15	0	0	.7284294	.2715707	0
1232.15	0	0	.7282265	.2717735	0
1231.15	0	0	.7280241	.2719759	0
1230.15	0	0	.727822	.272178	0
1229.15	0	0	.7276205	.2723795	0
1228.15	0	0	.7274193	.2725807	0
1227.15	0	0	.7272185	.2727815	0
1226.15	0	0	.7270182	.2729819	0
1225.15	0	0	.7268182	.2731818	0
1224.15	0	0	.7266187	.2733813	0
1223.15	0	0	.7264196	.2735804	0
1222.15	0	0	.7262209	.2737791	0
1221.15	0	0	.7260226	.2739774	0
1220.15	0	0	.7258247	.2741753	0
1219.15	0	0	.7256272	.2743728	0
1218.15	0	0	.7254302	.2745698	0
1217.15	0	0	.7252335	.2747665	0
1216.15	0	0	.7250373	.2749627	0
1215.15	0	0	.7248414	.2751586	0
1214.15	0	0	.724646	.275354	0
1213.15	0	0	.724451	.275549	0
1212.15	0	0	.7242564	.2757436	0
1211.15	0	0	.7240621	.2759378	0
1210.15	0	0	.7238683	.2761317	0
1209.15	0	0	.7236749	.2763251	0
1208.15	0	0	.7234819	.2765181	0
1207.15	0	0	.7232893	.2767107	0
1206.15	0	0	.7230971	.2769029	0
1205.15	0	0	.7229054	.2770946	0
1204.15	0	0	.722714	.2772861	0
1203.15	0	0	.722523	.277477	0
1202.15	0	0	.7223324	.2776676	0
1201.15	0	0	.7221418	.2778582	0
1200.15	0	0	.721952	.278048	0
1199.15	0	0	.7217626	.2782374	0
1198.15	0	0	.7215736	.2784264	0
1197.15	0	0	.721385	.278615	0
1196.15	0	0	.7211968	.2788032	0
1195.15	0	0	.721009	.278991	0
1194.15	0	0	.7208216	.2791785	0
1193.15	0	0	.7206345	.2793655	0
1192.15	0	0	.7204479	.2795521	0
1191.15	0	0	.7202617	.2797383	0
1190.15	0	0	.7200758	.2799242	0
1189.15	0	0	.7198904	.2801096	0
1188.15	0	0	.7197053	.2802947	0
1187.15	0	0	.7195206	.2804794	0
1186.15	0	0	.7193364	.2806636	0
1185.15	0	0	.7191525	.2808475	0
1184.15	0	0	.718969	.281031	0
1183.15	0	0	.7187859	.2812141	0
1182.15	0	0	.7186032	.2813969	0
1181.15	0	0	.7184208	.2815792	0
1180.15	0	0	.7182389	.2817611	0
1179.15	0	0	.7180573	.2819427	0
1178.15	0	0	.7178762	.2821239	0
1177.15	0	0	.7176954	.2823046	0
1176.15	0	0	.717515	.282485	0
1175.15	0	0	.717335	.282665	0
1174.15	0	0	.7171553	.2828447	0
1173.15	0	0	.7169761	.2830239	0
1172.15	0	0	.7167972	.2832028	0
1171.15	0	0	.7166187	.2833813	0
1170.15	0	0	.7164407	.2835593	0
1169.15	0	0	.7162629	.2837371	0
1168.15	0	0	.7160856	.2839144	0
1167.15	0	0	.7159086	.2840914	0
1166.15	0	0	.7157321	.2842679	0
1165.15	0	0	.7155559	.2844441	0
1164.15	0	0	.7153801	.2846199	0
1163.15	0	0	.7152046	.2847954	0
1162.15	0	0	.7150296	.2849704	0
1161.15	0	0	.7148549	.2851451	0
1160.15	0	0	.7146806	.2853194	0
1159.15	0	0	.7145067	.2854933	0
1158.15	0	0	.7143331	.2856669	0
1157.15	0	0	.7141599	.2858401	0
1156.15	0	0	.7139872	.2860128	0
1155.15	0	0	.7138147	.2861853	0
1154.15	0	0	.7136427	.2863573	0
1153.15	0	0	.713471	.286529	0
1152.15	0	0	.7132997	.2867003	0
1151.15	0	0	.7131288	.2868712	0
1150.15	0	0	.7129582	.2870418	0
1149.15	0	0	.7127881	.287212	0
1148.15	0	0	.7126182	.2873818	0
1147.15	0	0	.7124488	.2875512	0
1146.15	0	0	.7122797	.2877203	0
1145.15	0	0	.712111	.287889	0
1144.15	0	0	.7119427	.2880573	0
1143.15	0	0	.7117748	.2882252	0
1142.15	0	0	.7116072	.2883928	0
1141.15	0	0	.7114399	.2885601	0
1140.15	0	0	.7112731	.2887269	0
1139.15	0	0	.7111066	.2888934	0
1138.15	0	0	.7109405	.2890595	0
1137.15	0	0	.7107747	.2892253	0
1136.15	0	0	.7106094	.2893907	0
1135.15	0	0	.7104443	.2895557	0
1134.15	0	0	.7102797	.2897203	0
1133.15	0	0	.7101154	.2898846	0
1132.15	0	0	.7099515	.2900485	0
1131.15	0	0	.7097879	.2902121	0
1130.15	0	0	.7096247	.2903753	0
1129.15	0	0	.7094619	.2905381	0
1128.15	0	0	.7092994	.2907006	0
1127.15	0	0	.7091373	.2908627	0
1126.15	0	0	.7089755	.2910245	0
1125.15	0	0	.7088142	.2911859	0
1124.15	0	0	.7086531	.2913469	0
1123.15	0	0	.7084925	.2915075	0
1122.15	0	0	.7083322	.2916679	0
1121.15	0	0	.7081722	.2918278	0
1120.15	0	0	.7080126	.2919874	0
1119.15	0	0	.7078534	.2921466	0
1118.15	0	0	.7076945	.2923055	0
1117.15	0	0	.707536	.292464	0
1116.15	0	0	.7073779	.2926221	0
1115.15	0	0	.7072201	.2927799	0
1114.15	0	0	.7070626	.2929374	0
1113.15	0	0	.7069056	.2930945	0
1112.15	0	0	.7067488	.2932512	0
1111.15	0	0	.7065925	.2934075	0
1110.15	0	0	.7064364	.2935636	0
1109.15	0	0	.7062808	.2937192	0
1108.15	0	0	.7061255	.2938745	0
1107.15	0	0	.7059705	.2940295	0
1106.15	0	0	.7058159	.2941841	0
1105.15	0	0	.7056617	.2943383	0
1104.15	0	0	.7055078	.2944922	0
1103.15	0	0	.7053543	.2946458	0
1102.15	0	0	.7052011	.2947989	0
1101.15	0	0	.7050482	.2949518	0
1100.15	0	0	.7048958	.2951043	0
1099.15	0	0	.7047436	.2952564	0
1098.15	0	0	.7045918	.2954082	0
1097.15	0	0	.7044404	.2955596	0
1096.15	0	0	.7042893	.2957107	0
1095.15	0	0	.7041386	.2958614	0
1094.15	0	0	.7039882	.2960118	0
1093.15	0	0	.7038382	.2961618	0
1092.15	0	0	.7036885	.2963115	0
1091.15	0	0	.7035391	.2964609	0
1090.15	0	0	.7033902	.2966099	0
1089.15	0	0	.7032415	.2967585	0
1088.15	0	0	.7030932	.2969068	0
1087.15	0	0	.7029453	.2970547	0
1086.15	0	0	.7027977	.2972023	0
1085.15	0	0	.7026504	.2973496	0
1084.15	0	0	.7025035	.2974965	0
1083.15	0	0	.7023569	.2976431	0
1082.15	0	0	.7022107	.2977893	0
1081.15	0	0	.7020648	.2979352	0
1080.15	0	0	.7019193	.2980807	0
1079.15	0	0	.7017741	.2982259	0
1078.15	0	0	.7016292	.2983708	0
1077.15	0	0	.7014847	.2985153	0
1076.15	0	0	.7013406	.2986594	0
1075.15	0	0	.7011968	.2988032	0
1074.15	0	0	.7010533	.2989467	0
1073.15	0	0	.7009102	.2990899	0
1072.15	0	0	.7007674	.2992326	0
1071.15	0	0	.7006249	.2993751	0
1070.15	0	0	.7004828	.2995172	0
1069.15	0	0	.700341	.299659	0
1068.15	0	0	.7001996	.2998004	0
1067.15	0	0	.7000585	.2999415	0
1066.15	0	0	.6999177	.3000823	0
1065.15	0	0	.6997773	.3002227	0
1064.15	0	0	.6996372	.3003628	0
1063.15	0	0	.6994975	.3005025	0
1062.15	0	0	.6993581	.3006419	0
1061.15	0	0	.699219	.300781	0
1060.15	0	0	.6990803	.3009197	0
1059.15	0	0	.6989419	.3010581	0
1058.15	0	0	.6988039	.3011961	0
1057.15	0	0	.6986662	.3013339	0
1056.15	0	0	.6985288	.3014712	0
1055.15	0	0	.6983917	.3016083	0
1054.15	0	0	.698255	.301745	0
1053.15	0	0	.6981187	.3018813	0
1052.15	0	0	.6979826	.3020174	0
1051.15	0	0	.6978469	.3021531	0
1050.15	0	0	.6977115	.3022885	0
1049.15	0	0	.6975765	.3024235	0
1048.15	0	0	.6974418	.3025582	0
1047.15	0	0	.6973074	.3026926	0
1046.15	0	0	.6971734	.3028266	0
1045.15	0	0	.6970397	.3029603	0
1044.15	0	0	.6969063	.3030937	0
1043.15	0	0	.6967733	.3032267	0
1042.15	0	0	.6966406	.3033595	0
1041.15	0	0	.6965082	.3034918	0
1040.15	0	0	.6963761	.3036239	0
1039.15	0	0	.6962444	.3037556	0
1038.15	0	0	.696113	.303887	0
1037.15	0	0	.695982	.304018	0
1036.15	0	0	.6958512	.3041488	0
1035.15	0	0	.6957208	.3042792	0
1034.15	0	0	.6955908	.3044092	0
1033.15	0	0	.695461	.304539	0
1032.15	0	0	.6953316	.3046684	0
1031.15	0	0	.6952025	.3047975	0
1030.15	0	0	.6950738	.3049262	0
1029.15	0	0	.6949454	.3050546	0
1028.15	0	0	.6948173	.3051827	0
1027.15	0	0	.6946895	.3053105	0
1026.15	0	0	.6945621	.305438	0
1025.15	0	0	.6944349	.3055651	0
1024.15	0	0	.6943081	.3056919	0
1023.819	0	0	.6942662	.3057338	0
1023.819	0	0	.6942662	.3057338	0
1023.819	0	0	.6942662	.3057338	0
1023.15	0	.001437661	.6927697	.3057926	0
1022.15	0	.003600917	.6905188	.3058803	0
1021.15	0	.005780588	.6882518	.3059676	0
1020.15	0	.007976491	.685969	.3060545	0
1019.15	0	.01018844	.6836705	.3061411	0
1018.15	0	.01241625	.6813565	.3062272	0
1017.15	0	.01465973	.6790273	.306313	0
1016.15	0	.01691869	.6766829	.3063984	0
1015.15	0	.01919294	.6743236	.3064834	0
1014.15	0	.02148226	.6719496	.3065681	0
1013.15	0	.02378648	.6695611	.3066524	0
1012.15	0	.02610538	.6671582	.3067364	0
1011.15	0	.02843877	.6647413	.30682	0
1010.15	0	.03078644	.6623104	.3069032	0
1009.15	0	.03314817	.6598658	.306986	0
1008.15	0	.03552377	.6574077	.3070686	0
1007.15	0	.03791302	.6549363	.3071507	0
1006.15	0	.0403157	.6524518	.3072325	0
1005.15	0	.04273162	.6499544	.307314	0
1004.15	0	.04516054	.6474444	.3073951	0
1003.15	0	.04760225	.6449219	.3074759	0
1002.15	0	.05005653	.6423872	.3075563	0
1001.15	0	.05252316	.6398405	.3076364	0
1000.15	0	.05500192	.637282	.3077161	0
999.15	0	.05749259	.6347119	.3077955	0
998.15	0	.05999494	.6321305	.3078745	0
997.15	0	.06250875	.629538	.3079532	0
996.15	0	.06503378	.6269346	.3080316	0
995.15	0	.06756981	.6243206	.3081096	0
994.15	0	.07011662	.6216961	.3081873	0
993.15	0	.07267397	.6190614	.3082646	0
992.15	0	.07524162	.6164168	.3083416	0
991.15	0	.07781936	.6137624	.3084182	0
990.15	0	.08040694	.6110986	.3084945	0
989.15	0	.08300413	.6084254	.3085705	0
988.15	0	.0856107	.6057432	.3086461	0
987.15	0	.08822642	.6030523	.3087213	0
986.15	0	.09085104	.6003528	.3087962	0
985.15	0	.09348434	.5976449	.3088707	0
984.15	0	.09612607	.594929	.3089449	0
983.15	0	.098776	.5922053	.3090187	0
982.15	0	.1014339	.5894739	.3090922	0
981.15	0	.1040995	.5867352	.3091653	0
980.15	0	.1067726	.5839894	.309238	0
979.15	0	.109453	.5812367	.3093103	0
978.15	0	.1121403	.5784774	.3093823	0
977.15	0	.1148345	.5757116	.3094539	0
976.15	0	.1175352	.5729397	.3095251	0
975.15	0	.1202362	.5701674	.3095964	0
974.15	0	.1229121	.5674173	.3096705	0
973.15	0	.1256101	.5646461	.3097438	0
972.15	0	.1283287	.5618551	.3098162	0
971.15	0	.1310664	.5590458	.3098879	0
970.15	0	.1338217	.5562196	.3099587	0
969.15	0	.1365934	.5533779	.3100286	0
968.15	0	.1393801	.550522	.3100978	0
967.15	0	.1421806	.5476532	.3101662	0
966.15	0	.1449936	.5447726	.3102338	0
965.15	0	.147818	.5418815	.3103006	0
964.15	0	.1506525	.5389809	.3103666	0
963.15	0	.1534962	.536072	.3104318	0
962.15	0	.1563479	.5331559	.3104962	0
961.15	0	.1592067	.5302335	.3105599	0
960.15	0	.1620715	.5273058	.3106227	0
959.15	0	.1649414	.5243739	.3106847	0
958.15	0	.1678154	.5214386	.310746	0
957.15	0	.1706928	.5185007	.3108065	0
956.15	0	.1735726	.5155613	.3108661	0
955.15	0	.176454	.5126209	.310925	0
954.15	0	.1793363	.5096806	.3109831	0
953.15	0	.1822186	.506741	.3110403	0
952.15	0	.1851003	.5038029	.3110968	0
951.15	0	.1879806	.5008669	.3111525	0
950.15	0	.1908589	.4979338	.3112073	0
949.15	0	.1937344	.4950043	.3112613	0
948.15	0	.1966067	.4920788	.3113145	0
947.15	0	.1994749	.4891582	.3113669	0
946.15	0	.2023387	.4862428	.3114184	0
945.15	0	.2051974	.4833334	.3114692	0
944.15	0	.2080505	.4804305	.311519	0
943.15	0	.2108975	.4775345	.311568	0
942.15	0	.2137378	.474646	.3116162	0
941.15	0	.216571	.4717654	.3116636	0
940.15	0	.2193967	.4688933	.31171	0
939.15	0	.2222144	.46603	.3117556	0
938.15	0	.2250237	.463176	.3118004	0
937.15	0	.2278241	.4603317	.3118442	0
936.15	0	.2306153	.4574975	.3118872	0
935.15	0	.233397	.4546737	.3119293	0
934.15	0	.2361687	.4518608	.3119705	0
933.15	0	.2389301	.4490591	.3120108	0
932.15	0	.241681	.4462688	.3120502	0
931.15	0	.2444209	.4434904	.3120887	0
930.15	0	.2471496	.4407242	.3121263	0
929.15	0	.2498667	.4379703	.312163	0
928.15	0	.2525721	.4352292	.3121987	0
927.15	0	.2552655	.432501	.3122335	0
926.15	0	.2579466	.429786	.3122674	0
925.15	0	.2606151	.4270845	.3123004	0
924.15	0	.2632709	.4243967	.3123324	0
923.15	0	.2659137	.4217229	.3123634	0
922.15	0	.2685433	.4190631	.3123936	0
921.15	0	.2711595	.4164178	.3124227	0
920.15	0	.2737622	.4137869	.3124509	0
919.15	0	.2763511	.4111708	.3124781	0
918.15	0	.278926	.4085696	.3125044	0
917.15	0	.2814869	.4059834	.3125297	0
916.15	0	.2840335	.4034125	.312554	0
915.15	0	.2865657	.400857	.3125773	0
914.15	0	.2890834	.398317	.3125996	0
913.15	0	.2915864	.3957927	.312621	0
912.15	0	.2940745	.3932842	.3126413	0
911.15	0	.2965478	.3907916	.3126606	0
910.15	0	.299006	.3883151	.312679	0
909.15	0	.301449	.3858547	.3126963	0
908.15	0	.3038767	.3834106	.3127127	0
907.15	0	.3062891	.3809829	.312728	0
906.15	0	.308686	.3785717	.3127423	0
905.15	0	.3110674	.376177	.3127556	0
904.15	0	.3134331	.3737991	.3127679	0
903.15	0	.315783	.3714378	.3127792	0
902.15	0	.3181172	.3690934	.3127894	0
901.15	0	.3204355	.3667659	.3127986	0
900.15	0	.3227378	.3644554	.3128068	0
899.15	0	.3250241	.3621619	.312814	0
898.15	0	.3272944	.3598855	.3128202	0
897.15	0	.3295485	.3576263	.3128253	0
896.15	0	.3317863	.3553843	.3128294	0
895.15	0	.334008	.3531596	.3128325	0
894.15	0	.3362133	.3509522	.3128345	0
893.15	0	.3384022	.3487622	.3128356	0
892.15	0	.3405748	.3465896	.3128356	0
891.15	0	.3427309	.3444346	.3128346	0
890.15	0	.3448705	.342297	.3128325	0
889.15	0	.3469936	.3401769	.3128295	0
888.15	0	.3491001	.3380745	.3128255	0
887.15	0	.35119	.3359896	.3128204	0
886.15	0	.3532632	.3339224	.3128143	0
885.15	0	.3553198	.3318729	.3128073	0
884.15	0	.3573597	.3298411	.3127992	0
883.15	0	.3593829	.327827	.3127901	0
882.15	0	.3613893	.3258306	.3127801	0
881.15	0	.3633789	.323852	.312769	0
880.15	0	.3653518	.3218912	.312757	0
879.15	0	.3673079	.3199481	.312744	0
878.15	0	.3692471	.3180228	.3127301	0
877.15	0	.3711695	.3161154	.3127152	0
876.15	0	.373075	.3142257	.3126993	0
875.15	0	.3749637	.3123539	.3126825	0
874.15	0	.3768354	.3104998	.3126647	0
873.15	0	.3786904	.3086636	.312646	0
872.15	0	.3805284	.3068452	.3126264	0
871.15	0	.3823496	.3050446	.3126059	0
870.15	0	.3841538	.3032617	.3125845	0
869.15	0	.3859412	.3014966	.3125621	0
868.15	0	.3877118	.2997493	.3125389	0
867.15	0	.3894655	.2980197	.3125149	0
866.15	0	.3912023	.2963078	.3124899	0
865.15	0	.3929223	.2946136	.3124641	0
864.15	0	.3946255	.292937	.3124375	0
863.15	0	.3963119	.2912781	.31241	0
862.15	0	.3979815	.2896368	.3123817	0
861.15	0	.3996344	.288013	.3123526	0
860.15	0	.4012706	.2864067	.3123227	0
859.15	0	.4028901	.2848179	.312292	0
858.15	0	.404493	.2832465	.3122606	0
857.15	0	.4060793	.2816924	.3122283	0
856.15	0	.407649	.2801556	.3121954	0
855.15	0	.4092022	.2786361	.3121617	0
854.15	0	.410739	.2771338	.3121273	0
853.15	0	.4122593	.2756485	.3120921	0
852.15	0	.4137633	.2741803	.3120563	0
851.15	0	.4152511	.2727291	.3120198	0
850.15	0	.4167226	.2712947	.3119827	0
849.15	0	.418178	.2698772	.3119448	0
848.15	0	.4196173	.2684763	.3119064	0
847.15	0	.4210406	.2670921	.3118673	0
846.15	0	.4224481	.2657244	.3118276	0
845.15	0	.4238396	.2643731	.3117873	0
844.15	0	.4252155	.2630382	.3117464	0
843.15	0	.4265757	.2617195	.3117049	0
842.15	0	.4279203	.2604169	.3116628	0
841.15	0	.4292495	.2591303	.3116203	0
840.15	0	.4305633	.2578596	.3115771	0
839.1705	0	.4318354	.2566303	.3115344	0
839.1705	0	.4318354	.2566303	.3115344	0
839.1705	0	.4318354	.2566303	.3115344	0
839.15	0	.4320236	.2564058	.3114836	8.706402E-05
838.15	0	.4410094	.2456722	.3090446	.00427376
837.15	0	.4496602	.2353076	.3066692	.008363003
836.15	0	.4579918	.2252947	.3043547	.01235879
835.15	0	.466019	.2156175	.3020986	.01626486
834.15	0	.4737557	.2062608	.2998987	.02008476
833.15	0	.481215	.1972104	.2977528	.02382179
832.15	0	.4884091	.1884529	.2956589	.02747907
831.15	0	.4953497	.1799758	.293615	.03105955
830.15	0	.5020476	.1717672	.2916192	.03456602
829.15	0	.5085131	.1638159	.2896699	.03800109
828.15	0	.5147559	.1561114	.2877654	.04136726
827.15	0	.5207852	.1486437	.2859042	.04466687
826.15	0	.5266097	.1414033	.2840848	.04790215
825.15	0	.5322376	.1343814	.2823058	.05107522
824.15	0	.5376767	.1275694	.2805658	.05418808
823.15	0	.5429343	.1209593	.2788637	.05724263
822.15	0	.5480175	.1145436	.2771982	.06024069
821.15	0	.5529329	.108315	.2755682	.06318398
820.15	0	.5576867	.1022666	.2739725	.06607414
819.15	0	.5622851	.09639192	.2724102	.06891274
818.15	0	.5667338	.09068471	.2708802	.07170126
817.15	0	.5710381	.08513908	.2693817	.07444114
816.15	0	.5752033	.07974936	.2679136	.07713373
815.15	0	.5792343	.07451019	.2664752	.07978033
814.15	0	.5831359	.06941642	.2650655	.08238219
813.15	0	.5869125	.06446315	.2636838	.0849405
812.15	0	.5905685	.05964571	.2623294	.08745641
811.15	0	.594108	.0549596	.2610015	.08993099
810.15	0	.5975349	.05040055	.2596993	.09236531
809.15	0	.6008529	.04596446	.2584223	.09476037
808.15	0	.6040658	.04164739	.2571697	.09711714
807.15	0	.607177	.03744558	.2559409	.09943654
806.15	0	.6101897	.03335543	.2547354	.1017195
805.15	0	.6131073	.02937346	.2535525	.1039668
804.15	0	.6159326	.02549636	.2523917	.1061794
803.15	0	.6186687	.02172093	.2512524	.1083579
802.15	0	.6213184	.01804411	.2501341	.1105033
801.15	0	.6238844	.01446293	.2490364	.1126162
800.15	0	.6263694	.01097457	.2479587	.1146974
799.15	0	.6287757	.007576296	.2469005	.1167475
798.15	0	.6311059	.004265471	.2458614	.1187673
797.15	0	.6333622	.001039561	.2448409	.1207573
796.8221	0	.6340863	0	.2445104	.1214033
796.8221	0	.6340863	0	.2445104	.1214033
796.15	0	.6340065	0	.2443731	.1216204
795.15	0	.6338884	0	.2441694	.1219422
794.15	0	.6337708	0	.2439664	.1222628
793.15	0	.6336538	0	.243764	.1225822
792.15	0	.6335374	0	.2435623	.1229003
791.15	0	.6334216	0	.2433613	.1232172
790.15	0	.6333063	0	.2431609	.1235328
789.15	0	.6331916	0	.2429611	.1238473
788.15	0	.6330775	0	.2427621	.1241605
787.15	0	.6329639	0	.2425637	.1244725
786.15	0	.6328508	0	.2423659	.1247833
785.15	0	.6327383	0	.2421688	.1250929
784.15	0	.6326264	0	.2419723	.1254013
783.15	0	.632515	0	.2417765	.1257085
782.15	0	.6324041	0	.2415814	.1260145
781.15	0	.6322938	0	.2413869	.1263193
780.15	0	.632184	0	.241193	.126623
779.15	0	.6320747	0	.2409998	.1269255
778.15	0	.631966	0	.2408072	.1272268
777.15	0	.6318577	0	.2406153	.1275269
776.15	0	.63175	0	.240424	.1278259
775.15	0	.6316428	0	.2402334	.1281238
774.15	0	.6315361	0	.2400434	.1284205
773.15	0	.6314299	0	.2398541	.128716
772.15	0	.6313243	0	.2396654	.1290104
771.15	0	.6312191	0	.2394773	.1293037
770.15	0	.6311144	0	.2392898	.1295958
769.15	0	.6310102	0	.239103	.1298868
768.15	0	.6309065	0	.2389169	.1301767
767.15	0	.6308032	0	.2387314	.1304654
766.15	0	.6307005	0	.2385465	.1307531
765.15	0	.6305982	0	.2383622	.1310396
764.15	0	.6304964	0	.2381786	.131325
763.15	0	.6303951	0	.2379956	.1316093
762.15	0	.6302943	0	.2378132	.1318925
761.15	0	.6301939	0	.2376314	.1321746
760.15	0	.630094	0	.2374503	.1324556
759.15	0	.6299946	0	.2372699	.1327355
758.15	0	.6298956	0	.23709	.1330144
757.15	0	.6297971	0	.2369107	.1332921
756.15	0	.6296991	0	.2367321	.1335688
755.15	0	.6296015	0	.2365541	.1338444
754.15	0	.6295043	0	.2363768	.1341189
753.15	0	.6294076	0	.2362	.1343924
752.15	0	.6293114	0	.2360239	.1346648
751.15	0	.6292155	0	.2358484	.1349361
750.15	0	.6291202	0	.2356735	.1352064
749.15	0	.6290252	0	.2354992	.1354756
748.15	0	.6289307	0	.2353255	.1357437
747.15	0	.6288367	0	.2351525	.1360108
746.15	0	.6287431	0	.23498	.1362769
745.15	0	.6286499	0	.2348082	.1365419
744.15	0	.6285571	0	.234637	.1368059
743.15	0	.6284648	0	.2344664	.1370688
742.15	0	.6283728	0	.2342964	.1373308
741.15	0	.6282813	0	.234127	.1375916
740.15	0	.6281903	0	.2339583	.1378515
739.15	0	.6280996	0	.2337901	.1381103
738.15	0	.6280094	0	.2336225	.1383681
737.15	0	.6279195	0	.2334556	.1386249
736.15	0	.6278301	0	.2332892	.1388807
735.15	0	.6277411	0	.2331235	.1391354
734.15	0	.6276525	0	.2329583	.1393892
733.15	0	.6275643	0	.2327938	.1396419
732.15	0	.6274765	0	.2326298	.1398936
731.15	0	.6273892	0	.2324665	.1401444
730.15	0	.6273022	0	.2323038	.1403941
729.15	0	.6272156	0	.2321416	.1406428
728.15	0	.6271294	0	.2319801	.1408906
727.15	0	.6270436	0	.2318191	.1411373
726.15	0	.6269582	0	.2316588	.1413831
725.15	0	.6268732	0	.231499	.1416278
724.15	0	.6267886	0	.2313398	.1418716
723.15	0	.6267043	0	.2311813	.1421144
722.15	0	.6266205	0	.2310233	.1423562
721.15	0	.626537	0	.2308659	.1425971
720.15	0	.626454	0	.2307091	.142837
719.15	0	.6263713	0	.2305529	.1430759
718.15	0	.626289	0	.2303972	.1433138
717.15	0	.626207	0	.2302422	.1435508
716.15	0	.6261255	0	.2300878	.1437868
715.15	0	.6260443	0	.2299339	.1440218
714.15	0	.6259635	0	.2297806	.1442559
713.15	0	.6258831	0	.2296279	.144489
712.15	0	.625803	0	.2294758	.1447212
711.15	0	.6257233	0	.2293243	.1449524
710.15	0	.625644	0	.2291733	.1451827
709.15	0	.6255651	0	.2290229	.145412
708.15	0	.6254865	0	.2288731	.1456404
707.15	0	.6254082	0	.2287239	.1458678
706.15	0	.6253304	0	.2285753	.1460943
705.15	0	.6252529	0	.2284273	.1463199
704.15	0	.6251758	0	.2282798	.1465445
703.15	0	.625099	0	.2281329	.1467682
702.15	0	.6250226	0	.2279865	.1469909
701.15	0	.6249465	0	.2278408	.1472127
700.15	0	.6248708	0	.2276956	.1474336
699.15	0	.6247954	0	.227551	.1476536
698.15	0	.6247204	0	.2274069	.1478726
697.15	0	.6246458	0	.2272635	.1480908
696.15	0	.6245715	0	.2271206	.148308
695.15	0	.6244975	0	.2269782	.1485242
694.15	0	.6244239	0	.2268365	.1487396
693.15	0	.6243507	0	.2266953	.1489541
692.15	0	.6242778	0	.2265546	.1491676
691.15	0	.6242052	0	.2264146	.1493803
690.15	0	.624133	0	.2262751	.149592
689.15	0	.6240611	0	.2261361	.1498028
688.15	0	.6239895	0	.2259977	.1500127
687.15	0	.6239183	0	.2258599	.1502218
686.15	0	.6238475	0	.2257226	.1504299
685.15	0	.6237769	0	.225586	.1506371
684.15	0	.6237068	0	.2254498	.1508434
683.15	0	.6236369	0	.2253142	.1510489
682.15	0	.6235674	0	.2251792	.1512534
681.15	0	.6234982	0	.2250447	.1514571
680.15	0	.6234293	0	.2249108	.1516598
679.15	0	.6233608	0	.2247775	.1518617
678.15	0	.6232926	0	.2246447	.1520627
677.15	0	.6232247	0	.2245124	.1522628
676.15	0	.6231572	0	.2243807	.1524621
675.15	0	.62309	0	.2242496	.1526604
674.15	0	.6230231	0	.224119	.1528579
673.15	0	.6229565	0	.2239889	.1530545
672.15	0	.6228903	0	.2238594	.1532503
671.15	0	.6228244	0	.2237305	.1534452
670.15	0	.6227588	0	.2236021	.1536392
669.15	0	.6226935	0	.2234742	.1538323
668.15	0	.6226285	0	.2233469	.1540246
667.15	0	.6225639	0	.2232201	.154216
666.15	0	.6224996	0	.2230939	.1544065
665.15	0	.6224356	0	.2229682	.1545962
664.15	0	.6223719	0	.2228431	.154785
663.15	0	.6223085	0	.2227185	.154973
662.15	0	.6222454	0	.2225944	.1551601
661.15	0	.6221827	0	.2224709	.1553464
660.15	0	.6221203	0	.2223479	.1555319
659.15	0	.6220581	0	.2222254	.1557164
658.15	0	.6219963	0	.2221035	.1559002
657.15	0	.6219348	0	.2219821	.156083
656.15	0	.6218736	0	.2218613	.1562651
655.15	0	.6218127	0	.221741	.1564463
654.15	0	.6217521	0	.2216212	.1566267
653.15	0	.6216919	0	.221502	.1568062
652.15	0	.6216319	0	.2213832	.1569849
651.15	0	.6215722	0	.2212651	.1571628
650.15	0	.6215128	0	.2211474	.1573398
649.15	0	.6214538	0	.2210303	.157516
648.15	0	.621395	0	.2209137	.1576914
647.15	0	.6213365	0	.2207976	.1578659
646.15	0	.6212783	0	.220682	.1580396
645.15	0	.6212205	0	.220567	.1582125
644.15	0	.6211629	0	.2204525	.1583846
643.15	0	.6211056	0	.2203385	.1585559
642.15	0	.6210486	0	.220225	.1587263
641.15	0	.620992	0	.2201121	.158896
640.15	0	.6209356	0	.2199997	.1590648
639.15	0	.6208794	0	.2198877	.1592328
638.15	0	.6208236	0	.2197764	.1594
637.15	0	.6207681	0	.2196655	.1595664
636.15	0	.6207129	0	.2195551	.159732
635.15	0	.6206579	0	.2194453	.1598968
634.15	0	.6206033	0	.2193359	.1600608
633.15	0	.6205489	0	.2192271	.160224
632.15	0	.6204948	0	.2191188	.1603864
631.15	0	.6204411	0	.219011	.160548
630.15	0	.6203875	0	.2189037	.1607088
629.15	0	.6203343	0	.2187969	.1608688
628.15	0	.6202814	0	.2186907	.161028
627.15	0	.6202287	0	.2185849	.1611864
626.15	0	.6201763	0	.2184796	.1613441
625.15	0	.6201242	0	.2183749	.1615009
624.15	0	.6200724	0	.2182706	.161657
623.15	0	.6200209	0	.2181668	.1618123
622.15	0	.6199696	0	.2180636	.1619668
621.15	0	.6199186	0	.2179608	.1621205
620.15	0	.6198679	0	.2178586	.1622735
619.15	0	.6198175	0	.2177568	.1624257
618.15	0	.6197674	0	.2176555	.1625771
617.15	0	.6197175	0	.2175548	.1627278
616.15	0	.6196679	0	.2174545	.1628776
615.15	0	.6196185	0	.2173547	.1630268
614.15	0	.6195695	0	.2172554	.1631751
613.15	0	.6195207	0	.2171566	.1633227
612.15	0	.6194721	0	.2170583	.1634695
611.15	0	.6194239	0	.2169605	.1636156
610.15	0	.6193759	0	.2168632	.1637609
609.15	0	.6193282	0	.2167663	.1639055
608.15	0	.6192807	0	.21667	.1640493
607.15	0	.6192335	0	.2165741	.1641924
606.15	0	.6191866	0	.2164787	.1643347
605.15	0	.61914	0	.2163838	.1644762
604.15	0	.6190936	0	.2162894	.1646171
603.15	0	.6190474	0	.2161954	.1647572
602.15	0	.6190016	0	.216102	.1648965
601.15	0	.618956	0	.2160089	.1650351
600.15	0	.6189106	0	.2159164	.165173
599.15	0	.6188655	0	.2158244	.1653101
598.15	0	.6188207	0	.2157328	.1654465
597.15	0	.6187761	0	.2156417	.1655822
596.15	0	.6187318	0	.2155511	.1657171
595.15	0	.6186877	0	.2154609	.1658513
594.15	0	.6186439	0	.2153713	.1659848
593.15	0	.6186003	0	.2152821	.1661176
592.15	0	.618557	0	.2151933	.1662497
591.15	0	.618514	0	.215105	.166381
590.15	0	.6184712	0	.2150172	.1665116
589.15	0	.6184286	0	.2149298	.1666415
588.15	0	.6183864	0	.2148429	.1667707
587.15	0	.6183443	0	.2147565	.1668992
586.15	0	.6183025	0	.2146705	.167027
585.15	0	.6182609	0	.214585	.1671541
584.15	0	.6182196	0	.2144999	.1672805
583.15	0	.6181786	0	.2144153	.1674061
582.15	0	.6181378	0	.2143311	.1675311
581.15	0	.6180972	0	.2142475	.1676554
580.15	0	.6180568	0	.2141642	.167779
579.15	0	.6180168	0	.2140814	.1679019
578.15	0	.6179769	0	.213999	.1680241
577.15	0	.6179373	0	.2139171	.1681456
576.15	0	.6178979	0	.2138357	.1682664
575.15	0	.6178588	0	.2137546	.1683866
574.15	0	.6178199	0	.2136741	.168506
573.15	0	.6177813	0	.2135939	.1686248
572.15	0	.6177428	0	.2135142	.1687429
571.15	0	.6177047	0	.213435	.1688604
570.15	0	.6176667	0	.2133562	.1689771
569.15	0	.617629	0	.2132778	.1690932
568.15	0	.6175915	0	.2131998	.1692086
567.15	0	.6175543	0	.2131223	.1693234
566.15	0	.6175173	0	.2130453	.1694375
565.15	0	.6174805	0	.2129686	.1695509
564.15	0	.6174439	0	.2128924	.1696637
563.15	0	.6174076	0	.2128166	.1697759
562.15	0	.6173715	0	.2127412	.1698873
561.15	0	.6173356	0	.2126663	.1699981
560.15	0	.6172999	0	.2125917	.1701083
559.15	0	.6172645	0	.2125177	.1702178
558.15	0	.6172293	0	.212444	.1703267
557.15	0	.6171943	0	.2123707	.170435
556.15	0	.6171596	0	.2122979	.1705426
555.15	0	.617125	0	.2122254	.1706495
554.15	0	.6170907	0	.2121534	.1707559
553.15	0	.6170566	0	.2120818	.1708616
552.15	0	.6170227	0	.2120106	.1709666
551.15	0	.6169891	0	.2119399	.1710711
550.15	0	.6169556	0	.2118695	.1711749
549.15	0	.6169224	0	.2117995	.1712781
548.15	0	.6168894	0	.21173	.1713806
547.15	0	.6168566	0	.2116608	.1714826
546.15	0	.616824	0	.2115921	.1715839
545.15	0	.6167917	0	.2115237	.1716846
544.15	0	.6167595	0	.2114558	.1717848
543.15	0	.6167275	0	.2113882	.1718843
542.15	0	.6166958	0	.2113211	.1719832
541.15	0	.6166643	0	.2112543	.1720815
540.15	0	.6166329	0	.2111879	.1721792
539.15	0	.6166018	0	.2111219	.1722763
538.15	0	.6165709	0	.2110563	.1723728
537.15	0	.6165402	0	.2109911	.1724687
536.15	0	.6165097	0	.2109263	.172564
535.15	0	.6164794	0	.2108619	.1726587
534.15	0	.6164493	0	.2107978	.1727529
533.15	0	.6164194	0	.2107342	.1728464
532.15	0	.6163897	0	.2106709	.1729394
531.15	0	.6163602	0	.2106079	.1730318
530.15	0	.6163309	0	.2105454	.1731237
529.15	0	.6163018	0	.2104832	.1732149
528.15	0	.6162729	0	.2104215	.1733056
527.15	0	.6162442	0	.21036	.1733958
526.15	0	.6162157	0	.210299	.1734853
525.15	0	.6161874	0	.2102383	.1735743
524.15	0	.6161593	0	.210178	.1736628
523.15	0	.6161313	0	.210118	.1737506
522.15	0	.6161036	0	.2100584	.173838
521.15	0	.6160761	0	.2099992	.1739247
520.15	0	.6160487	0	.2099404	.174011
519.15	0	.6160215	0	.2098818	.1740966
518.15	0	.6159945	0	.2098237	.1741818
517.15	0	.6159677	0	.2097659	.1742664
516.15	0	.6159411	0	.2097084	.1743505
515.15	0	.6159147	0	.2096513	.174434
514.15	0	.6158884	0	.2095946	.174517
513.15	0	.6158624	0	.2095382	.1745995
512.15	0	.6158365	0	.2094821	.1746814
511.15	0	.6158108	0	.2094264	.1747628
510.15	0	.6157853	0	.209371	.1748437
509.15	0	.6157599	0	.209316	.1749241
508.15	0	.6157348	0	.2092613	.1750039
507.15	0	.6157098	0	.2092069	.1750833
506.15	0	.615685	0	.2091529	.1751621
505.15	0	.6156603	0	.2090992	.1752404
504.15	0	.6156359	0	.2090459	.1753183
503.15	0	.6156116	0	.2089928	.1753956
502.15	0	.6155875	0	.2089401	.1754724
501.15	0	.6155635	0	.2088877	.1755488
500.15	0	.6155397	0	.2088357	.1756246
499.15	0	.6155161	0	.2087839	.1756999
498.15	0	.6154927	0	.2087325	.1757748
497.15	0	.6154694	0	.2086814	.1758492
496.15	0	.6154463	0	.2086307	.175923
495.15	0	.6154234	0	.2085802	.1759964
494.15	0	.6154006	0	.20853	.1760694
493.15	0	.615378	0	.2084802	.1761418
492.15	0	.6153556	0	.2084306	.1762138
491.15	0	.6153333	0	.2083814	.1762853
490.15	0	.6153111	0	.2083325	.1763564
489.15	0	.6152892	0	.2082839	.176427
488.15	0	.6152673	0	.2082355	.1764971
487.15	0	.6152457	0	.2081875	.1765668
486.15	0	.6152242	0	.2081398	.176636
485.15	0	.6152029	0	.2080924	.1767048
484.15	0	.6151817	0	.2080452	.1767731
483.15	0	.6151606	0	.2079984	.1768409
482.15	0	.6151398	0	.2079518	.1769084
481.15	0	.615119	0	.2079056	.1769754
480.15	0	.6150985	0	.2078596	.1770419
479.15	0	.615078	0	.2078139	.1771081
478.15	0	.6150578	0	.2077685	.1771738
477.15	0	.6150376	0	.2077234	.177239
476.15	0	.6150176	0	.2076785	.1773039
475.15	0	.6149978	0	.2076339	.1773683
474.15	0	.6149781	0	.2075896	.1774323
473.15	0	.6149586	0	.2075456	.1774958
472.15	0	.6149392	0	.2075018	.177559
471.15	0	.6149199	0	.2074584	.1776218
470.15	0	.6149008	0	.2074151	.1776841
469.15	0	.6148818	0	.2073722	.1777461
468.15	0	.6148629	0	.2073295	.1778076
467.15	0	.6148442	0	.207287	.1778687
466.15	0	.6148257	0	.2072449	.1779295
465.15	0	.6148072	0	.207203	.1779898
464.15	0	.6147889	0	.2071613	.1780498
463.15	0	.6147707	0	.2071199	.1781094
462.15	0	.6147527	0	.2070787	.1781686
461.15	0	.6147348	0	.2070378	.1782274
460.15	0	.614717	0	.2069971	.1782858
459.15	0	.6146994	0	.2069567	.1783439
458.15	0	.6146819	0	.2069166	.1784016
457.15	0	.6146645	0	.2068766	.1784589
456.15	0	.6146472	0	.2068369	.1785158
455.15	0	.6146301	0	.2067975	.1785724
454.15	0	.6146131	0	.2067583	.1786286
453.15	0	.6145962	0	.2067193	.1786845
452.15	0	.6145795	0	.2066806	.17874
451.15	0	.6145628	0	.206642	.1787951
450.15	0	.6145463	0	.2066037	.17885
449.15	0	.6145299	0	.2065657	.1789044
448.15	0	.6145137	0	.2065278	.1789585
447.15	0	.6144975	0	.2064902	.1790123
446.15	0	.6144815	0	.2064529	.1790657
445.15	0	.6144655	0	.2064157	.1791188
444.15	0	.6144497	0	.2063787	.1791715
443.15	0	.6144341	0	.206342	.179224
442.15	0	.6144185	0	.2063055	.179276
441.15	0	.614403	0	.2062692	.1793278
440.15	0	.6143877	0	.2062331	.1793792
439.15	0	.6143724	0	.2061972	.1794303
438.15	0	.6143573	0	.2061615	.1794811
437.15	0	.6143423	0	.2061261	.1795316
436.15	0	.6143274	0	.2060908	.1795818
435.15	0	.6143126	0	.2060558	.1796316
434.15	0	.6142979	0	.206021	.1796811
433.15	0	.6142834	0	.2059863	.1797303
432.15	0	.6142689	0	.2059519	.1797793
431.15	0	.6142545	0	.2059176	.1798279
430.15	0	.6142403	0	.2058836	.1798762
429.15	0	.6142261	0	.2058497	.1799242
428.15	0	.614212	0	.205816	.1799719
427.15	0	.6141981	0	.2057826	.1800194
426.15	0	.6141842	0	.2057493	.1800665
425.15	0	.6141705	0	.2057162	.1801134
424.15	0	.6141568	0	.2056832	.18016
423.15	0	.6141432	0	.2056505	.1802063
422.15	0	.6141298	0	.2056179	.1802523
421.15	0	.6141164	0	.2055856	.180298
420.15	0	.6141031	0	.2055534	.1803435
419.15	0	.6140899	0	.2055213	.1803887
418.15	0	.6140769	0	.2054895	.1804337
417.15	0	.6140639	0	.2054578	.1804783
416.15	0	.614051	0	.2054263	.1805228
415.15	0	.6140382	0	.2053949	.1805669
414.15	0	.6140254	0	.2053637	.1806109
