T	 BPW(LIQUID)	BPW(BCC_A2)	BPW(FCC_A1)	BPW(LAVES_PHASE_C14)	BPW(NI3TI)
1473.15	.2915605	.7084395	0	0	0
1472.15	.2888938	.7111062	0	0	0
1471.15	.2862446	.7137554	0	0	0
1470.15	.2836128	.7163872	0	0	0
1469.15	.2809982	.7190018	0	0	0
1468.15	.2784007	.7215993	0	0	0
1467.15	.2758201	.7241799	0	0	0
1466.15	.2732563	.7267437	0	0	0
1465.15	.2707092	.7292908	0	0	0
1464.15	.2681785	.7318215	0	0	0
1463.15	.2656642	.7343358	0	0	0
1462.15	.2631661	.7368339	0	0	0
1461.15	.2606841	.7393159	0	0	0
1460.15	.2582181	.7417819	0	0	0
1459.15	.2557678	.7442322	0	0	0
1458.15	.2533333	.7466667	0	0	0
1457.15	.2509143	.7490857	0	0	0
1456.15	.2485107	.7514893	0	0	0
1455.15	.2461224	.7538776	0	0	0
1454.15	.2437493	.7562507	0	0	0
1453.15	.2413912	.7586088	0	0	0
1452.15	.239048	.760952	0	0	0
1451.15	.2367196	.7632804	0	0	0
1450.15	.2344058	.7655942	0	0	0
1449.15	.2321066	.7678934	0	0	0
1448.15	.2298219	.7701781	0	0	0
1447.15	.2275514	.7724486	0	0	0
1446.15	.2252951	.7747049	0	0	0
1445.15	.2230529	.7769471	0	0	0
1444.15	.2208247	.7791753	0	0	0
1443.15	.2186103	.7813897	0	0	0
1442.15	.2164096	.7835904	0	0	0
1441.15	.2142226	.7857774	0	0	0
1440.15	.212049	.787951	0	0	0
1439.15	.2098889	.7901111	0	0	0
1438.15	.2077421	.7922579	0	0	0
1437.15	.2056084	.7943916	0	0	0
1436.15	.2034879	.7965121	0	0	0
1435.15	.2013803	.7986197	0	0	0
1434.15	.1992856	.8007144	0	0	0
1433.15	.1972036	.8027964	0	0	0
1432.15	.1951343	.8048657	0	0	0
1431.15	.1930776	.8069224	0	0	0
1430.15	.1910334	.8089666	0	0	0
1429.15	.1890016	.8109985	0	0	0
1428.15	.186982	.813018	0	0	0
1427.15	.1849746	.8150254	0	0	0
1426.15	.1829792	.8170208	0	0	0
1425.15	.1809959	.8190041	0	0	0
1424.15	.1790245	.8209755	0	0	0
1423.15	.1770648	.8229352	0	0	0
1422.15	.1751169	.8248831	0	0	0
1421.15	.1731806	.8268194	0	0	0
1420.15	.1712558	.8287442	0	0	0
1419.15	.1693425	.8306575	0	0	0
1418.15	.1674405	.8325595	0	0	0
1417.15	.1655498	.8344502	0	0	0
1416.15	.1636702	.8363298	0	0	0
1415.15	.1618018	.8381982	0	0	0
1414.15	.1599444	.8400556	0	0	0
1413.15	.1580979	.8419021	0	0	0
1412.15	.1562622	.8437378	0	0	0
1411.15	.1544373	.8455627	0	0	0
1410.15	.1526231	.8473769	0	0	0
1409.15	.1508195	.8491805	0	0	0
1408.15	.1490264	.8509736	0	0	0
1407.15	.1472437	.8527563	0	0	0
1406.15	.1454714	.8545286	0	0	0
1405.15	.1437094	.8562906	0	0	0
1404.15	.1419576	.8580424	0	0	0
1403.15	.140216	.8597841	0	0	0
1402.15	.1384844	.8615156	0	0	0
1401.15	.1367627	.8632373	0	0	0
1400.15	.135051	.864949	0	0	0
1399.15	.1333492	.8666508	0	0	0
1398.15	.1316571	.868343	0	0	0
1397.15	.1299746	.8700254	0	0	0
1396.15	.1283019	.8716981	0	0	0
1395.15	.1266386	.8733614	0	0	0
1394.15	.1249849	.8750151	0	0	0
1393.15	.1233406	.8766594	0	0	0
1392.15	.1217056	.8782944	0	0	0
1391.15	.1200799	.8799201	0	0	0
1390.15	.1184634	.8815366	0	0	0
1389.15	.1168561	.8831439	0	0	0
1388.15	.1152579	.8847421	0	0	0
1387.15	.1136686	.8863314	0	0	0
1386.15	.1120884	.8879116	0	0	0
1385.15	.110517	.889483	0	0	0
1384.15	.1089545	.8910455	0	0	0
1383.15	.1074007	.8925993	0	0	0
1382.15	.1058556	.8941444	0	0	0
1381.15	.1043192	.8956808	0	0	0
1380.15	.1027914	.8972086	0	0	0
1379.15	.101272	.898728	0	0	0
1378.15	.09976119	.9002388	0	0	0
1377.15	.09825876	.9017412	0	0	0
1376.15	.09676467	.9032353	0	0	0
1375.15	.09527887	.9047211	0	0	0
1374.15	.09380131	.9061987	0	0	0
1373.15	.09233193	.9076681	0	0	0
1372.15	.09087067	.9091293	0	0	0
1371.15	.08941748	.9105825	0	0	0
1370.15	.08797231	.9120277	0	0	0
1369.15	.0865351	.9134649	0	0	0
1368.15	.08510579	.9148942	0	0	0
1367.15	.08368433	.9163157	0	0	0
1366.15	.08227068	.9177293	0	0	0
1365.15	.08086478	.9191352	0	0	0
1364.15	.07946657	.9205334	0	0	0
1363.15	.07807601	.921924	0	0	0
1362.15	.07669305	.9233069	0	0	0
1361.15	.07531764	.9246824	0	0	0
1360.15	.07394971	.9260503	0	0	0
1359.15	.07258924	.9274108	0	0	0
1358.15	.07123617	.9287638	0	0	0
1357.15	.06989045	.9301096	0	0	0
1356.15	.06855203	.931448	0	0	0
1355.15	.06722087	.9327791	0	0	0
1354.15	.06589692	.9341031	0	0	0
1353.15	.06458014	.9354199	0	0	0
1352.15	.06327047	.9367295	0	0	0
1351.15	.06196787	.9380321	0	0	0
1350.15	.06067231	.9393277	0	0	0
1349.15	.05938372	.9406163	0	0	0
1348.15	.05810208	.9418979	0	0	0
1347.15	.05682733	.9431727	0	0	0
1346.15	.05555944	.9444406	0	0	0
1345.15	.05429836	.9457016	0	0	0
1344.15	.05304404	.946956	0	0	0
1343.15	.05179645	.9482036	0	0	0
1342.15	.05055555	.9494445	0	0	0
1341.15	.04932129	.9506787	0	0	0
1340.15	.04809363	.9519064	0	0	0
1339.15	.04687254	.9531275	0	0	0
1338.15	.04565797	.954342	0	0	0
1337.15	.04444988	.9555501	0	0	0
1336.15	.04324824	.9567518	0	0	0
1335.15	.04205301	.957947	0	0	0
1334.15	.04086414	.9591359	0	0	0
1333.15	.0396816	.9603184	0	0	0
1332.15	.03850536	.9614946	0	0	0
1331.15	.03733537	.9626646	0	0	0
1330.15	.0361716	.9638284	0	0	0
1329.15	.03501401	.964986	0	0	0
1328.15	.03386257	.9661374	0	0	0
1327.15	.03271724	.9672828	0	0	0
1326.15	.03157798	.968422	0	0	0
1325.15	.03044477	.9695552	0	0	0
1324.15	.02931755	.9706824	0	0	0
1323.15	.02819631	.9718037	0	0	0
1322.15	.02708101	.972919	0	0	0
1321.15	.02597161	.9740284	0	0	0
1320.15	.02486808	.9751319	0	0	0
1319.15	.02377039	.9762296	0	0	0
1318.15	.0226785	.9773215	0	0	0
1317.15	.02159238	.9784076	0	0	0
1316.15	.02051201	.979488	0	0	0
1315.15	.01943734	.9805627	0	0	0
1314.15	.01836835	.9816316	0	0	0
1313.15	.01730501	.982695	0	0	0
1312.15	.01624728	.9837527	0	0	0
1311.15	.01519513	.9848049	0	0	0
1310.15	.01414854	.9858515	0	0	0
1309.15	.01310747	.9868925	0	0	0
1308.15	.0120719	.9879281	0	0	0
1307.15	.0110418	.9889582	0	0	0
1306.15	.01001713	.9899829	0	0	0
1305.15	.008997869	.9910021	0	0	0
1304.15	.007983989	.992016	0	0	0
1303.15	.00697546	.9930245	0	0	0
1302.15	.005972255	.9940278	0	0	0
1301.15	.004974346	.9950257	0	0	0
1300.15	.003981706	.9960183	0	0	0
1299.15	.002991157	.9970088	0	0	0
1298.15	.002008976	.997991	0	0	0
1297.15	.001031983	.998968	0	0	0
1296.15	6.015221E-05	.9999399	0	0	0
1296.088	0	1	0	0	0
1296.088	0	1	0	0	0
1295.15	0	1	0	0	0
1294.15	0	1	0	0	0
1294.078	0	1	0	0	0
1294.078	0	1	0	0	0
1294.078	0	1	0	0	0
1293.15	0	.9989239	.001076101	0	0
1292.15	0	.9977666	.0022334	0	0
1291.15	0	.9966111	.003388909	0	0
1290.15	0	.9954574	.004542628	0	0
1289.15	0	.9943054	.005694555	0	0
1288.15	0	.9931553	.006844691	0	0
1287.15	0	.992007	.007993036	0	0
1286.15	0	.9908604	.009139587	0	0
1285.15	0	.9897157	.01028434	0	0
1284.15	0	.9885727	.01142731	0	0
1283.15	0	.9874315	.01256848	0	0
1282.15	0	.9862922	.01370785	0	0
1281.15	0	.9851546	.01484543	0	0
1280.15	0	.9840188	.01598121	0	0
1279.15	0	.9828848	.01711519	0	0
1278.15	0	.9817526	.01824738	0	0
1277.15	0	.9806222	.01937776	0	0
1276.15	0	.9794937	.02050635	0	0
1275.15	0	.9783669	.02163314	0	0
1274.15	0	.9772419	.02275812	0	0
1273.15	0	.9761187	.0238813	0	0
1272.15	0	.9749973	.02500268	0	0
1271.15	0	.9738777	.02612225	0	0
1270.15	0	.97276	.02724002	0	0
1269.15	0	.971644	.02835598	0	0
1268.15	0	.9705299	.02947013	0	0
1267.15	0	.9694175	.03058248	0	0
1266.15	0	.968307	.03169302	0	0
1265.15	0	.9671983	.03280175	0	0
1264.15	0	.9660913	.03390866	0	0
1263.15	0	.9649862	.03501377	0	0
1262.15	0	.9638829	.03611706	0	0
1261.15	0	.9627815	.03721853	0	0
1260.15	0	.9616818	.03831819	0	0
1259.15	0	.960584	.03941604	0	0
1258.459	0	.9598268	.04017324	0	0
1258.459	0	.9598268	.04017324	0	0
1258.459	0	.9598268	.04017324	0	0
1258.15	0	.9593511	.04047098	1.779211E-04	0
1257.15	0	.9578162	.04143169	7.521475E-04	0
1256.15	0	.9562856	.04238955	.001324877	0
1255.15	0	.9547593	.04334457	.001896114	0
1254.15	0	.9532374	.04429676	.002465865	0
1253.15	0	.9517198	.04524611	.003034136	0
1252.15	0	.9502064	.04619265	.00360093	0
1251.15	0	.9486974	.04713636	.004166255	0
1250.15	0	.9471926	.04807726	.004730114	0
1249.15	0	.9456921	.04901536	.005292514	0
1248.15	0	.9441959	.04995066	.005853459	0
1247.15	0	.9427039	.05088316	.006412955	0
1246.15	0	.9412161	.05181287	.006971007	0
1245.15	0	.9397326	.0527398	.00752762	0
1244.15	0	.9382533	.05366395	.008082799	0
1243.15	0	.9367781	.05458532	.00863655	0
1242.15	0	.9353072	.05550393	.009188877	0
1241.15	0	.9338404	.05641978	.009739785	0
1240.15	0	.9323778	.05733287	.01028928	0
1239.15	0	.9309194	.05824321	.01083737	0
1238.15	0	.9294652	.0591508	.01138405	0
1237.15	0	.928015	.06005565	.01192933	0
1236.15	0	.926569	.06095777	.01247322	0
1235.15	0	.9251271	.06185716	.01301572	0
1234.15	0	.9236893	.06275382	.01355684	0
1233.15	0	.9222557	.06364776	.01409658	0
1232.15	0	.9208261	.06453898	.01463494	0
1231.15	0	.9194006	.0654275	.01517194	0
1230.15	0	.9179791	.06631331	.01570756	0
1229.15	0	.9165618	.06719642	.01624183	0
1228.15	0	.9151484	.06807683	.01677475	0
1227.15	0	.9137391	.06895455	.01730631	0
1226.15	0	.9123339	.06982959	.01783653	0
1225.15	0	.9109327	.07070194	.0183654	0
1224.15	0	.9095354	.07157162	.01889294	0
1223.15	0	.9081422	.07243863	.01941914	0
1222.15	0	.906753	.07330297	.01994402	0
1221.15	0	.9053678	.07416465	.02046757	0
1220.15	0	.9039865	.07502366	.02098981	0
1219.15	0	.9026092	.07588003	.02151073	0
1218.15	0	.9012359	.07673374	.02203034	0
1217.15	0	.8998665	.07758482	.02254865	0
1216.15	0	.8985011	.07843325	.02306565	0
1215.15	0	.8971396	.07927904	.02358136	0
1214.15	0	.895782	.0801222	.02409577	0
1213.15	0	.8944284	.08096274	.0246089	0
1212.15	0	.8930786	.08180065	.02512074	0
1211.15	0	.8917328	.08263594	.02563131	0
1210.15	0	.8903908	.08346862	.0261406	0
1209.15	0	.8890527	.08429869	.02664861	0
1208.15	0	.8877185	.08512615	.02715536	0
1207.15	0	.8863881	.08595101	.02766085	0
1206.15	0	.8850616	.08677327	.02816508	0
1205.15	0	.883739	.08759293	.02866805	0
1204.15	0	.8824202	.08841001	.02916978	0
1203.15	0	.8811053	.0892245	.02967026	0
1202.15	0	.8797941	.0900364	.03016949	0
1201.15	0	.8784868	.09084573	.03066749	0
1200.15	0	.8771833	.09165248	.03116426	0
1199.15	0	.8758836	.09245666	.03165979	0
1198.15	0	.8745876	.09325827	.0321541	0
1197.15	0	.8732955	.09405732	.03264718	0
1196.15	0	.8720071	.09485381	.03313905	0
1195.15	0	.8707226	.09564774	.0336297	0
1194.15	0	.8694417	.09643912	.03411914	0
1193.15	0	.8681647	.09722794	.03460738	0
1192.15	0	.8668914	.09801423	.03509441	0
1191.15	0	.8656218	.09879797	.03558024	0
1190.15	0	.864356	.09957917	.03606488	0
1189.15	0	.8630938	.1003578	.03654833	0
1188.15	0	.8618355	.101134	.03703059	0
1187.15	0	.8605808	.1019076	.03751166	0
1186.15	0	.8593298	.1026786	.03799156	0
1185.15	0	.8580825	.1034472	.03847028	0
1184.15	0	.8568389	.1042132	.03894782	0
1183.15	0	.8555991	.1049768	.0394242	0
1182.15	0	.8543628	.1057378	.03989941	0
1181.15	0	.8531303	.1064963	.04037345	0
1180.15	0	.8519014	.1072523	.04084634	0
1179.15	0	.8506762	.1080057	.04131808	0
1178.15	0	.8494546	.1087567	.04178866	0
1177.15	0	.8482367	.1095052	.0422581	0
1176.15	0	.8470224	.1102512	.04272639	0
1175.15	0	.8458118	.1109947	.04319353	0
1174.15	0	.8446047	.1117357	.04365955	0
1173.15	0	.8434013	.1124742	.04412442	0
1172.15	0	.8422015	.1132103	.04458817	0
1171.15	0	.8410054	.1139439	.04505079	0
1170.15	0	.8398128	.114675	.04551228	0
1169.15	0	.8386238	.1154036	.04597266	0
1168.15	0	.8374384	.1161297	.04643191	0
1167.15	0	.8362566	.1168534	.04689006	0
1166.15	0	.8350783	.1175746	.04734709	0
1165.15	0	.8339037	.1182933	.04780301	0
1164.15	0	.8327326	.1190096	.04825783	0
1163.15	0	.831565	.1197234	.04871155	0
1162.15	0	.830401	.1204348	.04916417	0
1161.15	0	.8292406	.1211437	.0496157	0
1160.15	0	.8280837	.1218502	.05006613	0
1159.15	0	.8269304	.1225542	.05051547	0
1158.15	0	.8257805	.1232557	.05096374	0
1157.15	0	.8246342	.1239549	.05141091	0
1156.15	0	.8234915	.1246515	.05185701	0
1155.15	0	.8223522	.1253458	.05230203	0
1154.15	0	.8212164	.1260376	.052746	0
1153.15	0	.8200842	.126727	.05318888	0
1152.15	0	.8189554	.1274139	.05363069	0
1151.15	0	.8178302	.1280984	.05407144	0
1150.15	0	.8167084	.1287805	.05451113	0
1149.15	0	.8155901	.1294601	.05494975	0
1148.15	0	.8144753	.1301374	.05538732	0
1147.15	0	.813364	.1308121	.05582384	0
1146.15	0	.8122562	.1314845	.05625931	0
1145.15	0	.8111518	.1321545	.05669374	0
1144.15	0	.8100508	.132822	.05712712	0
1143.15	0	.8089534	.1334872	.05755946	0
1142.15	0	.8078593	.1341499	.05799076	0
1141.15	0	.8067688	.1348102	.05842102	0
1140.15	0	.8056816	.1354681	.05885025	0
1139.15	0	.8045979	.1361236	.05927845	0
1138.15	0	.8035177	.1367767	.05970563	0
1137.15	0	.8024408	.1374274	.06013178	0
1136.15	0	.8013674	.1380757	.06055691	0
1135.15	0	.8002974	.1387216	.06098101	0
1134.15	0	.7992308	.1393651	.06140411	0
1133.15	0	.7981676	.1400062	.06182618	0
1132.15	0	.7971079	.1406449	.06224725	0
1131.15	0	.7960515	.1412812	.06266731	0
1130.15	0	.7949985	.1419151	.06308636	0
1129.15	0	.7939489	.1425466	.06350441	0
1128.15	0	.7929028	.1431758	.06392145	0
1127.15	0	.79186	.1438026	.0643375	0
1126.15	0	.7908205	.1444269	.06475255	0
1125.15	0	.7897845	.1450489	.06516661	0
1124.15	0	.7887518	.1456685	.06557967	0
1123.15	0	.7877225	.1462857	.06599175	0
1122.15	0	.7866966	.1469006	.06640284	0
1121.15	0	.785674	.1475131	.06681295	0
1120.15	0	.7846548	.1481232	.06722207	0
1119.15	0	.7836389	.1487309	.06763022	0
1118.15	0	.7826264	.1493362	.06803738	0
1117.15	0	.7816172	.1499392	.06844358	0
1116.15	0	.7806114	.1505398	.0688488	0
1115.15	0	.7796089	.1511381	.06925305	0
1114.15	0	.7786098	.1517339	.06965633	0
1113.15	0	.7776139	.1523274	.07005864	0
1112.15	0	.7766214	.1529186	.07045999	0
1111.15	0	.7756323	.1535073	.07086038	0
1110.15	0	.7746465	.1540937	.07125982	0
1109.15	0	.7736639	.1546778	.07165829	0
1108.15	0	.7726847	.1552595	.07205581	0
1107.15	0	.7717088	.1558388	.07245237	0
1106.15	0	.7707363	.1564157	.07284799	0
1105.15	0	.769767	.1569904	.07324266	0
1104.15	0	.768801	.1575626	.07363637	0
1103.15	0	.7678384	.1581325	.07402915	0
1102.15	0	.766879	.1587	.07442098	0
1101.15	0	.7659229	.1592652	.07481187	0
1100.15	0	.7649702	.159828	.07520182	0
1099.15	0	.7640207	.1603885	.07559084	0
1098.15	0	.7630745	.1609466	.07597892	0
1097.15	0	.7621315	.1615024	.07636606	0
1096.15	0	.7611919	.1620558	.07675228	0
1095.15	0	.7602555	.1626069	.07713756	0
1094.15	0	.7593225	.1631556	.07752192	0
1093.15	0	.7583927	.163702	.07790535	0
1092.15	0	.7574661	.164246	.07828786	0
1091.15	0	.7565428	.1647877	.07866944	0
1090.15	0	.7556228	.1653271	.07905011	0
1089.15	0	.7547061	.1658641	.07942985	0
1088.15	0	.7537926	.1663987	.07980868	0
1087.15	0	.7528824	.166931	.0801866	0
1086.15	0	.7519754	.167461	.0805636	0
1085.15	0	.7510717	.1679886	.08093968	0
1084.15	0	.7501713	.1685139	.08131486	0
1083.15	0	.749274	.1690368	.08168913	0
1082.15	0	.7483801	.1695574	.08206249	0
1081.15	0	.7474893	.1700757	.08243494	0
1080.15	0	.7466019	.1705916	.08280649	0
1079.15	0	.7457176	.1711052	.08317714	0
1078.15	0	.7448366	.1716165	.08354689	0
1077.15	0	.7439589	.1721254	.08391573	0
1076.15	0	.7430843	.172632	.08428368	0
1075.15	0	.742213	.1731362	.08465073	0
1074.15	0	.741345	.1736382	.08501688	0
1073.15	0	.7404801	.1741377	.08538214	0
1072.15	0	.7396185	.174635	.08574651	0
1071.15	0	.7387601	.1751299	.08610999	0
1070.15	0	.7379049	.1756225	.08647257	0
1069.15	0	.737053	.1761127	.08683427	0
1068.15	0	.7362043	.1766007	.08719508	0
1067.15	0	.7353588	.1770863	.087555	0
1066.15	0	.7345165	.1775695	.08791404	0
1065.15	0	.7336774	.1780505	.08827219	0
1064.15	0	.7328415	.178529	.08862946	0
1063.15	0	.7320088	.1790053	.08898585	0
1062.15	0	.7311794	.1794793	.08934135	0
1061.15	0	.7303531	.1799509	.08969598	0
1060.15	0	.7295301	.1804202	.09004973	0
1059.15	0	.7287102	.1808872	.0904026	0
1058.15	0	.7278936	.1813518	.09075459	0
1057.15	0	.7270802	.1818141	.09110571	0
1056.15	0	.7262699	.1822741	.09145595	0
1055.15	0	.7254629	.1827318	.09180532	0
1054.15	0	.724659	.1831872	.09215382	0
1053.15	0	.7238584	.1836402	.09250144	0
1052.15	0	.7230609	.1840909	.0928482	0
1051.15	0	.7222667	.1845393	.09319408	0
1050.15	0	.7214756	.1849853	.09353909	0
1049.15	0	.7206877	.1854291	.09388324	0
1048.15	0	.719903	.1858705	.09422652	0
1047.15	0	.7191215	.1863096	.09456893	0
1046.15	0	.7183431	.1867464	.09491047	0
1045.15	0	.717568	.1871809	.09525115	0
1044.15	0	.716796	.187613	.09559096	0
1043.15	0	.7160272	.1880429	.09592991	0
1042.15	0	.7152616	.1884704	.09626799	0
1041.15	0	.7144992	.1888956	.09660521	0
1040.15	0	.7137399	.1893185	.09694157	0
1039.15	0	.7129838	.1897391	.09727706	0
1038.15	0	.7122309	.1901574	.09761169	0
1037.15	0	.7114812	.1905734	.09794546	0
1036.15	0	.7107346	.190987	.09827838	0
1035.15	0	.7099912	.1913984	.09861042	0
1034.15	0	.7092509	.1918074	.09894161	0
1033.15	0	.7085139	.1922142	.09927194	0
1032.15	0	.70778	.1926186	.09960141	0
1031.15	0	.7070492	.1930207	.09993002	0
1030.15	0	.7063217	.1934206	.1002578	0
1029.15	0	.7055972	.1938181	.1005847	0
1028.15	0	.704876	.1942133	.1009107	0
1027.15	0	.7041579	.1946063	.1012359	0
1026.15	0	.7034429	.1949969	.1015602	0
1025.15	0	.7027311	.1953852	.1018836	0
1024.15	0	.7020225	.1957713	.1022062	0
1023.15	0	.701317	.196155	.102528	0
1022.15	0	.7006147	.1965365	.1028489	0
1021.15	0	.6999155	.1969156	.1031689	0
1020.15	0	.6992195	.1972925	.103488	0
1019.15	0	.6985266	.1976671	.1038064	0
1018.15	0	.6978368	.1980394	.1041238	0
1017.15	0	.6971502	.1984094	.1044404	0
1016.15	0	.6964668	.1987771	.1047561	0
1015.15	0	.6957865	.1991426	.105071	0
1014.15	0	.6951093	.1995057	.105385	0
1013.15	0	.6944352	.1998666	.1056981	0
1012.15	0	.6937643	.2002253	.1060104	0
1011.15	0	.6930965	.2005816	.1063218	0
1010.15	0	.6924319	.2009357	.1066324	0
1009.15	0	.6917704	.2012875	.1069421	0
1008.15	0	.691112	.2016371	.107251	0
1007.15	0	.6904567	.2019844	.1075589	0
1006.15	0	.6898046	.2023294	.107866	0
1005.15	0	.6891556	.2026721	.1081723	0
1004.15	0	.6885097	.2030127	.1084777	0
1003.15	0	.6878669	.2033509	.1087822	0
1002.15	0	.6872272	.2036869	.1090858	0
1001.15	0	.6865907	.2040207	.1093886	0
1000.15	0	.6859572	.2043522	.1096906	0
999.15	0	.6853269	.2046815	.1099916	0
998.15	0	.6846997	.2050086	.1102918	0
997.15	0	.6840755	.2053334	.1105911	0
996.15	0	.6834545	.205656	.1108895	0
995.15	0	.6828366	.2059763	.1111871	0
994.15	0	.6822217	.2062945	.1114838	0
993.15	0	.68161	.2066104	.1117796	0
992.15	0	.6810014	.2069241	.1120745	0
991.15	0	.6803958	.2072356	.1123686	0
990.15	0	.6797933	.2075449	.1126618	0
989.15	0	.6791939	.207852	.1129541	0
988.15	0	.6785976	.2081569	.1132455	0
987.15	0	.6780043	.2084596	.113536	0
986.15	0	.6774142	.2087601	.1138257	0
985.15	0	.6768271	.2090585	.1141145	0
984.15	0	.676243	.2093547	.1144023	0
983.15	0	.675662	.2096486	.1146893	0
982.15	0	.6750841	.2099405	.1149754	0
981.15	0	.6745092	.2102301	.1152606	0
980.15	0	.6739374	.2105177	.115545	0
979.15	0	.6733686	.210803	.1158284	0
978.15	0	.6728029	.2110862	.1161109	0
977.15	0	.6722401	.2113673	.1163925	0
976.15	0	.6716805	.2116463	.1166732	0
975.15	0	.6711238	.2119231	.1169531	0
974.15	0	.6705702	.2121979	.117232	0
973.15	0	.6700196	.2124705	.11751	0
972.15	0	.6694719	.212741	.1177871	0
971.15	0	.6689273	.2130094	.1180633	0
970.15	0	.6683857	.2132757	.1183385	0
969.15	0	.6678471	.21354	.1186129	0
968.15	0	.6673115	.2138022	.1188863	0
967.15	0	.6667789	.2140623	.1191588	0
966.15	0	.6662492	.2143204	.1194304	0
965.15	0	.6657225	.2145764	.1197011	0
964.15	0	.6651988	.2148304	.1199708	0
963.15	0	.664678	.2150824	.1202396	0
962.15	0	.6641602	.2153324	.1205074	0
961.15	0	.6636453	.2155803	.1207744	0
960.15	0	.6631334	.2158263	.1210403	0
959.15	0	.6626243	.2160703	.1213054	0
958.15	0	.6621183	.2163123	.1215695	0
957.15	0	.6616151	.2165523	.1218326	0
956.15	0	.6611148	.2167904	.1220948	0
955.15	0	.6606174	.2170266	.122356	0
954.15	0	.6601229	.2172608	.1226163	0
953.15	0	.6596313	.2174931	.1228756	0
952.15	0	.6591425	.2177236	.1231339	0
951.15	0	.6586566	.2179521	.1233913	0
950.15	0	.6581736	.2181787	.1236477	0
949.15	0	.6576934	.2184035	.1239031	0
948.15	0	.657216	.2186265	.1241575	0
947.15	0	.6567415	.2188476	.124411	0
946.15	0	.6562697	.2190669	.1246634	0
945.15	0	.6558008	.2192843	.1249149	0
944.15	0	.6553346	.2195	.1251654	0
943.15	0	.6548712	.219714	.1254148	0
942.15	0	.6544106	.2199261	.1256633	0
941.15	0	.6539527	.2201366	.1259107	0
940.15	0	.6534975	.2203453	.1261572	0
939.15	0	.6530451	.2205523	.1264026	0
938.15	0	.6525954	.2207576	.126647	0
937.15	0	.6521484	.2209613	.1268903	0
936.15	0	.6517041	.2211633	.1271326	0
935.15	0	.6512624	.2213637	.1273739	0
934.15	0	.6508234	.2215624	.1276142	0
933.15	0	.650387	.2217596	.1278534	0
932.15	0	.6499533	.2219552	.1280915	0
931.15	0	.6495222	.2221493	.1283286	0
930.15	0	.6490936	.2223418	.1285646	0
929.15	0	.6486676	.2225329	.1287995	0
928.15	0	.6482442	.2227224	.1290334	0
927.15	0	.6478233	.2229105	.1292661	0
926.15	0	.647405	.2230972	.1294978	0
925.15	0	.6469891	.2232825	.1297284	0
924.15	0	.6465757	.2234664	.1299579	0
923.15	0	.6461648	.2236489	.1301863	0
922.15	0	.6457563	.2238301	.1304136	0
921.15	0	.6453503	.22401	.1306397	0
920.15	0	.6449466	.2241886	.1308648	0
919.15	0	.6445454	.224366	.1310887	0
918.15	0	.6441465	.2245421	.1313114	0
917.15	0	.6437499	.2247171	.131533	0
916.15	0	.6433556	.2248909	.1317535	0
915.15	0	.6429636	.2250636	.1319727	0
914.15	0	.6425739	.2252352	.1321909	0
913.15	0	.6421864	.2254058	.1324078	0
912.15	0	.6418012	.2255753	.1326236	0
911.15	0	.6414181	.2257438	.1328381	0
910.15	0	.6410372	.2259113	.1330515	0
909.15	0	.6406584	.2260779	.1332637	0
908.15	0	.6402817	.2262437	.1334746	0
907.15	0	.6399071	.2264086	.1336843	0
906.15	0	.6395345	.2265727	.1338928	0
905.15	0	.639164	.226736	.1341	0
904.15	0	.6387954	.2268985	.134306	0
903.15	0	.6384288	.2270604	.1345108	0
902.15	0	.6380642	.2272216	.1347142	0
901.15	0	.6377014	.2273823	.1349164	0
900.15	0	.6373404	.2275423	.1351173	0
899.15	0	.6369813	.2277018	.1353169	0
898.15	0	.636624	.2278609	.1355151	0
897.15	0	.6362684	.2280195	.1357121	0
896.15	0	.6359145	.2281778	.1359077	0
895.15	0	.6355623	.2283357	.136102	0
894.15	0	.6352117	.2284934	.1362949	0
893.15	0	.6348628	.2286508	.1364865	0
892.15	0	.6345154	.228808	.1366767	0
891.15	0	.6341694	.2289651	.1368654	0
890.15	0	.633825	.2291221	.1370529	0
889.15	0	.633482	.2292792	.1372388	0
888.15	0	.6331404	.2294363	.1374234	0
887.15	0	.6328001	.2295934	.1376065	0
886.15	0	.6324611	.2297508	.1377882	0
885.15	0	.6321233	.2299083	.1379684	0
884.15	0	.6317867	.2300662	.1381471	0
883.15	0	.6314513	.2302244	.1383244	0
882.15	0	.6311169	.230383	.1385001	0
881.15	0	.6307836	.2305421	.1386743	0
880.15	0	.6304513	.2307018	.1388469	0
879.15	0	.6301199	.230862	.1390181	0
878.15	0	.6297894	.231023	.1391876	0
877.15	0	.6294597	.2311848	.1393556	0
876.15	0	.6291307	.2313474	.1395219	0
875.15	0	.6288025	.2315109	.1396867	0
874.15	0	.6284748	.2316754	.1398498	0
873.15	0	.6281478	.231841	.1400112	0
872.15	0	.6278212	.2320078	.140171	0
871.15	0	.6274951	.2321758	.1403291	0
870.15	0	.6271694	.2323452	.1404854	0
869.15	0	.6268439	.232516	.1406401	0
868.15	0	.6265187	.2326884	.140793	0
867.15	0	.6261936	.2328623	.1409441	0
866.15	0	.6258686	.233038	.1410934	0
865.15	0	.6255436	.2332156	.1412409	0
864.15	0	.6252185	.233395	.1413865	0
863.15	0	.6248932	.2335765	.1415303	0
862.15	0	.6245677	.2337601	.1416722	0
861.15	0	.6242418	.233946	.1418122	0
860.15	0	.6239155	.2341343	.1419502	0
859.15	0	.6235887	.234325	.1420863	0
858.15	0	.6232612	.2345184	.1422204	0
857.15	0	.6229331	.2347145	.1423524	0
856.15	0	.6226041	.2349135	.1424824	0
855.15	0	.6222742	.2351155	.1426103	0
854.15	0	.6219433	.2353207	.1427361	0
853.15	0	.6216112	.2355291	.1428597	0
852.15	0	.6212778	.235741	.1429812	0
851.15	0	.6209431	.2359565	.1431004	0
850.15	0	.6206069	.2361758	.1432173	0
849.15	0	.620269	.236399	.143332	0
848.15	0	.6199294	.2366263	.1434443	0
847.15	0	.6195879	.2368579	.1435542	0
846.15	0	.6192444	.2370939	.1436617	0
845.15	0	.6188986	.2373346	.1437668	0
844.15	0	.6185506	.2375802	.1438693	0
843.15	0	.6182	.2378308	.1439692	0
842.15	0	.6178467	.2380867	.1440665	0
841.15	0	.6174906	.2383482	.1441612	0
840.15	0	.6171315	.2386154	.1442531	0
839.15	0	.6167692	.2388886	.1443423	0
838.15	0	.6164034	.239168	.1444285	0
837.15	0	.6160341	.239454	.1445119	0
836.15	0	.6156609	.2397469	.1445922	0
835.15	0	.6152837	.2400468	.1446695	0
834.15	0	.6149021	.2403542	.1447437	0
833.15	0	.614516	.2406694	.1448147	0
832.15	0	.6141251	.2409926	.1448823	0
831.15	0	.613729	.2413244	.1449465	0
830.15	0	.6133276	.2416651	.1450073	0
829.15	0	.6129205	.2420151	.1450644	0
828.15	0	.6125073	.2423748	.1451179	0
827.15	0	.6120877	.2427448	.1451675	0
826.15	0	.6116614	.2431254	.1452132	0
825.15	0	.6112278	.2435173	.1452548	0
824.15	0	.6107867	.2439211	.1452922	0
823.15	0	.6103375	.2443373	.1453253	0
822.15	0	.6098797	.2447665	.1453538	0
821.15	0	.6094128	.2452096	.1453776	0
820.15	0	.6089362	.2456673	.1453965	0
819.15	0	.6084493	.2461404	.1454103	0
818.15	0	.6079515	.2466297	.1454188	0
817.15	0	.6074419	.2471364	.1454217	0
816.15	0	.6069198	.2476614	.1454188	0
815.15	0	.6063843	.2482059	.1454098	0
814.15	0	.6058344	.2487712	.1453944	0
813.15	0	.6052691	.2493588	.1453721	0
812.15	0	.6046871	.2499702	.1453427	0
811.15	0	.6040872	.2506072	.1453057	0
810.15	0	.6034678	.2512717	.1452606	0
809.15	0	.6028273	.2519659	.1452068	0
808.15	0	.6019327	.2529846	.1450827	0
807.15	0	.6005707	.2545997	.1448296	0
806.15	0	.5993119	.2560907	.1445974	0
805.15	0	.5981432	.2574735	.1443833	0
804.15	0	.5970542	.258761	.1441848	0
803.15	0	.5960362	.2599637	.1440001	0
802.15	0	.5950818	.2610906	.1438276	0
801.15	0	.5941848	.2621492	.143666	0
800.15	0	.5933399	.263146	.1435142	0
799.15	0	.5925424	.2640865	.1433711	0
798.15	0	.5917883	.2649757	.143236	0
797.15	0	.5910741	.2658178	.143108	0
796.15	0	.5903967	.2666166	.1429867	0
795.15	0	.5897533	.2673754	.1428713	0
794.15	0	.5891413	.2680972	.1427615	0
793.15	0	.5885586	.2687846	.1426567	0
792.15	0	.5880032	.2694401	.1425567	0
791.15	0	.5874732	.2700658	.1424609	0
790.15	0	.586967	.2706638	.1423692	0
789.15	0	.5864831	.2712357	.1422812	0
788.15	0	.5860201	.2717833	.1421966	0
787.15	0	.5855767	.2723079	.1421153	0
786.15	0	.5851519	.2728111	.142037	0
785.15	0	.5847444	.2732941	.1419615	0
784.15	0	.5843534	.2737579	.1418886	0
783.15	0	.5839779	.2742038	.1418182	0
782.15	0	.5836171	.2746327	.1417501	0
781.15	0	.5832702	.2750456	.1416842	0
780.15	0	.5829391	.2754412	.1416197	0
779.15	0	.5826176	.2758246	.1415578	0
778.15	0	.582308	.2761943	.1414977	0
777.15	0	.5820096	.2765511	.1414393	0
776.15	0	.581722	.2768955	.1413825	0
775.15	0	.5814445	.2772282	.1413272	0
774.15	0	.5811768	.2775498	.1412734	0
773.15	0	.5809182	.2778609	.1412209	0
772.15	0	.5806685	.2781618	.1411697	0
771.15	0	.5804271	.2784532	.1411197	0
770.15	0	.5801938	.2787353	.1410708	0
769.15	0	.5799681	.2790088	.1410231	0
768.15	0	.5797497	.2792739	.1409764	0
767.15	0	.5795383	.2795311	.1409306	0
766.15	0	.5793336	.2797807	.1408858	0
765.15	0	.5791352	.280023	.1408418	0
764.15	0	.5789429	.2802583	.1407987	0
763.15	0	.5787565	.2804871	.1407564	0
762.15	0	.5785757	.2807094	.1407149	0
761.15	0	.5784002	.2809257	.140674	0
760.15	0	.5782299	.2811362	.1406339	0
759.15	0	.5780645	.2813411	.1405944	0
758.15	0	.5779039	.2815407	.1405555	0
757.15	0	.5777477	.2817351	.1405172	0
756.15	0	.5775959	.2819247	.1404794	0
755.15	0	.5774483	.2821095	.1404422	0
754.15	0	.5773047	.2822898	.1404055	0
753.15	0	.5771649	.2824658	.1403693	0
752.15	0	.5770288	.2826377	.1403335	0
751.15	0	.5768963	.2828055	.1402982	0
750.15	0	.5767672	.2829696	.1402633	0
749.15	0	.5766413	.2831299	.1402287	0
748.15	0	.5765187	.2832867	.1401946	0
747.15	0	.576399	.2834402	.1401608	0
746.15	0	.5762823	.2835903	.1401274	0
745.15	0	.5761684	.2837373	.1400942	0
744.15	0	.5760572	.2838814	.1400614	0
743.15	0	.5759486	.2840225	.1400289	0
742.15	0	.5758425	.2841608	.1399967	0
741.15	0	.5757389	.2842965	.1399647	0
740.15	0	.5756375	.2844296	.1399329	0
739.15	0	.5755384	.2845602	.1399015	0
738.15	0	.5754414	.2846884	.1398702	0
737.15	0	.5753465	.2848143	.1398392	0
736.15	0	.5752537	.284938	.1398083	0
735.15	0	.5751627	.2850596	.1397777	0
734.15	0	.5750737	.2851791	.1397472	0
733.15	0	.5749864	.2852967	.139717	0
732.15	0	.5749008	.2854124	.1396868	0
731.15	0	.5748169	.2855262	.1396569	0
730.15	0	.5747347	.2856383	.1396271	0
729.15	0	.5746539	.2857487	.1395974	0
728.15	0	.5745747	.2858574	.1395679	0
727.15	0	.574497	.2859646	.1395385	0
726.15	0	.5744206	.2860702	.1395092	0
725.15	0	.5743456	.2861744	.13948	0
724.15	0	.5742719	.2862772	.1394509	0
723.15	0	.5741994	.2863787	.139422	0
722.15	0	.5741281	.2864788	.1393931	0
721.15	0	.5740581	.2865777	.1393643	0
720.15	0	.5739891	.2866753	.1393356	0
719.15	0	.5739213	.2867718	.139307	0
718.15	0	.5738545	.2868672	.1392784	0
717.15	0	.5737887	.2869614	.1392499	0
716.15	0	.5737239	.2870547	.1392215	0
715.15	0	.57366	.2871469	.1391931	0
714.15	0	.5735971	.2872381	.1391648	0
713.15	0	.5735351	.2873284	.1391365	0
712.15	0	.5734739	.2874178	.1391083	0
711.15	0	.5734136	.2875063	.1390801	0
710.15	0	.573354	.287594	.139052	0
709.15	0	.5732953	.2876809	.1390239	0
708.15	0	.5732372	.287767	.1389958	0
707.15	0	.5731799	.2878523	.1389677	0
706.15	0	.5731233	.287937	.1389397	0
705.15	0	.5730674	.2880209	.1389117	0
704.15	0	.5730122	.2881041	.1388837	0
703.15	0	.5729575	.2881867	.1388557	0
702.15	0	.5729035	.2882687	.1388278	0
701.15	0	.5728501	.2883501	.1387999	0
700.15	0	.5727973	.2884308	.1387719	0
699.15	0	.572745	.2885111	.138744	0
698.15	0	.5726932	.2885907	.1387161	0
697.15	0	.572642	.2886699	.1386881	0
696.15	0	.5725912	.2887485	.1386602	0
695.15	0	.572541	.2888267	.1386323	0
694.15	0	.5724912	.2889044	.1386044	0
693.15	0	.5724419	.2889817	.1385765	0
692.15	0	.572393	.2890585	.1385485	0
691.15	0	.5723445	.2891349	.1385206	0
690.15	0	.5722964	.2892109	.1384926	0
689.15	0	.5722488	.2892866	.1384647	0
688.15	0	.5722015	.2893618	.1384367	0
687.15	0	.5721546	.2894367	.1384087	0
686.15	0	.5721081	.2895112	.1383807	0
685.15	0	.5720619	.2895854	.1383526	0
684.15	0	.5720161	.2896593	.1383246	0
683.15	0	.5719705	.2897329	.1382965	0
682.15	0	.5719253	.2898062	.1382685	0
681.15	0	.5718804	.2898792	.1382404	0
680.15	0	.5718358	.2899519	.1382122	0
679.15	0	.5717915	.2900244	.1381841	0
678.15	0	.5717475	.2900966	.1381559	0
677.15	0	.5717037	.2901685	.1381277	0
676.15	0	.5716602	.2902403	.1380995	0
675.15	0	.571617	.2903118	.1380713	0
674.15	0	.571574	.290383	.138043	0
673.15	0	.5715312	.2904541	.1380147	0
672.15	0	.5714887	.290525	.1379864	0
671.15	0	.5714463	.2905956	.137958	0
670.15	0	.5714042	.2906661	.1379296	0
669.15	0	.5713624	.2907364	.1379012	0
668.15	0	.5713207	.2908066	.1378728	0
667.15	0	.5712792	.2908765	.1378443	0
666.15	0	.5712379	.2909463	.1378158	0
665.15	0	.5711967	.291016	.1377873	0
664.15	0	.5711558	.2910855	.1377587	0
663.15	0	.571115	.2911548	.1377301	0
662.15	0	.5710744	.2912241	.1377015	0
661.15	0	.571034	.2912932	.1376729	0
660.15	0	.5709937	.2913621	.1376442	0
659.15	0	.5709536	.291431	.1376154	0
658.15	0	.5709136	.2914997	.1375867	0
657.15	0	.5708737	.2915684	.1375579	0
656.15	0	.570834	.2916369	.1375291	0
655.15	0	.5707945	.2917053	.1375002	0
654.15	0	.570755	.2917736	.1374714	0
653.15	0	.5707157	.2918418	.1374424	0
652.15	0	.5706765	.29191	.1374135	0
651.15	0	.5706375	.291978	.1373845	0
650.15	0	.5705985	.292046	.1373555	0
649.15	0	.5705597	.2921139	.1373265	0
648.15	0	.5705209	.2921817	.1372974	0
647.15	0	.5704823	.2922494	.1372683	0
646.15	0	.5704438	.2923171	.1372391	0
645.15	0	.5704054	.2923847	.13721	0
644.15	0	.570367	.2924522	.1371808	0
643.15	0	.5703288	.2925197	.1371515	0
642.15	0	.5702907	.2925871	.1371223	0
641.15	0	.5702526	.2926544	.137093	0
640.15	0	.5702147	.2927217	.1370636	0
639.15	0	.5701768	.2927889	.1370343	0
638.15	0	.570139	.2928561	.1370049	0
637.15	0	.5701013	.2929233	.1369754	0
636.15	0	.5700636	.2929904	.136946	0
635.15	0	.5700261	.2930574	.1369165	0
634.15	0	.5699886	.2931244	.136887	0
633.15	0	.5699511	.2931914	.1368575	0
632.15	0	.5699138	.2932583	.1368279	0
631.15	0	.5698765	.2933252	.1367983	0
630.15	0	.5698393	.293392	.1367687	0
629.15	0	.5698022	.2934588	.136739	0
628.15	0	.5697651	.2935256	.1367093	0
627.15	0	.569728	.2935923	.1366796	0
626.15	0	.5696911	.293659	.1366499	0
625.15	0	.5696542	.2937257	.1366201	0
624.15	0	.5696173	.2937923	.1365903	0
623.15	0	.5695805	.2938589	.1365605	0
622.15	0	.5695438	.2939255	.1365307	0
621.15	0	.5695071	.2939921	.1365008	0
620.15	0	.5694705	.2940586	.1364709	0
619.15	0	.5694339	.2941251	.136441	0
618.15	0	.5693974	.2941915	.1364111	0
617.15	0	.5693609	.294258	.1363811	0
616.15	0	.5693245	.2943244	.1363511	0
615.15	0	.5692881	.2943908	.1363211	0
614.15	0	.5692518	.2944571	.1362911	0
613.15	0	.5692155	.2945235	.136261	0
612.15	0	.5691793	.2945898	.136231	0
611.15	0	.5691431	.2946561	.1362009	0
610.15	0	.5691069	.2947223	.1361708	0
609.15	0	.5690708	.2947885	.1361407	0
608.15	0	.5690347	.2948548	.1361105	0
607.15	0	.5689987	.294921	.1360803	0
606.15	0	.5689627	.2949871	.1360502	0
605.15	0	.5689268	.2950532	.13602	0
604.15	0	.5688909	.2951194	.1359897	0
603.15	0	.5688551	.2951855	.1359595	0
602.15	0	.5688192	.2952515	.1359293	0
601.15	0	.5687835	.2953175	.135899	0
600.15	0	.5687477	.2953836	.1358687	0
599.15	0	.568712	.2954496	.1358384	0
598.15	0	.5686764	.2955155	.1358081	0
597.15	0	.5686407	.2955815	.1357778	0
596.15	0	.5686052	.2956474	.1357475	0
595.15	0	.5685696	.2957133	.1357171	0
594.15	0	.5685341	.2957791	.1356868	0
593.15	0	.5684986	.2958449	.1356564	0
592.15	0	.5684632	.2959108	.135626	0
591.15	0	.5684278	.2959765	.1355957	0
590.15	0	.5683925	.2960423	.1355653	0
589.15	0	.5683571	.296108	.1355349	0
588.15	0	.5683219	.2961737	.1355044	0
587.15	0	.5682866	.2962394	.135474	0
586.15	0	.5682514	.296305	.1354436	0
585.15	0	.5682162	.2963706	.1354132	0
584.15	0	.5681811	.2964361	.1353828	0
583.15	0	.568146	.2965017	.1353523	0
582.15	0	.5681109	.2965672	.1353219	0
581.15	0	.5680759	.2966326	.1352915	0
580.15	0	.5680409	.2966981	.135261	0
579.15	0	.568006	.2967635	.1352306	0
578.15	0	.5679711	.2968288	.1352001	0
577.15	0	.5679362	.2968942	.1351697	0
576.15	0	.5679013	.2969595	.1351392	0
575.15	0	.5678665	.2970247	.1351088	0
574.15	0	.5678318	.2970899	.1350783	0
573.15	0	.5677971	.2971551	.1350479	0
572.15	0	.5677624	.2972202	.1350174	0
571.15	0	.5677277	.2972853	.134987	0
570.15	0	.5676931	.2973504	.1349566	0
569.15	0	.5676585	.2974154	.1349261	0
568.15	0	.567624	.2974803	.1348957	0
567.15	0	.5675895	.2975452	.1348653	0
566.15	0	.567555	.2976101	.1348349	0
565.15	0	.5675206	.2976749	.1348045	0
564.15	0	.5674862	.2977397	.1347741	0
563.15	0	.5674519	.2978044	.1347437	0
562.15	0	.5674176	.2978691	.1347133	0
561.15	0	.5673833	.2979337	.1346829	0
560.15	0	.5673491	.2979983	.1346526	0
559.15	0	.5673149	.2980628	.1346222	0
558.15	0	.5672808	.2981273	.1345919	0
557.15	0	.5672467	.2981917	.1345616	0
556.15	0	.5672127	.2982561	.1345312	0
555.15	0	.5671787	.2983204	.134501	0
554.15	0	.5671447	.2983846	.1344707	0
553.15	0	.5671108	.2984488	.1344404	0
552.15	0	.5670769	.298513	.1344102	0
551.15	0	.5670431	.298577	.1343799	0
550.15	0	.5670093	.298641	.1343497	0
549.15	0	.5669755	.298705	.1343195	0
548.15	0	.5669418	.2987689	.1342893	0
547.15	0	.5669082	.2988327	.1342591	0
546.15	0	.5668745	.2988964	.134229	0
545.15	0	.566841	.2989601	.1341989	0
544.15	0	.5668075	.2990238	.1341688	0
543.15	0	.566774	.2990873	.1341387	0
542.15	0	.5667406	.2991508	.1341087	0
541.15	0	.5667072	.2992142	.1340786	0
540.15	0	.5666738	.2992776	.1340486	0
539.15	0	.5666406	.2993408	.1340186	0
538.15	0	.5666073	.299404	.1339887	0
537.15	0	.5665741	.2994671	.1339587	0
536.15	0	.566541	.2995302	.1339288	0
535.15	0	.5665079	.2995931	.133899	0
534.15	0	.5664749	.299656	.1338691	0
533.15	0	.5664419	.2997188	.1338393	0
532.15	0	.566409	.2997816	.1338095	0
531.15	0	.5663761	.2998442	.1337797	0
530.15	0	.5663432	.2999068	.13375	0
529.15	0	.5663105	.2999693	.1337203	0
528.15	0	.5662777	.3000316	.1336906	0
527.15	0	.5662451	.300094	.133661	0
526.15	0	.5662124	.3001562	.1336314	0
525.15	0	.5661799	.3002183	.1336018	0
524.15	0	.5661474	.3002804	.1335723	0
523.15	0	.5661149	.3003423	.1335428	0
522.15	0	.5660827	.3004041	.1335132	0
521.15	0	.5660503	.3004659	.1334838	0
520.15	0	.566018	.3005276	.1334544	0
519.15	0	.5659858	.3005892	.133425	0
518.15	0	.5659536	.3006506	.1333957	0
517.15	0	.5659215	.300712	.1333664	0
516.15	0	.5658895	.3007733	.1333372	0
515.15	0	.5658575	.3008345	.133308	0
514.15	0	.5658256	.3008956	.1332789	0
513.15	0	.5657937	.3009566	.1332498	0
512.15	0	.5657619	.3010174	.1332207	0
511.15	0	.5657301	.3010782	.1331917	0
510.15	0	.5656984	.3011389	.1331627	0
509.15	0	.5656668	.3011994	.1331338	0
508.15	0	.5656352	.3012599	.1331049	0
507.15	0	.5656037	.3013202	.1330761	0
506.15	0	.5655723	.3013805	.1330473	0
505.15	0	.5655409	.3014406	.1330185	0
504.15	0	.5655096	.3015006	.1329898	0
503.15	0	.5654783	.3015605	.1329612	0
502.15	0	.5654471	.3016203	.1329326	0
501.15	0	.565416	.30168	.132904	0
500.15	0	.5653849	.3017395	.1328755	0
499.15	0	.565354	.3017989	.1328471	0
498.15	0	.565323	.3018583	.1328187	0
497.15	0	.5652922	.3019175	.1327904	0
496.15	0	.5652614	.3019765	.1327621	0
495.15	0	.5652307	.3020355	.1327339	0
494.15	0	.5652	.3020943	.1327057	0
493.15	0	.5651694	.302153	.1326776	0
492.15	0	.5651389	.3022116	.1326495	0
491.15	0	.5651085	.30227	.1326215	0
490.15	0	.5650781	.3023283	.1325935	0
489.15	0	.5650478	.3023865	.1325657	0
488.15	0	.5650176	.3024446	.1325378	0
487.15	0	.5649874	.3025025	.1325101	0
486.15	0	.5649573	.3025603	.1324823	0
485.15	0	.5649273	.302618	.1324547	0
484.15	0	.5648974	.3026755	.1324271	0
483.15	0	.5648675	.3027329	.1323996	0
482.15	0	.5648377	.3027902	.1323721	0
481.15	0	.564808	.3028473	.1323447	0
480.15	0	.5647784	.3029043	.1323174	0
479.15	0	.5647488	.3029611	.1322901	0
478.15	0	.5647193	.3030178	.1322629	0
477.15	0	.5646899	.3030743	.1322358	0
476.15	0	.5646606	.3031308	.1322087	0
475.15	0	.5646313	.303187	.1321817	0
474.15	0	.5646021	.3032431	.1321547	0
473.15	0	.564573	.3032991	.1321279	0
472.15	0	.564544	.3033549	.132101	0
471.15	0	.5645151	.3034106	.1320743	0
470.15	0	.5644862	.3034661	.1320477	0
469.15	0	.5644574	.3035215	.1320211	0
468.15	0	.5644287	.3035767	.1319945	0
467.15	0	.5644001	.3036318	.1319681	0
466.15	0	.5643716	.3036867	.1319417	0
465.15	0	.5643431	.3037415	.1319154	0
464.15	0	.5643147	.3037961	.1318892	0
463.15	0	.5642864	.3038505	.131863	0
462.15	0	.5642582	.3039048	.131837	0
461.15	0	.5642301	.303959	.131811	0
460.15	0	.564202	.304013	.131785	0
459.15	0	.5641741	.3040668	.1317592	0
458.15	0	.5641462	.3041204	.1317334	0
457.15	0	.5641184	.3041739	.1317077	0
456.15	0	.5640907	.3042272	.1316821	0
455.15	0	.5640631	.3042804	.1316566	0
454.15	0	.5640355	.3043334	.1316311	0
453.15	0	.5640081	.3043862	.1316057	0
452.15	0	.5639807	.3044389	.1315804	0
451.15	0	.5639534	.3044913	.1315552	0
450.15	0	.5639263	.3045437	.1315301	0
449.15	0	.5638992	.3045958	.1315051	0
448.15	0	.5638722	.3046477	.1314801	0
447.15	0	.5638454	.3046994	.1314553	0
446.15	0	.5638186	.3047509	.1314305	0
445.15	0	.5637919	.3048023	.1314058	0
444.15	0	.5637653	.3048534	.1313812	0
443.15	0	.5637389	.3049044	.1313567	0
442.15	0	.5637125	.3049551	.1313323	0
441.15	0	.5636863	.3050057	.131308	0
440.15	0	.5636602	.305056	.1312839	0
439.15	0	.5636342	.305106	.1312597	0
438.15	0	.5636083	.3051559	.1312358	0
437.15	0	.5635826	.3052055	.1312119	0
436.15	0	.563557	.3052549	.1311881	0
435.15	0	.5635315	.3053041	.1311644	0
434.15	0	.5635061	.305353	.1311409	0
433.15	0	.5634809	.3054017	.1311174	0
432.15	0	.5634558	.3054501	.1310941	0
431.15	0	.5634309	.3054983	.1310708	0
430.15	0	.5634061	.3055462	.1310477	0
429.15	0	.5633814	.3055938	.1310247	0
428.15	0	.5633569	.3056412	.1310019	0
427.15	0	.5633325	.3056884	.1309791	0
426.15	0	.5633083	.3057353	.1309564	0
425.15	0	.5632842	.3057819	.1309339	0
424.15	0	.5632603	.3058282	.1309115	0
423.15	0	.5632365	.3058743	.1308892	0
422.15	0	.5632129	.3059201	.1308671	0
421.15	0	.5631894	.3059656	.130845	0
420.15	0	.563166	.3060109	.1308231	0
419.15	0	.5631428	.3060558	.1308013	0
418.15	0	.5631198	.3061006	.1307796	0
417.15	0	.5630969	.306145	.1307581	0
416.15	0	.5630742	.3061891	.1307367	0
415.15	0	.5630516	.306233	.1307154	0
414.15	0	.5630292	.3062766	.1306942	0
413.15	0	.5630069	.3063199	.1306732	0
412.15	0	.5629848	.3063629	.1306523	0
411.15	0	.5629628	.3064057	.1306315	0
410.15	0	.562941	.3064481	.1306109	0
409.15	0	.5629193	.3064903	.1305903	0
408.15	0	.5628978	.3065322	.1305699	0
407.15	0	.5628765	.3065739	.1305497	0
406.15	0	.5628553	.3066152	.1305295	0
405.15	0	.5628342	.3066563	.1305095	0
