T	 BPW(LIQUID)	BPW(BCC_A2)	BPW(FCC_A1)	BPW(LAVES_PHASE_C14)	BPW(NI3TI)
1473.15	.1564557	.7807184	0	.06282583	0
1472.15	.1510775	.7841417	0	.06478075	0
1471.15	.1457984	.7874967	0	.06670496	0
1470.15	.1406157	.790785	0	.06859929	0
1469.15	.135527	.7940085	0	.07046454	0
1468.15	.1305298	.7971688	0	.07230147	0
1467.15	.1256218	.8002674	0	.07411083	0
1466.15	.1208007	.803306	0	.07589335	0
1465.15	.1160643	.806286	0	.07764972	0
1464.15	.1114105	.8092089	0	.07938061	0
1463.15	.1068372	.8120761	0	.08108668	0
1462.15	.1023425	.814889	0	.08276855	0
1461.15	.09792438	.8176488	0	.08442683	0
1460.15	.09358104	.8203568	0	.08606212	0
1459.15	.08931064	.8230144	0	.08767498	0
1458.15	.08511145	.8256226	0	.08926597	0
1457.15	.08098176	.8281826	0	.09083563	0
1456.15	.07691992	.8306956	0	.09238446	0
1455.15	.07292435	.8331627	0	.09391298	0
1454.15	.0689935	.8355848	0	.09542168	0
1453.15	.06512587	.8379631	0	.09691102	0
1452.15	.06132001	.8402985	0	.09838146	0
1451.15	.0575745	.8425921	0	.09983345	0
1450.15	.05388798	.8448446	0	.1012674	0
1449.15	.05025911	.8470571	0	.1026838	0
1448.15	.0466866	.8492304	0	.1040829	0
1447.384	.04398624	.85087	0	.1051438	0
1447.384	.04398624	.85087	0	.1051438	0
1447.384	.04398624	.85087	0	.1051438	0
1447.15	.04052398	.8476005	.00559115	.1062843	0
1446.15	.02587424	.8338537	.02918436	.1110877	0
1445.15	.01148833	.8204942	.05224905	.1157685	0
1444.338	0	.8099274	.07059249	.1194801	0
1444.338	0	.8099274	.07059249	.1194801	0
1444.15	0	.8093348	.07106302	.1196022	0
1443.15	0	.8061945	.07355692	.1202486	0
1442.15	0	.8030627	.07604478	.1208925	0
1441.15	0	.7999393	.0785266	.1215341	0
1440.15	0	.7968244	.0810024	.1221732	0
1439.15	0	.7937178	.08347219	.12281	0
1438.15	0	.7906197	.08593597	.1234444	0
1437.15	0	.7875299	.08839377	.1240764	0
1436.15	0	.7844484	.09084559	.124706	0
1435.15	0	.7813752	.09329144	.1253333	0
1434.15	0	.7783104	.09573134	.1259583	0
1433.15	0	.7752538	.09816529	.1265809	0
1432.15	0	.7722054	.1005933	.1272013	0
1431.15	0	.7691653	.1030154	.1278193	0
1430.15	0	.7661334	.1054316	.128435	0
1429.15	0	.7631096	.1078419	.1290485	0
1428.15	0	.760094	.1102463	.1296597	0
1427.15	0	.7570866	.1126448	.1302686	0
1426.15	0	.7540872	.1150375	.1308753	0
1425.15	0	.751096	.1174242	.1314798	0
1424.15	0	.7481128	.1198052	.132082	0
1423.15	0	.7451377	.1221803	.132682	0
1422.15	0	.7421706	.1245495	.1332798	0
1421.15	0	.7392116	.126913	.1338754	0
1420.15	0	.7362605	.1292706	.1344689	0
1419.15	0	.7333174	.1316225	.1350601	0
1418.15	0	.7303823	.1339685	.1356492	0
1417.15	0	.7274551	.1363088	.1362362	0
1416.15	0	.7245358	.1386433	.136821	0
1415.15	0	.7216244	.140972	.1374036	0
1414.15	0	.7187209	.143295	.1379842	0
1413.15	0	.7158252	.1456122	.1385626	0
1412.15	0	.7129374	.1479237	.1391389	0
1411.15	0	.7100574	.1502294	.1397132	0
1410.15	0	.7071852	.1525295	.1402853	0
1409.15	0	.7043208	.1548238	.1408554	0
1408.15	0	.7014642	.1571124	.1414234	0
1407.15	0	.6986153	.1593953	.1419894	0
1406.15	0	.6957742	.1616725	.1425533	0
1405.15	0	.6929408	.1639441	.1431151	0
1404.15	0	.6901151	.16621	.143675	0
1403.15	0	.687297	.1684702	.1442328	0
1402.15	0	.6844866	.1707247	.1447886	0
1401.15	0	.6816839	.1729736	.1453424	0
1400.15	0	.6788888	.1752169	.1458943	0
1399.15	0	.6761014	.1774545	.1464441	0
1398.15	0	.6733215	.1796865	.146992	0
1397.15	0	.6705492	.1819129	.1475379	0
1396.15	0	.6677845	.1841337	.1480819	0
1395.15	0	.6650273	.1863488	.1486239	0
1394.15	0	.6622777	.1885584	.1491639	0
1393.15	0	.6595356	.1907623	.1497021	0
1392.15	0	.656801	.1929607	.1502383	0
1391.15	0	.6540739	.1951534	.1507726	0
1390.15	0	.6513543	.1973406	.151305	0
1389.15	0	.6486422	.1995223	.1518356	0
1388.15	0	.6459375	.2016983	.1523642	0
1387.15	0	.6432402	.2038688	.152891	0
1386.15	0	.6405504	.2060338	.1534158	0
1385.15	0	.6378679	.2081932	.1539389	0
1384.15	0	.6351929	.210347	.15446	0
1383.15	0	.6325253	.2124953	.1549794	0
1382.15	0	.629865	.2146381	.1554969	0
1381.15	0	.6272121	.2167754	.1560125	0
1380.15	0	.6245665	.2189071	.1565264	0
1379.15	0	.6219283	.2210333	.1570384	0
1378.15	0	.6192974	.223154	.1575487	0
1377.15	0	.6166737	.2252692	.1580571	0
1376.15	0	.6140574	.2273788	.1585637	0
1375.15	0	.6114484	.229483	.1590686	0
1374.15	0	.6088466	.2315817	.1595717	0
1373.15	0	.6062521	.2336749	.160073	0
1372.15	0	.6036649	.2357625	.1605726	0
1371.15	0	.6010848	.2378447	.1610704	0
1370.15	0	.598512	.2399214	.1615665	0
1369.15	0	.5959465	.2419927	.1620609	0
1368.15	0	.5933881	.2440584	.1625535	0
1367.15	0	.5908369	.2461187	.1630444	0
1366.15	0	.5882929	.2481735	.1635336	0
1365.15	0	.5857561	.2502228	.1640211	0
1364.15	0	.5832265	.2522667	.1645069	0
1363.15	0	.580704	.2543051	.164991	0
1362.15	0	.5781886	.256338	.1654734	0
1361.15	0	.5756804	.2583655	.1659541	0
1360.15	0	.5731793	.2603875	.1664332	0
1359.15	0	.5706854	.262404	.1669106	0
1358.15	0	.5681985	.2644151	.1673863	0
1357.15	0	.5657188	.2664208	.1678604	0
1356.15	0	.5632461	.268421	.1683329	0
1355.15	0	.5607805	.2704157	.1688037	0
1354.15	0	.558322	.272405	.1692729	0
1353.15	0	.5558706	.2743889	.1697405	0
1352.15	0	.5534263	.2763673	.1702065	0
1351.15	0	.5509889	.2783402	.1706708	0
1350.15	0	.5485587	.2803077	.1711336	0
1349.15	0	.5461354	.2822698	.1715948	0
1348.15	0	.5437193	.2842264	.1720544	0
1347.15	0	.5413101	.2861776	.1725124	0
1346.15	0	.538908	.2881233	.1729688	0
1345.15	0	.5365128	.2900635	.1734236	0
1344.15	0	.5341247	.2919984	.1738769	0
1343.15	0	.5317436	.2939277	.1743287	0
1342.15	0	.5293695	.2958517	.1747789	0
1341.15	0	.5270023	.2977701	.1752275	0
1340.15	0	.5246422	.2996831	.1756747	0
1339.15	0	.5222891	.3015907	.1761202	0
1338.15	0	.5199429	.3034928	.1765643	0
1337.15	0	.5176037	.3053895	.1770069	0
1336.15	0	.5152714	.3072807	.1774479	0
1335.15	0	.5129461	.3091664	.1778874	0
1334.15	0	.5106278	.3110467	.1783254	0
1333.15	0	.5083165	.3129215	.178762	0
1332.15	0	.5060121	.3147909	.1791971	0
1331.15	0	.5037146	.3166548	.1796306	0
1330.15	0	.5014241	.3185132	.1800627	0
1329.15	0	.4991405	.3203661	.1804933	0
1328.15	0	.4968639	.3222136	.1809225	0
1327.15	0	.4945942	.3240556	.1813502	0
1326.15	0	.4923314	.3258921	.1817765	0
1325.15	0	.4900756	.3277231	.1822013	0
1324.15	0	.4878267	.3295486	.1826247	0
1323.15	0	.4855848	.3313687	.1830466	0
1322.15	0	.4833497	.3331832	.1834671	0
1321.15	0	.4811216	.3349922	.1838862	0
1320.15	0	.4789004	.3367957	.1843039	0
1319.15	0	.4766862	.3385937	.1847201	0
1318.15	0	.4744788	.3403862	.185135	0
1317.15	0	.4722784	.3421732	.1855484	0
1316.15	0	.470085	.3439546	.1859605	0
1315.15	0	.4678984	.3457305	.1863711	0
1314.15	0	.4657188	.3475009	.1867804	0
1313.15	0	.463546	.3492657	.1871883	0
1312.15	0	.4613803	.3510249	.1875948	0
1311.15	0	.4592214	.3527786	.188	0
1310.15	0	.4570695	.3545268	.1884037	0
1309.15	0	.4549245	.3562694	.1888062	0
1308.15	0	.4527864	.3580064	.1892072	0
1307.15	0	.4506553	.3597378	.1896069	0
1306.15	0	.4485311	.3614636	.1900053	0
1305.15	0	.4464138	.3631838	.1904024	0
1304.15	0	.4443035	.3648984	.1907981	0
1303.15	0	.4422001	.3666074	.1911925	0
1302.15	0	.4401037	.3683108	.1915855	0
1301.15	0	.4380142	.3700085	.1919773	0
1300.15	0	.4359317	.3717006	.1923677	0
1299.15	0	.4338561	.3733871	.1927568	0
1298.15	0	.4317875	.3750679	.1931446	0
1297.15	0	.4297259	.376743	.1935311	0
1296.15	0	.4276712	.3784125	.1939163	0
1295.15	0	.4256235	.3800763	.1943002	0
1294.15	0	.4235828	.3817344	.1946829	0
1293.15	0	.421549	.3833867	.1950642	0
1292.15	0	.4195223	.3850334	.1954443	0
1291.15	0	.4175026	.3866743	.1958231	0
1290.15	0	.4154898	.3883095	.1962007	0
1289.15	0	.4134841	.389939	.1965769	0
1288.15	0	.4114853	.3915627	.196952	0
1287.15	0	.4094936	.3931806	.1973257	0
1286.15	0	.407509	.3947928	.1976983	0
1285.15	0	.4055313	.3963991	.1980695	0
1284.15	0	.4035607	.3979997	.1984396	0
1283.15	0	.4015972	.3995944	.1988084	0
1282.15	0	.3996407	.4011833	.199176	0
1281.15	0	.3976913	.4027664	.1995423	0
1280.15	0	.3957489	.4043436	.1999074	0
1279.15	0	.3938137	.405915	.2002713	0
1278.15	0	.3918855	.4074804	.200634	0
1277.15	0	.3899645	.40904	.2009955	0
1276.15	0	.3880505	.4105937	.2013558	0
1275.15	0	.3861437	.4121414	.2017148	0
1274.15	0	.384244	.4136832	.2020727	0
1273.15	0	.3823515	.4152191	.2024294	0
1272.15	0	.3804661	.416749	.2027849	0
1271.15	0	.3785879	.4182729	.2031392	0
1270.15	0	.3767169	.4197908	.2034923	0
1269.15	0	.374853	.4213027	.2038443	0
1268.15	0	.3729964	.4228086	.2041951	0
1267.15	0	.3711469	.4243084	.2045447	0
1266.15	0	.3693047	.4258022	.2048931	0
1265.15	0	.3674697	.4272899	.2052404	0
1264.15	0	.365642	.4287714	.2055865	0
1263.15	0	.3638216	.4302469	.2059315	0
1262.15	0	.3620084	.4317163	.2062753	0
1261.15	0	.3602025	.4331795	.206618	0
1260.15	0	.3584039	.4346365	.2069596	0
1259.15	0	.3566127	.4360874	.2073	0
1258.15	0	.3548287	.437532	.2076392	0
1257.15	0	.3530522	.4389705	.2079774	0
1256.15	0	.351283	.4404027	.2083144	0
1255.15	0	.3495212	.4418286	.2086503	0
1254.15	0	.3477667	.4432482	.208985	0
1253.15	0	.3460197	.4446616	.2093187	0
1252.15	0	.3442802	.4460686	.2096512	0
1251.15	0	.342548	.4474693	.2099826	0
1250.15	0	.3408234	.4488637	.210313	0
1249.15	0	.3391062	.4502516	.2106422	0
1248.15	0	.3373965	.4516331	.2109703	0
1247.15	0	.3356944	.4530083	.2112973	0
1246.15	0	.3339998	.454377	.2116233	0
1245.15	0	.3323127	.4557391	.2119481	0
1244.15	0	.3306332	.4570949	.2122719	0
1243.15	0	.3289614	.4584441	.2125946	0
1242.15	0	.3272971	.4597867	.2129162	0
1241.15	0	.3256405	.4611228	.2132367	0
1240.15	0	.3239915	.4624523	.2135562	0
1239.15	0	.3223502	.4637752	.2138746	0
1238.15	0	.3207166	.4650915	.2141919	0
1237.15	0	.3190908	.4664011	.2145082	0
1236.15	0	.3174726	.467704	.2148234	0
1235.15	0	.3158623	.4690002	.2151375	0
1234.15	0	.3142597	.4702897	.2154506	0
1233.15	0	.3126649	.4715724	.2157627	0
1232.15	0	.311078	.4728483	.2160737	0
1231.15	0	.3094989	.4741174	.2163836	0
1230.15	0	.3079277	.4753797	.2166926	0
1229.15	0	.3063644	.4766351	.2170005	0
1228.15	0	.3048091	.4778836	.2173073	0
1227.15	0	.3032617	.4791252	.2176132	0
1226.15	0	.3017223	.4803598	.217918	0
1225.15	0	.3001908	.4815874	.2182217	0
1224.15	0	.2986675	.4828081	.2185245	0
1223.15	0	.2971521	.4840217	.2188262	0
1222.15	0	.2956449	.4852282	.219127	0
1221.15	0	.2941458	.4864276	.2194267	0
1220.15	0	.2926548	.4876199	.2197254	0
1219.15	0	.291172	.488805	.2200231	0
1218.15	0	.2896973	.4899829	.2203198	0
1217.15	0	.2882309	.4911536	.2206154	0
1216.15	0	.2867728	.4923171	.2209101	0
1215.15	0	.2853229	.4934732	.2212038	0
1214.15	0	.2838814	.4946221	.2214966	0
1213.15	0	.2824482	.4957636	.2217883	0
1212.15	0	.2810233	.4968977	.222079	0
1211.15	0	.2796069	.4980244	.2223688	0
1210.15	0	.2781989	.4991436	.2226575	0
1209.15	0	.2767994	.5002553	.2229453	0
1208.15	0	.2754083	.5013596	.2232321	0
1207.15	0	.2740258	.5024562	.223518	0
1206.15	0	.2726519	.5035453	.2238028	0
1205.15	0	.2712865	.5046267	.2240867	0
1204.15	0	.2699298	.5057005	.2243697	0
1203.15	0	.2685818	.5067666	.2246516	0
1202.15	0	.2672424	.5078249	.2249327	0
1201.15	0	.2659118	.5088755	.2252127	0
1200.15	0	.2645899	.5099183	.2254918	0
1199.15	0	.2632769	.5109532	.22577	0
1198.15	0	.2619726	.5119802	.2260472	0
1197.15	0	.2606773	.5129993	.2263234	0
1196.15	0	.2593909	.5140104	.2265987	0
1195.15	0	.2581134	.5150136	.2268731	0
1194.15	0	.2568448	.5160087	.2271465	0
1193.15	0	.2555853	.5169957	.227419	0
1192.15	0	.2543349	.5179745	.2276905	0
1191.15	0	.2530936	.5189452	.2279612	0
1190.15	0	.2518614	.5199078	.2282309	0
1189.15	0	.2506384	.520862	.2284996	0
1188.15	0	.2494245	.521808	.2287675	0
1187.15	0	.24822	.5227456	.2290344	0
1186.15	0	.2470247	.5236749	.2293004	0
1185.15	0	.2458388	.5245958	.2295654	0
1184.15	0	.2446622	.5255082	.2298296	0
1183.15	0	.2434951	.5264121	.2300928	0
1182.15	0	.2423374	.5273074	.2303552	0
1181.15	0	.2411892	.5281942	.2306166	0
1180.15	0	.2400506	.5290723	.2308771	0
1179.15	0	.2389215	.5299418	.2311367	0
1178.15	0	.2378021	.5308025	.2313954	0
1177.15	0	.2366923	.5316545	.2316532	0
1176.15	0	.2355923	.5324976	.2319102	0
1175.15	0	.234502	.5333319	.2321662	0
1174.15	0	.2334215	.5341572	.2324213	0
1173.15	0	.2323508	.5349736	.2326755	0
1172.15	0	.2312901	.5357811	.2329289	0
1171.15	0	.2302393	.5365794	.2331813	0
1170.15	0	.2291985	.5373687	.2334329	0
1169.15	0	.2281677	.5381488	.2336835	0
1168.15	0	.2271469	.5389197	.2339333	0
1167.15	0	.2261363	.5396814	.2341823	0
1166.15	0	.2251359	.5404338	.2344303	0
1165.15	0	.2241457	.5411768	.2346775	0
1164.15	0	.2231658	.5419104	.2349238	0
1163.15	0	.2221961	.5426346	.2351692	0
1162.15	0	.2212369	.5433494	.2354138	0
1161.15	0	.220288	.5440545	.2356574	0
1160.15	0	.2193496	.5447501	.2359003	0
1159.15	0	.2184217	.545436	.2361422	0
1158.15	0	.2175044	.5461123	.2363833	0
1157.15	0	.2165977	.5467787	.2366236	0
1156.15	0	.2157016	.5474354	.236863	0
1155.15	0	.2148163	.5480822	.2371015	0
1154.15	0	.2139416	.5487192	.2373392	0
1153.15	0	.2130778	.5493462	.237576	0
1152.15	0	.2122249	.5499631	.237812	0
1151.15	0	.2113829	.55057	.2380471	0
1150.15	0	.2105518	.5511667	.2382814	0
1149.15	0	.2097318	.5517533	.2385149	0
1148.15	0	.2089228	.5523297	.2387475	0
1147.15	0	.208125	.5528958	.2389792	0
1146.15	0	.2073383	.5534515	.2392102	0
1145.15	0	.2065629	.5539968	.2394403	0
1144.15	0	.2057987	.5545318	.2396695	0
1143.15	0	.2050459	.5550561	.2398979	0
1142.15	0	.2043045	.55557	.2401255	0
1141.15	0	.2035745	.5560732	.2403523	0
1140.15	0	.202856	.5565658	.2405782	0
1139.15	0	.202149	.5570477	.2408034	0
1138.15	0	.2014536	.5575187	.2410277	0
1137.15	0	.2007699	.557979	.2412511	0
1136.15	0	.2000979	.5584283	.2414738	0
1135.15	0	.1994377	.5588667	.2416956	0
1134.15	0	.1987892	.5592941	.2419167	0
1133.15	0	.1981527	.5597105	.2421369	0
1132.15	0	.197528	.5601157	.2423563	0
1131.15	0	.1969154	.5605098	.2425749	0
1130.15	0	.1963148	.5608926	.2427926	0
1129.15	0	.1957262	.5612641	.2430096	0
1128.15	0	.1951499	.5616243	.2432258	0
1127.15	0	.1945857	.5619731	.2434412	0
1126.15	0	.1940337	.5623105	.2436558	0
1125.15	0	.1934941	.5626364	.2438695	0
1124.15	0	.1929669	.5629506	.2440825	0
1123.15	0	.192452	.5632533	.2442947	0
1122.15	0	.1919496	.5635443	.2445061	0
1121.15	0	.1914598	.5638235	.2447167	0
1120.15	0	.1909825	.564091	.2449265	0
1119.15	0	.1905179	.5643466	.2451355	0
1118.15	0	.190066	.5645903	.2453438	0
1117.15	0	.1896268	.564822	.2455512	0
1116.15	0	.1892003	.5650418	.2457579	0
1115.15	0	.1887868	.5652494	.2459638	0
1114.15	0	.1883861	.565445	.2461689	0
1113.15	0	.1879984	.5656284	.2463732	0
1112.15	0	.1876237	.5657995	.2465768	0
1111.15	0	.1872621	.5659583	.2467796	0
1110.15	0	.1869136	.5661048	.2469816	0
1109.15	0	.1865782	.5662389	.2471828	0
1108.15	0	.1862561	.5663606	.2473833	0
1107.15	0	.1859473	.5664697	.247583	0
1106.15	0	.1856517	.5665663	.247782	0
1105.15	0	.1853695	.5666503	.2479802	0
1104.15	0	.1851008	.5667216	.2481776	0
1103.15	0	.1848455	.5667802	.2483743	0
1102.15	0	.1846037	.5668261	.2485702	0
1101.15	0	.1843755	.5668591	.2487653	0
1100.15	0	.184161	.5668793	.2489597	0
1099.15	0	.1839601	.5668865	.2491534	0
1098.15	0	.1837729	.5668808	.2493463	0
1097.15	0	.1835994	.5668621	.2495384	0
1096.15	0	.1834398	.5668303	.2497299	0
1095.15	0	.183294	.5667854	.2499205	0
1094.15	0	.1831622	.5667274	.2501104	0
1093.15	0	.1830442	.5666561	.2502996	0
1092.15	0	.1829403	.5665716	.2504881	0
1091.15	0	.1828504	.5664739	.2506758	0
1090.15	0	.1827745	.5663627	.2508628	0
1089.15	0	.1827128	.5662382	.251049	0
1088.15	0	.1826652	.5661003	.2512345	0
1087.15	0	.1826318	.5659489	.2514193	0
1086.15	0	.1826127	.565784	.2516034	0
1085.15	0	.1826078	.5656055	.2517867	0
1084.15	0	.1826172	.5654135	.2519693	0
1083.15	0	.182641	.5652078	.2521512	0
1082.15	0	.1826792	.5649885	.2523323	0
1081.15	0	.1827317	.5647555	.2525128	0
1080.15	0	.1827988	.5645087	.2526925	0
1079.15	0	.1828803	.5642482	.2528715	0
1078.15	0	.1829763	.5639739	.2530498	0
1077.15	0	.1830869	.5636857	.2532274	0
1076.15	0	.183212	.5633837	.2534043	0
1075.15	0	.1833518	.5630677	.2535805	0
1074.15	0	.1835062	.5627378	.253756	0
1073.15	0	.1836752	.562394	.2539307	0
1072.15	0	.183859	.5620362	.2541048	0
1071.15	0	.1840574	.5616644	.2542782	0
1070.15	0	.1842706	.5612786	.2544509	0
1069.15	0	.1844985	.5608787	.2546228	0
1068.15	0	.1847412	.5604647	.2547941	0
1067.15	0	.1849987	.5600366	.2549647	0
1066.15	0	.185271	.5595944	.2551346	0
1065.15	0	.1855581	.5591381	.2553038	0
1064.15	0	.18586	.5586676	.2554724	0
1063.15	0	.1861769	.5581829	.2556402	0
1062.15	0	.1865085	.5576841	.2558074	0
1061.15	0	.1868551	.557171	.2559739	0
1060.15	0	.1872165	.5566438	.2561397	0
1059.15	0	.1875928	.5561023	.2563048	0
1058.15	0	.1879841	.5555466	.2564693	0
1057.15	0	.1883902	.5549767	.2566331	0
1056.15	0	.1888112	.5543926	.2567962	0
1055.15	0	.1892472	.5537942	.2569586	0
1054.15	0	.189698	.5531816	.2571204	0
1053.15	0	.1901638	.5525547	.2572815	0
1052.15	0	.1906444	.5519136	.257442	0
1051.15	0	.1911399	.5512583	.2576018	0
1050.15	0	.1916504	.5505887	.2577609	0
1049.15	0	.1921757	.549905	.2579194	0
1048.15	0	.1927158	.549207	.2580772	0
1047.15	0	.1932708	.5484948	.2582344	0
1046.15	0	.1938407	.5477684	.2583909	0
1045.15	0	.1944254	.5470279	.2585467	0
1044.15	0	.1950249	.5462732	.2587019	0
1043.15	0	.1956391	.5455044	.2588565	0
1042.15	0	.1962682	.5447214	.2590104	0
1041.15	0	.196912	.5439244	.2591637	0
1040.15	0	.1975705	.5431132	.2593163	0
1039.15	0	.1982436	.5422881	.2594683	0
1038.15	0	.1989315	.5414489	.2596197	0
1037.15	0	.1996339	.5405957	.2597704	0
1036.15	0	.200351	.5397285	.2599205	0
1035.15	0	.2010826	.5388475	.2600699	0
1034.15	0	.2018287	.5379525	.2602187	0
1033.15	0	.2025894	.5370437	.2603669	0
1032.15	0	.2033644	.5361211	.2605144	0
1031.15	0	.2041539	.5351848	.2606614	0
1030.15	0	.2049577	.5342347	.2608077	0
1029.15	0	.2057758	.5332709	.2609533	0
1028.15	0	.2066082	.5322935	.2610984	0
1027.15	0	.2074547	.5313025	.2612428	0
1026.15	0	.2083155	.530298	.2613866	0
1025.15	0	.2091903	.52928	.2615298	0
1024.15	0	.2100791	.5282485	.2616723	0
1023.15	0	.210982	.5272038	.2618143	0
1022.15	0	.2118987	.5261457	.2619556	0
1021.15	0	.2128293	.5250744	.2620963	0
1020.15	0	.2137737	.5239899	.2622364	0
1019.15	0	.2147319	.5228923	.2623759	0
1018.15	0	.2157036	.5217816	.2625147	0
1017.15	0	.216689	.5206581	.262653	0
1016.15	0	.2176878	.5195215	.2627906	0
1015.15	0	.2187001	.5183722	.2629277	0
1014.15	0	.2197258	.5172102	.2630641	0
1013.15	0	.2207647	.5160355	.2631999	0
1012.15	0	.2218168	.5148482	.2633351	0
1011.15	0	.222882	.5136484	.2634697	0
1010.15	0	.2239602	.5124362	.2636036	0
1009.15	0	.2250513	.5112116	.263737	0
1008.15	0	.2261553	.5099749	.2638698	0
1007.15	0	.2272721	.508726	.2640019	0
1006.15	0	.2284015	.507465	.2641335	0
1005.15	0	.2295435	.5061921	.2642644	0
1004.15	0	.2306979	.5049073	.2643948	0
1003.15	0	.2318647	.5036108	.2645245	0
1002.15	0	.2330438	.5023026	.2646536	0
1001.15	0	.234235	.5009829	.2647821	0
1000.15	0	.2354383	.4996517	.26491	0
999.15	0	.2366535	.4983092	.2650373	0
998.15	0	.2378806	.4969554	.265164	0
997.15	0	.2391194	.4955906	.2652901	0
996.15	0	.2403698	.4942147	.2654155	0
995.15	0	.2416317	.4928279	.2655404	0
994.15	0	.242905	.4914304	.2656646	0
993.15	0	.2441896	.4900222	.2657882	0
992.15	0	.2454853	.4886035	.2659112	0
991.15	0	.246792	.4871744	.2660336	0
990.15	0	.2481097	.485735	.2661553	0
989.15	0	.2494381	.4842854	.2662765	0
988.15	0	.2507772	.4828258	.266397	0
987.15	0	.2521268	.4813563	.2665169	0
986.15	0	.2534868	.479877	.2666362	0
985.15	0	.2548571	.4783881	.2667548	0
984.15	0	.2562375	.4768897	.2668728	0
983.15	0	.2576279	.4753819	.2669902	0
982.15	0	.2590282	.4738649	.2671069	0
981.15	0	.2604382	.4723388	.267223	0
980.15	0	.2618578	.4708037	.2673384	0
979.15	0	.2632869	.4692599	.2674532	0
978.15	0	.2647252	.4677074	.2675674	0
977.15	0	.2661728	.4661464	.2676809	0
976.15	0	.2676293	.464577	.2677937	0
975.15	0	.2690947	.4629994	.2679059	0
974.15	0	.2705689	.4614137	.2680174	0
973.15	0	.2720516	.4598202	.2681282	0
972.15	0	.2735428	.4582188	.2682384	0
971.15	0	.2750423	.4566099	.2683478	0
970.15	0	.2765499	.4549935	.2684566	0
969.15	0	.2780654	.4533699	.2685647	0
968.15	0	.2795888	.4517391	.2686721	0
967.15	0	.2811199	.4501013	.2687788	0
966.15	0	.2826585	.4484567	.2688848	0
965.15	0	.2842044	.4468055	.2689901	0
964.15	0	.2857575	.4451479	.2690946	0
963.15	0	.2873177	.4434839	.2691985	0
962.15	0	.2888847	.4418138	.2693015	0
961.15	0	.2904584	.4401377	.2694039	0
960.15	0	.2920387	.4384558	.2695054	0
959.15	0	.2936254	.4367683	.2696063	0
958.15	0	.2952183	.4350754	.2697063	0
957.15	0	.2968172	.4333772	.2698056	0
956.15	0	.2984221	.4316739	.269904	0
955.15	0	.3000326	.4299657	.2700017	0
954.15	0	.3015577	.4283385	.2701038	0
953.15	0	.3030625	.4267307	.2702068	0
952.15	0	.3045927	.4250993	.270308	0
951.15	0	.306147	.4234455	.2704075	0
950.15	0	.3077241	.4217707	.2705052	0
949.15	0	.3093227	.4200761	.2706013	0
948.15	0	.3109416	.4183627	.2706957	0
947.15	0	.3125798	.4166318	.2707884	0
946.15	0	.314236	.4148844	.2708796	0
945.15	0	.3159092	.4131216	.2709692	0
944.15	0	.3175984	.4113444	.2710572	0
943.15	0	.3193026	.4095538	.2711436	0
942.15	0	.3210208	.4077507	.2712286	0
941.15	0	.322752	.4059361	.271312	0
940.15	0	.3244954	.4041108	.2713939	0
939.15	0	.3262501	.4022757	.2714743	0
938.15	0	.3280152	.4004316	.2715532	0
937.15	0	.32979	.3985794	.2716307	0
936.15	0	.3315736	.3967198	.2717067	0
935.15	0	.3333652	.3948535	.2717813	0
934.15	0	.3351642	.3929813	.2718544	0
933.15	0	.3369699	.391104	.2719262	0
932.15	0	.3387814	.3892221	.2719965	0
931.15	0	.3405983	.3873363	.2720654	0
930.15	0	.3424198	.3854473	.272133	0
929.15	0	.3442453	.3835556	.2721991	0
928.15	0	.3460742	.3816619	.2722639	0
927.15	0	.3479059	.3797668	.2723273	0
926.15	0	.3497399	.3778707	.2723894	0
925.15	0	.3515757	.3759743	.27245	0
924.15	0	.3534126	.374078	.2725094	0
923.15	0	.3552502	.3721824	.2725673	0
922.15	0	.3570881	.3702879	.272624	0
921.15	0	.3589256	.3683951	.2726793	0
920.15	0	.3607625	.3665043	.2727333	0
919.15	0	.3625982	.364616	.2727859	0
918.15	0	.3644322	.3627306	.2728372	0
917.15	0	.3662643	.3608485	.2728872	0
916.15	0	.3680939	.3589702	.2729359	0
915.15	0	.3699207	.357096	.2729833	0
914.15	0	.3717443	.3552264	.2730293	0
913.15	0	.3735644	.3533615	.2730741	0
912.15	0	.3753806	.3515019	.2731175	0
911.15	0	.3771925	.3496478	.2731597	0
910.15	0	.3789998	.3477996	.2732006	0
909.15	0	.3808023	.3459576	.2732402	0
908.15	0	.3825995	.344122	.2732785	0
907.15	0	.3843912	.3422933	.2733155	0
906.15	0	.3861772	.3404716	.2733512	0
905.15	0	.387957	.3386573	.2733857	0
904.15	0	.3897305	.3368506	.2734189	0
903.15	0	.3914973	.3350518	.2734509	0
902.15	0	.3932573	.3332612	.2734816	0
901.15	0	.3950102	.3314789	.273511	0
900.15	0	.3967556	.3297052	.2735392	0
899.15	0	.3984935	.3279404	.2735661	0
898.15	0	.4002236	.3261847	.2735918	0
897.15	0	.4019456	.3244382	.2736162	0
896.15	0	.4036593	.3227012	.2736395	0
895.15	0	.4053646	.320974	.2736614	0
894.15	0	.4070612	.3192566	.2736822	0
893.15	0	.408749	.3175492	.2737018	0
892.15	0	.4104277	.3158522	.2737201	0
891.15	0	.4120972	.3141655	.2737373	0
890.15	0	.4137573	.3124895	.2737532	0
889.15	0	.4154078	.3108242	.273768	0
888.15	0	.4170486	.3091699	.2737816	0
887.15	0	.4186795	.3075266	.273794	0
886.15	0	.4203003	.3058945	.2738052	0
885.15	0	.421911	.3042737	.2738153	0
884.15	0	.4235113	.3026645	.2738243	0
883.15	0	.4251011	.3010668	.273832	0
882.15	0	.4266804	.2994809	.2738387	0
881.15	0	.4282489	.2979069	.2738442	0
880.15	0	.4298066	.2963448	.2738486	0
879.15	0	.4313533	.2947948	.2738519	0
878.15	0	.4328889	.293257	.2738541	0
877.15	0	.4344133	.2917315	.2738552	0
876.15	0	.4359265	.2902183	.2738552	0
875.15	0	.4374283	.2887176	.2738542	0
874.15	0	.4389186	.2872294	.2738521	0
873.15	0	.4403973	.2857538	.2738489	0
872.15	0	.4418644	.2842909	.2738447	0
871.15	0	.4433198	.2828407	.2738395	0
870.15	0	.4447634	.2814034	.2738333	0
869.15	0	.4461951	.2799789	.273826	0
868.15	0	.4476149	.2785673	.2738178	0
867.15	0	.4490227	.2771687	.2738086	0
866.15	0	.4504185	.2757831	.2737984	0
865.15	0	.4518022	.2744105	.2737872	0
864.15	0	.4531738	.273051	.2737752	0
863.15	0	.4545332	.2717046	.2737621	0
862.15	0	.4558805	.2703713	.2737482	0
861.15	0	.4572155	.2690511	.2737333	0
860.15	0	.4585383	.2677441	.2737176	0
859.15	0	.4598488	.2664502	.273701	0
858.15	0	.4611471	.2651695	.2736835	0
857.15	0	.4624331	.2639018	.2736651	0
856.15	0	.4637067	.2626474	.2736459	0
855.15	0	.4649681	.261406	.2736259	0
854.15	0	.4662173	.2601777	.273605	0
853.15	0	.4674541	.2589625	.2735834	0
852.15	0	.4686787	.2577604	.2735609	0
851.15	0	.4698911	.2565713	.2735377	0
850.15	0	.4710912	.2553951	.2735137	0
849.15	0	.4722791	.2542319	.2734889	0
848.15	0	.473455	.2530816	.2734634	0
847.15	0	.4746186	.2519441	.2734372	0
846.15	0	.4757703	.2508194	.2734103	0
845.15	0	.4769098	.2497075	.2733827	0
844.15	0	.4780374	.2486082	.2733543	0
843.15	0	.4791531	.2475216	.2733253	0
842.15	0	.4802569	.2464475	.2732957	0
841.15	0	.4813489	.2453858	.2732653	0
840.15	0	.4824291	.2443366	.2732344	0
839.15	0	.4834976	.2432996	.2732027	0
838.15	0	.4845545	.2422749	.2731705	0
837.15	0	.4855999	.2412624	.2731377	0
836.15	0	.4866338	.2402619	.2731043	0
835.15	0	.4876563	.2392734	.2730703	0
834.15	0	.4886675	.2382968	.2730357	0
833.15	0	.4896675	.237332	.2730005	0
832.15	0	.4906563	.2363789	.2729648	0
831.15	0	.4916341	.2354373	.2729286	0
830.15	0	.4926009	.2345073	.2728918	0
829.15	0	.4935569	.2335886	.2728545	0
828.15	0	.4945021	.2326813	.2728167	0
827.15	0	.4954366	.2317851	.2727783	0
826.15	0	.4963605	.2309	.2727395	0
825.15	0	.4972739	.2300258	.2727002	0
824.15	0	.498177	.2291625	.2726604	0
823.15	0	.4990698	.22831	.2726202	0
822.15	0	.4999524	.2274681	.2725795	0
821.15	0	.500825	.2266367	.2725383	0
820.15	0	.5016876	.2258157	.2724967	0
819.15	0	.5025403	.2250051	.2724547	0
818.15	0	.5033833	.2242045	.2724122	0
817.15	0	.5042166	.2234141	.2723693	0
816.15	0	.5050404	.2226336	.272326	0
815.15	0	.5058548	.2218629	.2722823	0
814.15	0	.5066598	.221102	.2722382	0
813.15	0	.5074557	.2203506	.2721937	0
812.15	0	.5082424	.2196088	.2721488	0
811.15	0	.5090202	.2188763	.2721036	0
810.15	0	.509789	.2181531	.2720579	0
809.15	0	.5105491	.217439	.2720119	0
808.15	0	.5113005	.2167339	.2719656	0
807.15	0	.5120434	.2160378	.2719188	0
806.15	0	.5127778	.2153504	.2718718	0
805.15	0	.5135039	.2146718	.2718244	0
804.15	0	.5142217	.2140017	.2717766	0
803.15	0	.5149314	.2133401	.2717286	0
802.15	0	.515633	.2126869	.2716801	0
801.15	0	.5163267	.2120419	.2716314	0
800.15	0	.5170126	.211405	.2715824	0
799.15	0	.5176908	.2107762	.271533	0
798.2976	0	.5182629	.2102464	.2714907	0
798.2976	0	.5182629	.2102464	.2714907	0
798.2976	0	.5182629	.2102464	.2714907	0
798.15	0	.5188757	.2094623	.271277	3.850891E-04
797.15	0	.5229663	.2042182	.2698426	.002972922
796.15	0	.526952	.1990921	.268432	.005523848
795.15	0	.5308358	.1940809	.2670446	.008038662
794.15	0	.5346206	.1891814	.2656799	.01051813
793.15	0	.5383092	.1843905	.2643373	.012963
792.15	0	.5419042	.1797054	.2630165	.01537398
791.15	0	.5454083	.1751231	.2617168	.01775178
790.15	0	.5488239	.1706411	.2604379	.02009707
789.15	0	.5521536	.1662565	.2591794	.02241049
788.15	0	.5553996	.161967	.2579407	.0246927
787.15	0	.5585642	.1577701	.2567215	.02694429
786.15	0	.5616495	.1536633	.2555213	.02916587
785.15	0	.5646578	.1496444	.2543398	.03135802
784.15	0	.567591	.1457111	.2531766	.03352131
783.15	0	.5704512	.1418613	.2520313	.03565627
782.15	0	.5732402	.1380929	.2509035	.03776344
781.15	0	.57596	.1344038	.2497929	.03984334
780.15	0	.5786123	.1307921	.2486991	.04189648
779.15	0	.5811989	.1272559	.2476218	.04392334
778.15	0	.5837215	.1237934	.2465607	.04592441
777.15	0	.5861817	.1204027	.2455154	.04790015
776.15	0	.5885812	.1170821	.2444857	.04985101
775.15	0	.5909214	.1138299	.2434712	.05177745
774.15	0	.593204	.1106445	.2424716	.0536799
773.15	0	.5954303	.1075243	.2414867	.05555877
772.15	0	.5976018	.1044676	.2405161	.05741448
771.15	0	.5997199	.1014731	.2395596	.05924744
770.15	0	.6017859	.09853918	.2386169	.06105803
769.15	0	.6038012	.09566448	.2376877	.06284666
768.15	0	.605767	.09284758	.2367718	.06461369
767.15	0	.6076845	.09008715	.2358689	.06635949
766.15	0	.609555	.08738184	.2349788	.06808442
765.15	0	.6113796	.08473039	.2341012	.06978885
764.15	0	.6131595	.08213154	.2332358	.07147311
763.15	0	.6148958	.07958406	.2323825	.07313755
762.15	0	.6165896	.07708677	.2315411	.0747825
761.15	0	.618242	.07463851	.2307112	.07640829
760.15	0	.6198539	.07223814	.2298927	.07801524
759.15	0	.6214264	.06988458	.2290854	.07960365
758.15	0	.6229605	.06757673	.228289	.08117385
757.15	0	.6244571	.06531355	.2275033	.08272613
756.15	0	.6259171	.06309401	.2267281	.08426079
755.15	0	.6273415	.06091713	.2259633	.08577812
754.15	0	.6287311	.05878192	.2252086	.08727841
753.15	0	.6300869	.05668742	.2244638	.08876194
752.15	0	.6314096	.05463272	.2237287	.09022898
751.15	0	.6327	.05261691	.2230033	.0916798
750.15	0	.6339591	.05063909	.2222872	.09311468
749.15	0	.6351875	.04869841	.2215802	.09453387
748.15	0	.636386	.04679402	.2208823	.09593764
747.15	0	.6375554	.0449251	.2201933	.09732622
746.15	0	.6386964	.04309084	.2195129	.09869988
745.15	0	.6398097	.04129045	.218841	.1000589
744.15	0	.6408959	.03952318	.2181775	.1014034
743.15	0	.6419559	.03778825	.2175222	.1027337
742.15	0	.6429901	.03608496	.2168749	.1040501
741.15	0	.6439994	.03441257	.2162354	.1053527
740.15	0	.6449842	.03277039	.2156037	.1066417
739.15	0	.6459452	.03115774	.2149796	.1079175
738.15	0	.646883	.02957395	.2143628	.1091802
737.15	0	.6477982	.02801837	.2137534	.11043
736.15	0	.6486914	.02649036	.2131511	.1116671
735.15	0	.649563	.02498931	.2125558	.1128918
734.15	0	.6504137	.02351459	.2119674	.1141043
733.15	0	.651244	.02206564	.2113857	.1153046
732.15	0	.6520543	.02064185	.2108107	.1164932
731.15	0	.6528453	.01924267	.2102421	.11767
730.15	0	.6536173	.01786754	.2096798	.1188354
729.15	0	.6543708	.01651594	.2091238	.1199894
728.15	0	.6551063	.01518731	.208574	.1211324
727.15	0	.6558243	.01388117	.2080301	.1222644
726.15	0	.6565252	.01259699	.2074921	.1233857
725.15	0	.6572095	.01133429	.2069598	.1244964
724.15	0	.6578775	.01009259	.2064332	.1255967
723.15	0	.6585296	.008871429	.2059122	.1266867
722.15	0	.6591663	.007670339	.2053966	.1277667
721.15	0	.659788	.006488877	.2048864	.1288368
720.15	0	.660395	.005326608	.2043813	.1298971
719.15	0	.6609877	.004183106	.2038815	.1309478
718.15	0	.6615664	.003057954	.2033866	.131989
717.15	0	.6621315	.001950746	.2028967	.133021
716.15	0	.6626834	8.610861E-04	.2024116	.1340438
715.3484	0	.6631165	0	.2020263	.1348572
715.3484	0	.6631165	0	.2020263	.1348572
715.15	0	.6630952	0	.2019889	.1349159
714.15	0	.6629881	0	.2018009	.135211
713.15	0	.6628815	0	.2016134	.1355051
712.15	0	.6627754	0	.2014265	.1357981
711.15	0	.6626698	0	.2012402	.13609
710.15	0	.6625646	0	.2010545	.1363809
709.15	0	.6624599	0	.2008694	.1366708
708.15	0	.6623557	0	.2006848	.1369596
707.15	0	.6622519	0	.2005008	.1372473
706.15	0	.6621486	0	.2003174	.137534
705.15	0	.6620457	0	.2001345	.1378197
704.15	0	.6619434	0	.1999523	.1381044
703.15	0	.6618414	0	.1997706	.138388
702.15	0	.66174	0	.1995895	.1386706
701.15	0	.661639	0	.1994089	.1389521
700.15	0	.6615384	0	.1992289	.1392327
699.15	0	.6614383	0	.1990495	.1395122
698.15	0	.6613386	0	.1988707	.1397907
697.15	0	.6612394	0	.1986925	.1400681
696.15	0	.6611407	0	.1985148	.1403446
695.15	0	.6610423	0	.1983377	.14062
694.15	0	.6609445	0	.1981611	.1408944
693.15	0	.660847	0	.1979852	.1411678
692.15	0	.66075	0	.1978098	.1414402
691.15	0	.6606534	0	.197635	.1417116
690.15	0	.6605573	0	.1974607	.141982
689.15	0	.6604616	0	.1972871	.1422513
688.15	0	.6603663	0	.197114	.1425197
687.15	0	.6602715	0	.1969414	.1427871
686.15	0	.6601771	0	.1967695	.1430535
685.15	0	.6600831	0	.1965981	.1433188
684.15	0	.6599895	0	.1964273	.1435832
683.15	0	.6598964	0	.196257	.1438466
682.15	0	.6598037	0	.1960874	.144109
681.15	0	.6597113	0	.1959183	.1443704
680.15	0	.6596195	0	.1957497	.1446308
679.15	0	.659528	0	.1955818	.1448902
678.15	0	.659437	0	.1954144	.1451487
677.15	0	.6593463	0	.1952476	.1454061
676.15	0	.6592561	0	.1950813	.1456626
675.15	0	.6591663	0	.1949156	.1459181
674.15	0	.6590769	0	.1947505	.1461726
673.15	0	.6589879	0	.194586	.1464261
672.15	0	.6588993	0	.194422	.1466787
671.15	0	.6588111	0	.1942586	.1469303
670.15	0	.6587233	0	.1940958	.1471809
669.15	0	.6586359	0	.1939335	.1474306
668.15	0	.658549	0	.1937718	.1476792
667.15	0	.6584624	0	.1936107	.1479269
666.15	0	.6583762	0	.1934501	.1481737
665.15	0	.6582904	0	.1932902	.1484194
664.15	0	.658205	0	.1931307	.1486642
663.15	0	.65812	0	.1929719	.1489081
662.15	0	.6580355	0	.1928136	.149151
661.15	0	.6579512	0	.1926559	.1493929
660.15	0	.6578674	0	.1924987	.1496338
659.15	0	.657784	0	.1923422	.1498738
658.15	0	.657701	0	.1921862	.1501129
657.15	0	.6576183	0	.1920307	.150351
656.15	0	.6575361	0	.1918758	.1505881
655.15	0	.6574542	0	.1917215	.1508243
654.15	0	.6573727	0	.1915678	.1510595
653.15	0	.6572916	0	.1914146	.1512938
652.15	0	.6572108	0	.191262	.1515272
651.15	0	.6571305	0	.19111	.1517596
650.15	0	.6570505	0	.1909585	.151991
649.15	0	.6569709	0	.1908076	.1522215
648.15	0	.6568917	0	.1906573	.1524511
647.15	0	.6568129	0	.1905075	.1526797
646.15	0	.6567344	0	.1903583	.1529073
645.15	0	.6566563	0	.1902096	.1531341
644.15	0	.6565786	0	.1900616	.1533599
643.15	0	.6565012	0	.1899141	.1535847
642.15	0	.6564242	0	.1897671	.1538086
641.15	0	.6563476	0	.1896208	.1540316
640.15	0	.6562714	0	.1894749	.1542537
639.15	0	.6561955	0	.1893297	.1544748
638.15	0	.65612	0	.189185	.154695
637.15	0	.6560449	0	.1890409	.1549142
636.15	0	.6559701	0	.1888974	.1551326
635.15	0	.6558957	0	.1887544	.15535
634.15	0	.6558216	0	.188612	.1555664
633.15	0	.6557479	0	.1884701	.155782
632.15	0	.6556746	0	.1883288	.1559966
631.15	0	.6556016	0	.1881881	.1562103
630.15	0	.655529	0	.1880479	.1564231
629.15	0	.6554567	0	.1879084	.1566349
628.15	0	.6553848	0	.1877693	.1568458
627.15	0	.6553133	0	.1876309	.1570558
626.15	0	.6552421	0	.1874929	.1572649
625.15	0	.6551713	0	.1873556	.1574731
624.15	0	.6551008	0	.1872188	.1576804
623.15	0	.6550306	0	.1870826	.1578867
622.15	0	.6549609	0	.186947	.1580922
621.15	0	.6548914	0	.1868119	.1582967
620.15	0	.6548223	0	.1866774	.1585003
619.15	0	.6547536	0	.1865434	.158703
618.15	0	.6546852	0	.18641	.1589048
617.15	0	.6546172	0	.1862772	.1591057
616.15	0	.6545495	0	.1861449	.1593056
615.15	0	.6544821	0	.1860132	.1595047
614.15	0	.6544151	0	.185882	.1597029
613.15	0	.6543484	0	.1857514	.1599002
612.15	0	.6542821	0	.1856214	.1600965
611.15	0	.6542161	0	.1854919	.160292
610.15	0	.6541505	0	.185363	.1604865
609.15	0	.6540852	0	.1852346	.1606802
608.15	0	.6540202	0	.1851068	.160873
607.15	0	.6539556	0	.1849796	.1610648
606.15	0	.6538913	0	.1848529	.1612558
605.15	0	.6538273	0	.1847268	.1614459
604.15	0	.6537637	0	.1846013	.1616351
603.15	0	.6537004	0	.1844763	.1618234
602.15	0	.6536374	0	.1843518	.1620108
601.15	0	.6535748	0	.1842279	.1621973
600.15	0	.6535125	0	.1841046	.1623829
599.15	0	.6534506	0	.1839818	.1625676
598.15	0	.6533889	0	.1838596	.1627515
597.15	0	.6533276	0	.1837379	.1629344
596.15	0	.6532666	0	.1836168	.1631165
595.15	0	.653206	0	.1834963	.1632977
594.15	0	.6531457	0	.1833763	.163478
593.15	0	.6530857	0	.1832569	.1636575
592.15	0	.653026	0	.183138	.163836
591.15	0	.6529666	0	.1830196	.1640137
590.15	0	.6529076	0	.1829019	.1641905
589.15	0	.6528489	0	.1827846	.1643665
588.15	0	.6527905	0	.182668	.1645415
587.15	0	.6527325	0	.1825518	.1647157
586.15	0	.6526747	0	.1824363	.164889
585.15	0	.6526173	0	.1823212	.1650615
584.15	0	.6525602	0	.1822068	.165233
583.15	0	.6525034	0	.1820929	.1654038
582.15	0	.6524469	0	.1819795	.1655736
581.15	0	.6523908	0	.1818667	.1657426
580.15	0	.6523349	0	.1817544	.1659107
579.15	0	.6522794	0	.1816427	.1660779
578.15	0	.6522242	0	.1815315	.1662443
577.15	0	.6521693	0	.1814209	.1664099
576.15	0	.6521147	0	.1813108	.1665745
575.15	0	.6520604	0	.1812012	.1667384
574.15	0	.6520064	0	.1810923	.1669013
573.15	0	.6519528	0	.1809838	.1670634
572.15	0	.6518994	0	.1808759	.1672247
571.15	0	.6518464	0	.1807685	.1673851
570.15	0	.6517936	0	.1806617	.1675446
569.15	0	.6517412	0	.1805555	.1677034
568.15	0	.6516891	0	.1804497	.1678612
567.15	0	.6516373	0	.1803445	.1680182
566.15	0	.6515857	0	.1802399	.1681744
565.15	0	.6515345	0	.1801358	.1683297
564.15	0	.6514836	0	.1800322	.1684842
563.15	0	.651433	0	.1799292	.1686379
562.15	0	.6513827	0	.1798267	.1687907
561.15	0	.6513326	0	.1797247	.1689427
560.15	0	.6512829	0	.1796233	.1690938
559.15	0	.6512335	0	.1795224	.1692441
558.15	0	.6511844	0	.179422	.1693936
557.15	0	.6511356	0	.1793222	.1695423
556.15	0	.651087	0	.1792229	.1696901
555.15	0	.6510388	0	.1791242	.1698371
554.15	0	.6509908	0	.1790259	.1699832
553.15	0	.6509432	0	.1789282	.1701286
552.15	0	.6508958	0	.1788311	.1702731
551.15	0	.6508487	0	.1787344	.1704168
550.15	0	.650802	0	.1786383	.1705597
549.15	0	.6507555	0	.1785427	.1707018
548.15	0	.6507093	0	.1784477	.170843
547.15	0	.6506633	0	.1783532	.1709835
546.15	0	.6506177	0	.1782592	.1711231
545.15	0	.6505724	0	.1781657	.171262
544.15	0	.6505273	0	.1780727	.1714
543.15	0	.6504825	0	.1779803	.1715372
542.15	0	.650438	0	.1778884	.1716736
541.15	0	.6503938	0	.177797	.1718092
540.15	0	.6503499	0	.1777061	.171944
539.15	0	.6503063	0	.1776157	.172078
538.15	0	.6502629	0	.1775259	.1722113
537.15	0	.6502198	0	.1774365	.1723437
536.15	0	.650177	0	.1773477	.1724753
535.15	0	.6501344	0	.1772594	.1726061
534.15	0	.6500922	0	.1771716	.1727362
533.15	0	.6500502	0	.1770844	.1728655
532.15	0	.6500085	0	.1769976	.1729939
531.15	0	.649967	0	.1769113	.1731216
530.15	0	.6499259	0	.1768256	.1732486
529.15	0	.649885	0	.1767403	.1733747
528.15	0	.6498444	0	.1766556	.1735001
527.15	0	.649804	0	.1765713	.1736246
526.15	0	.6497639	0	.1764876	.1737485
525.15	0	.6497241	0	.1764044	.1738715
524.15	0	.6496846	0	.1763216	.1739938
523.15	0	.6496453	0	.1762394	.1741153
522.15	0	.6496063	0	.1761577	.1742361
521.15	0	.6495675	0	.1760765	.174356
520.15	0	.649529	0	.1759957	.1744753
519.15	0	.6494908	0	.1759155	.1745937
518.15	0	.6494528	0	.1758357	.1747115
517.15	0	.6494151	0	.1757564	.1748284
516.15	0	.6493777	0	.1756777	.1749446
515.15	0	.6493405	0	.1755994	.1750601
514.15	0	.6493036	0	.1755216	.1751748
513.15	0	.6492669	0	.1754443	.1752888
512.15	0	.6492305	0	.1753675	.1754021
511.15	0	.6491943	0	.1752911	.1755146
510.15	0	.6491584	0	.1752153	.1756263
509.15	0	.6491228	0	.1751399	.1757374
508.15	0	.6490874	0	.175065	.1758477
507.15	0	.6490522	0	.1749906	.1759572
506.15	0	.6490173	0	.1749166	.1760661
505.15	0	.6489827	0	.1748432	.1761742
504.15	0	.6489482	0	.1747702	.1762816
503.15	0	.6489141	0	.1746976	.1763883
502.15	0	.6488802	0	.1746256	.1764943
501.15	0	.6488465	0	.174554	.1765995
500.15	0	.6488131	0	.1744829	.1767041
499.15	0	.6487799	0	.1744122	.1768079
498.15	0	.648747	0	.174342	.176911
497.15	0	.6487143	0	.1742723	.1770135
496.15	0	.6486818	0	.174203	.1771152
495.15	0	.6486496	0	.1741342	.1772162
494.15	0	.6486176	0	.1740658	.1773165
493.15	0	.6485859	0	.173998	.1774162
492.15	0	.6485544	0	.1739305	.1775151
491.15	0	.6485231	0	.1738635	.1776134
490.15	0	.6484921	0	.173797	.177711
489.15	0	.6484612	0	.1737309	.1778079
488.15	0	.6484307	0	.1736652	.1779041
487.15	0	.6484003	0	.1736	.1779996
486.15	0	.6483702	0	.1735353	.1780945
485.15	0	.6483403	0	.173471	.1781887
484.15	0	.6483107	0	.1734071	.1782822
483.15	0	.6482813	0	.1733436	.1783751
482.15	0	.648252	0	.1732806	.1784673
481.15	0	.6482231	0	.1732181	.1785589
480.15	0	.6481943	0	.1731559	.1786498
479.15	0	.6481658	0	.1730942	.17874
478.15	0	.6481375	0	.1730329	.1788296
477.15	0	.6481094	0	.1729721	.1789185
476.15	0	.6480815	0	.1729117	.1790068
475.15	0	.6480538	0	.1728517	.1790945
474.15	0	.6480264	0	.1727921	.1791815
473.15	0	.6479992	0	.1727329	.1792679
472.15	0	.6479722	0	.1726742	.1793537
471.15	0	.6479454	0	.1726159	.1794388
470.15	0	.6479188	0	.1725579	.1795233
469.15	0	.6478924	0	.1725004	.1796072
468.15	0	.6478663	0	.1724433	.1796904
467.15	0	.6478403	0	.1723867	.1797731
466.15	0	.6478146	0	.1723304	.1798551
465.15	0	.647789	0	.1722745	.1799365
464.15	0	.6477637	0	.172219	.1800173
463.15	0	.6477386	0	.1721639	.1800975
462.15	0	.6477136	0	.1721092	.1801771
461.15	0	.6476889	0	.172055	.1802562
460.15	0	.6476644	0	.1720011	.1803346
459.15	0	.6476401	0	.1719476	.1804124
458.15	0	.6476159	0	.1718944	.1804896
