T	 BPW(LIQUID)	BPW(BCC_A2)	BPW(FCC_A1)	BPW(LAVES_PHASE_C14)	BPW(NI3TI)
1473.15	0	1	0	0	0
1472.15	0	1	0	0	0
1471.15	0	1	0	0	0
1470.15	0	1	0	0	0
1469.15	0	1	0	0	0
1468.15	0	1	0	0	0
1467.15	0	1	0	0	0
1466.15	0	1	0	0	0
1465.15	0	1	0	0	0
1464.15	0	1	0	0	0
1463.15	0	1	0	0	0
1462.15	0	1	0	0	0
1461.15	0	1	0	0	0
1460.15	0	1	0	0	0
1459.15	0	1	0	0	0
1458.15	0	1	0	0	0
1457.15	0	1	0	0	0
1456.15	0	1	0	0	0
1455.15	0	1	0	0	0
1454.15	0	1	0	0	0
1453.15	0	1	0	0	0
1452.15	0	1	0	0	0
1451.15	0	1	0	0	0
1450.15	0	1	0	0	0
1449.15	0	1	0	0	0
1448.15	0	1	0	0	0
1447.15	0	1	0	0	0
1446.15	0	1	0	0	0
1445.15	0	1	0	0	0
1444.15	0	1	0	0	0
1443.15	0	1	0	0	0
1442.15	0	1	0	0	0
1441.15	0	1	0	0	0
1440.15	0	1	0	0	0
1439.15	0	1	0	0	0
1438.15	0	1	0	0	0
1437.15	0	1	0	0	0
1436.15	0	1	0	0	0
1435.15	0	1	0	0	0
1434.15	0	1	0	0	0
1433.15	0	1	0	0	0
1432.15	0	1	0	0	0
1431.15	0	1	0	0	0
1430.15	0	1	0	0	0
1429.15	0	1	0	0	0
1428.15	0	1	0	0	0
1427.15	0	1	0	0	0
1426.15	0	1	0	0	0
1425.15	0	1	0	0	0
1424.15	0	1	0	0	0
1423.15	0	1	0	0	0
1422.15	0	1	0	0	0
1421.15	0	1	0	0	0
1420.15	0	1	0	0	0
1419.15	0	1	0	0	0
1418.15	0	1	0	0	0
1417.15	0	1	0	0	0
1416.15	0	1	0	0	0
1415.15	0	1	0	0	0
1414.15	0	1	0	0	0
1413.15	0	1	0	0	0
1412.15	0	1	0	0	0
1411.15	0	1	0	0	0
1410.15	0	1	0	0	0
1409.15	0	1	0	0	0
1408.15	0	1	0	0	0
1407.15	0	1	0	0	0
1406.15	0	1	0	0	0
1405.15	0	1	0	0	0
1404.15	0	1	0	0	0
1403.15	0	1	0	0	0
1402.15	0	1	0	0	0
1401.15	0	1	0	0	0
1400.15	0	1	0	0	0
1399.15	0	1	0	0	0
1398.15	0	1	0	0	0
1397.15	0	1	0	0	0
1396.15	0	1	0	0	0
1395.15	0	1	0	0	0
1394.15	0	1	0	0	0
1393.15	0	1	0	0	0
1392.15	0	1	0	0	0
1391.15	0	1	0	0	0
1390.15	0	1	0	0	0
1389.15	0	1	0	0	0
1388.15	0	1	0	0	0
1387.15	0	1	0	0	0
1386.15	0	1	0	0	0
1385.15	0	1	0	0	0
1384.15	0	1	0	0	0
1383.15	0	1	0	0	0
1382.15	0	1	0	0	0
1381.15	0	1	0	0	0
1380.15	0	1	0	0	0
1379.15	0	1	0	0	0
1378.15	0	1	0	0	0
1377.15	0	1	0	0	0
1376.15	0	1	0	0	0
1375.15	0	1	0	0	0
1374.15	0	1	0	0	0
1373.15	0	1	0	0	0
1372.15	0	1	0	0	0
1371.15	0	1	0	0	0
1370.15	0	1	0	0	0
1369.15	0	1	0	0	0
1368.15	0	1	0	0	0
1367.15	0	1	0	0	0
1366.15	0	1	0	0	0
1365.15	0	1	0	0	0
1364.15	0	1	0	0	0
1363.15	0	1	0	0	0
1362.15	0	1	0	0	0
1361.15	0	1	0	0	0
1360.15	0	1	0	0	0
1359.15	0	1	0	0	0
1358.15	0	1	0	0	0
1357.15	0	1	0	0	0
1356.15	0	1	0	0	0
1355.15	0	1	0	0	0
1354.15	0	1	0	0	0
1353.15	0	1	0	0	0
1352.15	0	1	0	0	0
1351.15	0	1	0	0	0
1350.15	0	1	0	0	0
1349.15	0	1	0	0	0
1348.15	0	1	0	0	0
1347.15	0	1	0	0	0
1346.15	0	1	0	0	0
1345.15	0	1	0	0	0
1344.15	0	1	0	0	0
1343.15	0	1	0	0	0
1342.15	0	1	0	0	0
1341.15	0	1	0	0	0
1340.15	0	1	0	0	0
1339.15	0	1	0	0	0
1338.15	0	1	0	0	0
1337.15	0	1	0	0	0
1336.15	0	1	0	0	0
1335.15	0	1	0	0	0
1334.15	0	1	0	0	0
1333.15	0	1	0	0	0
1332.15	0	1	0	0	0
1331.15	0	1	0	0	0
1330.15	0	1	0	0	0
1329.15	0	1	0	0	0
1328.15	0	1	0	0	0
1327.15	0	1	0	0	0
1326.15	0	1	0	0	0
1325.15	0	1	0	0	0
1324.15	0	1	0	0	0
1323.15	0	1	0	0	0
1322.15	0	1	0	0	0
1321.15	0	1	0	0	0
1320.15	0	1	0	0	0
1319.15	0	1	0	0	0
1318.15	0	1	0	0	0
1317.15	0	1	0	0	0
1316.15	0	1	0	0	0
1315.15	0	1	0	0	0
1314.15	0	1	0	0	0
1313.15	0	1	0	0	0
1312.15	0	1	0	0	0
1311.15	0	1	0	0	0
1310.15	0	1	0	0	0
1309.15	0	1	0	0	0
1308.15	0	1	0	0	0
1307.15	0	1	0	0	0
1306.15	0	1	0	0	0
1305.15	0	1	0	0	0
1304.15	0	1	0	0	0
1303.15	0	1	0	0	0
1302.15	0	1	0	0	0
1301.15	0	1	0	0	0
1300.15	0	1	0	0	0
1299.15	0	1	0	0	0
1298.15	0	1	0	0	0
1297.15	0	1	0	0	0
1296.15	0	1	0	0	0
1295.15	0	1	0	0	0
1294.15	0	1	0	0	0
1293.15	0	1	0	0	0
1292.15	0	1	0	0	0
1291.15	0	1	0	0	0
1290.15	0	1	0	0	0
1289.15	0	1	0	0	0
1288.15	0	1	0	0	0
1287.15	0	1	0	0	0
1286.15	0	1	0	0	0
1285.15	0	1	0	0	0
1284.15	0	1	0	0	0
1283.15	0	1	0	0	0
1282.15	0	1	0	0	0
1281.15	0	1	0	0	0
1280.15	0	1	0	0	0
1279.15	0	1	0	0	0
1278.15	0	1	0	0	0
1277.15	0	1	0	0	0
1276.15	0	1	0	0	0
1275.15	0	1	0	0	0
1274.15	0	1	0	0	0
1273.15	0	1	0	0	0
1272.15	0	1	0	0	0
1271.15	0	1	0	0	0
1270.15	0	1	0	0	0
1269.15	0	1	0	0	0
1268.15	0	1	0	0	0
1267.381	0	1	0	0	0
1267.381	0	1	0	0	0
1267.381	0	1	0	0	0
1267.15	0	.9998671	0	1.329337E-04	0
1266.15	0	.9992923	0	7.07684E-04	0
1265.15	0	.9987188	0	.00128118	0
1264.15	0	.9981466	0	.001853426	0
1263.15	0	.9975756	0	.002424425	0
1262.15	0	.9970058	0	.00299418	0
1261.15	0	.9964373	0	.003562694	0
1260.15	0	.99587	0	.004129971	0
1259.15	0	.995304	0	.004696014	0
1258.15	0	.9947392	0	.005260826	0
1257.15	0	.9941756	0	.005824411	0
1256.15	0	.9936132	0	.006386771	0
1255.15	0	.9930521	0	.006947911	0
1254.15	0	.9924922	0	.007507832	0
1253.15	0	.9919335	0	.008066539	0
1252.15	0	.991376	0	.008624034	0
1251.15	0	.9908197	0	.009180321	0
1250.15	0	.9902646	0	.009735403	0
1249.15	0	.9897107	0	.01028928	0
1248.15	0	.989158	0	.01084196	0
1247.15	0	.9886066	0	.01139345	0
1246.15	0	.9880563	0	.01194374	0
1245.15	0	.9875072	0	.01249284	0
1244.15	0	.9869592	0	.01304076	0
1243.15	0	.9864125	0	.01358749	0
1242.15	0	.985867	0	.01413304	0
1241.15	0	.9853226	0	.01467742	0
1240.15	0	.9847794	0	.01522061	0
1239.15	0	.9842374	0	.01576264	0
1238.15	0	.9836965	0	.0163035	0
1237.15	0	.9831568	0	.0168432	0
1236.15	0	.9826183	0	.01738173	0
1235.15	0	.9820809	0	.0179191	0
1234.15	0	.9815447	0	.01845531	0
1233.15	0	.9810096	0	.01899038	0
1232.15	0	.9804757	0	.01952428	0
1231.15	0	.979943	0	.02005705	0
1230.15	0	.9794113	0	.02058866	0
1229.15	0	.9788809	0	.02111914	0
1228.15	0	.9783515	0	.02164847	0
1227.15	0	.9778233	0	.02217667	0
1226.15	0	.9772963	0	.02270374	0
1225.15	0	.9767703	0	.02322967	0
1224.15	0	.9762455	0	.02375448	0
1223.15	0	.9757218	0	.02427816	0
1222.15	0	.9751993	0	.02480072	0
1221.15	0	.9746778	0	.02532215	0
1220.15	0	.9741575	0	.02584247	0
1219.15	0	.9736383	0	.02636168	0
1218.15	0	.9731202	0	.02687978	0
1217.15	0	.9726032	0	.02739676	0
1216.15	0	.9720874	0	.02791264	0
1215.15	0	.9715726	0	.02842742	0
1214.15	0	.9710589	0	.02894109	0
1213.15	0	.9705463	0	.02945367	0
1212.15	0	.9700349	0	.02996515	0
1211.15	0	.9695245	0	.03047554	0
1210.15	0	.9690152	0	.03098484	0
1209.15	0	.968507	0	.03149305	0
1208.15	0	.9679998	0	.03200018	0
1207.15	0	.9674938	0	.03250622	0
1206.15	0	.9669888	0	.03301118	0
1205.15	0	.9664849	0	.03351507	0
1204.15	0	.9659821	0	.03401788	0
1203.15	0	.9654804	0	.03451962	0
1202.15	0	.9649797	0	.03502029	0
1201.15	0	.9644801	0	.0355199	0
1200.15	0	.9639816	0	.03601844	0
1199.15	0	.9634841	0	.03651591	0
1198.15	0	.9629877	0	.03701233	0
1197.15	0	.9624923	0	.03750769	0
1196.15	0	.961998	0	.03800199	0
1195.15	0	.9615048	0	.03849525	0
1194.15	0	.9610126	0	.03898745	0
1193.15	0	.9605214	0	.03947861	0
1192.15	0	.9600313	0	.03996872	0
1191.15	0	.9595422	0	.04045779	0
1190.15	0	.9590542	0	.04094582	0
1189.15	0	.9585672	0	.04143281	0
1188.15	0	.9580812	0	.04191877	0
1187.15	0	.9575963	0	.04240369	0
1186.15	0	.9571124	0	.04288758	0
1185.15	0	.9566296	0	.04337045	0
1184.15	0	.9561477	0	.04385229	0
1183.15	0	.9556669	0	.0443331	0
1182.15	0	.9551871	0	.0448129	0
1181.15	0	.9547083	0	.04529167	0
1180.15	0	.9542306	0	.04576943	0
1179.15	0	.9537538	0	.04624618	0
1178.15	0	.9532781	0	.04672191	0
1177.15	0	.9528034	0	.04719664	0
1176.15	0	.9523297	0	.04767035	0
1175.15	0	.9518569	0	.04814306	0
1174.15	0	.9513852	0	.04861477	0
1173.15	0	.9509145	0	.04908548	0
1172.15	0	.9504448	0	.04955519	0
1171.15	0	.9499761	0	.0500239	0
1170.15	0	.9495084	0	.05049162	0
1169.15	0	.9490417	0	.05095835	0
1168.15	0	.9485759	0	.05142408	0
1167.15	0	.9481112	0	.05188883	0
1166.15	0	.9476474	0	.0523526	0
1165.15	0	.9471846	0	.05281538	0
1164.15	0	.9467228	0	.05327718	0
1163.15	0	.946262	0	.053738	0
1162.15	0	.9458022	0	.05419784	0
1161.15	0	.9453433	0	.05465671	0
1160.15	0	.9448854	0	.05511461	0
1159.15	0	.9444285	0	.05557154	0
1158.15	0	.9439725	0	.05602749	0
1157.15	0	.9435175	0	.05648249	0
1156.15	0	.9430635	0	.05693651	0
1155.15	0	.9426104	0	.05738958	0
1154.15	0	.9421583	0	.05784171	0
1153.15	0	.9417072	0	.05829285	0
1152.15	0	.941257	0	.05874304	0
1151.15	0	.9408077	0	.05919228	0
1150.15	0	.9403594	0	.05964056	0
1149.15	0	.9399121	0	.0600879	0
1148.15	0	.9394657	0	.06053429	0
1147.15	0	.9390203	0	.06097973	0
1146.15	0	.9385758	0	.06142422	0
1145.15	0	.9381322	0	.06186778	0
1144.15	0	.9376896	0	.06231039	0
1143.15	0	.9372479	0	.06275207	0
1142.15	0	.9368072	0	.06319281	0
1141.15	0	.9363674	0	.06363261	0
1140.15	0	.9359285	0	.06407149	0
1139.15	0	.9354906	0	.06450943	0
1138.15	0	.9350536	0	.06494644	0
1137.15	0	.9346175	0	.06538253	0
1136.15	0	.9341823	0	.0658177	0
1135.15	0	.9337481	0	.06625194	0
1134.15	0	.9333147	0	.06668526	0
1133.15	0	.9328823	0	.06711766	0
1132.15	0	.9324509	0	.06754914	0
1131.15	0	.9320203	0	.06797971	0
1130.15	0	.9315906	0	.06840936	0
1129.15	0	.9311619	0	.06883811	0
1128.15	0	.9307341	0	.06926594	0
1127.15	0	.9303071	0	.06969287	0
1126.15	0	.9298811	0	.07011889	0
1125.15	0	.929456	0	.070544	0
1124.15	0	.9290318	0	.07096821	0
1123.15	0	.9286085	0	.07139152	0
1122.15	0	.9281861	0	.07181394	0
1121.15	0	.9277646	0	.07223545	0
1120.15	0	.9273439	0	.07265607	0
1119.15	0	.9269242	0	.0730758	0
1118.15	0	.9265054	0	.07349463	0
1117.15	0	.9260874	0	.07391258	0
1116.15	0	.9256704	0	.07432963	0
1115.15	0	.9252542	0	.0747458	0
1114.15	0	.9248389	0	.07516108	0
1113.15	0	.9244245	0	.07557548	0
1112.15	0	.924011	0	.075989	0
1111.15	0	.9235984	0	.07640164	0
1110.15	0	.9231866	0	.0768134	0
1109.15	0	.9227757	0	.07722428	0
1108.15	0	.9223657	0	.07763429	0
1107.15	0	.9219566	0	.07804343	0
1106.15	0	.9215483	0	.07845169	0
1105.15	0	.9211409	0	.07885908	0
1104.15	0	.9207344	0	.07926561	0
1103.15	0	.9203287	0	.07967127	0
1102.15	0	.9199239	0	.08007606	0
1101.15	0	.91952	0	.08047999	0
1100.15	0	.9191169	0	.08088306	0
1099.15	0	.9187147	0	.08128526	0
1098.15	0	.9183134	0	.08168661	0
1097.15	0	.9179129	0	.08208711	0
1096.15	0	.9175133	0	.08248674	0
1095.15	0	.9171145	0	.08288552	0
1094.15	0	.9167165	0	.08328345	0
1093.15	0	.9163195	0	.08368053	0
1092.15	0	.9159232	0	.08407676	0
1091.15	0	.9155279	0	.08447214	0
1090.15	0	.9151333	0	.08486668	0
1089.15	0	.9147396	0	.08526037	0
1088.15	0	.9143468	0	.08565322	0
1087.15	0	.9139548	0	.08604522	0
1086.15	0	.9135636	0	.08643639	0
1085.15	0	.9131733	0	.08682671	0
1084.15	0	.9127838	0	.0872162	0
1083.15	0	.9123951	0	.08760486	0
1082.15	0	.9120073	0	.08799268	0
1081.15	0	.9116203	0	.08837966	0
1080.15	0	.9112342	0	.08876582	0
1079.15	0	.9108489	0	.08915114	0
1078.15	0	.9104644	0	.08953564	0
1077.15	0	.9100807	0	.08991931	0
1076.15	0	.9096979	0	.09030216	0
1075.15	0	.9093158	0	.09068418	0
1074.15	0	.9089346	0	.09106537	0
1073.15	0	.9085543	0	.09144575	0
1072.15	0	.9081747	0	.09182531	0
1071.15	0	.907796	0	.09220404	0
1070.15	0	.907418	0	.09258196	0
1069.15	0	.9070409	0	.09295907	0
1068.15	0	.9066646	0	.09333536	0
1067.15	0	.9062892	0	.09371083	0
1066.15	0	.9059145	0	.0940855	0
1065.15	0	.9055406	0	.09445936	0
1064.15	0	.9051676	0	.0948324	0
1063.15	0	.9047954	0	.09520464	0
1062.15	0	.9044239	0	.09557607	0
1061.15	0	.9040533	0	.0959467	0
1060.15	0	.9036835	0	.09631653	0
1059.15	0	.9033145	0	.09668555	0
1058.15	0	.9029462	0	.09705377	0
1057.15	0	.9025788	0	.09742119	0
1056.15	0	.9022122	0	.09778781	0
1055.15	0	.9018464	0	.09815364	0
1054.15	0	.9014813	0	.09851867	0
1053.15	0	.9011171	0	.0988829	0
1052.15	0	.9007537	0	.09924634	0
1051.15	0	.900391	0	.099609	0
1050.15	0	.9000291	0	.09997086	0
1049.15	0	.8996681	0	.1003319	0
1048.15	0	.8993078	0	.1006922	0
1047.15	0	.8989483	0	.1010517	0
1046.15	0	.8985896	0	.1014104	0
1045.15	0	.8982317	0	.1017683	0
1044.15	0	.8978745	0	.1021255	0
1043.15	0	.8975182	0	.1024818	0
1042.15	0	.8971626	0	.1028374	0
1041.15	0	.8968078	0	.1031922	0
1040.15	0	.8964538	0	.1035462	0
1039.15	0	.8961005	0	.1038995	0
1038.15	0	.8957481	0	.1042519	0
1037.15	0	.8953964	0	.1046036	0
1036.15	0	.8950455	0	.1049546	0
1035.15	0	.8946953	0	.1053047	0
1034.15	0	.8943459	0	.1056541	0
1033.15	0	.8939973	0	.1060027	0
1032.15	0	.8936495	0	.1063505	0
1031.15	0	.8933024	0	.1066976	0
1030.15	0	.8929561	0	.1070439	0
1029.15	0	.8926106	0	.1073894	0
1028.15	0	.8922658	0	.1077342	0
1027.15	0	.8919218	0	.1080782	0
1026.15	0	.8915786	0	.1084214	0
1025.15	0	.8912361	0	.1087639	0
1024.15	0	.8908944	0	.1091056	0
1023.15	0	.8905534	0	.1094466	0
1022.15	0	.8902132	0	.1097868	0
1021.15	0	.8898737	0	.1101263	0
1020.15	0	.889535	0	.110465	0
1019.15	0	.8891971	0	.1108029	0
1018.15	0	.8888599	0	.1111401	0
1017.15	0	.8885235	0	.1114765	0
1016.15	0	.8881878	0	.1118122	0
1015.15	0	.8878529	0	.1121471	0
1014.15	0	.8875187	0	.1124813	0
1013.15	0	.8871853	0	.1128147	0
1012.15	0	.8868526	0	.1131474	0
1011.15	0	.8865206	0	.1134794	0
1010.15	0	.8861894	0	.1138106	0
1009.15	0	.885859	0	.114141	0
1008.15	0	.8855293	0	.1144707	0
1007.15	0	.8852003	0	.1147997	0
1006.15	0	.8848721	0	.1151279	0
1005.15	0	.8845446	0	.1154554	0
1004.15	0	.8842178	0	.1157822	0
1003.15	0	.8838918	0	.1161082	0
1002.15	0	.8835666	0	.1164334	0
1001.15	0	.883242	0	.116758	0
1000.15	0	.8829182	0	.1170818	0
999.8164	0	.8828104	0	.1171896	0
999.8164	0	.8828104	0	.1171896	0
999.8164	0	.8828104	0	.1171896	0
999.15	0	.8821305	4.95949E-04	.1173735	0
998.15	0	.8811129	.001238422	.1176487	0
997.15	0	.8800982	.001978821	.117923	0
996.15	0	.8790864	.00271715	.1181964	0
995.15	0	.8780777	.00345341	.1184689	0
994.15	0	.8770718	.004187605	.1187406	0
993.15	0	.876069	.00491974	.1190113	0
992.15	0	.8750691	.005649816	.1192811	0
991.15	0	.8740722	.006377838	.11955	0
990.15	0	.8730782	.007103809	.119818	0
989.15	0	.8720872	.007827733	.1200851	0
988.15	0	.8710991	.008549613	.1203513	0
987.15	0	.870114	.009269455	.1206165	0
986.15	0	.8691318	.009987262	.1208809	0
985.15	0	.8681526	.01070304	.1211444	0
984.15	0	.8671763	.01141679	.1214069	0
983.15	0	.866203	.01212851	.1216685	0
982.15	0	.8652325	.01283822	.1219292	0
981.15	0	.864265	.01354592	.122189	0
980.15	0	.8633005	.01425161	.1224479	0
979.15	0	.8623388	.01495529	.1227059	0
978.15	0	.8613801	.01565698	.1229629	0
977.15	0	.8604243	.01635668	.123219	0
976.15	0	.8594714	.01705439	.1234742	0
975.15	0	.8585214	.01775012	.1237285	0
974.15	0	.8575743	.01844387	.1239818	0
973.15	0	.8566301	.01913566	.1242342	0
972.15	0	.8556889	.01982548	.1244857	0
971.15	0	.8547505	.02051334	.1247362	0
970.15	0	.853815	.02119926	.1249858	0
969.15	0	.8528824	.02188323	.1252344	0
968.15	0	.8519526	.02256527	.1254821	0
967.15	0	.8510258	.02324538	.1257288	0
966.15	0	.8501018	.02392356	.1259746	0
965.15	0	.8491807	.02459984	.1262195	0
964.15	0	.8482624	.0252742	.1264634	0
963.15	0	.847347	.02594668	.1267063	0
962.15	0	.8464345	.02661726	.1269483	0
961.15	0	.8455248	.02728596	.1271893	0
960.15	0	.8446179	.02795279	.1274293	0
959.15	0	.8437138	.02861776	.1276684	0
958.15	0	.8428126	.02928088	.1279065	0
957.15	0	.8419142	.02994215	.1281436	0
956.15	0	.8410186	.03060159	.1283798	0
955.15	0	.8401259	.03125921	.1286149	0
954.15	0	.8392359	.03191502	.1288491	0
953.15	0	.8383487	.03256903	.1290823	0
952.15	0	.8374643	.03322124	.1293145	0
951.15	0	.8365827	.03387168	.1295457	0
950.15	0	.8357038	.03452036	.1297758	0
949.15	0	.8348277	.03516728	.130005	0
948.15	0	.8339543	.03581247	.1302332	0
947.15	0	.8330837	.03645593	.1304604	0
946.15	0	.8322159	.03709767	.1306865	0
945.15	0	.8313507	.03773771	.1309116	0
944.15	0	.8304882	.03837607	.1311357	0
943.15	0	.8296285	.03901276	.1313587	0
942.15	0	.8287715	.0396478	.1315807	0
941.15	0	.8279171	.0402812	.1318017	0
940.15	0	.8270654	.04091297	.1320217	0
939.15	0	.8262163	.04154314	.1322405	0
938.15	0	.8253699	.04217172	.1324584	0
937.15	0	.8245262	.04279873	.1326751	0
936.15	0	.823685	.04342419	.1328908	0
935.15	0	.8228465	.04404811	.1331054	0
934.15	0	.8220105	.04467052	.1333189	0
933.15	0	.8211772	.04529143	.1335314	0
932.15	0	.8203464	.04591087	.1337427	0
931.15	0	.8195181	.04652886	.133953	0
930.15	0	.8186924	.04714542	.1341622	0
929.15	0	.8178692	.04776056	.1343702	0
928.15	0	.8170485	.04837432	.1345772	0
927.15	0	.8162303	.04898672	.134783	0
926.15	0	.8154146	.04959778	.1349876	0
925.15	0	.8146013	.05020753	.1351912	0
924.15	0	.8137904	.050816	.1353936	0
923.15	0	.812982	.0514232	.1355949	0
922.15	0	.8121759	.05202917	.1357949	0
921.15	0	.8113722	.05263394	.1359939	0
920.15	0	.8105709	.05323753	.1361916	0
919.15	0	.8097718	.05383997	.1363882	0
918.15	0	.8089751	.0544413	.1365836	0
917.15	0	.8081807	.05504155	.1367778	0
916.15	0	.8073885	.05564075	.1369707	0
915.15	0	.8065986	.05623893	.1371625	0
914.15	0	.8058108	.05683613	.137353	0
913.15	0	.8050253	.05743239	.1375423	0
912.15	0	.8042419	.05802773	.1377304	0
911.15	0	.8034606	.0586222	.1379172	0
910.15	0	.8026814	.05921584	.1381028	0
909.15	0	.8019043	.05980869	.1382871	0
908.15	0	.8011292	.06040078	.1384701	0
907.15	0	.8003561	.06099216	.1386518	0
906.15	0	.799585	.06158288	.1388322	0
905.15	0	.7988158	.06217298	.1390112	0
904.15	0	.7980485	.0627625	.139189	0
903.15	0	.7972831	.0633515	.1393654	0
902.15	0	.7965195	.06394002	.1395405	0
901.15	0	.7957577	.06452811	.1397142	0
900.15	0	.7949976	.06511583	.1398866	0
899.15	0	.7942392	.06570322	.1400576	0
898.15	0	.7934825	.06629035	.1402271	0
897.15	0	.7927275	.06687727	.1403953	0
896.15	0	.7919739	.06746404	.140562	0
895.15	0	.791222	.06805072	.1407273	0
894.15	0	.7904715	.06863737	.1408912	0
893.15	0	.7897224	.06922406	.1410535	0
892.15	0	.7889747	.06981085	.1412144	0
891.15	0	.7882284	.07039782	.1413738	0
890.15	0	.7874833	.07098502	.1415317	0
889.15	0	.7867394	.07157254	.1416881	0
888.15	0	.7859967	.07216045	.1418429	0
887.15	0	.785255	.07274882	.1419961	0
886.15	0	.7845145	.07333774	.1421478	0
885.15	0	.7837748	.07392729	.1422979	0
884.15	0	.7830361	.07451755	.1424463	0
883.15	0	.7822982	.07510861	.1425932	0
882.15	0	.7815611	.07570056	.1427383	0
881.15	0	.7808247	.0762935	.1428818	0
880.15	0	.7800889	.07688752	.1430236	0
879.15	0	.7793536	.07748272	.1431637	0
878.15	0	.7786187	.0780792	.1433021	0
877.15	0	.7778843	.07867708	.1434387	0
876.15	0	.7771501	.07927645	.1435735	0
875.15	0	.7764161	.07987744	.1437064	0
874.15	0	.7756822	.08048016	.1438376	0
873.15	0	.7749484	.08108474	.1439669	0
872.15	0	.7742144	.0816913	.1440943	0
871.15	0	.7734802	.08229997	.1442198	0
870.15	0	.7727457	.08291089	.1443434	0
869.15	0	.7720108	.0835242	.144465	0
868.15	0	.7712754	.08414005	.1445846	0
867.15	0	.7705393	.08475858	.1447022	0
866.15	0	.7698024	.08537996	.1448177	0
865.15	0	.7690646	.08600435	.1449311	0
864.15	0	.7683257	.08663191	.1450424	0
863.15	0	.7675857	.08726283	.1451515	0
862.15	0	.7668443	.08789729	.1452584	0
861.15	0	.7661015	.08853548	.1453631	0
860.15	0	.765357	.08917759	.1454654	0
859.15	0	.7646107	.08982385	.1455655	0
858.15	0	.7638624	.09047446	.1456632	0
857.15	0	.7631119	.09112965	.1457585	0
856.15	0	.7623591	.09178966	.1458512	0
855.15	0	.7616037	.09245473	.1459416	0
854.15	0	.7608456	.09312513	.1460293	0
853.15	0	.7600845	.09380112	.1461144	0
852.15	0	.7593202	.09448299	.1461968	0
851.15	0	.7585525	.09517103	.1462765	0
850.15	0	.757781	.09586556	.1463534	0
849.15	0	.7570056	.09656691	.1464274	0
848.15	0	.756226	.09727542	.1464986	0
847.15	0	.7554419	.09799146	.1465666	0
846.15	0	.754653	.09871541	.1466316	0
845.15	0	.7538589	.09944767	.1466935	0
844.15	0	.7530593	.1001887	.1467521	0
843.15	0	.7522538	.1009389	.1468073	0
842.15	0	.7514421	.1016988	.1468591	0
841.15	0	.7506238	.1024688	.1469074	0
840.15	0	.7497984	.1032496	.146952	0
839.15	0	.7489654	.1040417	.1469929	0
838.15	0	.7481244	.1048457	.1470298	0
837.15	0	.7472749	.1056623	.1470628	0
836.15	0	.7464162	.1064922	.1470916	0
835.15	0	.7455478	.1073361	.1471161	0
834.15	0	.7446691	.1081948	.1471361	0
833.15	0	.7437792	.1090693	.1471515	0
832.15	0	.7428776	.1099604	.147162	0
831.15	0	.7419633	.1108692	.1471675	0
830.15	0	.7410257	.1118079	.1471664	0
829.15	0	.7394953	.1134305	.1470741	0
828.15	0	.7380256	.1149897	.1469847	0
827.15	0	.7366131	.1164889	.1468979	0
826.15	0	.7352546	.1179318	.1468137	0
825.15	0	.7339469	.1193213	.1467318	0
824.15	0	.7326873	.1206605	.1466522	0
823.15	0	.7314732	.121952	.1465748	0
822.15	0	.7303022	.1231983	.1464995	0
821.15	0	.7291719	.1244019	.1464262	0
820.15	0	.7280804	.125565	.1463547	0
819.15	0	.7270255	.1266896	.1462849	0
818.15	0	.7260055	.1277776	.1462169	0
817.15	0	.7250186	.1288309	.1461505	0
816.15	0	.7240633	.1298511	.1460855	0
815.15	0	.723138	.1308399	.1460221	0
814.15	0	.7222413	.1317987	.14596	0
813.15	0	.7213718	.132729	.1458992	0
812.15	0	.7205284	.133632	.1458397	0
811.15	0	.7197098	.134509	.1457813	0
810.15	0	.7189149	.1353611	.145724	0
809.15	0	.7181426	.1361895	.1456679	0
808.15	0	.7173921	.1369952	.1456127	0
807.15	0	.7166622	.1377792	.1455585	0
806.15	0	.7159523	.1385424	.1455053	0
805.15	0	.7152614	.1392858	.1454529	0
804.15	0	.7145887	.14001	.1454013	0
803.15	0	.7139335	.140716	.1453506	0
802.15	0	.713295	.1414044	.1453006	0
801.15	0	.7126727	.142076	.1452513	0
800.15	0	.7120659	.1427315	.1452027	0
799.15	0	.7114739	.1433714	.1451547	0
798.15	0	.7108962	.1439965	.1451074	0
797.15	0	.7103322	.1446072	.1450606	0
796.15	0	.7097815	.1452041	.1450144	0
795.15	0	.7092435	.1457878	.1449688	0
794.15	0	.7087177	.1463587	.1449236	0
793.15	0	.7082037	.1469173	.1448789	0
792.15	0	.7077011	.1474641	.1448347	0
791.15	0	.7072095	.1479995	.144791	0
790.15	0	.7067284	.148524	.1447476	0
789.15	0	.7062576	.1490378	.1447047	0
788.15	0	.7057965	.1495414	.1446621	0
787.15	0	.705345	.1500351	.1446199	0
786.15	0	.7049026	.1505193	.144578	0
785.15	0	.7044691	.1509944	.1445365	0
784.15	0	.7040442	.1514606	.1444952	0
783.15	0	.7036275	.1519182	.1444543	0
782.15	0	.7032189	.1523675	.1444137	0
781.15	0	.702818	.1528088	.1443733	0
780.15	0	.7024245	.1532424	.1443331	0
779.15	0	.7020384	.1536684	.1442932	0
778.15	0	.7016592	.1540873	.1442536	0
777.15	0	.7012869	.1544991	.1442141	0
776.15	0	.7009211	.1549041	.1441748	0
775.15	0	.7005617	.1553025	.1441358	0
774.15	0	.7002085	.1556946	.1440969	0
773.15	0	.6998613	.1560805	.1440582	0
772.15	0	.6995199	.1564604	.1440197	0
771.15	0	.6991841	.1568346	.1439813	0
770.15	0	.6988538	.1572031	.1439431	0
769.15	0	.6985289	.1575661	.143905	0
768.15	0	.6982091	.1579239	.143867	0
767.15	0	.6978943	.1582766	.1438292	0
766.15	0	.6975843	.1586242	.1437915	0
765.15	0	.6972791	.158967	.1437539	0
764.15	0	.6969785	.1593052	.1437164	0
763.15	0	.6966839	.1596375	.1436786	0
762.15	0	.696392	.1599667	.1436413	0
761.15	0	.6961043	.1602917	.1436041	0
760.15	0	.6958207	.1606124	.1435669	0
759.15	0	.6955411	.1609291	.1435299	0
758.15	0	.6952654	.1612417	.1434929	0
757.15	0	.6949934	.1615506	.143456	0
756.15	0	.6947252	.1618557	.1434191	0
755.15	0	.6944606	.1621571	.1433823	0
754.15	0	.6941995	.162455	.1433455	0
753.15	0	.6939417	.1627495	.1433088	0
752.15	0	.6936873	.1630405	.1432721	0
751.15	0	.6934362	.1633283	.1432355	0
750.15	0	.6931882	.1636129	.1431989	0
749.15	0	.6929433	.1638944	.1431623	0
748.15	0	.6927013	.1641729	.1431258	0
747.15	0	.6924624	.1644484	.1430892	0
746.15	0	.6922262	.1647211	.1430527	0
745.15	0	.6919929	.1649909	.1430163	0
744.15	0	.6917623	.165258	.1429798	0
743.15	0	.6915343	.1655224	.1429433	0
742.15	0	.6913089	.1657842	.1429069	0
741.15	0	.6910861	.1660435	.1428704	0
740.15	0	.6908657	.1663003	.142834	0
739.15	0	.6906478	.1665547	.1427976	0
738.15	0	.6904322	.1668067	.1427611	0
737.15	0	.6902189	.1670564	.1427247	0
736.15	0	.6900079	.1673038	.1426883	0
735.15	0	.6897991	.1675491	.1426518	0
734.15	0	.6895924	.1677922	.1426154	0
733.15	0	.6893879	.1680331	.142579	0
732.15	0	.6891854	.1682721	.1425425	0
731.15	0	.688985	.168509	.142506	0
730.15	0	.6887865	.168744	.1424695	0
729.15	0	.68859	.168977	.142433	0
728.15	0	.6883953	.1692082	.1423965	0
727.15	0	.6882025	.1694375	.14236	0
726.15	0	.6880116	.169665	.1423234	0
725.15	0	.6878224	.1698907	.1422869	0
724.15	0	.6876349	.1701148	.1422503	0
723.15	0	.6874492	.1703371	.1422137	0
722.15	0	.6872651	.1705578	.1421771	0
721.15	0	.6870827	.1707769	.1421404	0
720.15	0	.6869019	.1709943	.1421038	0
719.15	0	.6867227	.1712103	.1420671	0
718.15	0	.686545	.1714247	.1420303	0
717.15	0	.6863688	.1716376	.1419936	0
716.15	0	.6861942	.171849	.1419568	0
715.15	0	.6860209	.1720591	.14192	0
714.15	0	.6858492	.1722676	.1418832	0
713.15	0	.6856788	.1724749	.1418463	0
712.15	0	.6855098	.1726808	.1418095	0
711.15	0	.6853422	.1728853	.1417725	0
710.15	0	.6851759	.1730886	.1417356	0
709.15	0	.6850109	.1732905	.1416986	0
708.15	0	.6848472	.1734912	.1416616	0
707.15	0	.6846847	.1736907	.1416246	0
706.15	0	.6845235	.173889	.1415875	0
705.15	0	.6843635	.1740861	.1415504	0
704.15	0	.6842047	.174282	.1415133	0
703.15	0	.6840471	.1744768	.1414762	0
702.15	0	.6838906	.1746704	.141439	0
701.15	0	.6837353	.1748629	.1414018	0
700.15	0	.6835811	.1750544	.1413645	0
699.15	0	.683428	.1752448	.1413272	0
698.15	0	.683276	.1754341	.1412899	0
697.15	0	.6831251	.1756224	.1412526	0
696.15	0	.6829752	.1758097	.1412152	0
695.15	0	.6828263	.1759959	.1411778	0
694.15	0	.6826784	.1761812	.1411403	0
693.15	0	.6825316	.1763655	.1411029	0
692.15	0	.6823857	.1765489	.1410654	0
691.15	0	.6822408	.1767314	.1410279	0
690.15	0	.6820969	.1769129	.1409903	0
689.15	0	.6819539	.1770935	.1409527	0
688.15	0	.6818118	.1772732	.1409151	0
687.15	0	.6816706	.177452	.1408774	0
686.15	0	.6815303	.1776299	.1408397	0
685.15	0	.681391	.177807	.140802	0
684.15	0	.6812525	.1779833	.1407643	0
683.15	0	.6811148	.1781587	.1407265	0
682.15	0	.680978	.1783333	.1406887	0
681.15	0	.6808421	.1785071	.1406508	0
680.15	0	.6807069	.1786801	.140613	0
679.15	0	.6805726	.1788524	.1405751	0
678.15	0	.6804391	.1790238	.1405371	0
677.15	0	.6803064	.1791945	.1404992	0
676.15	0	.6801744	.1793644	.1404612	0
675.15	0	.6800432	.1795336	.1404232	0
674.15	0	.6799128	.179702	.1403852	0
673.15	0	.6797832	.1798697	.1403471	0
672.15	0	.6796542	.1800368	.140309	0
671.15	0	.6795261	.1802031	.1402709	0
670.15	0	.6793986	.1803687	.1402327	0
669.15	0	.6792718	.1805336	.1401946	0
668.15	0	.6791458	.1806978	.1401564	0
667.15	0	.6790204	.1808614	.1401182	0
666.15	0	.6788958	.1810243	.1400799	0
665.15	0	.6787718	.1811865	.1400417	0
664.15	0	.6786485	.1813481	.1400034	0
663.15	0	.6785258	.1815091	.1399651	0
662.15	0	.6784038	.1816694	.1399268	0
661.15	0	.6782825	.1818291	.1398884	0
660.15	0	.6781618	.1819882	.13985	0
659.15	0	.6780417	.1821467	.1398116	0
658.15	0	.6779223	.1823045	.1397732	0
657.15	0	.6778035	.1824618	.1397348	0
656.15	0	.6776852	.1826185	.1396963	0
655.15	0	.6775676	.1827745	.1396579	0
654.15	0	.6774506	.18293	.1396194	0
653.15	0	.6773342	.183085	.1395809	0
652.15	0	.6772184	.1832393	.1395423	0
651.15	0	.6771031	.1833931	.1395038	0
650.15	0	.6769884	.1835463	.1394652	0
649.15	0	.6768743	.183699	.1394267	0
648.15	0	.6767608	.1838512	.1393881	0
647.15	0	.6766478	.1840028	.1393495	0
646.15	0	.6765353	.1841538	.1393108	0
645.15	0	.6764235	.1843043	.1392722	0
644.15	0	.6763121	.1844543	.1392336	0
643.15	0	.6762013	.1846038	.1391949	0
642.15	0	.676091	.1847528	.1391563	0
641.15	0	.6759812	.1849012	.1391176	0
640.15	0	.675872	.1850491	.1390789	0
639.15	0	.6757633	.1851966	.1390402	0
638.15	0	.675655	.1853435	.1390015	0
637.15	0	.6755473	.1854899	.1389628	0
636.15	0	.6754401	.1856358	.1389241	0
635.15	0	.6753334	.1857813	.1388853	0
634.15	0	.6752272	.1859262	.1388466	0
633.15	0	.6751214	.1860707	.1388079	0
632.15	0	.6750162	.1862147	.1387691	0
631.15	0	.6749114	.1863582	.1387304	0
630.15	0	.6748071	.1865013	.1386916	0
629.15	0	.6747033	.1866439	.1386529	0
628.15	0	.6745999	.186786	.1386141	0
627.15	0	.674497	.1869277	.1385753	0
626.15	0	.6743946	.1870689	.1385366	0
625.15	0	.6742926	.1872096	.1384978	0
624.15	0	.6741911	.1873499	.1384591	0
623.15	0	.67409	.1874898	.1384203	0
622.15	0	.6739893	.1876292	.1383815	0
621.15	0	.6738891	.1877681	.1383428	0
620.15	0	.6737894	.1879066	.138304	0
619.15	0	.6736901	.1880447	.1382653	0
618.15	0	.6735912	.1881823	.1382265	0
617.15	0	.6734927	.1883195	.1381878	0
616.15	0	.6733947	.1884563	.138149	0
615.15	0	.673297	.1885927	.1381103	0
614.15	0	.6731999	.1887286	.1380716	0
613.15	0	.6731031	.1888641	.1380329	0
612.15	0	.6730067	.1889992	.1379942	0
611.15	0	.6729108	.1891338	.1379555	0
610.15	0	.6728152	.1892681	.1379168	0
609.15	0	.6727201	.1894019	.1378781	0
608.15	0	.6726253	.1895353	.1378394	0
607.15	0	.672531	.1896683	.1378007	0
606.15	0	.672437	.1898009	.1377621	0
605.15	0	.6723435	.1899331	.1377235	0
604.15	0	.6722503	.1900648	.1376848	0
603.15	0	.6721576	.1901962	.1376462	0
602.15	0	.6720652	.1903272	.1376077	0
601.15	0	.6719732	.1904577	.1375691	0
600.15	0	.6718816	.1905879	.1375305	0
599.15	0	.6717903	.1907177	.137492	0
598.15	0	.6716995	.1908471	.1374535	0
597.15	0	.671609	.1909761	.137415	0
596.15	0	.6715189	.1911046	.1373765	0
595.15	0	.6714291	.1912329	.137338	0
594.15	0	.6713398	.1913607	.1372996	0
593.15	0	.6712508	.1914881	.1372612	0
592.15	0	.6711621	.1916151	.1372228	0
591.15	0	.6710738	.1917418	.1371844	0
590.15	0	.6709859	.191868	.137146	0
589.15	0	.6708984	.1919939	.1371077	0
588.15	0	.6708112	.1921194	.1370694	0
587.15	0	.6707243	.1922446	.1370311	0
586.15	0	.6706378	.1923693	.1369929	0
585.15	0	.6705517	.1924937	.1369546	0
584.15	0	.6704659	.1926176	.1369164	0
583.15	0	.6703805	.1927413	.1368783	0
582.15	0	.6702954	.1928645	.1368401	0
581.15	0	.6702106	.1929873	.136802	0
580.15	0	.6701262	.1931098	.136764	0
579.15	0	.6700422	.1932319	.1367259	0
578.15	0	.6699584	.1933537	.1366879	0
577.15	0	.669875	.1934751	.1366499	0
576.15	0	.669792	.1935961	.136612	0
575.15	0	.6697093	.1937167	.1365741	0
574.15	0	.6696269	.1938369	.1365362	0
573.15	0	.6695448	.1939568	.1364983	0
572.15	0	.6694631	.1940764	.1364605	0
571.15	0	.6693817	.1941955	.1364228	0
570.15	0	.6693007	.1943143	.136385	0
569.15	0	.6692199	.1944328	.1363473	0
568.15	0	.6691395	.1945508	.1363097	0
567.15	0	.6690594	.1946685	.1362721	0
566.15	0	.6689796	.1947859	.1362345	0
565.15	0	.6689002	.1949028	.136197	0
564.15	0	.6688211	.1950195	.1361595	0
563.15	0	.6687423	.1951357	.136122	0
562.15	0	.6686638	.1952516	.1360846	0
561.15	0	.6685856	.1953671	.1360473	0
560.15	0	.6685077	.1954823	.13601	0
559.15	0	.6684302	.1955971	.1359727	0
558.15	0	.6683529	.1957116	.1359355	0
557.15	0	.668276	.1958257	.1358983	0
556.15	0	.6681994	.1959394	.1358612	0
555.15	0	.6681231	.1960528	.1358241	0
554.15	0	.6680471	.1961658	.1357871	0
553.15	0	.6679714	.1962785	.1357501	0
552.15	0	.667896	.1963908	.1357132	0
551.15	0	.6678209	.1965028	.1356763	0
550.15	0	.6677462	.1966144	.1356395	0
549.15	0	.6676717	.1967256	.1356027	0
548.15	0	.6675975	.1968365	.135566	0
547.15	0	.6675236	.196947	.1355294	0
546.15	0	.6674501	.1970572	.1354928	0
545.15	0	.6673768	.197167	.1354562	0
544.15	0	.6673038	.1972765	.1354197	0
543.15	0	.6672311	.1973856	.1353833	0
542.15	0	.6671588	.1974944	.1353469	0
541.15	0	.6670867	.1976028	.1353106	0
540.15	0	.6670149	.1977108	.1352743	0
539.15	0	.6669434	.1978185	.1352381	0
538.15	0	.6668722	.1979259	.135202	0
537.15	0	.6668013	.1980329	.1351659	0
536.15	0	.6667306	.1981395	.1351299	0
535.15	0	.6666603	.1982458	.1350939	0
534.15	0	.6665903	.1983517	.135058	0
533.15	0	.6665205	.1984573	.1350222	0
532.15	0	.666451	.1985625	.1349865	0
531.15	0	.6663819	.1986674	.1349508	0
530.15	0	.666313	.1987719	.1349151	0
529.15	0	.6662444	.1988761	.1348796	0
528.15	0	.666176	.1989799	.1348441	0
527.15	0	.666108	.1990833	.1348086	0
526.15	0	.6660403	.1991865	.1347733	0
525.15	0	.6659728	.1992892	.134738	0
524.15	0	.6659056	.1993916	.1347028	0
523.15	0	.6658387	.1994937	.1346676	0
522.15	0	.6657721	.1995954	.1346326	0
521.15	0	.6657057	.1996967	.1345976	0
520.15	0	.6656397	.1997977	.1345626	0
519.15	0	.6655739	.1998984	.1345278	0
518.15	0	.6655084	.1999987	.134493	0
517.15	0	.6654431	.2000986	.1344583	0
516.15	0	.6653782	.2001982	.1344236	0
515.15	0	.6653135	.2002974	.1343891	0
514.15	0	.6652491	.2003963	.1343546	0
513.15	0	.665185	.2004948	.1343202	0
512.15	0	.6651212	.200593	.1342858	0
511.15	0	.6650577	.2006908	.1342515	0
510.15	0	.6649944	.2007883	.1342174	0
509.15	0	.6649313	.2008854	.1341833	0
508.15	0	.6648686	.2009822	.1341493	0
507.15	0	.6648061	.2010786	.1341154	0
506.15	0	.6647439	.2011746	.1340815	0
505.15	0	.6646819	.2012703	.1340478	0
504.15	0	.6646203	.2013657	.1340141	0
503.15	0	.6645589	.2014607	.1339805	0
502.15	0	.6644977	.2015553	.133947	0
501.15	0	.6644368	.2016496	.1339136	0
500.15	0	.6643763	.2017435	.1338802	0
499.15	0	.6643159	.2018371	.133847	0
498.15	0	.6642559	.2019303	.1338138	0
497.15	0	.6641961	.2020232	.1337808	0
496.15	0	.6641365	.2021157	.1337478	0
495.15	0	.6640773	.2022079	.1337149	0
494.15	0	.6640183	.2022997	.1336821	0
493.15	0	.6639596	.2023911	.1336494	0
492.15	0	.6639011	.2024822	.1336167	0
491.15	0	.6638429	.2025729	.1335842	0
490.15	0	.6637849	.2026633	.1335518	0
489.15	0	.6637273	.2027533	.1335194	0
488.15	0	.6636699	.202843	.1334872	0
487.15	0	.6636127	.2029323	.133455	0
486.15	0	.6635558	.2030213	.1334229	0
485.15	0	.6634992	.2031099	.133391	0
484.15	0	.6634428	.2031981	.1333591	0
483.15	0	.6633867	.203286	.1333273	0
482.15	0	.6633309	.2033735	.1332956	0
481.15	0	.6632753	.2034607	.1332641	0
480.15	0	.66322	.2035475	.1332326	0
479.15	0	.6631649	.2036339	.1332012	0
478.15	0	.6631101	.20372	.1331699	0
477.15	0	.6630555	.2038058	.1331387	0
476.15	0	.6630012	.2038912	.1331076	0
475.15	0	.6629472	.2039762	.1330766	0
474.15	0	.6628934	.2040608	.1330458	0
473.15	0	.6628399	.2041451	.133015	0
472.15	0	.6627866	.2042291	.1329843	0
471.15	0	.6627336	.2043127	.1329537	0
470.15	0	.6626808	.2043959	.1329233	0
469.15	0	.6626283	.2044788	.1328929	0
468.15	0	.6625761	.2045613	.1328626	0
467.15	0	.6625241	.2046434	.1328325	0
466.15	0	.6624724	.2047252	.1328024	0
465.15	0	.6624209	.2048066	.1327725	0
464.15	0	.6623696	.2048877	.1327427	0
463.15	0	.6623187	.2049684	.1327129	0
462.15	0	.6622679	.2050488	.1326833	0
461.15	0	.6622174	.2051287	.1326538	0
460.15	0	.6621672	.2052084	.1326244	0
459.15	0	.6621173	.2052876	.1325951	0
458.15	0	.6620675	.2053665	.132566	0
457.15	0	.6620181	.2054451	.1325369	0
456.15	0	.6619688	.2055232	.1325079	0
455.15	0	.6619199	.2056011	.1324791	0
454.15	0	.6618711	.2056785	.1324504	0
453.15	0	.6618227	.2057556	.1324217	0
452.15	0	.6617744	.2058323	.1323932	0
451.15	0	.6617265	.2059087	.1323648	0
450.15	0	.6616787	.2059847	.1323366	0
449.15	0	.6616313	.2060603	.1323084	0
448.15	0	.6615841	.2061355	.1322804	0
447.15	0	.6615372	.2062104	.1322525	0
446.15	0	.6614905	.2062848	.1322247	0
445.15	0	.6614441	.2063589	.132197	0
444.15	0	.6613979	.2064326	.1321695	0
443.15	0	.661352	.2065059	.1321421	0
442.15	0	.6613064	.2065788	.1321148	0
441.15	0	.661261	.2066513	.1320877	0
440.15	0	.661216	.2067234	.1320607	0
439.15	0	.6611712	.2067951	.1320338	0
438.15	0	.6611266	.2068663	.132007	0
437.15	0	.6610824	.2069372	.1319804	0
436.15	0	.6610384	.2070076	.131954	0
435.15	0	.6609947	.2070776	.1319276	0
434.15	0	.6609514	.2071472	.1319015	0
433.15	0	.6609082	.2072163	.1318754	0
432.15	0	.6608654	.207285	.1318495	0
431.15	0	.6608229	.2073533	.1318238	0
430.15	0	.6607807	.2074212	.1317982	0
429.15	0	.6607387	.2074886	.1317727	0
428.15	0	.6606971	.2075555	.1317474	0
427.15	0	.6606557	.2076221	.1317223	0
426.15	0	.6606146	.2076881	.1316972	0
425.15	0	.6605738	.2077538	.1316724	0
424.15	0	.6605334	.207819	.1316477	0
423.15	0	.6604932	.2078837	.1316231	0
422.15	0	.6604533	.207948	.1315988	0
421.15	0	.6604137	.2080118	.1315745	0
420.15	0	.6603744	.2080752	.1315504	0
419.15	0	.6603353	.2081382	.1315265	0
418.15	0	.6602966	.2082006	.1315027	0
417.15	0	.6602582	.2082627	.1314791	0
416.15	0	.6602201	.2083243	.1314557	0
415.15	0	.6601822	.2083854	.1314324	0
414.15	0	.6601447	.2084461	.1314092	0
413.15	0	.6601074	.2085063	.1313863	0
412.15	0	.6600705	.2085661	.1313634	0
411.15	0	.6600338	.2086254	.1313408	0
410.15	0	.6599974	.2086843	.1313183	0
409.15	0	.6599613	.2087428	.1312959	0
408.15	0	.6599255	.2088008	.1312737	0
407.15	0	.65989	.2088583	.1312517	0
406.15	0	.6598548	.2089154	.1312298	0
405.15	0	.6598198	.208972	.1312081	0
404.15	0	.6597852	.2090283	.1311866	0
403.15	0	.6597508	.209084	.1311652	0
402.15	0	.6597167	.2091394	.131144	0
401.15	0	.6596829	.2091942	.1311229	0
400.15	0	.6596493	.2092487	.131102	0
399.15	0	.6596161	.2093027	.1310813	0
398.15	0	.6595831	.2093563	.1310607	0
397.15	0	.6595503	.2094094	.1310402	0
396.15	0	.6595179	.2094621	.1310199	0
395.15	0	.6594857	.2095144	.1309998	0
394.15	0	.6594538	.2095663	.1309799	0
393.15	0	.6594222	.2096177	.1309601	0
392.15	0	.6593908	.2096687	.1309404	0
391.15	0	.6593597	.2097193	.1309209	0
390.15	0	.6593289	.2097695	.1309016	0
389.15	0	.6592983	.2098192	.1308824	0
388.15	0	.659268	.2098686	.1308634	0
387.15	0	.6592379	.2099175	.1308446	0
386.15	0	.6592081	.209966	.1308258	0
385.15	0	.6591786	.2100141	.1308073	0
384.7178	0	.6591659	.2100348	.1307993	0
384.7178	0	.6591659	.2100348	.1307993	0
384.7178	0	.6591659	.2100348	.1307993	0
384.15	0	.6592826	.2097423	.1306439	3.311964E-04
383.15	0	.6594881	.2092274	.1303705	9.140321E-04
382.15	0	.6596933	.2087129	.1300976	.001496218
381.15	0	.6598984	.2081987	.1298252	.00207776
380.15	0	.6601033	.2076848	.1295533	.002658662
379.15	0	.660308	.2071712	.1292819	.003238929
378.15	0	.6605125	.2066579	.129011	.003818568
377.15	0	.6607168	.2061449	.1287407	.004397581
376.15	0	.660921	.2056322	.1284708	.004975974
375.15	0	.661125	.2051198	.1282014	.005553753
374.15	0	.6613289	.2046077	.1279325	.00613092
373.15	0	.6615325	.2040958	.1276642	.006707482
372.15	0	.6617361	.2035843	.1273963	.007283442
371.15	0	.6619394	.2030729	.1271288	.007858806
370.15	0	.6621426	.2025619	.1268619	.008433577
369.15	0	.6623457	.2020511	.1265955	.00900776
368.15	0	.6625486	.2015405	.1263295	.00958136
367.15	0	.6627514	.2010302	.126064	.01015438
366.15	0	.662954	.2005202	.125799	.01072682
365.15	0	.6631565	.2000103	.1255345	.0112987
364.15	0	.6633589	.1995007	.1252704	.01187
363.15	0	.6635611	.1989914	.1250068	.01244075
362.15	0	.6637632	.1984822	.1247437	.01301093
361.15	0	.6639652	.1979732	.124481	.01358056
360.15	0	.6641671	.1974645	.1242188	.01414964
359.15	0	.6643688	.196956	.123957	.01471817
358.15	0	.6645704	.1964477	.1236957	.01528616
357.15	0	.6647719	.1959396	.1234349	.0158536
356.15	0	.6649733	.1954317	.1231745	.01642052
355.15	0	.6651746	.1949239	.1229146	.01698689
354.15	0	.6653757	.1944164	.1226552	.01755274
353.15	0	.6655768	.193909	.1223961	.01811807
352.15	0	.6657777	.1934019	.1221376	.01868287
351.15	0	.6659786	.1928949	.1218794	.01924715
350.15	0	.6661793	.192388	.1216218	.01981092
349.15	0	.6663799	.1918814	.1213645	.02037417
348.15	0	.6665805	.1913749	.1211077	.02093692
347.15	0	.6667809	.1908686	.1208513	.02149916
346.15	0	.6669813	.1903625	.1205954	.0220609
345.15	0	.6671815	.1898565	.1203399	.02262214
344.15	0	.6673817	.1893506	.1200848	.02318289
343.15	0	.6675817	.1888449	.1198302	.02374314
342.15	0	.6677817	.1883394	.119576	.0243029
341.15	0	.6679816	.187834	.1193222	.02486217
340.15	0	.6681814	.1873288	.1190689	.02542096
339.15	0	.6683811	.1868237	.1188159	.02597927
338.15	0	.6685808	.1863187	.1185634	.0265371
337.15	0	.6687803	.1858139	.1183113	.02709445
336.15	0	.6689798	.1853092	.1180597	.02765133
335.15	0	.6691792	.1848046	.1178084	.02820774
334.15	0	.6693785	.1843002	.1175576	.02876368
333.15	0	.6695777	.1837959	.1173072	.02931916
332.15	0	.6697769	.1832918	.1170572	.02987417
331.15	0	.669976	.1827877	.1168076	.03042873
330.15	0	.670175	.1822838	.1165584	.03098282
329.15	0	.6703739	.18178	.1163096	.03153646
328.15	0	.6705728	.1812763	.1160613	.03208965
327.15	0	.6707716	.1807727	.1158133	.03264239
326.15	0	.6709703	.1802693	.1155657	.03319468
325.15	0	.671169	.1797659	.1153186	.03374652
324.15	0	.6713676	.1792627	.1150718	.03429792
323.15	0	.6715661	.1787596	.1148255	.03484888
322.15	0	.6717645	.1782566	.1145795	.03539939
321.15	0	.6719629	.1777537	.114334	.03594947
320.15	0	.6721612	.1772508	.1140888	.03649912
319.15	0	.6723595	.1767481	.1138441	.03704833
318.15	0	.6725577	.1762455	.1135997	.03759711
317.15	0	.6727558	.1757431	.1133557	.03814546
316.15	0	.6729539	.1752406	.1131121	.03869338
315.15	0	.6731518	.1747384	.1128689	.03924087
314.15	0	.6733498	.1742361	.1126261	.03978794
313.15	0	.6735477	.173734	.1123837	.04033459
312.15	0	.6737455	.173232	.1121417	.04088082
311.15	0	.6739432	.1727301	.1119001	.04142663
310.15	0	.6741409	.1722283	.1116588	.04197202
309.15	0	.6743385	.1717265	.1114179	.042517
308.15	0	.6745361	.1712249	.1111775	.04306156
307.15	0	.6747336	.1707233	.1109374	.04360571
306.15	0	.6749311	.1702219	.1106976	.04414945
305.15	0	.6751284	.1697205	.1104583	.04469278
304.15	0	.6753258	.1692192	.1102193	.04523569
303.15	0	.6755231	.168718	.1099808	.04577821
302.15	0	.6757203	.1682169	.1097425	.04632032
